[name]
unknown

[dist]
# distance from previous block
# <min> <max>
0	6

[block]
# block no. 0 follows, 25 sequences, length 18
# corresponding to MSA columns:
# 6-23
name=unknown_A
#
# <colnr> <probs for GDERKNQSTAVLIFYWHMCP>
#	G	D	E	R	K	N	Q	S	T	A	V	L	I	F	Y	W	H	M	C	P
0	0.01513	0.00943	0.01314	0.01422	0.01650	0.00922	0.01236	0.01863	0.01836	0.10132	0.03982	0.08025	0.04162	0.02002	0.01037	0.00343	0.00708	0.55381	0.00743	0.00786
1	0.03234	0.01673	0.08522	0.01503	0.02159	0.01332	0.01345	0.09823	0.02304	0.55496	0.02773	0.02461	0.01766	0.00935	0.00775	0.00240	0.00728	0.00751	0.00878	0.01302
2	0.02924	0.01402	0.01657	0.01333	0.01827	0.06211	0.01075	0.05001	0.02215	0.47398	0.12656	0.03020	0.02659	0.01038	0.00778	0.00233	0.00656	0.00847	0.05910	0.01159
3	0.01219	0.00991	0.05060	0.02865	0.01491	0.00824	0.00993	0.01520	0.01786	0.05859	0.22002	0.33287	0.05133	0.01925	0.00951	0.00292	0.00535	0.11784	0.00737	0.00745
4	0.16762	0.40232	0.07563	0.01434	0.02075	0.06125	0.01370	0.12029	0.01881	0.02657	0.01226	0.01377	0.01014	0.00727	0.00564	0.00197	0.00841	0.00474	0.00431	0.01020
5	0.13386	0.01222	0.01437	0.01402	0.06435	0.01249	0.01001	0.11850	0.02237	0.06427	0.35820	0.04124	0.07833	0.01272	0.00809	0.00241	0.00536	0.01070	0.00747	0.00902
6	0.01098	0.00798	0.00906	0.00898	0.01122	0.00695	0.00661	0.01317	0.01811	0.05773	0.18328	0.16191	0.41338	0.04284	0.01021	0.00281	0.00422	0.01611	0.00750	0.00695
7	0.01097	0.00793	0.01036	0.00975	0.01158	0.00732	0.00732	0.01463	0.02195	0.03109	0.67505	0.05792	0.07316	0.01585	0.00914	0.00244	0.00366	0.01402	0.00854	0.00732
8	0.06552	0.25395	0.09498	0.07528	0.15737	0.12792	0.05950	0.04047	0.01769	0.02268	0.01278	0.01575	0.01055	0.00715	0.00660	0.00211	0.01001	0.00559	0.00377	0.01034
9	0.05002	0.02123	0.02480	0.09028	0.29712	0.17836	0.03138	0.07174	0.01928	0.02469	0.01630	0.06482	0.01446	0.01158	0.04805	0.00292	0.01072	0.00748	0.00442	0.01035
10	0.01185	0.00835	0.01030	0.01112	0.01216	0.00824	0.00763	0.07561	0.01671	0.02261	0.03776	0.55581	0.04385	0.09275	0.01247	0.00345	0.00517	0.01884	0.03846	0.00687
11	0.01501	0.00943	0.01320	0.06455	0.04356	0.00901	0.00982	0.01832	0.01999	0.12748	0.37224	0.16298	0.05309	0.01554	0.00895	0.00259	0.00509	0.03296	0.00785	0.00834
12	0.02428	0.01561	0.01848	0.01605	0.05794	0.01585	0.01211	0.23176	0.09363	0.17538	0.09027	0.02616	0.02217	0.00965	0.00750	0.00222	0.00667	0.00785	0.07811	0.08832
13	0.01029	0.00724	0.00881	0.00955	0.01010	0.00689	0.00611	0.01135	0.01424	0.01895	0.09328	0.34617	0.09065	0.30564	0.02165	0.00480	0.00559	0.01659	0.00631	0.00576
14	0.01318	0.00742	0.01128	0.07844	0.01445	0.00772	0.00823	0.01112	0.01110	0.01472	0.01644	0.09341	0.01696	0.02480	0.02605	0.62161	0.00686	0.00829	0.00376	0.00417
15	0.01557	0.01413	0.02270	0.39083	0.19473	0.01591	0.01907	0.04602	0.01787	0.02391	0.10568	0.02805	0.05461	0.00932	0.00799	0.00249	0.00876	0.00835	0.00460	0.00940
16	0.01203	0.01056	0.01426	0.03935	0.03802	0.00957	0.06725	0.01534	0.04027	0.02202	0.07127	0.09223	0.34274	0.08675	0.01169	0.00295	0.00587	0.01309	0.00615	0.09860
17	0.02014	0.01997	0.01960	0.04461	0.02241	0.16398	0.03772	0.07219	0.10525	0.02591	0.01717	0.04503	0.01435	0.00825	0.00755	0.00190	0.03391	0.00644	0.00512	0.32851

[dist]
# distance from previous block
# <min> <max>
0	2

[block]
# block no. 1 follows, 25 sequences, length 61
# corresponding to MSA columns:
# 26-39,46-92
name=unknown_B
#
# <colnr> <probs for GDERKNQSTAVLIFYWHMCP>
#	G	D	E	R	K	N	Q	S	T	A	V	L	I	F	Y	W	H	M	C	P
0	0.07442	0.01271	0.03461	0.01254	0.01704	0.01135	0.01026	0.06610	0.01985	0.35993	0.03227	0.09475	0.07851	0.05762	0.03976	0.00321	0.00691	0.00971	0.04796	0.01051
1	0.04974	0.05062	0.01264	0.01046	0.01311	0.01015	0.00805	0.03662	0.04794	0.06210	0.33805	0.12389	0.15711	0.03389	0.00939	0.00263	0.00468	0.01341	0.00760	0.00792
2	0.05521	0.01477	0.02468	0.55513	0.13577	0.01750	0.04704	0.02071	0.01579	0.02154	0.01381	0.02006	0.01056	0.00756	0.00765	0.00254	0.01007	0.00685	0.00359	0.00918
3	0.01573	0.01582	0.02941	0.21174	0.06658	0.01647	0.26474	0.02170	0.05151	0.02405	0.09765	0.05561	0.04978	0.00971	0.00922	0.00262	0.03374	0.00973	0.00480	0.00936
4	0.01824	0.01877	0.01779	0.05326	0.06153	0.20752	0.01291	0.04027	0.01690	0.02055	0.02128	0.06600	0.05702	0.07274	0.14019	0.00469	0.10910	0.00839	0.04469	0.00815
5	0.01113	0.00778	0.00956	0.01031	0.01092	0.00763	0.00677	0.03772	0.01471	0.01965	0.05344	0.39316	0.04132	0.29045	0.02105	0.00477	0.00589	0.04138	0.00631	0.00604
6	0.01723	0.01386	0.01699	0.01281	0.01835	0.01212	0.01030	0.02008	0.01558	0.06414	0.01429	0.01719	0.01187	0.00808	0.00980	0.03803	0.10547	0.00520	0.00467	0.58395
7	0.06092	0.00889	0.01197	0.06387	0.01441	0.00995	0.00861	0.01362	0.01181	0.01799	0.01551	0.02494	0.01465	0.07645	0.02388	0.42725	0.07451	0.00703	0.10853	0.00520
8	0.01259	0.00875	0.01040	0.01035	0.01234	0.00826	0.00767	0.03300	0.03972	0.06083	0.14813	0.16960	0.22762	0.12940	0.01403	0.00353	0.00526	0.08416	0.00719	0.00717
9	0.01113	0.00746	0.00850	0.00864	0.00868	0.00742	0.00490	0.01124	0.01156	0.01541	0.02589	0.10422	0.03003	0.67152	0.03711	0.00717	0.00728	0.01213	0.00490	0.00483
10	0.01110	0.00784	0.00976	0.01060	0.01135	0.00765	0.00706	0.04785	0.01563	0.02095	0.07030	0.49150	0.04489	0.18611	0.01659	0.00408	0.00539	0.01826	0.00672	0.00637
11	0.07490	0.00856	0.00992	0.00983	0.01163	0.00822	0.00693	0.01594	0.01595	0.09434	0.10642	0.24308	0.10095	0.16819	0.01497	0.00368	0.00525	0.01391	0.08025	0.00710
12	0.00944	0.00772	0.00828	0.00857	0.01075	0.00664	0.00631	0.01138	0.01726	0.02108	0.09437	0.16556	0.52462	0.04080	0.01020	0.00286	0.00420	0.03628	0.00718	0.00651
13	0.02744	0.02002	0.02138	0.01668	0.02236	0.02213	0.01369	0.55754	0.06867	0.04601	0.01998	0.02019	0.01441	0.00935	0.00753	0.00229	0.00792	0.00710	0.08275	0.01255
14	0.01127	0.00771	0.00922	0.00947	0.01088	0.00705	0.00651	0.01291	0.01624	0.05352	0.14426	0.26238	0.21352	0.18039	0.01618	0.00385	0.00501	0.01617	0.00695	0.00650
15	0.05006	0.01050	0.01229	0.01160	0.01415	0.01086	0.00875	0.02201	0.18719	0.04856	0.36798	0.14258	0.05260	0.01509	0.00868	0.00259	0.00461	0.01317	0.00803	0.00867
16	0.78228	0.01499	0.01140	0.01020	0.01499	0.01739	0.00840	0.02279	0.01320	0.03479	0.01080	0.01260	0.00840	0.00720	0.00480	0.00240	0.00600	0.00420	0.00480	0.00840
17	0.02947	0.02172	0.02327	0.01784	0.02404	0.02404	0.01474	0.65329	0.03646	0.04887	0.01862	0.01862	0.01319	0.00931	0.00776	0.00233	0.00853	0.00698	0.00776	0.01319
18	0.01104	0.00779	0.00917	0.00917	0.01073	0.00709	0.00638	0.01291	0.01695	0.04454	0.21103	0.17108	0.24368	0.18466	0.01632	0.00380	0.00488	0.01523	0.00704	0.00650
19	0.00950	0.00696	0.00894	0.01036	0.01117	0.00639	0.00704	0.01107	0.01564	0.02063	0.08599	0.59961	0.13184	0.02318	0.00976	0.00304	0.00437	0.02083	0.00728	0.00639
20	0.01979	0.01956	0.03089	0.04590	0.63903	0.05993	0.02326	0.02423	0.01792	0.02494	0.01443	0.01887	0.01214	0.00697	0.00763	0.00228	0.00950	0.00679	0.00385	0.01208
21	0.01803	0.08894	0.42025	0.01878	0.02700	0.07894	0.02165	0.02411	0.01658	0.05764	0.01511	0.01782	0.01138	0.00903	0.00905	0.04959	0.03519	0.00586	0.06478	0.01027
22	0.01354	0.01057	0.01540	0.01424	0.01646	0.01052	0.08970	0.01885	0.12281	0.05092	0.03460	0.40295	0.03736	0.10829	0.01313	0.00352	0.00633	0.01622	0.00668	0.00791
23	0.05826	0.26157	0.20093	0.01924	0.02637	0.02214	0.13130	0.05240	0.01694	0.02350	0.01535	0.07203	0.01362	0.00872	0.00791	0.00231	0.04610	0.00715	0.00402	0.01013
24	0.01142	0.00825	0.01029	0.01088	0.01211	0.00798	0.00760	0.06270	0.01776	0.02391	0.15612	0.47283	0.08024	0.06572	0.01142	0.00321	0.00483	0.01844	0.00733	0.00694
25	0.01102	0.00794	0.01046	0.01017	0.01192	0.00739	0.00772	0.01455	0.02125	0.02988	0.59178	0.09472	0.06975	0.01673	0.00931	0.00257	0.00398	0.06324	0.00835	0.00725
26	0.01608	0.01378	0.01608	0.01148	0.01837	0.01034	0.00919	0.01952	0.01608	0.02527	0.01378	0.01608	0.01148	0.00574	0.00574	0.00115	0.00574	0.00459	0.00459	0.77491
27	0.01808	0.06430	0.26729	0.02872	0.09841	0.01972	0.30925	0.05428	0.01829	0.02558	0.01484	0.01861	0.01111	0.00700	0.00810	0.00247	0.01167	0.00737	0.00384	0.01109
28	0.02366	0.01883	0.02000	0.01666	0.02183	0.02133	0.01333	0.30411	0.39510	0.03949	0.02600	0.02450	0.01917	0.01000	0.00783	0.00250	0.00717	0.00800	0.00783	0.01266
29	0.01108	0.00831	0.01246	0.01246	0.01385	0.00969	0.00969	0.01385	0.01246	0.01800	0.02077	0.03046	0.01938	0.05815	0.69678	0.01246	0.02077	0.00831	0.00415	0.00692
30	0.01128	0.00752	0.00846	0.00846	0.00846	0.00752	0.00470	0.01128	0.01128	0.01503	0.02443	0.05074	0.02819	0.72751	0.03946	0.00752	0.00752	0.01128	0.00470	0.00470
31	0.02947	0.02172	0.02327	0.01784	0.02404	0.02404	0.01474	0.65329	0.03646	0.04887	0.01862	0.01862	0.01319	0.00931	0.00776	0.00233	0.00853	0.00698	0.00776	0.01319
32	0.02814	0.06655	0.02391	0.01834	0.02359	0.22098	0.01485	0.40078	0.02970	0.03673	0.01577	0.01682	0.01190	0.00900	0.00834	0.00225	0.04845	0.00623	0.00617	0.01152
33	0.02566	0.01988	0.02344	0.12003	0.08013	0.02221	0.01624	0.46026	0.08455	0.04141	0.01868	0.01982	0.01358	0.00899	0.00776	0.00239	0.00865	0.00711	0.00683	0.01238
34	0.05245	0.01537	0.02541	0.45703	0.25862	0.01763	0.02166	0.02127	0.01611	0.02235	0.01391	0.01980	0.01089	0.00745	0.00759	0.00248	0.00976	0.00677	0.00364	0.00982
35	0.02896	0.03695	0.02197	0.01998	0.02397	0.69638	0.01498	0.03096	0.02197	0.01898	0.01199	0.01398	0.00999	0.00799	0.00699	0.00200	0.01398	0.00499	0.00400	0.00899
36	0.01529	0.00872	0.01117	0.01031	0.01252	0.00795	0.00755	0.01780	0.01902	0.15215	0.32013	0.13626	0.09544	0.13409	0.01401	0.00338	0.00499	0.01355	0.00784	0.00783
37	0.00982	0.00706	0.00913	0.01030	0.01107	0.00657	0.00697	0.01150	0.01595	0.02144	0.15061	0.52768	0.08736	0.07166	0.01179	0.00330	0.00454	0.01962	0.00725	0.00637
38	0.02896	0.03695	0.02197	0.01998	0.02397	0.69638	0.01498	0.03096	0.02197	0.01898	0.01199	0.01398	0.00999	0.00799	0.00699	0.00200	0.01398	0.00499	0.00400	0.00899
39	0.01105	0.00809	0.01046	0.01065	0.01220	0.00773	0.00785	0.01496	0.05294	0.02734	0.41580	0.25483	0.06237	0.01841	0.00940	0.00273	0.00425	0.05365	0.00802	0.00726
40	0.01101	0.00824	0.01232	0.01239	0.01374	0.00955	0.00959	0.01372	0.01256	0.01807	0.02167	0.05891	0.02070	0.05676	0.66854	0.01208	0.02010	0.00887	0.00428	0.00690
41	0.01107	0.00743	0.00852	0.00872	0.00877	0.00738	0.00498	0.01122	0.01168	0.01558	0.02652	0.12729	0.03082	0.64736	0.03609	0.00702	0.00717	0.01250	0.00498	0.00488
42	0.01088	0.00792	0.01023	0.00965	0.01152	0.00727	0.00724	0.01444	0.02172	0.03054	0.64260	0.05883	0.10595	0.01606	0.00915	0.00245	0.00367	0.01415	0.00846	0.00727
43	0.01919	0.01842	0.03147	0.04759	0.67914	0.01842	0.02380	0.02380	0.01765	0.02533	0.01458	0.01919	0.01228	0.00691	0.00768	0.00230	0.00921	0.00691	0.00384	0.01228
44	0.01064	0.00774	0.00981	0.00961	0.01119	0.00713	0.00696	0.01357	0.01982	0.02748	0.48991	0.14124	0.12243	0.07391	0.01165	0.00295	0.00409	0.01501	0.00794	0.00691
45	0.02947	0.02172	0.02327	0.01784	0.02404	0.02404	0.01474	0.65329	0.03646	0.04887	0.01862	0.01862	0.01319	0.00931	0.00776	0.00233	0.00853	0.00698	0.00776	0.01319
46	0.01347	0.00673	0.01010	0.01010	0.01010	0.00673	0.00673	0.01010	0.01010	0.01347	0.01347	0.02357	0.01347	0.02694	0.03030	0.77441	0.00673	0.00673	0.00337	0.00337
47	0.66105	0.01456	0.01227	0.01079	0.01564	0.01634	0.00892	0.02446	0.01450	0.11678	0.01435	0.01692	0.01101	0.00799	0.00538	0.00244	0.00611	0.02604	0.00549	0.00896
48	0.01347	0.00673	0.01010	0.01010	0.01010	0.00673	0.00673	0.01010	0.01010	0.01347	0.01347	0.02357	0.01347	0.02694	0.03030	0.77441	0.00673	0.00673	0.00337	0.00337
49	0.02022	0.01928	0.01889	0.01689	0.02067	0.10592	0.01321	0.03704	0.50053	0.02898	0.02636	0.02551	0.02022	0.01058	0.01000	0.00265	0.09681	0.00804	0.00682	0.01137
50	0.00942	0.00685	0.00889	0.01051	0.01117	0.00632	0.00707	0.01083	0.01512	0.01990	0.04618	0.66019	0.11132	0.02384	0.00983	0.00310	0.00444	0.02150	0.00720	0.00632
51	0.01215	0.00772	0.01014	0.01074	0.01196	0.00719	0.00757	0.01412	0.01680	0.07492	0.18092	0.41565	0.05085	0.09449	0.01269	0.00341	0.00493	0.04936	0.00742	0.00695
52	0.00945	0.00675	0.00900	0.01080	0.01125	0.00630	0.00720	0.01080	0.01484	0.01979	0.04274	0.72245	0.05128	0.02429	0.00990	0.00315	0.00450	0.02204	0.00720	0.00630
53	0.00945	0.00675	0.00900	0.01080	0.01125	0.00630	0.00720	0.01080	0.01484	0.01979	0.04274	0.72245	0.05128	0.02429	0.00990	0.00315	0.00450	0.02204	0.00720	0.00630
54	0.01537	0.01269	0.01413	0.01369	0.01655	0.01405	0.01021	0.02904	0.40072	0.02793	0.07227	0.27335	0.03616	0.01565	0.00866	0.00280	0.00542	0.01371	0.00768	0.00990
55	0.01608	0.01378	0.01608	0.01148	0.01837	0.01034	0.00919	0.01952	0.01608	0.02527	0.01378	0.01608	0.01148	0.00574	0.00574	0.00115	0.00574	0.00459	0.00459	0.77491
56	0.01128	0.00752	0.00846	0.00846	0.00846	0.00752	0.00470	0.01128	0.01128	0.01503	0.02443	0.05074	0.02819	0.72751	0.03946	0.00752	0.00752	0.01128	0.00470	0.00470
57	0.00956	0.00738	0.00873	0.00942	0.01098	0.00656	0.00668	0.01152	0.01710	0.02200	0.15415	0.35373	0.31224	0.02108	0.00948	0.00282	0.00413	0.01847	0.00740	0.00656
58	0.01409	0.00802	0.01054	0.01094	0.01235	0.00739	0.00759	0.01568	0.01603	0.13310	0.07441	0.47694	0.04401	0.11435	0.01341	0.00356	0.00521	0.01773	0.00735	0.00732
59	0.00991	0.00707	0.00920	0.01045	0.01099	0.00684	0.00696	0.01118	0.01410	0.01884	0.03874	0.51704	0.06642	0.14871	0.08099	0.00478	0.00656	0.01866	0.00647	0.00609
60	0.02587	0.01926	0.02074	0.01642	0.02169	0.02128	0.01326	0.49822	0.10475	0.04335	0.05625	0.02448	0.01883	0.06699	0.01037	0.00278	0.00792	0.00791	0.00757	0.01209

[dist]
# distance from previous block
# <min> <max>
9	12

[block]
# block no. 2 follows, 25 sequences, length 31
# corresponding to MSA columns:
# 105-135
name=unknown_C
#
# <colnr> <probs for GDERKNQSTAVLIFYWHMCP>
#	G	D	E	R	K	N	Q	S	T	A	V	L	I	F	Y	W	H	M	C	P
0	0.01581	0.01519	0.02697	0.48886	0.13924	0.01732	0.11091	0.02102	0.01624	0.02169	0.01464	0.02084	0.01121	0.00751	0.00784	0.00252	0.01029	0.00723	0.03532	0.00934
1	0.01464	0.01378	0.02326	0.70887	0.05340	0.01723	0.02153	0.01981	0.01550	0.01981	0.01378	0.02067	0.01034	0.00775	0.00775	0.00258	0.01034	0.00689	0.00345	0.00861
2	0.01036	0.00743	0.00966	0.01103	0.01179	0.00709	0.00752	0.03759	0.01612	0.02161	0.07601	0.65730	0.05089	0.02321	0.00977	0.00308	0.00462	0.02098	0.00729	0.00664
3	0.01659	0.01208	0.01366	0.01288	0.01555	0.01285	0.00964	0.17696	0.12068	0.03013	0.03283	0.35388	0.03362	0.01654	0.00850	0.00270	0.00565	0.01440	0.10182	0.00906
4	0.02892	0.01964	0.02144	0.01657	0.02241	0.02132	0.01364	0.53491	0.03329	0.11906	0.02048	0.02029	0.01438	0.00932	0.00758	0.00230	0.00793	0.00709	0.06671	0.01273
5	0.01055	0.00845	0.01333	0.01328	0.01466	0.00789	0.08186	0.01261	0.01559	0.02092	0.07011	0.60902	0.04776	0.02183	0.00977	0.00305	0.00545	0.02016	0.00688	0.00683
6	0.01585	0.00892	0.01180	0.01104	0.01353	0.00799	0.00824	0.01859	0.01942	0.16893	0.30007	0.26806	0.05173	0.01686	0.00896	0.00261	0.00466	0.01493	0.00816	0.03963
7	0.01097	0.00793	0.01036	0.00975	0.01158	0.00732	0.00732	0.01463	0.02195	0.03109	0.67505	0.05792	0.07316	0.01585	0.00914	0.00244	0.00366	0.01402	0.00854	0.00732
8	0.03417	0.01418	0.01861	0.01426	0.02029	0.01286	0.01178	0.10917	0.02385	0.61080	0.02920	0.02549	0.01850	0.00956	0.00779	0.00239	0.00682	0.00770	0.00938	0.01319
9	0.01982	0.01692	0.01783	0.01589	0.02037	0.01954	0.01240	0.07333	0.63213	0.03330	0.03088	0.02839	0.02312	0.01046	0.00788	0.00261	0.00626	0.00867	0.00788	0.01232
10	0.07138	0.01236	0.01619	0.01286	0.01792	0.01104	0.01034	0.03279	0.02057	0.54063	0.06232	0.04976	0.02306	0.06995	0.01040	0.00285	0.00643	0.00863	0.00880	0.01172
11	0.01027	0.00790	0.00939	0.00902	0.01115	0.00702	0.00676	0.01327	0.02029	0.02715	0.44330	0.06441	0.30737	0.01732	0.00915	0.00251	0.00376	0.01493	0.00802	0.00702
12	0.01347	0.00673	0.01010	0.01010	0.01010	0.00673	0.00673	0.01010	0.01010	0.01347	0.01347	0.02357	0.01347	0.02694	0.03030	0.77441	0.00673	0.00673	0.00337	0.00337
13	0.01108	0.00831	0.01246	0.01246	0.01385	0.00969	0.00969	0.01385	0.01246	0.01800	0.02077	0.03046	0.01938	0.05815	0.69678	0.01246	0.02077	0.00831	0.00415	0.00692
14	0.01424	0.01022	0.01184	0.01078	0.01372	0.00995	0.00828	0.04274	0.12595	0.07751	0.32609	0.05427	0.23342	0.01538	0.00880	0.00251	0.00453	0.01313	0.00809	0.00855
15	0.01352	0.00733	0.00769	0.00765	0.00904	0.00730	0.00536	0.01631	0.01543	0.02583	0.06149	0.03557	0.02478	0.17530	0.01349	0.00316	0.00452	0.00854	0.55104	0.00665
16	0.01871	0.01605	0.01703	0.01536	0.01957	0.01845	0.01193	0.03936	0.62048	0.03234	0.07624	0.03094	0.02710	0.01089	0.00798	0.00262	0.00596	0.00913	0.00793	0.01193
17	0.14363	0.03024	0.36869	0.02193	0.07924	0.06485	0.06315	0.02619	0.04809	0.06207	0.01519	0.01725	0.01110	0.00756	0.00711	0.00242	0.01015	0.00600	0.00423	0.01092
18	0.01861	0.01414	0.01557	0.01423	0.01779	0.01572	0.01087	0.03376	0.44948	0.08467	0.03151	0.06980	0.02642	0.11467	0.01266	0.00339	0.00634	0.04216	0.00750	0.01069
19	0.01128	0.00752	0.00846	0.00846	0.00846	0.00752	0.00470	0.01128	0.01128	0.01503	0.02443	0.05074	0.02819	0.72751	0.03946	0.00752	0.00752	0.01128	0.00470	0.00470
20	0.01202	0.01046	0.05650	0.01028	0.01160	0.00904	0.00737	0.01476	0.06375	0.01875	0.07835	0.10399	0.03214	0.50473	0.02983	0.00601	0.00712	0.01183	0.00537	0.00610
21	0.01128	0.00867	0.01283	0.01277	0.01402	0.01022	0.00991	0.01390	0.01259	0.01816	0.02172	0.07777	0.02110	0.05338	0.61258	0.01132	0.05730	0.00918	0.00432	0.00696
22	0.00918	0.00778	0.00793	0.00805	0.01052	0.00653	0.00598	0.01111	0.01749	0.02087	0.07620	0.11716	0.63497	0.01994	0.00921	0.00265	0.00396	0.01674	0.00720	0.00653
23	0.01660	0.03986	0.63548	0.02193	0.03281	0.07088	0.02758	0.02505	0.01681	0.02412	0.01376	0.01618	0.00983	0.00742	0.00734	0.00242	0.01166	0.00567	0.00333	0.01127
24	0.05864	0.52115	0.08067	0.01497	0.02136	0.15207	0.01442	0.02472	0.01682	0.01961	0.01122	0.01300	0.00987	0.00696	0.00550	0.00181	0.00945	0.00441	0.00351	0.00980
25	0.01806	0.00952	0.01219	0.01069	0.01393	0.00839	0.00831	0.02103	0.02076	0.23530	0.31358	0.08630	0.18044	0.01510	0.00876	0.00250	0.00469	0.01296	0.00852	0.00896
26	0.01933	0.01630	0.01733	0.01554	0.01975	0.01877	0.01206	0.06142	0.60700	0.03199	0.03011	0.02827	0.02274	0.01137	0.00910	0.04459	0.00625	0.00859	0.00764	0.01182
27	0.72360	0.01552	0.01232	0.01079	0.01570	0.01791	0.00889	0.07193	0.01501	0.03589	0.01141	0.01306	0.00877	0.00736	0.00503	0.00239	0.00620	0.00442	0.00503	0.00877
28	0.02285	0.01695	0.01899	0.01649	0.04083	0.01856	0.01271	0.27180	0.25351	0.08240	0.10509	0.05637	0.02615	0.01109	0.00806	0.00248	0.00682	0.00914	0.00788	0.01184
29	0.01529	0.00804	0.00813	0.00782	0.00987	0.00817	0.00594	0.05365	0.01739	0.03003	0.02492	0.02833	0.01950	0.00905	0.00555	0.00184	0.00389	0.00721	0.72782	0.00756
30	0.01358	0.01008	0.01321	0.01249	0.01398	0.01153	0.00946	0.08072	0.01508	0.02146	0.02209	0.07728	0.02177	0.16872	0.36659	0.00857	0.06898	0.00944	0.04770	0.00726

[dist]
# distance from previous block
# <min> <max>
8	19

[block]
# block no. 3 follows, 25 sequences, length 40
# corresponding to MSA columns:
# 155-194
name=unknown_D
#
# <colnr> <probs for GDERKNQSTAVLIFYWHMCP>
#	G	D	E	R	K	N	Q	S	T	A	V	L	I	F	Y	W	H	M	C	P
0	0.07828	0.01436	0.01903	0.01477	0.02055	0.01347	0.04225	0.08411	0.06012	0.50005	0.05142	0.02596	0.01993	0.00956	0.00773	0.00242	0.00689	0.00786	0.00874	0.01249
1	0.04797	0.02048	0.15675	0.04628	0.02402	0.01638	0.01569	0.15390	0.11114	0.21798	0.08808	0.02560	0.02135	0.00967	0.00775	0.00244	0.00777	0.00781	0.00717	0.01177
2	0.01445	0.00723	0.00723	0.00723	0.00903	0.00723	0.00542	0.01807	0.01626	0.02891	0.02529	0.02891	0.01987	0.00903	0.00542	0.00181	0.00361	0.00723	0.77055	0.00723
3	0.01540	0.01471	0.02533	0.59224	0.13498	0.01749	0.04959	0.02056	0.01591	0.02076	0.01397	0.02049	0.01065	0.00759	0.00780	0.00255	0.01031	0.00699	0.00352	0.00918
4	0.01843	0.01924	0.02718	0.30968	0.20941	0.11554	0.07366	0.02276	0.01686	0.02145	0.01353	0.01897	0.01090	0.00805	0.00953	0.00251	0.08206	0.00680	0.00366	0.00977
5	0.03312	0.01475	0.01809	0.01415	0.01983	0.05429	0.01156	0.05972	0.02271	0.58856	0.05892	0.02679	0.02090	0.00978	0.00781	0.00237	0.00699	0.00788	0.00913	0.01266
6	0.78228	0.01499	0.01140	0.01020	0.01499	0.01739	0.00840	0.02279	0.01320	0.03479	0.01080	0.01260	0.00840	0.00720	0.00480	0.00240	0.00600	0.00420	0.00480	0.00840
7	0.08971	0.00850	0.00944	0.00952	0.01009	0.00892	0.00600	0.01264	0.01215	0.01805	0.02584	0.16836	0.02971	0.49834	0.02999	0.00604	0.03373	0.01235	0.00512	0.00551
8	0.01470	0.01393	0.02189	0.07059	0.02261	0.01667	0.10788	0.01756	0.01479	0.02099	0.08574	0.07852	0.04921	0.06818	0.04670	0.00376	0.29595	0.03757	0.00470	0.00804
9	0.01347	0.00673	0.01010	0.01010	0.01010	0.00673	0.00673	0.01010	0.01010	0.01347	0.01347	0.02357	0.01347	0.02694	0.03030	0.77441	0.00673	0.00673	0.00337	0.00337
10	0.01894	0.37245	0.06166	0.01661	0.02187	0.04459	0.08277	0.05203	0.01660	0.02114	0.03835	0.01903	0.01419	0.03793	0.06939	0.00321	0.08960	0.00621	0.00394	0.00948
11	0.78228	0.01499	0.01140	0.01020	0.01499	0.01739	0.00840	0.02279	0.01320	0.03479	0.01080	0.01260	0.00840	0.00720	0.00480	0.00240	0.00600	0.00420	0.00480	0.00840
12	0.01164	0.00829	0.01095	0.01079	0.01155	0.00925	0.00764	0.01323	0.01217	0.01745	0.02213	0.03836	0.02273	0.33699	0.34475	0.00929	0.04527	0.00943	0.05201	0.00607
13	0.02155	0.69017	0.03931	0.01330	0.01989	0.02955	0.01316	0.02407	0.01613	0.05717	0.01194	0.01325	0.01049	0.00681	0.00514	0.00170	0.00819	0.00436	0.00368	0.01014
14	0.00925	0.00786	0.00798	0.00795	0.01053	0.00658	0.00596	0.01130	0.01788	0.02144	0.10734	0.07381	0.64689	0.01945	0.00916	0.00261	0.00391	0.01625	0.00726	0.00658
15	0.02947	0.02172	0.02327	0.01784	0.02404	0.02404	0.01474	0.65329	0.03646	0.04887	0.01862	0.01862	0.01319	0.00931	0.00776	0.00233	0.00853	0.00698	0.00776	0.01319
16	0.78228	0.01499	0.01140	0.01020	0.01499	0.01739	0.00840	0.02279	0.01320	0.03479	0.01080	0.01260	0.00840	0.00720	0.00480	0.00240	0.00600	0.00420	0.00480	0.00840
17	0.01696	0.01696	0.02375	0.02036	0.02036	0.02375	0.01696	0.01866	0.01187	0.01866	0.01018	0.01696	0.01018	0.01357	0.02545	0.00339	0.71332	0.00679	0.00339	0.00848
18	0.02974	0.02129	0.02301	0.01764	0.02383	0.02341	0.01457	0.62256	0.03574	0.08060	0.01921	0.01900	0.01349	0.00932	0.00776	0.00233	0.00844	0.00702	0.00785	0.01319
19	0.01128	0.00752	0.00846	0.00846	0.00846	0.00752	0.00470	0.01128	0.01128	0.01503	0.02443	0.05074	0.02819	0.72751	0.03946	0.00752	0.00752	0.01128	0.00470	0.00470
20	0.00916	0.00785	0.00785	0.00785	0.01047	0.00655	0.00589	0.01113	0.01767	0.02095	0.07855	0.07462	0.67599	0.01964	0.00916	0.00262	0.00393	0.01636	0.00720	0.00655
21	0.00945	0.00675	0.00900	0.01080	0.01125	0.00630	0.00720	0.01080	0.01484	0.01979	0.04274	0.72245	0.05128	0.02429	0.00990	0.00315	0.00450	0.02204	0.00720	0.00630
22	0.06333	0.01667	0.01891	0.01518	0.02065	0.01754	0.01234	0.23845	0.17975	0.26669	0.02579	0.02391	0.01782	0.00959	0.00758	0.00241	0.00698	0.00757	0.03631	0.01253
23	0.01108	0.00831	0.01246	0.01246	0.01385	0.00969	0.00969	0.01385	0.01246	0.01800	0.02077	0.03046	0.01938	0.05815	0.69678	0.01246	0.02077	0.00831	0.00415	0.00692
24	0.02947	0.02172	0.02327	0.01784	0.02404	0.02404	0.01474	0.65329	0.03646	0.04887	0.01862	0.01862	0.01319	0.00931	0.00776	0.00233	0.00853	0.00698	0.00776	0.01319
25	0.03019	0.01536	0.01870	0.01490	0.02054	0.01527	0.01213	0.13372	0.18114	0.42732	0.02898	0.02581	0.01936	0.00978	0.00781	0.00244	0.00678	0.00791	0.00890	0.01297
26	0.00953	0.00678	0.00897	0.01069	0.01112	0.00635	0.00709	0.01082	0.01468	0.01958	0.04191	0.69224	0.05024	0.05592	0.01123	0.00335	0.00463	0.02156	0.00709	0.00623
27	0.01026	0.00731	0.00918	0.00981	0.01066	0.00687	0.00658	0.01197	0.01613	0.02185	0.21235	0.35127	0.08847	0.18178	0.01638	0.00392	0.00492	0.01708	0.00699	0.00622
28	0.00916	0.00785	0.00785	0.00785	0.01047	0.00655	0.00589	0.01113	0.01767	0.02095	0.07855	0.07462	0.67599	0.01964	0.00916	0.00262	0.00393	0.01636	0.00720	0.00655
29	0.01844	0.01041	0.01372	0.01287	0.01589	0.00995	0.01059	0.06033	0.02095	0.18590	0.21621	0.05865	0.04399	0.04422	0.01052	0.00305	0.00612	0.24119	0.00807	0.00893
30	0.01555	0.04011	0.68733	0.02210	0.03356	0.01801	0.02865	0.02455	0.01637	0.02455	0.01391	0.01637	0.00982	0.00737	0.00737	0.00246	0.01146	0.00573	0.00327	0.01146
31	0.01555	0.04011	0.68733	0.02210	0.03356	0.01801	0.02865	0.02455	0.01637	0.02455	0.01391	0.01637	0.00982	0.00737	0.00737	0.00246	0.01146	0.00573	0.00327	0.01146
32	0.01441	0.01154	0.01355	0.01377	0.01653	0.01235	0.01115	0.02457	0.26390	0.02614	0.04203	0.12117	0.11198	0.01732	0.00938	0.00306	0.00614	0.26463	0.00744	0.00895
33	0.02719	0.01370	0.01713	0.01362	0.01854	0.01315	0.01105	0.17037	0.02534	0.36549	0.20115	0.03311	0.03235	0.01121	0.00815	0.00239	0.00624	0.00929	0.00890	0.01161
34	0.01864	0.01405	0.01658	0.01200	0.01876	0.01102	0.00966	0.04790	0.01758	0.09694	0.01578	0.01729	0.01238	0.00630	0.00605	0.00133	0.00595	0.00504	0.00526	0.66148
35	0.01249	0.00892	0.01249	0.01428	0.01606	0.00892	0.01249	0.01606	0.01785	0.02320	0.04105	0.08746	0.04462	0.02142	0.01071	0.00357	0.00714	0.62695	0.00714	0.00714
36	0.08660	0.01172	0.01427	0.01236	0.01625	0.01127	0.00964	0.04966	0.07906	0.26185	0.15522	0.16763	0.03492	0.01341	0.00814	0.00252	0.00556	0.01143	0.00809	0.04039
37	0.02204	0.01706	0.01956	0.01630	0.01963	0.04815	0.01310	0.27693	0.02353	0.07262	0.04827	0.04667	0.01854	0.06982	0.09670	0.00418	0.16248	0.00818	0.00612	0.01012
38	0.01074	0.05245	0.01151	0.01099	0.01244	0.00835	0.00821	0.01284	0.01652	0.02170	0.12170	0.43165	0.12125	0.02122	0.00953	0.00297	0.00495	0.10706	0.00711	0.00680
39	0.01628	0.01630	0.05229	0.12723	0.29324	0.04052	0.04058	0.02080	0.01846	0.02553	0.17536	0.03179	0.02809	0.00992	0.00813	0.00240	0.00820	0.03945	0.00510	0.04033

[dist]
# distance from previous block
# <min> <max>
3	8

[block]
# block no. 4 follows, 25 sequences, length 71
# corresponding to MSA columns:
# 204-274
name=unknown_E
#
# <colnr> <probs for GDERKNQSTAVLIFYWHMCP>
#	G	D	E	R	K	N	Q	S	T	A	V	L	I	F	Y	W	H	M	C	P
0	0.01737	0.01493	0.01968	0.25203	0.03114	0.01574	0.01471	0.09881	0.08527	0.02648	0.01637	0.01992	0.01284	0.00980	0.03612	0.00248	0.03310	0.00633	0.00487	0.28200
1	0.01989	0.01983	0.02283	0.36887	0.08256	0.15160	0.01851	0.09059	0.10214	0.02464	0.01626	0.02010	0.01240	0.00826	0.00762	0.00243	0.01025	0.00677	0.00459	0.00988
2	0.01714	0.01253	0.01507	0.01444	0.03644	0.01266	0.01126	0.02654	0.23041	0.09326	0.08995	0.04850	0.08733	0.01384	0.00858	0.00266	0.00609	0.16950	0.00737	0.09642
3	0.01545	0.00966	0.01270	0.04262	0.01546	0.00907	0.00893	0.04355	0.02127	0.12570	0.42929	0.11624	0.05494	0.01471	0.00875	0.00245	0.00477	0.01290	0.00811	0.04343
4	0.00945	0.00675	0.00900	0.01080	0.01125	0.00630	0.00720	0.01080	0.01484	0.01979	0.04274	0.72245	0.05128	0.02429	0.00990	0.00315	0.00450	0.02204	0.00720	0.00630
5	0.05625	0.28709	0.02837	0.01667	0.02199	0.32231	0.01394	0.10231	0.02109	0.04612	0.01294	0.01435	0.01061	0.00768	0.00629	0.00194	0.01068	0.00499	0.00442	0.00996
6	0.06087	0.00804	0.00984	0.01037	0.01180	0.00772	0.00727	0.01491	0.01599	0.07732	0.10794	0.42726	0.04365	0.07725	0.01133	0.00320	0.00484	0.01661	0.07675	0.00707
7	0.00945	0.00675	0.00900	0.01080	0.01125	0.00630	0.00720	0.01080	0.01484	0.01979	0.04274	0.72245	0.05128	0.02429	0.00990	0.00315	0.00450	0.02204	0.00720	0.00630
8	0.01108	0.00831	0.01246	0.01246	0.01385	0.00969	0.00969	0.01385	0.01246	0.01800	0.02077	0.03046	0.01938	0.05815	0.69678	0.01246	0.02077	0.00831	0.00415	0.00692
9	0.01040	0.00769	0.00971	0.00966	0.01134	0.00700	0.00707	0.01334	0.01991	0.02732	0.45951	0.18902	0.16320	0.01808	0.00929	0.00260	0.00386	0.01594	0.00807	0.00700
10	0.03387	0.01467	0.01890	0.01449	0.02053	0.01358	0.01197	0.14406	0.02466	0.57475	0.02852	0.02505	0.01816	0.00955	0.00779	0.00239	0.00693	0.00766	0.00928	0.01319
11	0.00965	0.00689	0.00923	0.01103	0.01157	0.00648	0.00755	0.01115	0.01505	0.02002	0.04262	0.67960	0.05083	0.02410	0.00995	0.00318	0.00468	0.06286	0.00719	0.00635
12	0.02900	0.03593	0.02206	0.01983	0.02398	0.65101	0.01496	0.07295	0.02295	0.02099	0.01243	0.01430	0.01020	0.00808	0.00704	0.00202	0.01361	0.00513	0.00425	0.00927
13	0.01701	0.00920	0.01197	0.01143	0.01368	0.00860	0.00839	0.04936	0.01842	0.17677	0.13610	0.33653	0.04146	0.03767	0.01097	0.04627	0.00522	0.01500	0.03772	0.00822
14	0.00920	0.00771	0.00801	0.00825	0.01058	0.00651	0.00607	0.01108	0.01729	0.02079	0.07371	0.16218	0.59155	0.02027	0.00926	0.00269	0.00400	0.01713	0.00720	0.00651
15	0.01240	0.00855	0.01106	0.01070	0.01275	0.00807	0.00824	0.01654	0.04653	0.05868	0.48634	0.10108	0.08549	0.01666	0.00926	0.00263	0.00435	0.08474	0.00827	0.00767
16	0.01516	0.00924	0.01120	0.01037	0.01318	0.00848	0.00795	0.01840	0.04477	0.14808	0.16337	0.08249	0.28062	0.06557	0.05731	0.00359	0.00600	0.03858	0.00755	0.00809
17	0.01054	0.00843	0.00957	0.00986	0.01203	0.00780	0.00743	0.01428	0.06713	0.02314	0.14211	0.19070	0.37235	0.01948	0.00935	0.00278	0.00447	0.07406	0.00742	0.00709
18	0.01347	0.00673	0.01010	0.01010	0.01010	0.00673	0.00673	0.01010	0.01010	0.01347	0.01347	0.02357	0.01347	0.02694	0.03030	0.77441	0.00673	0.00673	0.00337	0.00337
19	0.01027	0.00778	0.00947	0.00930	0.01122	0.00698	0.00688	0.01318	0.01992	0.02687	0.43050	0.13419	0.24936	0.01788	0.00923	0.00257	0.00383	0.01558	0.00800	0.00698
20	0.01321	0.00683	0.00991	0.00991	0.00991	0.00683	0.00650	0.01024	0.01024	0.01365	0.01474	0.02673	0.01518	0.10850	0.03137	0.68512	0.00683	0.00726	0.00352	0.00352
21	0.01249	0.00892	0.01249	0.01428	0.01606	0.00892	0.01249	0.01606	0.01785	0.02320	0.04105	0.08746	0.04462	0.02142	0.01071	0.00357	0.00714	0.62695	0.00714	0.00714
22	0.01128	0.00752	0.00846	0.00846	0.00846	0.00752	0.00470	0.01128	0.01128	0.01503	0.02443	0.05074	0.02819	0.72751	0.03946	0.00752	0.00752	0.01128	0.00470	0.00470
23	0.17101	0.01223	0.01377	0.01169	0.01591	0.01208	0.00927	0.05102	0.06097	0.26925	0.09510	0.06071	0.09434	0.04107	0.00877	0.00265	0.00576	0.00934	0.04507	0.00999
24	0.01615	0.00886	0.00904	0.00842	0.01073	0.00912	0.00647	0.08970	0.01854	0.03116	0.02454	0.02775	0.01912	0.00906	0.00568	0.00187	0.00417	0.00720	0.68453	0.00790
25	0.01929	0.01666	0.01753	0.01578	0.02016	0.01929	0.01227	0.04120	0.66513	0.03243	0.03156	0.02893	0.02367	0.01052	0.00789	0.00263	0.00614	0.00877	0.00789	0.01227
26	0.02970	0.02136	0.02304	0.01767	0.02386	0.02351	0.01460	0.62709	0.03585	0.07592	0.01913	0.01895	0.01344	0.00932	0.00776	0.00233	0.00845	0.00702	0.00783	0.01319
27	0.01097	0.00793	0.01036	0.00975	0.01158	0.00732	0.00732	0.01463	0.02195	0.03109	0.67505	0.05792	0.07316	0.01585	0.00914	0.00244	0.00366	0.01402	0.00854	0.00732
28	0.01108	0.00831	0.01246	0.01246	0.01385	0.00969	0.00969	0.01385	0.01246	0.01800	0.02077	0.03046	0.01938	0.05815	0.69678	0.01246	0.02077	0.00831	0.00415	0.00692
29	0.01128	0.00752	0.00846	0.00846	0.00846	0.00752	0.00470	0.01128	0.01128	0.01503	0.02443	0.05074	0.02819	0.72751	0.03946	0.00752	0.00752	0.01128	0.00470	0.00470
30	0.01696	0.01696	0.02375	0.02036	0.02036	0.02375	0.01696	0.01866	0.01187	0.01866	0.01018	0.01696	0.01018	0.01357	0.02545	0.00339	0.71332	0.00679	0.00339	0.00848
31	0.05443	0.42644	0.09879	0.01533	0.02206	0.08022	0.01489	0.12740	0.01990	0.05722	0.01344	0.01465	0.01086	0.00742	0.00596	0.00194	0.00893	0.00502	0.00446	0.01065
32	0.01382	0.01166	0.01429	0.01261	0.03401	0.01041	0.03136	0.01888	0.09907	0.02384	0.05931	0.11753	0.15127	0.08761	0.01103	0.00266	0.00575	0.01077	0.00595	0.27817
33	0.01866	0.01441	0.01654	0.01392	0.01790	0.01493	0.03276	0.25549	0.07302	0.03201	0.03542	0.11209	0.15421	0.09084	0.01176	0.00305	0.00683	0.03661	0.00693	0.05262
34	0.01820	0.21524	0.07036	0.02112	0.02525	0.02445	0.15097	0.02155	0.01455	0.02019	0.01172	0.01653	0.01043	0.00983	0.01536	0.00270	0.33211	0.00650	0.00348	0.00947
35	0.01919	0.01842	0.03147	0.04759	0.67914	0.01842	0.02380	0.02380	0.01765	0.02533	0.01458	0.01919	0.01228	0.00691	0.00768	0.00230	0.00921	0.00691	0.00384	0.01228
36	0.01007	0.00720	0.00884	0.00967	0.01049	0.00671	0.00642	0.01126	0.01498	0.01968	0.09740	0.38470	0.15273	0.17643	0.01689	0.03134	0.00507	0.01750	0.00663	0.00597
37	0.00963	0.00704	0.00882	0.01009	0.01089	0.00649	0.00677	0.01104	0.01524	0.01999	0.07156	0.53533	0.14720	0.08628	0.01240	0.00343	0.00465	0.01988	0.00703	0.00623
38	0.78228	0.01499	0.01140	0.01020	0.01499	0.01739	0.00840	0.02279	0.01320	0.03479	0.01080	0.01260	0.00840	0.00720	0.00480	0.00240	0.00600	0.00420	0.00480	0.00840
39	0.01929	0.01666	0.01753	0.01578	0.02016	0.01929	0.01227	0.04120	0.66513	0.03243	0.03156	0.02893	0.02367	0.01052	0.00789	0.00263	0.00614	0.00877	0.00789	0.01227
40	0.12481	0.01032	0.01184	0.01089	0.01391	0.01002	0.00836	0.04786	0.01888	0.14715	0.17624	0.16024	0.14350	0.04767	0.00978	0.00284	0.00523	0.03456	0.00750	0.00839
41	0.01420	0.00751	0.00805	0.00798	0.00944	0.00741	0.00558	0.01678	0.01520	0.05084	0.02627	0.07312	0.02363	0.18446	0.01404	0.00329	0.00473	0.00907	0.51160	0.00680
42	0.60792	0.01458	0.01293	0.01104	0.01611	0.01599	0.00910	0.02629	0.01529	0.18634	0.01541	0.01581	0.01092	0.00776	0.00550	0.00240	0.00614	0.00504	0.00592	0.00952
43	0.00957	0.00719	0.00888	0.00990	0.01109	0.00649	0.00687	0.01137	0.01649	0.02154	0.13285	0.46962	0.21596	0.02201	0.00961	0.00292	0.00424	0.01955	0.00737	0.00649
44	0.04257	0.00833	0.01048	0.01120	0.01265	0.00800	0.00798	0.04087	0.01702	0.06462	0.10187	0.51849	0.06418	0.02102	0.00941	0.00297	0.00485	0.03885	0.00741	0.00724
45	0.52494	0.01422	0.01321	0.01109	0.01618	0.01510	0.00906	0.02532	0.01530	0.17372	0.01544	0.01626	0.01118	0.00823	0.00638	0.02778	0.00613	0.00510	0.00577	0.07960
46	0.01347	0.00673	0.01010	0.01010	0.01010	0.00673	0.00673	0.01010	0.01010	0.01347	0.01347	0.02357	0.01347	0.02694	0.03030	0.77441	0.00673	0.00673	0.00337	0.00337
47	0.01127	0.00844	0.01224	0.01215	0.01331	0.00979	0.00923	0.01364	0.01229	0.01762	0.02096	0.03279	0.02030	0.14639	0.59013	0.01155	0.03837	0.00866	0.00421	0.00667
48	0.04140	0.00779	0.00986	0.01085	0.01219	0.00734	0.00781	0.01341	0.01641	0.05213	0.11244	0.47530	0.10592	0.02136	0.00953	0.00300	0.00475	0.07427	0.00735	0.00690
49	0.01929	0.01666	0.01753	0.01578	0.02016	0.01929	0.01227	0.04120	0.66513	0.03243	0.03156	0.02893	0.02367	0.01052	0.00789	0.00263	0.00614	0.00877	0.00789	0.01227
50	0.01108	0.00831	0.01246	0.01246	0.01385	0.00969	0.00969	0.01385	0.01246	0.01800	0.02077	0.03046	0.01938	0.05815	0.69678	0.01246	0.02077	0.00831	0.00415	0.00692
51	0.01527	0.01432	0.02410	0.56236	0.16008	0.01698	0.02128	0.02027	0.01617	0.02128	0.04396	0.02211	0.01353	0.00797	0.00780	0.00253	0.00984	0.00722	0.00374	0.00919
52	0.01071	0.00779	0.01014	0.00993	0.01153	0.00734	0.00730	0.01378	0.01970	0.02751	0.48896	0.13706	0.09852	0.04868	0.06292	0.00350	0.00523	0.01458	0.00781	0.00701
53	0.01347	0.00673	0.01010	0.01010	0.01010	0.00673	0.00673	0.01010	0.01010	0.01347	0.01347	0.02357	0.01347	0.02694	0.03030	0.77441	0.00673	0.00673	0.00337	0.00337
54	0.01109	0.00826	0.01221	0.01221	0.01351	0.00956	0.00938	0.01368	0.01239	0.01781	0.02100	0.03173	0.01994	0.10020	0.65549	0.01215	0.01994	0.00849	0.00419	0.00678
55	0.01234	0.00967	0.01323	0.05927	0.01704	0.00921	0.03166	0.04963	0.01685	0.02302	0.06335	0.45585	0.04028	0.01867	0.00904	0.00276	0.00567	0.04430	0.00657	0.11157
56	0.02034	0.02086	0.02728	0.03794	0.46639	0.14409	0.02060	0.02495	0.04106	0.02418	0.01738	0.02550	0.01554	0.00871	0.00786	0.00239	0.00978	0.06966	0.00434	0.01114
57	0.01562	0.01346	0.01652	0.08593	0.02179	0.01089	0.01042	0.01916	0.01596	0.02443	0.01510	0.04884	0.01318	0.00680	0.00615	0.00139	0.00618	0.00564	0.00459	0.65795
58	0.01087	0.00744	0.00927	0.01009	0.01069	0.00730	0.00682	0.01199	0.01372	0.01842	0.03438	0.28126	0.06359	0.30232	0.05315	0.02665	0.00674	0.08696	0.03258	0.00576
59	0.02947	0.02172	0.02327	0.01784	0.02404	0.02404	0.01474	0.65329	0.03646	0.04887	0.01862	0.01862	0.01319	0.00931	0.00776	0.00233	0.00853	0.00698	0.00776	0.01319
60	0.01608	0.01378	0.01608	0.01148	0.01837	0.01034	0.00919	0.01952	0.01608	0.02527	0.01378	0.01608	0.01148	0.00574	0.00574	0.00115	0.00574	0.00459	0.00459	0.77491
61	0.78228	0.01499	0.01140	0.01020	0.01499	0.01739	0.00840	0.02279	0.01320	0.03479	0.01080	0.01260	0.00840	0.00720	0.00480	0.00240	0.00600	0.00420	0.00480	0.00840
62	0.00976	0.00678	0.00889	0.01057	0.01111	0.00636	0.00709	0.01125	0.01493	0.02037	0.04164	0.67888	0.04931	0.02333	0.00962	0.00306	0.00444	0.02111	0.05515	0.00636
63	0.01608	0.01378	0.01608	0.01148	0.01837	0.01034	0.00919	0.01952	0.01608	0.02527	0.01378	0.01608	0.01148	0.00574	0.00574	0.00115	0.00574	0.00459	0.00459	0.77491
64	0.01583	0.01371	0.01713	0.01282	0.01902	0.01115	0.04074	0.02047	0.05671	0.02506	0.01658	0.04709	0.01435	0.00979	0.04508	0.00203	0.00692	0.00601	0.00485	0.61465
65	0.01746	0.01929	0.04072	0.06069	0.03767	0.01858	0.54218	0.02333	0.01777	0.02420	0.04386	0.02368	0.01500	0.03991	0.01107	0.00286	0.03847	0.00926	0.00411	0.00991
66	0.01627	0.01455	0.02321	0.34291	0.03684	0.01669	0.07456	0.02033	0.01545	0.05337	0.01592	0.06337	0.01359	0.00955	0.01100	0.00256	0.13934	0.00774	0.00418	0.11858
67	0.01905	0.01941	0.03177	0.05739	0.16686	0.05317	0.22719	0.07456	0.01815	0.02476	0.01694	0.02148	0.04146	0.00926	0.01251	0.00268	0.18091	0.00796	0.00423	0.01026
68	0.06390	0.07643	0.11143	0.01689	0.05320	0.01493	0.07117	0.04304	0.06817	0.02523	0.02491	0.15277	0.06428	0.01115	0.00749	0.00227	0.00736	0.00967	0.00525	0.17045
69	0.01818	0.01746	0.02925	0.09628	0.44855	0.01886	0.05694	0.02239	0.01645	0.02382	0.01425	0.01942	0.01203	0.00820	0.01076	0.00251	0.13166	0.00702	0.03494	0.01100
70	0.08686	0.02647	0.32908	0.10565	0.14029	0.01690	0.02215	0.02413	0.04599	0.05508	0.01723	0.06569	0.01402	0.00871	0.00744	0.00249	0.00951	0.00726	0.00429	0.01075

[dist]
# distance from previous block
# <min> <max>
0	16

# created by:
# /st0/software/busco_prod/Augustus/scripts/msa2prfl.pl ./align_prep/100028.fa
