[name]
unknown

[dist]
# distance from previous block
# <min> <max>
4	30

[block]
# block no. 0 follows, 26 sequences, length 9
# corresponding to MSA columns:
# 33-41
name=unknown_A
#
# <colnr> <probs for GDERKNQSTAVLIFYWHMCP>
#	G	D	E	R	K	N	Q	S	T	A	V	L	I	F	Y	W	H	M	C	P
0	0.02242	0.01644	0.02074	0.02200	0.17289	0.01736	0.01435	0.28375	0.07203	0.08608	0.02288	0.11911	0.01955	0.01069	0.00771	0.00237	0.00729	0.00907	0.06200	0.01128
1	0.01124	0.00980	0.01709	0.01550	0.01760	0.00916	0.15725	0.01373	0.01530	0.02050	0.03571	0.56524	0.04125	0.01976	0.00951	0.00296	0.00633	0.01866	0.00630	0.00710
2	0.01434	0.01249	0.01490	0.02775	0.01627	0.06129	0.03573	0.04488	0.05227	0.02097	0.02495	0.20709	0.02625	0.13495	0.11094	0.00473	0.08533	0.02615	0.02481	0.05391
3	0.19073	0.01050	0.01264	0.01198	0.01391	0.01253	0.00944	0.01631	0.01252	0.02215	0.01738	0.02513	0.01591	0.07137	0.37435	0.00782	0.09682	0.00709	0.06421	0.00719
4	0.02780	0.02253	0.02063	0.01669	0.02172	0.17736	0.01325	0.38755	0.02867	0.11285	0.01856	0.02074	0.01411	0.07078	0.01007	0.00264	0.00927	0.00683	0.00669	0.01124
5	0.01005	0.00689	0.00869	0.00976	0.01028	0.00656	0.00639	0.01137	0.01434	0.01966	0.08656	0.47994	0.04488	0.18589	0.01604	0.00394	0.00497	0.01770	0.05018	0.00593
6	0.01847	0.40899	0.14932	0.17676	0.02959	0.06285	0.01757	0.02260	0.01580	0.01932	0.01183	0.01478	0.00980	0.00694	0.00601	0.00199	0.00943	0.00499	0.00330	0.00964
7	0.01247	0.01500	0.16786	0.01333	0.01655	0.00993	0.01222	0.01561	0.01516	0.05514	0.07008	0.38600	0.03645	0.09467	0.01268	0.00331	0.03498	0.01496	0.00594	0.00765
8	0.01216	0.00836	0.01071	0.01040	0.01227	0.00797	0.00768	0.01647	0.06669	0.06152	0.45455	0.20795	0.06047	0.01672	0.00896	0.00256	0.00409	0.01485	0.00806	0.00757

[dist]
# distance from previous block
# <min> <max>
0	1

[block]
# block no. 1 follows, 26 sequences, length 84
# corresponding to MSA columns:
# 43-126
name=unknown_B
#
# <colnr> <probs for GDERKNQSTAVLIFYWHMCP>
#	G	D	E	R	K	N	Q	S	T	A	V	L	I	F	Y	W	H	M	C	P
0	0.57948	0.01585	0.01403	0.01214	0.01698	0.01737	0.00975	0.09135	0.01753	0.09711	0.04910	0.01870	0.01447	0.00895	0.00620	0.00262	0.00659	0.00575	0.00614	0.00988
1	0.06425	0.02021	0.02134	0.01687	0.02199	0.09948	0.06400	0.38510	0.02769	0.06222	0.01819	0.02067	0.01388	0.05384	0.00921	0.00254	0.00866	0.00695	0.07198	0.01095
2	0.78701	0.01467	0.01115	0.00997	0.01467	0.01702	0.00821	0.02230	0.01291	0.03403	0.01056	0.01232	0.00821	0.00704	0.00469	0.00235	0.00587	0.00411	0.00469	0.00821
3	0.07641	0.01375	0.01390	0.06041	0.01729	0.11244	0.01046	0.04115	0.01625	0.02245	0.05938	0.28554	0.02947	0.01854	0.06363	0.00339	0.07577	0.01227	0.06002	0.00748
4	0.01718	0.01343	0.01519	0.01462	0.04995	0.01441	0.01071	0.03041	0.38431	0.08160	0.11173	0.03974	0.15974	0.01241	0.00809	0.00252	0.00549	0.01047	0.00759	0.01042
5	0.00937	0.00672	0.00907	0.01069	0.01120	0.00643	0.00724	0.01080	0.01434	0.01922	0.04009	0.67275	0.04768	0.02641	0.06501	0.00381	0.00567	0.02049	0.00680	0.00621
6	0.02634	0.02405	0.02109	0.01753	0.02260	0.20370	0.01391	0.34548	0.18284	0.03619	0.01948	0.01939	0.01450	0.00904	0.00742	0.00226	0.00921	0.00672	0.00664	0.01159
7	0.07931	0.01240	0.01367	0.01197	0.01562	0.01293	0.00937	0.10002	0.16150	0.06466	0.14900	0.06030	0.08647	0.01452	0.05093	0.00292	0.00626	0.00958	0.07224	0.06632
8	0.05467	0.03798	0.65922	0.02102	0.03190	0.01758	0.02701	0.02393	0.01586	0.02453	0.01346	0.01583	0.00954	0.00720	0.00708	0.00240	0.01094	0.00553	0.00328	0.01106
9	0.01767	0.02134	0.08977	0.03140	0.08912	0.01930	0.50971	0.02371	0.01721	0.02383	0.01470	0.01969	0.01128	0.00704	0.00999	0.00258	0.06930	0.00834	0.00374	0.01029
10	0.01507	0.01438	0.02444	0.47549	0.18985	0.01640	0.05200	0.01982	0.01594	0.02092	0.01880	0.02412	0.06428	0.00827	0.00774	0.00247	0.00950	0.00759	0.00377	0.00916
11	0.02822	0.01334	0.01670	0.01352	0.01873	0.01271	0.01093	0.03572	0.18480	0.47217	0.03390	0.03020	0.07286	0.01040	0.00776	0.00242	0.00613	0.00853	0.00878	0.01216
12	0.03319	0.01272	0.01733	0.01335	0.01907	0.01100	0.01100	0.03615	0.02170	0.66757	0.05341	0.02693	0.02068	0.00961	0.00768	0.00235	0.00635	0.00785	0.00935	0.01270
13	0.00924	0.00660	0.00880	0.01056	0.01100	0.00616	0.00704	0.01056	0.01452	0.01936	0.04181	0.72848	0.05017	0.02376	0.00968	0.00308	0.00440	0.02156	0.00704	0.00616
14	0.01883	0.02080	0.06373	0.03171	0.11327	0.01948	0.48777	0.07946	0.01914	0.02623	0.01526	0.01980	0.01158	0.00689	0.00904	0.00251	0.03140	0.00833	0.00412	0.01065
15	0.02042	0.01707	0.01803	0.01575	0.02032	0.01959	0.01238	0.13701	0.57318	0.03423	0.02890	0.02673	0.02156	0.01011	0.00770	0.00253	0.00637	0.00830	0.00770	0.01215
16	0.02883	0.02125	0.02276	0.01745	0.02352	0.02352	0.01442	0.66082	0.03566	0.04780	0.01821	0.01821	0.01290	0.00911	0.00759	0.00228	0.00835	0.00683	0.00759	0.01290
17	0.00948	0.00679	0.00883	0.01036	0.01092	0.00636	0.00698	0.01081	0.01449	0.01917	0.04206	0.61763	0.07955	0.08004	0.01198	0.00341	0.00471	0.04349	0.00684	0.00608
18	0.01155	0.01014	0.06431	0.01079	0.01320	0.00777	0.00880	0.01455	0.01821	0.05873	0.30361	0.27360	0.14039	0.01774	0.00898	0.00264	0.00464	0.01564	0.00739	0.00735
19	0.00950	0.00788	0.00842	0.00831	0.01081	0.00664	0.00618	0.01158	0.01731	0.02148	0.12414	0.13287	0.53212	0.01863	0.00886	0.00252	0.00396	0.01576	0.00703	0.04598
20	0.00942	0.00680	0.00895	0.01055	0.01121	0.00633	0.00724	0.01095	0.01502	0.01992	0.06273	0.64308	0.08264	0.02314	0.00966	0.00305	0.00448	0.05151	0.00708	0.00624
21	0.01801	0.01730	0.03000	0.08843	0.55938	0.01744	0.06406	0.02261	0.01718	0.02426	0.01590	0.02315	0.01383	0.00768	0.00779	0.00237	0.00921	0.04612	0.00394	0.01134
22	0.05133	0.01644	0.02664	0.21814	0.32519	0.01759	0.07075	0.06248	0.05142	0.02577	0.04900	0.02139	0.01495	0.00773	0.00761	0.00238	0.00900	0.00726	0.00437	0.01055
23	0.02617	0.03333	0.06436	0.02176	0.07671	0.54474	0.01627	0.05292	0.02085	0.02051	0.01220	0.01455	0.01007	0.00802	0.00787	0.00209	0.04903	0.00524	0.00396	0.00933
24	0.01140	0.00886	0.01211	0.01214	0.01347	0.02826	0.00934	0.01390	0.01262	0.01765	0.02142	0.03397	0.02074	0.11263	0.59045	0.01104	0.01831	0.04078	0.00426	0.00665
25	0.01943	0.01944	0.02961	0.07339	0.59916	0.07920	0.02241	0.02373	0.01756	0.02399	0.01401	0.01838	0.01173	0.00689	0.00745	0.00224	0.00948	0.00659	0.00375	0.01157
26	0.01103	0.00735	0.00827	0.00827	0.00827	0.00735	0.00460	0.01103	0.01103	0.01471	0.02390	0.04964	0.02758	0.73343	0.03861	0.00735	0.00735	0.01103	0.00460	0.00460
27	0.02128	0.04311	0.05822	0.12213	0.07274	0.15725	0.17274	0.13629	0.02051	0.02580	0.01402	0.01773	0.01094	0.00811	0.00950	0.00241	0.08599	0.00679	0.00434	0.01009
28	0.01432	0.01348	0.02275	0.71520	0.05224	0.01685	0.02107	0.01938	0.01517	0.01938	0.01348	0.02022	0.01011	0.00758	0.00758	0.00253	0.01011	0.00674	0.00337	0.00843
29	0.01074	0.00775	0.01014	0.00954	0.01133	0.00716	0.00716	0.01431	0.02147	0.03042	0.68211	0.05666	0.07157	0.01551	0.00895	0.00239	0.00358	0.01372	0.00835	0.00716
30	0.00981	0.00720	0.00989	0.05471	0.01382	0.00704	0.00820	0.01147	0.01466	0.01946	0.03943	0.62182	0.04659	0.04244	0.01041	0.00319	0.00501	0.06179	0.00674	0.00631
31	0.01083	0.00727	0.00833	0.00852	0.00857	0.00722	0.00486	0.01098	0.01141	0.01522	0.02586	0.12415	0.03006	0.65554	0.03543	0.00688	0.00703	0.01219	0.00486	0.00477
32	0.01318	0.00659	0.00988	0.00988	0.00988	0.00659	0.00659	0.00988	0.00988	0.01318	0.01318	0.02306	0.01318	0.02635	0.02964	0.77931	0.00659	0.00659	0.00329	0.00329
33	0.78701	0.01467	0.01115	0.00997	0.01467	0.01702	0.00821	0.02230	0.01291	0.03403	0.01056	0.01232	0.00821	0.00704	0.00469	0.00235	0.00587	0.00411	0.00469	0.00821
34	0.01862	0.01787	0.03052	0.06898	0.66486	0.01798	0.02320	0.02315	0.01720	0.02460	0.01424	0.01882	0.01195	0.00679	0.00751	0.00226	0.00905	0.00676	0.00374	0.01189
35	0.00903	0.00769	0.00778	0.00776	0.01029	0.00643	0.00582	0.01102	0.01745	0.02087	0.10007	0.07237	0.65957	0.01907	0.00896	0.00255	0.00383	0.01592	0.00709	0.00643
36	0.00982	0.00686	0.00908	0.01075	0.01140	0.00649	0.00751	0.01149	0.01491	0.02019	0.04074	0.62244	0.04787	0.02268	0.00954	0.00306	0.00464	0.08737	0.04686	0.00630
37	0.68930	0.01485	0.01224	0.01063	0.01548	0.01687	0.00876	0.05517	0.01474	0.08715	0.01249	0.01369	0.00929	0.00733	0.00507	0.00234	0.00604	0.00452	0.00521	0.00882
38	0.01071	0.00814	0.00967	0.01037	0.01205	0.00762	0.00764	0.05185	0.01714	0.02191	0.05241	0.38189	0.26860	0.02094	0.00939	0.00290	0.00474	0.08821	0.00707	0.00676
39	0.01914	0.01918	0.02922	0.10699	0.51814	0.07739	0.04584	0.02419	0.04203	0.02396	0.01463	0.01889	0.01204	0.00705	0.00752	0.00228	0.00955	0.00674	0.00388	0.01132
40	0.09846	0.09020	0.19800	0.02055	0.04487	0.19882	0.10975	0.08738	0.01931	0.02556	0.01355	0.01595	0.01044	0.00739	0.00690	0.00220	0.01074	0.00580	0.02405	0.01009
41	0.01852	0.56800	0.06746	0.01335	0.01914	0.02622	0.01320	0.02122	0.01554	0.01884	0.03986	0.01911	0.06565	0.00834	0.00687	0.00188	0.05810	0.00561	0.00373	0.00935
42	0.01084	0.00813	0.01219	0.01219	0.01354	0.00948	0.00948	0.01354	0.01219	0.01761	0.02032	0.02980	0.01896	0.05689	0.70337	0.01219	0.02032	0.00813	0.00406	0.00677
43	0.01100	0.00749	0.00896	0.00896	0.00920	0.00773	0.00545	0.01147	0.01123	0.01522	0.02327	0.04615	0.02606	0.61455	0.15542	0.00820	0.00963	0.01052	0.00450	0.00498
44	0.00903	0.00769	0.00778	0.00775	0.01029	0.00643	0.00582	0.01101	0.01745	0.02086	0.09965	0.07238	0.65999	0.01907	0.00896	0.00255	0.00383	0.01592	0.00709	0.00643
45	0.03284	0.01264	0.01722	0.01329	0.01895	0.01094	0.01094	0.03581	0.02170	0.65758	0.06326	0.02739	0.02147	0.00970	0.00770	0.00235	0.00631	0.00794	0.00933	0.01261
46	0.01786	0.02033	0.04402	0.03156	0.03897	0.01932	0.63672	0.02409	0.01769	0.02409	0.01516	0.02033	0.01146	0.00663	0.00949	0.00258	0.03684	0.00887	0.00382	0.01016
47	0.78701	0.01467	0.01115	0.00997	0.01467	0.01702	0.00821	0.02230	0.01291	0.03403	0.01056	0.01232	0.00821	0.00704	0.00469	0.00235	0.00587	0.00411	0.00469	0.00821
48	0.01257	0.01104	0.01707	0.41523	0.03472	0.01264	0.01498	0.01678	0.01730	0.02278	0.21880	0.03782	0.11570	0.01143	0.00816	0.00249	0.00737	0.01000	0.00532	0.00779
49	0.51253	0.01667	0.05193	0.04536	0.01907	0.01754	0.01107	0.08243	0.09170	0.06715	0.01488	0.01596	0.01106	0.00776	0.00573	0.00238	0.00663	0.00525	0.00540	0.00949
50	0.01723	0.13579	0.48572	0.02125	0.03107	0.01926	0.10288	0.02453	0.01645	0.05707	0.01421	0.01651	0.01033	0.00711	0.00711	0.00231	0.01072	0.00590	0.00360	0.01096
51	0.02028	0.73799	0.03975	0.01298	0.01947	0.03001	0.01298	0.02271	0.01541	0.01785	0.01055	0.01217	0.00973	0.00649	0.00487	0.00162	0.00811	0.00406	0.00324	0.00973
52	0.01531	0.03714	0.63111	0.05249	0.03403	0.01766	0.06040	0.02383	0.01607	0.02383	0.01370	0.01643	0.00973	0.00718	0.00731	0.00242	0.01124	0.00583	0.00324	0.01104
53	0.01110	0.00805	0.01087	0.01246	0.01392	0.00781	0.01021	0.01385	0.01663	0.02158	0.04390	0.26305	0.10262	0.02158	0.01012	0.00329	0.00599	0.40928	0.00701	0.00670
54	0.01869	0.01688	0.04338	0.26302	0.31035	0.01738	0.07551	0.04502	0.03552	0.07705	0.01592	0.02014	0.01215	0.00740	0.00767	0.00239	0.00944	0.00703	0.00431	0.01075
55	0.05554	0.58005	0.03504	0.01371	0.01976	0.11428	0.01289	0.02438	0.01640	0.05286	0.01168	0.01306	0.01013	0.00683	0.00525	0.00173	0.00864	0.00435	0.00370	0.00971
56	0.01673	0.01607	0.02747	0.34326	0.32844	0.01761	0.06369	0.02240	0.04726	0.02266	0.01477	0.01998	0.01165	0.00727	0.00765	0.00241	0.00961	0.00698	0.00377	0.01029
57	0.01811	0.01727	0.02938	0.07587	0.55727	0.01747	0.05201	0.02330	0.04182	0.02462	0.01652	0.02345	0.01429	0.00780	0.00777	0.00237	0.00900	0.04615	0.00409	0.01144
58	0.01992	0.01796	0.01693	0.01491	0.01823	0.14570	0.01163	0.17303	0.11460	0.02760	0.02255	0.02630	0.05018	0.05735	0.16406	0.00475	0.04463	0.00769	0.05268	0.00931
59	0.00931	0.00669	0.00872	0.01030	0.01083	0.00623	0.00686	0.01060	0.01450	0.01920	0.04278	0.66250	0.08190	0.05699	0.01101	0.00326	0.00451	0.02078	0.00693	0.00610
60	0.01084	0.00813	0.01219	0.01219	0.01354	0.00948	0.00948	0.01354	0.01219	0.01761	0.02032	0.02980	0.01896	0.05689	0.70337	0.01219	0.02032	0.00813	0.00406	0.00677
61	0.02883	0.02125	0.02276	0.01745	0.02352	0.02352	0.01442	0.66082	0.03566	0.04780	0.01821	0.01821	0.01290	0.00911	0.00759	0.00228	0.00835	0.00683	0.00759	0.01290
62	0.01033	0.00712	0.00842	0.00900	0.00927	0.00691	0.00546	0.01087	0.01251	0.01654	0.03255	0.27461	0.06899	0.46250	0.02754	0.00570	0.00620	0.01476	0.00553	0.00521
63	0.02769	0.09213	0.02295	0.01902	0.02313	0.64930	0.01452	0.02968	0.02101	0.01851	0.01163	0.01356	0.00977	0.00771	0.00668	0.00193	0.01323	0.00482	0.00386	0.00887
64	0.01414	0.00707	0.00707	0.00707	0.00884	0.00707	0.00530	0.01767	0.01591	0.02828	0.02474	0.02828	0.01944	0.00884	0.00530	0.00177	0.00353	0.00707	0.77554	0.00707
65	0.01126	0.00858	0.01068	0.01138	0.01345	0.00822	0.00933	0.01513	0.05119	0.02357	0.14937	0.09872	0.23594	0.01916	0.00962	0.00298	0.00539	0.30172	0.00725	0.00706
66	0.02035	0.60290	0.11238	0.01448	0.02130	0.08229	0.01482	0.02346	0.01597	0.01860	0.01099	0.01272	0.00972	0.00668	0.00529	0.00174	0.00891	0.00430	0.00329	0.00983
67	0.01318	0.00659	0.00988	0.00988	0.00988	0.00659	0.00659	0.00988	0.00988	0.01318	0.01318	0.02306	0.01318	0.02635	0.02964	0.77931	0.00659	0.00659	0.00329	0.00329
68	0.01385	0.01244	0.01454	0.01364	0.01413	0.06364	0.01013	0.01501	0.01278	0.01727	0.02148	0.14119	0.02396	0.27391	0.06804	0.00518	0.23949	0.02820	0.00454	0.00655
69	0.00933	0.00667	0.00888	0.01050	0.01102	0.00622	0.00705	0.01080	0.01496	0.02005	0.08178	0.68654	0.05150	0.02325	0.00964	0.00304	0.00435	0.02107	0.00712	0.00622
70	0.00923	0.00665	0.00875	0.01043	0.01097	0.00617	0.00698	0.01058	0.01465	0.01942	0.04346	0.69757	0.08001	0.02355	0.00965	0.00306	0.00437	0.02130	0.00704	0.00617
71	0.01584	0.01304	0.01535	0.01126	0.01758	0.00989	0.00893	0.01907	0.01582	0.04319	0.01571	0.06051	0.01388	0.00686	0.00593	0.00128	0.00557	0.00565	0.00479	0.70987
72	0.01859	0.01481	0.01749	0.01319	0.01930	0.01312	0.02692	0.12928	0.06997	0.05391	0.01774	0.05423	0.01472	0.00766	0.00648	0.00161	0.00626	0.00631	0.00556	0.50284
73	0.02377	0.01117	0.01443	0.01180	0.01621	0.00990	0.00945	0.02761	0.05154	0.38901	0.19273	0.03910	0.11740	0.01204	0.00805	0.00235	0.00537	0.01011	0.00857	0.03940
74	0.01922	0.01647	0.01735	0.01551	0.01986	0.01903	0.01209	0.06240	0.64974	0.03230	0.03042	0.02794	0.02279	0.01025	0.00771	0.00256	0.00609	0.00851	0.00771	0.01204
75	0.01874	0.36556	0.26400	0.01772	0.05841	0.02291	0.01840	0.02441	0.04707	0.05530	0.01565	0.01705	0.03024	0.00744	0.00621	0.00204	0.00893	0.00547	0.00389	0.01054
76	0.02720	0.05524	0.07822	0.01591	0.02236	0.01868	0.01406	0.32581	0.05543	0.21841	0.02083	0.02006	0.01439	0.00867	0.00728	0.00220	0.00774	0.00670	0.00725	0.07355
77	0.01214	0.00904	0.01290	0.01395	0.01579	0.00901	0.03322	0.01607	0.04224	0.02277	0.05734	0.18561	0.04363	0.02036	0.01015	0.00333	0.00663	0.47173	0.00695	0.00716
78	0.01010	0.00827	0.00933	0.02896	0.01252	0.00764	0.00725	0.01348	0.05972	0.02186	0.11017	0.18247	0.43244	0.01890	0.00904	0.00268	0.00439	0.04680	0.00708	0.00687
79	0.02098	0.07852	0.28051	0.02024	0.05946	0.01634	0.09306	0.02731	0.04641	0.20493	0.02056	0.06405	0.01557	0.00880	0.00754	0.00239	0.00911	0.00761	0.00542	0.01121
80	0.02000	0.14888	0.36717	0.02196	0.03050	0.02023	0.11285	0.02527	0.01790	0.05818	0.01779	0.02195	0.01416	0.01352	0.06984	0.00371	0.01226	0.00713	0.00478	0.01193
81	0.01184	0.00801	0.01041	0.00966	0.01169	0.00733	0.00730	0.01531	0.02130	0.06356	0.62251	0.05581	0.09563	0.01536	0.00888	0.00239	0.00374	0.01351	0.00835	0.00742
82	0.02936	0.01862	0.02044	0.01594	0.02158	0.04454	0.01300	0.40348	0.05398	0.23780	0.02216	0.02183	0.01546	0.03527	0.00869	0.00248	0.00786	0.00721	0.00789	0.01242
83	0.04576	0.01231	0.01795	0.05817	0.22055	0.01223	0.01361	0.02056	0.05103	0.09622	0.13128	0.13467	0.09634	0.01300	0.00826	0.00253	0.00641	0.04349	0.00625	0.00938

[dist]
# distance from previous block
# <min> <max>
0	1

[block]
# block no. 2 follows, 26 sequences, length 17
# corresponding to MSA columns:
# 128-144
name=unknown_C
#
# <colnr> <probs for GDERKNQSTAVLIFYWHMCP>
#	G	D	E	R	K	N	Q	S	T	A	V	L	I	F	Y	W	H	M	C	P
0	0.02958	0.01227	0.01637	0.01316	0.01820	0.01097	0.01062	0.03356	0.06248	0.55370	0.05811	0.09867	0.02443	0.01116	0.00790	0.00244	0.00610	0.00936	0.00900	0.01193
1	0.01804	0.01766	0.02792	0.15171	0.43075	0.04655	0.06038	0.02400	0.07343	0.02403	0.01778	0.02168	0.03679	0.00767	0.00765	0.00234	0.00918	0.00730	0.00416	0.01097
2	0.70907	0.01619	0.05191	0.01089	0.01596	0.01713	0.00955	0.02315	0.04071	0.03334	0.01159	0.01321	0.00892	0.00719	0.00497	0.00236	0.00619	0.00438	0.00473	0.00855
3	0.01461	0.01318	0.02094	0.45166	0.03927	0.01555	0.04389	0.01892	0.01502	0.02085	0.01546	0.04915	0.01281	0.00870	0.00905	0.00242	0.07998	0.00724	0.07894	0.08235
4	0.01103	0.00735	0.00827	0.00827	0.00827	0.00735	0.00460	0.01103	0.01103	0.01471	0.02390	0.04964	0.02758	0.73343	0.03861	0.00735	0.00735	0.01103	0.00460	0.00460
5	0.01333	0.01385	0.08526	0.08308	0.05981	0.01198	0.01341	0.02018	0.12487	0.02429	0.09721	0.05312	0.18219	0.01474	0.00874	0.00275	0.00666	0.16967	0.00630	0.00857
6	0.78701	0.01467	0.01115	0.00997	0.01467	0.01702	0.00821	0.02230	0.01291	0.03403	0.01056	0.01232	0.00821	0.00704	0.00469	0.00235	0.00587	0.00411	0.00469	0.00821
7	0.01965	0.65080	0.12141	0.01406	0.02114	0.02847	0.01486	0.02288	0.01549	0.01862	0.01093	0.01265	0.00972	0.00658	0.00516	0.00172	0.00850	0.00425	0.00324	0.00992
8	0.01683	0.01345	0.01584	0.01137	0.01806	0.01017	0.00912	0.02018	0.01609	0.06491	0.01447	0.01634	0.01169	0.00584	0.00574	0.00120	0.00567	0.00468	0.00479	0.73357
9	0.02883	0.02125	0.02276	0.01745	0.02352	0.02352	0.01442	0.66082	0.03566	0.04780	0.01821	0.01821	0.01290	0.00911	0.00759	0.00228	0.00835	0.00683	0.00759	0.01290
10	0.01305	0.01095	0.01469	0.01346	0.01376	0.01371	0.01013	0.01427	0.01151	0.01667	0.01794	0.03299	0.01913	0.31630	0.18109	0.00693	0.27423	0.00876	0.00400	0.00645
11	0.01322	0.02023	0.26171	0.01584	0.04715	0.01217	0.01576	0.01988	0.06061	0.02793	0.36904	0.03845	0.04340	0.01178	0.00817	0.00240	0.00675	0.01014	0.00624	0.00915
12	0.01084	0.00813	0.01219	0.01219	0.01354	0.00948	0.00948	0.01354	0.01219	0.01761	0.02032	0.02980	0.01896	0.05689	0.70337	0.01219	0.02032	0.00813	0.00406	0.00677
13	0.01562	0.03505	0.56895	0.02302	0.07359	0.01719	0.06037	0.02364	0.01618	0.02413	0.01374	0.01641	0.00998	0.00702	0.00721	0.00231	0.01076	0.00578	0.00336	0.06568
14	0.01891	0.01772	0.02373	0.04850	0.02329	0.08024	0.08935	0.04746	0.01546	0.06837	0.01440	0.04402	0.01274	0.01278	0.04153	0.00314	0.36888	0.00729	0.00428	0.05791
15	0.01591	0.01718	0.08894	0.09575	0.05129	0.04336	0.05701	0.02616	0.24160	0.02581	0.08931	0.09398	0.05330	0.01176	0.00858	0.00260	0.02542	0.03629	0.00602	0.00975
16	0.01806	0.02855	0.37242	0.01996	0.02751	0.01668	0.04699	0.02493	0.09220	0.02829	0.10656	0.06253	0.09205	0.01294	0.00940	0.00316	0.00972	0.00997	0.00625	0.01183

[dist]
# distance from previous block
# <min> <max>
1	27

[block]
# block no. 3 follows, 26 sequences, length 31
# corresponding to MSA columns:
# 172-202
name=unknown_D
#
# <colnr> <probs for GDERKNQSTAVLIFYWHMCP>
#	G	D	E	R	K	N	Q	S	T	A	V	L	I	F	Y	W	H	M	C	P
0	0.01896	0.01709	0.02841	0.06353	0.57702	0.01719	0.02145	0.02404	0.04346	0.05594	0.04695	0.02130	0.01550	0.00746	0.00759	0.00228	0.00855	0.00720	0.00437	0.01171
1	0.01237	0.00854	0.01100	0.01043	0.01251	0.00814	0.00797	0.01693	0.06202	0.06050	0.53947	0.08632	0.06325	0.01562	0.00894	0.00250	0.00412	0.05348	0.00821	0.00768
2	0.02291	0.02276	0.02053	0.02019	0.09757	0.21877	0.01420	0.14427	0.26235	0.02940	0.02334	0.02330	0.04797	0.00938	0.00747	0.00230	0.00890	0.00734	0.00609	0.01096
3	0.01521	0.03923	0.69413	0.02162	0.03283	0.01762	0.02802	0.02402	0.01601	0.02402	0.01361	0.01601	0.00961	0.00721	0.00721	0.00240	0.01121	0.00560	0.00320	0.01121
4	0.01707	0.03663	0.62731	0.02082	0.03150	0.01698	0.02636	0.02530	0.01658	0.08994	0.01522	0.01698	0.01051	0.00742	0.00725	0.00240	0.01074	0.00580	0.00381	0.01138
5	0.02125	0.02026	0.02538	0.02728	0.21932	0.11511	0.07672	0.14921	0.09997	0.02856	0.01891	0.02533	0.01598	0.00949	0.00896	0.00246	0.05422	0.06542	0.00528	0.01086
6	0.01432	0.01348	0.02275	0.71520	0.05224	0.01685	0.02107	0.01938	0.01517	0.01938	0.01348	0.02022	0.01011	0.00758	0.00758	0.00253	0.01011	0.00674	0.00337	0.00843
7	0.00932	0.00667	0.00888	0.01050	0.01102	0.00622	0.00705	0.01077	0.01491	0.01998	0.07755	0.69098	0.05136	0.02330	0.00964	0.00304	0.00435	0.02113	0.00711	0.00622
8	0.03361	0.01358	0.01802	0.01382	0.01970	0.01215	0.01141	0.08752	0.02284	0.63921	0.02898	0.02520	0.01830	0.00937	0.00762	0.00234	0.00661	0.00756	0.00924	0.01291
9	0.01643	0.00989	0.01256	0.01105	0.01396	0.00944	0.00856	0.04104	0.07813	0.15664	0.48129	0.04715	0.05553	0.01369	0.00855	0.00239	0.00448	0.01190	0.00847	0.00885
10	0.01820	0.01492	0.01603	0.01441	0.01844	0.01682	0.01120	0.03623	0.55199	0.05709	0.09623	0.03311	0.05950	0.01119	0.00789	0.00255	0.00568	0.00940	0.00781	0.01130
11	0.01050	0.00779	0.00982	0.00944	0.01136	0.00710	0.00717	0.01379	0.02054	0.02829	0.54403	0.06097	0.17688	0.01643	0.00903	0.00247	0.00380	0.04552	0.00805	0.00702
12	0.01753	0.01509	0.02081	0.01860	0.04998	0.01869	0.03945	0.10074	0.01569	0.04620	0.01633	0.06243	0.01595	0.12025	0.04409	0.00394	0.37278	0.00833	0.00455	0.00859
13	0.01783	0.01892	0.02722	0.07732	0.02846	0.10681	0.23486	0.02514	0.14036	0.02322	0.02289	0.06890	0.06205	0.01026	0.01039	0.00261	0.09923	0.00917	0.00490	0.00947
14	0.00896	0.00768	0.00768	0.00768	0.01025	0.00640	0.00576	0.01089	0.01729	0.02049	0.07684	0.07300	0.68304	0.01921	0.00896	0.00256	0.00384	0.01601	0.00704	0.00640
15	0.02098	0.67662	0.03815	0.01355	0.01982	0.08886	0.01313	0.02338	0.01594	0.01791	0.01065	0.01230	0.00974	0.00661	0.00504	0.00165	0.00860	0.00413	0.00330	0.00965
16	0.01802	0.07259	0.29494	0.08714	0.17806	0.07083	0.07156	0.02394	0.01693	0.04917	0.01511	0.04075	0.01205	0.00771	0.00736	0.00233	0.01033	0.00667	0.00382	0.01069
17	0.01666	0.23908	0.50697	0.01915	0.02901	0.02116	0.02372	0.02365	0.01584	0.02225	0.01273	0.01491	0.00964	0.00700	0.00654	0.00218	0.01032	0.00516	0.00321	0.01079
18	0.01853	0.01008	0.01307	0.01117	0.01439	0.00933	0.00876	0.06161	0.02244	0.22023	0.45397	0.04542	0.05279	0.01336	0.00848	0.00237	0.00470	0.01154	0.00860	0.00916
19	0.02944	0.02028	0.02216	0.01699	0.02304	0.02209	0.01404	0.58846	0.03404	0.12246	0.01957	0.01909	0.01358	0.00914	0.00759	0.00228	0.00813	0.00692	0.00780	0.01290
20	0.01074	0.00775	0.01014	0.00954	0.01133	0.00716	0.00716	0.01431	0.02147	0.03042	0.68211	0.05666	0.07157	0.01551	0.00895	0.00239	0.00358	0.01372	0.00835	0.00716
21	0.01165	0.00798	0.01031	0.00960	0.01162	0.00729	0.00725	0.01510	0.02122	0.05901	0.61505	0.05633	0.10785	0.01547	0.00889	0.00240	0.00372	0.01359	0.00831	0.00736
22	0.01573	0.01348	0.01573	0.01123	0.01798	0.01011	0.00899	0.01910	0.01573	0.02472	0.01348	0.01573	0.01123	0.00562	0.00562	0.00112	0.00562	0.00449	0.00449	0.77980
23	0.01432	0.01348	0.02275	0.71520	0.05224	0.01685	0.02107	0.01938	0.01517	0.01938	0.01348	0.02022	0.01011	0.00758	0.00758	0.00253	0.01011	0.00674	0.00337	0.00843
24	0.78701	0.01467	0.01115	0.00997	0.01467	0.01702	0.00821	0.02230	0.01291	0.03403	0.01056	0.01232	0.00821	0.00704	0.00469	0.00235	0.00587	0.00411	0.00469	0.00821
25	0.03403	0.01291	0.01760	0.01350	0.01936	0.01115	0.01115	0.03697	0.02171	0.69137	0.02992	0.02582	0.01878	0.00939	0.00763	0.00235	0.00645	0.00763	0.00939	0.01291
26	0.01099	0.00751	0.00904	0.00904	0.00931	0.00777	0.00555	0.01152	0.01126	0.01528	0.02320	0.04575	0.02589	0.60086	0.16887	0.00830	0.00989	0.01046	0.00449	0.00502
27	0.01029	0.00860	0.00911	0.00902	0.01158	0.00787	0.00684	0.01446	0.08718	0.02250	0.11619	0.09643	0.51238	0.01824	0.00892	0.00261	0.00420	0.03930	0.00721	0.00707
28	0.01819	0.01774	0.02784	0.20024	0.47553	0.05038	0.02183	0.02349	0.04724	0.02354	0.01473	0.01931	0.01198	0.00716	0.00750	0.00232	0.00935	0.00675	0.00386	0.01102
29	0.02630	0.05407	0.02195	0.01746	0.02256	0.21935	0.01393	0.32535	0.16088	0.03483	0.01861	0.01871	0.01396	0.00887	0.00729	0.00222	0.00940	0.00651	0.00637	0.01140
30	0.05159	0.01326	0.01535	0.01168	0.01744	0.01108	0.00926	0.01955	0.04658	0.02480	0.01625	0.07218	0.01467	0.00765	0.00679	0.00149	0.03499	0.00610	0.00481	0.61450

[dist]
# distance from previous block
# <min> <max>
0	1

[block]
# block no. 4 follows, 26 sequences, length 28
# corresponding to MSA columns:
# 204-231
name=unknown_E
#
# <colnr> <probs for GDERKNQSTAVLIFYWHMCP>
#	G	D	E	R	K	N	Q	S	T	A	V	L	I	F	Y	W	H	M	C	P
0	0.73264	0.06596	0.01318	0.01019	0.01501	0.01794	0.00855	0.02233	0.01309	0.03288	0.01056	0.01231	0.00832	0.00700	0.00471	0.00230	0.00603	0.00410	0.00459	0.00832
1	0.01290	0.00995	0.01332	0.03608	0.06953	0.01000	0.00982	0.01626	0.05708	0.04883	0.08821	0.33757	0.08923	0.05416	0.01130	0.00294	0.05090	0.01473	0.00636	0.06084
2	0.01198	0.00803	0.01054	0.00975	0.01176	0.00737	0.00737	0.01552	0.02148	0.06564	0.64735	0.05502	0.06876	0.01518	0.00888	0.00238	0.00373	0.01339	0.00841	0.00746
3	0.01783	0.01979	0.04074	0.02965	0.03630	0.01959	0.55002	0.02468	0.05901	0.02414	0.01577	0.02056	0.01209	0.00736	0.01054	0.00264	0.08643	0.00868	0.00403	0.01014
4	0.01459	0.01183	0.01366	0.01319	0.03660	0.01221	0.00976	0.06336	0.22347	0.02835	0.18536	0.11696	0.14009	0.01439	0.00841	0.00252	0.00522	0.04257	0.00734	0.05014
5	0.02833	0.03615	0.02149	0.01954	0.02345	0.70298	0.01466	0.03029	0.02149	0.01856	0.01172	0.01368	0.00977	0.00782	0.00684	0.00195	0.01368	0.00489	0.00391	0.00879
6	0.01495	0.01351	0.02200	0.65060	0.04890	0.01667	0.02002	0.04741	0.01610	0.02105	0.01423	0.02052	0.01068	0.00771	0.00747	0.00248	0.00972	0.00676	0.04066	0.00856
7	0.02713	0.01983	0.02119	0.01649	0.02212	0.02193	0.01354	0.57717	0.06520	0.04540	0.01937	0.01954	0.01394	0.00914	0.00740	0.00225	0.00783	0.00693	0.07120	0.01237
8	0.01103	0.00735	0.00827	0.00827	0.00827	0.00735	0.00460	0.01103	0.01103	0.01471	0.02390	0.04964	0.02758	0.73343	0.03861	0.00735	0.00735	0.01103	0.00460	0.00460
9	0.33549	0.05042	0.27334	0.01597	0.02347	0.01745	0.04171	0.04722	0.01605	0.09473	0.01409	0.01558	0.01014	0.00736	0.00621	0.00235	0.00839	0.00531	0.00461	0.01011
10	0.78701	0.01467	0.01115	0.00997	0.01467	0.01702	0.00821	0.02230	0.01291	0.03403	0.01056	0.01232	0.00821	0.00704	0.00469	0.00235	0.00587	0.00411	0.00469	0.00821
11	0.00924	0.00660	0.00880	0.01056	0.01100	0.00616	0.00704	0.01056	0.01452	0.01936	0.04181	0.72848	0.05017	0.02376	0.00968	0.00308	0.00440	0.02156	0.00704	0.00616
12	0.02744	0.05751	0.02318	0.01745	0.02300	0.09964	0.01432	0.50557	0.06521	0.04125	0.01749	0.01788	0.01283	0.00903	0.00795	0.00226	0.03252	0.00656	0.00683	0.01209
13	0.01648	0.05289	0.19417	0.01837	0.06940	0.04503	0.04737	0.05097	0.01667	0.02367	0.05702	0.02182	0.01602	0.06115	0.02791	0.03411	0.05387	0.00663	0.00426	0.18218
14	0.04948	0.01755	0.01929	0.01557	0.02065	0.01915	0.01261	0.38719	0.13806	0.10953	0.05496	0.05689	0.01994	0.01178	0.02941	0.00269	0.00762	0.00821	0.00761	0.01181
15	0.01547	0.03745	0.63227	0.02260	0.03348	0.01776	0.08809	0.02405	0.01619	0.02405	0.01378	0.01644	0.00979	0.00713	0.00737	0.00242	0.01136	0.00592	0.00326	0.01112
16	0.08743	0.01303	0.01714	0.01325	0.01903	0.01156	0.01094	0.03593	0.02109	0.64475	0.02855	0.02486	0.01803	0.00922	0.00742	0.00235	0.00641	0.00738	0.00906	0.01258
17	0.32623	0.01409	0.01715	0.15724	0.11791	0.01546	0.01330	0.02357	0.03570	0.11993	0.05044	0.02179	0.04143	0.00844	0.00655	0.00239	0.00706	0.00658	0.00531	0.00943
18	0.01898	0.01916	0.06551	0.08666	0.54106	0.01835	0.04393	0.06831	0.01839	0.02600	0.01450	0.01874	0.01181	0.00699	0.00755	0.00229	0.00928	0.00677	0.00397	0.01174
19	0.00922	0.00667	0.00873	0.01038	0.01095	0.00618	0.00696	0.01058	0.01470	0.01943	0.04404	0.68665	0.09055	0.02347	0.00964	0.00305	0.00436	0.02121	0.00704	0.00618
20	0.02266	0.30818	0.08181	0.06069	0.02377	0.07280	0.01492	0.23838	0.02274	0.02911	0.01434	0.01593	0.01129	0.00771	0.00631	0.00199	0.00874	0.00549	0.04248	0.01064
21	0.02704	0.03064	0.02074	0.01828	0.02242	0.50446	0.01399	0.15716	0.02371	0.02484	0.01396	0.01594	0.01122	0.01048	0.04040	0.00250	0.01252	0.00552	0.03469	0.00946
22	0.01095	0.00769	0.00997	0.00997	0.01055	0.00827	0.00671	0.01212	0.01153	0.01596	0.02235	0.04106	0.02385	0.44099	0.32596	0.00944	0.01296	0.00978	0.00437	0.00554
23	0.01007	0.00715	0.00953	0.01101	0.01169	0.00692	0.00784	0.01171	0.01459	0.01940	0.03861	0.50199	0.04512	0.10461	0.04115	0.00401	0.00587	0.13594	0.00663	0.00616
24	0.01659	0.01659	0.02323	0.01991	0.01991	0.02323	0.01659	0.01825	0.01162	0.01825	0.00996	0.01659	0.00996	0.01328	0.02489	0.00332	0.71955	0.00664	0.00332	0.00830
25	0.01091	0.00730	0.00831	0.00843	0.00846	0.00727	0.00477	0.01100	0.01128	0.01503	0.02515	0.09723	0.02916	0.68368	0.03658	0.00705	0.00715	0.01177	0.00477	0.00471
26	0.02087	0.01634	0.02094	0.27465	0.03249	0.01899	0.01603	0.23961	0.12173	0.06048	0.01881	0.02123	0.01385	0.00892	0.00834	0.00244	0.04306	0.00710	0.04352	0.01060
27	0.01691	0.06872	0.45841	0.02487	0.12689	0.01788	0.07450	0.02412	0.01651	0.04799	0.01427	0.01691	0.01052	0.00705	0.00721	0.00229	0.01044	0.00598	0.00362	0.04492

[dist]
# distance from previous block
# <min> <max>
5	9

[block]
# block no. 5 follows, 26 sequences, length 36
# corresponding to MSA columns:
# 241-276
name=unknown_F
#
# <colnr> <probs for GDERKNQSTAVLIFYWHMCP>
#	G	D	E	R	K	N	Q	S	T	A	V	L	I	F	Y	W	H	M	C	P
0	0.01675	0.01760	0.07220	0.14937	0.38631	0.01669	0.06621	0.02231	0.05028	0.02359	0.01789	0.09336	0.01605	0.00885	0.00784	0.00243	0.00898	0.00847	0.00421	0.01063
1	0.07718	0.02100	0.04661	0.07738	0.02526	0.06021	0.01484	0.45866	0.04917	0.04021	0.01721	0.01840	0.01258	0.01057	0.03418	0.00268	0.00913	0.00658	0.00652	0.01164
2	0.01000	0.00827	0.01018	0.06038	0.03898	0.00763	0.00796	0.01234	0.01711	0.02163	0.14143	0.20058	0.39950	0.01837	0.00896	0.00263	0.00456	0.01585	0.00683	0.00681
3	0.01072	0.01038	0.05894	0.01375	0.01575	0.00845	0.07722	0.01320	0.01514	0.02038	0.03703	0.56954	0.04300	0.02066	0.00948	0.00300	0.00589	0.05402	0.00644	0.00698
4	0.01594	0.09365	0.43086	0.04995	0.07600	0.01824	0.11230	0.02308	0.01663	0.02381	0.05746	0.01931	0.01413	0.00756	0.00739	0.00235	0.01047	0.00659	0.00368	0.01063
5	0.01409	0.01159	0.01541	0.06465	0.08959	0.03209	0.01341	0.01971	0.09860	0.02321	0.03330	0.11726	0.03457	0.03605	0.01020	0.00320	0.00728	0.36129	0.00634	0.00816
6	0.30795	0.01487	0.01593	0.01285	0.01824	0.01539	0.01057	0.11767	0.05387	0.32841	0.02128	0.01996	0.01433	0.00854	0.00655	0.00235	0.00648	0.00628	0.00734	0.01114
7	0.01851	0.33942	0.28655	0.05388	0.04159	0.07635	0.01962	0.02349	0.01602	0.02051	0.01202	0.01446	0.00977	0.00715	0.00677	0.00206	0.03336	0.00500	0.00330	0.01016
8	0.01163	0.00756	0.01002	0.01082	0.01151	0.00742	0.00740	0.05301	0.01461	0.01949	0.03223	0.48417	0.03735	0.02353	0.01514	0.22061	0.00527	0.01640	0.00603	0.00580
9	0.02461	0.13781	0.04454	0.01681	0.02136	0.39191	0.01365	0.09129	0.06307	0.02343	0.01487	0.01647	0.01196	0.00799	0.00652	0.00197	0.01064	0.00545	0.08622	0.00945
10	0.01586	0.01389	0.01744	0.01246	0.01925	0.01065	0.04735	0.01941	0.01586	0.02469	0.01359	0.01601	0.01125	0.00566	0.00581	0.00121	0.00604	0.00476	0.00446	0.73436
11	0.02859	0.01524	0.01817	0.01429	0.01961	0.01530	0.01168	0.24716	0.06450	0.34787	0.06675	0.02548	0.02040	0.00969	0.00755	0.00230	0.00670	0.00776	0.05885	0.01211
12	0.01021	0.00832	0.00999	0.01151	0.05525	0.00750	0.00786	0.01229	0.01649	0.02050	0.05932	0.16473	0.42000	0.06746	0.01117	0.00306	0.00491	0.09612	0.00665	0.00669
13	0.02028	0.73799	0.03975	0.01298	0.01947	0.03001	0.01298	0.02271	0.01541	0.01785	0.01055	0.01217	0.00973	0.00649	0.00487	0.00162	0.00811	0.00406	0.00324	0.00973
14	0.01088	0.00744	0.00858	0.00858	0.00886	0.00748	0.00510	0.01124	0.01153	0.01533	0.02692	0.04936	0.06813	0.62886	0.09526	0.00748	0.00827	0.01109	0.00470	0.00490
15	0.00951	0.00679	0.00910	0.01086	0.01142	0.00639	0.00750	0.01102	0.01478	0.01966	0.04166	0.67154	0.04959	0.02351	0.00975	0.00312	0.00463	0.07590	0.00704	0.00623
16	0.02028	0.73799	0.03975	0.01298	0.01947	0.03001	0.01298	0.02271	0.01541	0.01785	0.01055	0.01217	0.00973	0.00649	0.00487	0.00162	0.00811	0.00406	0.00324	0.00973
17	0.01566	0.01182	0.01415	0.05762	0.01762	0.03116	0.00964	0.07387	0.02000	0.06987	0.26929	0.11919	0.03914	0.01228	0.00783	0.00213	0.00553	0.01060	0.00674	0.20586
18	0.00927	0.00675	0.00874	0.01024	0.01094	0.00622	0.00692	0.01073	0.01504	0.01986	0.06780	0.63991	0.11362	0.02302	0.00958	0.00300	0.00432	0.02074	0.00709	0.00622
19	0.02600	0.02050	0.04540	0.01677	0.02261	0.02172	0.01410	0.52859	0.10414	0.04346	0.02312	0.02268	0.05591	0.00980	0.00767	0.00233	0.00791	0.00755	0.00741	0.01233
20	0.01798	0.42153	0.33611	0.01689	0.02552	0.02440	0.01979	0.02331	0.01568	0.02064	0.01193	0.01391	0.00968	0.00681	0.00593	0.00198	0.00951	0.00476	0.00323	0.01040
21	0.02028	0.73799	0.03975	0.01298	0.01947	0.03001	0.01298	0.02271	0.01541	0.01785	0.01055	0.01217	0.00973	0.00649	0.00487	0.00162	0.00811	0.00406	0.00324	0.00973
22	0.00997	0.00814	0.00887	0.00875	0.01110	0.00729	0.00653	0.01337	0.05672	0.02331	0.20784	0.10967	0.46518	0.01815	0.00893	0.00256	0.00395	0.01542	0.00738	0.00689
23	0.01566	0.01337	0.01551	0.01150	0.01778	0.01055	0.00911	0.02022	0.06245	0.02497	0.01601	0.04911	0.01386	0.00678	0.00595	0.00132	0.00559	0.00556	0.00484	0.68985
24	0.01852	0.01953	0.07803	0.04478	0.63959	0.01799	0.02362	0.02333	0.01718	0.02473	0.01422	0.01858	0.01184	0.00679	0.00749	0.00226	0.00917	0.00668	0.00372	0.01196
25	0.78701	0.01467	0.01115	0.00997	0.01467	0.01702	0.00821	0.02230	0.01291	0.03403	0.01056	0.01232	0.00821	0.00704	0.00469	0.00235	0.00587	0.00411	0.00469	0.00821
26	0.02646	0.01946	0.02115	0.01676	0.02217	0.02141	0.01376	0.57641	0.03308	0.04430	0.02119	0.07278	0.01737	0.01085	0.00791	0.00241	0.00799	0.04498	0.00751	0.01207
27	0.01318	0.00659	0.00988	0.00988	0.00988	0.00659	0.00659	0.00988	0.00988	0.01318	0.01318	0.02306	0.01318	0.02635	0.02964	0.77931	0.00659	0.00659	0.00329	0.00329
28	0.02645	0.01971	0.02142	0.01671	0.02206	0.02199	0.01376	0.56214	0.03245	0.04374	0.02124	0.02155	0.05101	0.00993	0.00868	0.00234	0.05276	0.00735	0.03267	0.01205
29	0.00931	0.00674	0.00880	0.01031	0.01097	0.00623	0.00696	0.01080	0.01510	0.02006	0.08049	0.64732	0.09288	0.02300	0.00959	0.00301	0.00432	0.02075	0.00712	0.00623
30	0.01760	0.01980	0.04215	0.07435	0.03932	0.01926	0.58191	0.02364	0.01737	0.02364	0.01492	0.02023	0.01133	0.00686	0.00977	0.00260	0.05278	0.00868	0.00378	0.01001
31	0.01203	0.00812	0.00953	0.00956	0.01009	0.00818	0.00599	0.05713	0.01350	0.01802	0.02686	0.20066	0.03072	0.47205	0.02919	0.05808	0.00670	0.01284	0.00528	0.00546
32	0.01544	0.07108	0.66430	0.02123	0.03222	0.01818	0.02734	0.02396	0.01599	0.02374	0.01347	0.01584	0.00961	0.00717	0.00710	0.00237	0.01107	0.00553	0.00320	0.01114
33	0.04461	0.01479	0.01887	0.20334	0.08435	0.05614	0.02808	0.09607	0.01778	0.02583	0.01687	0.02197	0.01361	0.03522	0.00997	0.00250	0.08864	0.00683	0.20571	0.00882
34	0.37652	0.06289	0.01632	0.01198	0.01736	0.01550	0.01004	0.04965	0.01772	0.32501	0.01940	0.01849	0.01316	0.00811	0.00610	0.00230	0.00636	0.00575	0.00677	0.01055
35	0.16556	0.07164	0.02149	0.04183	0.02267	0.18328	0.01349	0.32893	0.02605	0.03532	0.01459	0.01573	0.01099	0.00819	0.00670	0.00218	0.00921	0.00568	0.00574	0.01070

[dist]
# distance from previous block
# <min> <max>
0	1

[block]
# block no. 6 follows, 26 sequences, length 41
# corresponding to MSA columns:
# 278-318
name=unknown_G
#
# <colnr> <probs for GDERKNQSTAVLIFYWHMCP>
#	G	D	E	R	K	N	Q	S	T	A	V	L	I	F	Y	W	H	M	C	P
0	0.01131	0.00791	0.01029	0.00970	0.01163	0.00728	0.00736	0.01480	0.02118	0.04673	0.62125	0.05741	0.09407	0.01567	0.00896	0.00243	0.00377	0.03270	0.00828	0.00727
1	0.01426	0.00838	0.00949	0.03099	0.01202	0.00870	0.00709	0.06225	0.01721	0.02783	0.06873	0.08691	0.02464	0.01483	0.06924	0.00292	0.00567	0.00877	0.51265	0.00743
2	0.01097	0.00838	0.01017	0.00983	0.01192	0.00790	0.00746	0.01542	0.06831	0.02754	0.44479	0.08306	0.20158	0.01651	0.00896	0.00252	0.00402	0.04546	0.00790	0.00731
3	0.00916	0.00694	0.00845	0.00967	0.01077	0.00624	0.00664	0.01066	0.01538	0.01971	0.05268	0.52506	0.24657	0.02235	0.00946	0.00292	0.00423	0.01984	0.00704	0.00624
4	0.01597	0.01452	0.02335	0.60260	0.09659	0.01754	0.02063	0.07765	0.01718	0.02235	0.01397	0.01993	0.01050	0.00766	0.00758	0.00248	0.00987	0.00675	0.00378	0.00910
5	0.02810	0.02106	0.02195	0.01701	0.02280	0.04588	0.01398	0.60778	0.03421	0.04585	0.01831	0.01855	0.01311	0.00905	0.00745	0.00224	0.00829	0.00677	0.04513	0.01247
6	0.00959	0.00705	0.00943	0.01091	0.01138	0.00689	0.00744	0.01099	0.01462	0.01966	0.06063	0.67819	0.04919	0.02307	0.01028	0.00307	0.03368	0.02070	0.00693	0.00628
7	0.00953	0.00680	0.00902	0.01055	0.01113	0.00638	0.00718	0.01107	0.01504	0.02017	0.08858	0.63029	0.05075	0.04613	0.01060	0.00318	0.00454	0.04578	0.00706	0.00622
8	0.01318	0.00659	0.00988	0.00988	0.00988	0.00659	0.00659	0.00988	0.00988	0.01318	0.01318	0.02306	0.01318	0.02635	0.02964	0.77931	0.00659	0.00659	0.00329	0.00329
9	0.01099	0.00894	0.01379	0.01309	0.01490	0.00820	0.08812	0.01299	0.01475	0.02002	0.03476	0.52700	0.04037	0.07914	0.01167	0.00321	0.00579	0.01775	0.00624	0.06829
10	0.78701	0.01467	0.01115	0.00997	0.01467	0.01702	0.00821	0.02230	0.01291	0.03403	0.01056	0.01232	0.00821	0.00704	0.00469	0.00235	0.00587	0.00411	0.00469	0.00821
11	0.00945	0.00673	0.00895	0.01065	0.01114	0.00633	0.00721	0.01083	0.01455	0.01937	0.04113	0.67445	0.04910	0.04714	0.01068	0.00324	0.00463	0.05131	0.00696	0.00615
12	0.02024	0.01586	0.01706	0.01506	0.01949	0.01790	0.01179	0.06059	0.56859	0.09153	0.03195	0.02928	0.04539	0.01048	0.00775	0.00254	0.00605	0.00869	0.00784	0.01192
13	0.01157	0.00780	0.00880	0.00870	0.00893	0.00786	0.00505	0.03364	0.01205	0.01608	0.02454	0.08022	0.02812	0.67509	0.03618	0.00698	0.00725	0.01138	0.00481	0.00496
14	0.01092	0.00778	0.01045	0.01045	0.01120	0.00853	0.00731	0.01242	0.01167	0.01632	0.02191	0.03864	0.02280	0.35827	0.40724	0.01004	0.01454	0.00942	0.00430	0.00580
15	0.01746	0.01804	0.02310	0.01989	0.02018	0.07358	0.01645	0.01915	0.01235	0.01828	0.01009	0.01638	0.00994	0.01287	0.02356	0.00322	0.66727	0.00651	0.00336	0.00833
16	0.01046	0.00763	0.00987	0.00977	0.01142	0.00704	0.00729	0.01359	0.01996	0.02769	0.51219	0.15552	0.11345	0.01724	0.00913	0.00255	0.00389	0.04636	0.00799	0.00695
17	0.01543	0.01316	0.01541	0.01120	0.01765	0.00993	0.00890	0.01870	0.01567	0.02447	0.01480	0.04898	0.01305	0.00646	0.00581	0.00121	0.00556	0.00529	0.00461	0.74370
18	0.04209	0.01295	0.03929	0.01561	0.01869	0.03580	0.05931	0.02114	0.11985	0.02491	0.06492	0.06295	0.03583	0.01653	0.00941	0.00309	0.00743	0.39532	0.00662	0.00827
19	0.01946	0.01616	0.01717	0.01536	0.01971	0.01856	0.01197	0.04017	0.64678	0.05771	0.03083	0.02820	0.02298	0.01026	0.00771	0.00256	0.00602	0.00854	0.00778	0.01204
20	0.01636	0.01386	0.01607	0.01153	0.01824	0.01076	0.00925	0.05007	0.01669	0.02583	0.01371	0.01585	0.01132	0.00579	0.00571	0.00118	0.00575	0.00461	0.00464	0.74279
21	0.01711	0.01857	0.03888	0.02844	0.03458	0.01813	0.52790	0.02217	0.01661	0.02274	0.01569	0.04676	0.01294	0.00914	0.01195	0.06018	0.07590	0.00904	0.00387	0.00939
22	0.01659	0.01659	0.02323	0.01991	0.01991	0.02323	0.01659	0.01825	0.01162	0.01825	0.00996	0.01659	0.00996	0.01328	0.02489	0.00332	0.71955	0.00664	0.00332	0.00830
23	0.78701	0.01467	0.01115	0.00997	0.01467	0.01702	0.00821	0.02230	0.01291	0.03403	0.01056	0.01232	0.00821	0.00704	0.00469	0.00235	0.00587	0.00411	0.00469	0.00821
24	0.01140	0.00892	0.01311	0.01279	0.01397	0.01073	0.00999	0.01391	0.01209	0.01756	0.01945	0.02926	0.01841	0.07794	0.61276	0.01115	0.08761	0.00809	0.00401	0.00684
25	0.00915	0.00761	0.00799	0.00807	0.01040	0.00645	0.00599	0.01118	0.01747	0.02132	0.13014	0.12004	0.57969	0.01921	0.00902	0.00258	0.00386	0.01621	0.00716	0.00645
26	0.01084	0.00813	0.01219	0.01219	0.01354	0.00948	0.00948	0.01354	0.01219	0.01761	0.02032	0.02980	0.01896	0.05689	0.70337	0.01219	0.02032	0.00813	0.00406	0.00677
27	0.01078	0.00845	0.00979	0.01031	0.01245	0.00793	0.00822	0.01406	0.04983	0.02130	0.05698	0.07300	0.36820	0.08393	0.01211	0.00332	0.00536	0.23042	0.00684	0.00672
28	0.78701	0.01467	0.01115	0.00997	0.01467	0.01702	0.00821	0.02230	0.01291	0.03403	0.01056	0.01232	0.00821	0.00704	0.00469	0.00235	0.00587	0.00411	0.00469	0.00821
