[name]
unknown

[dist]
# distance from previous block
# <min> <max>
2	146

[block]
# block no. 0 follows, 22 sequences, length 24
# corresponding to MSA columns:
# 148-171
name=unknown_A
#
# <colnr> <probs for GDERKNQSTAVLIFYWHMCP>
#	G	D	E	R	K	N	Q	S	T	A	V	L	I	F	Y	W	H	M	C	P
0	0.05686	0.06262	0.44581	0.06648	0.03277	0.02011	0.02564	0.02449	0.01687	0.02571	0.04149	0.01946	0.01346	0.00918	0.01039	0.00274	0.10423	0.00660	0.00387	0.01120
1	0.06956	0.21554	0.45845	0.02034	0.03078	0.02278	0.02492	0.02581	0.01713	0.02530	0.01380	0.01617	0.01045	0.00768	0.00704	0.00240	0.01099	0.00558	0.00363	0.01163
2	0.01841	0.16111	0.10428	0.26011	0.11233	0.02125	0.02008	0.05622	0.05856	0.02484	0.02139	0.02478	0.06461	0.00922	0.00777	0.00251	0.00967	0.00760	0.00457	0.01069
3	0.01723	0.09854	0.52207	0.02130	0.03245	0.01938	0.02641	0.02545	0.01744	0.02581	0.01459	0.01712	0.01078	0.00759	0.00743	0.00237	0.01115	0.00582	0.00370	0.11337
4	0.01208	0.00805	0.00906	0.00906	0.00906	0.00805	0.00503	0.01208	0.01208	0.01611	0.02618	0.05436	0.03020	0.70804	0.04228	0.00805	0.00805	0.01208	0.00503	0.00503
5	0.01873	0.07041	0.10414	0.09393	0.04120	0.02082	0.44330	0.02532	0.01878	0.02536	0.01727	0.04957	0.01388	0.00801	0.00920	0.00274	0.01283	0.00943	0.00419	0.01090
6	0.01971	0.02193	0.07818	0.13148	0.34072	0.04607	0.15642	0.02524	0.01854	0.02553	0.01538	0.02064	0.01236	0.00786	0.00945	0.00264	0.04430	0.00775	0.00402	0.01179
7	0.01463	0.01060	0.01252	0.01226	0.01523	0.01031	0.00981	0.02098	0.11934	0.07020	0.17043	0.06862	0.25442	0.01845	0.00990	0.00300	0.00556	0.15671	0.00826	0.00878
8	0.01064	0.00794	0.00989	0.01048	0.01200	0.00719	0.00745	0.01311	0.01927	0.02578	0.26955	0.33879	0.19405	0.02172	0.01015	0.00298	0.00437	0.01923	0.00822	0.00719
9	0.02788	0.01832	0.06615	0.06488	0.05728	0.01787	0.01631	0.08355	0.09496	0.30921	0.02481	0.02465	0.01725	0.01065	0.01151	0.00279	0.12377	0.00795	0.00755	0.01266
10	0.01727	0.01819	0.05607	0.11759	0.06034	0.01718	0.30648	0.05425	0.01950	0.02638	0.04949	0.17020	0.02431	0.01191	0.00956	0.00288	0.01072	0.01232	0.00529	0.01011
11	0.00982	0.00842	0.00842	0.00842	0.01122	0.00701	0.00631	0.01192	0.01894	0.02244	0.08416	0.07995	0.65285	0.02104	0.00982	0.00281	0.00421	0.01753	0.00771	0.00701
12	0.76672	0.01607	0.01221	0.01092	0.01607	0.01864	0.00900	0.02442	0.01414	0.03727	0.01157	0.01350	0.00900	0.00771	0.00514	0.00257	0.00643	0.00450	0.00514	0.00900
13	0.76672	0.01607	0.01221	0.01092	0.01607	0.01864	0.00900	0.02442	0.01414	0.03727	0.01157	0.01350	0.00900	0.00771	0.00514	0.00257	0.00643	0.00450	0.00514	0.00900
14	0.01904	0.01994	0.07197	0.21504	0.46050	0.01938	0.02520	0.02444	0.01823	0.02555	0.01536	0.02078	0.01245	0.00767	0.00822	0.00256	0.01034	0.00732	0.00396	0.01208
15	0.10839	0.08013	0.46053	0.02093	0.03126	0.02096	0.02503	0.10765	0.02001	0.03071	0.01498	0.01711	0.01084	0.00810	0.00746	0.00255	0.01094	0.00602	0.00436	0.01203
16	0.02147	0.02331	0.02699	0.31745	0.21608	0.20781	0.02173	0.02586	0.01925	0.02263	0.01445	0.01964	0.01155	0.00813	0.00805	0.00250	0.01186	0.00680	0.00398	0.01045
17	0.01005	0.00842	0.00874	0.00866	0.01136	0.00711	0.00649	0.01237	0.01948	0.02373	0.15162	0.07782	0.58458	0.02056	0.00982	0.00278	0.00417	0.01723	0.00788	0.00711
18	0.01334	0.01078	0.01550	0.01473	0.01585	0.01336	0.01161	0.01595	0.01330	0.01970	0.02022	0.03057	0.01916	0.08153	0.48386	0.01064	0.16256	0.00867	0.03102	0.00767
19	0.01023	0.00732	0.00974	0.01149	0.01207	0.00682	0.00772	0.01185	0.01642	0.02203	0.08707	0.65899	0.05654	0.02541	0.01055	0.00332	0.00476	0.02303	0.00781	0.00682
20	0.01155	0.00848	0.01081	0.01023	0.01228	0.00775	0.00767	0.01527	0.02302	0.03213	0.58981	0.06401	0.14116	0.01743	0.00980	0.00263	0.00395	0.01530	0.00899	0.00775
21	0.30417	0.01991	0.01945	0.01557	0.02146	0.02233	0.01283	0.37735	0.02885	0.04582	0.01714	0.01803	0.01253	0.00912	0.00702	0.00250	0.00790	0.00638	0.03969	0.01194
22	0.02352	0.52960	0.12248	0.01554	0.02324	0.02827	0.01612	0.02718	0.01790	0.10756	0.01487	0.01591	0.01199	0.00764	0.00608	0.00200	0.00909	0.00520	0.00446	0.01135
23	0.02681	0.01261	0.01623	0.01338	0.01813	0.01164	0.01070	0.03246	0.09261	0.37780	0.19869	0.03966	0.06136	0.01257	0.00872	0.00260	0.00595	0.01058	0.03567	0.01185

[dist]
# distance from previous block
# <min> <max>
5	11

[block]
# block no. 1 follows, 22 sequences, length 14
# corresponding to MSA columns:
# 183-196
name=unknown_B
#
# <colnr> <probs for GDERKNQSTAVLIFYWHMCP>
#	G	D	E	R	K	N	Q	S	T	A	V	L	I	F	Y	W	H	M	C	P
0	0.02376	0.05494	0.01848	0.07568	0.02161	0.01489	0.01197	0.11923	0.05699	0.20804	0.13636	0.03456	0.06116	0.01154	0.00814	0.00247	0.00670	0.00949	0.11289	0.01107
1	0.47061	0.07340	0.03835	0.01378	0.01956	0.08092	0.01174	0.10985	0.01900	0.03552	0.01315	0.01487	0.01025	0.00797	0.00596	0.00238	0.00795	0.00507	0.00532	0.05433
2	0.01375	0.00984	0.01133	0.01087	0.01352	0.00912	0.00812	0.07108	0.02125	0.06136	0.17699	0.21203	0.31004	0.01980	0.00978	0.00286	0.00490	0.01703	0.00818	0.00815
3	0.01107	0.00780	0.01016	0.01152	0.01222	0.00746	0.00799	0.01275	0.01620	0.02167	0.08824	0.44724	0.05107	0.15412	0.01666	0.00426	0.00575	0.09986	0.00731	0.00663
4	0.01907	0.05894	0.04129	0.11114	0.15407	0.02059	0.38073	0.02508	0.01866	0.02531	0.01634	0.02206	0.01284	0.01010	0.04354	0.00323	0.01305	0.00874	0.00410	0.01111
5	0.01766	0.11622	0.53520	0.02198	0.03298	0.02095	0.02721	0.02780	0.07510	0.02633	0.01628	0.01831	0.01191	0.00812	0.00766	0.00255	0.01137	0.00625	0.00397	0.01218
6	0.01197	0.00801	0.00909	0.00921	0.00924	0.00798	0.00519	0.01205	0.01231	0.01641	0.02733	0.09245	0.03166	0.66798	0.04042	0.00778	0.00786	0.01276	0.00519	0.00513
7	0.01053	0.00844	0.00946	0.00966	0.01204	0.00737	0.00734	0.01307	0.01958	0.02462	0.18492	0.12695	0.44332	0.02084	0.01002	0.00290	0.00451	0.06924	0.00798	0.00720
8	0.04763	0.13350	0.02691	0.24018	0.03421	0.03884	0.06740	0.02620	0.01852	0.15759	0.02065	0.05110	0.01656	0.00994	0.00859	0.00261	0.03187	0.03260	0.02463	0.01047
9	0.07977	0.50973	0.17858	0.01605	0.02415	0.02874	0.01745	0.02516	0.01681	0.02244	0.01229	0.01427	0.01050	0.00733	0.00588	0.00203	0.00944	0.00482	0.00367	0.01089
10	0.01267	0.00906	0.01249	0.01395	0.01568	0.00888	0.01165	0.01619	0.01948	0.02588	0.15204	0.16877	0.05418	0.02230	0.01106	0.00355	0.00661	0.42009	0.00792	0.00756
11	0.01189	0.00797	0.00912	0.00931	0.00935	0.00793	0.00530	0.01203	0.01246	0.01661	0.02811	0.11815	0.03264	0.64093	0.03917	0.00759	0.00774	0.01322	0.00530	0.00520
12	0.13781	0.02126	0.02162	0.01817	0.02156	0.12879	0.01475	0.07924	0.01793	0.02694	0.01282	0.01692	0.01111	0.01063	0.01520	0.00271	0.29365	0.00614	0.00463	0.13813
13	0.07858	0.11500	0.02591	0.01980	0.05601	0.17491	0.06236	0.15830	0.04992	0.03101	0.07915	0.02399	0.01994	0.03830	0.02932	0.00292	0.01044	0.00758	0.00580	0.01074

[dist]
# distance from previous block
# <min> <max>
19	51

[block]
# block no. 2 follows, 22 sequences, length 10
# corresponding to MSA columns:
# 255-264
name=unknown_C
#
# <colnr> <probs for GDERKNQSTAVLIFYWHMCP>
#	G	D	E	R	K	N	Q	S	T	A	V	L	I	F	Y	W	H	M	C	P
0	0.12969	0.12131	0.06721	0.01621	0.02163	0.18573	0.01395	0.07768	0.03986	0.02852	0.06446	0.02050	0.01718	0.00910	0.00773	0.00223	0.03714	0.00637	0.04432	0.08918
1	0.02114	0.19522	0.26895	0.02418	0.10356	0.02298	0.06631	0.07469	0.06333	0.05901	0.01693	0.01890	0.01284	0.00810	0.00755	0.00242	0.01040	0.00659	0.00470	0.01221
2	0.05731	0.12095	0.02392	0.01827	0.06532	0.03617	0.08715	0.05599	0.13332	0.02716	0.03878	0.05975	0.19483	0.03391	0.00940	0.00276	0.00776	0.01088	0.00626	0.01011
3	0.07402	0.01382	0.01571	0.01224	0.01793	0.01207	0.00973	0.07093	0.01981	0.08810	0.06896	0.05221	0.02100	0.00906	0.00688	0.00184	0.00599	0.00733	0.09805	0.39431
4	0.01619	0.01205	0.01672	0.01460	0.01805	0.01126	0.05481	0.04901	0.01887	0.07544	0.09030	0.30801	0.03775	0.01683	0.01013	0.00272	0.04252	0.02915	0.00701	0.16858
5	0.05914	0.02090	0.07193	0.02462	0.09746	0.02049	0.14044	0.07667	0.30687	0.05507	0.02489	0.02540	0.01860	0.00943	0.00848	0.00272	0.00904	0.00861	0.00665	0.01259
6	0.13130	0.05314	0.06429	0.06629	0.06697	0.01601	0.01458	0.05770	0.06343	0.12669	0.11260	0.03692	0.02815	0.01187	0.00825	0.00269	0.00761	0.09121	0.00685	0.03344
7	0.02046	0.08095	0.02856	0.30146	0.20895	0.02142	0.02108	0.12018	0.06471	0.02854	0.01686	0.02119	0.01309	0.00842	0.00803	0.00256	0.00993	0.00728	0.00486	0.01147
8	0.12827	0.01836	0.07607	0.03735	0.02233	0.01500	0.01271	0.10560	0.01989	0.03155	0.01865	0.02053	0.04533	0.00792	0.00673	0.00186	0.00723	0.00607	0.00540	0.41314
9	0.04527	0.07400	0.20465	0.03369	0.30368	0.02055	0.02378	0.02549	0.04298	0.02628	0.01672	0.02282	0.01413	0.00910	0.00972	0.00265	0.07198	0.03628	0.00425	0.01195

[dist]
# distance from previous block
# <min> <max>
0	28

[block]
# block no. 3 follows, 22 sequences, length 30
# corresponding to MSA columns:
# 294-323
name=unknown_D
#
# <colnr> <probs for GDERKNQSTAVLIFYWHMCP>
#	G	D	E	R	K	N	Q	S	T	A	V	L	I	F	Y	W	H	M	C	P
0	0.01852	0.01609	0.01996	0.10322	0.09726	0.01811	0.01490	0.03433	0.38739	0.03195	0.13415	0.03396	0.03117	0.01143	0.00864	0.00274	0.00706	0.00987	0.00748	0.01176
1	0.08933	0.01382	0.01872	0.07271	0.12714	0.01369	0.01359	0.02732	0.06198	0.21504	0.15480	0.03747	0.09567	0.01194	0.00849	0.00262	0.00684	0.01013	0.00765	0.01106
2	0.02281	0.01639	0.01937	0.06651	0.02344	0.01832	0.01366	0.09315	0.30444	0.14086	0.07288	0.03255	0.05960	0.01194	0.01007	0.00279	0.06157	0.00954	0.00802	0.01210
3	0.02043	0.01631	0.02240	0.28979	0.06712	0.01855	0.01782	0.21414	0.02427	0.03228	0.06969	0.03046	0.02068	0.01202	0.01028	0.05292	0.00930	0.05522	0.00593	0.01038
4	0.04474	0.01697	0.02357	0.33091	0.03913	0.01927	0.05157	0.20663	0.02390	0.03177	0.02590	0.02914	0.10020	0.01047	0.00849	0.00268	0.00955	0.00885	0.00574	0.01053
5	0.02216	0.01441	0.02140	0.27233	0.08428	0.01524	0.01704	0.05922	0.01992	0.19318	0.02407	0.05366	0.01965	0.04780	0.01037	0.00300	0.00891	0.06017	0.00633	0.04685
6	0.02794	0.07582	0.02240	0.01819	0.02287	0.40940	0.01413	0.08970	0.02400	0.08151	0.02574	0.02612	0.10633	0.01059	0.00785	0.00229	0.01170	0.00756	0.00568	0.01017
7	0.01880	0.01398	0.01636	0.01619	0.07438	0.01397	0.01152	0.15554	0.07375	0.07903	0.08144	0.05321	0.30097	0.01565	0.00919	0.00272	0.00636	0.03884	0.00784	0.01024
8	0.18720	0.01344	0.01502	0.01364	0.01695	0.01544	0.01087	0.10904	0.06463	0.03038	0.02047	0.02578	0.01725	0.03258	0.30001	0.00727	0.03216	0.00759	0.07101	0.00926
9	0.22723	0.08371	0.02312	0.04361	0.02369	0.06727	0.01432	0.29902	0.02632	0.03939	0.01553	0.01723	0.01183	0.00931	0.00864	0.00253	0.06328	0.00624	0.00620	0.01154
10	0.02197	0.01729	0.02571	0.14173	0.18025	0.01820	0.06639	0.14310	0.06396	0.09530	0.02471	0.10637	0.03534	0.01117	0.00874	0.00270	0.00901	0.01005	0.00631	0.01168
11	0.14688	0.07094	0.03135	0.07576	0.42555	0.02055	0.06220	0.02510	0.01787	0.02793	0.01466	0.01903	0.01211	0.00746	0.00760	0.00247	0.00956	0.00685	0.00423	0.01192
12	0.01569	0.01477	0.02492	0.68808	0.05722	0.01846	0.02307	0.02123	0.01661	0.02123	0.01477	0.02215	0.01107	0.00831	0.00831	0.00277	0.01107	0.00738	0.00369	0.00923
13	0.02747	0.01316	0.01654	0.01376	0.01876	0.01223	0.01097	0.03370	0.12284	0.39285	0.06224	0.08828	0.12312	0.01350	0.00881	0.00271	0.00628	0.01130	0.00936	0.01212
14	0.01042	0.00861	0.00926	0.00959	0.01224	0.00745	0.00751	0.01282	0.01897	0.02285	0.07733	0.08229	0.55006	0.02136	0.01010	0.00298	0.00479	0.11654	0.00770	0.00712
15	0.02107	0.49261	0.03778	0.07813	0.06741	0.02912	0.01600	0.02574	0.06657	0.02146	0.01384	0.01641	0.01206	0.00816	0.00779	0.00214	0.06341	0.00553	0.00400	0.01077
16	0.02364	0.01582	0.01687	0.01387	0.01822	0.01717	0.01117	0.33388	0.02842	0.04150	0.02319	0.02535	0.01757	0.01217	0.03687	0.00273	0.00741	0.00766	0.33547	0.01103
17	0.02417	0.01587	0.01923	0.04653	0.02277	0.01387	0.01194	0.11524	0.02202	0.18572	0.01993	0.02057	0.01453	0.00783	0.00711	0.00182	0.00705	0.00626	0.00667	0.43088
18	0.01478	0.00907	0.01178	0.01140	0.01375	0.00824	0.00865	0.01789	0.02116	0.11397	0.33559	0.19180	0.12842	0.01882	0.00989	0.00287	0.00484	0.05998	0.00873	0.00836
19	0.01015	0.00843	0.00887	0.00876	0.01142	0.00715	0.00657	0.01256	0.01971	0.02429	0.18060	0.07691	0.55525	0.02035	0.00981	0.00277	0.00416	0.01711	0.00796	0.00715
20	0.01033	0.00844	0.00913	0.00896	0.01154	0.00723	0.00672	0.01292	0.02015	0.02533	0.23481	0.07520	0.50040	0.01996	0.00981	0.00275	0.00413	0.01687	0.00809	0.00723
21	0.01208	0.00805	0.00906	0.00906	0.00906	0.00805	0.00503	0.01208	0.01208	0.01611	0.02618	0.05436	0.03020	0.70804	0.04228	0.00805	0.00805	0.01208	0.00503	0.00503
22	0.01003	0.00828	0.00883	0.00916	0.01156	0.00708	0.00678	0.01214	0.01863	0.02266	0.09405	0.17241	0.52823	0.02172	0.00999	0.00292	0.00440	0.03637	0.00775	0.00702
23	0.01208	0.00805	0.00906	0.00906	0.00906	0.00805	0.00503	0.01208	0.01208	0.01611	0.02618	0.05436	0.03020	0.70804	0.04228	0.00805	0.00805	0.01208	0.00503	0.00503
24	0.01702	0.01587	0.02538	0.51138	0.13788	0.01892	0.02214	0.02477	0.09702	0.02380	0.01733	0.02306	0.01320	0.00856	0.00831	0.00273	0.01033	0.00764	0.00436	0.01029
25	0.01925	0.02184	0.05586	0.02805	0.03317	0.06496	0.33303	0.02410	0.01720	0.02358	0.01506	0.02122	0.01250	0.01361	0.06483	0.00380	0.22514	0.00854	0.00403	0.01019
26	0.08091	0.12485	0.12754	0.01739	0.02394	0.02267	0.01613	0.10515	0.32766	0.03340	0.02407	0.02352	0.01817	0.00967	0.00762	0.00258	0.00813	0.00752	0.00665	0.01242
27	0.01216	0.00837	0.01068	0.01068	0.01135	0.00895	0.00717	0.01350	0.01283	0.01806	0.02468	0.04474	0.02608	0.42193	0.28850	0.00984	0.01342	0.01063	0.04033	0.00610
28	0.01257	0.00859	0.01031	0.01013	0.01225	0.00768	0.00735	0.01505	0.01967	0.06841	0.25849	0.17631	0.26023	0.07991	0.01269	0.00328	0.00475	0.01666	0.00813	0.00755
29	0.06519	0.02067	0.02314	0.01838	0.02349	0.06484	0.06251	0.34447	0.02909	0.04069	0.03983	0.02232	0.01639	0.01012	0.00959	0.00252	0.07033	0.00763	0.11705	0.01172

[dist]
# distance from previous block
# <min> <max>
4	7

[block]
# block no. 4 follows, 22 sequences, length 14
# corresponding to MSA columns:
# 331-344
name=unknown_E
#
# <colnr> <probs for GDERKNQSTAVLIFYWHMCP>
#	G	D	E	R	K	N	Q	S	T	A	V	L	I	F	Y	W	H	M	C	P
0	0.01081	0.00788	0.01030	0.01182	0.01292	0.00737	0.00860	0.01295	0.01741	0.02296	0.09745	0.47551	0.11919	0.02422	0.01061	0.00333	0.00520	0.12663	0.00781	0.00703
1	0.01851	0.02046	0.09853	0.12346	0.45208	0.01828	0.02398	0.02372	0.01830	0.02578	0.01979	0.06344	0.03882	0.00919	0.00840	0.00259	0.00977	0.00861	0.00434	0.01196
2	0.01666	0.04297	0.66500	0.02368	0.03596	0.01929	0.03069	0.02631	0.01754	0.02631	0.01491	0.01754	0.01052	0.00789	0.00789	0.00263	0.01228	0.00614	0.00351	0.01228
3	0.01063	0.00891	0.00930	0.00912	0.01191	0.00782	0.00686	0.01406	0.05138	0.02449	0.15550	0.07511	0.54593	0.02001	0.00975	0.00278	0.00429	0.01679	0.00794	0.00743
4	0.01036	0.00740	0.00991	0.01184	0.01243	0.00695	0.00812	0.01198	0.01614	0.02147	0.04566	0.65830	0.05443	0.02580	0.01067	0.00341	0.00503	0.06559	0.00771	0.00681
5	0.01952	0.01866	0.03150	0.10394	0.56716	0.01890	0.02418	0.02435	0.01872	0.02636	0.01948	0.02410	0.04965	0.00826	0.00832	0.00251	0.00965	0.00798	0.00428	0.01246
6	0.02221	0.71304	0.04353	0.01421	0.02132	0.03287	0.01421	0.02488	0.01688	0.01955	0.01155	0.01333	0.01066	0.00711	0.00533	0.00178	0.00888	0.00444	0.00355	0.01066
7	0.01145	0.00848	0.01068	0.01013	0.01222	0.00771	0.00760	0.01508	0.02279	0.03159	0.56180	0.06489	0.16950	0.01763	0.00980	0.00264	0.00397	0.01542	0.00892	0.00771
8	0.01924	0.01839	0.03133	0.22385	0.49369	0.01939	0.02484	0.02434	0.01829	0.02554	0.01539	0.02099	0.01259	0.00765	0.00825	0.00255	0.01020	0.00740	0.00400	0.01209
9	0.03410	0.01419	0.01881	0.01463	0.02059	0.01272	0.01200	0.08058	0.02486	0.54962	0.09881	0.03132	0.02635	0.01098	0.00851	0.00257	0.00688	0.00901	0.01002	0.01346
10	0.01569	0.01477	0.02492	0.68808	0.05722	0.01846	0.02307	0.02123	0.01661	0.02123	0.01477	0.02215	0.01107	0.00831	0.00831	0.00277	0.01107	0.00738	0.00369	0.00923
11	0.01987	0.01559	0.01705	0.01539	0.01961	0.01732	0.01191	0.03765	0.46894	0.07897	0.10352	0.07064	0.06116	0.01302	0.00876	0.00281	0.00612	0.01103	0.00859	0.01204
12	0.01976	0.01922	0.03026	0.12958	0.49473	0.05215	0.02330	0.02455	0.01921	0.02651	0.06566	0.02376	0.01792	0.00834	0.00832	0.00250	0.00982	0.00790	0.00446	0.01204
13	0.07567	0.01531	0.02348	0.39069	0.10854	0.01875	0.01991	0.02111	0.01600	0.02326	0.01616	0.05994	0.01398	0.01028	0.01129	0.00287	0.12509	0.00808	0.03017	0.00942

[dist]
# distance from previous block
# <min> <max>
3	5

[block]
# block no. 5 follows, 22 sequences, length 10
# corresponding to MSA columns:
# 350-359
name=unknown_F
#
# <colnr> <probs for GDERKNQSTAVLIFYWHMCP>
#	G	D	E	R	K	N	Q	S	T	A	V	L	I	F	Y	W	H	M	C	P
0	0.01555	0.01386	0.02209	0.36053	0.03846	0.01627	0.04308	0.01919	0.01549	0.02105	0.01687	0.06604	0.01506	0.01567	0.05870	0.07823	0.09174	0.00837	0.00413	0.07962
1	0.01751	0.01567	0.02101	0.01500	0.02251	0.01225	0.08308	0.02159	0.01751	0.02702	0.01501	0.01784	0.01234	0.00625	0.00659	0.00142	0.00709	0.00550	0.00484	0.66997
2	0.10943	0.01433	0.01858	0.01440	0.02070	0.01285	0.01189	0.03890	0.02282	0.60018	0.03068	0.02681	0.01942	0.01003	0.00804	0.00257	0.00701	0.00797	0.00977	0.01363
3	0.01043	0.00747	0.00991	0.01136	0.01212	0.00695	0.00774	0.01234	0.01733	0.02348	0.15939	0.58255	0.05934	0.02433	0.01045	0.00323	0.00465	0.02201	0.00798	0.00695
4	0.00994	0.00794	0.00891	0.00968	0.01155	0.00691	0.00687	0.01178	0.01772	0.02195	0.06872	0.33045	0.41232	0.02305	0.01013	0.00303	0.00445	0.01998	0.00771	0.00691
5	0.76672	0.01607	0.01221	0.01092	0.01607	0.01864	0.00900	0.02442	0.01414	0.03727	0.01157	0.01350	0.00900	0.00771	0.00514	0.00257	0.00643	0.00450	0.00514	0.00900
6	0.01012	0.00723	0.00964	0.01157	0.01205	0.00675	0.00771	0.01157	0.01591	0.02121	0.04579	0.70262	0.05495	0.02603	0.01060	0.00337	0.00482	0.02362	0.00771	0.00675
7	0.01083	0.00839	0.00986	0.00964	0.01188	0.00742	0.00717	0.01382	0.02110	0.02793	0.37241	0.10689	0.32425	0.01925	0.00985	0.00274	0.00410	0.01660	0.00845	0.00742
8	0.05095	0.01582	0.02503	0.40558	0.04263	0.01991	0.05650	0.02127	0.01569	0.02247	0.01436	0.02118	0.01156	0.00992	0.01314	0.00295	0.19135	0.00739	0.04308	0.00922
9	0.02875	0.01756	0.02006	0.01628	0.02201	0.01840	0.01316	0.21008	0.21788	0.25126	0.03269	0.03003	0.06087	0.01119	0.00847	0.00264	0.00733	0.00901	0.00898	0.01337

[dist]
# distance from previous block
# <min> <max>
0	1

[block]
# block no. 6 follows, 22 sequences, length 56
# corresponding to MSA columns:
# 361-416
name=unknown_G
#
# <colnr> <probs for GDERKNQSTAVLIFYWHMCP>
#	G	D	E	R	K	N	Q	S	T	A	V	L	I	F	Y	W	H	M	C	P
0	0.06452	0.11785	0.02371	0.11839	0.04806	0.02105	0.01492	0.11230	0.18084	0.07474	0.02728	0.02789	0.07557	0.01072	0.00888	0.00261	0.04449	0.00833	0.00647	0.01137
1	0.18473	0.08550	0.07590	0.02129	0.02796	0.01932	0.23325	0.05757	0.01893	0.07148	0.01866	0.05794	0.01512	0.00887	0.00777	0.00257	0.00970	0.00825	0.06460	0.01057
2	0.01780	0.18008	0.53784	0.02174	0.03296	0.02207	0.02732	0.02602	0.01740	0.02492	0.01422	0.01668	0.01055	0.00773	0.00737	0.00246	0.01158	0.00579	0.00352	0.01195
3	0.02795	0.02261	0.02566	0.07521	0.02884	0.06694	0.06425	0.43026	0.07019	0.04365	0.01993	0.02112	0.01450	0.00957	0.00828	0.00251	0.00970	0.00764	0.03831	0.01287
4	0.03309	0.06738	0.02278	0.01630	0.02275	0.06197	0.01351	0.20739	0.02734	0.36433	0.02529	0.02335	0.01691	0.00963	0.00795	0.00239	0.00828	0.00744	0.00855	0.05334
5	0.06371	0.03905	0.57425	0.02220	0.03358	0.01869	0.02791	0.02732	0.01783	0.07740	0.01612	0.01815	0.01123	0.00807	0.00776	0.00262	0.01151	0.00622	0.00414	0.01223
6	0.02514	0.02048	0.02087	0.01771	0.02303	0.05810	0.01404	0.21428	0.40450	0.06584	0.02855	0.02676	0.02106	0.01070	0.00835	0.00267	0.00781	0.00856	0.00826	0.01328
7	0.01754	0.01628	0.02577	0.34721	0.07518	0.01966	0.06292	0.07086	0.01793	0.02425	0.01754	0.08596	0.01570	0.01129	0.01259	0.00297	0.15303	0.00909	0.00450	0.00973
8	0.01825	0.13516	0.15338	0.21515	0.07807	0.02126	0.18233	0.02437	0.01780	0.02409	0.01538	0.02020	0.01186	0.00769	0.00804	0.00254	0.01135	0.00733	0.03503	0.01073
9	0.02207	0.01409	0.01477	0.01239	0.01625	0.01511	0.00989	0.26839	0.02627	0.03971	0.02418	0.02646	0.01836	0.00980	0.00683	0.00216	0.00603	0.00764	0.44925	0.01035
10	0.02232	0.01075	0.01441	0.01236	0.01607	0.00958	0.00966	0.02574	0.02300	0.29589	0.34220	0.10083	0.05221	0.01492	0.00926	0.00266	0.00531	0.01294	0.00950	0.01039
11	0.06848	0.02444	0.18102	0.05427	0.03497	0.01875	0.29567	0.06391	0.01983	0.02865	0.05379	0.07893	0.01907	0.00963	0.00895	0.00276	0.01133	0.00978	0.00492	0.01086
12	0.01222	0.01015	0.01284	0.05924	0.01670	0.03623	0.02886	0.01495	0.01896	0.02504	0.23105	0.31368	0.12528	0.04240	0.01098	0.00311	0.00573	0.01755	0.00753	0.00749
13	0.01020	0.00729	0.00971	0.01152	0.01207	0.00680	0.00772	0.01176	0.01626	0.02177	0.07401	0.67279	0.05604	0.02561	0.01057	0.00334	0.00478	0.02322	0.00778	0.00680
14	0.01779	0.17940	0.53847	0.02175	0.03298	0.02206	0.02734	0.02602	0.01741	0.02493	0.01422	0.01668	0.01055	0.00773	0.00737	0.00246	0.01159	0.00579	0.00352	0.01195
15	0.11907	0.01724	0.02221	0.27195	0.03535	0.05479	0.04949	0.12464	0.02101	0.02969	0.04341	0.05162	0.01925	0.01111	0.00900	0.00282	0.03167	0.07036	0.00548	0.00985
16	0.01629	0.01196	0.01542	0.01485	0.01725	0.01242	0.03207	0.11618	0.06146	0.05204	0.03788	0.40796	0.04127	0.02045	0.01066	0.00320	0.03077	0.08122	0.00768	0.00898
17	0.01055	0.00802	0.00981	0.01092	0.01247	0.00727	0.00799	0.01269	0.01784	0.02289	0.09833	0.37180	0.25673	0.02335	0.01040	0.00319	0.00492	0.09599	0.00780	0.00703
18	0.01569	0.01477	0.02492	0.68808	0.05722	0.01846	0.02307	0.02123	0.01661	0.02123	0.01477	0.02215	0.01107	0.00831	0.00831	0.00277	0.01107	0.00738	0.00369	0.00923
19	0.03165	0.02168	0.02471	0.02071	0.06918	0.02335	0.01594	0.49988	0.03540	0.14024	0.02153	0.02121	0.01501	0.00984	0.00831	0.00250	0.00889	0.00760	0.00831	0.01406
20	0.01176	0.00849	0.01110	0.01045	0.01241	0.00784	0.00784	0.01568	0.02352	0.03331	0.65184	0.06206	0.07839	0.01698	0.00980	0.00261	0.00392	0.01502	0.00914	0.00784
21	0.01208	0.00805	0.00906	0.00906	0.00906	0.00805	0.00503	0.01208	0.01208	0.01611	0.02618	0.05436	0.03020	0.70804	0.04228	0.00805	0.00805	0.01208	0.00503	0.00503
22	0.01615	0.01491	0.02060	0.18587	0.02830	0.01840	0.01593	0.02091	0.06501	0.02277	0.02583	0.03024	0.10819	0.01423	0.03424	0.00326	0.26882	0.00889	0.03599	0.06146
23	0.08203	0.02115	0.05243	0.15217	0.38671	0.07146	0.06514	0.02539	0.01850	0.02636	0.01498	0.01983	0.01213	0.00766	0.00802	0.00253	0.01057	0.00712	0.00412	0.01170
24	0.01832	0.01860	0.02780	0.02313	0.02397	0.02500	0.07899	0.02065	0.01341	0.02065	0.01150	0.01860	0.01108	0.01379	0.02552	0.00355	0.62492	0.00752	0.00369	0.00930
25	0.02330	0.01776	0.02001	0.01498	0.02174	0.01675	0.01217	0.26198	0.02645	0.05922	0.05280	0.02117	0.01698	0.00841	0.00729	0.00185	0.00724	0.00661	0.00668	0.39660
26	0.02081	0.01687	0.02198	0.01637	0.02280	0.01560	0.06271	0.10185	0.02019	0.07388	0.01641	0.01889	0.01298	0.00801	0.00940	0.00191	0.08908	0.00618	0.00553	0.45855
27	0.01926	0.18135	0.39139	0.02336	0.03339	0.06556	0.12267	0.02651	0.01813	0.02453	0.01437	0.01727	0.01090	0.00763	0.00763	0.00245	0.01202	0.00632	0.00368	0.01159
28	0.02874	0.01775	0.02038	0.01674	0.02241	0.01882	0.01357	0.19963	0.25088	0.24420	0.03015	0.02973	0.02169	0.01108	0.00851	0.00269	0.00747	0.03307	0.00898	0.01351
29	0.01026	0.00848	0.00902	0.00902	0.01167	0.00725	0.00686	0.01270	0.01959	0.02408	0.16189	0.07808	0.54411	0.02056	0.00989	0.00283	0.00433	0.04432	0.00791	0.00716
30	0.01443	0.00722	0.01082	0.01082	0.01082	0.00722	0.00722	0.01082	0.01082	0.01443	0.01443	0.02525	0.01443	0.02886	0.03247	0.75830	0.00722	0.00722	0.00361	0.00361
31	0.01779	0.01137	0.01377	0.01228	0.01567	0.01111	0.00950	0.02535	0.14877	0.14213	0.34898	0.05200	0.12717	0.01514	0.00927	0.00267	0.00505	0.01302	0.00903	0.00992
32	0.60208	0.07174	0.04274	0.01225	0.01798	0.01956	0.01076	0.04559	0.01599	0.07961	0.01346	0.01490	0.01017	0.00793	0.00560	0.00251	0.00700	0.00493	0.00541	0.00979
33	0.01771	0.01274	0.01609	0.12222	0.02180	0.01498	0.01228	0.09572	0.01904	0.02944	0.02232	0.06644	0.01884	0.01139	0.01081	0.00254	0.13410	0.00852	0.35403	0.00897
34	0.01203	0.00826	0.01009	0.01009	0.01045	0.00862	0.00632	0.01274	0.01239	0.01687	0.02523	0.04913	0.02793	0.55253	0.19469	0.00933	0.01147	0.01132	0.00489	0.00561
35	0.01027	0.00831	0.00912	0.00919	0.01156	0.00716	0.00679	0.01269	0.01960	0.02465	0.20236	0.14173	0.46611	0.02069	0.00990	0.00282	0.00421	0.01763	0.00802	0.00716
36	0.01869	0.01571	0.01799	0.01323	0.02034	0.01305	0.01060	0.07298	0.06853	0.02977	0.01670	0.01854	0.01349	0.00687	0.00651	0.00146	0.00643	0.00549	0.00548	0.63813
37	0.07632	0.02352	0.03230	0.04397	0.48654	0.10350	0.04288	0.02779	0.02055	0.02898	0.01747	0.02276	0.01488	0.00926	0.00899	0.00290	0.01111	0.00776	0.00508	0.01345
38	0.02532	0.01746	0.02093	0.07403	0.06016	0.01906	0.01474	0.10684	0.34410	0.17992	0.02941	0.02780	0.02112	0.01044	0.00839	0.00270	0.00754	0.00866	0.00822	0.01317
39	0.06352	0.05321	0.35306	0.01914	0.02851	0.01674	0.04416	0.02505	0.01764	0.06847	0.01745	0.05453	0.01396	0.00854	0.00748	0.00232	0.00971	0.00692	0.00463	0.18494
40	0.07661	0.31691	0.13813	0.01565	0.02300	0.02275	0.01580	0.02928	0.04028	0.18597	0.04809	0.02072	0.01669	0.00869	0.00683	0.00225	0.00852	0.00639	0.00579	0.01165
41	0.05874	0.01829	0.05932	0.12127	0.26572	0.03993	0.01888	0.06577	0.04569	0.02891	0.06993	0.08078	0.02215	0.01040	0.00821	0.00258	0.00869	0.00916	0.05459	0.01098
42	0.01139	0.00890	0.01051	0.01099	0.01320	0.00824	0.00848	0.01501	0.04822	0.02508	0.16142	0.17825	0.31452	0.02109	0.01020	0.00306	0.00504	0.13092	0.00797	0.00752
43	0.01372	0.01461	0.06335	0.01873	0.02215	0.03449	0.16834	0.01715	0.01723	0.02290	0.03516	0.45889	0.03961	0.01934	0.01011	0.00313	0.00802	0.01828	0.00641	0.00836
44	0.02834	0.13111	0.11206	0.01799	0.02487	0.11490	0.01648	0.23577	0.02679	0.14866	0.01963	0.01993	0.01412	0.00910	0.00757	0.00234	0.00973	0.00670	0.04146	0.01241
45	0.01004	0.00842	0.00872	0.00865	0.01136	0.00711	0.00649	0.01235	0.01946	0.02368	0.14866	0.07792	0.58757	0.02058	0.00982	0.00278	0.00418	0.01725	0.00788	0.00711
46	0.01951	0.01867	0.03182	0.18819	0.52722	0.01946	0.02497	0.02458	0.01842	0.02587	0.01544	0.02090	0.01271	0.00760	0.00824	0.00253	0.01013	0.00740	0.00402	0.01231
47	0.01831	0.01677	0.02845	0.11853	0.43659	0.01713	0.03866	0.02236	0.01778	0.02483	0.01914	0.08059	0.01789	0.01139	0.01053	0.06260	0.00941	0.03347	0.00447	0.01112
48	0.02830	0.03442	0.02313	0.02081	0.02452	0.52920	0.01590	0.05516	0.02227	0.02155	0.01355	0.01674	0.01154	0.01291	0.05459	0.00308	0.09245	0.00590	0.00439	0.00961
49	0.02538	0.01278	0.01605	0.01342	0.01794	0.01210	0.01059	0.03201	0.12936	0.33247	0.17707	0.04129	0.07670	0.05143	0.01068	0.00294	0.00613	0.01086	0.00925	0.01156
50	0.01647	0.00898	0.00952	0.03744	0.01268	0.00929	0.00715	0.05632	0.01870	0.03185	0.02614	0.02993	0.02042	0.00964	0.00607	0.00200	0.00450	0.00771	0.67701	0.00819
51	0.01901	0.01858	0.02946	0.28938	0.36468	0.04679	0.02374	0.02386	0.01786	0.02418	0.01490	0.02079	0.01213	0.00822	0.00938	0.00264	0.05189	0.00730	0.00393	0.01128
52	0.02503	0.01144	0.01529	0.01265	0.01697	0.01010	0.01007	0.02852	0.02350	0.36140	0.31009	0.04498	0.06672	0.01361	0.00904	0.00260	0.00557	0.01162	0.00969	0.01110
53	0.01086	0.00844	0.00977	0.00945	0.01173	0.00746	0.00702	0.01378	0.02094	0.02758	0.36257	0.07013	0.34522	0.04514	0.01104	0.00291	0.00421	0.01609	0.00832	0.00735
54	0.01811	0.01495	0.01865	0.07192	0.02171	0.05930	0.01382	0.04703	0.06581	0.06714	0.02108	0.06200	0.01883	0.03094	0.24973	0.03349	0.16229	0.00885	0.00523	0.00911
55	0.02928	0.02051	0.06339	0.01689	0.02316	0.02006	0.01460	0.38589	0.03150	0.16366	0.02313	0.02302	0.01619	0.00985	0.00792	0.00243	0.00817	0.00760	0.11969	0.01306

[dist]
# distance from previous block
# <min> <max>
0	1

[block]
# block no. 7 follows, 22 sequences, length 7
# corresponding to MSA columns:
# 418-420,424-427
name=unknown_H
#
# <colnr> <probs for GDERKNQSTAVLIFYWHMCP>
#	G	D	E	R	K	N	Q	S	T	A	V	L	I	F	Y	W	H	M	C	P
0	0.03242	0.02193	0.02410	0.01848	0.02509	0.02377	0.01526	0.54204	0.03681	0.14201	0.02183	0.02117	0.01507	0.01002	0.00832	0.00250	0.00884	0.00761	0.00860	0.01413
1	0.01758	0.01820	0.03668	0.07825	0.08968	0.01761	0.37607	0.02331	0.01896	0.02554	0.02356	0.08748	0.02199	0.01140	0.00992	0.00299	0.01162	0.11387	0.00503	0.01026
2	0.02802	0.01988	0.02172	0.01765	0.02349	0.02190	0.01426	0.31668	0.27598	0.12820	0.02719	0.02546	0.01946	0.01053	0.00837	0.00263	0.00784	0.00836	0.00863	0.01374
3	0.03151	0.01693	0.02035	0.01591	0.02220	0.01663	0.01299	0.17779	0.12369	0.36252	0.02829	0.02574	0.01905	0.00999	0.00816	0.00247	0.00740	0.00800	0.00905	0.08134
4	0.02149	0.62613	0.12414	0.01544	0.02322	0.03111	0.01635	0.02506	0.01697	0.02042	0.01199	0.01387	0.01064	0.00721	0.00566	0.00189	0.00932	0.00466	0.00355	0.01087
5	0.02805	0.03045	0.02243	0.01953	0.02395	0.39188	0.01514	0.18510	0.02610	0.02869	0.01918	0.02124	0.04742	0.01376	0.05692	0.00315	0.04410	0.00691	0.00550	0.01047
6	0.11950	0.01538	0.01662	0.01431	0.01886	0.01653	0.01121	0.09229	0.25076	0.14858	0.07950	0.03431	0.06132	0.07094	0.01106	0.00314	0.00669	0.00951	0.00806	0.01144

[dist]
# distance from previous block
# <min> <max>
0	2

[block]
# block no. 8 follows, 22 sequences, length 8
# corresponding to MSA columns:
# 430-437
name=unknown_I
#
# <colnr> <probs for GDERKNQSTAVLIFYWHMCP>
#	G	D	E	R	K	N	Q	S	T	A	V	L	I	F	Y	W	H	M	C	P
0	0.10497	0.01817	0.05456	0.39268	0.10909	0.01961	0.07015	0.08537	0.01916	0.02756	0.01519	0.02057	0.01146	0.00819	0.00804	0.00268	0.01050	0.00720	0.00441	0.01041
1	0.30492	0.01856	0.07406	0.17978	0.15822	0.01859	0.01767	0.02484	0.05202	0.03023	0.03858	0.02012	0.01398	0.00835	0.00711	0.00262	0.00862	0.00658	0.00479	0.01037
2	0.08775	0.10199	0.05263	0.06055	0.06200	0.33727	0.01680	0.13558	0.02392	0.02798	0.01422	0.01641	0.01132	0.00848	0.00733	0.00228	0.01199	0.00583	0.00491	0.01077
3	0.02200	0.02095	0.02778	0.06062	0.02923	0.09502	0.16102	0.15978	0.02308	0.03051	0.01928	0.06183	0.01682	0.01037	0.01006	0.00255	0.06568	0.04193	0.00557	0.13593
4	0.01668	0.01240	0.01424	0.01307	0.01589	0.01260	0.00963	0.16331	0.05317	0.03019	0.08884	0.27889	0.07484	0.11364	0.01394	0.00355	0.00637	0.01513	0.00747	0.05614
5	0.01122	0.00769	0.00931	0.01016	0.01037	0.00748	0.00620	0.01186	0.01375	0.01834	0.03475	0.33787	0.04102	0.40977	0.02843	0.00601	0.00664	0.01713	0.00620	0.00578
6	0.01471	0.00832	0.01246	0.10441	0.01714	0.00883	0.00927	0.01315	0.01231	0.01708	0.01579	0.02541	0.01467	0.02403	0.02636	0.57534	0.00740	0.00729	0.08122	0.00481
7	0.02025	0.01609	0.02058	0.01522	0.02212	0.01373	0.06111	0.10590	0.02077	0.07021	0.01859	0.05867	0.01559	0.00817	0.00715	0.00174	0.00719	0.00698	0.00583	0.50412

[dist]
# distance from previous block
# <min> <max>
8	13

[block]
# block no. 9 follows, 22 sequences, length 6
# corresponding to MSA columns:
# 452-457
name=unknown_J
#
# <colnr> <probs for GDERKNQSTAVLIFYWHMCP>
#	G	D	E	R	K	N	Q	S	T	A	V	L	I	F	Y	W	H	M	C	P
0	0.05762	0.01646	0.02375	0.48888	0.04703	0.01983	0.02034	0.12136	0.07228	0.02821	0.01703	0.02208	0.01265	0.00879	0.00815	0.00272	0.01015	0.00742	0.00491	0.01034
1	0.43440	0.04877	0.07575	0.09528	0.02339	0.01871	0.01324	0.07100	0.01745	0.03370	0.05989	0.02037	0.01564	0.03310	0.00767	0.00275	0.00773	0.00626	0.00528	0.00958
2	0.01948	0.01952	0.03857	0.16729	0.04204	0.01937	0.38606	0.02545	0.01868	0.05970	0.01680	0.02203	0.01261	0.00774	0.00993	0.00269	0.04457	0.00869	0.00446	0.07433
3	0.02969	0.01778	0.01932	0.01590	0.02115	0.09566	0.01272	0.03654	0.13726	0.35962	0.07307	0.02854	0.02352	0.01074	0.00918	0.00255	0.04094	0.00844	0.00854	0.04883
4	0.02713	0.09652	0.08527	0.07057	0.07424	0.33824	0.01836	0.14208	0.02445	0.02737	0.01458	0.01691	0.01153	0.00853	0.00759	0.00229	0.01242	0.00603	0.00484	0.01104
5	0.02825	0.02764	0.02251	0.02119	0.07688	0.31872	0.01517	0.17003	0.02609	0.08768	0.04975	0.02435	0.04112	0.04249	0.00965	0.00261	0.01120	0.00753	0.00615	0.01100

[dist]
# distance from previous block
# <min> <max>
1	7

[block]
# block no. 10 follows, 22 sequences, length 20
# corresponding to MSA columns:
# 466-485
name=unknown_K
#
# <colnr> <probs for GDERKNQSTAVLIFYWHMCP>
#	G	D	E	R	K	N	Q	S	T	A	V	L	I	F	Y	W	H	M	C	P
0	0.01932	0.01786	0.02892	0.33193	0.24355	0.01986	0.06244	0.08017	0.06312	0.02728	0.01698	0.02207	0.01312	0.00829	0.00839	0.00265	0.01039	0.00770	0.00462	0.01135
1	0.49183	0.09462	0.04095	0.07427	0.02181	0.01939	0.01206	0.02636	0.01606	0.11584	0.01477	0.01636	0.01095	0.00804	0.00597	0.00250	0.00742	0.00532	0.00545	0.01000
2	0.02401	0.28787	0.17905	0.01907	0.02629	0.20133	0.01880	0.08254	0.02070	0.02434	0.01342	0.01553	0.01097	0.00822	0.00761	0.00221	0.03741	0.00546	0.00418	0.01101
3	0.08019	0.06881	0.02065	0.01520	0.02119	0.01834	0.01241	0.09960	0.23092	0.17839	0.02540	0.02413	0.01843	0.00942	0.00753	0.00235	0.00705	0.00743	0.00762	0.14494
4	0.35184	0.02302	0.15431	0.01843	0.06626	0.06123	0.01639	0.02533	0.01666	0.06241	0.01664	0.02335	0.01399	0.00976	0.00830	0.00273	0.05409	0.06005	0.00506	0.01017
5	0.02774	0.07289	0.08253	0.01791	0.02449	0.10512	0.01571	0.33171	0.02953	0.08076	0.01903	0.01982	0.01395	0.00915	0.00764	0.00229	0.00943	0.00678	0.06194	0.06158
6	0.02036	0.01541	0.04193	0.01773	0.07550	0.01446	0.01314	0.04634	0.19394	0.13171	0.08352	0.08429	0.07521	0.01300	0.00868	0.00264	0.00674	0.04972	0.00766	0.09803
7	0.01692	0.12523	0.52589	0.02126	0.03193	0.01997	0.02650	0.02515	0.01800	0.02609	0.07282	0.02108	0.01676	0.00863	0.00774	0.00252	0.01108	0.00674	0.00403	0.01166
8	0.01666	0.04297	0.66500	0.02368	0.03596	0.01929	0.03069	0.02631	0.01754	0.02631	0.01491	0.01754	0.01052	0.00789	0.00789	0.00263	0.01228	0.00614	0.00351	0.01228
9	0.55475	0.01755	0.01476	0.01263	0.01791	0.04416	0.01033	0.11224	0.01884	0.07955	0.01484	0.01615	0.01105	0.00832	0.00592	0.00252	0.00709	0.00534	0.03602	0.01004
10	0.01042	0.00854	0.00924	0.00957	0.01189	0.00755	0.00698	0.01333	0.04427	0.02312	0.09670	0.21937	0.46658	0.02161	0.00994	0.00293	0.00443	0.01848	0.00780	0.00724
11	0.01723	0.01477	0.01723	0.01230	0.01969	0.01107	0.00984	0.02092	0.01723	0.02707	0.01477	0.01723	0.01230	0.00615	0.00615	0.00123	0.00615	0.00492	0.00492	0.75883
12	0.01029	0.00735	0.00983	0.01176	0.01231	0.00689	0.00800	0.01185	0.01607	0.02139	0.04570	0.67186	0.05458	0.02587	0.01065	0.00340	0.00496	0.05275	0.00771	0.00679
13	0.02113	0.02178	0.03630	0.04533	0.47623	0.06832	0.15562	0.02630	0.01941	0.02652	0.01568	0.02055	0.01286	0.00740	0.00851	0.00252	0.01115	0.00777	0.00414	0.01247
14	0.01975	0.01736	0.04328	0.01787	0.04702	0.01816	0.01416	0.11141	0.35238	0.03365	0.03645	0.04371	0.07809	0.01368	0.00905	0.00293	0.00726	0.11417	0.00786	0.01177
15	0.12920	0.04679	0.02151	0.15181	0.10236	0.07946	0.01560	0.12495	0.04457	0.03040	0.04765	0.10493	0.04445	0.01143	0.00804	0.00263	0.00874	0.00938	0.00581	0.01029
16	0.02487	0.01741	0.01872	0.01544	0.02029	0.06188	0.01225	0.23037	0.05867	0.14557	0.15787	0.09283	0.03275	0.01269	0.00865	0.00252	0.00737	0.01048	0.00827	0.06110
17	0.05158	0.01351	0.04270	0.01498	0.01871	0.01247	0.05367	0.04600	0.10222	0.11725	0.07847	0.22740	0.08392	0.04179	0.01060	0.00316	0.00677	0.05750	0.00766	0.00966
18	0.02725	0.01883	0.05253	0.01642	0.02277	0.01783	0.01384	0.21635	0.13829	0.20552	0.02601	0.05438	0.01926	0.01033	0.00810	0.00243	0.00764	0.00833	0.00808	0.12579
19	0.05251	0.07917	0.02216	0.10442	0.02538	0.01648	0.04095	0.02925	0.07820	0.23649	0.07609	0.03070	0.06807	0.01095	0.00937	0.00258	0.05254	0.00882	0.00716	0.04871

[dist]
# distance from previous block
# <min> <max>
0	19

# created by:
# /st0/software/busco_prod/Augustus/scripts/msa2prfl.pl ./align_prep/100587.fa
