[name]
unknown

[dist]
# distance from previous block
# <min> <max>
23	112

[block]
# block no. 0 follows, 25 sequences, length 12
# corresponding to MSA columns:
# 120-131
name=unknown_A
#
# <colnr> <probs for GDERKNQSTAVLIFYWHMCP>
#	G	D	E	R	K	N	Q	S	T	A	V	L	I	F	Y	W	H	M	C	P
0	0.02676	0.06081	0.02177	0.01615	0.02192	0.08759	0.01318	0.34213	0.06472	0.12219	0.02001	0.04216	0.01511	0.00919	0.00736	0.00217	0.00821	0.00703	0.00697	0.10458
1	0.10619	0.02880	0.40641	0.07728	0.03012	0.01631	0.06462	0.02214	0.01645	0.02535	0.05208	0.02443	0.07960	0.00896	0.00748	0.00249	0.00969	0.00734	0.00416	0.01009
2	0.01886	0.01491	0.01732	0.04031	0.04671	0.01590	0.01203	0.19667	0.18740	0.03172	0.02750	0.18498	0.02573	0.03777	0.00926	0.00270	0.00673	0.02963	0.00691	0.08698
3	0.01756	0.12002	0.54444	0.02063	0.03099	0.02011	0.02544	0.08736	0.01831	0.02624	0.01401	0.01613	0.01017	0.00747	0.00712	0.00235	0.01079	0.00567	0.00373	0.01145
4	0.08221	0.14245	0.19656	0.09053	0.02674	0.05141	0.01741	0.17383	0.02097	0.02983	0.01530	0.01755	0.01160	0.00793	0.00668	0.00222	0.00900	0.00588	0.08136	0.01053
5	0.08791	0.05651	0.02254	0.01804	0.05057	0.05358	0.01423	0.43306	0.09227	0.04130	0.01916	0.02106	0.01458	0.00938	0.00746	0.00236	0.00831	0.02863	0.00694	0.01210
6	0.01100	0.00833	0.01182	0.01185	0.01300	0.00785	0.05063	0.01253	0.01429	0.01920	0.03450	0.42154	0.04014	0.22047	0.01807	0.00429	0.00613	0.05186	0.00616	0.03633
7	0.01056	0.00776	0.00940	0.00983	0.01100	0.00717	0.00654	0.01182	0.01417	0.01890	0.03890	0.34750	0.12509	0.23262	0.04774	0.00461	0.00612	0.01607	0.00611	0.06809
8	0.02317	0.09062	0.07028	0.12891	0.09386	0.11499	0.01741	0.24976	0.02404	0.03104	0.01519	0.01781	0.01169	0.00848	0.00826	0.00231	0.04849	0.00633	0.02642	0.01095
9	0.01744	0.01752	0.03225	0.06422	0.07531	0.01834	0.31485	0.07211	0.01796	0.02471	0.01911	0.13096	0.01783	0.01083	0.01169	0.00278	0.12741	0.01034	0.00463	0.00971
10	0.01016	0.00743	0.00974	0.01090	0.01134	0.00740	0.00736	0.01148	0.01462	0.01973	0.07474	0.55764	0.04732	0.11892	0.01466	0.00371	0.04050	0.01935	0.00674	0.00625
11	0.01577	0.03816	0.01350	0.01155	0.01461	0.01091	0.00931	0.03976	0.05597	0.12033	0.11621	0.05678	0.28492	0.03784	0.01075	0.00285	0.04565	0.09943	0.00730	0.00841

[dist]
# distance from previous block
# <min> <max>
3	9

[block]
# block no. 1 follows, 25 sequences, length 52
# corresponding to MSA columns:
# 141-192
name=unknown_B
#
# <colnr> <probs for GDERKNQSTAVLIFYWHMCP>
#	G	D	E	R	K	N	Q	S	T	A	V	L	I	F	Y	W	H	M	C	P
0	0.38777	0.04846	0.07480	0.01268	0.01799	0.03200	0.01136	0.10307	0.01844	0.09553	0.06536	0.01957	0.01595	0.00848	0.00611	0.00232	0.00680	0.00599	0.05769	0.00965
1	0.01273	0.01068	0.01590	0.02066	0.18206	0.01049	0.01202	0.01507	0.01550	0.02151	0.03207	0.46238	0.03672	0.01811	0.00980	0.00281	0.03984	0.01629	0.00599	0.05937
2	0.02197	0.01662	0.02136	0.12658	0.11579	0.01721	0.01514	0.24725	0.02393	0.07692	0.01881	0.03880	0.01494	0.00885	0.00743	0.00219	0.00792	0.02780	0.03553	0.15497
3	0.34911	0.02137	0.19743	0.06112	0.04564	0.01660	0.01564	0.05410	0.01648	0.06176	0.04989	0.04905	0.01512	0.00870	0.00653	0.00245	0.00784	0.00650	0.00494	0.00969
4	0.01956	0.01584	0.01823	0.01518	0.01920	0.03706	0.01213	0.18811	0.07833	0.04620	0.02027	0.08846	0.01792	0.01742	0.10530	0.00372	0.10836	0.00820	0.00585	0.17464
5	0.01783	0.01420	0.01976	0.01585	0.05229	0.01186	0.08482	0.03731	0.01710	0.08350	0.01791	0.05750	0.01551	0.05562	0.00895	0.00205	0.00697	0.00696	0.00515	0.46887
6	0.02137	0.01329	0.01580	0.01372	0.01750	0.01341	0.01062	0.20849	0.05432	0.16641	0.05592	0.28556	0.03144	0.01515	0.00855	0.00262	0.00622	0.01305	0.00784	0.03871
7	0.02149	0.01130	0.01388	0.01173	0.01550	0.01060	0.00911	0.05639	0.07401	0.28002	0.16177	0.04330	0.13945	0.10151	0.01221	0.00309	0.00576	0.01089	0.00816	0.00983
8	0.01259	0.01113	0.01438	0.01339	0.01459	0.01287	0.01033	0.01426	0.01432	0.01973	0.03664	0.23303	0.17987	0.06082	0.01675	0.00324	0.25554	0.01351	0.00553	0.05748
9	0.02899	0.03621	0.02204	0.01987	0.02397	0.66372	0.01497	0.06119	0.02268	0.02043	0.01231	0.01421	0.01014	0.00805	0.00703	0.00201	0.01372	0.00509	0.00418	0.00919
10	0.01608	0.01378	0.01608	0.01148	0.01837	0.01034	0.00919	0.01952	0.01608	0.02527	0.01378	0.01608	0.01148	0.00574	0.00574	0.00115	0.00574	0.00459	0.00459	0.77491
11	0.02835	0.03594	0.02206	0.01999	0.02379	0.66221	0.01508	0.03034	0.02146	0.01896	0.01189	0.01413	0.01000	0.00827	0.00793	0.00207	0.04950	0.00508	0.00396	0.00896
12	0.01920	0.01830	0.03054	0.04546	0.63503	0.01848	0.02302	0.02496	0.06099	0.02581	0.01572	0.01984	0.01304	0.00715	0.00769	0.00232	0.00901	0.00703	0.00411	0.01228
13	0.04429	0.01135	0.01501	0.01219	0.01670	0.01005	0.00981	0.02901	0.02172	0.43486	0.23656	0.03799	0.06234	0.01193	0.00821	0.00242	0.00554	0.01003	0.00905	0.01095
14	0.01163	0.00928	0.01059	0.01014	0.01259	0.00897	0.00763	0.01759	0.12646	0.02713	0.32441	0.09421	0.27676	0.01675	0.00898	0.00257	0.00421	0.01440	0.00789	0.00781
15	0.00989	0.00706	0.00902	0.01017	0.01082	0.00662	0.00676	0.01133	0.01526	0.02043	0.11552	0.50924	0.08061	0.13206	0.01436	0.00372	0.00484	0.01916	0.00697	0.00618
16	0.02020	0.01693	0.01795	0.01579	0.02029	0.01939	0.01238	0.11519	0.56231	0.03440	0.05572	0.02882	0.02436	0.01058	0.00792	0.00259	0.00633	0.00876	0.00790	0.01219
17	0.01075	0.00792	0.01005	0.00951	0.01144	0.00722	0.00714	0.01419	0.02141	0.02981	0.59982	0.06002	0.14919	0.01633	0.00915	0.00246	0.00369	0.01432	0.00837	0.00722
18	0.02375	0.45578	0.03357	0.01554	0.02142	0.15613	0.01395	0.13589	0.02050	0.02380	0.01238	0.01394	0.01053	0.00754	0.00638	0.00189	0.02761	0.00488	0.00423	0.01030
19	0.01795	0.01522	0.02020	0.14572	0.04514	0.04023	0.03827	0.10336	0.04184	0.02557	0.01748	0.02426	0.01476	0.01142	0.01342	0.04217	0.19734	0.03681	0.13992	0.00892
20	0.02022	0.01918	0.02777	0.03829	0.48024	0.05359	0.02057	0.05886	0.14939	0.02760	0.01807	0.02086	0.01451	0.00781	0.00769	0.00235	0.00880	0.00719	0.00486	0.01216
21	0.02124	0.01763	0.01863	0.01617	0.02091	0.02020	0.01275	0.15878	0.54437	0.03559	0.02907	0.02695	0.02166	0.01029	0.00786	0.00257	0.00660	0.00842	0.00786	0.01245
22	0.05353	0.01683	0.06352	0.22378	0.04846	0.01720	0.01614	0.08203	0.20913	0.12533	0.02294	0.05077	0.01735	0.00955	0.00773	0.00255	0.00802	0.00799	0.00623	0.01093
23	0.01684	0.03200	0.43225	0.02972	0.18479	0.01836	0.12701	0.02442	0.01698	0.02478	0.01435	0.01775	0.01070	0.00713	0.00772	0.00245	0.01119	0.00655	0.00351	0.01149
24	0.00967	0.00787	0.00856	0.00839	0.01079	0.00676	0.00629	0.01211	0.01888	0.02380	0.24638	0.06992	0.50638	0.01857	0.00916	0.00257	0.00385	0.01571	0.00758	0.00676
25	0.01063	0.00715	0.00940	0.01072	0.01160	0.00659	0.00732	0.01220	0.01568	0.04975	0.07647	0.62341	0.08407	0.02296	0.00973	0.00305	0.00452	0.02070	0.00737	0.00667
26	0.02393	0.15600	0.11252	0.01619	0.02266	0.02159	0.01510	0.33271	0.02698	0.07742	0.06997	0.02332	0.04891	0.00956	0.00736	0.00224	0.00816	0.00732	0.00647	0.01158
27	0.02711	0.01150	0.01554	0.01249	0.01715	0.01008	0.01008	0.03032	0.02211	0.47394	0.23827	0.03655	0.03658	0.01161	0.00823	0.00241	0.00565	0.00980	0.00925	0.01130
28	0.02900	0.03595	0.02206	0.01983	0.02397	0.65225	0.01497	0.07180	0.02292	0.02094	0.01242	0.01429	0.01020	0.00808	0.00704	0.00202	0.01362	0.00512	0.00424	0.00926
29	0.01777	0.15513	0.39841	0.02496	0.15864	0.01975	0.02371	0.02437	0.01690	0.04838	0.03361	0.01784	0.01255	0.00748	0.00708	0.00228	0.01004	0.00601	0.00378	0.01130
30	0.01790	0.02009	0.05913	0.03275	0.14791	0.01913	0.43592	0.02361	0.01773	0.02466	0.04663	0.02190	0.01460	0.00770	0.01029	0.00262	0.07420	0.00868	0.00406	0.01048
31	0.03479	0.01320	0.01799	0.01380	0.01979	0.01140	0.01140	0.03779	0.02219	0.68451	0.03059	0.02639	0.01919	0.00960	0.00780	0.00240	0.00660	0.00780	0.00960	0.01320
32	0.04114	0.01002	0.01069	0.00974	0.01228	0.03870	0.03502	0.01971	0.03851	0.02789	0.02332	0.02693	0.01847	0.01134	0.04234	0.00244	0.00564	0.00712	0.58034	0.03836
33	0.01945	0.01942	0.03011	0.10102	0.49244	0.06787	0.06339	0.02514	0.05882	0.02480	0.01547	0.01967	0.01263	0.00727	0.00774	0.00235	0.00972	0.00703	0.00408	0.01160
34	0.00960	0.00686	0.00917	0.01097	0.01149	0.00643	0.00747	0.01106	0.01500	0.01997	0.04265	0.69019	0.05094	0.02415	0.00994	0.00317	0.00463	0.05277	0.00719	0.00634
35	0.01094	0.00738	0.00856	0.00889	0.00897	0.00729	0.00516	0.01119	0.01193	0.01591	0.02779	0.17418	0.03243	0.59828	0.03403	0.00671	0.00696	0.01325	0.00516	0.00499
36	0.01705	0.10245	0.59229	0.02085	0.03157	0.01882	0.02632	0.02513	0.01662	0.05892	0.01451	0.01654	0.01033	0.00742	0.00717	0.00238	0.01091	0.00569	0.00361	0.01141
37	0.01455	0.00791	0.00921	0.03223	0.01179	0.00819	0.00691	0.01781	0.01551	0.05426	0.02430	0.03025	0.01999	0.06550	0.12613	0.00406	0.00717	0.00770	0.52922	0.00731
38	0.02320	0.01749	0.02017	0.01815	0.06412	0.01925	0.01360	0.23452	0.26700	0.09365	0.02486	0.05878	0.01931	0.01046	0.00873	0.00249	0.04327	0.00837	0.00732	0.04526
39	0.01924	0.01486	0.01776	0.08470	0.04429	0.01617	0.01285	0.15035	0.20955	0.04775	0.02397	0.02849	0.01924	0.01422	0.06886	0.00326	0.00822	0.04892	0.08248	0.08481
40	0.02521	0.11936	0.08639	0.02063	0.07774	0.30212	0.01636	0.17722	0.02378	0.02761	0.04259	0.01745	0.01366	0.00833	0.00710	0.00212	0.01088	0.00598	0.00493	0.01054
41	0.05223	0.34964	0.34050	0.01752	0.02622	0.05082	0.02030	0.02413	0.01618	0.02195	0.01229	0.01434	0.00982	0.00705	0.00616	0.00208	0.00990	0.00492	0.00339	0.01055
42	0.00952	0.00681	0.00907	0.01074	0.01126	0.00635	0.00720	0.01099	0.01521	0.02037	0.07485	0.68869	0.05239	0.02386	0.00986	0.00311	0.00446	0.02163	0.00727	0.00635
43	0.01099	0.00976	0.00953	0.00936	0.01196	0.04374	0.00713	0.01396	0.04071	0.02283	0.15861	0.06804	0.49913	0.01824	0.00908	0.00261	0.00466	0.04541	0.00725	0.00701
44	0.73224	0.01487	0.01184	0.01044	0.01532	0.01699	0.00860	0.02380	0.01380	0.07828	0.01212	0.01352	0.00912	0.00736	0.00500	0.00240	0.00604	0.00444	0.00512	0.00872
45	0.01854	0.01768	0.03005	0.15063	0.28994	0.01840	0.15456	0.07218	0.08156	0.02649	0.01799	0.05450	0.01489	0.00834	0.00814	0.00249	0.00965	0.00830	0.00464	0.01104
46	0.01967	0.01860	0.02791	0.08385	0.46303	0.04190	0.02099	0.05826	0.10982	0.02670	0.01688	0.02037	0.01365	0.00789	0.00838	0.00240	0.03619	0.00710	0.00457	0.01182
47	0.00953	0.00687	0.00904	0.01060	0.01123	0.00638	0.00715	0.01106	0.01543	0.02058	0.08579	0.65072	0.07983	0.02354	0.00982	0.00308	0.00442	0.02127	0.00729	0.00638
48	0.02326	0.04414	0.01975	0.01545	0.02055	0.01967	0.01262	0.33493	0.19126	0.03865	0.02322	0.02559	0.01800	0.00991	0.00747	0.00232	0.00715	0.04004	0.08794	0.05807
49	0.02281	0.01561	0.01742	0.06028	0.02035	0.01703	0.01165	0.35769	0.02654	0.05715	0.02060	0.02445	0.01611	0.07138	0.01074	0.03142	0.00724	0.00742	0.19380	0.01033
50	0.00993	0.00733	0.00879	0.00947	0.01056	0.00673	0.00640	0.01148	0.01582	0.02068	0.13253	0.34157	0.20739	0.15691	0.01528	0.00376	0.00482	0.01748	0.00690	0.00619
51	0.00951	0.00687	0.00889	0.01047	0.01106	0.00637	0.00699	0.01084	0.01490	0.01967	0.04464	0.64371	0.09762	0.05495	0.01114	0.00330	0.00459	0.02114	0.00709	0.00625

[dist]
# distance from previous block
# <min> <max>
0	1

[block]
# block no. 2 follows, 25 sequences, length 36
# corresponding to MSA columns:
# 194-229
name=unknown_C
#
# <colnr> <probs for GDERKNQSTAVLIFYWHMCP>
#	G	D	E	R	K	N	Q	S	T	A	V	L	I	F	Y	W	H	M	C	P
0	0.01850	0.01761	0.02940	0.14719	0.54492	0.01829	0.02278	0.02419	0.05489	0.02490	0.01545	0.01998	0.01264	0.00725	0.00770	0.00236	0.00921	0.00701	0.00401	0.01172
1	0.02098	0.01690	0.01804	0.01585	0.02047	0.01927	0.01244	0.09305	0.57728	0.06873	0.03041	0.02792	0.02254	0.01037	0.00787	0.00259	0.00636	0.00856	0.00797	0.01240
2	0.02672	0.02224	0.02224	0.06534	0.02514	0.11426	0.01488	0.44025	0.06369	0.03979	0.01789	0.01895	0.01319	0.00928	0.00842	0.00235	0.04274	0.00680	0.03402	0.01181
3	0.01982	0.02181	0.04599	0.03320	0.04100	0.02029	0.63419	0.02572	0.01918	0.02618	0.01725	0.02304	0.01330	0.00765	0.00978	0.00290	0.01343	0.00958	0.00449	0.01123
4	0.01373	0.01028	0.01270	0.01205	0.01454	0.01047	0.00957	0.07826	0.08206	0.02999	0.35504	0.05605	0.08423	0.01890	0.05654	0.00336	0.00622	0.13000	0.00776	0.00824
5	0.01186	0.00932	0.01296	0.01308	0.01467	0.00923	0.05233	0.04228	0.07855	0.02260	0.03876	0.57722	0.04427	0.02110	0.00956	0.00303	0.00542	0.01923	0.00706	0.00745
6	0.01606	0.10838	0.62353	0.02123	0.03221	0.01926	0.02713	0.02442	0.01631	0.02393	0.01361	0.01598	0.00983	0.00729	0.00713	0.00238	0.01115	0.00557	0.00328	0.01131
7	0.01768	0.19995	0.44576	0.02129	0.04791	0.05395	0.06335	0.02455	0.01665	0.02285	0.01322	0.01570	0.01005	0.00716	0.00691	0.00225	0.01088	0.00557	0.00337	0.01095
8	0.06952	0.01274	0.01637	0.01307	0.01816	0.01171	0.01062	0.05324	0.04945	0.47908	0.14936	0.03138	0.02867	0.01066	0.00789	0.00241	0.00606	0.00878	0.00901	0.01180
9	0.00945	0.00675	0.00900	0.01080	0.01125	0.00630	0.00720	0.01080	0.01484	0.01979	0.04274	0.72245	0.05128	0.02429	0.00990	0.00315	0.00450	0.02204	0.00720	0.00630
10	0.27142	0.04376	0.23740	0.01911	0.08959	0.01844	0.01761	0.08302	0.06195	0.03068	0.01451	0.01636	0.01095	0.00756	0.00647	0.00233	0.00840	0.00556	0.00464	0.05022
11	0.06834	0.03838	0.64080	0.02128	0.03228	0.01796	0.02725	0.02443	0.01615	0.02526	0.01370	0.01611	0.00972	0.00735	0.00719	0.00245	0.01108	0.00562	0.00338	0.01125
12	0.05117	0.27894	0.34936	0.01749	0.02611	0.04690	0.02021	0.02443	0.01657	0.05557	0.01576	0.01733	0.03410	0.00768	0.00649	0.00216	0.00970	0.00557	0.00384	0.01062
13	0.01581	0.03955	0.01483	0.01278	0.01467	0.07802	0.00976	0.01899	0.05030	0.05269	0.10100	0.03500	0.05344	0.15902	0.13578	0.00518	0.10894	0.00912	0.07745	0.00766
14	0.01122	0.00893	0.01271	0.01232	0.01441	0.00792	0.05079	0.01340	0.01570	0.02171	0.07389	0.51946	0.04339	0.01954	0.00912	0.00274	0.00523	0.01783	0.00663	0.13308
15	0.01557	0.18692	0.05390	0.01805	0.08182	0.06262	0.07142	0.01845	0.01642	0.02090	0.04469	0.31971	0.02987	0.01461	0.00810	0.00253	0.00760	0.01296	0.00528	0.00858
16	0.05245	0.01559	0.04042	0.01421	0.01896	0.01549	0.01179	0.16313	0.18802	0.13110	0.11040	0.03574	0.08876	0.01180	0.00805	0.00249	0.00643	0.04117	0.00769	0.03631
17	0.02317	0.56890	0.03595	0.01426	0.02046	0.12285	0.01334	0.02563	0.01722	0.07876	0.01275	0.01392	0.01079	0.00709	0.00552	0.00177	0.00894	0.00460	0.00398	0.01011
18	0.78228	0.01499	0.01140	0.01020	0.01499	0.01739	0.00840	0.02279	0.01320	0.03479	0.01080	0.01260	0.00840	0.00720	0.00480	0.00240	0.00600	0.00420	0.00480	0.00840
19	0.04743	0.02620	0.02007	0.01768	0.02219	0.32221	0.01365	0.11258	0.25830	0.05072	0.02056	0.02040	0.01565	0.00911	0.00738	0.00229	0.00995	0.00669	0.00610	0.01084
20	0.01019	0.00747	0.00956	0.00994	0.01133	0.00684	0.00711	0.01278	0.01876	0.02565	0.36729	0.31304	0.13231	0.01949	0.00943	0.00273	0.00401	0.01734	0.00788	0.00684
21	0.02225	0.01084	0.01392	0.01160	0.01550	0.00975	0.00915	0.05061	0.02160	0.32437	0.25072	0.04388	0.12087	0.04721	0.00993	0.00268	0.00540	0.01109	0.00863	0.00998
22	0.02403	0.01393	0.01676	0.01392	0.01843	0.01408	0.01121	0.15372	0.13276	0.25171	0.19352	0.03610	0.03370	0.01183	0.00828	0.00249	0.00618	0.03752	0.00856	0.01126
23	0.01120	0.00809	0.01000	0.00955	0.01170	0.00729	0.00727	0.01440	0.02067	0.04565	0.47604	0.06264	0.22797	0.01690	0.00918	0.00253	0.00395	0.03956	0.00816	0.00727
24	0.02503	0.01872	0.02039	0.01621	0.02132	0.02060	0.01311	0.45942	0.08245	0.04135	0.02082	0.05531	0.01667	0.04437	0.00984	0.00260	0.03395	0.00794	0.03849	0.05139
25	0.66765	0.01649	0.04665	0.01136	0.01662	0.01742	0.00989	0.05355	0.01494	0.06971	0.01238	0.01381	0.00927	0.00743	0.00523	0.00240	0.00643	0.00460	0.00512	0.00904
26	0.01876	0.01816	0.03152	0.10236	0.59353	0.01838	0.05607	0.02351	0.01751	0.02484	0.01457	0.01940	0.01209	0.00696	0.00776	0.00234	0.00951	0.00702	0.00381	0.01188
27	0.01090	0.00787	0.01029	0.00981	0.01157	0.00726	0.00731	0.01444	0.02159	0.03052	0.64293	0.09168	0.07205	0.01628	0.00918	0.00247	0.00370	0.01443	0.00847	0.00726
28	0.01176	0.00808	0.01064	0.01019	0.01207	0.00747	0.00771	0.01524	0.02128	0.05216	0.57928	0.10249	0.06844	0.01648	0.00923	0.00254	0.00399	0.04512	0.00841	0.00744
29	0.02227	0.56353	0.03601	0.01456	0.02070	0.12240	0.01354	0.05887	0.04849	0.02066	0.01235	0.01376	0.01078	0.00715	0.00554	0.00179	0.00899	0.00463	0.00387	0.01010
30	0.02831	0.01178	0.01583	0.01262	0.01754	0.01027	0.01024	0.03141	0.02193	0.50863	0.17650	0.03561	0.06107	0.01145	0.00816	0.00242	0.00582	0.00957	0.00925	0.01158
31	0.01080	0.00778	0.01026	0.01019	0.01179	0.00724	0.00760	0.01406	0.02050	0.02872	0.53094	0.17242	0.06779	0.01761	0.00936	0.00262	0.00400	0.05095	0.00823	0.00713
32	0.02478	0.02029	0.02057	0.01702	0.02226	0.06088	0.01362	0.33723	0.32315	0.03962	0.02415	0.02306	0.01779	0.00979	0.00777	0.00245	0.00775	0.00768	0.00760	0.01252
33	0.01569	0.01361	0.02124	0.10205	0.17735	0.01378	0.07333	0.08705	0.01833	0.02503	0.02617	0.29842	0.02755	0.01407	0.00861	0.00264	0.00757	0.01301	0.00560	0.04890
34	0.05548	0.02046	0.02127	0.04636	0.02390	0.06075	0.01410	0.40564	0.15681	0.08373	0.02107	0.02075	0.01516	0.00934	0.00763	0.00239	0.00823	0.00716	0.00739	0.01239
35	0.69099	0.01798	0.09187	0.01161	0.01720	0.01747	0.01081	0.02300	0.01357	0.03357	0.01117	0.01304	0.00857	0.00722	0.00510	0.00241	0.00665	0.00438	0.00462	0.00876

[dist]
# distance from previous block
# <min> <max>
0	1

[block]
# block no. 3 follows, 25 sequences, length 13
# corresponding to MSA columns:
# 231-243
name=unknown_D
#
# <colnr> <probs for GDERKNQSTAVLIFYWHMCP>
#	G	D	E	R	K	N	Q	S	T	A	V	L	I	F	Y	W	H	M	C	P
0	0.01639	0.03633	0.60180	0.02077	0.03126	0.01689	0.02618	0.02467	0.01709	0.06432	0.05949	0.01977	0.01465	0.00807	0.00751	0.00245	0.01064	0.00641	0.00401	0.01128
1	0.01108	0.00786	0.00995	0.01006	0.01132	0.00749	0.00729	0.01350	0.01777	0.02437	0.33622	0.11377	0.07926	0.20763	0.01753	0.00402	0.00527	0.10198	0.00715	0.00648
2	0.01728	0.01449	0.01672	0.01206	0.01888	0.01157	0.00969	0.07648	0.01791	0.02739	0.01422	0.01631	0.01164	0.00606	0.00592	0.00125	0.00599	0.00481	0.00488	0.70646
3	0.01119	0.00807	0.01067	0.01040	0.01223	0.00755	0.00806	0.01484	0.02136	0.02996	0.58407	0.06216	0.06906	0.01665	0.00937	0.00260	0.00416	0.10198	0.00834	0.00729
4	0.02660	0.01957	0.02122	0.01683	0.02221	0.02150	0.01366	0.56109	0.03335	0.04469	0.02208	0.11962	0.01865	0.01146	0.00806	0.00244	0.00795	0.00914	0.00768	0.01220
5	0.01419	0.00855	0.01117	0.01032	0.01257	0.00779	0.00774	0.01734	0.02076	0.12283	0.47715	0.11619	0.08308	0.04297	0.01018	0.00270	0.00432	0.01386	0.00837	0.00794
6	0.01375	0.00705	0.00898	0.00898	0.00986	0.00713	0.00634	0.01383	0.01295	0.02053	0.01911	0.02634	0.01665	0.02098	0.06021	0.38809	0.00622	0.00705	0.34066	0.00528
7	0.02018	0.01443	0.01628	0.01458	0.01857	0.01573	0.01137	0.07537	0.38631	0.12456	0.07067	0.12086	0.02957	0.01278	0.00830	0.00267	0.00604	0.03247	0.00805	0.01122
8	0.01432	0.01351	0.02299	0.13410	0.02686	0.01545	0.14933	0.01776	0.01476	0.02072	0.02123	0.18093	0.02139	0.01896	0.09891	0.00412	0.17313	0.01098	0.03237	0.00819
9	0.01673	0.01539	0.02502	0.38814	0.08112	0.01718	0.10908	0.10431	0.01912	0.02490	0.02308	0.02728	0.09664	0.00926	0.00813	0.00254	0.00959	0.00845	0.00460	0.00945
10	0.01739	0.01403	0.04494	0.01689	0.02123	0.01258	0.13931	0.02066	0.01650	0.11747	0.02424	0.20275	0.02322	0.01293	0.01053	0.02903	0.07337	0.01093	0.03874	0.15323
11	0.02449	0.07645	0.10851	0.01740	0.02396	0.04879	0.01567	0.35982	0.13533	0.03808	0.01902	0.01925	0.01403	0.00879	0.00737	0.00226	0.00854	0.00668	0.00653	0.05903
12	0.01728	0.02037	0.08676	0.02907	0.09106	0.01937	0.36659	0.02244	0.01648	0.02319	0.01609	0.06687	0.01398	0.00935	0.01244	0.00278	0.16288	0.00904	0.00397	0.00999

[dist]
# distance from previous block
# <min> <max>
0	3

[block]
# block no. 4 follows, 25 sequences, length 61
# corresponding to MSA columns:
# 247-307
name=unknown_E
#
# <colnr> <probs for GDERKNQSTAVLIFYWHMCP>
#	G	D	E	R	K	N	Q	S	T	A	V	L	I	F	Y	W	H	M	C	P
0	0.01713	0.05440	0.04959	0.17822	0.02912	0.04942	0.05964	0.04847	0.09010	0.02270	0.01998	0.02391	0.06100	0.01255	0.04241	0.00311	0.19765	0.00766	0.00449	0.02844
1	0.01508	0.00911	0.01082	0.01047	0.01208	0.00945	0.00759	0.07892	0.06339	0.02453	0.02443	0.15126	0.02309	0.01768	0.01465	0.25076	0.00545	0.00983	0.25464	0.00678
2	0.01003	0.00944	0.05856	0.01117	0.01283	0.00730	0.00863	0.01228	0.01609	0.02156	0.11689	0.52090	0.12226	0.02156	0.00954	0.00296	0.00485	0.01929	0.00706	0.00682
3	0.01038	0.00752	0.00979	0.01003	0.01142	0.00694	0.00722	0.01318	0.01936	0.02683	0.43540	0.28421	0.09100	0.01888	0.00940	0.00269	0.00395	0.01684	0.00803	0.00694
4	0.01147	0.00858	0.01139	0.01285	0.03305	0.00834	0.00962	0.01508	0.04656	0.02394	0.16577	0.27833	0.09956	0.02020	0.00981	0.00306	0.00539	0.22237	0.00737	0.00724
5	0.01118	0.00827	0.01077	0.01218	0.01368	0.00803	0.00963	0.01441	0.04157	0.02199	0.04638	0.31830	0.13161	0.02182	0.01009	0.00325	0.00569	0.29699	0.00720	0.00695
6	0.01555	0.04011	0.68733	0.02210	0.03356	0.01801	0.02865	0.02455	0.01637	0.02455	0.01391	0.01637	0.00982	0.00737	0.00737	0.00246	0.01146	0.00573	0.00327	0.01146
7	0.01955	0.01914	0.02118	0.29554	0.05508	0.14882	0.01658	0.09828	0.04430	0.02468	0.01734	0.02106	0.03518	0.00859	0.00810	0.00230	0.03878	0.00673	0.03664	0.08213
8	0.01097	0.00793	0.01036	0.00975	0.01158	0.00732	0.00732	0.01463	0.02195	0.03109	0.67505	0.05792	0.07316	0.01585	0.00914	0.00244	0.00366	0.01402	0.00854	0.00732
9	0.01590	0.06521	0.62680	0.02236	0.03343	0.01858	0.06305	0.02452	0.01646	0.02433	0.01390	0.01648	0.00994	0.00729	0.00738	0.00243	0.01143	0.00586	0.00331	0.01135
10	0.01464	0.01378	0.02326	0.70887	0.05340	0.01723	0.02153	0.01981	0.01550	0.01981	0.01378	0.02067	0.01034	0.00775	0.00775	0.00258	0.01034	0.00689	0.00345	0.00861
11	0.00974	0.00776	0.00873	0.00874	0.01089	0.00675	0.00646	0.01215	0.01865	0.02387	0.25399	0.13957	0.42731	0.01900	0.00924	0.00262	0.00391	0.01627	0.00760	0.00675
12	0.02715	0.02130	0.06434	0.01726	0.02362	0.02150	0.01482	0.46730	0.10335	0.09067	0.02039	0.02006	0.01449	0.00916	0.00765	0.00231	0.00817	0.00704	0.00746	0.05197
13	0.16905	0.01449	0.01741	0.01361	0.01941	0.01392	0.01124	0.10547	0.02220	0.49459	0.02565	0.02301	0.01656	0.00913	0.00725	0.00239	0.00671	0.00705	0.00852	0.01233
14	0.01492	0.01282	0.01746	0.01521	0.01611	0.01586	0.03973	0.03508	0.01380	0.02044	0.03654	0.05354	0.04655	0.19938	0.02408	0.00416	0.32989	0.00919	0.08782	0.00741
15	0.01041	0.00745	0.00949	0.00985	0.01094	0.00696	0.00682	0.01264	0.01766	0.02428	0.33032	0.29071	0.08245	0.12751	0.01403	0.00347	0.00455	0.01651	0.00743	0.00653
16	0.02612	0.02005	0.02138	0.01716	0.02277	0.02248	0.01393	0.45159	0.24361	0.04345	0.02288	0.02201	0.01664	0.00971	0.00780	0.00243	0.00774	0.00757	0.00780	0.01289
17	0.01128	0.00752	0.00846	0.00846	0.00846	0.00752	0.00470	0.01128	0.01128	0.01503	0.02443	0.05074	0.02819	0.72751	0.03946	0.00752	0.00752	0.01128	0.00470	0.00470
18	0.02535	0.01825	0.02007	0.01629	0.02139	0.02002	0.01312	0.42371	0.13221	0.08263	0.02420	0.09979	0.01970	0.01281	0.03085	0.00281	0.00798	0.00904	0.00771	0.01206
19	0.01779	0.02029	0.06503	0.05661	0.06577	0.01813	0.48669	0.02385	0.01778	0.02471	0.01523	0.01999	0.01162	0.00652	0.00849	0.00239	0.01173	0.00821	0.00397	0.11519
20	0.07699	0.45426	0.13185	0.01554	0.02230	0.14479	0.01551	0.02475	0.01675	0.02052	0.01146	0.01331	0.00982	0.00702	0.00567	0.00189	0.00960	0.00454	0.00354	0.00989
21	0.78228	0.01499	0.01140	0.01020	0.01499	0.01739	0.00840	0.02279	0.01320	0.03479	0.01080	0.01260	0.00840	0.00720	0.00480	0.00240	0.00600	0.00420	0.00480	0.00840
22	0.16486	0.01767	0.02026	0.15844	0.07482	0.03925	0.01480	0.28046	0.02381	0.03462	0.01776	0.02030	0.03776	0.00978	0.00850	0.04580	0.00835	0.00673	0.00566	0.01035
23	0.00935	0.00786	0.00812	0.00805	0.01059	0.00663	0.00604	0.01150	0.01812	0.02201	0.14138	0.07286	0.61250	0.01924	0.00916	0.00260	0.00390	0.01612	0.00734	0.00663
24	0.00992	0.00763	0.01097	0.01179	0.01283	0.00707	0.04329	0.01161	0.01527	0.02017	0.04408	0.63110	0.09912	0.02292	0.00980	0.00308	0.00493	0.02086	0.00701	0.00655
25	0.07471	0.02116	0.02079	0.01695	0.02237	0.07935	0.01366	0.38837	0.21018	0.04082	0.02119	0.02073	0.01555	0.00940	0.00754	0.00239	0.00816	0.00714	0.00729	0.01227
26	0.01504	0.00780	0.00786	0.00764	0.00962	0.00789	0.00579	0.04304	0.01705	0.02969	0.02503	0.02850	0.01961	0.00904	0.00551	0.00183	0.00381	0.00722	0.74056	0.00746
27	0.02073	0.73217	0.04063	0.01327	0.01990	0.03068	0.01327	0.02322	0.01575	0.01824	0.01078	0.01244	0.00995	0.00663	0.00498	0.00166	0.00829	0.00415	0.00332	0.00995
28	0.04645	0.01222	0.01457	0.04408	0.01766	0.01256	0.01037	0.18539	0.02087	0.05403	0.02991	0.34672	0.03168	0.01698	0.00952	0.03463	0.00625	0.03467	0.00683	0.06460
29	0.02878	0.01340	0.01707	0.01380	0.01899	0.01271	0.01115	0.03606	0.16534	0.46912	0.10003	0.03034	0.02599	0.01047	0.00796	0.00245	0.00618	0.00868	0.00910	0.01236
30	0.01120	0.00748	0.00848	0.00856	0.00858	0.00746	0.00481	0.01125	0.01143	0.01524	0.02523	0.07995	0.02919	0.69693	0.03818	0.00733	0.00739	0.01174	0.00481	0.00477
31	0.03336	0.01393	0.01826	0.01417	0.02006	0.01268	0.01165	0.07264	0.06993	0.60118	0.02999	0.02614	0.01918	0.00965	0.00780	0.00241	0.00667	0.00782	0.00937	0.01313
32	0.01768	0.01806	0.02283	0.01963	0.02048	0.08924	0.03813	0.01973	0.01334	0.01929	0.01196	0.01829	0.01129	0.01583	0.07119	0.00382	0.53827	0.00682	0.03568	0.00844
33	0.00953	0.00678	0.00897	0.01069	0.01112	0.00635	0.00709	0.01082	0.01469	0.01959	0.04194	0.69324	0.05028	0.05487	0.01118	0.00334	0.00463	0.02157	0.00709	0.00623
34	0.01677	0.01701	0.02232	0.01935	0.02017	0.07219	0.04363	0.01877	0.01324	0.01900	0.01429	0.07813	0.01456	0.01779	0.08287	0.00405	0.50555	0.00819	0.00385	0.00828
35	0.75014	0.01605	0.03973	0.01070	0.01577	0.01742	0.00925	0.02287	0.01333	0.03436	0.01093	0.01275	0.00846	0.00720	0.00491	0.00240	0.00623	0.00426	0.00473	0.00853
36	0.01108	0.00831	0.01246	0.01246	0.01385	0.00969	0.00969	0.01385	0.01246	0.01800	0.02077	0.03046	0.01938	0.05815	0.69678	0.01246	0.02077	0.00831	0.00415	0.00692
37	0.04610	0.01406	0.02103	0.07077	0.02208	0.01697	0.08553	0.01952	0.01505	0.05970	0.06584	0.09462	0.02072	0.01260	0.01538	0.00287	0.30730	0.00916	0.09217	0.00853
38	0.02109	0.11672	0.02634	0.01943	0.02221	0.16343	0.06410	0.02341	0.01587	0.06781	0.01381	0.04406	0.01248	0.01106	0.01569	0.00273	0.33950	0.00690	0.00415	0.00920
39	0.02021	0.01395	0.01655	0.01254	0.01865	0.01190	0.01006	0.05322	0.08690	0.15142	0.06132	0.02216	0.01824	0.00778	0.00666	0.00167	0.00594	0.00635	0.00628	0.46822
40	0.07532	0.17409	0.38771	0.01862	0.02752	0.06547	0.02141	0.06546	0.01797	0.05901	0.01409	0.01581	0.01045	0.00749	0.00672	0.00225	0.01016	0.00544	0.00405	0.01097
41	0.01782	0.21801	0.46848	0.02036	0.05223	0.02104	0.02377	0.02473	0.01650	0.05026	0.01381	0.01586	0.01033	0.00725	0.00677	0.00224	0.01036	0.00545	0.00357	0.01117
42	0.01011	0.00729	0.00966	0.01098	0.01193	0.00684	0.00789	0.01217	0.01655	0.02219	0.14955	0.49886	0.07872	0.02230	0.00985	0.00307	0.00470	0.10333	0.00741	0.00659
43	0.01710	0.01551	0.02263	0.03034	0.35027	0.01598	0.01695	0.02574	0.18563	0.02688	0.07064	0.03435	0.10631	0.01070	0.00815	0.00249	0.00729	0.03629	0.00577	0.01099
44	0.78228	0.01499	0.01140	0.01020	0.01499	0.01739	0.00840	0.02279	0.01320	0.03479	0.01080	0.01260	0.00840	0.00720	0.00480	0.00240	0.00600	0.00420	0.00480	0.00840
45	0.01258	0.00885	0.01253	0.12871	0.01931	0.00892	0.01023	0.01543	0.01753	0.06701	0.19578	0.32385	0.07180	0.01804	0.00923	0.00283	0.00557	0.05726	0.00705	0.00747
46	0.02642	0.01896	0.02066	0.01614	0.02144	0.02061	0.01302	0.50954	0.03138	0.06736	0.01970	0.02320	0.01542	0.10092	0.03095	0.00323	0.00858	0.00751	0.00723	0.03773
47	0.01023	0.00793	0.00933	0.00907	0.01124	0.00703	0.00686	0.01314	0.01993	0.02637	0.39160	0.06624	0.33744	0.01770	0.00921	0.00256	0.00389	0.03536	0.00790	0.00697
48	0.01709	0.01579	0.02385	0.14054	0.28141	0.01767	0.01868	0.02413	0.12683	0.02435	0.02193	0.02994	0.04253	0.01056	0.01053	0.00270	0.10487	0.07133	0.00487	0.01042
49	0.01778	0.03181	0.45022	0.02068	0.05422	0.04311	0.02300	0.09006	0.01866	0.04844	0.01689	0.04501	0.01314	0.01122	0.04619	0.00298	0.01091	0.00678	0.03790	0.01100
50	0.00968	0.00687	0.00907	0.01074	0.01120	0.00647	0.00719	0.01100	0.01468	0.01956	0.04134	0.65286	0.04938	0.07553	0.01208	0.00348	0.00480	0.04084	0.00701	0.00621
51	0.01010	0.00810	0.00919	0.00977	0.01206	0.00719	0.00778	0.01248	0.01760	0.02152	0.06656	0.10710	0.47317	0.02034	0.00962	0.00291	0.00484	0.18579	0.00718	0.00670
52	0.01608	0.01378	0.01608	0.01148	0.01837	0.01034	0.00919	0.01952	0.01608	0.02527	0.01378	0.01608	0.01148	0.00574	0.00574	0.00115	0.00574	0.00459	0.00459	0.77491
53	0.02695	0.01992	0.02147	0.01692	0.02241	0.02198	0.01374	0.55778	0.06163	0.04488	0.02114	0.07153	0.01693	0.03477	0.00899	0.00258	0.00810	0.00830	0.00762	0.01236
54	0.00945	0.00675	0.00900	0.01080	0.01125	0.00630	0.00720	0.01080	0.01484	0.01979	0.04274	0.72245	0.05128	0.02429	0.00990	0.00315	0.00450	0.02204	0.00720	0.00630
55	0.01710	0.01836	0.03640	0.11754	0.06992	0.01902	0.39946	0.02229	0.01670	0.02295	0.01627	0.06505	0.01389	0.00892	0.01143	0.00275	0.11901	0.00921	0.00398	0.00974
56	0.00956	0.00787	0.00840	0.00827	0.01071	0.00671	0.00620	0.01189	0.01860	0.02315	0.20787	0.07100	0.54530	0.01882	0.00916	0.00258	0.00387	0.01586	0.00749	0.00671
57	0.01676	0.01419	0.01645	0.01181	0.01867	0.01104	0.00947	0.05197	0.01712	0.02647	0.01403	0.01621	0.01157	0.00592	0.00585	0.00121	0.00588	0.00472	0.00476	0.73592
58	0.01048	0.00761	0.00963	0.01070	0.01151	0.00740	0.00723	0.01324	0.05680	0.02131	0.11241	0.51831	0.04916	0.10979	0.01335	0.00358	0.00488	0.01893	0.00709	0.00660
59	0.01780	0.06938	0.02400	0.06529	0.02288	0.06532	0.04343	0.05997	0.01501	0.02083	0.01303	0.01909	0.01187	0.01872	0.12507	0.00444	0.38443	0.00684	0.00385	0.00877
60	0.10653	0.01604	0.01596	0.01326	0.01751	0.05105	0.01066	0.28896	0.02479	0.06280	0.02014	0.02198	0.01522	0.01168	0.04539	0.00272	0.00757	0.00676	0.25078	0.01019

[dist]
# distance from previous block
# <min> <max>
0	1

[block]
# block no. 5 follows, 25 sequences, length 38
# corresponding to MSA columns:
# 309-346
name=unknown_F
#
# <colnr> <probs for GDERKNQSTAVLIFYWHMCP>
#	G	D	E	R	K	N	Q	S	T	A	V	L	I	F	Y	W	H	M	C	P
0	0.01723	0.01946	0.08374	0.23161	0.17488	0.05519	0.05943	0.02155	0.01553	0.02133	0.01317	0.01885	0.01092	0.01003	0.02626	0.00290	0.19778	0.00683	0.00357	0.00972
1	0.02591	0.01406	0.01904	0.01486	0.02055	0.01292	0.06292	0.03256	0.13586	0.36695	0.03142	0.02917	0.07519	0.00986	0.00776	0.00231	0.00670	0.00839	0.00794	0.11565
2	0.01061	0.00793	0.00969	0.01061	0.01186	0.00762	0.00746	0.01368	0.06642	0.02122	0.07618	0.42777	0.16143	0.06211	0.01193	0.02701	0.00485	0.04783	0.00705	0.00672
3	0.01653	0.01405	0.01632	0.01170	0.01857	0.01080	0.00938	0.04110	0.01677	0.02607	0.01395	0.01616	0.01154	0.00586	0.00581	0.00119	0.00584	0.00468	0.00470	0.74898
4	0.01919	0.01842	0.03147	0.04759	0.67914	0.01842	0.02380	0.02380	0.01765	0.02533	0.01458	0.01919	0.01228	0.00691	0.00768	0.00230	0.00921	0.00691	0.00384	0.01228
5	0.01290	0.00975	0.01246	0.01339	0.01554	0.00995	0.01116	0.01889	0.11323	0.02477	0.09248	0.11828	0.09570	0.01943	0.00999	0.00324	0.00628	0.39741	0.00737	0.00780
6	0.01080	0.00772	0.00998	0.01119	0.01199	0.00755	0.00774	0.04171	0.01560	0.02085	0.03884	0.56281	0.04556	0.08645	0.04573	0.00397	0.00588	0.05222	0.00686	0.00656
7	0.01544	0.01463	0.02509	0.63045	0.05136	0.01765	0.07262	0.04158	0.01644	0.02120	0.01410	0.02062	0.01055	0.00771	0.00787	0.00258	0.01050	0.00708	0.00363	0.00892
8	0.01144	0.00797	0.01019	0.00981	0.01171	0.00725	0.00729	0.01461	0.02063	0.05198	0.50974	0.13769	0.13640	0.01706	0.00919	0.00254	0.00389	0.01502	0.00826	0.00732
9	0.01830	0.02092	0.04575	0.03268	0.04052	0.01961	0.65098	0.02484	0.01830	0.02484	0.01569	0.02092	0.01176	0.00654	0.00915	0.00261	0.01307	0.00915	0.00392	0.01046
10	0.01642	0.01495	0.02503	0.45320	0.14031	0.01710	0.07458	0.05472	0.01726	0.02342	0.01533	0.02108	0.01174	0.00772	0.00766	0.00246	0.00972	0.00712	0.07073	0.00945
11	0.01086	0.00886	0.02980	0.01112	0.01298	0.00768	0.02770	0.01406	0.01953	0.02730	0.44491	0.25689	0.06289	0.01789	0.00932	0.00266	0.00442	0.01607	0.00784	0.00722
12	0.01671	0.01205	0.01375	0.04580	0.01638	0.01382	0.00991	0.06760	0.18242	0.02844	0.02407	0.02799	0.01941	0.05816	0.02985	0.00293	0.08180	0.00783	0.33215	0.00896
13	0.51902	0.01372	0.01224	0.01085	0.01507	0.01523	0.00873	0.06520	0.01689	0.06590	0.13283	0.05544	0.02289	0.00982	0.00617	0.00244	0.00571	0.00717	0.00602	0.00867
14	0.01663	0.01716	0.05290	0.26423	0.22137	0.01710	0.15541	0.02186	0.01696	0.02314	0.01664	0.02538	0.01402	0.00826	0.00816	0.00252	0.01017	0.05778	0.00401	0.04633
15	0.24188	0.01841	0.01822	0.01475	0.02015	0.04104	0.01204	0.31208	0.08202	0.11117	0.01886	0.01887	0.01353	0.00880	0.00683	0.00235	0.00739	0.00638	0.03381	0.01141
16	0.01730	0.01507	0.02260	0.53810	0.04560	0.01816	0.01952	0.13533	0.03923	0.02548	0.01620	0.04454	0.01266	0.00869	0.00783	0.00256	0.00968	0.00748	0.00449	0.00948
17	0.22019	0.12177	0.08749	0.01477	0.02050	0.02074	0.01336	0.22720	0.07755	0.03388	0.01566	0.01727	0.01207	0.00983	0.00853	0.06968	0.00777	0.00586	0.00553	0.01037
18	0.70635	0.01567	0.01259	0.01097	0.01591	0.01806	0.00904	0.08638	0.01554	0.03621	0.01158	0.01320	0.00888	0.00741	0.00510	0.00239	0.00625	0.00448	0.00510	0.00888
19	0.02505	0.01404	0.01706	0.01430	0.01903	0.01424	0.01139	0.08724	0.21174	0.30407	0.02936	0.08099	0.02226	0.01510	0.06805	0.00336	0.00767	0.00906	0.00810	0.03788
20	0.02301	0.01712	0.05400	0.01504	0.02036	0.01633	0.01260	0.26172	0.09587	0.13174	0.07521	0.10615	0.02400	0.01123	0.00788	0.00234	0.00696	0.00927	0.00742	0.10175
21	0.01059	0.00748	0.00937	0.00961	0.01055	0.00707	0.00649	0.01251	0.01679	0.02306	0.29664	0.23870	0.07077	0.22433	0.01813	0.00411	0.00501	0.01549	0.00702	0.00626
22	0.01563	0.01353	0.01689	0.11484	0.02332	0.01122	0.01095	0.01926	0.01595	0.02426	0.01480	0.04158	0.01271	0.00669	0.00619	0.00143	0.00638	0.00555	0.00451	0.63431
23	0.01192	0.00762	0.01021	0.01118	0.01238	0.00708	0.00800	0.01393	0.01673	0.07383	0.13537	0.51446	0.05144	0.02164	0.00969	0.00302	0.00477	0.07210	0.00758	0.00706
24	0.01558	0.00872	0.00938	0.03815	0.01230	0.00910	0.00700	0.06980	0.01776	0.02981	0.02412	0.02776	0.01891	0.01051	0.02693	0.00221	0.00483	0.00723	0.65215	0.00776
25	0.01268	0.00828	0.01060	0.00995	0.01213	0.00749	0.00748	0.01588	0.02085	0.08546	0.49305	0.11146	0.14217	0.01647	0.00909	0.00252	0.00401	0.01443	0.00835	0.00765
26	0.01793	0.01743	0.03058	0.21872	0.46024	0.01821	0.07795	0.02285	0.01715	0.02385	0.01447	0.01973	0.01173	0.00710	0.00782	0.00240	0.00984	0.00710	0.00374	0.01117
27	0.00945	0.00675	0.00900	0.01080	0.01125	0.00630	0.00720	0.01080	0.01484	0.01979	0.04274	0.72245	0.05128	0.02429	0.00990	0.00315	0.00450	0.02204	0.00720	0.00630
28	0.01772	0.02033	0.06155	0.13331	0.07318	0.01915	0.50803	0.02403	0.01780	0.02411	0.01530	0.02065	0.01152	0.00676	0.00882	0.00259	0.01243	0.00860	0.00383	0.01030
29	0.39039	0.01414	0.01388	0.01167	0.01645	0.01500	0.00951	0.09841	0.01911	0.18211	0.07961	0.02576	0.07528	0.00982	0.00658	0.00241	0.00605	0.00725	0.00677	0.00979
30	0.02860	0.01280	0.01665	0.01340	0.01847	0.01182	0.01083	0.03438	0.11282	0.48273	0.13905	0.03205	0.02890	0.01078	0.00804	0.00244	0.00604	0.00898	0.00918	0.01208
31	0.01500	0.00996	0.01360	0.01369	0.07140	0.00903	0.00940	0.01864	0.02112	0.10950	0.48519	0.04730	0.05626	0.01349	0.00858	0.00232	0.00467	0.01188	0.00793	0.07104
32	0.01937	0.19680	0.02305	0.01415	0.01853	0.01777	0.04444	0.16279	0.02182	0.07570	0.12295	0.17817	0.04717	0.01301	0.00783	0.00238	0.00684	0.01101	0.00654	0.00966
33	0.01598	0.00933	0.01006	0.00929	0.01132	0.01012	0.00723	0.07356	0.01764	0.02976	0.02340	0.02697	0.01845	0.00945	0.00736	0.00199	0.06547	0.00717	0.63757	0.00786
34	0.60141	0.01739	0.07271	0.03525	0.07540	0.01733	0.01199	0.02345	0.01423	0.05454	0.01215	0.01420	0.00928	0.00728	0.00546	0.00240	0.00690	0.00477	0.00470	0.00917
35	0.05904	0.01862	0.08054	0.12832	0.41748	0.01748	0.02120	0.05215	0.01828	0.02664	0.07157	0.02213	0.01692	0.00796	0.00764	0.00237	0.00886	0.00728	0.00438	0.01112
36	0.01868	0.01286	0.01545	0.01202	0.01738	0.01079	0.00944	0.07033	0.01883	0.12707	0.07735	0.09729	0.02287	0.03228	0.00801	0.00196	0.00584	0.00814	0.00622	0.42718
37	0.01596	0.01471	0.02446	0.03968	0.03990	0.01375	0.21557	0.07882	0.01976	0.02730	0.13806	0.10232	0.08068	0.01121	0.00843	0.00235	0.00794	0.01079	0.00579	0.14253

[dist]
# distance from previous block
# <min> <max>
8	70

[block]
# block no. 6 follows, 25 sequences, length 72
# corresponding to MSA columns:
# 417-488
name=unknown_G
#
# <colnr> <probs for GDERKNQSTAVLIFYWHMCP>
#	G	D	E	R	K	N	Q	S	T	A	V	L	I	F	Y	W	H	M	C	P
0	0.14069	0.13061	0.07781	0.05930	0.02391	0.10313	0.01505	0.22476	0.02266	0.03174	0.03545	0.01729	0.01284	0.00871	0.00818	0.00231	0.06389	0.00599	0.00523	0.01047
1	0.20243	0.04086	0.06865	0.04423	0.01954	0.06583	0.01201	0.13976	0.04271	0.02973	0.06514	0.04662	0.07881	0.01233	0.00977	0.09187	0.00746	0.00781	0.00556	0.00889
2	0.03959	0.03467	0.01481	0.01269	0.01551	0.01066	0.04491	0.05200	0.04419	0.07292	0.26223	0.23115	0.04724	0.01606	0.00883	0.00263	0.00545	0.04552	0.00742	0.03152
3	0.01810	0.01278	0.01485	0.03523	0.01771	0.01264	0.01006	0.13723	0.09151	0.07570	0.02828	0.20339	0.04182	0.01277	0.00768	0.00229	0.00589	0.01089	0.09744	0.16372
4	0.02523	0.01846	0.02019	0.01585	0.02127	0.01971	0.01280	0.45970	0.05217	0.05987	0.04192	0.06145	0.01841	0.04748	0.00937	0.00254	0.00767	0.00812	0.00732	0.09046
5	0.01804	0.01476	0.03804	0.01355	0.01982	0.01177	0.04624	0.06722	0.01832	0.08197	0.04026	0.07461	0.01744	0.00823	0.00675	0.00166	0.00644	0.00702	0.00551	0.50236
6	0.21438	0.01931	0.01950	0.01699	0.04898	0.05717	0.01314	0.32094	0.06940	0.03823	0.01773	0.05367	0.01427	0.00972	0.00819	0.00246	0.05150	0.00706	0.00636	0.01102
7	0.02063	0.01518	0.01770	0.03441	0.02046	0.01391	0.01105	0.16271	0.05614	0.09659	0.01940	0.06486	0.01587	0.00846	0.00685	0.00179	0.00653	0.00689	0.00611	0.41447
8	0.33810	0.05113	0.01617	0.05546	0.01940	0.01621	0.01076	0.05303	0.09006	0.18545	0.02097	0.07756	0.01663	0.00965	0.00659	0.00246	0.00652	0.00733	0.00644	0.01008
9	0.01104	0.00833	0.01064	0.01068	0.01265	0.00729	0.00760	0.01332	0.01673	0.02344	0.18434	0.43620	0.04895	0.01887	0.00895	0.00261	0.00454	0.01692	0.00702	0.14989
10	0.04035	0.02205	0.30602	0.01533	0.02125	0.01218	0.01666	0.01864	0.01804	0.02653	0.25967	0.14604	0.03961	0.01320	0.00833	0.00256	0.00729	0.01135	0.00589	0.00900
11	0.01108	0.00831	0.01246	0.01246	0.01385	0.00969	0.00969	0.01385	0.01246	0.01800	0.02077	0.03046	0.01938	0.05815	0.69678	0.01246	0.02077	0.00831	0.00415	0.00692
12	0.02578	0.01966	0.02036	0.01625	0.02143	0.05065	0.01313	0.46686	0.09162	0.04249	0.06081	0.02355	0.01867	0.03398	0.00874	0.00249	0.00790	0.00766	0.05609	0.01189
13	0.62559	0.01425	0.01210	0.01054	0.01533	0.01589	0.00865	0.02469	0.01470	0.12928	0.01458	0.01562	0.01068	0.00766	0.00527	0.00236	0.00594	0.00491	0.05292	0.00903
14	0.02199	0.01884	0.01937	0.04784	0.02278	0.05837	0.01342	0.18196	0.45343	0.03493	0.02664	0.02532	0.01986	0.00997	0.00780	0.00252	0.00732	0.00805	0.00744	0.01213
15	0.01054	0.00776	0.00986	0.00965	0.01140	0.00708	0.00712	0.01368	0.02046	0.02830	0.51496	0.14781	0.14768	0.01745	0.00925	0.00256	0.00380	0.01538	0.00819	0.00708
16	0.01378	0.00742	0.01066	0.01045	0.01063	0.00784	0.00724	0.01143	0.01083	0.01534	0.01445	0.02370	0.01391	0.02431	0.02750	0.64906	0.05018	0.00679	0.08043	0.00407
17	0.01841	0.00989	0.01294	0.01131	0.01445	0.00910	0.00878	0.02271	0.05478	0.22475	0.42392	0.07507	0.05367	0.01408	0.00871	0.00247	0.00469	0.01224	0.00876	0.00927
18	0.01127	0.00755	0.00865	0.00865	0.00871	0.00762	0.00493	0.01140	0.01133	0.01517	0.02426	0.04978	0.02777	0.69588	0.07053	0.00775	0.00814	0.01114	0.00467	0.00480
19	0.02843	0.01234	0.01617	0.01282	0.01796	0.01095	0.01040	0.03260	0.05614	0.48364	0.11618	0.03035	0.02631	0.01024	0.00772	0.00231	0.00594	0.00847	0.05621	0.05481
20	0.01846	0.01387	0.01638	0.01199	0.01864	0.01094	0.00961	0.02285	0.05183	0.10355	0.01673	0.01799	0.01305	0.00646	0.00610	0.00138	0.00586	0.00520	0.00536	0.64375
21	0.01434	0.01063	0.01309	0.03895	0.01602	0.01099	0.00974	0.13507	0.04863	0.02818	0.15534	0.36798	0.04502	0.01846	0.00923	0.00284	0.00556	0.05429	0.00744	0.00819
