[name]
unknown

[dist]
# distance from previous block
# <min> <max>
0	23

[block]
# block no. 0 follows, 23 sequences, length 37
# corresponding to MSA columns:
# 28-64
name=unknown_A
#
# <colnr> <probs for GDERKNQSTAVLIFYWHMCP>
#	G	D	E	R	K	N	Q	S	T	A	V	L	I	F	Y	W	H	M	C	P
0	0.01308	0.00934	0.01308	0.01494	0.01681	0.00934	0.01308	0.01681	0.01868	0.02428	0.04296	0.09153	0.04670	0.02242	0.01121	0.00374	0.00747	0.60960	0.00747	0.00747
1	0.03641	0.01381	0.01883	0.01444	0.02071	0.01193	0.01193	0.03954	0.02322	0.66984	0.03201	0.02762	0.02009	0.01004	0.00816	0.00251	0.00690	0.00816	0.01004	0.01381
2	0.01665	0.00944	0.01250	0.01108	0.01390	0.00854	0.00854	0.02033	0.02302	0.16462	0.52980	0.05377	0.06486	0.01523	0.00928	0.00254	0.00447	0.01332	0.00916	0.00893
3	0.02169	0.71972	0.04252	0.01388	0.02083	0.03211	0.01388	0.02430	0.01649	0.01909	0.01128	0.01302	0.01041	0.00694	0.00521	0.00174	0.00868	0.00434	0.00347	0.01041
4	0.01034	0.00846	0.00926	0.00966	0.01221	0.00738	0.00765	0.01275	0.01853	0.02243	0.07380	0.08097	0.52935	0.02095	0.00994	0.00295	0.00483	0.14404	0.00752	0.00698
5	0.02018	0.01743	0.01835	0.01651	0.02110	0.02018	0.01284	0.04312	0.64956	0.03394	0.03303	0.03027	0.02477	0.01101	0.00826	0.00275	0.00642	0.00917	0.00826	0.01284
6	0.01023	0.00733	0.00972	0.01106	0.01184	0.00682	0.00756	0.01216	0.01713	0.02325	0.17651	0.57053	0.05857	0.02353	0.01019	0.00314	0.00452	0.02127	0.00783	0.00682
7	0.01071	0.00723	0.00929	0.01072	0.01150	0.00681	0.00730	0.01263	0.01635	0.02295	0.09357	0.56655	0.05127	0.02260	0.00968	0.00305	0.00451	0.02034	0.10615	0.00681
8	0.01429	0.00981	0.01088	0.01014	0.01099	0.01013	0.00629	0.09368	0.01525	0.02037	0.02477	0.04870	0.02744	0.62252	0.03696	0.00716	0.00801	0.01121	0.00534	0.00608
9	0.02182	0.01816	0.03037	0.09894	0.52930	0.01821	0.02301	0.02647	0.01891	0.11026	0.01739	0.02120	0.01363	0.00767	0.00806	0.00245	0.00938	0.00735	0.00477	0.01266
10	0.03365	0.01389	0.01955	0.10358	0.02532	0.01272	0.01331	0.03708	0.02231	0.58485	0.02971	0.02683	0.01887	0.00979	0.00815	0.00254	0.00742	0.00804	0.00920	0.01318
11	0.03157	0.02156	0.02363	0.01812	0.02458	0.02343	0.01496	0.55892	0.03620	0.13214	0.02112	0.02055	0.01462	0.00978	0.00812	0.00245	0.00866	0.00742	0.00837	0.01380
12	0.01128	0.00813	0.01066	0.01035	0.01208	0.00752	0.00764	0.01479	0.02200	0.03099	0.57939	0.14557	0.07356	0.01774	0.00967	0.00265	0.00394	0.01577	0.00875	0.00752
13	0.02008	0.01928	0.03294	0.04981	0.66422	0.01928	0.02490	0.02490	0.01848	0.02651	0.01526	0.02008	0.01285	0.00723	0.00803	0.00241	0.00964	0.00723	0.00402	0.01285
14	0.02018	0.01743	0.01835	0.01651	0.02110	0.02018	0.01284	0.04312	0.64956	0.03394	0.03303	0.03027	0.02477	0.01101	0.00826	0.00275	0.00642	0.00917	0.00826	0.01284
15	0.01148	0.00829	0.01085	0.01021	0.01212	0.00766	0.00766	0.01531	0.02297	0.03254	0.65994	0.06061	0.07656	0.01659	0.00957	0.00255	0.00383	0.01467	0.00893	0.00766
16	0.02008	0.01928	0.03294	0.04981	0.66422	0.01928	0.02490	0.02490	0.01848	0.02651	0.01526	0.02008	0.01285	0.00723	0.00803	0.00241	0.00964	0.00723	0.00402	0.01285
17	0.02018	0.01743	0.01835	0.01651	0.02110	0.02018	0.01284	0.04312	0.64956	0.03394	0.03303	0.03027	0.02477	0.01101	0.00826	0.00275	0.00642	0.00917	0.00826	0.01284
18	0.01532	0.01442	0.02434	0.69533	0.05589	0.01803	0.02253	0.02073	0.01622	0.02073	0.01442	0.02163	0.01082	0.00811	0.00811	0.00270	0.01082	0.00721	0.00361	0.00901
19	0.03031	0.03867	0.02299	0.02090	0.02508	0.68226	0.01568	0.03240	0.02299	0.01986	0.01254	0.01463	0.01045	0.00836	0.00732	0.00209	0.01463	0.00523	0.00418	0.00941
20	0.02008	0.01928	0.03294	0.04981	0.66422	0.01928	0.02490	0.02490	0.01848	0.02651	0.01526	0.02008	0.01285	0.00723	0.00803	0.00241	0.00964	0.00723	0.00402	0.01285
21	0.03641	0.01381	0.01883	0.01444	0.02071	0.01193	0.01193	0.03954	0.02322	0.66984	0.03201	0.02762	0.02009	0.01004	0.00816	0.00251	0.00690	0.00816	0.01004	0.01381
22	0.00997	0.00796	0.00899	0.00971	0.01169	0.00698	0.00716	0.01197	0.01761	0.02175	0.06756	0.27084	0.42548	0.02218	0.00996	0.00299	0.00457	0.06827	0.00753	0.00682
23	0.77215	0.01569	0.01193	0.01067	0.01569	0.01820	0.00879	0.02385	0.01381	0.03641	0.01130	0.01318	0.00879	0.00753	0.00502	0.00251	0.00628	0.00439	0.00502	0.00879
24	0.01052	0.00800	0.00968	0.00980	0.01167	0.00716	0.00714	0.01325	0.01990	0.02651	0.33805	0.20738	0.26188	0.01980	0.00975	0.00277	0.00411	0.01730	0.00817	0.00716
25	0.55760	0.01589	0.01290	0.01199	0.01636	0.06123	0.00971	0.02349	0.01545	0.06132	0.01791	0.07536	0.01649	0.01050	0.00632	0.00266	0.00686	0.06358	0.00562	0.00876
26	0.01367	0.06746	0.07646	0.01178	0.01499	0.01137	0.00963	0.01600	0.01469	0.02058	0.06571	0.09064	0.02750	0.31444	0.07805	0.00545	0.00863	0.01029	0.00507	0.13758
27	0.02168	0.52641	0.10626	0.01549	0.02272	0.02902	0.01563	0.07375	0.07839	0.02369	0.01433	0.01560	0.01203	0.00763	0.00599	0.00198	0.00884	0.00521	0.00428	0.01108
28	0.02983	0.02222	0.02378	0.01846	0.02478	0.02469	0.01518	0.58071	0.09625	0.04950	0.02077	0.02051	0.01484	0.00986	0.00813	0.00247	0.00869	0.00748	0.00813	0.01371
29	0.09669	0.01803	0.02177	0.10617	0.02755	0.01888	0.04216	0.13069	0.19246	0.14531	0.02475	0.02559	0.01828	0.01029	0.00841	0.00278	0.00832	0.00803	0.00757	0.08628
30	0.11733	0.01757	0.02799	0.20984	0.42367	0.01882	0.02219	0.02370	0.01729	0.02633	0.01453	0.01958	0.01180	0.00750	0.00766	0.00250	0.00950	0.00685	0.00404	0.01134
31	0.02004	0.51283	0.23491	0.01671	0.02519	0.02806	0.01880	0.02472	0.01668	0.02111	0.01228	0.01427	0.01037	0.00718	0.00597	0.00199	0.00969	0.00484	0.00346	0.01090
32	0.01698	0.12964	0.59127	0.02193	0.03327	0.02056	0.02790	0.02552	0.01705	0.02484	0.01414	0.01660	0.01030	0.00761	0.00739	0.00246	0.01156	0.00578	0.00343	0.01179
33	0.01120	0.00914	0.01022	0.01026	0.01280	0.00817	0.00747	0.01480	0.06627	0.02288	0.05939	0.28014	0.34647	0.02006	0.00940	0.00278	0.00467	0.01733	0.00733	0.07922
34	0.14272	0.00920	0.00993	0.01021	0.01141	0.00951	0.00690	0.01434	0.01393	0.02170	0.05477	0.18023	0.03412	0.36899	0.02506	0.00547	0.00676	0.06267	0.00583	0.00624
35	0.07935	0.01787	0.02889	0.12404	0.47680	0.01834	0.02212	0.02569	0.01828	0.08769	0.01644	0.02046	0.01297	0.00763	0.00782	0.00246	0.00927	0.00710	0.00462	0.01215
36	0.01863	0.01642	0.02851	0.40258	0.21880	0.01813	0.08054	0.02383	0.01766	0.07314	0.01621	0.02170	0.01224	0.00790	0.00823	0.00261	0.01046	0.00751	0.00426	0.01062

[dist]
# distance from previous block
# <min> <max>
0	4

[block]
# block no. 1 follows, 23 sequences, length 30
# corresponding to MSA columns:
# 69,78-106
name=unknown_B
#
# <colnr> <probs for GDERKNQSTAVLIFYWHMCP>
#	G	D	E	R	K	N	Q	S	T	A	V	L	I	F	Y	W	H	M	C	P
0	0.02934	0.05105	0.02380	0.01791	0.02411	0.09151	0.01466	0.44134	0.06561	0.08421	0.01964	0.01965	0.01419	0.00934	0.00780	0.00232	0.00906	0.00697	0.00745	0.06006
1	0.01569	0.01479	0.02499	0.64623	0.10216	0.01812	0.02271	0.02105	0.01640	0.02117	0.01449	0.02152	0.01097	0.00805	0.00811	0.00268	0.01073	0.00721	0.00364	0.00931
2	0.01898	0.01526	0.01906	0.01444	0.02091	0.01321	0.04942	0.05353	0.10363	0.06993	0.02003	0.05625	0.01656	0.00819	0.00700	0.00176	0.00667	0.00699	0.00587	0.49230
3	0.01979	0.01863	0.03109	0.15658	0.53224	0.01935	0.02406	0.05293	0.01902	0.02670	0.01532	0.02031	0.01256	0.00750	0.00805	0.00246	0.00980	0.00723	0.00414	0.01225
4	0.11127	0.11432	0.02403	0.01731	0.02265	0.21946	0.01410	0.23932	0.02558	0.03284	0.01701	0.01831	0.03344	0.00912	0.00787	0.00226	0.03782	0.00620	0.00567	0.04142
5	0.61178	0.05391	0.01556	0.01214	0.01751	0.02007	0.01014	0.12386	0.01792	0.03790	0.01263	0.01420	0.00969	0.00786	0.00554	0.00246	0.00684	0.00487	0.00544	0.00969
6	0.01180	0.00787	0.00885	0.00885	0.00885	0.00787	0.00492	0.01180	0.01180	0.01573	0.02557	0.05310	0.02950	0.71483	0.04130	0.00787	0.00787	0.01180	0.00492	0.00492
7	0.03085	0.02273	0.02435	0.01867	0.02516	0.02516	0.01542	0.63716	0.03815	0.05114	0.01948	0.01948	0.01380	0.00974	0.00812	0.00244	0.00893	0.00731	0.00812	0.01380
8	0.06717	0.01484	0.01720	0.01340	0.01920	0.01357	0.03203	0.09783	0.07274	0.03075	0.01977	0.06633	0.01683	0.00868	0.00678	0.00184	0.00637	0.00714	0.08340	0.40414
9	0.01783	0.01698	0.02886	0.35594	0.37572	0.01869	0.02378	0.02292	0.01741	0.02377	0.01486	0.02082	0.01189	0.00765	0.00807	0.00255	0.01020	0.00722	0.00382	0.01103
10	0.03641	0.01381	0.01883	0.01444	0.02071	0.01193	0.01193	0.03954	0.02322	0.66984	0.03201	0.02762	0.02009	0.01004	0.00816	0.00251	0.00690	0.00816	0.01004	0.01381
11	0.01948	0.01866	0.03184	0.13193	0.58683	0.01912	0.02460	0.02437	0.01819	0.02577	0.01516	0.02028	0.01259	0.00734	0.00804	0.00245	0.00979	0.00723	0.00396	0.01236
12	0.01627	0.04197	0.67279	0.02313	0.03512	0.01884	0.02998	0.02570	0.01713	0.02570	0.01456	0.01713	0.01028	0.00771	0.00771	0.00257	0.01199	0.00600	0.00343	0.01199
13	0.01148	0.00829	0.01085	0.01021	0.01212	0.00766	0.00766	0.01531	0.02297	0.03254	0.65994	0.06061	0.07656	0.01659	0.00957	0.00255	0.00383	0.01467	0.00893	0.00766
14	0.00999	0.00824	0.00877	0.00864	0.01120	0.00702	0.00648	0.01242	0.01943	0.02415	0.20356	0.07442	0.53817	0.01972	0.00959	0.00270	0.00405	0.01661	0.00783	0.00702
15	0.02596	0.01946	0.02094	0.01714	0.02269	0.02163	0.01380	0.33245	0.28969	0.07952	0.02818	0.02662	0.04292	0.01069	0.00823	0.00258	0.00759	0.00850	0.00827	0.01314
16	0.03031	0.03867	0.02299	0.02090	0.02508	0.68226	0.01568	0.03240	0.02299	0.01986	0.01254	0.01463	0.01045	0.00836	0.00732	0.00209	0.01463	0.00523	0.00418	0.00941
17	0.00959	0.00822	0.00822	0.00822	0.01096	0.00685	0.00617	0.01165	0.01850	0.02192	0.08220	0.07809	0.66092	0.02055	0.00959	0.00274	0.00411	0.01713	0.00754	0.00685
18	0.02192	0.01830	0.01933	0.01687	0.02176	0.02100	0.01326	0.14012	0.54972	0.03675	0.03081	0.02851	0.02298	0.01080	0.00823	0.00270	0.00683	0.00887	0.00823	0.01300
19	0.02008	0.01928	0.03294	0.04981	0.66422	0.01928	0.02490	0.02490	0.01848	0.02651	0.01526	0.02008	0.01285	0.00723	0.00803	0.00241	0.00964	0.00723	0.00402	0.01285
20	0.01007	0.00720	0.00958	0.01117	0.01181	0.00671	0.00755	0.01176	0.01638	0.02206	0.11502	0.63539	0.05628	0.02441	0.01027	0.00321	0.00461	0.02211	0.00769	0.00671
21	0.01980	0.01899	0.03243	0.08799	0.62824	0.01921	0.02476	0.02466	0.01834	0.02617	0.01521	0.02017	0.01273	0.00728	0.00804	0.00243	0.00971	0.00723	0.00399	0.01263
22	0.02145	0.68894	0.07114	0.01430	0.02148	0.03150	0.01461	0.02436	0.01652	0.01939	0.01143	0.01320	0.01041	0.00698	0.00532	0.00177	0.00883	0.00441	0.00347	0.01048
23	0.01180	0.00787	0.00885	0.00885	0.00885	0.00787	0.00492	0.01180	0.01180	0.01573	0.02557	0.05310	0.02950	0.71483	0.04130	0.00787	0.00787	0.01180	0.00492	0.00492
24	0.00989	0.00706	0.00942	0.01130	0.01177	0.00659	0.00753	0.01130	0.01554	0.02071	0.04472	0.70954	0.05367	0.02542	0.01036	0.00330	0.00471	0.02307	0.00753	0.00659
25	0.01292	0.00783	0.01049	0.01166	0.01279	0.00720	0.00803	0.01453	0.01641	0.09488	0.04327	0.63162	0.04983	0.02366	0.01011	0.00321	0.00496	0.02136	0.00782	0.00742
26	0.01915	0.02189	0.04788	0.03420	0.04241	0.02052	0.63475	0.02599	0.01915	0.02599	0.01642	0.02189	0.01231	0.00684	0.00958	0.00274	0.01368	0.00958	0.00410	0.01094
27	0.10395	0.01752	0.02338	0.02009	0.02066	0.02409	0.01673	0.02002	0.01258	0.02146	0.01073	0.01723	0.01044	0.01344	0.02416	0.00343	0.62072	0.00679	0.00372	0.00887
28	0.01588	0.01477	0.02365	0.61777	0.05191	0.01827	0.02143	0.02329	0.08859	0.02224	0.01655	0.02262	0.01241	0.00844	0.00813	0.00271	0.01031	0.00744	0.00414	0.00945
29	0.01954	0.01872	0.03195	0.12356	0.59471	0.01914	0.02463	0.02443	0.01822	0.02585	0.01517	0.02026	0.01262	0.00733	0.00804	0.00244	0.00977	0.00723	0.00397	0.01241

[dist]
# distance from previous block
# <min> <max>
0	2

[block]
# block no. 2 follows, 23 sequences, length 106
# corresponding to MSA columns:
# 109-214
name=unknown_C
#
# <colnr> <probs for GDERKNQSTAVLIFYWHMCP>
#	G	D	E	R	K	N	Q	S	T	A	V	L	I	F	Y	W	H	M	C	P
0	0.02113	0.67982	0.04087	0.01384	0.02047	0.03087	0.01367	0.02375	0.01629	0.01908	0.01187	0.01407	0.01097	0.00997	0.04322	0.00237	0.00941	0.00458	0.00352	0.01024
1	0.01179	0.00863	0.01273	0.01273	0.01421	0.01000	0.00989	0.01474	0.01326	0.01948	0.02200	0.03179	0.02031	0.05797	0.64469	0.01242	0.02073	0.00863	0.04674	0.00726
2	0.01155	0.00822	0.01072	0.01014	0.01199	0.00759	0.00756	0.01489	0.02208	0.03105	0.59880	0.05935	0.09824	0.01741	0.01081	0.04528	0.00402	0.01435	0.00857	0.00739
3	0.03061	0.02975	0.02375	0.01965	0.02513	0.31467	0.01554	0.37071	0.03147	0.03736	0.01642	0.01735	0.01232	0.00913	0.00776	0.00228	0.01144	0.00639	0.00638	0.01186
4	0.07421	0.01369	0.01818	0.01426	0.02026	0.01213	0.01182	0.03759	0.02250	0.60447	0.03146	0.03000	0.02080	0.01052	0.00814	0.00257	0.00690	0.03761	0.00965	0.01323
5	0.66727	0.06224	0.01486	0.01148	0.01674	0.01964	0.00962	0.07006	0.01582	0.03638	0.01191	0.01365	0.00927	0.00766	0.00527	0.00245	0.00663	0.00461	0.00515	0.00927
6	0.03022	0.02242	0.02400	0.01854	0.02492	0.02487	0.01527	0.60220	0.07413	0.05013	0.02028	0.02012	0.01444	0.00982	0.00813	0.00245	0.00878	0.00742	0.00813	0.01374
7	0.01006	0.00720	0.00957	0.01118	0.01181	0.00671	0.00755	0.01174	0.01635	0.02200	0.11182	0.63877	0.05616	0.02446	0.01027	0.00321	0.00461	0.02215	0.00768	0.00671
8	0.01011	0.00830	0.00897	0.00920	0.01171	0.00716	0.00707	0.01243	0.01869	0.02282	0.11421	0.10332	0.53179	0.02069	0.00980	0.00286	0.00448	0.08182	0.00762	0.00696
9	0.02998	0.02189	0.02342	0.01805	0.02429	0.02419	0.01488	0.60293	0.03698	0.04998	0.01987	0.02008	0.01419	0.00972	0.00798	0.00241	0.00864	0.00732	0.04973	0.01345
10	0.02974	0.02174	0.02340	0.01824	0.02449	0.02405	0.01497	0.54139	0.11294	0.07238	0.02162	0.02112	0.01539	0.00991	0.00814	0.00248	0.00854	0.00757	0.00821	0.01368
11	0.02200	0.63776	0.07518	0.01469	0.02188	0.03094	0.01485	0.06443	0.01794	0.02154	0.01199	0.01366	0.01063	0.00717	0.00553	0.00183	0.00887	0.00462	0.00377	0.01072
12	0.01083	0.00808	0.01085	0.01169	0.01254	0.00810	0.00829	0.01294	0.01711	0.02353	0.19646	0.47436	0.05536	0.02417	0.04205	0.00357	0.04619	0.01935	0.00750	0.00702
13	0.02513	0.02292	0.02094	0.01795	0.02301	0.14548	0.01411	0.21109	0.35739	0.03623	0.02532	0.02426	0.01895	0.01015	0.00804	0.00254	0.00868	0.00790	0.00745	0.01247
14	0.01523	0.01361	0.02264	0.61794	0.05072	0.01681	0.02072	0.01998	0.01589	0.02075	0.01497	0.02224	0.01150	0.00949	0.00954	0.05242	0.01024	0.00722	0.03948	0.00859
15	0.01308	0.00934	0.01308	0.01494	0.01681	0.00934	0.01308	0.01681	0.01868	0.02428	0.04296	0.09153	0.04670	0.02242	0.01121	0.00374	0.00747	0.60960	0.00747	0.00747
16	0.02018	0.01743	0.01835	0.01651	0.02110	0.02018	0.01284	0.04312	0.64956	0.03394	0.03303	0.03027	0.02477	0.01101	0.00826	0.00275	0.00642	0.00917	0.00826	0.01284
17	0.02137	0.67983	0.07961	0.01443	0.02167	0.03133	0.01483	0.02438	0.01653	0.01948	0.01147	0.01326	0.01041	0.00699	0.00535	0.00178	0.00887	0.00444	0.00347	0.01051
18	0.06129	0.02691	0.02230	0.01851	0.02384	0.24779	0.01467	0.34142	0.07107	0.03790	0.01792	0.01869	0.01344	0.00925	0.00762	0.00232	0.01039	0.00660	0.03630	0.01178
19	0.01650	0.07004	0.64669	0.02274	0.03453	0.01939	0.02931	0.02564	0.01710	0.02542	0.01443	0.01696	0.01028	0.00768	0.00761	0.00254	0.01185	0.00593	0.00343	0.01193
20	0.01532	0.01442	0.02434	0.69533	0.05589	0.01803	0.02253	0.02073	0.01622	0.02073	0.01442	0.02163	0.01082	0.00811	0.00811	0.00270	0.01082	0.00721	0.00361	0.00901
21	0.02169	0.71972	0.04252	0.01388	0.02083	0.03211	0.01388	0.02430	0.01649	0.01909	0.01128	0.01302	0.01041	0.00694	0.00521	0.00174	0.00868	0.00434	0.00347	0.01041
22	0.01915	0.02189	0.04788	0.03420	0.04241	0.02052	0.63475	0.02599	0.01915	0.02599	0.01642	0.02189	0.01231	0.00684	0.00958	0.00274	0.01368	0.00958	0.00410	0.01094
23	0.00959	0.00822	0.00822	0.00822	0.01096	0.00685	0.00617	0.01165	0.01850	0.02192	0.08220	0.07809	0.66092	0.02055	0.00959	0.00274	0.00411	0.01713	0.00754	0.00685
24	0.02169	0.71972	0.04252	0.01388	0.02083	0.03211	0.01388	0.02430	0.01649	0.01909	0.01128	0.01302	0.01041	0.00694	0.00521	0.00174	0.00868	0.00434	0.00347	0.01041
25	0.01915	0.02189	0.04788	0.03420	0.04241	0.02052	0.63475	0.02599	0.01915	0.02599	0.01642	0.02189	0.01231	0.00684	0.00958	0.00274	0.01368	0.00958	0.00410	0.01094
26	0.02169	0.71972	0.04252	0.01388	0.02083	0.03211	0.01388	0.02430	0.01649	0.01909	0.01128	0.01302	0.01041	0.00694	0.00521	0.00174	0.00868	0.00434	0.00347	0.01041
27	0.03641	0.01381	0.01883	0.01444	0.02071	0.01193	0.01193	0.03954	0.02322	0.66984	0.03201	0.02762	0.02009	0.01004	0.00816	0.00251	0.00690	0.00816	0.01004	0.01381
28	0.01915	0.02189	0.04788	0.03420	0.04241	0.02052	0.63475	0.02599	0.01915	0.02599	0.01642	0.02189	0.01231	0.00684	0.00958	0.00274	0.01368	0.00958	0.00410	0.01094
29	0.01053	0.00904	0.00912	0.00896	0.01186	0.00803	0.00676	0.01444	0.07447	0.02299	0.07784	0.07385	0.60450	0.01970	0.00947	0.00274	0.00432	0.01642	0.00760	0.00738
30	0.01180	0.00787	0.00885	0.00885	0.00885	0.00787	0.00492	0.01180	0.01180	0.01573	0.02557	0.05310	0.02950	0.71483	0.04130	0.00787	0.00787	0.01180	0.00492	0.00492
31	0.01308	0.00934	0.01308	0.01494	0.01681	0.00934	0.01308	0.01681	0.01868	0.02428	0.04296	0.09153	0.04670	0.02242	0.01121	0.00374	0.00747	0.60960	0.00747	0.00747
32	0.01532	0.01442	0.02434	0.69533	0.05589	0.01803	0.02253	0.02073	0.01622	0.02073	0.01442	0.02163	0.01082	0.00811	0.00811	0.00270	0.01082	0.00721	0.00361	0.00901
33	0.02018	0.01743	0.01835	0.01651	0.02110	0.02018	0.01284	0.04312	0.64956	0.03394	0.03303	0.03027	0.02477	0.01101	0.00826	0.00275	0.00642	0.00917	0.00826	0.01284
34	0.01513	0.00756	0.00756	0.00756	0.00945	0.00756	0.00567	0.01891	0.01702	0.03025	0.02647	0.03025	0.02080	0.00945	0.00567	0.00189	0.00378	0.00756	0.75988	0.00756
35	0.03145	0.02176	0.02375	0.01821	0.02468	0.02372	0.01504	0.57198	0.03652	0.11861	0.02085	0.02037	0.01448	0.00977	0.00812	0.00244	0.00871	0.00740	0.00833	0.01380
36	0.01859	0.33111	0.40391	0.01918	0.02902	0.02450	0.02311	0.02510	0.01686	0.02288	0.01316	0.01538	0.01034	0.00738	0.00664	0.00221	0.01058	0.00529	0.00345	0.01132
37	0.03641	0.01381	0.01883	0.01444	0.02071	0.01193	0.01193	0.03954	0.02322	0.66984	0.03201	0.02762	0.02009	0.01004	0.00816	0.00251	0.00690	0.00816	0.01004	0.01381
38	0.00959	0.00822	0.00822	0.00822	0.01096	0.00685	0.00617	0.01165	0.01850	0.02192	0.08220	0.07809	0.66092	0.02055	0.00959	0.00274	0.00411	0.01713	0.00754	0.00685
39	0.06221	0.01959	0.02985	0.11980	0.49376	0.04990	0.02280	0.05758	0.01922	0.02740	0.01505	0.01960	0.01233	0.00754	0.00785	0.00244	0.00978	0.00698	0.00425	0.01207
40	0.01877	0.02127	0.04629	0.03325	0.04114	0.01994	0.60877	0.02538	0.01900	0.02577	0.01759	0.05036	0.01402	0.00761	0.00961	0.00276	0.01331	0.01013	0.00425	0.01076
41	0.00989	0.00706	0.00942	0.01130	0.01177	0.00659	0.00753	0.01130	0.01554	0.02071	0.04472	0.70954	0.05367	0.02542	0.01036	0.00330	0.00471	0.02307	0.00753	0.00659
42	0.01532	0.01442	0.02434	0.69533	0.05589	0.01803	0.02253	0.02073	0.01622	0.02073	0.01442	0.02163	0.01082	0.00811	0.00811	0.00270	0.01082	0.00721	0.00361	0.00901
43	0.02695	0.02370	0.02108	0.01785	0.02294	0.18662	0.01418	0.25839	0.16584	0.07737	0.02538	0.02723	0.04516	0.01078	0.00817	0.00250	0.00940	0.03736	0.00723	0.01188
44	0.01681	0.10856	0.61087	0.02222	0.03371	0.02015	0.02840	0.02556	0.01707	0.02505	0.01424	0.01673	0.01029	0.00763	0.00746	0.00249	0.01167	0.00583	0.00343	0.01184
45	0.02742	0.01190	0.01614	0.01340	0.01807	0.01054	0.01095	0.03080	0.02266	0.43465	0.19557	0.04312	0.03759	0.01308	0.00886	0.00266	0.00617	0.07544	0.00948	0.01153
46	0.05903	0.17400	0.48740	0.02014	0.03038	0.02105	0.02481	0.02495	0.01703	0.02522	0.03670	0.01764	0.01258	0.00786	0.00713	0.00240	0.01073	0.00589	0.00372	0.01135
47	0.01985	0.01904	0.03251	0.08163	0.63423	0.01922	0.02479	0.02470	0.01837	0.02622	0.01522	0.02016	0.01275	0.00727	0.00804	0.00242	0.00970	0.00723	0.00400	0.01266
48	0.01993	0.02160	0.03897	0.03280	0.14213	0.06276	0.39363	0.02710	0.06764	0.02633	0.01709	0.02135	0.01322	0.00726	0.00878	0.00252	0.01189	0.00848	0.00447	0.07207
49	0.07431	0.01068	0.01452	0.01247	0.01580	0.00998	0.04230	0.02141	0.02177	0.16525	0.41597	0.07885	0.05511	0.01443	0.00897	0.00259	0.00523	0.01266	0.00854	0.00915
50	0.01681	0.01257	0.01407	0.01294	0.01654	0.01300	0.01017	0.04835	0.24577	0.07942	0.14549	0.05344	0.21567	0.01548	0.00909	0.00277	0.00557	0.06465	0.00822	0.00996
51	0.02883	0.02154	0.02327	0.01772	0.02431	0.02310	0.01459	0.54867	0.03509	0.04759	0.01876	0.01910	0.01354	0.00921	0.00781	0.00226	0.00851	0.00695	0.00764	0.12150
52	0.03187	0.01368	0.01800	0.01456	0.02011	0.01253	0.01188	0.03737	0.09869	0.52592	0.03335	0.06499	0.02374	0.01158	0.00844	0.00264	0.00677	0.04132	0.00956	0.01300
53	0.01915	0.02189	0.04788	0.03420	0.04241	0.02052	0.63475	0.02599	0.01915	0.02599	0.01642	0.02189	0.01231	0.00684	0.00958	0.00274	0.01368	0.00958	0.00410	0.01094
54	0.01124	0.00880	0.01031	0.01024	0.01263	0.00807	0.00796	0.01509	0.04729	0.02679	0.29437	0.07122	0.32808	0.01889	0.00975	0.00280	0.00456	0.09633	0.00809	0.00750
55	0.01982	0.01901	0.03245	0.08603	0.63008	0.01921	0.02477	0.02467	0.01835	0.02619	0.01522	0.02017	0.01274	0.00728	0.00804	0.00243	0.00971	0.00723	0.00399	0.01264
56	0.01687	0.11401	0.55738	0.02228	0.03324	0.02004	0.05151	0.02526	0.01719	0.02494	0.01523	0.01935	0.01159	0.00808	0.00763	0.00252	0.01155	0.02611	0.00359	0.01163
57	0.01775	0.01775	0.02485	0.02130	0.02130	0.02485	0.01775	0.01953	0.01243	0.01953	0.01065	0.01775	0.01065	0.01420	0.02663	0.00355	0.69998	0.00710	0.00355	0.00888
58	0.01565	0.01471	0.02451	0.60242	0.08874	0.01816	0.02214	0.02079	0.01625	0.02113	0.01520	0.02358	0.01207	0.00882	0.00912	0.00276	0.04462	0.02641	0.00375	0.00918
59	0.59678	0.01536	0.01321	0.01143	0.01648	0.01714	0.00937	0.05925	0.01669	0.10568	0.03966	0.01905	0.03525	0.00870	0.00586	0.00252	0.00633	0.00578	0.00597	0.00951
60	0.03433	0.01335	0.01816	0.01408	0.02000	0.01157	0.01157	0.03752	0.02320	0.61665	0.08442	0.03037	0.02480	0.01059	0.00828	0.00251	0.00665	0.00870	0.00995	0.01330
61	0.01144	0.00834	0.01078	0.01031	0.01228	0.00769	0.00783	0.01515	0.02246	0.03144	0.59175	0.06328	0.11329	0.01713	0.00965	0.00262	0.00403	0.04417	0.00877	0.00759
62	0.00989	0.00706	0.00942	0.01130	0.01177	0.00659	0.00753	0.01130	0.01554	0.02071	0.04472	0.70954	0.05367	0.02542	0.01036	0.00330	0.00471	0.02307	0.00753	0.00659
63	0.02226	0.67520	0.04124	0.01434	0.02110	0.07460	0.01400	0.02483	0.01691	0.01914	0.01136	0.01312	0.01042	0.00703	0.00534	0.00176	0.00907	0.00440	0.00352	0.01035
64	0.00985	0.00719	0.00928	0.01095	0.01168	0.00662	0.00738	0.01134	0.01587	0.02085	0.04891	0.63894	0.12156	0.02488	0.01027	0.00323	0.00464	0.02240	0.00753	0.00662
65	0.00983	0.00823	0.00855	0.00847	0.01111	0.00695	0.00635	0.01211	0.01906	0.02326	0.15492	0.07589	0.58737	0.02005	0.00959	0.00272	0.00407	0.01682	0.00771	0.00695
66	0.04469	0.19054	0.50995	0.02064	0.03127	0.02175	0.02567	0.02532	0.01687	0.02463	0.01372	0.01608	0.01025	0.00753	0.00706	0.00238	0.01105	0.00557	0.00349	0.01153
67	0.01814	0.04705	0.05971	0.01537	0.01930	0.01432	0.01355	0.12311	0.07562	0.06596	0.11113	0.09133	0.03797	0.01644	0.00953	0.00303	0.00734	0.25385	0.00752	0.00973
68	0.01159	0.00869	0.01304	0.01304	0.01449	0.01014	0.01014	0.01449	0.01304	0.01884	0.02173	0.03188	0.02029	0.06086	0.68268	0.01304	0.02173	0.00869	0.00435	0.00724
69	0.00989	0.00706	0.00942	0.01130	0.01177	0.00659	0.00753	0.01130	0.01554	0.02071	0.04472	0.70954	0.05367	0.02542	0.01036	0.00330	0.00471	0.02307	0.00753	0.00659
70	0.01902	0.01809	0.03023	0.19314	0.49343	0.01905	0.02373	0.02493	0.05138	0.02560	0.01601	0.02097	0.01303	0.00763	0.00806	0.00249	0.00973	0.00733	0.00415	0.01199
71	0.70015	0.05739	0.01419	0.01116	0.01635	0.01928	0.00934	0.04691	0.01488	0.03594	0.01160	0.01341	0.00907	0.00758	0.00515	0.00246	0.00652	0.00450	0.00505	0.00907
72	0.01136	0.00829	0.01067	0.01008	0.01205	0.00760	0.00756	0.01507	0.02268	0.03184	0.62217	0.06175	0.11476	0.01685	0.00957	0.00256	0.00385	0.01483	0.00884	0.00760
73	0.01513	0.00756	0.00756	0.00756	0.00945	0.00756	0.00567	0.01891	0.01702	0.03025	0.02647	0.03025	0.02080	0.00945	0.00567	0.00189	0.00378	0.00756	0.75988	0.00756
74	0.02068	0.02042	0.03235	0.04810	0.62660	0.05830	0.02436	0.02534	0.01874	0.02612	0.01510	0.01976	0.01271	0.00730	0.00799	0.00239	0.00993	0.00711	0.00403	0.01265
75	0.00995	0.00715	0.00944	0.01115	0.01176	0.00665	0.00749	0.01148	0.01595	0.02126	0.07249	0.66043	0.07499	0.02488	0.01030	0.00324	0.00465	0.02251	0.00759	0.00665
76	0.01159	0.00869	0.01304	0.01304	0.01449	0.01014	0.01014	0.01449	0.01304	0.01884	0.02173	0.03188	0.02029	0.06086	0.68268	0.01304	0.02173	0.00869	0.00435	0.00724
77	0.03085	0.02273	0.02435	0.01867	0.02516	0.02516	0.01542	0.63716	0.03815	0.05114	0.01948	0.01948	0.01380	0.00974	0.00812	0.00244	0.00893	0.00731	0.00812	0.01380
78	0.01627	0.04197	0.67279	0.02313	0.03512	0.01884	0.02998	0.02570	0.01713	0.02570	0.01456	0.01713	0.01028	0.00771	0.00771	0.00257	0.01199	0.00600	0.00343	0.01199
79	0.01915	0.02189	0.04788	0.03420	0.04241	0.02052	0.63475	0.02599	0.01915	0.02599	0.01642	0.02189	0.01231	0.00684	0.00958	0.00274	0.01368	0.00958	0.00410	0.01094
80	0.01532	0.01442	0.02434	0.69533	0.05589	0.01803	0.02253	0.02073	0.01622	0.02073	0.01442	0.02163	0.01082	0.00811	0.00811	0.00270	0.01082	0.00721	0.00361	0.00901
81	0.03641	0.01381	0.01883	0.01444	0.02071	0.01193	0.01193	0.03954	0.02322	0.66984	0.03201	0.02762	0.02009	0.01004	0.00816	0.00251	0.00690	0.00816	0.01004	0.01381
82	0.00990	0.00823	0.00865	0.00854	0.01115	0.00698	0.00641	0.01224	0.01922	0.02364	0.17580	0.07526	0.56625	0.01991	0.00959	0.00271	0.00406	0.01673	0.00776	0.00698
83	0.01532	0.01442	0.02434	0.69533	0.05589	0.01803	0.02253	0.02073	0.01622	0.02073	0.01442	0.02163	0.01082	0.00811	0.00811	0.00270	0.01082	0.00721	0.00361	0.00901
84	0.01148	0.00829	0.01085	0.01021	0.01212	0.00766	0.00766	0.01531	0.02297	0.03254	0.65994	0.06061	0.07656	0.01659	0.00957	0.00255	0.00383	0.01467	0.00893	0.00766
85	0.02008	0.01928	0.03294	0.04981	0.66422	0.01928	0.02490	0.02490	0.01848	0.02651	0.01526	0.02008	0.01285	0.00723	0.00803	0.00241	0.00964	0.00723	0.00402	0.01285
86	0.01532	0.01442	0.02434	0.69533	0.05589	0.01803	0.02253	0.02073	0.01622	0.02073	0.01442	0.02163	0.01082	0.00811	0.00811	0.00270	0.01082	0.00721	0.00361	0.00901
87	0.01335	0.00901	0.01227	0.01286	0.01487	0.00865	0.01059	0.01697	0.02041	0.05706	0.28599	0.10911	0.05763	0.01971	0.01038	0.00319	0.00586	0.31613	0.00817	0.00779
88	0.01148	0.00829	0.01085	0.01021	0.01212	0.00766	0.00766	0.01531	0.02297	0.03254	0.65994	0.06061	0.07656	0.01659	0.00957	0.00255	0.00383	0.01467	0.00893	0.00766
89	0.02169	0.71972	0.04252	0.01388	0.02083	0.03211	0.01388	0.02430	0.01649	0.01909	0.01128	0.01302	0.01041	0.00694	0.00521	0.00174	0.00868	0.00434	0.00347	0.01041
90	0.01950	0.01869	0.03189	0.12822	0.59032	0.01913	0.02461	0.02440	0.01820	0.02581	0.01516	0.02027	0.01261	0.00734	0.00804	0.00245	0.00978	0.00723	0.00397	0.01239
91	0.02008	0.01928	0.03294	0.04981	0.66422	0.01928	0.02490	0.02490	0.01848	0.02651	0.01526	0.02008	0.01285	0.00723	0.00803	0.00241	0.00964	0.00723	0.00402	0.01285
92	0.01532	0.01442	0.02434	0.69533	0.05589	0.01803	0.02253	0.02073	0.01622	0.02073	0.01442	0.02163	0.01082	0.00811	0.00811	0.00270	0.01082	0.00721	0.00361	0.00901
93	0.01014	0.00724	0.00971	0.01159	0.01217	0.00681	0.00797	0.01174	0.01579	0.02100	0.04458	0.66037	0.05311	0.02518	0.01042	0.00333	0.00493	0.06973	0.00753	0.00666
94	0.02988	0.02201	0.02366	0.01833	0.02455	0.02431	0.01506	0.60836	0.03711	0.04974	0.02064	0.05124	0.01563	0.01046	0.00822	0.00247	0.00873	0.00803	0.00809	0.01347
95	0.01586	0.01497	0.02530	0.62316	0.12389	0.01817	0.02280	0.02120	0.01648	0.02138	0.01452	0.02146	0.01104	0.00801	0.00810	0.00267	0.01069	0.00721	0.00365	0.00944
96	0.01004	0.00717	0.00959	0.01147	0.01201	0.00672	0.00780	0.01156	0.01568	0.02088	0.04464	0.68021	0.05334	0.02528	0.01040	0.00332	0.00484	0.05090	0.00753	0.00663
97	0.05368	0.02640	0.30578	0.01805	0.02605	0.01630	0.01948	0.03098	0.13253	0.18083	0.08657	0.02616	0.02178	0.00974	0.00799	0.00258	0.00872	0.00788	0.00648	0.01200
98	0.01743	0.01478	0.01715	0.01230	0.01948	0.01143	0.00986	0.04688	0.01774	0.02750	0.01464	0.01694	0.01209	0.00617	0.00610	0.00125	0.00613	0.00491	0.00495	0.73224
99	0.01627	0.04197	0.67279	0.02313	0.03512	0.01884	0.02998	0.02570	0.01713	0.02570	0.01456	0.01713	0.01028	0.00771	0.00771	0.00257	0.01199	0.00600	0.00343	0.01199
100	0.01790	0.01887	0.03427	0.14701	0.03620	0.02184	0.27342	0.02241	0.01588	0.02241	0.01371	0.02015	0.01137	0.01007	0.01628	0.00306	0.29346	0.00814	0.00379	0.00975
101	0.01773	0.01678	0.02369	0.02204	0.09483	0.01964	0.04620	0.05246	0.01623	0.02377	0.02038	0.02474	0.08231	0.01208	0.01726	0.00283	0.35493	0.00795	0.00452	0.13961
102	0.11078	0.02128	0.02171	0.05417	0.04718	0.08848	0.01472	0.35596	0.02888	0.03979	0.05710	0.02305	0.04174	0.01025	0.00886	0.00250	0.04762	0.00757	0.00675	0.01159
103	0.01804	0.01659	0.02587	0.28873	0.24588	0.01871	0.02073	0.05733	0.05187	0.02518	0.01709	0.05357	0.01447	0.00934	0.00973	0.00263	0.06988	0.00797	0.00448	0.04191
104	0.01640	0.05256	0.07262	0.01317	0.01678	0.01245	0.01142	0.05974	0.02218	0.09234	0.40091	0.07579	0.05285	0.01448	0.00993	0.00259	0.04454	0.01220	0.00784	0.00920
105	0.04666	0.03088	0.38520	0.02609	0.15257	0.01804	0.02439	0.06622	0.01920	0.09437	0.01810	0.05066	0.01396	0.00880	0.00787	0.00256	0.01027	0.00727	0.00478	0.01210

[dist]
# distance from previous block
# <min> <max>
14	35

[block]
# block no. 3 follows, 23 sequences, length 8
# corresponding to MSA columns:
# 251-258
name=unknown_D
#
# <colnr> <probs for GDERKNQSTAVLIFYWHMCP>
#	G	D	E	R	K	N	Q	S	T	A	V	L	I	F	Y	W	H	M	C	P
0	0.11755	0.06226	0.07350	0.01710	0.02249	0.15034	0.03576	0.15823	0.10640	0.03316	0.12050	0.02527	0.02348	0.01003	0.00768	0.00242	0.00897	0.00776	0.00632	0.01076
1	0.15026	0.01958	0.02329	0.01817	0.02408	0.06415	0.11190	0.20568	0.06848	0.06518	0.07307	0.02284	0.01874	0.00910	0.00768	0.00237	0.00861	0.00757	0.00649	0.09275
2	0.01549	0.12744	0.10364	0.01315	0.01752	0.01386	0.01221	0.04159	0.02109	0.05743	0.34920	0.07355	0.07161	0.01408	0.00861	0.00250	0.00619	0.03458	0.00719	0.00908
3	0.05425	0.09484	0.06847	0.01752	0.02214	0.22464	0.01487	0.11218	0.02206	0.02766	0.11706	0.02315	0.02154	0.01029	0.00992	0.00237	0.09820	0.00719	0.00536	0.04627
4	0.01267	0.00989	0.01194	0.01248	0.01438	0.00986	0.00885	0.01890	0.15247	0.02403	0.03976	0.50728	0.04408	0.02075	0.00955	0.00301	0.00518	0.01860	0.00747	0.06884
5	0.01409	0.00705	0.01057	0.01057	0.01057	0.00705	0.00705	0.01057	0.01057	0.01409	0.01409	0.02467	0.01409	0.02819	0.03171	0.76392	0.00705	0.00705	0.00352	0.00352
6	0.01690	0.03804	0.56795	0.02207	0.03287	0.01906	0.02723	0.02849	0.11844	0.02702	0.01752	0.01924	0.01260	0.00824	0.00780	0.00260	0.01110	0.00651	0.00420	0.01213
7	0.01836	0.30256	0.43045	0.01957	0.02962	0.02394	0.02379	0.02516	0.01688	0.02316	0.01330	0.01555	0.01033	0.00741	0.00675	0.00225	0.01072	0.00536	0.00344	0.01138

[dist]
# distance from previous block
# <min> <max>
0	2

[block]
# block no. 4 follows, 23 sequences, length 115
# corresponding to MSA columns:
# 261-375
name=unknown_E
#
# <colnr> <probs for GDERKNQSTAVLIFYWHMCP>
#	G	D	E	R	K	N	Q	S	T	A	V	L	I	F	Y	W	H	M	C	P
0	0.47156	0.05698	0.01754	0.01365	0.01907	0.08109	0.01124	0.15406	0.02037	0.06865	0.01416	0.01535	0.01064	0.00817	0.00605	0.00241	0.00776	0.00527	0.00576	0.01023
1	0.05154	0.01537	0.02493	0.50860	0.16338	0.01788	0.02163	0.02162	0.01656	0.02283	0.01443	0.02070	0.01116	0.00781	0.00784	0.00256	0.01013	0.00695	0.00381	0.05026
2	0.01191	0.00874	0.01122	0.01052	0.01256	0.00827	0.00791	0.01668	0.05379	0.03261	0.62910	0.05912	0.07401	0.01631	0.00951	0.00256	0.00396	0.01440	0.00890	0.00791
3	0.01627	0.04197	0.67279	0.02313	0.03512	0.01884	0.02998	0.02570	0.01713	0.02570	0.01456	0.01713	0.01028	0.00771	0.00771	0.00257	0.01199	0.00600	0.00343	0.01199
4	0.02169	0.71972	0.04252	0.01388	0.02083	0.03211	0.01388	0.02430	0.01649	0.01909	0.01128	0.01302	0.01041	0.00694	0.00521	0.00174	0.00868	0.00434	0.00347	0.01041
5	0.01698	0.10300	0.58055	0.02371	0.06758	0.02009	0.02823	0.02553	0.01714	0.02513	0.01430	0.01691	0.01043	0.00761	0.00750	0.00248	0.01156	0.00591	0.00346	0.01189
6	0.00989	0.00706	0.00942	0.01130	0.01177	0.00659	0.00753	0.01130	0.01554	0.02071	0.04472	0.70954	0.05367	0.02542	0.01036	0.00330	0.00471	0.02307	0.00753	0.00659
7	0.03085	0.02273	0.02435	0.01867	0.02516	0.02516	0.01542	0.63716	0.03815	0.05114	0.01948	0.01948	0.01380	0.00974	0.00812	0.00244	0.00893	0.00731	0.00812	0.01380
8	0.01683	0.01442	0.01683	0.01202	0.01923	0.01082	0.00961	0.02043	0.01683	0.02644	0.01442	0.01683	0.01202	0.00601	0.00601	0.00120	0.00601	0.00481	0.00481	0.76444
9	0.01627	0.04197	0.67279	0.02313	0.03512	0.01884	0.02998	0.02570	0.01713	0.02570	0.01456	0.01713	0.01028	0.00771	0.00771	0.00257	0.01199	0.00600	0.00343	0.01199
10	0.01627	0.04197	0.67279	0.02313	0.03512	0.01884	0.02998	0.02570	0.01713	0.02570	0.01456	0.01713	0.01028	0.00771	0.00771	0.00257	0.01199	0.00600	0.00343	0.01199
11	0.00975	0.00827	0.00844	0.00853	0.01123	0.00696	0.00648	0.01188	0.01850	0.02203	0.08040	0.07871	0.63274	0.02064	0.00966	0.00279	0.00426	0.04431	0.00753	0.00688
12	0.01915	0.02189	0.04788	0.03420	0.04241	0.02052	0.63475	0.02599	0.01915	0.02599	0.01642	0.02189	0.01231	0.00684	0.00958	0.00274	0.01368	0.00958	0.00410	0.01094
13	0.01308	0.00934	0.01308	0.01494	0.01681	0.00934	0.01308	0.01681	0.01868	0.02428	0.04296	0.09153	0.04670	0.02242	0.01121	0.00374	0.00747	0.60960	0.00747	0.00747
14	0.01180	0.00787	0.00885	0.00885	0.00885	0.00787	0.00492	0.01180	0.01180	0.01573	0.02557	0.05310	0.02950	0.71483	0.04130	0.00787	0.00787	0.01180	0.00492	0.00492
15	0.01627	0.04197	0.67279	0.02313	0.03512	0.01884	0.02998	0.02570	0.01713	0.02570	0.01456	0.01713	0.01028	0.00771	0.00771	0.00257	0.01199	0.00600	0.00343	0.01199
16	0.01915	0.02189	0.04788	0.03420	0.04241	0.02052	0.63475	0.02599	0.01915	0.02599	0.01642	0.02189	0.01231	0.00684	0.00958	0.00274	0.01368	0.00958	0.00410	0.01094
17	0.01627	0.04197	0.67279	0.02313	0.03512	0.01884	0.02998	0.02570	0.01713	0.02570	0.01456	0.01713	0.01028	0.00771	0.00771	0.00257	0.01199	0.00600	0.00343	0.01199
18	0.03031	0.03867	0.02299	0.02090	0.02508	0.68226	0.01568	0.03240	0.02299	0.01986	0.01254	0.01463	0.01045	0.00836	0.00732	0.00209	0.01463	0.00523	0.00418	0.00941
19	0.01879	0.02097	0.04483	0.03441	0.09249	0.01976	0.55464	0.02521	0.01893	0.02579	0.01765	0.05416	0.01431	0.00775	0.00948	0.00274	0.01292	0.01002	0.00426	0.01090
20	0.01597	0.01508	0.02550	0.60779	0.13839	0.01820	0.02286	0.02130	0.01653	0.02152	0.01454	0.02142	0.01109	0.00799	0.00810	0.00266	0.01066	0.00721	0.00366	0.00953
21	0.00989	0.00706	0.00942	0.01130	0.01177	0.00659	0.00753	0.01130	0.01554	0.02071	0.04472	0.70954	0.05367	0.02542	0.01036	0.00330	0.00471	0.02307	0.00753	0.00659
22	0.01159	0.01010	0.04617	0.01074	0.01326	0.00819	0.00873	0.01557	0.02229	0.03130	0.57800	0.05971	0.12083	0.01644	0.00947	0.00257	0.00429	0.01441	0.00852	0.00782
23	0.09893	0.02208	0.02321	0.01793	0.02429	0.02452	0.01481	0.58083	0.03592	0.04979	0.01873	0.01890	0.01334	0.00954	0.00783	0.00244	0.00869	0.00704	0.00783	0.01334
24	0.01627	0.04197	0.67279	0.02313	0.03512	0.01884	0.02998	0.02570	0.01713	0.02570	0.01456	0.01713	0.01028	0.00771	0.00771	0.00257	0.01199	0.00600	0.00343	0.01199
25	0.01308	0.00934	0.01308	0.01494	0.01681	0.00934	0.01308	0.01681	0.01868	0.02428	0.04296	0.09153	0.04670	0.02242	0.01121	0.00374	0.00747	0.60960	0.00747	0.00747
26	0.03050	0.03289	0.02349	0.02009	0.02511	0.44398	0.01559	0.25170	0.02849	0.03120	0.01506	0.01639	0.01167	0.00886	0.00761	0.00222	0.01256	0.00598	0.00561	0.01100
27	0.03072	0.02656	0.02403	0.01921	0.02514	0.18325	0.01548	0.49166	0.03450	0.04361	0.01781	0.01831	0.01299	0.00941	0.00792	0.00235	0.01030	0.00681	0.00717	0.01274
28	0.00989	0.00706	0.00942	0.01130	0.01177	0.00659	0.00753	0.01130	0.01554	0.02071	0.04472	0.70954	0.05367	0.02542	0.01036	0.00330	0.00471	0.02307	0.00753	0.00659
29	0.01134	0.00818	0.01071	0.01031	0.01209	0.00756	0.00764	0.01494	0.02229	0.03145	0.60343	0.12021	0.07446	0.01740	0.00964	0.00262	0.00391	0.01545	0.00880	0.00756
30	0.02169	0.71972	0.04252	0.01388	0.02083	0.03211	0.01388	0.02430	0.01649	0.01909	0.01128	0.01302	0.01041	0.00694	0.00521	0.00174	0.00868	0.00434	0.00347	0.01041
31	0.01655	0.07579	0.64134	0.02267	0.03441	0.01951	0.02918	0.02563	0.01710	0.02537	0.01440	0.01693	0.01029	0.00767	0.00758	0.00253	0.01183	0.00591	0.00343	0.01191
32	0.01148	0.00829	0.01085	0.01021	0.01212	0.00766	0.00766	0.01531	0.02297	0.03254	0.65994	0.06061	0.07656	0.01659	0.00957	0.00255	0.00383	0.01467	0.00893	0.00766
33	0.01532	0.01442	0.02434	0.69533	0.05589	0.01803	0.02253	0.02073	0.01622	0.02073	0.01442	0.02163	0.01082	0.00811	0.00811	0.00270	0.01082	0.00721	0.00361	0.00901
34	0.01920	0.02176	0.04713	0.03498	0.07343	0.02046	0.60432	0.02594	0.01912	0.02602	0.01636	0.02180	0.01234	0.00686	0.00950	0.00272	0.01348	0.00946	0.00410	0.01104
35	0.00959	0.00822	0.00822	0.00822	0.01096	0.00685	0.00617	0.01165	0.01850	0.02192	0.08220	0.07809	0.66092	0.02055	0.00959	0.00274	0.00411	0.01713	0.00754	0.00685
36	0.01627	0.04197	0.67279	0.02313	0.03512	0.01884	0.02998	0.02570	0.01713	0.02570	0.01456	0.01713	0.01028	0.00771	0.00771	0.00257	0.01199	0.00600	0.00343	0.01199
37	0.77215	0.01569	0.01193	0.01067	0.01569	0.01820	0.00879	0.02385	0.01381	0.03641	0.01130	0.01318	0.00879	0.00753	0.00502	0.00251	0.00628	0.00439	0.00502	0.00879
38	0.02062	0.01945	0.03251	0.04826	0.63260	0.01957	0.02443	0.05519	0.01945	0.02773	0.01547	0.02005	0.01290	0.00735	0.00804	0.00241	0.00960	0.00723	0.00422	0.01290
39	0.01148	0.00829	0.01085	0.01021	0.01212	0.00766	0.00766	0.01531	0.02297	0.03254	0.65994	0.06061	0.07656	0.01659	0.00957	0.00255	0.00383	0.01467	0.00893	0.00766
40	0.01156	0.00835	0.01096	0.01044	0.01235	0.00774	0.00792	0.01539	0.02276	0.03213	0.62941	0.06214	0.07508	0.01688	0.00965	0.00261	0.00401	0.04411	0.00886	0.00765
41	0.01627	0.04197	0.67279	0.02313	0.03512	0.01884	0.02998	0.02570	0.01713	0.02570	0.01456	0.01713	0.01028	0.00771	0.00771	0.00257	0.01199	0.00600	0.00343	0.01199
42	0.00959	0.00822	0.00822	0.00822	0.01096	0.00685	0.00617	0.01165	0.01850	0.02192	0.08220	0.07809	0.66092	0.02055	0.00959	0.00274	0.00411	0.01713	0.00754	0.00685
43	0.03085	0.02273	0.02435	0.01867	0.02516	0.02516	0.01542	0.63716	0.03815	0.05114	0.01948	0.01948	0.01380	0.00974	0.00812	0.00244	0.00893	0.00731	0.00812	0.01380
44	0.01532	0.01442	0.02434	0.69533	0.05589	0.01803	0.02253	0.02073	0.01622	0.02073	0.01442	0.02163	0.01082	0.00811	0.00811	0.00270	0.01082	0.00721	0.00361	0.00901
45	0.00989	0.00706	0.00942	0.01130	0.01177	0.00659	0.00753	0.01130	0.01554	0.02071	0.04472	0.70954	0.05367	0.02542	0.01036	0.00330	0.00471	0.02307	0.00753	0.00659
46	0.01915	0.02189	0.04788	0.03420	0.04241	0.02052	0.63475	0.02599	0.01915	0.02599	0.01642	0.02189	0.01231	0.00684	0.00958	0.00274	0.01368	0.00958	0.00410	0.01094
47	0.01627	0.04197	0.67279	0.02313	0.03512	0.01884	0.02998	0.02570	0.01713	0.02570	0.01456	0.01713	0.01028	0.00771	0.00771	0.00257	0.01199	0.00600	0.00343	0.01199
48	0.00959	0.00822	0.00822	0.00822	0.01096	0.00685	0.00617	0.01165	0.01850	0.02192	0.08220	0.07809	0.66092	0.02055	0.00959	0.00274	0.00411	0.01713	0.00754	0.00685
49	0.01180	0.00787	0.00885	0.00885	0.00885	0.00787	0.00492	0.01180	0.01180	0.01573	0.02557	0.05310	0.02950	0.71483	0.04130	0.00787	0.00787	0.01180	0.00492	0.00492
50	0.03435	0.01590	0.01998	0.01545	0.02168	0.01519	0.01272	0.16695	0.06002	0.50400	0.02940	0.02603	0.01900	0.01003	0.00816	0.00251	0.00731	0.00803	0.00954	0.01376
51	0.01627	0.04197	0.67279	0.02313	0.03512	0.01884	0.02998	0.02570	0.01713	0.02570	0.01456	0.01713	0.01028	0.00771	0.00771	0.00257	0.01199	0.00600	0.00343	0.01199
52	0.02008	0.01928	0.03294	0.04981	0.66422	0.01928	0.02490	0.02490	0.01848	0.02651	0.01526	0.02008	0.01285	0.00723	0.00803	0.00241	0.00964	0.00723	0.00402	0.01285
53	0.01148	0.00829	0.01085	0.01021	0.01212	0.00766	0.00766	0.01531	0.02297	0.03254	0.65994	0.06061	0.07656	0.01659	0.00957	0.00255	0.00383	0.01467	0.00893	0.00766
54	0.00989	0.00706	0.00942	0.01130	0.01177	0.00659	0.00753	0.01130	0.01554	0.02071	0.04472	0.70954	0.05367	0.02542	0.01036	0.00330	0.00471	0.02307	0.00753	0.00659
55	0.01852	0.02028	0.04051	0.03008	0.03594	0.02109	0.45156	0.02395	0.01744	0.02429	0.01619	0.02405	0.01347	0.00940	0.01393	0.00299	0.18543	0.03649	0.00412	0.01027
