[name]
unknown

[dist]
# distance from previous block
# <min> <max>
0	9

[block]
# block no. 0 follows, 25 sequences, length 20
# corresponding to MSA columns:
# 9-28
name=unknown_A
#
# <colnr> <probs for GDERKNQSTAVLIFYWHMCP>
#	G	D	E	R	K	N	Q	S	T	A	V	L	I	F	Y	W	H	M	C	P
0	0.01249	0.00892	0.01249	0.01428	0.01606	0.00892	0.01249	0.01606	0.01785	0.02320	0.04105	0.08746	0.04462	0.02142	0.01071	0.00357	0.00714	0.62695	0.00714	0.00714
1	0.02786	0.01955	0.02141	0.01667	0.02223	0.02137	0.01359	0.53697	0.03267	0.09269	0.02000	0.02191	0.01493	0.06146	0.03750	0.00310	0.00881	0.00739	0.00754	0.01234
2	0.02043	0.01911	0.02896	0.07792	0.53197	0.06541	0.02183	0.02569	0.05132	0.05880	0.01605	0.01978	0.01296	0.00735	0.00765	0.00232	0.00931	0.00691	0.00433	0.01190
3	0.01080	0.00740	0.00844	0.00899	0.01005	0.00698	0.00605	0.01228	0.01469	0.02000	0.04271	0.23386	0.18504	0.24370	0.01848	0.00423	0.00529	0.03832	0.11668	0.00602
4	0.04750	0.01925	0.02778	0.08355	0.40782	0.06044	0.04488	0.11313	0.04292	0.02864	0.03871	0.02043	0.01452	0.00781	0.00767	0.00234	0.00922	0.00711	0.00472	0.01157
5	0.02291	0.01940	0.02005	0.05322	0.05651	0.11250	0.01370	0.12163	0.23455	0.09756	0.02174	0.02188	0.01627	0.00898	0.00803	0.00227	0.03300	0.00701	0.00643	0.12236
6	0.01005	0.00783	0.00912	0.00893	0.01105	0.00690	0.00665	0.01280	0.01958	0.02577	0.36383	0.10148	0.35208	0.01806	0.00919	0.00256	0.00383	0.01554	0.00784	0.00690
7	0.01018	0.00826	0.00908	0.00881	0.01125	0.00735	0.00662	0.01356	0.04729	0.02468	0.26654	0.06730	0.45546	0.01803	0.00910	0.00256	0.00394	0.01529	0.00766	0.00704
8	0.01354	0.00677	0.00989	0.00989	0.01002	0.00677	0.00664	0.01070	0.01056	0.01462	0.01435	0.02397	0.01395	0.02560	0.02845	0.71677	0.00650	0.00677	0.06060	0.00365
9	0.01608	0.01378	0.01608	0.01148	0.01837	0.01034	0.00919	0.01952	0.01608	0.02527	0.01378	0.01608	0.01148	0.00574	0.00574	0.00115	0.00574	0.00459	0.00459	0.77491
10	0.01852	0.01999	0.06309	0.07140	0.39720	0.01877	0.24673	0.02402	0.01773	0.02487	0.01491	0.01975	0.01191	0.00683	0.00819	0.00243	0.01073	0.00766	0.00383	0.01143
11	0.01066	0.00791	0.00993	0.00943	0.01139	0.00718	0.00707	0.01403	0.02121	0.02934	0.57212	0.06080	0.17718	0.01650	0.00915	0.00247	0.00370	0.01443	0.00830	0.00718
12	0.00958	0.00787	0.00843	0.00829	0.01073	0.00672	0.00621	0.01192	0.01864	0.02325	0.21415	0.07082	0.53895	0.01878	0.00916	0.00258	0.00387	0.01583	0.00750	0.00672
13	0.00945	0.00675	0.00900	0.01080	0.01125	0.00630	0.00720	0.01080	0.01484	0.01979	0.04274	0.72245	0.05128	0.02429	0.00990	0.00315	0.00450	0.02204	0.00720	0.00630
14	0.01128	0.00752	0.00846	0.00846	0.00846	0.00752	0.00470	0.01128	0.01128	0.01503	0.02443	0.05074	0.02819	0.72751	0.03946	0.00752	0.00752	0.01128	0.00470	0.00470
15	0.78228	0.01499	0.01140	0.01020	0.01499	0.01739	0.00840	0.02279	0.01320	0.03479	0.01080	0.01260	0.00840	0.00720	0.00480	0.00240	0.00600	0.00420	0.00480	0.00840
16	0.02073	0.73217	0.04063	0.01327	0.01990	0.03068	0.01327	0.02322	0.01575	0.01824	0.01078	0.01244	0.00995	0.00663	0.00498	0.00166	0.00829	0.00415	0.00332	0.00995
17	0.02947	0.02172	0.02327	0.01784	0.02404	0.02404	0.01474	0.65329	0.03646	0.04887	0.01862	0.01862	0.01319	0.00931	0.00776	0.00233	0.00853	0.00698	0.00776	0.01319
18	0.00916	0.00785	0.00785	0.00785	0.01047	0.00655	0.00589	0.01113	0.01767	0.02095	0.07855	0.07462	0.67599	0.01964	0.00916	0.00262	0.00393	0.01636	0.00720	0.00655
19	0.01929	0.01666	0.01753	0.01578	0.02016	0.01929	0.01227	0.04120	0.66513	0.03243	0.03156	0.02893	0.02367	0.01052	0.00789	0.00263	0.00614	0.00877	0.00789	0.01227

[dist]
# distance from previous block
# <min> <max>
0	6

[block]
# block no. 1 follows, 25 sequences, length 47
# corresponding to MSA columns:
# 35-81
name=unknown_B
#
# <colnr> <probs for GDERKNQSTAVLIFYWHMCP>
#	G	D	E	R	K	N	Q	S	T	A	V	L	I	F	Y	W	H	M	C	P
0	0.01830	0.02092	0.04575	0.03268	0.04052	0.01961	0.65098	0.02484	0.01830	0.02484	0.01569	0.02092	0.01176	0.00654	0.00915	0.00261	0.01307	0.00915	0.00392	0.01046
1	0.04985	0.01089	0.01005	0.00976	0.01047	0.07823	0.00602	0.01396	0.01287	0.01700	0.04755	0.04545	0.02712	0.59239	0.03333	0.00651	0.00796	0.01040	0.00478	0.00541
2	0.02998	0.02091	0.02277	0.01746	0.02364	0.02284	0.01442	0.59475	0.03510	0.10932	0.01975	0.01935	0.01376	0.00934	0.00776	0.00233	0.00835	0.00706	0.00793	0.01319
3	0.01128	0.00752	0.00846	0.00846	0.00846	0.00752	0.00470	0.01128	0.01128	0.01503	0.02443	0.05074	0.02819	0.72751	0.03946	0.00752	0.00752	0.01128	0.00470	0.00470
4	0.01815	0.02196	0.08072	0.03210	0.04014	0.01952	0.61706	0.02482	0.01820	0.02482	0.01559	0.02067	0.01166	0.00658	0.00905	0.00261	0.01298	0.00896	0.00389	0.01051
5	0.02182	0.01413	0.04641	0.01274	0.01878	0.01098	0.01070	0.02602	0.04374	0.24846	0.07517	0.05096	0.02106	0.00885	0.00703	0.00187	0.00609	0.00734	0.00677	0.36107
6	0.02801	0.03452	0.02297	0.02265	0.08932	0.60312	0.01585	0.05398	0.02209	0.02075	0.01250	0.01468	0.01034	0.00793	0.00709	0.00204	0.01330	0.00526	0.00412	0.00948
7	0.78228	0.01499	0.01140	0.01020	0.01499	0.01739	0.00840	0.02279	0.01320	0.03479	0.01080	0.01260	0.00840	0.00720	0.00480	0.00240	0.00600	0.00420	0.00480	0.00840
8	0.01337	0.00677	0.01003	0.01003	0.01003	0.00677	0.00664	0.01015	0.01015	0.01354	0.01396	0.02478	0.01412	0.05808	0.03071	0.74032	0.00677	0.00694	0.00343	0.00343
9	0.78228	0.01499	0.01140	0.01020	0.01499	0.01739	0.00840	0.02279	0.01320	0.03479	0.01080	0.01260	0.00840	0.00720	0.00480	0.00240	0.00600	0.00420	0.00480	0.00840
10	0.03220	0.01734	0.02056	0.01576	0.02186	0.01755	0.01302	0.33727	0.02913	0.37523	0.02476	0.02261	0.01627	0.00946	0.00778	0.00236	0.00754	0.00740	0.00870	0.01319
11	0.05247	0.20204	0.46657	0.01901	0.02872	0.02063	0.02314	0.02488	0.01640	0.05948	0.01394	0.01581	0.01030	0.00731	0.00671	0.00226	0.01019	0.00540	0.00370	0.01106
12	0.00986	0.00820	0.00869	0.00893	0.01124	0.00730	0.00655	0.01296	0.05803	0.02145	0.06863	0.19734	0.51366	0.01996	0.00923	0.00272	0.00418	0.01698	0.00724	0.00686
13	0.03325	0.01353	0.01781	0.01375	0.01953	0.01216	0.01133	0.08485	0.02298	0.59872	0.02936	0.02592	0.01876	0.00954	0.00766	0.00236	0.00658	0.00770	0.05132	0.01287
14	0.02567	0.16754	0.02581	0.01874	0.02267	0.47254	0.01494	0.02772	0.01934	0.01879	0.01150	0.01411	0.01001	0.00853	0.00924	0.00213	0.11277	0.00509	0.00378	0.00910
15	0.01874	0.01809	0.03125	0.10709	0.59891	0.01836	0.04658	0.02347	0.01748	0.02481	0.01455	0.01939	0.01209	0.00697	0.00774	0.00234	0.00945	0.00699	0.00381	0.01188
16	0.00945	0.00675	0.00900	0.01080	0.01125	0.00630	0.00720	0.01080	0.01484	0.01979	0.04274	0.72245	0.05128	0.02429	0.00990	0.00315	0.00450	0.02204	0.00720	0.00630
17	0.03238	0.01438	0.05439	0.01402	0.02008	0.01153	0.01211	0.03574	0.02186	0.61109	0.06627	0.02763	0.02174	0.00983	0.00785	0.00240	0.00670	0.00804	0.00919	0.01277
18	0.01464	0.01378	0.02326	0.70887	0.05340	0.01723	0.02153	0.01981	0.01550	0.01981	0.01378	0.02067	0.01034	0.00775	0.00775	0.00258	0.01034	0.00689	0.00345	0.00861
19	0.01889	0.01812	0.03094	0.09064	0.63840	0.01834	0.02365	0.02354	0.01751	0.02497	0.01453	0.01929	0.01216	0.00696	0.00768	0.00232	0.00928	0.00691	0.00381	0.01204
20	0.01445	0.00723	0.00723	0.00723	0.00903	0.00723	0.00542	0.01807	0.01626	0.02891	0.02529	0.02891	0.01987	0.00903	0.00542	0.00181	0.00361	0.00723	0.77055	0.00723
21	0.02073	0.73217	0.04063	0.01327	0.01990	0.03068	0.01327	0.02322	0.01575	0.01824	0.01078	0.01244	0.00995	0.00663	0.00498	0.00166	0.00829	0.00415	0.00332	0.00995
22	0.01097	0.00793	0.01036	0.00975	0.01158	0.00732	0.00732	0.01463	0.02195	0.03109	0.67505	0.05792	0.07316	0.01585	0.00914	0.00244	0.00366	0.01402	0.00854	0.00732
23	0.01083	0.00793	0.01020	0.00992	0.01176	0.00730	0.00751	0.01421	0.02094	0.02909	0.54783	0.09311	0.12663	0.01697	0.00928	0.00256	0.00395	0.05453	0.00826	0.00718
24	0.02896	0.03695	0.02197	0.01998	0.02397	0.69638	0.01498	0.03096	0.02197	0.01898	0.01199	0.01398	0.00999	0.00799	0.00699	0.00200	0.01398	0.00499	0.00400	0.00899
25	0.01464	0.01378	0.02326	0.70887	0.05340	0.01723	0.02153	0.01981	0.01550	0.01981	0.01378	0.02067	0.01034	0.00775	0.00775	0.00258	0.01034	0.00689	0.00345	0.00861
26	0.78228	0.01499	0.01140	0.01020	0.01499	0.01739	0.00840	0.02279	0.01320	0.03479	0.01080	0.01260	0.00840	0.00720	0.00480	0.00240	0.00600	0.00420	0.00480	0.00840
27	0.00967	0.00684	0.00893	0.01051	0.01091	0.00645	0.00689	0.01085	0.01441	0.01921	0.04050	0.64057	0.04847	0.11001	0.01350	0.00368	0.00487	0.02073	0.00689	0.00610
28	0.02947	0.02172	0.02327	0.01784	0.02404	0.02404	0.01474	0.65329	0.03646	0.04887	0.01862	0.01862	0.01319	0.00931	0.00776	0.00233	0.00853	0.00698	0.00776	0.01319
29	0.78228	0.01499	0.01140	0.01020	0.01499	0.01739	0.00840	0.02279	0.01320	0.03479	0.01080	0.01260	0.00840	0.00720	0.00480	0.00240	0.00600	0.00420	0.00480	0.00840
30	0.01108	0.00831	0.01246	0.01246	0.01385	0.00969	0.00969	0.01385	0.01246	0.01800	0.02077	0.03046	0.01938	0.05815	0.69678	0.01246	0.02077	0.00831	0.00415	0.00692
31	0.02896	0.03695	0.02197	0.01998	0.02397	0.69638	0.01498	0.03096	0.02197	0.01898	0.01199	0.01398	0.00999	0.00799	0.00699	0.00200	0.01398	0.00499	0.00400	0.00899
32	0.02563	0.01981	0.02110	0.01706	0.02258	0.02225	0.01381	0.42207	0.27394	0.04266	0.02350	0.02251	0.01715	0.00977	0.00781	0.00244	0.00763	0.00766	0.00781	0.01284
33	0.01482	0.01397	0.02358	0.68259	0.07827	0.01727	0.02162	0.01997	0.01559	0.02003	0.01381	0.02061	0.01041	0.00772	0.00775	0.00257	0.01029	0.00689	0.00346	0.00876
34	0.01347	0.00673	0.01010	0.01010	0.01010	0.00673	0.00673	0.01010	0.01010	0.01347	0.01347	0.02357	0.01347	0.02694	0.03030	0.77441	0.00673	0.00673	0.00337	0.00337
35	0.18765	0.01356	0.01664	0.01306	0.01881	0.01262	0.01078	0.03472	0.02035	0.55164	0.02654	0.02357	0.01699	0.00911	0.00718	0.00240	0.00648	0.00706	0.00862	0.01221
36	0.01892	0.01783	0.02980	0.15159	0.55036	0.01848	0.02303	0.05115	0.01815	0.02550	0.01464	0.01940	0.01201	0.00715	0.00769	0.00235	0.00936	0.00691	0.00395	0.01174
37	0.00965	0.00794	0.00856	0.00883	0.01122	0.00685	0.00680	0.01184	0.01773	0.02156	0.09564	0.10481	0.54877	0.01991	0.00938	0.00275	0.00433	0.08956	0.00724	0.00664
38	0.01052	0.00778	0.00982	0.00957	0.01137	0.00708	0.00708	0.01366	0.02050	0.02827	0.51271	0.13378	0.16436	0.01737	0.00923	0.00254	0.00379	0.01527	0.00818	0.00708
39	0.00945	0.00675	0.00900	0.01080	0.01125	0.00630	0.00720	0.01080	0.01484	0.01979	0.04274	0.72245	0.05128	0.02429	0.00990	0.00315	0.00450	0.02204	0.00720	0.00630
40	0.01608	0.01378	0.01608	0.01148	0.01837	0.01034	0.00919	0.01952	0.01608	0.02527	0.01378	0.01608	0.01148	0.00574	0.00574	0.00115	0.00574	0.00459	0.00459	0.77491
41	0.01476	0.01354	0.02224	0.62409	0.04864	0.01695	0.02022	0.01963	0.01535	0.02034	0.01433	0.02100	0.01095	0.00817	0.00860	0.00258	0.04982	0.00691	0.05338	0.00852
42	0.00947	0.00720	0.00864	0.00967	0.01090	0.00646	0.00667	0.01107	0.01598	0.02047	0.07895	0.45179	0.26629	0.04543	0.01059	0.00308	0.00437	0.01942	0.00717	0.00637
43	0.01091	0.00935	0.00951	0.00949	0.01155	0.04594	0.00691	0.01315	0.01835	0.02309	0.22564	0.15649	0.35945	0.05239	0.01058	0.00284	0.00468	0.01565	0.00725	0.00677
44	0.04913	0.06906	0.02261	0.01675	0.02237	0.17793	0.03314	0.23645	0.02409	0.03130	0.01460	0.01628	0.01146	0.00796	0.00763	0.00197	0.04099	0.00569	0.00537	0.20524
45	0.04627	0.01820	0.02127	0.01733	0.04594	0.04828	0.06096	0.30522	0.02653	0.08126	0.05978	0.02618	0.08044	0.00976	0.00766	0.00221	0.00783	0.00798	0.00673	0.12018
46	0.02113	0.07984	0.07789	0.02431	0.07181	0.05821	0.25095	0.12042	0.07683	0.05396	0.01753	0.02003	0.01323	0.00764	0.00781	0.00232	0.01016	0.00744	0.03283	0.04566

[dist]
# distance from previous block
# <min> <max>
1	4

[block]
# block no. 2 follows, 25 sequences, length 20
# corresponding to MSA columns:
# 86-105
name=unknown_C
#
# <colnr> <probs for GDERKNQSTAVLIFYWHMCP>
#	G	D	E	R	K	N	Q	S	T	A	V	L	I	F	Y	W	H	M	C	P
0	0.12981	0.05632	0.02070	0.04119	0.02250	0.22630	0.01334	0.21987	0.04726	0.09420	0.01687	0.01771	0.01253	0.00850	0.00691	0.00221	0.00943	0.00601	0.03768	0.01066
1	0.02238	0.07363	0.02263	0.01910	0.06454	0.26952	0.01429	0.07590	0.01957	0.02352	0.04440	0.01762	0.01374	0.00884	0.01002	0.00212	0.13177	0.00589	0.00447	0.15603
2	0.01020	0.00856	0.00903	0.00864	0.01145	0.00742	0.00653	0.01338	0.04798	0.02300	0.15014	0.06750	0.53567	0.01805	0.00894	0.00252	0.00408	0.01514	0.00728	0.04451
3	0.03083	0.01535	0.06191	0.01438	0.02039	0.01274	0.01250	0.09704	0.02323	0.51761	0.08666	0.02780	0.02286	0.00999	0.00789	0.00240	0.00685	0.00814	0.00890	0.01255
4	0.03479	0.01320	0.01799	0.01380	0.01979	0.01140	0.01140	0.03779	0.02219	0.68451	0.03059	0.02639	0.01919	0.00960	0.00780	0.00240	0.00660	0.00780	0.00960	0.01320
5	0.01101	0.00788	0.01015	0.00961	0.01124	0.00734	0.00703	0.01426	0.02078	0.02933	0.60363	0.05713	0.06822	0.09397	0.01247	0.00300	0.00408	0.01372	0.00811	0.00703
6	0.02099	0.01628	0.01758	0.01556	0.02012	0.01842	0.01218	0.04083	0.59456	0.10401	0.03145	0.02865	0.02318	0.01042	0.00788	0.00260	0.00619	0.00866	0.00808	0.01237
7	0.01042	0.00790	0.00960	0.00918	0.01125	0.00708	0.00688	0.01356	0.02065	0.02800	0.49332	0.06301	0.25682	0.01700	0.00915	0.00249	0.00374	0.01474	0.00813	0.00708
8	0.01128	0.00752	0.00846	0.00846	0.00846	0.00752	0.00470	0.01128	0.01128	0.01503	0.02443	0.05074	0.02819	0.72751	0.03946	0.00752	0.00752	0.01128	0.00470	0.00470
9	0.01128	0.00752	0.00846	0.00846	0.00846	0.00752	0.00470	0.01128	0.01128	0.01503	0.02443	0.05074	0.02819	0.72751	0.03946	0.00752	0.00752	0.01128	0.00470	0.00470
10	0.78228	0.01499	0.01140	0.01020	0.01499	0.01739	0.00840	0.02279	0.01320	0.03479	0.01080	0.01260	0.00840	0.00720	0.00480	0.00240	0.00600	0.00420	0.00480	0.00840
11	0.03433	0.01392	0.01844	0.01414	0.02016	0.01248	0.01168	0.09030	0.02341	0.63028	0.02957	0.02573	0.01868	0.00957	0.00779	0.00239	0.00676	0.00773	0.00944	0.01319
12	0.02896	0.03695	0.02197	0.01998	0.02397	0.69638	0.01498	0.03096	0.02197	0.01898	0.01199	0.01398	0.00999	0.00799	0.00699	0.00200	0.01398	0.00499	0.00400	0.00899
13	0.02073	0.73217	0.04063	0.01327	0.01990	0.03068	0.01327	0.02322	0.01575	0.01824	0.01078	0.01244	0.00995	0.00663	0.00498	0.00166	0.00829	0.00415	0.00332	0.00995
14	0.02144	0.01248	0.01350	0.01131	0.01498	0.01302	0.00903	0.22192	0.02332	0.10686	0.02375	0.02536	0.01768	0.00918	0.00642	0.00204	0.00550	0.00721	0.44522	0.00977
15	0.03298	0.01609	0.01979	0.01517	0.02124	0.01570	0.01253	0.24705	0.02704	0.46840	0.02652	0.02375	0.01715	0.00950	0.00778	0.00237	0.00726	0.00752	0.00897	0.01319
16	0.00945	0.00675	0.00900	0.01080	0.01125	0.00630	0.00720	0.01080	0.01484	0.01979	0.04274	0.72245	0.05128	0.02429	0.00990	0.00315	0.00450	0.02204	0.00720	0.00630
17	0.01659	0.03360	0.48330	0.02832	0.16012	0.01828	0.10171	0.02444	0.01685	0.02474	0.01426	0.01746	0.01053	0.00718	0.00764	0.00244	0.01121	0.00637	0.00346	0.01150
18	0.07030	0.60899	0.10969	0.01403	0.02108	0.02841	0.01463	0.02334	0.01565	0.02002	0.01112	0.01288	0.00983	0.00675	0.00523	0.00179	0.00849	0.00432	0.00341	0.01001
19	0.01816	0.01842	0.06050	0.11603	0.52400	0.01782	0.02260	0.02368	0.04317	0.02522	0.04428	0.02131	0.01509	0.00756	0.00774	0.00236	0.00908	0.00724	0.00414	0.01162

[dist]
# distance from previous block
# <min> <max>
0	1

[block]
# block no. 3 follows, 25 sequences, length 148
# corresponding to MSA columns:
# 107-254
name=unknown_D
#
# <colnr> <probs for GDERKNQSTAVLIFYWHMCP>
#	G	D	E	R	K	N	Q	S	T	A	V	L	I	F	Y	W	H	M	C	P
0	0.01648	0.01406	0.01667	0.04488	0.02024	0.01115	0.00997	0.04190	0.01677	0.02584	0.01395	0.01639	0.01149	0.00596	0.00591	0.00126	0.00606	0.00479	0.00465	0.71157
1	0.01899	0.02044	0.04352	0.03125	0.03888	0.01927	0.59999	0.02601	0.04444	0.05127	0.01691	0.02145	0.01254	0.00682	0.00905	0.00261	0.01254	0.00908	0.00431	0.01064
2	0.01830	0.02092	0.04575	0.03268	0.04052	0.01961	0.65098	0.02484	0.01830	0.02484	0.01569	0.02092	0.01176	0.00654	0.00915	0.00261	0.01307	0.00915	0.00392	0.01046
3	0.01696	0.01696	0.02375	0.02036	0.02036	0.02375	0.01696	0.01866	0.01187	0.01866	0.01018	0.01696	0.01018	0.01357	0.02545	0.00339	0.71332	0.00679	0.00339	0.00848
4	0.01051	0.00791	0.00972	0.00927	0.01130	0.00712	0.00695	0.01373	0.02085	0.02848	0.52167	0.06221	0.22816	0.01682	0.00915	0.00248	0.00373	0.01462	0.00819	0.00712
5	0.01608	0.01378	0.01608	0.01148	0.01837	0.01034	0.00919	0.01952	0.01608	0.02527	0.01378	0.01608	0.01148	0.00574	0.00574	0.00115	0.00574	0.00459	0.00459	0.77491
6	0.01020	0.00725	0.00973	0.04467	0.01320	0.00701	0.00779	0.01215	0.01575	0.02165	0.10959	0.56861	0.04957	0.02153	0.00941	0.00295	0.00463	0.01943	0.05829	0.00659
7	0.01774	0.02193	0.13392	0.02760	0.09442	0.01816	0.32165	0.04976	0.01784	0.02525	0.01583	0.04589	0.01294	0.00793	0.00955	0.00246	0.06428	0.00810	0.00414	0.10062
8	0.01567	0.03929	0.65998	0.02255	0.03386	0.01808	0.05518	0.02457	0.01645	0.02457	0.01399	0.01656	0.00990	0.00733	0.00744	0.00246	0.01153	0.00588	0.00330	0.01142
9	0.01110	0.00822	0.01200	0.01200	0.01322	0.00944	0.00911	0.01355	0.01232	0.01766	0.02119	0.03281	0.02041	0.13585	0.62048	0.01189	0.01923	0.00865	0.00422	0.00666
10	0.02490	0.01809	0.02033	0.06351	0.02364	0.01996	0.01387	0.41830	0.09830	0.06834	0.02299	0.05508	0.01836	0.01075	0.00794	0.00247	0.00781	0.04824	0.04531	0.01180
11	0.01622	0.11542	0.59302	0.02151	0.03231	0.01946	0.04955	0.02442	0.01637	0.02387	0.01363	0.01610	0.00991	0.00726	0.00717	0.00237	0.01117	0.00568	0.00330	0.01126
12	0.02896	0.03695	0.02197	0.01998	0.02397	0.69638	0.01498	0.03096	0.02197	0.01898	0.01199	0.01398	0.00999	0.00799	0.00699	0.00200	0.01398	0.00499	0.00400	0.00899
13	0.00945	0.00675	0.00900	0.01080	0.01125	0.00630	0.00720	0.01080	0.01484	0.01979	0.04274	0.72245	0.05128	0.02429	0.00990	0.00315	0.00450	0.02204	0.00720	0.00630
14	0.01873	0.01796	0.03065	0.11388	0.61641	0.01830	0.02357	0.02340	0.01744	0.02478	0.01450	0.01934	0.01209	0.00699	0.00768	0.00233	0.00932	0.00691	0.00380	0.01191
15	0.07152	0.29687	0.31811	0.01816	0.04875	0.02222	0.01985	0.02500	0.01645	0.07778	0.01393	0.01556	0.01064	0.00725	0.00633	0.00214	0.00941	0.00524	0.00394	0.01085
16	0.01008	0.00815	0.00914	0.00963	0.01202	0.00720	0.00772	0.01249	0.01772	0.02157	0.06819	0.07817	0.50154	0.02013	0.00959	0.00288	0.00481	0.18507	0.00718	0.00671
17	0.04588	0.01389	0.01557	0.01323	0.01708	0.01471	0.01046	0.20423	0.13779	0.06395	0.29457	0.03940	0.07136	0.01265	0.00832	0.00245	0.00571	0.01058	0.00805	0.01012
18	0.01769	0.01745	0.04955	0.34699	0.26940	0.01838	0.07292	0.06989	0.01811	0.02452	0.01459	0.01987	0.01134	0.00746	0.00783	0.00246	0.01006	0.00705	0.00394	0.01049
19	0.01206	0.00969	0.01274	0.01221	0.01282	0.01132	0.00894	0.01342	0.01265	0.01759	0.02725	0.11909	0.08044	0.27018	0.18744	0.00688	0.16280	0.01129	0.00479	0.00639
20	0.00945	0.00675	0.00900	0.01080	0.01125	0.00630	0.00720	0.01080	0.01484	0.01979	0.04274	0.72245	0.05128	0.02429	0.00990	0.00315	0.00450	0.02204	0.00720	0.00630
21	0.16961	0.01347	0.01548	0.01299	0.01776	0.01359	0.01042	0.03217	0.15820	0.32625	0.09540	0.05521	0.02506	0.01058	0.00747	0.00248	0.00599	0.00854	0.00811	0.01120
22	0.02926	0.02126	0.02340	0.01890	0.05054	0.02333	0.01498	0.60417	0.03515	0.07219	0.01891	0.01894	0.01338	0.00922	0.00775	0.00233	0.00849	0.00701	0.00767	0.01315
23	0.02359	0.01139	0.01528	0.01357	0.04286	0.01032	0.01021	0.05043	0.02180	0.35303	0.23846	0.08527	0.06416	0.01288	0.00842	0.00246	0.00559	0.01103	0.00870	0.01054
24	0.78228	0.01499	0.01140	0.01020	0.01499	0.01739	0.00840	0.02279	0.01320	0.03479	0.01080	0.01260	0.00840	0.00720	0.00480	0.00240	0.00600	0.00420	0.00480	0.00840
25	0.01090	0.00792	0.01026	0.00967	0.01154	0.00728	0.00725	0.01448	0.02176	0.03066	0.64947	0.05863	0.09901	0.01601	0.00915	0.00245	0.00367	0.01412	0.00848	0.00728
26	0.02413	0.01843	0.02022	0.01552	0.02158	0.01891	0.01262	0.41105	0.05150	0.03981	0.01883	0.05312	0.01494	0.00903	0.00727	0.00203	0.00742	0.00708	0.00679	0.23971
27	0.03071	0.01792	0.04743	0.01647	0.05297	0.11236	0.01303	0.03394	0.02142	0.47533	0.04838	0.02446	0.01868	0.00919	0.00761	0.00229	0.00788	0.00734	0.00797	0.04461
28	0.05172	0.70299	0.03944	0.01314	0.01970	0.03014	0.01307	0.02320	0.01565	0.01892	0.01078	0.01244	0.00989	0.00666	0.00497	0.00169	0.00820	0.00415	0.00338	0.00989
29	0.01852	0.01808	0.02917	0.20081	0.50679	0.04538	0.02291	0.02315	0.01733	0.02379	0.01429	0.01933	0.01174	0.00715	0.00767	0.00236	0.00967	0.00683	0.00375	0.01129
30	0.01083	0.00792	0.01016	0.00960	0.01149	0.00725	0.00720	0.01435	0.02161	0.03028	0.62746	0.05925	0.12125	0.01615	0.00915	0.00245	0.00368	0.01421	0.00843	0.00725
31	0.00916	0.00785	0.00785	0.00785	0.01047	0.00655	0.00589	0.01113	0.01767	0.02095	0.07855	0.07462	0.67599	0.01964	0.00916	0.00262	0.00393	0.01636	0.00720	0.00655
32	0.01103	0.00741	0.00853	0.00877	0.00883	0.00735	0.00503	0.01121	0.01175	0.01567	0.02687	0.14031	0.03127	0.63374	0.03552	0.00693	0.00711	0.01271	0.00503	0.00491
33	0.00928	0.00786	0.00802	0.00798	0.01055	0.00660	0.00598	0.01136	0.01795	0.02161	0.11741	0.07353	0.63672	0.01939	0.00916	0.00261	0.00391	0.01621	0.00729	0.00660
34	0.02084	0.01667	0.01785	0.01574	0.02033	0.01898	0.01233	0.07097	0.59047	0.07771	0.03086	0.02825	0.02285	0.01040	0.00788	0.00260	0.00629	0.00861	0.00800	0.01238
35	0.01730	0.01374	0.01620	0.01163	0.01847	0.01040	0.00933	0.02071	0.01648	0.06821	0.01488	0.01675	0.01199	0.00599	0.00588	0.00123	0.00580	0.00480	0.00492	0.72528
36	0.01608	0.01378	0.01608	0.01148	0.01837	0.01034	0.00919	0.01952	0.01608	0.02527	0.01378	0.01608	0.01148	0.00574	0.00574	0.00115	0.00574	0.00459	0.00459	0.77491
37	0.01608	0.01378	0.01608	0.01148	0.01837	0.01034	0.00919	0.01952	0.01608	0.02527	0.01378	0.01608	0.01148	0.00574	0.00574	0.00115	0.00574	0.00459	0.00459	0.77491
38	0.00952	0.00716	0.00883	0.00990	0.01107	0.00647	0.00686	0.01127	0.01632	0.02123	0.11561	0.48173	0.22151	0.02220	0.00962	0.00294	0.00426	0.01971	0.00733	0.00647
39	0.01833	0.06800	0.02467	0.01964	0.02157	0.13187	0.07134	0.02061	0.01464	0.01928	0.01424	0.07268	0.01409	0.01530	0.06210	0.00355	0.38783	0.00782	0.00388	0.00857
40	0.01555	0.04011	0.68733	0.02210	0.03356	0.01801	0.02865	0.02455	0.01637	0.02455	0.01391	0.01637	0.00982	0.00737	0.00737	0.00246	0.01146	0.00573	0.00327	0.01146
41	0.02274	0.01588	0.05033	0.01351	0.02018	0.01287	0.01148	0.09154	0.05206	0.20905	0.01979	0.01982	0.01430	0.00749	0.00670	0.00175	0.00657	0.00598	0.00639	0.41158
42	0.02947	0.12656	0.02174	0.01413	0.01983	0.01626	0.01192	0.14341	0.02337	0.40854	0.05112	0.05817	0.02036	0.01005	0.00750	0.00231	0.00699	0.00802	0.00813	0.01212
43	0.01347	0.00673	0.01010	0.01010	0.01010	0.00673	0.00673	0.01010	0.01010	0.01347	0.01347	0.02357	0.01347	0.02694	0.03030	0.77441	0.00673	0.00673	0.00337	0.00337
44	0.01555	0.04011	0.68733	0.02210	0.03356	0.01801	0.02865	0.02455	0.01637	0.02455	0.01391	0.01637	0.00982	0.00737	0.00737	0.00246	0.01146	0.00573	0.00327	0.01146
45	0.01894	0.01990	0.07620	0.04585	0.63512	0.01839	0.02413	0.02385	0.01757	0.02528	0.01454	0.01900	0.01211	0.00694	0.00765	0.00231	0.00936	0.00683	0.00380	0.01223
46	0.01585	0.03804	0.61824	0.02324	0.03431	0.01818	0.09567	0.02459	0.01658	0.02459	0.01411	0.01686	0.01003	0.00728	0.00756	0.00247	0.01163	0.00610	0.00334	0.01135
47	0.01445	0.00723	0.00723	0.00723	0.00903	0.00723	0.00542	0.01807	0.01626	0.02891	0.02529	0.02891	0.01987	0.00903	0.00542	0.00181	0.00361	0.00723	0.77055	0.00723
48	0.01143	0.00917	0.01167	0.10366	0.04394	0.00871	0.00920	0.01417	0.01795	0.04399	0.15302	0.11276	0.39795	0.01701	0.00893	0.00261	0.00509	0.01454	0.00684	0.00737
49	0.00985	0.00733	0.00997	0.05822	0.01410	0.00709	0.00812	0.01158	0.01530	0.02029	0.06717	0.61781	0.07906	0.02261	0.00969	0.00306	0.00484	0.02043	0.00699	0.00651
50	0.01919	0.01842	0.03147	0.04759	0.67914	0.01842	0.02380	0.02380	0.01765	0.02533	0.01458	0.01919	0.01228	0.00691	0.00768	0.00230	0.00921	0.00691	0.00384	0.01228
51	0.78228	0.01499	0.01140	0.01020	0.01499	0.01739	0.00840	0.02279	0.01320	0.03479	0.01080	0.01260	0.00840	0.00720	0.00480	0.00240	0.00600	0.00420	0.00480	0.00840
52	0.01916	0.01201	0.01268	0.01090	0.01408	0.01281	0.00858	0.22540	0.02259	0.03466	0.02294	0.02624	0.01792	0.03212	0.02968	0.00249	0.00590	0.00730	0.47344	0.00909
53	0.02080	0.04897	0.01833	0.01325	0.01911	0.01432	0.01073	0.15877	0.04674	0.10658	0.05200	0.06624	0.01880	0.00890	0.00690	0.00182	0.00640	0.00723	0.00629	0.36783
54	0.00945	0.00675	0.00900	0.01080	0.01125	0.00630	0.00720	0.01080	0.01484	0.01979	0.04274	0.72245	0.05128	0.02429	0.00990	0.00315	0.00450	0.02204	0.00720	0.00630
55	0.02896	0.03695	0.02197	0.01998	0.02397	0.69638	0.01498	0.03096	0.02197	0.01898	0.01199	0.01398	0.00999	0.00799	0.00699	0.00200	0.01398	0.00499	0.00400	0.00899
56	0.01464	0.01378	0.02326	0.70887	0.05340	0.01723	0.02153	0.01981	0.01550	0.01981	0.01378	0.02067	0.01034	0.00775	0.00775	0.00258	0.01034	0.00689	0.00345	0.00861
57	0.01372	0.01105	0.01500	0.01450	0.01527	0.01323	0.01107	0.01620	0.04181	0.05149	0.02964	0.39056	0.03321	0.02061	0.04130	0.00353	0.24921	0.01502	0.00592	0.00766
58	0.02896	0.03695	0.02197	0.01998	0.02397	0.69638	0.01498	0.03096	0.02197	0.01898	0.01199	0.01398	0.00999	0.00799	0.00699	0.00200	0.01398	0.00499	0.00400	0.00899
59	0.03067	0.01980	0.02208	0.01693	0.02309	0.02119	0.01398	0.51445	0.03324	0.19224	0.02132	0.02037	0.01454	0.00937	0.00777	0.00234	0.00810	0.00716	0.00817	0.01319
60	0.01199	0.00815	0.01069	0.00993	0.01193	0.00749	0.00749	0.01562	0.02196	0.05885	0.64767	0.05658	0.07087	0.01559	0.00909	0.00244	0.00378	0.01376	0.00858	0.00757
61	0.02739	0.01407	0.01726	0.01422	0.01932	0.01397	0.01141	0.03732	0.25604	0.39915	0.07845	0.02964	0.02480	0.01039	0.00793	0.00249	0.00621	0.00861	0.00890	0.01243
62	0.78228	0.01499	0.01140	0.01020	0.01499	0.01739	0.00840	0.02279	0.01320	0.03479	0.01080	0.01260	0.00840	0.00720	0.00480	0.00240	0.00600	0.00420	0.00480	0.00840
63	0.01804	0.02276	0.10733	0.03166	0.03985	0.01945	0.59125	0.02481	0.01812	0.02481	0.01552	0.02048	0.01158	0.00662	0.00898	0.00260	0.01292	0.00882	0.00386	0.01055
64	0.01108	0.00831	0.01246	0.01246	0.01385	0.00969	0.00969	0.01385	0.01246	0.01800	0.02077	0.03046	0.01938	0.05815	0.69678	0.01246	0.02077	0.00831	0.00415	0.00692
65	0.03479	0.01320	0.01799	0.01380	0.01979	0.01140	0.01140	0.03779	0.02219	0.68451	0.03059	0.02639	0.01919	0.00960	0.00780	0.00240	0.00660	0.00780	0.00960	0.01320
66	0.01811	0.02222	0.08950	0.03196	0.04005	0.01950	0.60854	0.02482	0.01817	0.02482	0.01557	0.02061	0.01163	0.00659	0.00903	0.00260	0.01296	0.00892	0.00388	0.01053
67	0.03244	0.01268	0.01724	0.01340	0.01898	0.01099	0.01099	0.03550	0.02217	0.62008	0.09414	0.02950	0.02451	0.01021	0.00793	0.00240	0.00631	0.00841	0.00949	0.01262
68	0.01445	0.00723	0.00723	0.00723	0.00903	0.00723	0.00542	0.01807	0.01626	0.02891	0.02529	0.02891	0.01987	0.00903	0.00542	0.00181	0.00361	0.00723	0.77055	0.00723
69	0.01090	0.00792	0.01026	0.00967	0.01154	0.00728	0.00725	0.01448	0.02176	0.03066	0.64947	0.05863	0.09901	0.01601	0.00915	0.00245	0.00367	0.01412	0.00848	0.00728
70	0.01786	0.02203	0.09702	0.06011	0.03964	0.01955	0.54564	0.02434	0.01775	0.02434	0.01522	0.02036	0.01148	0.00696	0.00964	0.00263	0.04257	0.00867	0.00383	0.01038
71	0.02809	0.01313	0.01678	0.01367	0.01864	0.01240	0.01098	0.06043	0.12142	0.44690	0.09480	0.07704	0.02715	0.01135	0.00809	0.00249	0.00618	0.00950	0.00899	0.01200
72	0.03479	0.01320	0.01799	0.01380	0.01979	0.01140	0.01140	0.03779	0.02219	0.68451	0.03059	0.02639	0.01919	0.00960	0.00780	0.00240	0.00660	0.00780	0.00960	0.01320
73	0.38502	0.01544	0.01650	0.06756	0.05291	0.01676	0.01177	0.09739	0.04495	0.19635	0.01785	0.01831	0.01258	0.00819	0.00637	0.00241	0.00693	0.00593	0.00630	0.01049
74	0.01800	0.02299	0.11528	0.03153	0.03977	0.01943	0.58354	0.02481	0.01809	0.02481	0.01549	0.02042	0.01155	0.00663	0.00896	0.00260	0.01290	0.00878	0.00385	0.01057
75	0.01565	0.00838	0.00851	0.00807	0.01023	0.00857	0.00616	0.06874	0.01787	0.03050	0.02476	0.02809	0.01934	0.00906	0.00561	0.00185	0.00401	0.00721	0.70970	0.00770
76	0.78228	0.01499	0.01140	0.01020	0.01499	0.01739	0.00840	0.02279	0.01320	0.03479	0.01080	0.01260	0.00840	0.00720	0.00480	0.00240	0.00600	0.00420	0.00480	0.00840
77	0.01968	0.01313	0.01522	0.01291	0.01680	0.01345	0.01020	0.15928	0.13287	0.13067	0.27075	0.04162	0.10452	0.01301	0.00844	0.00246	0.00558	0.01094	0.00828	0.01020
78	0.02073	0.73217	0.04063	0.01327	0.01990	0.03068	0.01327	0.02322	0.01575	0.01824	0.01078	0.01244	0.00995	0.00663	0.00498	0.00166	0.00829	0.00415	0.00332	0.00995
79	0.01085	0.00792	0.01019	0.00963	0.01151	0.00726	0.00722	0.01439	0.02166	0.03040	0.63437	0.05906	0.11427	0.01611	0.00915	0.00245	0.00368	0.01418	0.00844	0.00726
80	0.00943	0.00680	0.00894	0.01065	0.01121	0.00631	0.00713	0.01081	0.01498	0.01985	0.04449	0.69069	0.08191	0.02406	0.00986	0.00312	0.00447	0.02176	0.00720	0.00631
81	0.02073	0.73217	0.04063	0.01327	0.01990	0.03068	0.01327	0.02322	0.01575	0.01824	0.01078	0.01244	0.00995	0.00663	0.00498	0.00166	0.00829	0.00415	0.00332	0.00995
82	0.00952	0.00680	0.00906	0.01075	0.01126	0.00635	0.00720	0.01098	0.01518	0.02033	0.07281	0.69084	0.05232	0.02389	0.00986	0.00312	0.00446	0.02166	0.00726	0.00635
83	0.01347	0.00673	0.01010	0.01010	0.01010	0.00673	0.00673	0.01010	0.01010	0.01347	0.01347	0.02357	0.01347	0.02694	0.03030	0.77441	0.00673	0.00673	0.00337	0.00337
84	0.02146	0.01726	0.01840	0.01600	0.02072	0.01965	0.01260	0.13168	0.54448	0.06283	0.02960	0.02729	0.02192	0.01030	0.00787	0.00258	0.00651	0.00846	0.00794	0.01245
85	0.00945	0.00675	0.00900	0.01080	0.01125	0.00630	0.00720	0.01080	0.01484	0.01979	0.04274	0.72245	0.05128	0.02429	0.00990	0.00315	0.00450	0.02204	0.00720	0.00630
86	0.01249	0.00892	0.01249	0.01428	0.01606	0.00892	0.01249	0.01606	0.01785	0.02320	0.04105	0.08746	0.04462	0.02142	0.01071	0.00357	0.00714	0.62695	0.00714	0.00714
87	0.01830	0.02092	0.04575	0.03268	0.04052	0.01961	0.65098	0.02484	0.01830	0.02484	0.01569	0.02092	0.01176	0.00654	0.00915	0.00261	0.01307	0.00915	0.00392	0.01046
88	0.01919	0.01842	0.03147	0.04759	0.67914	0.01842	0.02380	0.02380	0.01765	0.02533	0.01458	0.01919	0.01228	0.00691	0.00768	0.00230	0.00921	0.00691	0.00384	0.01228
89	0.04563	0.70872	0.03967	0.01317	0.01974	0.03025	0.01311	0.02320	0.01567	0.01878	0.01078	0.01244	0.00990	0.00665	0.00497	0.00168	0.00822	0.00415	0.00337	0.00990
90	0.75522	0.01588	0.03525	0.01062	0.01565	0.01742	0.00911	0.02285	0.01331	0.03443	0.01091	0.01273	0.00845	0.00720	0.00489	0.00240	0.00619	0.00425	0.00474	0.00851
91	0.01823	0.02158	0.07537	0.03106	0.03886	0.01951	0.57886	0.02589	0.06034	0.02532	0.01663	0.02121	0.01244	0.00684	0.00898	0.00261	0.01254	0.00896	0.00415	0.01062
92	0.02073	0.73217	0.04063	0.01327	0.01990	0.03068	0.01327	0.02322	0.01575	0.01824	0.01078	0.01244	0.00995	0.00663	0.00498	0.00166	0.00829	0.00415	0.00332	0.00995
93	0.01130	0.00782	0.01001	0.01001	0.01062	0.00837	0.00671	0.01253	0.01192	0.01668	0.02300	0.04193	0.02440	0.43674	0.30004	0.00929	0.01266	0.00996	0.03034	0.00567
94	0.02354	0.01877	0.01993	0.01664	0.02179	0.02127	0.01330	0.29703	0.40237	0.03930	0.02615	0.02462	0.01929	0.01001	0.00783	0.00250	0.00714	0.00802	0.00783	0.01265
95	0.07942	0.01222	0.04487	0.01178	0.01515	0.01115	0.00970	0.10246	0.02268	0.07955	0.43477	0.06599	0.05223	0.01368	0.00844	0.00244	0.00511	0.01169	0.00790	0.00877
96	0.01108	0.00828	0.01230	0.01230	0.01364	0.00961	0.00950	0.01375	0.01241	0.01788	0.02091	0.03125	0.01973	0.08430	0.67110	0.01227	0.02025	0.00842	0.00417	0.00684
97	0.00945	0.00675	0.00900	0.01080	0.01125	0.00630	0.00720	0.01080	0.01484	0.01979	0.04274	0.72245	0.05128	0.02429	0.00990	0.00315	0.00450	0.02204	0.00720	0.00630
98	0.02838	0.02017	0.02170	0.01678	0.02260	0.02214	0.01382	0.57646	0.03421	0.07023	0.01962	0.01978	0.01398	0.00929	0.00756	0.00228	0.00804	0.00703	0.07324	0.01268
99	0.02073	0.73217	0.04063	0.01327	0.01990	0.03068	0.01327	0.02322	0.01575	0.01824	0.01078	0.01244	0.00995	0.00663	0.00498	0.00166	0.00829	0.00415	0.00332	0.00995
100	0.78228	0.01499	0.01140	0.01020	0.01499	0.01739	0.00840	0.02279	0.01320	0.03479	0.01080	0.01260	0.00840	0.00720	0.00480	0.00240	0.00600	0.00420	0.00480	0.00840
101	0.00945	0.00675	0.00900	0.01080	0.01125	0.00630	0.00720	0.01080	0.01484	0.01979	0.04274	0.72245	0.05128	0.02429	0.00990	0.00315	0.00450	0.02204	0.00720	0.00630
102	0.01696	0.01696	0.02375	0.02036	0.02036	0.02375	0.01696	0.01866	0.01187	0.01866	0.01018	0.01696	0.01018	0.01357	0.02545	0.00339	0.71332	0.00679	0.00339	0.00848
103	0.00945	0.00675	0.00900	0.01080	0.01125	0.00630	0.00720	0.01080	0.01484	0.01979	0.04274	0.72245	0.05128	0.02429	0.00990	0.00315	0.00450	0.02204	0.00720	0.00630
104	0.02947	0.02172	0.02327	0.01784	0.02404	0.02404	0.01474	0.65329	0.03646	0.04887	0.01862	0.01862	0.01319	0.00931	0.00776	0.00233	0.00853	0.00698	0.00776	0.01319
105	0.01743	0.26569	0.37260	0.01998	0.02907	0.02200	0.09665	0.02379	0.01660	0.02274	0.03709	0.01712	0.01239	0.00733	0.00685	0.00221	0.01032	0.00591	0.00356	0.01069
106	0.07095	0.01950	0.08138	0.11130	0.43778	0.01852	0.02170	0.05570	0.06013	0.02694	0.01549	0.01928	0.01239	0.00741	0.00748	0.00237	0.00906	0.00675	0.00427	0.01160
107	0.78228	0.01499	0.01140	0.01020	0.01499	0.01739	0.00840	0.02279	0.01320	0.03479	0.01080	0.01260	0.00840	0.00720	0.00480	0.00240	0.00600	0.00420	0.00480	0.00840
108	0.02900	0.03591	0.02206	0.01983	0.02398	0.65053	0.01496	0.07340	0.02296	0.02101	0.01244	0.01430	0.01021	0.00808	0.00704	0.00202	0.01361	0.00513	0.00425	0.00927
109	0.01818	0.02200	0.08657	0.03301	0.08362	0.01942	0.56767	0.02475	0.01813	0.02485	0.01550	0.02050	0.01167	0.00662	0.00893	0.00258	0.01270	0.00877	0.00387	0.01065
110	0.01109	0.00744	0.00851	0.00869	0.00873	0.00740	0.00495	0.01123	0.01163	0.01550	0.02624	0.11718	0.03047	0.65795	0.03654	0.00708	0.00722	0.01234	0.00495	0.00486
111	0.01096	0.00791	0.01039	0.00999	0.01175	0.00733	0.00752	0.01451	0.02144	0.03023	0.61917	0.09073	0.07096	0.01648	0.00924	0.00252	0.00384	0.03934	0.00841	0.00726
112	0.03125	0.01627	0.06421	0.01506	0.02124	0.01394	0.01316	0.13021	0.04470	0.49422	0.02808	0.02709	0.01882	0.00991	0.00788	0.00245	0.00723	0.03275	0.00873	0.01280
113	0.01664	0.02731	0.28931	0.02713	0.03586	0.01809	0.36839	0.02377	0.01732	0.02438	0.01685	0.06701	0.01371	0.00807	0.00852	0.00259	0.01187	0.00872	0.00390	0.01056
114	0.01706	0.01742	0.02702	0.05173	0.02479	0.02285	0.11196	0.01963	0.01299	0.01963	0.01116	0.01771	0.01042	0.01227	0.02225	0.00324	0.57846	0.00714	0.00347	0.00878
115	0.00958	0.00685	0.00912	0.01071	0.01128	0.00639	0.00721	0.01113	0.01546	0.02078	0.09788	0.66449	0.05319	0.02356	0.00983	0.00309	0.00443	0.02134	0.00731	0.00639
116	0.01347	0.00673	0.01010	0.01010	0.01010	0.00673	0.00673	0.01010	0.01010	0.01347	0.01347	0.02357	0.01347	0.02694	0.03030	0.77441	0.00673	0.00673	0.00337	0.00337
117	0.12752	0.04980	0.06936	0.19982	0.07703	0.05326	0.01678	0.14183	0.13552	0.03014	0.01727	0.01954	0.01304	0.00833	0.00717	0.00242	0.00874	0.00657	0.00526	0.01062
118	0.00955	0.00687	0.00889	0.01046	0.01102	0.00639	0.00695	0.01085	0.01479	0.01956	0.04379	0.63797	0.08905	0.06981	0.01178	0.00340	0.00466	0.02098	0.00703	0.00621
119	0.00945	0.00675	0.00900	0.01080	0.01125	0.00630	0.00720	0.01080	0.01484	0.01979	0.04274	0.72245	0.05128	0.02429	0.00990	0.00315	0.00450	0.02204	0.00720	0.00630
120	0.05382	0.03722	0.60130	0.02287	0.05463	0.01807	0.05708	0.02446	0.01635	0.02510	0.01387	0.01649	0.00993	0.00730	0.00733	0.00246	0.01119	0.00586	0.00340	0.01129
121	0.02607	0.02020	0.02358	0.15484	0.07232	0.04563	0.01655	0.44568	0.03014	0.06206	0.01758	0.01915	0.01266	0.00881	0.00772	0.00237	0.00906	0.00692	0.00659	0.01209
122	0.01509	0.01424	0.02407	0.64367	0.11510	0.01734	0.02176	0.02020	0.01572	0.02035	0.01386	0.02053	0.01053	0.00767	0.00774	0.00256	0.01023	0.00689	0.00348	0.00897
123	0.01124	0.00828	0.01059	0.01033	0.01208	0.00791	0.00762	0.01568	0.06258	0.02915	0.51979	0.17514	0.06601	0.01702	0.00920	0.00258	0.00397	0.01512	0.00825	0.00746
124	0.02983	0.01793	0.10594	0.01541	0.02191	0.01434	0.01403	0.12970	0.04907	0.44709	0.05399	0.02533	0.01952	0.00956	0.00780	0.00241	0.00739	0.00770	0.00838	0.01268
125	0.01908	0.23862	0.05154	0.02032	0.07460	0.07084	0.04313	0.02184	0.01494	0.02000	0.01145	0.01564	0.01041	0.00948	0.01383	0.00246	0.29079	0.00578	0.00355	0.06172
126	0.00945	0.00675	0.00900	0.01080	0.01125	0.00630	0.00720	0.01080	0.01484	0.01979	0.04274	0.72245	0.05128	0.02429	0.00990	0.00315	0.00450	0.02204	0.00720	0.00630
127	0.01608	0.01378	0.01608	0.01148	0.01837	0.01034	0.00919	0.01952	0.01608	0.02527	0.01378	0.01608	0.01148	0.00574	0.00574	0.00115	0.00574	0.00459	0.00459	0.77491
128	0.01114	0.00754	0.00886	0.00915	0.00939	0.00747	0.00559	0.01168	0.01255	0.01678	0.05518	0.12789	0.03373	0.57334	0.03303	0.00656	0.00699	0.05269	0.00530	0.00515
129	0.00916	0.00785	0.00785	0.00785	0.01047	0.00655	0.00589	0.01113	0.01767	0.02095	0.07855	0.07462	0.67599	0.01964	0.00916	0.00262	0.00393	0.01636	0.00720	0.00655
130	0.00945	0.00675	0.00900	0.01080	0.01125	0.00630	0.00720	0.01080	0.01484	0.01979	0.04274	0.72245	0.05128	0.02429	0.00990	0.00315	0.00450	0.02204	0.00720	0.00630
131	0.01608	0.01378	0.01608	0.01148	0.01837	0.01034	0.00919	0.01952	0.01608	0.02527	0.01378	0.01608	0.01148	0.00574	0.00574	0.00115	0.00574	0.00459	0.00459	0.77491
132	0.01108	0.00831	0.01246	0.01246	0.01385	0.00969	0.00969	0.01385	0.01246	0.01800	0.02077	0.03046	0.01938	0.05815	0.69678	0.01246	0.02077	0.00831	0.00415	0.00692
133	0.01347	0.00673	0.01010	0.01010	0.01010	0.00673	0.00673	0.01010	0.01010	0.01347	0.01347	0.02357	0.01347	0.02694	0.03030	0.77441	0.00673	0.00673	0.00337	0.00337
134	0.68714	0.01477	0.01224	0.01065	0.01561	0.01663	0.00878	0.02470	0.01434	0.11748	0.01332	0.01435	0.00977	0.00750	0.00518	0.00240	0.00607	0.00466	0.00541	0.00901
135	0.02127	0.68688	0.03941	0.01370	0.02017	0.07405	0.01338	0.02372	0.01616	0.01829	0.01086	0.01254	0.00995	0.00672	0.00511	0.00168	0.00866	0.00420	0.00336	0.00989
136	0.01084	0.00788	0.01020	0.00971	0.01152	0.00724	0.00725	0.01433	0.02149	0.03022	0.62501	0.08459	0.09791	0.01634	0.00918	0.00247	0.00370	0.01444	0.00843	0.00724
137	0.02092	0.68019	0.06054	0.01384	0.02051	0.05883	0.01383	0.02359	0.01604	0.01848	0.01093	0.01263	0.00995	0.00672	0.00514	0.00170	0.00864	0.00423	0.00334	0.00996
138	0.02424	0.01394	0.01686	0.01304	0.01894	0.01242	0.01052	0.05216	0.11622	0.28415	0.02372	0.02273	0.01678	0.00824	0.00692	0.00193	0.00613	0.00668	0.04470	0.29968
139	0.08514	0.01882	0.08245	0.13349	0.33813	0.01761	0.09112	0.04258	0.01732	0.02562	0.01625	0.06672	0.01408	0.00832	0.00773	0.00246	0.00937	0.00785	0.00418	0.01075
140	0.02581	0.07050	0.02299	0.01762	0.02242	0.21994	0.03512	0.30008	0.02682	0.03346	0.04288	0.01927	0.01481	0.00911	0.00814	0.00221	0.04462	0.00658	0.06690	0.01070
141	0.01608	0.01378	0.01608	0.01148	0.01837	0.01034	0.00919	0.01952	0.01608	0.02527	0.01378	0.01608	0.01148	0.00574	0.00574	0.00115	0.00574	0.00459	0.00459	0.77491
142	0.01573	0.03886	0.64554	0.02279	0.03401	0.01811	0.06919	0.02457	0.01650	0.02457	0.01403	0.01667	0.00995	0.00731	0.00748	0.00247	0.01156	0.00595	0.00332	0.01139
143	0.02681	0.02292	0.02105	0.01712	0.02236	0.15306	0.01372	0.41780	0.08845	0.03932	0.02175	0.02186	0.04666	0.00966	0.00759	0.00228	0.00894	0.00723	0.03972	0.01170
144	0.05422	0.02124	0.02259	0.01748	0.02355	0.02359	0.01440	0.60179	0.06685	0.04758	0.01899	0.01892	0.01355	0.00930	0.00766	0.00234	0.00833	0.00698	0.00766	0.01298
145	0.00945	0.00675	0.00900	0.01080	0.01125	0.00630	0.00720	0.01080	0.01484	0.01979	0.04274	0.72245	0.05128	0.02429	0.00990	0.00315	0.00450	0.02204	0.00720	0.00630
146	0.01044	0.00749	0.00970	0.01115	0.01188	0.00718	0.00757	0.04265	0.01592	0.02123	0.04154	0.68755	0.04939	0.02355	0.00979	0.00311	0.00470	0.02130	0.00723	0.00664
147	0.05577	0.01109	0.01139	0.00988	0.01310	0.01146	0.00777	0.15121	0.02032	0.03312	0.02239	0.02507	0.01733	0.00878	0.00590	0.00190	0.00491	0.00685	0.52086	0.06088

[dist]
# distance from previous block
# <min> <max>
0	6

# created by:
# /st0/software/busco_prod/Augustus/scripts/msa2prfl.pl ./align_prep/101232.fa
