[name]
unknown

[dist]
# distance from previous block
# <min> <max>
11	33

[block]
# block no. 0 follows, 25 sequences, length 8
# corresponding to MSA columns:
# 37-44
name=unknown_A
#
# <colnr> <probs for GDERKNQSTAVLIFYWHMCP>
#	G	D	E	R	K	N	Q	S	T	A	V	L	I	F	Y	W	H	M	C	P
0	0.01664	0.01219	0.01782	0.18614	0.09883	0.01326	0.01377	0.06046	0.01675	0.06266	0.05572	0.08803	0.01999	0.01365	0.01283	0.14029	0.04993	0.00864	0.07155	0.04085
1	0.05678	0.01039	0.01192	0.01171	0.01371	0.01098	0.00853	0.10927	0.06510	0.02610	0.03112	0.33215	0.03307	0.09323	0.07045	0.00406	0.00691	0.01412	0.08255	0.00785
2	0.01370	0.00930	0.01246	0.10114	0.01798	0.00933	0.00980	0.01696	0.03875	0.08432	0.15681	0.18266	0.10562	0.11528	0.01333	0.00346	0.00603	0.08867	0.00686	0.00754
3	0.06371	0.01580	0.01991	0.13056	0.09044	0.01660	0.01443	0.11801	0.15868	0.10183	0.02117	0.02415	0.01628	0.00888	0.00739	0.00229	0.00748	0.03263	0.00616	0.14359
4	0.02382	0.02712	0.06463	0.05673	0.02392	0.33710	0.01503	0.13958	0.02224	0.02552	0.01817	0.05792	0.03725	0.00997	0.00869	0.00230	0.06229	0.00713	0.05109	0.00952
5	0.13212	0.05634	0.08587	0.34125	0.07897	0.01657	0.01770	0.02006	0.01533	0.02303	0.01682	0.10548	0.01522	0.00950	0.00730	0.00249	0.00871	0.00802	0.00416	0.03507
6	0.01633	0.01455	0.02689	0.04649	0.05360	0.01406	0.26302	0.02062	0.01792	0.07257	0.11783	0.16082	0.02970	0.01236	0.00981	0.00268	0.04318	0.03373	0.00572	0.03814
7	0.02270	0.01580	0.01733	0.05559	0.02066	0.04248	0.01174	0.24308	0.07631	0.11799	0.02645	0.07760	0.05543	0.01072	0.00751	0.00229	0.00695	0.00867	0.11785	0.06285

[dist]
# distance from previous block
# <min> <max>
24	57

[block]
# block no. 1 follows, 25 sequences, length 21
# corresponding to MSA columns:
# 102-122
name=unknown_B
#
# <colnr> <probs for GDERKNQSTAVLIFYWHMCP>
#	G	D	E	R	K	N	Q	S	T	A	V	L	I	F	Y	W	H	M	C	P
0	0.09946	0.04877	0.05978	0.04319	0.01935	0.05473	0.01228	0.11819	0.02072	0.06902	0.18133	0.06868	0.08264	0.01232	0.00945	0.00250	0.07233	0.00965	0.00637	0.00923
1	0.01828	0.01419	0.01645	0.05568	0.04399	0.03672	0.01141	0.17930	0.05665	0.04686	0.10941	0.13003	0.02980	0.09369	0.01174	0.00300	0.00699	0.03953	0.00660	0.08969
2	0.06860	0.01530	0.01648	0.01411	0.01828	0.01648	0.01103	0.24317	0.16998	0.03463	0.06578	0.14220	0.05663	0.03584	0.00901	0.00265	0.00647	0.01053	0.00724	0.05560
3	0.01712	0.01366	0.01679	0.05487	0.01981	0.01394	0.02983	0.17214	0.05856	0.02939	0.06892	0.19435	0.06218	0.03291	0.00964	0.00255	0.03312	0.01138	0.00644	0.15240
4	0.01700	0.01734	0.02385	0.55417	0.10788	0.10896	0.02086	0.02169	0.01658	0.02021	0.01361	0.01963	0.01047	0.00771	0.00764	0.00248	0.01072	0.00664	0.00356	0.00901
5	0.10177	0.04638	0.01940	0.09275	0.02344	0.12994	0.01316	0.20220	0.10753	0.03113	0.01837	0.02156	0.01464	0.04944	0.05283	0.00322	0.00951	0.00680	0.04583	0.01009
6	0.01182	0.00758	0.00942	0.00983	0.01081	0.00783	0.00696	0.01385	0.01386	0.02063	0.02797	0.15660	0.02897	0.22299	0.17587	0.00619	0.00904	0.05074	0.20274	0.00629
7	0.02013	0.01296	0.01356	0.01151	0.01504	0.01394	0.00915	0.24872	0.05773	0.03630	0.02321	0.02519	0.01766	0.00921	0.00639	0.00204	0.00552	0.00722	0.45487	0.00964
8	0.02345	0.01683	0.01847	0.01575	0.02068	0.01866	0.01249	0.13255	0.46162	0.14554	0.02945	0.02695	0.02133	0.01018	0.00785	0.00255	0.00657	0.00833	0.00816	0.01257
9	0.08949	0.05017	0.01848	0.01455	0.01913	0.09287	0.01170	0.24052	0.10438	0.07301	0.10500	0.02521	0.02240	0.00984	0.00724	0.00227	0.00734	0.00760	0.08814	0.01065
10	0.02101	0.02017	0.06195	0.04569	0.02900	0.05478	0.22874	0.15929	0.07516	0.06400	0.02005	0.07987	0.01648	0.00947	0.00881	0.00248	0.03260	0.00886	0.00562	0.05597
11	0.06262	0.04545	0.06866	0.01356	0.04725	0.01183	0.01098	0.05374	0.02048	0.14314	0.28168	0.04242	0.12151	0.03203	0.00900	0.00254	0.00580	0.01077	0.00731	0.00923
12	0.01895	0.01930	0.02363	0.07462	0.32983	0.15090	0.01768	0.02246	0.01799	0.02299	0.05192	0.05762	0.01933	0.05521	0.00981	0.00264	0.00933	0.04018	0.00451	0.05110
13	0.01209	0.01024	0.01558	0.25543	0.02721	0.01092	0.03373	0.01503	0.01519	0.02008	0.03059	0.33021	0.06518	0.06143	0.01071	0.00306	0.00707	0.01419	0.00545	0.05660
14	0.02445	0.02578	0.02255	0.05306	0.09622	0.30855	0.01578	0.16537	0.02301	0.02688	0.04281	0.04673	0.01532	0.00977	0.00955	0.00235	0.08972	0.00700	0.00504	0.01003
15	0.01445	0.00723	0.00723	0.00723	0.00903	0.00723	0.00542	0.01807	0.01626	0.02891	0.02529	0.02891	0.01987	0.00903	0.00542	0.00181	0.00361	0.00723	0.77055	0.00723
16	0.01347	0.00673	0.01010	0.01010	0.01010	0.00673	0.00673	0.01010	0.01010	0.01347	0.01347	0.02357	0.01347	0.02694	0.03030	0.77441	0.00673	0.00673	0.00337	0.00337
17	0.02658	0.02823	0.02432	0.02502	0.15659	0.34926	0.01679	0.19524	0.02452	0.02824	0.01420	0.01641	0.01132	0.00837	0.00816	0.00221	0.04286	0.00599	0.00494	0.01075
18	0.01445	0.00723	0.00723	0.00723	0.00903	0.00723	0.00542	0.01807	0.01626	0.02891	0.02529	0.02891	0.01987	0.00903	0.00542	0.00181	0.00361	0.00723	0.77055	0.00723
19	0.33008	0.01928	0.08363	0.02794	0.29289	0.01830	0.03909	0.05665	0.01673	0.03033	0.01323	0.01627	0.01050	0.00718	0.00653	0.00237	0.00821	0.00578	0.00439	0.01061
20	0.02287	0.02147	0.10839	0.06576	0.03170	0.01949	0.23443	0.18213	0.02247	0.12782	0.01785	0.02029	0.01277	0.00842	0.00963	0.00255	0.06733	0.00768	0.00557	0.01139

[dist]
# distance from previous block
# <min> <max>
0	3

[block]
# block no. 2 follows, 25 sequences, length 138
# corresponding to MSA columns:
# 126-263
name=unknown_C
#
# <colnr> <probs for GDERKNQSTAVLIFYWHMCP>
#	G	D	E	R	K	N	Q	S	T	A	V	L	I	F	Y	W	H	M	C	P
0	0.02311	0.01963	0.02699	0.04906	0.19292	0.07008	0.11436	0.14386	0.11517	0.10203	0.01943	0.02105	0.01449	0.00816	0.00782	0.00235	0.00919	0.00738	0.00582	0.04711
1	0.02422	0.04187	0.01968	0.03943	0.06495	0.01635	0.01287	0.07965	0.25760	0.23561	0.05164	0.02605	0.02085	0.00953	0.00762	0.00236	0.00675	0.00788	0.00762	0.06747
2	0.01710	0.04696	0.05015	0.01610	0.02332	0.01366	0.12863	0.04134	0.01714	0.02562	0.01417	0.01691	0.01146	0.00611	0.00647	0.00153	0.00752	0.00554	0.00446	0.54579
3	0.02456	0.01301	0.01608	0.01368	0.01793	0.01277	0.01074	0.11411	0.11157	0.31303	0.07068	0.19038	0.02975	0.01350	0.00838	0.00260	0.00613	0.01153	0.00849	0.01110
4	0.01128	0.00752	0.00846	0.00846	0.00846	0.00752	0.00470	0.01128	0.01128	0.01503	0.02443	0.05074	0.02819	0.72751	0.03946	0.00752	0.00752	0.01128	0.00470	0.00470
5	0.01128	0.00752	0.00846	0.00846	0.00846	0.00752	0.00470	0.01128	0.01128	0.01503	0.02443	0.05074	0.02819	0.72751	0.03946	0.00752	0.00752	0.01128	0.00470	0.00470
6	0.01445	0.00723	0.00723	0.00723	0.00903	0.00723	0.00542	0.01807	0.01626	0.02891	0.02529	0.02891	0.01987	0.00903	0.00542	0.00181	0.00361	0.00723	0.77055	0.00723
7	0.01915	0.05876	0.01876	0.01612	0.06718	0.04110	0.01205	0.16048	0.02198	0.05761	0.08879	0.08610	0.04984	0.01189	0.00785	0.00226	0.00695	0.08970	0.00637	0.17705
8	0.02752	0.06082	0.02127	0.01555	0.02094	0.01973	0.01269	0.39102	0.05261	0.17262	0.02176	0.02400	0.01638	0.09389	0.01134	0.00292	0.00791	0.00755	0.00751	0.01196
9	0.01445	0.00723	0.00723	0.00723	0.00903	0.00723	0.00542	0.01807	0.01626	0.02891	0.02529	0.02891	0.01987	0.00903	0.00542	0.00181	0.00361	0.00723	0.77055	0.00723
10	0.02056	0.02365	0.06843	0.03512	0.36627	0.18283	0.08561	0.02475	0.01849	0.02328	0.01606	0.06887	0.01435	0.00842	0.00780	0.00233	0.01057	0.00770	0.00409	0.01081
11	0.01672	0.00989	0.01236	0.01095	0.01379	0.00930	0.00835	0.05451	0.04016	0.15811	0.36250	0.07970	0.10693	0.06839	0.01108	0.00286	0.00493	0.01262	0.00821	0.00863
12	0.01018	0.00789	0.00927	0.00893	0.01110	0.00698	0.00669	0.01310	0.02008	0.02667	0.41500	0.06520	0.33597	0.01750	0.00915	0.00252	0.00378	0.01504	0.00795	0.00698
13	0.01830	0.02092	0.04575	0.03268	0.04052	0.01961	0.65098	0.02484	0.01830	0.02484	0.01569	0.02092	0.01176	0.00654	0.00915	0.00261	0.01307	0.00915	0.00392	0.01046
14	0.01688	0.01426	0.01651	0.01187	0.01872	0.01116	0.00952	0.05762	0.01730	0.02668	0.01407	0.01623	0.01159	0.00596	0.00586	0.00122	0.00591	0.00474	0.00478	0.72912
15	0.01560	0.01327	0.01557	0.01143	0.01786	0.01004	0.00904	0.01889	0.01599	0.02487	0.01588	0.06724	0.01437	0.00709	0.00604	0.00129	0.00565	0.00586	0.00478	0.71924
16	0.01954	0.26461	0.29518	0.01786	0.02566	0.11950	0.01943	0.05523	0.01798	0.02281	0.03472	0.01679	0.01252	0.00971	0.03542	0.00254	0.01077	0.00554	0.00382	0.01037
17	0.01716	0.16918	0.50668	0.02027	0.02997	0.04950	0.02463	0.02430	0.01628	0.02286	0.01307	0.01556	0.00987	0.00754	0.00774	0.00233	0.04337	0.00545	0.00332	0.01093
18	0.36657	0.06794	0.05284	0.11879	0.13408	0.06742	0.01481	0.02388	0.01563	0.05594	0.01294	0.01573	0.01008	0.00736	0.00613	0.00233	0.00819	0.00532	0.00441	0.00959
19	0.02401	0.01417	0.01665	0.01410	0.01879	0.01455	0.01127	0.07181	0.27701	0.27111	0.08240	0.03464	0.07299	0.01150	0.00812	0.00254	0.00613	0.02799	0.00848	0.01172
20	0.02694	0.02221	0.02173	0.01758	0.02309	0.09895	0.01417	0.43409	0.18764	0.04149	0.02101	0.02060	0.01537	0.00945	0.00770	0.00236	0.00857	0.00719	0.00736	0.01249
21	0.01104	0.00814	0.01177	0.01184	0.01299	0.00926	0.00890	0.01337	0.01238	0.01765	0.02209	0.05893	0.02180	0.15064	0.57929	0.01142	0.01831	0.00923	0.00434	0.00659
22	0.01128	0.00752	0.00846	0.00846	0.00846	0.00752	0.00470	0.01128	0.01128	0.01503	0.02443	0.05074	0.02819	0.72751	0.03946	0.00752	0.00752	0.01128	0.00470	0.00470
23	0.02001	0.17648	0.09857	0.04755	0.20343	0.09431	0.11797	0.05158	0.04341	0.02386	0.01548	0.04478	0.01314	0.00789	0.00732	0.00225	0.01006	0.00700	0.00414	0.01075
24	0.00916	0.00785	0.00785	0.00785	0.01047	0.00655	0.00589	0.01113	0.01767	0.02095	0.07855	0.07462	0.67599	0.01964	0.00916	0.00262	0.00393	0.01636	0.00720	0.00655
25	0.01157	0.00827	0.01144	0.01323	0.01461	0.00813	0.01090	0.01447	0.01694	0.02217	0.04156	0.27916	0.04663	0.02229	0.01046	0.00344	0.00634	0.44434	0.00716	0.00689
26	0.02228	0.48977	0.08801	0.01674	0.04980	0.15591	0.01522	0.02530	0.01728	0.04078	0.01207	0.01379	0.01035	0.00706	0.00576	0.00184	0.00962	0.00467	0.00367	0.01009
27	0.01508	0.00783	0.00790	0.00767	0.00966	0.00793	0.00581	0.04462	0.01710	0.02974	0.02501	0.02848	0.01959	0.00904	0.00552	0.00183	0.00382	0.00722	0.73867	0.00748
28	0.01942	0.54194	0.19742	0.01549	0.02323	0.02725	0.01698	0.02409	0.03560	0.02021	0.01217	0.01390	0.01034	0.00693	0.00565	0.00188	0.00900	0.00467	0.00345	0.01039
29	0.01451	0.04495	0.05320	0.02064	0.06269	0.01417	0.21096	0.01881	0.01553	0.02180	0.02258	0.02853	0.06336	0.02855	0.28611	0.00647	0.01438	0.00871	0.05540	0.00866
30	0.02142	0.01844	0.01921	0.01749	0.04539	0.04885	0.01323	0.14388	0.50724	0.03438	0.02790	0.02618	0.02089	0.01007	0.00782	0.00254	0.00699	0.00823	0.00755	0.01229
31	0.01117	0.00747	0.00849	0.00859	0.00861	0.00745	0.00484	0.01125	0.01147	0.01530	0.02544	0.08785	0.02946	0.68866	0.03783	0.00728	0.00735	0.01187	0.00484	0.00479
32	0.02841	0.01650	0.01920	0.01547	0.02100	0.01719	0.01254	0.19667	0.23401	0.31046	0.02783	0.02522	0.01910	0.00982	0.00782	0.00246	0.00694	0.00790	0.00857	0.01289
33	0.00970	0.00694	0.00922	0.01062	0.01130	0.00647	0.00722	0.01143	0.01602	0.02167	0.14766	0.61218	0.05491	0.02289	0.00977	0.00303	0.00436	0.02071	0.00742	0.00647
34	0.02073	0.73217	0.04063	0.01327	0.01990	0.03068	0.01327	0.02322	0.01575	0.01824	0.01078	0.01244	0.00995	0.00663	0.00498	0.00166	0.00829	0.00415	0.00332	0.00995
35	0.01660	0.01406	0.01512	0.01389	0.01762	0.01564	0.01080	0.03278	0.47082	0.03028	0.11484	0.04124	0.12156	0.01289	0.00834	0.00265	0.00558	0.03680	0.00784	0.01067
36	0.01703	0.01808	0.03522	0.15664	0.05949	0.01878	0.36886	0.02222	0.01662	0.02287	0.01543	0.04597	0.01274	0.00839	0.01101	0.00266	0.11049	0.00858	0.00391	0.04503
37	0.01827	0.01877	0.06091	0.15127	0.52897	0.01825	0.04398	0.02323	0.01727	0.02440	0.01446	0.01935	0.01184	0.00705	0.00772	0.00236	0.00962	0.00692	0.00375	0.01160
38	0.00945	0.00675	0.00900	0.01080	0.01125	0.00630	0.00720	0.01080	0.01484	0.01979	0.04274	0.72245	0.05128	0.02429	0.00990	0.00315	0.00450	0.02204	0.00720	0.00630
39	0.01830	0.02092	0.04575	0.03268	0.04052	0.01961	0.65098	0.02484	0.01830	0.02484	0.01569	0.02092	0.01176	0.00654	0.00915	0.00261	0.01307	0.00915	0.00392	0.01046
40	0.06010	0.01693	0.02746	0.21918	0.38573	0.01818	0.04792	0.02435	0.07760	0.02502	0.01580	0.02021	0.01259	0.00747	0.00762	0.00243	0.00921	0.00702	0.00417	0.01101
41	0.01597	0.01491	0.02400	0.51433	0.15713	0.01767	0.02084	0.02299	0.09164	0.02223	0.01599	0.02138	0.01223	0.00793	0.00775	0.00254	0.00965	0.00711	0.00403	0.00967
42	0.01109	0.00827	0.01226	0.01226	0.01358	0.00958	0.00945	0.01372	0.01240	0.01785	0.02095	0.03146	0.01982	0.09112	0.66440	0.01222	0.02012	0.00845	0.00418	0.00681
43	0.00980	0.00723	0.00923	0.01044	0.01151	0.00665	0.00738	0.01169	0.01638	0.02159	0.12450	0.48995	0.15627	0.02230	0.00974	0.00301	0.00449	0.06396	0.00735	0.00652
44	0.01746	0.05093	0.20833	0.02779	0.08553	0.02037	0.27864	0.02331	0.01628	0.02325	0.01378	0.01843	0.01089	0.00828	0.01187	0.00268	0.16076	0.00738	0.00361	0.01043
45	0.00945	0.00675	0.00900	0.01080	0.01125	0.00630	0.00720	0.01080	0.01484	0.01979	0.04274	0.72245	0.05128	0.02429	0.00990	0.00315	0.00450	0.02204	0.00720	0.00630
46	0.01830	0.02092	0.04575	0.03268	0.04052	0.01961	0.65098	0.02484	0.01830	0.02484	0.01569	0.02092	0.01176	0.00654	0.00915	0.00261	0.01307	0.00915	0.00392	0.01046
47	0.01464	0.01378	0.02326	0.70887	0.05340	0.01723	0.02153	0.01981	0.01550	0.01981	0.01378	0.02067	0.01034	0.00775	0.00775	0.00258	0.01034	0.00689	0.00345	0.00861
48	0.02559	0.01838	0.02000	0.01602	0.02118	0.02011	0.01297	0.45849	0.09399	0.06912	0.05043	0.07440	0.02020	0.01081	0.00786	0.00240	0.00744	0.00862	0.04998	0.01201
49	0.00951	0.00680	0.00905	0.01075	0.01126	0.00634	0.00720	0.01095	0.01513	0.02025	0.06847	0.69540	0.05217	0.02395	0.00987	0.00312	0.00446	0.02172	0.00725	0.00634
50	0.01696	0.01696	0.02375	0.02036	0.02036	0.02375	0.01696	0.01866	0.01187	0.01866	0.01018	0.01696	0.01018	0.01357	0.02545	0.00339	0.71332	0.00679	0.00339	0.00848
51	0.01608	0.01378	0.01608	0.01148	0.01837	0.01034	0.00919	0.01952	0.01608	0.02527	0.01378	0.01608	0.01148	0.00574	0.00574	0.00115	0.00574	0.00459	0.00459	0.77491
52	0.02073	0.73217	0.04063	0.01327	0.01990	0.03068	0.01327	0.02322	0.01575	0.01824	0.01078	0.01244	0.00995	0.00663	0.00498	0.00166	0.00829	0.00415	0.00332	0.00995
53	0.02842	0.03605	0.02205	0.01999	0.02381	0.66595	0.01507	0.03040	0.02152	0.01896	0.01190	0.01412	0.01000	0.00824	0.00783	0.00206	0.04563	0.00507	0.00397	0.00897
54	0.01126	0.00758	0.00876	0.00876	0.00886	0.00768	0.00508	0.01147	0.01137	0.01526	0.02415	0.04921	0.02752	0.67693	0.08914	0.00789	0.00852	0.01105	0.00466	0.00487
55	0.12161	0.02015	0.02097	0.01659	0.02236	0.02253	0.01359	0.48697	0.12387	0.04475	0.01950	0.01935	0.01410	0.00922	0.00741	0.00238	0.00787	0.00689	0.00741	0.01246
56	0.01741	0.01942	0.04144	0.03014	0.03699	0.01849	0.56636	0.02327	0.01774	0.02413	0.01807	0.08771	0.01548	0.00849	0.00982	0.00269	0.03786	0.01029	0.00421	0.00999
57	0.01881	0.01803	0.03078	0.10330	0.62642	0.01832	0.02361	0.02346	0.01747	0.02487	0.01452	0.01931	0.01212	0.00698	0.00768	0.00233	0.00931	0.00691	0.00380	0.01197
58	0.02751	0.02074	0.02216	0.01744	0.02330	0.02313	0.01426	0.53518	0.15776	0.04570	0.02111	0.02061	0.01521	0.00954	0.00778	0.00239	0.00807	0.00733	0.00778	0.01301
59	0.01660	0.01399	0.04875	0.01670	0.02136	0.01211	0.15755	0.05151	0.02065	0.09436	0.29188	0.06676	0.04056	0.01200	0.00864	0.00242	0.00702	0.03107	0.00686	0.07921
60	0.01805	0.02029	0.10621	0.13145	0.34944	0.01846	0.08805	0.02605	0.11482	0.02548	0.01707	0.02072	0.01338	0.00759	0.00784	0.00244	0.00957	0.00728	0.00434	0.01148
61	0.01555	0.04011	0.68733	0.02210	0.03356	0.01801	0.02865	0.02455	0.01637	0.02455	0.01391	0.01637	0.00982	0.00737	0.00737	0.00246	0.01146	0.00573	0.00327	0.01146
62	0.01776	0.01994	0.04292	0.08462	0.04067	0.01903	0.58315	0.02403	0.01798	0.02430	0.01633	0.04147	0.01281	0.00715	0.00906	0.00263	0.01261	0.00935	0.00398	0.01019
63	0.07842	0.03606	0.57172	0.02348	0.09157	0.01800	0.02655	0.02434	0.01623	0.02546	0.01372	0.01632	0.00993	0.00731	0.00719	0.00244	0.01081	0.00571	0.00345	0.01129
64	0.01137	0.00859	0.01241	0.01226	0.01338	0.01002	0.00932	0.01370	0.01227	0.01761	0.02080	0.03269	0.02020	0.15003	0.57420	0.01136	0.05025	0.00865	0.00420	0.00668
65	0.02947	0.02172	0.02327	0.01784	0.02404	0.02404	0.01474	0.65329	0.03646	0.04887	0.01862	0.01862	0.01319	0.00931	0.00776	0.00233	0.00853	0.00698	0.00776	0.01319
66	0.01724	0.03774	0.62851	0.02137	0.03235	0.01743	0.02713	0.02572	0.01688	0.08255	0.01538	0.01725	0.01065	0.00756	0.00740	0.00245	0.01103	0.00591	0.00383	0.01161
67	0.02163	0.02218	0.14389	0.02045	0.08611	0.01983	0.01720	0.30201	0.06385	0.03470	0.02171	0.02341	0.05796	0.01349	0.06098	0.00323	0.06242	0.00757	0.00593	0.01146
68	0.01803	0.02045	0.04452	0.03193	0.03953	0.01924	0.62723	0.02443	0.01808	0.02458	0.01587	0.02127	0.01205	0.00845	0.03462	0.00298	0.01336	0.00912	0.00393	0.01033
69	0.02886	0.02141	0.02292	0.01772	0.02381	0.02376	0.01459	0.61649	0.07425	0.04788	0.01939	0.01924	0.01382	0.00938	0.00776	0.00235	0.00839	0.00709	0.00776	0.01313
70	0.03461	0.01348	0.01817	0.01393	0.01994	0.01182	0.01151	0.05850	0.02267	0.66312	0.03019	0.02613	0.01899	0.00959	0.00780	0.00240	0.00666	0.00777	0.00953	0.01320
71	0.01064	0.00782	0.01021	0.01149	0.01218	0.00778	0.00792	0.04017	0.01571	0.02106	0.04038	0.66325	0.04796	0.02320	0.01040	0.00312	0.03216	0.02077	0.00708	0.00669
72	0.01081	0.00792	0.01013	0.00958	0.01148	0.00724	0.00718	0.01431	0.02155	0.03015	0.61971	0.05947	0.12909	0.01620	0.00915	0.00246	0.00368	0.01424	0.00841	0.00724
73	0.02900	0.03602	0.02205	0.01984	0.02397	0.65525	0.01497	0.06903	0.02286	0.02080	0.01239	0.01427	0.01018	0.00807	0.00704	0.00202	0.01365	0.00512	0.00423	0.00925
74	0.01868	0.01791	0.03056	0.12128	0.60942	0.01829	0.02354	0.02335	0.01742	0.02472	0.01450	0.01936	0.01206	0.00700	0.00768	0.00233	0.00934	0.00691	0.00379	0.01187
75	0.03479	0.01320	0.01799	0.01380	0.01979	0.01140	0.01140	0.03779	0.02219	0.68451	0.03059	0.02639	0.01919	0.00960	0.00780	0.00240	0.00660	0.00780	0.00960	0.01320
76	0.01109	0.00827	0.01226	0.01226	0.01358	0.00958	0.00945	0.01372	0.01240	0.01785	0.02095	0.03146	0.01982	0.09112	0.66440	0.01222	0.02012	0.00845	0.00418	0.00681
77	0.01752	0.01866	0.07167	0.38751	0.16788	0.06096	0.02101	0.04998	0.05919	0.02319	0.01506	0.01996	0.01164	0.00804	0.00833	0.00250	0.03611	0.00681	0.00401	0.00998
78	0.01929	0.01666	0.01753	0.01578	0.02016	0.01929	0.01227	0.04120	0.66513	0.03243	0.03156	0.02893	0.02367	0.01052	0.00789	0.00263	0.00614	0.00877	0.00789	0.01227
79	0.00945	0.00675	0.00900	0.01080	0.01125	0.00630	0.00720	0.01080	0.01484	0.01979	0.04274	0.72245	0.05128	0.02429	0.00990	0.00315	0.00450	0.02204	0.00720	0.00630
80	0.01263	0.01179	0.02195	0.04171	0.02260	0.01118	0.22608	0.01586	0.01604	0.02150	0.03258	0.46084	0.03650	0.01771	0.00957	0.00295	0.00760	0.01716	0.00596	0.00779
81	0.01919	0.01842	0.03147	0.04759	0.67914	0.01842	0.02380	0.02380	0.01765	0.02533	0.01458	0.01919	0.01228	0.00691	0.00768	0.00230	0.00921	0.00691	0.00384	0.01228
82	0.01608	0.01378	0.01608	0.01148	0.01837	0.01034	0.00919	0.01952	0.01608	0.02527	0.01378	0.01608	0.01148	0.00574	0.00574	0.00115	0.00574	0.00459	0.00459	0.77491
83	0.00959	0.00686	0.00913	0.01070	0.01128	0.00639	0.00721	0.01116	0.01552	0.02087	0.10307	0.65904	0.05337	0.02349	0.00982	0.00308	0.00442	0.02128	0.00733	0.00639
84	0.02779	0.02082	0.02234	0.01733	0.02338	0.02291	0.01422	0.56006	0.10121	0.04606	0.01974	0.01958	0.01420	0.00927	0.00768	0.00230	0.00815	0.00706	0.00762	0.04826
85	0.01464	0.01378	0.02326	0.70887	0.05340	0.01723	0.02153	0.01981	0.01550	0.01981	0.01378	0.02067	0.01034	0.00775	0.00775	0.00258	0.01034	0.00689	0.00345	0.00861
86	0.60716	0.01504	0.01323	0.01126	0.01635	0.01669	0.00928	0.06030	0.01609	0.15163	0.01476	0.01539	0.01059	0.00774	0.00550	0.00240	0.00625	0.00500	0.00582	0.00952
87	0.00986	0.00707	0.00937	0.01051	0.01134	0.00658	0.00723	0.01184	0.01678	0.02287	0.21514	0.54126	0.05725	0.02199	0.00969	0.00296	0.00427	0.01986	0.00756	0.00658
88	0.01108	0.00831	0.01246	0.01246	0.01385	0.00969	0.00969	0.01385	0.01246	0.01800	0.02077	0.03046	0.01938	0.05815	0.69678	0.01246	0.02077	0.00831	0.00415	0.00692
89	0.01220	0.00871	0.01215	0.01394	0.01559	0.00867	0.01198	0.01555	0.01756	0.02287	0.04122	0.14961	0.04527	0.02170	0.01063	0.00353	0.00688	0.56775	0.00715	0.00706
90	0.00945	0.00675	0.00900	0.01080	0.01125	0.00630	0.00720	0.01080	0.01484	0.01979	0.04274	0.72245	0.05128	0.02429	0.00990	0.00315	0.00450	0.02204	0.00720	0.00630
91	0.01621	0.03563	0.54022	0.02509	0.05991	0.01833	0.14649	0.02458	0.01679	0.02464	0.01428	0.01734	0.01029	0.00719	0.00772	0.00248	0.01168	0.00642	0.00342	0.01130
92	0.00945	0.00675	0.00900	0.01080	0.01125	0.00630	0.00720	0.01080	0.01484	0.01979	0.04274	0.72245	0.05128	0.02429	0.00990	0.00315	0.00450	0.02204	0.00720	0.00630
93	0.06317	0.02610	0.25557	0.12140	0.11005	0.04505	0.15409	0.02345	0.01640	0.02388	0.01372	0.01798	0.01054	0.00780	0.00938	0.00256	0.07812	0.00672	0.00363	0.01039
94	0.78228	0.01499	0.01140	0.01020	0.01499	0.01739	0.00840	0.02279	0.01320	0.03479	0.01080	0.01260	0.00840	0.00720	0.00480	0.00240	0.00600	0.00420	0.00480	0.00840
95	0.01165	0.00846	0.01135	0.01231	0.01413	0.00816	0.01026	0.01501	0.01884	0.02505	0.22007	0.10469	0.10838	0.01984	0.01011	0.00316	0.00578	0.37811	0.00753	0.00710
96	0.04650	0.01908	0.09148	0.19200	0.07721	0.06839	0.03368	0.04175	0.01621	0.02263	0.03981	0.07795	0.01619	0.01074	0.01216	0.00269	0.18541	0.00801	0.00423	0.03388
97	0.00940	0.00719	0.00864	0.00969	0.01098	0.00643	0.00673	0.01107	0.01615	0.02065	0.08024	0.46168	0.27875	0.02228	0.00960	0.00293	0.00426	0.01967	0.00725	0.00643
98	0.01740	0.09668	0.50433	0.02335	0.07175	0.01895	0.07764	0.02507	0.01684	0.05658	0.01465	0.01707	0.01061	0.00732	0.00734	0.00239	0.01094	0.00605	0.00368	0.01138
99	0.07108	0.03829	0.63838	0.02124	0.03221	0.01796	0.02718	0.02443	0.01614	0.02530	0.01369	0.01610	0.00972	0.00735	0.00718	0.00245	0.01106	0.00562	0.00338	0.01124
100	0.68103	0.06845	0.05415	0.01113	0.01647	0.01839	0.00997	0.02293	0.01357	0.03297	0.01098	0.01281	0.00860	0.00717	0.00497	0.00235	0.00649	0.00429	0.00460	0.00869
101	0.01945	0.01664	0.01765	0.01555	0.02018	0.01882	0.01214	0.06336	0.59375	0.03255	0.02977	0.02760	0.02238	0.01013	0.00773	0.00251	0.00620	0.00839	0.00765	0.06754
102	0.15267	0.60792	0.03557	0.01274	0.01905	0.02838	0.01242	0.02314	0.01531	0.02111	0.01078	0.01247	0.00968	0.00673	0.00494	0.00179	0.00789	0.00416	0.00357	0.00968
103	0.02854	0.01737	0.01968	0.01527	0.02096	0.01801	0.01254	0.38335	0.02944	0.22544	0.02505	0.02402	0.04531	0.00972	0.00760	0.00228	0.00733	0.00758	0.06340	0.03714
104	0.31654	0.01695	0.07923	0.01347	0.01838	0.01648	0.01182	0.02819	0.19722	0.08467	0.09904	0.02427	0.02158	0.00959	0.00735	0.00251	0.02918	0.00719	0.00631	0.01003
105	0.03002	0.01208	0.01640	0.01308	0.01816	0.01052	0.01059	0.03298	0.02163	0.55587	0.11086	0.08069	0.02817	0.01143	0.00812	0.00246	0.00608	0.00960	0.00929	0.01197
106	0.02139	0.60932	0.07816	0.01442	0.02121	0.05725	0.01439	0.06926	0.01755	0.02088	0.01159	0.01319	0.01018	0.00693	0.00541	0.00177	0.00874	0.00448	0.00366	0.01024
107	0.02160	0.01682	0.02021	0.01539	0.02147	0.01624	0.04994	0.26199	0.05175	0.05632	0.01916	0.06939	0.01581	0.00882	0.00718	0.00194	0.00720	0.00733	0.00625	0.32519
108	0.02106	0.06946	0.22155	0.01969	0.02614	0.07276	0.07056	0.09210	0.06911	0.10103	0.01804	0.04608	0.01415	0.00957	0.01021	0.00254	0.11272	0.00724	0.00510	0.01089
109	0.01121	0.00791	0.00950	0.00970	0.00980	0.00822	0.00599	0.01161	0.01211	0.01632	0.02767	0.19888	0.03227	0.52737	0.03201	0.00629	0.04927	0.01341	0.00518	0.00528
110	0.00945	0.00675	0.00900	0.01080	0.01125	0.00630	0.00720	0.01080	0.01484	0.01979	0.04274	0.72245	0.05128	0.02429	0.00990	0.00315	0.00450	0.02204	0.00720	0.00630
111	0.01170	0.00893	0.01351	0.01422	0.01592	0.00865	0.05663	0.01460	0.01669	0.02196	0.03989	0.33554	0.04490	0.02149	0.01027	0.00333	0.00652	0.34129	0.00693	0.00704
112	0.01624	0.08637	0.53166	0.02381	0.08891	0.01867	0.05075	0.02407	0.01657	0.02412	0.01487	0.01927	0.01147	0.00779	0.00742	0.00243	0.01093	0.02993	0.00350	0.01122
113	0.00984	0.00722	0.00924	0.01012	0.01124	0.00662	0.00706	0.01193	0.01722	0.02315	0.22689	0.45101	0.13725	0.02130	0.00959	0.00288	0.00419	0.01904	0.00758	0.00662
114	0.01227	0.00877	0.01224	0.01403	0.01572	0.00873	0.01211	0.01568	0.01763	0.02296	0.04117	0.13345	0.04511	0.02163	0.01065	0.00354	0.00695	0.58314	0.00714	0.00708
115	0.01555	0.04011	0.68733	0.02210	0.03356	0.01801	0.02865	0.02455	0.01637	0.02455	0.01391	0.01637	0.00982	0.00737	0.00737	0.00246	0.01146	0.00573	0.00327	0.01146
116	0.00981	0.00820	0.00859	0.00856	0.01106	0.00719	0.00639	0.01280	0.04777	0.02230	0.12645	0.10999	0.55554	0.01916	0.00915	0.00263	0.00404	0.01615	0.00735	0.00686
117	0.02900	0.03585	0.02207	0.01982	0.02398	0.64768	0.01496	0.07603	0.02302	0.02114	0.01247	0.01432	0.01022	0.00809	0.00705	0.00202	0.01359	0.00514	0.00427	0.00929
118	0.01566	0.03936	0.66250	0.02251	0.03383	0.01807	0.05274	0.02457	0.01644	0.02457	0.01398	0.01655	0.00990	0.00733	0.00744	0.00246	0.01152	0.00586	0.00330	0.01142
119	0.02727	0.01518	0.02139	0.13973	0.12519	0.01525	0.01528	0.12565	0.02213	0.34815	0.02321	0.02403	0.01603	0.03537	0.00894	0.00259	0.00797	0.00751	0.00720	0.01195
120	0.00951	0.00679	0.00905	0.01076	0.01126	0.00634	0.00720	0.01095	0.01512	0.02023	0.06739	0.69653	0.05214	0.02396	0.00987	0.00312	0.00447	0.02173	0.00725	0.00634
121	0.02645	0.36091	0.07695	0.01437	0.02099	0.04644	0.01366	0.02960	0.01868	0.29301	0.01920	0.01852	0.01375	0.00796	0.00638	0.00203	0.00803	0.00579	0.00592	0.01136
122	0.04473	0.03594	0.56786	0.02330	0.07141	0.01780	0.05342	0.02501	0.01666	0.05257	0.01461	0.01701	0.01039	0.00739	0.00739	0.00245	0.01099	0.00598	0.00366	0.01143
123	0.02750	0.01469	0.01775	0.01449	0.01967	0.01478	0.01167	0.09577	0.22686	0.36612	0.08056	0.02894	0.02429	0.01035	0.00793	0.00247	0.00640	0.00852	0.00880	0.01244
124	0.01712	0.01809	0.03672	0.22817	0.09156	0.01831	0.39529	0.02271	0.01711	0.02296	0.01496	0.02082	0.01146	0.00775	0.00950	0.03400	0.01173	0.00823	0.00376	0.00977
125	0.02455	0.02020	0.02044	0.01698	0.02218	0.06218	0.01357	0.32184	0.33759	0.03918	0.02443	0.02329	0.01803	0.00981	0.00777	0.00245	0.00771	0.00772	0.00759	0.01249
126	0.01631	0.01550	0.05147	0.07634	0.05028	0.01262	0.11136	0.02046	0.01670	0.04851	0.02023	0.06028	0.05382	0.00816	0.00710	0.00185	0.00752	0.00743	0.00479	0.40928
127	0.04496	0.16552	0.51672	0.02048	0.03065	0.02038	0.05109	0.02426	0.01622	0.02379	0.01330	0.01570	0.00987	0.00719	0.00691	0.00231	0.01074	0.00552	0.00337	0.01103
128	0.01564	0.03949	0.66669	0.02244	0.03378	0.01806	0.04867	0.02456	0.01643	0.02456	0.01397	0.01652	0.00988	0.00734	0.00742	0.00246	0.01151	0.00584	0.00329	0.01143
129	0.02560	0.01206	0.01566	0.01278	0.01730	0.01115	0.01026	0.05429	0.07171	0.39609	0.24134	0.03661	0.03698	0.01170	0.00824	0.00243	0.00567	0.00988	0.00905	0.01120
130	0.02623	0.15233	0.07553	0.01771	0.02341	0.28577	0.01521	0.20811	0.02450	0.05372	0.01673	0.01769	0.03300	0.00853	0.00699	0.00210	0.01061	0.00595	0.00523	0.01064
131	0.02220	0.14546	0.05680	0.02977	0.30999	0.01890	0.04176	0.05432	0.01900	0.14867	0.01899	0.02413	0.01539	0.00851	0.00748	0.00232	0.00861	0.05087	0.00522	0.01161
132	0.00926	0.00786	0.00799	0.00796	0.01053	0.00659	0.00597	0.01132	0.01791	0.02151	0.11150	0.07370	0.64269	0.01943	0.00916	0.00261	0.00391	0.01623	0.00727	0.00659
133	0.62727	0.05424	0.01365	0.01081	0.01546	0.01744	0.00892	0.04928	0.01441	0.05480	0.01199	0.01410	0.00942	0.00877	0.00688	0.05827	0.00631	0.00462	0.00490	0.00848
134	0.04621	0.01696	0.03177	0.20099	0.05686	0.01789	0.29610	0.02295	0.01681	0.07266	0.01717	0.06268	0.01406	0.00890	0.01019	0.00268	0.08225	0.00875	0.00440	0.00972
135	0.02321	0.31198	0.06464	0.01466	0.02043	0.02287	0.01343	0.16781	0.04193	0.11408	0.01746	0.01991	0.01399	0.06034	0.00948	0.00248	0.03413	0.00622	0.03019	0.01075
136	0.01481	0.01195	0.01374	0.01292	0.01591	0.01284	0.01009	0.02658	0.30927	0.03044	0.29378	0.04892	0.06738	0.01424	0.00877	0.00266	0.00518	0.08301	0.00804	0.00949
137	0.01739	0.01692	0.02977	0.29520	0.38104	0.01809	0.08425	0.02240	0.01691	0.02320	0.01439	0.01992	0.01150	0.00719	0.00785	0.00244	0.01001	0.00712	0.00370	0.01072

[dist]
# distance from previous block
# <min> <max>
0	10

[block]
# block no. 3 follows, 25 sequences, length 47
# corresponding to MSA columns:
# 274-320
name=unknown_D
#
# <colnr> <probs for GDERKNQSTAVLIFYWHMCP>
#	G	D	E	R	K	N	Q	S	T	A	V	L	I	F	Y	W	H	M	C	P
0	0.48272	0.02158	0.20897	0.01365	0.02001	0.01656	0.01418	0.02226	0.01434	0.03048	0.04095	0.01628	0.01192	0.00869	0.00712	0.04412	0.00753	0.00521	0.00444	0.00897
1	0.01899	0.01800	0.02948	0.07483	0.57377	0.01847	0.02236	0.02562	0.09235	0.02589	0.01651	0.02038	0.01351	0.00737	0.00770	0.00235	0.00891	0.00712	0.00429	0.01211
2	0.00975	0.00723	0.01024	0.01154	0.01224	0.00675	0.02902	0.01127	0.01496	0.01996	0.04182	0.69867	0.04994	0.02369	0.00987	0.00313	0.00479	0.02161	0.00709	0.00644
3	0.02480	0.02079	0.13018	0.02709	0.24618	0.05021	0.01863	0.03085	0.07383	0.26609	0.02162	0.02192	0.01525	0.00832	0.00765	0.00237	0.00860	0.00710	0.00620	0.01232
4	0.06288	0.43388	0.07477	0.01481	0.02075	0.16293	0.01388	0.02463	0.01755	0.03868	0.06012	0.01671	0.01472	0.00774	0.00591	0.00190	0.00915	0.00524	0.00408	0.00966
5	0.00945	0.00675	0.00900	0.01080	0.01125	0.00630	0.00720	0.01080	0.01484	0.01979	0.04274	0.72245	0.05128	0.02429	0.00990	0.00315	0.00450	0.02204	0.00720	0.00630
6	0.01856	0.01603	0.01684	0.01521	0.01947	0.01838	0.01182	0.03905	0.61886	0.03161	0.03492	0.03219	0.07029	0.01117	0.00798	0.00263	0.00598	0.00931	0.00784	0.01186
7	0.09665	0.03187	0.47663	0.02159	0.08225	0.01683	0.02362	0.02429	0.01687	0.06182	0.06347	0.01982	0.01507	0.00806	0.00728	0.00243	0.00986	0.00639	0.00421	0.01099
8	0.01671	0.02109	0.12641	0.17445	0.07468	0.01830	0.34399	0.02277	0.01702	0.02330	0.01612	0.05460	0.01311	0.00804	0.00911	0.00262	0.03514	0.00863	0.00387	0.01003
9	0.01034	0.00835	0.00937	0.00965	0.01207	0.00750	0.00764	0.01339	0.03705	0.02268	0.12215	0.07458	0.46622	0.01942	0.00946	0.00281	0.00467	0.14842	0.00733	0.00691
10	0.02358	0.43467	0.06635	0.01625	0.02213	0.28134	0.01469	0.02621	0.01813	0.01884	0.01139	0.01322	0.00996	0.00718	0.00586	0.00183	0.01060	0.00455	0.00357	0.00966
11	0.02800	0.05425	0.02059	0.01715	0.06746	0.01645	0.01297	0.09942	0.20420	0.35310	0.02743	0.02505	0.01885	0.00948	0.00766	0.00241	0.00694	0.00773	0.00818	0.01269
12	0.03179	0.01658	0.01994	0.01535	0.02130	0.01654	0.01266	0.29382	0.02813	0.39775	0.04686	0.02419	0.01847	0.00968	0.00782	0.00237	0.00731	0.00766	0.00879	0.01300
13	0.00974	0.00687	0.00891	0.01042	0.01080	0.00649	0.00680	0.01087	0.01427	0.01903	0.03980	0.61463	0.04758	0.13717	0.01464	0.00385	0.00498	0.02031	0.00680	0.00604
14	0.01998	0.02049	0.02168	0.20677	0.02978	0.18310	0.01651	0.09621	0.01851	0.02273	0.01580	0.08681	0.01457	0.01118	0.01253	0.00268	0.19934	0.00790	0.00444	0.00898
15	0.01918	0.02044	0.10967	0.09817	0.49442	0.01793	0.04143	0.02434	0.01758	0.06037	0.01533	0.01941	0.01218	0.00717	0.00769	0.00236	0.00955	0.00688	0.00405	0.01187
16	0.75128	0.01601	0.03872	0.01068	0.01575	0.01742	0.00922	0.02286	0.01332	0.03437	0.01092	0.01275	0.00845	0.00720	0.00490	0.00240	0.00622	0.00426	0.00474	0.00852
17	0.01859	0.35108	0.33741	0.01929	0.05886	0.05013	0.02094	0.02416	0.01637	0.02153	0.01246	0.01464	0.01001	0.00704	0.00629	0.00207	0.01002	0.00504	0.00335	0.01072
18	0.00945	0.00675	0.00900	0.01080	0.01125	0.00630	0.00720	0.01080	0.01484	0.01979	0.04274	0.72245	0.05128	0.02429	0.00990	0.00315	0.00450	0.02204	0.00720	0.00630
19	0.04049	0.05492	0.03621	0.02623	0.03213	0.06723	0.41245	0.02355	0.01748	0.04403	0.01775	0.09076	0.01555	0.00920	0.01019	0.00264	0.07553	0.00951	0.00438	0.00975
20	0.02687	0.05513	0.02073	0.06499	0.02333	0.01816	0.01328	0.18527	0.20861	0.26115	0.02570	0.02408	0.01789	0.00950	0.00766	0.00242	0.00729	0.00762	0.00789	0.01243
21	0.03406	0.01336	0.01797	0.01389	0.01981	0.01176	0.01144	0.03795	0.05225	0.65403	0.03063	0.02651	0.01940	0.00964	0.00780	0.00241	0.00658	0.00784	0.00952	0.01315
22	0.01821	0.01736	0.02953	0.14037	0.56726	0.01784	0.02291	0.02278	0.01725	0.02436	0.01544	0.04351	0.01334	0.00762	0.00776	0.00237	0.00921	0.00742	0.00390	0.01155
23	0.02407	0.01990	0.21054	0.01558	0.02225	0.01251	0.01581	0.02895	0.02021	0.34931	0.12982	0.03214	0.02664	0.01065	0.00806	0.00249	0.00757	0.04465	0.00745	0.01139
24	0.00952	0.00687	0.00888	0.01045	0.01104	0.00638	0.00697	0.01085	0.01488	0.01964	0.04458	0.63829	0.09845	0.05956	0.01134	0.00333	0.00461	0.02106	0.00707	0.00624
25	0.00945	0.00675	0.00900	0.01080	0.01125	0.00630	0.00720	0.01080	0.01484	0.01979	0.04274	0.72245	0.05128	0.02429	0.00990	0.00315	0.00450	0.02204	0.00720	0.00630
26	0.05187	0.01502	0.01705	0.01414	0.01908	0.05363	0.01130	0.03529	0.19782	0.37395	0.09994	0.02937	0.02546	0.01036	0.00783	0.00244	0.00656	0.00846	0.00853	0.01189
27	0.01769	0.02199	0.11687	0.11177	0.13668	0.01897	0.41091	0.02407	0.01765	0.02430	0.01509	0.02009	0.01145	0.00683	0.00856	0.00255	0.01199	0.00815	0.00378	0.01064
28	0.01249	0.00892	0.01249	0.01428	0.01606	0.00892	0.01249	0.01606	0.01785	0.02320	0.04105	0.08746	0.04462	0.02142	0.01071	0.00357	0.00714	0.62695	0.00714	0.00714
29	0.01919	0.01842	0.03147	0.04759	0.67914	0.01842	0.02380	0.02380	0.01765	0.02533	0.01458	0.01919	0.01228	0.00691	0.00768	0.00230	0.00921	0.00691	0.00384	0.01228
30	0.01108	0.00831	0.01246	0.01246	0.01385	0.00969	0.00969	0.01385	0.01246	0.01800	0.02077	0.03046	0.01938	0.05815	0.69678	0.01246	0.02077	0.00831	0.00415	0.00692
31	0.01157	0.00838	0.01074	0.01052	0.01097	0.00926	0.00711	0.01258	0.01170	0.01623	0.02233	0.04197	0.02417	0.46347	0.25330	0.00887	0.05671	0.01002	0.00444	0.00567
32	0.02942	0.01385	0.01751	0.01403	0.01936	0.01322	0.01138	0.06963	0.14586	0.46732	0.08751	0.02926	0.02453	0.01031	0.00793	0.00244	0.00635	0.00849	0.00908	0.01249
33	0.02899	0.03620	0.02204	0.01987	0.02397	0.66323	0.01497	0.06165	0.02269	0.02045	0.01231	0.01421	0.01015	0.00805	0.00703	0.00201	0.01371	0.00509	0.00418	0.00920
34	0.00936	0.00773	0.00821	0.00836	0.01066	0.00659	0.00617	0.01140	0.01773	0.02172	0.12753	0.14796	0.55015	0.01984	0.00925	0.00266	0.00397	0.01681	0.00732	0.00659
35	0.01588	0.06146	0.62855	0.02244	0.03352	0.01851	0.06479	0.02453	0.01646	0.02437	0.01392	0.01651	0.00994	0.00729	0.00739	0.00244	0.01145	0.00588	0.00331	0.01135
36	0.01602	0.10315	0.62842	0.02129	0.03231	0.01916	0.02725	0.02443	0.01631	0.02398	0.01363	0.01601	0.00983	0.00730	0.00715	0.00238	0.01117	0.00559	0.00328	0.01132
37	0.01919	0.01842	0.03147	0.04759	0.67914	0.01842	0.02380	0.02380	0.01765	0.02533	0.01458	0.01919	0.01228	0.00691	0.00768	0.00230	0.00921	0.00691	0.00384	0.01228
38	0.01138	0.01079	0.07065	0.01085	0.01354	0.00827	0.00922	0.01552	0.02145	0.03051	0.61618	0.05422	0.06752	0.01510	0.00899	0.00244	0.00435	0.01328	0.00807	0.00768
39	0.02011	0.01872	0.03074	0.04494	0.62081	0.01892	0.02299	0.07985	0.01933	0.02743	0.01494	0.01914	0.01236	0.00712	0.00768	0.00230	0.00915	0.00691	0.00419	0.01236
40	0.01691	0.15499	0.46182	0.01923	0.02868	0.01890	0.04267	0.02379	0.01673	0.05569	0.02001	0.02151	0.06969	0.00842	0.00719	0.00233	0.01005	0.00661	0.00396	0.01081
41	0.01873	0.01795	0.03064	0.11469	0.61565	0.01830	0.02357	0.02339	0.01744	0.02477	0.01450	0.01934	0.01208	0.00699	0.00768	0.00233	0.00933	0.00691	0.00380	0.01191
42	0.01033	0.00749	0.00981	0.01077	0.01146	0.00736	0.00744	0.01146	0.01495	0.01994	0.08669	0.48870	0.11001	0.04651	0.01337	0.07188	0.04059	0.01840	0.00668	0.00619
43	0.09424	0.01925	0.02069	0.04662	0.02332	0.02142	0.01369	0.44148	0.11426	0.07058	0.02014	0.02020	0.01449	0.00921	0.00743	0.00237	0.00782	0.00701	0.03355	0.01224
44	0.10282	0.11657	0.32977	0.02091	0.02933	0.01917	0.14335	0.03925	0.01695	0.02546	0.01605	0.02272	0.01324	0.00840	0.00743	0.00248	0.01031	0.06137	0.00403	0.01039
45	0.09280	0.01287	0.01166	0.01104	0.01278	0.08935	0.00754	0.07182	0.01583	0.02150	0.02714	0.12159	0.07180	0.37288	0.02368	0.00503	0.00758	0.01110	0.00538	0.00665
46	0.08235	0.01047	0.01488	0.01552	0.04485	0.01041	0.05681	0.01783	0.01712	0.05513	0.03527	0.16114	0.05312	0.01757	0.00933	0.00310	0.00684	0.32878	0.05163	0.00785

[dist]
# distance from previous block
# <min> <max>
0	12

# created by:
# /st0/software/busco_prod/Augustus/scripts/msa2prfl.pl ./align_prep/101261.fa
