[name]
unknown

[dist]
# distance from previous block
# <min> <max>
0	18

[block]
# block no. 0 follows, 25 sequences, length 14
# corresponding to MSA columns:
# 40-53
name=unknown_A
#
# <colnr> <probs for GDERKNQSTAVLIFYWHMCP>
#	G	D	E	R	K	N	Q	S	T	A	V	L	I	F	Y	W	H	M	C	P
0	0.01249	0.00892	0.01249	0.01428	0.01606	0.00892	0.01249	0.01606	0.01785	0.02320	0.04105	0.08746	0.04462	0.02142	0.01071	0.00357	0.00714	0.62695	0.00714	0.00714
1	0.01914	0.52017	0.23874	0.01597	0.02408	0.02680	0.01798	0.02363	0.01594	0.02018	0.01174	0.01364	0.00991	0.00686	0.00571	0.00190	0.00926	0.00463	0.00330	0.01041
2	0.01392	0.01285	0.01397	0.01365	0.01545	0.11870	0.01053	0.01656	0.01397	0.01815	0.01937	0.02784	0.01789	0.05019	0.58728	0.01080	0.01969	0.00778	0.00413	0.00725
3	0.03479	0.01320	0.01799	0.01380	0.01979	0.01140	0.01140	0.03779	0.02219	0.68451	0.03059	0.02639	0.01919	0.00960	0.00780	0.00240	0.00660	0.00780	0.00960	0.01320
4	0.01525	0.01295	0.02060	0.07170	0.27770	0.01317	0.01749	0.01933	0.01762	0.02382	0.02896	0.05650	0.02979	0.01487	0.00933	0.00301	0.00815	0.34489	0.00561	0.00924
5	0.01838	0.01746	0.02967	0.11662	0.57983	0.01783	0.02300	0.02299	0.01743	0.02464	0.01579	0.02269	0.01366	0.00771	0.00783	0.00239	0.00923	0.03725	0.00396	0.01164
6	0.02791	0.02054	0.02228	0.01751	0.02331	0.02265	0.01453	0.59455	0.03474	0.04650	0.02068	0.02496	0.01608	0.01042	0.00803	0.00244	0.00840	0.06412	0.00770	0.01263
7	0.00980	0.00694	0.00906	0.01043	0.01095	0.00653	0.00692	0.01119	0.01506	0.02024	0.09684	0.58467	0.05052	0.10590	0.01329	0.00360	0.00478	0.02007	0.00702	0.00620
8	0.08276	0.13614	0.02440	0.01672	0.02235	0.13923	0.01385	0.34370	0.08691	0.03633	0.01685	0.01735	0.01274	0.00861	0.00698	0.00220	0.00902	0.00615	0.00620	0.01152
9	0.00975	0.00698	0.00927	0.01059	0.01131	0.00650	0.00722	0.01157	0.01627	0.02207	0.17005	0.58865	0.05569	0.02259	0.00975	0.00301	0.00433	0.02043	0.00747	0.00650
10	0.01044	0.00756	0.00954	0.01037	0.01132	0.00693	0.00686	0.01170	0.01421	0.01930	0.03623	0.51674	0.04278	0.16978	0.01570	0.00388	0.00524	0.01818	0.00643	0.07681
11	0.02312	0.01856	0.01969	0.01655	0.02162	0.02108	0.01320	0.27147	0.42862	0.03862	0.02669	0.02505	0.01972	0.01006	0.00784	0.00252	0.00704	0.00809	0.00784	0.01262
12	0.01706	0.01440	0.01631	0.01279	0.01862	0.01291	0.01008	0.05329	0.17711	0.02776	0.02024	0.06451	0.01711	0.00827	0.00663	0.00170	0.00589	0.00685	0.00572	0.50275
13	0.02682	0.01984	0.02197	0.01843	0.05252	0.02183	0.01433	0.48197	0.12830	0.06814	0.02187	0.05086	0.01659	0.01004	0.00787	0.00241	0.00796	0.00793	0.00764	0.01271

[dist]
# distance from previous block
# <min> <max>
6	12

[block]
# block no. 1 follows, 25 sequences, length 10
# corresponding to MSA columns:
# 66-75
name=unknown_B
#
# <colnr> <probs for GDERKNQSTAVLIFYWHMCP>
#	G	D	E	R	K	N	Q	S	T	A	V	L	I	F	Y	W	H	M	C	P
0	0.06144	0.01669	0.01749	0.01402	0.01873	0.01827	0.01141	0.41642	0.02877	0.04170	0.02040	0.02166	0.01512	0.00912	0.00685	0.00216	0.00681	0.00692	0.25500	0.01102
1	0.09400	0.01314	0.01594	0.01305	0.01779	0.01281	0.01051	0.07632	0.09641	0.35144	0.17932	0.03228	0.03097	0.01093	0.00785	0.00243	0.00594	0.00899	0.00859	0.01128
2	0.02935	0.02055	0.02238	0.01731	0.02337	0.02248	0.01425	0.55310	0.07504	0.11106	0.02063	0.02005	0.01445	0.00941	0.00777	0.00235	0.00819	0.00718	0.00795	0.01313
3	0.01748	0.00976	0.01343	0.01342	0.01620	0.00924	0.01138	0.02093	0.01955	0.17973	0.14364	0.06823	0.04338	0.01772	0.00977	0.00311	0.00644	0.38008	0.00795	0.00859
4	0.02282	0.01759	0.01891	0.01612	0.02105	0.01982	0.01279	0.18462	0.47036	0.08417	0.02845	0.02632	0.02088	0.01017	0.00785	0.00254	0.00673	0.00828	0.00798	0.01255
5	0.02259	0.01811	0.03207	0.02503	0.05669	0.01870	0.29147	0.06203	0.03893	0.18002	0.01868	0.02145	0.01366	0.00897	0.01195	0.00269	0.15236	0.00813	0.00548	0.01099
6	0.02092	0.02072	0.03830	0.02965	0.08222	0.02078	0.42317	0.17195	0.02218	0.03019	0.01601	0.02005	0.01205	0.00758	0.00956	0.00256	0.04784	0.00836	0.00479	0.01113
7	0.00977	0.00717	0.00917	0.01016	0.01122	0.00657	0.00705	0.01174	0.01688	0.02260	0.19586	0.48129	0.13856	0.02170	0.00962	0.00291	0.00423	0.01941	0.00751	0.00657
8	0.00976	0.00688	0.00891	0.01040	0.01078	0.00650	0.00678	0.01088	0.01424	0.01899	0.03964	0.60905	0.04738	0.14300	0.01489	0.00389	0.00501	0.02022	0.00678	0.00603
9	0.02154	0.01660	0.01842	0.01460	0.02019	0.01674	0.01169	0.24903	0.15564	0.05522	0.04153	0.06047	0.01891	0.00944	0.00729	0.00206	0.00671	0.00765	0.00681	0.25947

[dist]
# distance from previous block
# <min> <max>
1	2

[block]
# block no. 2 follows, 25 sequences, length 42
# corresponding to MSA columns:
# 78-119
name=unknown_C
#
# <colnr> <probs for GDERKNQSTAVLIFYWHMCP>
#	G	D	E	R	K	N	Q	S	T	A	V	L	I	F	Y	W	H	M	C	P
0	0.04743	0.01580	0.01732	0.01431	0.01937	0.06529	0.01149	0.07427	0.15721	0.28598	0.07760	0.02918	0.02331	0.01020	0.00769	0.00234	0.00687	0.03518	0.00784	0.09133
1	0.02004	0.01524	0.01932	0.01594	0.05450	0.01380	0.04446	0.15598	0.02100	0.08495	0.01965	0.09800	0.01706	0.00903	0.00709	0.00187	0.00683	0.00771	0.00591	0.38160
2	0.01528	0.01489	0.02574	0.56390	0.04857	0.01816	0.08927	0.02024	0.01543	0.02024	0.01361	0.02031	0.01047	0.00823	0.00975	0.00267	0.08383	0.00712	0.00349	0.00880
3	0.01884	0.01508	0.01790	0.04100	0.02077	0.01335	0.01099	0.11242	0.01907	0.05730	0.01504	0.01713	0.01196	0.00692	0.00724	0.00155	0.04334	0.00529	0.00517	0.55965
4	0.01730	0.01649	0.02806	0.32228	0.41921	0.01793	0.02286	0.02214	0.01676	0.02304	0.01425	0.01981	0.01147	0.00726	0.00771	0.00242	0.00968	0.00690	0.00367	0.01076
5	0.01608	0.01378	0.01608	0.01148	0.01837	0.01034	0.00919	0.01952	0.01608	0.02527	0.01378	0.01608	0.01148	0.00574	0.00574	0.00115	0.00574	0.00459	0.00459	0.77491
6	0.01128	0.00752	0.00846	0.00846	0.00846	0.00752	0.00470	0.01128	0.01128	0.01503	0.02443	0.05074	0.02819	0.72751	0.03946	0.00752	0.00752	0.01128	0.00470	0.00470
7	0.01464	0.01378	0.02326	0.70887	0.05340	0.01723	0.02153	0.01981	0.01550	0.01981	0.01378	0.02067	0.01034	0.00775	0.00775	0.00258	0.01034	0.00689	0.00345	0.00861
8	0.01090	0.00792	0.01026	0.00968	0.01154	0.00728	0.00726	0.01449	0.02177	0.03067	0.65045	0.05861	0.09802	0.01601	0.00915	0.00245	0.00367	0.01412	0.00848	0.00728
9	0.02087	0.01579	0.01663	0.01458	0.01895	0.03989	0.01142	0.08827	0.39161	0.11896	0.03643	0.05679	0.11185	0.01191	0.00808	0.00257	0.00632	0.00984	0.00785	0.01138
10	0.02902	0.03525	0.02212	0.01974	0.02398	0.62109	0.01495	0.10065	0.02359	0.02232	0.01273	0.01450	0.01035	0.00814	0.00708	0.00203	0.01337	0.00522	0.00442	0.00946
11	0.06558	0.01473	0.01838	0.01425	0.02003	0.01401	0.01173	0.16024	0.02466	0.49445	0.05981	0.02580	0.02022	0.00975	0.00772	0.00239	0.00681	0.00779	0.00896	0.01268
12	0.02046	0.69602	0.07442	0.01373	0.02061	0.03002	0.01407	0.02329	0.01579	0.01857	0.01094	0.01264	0.00994	0.00667	0.00510	0.00170	0.00846	0.00423	0.00331	0.01003
13	0.01464	0.01378	0.02326	0.70887	0.05340	0.01723	0.02153	0.01981	0.01550	0.01981	0.01378	0.02067	0.01034	0.00775	0.00775	0.00258	0.01034	0.00689	0.00345	0.00861
14	0.06064	0.02093	0.02219	0.01731	0.02327	0.02329	0.01422	0.56568	0.09777	0.04664	0.01956	0.01938	0.01402	0.00934	0.00764	0.00236	0.00819	0.00704	0.00764	0.01289
15	0.01143	0.00798	0.01005	0.00970	0.01167	0.00722	0.00721	0.01447	0.02030	0.05460	0.46179	0.14096	0.17899	0.01732	0.00919	0.00256	0.00393	0.01518	0.00817	0.00729
16	0.01919	0.01842	0.03147	0.04759	0.67914	0.01842	0.02380	0.02380	0.01765	0.02533	0.01458	0.01919	0.01228	0.00691	0.00768	0.00230	0.00921	0.00691	0.00384	0.01228
17	0.01919	0.01842	0.03147	0.04759	0.67914	0.01842	0.02380	0.02380	0.01765	0.02533	0.01458	0.01919	0.01228	0.00691	0.00768	0.00230	0.00921	0.00691	0.00384	0.01228
18	0.78228	0.01499	0.01140	0.01020	0.01499	0.01739	0.00840	0.02279	0.01320	0.03479	0.01080	0.01260	0.00840	0.00720	0.00480	0.00240	0.00600	0.00420	0.00480	0.00840
19	0.00938	0.00791	0.00816	0.00822	0.01077	0.00668	0.00624	0.01148	0.01784	0.02144	0.09966	0.07456	0.62436	0.01957	0.00923	0.00265	0.00406	0.04391	0.00725	0.00660
20	0.01249	0.00892	0.01249	0.01428	0.01606	0.00892	0.01249	0.01606	0.01785	0.02320	0.04105	0.08746	0.04462	0.02142	0.01071	0.00357	0.00714	0.62695	0.00714	0.00714
21	0.03479	0.01320	0.01799	0.01380	0.01979	0.01140	0.01140	0.03779	0.02219	0.68451	0.03059	0.02639	0.01919	0.00960	0.00780	0.00240	0.00660	0.00780	0.00960	0.01320
22	0.01932	0.56578	0.16863	0.01500	0.02239	0.02733	0.01620	0.02312	0.01575	0.01949	0.01179	0.01393	0.01029	0.00879	0.03243	0.00224	0.00941	0.00462	0.00334	0.01013
23	0.25549	0.09117	0.01926	0.01384	0.01911	0.01970	0.01150	0.19218	0.13378	0.10530	0.05205	0.02074	0.01687	0.00896	0.00666	0.00235	0.00687	0.00659	0.00665	0.01094
24	0.00945	0.00675	0.00900	0.01080	0.01125	0.00630	0.00720	0.01080	0.01484	0.01979	0.04274	0.72245	0.05128	0.02429	0.00990	0.00315	0.00450	0.02204	0.00720	0.00630
25	0.01500	0.02180	0.24776	0.23425	0.03420	0.01544	0.04981	0.02060	0.01623	0.04810	0.05241	0.13406	0.02032	0.01099	0.00897	0.00266	0.04404	0.00943	0.00451	0.00940
26	0.02073	0.73217	0.04063	0.01327	0.01990	0.03068	0.01327	0.02322	0.01575	0.01824	0.01078	0.01244	0.00995	0.00663	0.00498	0.00166	0.00829	0.00415	0.00332	0.00995
27	0.00945	0.00675	0.00900	0.01080	0.01125	0.00630	0.00720	0.01080	0.01484	0.01979	0.04274	0.72245	0.05128	0.02429	0.00990	0.00315	0.00450	0.02204	0.00720	0.00630
28	0.01155	0.00917	0.01178	0.04832	0.01561	0.00947	0.00985	0.01538	0.06671	0.02178	0.04563	0.30871	0.17195	0.02015	0.01048	0.00308	0.04230	0.16397	0.00684	0.00725
29	0.02633	0.15235	0.05807	0.01881	0.02357	0.46535	0.01545	0.07520	0.02120	0.02134	0.01228	0.01434	0.01022	0.00812	0.00769	0.00206	0.04884	0.00513	0.00409	0.00956
30	0.01919	0.01842	0.03147	0.04759	0.67914	0.01842	0.02380	0.02380	0.01765	0.02533	0.01458	0.01919	0.01228	0.00691	0.00768	0.00230	0.00921	0.00691	0.00384	0.01228
31	0.01782	0.01031	0.01313	0.01150	0.01467	0.00982	0.00894	0.02363	0.10342	0.19014	0.43690	0.04658	0.05377	0.01366	0.00866	0.00245	0.00469	0.01184	0.00871	0.00937
32	0.14356	0.01521	0.01672	0.04023	0.02003	0.01664	0.01246	0.25904	0.05609	0.03535	0.05652	0.04205	0.05546	0.01317	0.00825	0.00273	0.00724	0.18238	0.00696	0.00992
33	0.04857	0.51671	0.15132	0.01453	0.02164	0.02600	0.01534	0.02364	0.01589	0.05264	0.01289	0.01546	0.01110	0.03774	0.00700	0.00211	0.00865	0.00491	0.00373	0.01009
34	0.06622	0.01787	0.01970	0.01556	0.02091	0.01921	0.01271	0.41187	0.05941	0.13034	0.12108	0.02584	0.02342	0.01029	0.00783	0.00237	0.00728	0.00811	0.00798	0.01200
35	0.01016	0.00709	0.00901	0.01026	0.01064	0.00680	0.00670	0.01121	0.01391	0.01851	0.03706	0.48526	0.04389	0.23893	0.01897	0.00450	0.00555	0.04927	0.00643	0.00585
36	0.02323	0.05629	0.02490	0.05166	0.02457	0.10212	0.04430	0.25662	0.05073	0.03078	0.01487	0.01787	0.01191	0.01028	0.01342	0.00264	0.24119	0.00671	0.00529	0.01061
37	0.01265	0.00865	0.01101	0.01078	0.01279	0.00814	0.00817	0.04371	0.02040	0.06014	0.37393	0.19743	0.11232	0.01783	0.00931	0.00270	0.00453	0.06991	0.00803	0.00758
38	0.02158	0.08926	0.08673	0.01786	0.02391	0.01934	0.08789	0.24913	0.02355	0.05667	0.01912	0.09602	0.01646	0.00997	0.00850	0.00230	0.04505	0.00821	0.00582	0.11263
39	0.08788	0.00838	0.00835	0.00810	0.01003	0.00888	0.00613	0.01819	0.01553	0.02833	0.02325	0.02800	0.01882	0.04651	0.00794	0.00222	0.03257	0.00713	0.62649	0.00726
40	0.01304	0.00875	0.01069	0.00988	0.01231	0.00804	0.00745	0.01691	0.04948	0.08603	0.42009	0.05750	0.20800	0.04509	0.01021	0.00269	0.00425	0.01368	0.00812	0.00777
41	0.05620	0.01918	0.02080	0.01626	0.02193	0.02089	0.01334	0.48593	0.06217	0.10811	0.05009	0.02183	0.01707	0.00960	0.00762	0.00233	0.00771	0.00737	0.03910	0.01246

[dist]
# distance from previous block
# <min> <max>
0	1

[block]
# block no. 3 follows, 25 sequences, length 39
# corresponding to MSA columns:
# 121-159
name=unknown_D
#
# <colnr> <probs for GDERKNQSTAVLIFYWHMCP>
#	G	D	E	R	K	N	Q	S	T	A	V	L	I	F	Y	W	H	M	C	P
0	0.00969	0.00693	0.00926	0.01096	0.01155	0.00650	0.00752	0.01127	0.01532	0.02047	0.06910	0.65642	0.05180	0.02377	0.00991	0.00314	0.00462	0.05812	0.00725	0.00639
1	0.01089	0.00786	0.01029	0.00981	0.01156	0.00726	0.00731	0.01442	0.02156	0.03047	0.64015	0.09459	0.07195	0.01632	0.00919	0.00248	0.00370	0.01446	0.00846	0.00726
2	0.00945	0.00675	0.00900	0.01080	0.01125	0.00630	0.00720	0.01080	0.01484	0.01979	0.04274	0.72245	0.05128	0.02429	0.00990	0.00315	0.00450	0.02204	0.00720	0.00630
3	0.02001	0.63615	0.13036	0.01449	0.02180	0.02892	0.01540	0.02340	0.01584	0.01912	0.01121	0.01298	0.00993	0.00674	0.00531	0.00177	0.00873	0.00437	0.00331	0.01016
4	0.01555	0.04011	0.68733	0.02210	0.03356	0.01801	0.02865	0.02455	0.01637	0.02455	0.01391	0.01637	0.00982	0.00737	0.00737	0.00246	0.01146	0.00573	0.00327	0.01146
5	0.02073	0.73217	0.04063	0.01327	0.01990	0.03068	0.01327	0.02322	0.01575	0.01824	0.01078	0.01244	0.00995	0.00663	0.00498	0.00166	0.00829	0.00415	0.00332	0.00995
6	0.78228	0.01499	0.01140	0.01020	0.01499	0.01739	0.00840	0.02279	0.01320	0.03479	0.01080	0.01260	0.00840	0.00720	0.00480	0.00240	0.00600	0.00420	0.00480	0.00840
7	0.01929	0.01666	0.01753	0.01578	0.02016	0.01929	0.01227	0.04120	0.66513	0.03243	0.03156	0.02893	0.02367	0.01052	0.00789	0.00263	0.00614	0.00877	0.00789	0.01227
8	0.68381	0.04522	0.01295	0.01054	0.01530	0.01761	0.00874	0.04232	0.01452	0.03433	0.04752	0.01527	0.01217	0.00772	0.00514	0.00237	0.00605	0.00482	0.00503	0.00856
9	0.01078	0.00792	0.01010	0.00955	0.01147	0.00723	0.00716	0.01426	0.02149	0.03002	0.61179	0.05969	0.13709	0.01625	0.00915	0.00246	0.00369	0.01427	0.00839	0.00723
10	0.01997	0.63029	0.13583	0.01457	0.02191	0.02881	0.01553	0.02341	0.01585	0.01917	0.01124	0.01302	0.00993	0.00674	0.00533	0.00178	0.00876	0.00438	0.00331	0.01017
11	0.02031	0.01717	0.01811	0.01599	0.02055	0.01977	0.01252	0.10294	0.60172	0.03409	0.03025	0.02789	0.02261	0.01040	0.00788	0.00260	0.00638	0.00859	0.00788	0.01236
12	0.01569	0.03913	0.65484	0.02264	0.03391	0.01809	0.06016	0.02457	0.01647	0.02457	0.01400	0.01660	0.00992	0.00732	0.00746	0.00246	0.01154	0.00590	0.00331	0.01141
13	0.06160	0.33062	0.37585	0.01769	0.02673	0.02332	0.02100	0.02389	0.01593	0.02248	0.01241	0.01450	0.00979	0.00705	0.00621	0.00212	0.00981	0.00497	0.00338	0.01065
14	0.01126	0.00756	0.00870	0.00870	0.00878	0.00765	0.00500	0.01143	0.01135	0.01521	0.02421	0.04952	0.02766	0.68722	0.07903	0.00781	0.00831	0.01110	0.00467	0.00483
15	0.01128	0.00752	0.00846	0.00846	0.00846	0.00752	0.00470	0.01128	0.01128	0.01503	0.02443	0.05074	0.02819	0.72751	0.03946	0.00752	0.00752	0.01128	0.00470	0.00470
16	0.01772	0.01953	0.03829	0.02953	0.07064	0.04126	0.47755	0.02376	0.03913	0.02416	0.02009	0.07151	0.04033	0.00877	0.00969	0.00265	0.04102	0.00995	0.00438	0.01005
17	0.02017	0.01646	0.01756	0.01567	0.02014	0.01883	0.01222	0.04101	0.62835	0.06974	0.03150	0.02878	0.02341	0.01047	0.00788	0.00262	0.00616	0.00871	0.00799	0.01233
18	0.00945	0.00675	0.00900	0.01080	0.01125	0.00630	0.00720	0.01080	0.01484	0.01979	0.04274	0.72245	0.05128	0.02429	0.00990	0.00315	0.00450	0.02204	0.00720	0.00630
19	0.01820	0.05618	0.04945	0.05095	0.16570	0.01536	0.06214	0.04661	0.04131	0.04255	0.01520	0.01795	0.01219	0.00666	0.00673	0.00178	0.00773	0.00588	0.00458	0.37287
20	0.04865	0.40094	0.28530	0.01840	0.06129	0.02465	0.01951	0.02374	0.01599	0.02169	0.01218	0.01431	0.00997	0.00695	0.00603	0.00203	0.00946	0.00490	0.00339	0.01059
21	0.02903	0.03502	0.02214	0.01970	0.02398	0.61116	0.01495	0.10984	0.02381	0.02276	0.01283	0.01457	0.01039	0.00816	0.00709	0.00204	0.01329	0.00525	0.00447	0.00952
22	0.02415	0.01630	0.01822	0.01549	0.02046	0.01780	0.01230	0.10131	0.44287	0.19599	0.03003	0.02727	0.02151	0.01017	0.00785	0.00254	0.00649	0.00835	0.00830	0.01259
23	0.01118	0.00825	0.01108	0.04849	0.01390	0.00787	0.00810	0.01492	0.02159	0.03047	0.63841	0.05585	0.06968	0.01540	0.00907	0.00245	0.00403	0.01363	0.00825	0.00739
24	0.00955	0.00679	0.00897	0.01067	0.01109	0.00636	0.00706	0.01082	0.01465	0.01953	0.04173	0.68556	0.05001	0.06291	0.01152	0.00339	0.00466	0.02145	0.00706	0.00621
25	0.01243	0.00888	0.01241	0.01409	0.01588	0.00886	0.01228	0.01600	0.01802	0.02353	0.06750	0.08623	0.04581	0.02119	0.01064	0.00352	0.00699	0.60139	0.00720	0.00715
26	0.01288	0.00830	0.01077	0.01001	0.01208	0.00760	0.00748	0.01615	0.02102	0.08501	0.54120	0.08336	0.08877	0.04832	0.01045	0.00270	0.00413	0.01379	0.00834	0.00762
27	0.00945	0.00675	0.00900	0.01080	0.01125	0.00630	0.00720	0.01080	0.01484	0.01979	0.04274	0.72245	0.05128	0.02429	0.00990	0.00315	0.00450	0.02204	0.00720	0.00630
28	0.05503	0.12914	0.54160	0.04737	0.03160	0.01962	0.02531	0.02410	0.01609	0.02405	0.01334	0.01583	0.00979	0.00728	0.00694	0.00235	0.01072	0.00549	0.00336	0.01099
29	0.01859	0.02197	0.13887	0.04342	0.57342	0.01835	0.02459	0.02392	0.01744	0.02520	0.01447	0.01873	0.01188	0.00698	0.00763	0.00233	0.00958	0.00672	0.00375	0.01215
30	0.57012	0.06063	0.13906	0.01271	0.01890	0.01806	0.01255	0.02366	0.01424	0.05447	0.01206	0.01377	0.00913	0.00728	0.00539	0.00237	0.00717	0.00461	0.00460	0.00922
31	0.01782	0.02186	0.10265	0.03017	0.03798	0.01871	0.55468	0.02440	0.01800	0.02506	0.01610	0.02098	0.01207	0.00676	0.00876	0.00255	0.01235	0.00872	0.05001	0.01036
32	0.01863	0.01790	0.03080	0.07089	0.60989	0.01797	0.04368	0.02320	0.01749	0.02490	0.01562	0.04512	0.01362	0.00757	0.00781	0.00235	0.00921	0.00754	0.00395	0.01186
33	0.01347	0.00673	0.01010	0.01010	0.01010	0.00673	0.00673	0.01010	0.01010	0.01347	0.01347	0.02357	0.01347	0.02694	0.03030	0.77441	0.00673	0.00673	0.00337	0.00337
34	0.02208	0.01597	0.01769	0.01550	0.02012	0.01771	0.01229	0.07730	0.48475	0.13987	0.03112	0.03111	0.02344	0.01090	0.00802	0.00263	0.00642	0.04275	0.00812	0.01220
35	0.01537	0.01302	0.01532	0.01141	0.01761	0.00990	0.00897	0.01859	0.01595	0.02468	0.01689	0.09203	0.01576	0.00774	0.00619	0.00136	0.00561	0.00647	0.00487	0.69226
36	0.01844	0.05780	0.02488	0.01837	0.02279	0.05467	0.12916	0.02173	0.01589	0.05873	0.01526	0.04203	0.01315	0.00929	0.01226	0.00230	0.20972	0.00694	0.03937	0.22720
37	0.01715	0.01613	0.02597	0.02058	0.04938	0.01522	0.22106	0.05284	0.12395	0.02736	0.06841	0.08015	0.02141	0.00923	0.00796	0.00222	0.00822	0.00907	0.00553	0.21817
38	0.02239	0.02242	0.02245	0.04930	0.11641	0.21185	0.04169	0.15629	0.07870	0.02760	0.02036	0.06010	0.04005	0.01306	0.05304	0.00303	0.03772	0.00791	0.00536	0.01027

[dist]
# distance from previous block
# <min> <max>
9	22

[block]
# block no. 4 follows, 25 sequences, length 86
# corresponding to MSA columns:
# 184-269
name=unknown_E
#
# <colnr> <probs for GDERKNQSTAVLIFYWHMCP>
#	G	D	E	R	K	N	Q	S	T	A	V	L	I	F	Y	W	H	M	C	P
0	0.01645	0.01510	0.02232	0.04476	0.13154	0.01437	0.09450	0.02260	0.10049	0.02497	0.01994	0.10786	0.01814	0.00942	0.00828	0.00212	0.04006	0.00847	0.00504	0.29356
1	0.05762	0.01758	0.03369	0.09128	0.21098	0.01737	0.31319	0.02226	0.01693	0.02410	0.01666	0.06720	0.01435	0.00908	0.00960	0.04467	0.01049	0.00882	0.00409	0.01002
2	0.01700	0.01608	0.02368	0.14487	0.06342	0.04053	0.09621	0.04254	0.01594	0.02291	0.01543	0.05180	0.01355	0.01001	0.01293	0.00256	0.22344	0.00752	0.07138	0.10821
3	0.01464	0.01378	0.02326	0.70887	0.05340	0.01723	0.02153	0.01981	0.01550	0.01981	0.01378	0.02067	0.01034	0.00775	0.00775	0.00258	0.01034	0.00689	0.00345	0.00861
4	0.01789	0.01626	0.02372	0.12248	0.30801	0.01762	0.01826	0.02841	0.24267	0.02672	0.02275	0.05752	0.01908	0.00966	0.00799	0.00254	0.00799	0.03362	0.00548	0.01130
5	0.02136	0.67928	0.03921	0.01378	0.02021	0.08132	0.01340	0.02381	0.01623	0.01830	0.01087	0.01256	0.00995	0.00674	0.00513	0.00168	0.00872	0.00421	0.00337	0.00988
6	0.01072	0.00773	0.01014	0.00993	0.01153	0.00715	0.00730	0.01399	0.02076	0.02920	0.56911	0.16925	0.06949	0.01727	0.00927	0.00256	0.00380	0.01537	0.00831	0.00715
7	0.03345	0.01290	0.01757	0.01357	0.01933	0.01117	0.01117	0.03649	0.02218	0.64780	0.06679	0.02816	0.02222	0.00995	0.00787	0.00240	0.00643	0.00815	0.00954	0.01287
8	0.01821	0.01742	0.02971	0.18974	0.54463	0.01817	0.02331	0.02294	0.01719	0.02414	0.01441	0.01951	0.01186	0.00709	0.00769	0.00236	0.00945	0.00690	0.00375	0.01149
9	0.00963	0.00701	0.00895	0.01025	0.01104	0.00647	0.00693	0.01117	0.01555	0.02058	0.09636	0.56006	0.12310	0.06014	0.01131	0.00326	0.00453	0.02019	0.00717	0.00632
10	0.01929	0.01666	0.01753	0.01578	0.02016	0.01929	0.01227	0.04120	0.66513	0.03243	0.03156	0.02893	0.02367	0.01052	0.00789	0.00263	0.00614	0.00877	0.00789	0.01227
11	0.01087	0.00741	0.00851	0.00880	0.00901	0.00727	0.00516	0.01119	0.01217	0.01610	0.03011	0.15981	0.06472	0.57873	0.03318	0.00657	0.00685	0.01326	0.00523	0.00505
12	0.02073	0.73217	0.04063	0.01327	0.01990	0.03068	0.01327	0.02322	0.01575	0.01824	0.01078	0.01244	0.00995	0.00663	0.00498	0.00166	0.00829	0.00415	0.00332	0.00995
13	0.00968	0.00685	0.00893	0.01050	0.01089	0.00645	0.00688	0.01086	0.01439	0.01919	0.04042	0.63741	0.04836	0.11332	0.01364	0.00370	0.00488	0.02068	0.00688	0.00610
14	0.01108	0.00831	0.01246	0.01246	0.01385	0.00969	0.00969	0.01385	0.01246	0.01800	0.02077	0.03046	0.01938	0.05815	0.69678	0.01246	0.02077	0.00831	0.00415	0.00692
15	0.01919	0.01842	0.03147	0.04759	0.67914	0.01842	0.02380	0.02380	0.01765	0.02533	0.01458	0.01919	0.01228	0.00691	0.00768	0.00230	0.00921	0.00691	0.00384	0.01228
16	0.02816	0.03393	0.02235	0.02091	0.05443	0.57806	0.01526	0.08610	0.04885	0.02246	0.01348	0.01524	0.01093	0.00816	0.00713	0.00207	0.01296	0.00541	0.00448	0.00965
17	0.02463	0.02922	0.02266	0.02004	0.02266	0.43110	0.01569	0.04654	0.01878	0.01982	0.01154	0.01521	0.01016	0.01005	0.01370	0.00251	0.26711	0.00571	0.00390	0.00894
18	0.01608	0.01378	0.01608	0.01148	0.01837	0.01034	0.00919	0.01952	0.01608	0.02527	0.01378	0.01608	0.01148	0.00574	0.00574	0.00115	0.00574	0.00459	0.00459	0.77491
19	0.01924	0.02171	0.09955	0.06809	0.40198	0.04177	0.15428	0.05276	0.01857	0.02577	0.01481	0.01913	0.01181	0.00706	0.00794	0.00239	0.01042	0.00719	0.00396	0.01159
20	0.01935	0.54830	0.21245	0.01561	0.02353	0.02731	0.01735	0.02357	0.01592	0.01992	0.01161	0.01348	0.00992	0.00683	0.00561	0.00187	0.00913	0.00457	0.00331	0.01035
21	0.01128	0.00752	0.00846	0.00846	0.00846	0.00752	0.00470	0.01128	0.01128	0.01503	0.02443	0.05074	0.02819	0.72751	0.03946	0.00752	0.00752	0.01128	0.00470	0.00470
22	0.00916	0.00785	0.00785	0.00785	0.01047	0.00655	0.00589	0.01113	0.01767	0.02095	0.07855	0.07462	0.67599	0.01964	0.00916	0.00262	0.00393	0.01636	0.00720	0.00655
23	0.78228	0.01499	0.01140	0.01020	0.01499	0.01739	0.00840	0.02279	0.01320	0.03479	0.01080	0.01260	0.00840	0.00720	0.00480	0.00240	0.00600	0.00420	0.00480	0.00840
24	0.01445	0.00723	0.00723	0.00723	0.00903	0.00723	0.00542	0.01807	0.01626	0.02891	0.02529	0.02891	0.01987	0.00903	0.00542	0.00181	0.00361	0.00723	0.77055	0.00723
25	0.00945	0.00675	0.00900	0.01080	0.01125	0.00630	0.00720	0.01080	0.01484	0.01979	0.04274	0.72245	0.05128	0.02429	0.00990	0.00315	0.00450	0.02204	0.00720	0.00630
26	0.02898	0.03641	0.02202	0.01990	0.02397	0.67254	0.01497	0.05302	0.02249	0.02004	0.01222	0.01415	0.01010	0.00804	0.00702	0.00201	0.01379	0.00506	0.00413	0.00914
27	0.01082	0.00786	0.01019	0.00974	0.01152	0.00723	0.00725	0.01429	0.02141	0.03010	0.61851	0.09358	0.09548	0.01644	0.00919	0.00248	0.00371	0.01454	0.00841	0.00723
28	0.01886	0.01861	0.03260	0.04309	0.53420	0.01908	0.10455	0.02345	0.01719	0.02464	0.01431	0.01920	0.01202	0.00749	0.00954	0.00245	0.07604	0.00719	0.00381	0.01169
29	0.03197	0.01265	0.01730	0.01386	0.01932	0.01108	0.01154	0.03504	0.02164	0.60079	0.03191	0.03412	0.02241	0.01109	0.00817	0.00255	0.00667	0.08618	0.00929	0.01243
30	0.01929	0.01666	0.01753	0.01578	0.02016	0.01929	0.01227	0.04120	0.66513	0.03243	0.03156	0.02893	0.02367	0.01052	0.00789	0.00263	0.00614	0.00877	0.00789	0.01227
31	0.00972	0.00691	0.00916	0.01086	0.01136	0.00651	0.00736	0.01112	0.01482	0.01972	0.04164	0.65012	0.04965	0.06250	0.01156	0.00341	0.00481	0.05544	0.00706	0.00626
32	0.01108	0.00831	0.01246	0.01246	0.01385	0.00969	0.00969	0.01385	0.01246	0.01800	0.02077	0.03046	0.01938	0.05815	0.69678	0.01246	0.02077	0.00831	0.00415	0.00692
33	0.78228	0.01499	0.01140	0.01020	0.01499	0.01739	0.00840	0.02279	0.01320	0.03479	0.01080	0.01260	0.00840	0.00720	0.00480	0.00240	0.00600	0.00420	0.00480	0.00840
34	0.01726	0.01031	0.01342	0.01261	0.01556	0.00998	0.01029	0.04123	0.06689	0.15710	0.28827	0.05755	0.04847	0.01576	0.00923	0.00279	0.00563	0.20047	0.00824	0.00895
35	0.01108	0.00831	0.01246	0.01246	0.01385	0.00969	0.00969	0.01385	0.01246	0.01800	0.02077	0.03046	0.01938	0.05815	0.69678	0.01246	0.02077	0.00831	0.00415	0.00692
36	0.02732	0.02065	0.02206	0.01740	0.02323	0.02304	0.01422	0.52408	0.16916	0.04540	0.02135	0.02079	0.01540	0.00956	0.00778	0.00239	0.00803	0.00736	0.00778	0.01299
37	0.01061	0.00774	0.01003	0.01021	0.01179	0.00716	0.00761	0.01360	0.01965	0.02705	0.43035	0.21087	0.11598	0.01853	0.00945	0.00271	0.00416	0.06750	0.00801	0.00701
38	0.02947	0.02172	0.02327	0.01784	0.02404	0.02404	0.01474	0.65329	0.03646	0.04887	0.01862	0.01862	0.01319	0.00931	0.00776	0.00233	0.00853	0.00698	0.00776	0.01319
39	0.01108	0.00831	0.01246	0.01246	0.01385	0.00969	0.00969	0.01385	0.01246	0.01800	0.02077	0.03046	0.01938	0.05815	0.69678	0.01246	0.02077	0.00831	0.00415	0.00692
40	0.02075	0.60674	0.06698	0.01408	0.02048	0.08661	0.01384	0.02355	0.01661	0.01919	0.04206	0.01487	0.01290	0.00721	0.00545	0.00176	0.00871	0.00475	0.00362	0.00981
41	0.00979	0.00701	0.00933	0.01078	0.01148	0.00655	0.00742	0.01157	0.01601	0.02159	0.13588	0.59976	0.05425	0.02294	0.00982	0.00306	0.00448	0.04441	0.00739	0.00648
42	0.01553	0.01537	0.02729	0.51816	0.04772	0.01832	0.13264	0.02058	0.01563	0.02058	0.01375	0.02033	0.01057	0.00814	0.00982	0.00267	0.08316	0.00728	0.00352	0.00893
43	0.01445	0.00723	0.00723	0.00723	0.00903	0.00723	0.00542	0.01807	0.01626	0.02891	0.02529	0.02891	0.01987	0.00903	0.00542	0.00181	0.00361	0.00723	0.77055	0.00723
44	0.01250	0.00978	0.01407	0.01349	0.01495	0.01174	0.01064	0.04337	0.01349	0.01947	0.01962	0.02858	0.01819	0.05151	0.59887	0.01110	0.08893	0.00810	0.00424	0.00736
45	0.05983	0.01860	0.08610	0.05126	0.08718	0.05381	0.01568	0.05553	0.01974	0.34965	0.02166	0.02165	0.01483	0.00933	0.00980	0.00250	0.09744	0.00699	0.00675	0.01168
46	0.03479	0.01320	0.01799	0.01380	0.01979	0.01140	0.01140	0.03779	0.02219	0.68451	0.03059	0.02639	0.01919	0.00960	0.00780	0.00240	0.00660	0.00780	0.00960	0.01320
47	0.01919	0.01842	0.03147	0.04759	0.67914	0.01842	0.02380	0.02380	0.01765	0.02533	0.01458	0.01919	0.01228	0.00691	0.00768	0.00230	0.00921	0.00691	0.00384	0.01228
48	0.01931	0.01890	0.02541	0.29962	0.25548	0.09943	0.02029	0.06922	0.07054	0.02464	0.01560	0.01989	0.01222	0.00783	0.00765	0.00240	0.00993	0.00683	0.00431	0.01051
49	0.01206	0.00875	0.01189	0.01333	0.01520	0.00858	0.01148	0.01547	0.01811	0.02351	0.08766	0.08418	0.10971	0.02086	0.01045	0.00340	0.00658	0.52444	0.00724	0.00709
50	0.00949	0.00685	0.00900	0.01062	0.01122	0.00635	0.00714	0.01097	0.01526	0.02030	0.06975	0.66581	0.08108	0.02374	0.00983	0.00310	0.00444	0.02146	0.00725	0.00635
51	0.01799	0.01720	0.02931	0.22146	0.51462	0.01811	0.02320	0.02275	0.01709	0.02388	0.01437	0.01958	0.01177	0.00713	0.00770	0.00238	0.00951	0.00690	0.00373	0.01132
52	0.01555	0.04011	0.68733	0.02210	0.03356	0.01801	0.02865	0.02455	0.01637	0.02455	0.01391	0.01637	0.00982	0.00737	0.00737	0.00246	0.01146	0.00573	0.00327	0.01146
53	0.03016	0.01218	0.01650	0.01315	0.01824	0.01067	0.01071	0.03312	0.02149	0.55407	0.10052	0.03369	0.02660	0.04208	0.00946	0.00268	0.00634	0.03728	0.00915	0.01191
54	0.00945	0.00675	0.00900	0.01080	0.01125	0.00630	0.00720	0.01080	0.01484	0.01979	0.04274	0.72245	0.05128	0.02429	0.00990	0.00315	0.00450	0.02204	0.00720	0.00630
55	0.01487	0.01402	0.02367	0.67537	0.08510	0.01729	0.02165	0.02001	0.01561	0.02009	0.01382	0.02060	0.01043	0.00771	0.00775	0.00257	0.01028	0.00689	0.00347	0.00880
56	0.01347	0.00673	0.01010	0.01010	0.01010	0.00673	0.00673	0.01010	0.01010	0.01347	0.01347	0.02357	0.01347	0.02694	0.03030	0.77441	0.00673	0.00673	0.00337	0.00337
57	0.02100	0.01627	0.01758	0.01556	0.02012	0.01841	0.01218	0.04082	0.59393	0.10465	0.03145	0.02865	0.02317	0.01042	0.00788	0.00260	0.00619	0.00866	0.00808	0.01237
58	0.01064	0.00749	0.00917	0.00992	0.01142	0.00670	0.00699	0.01247	0.01670	0.05135	0.10943	0.42827	0.24821	0.02141	0.00950	0.00289	0.00434	0.01890	0.00743	0.00678
59	0.01118	0.00748	0.00849	0.00858	0.00860	0.00745	0.00483	0.01125	0.01146	0.01528	0.02539	0.08613	0.02941	0.69046	0.03791	0.00729	0.00736	0.01184	0.00483	0.00478
60	0.02658	0.02008	0.02153	0.01707	0.02271	0.02234	0.01391	0.49956	0.16549	0.04471	0.04954	0.02243	0.01793	0.00984	0.00784	0.00239	0.00783	0.00765	0.00782	0.01274
61	0.01249	0.00892	0.01249	0.01428	0.01606	0.00892	0.01249	0.01606	0.01785	0.02320	0.04105	0.08746	0.04462	0.02142	0.01071	0.00357	0.00714	0.62695	0.00714	0.00714
62	0.01830	0.02092	0.04575	0.03268	0.04052	0.01961	0.65098	0.02484	0.01830	0.02484	0.01569	0.02092	0.01176	0.00654	0.00915	0.00261	0.01307	0.00915	0.00392	0.01046
63	0.03246	0.01371	0.01792	0.01409	0.01985	0.01258	0.01153	0.03830	0.11868	0.58665	0.03073	0.02677	0.01986	0.00974	0.00781	0.00243	0.00653	0.00794	0.00934	0.01306
64	0.02013	0.01647	0.01756	0.01567	0.02014	0.01886	0.01222	0.04101	0.63005	0.06802	0.03151	0.02879	0.02342	0.01047	0.00788	0.00262	0.00616	0.00871	0.00798	0.01232
65	0.78228	0.01499	0.01140	0.01020	0.01499	0.01739	0.00840	0.02279	0.01320	0.03479	0.01080	0.01260	0.00840	0.00720	0.00480	0.00240	0.00600	0.00420	0.00480	0.00840
66	0.01696	0.01696	0.02375	0.02036	0.02036	0.02375	0.01696	0.01866	0.01187	0.01866	0.01018	0.01696	0.01018	0.01357	0.02545	0.00339	0.71332	0.00679	0.00339	0.00848
67	0.00980	0.00788	0.00873	0.00852	0.01086	0.00681	0.00639	0.01235	0.01916	0.02449	0.28666	0.06879	0.46567	0.01832	0.00916	0.00256	0.00383	0.01555	0.00767	0.00681
68	0.00945	0.00675	0.00900	0.01080	0.01125	0.00630	0.00720	0.01080	0.01484	0.01979	0.04274	0.72245	0.05128	0.02429	0.00990	0.00315	0.00450	0.02204	0.00720	0.00630
69	0.00960	0.00686	0.00913	0.01069	0.01128	0.00640	0.00721	0.01117	0.01554	0.02089	0.10431	0.65773	0.05341	0.02347	0.00982	0.00308	0.00442	0.02126	0.00733	0.00640
70	0.78228	0.01499	0.01140	0.01020	0.01499	0.01739	0.00840	0.02279	0.01320	0.03479	0.01080	0.01260	0.00840	0.00720	0.00480	0.00240	0.00600	0.00420	0.00480	0.00840
71	0.02534	0.01966	0.02094	0.01700	0.02247	0.02211	0.01374	0.40471	0.29177	0.04219	0.02387	0.02280	0.01744	0.00980	0.00781	0.00245	0.00756	0.00771	0.00781	0.01282
72	0.02947	0.02172	0.02327	0.01784	0.02404	0.02404	0.01474	0.65329	0.03646	0.04887	0.01862	0.01862	0.01319	0.00931	0.00776	0.00233	0.00853	0.00698	0.00776	0.01319
73	0.09291	0.00803	0.00811	0.00798	0.00993	0.00833	0.00601	0.01774	0.01530	0.02782	0.02268	0.02688	0.01817	0.01236	0.03679	0.06367	0.00484	0.00692	0.59851	0.00703
74	0.01108	0.00831	0.01246	0.01246	0.01385	0.00969	0.00969	0.01385	0.01246	0.01800	0.02077	0.03046	0.01938	0.05815	0.69678	0.01246	0.02077	0.00831	0.00415	0.00692
75	0.01034	0.00823	0.00950	0.01013	0.01245	0.00739	0.00823	0.01288	0.01774	0.02175	0.06527	0.07917	0.45239	0.02027	0.00971	0.00296	0.00507	0.23261	0.00718	0.00676
76	0.01667	0.03231	0.42678	0.02640	0.03639	0.01866	0.28138	0.02467	0.01715	0.02467	0.01463	0.01822	0.01061	0.00703	0.00809	0.00252	0.01211	0.00712	0.00354	0.01105
77	0.05781	0.01890	0.03645	0.02721	0.03252	0.02002	0.41867	0.02254	0.01606	0.02340	0.01429	0.01998	0.01159	0.01120	0.05065	0.00334	0.19366	0.00823	0.00384	0.00965
78	0.00994	0.00754	0.01106	0.01203	0.01289	0.00705	0.04336	0.01158	0.01504	0.02008	0.04122	0.68304	0.04906	0.02329	0.00985	0.00312	0.00498	0.02132	0.00701	0.00653
79	0.00938	0.00700	0.00874	0.01014	0.01107	0.00635	0.00690	0.01087	0.01548	0.02005	0.05076	0.57734	0.19121	0.02325	0.00973	0.00303	0.00437	0.02077	0.00720	0.00635
80	0.01765	0.34310	0.32835	0.01814	0.02665	0.02304	0.05460	0.02321	0.01612	0.02151	0.01424	0.05455	0.01231	0.00795	0.00655	0.00215	0.00976	0.00613	0.00355	0.01045
81	0.01610	0.03998	0.66010	0.02201	0.03317	0.04578	0.02809	0.02482	0.01660	0.02433	0.01384	0.01627	0.00983	0.00739	0.00735	0.00244	0.01156	0.00570	0.00330	0.01136
82	0.01672	0.18024	0.53467	0.02112	0.05152	0.02060	0.02536	0.02426	0.01629	0.02330	0.01330	0.01566	0.00993	0.00720	0.00689	0.00229	0.01074	0.00545	0.00330	0.01118
83	0.01589	0.06392	0.62909	0.02236	0.03345	0.01855	0.06206	0.02452	0.01645	0.02434	0.01390	0.01648	0.00993	0.00729	0.00738	0.00244	0.01143	0.00586	0.00331	0.01135
84	0.01766	0.02004	0.15367	0.22800	0.20712	0.01643	0.06730	0.02313	0.01743	0.08198	0.04904	0.02402	0.04320	0.00842	0.00789	0.00247	0.00954	0.00765	0.00449	0.01052
85	0.02599	0.01792	0.14122	0.01600	0.02236	0.01285	0.04792	0.03126	0.05071	0.39477	0.09622	0.03085	0.02435	0.01034	0.00809	0.00250	0.00752	0.03957	0.00782	0.01175

[dist]
# distance from previous block
# <min> <max>
16	56

# created by:
# /st0/software/busco_prod/Augustus/scripts/msa2prfl.pl ./align_prep/101323.fa
