[name]
unknown

[dist]
# distance from previous block
# <min> <max>
3	76

[block]
# block no. 0 follows, 25 sequences, length 15
# corresponding to MSA columns:
# 89-103
name=unknown_A
#
# <colnr> <probs for GDERKNQSTAVLIFYWHMCP>
#	G	D	E	R	K	N	Q	S	T	A	V	L	I	F	Y	W	H	M	C	P
0	0.01906	0.01696	0.01628	0.01440	0.01850	0.08166	0.01122	0.12490	0.33020	0.03093	0.06738	0.03774	0.17302	0.01243	0.00813	0.00251	0.00663	0.01012	0.00737	0.01056
1	0.02090	0.01837	0.05904	0.08682	0.05471	0.09031	0.01425	0.09706	0.13874	0.11553	0.06550	0.02924	0.06849	0.03795	0.03659	0.00304	0.03837	0.00844	0.00630	0.01035
2	0.01239	0.00814	0.01071	0.01015	0.01210	0.00747	0.00758	0.01573	0.02111	0.07369	0.55521	0.13617	0.06688	0.01645	0.00915	0.00252	0.00396	0.01457	0.00844	0.00759
3	0.02065	0.64582	0.03778	0.01363	0.01978	0.07019	0.01316	0.02313	0.01594	0.01827	0.01146	0.01362	0.01052	0.00983	0.04692	0.00233	0.00939	0.00445	0.00341	0.00971
4	0.01445	0.00723	0.00723	0.00723	0.00903	0.00723	0.00542	0.01807	0.01626	0.02891	0.02529	0.02891	0.01987	0.00903	0.00542	0.00181	0.00361	0.00723	0.77055	0.00723
5	0.04762	0.01946	0.02415	0.02198	0.10598	0.06511	0.08928	0.30425	0.02574	0.03539	0.01833	0.02251	0.01452	0.01095	0.03385	0.00275	0.03706	0.03143	0.07855	0.01110
6	0.04988	0.20319	0.05309	0.11811	0.11337	0.12934	0.01635	0.04505	0.01678	0.02125	0.01301	0.01792	0.01142	0.04443	0.01108	0.02906	0.08753	0.00594	0.00381	0.00939
7	0.01464	0.01378	0.02326	0.70887	0.05340	0.01723	0.02153	0.01981	0.01550	0.01981	0.01378	0.02067	0.01034	0.00775	0.00775	0.00258	0.01034	0.00689	0.00345	0.00861
8	0.09471	0.07398	0.04866	0.06714	0.02182	0.01529	0.01206	0.07176	0.07940	0.09033	0.01886	0.06574	0.01559	0.00853	0.00665	0.00197	0.00684	0.00681	0.00557	0.28829
9	0.00937	0.00703	0.00871	0.01004	0.01105	0.00636	0.00686	0.01088	0.01557	0.02009	0.05188	0.55699	0.21084	0.02310	0.00971	0.00301	0.00435	0.02059	0.00720	0.00636
10	0.01927	0.01848	0.08425	0.05885	0.17096	0.01759	0.01676	0.09640	0.24919	0.05459	0.02722	0.03070	0.05869	0.01040	0.00804	0.00256	0.00776	0.05059	0.00627	0.01144
11	0.02163	0.02026	0.02611	0.08543	0.09721	0.08890	0.09401	0.20637	0.02209	0.02920	0.01769	0.02106	0.04451	0.00997	0.01213	0.00262	0.17787	0.00745	0.00503	0.01047
12	0.01076	0.00829	0.00963	0.00924	0.01131	0.00765	0.00680	0.01436	0.05129	0.02594	0.36439	0.06187	0.28570	0.08452	0.01197	0.00300	0.00425	0.01435	0.00765	0.00703
13	0.01616	0.01408	0.01681	0.01233	0.01856	0.01161	0.00993	0.01944	0.01568	0.02464	0.01344	0.01616	0.01136	0.00649	0.00761	0.00136	0.07292	0.00480	0.00448	0.70215
14	0.01386	0.01134	0.01541	0.04460	0.11521	0.01175	0.01105	0.04115	0.04157	0.02221	0.06703	0.21273	0.05085	0.17957	0.01697	0.00377	0.06047	0.01247	0.00562	0.06241

[dist]
# distance from previous block
# <min> <max>
0	1

[block]
# block no. 1 follows, 25 sequences, length 34
# corresponding to MSA columns:
# 105-138
name=unknown_B
#
# <colnr> <probs for GDERKNQSTAVLIFYWHMCP>
#	G	D	E	R	K	N	Q	S	T	A	V	L	I	F	Y	W	H	M	C	P
0	0.01841	0.01771	0.02779	0.11416	0.40165	0.04212	0.05593	0.02429	0.07182	0.02463	0.01702	0.02305	0.01433	0.00843	0.00900	0.00248	0.05590	0.03264	0.02763	0.01103
1	0.03033	0.02082	0.02236	0.01725	0.02335	0.04421	0.01420	0.53181	0.03364	0.15207	0.02036	0.01974	0.01406	0.00931	0.00774	0.00233	0.00840	0.00705	0.00793	0.01305
2	0.02038	0.05947	0.06363	0.01584	0.03714	0.04463	0.03512	0.05112	0.20006	0.12794	0.06827	0.06250	0.02286	0.03947	0.00885	0.00249	0.00718	0.00845	0.00657	0.11802
3	0.02340	0.02201	0.10022	0.01714	0.02300	0.04601	0.01502	0.32722	0.21876	0.03776	0.02396	0.02434	0.03965	0.03507	0.00889	0.00261	0.00818	0.00777	0.00699	0.01202
4	0.01078	0.00783	0.01015	0.00976	0.01151	0.00720	0.00725	0.01418	0.02119	0.02976	0.59908	0.11265	0.09619	0.01669	0.00921	0.00250	0.00374	0.01477	0.00837	0.00720
5	0.01469	0.01137	0.01516	0.03773	0.07023	0.01129	0.03505	0.08643	0.05832	0.05115	0.16291	0.22321	0.15896	0.01617	0.00891	0.00266	0.00575	0.01426	0.00712	0.00862
6	0.05663	0.01887	0.04308	0.01580	0.02111	0.01971	0.01319	0.44626	0.04930	0.04066	0.02700	0.07207	0.09136	0.01315	0.03322	0.00280	0.00811	0.00899	0.00724	0.01145
7	0.00943	0.00710	0.00874	0.00995	0.01105	0.00641	0.00684	0.01104	0.01590	0.02056	0.07753	0.51812	0.22390	0.02268	0.00967	0.00297	0.00431	0.02016	0.00725	0.00641
8	0.02490	0.23857	0.02831	0.06111	0.07780	0.40515	0.01558	0.02744	0.01941	0.01933	0.01195	0.01435	0.01018	0.00749	0.00650	0.00196	0.01170	0.00501	0.00375	0.00952
9	0.00945	0.00675	0.00900	0.01080	0.01125	0.00630	0.00720	0.01080	0.01484	0.01979	0.04274	0.72245	0.05128	0.02429	0.00990	0.00315	0.00450	0.02204	0.00720	0.00630
10	0.02788	0.09696	0.05402	0.01798	0.02403	0.15464	0.01525	0.44168	0.03068	0.03893	0.01634	0.01700	0.01209	0.00870	0.00731	0.00220	0.00969	0.00626	0.00638	0.01197
11	0.08148	0.06017	0.17230	0.17673	0.04861	0.08506	0.07036	0.04267	0.01646	0.02303	0.01374	0.01832	0.01095	0.01192	0.05490	0.02866	0.06506	0.00634	0.00380	0.00944
12	0.02287	0.02418	0.01918	0.01733	0.02157	0.27034	0.01328	0.03740	0.42666	0.02744	0.02430	0.02339	0.01860	0.00958	0.00756	0.00240	0.00905	0.00737	0.00645	0.01106
13	0.04094	0.01771	0.05317	0.11274	0.46290	0.01784	0.02152	0.02201	0.01655	0.02403	0.01597	0.06841	0.01443	0.00881	0.00924	0.00249	0.06841	0.00783	0.00400	0.01099
14	0.00955	0.00787	0.00844	0.00867	0.01104	0.00676	0.00659	0.01169	0.01772	0.02158	0.10427	0.11775	0.55174	0.01989	0.00934	0.00272	0.00421	0.06628	0.00726	0.00662
15	0.01724	0.04795	0.03111	0.15668	0.03376	0.04311	0.27608	0.04333	0.01673	0.02219	0.01642	0.07693	0.01454	0.01077	0.01225	0.06003	0.09895	0.00884	0.00410	0.00901
16	0.01861	0.01763	0.04588	0.09485	0.09260	0.06204	0.14836	0.02324	0.04484	0.08240	0.01802	0.04744	0.01529	0.04527	0.08217	0.00388	0.13503	0.00822	0.00462	0.00961
17	0.01057	0.00777	0.00990	0.00966	0.01141	0.00710	0.00713	0.01374	0.02056	0.02849	0.52592	0.14335	0.14085	0.01735	0.00924	0.00255	0.00380	0.01530	0.00821	0.00710
18	0.19256	0.01819	0.08421	0.06407	0.27485	0.01691	0.05972	0.04887	0.01654	0.02689	0.01480	0.02071	0.01246	0.00963	0.00939	0.07656	0.00865	0.03078	0.00424	0.00999
19	0.08657	0.04864	0.04958	0.12438	0.08549	0.13390	0.15536	0.09279	0.02004	0.07996	0.01548	0.01841	0.01162	0.00760	0.00749	0.00232	0.01039	0.00669	0.00478	0.03851
20	0.02017	0.21891	0.05087	0.06429	0.04854	0.11830	0.01591	0.02286	0.01558	0.05389	0.01284	0.01689	0.01118	0.01242	0.05354	0.00307	0.24160	0.00592	0.00384	0.00938
21	0.02984	0.18632	0.02415	0.01437	0.02047	0.01828	0.01238	0.12536	0.05636	0.39749	0.02414	0.02204	0.01633	0.00889	0.00712	0.00222	0.00726	0.00686	0.00774	0.01237
22	0.01109	0.00744	0.00851	0.00870	0.00875	0.00739	0.00496	0.01123	0.01164	0.01553	0.02632	0.12017	0.03058	0.65482	0.03641	0.00707	0.00720	0.01239	0.00496	0.00486
23	0.02682	0.01723	0.02218	0.01931	0.07579	0.01775	0.05585	0.26284	0.10033	0.22755	0.02485	0.07358	0.01876	0.01024	0.00803	0.00246	0.00775	0.00866	0.00770	0.01233
24	0.63754	0.06582	0.01394	0.01096	0.01558	0.04326	0.00909	0.02240	0.01365	0.03166	0.01165	0.01409	0.00946	0.01133	0.06117	0.00315	0.00766	0.00456	0.00461	0.00841
25	0.01038	0.00769	0.00968	0.00964	0.01133	0.00699	0.00706	0.01331	0.01987	0.02722	0.45376	0.18879	0.16941	0.01811	0.00929	0.00261	0.00386	0.01596	0.00805	0.00699
26	0.01815	0.01440	0.01676	0.01212	0.01891	0.01151	0.00975	0.07202	0.01805	0.06164	0.01505	0.01682	0.01203	0.00623	0.00601	0.00131	0.00601	0.00496	0.00511	0.67314
27	0.02859	0.03625	0.02233	0.02102	0.04877	0.67072	0.01531	0.03069	0.02181	0.01922	0.01208	0.01418	0.01007	0.00795	0.00702	0.00201	0.01380	0.00507	0.00399	0.00911
28	0.00953	0.00681	0.00907	0.01074	0.01126	0.00635	0.00720	0.01100	0.01522	0.02038	0.07576	0.68774	0.05242	0.02385	0.00986	0.00311	0.00445	0.02162	0.00727	0.00635
29	0.04987	0.04867	0.05133	0.15016	0.11043	0.12721	0.21584	0.04640	0.01801	0.02349	0.01380	0.01835	0.01093	0.00782	0.00942	0.00249	0.07484	0.00705	0.00392	0.00996
30	0.02096	0.01904	0.01856	0.01703	0.03990	0.13586	0.01292	0.07314	0.29252	0.06681	0.05194	0.02777	0.05452	0.01401	0.05596	0.00320	0.07045	0.00827	0.00652	0.01063
31	0.00964	0.00683	0.00894	0.01055	0.01096	0.00642	0.00694	0.01085	0.01448	0.01930	0.04084	0.65301	0.04889	0.09698	0.01295	0.00360	0.00481	0.02093	0.00694	0.00613
32	0.02195	0.02223	0.12411	0.02817	0.25191	0.01997	0.01934	0.25325	0.08780	0.03425	0.02035	0.02189	0.04182	0.00875	0.00774	0.00238	0.00877	0.00735	0.00572	0.01224
33	0.01048	0.00787	0.00992	0.01103	0.01265	0.00731	0.00859	0.01290	0.01714	0.02201	0.09448	0.27933	0.23161	0.02143	0.00990	0.00309	0.00516	0.22111	0.00727	0.00672

[dist]
# distance from previous block
# <min> <max>
0	2

[block]
# block no. 2 follows, 25 sequences, length 6
# corresponding to MSA columns:
# 141-146
name=unknown_C
#
# <colnr> <probs for GDERKNQSTAVLIFYWHMCP>
#	G	D	E	R	K	N	Q	S	T	A	V	L	I	F	Y	W	H	M	C	P
0	0.02791	0.03474	0.02149	0.01952	0.02355	0.62249	0.01469	0.03208	0.09216	0.02044	0.01412	0.01561	0.01148	0.00827	0.00709	0.00207	0.01313	0.00541	0.00442	0.00935
1	0.01445	0.00723	0.00723	0.00723	0.00903	0.00723	0.00542	0.01807	0.01626	0.02891	0.02529	0.02891	0.01987	0.00903	0.00542	0.00181	0.00361	0.00723	0.77055	0.00723
2	0.01335	0.01120	0.01814	0.05203	0.02032	0.01029	0.13536	0.01655	0.01713	0.05026	0.10575	0.28777	0.11785	0.01582	0.00893	0.00263	0.00656	0.01465	0.00632	0.08908
3	0.01779	0.01479	0.01700	0.01230	0.01910	0.01209	0.00990	0.10039	0.01868	0.02828	0.01440	0.01640	0.01170	0.00620	0.00600	0.00130	0.00610	0.00490	0.00500	0.67771
4	0.38624	0.17377	0.05274	0.04363	0.02038	0.07036	0.01223	0.08632	0.01732	0.05756	0.01276	0.01437	0.00993	0.00747	0.00567	0.00221	0.00780	0.00486	0.00478	0.00961
5	0.01874	0.01863	0.02524	0.31080	0.10943	0.11311	0.08537	0.06551	0.01813	0.02340	0.01469	0.01974	0.01153	0.00825	0.00910	0.00247	0.06948	0.00689	0.06001	0.00947

[dist]
# distance from previous block
# <min> <max>
3	6

[block]
# block no. 3 follows, 25 sequences, length 30
# corresponding to MSA columns:
# 153-182
name=unknown_D
#
# <colnr> <probs for GDERKNQSTAVLIFYWHMCP>
#	G	D	E	R	K	N	Q	S	T	A	V	L	I	F	Y	W	H	M	C	P
0	0.01672	0.04269	0.05039	0.12813	0.15919	0.01609	0.08785	0.02096	0.01615	0.02336	0.01478	0.04327	0.01270	0.00780	0.00869	0.00210	0.06890	0.00676	0.00409	0.26937
1	0.06753	0.05608	0.02094	0.01708	0.06070	0.01775	0.03563	0.24067	0.04530	0.05626	0.02023	0.10463	0.01798	0.03806	0.00929	0.00246	0.03419	0.00840	0.00613	0.14070
2	0.01412	0.00733	0.00775	0.00775	0.00951	0.00747	0.00585	0.01764	0.01588	0.02782	0.02484	0.02906	0.01982	0.01395	0.07458	0.00287	0.00533	0.00733	0.69388	0.00720
3	0.01957	0.02075	0.08553	0.10767	0.35230	0.04222	0.06357	0.08903	0.04414	0.02666	0.01519	0.01920	0.01214	0.00791	0.00902	0.00245	0.06000	0.00696	0.00429	0.01141
4	0.01099	0.00788	0.01063	0.01155	0.01293	0.00752	0.00896	0.01389	0.01839	0.02498	0.27039	0.27611	0.05701	0.02031	0.00989	0.00303	0.00505	0.21587	0.00766	0.00694
5	0.01692	0.07968	0.32970	0.05048	0.18287	0.04041	0.02255	0.02423	0.05722	0.02432	0.04081	0.02136	0.03435	0.00982	0.03054	0.00270	0.01021	0.00681	0.00407	0.01096
6	0.00916	0.00785	0.00785	0.00785	0.01047	0.00655	0.00589	0.01113	0.01767	0.02095	0.07855	0.07462	0.67599	0.01964	0.00916	0.00262	0.00393	0.01636	0.00720	0.00655
7	0.02024	0.30279	0.15995	0.01724	0.02299	0.08269	0.01706	0.05172	0.01668	0.04682	0.01286	0.01575	0.01082	0.01043	0.03525	0.00265	0.15470	0.00549	0.00386	0.01002
8	0.01883	0.01775	0.02255	0.12079	0.11639	0.09480	0.05551	0.04483	0.01753	0.04641	0.01544	0.02075	0.01292	0.01003	0.03553	0.00251	0.07202	0.02734	0.00446	0.24360
9	0.08737	0.29866	0.07184	0.03959	0.02072	0.11557	0.01368	0.02181	0.01550	0.02028	0.01366	0.01773	0.01210	0.01963	0.17308	0.00452	0.03598	0.00557	0.00375	0.00895
10	0.03192	0.01325	0.01752	0.01377	0.01937	0.01196	0.01126	0.03684	0.08650	0.58306	0.06641	0.02839	0.02263	0.01004	0.00788	0.00242	0.00639	0.00824	0.00937	0.01278
11	0.01118	0.00748	0.00848	0.00858	0.00860	0.00745	0.00483	0.01125	0.01146	0.01528	0.02539	0.08579	0.02939	0.69082	0.03792	0.00729	0.00736	0.01184	0.00483	0.00478
12	0.01596	0.01401	0.02178	0.16017	0.27230	0.01473	0.01716	0.04250	0.05285	0.02686	0.19690	0.03538	0.03139	0.01081	0.00832	0.00250	0.00759	0.05330	0.00562	0.00988
13	0.10104	0.04024	0.04024	0.01774	0.05490	0.16636	0.01377	0.08914	0.08913	0.11652	0.01797	0.01943	0.01375	0.01068	0.03230	0.00268	0.08892	0.00637	0.03410	0.04472
14	0.00963	0.00682	0.00894	0.01056	0.01097	0.00642	0.00695	0.01084	0.01449	0.01932	0.04090	0.65525	0.04897	0.09464	0.01285	0.00359	0.00480	0.02097	0.00695	0.00614
15	0.01858	0.01721	0.02854	0.03384	0.35208	0.01714	0.12494	0.09024	0.04288	0.02721	0.01998	0.12436	0.01848	0.00978	0.00820	0.00245	0.00884	0.00952	0.00495	0.04076
16	0.02290	0.04987	0.02453	0.02786	0.23715	0.33417	0.01715	0.02664	0.04811	0.02164	0.01561	0.05626	0.01397	0.01054	0.03170	0.00259	0.03815	0.00689	0.00426	0.01001
17	0.00945	0.00675	0.00900	0.01080	0.01125	0.00630	0.00720	0.01080	0.01484	0.01979	0.04274	0.72245	0.05128	0.02429	0.00990	0.00315	0.00450	0.02204	0.00720	0.00630
18	0.01920	0.02004	0.09209	0.07410	0.13609	0.01901	0.11904	0.09996	0.25029	0.02979	0.02333	0.02460	0.03873	0.00895	0.00802	0.00252	0.00878	0.00814	0.00576	0.01154
19	0.02056	0.01906	0.04311	0.01659	0.02003	0.09168	0.01350	0.18943	0.13330	0.02952	0.05546	0.02566	0.01919	0.08227	0.06860	0.00385	0.14445	0.00790	0.00585	0.00999
20	0.00945	0.00675	0.00900	0.01080	0.01125	0.00630	0.00720	0.01080	0.01484	0.01979	0.04274	0.72245	0.05128	0.02429	0.00990	0.00315	0.00450	0.02204	0.00720	0.00630
21	0.01634	0.04652	0.02029	0.01623	0.01928	0.05270	0.09542	0.10347	0.01746	0.02319	0.02335	0.05583	0.06641	0.10404	0.23124	0.00624	0.07959	0.00915	0.00489	0.00835
22	0.00945	0.00675	0.00900	0.01080	0.01125	0.00630	0.00720	0.01080	0.01484	0.01979	0.04274	0.72245	0.05128	0.02429	0.00990	0.00315	0.00450	0.02204	0.00720	0.00630
23	0.05606	0.01826	0.04457	0.01592	0.02147	0.01867	0.01341	0.35514	0.06897	0.17120	0.04516	0.02312	0.01753	0.01441	0.07662	0.00339	0.00905	0.00749	0.00752	0.01204
24	0.73533	0.05920	0.01320	0.01039	0.01530	0.01821	0.00870	0.02282	0.01335	0.03377	0.01080	0.01259	0.00849	0.00716	0.00481	0.00235	0.00614	0.00420	0.00471	0.00849
25	0.02896	0.03695	0.02197	0.01998	0.02397	0.69638	0.01498	0.03096	0.02197	0.01898	0.01199	0.01398	0.00999	0.00799	0.00699	0.00200	0.01398	0.00499	0.00400	0.00899
26	0.10478	0.02105	0.02208	0.01708	0.02314	0.02338	0.01410	0.59021	0.03413	0.04746	0.01783	0.01801	0.01271	0.00910	0.00746	0.00233	0.00828	0.00670	0.00746	0.01271
27	0.00963	0.00688	0.00921	0.01101	0.01154	0.00646	0.00752	0.01112	0.01503	0.02000	0.04263	0.68331	0.05087	0.02411	0.00995	0.00317	0.00466	0.05933	0.00719	0.00635
28	0.02093	0.04363	0.02038	0.01888	0.08070	0.04312	0.01365	0.13640	0.43381	0.03298	0.02693	0.05215	0.02104	0.01030	0.00779	0.00251	0.00709	0.00853	0.00717	0.01199
29	0.02536	0.01923	0.02129	0.01797	0.04575	0.02131	0.01410	0.45841	0.13677	0.04210	0.02226	0.04714	0.01749	0.01252	0.03887	0.00290	0.00853	0.02826	0.00744	0.01229

[dist]
# distance from previous block
# <min> <max>
0	1

[block]
# block no. 4 follows, 25 sequences, length 21
# corresponding to MSA columns:
# 184-204
name=unknown_E
#
# <colnr> <probs for GDERKNQSTAVLIFYWHMCP>
#	G	D	E	R	K	N	Q	S	T	A	V	L	I	F	Y	W	H	M	C	P
0	0.00947	0.00766	0.00841	0.00865	0.01077	0.00661	0.00633	0.01155	0.01775	0.02214	0.15469	0.19001	0.47897	0.01996	0.00929	0.00269	0.00399	0.01707	0.00738	0.00661
1	0.01608	0.01378	0.01608	0.01148	0.01837	0.01034	0.00919	0.01952	0.01608	0.02527	0.01378	0.01608	0.01148	0.00574	0.00574	0.00115	0.00574	0.00459	0.00459	0.77491
2	0.04201	0.01226	0.01739	0.18779	0.11647	0.03540	0.01363	0.01795	0.01512	0.05970	0.02093	0.17242	0.02063	0.01515	0.01261	0.16201	0.00764	0.00989	0.00480	0.05621
3	0.00945	0.00675	0.00900	0.01080	0.01125	0.00630	0.00720	0.01080	0.01484	0.01979	0.04274	0.72245	0.05128	0.02429	0.00990	0.00315	0.00450	0.02204	0.00720	0.00630
4	0.01638	0.01405	0.01622	0.01189	0.01854	0.01118	0.00948	0.02158	0.07753	0.02594	0.01546	0.01729	0.01264	0.00619	0.00595	0.00129	0.00578	0.00499	0.00491	0.70270
5	0.06814	0.10952	0.32891	0.02235	0.09272	0.01844	0.07890	0.02658	0.01743	0.14133	0.01654	0.01815	0.01183	0.00755	0.00720	0.00235	0.00982	0.00625	0.00461	0.01139
6	0.14360	0.02087	0.02057	0.03907	0.02256	0.13721	0.05318	0.24080	0.06798	0.03403	0.01697	0.01875	0.01293	0.00883	0.00806	0.00234	0.05044	0.00647	0.08491	0.01043
7	0.00945	0.00675	0.00900	0.01080	0.01125	0.00630	0.00720	0.01080	0.01484	0.01979	0.04274	0.72245	0.05128	0.02429	0.00990	0.00315	0.00450	0.02204	0.00720	0.00630
8	0.01629	0.02256	0.19431	0.10912	0.15741	0.01705	0.22084	0.02230	0.01701	0.02372	0.01831	0.09207	0.01619	0.00919	0.00839	0.00260	0.01058	0.02764	0.00412	0.01032
9	0.01069	0.00788	0.00999	0.00973	0.01133	0.00755	0.00710	0.01338	0.01818	0.02500	0.37405	0.07902	0.15273	0.11722	0.11733	0.00468	0.00683	0.01345	0.00711	0.00675
10	0.00945	0.00675	0.00900	0.01080	0.01125	0.00630	0.00720	0.01080	0.01484	0.01979	0.04274	0.72245	0.05128	0.02429	0.00990	0.00315	0.00450	0.02204	0.00720	0.00630
11	0.22112	0.36127	0.02833	0.01403	0.01954	0.10946	0.01250	0.08354	0.01766	0.02557	0.01165	0.01344	0.00987	0.00749	0.00629	0.00203	0.03768	0.00464	0.00421	0.00967
12	0.00940	0.00692	0.00882	0.01035	0.01113	0.00634	0.00700	0.01085	0.01527	0.01997	0.04816	0.62433	0.14590	0.02359	0.00979	0.00307	0.00441	0.02118	0.00720	0.00634
13	0.01647	0.03052	0.38756	0.09224	0.03803	0.01852	0.25659	0.02420	0.01700	0.02420	0.01455	0.01845	0.01059	0.00710	0.00806	0.00253	0.01194	0.00710	0.00353	0.01082
14	0.02001	0.01954	0.01642	0.04605	0.01910	0.21965	0.01124	0.14539	0.02074	0.02438	0.02568	0.09757	0.08189	0.15681	0.05804	0.00402	0.01002	0.00965	0.00548	0.00833
15	0.02900	0.03600	0.02205	0.01984	0.02397	0.65430	0.01497	0.06991	0.02288	0.02085	0.01240	0.01427	0.01019	0.00807	0.00704	0.00202	0.01364	0.00512	0.00423	0.00925
16	0.02025	0.02021	0.02201	0.04804	0.08419	0.18285	0.06619	0.05859	0.01795	0.02398	0.01556	0.01974	0.01286	0.00950	0.01165	0.00243	0.18885	0.00667	0.17938	0.00911
17	0.00922	0.00765	0.00807	0.00840	0.01062	0.00650	0.00613	0.01107	0.01715	0.02073	0.07194	0.19414	0.56074	0.02050	0.00930	0.00272	0.00403	0.01741	0.00720	0.00650
18	0.01190	0.00818	0.00970	0.00946	0.01000	0.00842	0.00595	0.03559	0.01307	0.01775	0.06597	0.04714	0.02931	0.55963	0.12971	0.00770	0.00919	0.01087	0.00498	0.00550
19	0.02332	0.02620	0.02275	0.17304	0.02977	0.34178	0.01683	0.08432	0.01978	0.02190	0.01263	0.01653	0.01040	0.00923	0.01109	0.00245	0.15872	0.00598	0.00410	0.00919
20	0.00934	0.00779	0.00814	0.00819	0.01061	0.00660	0.00609	0.01141	0.01787	0.02174	0.12733	0.11179	0.58732	0.01959	0.00921	0.00263	0.00394	0.01650	0.00731	0.00660

[dist]
# distance from previous block
# <min> <max>
0	1

[block]
# block no. 5 follows, 25 sequences, length 122
# corresponding to MSA columns:
# 206-327
name=unknown_F
#
# <colnr> <probs for GDERKNQSTAVLIFYWHMCP>
#	G	D	E	R	K	N	Q	S	T	A	V	L	I	F	Y	W	H	M	C	P
0	0.01817	0.11101	0.08873	0.02459	0.14897	0.01891	0.13134	0.05427	0.04814	0.04660	0.08534	0.02535	0.04508	0.01116	0.03424	0.00281	0.08196	0.00811	0.00488	0.01033
1	0.01708	0.01438	0.01680	0.01241	0.01871	0.01200	0.00995	0.07631	0.01769	0.02691	0.01512	0.04220	0.01304	0.00708	0.00692	0.00142	0.03633	0.00554	0.00492	0.64519
2	0.01028	0.00734	0.00949	0.01093	0.01157	0.00701	0.00734	0.03434	0.01545	0.02061	0.04089	0.66129	0.04867	0.06080	0.01138	0.00335	0.00481	0.02092	0.00709	0.00647
3	0.41789	0.01881	0.01853	0.07170	0.14903	0.10881	0.01384	0.04413	0.01611	0.02947	0.01214	0.01505	0.00974	0.00763	0.00686	0.00238	0.03879	0.00524	0.00444	0.00941
4	0.02035	0.01595	0.01712	0.01524	0.01964	0.01810	0.01190	0.03990	0.58360	0.08591	0.03120	0.02872	0.02313	0.01038	0.00777	0.00257	0.00606	0.00862	0.04171	0.01213
5	0.01608	0.01378	0.01608	0.01148	0.01837	0.01034	0.00919	0.01952	0.01608	0.02527	0.01378	0.01608	0.01148	0.00574	0.00574	0.00115	0.00574	0.00459	0.00459	0.77491
6	0.02318	0.02486	0.02286	0.05031	0.02437	0.29483	0.07051	0.05726	0.01961	0.02259	0.01957	0.05267	0.03779	0.09464	0.03334	0.00368	0.12492	0.00837	0.00510	0.00955
7	0.00945	0.00675	0.00900	0.01080	0.01125	0.00630	0.00720	0.01080	0.01484	0.01979	0.04274	0.72245	0.05128	0.02429	0.00990	0.00315	0.00450	0.02204	0.00720	0.00630
8	0.01803	0.02587	0.22907	0.09517	0.28449	0.05258	0.13494	0.02421	0.01741	0.02420	0.01437	0.01852	0.01116	0.00711	0.00782	0.00241	0.01090	0.00685	0.00366	0.01122
9	0.01763	0.01945	0.08877	0.02668	0.07680	0.01704	0.35815	0.02496	0.08257	0.04852	0.06905	0.02879	0.02008	0.04488	0.01033	0.00285	0.01048	0.03772	0.00499	0.01026
10	0.00945	0.00675	0.00900	0.01080	0.01125	0.00630	0.00720	0.01080	0.01484	0.01979	0.04274	0.72245	0.05128	0.02429	0.00990	0.00315	0.00450	0.02204	0.00720	0.00630
11	0.01075	0.00849	0.00997	0.01120	0.01193	0.04111	0.00763	0.01224	0.01497	0.01963	0.05942	0.55312	0.04540	0.07712	0.07422	0.00423	0.00664	0.01889	0.00663	0.00641
12	0.00945	0.00675	0.00900	0.01080	0.01125	0.00630	0.00720	0.01080	0.01484	0.01979	0.04274	0.72245	0.05128	0.02429	0.00990	0.00315	0.00450	0.02204	0.00720	0.00630
13	0.02525	0.01962	0.01972	0.01625	0.02115	0.07974	0.01286	0.31217	0.21453	0.08991	0.02329	0.02474	0.01779	0.07455	0.01060	0.00286	0.00807	0.00778	0.00733	0.01178
14	0.01880	0.01810	0.02927	0.06693	0.57949	0.04067	0.02247	0.02325	0.01774	0.02474	0.01668	0.02478	0.01484	0.00819	0.00791	0.00241	0.00924	0.05875	0.00411	0.01161
15	0.02896	0.03695	0.02197	0.01998	0.02397	0.69638	0.01498	0.03096	0.02197	0.01898	0.01199	0.01398	0.00999	0.00799	0.00699	0.00200	0.01398	0.00499	0.00400	0.00899
16	0.01445	0.00723	0.00723	0.00723	0.00903	0.00723	0.00542	0.01807	0.01626	0.02891	0.02529	0.02891	0.01987	0.00903	0.00542	0.00181	0.00361	0.00723	0.77055	0.00723
17	0.01118	0.00789	0.01037	0.01037	0.01103	0.00855	0.00708	0.01250	0.01184	0.01645	0.02268	0.04107	0.02399	0.40818	0.35305	0.00988	0.01384	0.00986	0.00444	0.00576
18	0.01109	0.00824	0.01211	0.01211	0.01337	0.00950	0.00925	0.01362	0.01236	0.01774	0.02109	0.03224	0.02016	0.11702	0.63897	0.01203	0.01960	0.00857	0.00420	0.00673
19	0.06846	0.04505	0.01893	0.04580	0.02113	0.01280	0.01181	0.03560	0.02117	0.59368	0.02800	0.02486	0.01787	0.00927	0.00753	0.00238	0.00682	0.00742	0.00881	0.01261
20	0.02848	0.03593	0.02175	0.01976	0.02378	0.66224	0.01484	0.03148	0.05440	0.01965	0.01297	0.01474	0.01068	0.00812	0.00704	0.00203	0.01359	0.00518	0.00419	0.00915
21	0.01623	0.01402	0.01685	0.01330	0.05169	0.01074	0.00992	0.01974	0.01616	0.02527	0.01382	0.01623	0.01152	0.00580	0.00584	0.00121	0.00592	0.00471	0.00456	0.73646
22	0.01445	0.00723	0.00723	0.00723	0.00903	0.00723	0.00542	0.01807	0.01626	0.02891	0.02529	0.02891	0.01987	0.00903	0.00542	0.00181	0.00361	0.00723	0.77055	0.00723
23	0.05919	0.03186	0.02308	0.02200	0.07429	0.52770	0.04540	0.02858	0.02029	0.02038	0.01257	0.01542	0.01055	0.00999	0.03461	0.00253	0.04287	0.00551	0.00400	0.00918
24	0.01774	0.02181	0.09569	0.09433	0.04115	0.01926	0.54234	0.02435	0.01789	0.02435	0.01537	0.02052	0.01148	0.00672	0.00888	0.00260	0.01269	0.00866	0.00383	0.01037
25	0.02688	0.02032	0.02184	0.01700	0.02301	0.02220	0.01391	0.51181	0.12444	0.04451	0.02005	0.01987	0.01454	0.00918	0.00760	0.00227	0.00795	0.00703	0.00751	0.07810
26	0.01095	0.00749	0.00904	0.00934	0.00959	0.00759	0.00573	0.01152	0.01201	0.01619	0.02699	0.15902	0.03090	0.52836	0.11624	0.00741	0.00867	0.01268	0.00504	0.00524
27	0.01333	0.01198	0.04632	0.01445	0.03601	0.01277	0.01106	0.03603	0.01366	0.01954	0.05337	0.03362	0.02204	0.23037	0.27065	0.00769	0.14650	0.00894	0.00446	0.00721
28	0.00916	0.00785	0.00785	0.00785	0.01047	0.00655	0.00589	0.01113	0.01767	0.02095	0.07855	0.07462	0.67599	0.01964	0.00916	0.00262	0.00393	0.01636	0.00720	0.00655
29	0.06414	0.20544	0.02683	0.01838	0.05500	0.23891	0.01448	0.20848	0.04949	0.02908	0.01444	0.01571	0.01148	0.00803	0.00666	0.00207	0.01002	0.00556	0.00510	0.01071
30	0.04477	0.03099	0.42494	0.02214	0.06124	0.01742	0.08316	0.05195	0.03915	0.07065	0.01590	0.01796	0.01143	0.00747	0.00740	0.00236	0.01025	0.00626	0.00428	0.07027
31	0.02124	0.08841	0.02466	0.11467	0.12219	0.01939	0.04889	0.10660	0.21503	0.09458	0.02249	0.02532	0.01738	0.00925	0.00771	0.00246	0.00811	0.03403	0.00615	0.01144
32	0.01097	0.00793	0.01036	0.00975	0.01158	0.00732	0.00732	0.01463	0.02195	0.03109	0.67505	0.05792	0.07316	0.01585	0.00914	0.00244	0.00366	0.01402	0.00854	0.00732
33	0.01113	0.00738	0.00861	0.00885	0.00891	0.00732	0.00513	0.01116	0.01170	0.01560	0.02640	0.14022	0.03063	0.60005	0.03505	0.04245	0.00707	0.01252	0.00497	0.00485
34	0.04752	0.01688	0.03039	0.29409	0.18155	0.01800	0.19885	0.04506	0.01741	0.02409	0.01566	0.04679	0.01275	0.00789	0.00810	0.00254	0.01040	0.00801	0.00402	0.01000
35	0.07145	0.23016	0.35460	0.01903	0.02765	0.10114	0.04836	0.02482	0.01672	0.02286	0.01268	0.01493	0.00986	0.00719	0.00656	0.00218	0.01057	0.00524	0.00350	0.01049
36	0.00960	0.00686	0.00917	0.01097	0.01149	0.00643	0.00746	0.01106	0.01499	0.01996	0.04265	0.69082	0.05095	0.02415	0.00994	0.00317	0.00463	0.05218	0.00719	0.00634
37	0.01783	0.04144	0.01959	0.04592	0.02185	0.01400	0.04269	0.07964	0.08279	0.02759	0.01598	0.01791	0.01276	0.00671	0.00637	0.00156	0.00671	0.00554	0.00508	0.52805
38	0.01911	0.05729	0.18966	0.06520	0.29145	0.09845	0.08563	0.02445	0.01744	0.02344	0.01380	0.01773	0.01107	0.00747	0.00844	0.00237	0.04578	0.00649	0.00366	0.01105
39	0.00945	0.00675	0.00900	0.01080	0.01125	0.00630	0.00720	0.01080	0.01484	0.01979	0.04274	0.72245	0.05128	0.02429	0.00990	0.00315	0.00450	0.02204	0.00720	0.00630
40	0.01728	0.01997	0.11353	0.15484	0.23628	0.01767	0.16068	0.04460	0.04765	0.02481	0.01780	0.07676	0.01522	0.00869	0.00817	0.00253	0.01001	0.00856	0.00431	0.01066
41	0.02611	0.03158	0.02084	0.01884	0.02248	0.53868	0.01430	0.04933	0.05195	0.02115	0.04808	0.01807	0.01449	0.01122	0.04065	0.00263	0.05007	0.00596	0.00451	0.00907
42	0.00945	0.00675	0.00900	0.01080	0.01125	0.00630	0.00720	0.01080	0.01484	0.01979	0.04274	0.72245	0.05128	0.02429	0.00990	0.00315	0.00450	0.02204	0.00720	0.00630
43	0.02060	0.01705	0.01812	0.01589	0.02039	0.01946	0.01245	0.14961	0.51818	0.03473	0.02982	0.06330	0.02323	0.01102	0.00797	0.00260	0.00648	0.00914	0.00783	0.01212
44	0.00945	0.00675	0.00900	0.01080	0.01125	0.00630	0.00720	0.01080	0.01484	0.01979	0.04274	0.72245	0.05128	0.02429	0.00990	0.00315	0.00450	0.02204	0.00720	0.00630
45	0.68599	0.01545	0.01267	0.01098	0.01595	0.01765	0.00905	0.07447	0.01550	0.06672	0.01237	0.01374	0.00930	0.00748	0.00518	0.00239	0.00623	0.00459	0.00526	0.00901
46	0.01116	0.00796	0.01069	0.01069	0.01146	0.00873	0.00748	0.01271	0.01194	0.01669	0.02239	0.03945	0.02329	0.35472	0.40554	0.01027	0.01490	0.00962	0.00439	0.00594
47	0.02737	0.12869	0.02429	0.01877	0.02323	0.54564	0.01460	0.05419	0.05558	0.02073	0.01311	0.01474	0.01083	0.00799	0.00680	0.00200	0.01260	0.00515	0.00425	0.00945
48	0.02896	0.03695	0.02197	0.01998	0.02397	0.69638	0.01498	0.03096	0.02197	0.01898	0.01199	0.01398	0.00999	0.00799	0.00699	0.00200	0.01398	0.00499	0.00400	0.00899
49	0.01008	0.00744	0.00940	0.01023	0.01150	0.00685	0.00735	0.01225	0.01724	0.02294	0.20590	0.36999	0.16525	0.04364	0.01059	0.00305	0.00450	0.06774	0.00745	0.00661
50	0.02025	0.01723	0.01878	0.01758	0.05376	0.01970	0.01309	0.09858	0.57265	0.03364	0.02947	0.02746	0.02210	0.01022	0.00787	0.00258	0.00652	0.00850	0.00767	0.01236
51	0.02815	0.01689	0.04606	0.01683	0.05531	0.01605	0.01338	0.21764	0.07944	0.32211	0.05958	0.02696	0.04524	0.01006	0.00789	0.00240	0.00721	0.00815	0.00821	0.01245
52	0.01043	0.00790	0.00961	0.00919	0.01125	0.00709	0.00689	0.01358	0.02067	0.02805	0.49623	0.06292	0.25388	0.01699	0.00915	0.00249	0.00374	0.01472	0.00814	0.00709
53	0.01573	0.01341	0.01570	0.01145	0.01800	0.01012	0.00908	0.01906	0.01601	0.02498	0.01531	0.05330	0.01358	0.00672	0.00596	0.00125	0.00568	0.00551	0.00473	0.73440
54	0.01804	0.01727	0.05570	0.08601	0.33520	0.01626	0.01842	0.08004	0.04387	0.02752	0.07294	0.05288	0.01930	0.00871	0.00764	0.00224	0.00807	0.00787	0.00495	0.11708
55	0.49661	0.04257	0.09121	0.01437	0.01988	0.01721	0.08419	0.02210	0.01406	0.02990	0.01259	0.01576	0.01004	0.01188	0.06235	0.02812	0.00871	0.00535	0.00438	0.00874
56	0.00959	0.00685	0.00916	0.01096	0.01147	0.00642	0.00745	0.01104	0.01499	0.01995	0.04266	0.69253	0.05097	0.02416	0.00993	0.00317	0.00462	0.05055	0.00719	0.00634
57	0.01608	0.01378	0.01608	0.01148	0.01837	0.01034	0.00919	0.01952	0.01608	0.02527	0.01378	0.01608	0.01148	0.00574	0.00574	0.00115	0.00574	0.00459	0.00459	0.77491
58	0.04927	0.01394	0.01837	0.01443	0.01953	0.01273	0.07290	0.07691	0.04024	0.04922	0.02007	0.13306	0.01878	0.01084	0.00891	0.04047	0.02957	0.00852	0.00544	0.35682
59	0.02905	0.02222	0.02298	0.01786	0.02389	0.05500	0.01465	0.60013	0.06077	0.04683	0.01882	0.01881	0.01345	0.00929	0.00773	0.00232	0.00869	0.00696	0.00759	0.01296
60	0.00945	0.00675	0.00900	0.01080	0.01125	0.00630	0.00720	0.01080	0.01484	0.01979	0.04274	0.72245	0.05128	0.02429	0.00990	0.00315	0.00450	0.02204	0.00720	0.00630
61	0.04369	0.02795	0.36450	0.02194	0.10139	0.01713	0.02151	0.02693	0.15818	0.02723	0.07355	0.02502	0.01945	0.00915	0.00768	0.00251	0.00906	0.02704	0.00496	0.01114
62	0.02276	0.01660	0.01917	0.04815	0.02137	0.01833	0.01288	0.38068	0.02759	0.05835	0.06855	0.07836	0.05189	0.01494	0.04493	0.04368	0.04503	0.00912	0.00696	0.01065
63	0.00945	0.00675	0.00900	0.01080	0.01125	0.00630	0.00720	0.01080	0.01484	0.01979	0.04274	0.72245	0.05128	0.02429	0.00990	0.00315	0.00450	0.02204	0.00720	0.00630
64	0.02073	0.73217	0.04063	0.01327	0.01990	0.03068	0.01327	0.02322	0.01575	0.01824	0.01078	0.01244	0.00995	0.00663	0.00498	0.00166	0.00829	0.00415	0.00332	0.00995
65	0.00945	0.00675	0.00900	0.01080	0.01125	0.00630	0.00720	0.01080	0.01484	0.01979	0.04274	0.72245	0.05128	0.02429	0.00990	0.00315	0.00450	0.02204	0.00720	0.00630
66	0.04785	0.01773	0.02436	0.39462	0.19362	0.08572	0.02018	0.05292	0.04545	0.02353	0.01467	0.01960	0.01139	0.00775	0.00755	0.00244	0.01000	0.00669	0.00404	0.00988
67	0.01555	0.04011	0.68733	0.02210	0.03356	0.01801	0.02865	0.02455	0.01637	0.02455	0.01391	0.01637	0.00982	0.00737	0.00737	0.00246	0.01146	0.00573	0.00327	0.01146
68	0.02896	0.03695	0.02197	0.01998	0.02397	0.69638	0.01498	0.03096	0.02197	0.01898	0.01199	0.01398	0.00999	0.00799	0.00699	0.00200	0.01398	0.00499	0.00400	0.00899
69	0.01972	0.01718	0.02411	0.05986	0.31994	0.01846	0.01785	0.03225	0.31618	0.05697	0.02307	0.02405	0.01775	0.00873	0.00778	0.00247	0.00773	0.00780	0.00594	0.01216
70	0.00928	0.00789	0.00802	0.00808	0.01067	0.00663	0.00612	0.01130	0.01768	0.02102	0.07724	0.07507	0.65405	0.01970	0.00922	0.00265	0.00404	0.03759	0.00720	0.00657
71	0.02207	0.04757	0.02033	0.01762	0.05528	0.02020	0.01333	0.15407	0.45233	0.06891	0.02732	0.02566	0.02030	0.00989	0.00773	0.00250	0.00686	0.00809	0.00755	0.01240
72	0.01553	0.03229	0.48433	0.02083	0.02945	0.01778	0.04914	0.02346	0.04117	0.02477	0.08018	0.02125	0.01679	0.00909	0.00993	0.00259	0.09979	0.00694	0.00402	0.01066
73	0.00985	0.00777	0.00888	0.00883	0.01095	0.00680	0.00654	0.01236	0.01894	0.02450	0.29051	0.13325	0.39581	0.01873	0.00923	0.00261	0.00389	0.01608	0.00768	0.00680
74	0.05011	0.08667	0.04022	0.01487	0.04997	0.10028	0.01115	0.02017	0.06230	0.02238	0.02387	0.24721	0.02493	0.01360	0.00850	0.03542	0.00709	0.01082	0.00535	0.16509
75	0.05961	0.16860	0.31923	0.02242	0.12239	0.04387	0.02122	0.05260	0.01765	0.05934	0.01424	0.01634	0.01083	0.00732	0.00678	0.00221	0.00974	0.00561	0.00404	0.03596
76	0.27364	0.01936	0.09358	0.03753	0.12422	0.07405	0.01436	0.05059	0.04521	0.06048	0.01758	0.02004	0.04221	0.01016	0.00897	0.07944	0.00805	0.00626	0.00484	0.00945
77	0.02911	0.05225	0.04944	0.01506	0.02099	0.01618	0.01290	0.17701	0.09343	0.37220	0.06018	0.02540	0.02026	0.00971	0.00771	0.00237	0.00714	0.00777	0.00834	0.01255
78	0.01128	0.00752	0.00846	0.00846	0.00846	0.00752	0.00470	0.01128	0.01128	0.01503	0.02443	0.05074	0.02819	0.72751	0.03946	0.00752	0.00752	0.01128	0.00470	0.00470
79	0.03145	0.01453	0.01837	0.01421	0.02001	0.01355	0.01161	0.13402	0.05136	0.49666	0.02762	0.02559	0.01834	0.03503	0.00882	0.00251	0.00687	0.00766	0.00879	0.05299
80	0.02728	0.06700	0.02300	0.02032	0.04674	0.56696	0.01510	0.05687	0.02153	0.02045	0.01254	0.01493	0.01052	0.00974	0.02980	0.00239	0.03621	0.00527	0.00411	0.00925
81	0.00956	0.00683	0.00912	0.01092	0.01142	0.00639	0.00739	0.01098	0.01495	0.01991	0.04267	0.69977	0.05104	0.02419	0.00993	0.00316	0.00459	0.04365	0.00720	0.00633
82	0.01898	0.01659	0.01888	0.04740	0.07619	0.01884	0.01352	0.03816	0.56334	0.03109	0.02883	0.02736	0.02177	0.00995	0.00780	0.00255	0.00656	0.00840	0.00726	0.03652
83	0.02112	0.02029	0.02454	0.09146	0.16797	0.17680	0.07984	0.02475	0.01874	0.09073	0.07764	0.02528	0.01909	0.01108	0.03182	0.00278	0.07106	0.03016	0.00497	0.00991
84	0.00945	0.00675	0.00900	0.01080	0.01125	0.00630	0.00720	0.01080	0.01484	0.01979	0.04274	0.72245	0.05128	0.02429	0.00990	0.00315	0.00450	0.02204	0.00720	0.00630
85	0.01820	0.01837	0.09114	0.19297	0.19902	0.01769	0.01882	0.08540	0.15002	0.02717	0.01860	0.02186	0.01437	0.00922	0.00873	0.04090	0.00864	0.00717	0.04098	0.01071
86	0.01927	0.06709	0.07602	0.01786	0.02148	0.05224	0.04439	0.09291	0.07285	0.02544	0.01990	0.02717	0.01770	0.08263	0.20427	0.00609	0.12906	0.00815	0.00536	0.01011
87	0.00945	0.00675	0.00900	0.01080	0.01125	0.00630	0.00720	0.01080	0.01484	0.01979	0.04274	0.72245	0.05128	0.02429	0.00990	0.00315	0.00450	0.02204	0.00720	0.00630
88	0.02719	0.03398	0.02086	0.01899	0.02287	0.61724	0.01426	0.03011	0.04974	0.02011	0.04135	0.01834	0.03470	0.00879	0.00719	0.00206	0.01291	0.00589	0.00445	0.00899
89	0.00960	0.00686	0.00916	0.01087	0.01141	0.00642	0.00737	0.01110	0.01519	0.02030	0.06474	0.67879	0.05183	0.02390	0.00990	0.00314	0.00455	0.04127	0.00724	0.00636
90	0.15519	0.03334	0.50271	0.01997	0.02978	0.01762	0.05081	0.02494	0.01618	0.06089	0.01430	0.01641	0.01014	0.00742	0.00700	0.00245	0.01029	0.00571	0.00391	0.01095
91	0.01347	0.00673	0.01010	0.01010	0.01010	0.00673	0.00673	0.01010	0.01010	0.01347	0.01347	0.02357	0.01347	0.02694	0.03030	0.77441	0.00673	0.00673	0.00337	0.00337
92	0.02896	0.03695	0.02197	0.01998	0.02397	0.69638	0.01498	0.03096	0.02197	0.01898	0.01199	0.01398	0.00999	0.00799	0.00699	0.00200	0.01398	0.00499	0.00400	0.00899
93	0.01445	0.00723	0.00723	0.00723	0.00903	0.00723	0.00542	0.01807	0.01626	0.02891	0.02529	0.02891	0.01987	0.00903	0.00542	0.00181	0.00361	0.00723	0.77055	0.00723
94	0.01830	0.02092	0.04575	0.03268	0.04052	0.01961	0.65098	0.02484	0.01830	0.02484	0.01569	0.02092	0.01176	0.00654	0.00915	0.00261	0.01307	0.00915	0.00392	0.01046
95	0.01464	0.01378	0.02326	0.70887	0.05340	0.01723	0.02153	0.01981	0.01550	0.01981	0.01378	0.02067	0.01034	0.00775	0.00775	0.00258	0.01034	0.00689	0.00345	0.00861
96	0.01445	0.00723	0.00723	0.00723	0.00903	0.00723	0.00542	0.01807	0.01626	0.02891	0.02529	0.02891	0.01987	0.00903	0.00542	0.00181	0.00361	0.00723	0.77055	0.00723
97	0.02073	0.73217	0.04063	0.01327	0.01990	0.03068	0.01327	0.02322	0.01575	0.01824	0.01078	0.01244	0.00995	0.00663	0.00498	0.00166	0.00829	0.00415	0.00332	0.00995
98	0.01685	0.01681	0.02373	0.05299	0.02192	0.02344	0.01718	0.01871	0.01205	0.01871	0.01035	0.01714	0.01019	0.01330	0.02461	0.00335	0.68000	0.00679	0.00340	0.00849
99	0.03479	0.01320	0.01799	0.01380	0.01979	0.01140	0.01140	0.03779	0.02219	0.68451	0.03059	0.02639	0.01919	0.00960	0.00780	0.00240	0.00660	0.00780	0.00960	0.01320
100	0.03316	0.01362	0.01804	0.01392	0.01972	0.01221	0.01146	0.08638	0.02333	0.60018	0.06211	0.02735	0.02143	0.00989	0.00786	0.00240	0.00661	0.00805	0.00939	0.01290
101	0.01619	0.04952	0.11363	0.37723	0.04540	0.01865	0.22424	0.02216	0.01652	0.02195	0.01428	0.01987	0.01071	0.00727	0.00804	0.00254	0.01127	0.00736	0.00357	0.00961
102	0.01608	0.01378	0.01608	0.01148	0.01837	0.01034	0.00919	0.01952	0.01608	0.02527	0.01378	0.01608	0.01148	0.00574	0.00574	0.00115	0.00574	0.00459	0.00459	0.77491
103	0.01445	0.00723	0.00723	0.00723	0.00903	0.00723	0.00542	0.01807	0.01626	0.02891	0.02529	0.02891	0.01987	0.00903	0.00542	0.00181	0.00361	0.00723	0.77055	0.00723
104	0.01128	0.00752	0.00846	0.00846	0.00846	0.00752	0.00470	0.01128	0.01128	0.01503	0.02443	0.05074	0.02819	0.72751	0.03946	0.00752	0.00752	0.01128	0.00470	0.00470
105	0.01608	0.01378	0.01608	0.01148	0.01837	0.01034	0.00919	0.01952	0.01608	0.02527	0.01378	0.01608	0.01148	0.00574	0.00574	0.00115	0.00574	0.00459	0.00459	0.77491
106	0.01445	0.00723	0.00723	0.00723	0.00903	0.00723	0.00542	0.01807	0.01626	0.02891	0.02529	0.02891	0.01987	0.00903	0.00542	0.00181	0.00361	0.00723	0.77055	0.00723
107	0.01730	0.01361	0.01599	0.01188	0.01814	0.01083	0.00950	0.04930	0.01720	0.06053	0.01660	0.02152	0.01422	0.04081	0.00775	0.00168	0.00606	0.03267	0.00512	0.62929
108	0.02399	0.12259	0.02952	0.05438	0.02791	0.38010	0.14560	0.02710	0.01923	0.02009	0.01252	0.01577	0.01038	0.00798	0.00878	0.00223	0.07269	0.00598	0.00381	0.00936
109	0.02757	0.03383	0.02219	0.02065	0.04591	0.58453	0.01523	0.05058	0.05541	0.02084	0.01322	0.01523	0.01089	0.00839	0.00796	0.00212	0.04638	0.00540	0.00428	0.00938
110	0.02079	0.05163	0.02243	0.06503	0.05759	0.04542	0.08734	0.10758	0.05040	0.14041	0.02519	0.19559	0.02331	0.01269	0.00947	0.00263	0.05513	0.01096	0.00632	0.01010
111	0.02268	0.01715	0.01924	0.01431	0.02087	0.01625	0.01166	0.29147	0.02508	0.06590	0.01663	0.01764	0.01257	0.00745	0.00670	0.00171	0.00698	0.00576	0.00618	0.41379
112	0.00941	0.00690	0.00884	0.01038	0.01114	0.00633	0.00701	0.01084	0.01524	0.01995	0.04776	0.63156	0.13893	0.02364	0.00979	0.00307	0.00442	0.02125	0.00720	0.00633
113	0.10668	0.08356	0.02702	0.06122	0.21084	0.12843	0.08950	0.02327	0.01700	0.02346	0.01568	0.05114	0.01429	0.00921	0.00904	0.00246	0.07382	0.03933	0.00419	0.00983
114	0.00942	0.00686	0.00888	0.01050	0.01117	0.00632	0.00707	0.01083	0.01513	0.01991	0.04631	0.65778	0.11364	0.02383	0.00982	0.00310	0.00444	0.02148	0.00720	0.00632
115	0.01930	0.04273	0.02401	0.02074	0.04938	0.08887	0.01647	0.07872	0.01553	0.02173	0.01173	0.01727	0.01086	0.01375	0.04514	0.00339	0.50076	0.00660	0.00390	0.00912
116	0.02046	0.04924	0.05644	0.01562	0.02251	0.04506	0.06376	0.15548	0.02103	0.05206	0.01533	0.01712	0.01191	0.00691	0.00662	0.00169	0.00772	0.00563	0.00523	0.42017
117	0.04903	0.13622	0.04878	0.05547	0.11934	0.28585	0.04468	0.09100	0.02042	0.02384	0.01303	0.01578	0.01069	0.00793	0.00789	0.00218	0.04783	0.00571	0.00420	0.01012
118	0.03143	0.01747	0.02050	0.01584	0.02185	0.01788	0.01305	0.33356	0.06263	0.34518	0.02489	0.02279	0.01654	0.00951	0.00778	0.00238	0.00750	0.00746	0.00862	0.01314
119	0.01310	0.00897	0.01017	0.01043	0.01074	0.00856	0.00622	0.01279	0.01337	0.01805	0.02980	0.18726	0.03421	0.56262	0.03327	0.00684	0.00756	0.01391	0.00590	0.00621
120	0.01230	0.01033	0.01679	0.01496	0.01681	0.01123	0.09901	0.01489	0.01337	0.01876	0.02285	0.12358	0.02336	0.15201	0.35671	0.00842	0.06233	0.01063	0.00456	0.00708
121	0.02774	0.15709	0.02334	0.01494	0.02027	0.08022	0.01262	0.16714	0.02303	0.26555	0.02091	0.02055	0.01482	0.00897	0.00789	0.00221	0.04469	0.00655	0.07004	0.01144

[dist]
# distance from previous block
# <min> <max>
0	1

[block]
# block no. 6 follows, 25 sequences, length 124
# corresponding to MSA columns:
# 329-452
name=unknown_G
#
# <colnr> <probs for GDERKNQSTAVLIFYWHMCP>
#	G	D	E	R	K	N	Q	S	T	A	V	L	I	F	Y	W	H	M	C	P
0	0.02229	0.02612	0.02463	0.21010	0.08579	0.35864	0.07621	0.02575	0.01916	0.02030	0.01461	0.05330	0.01256	0.00854	0.00760	0.00230	0.01203	0.00693	0.00399	0.00915
1	0.09699	0.11184	0.05426	0.01708	0.02290	0.08177	0.01474	0.39736	0.02813	0.03832	0.01564	0.01669	0.01174	0.00882	0.00807	0.00229	0.04946	0.00613	0.00615	0.01163
2	0.02811	0.02217	0.02425	0.01997	0.05821	0.06054	0.03915	0.53967	0.05777	0.04448	0.01842	0.01887	0.01331	0.00905	0.00777	0.00233	0.00895	0.00702	0.00721	0.01277
3	0.00942	0.00731	0.00860	0.00961	0.01106	0.00649	0.00679	0.01111	0.01619	0.02041	0.05851	0.41579	0.32715	0.02214	0.00960	0.00293	0.00433	0.03893	0.00720	0.00643
4	0.01980	0.01719	0.01789	0.05655	0.05010	0.07888	0.01263	0.11318	0.20447	0.03130	0.14010	0.06522	0.13024	0.01376	0.00902	0.00284	0.00741	0.01102	0.00759	0.01082
5	0.01744	0.01388	0.01513	0.01333	0.01584	0.05311	0.01009	0.19218	0.01974	0.02609	0.02464	0.03460	0.07027	0.22238	0.19442	0.00643	0.04760	0.00912	0.00550	0.00822
