[name]
unknown

[dist]
# distance from previous block
# <min> <max>
0	25

[block]
# block no. 0 follows, 24 sequences, length 73
# corresponding to MSA columns:
# 25-97
name=unknown_A
#
# <colnr> <probs for GDERKNQSTAVLIFYWHMCP>
#	G	D	E	R	K	N	Q	S	T	A	V	L	I	F	Y	W	H	M	C	P
0	0.01278	0.00913	0.01278	0.01460	0.01643	0.00913	0.01278	0.01643	0.01825	0.02373	0.04199	0.08945	0.04564	0.02191	0.01095	0.00365	0.00730	0.61847	0.00730	0.00730
1	0.03280	0.01795	0.02116	0.01622	0.02246	0.01826	0.01340	0.34849	0.03015	0.35697	0.02503	0.02293	0.01649	0.00966	0.00795	0.00242	0.00776	0.00755	0.00885	0.01349
2	0.01558	0.01435	0.02325	0.61175	0.04997	0.01783	0.02092	0.04862	0.01664	0.02157	0.01527	0.04735	0.01229	0.00893	0.00888	0.00269	0.04367	0.00764	0.00387	0.00893
3	0.01703	0.01444	0.01676	0.01202	0.01904	0.01117	0.00964	0.04680	0.01734	0.02688	0.01431	0.01655	0.01182	0.00603	0.00596	0.00123	0.00600	0.00480	0.00484	0.73735
4	0.02595	0.01455	0.01794	0.01334	0.01993	0.01227	0.01088	0.08302	0.02099	0.31068	0.02199	0.02125	0.01532	0.00790	0.00697	0.00184	0.00650	0.00633	0.00720	0.37515
5	0.01644	0.01409	0.01644	0.01175	0.01879	0.01057	0.00940	0.01997	0.01644	0.02584	0.01409	0.01644	0.01175	0.00587	0.00587	0.00117	0.00587	0.00470	0.00470	0.76979
6	0.02502	0.17759	0.06056	0.01633	0.02233	0.04967	0.01440	0.24973	0.10230	0.09266	0.01920	0.01957	0.01438	0.00895	0.00779	0.00224	0.03488	0.00655	0.03577	0.04007
7	0.01644	0.01409	0.01644	0.01175	0.01879	0.01057	0.00940	0.01997	0.01644	0.02584	0.01409	0.01644	0.01175	0.00587	0.00587	0.00117	0.00587	0.00470	0.00470	0.76979
8	0.01081	0.00900	0.01265	0.01173	0.01410	0.00808	0.06661	0.01353	0.01848	0.02415	0.21579	0.23975	0.28726	0.01911	0.00957	0.00278	0.00498	0.01700	0.00740	0.00720
9	0.01155	0.00824	0.01144	0.01144	0.01251	0.00922	0.00839	0.01369	0.01262	0.01817	0.02242	0.03639	0.02216	0.22664	0.49066	0.01093	0.01693	0.00922	0.04088	0.00651
10	0.01717	0.01441	0.01529	0.01395	0.01780	0.01607	0.01078	0.03393	0.47307	0.03117	0.10011	0.03920	0.12215	0.01256	0.00826	0.00263	0.00558	0.01053	0.04437	0.01097
11	0.00966	0.00690	0.00920	0.01104	0.01150	0.00644	0.00736	0.01104	0.01518	0.02024	0.04371	0.71614	0.05245	0.02484	0.01012	0.00322	0.00460	0.02254	0.00736	0.00644
12	0.01498	0.01409	0.02378	0.70226	0.05462	0.01762	0.02202	0.02026	0.01586	0.02026	0.01409	0.02114	0.01057	0.00793	0.00793	0.00264	0.01057	0.00705	0.00352	0.00881
13	0.77733	0.01534	0.01166	0.01043	0.01534	0.01779	0.00859	0.02331	0.01350	0.03558	0.01104	0.01288	0.00859	0.00736	0.00491	0.00245	0.00613	0.00429	0.00491	0.00859
14	0.03264	0.01607	0.01978	0.01526	0.02126	0.01567	0.01257	0.23503	0.02743	0.44217	0.05780	0.02595	0.02028	0.01003	0.00803	0.00243	0.00725	0.00801	0.00915	0.01320
15	0.64485	0.01541	0.01311	0.01127	0.01641	0.01729	0.00929	0.05385	0.01580	0.12123	0.01409	0.01503	0.01027	0.00778	0.00545	0.00245	0.00633	0.00491	0.00570	0.00946
16	0.34944	0.01496	0.01597	0.01288	0.01851	0.01528	0.01063	0.08016	0.01995	0.35578	0.02174	0.02038	0.01446	0.00875	0.00667	0.00245	0.00664	0.00635	0.00759	0.01142
17	0.02387	0.01473	0.01776	0.01327	0.01984	0.01257	0.01076	0.07911	0.05433	0.23631	0.02096	0.02073	0.01507	0.00770	0.00683	0.00176	0.00641	0.00617	0.00678	0.42503
18	0.01024	0.00738	0.00957	0.01044	0.01144	0.00685	0.00722	0.01235	0.01751	0.02381	0.24633	0.44123	0.08959	0.05373	0.01122	0.00316	0.00443	0.01910	0.00769	0.00672
19	0.02962	0.03779	0.02247	0.02043	0.02451	0.68948	0.01532	0.03166	0.02247	0.01941	0.01226	0.01430	0.01021	0.00817	0.00715	0.00204	0.01430	0.00511	0.00409	0.00919
20	0.02219	0.01667	0.01822	0.01573	0.02068	0.01838	0.01238	0.07253	0.50324	0.11893	0.03038	0.02792	0.02231	0.01028	0.00792	0.00255	0.00645	0.00849	0.00810	0.05665
21	0.00966	0.00690	0.00920	0.01104	0.01150	0.00644	0.00736	0.01104	0.01518	0.02024	0.04371	0.71614	0.05245	0.02484	0.01012	0.00322	0.00460	0.02254	0.00736	0.00644
22	0.01747	0.01770	0.02625	0.02192	0.02262	0.02392	0.07195	0.01964	0.01272	0.01964	0.01090	0.01770	0.01055	0.01325	0.02457	0.00340	0.64629	0.00715	0.00352	0.00885
23	0.01153	0.00769	0.00865	0.00865	0.00865	0.00769	0.00480	0.01153	0.01153	0.01538	0.02499	0.05189	0.02883	0.72131	0.04036	0.00769	0.00769	0.01153	0.00480	0.00480
24	0.04965	0.01736	0.02106	0.15526	0.02748	0.02039	0.01525	0.30122	0.02491	0.03534	0.01730	0.02048	0.01320	0.00981	0.01049	0.00254	0.12472	0.00702	0.11583	0.01068
25	0.01478	0.00739	0.00739	0.00739	0.00924	0.00739	0.00554	0.01848	0.01663	0.02956	0.02587	0.02956	0.02033	0.00924	0.00554	0.00185	0.00370	0.00739	0.76534	0.00739
26	0.09629	0.08257	0.02405	0.06920	0.02418	0.04777	0.06447	0.12671	0.04668	0.05422	0.01591	0.01909	0.01265	0.00960	0.01159	0.00254	0.17856	0.00666	0.06520	0.04205
27	0.34270	0.09258	0.15762	0.08155	0.02518	0.01927	0.03700	0.02585	0.07332	0.05662	0.01494	0.01686	0.01124	0.00778	0.00633	0.00244	0.00825	0.00563	0.00476	0.01006
28	0.27017	0.08669	0.08901	0.03354	0.02165	0.01749	0.03829	0.05494	0.04857	0.13848	0.04489	0.01962	0.01506	0.00822	0.00655	0.00228	0.00746	0.00617	0.00577	0.08513
29	0.24551	0.41474	0.03045	0.01500	0.05688	0.02588	0.01276	0.05555	0.03856	0.02616	0.01239	0.01407	0.01049	0.00725	0.00544	0.00203	0.00778	0.00473	0.00426	0.01009
30	0.02041	0.01692	0.01820	0.04516	0.02163	0.05491	0.01211	0.10911	0.22747	0.06144	0.02283	0.04999	0.01821	0.01139	0.03663	0.00258	0.00772	0.00755	0.00645	0.24928
31	0.01744	0.01419	0.01684	0.01221	0.01894	0.01115	0.00981	0.02087	0.01659	0.05835	0.01482	0.01701	0.01209	0.00638	0.00675	0.00133	0.03263	0.00495	0.00491	0.70275
32	0.01025	0.00744	0.00960	0.01116	0.01179	0.00715	0.00748	0.01258	0.04622	0.02061	0.04215	0.64737	0.04982	0.06126	0.01163	0.00343	0.00485	0.02130	0.00726	0.00665
33	0.00966	0.00690	0.00920	0.01104	0.01150	0.00644	0.00736	0.01104	0.01518	0.02024	0.04371	0.71614	0.05245	0.02484	0.01012	0.00322	0.00460	0.02254	0.00736	0.00644
34	0.01148	0.00790	0.00974	0.00974	0.01011	0.00828	0.00616	0.01223	0.01185	0.01618	0.02399	0.04638	0.02643	0.54532	0.21308	0.00903	0.01129	0.01072	0.00466	0.00541
35	0.03014	0.02221	0.02380	0.01825	0.02459	0.02459	0.01507	0.64541	0.03728	0.04998	0.01904	0.01904	0.01349	0.00952	0.00793	0.00238	0.00873	0.00714	0.00793	0.01349
36	0.75011	0.01527	0.01190	0.01056	0.01552	0.01756	0.00870	0.02387	0.01383	0.05913	0.01178	0.01340	0.00899	0.00745	0.00502	0.00245	0.00616	0.00443	0.00509	0.00877
37	0.03014	0.02221	0.02380	0.01825	0.02459	0.02459	0.01507	0.64541	0.03728	0.04998	0.01904	0.01904	0.01349	0.00952	0.00793	0.00238	0.00873	0.00714	0.00793	0.01349
38	0.51499	0.01719	0.06999	0.01253	0.01826	0.01660	0.01120	0.02771	0.04665	0.17440	0.01674	0.01708	0.01187	0.00807	0.00595	0.00247	0.00675	0.00545	0.00600	0.01011
39	0.02002	0.06093	0.03404	0.04372	0.53458	0.04681	0.09531	0.02472	0.01820	0.02516	0.01471	0.01922	0.01227	0.00705	0.00784	0.00234	0.01002	0.00709	0.00391	0.01207
40	0.77733	0.01534	0.01166	0.01043	0.01534	0.01779	0.00859	0.02331	0.01350	0.03558	0.01104	0.01288	0.00859	0.00736	0.00491	0.00245	0.00613	0.00429	0.00491	0.00859
41	0.02743	0.01546	0.04597	0.01456	0.01991	0.01425	0.01221	0.13468	0.10160	0.34515	0.09497	0.05632	0.02582	0.01102	0.00808	0.00248	0.00670	0.00908	0.04219	0.01213
42	0.01024	0.00807	0.00923	0.00894	0.01124	0.00706	0.00671	0.01306	0.02012	0.02627	0.35500	0.06833	0.39094	0.01827	0.00936	0.00259	0.00389	0.01562	0.00800	0.00706
43	0.01806	0.01853	0.02418	0.02080	0.02103	0.06287	0.01723	0.01981	0.01274	0.01910	0.01052	0.01717	0.01040	0.01355	0.02493	0.00339	0.66663	0.00683	0.00351	0.00870
44	0.01113	0.00886	0.01170	0.01138	0.01377	0.00807	0.03733	0.01422	0.01935	0.02523	0.24659	0.10079	0.29144	0.01890	0.00975	0.00286	0.00511	0.14866	0.00761	0.00724
45	0.01377	0.00689	0.01033	0.01033	0.01033	0.00689	0.00689	0.01033	0.01033	0.01377	0.01377	0.02410	0.01377	0.02755	0.03099	0.76928	0.00689	0.00689	0.00344	0.00344
46	0.02927	0.06673	0.02327	0.02014	0.02434	0.66181	0.01525	0.03133	0.02220	0.01938	0.01221	0.01423	0.01021	0.00811	0.00706	0.00203	0.01406	0.00507	0.00406	0.00923
47	0.00966	0.00690	0.00920	0.01104	0.01150	0.00644	0.00736	0.01104	0.01518	0.02024	0.04371	0.71614	0.05245	0.02484	0.01012	0.00322	0.00460	0.02254	0.00736	0.00644
48	0.02643	0.03126	0.02176	0.02033	0.04830	0.48106	0.01499	0.05799	0.10818	0.02292	0.01820	0.01961	0.04071	0.00934	0.00838	0.00226	0.04717	0.00639	0.00490	0.00983
49	0.02437	0.02077	0.02045	0.01728	0.02240	0.08177	0.01371	0.25846	0.37698	0.03798	0.02571	0.02441	0.01909	0.01008	0.00794	0.00252	0.00788	0.00796	0.00766	0.01259
50	0.01498	0.01409	0.02378	0.70226	0.05462	0.01762	0.02202	0.02026	0.01586	0.02026	0.01409	0.02114	0.01057	0.00793	0.00793	0.00264	0.01057	0.00705	0.00352	0.00881
51	0.01498	0.01409	0.02378	0.70226	0.05462	0.01762	0.02202	0.02026	0.01586	0.02026	0.01409	0.02114	0.01057	0.00793	0.00793	0.00264	0.01057	0.00705	0.00352	0.00881
52	0.03018	0.01380	0.01790	0.01362	0.01991	0.01176	0.01114	0.03424	0.05026	0.48874	0.02713	0.02453	0.01791	0.00890	0.00747	0.00215	0.00651	0.00722	0.00849	0.19812
53	0.04937	0.03672	0.57259	0.02172	0.03238	0.01777	0.05320	0.02514	0.01714	0.05009	0.04121	0.01887	0.01304	0.00793	0.00759	0.00251	0.01104	0.00636	0.00390	0.01144
54	0.01836	0.01837	0.02745	0.33980	0.27762	0.07711	0.04794	0.02404	0.04857	0.02311	0.01520	0.02040	0.01200	0.00772	0.00790	0.00249	0.01038	0.00707	0.00396	0.01049
55	0.01196	0.00944	0.01094	0.01033	0.01284	0.00911	0.00781	0.01802	0.11766	0.02888	0.39429	0.05987	0.24587	0.01655	0.00916	0.00258	0.00421	0.01424	0.00822	0.00802
56	0.01013	0.00743	0.00938	0.01020	0.01134	0.00682	0.00707	0.01218	0.01740	0.02331	0.21702	0.41234	0.14808	0.05523	0.01125	0.00316	0.00443	0.01894	0.00761	0.00668
57	0.01726	0.19421	0.49961	0.02119	0.03159	0.02143	0.06136	0.02482	0.01671	0.02368	0.01361	0.01611	0.01019	0.00732	0.00709	0.00234	0.01109	0.00570	0.00340	0.01131
58	0.51483	0.01553	0.01456	0.01213	0.01749	0.01687	0.01000	0.08745	0.01816	0.20152	0.01701	0.01710	0.01189	0.00820	0.00599	0.00245	0.00654	0.00551	0.00646	0.01032
59	0.01735	0.01735	0.02429	0.02082	0.02082	0.02429	0.01735	0.01908	0.01214	0.01908	0.01041	0.01735	0.01041	0.01388	0.02602	0.00347	0.70680	0.00694	0.00347	0.00867
60	0.16660	0.05065	0.02040	0.01538	0.02113	0.05298	0.01266	0.32729	0.05280	0.10222	0.01860	0.01888	0.01349	0.00879	0.00700	0.00227	0.00784	0.00641	0.03883	0.05580
61	0.74837	0.01560	0.01213	0.01073	0.01569	0.01805	0.00884	0.04742	0.01442	0.03614	0.01135	0.01312	0.00878	0.00744	0.00502	0.00245	0.00623	0.00440	0.00502	0.00878
62	0.03138	0.02497	0.02198	0.01788	0.02345	0.23495	0.01427	0.29187	0.02877	0.20175	0.02001	0.01956	0.01402	0.00916	0.00769	0.00229	0.01001	0.00670	0.00718	0.01211
63	0.03014	0.02221	0.02380	0.01825	0.02459	0.02459	0.01507	0.64541	0.03728	0.04998	0.01904	0.01904	0.01349	0.00952	0.00793	0.00238	0.00873	0.00714	0.00793	0.01349
64	0.01099	0.00810	0.01028	0.00974	0.01171	0.00738	0.00730	0.01452	0.02190	0.03051	0.59473	0.06136	0.14856	0.01669	0.00936	0.00252	0.00378	0.01464	0.00856	0.00738
65	0.01025	0.00865	0.00895	0.00888	0.01154	0.00769	0.00665	0.01383	0.06558	0.02276	0.10455	0.10269	0.56141	0.01943	0.00931	0.00270	0.00420	0.01632	0.00748	0.00716
66	0.01387	0.00694	0.01005	0.01005	0.01023	0.00694	0.00676	0.01111	0.01093	0.01528	0.01493	0.02462	0.01440	0.02581	0.02857	0.69624	0.00658	0.00694	0.07596	0.00382
67	0.01067	0.00774	0.01006	0.01020	0.01169	0.00713	0.00738	0.01362	0.02007	0.02785	0.45297	0.25603	0.09702	0.01897	0.00958	0.00272	0.00401	0.01690	0.00825	0.00713
68	0.02733	0.02661	0.02373	0.08665	0.05704	0.26237	0.01638	0.30270	0.02767	0.03338	0.01548	0.01748	0.01182	0.00900	0.00861	0.00234	0.04813	0.00639	0.00570	0.01119
69	0.01972	0.01703	0.01793	0.01614	0.02062	0.01972	0.01255	0.04214	0.65752	0.03317	0.03228	0.02959	0.02421	0.01076	0.00807	0.00269	0.00628	0.00897	0.00807	0.01255
70	0.01002	0.00723	0.00923	0.01041	0.01120	0.00672	0.00702	0.01164	0.01604	0.02140	0.12763	0.51069	0.10529	0.09070	0.01288	0.00351	0.00474	0.01990	0.00730	0.00644
71	0.09173	0.12515	0.03362	0.11436	0.09760	0.04998	0.23795	0.02331	0.01686	0.02375	0.01501	0.04835	0.01281	0.00840	0.00925	0.00253	0.06762	0.00775	0.00404	0.00994
72	0.02853	0.05883	0.02375	0.05036	0.02511	0.05204	0.01484	0.45459	0.08388	0.09771	0.02021	0.02014	0.01443	0.00937	0.00776	0.00237	0.00867	0.00711	0.00748	0.01282

[dist]
# distance from previous block
# <min> <max>
4	12

[block]
# block no. 1 follows, 24 sequences, length 39
# corresponding to MSA columns:
# 111-149
name=unknown_B
#
# <colnr> <probs for GDERKNQSTAVLIFYWHMCP>
#	G	D	E	R	K	N	Q	S	T	A	V	L	I	F	Y	W	H	M	C	P
0	0.03131	0.02325	0.02540	0.07188	0.02862	0.02511	0.01659	0.56714	0.03637	0.04899	0.02149	0.02339	0.01612	0.01138	0.00920	0.00297	0.00978	0.00807	0.00847	0.01446
1	0.01762	0.01946	0.04118	0.03009	0.03684	0.01877	0.53233	0.02350	0.01777	0.02430	0.01762	0.05840	0.01467	0.01198	0.06179	0.00350	0.04602	0.00987	0.00418	0.01010
2	0.66178	0.01534	0.01314	0.01150	0.01613	0.01780	0.00949	0.02419	0.01411	0.08444	0.01257	0.01432	0.00959	0.00805	0.00675	0.00253	0.05932	0.00478	0.00518	0.00898
3	0.01498	0.01409	0.02378	0.70226	0.05462	0.01762	0.02202	0.02026	0.01586	0.02026	0.01409	0.02114	0.01057	0.00793	0.00793	0.00264	0.01057	0.00705	0.00352	0.00881
4	0.02229	0.67204	0.03980	0.01361	0.02034	0.02988	0.01342	0.02487	0.01661	0.06861	0.01256	0.01380	0.01089	0.00701	0.00531	0.00175	0.00835	0.00452	0.00388	0.01043
5	0.01499	0.01009	0.01412	0.06807	0.01954	0.01026	0.01302	0.03898	0.01877	0.07360	0.03838	0.13214	0.04045	0.01974	0.01032	0.00340	0.00733	0.45157	0.00722	0.00802
6	0.01740	0.01858	0.03392	0.36973	0.04719	0.05395	0.29721	0.02314	0.01747	0.02250	0.01486	0.02089	0.01120	0.00739	0.00852	0.00263	0.01201	0.00797	0.00377	0.00967
7	0.01098	0.00801	0.01033	0.00994	0.01175	0.00735	0.00738	0.01443	0.02160	0.03024	0.58197	0.11160	0.11045	0.01713	0.00941	0.00256	0.00383	0.01513	0.00854	0.00735
8	0.01575	0.00832	0.00842	0.00807	0.01021	0.00847	0.00614	0.05794	0.01793	0.03085	0.02544	0.02890	0.01989	0.00926	0.00569	0.00188	0.00401	0.00738	0.71766	0.00777
9	0.01189	0.00944	0.01326	0.04234	0.01615	0.00942	0.04465	0.01664	0.08875	0.02469	0.18589	0.41628	0.05045	0.01949	0.00957	0.00294	0.00534	0.01769	0.00741	0.00771
10	0.01377	0.00689	0.01033	0.01033	0.01033	0.00689	0.00689	0.01033	0.01033	0.01377	0.01377	0.02410	0.01377	0.02755	0.03099	0.76928	0.00689	0.00689	0.00344	0.00344
11	0.02206	0.59931	0.03776	0.01437	0.02082	0.11644	0.01358	0.02459	0.01696	0.01913	0.01134	0.01312	0.01026	0.00692	0.00540	0.00171	0.00911	0.00438	0.00355	0.04919
12	0.00973	0.00695	0.00926	0.01100	0.01152	0.00649	0.00737	0.01121	0.01549	0.02074	0.07052	0.68791	0.05341	0.02447	0.01009	0.00319	0.00456	0.02219	0.00742	0.00649
13	0.02715	0.01798	0.02226	0.12295	0.06175	0.03886	0.01563	0.23183	0.06877	0.22342	0.02169	0.02217	0.01519	0.00961	0.00932	0.00254	0.06215	0.00741	0.00715	0.01217
14	0.06104	0.08549	0.56377	0.02184	0.03263	0.01936	0.05942	0.02493	0.01661	0.02530	0.01392	0.01649	0.01007	0.00743	0.00731	0.00246	0.01126	0.00584	0.00348	0.01138
15	0.74201	0.04854	0.01305	0.01057	0.01557	0.01842	0.00882	0.02333	0.01362	0.03479	0.01104	0.01287	0.00866	0.00733	0.00492	0.00242	0.00624	0.00429	0.00484	0.00866
16	0.04640	0.01375	0.02232	0.63301	0.05034	0.01703	0.02050	0.02028	0.01580	0.02144	0.01466	0.02129	0.01106	0.00798	0.00766	0.00259	0.00998	0.00695	0.04823	0.00872
17	0.13867	0.01877	0.02005	0.04783	0.02297	0.02070	0.01334	0.39423	0.06924	0.09124	0.02159	0.02172	0.03462	0.00955	0.00744	0.00242	0.00777	0.00720	0.03864	0.01202
18	0.02144	0.23736	0.27507	0.01845	0.02683	0.02133	0.05593	0.02867	0.07769	0.13764	0.01804	0.01880	0.01320	0.00796	0.00704	0.00228	0.00947	0.00624	0.00497	0.01159
19	0.01327	0.00868	0.01133	0.01063	0.01289	0.00781	0.00792	0.01649	0.02072	0.08337	0.45587	0.18049	0.06219	0.01673	0.00918	0.00255	0.00428	0.01482	0.00832	0.05246
20	0.01635	0.01227	0.01428	0.01325	0.01632	0.01302	0.01020	0.05814	0.25585	0.06161	0.25752	0.13050	0.04603	0.01497	0.00893	0.00271	0.00537	0.04465	0.00825	0.00980
21	0.02003	0.51298	0.08578	0.01688	0.02309	0.02847	0.06444	0.02326	0.01576	0.01972	0.01156	0.01440	0.01035	0.00791	0.00880	0.00210	0.11576	0.00517	0.00345	0.01010
22	0.02980	0.02161	0.02328	0.01798	0.02422	0.02384	0.01481	0.59063	0.06927	0.07300	0.02020	0.01989	0.01428	0.00960	0.00794	0.00240	0.00852	0.00727	0.00801	0.01344
23	0.01023	0.00758	0.00955	0.01009	0.01150	0.00690	0.00718	0.01265	0.01856	0.02503	0.29728	0.34427	0.16882	0.02059	0.00969	0.00284	0.00416	0.01828	0.00790	0.00690
24	0.01472	0.01038	0.01464	0.09254	0.01789	0.01206	0.01062	0.04679	0.01320	0.01804	0.01687	0.05892	0.01703	0.11851	0.06057	0.34024	0.11856	0.00838	0.00410	0.00593
25	0.01972	0.01703	0.01793	0.01614	0.02062	0.01972	0.01255	0.04214	0.65752	0.03317	0.03228	0.02959	0.02421	0.01076	0.00807	0.00269	0.00628	0.00897	0.00807	0.01255
26	0.73712	0.01669	0.04696	0.01107	0.01634	0.01782	0.00968	0.02341	0.01367	0.03503	0.01121	0.01309	0.00866	0.00737	0.00505	0.00246	0.00643	0.00438	0.00483	0.00875
27	0.03014	0.02221	0.02380	0.01825	0.02459	0.02459	0.01507	0.64541	0.03728	0.04998	0.01904	0.01904	0.01349	0.00952	0.00793	0.00238	0.00873	0.00714	0.00793	0.01349
28	0.01122	0.00811	0.01060	0.00998	0.01185	0.00748	0.00748	0.01496	0.02245	0.03180	0.66766	0.05923	0.07482	0.01621	0.00935	0.00249	0.00374	0.01434	0.00873	0.00748
29	0.77733	0.01534	0.01166	0.01043	0.01534	0.01779	0.00859	0.02331	0.01350	0.03558	0.01104	0.01288	0.00859	0.00736	0.00491	0.00245	0.00613	0.00429	0.00491	0.00859
30	0.01153	0.00769	0.00865	0.00865	0.00865	0.00769	0.00480	0.01153	0.01153	0.01538	0.02499	0.05189	0.02883	0.72131	0.04036	0.00769	0.00769	0.01153	0.00480	0.00480
31	0.01478	0.00739	0.00739	0.00739	0.00924	0.00739	0.00554	0.01848	0.01663	0.02956	0.02587	0.02956	0.02033	0.00924	0.00554	0.00185	0.00370	0.00739	0.76534	0.00739
32	0.01846	0.02089	0.04520	0.07958	0.04235	0.01989	0.60019	0.02505	0.01852	0.02505	0.01591	0.02137	0.01193	0.00677	0.00926	0.00267	0.01318	0.00920	0.00398	0.01057
33	0.07529	0.00894	0.00876	0.00831	0.01068	0.00929	0.00638	0.05832	0.01769	0.03132	0.02428	0.02760	0.01898	0.00911	0.00564	0.00193	0.00420	0.00713	0.65829	0.00787
34	0.02886	0.02097	0.02242	0.01733	0.02330	0.02315	0.01427	0.59282	0.03555	0.04826	0.01961	0.01992	0.01406	0.00950	0.00773	0.00234	0.00830	0.00716	0.07146	0.01297
35	0.01052	0.00764	0.01001	0.01126	0.01221	0.00729	0.00792	0.01326	0.04048	0.02309	0.15907	0.52929	0.05513	0.02253	0.00996	0.00309	0.00467	0.05803	0.00764	0.00691
36	0.00989	0.00714	0.00941	0.01114	0.01184	0.00667	0.00771	0.01148	0.01559	0.02058	0.04572	0.62971	0.08803	0.02434	0.01014	0.00322	0.00478	0.06873	0.00736	0.00652
37	0.04330	0.03915	0.62300	0.02195	0.03316	0.01871	0.02784	0.05701	0.01769	0.02676	0.01437	0.01673	0.01017	0.00763	0.00746	0.00250	0.01137	0.00587	0.00364	0.01170
38	0.02035	0.01554	0.01774	0.05108	0.02171	0.01735	0.01301	0.10236	0.38317	0.08190	0.03176	0.07224	0.02646	0.01271	0.00855	0.00280	0.00686	0.09512	0.00781	0.01148

[dist]
# distance from previous block
# <min> <max>
0	2

[block]
# block no. 2 follows, 24 sequences, length 48
# corresponding to MSA columns:
# 152-199
name=unknown_C
#
# <colnr> <probs for GDERKNQSTAVLIFYWHMCP>
#	G	D	E	R	K	N	Q	S	T	A	V	L	I	F	Y	W	H	M	C	P
0	0.28823	0.04734	0.01946	0.01635	0.05048	0.05416	0.04164	0.15404	0.12114	0.05559	0.01816	0.01915	0.01370	0.00852	0.00663	0.00239	0.00755	0.00635	0.05846	0.01067
1	0.02408	0.02265	0.02491	0.14389	0.19692	0.17306	0.01835	0.15651	0.07643	0.06068	0.01727	0.01974	0.01319	0.00842	0.00774	0.00237	0.01020	0.00683	0.00536	0.01138
2	0.01740	0.01270	0.01654	0.06170	0.01938	0.01435	0.02725	0.07808	0.15049	0.05616	0.02171	0.02800	0.01838	0.07845	0.14828	0.13440	0.05877	0.00818	0.04112	0.00865
3	0.00966	0.00690	0.00920	0.01104	0.01150	0.00644	0.00736	0.01104	0.01518	0.02024	0.04371	0.71614	0.05245	0.02484	0.01012	0.00322	0.00460	0.02254	0.00736	0.00644
4	0.00966	0.00690	0.00920	0.01104	0.01150	0.00644	0.00736	0.01104	0.01518	0.02024	0.04371	0.71614	0.05245	0.02484	0.01012	0.00322	0.00460	0.02254	0.00736	0.00644
5	0.03558	0.01350	0.01840	0.01411	0.02024	0.01166	0.01166	0.03865	0.02270	0.67734	0.03128	0.02699	0.01963	0.00981	0.00797	0.00245	0.00675	0.00797	0.00981	0.01350
6	0.01266	0.01007	0.01315	0.01257	0.01282	0.01191	0.00897	0.01367	0.01240	0.01743	0.02377	0.14291	0.02673	0.35359	0.11522	0.00660	0.18273	0.01170	0.00480	0.00631
7	0.02669	0.01377	0.01749	0.01301	0.01957	0.01115	0.01061	0.02996	0.01979	0.37455	0.02330	0.02209	0.01597	0.00798	0.00700	0.00186	0.00634	0.00645	0.00744	0.36500
8	0.39938	0.01515	0.01468	0.01259	0.01751	0.01662	0.01018	0.05983	0.14185	0.15807	0.06473	0.02231	0.01853	0.00920	0.00656	0.00250	0.00624	0.00673	0.00687	0.01046
9	0.01699	0.03169	0.39470	0.02580	0.03579	0.01843	0.25578	0.02483	0.01745	0.02528	0.01489	0.01845	0.01091	0.00709	0.00809	0.00247	0.01189	0.00707	0.00370	0.06871
10	0.02107	0.05476	0.03642	0.02654	0.03246	0.08837	0.36054	0.02712	0.06233	0.07324	0.01681	0.02062	0.01292	0.00849	0.01135	0.00267	0.12095	0.00818	0.00462	0.01054
11	0.01710	0.01377	0.01591	0.01555	0.01894	0.01527	0.01275	0.05524	0.35198	0.02971	0.03600	0.05542	0.03318	0.01560	0.00933	0.00310	0.00683	0.27632	0.00773	0.01029
12	0.01627	0.08829	0.63615	0.02198	0.03336	0.01931	0.02821	0.02502	0.01670	0.02467	0.01401	0.01646	0.01005	0.00748	0.00737	0.00246	0.01150	0.00575	0.00335	0.01161
13	0.01590	0.04102	0.68023	0.02260	0.03432	0.01842	0.02930	0.02511	0.01674	0.02511	0.01423	0.01674	0.01005	0.00753	0.00753	0.00251	0.01172	0.00586	0.00335	0.01172
14	0.01018	0.00801	0.00918	0.00900	0.01123	0.00702	0.00671	0.01289	0.01980	0.02579	0.32909	0.09902	0.38651	0.01866	0.00940	0.00262	0.00393	0.01599	0.00795	0.00702
15	0.02053	0.01900	0.03097	0.07247	0.57903	0.01939	0.02328	0.08880	0.01997	0.02818	0.01531	0.01963	0.01257	0.00736	0.00786	0.00237	0.00940	0.00707	0.00433	0.01250
16	0.01016	0.00801	0.00917	0.00899	0.01123	0.00701	0.00670	0.01287	0.01978	0.02573	0.32560	0.09931	0.38985	0.01868	0.00940	0.00263	0.00393	0.01600	0.00794	0.00701
17	0.01096	0.00876	0.00991	0.00973	0.01214	0.00807	0.00736	0.01519	0.07018	0.02582	0.26714	0.09888	0.36625	0.01837	0.00936	0.00268	0.00426	0.03963	0.00787	0.00743
18	0.01627	0.08829	0.63615	0.02198	0.03336	0.01931	0.02821	0.02502	0.01670	0.02467	0.01401	0.01646	0.01005	0.00748	0.00737	0.00246	0.01150	0.00575	0.00335	0.01161
19	0.01026	0.00735	0.00965	0.01117	0.01194	0.00694	0.00785	0.01199	0.01580	0.02097	0.07395	0.53033	0.07591	0.07191	0.01225	0.00353	0.00510	0.09934	0.00724	0.00650
20	0.02065	0.01682	0.05126	0.01530	0.05229	0.01360	0.01220	0.11712	0.02035	0.09762	0.01669	0.01811	0.01279	0.00698	0.00658	0.00161	0.00686	0.00558	0.00562	0.50197
21	0.05940	0.02044	0.02164	0.01692	0.02274	0.02264	0.01389	0.53781	0.06517	0.04686	0.01993	0.02018	0.01438	0.00947	0.00762	0.00235	0.00808	0.00713	0.07064	0.01273
22	0.10650	0.01699	0.02819	0.10220	0.40294	0.01748	0.08310	0.02247	0.01658	0.02517	0.01438	0.01963	0.01198	0.00928	0.01008	0.08224	0.00929	0.00696	0.00396	0.01060
23	0.02096	0.01900	0.01900	0.01660	0.02100	0.11373	0.04029	0.05470	0.40454	0.06101	0.09114	0.03116	0.04972	0.01099	0.00816	0.00256	0.00751	0.00913	0.00743	0.01136
24	0.01854	0.01423	0.01803	0.01354	0.01985	0.01173	0.04497	0.04531	0.04376	0.09211	0.01942	0.07914	0.01666	0.00829	0.00681	0.00167	0.00639	0.00710	0.00566	0.52678
25	0.01144	0.00846	0.01073	0.01031	0.01222	0.00799	0.00767	0.01585	0.05502	0.03028	0.54724	0.12148	0.09739	0.01693	0.00936	0.00258	0.00397	0.01495	0.00850	0.00761
26	0.01550	0.00842	0.00900	0.04397	0.01230	0.00872	0.00684	0.04748	0.01754	0.03002	0.02494	0.02864	0.01950	0.00918	0.00578	0.00191	0.00428	0.00736	0.69086	0.00775
27	0.02562	0.01996	0.02125	0.01733	0.02287	0.02248	0.01398	0.38320	0.30686	0.04267	0.02479	0.02362	0.01815	0.01006	0.00799	0.00251	0.00766	0.00793	0.00799	0.01308
28	0.00966	0.00690	0.00920	0.01104	0.01150	0.00644	0.00736	0.01104	0.01518	0.02024	0.04371	0.71614	0.05245	0.02484	0.01012	0.00322	0.00460	0.02254	0.00736	0.00644
29	0.01378	0.01188	0.01683	0.04890	0.19170	0.01165	0.01261	0.01876	0.06637	0.02714	0.26555	0.04927	0.20621	0.01401	0.00880	0.00252	0.00581	0.01231	0.00682	0.00907
30	0.01644	0.01409	0.01644	0.01175	0.01879	0.01057	0.00940	0.01997	0.01644	0.02584	0.01409	0.01644	0.01175	0.00587	0.00587	0.00117	0.00587	0.00470	0.00470	0.76979
31	0.02000	0.52197	0.15648	0.01807	0.04994	0.02770	0.06435	0.02414	0.01650	0.02061	0.01213	0.01437	0.01039	0.00692	0.00596	0.00194	0.00947	0.00503	0.00345	0.01059
32	0.08241	0.05541	0.04233	0.01730	0.05366	0.01868	0.01386	0.21712	0.11374	0.26776	0.02392	0.02254	0.01650	0.00932	0.00758	0.00242	0.00761	0.00729	0.00783	0.01273
33	0.01964	0.01939	0.03062	0.11693	0.50954	0.05604	0.04870	0.02522	0.04963	0.02526	0.01558	0.02006	0.01276	0.00739	0.00789	0.00240	0.00983	0.00714	0.00410	0.01188
34	0.01127	0.00901	0.01314	0.04673	0.01603	0.00893	0.04172	0.01348	0.01606	0.02192	0.10365	0.50845	0.04662	0.02073	0.01054	0.00301	0.04232	0.01861	0.00682	0.04095
35	0.77733	0.01534	0.01166	0.01043	0.01534	0.01779	0.00859	0.02331	0.01350	0.03558	0.01104	0.01288	0.00859	0.00736	0.00491	0.00245	0.00613	0.00429	0.00491	0.00859
36	0.01278	0.00913	0.01278	0.01460	0.01643	0.00913	0.01278	0.01643	0.01825	0.02373	0.04199	0.08945	0.04564	0.02191	0.01095	0.00365	0.00730	0.61847	0.00730	0.00730
37	0.01075	0.00774	0.01017	0.01030	0.01174	0.00716	0.00745	0.01377	0.02023	0.02827	0.47725	0.25970	0.06799	0.01885	0.00959	0.00272	0.00400	0.01684	0.00831	0.00716
38	0.01278	0.00913	0.01278	0.01460	0.01643	0.00913	0.01278	0.01643	0.01825	0.02373	0.04199	0.08945	0.04564	0.02191	0.01095	0.00365	0.00730	0.61847	0.00730	0.00730
39	0.01564	0.00821	0.00830	0.00799	0.01009	0.00835	0.00607	0.05329	0.01778	0.03070	0.02549	0.02898	0.01995	0.00925	0.00568	0.00188	0.00397	0.00738	0.72328	0.00773
40	0.01148	0.00884	0.01075	0.01124	0.01336	0.00842	0.00887	0.01566	0.06282	0.02494	0.18557	0.15074	0.24684	0.01972	0.00982	0.00298	0.00512	0.18774	0.00768	0.00741
41	0.01997	0.01998	0.03344	0.04565	0.57019	0.04880	0.09546	0.02479	0.01833	0.02556	0.01493	0.01959	0.01240	0.00707	0.00799	0.00238	0.01009	0.00724	0.00394	0.01220
42	0.01045	0.00753	0.01007	0.01181	0.01273	0.00715	0.00869	0.01245	0.01612	0.02120	0.04506	0.52306	0.08092	0.02385	0.01030	0.00330	0.00527	0.17601	0.00735	0.00668
43	0.01357	0.00696	0.01018	0.01018	0.01018	0.00696	0.00670	0.01044	0.01044	0.01392	0.01480	0.02666	0.01516	0.09126	0.03185	0.69934	0.00696	0.00731	0.00357	0.00357
44	0.01885	0.02103	0.04470	0.03561	0.13169	0.01988	0.55448	0.02525	0.01862	0.02547	0.01588	0.02114	0.01211	0.00674	0.00914	0.00263	0.01280	0.00903	0.00400	0.01096
45	0.05589	0.01442	0.01682	0.01275	0.01917	0.01233	0.01024	0.02688	0.10204	0.16101	0.01988	0.02018	0.01486	0.00739	0.00655	0.00170	0.00612	0.00591	0.00620	0.47966
46	0.02040	0.55642	0.11754	0.01573	0.02289	0.05413	0.04483	0.02398	0.01679	0.02027	0.03588	0.01539	0.01263	0.00727	0.00582	0.00188	0.00916	0.00508	0.00364	0.01025
47	0.06411	0.02056	0.02203	0.01727	0.02317	0.02266	0.01414	0.53080	0.06725	0.07208	0.02099	0.05177	0.01586	0.01020	0.00790	0.00244	0.00821	0.00785	0.00785	0.01288

[dist]
# distance from previous block
# <min> <max>
0	2

[block]
# block no. 3 follows, 24 sequences, length 133
# corresponding to MSA columns:
# 202-334
name=unknown_D
#
# <colnr> <probs for GDERKNQSTAVLIFYWHMCP>
#	G	D	E	R	K	N	Q	S	T	A	V	L	I	F	Y	W	H	M	C	P
0	0.77733	0.01534	0.01166	0.01043	0.01534	0.01779	0.00859	0.02331	0.01350	0.03558	0.01104	0.01288	0.00859	0.00736	0.00491	0.00245	0.00613	0.00429	0.00491	0.00859
1	0.01644	0.01409	0.01644	0.01175	0.01879	0.01057	0.00940	0.01997	0.01644	0.02584	0.01409	0.01644	0.01175	0.00587	0.00587	0.00117	0.00587	0.00470	0.00470	0.76979
2	0.01009	0.00719	0.00954	0.01102	0.01169	0.00676	0.00757	0.01181	0.01605	0.02158	0.11528	0.57960	0.05374	0.05139	0.01128	0.00334	0.00477	0.05337	0.00741	0.00654
3	0.00966	0.00690	0.00920	0.01104	0.01150	0.00644	0.00736	0.01104	0.01518	0.02024	0.04371	0.71614	0.05245	0.02484	0.01012	0.00322	0.00460	0.02254	0.00736	0.00644
4	0.01122	0.00713	0.00877	0.00990	0.01081	0.00680	0.00679	0.01334	0.01590	0.02336	0.07497	0.46814	0.04419	0.04045	0.00970	0.00293	0.00439	0.01755	0.21693	0.00672
5	0.03422	0.01319	0.01797	0.01388	0.01977	0.01142	0.01142	0.03732	0.02268	0.64127	0.06685	0.02879	0.02271	0.01017	0.00805	0.00246	0.00658	0.00833	0.00975	0.01316
6	0.77733	0.01534	0.01166	0.01043	0.01534	0.01779	0.00859	0.02331	0.01350	0.03558	0.01104	0.01288	0.00859	0.00736	0.00491	0.00245	0.00613	0.00429	0.00491	0.00859
7	0.01133	0.00850	0.01274	0.01274	0.01416	0.00991	0.00991	0.01416	0.01274	0.01841	0.02124	0.03115	0.01982	0.05947	0.68989	0.01274	0.02124	0.00850	0.00425	0.00708
8	0.01590	0.04102	0.68023	0.02260	0.03432	0.01842	0.02930	0.02511	0.01674	0.02511	0.01423	0.01674	0.01005	0.00753	0.00753	0.00251	0.01172	0.00586	0.00335	0.01172
9	0.02230	0.66218	0.03959	0.01384	0.02049	0.05330	0.01352	0.02485	0.01670	0.05549	0.01220	0.01357	0.01071	0.00700	0.00532	0.00175	0.00859	0.00448	0.00378	0.01033
10	0.77733	0.01534	0.01166	0.01043	0.01534	0.01779	0.00859	0.02331	0.01350	0.03558	0.01104	0.01288	0.00859	0.00736	0.00491	0.00245	0.00613	0.00429	0.00491	0.00859
11	0.02956	0.02192	0.02347	0.01813	0.02437	0.02432	0.01493	0.61170	0.07194	0.04904	0.01978	0.01963	0.01408	0.00959	0.00794	0.00240	0.00859	0.00724	0.00794	0.01343
12	0.01002	0.00717	0.00955	0.01102	0.01175	0.00671	0.00759	0.01185	0.01640	0.02213	0.13790	0.59197	0.05556	0.02342	0.01004	0.00313	0.00458	0.04501	0.00757	0.00663
13	0.01479	0.00843	0.01125	0.01130	0.01318	0.00767	0.00817	0.01712	0.01855	0.14241	0.21396	0.40975	0.05269	0.01974	0.00952	0.00288	0.00475	0.01764	0.00818	0.00801
14	0.00971	0.00700	0.00920	0.01085	0.01147	0.00649	0.00730	0.01121	0.01561	0.02075	0.06952	0.65852	0.08450	0.02427	0.01005	0.00317	0.00454	0.02193	0.00741	0.00649
15	0.01377	0.00689	0.01033	0.01033	0.01033	0.00689	0.00689	0.01033	0.01033	0.01377	0.01377	0.02410	0.01377	0.02755	0.03099	0.76928	0.00689	0.00689	0.00344	0.00344
16	0.02120	0.72609	0.04155	0.01357	0.02035	0.03138	0.01357	0.02374	0.01611	0.01866	0.01102	0.01272	0.01018	0.00678	0.00509	0.00170	0.00848	0.00424	0.00339	0.01018
17	0.01113	0.00810	0.01047	0.00988	0.01179	0.00744	0.00741	0.01479	0.02223	0.03129	0.63900	0.06007	0.10380	0.01640	0.00935	0.00250	0.00375	0.01446	0.00866	0.00744
18	0.06263	0.01886	0.02029	0.01658	0.02209	0.02090	0.01338	0.30872	0.28126	0.11157	0.02526	0.02381	0.01819	0.00994	0.00785	0.00251	0.00741	0.00782	0.00805	0.01288
19	0.01794	0.01973	0.03621	0.02733	0.03273	0.06185	0.40770	0.02282	0.01725	0.02314	0.01784	0.08837	0.01598	0.01238	0.04644	0.00333	0.12510	0.00993	0.00427	0.00968
20	0.09466	0.01422	0.02252	0.62994	0.05051	0.01764	0.02062	0.02058	0.01561	0.02186	0.01378	0.02028	0.01036	0.00787	0.00761	0.00262	0.01011	0.00676	0.00367	0.00879
21	0.02399	0.01910	0.02614	0.24917	0.03637	0.02131	0.08633	0.34697	0.02756	0.05863	0.01747	0.02027	0.01256	0.00868	0.00809	0.00250	0.00979	0.00738	0.00609	0.01161
22	0.01604	0.01742	0.10008	0.02110	0.16653	0.01322	0.01485	0.02149	0.05474	0.02633	0.08737	0.02839	0.08631	0.00912	0.00736	0.00198	0.00701	0.00782	0.00523	0.30761
23	0.01001	0.00709	0.00925	0.01068	0.01120	0.00667	0.00707	0.01142	0.01536	0.02063	0.09307	0.58479	0.05155	0.10496	0.01357	0.00368	0.00489	0.02059	0.00718	0.00634
24	0.03011	0.02313	0.02372	0.01837	0.02459	0.06375	0.01509	0.60926	0.03641	0.04818	0.01864	0.01876	0.01329	0.00944	0.00789	0.00236	0.00905	0.00702	0.00771	0.01323
25	0.01737	0.01631	0.05628	0.18884	0.03210	0.01638	0.16755	0.07889	0.05441	0.02726	0.01999	0.05541	0.01611	0.00922	0.00850	0.00250	0.03519	0.00846	0.17963	0.00960
26	0.01586	0.00909	0.01191	0.01159	0.01382	0.00846	0.00852	0.01932	0.05026	0.15705	0.23032	0.34381	0.05125	0.01850	0.00935	0.00282	0.00485	0.01645	0.00831	0.00848
27	0.01986	0.01732	0.02845	0.10300	0.49610	0.01763	0.02164	0.02541	0.05300	0.07242	0.05342	0.02304	0.01699	0.00805	0.00796	0.00241	0.00885	0.00764	0.00480	0.01199
28	0.02973	0.01258	0.01678	0.01337	0.01854	0.01124	0.01085	0.03398	0.05697	0.51026	0.16171	0.03374	0.03118	0.01118	0.00826	0.00247	0.00611	0.00933	0.00950	0.01221
29	0.01735	0.01735	0.02429	0.02082	0.02082	0.02429	0.01735	0.01908	0.01214	0.01908	0.01041	0.01735	0.01041	0.01388	0.02602	0.00347	0.70680	0.00694	0.00347	0.00867
30	0.01688	0.01420	0.01650	0.01207	0.01876	0.01115	0.00961	0.05448	0.01755	0.02692	0.01582	0.05074	0.01383	0.00700	0.00620	0.00134	0.00597	0.00571	0.00501	0.69027
31	0.01624	0.08497	0.63925	0.02202	0.03342	0.01925	0.02829	0.02503	0.01670	0.02470	0.01402	0.01648	0.01005	0.00749	0.00738	0.00246	0.01151	0.00576	0.00335	0.01162
32	0.01644	0.01409	0.01644	0.01175	0.01879	0.01057	0.00940	0.01997	0.01644	0.02584	0.01409	0.01644	0.01175	0.00587	0.00587	0.00117	0.00587	0.00470	0.00470	0.76979
33	0.01089	0.00797	0.01022	0.00992	0.01171	0.00730	0.00734	0.01422	0.02126	0.02961	0.54704	0.13297	0.12496	0.01750	0.00944	0.00259	0.00386	0.01545	0.00846	0.00730
34	0.01244	0.00888	0.01239	0.01421	0.01589	0.00883	0.01218	0.01584	0.01792	0.02335	0.04218	0.15835	0.04639	0.02223	0.01086	0.00360	0.00700	0.55295	0.00731	0.00721
35	0.01640	0.00895	0.00912	0.00854	0.01086	0.00920	0.00655	0.08458	0.01881	0.03172	0.02515	0.02845	0.01960	0.00927	0.00580	0.00190	0.00423	0.00736	0.68548	0.00803
36	0.00977	0.00698	0.00933	0.01117	0.01167	0.00653	0.00755	0.01123	0.01529	0.02036	0.04365	0.69421	0.05221	0.02474	0.01015	0.00324	0.00470	0.04339	0.00736	0.00647
37	0.02189	0.31387	0.02788	0.01486	0.02047	0.02382	0.01289	0.03409	0.32692	0.08976	0.02327	0.02226	0.01788	0.00900	0.00681	0.00225	0.00725	0.00689	0.00628	0.01165
38	0.01143	0.00773	0.00889	0.00882	0.00921	0.00757	0.00526	0.01186	0.01315	0.01755	0.09956	0.05336	0.07783	0.56846	0.03442	0.03537	0.00697	0.01203	0.00537	0.00518
39	0.02120	0.72609	0.04155	0.01357	0.02035	0.03138	0.01357	0.02374	0.01611	0.01866	0.01102	0.01272	0.01018	0.00678	0.00509	0.00170	0.00848	0.00424	0.00339	0.01018
40	0.01713	0.01423	0.01625	0.01278	0.01839	0.01285	0.01009	0.06385	0.15152	0.02990	0.12711	0.02646	0.02495	0.00884	0.00704	0.00179	0.00578	0.00735	0.00628	0.43741
41	0.13083	0.12043	0.15122	0.09361	0.06068	0.01820	0.03517	0.02513	0.08921	0.04839	0.05266	0.02196	0.01671	0.00850	0.00685	0.00234	0.00808	0.00676	0.09313	0.01015
42	0.14906	0.01551	0.02189	0.43553	0.08601	0.01845	0.01866	0.07486	0.05856	0.02663	0.01520	0.01997	0.01148	0.00808	0.00741	0.00257	0.00929	0.00670	0.00445	0.00966
43	0.01360	0.01314	0.02519	0.05387	0.02578	0.01252	0.26647	0.01733	0.01665	0.02234	0.03102	0.39982	0.03398	0.01664	0.00970	0.00297	0.00846	0.01643	0.00581	0.00829
44	0.01662	0.01577	0.02676	0.47101	0.27300	0.01805	0.02284	0.02170	0.01663	0.02226	0.01439	0.02061	0.01127	0.00762	0.00790	0.00254	0.01016	0.00705	0.00367	0.01014
45	0.77733	0.01534	0.01166	0.01043	0.01534	0.01779	0.00859	0.02331	0.01350	0.03558	0.01104	0.01288	0.00859	0.00736	0.00491	0.00245	0.00613	0.00429	0.00491	0.00859
46	0.01312	0.00869	0.01025	0.00951	0.01226	0.00758	0.00725	0.01594	0.02035	0.10085	0.30928	0.06383	0.35697	0.01736	0.00920	0.00258	0.00422	0.01477	0.00819	0.00779
47	0.02964	0.02196	0.02352	0.01814	0.02440	0.02436	0.01495	0.61632	0.06719	0.04917	0.01968	0.01955	0.01400	0.00958	0.00794	0.00239	0.00861	0.00723	0.00794	0.01344
48	0.74113	0.01525	0.01198	0.01061	0.01558	0.01749	0.00874	0.02406	0.01394	0.06690	0.01203	0.01357	0.00913	0.00748	0.00506	0.00245	0.00616	0.00447	0.00515	0.00883
49	0.03014	0.02221	0.02380	0.01825	0.02459	0.02459	0.01507	0.64541	0.03728	0.04998	0.01904	0.01904	0.01349	0.00952	0.00793	0.00238	0.00873	0.00714	0.00793	0.01349
50	0.02975	0.01929	0.02140	0.01663	0.02256	0.02069	0.01367	0.45569	0.06298	0.17289	0.02255	0.02180	0.01566	0.00962	0.00780	0.00238	0.00789	0.00741	0.05630	0.01306
51	0.01697	0.17816	0.55237	0.02079	0.03152	0.02101	0.02615	0.02484	0.01662	0.02382	0.01359	0.01594	0.01007	0.00738	0.00704	0.00235	0.01107	0.00554	0.00336	0.01141
52	0.02124	0.02114	0.02972	0.11283	0.41796	0.12197	0.06152	0.02620	0.03818	0.05038	0.01567	0.01968	0.01258	0.00753	0.00786	0.00237	0.01035	0.00700	0.00427	0.01155
53	0.02210	0.01911	0.02376	0.02927	0.29346	0.09418	0.01714	0.07241	0.12815	0.09920	0.02722	0.02804	0.09124	0.00980	0.00800	0.00243	0.00848	0.00839	0.00597	0.01166
54	0.00982	0.00710	0.00929	0.01075	0.01149	0.00657	0.00730	0.01149	0.01615	0.02158	0.11447	0.60623	0.09120	0.02361	0.00999	0.00311	0.00447	0.02130	0.00751	0.00657
55	0.02334	0.01657	0.02150	0.05711	0.02370	0.01745	0.08541	0.27806	0.05469	0.10131	0.02495	0.02737	0.05779	0.04544	0.01064	0.03965	0.00808	0.00840	0.08768	0.01085
56	0.03041	0.02179	0.02354	0.01805	0.02438	0.02397	0.01491	0.61615	0.03658	0.08023	0.01963	0.01942	0.01378	0.00953	0.00793	0.00238	0.00863	0.00718	0.00802	0.01349
57	0.01377	0.00689	0.01033	0.01033	0.01033	0.00689	0.00689	0.01033	0.01033	0.01377	0.01377	0.02410	0.01377	0.02755	0.03099	0.76928	0.00689	0.00689	0.00344	0.00344
58	0.01739	0.01268	0.01540	0.06994	0.02036	0.01343	0.01212	0.06519	0.19372	0.08715	0.07477	0.05361	0.13668	0.01523	0.00911	0.00289	0.00660	0.17644	0.00756	0.00972
59	0.01002	0.00719	0.00937	0.01079	0.01150	0.00673	0.00735	0.01164	0.01583	0.02113	0.09902	0.56298	0.08076	0.06844	0.01199	0.00343	0.00480	0.04323	0.00732	0.00647
60	0.02177	0.68093	0.04041	0.01387	0.02062	0.03094	0.01366	0.06363	0.01747	0.02067	0.01154	0.01313	0.01039	0.00696	0.00527	0.00174	0.00850	0.00443	0.00368	0.01039
61	0.35152	0.06486	0.01929	0.11053	0.02435	0.09808	0.01307	0.15388	0.04417	0.03337	0.01407	0.01610	0.01076	0.00807	0.00635	0.00238	0.00840	0.00554	0.00527	0.00996
62	0.01867	0.02124	0.04595	0.03295	0.04067	0.02021	0.61955	0.02516	0.01847	0.02516	0.01583	0.02124	0.01197	0.00695	0.00998	0.00270	0.03941	0.00927	0.00399	0.01062
63	0.02297	0.02682	0.03326	0.06704	0.05742	0.27408	0.27882	0.04868	0.02013	0.02326	0.01416	0.01825	0.01121	0.00795	0.00952	0.00247	0.06255	0.00728	0.00411	0.01004
64	0.02819	0.03469	0.02269	0.06882	0.02653	0.58813	0.01586	0.05899	0.02234	0.02088	0.01264	0.01511	0.01040	0.00841	0.00788	0.00215	0.03733	0.00540	0.00420	0.00935
65	0.00974	0.00717	0.00916	0.01071	0.01157	0.00659	0.00737	0.01131	0.01576	0.02057	0.04937	0.59112	0.14857	0.02398	0.01004	0.00315	0.00462	0.04534	0.00736	0.00651
66	0.01827	0.02068	0.04496	0.03233	0.03998	0.01939	0.61202	0.02470	0.01854	0.02515	0.01739	0.05530	0.01400	0.00757	0.00940	0.00270	0.01294	0.01000	0.00417	0.01049
67	0.01096	0.00837	0.01222	0.01291	0.01432	0.00791	0.04592	0.01333	0.01667	0.02211	0.08359	0.46433	0.08122	0.02234	0.01017	0.00321	0.00562	0.15060	0.00724	0.00696
68	0.01878	0.01893	0.03734	0.13798	0.03885	0.01920	0.40261	0.02430	0.01760	0.06029	0.01583	0.02094	0.01202	0.00785	0.01081	0.00267	0.09264	0.00839	0.00423	0.04874
69	0.02049	0.56200	0.11665	0.01487	0.02183	0.06705	0.01525	0.02389	0.01692	0.02022	0.04818	0.01590	0.01378	0.00748	0.00575	0.00186	0.00895	0.00505	0.00373	0.01016
70	0.02358	0.06156	0.01966	0.01437	0.01962	0.01882	0.01180	0.34381	0.06188	0.03916	0.02035	0.02151	0.01534	0.00891	0.00692	0.00208	0.00699	0.00683	0.19483	0.10196
71	0.01107	0.00810	0.01038	0.00981	0.01175	0.00742	0.00736	0.01466	0.02208	0.03092	0.61778	0.06069	0.12526	0.01654	0.00935	0.00251	0.00376	0.01454	0.00861	0.00742
72	0.01846	0.01976	0.13244	0.01887	0.04394	0.01591	0.08796	0.02930	0.22323	0.07415	0.04306	0.05933	0.02162	0.01018	0.00805	0.00246	0.00799	0.04213	0.00619	0.13498
73	0.01002	0.00716	0.00962	0.01146	0.01207	0.00675	0.00799	0.01167	0.01554	0.02065	0.04351	0.64341	0.05166	0.02450	0.01022	0.00327	0.00491	0.09171	0.00735	0.00654
74	0.01390	0.01094	0.01290	0.01204	0.01468	0.01140	0.00912	0.02357	0.22859	0.03157	0.42424	0.08828	0.05704	0.01495	0.00898	0.00260	0.00462	0.01308	0.00843	0.00907
75	0.02962	0.03779	0.02247	0.02043	0.02451	0.68948	0.01532	0.03166	0.02247	0.01941	0.01226	0.01430	0.01021	0.00817	0.00715	0.00204	0.01430	0.00511	0.00409	0.00919
76	0.01700	0.01408	0.01650	0.01181	0.01883	0.01060	0.00946	0.02051	0.01662	0.04468	0.01459	0.01675	0.01197	0.00599	0.00593	0.00121	0.00590	0.00479	0.00485	0.74792
77	0.77733	0.01534	0.01166	0.01043	0.01534	0.01779	0.00859	0.02331	0.01350	0.03558	0.01104	0.01288	0.00859	0.00736	0.00491	0.00245	0.00613	0.00429	0.00491	0.00859
78	0.01078	0.00809	0.00998	0.00951	0.01157	0.00729	0.00713	0.01410	0.02140	0.02931	0.52673	0.06333	0.21731	0.01714	0.00936	0.00254	0.00381	0.01492	0.00840	0.00729
