[name]
unknown

[dist]
# distance from previous block
# <min> <max>
17	46

[block]
# block no. 0 follows, 23 sequences, length 11
# corresponding to MSA columns:
# 53-63
name=unknown_A
#
# <colnr> <probs for GDERKNQSTAVLIFYWHMCP>
#	G	D	E	R	K	N	Q	S	T	A	V	L	I	F	Y	W	H	M	C	P
0	0.07405	0.01471	0.07325	0.01445	0.03919	0.01196	0.01198	0.02374	0.06175	0.13547	0.19805	0.06149	0.03605	0.03409	0.00927	0.00262	0.00639	0.05559	0.00720	0.12871
1	0.02048	0.01585	0.01860	0.01640	0.05685	0.01586	0.01224	0.16676	0.13558	0.06236	0.05304	0.02841	0.06666	0.01494	0.07401	0.00323	0.00832	0.00817	0.00672	0.21553
2	0.02184	0.01272	0.01603	0.05263	0.01933	0.01268	0.01105	0.14171	0.02263	0.18951	0.11027	0.14336	0.04880	0.01645	0.03599	0.04935	0.00709	0.01130	0.04247	0.03478
3	0.02194	0.01968	0.02056	0.01905	0.07393	0.13713	0.04171	0.09609	0.11245	0.06373	0.04650	0.07576	0.02063	0.01029	0.00818	0.00229	0.02441	0.00845	0.06384	0.13340
4	0.18165	0.01692	0.01531	0.04188	0.01854	0.09768	0.01066	0.15573	0.02221	0.03330	0.09973	0.03049	0.07138	0.04868	0.00907	0.00267	0.00734	0.00834	0.11913	0.00929
5	0.01756	0.01164	0.01449	0.01248	0.01559	0.01197	0.05458	0.13888	0.02156	0.03294	0.08326	0.09066	0.02676	0.01332	0.03272	0.00266	0.00628	0.00973	0.39398	0.00894
6	0.08250	0.01373	0.02127	0.55397	0.04688	0.01682	0.01934	0.02080	0.01610	0.02324	0.01556	0.02189	0.01181	0.00822	0.00755	0.00259	0.00959	0.00700	0.09233	0.00882
7	0.01424	0.01217	0.01760	0.01548	0.01642	0.01431	0.06550	0.01589	0.01337	0.01920	0.02208	0.11257	0.02394	0.28623	0.06338	0.00555	0.22699	0.01107	0.03687	0.00713
8	0.03092	0.01452	0.01821	0.01429	0.01995	0.01358	0.01169	0.14627	0.02547	0.44501	0.07341	0.03363	0.09242	0.01153	0.00839	0.00252	0.00679	0.00938	0.00934	0.01267
9	0.02978	0.02434	0.02422	0.01915	0.02486	0.10708	0.01563	0.51452	0.03429	0.04482	0.01794	0.01874	0.01314	0.00991	0.00943	0.00248	0.06249	0.00703	0.00728	0.01288
10	0.06915	0.01681	0.02450	0.35771	0.10525	0.02049	0.01994	0.10710	0.01862	0.02639	0.01428	0.01985	0.01128	0.00939	0.01148	0.00279	0.14357	0.00702	0.00436	0.01004

[dist]
# distance from previous block
# <min> <max>
4	8

[block]
# block no. 1 follows, 23 sequences, length 6
# corresponding to MSA columns:
# 72-77
name=unknown_B
#
# <colnr> <probs for GDERKNQSTAVLIFYWHMCP>
#	G	D	E	R	K	N	Q	S	T	A	V	L	I	F	Y	W	H	M	C	P
0	0.39137	0.05559	0.04106	0.06037	0.02231	0.06292	0.04035	0.07422	0.01833	0.10691	0.01829	0.01956	0.04124	0.00864	0.00652	0.00247	0.00799	0.00619	0.00564	0.01003
1	0.07150	0.02018	0.03618	0.10389	0.03713	0.02048	0.35959	0.12694	0.02124	0.03008	0.01602	0.02042	0.01207	0.00776	0.00932	0.00261	0.03839	0.00821	0.00480	0.05321
2	0.07112	0.02017	0.02158	0.15708	0.02930	0.10499	0.01541	0.25209	0.02667	0.14216	0.06335	0.02312	0.01784	0.00962	0.00794	0.00247	0.00921	0.00750	0.00687	0.01152
3	0.09642	0.01697	0.02410	0.07801	0.02588	0.01985	0.10356	0.09017	0.05779	0.02689	0.01612	0.02202	0.01374	0.04917	0.06856	0.00390	0.22000	0.00756	0.00480	0.05445
4	0.10953	0.03800	0.04630	0.15807	0.02681	0.01605	0.01429	0.05921	0.05290	0.13526	0.13297	0.02782	0.02479	0.01029	0.00893	0.00251	0.05178	0.00813	0.00637	0.06998
5	0.02207	0.07315	0.02682	0.07556	0.02687	0.03754	0.11202	0.11663	0.02067	0.11533	0.05085	0.06840	0.01888	0.01111	0.01211	0.00270	0.15370	0.00876	0.00581	0.04101

[dist]
# distance from previous block
# <min> <max>
11	24

[block]
# block no. 2 follows, 23 sequences, length 49
# corresponding to MSA columns:
# 102-150
name=unknown_C
#
# <colnr> <probs for GDERKNQSTAVLIFYWHMCP>
#	G	D	E	R	K	N	Q	S	T	A	V	L	I	F	Y	W	H	M	C	P
0	0.01287	0.01245	0.07330	0.01366	0.01674	0.00979	0.01169	0.01726	0.04926	0.02467	0.09687	0.29214	0.04349	0.01904	0.00965	0.00300	0.00631	0.18254	0.00698	0.09826
1	0.05403	0.22262	0.43190	0.01992	0.02950	0.02276	0.02388	0.02486	0.01652	0.02405	0.01328	0.01587	0.01027	0.00788	0.00803	0.00240	0.05195	0.00554	0.00352	0.01123
2	0.05059	0.48918	0.13399	0.01513	0.02272	0.02663	0.01575	0.02570	0.01712	0.08100	0.01385	0.01518	0.01130	0.00732	0.00589	0.00194	0.00879	0.00497	0.00420	0.04875
3	0.01123	0.00810	0.01062	0.01038	0.01207	0.00749	0.00764	0.01468	0.02179	0.03066	0.56233	0.16356	0.07293	0.01799	0.00970	0.00267	0.00397	0.01601	0.00871	0.00749
4	0.01703	0.13612	0.58524	0.02184	0.03313	0.02069	0.02774	0.02550	0.01704	0.02478	0.01411	0.01656	0.01030	0.00760	0.00736	0.00245	0.01153	0.00577	0.00343	0.01177
5	0.05822	0.40839	0.13417	0.01551	0.02300	0.02502	0.01584	0.05467	0.01879	0.15376	0.01634	0.01690	0.01242	0.00784	0.00631	0.00209	0.00874	0.00550	0.00507	0.01142
6	0.01923	0.01849	0.03200	0.04588	0.57630	0.01837	0.06001	0.02391	0.01829	0.02603	0.01762	0.07382	0.01600	0.00862	0.00831	0.00250	0.00950	0.00860	0.00430	0.01225
7	0.01224	0.00813	0.01014	0.01078	0.01246	0.00735	0.00774	0.01422	0.01754	0.07250	0.10251	0.38761	0.20717	0.04475	0.01099	0.00321	0.00491	0.05071	0.00775	0.00730
8	0.11631	0.02681	0.15608	0.02755	0.03558	0.09868	0.36892	0.02643	0.01855	0.02654	0.01496	0.01903	0.01126	0.00727	0.00838	0.00260	0.01253	0.00773	0.00411	0.01068
9	0.02980	0.04453	0.07082	0.04642	0.02336	0.04462	0.01407	0.08974	0.04992	0.40160	0.04567	0.05993	0.02103	0.01055	0.00812	0.00252	0.00786	0.00857	0.00831	0.01254
10	0.01042	0.00755	0.00984	0.01076	0.01185	0.00697	0.00750	0.01269	0.01824	0.02483	0.25766	0.45327	0.09400	0.02213	0.01005	0.00301	0.00437	0.01987	0.00801	0.00697
11	0.01144	0.03609	0.04426	0.01096	0.01312	0.00880	0.00862	0.01412	0.01824	0.02443	0.24018	0.22922	0.16541	0.09775	0.01317	0.00340	0.00531	0.04094	0.00732	0.00723
12	0.02407	0.24851	0.07377	0.02254	0.12277	0.11840	0.03205	0.17783	0.02351	0.02952	0.04341	0.01855	0.01463	0.00836	0.00713	0.00218	0.00986	0.00635	0.00507	0.01148
13	0.04917	0.03482	0.43473	0.02565	0.11556	0.07607	0.04571	0.02719	0.01823	0.07583	0.01577	0.01812	0.01140	0.00785	0.00771	0.00251	0.01135	0.00632	0.00417	0.01186
14	0.11788	0.03523	0.49676	0.02095	0.03113	0.01876	0.04256	0.06510	0.01837	0.02909	0.04138	0.01871	0.01313	0.00816	0.00751	0.00256	0.01074	0.00633	0.00420	0.01147
15	0.05230	0.01513	0.02476	0.50891	0.16751	0.01780	0.02165	0.02143	0.01684	0.02311	0.04367	0.02270	0.01408	0.00830	0.00802	0.00263	0.01006	0.00742	0.00399	0.00967
16	0.01847	0.01780	0.03078	0.26212	0.43496	0.01892	0.05207	0.02358	0.01776	0.02458	0.01504	0.02068	0.01216	0.00750	0.00813	0.00252	0.01021	0.00733	0.00388	0.01150
17	0.01711	0.01520	0.02506	0.42270	0.22036	0.01711	0.02126	0.02195	0.01738	0.05221	0.02148	0.02648	0.06948	0.00906	0.00822	0.00262	0.00971	0.00814	0.00436	0.01012
18	0.01759	0.01989	0.06628	0.20701	0.04329	0.01929	0.38438	0.02378	0.01799	0.02423	0.01716	0.02561	0.01382	0.00844	0.00988	0.00281	0.03969	0.04456	0.00412	0.01019
19	0.01836	0.01785	0.02806	0.25867	0.38880	0.05131	0.02252	0.02301	0.01777	0.02389	0.01678	0.06551	0.01474	0.00877	0.00818	0.00255	0.00996	0.00816	0.00412	0.01100
20	0.02591	0.01733	0.02103	0.06344	0.07458	0.01866	0.01463	0.14010	0.29075	0.20178	0.02784	0.02638	0.01983	0.01005	0.00818	0.00261	0.00751	0.00831	0.00806	0.01301
21	0.01587	0.01020	0.01279	0.01197	0.01474	0.00984	0.00927	0.02172	0.10189	0.11710	0.34980	0.11156	0.09597	0.01651	0.00942	0.00275	0.00499	0.06595	0.00866	0.00900
22	0.02008	0.01928	0.03294	0.04981	0.66422	0.01928	0.02490	0.02490	0.01848	0.02651	0.01526	0.02008	0.01285	0.00723	0.00803	0.00241	0.00964	0.00723	0.00402	0.01285
23	0.01155	0.00820	0.01090	0.01105	0.01178	0.00886	0.00763	0.01305	0.01269	0.01761	0.02522	0.09398	0.02696	0.34748	0.34657	0.00999	0.01427	0.01119	0.00485	0.00616
24	0.01871	0.07563	0.02612	0.07310	0.02420	0.06799	0.01768	0.02085	0.01374	0.01961	0.01112	0.01747	0.01063	0.01276	0.02219	0.00324	0.54556	0.00676	0.00359	0.00905
25	0.01276	0.01121	0.01558	0.10107	0.14291	0.01089	0.01247	0.01605	0.01862	0.02378	0.10837	0.05956	0.35566	0.01626	0.00924	0.00274	0.00624	0.06170	0.00649	0.00839
26	0.01030	0.00799	0.00948	0.01040	0.01218	0.00717	0.00776	0.01246	0.01766	0.02228	0.08588	0.30100	0.33114	0.02239	0.01010	0.00308	0.00482	0.10945	0.00758	0.00689
27	0.01797	0.06266	0.06450	0.44154	0.12855	0.01830	0.02148	0.02310	0.01725	0.07233	0.01698	0.02418	0.01335	0.00868	0.00803	0.00262	0.01014	0.03392	0.00431	0.01010
28	0.01610	0.01513	0.02516	0.58980	0.12900	0.01827	0.02245	0.02212	0.04122	0.02195	0.01525	0.02178	0.01161	0.00812	0.00811	0.00267	0.01050	0.00729	0.00384	0.00963
29	0.01946	0.02101	0.04287	0.03943	0.25086	0.02010	0.43030	0.02563	0.01893	0.02617	0.01603	0.02128	0.01249	0.00697	0.00906	0.00263	0.01233	0.00879	0.00407	0.01158
30	0.01240	0.00881	0.01208	0.01381	0.01527	0.00872	0.01143	0.01542	0.01757	0.02297	0.04193	0.20100	0.04663	0.07682	0.01339	0.00398	0.00700	0.45637	0.00728	0.00711
31	0.02287	0.01947	0.02026	0.05770	0.02417	0.05639	0.01408	0.18919	0.40861	0.03667	0.04394	0.02702	0.02179	0.01052	0.00820	0.00263	0.00768	0.00852	0.00774	0.01253
32	0.02015	0.02101	0.12805	0.01511	0.02283	0.04940	0.01403	0.07636	0.01953	0.07711	0.01612	0.01781	0.01241	0.00705	0.00671	0.00168	0.00779	0.00550	0.00523	0.47611
33	0.02240	0.01702	0.02133	0.07863	0.09358	0.01614	0.01410	0.18063	0.02299	0.09020	0.01739	0.01925	0.01318	0.00765	0.00715	0.00190	0.00766	0.00622	0.00593	0.35664
34	0.73589	0.01530	0.01172	0.01052	0.01539	0.01769	0.00864	0.02362	0.01396	0.03611	0.01203	0.01400	0.00936	0.00762	0.00505	0.00248	0.00616	0.00455	0.04117	0.00873
35	0.03288	0.01429	0.01873	0.01421	0.02065	0.01231	0.01169	0.06188	0.02279	0.53548	0.02853	0.02546	0.01846	0.00935	0.00780	0.00229	0.00684	0.00756	0.00908	0.13971
36	0.01683	0.01442	0.01683	0.01202	0.01923	0.01082	0.00961	0.02043	0.01683	0.02644	0.01442	0.01683	0.01202	0.00601	0.00601	0.00120	0.00601	0.00481	0.00481	0.76444
37	0.01722	0.03122	0.37139	0.02690	0.06192	0.01849	0.22724	0.02499	0.01793	0.02578	0.01689	0.02326	0.01331	0.00821	0.00847	0.00263	0.01191	0.04326	0.00398	0.04501
38	0.01532	0.01442	0.02434	0.69533	0.05589	0.01803	0.02253	0.02073	0.01622	0.02073	0.01442	0.02163	0.01082	0.00811	0.00811	0.00270	0.01082	0.00721	0.00361	0.00901
39	0.01790	0.01675	0.02720	0.31204	0.32420	0.01853	0.02227	0.02482	0.08355	0.02483	0.01768	0.02414	0.01437	0.00849	0.00819	0.00261	0.00972	0.02722	0.00440	0.01109
40	0.00989	0.00706	0.00942	0.01130	0.01177	0.00659	0.00753	0.01130	0.01554	0.02071	0.04472	0.70954	0.05367	0.02542	0.01036	0.00330	0.00471	0.02307	0.00753	0.00659
41	0.02250	0.01858	0.01965	0.01698	0.02198	0.02127	0.01340	0.17223	0.51668	0.03768	0.03008	0.02793	0.02239	0.01073	0.00823	0.00268	0.00697	0.00877	0.00823	0.01305
42	0.01409	0.00705	0.01057	0.01057	0.01057	0.00705	0.00705	0.01057	0.01057	0.01409	0.01409	0.02467	0.01409	0.02819	0.03171	0.76392	0.00705	0.00705	0.00352	0.00352
43	0.02037	0.55420	0.19644	0.01614	0.02432	0.02887	0.01781	0.02464	0.01664	0.02070	0.01208	0.01402	0.01038	0.00713	0.00582	0.00194	0.00949	0.00474	0.00346	0.01080
44	0.03580	0.01394	0.01881	0.01451	0.02073	0.01223	0.01196	0.03968	0.04650	0.64620	0.03205	0.02772	0.02026	0.01008	0.00816	0.00252	0.00689	0.00820	0.00998	0.01377
45	0.01037	0.00847	0.00930	0.00972	0.01226	0.00740	0.00770	0.01279	0.01854	0.02245	0.07347	0.08108	0.52429	0.02096	0.00995	0.00296	0.00486	0.14892	0.00752	0.00699
46	0.01755	0.07003	0.55869	0.02346	0.03464	0.01936	0.08766	0.02617	0.01752	0.04922	0.01524	0.01779	0.01085	0.00768	0.00779	0.00255	0.01182	0.00635	0.00374	0.01188
47	0.01909	0.02251	0.07425	0.03254	0.04068	0.02042	0.56660	0.02710	0.06038	0.02650	0.01742	0.02222	0.01304	0.00715	0.00940	0.00273	0.01313	0.00939	0.00435	0.01112
48	0.01038	0.00876	0.00882	0.00861	0.01148	0.00753	0.00651	0.03475	0.01922	0.02300	0.07988	0.07592	0.63702	0.02015	0.00954	0.00273	0.00429	0.01676	0.00756	0.00711

[dist]
# distance from previous block
# <min> <max>
0	35

[block]
# block no. 3 follows, 23 sequences, length 62
# corresponding to MSA columns:
# 186-247
name=unknown_D
#
# <colnr> <probs for GDERKNQSTAVLIFYWHMCP>
#	G	D	E	R	K	N	Q	S	T	A	V	L	I	F	Y	W	H	M	C	P
0	0.01557	0.01467	0.02478	0.66242	0.08690	0.01809	0.02266	0.02094	0.01634	0.02103	0.01447	0.02155	0.01092	0.00807	0.00811	0.00269	0.01076	0.00721	0.00363	0.00921
1	0.01160	0.00864	0.01277	0.01277	0.01413	0.01000	0.00981	0.01432	0.01296	0.01864	0.02198	0.03323	0.02087	0.10249	0.64185	0.01271	0.02085	0.00889	0.00438	0.00710
2	0.00989	0.00706	0.00942	0.01130	0.01177	0.00659	0.00753	0.01130	0.01554	0.02071	0.04472	0.70954	0.05367	0.02542	0.01036	0.00330	0.00471	0.02307	0.00753	0.00659
3	0.02079	0.02062	0.03225	0.04780	0.61997	0.06517	0.02426	0.02542	0.01879	0.02605	0.01507	0.01971	0.01269	0.00731	0.00798	0.00239	0.00999	0.00709	0.00403	0.01261
4	0.01866	0.02239	0.08293	0.18301	0.04410	0.05355	0.42378	0.02510	0.01855	0.02446	0.01564	0.02114	0.01174	0.00726	0.00900	0.00268	0.01297	0.00858	0.00395	0.01050
5	0.01901	0.08710	0.53451	0.02182	0.03244	0.08094	0.02659	0.02695	0.01795	0.05855	0.01506	0.01717	0.01082	0.00784	0.00752	0.00246	0.01174	0.00592	0.00385	0.01174
6	0.02100	0.01990	0.03440	0.02584	0.03203	0.02036	0.33274	0.17607	0.06668	0.03178	0.02112	0.09780	0.01802	0.01034	0.01022	0.00277	0.05168	0.01034	0.00573	0.01118
7	0.01683	0.01442	0.01683	0.01202	0.01923	0.01082	0.00961	0.02043	0.01683	0.02644	0.01442	0.01683	0.01202	0.00601	0.00601	0.00120	0.00601	0.00481	0.00481	0.76444
8	0.01733	0.10692	0.49802	0.02416	0.03497	0.02048	0.13583	0.02561	0.01743	0.02508	0.01456	0.01756	0.01065	0.00748	0.00779	0.00251	0.01196	0.00646	0.00355	0.01165
9	0.01737	0.04044	0.63729	0.02266	0.03434	0.01847	0.02900	0.02645	0.01746	0.06067	0.01551	0.01770	0.01081	0.00784	0.00773	0.00257	0.01172	0.00611	0.00379	0.01209
10	0.01409	0.00705	0.01057	0.01057	0.01057	0.00705	0.00705	0.01057	0.01057	0.01409	0.01409	0.02467	0.01409	0.02819	0.03171	0.76392	0.00705	0.00705	0.00352	0.00352
11	0.02076	0.01772	0.01867	0.01663	0.02132	0.02045	0.01298	0.07537	0.61636	0.03488	0.03229	0.02969	0.02417	0.01094	0.00825	0.00273	0.00656	0.00907	0.00825	0.01290
12	0.01246	0.00858	0.01084	0.01040	0.01263	0.00779	0.00793	0.01580	0.02152	0.06295	0.44950	0.09239	0.18342	0.01776	0.00964	0.00269	0.00431	0.05304	0.00857	0.00777
13	0.06979	0.14392	0.38341	0.02222	0.03172	0.02070	0.12807	0.02491	0.01723	0.02535	0.01567	0.02105	0.01252	0.00822	0.00763	0.00252	0.01111	0.03900	0.00388	0.01109
14	0.01547	0.01462	0.02437	0.65539	0.05384	0.01843	0.02225	0.02066	0.01600	0.02066	0.01420	0.02140	0.01081	0.00847	0.00921	0.00275	0.05166	0.00720	0.00360	0.00901
15	0.00989	0.00706	0.00942	0.01130	0.01177	0.00659	0.00753	0.01130	0.01554	0.02071	0.04472	0.70954	0.05367	0.02542	0.01036	0.00330	0.00471	0.02307	0.00753	0.00659
16	0.03641	0.01381	0.01883	0.01444	0.02071	0.01193	0.01193	0.03954	0.02322	0.66984	0.03201	0.02762	0.02009	0.01004	0.00816	0.00251	0.00690	0.00816	0.01004	0.01381
17	0.01672	0.07349	0.60230	0.02339	0.03489	0.01959	0.06790	0.02565	0.01723	0.02540	0.01452	0.01724	0.01042	0.00762	0.00771	0.00254	0.01194	0.00614	0.00347	0.01185
18	0.63378	0.01701	0.01425	0.01216	0.01746	0.01950	0.01003	0.13833	0.01835	0.03916	0.01283	0.01436	0.00972	0.00794	0.00560	0.00250	0.00677	0.00494	0.00560	0.00972
19	0.01178	0.00795	0.00928	0.00928	0.00942	0.00810	0.00545	0.01207	0.01193	0.01605	0.02518	0.05094	0.02856	0.64819	0.10666	0.00839	0.00928	0.01148	0.00486	0.00515
20	0.08148	0.02190	0.02311	0.01798	0.02425	0.02436	0.01480	0.55689	0.07539	0.04902	0.01978	0.01973	0.01415	0.00967	0.00791	0.00246	0.00859	0.00722	0.00791	0.01339
21	0.01184	0.00876	0.01110	0.01043	0.01252	0.00826	0.00785	0.01655	0.05467	0.03210	0.60004	0.05991	0.10221	0.01650	0.00950	0.00257	0.00397	0.01451	0.00883	0.00788
22	0.02673	0.02161	0.02259	0.01836	0.02369	0.05635	0.01487	0.38815	0.21167	0.04219	0.02236	0.02222	0.01655	0.01038	0.00955	0.00260	0.06187	0.00773	0.00761	0.01293
23	0.01917	0.01671	0.02226	0.07014	0.05887	0.01561	0.06469	0.10526	0.05118	0.02937	0.01608	0.01885	0.01281	0.00740	0.00783	0.00185	0.03665	0.00617	0.00518	0.43392
24	0.07006	0.59854	0.07127	0.01418	0.02122	0.02935	0.01426	0.02524	0.01675	0.05909	0.01268	0.01410	0.01088	0.00720	0.00550	0.00187	0.00859	0.00465	0.00396	0.01059
25	0.01260	0.04171	0.05467	0.01145	0.01434	0.00995	0.00956	0.01752	0.04849	0.03158	0.56451	0.05451	0.06731	0.01537	0.00921	0.00253	0.00467	0.01344	0.00832	0.00827
26	0.00959	0.00822	0.00822	0.00822	0.01096	0.00685	0.00617	0.01165	0.01850	0.02192	0.08220	0.07809	0.66092	0.02055	0.00959	0.00274	0.00411	0.01713	0.00754	0.00685
27	0.01554	0.01301	0.01559	0.12350	0.02184	0.05521	0.01201	0.08958	0.01834	0.02429	0.02937	0.32245	0.03174	0.05732	0.04551	0.00370	0.05593	0.01432	0.04259	0.00816
28	0.01532	0.01442	0.02434	0.69533	0.05589	0.01803	0.02253	0.02073	0.01622	0.02073	0.01442	0.02163	0.01082	0.00811	0.00811	0.00270	0.01082	0.00721	0.00361	0.00901
29	0.01109	0.00828	0.01030	0.00979	0.01188	0.00749	0.00735	0.01455	0.02204	0.03033	0.53970	0.06425	0.19818	0.01741	0.00957	0.00259	0.00389	0.01518	0.00864	0.00749
30	0.00997	0.00719	0.00945	0.01109	0.01175	0.00667	0.00748	0.01155	0.01611	0.02147	0.08289	0.64229	0.08272	0.02468	0.01028	0.00323	0.00463	0.02230	0.00762	0.00667
31	0.01719	0.01666	0.02491	0.45016	0.14253	0.06060	0.02118	0.02147	0.01634	0.02111	0.01405	0.02073	0.01127	0.00964	0.01111	0.04271	0.07827	0.00707	0.00370	0.00933
32	0.03025	0.02390	0.02392	0.01876	0.02495	0.08420	0.01531	0.55231	0.06795	0.04744	0.01955	0.01959	0.01406	0.00968	0.00805	0.00242	0.00932	0.00721	0.00777	0.01335
33	0.01987	0.01906	0.03255	0.07850	0.63717	0.01922	0.02480	0.02472	0.01838	0.02625	0.01523	0.02015	0.01276	0.00727	0.00804	0.00242	0.00969	0.00723	0.00400	0.01268
34	0.01179	0.00791	0.00907	0.00907	0.00915	0.00799	0.00519	0.01194	0.01187	0.01590	0.02537	0.05198	0.02902	0.68046	0.07501	0.00814	0.00860	0.01164	0.00489	0.00504
35	0.01627	0.01274	0.01413	0.01288	0.01633	0.01338	0.00991	0.06256	0.26144	0.05217	0.20605	0.08239	0.17646	0.01515	0.00898	0.00270	0.00533	0.01288	0.00829	0.00997
36	0.01741	0.01477	0.01714	0.01230	0.01948	0.01142	0.00986	0.04623	0.01772	0.02747	0.01463	0.01694	0.01209	0.00617	0.00610	0.00125	0.00613	0.00491	0.00495	0.73304
37	0.02363	0.01843	0.02009	0.01610	0.02205	0.01936	0.01292	0.24531	0.25983	0.05912	0.02369	0.02311	0.01765	0.00931	0.00765	0.00225	0.00721	0.00742	0.00742	0.19744
38	0.01837	0.01380	0.01635	0.01250	0.01868	0.01125	0.00988	0.02336	0.06943	0.09298	0.04935	0.07049	0.01981	0.00870	0.00689	0.00167	0.00594	0.00726	0.00601	0.53726
39	0.04922	0.13703	0.38008	0.02081	0.02997	0.03942	0.08224	0.02595	0.05964	0.02575	0.04516	0.02117	0.03218	0.00848	0.00756	0.00246	0.01055	0.00690	0.00426	0.01117
40	0.01581	0.01492	0.02521	0.62955	0.11788	0.01816	0.02278	0.02116	0.01645	0.02132	0.01451	0.02148	0.01102	0.00802	0.00810	0.00267	0.01070	0.00721	0.00365	0.00941
41	0.01912	0.01855	0.03235	0.17017	0.50673	0.01913	0.06667	0.02419	0.01810	0.02539	0.01518	0.02050	0.01243	0.00737	0.00815	0.00249	0.01014	0.00739	0.00395	0.01200
42	0.02354	0.01343	0.03884	0.01453	0.01918	0.01168	0.05379	0.04626	0.05263	0.30535	0.05707	0.14319	0.11922	0.04983	0.01053	0.00297	0.00679	0.01222	0.00821	0.01073
43	0.01991	0.02031	0.06212	0.04859	0.63553	0.01926	0.02513	0.02494	0.01841	0.02647	0.01523	0.01995	0.01274	0.00725	0.00802	0.00242	0.00975	0.00717	0.00399	0.01281
44	0.01915	0.02189	0.04788	0.03420	0.04241	0.02052	0.63475	0.02599	0.01915	0.02599	0.01642	0.02189	0.01231	0.00684	0.00958	0.00274	0.01368	0.00958	0.00410	0.01094
45	0.02232	0.67041	0.04111	0.01439	0.02113	0.07918	0.01401	0.02488	0.01696	0.01915	0.01137	0.01313	0.01042	0.00704	0.00536	0.00176	0.00911	0.00440	0.00352	0.01034
46	0.08198	0.01519	0.01798	0.01480	0.02020	0.03444	0.01201	0.06535	0.12172	0.41463	0.03064	0.05809	0.02225	0.01125	0.00818	0.00263	0.00706	0.04016	0.00890	0.01254
47	0.01953	0.01804	0.02928	0.11903	0.41592	0.01868	0.05401	0.07174	0.05112	0.02778	0.02024	0.02715	0.03521	0.00907	0.00839	0.00258	0.00947	0.04610	0.00483	0.01184
48	0.01428	0.00922	0.01188	0.01077	0.01325	0.00853	0.00822	0.03533	0.02326	0.09178	0.56137	0.05703	0.09165	0.01593	0.00940	0.00255	0.00427	0.01395	0.00896	0.00837
49	0.01186	0.00817	0.01108	0.01260	0.01361	0.00800	0.00969	0.01377	0.01614	0.02124	0.03941	0.30534	0.04476	0.10194	0.01587	0.06276	0.00648	0.28379	0.00690	0.00656
50	0.03112	0.01477	0.01863	0.01473	0.02036	0.01409	0.01200	0.12290	0.08365	0.44565	0.10523	0.03063	0.02636	0.01087	0.00833	0.00253	0.00678	0.00891	0.00947	0.01298
51	0.10331	0.02131	0.12942	0.28162	0.13788	0.04752	0.02092	0.02619	0.10531	0.02604	0.01674	0.02060	0.01276	0.00826	0.00767	0.00259	0.00986	0.00688	0.00448	0.01063
52	0.01291	0.01025	0.01438	0.01399	0.01579	0.01051	0.04903	0.04295	0.06153	0.02493	0.12417	0.40385	0.04644	0.02261	0.04723	0.00364	0.03820	0.04242	0.00723	0.00794
53	0.30745	0.01871	0.02324	0.16485	0.09050	0.05554	0.09145	0.10639	0.01919	0.03193	0.01413	0.01763	0.01080	0.00788	0.00706	0.00254	0.00928	0.00634	0.00488	0.01019
54	0.01742	0.01885	0.05979	0.11995	0.03741	0.01735	0.37749	0.02333	0.01818	0.02532	0.01890	0.04842	0.01573	0.00858	0.00884	0.00261	0.01126	0.03958	0.05667	0.07434
55	0.04337	0.01909	0.03724	0.02845	0.06320	0.01792	0.42166	0.02471	0.04965	0.02634	0.01932	0.08331	0.01653	0.00866	0.00892	0.00258	0.01114	0.00991	0.00473	0.10328
56	0.05199	0.01435	0.01687	0.01397	0.01828	0.01459	0.01114	0.21813	0.02656	0.17864	0.22139	0.06077	0.03750	0.04778	0.01028	0.00283	0.00657	0.02906	0.00848	0.01084
57	0.00989	0.00706	0.00942	0.01130	0.01177	0.00659	0.00753	0.01130	0.01554	0.02071	0.04472	0.70954	0.05367	0.02542	0.01036	0.00330	0.00471	0.02307	0.00753	0.00659
58	0.01834	0.01644	0.05059	0.10511	0.02467	0.04300	0.01319	0.05771	0.01832	0.06665	0.01984	0.11534	0.01810	0.01005	0.00824	0.00207	0.03903	0.00823	0.00540	0.35966
59	0.10226	0.15861	0.02511	0.01589	0.02200	0.05599	0.01341	0.32408	0.02694	0.03724	0.01586	0.01724	0.01226	0.00928	0.00799	0.03600	0.00847	0.00602	0.00610	0.09926
60	0.56810	0.12208	0.01804	0.04769	0.01923	0.02077	0.01074	0.06621	0.01602	0.03400	0.01203	0.01404	0.00949	0.00763	0.00543	0.00240	0.00706	0.00474	0.00493	0.00939
61	0.08409	0.03804	0.06153	0.01997	0.08275	0.01672	0.07025	0.11281	0.06299	0.25378	0.09144	0.02685	0.02248	0.00979	0.00807	0.00251	0.00799	0.00832	0.00748	0.01215

[dist]
# distance from previous block
# <min> <max>
13	62

[block]
# block no. 4 follows, 23 sequences, length 6
# corresponding to MSA columns:
# 313-318
name=unknown_E
#
# <colnr> <probs for GDERKNQSTAVLIFYWHMCP>
#	G	D	E	R	K	N	Q	S	T	A	V	L	I	F	Y	W	H	M	C	P
0	0.01498	0.01030	0.01238	0.01220	0.01478	0.01014	0.00935	0.02108	0.12893	0.08812	0.13868	0.19070	0.16280	0.04665	0.01089	0.00316	0.00551	0.10269	0.00799	0.00865
1	0.00985	0.00721	0.00926	0.01089	0.01166	0.00663	0.00735	0.01134	0.01593	0.02087	0.04968	0.62597	0.13403	0.02478	0.01026	0.00322	0.00463	0.02228	0.00753	0.00663
2	0.02244	0.01653	0.01984	0.01507	0.02143	0.01548	0.04153	0.18917	0.06387	0.10602	0.02564	0.02581	0.07725	0.00924	0.00748	0.00200	0.00711	0.00756	0.00674	0.31978
3	0.02330	0.01706	0.01928	0.01494	0.02112	0.01654	0.01202	0.23635	0.08915	0.09283	0.02158	0.06455	0.01733	0.00941	0.00744	0.00204	0.00705	0.00758	0.00694	0.31350
4	0.52892	0.01956	0.06015	0.09368	0.05542	0.07760	0.01325	0.02443	0.01537	0.03189	0.01219	0.01491	0.00948	0.00767	0.00592	0.00249	0.00811	0.00505	0.00462	0.00929
5	0.09810	0.02386	0.02516	0.05168	0.16780	0.19010	0.05788	0.15741	0.04902	0.03146	0.05691	0.02105	0.01646	0.00884	0.00778	0.00240	0.01025	0.00716	0.00551	0.01116

[dist]
# distance from previous block
# <min> <max>
2	3

[block]
# block no. 5 follows, 23 sequences, length 6
# corresponding to MSA columns:
# 322-327
name=unknown_F
#
# <colnr> <probs for GDERKNQSTAVLIFYWHMCP>
#	G	D	E	R	K	N	Q	S	T	A	V	L	I	F	Y	W	H	M	C	P
0	0.06144	0.01481	0.04779	0.01422	0.01980	0.01285	0.01206	0.05988	0.06469	0.42558	0.14582	0.03242	0.02961	0.01109	0.00827	0.00253	0.00660	0.00913	0.00911	0.01231
1	0.01217	0.01019	0.01697	0.01553	0.01771	0.00959	0.12370	0.01501	0.01724	0.02329	0.12122	0.41071	0.04724	0.05856	0.01188	0.00338	0.00664	0.06455	0.00694	0.00751
2	0.01650	0.01012	0.01248	0.01116	0.01429	0.00942	0.00862	0.02157	0.07872	0.14827	0.37226	0.05526	0.17784	0.01566	0.00920	0.00260	0.00469	0.01346	0.00880	0.00910
3	0.02420	0.02110	0.13996	0.01620	0.02374	0.01590	0.01523	0.13952	0.07160	0.18506	0.02102	0.02099	0.01494	0.00835	0.00739	0.00211	0.00789	0.00662	0.00667	0.25148
4	0.01704	0.01242	0.04756	0.13897	0.02339	0.01151	0.01262	0.05730	0.01983	0.12885	0.15676	0.26787	0.04038	0.01618	0.00917	0.00282	0.00663	0.01428	0.00732	0.00911
5	0.16425	0.04246	0.04747	0.05679	0.02318	0.01862	0.01355	0.15706	0.14650	0.18326	0.05019	0.02389	0.01872	0.00966	0.00753	0.00253	0.00750	0.00748	0.00741	0.01194

[dist]
# distance from previous block
# <min> <max>
39	73

[block]
# block no. 6 follows, 23 sequences, length 29
# corresponding to MSA columns:
# 403-431
name=unknown_G
#
# <colnr> <probs for GDERKNQSTAVLIFYWHMCP>
#	G	D	E	R	K	N	Q	S	T	A	V	L	I	F	Y	W	H	M	C	P
0	0.02089	0.03637	0.05295	0.05183	0.14075	0.05904	0.01618	0.12638	0.09592	0.06060	0.08727	0.03085	0.05817	0.01106	0.00949	0.00255	0.05497	0.03308	0.00626	0.04540
1	0.07876	0.06948	0.19585	0.10856	0.04745	0.01925	0.05333	0.14845	0.02100	0.02998	0.02097	0.02372	0.06267	0.01261	0.05330	0.00319	0.01047	0.00745	0.00501	0.02850
2	0.04266	0.12221	0.21193	0.01871	0.02620	0.01933	0.07858	0.11345	0.05030	0.04424	0.04690	0.08259	0.01884	0.00985	0.00772	0.00239	0.00912	0.00827	0.00535	0.08135
3	0.04893	0.29132	0.21092	0.02023	0.09034	0.02328	0.01890	0.02741	0.07868	0.06676	0.01619	0.01767	0.01265	0.00777	0.00671	0.00219	0.00917	0.00584	0.00452	0.04052
4	0.06804	0.09566	0.21893	0.01648	0.02283	0.01627	0.05803	0.02231	0.07875	0.02526	0.05889	0.08562	0.13495	0.05151	0.00994	0.00289	0.00827	0.01025	0.00543	0.00970
5	0.01805	0.10591	0.46379	0.02053	0.03024	0.02009	0.02439	0.06654	0.08057	0.02685	0.01635	0.01858	0.01217	0.00924	0.00888	0.04513	0.01062	0.00628	0.00422	0.01156
6	0.01687	0.22811	0.20051	0.01694	0.02389	0.01915	0.05703	0.02141	0.01633	0.02237	0.01820	0.10823	0.01726	0.01422	0.06057	0.02373	0.00998	0.00806	0.00428	0.11285
7	0.14270	0.12002	0.48619	0.01993	0.03015	0.02035	0.02450	0.02522	0.01650	0.02668	0.01362	0.01597	0.01005	0.00759	0.00696	0.00246	0.01064	0.00553	0.00370	0.01127
8	0.01798	0.08553	0.53638	0.02290	0.03386	0.02036	0.06897	0.07337	0.01887	0.02725	0.01485	0.01736	0.01070	0.00776	0.00770	0.00251	0.01164	0.00623	0.00384	0.01195
9	0.03996	0.10292	0.17149	0.07863	0.02714	0.07210	0.01765	0.17040	0.08319	0.03109	0.01971	0.06626	0.01618	0.00982	0.00756	0.00244	0.00928	0.00769	0.05537	0.01112
10	0.01562	0.01172	0.07708	0.01244	0.01414	0.00963	0.00997	0.06100	0.01337	0.01813	0.01456	0.02352	0.01369	0.02472	0.02750	0.62922	0.00768	0.00696	0.00387	0.00516
11	0.09548	0.60395	0.08246	0.01420	0.02129	0.02983	0.01448	0.02435	0.01627	0.02125	0.01151	0.01331	0.01024	0.00705	0.00536	0.00187	0.00867	0.00446	0.00362	0.01036
12	0.58656	0.01528	0.01524	0.06569	0.02030	0.01731	0.05242	0.02291	0.01527	0.03409	0.07598	0.01912	0.01588	0.00843	0.00602	0.00255	0.00689	0.00598	0.00523	0.00884
13	0.01513	0.01582	0.05131	0.19835	0.06989	0.01516	0.20271	0.02020	0.01864	0.02491	0.13048	0.06673	0.11223	0.01151	0.00907	0.00270	0.00934	0.01116	0.00535	0.00930
14	0.01196	0.00878	0.01088	0.01041	0.01218	0.00845	0.00754	0.01632	0.06311	0.02914	0.46977	0.09129	0.08892	0.11895	0.01416	0.00339	0.00465	0.01441	0.00817	0.00752
15	0.01067	0.00739	0.00918	0.01030	0.01057	0.00711	0.00646	0.01150	0.01400	0.01867	0.03687	0.44055	0.04376	0.30792	0.02304	0.00517	0.00600	0.01845	0.00646	0.00590
16	0.02318	0.08824	0.02234	0.01683	0.02216	0.02269	0.01364	0.19989	0.42374	0.03707	0.02726	0.02569	0.02042	0.01027	0.00792	0.00257	0.00731	0.00820	0.00775	0.01286
17	0.01783	0.23707	0.49136	0.02047	0.03100	0.02266	0.02535	0.02529	0.01695	0.02380	0.01362	0.01595	0.01032	0.00749	0.00699	0.00233	0.01104	0.00552	0.00344	0.01154
18	0.01876	0.13189	0.47072	0.02089	0.03107	0.02140	0.02498	0.08703	0.06850	0.02793	0.01603	0.01782	0.01178	0.00806	0.00745	0.00246	0.01080	0.00614	0.00427	0.01202
19	0.05031	0.08331	0.51636	0.02291	0.03357	0.04890	0.08344	0.02585	0.01739	0.02550	0.01429	0.01702	0.01042	0.00760	0.00758	0.00251	0.01180	0.00612	0.00359	0.01154
20	0.00986	0.00716	0.00931	0.01102	0.01170	0.00661	0.00741	0.01133	0.01580	0.02082	0.04807	0.65317	0.10788	0.02499	0.01029	0.00325	0.00465	0.02254	0.00753	0.00661
21	0.01730	0.08264	0.52849	0.02247	0.03316	0.01962	0.06809	0.05404	0.01848	0.02680	0.04405	0.01927	0.01361	0.00810	0.00777	0.00252	0.01137	0.00659	0.00395	0.01171
22	0.01722	0.06916	0.50633	0.02667	0.12051	0.01984	0.04964	0.02528	0.01717	0.02525	0.01441	0.01754	0.01073	0.00784	0.00848	0.00255	0.03972	0.00626	0.00354	0.01187
23	0.01063	0.00752	0.00923	0.01017	0.01071	0.00721	0.00653	0.01163	0.01434	0.01892	0.04025	0.38481	0.09910	0.28117	0.04576	0.00528	0.00643	0.01784	0.00645	0.00602
24	0.01413	0.00927	0.01238	0.05693	0.01701	0.00887	0.01040	0.01698	0.01844	0.09325	0.09010	0.23713	0.16553	0.02016	0.01002	0.00314	0.00600	0.19472	0.00762	0.00792
25	0.01891	0.10788	0.22061	0.02291	0.04363	0.02114	0.15073	0.08494	0.04699	0.02734	0.05258	0.04462	0.01700	0.00966	0.01038	0.00264	0.09424	0.00806	0.00473	0.01101
26	0.01933	0.01828	0.04820	0.01663	0.02067	0.08215	0.01378	0.08552	0.29242	0.03020	0.03236	0.09891	0.02956	0.01452	0.00904	0.00294	0.00784	0.15959	0.00736	0.01069
27	0.01699	0.08229	0.11941	0.01794	0.06316	0.01464	0.05030	0.06018	0.01915	0.06199	0.07116	0.18840	0.05918	0.01393	0.00855	0.00260	0.00765	0.05205	0.00610	0.08433
28	0.02128	0.02064	0.03052	0.08191	0.34961	0.06993	0.09537	0.08676	0.06323	0.02848	0.01670	0.02041	0.01331	0.00775	0.00806	0.00239	0.01007	0.00734	0.00476	0.06150

[dist]
# distance from previous block
# <min> <max>
1	4

[block]
# block no. 7 follows, 23 sequences, length 20
# corresponding to MSA columns:
# 438-457
name=unknown_H
#
# <colnr> <probs for GDERKNQSTAVLIFYWHMCP>
#	G	D	E	R	K	N	Q	S	T	A	V	L	I	F	Y	W	H	M	C	P
0	0.01900	0.01531	0.04761	0.01301	0.01972	0.01149	0.01088	0.04497	0.01826	0.10189	0.01933	0.07894	0.01660	0.00840	0.00680	0.00165	0.00639	0.00695	0.00571	0.54712
1	0.01474	0.00948	0.01228	0.01096	0.01382	0.00839	0.00834	0.01828	0.02178	0.10267	0.47349	0.10142	0.06156	0.01539	0.00909	0.00246	0.00447	0.01352	0.00851	0.08935
2	0.01362	0.01426	0.11410	0.01455	0.04671	0.01020	0.01245	0.01833	0.02155	0.05310	0.46168	0.05322	0.05914	0.01500	0.00929	0.00264	0.00574	0.05788	0.00779	0.00877
3	0.01929	0.02151	0.04571	0.03646	0.13248	0.02034	0.54641	0.02583	0.01905	0.02607	0.01625	0.02163	0.01239	0.00690	0.00935	0.00269	0.01309	0.00924	0.00409	0.01122
4	0.01514	0.05845	0.01912	0.05404	0.14139	0.04153	0.01324	0.01888	0.02032	0.02773	0.33931	0.04571	0.07589	0.01373	0.00989	0.00259	0.04647	0.04086	0.00672	0.00900
5	0.77215	0.01569	0.01193	0.01067	0.01569	0.01820	0.00879	0.02385	0.01381	0.03641	0.01130	0.01318	0.00879	0.00753	0.00502	0.00251	0.00628	0.00439	0.00502	0.00879
6	0.02297	0.02289	0.02425	0.16377	0.17783	0.19424	0.01817	0.13021	0.04666	0.02804	0.01915	0.02219	0.04019	0.00895	0.00783	0.00239	0.01044	0.00722	0.04181	0.01081
7	0.01952	0.35754	0.34580	0.01871	0.02795	0.05909	0.02175	0.02539	0.01713	0.02232	0.01293	0.01509	0.01035	0.00739	0.00652	0.00216	0.01058	0.00518	0.00349	0.01112
8	0.01177	0.00799	0.00948	0.00948	0.00969	0.00821	0.00570	0.01220	0.01199	0.01620	0.02499	0.04992	0.02812	0.61686	0.13739	0.00864	0.00994	0.01133	0.00483	0.00527
9	0.01178	0.00794	0.00923	0.00923	0.00936	0.00807	0.00539	0.01205	0.01191	0.01602	0.02522	0.05116	0.02866	0.65517	0.09982	0.00834	0.00913	0.01152	0.00486	0.00513
10	0.02169	0.71972	0.04252	0.01388	0.02083	0.03211	0.01388	0.02430	0.01649	0.01909	0.01128	0.01302	0.01041	0.00694	0.00521	0.00174	0.00868	0.00434	0.00347	0.01041
11	0.13082	0.01914	0.09080	0.04453	0.02358	0.01727	0.01452	0.14912	0.10864	0.24759	0.05480	0.02461	0.01923	0.00975	0.00775	0.00255	0.00772	0.00765	0.00768	0.01228
12	0.01797	0.14289	0.51668	0.02208	0.03274	0.05660	0.05229	0.02586	0.01744	0.02440	0.01404	0.01658	0.01039	0.00759	0.00739	0.00243	0.01171	0.00586	0.00350	0.01157
13	0.77215	0.01569	0.01193	0.01067	0.01569	0.01820	0.00879	0.02385	0.01381	0.03641	0.01130	0.01318	0.00879	0.00753	0.00502	0.00251	0.00628	0.00439	0.00502	0.00879
14	0.02868	0.06971	0.02457	0.02210	0.05821	0.58043	0.01619	0.03092	0.02187	0.02015	0.01252	0.01501	0.01059	0.00855	0.00829	0.00217	0.05095	0.00539	0.00410	0.00961
15	0.01180	0.00787	0.00885	0.00885	0.00885	0.00787	0.00492	0.01180	0.01180	0.01573	0.02557	0.05310	0.02950	0.71483	0.04130	0.00787	0.00787	0.01180	0.00492	0.00492
16	0.01013	0.00723	0.00969	0.01157	0.01215	0.00680	0.00795	0.01172	0.01577	0.02098	0.04459	0.66267	0.05314	0.02519	0.01042	0.00333	0.00492	0.06755	0.00753	0.00666
17	0.01159	0.00869	0.01304	0.01304	0.01449	0.01014	0.01014	0.01449	0.01304	0.01884	0.02173	0.03188	0.02029	0.06086	0.68268	0.01304	0.02173	0.00869	0.00435	0.00724
18	0.01654	0.01520	0.02456	0.60266	0.08427	0.01853	0.02194	0.05305	0.04096	0.02306	0.01541	0.02177	0.01159	0.00826	0.00811	0.00268	0.01050	0.00729	0.00403	0.00960
19	0.01023	0.00850	0.00899	0.00895	0.01152	0.00742	0.00668	0.01324	0.04182	0.02365	0.15237	0.11058	0.52777	0.01998	0.00958	0.00275	0.00419	0.01687	0.00774	0.00716

[dist]
# distance from previous block
# <min> <max>
0	0

# created by:
# /st0/software/busco_prod/Augustus/scripts/msa2prfl.pl ./align_prep/101520.fa
