[name]
unknown

[dist]
# distance from previous block
# <min> <max>
3	64

[block]
# block no. 0 follows, 25 sequences, length 167
# corresponding to MSA columns:
# 71-237
name=unknown_A
#
# <colnr> <probs for GDERKNQSTAVLIFYWHMCP>
#	G	D	E	R	K	N	Q	S	T	A	V	L	I	F	Y	W	H	M	C	P
0	0.02026	0.02273	0.05641	0.13300	0.03165	0.17196	0.16500	0.06617	0.06503	0.02395	0.01589	0.04054	0.01301	0.00889	0.00992	0.00248	0.09271	0.00742	0.00444	0.04855
1	0.05370	0.12897	0.02434	0.01944	0.04692	0.49783	0.01470	0.05451	0.05164	0.02149	0.01306	0.01480	0.01078	0.00791	0.00674	0.00202	0.01216	0.00518	0.00426	0.00954
2	0.02032	0.01718	0.01905	0.01609	0.01995	0.10460	0.05347	0.14159	0.06947	0.08128	0.04975	0.08598	0.06996	0.01823	0.10432	0.00385	0.06228	0.00935	0.00614	0.04714
3	0.02071	0.01803	0.01760	0.01558	0.01998	0.07945	0.01214	0.08818	0.47581	0.05580	0.03270	0.03054	0.07721	0.01094	0.00790	0.00254	0.00687	0.00889	0.00753	0.01160
4	0.02753	0.08090	0.02261	0.01903	0.02309	0.61871	0.01449	0.02964	0.02157	0.01953	0.04483	0.01606	0.01312	0.00829	0.00697	0.00200	0.01310	0.00539	0.00418	0.00897
5	0.21350	0.13693	0.07787	0.01450	0.02017	0.06548	0.01299	0.12229	0.09817	0.08859	0.06414	0.02033	0.01704	0.00872	0.00659	0.00227	0.00767	0.00637	0.00588	0.01049
6	0.02471	0.02006	0.02124	0.01855	0.05496	0.04845	0.01417	0.34324	0.29595	0.03969	0.02353	0.02274	0.01737	0.00964	0.00778	0.00244	0.00779	0.00764	0.00747	0.01260
7	0.13065	0.10923	0.10768	0.02044	0.02630	0.08694	0.15937	0.07563	0.06655	0.02653	0.01449	0.01735	0.01144	0.00836	0.00961	0.00247	0.10586	0.00649	0.00444	0.01016
8	0.01445	0.00723	0.00723	0.00723	0.00903	0.00723	0.00542	0.01807	0.01626	0.02891	0.02529	0.02891	0.01987	0.00903	0.00542	0.00181	0.00361	0.00723	0.77055	0.00723
9	0.01664	0.01450	0.01601	0.01190	0.01823	0.03602	0.00944	0.04922	0.01730	0.02576	0.01807	0.04115	0.04575	0.00726	0.00618	0.00137	0.00605	0.00585	0.00493	0.64837
10	0.02012	0.33248	0.19605	0.01741	0.02443	0.02465	0.04275	0.12458	0.01887	0.02494	0.01343	0.01643	0.01115	0.03222	0.00908	0.00235	0.06873	0.00566	0.00410	0.01057
11	0.02291	0.01707	0.02118	0.01687	0.02162	0.01837	0.05957	0.27887	0.11129	0.08271	0.04552	0.04412	0.01806	0.01154	0.01116	0.06752	0.06423	0.00795	0.00666	0.07278
12	0.01646	0.13711	0.49949	0.01961	0.02915	0.05261	0.02384	0.02357	0.01647	0.02292	0.01691	0.01919	0.04397	0.00994	0.03456	0.00272	0.01112	0.00611	0.00355	0.01069
13	0.12227	0.06695	0.04430	0.01319	0.01855	0.01374	0.01131	0.06141	0.02078	0.38416	0.11216	0.05214	0.02487	0.01034	0.00745	0.00238	0.00647	0.00830	0.00796	0.01125
14	0.01347	0.00673	0.01010	0.01010	0.01010	0.00673	0.00673	0.01010	0.01010	0.01347	0.01347	0.02357	0.01347	0.02694	0.03030	0.77441	0.00673	0.00673	0.00337	0.00337
15	0.02056	0.22900	0.31905	0.01987	0.04734	0.12200	0.04202	0.02606	0.01755	0.06895	0.01402	0.01587	0.01069	0.00737	0.00675	0.00216	0.01059	0.00548	0.00388	0.01079
16	0.01431	0.00711	0.01038	0.01017	0.01060	0.00696	0.00692	0.01153	0.01108	0.04716	0.01761	0.02630	0.04731	0.02571	0.02811	0.69698	0.00659	0.00727	0.00387	0.00402
17	0.00965	0.00692	0.00904	0.01049	0.01110	0.00645	0.00703	0.01114	0.01534	0.02051	0.09430	0.61090	0.07477	0.05906	0.01131	0.00329	0.00456	0.02064	0.00718	0.00631
18	0.01651	0.04556	0.01775	0.01515	0.01744	0.05961	0.01215	0.05272	0.09057	0.04618	0.01931	0.02518	0.01684	0.03459	0.35713	0.00760	0.14468	0.00760	0.00478	0.00865
19	0.02458	0.01622	0.01777	0.01495	0.01976	0.04241	0.01188	0.13961	0.27561	0.21665	0.05576	0.05452	0.05285	0.01109	0.00799	0.00250	0.00672	0.00908	0.00816	0.01189
20	0.10658	0.01573	0.01611	0.01518	0.01830	0.08481	0.01252	0.12145	0.07647	0.02823	0.02839	0.04720	0.05143	0.01501	0.01064	0.02708	0.06313	0.24658	0.00630	0.00885
21	0.04606	0.02002	0.06756	0.02882	0.03601	0.01810	0.51998	0.02410	0.01778	0.04916	0.01755	0.05652	0.01413	0.00960	0.03537	0.00300	0.01237	0.00939	0.00431	0.01018
22	0.01612	0.01394	0.01647	0.01193	0.01848	0.01102	0.00958	0.01948	0.01587	0.02493	0.01360	0.01612	0.01142	0.00614	0.00674	0.00126	0.04158	0.00470	0.00453	0.73608
23	0.04141	0.00919	0.01140	0.01019	0.01309	0.00831	0.00787	0.01877	0.02084	0.15793	0.40624	0.05351	0.18095	0.01508	0.00874	0.00247	0.00437	0.01293	0.00835	0.00836
24	0.01108	0.00831	0.01246	0.01246	0.01385	0.00969	0.00969	0.01385	0.01246	0.01800	0.02077	0.03046	0.01938	0.05815	0.69678	0.01246	0.02077	0.00831	0.00415	0.00692
25	0.01057	0.00829	0.00981	0.01051	0.01276	0.00753	0.00860	0.01324	0.01790	0.02223	0.08532	0.07917	0.39990	0.02022	0.00978	0.00299	0.00521	0.26192	0.00722	0.00681
26	0.10083	0.00865	0.01028	0.01074	0.01233	0.00856	0.00773	0.01499	0.01517	0.07044	0.05824	0.33687	0.06964	0.14253	0.03795	0.00407	0.00609	0.07137	0.00661	0.00692
27	0.01386	0.00931	0.01081	0.01018	0.01290	0.00864	0.00766	0.01827	0.08621	0.10531	0.19428	0.13337	0.30231	0.03931	0.00989	0.00277	0.00460	0.01449	0.00778	0.00804
28	0.00925	0.00786	0.00798	0.00795	0.01053	0.00658	0.00596	0.01130	0.01789	0.02145	0.10816	0.07379	0.64606	0.01945	0.00916	0.00261	0.00391	0.01625	0.00727	0.00658
29	0.02156	0.01546	0.01630	0.01366	0.01792	0.01699	0.01090	0.28306	0.18156	0.03761	0.02613	0.02646	0.04331	0.00991	0.00712	0.00225	0.00625	0.00785	0.24484	0.01086
30	0.01422	0.00867	0.01124	0.01017	0.01266	0.00783	0.00778	0.01764	0.02162	0.12352	0.53270	0.05483	0.11634	0.01528	0.00895	0.00245	0.00410	0.01333	0.00857	0.00809
31	0.00969	0.00693	0.00925	0.01086	0.01147	0.00648	0.00742	0.01131	0.01551	0.02080	0.09132	0.64531	0.05269	0.02352	0.00987	0.00311	0.00454	0.04620	0.00730	0.00641
32	0.78228	0.01499	0.01140	0.01020	0.01499	0.01739	0.00840	0.02279	0.01320	0.03479	0.01080	0.01260	0.00840	0.00720	0.00480	0.00240	0.00600	0.00420	0.00480	0.00840
33	0.00955	0.00784	0.00824	0.00816	0.01050	0.00672	0.00601	0.01163	0.01785	0.02198	0.15824	0.07073	0.54959	0.06532	0.01114	0.00291	0.00412	0.01571	0.00722	0.00653
34	0.01147	0.00865	0.01027	0.01018	0.01209	0.00823	0.00747	0.04397	0.04388	0.02559	0.26559	0.20073	0.20958	0.07076	0.01149	0.00305	0.00464	0.03765	0.00752	0.00718
35	0.33936	0.01050	0.00985	0.00982	0.01198	0.01140	0.00693	0.01606	0.01304	0.02471	0.02345	0.21175	0.02585	0.23496	0.01689	0.00418	0.00607	0.01110	0.00540	0.00670
36	0.02896	0.03695	0.02197	0.01998	0.02397	0.69638	0.01498	0.03096	0.02197	0.01898	0.01199	0.01398	0.00999	0.00799	0.00699	0.00200	0.01398	0.00499	0.00400	0.00899
37	0.01348	0.00839	0.01105	0.01065	0.01274	0.00769	0.00807	0.01658	0.02026	0.10324	0.42112	0.17527	0.08435	0.01717	0.00923	0.00265	0.00440	0.05764	0.00827	0.00777
38	0.01128	0.00752	0.00846	0.00846	0.00846	0.00752	0.00470	0.01128	0.01128	0.01503	0.02443	0.05074	0.02819	0.72751	0.03946	0.00752	0.00752	0.01128	0.00470	0.00470
39	0.01097	0.00793	0.01036	0.00975	0.01158	0.00732	0.00732	0.01463	0.02195	0.03109	0.67505	0.05792	0.07316	0.01585	0.00914	0.00244	0.00366	0.01402	0.00854	0.00732
40	0.00945	0.00675	0.00900	0.01080	0.01125	0.00630	0.00720	0.01080	0.01484	0.01979	0.04274	0.72245	0.05128	0.02429	0.00990	0.00315	0.00450	0.02204	0.00720	0.00630
41	0.04549	0.01009	0.01236	0.01255	0.01497	0.01005	0.00989	0.05941	0.06123	0.08821	0.04142	0.27809	0.10881	0.01895	0.00938	0.00302	0.00584	0.19468	0.00740	0.00816
42	0.01097	0.00793	0.01036	0.00975	0.01158	0.00732	0.00732	0.01463	0.02195	0.03109	0.67505	0.05792	0.07316	0.01585	0.00914	0.00244	0.00366	0.01402	0.00854	0.00732
43	0.01128	0.00752	0.00846	0.00846	0.00846	0.00752	0.00470	0.01128	0.01128	0.01503	0.02443	0.05074	0.02819	0.72751	0.03946	0.00752	0.00752	0.01128	0.00470	0.00470
44	0.05028	0.00892	0.00893	0.00840	0.01072	0.00912	0.00638	0.07300	0.01779	0.02964	0.02850	0.03208	0.07451	0.04160	0.00742	0.00220	0.00435	0.00802	0.57052	0.00763
45	0.00993	0.00695	0.00885	0.01018	0.01051	0.00662	0.00654	0.01092	0.01391	0.01854	0.03792	0.54568	0.04520	0.20935	0.01768	0.00430	0.00529	0.01921	0.00654	0.00588
46	0.01696	0.01696	0.02375	0.02036	0.02036	0.02375	0.01696	0.01866	0.01187	0.01866	0.01018	0.01696	0.01018	0.01357	0.02545	0.00339	0.71332	0.00679	0.00339	0.00848
47	0.01938	0.01898	0.03067	0.07877	0.62071	0.04715	0.02331	0.02391	0.01773	0.02479	0.01443	0.01904	0.01209	0.00700	0.00765	0.00230	0.00947	0.00683	0.00383	0.01196
48	0.01919	0.01842	0.03147	0.04759	0.67914	0.01842	0.02380	0.02380	0.01765	0.02533	0.01458	0.01919	0.01228	0.00691	0.00768	0.00230	0.00921	0.00691	0.00384	0.01228
49	0.02650	0.01481	0.01844	0.01399	0.01993	0.01357	0.01146	0.11471	0.02138	0.32838	0.02187	0.02118	0.01514	0.00850	0.00824	0.00203	0.05271	0.00652	0.00723	0.27341
50	0.01445	0.00723	0.00723	0.00723	0.00903	0.00723	0.00542	0.01807	0.01626	0.02891	0.02529	0.02891	0.01987	0.00903	0.00542	0.00181	0.00361	0.00723	0.77055	0.00723
51	0.01929	0.01666	0.01753	0.01578	0.02016	0.01929	0.01227	0.04120	0.66513	0.03243	0.03156	0.02893	0.02367	0.01052	0.00789	0.00263	0.00614	0.00877	0.00789	0.01227
52	0.01085	0.00792	0.01020	0.00963	0.01151	0.00726	0.00722	0.01440	0.02166	0.03041	0.63496	0.05904	0.11367	0.01611	0.00915	0.00245	0.00368	0.01418	0.00845	0.00726
53	0.03479	0.01320	0.01799	0.01380	0.01979	0.01140	0.01140	0.03779	0.02219	0.68451	0.03059	0.02639	0.01919	0.00960	0.00780	0.00240	0.00660	0.00780	0.00960	0.01320
54	0.01555	0.04011	0.68733	0.02210	0.03356	0.01801	0.02865	0.02455	0.01637	0.02455	0.01391	0.01637	0.00982	0.00737	0.00737	0.00246	0.01146	0.00573	0.00327	0.01146
55	0.00928	0.00779	0.00794	0.00802	0.01041	0.00658	0.00589	0.01112	0.01723	0.02060	0.07421	0.10409	0.61476	0.05449	0.01068	0.00288	0.00413	0.01638	0.00708	0.00644
56	0.01108	0.00827	0.01229	0.01229	0.01362	0.00960	0.00948	0.01374	0.01241	0.01787	0.02092	0.03132	0.01976	0.08657	0.66887	0.01225	0.02021	0.00843	0.00418	0.00683
57	0.00945	0.00675	0.00900	0.01080	0.01125	0.00630	0.00720	0.01080	0.01484	0.01979	0.04274	0.72245	0.05128	0.02429	0.00990	0.00315	0.00450	0.02204	0.00720	0.00630
58	0.26468	0.01962	0.01956	0.01545	0.02122	0.02197	0.01276	0.45630	0.02919	0.04447	0.01617	0.01673	0.01169	0.00865	0.00683	0.00235	0.00774	0.00611	0.00683	0.01169
59	0.02896	0.03695	0.02197	0.01998	0.02397	0.69638	0.01498	0.03096	0.02197	0.01898	0.01199	0.01398	0.00999	0.00799	0.00699	0.00200	0.01398	0.00499	0.00400	0.00899
60	0.00945	0.00675	0.00900	0.01080	0.01125	0.00630	0.00720	0.01080	0.01484	0.01979	0.04274	0.72245	0.05128	0.02429	0.00990	0.00315	0.00450	0.02204	0.00720	0.00630
61	0.03479	0.01320	0.01799	0.01380	0.01979	0.01140	0.01140	0.03779	0.02219	0.68451	0.03059	0.02639	0.01919	0.00960	0.00780	0.00240	0.00660	0.00780	0.00960	0.01320
62	0.03479	0.01320	0.01799	0.01380	0.01979	0.01140	0.01140	0.03779	0.02219	0.68451	0.03059	0.02639	0.01919	0.00960	0.00780	0.00240	0.00660	0.00780	0.00960	0.01320
63	0.03421	0.01332	0.01798	0.01387	0.01981	0.01169	0.01143	0.03791	0.04606	0.66031	0.03063	0.02648	0.01936	0.00963	0.00780	0.00241	0.00658	0.00783	0.00953	0.01316
64	0.02073	0.73217	0.04063	0.01327	0.01990	0.03068	0.01327	0.02322	0.01575	0.01824	0.01078	0.01244	0.00995	0.00663	0.00498	0.00166	0.00829	0.00415	0.00332	0.00995
65	0.00945	0.00675	0.00900	0.01080	0.01125	0.00630	0.00720	0.01080	0.01484	0.01979	0.04274	0.72245	0.05128	0.02429	0.00990	0.00315	0.00450	0.02204	0.00720	0.00630
66	0.01006	0.00740	0.00943	0.00996	0.01129	0.00677	0.00708	0.01248	0.01826	0.02478	0.31791	0.35274	0.14307	0.02007	0.00948	0.00278	0.00406	0.01786	0.00777	0.00677
67	0.00965	0.00689	0.00923	0.01102	0.01156	0.00647	0.00754	0.01114	0.01504	0.02002	0.04263	0.68099	0.05085	0.02410	0.00995	0.00318	0.00467	0.06153	0.00719	0.00635
68	0.01093	0.00787	0.01044	0.01060	0.01218	0.00738	0.00806	0.01418	0.02012	0.02798	0.47279	0.17692	0.06519	0.01813	0.00950	0.00273	0.00431	0.10546	0.00810	0.00711
69	0.02709	0.01823	0.01977	0.01548	0.02083	0.01976	0.01268	0.47936	0.03139	0.10046	0.02092	0.02124	0.01498	0.00928	0.00732	0.00223	0.00743	0.00710	0.15238	0.01206
70	0.01445	0.00723	0.00723	0.00723	0.00903	0.00723	0.00542	0.01807	0.01626	0.02891	0.02529	0.02891	0.01987	0.00903	0.00542	0.00181	0.00361	0.00723	0.77055	0.00723
71	0.00945	0.00675	0.00900	0.01080	0.01125	0.00630	0.00720	0.01080	0.01484	0.01979	0.04274	0.72245	0.05128	0.02429	0.00990	0.00315	0.00450	0.02204	0.00720	0.00630
72	0.01701	0.01375	0.01617	0.01160	0.01845	0.01039	0.00930	0.02043	0.01638	0.05800	0.01462	0.01659	0.01187	0.00593	0.00584	0.00121	0.00578	0.00475	0.00484	0.73709
73	0.01128	0.00752	0.00846	0.00846	0.00846	0.00752	0.00470	0.01128	0.01128	0.01503	0.02443	0.05074	0.02819	0.72751	0.03946	0.00752	0.00752	0.01128	0.00470	0.00470
74	0.01347	0.00673	0.01010	0.01010	0.01010	0.00673	0.00673	0.01010	0.01010	0.01347	0.01347	0.02357	0.01347	0.02694	0.03030	0.77441	0.00673	0.00673	0.00337	0.00337
75	0.07265	0.01329	0.01766	0.01361	0.01955	0.01170	0.01124	0.03703	0.02174	0.65160	0.02959	0.02569	0.01865	0.00948	0.00765	0.00240	0.00657	0.00761	0.00935	0.01295
76	0.01126	0.00809	0.00987	0.00932	0.01154	0.00723	0.00703	0.01438	0.02065	0.05112	0.47032	0.06190	0.25510	0.01678	0.00910	0.00249	0.00384	0.01452	0.00817	0.00729
77	0.02762	0.03449	0.02130	0.01940	0.02332	0.62482	0.01459	0.03095	0.06358	0.01982	0.01361	0.01561	0.01125	0.01015	0.03453	0.00246	0.01374	0.00537	0.00426	0.00912
78	0.00990	0.00792	0.00887	0.00873	0.01105	0.00689	0.00661	0.01249	0.01913	0.02446	0.27924	0.06943	0.44906	0.01842	0.00921	0.00259	0.00395	0.03757	0.00765	0.00683
79	0.02809	0.01370	0.01736	0.01400	0.01879	0.01331	0.01124	0.16527	0.02303	0.39058	0.02700	0.07225	0.02016	0.04312	0.07054	0.03513	0.00816	0.00870	0.00812	0.01145
80	0.02802	0.06778	0.02291	0.01969	0.02361	0.63415	0.01500	0.03003	0.02121	0.01893	0.01184	0.01405	0.00999	0.00819	0.00777	0.00205	0.04679	0.00504	0.00394	0.00901
81	0.44072	0.12490	0.04485	0.01378	0.01890	0.12817	0.03507	0.02387	0.01560	0.02829	0.01326	0.01814	0.01143	0.00815	0.00582	0.00231	0.00817	0.04522	0.00451	0.00883
82	0.01126	0.00758	0.00878	0.00878	0.00889	0.00769	0.00510	0.01148	0.01137	0.01527	0.02413	0.04910	0.02748	0.67342	0.09258	0.00792	0.00859	0.01104	0.00465	0.00488
83	0.02463	0.25525	0.09592	0.01809	0.02356	0.39689	0.01590	0.02749	0.01913	0.01931	0.01175	0.01383	0.00996	0.00767	0.00697	0.00198	0.03358	0.00486	0.00369	0.00953
84	0.01347	0.00673	0.01010	0.01010	0.01010	0.00673	0.00673	0.01010	0.01010	0.01347	0.01347	0.02357	0.01347	0.02694	0.03030	0.77441	0.00673	0.00673	0.00337	0.00337
85	0.01637	0.01739	0.08024	0.04813	0.02485	0.01363	0.11088	0.02074	0.01615	0.02446	0.01385	0.01712	0.01124	0.00661	0.00779	0.00170	0.05377	0.00564	0.00424	0.50519
86	0.01128	0.00752	0.00846	0.00846	0.00846	0.00752	0.00470	0.01128	0.01128	0.01503	0.02443	0.05074	0.02819	0.72751	0.03946	0.00752	0.00752	0.01128	0.00470	0.00470
87	0.78228	0.01499	0.01140	0.01020	0.01499	0.01739	0.00840	0.02279	0.01320	0.03479	0.01080	0.01260	0.00840	0.00720	0.00480	0.00240	0.00600	0.00420	0.00480	0.00840
88	0.01842	0.04123	0.04369	0.04865	0.02374	0.01657	0.12432	0.14393	0.05063	0.05964	0.02458	0.22181	0.02397	0.01329	0.01024	0.00269	0.07943	0.01157	0.00598	0.03562
89	0.01519	0.00910	0.01104	0.01039	0.01192	0.00885	0.00706	0.05704	0.01644	0.10891	0.11341	0.17502	0.03632	0.35783	0.02357	0.00500	0.00638	0.01296	0.00653	0.00703
90	0.01134	0.00810	0.01117	0.01296	0.01424	0.00793	0.01049	0.01407	0.01671	0.02191	0.04169	0.32761	0.04714	0.02251	0.01040	0.00341	0.00614	0.39818	0.00716	0.00682
91	0.01445	0.00723	0.00723	0.00723	0.00903	0.00723	0.00542	0.01807	0.01626	0.02891	0.02529	0.02891	0.01987	0.00903	0.00542	0.00181	0.00361	0.00723	0.77055	0.00723
92	0.01749	0.01691	0.02944	0.28526	0.41164	0.01807	0.06392	0.02243	0.01692	0.02331	0.01437	0.01984	0.01155	0.00719	0.00780	0.00242	0.00987	0.00705	0.00370	0.01084
93	0.01227	0.00791	0.01018	0.01043	0.01202	0.00726	0.00753	0.01455	0.01787	0.07874	0.24268	0.32006	0.11501	0.06574	0.01138	0.00311	0.00467	0.04379	0.00765	0.00715
94	0.01056	0.00791	0.00978	0.00932	0.01133	0.00714	0.00699	0.01382	0.02096	0.02875	0.53711	0.06178	0.21257	0.01673	0.00915	0.00248	0.00372	0.01456	0.00823	0.00714
95	0.02898	0.03635	0.02202	0.01989	0.02397	0.66972	0.01497	0.05564	0.02255	0.02016	0.01225	0.01417	0.01011	0.00804	0.00702	0.00201	0.01377	0.00507	0.00414	0.00916
96	0.01437	0.00992	0.01229	0.01203	0.01435	0.00998	0.00912	0.02108	0.15176	0.08155	0.25684	0.23468	0.04986	0.01708	0.00913	0.00278	0.00497	0.07169	0.00799	0.00852
97	0.78228	0.01499	0.01140	0.01020	0.01499	0.01739	0.00840	0.02279	0.01320	0.03479	0.01080	0.01260	0.00840	0.00720	0.00480	0.00240	0.00600	0.00420	0.00480	0.00840
98	0.00925	0.00786	0.00798	0.00795	0.01053	0.00658	0.00596	0.01130	0.01788	0.02144	0.10773	0.07380	0.64650	0.01945	0.00916	0.00261	0.00391	0.01625	0.00727	0.00658
99	0.01890	0.01762	0.02866	0.04183	0.57204	0.01765	0.02148	0.06367	0.01888	0.02645	0.02100	0.02449	0.07620	0.00829	0.00782	0.00233	0.00866	0.00782	0.00442	0.01179
100	0.01158	0.00854	0.01126	0.01252	0.01441	0.00822	0.01057	0.01474	0.01797	0.02316	0.09367	0.11083	0.17356	0.02079	0.01025	0.00328	0.00613	0.43426	0.00725	0.00700
101	0.02901	0.03550	0.02210	0.01977	0.02398	0.63227	0.01496	0.09030	0.02335	0.02183	0.01262	0.01442	0.01029	0.00812	0.00706	0.00203	0.01346	0.00518	0.00435	0.00939
102	0.01904	0.01069	0.01397	0.01299	0.01626	0.01023	0.01073	0.04806	0.05361	0.20517	0.20215	0.05722	0.06251	0.01570	0.00921	0.00283	0.00600	0.22611	0.00823	0.00930
103	0.01184	0.00893	0.01276	0.01260	0.01398	0.01030	0.00968	0.03823	0.01352	0.01923	0.02237	0.08883	0.02194	0.08160	0.56253	0.01079	0.03978	0.00950	0.00455	0.00706
104	0.11682	0.01037	0.01013	0.00917	0.01201	0.01102	0.00718	0.11191	0.01882	0.03260	0.02242	0.02527	0.01739	0.00883	0.00568	0.00196	0.00465	0.00680	0.55871	0.00825
105	0.02947	0.02172	0.02327	0.01784	0.02404	0.02404	0.01474	0.65329	0.03646	0.04887	0.01862	0.01862	0.01319	0.00931	0.00776	0.00233	0.00853	0.00698	0.00776	0.01319
106	0.00974	0.00820	0.00849	0.00843	0.01099	0.00713	0.00631	0.01265	0.04538	0.02214	0.11888	0.09338	0.58316	0.01913	0.00913	0.00262	0.00402	0.01606	0.00733	0.00684
107	0.01108	0.00831	0.01246	0.01246	0.01385	0.00969	0.00969	0.01385	0.01246	0.01800	0.02077	0.03046	0.01938	0.05815	0.69678	0.01246	0.02077	0.00831	0.00415	0.00692
108	0.01111	0.00750	0.00846	0.00854	0.00867	0.00742	0.00486	0.01125	0.01170	0.01549	0.02748	0.08242	0.05577	0.66638	0.03687	0.00712	0.00723	0.01198	0.00491	0.00485
109	0.00949	0.00684	0.00900	0.01062	0.01123	0.00635	0.00714	0.01096	0.01525	0.02029	0.06939	0.66748	0.07974	0.02375	0.00983	0.00310	0.00444	0.02147	0.00725	0.00635
110	0.01125	0.00828	0.01057	0.00994	0.01190	0.00778	0.00747	0.01560	0.04814	0.03080	0.62852	0.05730	0.09153	0.01576	0.00909	0.00245	0.00377	0.01389	0.00846	0.00749
111	0.00945	0.00675	0.00900	0.01080	0.01125	0.00630	0.00720	0.01080	0.01484	0.01979	0.04274	0.72245	0.05128	0.02429	0.00990	0.00315	0.00450	0.02204	0.00720	0.00630
112	0.01083	0.00792	0.01016	0.00960	0.01150	0.00725	0.00720	0.01435	0.02161	0.03029	0.62760	0.05925	0.12111	0.01615	0.00915	0.00245	0.00368	0.01421	0.00843	0.00725
113	0.13187	0.02080	0.02165	0.01680	0.02281	0.02314	0.01387	0.56753	0.03329	0.04695	0.01755	0.01780	0.01253	0.00902	0.00735	0.00234	0.00819	0.00660	0.00735	0.01253
114	0.04952	0.00943	0.01064	0.00999	0.01312	0.00855	0.00780	0.01783	0.04340	0.13306	0.10346	0.09390	0.39269	0.01714	0.00883	0.00265	0.00479	0.05754	0.00761	0.00804
115	0.02073	0.73217	0.04063	0.01327	0.01990	0.03068	0.01327	0.02322	0.01575	0.01824	0.01078	0.01244	0.00995	0.00663	0.00498	0.00166	0.00829	0.00415	0.00332	0.00995
116	0.01464	0.01378	0.02326	0.70887	0.05340	0.01723	0.02153	0.01981	0.01550	0.01981	0.01378	0.02067	0.01034	0.00775	0.00775	0.00258	0.01034	0.00689	0.00345	0.00861
117	0.01108	0.00828	0.01231	0.01231	0.01365	0.00961	0.00951	0.01375	0.01242	0.01789	0.02090	0.03121	0.01971	0.08289	0.67249	0.01228	0.02028	0.00842	0.00417	0.00684
118	0.01037	0.00779	0.00961	0.00938	0.01127	0.00703	0.00695	0.01339	0.02020	0.02747	0.46514	0.12618	0.22155	0.01761	0.00922	0.00255	0.00381	0.01538	0.00807	0.00703
119	0.03479	0.01320	0.01799	0.01380	0.01979	0.01140	0.01140	0.03779	0.02219	0.68451	0.03059	0.02639	0.01919	0.00960	0.00780	0.00240	0.00660	0.00780	0.00960	0.01320
120	0.00945	0.00675	0.00900	0.01080	0.01125	0.00630	0.00720	0.01080	0.01484	0.01979	0.04274	0.72245	0.05128	0.02429	0.00990	0.00315	0.00450	0.02204	0.00720	0.00630
121	0.01097	0.00793	0.01036	0.00975	0.01158	0.00732	0.00732	0.01463	0.02195	0.03109	0.67505	0.05792	0.07316	0.01585	0.00914	0.00244	0.00366	0.01402	0.00854	0.00732
122	0.01711	0.01706	0.02425	0.02213	0.06336	0.02340	0.01741	0.01900	0.01225	0.01910	0.01047	0.01711	0.01032	0.01314	0.02429	0.00332	0.66735	0.00679	0.00342	0.00873
123	0.05916	0.01458	0.01737	0.01414	0.01959	0.01441	0.01138	0.03667	0.25384	0.35916	0.02852	0.02576	0.01963	0.00947	0.00751	0.00237	0.00633	0.00769	0.00831	0.08412
124	0.01170	0.00835	0.01158	0.01337	0.01480	0.00824	0.01111	0.01468	0.01706	0.02231	0.04149	0.25401	0.04637	0.02217	0.01050	0.00346	0.00645	0.46829	0.00715	0.00692
125	0.02947	0.02172	0.02327	0.01784	0.02404	0.02404	0.01474	0.65329	0.03646	0.04887	0.01862	0.01862	0.01319	0.00931	0.00776	0.00233	0.00853	0.00698	0.00776	0.01319
126	0.01550	0.01502	0.02120	0.07666	0.02161	0.02028	0.01567	0.01752	0.01274	0.01894	0.01699	0.08222	0.04565	0.01613	0.04932	0.00364	0.53018	0.00864	0.00394	0.00815
127	0.75250	0.01492	0.01166	0.01034	0.01519	0.01715	0.00852	0.02339	0.01355	0.06067	0.01158	0.01315	0.00883	0.00729	0.00492	0.00240	0.00602	0.00434	0.00499	0.00859
128	0.01479	0.01407	0.02418	0.68118	0.05287	0.01732	0.04731	0.02002	0.01562	0.02002	0.01386	0.02068	0.01039	0.00770	0.00781	0.00259	0.01045	0.00698	0.00346	0.00869
129	0.01249	0.00892	0.01249	0.01428	0.01606	0.00892	0.01249	0.01606	0.01785	0.02320	0.04105	0.08746	0.04462	0.02142	0.01071	0.00357	0.00714	0.62695	0.00714	0.00714
130	0.01464	0.01378	0.02326	0.70887	0.05340	0.01723	0.02153	0.01981	0.01550	0.01981	0.01378	0.02067	0.01034	0.00775	0.00775	0.00258	0.01034	0.00689	0.00345	0.00861
131	0.04569	0.01463	0.02280	0.61197	0.04895	0.01792	0.02034	0.08410	0.01754	0.02333	0.01416	0.02015	0.01055	0.00789	0.00764	0.00255	0.00999	0.00680	0.00393	0.00907
132	0.01597	0.01349	0.01559	0.01159	0.01780	0.01080	0.00922	0.03920	0.04785	0.02650	0.06111	0.02236	0.04865	0.00742	0.00629	0.00141	0.00562	0.00606	0.00523	0.62785
133	0.01873	0.01637	0.02566	0.11641	0.40126	0.01706	0.01945	0.10845	0.01920	0.02656	0.01768	0.08726	0.01601	0.01045	0.00953	0.05759	0.00862	0.00836	0.00462	0.01076
134	0.01130	0.00824	0.01212	0.01212	0.01353	0.00953	0.00941	0.01412	0.01271	0.01871	0.02106	0.03036	0.01942	0.05495	0.65165	0.01177	0.01965	0.00824	0.05419	0.00694
135	0.03479	0.01320	0.01799	0.01380	0.01979	0.01140	0.01140	0.03779	0.02219	0.68451	0.03059	0.02639	0.01919	0.00960	0.00780	0.00240	0.00660	0.00780	0.00960	0.01320
136	0.01897	0.01820	0.03107	0.07994	0.64853	0.01836	0.02369	0.02360	0.01755	0.02506	0.01455	0.01926	0.01219	0.00695	0.00768	0.00232	0.00927	0.00691	0.00382	0.01210
137	0.00941	0.00688	0.00886	0.01046	0.01116	0.00633	0.00705	0.01083	0.01517	0.01993	0.04689	0.64734	0.12371	0.02375	0.00981	0.00309	0.00443	0.02138	0.00720	0.00633
138	0.39843	0.02008	0.01705	0.01420	0.01941	0.10981	0.01152	0.23431	0.02250	0.06606	0.01443	0.01539	0.01068	0.00811	0.00621	0.00232	0.00793	0.00539	0.00589	0.01028
139	0.01445	0.00723	0.00723	0.00723	0.00903	0.00723	0.00542	0.01807	0.01626	0.02891	0.02529	0.02891	0.01987	0.00903	0.00542	0.00181	0.00361	0.00723	0.77055	0.00723
140	0.00974	0.00702	0.00895	0.01021	0.01090	0.00653	0.00682	0.01117	0.01524	0.02024	0.09241	0.54316	0.10312	0.10021	0.01301	0.00353	0.00472	0.01977	0.00703	0.00622
141	0.01750	0.00934	0.01229	0.01213	0.01449	0.00872	0.00896	0.02076	0.05954	0.21179	0.03844	0.45018	0.03998	0.01905	0.00920	0.00292	0.00532	0.04277	0.00793	0.00871
142	0.01316	0.01029	0.01234	0.01208	0.01461	0.01054	0.00958	0.02108	0.17806	0.02843	0.30178	0.05962	0.12221	0.01628	0.00921	0.00277	0.00511	0.15656	0.00790	0.00840
143	0.01347	0.00673	0.01010	0.01010	0.01010	0.00673	0.00673	0.01010	0.01010	0.01347	0.01347	0.02357	0.01347	0.02694	0.03030	0.77441	0.00673	0.00673	0.00337	0.00337
144	0.42365	0.01384	0.01267	0.01117	0.01535	0.01529	0.00906	0.11075	0.01774	0.06551	0.02062	0.02582	0.04805	0.04231	0.00763	0.00264	0.00614	0.04672	0.09621	0.00883
145	0.01076	0.00730	0.00861	0.00911	0.00924	0.00718	0.00540	0.01114	0.01227	0.01636	0.02954	0.23839	0.03464	0.53105	0.03120	0.00630	0.00667	0.01428	0.00540	0.00515
146	0.71593	0.01559	0.01244	0.01087	0.01579	0.01798	0.00896	0.07836	0.01525	0.03603	0.01149	0.01313	0.00882	0.00738	0.00506	0.00239	0.00622	0.00444	0.00506	0.00882
147	0.00986	0.00708	0.00889	0.01001	0.01069	0.00662	0.00663	0.01119	0.01498	0.01985	0.08804	0.49082	0.10876	0.15077	0.01513	0.00384	0.00493	0.01897	0.00684	0.00610
148	0.00953	0.00717	0.00871	0.00977	0.01090	0.00648	0.00670	0.01111	0.01585	0.02046	0.08424	0.46758	0.23240	0.05743	0.01111	0.00318	0.00444	0.01945	0.00714	0.00634
149	0.00994	0.00710	0.00956	0.01136	0.01202	0.00672	0.00805	0.01165	0.01533	0.02034	0.04246	0.61990	0.05021	0.02383	0.01003	0.00322	0.00492	0.11973	0.00719	0.00643
150	0.12035	0.02206	0.05418	0.01653	0.02232	0.07840	0.01401	0.44541	0.02989	0.04194	0.01734	0.01811	0.01264	0.00882	0.00714	0.00228	0.00847	0.00643	0.06197	0.01172
151	0.01134	0.00919	0.01003	0.00959	0.01225	0.00863	0.00728	0.04657	0.06659	0.02475	0.16938	0.08937	0.43711	0.01975	0.04045	0.00304	0.00507	0.01479	0.00737	0.00744
152	0.01608	0.01378	0.01608	0.01148	0.01837	0.01034	0.00919	0.01952	0.01608	0.02527	0.01378	0.01608	0.01148	0.00574	0.00574	0.00115	0.00574	0.00459	0.00459	0.77491
153	0.01766	0.01408	0.01563	0.01422	0.01794	0.01564	0.01109	0.03359	0.45524	0.05934	0.18187	0.03854	0.03607	0.01227	0.00832	0.00262	0.00563	0.04126	0.00807	0.01090
154	0.01010	0.00727	0.00909	0.01027	0.01103	0.00685	0.00702	0.01146	0.01473	0.01926	0.04313	0.43481	0.12374	0.17391	0.01621	0.00406	0.00533	0.07899	0.00666	0.00607
155	0.01313	0.01223	0.01406	0.01586	0.10022	0.05990	0.01037	0.01615	0.03743	0.02261	0.12596	0.14460	0.30474	0.01652	0.01025	0.00265	0.06528	0.01377	0.00639	0.00787
156	0.01125	0.00761	0.00893	0.00893	0.00910	0.00778	0.00529	0.01158	0.01142	0.01539	0.02399	0.04833	0.02714	0.64789	0.11765	0.00811	0.00909	0.01092	0.00463	0.00496
157	0.01464	0.01378	0.02326	0.70887	0.05340	0.01723	0.02153	0.01981	0.01550	0.01981	0.01378	0.02067	0.01034	0.00775	0.00775	0.00258	0.01034	0.00689	0.00345	0.00861
158	0.02016	0.13712	0.21491	0.04829	0.10257	0.01958	0.01873	0.03025	0.19480	0.10688	0.02037	0.02092	0.01510	0.00835	0.00723	0.00236	0.00859	0.00675	0.00540	0.01164
159	0.01156	0.00866	0.01092	0.01011	0.01236	0.00799	0.00761	0.01589	0.05054	0.02997	0.55665	0.07845	0.08936	0.01540	0.00889	0.00240	0.00395	0.01355	0.00815	0.05759
160	0.04553	0.05137	0.23172	0.07943	0.29131	0.01895	0.10246	0.04345	0.01755	0.02547	0.01431	0.01814	0.01114	0.00713	0.00757	0.00239	0.01028	0.00663	0.00379	0.01136
161	0.01252	0.00996	0.01435	0.01363	0.01450	0.01228	0.01060	0.01438	0.01206	0.01756	0.01829	0.02880	0.01774	0.10283	0.44980	0.06612	0.16569	0.00812	0.00398	0.00680
162	0.01080	0.00769	0.00886	0.00881	0.00962	0.00751	0.00561	0.01174	0.01348	0.01770	0.08227	0.05422	0.16372	0.46616	0.09428	0.00662	0.00778	0.01223	0.00544	0.00548
163	0.01860	0.01457	0.01875	0.01377	0.02030	0.01202	0.05889	0.07094	0.01832	0.08356	0.01712	0.05094	0.01418	0.00729	0.00654	0.00156	0.00654	0.00623	0.00534	0.55454
164	0.01653	0.12701	0.47226	0.02227	0.03216	0.01957	0.12919	0.02408	0.01680	0.02400	0.03660	0.01804	0.01235	0.00742	0.00741	0.00238	0.01104	0.00637	0.00357	0.01095
165	0.01096	0.00809	0.01173	0.01188	0.01303	0.00917	0.00893	0.01330	0.01253	0.01782	0.02303	0.09105	0.02305	0.12923	0.56626	0.01113	0.01793	0.00979	0.00447	0.00662
166	0.26378	0.19568	0.04762	0.01677	0.02221	0.22866	0.03876	0.05085	0.01884	0.02702	0.01366	0.01631	0.01144	0.00859	0.00672	0.00244	0.01016	0.00542	0.00483	0.01025

[dist]
# distance from previous block
# <min> <max>
0	2

[block]
# block no. 1 follows, 25 sequences, length 11
# corresponding to MSA columns:
# 240-250
name=unknown_B
#
# <colnr> <probs for GDERKNQSTAVLIFYWHMCP>
#	G	D	E	R	K	N	Q	S	T	A	V	L	I	F	Y	W	H	M	C	P
0	0.01984	0.05620	0.04707	0.06601	0.02351	0.14509	0.01509	0.03011	0.27007	0.02437	0.01968	0.02159	0.01573	0.01193	0.03592	0.00298	0.17217	0.00712	0.00529	0.01020
1	0.03318	0.01284	0.01748	0.01352	0.01924	0.01112	0.01112	0.03622	0.02218	0.64037	0.07412	0.02852	0.02284	0.01002	0.00789	0.00240	0.00640	0.00822	0.00952	0.01280
2	0.01445	0.00723	0.00723	0.00723	0.00903	0.00723	0.00542	0.01807	0.01626	0.02891	0.02529	0.02891	0.01987	0.00903	0.00542	0.00181	0.00361	0.00723	0.77055	0.00723
3	0.01100	0.00795	0.01016	0.01022	0.01126	0.00823	0.00724	0.01268	0.01362	0.01841	0.07627	0.04936	0.10924	0.31442	0.26077	0.00804	0.01140	0.04847	0.00523	0.00603
4	0.00942	0.00685	0.00889	0.01052	0.01117	0.00632	0.00708	0.01083	0.01511	0.01990	0.04605	0.66247	0.10912	0.02386	0.00983	0.00310	0.00445	0.02152	0.00720	0.00632
5	0.02220	0.36309	0.11643	0.01927	0.08371	0.15641	0.01661	0.02561	0.01742	0.06009	0.01293	0.01493	0.01073	0.00754	0.00711	0.00202	0.04460	0.00512	0.00388	0.01030
6	0.01110	0.00820	0.01194	0.01194	0.01314	0.00941	0.00904	0.01351	0.01231	0.01761	0.02125	0.03311	0.02053	0.14555	0.61095	0.01182	0.01904	0.00869	0.00422	0.00663
7	0.01624	0.01431	0.01829	0.01306	0.02003	0.01103	0.05700	0.01992	0.01624	0.02523	0.01392	0.01644	0.01151	0.00580	0.00600	0.00126	0.00629	0.00493	0.00454	0.71795
8	0.02768	0.02593	0.02328	0.02012	0.05382	0.23585	0.01544	0.36925	0.02875	0.03556	0.01556	0.01703	0.01186	0.00918	0.00915	0.00232	0.07553	0.00633	0.00599	0.01138
9	0.01572	0.03639	0.08102	0.13577	0.04407	0.03695	0.01513	0.03690	0.03907	0.02237	0.03635	0.11009	0.01892	0.03692	0.03820	0.00303	0.14198	0.00863	0.00460	0.13788
10	0.05060	0.06535	0.08466	0.02116	0.11411	0.10029	0.03844	0.08532	0.19868	0.07796	0.06794	0.02367	0.01961	0.00912	0.00752	0.00236	0.00845	0.00748	0.00604	0.01124

[dist]
# distance from previous block
# <min> <max>
0	2

[block]
# block no. 2 follows, 25 sequences, length 135
# corresponding to MSA columns:
# 253-387
name=unknown_C
#
# <colnr> <probs for GDERKNQSTAVLIFYWHMCP>
#	G	D	E	R	K	N	Q	S	T	A	V	L	I	F	Y	W	H	M	C	P
0	0.01259	0.00814	0.01048	0.01023	0.01208	0.00749	0.00764	0.01503	0.01889	0.07289	0.34875	0.13284	0.13582	0.05740	0.01237	0.05521	0.00470	0.06275	0.00761	0.00710
1	0.12825	0.03032	0.43881	0.01932	0.02794	0.01687	0.04548	0.02377	0.01596	0.06181	0.01577	0.02073	0.01226	0.00923	0.00888	0.03402	0.03643	0.03967	0.00409	0.01039
2	0.01056	0.00796	0.01029	0.03662	0.01356	0.00780	0.00818	0.01381	0.05997	0.02205	0.11033	0.51259	0.09222	0.02144	0.00958	0.00300	0.00479	0.04106	0.00725	0.00694
3	0.01679	0.01117	0.01228	0.01149	0.01402	0.03782	0.00841	0.06238	0.07267	0.12374	0.06190	0.21803	0.13319	0.13138	0.01360	0.00343	0.00595	0.01349	0.04000	0.00828
4	0.01288	0.00744	0.00838	0.00846	0.00964	0.00762	0.00589	0.01527	0.01427	0.02311	0.02512	0.06351	0.02341	0.21757	0.11293	0.00497	0.00717	0.00912	0.41679	0.00644
5	0.02194	0.62994	0.03789	0.01425	0.02050	0.12857	0.01352	0.02436	0.01667	0.01835	0.01096	0.01266	0.00996	0.00683	0.00527	0.00171	0.00913	0.00427	0.00342	0.00981
6	0.23180	0.01040	0.01067	0.01000	0.01297	0.01061	0.00767	0.01792	0.04338	0.06348	0.19835	0.08871	0.18456	0.01503	0.00927	0.05463	0.00491	0.01127	0.00675	0.00763
7	0.01200	0.00832	0.01088	0.01209	0.01366	0.00800	0.00940	0.01507	0.04020	0.05024	0.04513	0.35813	0.11531	0.02157	0.00996	0.00320	0.00557	0.24682	0.00730	0.00715
8	0.00945	0.00675	0.00900	0.01080	0.01125	0.00630	0.00720	0.01080	0.01484	0.01979	0.04274	0.72245	0.05128	0.02429	0.00990	0.00315	0.00450	0.02204	0.00720	0.00630
9	0.01204	0.00961	0.01064	0.01030	0.01294	0.00921	0.00789	0.05836	0.08142	0.02556	0.15658	0.12665	0.37272	0.01804	0.00912	0.00269	0.00468	0.05636	0.00751	0.00768
10	0.00994	0.00758	0.00856	0.00884	0.01068	0.00671	0.00636	0.01208	0.01749	0.02274	0.17527	0.21009	0.36443	0.04983	0.01042	0.00287	0.00414	0.01646	0.04892	0.00659
11	0.01015	0.00731	0.00865	0.00930	0.01009	0.00685	0.00603	0.01125	0.01448	0.01889	0.07749	0.31256	0.16656	0.28107	0.02057	0.00461	0.00545	0.01654	0.00635	0.00581
12	0.42083	0.01763	0.01643	0.01343	0.01872	0.01990	0.01106	0.29914	0.02352	0.04072	0.01482	0.01590	0.01096	0.00820	0.00612	0.00234	0.00701	0.00554	0.03727	0.01045
13	0.01128	0.00752	0.00846	0.00846	0.00846	0.00752	0.00470	0.01128	0.01128	0.01503	0.02443	0.05074	0.02819	0.72751	0.03946	0.00752	0.00752	0.01128	0.00470	0.00470
14	0.01301	0.00842	0.00987	0.00953	0.01190	0.00744	0.00708	0.01515	0.01788	0.10414	0.14976	0.13315	0.34110	0.09518	0.01242	0.00319	0.00481	0.04127	0.00742	0.00728
15	0.00965	0.00783	0.00856	0.00847	0.01079	0.00673	0.00632	0.01202	0.01866	0.02353	0.23180	0.09815	0.49269	0.01885	0.00919	0.00259	0.00388	0.01600	0.00755	0.00673
16	0.01608	0.01378	0.01608	0.01148	0.01837	0.01034	0.00919	0.01952	0.01608	0.02527	0.01378	0.01608	0.01148	0.00574	0.00574	0.00115	0.00574	0.00459	0.00459	0.77491
17	0.00993	0.00775	0.00872	0.00889	0.01076	0.00688	0.00644	0.01196	0.01735	0.02203	0.17474	0.14370	0.38714	0.10663	0.01304	0.00329	0.00453	0.04263	0.00713	0.00646
18	0.02602	0.01742	0.01956	0.01581	0.02079	0.01860	0.01270	0.43464	0.02999	0.13005	0.02530	0.16665	0.02197	0.01248	0.00821	0.00251	0.00742	0.01024	0.00789	0.01175
19	0.01095	0.00810	0.00896	0.00862	0.01103	0.00703	0.00640	0.01322	0.01842	0.05425	0.21181	0.06670	0.45701	0.06965	0.01129	0.00292	0.00425	0.01504	0.00744	0.00691
20	0.00916	0.00785	0.00785	0.00785	0.01047	0.00655	0.00589	0.01113	0.01767	0.02095	0.07855	0.07462	0.67599	0.01964	0.00916	0.00262	0.00393	0.01636	0.00720	0.00655
21	0.02809	0.02008	0.02183	0.01708	0.02283	0.02200	0.01397	0.55569	0.05555	0.08152	0.02132	0.06628	0.01641	0.01036	0.00791	0.00240	0.00808	0.00809	0.00783	0.01270
22	0.01118	0.00790	0.01038	0.01038	0.01104	0.00856	0.00709	0.01251	0.01184	0.01646	0.02267	0.04101	0.02396	0.40629	0.35491	0.00989	0.01388	0.00985	0.00444	0.00577
23	0.01445	0.00723	0.00723	0.00723	0.00903	0.00723	0.00542	0.01807	0.01626	0.02891	0.02529	0.02891	0.01987	0.00903	0.00542	0.00181	0.00361	0.00723	0.77055	0.00723
24	0.01929	0.01666	0.01753	0.01578	0.02016	0.01929	0.01227	0.04120	0.66513	0.03243	0.03156	0.02893	0.02367	0.01052	0.00789	0.00263	0.00614	0.00877	0.00789	0.01227
25	0.01124	0.00737	0.00939	0.00984	0.01101	0.00723	0.00702	0.01299	0.01527	0.02177	0.11721	0.24026	0.10464	0.05066	0.11924	0.09033	0.00707	0.01364	0.13751	0.00633
26	0.01882	0.01863	0.03100	0.14313	0.51294	0.04384	0.07133	0.02356	0.01755	0.02424	0.01445	0.01935	0.01187	0.00705	0.00777	0.00236	0.00985	0.00701	0.00379	0.01148
27	0.00916	0.00785	0.00785	0.00785	0.01047	0.00655	0.00589	0.01113	0.01767	0.02095	0.07855	0.07462	0.67599	0.01964	0.00916	0.00262	0.00393	0.01636	0.00720	0.00655
28	0.00930	0.00790	0.00804	0.00812	0.01070	0.00664	0.00616	0.01133	0.01768	0.02104	0.07703	0.07514	0.65039	0.01971	0.00923	0.00266	0.00406	0.04113	0.00720	0.00657
29	0.01655	0.04496	0.07947	0.20523	0.03959	0.01851	0.34519	0.02214	0.01680	0.02261	0.01659	0.07079	0.01398	0.00853	0.00934	0.00264	0.04455	0.00897	0.00394	0.00963
30	0.06443	0.01345	0.01770	0.01375	0.01962	0.01204	0.01132	0.03735	0.05478	0.62463	0.02983	0.02596	0.01898	0.00955	0.00768	0.00241	0.00655	0.00770	0.00931	0.01295
31	0.00945	0.00675	0.00900	0.01080	0.01125	0.00630	0.00720	0.01080	0.01484	0.01979	0.04274	0.72245	0.05128	0.02429	0.00990	0.00315	0.00450	0.02204	0.00720	0.00630
32	0.01967	0.01865	0.02851	0.16191	0.39205	0.04679	0.04164	0.09208	0.01905	0.02609	0.01445	0.01906	0.01174	0.00790	0.00915	0.00244	0.06654	0.00690	0.00417	0.01121
33	0.02221	0.02486	0.04377	0.04526	0.14944	0.29388	0.01586	0.07549	0.07048	0.02499	0.07057	0.02678	0.06098	0.00990	0.00773	0.00230	0.01014	0.03026	0.00518	0.00992
34	0.01827	0.02005	0.04177	0.07239	0.16432	0.01925	0.49580	0.02436	0.01802	0.02466	0.01537	0.02057	0.01179	0.00667	0.00879	0.00255	0.01218	0.00860	0.00388	0.01071
35	0.02384	0.01493	0.01956	0.07443	0.10036	0.01516	0.01363	0.13910	0.10046	0.22855	0.13220	0.02888	0.02585	0.01009	0.00793	0.00238	0.00698	0.00851	0.00752	0.03964
36	0.01037	0.00812	0.00959	0.01024	0.01238	0.00734	0.00818	0.01292	0.01784	0.02233	0.10841	0.12452	0.38617	0.02026	0.00970	0.00294	0.00496	0.20966	0.00728	0.00677
37	0.04407	0.19971	0.43162	0.05467	0.02980	0.02133	0.02314	0.02353	0.01576	0.02279	0.01280	0.01557	0.00985	0.00763	0.00796	0.00234	0.05801	0.00543	0.00336	0.01065
38	0.01538	0.01454	0.02459	0.60130	0.15519	0.01742	0.02190	0.02046	0.01585	0.02071	0.01391	0.02043	0.01065	0.00761	0.00774	0.00254	0.01015	0.00689	0.00351	0.00921
39	0.01101	0.00744	0.00867	0.00887	0.00906	0.00734	0.00522	0.01145	0.01252	0.01683	0.07339	0.14236	0.03453	0.58129	0.03329	0.00656	0.00683	0.01293	0.00531	0.00510
40	0.02838	0.03344	0.02228	0.01966	0.02378	0.55307	0.01505	0.12850	0.02370	0.02368	0.01293	0.01488	0.01050	0.00851	0.00813	0.00213	0.05180	0.00541	0.00456	0.00962
41	0.09985	0.01406	0.01730	0.01387	0.01943	0.01354	0.01130	0.03711	0.15189	0.49284	0.02898	0.02565	0.01912	0.00957	0.00754	0.00245	0.00645	0.00767	0.00881	0.01257
42	0.01473	0.03114	0.48388	0.01940	0.02825	0.01564	0.04540	0.02287	0.04102	0.02636	0.16740	0.02659	0.02503	0.00941	0.00786	0.00246	0.00952	0.00788	0.00468	0.01049
43	0.02241	0.02510	0.02642	0.09564	0.31584	0.28265	0.01963	0.02582	0.01869	0.02184	0.01316	0.01713	0.01105	0.00792	0.00878	0.00229	0.06529	0.00615	0.00383	0.01037
44	0.01960	0.01678	0.01814	0.05142	0.02208	0.01944	0.01288	0.07345	0.59759	0.03268	0.02994	0.02794	0.02241	0.01031	0.00788	0.00261	0.00648	0.00857	0.00765	0.01213
45	0.01555	0.04011	0.68733	0.02210	0.03356	0.01801	0.02865	0.02455	0.01637	0.02455	0.01391	0.01637	0.00982	0.00737	0.00737	0.00246	0.01146	0.00573	0.00327	0.01146
46	0.06898	0.01742	0.03184	0.26033	0.18748	0.01854	0.23101	0.02255	0.01664	0.02371	0.01426	0.01973	0.01112	0.00733	0.00865	0.00255	0.03655	0.00746	0.00378	0.01004
47	0.01869	0.01791	0.03056	0.12066	0.61000	0.01829	0.02355	0.02336	0.01742	0.02472	0.01450	0.01935	0.01207	0.00700	0.00768	0.00233	0.00934	0.00691	0.00379	0.01188
48	0.03479	0.01320	0.01799	0.01380	0.01979	0.01140	0.01140	0.03779	0.02219	0.68451	0.03059	0.02639	0.01919	0.00960	0.00780	0.00240	0.00660	0.00780	0.00960	0.01320
49	0.01998	0.01700	0.01792	0.01592	0.02043	0.01961	0.01244	0.08267	0.62254	0.03355	0.03068	0.02823	0.02296	0.01044	0.00788	0.00261	0.00630	0.00865	0.00788	0.01233
50	0.01450	0.01233	0.01283	0.01212	0.01496	0.03655	0.00912	0.02437	0.27172	0.02631	0.13927	0.07336	0.18439	0.09417	0.01205	0.00318	0.00566	0.03703	0.00728	0.00881
51	0.00945	0.00675	0.00900	0.01080	0.01125	0.00630	0.00720	0.01080	0.01484	0.01979	0.04274	0.72245	0.05128	0.02429	0.00990	0.00315	0.00450	0.02204	0.00720	0.00630
52	0.01084	0.00802	0.01018	0.00991	0.01186	0.00736	0.00762	0.01422	0.02085	0.02868	0.51582	0.06357	0.16610	0.01702	0.00931	0.00258	0.00405	0.07665	0.00818	0.00718
53	0.00945	0.00675	0.00900	0.01080	0.01125	0.00630	0.00720	0.01080	0.01484	0.01979	0.04274	0.72245	0.05128	0.02429	0.00990	0.00315	0.00450	0.02204	0.00720	0.00630
54	0.02343	0.01204	0.01517	0.01244	0.01658	0.01142	0.00995	0.11842	0.02390	0.29542	0.28656	0.03799	0.03995	0.01203	0.00821	0.00237	0.00555	0.01014	0.04790	0.01053
55	0.01097	0.00793	0.01036	0.00975	0.01158	0.00732	0.00732	0.01463	0.02195	0.03109	0.67505	0.05792	0.07316	0.01585	0.00914	0.00244	0.00366	0.01402	0.00854	0.00732
56	0.00945	0.00675	0.00900	0.01080	0.01125	0.00630	0.00720	0.01080	0.01484	0.01979	0.04274	0.72245	0.05128	0.02429	0.00990	0.00315	0.00450	0.02204	0.00720	0.00630
57	0.05271	0.00754	0.00945	0.01069	0.01155	0.00730	0.00740	0.01222	0.01528	0.02145	0.09734	0.51418	0.04827	0.08912	0.01241	0.00349	0.00497	0.06126	0.00695	0.00641
58	0.03050	0.01225	0.01662	0.01307	0.01831	0.01066	0.01066	0.03362	0.02215	0.56681	0.14667	0.03207	0.02891	0.01072	0.00804	0.00241	0.00607	0.00892	0.00941	0.01214
59	0.01128	0.00752	0.00846	0.00846	0.00846	0.00752	0.00470	0.01128	0.01128	0.01503	0.02443	0.05074	0.02819	0.72751	0.03946	0.00752	0.00752	0.01128	0.00470	0.00470
60	0.00977	0.00695	0.00914	0.01050	0.01110	0.00651	0.00704	0.01133	0.01553	0.02094	0.12399	0.59025	0.05257	0.07083	0.01180	0.00335	0.00459	0.02027	0.00720	0.00632
61	0.00943	0.00742	0.00840	0.00906	0.01072	0.00652	0.00639	0.01113	0.01648	0.02062	0.08408	0.31817	0.39007	0.05170	0.01074	0.00302	0.00429	0.01821	0.00714	0.00640
