[name]
unknown

[dist]
# distance from previous block
# <min> <max>
4	82

[block]
# block no. 0 follows, 24 sequences, length 22
# corresponding to MSA columns:
# 90-111
name=unknown_A
#
# <colnr> <probs for GDERKNQSTAVLIFYWHMCP>
#	G	D	E	R	K	N	Q	S	T	A	V	L	I	F	Y	W	H	M	C	P
0	0.02093	0.01386	0.02156	0.39706	0.07600	0.01537	0.01788	0.02602	0.04463	0.20718	0.02167	0.06767	0.01651	0.00962	0.00808	0.00261	0.00886	0.00839	0.00576	0.01035
1	0.02092	0.01539	0.01771	0.03763	0.02100	0.01501	0.01153	0.06928	0.24880	0.12168	0.02534	0.02476	0.03703	0.00891	0.00726	0.00207	0.00642	0.00729	0.00687	0.29510
2	0.02340	0.01430	0.01713	0.01392	0.01927	0.01357	0.01116	0.07381	0.16578	0.23263	0.06805	0.05269	0.02401	0.01045	0.00775	0.00226	0.00632	0.03368	0.00774	0.20207
3	0.01868	0.01756	0.02773	0.03762	0.46628	0.01712	0.02014	0.02290	0.01727	0.02545	0.01442	0.01868	0.01222	0.00720	0.00852	0.00213	0.05329	0.00646	0.00409	0.20222
4	0.01011	0.00725	0.00960	0.01074	0.01160	0.00674	0.00740	0.01217	0.01726	0.02355	0.22252	0.52788	0.05886	0.02237	0.00990	0.00301	0.00435	0.02019	0.00775	0.00674
5	0.01604	0.03427	0.51375	0.01988	0.03043	0.01645	0.02431	0.02382	0.01667	0.02530	0.01420	0.01667	0.01047	0.00712	0.00712	0.00218	0.01025	0.00557	0.00369	0.20184
6	0.01756	0.00914	0.01110	0.01002	0.01156	0.00868	0.00652	0.01833	0.01433	0.18139	0.02657	0.04565	0.02652	0.54287	0.03224	0.00638	0.00745	0.01064	0.00606	0.00698
7	0.03078	0.01365	0.01791	0.01352	0.01988	0.01138	0.01109	0.03396	0.02113	0.51395	0.02697	0.02435	0.01765	0.00883	0.00745	0.00213	0.00653	0.00715	0.00853	0.20317
8	0.01253	0.00961	0.01207	0.01042	0.01359	0.00826	0.00796	0.01622	0.02094	0.03030	0.50375	0.04850	0.05900	0.01362	0.00848	0.00216	0.00428	0.01192	0.00772	0.19867
9	0.02295	0.01941	0.03967	0.02858	0.03613	0.01795	0.48470	0.02872	0.01971	0.18891	0.01987	0.02279	0.01394	0.00747	0.00901	0.00262	0.01171	0.00901	0.00547	0.01140
10	0.01850	0.01022	0.01419	0.01448	0.01739	0.00976	0.01250	0.02200	0.01937	0.18765	0.03930	0.07378	0.03911	0.01887	0.01021	0.00335	0.00716	0.46536	0.00793	0.00886
11	0.02319	0.01870	0.01989	0.01670	0.02192	0.02105	0.01330	0.24902	0.41941	0.03868	0.02702	0.02545	0.02004	0.01014	0.00794	0.00252	0.00710	0.00817	0.00789	0.04187
12	0.01478	0.00739	0.00739	0.00739	0.00924	0.00739	0.00554	0.01848	0.01663	0.02956	0.02587	0.02956	0.02033	0.00924	0.00554	0.00185	0.00370	0.00739	0.76534	0.00739
13	0.20772	0.14521	0.40941	0.01809	0.02730	0.02035	0.02156	0.02444	0.01583	0.02670	0.01291	0.01512	0.00970	0.00737	0.00648	0.00237	0.00980	0.00521	0.00375	0.01068
14	0.02948	0.02119	0.02349	0.06191	0.02627	0.02340	0.01532	0.57059	0.03507	0.08395	0.01942	0.01963	0.01365	0.00943	0.00793	0.00240	0.00873	0.00718	0.00776	0.01319
15	0.01478	0.00739	0.00739	0.00739	0.00924	0.00739	0.00554	0.01848	0.01663	0.02956	0.02587	0.02956	0.02033	0.00924	0.00554	0.00185	0.00370	0.00739	0.76534	0.00739
16	0.05151	0.01466	0.01824	0.05353	0.02141	0.01457	0.01215	0.18440	0.02562	0.32901	0.15778	0.03086	0.02860	0.01087	0.00815	0.00245	0.00682	0.00891	0.00860	0.01183
17	0.02518	0.13910	0.16382	0.04253	0.02779	0.15630	0.09011	0.04694	0.02008	0.18706	0.01793	0.01892	0.01285	0.00809	0.00741	0.00229	0.01055	0.00646	0.00534	0.01124
18	0.02190	0.01497	0.02475	0.02727	0.24192	0.01412	0.09559	0.02616	0.02055	0.21112	0.18339	0.03186	0.03010	0.01009	0.00845	0.00246	0.00775	0.00944	0.00680	0.01131
19	0.01727	0.00945	0.01247	0.01094	0.01391	0.00850	0.00848	0.02078	0.02236	0.19333	0.48735	0.05175	0.08192	0.01474	0.00901	0.00249	0.00450	0.01283	0.00895	0.00896
20	0.02013	0.01731	0.02548	0.38054	0.17035	0.01980	0.02055	0.19501	0.02226	0.02966	0.01564	0.02025	0.01178	0.00820	0.00791	0.00251	0.00983	0.00708	0.00483	0.01086
21	0.32635	0.01525	0.01629	0.01316	0.01878	0.01570	0.01083	0.09583	0.04269	0.33714	0.02208	0.02070	0.01480	0.00885	0.00677	0.00245	0.00670	0.00647	0.00763	0.01153

[dist]
# distance from previous block
# <min> <max>
0	15

[block]
# block no. 1 follows, 24 sequences, length 13
# corresponding to MSA columns:
# 127-139
name=unknown_B
#
# <colnr> <probs for GDERKNQSTAVLIFYWHMCP>
#	G	D	E	R	K	N	Q	S	T	A	V	L	I	F	Y	W	H	M	C	P
0	0.15078	0.01391	0.01694	0.01347	0.01900	0.01324	0.01103	0.06429	0.04663	0.46631	0.07964	0.02710	0.02227	0.00997	0.00760	0.00246	0.00648	0.00791	0.00878	0.01218
1	0.01048	0.00698	0.00891	0.01046	0.01114	0.00659	0.00707	0.01223	0.01541	0.02173	0.04087	0.60684	0.04733	0.02236	0.00939	0.00300	0.00446	0.02013	0.12802	0.00659
2	0.01869	0.03308	0.49327	0.02087	0.03065	0.01649	0.05366	0.02619	0.01766	0.12858	0.01931	0.07259	0.01494	0.00919	0.00789	0.00256	0.01046	0.00765	0.00472	0.01155
3	0.34157	0.07611	0.03906	0.05697	0.11246	0.01806	0.01353	0.02217	0.01471	0.05006	0.01415	0.01810	0.01174	0.01611	0.11612	0.00409	0.05532	0.00586	0.00448	0.00933
4	0.02133	0.07542	0.03148	0.05618	0.32827	0.01803	0.13299	0.02590	0.01902	0.12919	0.06777	0.02366	0.01813	0.00815	0.00804	0.00240	0.00924	0.00796	0.00519	0.01166
5	0.01781	0.01297	0.01575	0.06457	0.02017	0.01071	0.00996	0.02145	0.01700	0.08526	0.01753	0.01985	0.01374	0.00693	0.00617	0.00151	0.00597	0.00561	0.12616	0.52089
6	0.58243	0.01762	0.07816	0.12174	0.02342	0.01782	0.01273	0.02300	0.01418	0.03213	0.01184	0.01457	0.00904	0.00747	0.00564	0.00249	0.00738	0.00488	0.00454	0.00893
7	0.01094	0.00809	0.01021	0.00968	0.01168	0.00736	0.00726	0.01443	0.02179	0.03024	0.57931	0.06180	0.16415	0.01679	0.00936	0.00252	0.00378	0.01470	0.00852	0.00736
8	0.01869	0.01910	0.03248	0.03125	0.19663	0.03883	0.23478	0.02578	0.10311	0.02490	0.01723	0.02180	0.01399	0.01201	0.05585	0.00336	0.12680	0.00813	0.00446	0.01082
9	0.02913	0.02045	0.02228	0.01729	0.02328	0.02226	0.01420	0.55077	0.03463	0.09935	0.02308	0.04639	0.03855	0.01046	0.00806	0.00243	0.00825	0.00809	0.00805	0.01300
10	0.01109	0.00800	0.01048	0.01007	0.01182	0.00739	0.00747	0.01463	0.02183	0.03081	0.61447	0.11524	0.07291	0.01695	0.00942	0.00256	0.00381	0.01504	0.00861	0.00739
11	0.02603	0.02179	0.07679	0.02109	0.04340	0.04390	0.10988	0.27110	0.07869	0.13872	0.02023	0.02106	0.01448	0.00933	0.00954	0.00255	0.06483	0.00757	0.00671	0.01230
12	0.01022	0.00807	0.00921	0.00893	0.01123	0.00706	0.00670	0.01303	0.02009	0.02620	0.35056	0.06846	0.39542	0.01830	0.00936	0.00259	0.00389	0.01563	0.00799	0.00706

[dist]
# distance from previous block
# <min> <max>
0	1

[block]
# block no. 2 follows, 24 sequences, length 32
# corresponding to MSA columns:
# 141-172
name=unknown_C
#
# <colnr> <probs for GDERKNQSTAVLIFYWHMCP>
#	G	D	E	R	K	N	Q	S	T	A	V	L	I	F	Y	W	H	M	C	P
0	0.01069	0.00768	0.01017	0.01073	0.01202	0.00717	0.00779	0.01345	0.01918	0.02651	0.36891	0.33092	0.06365	0.02014	0.00978	0.00287	0.00434	0.05889	0.00807	0.00704
1	0.32546	0.01846	0.01898	0.04242	0.02210	0.05842	0.04093	0.19893	0.02263	0.15481	0.01738	0.01797	0.01230	0.00845	0.00676	0.00243	0.00796	0.00614	0.00650	0.01098
2	0.01866	0.01995	0.08697	0.19593	0.41298	0.01884	0.05375	0.05195	0.01834	0.02561	0.01491	0.01979	0.01190	0.00740	0.00792	0.00245	0.01005	0.00707	0.00397	0.01157
3	0.13410	0.03703	0.57645	0.02071	0.03137	0.01832	0.02608	0.02483	0.01624	0.02674	0.01374	0.01614	0.00982	0.00751	0.00713	0.00250	0.01085	0.00562	0.00359	0.01123
4	0.01755	0.03050	0.37230	0.08456	0.03720	0.01869	0.21895	0.02602	0.04683	0.04747	0.01619	0.01952	0.01169	0.00753	0.00818	0.00258	0.01172	0.00727	0.00401	0.01125
5	0.01122	0.00811	0.01060	0.00998	0.01185	0.00748	0.00748	0.01496	0.02245	0.03180	0.66766	0.05923	0.07482	0.01621	0.00935	0.00249	0.00374	0.01434	0.00873	0.00748
6	0.00983	0.00703	0.00935	0.01093	0.01154	0.00655	0.00737	0.01146	0.01595	0.02147	0.10992	0.64643	0.05482	0.02393	0.01004	0.00314	0.00451	0.02167	0.00751	0.00655
7	0.01122	0.00811	0.01060	0.00998	0.01185	0.00748	0.00748	0.01496	0.02245	0.03180	0.66766	0.05923	0.07482	0.01621	0.00935	0.00249	0.00374	0.01434	0.00873	0.00748
8	0.01646	0.11305	0.61307	0.02165	0.03285	0.01978	0.02764	0.02497	0.01668	0.02443	0.01389	0.01632	0.01006	0.00746	0.00728	0.00243	0.01138	0.00569	0.00335	0.01156
9	0.02689	0.01956	0.02119	0.01711	0.02277	0.02166	0.01385	0.37302	0.25932	0.10093	0.02492	0.02356	0.01790	0.00999	0.00799	0.00250	0.00766	0.00787	0.00815	0.01315
10	0.02738	0.01582	0.01870	0.01496	0.02018	0.01615	0.01213	0.23780	0.10153	0.27219	0.14561	0.03063	0.02837	0.01102	0.00823	0.00246	0.00680	0.00899	0.00878	0.01226
11	0.00966	0.00690	0.00920	0.01104	0.01150	0.00644	0.00736	0.01104	0.01518	0.02024	0.04371	0.71614	0.05245	0.02484	0.01012	0.00322	0.00460	0.02254	0.00736	0.00644
12	0.02197	0.01793	0.01913	0.01658	0.02140	0.02042	0.01319	0.19016	0.47313	0.03687	0.02947	0.02987	0.02259	0.01099	0.00817	0.00266	0.00693	0.03801	0.00800	0.01253
13	0.02845	0.02052	0.02225	0.01742	0.02335	0.02258	0.01427	0.51250	0.11074	0.08342	0.04713	0.02237	0.01757	0.00995	0.00801	0.00243	0.00812	0.00769	0.00809	0.01313
14	0.08976	0.01543	0.02420	0.05027	0.02541	0.01564	0.15683	0.02879	0.05758	0.26477	0.04477	0.07645	0.02012	0.01061	0.01008	0.00269	0.07969	0.00919	0.00679	0.01093
15	0.01648	0.03704	0.55172	0.02480	0.03577	0.01875	0.15381	0.02517	0.01714	0.02517	0.01460	0.01769	0.01045	0.00736	0.00790	0.00254	0.01205	0.00657	0.00348	0.01151
16	0.01122	0.00811	0.01060	0.00998	0.01185	0.00748	0.00748	0.01496	0.02245	0.03180	0.66766	0.05923	0.07482	0.01621	0.00935	0.00249	0.00374	0.01434	0.00873	0.00748
17	0.01872	0.02139	0.04679	0.03342	0.04144	0.02005	0.64305	0.02540	0.01872	0.02540	0.01604	0.02139	0.01203	0.00668	0.00936	0.00267	0.01337	0.00936	0.00401	0.01070
18	0.12169	0.04020	0.02091	0.01561	0.02165	0.01631	0.04843	0.14035	0.06546	0.38920	0.02522	0.02328	0.01678	0.00925	0.00758	0.00244	0.00742	0.00740	0.00823	0.01256
19	0.00966	0.00690	0.00920	0.01104	0.01150	0.00644	0.00736	0.01104	0.01518	0.02024	0.04371	0.71614	0.05245	0.02484	0.01012	0.00322	0.00460	0.02254	0.00736	0.00644
20	0.00937	0.00803	0.00803	0.00803	0.01071	0.00669	0.00602	0.01138	0.01807	0.02142	0.08033	0.07632	0.66863	0.02008	0.00937	0.00268	0.00402	0.01674	0.00736	0.00669
21	0.01590	0.04102	0.68023	0.02260	0.03432	0.01842	0.02930	0.02511	0.01674	0.02511	0.01423	0.01674	0.01005	0.00753	0.00753	0.00251	0.01172	0.00586	0.00335	0.01172
22	0.10294	0.02216	0.02256	0.01757	0.02369	0.05028	0.01445	0.56046	0.03438	0.04736	0.01799	0.01825	0.01288	0.00926	0.00761	0.00237	0.00869	0.00678	0.00749	0.01284
23	0.02043	0.01739	0.01833	0.01628	0.02089	0.02006	0.01272	0.08326	0.61524	0.03432	0.03137	0.02887	0.02348	0.01067	0.00806	0.00267	0.00644	0.00884	0.00806	0.01262
24	0.71117	0.01551	0.01275	0.01133	0.01581	0.01836	0.00935	0.02294	0.01338	0.03414	0.01099	0.01327	0.00875	0.00793	0.00675	0.00254	0.06713	0.00452	0.00478	0.00860
25	0.01496	0.01370	0.02281	0.66111	0.05193	0.01701	0.02105	0.02016	0.01590	0.02081	0.01479	0.02164	0.01115	0.00801	0.00779	0.00260	0.01016	0.00707	0.04864	0.00873
26	0.01557	0.01518	0.02673	0.58429	0.05131	0.01825	0.10070	0.02086	0.01604	0.02086	0.01416	0.02099	0.01075	0.00806	0.00899	0.00269	0.04464	0.00734	0.00358	0.00904
27	0.03558	0.01350	0.01840	0.01411	0.02024	0.01166	0.01166	0.03865	0.02270	0.67734	0.03128	0.02699	0.01963	0.00981	0.00797	0.00245	0.00675	0.00797	0.00981	0.01350
28	0.01106	0.00810	0.01038	0.00981	0.01175	0.00741	0.00736	0.01465	0.02207	0.03090	0.61654	0.06072	0.12651	0.01655	0.00935	0.00251	0.00377	0.01455	0.00861	0.00741
29	0.00966	0.00690	0.00920	0.01104	0.01150	0.00644	0.00736	0.01104	0.01518	0.02024	0.04371	0.71614	0.05245	0.02484	0.01012	0.00322	0.00460	0.02254	0.00736	0.00644
30	0.01963	0.01884	0.03219	0.04867	0.67185	0.01884	0.02434	0.02434	0.01806	0.02591	0.01492	0.01963	0.01256	0.00707	0.00785	0.00236	0.00942	0.00707	0.00393	0.01256
31	0.77733	0.01534	0.01166	0.01043	0.01534	0.01779	0.00859	0.02331	0.01350	0.03558	0.01104	0.01288	0.00859	0.00736	0.00491	0.00245	0.00613	0.00429	0.00491	0.00859

[dist]
# distance from previous block
# <min> <max>
4	8

[block]
# block no. 3 follows, 24 sequences, length 11
# corresponding to MSA columns:
# 181-191
name=unknown_D
#
# <colnr> <probs for GDERKNQSTAVLIFYWHMCP>
#	G	D	E	R	K	N	Q	S	T	A	V	L	I	F	Y	W	H	M	C	P
0	0.02120	0.72609	0.04155	0.01357	0.02035	0.03138	0.01357	0.02374	0.01611	0.01866	0.01102	0.01272	0.01018	0.00678	0.00509	0.00170	0.00848	0.00424	0.00339	0.01018
1	0.00966	0.00690	0.00920	0.01104	0.01150	0.00644	0.00736	0.01104	0.01518	0.02024	0.04371	0.71614	0.05245	0.02484	0.01012	0.00322	0.00460	0.02254	0.00736	0.00644
2	0.71628	0.01476	0.01157	0.01039	0.01506	0.01697	0.00850	0.02264	0.01421	0.03528	0.06337	0.01658	0.01387	0.00807	0.00526	0.00246	0.00594	0.00509	0.00521	0.00850
3	0.03283	0.01522	0.01920	0.01483	0.02076	0.01445	0.01221	0.17992	0.02611	0.49076	0.06687	0.02707	0.02152	0.01013	0.00805	0.00244	0.00703	0.00816	0.00931	0.01313
4	0.03558	0.01350	0.01840	0.01411	0.02024	0.01166	0.01166	0.03865	0.02270	0.67734	0.03128	0.02699	0.01963	0.00981	0.00797	0.00245	0.00675	0.00797	0.00981	0.01350
5	0.01122	0.00811	0.01060	0.00998	0.01185	0.00748	0.00748	0.01496	0.02245	0.03180	0.66766	0.05923	0.07482	0.01621	0.00935	0.00249	0.00374	0.01434	0.00873	0.00748
6	0.03558	0.01350	0.01840	0.01411	0.02024	0.01166	0.01166	0.03865	0.02270	0.67734	0.03128	0.02699	0.01963	0.00981	0.00797	0.00245	0.00675	0.00797	0.00981	0.01350
7	0.01249	0.00904	0.01238	0.01405	0.01595	0.00892	0.01221	0.01600	0.01824	0.02354	0.04522	0.08834	0.09822	0.02175	0.01082	0.00357	0.00702	0.56769	0.00731	0.00725
8	0.01007	0.00728	0.00959	0.01111	0.01195	0.00680	0.00780	0.01190	0.01625	0.02161	0.09826	0.56455	0.08984	0.02356	0.01009	0.00317	0.00475	0.07734	0.00747	0.00662
9	0.13762	0.10676	0.02263	0.01527	0.02140	0.02049	0.01290	0.29178	0.02674	0.23702	0.02066	0.01981	0.01426	0.00896	0.00716	0.00233	0.00772	0.00663	0.00751	0.01237
10	0.77733	0.01534	0.01166	0.01043	0.01534	0.01779	0.00859	0.02331	0.01350	0.03558	0.01104	0.01288	0.00859	0.00736	0.00491	0.00245	0.00613	0.00429	0.00491	0.00859

[dist]
# distance from previous block
# <min> <max>
0	2

[block]
# block no. 4 follows, 24 sequences, length 46
# corresponding to MSA columns:
# 194-239
name=unknown_E
#
# <colnr> <probs for GDERKNQSTAVLIFYWHMCP>
#	G	D	E	R	K	N	Q	S	T	A	V	L	I	F	Y	W	H	M	C	P
0	0.69787	0.01607	0.01295	0.01126	0.01632	0.01851	0.00928	0.08947	0.01603	0.03711	0.01189	0.01354	0.00911	0.00759	0.00523	0.00245	0.00641	0.00460	0.00523	0.00911
1	0.06250	0.01866	0.02009	0.09583	0.05580	0.07518	0.01409	0.27677	0.05677	0.03479	0.02109	0.11182	0.01839	0.01081	0.00776	0.00240	0.00825	0.00877	0.03359	0.06666
2	0.01160	0.00832	0.00992	0.00938	0.01177	0.00736	0.00709	0.01461	0.02070	0.05728	0.40168	0.06464	0.31164	0.01748	0.00930	0.00257	0.00399	0.01501	0.00823	0.00744
3	0.01842	0.02064	0.04435	0.03316	0.07385	0.01941	0.58070	0.02486	0.01885	0.02572	0.04593	0.02303	0.01495	0.00714	0.00928	0.00265	0.01272	0.00946	0.00422	0.01065
4	0.77733	0.01534	0.01166	0.01043	0.01534	0.01779	0.00859	0.02331	0.01350	0.03558	0.01104	0.01288	0.00859	0.00736	0.00491	0.00245	0.00613	0.00429	0.00491	0.00859
5	0.01122	0.00811	0.01060	0.00998	0.01185	0.00748	0.00748	0.01496	0.02245	0.03180	0.66766	0.05923	0.07482	0.01621	0.00935	0.00249	0.00374	0.01434	0.00873	0.00748
6	0.01122	0.00811	0.01060	0.00998	0.01185	0.00748	0.00748	0.01496	0.02245	0.03180	0.66766	0.05923	0.07482	0.01621	0.00935	0.00249	0.00374	0.01434	0.00873	0.00748
7	0.01498	0.01409	0.02378	0.70226	0.05462	0.01762	0.02202	0.02026	0.01586	0.02026	0.01409	0.02114	0.01057	0.00793	0.00793	0.00264	0.01057	0.00705	0.00352	0.00881
8	0.01160	0.00777	0.00888	0.00898	0.00908	0.00777	0.00524	0.01180	0.01190	0.01584	0.02592	0.05397	0.02976	0.68271	0.03874	0.00747	0.00767	0.04503	0.00494	0.00494
9	0.00966	0.00690	0.00920	0.01104	0.01150	0.00644	0.00736	0.01104	0.01518	0.02024	0.04371	0.71614	0.05245	0.02484	0.01012	0.00322	0.00460	0.02254	0.00736	0.00644
10	0.01872	0.02139	0.04679	0.03342	0.04144	0.02005	0.64305	0.02540	0.01872	0.02540	0.01604	0.02139	0.01203	0.00668	0.00936	0.00267	0.01337	0.00936	0.00401	0.01070
11	0.01098	0.00793	0.01019	0.01146	0.01245	0.00761	0.00802	0.04549	0.01695	0.02257	0.07108	0.59318	0.07378	0.02331	0.00999	0.00315	0.00490	0.05259	0.00745	0.00692
12	0.02931	0.02093	0.02258	0.01749	0.02356	0.02301	0.01439	0.56254	0.06296	0.07930	0.02051	0.02034	0.01455	0.00958	0.00784	0.00237	0.00831	0.00727	0.03996	0.01319
13	0.01665	0.06287	0.39234	0.04828	0.03237	0.01762	0.11763	0.02385	0.01692	0.02482	0.01433	0.01738	0.01072	0.00704	0.00737	0.00223	0.01058	0.00613	0.00374	0.16716
14	0.01817	0.16697	0.45090	0.02186	0.05958	0.07168	0.02452	0.02503	0.01690	0.02323	0.01334	0.01597	0.01021	0.00771	0.00792	0.00236	0.04346	0.00561	0.00344	0.01114
15	0.01654	0.04218	0.02344	0.49577	0.04378	0.01842	0.01957	0.02095	0.01562	0.05065	0.01479	0.02091	0.01147	0.00901	0.01063	0.00269	0.12301	0.00698	0.04461	0.00898
16	0.01478	0.00739	0.00739	0.00739	0.00924	0.00739	0.00554	0.01848	0.01663	0.02956	0.02587	0.02956	0.02033	0.00924	0.00554	0.00185	0.00370	0.00739	0.76534	0.00739
17	0.00973	0.00696	0.00927	0.01099	0.01152	0.00649	0.00737	0.01122	0.01552	0.02078	0.07266	0.68566	0.05349	0.02444	0.01009	0.00319	0.00456	0.02216	0.00742	0.00649
18	0.00937	0.00803	0.00803	0.00803	0.01071	0.00669	0.00602	0.01138	0.01807	0.02142	0.08033	0.07632	0.66863	0.02008	0.00937	0.00268	0.00402	0.01674	0.00736	0.00669
19	0.02120	0.72609	0.04155	0.01357	0.02035	0.03138	0.01357	0.02374	0.01611	0.01866	0.01102	0.01272	0.01018	0.00678	0.00509	0.00170	0.00848	0.00424	0.00339	0.01018
20	0.77733	0.01534	0.01166	0.01043	0.01534	0.01779	0.00859	0.02331	0.01350	0.03558	0.01104	0.01288	0.00859	0.00736	0.00491	0.00245	0.00613	0.00429	0.00491	0.00859
21	0.02191	0.01655	0.01800	0.01586	0.02057	0.01861	0.01243	0.04166	0.57001	0.12197	0.03214	0.02923	0.02358	0.01063	0.00806	0.00266	0.00634	0.00883	0.00831	0.01268
22	0.00964	0.00804	0.00841	0.00831	0.01088	0.00681	0.00624	0.01190	0.01871	0.02293	0.16550	0.07384	0.58252	0.01952	0.00937	0.00265	0.00398	0.01639	0.00756	0.00681
23	0.02120	0.72609	0.04155	0.01357	0.02035	0.03138	0.01357	0.02374	0.01611	0.01866	0.01102	0.01272	0.01018	0.00678	0.00509	0.00170	0.00848	0.00424	0.00339	0.01018
24	0.77733	0.01534	0.01166	0.01043	0.01534	0.01779	0.00859	0.02331	0.01350	0.03558	0.01104	0.01288	0.00859	0.00736	0.00491	0.00245	0.00613	0.00429	0.00491	0.00859
25	0.00966	0.00690	0.00920	0.01104	0.01150	0.00644	0.00736	0.01104	0.01518	0.02024	0.04371	0.71614	0.05245	0.02484	0.01012	0.00322	0.00460	0.02254	0.00736	0.00644
26	0.01752	0.09189	0.48018	0.02394	0.06816	0.01994	0.08592	0.05017	0.04212	0.02595	0.01506	0.01760	0.01106	0.00757	0.00757	0.00245	0.01116	0.00630	0.00381	0.01164
27	0.01644	0.01409	0.01644	0.01175	0.01879	0.01057	0.00940	0.01997	0.01644	0.02584	0.01409	0.01644	0.01175	0.00587	0.00587	0.00117	0.00587	0.00470	0.00470	0.76979
28	0.77733	0.01534	0.01166	0.01043	0.01534	0.01779	0.00859	0.02331	0.01350	0.03558	0.01104	0.01288	0.00859	0.00736	0.00491	0.00245	0.00613	0.00429	0.00491	0.00859
29	0.02310	0.01401	0.01670	0.01336	0.01863	0.03836	0.01058	0.02671	0.04201	0.26192	0.02511	0.12265	0.02089	0.01065	0.00817	0.00212	0.03357	0.00875	0.00700	0.29570
30	0.01735	0.01735	0.02429	0.02082	0.02082	0.02429	0.01735	0.01908	0.01214	0.01908	0.01041	0.01735	0.01041	0.01388	0.02602	0.00347	0.70680	0.00694	0.00347	0.00867
31	0.77733	0.01534	0.01166	0.01043	0.01534	0.01779	0.00859	0.02331	0.01350	0.03558	0.01104	0.01288	0.00859	0.00736	0.00491	0.00245	0.00613	0.00429	0.00491	0.00859
32	0.00966	0.00690	0.00920	0.01104	0.01150	0.00644	0.00736	0.01104	0.01518	0.02024	0.04371	0.71614	0.05245	0.02484	0.01012	0.00322	0.00460	0.02254	0.00736	0.00644
33	0.01735	0.01735	0.02429	0.02082	0.02082	0.02429	0.01735	0.01908	0.01214	0.01908	0.01041	0.01735	0.01041	0.01388	0.02602	0.00347	0.70680	0.00694	0.00347	0.00867
34	0.01105	0.00810	0.01036	0.00980	0.01174	0.00741	0.00735	0.01463	0.02204	0.03084	0.61349	0.06081	0.12959	0.01657	0.00935	0.00251	0.00377	0.01456	0.00860	0.00741
35	0.01735	0.01735	0.02429	0.02082	0.02082	0.02429	0.01735	0.01908	0.01214	0.01908	0.01041	0.01735	0.01041	0.01388	0.02602	0.00347	0.70680	0.00694	0.00347	0.00867
36	0.02074	0.02337	0.20667	0.01795	0.02447	0.01847	0.01745	0.03553	0.35026	0.12086	0.02580	0.02489	0.01877	0.00988	0.00889	0.00265	0.04655	0.00783	0.00672	0.01223
37	0.00966	0.00690	0.00920	0.01104	0.01150	0.00644	0.00736	0.01104	0.01518	0.02024	0.04371	0.71614	0.05245	0.02484	0.01012	0.00322	0.00460	0.02254	0.00736	0.00644
38	0.77733	0.01534	0.01166	0.01043	0.01534	0.01779	0.00859	0.02331	0.01350	0.03558	0.01104	0.01288	0.00859	0.00736	0.00491	0.00245	0.00613	0.00429	0.00491	0.00859
39	0.02120	0.72609	0.04155	0.01357	0.02035	0.03138	0.01357	0.02374	0.01611	0.01866	0.01102	0.01272	0.01018	0.00678	0.00509	0.00170	0.00848	0.00424	0.00339	0.01018
40	0.00966	0.00690	0.00920	0.01104	0.01150	0.00644	0.00736	0.01104	0.01518	0.02024	0.04371	0.71614	0.05245	0.02484	0.01012	0.00322	0.00460	0.02254	0.00736	0.00644
41	0.01972	0.01703	0.01793	0.01614	0.02062	0.01972	0.01255	0.04214	0.65752	0.03317	0.03228	0.02959	0.02421	0.01076	0.00807	0.00269	0.00628	0.00897	0.00807	0.01255
42	0.01672	0.04746	0.03652	0.05800	0.06937	0.01737	0.41573	0.02190	0.01767	0.02379	0.02174	0.17312	0.02077	0.01074	0.00920	0.00273	0.01090	0.01180	0.00469	0.00976
43	0.05848	0.69105	0.04008	0.01341	0.02011	0.03071	0.01332	0.02372	0.01598	0.01949	0.01103	0.01273	0.01010	0.00681	0.00508	0.00173	0.00836	0.00424	0.00347	0.01010
44	0.01478	0.00739	0.00739	0.00739	0.00924	0.00739	0.00554	0.01848	0.01663	0.02956	0.02587	0.02956	0.02033	0.00924	0.00554	0.00185	0.00370	0.00739	0.76534	0.00739
45	0.01292	0.01081	0.01490	0.04248	0.04327	0.03596	0.05569	0.04473	0.01716	0.02250	0.03685	0.50278	0.04225	0.02054	0.00973	0.00307	0.00644	0.06358	0.00673	0.00760

[dist]
# distance from previous block
# <min> <max>
0	1

[block]
# block no. 5 follows, 24 sequences, length 32
# corresponding to MSA columns:
# 241-272
name=unknown_F
#
# <colnr> <probs for GDERKNQSTAVLIFYWHMCP>
#	G	D	E	R	K	N	Q	S	T	A	V	L	I	F	Y	W	H	M	C	P
0	0.03014	0.02221	0.02380	0.01825	0.02459	0.02459	0.01507	0.64541	0.03728	0.04998	0.01904	0.01904	0.01349	0.00952	0.00793	0.00238	0.00873	0.00714	0.00793	0.01349
1	0.01644	0.01063	0.01094	0.01033	0.01307	0.01154	0.00790	0.02644	0.23221	0.03078	0.02802	0.02957	0.02163	0.00975	0.00639	0.00213	0.00456	0.00792	0.51061	0.00913
2	0.51910	0.01250	0.01083	0.01063	0.01405	0.01397	0.00818	0.01918	0.01406	0.03042	0.02203	0.24944	0.02334	0.01324	0.00666	0.00271	0.00562	0.01043	0.00573	0.00787
3	0.02290	0.08075	0.41193	0.01910	0.02859	0.01707	0.02224	0.02957	0.01870	0.24404	0.01974	0.01990	0.01328	0.00825	0.00751	0.00243	0.00982	0.00646	0.00553	0.01221
4	0.01467	0.01422	0.01882	0.01652	0.01742	0.01837	0.01354	0.01649	0.01414	0.01987	0.03393	0.03718	0.23182	0.01597	0.02042	0.00320	0.47040	0.01023	0.00478	0.00801
5	0.01219	0.00780	0.01115	0.01115	0.01182	0.00847	0.00792	0.01237	0.01170	0.01627	0.01944	0.03273	0.01950	0.17462	0.34471	0.26626	0.01383	0.00853	0.00408	0.00542
6	0.02501	0.03888	0.24372	0.02116	0.02781	0.46375	0.02002	0.02946	0.02054	0.02133	0.01292	0.01512	0.01016	0.00796	0.00728	0.00220	0.01343	0.00536	0.00384	0.01004
7	0.01406	0.01206	0.01361	0.01050	0.01607	0.00927	0.00826	0.01708	0.01699	0.02435	0.03638	0.03658	0.23270	0.01065	0.00705	0.00168	0.00525	0.00875	0.00559	0.51311
8	0.01183	0.00831	0.00982	0.00966	0.00972	0.00879	0.00588	0.01209	0.01174	0.01589	0.02459	0.07267	0.02818	0.62821	0.06069	0.00743	0.05300	0.01153	0.00479	0.00519
9	0.41675	0.01792	0.01783	0.06433	0.04805	0.02033	0.01257	0.25249	0.02262	0.03940	0.01436	0.01601	0.01070	0.00819	0.00636	0.00244	0.00754	0.00565	0.00588	0.01057
10	0.01527	0.01401	0.02123	0.22155	0.22894	0.03602	0.01726	0.01955	0.03890	0.02242	0.02488	0.25453	0.02574	0.01346	0.00862	0.00273	0.00818	0.01227	0.00512	0.00932
11	0.01993	0.25771	0.04262	0.06660	0.03439	0.02342	0.37112	0.02501	0.01781	0.04609	0.01478	0.01866	0.01159	0.00691	0.00779	0.00234	0.01132	0.00745	0.00398	0.01051
12	0.01476	0.01383	0.01921	0.01753	0.01768	0.01829	0.01399	0.01638	0.01317	0.01947	0.02161	0.25240	0.02455	0.01757	0.02067	0.00339	0.47060	0.01219	0.00478	0.00792
13	0.52246	0.01651	0.01856	0.02329	0.23617	0.01814	0.01389	0.02366	0.01503	0.03233	0.01234	0.01515	0.00992	0.00726	0.00590	0.00242	0.00724	0.00523	0.00458	0.00992
14	0.34583	0.01458	0.01577	0.01272	0.01834	0.01469	0.01049	0.05398	0.01937	0.38625	0.02237	0.02080	0.01479	0.00878	0.00669	0.00245	0.00656	0.00640	0.00769	0.01144
15	0.01626	0.02315	0.23972	0.01540	0.02402	0.01321	0.01609	0.02170	0.01654	0.02560	0.01414	0.01654	0.01117	0.00643	0.00643	0.00162	0.00784	0.00509	0.00424	0.51480
16	0.16584	0.02051	0.14070	0.27056	0.03867	0.01794	0.14733	0.02385	0.01654	0.06403	0.01494	0.01916	0.01093	0.00761	0.00757	0.00258	0.01025	0.00683	0.00423	0.00994
17	0.01911	0.48659	0.03558	0.24522	0.03188	0.02675	0.01641	0.02257	0.01603	0.01920	0.01206	0.01555	0.01031	0.00717	0.00604	0.00201	0.00918	0.00518	0.00344	0.00972
18	0.02642	0.02023	0.03773	0.01698	0.02289	0.02136	0.01408	0.44966	0.11869	0.06063	0.02191	0.04888	0.01667	0.01003	0.00784	0.00237	0.00794	0.00785	0.02672	0.06114
19	0.01826	0.34591	0.39599	0.01858	0.02810	0.02418	0.02230	0.02450	0.01646	0.02224	0.01280	0.01495	0.01010	0.00720	0.00645	0.00215	0.01028	0.00514	0.00337	0.01103
20	0.01457	0.01167	0.01926	0.46951	0.03972	0.01401	0.01693	0.01692	0.01400	0.01808	0.01399	0.02214	0.01165	0.01453	0.01569	0.26052	0.00933	0.00699	0.00350	0.00700
21	0.01655	0.01625	0.02412	0.25004	0.03219	0.02204	0.01892	0.01948	0.01339	0.01948	0.01165	0.01862	0.01046	0.01188	0.01994	0.00319	0.47261	0.00698	0.00349	0.00872
22	0.01490	0.01129	0.01333	0.01219	0.01508	0.01174	0.00933	0.02490	0.23608	0.05392	0.43258	0.04818	0.05594	0.01416	0.00887	0.00256	0.00469	0.01232	0.00854	0.00939
23	0.52782	0.01472	0.01392	0.01167	0.01699	0.01573	0.00962	0.02847	0.01659	0.25145	0.01785	0.01763	0.01230	0.00819	0.00594	0.00245	0.00634	0.00553	0.00656	0.01024
24	0.02421	0.48932	0.03558	0.01514	0.02178	0.02909	0.01407	0.23286	0.02323	0.02919	0.01372	0.01485	0.01129	0.00770	0.00605	0.00193	0.00856	0.00522	0.00492	0.01129
25	0.00966	0.00690	0.00920	0.01104	0.01150	0.00644	0.00736	0.01104	0.01518	0.02024	0.04371	0.71614	0.05245	0.02484	0.01012	0.00322	0.00460	0.02254	0.00736	0.00644
26	0.52246	0.01651	0.01856	0.02329	0.23617	0.01814	0.01389	0.02366	0.01503	0.03233	0.01234	0.01515	0.00992	0.00726	0.00590	0.00242	0.00724	0.00523	0.00458	0.00992
27	0.02347	0.02794	0.01920	0.01784	0.02103	0.46089	0.01350	0.02578	0.01920	0.01907	0.01528	0.01997	0.01345	0.02543	0.23681	0.00564	0.01663	0.00625	0.00414	0.00848
28	0.01145	0.01008	0.01360	0.24176	0.02560	0.01045	0.01156	0.01475	0.01779	0.02212	0.11992	0.05596	0.38472	0.01559	0.00888	0.00265	0.00619	0.01322	0.00622	0.00749
29	0.02095	0.01192	0.01680	0.01395	0.01798	0.01110	0.06162	0.04888	0.05716	0.24728	0.23494	0.11462	0.08070	0.01390	0.00885	0.00259	0.00599	0.01226	0.00840	0.01012
30	0.02692	0.01331	0.01966	0.24529	0.03121	0.01336	0.01485	0.03078	0.02038	0.41050	0.07067	0.02731	0.02050	0.00963	0.00806	0.00252	0.00782	0.00811	0.00762	0.01149
31	0.52249	0.01591	0.01377	0.01235	0.01711	0.01844	0.00992	0.02964	0.23013	0.03477	0.01818	0.01850	0.01384	0.00850	0.00597	0.00253	0.00618	0.00587	0.00597	0.00992

[dist]
# distance from previous block
# <min> <max>
0	7

[block]
# block no. 6 follows, 24 sequences, length 67
# corresponding to MSA columns:
# 280-346
name=unknown_G
#
# <colnr> <probs for GDERKNQSTAVLIFYWHMCP>
#	G	D	E	R	K	N	Q	S	T	A	V	L	I	F	Y	W	H	M	C	P
0	0.02005	0.01554	0.04183	0.01291	0.01996	0.01193	0.01083	0.06379	0.01871	0.12030	0.01687	0.01813	0.01292	0.00674	0.00637	0.00149	0.00640	0.00537	0.00559	0.58427
1	0.01987	0.64550	0.03779	0.01295	0.01927	0.02861	0.01272	0.02236	0.01633	0.01897	0.01880	0.01986	0.08407	0.00828	0.00557	0.00181	0.00798	0.00564	0.00384	0.00979
2	0.69347	0.01611	0.01302	0.01131	0.01637	0.01855	0.00932	0.09313	0.01616	0.03719	0.01194	0.01357	0.00914	0.00760	0.00525	0.00245	0.00643	0.00461	0.00525	0.00914
3	0.01557	0.01509	0.02668	0.60295	0.07604	0.01794	0.09180	0.02099	0.01626	0.02105	0.01434	0.02111	0.01081	0.00776	0.00809	0.00264	0.01084	0.00731	0.00359	0.00916
4	0.03380	0.01389	0.01835	0.01434	0.02029	0.01256	0.01176	0.03904	0.09394	0.60505	0.03140	0.02728	0.02014	0.00992	0.00799	0.00248	0.00669	0.00809	0.00962	0.01339
5	0.02600	0.01937	0.02100	0.01694	0.02220	0.02134	0.01365	0.49025	0.09336	0.04380	0.02409	0.12699	0.02049	0.01199	0.00828	0.00254	0.00786	0.00968	0.00786	0.01232
6	0.09747	0.00855	0.00899	0.00885	0.00940	0.00882	0.00523	0.01285	0.01175	0.01764	0.02342	0.04752	0.02656	0.64119	0.03638	0.00710	0.00751	0.01072	0.00482	0.00523
7	0.01540	0.01491	0.02637	0.62719	0.05314	0.01789	0.09172	0.02084	0.01618	0.02084	0.01431	0.02117	0.01073	0.00779	0.00809	0.00265	0.01088	0.00731	0.00358	0.00902
8	0.09581	0.00785	0.00948	0.01097	0.01193	0.00771	0.00750	0.01242	0.01499	0.02196	0.04004	0.63722	0.04753	0.02288	0.00954	0.00313	0.00477	0.02050	0.00709	0.00668
9	0.01538	0.03732	0.60508	0.02118	0.03180	0.01719	0.02685	0.02397	0.01738	0.02586	0.08756	0.02151	0.01731	0.00851	0.00774	0.00251	0.01082	0.00681	0.00395	0.01124
10	0.10606	0.64632	0.03820	0.01322	0.01979	0.02985	0.01301	0.02370	0.01582	0.02056	0.01103	0.01274	0.01000	0.00685	0.00507	0.00178	0.00822	0.00425	0.00356	0.01000
11	0.11392	0.14527	0.02441	0.08608	0.02509	0.07719	0.01417	0.25703	0.07167	0.03418	0.01623	0.01761	0.01242	0.00833	0.00687	0.00220	0.00863	0.00607	0.00578	0.06686
12	0.01786	0.02062	0.06376	0.10693	0.04096	0.01944	0.50894	0.02412	0.01797	0.02442	0.01645	0.04350	0.01305	0.00770	0.00977	0.00271	0.03816	0.00932	0.00402	0.01031
13	0.00969	0.00702	0.00916	0.01079	0.01146	0.00649	0.00727	0.01119	0.01562	0.02069	0.06590	0.64986	0.09712	0.02423	0.01004	0.00316	0.00453	0.02187	0.00740	0.00649
14	0.01952	0.01913	0.03383	0.04696	0.60110	0.01898	0.09377	0.02446	0.01813	0.02585	0.01504	0.01982	0.01250	0.00702	0.00802	0.00239	0.00986	0.00732	0.00393	0.01235
15	0.01122	0.00811	0.01060	0.00998	0.01185	0.00748	0.00748	0.01496	0.02245	0.03180	0.66766	0.05923	0.07482	0.01621	0.00935	0.00249	0.00374	0.01434	0.00873	0.00748
16	0.01377	0.00689	0.01033	0.01033	0.01033	0.00689	0.00689	0.01033	0.01033	0.01377	0.01377	0.02410	0.01377	0.02755	0.03099	0.76928	0.00689	0.00689	0.00344	0.00344
17	0.02099	0.69921	0.06661	0.01392	0.02090	0.03087	0.01419	0.02380	0.01614	0.01891	0.01115	0.01288	0.01017	0.00681	0.00518	0.00173	0.00861	0.00430	0.00339	0.01024
18	0.01105	0.00810	0.01037	0.00980	0.01174	0.00741	0.00735	0.01464	0.02205	0.03085	0.61393	0.06080	0.12915	0.01657	0.00935	0.00251	0.00377	0.01456	0.00860	0.00741
19	0.00937	0.00803	0.00803	0.00803	0.01071	0.00669	0.00602	0.01138	0.01807	0.02142	0.08033	0.07632	0.66863	0.02008	0.00937	0.00268	0.00402	0.01674	0.00736	0.00669
20	0.77733	0.01534	0.01166	0.01043	0.01534	0.01779	0.00859	0.02331	0.01350	0.03558	0.01104	0.01288	0.00859	0.00736	0.00491	0.00245	0.00613	0.00429	0.00491	0.00859
21	0.01498	0.01409	0.02378	0.70226	0.05462	0.01762	0.02202	0.02026	0.01586	0.02026	0.01409	0.02114	0.01057	0.00793	0.00793	0.00264	0.01057	0.00705	0.00352	0.00881
22	0.03014	0.02221	0.02380	0.01825	0.02459	0.02459	0.01507	0.64541	0.03728	0.04998	0.01904	0.01904	0.01349	0.00952	0.00793	0.00238	0.00873	0.00714	0.00793	0.01349
23	0.00965	0.00696	0.00914	0.01089	0.01146	0.00645	0.00729	0.01106	0.01533	0.02030	0.04555	0.68396	0.08344	0.02460	0.01008	0.00319	0.00457	0.02225	0.00736	0.00645
24	0.01122	0.00811	0.01060	0.00998	0.01185	0.00748	0.00748	0.01496	0.02245	0.03180	0.66766	0.05923	0.07482	0.01621	0.00935	0.00249	0.00374	0.01434	0.00873	0.00748
25	0.01122	0.00811	0.01060	0.00998	0.01185	0.00748	0.00748	0.01496	0.02245	0.03180	0.66766	0.05923	0.07482	0.01621	0.00935	0.00249	0.00374	0.01434	0.00873	0.00748
26	0.02165	0.69068	0.04066	0.01380	0.02057	0.03104	0.01364	0.05501	0.01718	0.02023	0.01143	0.01304	0.01034	0.00692	0.00523	0.00173	0.00849	0.00439	0.00362	0.01034
27	0.03216	0.01787	0.04629	0.01602	0.02238	0.01694	0.01362	0.25739	0.05502	0.39750	0.02624	0.02383	0.01723	0.00966	0.00795	0.00244	0.00764	0.00763	0.00881	0.01338
28	0.74460	0.01644	0.04039	0.01095	0.01615	0.01782	0.00948	0.02339	0.01363	0.03513	0.01118	0.01305	0.00865	0.00737	0.00502	0.00246	0.00637	0.00436	0.00484	0.00872
29	0.01597	0.03800	0.60573	0.02138	0.03258	0.01754	0.02706	0.02454	0.01671	0.02519	0.01422	0.01671	0.01024	0.00735	0.00735	0.00236	0.01106	0.00573	0.00350	0.09679
30	0.02120	0.72609	0.04155	0.01357	0.02035	0.03138	0.01357	0.02374	0.01611	0.01866	0.01102	0.01272	0.01018	0.00678	0.00509	0.00170	0.00848	0.00424	0.00339	0.01018
31	0.02120	0.72609	0.04155	0.01357	0.02035	0.03138	0.01357	0.02374	0.01611	0.01866	0.01102	0.01272	0.01018	0.00678	0.00509	0.00170	0.00848	0.00424	0.00339	0.01018
32	0.00966	0.00690	0.00920	0.01104	0.01150	0.00644	0.00736	0.01104	0.01518	0.02024	0.04371	0.71614	0.05245	0.02484	0.01012	0.00322	0.00460	0.02254	0.00736	0.00644
33	0.77733	0.01534	0.01166	0.01043	0.01534	0.01779	0.00859	0.02331	0.01350	0.03558	0.01104	0.01288	0.00859	0.00736	0.00491	0.00245	0.00613	0.00429	0.00491	0.00859
34	0.01650	0.01498	0.02583	0.57023	0.10911	0.01764	0.06227	0.02173	0.01653	0.04818	0.01500	0.02126	0.01122	0.00785	0.00802	0.00261	0.01049	0.00724	0.00385	0.00947
35	0.71991	0.01615	0.03521	0.01101	0.01620	0.01756	0.00944	0.02401	0.01399	0.06196	0.01200	0.01360	0.00910	0.00747	0.00513	0.00246	0.00635	0.00450	0.00506	0.00890
36	0.50255	0.04746	0.01620	0.01393	0.04406	0.08004	0.01078	0.08618	0.01762	0.07369	0.01382	0.01529	0.01051	0.00782	0.00575	0.00235	0.00733	0.00509	0.02990	0.00962
37	0.01735	0.01735	0.02429	0.02082	0.02082	0.02429	0.01735	0.01908	0.01214	0.01908	0.01041	0.01735	0.01041	0.01388	0.02602	0.00347	0.70680	0.00694	0.00347	0.00867
38	0.01768	0.01478	0.01698	0.01281	0.01938	0.01130	0.00994	0.02041	0.01754	0.02694	0.01999	0.05002	0.04340	0.00856	0.00702	0.00170	0.00638	0.00658	0.00555	0.68305
39	0.01043	0.00748	0.00975	0.01131	0.01199	0.00712	0.00765	0.03493	0.01601	0.02136	0.04278	0.68989	0.05098	0.02427	0.01004	0.00319	0.00476	0.02196	0.00738	0.00671
40	0.03014	0.02221	0.02380	0.01825	0.02459	0.02459	0.01507	0.64541	0.03728	0.04998	0.01904	0.01904	0.01349	0.00952	0.00793	0.00238	0.00873	0.00714	0.00793	0.01349
41	0.01858	0.01777	0.03029	0.19625	0.53248	0.01857	0.02381	0.02342	0.01756	0.02463	0.01473	0.01997	0.01211	0.00726	0.00787	0.00242	0.00968	0.00706	0.00383	0.01171
42	0.01433	0.01718	0.10619	0.04285	0.02709	0.01382	0.24792	0.01957	0.03701	0.02374	0.05746	0.24790	0.08128	0.01422	0.00929	0.00282	0.00891	0.01384	0.00557	0.00900
43	0.01972	0.01703	0.01793	0.01614	0.02062	0.01972	0.01255	0.04214	0.65752	0.03317	0.03228	0.02959	0.02421	0.01076	0.00807	0.00269	0.00628	0.00897	0.00807	0.01255
44	0.77733	0.01534	0.01166	0.01043	0.01534	0.01779	0.00859	0.02331	0.01350	0.03558	0.01104	0.01288	0.00859	0.00736	0.00491	0.00245	0.00613	0.00429	0.00491	0.00859
45	0.02962	0.03779	0.02247	0.02043	0.02451	0.68948	0.01532	0.03166	0.02247	0.01941	0.01226	0.01430	0.01021	0.00817	0.00715	0.00204	0.01430	0.00511	0.00409	0.00919
46	0.03014	0.02221	0.02380	0.01825	0.02459	0.02459	0.01507	0.64541	0.03728	0.04998	0.01904	0.01904	0.01349	0.00952	0.00793	0.00238	0.00873	0.00714	0.00793	0.01349
47	0.77733	0.01534	0.01166	0.01043	0.01534	0.01779	0.00859	0.02331	0.01350	0.03558	0.01104	0.01288	0.00859	0.00736	0.00491	0.00245	0.00613	0.00429	0.00491	0.00859
48	0.01924	0.09748	0.40996	0.02366	0.05480	0.01917	0.13616	0.02653	0.01775	0.09779	0.01620	0.01845	0.01158	0.00755	0.00769	0.00245	0.01108	0.00662	0.00422	0.01162
49	0.04357	0.01447	0.02334	0.64870	0.05194	0.01791	0.02124	0.04612	0.01665	0.02205	0.01419	0.02075	0.01062	0.00797	0.00782	0.00262	0.01033	0.00695	0.00376	0.00899
50	0.01047	0.00776	0.01006	0.01113	0.01237	0.00693	0.00760	0.01210	0.01533	0.02091	0.04019	0.63306	0.04761	0.02259	0.00962	0.00298	0.00475	0.02042	0.00704	0.09708
51	0.03285	0.01373	0.01808	0.01421	0.02000	0.01247	0.01162	0.03824	0.09807	0.57850	0.05344	0.02842	0.02208	0.01015	0.00803	0.00248	0.00659	0.00831	0.00957	0.01317
52	0.01478	0.00739	0.00739	0.00739	0.00924	0.00739	0.00554	0.01848	0.01663	0.02956	0.02587	0.02956	0.02033	0.00924	0.00554	0.00185	0.00370	0.00739	0.76534	0.00739
53	0.65713	0.01598	0.01610	0.01331	0.01863	0.01781	0.08405	0.02418	0.01449	0.06043	0.01246	0.01447	0.00945	0.00738	0.00556	0.00248	0.00702	0.00504	0.00500	0.00904
54	0.01048	0.00962	0.01264	0.01105	0.01436	0.00828	0.08167	0.01305	0.01815	0.02189	0.07270	0.06979	0.59066	0.01849	0.00937	0.00268	0.00513	0.01586	0.00697	0.00717
55	0.00937	0.00803	0.00803	0.00803	0.01071	0.00669	0.00602	0.01138	0.01807	0.02142	0.08033	0.07632	0.66863	0.02008	0.00937	0.00268	0.00402	0.01674	0.00736	0.00669
56	0.03493	0.01453	0.01904	0.01460	0.02076	0.01319	0.01206	0.11069	0.02443	0.60285	0.02983	0.02605	0.01890	0.00978	0.00797	0.00244	0.00698	0.00788	0.00959	0.01349
57	0.01431	0.01337	0.02191	0.61982	0.04940	0.01632	0.02012	0.01921	0.01612	0.02040	0.02196	0.02769	0.08871	0.00937	0.00810	0.00265	0.00979	0.00820	0.00398	0.00856
58	0.02879	0.02211	0.02653	0.02005	0.02659	0.02405	0.08964	0.57179	0.03508	0.04706	0.01868	0.01932	0.01331	0.00918	0.00810	0.00241	0.00928	0.00740	0.00747	0.01315
59	0.03370	0.01392	0.01835	0.01435	0.02029	0.01261	0.01176	0.03906	0.09808	0.60085	0.03140	0.02730	0.02017	0.00993	0.00799	0.00248	0.00669	0.00809	0.00961	0.01338
60	0.59994	0.01571	0.01347	0.01136	0.01669	0.01731	0.00933	0.07607	0.01615	0.05622	0.01273	0.01428	0.00973	0.00745	0.00538	0.00230	0.00634	0.00470	0.00530	0.09955
61	0.01047	0.00776	0.01006	0.01113	0.01237	0.00693	0.00760	0.01210	0.01533	0.02091	0.04019	0.63306	0.04761	0.02259	0.00962	0.00298	0.00475	0.02042	0.00704	0.09708
62	0.01250	0.00880	0.00975	0.00954	0.01007	0.00912	0.00572	0.01517	0.08824	0.01749	0.02585	0.04924	0.02828	0.63694	0.03653	0.00709	0.00752	0.01123	0.00519	0.00572
63	0.01829	0.02179	0.08754	0.03085	0.06996	0.01875	0.49300	0.02468	0.01827	0.02546	0.01563	0.02038	0.01188	0.00667	0.00874	0.00247	0.01216	0.00844	0.00404	0.10100
64	0.02845	0.03533	0.02193	0.01992	0.02405	0.60995	0.01499	0.03291	0.09788	0.02104	0.01463	0.01612	0.01188	0.00848	0.00726	0.00212	0.01335	0.00557	0.00456	0.00959
65	0.02006	0.01729	0.01764	0.01338	0.01987	0.09218	0.01061	0.04720	0.04512	0.07405	0.01608	0.01761	0.01273	0.00678	0.00635	0.00148	0.00706	0.00526	0.00526	0.56400
66	0.01936	0.01866	0.03125	0.04537	0.59454	0.01949	0.02351	0.02371	0.01735	0.02510	0.01438	0.01936	0.01231	0.00787	0.01001	0.00249	0.09223	0.00705	0.00387	0.01210

[dist]
# distance from previous block
# <min> <max>
0	1

[block]
# block no. 7 follows, 24 sequences, length 17
# corresponding to MSA columns:
# 348-364
name=unknown_H
#
# <colnr> <probs for GDERKNQSTAVLIFYWHMCP>
#	G	D	E	R	K	N	Q	S	T	A	V	L	I	F	Y	W	H	M	C	P
0	0.02184	0.02004	0.03365	0.10369	0.13589	0.02066	0.26027	0.21865	0.02410	0.03256	0.01744	0.02259	0.01352	0.00827	0.00857	0.00256	0.01079	0.02808	0.00528	0.01154
1	0.01058	0.00838	0.00971	0.01023	0.01259	0.00751	0.00825	0.01323	0.01845	0.02291	0.11143	0.07918	0.42983	0.02037	0.00987	0.00297	0.00503	0.20511	0.00744	0.00694
2	0.01633	0.01041	0.01069	0.01013	0.01281	0.01126	0.00774	0.02589	0.21745	0.03069	0.02788	0.02957	0.02154	0.00971	0.00633	0.00211	0.00450	0.00788	0.52805	0.00901
3	0.03478	0.01367	0.01838	0.01421	0.02026	0.01206	0.01170	0.03882	0.05450	0.64507	0.03133	0.02712	0.01986	0.00986	0.00798	0.00247	0.00672	0.00802	0.00973	0.01345
4	0.01633	0.01041	0.01069	0.01013	0.01281	0.01126	0.00774	0.02589	0.21745	0.03069	0.02788	0.02957	0.02154	0.00971	0.00633	0.00211	0.00450	0.00788	0.52805	0.00901
5	0.02400	0.50553	0.03599	0.01503	0.02168	0.02925	0.01404	0.21854	0.02275	0.02847	0.01354	0.01470	0.01121	0.00764	0.00598	0.00191	0.00856	0.00515	0.00481	0.01121
6	0.53679	0.01269	0.01089	0.01062	0.01413	0.01423	0.00820	0.01947	0.01402	0.03077	0.02128	0.23324	0.02233	0.01284	0.00654	0.00269	0.00565	0.01001	0.00568	0.00792
7	0.01346	0.01218	0.02184	0.01740	0.02110	0.01134	0.20662	0.01795	0.02074	0.02895	0.41768	0.09559	0.05351	0.01386	0.00941	0.00260	0.00682	0.01338	0.00715	0.00841
8	0.02058	0.01746	0.01841	0.01631	0.02095	0.02013	0.01276	0.09191	0.60634	0.03456	0.03118	0.02872	0.02332	0.01066	0.00806	0.00266	0.00648	0.00881	0.00806	0.01263
9	0.01127	0.00705	0.00863	0.00990	0.01079	0.00674	0.00679	0.01337	0.01564	0.02316	0.03812	0.50101	0.04238	0.01995	0.00869	0.00279	0.00432	0.01780	0.24487	0.00674
