[name]
unknown

[dist]
# distance from previous block
# <min> <max>
0	5

[block]
# block no. 0 follows, 25 sequences, length 18
# corresponding to MSA columns:
# 5-22
name=unknown_A
#
# <colnr> <probs for GDERKNQSTAVLIFYWHMCP>
#	G	D	E	R	K	N	Q	S	T	A	V	L	I	F	Y	W	H	M	C	P
0	0.01393	0.00920	0.01285	0.01425	0.01631	0.00908	0.01242	0.01747	0.01813	0.06592	0.04038	0.08352	0.04298	0.02066	0.01052	0.00349	0.00710	0.58696	0.00730	0.00753
1	0.02933	0.01278	0.01669	0.01347	0.01860	0.01169	0.01087	0.03454	0.09984	0.51000	0.06961	0.07221	0.04180	0.01122	0.00805	0.00248	0.00618	0.00936	0.00912	0.01215
2	0.01853	0.01185	0.01334	0.05567	0.01724	0.01269	0.00966	0.04422	0.22931	0.10737	0.03031	0.03061	0.06027	0.01016	0.00695	0.00226	0.00537	0.00833	0.31608	0.00978
3	0.14482	0.01534	0.02253	0.46226	0.06729	0.01815	0.04486	0.09066	0.01763	0.02594	0.01393	0.01905	0.01046	0.00775	0.00731	0.00252	0.00948	0.00655	0.00418	0.00930
4	0.02116	0.01611	0.01904	0.11072	0.04812	0.01796	0.01362	0.16484	0.29134	0.08822	0.02747	0.02860	0.05025	0.05564	0.00989	0.00284	0.00735	0.00850	0.00702	0.01129
5	0.01858	0.01000	0.01316	0.01149	0.01467	0.00919	0.00908	0.04434	0.02228	0.21891	0.42607	0.04933	0.05369	0.01417	0.00881	0.00250	0.00490	0.05091	0.00872	0.00920
6	0.09971	0.00830	0.00821	0.03020	0.01113	0.00868	0.00627	0.01865	0.01590	0.02927	0.02331	0.02683	0.01829	0.00879	0.00543	0.00190	0.00410	0.00688	0.66077	0.00740
7	0.10116	0.01852	0.07287	0.21773	0.06916	0.01789	0.27885	0.02309	0.04153	0.02459	0.01636	0.05362	0.01325	0.00803	0.00808	0.00258	0.01056	0.00825	0.00415	0.00973
8	0.01463	0.00970	0.01244	0.01193	0.01398	0.00985	0.00927	0.01846	0.05941	0.09703	0.20859	0.08906	0.09005	0.11832	0.03926	0.00385	0.04932	0.12987	0.00716	0.00783
9	0.01022	0.00712	0.00893	0.00989	0.01031	0.00681	0.00634	0.01130	0.01423	0.01914	0.09206	0.43107	0.04520	0.26735	0.02008	0.00460	0.00547	0.01760	0.00645	0.00583
10	0.01617	0.01699	0.03365	0.06854	0.03261	0.01679	0.39387	0.02119	0.01713	0.02364	0.06003	0.10049	0.02004	0.01139	0.03260	0.00297	0.07069	0.01029	0.00454	0.04637
11	0.01409	0.01299	0.02110	0.53914	0.04390	0.01610	0.01887	0.01847	0.01543	0.02026	0.04865	0.09969	0.01788	0.01047	0.00957	0.00271	0.06940	0.00890	0.00410	0.00828
12	0.06400	0.01386	0.02249	0.66394	0.05093	0.01724	0.02069	0.02000	0.01536	0.02077	0.01359	0.02015	0.01021	0.00772	0.00756	0.00257	0.01006	0.00672	0.00353	0.00860
13	0.01146	0.00821	0.01081	0.08723	0.01525	0.00852	0.00834	0.01303	0.01368	0.01837	0.02985	0.21715	0.03350	0.33936	0.04141	0.00531	0.00725	0.09210	0.03319	0.00599
14	0.02827	0.01268	0.01720	0.05605	0.02080	0.01176	0.01189	0.06670	0.02209	0.46550	0.09848	0.03570	0.02685	0.01144	0.00826	0.00254	0.00668	0.07676	0.00873	0.01162
15	0.02694	0.01995	0.02157	0.01685	0.02248	0.02197	0.01380	0.55328	0.06510	0.04611	0.09176	0.02345	0.02032	0.01009	0.00792	0.00235	0.00788	0.00784	0.00785	0.01249
16	0.06354	0.01857	0.01984	0.01597	0.02153	0.05158	0.01294	0.27899	0.17619	0.22187	0.02430	0.02269	0.01693	0.00951	0.00762	0.00240	0.00758	0.00740	0.00799	0.01255
17	0.03226	0.01434	0.01843	0.01419	0.02019	0.01310	0.01166	0.10477	0.05407	0.54076	0.02823	0.02499	0.01825	0.00936	0.00767	0.00232	0.00673	0.00755	0.00899	0.06213

[dist]
# distance from previous block
# <min> <max>
2	4

[block]
# block no. 1 follows, 25 sequences, length 140
# corresponding to MSA columns:
# 27-166
name=unknown_B
#
# <colnr> <probs for GDERKNQSTAVLIFYWHMCP>
#	G	D	E	R	K	N	Q	S	T	A	V	L	I	F	Y	W	H	M	C	P
0	0.01557	0.01337	0.02177	0.59195	0.04692	0.01648	0.01960	0.02036	0.01568	0.04810	0.01524	0.02140	0.01147	0.00820	0.00837	0.00255	0.04172	0.00695	0.06561	0.00869
1	0.01515	0.01134	0.01371	0.01123	0.01592	0.00903	0.00859	0.01795	0.01653	0.07245	0.05485	0.20924	0.05559	0.01204	0.00730	0.00190	0.00530	0.01042	0.00595	0.44549
2	0.02884	0.01994	0.02195	0.01675	0.02300	0.02123	0.01381	0.51930	0.03281	0.12300	0.01960	0.01931	0.01375	0.00900	0.00757	0.00222	0.00804	0.00685	0.00768	0.08535
3	0.02479	0.01447	0.01778	0.04249	0.02071	0.01356	0.01145	0.14103	0.05376	0.26946	0.07476	0.04493	0.02117	0.00944	0.00743	0.00211	0.00657	0.00774	0.00748	0.20887
4	0.06244	0.01370	0.01755	0.01382	0.01944	0.01270	0.01131	0.05840	0.08626	0.54357	0.05622	0.02712	0.02123	0.00984	0.00774	0.00242	0.00647	0.00798	0.00912	0.01266
5	0.04786	0.06698	0.59980	0.02084	0.03155	0.01819	0.02633	0.02507	0.01650	0.05702	0.01447	0.01654	0.01023	0.00744	0.00718	0.00242	0.01087	0.00570	0.00365	0.01136
6	0.01042	0.00763	0.00981	0.01001	0.01154	0.00701	0.00732	0.01327	0.01941	0.02667	0.41808	0.24445	0.12640	0.01876	0.00941	0.00269	0.00404	0.03812	0.00798	0.00695
7	0.01385	0.01222	0.01990	0.41095	0.03710	0.01453	0.04664	0.01748	0.01486	0.01985	0.01968	0.14577	0.01897	0.04501	0.01182	0.03753	0.05884	0.00987	0.03731	0.00781
8	0.21631	0.01901	0.02063	0.01614	0.02199	0.02078	0.04127	0.38878	0.04662	0.10776	0.01812	0.01830	0.01284	0.00872	0.00709	0.00237	0.00784	0.00652	0.00704	0.01185
9	0.01575	0.01491	0.02685	0.08020	0.02696	0.01658	0.22777	0.01830	0.01428	0.01989	0.01627	0.09050	0.01551	0.01451	0.01789	0.16049	0.20239	0.00911	0.00395	0.00790
10	0.01481	0.01411	0.02428	0.67811	0.05282	0.01733	0.05017	0.02004	0.01563	0.02004	0.01387	0.02068	0.01040	0.00770	0.00782	0.00259	0.01046	0.00699	0.00347	0.00870
11	0.02919	0.03015	0.02255	0.01902	0.02400	0.39604	0.01487	0.30896	0.02844	0.03233	0.01495	0.01605	0.01142	0.00858	0.00733	0.00214	0.01155	0.00588	0.00568	0.01086
12	0.03088	0.07283	0.02143	0.01511	0.02108	0.01484	0.04387	0.06575	0.09196	0.49607	0.02776	0.02489	0.01827	0.00929	0.00764	0.00237	0.00710	0.00763	0.00853	0.01269
13	0.01065	0.00815	0.01142	0.01108	0.01279	0.00750	0.03868	0.01351	0.01896	0.02604	0.37460	0.28771	0.11219	0.01863	0.00941	0.00271	0.00443	0.01676	0.00774	0.00705
14	0.01128	0.00752	0.00846	0.00846	0.00846	0.00752	0.00470	0.01128	0.01128	0.01503	0.02443	0.05074	0.02819	0.72751	0.03946	0.00752	0.00752	0.01128	0.00470	0.00470
15	0.02975	0.02128	0.02300	0.01763	0.02383	0.02339	0.01456	0.62150	0.03572	0.08169	0.01923	0.01902	0.01350	0.00932	0.00776	0.00233	0.00843	0.00702	0.00785	0.01319
16	0.01604	0.01537	0.02654	0.49913	0.22067	0.01766	0.05223	0.02112	0.01621	0.02153	0.01409	0.02029	0.01093	0.00747	0.00780	0.00251	0.01016	0.00700	0.00357	0.00969
17	0.01555	0.04011	0.68733	0.02210	0.03356	0.01801	0.02865	0.02455	0.01637	0.02455	0.01391	0.01637	0.00982	0.00737	0.00737	0.00246	0.01146	0.00573	0.00327	0.01146
18	0.01773	0.01994	0.04305	0.06245	0.03977	0.01889	0.59296	0.02397	0.01802	0.02438	0.01683	0.05292	0.01350	0.00740	0.00912	0.00264	0.01256	0.00964	0.00405	0.01018
19	0.03012	0.04786	0.07309	0.01427	0.02030	0.01283	0.01263	0.05542	0.02156	0.51714	0.05633	0.06011	0.02170	0.01026	0.00779	0.00241	0.00691	0.00840	0.00857	0.01231
20	0.01487	0.01401	0.02367	0.67571	0.08478	0.01729	0.02165	0.02001	0.01561	0.02009	0.01382	0.02060	0.01043	0.00771	0.00775	0.00257	0.01028	0.00689	0.00346	0.00880
21	0.01830	0.02092	0.04575	0.03268	0.04052	0.01961	0.65098	0.02484	0.01830	0.02484	0.01569	0.02092	0.01176	0.00654	0.00915	0.00261	0.01307	0.00915	0.00392	0.01046
22	0.01481	0.01411	0.02428	0.67811	0.05282	0.01733	0.05017	0.02004	0.01563	0.02004	0.01387	0.02068	0.01040	0.00770	0.00782	0.00259	0.01046	0.00699	0.00347	0.00870
23	0.05831	0.01505	0.01889	0.01453	0.02053	0.01426	0.01200	0.16686	0.02490	0.52928	0.02742	0.02430	0.01757	0.00946	0.00769	0.00238	0.00699	0.00751	0.00905	0.01304
24	0.00945	0.00675	0.00900	0.01080	0.01125	0.00630	0.00720	0.01080	0.01484	0.01979	0.04274	0.72245	0.05128	0.02429	0.00990	0.00315	0.00450	0.02204	0.00720	0.00630
25	0.01126	0.00881	0.01330	0.01266	0.01437	0.00968	0.04030	0.01390	0.01317	0.01838	0.02660	0.03609	0.08540	0.10737	0.53976	0.01058	0.01761	0.00940	0.00449	0.00687
26	0.01640	0.01407	0.01622	0.01191	0.01855	0.01123	0.00950	0.02169	0.08098	0.02598	0.01556	0.01736	0.01270	0.00622	0.00596	0.00130	0.00578	0.00501	0.00492	0.69865
27	0.01464	0.01378	0.02326	0.70887	0.05340	0.01723	0.02153	0.01981	0.01550	0.01981	0.01378	0.02067	0.01034	0.00775	0.00775	0.00258	0.01034	0.00689	0.00345	0.00861
28	0.01224	0.01030	0.01092	0.01034	0.01332	0.01019	0.00788	0.01999	0.19715	0.02572	0.15979	0.05936	0.40064	0.01652	0.00881	0.00259	0.00449	0.01390	0.00760	0.00825
29	0.01555	0.04011	0.68733	0.02210	0.03356	0.01801	0.02865	0.02455	0.01637	0.02455	0.01391	0.01637	0.00982	0.00737	0.00737	0.00246	0.01146	0.00573	0.00327	0.01146
30	0.01919	0.01842	0.03147	0.04759	0.67914	0.01842	0.02380	0.02380	0.01765	0.02533	0.01458	0.01919	0.01228	0.00691	0.00768	0.00230	0.00921	0.00691	0.00384	0.01228
31	0.00951	0.00792	0.00833	0.00837	0.01087	0.00674	0.00637	0.01171	0.01809	0.02202	0.13305	0.07370	0.58636	0.01937	0.00924	0.00265	0.00407	0.04767	0.00732	0.00665
32	0.01555	0.04011	0.68733	0.02210	0.03356	0.01801	0.02865	0.02455	0.01637	0.02455	0.01391	0.01637	0.00982	0.00737	0.00737	0.00246	0.01146	0.00573	0.00327	0.01146
33	0.01097	0.00793	0.01036	0.00975	0.01158	0.00732	0.00732	0.01463	0.02195	0.03109	0.67505	0.05792	0.07316	0.01585	0.00914	0.00244	0.00366	0.01402	0.00854	0.00732
34	0.02316	0.01956	0.02235	0.01814	0.02343	0.05154	0.07494	0.27038	0.30844	0.03727	0.05036	0.02473	0.01992	0.00978	0.00797	0.00248	0.00797	0.00817	0.00730	0.01209
35	0.01134	0.00810	0.01116	0.01287	0.01417	0.00792	0.01041	0.01411	0.01689	0.02222	0.06192	0.31679	0.04795	0.02228	0.01036	0.00338	0.00607	0.38800	0.00721	0.00684
36	0.01782	0.04939	0.16208	0.07521	0.03664	0.04229	0.37752	0.02391	0.01708	0.02334	0.01433	0.01908	0.01100	0.00759	0.01026	0.00261	0.08814	0.00778	0.00369	0.01024
37	0.64599	0.01392	0.01138	0.01018	0.01463	0.01572	0.00829	0.02202	0.01458	0.05690	0.08078	0.02023	0.04343	0.00867	0.00552	0.00241	0.00570	0.00582	0.00544	0.00838
38	0.01669	0.01351	0.01593	0.01151	0.01816	0.01026	0.00921	0.02013	0.01659	0.05460	0.04199	0.01827	0.01439	0.00633	0.00597	0.00126	0.00569	0.00513	0.00498	0.70941
39	0.78228	0.01499	0.01140	0.01020	0.01499	0.01739	0.00840	0.02279	0.01320	0.03479	0.01080	0.01260	0.00840	0.00720	0.00480	0.00240	0.00600	0.00420	0.00480	0.00840
40	0.01033	0.00803	0.01167	0.01234	0.01321	0.00787	0.04092	0.01207	0.01519	0.02050	0.06767	0.62278	0.04822	0.02248	0.01058	0.00310	0.03917	0.02028	0.00690	0.00666
41	0.01911	0.32261	0.07125	0.02307	0.02999	0.02453	0.30594	0.02368	0.01666	0.02158	0.01312	0.01683	0.01079	0.00713	0.00850	0.00226	0.06251	0.00670	0.00360	0.01014
42	0.78228	0.01499	0.01140	0.01020	0.01499	0.01739	0.00840	0.02279	0.01320	0.03479	0.01080	0.01260	0.00840	0.00720	0.00480	0.00240	0.00600	0.00420	0.00480	0.00840
43	0.02019	0.01678	0.01780	0.01581	0.02033	0.01927	0.01236	0.06854	0.61827	0.05212	0.03095	0.02839	0.02307	0.01044	0.00788	0.00261	0.00626	0.00866	0.00793	0.01234
44	0.00962	0.00687	0.00917	0.01085	0.01141	0.00643	0.00736	0.01115	0.01529	0.02046	0.07439	0.66977	0.05218	0.02378	0.00988	0.00313	0.00454	0.04007	0.00726	0.00637
45	0.00945	0.00675	0.00900	0.01080	0.01125	0.00630	0.00720	0.01080	0.01484	0.01979	0.04274	0.72245	0.05128	0.02429	0.00990	0.00315	0.00450	0.02204	0.00720	0.00630
46	0.01000	0.00789	0.00901	0.00873	0.01099	0.00690	0.00655	0.01275	0.01965	0.02563	0.35416	0.06690	0.39745	0.01789	0.00916	0.00254	0.00380	0.01528	0.00782	0.00690
47	0.01249	0.00892	0.01249	0.01428	0.01606	0.00892	0.01249	0.01606	0.01785	0.02320	0.04105	0.08746	0.04462	0.02142	0.01071	0.00357	0.00714	0.62695	0.00714	0.00714
48	0.02896	0.03695	0.02197	0.01998	0.02397	0.69638	0.01498	0.03096	0.02197	0.01898	0.01199	0.01398	0.00999	0.00799	0.00699	0.00200	0.01398	0.00499	0.00400	0.00899
49	0.01770	0.01690	0.02878	0.26393	0.47443	0.01803	0.02306	0.02249	0.01695	0.02352	0.01432	0.01967	0.01165	0.00718	0.00770	0.00239	0.00958	0.00690	0.00371	0.01108
50	0.78228	0.01499	0.01140	0.01020	0.01499	0.01739	0.00840	0.02279	0.01320	0.03479	0.01080	0.01260	0.00840	0.00720	0.00480	0.00240	0.00600	0.00420	0.00480	0.00840
51	0.01151	0.00843	0.01113	0.01224	0.01382	0.00825	0.00975	0.01522	0.04676	0.02399	0.15764	0.25395	0.08328	0.02062	0.01000	0.00316	0.00557	0.29009	0.00744	0.00714
52	0.02947	0.02172	0.02327	0.01784	0.02404	0.02404	0.01474	0.65329	0.03646	0.04887	0.01862	0.01862	0.01319	0.00931	0.00776	0.00233	0.00853	0.00698	0.00776	0.01319
53	0.01929	0.01666	0.01753	0.01578	0.02016	0.01929	0.01227	0.04120	0.66513	0.03243	0.03156	0.02893	0.02367	0.01052	0.00789	0.00263	0.00614	0.00877	0.00789	0.01227
54	0.01608	0.01378	0.01608	0.01148	0.01837	0.01034	0.00919	0.01952	0.01608	0.02527	0.01378	0.01608	0.01148	0.00574	0.00574	0.00115	0.00574	0.00459	0.00459	0.77491
55	0.01214	0.01035	0.01534	0.04800	0.01715	0.01211	0.03741	0.01428	0.01381	0.01935	0.02792	0.34512	0.03122	0.02783	0.16574	0.00522	0.17020	0.01425	0.00534	0.00722
56	0.02795	0.02081	0.02162	0.01685	0.02254	0.04606	0.01381	0.56783	0.03393	0.04582	0.01905	0.01948	0.01374	0.00923	0.00750	0.00226	0.00823	0.00694	0.08390	0.01244
57	0.01445	0.00723	0.00723	0.00723	0.00903	0.00723	0.00542	0.01807	0.01626	0.02891	0.02529	0.02891	0.01987	0.00903	0.00542	0.00181	0.00361	0.00723	0.77055	0.00723
58	0.03388	0.01372	0.01821	0.01406	0.02000	0.01229	0.01158	0.06510	0.05059	0.62830	0.03010	0.02616	0.01912	0.00962	0.00780	0.00241	0.00666	0.00780	0.00944	0.01316
59	0.01455	0.01358	0.02281	0.68002	0.05185	0.01688	0.02116	0.01965	0.01560	0.01995	0.01491	0.02345	0.01176	0.00832	0.00787	0.00262	0.01020	0.03264	0.00360	0.00855
60	0.01696	0.01696	0.02375	0.02036	0.02036	0.02375	0.01696	0.01866	0.01187	0.01866	0.01018	0.01696	0.01018	0.01357	0.02545	0.00339	0.71332	0.00679	0.00339	0.00848
61	0.00952	0.00680	0.00906	0.01075	0.01126	0.00634	0.00720	0.01097	0.01517	0.02031	0.07180	0.69191	0.05229	0.02390	0.00986	0.00312	0.00446	0.02167	0.00726	0.00634
62	0.01978	0.01690	0.01781	0.01588	0.02035	0.01952	0.01239	0.07117	0.63435	0.03324	0.03092	0.02842	0.02316	0.01046	0.00788	0.00262	0.00625	0.00868	0.00788	0.01232
63	0.01578	0.07065	0.65879	0.02171	0.03296	0.01857	0.02797	0.02450	0.01634	0.02428	0.01378	0.01620	0.00983	0.00733	0.00726	0.00242	0.01132	0.00566	0.00328	0.01139
64	0.01375	0.00971	0.01413	0.01328	0.01362	0.01177	0.01005	0.01320	0.01114	0.01591	0.01446	0.02362	0.01411	0.03136	0.19546	0.38966	0.18852	0.00714	0.00357	0.00555
65	0.01672	0.01660	0.02327	0.02002	0.02008	0.02316	0.01666	0.01846	0.01190	0.01863	0.01063	0.01753	0.01057	0.01545	0.05378	0.00378	0.68409	0.00685	0.00342	0.00842
66	0.01090	0.00787	0.01030	0.00980	0.01157	0.00727	0.00731	0.01446	0.02162	0.03058	0.64628	0.08815	0.07216	0.01624	0.00918	0.00247	0.00370	0.01439	0.00847	0.00727
67	0.02352	0.08445	0.02443	0.02360	0.15800	0.21002	0.01584	0.11876	0.20819	0.02829	0.01900	0.01989	0.01485	0.00856	0.00733	0.00226	0.00948	0.00668	0.00555	0.01129
68	0.02874	0.02811	0.02242	0.01867	0.02382	0.31710	0.01472	0.35112	0.06166	0.03500	0.01637	0.01711	0.01232	0.00879	0.00743	0.00220	0.01079	0.00620	0.00612	0.01131
69	0.03066	0.01982	0.02209	0.01694	0.02310	0.02122	0.01399	0.51599	0.03327	0.19066	0.02129	0.02035	0.01453	0.00937	0.00777	0.00234	0.00810	0.00716	0.00817	0.01319
70	0.02887	0.01211	0.01624	0.01294	0.01794	0.01072	0.01050	0.03263	0.04282	0.51492	0.17720	0.03364	0.03161	0.01105	0.00811	0.00242	0.00591	0.00924	0.00930	0.01183
71	0.00945	0.00675	0.00900	0.01080	0.01125	0.00630	0.00720	0.01080	0.01484	0.01979	0.04274	0.72245	0.05128	0.02429	0.00990	0.00315	0.00450	0.02204	0.00720	0.00630
72	0.03479	0.01320	0.01799	0.01380	0.01979	0.01140	0.01140	0.03779	0.02219	0.68451	0.03059	0.02639	0.01919	0.00960	0.00780	0.00240	0.00660	0.00780	0.00960	0.01320
73	0.00951	0.00684	0.00903	0.01065	0.01124	0.00635	0.00716	0.01099	0.01527	0.02037	0.07411	0.66998	0.07229	0.02374	0.00984	0.00310	0.00444	0.02148	0.00726	0.00635
74	0.01097	0.00793	0.01036	0.00975	0.01158	0.00732	0.00732	0.01463	0.02195	0.03109	0.67505	0.05792	0.07316	0.01585	0.00914	0.00244	0.00366	0.01402	0.00854	0.00732
75	0.02073	0.73217	0.04063	0.01327	0.01990	0.03068	0.01327	0.02322	0.01575	0.01824	0.01078	0.01244	0.00995	0.00663	0.00498	0.00166	0.00829	0.00415	0.00332	0.00995
76	0.78228	0.01499	0.01140	0.01020	0.01499	0.01739	0.00840	0.02279	0.01320	0.03479	0.01080	0.01260	0.00840	0.00720	0.00480	0.00240	0.00600	0.00420	0.00480	0.00840
77	0.01625	0.05747	0.54873	0.02441	0.06138	0.01864	0.11653	0.02452	0.01668	0.02444	0.01410	0.01702	0.01021	0.00721	0.00756	0.00245	0.01150	0.00622	0.00339	0.01131
78	0.01514	0.01181	0.01421	0.01140	0.01647	0.00927	0.00874	0.01798	0.01603	0.05526	0.02260	0.21208	0.02287	0.01106	0.00699	0.00176	0.00544	0.00958	0.00555	0.52576
79	0.01347	0.00673	0.01010	0.01010	0.01010	0.00673	0.00673	0.01010	0.01010	0.01347	0.01347	0.02357	0.01347	0.02694	0.03030	0.77441	0.00673	0.00673	0.00337	0.00337
80	0.01689	0.01484	0.01808	0.01370	0.01907	0.01388	0.01113	0.04846	0.01610	0.02491	0.01322	0.01639	0.01128	0.00761	0.01012	0.00169	0.15961	0.00518	0.00448	0.57337
81	0.01014	0.00724	0.00979	0.01159	0.01234	0.00690	0.00840	0.01200	0.01553	0.02057	0.04235	0.57790	0.04977	0.02364	0.01008	0.00324	0.00510	0.15974	0.00718	0.00649
82	0.01752	0.01788	0.02367	0.02034	0.02052	0.05466	0.01687	0.01923	0.01234	0.01867	0.01026	0.01683	0.01017	0.01331	0.02460	0.00333	0.68118	0.00670	0.00342	0.00851
83	0.01700	0.01746	0.03345	0.31226	0.18467	0.01838	0.25736	0.02256	0.01702	0.02289	0.01467	0.02044	0.01129	0.00711	0.00826	0.00253	0.01111	0.00774	0.00371	0.01010
84	0.01692	0.01375	0.01616	0.01159	0.01844	0.01038	0.00929	0.02034	0.01635	0.05481	0.01453	0.01654	0.01183	0.00591	0.00583	0.00120	0.00578	0.00474	0.00482	0.74077
85	0.00945	0.00675	0.00900	0.01080	0.01125	0.00630	0.00720	0.01080	0.01484	0.01979	0.04274	0.72245	0.05128	0.02429	0.00990	0.00315	0.00450	0.02204	0.00720	0.00630
86	0.01887	0.01630	0.01714	0.01546	0.01977	0.01877	0.01201	0.03998	0.63883	0.03197	0.03347	0.03078	0.05017	0.01089	0.00794	0.00263	0.00605	0.00907	0.00786	0.01204
87	0.01756	0.06938	0.03025	0.20264	0.03410	0.02154	0.17404	0.05115	0.01586	0.02190	0.01292	0.01866	0.01074	0.00961	0.01447	0.00281	0.27208	0.00721	0.00374	0.00933
88	0.02945	0.02245	0.02321	0.01794	0.02404	0.05655	0.01475	0.62320	0.03576	0.04742	0.01829	0.01839	0.01303	0.00924	0.00772	0.00231	0.00880	0.00688	0.00757	0.01298
89	0.01445	0.00723	0.00723	0.00723	0.00903	0.00723	0.00542	0.01807	0.01626	0.02891	0.02529	0.02891	0.01987	0.00903	0.00542	0.00181	0.00361	0.00723	0.77055	0.00723
90	0.02630	0.05225	0.05535	0.01742	0.02353	0.02305	0.01484	0.46852	0.16478	0.04295	0.02073	0.02037	0.01505	0.00935	0.00764	0.00237	0.00817	0.00717	0.00737	0.01277
91	0.00945	0.00675	0.00900	0.01080	0.01125	0.00630	0.00720	0.01080	0.01484	0.01979	0.04274	0.72245	0.05128	0.02429	0.00990	0.00315	0.00450	0.02204	0.00720	0.00630
92	0.02239	0.01769	0.02019	0.07319	0.05413	0.01997	0.01416	0.20240	0.38396	0.06702	0.02584	0.02494	0.01905	0.00976	0.00783	0.00252	0.00728	0.00801	0.00739	0.01227
93	0.00945	0.00675	0.00900	0.01080	0.01125	0.00630	0.00720	0.01080	0.01484	0.01979	0.04274	0.72245	0.05128	0.02429	0.00990	0.00315	0.00450	0.02204	0.00720	0.00630
94	0.00945	0.00675	0.00900	0.01080	0.01125	0.00630	0.00720	0.01080	0.01484	0.01979	0.04274	0.72245	0.05128	0.02429	0.00990	0.00315	0.00450	0.02204	0.00720	0.00630
95	0.01998	0.01715	0.01867	0.01642	0.02053	0.02016	0.01297	0.09451	0.54275	0.03255	0.02825	0.02680	0.02137	0.01071	0.00963	0.00268	0.07706	0.00841	0.00743	0.01198
96	0.01128	0.00752	0.00846	0.00846	0.00846	0.00752	0.00470	0.01128	0.01128	0.01503	0.02443	0.05074	0.02819	0.72751	0.03946	0.00752	0.00752	0.01128	0.00470	0.00470
97	0.01913	0.01868	0.03034	0.10858	0.59588	0.04374	0.02325	0.02369	0.01762	0.02457	0.01441	0.01913	0.01201	0.00703	0.00766	0.00232	0.00950	0.00683	0.00381	0.01181
98	0.01991	0.65985	0.03782	0.01337	0.01952	0.02850	0.01319	0.02250	0.01596	0.01874	0.01381	0.01994	0.01342	0.00811	0.00555	0.00185	0.00818	0.06642	0.00370	0.00967
99	0.05965	0.05654	0.09120	0.02155	0.08179	0.20995	0.07042	0.14320	0.05347	0.11293	0.01715	0.01829	0.01267	0.00818	0.00737	0.00227	0.01032	0.00642	0.00550	0.01112
100	0.02189	0.57621	0.07080	0.01488	0.02131	0.14514	0.01436	0.02463	0.01686	0.01870	0.01115	0.01291	0.00995	0.00691	0.00545	0.00176	0.00944	0.00437	0.00343	0.00986
101	0.01608	0.01378	0.01608	0.01148	0.01837	0.01034	0.00919	0.01952	0.01608	0.02527	0.01378	0.01608	0.01148	0.00574	0.00574	0.00115	0.00574	0.00459	0.00459	0.77491
102	0.01869	0.01774	0.02672	0.02132	0.02622	0.01940	0.21036	0.05730	0.34291	0.02877	0.02451	0.05798	0.01953	0.01020	0.01013	0.00271	0.07901	0.00925	0.00617	0.01108
103	0.01254	0.04774	0.04745	0.01301	0.01514	0.01040	0.03085	0.01578	0.04754	0.04471	0.06000	0.45640	0.06877	0.01961	0.01005	0.00295	0.03981	0.04299	0.00667	0.00761
104	0.01432	0.00880	0.01154	0.01047	0.01297	0.00792	0.00795	0.01768	0.02111	0.11904	0.50322	0.10924	0.06118	0.01528	0.00888	0.00244	0.00422	0.01345	0.00839	0.04191
105	0.02896	0.03695	0.02197	0.01998	0.02397	0.69638	0.01498	0.03096	0.02197	0.01898	0.01199	0.01398	0.00999	0.00799	0.00699	0.00200	0.01398	0.00499	0.00400	0.00899
106	0.01803	0.02320	0.12917	0.03277	0.10346	0.01928	0.50597	0.02470	0.01798	0.02485	0.01534	0.02014	0.01156	0.00668	0.00877	0.00256	0.01247	0.00847	0.00383	0.01077
107	0.03479	0.01320	0.01799	0.01380	0.01979	0.01140	0.01140	0.03779	0.02219	0.68451	0.03059	0.02639	0.01919	0.00960	0.00780	0.00240	0.00660	0.00780	0.00960	0.01320
108	0.01109	0.00824	0.01210	0.01210	0.01336	0.00950	0.00924	0.01361	0.01235	0.01773	0.02110	0.03229	0.02018	0.11870	0.63732	0.01201	0.01957	0.00858	0.00420	0.00672
109	0.01347	0.00673	0.01010	0.01010	0.01010	0.00673	0.00673	0.01010	0.01010	0.01347	0.01347	0.02357	0.01347	0.02694	0.03030	0.77441	0.00673	0.00673	0.00337	0.00337
110	0.01481	0.01411	0.02428	0.67801	0.05281	0.01734	0.05026	0.02004	0.01563	0.02004	0.01387	0.02068	0.01040	0.00770	0.00782	0.00259	0.01046	0.00699	0.00347	0.00870
111	0.02947	0.02172	0.02327	0.01784	0.02404	0.02404	0.01474	0.65329	0.03646	0.04887	0.01862	0.01862	0.01319	0.00931	0.00776	0.00233	0.00853	0.00698	0.00776	0.01319
112	0.01445	0.00723	0.00723	0.00723	0.00903	0.00723	0.00542	0.01807	0.01626	0.02891	0.02529	0.02891	0.01987	0.00903	0.00542	0.00181	0.00361	0.00723	0.77055	0.00723
113	0.03424	0.01407	0.01854	0.01421	0.02023	0.01270	0.01174	0.10126	0.02366	0.61896	0.02935	0.02559	0.01857	0.00957	0.00779	0.00239	0.00680	0.00771	0.00941	0.01319
114	0.03324	0.01367	0.01814	0.01415	0.01995	0.01230	0.01172	0.08649	0.02313	0.59993	0.03015	0.02882	0.01998	0.01017	0.00794	0.00245	0.00678	0.03878	0.00932	0.01289
115	0.00960	0.00686	0.00917	0.01097	0.01149	0.00643	0.00746	0.01106	0.01500	0.01996	0.04265	0.69061	0.05095	0.02415	0.00994	0.00317	0.00463	0.05237	0.00719	0.00634
116	0.00945	0.00675	0.00900	0.01080	0.01125	0.00630	0.00720	0.01080	0.01484	0.01979	0.04274	0.72245	0.05128	0.02429	0.00990	0.00315	0.00450	0.02204	0.00720	0.00630
117	0.74768	0.01530	0.01194	0.01055	0.01541	0.01770	0.00869	0.05177	0.01426	0.03543	0.01116	0.01287	0.00862	0.00729	0.00493	0.00240	0.00611	0.00433	0.00493	0.00862
118	0.01781	0.02005	0.04300	0.03108	0.03822	0.01913	0.59207	0.02388	0.01785	0.02432	0.01677	0.05510	0.01363	0.00771	0.00989	0.00267	0.04290	0.00968	0.00406	0.01017
119	0.01097	0.00793	0.01036	0.00975	0.01158	0.00732	0.00732	0.01463	0.02195	0.03109	0.67505	0.05792	0.07316	0.01585	0.00914	0.00244	0.00366	0.01402	0.00854	0.00732
120	0.00963	0.00685	0.00908	0.01080	0.01127	0.00644	0.00725	0.01099	0.01477	0.01968	0.04181	0.66992	0.04996	0.05781	0.01134	0.00337	0.00473	0.04098	0.00708	0.00625
121	0.01685	0.12144	0.45296	0.02354	0.03353	0.01997	0.17618	0.02446	0.01676	0.02384	0.01395	0.01697	0.01030	0.00708	0.00750	0.00239	0.01145	0.00635	0.00343	0.01103
122	0.05637	0.10574	0.02154	0.04611	0.02236	0.17181	0.01330	0.06485	0.32453	0.06080	0.02235	0.02192	0.01700	0.00912	0.00719	0.00233	0.00846	0.00696	0.00623	0.01102
123	0.03409	0.01335	0.01797	0.01388	0.01981	0.01175	0.01144	0.03794	0.05101	0.65528	0.03063	0.02650	0.01939	0.00964	0.00780	0.00241	0.00658	0.00784	0.00952	0.01315
124	0.01128	0.00752	0.00846	0.00846	0.00846	0.00752	0.00470	0.01128	0.01128	0.01503	0.02443	0.05074	0.02819	0.72751	0.03946	0.00752	0.00752	0.01128	0.00470	0.00470
125	0.01919	0.01842	0.03147	0.04759	0.67914	0.01842	0.02380	0.02380	0.01765	0.02533	0.01458	0.01919	0.01228	0.00691	0.00768	0.00230	0.00921	0.00691	0.00384	0.01228
126	0.01909	0.51247	0.24593	0.01607	0.02424	0.02666	0.01815	0.02364	0.01595	0.02025	0.01177	0.01369	0.00991	0.00687	0.00573	0.00191	0.00930	0.00465	0.00330	0.01043
127	0.01815	0.26296	0.35235	0.02080	0.05179	0.04302	0.07881	0.02486	0.03795	0.02263	0.01360	0.01594	0.01059	0.00716	0.00676	0.00220	0.01039	0.00564	0.00354	0.01086
128	0.01110	0.00787	0.01041	0.01048	0.01116	0.00851	0.00720	0.01249	0.01199	0.01666	0.02343	0.06888	0.02491	0.37633	0.35442	0.00971	0.01377	0.01029	0.00454	0.00583
129	0.02346	0.01837	0.01863	0.01581	0.02047	0.07222	0.01248	0.24747	0.25015	0.08981	0.02875	0.09201	0.05239	0.01157	0.00802	0.00250	0.00737	0.00939	0.00758	0.01156
130	0.01097	0.00793	0.01036	0.00975	0.01158	0.00732	0.00732	0.01463	0.02195	0.03109	0.67505	0.05792	0.07316	0.01585	0.00914	0.00244	0.00366	0.01402	0.00854	0.00732
131	0.01597	0.09635	0.63478	0.02138	0.03245	0.01904	0.02740	0.02445	0.01632	0.02404	0.01366	0.01605	0.00983	0.00731	0.00717	0.00239	0.01120	0.00560	0.00328	0.01134
132	0.00945	0.00675	0.00900	0.01080	0.01125	0.00630	0.00720	0.01080	0.01484	0.01979	0.04274	0.72245	0.05128	0.02429	0.00990	0.00315	0.00450	0.02204	0.00720	0.00630
133	0.00943	0.00680	0.00894	0.01066	0.01121	0.00631	0.00714	0.01081	0.01497	0.01985	0.04438	0.69267	0.07999	0.02408	0.00986	0.00312	0.00447	0.02178	0.00720	0.00631
134	0.05293	0.05110	0.02632	0.17374	0.14583	0.04610	0.06867	0.23000	0.07332	0.03215	0.01670	0.01945	0.01264	0.00816	0.00759	0.00239	0.00932	0.00695	0.00537	0.01125
135	0.01853	0.01513	0.01610	0.01417	0.01829	0.01667	0.01108	0.15224	0.36128	0.03280	0.06582	0.06699	0.15191	0.01288	0.00825	0.00258	0.00600	0.01069	0.00773	0.01087
136	0.01732	0.01353	0.01602	0.01160	0.01824	0.01031	0.00929	0.02074	0.01675	0.07557	0.03841	0.01834	0.01425	0.00639	0.00602	0.00129	0.00573	0.00517	0.00511	0.68991
137	0.01579	0.07169	0.65782	0.02170	0.03294	0.01859	0.02795	0.02449	0.01634	0.02427	0.01377	0.01619	0.00983	0.00733	0.00726	0.00242	0.01131	0.00566	0.00328	0.01139
138	0.01062	0.00770	0.01001	0.00988	0.01148	0.00710	0.00724	0.01378	0.02046	0.02860	0.53428	0.18297	0.09168	0.01757	0.00929	0.00258	0.00383	0.01561	0.00823	0.00710
139	0.01580	0.01348	0.01578	0.01146	0.01807	0.01017	0.00910	0.01916	0.01603	0.02503	0.01500	0.04589	0.01316	0.00653	0.00592	0.00123	0.00569	0.00533	0.00470	0.74247

[dist]
# distance from previous block
# <min> <max>
0	3

[block]
# block no. 2 follows, 25 sequences, length 73
# corresponding to MSA columns:
# 170-242
name=unknown_C
#
# <colnr> <probs for GDERKNQSTAVLIFYWHMCP>
#	G	D	E	R	K	N	Q	S	T	A	V	L	I	F	Y	W	H	M	C	P
0	0.78228	0.01499	0.01140	0.01020	0.01499	0.01739	0.00840	0.02279	0.01320	0.03479	0.01080	0.01260	0.00840	0.00720	0.00480	0.00240	0.00600	0.00420	0.00480	0.00840
1	0.03251	0.01368	0.01873	0.01463	0.01986	0.01297	0.01211	0.03535	0.02088	0.59955	0.02798	0.02519	0.01804	0.01010	0.01005	0.00253	0.09678	0.00767	0.00881	0.01259
2	0.01104	0.00742	0.00853	0.00876	0.00881	0.00736	0.00502	0.01121	0.01173	0.01564	0.02677	0.13645	0.03114	0.63778	0.03569	0.00696	0.00713	0.01265	0.00502	0.00490
3	0.01421	0.01139	0.09415	0.00940	0.01233	0.00853	0.00852	0.01833	0.01616	0.02765	0.02519	0.08099	0.02102	0.01000	0.00601	0.00199	0.00468	0.00818	0.61355	0.00769
4	0.01445	0.00723	0.00723	0.00723	0.00903	0.00723	0.00542	0.01807	0.01626	0.02891	0.02529	0.02891	0.01987	0.00903	0.00542	0.00181	0.00361	0.00723	0.77055	0.00723
5	0.02073	0.73217	0.04063	0.01327	0.01990	0.03068	0.01327	0.02322	0.01575	0.01824	0.01078	0.01244	0.00995	0.00663	0.00498	0.00166	0.00829	0.00415	0.00332	0.00995
6	0.01124	0.00839	0.01054	0.01000	0.01209	0.00747	0.00726	0.01403	0.01871	0.02629	0.38052	0.19195	0.08699	0.06954	0.01113	0.00281	0.00440	0.01441	0.00740	0.10482
7	0.01415	0.00946	0.01191	0.01096	0.01342	0.00916	0.00832	0.01995	0.10363	0.09116	0.49666	0.08971	0.06058	0.01508	0.00890	0.00250	0.00430	0.01324	0.00847	0.00843
8	0.01200	0.00866	0.01082	0.01169	0.01288	0.00856	0.00816	0.09278	0.01760	0.02350	0.03966	0.63264	0.04642	0.02238	0.00962	0.00304	0.00501	0.02012	0.00727	0.00718
9	0.02055	0.64087	0.03768	0.01359	0.01993	0.02923	0.01314	0.02551	0.09862	0.02005	0.01343	0.01454	0.01170	0.00713	0.00535	0.00178	0.00802	0.00474	0.00390	0.01025
10	0.01777	0.01489	0.01800	0.10136	0.02364	0.01314	0.01154	0.10846	0.01886	0.02788	0.01446	0.01702	0.01158	0.00650	0.00628	0.00150	0.00672	0.00522	0.00489	0.57028
11	0.01566	0.01739	0.06159	0.18387	0.03725	0.01662	0.34294	0.02091	0.01677	0.02257	0.02005	0.15063	0.01864	0.01032	0.00930	0.00272	0.02832	0.01081	0.00438	0.00926
12	0.01070	0.00801	0.01009	0.01143	0.01238	0.00796	0.00785	0.01468	0.09782	0.02141	0.04131	0.63395	0.04776	0.02253	0.00964	0.00308	0.00471	0.02035	0.00729	0.00706
13	0.02178	0.64346	0.03825	0.01412	0.02042	0.11562	0.01349	0.02421	0.01655	0.01834	0.01093	0.01263	0.00996	0.00681	0.00523	0.00170	0.00902	0.00425	0.00340	0.00983
14	0.02975	0.02311	0.02276	0.01785	0.02376	0.10902	0.01455	0.53426	0.03369	0.08596	0.01854	0.01852	0.01316	0.00916	0.00766	0.00229	0.00910	0.00678	0.00739	0.01265
15	0.01362	0.00763	0.01178	0.09927	0.01563	0.00807	0.00862	0.01134	0.01079	0.01428	0.01351	0.02320	0.01307	0.02449	0.02743	0.67592	0.00719	0.00675	0.00338	0.00404
16	0.11673	0.01662	0.01674	0.01612	0.05653	0.06583	0.01179	0.04704	0.35715	0.05525	0.09151	0.03047	0.06430	0.01072	0.00761	0.00250	0.00656	0.00870	0.00706	0.01077
17	0.01779	0.01479	0.01700	0.01230	0.01910	0.01209	0.00990	0.10039	0.01868	0.02828	0.01440	0.01640	0.01170	0.00620	0.00600	0.00130	0.00610	0.00490	0.00500	0.67771
18	0.02554	0.01977	0.02271	0.02097	0.10641	0.02173	0.01514	0.44037	0.14007	0.04178	0.02137	0.05160	0.01654	0.00987	0.00786	0.00241	0.00803	0.00794	0.00725	0.01261
19	0.01586	0.06485	0.52100	0.11027	0.06675	0.01823	0.02622	0.02369	0.01629	0.02374	0.01379	0.01688	0.01007	0.00731	0.00728	0.00239	0.01089	0.00583	0.00337	0.03532
20	0.01578	0.07079	0.65866	0.02171	0.03295	0.01857	0.02797	0.02450	0.01634	0.02428	0.01378	0.01620	0.00983	0.00733	0.00726	0.00242	0.01132	0.00566	0.00328	0.01139
21	0.02899	0.06293	0.02332	0.01738	0.02322	0.11207	0.01426	0.44885	0.05924	0.10417	0.01902	0.01885	0.01362	0.00906	0.00751	0.00227	0.00895	0.00671	0.00719	0.01241
22	0.01006	0.00710	0.00924	0.01064	0.01117	0.00676	0.00720	0.01144	0.01473	0.01966	0.06203	0.53165	0.04755	0.14462	0.01502	0.00391	0.00520	0.06909	0.00681	0.00613
23	0.01474	0.01365	0.02262	0.64947	0.05011	0.01710	0.02067	0.01969	0.01537	0.02013	0.01410	0.02085	0.01072	0.00806	0.00844	0.00259	0.04118	0.00690	0.03507	0.00855
24	0.02947	0.02172	0.02327	0.01784	0.02404	0.02404	0.01474	0.65329	0.03646	0.04887	0.01862	0.01862	0.01319	0.00931	0.00776	0.00233	0.00853	0.00698	0.00776	0.01319
25	0.00961	0.00682	0.00895	0.01059	0.01100	0.00641	0.00697	0.01084	0.01452	0.01937	0.04109	0.66204	0.04921	0.08753	0.01256	0.00354	0.00477	0.02107	0.00697	0.00615
26	0.06208	0.01620	0.01679	0.01514	0.01947	0.01865	0.01179	0.03892	0.60151	0.03209	0.03232	0.02989	0.04970	0.01071	0.00777	0.00262	0.00604	0.00882	0.00769	0.01182
27	0.01527	0.01398	0.02367	0.54093	0.11250	0.01651	0.05117	0.02030	0.01593	0.02149	0.01506	0.02132	0.01152	0.00773	0.00759	0.00248	0.00971	0.00704	0.07686	0.00895
28	0.42279	0.24447	0.06641	0.01229	0.01822	0.02113	0.01156	0.02437	0.01502	0.08642	0.01275	0.01402	0.00994	0.00724	0.00529	0.00217	0.00714	0.00460	0.00465	0.00952
29	0.03479	0.01320	0.01799	0.01380	0.01979	0.01140	0.01140	0.03779	0.02219	0.68451	0.03059	0.02639	0.01919	0.00960	0.00780	0.00240	0.00660	0.00780	0.00960	0.01320
30	0.01713	0.01858	0.03475	0.02636	0.03122	0.04129	0.39258	0.02167	0.01644	0.02250	0.01797	0.11577	0.01674	0.01067	0.01301	0.00285	0.17661	0.01022	0.00425	0.00937
31	0.01699	0.01863	0.03935	0.06864	0.05699	0.01774	0.51405	0.02273	0.01768	0.02392	0.01900	0.11037	0.01674	0.00888	0.00912	0.00267	0.01171	0.01060	0.00431	0.00988
32	0.00962	0.00687	0.00920	0.01100	0.01152	0.00645	0.00750	0.01110	0.01502	0.01999	0.04264	0.68574	0.05090	0.02413	0.00994	0.00317	0.00465	0.05701	0.00719	0.00635
33	0.00937	0.00790	0.00814	0.00819	0.01074	0.00667	0.00621	0.01147	0.01787	0.02147	0.10295	0.07440	0.62525	0.01954	0.00922	0.00265	0.00404	0.04006	0.00726	0.00660
34	0.01714	0.01701	0.02733	0.02208	0.02439	0.02075	0.16872	0.05593	0.01519	0.02203	0.01575	0.09938	0.01548	0.01286	0.01870	0.00312	0.42183	0.00913	0.00421	0.00898
35	0.01813	0.01961	0.03991	0.09568	0.18174	0.01927	0.43670	0.02396	0.01771	0.02430	0.01510	0.02039	0.01170	0.00695	0.00922	0.00257	0.03422	0.00838	0.00384	0.01063
36	0.02225	0.60384	0.03719	0.01451	0.02065	0.15357	0.01358	0.02465	0.01690	0.01838	0.01100	0.01272	0.00996	0.00688	0.00535	0.00172	0.00934	0.00430	0.00344	0.00977
37	0.00972	0.00718	0.01012	0.01146	0.01214	0.00670	0.02683	0.01122	0.01495	0.01995	0.04191	0.70105	0.05008	0.02375	0.00987	0.00313	0.00476	0.02165	0.00710	0.00642
38	0.02083	0.01347	0.01643	0.01204	0.01857	0.01053	0.00972	0.02417	0.01783	0.19770	0.03560	0.01988	0.01512	0.00702	0.00637	0.00151	0.00591	0.00568	0.00601	0.55561
39	0.01295	0.00674	0.00996	0.01019	0.01025	0.00668	0.00679	0.01019	0.01071	0.01428	0.01720	0.11275	0.01829	0.02660	0.02770	0.67600	0.00645	0.00869	0.00386	0.00374
40	0.01555	0.04011	0.68733	0.02210	0.03356	0.01801	0.02865	0.02455	0.01637	0.02455	0.01391	0.01637	0.00982	0.00737	0.00737	0.00246	0.01146	0.00573	0.00327	0.01146
41	0.01667	0.01425	0.01671	0.01214	0.01870	0.01149	0.00976	0.04562	0.01673	0.02595	0.01382	0.01622	0.01150	0.00624	0.00670	0.00130	0.03718	0.00479	0.00467	0.70958
42	0.00958	0.00684	0.00915	0.01095	0.01146	0.00641	0.00743	0.01103	0.01498	0.01994	0.04266	0.69429	0.05099	0.02416	0.00993	0.00317	0.00462	0.04887	0.00719	0.00634
43	0.01648	0.12655	0.54253	0.02200	0.03249	0.01978	0.08710	0.02441	0.01648	0.02378	0.01369	0.01631	0.01003	0.00719	0.00723	0.00237	0.01121	0.00586	0.00334	0.01117
44	0.01097	0.00793	0.01036	0.00975	0.01158	0.00732	0.00732	0.01463	0.02195	0.03109	0.67505	0.05792	0.07316	0.01585	0.00914	0.00244	0.00366	0.01402	0.00854	0.00732
45	0.02417	0.04367	0.01978	0.01534	0.02017	0.01581	0.04770	0.17601	0.12449	0.22363	0.08786	0.11584	0.02681	0.01184	0.00816	0.00250	0.00687	0.01008	0.00792	0.01134
46	0.01783	0.01373	0.01626	0.01170	0.01851	0.01044	0.00939	0.02123	0.01665	0.08692	0.01535	0.01704	0.01221	0.00610	0.00593	0.00127	0.00582	0.00489	0.00506	0.70367
47	0.02775	0.01848	0.02068	0.01589	0.02188	0.01922	0.01299	0.41453	0.05280	0.16122	0.02083	0.02110	0.01492	0.03175	0.00851	0.00236	0.00769	0.00702	0.00759	0.11277
48	0.01090	0.00784	0.01019	0.00975	0.01141	0.00727	0.00718	0.01425	0.02103	0.02967	0.60732	0.09599	0.06974	0.05044	0.01064	0.00272	0.00389	0.01435	0.00827	0.00713
49	0.03479	0.01320	0.01799	0.01380	0.01979	0.01140	0.01140	0.03779	0.02219	0.68451	0.03059	0.02639	0.01919	0.00960	0.00780	0.00240	0.00660	0.00780	0.00960	0.01320
50	0.00961	0.00692	0.00914	0.01085	0.01148	0.00646	0.00743	0.01111	0.01515	0.02004	0.04436	0.65544	0.08084	0.02391	0.00991	0.00315	0.00462	0.05603	0.00719	0.00636
51	0.01614	0.09491	0.60372	0.02261	0.06339	0.01905	0.02717	0.02441	0.01638	0.02408	0.01369	0.01619	0.00995	0.00729	0.00719	0.00238	0.01110	0.00566	0.00330	0.01138
52	0.01170	0.00820	0.00995	0.00934	0.01167	0.00729	0.00707	0.01476	0.02053	0.06436	0.43877	0.06175	0.27236	0.01677	0.00908	0.00250	0.00391	0.01446	0.00815	0.00739
53	0.01128	0.00752	0.00846	0.00846	0.00846	0.00752	0.00470	0.01128	0.01128	0.01503	0.02443	0.05074	0.02819	0.72751	0.03946	0.00752	0.00752	0.01128	0.00470	0.00470
54	0.02792	0.02030	0.02196	0.01712	0.02295	0.02236	0.01404	0.54811	0.08739	0.07036	0.05241	0.02169	0.01723	0.00974	0.00784	0.00236	0.00802	0.00751	0.00787	0.01282
55	0.01704	0.01719	0.02502	0.02107	0.02152	0.02351	0.05362	0.01902	0.01225	0.01902	0.01050	0.01719	0.01027	0.01316	0.02450	0.00335	0.67283	0.00692	0.00342	0.00860
56	0.02902	0.02155	0.02329	0.01793	0.02391	0.02403	0.01482	0.63027	0.03556	0.04777	0.01831	0.01856	0.01308	0.00946	0.00840	0.00237	0.03410	0.00697	0.00760	0.01302
57	0.01666	0.01514	0.02431	0.55741	0.13040	0.01804	0.02116	0.08182	0.01781	0.02334	0.01435	0.02028	0.01086	0.00780	0.00774	0.00252	0.01002	0.00690	0.00391	0.00953
58	0.01488	0.00854	0.00915	0.00881	0.01084	0.00894	0.00666	0.04678	0.05327	0.02818	0.02481	0.02957	0.02010	0.04571	0.08357	0.00330	0.00604	0.00760	0.57560	0.00763
59	0.01915	0.01852	0.03204	0.04699	0.65355	0.01847	0.04893	0.02384	0.01768	0.02531	0.01463	0.01926	0.01226	0.00689	0.00774	0.00232	0.00937	0.00700	0.00384	0.01221
60	0.01754	0.01957	0.04185	0.10000	0.04053	0.01878	0.55892	0.02371	0.01787	0.02411	0.01669	0.05194	0.01337	0.00744	0.00904	0.00263	0.01242	0.00949	0.00402	0.01009
61	0.01630	0.03558	0.55200	0.02615	0.14166	0.01812	0.02722	0.02505	0.04081	0.02498	0.01469	0.01731	0.01075	0.00741	0.00744	0.00244	0.01088	0.00604	0.00354	0.01163
62	0.01632	0.03903	0.66051	0.02177	0.03301	0.01774	0.02796	0.02509	0.01660	0.05100	0.01458	0.01677	0.01020	0.00746	0.00738	0.00245	0.01126	0.00581	0.00353	0.01153
63	0.01091	0.00792	0.01027	0.00969	0.01154	0.00729	0.00726	0.01450	0.02179	0.03072	0.65341	0.05852	0.09503	0.01599	0.00915	0.00245	0.00367	0.01411	0.00849	0.00729
64	0.01555	0.04011	0.68733	0.02210	0.03356	0.01801	0.02865	0.02455	0.01637	0.02455	0.01391	0.01637	0.00982	0.00737	0.00737	0.00246	0.01146	0.00573	0.00327	0.01146
65	0.01735	0.06182	0.26701	0.05868	0.11822	0.01952	0.26567	0.02403	0.01701	0.02398	0.01436	0.01850	0.01093	0.00724	0.00879	0.00251	0.04271	0.00721	0.00361	0.01085
66	0.01703	0.01507	0.04186	0.20243	0.30142	0.01520	0.01932	0.02131	0.01699	0.06102	0.02118	0.05890	0.01966	0.04160	0.00966	0.00285	0.00881	0.11097	0.00477	0.00998
67	0.03374	0.01366	0.01813	0.01403	0.01995	0.01224	0.01155	0.05711	0.05905	0.62782	0.03027	0.02629	0.01926	0.00964	0.00780	0.00241	0.00663	0.00783	0.00944	0.01314
68	0.03157	0.01762	0.05275	0.01568	0.02198	0.01639	0.01345	0.25450	0.04344	0.41094	0.02557	0.02322	0.01673	0.00941	0.00776	0.00238	0.00751	0.00743	0.00859	0.01308
69	0.01769	0.05121	0.29080	0.02736	0.06165	0.04592	0.30156	0.02450	0.01721	0.02394	0.01433	0.01831	0.01081	0.00735	0.00916	0.00253	0.05405	0.00727	0.00362	0.01073
70	0.02870	0.02674	0.02217	0.01821	0.02343	0.26994	0.01446	0.40032	0.03036	0.03713	0.01644	0.01732	0.01227	0.00881	0.00738	0.00219	0.01034	0.00626	0.03611	0.01141
71	0.05655	0.01613	0.01959	0.01442	0.02108	0.04109	0.07000	0.07711	0.01847	0.05910	0.01497	0.01699	0.01182	0.00648	0.00634	0.00155	0.00707	0.00538	0.00503	0.53085
72	0.02258	0.02230	0.02502	0.07750	0.27203	0.16660	0.01822	0.12398	0.14059	0.02845	0.01770	0.01987	0.01388	0.00823	0.00758	0.00232	0.00966	0.00684	0.00519	0.01145

[dist]
# distance from previous block
# <min> <max>
0	2

[block]
# block no. 3 follows, 25 sequences, length 87
# corresponding to MSA columns:
# 245-331
name=unknown_D
#
# <colnr> <probs for GDERKNQSTAVLIFYWHMCP>
#	G	D	E	R	K	N	Q	S	T	A	V	L	I	F	Y	W	H	M	C	P
0	0.01086	0.00784	0.01026	0.00983	0.01156	0.00724	0.00731	0.01434	0.02141	0.03024	0.62733	0.10807	0.07151	0.01649	0.00920	0.00249	0.00372	0.01463	0.00843	0.00724
1	0.01795	0.01401	0.01740	0.01597	0.01958	0.01505	0.04224	0.16375	0.17366	0.03132	0.05728	0.07860	0.03256	0.01538	0.00923	0.00297	0.00725	0.26864	0.00736	0.00981
2	0.00958	0.00684	0.00915	0.01095	0.01146	0.00641	0.00743	0.01103	0.01498	0.01995	0.04266	0.69414	0.05099	0.02416	0.00993	0.00317	0.00462	0.04901	0.00719	0.00634
3	0.01108	0.00831	0.01246	0.01246	0.01385	0.00969	0.00969	0.01385	0.01246	0.01800	0.02077	0.03046	0.01938	0.05815	0.69678	0.01246	0.02077	0.00831	0.00415	0.00692
4	0.01464	0.01378	0.02326	0.70887	0.05340	0.01723	0.02153	0.01981	0.01550	0.01981	0.01378	0.02067	0.01034	0.00775	0.00775	0.00258	0.01034	0.00689	0.00345	0.00861
5	0.01445	0.00723	0.00723	0.00723	0.00903	0.00723	0.00542	0.01807	0.01626	0.02891	0.02529	0.02891	0.01987	0.00903	0.00542	0.00181	0.00361	0.00723	0.77055	0.00723
6	0.75666	0.01495	0.01179	0.03352	0.01628	0.01739	0.00884	0.02269	0.01327	0.03429	0.01090	0.01287	0.00846	0.00722	0.00490	0.00241	0.00614	0.00429	0.00475	0.00840
7	0.02016	0.64714	0.08968	0.01426	0.02097	0.02940	0.01462	0.02312	0.01563	0.01875	0.01099	0.01294	0.00995	0.00700	0.00607	0.00180	0.03982	0.00439	0.00332	0.01000
