[name]
unknown

[dist]
# distance from previous block
# <min> <max>
0	0

[block]
# block no. 0 follows, 23 sequences, length 15
# corresponding to MSA columns:
# 0-14
name=unknown_A
#
# <colnr> <probs for GDERKNQSTAVLIFYWHMCP>
#	G	D	E	R	K	N	Q	S	T	A	V	L	I	F	Y	W	H	M	C	P
0	0.01308	0.00934	0.01308	0.01494	0.01681	0.00934	0.01308	0.01681	0.01868	0.02428	0.04296	0.09153	0.04670	0.02242	0.01121	0.00374	0.00747	0.60960	0.00747	0.00747
1	0.03085	0.02273	0.02435	0.01867	0.02516	0.02516	0.01542	0.63716	0.03815	0.05114	0.01948	0.01948	0.01380	0.00974	0.00812	0.00244	0.00893	0.00731	0.00812	0.01380
2	0.01098	0.00803	0.01031	0.01026	0.01194	0.00736	0.00750	0.01414	0.02101	0.02911	0.47951	0.19758	0.12445	0.01879	0.00974	0.00272	0.00404	0.01665	0.00851	0.00736
3	0.01180	0.00787	0.00885	0.00885	0.00885	0.00787	0.00492	0.01180	0.01180	0.01573	0.02557	0.05310	0.02950	0.71483	0.04130	0.00787	0.00787	0.01180	0.00492	0.00492
4	0.02169	0.71972	0.04252	0.01388	0.02083	0.03211	0.01388	0.02430	0.01649	0.01909	0.01128	0.01302	0.01041	0.00694	0.00521	0.00174	0.00868	0.00434	0.00347	0.01041
5	0.00989	0.00706	0.00942	0.01130	0.01177	0.00659	0.00753	0.01130	0.01554	0.02071	0.04472	0.70954	0.05367	0.02542	0.01036	0.00330	0.00471	0.02307	0.00753	0.00659
6	0.01180	0.00787	0.00885	0.00885	0.00885	0.00787	0.00492	0.01180	0.01180	0.01573	0.02557	0.05310	0.02950	0.71483	0.04130	0.00787	0.00787	0.01180	0.00492	0.00492
7	0.01532	0.01442	0.02434	0.69533	0.05589	0.01803	0.02253	0.02073	0.01622	0.02073	0.01442	0.02163	0.01082	0.00811	0.00811	0.00270	0.01082	0.00721	0.00361	0.00901
8	0.72248	0.01616	0.01276	0.01121	0.01633	0.01867	0.00923	0.06495	0.01544	0.03739	0.01185	0.01360	0.00912	0.00768	0.00523	0.00251	0.00645	0.00459	0.00523	0.00912
9	0.01180	0.00787	0.00885	0.00885	0.00885	0.00787	0.00492	0.01180	0.01180	0.01573	0.02557	0.05310	0.02950	0.71483	0.04130	0.00787	0.00787	0.01180	0.00492	0.00492
10	0.01180	0.00787	0.00885	0.00885	0.00885	0.00787	0.00492	0.01180	0.01180	0.01573	0.02557	0.05310	0.02950	0.71483	0.04130	0.00787	0.00787	0.01180	0.00492	0.00492
11	0.68211	0.01508	0.01254	0.04924	0.01764	0.01750	0.00945	0.02285	0.01374	0.03413	0.01165	0.01438	0.00923	0.00886	0.00686	0.05013	0.00658	0.00472	0.00485	0.00847
12	0.01280	0.00847	0.01100	0.01042	0.01229	0.00783	0.00765	0.01604	0.02136	0.06646	0.51515	0.11340	0.06720	0.07909	0.01238	0.00309	0.00444	0.01476	0.00852	0.00767
13	0.01683	0.01442	0.01683	0.01202	0.01923	0.01082	0.00961	0.02043	0.01683	0.02644	0.01442	0.01683	0.01202	0.00601	0.00601	0.00120	0.00601	0.00481	0.00481	0.76444
14	0.70482	0.01558	0.01303	0.07158	0.01927	0.01819	0.01001	0.02357	0.01402	0.03501	0.01158	0.01393	0.00897	0.00758	0.00530	0.00253	0.00668	0.00464	0.00490	0.00881

[dist]
# distance from previous block
# <min> <max>
6	9

[block]
# block no. 1 follows, 23 sequences, length 14
# corresponding to MSA columns:
# 25-38
name=unknown_B
#
# <colnr> <probs for GDERKNQSTAVLIFYWHMCP>
#	G	D	E	R	K	N	Q	S	T	A	V	L	I	F	Y	W	H	M	C	P
0	0.01532	0.01442	0.02434	0.69533	0.05589	0.01803	0.02253	0.02073	0.01622	0.02073	0.01442	0.02163	0.01082	0.00811	0.00811	0.00270	0.01082	0.00721	0.00361	0.00901
1	0.02050	0.56979	0.18194	0.01593	0.02399	0.02917	0.01744	0.02461	0.01663	0.02055	0.01201	0.01393	0.01038	0.00711	0.00576	0.00192	0.00941	0.00471	0.00346	0.01076
2	0.01816	0.01521	0.01754	0.01265	0.01980	0.01218	0.01017	0.07921	0.01886	0.02879	0.01490	0.01708	0.01219	0.00636	0.00621	0.00132	0.00629	0.00505	0.00512	0.69290
3	0.01180	0.00787	0.00885	0.00885	0.00885	0.00787	0.00492	0.01180	0.01180	0.01573	0.02557	0.05310	0.02950	0.71483	0.04130	0.00787	0.00787	0.01180	0.00492	0.00492
4	0.01180	0.00787	0.00885	0.00885	0.00885	0.00787	0.00492	0.01180	0.01180	0.01573	0.02557	0.05310	0.02950	0.71483	0.04130	0.00787	0.00787	0.01180	0.00492	0.00492
5	0.02116	0.65326	0.10432	0.01479	0.02223	0.03081	0.01546	0.02443	0.01655	0.01974	0.01160	0.01342	0.01040	0.00702	0.00545	0.00182	0.00900	0.00450	0.00347	0.01057
6	0.37214	0.01577	0.01587	0.01328	0.01871	0.01692	0.01083	0.06556	0.12424	0.23828	0.02196	0.02097	0.01532	0.00903	0.00673	0.00255	0.00665	0.00655	0.00733	0.01134
7	0.01261	0.00900	0.01254	0.01441	0.01607	0.00893	0.01226	0.01600	0.01822	0.02376	0.04322	0.18260	0.04773	0.02286	0.01108	0.00367	0.00706	0.52316	0.00748	0.00734
8	0.01848	0.01595	0.01672	0.01518	0.01947	0.01804	0.01177	0.03806	0.54811	0.03201	0.04093	0.03796	0.12704	0.01254	0.00847	0.00275	0.00605	0.01045	0.00814	0.01188
9	0.01745	0.01749	0.02629	0.13152	0.02831	0.02346	0.05937	0.02015	0.01349	0.02015	0.01164	0.01866	0.01079	0.01273	0.02250	0.00336	0.54274	0.00728	0.00360	0.00904
10	0.02018	0.53084	0.21817	0.01646	0.02481	0.02841	0.01837	0.02469	0.01667	0.02093	0.01220	0.01416	0.01038	0.00716	0.00590	0.00197	0.00960	0.00480	0.00346	0.01085
11	0.01949	0.44379	0.29912	0.01765	0.02665	0.02671	0.02044	0.02487	0.01675	0.02178	0.01262	0.01469	0.01036	0.00725	0.00623	0.00208	0.01003	0.00501	0.00345	0.01106
12	0.02086	0.61493	0.13997	0.01531	0.02304	0.03006	0.01637	0.02451	0.01659	0.02011	0.01179	0.01365	0.01039	0.00706	0.00559	0.00186	0.00919	0.00459	0.00346	0.01066
13	0.02033	0.54954	0.20078	0.01621	0.02442	0.02878	0.01793	0.02465	0.01665	0.02075	0.01210	0.01405	0.01038	0.00713	0.00583	0.00194	0.00951	0.00475	0.00346	0.01081

[dist]
# distance from previous block
# <min> <max>
11	27

[block]
# block no. 2 follows, 23 sequences, length 29
# corresponding to MSA columns:
# 68-96
name=unknown_C
#
# <colnr> <probs for GDERKNQSTAVLIFYWHMCP>
#	G	D	E	R	K	N	Q	S	T	A	V	L	I	F	Y	W	H	M	C	P
0	0.03184	0.03670	0.02208	0.01619	0.02251	0.01421	0.06587	0.08935	0.02369	0.47775	0.05840	0.02703	0.02090	0.00977	0.00816	0.00244	0.00754	0.00825	0.00886	0.04847
1	0.01251	0.00719	0.00995	0.01049	0.01063	0.00705	0.00683	0.01098	0.01220	0.01627	0.02479	0.22598	0.02800	0.14100	0.02717	0.42048	0.00651	0.01243	0.00490	0.00463
2	0.01568	0.01479	0.02499	0.64632	0.10208	0.01812	0.02271	0.02105	0.01640	0.02117	0.01449	0.02152	0.01097	0.00805	0.00811	0.00268	0.01073	0.00721	0.00364	0.00931
3	0.01180	0.00787	0.00885	0.00885	0.00885	0.00787	0.00492	0.01180	0.01180	0.01573	0.02557	0.05310	0.02950	0.71483	0.04130	0.00787	0.00787	0.01180	0.00492	0.00492
4	0.71517	0.06915	0.01425	0.01091	0.01608	0.01926	0.00917	0.02389	0.01401	0.03509	0.01130	0.01317	0.00891	0.00749	0.00504	0.00245	0.00646	0.00439	0.00490	0.00891
5	0.01180	0.00787	0.00885	0.00885	0.00885	0.00787	0.00492	0.01180	0.01180	0.01573	0.02557	0.05310	0.02950	0.71483	0.04130	0.00787	0.00787	0.01180	0.00492	0.00492
6	0.03085	0.02273	0.02435	0.01867	0.02516	0.02516	0.01542	0.63716	0.03815	0.05114	0.01948	0.01948	0.01380	0.00974	0.00812	0.00244	0.00893	0.00731	0.00812	0.01380
7	0.01165	0.00793	0.00951	0.01008	0.01041	0.00785	0.00645	0.01239	0.01335	0.01772	0.03112	0.16866	0.03587	0.50592	0.03206	0.00654	0.00728	0.09396	0.00570	0.00554
8	0.71586	0.01623	0.01287	0.01128	0.01641	0.01873	0.00929	0.07042	0.01566	0.03752	0.01192	0.01366	0.00917	0.00770	0.00526	0.00251	0.00648	0.00461	0.00526	0.00917
9	0.01683	0.01442	0.01683	0.01202	0.01923	0.01082	0.00961	0.02043	0.01683	0.02644	0.01442	0.01683	0.01202	0.00601	0.00601	0.00120	0.00601	0.00481	0.00481	0.76444
10	0.15407	0.28318	0.02856	0.01615	0.02192	0.20680	0.01379	0.14017	0.02183	0.02821	0.01315	0.01469	0.01077	0.00795	0.00629	0.00210	0.00995	0.00514	0.00479	0.01049
11	0.77215	0.01569	0.01193	0.01067	0.01569	0.01820	0.00879	0.02385	0.01381	0.03641	0.01130	0.01318	0.00879	0.00753	0.00502	0.00251	0.00628	0.00439	0.00502	0.00879
12	0.01445	0.00956	0.01279	0.01360	0.01563	0.00942	0.01124	0.01838	0.04182	0.06862	0.11945	0.10633	0.04658	0.08749	0.01355	0.00384	0.00684	0.38496	0.00762	0.00783
13	0.01548	0.01431	0.02359	0.59195	0.04999	0.01803	0.02118	0.02003	0.01554	0.02023	0.01405	0.02144	0.01099	0.00985	0.01123	0.04697	0.07566	0.00719	0.00360	0.00868
14	0.01107	0.00855	0.00920	0.00904	0.01083	0.00793	0.00620	0.01359	0.04707	0.02141	0.11892	0.06522	0.34868	0.26362	0.02066	0.00452	0.00551	0.01462	0.00679	0.00654
15	0.01824	0.02537	0.17569	0.06227	0.03965	0.02044	0.42394	0.02510	0.01799	0.02510	0.01542	0.02051	0.01167	0.00774	0.01063	0.00277	0.07419	0.00849	0.00389	0.01089
16	0.01650	0.07069	0.64609	0.02274	0.03451	0.01941	0.02930	0.02564	0.01710	0.02542	0.01442	0.01696	0.01028	0.00768	0.00760	0.00253	0.01185	0.00593	0.00343	0.01193
17	0.01699	0.01457	0.01690	0.01224	0.01932	0.01128	0.00977	0.02155	0.04804	0.02681	0.01534	0.01749	0.01265	0.00626	0.00612	0.00128	0.00603	0.00502	0.00498	0.72736
18	0.02207	0.01906	0.10442	0.01808	0.02584	0.01387	0.12772	0.02688	0.01889	0.18678	0.01919	0.02049	0.01387	0.00738	0.00741	0.00198	0.00839	0.00667	0.00581	0.34520
19	0.01385	0.00878	0.01183	0.01216	0.01410	0.00824	0.00948	0.01697	0.01994	0.08746	0.27742	0.23219	0.05735	0.01980	0.01008	0.00306	0.00532	0.17577	0.00829	0.00791
20	0.01180	0.00787	0.00885	0.00885	0.00885	0.00787	0.00492	0.01180	0.01180	0.01573	0.02557	0.05310	0.02950	0.71483	0.04130	0.00787	0.00787	0.01180	0.00492	0.00492
21	0.70069	0.01557	0.01310	0.07531	0.01949	0.01819	0.01009	0.02356	0.01404	0.03493	0.01159	0.01398	0.00898	0.00759	0.00531	0.00253	0.00671	0.00466	0.00489	0.00881
22	0.01841	0.05532	0.09691	0.02674	0.03179	0.02274	0.28771	0.02316	0.01600	0.02291	0.01356	0.01927	0.01133	0.01003	0.01639	0.00302	0.30285	0.00794	0.00378	0.01015
23	0.01075	0.00817	0.00983	0.01003	0.01194	0.00738	0.00748	0.01343	0.01948	0.02567	0.28715	0.16245	0.27352	0.04941	0.01118	0.00306	0.00455	0.06950	0.00794	0.00709
24	0.01068	0.00745	0.00913	0.01014	0.01051	0.00714	0.00638	0.01152	0.01409	0.01867	0.03825	0.40698	0.06913	0.31499	0.02333	0.00519	0.00601	0.01808	0.00643	0.00590
25	0.01656	0.01595	0.02782	0.51701	0.17604	0.01846	0.06907	0.02196	0.01689	0.02228	0.01474	0.02134	0.01133	0.00784	0.00821	0.00265	0.01080	0.00739	0.00372	0.00992
26	0.05043	0.12427	0.52871	0.02207	0.03290	0.02057	0.06214	0.02546	0.01702	0.02536	0.01412	0.01672	0.01035	0.00756	0.00739	0.00247	0.01142	0.00593	0.00354	0.01159
27	0.01293	0.00924	0.01287	0.01450	0.01637	0.00918	0.01256	0.01667	0.01908	0.02506	0.10121	0.08861	0.04952	0.02187	0.01105	0.00362	0.00713	0.55343	0.00761	0.00749
28	0.01654	0.07561	0.64151	0.02267	0.03441	0.01950	0.02918	0.02563	0.01710	0.02537	0.01440	0.01693	0.01029	0.00767	0.00758	0.00253	0.01183	0.00591	0.00343	0.01191

[dist]
# distance from previous block
# <min> <max>
10	19

[block]
# block no. 3 follows, 23 sequences, length 8
# corresponding to MSA columns:
# 116-123
name=unknown_D
#
# <colnr> <probs for GDERKNQSTAVLIFYWHMCP>
#	G	D	E	R	K	N	Q	S	T	A	V	L	I	F	Y	W	H	M	C	P
0	0.01516	0.00952	0.01199	0.01108	0.01361	0.00885	0.00846	0.04188	0.02167	0.10856	0.37702	0.08457	0.13161	0.06684	0.01176	0.00305	0.00500	0.05263	0.00843	0.00831
1	0.01683	0.01442	0.01683	0.01202	0.01923	0.01082	0.00961	0.02043	0.01683	0.02644	0.01442	0.01683	0.01202	0.00601	0.00601	0.00120	0.00601	0.00481	0.00481	0.76444
2	0.02332	0.01886	0.02492	0.19544	0.03338	0.02099	0.06424	0.32652	0.02739	0.03673	0.01911	0.02551	0.01520	0.01004	0.00908	0.00261	0.03667	0.05325	0.00624	0.05049
3	0.01130	0.00923	0.01013	0.01005	0.01256	0.00864	0.00746	0.01621	0.09835	0.02515	0.17356	0.15810	0.39105	0.01933	0.00953	0.00279	0.00444	0.01653	0.00787	0.00771
4	0.01637	0.07056	0.27697	0.01718	0.02454	0.01479	0.01859	0.02203	0.01746	0.05158	0.02353	0.09272	0.02234	0.01199	0.00817	0.00254	0.00878	0.13197	0.00518	0.16270
5	0.02054	0.01553	0.05746	0.03893	0.02213	0.01186	0.04162	0.02452	0.01871	0.16998	0.06286	0.05550	0.01996	0.00875	0.00728	0.00189	0.00690	0.00747	0.00622	0.40187
6	0.01859	0.01547	0.01777	0.01286	0.01998	0.01262	0.01035	0.09810	0.01951	0.02955	0.01506	0.01716	0.01224	0.00648	0.00627	0.00136	0.00638	0.00512	0.00522	0.66990
7	0.13608	0.01435	0.01740	0.01411	0.01926	0.01357	0.05751	0.09734	0.01914	0.03032	0.02188	0.12915	0.02082	0.01098	0.00735	0.00220	0.00675	0.04453	0.05481	0.28244

[dist]
# distance from previous block
# <min> <max>
2	15

[block]
# block no. 4 follows, 23 sequences, length 19
# corresponding to MSA columns:
# 140-158
name=unknown_E
#
# <colnr> <probs for GDERKNQSTAVLIFYWHMCP>
#	G	D	E	R	K	N	Q	S	T	A	V	L	I	F	Y	W	H	M	C	P
0	0.29056	0.04528	0.07905	0.05120	0.02467	0.02118	0.04185	0.25763	0.02425	0.06912	0.01606	0.01742	0.01167	0.00848	0.00695	0.00248	0.00846	0.00619	0.00613	0.01138
1	0.10703	0.07732	0.02541	0.08094	0.09472	0.02372	0.01623	0.40162	0.02974	0.04163	0.01704	0.01854	0.01262	0.00886	0.00754	0.00241	0.00887	0.00674	0.00657	0.01246
2	0.63320	0.01580	0.01391	0.06671	0.01968	0.01813	0.01039	0.05259	0.01568	0.07347	0.01316	0.01501	0.00985	0.00783	0.00560	0.00252	0.00680	0.00498	0.00535	0.00933
3	0.10816	0.03325	0.02200	0.07969	0.02683	0.51867	0.01554	0.06141	0.02219	0.02330	0.01293	0.01535	0.01048	0.00832	0.00718	0.00221	0.01311	0.00542	0.00442	0.00953
4	0.02323	0.01837	0.02069	0.01555	0.02204	0.01811	0.01270	0.29992	0.02625	0.03725	0.01650	0.01808	0.01275	0.00816	0.00812	0.00189	0.04618	0.00607	0.00624	0.38190
5	0.01055	0.00787	0.01004	0.01105	0.01238	0.00704	0.00761	0.01232	0.01624	0.02186	0.07299	0.56500	0.10256	0.02288	0.00987	0.00303	0.00473	0.02056	0.00735	0.07408
6	0.01532	0.01442	0.02434	0.69533	0.05589	0.01803	0.02253	0.02073	0.01622	0.02073	0.01442	0.02163	0.01082	0.00811	0.00811	0.00270	0.01082	0.00721	0.00361	0.00901
7	0.02169	0.71972	0.04252	0.01388	0.02083	0.03211	0.01388	0.02430	0.01649	0.01909	0.01128	0.01302	0.01041	0.00694	0.00521	0.00174	0.00868	0.00434	0.00347	0.01041
8	0.01180	0.00787	0.00885	0.00885	0.00885	0.00787	0.00492	0.01180	0.01180	0.01573	0.02557	0.05310	0.02950	0.71483	0.04130	0.00787	0.00787	0.01180	0.00492	0.00492
9	0.01308	0.00934	0.01308	0.01494	0.01681	0.00934	0.01308	0.01681	0.01868	0.02428	0.04296	0.09153	0.04670	0.02242	0.01121	0.00374	0.00747	0.60960	0.00747	0.00747
10	0.00989	0.00706	0.00942	0.01130	0.01177	0.00659	0.00753	0.01130	0.01554	0.02071	0.04472	0.70954	0.05367	0.02542	0.01036	0.00330	0.00471	0.02307	0.00753	0.00659
11	0.01949	0.01868	0.03187	0.13011	0.58854	0.01912	0.02461	0.02438	0.01820	0.02579	0.01516	0.02028	0.01260	0.00734	0.00804	0.00245	0.00979	0.00723	0.00397	0.01238
12	0.12124	0.02140	0.05182	0.01732	0.02267	0.05124	0.01464	0.34827	0.08311	0.04038	0.01870	0.02003	0.01405	0.01139	0.03019	0.00287	0.07040	0.00698	0.04143	0.01187
13	0.01626	0.01383	0.01623	0.01196	0.01863	0.01047	0.00945	0.01969	0.01672	0.02598	0.01688	0.07293	0.01539	0.00758	0.00636	0.00137	0.00590	0.00629	0.00503	0.70306
14	0.07984	0.56923	0.06852	0.01535	0.02231	0.06012	0.04373	0.02478	0.01674	0.02110	0.01174	0.01371	0.01037	0.00708	0.00561	0.00190	0.00916	0.00471	0.00365	0.01034
15	0.09823	0.15218	0.02696	0.04405	0.02490	0.08036	0.05110	0.29403	0.02633	0.03575	0.01604	0.01789	0.01239	0.01073	0.03697	0.00272	0.00990	0.00636	0.00587	0.04722
16	0.08193	0.17519	0.06127	0.07051	0.02458	0.05224	0.01448	0.17434	0.07824	0.03165	0.01685	0.01847	0.01312	0.00822	0.00678	0.00213	0.00839	0.00608	0.04057	0.11498
17	0.01990	0.03696	0.01795	0.03429	0.02012	0.01318	0.01093	0.05202	0.06783	0.12166	0.06854	0.04664	0.03800	0.00927	0.00771	0.00191	0.02584	0.00751	0.00634	0.39340
18	0.02137	0.05128	0.06380	0.17284	0.05833	0.01983	0.11294	0.15703	0.02179	0.06797	0.01704	0.02057	0.01282	0.00865	0.00937	0.00249	0.06420	0.00727	0.04032	0.07008

[dist]
# distance from previous block
# <min> <max>
5	32

[block]
# block no. 5 follows, 23 sequences, length 14
# corresponding to MSA columns:
# 191-204
name=unknown_F
#
# <colnr> <probs for GDERKNQSTAVLIFYWHMCP>
#	G	D	E	R	K	N	Q	S	T	A	V	L	I	F	Y	W	H	M	C	P
0	0.34120	0.07748	0.02043	0.06982	0.02203	0.02009	0.03965	0.02280	0.03821	0.02796	0.01325	0.01716	0.01111	0.01221	0.05167	0.00327	0.15297	0.00587	0.00449	0.04830
1	0.08332	0.01198	0.01609	0.12740	0.05472	0.01315	0.01185	0.10533	0.01626	0.02324	0.01515	0.02315	0.01351	0.04318	0.02113	0.39412	0.00804	0.00705	0.00441	0.00693
2	0.09891	0.01839	0.05384	0.10467	0.02584	0.01970	0.01494	0.15444	0.25651	0.03363	0.02386	0.02808	0.01904	0.04423	0.01030	0.00297	0.03540	0.03734	0.00665	0.01127
3	0.01683	0.01442	0.01683	0.01202	0.01923	0.01082	0.00961	0.02043	0.01683	0.02644	0.01442	0.01683	0.01202	0.00601	0.00601	0.00120	0.00601	0.00481	0.00481	0.76444
4	0.01179	0.00792	0.00913	0.00913	0.00923	0.00802	0.00526	0.01198	0.01188	0.01594	0.02531	0.05169	0.02889	0.67126	0.08403	0.00821	0.00879	0.01159	0.00488	0.00507
5	0.03000	0.02221	0.02633	0.01994	0.02659	0.02407	0.07439	0.54936	0.03560	0.07921	0.01981	0.02011	0.01397	0.00948	0.00826	0.00247	0.00928	0.00756	0.00783	0.01353
6	0.01908	0.01813	0.03021	0.18514	0.49537	0.01907	0.02366	0.02513	0.05665	0.02574	0.01617	0.02104	0.01315	0.00765	0.00806	0.00249	0.00969	0.00734	0.00419	0.01204
7	0.01180	0.00787	0.00885	0.00885	0.00885	0.00787	0.00492	0.01180	0.01180	0.01573	0.02557	0.05310	0.02950	0.71483	0.04130	0.00787	0.00787	0.01180	0.00492	0.00492
8	0.09753	0.06467	0.02558	0.02373	0.11456	0.33696	0.04874	0.08296	0.02155	0.02577	0.01358	0.01624	0.01111	0.00823	0.00806	0.00224	0.04159	0.00586	0.00455	0.04649
9	0.02169	0.71972	0.04252	0.01388	0.02083	0.03211	0.01388	0.02430	0.01649	0.01909	0.01128	0.01302	0.01041	0.00694	0.00521	0.00174	0.00868	0.00434	0.00347	0.01041
10	0.05080	0.00881	0.00968	0.04253	0.01325	0.00825	0.00715	0.01318	0.01741	0.02281	0.13232	0.09867	0.38998	0.13302	0.01452	0.00357	0.00517	0.01511	0.00695	0.00682
11	0.01369	0.00705	0.01046	0.01064	0.01069	0.00700	0.00709	0.01064	0.01104	0.01473	0.01702	0.09006	0.01787	0.02792	0.02967	0.69129	0.00682	0.00858	0.00391	0.00382
12	0.11841	0.01652	0.02436	0.37211	0.18315	0.01903	0.02021	0.07545	0.04600	0.02727	0.01544	0.02036	0.01187	0.00810	0.00769	0.00259	0.00960	0.00694	0.00447	0.01042
13	0.10713	0.24107	0.05785	0.12933	0.03059	0.02238	0.13749	0.02338	0.01657	0.02397	0.01332	0.01702	0.01087	0.00737	0.00753	0.00222	0.03549	0.00608	0.00397	0.10640

[dist]
# distance from previous block
# <min> <max>
5	9

[block]
# block no. 6 follows, 23 sequences, length 23
# corresponding to MSA columns:
# 214-236
name=unknown_G
#
# <colnr> <probs for GDERKNQSTAVLIFYWHMCP>
#	G	D	E	R	K	N	Q	S	T	A	V	L	I	F	Y	W	H	M	C	P
0	0.01935	0.15392	0.39771	0.01939	0.02894	0.02023	0.02257	0.02812	0.08468	0.07900	0.01739	0.01866	0.01277	0.00801	0.00726	0.00235	0.01002	0.00615	0.00458	0.05888
1	0.01722	0.08947	0.02439	0.12194	0.15485	0.01683	0.03774	0.02090	0.01732	0.04440	0.07337	0.09119	0.04307	0.01089	0.00973	0.00242	0.07696	0.00911	0.00504	0.13315
2	0.01918	0.01835	0.03130	0.17267	0.54843	0.01904	0.02445	0.02411	0.01805	0.02541	0.01510	0.02038	0.01247	0.00740	0.00805	0.00247	0.00986	0.00723	0.00394	0.01212
3	0.06843	0.03370	0.45556	0.02495	0.09965	0.01824	0.06391	0.02693	0.01781	0.09251	0.01633	0.01856	0.01159	0.00783	0.00773	0.00255	0.01095	0.00647	0.00431	0.01199
4	0.02169	0.71972	0.04252	0.01388	0.02083	0.03211	0.01388	0.02430	0.01649	0.01909	0.01128	0.01302	0.01041	0.00694	0.00521	0.00174	0.00868	0.00434	0.00347	0.01041
5	0.24288	0.01568	0.02063	0.41909	0.04063	0.01884	0.01768	0.08714	0.01783	0.02864	0.01403	0.01888	0.01053	0.00811	0.00719	0.00262	0.00926	0.00638	0.00451	0.00945
6	0.02169	0.71972	0.04252	0.01388	0.02083	0.03211	0.01388	0.02430	0.01649	0.01909	0.01128	0.01302	0.01041	0.00694	0.00521	0.00174	0.00868	0.00434	0.00347	0.01041
7	0.01006	0.00719	0.00962	0.01150	0.01205	0.00674	0.00784	0.01161	0.01571	0.02091	0.04462	0.67509	0.05328	0.02525	0.01040	0.00332	0.00486	0.05576	0.00753	0.00664
8	0.02169	0.71972	0.04252	0.01388	0.02083	0.03211	0.01388	0.02430	0.01649	0.01909	0.01128	0.01302	0.01041	0.00694	0.00521	0.00174	0.00868	0.00434	0.00347	0.01041
9	0.03085	0.02273	0.02435	0.01867	0.02516	0.02516	0.01542	0.63716	0.03815	0.05114	0.01948	0.01948	0.01380	0.00974	0.00812	0.00244	0.00893	0.00731	0.00812	0.01380
10	0.02524	0.01700	0.03189	0.02367	0.03027	0.01552	0.31295	0.02998	0.02044	0.28922	0.02581	0.09728	0.01989	0.01013	0.00908	0.00270	0.00995	0.01043	0.00690	0.01166
11	0.01148	0.00829	0.01085	0.01021	0.01212	0.00766	0.00766	0.01531	0.02297	0.03254	0.65994	0.06061	0.07656	0.01659	0.00957	0.00255	0.00383	0.01467	0.00893	0.00766
12	0.03085	0.02273	0.02435	0.01867	0.02516	0.02516	0.01542	0.63716	0.03815	0.05114	0.01948	0.01948	0.01380	0.00974	0.00812	0.00244	0.00893	0.00731	0.00812	0.01380
13	0.02892	0.02106	0.02271	0.01779	0.02375	0.02325	0.01449	0.51485	0.10825	0.07150	0.02185	0.02264	0.01607	0.04285	0.00969	0.00273	0.00851	0.00777	0.00806	0.01327
14	0.44127	0.05916	0.16451	0.01753	0.07498	0.01972	0.01568	0.07375	0.01704	0.03346	0.01302	0.01514	0.00995	0.00769	0.00613	0.00247	0.00818	0.00522	0.00475	0.01033
15	0.77215	0.01569	0.01193	0.01067	0.01569	0.01820	0.00879	0.02385	0.01381	0.03641	0.01130	0.01318	0.00879	0.00753	0.00502	0.00251	0.00628	0.00439	0.00502	0.00879
16	0.00989	0.00706	0.00942	0.01130	0.01177	0.00659	0.00753	0.01130	0.01554	0.02071	0.04472	0.70954	0.05367	0.02542	0.01036	0.00330	0.00471	0.02307	0.00753	0.00659
17	0.02071	0.59683	0.15680	0.01556	0.02342	0.02970	0.01680	0.02455	0.01660	0.02029	0.01188	0.01376	0.01039	0.00708	0.00566	0.00189	0.00928	0.00464	0.00346	0.01070
18	0.01902	0.02326	0.09811	0.03507	0.11300	0.02024	0.51465	0.02584	0.01891	0.02603	0.01613	0.02129	0.01220	0.00696	0.00924	0.00268	0.01308	0.00901	0.00404	0.01125
19	0.00959	0.00822	0.00822	0.00822	0.01096	0.00685	0.00617	0.01165	0.01850	0.02192	0.08220	0.07809	0.66092	0.02055	0.00959	0.00274	0.00411	0.01713	0.00754	0.00685
20	0.01211	0.00873	0.01100	0.01208	0.01319	0.00856	0.00837	0.07778	0.01794	0.02395	0.04204	0.63624	0.04943	0.02376	0.01012	0.00320	0.00516	0.02139	0.00759	0.00736
21	0.02238	0.01759	0.02021	0.01907	0.07844	0.01900	0.01379	0.10739	0.40414	0.08684	0.02783	0.02648	0.02070	0.00992	0.00797	0.00250	0.00699	0.00824	0.00764	0.09287
22	0.01774	0.05365	0.01859	0.01243	0.01959	0.01265	0.01012	0.04911	0.01779	0.02718	0.01448	0.01674	0.01201	0.00623	0.00606	0.00129	0.00629	0.00490	0.00489	0.68826

[dist]
# distance from previous block
# <min> <max>
3	8

[block]
# block no. 7 follows, 23 sequences, length 44
# corresponding to MSA columns:
# 245-288
name=unknown_H
#
# <colnr> <probs for GDERKNQSTAVLIFYWHMCP>
#	G	D	E	R	K	N	Q	S	T	A	V	L	I	F	Y	W	H	M	C	P
0	0.01784	0.02177	0.09505	0.06947	0.03978	0.01896	0.49154	0.02432	0.01848	0.02518	0.01874	0.08439	0.01584	0.00869	0.00941	0.00277	0.01255	0.01038	0.00433	0.01052
1	0.01796	0.01439	0.01694	0.01216	0.01932	0.01088	0.00975	0.02154	0.01720	0.06370	0.01544	0.01745	0.01249	0.00624	0.00613	0.00128	0.00606	0.00500	0.00511	0.72097
2	0.01770	0.01776	0.05143	0.31526	0.27064	0.01833	0.05101	0.02422	0.06160	0.02454	0.01613	0.02122	0.01266	0.00779	0.00802	0.00250	0.00996	0.00727	0.00417	0.05777
3	0.01973	0.01570	0.01700	0.01492	0.01922	0.01709	0.01191	0.19018	0.26585	0.03523	0.08364	0.04423	0.14903	0.01392	0.00883	0.00274	0.00656	0.06506	0.00806	0.01110
4	0.01577	0.01488	0.02515	0.63430	0.11340	0.01815	0.02276	0.02113	0.01644	0.02128	0.01450	0.02149	0.01101	0.00803	0.00810	0.00268	0.01071	0.00721	0.00364	0.00938
5	0.09866	0.02208	0.02321	0.01794	0.02430	0.02453	0.01482	0.58105	0.03592	0.04979	0.01873	0.01890	0.01334	0.00954	0.00783	0.00244	0.00869	0.00704	0.00783	0.01334
6	0.01217	0.00835	0.00954	0.00946	0.00975	0.00857	0.00560	0.01339	0.04084	0.01675	0.02567	0.05076	0.02872	0.64262	0.07927	0.00795	0.00865	0.01149	0.00503	0.00542
7	0.01401	0.00965	0.01092	0.01025	0.01110	0.01002	0.00647	0.08485	0.01495	0.02005	0.02462	0.04786	0.02710	0.59206	0.07725	0.00755	0.00885	0.01108	0.00525	0.00610
8	0.01929	0.02150	0.04566	0.03651	0.13463	0.02034	0.54430	0.02583	0.01905	0.02607	0.01624	0.02162	0.01239	0.00690	0.00935	0.00269	0.01308	0.00923	0.00409	0.01123
9	0.03085	0.02273	0.02435	0.01867	0.02516	0.02516	0.01542	0.63716	0.03815	0.05114	0.01948	0.01948	0.01380	0.00974	0.00812	0.00244	0.00893	0.00731	0.00812	0.01380
10	0.01141	0.00829	0.01074	0.01013	0.01207	0.00762	0.00759	0.01516	0.02278	0.03210	0.63591	0.06134	0.10086	0.01675	0.00957	0.00256	0.00384	0.01478	0.00887	0.00762
11	0.02008	0.01637	0.01787	0.01597	0.02026	0.01841	0.01267	0.12677	0.42229	0.03538	0.10236	0.03835	0.03118	0.01262	0.00869	0.00278	0.00662	0.07124	0.00823	0.01185
12	0.01120	0.00828	0.01046	0.00991	0.01195	0.00754	0.00744	0.01477	0.02231	0.03097	0.57467	0.06319	0.16281	0.01717	0.00957	0.00258	0.00387	0.01504	0.00873	0.00754
13	0.02017	0.01760	0.01968	0.01956	0.07994	0.02010	0.01395	0.04145	0.59182	0.03326	0.03140	0.02934	0.02368	0.01066	0.00824	0.00272	0.00672	0.00900	0.00787	0.01284
14	0.02008	0.01928	0.03294	0.04981	0.66422	0.01928	0.02490	0.02490	0.01848	0.02651	0.01526	0.02008	0.01285	0.00723	0.00803	0.00241	0.00964	0.00723	0.00402	0.01285
15	0.01148	0.00829	0.01085	0.01021	0.01212	0.00766	0.00766	0.01531	0.02297	0.03254	0.65994	0.06061	0.07656	0.01659	0.00957	0.00255	0.00383	0.01467	0.00893	0.00766
16	0.01119	0.00806	0.01058	0.01041	0.01206	0.00746	0.00763	0.01456	0.02158	0.03034	0.54530	0.18153	0.07230	0.01823	0.00972	0.00269	0.00399	0.01624	0.00867	0.00746
17	0.02104	0.01866	0.02998	0.10238	0.49725	0.01923	0.02269	0.06194	0.06383	0.05786	0.01745	0.02125	0.01389	0.00785	0.00807	0.00247	0.00935	0.00741	0.00479	0.01260
18	0.01770	0.01494	0.01729	0.01243	0.01960	0.01171	0.00998	0.05872	0.01815	0.02797	0.01474	0.01699	0.01213	0.00624	0.00614	0.00128	0.00619	0.00496	0.00501	0.71784
19	0.02169	0.71972	0.04252	0.01388	0.02083	0.03211	0.01388	0.02430	0.01649	0.01909	0.01128	0.01302	0.01041	0.00694	0.00521	0.00174	0.00868	0.00434	0.00347	0.01041
20	0.77215	0.01569	0.01193	0.01067	0.01569	0.01820	0.00879	0.02385	0.01381	0.03641	0.01130	0.01318	0.00879	0.00753	0.00502	0.00251	0.00628	0.00439	0.00502	0.00879
21	0.02383	0.01842	0.01979	0.01687	0.02203	0.02078	0.01339	0.18260	0.46188	0.08252	0.02977	0.02755	0.02186	0.01064	0.00822	0.00266	0.00705	0.00866	0.00835	0.01314
22	0.01152	0.00836	0.01090	0.01044	0.01237	0.00773	0.00794	0.01528	0.02255	0.03167	0.60221	0.06312	0.09435	0.01708	0.00967	0.00263	0.00406	0.05169	0.00879	0.00762
23	0.01627	0.04197	0.67279	0.02313	0.03512	0.01884	0.02998	0.02570	0.01713	0.02570	0.01456	0.01713	0.01028	0.00771	0.00771	0.00257	0.01199	0.00600	0.00343	0.01199
24	0.01627	0.04197	0.67279	0.02313	0.03512	0.01884	0.02998	0.02570	0.01713	0.02570	0.01456	0.01713	0.01028	0.00771	0.00771	0.00257	0.01199	0.00600	0.00343	0.01199
25	0.01577	0.01470	0.02379	0.63323	0.05270	0.01822	0.02165	0.02278	0.07417	0.02194	0.01612	0.02242	0.01209	0.00838	0.00813	0.00271	0.01041	0.00739	0.00403	0.00936
26	0.01532	0.01442	0.02434	0.69533	0.05589	0.01803	0.02253	0.02073	0.01622	0.02073	0.01442	0.02163	0.01082	0.00811	0.00811	0.00270	0.01082	0.00721	0.00361	0.00901
27	0.02018	0.01743	0.01835	0.01651	0.02110	0.02018	0.01284	0.04312	0.64956	0.03394	0.03303	0.03027	0.02477	0.01101	0.00826	0.00275	0.00642	0.00917	0.00826	0.01284
28	0.01139	0.00829	0.01071	0.01011	0.01206	0.00762	0.00758	0.01513	0.02274	0.03201	0.63093	0.06149	0.10590	0.01679	0.00957	0.00256	0.00384	0.01480	0.00886	0.00762
29	0.01556	0.01488	0.02579	0.65464	0.05506	0.01818	0.06021	0.02106	0.01641	0.02106	0.01454	0.02165	0.01091	0.00803	0.00820	0.00271	0.01099	0.00736	0.00364	0.00913
30	0.02169	0.71972	0.04252	0.01388	0.02083	0.03211	0.01388	0.02430	0.01649	0.01909	0.01128	0.01302	0.01041	0.00694	0.00521	0.00174	0.00868	0.00434	0.00347	0.01041
31	0.57501	0.01756	0.01523	0.01280	0.01821	0.02005	0.01055	0.18696	0.02028	0.04032	0.01347	0.01486	0.01012	0.00812	0.00584	0.00249	0.00698	0.00517	0.00584	0.01012
32	0.01847	0.05464	0.09676	0.07072	0.05544	0.02174	0.34892	0.02400	0.01705	0.02381	0.01449	0.02000	0.01157	0.00875	0.01310	0.00286	0.17517	0.00821	0.00385	0.01046
33	0.77215	0.01569	0.01193	0.01067	0.01569	0.01820	0.00879	0.02385	0.01381	0.03641	0.01130	0.01318	0.00879	0.00753	0.00502	0.00251	0.00628	0.00439	0.00502	0.00879
34	0.02975	0.03783	0.02424	0.02157	0.02595	0.64903	0.04676	0.03208	0.02280	0.02017	0.01274	0.01500	0.01055	0.00829	0.00743	0.00212	0.01459	0.00544	0.00418	0.00948
35	0.01641	0.04103	0.64337	0.02365	0.03546	0.01892	0.05846	0.02571	0.01723	0.02571	0.01465	0.01736	0.01037	0.00767	0.00780	0.00258	0.01207	0.00616	0.00346	0.01194
36	0.01703	0.03747	0.54599	0.02841	0.15979	0.01893	0.02897	0.02554	0.01740	0.02586	0.01470	0.01772	0.01079	0.00761	0.00777	0.00254	0.01153	0.00624	0.00354	0.01216
37	0.01921	0.01659	0.01742	0.01575	0.02017	0.01896	0.01223	0.04024	0.59182	0.03284	0.03752	0.03465	0.08297	0.01188	0.00838	0.00275	0.00621	0.00990	0.00819	0.01230
38	0.02116	0.01792	0.01890	0.01671	0.02147	0.02064	0.01308	0.09746	0.59362	0.03552	0.03179	0.02929	0.02377	0.01089	0.00824	0.00272	0.00665	0.00900	0.00824	0.01293
39	0.01135	0.00829	0.01066	0.01007	0.01204	0.00760	0.00755	0.01506	0.02266	0.03180	0.61948	0.06184	0.11749	0.01687	0.00957	0.00257	0.00385	0.01485	0.00883	0.00760
40	0.01978	0.01708	0.01797	0.01620	0.02072	0.01968	0.01259	0.04193	0.62571	0.03349	0.03488	0.03208	0.04881	0.01137	0.00831	0.00275	0.00633	0.00947	0.00823	0.01262
41	0.01458	0.01351	0.02219	0.59123	0.04928	0.01653	0.02029	0.01953	0.01623	0.02072	0.02100	0.02737	0.07017	0.01248	0.04976	0.00334	0.01088	0.00820	0.00401	0.00871
42	0.02871	0.02142	0.02289	0.01786	0.02397	0.02365	0.01465	0.55246	0.08450	0.04800	0.02439	0.02393	0.05448	0.01050	0.00822	0.00248	0.00844	0.00806	0.00809	0.01330
43	0.62776	0.01669	0.04346	0.11110	0.02243	0.01821	0.01175	0.02348	0.01431	0.03364	0.01190	0.01459	0.00915	0.00762	0.00559	0.00254	0.00720	0.00488	0.00474	0.00896

[dist]
# distance from previous block
# <min> <max>
17	28

[block]
# block no. 8 follows, 23 sequences, length 7
# corresponding to MSA columns:
# 318-324
name=unknown_I
#
# <colnr> <probs for GDERKNQSTAVLIFYWHMCP>
#	G	D	E	R	K	N	Q	S	T	A	V	L	I	F	Y	W	H	M	C	P
0	0.02696	0.14628	0.02614	0.01716	0.02318	0.02479	0.01442	0.43678	0.08452	0.04198	0.02078	0.06359	0.01668	0.01035	0.00775	0.00239	0.00840	0.00794	0.00726	0.01265
1	0.19477	0.50365	0.08501	0.01387	0.02076	0.02785	0.01397	0.02430	0.01592	0.02361	0.01154	0.01338	0.01003	0.00714	0.00536	0.00198	0.00838	0.00448	0.00383	0.01016
2	0.01142	0.00827	0.01110	0.01282	0.01416	0.00795	0.01012	0.01401	0.01731	0.02255	0.04693	0.35661	0.09994	0.02356	0.01071	0.00346	0.00601	0.30851	0.00750	0.00704
3	0.11085	0.01742	0.02935	0.26707	0.03886	0.02038	0.18678	0.02226	0.01581	0.02382	0.01367	0.01972	0.01093	0.00916	0.01260	0.00289	0.17755	0.00748	0.00390	0.00948
4	0.02169	0.71972	0.04252	0.01388	0.02083	0.03211	0.01388	0.02430	0.01649	0.01909	0.01128	0.01302	0.01041	0.00694	0.00521	0.00174	0.00868	0.00434	0.00347	0.01041
5	0.02211	0.48664	0.13620	0.01535	0.02269	0.02631	0.01594	0.02586	0.01723	0.10084	0.01495	0.01653	0.01215	0.01047	0.04391	0.00259	0.00971	0.00532	0.00433	0.01090
6	0.01951	0.13484	0.04367	0.01413	0.01762	0.06746	0.01147	0.12260	0.01949	0.05803	0.02400	0.12928	0.02450	0.20776	0.01788	0.00403	0.03345	0.03558	0.00580	0.00888

[dist]
# distance from previous block
# <min> <max>
0	2

[block]
# block no. 9 follows, 23 sequences, length 8
# corresponding to MSA columns:
# 327-334
name=unknown_J
#
# <colnr> <probs for GDERKNQSTAVLIFYWHMCP>
#	G	D	E	R	K	N	Q	S	T	A	V	L	I	F	Y	W	H	M	C	P
0	0.01103	0.00801	0.01028	0.01148	0.01270	0.00758	0.00853	0.01319	0.01699	0.02228	0.09966	0.33304	0.13391	0.09921	0.01382	0.00378	0.00563	0.17477	0.00735	0.00676
1	0.01180	0.00787	0.00885	0.00885	0.00885	0.00787	0.00492	0.01180	0.01180	0.01573	0.02557	0.05310	0.02950	0.71483	0.04130	0.00787	0.00787	0.01180	0.00492	0.00492
2	0.02847	0.02150	0.02371	0.07287	0.02720	0.02406	0.01572	0.52459	0.10121	0.04687	0.02051	0.02080	0.01472	0.00974	0.00813	0.00249	0.00881	0.00750	0.00777	0.01331
3	0.01898	0.01816	0.03095	0.19916	0.52347	0.01899	0.02435	0.02394	0.01796	0.02517	0.01507	0.02044	0.01238	0.00743	0.00805	0.00248	0.00991	0.00723	0.00392	0.01196
4	0.01159	0.00778	0.00891	0.00912	0.00917	0.00773	0.00521	0.01174	0.01221	0.01628	0.02768	0.12546	0.03216	0.63883	0.03789	0.00736	0.00752	0.01304	0.00521	0.00510
5	0.01180	0.00787	0.00885	0.00885	0.00885	0.00787	0.00492	0.01180	0.01180	0.01573	0.02557	0.05310	0.02950	0.71483	0.04130	0.00787	0.00787	0.01180	0.00492	0.00492
6	0.60808	0.01542	0.01462	0.15909	0.02441	0.01816	0.01177	0.02318	0.01433	0.03301	0.01198	0.01501	0.00923	0.00766	0.00569	0.00255	0.00726	0.00500	0.00471	0.00884
7	0.70433	0.01634	0.01306	0.01140	0.01656	0.01884	0.00939	0.07996	0.01604	0.03775	0.01205	0.01376	0.00925	0.00773	0.00530	0.00250	0.00652	0.00466	0.00530	0.00925

[dist]
# distance from previous block
# <min> <max>
0	4

# created by:
# /st0/software/busco_prod/Augustus/scripts/msa2prfl.pl ./align_prep/101634.fa
