[name]
unknown

[dist]
# distance from previous block
# <min> <max>
6	107

[block]
# block no. 0 follows, 24 sequences, length 12
# corresponding to MSA columns:
# 110-121
name=unknown_A
#
# <colnr> <probs for GDERKNQSTAVLIFYWHMCP>
#	G	D	E	R	K	N	Q	S	T	A	V	L	I	F	Y	W	H	M	C	P
0	0.06988	0.03444	0.50728	0.02213	0.03210	0.01784	0.10301	0.02409	0.01640	0.02522	0.01497	0.01947	0.01148	0.05658	0.00984	0.00288	0.01125	0.00658	0.00364	0.01089
1	0.01732	0.01536	0.02073	0.01585	0.02148	0.01422	0.08441	0.06406	0.05483	0.02666	0.01804	0.08194	0.01620	0.00907	0.00903	0.00195	0.07983	0.00752	0.00515	0.43634
2	0.01261	0.08327	0.01485	0.01177	0.01370	0.01150	0.00898	0.01474	0.01318	0.01830	0.02186	0.07145	0.02218	0.19604	0.39630	0.00926	0.01507	0.00930	0.00448	0.05118
3	0.00998	0.00763	0.00891	0.00976	0.01120	0.00688	0.00690	0.01163	0.01620	0.02043	0.05681	0.32637	0.30777	0.10221	0.01332	0.00353	0.00490	0.06206	0.00707	0.00642
4	0.01796	0.23732	0.39872	0.02317	0.09695	0.02231	0.05139	0.02465	0.01678	0.02333	0.01345	0.01608	0.01043	0.00723	0.00694	0.00226	0.01061	0.00567	0.00345	0.01131
5	0.02611	0.01792	0.02014	0.01622	0.02152	0.01940	0.01311	0.34329	0.14666	0.13257	0.02351	0.02424	0.01740	0.03469	0.07915	0.00363	0.00916	0.00779	0.00766	0.03585
6	0.01029	0.00730	0.00899	0.00999	0.01057	0.00690	0.00646	0.01141	0.01466	0.01939	0.07087	0.42372	0.10027	0.23896	0.01935	0.00452	0.00546	0.01824	0.00664	0.00601
7	0.01285	0.01109	0.01712	0.36983	0.03422	0.01262	0.01525	0.01683	0.01713	0.02233	0.12392	0.14636	0.09766	0.01408	0.00885	0.00279	0.00771	0.05590	0.00557	0.00791
8	0.01925	0.02082	0.10063	0.11754	0.29233	0.01866	0.17938	0.02617	0.06334	0.05824	0.01708	0.02103	0.01310	0.00752	0.00823	0.00252	0.01044	0.00770	0.00443	0.01159
9	0.01716	0.03194	0.39673	0.02794	0.08123	0.01924	0.23070	0.02489	0.01728	0.02500	0.01471	0.01850	0.01089	0.00750	0.00897	0.00260	0.04265	0.00715	0.00361	0.01131
10	0.01000	0.00747	0.00911	0.00990	0.01115	0.00678	0.00685	0.01187	0.01698	0.02227	0.16373	0.38477	0.21495	0.07167	0.01194	0.00327	0.00451	0.01878	0.00742	0.00658
11	0.01822	0.03279	0.37211	0.05652	0.03201	0.11990	0.09176	0.02563	0.04682	0.02382	0.01769	0.02044	0.04090	0.00871	0.00908	0.00255	0.05951	0.00690	0.00395	0.01068

[dist]
# distance from previous block
# <min> <max>
6	7

[block]
# block no. 1 follows, 24 sequences, length 152
# corresponding to MSA columns:
# 129-280
name=unknown_B
#
# <colnr> <probs for GDERKNQSTAVLIFYWHMCP>
#	G	D	E	R	K	N	Q	S	T	A	V	L	I	F	Y	W	H	M	C	P
0	0.00963	0.00787	0.00851	0.00871	0.01096	0.00675	0.00640	0.01175	0.01815	0.02247	0.14389	0.17026	0.50641	0.02034	0.00948	0.00274	0.00407	0.01733	0.00752	0.00675
1	0.72224	0.01584	0.01255	0.01100	0.01602	0.01829	0.00907	0.06917	0.01525	0.03664	0.01163	0.01334	0.00895	0.00752	0.00513	0.00245	0.00633	0.00450	0.00513	0.00895
2	0.01058	0.00799	0.00976	0.00951	0.01150	0.00718	0.00706	0.01364	0.02065	0.02796	0.45283	0.11436	0.24204	0.01797	0.00942	0.00260	0.00389	0.01565	0.00824	0.00718
3	0.01152	0.00811	0.00914	0.00903	0.01084	0.00728	0.00628	0.01318	0.01675	0.05374	0.12814	0.12816	0.33138	0.21069	0.01782	0.00406	0.00518	0.01517	0.00695	0.00659
4	0.01112	0.00808	0.01036	0.00980	0.01164	0.00744	0.00728	0.01460	0.02173	0.03048	0.60474	0.05999	0.10977	0.04551	0.01063	0.00272	0.00392	0.01437	0.00848	0.00732
5	0.03484	0.01468	0.01914	0.01467	0.02084	0.01342	0.01212	0.12130	0.02468	0.59188	0.02962	0.02591	0.01879	0.00977	0.00797	0.00244	0.00702	0.00786	0.00956	0.01349
6	0.00978	0.00715	0.00921	0.01060	0.01145	0.00657	0.00722	0.01146	0.01622	0.02151	0.10880	0.57942	0.12451	0.02346	0.00996	0.00309	0.00445	0.02108	0.00749	0.00657
7	0.03176	0.01262	0.01704	0.01345	0.01891	0.01094	0.01095	0.03472	0.02207	0.57943	0.06615	0.06700	0.05498	0.01141	0.00822	0.00251	0.00635	0.00947	0.00952	0.01250
8	0.01462	0.00872	0.01154	0.01077	0.01305	0.00794	0.00809	0.01788	0.02129	0.12681	0.46978	0.16215	0.06287	0.01667	0.00927	0.00261	0.00433	0.01473	0.00867	0.00821
9	0.01109	0.00810	0.01041	0.00983	0.01176	0.00742	0.00737	0.01470	0.02212	0.03103	0.62436	0.06049	0.11860	0.01650	0.00935	0.00251	0.00376	0.01452	0.00863	0.00742
10	0.01011	0.00801	0.00909	0.00894	0.01119	0.00699	0.00666	0.01277	0.01965	0.02543	0.30884	0.10005	0.40654	0.01879	0.00940	0.00263	0.00394	0.01607	0.00790	0.00699
11	0.01030	0.00830	0.00889	0.00908	0.01129	0.00735	0.00659	0.03473	0.01785	0.02194	0.06759	0.21005	0.48205	0.05406	0.01095	0.00302	0.00449	0.01738	0.00726	0.00680
12	0.02054	0.01744	0.01839	0.01630	0.02093	0.02010	0.01275	0.08928	0.60906	0.03449	0.03124	0.02876	0.02337	0.01066	0.00806	0.00267	0.00647	0.00882	0.00806	0.01262
13	0.01200	0.00773	0.00794	0.00790	0.00996	0.00712	0.00579	0.01468	0.01715	0.02503	0.08305	0.05307	0.30328	0.07150	0.01019	0.00271	0.00416	0.01212	0.33773	0.00689
14	0.01122	0.00811	0.01060	0.00998	0.01185	0.00748	0.00748	0.01496	0.02245	0.03180	0.66766	0.05923	0.07482	0.01621	0.00935	0.00249	0.00374	0.01434	0.00873	0.00748
15	0.01125	0.00757	0.00873	0.00901	0.00908	0.00750	0.00519	0.01146	0.01208	0.01610	0.02779	0.15133	0.03237	0.61705	0.03583	0.00702	0.00723	0.01318	0.00519	0.00505
16	0.01050	0.00723	0.00939	0.01064	0.01111	0.00691	0.00708	0.01155	0.01462	0.01954	0.06382	0.47997	0.04602	0.17207	0.01761	0.04351	0.00548	0.05024	0.00667	0.00603
17	0.10384	0.01820	0.02967	0.08283	0.49760	0.01898	0.05151	0.02376	0.01715	0.02627	0.01426	0.01894	0.01186	0.00748	0.00851	0.00246	0.04426	0.00686	0.00399	0.01160
18	0.01451	0.01184	0.01309	0.01261	0.01442	0.08527	0.00944	0.01680	0.01487	0.05183	0.05520	0.03620	0.05679	0.15703	0.40363	0.00918	0.01576	0.00930	0.00498	0.00726
19	0.01126	0.00757	0.00873	0.00899	0.00906	0.00751	0.00517	0.01146	0.01206	0.01608	0.02768	0.14761	0.03223	0.62096	0.03600	0.00704	0.00724	0.01312	0.00517	0.00504
20	0.01071	0.00700	0.00948	0.01071	0.01112	0.00665	0.00713	0.01112	0.01434	0.01921	0.06844	0.50100	0.04417	0.06163	0.01609	0.16551	0.00520	0.01823	0.00647	0.00577
21	0.27443	0.01803	0.01762	0.01488	0.02006	0.02055	0.01200	0.21775	0.25670	0.03904	0.02123	0.02086	0.01579	0.00926	0.00698	0.00252	0.00697	0.00686	0.00698	0.01152
22	0.02637	0.02037	0.02324	0.08773	0.05936	0.02280	0.01581	0.45169	0.13717	0.04301	0.02054	0.02103	0.01493	0.00944	0.00795	0.00246	0.00854	0.00743	0.00731	0.01282
23	0.02075	0.01935	0.03200	0.04449	0.56715	0.01955	0.05508	0.09378	0.02024	0.02857	0.01543	0.01965	0.01264	0.00732	0.00794	0.00237	0.00955	0.00719	0.00438	0.01257
24	0.02127	0.01812	0.02129	0.02211	0.13438	0.02030	0.01498	0.12952	0.45338	0.03443	0.02727	0.02627	0.02058	0.00993	0.00801	0.00259	0.00719	0.00836	0.00733	0.01269
25	0.01644	0.01226	0.01555	0.01596	0.08355	0.01247	0.01095	0.06195	0.15348	0.07164	0.36687	0.04522	0.07400	0.01348	0.00876	0.00252	0.00536	0.01174	0.00806	0.00976
26	0.01629	0.01556	0.02710	0.57075	0.05118	0.01833	0.11114	0.05311	0.01737	0.02253	0.01463	0.02107	0.01093	0.00783	0.00813	0.00263	0.01088	0.00738	0.00382	0.00932
27	0.02856	0.02722	0.02297	0.05471	0.02590	0.26843	0.01538	0.35215	0.06658	0.03621	0.01705	0.01802	0.01275	0.00901	0.00765	0.00229	0.01073	0.00649	0.00630	0.01161
28	0.03404	0.01511	0.01930	0.01489	0.02100	0.01417	0.01227	0.14173	0.05003	0.54568	0.02925	0.02574	0.01877	0.00980	0.00797	0.00245	0.00706	0.00787	0.00943	0.01346
29	0.01098	0.00810	0.01026	0.00972	0.01170	0.00738	0.00729	0.01450	0.02187	0.03044	0.59073	0.06147	0.15260	0.01672	0.00936	0.00252	0.00378	0.01465	0.00855	0.00738
30	0.00966	0.00690	0.00920	0.01104	0.01150	0.00644	0.00736	0.01104	0.01518	0.02024	0.04371	0.71614	0.05245	0.02484	0.01012	0.00322	0.00460	0.02254	0.00736	0.00644
31	0.00966	0.00690	0.00920	0.01104	0.01150	0.00644	0.00736	0.01104	0.01518	0.02024	0.04371	0.71614	0.05245	0.02484	0.01012	0.00322	0.00460	0.02254	0.00736	0.00644
32	0.01125	0.00843	0.01048	0.01016	0.01211	0.00790	0.00754	0.01547	0.05427	0.02919	0.48589	0.13337	0.14937	0.01741	0.00937	0.00261	0.00401	0.01530	0.00836	0.00753
33	0.77733	0.01534	0.01166	0.01043	0.01534	0.01779	0.00859	0.02331	0.01350	0.03558	0.01104	0.01288	0.00859	0.00736	0.00491	0.00245	0.00613	0.00429	0.00491	0.00859
34	0.00966	0.00690	0.00920	0.01104	0.01150	0.00644	0.00736	0.01104	0.01518	0.02024	0.04371	0.71614	0.05245	0.02484	0.01012	0.00322	0.00460	0.02254	0.00736	0.00644
35	0.01478	0.00739	0.00739	0.00739	0.00924	0.00739	0.00554	0.01848	0.01663	0.02956	0.02587	0.02956	0.02033	0.00924	0.00554	0.00185	0.00370	0.00739	0.76534	0.00739
36	0.02120	0.72609	0.04155	0.01357	0.02035	0.03138	0.01357	0.02374	0.01611	0.01866	0.01102	0.01272	0.01018	0.00678	0.00509	0.00170	0.00848	0.00424	0.00339	0.01018
37	0.03135	0.02028	0.02261	0.01733	0.02363	0.02173	0.01432	0.51123	0.03406	0.18871	0.02175	0.02080	0.01484	0.00958	0.00794	0.00240	0.00829	0.00732	0.00835	0.01349
38	0.77733	0.01534	0.01166	0.01043	0.01534	0.01779	0.00859	0.02331	0.01350	0.03558	0.01104	0.01288	0.00859	0.00736	0.00491	0.00245	0.00613	0.00429	0.00491	0.00859
39	0.01963	0.01884	0.03219	0.04867	0.67185	0.01884	0.02434	0.02434	0.01806	0.02591	0.01492	0.01963	0.01256	0.00707	0.00785	0.00236	0.00942	0.00707	0.00393	0.01256
40	0.02037	0.01736	0.01829	0.01627	0.02087	0.02003	0.01271	0.07957	0.61904	0.03421	0.03145	0.02893	0.02354	0.01068	0.00806	0.00267	0.00643	0.00885	0.00806	0.01261
41	0.00966	0.00690	0.00920	0.01104	0.01150	0.00644	0.00736	0.01104	0.01518	0.02024	0.04371	0.71614	0.05245	0.02484	0.01012	0.00322	0.00460	0.02254	0.00736	0.00644
42	0.00966	0.00690	0.00920	0.01104	0.01150	0.00644	0.00736	0.01104	0.01518	0.02024	0.04371	0.71614	0.05245	0.02484	0.01012	0.00322	0.00460	0.02254	0.00736	0.00644
43	0.01153	0.00769	0.00865	0.00865	0.00865	0.00769	0.00480	0.01153	0.01153	0.01538	0.02499	0.05189	0.02883	0.72131	0.04036	0.00769	0.00769	0.01153	0.00480	0.00480
44	0.02499	0.01875	0.01994	0.01592	0.02129	0.02046	0.01295	0.45026	0.10265	0.04263	0.03088	0.03005	0.12301	0.01139	0.00810	0.00244	0.00749	0.00894	0.03583	0.01204
45	0.01498	0.01409	0.02378	0.70226	0.05462	0.01762	0.02202	0.02026	0.01586	0.02026	0.01409	0.02114	0.01057	0.00793	0.00793	0.00264	0.01057	0.00705	0.00352	0.00881
46	0.00966	0.00690	0.00920	0.01104	0.01150	0.00644	0.00736	0.01104	0.01518	0.02024	0.04371	0.71614	0.05245	0.02484	0.01012	0.00322	0.00460	0.02254	0.00736	0.00644
47	0.00972	0.00695	0.00925	0.01100	0.01151	0.00648	0.00737	0.01119	0.01545	0.02067	0.06691	0.69171	0.05328	0.02452	0.01009	0.00319	0.00457	0.02224	0.00741	0.00648
48	0.02504	0.01785	0.01957	0.01604	0.02095	0.01945	0.01283	0.40676	0.10270	0.07507	0.02567	0.13802	0.02191	0.01223	0.00820	0.00253	0.00740	0.00999	0.04590	0.01189
49	0.77733	0.01534	0.01166	0.01043	0.01534	0.01779	0.00859	0.02331	0.01350	0.03558	0.01104	0.01288	0.00859	0.00736	0.00491	0.00245	0.00613	0.00429	0.00491	0.00859
50	0.01888	0.01808	0.03084	0.15316	0.57318	0.01865	0.02397	0.02369	0.01770	0.02500	0.01478	0.01987	0.01224	0.00720	0.00786	0.00240	0.00960	0.00706	0.00386	0.01196
51	0.01151	0.00776	0.00901	0.00901	0.00913	0.00788	0.00525	0.01176	0.01164	0.01564	0.02466	0.05007	0.02804	0.66303	0.09756	0.00813	0.00888	0.01126	0.00476	0.00501
52	0.01818	0.01679	0.02695	0.03857	0.48943	0.01696	0.02018	0.02456	0.08532	0.02769	0.13015	0.02754	0.02459	0.00904	0.00813	0.00241	0.00811	0.00853	0.00519	0.01168
53	0.01665	0.01627	0.02535	0.53911	0.17321	0.05322	0.02212	0.02165	0.01663	0.02132	0.01416	0.02049	0.01094	0.00777	0.00787	0.00256	0.01054	0.00695	0.00363	0.00956
54	0.01972	0.01703	0.01793	0.01614	0.02062	0.01972	0.01255	0.04214	0.65752	0.03317	0.03228	0.02959	0.02421	0.01076	0.00807	0.00269	0.00628	0.00897	0.00807	0.01255
55	0.01825	0.02057	0.04455	0.03197	0.03961	0.01927	0.60362	0.02475	0.01895	0.02580	0.05647	0.02374	0.01593	0.00728	0.00936	0.00266	0.01277	0.00967	0.00430	0.01050
56	0.01972	0.01703	0.01793	0.01614	0.02062	0.01972	0.01255	0.04214	0.65752	0.03317	0.03228	0.02959	0.02421	0.01076	0.00807	0.00269	0.00628	0.00897	0.00807	0.01255
57	0.03014	0.02221	0.02380	0.01825	0.02459	0.02459	0.01507	0.64541	0.03728	0.04998	0.01904	0.01904	0.01349	0.00952	0.00793	0.00238	0.00873	0.00714	0.00793	0.01349
58	0.00949	0.00804	0.00819	0.00815	0.01078	0.00674	0.00612	0.01160	0.01835	0.02207	0.11677	0.07526	0.63179	0.01984	0.00937	0.00267	0.00400	0.01659	0.00745	0.00674
59	0.02167	0.01818	0.01850	0.01636	0.02101	0.05393	0.01278	0.07316	0.55679	0.06933	0.03050	0.02810	0.02267	0.01051	0.00801	0.00263	0.00684	0.00862	0.00795	0.01248
60	0.01896	0.43638	0.31164	0.01739	0.02626	0.02590	0.02022	0.02432	0.01638	0.02139	0.01238	0.01442	0.01012	0.00710	0.00612	0.00204	0.00985	0.00493	0.00337	0.01083
61	0.03002	0.02582	0.02349	0.01875	0.02457	0.17861	0.01513	0.50324	0.03385	0.04290	0.01747	0.01794	0.01273	0.00921	0.00775	0.00230	0.01002	0.00667	0.00704	0.01249
62	0.02895	0.02173	0.02401	0.02002	0.06454	0.02398	0.01552	0.57532	0.06854	0.04760	0.01948	0.01963	0.01399	0.00943	0.00793	0.00239	0.00864	0.00723	0.00769	0.01338
63	0.03461	0.01371	0.01837	0.01423	0.02027	0.01215	0.01171	0.03886	0.06149	0.63798	0.03135	0.02715	0.01991	0.00987	0.00798	0.00247	0.00672	0.00804	0.00971	0.01344
64	0.01762	0.01529	0.01609	0.01282	0.01833	0.04810	0.01008	0.09221	0.09094	0.02809	0.02839	0.06248	0.11759	0.01012	0.00718	0.00186	0.00633	0.00824	0.00596	0.40230
65	0.01133	0.00850	0.01274	0.01274	0.01416	0.00991	0.00991	0.01416	0.01274	0.01841	0.02124	0.03115	0.01982	0.05947	0.68989	0.01274	0.02124	0.00850	0.00425	0.00708
66	0.01848	0.01767	0.03011	0.21007	0.51943	0.01854	0.02377	0.02333	0.01751	0.02451	0.01471	0.02000	0.01207	0.00728	0.00787	0.00243	0.00970	0.00706	0.00383	0.01163
67	0.03023	0.01477	0.01837	0.01467	0.02021	0.01435	0.01192	0.10545	0.14594	0.43865	0.07465	0.02886	0.02368	0.01041	0.00808	0.00249	0.00667	0.00852	0.00919	0.01289
68	0.01924	0.01844	0.03129	0.04716	0.64717	0.01839	0.02365	0.02385	0.01806	0.02574	0.01736	0.02174	0.03705	0.00755	0.00791	0.00237	0.00922	0.00743	0.00405	0.01234
69	0.06666	0.07597	0.02333	0.01912	0.02381	0.49789	0.01483	0.13943	0.02426	0.02558	0.01332	0.01497	0.01071	0.00828	0.00705	0.00210	0.01255	0.00537	0.00477	0.00998
70	0.01882	0.41779	0.32897	0.01763	0.02664	0.02554	0.02065	0.02436	0.01640	0.02156	0.01247	0.01453	0.01012	0.00712	0.00619	0.00206	0.00994	0.00497	0.00337	0.01087
71	0.06276	0.01540	0.02521	0.49116	0.21165	0.01794	0.02180	0.02150	0.01628	0.02266	0.01412	0.02025	0.01096	0.00767	0.00772	0.00256	0.01000	0.00688	0.00371	0.00976
72	0.56483	0.01692	0.01448	0.01229	0.01750	0.04313	0.01007	0.11130	0.01813	0.10730	0.01441	0.01533	0.01054	0.00796	0.00575	0.00243	0.00686	0.00512	0.00583	0.00983
73	0.02664	0.02047	0.02109	0.04964	0.02403	0.07659	0.01412	0.33357	0.19016	0.09713	0.02295	0.02253	0.01660	0.00966	0.00781	0.00243	0.00829	0.00751	0.03633	0.01244
74	0.06171	0.01701	0.01794	0.01522	0.02009	0.01881	0.01212	0.21014	0.32515	0.06878	0.03397	0.03202	0.10935	0.01147	0.00804	0.00257	0.00668	0.00922	0.00785	0.01185
75	0.01372	0.00700	0.01046	0.01055	0.01065	0.00700	0.00720	0.01065	0.01075	0.01429	0.01525	0.02752	0.01544	0.02725	0.02994	0.72923	0.00691	0.03888	0.00365	0.00365
76	0.02011	0.01785	0.01811	0.01631	0.02077	0.04595	0.01266	0.04173	0.63266	0.03263	0.03149	0.02899	0.02366	0.01066	0.00803	0.00266	0.00659	0.00881	0.00791	0.01242
77	0.00966	0.00690	0.00920	0.01104	0.01150	0.00644	0.00736	0.01104	0.01518	0.02024	0.04371	0.71614	0.05245	0.02484	0.01012	0.00322	0.00460	0.02254	0.00736	0.00644
78	0.01045	0.00836	0.00895	0.00874	0.01127	0.00740	0.00657	0.01370	0.04324	0.02458	0.20611	0.06841	0.47992	0.01833	0.00913	0.00260	0.00403	0.01544	0.04567	0.00713
79	0.02120	0.72609	0.04155	0.01357	0.02035	0.03138	0.01357	0.02374	0.01611	0.01866	0.01102	0.01272	0.01018	0.00678	0.00509	0.00170	0.00848	0.00424	0.00339	0.01018
80	0.00993	0.00711	0.00944	0.01086	0.01156	0.00662	0.00738	0.01172	0.01644	0.02225	0.15213	0.60199	0.05634	0.02334	0.00999	0.00309	0.00445	0.02112	0.00760	0.00662
81	0.01644	0.01409	0.01644	0.01175	0.01879	0.01057	0.00940	0.01997	0.01644	0.02584	0.01409	0.01644	0.01175	0.00587	0.00587	0.00117	0.00587	0.00470	0.00470	0.76979
82	0.77733	0.01534	0.01166	0.01043	0.01534	0.01779	0.00859	0.02331	0.01350	0.03558	0.01104	0.01288	0.00859	0.00736	0.00491	0.00245	0.00613	0.00429	0.00491	0.00859
83	0.01735	0.01735	0.02429	0.02082	0.02082	0.02429	0.01735	0.01908	0.01214	0.01908	0.01041	0.01735	0.01041	0.01388	0.02602	0.00347	0.70680	0.00694	0.00347	0.00867
84	0.01857	0.38641	0.35823	0.01805	0.02728	0.02495	0.02137	0.02442	0.01642	0.02186	0.01261	0.01471	0.01011	0.00716	0.00630	0.00210	0.01009	0.00504	0.00337	0.01094
85	0.03014	0.02221	0.02380	0.01825	0.02459	0.02459	0.01507	0.64541	0.03728	0.04998	0.01904	0.01904	0.01349	0.00952	0.00793	0.00238	0.00873	0.00714	0.00793	0.01349
86	0.00966	0.00690	0.00920	0.01104	0.01150	0.00644	0.00736	0.01104	0.01518	0.02024	0.04371	0.71614	0.05245	0.02484	0.01012	0.00322	0.00460	0.02254	0.00736	0.00644
87	0.01498	0.01409	0.02378	0.70226	0.05462	0.01762	0.02202	0.02026	0.01586	0.02026	0.01409	0.02114	0.01057	0.00793	0.00793	0.00264	0.01057	0.00705	0.00352	0.00881
88	0.02004	0.01570	0.01793	0.01382	0.01963	0.01484	0.01106	0.15747	0.09347	0.05591	0.05800	0.02262	0.01816	0.03051	0.00859	0.00201	0.02938	0.00670	0.00618	0.39798
89	0.01837	0.02084	0.04536	0.03257	0.04031	0.01954	0.61892	0.02486	0.01858	0.02521	0.01709	0.04776	0.01357	0.00737	0.00939	0.00269	0.01304	0.00986	0.00414	0.01053
90	0.01104	0.00822	0.01138	0.01149	0.01277	0.00900	0.00855	0.01326	0.01331	0.01840	0.02980	0.08184	0.09570	0.15323	0.47324	0.01026	0.01623	0.01075	0.00487	0.00665
91	0.01009	0.00743	0.00944	0.01027	0.01149	0.00679	0.00720	0.01227	0.01779	0.02388	0.23596	0.42356	0.15156	0.02155	0.00978	0.00292	0.00426	0.01922	0.00777	0.00679
92	0.01590	0.04102	0.68023	0.02260	0.03432	0.01842	0.02930	0.02511	0.01674	0.02511	0.01423	0.01674	0.01005	0.00753	0.00753	0.00251	0.01172	0.00586	0.00335	0.01172
93	0.01938	0.01859	0.03174	0.08307	0.63936	0.01878	0.02421	0.02412	0.01794	0.02561	0.01487	0.01971	0.01246	0.00711	0.00785	0.00237	0.00948	0.00706	0.00390	0.01236
94	0.01139	0.00773	0.00914	0.00925	0.00944	0.00786	0.00553	0.01180	0.01189	0.01602	0.02573	0.09079	0.02929	0.60416	0.11106	0.00798	0.00901	0.01188	0.00490	0.00516
95	0.01963	0.01884	0.03219	0.04867	0.67185	0.01884	0.02434	0.02434	0.01806	0.02591	0.01492	0.01963	0.01256	0.00707	0.00785	0.00236	0.00942	0.00707	0.00393	0.01256
96	0.02834	0.09904	0.02385	0.01657	0.02252	0.02208	0.01382	0.40972	0.06936	0.14422	0.02214	0.05517	0.01670	0.01010	0.00774	0.00238	0.00803	0.00783	0.00770	0.01270
97	0.02953	0.01548	0.01889	0.01501	0.02047	0.01532	0.01232	0.22033	0.05036	0.35879	0.09919	0.03123	0.02533	0.01105	0.00826	0.00250	0.00702	0.03750	0.00893	0.01249
98	0.03558	0.01350	0.01840	0.01411	0.02024	0.01166	0.01166	0.03865	0.02270	0.67734	0.03128	0.02699	0.01963	0.00981	0.00797	0.00245	0.00675	0.00797	0.00981	0.01350
99	0.01520	0.01454	0.02519	0.66139	0.05381	0.01777	0.05997	0.02057	0.01603	0.02057	0.01421	0.02116	0.01066	0.00785	0.00802	0.00264	0.01074	0.00719	0.00355	0.00892
100	0.05832	0.01360	0.01798	0.01393	0.01981	0.01213	0.01147	0.05993	0.02294	0.59880	0.06345	0.02791	0.02192	0.01006	0.00794	0.00245	0.00665	0.00816	0.00953	0.01302
101	0.00940	0.00791	0.00816	0.00836	0.01080	0.00667	0.00617	0.01134	0.01776	0.02130	0.07640	0.14492	0.60256	0.02059	0.00945	0.00274	0.00408	0.01736	0.00736	0.00667
102	0.01122	0.00811	0.01060	0.00998	0.01185	0.00748	0.00748	0.01496	0.02245	0.03180	0.66766	0.05923	0.07482	0.01621	0.00935	0.00249	0.00374	0.01434	0.00873	0.00748
103	0.01153	0.00769	0.00865	0.00865	0.00865	0.00769	0.00480	0.01153	0.01153	0.01538	0.02499	0.05189	0.02883	0.72131	0.04036	0.00769	0.00769	0.01153	0.00480	0.00480
104	0.01122	0.00811	0.01060	0.00998	0.01185	0.00748	0.00748	0.01496	0.02245	0.03180	0.66766	0.05923	0.07482	0.01621	0.00935	0.00249	0.00374	0.01434	0.00873	0.00748
105	0.01122	0.00811	0.01060	0.00998	0.01185	0.00748	0.00748	0.01496	0.02245	0.03180	0.66766	0.05923	0.07482	0.01621	0.00935	0.00249	0.00374	0.01434	0.00873	0.00748
106	0.02120	0.72609	0.04155	0.01357	0.02035	0.03138	0.01357	0.02374	0.01611	0.01866	0.01102	0.01272	0.01018	0.00678	0.00509	0.00170	0.00848	0.00424	0.00339	0.01018
107	0.03014	0.02221	0.02380	0.01825	0.02459	0.02459	0.01507	0.64541	0.03728	0.04998	0.01904	0.01904	0.01349	0.00952	0.00793	0.00238	0.00873	0.00714	0.00793	0.01349
108	0.03497	0.01447	0.01901	0.01457	0.02073	0.01310	0.01204	0.10644	0.02433	0.60725	0.02992	0.02610	0.01894	0.00978	0.00797	0.00245	0.00697	0.00788	0.00960	0.01349
109	0.00970	0.00804	0.00853	0.00871	0.01117	0.00687	0.00660	0.01186	0.01815	0.02205	0.10682	0.11197	0.56431	0.02026	0.00951	0.00276	0.00424	0.05427	0.00743	0.00676
110	0.01153	0.00769	0.00865	0.00865	0.00865	0.00769	0.00480	0.01153	0.01153	0.01538	0.02499	0.05189	0.02883	0.72131	0.04036	0.00769	0.00769	0.01153	0.00480	0.00480
111	0.01872	0.02139	0.04679	0.03342	0.04144	0.02005	0.64305	0.02540	0.01872	0.02540	0.01604	0.02139	0.01203	0.00668	0.00936	0.00267	0.01337	0.00936	0.00401	0.01070
112	0.01963	0.01884	0.03219	0.04867	0.67185	0.01884	0.02434	0.02434	0.01806	0.02591	0.01492	0.01963	0.01256	0.00707	0.00785	0.00236	0.00942	0.00707	0.00393	0.01256
113	0.01617	0.07570	0.64790	0.02214	0.03361	0.01907	0.02850	0.02504	0.01671	0.02479	0.01407	0.01654	0.01005	0.00750	0.00741	0.00247	0.01156	0.00578	0.00335	0.01164
114	0.01122	0.00811	0.01060	0.00998	0.01185	0.00748	0.00748	0.01496	0.02245	0.03180	0.66766	0.05923	0.07482	0.01621	0.00935	0.00249	0.00374	0.01434	0.00873	0.00748
115	0.01575	0.01488	0.02518	0.59373	0.15710	0.01782	0.02241	0.02094	0.01622	0.02120	0.01423	0.02089	0.01090	0.00778	0.00792	0.00259	0.01038	0.00705	0.00359	0.00943
116	0.02120	0.72609	0.04155	0.01357	0.02035	0.03138	0.01357	0.02374	0.01611	0.01866	0.01102	0.01272	0.01018	0.00678	0.00509	0.00170	0.00848	0.00424	0.00339	0.01018
117	0.01247	0.00838	0.01100	0.01019	0.01228	0.00770	0.00770	0.01618	0.02246	0.06496	0.63497	0.05758	0.07199	0.01588	0.00928	0.00249	0.00390	0.01401	0.00879	0.00779
118	0.03558	0.01350	0.01840	0.01411	0.02024	0.01166	0.01166	0.03865	0.02270	0.67734	0.03128	0.02699	0.01963	0.00981	0.00797	0.00245	0.00675	0.00797	0.00981	0.01350
119	0.01590	0.04102	0.68023	0.02260	0.03432	0.01842	0.02930	0.02511	0.01674	0.02511	0.01423	0.01674	0.01005	0.00753	0.00753	0.00251	0.01172	0.00586	0.00335	0.01172
120	0.01125	0.00757	0.00873	0.00901	0.00908	0.00750	0.00519	0.01146	0.01208	0.01611	0.02780	0.15173	0.03238	0.61664	0.03582	0.00702	0.00722	0.01319	0.00519	0.00505
121	0.00966	0.00690	0.00920	0.01104	0.01150	0.00644	0.00736	0.01104	0.01518	0.02024	0.04371	0.71614	0.05245	0.02484	0.01012	0.00322	0.00460	0.02254	0.00736	0.00644
122	0.01133	0.00850	0.01274	0.01274	0.01416	0.00991	0.00991	0.01416	0.01274	0.01841	0.02124	0.03115	0.01982	0.05947	0.68989	0.01274	0.02124	0.00850	0.00425	0.00708
123	0.02098	0.04155	0.01827	0.01463	0.01869	0.01688	0.01188	0.32010	0.02794	0.03769	0.19299	0.04160	0.03511	0.07006	0.01122	0.00298	0.00713	0.09242	0.00764	0.01025
124	0.00963	0.00703	0.00907	0.01071	0.01141	0.00647	0.00721	0.01108	0.01551	0.02037	0.04780	0.64465	0.12129	0.02431	0.01004	0.00316	0.00454	0.02189	0.00736	0.00647
125	0.00966	0.00690	0.00920	0.01104	0.01150	0.00644	0.00736	0.01104	0.01518	0.02024	0.04371	0.71614	0.05245	0.02484	0.01012	0.00322	0.00460	0.02254	0.00736	0.00644
126	0.01972	0.01703	0.01793	0.01614	0.02062	0.01972	0.01255	0.04214	0.65752	0.03317	0.03228	0.02959	0.02421	0.01076	0.00807	0.00269	0.00628	0.00897	0.00807	0.01255
127	0.02120	0.72609	0.04155	0.01357	0.02035	0.03138	0.01357	0.02374	0.01611	0.01866	0.01102	0.01272	0.01018	0.00678	0.00509	0.00170	0.00848	0.00424	0.00339	0.01018
128	0.06584	0.02032	0.02027	0.01644	0.02198	0.08522	0.01324	0.30226	0.15547	0.12690	0.02437	0.02348	0.04004	0.00982	0.00771	0.00239	0.00809	0.00754	0.00754	0.04106
129	0.01202	0.00832	0.01063	0.00993	0.01207	0.00757	0.00749	0.01554	0.02197	0.05724	0.57582	0.05981	0.13889	0.01638	0.00930	0.00251	0.00390	0.01435	0.00862	0.00764
130	0.01047	0.00798	0.00963	0.00943	0.01144	0.00713	0.00699	0.01343	0.02036	0.02734	0.41793	0.12268	0.26986	0.01826	0.00943	0.00262	0.00391	0.01586	0.00816	0.00713
131	0.02306	0.01428	0.01649	0.01371	0.01803	0.01489	0.01096	0.19848	0.11674	0.16549	0.15504	0.03217	0.02981	0.01289	0.03283	0.00277	0.00672	0.00910	0.11549	0.01105
132	0.01715	0.01632	0.02772	0.39618	0.34367	0.01819	0.02311	0.02217	0.01689	0.02290	0.01448	0.02043	0.01150	0.00752	0.00789	0.00251	0.01003	0.00706	0.00371	0.01057
133	0.02885	0.03666	0.02192	0.01996	0.02399	0.66358	0.01497	0.03090	0.02231	0.01948	0.01484	0.01665	0.03519	0.00862	0.00723	0.00207	0.01391	0.00555	0.00421	0.00910
134	0.03190	0.01321	0.01757	0.01384	0.01941	0.01183	0.01130	0.03649	0.07035	0.56291	0.09647	0.03048	0.02562	0.01054	0.00812	0.00248	0.00640	0.00870	0.00957	0.01281
135	0.01644	0.01409	0.01644	0.01175	0.01879	0.01057	0.00940	0.01997	0.01644	0.02584	0.01409	0.01644	0.01175	0.00587	0.00587	0.00117	0.00587	0.00470	0.00470	0.76979
136	0.02459	0.01628	0.01836	0.01558	0.02059	0.01763	0.01238	0.09879	0.40751	0.20381	0.05395	0.02896	0.02381	0.01059	0.00808	0.00259	0.00654	0.00872	0.00854	0.01270
137	0.00990	0.00715	0.00932	0.01095	0.01164	0.00667	0.00750	0.01142	0.01545	0.02036	0.04559	0.60545	0.09642	0.05031	0.01125	0.00337	0.00484	0.05868	0.00726	0.00645
138	0.01005	0.00741	0.00941	0.01029	0.01148	0.00677	0.00719	0.01218	0.01763	0.02363	0.22248	0.43776	0.15106	0.02173	0.00980	0.00294	0.00427	0.01939	0.00774	0.00677
139	0.01099	0.00813	0.01028	0.00983	0.01182	0.00742	0.00743	0.01447	0.02165	0.02997	0.55845	0.06280	0.16366	0.01698	0.00941	0.00256	0.00390	0.03440	0.00848	0.00736
140	0.03407	0.01340	0.01799	0.01394	0.01989	0.01173	0.01147	0.03773	0.04322	0.63146	0.03318	0.02895	0.04439	0.01023	0.00803	0.00247	0.00663	0.00834	0.00966	0.01321
141	0.01478	0.00739	0.00739	0.00739	0.00924	0.00739	0.00554	0.01848	0.01663	0.02956	0.02587	0.02956	0.02033	0.00924	0.00554	0.00185	0.00370	0.00739	0.76534	0.00739
142	0.02962	0.03779	0.02247	0.02043	0.02451	0.68948	0.01532	0.03166	0.02247	0.01941	0.01226	0.01430	0.01021	0.00817	0.00715	0.00204	0.01430	0.00511	0.00409	0.00919
143	0.01963	0.01884	0.03219	0.04867	0.67185	0.01884	0.02434	0.02434	0.01806	0.02591	0.01492	0.01963	0.01256	0.00707	0.00785	0.00236	0.00942	0.00707	0.00393	0.01256
144	0.01872	0.02139	0.04679	0.03342	0.04144	0.02005	0.64305	0.02540	0.01872	0.02540	0.01604	0.02139	0.01203	0.00668	0.00936	0.00267	0.01337	0.00936	0.00401	0.01070
145	0.06344	0.68638	0.03988	0.01339	0.02007	0.03062	0.01329	0.02372	0.01597	0.01960	0.01103	0.01273	0.01009	0.00682	0.00508	0.00174	0.00835	0.00424	0.00348	0.01009
146	0.01129	0.00839	0.00924	0.00896	0.01166	0.00720	0.00685	0.01372	0.01910	0.05995	0.17775	0.07110	0.50600	0.01891	0.00935	0.00267	0.00425	0.03867	0.00773	0.00723
147	0.02100	0.01652	0.01784	0.01583	0.02033	0.01867	0.01235	0.07700	0.53557	0.08236	0.03203	0.06710	0.02478	0.01140	0.00817	0.00268	0.00637	0.00954	0.00815	0.01234
148	0.01298	0.00940	0.01298	0.01444	0.01656	0.00921	0.01259	0.01663	0.01815	0.02385	0.04043	0.08537	0.04374	0.02101	0.01067	0.00351	0.00722	0.58419	0.00716	0.04990
149	0.03527	0.01398	0.01870	0.01434	0.02049	0.01238	0.01185	0.07254	0.02351	0.64229	0.03060	0.02655	0.01929	0.00980	0.00797	0.00245	0.00686	0.00793	0.00971	0.01349
150	0.02052	0.01854	0.03142	0.04674	0.63545	0.01844	0.02363	0.02514	0.01832	0.06230	0.01583	0.02004	0.01296	0.00722	0.00786	0.00236	0.00927	0.00712	0.00425	0.01261
151	0.03014	0.02221	0.02380	0.01825	0.02459	0.02459	0.01507	0.64541	0.03728	0.04998	0.01904	0.01904	0.01349	0.00952	0.00793	0.00238	0.00873	0.00714	0.00793	0.01349

[dist]
# distance from previous block
# <min> <max>
0	2

[block]
# block no. 2 follows, 24 sequences, length 30
# corresponding to MSA columns:
# 283-312
name=unknown_C
#
# <colnr> <probs for GDERKNQSTAVLIFYWHMCP>
#	G	D	E	R	K	N	Q	S	T	A	V	L	I	F	Y	W	H	M	C	P
0	0.01319	0.00954	0.01172	0.01228	0.01376	0.00957	0.00869	0.12043	0.01899	0.02537	0.03945	0.59593	0.04573	0.02220	0.00974	0.00308	0.00531	0.01989	0.00746	0.00766
1	0.00942	0.00784	0.00823	0.00855	0.01085	0.00665	0.00626	0.01132	0.01758	0.02122	0.07402	0.18665	0.56237	0.02090	0.00950	0.00277	0.00412	0.01774	0.00736	0.00665
2	0.02811	0.02662	0.04703	0.06768	0.04491	0.02417	0.50914	0.03068	0.02411	0.03358	0.02577	0.03475	0.02161	0.01376	0.01322	0.00449	0.01546	0.01194	0.00754	0.01545
3	0.01827	0.01998	0.04069	0.02920	0.03674	0.01858	0.50966	0.02422	0.01807	0.02523	0.01549	0.02038	0.01192	0.00682	0.00940	0.00245	0.03880	0.00846	0.00411	0.14152
4	0.01716	0.01889	0.04031	0.02956	0.03628	0.01771	0.53343	0.02292	0.01811	0.02451	0.02081	0.14119	0.01900	0.00982	0.00949	0.00277	0.01186	0.01163	0.00459	0.00996
5	0.01319	0.00954	0.01172	0.01228	0.01376	0.00957	0.00869	0.12043	0.01899	0.02537	0.03945	0.59593	0.04573	0.02220	0.00974	0.00308	0.00531	0.01989	0.00746	0.00766
6	0.01656	0.03688	0.56602	0.02149	0.03196	0.01864	0.02641	0.02805	0.12724	0.02650	0.01734	0.01896	0.01249	0.00809	0.00763	0.00254	0.01078	0.00640	0.00416	0.01186
7	0.01947	0.01928	0.03471	0.04604	0.56314	0.01905	0.13103	0.02452	0.01817	0.02582	0.01511	0.01993	0.01247	0.00700	0.00811	0.00241	0.01010	0.00746	0.00394	0.01224
8	0.01655	0.03719	0.56848	0.02710	0.14426	0.01849	0.02844	0.02498	0.01697	0.02525	0.01435	0.01724	0.01048	0.00745	0.00759	0.00248	0.01132	0.00607	0.00345	0.01186
9	0.01096	0.00841	0.01215	0.13067	0.01954	0.00869	0.01055	0.01329	0.01567	0.02067	0.03839	0.52014	0.04440	0.02157	0.00984	0.00317	0.00596	0.09229	0.00669	0.00695
10	0.02897	0.03643	0.02217	0.02015	0.02426	0.64561	0.01514	0.03235	0.06407	0.02031	0.01357	0.01530	0.01113	0.00834	0.00721	0.00209	0.01377	0.00536	0.00435	0.00941
11	0.01972	0.01703	0.01793	0.01614	0.02062	0.01972	0.01255	0.04214	0.65752	0.03317	0.03228	0.02959	0.02421	0.01076	0.00807	0.00269	0.00628	0.00897	0.00807	0.01255
12	0.00966	0.00690	0.00920	0.01104	0.01150	0.00644	0.00736	0.01104	0.01518	0.02024	0.04371	0.71614	0.05245	0.02484	0.01012	0.00322	0.00460	0.02254	0.00736	0.00644
13	0.01498	0.01409	0.02378	0.70226	0.05462	0.01762	0.02202	0.02026	0.01586	0.02026	0.01409	0.02114	0.01057	0.00793	0.00793	0.00264	0.01057	0.00705	0.00352	0.00881
14	0.01118	0.00806	0.01060	0.01030	0.01206	0.00749	0.00775	0.01473	0.02166	0.03047	0.58588	0.11250	0.07154	0.01719	0.00950	0.00261	0.00399	0.04654	0.00855	0.00739
15	0.01972	0.01703	0.01793	0.01614	0.02062	0.01972	0.01255	0.04214	0.65752	0.03317	0.03228	0.02959	0.02421	0.01076	0.00807	0.00269	0.00628	0.00897	0.00807	0.01255
16	0.01497	0.01381	0.02308	0.67260	0.05268	0.01718	0.02132	0.02018	0.01589	0.02066	0.01460	0.02150	0.01099	0.00798	0.00783	0.00261	0.01028	0.00706	0.03604	0.00875
17	0.03014	0.02221	0.02380	0.01825	0.02459	0.02459	0.01507	0.64541	0.03728	0.04998	0.01904	0.01904	0.01349	0.00952	0.00793	0.00238	0.00873	0.00714	0.00793	0.01349
18	0.03558	0.01350	0.01840	0.01411	0.02024	0.01166	0.01166	0.03865	0.02270	0.67734	0.03128	0.02699	0.01963	0.00981	0.00797	0.00245	0.00675	0.00797	0.00981	0.01350
19	0.03063	0.01362	0.01761	0.01408	0.01955	0.01267	0.01143	0.03710	0.13215	0.50760	0.08928	0.03037	0.02543	0.01056	0.00812	0.00250	0.00639	0.00872	0.00942	0.01279
20	0.00966	0.00690	0.00920	0.01104	0.01150	0.00644	0.00736	0.01104	0.01518	0.02024	0.04371	0.71614	0.05245	0.02484	0.01012	0.00322	0.00460	0.02254	0.00736	0.00644
21	0.06875	0.02033	0.02142	0.01720	0.02292	0.02280	0.01398	0.43569	0.21594	0.04430	0.02243	0.02176	0.01632	0.00976	0.00780	0.00247	0.00787	0.00751	0.00780	0.01294
22	0.03061	0.02024	0.02243	0.01733	0.02353	0.02182	0.01427	0.49455	0.06903	0.17026	0.02214	0.02116	0.01527	0.00965	0.00795	0.00241	0.00821	0.00740	0.00830	0.01344
23	0.01872	0.02139	0.04679	0.03342	0.04144	0.02005	0.64305	0.02540	0.01872	0.02540	0.01604	0.02139	0.01203	0.00668	0.00936	0.00267	0.01337	0.00936	0.00401	0.01070
24	0.02120	0.72609	0.04155	0.01357	0.02035	0.03138	0.01357	0.02374	0.01611	0.01866	0.01102	0.01272	0.01018	0.00678	0.00509	0.00170	0.00848	0.00424	0.00339	0.01018
25	0.77733	0.01534	0.01166	0.01043	0.01534	0.01779	0.00859	0.02331	0.01350	0.03558	0.01104	0.01288	0.00859	0.00736	0.00491	0.00245	0.00613	0.00429	0.00491	0.00859
26	0.03057	0.02153	0.02337	0.01792	0.02425	0.02357	0.01480	0.59766	0.03614	0.09934	0.02000	0.01966	0.01397	0.00954	0.00794	0.00239	0.00857	0.00721	0.00808	0.01349
27	0.03899	0.04728	0.01378	0.01103	0.01414	0.01036	0.00865	0.04766	0.02188	0.10802	0.43148	0.06945	0.09337	0.01454	0.00868	0.00243	0.00476	0.01250	0.00817	0.03282
28	0.72739	0.01525	0.01245	0.05574	0.01791	0.01778	0.00947	0.02311	0.01365	0.03458	0.01124	0.01342	0.00872	0.00740	0.00511	0.00247	0.00642	0.00447	0.00482	0.00860
29	0.59662	0.01613	0.01391	0.01192	0.01707	0.01830	0.00979	0.10075	0.05065	0.08094	0.01450	0.01546	0.01075	0.00797	0.00565	0.00246	0.00650	0.00513	0.00577	0.00972

[dist]
# distance from previous block
# <min> <max>
0	1

[block]
# block no. 3 follows, 24 sequences, length 30
# corresponding to MSA columns:
# 314-343
name=unknown_D
#
# <colnr> <probs for GDERKNQSTAVLIFYWHMCP>
#	G	D	E	R	K	N	Q	S	T	A	V	L	I	F	Y	W	H	M	C	P
0	0.02895	0.02008	0.02198	0.01730	0.02327	0.02194	0.01414	0.45182	0.14997	0.13172	0.02314	0.02206	0.01630	0.00979	0.00796	0.00245	0.00801	0.00759	0.00821	0.01331
1	0.01189	0.00878	0.01125	0.01090	0.01287	0.00847	0.00831	0.01686	0.06852	0.03050	0.52844	0.09962	0.06719	0.01683	0.00944	0.00265	0.00429	0.06694	0.00847	0.00778
2	0.01363	0.01154	0.01601	0.01447	0.01609	0.01372	0.01144	0.01601	0.01295	0.01927	0.01771	0.02729	0.01700	0.09611	0.36820	0.00833	0.20469	0.00785	0.00414	0.10354
3	0.00966	0.00690	0.00920	0.01104	0.01150	0.00644	0.00736	0.01104	0.01518	0.02024	0.04371	0.71614	0.05245	0.02484	0.01012	0.00322	0.00460	0.02254	0.00736	0.00644
4	0.77733	0.01534	0.01166	0.01043	0.01534	0.01779	0.00859	0.02331	0.01350	0.03558	0.01104	0.01288	0.00859	0.00736	0.00491	0.00245	0.00613	0.00429	0.00491	0.00859
5	0.01918	0.01838	0.03137	0.11204	0.61201	0.01872	0.02411	0.02394	0.01784	0.02536	0.01484	0.01977	0.01237	0.00715	0.00786	0.00238	0.00953	0.00706	0.00389	0.01220
6	0.01922	0.01843	0.03146	0.10527	0.61840	0.01874	0.02414	0.02398	0.01787	0.02542	0.01484	0.01976	0.01239	0.00714	0.00786	0.00238	0.00952	0.00706	0.00389	0.01224
7	0.72967	0.01522	0.01209	0.01066	0.01565	0.01740	0.00878	0.02430	0.01409	0.07682	0.01234	0.01379	0.00930	0.00752	0.00510	0.00245	0.00617	0.00453	0.00522	0.00890
8	0.01919	0.01840	0.03140	0.10963	0.61428	0.01873	0.02412	0.02396	0.01785	0.02538	0.01484	0.01977	0.01238	0.00715	0.00786	0.00238	0.00953	0.00706	0.00389	0.01221
9	0.02087	0.68368	0.08109	0.01413	0.02122	0.03057	0.01454	0.02383	0.01615	0.01906	0.01122	0.01297	0.01017	0.00683	0.00524	0.00175	0.00868	0.00434	0.00339	0.01027
10	0.01153	0.00769	0.00865	0.00865	0.00865	0.00769	0.00480	0.01153	0.01153	0.01538	0.02499	0.05189	0.02883	0.72131	0.04036	0.00769	0.00769	0.01153	0.00480	0.00480
11	0.01664	0.13576	0.59190	0.02135	0.03239	0.02021	0.02712	0.02492	0.01665	0.02422	0.01379	0.01619	0.01006	0.00743	0.00720	0.00240	0.01127	0.00564	0.00335	0.01151
12	0.01153	0.00769	0.00865	0.00865	0.00865	0.00769	0.00480	0.01153	0.01153	0.01538	0.02499	0.05189	0.02883	0.72131	0.04036	0.00769	0.00769	0.01153	0.00480	0.00480
13	0.06779	0.02187	0.02319	0.01785	0.02413	0.02425	0.01475	0.61407	0.03609	0.04925	0.01864	0.01873	0.01324	0.00941	0.00778	0.00238	0.00860	0.00700	0.00778	0.01324
14	0.01872	0.02139	0.04679	0.03342	0.04144	0.02005	0.64305	0.02540	0.01872	0.02540	0.01604	0.02139	0.01203	0.00668	0.00936	0.00267	0.01337	0.00936	0.00401	0.01070
15	0.01005	0.00743	0.01028	0.06206	0.01468	0.00727	0.00844	0.01172	0.01523	0.02024	0.04152	0.66484	0.04936	0.02359	0.00996	0.00318	0.00504	0.02140	0.00708	0.00662
16	0.01928	0.01540	0.01882	0.01365	0.02060	0.01279	0.03849	0.09889	0.01947	0.06390	0.01572	0.01755	0.01240	0.00657	0.00640	0.00146	0.00661	0.00539	0.00534	0.60128
17	0.01410	0.01174	0.01332	0.01464	0.01675	0.07285	0.01249	0.01747	0.01864	0.02315	0.04217	0.08137	0.09061	0.02047	0.01047	0.00342	0.00770	0.51420	0.00700	0.00743
18	0.01819	0.01769	0.03055	0.21735	0.42143	0.01896	0.06895	0.02301	0.01715	0.02395	0.01449	0.02001	0.01186	0.00770	0.00915	0.00253	0.05482	0.00722	0.00380	0.01119
19	0.01130	0.00816	0.01071	0.01020	0.01207	0.00756	0.00774	0.01504	0.02224	0.03140	0.63691	0.06072	0.07339	0.01649	0.00943	0.00255	0.00392	0.04404	0.00866	0.00747
20	0.01590	0.04102	0.68023	0.02260	0.03432	0.01842	0.02930	0.02511	0.01674	0.02511	0.01423	0.01674	0.01005	0.00753	0.00753	0.00251	0.01172	0.00586	0.00335	0.01172
21	0.01153	0.00769	0.00865	0.00865	0.00865	0.00769	0.00480	0.01153	0.01153	0.01538	0.02499	0.05189	0.02883	0.72131	0.04036	0.00769	0.00769	0.01153	0.00480	0.00480
22	0.01139	0.00786	0.01019	0.01060	0.01213	0.00722	0.00771	0.01399	0.01892	0.04937	0.30825	0.32492	0.11818	0.02008	0.00969	0.00286	0.00440	0.04703	0.00802	0.00720
23	0.01590	0.04102	0.68023	0.02260	0.03432	0.01842	0.02930	0.02511	0.01674	0.02511	0.01423	0.01674	0.01005	0.00753	0.00753	0.00251	0.01172	0.00586	0.00335	0.01172
24	0.01478	0.00739	0.00739	0.00739	0.00924	0.00739	0.00554	0.01848	0.01663	0.02956	0.02587	0.02956	0.02033	0.00924	0.00554	0.00185	0.00370	0.00739	0.76534	0.00739
25	0.02908	0.02178	0.02397	0.01978	0.05926	0.02405	0.01545	0.58301	0.06602	0.04787	0.01945	0.01958	0.01395	0.00945	0.00793	0.00239	0.00865	0.00722	0.00772	0.01339
26	0.03558	0.01350	0.01840	0.01411	0.02024	0.01166	0.01166	0.03865	0.02270	0.67734	0.03128	0.02699	0.01963	0.00981	0.00797	0.00245	0.00675	0.00797	0.00981	0.01350
27	0.01417	0.01300	0.02156	0.59696	0.04805	0.01592	0.01979	0.01886	0.01575	0.02026	0.01861	0.12702	0.01695	0.01050	0.00826	0.00273	0.00966	0.00941	0.00411	0.00845
28	0.69593	0.01608	0.01298	0.01128	0.01634	0.01853	0.00929	0.09108	0.01609	0.03715	0.01191	0.01355	0.00912	0.00760	0.00524	0.00245	0.00642	0.00460	0.00524	0.00912
29	0.07684	0.02284	0.02221	0.01784	0.02333	0.10997	0.01448	0.42541	0.08089	0.06503	0.01871	0.01906	0.01366	0.00953	0.00853	0.00242	0.04299	0.00686	0.00710	0.01230

[dist]
# distance from previous block
# <min> <max>
0	4

[block]
# block no. 4 follows, 24 sequences, length 16
# corresponding to MSA columns:
# 348-363
name=unknown_E
#
# <colnr> <probs for GDERKNQSTAVLIFYWHMCP>
#	G	D	E	R	K	N	Q	S	T	A	V	L	I	F	Y	W	H	M	C	P
0	0.01875	0.29919	0.37026	0.01871	0.02779	0.05353	0.02174	0.02587	0.05384	0.02288	0.01397	0.01585	0.01092	0.00746	0.00662	0.00219	0.01029	0.00539	0.00367	0.01107
1	0.55695	0.01751	0.07417	0.01371	0.04499	0.01690	0.01161	0.02600	0.01547	0.13811	0.01477	0.01579	0.01067	0.00776	0.00576	0.00245	0.00688	0.00515	0.00552	0.00983
2	0.01932	0.39926	0.23261	0.01813	0.02630	0.02521	0.07544	0.04796	0.01761	0.02296	0.03927	0.01684	0.01304	0.00749	0.00650	0.00209	0.00972	0.00571	0.00383	0.01071
3	0.03492	0.01455	0.01905	0.01461	0.02077	0.01321	0.01207	0.11179	0.02445	0.60172	0.02981	0.02603	0.01889	0.00978	0.00797	0.00244	0.00699	0.00787	0.00959	0.01349
4	0.02064	0.65406	0.10870	0.01452	0.02182	0.03001	0.01522	0.02389	0.01618	0.01934	0.01136	0.01314	0.01016	0.00686	0.00535	0.00178	0.00882	0.00441	0.00339	0.01034
5	0.01013	0.00812	0.00916	0.00958	0.01185	0.00715	0.00741	0.01251	0.01822	0.02260	0.12135	0.13528	0.45602	0.02049	0.00971	0.00288	0.00460	0.11863	0.00747	0.00684
6	0.07648	0.08087	0.41060	0.02197	0.06296	0.01933	0.04918	0.02544	0.01669	0.07947	0.01496	0.01742	0.01099	0.00816	0.00894	0.00253	0.07259	0.00611	0.00408	0.01125
7	0.05157	0.04809	0.02123	0.08000	0.02469	0.08033	0.01392	0.19576	0.02516	0.30885	0.02370	0.02513	0.01679	0.00979	0.00781	0.00244	0.00842	0.03659	0.00765	0.01207
8	0.00966	0.00690	0.00920	0.01104	0.01150	0.00644	0.00736	0.01104	0.01518	0.02024	0.04371	0.71614	0.05245	0.02484	0.01012	0.00322	0.00460	0.02254	0.00736	0.00644
9	0.01590	0.04102	0.68023	0.02260	0.03432	0.01842	0.02930	0.02511	0.01674	0.02511	0.01423	0.01674	0.01005	0.00753	0.00753	0.00251	0.01172	0.00586	0.00335	0.01172
10	0.01959	0.01851	0.02556	0.07746	0.36921	0.07709	0.01962	0.07338	0.04687	0.02667	0.02265	0.03242	0.04789	0.01034	0.00833	0.00257	0.00918	0.09654	0.00506	0.01106
11	0.02273	0.01474	0.01586	0.01311	0.01726	0.01588	0.01053	0.29946	0.05402	0.06970	0.02322	0.02481	0.01740	0.01111	0.02939	0.00251	0.00677	0.00741	0.33347	0.01061
12	0.00966	0.00690	0.00920	0.01104	0.01150	0.00644	0.00736	0.01104	0.01518	0.02024	0.04371	0.71614	0.05245	0.02484	0.01012	0.00322	0.00460	0.02254	0.00736	0.00644
