[name]
unknown

[dist]
# distance from previous block
# <min> <max>
0	35

[block]
# block no. 0 follows, 21 sequences, length 59
# corresponding to MSA columns:
# 35-93
name=unknown_A
#
# <colnr> <probs for GDERKNQSTAVLIFYWHMCP>
#	G	D	E	R	K	N	Q	S	T	A	V	L	I	F	Y	W	H	M	C	P
0	0.01438	0.06144	0.01600	0.01559	0.01794	0.01157	0.01378	0.01821	0.01942	0.02506	0.04259	0.08989	0.04615	0.02230	0.01129	0.00376	0.00793	0.54709	0.00753	0.00807
1	0.02062	0.38769	0.17403	0.01696	0.02431	0.08186	0.01768	0.02510	0.01894	0.02355	0.08920	0.02421	0.02076	0.00948	0.00705	0.00224	0.00976	0.03129	0.00455	0.01072
2	0.31962	0.10957	0.06322	0.01413	0.01940	0.05826	0.01256	0.05207	0.04906	0.03193	0.07591	0.02826	0.04493	0.01324	0.03973	0.00315	0.00856	0.04080	0.00579	0.00982
3	0.01176	0.00912	0.01076	0.01027	0.01272	0.00834	0.00773	0.01605	0.05063	0.03025	0.41768	0.06859	0.27769	0.01860	0.00998	0.00276	0.00425	0.01603	0.00882	0.00798
4	0.01932	0.01548	0.01810	0.01304	0.02052	0.01207	0.01048	0.04915	0.01898	0.05989	0.01628	0.01833	0.01311	0.00669	0.00651	0.00139	0.00649	0.00533	0.00547	0.68337
5	0.02389	0.01093	0.01270	0.01089	0.01461	0.01045	0.00862	0.06140	0.02119	0.23009	0.02918	0.03020	0.02115	0.01013	0.00692	0.00222	0.00532	0.00811	0.47161	0.01039
6	0.01073	0.00776	0.01014	0.01142	0.01238	0.00718	0.00785	0.01281	0.01821	0.02458	0.18303	0.52059	0.09313	0.02431	0.01063	0.00325	0.00470	0.02188	0.00823	0.00718
7	0.01944	0.01754	0.02719	0.40905	0.19173	0.02022	0.02264	0.09108	0.06578	0.02776	0.01737	0.02272	0.01328	0.00870	0.00850	0.00274	0.01049	0.00773	0.00477	0.01126
8	0.01272	0.00941	0.01196	0.01120	0.01341	0.00900	0.00843	0.01822	0.06921	0.03424	0.59820	0.06121	0.07627	0.01696	0.00993	0.00269	0.00422	0.01496	0.00932	0.00843
9	0.02306	0.01805	0.02199	0.01640	0.02342	0.01669	0.05055	0.21529	0.02524	0.06162	0.01921	0.05077	0.01560	0.00874	0.00756	0.00194	0.00778	0.00724	0.00648	0.40239
10	0.01916	0.01943	0.03797	0.08646	0.05577	0.01882	0.38293	0.06213	0.02097	0.02888	0.06558	0.06184	0.02056	0.00937	0.00949	0.00275	0.01163	0.01047	0.03581	0.03995
11	0.06433	0.01319	0.01812	0.31434	0.03398	0.01559	0.01540	0.05578	0.01830	0.02832	0.01977	0.02519	0.01531	0.00942	0.00831	0.00253	0.04184	0.00751	0.28364	0.00915
12	0.06016	0.01529	0.02144	0.06422	0.02222	0.01892	0.05775	0.04265	0.01514	0.02312	0.01744	0.02900	0.01698	0.17194	0.05703	0.00491	0.29506	0.00873	0.04944	0.00856
13	0.03818	0.01448	0.01975	0.01514	0.02172	0.01251	0.01251	0.04147	0.02436	0.65373	0.03357	0.02897	0.02107	0.01053	0.00856	0.00263	0.00724	0.00856	0.01053	0.01448
14	0.02009	0.02296	0.05022	0.03587	0.04448	0.02152	0.61693	0.02726	0.02009	0.02726	0.01722	0.02296	0.01291	0.00717	0.01004	0.00287	0.01435	0.01004	0.00430	0.01148
15	0.01759	0.01833	0.06988	0.02728	0.10983	0.01643	0.22513	0.06578	0.02006	0.02739	0.02727	0.19541	0.02732	0.01642	0.04038	0.00353	0.01079	0.06500	0.00578	0.01040
16	0.01218	0.00867	0.01156	0.01189	0.01303	0.00924	0.00864	0.01430	0.01451	0.02021	0.03178	0.11330	0.06684	0.22030	0.32423	0.00940	0.01421	0.04888	0.03994	0.00689
17	0.01639	0.01545	0.02610	0.64061	0.09600	0.01899	0.02379	0.02202	0.01717	0.02213	0.01518	0.02259	0.01148	0.00845	0.00850	0.00282	0.01127	0.00756	0.00381	0.00971
18	0.01879	0.06069	0.10720	0.24150	0.28626	0.02015	0.02404	0.02561	0.05543	0.02571	0.01772	0.02450	0.01454	0.00882	0.00839	0.00268	0.01045	0.03142	0.00439	0.01171
19	0.01763	0.01509	0.01811	0.05449	0.02020	0.06151	0.01328	0.07595	0.01754	0.02480	0.02065	0.06061	0.01915	0.06066	0.22025	0.00654	0.17722	0.00898	0.09851	0.00883
20	0.01037	0.00741	0.00987	0.01185	0.01234	0.00691	0.00790	0.01185	0.01629	0.02172	0.04690	0.69537	0.05629	0.02666	0.01086	0.00346	0.00494	0.02419	0.00790	0.00691
21	0.01754	0.02606	0.21123	0.02842	0.03670	0.01846	0.34746	0.02446	0.01883	0.02620	0.02190	0.13995	0.01996	0.01086	0.00964	0.00292	0.01220	0.01149	0.00474	0.01098
22	0.02887	0.02396	0.12847	0.05716	0.02810	0.02108	0.01779	0.33778	0.03035	0.16339	0.02222	0.02385	0.01592	0.04933	0.01044	0.00294	0.00953	0.00787	0.00763	0.01334
23	0.01982	0.02164	0.05763	0.12562	0.15799	0.08148	0.20467	0.04133	0.02007	0.02650	0.06414	0.06324	0.01999	0.01002	0.01016	0.00278	0.04754	0.00962	0.00486	0.01092
24	0.62764	0.06490	0.01667	0.01415	0.04874	0.02059	0.01100	0.02483	0.01484	0.03533	0.01201	0.01446	0.00967	0.00826	0.00681	0.00264	0.04799	0.00492	0.00501	0.00955
25	0.02014	0.01031	0.01338	0.01189	0.01485	0.00944	0.00898	0.02311	0.02126	0.21591	0.27085	0.07627	0.04851	0.13833	0.01547	0.00371	0.00593	0.03650	0.04576	0.00939
26	0.01037	0.00741	0.00987	0.01185	0.01234	0.00691	0.00790	0.01185	0.01629	0.02172	0.04690	0.69537	0.05629	0.02666	0.01086	0.00346	0.00494	0.02419	0.00790	0.00691
27	0.02411	0.60587	0.04151	0.01567	0.02251	0.12897	0.01484	0.02676	0.01832	0.02014	0.01203	0.01391	0.01093	0.00750	0.00579	0.00188	0.01004	0.00469	0.00375	0.01076
28	0.01543	0.01391	0.02188	0.21429	0.03242	0.01412	0.09249	0.02071	0.05454	0.02448	0.02655	0.23327	0.02678	0.01377	0.00902	0.00273	0.00845	0.01273	0.00569	0.15675
29	0.02437	0.02187	0.02955	0.23710	0.10010	0.07263	0.09847	0.24609	0.02675	0.03485	0.01731	0.02115	0.01289	0.00890	0.00864	0.00266	0.01119	0.00777	0.00570	0.01201
30	0.01151	0.00818	0.01084	0.01159	0.01230	0.00838	0.00790	0.01313	0.01483	0.02029	0.06217	0.30207	0.04052	0.22550	0.20319	0.00762	0.01081	0.01627	0.00627	0.00666
31	0.05399	0.01442	0.01747	0.19145	0.02759	0.01622	0.01352	0.17779	0.02328	0.03509	0.02173	0.02553	0.01651	0.00953	0.00728	0.00239	0.00748	0.00761	0.32101	0.01011
32	0.01339	0.00861	0.01118	0.01197	0.01366	0.00789	0.00873	0.01569	0.01877	0.08076	0.12888	0.41425	0.13063	0.02303	0.01053	0.00325	0.00523	0.07738	0.00832	0.00787
33	0.01549	0.01725	0.08685	0.02183	0.02711	0.01413	0.24210	0.02065	0.01952	0.02703	0.11833	0.16486	0.07359	0.01461	0.00988	0.00296	0.00922	0.05401	0.05110	0.00949
34	0.02054	0.02175	0.08028	0.07925	0.57523	0.02013	0.02640	0.02598	0.01916	0.02746	0.01591	0.02091	0.01318	0.00766	0.00840	0.00255	0.01035	0.00749	0.00415	0.01323
35	0.02027	0.23501	0.07661	0.14269	0.03111	0.06946	0.04372	0.02391	0.01647	0.02133	0.01278	0.01774	0.01116	0.01014	0.01386	0.00276	0.23057	0.00646	0.00377	0.01019
36	0.02723	0.02018	0.02203	0.01712	0.02360	0.02114	0.01393	0.36619	0.11345	0.06824	0.02204	0.02218	0.01619	0.00956	0.00795	0.00230	0.00804	0.00741	0.03940	0.17180
37	0.02398	0.46951	0.10247	0.01673	0.02398	0.11145	0.01637	0.02890	0.06152	0.05360	0.01504	0.01634	0.01247	0.00802	0.00639	0.00207	0.01000	0.00540	0.00443	0.01131
38	0.62337	0.02141	0.10075	0.01350	0.01972	0.05155	0.01260	0.02573	0.01544	0.03579	0.01238	0.01446	0.00952	0.00797	0.00577	0.00262	0.00784	0.00488	0.00499	0.00971
39	0.02155	0.01806	0.01922	0.01715	0.02186	0.02066	0.01334	0.10366	0.52391	0.03648	0.03404	0.07977	0.02701	0.01253	0.00881	0.00289	0.00688	0.01049	0.00859	0.01309
40	0.01187	0.00869	0.01113	0.01052	0.01260	0.00795	0.00789	0.01571	0.02367	0.03312	0.59318	0.06522	0.13109	0.01777	0.01004	0.00269	0.00404	0.01562	0.00924	0.00795
41	0.01956	0.01252	0.01505	0.01435	0.01747	0.01283	0.01069	0.05483	0.19094	0.14433	0.03978	0.35514	0.03935	0.01869	0.00971	0.00310	0.00607	0.01646	0.00863	0.01050
42	0.01049	0.00750	0.00998	0.01177	0.01237	0.00699	0.00791	0.01214	0.01684	0.02259	0.08853	0.65128	0.05796	0.02601	0.01080	0.00340	0.00487	0.02358	0.00800	0.00699
43	0.01732	0.01478	0.01729	0.01257	0.01981	0.01114	0.00998	0.02099	0.01759	0.02746	0.01657	0.04834	0.01458	0.00722	0.00651	0.00136	0.00624	0.00591	0.00517	0.71915
44	0.01081	0.00851	0.00976	0.00975	0.01203	0.00746	0.00720	0.01356	0.02073	0.02686	0.28240	0.14631	0.37306	0.02065	0.01014	0.00287	0.00428	0.01776	0.00843	0.00746
45	0.01323	0.00945	0.01306	0.01313	0.01486	0.00890	0.04077	0.03937	0.01829	0.05302	0.07321	0.48455	0.10399	0.05670	0.01211	0.00350	0.00580	0.02048	0.00779	0.00781
46	0.04891	0.01571	0.01881	0.01428	0.02039	0.01425	0.01156	0.05044	0.01875	0.07686	0.04421	0.02068	0.01604	0.00851	0.00959	0.00187	0.09689	0.00620	0.00565	0.50039
47	0.03147	0.05933	0.02616	0.01914	0.02557	0.02573	0.01596	0.51016	0.03607	0.09443	0.02041	0.02060	0.01458	0.01035	0.00948	0.00259	0.04831	0.00755	0.00813	0.01398
48	0.06567	0.01250	0.01359	0.01161	0.01533	0.01277	0.00910	0.13243	0.02243	0.14483	0.02646	0.02992	0.02029	0.06107	0.00960	0.00270	0.00599	0.00813	0.38544	0.01015
49	0.01232	0.00807	0.01080	0.01218	0.01324	0.00750	0.00853	0.01427	0.01761	0.05957	0.09606	0.56755	0.05582	0.02476	0.01071	0.00337	0.00517	0.05680	0.00817	0.00750
50	0.02536	0.01780	0.02162	0.01673	0.02281	0.01761	0.04754	0.27036	0.02816	0.11301	0.06234	0.07136	0.02220	0.01078	0.00824	0.00233	0.00779	0.00897	0.04436	0.18064
51	0.06026	0.02223	0.04085	0.06088	0.03837	0.04754	0.40555	0.05124	0.01945	0.02730	0.01578	0.02131	0.01233	0.00879	0.01261	0.00296	0.12827	0.00891	0.00441	0.01096
52	0.01192	0.00990	0.01082	0.01218	0.01325	0.05304	0.00836	0.01364	0.01753	0.02240	0.07817	0.55679	0.11141	0.02445	0.01052	0.00327	0.00556	0.02184	0.00773	0.00720
53	0.02212	0.62004	0.08625	0.01569	0.02292	0.03226	0.01597	0.02530	0.01709	0.02053	0.01203	0.01424	0.01093	0.00778	0.00694	0.00199	0.04850	0.00484	0.00364	0.01094
54	0.01159	0.00860	0.01101	0.01208	0.01337	0.00813	0.00836	0.01485	0.05457	0.02437	0.11695	0.54502	0.05520	0.02362	0.01040	0.00322	0.00500	0.02130	0.00798	0.04439
55	0.06320	0.01836	0.05583	0.08522	0.02979	0.01814	0.16225	0.05943	0.09512	0.02944	0.07738	0.09029	0.02417	0.01152	0.01062	0.00280	0.07101	0.01025	0.00587	0.07933
56	0.03070	0.01899	0.02200	0.01743	0.02307	0.02031	0.01415	0.30303	0.09532	0.22999	0.02585	0.02660	0.01867	0.05894	0.01215	0.00308	0.04924	0.00846	0.00862	0.01341
57	0.01089	0.00792	0.01035	0.01182	0.01274	0.00724	0.00795	0.01247	0.01625	0.02194	0.04425	0.63209	0.05271	0.04675	0.01160	0.00347	0.00513	0.02260	0.00763	0.05419
58	0.01937	0.01809	0.03320	0.25843	0.11367	0.01920	0.21805	0.02575	0.04608	0.06493	0.01965	0.06218	0.01598	0.00953	0.00991	0.00287	0.03778	0.00950	0.00489	0.01093

[dist]
# distance from previous block
# <min> <max>
0	11

[block]
# block no. 1 follows, 21 sequences, length 8
# corresponding to MSA columns:
# 105-112
name=unknown_B
#
# <colnr> <probs for GDERKNQSTAVLIFYWHMCP>
#	G	D	E	R	K	N	Q	S	T	A	V	L	I	F	Y	W	H	M	C	P
0	0.06462	0.08685	0.01971	0.05153	0.02095	0.01790	0.01219	0.06964	0.22036	0.07555	0.14980	0.03631	0.04900	0.05076	0.03546	0.00337	0.00753	0.00996	0.00756	0.01095
1	0.05988	0.00854	0.00863	0.00848	0.01057	0.00862	0.00633	0.01941	0.01805	0.03167	0.09102	0.03508	0.02758	0.04219	0.00804	0.00238	0.00432	0.00871	0.59262	0.00789
2	0.04835	0.11740	0.31455	0.01909	0.02786	0.02069	0.02118	0.09051	0.08462	0.07459	0.01977	0.02108	0.01451	0.00891	0.00757	0.00251	0.00975	0.00682	0.07803	0.01221
3	0.01067	0.00833	0.00949	0.00982	0.01178	0.00736	0.00701	0.01288	0.01910	0.02440	0.18035	0.22033	0.35626	0.06804	0.01250	0.00334	0.00467	0.01855	0.00800	0.00715
4	0.01549	0.01057	0.01277	0.01166	0.01467	0.01012	0.00893	0.02185	0.10720	0.09288	0.39597	0.05920	0.17201	0.01669	0.00971	0.00274	0.00476	0.01440	0.00911	0.00925
5	0.01609	0.04847	0.01841	0.05182	0.01902	0.04049	0.06967	0.01649	0.01420	0.01914	0.01734	0.02623	0.01584	0.02962	0.15298	0.36207	0.01161	0.00781	0.05619	0.00652
6	0.01592	0.01232	0.01382	0.06810	0.01874	0.01256	0.01020	0.12615	0.05937	0.02999	0.05496	0.12124	0.31311	0.01710	0.00922	0.00278	0.00600	0.01431	0.08498	0.00913
7	0.01963	0.02369	0.10689	0.10186	0.19744	0.02075	0.34882	0.02640	0.01939	0.02682	0.01650	0.02193	0.01268	0.00750	0.00928	0.00276	0.01280	0.00879	0.00416	0.01190

[dist]
# distance from previous block
# <min> <max>
0	36

[block]
# block no. 2 follows, 21 sequences, length 9
# corresponding to MSA columns:
# 149-157
name=unknown_C
#
# <colnr> <probs for GDERKNQSTAVLIFYWHMCP>
#	G	D	E	R	K	N	Q	S	T	A	V	L	I	F	Y	W	H	M	C	P
0	0.01840	0.01417	0.02455	0.01969	0.02447	0.01274	0.19272	0.02217	0.01882	0.11816	0.03176	0.30374	0.03218	0.01569	0.00967	0.00287	0.00830	0.01507	0.00683	0.10800
1	0.02938	0.02152	0.02312	0.01805	0.02385	0.02369	0.01454	0.52919	0.03590	0.04811	0.02138	0.02567	0.01692	0.11292	0.01369	0.00340	0.00920	0.00836	0.00801	0.01309
2	0.02053	0.01967	0.03358	0.11946	0.58479	0.02008	0.02585	0.02565	0.01912	0.02715	0.01591	0.02124	0.01325	0.00768	0.00843	0.00256	0.01024	0.00758	0.00417	0.01305
3	0.02171	0.02217	0.03050	0.16639	0.41108	0.11615	0.02357	0.02741	0.05040	0.02600	0.01635	0.02106	0.01332	0.00814	0.00834	0.00255	0.01096	0.00737	0.00438	0.01217
4	0.08450	0.02741	0.22987	0.06934	0.19142	0.02033	0.05072	0.10673	0.04266	0.07090	0.01776	0.02042	0.01314	0.00848	0.00816	0.00265	0.01048	0.00717	0.00520	0.01269
5	0.02142	0.02026	0.03018	0.23849	0.36274	0.05855	0.02369	0.09091	0.02122	0.02840	0.01606	0.02115	0.01279	0.00823	0.00842	0.00260	0.01071	0.00746	0.00457	0.01215
6	0.25246	0.05580	0.02017	0.05843	0.11394	0.01756	0.01385	0.07546	0.02074	0.10042	0.13090	0.03064	0.02655	0.01082	0.00775	0.00265	0.00744	0.03708	0.00663	0.01069
7	0.05108	0.01898	0.03364	0.16286	0.34555	0.01942	0.14751	0.02466	0.01887	0.02671	0.02008	0.02506	0.05017	0.00851	0.00874	0.00268	0.01073	0.00858	0.00441	0.01175
8	0.02593	0.01942	0.02228	0.05742	0.05030	0.02097	0.01505	0.23992	0.24504	0.09626	0.02564	0.02510	0.01875	0.01010	0.00833	0.00256	0.00805	0.00815	0.00793	0.09280

[dist]
# distance from previous block
# <min> <max>
0	1

[block]
# block no. 3 follows, 21 sequences, length 51
# corresponding to MSA columns:
# 159-209
name=unknown_D
#
# <colnr> <probs for GDERKNQSTAVLIFYWHMCP>
#	G	D	E	R	K	N	Q	S	T	A	V	L	I	F	Y	W	H	M	C	P
0	0.22386	0.01689	0.02039	0.09180	0.02487	0.01947	0.04903	0.15038	0.02120	0.03437	0.06732	0.02483	0.01881	0.04122	0.04469	0.00355	0.09446	0.00783	0.03491	0.01013
1	0.08837	0.13361	0.17007	0.04773	0.05941	0.13071	0.05488	0.04342	0.01921	0.02587	0.01734	0.02581	0.01531	0.01025	0.00936	0.00268	0.06028	0.07038	0.00459	0.01071
2	0.02159	0.01870	0.03212	0.18740	0.41347	0.01925	0.06404	0.02675	0.01940	0.08880	0.01764	0.02234	0.01372	0.00806	0.00857	0.00263	0.01038	0.00784	0.00475	0.01255
3	0.01055	0.00762	0.01003	0.01189	0.01261	0.00710	0.00816	0.01222	0.01667	0.02202	0.04911	0.62344	0.09050	0.02617	0.01087	0.00345	0.00507	0.05764	0.00790	0.00698
4	0.01675	0.06794	0.27542	0.01915	0.06094	0.01524	0.01915	0.02270	0.01986	0.06982	0.17840	0.10224	0.07119	0.01315	0.00885	0.00271	0.00848	0.01116	0.00622	0.01064
5	0.01835	0.08703	0.27100	0.05827	0.15761	0.02016	0.11549	0.02594	0.04287	0.02679	0.04710	0.02508	0.04866	0.00904	0.00846	0.00264	0.01097	0.00817	0.00451	0.01186
6	0.02029	0.01126	0.01389	0.01224	0.01601	0.01046	0.00964	0.02561	0.08027	0.20985	0.24093	0.05403	0.16881	0.01558	0.00935	0.00274	0.00541	0.03647	0.04695	0.01022
7	0.01378	0.00853	0.01124	0.01180	0.01341	0.00779	0.00837	0.01607	0.01912	0.09360	0.18560	0.44883	0.08411	0.02253	0.01038	0.00316	0.00495	0.02017	0.00853	0.00801
8	0.01931	0.02283	0.08123	0.13809	0.07238	0.02095	0.46294	0.02632	0.01944	0.02639	0.01672	0.02254	0.01256	0.00746	0.00961	0.00284	0.01358	0.00932	0.00418	0.01131
9	0.10646	0.10908	0.28740	0.05546	0.05779	0.02222	0.04550	0.09297	0.08934	0.03112	0.01733	0.01938	0.01296	0.00856	0.00768	0.00260	0.01037	0.00669	0.00497	0.01214
10	0.01122	0.00849	0.01235	0.01307	0.01401	0.00799	0.04606	0.01289	0.01607	0.02146	0.04267	0.57769	0.05057	0.10469	0.01463	0.00398	0.00592	0.02191	0.00735	0.00699
11	0.01128	0.00817	0.01075	0.01220	0.01319	0.00780	0.00863	0.01409	0.03746	0.02442	0.13844	0.52210	0.05836	0.02446	0.01075	0.00336	0.00512	0.07391	0.00814	0.00738
12	0.01771	0.03126	0.40247	0.01966	0.02859	0.01643	0.02286	0.06181	0.02068	0.06663	0.12019	0.06949	0.06243	0.01170	0.00872	0.00273	0.00979	0.00966	0.00572	0.01145
13	0.03022	0.02503	0.02583	0.02045	0.02664	0.12647	0.05615	0.40030	0.06616	0.07336	0.02057	0.02139	0.01505	0.01225	0.03772	0.00303	0.01100	0.00769	0.00750	0.01318
14	0.05064	0.01866	0.02904	0.16072	0.17381	0.02207	0.07025	0.05598	0.01786	0.05288	0.01506	0.02070	0.01240	0.01059	0.01532	0.00305	0.24783	0.00766	0.00451	0.01097
15	0.68629	0.04584	0.01431	0.01157	0.01700	0.01932	0.00964	0.02602	0.01519	0.07415	0.01315	0.01472	0.01000	0.00803	0.00547	0.00260	0.00673	0.00484	0.00551	0.00960
16	0.01683	0.03725	0.51136	0.02480	0.07020	0.01843	0.05675	0.02558	0.01891	0.02790	0.09259	0.02400	0.01959	0.00916	0.00844	0.00269	0.01147	0.00767	0.00437	0.01202
17	0.04889	0.01975	0.09047	0.26236	0.13979	0.01891	0.06107	0.08229	0.05180	0.02894	0.05787	0.02773	0.05406	0.00981	0.00861	0.00273	0.01000	0.00867	0.00521	0.01104
18	0.01452	0.00739	0.01102	0.01113	0.01116	0.00736	0.00742	0.01113	0.01139	0.01519	0.01667	0.06516	0.01722	0.02939	0.03194	0.70845	0.00725	0.00838	0.00394	0.00388
19	0.02469	0.02082	0.02213	0.09314	0.02774	0.06295	0.01572	0.23351	0.29837	0.03871	0.02677	0.02874	0.02053	0.01111	0.00867	0.00277	0.00873	0.03425	0.00775	0.01288
20	0.01917	0.06413	0.48452	0.02698	0.09368	0.02007	0.07943	0.02770	0.01863	0.06372	0.01645	0.01917	0.01183	0.00807	0.00821	0.00266	0.01205	0.00680	0.00412	0.01262
21	0.01864	0.22670	0.48789	0.02158	0.03270	0.02360	0.02678	0.02655	0.01778	0.02504	0.01432	0.01678	0.01082	0.00786	0.00736	0.00245	0.01162	0.00581	0.00361	0.01212
22	0.01068	0.00763	0.01022	0.01210	0.01276	0.00717	0.00835	0.01244	0.01681	0.02244	0.06744	0.62774	0.05656	0.02610	0.01090	0.00346	0.00513	0.06710	0.00795	0.00702
23	0.06241	0.09810	0.09930	0.28157	0.18492	0.02123	0.05156	0.02542	0.04909	0.02548	0.01588	0.02072	0.01243	0.00816	0.00799	0.00263	0.01057	0.00714	0.00421	0.01119
24	0.11847	0.16327	0.06442	0.22898	0.08112	0.06370	0.08853	0.05147	0.01878	0.02626	0.01443	0.01875	0.01139	0.00802	0.00755	0.00252	0.01074	0.00664	0.00428	0.01066
25	0.02251	0.67772	0.07079	0.01498	0.02248	0.03308	0.01528	0.02555	0.01732	0.02032	0.01198	0.01384	0.01091	0.00732	0.00557	0.00186	0.00925	0.00462	0.00364	0.01099
26	0.01049	0.00773	0.00982	0.01121	0.01224	0.00707	0.00768	0.01233	0.01757	0.02316	0.11271	0.53317	0.15380	0.02491	0.01065	0.00328	0.00474	0.02231	0.00805	0.00707
27	0.01770	0.01531	0.01809	0.01312	0.02028	0.01212	0.01053	0.02138	0.01740	0.02735	0.01492	0.01770	0.01253	0.00675	0.00744	0.00139	0.04206	0.00517	0.00497	0.71379
28	0.06259	0.01729	0.02589	0.34301	0.04114	0.02133	0.05764	0.08762	0.01863	0.02657	0.01507	0.02122	0.01195	0.01020	0.01315	0.00299	0.17785	0.00754	0.02828	0.01003
29	0.21638	0.02100	0.02221	0.08954	0.02737	0.02371	0.01521	0.40268	0.03099	0.04621	0.01766	0.01899	0.01279	0.00944	0.00768	0.00260	0.00887	0.00687	0.00717	0.01258
30	0.01360	0.00786	0.01044	0.01044	0.01052	0.00794	0.00659	0.01186	0.01178	0.01579	0.02044	0.03925	0.02216	0.32368	0.07102	0.38949	0.00858	0.00965	0.00438	0.00454
31	0.01963	0.02313	0.07349	0.07249	0.04358	0.02158	0.51882	0.02649	0.01937	0.02649	0.01663	0.02245	0.01262	0.00778	0.01100	0.00291	0.05649	0.00957	0.00421	0.01127
32	0.01654	0.01462	0.02443	0.49289	0.08118	0.01724	0.05554	0.02197	0.01747	0.02411	0.01747	0.02417	0.01335	0.00862	0.00815	0.00267	0.01018	0.00777	0.13208	0.00953
33	0.01862	0.01862	0.02607	0.02234	0.02234	0.02607	0.01862	0.02048	0.01303	0.02048	0.01117	0.01862	0.01117	0.01489	0.02793	0.00372	0.68535	0.00745	0.00372	0.00931
34	0.73251	0.01751	0.03721	0.01169	0.01724	0.01912	0.01007	0.02509	0.01462	0.03775	0.01198	0.01398	0.00928	0.00791	0.00537	0.00264	0.00681	0.00467	0.00520	0.00935
35	0.02275	0.70604	0.04459	0.01456	0.02184	0.03367	0.01456	0.02548	0.01729	0.02002	0.01183	0.01365	0.01092	0.00728	0.00546	0.00182	0.00910	0.00455	0.00364	0.01092
36	0.01037	0.00741	0.00987	0.01185	0.01234	0.00691	0.00790	0.01185	0.01629	0.02172	0.04690	0.69537	0.05629	0.02666	0.01086	0.00346	0.00494	0.02419	0.00790	0.00691
37	0.01432	0.00919	0.01180	0.01097	0.01345	0.00831	0.00829	0.01789	0.02311	0.09385	0.48227	0.09997	0.13846	0.01775	0.00994	0.00274	0.00443	0.01553	0.00923	0.00851
38	0.01035	0.00748	0.00980	0.01166	0.01229	0.00693	0.00782	0.01187	0.01648	0.02180	0.04921	0.65936	0.09080	0.02636	0.01081	0.00342	0.00490	0.02383	0.00790	0.00693
39	0.01091	0.00772	0.00963	0.01092	0.01143	0.00731	0.00704	0.01202	0.01539	0.02033	0.04373	0.47644	0.08631	0.21625	0.01995	0.00477	0.00583	0.02047	0.00713	0.00643
40	0.56153	0.01802	0.01499	0.01299	0.01840	0.05379	0.01057	0.05837	0.05375	0.10601	0.01610	0.01697	0.01187	0.00857	0.00612	0.00262	0.00728	0.00554	0.00616	0.01035
41	0.09353	0.31863	0.28841	0.01874	0.02781	0.02518	0.04150	0.02573	0.01764	0.02543	0.03763	0.01765	0.01342	0.00805	0.00684	0.00232	0.01025	0.00587	0.00403	0.01133
42	0.33121	0.06676	0.02041	0.01691	0.04508	0.17957	0.01301	0.08956	0.03860	0.05727	0.01495	0.01652	0.01164	0.00840	0.00663	0.00238	0.00933	0.00558	0.00553	0.06066
43	0.01996	0.01108	0.01192	0.01074	0.01382	0.01137	0.00848	0.11955	0.02201	0.07692	0.02786	0.03307	0.02199	0.01072	0.00685	0.00222	0.00528	0.03861	0.53810	0.00944
44	0.06285	0.00880	0.00950	0.00941	0.00977	0.00898	0.00543	0.01323	0.01252	0.01796	0.02580	0.05287	0.02947	0.65420	0.04075	0.00787	0.00814	0.01185	0.00516	0.00543
45	0.02757	0.02075	0.02300	0.06301	0.02669	0.02320	0.01548	0.36558	0.21388	0.07121	0.04317	0.02559	0.01991	0.01072	0.00860	0.00268	0.00847	0.00850	0.00835	0.01365
46	0.01756	0.06328	0.02447	0.01948	0.02287	0.08653	0.13735	0.05479	0.01911	0.02443	0.03006	0.33757	0.03293	0.01737	0.01131	0.00306	0.06709	0.01547	0.00616	0.00910
47	0.02256	0.01974	0.09126	0.01643	0.02422	0.01514	0.04320	0.09278	0.05443	0.12370	0.01962	0.02069	0.01460	0.00789	0.00739	0.00193	0.00789	0.00648	0.00624	0.40380
48	0.01486	0.00969	0.01298	0.01208	0.01478	0.00867	0.03301	0.01780	0.02080	0.10881	0.24644	0.22260	0.20560	0.01948	0.01006	0.00293	0.00517	0.01716	0.00857	0.00852
49	0.01478	0.00739	0.01109	0.01109	0.01109	0.00739	0.00739	0.01109	0.01109	0.01478	0.01478	0.02587	0.01478	0.02956	0.03326	0.75240	0.00739	0.00739	0.00370	0.00370
50	0.02070	0.05148	0.07221	0.10987	0.34786	0.04611	0.02186	0.08346	0.02070	0.02799	0.02042	0.02595	0.04734	0.05550	0.01070	0.00294	0.01008	0.00815	0.00479	0.01191

[dist]
# distance from previous block
# <min> <max>
3	7

[block]
# block no. 4 follows, 21 sequences, length 24
# corresponding to MSA columns:
# 218-241
name=unknown_E
#
# <colnr> <probs for GDERKNQSTAVLIFYWHMCP>
#	G	D	E	R	K	N	Q	S	T	A	V	L	I	F	Y	W	H	M	C	P
0	0.05840	0.13137	0.06133	0.01864	0.02548	0.02139	0.09877	0.18068	0.02392	0.07207	0.01819	0.02022	0.01386	0.00862	0.00813	0.00228	0.03126	0.00693	0.06834	0.13013
1	0.02087	0.09820	0.22813	0.05414	0.03377	0.02010	0.18378	0.02895	0.07076	0.10100	0.02123	0.06425	0.01677	0.00952	0.00864	0.00271	0.01103	0.00887	0.00532	0.01190
2	0.01060	0.00751	0.00980	0.01155	0.01198	0.00707	0.00758	0.01191	0.01583	0.02111	0.04454	0.62003	0.05330	0.10608	0.01468	0.00402	0.00533	0.02280	0.00758	0.00671
3	0.01478	0.00739	0.01109	0.01109	0.01109	0.00739	0.00739	0.01109	0.01109	0.01478	0.01478	0.02587	0.01478	0.02956	0.03326	0.75240	0.00739	0.00739	0.00370	0.00370
4	0.06022	0.01901	0.04375	0.04815	0.02519	0.01905	0.04885	0.23033	0.11817	0.07660	0.02532	0.11382	0.02145	0.01175	0.00850	0.00262	0.00822	0.00988	0.00737	0.10174
5	0.03054	0.01712	0.02021	0.01654	0.02243	0.01765	0.01332	0.10958	0.27520	0.33146	0.03250	0.02912	0.02232	0.01091	0.00859	0.00273	0.00728	0.00889	0.00953	0.01407
6	0.01204	0.00870	0.01138	0.01071	0.01271	0.00803	0.00803	0.01606	0.02409	0.03413	0.64335	0.06357	0.08030	0.01740	0.01004	0.00268	0.00401	0.01539	0.00937	0.00803
7	0.03649	0.01486	0.01970	0.01536	0.02176	0.01337	0.01260	0.04185	0.08482	0.59227	0.03368	0.02924	0.02155	0.01063	0.00857	0.00266	0.00719	0.00866	0.01035	0.01438
8	0.01910	0.01569	0.02584	0.20041	0.19791	0.01640	0.07162	0.05069	0.01959	0.07867	0.02531	0.16218	0.02404	0.01284	0.00927	0.00291	0.00937	0.04164	0.00577	0.01076
9	0.19140	0.01861	0.10886	0.01502	0.02114	0.01525	0.01381	0.03150	0.09278	0.23910	0.13656	0.03055	0.02821	0.01095	0.00803	0.00268	0.00722	0.00870	0.00791	0.01173
10	0.01105	0.00809	0.01046	0.01219	0.01296	0.00781	0.00825	0.01395	0.05512	0.02260	0.04613	0.65355	0.05438	0.02571	0.01072	0.00342	0.00505	0.02327	0.00795	0.00733
11	0.69171	0.01631	0.01350	0.04672	0.01890	0.01881	0.01011	0.02552	0.01503	0.06283	0.01292	0.01492	0.00982	0.00804	0.00557	0.00264	0.00686	0.00493	0.00541	0.00945
12	0.10612	0.01300	0.01583	0.01317	0.01766	0.01247	0.01053	0.07733	0.02447	0.26880	0.29246	0.04147	0.04469	0.01317	0.00883	0.00265	0.00596	0.01099	0.00928	0.01112
13	0.02277	0.02333	0.09391	0.04450	0.49697	0.05913	0.02490	0.02797	0.01995	0.07993	0.01724	0.02107	0.01370	0.00795	0.00836	0.00253	0.01043	0.00741	0.00469	0.01325
14	0.01607	0.01513	0.02552	0.68047	0.05861	0.01891	0.02363	0.02174	0.01702	0.02174	0.01513	0.02269	0.01134	0.00851	0.00851	0.00284	0.01134	0.00756	0.00378	0.00945
15	0.01033	0.00755	0.00973	0.01147	0.01224	0.00694	0.00773	0.01189	0.01666	0.02187	0.05153	0.62311	0.12555	0.02606	0.01077	0.00339	0.00486	0.02346	0.00790	0.00694
16	0.03818	0.01448	0.01975	0.01514	0.02172	0.01251	0.01251	0.04147	0.02436	0.65373	0.03357	0.02897	0.02107	0.01053	0.00856	0.00263	0.00724	0.00856	0.01053	0.01448
17	0.02008	0.02029	0.03779	0.13603	0.39108	0.02041	0.19590	0.02583	0.01925	0.02679	0.01623	0.02184	0.01302	0.00760	0.00890	0.00267	0.01150	0.00829	0.00418	0.01234
18	0.01468	0.01096	0.01472	0.01752	0.09737	0.01025	0.01230	0.01799	0.01978	0.06324	0.05736	0.07639	0.28549	0.01984	0.01043	0.00323	0.00666	0.24553	0.00756	0.00871
19	0.22320	0.02017	0.02360	0.04848	0.16273	0.02218	0.01658	0.28334	0.02674	0.04128	0.01705	0.01939	0.01300	0.01103	0.03319	0.00301	0.00938	0.00688	0.00636	0.01240
20	0.01722	0.01624	0.02865	0.45741	0.12189	0.01851	0.10758	0.02289	0.01780	0.02409	0.01659	0.02330	0.01270	0.00833	0.00850	0.00273	0.01101	0.00795	0.06651	0.01009
21	0.01066	0.00864	0.00946	0.00926	0.01187	0.00744	0.00694	0.01338	0.02083	0.02638	0.25584	0.07632	0.47263	0.02029	0.01005	0.00281	0.00422	0.01718	0.00835	0.00744
22	0.03074	0.06240	0.02602	0.01898	0.02554	0.02598	0.01579	0.55353	0.03732	0.04992	0.02006	0.02072	0.01462	0.01286	0.04288	0.00309	0.01005	0.00756	0.00802	0.01391
23	0.02352	0.02208	0.03368	0.13134	0.18357	0.07536	0.18330	0.11886	0.05499	0.06137	0.01848	0.02219	0.01397	0.00846	0.00885	0.00267	0.01146	0.00824	0.00539	0.01222

[dist]
# distance from previous block
# <min> <max>
0	1

[block]
# block no. 5 follows, 21 sequences, length 10
# corresponding to MSA columns:
# 243-252
name=unknown_F
#
# <colnr> <probs for GDERKNQSTAVLIFYWHMCP>
#	G	D	E	R	K	N	Q	S	T	A	V	L	I	F	Y	W	H	M	C	P
0	0.02417	0.60164	0.04138	0.01572	0.02254	0.13299	0.01486	0.02682	0.01836	0.02015	0.01204	0.01392	0.01093	0.00751	0.00581	0.00188	0.01008	0.00470	0.00376	0.01076
1	0.62484	0.01855	0.05218	0.04802	0.02061	0.01965	0.01180	0.06804	0.01667	0.03777	0.01285	0.01502	0.00980	0.00811	0.00584	0.00264	0.00739	0.00509	0.00532	0.00981
2	0.01286	0.00889	0.01075	0.01053	0.01066	0.00946	0.00655	0.01303	0.01246	0.01692	0.02489	0.04996	0.02806	0.56882	0.09594	0.04884	0.04939	0.01153	0.00494	0.00553
3	0.01607	0.01513	0.02552	0.68047	0.05861	0.01891	0.02363	0.02174	0.01702	0.02174	0.01513	0.02269	0.01134	0.00851	0.00851	0.00284	0.01134	0.00756	0.00378	0.00945
4	0.02764	0.02149	0.02288	0.01863	0.02459	0.02419	0.01503	0.37738	0.28977	0.04603	0.02642	0.02520	0.01932	0.01078	0.00857	0.00269	0.00826	0.00849	0.00857	0.01405
5	0.01765	0.01513	0.01765	0.01260	0.02017	0.01134	0.01008	0.02143	0.01765	0.02773	0.01513	0.01765	0.01260	0.00630	0.00630	0.00126	0.00630	0.00504	0.00504	0.75295
6	0.01650	0.01338	0.05998	0.06060	0.02140	0.01117	0.05546	0.02072	0.02123	0.11029	0.24119	0.09264	0.13670	0.01642	0.00987	0.00292	0.00684	0.08548	0.00789	0.00932
7	0.01204	0.00870	0.01138	0.01071	0.01271	0.00803	0.00803	0.01606	0.02409	0.03413	0.64335	0.06357	0.08030	0.01740	0.01004	0.00268	0.00401	0.01539	0.00937	0.00803
8	0.02032	0.01745	0.01962	0.01942	0.06262	0.01982	0.01433	0.04085	0.52293	0.03394	0.03460	0.03832	0.02776	0.01264	0.00899	0.00298	0.00708	0.07523	0.00827	0.01283
9	0.01316	0.00941	0.01305	0.01482	0.01660	0.00930	0.01256	0.01677	0.01949	0.02561	0.08824	0.17097	0.05217	0.02348	0.01152	0.00377	0.00719	0.47623	0.00795	0.00773

[dist]
# distance from previous block
# <min> <max>
0	1

[block]
# block no. 6 follows, 21 sequences, length 156
# corresponding to MSA columns:
# 254-409
name=unknown_G
#
# <colnr> <probs for GDERKNQSTAVLIFYWHMCP>
#	G	D	E	R	K	N	Q	S	T	A	V	L	I	F	Y	W	H	M	C	P
0	0.01086	0.00802	0.01075	0.01230	0.01285	0.00791	0.00843	0.01250	0.01656	0.02234	0.07755	0.62805	0.05539	0.02558	0.01165	0.00343	0.03808	0.02290	0.00778	0.00709
1	0.76103	0.01646	0.01251	0.01119	0.01646	0.01909	0.00922	0.02502	0.01448	0.03818	0.01185	0.01382	0.00922	0.00790	0.00527	0.00263	0.00658	0.00461	0.00527	0.00922
2	0.02001	0.29385	0.39126	0.02047	0.03060	0.06015	0.02425	0.02678	0.01805	0.02400	0.01386	0.01619	0.01084	0.00782	0.00707	0.00234	0.01141	0.00559	0.00365	0.01180
3	0.02470	0.20690	0.03056	0.01967	0.02369	0.14285	0.01668	0.13845	0.02130	0.02674	0.01347	0.01705	0.01170	0.01088	0.01461	0.00272	0.25614	0.00636	0.00473	0.01082
4	0.03232	0.02482	0.02546	0.01972	0.02639	0.06392	0.01619	0.58514	0.03908	0.05171	0.02001	0.02013	0.01427	0.01013	0.00846	0.00253	0.00972	0.00753	0.00827	0.01420
5	0.01434	0.00832	0.01240	0.01222	0.01258	0.00903	0.00868	0.01250	0.01179	0.01623	0.01651	0.02733	0.01615	0.03701	0.18336	0.54250	0.04247	0.00780	0.00390	0.00488
6	0.01204	0.00870	0.01138	0.01071	0.01271	0.00803	0.00803	0.01606	0.02409	0.03413	0.64335	0.06357	0.08030	0.01740	0.01004	0.00268	0.00401	0.01539	0.00937	0.00803
7	0.02174	0.01904	0.02455	0.09131	0.19288	0.02121	0.01810	0.09434	0.35093	0.03395	0.02638	0.02691	0.02009	0.01006	0.00857	0.00275	0.00834	0.00869	0.00699	0.01318
8	0.01862	0.01862	0.02607	0.02234	0.02234	0.02607	0.01862	0.02048	0.01303	0.02048	0.01117	0.01862	0.01117	0.01489	0.02793	0.00372	0.68535	0.00745	0.00372	0.00931
9	0.01168	0.00868	0.01088	0.01033	0.01249	0.00788	0.00775	0.01536	0.02324	0.03211	0.54249	0.06689	0.18242	0.01815	0.01004	0.00271	0.00407	0.01586	0.00910	0.00788
10	0.02275	0.70604	0.04459	0.01456	0.02184	0.03367	0.01456	0.02548	0.01729	0.02002	0.01183	0.01365	0.01092	0.00728	0.00546	0.00182	0.00910	0.00455	0.00364	0.01092
11	0.03179	0.04056	0.02412	0.02192	0.02631	0.66676	0.01644	0.03398	0.02412	0.02083	0.01315	0.01535	0.01096	0.00877	0.00767	0.00219	0.01535	0.00548	0.00438	0.00987
12	0.47901	0.01752	0.01893	0.01989	0.11199	0.02087	0.01391	0.02413	0.01488	0.03254	0.01231	0.01601	0.01030	0.00947	0.01098	0.00287	0.16405	0.00571	0.00475	0.00987
13	0.01006	0.00862	0.00862	0.00862	0.01149	0.00718	0.00647	0.01221	0.01940	0.02299	0.08621	0.08190	0.64438	0.02155	0.01006	0.00287	0.00431	0.01796	0.00790	0.00718
14	0.02025	0.01741	0.02488	0.46390	0.04763	0.02082	0.02091	0.15849	0.08533	0.03033	0.01832	0.02311	0.01355	0.00920	0.00852	0.00278	0.01043	0.00780	0.00535	0.01099
15	0.01207	0.00903	0.01349	0.01359	0.01506	0.01045	0.01050	0.01503	0.01381	0.01985	0.02399	0.06618	0.02301	0.06199	0.63472	0.01317	0.02191	0.00986	0.00472	0.00756
16	0.01747	0.07542	0.60115	0.02428	0.03643	0.02052	0.05553	0.02689	0.01802	0.02663	0.01519	0.01797	0.01088	0.00801	0.00804	0.00266	0.01248	0.00636	0.00363	0.01245
17	0.01238	0.00825	0.00928	0.00928	0.00928	0.00825	0.00516	0.01238	0.01238	0.01650	0.02681	0.05569	0.03094	0.70092	0.04331	0.00825	0.00825	0.01238	0.00516	0.00516
18	0.02315	0.67677	0.04369	0.01489	0.02204	0.06152	0.01464	0.02586	0.01759	0.02006	0.01189	0.01373	0.01092	0.00735	0.00556	0.00184	0.00938	0.00459	0.00367	0.01087
19	0.01194	0.00869	0.01123	0.01060	0.01265	0.00799	0.00795	0.01586	0.02384	0.03354	0.61421	0.06453	0.10980	0.01762	0.01004	0.00269	0.00403	0.01552	0.00929	0.00799
20	0.02122	0.01808	0.01904	0.01698	0.02180	0.02071	0.01325	0.07709	0.56445	0.03597	0.03660	0.03381	0.05888	0.01201	0.00873	0.00287	0.00676	0.00996	0.00861	0.01319
21	0.01989	0.01902	0.03242	0.19984	0.50940	0.01991	0.02553	0.02509	0.01882	0.02638	0.01580	0.02144	0.01298	0.00780	0.00844	0.00260	0.01040	0.00758	0.00411	0.01253
22	0.01661	0.00865	0.00873	0.00846	0.01066	0.00877	0.00641	0.04697	0.01885	0.03272	0.02743	0.03122	0.02148	0.00993	0.00606	0.00201	0.00421	0.00792	0.71469	0.00823
23	0.01371	0.00980	0.01371	0.01567	0.01763	0.00980	0.01371	0.01763	0.01959	0.02547	0.04506	0.09599	0.04898	0.02351	0.01175	0.00392	0.00784	0.59056	0.00784	0.00784
24	0.01238	0.00825	0.00928	0.00928	0.00928	0.00825	0.00516	0.01238	0.01238	0.01650	0.02681	0.05569	0.03094	0.70092	0.04331	0.00825	0.00825	0.01238	0.00516	0.00516
25	0.03235	0.02384	0.02554	0.01958	0.02639	0.02639	0.01618	0.61946	0.04001	0.05363	0.02043	0.02043	0.01447	0.01022	0.00851	0.00255	0.00936	0.00766	0.00851	0.01447
26	0.03063	0.01502	0.01861	0.01463	0.02002	0.01415	0.01157	0.14083	0.02442	0.37524	0.02858	0.03191	0.02123	0.14661	0.01527	0.00364	0.00777	0.00891	0.00873	0.06224
27	0.76103	0.01646	0.01251	0.01119	0.01646	0.01909	0.00922	0.02502	0.01448	0.03818	0.01185	0.01382	0.00922	0.00790	0.00527	0.00263	0.00658	0.00461	0.00527	0.00922
28	0.03179	0.04056	0.02412	0.02192	0.02631	0.66676	0.01644	0.03398	0.02412	0.02083	0.01315	0.01535	0.01096	0.00877	0.00767	0.00219	0.01535	0.00548	0.00438	0.00987
29	0.01006	0.00862	0.00862	0.00862	0.01149	0.00718	0.00647	0.01221	0.01940	0.02299	0.08621	0.08190	0.64438	0.02155	0.01006	0.00287	0.00431	0.01796	0.00790	0.00718
30	0.02226	0.01882	0.01986	0.01754	0.02254	0.02168	0.01373	0.10110	0.57481	0.03735	0.03325	0.03065	0.02486	0.01142	0.00865	0.00285	0.00699	0.00943	0.00865	0.01357
31	0.01707	0.04402	0.65683	0.02426	0.03683	0.01976	0.03144	0.02695	0.01797	0.02695	0.01527	0.01797	0.01078	0.00809	0.00809	0.00270	0.01258	0.00629	0.00359	0.01258
32	0.02106	0.02022	0.03454	0.05223	0.64784	0.02022	0.02612	0.02612	0.01938	0.02780	0.01601	0.02106	0.01348	0.00758	0.00842	0.00253	0.01011	0.00758	0.00421	0.01348
33	0.01037	0.00741	0.00987	0.01185	0.01234	0.00691	0.00790	0.01185	0.01629	0.02172	0.04690	0.69537	0.05629	0.02666	0.01086	0.00346	0.00494	0.02419	0.00790	0.00691
34	0.01607	0.01513	0.02552	0.68047	0.05861	0.01891	0.02363	0.02174	0.01702	0.02174	0.01513	0.02269	0.01134	0.00851	0.00851	0.00284	0.01134	0.00756	0.00378	0.00945
35	0.01116	0.00866	0.01016	0.00978	0.01217	0.00766	0.00734	0.01436	0.02201	0.02920	0.39669	0.07168	0.33003	0.01924	0.01005	0.00276	0.00415	0.01653	0.00872	0.00766
36	0.03700	0.01639	0.02093	0.01604	0.02267	0.01533	0.01325	0.15909	0.02754	0.53161	0.03090	0.02723	0.01972	0.01047	0.00855	0.00262	0.00767	0.00838	0.01012	0.01448
37	0.16318	0.02069	0.04904	0.08032	0.02800	0.02123	0.04339	0.29405	0.02842	0.15916	0.02050	0.02108	0.01425	0.00947	0.00798	0.00263	0.00901	0.00732	0.00746	0.01283
38	0.01205	0.00811	0.00938	0.00970	0.00979	0.00803	0.00561	0.01229	0.01302	0.01736	0.03012	0.16090	0.03511	0.59002	0.03798	0.00746	0.00771	0.01432	0.00561	0.00545
39	0.02552	0.50310	0.03844	0.01668	0.02320	0.19500	0.01512	0.05637	0.02013	0.02185	0.01258	0.01441	0.01110	0.00780	0.00617	0.00195	0.01071	0.00494	0.00407	0.01082
40	0.01586	0.00793	0.00793	0.00793	0.00991	0.00793	0.00595	0.01983	0.01785	0.03173	0.02776	0.03173	0.02181	0.00991	0.00595	0.00198	0.00397	0.00793	0.74817	0.00793
41	0.06066	0.01836	0.02391	0.22918	0.09238	0.02066	0.01820	0.17612	0.14308	0.09854	0.02204	0.02395	0.01605	0.00961	0.00838	0.00272	0.00919	0.00794	0.00670	0.01235
42	0.68917	0.01773	0.04032	0.01208	0.01763	0.01923	0.01039	0.02620	0.04819	0.03756	0.01323	0.01497	0.01019	0.00811	0.00557	0.00265	0.00685	0.00495	0.00538	0.00959
43	0.01707	0.04402	0.65683	0.02426	0.03683	0.01976	0.03144	0.02695	0.01797	0.02695	0.01527	0.01797	0.01078	0.00809	0.00809	0.00270	0.01258	0.00629	0.00359	0.01258
44	0.02117	0.01828	0.01924	0.01732	0.02213	0.02117	0.01347	0.04522	0.63246	0.03560	0.03464	0.03175	0.02598	0.01155	0.00866	0.00289	0.00673	0.00962	0.00866	0.01347
45	0.01204	0.00870	0.01138	0.01071	0.01271	0.00803	0.00803	0.01606	0.02409	0.03413	0.64335	0.06357	0.08030	0.01740	0.01004	0.00268	0.00401	0.01539	0.00937	0.00803
46	0.01206	0.00867	0.01125	0.01062	0.01251	0.00804	0.00786	0.01584	0.02340	0.03309	0.60721	0.06311	0.07740	0.05746	0.01199	0.00300	0.00426	0.01521	0.00912	0.00786
47	0.02275	0.70604	0.04459	0.01456	0.02184	0.03367	0.01456	0.02548	0.01729	0.02002	0.01183	0.01365	0.01092	0.00728	0.00546	0.00182	0.00910	0.00455	0.00364	0.01092
48	0.01037	0.00741	0.00987	0.01185	0.01234	0.00691	0.00790	0.01185	0.01629	0.02172	0.04690	0.69537	0.05629	0.02666	0.01086	0.00346	0.00494	0.02419	0.00790	0.00691
49	0.01216	0.00912	0.01368	0.01368	0.01520	0.01064	0.01064	0.01520	0.01368	0.01976	0.02279	0.03343	0.02127	0.06382	0.66720	0.01368	0.02279	0.00912	0.00456	0.00760
50	0.03818	0.01448	0.01975	0.01514	0.02172	0.01251	0.01251	0.04147	0.02436	0.65373	0.03357	0.02897	0.02107	0.01053	0.00856	0.00263	0.00724	0.00856	0.01053	0.01448
51	0.76103	0.01646	0.01251	0.01119	0.01646	0.01909	0.00922	0.02502	0.01448	0.03818	0.01185	0.01382	0.00922	0.00790	0.00527	0.00263	0.00658	0.00461	0.00527	0.00922
52	0.01006	0.00862	0.00862	0.00862	0.01149	0.00718	0.00647	0.01221	0.01940	0.02299	0.08621	0.08190	0.64438	0.02155	0.01006	0.00287	0.00431	0.01796	0.00790	0.00718
53	0.76103	0.01646	0.01251	0.01119	0.01646	0.01909	0.00922	0.02502	0.01448	0.03818	0.01185	0.01382	0.00922	0.00790	0.00527	0.00263	0.00658	0.00461	0.00527	0.00922
54	0.01216	0.00912	0.01368	0.01368	0.01520	0.01064	0.01064	0.01520	0.01368	0.01976	0.02279	0.03343	0.02127	0.06382	0.66720	0.01368	0.02279	0.00912	0.00456	0.00760
55	0.01238	0.00825	0.00928	0.00928	0.00928	0.00825	0.00516	0.01238	0.01238	0.01650	0.02681	0.05569	0.03094	0.70092	0.04331	0.00825	0.00825	0.01238	0.00516	0.00516
56	0.02117	0.01828	0.01924	0.01732	0.02213	0.02117	0.01347	0.04522	0.63246	0.03560	0.03464	0.03175	0.02598	0.01155	0.00866	0.00289	0.00673	0.00962	0.00866	0.01347
57	0.01035	0.00749	0.00979	0.01163	0.01229	0.00693	0.00780	0.01187	0.01650	0.02181	0.04954	0.65416	0.09579	0.02632	0.01081	0.00342	0.00490	0.02377	0.00790	0.00693
58	0.01765	0.01513	0.01765	0.01260	0.02017	0.01134	0.01008	0.02143	0.01765	0.02773	0.01513	0.01765	0.01260	0.00630	0.00630	0.00126	0.00630	0.00504	0.00504	0.75295
59	0.01216	0.00912	0.01368	0.01368	0.01520	0.01064	0.01064	0.01520	0.01368	0.01976	0.02279	0.03343	0.02127	0.06382	0.66720	0.01368	0.02279	0.00912	0.00456	0.00760
60	0.01037	0.00741	0.00987	0.01185	0.01234	0.00691	0.00790	0.01185	0.01629	0.02172	0.04690	0.69537	0.05629	0.02666	0.01086	0.00346	0.00494	0.02419	0.00790	0.00691
61	0.01193	0.00861	0.01127	0.01078	0.01269	0.00795	0.00802	0.01578	0.02357	0.03329	0.60328	0.10601	0.07868	0.01802	0.01009	0.00273	0.00408	0.01598	0.00927	0.00795
62	0.01843	0.01790	0.02485	0.02137	0.02151	0.02485	0.01777	0.02044	0.01336	0.02124	0.01229	0.01950	0.01189	0.01456	0.02645	0.00361	0.63958	0.00748	0.05373	0.00922
63	0.03507	0.01592	0.02021	0.01588	0.02221	0.01510	0.01299	0.09523	0.11785	0.50493	0.03253	0.02860	0.02120	0.01066	0.00857	0.00266	0.00736	0.00864	0.01006	0.01433
64	0.42505	0.05471	0.02207	0.06058	0.20986	0.05020	0.01571	0.02561	0.01669	0.03241	0.01334	0.01655	0.01079	0.00785	0.00652	0.00255	0.00844	0.00570	0.00474	0.01063
65	0.03818	0.01448	0.01975	0.01514	0.02172	0.01251	0.01251	0.04147	0.02436	0.65373	0.03357	0.02897	0.02107	0.01053	0.00856	0.00263	0.00724	0.00856	0.01053	0.01448
66	0.06542	0.01708	0.02149	0.07709	0.02610	0.01702	0.01435	0.19066	0.02737	0.41212	0.02751	0.02551	0.01794	0.01015	0.00840	0.00263	0.00815	0.00806	0.00916	0.01379
67	0.01845	0.01838	0.02603	0.06655	0.02478	0.02559	0.01896	0.02057	0.01330	0.02057	0.01144	0.01889	0.01118	0.01447	0.02662	0.00366	0.64007	0.00746	0.00373	0.00932
68	0.01204	0.00870	0.01138	0.01071	0.01271	0.00803	0.00803	0.01606	0.02409	0.03413	0.64335	0.06357	0.08030	0.01740	0.01004	0.00268	0.00401	0.01539	0.00937	0.00803
69	0.01862	0.01862	0.02607	0.02234	0.02234	0.02607	0.01862	0.02048	0.01303	0.02048	0.01117	0.01862	0.01117	0.01489	0.02793	0.00372	0.68535	0.00745	0.00372	0.00931
70	0.03818	0.01448	0.01975	0.01514	0.02172	0.01251	0.01251	0.04147	0.02436	0.65373	0.03357	0.02897	0.02107	0.01053	0.00856	0.00263	0.00724	0.00856	0.01053	0.01448
71	0.01683	0.00886	0.00896	0.00861	0.01088	0.00901	0.00655	0.05498	0.01915	0.03301	0.02733	0.03107	0.02138	0.00993	0.00610	0.00202	0.00428	0.00792	0.70481	0.00832
72	0.01707	0.04402	0.65683	0.02426	0.03683	0.01976	0.03144	0.02695	0.01797	0.02695	0.01527	0.01797	0.01078	0.00809	0.00809	0.00270	0.01258	0.00629	0.00359	0.01258
