[name]
unknown

[dist]
# distance from previous block
# <min> <max>
0	15

[block]
# block no. 0 follows, 24 sequences, length 18
# corresponding to MSA columns:
# 15-32
name=unknown_A
#
# <colnr> <probs for GDERKNQSTAVLIFYWHMCP>
#	G	D	E	R	K	N	Q	S	T	A	V	L	I	F	Y	W	H	M	C	P
0	0.01278	0.00913	0.01278	0.01460	0.01643	0.00913	0.01278	0.01643	0.01825	0.02373	0.04199	0.08945	0.04564	0.02191	0.01095	0.00365	0.00730	0.61847	0.00730	0.00730
1	0.02987	0.01541	0.02333	0.02647	0.25332	0.01423	0.01619	0.03353	0.02104	0.44433	0.02543	0.02436	0.01710	0.00883	0.00793	0.00242	0.00770	0.00765	0.00771	0.01316
2	0.01855	0.01598	0.01740	0.01457	0.01997	0.01645	0.01142	0.03421	0.42822	0.03055	0.02577	0.02488	0.01975	0.00901	0.00728	0.00215	0.00613	0.00744	0.00686	0.28341
3	0.01152	0.00773	0.00885	0.00885	0.00892	0.00780	0.00505	0.01166	0.01159	0.01552	0.02480	0.05088	0.02839	0.68896	0.07212	0.00794	0.00835	0.01138	0.00478	0.00492
4	0.01800	0.01846	0.01359	0.01286	0.01432	0.25156	0.00857	0.01873	0.01544	0.01682	0.02043	0.03845	0.02217	0.46623	0.02848	0.00567	0.01005	0.00923	0.00455	0.00637
5	0.50274	0.01232	0.01078	0.01065	0.01396	0.01373	0.00815	0.01892	0.01410	0.03009	0.02273	0.26443	0.02428	0.01361	0.00677	0.00273	0.00559	0.01082	0.00579	0.00782
6	0.02100	0.03429	0.44543	0.02104	0.03084	0.02063	0.02421	0.24699	0.02409	0.03401	0.01595	0.01756	0.01128	0.00824	0.00768	0.00246	0.01065	0.00632	0.00499	0.01235
7	0.01423	0.01195	0.01832	0.02382	0.24792	0.01155	0.01351	0.01832	0.02088	0.02969	0.43418	0.04507	0.05255	0.01294	0.00882	0.00244	0.00577	0.01174	0.00701	0.00930
8	0.01708	0.01245	0.01450	0.01356	0.01620	0.01299	0.01013	0.23817	0.02350	0.03153	0.07029	0.42951	0.03978	0.01887	0.00929	0.00288	0.00603	0.01657	0.00764	0.00902
9	0.02547	0.02055	0.02629	0.02894	0.25576	0.02211	0.01817	0.37050	0.08464	0.03990	0.01872	0.02017	0.01409	0.00875	0.00792	0.00240	0.00876	0.00727	0.00651	0.01307
10	0.01577	0.26513	0.02198	0.01143	0.01523	0.01620	0.00983	0.01905	0.02019	0.05292	0.40734	0.04131	0.04949	0.01258	0.00777	0.00221	0.00556	0.01047	0.00686	0.00869
11	0.01142	0.00814	0.01096	0.01096	0.01176	0.00894	0.00769	0.01301	0.01222	0.01709	0.02287	0.04019	0.02375	0.34795	0.40678	0.01054	0.01533	0.00982	0.00449	0.00609
12	0.02606	0.02192	0.03202	0.02367	0.03062	0.02297	0.23969	0.42364	0.03064	0.04119	0.01797	0.01988	0.01297	0.00851	0.00844	0.00248	0.01039	0.00793	0.00653	0.01249
13	0.01498	0.01409	0.02378	0.70226	0.05462	0.01762	0.02202	0.02026	0.01586	0.02026	0.01409	0.02114	0.01057	0.00793	0.00793	0.00264	0.01057	0.00705	0.00352	0.00881
14	0.02814	0.01131	0.01446	0.01171	0.01631	0.01013	0.00947	0.03143	0.02053	0.44564	0.02935	0.02791	0.01988	0.00961	0.00710	0.00224	0.00566	0.00777	0.28006	0.01131
15	0.01341	0.01141	0.01550	0.01385	0.01506	0.01349	0.01101	0.01644	0.01876	0.02725	0.43257	0.04425	0.05178	0.01538	0.01532	0.00284	0.25522	0.01169	0.00685	0.00791
16	0.01688	0.09246	0.38976	0.02117	0.02827	0.02165	0.02365	0.02284	0.01504	0.02239	0.01258	0.01661	0.01019	0.00974	0.01393	0.00278	0.26006	0.00610	0.00340	0.01050
17	0.01393	0.06165	0.40960	0.01803	0.02549	0.01475	0.02070	0.02001	0.01615	0.02306	0.02462	0.26672	0.02522	0.01369	0.00834	0.00273	0.00902	0.01175	0.00479	0.00976

[dist]
# distance from previous block
# <min> <max>
11	32

[block]
# block no. 1 follows, 24 sequences, length 20
# corresponding to MSA columns:
# 65-84
name=unknown_B
#
# <colnr> <probs for GDERKNQSTAVLIFYWHMCP>
#	G	D	E	R	K	N	Q	S	T	A	V	L	I	F	Y	W	H	M	C	P
0	0.01696	0.02519	0.32596	0.01950	0.05915	0.01420	0.04894	0.02327	0.01916	0.10246	0.20281	0.05521	0.03127	0.01081	0.00830	0.00252	0.00858	0.00933	0.00583	0.01053
1	0.01834	0.02098	0.07634	0.09964	0.03859	0.01964	0.42650	0.02791	0.13527	0.02627	0.01870	0.02259	0.01399	0.00761	0.00887	0.00266	0.01168	0.00884	0.00466	0.01090
2	0.01067	0.00914	0.00957	0.00871	0.01219	0.00740	0.00664	0.01295	0.01778	0.02223	0.06820	0.06535	0.54835	0.01748	0.00873	0.00240	0.00436	0.01453	0.00688	0.14643
3	0.01413	0.01295	0.02114	0.53996	0.04495	0.01592	0.01909	0.01851	0.01554	0.02020	0.01932	0.14820	0.01823	0.01134	0.00928	0.00279	0.04598	0.00988	0.00422	0.00837
4	0.01627	0.01418	0.02210	0.48235	0.06921	0.01680	0.01973	0.08185	0.01851	0.02407	0.01973	0.03338	0.01736	0.01061	0.00848	0.00279	0.00974	0.11902	0.00467	0.00915
5	0.01551	0.03477	0.55756	0.02035	0.02993	0.01631	0.02519	0.02241	0.01557	0.02304	0.01415	0.01809	0.01073	0.01120	0.01183	0.14292	0.01083	0.00605	0.00337	0.01020
6	0.01068	0.01364	0.13156	0.01184	0.01533	0.00874	0.01079	0.01377	0.01673	0.02165	0.05431	0.30856	0.31387	0.01959	0.00932	0.00285	0.00565	0.01695	0.00663	0.00752
7	0.01688	0.07469	0.52639	0.02688	0.15029	0.01921	0.02752	0.02490	0.01695	0.02490	0.01418	0.01705	0.01051	0.00741	0.00746	0.00244	0.01112	0.00599	0.00346	0.01179
8	0.01713	0.03626	0.50394	0.02506	0.03559	0.04654	0.17318	0.02545	0.01744	0.02494	0.01458	0.01774	0.01052	0.00736	0.00795	0.00253	0.01221	0.00665	0.00353	0.01137
9	0.01964	0.01851	0.02958	0.04272	0.55260	0.01900	0.02218	0.02760	0.13515	0.02724	0.01809	0.02145	0.01469	0.00774	0.00789	0.00242	0.00884	0.00741	0.00468	0.01256
10	0.01498	0.01409	0.02378	0.70226	0.05462	0.01762	0.02202	0.02026	0.01586	0.02026	0.01409	0.02114	0.01057	0.00793	0.00793	0.00264	0.01057	0.00705	0.00352	0.00881
11	0.01938	0.03166	0.40826	0.02156	0.05971	0.01908	0.02317	0.12716	0.11311	0.05039	0.03786	0.02070	0.01501	0.00863	0.00776	0.00251	0.00995	0.00689	0.00515	0.01209
12	0.01122	0.00811	0.01060	0.00998	0.01185	0.00748	0.00748	0.01496	0.02245	0.03180	0.66766	0.05923	0.07482	0.01621	0.00935	0.00249	0.00374	0.01434	0.00873	0.00748
13	0.01930	0.05573	0.06589	0.07367	0.02655	0.14376	0.09017	0.02256	0.01576	0.02070	0.01304	0.01839	0.01135	0.01263	0.04542	0.00325	0.31187	0.00679	0.03400	0.00915
14	0.01010	0.00742	0.00947	0.01032	0.01150	0.00679	0.00722	0.01228	0.01778	0.02392	0.23885	0.43142	0.14051	0.02158	0.00979	0.00293	0.00426	0.01928	0.00778	0.00679
15	0.01671	0.01839	0.11715	0.05963	0.06821	0.01729	0.08614	0.02058	0.01552	0.05653	0.02022	0.14728	0.01947	0.01290	0.01420	0.00293	0.23680	0.01001	0.05070	0.00937
16	0.01377	0.00689	0.01033	0.01033	0.01033	0.00689	0.00689	0.01033	0.01033	0.01377	0.01377	0.02410	0.01377	0.02755	0.03099	0.76928	0.00689	0.00689	0.00344	0.00344
17	0.02284	0.01711	0.01712	0.01441	0.01849	0.06968	0.01141	0.32824	0.02697	0.03735	0.02315	0.09750	0.01960	0.01319	0.03737	0.00275	0.00788	0.00877	0.21575	0.01043
18	0.01842	0.01513	0.01727	0.01299	0.01939	0.01308	0.01036	0.12130	0.05503	0.02979	0.01768	0.05993	0.01518	0.00788	0.00658	0.00158	0.00628	0.00641	0.00557	0.56017
19	0.06327	0.12709	0.50453	0.02114	0.03137	0.04297	0.05478	0.02506	0.01675	0.02473	0.01364	0.01613	0.01007	0.00741	0.00713	0.00239	0.01113	0.00570	0.00351	0.01120

[dist]
# distance from previous block
# <min> <max>
2	10

[block]
# block no. 2 follows, 24 sequences, length 46
# corresponding to MSA columns:
# 95-140
name=unknown_C
#
# <colnr> <probs for GDERKNQSTAVLIFYWHMCP>
#	G	D	E	R	K	N	Q	S	T	A	V	L	I	F	Y	W	H	M	C	P
0	0.16061	0.05460	0.11258	0.02273	0.12952	0.31223	0.01701	0.02719	0.01885	0.02460	0.01329	0.01586	0.01072	0.00775	0.00677	0.00221	0.01100	0.00545	0.03708	0.00994
1	0.06171	0.01939	0.06299	0.03503	0.39287	0.01826	0.04616	0.05859	0.08955	0.02845	0.01676	0.01988	0.01343	0.00749	0.00753	0.00229	0.00873	0.00688	0.00471	0.09928
2	0.00995	0.00708	0.00930	0.01077	0.01134	0.00663	0.00719	0.01147	0.01566	0.02107	0.10518	0.60366	0.05305	0.07261	0.01216	0.00346	0.00473	0.02095	0.00732	0.00643
3	0.01754	0.01856	0.03640	0.02799	0.06400	0.01772	0.41622	0.02352	0.04076	0.02489	0.01879	0.09007	0.01640	0.00896	0.00982	0.00258	0.04970	0.00985	0.00454	0.10168
4	0.01456	0.00741	0.00748	0.00748	0.00920	0.00741	0.00549	0.01801	0.01628	0.02860	0.02581	0.03107	0.02090	0.05739	0.00790	0.00224	0.00397	0.00767	0.71390	0.00722
5	0.02979	0.02203	0.02360	0.01817	0.02446	0.02442	0.01499	0.62469	0.05858	0.04940	0.01949	0.01940	0.01385	0.00956	0.00794	0.00239	0.00864	0.00720	0.00794	0.01345
6	0.02220	0.47899	0.03677	0.01672	0.02259	0.09291	0.05683	0.07637	0.01827	0.02186	0.01209	0.01447	0.01061	0.00788	0.00799	0.00204	0.08209	0.00519	0.00389	0.01024
7	0.01087	0.00746	0.00909	0.00991	0.01019	0.00728	0.00624	0.01161	0.01332	0.01773	0.03323	0.31372	0.03898	0.41098	0.02694	0.00572	0.00646	0.04877	0.00594	0.00558
8	0.00970	0.00792	0.00857	0.00867	0.01098	0.00679	0.00640	0.01191	0.01845	0.02294	0.16952	0.14371	0.50689	0.01999	0.00945	0.00271	0.00404	0.01699	0.00758	0.00679
9	0.00960	0.00753	0.00870	0.00948	0.01113	0.00663	0.00670	0.01143	0.01703	0.02147	0.09664	0.36091	0.36062	0.02199	0.00971	0.00291	0.00426	0.01919	0.00744	0.00663
10	0.12082	0.01371	0.01763	0.01369	0.01968	0.01236	0.01130	0.03688	0.02164	0.60359	0.02896	0.02537	0.01836	0.00953	0.00762	0.00245	0.00668	0.00755	0.00925	0.01293
11	0.01469	0.00887	0.01171	0.01056	0.01304	0.00808	0.00808	0.01833	0.02248	0.12358	0.57719	0.05465	0.06698	0.01530	0.00916	0.00249	0.00417	0.01344	0.00888	0.00834
12	0.77733	0.01534	0.01166	0.01043	0.01534	0.01779	0.00859	0.02331	0.01350	0.03558	0.01104	0.01288	0.00859	0.00736	0.00491	0.00245	0.00613	0.00429	0.00491	0.00859
13	0.01721	0.01598	0.02099	0.01668	0.02073	0.01729	0.03971	0.02197	0.07620	0.02384	0.01446	0.01827	0.01242	0.00955	0.01423	0.00229	0.28433	0.00619	0.00450	0.36314
14	0.02965	0.03695	0.02254	0.02031	0.02452	0.65340	0.01531	0.06497	0.02328	0.02107	0.01263	0.01456	0.01039	0.00824	0.00719	0.00206	0.01400	0.00522	0.00429	0.00943
15	0.03558	0.01350	0.01840	0.01411	0.02024	0.01166	0.01166	0.03865	0.02270	0.67734	0.03128	0.02699	0.01963	0.00981	0.00797	0.00245	0.00675	0.00797	0.00981	0.01350
16	0.03368	0.01539	0.01944	0.01503	0.02112	0.01462	0.01237	0.15777	0.05903	0.52039	0.02894	0.02557	0.01867	0.00981	0.00797	0.00245	0.00711	0.00786	0.00935	0.01344
17	0.46297	0.01679	0.01672	0.13310	0.02444	0.01941	0.01251	0.17371	0.01968	0.03640	0.01351	0.01582	0.01012	0.00798	0.00617	0.00247	0.00754	0.00546	0.00540	0.00981
18	0.01153	0.00769	0.00865	0.00865	0.00865	0.00769	0.00480	0.01153	0.01153	0.01538	0.02499	0.05189	0.02883	0.72131	0.04036	0.00769	0.00769	0.01153	0.00480	0.00480
19	0.00994	0.00728	0.00935	0.01048	0.01148	0.00668	0.00723	0.01188	0.01699	0.02272	0.17434	0.50879	0.12853	0.02254	0.00988	0.00301	0.00436	0.02021	0.00764	0.00668
20	0.02902	0.02161	0.02380	0.06899	0.02682	0.02407	0.01559	0.59903	0.03569	0.04777	0.01867	0.01919	0.01327	0.00940	0.00793	0.00240	0.00886	0.00713	0.00761	0.01314
21	0.02669	0.01248	0.01618	0.01324	0.01797	0.01159	0.01062	0.03257	0.10872	0.41140	0.20746	0.03626	0.03552	0.01171	0.00837	0.00250	0.00585	0.00987	0.00928	0.01170
22	0.01221	0.00967	0.01395	0.01345	0.01451	0.01173	0.01042	0.01458	0.01253	0.01818	0.02010	0.03143	0.01946	0.12491	0.52435	0.01087	0.11779	0.00860	0.00420	0.00706
23	0.01198	0.00826	0.01046	0.00995	0.01204	0.00748	0.00744	0.01524	0.02123	0.06020	0.49797	0.10912	0.16450	0.01716	0.00935	0.00258	0.00399	0.01502	0.00846	0.00757
24	0.00966	0.00690	0.00920	0.01104	0.01150	0.00644	0.00736	0.01104	0.01518	0.02024	0.04371	0.71614	0.05245	0.02484	0.01012	0.00322	0.00460	0.02254	0.00736	0.00644
25	0.02766	0.02116	0.02161	0.08220	0.02594	0.11328	0.01471	0.28552	0.14468	0.14784	0.02217	0.02189	0.01578	0.00946	0.00786	0.00243	0.00888	0.00733	0.00733	0.01228
26	0.02698	0.01987	0.02160	0.01691	0.02297	0.02143	0.01379	0.43052	0.15060	0.07821	0.02164	0.02116	0.01564	0.00937	0.00773	0.00231	0.00785	0.00726	0.00770	0.09645
27	0.14729	0.02181	0.20673	0.01590	0.02313	0.01506	0.01612	0.06774	0.02038	0.30070	0.06959	0.02369	0.01882	0.00922	0.00745	0.00247	0.00797	0.00720	0.00698	0.01175
28	0.18195	0.05382	0.02181	0.06722	0.11142	0.24853	0.01497	0.11775	0.02124	0.02834	0.01723	0.01928	0.04731	0.00864	0.00698	0.00228	0.01004	0.00625	0.00492	0.01004
29	0.01377	0.00689	0.01033	0.01033	0.01033	0.00689	0.00689	0.01033	0.01033	0.01377	0.01377	0.02410	0.01377	0.02755	0.03099	0.76928	0.00689	0.00689	0.00344	0.00344
30	0.02049	0.38864	0.08233	0.03447	0.02270	0.02622	0.01510	0.06261	0.17785	0.02461	0.01709	0.01815	0.01389	0.00850	0.00768	0.00219	0.05573	0.00597	0.00482	0.01094
31	0.02655	0.01556	0.02157	0.01668	0.02265	0.01478	0.08973	0.07527	0.14419	0.31922	0.05711	0.02650	0.02082	0.00941	0.00797	0.00237	0.00736	0.00818	0.00795	0.10615
32	0.01190	0.00829	0.01060	0.00991	0.01203	0.00755	0.00747	0.01543	0.02197	0.05399	0.58005	0.05995	0.13816	0.01641	0.00931	0.00251	0.00388	0.01437	0.00862	0.00761
33	0.68319	0.01510	0.01251	0.01090	0.01596	0.01701	0.00898	0.02526	0.01466	0.11703	0.01361	0.01467	0.00999	0.00767	0.00530	0.00245	0.00621	0.00476	0.00553	0.00921
34	0.01642	0.01309	0.01867	0.16106	0.02438	0.01615	0.01411	0.07633	0.01498	0.02070	0.01535	0.06773	0.01466	0.01729	0.02095	0.24721	0.22140	0.00802	0.00417	0.00735
35	0.02192	0.01093	0.01442	0.01243	0.01612	0.01002	0.00988	0.05448	0.02243	0.29117	0.29158	0.09511	0.04602	0.01434	0.00890	0.00260	0.00550	0.05311	0.00893	0.01010
36	0.02762	0.01946	0.02138	0.01687	0.02242	0.02113	0.01373	0.51244	0.03344	0.08888	0.05332	0.08911	0.02062	0.01135	0.00822	0.00247	0.00795	0.00904	0.00804	0.01252
37	0.01349	0.00818	0.01064	0.01079	0.01245	0.00749	0.00767	0.01565	0.01800	0.10616	0.21250	0.36549	0.08689	0.07200	0.01184	0.00323	0.00483	0.01733	0.00785	0.00751
38	0.01377	0.00689	0.01033	0.01033	0.01033	0.00689	0.00689	0.01033	0.01033	0.01377	0.01377	0.02410	0.01377	0.02755	0.03099	0.76928	0.00689	0.00689	0.00344	0.00344
39	0.02962	0.03779	0.02247	0.02043	0.02451	0.68948	0.01532	0.03166	0.02247	0.01941	0.01226	0.01430	0.01021	0.00817	0.00715	0.00204	0.01430	0.00511	0.00409	0.00919
40	0.01590	0.04102	0.68023	0.02260	0.03432	0.01842	0.02930	0.02511	0.01674	0.02511	0.01423	0.01674	0.01005	0.00753	0.00753	0.00251	0.01172	0.00586	0.00335	0.01172
41	0.01507	0.01406	0.02362	0.64099	0.07954	0.01726	0.02168	0.02025	0.01607	0.02067	0.01547	0.02435	0.01234	0.00856	0.00807	0.00268	0.01036	0.03633	0.00372	0.00890
42	0.02967	0.02469	0.02336	0.01854	0.02443	0.13841	0.01502	0.51814	0.05740	0.04412	0.01836	0.01861	0.01332	0.00933	0.00780	0.00233	0.00959	0.00686	0.00728	0.01272
43	0.01586	0.01676	0.06936	0.48117	0.11325	0.01715	0.05111	0.02123	0.01635	0.02203	0.01428	0.02019	0.01094	0.00753	0.00774	0.00245	0.01015	0.00682	0.00370	0.09192
44	0.36048	0.01566	0.01566	0.01290	0.01824	0.01674	0.01055	0.12273	0.06925	0.20155	0.01981	0.01954	0.01396	0.00862	0.00645	0.00240	0.00658	0.00617	0.03983	0.03288
45	0.11438	0.01762	0.02042	0.01627	0.02144	0.01902	0.05483	0.32206	0.08616	0.06115	0.15569	0.02811	0.02685	0.01060	0.00798	0.00246	0.00740	0.00865	0.00754	0.01136

[dist]
# distance from previous block
# <min> <max>
1	8

[block]
# block no. 3 follows, 24 sequences, length 67
# corresponding to MSA columns:
# 149-215
name=unknown_D
#
# <colnr> <probs for GDERKNQSTAVLIFYWHMCP>
#	G	D	E	R	K	N	Q	S	T	A	V	L	I	F	Y	W	H	M	C	P
0	0.08110	0.05973	0.02311	0.01621	0.02276	0.01763	0.08452	0.20920	0.02308	0.07372	0.01681	0.01836	0.01272	0.00758	0.00689	0.00194	0.00775	0.00620	0.02987	0.28083
1	0.33419	0.02581	0.27032	0.01892	0.05926	0.01824	0.05693	0.05724	0.01687	0.03109	0.03537	0.01713	0.01207	0.00778	0.00665	0.00248	0.00894	0.00584	0.00450	0.01035
2	0.04731	0.08112	0.57581	0.02220	0.03311	0.01929	0.06414	0.02497	0.01669	0.02516	0.01401	0.01661	0.01011	0.00743	0.00739	0.00247	0.01139	0.00591	0.00345	0.01144
3	0.02431	0.01801	0.02015	0.01506	0.02171	0.01747	0.01230	0.32605	0.02699	0.07797	0.01757	0.01836	0.01308	0.00789	0.00701	0.00184	0.00732	0.00609	0.00659	0.35420
4	0.17283	0.01781	0.05809	0.01503	0.02132	0.01667	0.01304	0.19700	0.02450	0.34981	0.02318	0.02159	0.01533	0.00914	0.00736	0.00244	0.00746	0.00693	0.00800	0.01246
5	0.01462	0.00741	0.00745	0.00745	0.00921	0.00741	0.00551	0.01813	0.01637	0.02885	0.02582	0.03068	0.02075	0.04487	0.00729	0.00214	0.00390	0.00760	0.72728	0.00726
6	0.01130	0.00870	0.01158	0.08367	0.01623	0.00841	0.00881	0.01486	0.02085	0.02863	0.48937	0.07852	0.15698	0.01618	0.00923	0.00256	0.00454	0.01418	0.00792	0.00747
7	0.01104	0.00766	0.00862	0.00881	0.00923	0.00742	0.00524	0.01146	0.01282	0.01672	0.03467	0.12284	0.12124	0.55187	0.03293	0.00653	0.00686	0.01338	0.00542	0.00524
8	0.01185	0.00926	0.01374	0.01344	0.01474	0.01116	0.01056	0.01459	0.01269	0.01847	0.02030	0.02996	0.01901	0.05552	0.63239	0.01194	0.08062	0.00836	0.00418	0.00722
9	0.01592	0.01567	0.02835	0.54417	0.09054	0.01812	0.13135	0.02142	0.01650	0.02151	0.01449	0.02109	0.01095	0.00766	0.00817	0.00263	0.01099	0.00745	0.00363	0.00937
10	0.01879	0.01940	0.03164	0.02463	0.02849	0.05620	0.26351	0.06046	0.01716	0.02389	0.01574	0.06139	0.01406	0.01099	0.01575	0.00295	0.28945	0.00877	0.02712	0.00962
11	0.02032	0.04994	0.06878	0.13030	0.43139	0.05232	0.02231	0.02554	0.03548	0.06492	0.01595	0.01983	0.01267	0.00753	0.00770	0.00238	0.00967	0.00688	0.00430	0.01179
12	0.06870	0.42110	0.12801	0.01586	0.02288	0.02709	0.01598	0.14091	0.01987	0.02656	0.01297	0.01469	0.01069	0.00774	0.00683	0.00206	0.03772	0.00514	0.00434	0.01086
13	0.05910	0.06207	0.10952	0.01686	0.04053	0.21386	0.01440	0.11557	0.04119	0.02865	0.01766	0.01981	0.01374	0.00849	0.00673	0.00214	0.00926	0.00620	0.20428	0.00992
14	0.05501	0.01516	0.01712	0.01249	0.01934	0.01266	0.01006	0.09754	0.01888	0.02930	0.01456	0.01659	0.01181	0.00640	0.00608	0.00139	0.00624	0.00498	0.00511	0.63930
15	0.03001	0.02041	0.02244	0.01742	0.02357	0.02218	0.01432	0.49784	0.09206	0.14369	0.02211	0.02122	0.01540	0.00968	0.00795	0.00242	0.00820	0.00743	0.00823	0.01340
16	0.01221	0.00832	0.01092	0.01014	0.01219	0.00765	0.00765	0.01593	0.02246	0.05800	0.64183	0.05793	0.07258	0.01595	0.00930	0.00249	0.00386	0.01408	0.00877	0.00773
17	0.00975	0.00697	0.00928	0.01098	0.01152	0.00650	0.00737	0.01128	0.01562	0.02093	0.08097	0.67691	0.05378	0.02433	0.01008	0.00318	0.00455	0.02205	0.00744	0.00650
18	0.00973	0.00804	0.00856	0.00866	0.01112	0.00688	0.00654	0.01197	0.01842	0.02255	0.13809	0.10158	0.55344	0.01996	0.00947	0.00272	0.00416	0.04381	0.00750	0.00679
19	0.01478	0.00739	0.00739	0.00739	0.00924	0.00739	0.00554	0.01848	0.01663	0.02956	0.02587	0.02956	0.02033	0.00924	0.00554	0.00185	0.00370	0.00739	0.76534	0.00739
20	0.04114	0.02041	0.04021	0.05019	0.03710	0.04401	0.49791	0.02407	0.01792	0.02456	0.01700	0.06352	0.01420	0.00844	0.01034	0.00273	0.06232	0.00962	0.00419	0.01011
21	0.01551	0.00956	0.01097	0.01007	0.01249	0.00953	0.00769	0.09174	0.02138	0.04989	0.27067	0.08054	0.04216	0.01287	0.00762	0.00226	0.00445	0.01093	0.32142	0.00826
22	0.01999	0.01718	0.01961	0.01694	0.02153	0.01946	0.05034	0.08351	0.53963	0.03299	0.02995	0.02950	0.02293	0.04797	0.00984	0.00293	0.00696	0.00899	0.00764	0.01210
23	0.06044	0.00784	0.00776	0.00780	0.00975	0.00796	0.00584	0.01831	0.01635	0.02935	0.02608	0.07110	0.02161	0.01009	0.00579	0.00197	0.00390	0.00814	0.67252	0.00740
24	0.01182	0.00908	0.01314	0.01287	0.01400	0.01075	0.00986	0.01422	0.01255	0.01809	0.02086	0.03262	0.02020	0.13676	0.55921	0.01141	0.07264	0.00875	0.00426	0.00693
25	0.01058	0.00841	0.00954	0.00927	0.01162	0.00756	0.00694	0.01413	0.04675	0.02613	0.31763	0.08752	0.37888	0.01825	0.00933	0.00262	0.00402	0.01561	0.00795	0.00726
26	0.03558	0.01350	0.01840	0.01411	0.02024	0.01166	0.01166	0.03865	0.02270	0.67734	0.03128	0.02699	0.01963	0.00981	0.00797	0.00245	0.00675	0.00797	0.00981	0.01350
27	0.01618	0.07722	0.64648	0.02212	0.03358	0.01910	0.02847	0.02504	0.01671	0.02477	0.01406	0.01653	0.01005	0.00749	0.00740	0.00247	0.01155	0.00577	0.00335	0.01164
28	0.02120	0.72609	0.04155	0.01357	0.02035	0.03138	0.01357	0.02374	0.01611	0.01866	0.01102	0.01272	0.01018	0.00678	0.00509	0.00170	0.00848	0.00424	0.00339	0.01018
29	0.01872	0.02139	0.04679	0.03342	0.04144	0.02005	0.64305	0.02540	0.01872	0.02540	0.01604	0.02139	0.01203	0.00668	0.00936	0.00267	0.01337	0.00936	0.00401	0.01070
30	0.01086	0.00882	0.01417	0.01400	0.01546	0.00824	0.09142	0.01294	0.01565	0.02092	0.04005	0.62427	0.04710	0.02244	0.01002	0.00315	0.00576	0.02080	0.00692	0.00700
31	0.01153	0.00769	0.00865	0.00865	0.00865	0.00769	0.00480	0.01153	0.01153	0.01538	0.02499	0.05189	0.02883	0.72131	0.04036	0.00769	0.00769	0.01153	0.00480	0.00480
32	0.01847	0.02166	0.06822	0.03168	0.03978	0.01941	0.58120	0.02505	0.01850	0.02542	0.01586	0.02091	0.01194	0.00667	0.00908	0.00257	0.01284	0.00894	0.00403	0.05777
33	0.01369	0.00696	0.01008	0.01008	0.01017	0.00696	0.00669	0.01081	0.01072	0.01466	0.01506	0.02605	0.01501	0.06846	0.03028	0.68496	0.00678	0.00719	0.04165	0.00372
34	0.02573	0.01569	0.01811	0.01537	0.02048	0.01667	0.01221	0.04081	0.41709	0.27714	0.03190	0.02860	0.02247	0.01040	0.00803	0.00260	0.00645	0.00859	0.00873	0.01291
35	0.01614	0.07186	0.65148	0.02220	0.03369	0.01900	0.02859	0.02505	0.01671	0.02482	0.01409	0.01656	0.01005	0.00750	0.00742	0.00247	0.01157	0.00579	0.00335	0.01165
36	0.02006	0.01889	0.03150	0.06535	0.61986	0.01912	0.02378	0.05751	0.01903	0.02704	0.01511	0.01964	0.01255	0.00722	0.00786	0.00236	0.00942	0.00707	0.00413	0.01251
37	0.01115	0.00805	0.01053	0.01003	0.01183	0.00743	0.00748	0.01477	0.02209	0.03124	0.63743	0.09107	0.07374	0.01663	0.00939	0.00253	0.00378	0.01474	0.00866	0.00743
38	0.01110	0.00751	0.00878	0.00920	0.00930	0.00740	0.00539	0.01142	0.01237	0.01649	0.02928	0.20418	0.03424	0.56164	0.03343	0.00666	0.00698	0.01406	0.00539	0.00518
39	0.25027	0.22079	0.08316	0.01430	0.02078	0.02183	0.01343	0.12808	0.01993	0.13696	0.01594	0.01649	0.01178	0.00797	0.00619	0.00223	0.00783	0.00549	0.00563	0.01092
40	0.05405	0.01041	0.01073	0.00971	0.01236	0.01100	0.00747	0.12670	0.01958	0.03206	0.02372	0.02838	0.01908	0.05525	0.03586	0.00277	0.00564	0.00750	0.51939	0.00833
41	0.01014	0.00749	0.00953	0.01059	0.01181	0.00689	0.00757	0.01224	0.01726	0.02283	0.16357	0.43417	0.16528	0.02220	0.00991	0.00303	0.00455	0.06660	0.00761	0.00674
42	0.01816	0.02179	0.07905	0.03184	0.03971	0.01935	0.58154	0.02474	0.01845	0.02515	0.01719	0.05242	0.01374	0.00755	0.00929	0.00269	0.01289	0.00976	0.00413	0.01056
43	0.01944	0.01815	0.02394	0.12825	0.11395	0.05050	0.03858	0.08965	0.14868	0.02670	0.01825	0.04046	0.01512	0.01052	0.01279	0.00275	0.19511	0.00777	0.00513	0.03426
44	0.01525	0.01438	0.02429	0.66323	0.09148	0.01769	0.02216	0.02050	0.01599	0.02060	0.01414	0.02105	0.01069	0.00788	0.00792	0.00263	0.01050	0.00705	0.00355	0.00903
45	0.40751	0.13632	0.16572	0.01543	0.02240	0.02055	0.05563	0.05016	0.01597	0.03050	0.01240	0.01452	0.00959	0.00735	0.00593	0.00236	0.00832	0.00508	0.00439	0.00987
46	0.00966	0.00690	0.00920	0.01104	0.01150	0.00644	0.00736	0.01104	0.01518	0.02024	0.04371	0.71614	0.05245	0.02484	0.01012	0.00322	0.00460	0.02254	0.00736	0.00644
47	0.02629	0.02785	0.02310	0.01976	0.02432	0.34076	0.05345	0.11894	0.16565	0.05132	0.01850	0.01947	0.01427	0.00925	0.00876	0.00237	0.05275	0.00673	0.00568	0.01076
48	0.01122	0.00811	0.01060	0.00998	0.01185	0.00748	0.00748	0.01496	0.02245	0.03180	0.66766	0.05923	0.07482	0.01621	0.00935	0.00249	0.00374	0.01434	0.00873	0.00748
49	0.01824	0.01552	0.01668	0.01545	0.01942	0.01768	0.01204	0.03728	0.54867	0.03128	0.03524	0.07808	0.04791	0.01278	0.00846	0.00280	0.00618	0.05676	0.00794	0.01159
50	0.01111	0.00810	0.01045	0.00986	0.01178	0.00743	0.00739	0.01475	0.02218	0.03117	0.63225	0.06026	0.11062	0.01644	0.00935	0.00251	0.00376	0.01449	0.00865	0.00743
51	0.00966	0.00690	0.00920	0.01104	0.01150	0.00644	0.00736	0.01104	0.01518	0.02024	0.04371	0.71614	0.05245	0.02484	0.01012	0.00322	0.00460	0.02254	0.00736	0.00644
52	0.03014	0.02221	0.02380	0.01825	0.02459	0.02459	0.01507	0.64541	0.03728	0.04998	0.01904	0.01904	0.01349	0.00952	0.00793	0.00238	0.00873	0.00714	0.00793	0.01349
53	0.02102	0.70265	0.06340	0.01388	0.02083	0.03093	0.01411	0.02379	0.01613	0.01888	0.01113	0.01286	0.01017	0.00681	0.00517	0.00172	0.00859	0.00430	0.00339	0.01023
54	0.05052	0.01658	0.01866	0.03996	0.02116	0.01762	0.01233	0.32340	0.04792	0.17817	0.02307	0.02315	0.01630	0.00944	0.00735	0.00231	0.00716	0.00734	0.16568	0.01187
55	0.02517	0.01932	0.02111	0.01603	0.02251	0.01979	0.01310	0.41199	0.06155	0.04129	0.01809	0.01872	0.01346	0.00840	0.00727	0.00200	0.00768	0.00644	0.00689	0.25918
56	0.01203	0.00875	0.01112	0.01104	0.01287	0.00836	0.00830	0.05197	0.02099	0.02887	0.39363	0.22039	0.09191	0.01859	0.00959	0.00277	0.00457	0.06852	0.00816	0.00754
57	0.03321	0.01521	0.01921	0.01496	0.02097	0.01447	0.01228	0.13483	0.08533	0.51701	0.02944	0.02598	0.01909	0.00986	0.00798	0.00246	0.00702	0.00794	0.00935	0.01340
58	0.01837	0.36041	0.38247	0.01839	0.02781	0.02446	0.02196	0.02448	0.01645	0.02210	0.01274	0.01487	0.01011	0.00718	0.00639	0.00213	0.01021	0.00510	0.00337	0.01100
59	0.01135	0.00840	0.01227	0.01227	0.01352	0.00966	0.00932	0.01386	0.01260	0.01806	0.02167	0.03355	0.02087	0.13595	0.61483	0.01216	0.01967	0.00885	0.00431	0.00682
60	0.01927	0.01822	0.03028	0.04486	0.59696	0.01838	0.02300	0.02502	0.05759	0.02624	0.01742	0.02393	0.01503	0.00808	0.00803	0.00244	0.00911	0.03949	0.00436	0.01228
61	0.02153	0.01754	0.01866	0.01633	0.02109	0.02004	0.01283	0.11542	0.56062	0.05697	0.03063	0.02821	0.02275	0.01058	0.00805	0.00264	0.00659	0.00871	0.00811	0.01270
62	0.02694	0.01540	0.03808	0.01404	0.02040	0.01313	0.01176	0.09361	0.05612	0.33946	0.04613	0.02391	0.01845	0.00879	0.00737	0.00207	0.00671	0.00710	0.00774	0.24279
63	0.02155	0.60041	0.07340	0.01495	0.02150	0.09110	0.01471	0.02438	0.01659	0.01909	0.01129	0.01325	0.01018	0.00721	0.00616	0.00184	0.03431	0.00450	0.00346	0.01011
64	0.01414	0.01089	0.01486	0.01374	0.01600	0.01241	0.01087	0.08772	0.01578	0.02255	0.01997	0.02811	0.01810	0.04798	0.53372	0.01034	0.05507	0.00802	0.00466	0.05505
65	0.00998	0.00714	0.00953	0.01113	0.01180	0.00669	0.00766	0.01171	0.01606	0.02156	0.10463	0.61832	0.05427	0.02384	0.01009	0.00317	0.00466	0.05368	0.00749	0.00659
66	0.04479	0.01596	0.01620	0.01392	0.01729	0.07363	0.01110	0.21953	0.02273	0.03299	0.02013	0.02358	0.01601	0.01652	0.10295	0.00370	0.06654	0.00713	0.26571	0.00959

[dist]
# distance from previous block
# <min> <max>
0	1

[block]
# block no. 4 follows, 24 sequences, length 72
# corresponding to MSA columns:
# 217-288
name=unknown_E
#
# <colnr> <probs for GDERKNQSTAVLIFYWHMCP>
#	G	D	E	R	K	N	Q	S	T	A	V	L	I	F	Y	W	H	M	C	P
0	0.06105	0.02212	0.02321	0.06677	0.02633	0.05733	0.01530	0.54325	0.03399	0.04570	0.01800	0.01869	0.01290	0.00925	0.00776	0.00238	0.00903	0.00691	0.00729	0.01273
1	0.06006	0.10024	0.02366	0.01632	0.02247	0.02229	0.01365	0.38010	0.09493	0.11685	0.02032	0.01994	0.01463	0.00908	0.00739	0.00228	0.00795	0.00684	0.00735	0.05365
2	0.02649	0.01348	0.01670	0.01363	0.01853	0.01297	0.01096	0.08828	0.12030	0.36097	0.14662	0.03589	0.07580	0.01180	0.00833	0.00251	0.00613	0.00980	0.00901	0.01180
3	0.01644	0.01409	0.01644	0.01175	0.01879	0.01057	0.00940	0.01997	0.01644	0.02584	0.01409	0.01644	0.01175	0.00587	0.00587	0.00117	0.00587	0.00470	0.00470	0.76979
4	0.01153	0.00769	0.00865	0.00865	0.00865	0.00769	0.00480	0.01153	0.01153	0.01538	0.02499	0.05189	0.02883	0.72131	0.04036	0.00769	0.00769	0.01153	0.00480	0.00480
5	0.00978	0.00699	0.00934	0.01118	0.01169	0.00654	0.00757	0.01125	0.01530	0.02038	0.04364	0.69225	0.05219	0.02473	0.01015	0.00324	0.00470	0.04526	0.00736	0.00647
6	0.01496	0.01362	0.02262	0.65273	0.05138	0.01689	0.02085	0.02013	0.01591	0.02092	0.01493	0.02174	0.01127	0.00802	0.00776	0.00259	0.01008	0.00707	0.05782	0.00871
7	0.03135	0.01794	0.02073	0.01599	0.02199	0.01853	0.01318	0.37195	0.03038	0.29317	0.02421	0.02276	0.01628	0.00962	0.00781	0.00238	0.00766	0.00748	0.05346	0.01313
8	0.00966	0.00690	0.00920	0.01104	0.01150	0.00644	0.00736	0.01104	0.01518	0.02024	0.04371	0.71614	0.05245	0.02484	0.01012	0.00322	0.00460	0.02254	0.00736	0.00644
9	0.01800	0.01725	0.02702	0.10458	0.31119	0.02047	0.02043	0.02150	0.01533	0.02266	0.01343	0.01926	0.01179	0.01005	0.01524	0.00282	0.29611	0.00703	0.03549	0.01035
10	0.02222	0.01827	0.01933	0.01664	0.02157	0.02089	0.01315	0.18649	0.50911	0.03719	0.02911	0.02706	0.02164	0.01046	0.00804	0.00262	0.00686	0.00853	0.00804	0.01278
11	0.17920	0.02039	0.02086	0.01650	0.02240	0.02281	0.01356	0.46920	0.08532	0.04566	0.01856	0.01870	0.01342	0.00919	0.00734	0.00242	0.00800	0.00672	0.00734	0.01242
12	0.02787	0.01437	0.01763	0.01456	0.01969	0.01426	0.01166	0.06323	0.22136	0.38374	0.06179	0.06546	0.02514	0.01119	0.00818	0.00257	0.00643	0.00932	0.00901	0.01254
13	0.01243	0.00907	0.01174	0.01135	0.01215	0.01012	0.00796	0.03559	0.01298	0.01806	0.02243	0.04030	0.02357	0.38530	0.30474	0.00934	0.05212	0.00988	0.00461	0.00626
14	0.04324	0.02022	0.02454	0.08632	0.14921	0.07988	0.05043	0.19169	0.15663	0.08620	0.02060	0.02174	0.01528	0.00886	0.00788	0.00246	0.00904	0.00743	0.00632	0.01203
15	0.27548	0.25158	0.07208	0.01450	0.02027	0.02383	0.01348	0.10590	0.04989	0.02968	0.01333	0.01512	0.01079	0.00818	0.00747	0.00230	0.06600	0.00522	0.00474	0.01018
16	0.01862	0.01888	0.03157	0.12122	0.07697	0.05162	0.27787	0.05194	0.08443	0.02676	0.06352	0.02378	0.01752	0.00809	0.00838	0.00243	0.01034	0.00838	0.00493	0.09277
17	0.01572	0.01155	0.01394	0.01170	0.01597	0.01004	0.00913	0.04236	0.04971	0.07206	0.21337	0.10185	0.07126	0.01271	0.00800	0.00214	0.00528	0.03668	0.00699	0.28953
18	0.01911	0.01405	0.01586	0.01385	0.01696	0.06093	0.01081	0.08629	0.05943	0.12098	0.26115	0.11208	0.04122	0.01399	0.01046	0.00258	0.07919	0.01145	0.00756	0.04204
19	0.01673	0.00927	0.00947	0.00877	0.01119	0.00957	0.00675	0.09799	0.01925	0.03215	0.02500	0.02823	0.01946	0.00927	0.00585	0.00192	0.00433	0.00736	0.66928	0.00816
20	0.01711	0.01648	0.02677	0.05527	0.02810	0.01405	0.21749	0.02176	0.01716	0.02540	0.01473	0.01831	0.01178	0.00625	0.00712	0.00174	0.00857	0.00635	0.00441	0.48116
21	0.02240	0.01436	0.01685	0.01418	0.01847	0.01436	0.01113	0.23741	0.02422	0.14668	0.02821	0.19312	0.02653	0.06422	0.01071	0.00291	0.00692	0.04403	0.00751	0.09579
22	0.00983	0.00702	0.00939	0.01123	0.01177	0.00659	0.00765	0.01133	0.01535	0.02043	0.04361	0.68229	0.05208	0.02468	0.01017	0.00324	0.00475	0.05473	0.00736	0.00649
23	0.01628	0.08984	0.63471	0.02196	0.03333	0.01934	0.02818	0.02502	0.01670	0.02465	0.01400	0.01646	0.01005	0.00748	0.00736	0.00245	0.01149	0.00574	0.00335	0.01161
24	0.01872	0.02139	0.04679	0.03342	0.04144	0.02005	0.64305	0.02540	0.01872	0.02540	0.01604	0.02139	0.01203	0.00668	0.00936	0.00267	0.01337	0.00936	0.00401	0.01070
25	0.01644	0.01409	0.01644	0.01175	0.01879	0.01057	0.00940	0.01997	0.01644	0.02584	0.01409	0.01644	0.01175	0.00587	0.00587	0.00117	0.00587	0.00470	0.00470	0.76979
26	0.02962	0.03779	0.02247	0.02043	0.02451	0.68948	0.01532	0.03166	0.02247	0.01941	0.01226	0.01430	0.01021	0.00817	0.00715	0.00204	0.01430	0.00511	0.00409	0.00919
27	0.00937	0.00803	0.00803	0.00803	0.01071	0.00669	0.00602	0.01138	0.01807	0.02142	0.08033	0.07632	0.66863	0.02008	0.00937	0.00268	0.00402	0.01674	0.00736	0.00669
28	0.01299	0.00894	0.01054	0.01000	0.01233	0.00829	0.00746	0.04974	0.02039	0.06002	0.29147	0.13747	0.23447	0.04318	0.01022	0.00278	0.00450	0.01479	0.05277	0.00766
29	0.02089	0.01761	0.01859	0.01637	0.02106	0.02027	0.01283	0.10964	0.58813	0.03505	0.03079	0.02841	0.02301	0.01062	0.00805	0.00265	0.00655	0.00876	0.00805	0.01266
30	0.73614	0.01491	0.01142	0.01026	0.01501	0.01723	0.00842	0.02305	0.01366	0.03525	0.01184	0.01378	0.00922	0.00746	0.00494	0.00242	0.00600	0.00446	0.04598	0.00852
31	0.00966	0.00690	0.00920	0.01104	0.01150	0.00644	0.00736	0.01104	0.01518	0.02024	0.04371	0.71614	0.05245	0.02484	0.01012	0.00322	0.00460	0.02254	0.00736	0.00644
32	0.02170	0.01461	0.01746	0.01278	0.01957	0.01193	0.01034	0.07397	0.01947	0.16964	0.01823	0.01895	0.01360	0.00702	0.00649	0.00155	0.00629	0.00561	0.00607	0.54472
33	0.03558	0.01350	0.01840	0.01411	0.02024	0.01166	0.01166	0.03865	0.02270	0.67734	0.03128	0.02699	0.01963	0.00981	0.00797	0.00245	0.00675	0.00797	0.00981	0.01350
34	0.03532	0.01391	0.01866	0.01430	0.02045	0.01227	0.01182	0.06731	0.02339	0.64770	0.03071	0.02661	0.01934	0.00980	0.00797	0.00245	0.00684	0.00794	0.00973	0.01349
35	0.01122	0.00811	0.01060	0.00998	0.01185	0.00748	0.00748	0.01496	0.02245	0.03180	0.66766	0.05923	0.07482	0.01621	0.00935	0.00249	0.00374	0.01434	0.00873	0.00748
36	0.00974	0.00696	0.00928	0.01099	0.01152	0.00650	0.00737	0.01125	0.01557	0.02085	0.07673	0.68137	0.05363	0.02439	0.01008	0.00318	0.00456	0.02211	0.00743	0.00650
37	0.02881	0.02843	0.02201	0.01849	0.02346	0.33368	0.01451	0.31429	0.02890	0.03425	0.01636	0.01758	0.01245	0.00887	0.00740	0.00218	0.01097	0.00621	0.06011	0.01105
38	0.01712	0.01711	0.02484	0.02105	0.02152	0.02335	0.04852	0.01916	0.01251	0.01937	0.01124	0.01824	0.01096	0.01580	0.05847	0.00389	0.63746	0.00714	0.00354	0.00870
39	0.01478	0.00739	0.00739	0.00739	0.00924	0.00739	0.00554	0.01848	0.01663	0.02956	0.02587	0.02956	0.02033	0.00924	0.00554	0.00185	0.00370	0.00739	0.76534	0.00739
40	0.01833	0.02409	0.13408	0.03193	0.04046	0.01983	0.55848	0.02536	0.01844	0.02536	0.01579	0.02075	0.01176	0.00680	0.00911	0.00265	0.01314	0.00888	0.00392	0.01084
41	0.01122	0.00811	0.01060	0.00998	0.01185	0.00748	0.00748	0.01496	0.02245	0.03180	0.66766	0.05923	0.07482	0.01621	0.00935	0.00249	0.00374	0.01434	0.00873	0.00748
42	0.01740	0.01791	0.02919	0.02349	0.02549	0.02258	0.16838	0.02038	0.01376	0.02058	0.01228	0.01898	0.01125	0.01429	0.05336	0.00372	0.50664	0.00760	0.00364	0.00909
43	0.07103	0.01592	0.02685	0.37338	0.07395	0.01809	0.14473	0.04764	0.01714	0.02451	0.01516	0.02084	0.01163	0.00805	0.00874	0.00260	0.04530	0.00734	0.05764	0.00945
44	0.00947	0.00804	0.00816	0.00813	0.01077	0.00673	0.00610	0.01156	0.01830	0.02195	0.10995	0.07545	0.63869	0.01989	0.00937	0.00267	0.00400	0.01662	0.00743	0.00673
45	0.02600	0.01475	0.01809	0.01346	0.02005	0.01259	0.01098	0.09777	0.02140	0.30158	0.02185	0.02115	0.01524	0.00793	0.00698	0.00185	0.00656	0.00634	0.00720	0.36821
46	0.03459	0.01372	0.01837	0.01424	0.02027	0.01216	0.01171	0.03886	0.06230	0.63716	0.03135	0.02715	0.01992	0.00987	0.00798	0.00247	0.00672	0.00804	0.00971	0.01344
47	0.01303	0.00851	0.01118	0.01028	0.01247	0.00779	0.00779	0.01672	0.02247	0.07967	0.62048	0.05684	0.07073	0.01574	0.00925	0.00249	0.00396	0.01387	0.00881	0.00793
48	0.01037	0.00745	0.00983	0.01056	0.01166	0.00691	0.00742	0.01282	0.01847	0.02548	0.32637	0.41855	0.06258	0.02093	0.00977	0.00289	0.00421	0.01883	0.00798	0.00691
49	0.01136	0.00839	0.01219	0.01219	0.01341	0.00961	0.00922	0.01380	0.01258	0.01800	0.02175	0.03398	0.02105	0.14964	0.60140	0.01206	0.01939	0.00891	0.00432	0.00677
50	0.01852	0.02101	0.04558	0.06870	0.04214	0.01993	0.61029	0.02513	0.01857	0.02513	0.01594	0.02138	0.01196	0.00675	0.00928	0.00267	0.01322	0.00924	0.00399	0.01060
51	0.01665	0.01034	0.00933	0.00889	0.01114	0.05691	0.00674	0.05260	0.01814	0.02992	0.02454	0.02792	0.01924	0.00918	0.00578	0.00189	0.00472	0.00721	0.67099	0.00784
52	0.01136	0.00838	0.01215	0.01215	0.01336	0.00959	0.00917	0.01378	0.01257	0.01797	0.02179	0.03418	0.02114	0.15611	0.59505	0.01201	0.01926	0.00894	0.00433	0.00675
53	0.02854	0.02142	0.02290	0.01792	0.02398	0.02384	0.01469	0.55280	0.13250	0.04740	0.02107	0.02066	0.01513	0.00971	0.00795	0.00243	0.00835	0.00742	0.00795	0.01334
54	0.02120	0.72609	0.04155	0.01357	0.02035	0.03138	0.01357	0.02374	0.01611	0.01866	0.01102	0.01272	0.01018	0.00678	0.00509	0.00170	0.00848	0.00424	0.00339	0.01018
55	0.01109	0.00810	0.01042	0.00984	0.01177	0.00743	0.00738	0.01471	0.02214	0.03107	0.62614	0.06044	0.11681	0.01649	0.00935	0.00251	0.00376	0.01451	0.00863	0.00743
56	0.01340	0.01173	0.01104	0.01085	0.01347	0.07620	0.00803	0.01706	0.06944	0.04813	0.09237	0.18791	0.37409	0.01846	0.00914	0.00270	0.00543	0.01561	0.00726	0.00767
57	0.38799	0.01690	0.01831	0.01527	0.01945	0.01986	0.04674	0.12325	0.05189	0.03379	0.04653	0.01843	0.01407	0.00957	0.01016	0.00267	0.14373	0.00630	0.00542	0.00966
58	0.01952	0.01400	0.01676	0.01213	0.01903	0.01075	0.00976	0.02297	0.01745	0.13057	0.01686	0.01814	0.01301	0.00651	0.00621	0.00138	0.00601	0.00522	0.00552	0.64822
59	0.02162	0.69157	0.04060	0.01391	0.02056	0.06438	0.01366	0.02414	0.01643	0.01869	0.01109	0.01280	0.01018	0.00685	0.00519	0.00171	0.00877	0.00428	0.00343	0.01013
60	0.02925	0.02177	0.02329	0.01806	0.02425	0.02417	0.01486	0.59346	0.09070	0.04853	0.02018	0.01995	0.01441	0.00963	0.00794	0.00241	0.00852	0.00730	0.00794	0.01341
61	0.01234	0.00835	0.01066	0.01003	0.01218	0.00757	0.00754	0.01569	0.02150	0.06801	0.52049	0.09600	0.14602	0.01681	0.00932	0.00256	0.00400	0.01473	0.00854	0.00768
62	0.02209	0.01772	0.01890	0.01639	0.02125	0.02017	0.01292	0.13968	0.52980	0.06357	0.03009	0.02777	0.02227	0.01052	0.00804	0.00263	0.00669	0.00863	0.00812	0.01274
63	0.01272	0.00909	0.01269	0.01442	0.01625	0.00906	0.01257	0.01637	0.01842	0.02405	0.06644	0.08827	0.04678	0.02168	0.01089	0.00361	0.00716	0.59486	0.00736	0.00731
64	0.01645	0.06737	0.58091	0.02347	0.03455	0.01915	0.09903	0.02509	0.01694	0.02488	0.01430	0.01711	0.01028	0.00741	0.00764	0.00250	0.01177	0.00619	0.00343	0.01154
65	0.02168	0.01641	0.01851	0.01724	0.04767	0.01825	0.01304	0.06302	0.49004	0.11285	0.03148	0.03198	0.02400	0.01110	0.00821	0.00269	0.00662	0.04474	0.00806	0.01240
66	0.01136	0.00837	0.01209	0.01209	0.01328	0.00956	0.00910	0.01374	0.01255	0.01793	0.02184	0.03445	0.02126	0.16479	0.58653	0.01194	0.01908	0.00898	0.00434	0.00672
67	0.02068	0.01890	0.03009	0.08085	0.55415	0.04301	0.02275	0.02580	0.03909	0.06411	0.01630	0.02027	0.01316	0.00744	0.00784	0.00238	0.00940	0.00711	0.00439	0.01228
68	0.01845	0.01382	0.01646	0.01200	0.01875	0.01058	0.00960	0.02186	0.01713	0.10040	0.01690	0.03738	0.01380	0.00686	0.00623	0.00138	0.00594	0.00558	0.00536	0.66153
69	0.02806	0.01279	0.01653	0.01340	0.01841	0.01180	0.01080	0.03380	0.10786	0.44947	0.14501	0.03510	0.05772	0.01150	0.00829	0.00250	0.00604	0.00960	0.00928	0.01202
70	0.00985	0.00701	0.00925	0.01086	0.01137	0.00656	0.00723	0.01129	0.01539	0.02063	0.07738	0.64448	0.05244	0.06123	0.01168	0.00342	0.00472	0.02150	0.00730	0.00641
71	0.02377	0.01799	0.01907	0.01605	0.02102	0.04489	0.01270	0.21906	0.29099	0.10057	0.02744	0.08562	0.02180	0.01117	0.00805	0.00251	0.00720	0.00914	0.00780	0.05315

[dist]
# distance from previous block
# <min> <max>
6	9

[block]
# block no. 5 follows, 24 sequences, length 13
# corresponding to MSA columns:
# 308-320
name=unknown_F
#
# <colnr> <probs for GDERKNQSTAVLIFYWHMCP>
#	G	D	E	R	K	N	Q	S	T	A	V	L	I	F	Y	W	H	M	C	P
0	0.02366	0.01892	0.06367	0.01737	0.02377	0.01741	0.07348	0.22454	0.09883	0.12544	0.02212	0.06151	0.01715	0.00944	0.00776	0.00226	0.00796	0.00799	0.00684	0.16987
1	0.02395	0.01747	0.01783	0.01431	0.01931	0.05699	0.01151	0.30649	0.05274	0.06528	0.02091	0.02205	0.01562	0.00895	0.00697	0.00207	0.00713	0.00688	0.21354	0.10999
2	0.01594	0.01384	0.01751	0.01292	0.01941	0.01073	0.04546	0.01945	0.01646	0.02530	0.01695	0.08163	0.01554	0.00768	0.00647	0.00145	0.00618	0.00662	0.00491	0.65556
3	0.02951	0.02520	0.02461	0.01937	0.02536	0.15356	0.04426	0.49740	0.03354	0.04290	0.01758	0.01823	0.01278	0.00913	0.00785	0.00233	0.01002	0.00685	0.00700	0.01252
4	0.02312	0.01457	0.01693	0.01464	0.01921	0.01532	0.01167	0.06231	0.32463	0.21807	0.09509	0.03650	0.05410	0.01196	0.00838	0.00264	0.00624	0.04421	0.00856	0.01184
5	0.02130	0.57594	0.13808	0.01499	0.02249	0.02814	0.01586	0.02490	0.01663	0.06129	0.01280	0.01424	0.01075	0.00709	0.00565	0.00187	0.00887	0.00472	0.00379	0.01062
6	0.01487	0.00900	0.01158	0.01062	0.01327	0.00812	0.00824	0.01825	0.02160	0.13115	0.44456	0.05847	0.15134	0.01611	0.00923	0.00258	0.00447	0.04963	0.00861	0.00830
7	0.00966	0.00690	0.00920	0.01104	0.01150	0.00644	0.00736	0.01104	0.01518	0.02024	0.04371	0.71614	0.05245	0.02484	0.01012	0.00322	0.00460	0.02254	0.00736	0.00644
8	0.01727	0.01686	0.03100	0.35164	0.11684	0.01821	0.21526	0.04731	0.01790	0.02423	0.01567	0.02144	0.01193	0.00758	0.00823	0.00256	0.01085	0.00780	0.04748	0.00993
9	0.01893	0.01813	0.03093	0.14655	0.57941	0.01866	0.02399	0.02373	0.01773	0.02506	0.01479	0.01985	0.01226	0.00719	0.00786	0.00240	0.00959	0.00706	0.00387	0.01200
10	0.01240	0.00876	0.01014	0.01005	0.01108	0.00867	0.00658	0.06322	0.01605	0.02138	0.09454	0.20490	0.09157	0.37683	0.02520	0.00531	0.00638	0.01442	0.00624	0.00630
11	0.01749	0.01207	0.01416	0.01274	0.01608	0.01242	0.00981	0.05253	0.22084	0.11209	0.27660	0.09837	0.08311	0.01435	0.00878	0.00262	0.00521	0.01237	0.00843	0.00994
12	0.01621	0.01552	0.02681	0.52233	0.19279	0.01801	0.05312	0.02143	0.01649	0.02178	0.01438	0.02081	0.01109	0.00767	0.00798	0.00258	0.01045	0.00717	0.00364	0.00975

[dist]
