[name]
unknown

[dist]
# distance from previous block
# <min> <max>
8	100

[block]
# block no. 0 follows, 22 sequences, length 23
# corresponding to MSA columns:
# 132-154
name=unknown_A
#
# <colnr> <probs for GDERKNQSTAVLIFYWHMCP>
#	G	D	E	R	K	N	Q	S	T	A	V	L	I	F	Y	W	H	M	C	P
0	0.02221	0.71304	0.04353	0.01421	0.02132	0.03287	0.01421	0.02488	0.01688	0.01955	0.01155	0.01333	0.01066	0.00711	0.00533	0.00178	0.00888	0.00444	0.00355	0.01066
1	0.01839	0.01160	0.05390	0.01309	0.01618	0.00922	0.01044	0.02118	0.01923	0.20341	0.12062	0.38465	0.04558	0.01925	0.00969	0.00300	0.00580	0.01708	0.00836	0.00932
2	0.01666	0.04297	0.66500	0.02368	0.03596	0.01929	0.03069	0.02631	0.01754	0.02631	0.01491	0.01754	0.01052	0.00789	0.00789	0.00263	0.01228	0.00614	0.00351	0.01228
3	0.01012	0.00723	0.00964	0.01157	0.01205	0.00675	0.00771	0.01157	0.01591	0.02121	0.04579	0.70262	0.05495	0.02603	0.01060	0.00337	0.00482	0.02362	0.00771	0.00675
4	0.02221	0.71304	0.04353	0.01421	0.02132	0.03287	0.01421	0.02488	0.01688	0.01955	0.01155	0.01333	0.01066	0.00711	0.00533	0.00178	0.00888	0.00444	0.00355	0.01066
5	0.01956	0.01872	0.03191	0.18200	0.53304	0.01947	0.02500	0.02462	0.01844	0.02592	0.01545	0.02089	0.01273	0.00759	0.00824	0.00253	0.01012	0.00740	0.00403	0.01235
6	0.02056	0.01974	0.03372	0.05099	0.65622	0.01974	0.02550	0.02550	0.01892	0.02714	0.01563	0.02056	0.01316	0.00740	0.00822	0.00247	0.00987	0.00740	0.00411	0.01316
7	0.00982	0.00842	0.00842	0.00842	0.01122	0.00701	0.00631	0.01192	0.01894	0.02244	0.08416	0.07995	0.65285	0.02104	0.00982	0.00281	0.00421	0.01753	0.00771	0.00701
8	0.01657	0.03929	0.57872	0.02367	0.03502	0.01870	0.07277	0.02566	0.01807	0.02677	0.05523	0.02070	0.01496	0.00840	0.00815	0.00264	0.01188	0.00697	0.00391	0.01192
9	0.03727	0.01414	0.01928	0.01478	0.02121	0.01221	0.01221	0.04049	0.02378	0.66198	0.03277	0.02828	0.02056	0.01028	0.00835	0.00257	0.00707	0.00835	0.01028	0.01414
10	0.01012	0.00723	0.00964	0.01157	0.01205	0.00675	0.00771	0.01157	0.01591	0.02121	0.04579	0.70262	0.05495	0.02603	0.01060	0.00337	0.00482	0.02362	0.00771	0.00675
11	0.01569	0.01477	0.02492	0.68808	0.05722	0.01846	0.02307	0.02123	0.01661	0.02123	0.01477	0.02215	0.01107	0.00831	0.00831	0.00277	0.01107	0.00738	0.00369	0.00923
12	0.01700	0.01611	0.02729	0.51626	0.21876	0.01880	0.02373	0.02238	0.01723	0.02282	0.01500	0.02172	0.01164	0.00806	0.00828	0.00269	0.01075	0.00739	0.00380	0.01029
13	0.02056	0.01974	0.03372	0.05099	0.65622	0.01974	0.02550	0.02550	0.01892	0.02714	0.01563	0.02056	0.01316	0.00740	0.00822	0.00247	0.00987	0.00740	0.00411	0.01316
14	0.03103	0.03959	0.02354	0.02140	0.02568	0.67469	0.01605	0.03317	0.02354	0.02033	0.01284	0.01498	0.01070	0.00856	0.00749	0.00214	0.01498	0.00535	0.00428	0.00963
15	0.01666	0.04297	0.66500	0.02368	0.03596	0.01929	0.03069	0.02631	0.01754	0.02631	0.01491	0.01754	0.01052	0.00789	0.00789	0.00263	0.01228	0.00614	0.00351	0.01228
16	0.03574	0.01380	0.01879	0.01452	0.02068	0.01195	0.01195	0.03899	0.02376	0.62411	0.07006	0.03031	0.02405	0.01069	0.00844	0.00257	0.00688	0.00876	0.01021	0.01376
17	0.01012	0.00723	0.00964	0.01157	0.01205	0.00675	0.00771	0.01157	0.01591	0.02121	0.04579	0.70262	0.05495	0.02603	0.01060	0.00337	0.00482	0.02362	0.00771	0.00675
18	0.01339	0.00956	0.01339	0.01530	0.01721	0.00956	0.01339	0.01721	0.01912	0.02486	0.04399	0.09371	0.04781	0.02295	0.01147	0.00382	0.00765	0.60031	0.00765	0.00765
19	0.02020	0.01937	0.03308	0.09756	0.61244	0.01964	0.02532	0.02518	0.01875	0.02671	0.01556	0.02068	0.01301	0.00747	0.00823	0.00249	0.00996	0.00740	0.00408	0.01287
20	0.01569	0.01477	0.02492	0.68808	0.05722	0.01846	0.02307	0.02123	0.01661	0.02123	0.01477	0.02215	0.01107	0.00831	0.00831	0.00277	0.01107	0.00738	0.00369	0.00923
21	0.01227	0.00949	0.01412	0.01389	0.01528	0.01134	0.01088	0.01516	0.01331	0.01933	0.02153	0.03172	0.02014	0.05927	0.63395	0.01273	0.06487	0.00880	0.00440	0.00752
22	0.02016	0.02085	0.04010	0.04433	0.40072	0.02027	0.27589	0.02596	0.01920	0.02692	0.01612	0.02133	0.01293	0.00724	0.00888	0.00261	0.01159	0.00840	0.00415	0.01234

[dist]
# distance from previous block
# <min> <max>
0	2

[block]
# block no. 1 follows, 22 sequences, length 21
# corresponding to MSA columns:
# 157-177
name=unknown_B
#
# <colnr> <probs for GDERKNQSTAVLIFYWHMCP>
#	G	D	E	R	K	N	Q	S	T	A	V	L	I	F	Y	W	H	M	C	P
0	0.01631	0.04052	0.61848	0.02274	0.03428	0.01848	0.02907	0.02555	0.01796	0.02681	0.06022	0.02071	0.01535	0.00854	0.00803	0.00263	0.01168	0.00677	0.00391	0.01196
1	0.01176	0.00849	0.01110	0.01045	0.01241	0.00784	0.00784	0.01568	0.02352	0.03331	0.65184	0.06206	0.07839	0.01698	0.00980	0.00261	0.00392	0.01502	0.00914	0.00784
2	0.01666	0.04297	0.66500	0.02368	0.03596	0.01929	0.03069	0.02631	0.01754	0.02631	0.01491	0.01754	0.01052	0.00789	0.00789	0.00263	0.01228	0.00614	0.00351	0.01228
3	0.01775	0.04145	0.63103	0.02321	0.03518	0.01892	0.02972	0.02705	0.01787	0.05975	0.01585	0.01810	0.01105	0.00802	0.00792	0.00263	0.01200	0.00626	0.00386	0.01238
4	0.02221	0.71304	0.04353	0.01421	0.02132	0.03287	0.01421	0.02488	0.01688	0.01955	0.01155	0.01333	0.01066	0.00711	0.00533	0.00178	0.00888	0.00444	0.00355	0.01066
5	0.01923	0.01838	0.03132	0.22448	0.49310	0.01939	0.02484	0.02433	0.01829	0.02553	0.01539	0.02099	0.01259	0.00765	0.00825	0.00255	0.01020	0.00740	0.00400	0.01209
6	0.02028	0.01946	0.03322	0.08710	0.62227	0.01967	0.02536	0.02525	0.01879	0.02681	0.01558	0.02065	0.01304	0.00745	0.00823	0.00248	0.00994	0.00740	0.00409	0.01294
7	0.01685	0.01578	0.02658	0.47763	0.21484	0.01827	0.02314	0.02213	0.01738	0.02302	0.01674	0.02601	0.01383	0.00894	0.00847	0.00275	0.01055	0.04286	0.00404	0.01018
8	0.03727	0.01414	0.01928	0.01478	0.02121	0.01221	0.01221	0.04049	0.02378	0.66198	0.03277	0.02828	0.02056	0.01028	0.00835	0.00257	0.00707	0.00835	0.01028	0.01414
9	0.01666	0.04297	0.66500	0.02368	0.03596	0.01929	0.03069	0.02631	0.01754	0.02631	0.01491	0.01754	0.01052	0.00789	0.00789	0.00263	0.01228	0.00614	0.00351	0.01228
10	0.01737	0.03476	0.44090	0.02725	0.06471	0.01920	0.18704	0.02582	0.01845	0.02677	0.04708	0.02118	0.01456	0.00809	0.00851	0.00267	0.01221	0.00761	0.00400	0.01181
11	0.01666	0.04297	0.66500	0.02368	0.03596	0.01929	0.03069	0.02631	0.01754	0.02631	0.01491	0.01754	0.01052	0.00789	0.00789	0.00263	0.01228	0.00614	0.00351	0.01228
12	0.76672	0.01607	0.01221	0.01092	0.01607	0.01864	0.00900	0.02442	0.01414	0.03727	0.01157	0.01350	0.00900	0.00771	0.00514	0.00257	0.00643	0.00450	0.00514	0.00900
13	0.01314	0.00948	0.01304	0.01482	0.01679	0.00938	0.01289	0.01684	0.01911	0.02469	0.04680	0.09274	0.09027	0.02281	0.01136	0.00375	0.00741	0.55941	0.00765	0.00760
14	0.03407	0.01348	0.01838	0.01456	0.02040	0.01176	0.01203	0.03737	0.02344	0.57966	0.07060	0.03489	0.02594	0.01157	0.00866	0.00266	0.00692	0.05029	0.01003	0.01331
15	0.01043	0.00740	0.00977	0.01154	0.01204	0.00698	0.00776	0.01187	0.01574	0.02096	0.04411	0.62168	0.05260	0.08148	0.01323	0.00378	0.00521	0.04929	0.00749	0.00665
16	0.01839	0.02045	0.04395	0.03199	0.03938	0.01917	0.54638	0.02467	0.01913	0.02591	0.02054	0.11006	0.01806	0.00945	0.00991	0.00287	0.01282	0.01158	0.00465	0.01063
17	0.14643	0.02214	0.02294	0.01783	0.02425	0.02465	0.01473	0.53415	0.03517	0.05000	0.01864	0.01894	0.01333	0.00962	0.00782	0.00251	0.00872	0.00701	0.00782	0.01333
18	0.01714	0.01550	0.02457	0.59968	0.05280	0.01876	0.02185	0.07387	0.01859	0.02419	0.01521	0.02174	0.01139	0.00835	0.00821	0.00268	0.01069	0.00728	0.00415	0.04336
19	0.01982	0.01898	0.03238	0.14825	0.56478	0.01954	0.02513	0.02484	0.01856	0.02624	0.01549	0.02080	0.01284	0.00754	0.00824	0.00251	0.01005	0.00740	0.00405	0.01256
20	0.67165	0.01599	0.01310	0.01152	0.01675	0.01821	0.00946	0.02667	0.04486	0.08808	0.01436	0.01554	0.01072	0.00809	0.00556	0.00258	0.00649	0.00505	0.00572	0.00961

[dist]
# distance from previous block
# <min> <max>
0	2

[block]
# block no. 2 follows, 22 sequences, length 11
# corresponding to MSA columns:
# 180-190
name=unknown_C
#
# <colnr> <probs for GDERKNQSTAVLIFYWHMCP>
#	G	D	E	R	K	N	Q	S	T	A	V	L	I	F	Y	W	H	M	C	P
0	0.10224	0.34778	0.30727	0.01792	0.02703	0.02546	0.02072	0.02544	0.01686	0.02442	0.01300	0.01516	0.01042	0.00751	0.00641	0.00223	0.01007	0.00518	0.00371	0.01117
1	0.02157	0.63583	0.11514	0.01531	0.02301	0.03131	0.01611	0.02504	0.01696	0.02032	0.01194	0.01381	0.01065	0.00720	0.00563	0.00188	0.00928	0.00464	0.00355	0.01085
2	0.01012	0.00723	0.00964	0.01157	0.01205	0.00675	0.00771	0.01157	0.01591	0.02121	0.04579	0.70262	0.05495	0.02603	0.01060	0.00337	0.00482	0.02362	0.00771	0.00675
3	0.02084	0.01753	0.01845	0.01631	0.02104	0.01988	0.01277	0.10825	0.50952	0.03555	0.03726	0.03462	0.08690	0.01210	0.00857	0.00278	0.00663	0.00999	0.00836	0.01265
4	0.01001	0.00842	0.00868	0.00862	0.01134	0.00710	0.00646	0.01230	0.01939	0.02353	0.14100	0.07816	0.59533	0.02063	0.00982	0.00279	0.00418	0.01728	0.00786	0.00710
5	0.02066	0.01785	0.01878	0.01691	0.02160	0.02066	0.01315	0.04414	0.64121	0.03475	0.03381	0.03099	0.02536	0.01127	0.00845	0.00282	0.00657	0.00939	0.00845	0.01315
6	0.01009	0.00839	0.00861	0.00858	0.01114	0.00713	0.00631	0.01215	0.01872	0.02262	0.11254	0.07714	0.57662	0.06872	0.01208	0.00316	0.00446	0.01701	0.00761	0.00692
7	0.03062	0.03158	0.02474	0.02226	0.06426	0.36420	0.01652	0.28083	0.02973	0.03409	0.01597	0.01739	0.01228	0.00908	0.00788	0.00231	0.01223	0.00636	0.00595	0.01172
8	0.02056	0.01974	0.03372	0.05099	0.65622	0.01974	0.02550	0.02550	0.01892	0.02714	0.01563	0.02056	0.01316	0.00740	0.00822	0.00247	0.00987	0.00740	0.00411	0.01316
9	0.02892	0.02151	0.02296	0.01810	0.02417	0.02391	0.01479	0.50062	0.13300	0.04833	0.02255	0.02233	0.01632	0.01016	0.00819	0.00251	0.00843	0.00780	0.05181	0.01360
10	0.02059	0.01675	0.01829	0.01597	0.02105	0.01813	0.01258	0.03885	0.47758	0.06494	0.03116	0.03171	0.02410	0.01096	0.00822	0.00260	0.00658	0.03778	0.00793	0.13423

[dist]
# distance from previous block
# <min> <max>
0	10

[block]
# block no. 3 follows, 22 sequences, length 13
# corresponding to MSA columns:
# 201-213
name=unknown_D
#
# <colnr> <probs for GDERKNQSTAVLIFYWHMCP>
#	G	D	E	R	K	N	Q	S	T	A	V	L	I	F	Y	W	H	M	C	P
0	0.02391	0.08810	0.05340	0.05434	0.02770	0.10705	0.09833	0.17768	0.17092	0.03335	0.02109	0.02238	0.01598	0.00923	0.00797	0.00248	0.00980	0.00764	0.05681	0.01183
1	0.01853	0.30614	0.37455	0.01903	0.02857	0.02390	0.02262	0.02502	0.01768	0.02410	0.05664	0.01888	0.01517	0.00820	0.00701	0.00229	0.01037	0.00607	0.00391	0.01134
2	0.12200	0.02145	0.02335	0.02147	0.10631	0.05521	0.01544	0.35355	0.02953	0.06988	0.01799	0.01904	0.01327	0.00890	0.00763	0.00235	0.00879	0.00676	0.00689	0.09019
3	0.01569	0.01477	0.02492	0.68808	0.05722	0.01846	0.02307	0.02123	0.01661	0.02123	0.01477	0.02215	0.01107	0.00831	0.00831	0.00277	0.01107	0.00738	0.00369	0.00923
4	0.01154	0.00848	0.01081	0.01023	0.01228	0.00775	0.00767	0.01526	0.02301	0.03211	0.58912	0.06403	0.14186	0.01743	0.00980	0.00263	0.00395	0.01530	0.00899	0.00775
5	0.01176	0.00849	0.01110	0.01045	0.01241	0.00784	0.00784	0.01568	0.02352	0.03331	0.65184	0.06206	0.07839	0.01698	0.00980	0.00261	0.00392	0.01502	0.00914	0.00784
6	0.01433	0.01110	0.01346	0.01289	0.01555	0.01145	0.01008	0.02334	0.18405	0.03238	0.39644	0.05885	0.05981	0.01642	0.00971	0.00285	0.00519	0.10416	0.00873	0.00920
7	0.02183	0.01910	0.02463	0.02893	0.24145	0.02091	0.01771	0.10226	0.35956	0.03407	0.02599	0.02617	0.01990	0.00979	0.00836	0.00266	0.00800	0.00849	0.00694	0.01326
8	0.02056	0.01974	0.03372	0.05099	0.65622	0.01974	0.02550	0.02550	0.01892	0.02714	0.01563	0.02056	0.01316	0.00740	0.00822	0.00247	0.00987	0.00740	0.00411	0.01316
9	0.11796	0.01612	0.01993	0.01498	0.02165	0.01442	0.06459	0.09117	0.01978	0.06517	0.01780	0.05609	0.01491	0.00819	0.00695	0.00188	0.00719	0.00681	0.00571	0.42869
10	0.19203	0.01340	0.01371	0.01230	0.01525	0.01458	0.00916	0.14261	0.01939	0.03002	0.02970	0.11874	0.09302	0.21380	0.01853	0.00430	0.03354	0.01119	0.00631	0.00842
11	0.16917	0.02316	0.05095	0.01720	0.02312	0.10192	0.01442	0.30122	0.08143	0.07202	0.05149	0.02151	0.01714	0.00976	0.00768	0.00251	0.00890	0.00718	0.00714	0.01210
12	0.25090	0.08478	0.02032	0.01450	0.02001	0.02082	0.01209	0.26200	0.02592	0.07543	0.08742	0.02292	0.01999	0.00979	0.00713	0.00244	0.00739	0.00718	0.03770	0.01128

[dist]
# distance from previous block
# <min> <max>
0	1

[block]
# block no. 4 follows, 22 sequences, length 10
# corresponding to MSA columns:
# 215-224
name=unknown_E
#
# <colnr> <probs for GDERKNQSTAVLIFYWHMCP>
#	G	D	E	R	K	N	Q	S	T	A	V	L	I	F	Y	W	H	M	C	P
0	0.32728	0.01839	0.05075	0.01464	0.02037	0.01863	0.01248	0.17574	0.06041	0.14136	0.02111	0.06877	0.01656	0.01024	0.00719	0.00263	0.00740	0.00763	0.00706	0.01136
1	0.02706	0.01933	0.02311	0.01766	0.02415	0.01973	0.05526	0.34204	0.05920	0.12103	0.02592	0.02569	0.06222	0.01007	0.00819	0.00236	0.00825	0.00817	0.00770	0.13284
2	0.01814	0.01388	0.01657	0.01243	0.01898	0.01069	0.00981	0.02154	0.01763	0.08004	0.01970	0.09352	0.01769	0.00869	0.00683	0.00158	0.00608	0.00727	0.00568	0.61325
3	0.02799	0.01767	0.02510	0.02469	0.15519	0.01749	0.06429	0.10093	0.13864	0.27410	0.02610	0.02541	0.01829	0.00943	0.00838	0.00256	0.00831	0.00825	0.00778	0.03941
4	0.29340	0.07190	0.07181	0.01284	0.01859	0.01565	0.01141	0.02260	0.01674	0.06308	0.06391	0.09476	0.02072	0.01014	0.00673	0.00229	0.00673	0.00780	0.00567	0.18325
5	0.01780	0.01832	0.06160	0.20786	0.27457	0.01799	0.09688	0.02387	0.04695	0.02561	0.06395	0.02666	0.01883	0.05126	0.01063	0.00296	0.01012	0.00857	0.00461	0.01095
6	0.39034	0.01931	0.06437	0.01902	0.06975	0.01859	0.09496	0.07410	0.01846	0.08762	0.01547	0.01749	0.01150	0.00790	0.00677	0.00250	0.00834	0.00612	0.00550	0.06190
7	0.10291	0.07237	0.09573	0.02146	0.02845	0.06697	0.20045	0.02767	0.07172	0.07146	0.06793	0.02344	0.01851	0.00858	0.00801	0.00244	0.00998	0.00790	0.00543	0.08860
8	0.02104	0.02090	0.06535	0.06432	0.08749	0.01864	0.38691	0.02713	0.01951	0.09627	0.01806	0.02212	0.01333	0.00740	0.00896	0.00257	0.01182	0.00864	0.00489	0.09467
9	0.25147	0.08876	0.41077	0.01893	0.02856	0.02019	0.02258	0.02560	0.01642	0.02919	0.01359	0.01593	0.01006	0.00777	0.00683	0.00254	0.01017	0.00549	0.00402	0.01112

[dist]
# distance from previous block
# <min> <max>
6	15

[block]
# block no. 5 follows, 22 sequences, length 14
# corresponding to MSA columns:
# 240-253
name=unknown_F
#
# <colnr> <probs for GDERKNQSTAVLIFYWHMCP>
#	G	D	E	R	K	N	Q	S	T	A	V	L	I	F	Y	W	H	M	C	P
0	0.29567	0.01806	0.01853	0.01496	0.02050	0.01988	0.01233	0.24869	0.02511	0.15341	0.01916	0.01957	0.01364	0.00941	0.00792	0.00256	0.03865	0.00657	0.04363	0.01174
1	0.07198	0.01516	0.01815	0.01484	0.02017	0.01497	0.01204	0.13574	0.09077	0.29793	0.09768	0.05664	0.02780	0.01190	0.00845	0.00261	0.00689	0.03842	0.00883	0.04901
2	0.58470	0.01923	0.07885	0.01312	0.01918	0.01889	0.01193	0.07612	0.01717	0.07661	0.01393	0.01536	0.01030	0.00808	0.00588	0.00257	0.00728	0.00515	0.00557	0.01008
3	0.01920	0.01771	0.02898	0.49764	0.05155	0.01933	0.10773	0.02369	0.01873	0.02511	0.01784	0.02537	0.01414	0.00978	0.00944	0.00312	0.01172	0.00832	0.00489	0.08571
4	0.76672	0.01607	0.01221	0.01092	0.01607	0.01864	0.00900	0.02442	0.01414	0.03727	0.01157	0.01350	0.00900	0.00771	0.00514	0.00257	0.00643	0.00450	0.00514	0.00900
5	0.01919	0.01884	0.03065	0.13587	0.18773	0.02210	0.11097	0.04657	0.04077	0.02473	0.01477	0.02058	0.01241	0.01037	0.01553	0.00301	0.26315	0.00779	0.00421	0.01078
6	0.01650	0.01539	0.02487	0.57998	0.09234	0.01876	0.02224	0.02379	0.07908	0.02296	0.01672	0.02293	0.01263	0.00854	0.00832	0.00275	0.01055	0.00758	0.00419	0.00987
7	0.01841	0.01754	0.02983	0.33221	0.39181	0.01917	0.02443	0.02361	0.01790	0.02453	0.01525	0.02126	0.01224	0.00780	0.00826	0.00260	0.01040	0.00739	0.00393	0.01142
8	0.01933	0.02179	0.04646	0.06549	0.04279	0.02115	0.56102	0.02596	0.01905	0.02596	0.01636	0.02214	0.01243	0.00751	0.01077	0.00285	0.05426	0.00954	0.00414	0.01098
9	0.01010	0.00732	0.00954	0.01132	0.01198	0.00677	0.00760	0.01160	0.01614	0.02130	0.04882	0.65341	0.10220	0.02563	0.01054	0.00333	0.00477	0.02314	0.00771	0.00677
10	0.01463	0.01166	0.01352	0.01382	0.01622	0.01244	0.01041	0.02461	0.24870	0.02665	0.04256	0.28429	0.08021	0.05341	0.01146	0.00343	0.00604	0.10889	0.00785	0.00920
11	0.01176	0.00849	0.01110	0.01045	0.01241	0.00784	0.00784	0.01568	0.02352	0.03331	0.65184	0.06206	0.07839	0.01698	0.00980	0.00261	0.00392	0.01502	0.00914	0.00784
12	0.02066	0.01785	0.01878	0.01691	0.02160	0.02066	0.01315	0.04414	0.64121	0.03475	0.03381	0.03099	0.02536	0.01127	0.00845	0.00282	0.00657	0.00939	0.00845	0.01315
13	0.01627	0.01113	0.01463	0.01550	0.01816	0.01140	0.01326	0.02295	0.11134	0.07450	0.04164	0.07950	0.04243	0.02027	0.01079	0.00358	0.00745	0.46828	0.00797	0.00895

[dist]
# distance from previous block
# <min> <max>
2	4

[block]
# block no. 6 follows, 22 sequences, length 14
# corresponding to MSA columns:
# 258-271
name=unknown_G
#
# <colnr> <probs for GDERKNQSTAVLIFYWHMCP>
#	G	D	E	R	K	N	Q	S	T	A	V	L	I	F	Y	W	H	M	C	P
0	0.02027	0.01944	0.03319	0.08966	0.61987	0.01966	0.02535	0.02524	0.01878	0.02678	0.01557	0.02066	0.01303	0.00746	0.00823	0.00249	0.00994	0.00740	0.00409	0.01292
1	0.76672	0.01607	0.01221	0.01092	0.01607	0.01864	0.00900	0.02442	0.01414	0.03727	0.01157	0.01350	0.00900	0.00771	0.00514	0.00257	0.00643	0.00450	0.00514	0.00900
2	0.02019	0.01919	0.03178	0.09767	0.55626	0.01972	0.02427	0.02673	0.07107	0.02732	0.01709	0.02156	0.01402	0.00780	0.00825	0.00252	0.00969	0.00757	0.00444	0.01285
3	0.01569	0.01477	0.02492	0.68808	0.05722	0.01846	0.02307	0.02123	0.01661	0.02123	0.01477	0.02215	0.01107	0.00831	0.00831	0.00277	0.01107	0.00738	0.00369	0.00923
4	0.01269	0.00882	0.01097	0.01039	0.01279	0.00794	0.00794	0.01611	0.02220	0.06313	0.45141	0.06615	0.21623	0.01791	0.00980	0.00271	0.00432	0.04174	0.00878	0.00796
5	0.01176	0.00849	0.01110	0.01045	0.01241	0.00784	0.00784	0.01568	0.02352	0.03331	0.65184	0.06206	0.07839	0.01698	0.00980	0.00261	0.00392	0.01502	0.00914	0.00784
6	0.02999	0.02208	0.02409	0.05240	0.02657	0.02451	0.01567	0.56805	0.03687	0.04974	0.02003	0.02060	0.01432	0.00987	0.00819	0.00248	0.00898	0.00749	0.04450	0.01357
7	0.01666	0.04297	0.66500	0.02368	0.03596	0.01929	0.03069	0.02631	0.01754	0.02631	0.01491	0.01754	0.01052	0.00789	0.00789	0.00263	0.01228	0.00614	0.00351	0.01228
8	0.01875	0.01755	0.02949	0.39388	0.22497	0.01966	0.07436	0.07398	0.01941	0.02600	0.01562	0.02153	0.01206	0.00808	0.00841	0.00266	0.01082	0.00760	0.00424	0.01093
9	0.01826	0.01346	0.01823	0.01883	0.12148	0.01161	0.01248	0.02188	0.01899	0.09899	0.09725	0.11001	0.02903	0.01181	0.00813	0.00221	0.00657	0.05962	0.00644	0.31472
10	0.14122	0.18891	0.36346	0.01907	0.02853	0.02282	0.02216	0.07682	0.01866	0.02877	0.01403	0.01613	0.01061	0.00786	0.00690	0.00242	0.01029	0.00560	0.00419	0.01153
11	0.05577	0.01798	0.02946	0.10107	0.36009	0.01772	0.07205	0.02718	0.01918	0.13025	0.01818	0.02153	0.01385	0.00783	0.00808	0.00244	0.00942	0.00742	0.00520	0.07529
12	0.07905	0.08037	0.02655	0.26313	0.12195	0.15986	0.04230	0.04726	0.01915	0.02432	0.01585	0.05451	0.01355	0.00903	0.00780	0.00252	0.01091	0.00742	0.00438	0.01008
13	0.01958	0.01654	0.02154	0.07289	0.02554	0.01509	0.06430	0.13828	0.02151	0.03102	0.01809	0.06606	0.01553	0.00852	0.00737	0.00189	0.00772	0.00733	0.00560	0.43560

[dist]
# distance from previous block
# <min> <max>
2	5

[block]
# block no. 7 follows, 22 sequences, length 11
# corresponding to MSA columns:
# 277-287
name=unknown_H
#
# <colnr> <probs for GDERKNQSTAVLIFYWHMCP>
#	G	D	E	R	K	N	Q	S	T	A	V	L	I	F	Y	W	H	M	C	P
0	0.18022	0.01550	0.04011	0.01387	0.01888	0.01491	0.01150	0.11027	0.06053	0.19123	0.13959	0.08686	0.03035	0.01208	0.00803	0.00260	0.00658	0.00979	0.00794	0.03916
1	0.34011	0.31955	0.06485	0.01360	0.01987	0.05677	0.01284	0.02488	0.01629	0.02801	0.03264	0.01531	0.01215	0.00780	0.00565	0.00221	0.00817	0.00496	0.00445	0.00990
2	0.01466	0.01100	0.01370	0.01324	0.04742	0.00991	0.00940	0.05303	0.02154	0.05315	0.28778	0.12190	0.16144	0.01583	0.00909	0.00250	0.00516	0.01373	0.00779	0.12773
3	0.01981	0.01897	0.03236	0.14964	0.56347	0.01954	0.02512	0.02483	0.01856	0.02622	0.01549	0.02081	0.01284	0.00754	0.00824	0.00251	0.01006	0.00740	0.00405	0.01255
4	0.10348	0.02443	0.12378	0.01863	0.02467	0.06161	0.01699	0.30548	0.02666	0.03786	0.01734	0.01999	0.01334	0.01613	0.09137	0.00393	0.06947	0.00698	0.00609	0.01176
5	0.02175	0.01690	0.01919	0.01459	0.02129	0.01417	0.01133	0.10526	0.02136	0.05606	0.01914	0.02364	0.01619	0.05643	0.00998	0.00237	0.00748	0.00665	0.00634	0.54987
6	0.09420	0.01578	0.01802	0.01628	0.04256	0.01669	0.01232	0.07304	0.26540	0.18749	0.02958	0.05173	0.02318	0.05891	0.01053	0.00307	0.00704	0.03119	0.00803	0.03497
7	0.06773	0.25569	0.29494	0.02334	0.12486	0.02330	0.02208	0.02531	0.01731	0.02512	0.01419	0.01690	0.01131	0.00762	0.00684	0.00229	0.01008	0.00574	0.03384	0.01149
8	0.08532	0.39204	0.22046	0.01676	0.02515	0.02575	0.01841	0.02672	0.01749	0.08336	0.01453	0.01598	0.01141	0.00769	0.00635	0.00217	0.00950	0.00531	0.00431	0.01132
9	0.32154	0.08358	0.19098	0.11478	0.06837	0.01969	0.01823	0.02413	0.01600	0.02932	0.01434	0.03984	0.01168	0.00840	0.00673	0.00257	0.00902	0.00618	0.00438	0.01023
10	0.08208	0.06983	0.19617	0.02782	0.07516	0.01997	0.29251	0.02521	0.01813	0.02678	0.01682	0.05302	0.01376	0.00822	0.00844	0.00262	0.01159	0.00843	0.00426	0.03916

[dist]
# distance from previous block
# <min> <max>
5	9

[block]
# block no. 8 follows, 22 sequences, length 9
# corresponding to MSA columns:
# 297-305
name=unknown_I
#
# <colnr> <probs for GDERKNQSTAVLIFYWHMCP>
#	G	D	E	R	K	N	Q	S	T	A	V	L	I	F	Y	W	H	M	C	P
0	0.02177	0.01575	0.02378	0.36662	0.11184	0.01757	0.01941	0.06676	0.06223	0.15400	0.02257	0.02570	0.03704	0.00936	0.00837	0.00268	0.00946	0.00808	0.00584	0.01117
1	0.65602	0.01532	0.01285	0.05008	0.01812	0.01766	0.00971	0.02346	0.01512	0.03599	0.06877	0.01832	0.01530	0.00857	0.00574	0.00259	0.00647	0.00560	0.00541	0.00891
2	0.10440	0.01778	0.02787	0.18463	0.39443	0.01857	0.02171	0.02402	0.01771	0.02698	0.01490	0.01982	0.01215	0.00753	0.00771	0.00244	0.00942	0.00685	0.00421	0.07689
3	0.01874	0.01977	0.03749	0.10631	0.09223	0.02035	0.33416	0.02415	0.01775	0.02493	0.01522	0.02094	0.01215	0.00842	0.01217	0.00275	0.13141	0.00837	0.00411	0.08858
4	0.02055	0.02090	0.02333	0.01813	0.02434	0.14715	0.11256	0.05724	0.04468	0.02678	0.02161	0.04812	0.05766	0.00894	0.00764	0.00199	0.00922	0.00768	0.00529	0.33621
5	0.01964	0.01678	0.02559	0.01935	0.02513	0.01619	0.18131	0.12318	0.02126	0.03122	0.01993	0.05773	0.01654	0.00917	0.00881	0.00225	0.04449	0.00834	0.14530	0.20780
6	0.01813	0.01593	0.02271	0.02072	0.07669	0.01754	0.07407	0.09369	0.05268	0.02876	0.13215	0.07179	0.02860	0.05986	0.01560	0.00316	0.17474	0.01017	0.00599	0.07704
7	0.08738	0.01892	0.01877	0.09264	0.02469	0.12606	0.01426	0.11454	0.10094	0.07620	0.04321	0.08126	0.02563	0.01332	0.00873	0.00284	0.00891	0.12451	0.00685	0.01033
8	0.02045	0.02046	0.06215	0.02917	0.24143	0.04635	0.01858	0.03485	0.33296	0.03054	0.02607	0.02910	0.02080	0.01021	0.00845	0.00271	0.00845	0.03812	0.00645	0.01268

[dist]
# distance from previous block
# <min> <max>
10	45

[block]
# block no. 9 follows, 22 sequences, length 59
# corresponding to MSA columns:
# 356-414
name=unknown_J
#
# <colnr> <probs for GDERKNQSTAVLIFYWHMCP>
#	G	D	E	R	K	N	Q	S	T	A	V	L	I	F	Y	W	H	M	C	P
0	0.01992	0.08692	0.02047	0.01575	0.01899	0.06368	0.01259	0.16680	0.04316	0.02994	0.06248	0.19249	0.05985	0.01523	0.01157	0.00280	0.11594	0.01196	0.03961	0.00983
1	0.02411	0.01675	0.01868	0.01627	0.02120	0.01837	0.01278	0.07024	0.44725	0.16681	0.03358	0.06698	0.02543	0.01181	0.00854	0.00278	0.00671	0.00987	0.00879	0.01305
2	0.02221	0.71304	0.04353	0.01421	0.02132	0.03287	0.01421	0.02488	0.01688	0.01955	0.01155	0.01333	0.01066	0.00711	0.00533	0.00178	0.00888	0.00444	0.00355	0.01066
3	0.01012	0.00723	0.00964	0.01157	0.01205	0.00675	0.00771	0.01157	0.01591	0.02121	0.04579	0.70262	0.05495	0.02603	0.01060	0.00337	0.00482	0.02362	0.00771	0.00675
4	0.02666	0.16161	0.02618	0.01874	0.02379	0.34980	0.01493	0.06322	0.18460	0.02550	0.01842	0.01909	0.01469	0.00906	0.00737	0.00227	0.01134	0.00634	0.00543	0.01096
5	0.01213	0.00917	0.01011	0.00964	0.01250	0.00813	0.00731	0.01579	0.05082	0.05599	0.22018	0.07066	0.44957	0.01904	0.00968	0.00275	0.00439	0.01608	0.00823	0.00786
6	0.01682	0.01434	0.01680	0.01226	0.01925	0.01083	0.00972	0.02039	0.01715	0.02674	0.01652	0.05605	0.01472	0.00728	0.00640	0.00135	0.00608	0.00598	0.00508	0.71623
7	0.02066	0.01785	0.01878	0.01691	0.02160	0.02066	0.01315	0.04414	0.64121	0.03475	0.03381	0.03099	0.02536	0.01127	0.00845	0.00282	0.00657	0.00939	0.00845	0.01315
8	0.02921	0.02158	0.02320	0.01817	0.02413	0.02384	0.01477	0.54543	0.06314	0.04839	0.02185	0.04728	0.01702	0.05015	0.01032	0.00285	0.00881	0.00841	0.00811	0.01330
9	0.02116	0.01982	0.02987	0.23684	0.32994	0.05238	0.04561	0.11185	0.02139	0.02865	0.01590	0.02075	0.01253	0.00809	0.00829	0.00256	0.01054	0.00740	0.00460	0.01186
10	0.01666	0.04297	0.66500	0.02368	0.03596	0.01929	0.03069	0.02631	0.01754	0.02631	0.01491	0.01754	0.01052	0.00789	0.00789	0.00263	0.01228	0.00614	0.00351	0.01228
11	0.01666	0.04297	0.66500	0.02368	0.03596	0.01929	0.03069	0.02631	0.01754	0.02631	0.01491	0.01754	0.01052	0.00789	0.00789	0.00263	0.01228	0.00614	0.00351	0.01228
12	0.01953	0.02218	0.04772	0.03428	0.04222	0.02125	0.59247	0.02625	0.01923	0.02625	0.01648	0.02218	0.01251	0.00742	0.01077	0.00285	0.05151	0.00966	0.00417	0.01109
13	0.01478	0.02809	0.36585	0.02065	0.02835	0.01509	0.08286	0.02133	0.01734	0.02470	0.02617	0.23142	0.02640	0.01419	0.00912	0.00294	0.00991	0.04550	0.00510	0.01022
14	0.06045	0.04140	0.62689	0.02293	0.03479	0.01925	0.02943	0.02620	0.01734	0.02695	0.01471	0.01730	0.01043	0.00788	0.00773	0.00263	0.01194	0.00604	0.00360	0.01209
15	0.01187	0.00890	0.01335	0.01335	0.01483	0.01038	0.01038	0.01483	0.01335	0.01928	0.02225	0.03264	0.02077	0.06231	0.67512	0.01335	0.02225	0.00890	0.00445	0.00742
16	0.01189	0.00790	0.01033	0.01170	0.01284	0.00727	0.00821	0.01365	0.01686	0.05896	0.04854	0.56517	0.10908	0.02444	0.01045	0.00330	0.00508	0.05922	0.00786	0.00726
17	0.01606	0.01549	0.02721	0.62596	0.05590	0.01870	0.08043	0.02174	0.01690	0.02174	0.01496	0.02217	0.01122	0.00818	0.00845	0.00277	0.01135	0.00761	0.00374	0.00942
18	0.01443	0.00722	0.01082	0.01082	0.01082	0.00722	0.00722	0.01082	0.01082	0.01443	0.01443	0.02525	0.01443	0.02886	0.03247	0.75830	0.00722	0.00722	0.00361	0.00361
19	0.02056	0.01974	0.03372	0.05099	0.65622	0.01974	0.02550	0.02550	0.01892	0.02714	0.01563	0.02056	0.01316	0.00740	0.00822	0.00247	0.00987	0.00740	0.00411	0.01316
20	0.01908	0.01764	0.02958	0.14887	0.48503	0.01823	0.02321	0.02398	0.01846	0.02632	0.01770	0.02529	0.01515	0.00850	0.00825	0.00255	0.00956	0.03827	0.05244	0.01189
21	0.01666	0.04297	0.66500	0.02368	0.03596	0.01929	0.03069	0.02631	0.01754	0.02631	0.01491	0.01754	0.01052	0.00789	0.00789	0.00263	0.01228	0.00614	0.00351	0.01228
22	0.01569	0.01477	0.02492	0.68808	0.05722	0.01846	0.02307	0.02123	0.01661	0.02123	0.01477	0.02215	0.01107	0.00831	0.00831	0.00277	0.01107	0.00738	0.00369	0.00923
23	0.01809	0.08454	0.59145	0.02261	0.03425	0.01980	0.02867	0.02695	0.01782	0.05895	0.01562	0.01783	0.01105	0.00797	0.00775	0.00257	0.01179	0.00614	0.00386	0.01227
24	0.01850	0.02689	0.20661	0.09718	0.07407	0.02024	0.38070	0.02594	0.01874	0.02603	0.01605	0.02102	0.01194	0.00738	0.00908	0.00274	0.01306	0.00849	0.00397	0.01139
25	0.00982	0.00842	0.00842	0.00842	0.01122	0.00701	0.00631	0.01192	0.01894	0.02244	0.08416	0.07995	0.65285	0.02104	0.00982	0.00281	0.00421	0.01753	0.00771	0.00701
26	0.02221	0.71304	0.04353	0.01421	0.02132	0.03287	0.01421	0.02488	0.01688	0.01955	0.01155	0.01333	0.01066	0.00711	0.00533	0.00178	0.00888	0.00444	0.00355	0.01066
27	0.01649	0.01558	0.02637	0.58321	0.15581	0.01867	0.02347	0.02193	0.01699	0.02220	0.01491	0.02189	0.01142	0.00816	0.00829	0.00272	0.01088	0.00739	0.00376	0.00988
28	0.01666	0.04297	0.66500	0.02368	0.03596	0.01929	0.03069	0.02631	0.01754	0.02631	0.01491	0.01754	0.01052	0.00789	0.00789	0.00263	0.01228	0.00614	0.00351	0.01228
29	0.01569	0.01477	0.02492	0.68808	0.05722	0.01846	0.02307	0.02123	0.01661	0.02123	0.01477	0.02215	0.01107	0.00831	0.00831	0.00277	0.01107	0.00738	0.00369	0.00923
30	0.01176	0.00849	0.01110	0.01045	0.01241	0.00784	0.00784	0.01568	0.02352	0.03331	0.65184	0.06206	0.07839	0.01698	0.00980	0.00261	0.00392	0.01502	0.00914	0.00784
31	0.03615	0.01571	0.05450	0.01527	0.02201	0.01260	0.01322	0.03971	0.02344	0.62731	0.03180	0.02769	0.02002	0.01015	0.00833	0.00257	0.00735	0.00823	0.00991	0.01404
32	0.01569	0.01477	0.02492	0.68808	0.05722	0.01846	0.02307	0.02123	0.01661	0.02123	0.01477	0.02215	0.01107	0.00831	0.00831	0.00277	0.01107	0.00738	0.00369	0.00923
33	0.01818	0.01818	0.02545	0.02181	0.02181	0.02545	0.01818	0.01999	0.01272	0.01999	0.01091	0.01818	0.01091	0.01454	0.02726	0.00364	0.69284	0.00727	0.00364	0.00909
34	0.02026	0.01967	0.03427	0.08119	0.58747	0.01976	0.06398	0.02536	0.01885	0.02682	0.01566	0.02076	0.01302	0.00742	0.00833	0.00250	0.01019	0.00756	0.00410	0.01284
35	0.03103	0.03959	0.02354	0.02140	0.02568	0.67469	0.01605	0.03317	0.02354	0.02033	0.01284	0.01498	0.01070	0.00856	0.00749	0.00214	0.01498	0.00535	0.00428	0.00963
36	0.03548	0.04545	0.02145	0.01564	0.02214	0.01583	0.01302	0.15921	0.02659	0.51113	0.02928	0.02595	0.01884	0.01009	0.00822	0.00252	0.00757	0.00801	0.00960	0.01399
37	0.02094	0.02110	0.03543	0.04723	0.53668	0.05203	0.11190	0.02603	0.01924	0.02673	0.01566	0.02055	0.01296	0.00740	0.00842	0.00250	0.01072	0.00765	0.00413	0.01270
38	0.76672	0.01607	0.01221	0.01092	0.01607	0.01864	0.00900	0.02442	0.01414	0.03727	0.01157	0.01350	0.00900	0.00771	0.00514	0.00257	0.00643	0.00450	0.00514	0.00900
39	0.01961	0.02241	0.04902	0.03501	0.04342	0.02101	0.62605	0.02661	0.01961	0.02661	0.01681	0.02241	0.01261	0.00700	0.00980	0.00280	0.01401	0.00980	0.00420	0.01120
40	0.01443	0.00722	0.01082	0.01082	0.01082	0.00722	0.00722	0.01082	0.01082	0.01443	0.01443	0.02525	0.01443	0.02886	0.03247	0.75830	0.00722	0.00722	0.00361	0.00361
41	0.01569	0.01477	0.02492	0.68808	0.05722	0.01846	0.02307	0.02123	0.01661	0.02123	0.01477	0.02215	0.01107	0.00831	0.00831	0.00277	0.01107	0.00738	0.00369	0.00923
42	0.01569	0.01477	0.02492	0.68808	0.05722	0.01846	0.02307	0.02123	0.01661	0.02123	0.01477	0.02215	0.01107	0.00831	0.00831	0.00277	0.01107	0.00738	0.00369	0.00923
43	0.03727	0.01414	0.01928	0.01478	0.02121	0.01221	0.01221	0.04049	0.02378	0.66198	0.03277	0.02828	0.02056	0.01028	0.00835	0.00257	0.00707	0.00835	0.01028	0.01414
44	0.01443	0.00722	0.01082	0.01082	0.01082	0.00722	0.00722	0.01082	0.01082	0.01443	0.01443	0.02525	0.01443	0.02886	0.03247	0.75830	0.00722	0.00722	0.00361	0.00361
45	0.02221	0.71304	0.04353	0.01421	0.02132	0.03287	0.01421	0.02488	0.01688	0.01955	0.01155	0.01333	0.01066	0.00711	0.00533	0.00178	0.00888	0.00444	0.00355	0.01066
46	0.01238	0.00901	0.01208	0.01345	0.01528	0.00871	0.01118	0.01574	0.01930	0.02530	0.13072	0.16264	0.11793	0.02231	0.01096	0.00350	0.00643	0.38771	0.00787	0.00750
47	0.02221	0.71304	0.04353	0.01421	0.02132	0.03287	0.01421	0.02488	0.01688	0.01955	0.01155	0.01333	0.01066	0.00711	0.00533	0.00178	0.00888	0.00444	0.00355	0.01066
48	0.02056	0.01974	0.03372	0.05099	0.65622	0.01974	0.02550	0.02550	0.01892	0.02714	0.01563	0.02056	0.01316	0.00740	0.00822	0.00247	0.00987	0.00740	0.00411	0.01316
49	0.02065	0.01742	0.01889	0.01571	0.02141	0.01822	0.01239	0.09252	0.39364	0.03408	0.02668	0.02574	0.02031	0.00959	0.00774	0.00230	0.00669	0.00785	0.00736	0.24080
50	0.01725	0.07948	0.55585	0.02376	0.03484	0.02052	0.06735	0.02592	0.01738	0.02560	0.01463	0.01764	0.01069	0.00814	0.00887	0.00264	0.04760	0.00633	0.00356	0.01195
51	0.02459	0.02754	0.01970	0.01825	0.02181	0.37741	0.01368	0.08002	0.08214	0.02460	0.02291	0.16164	0.02224	0.01573	0.04728	0.00315	0.01197	0.00995	0.00576	0.00963
52	0.05465	0.01020	0.01334	0.01462	0.01685	0.01041	0.01255	0.01874	0.04937	0.02691	0.10616	0.08295	0.04785	0.02092	0.01081	0.00358	0.00714	0.47723	0.00771	0.00801
53	0.01208	0.00805	0.00906	0.00906	0.00906	0.00805	0.00503	0.01208	0.01208	0.01611	0.02618	0.05436	0.03020	0.70804	0.04228	0.00805	0.00805	0.01208	0.00503	0.00503
54	0.02666	0.01973	0.02290	0.12022	0.02894	0.02171	0.01575	0.38865	0.08550	0.07682	0.02213	0.05638	0.01699	0.01047	0.00833	0.00255	0.00872	0.00837	0.00752	0.05167
55	0.09406	0.38419	0.28117	0.01755	0.02647	0.02620	0.02008	0.02539	0.01686	0.02393	0.01285	0.01498	0.01044	0.00747	0.00630	0.00219	0.00995	0.00510	0.00369	0.01112
56	0.01991	0.01907	0.03254	0.13654	0.57579	0.01957	0.02517	0.02492	0.01861	0.02635	0.01551	0.02077	0.01288	0.00752	0.00824	0.00251	0.01003	0.00740	0.00406	0.01263
57	0.09674	0.01719	0.01837	0.01484	0.01978	0.01838	0.01183	0.31074	0.05526	0.06445	0.08542	0.02850	0.02295	0.07893	0.01116	0.00295	0.00743	0.00838	0.06728	0.05941
58	0.01440	0.01129	0.01512	0.01379	0.01657	0.01096	0.03864	0.01785	0.04727	0.05507	0.06575	0.32598	0.10834	0.01828	0.01109	0.00285	0.07178	0.01579	0.00692	0.13228

[dist]
# distance from previous block
# <min> <max>
1	5

[block]
# block no. 10 follows, 22 sequences, length 7
# corresponding to MSA columns:
# 420-426
name=unknown_K
#
# <colnr> <probs for GDERKNQSTAVLIFYWHMCP>
#	G	D	E	R	K	N	Q	S	T	A	V	L	I	F	Y	W	H	M	C	P
0	0.16470	0.26908	0.23290	0.01612	0.02383	0.02244	0.01766	0.02404	0.01742	0.02699	0.09648	0.02109	0.01916	0.00877	0.00670	0.00232	0.00884	0.00638	0.00458	0.01049
1	0.01730	0.01543	0.02255	0.27552	0.03446	0.08185	0.09525	0.01918	0.01550	0.01924	0.01471	0.02263	0.01252	0.01601	0.01764	0.29122	0.01039	0.00743	0.00379	0.00738
2	0.48417	0.01780	0.07488	0.08188	0.02246	0.01717	0.01262	0.02435	0.01598	0.06638	0.05072	0.01862	0.01422	0.00835	0.00623	0.00250	0.00732	0.00579	0.00533	0.06323
3	0.09400	0.01665	0.01921	0.01486	0.02099	0.01619	0.01211	0.13004	0.06387	0.16979	0.02026	0.02073	0.01488	0.00879	0.00857	0.00214	0.05609	0.00653	0.00682	0.29751
4	0.02589	0.02059	0.03021	0.02244	0.02956	0.02067	0.19918	0.26651	0.07075	0.10173	0.02058	0.02195	0.01486	0.00870	0.00849	0.00245	0.00983	0.00807	0.00683	0.11069
5	0.11016	0.11454	0.02355	0.01685	0.02232	0.19456	0.01372	0.17211	0.05147	0.12446	0.06255	0.02167	0.01809	0.00956	0.00747	0.00235	0.00958	0.00692	0.00662	0.01144
6	0.01569	0.01477	0.02492	0.68808	0.05722	0.01846	0.02307	0.02123	0.01661	0.02123	0.01477	0.02215	0.01107	0.00831	0.00831	0.00277	0.01107	0.00738	0.00369	0.00923

[dist]
# distance from previous block
# <min> <max>
0	4

[block]
# block no. 11 follows, 22 sequences, length 7
# corresponding to MSA columns:
# 431-437
name=unknown_L
#
# <colnr> <probs for GDERKNQSTAVLIFYWHMCP>
#	G	D	E	R	K	N	Q	S	T	A	V	L	I	F	Y	W	H	M	C	P
0	0.76672	0.01607	0.01221	0.01092	0.01607	0.01864	0.00900	0.02442	0.01414	0.03727	0.01157	0.01350	0.00900	0.00771	0.00514	0.00257	0.00643	0.00450	0.00514	0.00900
1	0.01633	0.01542	0.02607	0.60442	0.13587	0.01863	0.02339	0.02179	0.01691	0.02200	0.01488	0.02194	0.01135	0.00819	0.00829	0.00273	0.01092	0.00739	0.00375	0.00974
2	0.06255	0.03143	0.02383	0.02037	0.02549	0.39899	0.04218	0.15310	0.07780	0.06101	0.01713	0.01824	0.01312	0.00905	0.00778	0.00234	0.01229	0.00642	0.00577	0.01109
3	0.06946	0.01537	0.01828	0.01439	0.02033	0.01454	0.01165	0.10637	0.09360	0.28463	0.08820	0.02778	0.02371	0.01002	0.00786	0.00231	0.00673	0.00809	0.00831	0.16838
4	0.01633	0.01542	0.02608	0.60376	0.13650	0.01863	0.02339	0.02179	0.01692	0.02201	0.01488	0.02194	0.01135	0.00819	0.00829	0.00273	0.01091	0.00739	0.00375	0.00975
5	0.09244	0.01594	0.02547	0.48671	0.17820	0.01874	0.02216	0.02244	0.01684	0.02408	0.01462	0.02094	0.01130	0.00806	0.00797	0.00269	0.01035	0.00710	0.00393	0.01003
6	0.57202	0.01564	0.01506	0.08242	0.07330	0.01792	0.01150	0.02326	0.01463	0.03322	0.01332	0.01802	0.01114	0.06017	0.00850	0.00299	0.00731	0.00560	0.00490	0.00907

[dist]
# distance from previous block
# <min> <max>
9	14

[block]
# block no. 12 follows, 22 sequences, length 34
# corresponding to MSA columns:
# 452-485
name=unknown_M
#
# <colnr> <probs for GDERKNQSTAVLIFYWHMCP>
#	G	D	E	R	K	N	Q	S	T	A	V	L	I	F	Y	W	H	M	C	P
0	0.12861	0.01529	0.02403	0.55871	0.05045	0.01859	0.04654	0.02193	0.01637	0.02386	0.01437	0.02086	0.01083	0.00816	0.00789	0.00274	0.01050	0.00705	0.00393	0.00928
1	0.46567	0.01896	0.01921	0.08099	0.02430	0.07999	0.07244	0.02622	0.05710	0.03207	0.01395	0.01674	0.01089	0.00835	0.00745	0.00264	0.04265	0.00584	0.00497	0.00957
2	0.01901	0.08535	0.03158	0.27154	0.38381	0.02056	0.02355	0.02393	0.01791	0.02432	0.01493	0.02042	0.01218	0.00769	0.00797	0.00251	0.01020	0.00711	0.00391	0.01153
3	0.02078	0.54912	0.13084	0.08104	0.02691	0.02952	0.01744	0.02473	0.01695	0.02068	0.01234	0.01479	0.01068	0.00734	0.00599	0.00200	0.00958	0.00497	0.00356	0.01075
4	0.02024	0.01941	0.03314	0.09304	0.61669	0.01965	0.02534	0.02521	0.01876	0.02675	0.01557	0.02067	0.01302	0.00746	0.00823	0.00249	0.00995	0.00740	0.00408	0.01290
5	0.35170	0.01722	0.04762	0.11558	0.06085	0.01747	0.01420	0.06246	0.01880	0.19388	0.01830	0.01949	0.01285	0.00857	0.00691	0.00259	0.00789	0.00632	0.00628	0.01102
6	0.16328	0.01751	0.05169	0.01851	0.08278	0.01655	0.01409	0.08911	0.09843	0.29353	0.05323	0.02540	0.01985	0.00981	0.00781	0.00259	0.00747	0.00780	0.00795	0.01261
7	0.02158	0.02167	0.03273	0.04812	0.59496	0.08337	0.02458	0.02624	0.01937	0.02648	0.01536	0.02002	0.01292	0.00751	0.00815	0.00244	0.01037	0.00720	0.00413	0.01282
8	0.02967	0.06602	0.02518	0.04704	0.05511	0.49251	0.01662	0.12261	0.02513	0.02551	0.01406	0.01618	0.01135	0.00865	0.00758	0.00222	0.01344	0.00580	0.00483	0.01051
9	0.01347	0.00984	0.01220	0.01125	0.01362	0.00946	0.00852	0.07474	0.02427	0.03377	0.51920	0.10122	0.10222	0.01712	0.00971	0.00266	0.00450	0.01500	0.00889	0.00833
10	0.01619	0.01469	0.02210	0.01736	0.02288	0.01296	0.13992	0.02191	0.07801	0.02617	0.02524	0.20055	0.02489	0.01207	0.00832	0.00228	0.00750	0.01132	0.00585	0.32978
11	0.01638	0.00992	0.01285	0.01151	0.01434	0.00925	0.00884	0.02126	0.05756	0.13523	0.51753	0.05487	0.06610	0.01558	0.00949	0.00262	0.00458	0.01363	0.00929	0.00915
12	0.01294	0.00973	0.01232	0.01256	0.01485	0.00954	0.01016	0.01840	0.07797	0.02911	0.30829	0.07278	0.12982	0.01910	0.01029	0.00309	0.00555	0.22698	0.00837	0.00816
13	0.28812	0.02076	0.02049	0.01626	0.02238	0.02328	0.01342	0.41771	0.03036	0.04709	0.01702	0.01769	0.01234	0.00918	0.00720	0.00252	0.00819	0.00644	0.00720	0.01234
14	0.03158	0.02327	0.02493	0.01911	0.02576	0.02576	0.01579	0.62852	0.03906	0.05236	0.01995	0.01995	0.01413	0.00997	0.00831	0.00249	0.00914	0.00748	0.00831	0.01413
15	0.02116	0.02086	0.03314	0.04931	0.62045	0.05690	0.02496	0.02593	0.01918	0.02675	0.01547	0.02024	0.01302	0.00747	0.00818	0.00245	0.01016	0.00729	0.00412	0.01296
16	0.03592	0.01384	0.01885	0.01455	0.02074	0.01198	0.01198	0.03917	0.02376	0.62867	0.06557	0.03007	0.02363	0.01064	0.00843	0.00257	0.00690	0.00871	0.01022	0.01380
17	0.02056	0.01974	0.03372	0.05099	0.65622	0.01974	0.02550	0.02550	0.01892	0.02714	0.01563	0.02056	0.01316	0.00740	0.00822	0.00247	0.00987	0.00740	0.00411	0.01316
18	0.76672	0.01607	0.01221	0.01092	0.01607	0.01864	0.00900	0.02442	0.01414	0.03727	0.01157	0.01350	0.00900	0.00771	0.00514	0.00257	0.00643	0.00450	0.00514	0.00900
19	0.01898	0.01807	0.02999	0.04472	0.56122	0.01786	0.02267	0.02350	0.01892	0.02645	0.02572	0.02931	0.10738	0.00941	0.00846	0.00252	0.00904	0.00889	0.00464	0.01225
20	0.02193	0.67868	0.07541	0.01470	0.02207	0.03217	0.01506	0.02495	0.01691	0.01989	0.01172	0.01354	0.01065	0.00715	0.00546	0.00182	0.00906	0.00453	0.00355	0.01074
21	0.01569	0.01477	0.02492	0.68808	0.05722	0.01846	0.02307	0.02123	0.01661	0.02123	0.01477	0.02215	0.01107	0.00831	0.00831	0.00277	0.01107	0.00738	0.00369	0.00923
22	0.01012	0.00723	0.00964	0.01157	0.01205	0.00675	0.00771	0.01157	0.01591	0.02121	0.04579	0.70262	0.05495	0.02603	0.01060	0.00337	0.00482	0.02362	0.00771	0.00675
23	0.02066	0.01785	0.01878	0.01691	0.02160	0.02066	0.01315	0.04414	0.64121	0.03475	0.03381	0.03099	0.02536	0.01127	0.00845	0.00282	0.00657	0.00939	0.00845	0.01315
24	0.76672	0.01607	0.01221	0.01092	0.01607	0.01864	0.00900	0.02442	0.01414	0.03727	0.01157	0.01350	0.00900	0.00771	0.00514	0.00257	0.00643	0.00450	0.00514	0.00900
25	0.01569	0.01477	0.02492	0.68808	0.05722	0.01846	0.02307	0.02123	0.01661	0.02123	0.01477	0.02215	0.01107	0.00831	0.00831	0.00277	0.01107	0.00738	0.00369	0.00923
