[name]
unknown

[dist]
# distance from previous block
# <min> <max>
0	35

[block]
# block no. 0 follows, 25 sequences, length 29
# corresponding to MSA columns:
# 35-63
name=unknown_A
#
# <colnr> <probs for GDERKNQSTAVLIFYWHMCP>
#	G	D	E	R	K	N	Q	S	T	A	V	L	I	F	Y	W	H	M	C	P
0	0.05034	0.05943	0.02178	0.01807	0.06893	0.01722	0.04455	0.10765	0.19718	0.26437	0.02611	0.02649	0.01893	0.00968	0.00772	0.00246	0.00732	0.03205	0.00759	0.01215
1	0.14822	0.02141	0.19291	0.08133	0.02848	0.01610	0.14240	0.05257	0.01725	0.02690	0.04078	0.08629	0.01826	0.00989	0.00774	0.00255	0.00915	0.04570	0.00473	0.04734
2	0.01334	0.00821	0.00940	0.00979	0.01133	0.00819	0.00703	0.06747	0.01727	0.02627	0.03297	0.35536	0.03414	0.01626	0.00773	0.00248	0.00444	0.01420	0.34686	0.00728
3	0.02748	0.02175	0.05528	0.01760	0.02393	0.02250	0.01506	0.56676	0.03375	0.04553	0.01900	0.02100	0.01413	0.00950	0.00775	0.00232	0.00849	0.03039	0.00736	0.05043
4	0.03919	0.17502	0.42706	0.02031	0.02984	0.02058	0.07548	0.04884	0.01737	0.05708	0.01435	0.01643	0.01056	0.00733	0.00700	0.00230	0.01046	0.00580	0.00386	0.01114
5	0.03244	0.01595	0.06504	0.01480	0.02115	0.01326	0.01293	0.09230	0.04505	0.55915	0.02839	0.02508	0.01815	0.00945	0.00777	0.00240	0.00709	0.00761	0.00893	0.01304
6	0.03238	0.01273	0.01740	0.01385	0.01939	0.01113	0.01151	0.03544	0.02172	0.61311	0.03172	0.03298	0.02194	0.01087	0.00811	0.00253	0.00666	0.07465	0.00933	0.01254
7	0.01710	0.01767	0.05249	0.11280	0.16230	0.01728	0.26018	0.02340	0.07499	0.02376	0.01827	0.04894	0.01549	0.01003	0.01057	0.05859	0.02895	0.03287	0.00437	0.00994
8	0.10298	0.08100	0.06744	0.01426	0.01983	0.03969	0.01247	0.08677	0.05351	0.31470	0.05276	0.07948	0.02087	0.01034	0.00741	0.00239	0.00716	0.00825	0.00740	0.01129
9	0.01554	0.07390	0.56795	0.02096	0.03118	0.01782	0.05050	0.02363	0.01690	0.02480	0.07160	0.01997	0.01544	0.00804	0.00746	0.00242	0.01067	0.00650	0.00376	0.01098
10	0.00943	0.00681	0.00893	0.01062	0.01120	0.00631	0.00712	0.01082	0.01502	0.01986	0.04491	0.68313	0.08919	0.02401	0.00985	0.00312	0.00446	0.02170	0.00720	0.00631
11	0.00991	0.00711	0.00939	0.01096	0.01169	0.00669	0.00767	0.01159	0.01548	0.02056	0.07065	0.57529	0.07421	0.04634	0.01089	0.00329	0.00484	0.08987	0.00717	0.00639
12	0.11555	0.29426	0.15360	0.05347	0.02434	0.12211	0.03637	0.02381	0.01698	0.02285	0.06004	0.01745	0.01440	0.00777	0.00629	0.00209	0.00937	0.00560	0.00400	0.00965
13	0.01350	0.02242	0.28646	0.01864	0.02479	0.01318	0.11089	0.01901	0.01677	0.02364	0.08394	0.24205	0.03046	0.01398	0.00875	0.00275	0.00862	0.04577	0.00526	0.00912
14	0.01445	0.00723	0.00723	0.00723	0.00903	0.00723	0.00542	0.01807	0.01626	0.02891	0.02529	0.02891	0.01987	0.00903	0.00542	0.00181	0.00361	0.00723	0.77055	0.00723
15	0.01668	0.08930	0.60459	0.02123	0.03205	0.01925	0.02678	0.05840	0.01741	0.02541	0.01394	0.01621	0.01001	0.00742	0.00721	0.00239	0.01107	0.00568	0.00352	0.01144
16	0.04566	0.08358	0.45745	0.02194	0.06302	0.01834	0.06821	0.02491	0.04009	0.04665	0.04750	0.01923	0.01396	0.00783	0.00736	0.00240	0.01029	0.00644	0.00404	0.01109
17	0.01779	0.01993	0.04252	0.03068	0.03777	0.01907	0.58071	0.02391	0.01821	0.02491	0.05543	0.02297	0.01541	0.00745	0.00995	0.00264	0.04697	0.00933	0.00418	0.01017
18	0.01147	0.00745	0.00860	0.00860	0.00860	0.00745	0.00488	0.01117	0.01117	0.01489	0.02345	0.04830	0.02687	0.66455	0.03864	0.07644	0.00745	0.01087	0.00458	0.00458
19	0.13949	0.01924	0.05218	0.01800	0.07999	0.09931	0.01375	0.09468	0.06069	0.31257	0.02201	0.02108	0.01507	0.00872	0.00723	0.00235	0.00806	0.00672	0.00709	0.01175
20	0.01526	0.01673	0.06467	0.08187	0.08839	0.01577	0.26649	0.01984	0.01634	0.02238	0.02325	0.14993	0.05184	0.01484	0.06004	0.00344	0.06416	0.01101	0.00457	0.00917
21	0.00967	0.00691	0.00925	0.01105	0.01160	0.00649	0.00758	0.01118	0.01506	0.02004	0.04261	0.67640	0.05080	0.02408	0.00996	0.00318	0.00469	0.06591	0.00719	0.00636
22	0.01694	0.06195	0.38860	0.02618	0.03591	0.01923	0.29061	0.02462	0.01716	0.02440	0.01453	0.01812	0.01065	0.00698	0.00802	0.00249	0.01200	0.00710	0.00355	0.01097
23	0.01799	0.02139	0.12464	0.03798	0.38279	0.01800	0.18113	0.02362	0.01765	0.02495	0.01663	0.02402	0.01408	0.00790	0.00822	0.00249	0.01035	0.05082	0.00401	0.01135
24	0.00964	0.00689	0.00917	0.01067	0.01129	0.00642	0.00721	0.01127	0.01572	0.02119	0.12108	0.64011	0.05399	0.02325	0.00980	0.00306	0.00439	0.02105	0.00736	0.00642
25	0.01830	0.02092	0.04575	0.03268	0.04052	0.01961	0.65098	0.02484	0.01830	0.02484	0.01569	0.02092	0.01176	0.00654	0.00915	0.00261	0.01307	0.00915	0.00392	0.01046
26	0.02741	0.03732	0.09898	0.02022	0.02508	0.61786	0.01656	0.03022	0.02132	0.01962	0.01221	0.01426	0.00997	0.00792	0.00703	0.00205	0.01369	0.00508	0.00391	0.00927
27	0.01709	0.08041	0.38496	0.05751	0.11684	0.01755	0.04694	0.02383	0.01721	0.05985	0.04984	0.02380	0.01608	0.00864	0.00764	0.00245	0.01002	0.04419	0.00423	0.01090
28	0.00927	0.00780	0.00804	0.00810	0.01057	0.00657	0.00603	0.01129	0.01775	0.02140	0.10697	0.10572	0.61468	0.01967	0.00920	0.00264	0.00394	0.01653	0.00727	0.00657

[dist]
# distance from previous block
# <min> <max>
0	1

[block]
# block no. 1 follows, 25 sequences, length 6
# corresponding to MSA columns:
# 65-70
name=unknown_B
#
# <colnr> <probs for GDERKNQSTAVLIFYWHMCP>
#	G	D	E	R	K	N	Q	S	T	A	V	L	I	F	Y	W	H	M	C	P
0	0.01347	0.01003	0.01322	0.01304	0.01492	0.01004	0.03558	0.11122	0.01898	0.02540	0.07790	0.42876	0.04322	0.05524	0.01106	0.00322	0.00590	0.09408	0.00710	0.00762
1	0.02307	0.01304	0.01567	0.04651	0.01874	0.01341	0.01075	0.12440	0.11750	0.22649	0.08716	0.02897	0.02374	0.01183	0.03245	0.00267	0.00658	0.00825	0.17804	0.01072
2	0.08991	0.29583	0.32649	0.01978	0.08024	0.02274	0.02056	0.02382	0.01595	0.02321	0.01250	0.01477	0.00994	0.00704	0.00625	0.00214	0.00957	0.00509	0.00348	0.01067
3	0.02146	0.01843	0.09208	0.01555	0.02238	0.01502	0.04386	0.11555	0.11435	0.13440	0.01982	0.02021	0.01455	0.00777	0.00701	0.00194	0.00730	0.00639	0.00614	0.31581
4	0.10196	0.43571	0.24156	0.01572	0.02368	0.02523	0.01759	0.02359	0.01567	0.02203	0.01177	0.01370	0.00974	0.00693	0.00571	0.00199	0.00904	0.00465	0.00346	0.01026
5	0.02377	0.01492	0.01776	0.01409	0.01885	0.01494	0.03182	0.25359	0.02438	0.17246	0.02504	0.06072	0.04033	0.09009	0.01107	0.00281	0.00706	0.00854	0.08202	0.08573

[dist]
# distance from previous block
# <min> <max>
5	7

[block]
# block no. 2 follows, 25 sequences, length 93
# corresponding to MSA columns:
# 78-170
name=unknown_C
#
# <colnr> <probs for GDERKNQSTAVLIFYWHMCP>
#	G	D	E	R	K	N	Q	S	T	A	V	L	I	F	Y	W	H	M	C	P
0	0.02562	0.01673	0.02051	0.01626	0.02158	0.01740	0.05377	0.27574	0.12273	0.19592	0.07446	0.05277	0.04886	0.01082	0.00811	0.00246	0.00731	0.00903	0.00799	0.01193
1	0.01204	0.01161	0.06987	0.01220	0.01538	0.00899	0.03579	0.01613	0.02028	0.02878	0.47198	0.08673	0.05792	0.01481	0.00888	0.00246	0.00511	0.05055	0.00746	0.06302
2	0.02602	0.08192	0.02332	0.02077	0.07068	0.48218	0.01505	0.07355	0.02146	0.02161	0.01451	0.06078	0.01308	0.00916	0.00776	0.00214	0.03580	0.00639	0.00440	0.00941
3	0.03570	0.01465	0.02535	0.49480	0.04530	0.01750	0.10834	0.02008	0.01535	0.02070	0.01421	0.02092	0.01112	0.01162	0.05879	0.00335	0.06264	0.00723	0.00360	0.00873
4	0.01114	0.00725	0.00958	0.01083	0.01178	0.00668	0.00742	0.01270	0.01569	0.06347	0.06527	0.62688	0.07634	0.02285	0.00970	0.00305	0.00458	0.02060	0.00740	0.00679
5	0.01751	0.01742	0.01645	0.01827	0.10801	0.18057	0.01238	0.02155	0.06384	0.04179	0.06057	0.07262	0.21063	0.01441	0.00857	0.00258	0.00791	0.11019	0.00609	0.00864
6	0.03229	0.01293	0.01738	0.01357	0.01917	0.01141	0.01112	0.03614	0.04933	0.60643	0.08047	0.02894	0.02356	0.01012	0.00791	0.00241	0.00635	0.00832	0.00944	0.01270
7	0.01547	0.01215	0.01356	0.01294	0.01601	0.01300	0.00984	0.02717	0.33067	0.05547	0.08608	0.18830	0.13329	0.01560	0.00870	0.00275	0.00533	0.03632	0.00773	0.00962
8	0.02134	0.08591	0.29228	0.01909	0.04986	0.01840	0.01951	0.08783	0.13034	0.14370	0.02097	0.02264	0.01542	0.00887	0.00749	0.00243	0.00893	0.02743	0.00575	0.01182
9	0.03174	0.06677	0.02008	0.01432	0.02023	0.01474	0.01192	0.09327	0.08672	0.51326	0.02815	0.02491	0.01841	0.00945	0.00760	0.00236	0.00685	0.00755	0.00880	0.01287
10	0.01511	0.03767	0.63785	0.02127	0.03193	0.01715	0.02708	0.02355	0.01626	0.02421	0.01602	0.06788	0.01285	0.00860	0.00755	0.00251	0.01095	0.00692	0.00356	0.01108
11	0.00964	0.00689	0.00920	0.01087	0.01144	0.00645	0.00740	0.01119	0.01533	0.02051	0.07602	0.66416	0.05219	0.02374	0.00989	0.00313	0.00455	0.04376	0.00727	0.00638
12	0.01861	0.07396	0.15700	0.04027	0.50874	0.01923	0.02396	0.02390	0.01727	0.02467	0.01418	0.01817	0.01165	0.00698	0.00742	0.00229	0.00957	0.00649	0.00369	0.01196
13	0.01814	0.02024	0.04317	0.03362	0.10723	0.01910	0.56594	0.02432	0.01813	0.02474	0.01636	0.04111	0.01297	0.00709	0.00902	0.00260	0.01241	0.00929	0.00401	0.01053
14	0.01323	0.00702	0.01056	0.03861	0.01195	0.00713	0.00737	0.01055	0.01066	0.01418	0.01559	0.07379	0.01606	0.02596	0.02791	0.68742	0.00672	0.00784	0.00365	0.00379
15	0.01704	0.01521	0.05316	0.07228	0.07396	0.01391	0.20500	0.04431	0.01827	0.08939	0.05014	0.19984	0.02744	0.01319	0.00901	0.00277	0.00871	0.07110	0.00583	0.00942
16	0.02034	0.09359	0.17924	0.01844	0.02517	0.02056	0.06251	0.17544	0.22213	0.03181	0.02182	0.05796	0.01724	0.00956	0.00765	0.00245	0.00856	0.00791	0.00601	0.01162
17	0.01528	0.01197	0.04166	0.08371	0.02026	0.01145	0.01257	0.04703	0.08265	0.07435	0.15297	0.08589	0.06965	0.01604	0.00927	0.00292	0.00666	0.23990	0.00715	0.00863
18	0.01574	0.03774	0.61833	0.04804	0.05783	0.01805	0.04903	0.02437	0.01645	0.02442	0.01399	0.01678	0.00999	0.00734	0.00745	0.00246	0.01139	0.00593	0.00332	0.01135
19	0.01678	0.01420	0.01646	0.01182	0.01867	0.01106	0.00948	0.05295	0.01715	0.02651	0.01404	0.01621	0.01157	0.00593	0.00585	0.00121	0.00589	0.00472	0.00476	0.73473
20	0.02007	0.05349	0.14094	0.08817	0.35197	0.04251	0.04562	0.11501	0.02008	0.02764	0.01478	0.01835	0.01165	0.00741	0.00756	0.00233	0.00985	0.00662	0.00427	0.01171
21	0.01293	0.00844	0.01082	0.01159	0.01292	0.00812	0.00812	0.06531	0.01715	0.07066	0.03988	0.61411	0.04583	0.02199	0.00957	0.00303	0.00498	0.01977	0.00742	0.00736
22	0.00942	0.00686	0.00888	0.01049	0.01117	0.00632	0.00706	0.01083	0.01514	0.01991	0.04646	0.65498	0.11634	0.02381	0.00982	0.00309	0.00444	0.02145	0.00720	0.00632
23	0.02634	0.01640	0.01895	0.01464	0.02061	0.01612	0.01193	0.24898	0.08439	0.23001	0.02487	0.02372	0.04395	0.00917	0.00740	0.00213	0.00693	0.00727	0.00760	0.17858
24	0.05240	0.02090	0.14175	0.04152	0.06694	0.01815	0.03655	0.09411	0.29244	0.06251	0.05051	0.02442	0.01935	0.00925	0.00765	0.00247	0.00780	0.00770	0.00636	0.03722
25	0.02899	0.03628	0.02203	0.01988	0.02397	0.66651	0.01497	0.05861	0.02262	0.02030	0.01228	0.01419	0.01013	0.00805	0.00703	0.00201	0.01374	0.00508	0.00416	0.00918
26	0.02336	0.01798	0.02021	0.01543	0.02139	0.01834	0.01261	0.33000	0.05636	0.05583	0.01723	0.01827	0.01302	0.00833	0.00817	0.00197	0.05318	0.00619	0.00636	0.29579
27	0.01632	0.09108	0.57066	0.02402	0.09843	0.01902	0.02697	0.02437	0.01645	0.02415	0.01374	0.01636	0.01008	0.00726	0.00721	0.00238	0.01099	0.00573	0.00333	0.01143
28	0.01008	0.00789	0.00912	0.00881	0.01103	0.00693	0.00661	0.01289	0.01983	0.02606	0.37911	0.06620	0.37224	0.01773	0.00915	0.00253	0.00379	0.01518	0.00787	0.00693
29	0.00945	0.00675	0.00900	0.01080	0.01125	0.00630	0.00720	0.01080	0.01484	0.01979	0.04274	0.72245	0.05128	0.02429	0.00990	0.00315	0.00450	0.02204	0.00720	0.00630
30	0.01190	0.00781	0.01054	0.04750	0.01391	0.00748	0.00808	0.01378	0.01611	0.06886	0.12616	0.49099	0.04802	0.07626	0.01184	0.00331	0.00508	0.01827	0.00716	0.00693
31	0.02396	0.01892	0.09958	0.04520	0.05160	0.01650	0.17046	0.05539	0.04193	0.26362	0.04455	0.02343	0.01672	0.00909	0.00992	0.00257	0.08090	0.00796	0.00629	0.01142
32	0.02335	0.01062	0.01421	0.01189	0.01585	0.00937	0.00941	0.02645	0.02147	0.37399	0.27434	0.08548	0.06349	0.01324	0.00849	0.00247	0.00527	0.01135	0.00896	0.01032
33	0.70958	0.01454	0.01162	0.01033	0.01502	0.01661	0.00847	0.02300	0.01404	0.06243	0.04668	0.01558	0.01228	0.00776	0.00516	0.00240	0.00590	0.00487	0.00520	0.00855
34	0.01843	0.01579	0.02587	0.06572	0.46730	0.01572	0.01998	0.02261	0.01791	0.07021	0.02396	0.03315	0.06553	0.01005	0.00821	0.00252	0.00841	0.09266	0.00492	0.01107
35	0.01746	0.18159	0.49954	0.02118	0.06053	0.02043	0.02464	0.02470	0.01650	0.04597	0.01387	0.01603	0.01029	0.00727	0.00690	0.00228	0.01053	0.00553	0.00353	0.01124
36	0.01555	0.04011	0.68733	0.02210	0.03356	0.01801	0.02865	0.02455	0.01637	0.02455	0.01391	0.01637	0.00982	0.00737	0.00737	0.00246	0.01146	0.00573	0.00327	0.01146
37	0.01105	0.00789	0.01084	0.01263	0.01378	0.00768	0.00999	0.01357	0.01643	0.02159	0.04185	0.38817	0.04778	0.02278	0.01032	0.00337	0.00589	0.34048	0.00717	0.00674
38	0.01425	0.01332	0.02376	0.02103	0.06974	0.01297	0.21814	0.04402	0.01759	0.02388	0.07703	0.31772	0.05517	0.01547	0.00990	0.00282	0.03398	0.01479	0.00587	0.00853
39	0.01797	0.01730	0.02946	0.21308	0.42283	0.01827	0.07052	0.02411	0.06379	0.02439	0.01569	0.02040	0.01257	0.00736	0.00782	0.00242	0.00957	0.00721	0.00404	0.01120
40	0.00973	0.00696	0.00929	0.01084	0.01149	0.00651	0.00744	0.01141	0.01570	0.02109	0.10694	0.62769	0.05322	0.02331	0.00985	0.00309	0.00453	0.04714	0.00733	0.00644
41	0.02017	0.07044	0.01564	0.01280	0.01564	0.25410	0.00992	0.02304	0.01804	0.02414	0.01882	0.02187	0.01520	0.00870	0.00688	0.00194	0.04091	0.00619	0.40745	0.00811
42	0.02836	0.02134	0.02279	0.06265	0.02564	0.05277	0.01496	0.53732	0.05553	0.07193	0.01896	0.01923	0.01347	0.00920	0.00773	0.00234	0.00873	0.00698	0.00739	0.01267
43	0.01729	0.08549	0.32639	0.02651	0.03584	0.01978	0.32801	0.02459	0.01725	0.02419	0.01452	0.01825	0.01077	0.00691	0.00804	0.00247	0.01199	0.00726	0.00359	0.01086
44	0.00945	0.00675	0.00900	0.01080	0.01125	0.00630	0.00720	0.01080	0.01484	0.01979	0.04274	0.72245	0.05128	0.02429	0.00990	0.00315	0.00450	0.02204	0.00720	0.00630
45	0.01682	0.08443	0.46908	0.02709	0.15600	0.01912	0.07202	0.02433	0.01671	0.02427	0.01395	0.01696	0.01044	0.00717	0.00738	0.00238	0.01092	0.00609	0.00343	0.01143
46	0.01256	0.00909	0.01246	0.01410	0.01590	0.00916	0.01212	0.01672	0.04400	0.02334	0.04078	0.12912	0.04423	0.02117	0.01054	0.00350	0.00692	0.55982	0.00717	0.00729
47	0.01078	0.00792	0.01009	0.00955	0.01146	0.00723	0.00716	0.01425	0.02148	0.02999	0.61001	0.05974	0.13889	0.01626	0.00915	0.00246	0.00369	0.01428	0.00839	0.00723
48	0.01244	0.00840	0.01109	0.01112	0.01233	0.00838	0.00798	0.01454	0.01709	0.06911	0.24346	0.33756	0.05081	0.09169	0.01367	0.00333	0.05639	0.01623	0.00727	0.00710
49	0.02880	0.02121	0.02279	0.01760	0.02361	0.02345	0.01448	0.63161	0.03573	0.04788	0.01943	0.04236	0.01447	0.00981	0.00783	0.00235	0.00840	0.00749	0.00774	0.01295
50	0.01531	0.00836	0.00877	0.00838	0.01048	0.00863	0.00641	0.06410	0.01746	0.02958	0.02448	0.02827	0.01935	0.01259	0.05539	0.00261	0.00521	0.00729	0.65970	0.00764
51	0.01888	0.01298	0.01661	0.01392	0.01748	0.01391	0.05610	0.20397	0.02143	0.05483	0.02152	0.02568	0.01717	0.02323	0.20734	0.00513	0.01083	0.00763	0.24204	0.00933
52	0.01666	0.03240	0.42971	0.02635	0.03635	0.01865	0.27854	0.02467	0.01715	0.02467	0.01463	0.01820	0.01060	0.00703	0.00808	0.00252	0.01211	0.00710	0.00353	0.01106
53	0.03211	0.01339	0.01765	0.01387	0.01953	0.01215	0.01134	0.03731	0.09603	0.58506	0.05492	0.02787	0.02174	0.00994	0.00786	0.00243	0.00643	0.00814	0.00936	0.01287
54	0.01895	0.01818	0.03104	0.08247	0.64614	0.01836	0.02368	0.02359	0.01754	0.02504	0.01454	0.01927	0.01218	0.00695	0.00768	0.00232	0.00927	0.00691	0.00382	0.01209
55	0.01510	0.01465	0.02187	0.60031	0.04764	0.06041	0.01980	0.01971	0.01586	0.01975	0.01631	0.08433	0.01405	0.00928	0.00790	0.00260	0.01004	0.00815	0.00382	0.00843
56	0.02074	0.57666	0.12765	0.01506	0.02213	0.08701	0.01552	0.02408	0.01638	0.01917	0.01131	0.01311	0.00994	0.00685	0.00548	0.00180	0.00922	0.00444	0.00337	0.01007
57	0.02276	0.01771	0.02695	0.03566	0.43480	0.01794	0.01962	0.09095	0.09076	0.13549	0.01943	0.02136	0.01473	0.00798	0.00773	0.00236	0.00838	0.00726	0.00561	0.01252
58	0.01026	0.00804	0.01235	0.01279	0.01392	0.00751	0.06599	0.01208	0.01516	0.02025	0.04026	0.65838	0.04767	0.02267	0.00983	0.00310	0.00528	0.02086	0.00690	0.00668
59	0.01665	0.01583	0.02687	0.41768	0.32894	0.01775	0.02253	0.02157	0.01645	0.02224	0.01413	0.02002	0.01119	0.00738	0.00772	0.00246	0.00984	0.00690	0.00362	0.01023
60	0.01675	0.10360	0.47236	0.02530	0.13740	0.01970	0.02557	0.02391	0.01623	0.02367	0.01347	0.01648	0.01026	0.00762	0.00836	0.00241	0.05643	0.00583	0.00338	0.01125
61	0.01715	0.06067	0.01659	0.01347	0.01738	0.01623	0.01061	0.09456	0.33645	0.02989	0.07957	0.08728	0.16144	0.01333	0.00817	0.00256	0.00580	0.01112	0.00743	0.01030
62	0.01443	0.01262	0.02021	0.02886	0.33829	0.01239	0.01552	0.01760	0.01679	0.02336	0.07003	0.31153	0.03337	0.01513	0.00879	0.00270	0.00685	0.03653	0.00564	0.00932
63	0.01670	0.02864	0.35429	0.07990	0.23020	0.01787	0.08759	0.02367	0.01708	0.02470	0.03701	0.01941	0.01297	0.00747	0.00773	0.00243	0.01059	0.00679	0.00370	0.01126
64	0.01500	0.01197	0.01688	0.21918	0.02687	0.01315	0.03362	0.12834	0.01904	0.02544	0.02840	0.34312	0.03003	0.01563	0.00870	0.00277	0.00719	0.01396	0.03232	0.00837
65	0.01555	0.04011	0.68733	0.02210	0.03356	0.01801	0.02865	0.02455	0.01637	0.02455	0.01391	0.01637	0.00982	0.00737	0.00737	0.00246	0.01146	0.00573	0.00327	0.01146
66	0.01758	0.02191	0.11073	0.06008	0.08472	0.01895	0.47116	0.02386	0.01761	0.02427	0.01604	0.04294	0.01276	0.00751	0.00934	0.00262	0.03471	0.00887	0.00392	0.01042
67	0.01902	0.01725	0.02813	0.04091	0.54879	0.01739	0.02113	0.02492	0.07673	0.04764	0.01870	0.07097	0.01636	0.00858	0.00786	0.00240	0.00850	0.00820	0.00464	0.01188
68	0.01347	0.00673	0.01010	0.01010	0.01010	0.00673	0.00673	0.01010	0.01010	0.01347	0.01347	0.02357	0.01347	0.02694	0.03030	0.77441	0.00673	0.00673	0.00337	0.00337
69	0.01035	0.00811	0.01247	0.01291	0.01408	0.00760	0.06616	0.01225	0.01526	0.02036	0.04021	0.63777	0.04746	0.02258	0.00985	0.00311	0.00537	0.04050	0.00690	0.00671
70	0.04613	0.03554	0.55381	0.02292	0.07830	0.01800	0.02612	0.05451	0.01754	0.05545	0.01481	0.01698	0.01052	0.00752	0.00733	0.00243	0.01074	0.00591	0.00386	0.01156
71	0.01671	0.06367	0.61656	0.02164	0.03239	0.06793	0.02712	0.02498	0.01676	0.02393	0.01367	0.01606	0.00984	0.00739	0.00726	0.00239	0.01153	0.00562	0.00333	0.01123
72	0.01949	0.01927	0.03205	0.04560	0.61332	0.04362	0.06427	0.02413	0.01786	0.02506	0.01456	0.01911	0.01216	0.00692	0.00775	0.00231	0.00964	0.00698	0.00385	0.01204
73	0.04620	0.02009	0.10016	0.06296	0.48418	0.01793	0.05202	0.02398	0.03974	0.02586	0.04188	0.02069	0.01466	0.00747	0.00768	0.00236	0.00922	0.00714	0.00413	0.01164
74	0.01710	0.05279	0.34963	0.02744	0.05372	0.01917	0.31835	0.02462	0.01729	0.02450	0.01466	0.01844	0.01080	0.00694	0.00813	0.00250	0.01205	0.00731	0.00359	0.01097
75	0.01385	0.00860	0.01126	0.01065	0.01296	0.00786	0.00824	0.01714	0.02078	0.10969	0.44538	0.10150	0.10610	0.01648	0.00919	0.00261	0.00445	0.07702	0.00834	0.00790
76	0.00968	0.00693	0.00928	0.01080	0.01135	0.00662	0.00730	0.01117	0.01481	0.01991	0.06337	0.62549	0.04897	0.04998	0.06097	0.00395	0.00576	0.02039	0.00694	0.00633
77	0.02064	0.02159	0.04118	0.11403	0.05131	0.24211	0.01441	0.09104	0.02076	0.04834	0.04344	0.11150	0.08212	0.01222	0.00810	0.00247	0.00953	0.05064	0.00551	0.00905
78	0.03225	0.01405	0.04273	0.01397	0.01989	0.01171	0.01186	0.03619	0.04519	0.60169	0.06399	0.02777	0.02185	0.00988	0.00786	0.00241	0.00661	0.00808	0.00924	0.01279
79	0.04938	0.01128	0.01423	0.01201	0.01598	0.01060	0.00952	0.02721	0.08916	0.30252	0.29424	0.04075	0.06499	0.01252	0.00830	0.00245	0.00523	0.01062	0.00873	0.01029
80	0.02038	0.01795	0.01887	0.01922	0.10236	0.09053	0.01327	0.07613	0.35095	0.05257	0.07466	0.02897	0.04575	0.01031	0.00778	0.00244	0.00718	0.00854	0.04091	0.01123
81	0.04718	0.24294	0.36752	0.01854	0.02718	0.09912	0.02111	0.02550	0.04313	0.02275	0.01337	0.01530	0.01039	0.00734	0.00654	0.00217	0.01039	0.00524	0.00361	0.01065
82	0.01712	0.01743	0.02849	0.11227	0.08846	0.02167	0.13631	0.02043	0.01406	0.02057	0.01206	0.01837	0.01069	0.01092	0.01855	0.00305	0.42957	0.00725	0.00354	0.00921
83	0.01623	0.01037	0.01200	0.01074	0.01368	0.03400	0.00823	0.02003	0.04837	0.15451	0.35599	0.05225	0.18319	0.03404	0.00957	0.00260	0.00488	0.01267	0.00816	0.00850
84	0.01929	0.02887	0.37407	0.02313	0.12156	0.03825	0.02222	0.02721	0.06917	0.12189	0.06364	0.02204	0.01704	0.00848	0.00763	0.00242	0.00955	0.00699	0.00503	0.01153
85	0.01922	0.01744	0.06792	0.36847	0.06384	0.03965	0.09099	0.02600	0.08152	0.12100	0.01824	0.02181	0.01316	0.00811	0.00788	0.00253	0.00983	0.00733	0.00488	0.01020
86	0.01049	0.01017	0.06037	0.01303	0.01486	0.00807	0.05335	0.01277	0.01529	0.02052	0.03993	0.60213	0.06562	0.02169	0.00964	0.00304	0.00558	0.01979	0.00669	0.00697
87	0.01703	0.01959	0.08237	0.23807	0.08113	0.01885	0.31394	0.02381	0.05110	0.02345	0.01551	0.02066	0.01178	0.00750	0.00913	0.00261	0.04151	0.00795	0.00391	0.01009
88	0.01477	0.01685	0.11286	0.08724	0.09870	0.03863	0.06751	0.03927	0.01802	0.02398	0.07191	0.13977	0.07523	0.01428	0.00892	0.00280	0.00825	0.14655	0.00561	0.00886
89	0.01592	0.03782	0.61600	0.02435	0.08091	0.01810	0.05107	0.02451	0.01653	0.02462	0.01403	0.01674	0.01007	0.00730	0.00745	0.00245	0.01135	0.00594	0.00334	0.01148
90	0.02201	0.02419	0.02599	0.05425	0.29599	0.26270	0.05171	0.04825	0.01987	0.02332	0.01894	0.02350	0.05574	0.00875	0.00772	0.00229	0.01073	0.02935	0.00437	0.01035
91	0.01740	0.11015	0.49731	0.02324	0.07891	0.01986	0.05494	0.06527	0.01780	0.02553	0.01402	0.01652	0.01033	0.00734	0.00724	0.00236	0.01084	0.00589	0.00364	0.01142
92	0.01994	0.01972	0.02817	0.15695	0.38897	0.09069	0.04801	0.05837	0.06599	0.02542	0.01566	0.01965	0.01255	0.00755	0.00770	0.00236	0.00982	0.00694	0.00429	0.01125

[dist]
# distance from previous block
# <min> <max>
0	1

[block]
# block no. 3 follows, 25 sequences, length 45
# corresponding to MSA columns:
# 172-216
name=unknown_D
#
# <colnr> <probs for GDERKNQSTAVLIFYWHMCP>
#	G	D	E	R	K	N	Q	S	T	A	V	L	I	F	Y	W	H	M	C	P
0	0.02947	0.02172	0.02327	0.01784	0.02404	0.02404	0.01474	0.65329	0.03646	0.04887	0.01862	0.01862	0.01319	0.00931	0.00776	0.00233	0.00853	0.00698	0.00776	0.01319
1	0.06815	0.06838	0.58626	0.02057	0.03115	0.01827	0.02591	0.02490	0.01636	0.05117	0.01423	0.01634	0.01010	0.00741	0.00710	0.00241	0.01076	0.00564	0.00363	0.01125
2	0.01921	0.01797	0.02213	0.01900	0.02095	0.08217	0.04497	0.02482	0.13011	0.06594	0.01799	0.06790	0.01605	0.01265	0.01763	0.00301	0.39490	0.00820	0.00495	0.00946
3	0.02789	0.02222	0.02353	0.04420	0.06865	0.07474	0.01552	0.52121	0.05408	0.04344	0.01810	0.01871	0.01313	0.00903	0.00770	0.00232	0.00898	0.00688	0.00706	0.01261
4	0.01241	0.00875	0.01131	0.01204	0.04956	0.00796	0.00843	0.01529	0.01932	0.06952	0.30365	0.14812	0.23077	0.01746	0.00918	0.00264	0.00457	0.05367	0.00770	0.00762
5	0.01060	0.00756	0.00968	0.01085	0.01161	0.00726	0.00733	0.03990	0.01599	0.02145	0.08232	0.59045	0.04911	0.08178	0.01222	0.00343	0.00488	0.01993	0.00710	0.00654
6	0.01578	0.01854	0.09232	0.07891	0.08800	0.01630	0.32221	0.02091	0.01683	0.02309	0.02124	0.17999	0.02046	0.01104	0.00954	0.00272	0.03670	0.01132	0.00455	0.00954
7	0.06234	0.53477	0.18580	0.01510	0.02273	0.02706	0.01648	0.02350	0.01575	0.02060	0.01149	0.01334	0.00983	0.00683	0.00551	0.00188	0.00888	0.00451	0.00339	0.01021
8	0.01700	0.01252	0.01450	0.01394	0.01736	0.01331	0.01132	0.02826	0.30003	0.08738	0.04152	0.05449	0.12681	0.01533	0.00899	0.00291	0.00618	0.21062	0.00770	0.00984
9	0.01919	0.01842	0.03147	0.04759	0.67914	0.01842	0.02380	0.02380	0.01765	0.02533	0.01458	0.01919	0.01228	0.00691	0.00768	0.00230	0.00921	0.00691	0.00384	0.01228
10	0.02000	0.04930	0.16717	0.23348	0.13314	0.07895	0.02055	0.02511	0.01773	0.12160	0.01747	0.02262	0.01343	0.00845	0.00763	0.00244	0.00995	0.03590	0.00461	0.01049
11	0.01933	0.08372	0.03231	0.04445	0.61883	0.01954	0.02283	0.02374	0.01748	0.02468	0.01424	0.01857	0.01207	0.00688	0.00743	0.00224	0.00913	0.00666	0.00379	0.01207
12	0.00948	0.00790	0.00833	0.00859	0.01102	0.00675	0.00656	0.01156	0.01755	0.02110	0.07337	0.10739	0.58777	0.02003	0.00934	0.00273	0.00425	0.07250	0.00719	0.00659
13	0.01958	0.02135	0.06629	0.06837	0.12281	0.06894	0.33603	0.02672	0.08214	0.05159	0.01701	0.02078	0.01294	0.00764	0.00918	0.00254	0.04283	0.00805	0.00446	0.01074
14	0.01927	0.01883	0.03056	0.09040	0.61237	0.04447	0.02331	0.02381	0.01768	0.02472	0.01443	0.01909	0.01206	0.00701	0.00765	0.00231	0.00947	0.00683	0.00382	0.01191
15	0.01169	0.00846	0.01143	0.01258	0.01432	0.00820	0.01049	0.01499	0.01848	0.02448	0.18113	0.13315	0.09349	0.02033	0.01020	0.00323	0.00595	0.40290	0.00745	0.00707
16	0.01911	0.01865	0.03278	0.04623	0.62072	0.01853	0.08117	0.02389	0.01771	0.02529	0.01469	0.01935	0.01223	0.00687	0.00781	0.00233	0.00956	0.00711	0.00385	0.01211
17	0.02373	0.26218	0.10300	0.01410	0.02025	0.01840	0.01349	0.02785	0.03898	0.26345	0.09111	0.05035	0.02204	0.00957	0.00701	0.00219	0.00734	0.00754	0.00644	0.01096
18	0.01109	0.00824	0.01214	0.01214	0.01341	0.00951	0.00929	0.01364	0.01236	0.01776	0.02107	0.03211	0.02010	0.11265	0.64326	0.01206	0.01969	0.00855	0.00420	0.00674
19	0.01706	0.01945	0.06681	0.02762	0.05494	0.01931	0.38222	0.02196	0.01627	0.02284	0.01666	0.08383	0.01491	0.00997	0.01315	0.00284	0.18691	0.00950	0.00406	0.00970
20	0.09534	0.16488	0.32523	0.01932	0.02789	0.04106	0.07810	0.07751	0.01829	0.06333	0.01444	0.01634	0.01070	0.00744	0.00686	0.00228	0.01002	0.00579	0.00424	0.01094
21	0.02213	0.02243	0.02422	0.13354	0.12259	0.18814	0.05476	0.11097	0.16313	0.02723	0.01797	0.02022	0.01391	0.00865	0.00833	0.00241	0.03645	0.00698	0.00521	0.01074
22	0.00945	0.00675	0.00900	0.01080	0.01125	0.00630	0.00720	0.01080	0.01484	0.01979	0.04274	0.72245	0.05128	0.02429	0.00990	0.00315	0.00450	0.02204	0.00720	0.00630
23	0.01191	0.00855	0.01179	0.01351	0.01512	0.00844	0.01144	0.01508	0.01738	0.02260	0.04268	0.18415	0.06865	0.02179	0.01053	0.00347	0.00662	0.51215	0.00715	0.00699
24	0.01692	0.09622	0.54134	0.02211	0.03257	0.01952	0.08359	0.05513	0.01747	0.02523	0.01404	0.01656	0.01017	0.00732	0.00735	0.00240	0.01119	0.00597	0.00356	0.01132
25	0.01974	0.01544	0.01572	0.01404	0.01786	0.04699	0.01111	0.14173	0.30502	0.03308	0.02756	0.03129	0.02196	0.01072	0.00743	0.00242	0.00636	0.05943	0.20152	0.01058
26	0.00957	0.00680	0.00896	0.01064	0.01106	0.00638	0.00703	0.01083	0.01461	0.01948	0.04151	0.67763	0.04974	0.07121	0.01187	0.00344	0.00470	0.02132	0.00703	0.00619
27	0.41728	0.01746	0.01666	0.01353	0.01899	0.01943	0.01116	0.27108	0.02315	0.10134	0.01572	0.01625	0.01129	0.00825	0.00624	0.00237	0.00705	0.00563	0.00641	0.01072
28	0.02045	0.54198	0.13281	0.01495	0.02208	0.02753	0.01554	0.08074	0.01763	0.02196	0.01228	0.01417	0.01054	0.00868	0.02838	0.00219	0.00919	0.00477	0.00374	0.01037
29	0.01044	0.00799	0.00951	0.00977	0.01172	0.00725	0.00749	0.01301	0.01833	0.02377	0.23470	0.10704	0.31212	0.06639	0.01150	0.00310	0.00471	0.12704	0.00740	0.00673
30	0.00945	0.00675	0.00900	0.01080	0.01125	0.00630	0.00720	0.01080	0.01484	0.01979	0.04274	0.72245	0.05128	0.02429	0.00990	0.00315	0.00450	0.02204	0.00720	0.00630
31	0.06798	0.05719	0.37191	0.01885	0.02776	0.01642	0.05156	0.02870	0.01814	0.23919	0.01910	0.01946	0.01288	0.00801	0.00734	0.00241	0.00950	0.00641	0.00545	0.01173
32	0.01710	0.09279	0.32987	0.02896	0.24915	0.01859	0.02360	0.02405	0.03958	0.02467	0.03719	0.02199	0.01479	0.00817	0.00748	0.00239	0.00977	0.03461	0.00398	0.01130
33	0.01696	0.01696	0.02375	0.02036	0.02036	0.02375	0.01696	0.01866	0.01187	0.01866	0.01018	0.01696	0.01018	0.01357	0.02545	0.00339	0.71332	0.00679	0.00339	0.00848
34	0.01191	0.00792	0.00948	0.00916	0.01038	0.00746	0.00613	0.01357	0.01628	0.05179	0.25110	0.08234	0.12166	0.34145	0.02297	0.00481	0.00562	0.01309	0.00662	0.00625
35	0.01608	0.01378	0.01608	0.01148	0.01837	0.01034	0.00919	0.01952	0.01608	0.02527	0.01378	0.01608	0.01148	0.00574	0.00574	0.00115	0.00574	0.00459	0.00459	0.77491
36	0.05466	0.00931	0.01131	0.01117	0.01340	0.00865	0.00808	0.01378	0.01507	0.02186	0.03544	0.45101	0.07988	0.01845	0.00939	0.00264	0.03842	0.01611	0.00631	0.17507
37	0.01584	0.01337	0.01542	0.01142	0.01768	0.01048	0.00907	0.04729	0.01711	0.02577	0.02087	0.04450	0.07364	0.00778	0.00628	0.00140	0.00566	0.00635	0.00506	0.64500
38	0.01930	0.10346	0.03860	0.02784	0.06977	0.06526	0.41295	0.02640	0.08285	0.02461	0.01674	0.02046	0.01294	0.00715	0.00818	0.00242	0.01133	0.00806	0.03121	0.01047
39	0.01878	0.05248	0.10220	0.02219	0.05664	0.17018	0.19909	0.02329	0.01847	0.02286	0.04724	0.02705	0.07569	0.01080	0.03193	0.00265	0.01096	0.02967	0.00450	0.07332
40	0.09076	0.07617	0.32819	0.05003	0.03164	0.01833	0.17854	0.02411	0.01700	0.05011	0.05161	0.01976	0.01411	0.00767	0.00753	0.00244	0.01045	0.00692	0.00412	0.01053
41	0.08290	0.02003	0.08199	0.05507	0.02395	0.04412	0.01454	0.24858	0.11134	0.15089	0.02157	0.04530	0.01597	0.00943	0.00749	0.00238	0.00801	0.00739	0.00692	0.04213
42	0.02443	0.02338	0.04714	0.01935	0.07011	0.19922	0.01460	0.19715	0.15255	0.06854	0.06395	0.04540	0.01977	0.00988	0.00772	0.00234	0.00911	0.00775	0.00645	0.01114
43	0.23420	0.01766	0.06104	0.01433	0.01974	0.01771	0.01223	0.11656	0.23727	0.10403	0.04463	0.02237	0.01783	0.00912	0.00692	0.00242	0.00673	0.00696	0.00678	0.04147
44	0.02614	0.04779	0.02216	0.01913	0.04771	0.29834	0.01451	0.22857	0.12692	0.03074	0.01764	0.01873	0.01368	0.01110	0.04004	0.00270	0.01099	0.00642	0.00578	0.01089

[dist]
# distance from previous block
# <min> <max>
3	12

[block]
# block no. 4 follows, 25 sequences, length 61
# corresponding to MSA columns:
# 229-289
name=unknown_E
#
# <colnr> <probs for GDERKNQSTAVLIFYWHMCP>
#	G	D	E	R	K	N	Q	S	T	A	V	L	I	F	Y	W	H	M	C	P
0	0.05231	0.08486	0.27839	0.02207	0.13223	0.01642	0.04103	0.02226	0.01731	0.04846	0.08165	0.02752	0.06669	0.00939	0.00751	0.00235	0.00874	0.02965	0.00467	0.04649
1	0.06781	0.35477	0.17060	0.01676	0.02359	0.20698	0.01669	0.02557	0.01741	0.02077	0.01177	0.01370	0.00984	0.00719	0.00601	0.00196	0.01036	0.00471	0.00358	0.00992
2	0.01194	0.01044	0.01235	0.01279	0.01389	0.06636	0.03600	0.01364	0.01568	0.02026	0.06678	0.54701	0.04455	0.04647	0.01129	0.00316	0.03537	0.01863	0.00660	0.00679
3	0.00949	0.00771	0.00841	0.00858	0.01076	0.00663	0.00630	0.01163	0.01793	0.02237	0.16683	0.16545	0.49144	0.01972	0.00927	0.00267	0.00397	0.01682	0.00741	0.00663
4	0.02772	0.02058	0.02222	0.01708	0.02317	0.02234	0.01403	0.57981	0.03406	0.04597	0.01895	0.04012	0.01422	0.00947	0.00765	0.00225	0.00817	0.00724	0.00747	0.07745
5	0.00945	0.00675	0.00900	0.01080	0.01125	0.00630	0.00720	0.01080	0.01484	0.01979	0.04274	0.72245	0.05128	0.02429	0.00990	0.00315	0.00450	0.02204	0.00720	0.00630
6	0.06631	0.02389	0.02284	0.02082	0.07846	0.19097	0.01549	0.28036	0.05314	0.03300	0.01538	0.01736	0.01201	0.00941	0.01030	0.00243	0.12486	0.00637	0.00562	0.01100
7	0.01821	0.24510	0.42247	0.01909	0.02832	0.07138	0.02249	0.02521	0.03956	0.02255	0.01346	0.01547	0.01036	0.00731	0.00665	0.00219	0.01051	0.00531	0.00350	0.01086
8	0.00947	0.00787	0.00828	0.00818	0.01066	0.00668	0.00613	0.01173	0.01840	0.02268	0.18028	0.07177	0.57318	0.01899	0.00916	0.00259	0.00388	0.01596	0.00743	0.00668
9	0.00943	0.00683	0.00891	0.01058	0.01119	0.00632	0.00710	0.01082	0.01505	0.01988	0.04536	0.67491	0.09712	0.02395	0.00984	0.00311	0.00446	0.02163	0.00720	0.00632
10	0.01555	0.04011	0.68733	0.02210	0.03356	0.01801	0.02865	0.02455	0.01637	0.02455	0.01391	0.01637	0.00982	0.00737	0.00737	0.00246	0.01146	0.00573	0.00327	0.01146
11	0.01248	0.00971	0.01530	0.06460	0.01857	0.00929	0.08836	0.01535	0.01719	0.05387	0.14208	0.35960	0.09967	0.01829	0.00940	0.00286	0.00602	0.04300	0.00684	0.00753
12	0.00945	0.00675	0.00900	0.01080	0.01125	0.00630	0.00720	0.01080	0.01484	0.01979	0.04274	0.72245	0.05128	0.02429	0.00990	0.00315	0.00450	0.02204	0.00720	0.00630
13	0.01399	0.01063	0.01361	0.01461	0.01697	0.01121	0.01245	0.02161	0.16075	0.02524	0.03896	0.07454	0.04000	0.01901	0.01009	0.00336	0.00692	0.49047	0.00731	0.00827
14	0.02791	0.08974	0.02322	0.01928	0.02349	0.61574	0.01473	0.03081	0.04928	0.01950	0.01274	0.01451	0.01058	0.00799	0.00687	0.00200	0.01320	0.00509	0.00411	0.00920
15	0.01919	0.01842	0.03147	0.04759	0.67914	0.01842	0.02380	0.02380	0.01765	0.02533	0.01458	0.01919	0.01228	0.00691	0.00768	0.00230	0.00921	0.00691	0.00384	0.01228
16	0.01990	0.01281	0.01506	0.01330	0.01714	0.01323	0.01046	0.05407	0.25730	0.17540	0.18041	0.06997	0.07495	0.01310	0.00843	0.00259	0.00561	0.03742	0.00830	0.01056
17	0.00981	0.00705	0.00921	0.01057	0.01130	0.00658	0.00724	0.01148	0.01577	0.02111	0.11920	0.56401	0.07878	0.05355	0.01109	0.00325	0.00460	0.04179	0.00725	0.00639
18	0.02068	0.05881	0.33459	0.02081	0.02862	0.23891	0.05100	0.02870	0.10001	0.02353	0.01549	0.01726	0.01172	0.00790	0.00731	0.00231	0.01158	0.00598	0.00412	0.01066
19	0.02085	0.01896	0.05896	0.01652	0.02165	0.02004	0.01369	0.14773	0.51554	0.03485	0.02822	0.02636	0.02099	0.01012	0.00783	0.00257	0.00688	0.00827	0.00759	0.01238
20	0.01721	0.01375	0.01619	0.01162	0.01846	0.01040	0.00932	0.02063	0.01645	0.06505	0.01480	0.01670	0.01195	0.00597	0.00587	0.00122	0.00579	0.00479	0.00490	0.72894
21	0.01696	0.01696	0.02375	0.02036	0.02036	0.02375	0.01696	0.01866	0.01187	0.01866	0.01018	0.01696	0.01018	0.01357	0.02545	0.00339	0.71332	0.00679	0.00339	0.00848
22	0.01935	0.54718	0.21350	0.01563	0.02355	0.02729	0.01738	0.02357	0.01592	0.01993	0.01162	0.01349	0.00992	0.00683	0.00561	0.00187	0.00914	0.00457	0.00331	0.01035
23	0.01608	0.01378	0.01608	0.01148	0.01837	0.01034	0.00919	0.01952	0.01608	0.02527	0.01378	0.01608	0.01148	0.00574	0.00574	0.00115	0.00574	0.00459	0.00459	0.77491
24	0.01108	0.00831	0.01246	0.01246	0.01385	0.00969	0.00969	0.01385	0.01246	0.01800	0.02077	0.03046	0.01938	0.05815	0.69678	0.01246	0.02077	0.00831	0.00415	0.00692
25	0.01094	0.00795	0.01032	0.00981	0.01167	0.00733	0.00741	0.01452	0.02164	0.03042	0.63019	0.05953	0.09851	0.01618	0.00919	0.00248	0.00377	0.03242	0.00844	0.00728
26	0.01773	0.10045	0.01847	0.03734	0.01886	0.01684	0.01132	0.06856	0.30208	0.05198	0.12659	0.07703	0.07961	0.01244	0.00800	0.00251	0.00611	0.02657	0.00722	0.01030
27	0.01005	0.00827	0.00894	0.00905	0.01152	0.00733	0.00695	0.01308	0.04322	0.02248	0.12498	0.09429	0.51496	0.01927	0.00929	0.00271	0.00432	0.07507	0.00734	0.00689
28	0.08585	0.63863	0.03727	0.01332	0.01967	0.06074	0.01293	0.02354	0.01583	0.01968	0.01084	0.01252	0.00982	0.00675	0.00505	0.00174	0.00836	0.00419	0.00347	0.00977
29	0.02050	0.38496	0.18308	0.01682	0.02351	0.07497	0.01734	0.04600	0.01683	0.04471	0.01249	0.01472	0.01040	0.00795	0.00838	0.00213	0.09607	0.00512	0.00375	0.01027
30	0.01917	0.01623	0.01791	0.07981	0.02288	0.01856	0.01288	0.10762	0.47678	0.03219	0.03240	0.03085	0.07667	0.01090	0.00797	0.00259	0.00662	0.00903	0.00740	0.01155
31	0.01156	0.00805	0.00971	0.06800	0.01228	0.00834	0.00613	0.01200	0.01163	0.01544	0.02353	0.04818	0.02667	0.66632	0.03677	0.00710	0.00776	0.01090	0.00459	0.00503
32	0.01347	0.00673	0.01010	0.01010	0.01010	0.00673	0.00673	0.01010	0.01010	0.01347	0.01347	0.02357	0.01347	0.02694	0.03030	0.77441	0.00673	0.00673	0.00337	0.00337
33	0.01593	0.01351	0.01585	0.01194	0.01827	0.01066	0.00962	0.02031	0.04856	0.02545	0.01699	0.02279	0.01491	0.00731	0.00627	0.00143	0.00588	0.05771	0.00497	0.67165
34	0.01608	0.01378	0.01608	0.01148	0.01837	0.01034	0.00919	0.01952	0.01608	0.02527	0.01378	0.01608	0.01148	0.00574	0.00574	0.00115	0.00574	0.00459	0.00459	0.77491
35	0.01108	0.00831	0.01246	0.01246	0.01385	0.00969	0.00969	0.01385	0.01246	0.01800	0.02077	0.03046	0.01938	0.05815	0.69678	0.01246	0.02077	0.00831	0.00415	0.00692
36	0.01246	0.00983	0.01147	0.01080	0.01330	0.00983	0.00817	0.01983	0.16530	0.02917	0.40074	0.07807	0.16977	0.01564	0.00889	0.00254	0.00429	0.01355	0.00810	0.00825
37	0.01555	0.04011	0.68733	0.02210	0.03356	0.01801	0.02865	0.02455	0.01637	0.02455	0.01391	0.01637	0.00982	0.00737	0.00737	0.00246	0.01146	0.00573	0.00327	0.01146
38	0.01205	0.00861	0.01199	0.01377	0.01536	0.00854	0.01172	0.01530	0.01741	0.02271	0.04130	0.17976	0.04559	0.02184	0.01059	0.00351	0.00676	0.53903	0.00715	0.00702
39	0.00945	0.00675	0.00900	0.01080	0.01125	0.00630	0.00720	0.01080	0.01484	0.01979	0.04274	0.72245	0.05128	0.02429	0.00990	0.00315	0.00450	0.02204	0.00720	0.00630
40	0.00945	0.00675	0.00900	0.01080	0.01125	0.00630	0.00720	0.01080	0.01484	0.01979	0.04274	0.72245	0.05128	0.02429	0.00990	0.00315	0.00450	0.02204	0.00720	0.00630
41	0.01464	0.01378	0.02326	0.70887	0.05340	0.01723	0.02153	0.01981	0.01550	0.01981	0.01378	0.02067	0.01034	0.00775	0.00775	0.00258	0.01034	0.00689	0.00345	0.00861
42	0.01529	0.01490	0.01630	0.01529	0.01685	0.12985	0.01202	0.01772	0.01397	0.01830	0.01719	0.02500	0.01597	0.04083	0.44713	0.00889	0.15549	0.00744	0.00398	0.00758
43	0.78228	0.01499	0.01140	0.01020	0.01499	0.01739	0.00840	0.02279	0.01320	0.03479	0.01080	0.01260	0.00840	0.00720	0.00480	0.00240	0.00600	0.00420	0.00480	0.00840
44	0.00924	0.00786	0.00796	0.00793	0.01052	0.00658	0.00595	0.01127	0.01785	0.02137	0.10348	0.07392	0.65080	0.01948	0.00916	0.00261	0.00392	0.01627	0.00726	0.00658
45	0.03276	0.01275	0.01735	0.01345	0.01910	0.01105	0.01105	0.03582	0.02217	0.62897	0.08537	0.02907	0.02378	0.01013	0.00791	0.00240	0.00635	0.00833	0.00951	0.01270
46	0.01396	0.01069	0.01341	0.01206	0.01477	0.01068	0.02824	0.09338	0.07970	0.03128	0.40575	0.10325	0.10008	0.01543	0.00898	0.00255	0.00495	0.03443	0.00800	0.00842
47	0.01464	0.01378	0.02326	0.70887	0.05340	0.01723	0.02153	0.01981	0.01550	0.01981	0.01378	0.02067	0.01034	0.00775	0.00775	0.00258	0.01034	0.00689	0.00345	0.00861
48	0.01696	0.01696	0.02375	0.02036	0.02036	0.02375	0.01696	0.01866	0.01187	0.01866	0.01018	0.01696	0.01018	0.01357	0.02545	0.00339	0.71332	0.00679	0.00339	0.00848
49	0.01769	0.01742	0.02955	0.04566	0.02906	0.01651	0.27044	0.05316	0.01750	0.02534	0.01439	0.01842	0.01150	0.00719	0.00950	0.00210	0.08825	0.00688	0.00430	0.31514
50	0.01617	0.12309	0.60979	0.02104	0.03192	0.01953	0.02680	0.02439	0.01630	0.02380	0.01354	0.01590	0.00984	0.00728	0.00708	0.00236	0.01108	0.00554	0.00328	0.01128
51	0.02527	0.34881	0.03034	0.01697	0.02214	0.39776	0.01421	0.02749	0.01918	0.01865	0.01144	0.01329	0.00997	0.00738	0.00609	0.00185	0.01143	0.00461	0.00369	0.00942
52	0.02310	0.02437	0.01859	0.01792	0.05908	0.34886	0.01295	0.08184	0.02048	0.02431	0.01643	0.01958	0.01344	0.01223	0.05804	0.00283	0.04609	0.00615	0.18474	0.00898
53	0.01562	0.01298	0.01195	0.01123	0.01273	0.10027	0.00759	0.06893	0.04841	0.02126	0.05432	0.08143	0.02722	0.40934	0.02530	0.00520	0.00774	0.01045	0.06130	0.00675
54	0.01886	0.01808	0.03087	0.09590	0.63343	0.01834	0.02363	0.02350	0.01750	0.02493	0.01453	0.01930	0.01214	0.00697	0.00768	0.00232	0.00929	0.00691	0.00381	0.01201
55	0.00932	0.00786	0.00807	0.00802	0.01057	0.00661	0.00601	0.01143	0.01804	0.02181	0.12925	0.07320	0.62475	0.01931	0.00916	0.00260	0.00390	0.01616	0.00731	0.00661
56	0.01463	0.01322	0.02189	0.64923	0.04963	0.01638	0.02016	0.01966	0.01557	0.02058	0.01476	0.02137	0.01115	0.00786	0.00755	0.00252	0.00976	0.00692	0.06865	0.00850
57	0.00943	0.00683	0.00891	0.01058	0.01119	0.00632	0.00710	0.01082	0.01505	0.01988	0.04535	0.67512	0.09692	0.02395	0.00984	0.00311	0.00446	0.02163	0.00720	0.00632
58	0.05212	0.08948	0.60818	0.02089	0.03168	0.01890	0.02657	0.02437	0.01618	0.02458	0.01354	0.01590	0.00976	0.00730	0.00707	0.00239	0.01097	0.00554	0.00335	0.01120
59	0.02426	0.02126	0.01957	0.01807	0.06042	0.18534	0.01319	0.11519	0.23244	0.11067	0.02270	0.02409	0.01754	0.06161	0.00985	0.00269	0.00873	0.00740	0.00652	0.03845
60	0.06760	0.00806	0.00867	0.00858	0.00893	0.00824	0.00497	0.01212	0.01142	0.01648	0.02343	0.04795	0.02674	0.67489	0.03693	0.00714	0.00741	0.01076	0.00471	0.00497

[dist]
# distance from previous block
# <min> <max>
0	27

# created by:
# /st0/software/busco_prod/Augustus/scripts/msa2prfl.pl ./align_prep/102063.fa
