[name]
unknown

[dist]
# distance from previous block
# <min> <max>
0	38

[block]
# block no. 0 follows, 25 sequences, length 35
# corresponding to MSA columns:
# 45-79
name=unknown_A
#
# <colnr> <probs for GDERKNQSTAVLIFYWHMCP>
#	G	D	E	R	K	N	Q	S	T	A	V	L	I	F	Y	W	H	M	C	P
0	0.06729	0.01011	0.01252	0.04465	0.01644	0.01046	0.01032	0.01936	0.10312	0.05334	0.13321	0.19881	0.07420	0.01754	0.00918	0.00296	0.00581	0.19540	0.00723	0.00805
1	0.01657	0.01277	0.01369	0.01250	0.01498	0.04823	0.00907	0.10158	0.08891	0.05488	0.02912	0.20739	0.04813	0.21010	0.01738	0.00393	0.02792	0.01218	0.00630	0.06437
2	0.20826	0.09903	0.02132	0.01564	0.02071	0.16517	0.01280	0.19349	0.05604	0.08520	0.01577	0.01661	0.01191	0.00849	0.00733	0.00227	0.03793	0.00573	0.00574	0.01055
3	0.01271	0.00968	0.01352	0.01375	0.01581	0.00947	0.04236	0.04825	0.03568	0.02385	0.06047	0.33253	0.04315	0.02008	0.00982	0.00312	0.00623	0.25461	0.00700	0.03790
4	0.00957	0.00689	0.00907	0.01059	0.01124	0.00640	0.00715	0.01114	0.01557	0.02081	0.09865	0.63848	0.07898	0.02337	0.00980	0.00307	0.00440	0.02112	0.00731	0.00640
5	0.01891	0.48953	0.26736	0.01636	0.02469	0.02624	0.01866	0.02369	0.01597	0.02046	0.01188	0.01382	0.00991	0.00689	0.00581	0.00194	0.00940	0.00470	0.00330	0.01048
6	0.02523	0.05632	0.02024	0.01535	0.02049	0.01909	0.01251	0.31629	0.14932	0.13682	0.05894	0.05945	0.02130	0.01053	0.00772	0.00238	0.00710	0.00843	0.04057	0.01192
7	0.03479	0.01320	0.01799	0.01380	0.01979	0.01140	0.01140	0.03779	0.02219	0.68451	0.03059	0.02639	0.01919	0.00960	0.00780	0.00240	0.00660	0.00780	0.00960	0.01320
8	0.02785	0.01203	0.01585	0.01281	0.01769	0.01072	0.01033	0.03184	0.05680	0.48563	0.12353	0.06189	0.07416	0.01180	0.00817	0.00246	0.00590	0.00988	0.00909	0.01159
9	0.01591	0.08856	0.64205	0.02148	0.03260	0.01889	0.02757	0.02446	0.01633	0.02411	0.01369	0.01609	0.00983	0.00732	0.00720	0.00240	0.01124	0.00562	0.00328	0.01135
10	0.01607	0.01609	0.03085	0.06127	0.07787	0.01614	0.32120	0.04527	0.01716	0.02350	0.02074	0.14388	0.01959	0.01694	0.10020	0.00400	0.04447	0.01081	0.00462	0.00932
11	0.01092	0.00772	0.01031	0.01184	0.01276	0.00751	0.00894	0.01295	0.01552	0.02046	0.03944	0.37436	0.04533	0.12400	0.01446	0.00394	0.00598	0.26033	0.00682	0.00640
12	0.01186	0.00867	0.01160	0.01288	0.01479	0.00841	0.01100	0.01521	0.01826	0.02371	0.11316	0.08251	0.13817	0.02058	0.01032	0.00331	0.00631	0.47487	0.00730	0.00707
13	0.01055	0.00777	0.00988	0.00965	0.01140	0.00709	0.00713	0.01371	0.02051	0.02839	0.52040	0.14519	0.14470	0.01740	0.00924	0.00255	0.00380	0.01534	0.00820	0.00709
14	0.01684	0.01796	0.04474	0.13807	0.08059	0.08757	0.07748	0.02018	0.01503	0.02021	0.01557	0.07152	0.01458	0.01644	0.09174	0.00393	0.24671	0.00812	0.00391	0.00881
15	0.04451	0.01621	0.02655	0.27146	0.35285	0.01760	0.04079	0.02318	0.05407	0.02430	0.01563	0.02049	0.01242	0.00750	0.00757	0.00241	0.00920	0.00700	0.03568	0.01061
16	0.02051	0.70246	0.06839	0.01365	0.02049	0.03014	0.01393	0.02327	0.01578	0.01851	0.01091	0.01261	0.00994	0.00666	0.00508	0.00169	0.00843	0.00421	0.00331	0.01002
17	0.01128	0.00752	0.00846	0.00846	0.00846	0.00752	0.00470	0.01128	0.01128	0.01503	0.02443	0.05074	0.02819	0.72751	0.03946	0.00752	0.00752	0.01128	0.00470	0.00470
18	0.01757	0.05975	0.08644	0.10488	0.03740	0.01946	0.41088	0.02336	0.01711	0.02349	0.01456	0.01948	0.01123	0.00717	0.00951	0.00250	0.05984	0.00789	0.00380	0.06368
19	0.03114	0.01748	0.04056	0.05142	0.02306	0.06476	0.01336	0.14639	0.04972	0.44054	0.02572	0.02357	0.01686	0.00930	0.00772	0.00238	0.00782	0.00737	0.00827	0.01256
20	0.03090	0.01406	0.01797	0.01406	0.01959	0.01318	0.01151	0.12766	0.04982	0.49560	0.09577	0.02860	0.02408	0.01024	0.00793	0.00240	0.00656	0.00836	0.00914	0.01255
21	0.01086	0.00739	0.00881	0.00938	0.00959	0.00727	0.00576	0.01140	0.01256	0.01671	0.03011	0.22954	0.03512	0.50564	0.03018	0.00616	0.00670	0.04609	0.00548	0.00525
22	0.06441	0.45166	0.10068	0.01494	0.02134	0.07429	0.01470	0.02526	0.01663	0.09406	0.01336	0.01476	0.01090	0.00755	0.00679	0.00198	0.04737	0.00492	0.00415	0.01023
23	0.02178	0.01600	0.01758	0.01529	0.01989	0.01778	0.01203	0.07956	0.49400	0.12924	0.06585	0.02947	0.02503	0.01060	0.00794	0.00257	0.00623	0.00879	0.00817	0.01220
24	0.01445	0.00723	0.00723	0.00723	0.00903	0.00723	0.00542	0.01807	0.01626	0.02891	0.02529	0.02891	0.01987	0.00903	0.00542	0.00181	0.00361	0.00723	0.77055	0.00723
25	0.02008	0.12415	0.32541	0.02058	0.02860	0.17672	0.07205	0.05115	0.04533	0.02363	0.01493	0.03591	0.01189	0.00803	0.00722	0.00228	0.01124	0.00626	0.00398	0.01057
26	0.07152	0.01522	0.02405	0.42151	0.20199	0.01730	0.02018	0.04204	0.01704	0.07423	0.01521	0.02012	0.01145	0.00769	0.00753	0.00248	0.00941	0.00678	0.00424	0.01000
27	0.68728	0.01522	0.01251	0.01087	0.01583	0.01731	0.00896	0.05750	0.01510	0.08323	0.01267	0.01393	0.00944	0.00749	0.00518	0.00240	0.00618	0.00461	0.00531	0.00900
28	0.00954	0.00679	0.00897	0.01068	0.01111	0.00636	0.00707	0.01082	0.01466	0.01955	0.04181	0.68855	0.05012	0.05977	0.01139	0.00337	0.00465	0.02150	0.00707	0.00622
29	0.05183	0.10167	0.49281	0.02167	0.03162	0.01907	0.10429	0.02408	0.01657	0.02466	0.03348	0.01764	0.01191	0.00744	0.00730	0.00240	0.01087	0.00619	0.00359	0.01092
30	0.04886	0.02289	0.02287	0.03971	0.06758	0.11939	0.01521	0.44138	0.07802	0.04058	0.01799	0.01863	0.01322	0.00894	0.00757	0.00231	0.00916	0.00674	0.00676	0.01219
31	0.00962	0.00687	0.00918	0.01091	0.01146	0.00644	0.00742	0.01113	0.01518	0.02026	0.06088	0.67650	0.05163	0.02393	0.00991	0.00315	0.00459	0.04735	0.00723	0.00636
32	0.14702	0.10028	0.01908	0.07164	0.02098	0.04726	0.01164	0.02976	0.08479	0.27381	0.02280	0.04275	0.01666	0.00912	0.00682	0.00231	0.00701	0.00706	0.06856	0.01067
33	0.10264	0.04452	0.02180	0.07060	0.02453	0.21505	0.01458	0.27369	0.02513	0.03268	0.01480	0.01680	0.01140	0.00887	0.00858	0.00232	0.06919	0.00603	0.02629	0.01050
34	0.07503	0.04475	0.01598	0.01338	0.01677	0.01200	0.03655	0.05553	0.03850	0.17419	0.09021	0.15124	0.03332	0.07257	0.01110	0.00315	0.00657	0.13293	0.00721	0.00903

[dist]
# distance from previous block
# <min> <max>
2	9

[block]
# block no. 1 follows, 25 sequences, length 36
# corresponding to MSA columns:
# 89-124
name=unknown_B
#
# <colnr> <probs for GDERKNQSTAVLIFYWHMCP>
#	G	D	E	R	K	N	Q	S	T	A	V	L	I	F	Y	W	H	M	C	P
0	0.02183	0.11010	0.06350	0.04470	0.02160	0.19190	0.01354	0.17711	0.02171	0.02614	0.01860	0.05804	0.01747	0.13858	0.01311	0.00320	0.00973	0.03466	0.00518	0.00931
1	0.01486	0.01382	0.02311	0.54974	0.13681	0.01640	0.02049	0.01969	0.01609	0.02114	0.04774	0.05484	0.01559	0.00880	0.00791	0.00256	0.00958	0.00795	0.00392	0.00895
2	0.04479	0.01102	0.01363	0.06745	0.01692	0.01280	0.01024	0.08318	0.01673	0.02661	0.02017	0.02543	0.01665	0.02105	0.17144	0.00466	0.09764	0.00726	0.32425	0.00808
3	0.32255	0.01804	0.12525	0.01342	0.01918	0.01493	0.01259	0.05765	0.01758	0.20209	0.04495	0.05109	0.01700	0.04244	0.00815	0.00268	0.00710	0.00701	0.00620	0.01010
4	0.01607	0.10965	0.62235	0.02121	0.03219	0.01928	0.02710	0.02442	0.01631	0.02392	0.01360	0.01597	0.00983	0.00729	0.00713	0.00238	0.01114	0.00557	0.00328	0.01131
5	0.00968	0.00704	0.00906	0.01037	0.01112	0.00660	0.00702	0.01119	0.01517	0.02011	0.07647	0.55041	0.11422	0.06842	0.04104	0.00373	0.00528	0.01979	0.00698	0.00630
6	0.01893	0.01816	0.03101	0.08507	0.64367	0.01835	0.02367	0.02357	0.01753	0.02502	0.01454	0.01927	0.01217	0.00696	0.00768	0.00232	0.00928	0.00691	0.00382	0.01207
7	0.02944	0.04125	0.01859	0.01421	0.01960	0.01385	0.01176	0.09682	0.08960	0.45127	0.06214	0.03095	0.02311	0.01064	0.00795	0.00247	0.00670	0.04860	0.00878	0.01228
8	0.38737	0.01509	0.01552	0.01259	0.01805	0.01578	0.01039	0.10604	0.01969	0.29968	0.01977	0.01892	0.01336	0.00843	0.00638	0.00239	0.00655	0.00600	0.00710	0.01093
9	0.01062	0.00724	0.00865	0.00929	0.00945	0.00708	0.00559	0.01110	0.01255	0.01674	0.03098	0.29107	0.03645	0.47590	0.02889	0.00595	0.00644	0.01513	0.00559	0.00527
10	0.01590	0.00908	0.00927	0.00874	0.01109	0.00949	0.00669	0.06195	0.07982	0.03055	0.02546	0.02823	0.01980	0.00919	0.00581	0.00192	0.00418	0.00736	0.64737	0.00810
11	0.01208	0.00993	0.01065	0.01027	0.01319	0.00956	0.00801	0.04615	0.11623	0.02486	0.10410	0.06533	0.44490	0.01771	0.00906	0.00269	0.00477	0.07526	0.00741	0.00782
12	0.01009	0.00739	0.00948	0.01002	0.01131	0.00678	0.00711	0.01253	0.01829	0.02492	0.32657	0.35859	0.12809	0.02005	0.00949	0.00278	0.00406	0.01788	0.00779	0.00678
13	0.78228	0.01499	0.01140	0.01020	0.01499	0.01739	0.00840	0.02279	0.01320	0.03479	0.01080	0.01260	0.00840	0.00720	0.00480	0.00240	0.00600	0.00420	0.00480	0.00840
14	0.00986	0.00797	0.00882	0.00886	0.01123	0.00693	0.00681	0.01233	0.01858	0.02327	0.19920	0.07236	0.49056	0.01902	0.00931	0.00267	0.00418	0.07381	0.00747	0.00676
15	0.01830	0.02092	0.04575	0.03268	0.04052	0.01961	0.65098	0.02484	0.01830	0.02484	0.01569	0.02092	0.01176	0.00654	0.00915	0.00261	0.01307	0.00915	0.00392	0.01046
16	0.03479	0.01320	0.01799	0.01380	0.01979	0.01140	0.01140	0.03779	0.02219	0.68451	0.03059	0.02639	0.01919	0.00960	0.00780	0.00240	0.00660	0.00780	0.00960	0.01320
17	0.00945	0.00675	0.00900	0.01080	0.01125	0.00630	0.00720	0.01080	0.01484	0.01979	0.04274	0.72245	0.05128	0.02429	0.00990	0.00315	0.00450	0.02204	0.00720	0.00630
18	0.03479	0.01320	0.01799	0.01380	0.01979	0.01140	0.01140	0.03779	0.02219	0.68451	0.03059	0.02639	0.01919	0.00960	0.00780	0.00240	0.00660	0.00780	0.00960	0.01320
19	0.01555	0.04011	0.68733	0.02210	0.03356	0.01801	0.02865	0.02455	0.01637	0.02455	0.01391	0.01637	0.00982	0.00737	0.00737	0.00246	0.01146	0.00573	0.00327	0.01146
20	0.01048	0.00830	0.01237	0.01285	0.01378	0.00821	0.05214	0.01221	0.01491	0.02008	0.03902	0.63400	0.04622	0.02246	0.01073	0.00313	0.04536	0.02029	0.00676	0.00671
21	0.02896	0.03695	0.02197	0.01998	0.02397	0.69638	0.01498	0.03096	0.02197	0.01898	0.01199	0.01398	0.00999	0.00799	0.00699	0.00200	0.01398	0.00499	0.00400	0.00899
22	0.01803	0.02177	0.08512	0.05681	0.06850	0.01937	0.56147	0.02459	0.01805	0.02466	0.01546	0.02054	0.01161	0.00665	0.00892	0.00259	0.01270	0.00875	0.00386	0.01054
23	0.01347	0.00673	0.01010	0.01010	0.01010	0.00673	0.00673	0.01010	0.01010	0.01347	0.01347	0.02357	0.01347	0.02694	0.03030	0.77441	0.00673	0.00673	0.00337	0.00337
24	0.01597	0.01672	0.05233	0.33303	0.03840	0.01894	0.10422	0.02032	0.01490	0.02077	0.01299	0.01908	0.01055	0.00912	0.01295	0.00271	0.21652	0.00693	0.00358	0.06997
25	0.49458	0.11028	0.01764	0.08818	0.02069	0.01923	0.01106	0.04680	0.05196	0.05915	0.01343	0.01520	0.01032	0.00755	0.00556	0.00233	0.00690	0.00500	0.00494	0.00922
26	0.01436	0.00868	0.01145	0.01033	0.01275	0.00790	0.00790	0.01793	0.02198	0.12404	0.58337	0.05343	0.06548	0.01496	0.00895	0.00243	0.00408	0.01314	0.00869	0.00815
27	0.00964	0.00683	0.00894	0.01054	0.01095	0.00643	0.00693	0.01085	0.01446	0.01928	0.04076	0.64999	0.04879	0.10014	0.01309	0.00362	0.00482	0.02088	0.00693	0.00613
28	0.06788	0.01690	0.01957	0.01508	0.02096	0.01704	0.03679	0.27282	0.06939	0.13486	0.02013	0.02039	0.01457	0.00839	0.00705	0.00208	0.00715	0.00664	0.06033	0.18202
29	0.01347	0.00673	0.01010	0.01010	0.01010	0.00673	0.00673	0.01010	0.01010	0.01347	0.01347	0.02357	0.01347	0.02694	0.03030	0.77441	0.00673	0.00673	0.00337	0.00337
30	0.01059	0.00791	0.00983	0.00935	0.01135	0.00715	0.00702	0.01389	0.02105	0.02895	0.54922	0.06144	0.20032	0.01665	0.00915	0.00248	0.00371	0.01452	0.00825	0.00715
31	0.00969	0.00677	0.00891	0.01062	0.01114	0.00634	0.00711	0.01115	0.01491	0.02024	0.04188	0.68836	0.04974	0.02354	0.00968	0.00308	0.00445	0.02131	0.04472	0.00634
32	0.01825	0.02055	0.04371	0.03249	0.06579	0.01983	0.58329	0.02439	0.01785	0.02445	0.01528	0.02058	0.01168	0.00701	0.01016	0.00265	0.05884	0.00890	0.00388	0.01040
33	0.01784	0.01937	0.03325	0.02557	0.02977	0.06452	0.32402	0.02201	0.01571	0.02162	0.01397	0.01996	0.01181	0.01400	0.07980	0.00378	0.26193	0.00796	0.00376	0.00933
34	0.01109	0.00826	0.01223	0.01223	0.01354	0.00957	0.00941	0.01370	0.01239	0.01783	0.02098	0.03161	0.01988	0.09618	0.65943	0.01218	0.02002	0.00848	0.00418	0.00680
35	0.32429	0.07311	0.34715	0.01781	0.05210	0.01858	0.01933	0.02373	0.01511	0.02830	0.01249	0.01472	0.00936	0.00723	0.00619	0.00238	0.00897	0.00506	0.00391	0.01017

[dist]
# distance from previous block
# <min> <max>
0	1

[block]
# block no. 2 follows, 25 sequences, length 70
# corresponding to MSA columns:
# 126-195
name=unknown_C
#
# <colnr> <probs for GDERKNQSTAVLIFYWHMCP>
#	G	D	E	R	K	N	Q	S	T	A	V	L	I	F	Y	W	H	M	C	P
0	0.01797	0.01766	0.05543	0.02128	0.02778	0.01567	0.27164	0.02589	0.12598	0.06068	0.04985	0.05154	0.01842	0.00835	0.00799	0.00225	0.00892	0.00850	0.00536	0.19886
1	0.01584	0.10566	0.59263	0.02066	0.03119	0.01873	0.02615	0.02396	0.01657	0.02425	0.04489	0.01795	0.01283	0.00770	0.00722	0.00238	0.01078	0.00597	0.00353	0.01112
2	0.02011	0.07333	0.07003	0.03572	0.41035	0.12104	0.04586	0.02520	0.04774	0.02394	0.01731	0.02053	0.03925	0.00775	0.00749	0.00226	0.00980	0.00691	0.00412	0.01126
3	0.00957	0.00787	0.00845	0.00855	0.01093	0.00675	0.00646	0.01180	0.01808	0.02225	0.14742	0.10100	0.54320	0.01947	0.00927	0.00267	0.00409	0.04816	0.00736	0.00666
4	0.01658	0.01408	0.01635	0.01172	0.01859	0.01085	0.00940	0.04331	0.01684	0.02615	0.01396	0.01617	0.01155	0.00588	0.00582	0.00119	0.00585	0.00468	0.00471	0.74632
5	0.03186	0.01294	0.01739	0.01337	0.01920	0.01107	0.01098	0.03493	0.02167	0.59201	0.06650	0.02736	0.02168	0.00964	0.00770	0.00230	0.00636	0.00789	0.00912	0.07603
6	0.01900	0.01837	0.03180	0.06903	0.63144	0.01843	0.05007	0.02371	0.01761	0.02513	0.01460	0.01931	0.01220	0.00692	0.00774	0.00233	0.00941	0.00700	0.00383	0.01208
7	0.00928	0.00781	0.00805	0.00810	0.01057	0.00658	0.00604	0.01131	0.01779	0.02148	0.11138	0.10431	0.61154	0.01964	0.00920	0.00263	0.00394	0.01650	0.00728	0.00658
8	0.01157	0.00844	0.01131	0.01277	0.01448	0.00818	0.01068	0.01462	0.01757	0.02276	0.07273	0.17451	0.12774	0.02136	0.01033	0.00334	0.00621	0.43722	0.00721	0.00695
9	0.01830	0.02092	0.04575	0.03268	0.04052	0.01961	0.65098	0.02484	0.01830	0.02484	0.01569	0.02092	0.01176	0.00654	0.00915	0.00261	0.01307	0.00915	0.00392	0.01046
10	0.01255	0.00908	0.01245	0.01409	0.01588	0.00916	0.01210	0.01671	0.04410	0.02333	0.04079	0.13129	0.04425	0.02118	0.01054	0.00350	0.00691	0.55764	0.00717	0.00729
11	0.01445	0.00723	0.00723	0.00723	0.00903	0.00723	0.00542	0.01807	0.01626	0.02891	0.02529	0.02891	0.01987	0.00903	0.00542	0.00181	0.00361	0.00723	0.77055	0.00723
12	0.00917	0.00782	0.00790	0.00796	0.01050	0.00654	0.00594	0.01112	0.01757	0.02090	0.07727	0.09765	0.65379	0.01980	0.00919	0.00264	0.00395	0.01657	0.00720	0.00654
13	0.00945	0.00675	0.00900	0.01080	0.01125	0.00630	0.00720	0.01080	0.01484	0.01979	0.04274	0.72245	0.05128	0.02429	0.00990	0.00315	0.00450	0.02204	0.00720	0.00630
14	0.00945	0.00675	0.00900	0.01080	0.01125	0.00630	0.00720	0.01080	0.01484	0.01979	0.04274	0.72245	0.05128	0.02429	0.00990	0.00315	0.00450	0.02204	0.00720	0.00630
15	0.01108	0.00828	0.01230	0.01230	0.01363	0.00960	0.00949	0.01374	0.01241	0.01788	0.02092	0.03129	0.01974	0.08552	0.66991	0.01226	0.02023	0.00843	0.00418	0.00683
16	0.02524	0.01821	0.02025	0.04572	0.02265	0.02000	0.01333	0.40410	0.13311	0.08590	0.07393	0.02555	0.02065	0.04396	0.00939	0.00265	0.00765	0.00808	0.00764	0.01197
17	0.01919	0.01842	0.03147	0.04759	0.67914	0.01842	0.02380	0.02380	0.01765	0.02533	0.01458	0.01919	0.01228	0.00691	0.00768	0.00230	0.00921	0.00691	0.00384	0.01228
18	0.01097	0.00793	0.01036	0.00975	0.01158	0.00732	0.00732	0.01463	0.02195	0.03109	0.67505	0.05792	0.07316	0.01585	0.00914	0.00244	0.00366	0.01402	0.00854	0.00732
19	0.59033	0.07772	0.01530	0.01236	0.04538	0.01774	0.00968	0.02403	0.01451	0.08947	0.01318	0.01463	0.01003	0.00741	0.00523	0.00231	0.00632	0.00473	0.03059	0.00909
20	0.01574	0.03819	0.62825	0.02249	0.03327	0.01834	0.05597	0.02430	0.01625	0.02430	0.01382	0.01660	0.00993	0.00761	0.00827	0.00251	0.04364	0.00593	0.00331	0.01128
21	0.01822	0.01524	0.02215	0.07130	0.02508	0.01350	0.11385	0.03773	0.01718	0.07839	0.01538	0.01817	0.01204	0.00684	0.00769	0.00175	0.04432	0.00594	0.00482	0.47042
22	0.07581	0.01280	0.01689	0.01321	0.01874	0.01136	0.01084	0.03474	0.02165	0.58530	0.09020	0.02856	0.02366	0.01005	0.00775	0.00240	0.00629	0.00818	0.00922	0.01236
23	0.05073	0.01280	0.06648	0.01232	0.01593	0.01100	0.01049	0.02261	0.11929	0.10678	0.39468	0.04553	0.05022	0.01344	0.00851	0.00251	0.00524	0.03439	0.00792	0.00913
24	0.01198	0.00867	0.01178	0.01301	0.01486	0.00847	0.01110	0.01545	0.01856	0.02442	0.15519	0.08132	0.09631	0.02031	0.01032	0.00330	0.00629	0.47415	0.00739	0.00713
25	0.01766	0.01923	0.03992	0.03213	0.11433	0.01846	0.49216	0.02341	0.01782	0.02437	0.01788	0.05703	0.01524	0.00838	0.00964	0.00268	0.03584	0.03939	0.00420	0.01025
26	0.01687	0.09217	0.55419	0.02209	0.03265	0.01893	0.08418	0.02493	0.01670	0.04663	0.01440	0.01682	0.01033	0.00731	0.00736	0.00241	0.01119	0.00599	0.00355	0.01131
27	0.02990	0.01403	0.05184	0.01376	0.01941	0.01152	0.01178	0.03410	0.04886	0.53402	0.11723	0.03025	0.02622	0.01037	0.00796	0.00242	0.00643	0.00858	0.00905	0.01227
28	0.15498	0.01413	0.01575	0.01331	0.01795	0.01479	0.01065	0.06796	0.20916	0.23600	0.13444	0.02957	0.02731	0.01048	0.00753	0.00247	0.00598	0.00845	0.00799	0.01111
29	0.05460	0.01835	0.02197	0.38348	0.03832	0.13912	0.04343	0.04968	0.03575	0.02284	0.01483	0.01971	0.01149	0.00827	0.00827	0.00244	0.04682	0.00659	0.06510	0.00893
30	0.01521	0.16398	0.01851	0.01203	0.01527	0.01463	0.00996	0.02057	0.09772	0.05278	0.31855	0.06561	0.07587	0.01364	0.00885	0.00243	0.03567	0.04306	0.00699	0.00868
31	0.01347	0.00673	0.01010	0.01010	0.01010	0.00673	0.00673	0.01010	0.01010	0.01347	0.01347	0.02357	0.01347	0.02694	0.03030	0.77441	0.00673	0.00673	0.00337	0.00337
32	0.00945	0.00675	0.00900	0.01080	0.01125	0.00630	0.00720	0.01080	0.01484	0.01979	0.04274	0.72245	0.05128	0.02429	0.00990	0.00315	0.00450	0.02204	0.00720	0.00630
33	0.01735	0.01743	0.02332	0.18533	0.06621	0.07190	0.01786	0.02013	0.01400	0.01973	0.01199	0.01820	0.01069	0.01121	0.01806	0.00297	0.42592	0.00670	0.03227	0.00872
34	0.01640	0.01122	0.01086	0.04166	0.01381	0.06818	0.00798	0.06468	0.01769	0.02769	0.02274	0.02741	0.01836	0.03850	0.06421	0.00298	0.00672	0.00724	0.52389	0.00776
35	0.01882	0.01515	0.01727	0.01291	0.01914	0.01335	0.01036	0.17241	0.02125	0.03105	0.04816	0.04603	0.01643	0.00781	0.00656	0.00157	0.00627	0.00630	0.00565	0.52350
36	0.08728	0.05665	0.05445	0.01654	0.02255	0.02012	0.04213	0.36936	0.02796	0.13610	0.02013	0.04349	0.01491	0.00932	0.00739	0.00233	0.00801	0.00729	0.04205	0.01192
37	0.02896	0.03695	0.02197	0.01998	0.02397	0.69638	0.01498	0.03096	0.02197	0.01898	0.01199	0.01398	0.00999	0.00799	0.00699	0.00200	0.01398	0.00499	0.00400	0.00899
38	0.08147	0.01730	0.02061	0.10001	0.06283	0.05070	0.04428	0.22589	0.08347	0.05955	0.07019	0.02892	0.02092	0.01029	0.00785	0.00249	0.00811	0.06191	0.03258	0.01062
39	0.07879	0.01902	0.02430	0.24744	0.05670	0.05561	0.07123	0.26611	0.04917	0.03318	0.01621	0.01922	0.01198	0.00830	0.00762	0.00244	0.00954	0.00689	0.00546	0.01080
40	0.01711	0.01184	0.03907	0.01465	0.01813	0.01035	0.09102	0.04059	0.01947	0.16072	0.19729	0.25207	0.04246	0.01571	0.00905	0.00271	0.00626	0.03507	0.00750	0.00893
41	0.02500	0.01716	0.02027	0.01581	0.02147	0.01760	0.03834	0.28471	0.12189	0.15125	0.05138	0.02408	0.01868	0.03374	0.00869	0.00240	0.00736	0.00759	0.00740	0.12517
42	0.75225	0.01526	0.01187	0.01050	0.01536	0.01766	0.00865	0.04794	0.01412	0.03535	0.01111	0.01284	0.00859	0.00728	0.00492	0.00240	0.00610	0.00431	0.00492	0.00859
43	0.01122	0.00774	0.00958	0.00958	0.00997	0.00813	0.00610	0.01200	0.01161	0.01587	0.02340	0.04506	0.02572	0.53989	0.22371	0.00890	0.01123	0.01044	0.00455	0.00532
44	0.38540	0.01566	0.01733	0.22538	0.02849	0.01816	0.01362	0.12795	0.01822	0.06408	0.01398	0.01674	0.01031	0.00784	0.00634	0.00244	0.00778	0.00566	0.00511	0.00950
45	0.02247	0.01641	0.01806	0.01542	0.02025	0.01798	0.01218	0.13551	0.41941	0.12456	0.02911	0.05744	0.02210	0.01061	0.00785	0.00251	0.00649	0.00876	0.00793	0.04493
46	0.01097	0.00793	0.01036	0.00975	0.01158	0.00732	0.00732	0.01463	0.02195	0.03109	0.67505	0.05792	0.07316	0.01585	0.00914	0.00244	0.00366	0.01402	0.00854	0.00732
47	0.03279	0.01278	0.01743	0.01366	0.01929	0.01112	0.01129	0.03584	0.02197	0.62716	0.05601	0.03057	0.02251	0.01041	0.00799	0.00246	0.00651	0.03808	0.00944	0.01267
48	0.01555	0.04011	0.68733	0.02210	0.03356	0.01801	0.02865	0.02455	0.01637	0.02455	0.01391	0.01637	0.00982	0.00737	0.00737	0.00246	0.01146	0.00573	0.00327	0.01146
49	0.00945	0.00675	0.00900	0.01080	0.01125	0.00630	0.00720	0.01080	0.01484	0.01979	0.04274	0.72245	0.05128	0.02429	0.00990	0.00315	0.00450	0.02204	0.00720	0.00630
50	0.01108	0.00831	0.01246	0.01246	0.01385	0.00969	0.00969	0.01385	0.01246	0.01800	0.02077	0.03046	0.01938	0.05815	0.69678	0.01246	0.02077	0.00831	0.00415	0.00692
51	0.00955	0.00697	0.00879	0.01018	0.01091	0.00643	0.00681	0.01088	0.01497	0.01958	0.04648	0.57480	0.14017	0.07969	0.01215	0.00342	0.00466	0.02036	0.00700	0.00621
52	0.00945	0.00675	0.00900	0.01080	0.01125	0.00630	0.00720	0.01080	0.01484	0.01979	0.04274	0.72245	0.05128	0.02429	0.00990	0.00315	0.00450	0.02204	0.00720	0.00630
53	0.01696	0.01696	0.02375	0.02036	0.02036	0.02375	0.01696	0.01866	0.01187	0.01866	0.01018	0.01696	0.01018	0.01357	0.02545	0.00339	0.71332	0.00679	0.00339	0.00848
54	0.01019	0.00789	0.00927	0.00893	0.01110	0.00698	0.00670	0.01311	0.02009	0.02668	0.41554	0.06518	0.33542	0.01750	0.00915	0.00252	0.00378	0.01504	0.00795	0.00698
55	0.00945	0.00675	0.00900	0.01080	0.01125	0.00630	0.00720	0.01080	0.01484	0.01979	0.04274	0.72245	0.05128	0.02429	0.00990	0.00315	0.00450	0.02204	0.00720	0.00630
56	0.01041	0.00762	0.00977	0.00983	0.01139	0.00698	0.00714	0.01332	0.01973	0.02723	0.45612	0.22657	0.12835	0.01835	0.00934	0.00264	0.00390	0.01627	0.00806	0.00698
57	0.01608	0.01378	0.01608	0.01148	0.01837	0.01034	0.00919	0.01952	0.01608	0.02527	0.01378	0.01608	0.01148	0.00574	0.00574	0.00115	0.00574	0.00459	0.00459	0.77491
58	0.01094	0.00796	0.01107	0.01189	0.01305	0.00765	0.03707	0.01363	0.03760	0.02165	0.03923	0.54619	0.04484	0.02124	0.00941	0.00301	0.00507	0.06774	0.08394	0.00685
59	0.61756	0.01653	0.06325	0.04036	0.04547	0.01689	0.01092	0.02257	0.01389	0.03268	0.01215	0.01442	0.00941	0.00733	0.00527	0.00237	0.00658	0.00471	0.04892	0.00873
60	0.01589	0.04414	0.05187	0.08232	0.02578	0.01908	0.12186	0.01918	0.01417	0.02046	0.01561	0.08436	0.01501	0.01514	0.06589	0.00359	0.32019	0.00845	0.00396	0.05305
61	0.01539	0.01232	0.01421	0.06935	0.01873	0.03581	0.01081	0.02447	0.24224	0.05108	0.05846	0.25190	0.03447	0.06332	0.01085	0.00315	0.00632	0.06119	0.00700	0.00893
62	0.05621	0.18779	0.19862	0.01924	0.09015	0.01975	0.01738	0.02808	0.13161	0.10679	0.05655	0.02142	0.01730	0.00846	0.00697	0.00228	0.00825	0.00668	0.00531	0.01117
63	0.01577	0.03855	0.63539	0.02296	0.03412	0.01814	0.07904	0.02458	0.01653	0.02458	0.01406	0.01674	0.00998	0.00730	0.00751	0.00247	0.01159	0.00601	0.00333	0.01138
64	0.03479	0.01320	0.01799	0.01380	0.01979	0.01140	0.01140	0.03779	0.02219	0.68451	0.03059	0.02639	0.01919	0.00960	0.00780	0.00240	0.00660	0.00780	0.00960	0.01320
65	0.01447	0.01483	0.05180	0.39923	0.09430	0.01549	0.09947	0.01920	0.01608	0.02116	0.02158	0.13001	0.04840	0.01060	0.00830	0.00265	0.00945	0.00989	0.00428	0.00882
66	0.01671	0.03709	0.59737	0.02267	0.03354	0.01784	0.08434	0.02521	0.01682	0.05584	0.01487	0.01726	0.01044	0.00740	0.00755	0.00247	0.01138	0.00614	0.00363	0.01145
67	0.00999	0.00709	0.00939	0.01102	0.01160	0.00674	0.00764	0.01150	0.01490	0.01979	0.04087	0.58208	0.04836	0.08747	0.01267	0.00360	0.00510	0.09698	0.00696	0.00626
68	0.01104	0.00795	0.00938	0.00928	0.01142	0.00700	0.00686	0.01353	0.01887	0.05565	0.27373	0.17488	0.33491	0.01865	0.00922	0.00264	0.00406	0.01611	0.00777	0.00708
69	0.05072	0.01661	0.13403	0.04437	0.04780	0.01259	0.06916	0.04610	0.01828	0.10158	0.13744	0.15517	0.03211	0.06519	0.01072	0.00298	0.00752	0.03229	0.00618	0.00915

[dist]
# distance from previous block
# <min> <max>
0	3

[block]
# block no. 3 follows, 25 sequences, length 9
# corresponding to MSA columns:
# 199-207
name=unknown_D
#
# <colnr> <probs for GDERKNQSTAVLIFYWHMCP>
#	G	D	E	R	K	N	Q	S	T	A	V	L	I	F	Y	W	H	M	C	P
0	0.67706	0.01481	0.01188	0.01052	0.01503	0.01702	0.00849	0.05965	0.01444	0.03409	0.01233	0.01593	0.01023	0.06350	0.00768	0.00279	0.00627	0.00492	0.00497	0.00840
1	0.06380	0.01863	0.02149	0.09837	0.02589	0.05864	0.05729	0.31478	0.06123	0.07211	0.02278	0.05123	0.04971	0.00996	0.00773	0.00241	0.00841	0.00811	0.03637	0.01106
2	0.04652	0.01614	0.01718	0.01437	0.01895	0.07592	0.01139	0.14987	0.10038	0.25502	0.09961	0.08942	0.04734	0.01173	0.00802	0.00245	0.00697	0.00960	0.00800	0.01111
3	0.02833	0.01259	0.01646	0.01325	0.01825	0.01155	0.01071	0.03371	0.09868	0.48047	0.15540	0.03279	0.03017	0.01092	0.00807	0.00243	0.00597	0.00912	0.00919	0.01195
4	0.01099	0.00740	0.00854	0.00883	0.00890	0.00732	0.00509	0.01120	0.01184	0.01578	0.02732	0.15661	0.03183	0.61667	0.03480	0.00683	0.00704	0.01297	0.00509	0.00495
5	0.02344	0.01849	0.01912	0.01629	0.02122	0.05127	0.01290	0.18402	0.43308	0.09105	0.02753	0.02560	0.02019	0.01004	0.00781	0.00251	0.00710	0.00809	0.00782	0.01241
6	0.09400	0.08882	0.53518	0.01980	0.02993	0.01856	0.02454	0.02497	0.01631	0.05965	0.01424	0.01622	0.01018	0.00741	0.00695	0.00239	0.01041	0.00556	0.00376	0.01113
7	0.04809	0.29636	0.27692	0.05530	0.02668	0.02240	0.01930	0.02473	0.01631	0.08828	0.01407	0.01601	0.01081	0.00766	0.00741	0.00220	0.04745	0.00540	0.00400	0.01063
8	0.01813	0.02040	0.04290	0.03108	0.03791	0.02014	0.56880	0.02404	0.01747	0.02404	0.01497	0.02040	0.01156	0.00745	0.01126	0.00272	0.10383	0.00884	0.00385	0.01020

[dist]
# distance from previous block
# <min> <max>
0	1

[block]
# block no. 4 follows, 25 sequences, length 13
# corresponding to MSA columns:
# 209-221
name=unknown_E
#
# <colnr> <probs for GDERKNQSTAVLIFYWHMCP>
#	G	D	E	R	K	N	Q	S	T	A	V	L	I	F	Y	W	H	M	C	P
0	0.01798	0.02001	0.04250	0.10373	0.08317	0.01928	0.54517	0.02425	0.01797	0.02435	0.01542	0.02078	0.01165	0.00669	0.00891	0.00259	0.01254	0.00877	0.00387	0.01038
1	0.02200	0.01404	0.01707	0.01607	0.05986	0.01458	0.01185	0.03368	0.31067	0.21689	0.12263	0.03489	0.04987	0.01140	0.00815	0.00254	0.00607	0.02806	0.00817	0.01150
2	0.03479	0.01320	0.01799	0.01380	0.01979	0.01140	0.01140	0.03779	0.02219	0.68451	0.03059	0.02639	0.01919	0.00960	0.00780	0.00240	0.00660	0.00780	0.00960	0.01320
3	0.01025	0.00776	0.01098	0.10239	0.01681	0.00781	0.00909	0.01228	0.01549	0.02068	0.08871	0.57797	0.04763	0.02146	0.00956	0.00302	0.00520	0.01942	0.00681	0.00668
4	0.02059	0.39862	0.15664	0.01610	0.02306	0.02585	0.01639	0.10809	0.09262	0.02509	0.01475	0.01605	0.01193	0.00784	0.00694	0.00208	0.03664	0.00545	0.00442	0.01087
5	0.01020	0.00777	0.00935	0.00972	0.01149	0.00702	0.00725	0.01265	0.01818	0.02377	0.24302	0.19551	0.28272	0.04562	0.01058	0.00295	0.00444	0.08353	0.00750	0.00672
6	0.01035	0.00770	0.00963	0.00956	0.01130	0.00698	0.00701	0.01326	0.01985	0.02710	0.44595	0.17815	0.18839	0.01808	0.00928	0.00260	0.00386	0.01590	0.00804	0.00698
7	0.01729	0.17062	0.47383	0.02153	0.07509	0.01995	0.02412	0.02437	0.01670	0.04501	0.03407	0.01740	0.01226	0.00752	0.00699	0.00229	0.01029	0.00583	0.00369	0.01115
8	0.02029	0.07546	0.31445	0.01945	0.02670	0.18454	0.02037	0.09196	0.01959	0.02469	0.01801	0.01993	0.05714	0.00903	0.00872	0.00237	0.06629	0.00642	0.00422	0.01037
9	0.01765	0.01871	0.05645	0.03602	0.34440	0.01791	0.21163	0.02243	0.01712	0.02396	0.01904	0.02433	0.05433	0.03985	0.01085	0.00273	0.05945	0.00832	0.00406	0.01074
10	0.02135	0.07846	0.25508	0.11994	0.07152	0.13787	0.02072	0.08574	0.03540	0.07940	0.01563	0.01781	0.01151	0.00790	0.00729	0.00232	0.01057	0.00609	0.00452	0.01089
11	0.02061	0.01946	0.07364	0.26298	0.03759	0.06178	0.15630	0.11288	0.02028	0.10122	0.01787	0.04895	0.01367	0.00858	0.00807	0.00251	0.01033	0.00791	0.00504	0.01031
12	0.01775	0.01880	0.08030	0.02839	0.18783	0.01716	0.20693	0.07138	0.01819	0.02588	0.01756	0.06598	0.01516	0.01191	0.05372	0.00310	0.05474	0.00843	0.03885	0.05793

[dist]
# distance from previous block
# <min> <max>
13	23

[block]
# block no. 5 follows, 25 sequences, length 26
# corresponding to MSA columns:
# 248-273
name=unknown_F
#
# <colnr> <probs for GDERKNQSTAVLIFYWHMCP>
#	G	D	E	R	K	N	Q	S	T	A	V	L	I	F	Y	W	H	M	C	P
0	0.01886	0.01615	0.01758	0.01549	0.04063	0.05145	0.01173	0.11483	0.20837	0.03020	0.07419	0.06719	0.02281	0.01036	0.00856	0.00222	0.05188	0.00830	0.03719	0.19199
1	0.02183	0.01502	0.01632	0.01528	0.05944	0.09374	0.01114	0.06266	0.05245	0.21563	0.19195	0.03905	0.13162	0.01243	0.00863	0.00242	0.02253	0.01023	0.00759	0.01001
2	0.02339	0.01890	0.02322	0.01959	0.06696	0.02002	0.07276	0.34391	0.14322	0.03817	0.02380	0.02408	0.05726	0.00944	0.00781	0.00232	0.00802	0.00788	0.00684	0.08243
3	0.07195	0.01491	0.01805	0.01653	0.07354	0.02793	0.04670	0.06419	0.16383	0.05038	0.08673	0.02785	0.05843	0.00942	0.00722	0.00213	0.00647	0.00795	0.05527	0.19052
4	0.01851	0.01899	0.03598	0.15167	0.10237	0.01930	0.37089	0.06302	0.08837	0.02624	0.01712	0.02143	0.01293	0.00738	0.00854	0.00256	0.01119	0.00836	0.00448	0.01067
5	0.57761	0.07066	0.01592	0.09970	0.02083	0.01883	0.01085	0.06291	0.01518	0.03251	0.01168	0.01400	0.00907	0.00736	0.00538	0.00236	0.00689	0.00472	0.00470	0.00885
6	0.02646	0.06720	0.02189	0.04661	0.04871	0.01865	0.01370	0.25914	0.05870	0.22169	0.04672	0.05603	0.01892	0.01030	0.00871	0.00243	0.04682	0.00807	0.00739	0.01187
7	0.09346	0.04866	0.01162	0.01036	0.01238	0.00936	0.00780	0.01454	0.01792	0.02614	0.29930	0.27030	0.09461	0.01761	0.00875	0.00267	0.00457	0.03549	0.00727	0.00719
8	0.01385	0.06115	0.01383	0.01143	0.01417	0.01160	0.00883	0.09236	0.07402	0.02731	0.19829	0.21108	0.18251	0.01696	0.00880	0.00262	0.00513	0.03048	0.00737	0.00820
9	0.04339	0.01631	0.02644	0.15623	0.03062	0.01875	0.16707	0.06481	0.01642	0.02376	0.01528	0.04969	0.01322	0.01173	0.03817	0.00308	0.21678	0.00790	0.02855	0.05180
10	0.01776	0.01643	0.02743	0.26510	0.41615	0.01766	0.02192	0.04348	0.01722	0.02374	0.01440	0.01987	0.01172	0.00823	0.00878	0.03928	0.00944	0.00690	0.00382	0.01066
11	0.00971	0.00695	0.00924	0.01061	0.01131	0.00648	0.00722	0.01147	0.01609	0.02177	0.15358	0.60596	0.05512	0.02281	0.00976	0.00302	0.00435	0.02064	0.00743	0.00648
12	0.09729	0.09807	0.30376	0.02117	0.07285	0.10367	0.03957	0.02624	0.07882	0.02478	0.01462	0.01688	0.01129	0.00797	0.00803	0.00238	0.05208	0.00587	0.00403	0.01062
13	0.07710	0.01537	0.01870	0.01459	0.02045	0.01502	0.01200	0.16954	0.06881	0.46436	0.02690	0.02407	0.01756	0.00945	0.00762	0.00240	0.00695	0.00747	0.00880	0.01284
14	0.01234	0.00885	0.01141	0.01201	0.01398	0.00860	0.00965	0.01659	0.06006	0.04312	0.20212	0.16838	0.11966	0.01925	0.00977	0.00303	0.00545	0.26063	0.00762	0.00749
15	0.00991	0.00723	0.00922	0.01041	0.01138	0.00671	0.00728	0.01168	0.01604	0.02119	0.11718	0.47629	0.13605	0.06223	0.01144	0.00328	0.00469	0.06416	0.00720	0.00642
16	0.01613	0.01532	0.02625	0.52690	0.15866	0.01781	0.06614	0.04020	0.01671	0.02200	0.01420	0.02037	0.01086	0.00757	0.00784	0.00253	0.01028	0.00706	0.00368	0.00951
17	0.01195	0.00924	0.01279	0.01237	0.01348	0.00954	0.05274	0.01460	0.05068	0.01995	0.03169	0.35088	0.03564	0.22452	0.01907	0.00428	0.05306	0.01537	0.05149	0.00667
18	0.01007	0.00731	0.00942	0.01093	0.01156	0.00705	0.00732	0.01242	0.04883	0.02019	0.04111	0.64804	0.04853	0.06329	0.01146	0.00337	0.00476	0.02074	0.00709	0.00652
19	0.01383	0.01124	0.01580	0.01436	0.01630	0.03045	0.04854	0.04343	0.01448	0.02113	0.01949	0.02725	0.01744	0.04081	0.45050	0.00888	0.09512	0.00791	0.09536	0.00767
20	0.01515	0.01449	0.02505	0.62733	0.09421	0.01744	0.05674	0.02035	0.01580	0.02046	0.01394	0.02059	0.01054	0.00763	0.00782	0.00257	0.01041	0.00702	0.00350	0.00896
21	0.29810	0.01691	0.02195	0.06416	0.31148	0.03766	0.01643	0.02500	0.01656	0.10207	0.01488	0.01752	0.01147	0.00739	0.00663	0.00235	0.00795	0.00597	0.00482	0.01068
22	0.01035	0.00697	0.00874	0.00998	0.01075	0.00657	0.00675	0.01209	0.01532	0.02147	0.07366	0.52307	0.06959	0.06334	0.01094	0.00316	0.00448	0.01862	0.11777	0.00640
23	0.01698	0.01279	0.01475	0.03447	0.01720	0.01358	0.01020	0.19814	0.10095	0.02961	0.04961	0.29766	0.03259	0.09544	0.01212	0.00324	0.00638	0.01365	0.00700	0.03364
24	0.06403	0.01034	0.01279	0.07339	0.01743	0.01079	0.01011	0.05084	0.07406	0.02779	0.25147	0.15339	0.09095	0.01613	0.00890	0.00275	0.00553	0.10407	0.00724	0.00800
25	0.02454	0.01330	0.01655	0.03425	0.01930	0.01291	0.01103	0.05456	0.16608	0.32260	0.14049	0.03245	0.04512	0.01081	0.00794	0.00238	0.00605	0.00903	0.00839	0.06223

[dist]
# distance from previous block
# <min> <max>
1	4

[block]
# block no. 6 follows, 25 sequences, length 25
# corresponding to MSA columns:
# 278-302
name=unknown_G
#
# <colnr> <probs for GDERKNQSTAVLIFYWHMCP>
#	G	D	E	R	K	N	Q	S	T	A	V	L	I	F	Y	W	H	M	C	P
0	0.39116	0.04195	0.01883	0.12390	0.04937	0.01711	0.07566	0.05216	0.01545	0.02932	0.01334	0.01698	0.01052	0.00874	0.00773	0.05493	0.00763	0.00571	0.05082	0.00867
1	0.02457	0.01793	0.01959	0.01570	0.02079	0.01933	0.01254	0.40635	0.11151	0.06826	0.02268	0.07345	0.01864	0.06835	0.01035	0.00277	0.00758	0.00852	0.00735	0.06374
2	0.01204	0.00872	0.01064	0.05726	0.01330	0.00908	0.00730	0.03671	0.01425	0.01921	0.05560	0.16035	0.08118	0.39619	0.02574	0.00530	0.03183	0.01280	0.03645	0.00604
3	0.01904	0.01489	0.01790	0.05215	0.02041	0.01513	0.01166	0.16808	0.02036	0.05070	0.04229	0.05034	0.01726	0.05820	0.01150	0.00242	0.09739	0.00727	0.03064	0.29236
4	0.00993	0.00710	0.00879	0.00986	0.01047	0.00666	0.00643	0.01108	0.01447	0.01908	0.06259	0.46350	0.11156	0.20084	0.01725	0.00417	0.00517	0.01847	0.00661	0.00595
5	0.06472	0.01601	0.02766	0.39440	0.04242	0.01889	0.16199	0.02094	0.01537	0.02170	0.01341	0.01958	0.01051	0.00843	0.01090	0.00272	0.13053	0.00721	0.00363	0.00899
6	0.01658	0.01536	0.02528	0.50798	0.20588	0.01790	0.02172	0.05567	0.01719	0.02277	0.01425	0.02019	0.01097	0.00763	0.00773	0.00250	0.00996	0.00690	0.00378	0.00977
7	0.01311	0.00908	0.01089	0.01067	0.01280	0.00874	0.00791	0.01761	0.09047	0.07214	0.21125	0.17708	0.17545	0.09338	0.01238	0.00324	0.00499	0.05363	0.00753	0.00767
8	0.01235	0.00776	0.00929	0.00940	0.01010	0.00745	0.00590	0.01311	0.01359	0.06267	0.05997	0.20656	0.06205	0.45423	0.02783	0.00572	0.00643	0.01388	0.00589	0.00584
9	0.00974	0.00694	0.00914	0.01053	0.01114	0.00650	0.00708	0.01132	0.01556	0.02098	0.12306	0.59999	0.05282	0.06192	0.01143	0.00330	0.00456	0.02042	0.00723	0.00634
10	0.02850	0.01243	0.01636	0.01341	0.01823	0.01133	0.01071	0.05283	0.06337	0.48624	0.05761	0.14190	0.02668	0.01231	0.00820	0.00254	0.00617	0.01042	0.00899	0.01177
11	0.02742	0.01141	0.01548	0.01278	0.01729	0.01000	0.01016	0.03020	0.02083	0.48800	0.10786	0.15613	0.03129	0.01299	0.00833	0.00254	0.00588	0.01110	0.00904	0.01126
12	0.01090	0.00784	0.00984	0.00985	0.01126	0.00737	0.00716	0.01345	0.01836	0.02512	0.37015	0.11255	0.11644	0.16491	0.01565	0.00368	0.00490	0.07660	0.00737	0.00660
13	0.00960	0.00700	0.00877	0.01010	0.01083	0.00647	0.00673	0.01090	0.01488	0.01944	0.04607	0.55253	0.14182	0.10045	0.01302	0.00355	0.00474	0.02002	0.00692	0.00616
14	0.00945	0.00675	0.00900	0.01080	0.01125	0.00630	0.00720	0.01080	0.01484	0.01979	0.04274	0.72245	0.05128	0.02429	0.00990	0.00315	0.00450	0.02204	0.00720	0.00630
15	0.01109	0.00826	0.01221	0.01221	0.01350	0.00955	0.00937	0.01368	0.01239	0.01781	0.02100	0.03175	0.01994	0.10075	0.65495	0.01215	0.01993	0.00850	0.00419	0.00678
16	0.01084	0.00783	0.01054	0.01221	0.01343	0.00753	0.00957	0.01326	0.01643	0.02145	0.04438	0.38378	0.09052	0.02264	0.01022	0.00331	0.00569	0.30247	0.00717	0.00671
17	0.00954	0.00685	0.00891	0.01051	0.01104	0.00638	0.00698	0.01084	0.01477	0.01956	0.04337	0.65020	0.08033	0.06665	0.01165	0.00339	0.00465	0.02111	0.00705	0.00621
18	0.01030	0.00717	0.00869	0.00954	0.00988	0.00689	0.00595	0.01104	0.01328	0.01758	0.03569	0.37237	0.06939	0.35897	0.02394	0.00520	0.00591	0.01665	0.00601	0.00555
19	0.01210	0.00837	0.01017	0.00998	0.01182	0.00778	0.00720	0.03883	0.01881	0.05571	0.27386	0.21885	0.18384	0.09220	0.01237	0.00317	0.00465	0.01560	0.00755	0.00714
20	0.01502	0.01434	0.02476	0.64674	0.07806	0.01740	0.05454	0.02023	0.01574	0.02030	0.01391	0.02062	0.01049	0.00765	0.00782	0.00257	0.01043	0.00701	0.00349	0.00886
21	0.01121	0.00814	0.01091	0.01234	0.01383	0.00784	0.00998	0.01401	0.01732	0.02267	0.09612	0.26094	0.10839	0.02160	0.01021	0.00327	0.00582	0.35125	0.00727	0.00686
22	0.02073	0.73217	0.04063	0.01327	0.01990	0.03068	0.01327	0.02322	0.01575	0.01824	0.01078	0.01244	0.00995	0.00663	0.00498	0.00166	0.00829	0.00415	0.00332	0.00995
23	0.01630	0.01398	0.01618	0.01178	0.01850	0.01094	0.00940	0.02099	0.06006	0.02575	0.01499	0.01695	0.01231	0.00607	0.00589	0.00125	0.00577	0.00488	0.00482	0.72323
24	0.07387	0.01329	0.01765	0.01361	0.01954	0.01171	0.01124	0.03700	0.02172	0.65054	0.02955	0.02567	0.01863	0.00947	0.00764	0.00240	0.00657	0.00761	0.00935	0.01294

[dist]
# distance from previous block
# <min> <max>
5	8

[block]
# block no. 7 follows, 25 sequences, length 14
# corresponding to MSA columns:
# 312-325
name=unknown_H
#
# <colnr> <probs for GDERKNQSTAVLIFYWHMCP>
#	G	D	E	R	K	N	Q	S	T	A	V	L	I	F	Y	W	H	M	C	P
0	0.01382	0.01107	0.01423	0.05640	0.01845	0.00970	0.01054	0.01746	0.01784	0.02558	0.16610	0.04650	0.03462	0.01269	0.00807	0.00223	0.00599	0.18988	0.00613	0.33269
1	0.01304	0.00689	0.00978	0.00978	0.00978	0.00689	0.00634	0.01033	0.01033	0.01377	0.01559	0.02883	0.01632	0.16250	0.03208	0.62601	0.00689	0.00761	0.00362	0.00362
2	0.00927	0.00776	0.00807	0.00820	0.01059	0.00656	0.00607	0.01125	0.01760	0.02128	0.10138	0.13257	0.59305	0.01989	0.00923	0.00266	0.00397	0.01678	0.00726	0.00656
3	0.02138	0.01651	0.01918	0.01610	0.01940	0.01893	0.01279	0.34411	0.02515	0.03422	0.02257	0.17078	0.02188	0.06864	0.01408	0.00311	0.14397	0.01048	0.00656	0.01015
4	0.01799	0.01651	0.02509	0.18930	0.26703	0.04163	0.05769	0.09174	0.02028	0.02752	0.14262	0.02688	0.02359	0.00912	0.00805	0.00241	0.00874	0.00836	0.00510	0.01033
5	0.01182	0.14725	0.01534	0.01149	0.01322	0.01118	0.00870	0.01353	0.01521	0.01970	0.03645	0.54562	0.04287	0.02070	0.00899	0.00289	0.00540	0.05614	0.00644	0.00706
6	0.01170	0.00900	0.01145	0.01164	0.01232	0.00975	0.00820	0.03593	0.01444	0.01953	0.03424	0.36242	0.07711	0.19685	0.05219	0.00464	0.10037	0.01578	0.00595	0.00650
7	0.14704	0.01970	0.06970	0.13290	0.03723	0.01877	0.39227	0.02418	0.03608	0.02595	0.01494	0.01946	0.01122	0.00700	0.00806	0.00257	0.01116	0.00777	0.00408	0.00993
8	0.01212	0.00949	0.01128	0.01183	0.01365	0.00971	0.00863	0.01884	0.17296	0.02420	0.10080	0.39025	0.10900	0.01956	0.00932	0.00293	0.00492	0.05511	0.00748	0.00791
9	0.01366	0.00989	0.01158	0.01144	0.01326	0.00992	0.00818	0.13519	0.01885	0.02479	0.04012	0.38511	0.13351	0.09431	0.01344	0.04050	0.00562	0.01641	0.00686	0.00736
10	0.02060	0.01959	0.02978	0.19147	0.25666	0.06276	0.12721	0.14531	0.02118	0.02811	0.01520	0.01938	0.01177	0.00758	0.00792	0.00241	0.01030	0.00718	0.00453	0.01108
11	0.01859	0.15812	0.04297	0.05032	0.03598	0.02187	0.47672	0.02406	0.01741	0.02310	0.01441	0.01908	0.01129	0.00693	0.00908	0.00247	0.04563	0.00800	0.00376	0.01020
12	0.01706	0.01012	0.01367	0.01406	0.01675	0.00991	0.01193	0.02158	0.06085	0.15156	0.03851	0.11231	0.03876	0.01860	0.00991	0.00325	0.00680	0.42812	0.00767	0.00859
13	0.01436	0.00997	0.01775	0.05904	0.01867	0.00994	0.13223	0.01364	0.01210	0.01616	0.01451	0.02433	0.01373	0.05947	0.02526	0.53447	0.00823	0.00746	0.00355	0.00515

[dist]
# distance from previous block
# <min> <max>
0	9

[block]
# block no. 8 follows, 25 sequences, length 6
# corresponding to MSA columns:
# 335-340
name=unknown_I
#
# <colnr> <probs for GDERKNQSTAVLIFYWHMCP>
#	G	D	E	R	K	N	Q	S	T	A	V	L	I	F	Y	W	H	M	C	P
0	0.01907	0.14175	0.02346	0.26392	0.03157	0.14865	0.01561	0.02435	0.07672	0.04612	0.08945	0.02345	0.01911	0.01068	0.03258	0.00265	0.00980	0.00711	0.00475	0.00921
1	0.02696	0.01368	0.01699	0.01392	0.01872	0.01330	0.01114	0.12866	0.09793	0.37070	0.09432	0.10655	0.02774	0.01193	0.00817	0.00250	0.00632	0.01000	0.00874	0.01173
2	0.01439	0.01107	0.01376	0.01389	0.01669	0.01129	0.01143	0.02184	0.17248	0.02493	0.03438	0.10207	0.03466	0.01752	0.01045	0.04351	0.00655	0.33816	0.00684	0.09409
