[name]
unknown

[dist]
# distance from previous block
# <min> <max>
0	46

[block]
# block no. 0 follows, 26 sequences, length 37
# corresponding to MSA columns:
# 56-92
name=unknown_A
#
# <colnr> <probs for GDERKNQSTAVLIFYWHMCP>
#	G	D	E	R	K	N	Q	S	T	A	V	L	I	F	Y	W	H	M	C	P
0	0.01101	0.00786	0.01083	0.01258	0.01380	0.00769	0.01012	0.01362	0.01627	0.02134	0.04083	0.34697	0.04630	0.02210	0.01015	0.00332	0.00593	0.38561	0.00701	0.00665
1	0.59751	0.05234	0.01324	0.01059	0.01501	0.01707	0.00865	0.05415	0.03927	0.03242	0.04144	0.01746	0.01303	0.05313	0.00727	0.00263	0.00611	0.00526	0.00503	0.00840
2	0.02020	0.64715	0.09506	0.01401	0.02079	0.05860	0.01434	0.02316	0.01573	0.01841	0.01086	0.01256	0.00972	0.00661	0.00515	0.00170	0.00862	0.00423	0.00327	0.00982
3	0.10863	0.01983	0.02074	0.01613	0.02184	0.02200	0.01330	0.56056	0.03225	0.04536	0.01773	0.01809	0.01273	0.00887	0.00717	0.00226	0.00784	0.00655	0.04601	0.01211
4	0.01665	0.01675	0.02409	0.02039	0.02070	0.02307	0.04205	0.01849	0.01187	0.01849	0.01017	0.01675	0.01002	0.01300	0.02426	0.00329	0.69153	0.00673	0.00334	0.00837
5	0.01505	0.01422	0.02405	0.60676	0.15504	0.01704	0.02142	0.02001	0.01551	0.02026	0.01361	0.01999	0.01042	0.00745	0.00757	0.00248	0.00993	0.00674	0.00343	0.00901
6	0.01399	0.01303	0.02183	0.66891	0.04953	0.01615	0.02014	0.01880	0.01512	0.01938	0.01534	0.06675	0.01274	0.00865	0.00772	0.00256	0.00974	0.00771	0.00361	0.00828
7	0.01103	0.00735	0.00827	0.00827	0.00827	0.00735	0.00460	0.01103	0.01103	0.01471	0.02390	0.04964	0.02758	0.73343	0.03861	0.00735	0.00735	0.01103	0.00460	0.00460
8	0.00924	0.00660	0.00880	0.01056	0.01100	0.00616	0.00704	0.01056	0.01452	0.01936	0.04181	0.72848	0.05017	0.02376	0.00968	0.00308	0.00440	0.02156	0.00704	0.00616
9	0.01790	0.02046	0.04476	0.03197	0.03964	0.01918	0.65857	0.02430	0.01790	0.02430	0.01535	0.02046	0.01151	0.00639	0.00895	0.00256	0.01279	0.00895	0.00384	0.01023
10	0.06154	0.01894	0.01852	0.01696	0.04445	0.08853	0.01280	0.12044	0.46335	0.03241	0.02558	0.02429	0.01925	0.00958	0.00745	0.00245	0.00719	0.00767	0.00701	0.01160
11	0.01119	0.00807	0.01099	0.01263	0.01406	0.00787	0.01038	0.01398	0.01663	0.02164	0.04292	0.26316	0.08554	0.02162	0.01016	0.00332	0.00607	0.42604	0.00700	0.00672
12	0.01222	0.00873	0.01222	0.01397	0.01572	0.00873	0.01222	0.01572	0.01746	0.02270	0.04016	0.08556	0.04365	0.02095	0.01048	0.00349	0.00698	0.63506	0.00698	0.00698
13	0.08588	0.01334	0.01513	0.04933	0.01838	0.01408	0.01047	0.15041	0.11669	0.15102	0.11758	0.03040	0.05943	0.01046	0.00729	0.00230	0.00593	0.00847	0.12331	0.01012
14	0.02353	0.02503	0.01833	0.01727	0.04957	0.37835	0.01258	0.11637	0.02215	0.02563	0.06876	0.04571	0.01824	0.00929	0.00699	0.00206	0.00988	0.00690	0.13435	0.00902
15	0.68831	0.01484	0.01242	0.03738	0.01672	0.01703	0.00912	0.05173	0.01443	0.06461	0.01192	0.01352	0.00899	0.00726	0.00507	0.00235	0.00617	0.00449	0.00499	0.00865
16	0.01013	0.00829	0.00875	0.00842	0.01101	0.00728	0.00637	0.04008	0.01878	0.02332	0.17349	0.06790	0.55327	0.01816	0.00890	0.00252	0.00400	0.01523	0.00728	0.00681
17	0.01121	0.00889	0.01025	0.00988	0.01228	0.00848	0.00758	0.01647	0.10347	0.02639	0.33150	0.06093	0.29242	0.01656	0.00889	0.00254	0.00420	0.05286	0.00769	0.00749
18	0.02100	0.44805	0.09926	0.01480	0.02126	0.04981	0.01446	0.13448	0.05001	0.02498	0.04704	0.01665	0.01401	0.00769	0.00598	0.00191	0.00833	0.00542	0.00448	0.01037
19	0.20632	0.05330	0.35289	0.05234	0.02688	0.01772	0.01962	0.07433	0.01727	0.09177	0.01467	0.01630	0.01043	0.00752	0.00660	0.00235	0.00906	0.00553	0.00451	0.01058
20	0.02046	0.03644	0.02577	0.05334	0.07947	0.01700	0.15744	0.16507	0.02121	0.09015	0.03711	0.06662	0.03426	0.00931	0.00867	0.00230	0.04599	0.00832	0.00561	0.11546
21	0.15391	0.02237	0.18011	0.08435	0.18895	0.01794	0.13939	0.05725	0.01727	0.04811	0.01431	0.01763	0.01080	0.00712	0.00723	0.00239	0.00964	0.00647	0.00416	0.01061
22	0.03280	0.01264	0.01721	0.01329	0.01894	0.01094	0.01094	0.03577	0.02170	0.65646	0.06437	0.02745	0.02156	0.00971	0.00770	0.00235	0.00630	0.00795	0.00933	0.01260
23	0.06757	0.04987	0.05408	0.27176	0.30776	0.01729	0.01999	0.02165	0.01624	0.04297	0.01718	0.02138	0.04493	0.00778	0.00729	0.00235	0.00890	0.00690	0.00397	0.01012
24	0.02840	0.01408	0.02015	0.04532	0.07593	0.01330	0.04684	0.06082	0.06833	0.45541	0.02746	0.02851	0.01919	0.00976	0.00788	0.00245	0.00723	0.04884	0.00804	0.01206
25	0.00933	0.00667	0.00889	0.01050	0.01102	0.00622	0.00705	0.01080	0.01496	0.02006	0.08194	0.68637	0.05151	0.02325	0.00964	0.00304	0.00435	0.02107	0.00712	0.00622
26	0.01411	0.01304	0.01843	0.01649	0.01711	0.01736	0.01346	0.01617	0.01208	0.01811	0.01673	0.02398	0.04240	0.02986	0.27830	0.00661	0.42678	0.00760	0.00376	0.00764
27	0.01741	0.01696	0.03229	0.29509	0.17735	0.01771	0.25571	0.02276	0.01689	0.05133	0.01504	0.02025	0.01139	0.00705	0.00807	0.00247	0.01071	0.00760	0.00388	0.01003
28	0.01711	0.01759	0.02086	0.01967	0.06249	0.11393	0.01493	0.01906	0.01360	0.01856	0.01484	0.02155	0.03635	0.05115	0.10562	0.00432	0.42932	0.00713	0.00372	0.00818
29	0.01414	0.00707	0.00707	0.00707	0.00884	0.00707	0.00530	0.01767	0.01591	0.02828	0.02474	0.02828	0.01944	0.00884	0.00530	0.00177	0.00353	0.00707	0.77554	0.00707
30	0.01414	0.00707	0.00707	0.00707	0.00884	0.00707	0.00530	0.01767	0.01591	0.02828	0.02474	0.02828	0.01944	0.00884	0.00530	0.00177	0.00353	0.00707	0.77554	0.00707
31	0.01641	0.09846	0.58457	0.02106	0.03138	0.05476	0.04359	0.02425	0.01630	0.02321	0.01330	0.01569	0.00968	0.00715	0.00704	0.00232	0.01112	0.00553	0.00326	0.01093
32	0.01771	0.01263	0.01444	0.01300	0.01652	0.01345	0.01004	0.02992	0.34654	0.11755	0.20036	0.08325	0.06658	0.01280	0.00821	0.00253	0.00524	0.01096	0.00803	0.01025
33	0.01791	0.01682	0.02177	0.01873	0.01959	0.05724	0.01545	0.04697	0.01367	0.04844	0.01231	0.01824	0.01136	0.01704	0.09085	0.00405	0.55038	0.00675	0.00387	0.00857
34	0.22984	0.02306	0.02066	0.04862	0.15935	0.25708	0.01502	0.02553	0.04350	0.02458	0.01261	0.01548	0.01039	0.00799	0.00817	0.00230	0.07683	0.00545	0.00417	0.00938
35	0.07237	0.01396	0.01593	0.01395	0.01830	0.01485	0.01114	0.03416	0.34388	0.21472	0.08254	0.03335	0.02647	0.01109	0.00781	0.00255	0.00600	0.05772	0.00798	0.01122
36	0.01734	0.01846	0.03190	0.02410	0.02875	0.04817	0.32495	0.02141	0.01552	0.02174	0.01377	0.01997	0.01177	0.04670	0.01491	0.00285	0.22806	0.00766	0.00380	0.09816

[dist]
# distance from previous block
# <min> <max>
0	3

[block]
# block no. 1 follows, 26 sequences, length 88
# corresponding to MSA columns:
# 96-183
name=unknown_B
#
# <colnr> <probs for GDERKNQSTAVLIFYWHMCP>
#	G	D	E	R	K	N	Q	S	T	A	V	L	I	F	Y	W	H	M	C	P
0	0.01952	0.62129	0.10975	0.01431	0.02094	0.02828	0.01481	0.02260	0.01526	0.01854	0.01084	0.01284	0.00973	0.00695	0.00626	0.00180	0.04883	0.00437	0.00324	0.00981
1	0.11568	0.01684	0.02691	0.17863	0.34348	0.01831	0.07189	0.04259	0.01650	0.02504	0.01352	0.01821	0.01096	0.00750	0.00858	0.00243	0.06207	0.00659	0.00389	0.01038
2	0.00922	0.00667	0.00873	0.01039	0.01096	0.00618	0.00696	0.01058	0.01469	0.01943	0.04392	0.68892	0.08837	0.02349	0.00964	0.00305	0.00437	0.02123	0.00704	0.00618
3	0.01978	0.66861	0.10472	0.01384	0.02079	0.02878	0.01447	0.02284	0.01547	0.01846	0.01085	0.01255	0.00972	0.00656	0.00510	0.00170	0.00842	0.00421	0.00324	0.00988
4	0.01830	0.38175	0.31554	0.01686	0.02525	0.05349	0.01927	0.02346	0.01595	0.02077	0.01202	0.01401	0.00974	0.00682	0.00598	0.00195	0.00957	0.00477	0.00331	0.04121
5	0.01102	0.00741	0.00856	0.00856	0.00867	0.00751	0.00496	0.01122	0.01112	0.01492	0.02363	0.04816	0.02693	0.68302	0.08814	0.00771	0.00832	0.01081	0.00456	0.00476
6	0.00896	0.00768	0.00768	0.00768	0.01025	0.00640	0.00576	0.01089	0.01729	0.02049	0.07684	0.07300	0.68304	0.01921	0.00896	0.00256	0.00384	0.01601	0.00704	0.00640
7	0.02027	0.31920	0.21319	0.05241	0.06340	0.17131	0.01843	0.02459	0.01699	0.02016	0.01199	0.01431	0.00986	0.00704	0.00621	0.00199	0.01031	0.00494	0.00341	0.01000
8	0.01665	0.01214	0.01389	0.01262	0.01594	0.01286	0.00971	0.02815	0.32179	0.09696	0.22925	0.08937	0.08221	0.01330	0.00830	0.00253	0.00507	0.01143	0.00798	0.00987
9	0.00907	0.00769	0.00783	0.00780	0.01031	0.00645	0.00585	0.01109	0.01754	0.02109	0.11337	0.07201	0.64613	0.01899	0.00896	0.00255	0.00383	0.01587	0.00712	0.00645
10	0.02833	0.03615	0.02149	0.01954	0.02345	0.70298	0.01466	0.03029	0.02149	0.01856	0.01172	0.01368	0.00977	0.00782	0.00684	0.00195	0.01368	0.00489	0.00391	0.00879
11	0.02600	0.01764	0.01955	0.01566	0.02089	0.01899	0.01268	0.40232	0.12188	0.14233	0.02587	0.07500	0.04442	0.01079	0.00782	0.00240	0.00725	0.00864	0.00782	0.01202
12	0.01850	0.01905	0.02779	0.09140	0.31227	0.09070	0.07536	0.02215	0.01596	0.02171	0.01311	0.01830	0.01126	0.01021	0.03450	0.00287	0.19436	0.00676	0.00364	0.01008
13	0.00924	0.00660	0.00880	0.01056	0.01100	0.00616	0.00704	0.01056	0.01452	0.01936	0.04181	0.72848	0.05017	0.02376	0.00968	0.00308	0.00440	0.02156	0.00704	0.00616
14	0.01760	0.02259	0.11851	0.03079	0.03887	0.01900	0.58695	0.02427	0.01769	0.02427	0.01515	0.01996	0.01129	0.00649	0.00875	0.00254	0.01261	0.00857	0.00376	0.01034
15	0.01707	0.01375	0.01608	0.01158	0.01825	0.01067	0.00929	0.04443	0.01676	0.05615	0.01442	0.01629	0.01164	0.00592	0.00578	0.00122	0.00576	0.00473	0.00484	0.71536
16	0.01120	0.00800	0.01105	0.01280	0.01410	0.00785	0.01045	0.01395	0.01645	0.02156	0.04072	0.30603	0.04589	0.02192	0.01020	0.00335	0.00610	0.42468	0.00700	0.00670
17	0.01097	0.00733	0.00829	0.00835	0.00837	0.00731	0.00468	0.01101	0.01115	0.01487	0.02452	0.07322	0.02836	0.70878	0.03760	0.00721	0.00725	0.01140	0.00468	0.00465
18	0.01222	0.00873	0.01222	0.01397	0.01572	0.00873	0.01222	0.01572	0.01746	0.02270	0.04016	0.08556	0.04365	0.02095	0.01048	0.00349	0.00698	0.63506	0.00698	0.00698
19	0.01728	0.02039	0.07638	0.02840	0.03456	0.01960	0.47606	0.02276	0.01638	0.02288	0.01433	0.01972	0.01132	0.00932	0.03287	0.00299	0.15298	0.00828	0.00370	0.00980
20	0.00904	0.00769	0.00778	0.00776	0.01029	0.00643	0.00582	0.01102	0.01746	0.02089	0.10112	0.07234	0.65851	0.01906	0.00896	0.00255	0.00383	0.01592	0.00710	0.00643
21	0.01465	0.01376	0.02289	0.66520	0.07660	0.01697	0.02085	0.02023	0.03702	0.02001	0.01409	0.02043	0.01062	0.00764	0.00758	0.00252	0.00993	0.00680	0.00353	0.00869
22	0.01877	0.01802	0.03079	0.04656	0.68612	0.01802	0.02328	0.02328	0.01727	0.02478	0.01427	0.01877	0.01201	0.00676	0.00751	0.00225	0.00901	0.00676	0.00375	0.01201
23	0.75738	0.01493	0.01160	0.01027	0.01501	0.01727	0.00846	0.04725	0.01380	0.03457	0.01086	0.01255	0.00840	0.00712	0.00481	0.00234	0.00596	0.00421	0.00481	0.00840
24	0.01196	0.00859	0.01187	0.01346	0.01520	0.00851	0.01163	0.01533	0.01753	0.02282	0.06667	0.10263	0.06899	0.02076	0.01034	0.00340	0.00666	0.56967	0.00704	0.00695
25	0.02774	0.02019	0.02159	0.01668	0.02243	0.02230	0.01374	0.61290	0.03419	0.04635	0.01870	0.01896	0.01339	0.00909	0.00742	0.00224	0.00799	0.00685	0.06481	0.01246
26	0.01521	0.03923	0.69413	0.02162	0.03283	0.01762	0.02802	0.02402	0.01601	0.02402	0.01361	0.01601	0.00961	0.00721	0.00721	0.00240	0.01121	0.00560	0.00320	0.01121
27	0.01803	0.32001	0.34816	0.01742	0.02574	0.07321	0.01999	0.02351	0.01643	0.02141	0.04287	0.01615	0.01251	0.00734	0.00631	0.00205	0.00979	0.00530	0.00351	0.01025
28	0.02482	0.35074	0.03015	0.01597	0.02166	0.20398	0.01383	0.20622	0.02276	0.02656	0.01303	0.01428	0.01064	0.00758	0.00616	0.00190	0.00963	0.00506	0.00465	0.01039
29	0.78701	0.01467	0.01115	0.00997	0.01467	0.01702	0.00821	0.02230	0.01291	0.03403	0.01056	0.01232	0.00821	0.00704	0.00469	0.00235	0.00587	0.00411	0.00469	0.00821
30	0.01452	0.01459	0.06040	0.03949	0.02260	0.01441	0.16473	0.01805	0.01607	0.04506	0.12316	0.21135	0.03059	0.01410	0.01258	0.00283	0.16957	0.01217	0.00539	0.00834
31	0.01764	0.02231	0.10875	0.03095	0.03897	0.01903	0.59643	0.02427	0.01772	0.02427	0.01517	0.02002	0.01132	0.00647	0.00878	0.00254	0.01263	0.00862	0.00377	0.01033
32	0.01226	0.00982	0.01398	0.01328	0.01427	0.01213	0.01043	0.01461	0.01220	0.01815	0.01861	0.02825	0.01766	0.09083	0.47427	0.00938	0.16723	0.00795	0.04774	0.00697
33	0.01103	0.00835	0.01231	0.01220	0.01343	0.00979	0.00941	0.01354	0.01210	0.01745	0.02020	0.03058	0.01920	0.09633	0.64164	0.01162	0.04181	0.00825	0.00407	0.00669
34	0.03107	0.01247	0.01680	0.01314	0.01852	0.01097	0.01075	0.03467	0.04265	0.59993	0.09921	0.02917	0.02452	0.01007	0.00777	0.00236	0.00613	0.00830	0.00922	0.01227
35	0.00924	0.00660	0.00880	0.01056	0.01100	0.00616	0.00704	0.01056	0.01452	0.01936	0.04181	0.72848	0.05017	0.02376	0.00968	0.00308	0.00440	0.02156	0.00704	0.00616
36	0.01063	0.00775	0.01000	0.00944	0.01127	0.00711	0.00708	0.01412	0.02123	0.02985	0.64775	0.05759	0.10628	0.01572	0.00895	0.00240	0.00359	0.01385	0.00828	0.00711
37	0.02833	0.03615	0.02149	0.01954	0.02345	0.70298	0.01466	0.03029	0.02149	0.01856	0.01172	0.01368	0.00977	0.00782	0.00684	0.00195	0.01368	0.00489	0.00391	0.00879
38	0.01297	0.00978	0.01259	0.01360	0.01575	0.01010	0.01148	0.01920	0.12340	0.02422	0.06500	0.09994	0.07238	0.01905	0.00987	0.00324	0.00644	0.45609	0.00716	0.00774
39	0.02876	0.01352	0.01698	0.01352	0.01878	0.01278	0.01100	0.09396	0.10492	0.46838	0.06033	0.03024	0.07052	0.01047	0.00779	0.00239	0.00626	0.00856	0.00879	0.01206
40	0.01529	0.03633	0.60898	0.02211	0.03264	0.01737	0.08494	0.02368	0.01639	0.02429	0.03892	0.01795	0.01211	0.00744	0.00743	0.00242	0.01107	0.00622	0.00345	0.01097
41	0.01984	0.01742	0.01766	0.01573	0.02010	0.04841	0.01226	0.07510	0.60841	0.03208	0.02933	0.02710	0.02200	0.01012	0.00767	0.00253	0.00646	0.00832	0.00755	0.01192
42	0.02005	0.62389	0.11564	0.01429	0.02122	0.05940	0.01482	0.02321	0.01576	0.01860	0.01096	0.01269	0.00972	0.00663	0.00523	0.00173	0.00873	0.00428	0.00327	0.00986
43	0.00986	0.00772	0.00892	0.00862	0.01079	0.00678	0.00646	0.01261	0.01939	0.02549	0.38157	0.06477	0.37519	0.01735	0.00896	0.00247	0.00371	0.01485	0.00770	0.00678
44	0.01887	0.01629	0.01715	0.01544	0.01972	0.01887	0.01201	0.04031	0.67241	0.03173	0.03087	0.02830	0.02315	0.01029	0.00772	0.00257	0.00600	0.00858	0.00772	0.01201
45	0.01432	0.01348	0.02275	0.71520	0.05224	0.01685	0.02107	0.01938	0.01517	0.01938	0.01348	0.02022	0.01011	0.00758	0.00758	0.00253	0.01011	0.00674	0.00337	0.00843
46	0.01222	0.00873	0.01222	0.01397	0.01572	0.00873	0.01222	0.01572	0.01746	0.02270	0.04016	0.08556	0.04365	0.02095	0.01048	0.00349	0.00698	0.63506	0.00698	0.00698
47	0.02785	0.01916	0.02102	0.01652	0.02225	0.02089	0.01351	0.46056	0.14527	0.13933	0.02215	0.02109	0.01556	0.00935	0.00762	0.00234	0.00766	0.00725	0.00787	0.01274
48	0.02898	0.02034	0.02212	0.01703	0.02303	0.02227	0.01405	0.58529	0.05470	0.10483	0.01966	0.01921	0.01375	0.00917	0.00760	0.00229	0.00810	0.00696	0.00775	0.01287
49	0.02010	0.71368	0.06252	0.01328	0.01993	0.02958	0.01350	0.02276	0.01543	0.01806	0.01065	0.01230	0.00973	0.00651	0.00495	0.00165	0.00822	0.00411	0.00324	0.00979
50	0.01084	0.00813	0.01219	0.01219	0.01354	0.00948	0.00948	0.01354	0.01219	0.01761	0.02032	0.02980	0.01896	0.05689	0.70337	0.01219	0.02032	0.00813	0.00406	0.00677
51	0.03312	0.01346	0.01783	0.01377	0.01958	0.01208	0.01134	0.06709	0.05094	0.63150	0.02940	0.02556	0.01869	0.00941	0.00763	0.00235	0.00653	0.00763	0.00923	0.01287
52	0.01975	0.66515	0.10796	0.01388	0.02086	0.02872	0.01455	0.02285	0.01547	0.01849	0.01086	0.01257	0.00972	0.00656	0.00511	0.00170	0.00843	0.00422	0.00324	0.00989
53	0.02700	0.03374	0.02142	0.01937	0.02301	0.61946	0.01467	0.02987	0.05203	0.01917	0.01251	0.01460	0.01043	0.00834	0.00823	0.00209	0.06590	0.00519	0.00405	0.00891
54	0.01521	0.03923	0.69413	0.02162	0.03283	0.01762	0.02802	0.02402	0.01601	0.02402	0.01361	0.01601	0.00961	0.00721	0.00721	0.00240	0.01121	0.00560	0.00320	0.01121
55	0.00924	0.00660	0.00880	0.01056	0.01100	0.00616	0.00704	0.01056	0.01452	0.01936	0.04181	0.72848	0.05017	0.02376	0.00968	0.00308	0.00440	0.02156	0.00704	0.00616
56	0.01521	0.03923	0.69413	0.02162	0.03283	0.01762	0.02802	0.02402	0.01601	0.02402	0.01361	0.01601	0.00961	0.00721	0.00721	0.00240	0.01121	0.00560	0.00320	0.01121
57	0.00922	0.00668	0.00872	0.01035	0.01095	0.00618	0.00695	0.01059	0.01473	0.01945	0.04442	0.67964	0.09732	0.02342	0.00963	0.00304	0.00436	0.02115	0.00704	0.00618
58	0.01103	0.00735	0.00827	0.00827	0.00827	0.00735	0.00460	0.01103	0.01103	0.01471	0.02390	0.04964	0.02758	0.73343	0.03861	0.00735	0.00735	0.01103	0.00460	0.00460
59	0.01419	0.01327	0.02228	0.68865	0.05070	0.01649	0.02054	0.01919	0.01540	0.01980	0.03864	0.02159	0.01242	0.00788	0.00763	0.00252	0.00987	0.00700	0.00356	0.00838
60	0.01877	0.01802	0.03079	0.04656	0.68612	0.01802	0.02328	0.02328	0.01727	0.02478	0.01427	0.01877	0.01201	0.00676	0.00751	0.00225	0.00901	0.00676	0.00375	0.01201
61	0.01756	0.01382	0.01489	0.01352	0.01744	0.01510	0.01058	0.03252	0.45069	0.07903	0.04132	0.04040	0.16895	0.01264	0.00810	0.00259	0.00560	0.03695	0.00767	0.01063
62	0.01161	0.00848	0.01139	0.01279	0.01461	0.00826	0.01094	0.01482	0.01753	0.02265	0.07474	0.10181	0.13415	0.02055	0.01017	0.00330	0.00631	0.50195	0.00706	0.00689
63	0.01980	0.67137	0.10214	0.01380	0.02074	0.02883	0.01441	0.02284	0.01547	0.01843	0.01084	0.01253	0.00972	0.00656	0.00509	0.00170	0.00841	0.00420	0.00324	0.00987
64	0.00924	0.00660	0.00880	0.01056	0.01100	0.00616	0.00704	0.01056	0.01452	0.01936	0.04181	0.72848	0.05017	0.02376	0.00968	0.00308	0.00440	0.02156	0.00704	0.00616
65	0.00972	0.00809	0.00854	0.00836	0.01087	0.00710	0.00629	0.01282	0.04803	0.02270	0.17805	0.06816	0.54842	0.01817	0.00890	0.00253	0.00390	0.01528	0.00730	0.00679
66	0.01160	0.00790	0.01044	0.01013	0.01193	0.00732	0.00767	0.01490	0.02043	0.05471	0.53988	0.13044	0.06512	0.01656	0.00909	0.00254	0.00403	0.05988	0.00815	0.00726
67	0.20506	0.24194	0.09023	0.01358	0.01933	0.07171	0.01275	0.10481	0.01824	0.05688	0.01428	0.01578	0.01119	0.00750	0.00572	0.00203	0.00777	0.00511	0.08638	0.00971
68	0.02903	0.02092	0.02256	0.01730	0.02336	0.02304	0.01429	0.63675	0.03512	0.07263	0.01866	0.01850	0.01313	0.00912	0.00759	0.00228	0.00827	0.00686	0.00766	0.01290
69	0.01662	0.23298	0.51269	0.01922	0.02912	0.02105	0.02385	0.02366	0.01585	0.02231	0.01276	0.01495	0.00964	0.00701	0.00656	0.00219	0.01035	0.00518	0.00321	0.01080
70	0.02606	0.05884	0.02239	0.04708	0.04594	0.38497	0.01475	0.17451	0.10385	0.02706	0.01566	0.01687	0.01221	0.00831	0.00709	0.00212	0.01098	0.00588	0.00516	0.01026
71	0.78701	0.01467	0.01115	0.00997	0.01467	0.01702	0.00821	0.02230	0.01291	0.03403	0.01056	0.01232	0.00821	0.00704	0.00469	0.00235	0.00587	0.00411	0.00469	0.00821
72	0.02036	0.01755	0.02239	0.05311	0.23950	0.04101	0.01622	0.11667	0.27549	0.04999	0.02285	0.05366	0.01821	0.00935	0.00768	0.00242	0.00767	0.00809	0.00613	0.01165
73	0.02902	0.01178	0.01585	0.01261	0.01762	0.01023	0.01023	0.03190	0.02113	0.55277	0.10390	0.06192	0.06356	0.01123	0.00793	0.00239	0.00591	0.00936	0.00904	0.01163
74	0.02663	0.01963	0.02136	0.01676	0.02223	0.02171	0.01373	0.58406	0.03299	0.04431	0.01940	0.05024	0.01499	0.01331	0.05952	0.00305	0.00907	0.00757	0.00730	0.01215
75	0.02883	0.02125	0.02276	0.01745	0.02352	0.02352	0.01442	0.66082	0.03566	0.04780	0.01821	0.01821	0.01290	0.00911	0.00759	0.00228	0.00835	0.00683	0.00759	0.01290
76	0.01844	0.01593	0.01675	0.01510	0.01932	0.01833	0.01174	0.03905	0.64437	0.03125	0.03284	0.03021	0.05140	0.01067	0.00777	0.00257	0.00591	0.00889	0.00769	0.01177
77	0.02049	0.60860	0.11861	0.01407	0.02110	0.02736	0.01471	0.02373	0.01587	0.05925	0.01209	0.01346	0.01026	0.00675	0.00532	0.00176	0.00839	0.00446	0.00361	0.01011
78	0.00925	0.00766	0.00810	0.00807	0.01044	0.00651	0.00602	0.01140	0.01784	0.02198	0.16871	0.09275	0.56752	0.01880	0.00899	0.00255	0.00382	0.01584	0.00724	0.00651
79	0.00924	0.00660	0.00880	0.01056	0.01100	0.00616	0.00704	0.01056	0.01452	0.01936	0.04181	0.72848	0.05017	0.02376	0.00968	0.00308	0.00440	0.02156	0.00704	0.00616
80	0.02833	0.03615	0.02149	0.01954	0.02345	0.70298	0.01466	0.03029	0.02149	0.01856	0.01172	0.01368	0.00977	0.00782	0.00684	0.00195	0.01368	0.00489	0.00391	0.00879
81	0.02039	0.01371	0.01460	0.01225	0.01597	0.01468	0.00974	0.31831	0.02512	0.03634	0.02548	0.08357	0.04933	0.01067	0.00690	0.00215	0.00588	0.00857	0.31665	0.00970
82	0.06022	0.01336	0.01698	0.01354	0.01893	0.01255	0.01103	0.03608	0.13271	0.52707	0.05449	0.02690	0.02115	0.00969	0.00758	0.00239	0.00624	0.00789	0.00888	0.01235
83	0.02088	0.68570	0.03839	0.01347	0.01976	0.08015	0.01310	0.02328	0.01587	0.01790	0.01063	0.01228	0.00974	0.00659	0.00501	0.00165	0.00853	0.00412	0.00329	0.00966
84	0.02276	0.01771	0.02048	0.07537	0.06395	0.01982	0.01435	0.27977	0.28097	0.06229	0.02377	0.02500	0.01793	0.00973	0.00774	0.00246	0.00749	0.02939	0.00711	0.01192
85	0.01027	0.00733	0.00998	0.01173	0.01262	0.00704	0.00882	0.01233	0.01553	0.02051	0.04124	0.50729	0.04793	0.02280	0.00996	0.00322	0.00529	0.23263	0.00702	0.00644
86	0.01768	0.01693	0.02317	0.01951	0.04095	0.04397	0.16896	0.03160	0.38224	0.02767	0.03071	0.05743	0.08336	0.01053	0.00817	0.00256	0.00776	0.00969	0.00643	0.01068
87	0.02155	0.01770	0.01970	0.01813	0.07037	0.01971	0.01339	0.21513	0.41031	0.03546	0.02519	0.02411	0.01882	0.00946	0.00756	0.00239	0.00688	0.00775	0.00723	0.04915

[dist]
# distance from previous block
# <min> <max>
0	1

[block]
# block no. 2 follows, 26 sequences, length 103
# corresponding to MSA columns:
# 185-287
name=unknown_C
#
# <colnr> <probs for GDERKNQSTAVLIFYWHMCP>
#	G	D	E	R	K	N	Q	S	T	A	V	L	I	F	Y	W	H	M	C	P
0	0.01900	0.01800	0.03025	0.06594	0.64285	0.01818	0.02289	0.04615	0.01787	0.02545	0.01439	0.01880	0.01199	0.00687	0.00751	0.00226	0.00902	0.00676	0.00388	0.01194
1	0.01104	0.00807	0.01068	0.01221	0.01341	0.00800	0.00939	0.01453	0.05902	0.02148	0.04044	0.43186	0.04585	0.02178	0.00986	0.00321	0.00551	0.25973	0.00706	0.00687
2	0.01877	0.01802	0.03079	0.04656	0.68612	0.01802	0.02328	0.02328	0.01727	0.02478	0.01427	0.01877	0.01201	0.00676	0.00751	0.00225	0.00901	0.00676	0.00375	0.01201
3	0.01877	0.01802	0.03079	0.04656	0.68612	0.01802	0.02328	0.02328	0.01727	0.02478	0.01427	0.01877	0.01201	0.00676	0.00751	0.00225	0.00901	0.00676	0.00375	0.01201
4	0.02297	0.01916	0.02624	0.05528	0.33862	0.02041	0.01871	0.29970	0.06366	0.03495	0.01692	0.01914	0.01299	0.00801	0.00756	0.00229	0.00859	0.00690	0.00563	0.01227
5	0.01555	0.08528	0.65101	0.02105	0.03195	0.01843	0.02703	0.02393	0.01597	0.02361	0.01341	0.01576	0.00962	0.00716	0.00705	0.00235	0.01101	0.00550	0.00321	0.01111
6	0.02018	0.01571	0.01700	0.01507	0.01945	0.01775	0.01178	0.03923	0.58778	0.09869	0.04932	0.02885	0.02409	0.01035	0.00774	0.00254	0.00598	0.00863	0.00791	0.01196
7	0.01531	0.03856	0.67072	0.02199	0.03307	0.01767	0.05076	0.02403	0.01608	0.02403	0.01367	0.01617	0.00968	0.00718	0.00727	0.00241	0.01127	0.00573	0.00323	0.01117
8	0.01607	0.01663	0.02899	0.02297	0.02577	0.01947	0.24516	0.01938	0.01426	0.02057	0.01619	0.11425	0.01595	0.01223	0.01713	0.00301	0.36979	0.00948	0.00401	0.00870
9	0.00992	0.00712	0.00941	0.01010	0.01115	0.00661	0.00709	0.01226	0.01767	0.02438	0.33226	0.42373	0.05988	0.02002	0.00935	0.00277	0.00403	0.01800	0.00763	0.00661
10	0.00924	0.00660	0.00880	0.01056	0.01100	0.00616	0.00704	0.01056	0.01452	0.01936	0.04181	0.72848	0.05017	0.02376	0.00968	0.00308	0.00440	0.02156	0.00704	0.00616
11	0.02529	0.02852	0.02283	0.02217	0.09890	0.41035	0.03957	0.09771	0.13350	0.02483	0.01611	0.01749	0.01271	0.00820	0.00722	0.00215	0.01124	0.00609	0.00493	0.01020
12	0.01545	0.01463	0.02479	0.54582	0.21281	0.01715	0.02163	0.02037	0.01570	0.02075	0.01368	0.01986	0.01059	0.00737	0.00756	0.00246	0.00983	0.00675	0.00347	0.00934
13	0.00969	0.00679	0.00867	0.00998	0.01031	0.00646	0.00642	0.01068	0.01364	0.01818	0.03727	0.55652	0.04444	0.20353	0.01701	0.00416	0.00515	0.01890	0.00642	0.00576
14	0.01074	0.00775	0.01014	0.00954	0.01133	0.00716	0.00716	0.01431	0.02147	0.03042	0.68211	0.05666	0.07157	0.01551	0.00895	0.00239	0.00358	0.01372	0.00835	0.00716
15	0.01760	0.01899	0.03765	0.10476	0.03687	0.01981	0.44916	0.04204	0.01697	0.02335	0.01422	0.01965	0.01111	0.00789	0.01172	0.00269	0.14375	0.00821	0.00380	0.00975
16	0.02031	0.65432	0.06191	0.01384	0.02014	0.05916	0.01373	0.02293	0.01556	0.01812	0.01069	0.01254	0.00974	0.00683	0.00580	0.00173	0.03544	0.00425	0.00328	0.00969
17	0.01968	0.01974	0.02991	0.04399	0.62319	0.08306	0.02246	0.02394	0.01767	0.02419	0.01403	0.01829	0.01180	0.00686	0.00745	0.00222	0.00945	0.00658	0.00377	0.01171
18	0.01318	0.00659	0.00988	0.00988	0.00988	0.00659	0.00659	0.00988	0.00988	0.01318	0.01318	0.02306	0.01318	0.02635	0.02964	0.77931	0.00659	0.00659	0.00329	0.00329
19	0.00924	0.00660	0.00880	0.01056	0.01100	0.00616	0.00704	0.01056	0.01452	0.01936	0.04181	0.72848	0.05017	0.02376	0.00968	0.00308	0.00440	0.02156	0.00704	0.00616
20	0.02156	0.02186	0.01727	0.01645	0.04927	0.28933	0.01204	0.07680	0.09188	0.02507	0.01998	0.02211	0.03536	0.01086	0.03395	0.00249	0.04198	0.00663	0.19608	0.00903
21	0.01521	0.03923	0.69413	0.02162	0.03283	0.01762	0.02802	0.02402	0.01601	0.02402	0.01361	0.01601	0.00961	0.00721	0.00721	0.00240	0.01121	0.00560	0.00320	0.01121
22	0.01883	0.01960	0.05467	0.08703	0.55479	0.05530	0.05237	0.02348	0.01735	0.02404	0.01410	0.01857	0.01166	0.00687	0.00753	0.00227	0.00959	0.00671	0.00372	0.01149
23	0.01685	0.10559	0.07502	0.28508	0.03839	0.04369	0.19238	0.02165	0.01575	0.02066	0.01312	0.01834	0.01038	0.00786	0.00983	0.00250	0.10333	0.00686	0.00348	0.00925
24	0.78701	0.01467	0.01115	0.00997	0.01467	0.01702	0.00821	0.02230	0.01291	0.03403	0.01056	0.01232	0.00821	0.00704	0.00469	0.00235	0.00587	0.00411	0.00469	0.00821
25	0.01519	0.06202	0.64127	0.02079	0.03142	0.01758	0.02658	0.02355	0.01623	0.02409	0.04304	0.01768	0.01235	0.00755	0.00720	0.00237	0.01077	0.00591	0.00343	0.01098
26	0.01085	0.00808	0.01197	0.01197	0.01325	0.00936	0.00921	0.01341	0.01213	0.01745	0.02051	0.03089	0.01944	0.09416	0.66675	0.01192	0.01960	0.00829	0.00409	0.00665
27	0.01965	0.01623	0.01711	0.01511	0.01942	0.01860	0.01183	0.10717	0.55901	0.03327	0.02907	0.02719	0.02178	0.01006	0.00754	0.00249	0.00610	0.00828	0.05830	0.01178
28	0.00934	0.00664	0.00877	0.01044	0.01085	0.00623	0.00691	0.01059	0.01433	0.01911	0.04082	0.69108	0.04892	0.06286	0.01127	0.00332	0.00456	0.02098	0.00691	0.00607
29	0.02883	0.02125	0.02276	0.01745	0.02352	0.02352	0.01442	0.66082	0.03566	0.04780	0.01821	0.01821	0.01290	0.00911	0.00759	0.00228	0.00835	0.00683	0.00759	0.01290
30	0.01820	0.01499	0.01607	0.01445	0.01850	0.01693	0.01123	0.03641	0.55873	0.05513	0.08718	0.03301	0.06335	0.01118	0.00788	0.00255	0.00570	0.00938	0.00779	0.01133
31	0.01432	0.01348	0.02275	0.71520	0.05224	0.01685	0.02107	0.01938	0.01517	0.01938	0.01348	0.02022	0.01011	0.00758	0.00758	0.00253	0.01011	0.00674	0.00337	0.00843
32	0.01414	0.00707	0.00707	0.00707	0.00884	0.00707	0.00530	0.01767	0.01591	0.02828	0.02474	0.02828	0.01944	0.00884	0.00530	0.00177	0.00353	0.00707	0.77554	0.00707
33	0.00896	0.00768	0.00768	0.00768	0.01025	0.00640	0.00576	0.01089	0.01729	0.02049	0.07684	0.07300	0.68304	0.01921	0.00896	0.00256	0.00384	0.01601	0.00704	0.00640
34	0.00989	0.00788	0.00901	0.00947	0.01166	0.00700	0.00746	0.01228	0.01752	0.02177	0.11635	0.11030	0.44833	0.01956	0.00936	0.00279	0.00459	0.16107	0.00714	0.00659
35	0.01521	0.03923	0.69413	0.02162	0.03283	0.01762	0.02802	0.02402	0.01601	0.02402	0.01361	0.01601	0.00961	0.00721	0.00721	0.00240	0.01121	0.00560	0.00320	0.01121
36	0.01222	0.00873	0.01222	0.01397	0.01572	0.00873	0.01222	0.01572	0.01746	0.02270	0.04016	0.08556	0.04365	0.02095	0.01048	0.00349	0.00698	0.63506	0.00698	0.00698
37	0.01549	0.07730	0.65848	0.02115	0.03210	0.01829	0.02720	0.02395	0.01598	0.02368	0.01344	0.01580	0.00962	0.00717	0.00708	0.00236	0.01104	0.00552	0.00321	0.01113
38	0.01670	0.01661	0.02873	0.02052	0.02768	0.01417	0.29992	0.02143	0.01670	0.02453	0.01432	0.01785	0.01136	0.00597	0.00711	0.00177	0.00883	0.00649	0.00420	0.43512
39	0.01084	0.00813	0.01219	0.01219	0.01354	0.00948	0.00948	0.01354	0.01219	0.01761	0.02032	0.02980	0.01896	0.05689	0.70337	0.01219	0.02032	0.00813	0.00406	0.00677
40	0.00975	0.00788	0.00866	0.00902	0.01127	0.00694	0.00704	0.01190	0.01698	0.02063	0.06631	0.07432	0.51428	0.05892	0.01091	0.00302	0.00469	0.14417	0.00690	0.00642
41	0.01474	0.01423	0.02459	0.62097	0.04944	0.01739	0.07340	0.01972	0.01520	0.01972	0.01344	0.02004	0.01022	0.00780	0.00864	0.00257	0.04898	0.00692	0.00341	0.00857
42	0.01914	0.01705	0.03572	0.07713	0.05201	0.07107	0.01348	0.03306	0.39851	0.07170	0.02779	0.08276	0.02269	0.01101	0.00786	0.00256	0.00718	0.03166	0.00678	0.01084
43	0.01088	0.00818	0.01041	0.01150	0.01340	0.00771	0.00953	0.01371	0.01736	0.02209	0.08140	0.13100	0.24895	0.02037	0.00986	0.00311	0.00562	0.36110	0.00707	0.00674
44	0.01084	0.00813	0.01219	0.01219	0.01354	0.00948	0.00948	0.01354	0.01219	0.01761	0.02032	0.02980	0.01896	0.05689	0.70337	0.01219	0.02032	0.00813	0.00406	0.00677
45	0.01741	0.02189	0.11332	0.02898	0.03696	0.01820	0.53144	0.02380	0.01750	0.02430	0.01499	0.01955	0.01128	0.00641	0.00846	0.00241	0.01197	0.00819	0.00383	0.07910
46	0.01983	0.67661	0.09723	0.01374	0.02064	0.02892	0.01430	0.02283	0.01546	0.01839	0.01081	0.01251	0.00972	0.00655	0.00507	0.00169	0.00838	0.00419	0.00324	0.00986
47	0.01482	0.01518	0.03012	0.02343	0.02800	0.01476	0.37192	0.01919	0.01649	0.02235	0.02483	0.22881	0.02540	0.01313	0.01032	0.00284	0.05532	0.06942	0.00501	0.00865
48	0.01015	0.00763	0.00939	0.00917	0.01103	0.00687	0.00679	0.01310	0.01977	0.02689	0.47009	0.12238	0.22450	0.01720	0.00902	0.00249	0.00372	0.01502	0.00790	0.00687
49	0.01857	0.01781	0.03042	0.07721	0.65705	0.01797	0.02318	0.02310	0.01717	0.02453	0.01423	0.01884	0.01193	0.00680	0.00751	0.00227	0.00906	0.00676	0.00374	0.01185
50	0.01323	0.01061	0.01286	0.01332	0.05017	0.04001	0.00965	0.04355	0.04991	0.02868	0.43219	0.08504	0.05575	0.01540	0.00893	0.00256	0.00519	0.10751	0.00757	0.00788
51	0.01414	0.00707	0.00707	0.00707	0.00884	0.00707	0.00530	0.01767	0.01591	0.02828	0.02474	0.02828	0.01944	0.00884	0.00530	0.00177	0.00353	0.00707	0.77554	0.00707
52	0.01785	0.01613	0.02295	0.06510	0.02277	0.04559	0.06582	0.02025	0.01361	0.07658	0.01370	0.02004	0.01217	0.04131	0.07305	0.00390	0.44944	0.00712	0.00401	0.00862
53	0.00941	0.00770	0.00831	0.00815	0.01052	0.00659	0.00612	0.01175	0.01835	0.02300	0.23016	0.06886	0.52814	0.01827	0.00896	0.00252	0.00378	0.01543	0.00737	0.00659
54	0.01414	0.00707	0.00707	0.00707	0.00884	0.00707	0.00530	0.01767	0.01591	0.02828	0.02474	0.02828	0.01944	0.00884	0.00530	0.00177	0.00353	0.00707	0.77554	0.00707
55	0.01655	0.04831	0.02392	0.08432	0.02290	0.02294	0.01685	0.01856	0.01212	0.01834	0.01031	0.01674	0.00996	0.01244	0.02239	0.00317	0.62195	0.00653	0.00332	0.00837
56	0.02703	0.03216	0.02095	0.01872	0.02256	0.56977	0.01425	0.07125	0.02173	0.03975	0.01547	0.01712	0.04012	0.00875	0.00799	0.00209	0.05114	0.00568	0.00442	0.00905
57	0.00952	0.00767	0.00848	0.00836	0.01061	0.00663	0.00624	0.01193	0.01847	0.02350	0.26136	0.09196	0.47218	0.01824	0.00899	0.00253	0.00378	0.01551	0.00744	0.00663
58	0.02902	0.01180	0.01600	0.01265	0.01764	0.01029	0.01029	0.03209	0.02166	0.54920	0.17021	0.03245	0.03013	0.01070	0.00791	0.00236	0.00584	0.00894	0.00916	0.01167
59	0.01046	0.00724	0.00831	0.00865	0.00902	0.00702	0.00520	0.01092	0.01238	0.01623	0.03308	0.18403	0.10258	0.51862	0.02979	0.00601	0.00640	0.01361	0.00533	0.00509
60	0.01790	0.02046	0.04476	0.03197	0.03964	0.01918	0.65857	0.02430	0.01790	0.02430	0.01535	0.02046	0.01151	0.00639	0.00895	0.00256	0.01279	0.00895	0.00384	0.01023
61	0.13225	0.01057	0.01029	0.00923	0.01216	0.01130	0.00726	0.12548	0.01875	0.03239	0.02153	0.02421	0.01667	0.00861	0.00559	0.00194	0.00469	0.00659	0.53227	0.00821
62	0.01790	0.02046	0.04476	0.03197	0.03964	0.01918	0.65857	0.02430	0.01790	0.02430	0.01535	0.02046	0.01151	0.00639	0.00895	0.00256	0.01279	0.00895	0.00384	0.01023
63	0.01051	0.00848	0.00958	0.00992	0.01233	0.00780	0.00794	0.01408	0.05604	0.02221	0.09236	0.07301	0.44301	0.01898	0.00930	0.00281	0.00481	0.18278	0.00713	0.00692
64	0.01414	0.00707	0.00707	0.00707	0.00884	0.00707	0.00530	0.01767	0.01591	0.02828	0.02474	0.02828	0.01944	0.00884	0.00530	0.00177	0.00353	0.00707	0.77554	0.00707
65	0.01610	0.16691	0.54479	0.01942	0.02937	0.01947	0.02430	0.02352	0.01590	0.02306	0.01351	0.01581	0.01004	0.00714	0.00670	0.00223	0.01032	0.00538	0.03527	0.01077
66	0.02836	0.03533	0.02156	0.01943	0.02345	0.66555	0.01464	0.06503	0.02228	0.02017	0.01208	0.01393	0.00994	0.00789	0.00688	0.00197	0.01338	0.00499	0.00411	0.00902
67	0.01569	0.01337	0.01562	0.01151	0.01794	0.01037	0.00924	0.01972	0.03964	0.02488	0.01530	0.01930	0.01311	0.00647	0.00591	0.00128	0.00569	0.03274	0.00472	0.71749
68	0.02060	0.04974	0.07492	0.01527	0.02036	0.01792	0.01309	0.15343	0.32700	0.08666	0.06636	0.05294	0.04677	0.01068	0.00770	0.00245	0.00674	0.00875	0.00724	0.01139
69	0.01414	0.00707	0.00707	0.00707	0.00884	0.00707	0.00530	0.01767	0.01591	0.02828	0.02474	0.02828	0.01944	0.00884	0.00530	0.00177	0.00353	0.00707	0.77554	0.00707
70	0.75113	0.01581	0.04289	0.01052	0.01551	0.01704	0.00914	0.02238	0.01305	0.03357	0.01070	0.01249	0.00828	0.00705	0.00481	0.00235	0.00612	0.00418	0.00462	0.00835
71	0.00907	0.00769	0.00783	0.00779	0.01031	0.00645	0.00584	0.01109	0.01753	0.02107	0.11242	0.07204	0.64709	0.01899	0.00896	0.00255	0.00383	0.01587	0.00712	0.00645
72	0.01854	0.01793	0.03105	0.07558	0.62943	0.01802	0.05125	0.02315	0.01721	0.02452	0.01428	0.01891	0.01191	0.00678	0.00758	0.00228	0.00923	0.00685	0.00374	0.01178
73	0.00994	0.00795	0.00904	0.00943	0.01172	0.00705	0.00751	0.01239	0.01768	0.02187	0.11756	0.07483	0.47065	0.01935	0.00935	0.00278	0.00462	0.17254	0.00714	0.00661
74	0.01659	0.01659	0.02323	0.01991	0.01991	0.02323	0.01659	0.01825	0.01162	0.01825	0.00996	0.01659	0.00996	0.01328	0.02489	0.00332	0.71955	0.00664	0.00332	0.00830
75	0.01954	0.02175	0.01570	0.01487	0.01764	0.33363	0.01096	0.04177	0.06174	0.02046	0.02861	0.17328	0.10407	0.05765	0.04158	0.00310	0.00980	0.01054	0.00536	0.00795
76	0.01553	0.01333	0.01580	0.01155	0.01783	0.01049	0.00925	0.01882	0.01544	0.02419	0.01369	0.01640	0.01155	0.00821	0.03821	0.00170	0.02856	0.00473	0.00444	0.72029
77	0.01414	0.00707	0.00707	0.00707	0.00884	0.00707	0.00530	0.01767	0.01591	0.02828	0.02474	0.02828	0.01944	0.00884	0.00530	0.00177	0.00353	0.00707	0.77554	0.00707
78	0.01170	0.00797	0.01045	0.00971	0.01167	0.00732	0.00732	0.01525	0.02148	0.05785	0.65504	0.05538	0.06938	0.01525	0.00889	0.00238	0.00370	0.01346	0.00839	0.00740
79	0.03250	0.01257	0.01711	0.01323	0.01883	0.01089	0.01089	0.03547	0.02169	0.64781	0.07290	0.02785	0.02226	0.00979	0.00771	0.00235	0.00626	0.00803	0.00932	0.01253
80	0.01455	0.01369	0.02292	0.61483	0.11590	0.01651	0.02062	0.01941	0.01548	0.01999	0.01636	0.02240	0.04004	0.00801	0.00764	0.00250	0.00972	0.00715	0.00357	0.00871
81	0.01084	0.00806	0.01182	0.01179	0.01308	0.00921	0.00903	0.01342	0.01262	0.01811	0.05661	0.03257	0.02240	0.09922	0.62173	0.01134	0.01855	0.00862	0.00433	0.00665
82	0.01102	0.00741	0.00854	0.00854	0.00864	0.00750	0.00493	0.01120	0.01111	0.01491	0.02365	0.04827	0.02698	0.68679	0.08444	0.00769	0.00825	0.01083	0.00456	0.00475
83	0.01787	0.01740	0.03059	0.16943	0.50862	0.01791	0.08157	0.02265	0.01694	0.02373	0.01422	0.01920	0.01161	0.00688	0.00766	0.00233	0.00956	0.00696	0.00369	0.01118
84	0.65448	0.01582	0.04932	0.03670	0.01742	0.01656	0.01001	0.02350	0.01389	0.08726	0.01243	0.01393	0.00923	0.00726	0.00518	0.00236	0.00636	0.00458	0.00495	0.00877
85	0.01599	0.01382	0.02307	0.61398	0.10220	0.01657	0.02059	0.02086	0.01577	0.06411	0.01463	0.02047	0.01084	0.00763	0.00758	0.00249	0.00978	0.00680	0.00380	0.00902
86	0.02154	0.01614	0.01771	0.01481	0.01943	0.01756	0.01187	0.25926	0.25770	0.07200	0.11001	0.03155	0.05586	0.01108	0.00791	0.00242	0.00649	0.02792	0.00770	0.03105
87	0.01766	0.41069	0.30432	0.01629	0.02443	0.02362	0.01876	0.02275	0.01601	0.02110	0.05127	0.01635	0.01332	0.00731	0.00606	0.00198	0.00911	0.00525	0.00353	0.01018
88	0.01565	0.01348	0.01614	0.05262	0.01999	0.01051	0.00970	0.01912	0.01570	0.02440	0.01348	0.01599	0.01117	0.00573	0.00573	0.00121	0.00588	0.00463	0.00443	0.73445
89	0.01515	0.01469	0.02434	0.42977	0.07626	0.01815	0.06739	0.01930	0.01461	0.01977	0.01407	0.05058	0.01205	0.00953	0.01192	0.00273	0.17994	0.00754	0.00358	0.00863
90	0.01414	0.00707	0.00707	0.00707	0.00884	0.00707	0.00530	0.01767	0.01591	0.02828	0.02474	0.02828	0.01944	0.00884	0.00530	0.00177	0.00353	0.00707	0.77554	0.00707
91	0.01573	0.01348	0.01573	0.01123	0.01798	0.01011	0.00899	0.01910	0.01573	0.02472	0.01348	0.01573	0.01123	0.00562	0.00562	0.00112	0.00562	0.00449	0.00449	0.77980
92	0.03021	0.01587	0.04297	0.01469	0.02053	0.01467	0.01243	0.18918	0.06038	0.44350	0.05557	0.02510	0.01959	0.00956	0.00767	0.00235	0.00694	0.00768	0.00858	0.01254
93	0.01414	0.00707	0.00707	0.00707	0.00884	0.00707	0.00530	0.01767	0.01591	0.02828	0.02474	0.02828	0.01944	0.00884	0.00530	0.00177	0.00353	0.00707	0.77554	0.00707
94	0.06532	0.28046	0.10816	0.01670	0.02270	0.26272	0.01529	0.10431	0.01998	0.02342	0.01227	0.01391	0.01004	0.00739	0.00616	0.00195	0.01034	0.00488	0.00409	0.00989
95	0.02003	0.54811	0.12850	0.01642	0.04986	0.02649	0.04392	0.02362	0.01596	0.04928	0.01220	0.01394	0.01029	0.00672	0.00560	0.00183	0.00871	0.00476	0.00356	0.01019
96	0.01225	0.00770	0.00878	0.00854	0.00905	0.00751	0.00506	0.01255	0.01207	0.05487	0.02774	0.04978	0.07025	0.64380	0.03483	0.00674	0.00707	0.01116	0.00504	0.00520
97	0.01318	0.00659	0.00988	0.00988	0.00988	0.00659	0.00659	0.00988	0.00988	0.01318	0.01318	0.02306	0.01318	0.02635	0.02964	0.77931	0.00659	0.00659	0.00329	0.00329
98	0.01746	0.01505	0.05583	0.01220	0.01904	0.01096	0.01041	0.02177	0.04012	0.08495	0.01560	0.01711	0.01225	0.00622	0.00597	0.00136	0.00604	0.00499	0.00498	0.63770
99	0.01628	0.01613	0.02262	0.01949	0.01956	0.02248	0.01620	0.01799	0.01165	0.01822	0.01053	0.01732	0.01045	0.01568	0.06227	0.00381	0.68103	0.00672	0.00336	0.00821
100	0.01521	0.03923	0.69413	0.02162	0.03283	0.01762	0.02802	0.02402	0.01601	0.02402	0.01361	0.01601	0.00961	0.00721	0.00721	0.00240	0.01121	0.00560	0.00320	0.01121
101	0.00920	0.00767	0.00787	0.00783	0.01018	0.00651	0.00577	0.01110	0.01712	0.02069	0.10893	0.07050	0.60390	0.06606	0.01092	0.00287	0.00406	0.01555	0.00696	0.00633
102	0.01587	0.01394	0.01764	0.01260	0.01940	0.01071	0.05179	0.01944	0.01587	0.02469	0.01360	0.01604	0.01125	0.00567	0.00584	0.00122	0.00609	0.00479	0.00445	0.72909

[dist]
# distance from previous block
# <min> <max>
0	38

# created by:
# /st0/software/busco_prod/Augustus/scripts/msa2prfl.pl ./align_prep/102149.fa
