[name]
unknown

[dist]
# distance from previous block
# <min> <max>
0	58

[block]
# block no. 0 follows, 24 sequences, length 18
# corresponding to MSA columns:
# 61-78
name=unknown_A
#
# <colnr> <probs for GDERKNQSTAVLIFYWHMCP>
#	G	D	E	R	K	N	Q	S	T	A	V	L	I	F	Y	W	H	M	C	P
0	0.01278	0.00913	0.01278	0.01460	0.01643	0.00913	0.01278	0.01643	0.01825	0.02373	0.04199	0.08945	0.04564	0.02191	0.01095	0.00365	0.00730	0.61847	0.00730	0.00730
1	0.01627	0.08860	0.63587	0.02197	0.03335	0.01932	0.02821	0.02502	0.01670	0.02466	0.01401	0.01646	0.01005	0.00748	0.00736	0.00245	0.01149	0.00575	0.00335	0.01161
2	0.01079	0.00825	0.00872	0.00849	0.01107	0.00704	0.00630	0.01284	0.01817	0.04996	0.12095	0.07115	0.54927	0.06804	0.01146	0.00300	0.00437	0.01581	0.00740	0.00692
3	0.02875	0.02075	0.02244	0.01761	0.02363	0.02289	0.01441	0.50235	0.14120	0.08956	0.02211	0.02136	0.01571	0.00975	0.00796	0.00244	0.00818	0.00750	0.00808	0.01333
4	0.01141	0.00763	0.00869	0.00881	0.00884	0.00760	0.00498	0.01150	0.01178	0.01570	0.02625	0.09682	0.03043	0.67421	0.03832	0.00739	0.00748	0.01228	0.00498	0.00492
5	0.02720	0.01695	0.06859	0.06988	0.06762	0.01532	0.01468	0.09709	0.11477	0.33262	0.02612	0.02502	0.01783	0.00938	0.00777	0.00245	0.00752	0.00770	0.05911	0.01239
6	0.72694	0.01580	0.01247	0.01096	0.01596	0.01825	0.00903	0.06526	0.01510	0.03655	0.01158	0.01330	0.00892	0.00751	0.00511	0.00245	0.00631	0.00449	0.00511	0.00892
7	0.01889	0.01822	0.03171	0.07455	0.56503	0.01837	0.06526	0.02366	0.01771	0.02520	0.01531	0.02046	0.01284	0.01002	0.04621	0.00297	0.01040	0.00730	0.00393	0.01196
8	0.01550	0.01481	0.02389	0.55305	0.04722	0.01908	0.02100	0.02000	0.01504	0.02000	0.01329	0.02031	0.01054	0.00923	0.01189	0.00282	0.16302	0.00702	0.00351	0.00878
9	0.03558	0.01350	0.01840	0.01411	0.02024	0.01166	0.01166	0.03865	0.02270	0.67734	0.03128	0.02699	0.01963	0.00981	0.00797	0.00245	0.00675	0.00797	0.00981	0.01350
10	0.01009	0.00728	0.00959	0.01093	0.01180	0.00678	0.00763	0.01202	0.01670	0.02244	0.15041	0.54279	0.08224	0.02302	0.01001	0.00310	0.00458	0.05433	0.00759	0.00668
11	0.01122	0.00811	0.01060	0.00998	0.01185	0.00748	0.00748	0.01496	0.02245	0.03180	0.66766	0.05923	0.07482	0.01621	0.00935	0.00249	0.00374	0.01434	0.00873	0.00748
12	0.01972	0.01703	0.01793	0.01614	0.02062	0.01972	0.01255	0.04214	0.65752	0.03317	0.03228	0.02959	0.02421	0.01076	0.00807	0.00269	0.00628	0.00897	0.00807	0.01255
13	0.77733	0.01534	0.01166	0.01043	0.01534	0.01779	0.00859	0.02331	0.01350	0.03558	0.01104	0.01288	0.00859	0.00736	0.00491	0.00245	0.00613	0.00429	0.00491	0.00859
14	0.03558	0.01350	0.01840	0.01411	0.02024	0.01166	0.01166	0.03865	0.02270	0.67734	0.03128	0.02699	0.01963	0.00981	0.00797	0.00245	0.00675	0.00797	0.00981	0.01350
15	0.77733	0.01534	0.01166	0.01043	0.01534	0.01779	0.00859	0.02331	0.01350	0.03558	0.01104	0.01288	0.00859	0.00736	0.00491	0.00245	0.00613	0.00429	0.00491	0.00859
16	0.01963	0.01884	0.03219	0.04867	0.67185	0.01884	0.02434	0.02434	0.01806	0.02591	0.01492	0.01963	0.01256	0.00707	0.00785	0.00236	0.00942	0.00707	0.00393	0.01256
17	0.77733	0.01534	0.01166	0.01043	0.01534	0.01779	0.00859	0.02331	0.01350	0.03558	0.01104	0.01288	0.00859	0.00736	0.00491	0.00245	0.00613	0.00429	0.00491	0.00859

[dist]
# distance from previous block
# <min> <max>
0	6

[block]
# block no. 1 follows, 24 sequences, length 57
# corresponding to MSA columns:
# 85-141
name=unknown_B
#
# <colnr> <probs for GDERKNQSTAVLIFYWHMCP>
#	G	D	E	R	K	N	Q	S	T	A	V	L	I	F	Y	W	H	M	C	P
0	0.00937	0.00803	0.00803	0.00803	0.01071	0.00669	0.00602	0.01138	0.01807	0.02142	0.08033	0.07632	0.66863	0.02008	0.00937	0.00268	0.00402	0.01674	0.00736	0.00669
1	0.77733	0.01534	0.01166	0.01043	0.01534	0.01779	0.00859	0.02331	0.01350	0.03558	0.01104	0.01288	0.00859	0.00736	0.00491	0.00245	0.00613	0.00429	0.00491	0.00859
2	0.01498	0.01409	0.02378	0.70226	0.05462	0.01762	0.02202	0.02026	0.01586	0.02026	0.01409	0.02114	0.01057	0.00793	0.00793	0.00264	0.01057	0.00705	0.00352	0.00881
3	0.03413	0.04285	0.01978	0.01450	0.02045	0.01345	0.01208	0.06344	0.02269	0.60069	0.02921	0.02573	0.01866	0.00982	0.00849	0.00246	0.03137	0.00775	0.00925	0.01319
4	0.02000	0.01647	0.01760	0.01584	0.02023	0.01884	0.01230	0.04073	0.60411	0.06046	0.03270	0.05727	0.02515	0.01129	0.00815	0.00270	0.00623	0.00947	0.00812	0.01234
5	0.03162	0.01306	0.01742	0.01373	0.01924	0.01165	0.01120	0.03598	0.06241	0.55834	0.10890	0.03108	0.02664	0.01065	0.00815	0.00247	0.00635	0.00881	0.00957	0.01270
6	0.01001	0.00693	0.00908	0.01079	0.01135	0.00651	0.00724	0.01155	0.01528	0.02088	0.04248	0.66910	0.05025	0.02377	0.00981	0.00313	0.00454	0.02151	0.05929	0.00651
7	0.03495	0.01451	0.01903	0.01459	0.02075	0.01316	0.01205	0.10934	0.02440	0.60424	0.02986	0.02606	0.01891	0.00978	0.00797	0.00245	0.00698	0.00788	0.00960	0.01349
8	0.00966	0.00690	0.00920	0.01104	0.01150	0.00644	0.00736	0.01104	0.01518	0.02024	0.04371	0.71614	0.05245	0.02484	0.01012	0.00322	0.00460	0.02254	0.00736	0.00644
9	0.03311	0.01363	0.01810	0.01404	0.01982	0.01218	0.01153	0.07818	0.02367	0.57885	0.08516	0.02922	0.02395	0.01034	0.00809	0.00245	0.00662	0.00846	0.00959	0.01298
10	0.05210	0.01513	0.02454	0.51344	0.07566	0.01876	0.04431	0.02062	0.01541	0.02127	0.01352	0.02013	0.01060	0.00869	0.01050	0.00274	0.11297	0.00699	0.00362	0.00902
11	0.16407	0.00965	0.00921	0.00872	0.01134	0.01030	0.00677	0.04694	0.01675	0.03110	0.02245	0.02592	0.01771	0.01130	0.03837	0.00251	0.00524	0.00683	0.54695	0.00788
12	0.77733	0.01534	0.01166	0.01043	0.01534	0.01779	0.00859	0.02331	0.01350	0.03558	0.01104	0.01288	0.00859	0.00736	0.00491	0.00245	0.00613	0.00429	0.00491	0.00859
13	0.03514	0.01420	0.01884	0.01444	0.02059	0.01270	0.01193	0.08763	0.02387	0.62670	0.03030	0.02635	0.01913	0.00979	0.00797	0.00245	0.00691	0.00791	0.00966	0.01349
14	0.01715	0.05635	0.32619	0.08330	0.27633	0.01847	0.02511	0.02373	0.01721	0.02461	0.01753	0.02087	0.04266	0.00796	0.00767	0.00244	0.01026	0.00687	0.00378	0.01151
15	0.01122	0.00811	0.01060	0.00998	0.01185	0.00748	0.00748	0.01496	0.02245	0.03180	0.66766	0.05923	0.07482	0.01621	0.00935	0.00249	0.00374	0.01434	0.00873	0.00748
16	0.01589	0.01329	0.01450	0.01340	0.01691	0.01449	0.01039	0.03012	0.38811	0.03056	0.17892	0.04616	0.14183	0.01393	0.00868	0.00268	0.00540	0.03640	0.00807	0.01027
17	0.03558	0.01350	0.01840	0.01411	0.02024	0.01166	0.01166	0.03865	0.02270	0.67734	0.03128	0.02699	0.01963	0.00981	0.00797	0.00245	0.00675	0.00797	0.00981	0.01350
18	0.01112	0.00802	0.01050	0.01005	0.01182	0.00741	0.00747	0.01470	0.02195	0.03101	0.62491	0.10424	0.07329	0.01680	0.00941	0.00254	0.00380	0.01490	0.00864	0.00741
19	0.01972	0.01703	0.01793	0.01614	0.02062	0.01972	0.01255	0.04214	0.65752	0.03317	0.03228	0.02959	0.02421	0.01076	0.00807	0.00269	0.00628	0.00897	0.00807	0.01255
20	0.01498	0.01409	0.02378	0.70226	0.05462	0.01762	0.02202	0.02026	0.01586	0.02026	0.01409	0.02114	0.01057	0.00793	0.00793	0.00264	0.01057	0.00705	0.00352	0.00881
21	0.02038	0.01736	0.01830	0.01627	0.02087	0.02003	0.01271	0.07990	0.61869	0.03422	0.03145	0.02893	0.02354	0.01068	0.00806	0.00267	0.00643	0.00885	0.00806	0.01261
22	0.01843	0.02029	0.04265	0.03482	0.14166	0.01921	0.51314	0.02455	0.01844	0.02524	0.01717	0.05406	0.01403	0.00761	0.00915	0.00265	0.01232	0.00961	0.00416	0.01079
23	0.03423	0.01416	0.01863	0.01445	0.02048	0.01283	0.01188	0.06801	0.06689	0.60309	0.03076	0.02679	0.01965	0.00987	0.00798	0.00247	0.00681	0.00800	0.00960	0.01343
24	0.02120	0.72609	0.04155	0.01357	0.02035	0.03138	0.01357	0.02374	0.01611	0.01866	0.01102	0.01272	0.01018	0.00678	0.00509	0.00170	0.00848	0.00424	0.00339	0.01018
25	0.00966	0.00690	0.00920	0.01104	0.01150	0.00644	0.00736	0.01104	0.01518	0.02024	0.04371	0.71614	0.05245	0.02484	0.01012	0.00322	0.00460	0.02254	0.00736	0.00644
26	0.02395	0.41222	0.08586	0.01678	0.02304	0.25164	0.01548	0.05035	0.01912	0.02063	0.01200	0.01382	0.01031	0.00742	0.00609	0.00190	0.01071	0.00477	0.00380	0.01010
27	0.02894	0.02224	0.02308	0.01809	0.02414	0.05056	0.01479	0.55214	0.10741	0.04684	0.02028	0.02005	0.01458	0.00961	0.00792	0.00240	0.00867	0.00727	0.00779	0.01321
28	0.00966	0.00690	0.00920	0.01104	0.01150	0.00644	0.00736	0.01104	0.01518	0.02024	0.04371	0.71614	0.05245	0.02484	0.01012	0.00322	0.00460	0.02254	0.00736	0.00644
29	0.01087	0.00788	0.01028	0.01031	0.01190	0.00729	0.00760	0.01402	0.02053	0.02856	0.48446	0.20526	0.09127	0.01847	0.00958	0.00270	0.00408	0.03939	0.00832	0.00722
30	0.01617	0.01804	0.07957	0.02480	0.05837	0.01626	0.29651	0.04720	0.01773	0.02438	0.02397	0.23255	0.02417	0.01301	0.01067	0.00287	0.06640	0.01272	0.00510	0.00952
31	0.01590	0.04102	0.68023	0.02260	0.03432	0.01842	0.02930	0.02511	0.01674	0.02511	0.01423	0.01674	0.01005	0.00753	0.00753	0.00251	0.01172	0.00586	0.00335	0.01172
32	0.01478	0.00739	0.00739	0.00739	0.00924	0.00739	0.00554	0.01848	0.01663	0.02956	0.02587	0.02956	0.02033	0.00924	0.00554	0.00185	0.00370	0.00739	0.76534	0.00739
33	0.01990	0.01422	0.01689	0.01248	0.01918	0.01146	0.01002	0.02481	0.06720	0.13547	0.01838	0.01923	0.01403	0.00691	0.00639	0.00151	0.00605	0.00558	0.00582	0.58448
34	0.03038	0.02184	0.02357	0.01807	0.02440	0.02404	0.01493	0.61932	0.03666	0.07695	0.01956	0.01938	0.01375	0.00953	0.00793	0.00238	0.00864	0.00718	0.00801	0.01349
35	0.00951	0.00804	0.00822	0.00818	0.01080	0.00675	0.00613	0.01165	0.01840	0.02220	0.12415	0.07504	0.62432	0.01979	0.00937	0.00266	0.00400	0.01656	0.00747	0.00675
36	0.01762	0.01637	0.02196	0.11685	0.17749	0.04396	0.04463	0.02825	0.24205	0.02768	0.09892	0.03221	0.07653	0.01058	0.00827	0.00255	0.00778	0.00935	0.00615	0.01078
37	0.01730	0.01460	0.01690	0.01215	0.01916	0.01145	0.00975	0.05912	0.01775	0.02735	0.01440	0.01661	0.01185	0.00610	0.00600	0.00125	0.00605	0.00485	0.00490	0.72245
38	0.01113	0.00803	0.01051	0.01004	0.01183	0.00742	0.00747	0.01472	0.02199	0.03108	0.62860	0.10036	0.07342	0.01675	0.00940	0.00254	0.00379	0.01485	0.00864	0.00742
39	0.01478	0.00739	0.00739	0.00739	0.00924	0.00739	0.00554	0.01848	0.01663	0.02956	0.02587	0.02956	0.02033	0.00924	0.00554	0.00185	0.00370	0.00739	0.76534	0.00739
40	0.01122	0.00811	0.01060	0.00998	0.01185	0.00748	0.00748	0.01496	0.02245	0.03180	0.66766	0.05923	0.07482	0.01621	0.00935	0.00249	0.00374	0.01434	0.00873	0.00748
41	0.02160	0.69344	0.04065	0.01389	0.02055	0.06259	0.01365	0.02412	0.01641	0.01869	0.01108	0.01280	0.01018	0.00685	0.00519	0.00171	0.00876	0.00428	0.00343	0.01013
42	0.00973	0.00695	0.00926	0.01099	0.01152	0.00649	0.00737	0.01122	0.01550	0.02075	0.07130	0.68709	0.05344	0.02446	0.01009	0.00319	0.00456	0.02218	0.00742	0.00649
43	0.12119	0.01702	0.01955	0.01525	0.02126	0.01739	0.01257	0.25783	0.05042	0.34882	0.02446	0.02251	0.01625	0.00945	0.00760	0.00244	0.00738	0.00727	0.00848	0.01287
44	0.02129	0.66547	0.07129	0.01428	0.02119	0.05742	0.01439	0.02413	0.01640	0.01900	0.01123	0.01298	0.01017	0.00688	0.00529	0.00175	0.00887	0.00435	0.00342	0.01021
45	0.01377	0.00689	0.01033	0.01033	0.01033	0.00689	0.00689	0.01033	0.01033	0.01377	0.01377	0.02410	0.01377	0.02755	0.03099	0.76928	0.00689	0.00689	0.00344	0.00344
46	0.34130	0.19365	0.17168	0.01435	0.02140	0.02058	0.01484	0.02546	0.01585	0.09759	0.01392	0.01523	0.01048	0.00752	0.00588	0.00228	0.00804	0.00503	0.00471	0.01021
47	0.03482	0.01366	0.01838	0.01421	0.02026	0.01204	0.01170	0.03881	0.05302	0.64657	0.03133	0.02711	0.01985	0.00986	0.00798	0.00246	0.00673	0.00802	0.00973	0.01345
48	0.01972	0.01703	0.01793	0.01614	0.02062	0.01972	0.01255	0.04214	0.65752	0.03317	0.03228	0.02959	0.02421	0.01076	0.00807	0.00269	0.00628	0.00897	0.00807	0.01255
49	0.01887	0.12552	0.49955	0.02158	0.05703	0.01937	0.02515	0.02637	0.01736	0.09508	0.01570	0.01745	0.01120	0.00767	0.00728	0.00239	0.01067	0.00593	0.00408	0.01175
50	0.02667	0.01721	0.10511	0.04888	0.04960	0.01365	0.03984	0.03157	0.04634	0.38812	0.07656	0.05270	0.02280	0.01043	0.00875	0.00255	0.03075	0.00872	0.00777	0.01197
51	0.03558	0.01350	0.01840	0.01411	0.02024	0.01166	0.01166	0.03865	0.02270	0.67734	0.03128	0.02699	0.01963	0.00981	0.00797	0.00245	0.00675	0.00797	0.00981	0.01350
52	0.00966	0.00690	0.00920	0.01104	0.01150	0.00644	0.00736	0.01104	0.01518	0.02024	0.04371	0.71614	0.05245	0.02484	0.01012	0.00322	0.00460	0.02254	0.00736	0.00644
53	0.01872	0.02113	0.07930	0.15066	0.30329	0.04637	0.21521	0.02433	0.01798	0.02448	0.01497	0.02001	0.01180	0.00717	0.00828	0.00250	0.01119	0.00761	0.00385	0.01116
54	0.07901	0.37354	0.08956	0.01642	0.02215	0.13610	0.01544	0.05312	0.01747	0.02212	0.01180	0.01425	0.01023	0.00818	0.00851	0.00215	0.10112	0.00502	0.00384	0.00999
55	0.01446	0.00888	0.01105	0.01013	0.01283	0.00787	0.00772	0.01751	0.02095	0.12971	0.37651	0.08731	0.23135	0.01666	0.00918	0.00257	0.00433	0.01437	0.00846	0.00816
56	0.77733	0.01534	0.01166	0.01043	0.01534	0.01779	0.00859	0.02331	0.01350	0.03558	0.01104	0.01288	0.00859	0.00736	0.00491	0.00245	0.00613	0.00429	0.00491	0.00859

[dist]
# distance from previous block
# <min> <max>
0	1

[block]
# block no. 2 follows, 24 sequences, length 41
# corresponding to MSA columns:
# 143-183
name=unknown_C
#
# <colnr> <probs for GDERKNQSTAVLIFYWHMCP>
#	G	D	E	R	K	N	Q	S	T	A	V	L	I	F	Y	W	H	M	C	P
0	0.01901	0.01585	0.01769	0.01309	0.01966	0.03995	0.01051	0.07536	0.01860	0.05500	0.01504	0.01706	0.01212	0.00674	0.00691	0.00145	0.03155	0.00514	0.00513	0.61414
1	0.01126	0.00827	0.00951	0.00908	0.01148	0.00725	0.00679	0.01394	0.01977	0.05205	0.31221	0.06652	0.37947	0.04462	0.01048	0.00278	0.00416	0.01522	0.00792	0.00722
2	0.02166	0.68958	0.04063	0.01381	0.02057	0.03103	0.01365	0.05598	0.01721	0.02028	0.01144	0.01305	0.01035	0.00693	0.00524	0.00173	0.00849	0.00439	0.00363	0.01035
3	0.00966	0.00690	0.00920	0.01104	0.01150	0.00644	0.00736	0.01104	0.01518	0.02024	0.04371	0.71614	0.05245	0.02484	0.01012	0.00322	0.00460	0.02254	0.00736	0.00644
4	0.00966	0.00690	0.00920	0.01104	0.01150	0.00644	0.00736	0.01104	0.01518	0.02024	0.04371	0.71614	0.05245	0.02484	0.01012	0.00322	0.00460	0.02254	0.00736	0.00644
5	0.01114	0.00810	0.01048	0.00989	0.01180	0.00745	0.00742	0.01480	0.02225	0.03133	0.64136	0.06000	0.10142	0.01638	0.00935	0.00250	0.00375	0.01445	0.00867	0.00745
6	0.02962	0.03779	0.02247	0.02043	0.02451	0.68948	0.01532	0.03166	0.02247	0.01941	0.01226	0.01430	0.01021	0.00817	0.00715	0.00204	0.01430	0.00511	0.00409	0.00919
7	0.02965	0.03704	0.02254	0.02032	0.02452	0.65732	0.01531	0.06135	0.02319	0.02089	0.01259	0.01453	0.01037	0.00824	0.00719	0.00206	0.01403	0.00521	0.00427	0.00940
8	0.03558	0.01350	0.01840	0.01411	0.02024	0.01166	0.01166	0.03865	0.02270	0.67734	0.03128	0.02699	0.01963	0.00981	0.00797	0.00245	0.00675	0.00797	0.00981	0.01350
9	0.22116	0.01396	0.01671	0.01319	0.01902	0.01319	0.01089	0.03481	0.02039	0.51678	0.02622	0.02346	0.01687	0.00920	0.00721	0.00245	0.00659	0.00705	0.00859	0.01227
10	0.01360	0.00767	0.00866	0.00862	0.01033	0.00786	0.00645	0.01691	0.01605	0.02668	0.06480	0.03416	0.04420	0.05360	0.13505	0.00422	0.00717	0.00850	0.51827	0.00719
11	0.16231	0.01415	0.01719	0.01366	0.01943	0.01348	0.01121	0.03632	0.08095	0.50567	0.02788	0.02480	0.01815	0.00948	0.00745	0.00248	0.00660	0.00743	0.00880	0.01256
12	0.09062	0.01775	0.02189	0.08543	0.22685	0.07163	0.01664	0.10281	0.07493	0.02879	0.02572	0.03294	0.08049	0.01084	0.00806	0.00257	0.00849	0.07744	0.00558	0.01053
13	0.01025	0.00785	0.01166	0.01250	0.01346	0.00733	0.04891	0.01198	0.01541	0.02058	0.04190	0.67073	0.04981	0.02366	0.01007	0.00318	0.00517	0.02168	0.00714	0.00672
14	0.01878	0.02113	0.04508	0.03240	0.04021	0.02003	0.60559	0.02640	0.05667	0.02586	0.01701	0.02188	0.01276	0.00693	0.00928	0.00267	0.01295	0.00933	0.00425	0.01081
15	0.01785	0.01493	0.01720	0.01241	0.01939	0.01201	0.00998	0.08435	0.01859	0.02832	0.01460	0.01671	0.01192	0.00625	0.00608	0.00130	0.00617	0.00495	0.00503	0.69194
16	0.01153	0.00769	0.00865	0.00865	0.00865	0.00769	0.00480	0.01153	0.01153	0.01538	0.02499	0.05189	0.02883	0.72131	0.04036	0.00769	0.00769	0.01153	0.00480	0.00480
17	0.00977	0.00695	0.00917	0.01090	0.01134	0.00651	0.00721	0.01107	0.01497	0.01996	0.04262	0.67770	0.05108	0.06514	0.01187	0.00348	0.00478	0.02191	0.00721	0.00635
18	0.01643	0.10910	0.61676	0.02170	0.03293	0.01970	0.02774	0.02498	0.01668	0.02447	0.01391	0.01634	0.01006	0.00746	0.00729	0.00243	0.01140	0.00570	0.00335	0.01157
19	0.01097	0.00810	0.01025	0.00971	0.01169	0.00737	0.00728	0.01447	0.02185	0.03038	0.58735	0.06157	0.15602	0.01674	0.00936	0.00252	0.00378	0.01467	0.00854	0.00737
20	0.01972	0.01703	0.01793	0.01614	0.02062	0.01972	0.01255	0.04214	0.65752	0.03317	0.03228	0.02959	0.02421	0.01076	0.00807	0.00269	0.00628	0.00897	0.00807	0.01255
21	0.01883	0.01771	0.06131	0.01713	0.02454	0.01407	0.13097	0.07607	0.01895	0.05537	0.01563	0.01807	0.01219	0.00660	0.00689	0.00169	0.00791	0.00600	0.00499	0.48508
22	0.01992	0.56093	0.19553	0.01575	0.02372	0.02825	0.01736	0.02407	0.01626	0.02021	0.01180	0.01369	0.01014	0.00696	0.00568	0.00189	0.00926	0.00463	0.00338	0.01055
23	0.01893	0.02335	0.12099	0.03261	0.11385	0.02012	0.43537	0.05288	0.01892	0.02623	0.01555	0.02031	0.01184	0.00731	0.00969	0.00264	0.04583	0.00844	0.00407	0.01107
24	0.01153	0.00769	0.00865	0.00865	0.00865	0.00769	0.00480	0.01153	0.01153	0.01538	0.02499	0.05189	0.02883	0.72131	0.04036	0.00769	0.00769	0.01153	0.00480	0.00480
25	0.02096	0.69534	0.07022	0.01397	0.02098	0.03080	0.01427	0.02381	0.01614	0.01895	0.01117	0.01290	0.01017	0.00682	0.00520	0.00173	0.00863	0.00431	0.00339	0.01025
26	0.01633	0.01631	0.03067	0.06827	0.13482	0.01589	0.28386	0.02195	0.04097	0.02454	0.02836	0.07031	0.08477	0.01172	0.00929	0.00281	0.00995	0.11422	0.00516	0.00978
27	0.02492	0.01689	0.01870	0.01530	0.01999	0.01811	0.01224	0.40352	0.02952	0.09292	0.02553	0.15436	0.02222	0.01245	0.00808	0.00249	0.00720	0.01019	0.09391	0.01145
28	0.01153	0.00769	0.00865	0.00865	0.00865	0.00769	0.00480	0.01153	0.01153	0.01538	0.02499	0.05189	0.02883	0.72131	0.04036	0.00769	0.00769	0.01153	0.00480	0.00480
29	0.02898	0.06139	0.02347	0.01930	0.02419	0.43536	0.01505	0.21298	0.05502	0.02902	0.01510	0.01632	0.01181	0.00863	0.00734	0.00216	0.01205	0.00584	0.00537	0.01065
30	0.01058	0.00804	0.00974	0.00941	0.01148	0.00720	0.00702	0.01369	0.02080	0.02810	0.45971	0.08970	0.26010	0.01776	0.00939	0.00258	0.00386	0.01541	0.00825	0.00720
31	0.02962	0.03779	0.02247	0.02043	0.02451	0.68948	0.01532	0.03166	0.02247	0.01941	0.01226	0.01430	0.01021	0.00817	0.00715	0.00204	0.01430	0.00511	0.00409	0.00919
32	0.01122	0.00811	0.01060	0.00998	0.01185	0.00748	0.00748	0.01496	0.02245	0.03180	0.66766	0.05923	0.07482	0.01621	0.00935	0.00249	0.00374	0.01434	0.00873	0.00748
33	0.01939	0.01860	0.03175	0.08257	0.63984	0.01878	0.02422	0.02413	0.01794	0.02561	0.01487	0.01970	0.01246	0.00711	0.00785	0.00237	0.00948	0.00706	0.00390	0.01237
34	0.12814	0.01372	0.01756	0.01365	0.01963	0.01242	0.01127	0.03673	0.02155	0.59726	0.02876	0.02523	0.01825	0.00951	0.00759	0.00245	0.00667	0.00752	0.00920	0.01288
35	0.02305	0.01072	0.01439	0.01198	0.01592	0.00951	0.00951	0.02647	0.02257	0.34532	0.35859	0.04357	0.04802	0.01310	0.00868	0.00247	0.00520	0.01125	0.00926	0.01040
36	0.00974	0.00696	0.00927	0.01099	0.01152	0.00649	0.00737	0.01124	0.01554	0.02081	0.07448	0.68374	0.05355	0.02442	0.01008	0.00318	0.00456	0.02214	0.00743	0.00649
37	0.01748	0.01773	0.02641	0.02201	0.02276	0.02389	0.07629	0.01968	0.01276	0.01968	0.01094	0.01773	0.01056	0.01320	0.02445	0.00339	0.64148	0.00717	0.00352	0.00886
38	0.01114	0.00810	0.01048	0.00989	0.01179	0.00745	0.00742	0.01480	0.02225	0.03132	0.64070	0.06002	0.10208	0.01639	0.00935	0.00250	0.00375	0.01445	0.00867	0.00745
39	0.03216	0.01897	0.02179	0.01671	0.02298	0.01979	0.01380	0.42004	0.03187	0.28300	0.02359	0.02199	0.01577	0.00963	0.00795	0.00241	0.00799	0.00745	0.00863	0.01349
40	0.01872	0.02139	0.04679	0.03342	0.04144	0.02005	0.64305	0.02540	0.01872	0.02540	0.01604	0.02139	0.01203	0.00668	0.00936	0.00267	0.01337	0.00936	0.00401	0.01070

[dist]
# distance from previous block
# <min> <max>
0	8

[block]
# block no. 3 follows, 24 sequences, length 34
# corresponding to MSA columns:
# 192-225
name=unknown_D
#
# <colnr> <probs for GDERKNQSTAVLIFYWHMCP>
#	G	D	E	R	K	N	Q	S	T	A	V	L	I	F	Y	W	H	M	C	P
0	0.00975	0.00806	0.00859	0.00869	0.01116	0.00690	0.00658	0.01201	0.01843	0.02257	0.13759	0.09740	0.55312	0.01995	0.00948	0.00273	0.00418	0.04853	0.00750	0.00680
1	0.01122	0.00811	0.01060	0.00998	0.01185	0.00748	0.00748	0.01496	0.02245	0.03180	0.66766	0.05923	0.07482	0.01621	0.00935	0.00249	0.00374	0.01434	0.00873	0.00748
2	0.07738	0.01360	0.01802	0.01390	0.01997	0.01200	0.01148	0.03778	0.02218	0.64117	0.03014	0.02620	0.01901	0.00968	0.00780	0.00245	0.00671	0.00777	0.00954	0.01322
3	0.07883	0.01483	0.02398	0.55825	0.07613	0.01811	0.04276	0.02082	0.01567	0.02190	0.01376	0.02021	0.01054	0.00810	0.00863	0.00266	0.04525	0.00690	0.00367	0.00901
4	0.74541	0.01563	0.01217	0.01076	0.01573	0.01808	0.00886	0.04988	0.01451	0.03619	0.01138	0.01314	0.00880	0.00745	0.00504	0.00245	0.00624	0.00442	0.00504	0.00880
5	0.01278	0.00913	0.01278	0.01460	0.01643	0.00913	0.01278	0.01643	0.01825	0.02373	0.04199	0.08945	0.04564	0.02191	0.01095	0.00365	0.00730	0.61847	0.00730	0.00730
6	0.01842	0.01757	0.02935	0.04390	0.59412	0.01741	0.02218	0.02281	0.01806	0.02538	0.02261	0.02629	0.08969	0.00860	0.00803	0.00239	0.00879	0.00820	0.00433	0.01187
7	0.03492	0.04627	0.01947	0.01408	0.02025	0.01256	0.01174	0.03796	0.02239	0.64705	0.03035	0.02633	0.01919	0.00968	0.00784	0.00242	0.00683	0.00780	0.00952	0.01334
8	0.01498	0.01409	0.02378	0.70226	0.05462	0.01762	0.02202	0.02026	0.01586	0.02026	0.01409	0.02114	0.01057	0.00793	0.00793	0.00264	0.01057	0.00705	0.00352	0.00881
9	0.72602	0.01525	0.01247	0.05699	0.01798	0.01778	0.00949	0.02310	0.01365	0.03455	0.01125	0.01344	0.00872	0.00740	0.00511	0.00247	0.00643	0.00448	0.00481	0.00860
10	0.10477	0.01991	0.02146	0.05550	0.02456	0.02223	0.01428	0.43171	0.12404	0.07125	0.02041	0.02041	0.01465	0.00940	0.00764	0.00245	0.00812	0.00715	0.00747	0.01258
11	0.77733	0.01534	0.01166	0.01043	0.01534	0.01779	0.00859	0.02331	0.01350	0.03558	0.01104	0.01288	0.00859	0.00736	0.00491	0.00245	0.00613	0.00429	0.00491	0.00859
12	0.77733	0.01534	0.01166	0.01043	0.01534	0.01779	0.00859	0.02331	0.01350	0.03558	0.01104	0.01288	0.00859	0.00736	0.00491	0.00245	0.00613	0.00429	0.00491	0.00859
13	0.03051	0.02162	0.02343	0.01797	0.02430	0.02372	0.01484	0.60437	0.03630	0.09240	0.01987	0.01958	0.01390	0.00954	0.00794	0.00238	0.00859	0.00720	0.00806	0.01349
14	0.00937	0.00803	0.00803	0.00803	0.01071	0.00669	0.00602	0.01138	0.01807	0.02142	0.08033	0.07632	0.66863	0.02008	0.00937	0.00268	0.00402	0.01674	0.00736	0.00669
15	0.01112	0.00803	0.01051	0.01005	0.01182	0.00741	0.00747	0.01470	0.02197	0.03103	0.62637	0.10271	0.07334	0.01678	0.00940	0.00254	0.00380	0.01488	0.00864	0.00741
16	0.02962	0.03779	0.02247	0.02043	0.02451	0.68948	0.01532	0.03166	0.02247	0.01941	0.01226	0.01430	0.01021	0.00817	0.00715	0.00204	0.01430	0.00511	0.00409	0.00919
17	0.01082	0.00809	0.01005	0.00956	0.01160	0.00731	0.00717	0.01419	0.02151	0.02957	0.54128	0.06291	0.20260	0.01704	0.00936	0.00253	0.00380	0.01486	0.00844	0.00731
18	0.03014	0.02221	0.02380	0.01825	0.02459	0.02459	0.01507	0.64541	0.03728	0.04998	0.01904	0.01904	0.01349	0.00952	0.00793	0.00238	0.00873	0.00714	0.00793	0.01349
19	0.03014	0.02221	0.02380	0.01825	0.02459	0.02459	0.01507	0.64541	0.03728	0.04998	0.01904	0.01904	0.01349	0.00952	0.00793	0.00238	0.00873	0.00714	0.00793	0.01349
20	0.01872	0.02139	0.04679	0.03342	0.04144	0.02005	0.64305	0.02540	0.01872	0.02540	0.01604	0.02139	0.01203	0.00668	0.00936	0.00267	0.01337	0.00936	0.00401	0.01070
21	0.03429	0.01321	0.01799	0.01389	0.01980	0.01143	0.01143	0.03740	0.02268	0.64327	0.06487	0.02869	0.02254	0.01015	0.00805	0.00246	0.00659	0.00831	0.00976	0.01318
22	0.03068	0.02135	0.02326	0.01783	0.02416	0.02331	0.01473	0.58521	0.03584	0.11222	0.02025	0.01983	0.01410	0.00955	0.00794	0.00239	0.00853	0.00722	0.00812	0.01349
23	0.01869	0.02095	0.04431	0.03362	0.08271	0.02025	0.55980	0.02491	0.01824	0.02502	0.01559	0.02100	0.01196	0.00719	0.01036	0.00270	0.05899	0.00904	0.00397	0.01069
24	0.01566	0.01067	0.01437	0.26689	0.02696	0.01211	0.01219	0.05223	0.01743	0.02717	0.02112	0.02587	0.01633	0.00877	0.00656	0.00217	0.00652	0.00725	0.44148	0.00824
25	0.03558	0.01350	0.01840	0.01411	0.02024	0.01166	0.01166	0.03865	0.02270	0.67734	0.03128	0.02699	0.01963	0.00981	0.00797	0.00245	0.00675	0.00797	0.00981	0.01350
26	0.01013	0.00722	0.00947	0.01065	0.01139	0.00675	0.00722	0.01194	0.01654	0.02246	0.17950	0.52791	0.05580	0.06904	0.01195	0.00336	0.00462	0.02001	0.00749	0.00656
27	0.01697	0.01639	0.02858	0.41094	0.28286	0.01825	0.06803	0.02215	0.01688	0.02273	0.01454	0.02060	0.01142	0.00752	0.00800	0.00254	0.01035	0.00722	0.00371	0.01034
28	0.02177	0.67976	0.04027	0.01403	0.02063	0.07567	0.01369	0.02428	0.01654	0.01871	0.01111	0.01283	0.01018	0.00688	0.00523	0.00172	0.00887	0.00430	0.00344	0.01011
29	0.01694	0.01675	0.02351	0.02027	0.02037	0.02332	0.01685	0.01875	0.01218	0.01904	0.01114	0.01828	0.01105	0.01696	0.07092	0.00410	0.66044	0.00704	0.00352	0.00857
30	0.03053	0.01513	0.01863	0.01499	0.02065	0.01491	0.01215	0.08077	0.21115	0.44463	0.03075	0.02722	0.02057	0.01007	0.00800	0.00252	0.00674	0.00821	0.00917	0.01322
31	0.01106	0.00805	0.01041	0.00993	0.01177	0.00740	0.00740	0.01461	0.02191	0.03077	0.61090	0.08877	0.10369	0.01678	0.00939	0.00254	0.00379	0.01482	0.00860	0.00740
32	0.01133	0.00850	0.01274	0.01274	0.01416	0.00991	0.00991	0.01416	0.01274	0.01841	0.02124	0.03115	0.01982	0.05947	0.68989	0.01274	0.02124	0.00850	0.00425	0.00708
33	0.01451	0.00737	0.00749	0.00758	0.00936	0.00734	0.00564	0.01808	0.01655	0.02907	0.02681	0.06589	0.02202	0.01006	0.00579	0.00192	0.00374	0.00819	0.72523	0.00734

[dist]
# distance from previous block
# <min> <max>
0	16

[block]
# block no. 4 follows, 24 sequences, length 73
# corresponding to MSA columns:
# 242-314
name=unknown_E
#
# <colnr> <probs for GDERKNQSTAVLIFYWHMCP>
#	G	D	E	R	K	N	Q	S	T	A	V	L	I	F	Y	W	H	M	C	P
0	0.03498	0.01446	0.01900	0.01457	0.02072	0.01309	0.01203	0.10582	0.02431	0.60788	0.02993	0.02611	0.01895	0.00978	0.00797	0.00245	0.00697	0.00788	0.00961	0.01349
1	0.02059	0.01747	0.01842	0.01631	0.02095	0.02013	0.01276	0.09246	0.60578	0.03457	0.03117	0.02871	0.02331	0.01066	0.00806	0.00266	0.00648	0.00881	0.00806	0.01263
2	0.01963	0.01884	0.03219	0.04867	0.67185	0.01884	0.02434	0.02434	0.01806	0.02591	0.01492	0.01963	0.01256	0.00707	0.00785	0.00236	0.00942	0.00707	0.00393	0.01256
3	0.60085	0.01490	0.01326	0.01130	0.01650	0.01633	0.00932	0.02696	0.01568	0.18827	0.01586	0.01624	0.01121	0.00794	0.00564	0.00245	0.00628	0.00517	0.00607	0.00976
4	0.03558	0.01350	0.01840	0.01411	0.02024	0.01166	0.01166	0.03865	0.02270	0.67734	0.03128	0.02699	0.01963	0.00981	0.00797	0.00245	0.00675	0.00797	0.00981	0.01350
5	0.00980	0.00701	0.00932	0.01095	0.01153	0.00653	0.00737	0.01138	0.01582	0.02125	0.09829	0.65867	0.05440	0.02409	0.01005	0.00316	0.00453	0.02183	0.00748	0.00653
6	0.02120	0.72609	0.04155	0.01357	0.02035	0.03138	0.01357	0.02374	0.01611	0.01866	0.01102	0.01272	0.01018	0.00678	0.00509	0.00170	0.00848	0.00424	0.00339	0.01018
7	0.01278	0.00913	0.01278	0.01460	0.01643	0.00913	0.01278	0.01643	0.01825	0.02373	0.04199	0.08945	0.04564	0.02191	0.01095	0.00365	0.00730	0.61847	0.00730	0.00730
8	0.00966	0.00690	0.00920	0.01104	0.01150	0.00644	0.00736	0.01104	0.01518	0.02024	0.04371	0.71614	0.05245	0.02484	0.01012	0.00322	0.00460	0.02254	0.00736	0.00644
9	0.02013	0.01724	0.01816	0.01622	0.02077	0.01991	0.01265	0.06557	0.63343	0.03382	0.03176	0.02918	0.02379	0.01071	0.00806	0.00268	0.00637	0.00889	0.00806	0.01259
10	0.01869	0.01788	0.03049	0.18076	0.54711	0.01859	0.02387	0.02351	0.01761	0.02477	0.01475	0.01993	0.01216	0.00724	0.00787	0.00241	0.00965	0.00706	0.00384	0.01180
11	0.01130	0.00816	0.01071	0.01021	0.01208	0.00757	0.00775	0.01504	0.02224	0.03139	0.63607	0.06076	0.07335	0.01650	0.00943	0.00255	0.00392	0.04485	0.00866	0.00747
12	0.01261	0.00907	0.01254	0.01428	0.01615	0.00901	0.01244	0.01618	0.01825	0.02362	0.04388	0.08880	0.07639	0.02182	0.01087	0.00360	0.00714	0.58877	0.00730	0.00727
13	0.03512	0.01422	0.01885	0.01445	0.02061	0.01274	0.01194	0.08942	0.02392	0.62484	0.03026	0.02633	0.01912	0.00979	0.00797	0.00245	0.00691	0.00790	0.00966	0.01349
14	0.00966	0.00690	0.00920	0.01104	0.01150	0.00644	0.00736	0.01104	0.01518	0.02024	0.04371	0.71614	0.05245	0.02484	0.01012	0.00322	0.00460	0.02254	0.00736	0.00644
15	0.01590	0.04102	0.68023	0.02260	0.03432	0.01842	0.02930	0.02511	0.01674	0.02511	0.01423	0.01674	0.01005	0.00753	0.00753	0.00251	0.01172	0.00586	0.00335	0.01172
16	0.00966	0.00690	0.00920	0.01104	0.01150	0.00644	0.00736	0.01104	0.01518	0.02024	0.04371	0.71614	0.05245	0.02484	0.01012	0.00322	0.00460	0.02254	0.00736	0.00644
17	0.70438	0.01515	0.01232	0.01079	0.01582	0.01719	0.00889	0.02482	0.01440	0.09869	0.01303	0.01427	0.00967	0.00760	0.00521	0.00245	0.00619	0.00466	0.00539	0.00907
18	0.01644	0.01409	0.01644	0.01175	0.01879	0.01057	0.00940	0.01997	0.01644	0.02584	0.01409	0.01644	0.01175	0.00587	0.00587	0.00117	0.00587	0.00470	0.00470	0.76979
19	0.01483	0.01365	0.01947	0.01745	0.01804	0.01828	0.01424	0.01703	0.01239	0.01880	0.01493	0.02312	0.01434	0.03293	0.30335	0.00734	0.42041	0.00759	0.00379	0.00801
20	0.01880	0.02115	0.04539	0.03488	0.10175	0.01994	0.58386	0.02530	0.01865	0.02545	0.01593	0.02122	0.01208	0.00672	0.00921	0.00264	0.01299	0.00914	0.00400	0.01087
21	0.00937	0.00803	0.00803	0.00803	0.01071	0.00669	0.00602	0.01138	0.01807	0.02142	0.08033	0.07632	0.66863	0.02008	0.00937	0.00268	0.00402	0.01674	0.00736	0.00669
22	0.01498	0.01409	0.02378	0.70226	0.05462	0.01762	0.02202	0.02026	0.01586	0.02026	0.01409	0.02114	0.01057	0.00793	0.00793	0.00264	0.01057	0.00705	0.00352	0.00881
23	0.01122	0.00811	0.01060	0.00998	0.01185	0.00748	0.00748	0.01496	0.02245	0.03180	0.66766	0.05923	0.07482	0.01621	0.00935	0.00249	0.00374	0.01434	0.00873	0.00748
24	0.02962	0.03779	0.02247	0.02043	0.02451	0.68948	0.01532	0.03166	0.02247	0.01941	0.01226	0.01430	0.01021	0.00817	0.00715	0.00204	0.01430	0.00511	0.00409	0.00919
25	0.02917	0.02040	0.02216	0.01724	0.02323	0.02233	0.01416	0.52004	0.08028	0.10271	0.02138	0.02098	0.01511	0.00962	0.00784	0.00238	0.00815	0.00736	0.04232	0.01314
26	0.01100	0.00810	0.01029	0.00974	0.01171	0.00739	0.00731	0.01454	0.02193	0.03056	0.59761	0.06127	0.14565	0.01667	0.00936	0.00252	0.00377	0.01463	0.00857	0.00739
27	0.02962	0.03779	0.02247	0.02043	0.02451	0.68948	0.01532	0.03166	0.02247	0.01941	0.01226	0.01430	0.01021	0.00817	0.00715	0.00204	0.01430	0.00511	0.00409	0.00919
28	0.01644	0.01409	0.01644	0.01175	0.01879	0.01057	0.00940	0.01997	0.01644	0.02584	0.01409	0.01644	0.01175	0.00587	0.00587	0.00117	0.00587	0.00470	0.00470	0.76979
29	0.01972	0.01703	0.01793	0.01614	0.02062	0.01972	0.01255	0.04214	0.65752	0.03317	0.03228	0.02959	0.02421	0.01076	0.00807	0.00269	0.00628	0.00897	0.00807	0.01255
30	0.01122	0.00811	0.01060	0.00998	0.01185	0.00748	0.00748	0.01496	0.02245	0.03180	0.66766	0.05923	0.07482	0.01621	0.00935	0.00249	0.00374	0.01434	0.00873	0.00748
31	0.01122	0.00811	0.01060	0.00998	0.01185	0.00748	0.00748	0.01496	0.02245	0.03180	0.66766	0.05923	0.07482	0.01621	0.00935	0.00249	0.00374	0.01434	0.00873	0.00748
32	0.01235	0.00882	0.01229	0.01411	0.01575	0.00876	0.01203	0.01569	0.01783	0.02325	0.04222	0.17547	0.04657	0.02231	0.01084	0.00359	0.00693	0.53667	0.00731	0.00718
33	0.01972	0.01703	0.01793	0.01614	0.02062	0.01972	0.01255	0.04214	0.65752	0.03317	0.03228	0.02959	0.02421	0.01076	0.00807	0.00269	0.00628	0.00897	0.00807	0.01255
34	0.01806	0.22617	0.37112	0.02415	0.10685	0.02220	0.07805	0.02467	0.01690	0.02345	0.01358	0.01638	0.01055	0.00720	0.00705	0.00228	0.01069	0.00586	0.00349	0.01130
35	0.01278	0.00913	0.01278	0.01460	0.01643	0.00913	0.01278	0.01643	0.01825	0.02373	0.04199	0.08945	0.04564	0.02191	0.01095	0.00365	0.00730	0.61847	0.00730	0.00730
36	0.74040	0.01524	0.01199	0.01061	0.01558	0.01748	0.00874	0.02407	0.01395	0.06753	0.01205	0.01358	0.00914	0.00748	0.00506	0.00245	0.00616	0.00448	0.00515	0.00883
37	0.01593	0.01507	0.02551	0.56821	0.18121	0.01787	0.02250	0.02110	0.01631	0.02142	0.01426	0.02083	0.01098	0.00775	0.00791	0.00258	0.01033	0.00705	0.00361	0.00958
38	0.01052	0.00819	0.01043	0.05723	0.01479	0.00791	0.00847	0.01328	0.03942	0.02162	0.07462	0.42671	0.20525	0.02151	0.00972	0.00302	0.00501	0.04816	0.00718	0.00697
39	0.71444	0.01518	0.01223	0.01074	0.01575	0.01727	0.00885	0.02461	0.01428	0.08999	0.01276	0.01408	0.00952	0.00757	0.00517	0.00245	0.00619	0.00461	0.00532	0.00900
40	0.01377	0.00689	0.01033	0.01033	0.01033	0.00689	0.00689	0.01033	0.01033	0.01377	0.01377	0.02410	0.01377	0.02755	0.03099	0.76928	0.00689	0.00689	0.00344	0.00344
41	0.03014	0.02221	0.02380	0.01825	0.02459	0.02459	0.01507	0.64541	0.03728	0.04998	0.01904	0.01904	0.01349	0.00952	0.00793	0.00238	0.00873	0.00714	0.00793	0.01349
42	0.02135	0.65751	0.07286	0.01436	0.02126	0.06321	0.01445	0.02420	0.01646	0.01902	0.01125	0.01300	0.01017	0.00689	0.00531	0.00175	0.00893	0.00436	0.00342	0.01021
43	0.01789	0.01468	0.01815	0.01305	0.02008	0.01153	0.03822	0.04281	0.01755	0.05609	0.01513	0.01723	0.01217	0.00621	0.00620	0.00134	0.00635	0.00514	0.00501	0.67514
44	0.04182	0.08983	0.44083	0.01860	0.02737	0.03845	0.02214	0.02285	0.01781	0.02578	0.13014	0.02590	0.04676	0.00948	0.00762	0.00243	0.00965	0.00755	0.00452	0.01047
45	0.01963	0.01884	0.03219	0.04867	0.67185	0.01884	0.02434	0.02434	0.01806	0.02591	0.01492	0.01963	0.01256	0.00707	0.00785	0.00236	0.00942	0.00707	0.00393	0.01256
46	0.03300	0.01374	0.01817	0.01409	0.01987	0.01236	0.01157	0.08669	0.02388	0.56905	0.08594	0.02915	0.02395	0.01035	0.00809	0.00245	0.00665	0.00846	0.00956	0.01297
47	0.02145	0.02075	0.03078	0.08291	0.45146	0.07635	0.06527	0.10393	0.02079	0.02803	0.01524	0.01932	0.01232	0.00750	0.00791	0.00237	0.01009	0.00707	0.00443	0.01203
48	0.02513	0.01788	0.05090	0.01600	0.02153	0.01796	0.01334	0.14922	0.32480	0.20159	0.03059	0.02818	0.04530	0.01049	0.00804	0.00256	0.00702	0.00853	0.00824	0.01270
49	0.01278	0.00913	0.01278	0.01460	0.01643	0.00913	0.01278	0.01643	0.01825	0.02373	0.04199	0.08945	0.04564	0.02191	0.01095	0.00365	0.00730	0.61847	0.00730	0.00730
50	0.01635	0.01395	0.01743	0.01984	0.12543	0.01493	0.01341	0.02809	0.29912	0.02776	0.03848	0.08078	0.11470	0.01446	0.00892	0.00286	0.00663	0.13941	0.00709	0.01035
51	0.02794	0.05240	0.02293	0.01702	0.02292	0.02322	0.01408	0.53515	0.06522	0.04603	0.01990	0.02016	0.01444	0.00943	0.00761	0.00232	0.00817	0.00712	0.07114	0.01278
52	0.01528	0.01452	0.02385	0.61405	0.05024	0.01848	0.02142	0.02011	0.01538	0.02011	0.01362	0.02065	0.01055	0.00870	0.01027	0.00275	0.10069	0.00703	0.00352	0.00879
53	0.00937	0.00803	0.00803	0.00803	0.01071	0.00669	0.00602	0.01138	0.01807	0.02142	0.08033	0.07632	0.66863	0.02008	0.00937	0.00268	0.00402	0.01674	0.00736	0.00669
54	0.01644	0.01409	0.01644	0.01175	0.01879	0.01057	0.00940	0.01997	0.01644	0.02584	0.01409	0.01644	0.01175	0.00587	0.00587	0.00117	0.00587	0.00470	0.00470	0.76979
55	0.00996	0.00711	0.00954	0.01138	0.01197	0.00670	0.00787	0.01155	0.01547	0.02057	0.04354	0.65672	0.05180	0.02457	0.01020	0.00326	0.00486	0.07904	0.00736	0.00652
56	0.77733	0.01534	0.01166	0.01043	0.01534	0.01779	0.00859	0.02331	0.01350	0.03558	0.01104	0.01288	0.00859	0.00736	0.00491	0.00245	0.00613	0.00429	0.00491	0.00859
57	0.01691	0.01630	0.02770	0.39412	0.25956	0.01870	0.05046	0.02177	0.01642	0.02230	0.01415	0.02032	0.01130	0.00808	0.00949	0.00262	0.06882	0.00715	0.00368	0.01015
58	0.01153	0.00769	0.00865	0.00865	0.00865	0.00769	0.00480	0.01153	0.01153	0.01538	0.02499	0.05189	0.02883	0.72131	0.04036	0.00769	0.00769	0.01153	0.00480	0.00480
59	0.03558	0.01350	0.01840	0.01411	0.02024	0.01166	0.01166	0.03865	0.02270	0.67734	0.03128	0.02699	0.01963	0.00981	0.00797	0.00245	0.00675	0.00797	0.00981	0.01350
60	0.14626	0.03662	0.56577	0.02052	0.03107	0.01831	0.02575	0.02480	0.01619	0.02690	0.01368	0.01608	0.00980	0.00750	0.00708	0.00250	0.01076	0.00559	0.00362	0.01118
61	0.07618	0.01106	0.03796	0.01252	0.01554	0.00984	0.06396	0.01694	0.02117	0.03132	0.53217	0.05051	0.06145	0.01432	0.00892	0.00251	0.00507	0.01276	0.00780	0.00801
62	0.08014	0.09361	0.51296	0.01988	0.03021	0.01876	0.02451	0.02440	0.01639	0.02551	0.01368	0.01606	0.01008	0.00731	0.00696	0.00232	0.01047	0.00549	0.00360	0.07765
63	0.01902	0.51929	0.11580	0.07211	0.02417	0.02645	0.01567	0.02251	0.01609	0.01972	0.01453	0.07546	0.01389	0.00855	0.00607	0.00201	0.00871	0.00628	0.00374	0.00992
64	0.07601	0.00987	0.01385	0.01207	0.01473	0.00944	0.06318	0.01658	0.02137	0.03156	0.55569	0.05204	0.06378	0.01464	0.00898	0.00251	0.00478	0.01306	0.00800	0.00786
65	0.01215	0.01167	0.06786	0.01198	0.01451	0.00987	0.01017	0.01617	0.02107	0.03013	0.55546	0.05201	0.06376	0.01528	0.01066	0.00258	0.06591	0.01298	0.00782	0.00794
66	0.02551	0.06544	0.02449	0.02032	0.02427	0.46250	0.06726	0.04792	0.02081	0.02092	0.01533	0.07663	0.01418	0.00997	0.00914	0.00231	0.07221	0.00717	0.00440	0.00922
67	0.02694	0.01947	0.02355	0.01827	0.02408	0.02102	0.06882	0.43473	0.06296	0.09588	0.02090	0.02183	0.01519	0.01353	0.06507	0.00328	0.00971	0.00762	0.03471	0.01244
68	0.01185	0.00848	0.00899	0.00862	0.01137	0.00721	0.00642	0.01378	0.01793	0.07830	0.07141	0.06996	0.55829	0.07789	0.01184	0.00308	0.00456	0.01553	0.00736	0.00713
69	0.00977	0.00710	0.00923	0.01070	0.01147	0.00655	0.00726	0.01141	0.01606	0.02135	0.10136	0.60511	0.10599	0.02369	0.00999	0.00311	0.00448	0.02134	0.00748	0.00655
70	0.01194	0.00822	0.00930	0.00891	0.00950	0.00793	0.00519	0.01224	0.01194	0.01625	0.02407	0.04893	0.02740	0.66142	0.03747	0.00714	0.00754	0.01096	0.00480	0.06885
71	0.01183	0.00745	0.00997	0.01130	0.01223	0.00688	0.00772	0.01335	0.01581	0.07525	0.04267	0.65845	0.04970	0.02359	0.00994	0.00316	0.00478	0.02132	0.00757	0.00703
72	0.01198	0.01110	0.06665	0.01264	0.01456	0.00903	0.00987	0.06772	0.01725	0.02325	0.03908	0.59660	0.04549	0.02205	0.00971	0.00309	0.00556	0.01980	0.00708	0.00750

[dist]
# distance from previous block
# <min> <max>
1	12

[block]
# block no. 5 follows, 24 sequences, length 12
# corresponding to MSA columns:
# 327-338
name=unknown_F
#
# <colnr> <probs for GDERKNQSTAVLIFYWHMCP>
#	G	D	E	R	K	N	Q	S	T	A	V	L	I	F	Y	W	H	M	C	P
0	0.01647	0.01407	0.02370	0.01879	0.02231	0.01472	0.17984	0.02043	0.01907	0.08090	0.27119	0.03840	0.06972	0.01283	0.01277	0.00275	0.15558	0.01103	0.00637	0.00906
1	0.01605	0.01995	0.19156	0.01476	0.02049	0.01407	0.01458	0.06932	0.14637	0.05548	0.04288	0.04388	0.24210	0.04608	0.00992	0.00286	0.00725	0.02601	0.00646	0.00993
2	0.01257	0.01114	0.01973	0.01698	0.01983	0.01044	0.17768	0.01599	0.01782	0.02425	0.16845	0.35948	0.04604	0.01801	0.00980	0.00294	0.00690	0.04735	0.00675	0.00784
3	0.01680	0.01612	0.02458	0.01873	0.02374	0.01602	0.14570	0.02039	0.01571	0.02363	0.01514	0.05604	0.01368	0.00922	0.01223	0.00222	0.19486	0.00726	0.00437	0.36355
4	0.01762	0.20642	0.02115	0.01297	0.01670	0.15833	0.01063	0.02051	0.02035	0.02468	0.29782	0.03888	0.09977	0.01235	0.00775	0.00220	0.00727	0.00991	0.00619	0.00849
5	0.01918	0.38530	0.03571	0.01757	0.02364	0.02327	0.18023	0.02307	0.01692	0.02277	0.01551	0.01861	0.01282	0.00728	0.00633	0.00199	0.00877	0.00628	0.16503	0.00972
6	0.41182	0.01332	0.01400	0.19482	0.02455	0.01554	0.01154	0.02147	0.01479	0.03021	0.01500	0.01863	0.01161	0.00791	0.00585	0.00238	0.00680	0.00569	0.16569	0.00839
7	0.41612	0.02262	0.15659	0.01510	0.02183	0.01974	0.01471	0.19008	0.02055	0.03721	0.01386	0.01535	0.01021	0.00797	0.00627	0.00245	0.00801	0.00539	0.00539	0.01056
8	0.01334	0.01070	0.01352	0.01244	0.01244	0.01286	0.00871	0.01388	0.01172	0.01653	0.02045	0.04114	0.02309	0.50100	0.03590	0.00637	0.22541	0.01010	0.00439	0.00601
9	0.17783	0.01278	0.01363	0.01284	0.01582	0.01370	0.00968	0.18331	0.02074	0.03145	0.03019	0.38065	0.03273	0.01704	0.00843	0.00283	0.00603	0.01456	0.00699	0.00878
10	0.02477	0.01329	0.01621	0.01398	0.01832	0.01326	0.01094	0.06619	0.19147	0.30716	0.03331	0.17340	0.02750	0.01321	0.00836	0.00265	0.00616	0.01126	0.03705	0.01152
11	0.22022	0.01095	0.01012	0.00925	0.01236	0.01184	0.00728	0.08047	0.01779	0.03315	0.02124	0.02408	0.01652	0.00876	0.00560	0.00206	0.00483	0.00654	0.48862	0.00830

[dist]
# distance from previous block
# <min> <max>
0	51

# created by:
# /st0/software/busco_prod/Augustus/scripts/msa2prfl.pl ./align_prep/102227.fa
