[name]
unknown

[dist]
# distance from previous block
# <min> <max>
0	16

[block]
# block no. 0 follows, 24 sequences, length 12
# corresponding to MSA columns:
# 16-27
name=unknown_A
#
# <colnr> <probs for GDERKNQSTAVLIFYWHMCP>
#	G	D	E	R	K	N	Q	S	T	A	V	L	I	F	Y	W	H	M	C	P
0	0.01374	0.01086	0.01540	0.08912	0.10130	0.01130	0.01191	0.05276	0.01644	0.02223	0.02999	0.31752	0.03331	0.10967	0.01462	0.03221	0.02807	0.05624	0.00588	0.02744
1	0.01762	0.01303	0.04117	0.04175	0.06219	0.01286	0.01135	0.08597	0.07598	0.07602	0.05980	0.07988	0.02445	0.08990	0.06943	0.00383	0.02683	0.00944	0.18933	0.00920
2	0.01433	0.01076	0.01248	0.03808	0.01543	0.01089	0.00898	0.13810	0.02053	0.02709	0.07922	0.22920	0.21726	0.06260	0.04556	0.00354	0.00643	0.01480	0.03669	0.00803
3	0.01896	0.01210	0.01485	0.01271	0.01642	0.01171	0.00980	0.04804	0.10820	0.15981	0.18320	0.11367	0.03627	0.06193	0.01119	0.00279	0.03305	0.01100	0.00757	0.12673
4	0.01334	0.00849	0.01038	0.01055	0.01234	0.00786	0.00744	0.01587	0.04211	0.09654	0.09338	0.33547	0.17685	0.11519	0.01367	0.00355	0.00514	0.01700	0.00743	0.00740
5	0.01291	0.00785	0.01012	0.01074	0.01178	0.00734	0.00722	0.01429	0.01556	0.08885	0.07559	0.44966	0.04485	0.18478	0.01689	0.00414	0.00549	0.01796	0.00711	0.00686
6	0.01079	0.00818	0.01067	0.01128	0.01233	0.00815	0.00816	0.01295	0.01719	0.02335	0.20847	0.38566	0.10943	0.04204	0.01190	0.00315	0.05307	0.04895	0.00737	0.00689
7	0.01502	0.00879	0.00918	0.00866	0.01086	0.00881	0.00650	0.07025	0.01863	0.02963	0.07972	0.03738	0.09259	0.06013	0.00884	0.00243	0.00444	0.00917	0.51130	0.00766
8	0.01004	0.00713	0.00931	0.01066	0.01124	0.00670	0.00711	0.01156	0.01566	0.02110	0.11548	0.56871	0.05261	0.09701	0.01321	0.00360	0.00482	0.02042	0.00725	0.00639
9	0.23709	0.01513	0.01638	0.01322	0.01848	0.01562	0.01082	0.16479	0.02282	0.27366	0.05487	0.02319	0.01808	0.00935	0.00698	0.00239	0.00660	0.00704	0.07218	0.01131
10	0.02597	0.01203	0.01598	0.01343	0.01750	0.01147	0.01063	0.06193	0.02005	0.38783	0.03007	0.13181	0.02442	0.05423	0.08795	0.00402	0.03347	0.01030	0.03605	0.01086
11	0.16530	0.01223	0.01402	0.01200	0.01614	0.01227	0.00956	0.02778	0.09177	0.24724	0.18602	0.03303	0.03193	0.01249	0.02784	0.00275	0.00600	0.00895	0.07245	0.01025

[dist]
# distance from previous block
# <min> <max>
7	17

[block]
# block no. 1 follows, 24 sequences, length 21
# corresponding to MSA columns:
# 46-66
name=unknown_B
#
# <colnr> <probs for GDERKNQSTAVLIFYWHMCP>
#	G	D	E	R	K	N	Q	S	T	A	V	L	I	F	Y	W	H	M	C	P
0	0.01870	0.03766	0.02315	0.19237	0.14359	0.01748	0.01686	0.08082	0.01808	0.05503	0.01784	0.02190	0.04136	0.00977	0.01101	0.03175	0.10834	0.00702	0.00467	0.14261
1	0.04828	0.02117	0.07103	0.06243	0.11239	0.09486	0.04723	0.02218	0.01525	0.02190	0.01222	0.01744	0.01075	0.01044	0.01627	0.00282	0.34330	0.00655	0.00376	0.05973
2	0.01488	0.12644	0.11974	0.01595	0.02062	0.01487	0.05265	0.02016	0.05797	0.02331	0.03174	0.14877	0.05986	0.01549	0.00885	0.00285	0.00785	0.21414	0.00586	0.03800
3	0.01377	0.00689	0.01033	0.01033	0.01033	0.00689	0.00689	0.01033	0.01033	0.01377	0.01377	0.02410	0.01377	0.02755	0.03099	0.76928	0.00689	0.00689	0.00344	0.00344
4	0.02391	0.05481	0.02115	0.01728	0.02220	0.14667	0.01366	0.17029	0.37439	0.03357	0.02467	0.02366	0.01861	0.00982	0.00773	0.00246	0.00841	0.00763	0.00708	0.01202
5	0.01995	0.01975	0.03095	0.09321	0.58537	0.06295	0.02358	0.02453	0.01819	0.02508	0.01468	0.01938	0.01226	0.00720	0.00781	0.00235	0.00982	0.00694	0.00391	0.01207
6	0.00990	0.00707	0.00944	0.01111	0.01172	0.00662	0.00759	0.01153	0.01581	0.02119	0.08727	0.64502	0.05374	0.02412	0.01010	0.00319	0.00465	0.04591	0.00745	0.00655
7	0.01059	0.00900	0.00926	0.00917	0.01191	0.00819	0.00687	0.01493	0.09217	0.02271	0.07234	0.11301	0.55321	0.01931	0.00927	0.00271	0.00432	0.01622	0.00745	0.00736
8	0.00976	0.00698	0.00929	0.01097	0.01152	0.00651	0.00737	0.01130	0.01566	0.02100	0.08478	0.67289	0.05392	0.02428	0.01007	0.00317	0.00454	0.02200	0.00745	0.00651
9	0.01972	0.01703	0.01793	0.01614	0.02062	0.01972	0.01255	0.04214	0.65752	0.03317	0.03228	0.02959	0.02421	0.01076	0.00807	0.00269	0.00628	0.00897	0.00807	0.01255
10	0.01723	0.01754	0.02769	0.02262	0.02417	0.02264	0.13096	0.01993	0.01338	0.02019	0.01210	0.01893	0.01128	0.01535	0.06356	0.00389	0.53848	0.00748	0.00362	0.00895
11	0.01771	0.01840	0.03015	0.02410	0.02619	0.02319	0.18025	0.02073	0.01386	0.02073	0.01188	0.01840	0.01083	0.01201	0.02168	0.00326	0.52627	0.00757	0.00361	0.00920
12	0.01377	0.00689	0.01033	0.01033	0.01033	0.00689	0.00689	0.01033	0.01033	0.01377	0.01377	0.02410	0.01377	0.02755	0.03099	0.76928	0.00689	0.00689	0.00344	0.00344
13	0.01644	0.01409	0.01644	0.01175	0.01879	0.01057	0.00940	0.01997	0.01644	0.02584	0.01409	0.01644	0.01175	0.00587	0.00587	0.00117	0.00587	0.00470	0.00470	0.76979
14	0.02128	0.02537	0.13109	0.04958	0.11596	0.10916	0.17686	0.10323	0.13234	0.02876	0.01823	0.02063	0.01380	0.00816	0.00814	0.00249	0.01083	0.00754	0.00507	0.01150
15	0.01972	0.01703	0.01793	0.01614	0.02062	0.01972	0.01255	0.04214	0.65752	0.03317	0.03228	0.02959	0.02421	0.01076	0.00807	0.00269	0.00628	0.00897	0.00807	0.01255
16	0.01140	0.00763	0.00869	0.00882	0.00885	0.00760	0.00499	0.01150	0.01179	0.01572	0.02631	0.09905	0.03051	0.67187	0.03821	0.00737	0.00747	0.01231	0.00499	0.00492
17	0.01478	0.00739	0.00739	0.00739	0.00924	0.00739	0.00554	0.01848	0.01663	0.02956	0.02587	0.02956	0.02033	0.00924	0.00554	0.00185	0.00370	0.00739	0.76534	0.00739
18	0.09330	0.01780	0.01963	0.01694	0.04607	0.01924	0.01320	0.36171	0.07089	0.08761	0.02670	0.07599	0.05874	0.01175	0.00808	0.00256	0.00755	0.04299	0.00754	0.01169
19	0.01309	0.00980	0.01333	0.01533	0.05522	0.00966	0.01172	0.04373	0.01907	0.02516	0.10541	0.16621	0.09875	0.02013	0.01022	0.00326	0.00648	0.35842	0.00728	0.00775
20	0.01639	0.07812	0.60268	0.02281	0.03401	0.01925	0.06887	0.02506	0.01684	0.02477	0.01417	0.01682	0.01018	0.00744	0.00752	0.00248	0.01165	0.00600	0.00339	0.01157

[dist]
# distance from previous block
# <min> <max>
2	4

[block]
# block no. 2 follows, 24 sequences, length 49
# corresponding to MSA columns:
# 72-120
name=unknown_C
#
# <colnr> <probs for GDERKNQSTAVLIFYWHMCP>
#	G	D	E	R	K	N	Q	S	T	A	V	L	I	F	Y	W	H	M	C	P
0	0.01810	0.04955	0.05885	0.02395	0.11413	0.02106	0.07960	0.02473	0.12125	0.02410	0.01664	0.02081	0.01390	0.01070	0.01540	0.00285	0.30359	0.00740	0.06321	0.01018
1	0.02304	0.01750	0.05865	0.01498	0.02118	0.01568	0.01269	0.15981	0.13991	0.15048	0.02320	0.05854	0.01790	0.00937	0.00742	0.00213	0.00700	0.00762	0.00699	0.24590
2	0.02522	0.06658	0.02717	0.02646	0.15216	0.40369	0.06551	0.02900	0.04668	0.02166	0.01372	0.01663	0.01140	0.00822	0.00854	0.00225	0.05479	0.00605	0.00414	0.01013
3	0.01043	0.00787	0.00897	0.00910	0.01051	0.00739	0.00622	0.01188	0.01530	0.01952	0.08357	0.11777	0.30047	0.26034	0.09127	0.00546	0.00709	0.01450	0.00625	0.00612
4	0.02774	0.11651	0.02619	0.01965	0.06322	0.10783	0.01534	0.41890	0.06249	0.03973	0.01755	0.01818	0.01312	0.00890	0.00746	0.00226	0.00931	0.00659	0.00662	0.01241
5	0.01313	0.01047	0.01555	0.01446	0.01647	0.01210	0.04021	0.04300	0.04393	0.02079	0.02094	0.02950	0.01898	0.05062	0.56834	0.01096	0.04974	0.00843	0.00454	0.00784
6	0.01377	0.00689	0.01033	0.01033	0.01033	0.00689	0.00689	0.01033	0.01033	0.01377	0.01377	0.02410	0.01377	0.02755	0.03099	0.76928	0.00689	0.00689	0.00344	0.00344
7	0.02038	0.01689	0.01795	0.01605	0.02060	0.01939	0.01251	0.04199	0.63107	0.06002	0.03223	0.02948	0.02402	0.01072	0.00806	0.00268	0.00630	0.00892	0.00814	0.01259
8	0.00969	0.00705	0.00915	0.01073	0.01144	0.00650	0.00724	0.01122	0.01571	0.02077	0.06980	0.63354	0.10975	0.02409	0.01002	0.00314	0.00452	0.02171	0.00741	0.00650
9	0.01735	0.01735	0.02429	0.02082	0.02082	0.02429	0.01735	0.01908	0.01214	0.01908	0.01041	0.01735	0.01041	0.01388	0.02602	0.00347	0.70680	0.00694	0.00347	0.00867
10	0.77733	0.01534	0.01166	0.01043	0.01534	0.01779	0.00859	0.02331	0.01350	0.03558	0.01104	0.01288	0.00859	0.00736	0.00491	0.00245	0.00613	0.00429	0.00491	0.00859
11	0.00996	0.00703	0.00911	0.01066	0.01105	0.00664	0.00695	0.01112	0.01460	0.01947	0.04073	0.61051	0.04869	0.13560	0.01493	0.00393	0.00509	0.02079	0.00695	0.00618
12	0.01377	0.00689	0.01033	0.01033	0.01033	0.00689	0.00689	0.01033	0.01033	0.01377	0.01377	0.02410	0.01377	0.02755	0.03099	0.76928	0.00689	0.00689	0.00344	0.00344
13	0.01686	0.01447	0.01663	0.01230	0.01903	0.01174	0.00980	0.02279	0.09804	0.02677	0.01641	0.01812	0.01333	0.00649	0.00615	0.00137	0.00592	0.00524	0.00513	0.67341
14	0.02427	0.47558	0.03461	0.01607	0.02187	0.27089	0.01421	0.02663	0.01843	0.01893	0.01147	0.01330	0.01019	0.00729	0.00584	0.00182	0.01060	0.00456	0.00364	0.00982
15	0.05616	0.01947	0.02523	0.03299	0.36657	0.08805	0.01846	0.10357	0.05412	0.02882	0.04352	0.05289	0.05658	0.00954	0.00790	0.00241	0.00880	0.00832	0.00523	0.01135
16	0.72001	0.01519	0.01218	0.01071	0.01571	0.01732	0.00882	0.02450	0.01421	0.08517	0.01261	0.01397	0.00944	0.00755	0.00514	0.00245	0.00618	0.00458	0.00529	0.00897
17	0.02025	0.10994	0.05707	0.01658	0.02131	0.20784	0.06663	0.04881	0.02033	0.05366	0.06572	0.03835	0.16545	0.01224	0.00811	0.00242	0.00931	0.06120	0.00564	0.00914
18	0.01862	0.23190	0.12590	0.05058	0.02192	0.01828	0.01478	0.04813	0.01758	0.08974	0.02323	0.09182	0.02242	0.08277	0.01092	0.00302	0.00832	0.10519	0.00535	0.00951
19	0.01478	0.00739	0.00739	0.00739	0.00924	0.00739	0.00554	0.01848	0.01663	0.02956	0.02587	0.02956	0.02033	0.00924	0.00554	0.00185	0.00370	0.00739	0.76534	0.00739
20	0.02926	0.06702	0.02328	0.02014	0.02434	0.66154	0.01525	0.03133	0.02220	0.01938	0.01221	0.01423	0.01021	0.00811	0.00706	0.00203	0.01405	0.00507	0.00406	0.00923
21	0.02841	0.02139	0.02238	0.01747	0.02345	0.05176	0.01427	0.51279	0.06694	0.06827	0.04653	0.02122	0.01659	0.00966	0.00788	0.00234	0.00845	0.00737	0.00773	0.04511
22	0.02966	0.02197	0.02353	0.01815	0.02441	0.02437	0.01496	0.61744	0.06604	0.04920	0.01965	0.01953	0.01398	0.00958	0.00794	0.00239	0.00861	0.00722	0.00794	0.01344
23	0.01377	0.00689	0.01033	0.01033	0.01033	0.00689	0.00689	0.01033	0.01033	0.01377	0.01377	0.02410	0.01377	0.02755	0.03099	0.76928	0.00689	0.00689	0.00344	0.00344
24	0.01822	0.01702	0.02390	0.02152	0.06026	0.02234	0.01691	0.02033	0.01330	0.04891	0.01188	0.01784	0.01105	0.01267	0.02257	0.00318	0.57947	0.00682	0.00387	0.06794
25	0.01153	0.00769	0.00865	0.00865	0.00865	0.00769	0.00480	0.01153	0.01153	0.01538	0.02499	0.05189	0.02883	0.72131	0.04036	0.00769	0.00769	0.01153	0.00480	0.00480
26	0.02862	0.12008	0.02475	0.01961	0.02402	0.61080	0.01511	0.03072	0.02171	0.01932	0.01211	0.01411	0.01021	0.00801	0.00690	0.00200	0.01360	0.00500	0.00400	0.00931
27	0.02638	0.01984	0.09809	0.01639	0.02271	0.01750	0.01477	0.29791	0.02761	0.19940	0.05414	0.02936	0.04957	0.01074	0.00812	0.00246	0.00794	0.04506	0.00769	0.04430
28	0.02710	0.02065	0.02274	0.07072	0.02620	0.02318	0.01516	0.48845	0.14733	0.04465	0.02104	0.02110	0.01519	0.00962	0.00796	0.00246	0.00843	0.00746	0.00762	0.01296
29	0.01436	0.02276	0.25185	0.02131	0.02779	0.01440	0.19310	0.01993	0.01671	0.02337	0.02576	0.27951	0.02645	0.01377	0.00901	0.00282	0.00952	0.01308	0.00503	0.00946
30	0.00937	0.00803	0.00803	0.00803	0.01071	0.00669	0.00602	0.01138	0.01807	0.02142	0.08033	0.07632	0.66863	0.02008	0.00937	0.00268	0.00402	0.01674	0.00736	0.00669
31	0.01839	0.03322	0.45112	0.02554	0.06498	0.01823	0.16503	0.02630	0.01775	0.08086	0.01612	0.01879	0.01143	0.00752	0.00800	0.00254	0.01156	0.00688	0.00408	0.01168
32	0.02120	0.72609	0.04155	0.01357	0.02035	0.03138	0.01357	0.02374	0.01611	0.01866	0.01102	0.01272	0.01018	0.00678	0.00509	0.00170	0.00848	0.00424	0.00339	0.01018
33	0.00965	0.00696	0.00914	0.01088	0.01146	0.00645	0.00729	0.01106	0.01533	0.02030	0.04562	0.68279	0.08456	0.02460	0.01008	0.00319	0.00457	0.02224	0.00736	0.00645
34	0.01047	0.00794	0.01073	0.01322	0.05197	0.00744	0.00864	0.01231	0.01597	0.02101	0.04652	0.54328	0.12850	0.02292	0.00995	0.00313	0.00503	0.06691	0.00715	0.00691
35	0.01644	0.01409	0.01644	0.01175	0.01879	0.01057	0.00940	0.01997	0.01644	0.02584	0.01409	0.01644	0.01175	0.00587	0.00587	0.00117	0.00587	0.00470	0.00470	0.76979
36	0.01937	0.48975	0.26189	0.01668	0.02517	0.02691	0.01900	0.02422	0.01633	0.02088	0.01213	0.01411	0.01013	0.00704	0.00593	0.00198	0.00960	0.00480	0.00338	0.01071
37	0.01261	0.00901	0.01259	0.01441	0.01617	0.00898	0.01249	0.01614	0.01809	0.02355	0.04208	0.12276	0.04600	0.02206	0.01091	0.00363	0.00716	0.58679	0.00731	0.00726
38	0.01991	0.07040	0.19914	0.09483	0.27682	0.12849	0.05055	0.02536	0.01814	0.02366	0.01404	0.01781	0.01117	0.00741	0.00756	0.00235	0.01103	0.00636	0.00374	0.01122
39	0.01916	0.01813	0.02941	0.06668	0.55018	0.01854	0.02226	0.02599	0.09640	0.02646	0.01898	0.02261	0.03364	0.00794	0.00793	0.00242	0.00891	0.00759	0.00452	0.01225
40	0.02056	0.01437	0.01656	0.01397	0.01726	0.01563	0.01079	0.30403	0.02412	0.03286	0.05399	0.02862	0.02003	0.11677	0.11362	0.13597	0.00961	0.00828	0.03386	0.00913
41	0.01377	0.00689	0.01033	0.01033	0.01033	0.00689	0.00689	0.01033	0.01033	0.01377	0.01377	0.02410	0.01377	0.02755	0.03099	0.76928	0.00689	0.00689	0.00344	0.00344
42	0.01644	0.01409	0.01644	0.01175	0.01879	0.01057	0.00940	0.01997	0.01644	0.02584	0.01409	0.01644	0.01175	0.00587	0.00587	0.00117	0.00587	0.00470	0.00470	0.76979
43	0.02248	0.62131	0.03865	0.01461	0.02099	0.13156	0.01384	0.02495	0.01708	0.01877	0.01121	0.01296	0.01018	0.00700	0.00540	0.00175	0.00937	0.00437	0.00350	0.01003
44	0.00966	0.00690	0.00920	0.01104	0.01150	0.00644	0.00736	0.01104	0.01518	0.02024	0.04371	0.71614	0.05245	0.02484	0.01012	0.00322	0.00460	0.02254	0.00736	0.00644
45	0.01036	0.00781	0.01065	0.04108	0.04048	0.00750	0.00846	0.01202	0.01537	0.02034	0.04305	0.58101	0.09244	0.05566	0.01130	0.00333	0.00515	0.02032	0.00694	0.00674
46	0.02114	0.05554	0.09091	0.02932	0.20851	0.05724	0.09435	0.13062	0.04848	0.02821	0.01527	0.01886	0.01229	0.00899	0.01133	0.00259	0.14324	0.00706	0.00464	0.01138
47	0.01834	0.01535	0.01813	0.01433	0.05053	0.01275	0.01083	0.09978	0.01917	0.02892	0.01476	0.01692	0.01201	0.00639	0.00623	0.00138	0.00640	0.00512	0.00507	0.63759
48	0.18819	0.01842	0.04826	0.01518	0.02052	0.04566	0.01273	0.16303	0.16759	0.15210	0.02380	0.05576	0.01837	0.01029	0.00745	0.00255	0.00739	0.02402	0.00723	0.01146

[dist]
# distance from previous block
# <min> <max>
2	5

[block]
# block no. 3 follows, 24 sequences, length 52
# corresponding to MSA columns:
# 126-177
name=unknown_D
#
# <colnr> <probs for GDERKNQSTAVLIFYWHMCP>
#	G	D	E	R	K	N	Q	S	T	A	V	L	I	F	Y	W	H	M	C	P
0	0.12436	0.02334	0.17267	0.02374	0.13208	0.01920	0.06737	0.16951	0.02193	0.06568	0.05785	0.02087	0.01589	0.00880	0.00847	0.00250	0.04174	0.00712	0.00546	0.01144
1	0.01141	0.00764	0.00868	0.00880	0.00883	0.00761	0.00497	0.01150	0.01177	0.01569	0.02619	0.09458	0.03035	0.67656	0.03842	0.00740	0.00749	0.01224	0.00497	0.00491
2	0.01377	0.00689	0.01033	0.01033	0.01033	0.00689	0.00689	0.01033	0.01033	0.01377	0.01377	0.02410	0.01377	0.02755	0.03099	0.76928	0.00689	0.00689	0.00344	0.00344
3	0.02048	0.01997	0.03217	0.04527	0.58089	0.04893	0.05673	0.05196	0.01913	0.02665	0.01504	0.01946	0.01247	0.00720	0.00790	0.00236	0.00982	0.00710	0.00411	0.01235
4	0.01314	0.01116	0.01621	0.01517	0.01616	0.01423	0.01215	0.01564	0.01256	0.01861	0.01799	0.02701	0.01700	0.04578	0.49046	0.00996	0.22718	0.00803	0.00401	0.00756
5	0.01590	0.04102	0.68023	0.02260	0.03432	0.01842	0.02930	0.02511	0.01674	0.02511	0.01423	0.01674	0.01005	0.00753	0.00753	0.00251	0.01172	0.00586	0.00335	0.01172
6	0.01377	0.00689	0.01033	0.01033	0.01033	0.00689	0.00689	0.01033	0.01033	0.01377	0.01377	0.02410	0.01377	0.02755	0.03099	0.76928	0.00689	0.00689	0.00344	0.00344
7	0.01825	0.01860	0.05315	0.02263	0.05598	0.04478	0.14817	0.07497	0.07844	0.02524	0.01967	0.06973	0.01791	0.01537	0.06292	0.00365	0.21012	0.04559	0.00497	0.00986
8	0.01963	0.01884	0.03219	0.04867	0.67185	0.01884	0.02434	0.02434	0.01806	0.02591	0.01492	0.01963	0.01256	0.00707	0.00785	0.00236	0.00942	0.00707	0.00393	0.01256
9	0.01735	0.01735	0.02429	0.02082	0.02082	0.02429	0.01735	0.01908	0.01214	0.01908	0.01041	0.01735	0.01041	0.01388	0.02602	0.00347	0.70680	0.00694	0.00347	0.00867
10	0.77733	0.01534	0.01166	0.01043	0.01534	0.01779	0.00859	0.02331	0.01350	0.03558	0.01104	0.01288	0.00859	0.00736	0.00491	0.00245	0.00613	0.00429	0.00491	0.00859
11	0.01972	0.01703	0.01793	0.01614	0.02062	0.01972	0.01255	0.04214	0.65752	0.03317	0.03228	0.02959	0.02421	0.01076	0.00807	0.00269	0.00628	0.00897	0.00807	0.01255
12	0.01478	0.00739	0.00739	0.00739	0.00924	0.00739	0.00554	0.01848	0.01663	0.02956	0.02587	0.02956	0.02033	0.00924	0.00554	0.00185	0.00370	0.00739	0.76534	0.00739
13	0.03558	0.01350	0.01840	0.01411	0.02024	0.01166	0.01166	0.03865	0.02270	0.67734	0.03128	0.02699	0.01963	0.00981	0.00797	0.00245	0.00675	0.00797	0.00981	0.01350
14	0.03558	0.01350	0.01840	0.01411	0.02024	0.01166	0.01166	0.03865	0.02270	0.67734	0.03128	0.02699	0.01963	0.00981	0.00797	0.00245	0.00675	0.00797	0.00981	0.01350
15	0.01866	0.02103	0.10617	0.08427	0.35740	0.01924	0.09131	0.02655	0.10940	0.02606	0.01717	0.02091	0.01363	0.00801	0.00894	0.00253	0.04507	0.00744	0.00441	0.01179
16	0.02991	0.07316	0.05975	0.01463	0.02056	0.01431	0.01273	0.09014	0.02235	0.45496	0.02881	0.09899	0.02126	0.01103	0.00794	0.00247	0.00714	0.00904	0.00846	0.01235
17	0.01866	0.11480	0.46755	0.01940	0.02926	0.01824	0.02344	0.02578	0.01746	0.10474	0.01912	0.02038	0.04282	0.00827	0.00733	0.00237	0.01014	0.00641	0.00439	0.03943
18	0.03081	0.07717	0.02386	0.01681	0.02313	0.02183	0.01408	0.43958	0.03183	0.20802	0.02152	0.02056	0.01479	0.00937	0.00771	0.00234	0.00820	0.00712	0.00805	0.01322
19	0.00985	0.00704	0.00942	0.01126	0.01180	0.00660	0.00769	0.01137	0.01537	0.02045	0.04360	0.67830	0.05204	0.02467	0.01017	0.00325	0.00476	0.05852	0.00736	0.00649
20	0.02885	0.10092	0.02422	0.01980	0.02413	0.62912	0.01516	0.03094	0.02189	0.01934	0.01214	0.01416	0.01021	0.00804	0.00696	0.00201	0.01377	0.00503	0.00402	0.00928
21	0.02962	0.02195	0.02350	0.01814	0.02439	0.02434	0.01494	0.61486	0.06869	0.04913	0.01971	0.01957	0.01403	0.00958	0.00794	0.00240	0.00860	0.00723	0.00794	0.01344
22	0.01801	0.02632	0.20583	0.03071	0.03966	0.01964	0.48895	0.02533	0.01822	0.02533	0.01559	0.02022	0.01153	0.00690	0.00890	0.00263	0.01295	0.00848	0.00384	0.01095
23	0.01735	0.01735	0.02429	0.02082	0.02082	0.02429	0.01735	0.01908	0.01214	0.01908	0.01041	0.01735	0.01041	0.01388	0.02602	0.00347	0.70680	0.00694	0.00347	0.00867
24	0.01963	0.01884	0.03219	0.04867	0.67185	0.01884	0.02434	0.02434	0.01806	0.02591	0.01492	0.01963	0.01256	0.00707	0.00785	0.00236	0.00942	0.00707	0.00393	0.01256
25	0.01133	0.00850	0.01274	0.01274	0.01416	0.00991	0.00991	0.01416	0.01274	0.01841	0.02124	0.03115	0.01982	0.05947	0.68989	0.01274	0.02124	0.00850	0.00425	0.00708
26	0.01153	0.00769	0.00865	0.00865	0.00865	0.00769	0.00480	0.01153	0.01153	0.01538	0.02499	0.05189	0.02883	0.72131	0.04036	0.00769	0.00769	0.01153	0.00480	0.00480
27	0.18448	0.05029	0.02195	0.01654	0.02250	0.05508	0.01368	0.46200	0.03079	0.04426	0.01673	0.01728	0.01218	0.00890	0.00715	0.00235	0.00844	0.00634	0.00694	0.01213
28	0.01963	0.01884	0.03219	0.04867	0.67185	0.01884	0.02434	0.02434	0.01806	0.02591	0.01492	0.01963	0.01256	0.00707	0.00785	0.00236	0.00942	0.00707	0.00393	0.01256
29	0.03427	0.01321	0.01798	0.01389	0.01979	0.01143	0.01143	0.03737	0.02268	0.64270	0.06544	0.02872	0.02259	0.01016	0.00805	0.00246	0.00659	0.00832	0.00976	0.01317
30	0.00966	0.00690	0.00920	0.01104	0.01150	0.00644	0.00736	0.01104	0.01518	0.02024	0.04371	0.71614	0.05245	0.02484	0.01012	0.00322	0.00460	0.02254	0.00736	0.00644
31	0.01681	0.07344	0.61838	0.02207	0.03319	0.05114	0.02788	0.02536	0.01699	0.02453	0.01398	0.01643	0.01006	0.00753	0.00740	0.00245	0.01169	0.00575	0.00339	0.01153
32	0.00975	0.00694	0.00918	0.01093	0.01137	0.00650	0.00724	0.01106	0.01501	0.02002	0.04283	0.68509	0.05134	0.05740	0.01154	0.00343	0.00474	0.02203	0.00724	0.00636
33	0.01133	0.00850	0.01274	0.01274	0.01416	0.00991	0.00991	0.01416	0.01274	0.01841	0.02124	0.03115	0.01982	0.05947	0.68989	0.01274	0.02124	0.00850	0.00425	0.00708
34	0.01771	0.01794	0.02752	0.02480	0.08339	0.02331	0.08746	0.02027	0.01342	0.02042	0.01145	0.01801	0.01079	0.01245	0.02249	0.00328	0.56524	0.00722	0.00357	0.00926
35	0.01930	0.01818	0.02979	0.04371	0.57379	0.01846	0.02258	0.02576	0.08298	0.02654	0.01800	0.02404	0.01536	0.00816	0.00802	0.00245	0.00900	0.03706	0.00451	0.01230
36	0.01064	0.00758	0.00995	0.01083	0.01183	0.00715	0.00770	0.01286	0.01745	0.02381	0.24006	0.38378	0.05669	0.08667	0.01278	0.00345	0.00488	0.07764	0.00755	0.00670
37	0.02174	0.68185	0.04033	0.01401	0.02062	0.07367	0.01368	0.02425	0.01652	0.01870	0.01110	0.01282	0.01018	0.00687	0.00522	0.00172	0.00885	0.00430	0.00344	0.01011
38	0.00979	0.00699	0.00934	0.01118	0.01170	0.00655	0.00758	0.01126	0.01530	0.02038	0.04364	0.69121	0.05218	0.02473	0.01015	0.00324	0.00471	0.04625	0.00736	0.00648
39	0.02433	0.43323	0.03347	0.01596	0.02193	0.18856	0.01414	0.10813	0.05168	0.02366	0.01341	0.01475	0.01130	0.00767	0.00610	0.00192	0.00981	0.00506	0.00438	0.01049
40	0.41917	0.01824	0.01746	0.04669	0.02119	0.02071	0.01202	0.29118	0.02386	0.04105	0.01463	0.01593	0.01079	0.00832	0.00635	0.00243	0.00746	0.00565	0.00614	0.01071
41	0.01359	0.00950	0.01156	0.01119	0.01371	0.00909	0.00866	0.01877	0.09137	0.07471	0.29070	0.11930	0.18979	0.01744	0.00937	0.00276	0.00481	0.08733	0.00814	0.00820
42	0.00983	0.00702	0.00939	0.01123	0.01177	0.00659	0.00765	0.01133	0.01535	0.02043	0.04361	0.68251	0.05208	0.02469	0.01017	0.00324	0.00475	0.05453	0.00736	0.00649
43	0.01847	0.01852	0.04819	0.14903	0.30184	0.03995	0.07881	0.04477	0.10609	0.02598	0.02098	0.05415	0.03964	0.00908	0.00816	0.00253	0.00936	0.00848	0.00482	0.01114
44	0.01978	0.01869	0.03134	0.08689	0.60814	0.01900	0.02382	0.04946	0.01871	0.02655	0.01503	0.01969	0.01248	0.00722	0.00786	0.00237	0.00946	0.00707	0.00406	0.01237
45	0.02000	0.01221	0.01351	0.01178	0.01424	0.04100	0.00834	0.10212	0.01845	0.16669	0.05197	0.06524	0.02671	0.38462	0.02510	0.00521	0.00764	0.01041	0.00654	0.00823
46	0.15518	0.17012	0.02758	0.01885	0.02423	0.32512	0.09267	0.05721	0.01988	0.02425	0.01260	0.01485	0.01031	0.00763	0.00666	0.00214	0.01134	0.00542	0.00426	0.00968
47	0.00937	0.00803	0.00803	0.00803	0.01071	0.00669	0.00602	0.01138	0.01807	0.02142	0.08033	0.07632	0.66863	0.02008	0.00937	0.00268	0.00402	0.01674	0.00736	0.00669
48	0.01268	0.01054	0.01143	0.01075	0.01335	0.03330	0.00814	0.01880	0.12136	0.02856	0.37363	0.05793	0.23706	0.01619	0.00908	0.00256	0.00459	0.01386	0.00806	0.00811
49	0.01644	0.01409	0.01644	0.01175	0.01879	0.01057	0.00940	0.01997	0.01644	0.02584	0.01409	0.01644	0.01175	0.00587	0.00587	0.00117	0.00587	0.00470	0.00470	0.76979
50	0.07525	0.02022	0.02180	0.01687	0.02292	0.02203	0.01391	0.51409	0.03337	0.11918	0.02021	0.01999	0.01416	0.00941	0.00766	0.00237	0.00814	0.00707	0.03839	0.01295
51	0.01859	0.15631	0.39367	0.02143	0.05262	0.04588	0.06292	0.02611	0.04533	0.04821	0.01514	0.01727	0.01135	0.00750	0.00718	0.00230	0.01057	0.00597	0.00396	0.04769

[dist]
# distance from previous block
# <min> <max>
0	2

[block]
# block no. 4 follows, 24 sequences, length 27
# corresponding to MSA columns:
# 180-206
name=unknown_E
#
# <colnr> <probs for GDERKNQSTAVLIFYWHMCP>
#	G	D	E	R	K	N	Q	S	T	A	V	L	I	F	Y	W	H	M	C	P
0	0.01340	0.01157	0.01442	0.01373	0.01546	0.05889	0.01067	0.01600	0.01353	0.01880	0.01948	0.02891	0.01831	0.07754	0.52163	0.01038	0.07673	0.00805	0.00422	0.04828
1	0.01134	0.00845	0.01254	0.01254	0.01388	0.00980	0.00965	0.01403	0.01268	0.01825	0.02143	0.03221	0.02028	0.09327	0.65672	0.01249	0.02055	0.00865	0.00428	0.00696
2	0.02271	0.01957	0.02698	0.02754	0.19357	0.05224	0.10701	0.16411	0.15800	0.06708	0.02214	0.02650	0.01755	0.00949	0.00830	0.00255	0.00913	0.04726	0.00623	0.01204
3	0.01132	0.00801	0.00954	0.01019	0.01070	0.00801	0.00643	0.01348	0.05854	0.01868	0.03341	0.33089	0.03848	0.37713	0.02532	0.00545	0.00628	0.01600	0.00611	0.00604
4	0.06409	0.23027	0.11789	0.01663	0.02365	0.02412	0.01585	0.26528	0.05987	0.08424	0.01728	0.01774	0.01285	0.00842	0.00690	0.00222	0.00864	0.00613	0.00597	0.01197
5	0.01971	0.18981	0.09237	0.02401	0.06331	0.02220	0.22288	0.02422	0.01675	0.06825	0.01498	0.01899	0.01208	0.01084	0.04414	0.00302	0.13073	0.00715	0.00413	0.01043
6	0.00958	0.00792	0.00840	0.00853	0.01090	0.00674	0.00630	0.01168	0.01819	0.02228	0.13214	0.14119	0.54837	0.02021	0.00945	0.00272	0.00405	0.01711	0.00749	0.00674
7	0.01630	0.03843	0.60006	0.02475	0.06789	0.01856	0.07417	0.02509	0.01696	0.02518	0.01440	0.01723	0.01032	0.00745	0.00768	0.00252	0.01172	0.00618	0.00343	0.01169
8	0.41191	0.04513	0.21208	0.01550	0.02256	0.01768	0.04116	0.02472	0.01561	0.07619	0.01497	0.01871	0.01161	0.00818	0.00635	0.00251	0.00825	0.03213	0.00481	0.00994
9	0.05116	0.01319	0.01593	0.01306	0.01756	0.01291	0.01048	0.13192	0.05718	0.27843	0.20713	0.03606	0.05555	0.01182	0.00816	0.00244	0.00594	0.00979	0.05025	0.01104
10	0.00953	0.00800	0.00830	0.00850	0.01100	0.00678	0.00639	0.01156	0.01790	0.02144	0.07640	0.11818	0.60340	0.02046	0.00949	0.00275	0.00419	0.04168	0.00736	0.00670
11	0.01569	0.07648	0.29139	0.01791	0.02497	0.01603	0.06193	0.05585	0.04478	0.02722	0.15351	0.05697	0.06980	0.01154	0.00827	0.00255	0.00864	0.04086	0.00552	0.01008
12	0.12218	0.03012	0.02208	0.04480	0.07000	0.41972	0.01531	0.13561	0.02336	0.02720	0.01353	0.01556	0.01075	0.00822	0.00708	0.00220	0.01184	0.00556	0.00482	0.01008
13	0.01699	0.01064	0.01245	0.01118	0.01306	0.01081	0.00772	0.11540	0.01773	0.09520	0.06034	0.08632	0.02898	0.41798	0.05648	0.00592	0.00793	0.01117	0.00621	0.00749
14	0.01135	0.00840	0.01224	0.01224	0.01348	0.00964	0.00929	0.01384	0.01260	0.01804	0.02170	0.03369	0.02093	0.14058	0.61029	0.01212	0.01958	0.00887	0.00432	0.00680
15	0.51491	0.01685	0.01645	0.05070	0.06174	0.01941	0.01192	0.13690	0.01820	0.03599	0.01288	0.01509	0.00993	0.00809	0.00684	0.00249	0.04132	0.00527	0.00526	0.00976
16	0.01677	0.00936	0.01224	0.01081	0.01372	0.00840	0.00835	0.02024	0.02221	0.18144	0.47931	0.05289	0.10255	0.01499	0.00903	0.00250	0.00446	0.01302	0.00889	0.00883
17	0.01965	0.01847	0.02923	0.04191	0.53656	0.01902	0.02189	0.02803	0.15091	0.02742	0.01852	0.02170	0.01498	0.00783	0.00790	0.00242	0.00877	0.00746	0.00479	0.01256
18	0.01568	0.01326	0.01561	0.01160	0.01790	0.01011	0.00915	0.01906	0.01666	0.02573	0.04965	0.07008	0.01796	0.00780	0.00636	0.00139	0.00567	0.00650	0.00510	0.67473
19	0.01963	0.01884	0.03219	0.04867	0.67185	0.01884	0.02434	0.02434	0.01806	0.02591	0.01492	0.01963	0.01256	0.00707	0.00785	0.00236	0.00942	0.00707	0.00393	0.01256
20	0.00939	0.00795	0.00812	0.00825	0.01077	0.00668	0.00612	0.01136	0.01786	0.02134	0.07764	0.12337	0.62332	0.02043	0.00943	0.00272	0.00406	0.01716	0.00736	0.00668
21	0.01872	0.02139	0.04679	0.03342	0.04144	0.02005	0.64305	0.02540	0.01872	0.02540	0.01604	0.02139	0.01203	0.00668	0.00936	0.00267	0.01337	0.00936	0.00401	0.01070
22	0.01478	0.00739	0.00739	0.00739	0.00924	0.00739	0.00554	0.01848	0.01663	0.02956	0.02587	0.02956	0.02033	0.00924	0.00554	0.00185	0.00370	0.00739	0.76534	0.00739
23	0.05247	0.01133	0.01212	0.01115	0.01389	0.05296	0.00845	0.01953	0.05497	0.09409	0.36641	0.07836	0.14462	0.03303	0.00960	0.00266	0.00516	0.01294	0.00796	0.00830
24	0.01676	0.01547	0.02149	0.01822	0.01980	0.01919	0.04490	0.05243	0.01469	0.02168	0.01648	0.06144	0.01679	0.08948	0.02208	0.00358	0.41454	0.03984	0.00441	0.08670
25	0.05666	0.01720	0.08086	0.01497	0.04064	0.01373	0.01255	0.08309	0.01812	0.02781	0.01714	0.08433	0.01548	0.00879	0.00777	0.00185	0.04513	0.00696	0.00507	0.44186
26	0.09736	0.02169	0.06633	0.05157	0.11446	0.05655	0.04402	0.28719	0.05749	0.09852	0.01851	0.01960	0.01342	0.00867	0.00764	0.00242	0.00904	0.00693	0.00642	0.01218

[dist]
# distance from previous block
# <min> <max>
2	6

[block]
# block no. 5 follows, 24 sequences, length 24
# corresponding to MSA columns:
# 213-236
name=unknown_F
#
# <colnr> <probs for GDERKNQSTAVLIFYWHMCP>
#	G	D	E	R	K	N	Q	S	T	A	V	L	I	F	Y	W	H	M	C	P
0	0.04496	0.18810	0.20525	0.02277	0.05640	0.05381	0.13544	0.06634	0.02013	0.05187	0.02093	0.02390	0.05375	0.00971	0.00832	0.00273	0.01084	0.00766	0.00519	0.01190
1	0.01504	0.01123	0.05262	0.01129	0.01396	0.00947	0.00889	0.01843	0.04203	0.10384	0.22652	0.04617	0.06333	0.24043	0.07338	0.00492	0.00743	0.01125	0.00672	0.03305
2	0.01872	0.02139	0.04679	0.03342	0.04144	0.02005	0.64305	0.02540	0.01872	0.02540	0.01604	0.02139	0.01203	0.00668	0.00936	0.00267	0.01337	0.00936	0.00401	0.01070
3	0.01579	0.01291	0.01499	0.01308	0.01677	0.03586	0.04941	0.04436	0.17218	0.06744	0.15776	0.05158	0.28614	0.01493	0.00884	0.00260	0.00580	0.01273	0.00761	0.00922
4	0.00975	0.00697	0.00928	0.01098	0.01152	0.00650	0.00737	0.01126	0.01559	0.02088	0.07835	0.67966	0.05369	0.02436	0.01008	0.00318	0.00455	0.02209	0.00744	0.00650
5	0.77733	0.01534	0.01166	0.01043	0.01534	0.01779	0.00859	0.02331	0.01350	0.03558	0.01104	0.01288	0.00859	0.00736	0.00491	0.00245	0.00613	0.00429	0.00491	0.00859
6	0.01872	0.02139	0.04679	0.03342	0.04144	0.02005	0.64305	0.02540	0.01872	0.02540	0.01604	0.02139	0.01203	0.00668	0.00936	0.00267	0.01337	0.00936	0.00401	0.01070
7	0.00937	0.00803	0.00803	0.00803	0.01071	0.00669	0.00602	0.01138	0.01807	0.02142	0.08033	0.07632	0.66863	0.02008	0.00937	0.00268	0.00402	0.01674	0.00736	0.00669
8	0.01590	0.04102	0.68023	0.02260	0.03432	0.01842	0.02930	0.02511	0.01674	0.02511	0.01423	0.01674	0.01005	0.00753	0.00753	0.00251	0.01172	0.00586	0.00335	0.01172
9	0.00939	0.00796	0.00811	0.00823	0.01076	0.00668	0.00611	0.01136	0.01789	0.02135	0.07795	0.11796	0.62853	0.02039	0.00942	0.00271	0.00405	0.01711	0.00736	0.00668
10	0.01478	0.00739	0.00739	0.00739	0.00924	0.00739	0.00554	0.01848	0.01663	0.02956	0.02587	0.02956	0.02033	0.00924	0.00554	0.00185	0.00370	0.00739	0.76534	0.00739
11	0.01147	0.00777	0.00905	0.00892	0.00931	0.00765	0.00536	0.01224	0.01378	0.01876	0.15738	0.05341	0.03830	0.57606	0.03397	0.00662	0.00687	0.01211	0.00561	0.00536
12	0.02492	0.35106	0.03127	0.01687	0.02230	0.26191	0.01445	0.09366	0.04765	0.02290	0.01319	0.01484	0.01115	0.00800	0.00704	0.00200	0.03706	0.00516	0.00432	0.01023
13	0.02477	0.01795	0.02338	0.09690	0.15829	0.01860	0.01631	0.27229	0.02582	0.12428	0.01971	0.04628	0.01509	0.00904	0.00777	0.00231	0.00832	0.00753	0.00651	0.09886
14	0.02175	0.47092	0.11227	0.01740	0.02483	0.02684	0.09366	0.06548	0.01829	0.06272	0.01378	0.01554	0.01119	0.00722	0.00626	0.00200	0.00937	0.00548	0.00415	0.01084
15	0.01153	0.00769	0.00865	0.00865	0.00865	0.00769	0.00480	0.01153	0.01153	0.01538	0.02499	0.05189	0.02883	0.72131	0.04036	0.00769	0.00769	0.01153	0.00480	0.00480
16	0.02237	0.01991	0.03129	0.02535	0.07104	0.04500	0.26681	0.09980	0.20659	0.09320	0.02234	0.02367	0.01642	0.00856	0.00851	0.00258	0.00994	0.00856	0.00618	0.01187
17	0.01009	0.00736	0.00966	0.01109	0.01197	0.00670	0.00749	0.01161	0.01526	0.02060	0.04182	0.67154	0.04985	0.02363	0.00985	0.00309	0.00468	0.02141	0.00719	0.05509
18	0.01431	0.04449	0.01577	0.01403	0.01687	0.01159	0.05108	0.02025	0.11806	0.05164	0.06999	0.22063	0.12398	0.01818	0.00951	0.00301	0.00630	0.17463	0.00722	0.00845
19	0.05758	0.61187	0.03791	0.01423	0.02061	0.10814	0.01354	0.02466	0.01674	0.01954	0.01117	0.01291	0.01011	0.00697	0.00532	0.00177	0.00905	0.00434	0.00354	0.00999
20	0.01478	0.00739	0.00739	0.00739	0.00924	0.00739	0.00554	0.01848	0.01663	0.02956	0.02587	0.02956	0.02033	0.00924	0.00554	0.00185	0.00370	0.00739	0.76534	0.00739
21	0.01570	0.06743	0.59167	0.02106	0.03167	0.01797	0.02663	0.02413	0.01724	0.02545	0.07375	0.02045	0.01596	0.00829	0.00759	0.00247	0.01085	0.00656	0.00384	0.01127
22	0.01874	0.01964	0.07028	0.09381	0.49835	0.01945	0.02353	0.02337	0.01702	0.02451	0.01421	0.01926	0.01197	0.00807	0.01026	0.00254	0.10253	0.00697	0.00380	0.01170
23	0.02108	0.05609	0.10082	0.04751	0.05194	0.06908	0.08918	0.14716	0.08154	0.02865	0.01598	0.01898	0.01263	0.00943	0.01172	0.00257	0.16337	0.00693	0.00497	0.06036

[dist]
# distance from previous block
# <min> <max>
3	17

[block]
# block no. 6 follows, 24 sequences, length 20
# corresponding to MSA columns:
# 254-273
name=unknown_G
#
# <colnr> <probs for GDERKNQSTAVLIFYWHMCP>
#	G	D	E	R	K	N	Q	S	T	A	V	L	I	F	Y	W	H	M	C	P
0	0.02118	0.28364	0.02961	0.05689	0.04209	0.11252	0.04499	0.04413	0.05990	0.05466	0.06247	0.04215	0.01785	0.00955	0.00899	0.00229	0.08525	0.00703	0.00481	0.01000
1	0.12631	0.02187	0.06617	0.02843	0.26219	0.10976	0.01804	0.09064	0.08489	0.06119	0.01806	0.02195	0.01450	0.00865	0.00749	0.00243	0.00918	0.03152	0.00530	0.01143
2	0.10529	0.01578	0.02089	0.03970	0.05351	0.01715	0.06466	0.09304	0.10826	0.11038	0.07205	0.02431	0.01943	0.01117	0.01175	0.05212	0.10596	0.00774	0.00612	0.06067
3	0.09144	0.01838	0.02009	0.05528	0.02326	0.02000	0.01330	0.35222	0.11452	0.03926	0.01890	0.02010	0.01416	0.01023	0.00905	0.05608	0.00780	0.00682	0.00673	0.10238
4	0.63790	0.01872	0.10245	0.01226	0.01815	0.01757	0.01154	0.02431	0.01439	0.06565	0.01247	0.01410	0.00933	0.00750	0.00541	0.00246	0.00692	0.00469	0.00494	0.00925
5	0.01124	0.00778	0.00973	0.00997	0.01038	0.00807	0.00640	0.01212	0.01231	0.01676	0.02653	0.13422	0.02972	0.46634	0.19663	0.00835	0.01063	0.01223	0.00500	0.00558
6	0.02419	0.01803	0.02135	0.04216	0.08847	0.01964	0.01471	0.32093	0.13740	0.07969	0.02560	0.02796	0.04924	0.01373	0.05259	0.00319	0.00883	0.03299	0.00723	0.01208
7	0.01139	0.00821	0.01083	0.01046	0.01233	0.00765	0.00804	0.01512	0.02201	0.03096	0.60218	0.06240	0.07177	0.01681	0.00952	0.00262	0.00411	0.07757	0.00858	0.00746
8	0.01478	0.00739	0.00739	0.00739	0.00924	0.00739	0.00554	0.01848	0.01663	0.02956	0.02587	0.02956	0.02033	0.00924	0.00554	0.00185	0.00370	0.00739	0.76534	0.00739
9	0.02254	0.55319	0.03784	0.01556	0.02181	0.09839	0.03958	0.04728	0.01767	0.03805	0.01217	0.01404	0.01064	0.00738	0.00648	0.00189	0.03657	0.00485	0.00383	0.01025
10	0.01796	0.01953	0.11105	0.01847	0.02277	0.01855	0.04445	0.06104	0.01625	0.04472	0.01522	0.05785	0.01367	0.01096	0.01519	0.00263	0.30252	0.00730	0.00449	0.19540
11	0.06241	0.31294	0.03012	0.01624	0.02202	0.12556	0.01416	0.21216	0.02335	0.05469	0.01438	0.01566	0.01148	0.00833	0.00743	0.00211	0.04525	0.00553	0.00519	0.01100
12	0.01232	0.00977	0.01227	0.01341	0.04992	0.00949	0.00981	0.01739	0.08557	0.02593	0.20425	0.11219	0.22408	0.01822	0.00959	0.00289	0.00532	0.16205	0.00757	0.00795
13	0.01578	0.01373	0.01769	0.01318	0.01950	0.01073	0.05358	0.01926	0.01645	0.02513	0.01782	0.10171	0.01671	0.00823	0.00663	0.00153	0.00624	0.00719	0.00497	0.62392
14	0.01109	0.00810	0.01041	0.00984	0.01176	0.00743	0.00738	0.01471	0.02213	0.03105	0.62520	0.06047	0.11775	0.01649	0.00935	0.00251	0.00376	0.01451	0.00863	0.00743
15	0.01217	0.00946	0.01360	0.01323	0.01445	0.01127	0.01033	0.01487	0.01365	0.02006	0.06332	0.07573	0.02431	0.04591	0.48012	0.00970	0.10713	0.00953	0.04389	0.00729
16	0.01133	0.00850	0.01274	0.01274	0.01416	0.00991	0.00991	0.01416	0.01274	0.01841	0.02124	0.03115	0.01982	0.05947	0.68989	0.01274	0.02124	0.00850	0.00425	0.00708
17	0.01644	0.01409	0.01644	0.01175	0.01879	0.01057	0.00940	0.01997	0.01644	0.02584	0.01409	0.01644	0.01175	0.00587	0.00587	0.00117	0.00587	0.00470	0.00470	0.76979
18	0.01585	0.01344	0.01572	0.01187	0.01808	0.01053	0.00932	0.02000	0.04533	0.02556	0.01815	0.09338	0.01675	0.00816	0.00644	0.00147	0.00575	0.00684	0.00514	0.65222
19	0.01380	0.01042	0.01454	0.01335	0.01607	0.00994	0.05449	0.01861	0.08528	0.05836	0.14486	0.32598	0.04247	0.02003	0.05310	0.00336	0.00658	0.01521	0.00709	0.08646

[dist]
# distance from previous block
# <min> <max>
0	16

# created by:
# /st0/software/busco_prod/Augustus/scripts/msa2prfl.pl ./align_prep/102373.fa
