[name]
unknown

[dist]
# distance from previous block
# <min> <max>
7	63

[block]
# block no. 0 follows, 25 sequences, length 117
# corresponding to MSA columns:
# 67-183
name=unknown_A
#
# <colnr> <probs for GDERKNQSTAVLIFYWHMCP>
#	G	D	E	R	K	N	Q	S	T	A	V	L	I	F	Y	W	H	M	C	P
0	0.05816	0.04872	0.07436	0.22396	0.07239	0.13823	0.01715	0.07244	0.07474	0.08567	0.01722	0.01980	0.01285	0.00822	0.00724	0.00234	0.00957	0.00649	0.04024	0.01018
1	0.01500	0.06969	0.15806	0.04834	0.01905	0.01314	0.01298	0.02137	0.08165	0.02550	0.02287	0.08044	0.01936	0.01358	0.05968	0.00299	0.00764	0.00809	0.31174	0.00882
2	0.02118	0.08084	0.04749	0.01694	0.05046	0.01763	0.03867	0.27626	0.02457	0.06916	0.04969	0.19213	0.02518	0.04208	0.00942	0.00270	0.00752	0.01091	0.00672	0.01043
3	0.08466	0.28562	0.15160	0.04772	0.07792	0.02210	0.07433	0.05255	0.01724	0.05571	0.01531	0.05509	0.01305	0.00812	0.00664	0.00219	0.00898	0.00653	0.00426	0.01038
4	0.02182	0.17930	0.18944	0.05207	0.02678	0.22806	0.04288	0.07444	0.04049	0.02304	0.01410	0.01720	0.01147	0.03735	0.00821	0.00236	0.01101	0.00579	0.00409	0.01009
5	0.02041	0.68989	0.08014	0.01381	0.02073	0.02991	0.01421	0.02330	0.01579	0.01863	0.01097	0.01268	0.00994	0.00668	0.00512	0.00171	0.00849	0.00424	0.00331	0.01004
6	0.01116	0.00750	0.00865	0.00876	0.00885	0.00753	0.00506	0.01135	0.01154	0.01545	0.02540	0.09094	0.02924	0.65693	0.06477	0.00745	0.00788	0.01181	0.00483	0.00489
7	0.17732	0.01904	0.12844	0.01584	0.04657	0.01591	0.01391	0.06020	0.16324	0.11654	0.02357	0.05462	0.04252	0.00952	0.00708	0.00238	0.00710	0.00754	0.00617	0.08248
8	0.01695	0.01456	0.01647	0.01265	0.01886	0.01277	0.01003	0.02543	0.19290	0.02722	0.01862	0.01958	0.01480	0.00704	0.00633	0.00155	0.00585	0.00573	0.00549	0.56714
9	0.02947	0.02172	0.02327	0.01784	0.02404	0.02404	0.01474	0.65329	0.03646	0.04887	0.01862	0.01862	0.01319	0.00931	0.00776	0.00233	0.00853	0.00698	0.00776	0.01319
10	0.01873	0.01951	0.05469	0.03930	0.47068	0.04600	0.09545	0.02451	0.05742	0.02514	0.01964	0.02316	0.05451	0.00795	0.00792	0.00237	0.00943	0.00776	0.00429	0.01154
11	0.00945	0.00675	0.00900	0.01080	0.01125	0.00630	0.00720	0.01080	0.01484	0.01979	0.04274	0.72245	0.05128	0.02429	0.00990	0.00315	0.00450	0.02204	0.00720	0.00630
12	0.78228	0.01499	0.01140	0.01020	0.01499	0.01739	0.00840	0.02279	0.01320	0.03479	0.01080	0.01260	0.00840	0.00720	0.00480	0.00240	0.00600	0.00420	0.00480	0.00840
13	0.01929	0.01666	0.01753	0.01578	0.02016	0.01929	0.01227	0.04120	0.66513	0.03243	0.03156	0.02893	0.02367	0.01052	0.00789	0.00263	0.00614	0.00877	0.00789	0.01227
14	0.01901	0.01824	0.03114	0.07399	0.65416	0.01837	0.02371	0.02364	0.01757	0.02511	0.01455	0.01925	0.01220	0.00694	0.00768	0.00231	0.00926	0.00691	0.00382	0.01214
15	0.01673	0.16947	0.52901	0.02184	0.06673	0.02042	0.02548	0.02426	0.01633	0.02341	0.01336	0.01578	0.00998	0.00720	0.00693	0.00230	0.01074	0.00550	0.00331	0.01122
16	0.01110	0.00823	0.01205	0.01205	0.01329	0.00947	0.00918	0.01358	0.01234	0.01770	0.02114	0.03253	0.02028	0.12662	0.62954	0.01196	0.01941	0.00861	0.00421	0.00670
17	0.01347	0.00673	0.01010	0.01010	0.01010	0.00673	0.00673	0.01010	0.01010	0.01347	0.01347	0.02357	0.01347	0.02694	0.03030	0.77441	0.00673	0.00673	0.00337	0.00337
18	0.01857	0.44338	0.31049	0.01695	0.02560	0.02539	0.01969	0.02378	0.01601	0.02088	0.01209	0.01408	0.00990	0.00694	0.00597	0.00199	0.00961	0.00481	0.00330	0.01058
19	0.05659	0.42960	0.16657	0.01567	0.02301	0.05330	0.01629	0.08778	0.01836	0.05088	0.01307	0.01450	0.01056	0.00725	0.00593	0.00197	0.00901	0.00494	0.00411	0.01060
20	0.03092	0.01327	0.01739	0.01370	0.01915	0.01210	0.01118	0.06105	0.07221	0.54073	0.09664	0.02952	0.02486	0.01030	0.00794	0.00242	0.00634	0.00848	0.00928	0.01252
21	0.01108	0.00831	0.01246	0.01246	0.01385	0.00969	0.00969	0.01385	0.01246	0.01800	0.02077	0.03046	0.01938	0.05815	0.69678	0.01246	0.02077	0.00831	0.00415	0.00692
22	0.01856	0.02101	0.07888	0.03246	0.14789	0.01905	0.42241	0.05081	0.05003	0.02619	0.01728	0.02326	0.01367	0.00754	0.00873	0.00258	0.01155	0.03286	0.00434	0.01090
23	0.01677	0.01608	0.02768	0.39389	0.32766	0.01784	0.04547	0.02174	0.01655	0.02242	0.01420	0.02003	0.01124	0.00734	0.00777	0.00246	0.00994	0.00698	0.00364	0.01029
24	0.01555	0.04011	0.68733	0.02210	0.03356	0.01801	0.02865	0.02455	0.01637	0.02455	0.01391	0.01637	0.00982	0.00737	0.00737	0.00246	0.01146	0.00573	0.00327	0.01146
25	0.00945	0.00675	0.00900	0.01080	0.01125	0.00630	0.00720	0.01080	0.01484	0.01979	0.04274	0.72245	0.05128	0.02429	0.00990	0.00315	0.00450	0.02204	0.00720	0.00630
26	0.01724	0.09468	0.34483	0.02597	0.03539	0.01987	0.30232	0.02456	0.01717	0.02410	0.01441	0.01802	0.01069	0.00693	0.00794	0.00245	0.01188	0.00710	0.00356	0.01088
27	0.02026	0.01709	0.01750	0.01558	0.01992	0.05102	0.01213	0.05718	0.54655	0.06210	0.06950	0.02955	0.02551	0.01064	0.00791	0.00257	0.00646	0.00881	0.00782	0.01188
28	0.01123	0.00768	0.00931	0.00931	0.00960	0.00798	0.00576	0.01182	0.01153	0.01566	0.02365	0.04644	0.02632	0.58554	0.17888	0.00857	0.01033	0.01065	0.00458	0.00517
29	0.01872	0.01922	0.05923	0.12840	0.50351	0.03758	0.02266	0.02476	0.06356	0.02491	0.01559	0.01980	0.01266	0.00733	0.00767	0.00236	0.00938	0.00693	0.00405	0.01168
30	0.02054	0.70694	0.06421	0.01359	0.02040	0.03022	0.01383	0.02327	0.01578	0.01847	0.01089	0.01258	0.00995	0.00666	0.00506	0.00169	0.00841	0.00420	0.00332	0.01001
31	0.00916	0.00785	0.00785	0.00785	0.01047	0.00655	0.00589	0.01113	0.01767	0.02095	0.07855	0.07462	0.67599	0.01964	0.00916	0.00262	0.00393	0.01636	0.00720	0.00655
32	0.78228	0.01499	0.01140	0.01020	0.01499	0.01739	0.00840	0.02279	0.01320	0.03479	0.01080	0.01260	0.00840	0.00720	0.00480	0.00240	0.00600	0.00420	0.00480	0.00840
33	0.02073	0.73217	0.04063	0.01327	0.01990	0.03068	0.01327	0.02322	0.01575	0.01824	0.01078	0.01244	0.00995	0.00663	0.00498	0.00166	0.00829	0.00415	0.00332	0.00995
34	0.01204	0.00816	0.01071	0.00994	0.01195	0.00750	0.00750	0.01567	0.02196	0.06047	0.64607	0.05650	0.07073	0.01557	0.00908	0.00244	0.00379	0.01374	0.00858	0.00758
35	0.78228	0.01499	0.01140	0.01020	0.01499	0.01739	0.00840	0.02279	0.01320	0.03479	0.01080	0.01260	0.00840	0.00720	0.00480	0.00240	0.00600	0.00420	0.00480	0.00840
36	0.01555	0.04011	0.68733	0.02210	0.03356	0.01801	0.02865	0.02455	0.01637	0.02455	0.01391	0.01637	0.00982	0.00737	0.00737	0.00246	0.01146	0.00573	0.00327	0.01146
37	0.00916	0.00785	0.00785	0.00785	0.01047	0.00655	0.00589	0.01113	0.01767	0.02095	0.07855	0.07462	0.67599	0.01964	0.00916	0.00262	0.00393	0.01636	0.00720	0.00655
38	0.01347	0.00673	0.01010	0.01010	0.01010	0.00673	0.00673	0.01010	0.01010	0.01347	0.01347	0.02357	0.01347	0.02694	0.03030	0.77441	0.00673	0.00673	0.00337	0.00337
39	0.01128	0.00752	0.00846	0.00846	0.00846	0.00752	0.00470	0.01128	0.01128	0.01503	0.02443	0.05074	0.02819	0.72751	0.03946	0.00752	0.00752	0.01128	0.00470	0.00470
40	0.78228	0.01499	0.01140	0.01020	0.01499	0.01739	0.00840	0.02279	0.01320	0.03479	0.01080	0.01260	0.00840	0.00720	0.00480	0.00240	0.00600	0.00420	0.00480	0.00840
41	0.01555	0.04011	0.68733	0.02210	0.03356	0.01801	0.02865	0.02455	0.01637	0.02455	0.01391	0.01637	0.00982	0.00737	0.00737	0.00246	0.01146	0.00573	0.00327	0.01146
42	0.07695	0.03810	0.63320	0.02115	0.03207	0.01796	0.02703	0.02441	0.01612	0.02537	0.01366	0.01607	0.00971	0.00735	0.00716	0.00245	0.01102	0.00561	0.00340	0.01121
43	0.02947	0.02172	0.02327	0.01784	0.02404	0.02404	0.01474	0.65329	0.03646	0.04887	0.01862	0.01862	0.01319	0.00931	0.00776	0.00233	0.00853	0.00698	0.00776	0.01319
44	0.01249	0.00892	0.01249	0.01428	0.01606	0.00892	0.01249	0.01606	0.01785	0.02320	0.04105	0.08746	0.04462	0.02142	0.01071	0.00357	0.00714	0.62695	0.00714	0.00714
45	0.05980	0.15207	0.05746	0.01835	0.04958	0.14106	0.01514	0.22140	0.06292	0.06423	0.01596	0.01721	0.01231	0.00876	0.00851	0.00227	0.07034	0.00606	0.00551	0.01106
46	0.01464	0.01378	0.02326	0.70887	0.05340	0.01723	0.02153	0.01981	0.01550	0.01981	0.01378	0.02067	0.01034	0.00775	0.00775	0.00258	0.01034	0.00689	0.00345	0.00861
47	0.01094	0.00795	0.01031	0.00981	0.01168	0.00733	0.00742	0.01451	0.02161	0.03035	0.62557	0.05969	0.10133	0.01622	0.00920	0.00248	0.00378	0.03413	0.00843	0.00727
48	0.00942	0.00717	0.00868	0.00976	0.01100	0.00643	0.00676	0.01108	0.01612	0.02070	0.08378	0.47412	0.26236	0.02234	0.00962	0.00294	0.00427	0.01976	0.00726	0.00643
49	0.03948	0.01480	0.02476	0.48109	0.16720	0.01737	0.04406	0.02040	0.01558	0.02120	0.01376	0.02012	0.01082	0.00855	0.00932	0.03416	0.03772	0.00688	0.00357	0.00915
50	0.01347	0.00673	0.01010	0.01010	0.01010	0.00673	0.00673	0.01010	0.01010	0.01347	0.01347	0.02357	0.01347	0.02694	0.03030	0.77441	0.00673	0.00673	0.00337	0.00337
51	0.01174	0.00846	0.01159	0.01327	0.01486	0.00830	0.01114	0.01481	0.01728	0.02244	0.04344	0.20503	0.08083	0.02186	0.01047	0.00344	0.00647	0.48046	0.00715	0.00695
52	0.01815	0.34416	0.28091	0.02077	0.09740	0.02331	0.03896	0.02348	0.01652	0.02210	0.03947	0.01675	0.01278	0.00731	0.00646	0.00209	0.00953	0.00559	0.00359	0.01068
53	0.02082	0.01916	0.05248	0.03873	0.49221	0.04069	0.02113	0.02748	0.09770	0.08599	0.01801	0.02076	0.01414	0.00765	0.00768	0.00235	0.00884	0.00711	0.00484	0.01222
54	0.02512	0.01896	0.11195	0.02170	0.06060	0.01506	0.18537	0.05450	0.02053	0.31328	0.04404	0.02676	0.01828	0.00908	0.00827	0.00251	0.00910	0.03641	0.00675	0.01173
55	0.05146	0.02229	0.02748	0.03700	0.44434	0.16251	0.02023	0.05846	0.05521	0.02595	0.01503	0.01834	0.01232	0.00747	0.00743	0.00226	0.00989	0.00650	0.00433	0.01148
56	0.00968	0.00816	0.00843	0.00843	0.01096	0.00709	0.00629	0.01250	0.04422	0.02181	0.10146	0.10787	0.58759	0.01935	0.00915	0.00264	0.00404	0.01626	0.00729	0.00680
57	0.01791	0.01544	0.01703	0.01244	0.01916	0.03712	0.00997	0.08426	0.01836	0.02743	0.01421	0.01626	0.01160	0.00619	0.00599	0.00130	0.00633	0.00485	0.00489	0.66926
58	0.01649	0.07213	0.46723	0.05522	0.08037	0.01914	0.06373	0.02479	0.04950	0.02418	0.01462	0.01751	0.01088	0.00772	0.00828	0.00247	0.04478	0.00620	0.00361	0.01114
59	0.02584	0.25046	0.02753	0.01756	0.02248	0.42197	0.01428	0.05403	0.05992	0.02076	0.01307	0.01460	0.01094	0.00778	0.00645	0.00194	0.01152	0.00504	0.00417	0.00965
60	0.03249	0.01347	0.01768	0.01375	0.01951	0.01208	0.01130	0.06795	0.04767	0.58988	0.03267	0.02876	0.05543	0.01017	0.00787	0.00242	0.00653	0.00827	0.00930	0.01279
61	0.03324	0.01449	0.01865	0.01443	0.02036	0.01346	0.01188	0.11729	0.05963	0.56650	0.02910	0.02553	0.01867	0.00961	0.00780	0.00240	0.00682	0.00775	0.00926	0.01314
62	0.00940	0.00786	0.00818	0.00810	0.01062	0.00665	0.00608	0.01159	0.01823	0.02227	0.15656	0.07244	0.59716	0.01914	0.00916	0.00259	0.00389	0.01606	0.00737	0.00665
63	0.00945	0.00675	0.00900	0.01080	0.01125	0.00630	0.00720	0.01080	0.01484	0.01979	0.04274	0.72245	0.05128	0.02429	0.00990	0.00315	0.00450	0.02204	0.00720	0.00630
64	0.02073	0.73217	0.04063	0.01327	0.01990	0.03068	0.01327	0.02322	0.01575	0.01824	0.01078	0.01244	0.00995	0.00663	0.00498	0.00166	0.00829	0.00415	0.00332	0.00995
65	0.00916	0.00785	0.00785	0.00785	0.01047	0.00655	0.00589	0.01113	0.01767	0.02095	0.07855	0.07462	0.67599	0.01964	0.00916	0.00262	0.00393	0.01636	0.00720	0.00655
66	0.78228	0.01499	0.01140	0.01020	0.01499	0.01739	0.00840	0.02279	0.01320	0.03479	0.01080	0.01260	0.00840	0.00720	0.00480	0.00240	0.00600	0.00420	0.00480	0.00840
67	0.02129	0.01801	0.01888	0.01709	0.02154	0.02021	0.01307	0.04179	0.64274	0.03396	0.03307	0.03148	0.02528	0.01186	0.00877	0.00302	0.00687	0.00936	0.00850	0.01324
68	0.78228	0.01499	0.01140	0.01020	0.01499	0.01739	0.00840	0.02279	0.01320	0.03479	0.01080	0.01260	0.00840	0.00720	0.00480	0.00240	0.00600	0.00420	0.00480	0.00840
69	0.02896	0.03695	0.02197	0.01998	0.02397	0.69638	0.01498	0.03096	0.02197	0.01898	0.01199	0.01398	0.00999	0.00799	0.00699	0.00200	0.01398	0.00499	0.00400	0.00899
70	0.75274	0.01492	0.01166	0.01034	0.01518	0.01716	0.00852	0.02338	0.01355	0.06046	0.01158	0.01314	0.00882	0.00729	0.00492	0.00240	0.00602	0.00434	0.00499	0.00859
71	0.02319	0.01068	0.01447	0.01252	0.01638	0.00957	0.01014	0.02638	0.02111	0.36051	0.22322	0.08028	0.04051	0.01393	0.00873	0.00262	0.00570	0.10104	0.00880	0.01022
72	0.01113	0.00746	0.00850	0.00864	0.00868	0.00742	0.00490	0.01124	0.01156	0.01542	0.02590	0.10474	0.03005	0.67097	0.03709	0.00717	0.00727	0.01214	0.00490	0.00483
73	0.00945	0.00675	0.00900	0.01080	0.01125	0.00630	0.00720	0.01080	0.01484	0.01979	0.04274	0.72245	0.05128	0.02429	0.00990	0.00315	0.00450	0.02204	0.00720	0.00630
74	0.01075	0.00787	0.01008	0.00963	0.01147	0.00720	0.00718	0.01416	0.02127	0.02971	0.59486	0.08685	0.12694	0.01654	0.00918	0.00248	0.00372	0.01457	0.00836	0.00720
75	0.01668	0.03711	0.61245	0.05675	0.03373	0.01756	0.02723	0.02512	0.01668	0.06463	0.01493	0.01720	0.01042	0.00752	0.00741	0.00246	0.01110	0.00592	0.00367	0.01142
76	0.00967	0.00691	0.00926	0.01106	0.01161	0.00649	0.00759	0.01119	0.01507	0.02005	0.04261	0.67489	0.05078	0.02408	0.00996	0.00318	0.00470	0.06735	0.00719	0.00636
77	0.03479	0.01320	0.01799	0.01380	0.01979	0.01140	0.01140	0.03779	0.02219	0.68451	0.03059	0.02639	0.01919	0.00960	0.00780	0.00240	0.00660	0.00780	0.00960	0.01320
78	0.01896	0.02166	0.10345	0.12091	0.48483	0.06773	0.02343	0.02393	0.01757	0.02413	0.01422	0.01867	0.01161	0.00714	0.00760	0.00233	0.00995	0.00663	0.00374	0.01152
79	0.01804	0.01826	0.05230	0.02224	0.05898	0.02206	0.07566	0.07075	0.01516	0.02276	0.01249	0.01814	0.01114	0.01174	0.01983	0.00306	0.49023	0.00700	0.04085	0.00931
80	0.78228	0.01499	0.01140	0.01020	0.01499	0.01739	0.00840	0.02279	0.01320	0.03479	0.01080	0.01260	0.00840	0.00720	0.00480	0.00240	0.00600	0.00420	0.00480	0.00840
81	0.01118	0.00791	0.01044	0.01044	0.01112	0.00859	0.00717	0.01255	0.01186	0.01650	0.02262	0.04070	0.02383	0.39611	0.36490	0.00996	0.01408	0.00981	0.00443	0.00580
82	0.01897	0.04559	0.02393	0.22055	0.18770	0.01911	0.01802	0.10410	0.19560	0.02820	0.02040	0.02471	0.01617	0.00901	0.00778	0.00250	0.00849	0.03269	0.00542	0.01104
83	0.02898	0.03645	0.02202	0.01990	0.02397	0.67413	0.01497	0.05156	0.02245	0.01997	0.01220	0.01414	0.01009	0.00803	0.00702	0.00201	0.01380	0.00506	0.00412	0.00913
84	0.00945	0.00675	0.00900	0.01080	0.01125	0.00630	0.00720	0.01080	0.01484	0.01979	0.04274	0.72245	0.05128	0.02429	0.00990	0.00315	0.00450	0.02204	0.00720	0.00630
85	0.01860	0.01588	0.01703	0.01563	0.01975	0.01824	0.01229	0.03867	0.60001	0.03151	0.03251	0.03482	0.02578	0.01162	0.00817	0.00272	0.00624	0.07096	0.00781	0.01176
86	0.75862	0.01494	0.01160	0.01031	0.01515	0.01720	0.00849	0.02327	0.01348	0.05535	0.01142	0.01303	0.00874	0.00727	0.00489	0.00240	0.00602	0.00431	0.00495	0.00855
87	0.00954	0.00790	0.00838	0.00836	0.01084	0.00674	0.00634	0.01181	0.01829	0.02247	0.16175	0.07273	0.56714	0.01917	0.00922	0.00263	0.00401	0.03863	0.00739	0.00668
88	0.02073	0.73217	0.04063	0.01327	0.01990	0.03068	0.01327	0.02322	0.01575	0.01824	0.01078	0.01244	0.00995	0.00663	0.00498	0.00166	0.00829	0.00415	0.00332	0.00995
89	0.01108	0.00831	0.01246	0.01246	0.01385	0.00969	0.00969	0.01385	0.01246	0.01800	0.02077	0.03046	0.01938	0.05815	0.69678	0.01246	0.02077	0.00831	0.00415	0.00692
90	0.02947	0.02172	0.02327	0.01784	0.02404	0.02404	0.01474	0.65329	0.03646	0.04887	0.01862	0.01862	0.01319	0.00931	0.00776	0.00233	0.00853	0.00698	0.00776	0.01319
91	0.02185	0.01700	0.05940	0.01695	0.08016	0.04090	0.01291	0.07622	0.04917	0.17267	0.02031	0.05848	0.01600	0.00842	0.00701	0.00192	0.00710	0.00695	0.00608	0.32049
92	0.03223	0.01389	0.01806	0.01407	0.01979	0.01278	0.01154	0.09050	0.06270	0.55775	0.06072	0.02739	0.02155	0.00993	0.00786	0.00241	0.00660	0.00809	0.00928	0.01285
93	0.06381	0.02063	0.02225	0.01712	0.02325	0.02258	0.01414	0.56833	0.03410	0.10669	0.01937	0.01906	0.01352	0.00924	0.00763	0.00234	0.00824	0.00693	0.00779	0.01297
94	0.01069	0.00786	0.01000	0.00957	0.01143	0.00718	0.00714	0.01403	0.02111	0.02935	0.57432	0.09056	0.14449	0.01669	0.00918	0.00249	0.00373	0.01467	0.00831	0.00718
95	0.01622	0.07092	0.57492	0.02426	0.08788	0.01872	0.05234	0.02444	0.01653	0.02433	0.01389	0.01660	0.01011	0.00726	0.00735	0.00241	0.01118	0.00589	0.00335	0.01142
96	0.00945	0.00675	0.00900	0.01080	0.01125	0.00630	0.00720	0.01080	0.01484	0.01979	0.04274	0.72245	0.05128	0.02429	0.00990	0.00315	0.00450	0.02204	0.00720	0.00630
97	0.03153	0.01476	0.01851	0.01459	0.02034	0.01418	0.01193	0.10831	0.13385	0.50068	0.02939	0.02594	0.01928	0.00972	0.00781	0.00243	0.00674	0.00787	0.00910	0.01304
98	0.01616	0.01543	0.02581	0.40184	0.15945	0.01770	0.07957	0.02258	0.07283	0.02284	0.04522	0.02265	0.01480	0.00836	0.00876	0.00257	0.04196	0.00759	0.00417	0.00971
99	0.02732	0.03081	0.02251	0.01943	0.02371	0.46860	0.03993	0.15258	0.02391	0.02562	0.01404	0.01608	0.01121	0.00852	0.00804	0.00214	0.04610	0.00575	0.04395	0.00976
100	0.01033	0.00790	0.00947	0.00907	0.01119	0.00704	0.00681	0.01338	0.02042	0.02746	0.46150	0.06390	0.28898	0.01721	0.00915	0.00250	0.00375	0.01486	0.00806	0.00704
101	0.00945	0.00675	0.00900	0.01080	0.01125	0.00630	0.00720	0.01080	0.01484	0.01979	0.04274	0.72245	0.05128	0.02429	0.00990	0.00315	0.00450	0.02204	0.00720	0.00630
102	0.01696	0.02417	0.23480	0.09279	0.07893	0.01709	0.26100	0.02339	0.01751	0.05129	0.04755	0.06417	0.01661	0.00857	0.00836	0.00256	0.01083	0.00868	0.00432	0.01042
103	0.02629	0.02139	0.19895	0.02107	0.11933	0.01474	0.01787	0.03245	0.06490	0.36662	0.02387	0.02284	0.01599	0.00867	0.00767	0.00242	0.00825	0.00718	0.00695	0.01253
104	0.01555	0.04011	0.68733	0.02210	0.03356	0.01801	0.02865	0.02455	0.01637	0.02455	0.01391	0.01637	0.00982	0.00737	0.00737	0.00246	0.01146	0.00573	0.00327	0.01146
105	0.49470	0.25728	0.02167	0.01164	0.01702	0.05006	0.01031	0.02327	0.01442	0.02856	0.01084	0.01260	0.00899	0.00704	0.00495	0.00213	0.00710	0.00421	0.00427	0.00894
106	0.01015	0.00773	0.01114	0.01179	0.01274	0.00724	0.04624	0.01171	0.01484	0.01970	0.04084	0.58938	0.07263	0.08929	0.01261	0.00351	0.00528	0.02000	0.00676	0.00641
107	0.02154	0.01630	0.01903	0.01812	0.07992	0.01754	0.01320	0.16562	0.29687	0.09131	0.05496	0.03163	0.04855	0.01089	0.00802	0.00250	0.00683	0.04624	0.00746	0.04347
108	0.06199	0.43536	0.03208	0.01545	0.02089	0.22826	0.01362	0.02607	0.04301	0.01988	0.01194	0.01371	0.01043	0.00745	0.00637	0.00189	0.03351	0.00467	0.00378	0.00963
109	0.01192	0.00823	0.01013	0.00947	0.01177	0.00735	0.00716	0.01506	0.02076	0.06816	0.46808	0.06068	0.23924	0.01653	0.00907	0.00249	0.00391	0.01430	0.00822	0.00746
110	0.02094	0.04517	0.07463	0.05567	0.10611	0.11934	0.01553	0.05422	0.24789	0.06727	0.02358	0.02387	0.04222	0.00910	0.00748	0.00232	0.00842	0.00736	0.00589	0.06299
111	0.01065	0.00787	0.00994	0.00952	0.01141	0.00716	0.00710	0.01396	0.02103	0.02914	0.56144	0.08795	0.16053	0.01676	0.00918	0.00249	0.00373	0.01470	0.00828	0.00716
112	0.01876	0.02027	0.07151	0.04230	0.47711	0.01871	0.18737	0.02411	0.01775	0.02516	0.01483	0.01948	0.01201	0.00684	0.00804	0.00239	0.01034	0.00743	0.00383	0.01176
113	0.01488	0.03539	0.58819	0.02029	0.03034	0.01644	0.02552	0.02310	0.01719	0.02551	0.11073	0.02245	0.01910	0.00861	0.00763	0.00245	0.01032	0.00694	0.00404	0.01085
114	0.01362	0.01395	0.07916	0.01707	0.02088	0.01171	0.12070	0.01912	0.05883	0.02487	0.11856	0.10609	0.06773	0.01632	0.00963	0.00303	0.00769	0.27620	0.00648	0.00835
115	0.02073	0.73217	0.04063	0.01327	0.01990	0.03068	0.01327	0.02322	0.01575	0.01824	0.01078	0.01244	0.00995	0.00663	0.00498	0.00166	0.00829	0.00415	0.00332	0.00995
116	0.01128	0.00752	0.00846	0.00846	0.00846	0.00752	0.00470	0.01128	0.01128	0.01503	0.02443	0.05074	0.02819	0.72751	0.03946	0.00752	0.00752	0.01128	0.00470	0.00470

[dist]
# distance from previous block
# <min> <max>
0	2

[block]
# block no. 1 follows, 25 sequences, length 69
# corresponding to MSA columns:
# 186-254
name=unknown_B
#
# <colnr> <probs for GDERKNQSTAVLIFYWHMCP>
#	G	D	E	R	K	N	Q	S	T	A	V	L	I	F	Y	W	H	M	C	P
0	0.01464	0.00911	0.00992	0.00888	0.01172	0.00837	0.00665	0.03655	0.01639	0.02702	0.02395	0.08604	0.02101	0.05625	0.00815	0.00216	0.00457	0.00815	0.46208	0.17841
1	0.07262	0.07186	0.05207	0.02049	0.02700	0.02116	0.18201	0.27466	0.02438	0.03432	0.01562	0.01793	0.01180	0.00800	0.00842	0.00229	0.04633	0.00685	0.00549	0.09669
2	0.40287	0.06405	0.06035	0.03570	0.03926	0.01767	0.01197	0.05529	0.06910	0.12500	0.01618	0.01698	0.01189	0.00783	0.00601	0.00232	0.00694	0.00549	0.00559	0.03951
3	0.09186	0.06554	0.46012	0.02271	0.07659	0.01875	0.06881	0.02525	0.05371	0.02580	0.01465	0.01706	0.01080	0.00741	0.00718	0.00242	0.01042	0.00601	0.00378	0.01112
4	0.00974	0.00687	0.00891	0.01043	0.01080	0.00649	0.00680	0.01087	0.01428	0.01904	0.03984	0.61622	0.04763	0.13550	0.01457	0.00384	0.00498	0.02034	0.00680	0.00604
5	0.13908	0.02024	0.08447	0.03294	0.37657	0.01902	0.01976	0.14003	0.02047	0.05339	0.01522	0.01806	0.01186	0.00753	0.00722	0.00234	0.00870	0.00643	0.00485	0.01181
6	0.37534	0.15577	0.08770	0.01321	0.01920	0.02025	0.01238	0.11632	0.01806	0.06993	0.01395	0.01525	0.01060	0.00762	0.00572	0.00223	0.00731	0.00508	0.03412	0.00994
7	0.01127	0.00756	0.00867	0.00867	0.00874	0.00763	0.00496	0.01141	0.01134	0.01519	0.02424	0.04968	0.02773	0.69238	0.07396	0.00778	0.00821	0.01112	0.00467	0.00481
8	0.02127	0.68640	0.03940	0.01371	0.02017	0.07451	0.01338	0.02373	0.01616	0.01829	0.01086	0.01254	0.00995	0.00672	0.00511	0.00168	0.00867	0.00420	0.00336	0.00989
9	0.01062	0.00774	0.01002	0.01003	0.01164	0.00714	0.00743	0.01370	0.02007	0.02781	0.48055	0.18985	0.11035	0.01802	0.00936	0.00264	0.00400	0.04386	0.00812	0.00705
10	0.01543	0.00817	0.00827	0.00792	0.01001	0.00832	0.00603	0.05931	0.01757	0.03020	0.02486	0.02824	0.01944	0.00905	0.00557	0.00184	0.00393	0.00721	0.72102	0.00761
11	0.00934	0.00786	0.00810	0.00804	0.01058	0.00662	0.00603	0.01147	0.01809	0.02193	0.13633	0.07300	0.61760	0.01927	0.00916	0.00260	0.00390	0.01614	0.00733	0.00662
12	0.02073	0.73217	0.04063	0.01327	0.01990	0.03068	0.01327	0.02322	0.01575	0.01824	0.01078	0.01244	0.00995	0.00663	0.00498	0.00166	0.00829	0.00415	0.00332	0.00995
13	0.01919	0.01842	0.03147	0.04759	0.67914	0.01842	0.02380	0.02380	0.01765	0.02533	0.01458	0.01919	0.01228	0.00691	0.00768	0.00230	0.00921	0.00691	0.00384	0.01228
14	0.78228	0.01499	0.01140	0.01020	0.01499	0.01739	0.00840	0.02279	0.01320	0.03479	0.01080	0.01260	0.00840	0.00720	0.00480	0.00240	0.00600	0.00420	0.00480	0.00840
15	0.01929	0.01666	0.01753	0.01578	0.02016	0.01929	0.01227	0.04120	0.66513	0.03243	0.03156	0.02893	0.02367	0.01052	0.00789	0.00263	0.00614	0.00877	0.00789	0.01227
16	0.01128	0.00752	0.00846	0.00846	0.00846	0.00752	0.00470	0.01128	0.01128	0.01503	0.02443	0.05074	0.02819	0.72751	0.03946	0.00752	0.00752	0.01128	0.00470	0.00470
17	0.02073	0.73217	0.04063	0.01327	0.01990	0.03068	0.01327	0.02322	0.01575	0.01824	0.01078	0.01244	0.00995	0.00663	0.00498	0.00166	0.00829	0.00415	0.00332	0.00995
18	0.03479	0.01320	0.01799	0.01380	0.01979	0.01140	0.01140	0.03779	0.02219	0.68451	0.03059	0.02639	0.01919	0.00960	0.00780	0.00240	0.00660	0.00780	0.00960	0.01320
19	0.00916	0.00785	0.00785	0.00785	0.01047	0.00655	0.00589	0.01113	0.01767	0.02095	0.07855	0.07462	0.67599	0.01964	0.00916	0.00262	0.00393	0.01636	0.00720	0.00655
20	0.02732	0.02049	0.02189	0.01716	0.02299	0.02271	0.01406	0.54714	0.11790	0.04558	0.02274	0.02224	0.04150	0.00989	0.00783	0.00238	0.00803	0.00760	0.00775	0.01280
21	0.00945	0.00675	0.00900	0.01080	0.01125	0.00630	0.00720	0.01080	0.01484	0.01979	0.04274	0.72245	0.05128	0.02429	0.00990	0.00315	0.00450	0.02204	0.00720	0.00630
22	0.02902	0.03529	0.02211	0.01974	0.02398	0.62288	0.01495	0.09899	0.02356	0.02224	0.01271	0.01449	0.01034	0.00813	0.00707	0.00203	0.01339	0.00521	0.00441	0.00945
23	0.01698	0.01336	0.01583	0.01152	0.01803	0.01021	0.00921	0.02041	0.01686	0.06905	0.05783	0.01947	0.01600	0.00665	0.00610	0.00131	0.00566	0.00542	0.00518	0.67492
24	0.01964	0.44233	0.22229	0.01613	0.02369	0.04642	0.01757	0.02400	0.01644	0.04574	0.03233	0.01564	0.01216	0.00748	0.00657	0.00200	0.03036	0.00514	0.00372	0.01035
25	0.17110	0.15937	0.02400	0.01845	0.07179	0.30600	0.01383	0.06377	0.01964	0.06729	0.01332	0.01490	0.01064	0.00768	0.00634	0.00208	0.01023	0.00513	0.00459	0.00983
26	0.05587	0.01724	0.02074	0.15244	0.06996	0.06218	0.04042	0.07153	0.26651	0.09523	0.02291	0.02461	0.01732	0.03825	0.00897	0.00270	0.00820	0.00773	0.00624	0.01094
27	0.06120	0.10628	0.24253	0.02453	0.15550	0.09410	0.04927	0.02707	0.03906	0.10575	0.01604	0.01788	0.01197	0.00760	0.00714	0.00229	0.00996	0.00614	0.00451	0.01121
28	0.05794	0.22227	0.32407	0.01895	0.02732	0.02049	0.08554	0.02387	0.01679	0.05035	0.04551	0.02064	0.01464	0.00810	0.00699	0.00229	0.00975	0.02992	0.00408	0.01049
29	0.46342	0.01368	0.01292	0.01101	0.01569	0.01470	0.00899	0.04817	0.01691	0.18781	0.05203	0.02004	0.01564	0.00847	0.00590	0.00234	0.00588	0.00596	0.08091	0.00953
30	0.01896	0.01975	0.07385	0.04408	0.59859	0.01845	0.02345	0.02485	0.05495	0.02569	0.01552	0.01957	0.01278	0.00715	0.00767	0.00233	0.00918	0.00694	0.00403	0.01223
31	0.01899	0.01742	0.09315	0.10929	0.27083	0.01537	0.01844	0.02506	0.07952	0.12073	0.02407	0.11108	0.04121	0.01040	0.00802	0.00251	0.00814	0.00931	0.00550	0.01095
32	0.01294	0.01139	0.01958	0.14698	0.02541	0.01180	0.13979	0.01630	0.01577	0.02155	0.02939	0.35228	0.03169	0.01603	0.00959	0.00286	0.03190	0.03610	0.06092	0.00774
33	0.01108	0.00831	0.01246	0.01246	0.01385	0.00969	0.00969	0.01385	0.01246	0.01800	0.02077	0.03046	0.01938	0.05815	0.69678	0.01246	0.02077	0.00831	0.00415	0.00692
34	0.01282	0.00884	0.01117	0.01042	0.01271	0.00834	0.00797	0.01751	0.06383	0.06784	0.52633	0.05658	0.11093	0.01564	0.00905	0.00251	0.00414	0.03706	0.00840	0.00792
35	0.02046	0.02090	0.05778	0.02788	0.09603	0.04967	0.32344	0.07718	0.11456	0.05747	0.01823	0.02126	0.01376	0.00807	0.00956	0.00257	0.05692	0.00818	0.00500	0.01109
36	0.03000	0.01655	0.01946	0.01530	0.02101	0.01692	0.01252	0.25998	0.11680	0.34101	0.02621	0.02402	0.01767	0.00960	0.00771	0.00238	0.00713	0.00762	0.03525	0.01285
37	0.00945	0.00675	0.00900	0.01080	0.01125	0.00630	0.00720	0.01080	0.01484	0.01979	0.04274	0.72245	0.05128	0.02429	0.00990	0.00315	0.00450	0.02204	0.00720	0.00630
38	0.01659	0.01558	0.02588	0.33091	0.33755	0.01715	0.02127	0.02193	0.04273	0.02286	0.01675	0.06589	0.01443	0.00855	0.00786	0.00249	0.00927	0.00796	0.00405	0.01030
39	0.20979	0.20156	0.07234	0.01479	0.02103	0.02052	0.04211	0.08685	0.07363	0.16189	0.01774	0.01795	0.01298	0.00800	0.00638	0.00224	0.00768	0.00590	0.00578	0.01086
40	0.02497	0.01153	0.01522	0.01239	0.01673	0.01043	0.00994	0.06082	0.02284	0.38949	0.28803	0.03861	0.04049	0.01209	0.00833	0.00241	0.00552	0.01025	0.00908	0.01084
41	0.00974	0.00696	0.00932	0.01104	0.01164	0.00654	0.00762	0.01134	0.01531	0.02043	0.06330	0.65052	0.05147	0.02379	0.00994	0.00316	0.00468	0.06958	0.00724	0.00640
42	0.01819	0.01755	0.03037	0.18663	0.51860	0.01822	0.05115	0.02300	0.01723	0.02414	0.01446	0.01958	0.01185	0.00707	0.00776	0.00238	0.00962	0.00700	0.00376	0.01143
43	0.01768	0.28519	0.10236	0.01476	0.02116	0.04211	0.05011	0.02156	0.01683	0.02272	0.05850	0.02287	0.01724	0.00820	0.00641	0.00187	0.00791	0.04597	0.03547	0.20107
44	0.17826	0.10371	0.14290	0.02291	0.08769	0.12863	0.15887	0.04637	0.01778	0.02604	0.01323	0.01613	0.01034	0.00719	0.00695	0.00230	0.01044	0.00604	0.00406	0.01017
45	0.78228	0.01499	0.01140	0.01020	0.01499	0.01739	0.00840	0.02279	0.01320	0.03479	0.01080	0.01260	0.00840	0.00720	0.00480	0.00240	0.00600	0.00420	0.00480	0.00840
46	0.01135	0.00868	0.01151	0.01116	0.01186	0.00893	0.03652	0.01234	0.01318	0.01762	0.03235	0.24614	0.08140	0.37765	0.02598	0.00531	0.06231	0.01437	0.00548	0.00587
47	0.01128	0.00752	0.00846	0.00846	0.00846	0.00752	0.00470	0.01128	0.01128	0.01503	0.02443	0.05074	0.02819	0.72751	0.03946	0.00752	0.00752	0.01128	0.00470	0.00470
48	0.01903	0.01115	0.01365	0.01170	0.01521	0.01061	0.00917	0.11466	0.02313	0.18655	0.29954	0.08542	0.13933	0.01444	0.00866	0.00248	0.00517	0.01231	0.00840	0.00941
49	0.00929	0.00781	0.00806	0.00810	0.01058	0.00658	0.00604	0.01134	0.01783	0.02155	0.11517	0.10020	0.61180	0.01959	0.00919	0.00263	0.00393	0.01645	0.00729	0.00658
50	0.01929	0.01666	0.01753	0.01578	0.02016	0.01929	0.01227	0.04120	0.66513	0.03243	0.03156	0.02893	0.02367	0.01052	0.00789	0.00263	0.00614	0.00877	0.00789	0.01227
51	0.02947	0.02172	0.02327	0.01784	0.02404	0.02404	0.01474	0.65329	0.03646	0.04887	0.01862	0.01862	0.01319	0.00931	0.00776	0.00233	0.00853	0.00698	0.00776	0.01319
52	0.01445	0.00723	0.00723	0.00723	0.00903	0.00723	0.00542	0.01807	0.01626	0.02891	0.02529	0.02891	0.01987	0.00903	0.00542	0.00181	0.00361	0.00723	0.77055	0.00723
53	0.02896	0.03695	0.02197	0.01998	0.02397	0.69638	0.01498	0.03096	0.02197	0.01898	0.01199	0.01398	0.00999	0.00799	0.00699	0.00200	0.01398	0.00499	0.00400	0.00899
54	0.01347	0.00673	0.01010	0.01010	0.01010	0.00673	0.00673	0.01010	0.01010	0.01347	0.01347	0.02357	0.01347	0.02694	0.03030	0.77441	0.00673	0.00673	0.00337	0.00337
55	0.01929	0.01666	0.01753	0.01578	0.02016	0.01929	0.01227	0.04120	0.66513	0.03243	0.03156	0.02893	0.02367	0.01052	0.00789	0.00263	0.00614	0.00877	0.00789	0.01227
56	0.01874	0.01797	0.03066	0.11266	0.61757	0.01830	0.02357	0.02340	0.01744	0.02479	0.01451	0.01934	0.01209	0.00699	0.00768	0.00233	0.00932	0.00691	0.00380	0.01192
57	0.01555	0.04011	0.68733	0.02210	0.03356	0.01801	0.02865	0.02455	0.01637	0.02455	0.01391	0.01637	0.00982	0.00737	0.00737	0.00246	0.01146	0.00573	0.00327	0.01146
58	0.01830	0.02092	0.04575	0.03268	0.04052	0.01961	0.65098	0.02484	0.01830	0.02484	0.01569	0.02092	0.01176	0.00654	0.00915	0.00261	0.01307	0.00915	0.00392	0.01046
59	0.00945	0.00675	0.00900	0.01080	0.01125	0.00630	0.00720	0.01080	0.01484	0.01979	0.04274	0.72245	0.05128	0.02429	0.00990	0.00315	0.00450	0.02204	0.00720	0.00630
60	0.00945	0.00675	0.00900	0.01080	0.01125	0.00630	0.00720	0.01080	0.01484	0.01979	0.04274	0.72245	0.05128	0.02429	0.00990	0.00315	0.00450	0.02204	0.00720	0.00630
61	0.01904	0.19105	0.25067	0.02261	0.03059	0.06660	0.19662	0.05027	0.01770	0.02348	0.01354	0.01671	0.01056	0.00745	0.00835	0.00234	0.05175	0.00639	0.00370	0.01057
62	0.01219	0.01083	0.01587	0.35117	0.03193	0.01198	0.01410	0.01593	0.01687	0.02114	0.07861	0.04821	0.27006	0.01374	0.00858	0.00266	0.00728	0.05577	0.00544	0.00764
63	0.01128	0.00752	0.00846	0.00846	0.00846	0.00752	0.00470	0.01128	0.01128	0.01503	0.02443	0.05074	0.02819	0.72751	0.03946	0.00752	0.00752	0.01128	0.00470	0.00470
64	0.07455	0.01881	0.02198	0.07909	0.10522	0.02073	0.01513	0.41992	0.02891	0.04066	0.01783	0.01945	0.01316	0.00872	0.00733	0.00230	0.00814	0.00681	0.07946	0.01180
65	0.01750	0.02949	0.36343	0.01968	0.02831	0.06041	0.06656	0.02379	0.01670	0.04631	0.01420	0.01685	0.01073	0.00742	0.00827	0.00217	0.05635	0.00578	0.00392	0.20213
66	0.78228	0.01499	0.01140	0.01020	0.01499	0.01739	0.00840	0.02279	0.01320	0.03479	0.01080	0.01260	0.00840	0.00720	0.00480	0.00240	0.00600	0.00420	0.00480	0.00840
67	0.01113	0.00748	0.00858	0.00868	0.00880	0.00742	0.00500	0.01140	0.01202	0.01611	0.05594	0.09826	0.03190	0.64504	0.03598	0.00697	0.00713	0.01216	0.00505	0.00493
68	0.04573	0.05888	0.49583	0.06855	0.07545	0.04998	0.05153	0.02439	0.01659	0.02422	0.01371	0.01663	0.01005	0.00733	0.00729	0.00241	0.01111	0.00588	0.00344	0.01100

[dist]
# distance from previous block
# <min> <max>
0	5

[block]
# block no. 2 follows, 25 sequences, length 10
# corresponding to MSA columns:
# 260-269
name=unknown_C
#
# <colnr> <probs for GDERKNQSTAVLIFYWHMCP>
#	G	D	E	R	K	N	Q	S	T	A	V	L	I	F	Y	W	H	M	C	P
0	0.01706	0.01436	0.01660	0.01195	0.01879	0.01134	0.00959	0.06591	0.01757	0.02699	0.01414	0.01626	0.01161	0.00600	0.00589	0.00123	0.00595	0.00477	0.00483	0.71916
1	0.01839	0.01585	0.01713	0.01458	0.01966	0.01678	0.01141	0.03514	0.48370	0.03043	0.02659	0.02534	0.02026	0.00918	0.00729	0.00222	0.00603	0.00760	0.00697	0.22545
2	0.01608	0.01378	0.01608	0.01148	0.01837	0.01034	0.00919	0.01952	0.01608	0.02527	0.01378	0.01608	0.01148	0.00574	0.00574	0.00115	0.00574	0.00459	0.00459	0.77491
3	0.04642	0.01524	0.01809	0.12297	0.05925	0.04093	0.03651	0.15254	0.11048	0.02940	0.03590	0.03629	0.19943	0.01174	0.00795	0.00246	0.00724	0.00975	0.04772	0.00969
4	0.01128	0.00752	0.00846	0.00846	0.00846	0.00752	0.00470	0.01128	0.01128	0.01503	0.02443	0.05074	0.02819	0.72751	0.03946	0.00752	0.00752	0.01128	0.00470	0.00470
5	0.23195	0.01900	0.03466	0.02795	0.10008	0.01887	0.40586	0.02416	0.01681	0.02767	0.01420	0.01841	0.01088	0.00676	0.00778	0.00252	0.01069	0.00753	0.00416	0.01007
6	0.01122	0.00774	0.00958	0.00958	0.00996	0.00812	0.00609	0.01199	0.01161	0.01586	0.02341	0.04507	0.02573	0.54040	0.22320	0.00890	0.01122	0.01045	0.00455	0.00532
7	0.56900	0.01546	0.01311	0.01176	0.01644	0.01792	0.00948	0.02794	0.19543	0.03413	0.01660	0.01716	0.01267	0.00813	0.00566	0.00246	0.00604	0.00548	0.00566	0.00948
8	0.56625	0.01269	0.01073	0.01036	0.01395	0.01429	0.00806	0.01944	0.01366	0.03060	0.01972	0.21102	0.02038	0.01198	0.00622	0.00261	0.00558	0.00919	0.00547	0.00781
9	0.02028	0.02167	0.02508	0.12907	0.32601	0.20641	0.01901	0.02412	0.01908	0.02347	0.09411	0.02266	0.01877	0.00842	0.00767	0.00227	0.01003	0.00724	0.00440	0.01024

[dist]
# distance from previous block
# <min> <max>
0	15

[block]
# block no. 3 follows, 25 sequences, length 13
# corresponding to MSA columns:
# 285-297
name=unknown_D
#
# <colnr> <probs for GDERKNQSTAVLIFYWHMCP>
#	G	D	E	R	K	N	Q	S	T	A	V	L	I	F	Y	W	H	M	C	P
0	0.01912	0.01654	0.02012	0.17837	0.06346	0.01919	0.01526	0.09013	0.42357	0.03060	0.02537	0.02557	0.01903	0.00958	0.00783	0.00257	0.00749	0.00807	0.00663	0.01151
1	0.78228	0.01499	0.01140	0.01020	0.01499	0.01739	0.00840	0.02279	0.01320	0.03479	0.01080	0.01260	0.00840	0.00720	0.00480	0.00240	0.00600	0.00420	0.00480	0.00840
2	0.02560	0.02938	0.02080	0.01781	0.02255	0.44789	0.01369	0.08831	0.02165	0.02333	0.01298	0.01503	0.01065	0.00780	0.00744	0.00188	0.03662	0.00516	0.00448	0.18697
3	0.02700	0.01994	0.02296	0.01810	0.02285	0.02297	0.01499	0.45702	0.02962	0.09258	0.01761	0.01885	0.01297	0.01032	0.01186	0.00258	0.17179	0.00700	0.00689	0.01210
4	0.01267	0.01094	0.01857	0.01507	0.01829	0.01017	0.15656	0.01700	0.02110	0.02964	0.52216	0.04934	0.05892	0.01369	0.00915	0.00248	0.00584	0.01289	0.00747	0.00804
5	0.02110	0.01625	0.01759	0.01555	0.02012	0.01836	0.01217	0.04080	0.58991	0.10873	0.03144	0.02863	0.02315	0.01041	0.00788	0.00260	0.00619	0.00865	0.00809	0.01238
6	0.02777	0.01281	0.01846	0.17456	0.02678	0.01235	0.01334	0.03134	0.02062	0.46604	0.09016	0.02817	0.02245	0.00978	0.00792	0.00245	0.00717	0.00820	0.00807	0.01155
7	0.01084	0.01456	0.16620	0.01321	0.01637	0.00903	0.01208	0.01401	0.01539	0.02098	0.03852	0.51402	0.08478	0.02005	0.00926	0.00295	0.00607	0.01787	0.00629	0.00751
8	0.01024	0.00780	0.00881	0.00861	0.01037	0.00702	0.00608	0.01230	0.01757	0.02286	0.25917	0.06367	0.33057	0.18254	0.01618	0.00370	0.00467	0.01443	0.00705	0.00637
9	0.01513	0.01424	0.01166	0.01145	0.01244	0.16707	0.00743	0.01577	0.01425	0.01660	0.02406	0.13453	0.02714	0.46403	0.02787	0.00564	0.00860	0.01130	0.00488	0.00591
10	0.02086	0.02096	0.09351	0.09034	0.41432	0.01959	0.02199	0.16952	0.02172	0.03028	0.01539	0.01890	0.01210	0.00758	0.00767	0.00235	0.00936	0.00681	0.00466	0.01212
11	0.01520	0.01434	0.02418	0.56837	0.09910	0.01718	0.04829	0.02096	0.04232	0.02090	0.01496	0.02133	0.01149	0.00995	0.03789	0.00300	0.01065	0.00713	0.00371	0.00906
12	0.01134	0.00922	0.01288	0.04040	0.05038	0.00884	0.03676	0.01486	0.04595	0.02405	0.21157	0.30026	0.16726	0.01824	0.00924	0.00275	0.00510	0.01632	0.00711	0.00747

[dist]
# distance from previous block
# <min> <max>
0	22

# created by:
# /st0/software/busco_prod/Augustus/scripts/msa2prfl.pl ./align_prep/102683.fa
