[name]
unknown

[dist]
# distance from previous block
# <min> <max>
0	13

[block]
# block no. 0 follows, 24 sequences, length 12
# corresponding to MSA columns:
# 13-24
name=unknown_A
#
# <colnr> <probs for GDERKNQSTAVLIFYWHMCP>
#	G	D	E	R	K	N	Q	S	T	A	V	L	I	F	Y	W	H	M	C	P
0	0.01278	0.00913	0.01278	0.01460	0.01643	0.00913	0.01278	0.01643	0.01825	0.02373	0.04199	0.08945	0.04564	0.02191	0.01095	0.00365	0.00730	0.61847	0.00730	0.00730
1	0.01478	0.00739	0.00739	0.00739	0.00924	0.00739	0.00554	0.01848	0.01663	0.02956	0.02587	0.02956	0.02033	0.00924	0.00554	0.00185	0.00370	0.00739	0.76534	0.00739
2	0.77733	0.01534	0.01166	0.01043	0.01534	0.01779	0.00859	0.02331	0.01350	0.03558	0.01104	0.01288	0.00859	0.00736	0.00491	0.00245	0.00613	0.00429	0.00491	0.00859
3	0.02962	0.03779	0.02247	0.02043	0.02451	0.68948	0.01532	0.03166	0.02247	0.01941	0.01226	0.01430	0.01021	0.00817	0.00715	0.00204	0.01430	0.00511	0.00409	0.00919
4	0.02730	0.03250	0.02104	0.01886	0.02305	0.52856	0.01430	0.08898	0.05644	0.02323	0.02019	0.02124	0.07166	0.00953	0.00748	0.00217	0.01241	0.00657	0.00496	0.00955
5	0.01278	0.00913	0.01278	0.01460	0.01643	0.00913	0.01278	0.01643	0.01825	0.02373	0.04199	0.08945	0.04564	0.02191	0.01095	0.00365	0.00730	0.61847	0.00730	0.00730
6	0.03014	0.02221	0.02380	0.01825	0.02459	0.02459	0.01507	0.64541	0.03728	0.04998	0.01904	0.01904	0.01349	0.00952	0.00793	0.00238	0.00873	0.00714	0.00793	0.01349
7	0.03225	0.01317	0.01760	0.01382	0.01944	0.01172	0.01130	0.03651	0.05985	0.57589	0.09416	0.03033	0.02535	0.01050	0.00812	0.00247	0.00642	0.00866	0.00961	0.01285
8	0.01770	0.01484	0.01712	0.01234	0.01932	0.01186	0.00992	0.07735	0.01836	0.02805	0.01455	0.01668	0.01191	0.00621	0.00606	0.00129	0.00613	0.00492	0.00499	0.70040
9	0.00966	0.00690	0.00920	0.01104	0.01150	0.00644	0.00736	0.01104	0.01518	0.02024	0.04371	0.71614	0.05245	0.02484	0.01012	0.00322	0.00460	0.02254	0.00736	0.00644
10	0.01743	0.01468	0.01697	0.01221	0.01921	0.01158	0.00980	0.06497	0.01794	0.02758	0.01445	0.01663	0.01187	0.00614	0.00602	0.00126	0.00608	0.00487	0.00493	0.71537
11	0.03444	0.01375	0.01837	0.01425	0.02027	0.01224	0.01172	0.03890	0.06838	0.63099	0.03136	0.02718	0.01996	0.00988	0.00798	0.00247	0.00671	0.00805	0.00969	0.01343

[dist]
# distance from previous block
# <min> <max>
0	1

[block]
# block no. 1 follows, 24 sequences, length 66
# corresponding to MSA columns:
# 26-91
name=unknown_B
#
# <colnr> <probs for GDERKNQSTAVLIFYWHMCP>
#	G	D	E	R	K	N	Q	S	T	A	V	L	I	F	Y	W	H	M	C	P
0	0.00937	0.00803	0.00803	0.00803	0.01071	0.00669	0.00602	0.01138	0.01807	0.02142	0.08033	0.07632	0.66863	0.02008	0.00937	0.00268	0.00402	0.01674	0.00736	0.00669
1	0.01115	0.00810	0.01050	0.00990	0.01180	0.00745	0.00742	0.01482	0.02227	0.03138	0.64396	0.05992	0.09879	0.01637	0.00935	0.00250	0.00375	0.01444	0.00867	0.00745
2	0.01644	0.01409	0.01644	0.01175	0.01879	0.01057	0.00940	0.01997	0.01644	0.02584	0.01409	0.01644	0.01175	0.00587	0.00587	0.00117	0.00587	0.00470	0.00470	0.76979
3	0.03558	0.01350	0.01840	0.01411	0.02024	0.01166	0.01166	0.03865	0.02270	0.67734	0.03128	0.02699	0.01963	0.00981	0.00797	0.00245	0.00675	0.00797	0.00981	0.01350
4	0.03558	0.01350	0.01840	0.01411	0.02024	0.01166	0.01166	0.03865	0.02270	0.67734	0.03128	0.02699	0.01963	0.00981	0.00797	0.00245	0.00675	0.00797	0.00981	0.01350
5	0.01495	0.01310	0.02136	0.59953	0.04791	0.01611	0.01959	0.02000	0.01597	0.02164	0.01584	0.02239	0.01201	0.00812	0.00758	0.00253	0.00955	0.00710	0.11615	0.00860
6	0.01871	0.01814	0.03162	0.16732	0.51712	0.01870	0.06486	0.02366	0.01770	0.02484	0.01484	0.02002	0.01216	0.00720	0.00796	0.00243	0.00989	0.00721	0.00386	0.01175
7	0.03558	0.01350	0.01840	0.01411	0.02024	0.01166	0.01166	0.03865	0.02270	0.67734	0.03128	0.02699	0.01963	0.00981	0.00797	0.00245	0.00675	0.00797	0.00981	0.01350
8	0.02018	0.01726	0.01819	0.01623	0.02079	0.01994	0.01266	0.06843	0.63049	0.03390	0.03170	0.02913	0.02374	0.01070	0.00806	0.00268	0.00638	0.00889	0.00806	0.01259
9	0.03558	0.01350	0.01840	0.01411	0.02024	0.01166	0.01166	0.03865	0.02270	0.67734	0.03128	0.02699	0.01963	0.00981	0.00797	0.00245	0.00675	0.00797	0.00981	0.01350
10	0.03558	0.01350	0.01840	0.01411	0.02024	0.01166	0.01166	0.03865	0.02270	0.67734	0.03128	0.02699	0.01963	0.00981	0.00797	0.00245	0.00675	0.00797	0.00981	0.01350
11	0.01122	0.00811	0.01060	0.00998	0.01185	0.00748	0.00748	0.01496	0.02245	0.03180	0.66766	0.05923	0.07482	0.01621	0.00935	0.00249	0.00374	0.01434	0.00873	0.00748
12	0.00937	0.00803	0.00803	0.00803	0.01071	0.00669	0.00602	0.01138	0.01807	0.02142	0.08033	0.07632	0.66863	0.02008	0.00937	0.00268	0.00402	0.01674	0.00736	0.00669
13	0.01153	0.00769	0.00865	0.00865	0.00865	0.00769	0.00480	0.01153	0.01153	0.01538	0.02499	0.05189	0.02883	0.72131	0.04036	0.00769	0.00769	0.01153	0.00480	0.00480
14	0.00966	0.00690	0.00920	0.01104	0.01150	0.00644	0.00736	0.01104	0.01518	0.02024	0.04371	0.71614	0.05245	0.02484	0.01012	0.00322	0.00460	0.02254	0.00736	0.00644
15	0.01735	0.01735	0.02429	0.02082	0.02082	0.02429	0.01735	0.01908	0.01214	0.01908	0.01041	0.01735	0.01041	0.01388	0.02602	0.00347	0.70680	0.00694	0.00347	0.00867
16	0.77733	0.01534	0.01166	0.01043	0.01534	0.01779	0.00859	0.02331	0.01350	0.03558	0.01104	0.01288	0.00859	0.00736	0.00491	0.00245	0.00613	0.00429	0.00491	0.00859
17	0.00966	0.00690	0.00920	0.01104	0.01150	0.00644	0.00736	0.01104	0.01518	0.02024	0.04371	0.71614	0.05245	0.02484	0.01012	0.00322	0.00460	0.02254	0.00736	0.00644
18	0.77733	0.01534	0.01166	0.01043	0.01534	0.01779	0.00859	0.02331	0.01350	0.03558	0.01104	0.01288	0.00859	0.00736	0.00491	0.00245	0.00613	0.00429	0.00491	0.00859
19	0.02120	0.72609	0.04155	0.01357	0.02035	0.03138	0.01357	0.02374	0.01611	0.01866	0.01102	0.01272	0.01018	0.00678	0.00509	0.00170	0.00848	0.00424	0.00339	0.01018
20	0.02041	0.01738	0.01832	0.01628	0.02088	0.02005	0.01272	0.08206	0.61647	0.03428	0.03140	0.02889	0.02350	0.01068	0.00806	0.00267	0.00644	0.00884	0.00806	0.01261
21	0.77733	0.01534	0.01166	0.01043	0.01534	0.01779	0.00859	0.02331	0.01350	0.03558	0.01104	0.01288	0.00859	0.00736	0.00491	0.00245	0.00613	0.00429	0.00491	0.00859
22	0.01916	0.02037	0.02402	0.02076	0.02137	0.12263	0.01705	0.02094	0.01367	0.01913	0.01068	0.01690	0.01038	0.01304	0.02323	0.00326	0.60443	0.00667	0.00356	0.00875
23	0.74900	0.01560	0.01212	0.01072	0.01569	0.01805	0.00883	0.04690	0.01440	0.03612	0.01134	0.01312	0.00877	0.00744	0.00502	0.00245	0.00623	0.00440	0.00502	0.00877
24	0.01377	0.00689	0.01033	0.01033	0.01033	0.00689	0.00689	0.01033	0.01033	0.01377	0.01377	0.02410	0.01377	0.02755	0.03099	0.76928	0.00689	0.00689	0.00344	0.00344
25	0.03558	0.01350	0.01840	0.01411	0.02024	0.01166	0.01166	0.03865	0.02270	0.67734	0.03128	0.02699	0.01963	0.00981	0.00797	0.00245	0.00675	0.00797	0.00981	0.01350
26	0.01703	0.18700	0.54413	0.02068	0.03134	0.02118	0.02595	0.02482	0.01661	0.02374	0.01355	0.01589	0.01007	0.00737	0.00701	0.00234	0.01103	0.00551	0.00336	0.01139
27	0.10749	0.01382	0.01772	0.01383	0.01978	0.01259	0.01139	0.03729	0.04812	0.58785	0.02935	0.02572	0.01874	0.00961	0.00768	0.00246	0.00667	0.00766	0.00926	0.01298
28	0.01172	0.00800	0.00973	0.01032	0.01081	0.00797	0.00700	0.01274	0.01348	0.01782	0.03054	0.10539	0.03466	0.49764	0.03089	0.00637	0.00739	0.16637	0.00561	0.00555
29	0.03331	0.01503	0.04200	0.01568	0.02206	0.01269	0.05215	0.03749	0.04463	0.59196	0.02979	0.02639	0.01900	0.00958	0.00805	0.00248	0.00731	0.00803	0.00917	0.01323
30	0.69877	0.01569	0.01271	0.01108	0.01613	0.01796	0.00913	0.06325	0.01539	0.06363	0.01240	0.01387	0.00936	0.00760	0.00523	0.00245	0.00632	0.00463	0.00531	0.00910
31	0.00974	0.00827	0.00845	0.00850	0.01110	0.00712	0.00633	0.01241	0.03975	0.02175	0.07638	0.11513	0.60769	0.02006	0.00937	0.00271	0.00413	0.01684	0.00739	0.00688
32	0.01590	0.01559	0.02370	0.65919	0.05271	0.06005	0.02160	0.02098	0.01627	0.02021	0.01398	0.02071	0.01055	0.00794	0.00788	0.00260	0.01081	0.00692	0.00356	0.00883
33	0.01432	0.01234	0.01277	0.01191	0.01545	0.01293	0.00915	0.02609	0.32391	0.02704	0.05735	0.05397	0.36042	0.01562	0.00875	0.00268	0.00510	0.01302	0.00770	0.00950
34	0.01644	0.01409	0.01644	0.01175	0.01879	0.01057	0.00940	0.01997	0.01644	0.02584	0.01409	0.01644	0.01175	0.00587	0.00587	0.00117	0.00587	0.00470	0.00470	0.76979
35	0.01620	0.01567	0.02209	0.01928	0.01955	0.02156	0.01594	0.01815	0.01226	0.01896	0.01247	0.01997	0.01220	0.02255	0.15224	0.00523	0.57646	0.00724	0.00362	0.00837
36	0.01122	0.00811	0.01060	0.00998	0.01185	0.00748	0.00748	0.01496	0.02245	0.03180	0.66766	0.05923	0.07482	0.01621	0.00935	0.00249	0.00374	0.01434	0.00873	0.00748
37	0.01963	0.01884	0.03219	0.04867	0.67185	0.01884	0.02434	0.02434	0.01806	0.02591	0.01492	0.01963	0.01256	0.00707	0.00785	0.00236	0.00942	0.00707	0.00393	0.01256
38	0.01155	0.00843	0.01241	0.01241	0.01385	0.00975	0.00964	0.01443	0.01299	0.01911	0.02153	0.03105	0.01986	0.05630	0.64667	0.01206	0.02013	0.00843	0.05232	0.00710
39	0.00937	0.00803	0.00803	0.00803	0.01071	0.00669	0.00602	0.01138	0.01807	0.02142	0.08033	0.07632	0.66863	0.02008	0.00937	0.00268	0.00402	0.01674	0.00736	0.00669
40	0.01478	0.00739	0.00739	0.00739	0.00924	0.00739	0.00554	0.01848	0.01663	0.02956	0.02587	0.02956	0.02033	0.00924	0.00554	0.00185	0.00370	0.00739	0.76534	0.00739
41	0.01644	0.01409	0.01644	0.01175	0.01879	0.01057	0.00940	0.01997	0.01644	0.02584	0.01409	0.01644	0.01175	0.00587	0.00587	0.00117	0.00587	0.00470	0.00470	0.76979
42	0.01735	0.01735	0.02429	0.02082	0.02082	0.02429	0.01735	0.01908	0.01214	0.01908	0.01041	0.01735	0.01041	0.01388	0.02602	0.00347	0.70680	0.00694	0.00347	0.00867
43	0.03558	0.01350	0.01840	0.01411	0.02024	0.01166	0.01166	0.03865	0.02270	0.67734	0.03128	0.02699	0.01963	0.00981	0.00797	0.00245	0.00675	0.00797	0.00981	0.01350
44	0.01644	0.01409	0.01644	0.01175	0.01879	0.01057	0.00940	0.01997	0.01644	0.02584	0.01409	0.01644	0.01175	0.00587	0.00587	0.00117	0.00587	0.00470	0.00470	0.76979
45	0.01735	0.11919	0.01878	0.01349	0.01769	0.01753	0.01088	0.06768	0.31380	0.02896	0.08654	0.06419	0.16592	0.01304	0.00807	0.00253	0.00602	0.01074	0.00724	0.01039
46	0.01604	0.01218	0.01695	0.01827	0.06661	0.01249	0.03474	0.11029	0.02107	0.02783	0.03575	0.07167	0.03735	0.01848	0.01023	0.00334	0.00787	0.46311	0.00704	0.00871
47	0.01636	0.01807	0.11457	0.01335	0.02109	0.01173	0.01234	0.02073	0.01649	0.02573	0.01411	0.01649	0.01149	0.00612	0.00612	0.00137	0.00674	0.00487	0.00450	0.65772
48	0.01122	0.00811	0.01060	0.00998	0.01185	0.00748	0.00748	0.01496	0.02245	0.03180	0.66766	0.05923	0.07482	0.01621	0.00935	0.00249	0.00374	0.01434	0.00873	0.00748
49	0.02387	0.01803	0.01912	0.01583	0.02080	0.02018	0.01270	0.32107	0.27240	0.04051	0.02513	0.02464	0.01861	0.00995	0.00763	0.00242	0.00704	0.00788	0.11996	0.01223
50	0.00962	0.00707	0.00903	0.01060	0.01138	0.00648	0.00716	0.01109	0.01561	0.02042	0.04912	0.62155	0.14354	0.02414	0.01001	0.00314	0.00451	0.02168	0.00736	0.00648
51	0.02838	0.13955	0.02529	0.01941	0.02390	0.59219	0.01506	0.03049	0.02153	0.01930	0.01208	0.01407	0.01021	0.00797	0.00685	0.00199	0.01344	0.00498	0.00398	0.00934
52	0.12568	0.00995	0.01246	0.01384	0.01606	0.01030	0.01193	0.01722	0.01742	0.02534	0.03748	0.10412	0.04044	0.01988	0.01002	0.00346	0.00702	0.50297	0.00695	0.00746
53	0.07473	0.02006	0.02299	0.37652	0.06297	0.16643	0.01896	0.02297	0.01667	0.02123	0.01295	0.01841	0.01040	0.00879	0.01021	0.00261	0.11395	0.00640	0.00376	0.00900
54	0.01239	0.00877	0.01193	0.01349	0.01495	0.00874	0.01124	0.01535	0.01706	0.02227	0.03959	0.12537	0.04360	0.12550	0.01525	0.00422	0.00718	0.48931	0.00694	0.00688
55	0.02794	0.01919	0.02127	0.04636	0.02379	0.04081	0.01383	0.38822	0.05396	0.15499	0.06190	0.02314	0.01849	0.00969	0.00787	0.00233	0.00804	0.00758	0.00779	0.06279
56	0.01227	0.00897	0.01208	0.01363	0.01558	0.00877	0.01178	0.01568	0.01823	0.02339	0.04765	0.08751	0.13774	0.02164	0.01072	0.00351	0.00682	0.52952	0.00731	0.00721
57	0.01644	0.01409	0.01644	0.01175	0.01879	0.01057	0.00940	0.01997	0.01644	0.02584	0.01409	0.01644	0.01175	0.00587	0.00587	0.00117	0.00587	0.00470	0.00470	0.76979
58	0.02804	0.02499	0.12084	0.01889	0.02603	0.02368	0.01718	0.55371	0.03425	0.04630	0.01833	0.01870	0.01298	0.00923	0.00787	0.00240	0.00917	0.00695	0.00726	0.01322
59	0.01700	0.00786	0.01152	0.01089	0.01180	0.00759	0.00759	0.01452	0.01216	0.11187	0.01636	0.02453	0.01464	0.02493	0.02759	0.65592	0.00687	0.00705	0.00439	0.00493
60	0.01239	0.00912	0.01096	0.01045	0.01045	0.01014	0.00666	0.01265	0.01162	0.01592	0.02283	0.04679	0.02611	0.61673	0.03824	0.00706	0.11104	0.01085	0.00461	0.00538
61	0.02333	0.62074	0.03813	0.01365	0.02034	0.02846	0.01329	0.02595	0.01709	0.11603	0.01402	0.01483	0.01157	0.00723	0.00551	0.00181	0.00822	0.00479	0.00434	0.01067
62	0.01026	0.00893	0.01045	0.11073	0.01724	0.00834	0.00844	0.01282	0.01790	0.02160	0.09061	0.06758	0.55105	0.01815	0.00916	0.00267	0.00498	0.01522	0.00684	0.00703
63	0.01213	0.01039	0.01452	0.11432	0.01997	0.01200	0.01151	0.01498	0.01507	0.02022	0.06381	0.04195	0.20567	0.03239	0.27276	0.00664	0.10839	0.01069	0.00512	0.00746
64	0.55729	0.06189	0.01472	0.01157	0.01620	0.01804	0.00961	0.06924	0.01536	0.03301	0.01316	0.01604	0.01073	0.01519	0.10641	0.00392	0.00872	0.00513	0.00494	0.00884
65	0.01049	0.00804	0.01190	0.01237	0.01353	0.00750	0.04945	0.01257	0.01649	0.02229	0.13412	0.57304	0.05308	0.02237	0.00996	0.00308	0.00505	0.02046	0.00734	0.00688

[dist]
# distance from previous block
# <min> <max>
0	1

[block]
# block no. 2 follows, 24 sequences, length 15
# corresponding to MSA columns:
# 93-107
name=unknown_C
#
# <colnr> <probs for GDERKNQSTAVLIFYWHMCP>
#	G	D	E	R	K	N	Q	S	T	A	V	L	I	F	Y	W	H	M	C	P
0	0.05714	0.02010	0.01987	0.01632	0.02112	0.13141	0.05354	0.27496	0.02621	0.03348	0.03336	0.03360	0.18309	0.01431	0.04307	0.00295	0.00928	0.00937	0.00655	0.01026
1	0.01689	0.02094	0.18882	0.01517	0.02233	0.01373	0.01491	0.02275	0.05835	0.04872	0.01659	0.02052	0.01365	0.06173	0.01019	0.00228	0.04351	0.00604	0.00470	0.39818
2	0.02025	0.33590	0.11999	0.19478	0.03182	0.13393	0.01817	0.02432	0.01717	0.02007	0.01246	0.01571	0.01027	0.00741	0.00649	0.00211	0.01041	0.00533	0.00353	0.00987
3	0.03064	0.19884	0.02438	0.01412	0.02030	0.01739	0.01222	0.03504	0.06939	0.45715	0.02610	0.02348	0.01752	0.00910	0.00723	0.00227	0.00716	0.00708	0.00801	0.01256
4	0.23366	0.09967	0.20022	0.01754	0.05590	0.07355	0.01658	0.07149	0.03612	0.02916	0.04634	0.03779	0.03362	0.00889	0.00677	0.00238	0.00873	0.00657	0.00483	0.01019
5	0.01590	0.04102	0.68023	0.02260	0.03432	0.01842	0.02930	0.02511	0.01674	0.02511	0.01423	0.01674	0.01005	0.00753	0.00753	0.00251	0.01172	0.00586	0.00335	0.01172
6	0.02056	0.54306	0.04291	0.01873	0.02583	0.02844	0.17706	0.02418	0.01679	0.02041	0.01233	0.01497	0.01066	0.00676	0.00620	0.00195	0.00975	0.00557	0.00355	0.01031
7	0.01651	0.07228	0.44819	0.19844	0.03842	0.01918	0.02597	0.04759	0.01726	0.02444	0.01420	0.01774	0.01032	0.00767	0.00751	0.00249	0.01112	0.00613	0.00357	0.01094
8	0.02535	0.01575	0.02047	0.19375	0.02963	0.01691	0.01496	0.18078	0.09235	0.23520	0.07245	0.02626	0.02047	0.00984	0.00807	0.00251	0.00794	0.00812	0.00745	0.01172
9	0.77733	0.01534	0.01166	0.01043	0.01534	0.01779	0.00859	0.02331	0.01350	0.03558	0.01104	0.01288	0.00859	0.00736	0.00491	0.00245	0.00613	0.00429	0.00491	0.00859
10	0.01078	0.00787	0.00787	0.00787	0.01033	0.00688	0.00590	0.01322	0.01770	0.02354	0.06619	0.06417	0.50025	0.01727	0.00838	0.00246	0.00393	0.01431	0.20423	0.00688
11	0.01704	0.01574	0.02622	0.03890	0.50034	0.01562	0.01993	0.02088	0.01731	0.02444	0.02239	0.20053	0.02292	0.01168	0.00844	0.00258	0.00817	0.01109	0.00482	0.01097
12	0.01684	0.01869	0.07011	0.35898	0.11484	0.01865	0.24063	0.02278	0.01715	0.02294	0.01487	0.02082	0.01127	0.00738	0.00840	0.00262	0.01150	0.00779	0.00373	0.01004
13	0.02877	0.01208	0.01571	0.01253	0.01777	0.01037	0.01019	0.03156	0.02150	0.50698	0.04402	0.03980	0.18819	0.01248	0.00834	0.00251	0.00604	0.01025	0.00918	0.01173
14	0.03133	0.02414	0.02214	0.01781	0.02352	0.19414	0.01431	0.33873	0.02990	0.19432	0.02025	0.01974	0.01413	0.00924	0.00774	0.00231	0.00969	0.00681	0.00739	0.01237

[dist]
# distance from previous block
# <min> <max>
0	9

[block]
# block no. 3 follows, 24 sequences, length 55
# corresponding to MSA columns:
# 117-171
name=unknown_D
#
# <colnr> <probs for GDERKNQSTAVLIFYWHMCP>
#	G	D	E	R	K	N	Q	S	T	A	V	L	I	F	Y	W	H	M	C	P
0	0.01600	0.03634	0.56497	0.02072	0.03162	0.01705	0.02584	0.02422	0.01669	0.02524	0.01421	0.01669	0.01034	0.00725	0.00725	0.00228	0.01070	0.00566	0.00358	0.14335
1	0.14425	0.00936	0.01078	0.01005	0.01245	0.00927	0.00767	0.01641	0.02089	0.03246	0.55365	0.05119	0.06332	0.01467	0.00858	0.00249	0.00416	0.01260	0.00807	0.00767
2	0.01990	0.14165	0.03381	0.04258	0.55872	0.02102	0.02247	0.02423	0.01772	0.02465	0.01424	0.01843	0.01215	0.00702	0.00737	0.00224	0.00926	0.00657	0.00383	0.01215
3	0.02648	0.03257	0.02007	0.01838	0.02176	0.57109	0.01350	0.02817	0.02057	0.01871	0.01447	0.02083	0.01345	0.13200	0.01292	0.00302	0.01315	0.00622	0.00421	0.00843
4	0.64403	0.01387	0.01123	0.01053	0.01467	0.01582	0.00837	0.02118	0.01379	0.03292	0.01671	0.13500	0.01620	0.01040	0.00581	0.00259	0.00587	0.00746	0.00533	0.00822
5	0.00937	0.00803	0.00803	0.00803	0.01071	0.00669	0.00602	0.01138	0.01807	0.02142	0.08033	0.07632	0.66863	0.02008	0.00937	0.00268	0.00402	0.01674	0.00736	0.00669
6	0.01977	0.01399	0.01678	0.01216	0.01904	0.01076	0.00979	0.02321	0.01753	0.13897	0.01708	0.01827	0.01311	0.00656	0.00624	0.00140	0.00602	0.00527	0.00559	0.63846
7	0.02864	0.02082	0.02248	0.01765	0.02366	0.02302	0.01444	0.50662	0.14417	0.08224	0.02202	0.02132	0.01569	0.00975	0.00796	0.00244	0.00819	0.00750	0.00806	0.01332
8	0.01783	0.01764	0.02256	0.01901	0.02062	0.05011	0.01566	0.02083	0.04301	0.02092	0.01213	0.01762	0.01127	0.01210	0.02089	0.00297	0.52329	0.00657	0.00392	0.14104
9	0.01514	0.01877	0.13777	0.58424	0.05109	0.01776	0.02329	0.02110	0.01601	0.02110	0.01412	0.02038	0.01048	0.00786	0.00786	0.00262	0.01077	0.00684	0.00349	0.00931
10	0.00969	0.00805	0.00848	0.00837	0.01091	0.00683	0.00628	0.01200	0.01883	0.02322	0.18232	0.07335	0.56552	0.01941	0.00937	0.00265	0.00397	0.01632	0.00760	0.00683
11	0.01142	0.00903	0.01073	0.01007	0.01292	0.00773	0.00765	0.01424	0.01877	0.02537	0.24227	0.14413	0.25354	0.01715	0.00895	0.00249	0.00453	0.05222	0.00732	0.13945
12	0.01175	0.13185	0.01490	0.01142	0.01306	0.01083	0.00845	0.01347	0.01575	0.02062	0.07302	0.55715	0.04636	0.02122	0.00920	0.00292	0.00523	0.01891	0.00675	0.00715
13	0.64432	0.01415	0.01184	0.01083	0.01513	0.01642	0.00882	0.02172	0.01336	0.03260	0.01281	0.01605	0.01054	0.01641	0.12385	0.00424	0.00876	0.00502	0.00479	0.00833
14	0.64853	0.01502	0.01283	0.01107	0.01619	0.01672	0.00912	0.02597	0.01509	0.14702	0.01456	0.01533	0.01051	0.00779	0.00544	0.00245	0.00624	0.00493	0.00576	0.00944
15	0.01150	0.00783	0.00936	0.00936	0.00961	0.00807	0.00569	0.01199	0.01174	0.01590	0.02434	0.04829	0.02727	0.60639	0.15315	0.00857	0.01004	0.01100	0.00471	0.00520
16	0.02833	0.02131	0.02278	0.01788	0.02390	0.02375	0.01463	0.54065	0.14498	0.04706	0.02134	0.02087	0.01535	0.00973	0.00796	0.00243	0.00830	0.00746	0.00796	0.01332
17	0.01807	0.02012	0.04280	0.14956	0.04373	0.01963	0.53521	0.02451	0.01822	0.02451	0.01570	0.02135	0.01178	0.00690	0.00911	0.00267	0.01288	0.00896	0.00393	0.01037
18	0.77733	0.01534	0.01166	0.01043	0.01534	0.01779	0.00859	0.02331	0.01350	0.03558	0.01104	0.01288	0.00859	0.00736	0.00491	0.00245	0.00613	0.00429	0.00491	0.00859
19	0.77733	0.01534	0.01166	0.01043	0.01534	0.01779	0.00859	0.02331	0.01350	0.03558	0.01104	0.01288	0.00859	0.00736	0.00491	0.00245	0.00613	0.00429	0.00491	0.00859
20	0.03558	0.01350	0.01840	0.01411	0.02024	0.01166	0.01166	0.03865	0.02270	0.67734	0.03128	0.02699	0.01963	0.00981	0.00797	0.00245	0.00675	0.00797	0.00981	0.01350
21	0.00966	0.00690	0.00920	0.01104	0.01150	0.00644	0.00736	0.01104	0.01518	0.02024	0.04371	0.71614	0.05245	0.02484	0.01012	0.00322	0.00460	0.02254	0.00736	0.00644
22	0.03014	0.02221	0.02380	0.01825	0.02459	0.02459	0.01507	0.64541	0.03728	0.04998	0.01904	0.01904	0.01349	0.00952	0.00793	0.00238	0.00873	0.00714	0.00793	0.01349
23	0.00966	0.00690	0.00920	0.01104	0.01150	0.00644	0.00736	0.01104	0.01518	0.02024	0.04371	0.71614	0.05245	0.02484	0.01012	0.00322	0.00460	0.02254	0.00736	0.00644
24	0.01133	0.00850	0.01274	0.01274	0.01416	0.00991	0.00991	0.01416	0.01274	0.01841	0.02124	0.03115	0.01982	0.05947	0.68989	0.01274	0.02124	0.00850	0.00425	0.00708
25	0.01972	0.01703	0.01793	0.01614	0.02062	0.01972	0.01255	0.04214	0.65752	0.03317	0.03228	0.02959	0.02421	0.01076	0.00807	0.00269	0.00628	0.00897	0.00807	0.01255
26	0.03558	0.01350	0.01840	0.01411	0.02024	0.01166	0.01166	0.03865	0.02270	0.67734	0.03128	0.02699	0.01963	0.00981	0.00797	0.00245	0.00675	0.00797	0.00981	0.01350
27	0.00966	0.00690	0.00920	0.01104	0.01150	0.00644	0.00736	0.01104	0.01518	0.02024	0.04371	0.71614	0.05245	0.02484	0.01012	0.00322	0.00460	0.02254	0.00736	0.00644
28	0.01972	0.01712	0.01860	0.01766	0.05110	0.01968	0.01310	0.04130	0.62759	0.03283	0.03146	0.02912	0.02366	0.01059	0.00806	0.00267	0.00642	0.00888	0.00787	0.01255
29	0.02007	0.01690	0.01794	0.01600	0.02049	0.01931	0.01258	0.09692	0.55147	0.03397	0.03305	0.03260	0.04598	0.01141	0.00822	0.00270	0.00647	0.03369	0.00800	0.01223
30	0.01831	0.01996	0.03879	0.03002	0.06372	0.02138	0.41070	0.02329	0.01654	0.02337	0.01416	0.01999	0.01153	0.00905	0.01472	0.00292	0.23916	0.00846	0.00383	0.01012
31	0.01872	0.02139	0.04679	0.03342	0.04144	0.02005	0.64305	0.02540	0.01872	0.02540	0.01604	0.02139	0.01203	0.00668	0.00936	0.00267	0.01337	0.00936	0.00401	0.01070
32	0.01959	0.01895	0.03281	0.04802	0.64492	0.01889	0.05076	0.02438	0.01808	0.02589	0.01496	0.01970	0.01254	0.00705	0.00791	0.00237	0.00959	0.00716	0.00393	0.01248
33	0.00966	0.00690	0.00920	0.01104	0.01150	0.00644	0.00736	0.01104	0.01518	0.02024	0.04371	0.71614	0.05245	0.02484	0.01012	0.00322	0.00460	0.02254	0.00736	0.00644
34	0.14211	0.01376	0.01743	0.01358	0.01954	0.01254	0.01121	0.03644	0.02138	0.58517	0.02838	0.02496	0.01804	0.00946	0.00753	0.00245	0.00666	0.00745	0.00911	0.01279
35	0.77733	0.01534	0.01166	0.01043	0.01534	0.01779	0.00859	0.02331	0.01350	0.03558	0.01104	0.01288	0.00859	0.00736	0.00491	0.00245	0.00613	0.00429	0.00491	0.00859
36	0.01122	0.00811	0.01060	0.00998	0.01185	0.00748	0.00748	0.01496	0.02245	0.03180	0.66766	0.05923	0.07482	0.01621	0.00935	0.00249	0.00374	0.01434	0.00873	0.00748
37	0.01114	0.00809	0.01052	0.01014	0.01197	0.00747	0.00763	0.01470	0.02177	0.03053	0.59064	0.09134	0.09591	0.01699	0.00945	0.00258	0.00394	0.03923	0.00856	0.00740
38	0.03558	0.01350	0.01840	0.01411	0.02024	0.01166	0.01166	0.03865	0.02270	0.67734	0.03128	0.02699	0.01963	0.00981	0.00797	0.00245	0.00675	0.00797	0.00981	0.01350
39	0.00966	0.00690	0.00920	0.01104	0.01150	0.00644	0.00736	0.01104	0.01518	0.02024	0.04371	0.71614	0.05245	0.02484	0.01012	0.00322	0.00460	0.02254	0.00736	0.00644
40	0.03014	0.02221	0.02380	0.01825	0.02459	0.02459	0.01507	0.64541	0.03728	0.04998	0.01904	0.01904	0.01349	0.00952	0.00793	0.00238	0.00873	0.00714	0.00793	0.01349
41	0.01478	0.00739	0.00739	0.00739	0.00924	0.00739	0.00554	0.01848	0.01663	0.02956	0.02587	0.02956	0.02033	0.00924	0.00554	0.00185	0.00370	0.00739	0.76534	0.00739
42	0.01377	0.00689	0.01033	0.01033	0.01033	0.00689	0.00689	0.01033	0.01033	0.01377	0.01377	0.02410	0.01377	0.02755	0.03099	0.76928	0.00689	0.00689	0.00344	0.00344
43	0.00966	0.00690	0.00920	0.01104	0.01150	0.00644	0.00736	0.01104	0.01518	0.02024	0.04371	0.71614	0.05245	0.02484	0.01012	0.00322	0.00460	0.02254	0.00736	0.00644
44	0.01800	0.01516	0.01746	0.01282	0.01985	0.01148	0.01006	0.02097	0.01737	0.02714	0.01568	0.01866	0.01326	0.00699	0.00658	0.00150	0.00642	0.00524	0.00523	0.75013
45	0.01140	0.00816	0.01042	0.01213	0.01275	0.00747	0.00808	0.01229	0.01614	0.02169	0.04449	0.69954	0.05287	0.02545	0.01071	0.00349	0.00518	0.02261	0.00783	0.00731
46	0.01674	0.01540	0.02464	0.63485	0.05223	0.01883	0.02200	0.02117	0.01652	0.02163	0.01541	0.02296	0.01210	0.00942	0.00990	0.00299	0.06198	0.00752	0.00409	0.00960
47	0.07023	0.03034	0.02538	0.02777	0.19236	0.38748	0.01775	0.09784	0.02322	0.02685	0.01526	0.01840	0.01265	0.00904	0.00796	0.00248	0.01228	0.00633	0.00507	0.01130
48	0.03133	0.02306	0.02462	0.01914	0.02549	0.02513	0.01558	0.62959	0.03765	0.05063	0.02049	0.02119	0.01495	0.01054	0.00858	0.00267	0.00920	0.00762	0.00838	0.01417
49	0.01266	0.00869	0.01004	0.01052	0.01083	0.00831	0.00635	0.01262	0.01367	0.01841	0.03185	0.25098	0.03692	0.49577	0.03113	0.00651	0.00727	0.01517	0.00610	0.00621
50	0.02208	0.01758	0.01965	0.01475	0.02157	0.01566	0.01175	0.20724	0.02357	0.03433	0.01715	0.01943	0.01378	0.00807	0.00719	0.00186	0.00727	0.00597	0.00620	0.52489
51	0.01888	0.02138	0.06663	0.03755	0.22892	0.01963	0.43535	0.02507	0.01844	0.02554	0.01564	0.02069	0.01211	0.00683	0.00884	0.00257	0.01213	0.00854	0.00396	0.01129
52	0.07556	0.01619	0.01963	0.01513	0.02126	0.01585	0.01250	0.21849	0.02652	0.45451	0.02650	0.02383	0.01718	0.00959	0.00779	0.00243	0.00730	0.00752	0.00898	0.01322
53	0.02597	0.01478	0.01798	0.01491	0.01970	0.01485	0.01232	0.23226	0.02672	0.25376	0.12966	0.04030	0.03083	0.01283	0.00870	0.00264	0.00702	0.11471	0.00858	0.01147
54	0.02536	0.01186	0.01525	0.03607	0.01835	0.01068	0.01030	0.02927	0.05656	0.40134	0.06548	0.06783	0.19054	0.01326	0.00847	0.00256	0.00596	0.01105	0.00873	0.01104

[dist]
# distance from previous block
# <min> <max>
0	1

[block]
# block no. 4 follows, 24 sequences, length 71
# corresponding to MSA columns:
# 178-248
name=unknown_E
#
# <colnr> <probs for GDERKNQSTAVLIFYWHMCP>
#	G	D	E	R	K	N	Q	S	T	A	V	L	I	F	Y	W	H	M	C	P
0	0.18771	0.01791	0.01822	0.01463	0.01980	0.01981	0.01196	0.39020	0.02854	0.04307	0.05888	0.02161	0.01717	0.00944	0.00706	0.00233	0.00720	0.00701	0.10620	0.01126
1	0.07541	0.01486	0.01722	0.01386	0.01903	0.04501	0.01119	0.09431	0.05304	0.37160	0.14210	0.03025	0.02775	0.01061	0.00791	0.00240	0.00667	0.00860	0.00858	0.03960
2	0.02962	0.03779	0.02247	0.02043	0.02451	0.68948	0.01532	0.03166	0.02247	0.01941	0.01226	0.01430	0.01021	0.00817	0.00715	0.00204	0.01430	0.00511	0.00409	0.00919
3	0.01964	0.01917	0.03122	0.09561	0.60341	0.04274	0.02384	0.02430	0.01805	0.02526	0.01476	0.01955	0.01233	0.00717	0.00783	0.00237	0.00968	0.00699	0.00390	0.01217
4	0.05620	0.57586	0.12494	0.01488	0.02214	0.05315	0.01551	0.02420	0.01631	0.02034	0.01150	0.01332	0.01009	0.00696	0.00548	0.00185	0.00902	0.00449	0.00348	0.01027
5	0.01220	0.00911	0.01175	0.01251	0.01462	0.00888	0.01041	0.01656	0.05169	0.02574	0.19545	0.07712	0.15384	0.01970	0.01017	0.00317	0.00587	0.34603	0.00769	0.00751
6	0.04698	0.01764	0.02317	0.01896	0.02156	0.04335	0.04691	0.05047	0.01526	0.04563	0.01262	0.01753	0.01114	0.01119	0.01840	0.00282	0.43023	0.00652	0.00424	0.15538
7	0.01086	0.00805	0.01013	0.00971	0.01165	0.00731	0.00724	0.01423	0.02146	0.02968	0.54868	0.08825	0.16898	0.01718	0.00939	0.00255	0.00382	0.01505	0.00846	0.00731
8	0.00976	0.00694	0.00917	0.01091	0.01135	0.00651	0.00723	0.01107	0.01499	0.01998	0.04271	0.68085	0.05119	0.06185	0.01173	0.00346	0.00476	0.02196	0.00723	0.00635
9	0.01872	0.02139	0.04679	0.03342	0.04144	0.02005	0.64305	0.02540	0.01872	0.02540	0.01604	0.02139	0.01203	0.00668	0.00936	0.00267	0.01337	0.00936	0.00401	0.01070
10	0.01478	0.00739	0.00739	0.00739	0.00924	0.00739	0.00554	0.01848	0.01663	0.02956	0.02587	0.02956	0.02033	0.00924	0.00554	0.00185	0.00370	0.00739	0.76534	0.00739
11	0.01735	0.01735	0.02429	0.02082	0.02082	0.02429	0.01735	0.01908	0.01214	0.01908	0.01041	0.01735	0.01041	0.01388	0.02602	0.00347	0.70680	0.00694	0.00347	0.00867
12	0.77733	0.01534	0.01166	0.01043	0.01534	0.01779	0.00859	0.02331	0.01350	0.03558	0.01104	0.01288	0.00859	0.00736	0.00491	0.00245	0.00613	0.00429	0.00491	0.00859
13	0.01909	0.35243	0.30422	0.01764	0.02602	0.07300	0.01992	0.02443	0.01718	0.02210	0.04734	0.01698	0.01356	0.00770	0.00648	0.00210	0.01000	0.00551	0.00371	0.01060
14	0.03536	0.01384	0.01862	0.01427	0.02042	0.01217	0.01179	0.06292	0.02328	0.65224	0.03079	0.02667	0.01938	0.00980	0.00797	0.00245	0.00683	0.00794	0.00974	0.01349
15	0.02120	0.72609	0.04155	0.01357	0.02035	0.03138	0.01357	0.02374	0.01611	0.01866	0.01102	0.01272	0.01018	0.00678	0.00509	0.00170	0.00848	0.00424	0.00339	0.01018
16	0.01626	0.01384	0.01626	0.01189	0.01867	0.01050	0.00957	0.01979	0.01654	0.02573	0.01551	0.02015	0.01347	0.00669	0.00613	0.00130	0.00595	0.03588	0.00483	0.73106
17	0.00983	0.00702	0.00938	0.01113	0.01169	0.00657	0.00756	0.01138	0.01556	0.02079	0.06654	0.66976	0.05303	0.02442	0.01012	0.00321	0.00467	0.04343	0.00741	0.00651
18	0.01122	0.00811	0.01060	0.00998	0.01185	0.00748	0.00748	0.01496	0.02245	0.03180	0.66766	0.05923	0.07482	0.01621	0.00935	0.00249	0.00374	0.01434	0.00873	0.00748
19	0.01741	0.01583	0.01689	0.01238	0.01921	0.06038	0.00983	0.02083	0.01689	0.02537	0.01396	0.01629	0.01163	0.00604	0.00597	0.00124	0.00649	0.00473	0.00465	0.71399
20	0.01067	0.00746	0.00947	0.01023	0.01072	0.00737	0.00666	0.01184	0.01402	0.01898	0.07758	0.34136	0.04141	0.29526	0.09520	0.00591	0.00753	0.01623	0.00614	0.00595
21	0.01572	0.00991	0.01232	0.01192	0.01488	0.00932	0.00969	0.02021	0.06660	0.13074	0.16933	0.06557	0.21942	0.01755	0.00951	0.00290	0.00554	0.19227	0.00805	0.00855
22	0.01153	0.00769	0.00865	0.00865	0.00865	0.00769	0.00480	0.01153	0.01153	0.01538	0.02499	0.05189	0.02883	0.72131	0.04036	0.00769	0.00769	0.01153	0.00480	0.00480
23	0.77733	0.01534	0.01166	0.01043	0.01534	0.01779	0.00859	0.02331	0.01350	0.03558	0.01104	0.01288	0.00859	0.00736	0.00491	0.00245	0.00613	0.00429	0.00491	0.00859
24	0.01867	0.01368	0.01606	0.07560	0.06728	0.01497	0.01173	0.13193	0.17140	0.03261	0.04413	0.02874	0.04272	0.00994	0.00717	0.00229	0.00620	0.00818	0.28656	0.01014
25	0.01451	0.01446	0.02866	0.02273	0.02715	0.01359	0.33234	0.01877	0.01721	0.02313	0.02946	0.31542	0.03131	0.01536	0.00979	0.00297	0.00928	0.05953	0.00565	0.00868
26	0.02037	0.01689	0.01795	0.01606	0.02061	0.01940	0.01252	0.04200	0.63168	0.05940	0.03224	0.02948	0.02402	0.01072	0.00807	0.00268	0.00629	0.00893	0.00814	0.01259
27	0.02417	0.01152	0.01515	0.01246	0.01666	0.01047	0.00994	0.06174	0.02340	0.34791	0.32082	0.04125	0.04446	0.01272	0.00860	0.00247	0.00549	0.01083	0.00921	0.01075
28	0.01608	0.03979	0.64051	0.02328	0.03477	0.01852	0.06778	0.02513	0.01687	0.02513	0.01434	0.01703	0.01017	0.00748	0.00765	0.00252	0.01182	0.00608	0.00339	0.01166
29	0.01926	0.01833	0.03116	0.04686	0.63702	0.01833	0.02372	0.02392	0.01807	0.02579	0.01635	0.02334	0.01432	0.00785	0.00802	0.00242	0.00931	0.03955	0.00410	0.01228
30	0.01127	0.00805	0.01105	0.01288	0.01404	0.00783	0.01016	0.01382	0.01677	0.02204	0.04282	0.39277	0.04893	0.02333	0.01055	0.00344	0.00599	0.33004	0.00733	0.00689
31	0.01963	0.01884	0.03219	0.04867	0.67185	0.01884	0.02434	0.02434	0.01806	0.02591	0.01492	0.01963	0.01256	0.00707	0.00785	0.00236	0.00942	0.00707	0.00393	0.01256
32	0.02678	0.01931	0.02104	0.01689	0.02248	0.02127	0.01370	0.39175	0.21057	0.09953	0.05454	0.02462	0.01996	0.01021	0.00804	0.00248	0.00762	0.00807	0.00817	0.01294
33	0.01031	0.00736	0.00968	0.01128	0.01200	0.00699	0.00794	0.01195	0.01545	0.02041	0.04313	0.53458	0.07205	0.08579	0.01290	0.00366	0.00528	0.11567	0.00713	0.00644
34	0.01046	0.00789	0.00914	0.00965	0.01159	0.00708	0.00725	0.01289	0.01800	0.02345	0.14582	0.20598	0.34018	0.02000	0.00944	0.00282	0.00446	0.08666	0.06038	0.00687
35	0.02932	0.06315	0.02324	0.02009	0.02436	0.64158	0.01525	0.05273	0.02275	0.02044	0.01245	0.01441	0.01033	0.00817	0.00710	0.00204	0.01389	0.00515	0.00419	0.00938
36	0.01644	0.01409	0.01644	0.01175	0.01879	0.01057	0.00940	0.01997	0.01644	0.02584	0.01409	0.01644	0.01175	0.00587	0.00587	0.00117	0.00587	0.00470	0.00470	0.76979
37	0.03312	0.01999	0.02052	0.01629	0.02212	0.13274	0.01318	0.19594	0.02647	0.39920	0.02478	0.02271	0.01639	0.00945	0.00782	0.00236	0.00858	0.00726	0.00833	0.01275
38	0.02965	0.03706	0.02253	0.02033	0.02452	0.65835	0.01531	0.06040	0.02317	0.02084	0.01257	0.01452	0.01037	0.00823	0.00719	0.00206	0.01404	0.00520	0.00427	0.00939
39	0.01037	0.00820	0.00965	0.00966	0.01192	0.00748	0.00746	0.01306	0.01858	0.02389	0.21726	0.06809	0.38845	0.02377	0.08714	0.00387	0.00621	0.07059	0.00734	0.00699
40	0.02104	0.01676	0.01925	0.01663	0.02117	0.01894	0.03629	0.06121	0.49648	0.09166	0.03169	0.02970	0.04528	0.01096	0.00906	0.00270	0.04218	0.00900	0.00781	0.01220
41	0.01153	0.00769	0.00865	0.00865	0.00865	0.00769	0.00480	0.01153	0.01153	0.01538	0.02499	0.05189	0.02883	0.72131	0.04036	0.00769	0.00769	0.01153	0.00480	0.00480
42	0.02036	0.02023	0.03147	0.04660	0.62436	0.06804	0.02368	0.02487	0.01838	0.02543	0.01472	0.01924	0.01239	0.00715	0.00780	0.00233	0.00978	0.00692	0.00394	0.01231
43	0.02287	0.01848	0.01973	0.01644	0.02177	0.02052	0.01310	0.23917	0.39607	0.03806	0.02630	0.02494	0.01956	0.00992	0.00783	0.00245	0.00705	0.00798	0.00773	0.08001
44	0.01133	0.00850	0.01274	0.01274	0.01416	0.00991	0.00991	0.01416	0.01274	0.01841	0.02124	0.03115	0.01982	0.05947	0.68989	0.01274	0.02124	0.00850	0.00425	0.00708
45	0.01718	0.01459	0.02024	0.30076	0.03415	0.01476	0.01533	0.05029	0.01723	0.04699	0.01478	0.01893	0.01156	0.00736	0.00771	0.00198	0.03604	0.00600	0.00449	0.35963
46	0.52690	0.06716	0.01695	0.18758	0.02575	0.01874	0.01239	0.02256	0.01429	0.03042	0.01182	0.01498	0.00921	0.00746	0.00569	0.00245	0.00744	0.00499	0.00444	0.00876
47	0.01102	0.00788	0.01075	0.01248	0.01357	0.00760	0.00962	0.01344	0.01676	0.02216	0.06839	0.42867	0.05053	0.02327	0.01044	0.00337	0.00569	0.27014	0.00739	0.00684
48	0.01950	0.05314	0.02024	0.01380	0.02075	0.01375	0.04257	0.08973	0.01920	0.06891	0.01565	0.01744	0.01236	0.00661	0.00636	0.00149	0.00676	0.00538	0.00527	0.56108
49	0.01735	0.01735	0.02429	0.02082	0.02082	0.02429	0.01735	0.01908	0.01214	0.01908	0.01041	0.01735	0.01041	0.01388	0.02602	0.00347	0.70680	0.00694	0.00347	0.00867
50	0.06683	0.02063	0.02182	0.01695	0.02285	0.02282	0.01395	0.56186	0.03436	0.04755	0.01920	0.01960	0.01380	0.00939	0.00758	0.00234	0.00818	0.00702	0.07053	0.01273
51	0.03371	0.01649	0.02026	0.01553	0.02174	0.01610	0.01283	0.24734	0.02771	0.46156	0.02707	0.02426	0.01752	0.00971	0.00796	0.00243	0.00743	0.00769	0.00917	0.01349
52	0.01478	0.00739	0.00739	0.00739	0.00924	0.00739	0.00554	0.01848	0.01663	0.02956	0.02587	0.02956	0.02033	0.00924	0.00554	0.00185	0.00370	0.00739	0.76534	0.00739
53	0.01655	0.01444	0.01786	0.01276	0.01985	0.01101	0.03906	0.02022	0.01655	0.02582	0.01419	0.01668	0.01176	0.00591	0.00604	0.00124	0.00622	0.00492	0.00467	0.73426
54	0.01671	0.03570	0.51356	0.02655	0.08243	0.01876	0.14436	0.02511	0.01721	0.02523	0.01462	0.01783	0.01060	0.00734	0.00790	0.00253	0.01186	0.00661	0.00352	0.01159
55	0.01547	0.03799	0.61859	0.02144	0.03225	0.01741	0.02729	0.02418	0.01727	0.02573	0.07438	0.02065	0.01601	0.00833	0.00770	0.00251	0.01099	0.00664	0.00384	0.01133
56	0.01296	0.00897	0.01228	0.01394	0.01577	0.00897	0.01211	0.01662	0.01811	0.02427	0.04050	0.08394	0.04331	0.02074	0.01045	0.00348	0.00697	0.56222	0.07708	0.00731
57	0.01402	0.05392	0.01365	0.01212	0.01470	0.00985	0.01012	0.01736	0.01977	0.07365	0.24573	0.06855	0.13550	0.01799	0.00964	0.00294	0.00574	0.25913	0.00771	0.00791
58	0.02129	0.61739	0.03805	0.01383	0.02047	0.07072	0.01329	0.02389	0.01654	0.01936	0.01138	0.01316	0.01032	0.00679	0.00529	0.00167	0.00861	0.00434	0.00356	0.08004
59	0.01073	0.00891	0.00951	0.00929	0.01198	0.00809	0.00706	0.01495	0.07766	0.02428	0.17140	0.06959	0.49332	0.01864	0.00930	0.00268	0.00428	0.03331	0.00765	0.00738
60	0.01918	0.01779	0.02990	0.04487	0.61086	0.01779	0.02261	0.02380	0.01792	0.02624	0.01592	0.02054	0.01328	0.00727	0.00764	0.00231	0.00889	0.00710	0.07401	0.01208
61	0.01655	0.06176	0.05319	0.28080	0.03949	0.01913	0.21798	0.02135	0.01599	0.02138	0.01511	0.02294	0.01266	0.07379	0.01324	0.00315	0.09053	0.00797	0.00378	0.00921
62	0.01219	0.00895	0.01216	0.01093	0.01167	0.00883	0.06355	0.01281	0.01219	0.01630	0.02416	0.04909	0.02728	0.65553	0.03751	0.00723	0.00821	0.01133	0.00473	0.00535
63	0.00990	0.00855	0.00953	0.07205	0.01478	0.00769	0.00755	0.01218	0.01776	0.02127	0.07279	0.09645	0.58378	0.01915	0.00927	0.00270	0.00464	0.01607	0.00701	0.00688
64	0.01566	0.03698	0.58813	0.02293	0.06262	0.01765	0.02728	0.02407	0.01644	0.02453	0.01491	0.01820	0.01106	0.01229	0.07036	0.00345	0.01249	0.00616	0.00346	0.01133
65	0.02042	0.01885	0.03019	0.06958	0.54712	0.01938	0.02265	0.08246	0.05983	0.02836	0.01635	0.02026	0.01330	0.00756	0.00787	0.00239	0.00920	0.00719	0.00454	0.01250
66	0.01878	0.02088	0.03982	0.02918	0.03613	0.06084	0.49893	0.02606	0.06616	0.02618	0.07698	0.02503	0.01859	0.00795	0.00912	0.00262	0.01202	0.00952	0.00475	0.01044
67	0.00966	0.00690	0.00920	0.01104	0.01150	0.00644	0.00736	0.01104	0.01518	0.02024	0.04371	0.71614	0.05245	0.02484	0.01012	0.00322	0.00460	0.02254	0.00736	0.00644
68	0.01688	0.07963	0.01875	0.01191	0.01894	0.01249	0.00978	0.02031	0.01641	0.02518	0.01381	0.01610	0.01160	0.00596	0.00580	0.00122	0.00611	0.00466	0.00458	0.69987
69	0.02180	0.01462	0.01961	0.01548	0.05149	0.01184	0.05043	0.02546	0.01832	0.19817	0.01880	0.01969	0.01389	0.00702	0.00674	0.00166	0.00674	0.00597	0.00597	0.48630
70	0.00949	0.00787	0.00830	0.00855	0.01087	0.00669	0.00628	0.01147	0.01783	0.02166	0.09816	0.16853	0.55577	0.02062	0.00948	0.00275	0.00409	0.01748	0.00742	0.00669

[dist]
# distance from previous block
# <min> <max>
0	19

# created by:
# /st0/software/busco_prod/Augustus/scripts/msa2prfl.pl ./align_prep/102792.fa
