[name]
unknown

[dist]
# distance from previous block
# <min> <max>
4	80

[block]
# block no. 0 follows, 24 sequences, length 35
# corresponding to MSA columns:
# 80-114
name=unknown_A
#
# <colnr> <probs for GDERKNQSTAVLIFYWHMCP>
#	G	D	E	R	K	N	Q	S	T	A	V	L	I	F	Y	W	H	M	C	P
0	0.01565	0.03907	0.64091	0.02178	0.03282	0.01779	0.02786	0.02432	0.01644	0.02454	0.01486	0.01880	0.01114	0.04932	0.00946	0.00281	0.01148	0.00619	0.00343	0.01131
1	0.00998	0.00722	0.00944	0.01064	0.01153	0.00668	0.00731	0.01191	0.01691	0.02281	0.18066	0.53858	0.09148	0.02271	0.00991	0.00303	0.00438	0.02045	0.00766	0.00668
2	0.01556	0.01474	0.02462	0.59969	0.11182	0.01813	0.02197	0.02058	0.01585	0.02073	0.01396	0.02077	0.01075	0.00819	0.00898	0.00266	0.05122	0.00704	0.00356	0.00916
3	0.03009	0.02371	0.02367	0.01845	0.02458	0.08835	0.01510	0.58655	0.03586	0.04704	0.01839	0.01858	0.01317	0.00939	0.00786	0.00235	0.00926	0.00694	0.00756	0.01307
4	0.01512	0.01409	0.02308	0.63604	0.05118	0.01694	0.02081	0.02023	0.01591	0.02080	0.01409	0.02069	0.01068	0.00773	0.00773	0.00250	0.01012	0.00682	0.00364	0.08178
5	0.01861	0.02125	0.06290	0.03374	0.11936	0.01929	0.50885	0.02494	0.01844	0.02548	0.01573	0.02073	0.01202	0.00671	0.00891	0.00254	0.01238	0.00869	0.00402	0.05540
6	0.01153	0.00769	0.00865	0.00865	0.00865	0.00769	0.00480	0.01153	0.01153	0.01538	0.02499	0.05189	0.02883	0.72131	0.04036	0.00769	0.00769	0.01153	0.00480	0.00480
7	0.01377	0.00689	0.01033	0.01033	0.01033	0.00689	0.00689	0.01033	0.01033	0.01377	0.01377	0.02410	0.01377	0.02755	0.03099	0.76928	0.00689	0.00689	0.00344	0.00344
8	0.01698	0.01522	0.02457	0.50927	0.04636	0.01811	0.06953	0.08857	0.01836	0.02447	0.01544	0.02136	0.01163	0.00826	0.00843	0.00259	0.03093	0.00726	0.05327	0.00937
9	0.16546	0.01436	0.01756	0.01372	0.01965	0.01354	0.01133	0.07385	0.02199	0.52550	0.02697	0.02402	0.01731	0.00937	0.00743	0.00245	0.00676	0.00728	0.00884	0.01263
10	0.01244	0.00874	0.01109	0.01176	0.01399	0.00813	0.00966	0.01542	0.01870	0.05550	0.12488	0.11872	0.24355	0.02028	0.01008	0.00313	0.00567	0.29328	0.00761	0.00738
11	0.01140	0.00753	0.01004	0.01148	0.01235	0.00708	0.00807	0.01305	0.01571	0.05235	0.04186	0.57145	0.04873	0.06241	0.01179	0.00348	0.00520	0.09188	0.00733	0.00680
12	0.03528	0.01398	0.01870	0.01434	0.02048	0.01237	0.01184	0.07232	0.02351	0.64253	0.03060	0.02655	0.01929	0.00980	0.00797	0.00245	0.00686	0.00793	0.00971	0.01349
13	0.01590	0.04102	0.68023	0.02260	0.03432	0.01842	0.02930	0.02511	0.01674	0.02511	0.01423	0.01674	0.01005	0.00753	0.00753	0.00251	0.01172	0.00586	0.00335	0.01172
14	0.01023	0.00778	0.00948	0.01037	0.01174	0.00721	0.00727	0.01299	0.04420	0.02268	0.13853	0.43892	0.20570	0.02188	0.00974	0.00296	0.00441	0.01940	0.00758	0.00691
15	0.00961	0.00708	0.00901	0.01055	0.01137	0.00648	0.00714	0.01110	0.01565	0.02043	0.04963	0.61261	0.15215	0.02407	0.01000	0.00313	0.00451	0.02160	0.00736	0.00648
16	0.73100	0.01522	0.01208	0.01066	0.01564	0.01741	0.00878	0.02427	0.01407	0.07566	0.01231	0.01376	0.00928	0.00751	0.00510	0.00245	0.00617	0.00452	0.00521	0.00889
17	0.02410	0.01921	0.02039	0.01702	0.02229	0.02177	0.01361	0.29539	0.39715	0.04023	0.02672	0.02516	0.01971	0.01024	0.00801	0.00256	0.00730	0.00820	0.00801	0.01294
18	0.00988	0.00705	0.00945	0.01129	0.01184	0.00663	0.00773	0.01141	0.01539	0.02048	0.04359	0.67293	0.05198	0.02464	0.01018	0.00325	0.00479	0.06363	0.00736	0.00650
19	0.01081	0.00799	0.01008	0.00976	0.01164	0.00727	0.00725	0.01408	0.02117	0.02923	0.52466	0.11616	0.16543	0.01753	0.00942	0.00258	0.00386	0.01539	0.00840	0.00727
20	0.01054	0.00727	0.00894	0.00992	0.01017	0.00703	0.00616	0.01127	0.01347	0.01796	0.03494	0.40497	0.04138	0.35110	0.02429	0.00531	0.00605	0.01738	0.00616	0.00567
21	0.01112	0.00810	0.01045	0.00986	0.01178	0.00744	0.00740	0.01476	0.02219	0.03120	0.63366	0.06022	0.10920	0.01644	0.00935	0.00250	0.00376	0.01448	0.00865	0.00744
22	0.02969	0.02199	0.02354	0.01815	0.02442	0.02438	0.01496	0.61911	0.06432	0.04924	0.01962	0.01950	0.01395	0.00957	0.00794	0.00239	0.00862	0.00722	0.00794	0.01344
23	0.03045	0.01263	0.01693	0.01342	0.01870	0.01118	0.01091	0.03438	0.04666	0.53299	0.14961	0.03308	0.03006	0.01104	0.00823	0.00247	0.00617	0.00920	0.00955	0.01234
24	0.01283	0.00846	0.01111	0.01025	0.01240	0.00776	0.00776	0.01653	0.02246	0.07435	0.62572	0.05711	0.07118	0.01579	0.00926	0.00249	0.00394	0.01392	0.00880	0.00788
25	0.00966	0.00690	0.00920	0.01104	0.01150	0.00644	0.00736	0.01104	0.01518	0.02024	0.04371	0.71614	0.05245	0.02484	0.01012	0.00322	0.00460	0.02254	0.00736	0.00644
26	0.77733	0.01534	0.01166	0.01043	0.01534	0.01779	0.00859	0.02331	0.01350	0.03558	0.01104	0.01288	0.00859	0.00736	0.00491	0.00245	0.00613	0.00429	0.00491	0.00859
27	0.03227	0.01796	0.02106	0.01624	0.02241	0.01838	0.01338	0.33964	0.05470	0.34113	0.02525	0.02315	0.01676	0.00971	0.00796	0.00243	0.00771	0.00760	0.00881	0.01345
28	0.02731	0.02010	0.02178	0.01725	0.02278	0.02208	0.01401	0.55773	0.03423	0.04587	0.02245	0.11538	0.01887	0.01164	0.00824	0.00250	0.00816	0.00927	0.00785	0.01251
29	0.01080	0.00784	0.01017	0.01011	0.01172	0.00722	0.00739	0.01394	0.02066	0.02880	0.50417	0.20212	0.09887	0.01827	0.00952	0.00266	0.00394	0.01623	0.00837	0.00722
30	0.01767	0.01487	0.01757	0.05235	0.02142	0.01232	0.01067	0.07996	0.01841	0.02783	0.01457	0.01696	0.01184	0.00634	0.00619	0.00138	0.00642	0.00507	0.00494	0.65321
31	0.72683	0.01486	0.01159	0.01040	0.01511	0.01711	0.00852	0.02276	0.01409	0.03533	0.05432	0.01594	0.01295	0.00794	0.00520	0.00246	0.00598	0.00496	0.00516	0.00852
32	0.01604	0.01337	0.01614	0.05754	0.02026	0.01120	0.01023	0.05751	0.01749	0.02602	0.01949	0.13717	0.01877	0.00950	0.00687	0.00170	0.00614	0.00807	0.00528	0.54121
33	0.35052	0.17243	0.20615	0.01477	0.02208	0.02039	0.01567	0.02501	0.01562	0.07531	0.01339	0.01495	0.01013	0.00746	0.00590	0.00231	0.00824	0.00499	0.00450	0.01016
34	0.26144	0.16238	0.34469	0.01698	0.02558	0.02067	0.01967	0.02428	0.01558	0.02725	0.01260	0.01474	0.00960	0.00734	0.00623	0.00234	0.00931	0.00505	0.00386	0.01042

[dist]
# distance from previous block
# <min> <max>
0	2

[block]
# block no. 1 follows, 24 sequences, length 83
# corresponding to MSA columns:
# 117-199
name=unknown_B
#
# <colnr> <probs for GDERKNQSTAVLIFYWHMCP>
#	G	D	E	R	K	N	Q	S	T	A	V	L	I	F	Y	W	H	M	C	P
0	0.16410	0.01485	0.04885	0.03992	0.01947	0.01397	0.03736	0.08115	0.06992	0.03200	0.22031	0.05823	0.03341	0.01106	0.00761	0.00234	0.00630	0.00924	0.00653	0.12339
1	0.77733	0.01534	0.01166	0.01043	0.01534	0.01779	0.00859	0.02331	0.01350	0.03558	0.01104	0.01288	0.00859	0.00736	0.00491	0.00245	0.00613	0.00429	0.00491	0.00859
2	0.01713	0.01450	0.01681	0.01207	0.01908	0.01127	0.00968	0.05112	0.01748	0.02704	0.01434	0.01657	0.01183	0.00605	0.00598	0.00123	0.00601	0.00482	0.00486	0.73212
3	0.00960	0.00713	0.00896	0.01043	0.01134	0.00649	0.00709	0.01111	0.01577	0.02048	0.05119	0.58540	0.17836	0.02387	0.00997	0.00311	0.00448	0.02136	0.00736	0.00649
4	0.01276	0.01003	0.01555	0.01439	0.01649	0.01132	0.05215	0.04635	0.01436	0.02044	0.02079	0.02990	0.01899	0.05348	0.61080	0.01156	0.02010	0.00849	0.00442	0.00764
5	0.01644	0.01409	0.01644	0.01175	0.01879	0.01057	0.00940	0.01997	0.01644	0.02584	0.01409	0.01644	0.01175	0.00587	0.00587	0.00117	0.00587	0.00470	0.00470	0.76979
6	0.03558	0.01350	0.01840	0.01411	0.02024	0.01166	0.01166	0.03865	0.02270	0.67734	0.03128	0.02699	0.01963	0.00981	0.00797	0.00245	0.00675	0.00797	0.00981	0.01350
7	0.01149	0.00773	0.01015	0.01066	0.01202	0.00711	0.00757	0.01391	0.01852	0.05580	0.29261	0.40047	0.08089	0.02054	0.00969	0.00288	0.00434	0.01840	0.00802	0.00720
8	0.03558	0.01350	0.01840	0.01411	0.02024	0.01166	0.01166	0.03865	0.02270	0.67734	0.03128	0.02699	0.01963	0.00981	0.00797	0.00245	0.00675	0.00797	0.00981	0.01350
9	0.08917	0.01077	0.01363	0.01164	0.01536	0.00997	0.00917	0.02464	0.02149	0.27874	0.34346	0.06574	0.04698	0.01327	0.00845	0.00250	0.00514	0.01129	0.00875	0.00985
10	0.77733	0.01534	0.01166	0.01043	0.01534	0.01779	0.00859	0.02331	0.01350	0.03558	0.01104	0.01288	0.00859	0.00736	0.00491	0.00245	0.00613	0.00429	0.00491	0.00859
11	0.01650	0.00952	0.01284	0.01255	0.01509	0.00896	0.01025	0.01983	0.02007	0.14994	0.25027	0.06490	0.04945	0.06406	0.01180	0.00330	0.00602	0.25821	0.00810	0.00837
12	0.02182	0.01083	0.01427	0.01197	0.01574	0.00982	0.00946	0.04855	0.02311	0.29421	0.38498	0.04463	0.05011	0.01336	0.00874	0.00247	0.00515	0.01149	0.00914	0.01015
13	0.01965	0.01110	0.01299	0.01128	0.01532	0.01019	0.00888	0.02492	0.10811	0.24280	0.08656	0.05253	0.33317	0.01517	0.00872	0.00260	0.00523	0.01262	0.00835	0.00982
14	0.01104	0.00816	0.01034	0.00998	0.01197	0.00747	0.00760	0.01450	0.02148	0.02964	0.53408	0.06392	0.16601	0.01720	0.00946	0.00260	0.00402	0.05477	0.00842	0.00735
15	0.21907	0.01412	0.01613	0.01302	0.01823	0.01402	0.01064	0.09831	0.02194	0.34967	0.11937	0.02733	0.02436	0.01011	0.00740	0.00245	0.00636	0.00790	0.00820	0.01136
16	0.00978	0.00705	0.00926	0.01082	0.01149	0.00654	0.00731	0.01138	0.01592	0.02125	0.09706	0.63243	0.08252	0.02391	0.01002	0.00314	0.00450	0.02160	0.00747	0.00654
17	0.47278	0.01515	0.01450	0.01207	0.01736	0.01624	0.00993	0.08249	0.01838	0.21706	0.02009	0.01982	0.03724	0.00873	0.00621	0.00246	0.00646	0.00606	0.00665	0.01033
18	0.01684	0.01674	0.02464	0.02086	0.02153	0.02259	0.05810	0.01902	0.01264	0.01944	0.01185	0.01898	0.01145	0.01791	0.09050	0.00433	0.59310	0.00725	0.00358	0.00865
19	0.01478	0.00739	0.00739	0.00739	0.00924	0.00739	0.00554	0.01848	0.01663	0.02956	0.02587	0.02956	0.02033	0.00924	0.00554	0.00185	0.00370	0.00739	0.76534	0.00739
20	0.01153	0.00769	0.00865	0.00865	0.00865	0.00769	0.00480	0.01153	0.01153	0.01538	0.02499	0.05189	0.02883	0.72131	0.04036	0.00769	0.00769	0.01153	0.00480	0.00480
21	0.73339	0.01526	0.01235	0.05030	0.01760	0.01778	0.00936	0.02313	0.01363	0.03470	0.01122	0.01336	0.00870	0.00739	0.00508	0.00246	0.00639	0.00445	0.00483	0.00860
22	0.01647	0.08516	0.60054	0.02351	0.07014	0.01930	0.02797	0.02498	0.01678	0.02473	0.01406	0.01664	0.01020	0.00746	0.00739	0.00245	0.01137	0.00582	0.00338	0.01167
23	0.01023	0.00864	0.00897	0.00900	0.01172	0.00763	0.00692	0.01354	0.05494	0.02228	0.07462	0.07463	0.58370	0.01969	0.00942	0.00275	0.00440	0.06245	0.00740	0.00708
24	0.03014	0.02221	0.02380	0.01825	0.02459	0.02459	0.01507	0.64541	0.03728	0.04998	0.01904	0.01904	0.01349	0.00952	0.00793	0.00238	0.00873	0.00714	0.00793	0.01349
25	0.77733	0.01534	0.01166	0.01043	0.01534	0.01779	0.00859	0.02331	0.01350	0.03558	0.01104	0.01288	0.00859	0.00736	0.00491	0.00245	0.00613	0.00429	0.00491	0.00859
26	0.03558	0.01350	0.01840	0.01411	0.02024	0.01166	0.01166	0.03865	0.02270	0.67734	0.03128	0.02699	0.01963	0.00981	0.00797	0.00245	0.00675	0.00797	0.00981	0.01350
27	0.01872	0.02139	0.04679	0.03342	0.04144	0.02005	0.64305	0.02540	0.01872	0.02540	0.01604	0.02139	0.01203	0.00668	0.00936	0.00267	0.01337	0.00936	0.00401	0.01070
28	0.01122	0.00811	0.01060	0.00998	0.01185	0.00748	0.00748	0.01496	0.02245	0.03180	0.66766	0.05923	0.07482	0.01621	0.00935	0.00249	0.00374	0.01434	0.00873	0.00748
29	0.02962	0.03779	0.02247	0.02043	0.02451	0.68948	0.01532	0.03166	0.02247	0.01941	0.01226	0.01430	0.01021	0.00817	0.00715	0.00204	0.01430	0.00511	0.00409	0.00919
30	0.01644	0.01409	0.01644	0.01175	0.01879	0.01057	0.00940	0.01997	0.01644	0.02584	0.01409	0.01644	0.01175	0.00587	0.00587	0.00117	0.00587	0.00470	0.00470	0.76979
31	0.03532	0.01391	0.01866	0.01430	0.02045	0.01226	0.01182	0.06719	0.02338	0.64782	0.03071	0.02662	0.01934	0.00980	0.00797	0.00245	0.00684	0.00794	0.00973	0.01349
32	0.01094	0.00789	0.01035	0.01017	0.01178	0.00729	0.00746	0.01426	0.02114	0.02972	0.55527	0.17757	0.07079	0.01777	0.00949	0.00262	0.00390	0.01582	0.00848	0.00729
33	0.01972	0.01703	0.01793	0.01614	0.02062	0.01972	0.01255	0.04214	0.65752	0.03317	0.03228	0.02959	0.02421	0.01076	0.00807	0.00269	0.00628	0.00897	0.00807	0.01255
34	0.00982	0.00702	0.00934	0.01094	0.01154	0.00654	0.00737	0.01143	0.01590	0.02138	0.10534	0.65125	0.05466	0.02399	0.01005	0.00315	0.00452	0.02173	0.00750	0.00654
35	0.03329	0.01716	0.02067	0.01585	0.02207	0.01710	0.01309	0.29407	0.02884	0.41324	0.02613	0.02364	0.01704	0.00969	0.00796	0.00242	0.00758	0.00762	0.00902	0.01349
36	0.01012	0.00709	0.00907	0.01046	0.01081	0.00674	0.00674	0.01116	0.01429	0.01906	0.03915	0.55433	0.04669	0.19451	0.01749	0.00431	0.00535	0.01986	0.00674	0.00604
37	0.00980	0.00700	0.00937	0.01120	0.01173	0.00656	0.00761	0.01129	0.01532	0.02040	0.04363	0.68744	0.05214	0.02471	0.01016	0.00324	0.00472	0.04983	0.00736	0.00648
38	0.03424	0.01379	0.01836	0.01428	0.02027	0.01234	0.01173	0.03894	0.07630	0.62295	0.03137	0.02721	0.02002	0.00989	0.00798	0.00247	0.00671	0.00806	0.00967	0.01342
39	0.01972	0.01703	0.01793	0.01614	0.02062	0.01972	0.01255	0.04214	0.65752	0.03317	0.03228	0.02959	0.02421	0.01076	0.00807	0.00269	0.00628	0.00897	0.00807	0.01255
40	0.01498	0.01409	0.02378	0.70226	0.05462	0.01762	0.02202	0.02026	0.01586	0.02026	0.01409	0.02114	0.01057	0.00793	0.00793	0.00264	0.01057	0.00705	0.00352	0.00881
41	0.01651	0.01566	0.02656	0.48668	0.25820	0.01802	0.02279	0.02161	0.01658	0.02212	0.01437	0.02064	0.01123	0.00764	0.00790	0.00255	0.01019	0.00705	0.00366	0.01005
42	0.00997	0.00713	0.00951	0.01111	0.01178	0.00667	0.00764	0.01169	0.01605	0.02155	0.10526	0.62079	0.05433	0.02385	0.01009	0.00317	0.00465	0.05069	0.00749	0.00659
43	0.02153	0.69958	0.04082	0.01383	0.02051	0.05672	0.01364	0.02405	0.01636	0.01869	0.01107	0.01278	0.01018	0.00684	0.00517	0.00171	0.00870	0.00427	0.00342	0.01014
44	0.01520	0.00883	0.01160	0.01084	0.01323	0.00799	0.00814	0.01827	0.02083	0.14506	0.40018	0.18535	0.08929	0.01697	0.00926	0.00264	0.00447	0.01495	0.00859	0.00832
45	0.00979	0.00699	0.00934	0.01118	0.01170	0.00655	0.00758	0.01126	0.01531	0.02038	0.04364	0.69097	0.05217	0.02473	0.01015	0.00324	0.00471	0.04647	0.00736	0.00648
46	0.01524	0.01437	0.02427	0.66459	0.09019	0.01769	0.02216	0.02050	0.01598	0.02059	0.01414	0.02105	0.01069	0.00788	0.00792	0.00263	0.01050	0.00705	0.00355	0.00903
47	0.09678	0.01365	0.01785	0.01381	0.01984	0.01216	0.01140	0.03738	0.02194	0.62439	0.02961	0.02583	0.01872	0.00961	0.00772	0.00245	0.00670	0.00767	0.00941	0.01309
48	0.01326	0.00819	0.01088	0.01112	0.01275	0.00757	0.00809	0.01573	0.01860	0.09541	0.26081	0.35199	0.05556	0.04385	0.01070	0.00306	0.00479	0.05205	0.00802	0.00756
49	0.06319	0.00884	0.01085	0.01006	0.01230	0.00835	0.00757	0.01639	0.02112	0.06381	0.53103	0.05500	0.09495	0.04976	0.01050	0.00275	0.00426	0.01333	0.00827	0.00769
50	0.01134	0.00846	0.01255	0.01255	0.01389	0.00980	0.00966	0.01403	0.01269	0.01826	0.02142	0.03216	0.02026	0.09164	0.65832	0.01250	0.02058	0.00864	0.00428	0.00697
51	0.01044	0.00808	0.00960	0.00978	0.01186	0.00723	0.00746	0.01318	0.01932	0.02517	0.27568	0.13515	0.32858	0.01943	0.00963	0.00278	0.00437	0.08743	0.00783	0.00701
52	0.05038	0.01091	0.01331	0.01193	0.01511	0.01053	0.00903	0.04557	0.07324	0.21905	0.13586	0.17925	0.05587	0.08274	0.01157	0.00312	0.00568	0.01253	0.04488	0.00944
53	0.11460	0.01394	0.01765	0.01377	0.01962	0.01282	0.01134	0.06717	0.02244	0.55122	0.05268	0.02628	0.02022	0.00978	0.00769	0.00245	0.00667	0.00778	0.00915	0.01274
54	0.01872	0.02139	0.04679	0.03342	0.04144	0.02005	0.64305	0.02540	0.01872	0.02540	0.01604	0.02139	0.01203	0.00668	0.00936	0.00267	0.01337	0.00936	0.00401	0.01070
55	0.01478	0.00739	0.00739	0.00739	0.00924	0.00739	0.00554	0.01848	0.01663	0.02956	0.02587	0.02956	0.02033	0.00924	0.00554	0.00185	0.00370	0.00739	0.76534	0.00739
56	0.00984	0.00704	0.00936	0.01092	0.01154	0.00656	0.00737	0.01149	0.01602	0.02157	0.11540	0.64066	0.05502	0.02385	0.01003	0.00314	0.00450	0.02160	0.00752	0.00656
57	0.77733	0.01534	0.01166	0.01043	0.01534	0.01779	0.00859	0.02331	0.01350	0.03558	0.01104	0.01288	0.00859	0.00736	0.00491	0.00245	0.00613	0.00429	0.00491	0.00859
58	0.10885	0.01368	0.01774	0.01375	0.01976	0.01226	0.01135	0.03713	0.02179	0.61394	0.02928	0.02560	0.01854	0.00957	0.00767	0.00245	0.00669	0.00761	0.00933	0.01301
59	0.01875	0.01387	0.01462	0.01292	0.01666	0.01507	0.01009	0.16074	0.23409	0.03359	0.03492	0.06795	0.11122	0.01208	0.00766	0.00243	0.00573	0.00990	0.20743	0.01028
60	0.00989	0.00708	0.00940	0.01089	0.01155	0.00659	0.00738	0.01161	0.01624	0.02193	0.13454	0.62051	0.05570	0.02359	0.01001	0.00311	0.00448	0.02135	0.00756	0.00659
61	0.66915	0.01507	0.01264	0.01096	0.01605	0.01689	0.00904	0.02555	0.01484	0.12917	0.01399	0.01494	0.01020	0.00772	0.00535	0.00245	0.00622	0.00483	0.00562	0.00930
62	0.03175	0.01435	0.01829	0.01460	0.02033	0.01360	0.01187	0.03949	0.17593	0.52186	0.03152	0.02762	0.02073	0.01004	0.00800	0.00251	0.00663	0.00821	0.00939	0.01327
63	0.56840	0.01518	0.01339	0.01159	0.01638	0.01701	0.00942	0.08787	0.01672	0.09525	0.01502	0.03998	0.01190	0.00937	0.00691	0.03855	0.00644	0.00569	0.00569	0.00923
64	0.02248	0.01058	0.01372	0.01191	0.01583	0.00926	0.00941	0.02517	0.02036	0.34082	0.10930	0.14124	0.17722	0.01546	0.00887	0.00267	0.00555	0.04137	0.00869	0.01007
65	0.01004	0.00715	0.00953	0.01130	0.01188	0.00676	0.00780	0.01159	0.01534	0.02040	0.04280	0.62816	0.05085	0.05189	0.01139	0.00344	0.00499	0.08098	0.00725	0.00646
66	0.01134	0.00844	0.01247	0.01247	0.01379	0.00976	0.00957	0.01399	0.01266	0.01821	0.02149	0.03253	0.02042	0.10335	0.64682	0.01241	0.02034	0.00870	0.00429	0.00693
67	0.00982	0.00699	0.00925	0.01089	0.01140	0.00654	0.00726	0.01126	0.01541	0.02064	0.07492	0.65581	0.05265	0.05237	0.01130	0.00336	0.00468	0.02168	0.00733	0.00643
68	0.02933	0.01301	0.01702	0.01367	0.01872	0.01188	0.01103	0.09281	0.02340	0.46670	0.11748	0.09473	0.02956	0.01205	0.00836	0.00252	0.00634	0.01011	0.00925	0.01202
69	0.00966	0.00690	0.00920	0.01104	0.01150	0.00644	0.00736	0.01104	0.01518	0.02024	0.04371	0.71614	0.05245	0.02484	0.01012	0.00322	0.00460	0.02254	0.00736	0.00644
70	0.01644	0.01409	0.01644	0.01175	0.01879	0.01057	0.00940	0.01997	0.01644	0.02584	0.01409	0.01644	0.01175	0.00587	0.00587	0.00117	0.00587	0.00470	0.00470	0.76979
71	0.01032	0.00746	0.00977	0.01076	0.01177	0.00686	0.00739	0.01225	0.01669	0.02281	0.17713	0.52659	0.05500	0.04356	0.01072	0.00312	0.00456	0.01974	0.00748	0.03601
72	0.01968	0.02056	0.06476	0.06654	0.59515	0.04454	0.02417	0.02453	0.01809	0.02544	0.01475	0.01932	0.01228	0.00716	0.00781	0.00236	0.00976	0.00693	0.00389	0.01227
73	0.02555	0.01890	0.02042	0.01671	0.02203	0.02101	0.01339	0.33069	0.28822	0.08700	0.02555	0.02520	0.01890	0.03799	0.00926	0.00272	0.00754	0.00812	0.00800	0.01276
74	0.02225	0.01647	0.01801	0.01581	0.02056	0.01844	0.01241	0.04158	0.55633	0.13585	0.03212	0.02917	0.02348	0.01061	0.00805	0.00265	0.00635	0.00881	0.00835	0.01270
75	0.03558	0.01350	0.01840	0.01411	0.02024	0.01166	0.01166	0.03865	0.02270	0.67734	0.03128	0.02699	0.01963	0.00981	0.00797	0.00245	0.00675	0.00797	0.00981	0.01350
76	0.04502	0.25318	0.35500	0.02189	0.06668	0.02267	0.08394	0.02460	0.01670	0.02352	0.01332	0.01596	0.01038	0.00718	0.00687	0.00226	0.01053	0.00571	0.00352	0.01107
77	0.01739	0.01663	0.01734	0.01540	0.01709	0.11608	0.01224	0.04312	0.01679	0.02277	0.05366	0.03221	0.12972	0.04055	0.01626	0.00294	0.28787	0.00893	0.12482	0.00819
78	0.01145	0.00801	0.01026	0.01026	0.01082	0.00856	0.00682	0.01257	0.01201	0.01657	0.02351	0.04373	0.02528	0.46074	0.29609	0.00968	0.01302	0.01034	0.00459	0.00570
79	0.01232	0.00886	0.01100	0.00996	0.01262	0.00779	0.00757	0.01571	0.02113	0.05423	0.47980	0.05700	0.17053	0.01568	0.00898	0.00240	0.00410	0.01362	0.00816	0.07854
80	0.02923	0.03365	0.02251	0.01978	0.02434	0.52344	0.01513	0.15466	0.05706	0.02619	0.01461	0.01601	0.01156	0.00857	0.00735	0.00214	0.01279	0.00570	0.00505	0.01022
81	0.01790	0.01708	0.02908	0.29070	0.44329	0.01839	0.02348	0.02283	0.01724	0.02382	0.01461	0.02019	0.01182	0.00738	0.00788	0.00246	0.00985	0.00706	0.00378	0.01117
82	0.01116	0.00806	0.01055	0.01002	0.01183	0.00744	0.00748	0.01481	0.02217	0.03135	0.64355	0.08462	0.07396	0.01655	0.00938	0.00252	0.00377	0.01466	0.00868	0.00744

[dist]
# distance from previous block
# <min> <max>
0	5

[block]
# block no. 2 follows, 24 sequences, length 35
# corresponding to MSA columns:
# 205-239
name=unknown_C
#
# <colnr> <probs for GDERKNQSTAVLIFYWHMCP>
#	G	D	E	R	K	N	Q	S	T	A	V	L	I	F	Y	W	H	M	C	P
0	0.01848	0.01541	0.01784	0.01307	0.01972	0.01319	0.01056	0.11117	0.01930	0.02908	0.01466	0.01686	0.01194	0.00674	0.00702	0.00145	0.03564	0.00515	0.00512	0.62759
1	0.01508	0.01028	0.01243	0.01210	0.01483	0.00999	0.00954	0.06246	0.06828	0.08681	0.14046	0.16870	0.19344	0.01828	0.00950	0.00290	0.00552	0.14307	0.00787	0.00845
2	0.01705	0.17270	0.53041	0.02130	0.03192	0.02099	0.05173	0.02486	0.01670	0.02388	0.01369	0.01616	0.01015	0.00735	0.00714	0.00236	0.01116	0.00569	0.00338	0.01138
3	0.10412	0.00880	0.01073	0.01132	0.01310	0.00860	0.00831	0.01572	0.01705	0.07390	0.14556	0.41409	0.04797	0.01989	0.00927	0.00298	0.00503	0.06858	0.00748	0.00748
4	0.02885	0.03652	0.02259	0.02045	0.02428	0.64788	0.01545	0.03088	0.02183	0.01939	0.01214	0.01449	0.01023	0.00853	0.00833	0.00213	0.05761	0.00522	0.00405	0.00916
5	0.03558	0.01350	0.01840	0.01411	0.02024	0.01166	0.01166	0.03865	0.02270	0.67734	0.03128	0.02699	0.01963	0.00981	0.00797	0.00245	0.00675	0.00797	0.00981	0.01350
6	0.37699	0.01434	0.01530	0.01241	0.01798	0.01448	0.01024	0.03159	0.01846	0.38195	0.02197	0.02050	0.01455	0.00869	0.00656	0.00245	0.00647	0.00628	0.00756	0.01124
7	0.01875	0.02129	0.04619	0.03405	0.06749	0.02000	0.61748	0.02536	0.01869	0.02542	0.01600	0.02132	0.01205	0.00670	0.00930	0.00266	0.01321	0.00926	0.00401	0.01077
8	0.03558	0.01350	0.01840	0.01411	0.02024	0.01166	0.01166	0.03865	0.02270	0.67734	0.03128	0.02699	0.01963	0.00981	0.00797	0.00245	0.00675	0.00797	0.00981	0.01350
9	0.00966	0.00690	0.00920	0.01104	0.01150	0.00644	0.00736	0.01104	0.01518	0.02024	0.04371	0.71614	0.05245	0.02484	0.01012	0.00322	0.00460	0.02254	0.00736	0.00644
10	0.61721	0.01411	0.01158	0.01029	0.01487	0.01591	0.00840	0.02381	0.01462	0.08314	0.01459	0.01622	0.01102	0.00780	0.00523	0.00237	0.00585	0.00499	0.10918	0.00879
11	0.01227	0.00877	0.01088	0.01142	0.01379	0.00808	0.00942	0.01525	0.01886	0.05351	0.12819	0.07790	0.29745	0.01998	0.01000	0.00307	0.00555	0.28064	0.00760	0.00736
12	0.01590	0.04102	0.68023	0.02260	0.03432	0.01842	0.02930	0.02511	0.01674	0.02511	0.01423	0.01674	0.01005	0.00753	0.00753	0.00251	0.01172	0.00586	0.00335	0.01172
13	0.01143	0.00828	0.01083	0.01100	0.01277	0.00780	0.00860	0.01478	0.02035	0.02794	0.41980	0.10014	0.10182	0.04561	0.01099	0.00303	0.00484	0.16469	0.00807	0.00723
14	0.00966	0.00690	0.00920	0.01104	0.01150	0.00644	0.00736	0.01104	0.01518	0.02024	0.04371	0.71614	0.05245	0.02484	0.01012	0.00322	0.00460	0.02254	0.00736	0.00644
15	0.02176	0.01011	0.01194	0.01027	0.01368	0.00959	0.00811	0.05563	0.02007	0.23407	0.08375	0.03085	0.02457	0.01005	0.00676	0.00212	0.00491	0.00817	0.42398	0.00962
16	0.01972	0.01703	0.01793	0.01614	0.02062	0.01972	0.01255	0.04214	0.65752	0.03317	0.03228	0.02959	0.02421	0.01076	0.00807	0.00269	0.00628	0.00897	0.00807	0.01255
17	0.01153	0.00769	0.00865	0.00865	0.00865	0.00769	0.00480	0.01153	0.01153	0.01538	0.02499	0.05189	0.02883	0.72131	0.04036	0.00769	0.00769	0.01153	0.00480	0.00480
18	0.01784	0.02091	0.06780	0.03110	0.03862	0.01883	0.56548	0.02417	0.01834	0.02495	0.01833	0.08035	0.01540	0.00826	0.00935	0.00271	0.01256	0.01035	0.00427	0.01037
19	0.01106	0.00790	0.01081	0.01264	0.01372	0.00765	0.00980	0.01346	0.01656	0.02181	0.04293	0.43441	0.04939	0.02352	0.01050	0.00341	0.00582	0.29044	0.00733	0.00683
20	0.07754	0.00897	0.01105	0.01020	0.01253	0.00855	0.00777	0.01675	0.02170	0.06154	0.58278	0.05382	0.06667	0.01517	0.00891	0.00249	0.00408	0.01320	0.00845	0.00785
21	0.01141	0.00764	0.00868	0.00880	0.00883	0.00761	0.00496	0.01150	0.01176	0.01568	0.02616	0.09343	0.03031	0.67776	0.03847	0.00741	0.00749	0.01222	0.00496	0.00491
22	0.01972	0.01703	0.01793	0.01614	0.02062	0.01972	0.01255	0.04214	0.65752	0.03317	0.03228	0.02959	0.02421	0.01076	0.00807	0.00269	0.00628	0.00897	0.00807	0.01255
23	0.01041	0.00807	0.00947	0.00912	0.01135	0.00713	0.00684	0.01338	0.02052	0.02722	0.40860	0.06677	0.33674	0.01792	0.00936	0.00258	0.00386	0.01540	0.00813	0.00713
24	0.01152	0.00772	0.00883	0.00883	0.00889	0.00779	0.00503	0.01165	0.01158	0.01551	0.02482	0.05099	0.02844	0.69237	0.06877	0.00791	0.00828	0.01140	0.00478	0.00490
25	0.03014	0.02221	0.02380	0.01825	0.02459	0.02459	0.01507	0.64541	0.03728	0.04998	0.01904	0.01904	0.01349	0.00952	0.00793	0.00238	0.00873	0.00714	0.00793	0.01349
26	0.01408	0.00874	0.01152	0.01046	0.01283	0.00797	0.00797	0.01774	0.02248	0.10755	0.59299	0.05545	0.06835	0.01546	0.00919	0.00249	0.00409	0.01359	0.00886	0.00819
27	0.01590	0.04102	0.68023	0.02260	0.03432	0.01842	0.02930	0.02511	0.01674	0.02511	0.01423	0.01674	0.01005	0.00753	0.00753	0.00251	0.01172	0.00586	0.00335	0.01172
28	0.02142	0.44205	0.22304	0.01624	0.02437	0.02525	0.01788	0.02595	0.01709	0.10034	0.01440	0.01561	0.01128	0.00737	0.00614	0.00202	0.00921	0.00516	0.00416	0.01102
29	0.01803	0.02010	0.04254	0.08239	0.04030	0.01957	0.54145	0.02416	0.01804	0.02451	0.01665	0.04707	0.01335	0.00781	0.01011	0.00273	0.04727	0.00956	0.00407	0.01029
30	0.01526	0.01439	0.02430	0.66177	0.09285	0.01769	0.02217	0.02051	0.01599	0.02061	0.01415	0.02105	0.01069	0.00787	0.00792	0.00262	0.01050	0.00705	0.00355	0.00904
31	0.01549	0.01488	0.02593	0.61959	0.08407	0.01786	0.06896	0.02085	0.01618	0.02093	0.01428	0.02109	0.01078	0.00779	0.00803	0.00263	0.01073	0.00722	0.00358	0.00914
32	0.01526	0.01439	0.02430	0.66177	0.09285	0.01769	0.02217	0.02051	0.01599	0.02061	0.01415	0.02105	0.01069	0.00787	0.00792	0.00262	0.01050	0.00705	0.00355	0.00904
33	0.01698	0.18005	0.55061	0.02077	0.03149	0.02105	0.02611	0.02484	0.01661	0.02380	0.01358	0.01593	0.01007	0.00738	0.00704	0.00235	0.01106	0.00553	0.00336	0.01141
34	0.22747	0.02151	0.05146	0.01570	0.02141	0.08156	0.01329	0.33850	0.02692	0.03968	0.02126	0.02172	0.06747	0.00962	0.00716	0.00240	0.00829	0.00695	0.00650	0.01112

[dist]
# distance from previous block
# <min> <max>
0	4

[block]
# block no. 3 follows, 24 sequences, length 104
# corresponding to MSA columns:
# 244-344,362-364
name=unknown_D
#
# <colnr> <probs for GDERKNQSTAVLIFYWHMCP>
#	G	D	E	R	K	N	Q	S	T	A	V	L	I	F	Y	W	H	M	C	P
0	0.06393	0.01710	0.01844	0.04175	0.02137	0.07461	0.03428	0.11209	0.07466	0.06262	0.06546	0.02227	0.01817	0.00834	0.00696	0.00193	0.00730	0.00670	0.04758	0.29442
1	0.01621	0.08027	0.64363	0.02208	0.03352	0.01916	0.02840	0.02503	0.01671	0.02474	0.01405	0.01651	0.01005	0.00749	0.00739	0.00246	0.01153	0.00577	0.00335	0.01163
2	0.01644	0.01409	0.01644	0.01175	0.01879	0.01057	0.00940	0.01997	0.01644	0.02584	0.01409	0.01644	0.01175	0.00587	0.00587	0.00117	0.00587	0.00470	0.00470	0.76979
3	0.77733	0.01534	0.01166	0.01043	0.01534	0.01779	0.00859	0.02331	0.01350	0.03558	0.01104	0.01288	0.00859	0.00736	0.00491	0.00245	0.00613	0.00429	0.00491	0.00859
4	0.02965	0.03690	0.02255	0.02030	0.02452	0.65138	0.01531	0.06683	0.02332	0.02116	0.01265	0.01457	0.01040	0.00825	0.00719	0.00206	0.01398	0.00522	0.00431	0.00944
5	0.00988	0.00696	0.00920	0.01084	0.01139	0.00648	0.00726	0.01102	0.01506	0.01993	0.04392	0.64272	0.08274	0.02475	0.01128	0.04709	0.00470	0.02134	0.00714	0.00628
6	0.03558	0.01350	0.01840	0.01411	0.02024	0.01166	0.01166	0.03865	0.02270	0.67734	0.03128	0.02699	0.01963	0.00981	0.00797	0.00245	0.00675	0.00797	0.00981	0.01350
7	0.00954	0.00804	0.00827	0.00821	0.01082	0.00677	0.00616	0.01171	0.01848	0.02238	0.13482	0.07473	0.61355	0.01972	0.00937	0.00266	0.00399	0.01651	0.00749	0.00677
8	0.77733	0.01534	0.01166	0.01043	0.01534	0.01779	0.00859	0.02331	0.01350	0.03558	0.01104	0.01288	0.00859	0.00736	0.00491	0.00245	0.00613	0.00429	0.00491	0.00859
9	0.01211	0.00759	0.00912	0.00965	0.01025	0.00735	0.00612	0.01312	0.01386	0.04500	0.03239	0.29949	0.03654	0.35934	0.02420	0.00521	0.00609	0.01514	0.08143	0.00603
10	0.03313	0.01742	0.02083	0.01597	0.02220	0.01748	0.01319	0.31180	0.02926	0.39492	0.02577	0.02341	0.01686	0.00968	0.00796	0.00242	0.00764	0.00760	0.00897	0.01349
11	0.01403	0.01267	0.01747	0.01603	0.01651	0.01611	0.01269	0.01604	0.01492	0.02178	0.14233	0.22279	0.03430	0.01741	0.01842	0.00322	0.37716	0.01273	0.00555	0.00782
12	0.02496	0.01963	0.02088	0.01720	0.02261	0.02217	0.01382	0.34500	0.34614	0.04161	0.02563	0.02429	0.01882	0.01014	0.00800	0.00253	0.00751	0.00805	0.00800	0.01302
13	0.03308	0.01357	0.01801	0.01411	0.01990	0.01219	0.01155	0.03791	0.07934	0.59120	0.05962	0.02865	0.02249	0.01018	0.00804	0.00248	0.00657	0.00835	0.00961	0.01314
14	0.71113	0.01517	0.01226	0.01076	0.01577	0.01724	0.00886	0.02468	0.01432	0.09285	0.01285	0.01414	0.00957	0.00758	0.00518	0.00245	0.00619	0.00462	0.00535	0.00903
15	0.01068	0.00808	0.00985	0.00941	0.01152	0.00725	0.00706	0.01392	0.02117	0.02878	0.49680	0.06420	0.24757	0.01734	0.00936	0.00255	0.00382	0.01504	0.00833	0.00725
16	0.01044	0.00730	0.00931	0.01061	0.01104	0.00701	0.00703	0.01159	0.01435	0.01909	0.03813	0.47567	0.04506	0.22723	0.01898	0.00455	0.00570	0.06425	0.00661	0.00603
17	0.01239	0.01059	0.01096	0.01053	0.01362	0.01046	0.00798	0.02029	0.20341	0.02477	0.06457	0.09467	0.45097	0.01762	0.00903	0.00271	0.00470	0.01477	0.00757	0.00838
18	0.42180	0.01445	0.01489	0.01219	0.01769	0.01485	0.01006	0.03066	0.01791	0.34318	0.02074	0.01964	0.01388	0.00854	0.00638	0.00245	0.00643	0.00606	0.00726	0.01094
19	0.40315	0.01441	0.01506	0.01228	0.01781	0.01469	0.01014	0.03105	0.01814	0.35931	0.02125	0.02000	0.01416	0.00860	0.00645	0.00245	0.00644	0.00615	0.00738	0.01106
20	0.05702	0.01441	0.02356	0.62983	0.08503	0.01769	0.02141	0.02064	0.01584	0.02140	0.01397	0.02061	0.01057	0.00785	0.00776	0.00262	0.01027	0.00690	0.00362	0.00899
21	0.01111	0.00770	0.00858	0.00867	0.00910	0.00747	0.00512	0.01148	0.01271	0.01654	0.03433	0.08861	0.12724	0.58014	0.03415	0.00670	0.00698	0.01287	0.00532	0.00517
22	0.03014	0.02221	0.02380	0.01825	0.02459	0.02459	0.01507	0.64541	0.03728	0.04998	0.01904	0.01904	0.01349	0.00952	0.00793	0.00238	0.00873	0.00714	0.00793	0.01349
23	0.77733	0.01534	0.01166	0.01043	0.01534	0.01779	0.00859	0.02331	0.01350	0.03558	0.01104	0.01288	0.00859	0.00736	0.00491	0.00245	0.00613	0.00429	0.00491	0.00859
24	0.38142	0.01435	0.01526	0.01239	0.01795	0.01452	0.01022	0.03150	0.01841	0.37812	0.02185	0.02041	0.01448	0.00867	0.00654	0.00245	0.00646	0.00626	0.00753	0.01121
25	0.02933	0.02143	0.02293	0.01767	0.02378	0.02368	0.01457	0.61233	0.03619	0.04890	0.01940	0.01959	0.01385	0.00950	0.00781	0.00235	0.00846	0.00715	0.04790	0.01316
26	0.01234	0.00881	0.01227	0.01410	0.01573	0.00875	0.01201	0.01566	0.01782	0.02324	0.04223	0.17845	0.04660	0.02232	0.01083	0.00359	0.00692	0.53385	0.00731	0.00718
27	0.02962	0.03779	0.02247	0.02043	0.02451	0.68948	0.01532	0.03166	0.02247	0.01941	0.01226	0.01430	0.01021	0.00817	0.00715	0.00204	0.01430	0.00511	0.00409	0.00919
28	0.01644	0.01409	0.01644	0.01175	0.01879	0.01057	0.00940	0.01997	0.01644	0.02584	0.01409	0.01644	0.01175	0.00587	0.00587	0.00117	0.00587	0.00470	0.00470	0.76979
29	0.03558	0.01350	0.01840	0.01411	0.02024	0.01166	0.01166	0.03865	0.02270	0.67734	0.03128	0.02699	0.01963	0.00981	0.00797	0.00245	0.00675	0.00797	0.00981	0.01350
30	0.01498	0.01409	0.02378	0.70226	0.05462	0.01762	0.02202	0.02026	0.01586	0.02026	0.01409	0.02114	0.01057	0.00793	0.00793	0.00264	0.01057	0.00705	0.00352	0.00881
31	0.02926	0.02177	0.02330	0.01807	0.02425	0.02418	0.01486	0.59404	0.09010	0.04855	0.02017	0.01994	0.01440	0.00962	0.00794	0.00241	0.00852	0.00729	0.00794	0.01341
32	0.00966	0.00690	0.00920	0.01104	0.01150	0.00644	0.00736	0.01104	0.01518	0.02024	0.04371	0.71614	0.05245	0.02484	0.01012	0.00322	0.00460	0.02254	0.00736	0.00644
33	0.77733	0.01534	0.01166	0.01043	0.01534	0.01779	0.00859	0.02331	0.01350	0.03558	0.01104	0.01288	0.00859	0.00736	0.00491	0.00245	0.00613	0.00429	0.00491	0.00859
34	0.01644	0.01409	0.01644	0.01175	0.01879	0.01057	0.00940	0.01997	0.01644	0.02584	0.01409	0.01644	0.01175	0.00587	0.00587	0.00117	0.00587	0.00470	0.00470	0.76979
35	0.03558	0.01350	0.01840	0.01411	0.02024	0.01166	0.01166	0.03865	0.02270	0.67734	0.03128	0.02699	0.01963	0.00981	0.00797	0.00245	0.00675	0.00797	0.00981	0.01350
36	0.00978	0.00834	0.00846	0.00846	0.01112	0.00719	0.00633	0.01255	0.04262	0.02183	0.07709	0.09885	0.62035	0.01990	0.00935	0.00270	0.00413	0.01666	0.00739	0.00691
37	0.00969	0.00805	0.00847	0.00837	0.01091	0.00683	0.00628	0.01200	0.01883	0.02321	0.18133	0.07338	0.56652	0.01942	0.00937	0.00265	0.00397	0.01632	0.00760	0.00683
38	0.01961	0.01488	0.01647	0.01486	0.01890	0.01650	0.01149	0.03631	0.47203	0.09800	0.09623	0.09353	0.03128	0.01246	0.00837	0.00269	0.00592	0.01061	0.00825	0.01160
39	0.77733	0.01534	0.01166	0.01043	0.01534	0.01779	0.00859	0.02331	0.01350	0.03558	0.01104	0.01288	0.00859	0.00736	0.00491	0.00245	0.00613	0.00429	0.00491	0.00859
40	0.01149	0.00843	0.01068	0.01152	0.04169	0.00857	0.00722	0.01273	0.01320	0.01764	0.03225	0.07063	0.11945	0.40346	0.19003	0.00778	0.01041	0.01170	0.00508	0.00605
41	0.01377	0.00689	0.01033	0.01033	0.01033	0.00689	0.00689	0.01033	0.01033	0.01377	0.01377	0.02410	0.01377	0.02755	0.03099	0.76928	0.00689	0.00689	0.00344	0.00344
42	0.01590	0.04102	0.68023	0.02260	0.03432	0.01842	0.02930	0.02511	0.01674	0.02511	0.01423	0.01674	0.01005	0.00753	0.00753	0.00251	0.01172	0.00586	0.00335	0.01172
43	0.02399	0.05573	0.02400	0.02033	0.02276	0.37647	0.01613	0.02592	0.01776	0.01924	0.01141	0.01556	0.01030	0.01058	0.01522	0.00265	0.31329	0.00587	0.00379	0.00901
44	0.01735	0.01735	0.02429	0.02082	0.02082	0.02429	0.01735	0.01908	0.01214	0.01908	0.01041	0.01735	0.01041	0.01388	0.02602	0.00347	0.70680	0.00694	0.00347	0.00867
45	0.01377	0.00689	0.01033	0.01033	0.01033	0.00689	0.00689	0.01033	0.01033	0.01377	0.01377	0.02410	0.01377	0.02755	0.03099	0.76928	0.00689	0.00689	0.00344	0.00344
46	0.01115	0.00810	0.01050	0.00990	0.01180	0.00745	0.00742	0.01482	0.02227	0.03139	0.64426	0.05991	0.09848	0.01637	0.00935	0.00250	0.00375	0.01444	0.00867	0.00745
47	0.01134	0.00845	0.01253	0.01253	0.01387	0.00979	0.00964	0.01402	0.01268	0.01825	0.02144	0.03225	0.02030	0.09440	0.65562	0.01248	0.02053	0.00866	0.00428	0.00696
48	0.01377	0.00689	0.01033	0.01033	0.01033	0.00689	0.00689	0.01033	0.01033	0.01377	0.01377	0.02410	0.01377	0.02755	0.03099	0.76928	0.00689	0.00689	0.00344	0.00344
49	0.00949	0.00796	0.00812	0.00821	0.01065	0.00673	0.00603	0.01137	0.01761	0.02106	0.07584	0.10532	0.60762	0.05528	0.01095	0.00295	0.00423	0.01675	0.00724	0.00659
50	0.77733	0.01534	0.01166	0.01043	0.01534	0.01779	0.00859	0.02331	0.01350	0.03558	0.01104	0.01288	0.00859	0.00736	0.00491	0.00245	0.00613	0.00429	0.00491	0.00859
51	0.01644	0.01409	0.01644	0.01175	0.01879	0.01057	0.00940	0.01997	0.01644	0.02584	0.01409	0.01644	0.01175	0.00587	0.00587	0.00117	0.00587	0.00470	0.00470	0.76979
52	0.01208	0.00839	0.01065	0.01011	0.01229	0.00763	0.00773	0.01551	0.02151	0.05810	0.50830	0.06232	0.16724	0.01689	0.00939	0.00259	0.00412	0.04907	0.00847	0.00761
53	0.01023	0.00738	0.00958	0.01112	0.01193	0.00695	0.00784	0.01189	0.01559	0.02048	0.04513	0.52100	0.10181	0.07698	0.01248	0.00358	0.00518	0.10725	0.00716	0.00646
54	0.77733	0.01534	0.01166	0.01043	0.01534	0.01779	0.00859	0.02331	0.01350	0.03558	0.01104	0.01288	0.00859	0.00736	0.00491	0.00245	0.00613	0.00429	0.00491	0.00859
55	0.03455	0.01514	0.01942	0.01489	0.02106	0.01409	0.01230	0.15296	0.02544	0.55915	0.02898	0.02549	0.01847	0.00976	0.00797	0.00244	0.00712	0.00782	0.00946	0.01349
56	0.01053	0.00787	0.00977	0.00974	0.01153	0.00712	0.00714	0.01345	0.02015	0.02739	0.42345	0.18280	0.20263	0.01865	0.00950	0.00267	0.00396	0.01637	0.00818	0.00712
57	0.00966	0.00690	0.00920	0.01104	0.01150	0.00644	0.00736	0.01104	0.01518	0.02024	0.04371	0.71614	0.05245	0.02484	0.01012	0.00322	0.00460	0.02254	0.00736	0.00644
58	0.03558	0.01350	0.01840	0.01411	0.02024	0.01166	0.01166	0.03865	0.02270	0.67734	0.03128	0.02699	0.01963	0.00981	0.00797	0.00245	0.00675	0.00797	0.00981	0.01350
59	0.74047	0.01524	0.01199	0.01061	0.01558	0.01748	0.00874	0.02407	0.01395	0.06747	0.01205	0.01358	0.00914	0.00748	0.00506	0.00245	0.00616	0.00448	0.00515	0.00883
60	0.01128	0.00815	0.01068	0.01016	0.01203	0.00755	0.00769	0.01502	0.02228	0.03149	0.64333	0.06041	0.07369	0.01643	0.00942	0.00254	0.00388	0.03784	0.00867	0.00748
61	0.03044	0.02173	0.02350	0.01802	0.02435	0.02388	0.01488	0.61214	0.03648	0.08438	0.01971	0.01947	0.01382	0.00954	0.00794	0.00238	0.00862	0.00719	0.00804	0.01349
62	0.01735	0.01735	0.02429	0.02082	0.02082	0.02429	0.01735	0.01908	0.01214	0.01908	0.01041	0.01735	0.01041	0.01388	0.02602	0.00347	0.70680	0.00694	0.00347	0.00867
63	0.01617	0.07518	0.64838	0.02215	0.03362	0.01906	0.02851	0.02504	0.01671	0.02479	0.01407	0.01654	0.01005	0.00750	0.00741	0.00247	0.01156	0.00578	0.00335	0.01164
64	0.01153	0.00769	0.00865	0.00865	0.00865	0.00769	0.00480	0.01153	0.01153	0.01538	0.02499	0.05189	0.02883	0.72131	0.04036	0.00769	0.00769	0.01153	0.00480	0.00480
65	0.01126	0.00768	0.00862	0.00870	0.00896	0.00754	0.00503	0.01150	0.01228	0.01613	0.03075	0.08335	0.08697	0.62804	0.03626	0.00704	0.00722	0.01248	0.00515	0.00505
66	0.01153	0.00769	0.00865	0.00865	0.00865	0.00769	0.00480	0.01153	0.01153	0.01538	0.02499	0.05189	0.02883	0.72131	0.04036	0.00769	0.00769	0.01153	0.00480	0.00480
67	0.03371	0.01375	0.01827	0.01418	0.02008	0.01232	0.01165	0.05995	0.05120	0.60042	0.05621	0.02810	0.02180	0.01010	0.00803	0.00246	0.00668	0.00824	0.00963	0.01321
68	0.01857	0.01402	0.02071	0.30388	0.03469	0.01391	0.03875	0.02281	0.01719	0.12225	0.01786	0.04569	0.01394	0.00806	0.00734	0.00212	0.00822	0.00701	0.00505	0.27794
69	0.03014	0.02221	0.02380	0.01825	0.02459	0.02459	0.01507	0.64541	0.03728	0.04998	0.01904	0.01904	0.01349	0.00952	0.00793	0.00238	0.00873	0.00714	0.00793	0.01349
70	0.03558	0.01350	0.01840	0.01411	0.02024	0.01166	0.01166	0.03865	0.02270	0.67734	0.03128	0.02699	0.01963	0.00981	0.00797	0.00245	0.00675	0.00797	0.00981	0.01350
71	0.03014	0.02221	0.02380	0.01825	0.02459	0.02459	0.01507	0.64541	0.03728	0.04998	0.01904	0.01904	0.01349	0.00952	0.00793	0.00238	0.00873	0.00714	0.00793	0.01349
72	0.01498	0.01409	0.02378	0.70226	0.05462	0.01762	0.02202	0.02026	0.01586	0.02026	0.01409	0.02114	0.01057	0.00793	0.00793	0.00264	0.01057	0.00705	0.00352	0.00881
73	0.01861	0.02108	0.04508	0.03247	0.03988	0.02037	0.59556	0.02492	0.01822	0.02492	0.01562	0.02108	0.01191	0.00723	0.01062	0.00273	0.06600	0.00917	0.00397	0.01054
74	0.01963	0.01884	0.03219	0.04867	0.67185	0.01884	0.02434	0.02434	0.01806	0.02591	0.01492	0.01963	0.01256	0.00707	0.00785	0.00236	0.00942	0.00707	0.00393	0.01256
75	0.00975	0.00694	0.00918	0.01093	0.01137	0.00650	0.00724	0.01106	0.01501	0.02001	0.04282	0.68477	0.05133	0.05774	0.01155	0.00343	0.00475	0.02202	0.00724	0.00636
76	0.01112	0.00810	0.01049	0.01013	0.01198	0.00747	0.00764	0.01465	0.02168	0.03031	0.57677	0.09080	0.10648	0.01709	0.00946	0.00259	0.00396	0.04338	0.00852	0.00738
77	0.03528	0.01397	0.01870	0.01434	0.02048	0.01236	0.01184	0.07192	0.02350	0.64294	0.03061	0.02655	0.01929	0.00980	0.00797	0.00245	0.00686	0.00793	0.00971	0.01349
78	0.01478	0.00739	0.00739	0.00739	0.00924	0.00739	0.00554	0.01848	0.01663	0.02956	0.02587	0.02956	0.02033	0.00924	0.00554	0.00185	0.00370	0.00739	0.76534	0.00739
79	0.00981	0.00701	0.00937	0.01121	0.01173	0.00657	0.00762	0.01129	0.01533	0.02041	0.04363	0.68673	0.05213	0.02471	0.01016	0.00324	0.00473	0.05051	0.00736	0.00648
80	0.02024	0.01729	0.01822	0.01624	0.02082	0.01997	0.01268	0.07222	0.62659	0.03401	0.03162	0.02906	0.02367	0.01070	0.00806	0.00267	0.00640	0.00887	0.00806	0.01260
81	0.01478	0.00739	0.00739	0.00739	0.00924	0.00739	0.00554	0.01848	0.01663	0.02956	0.02587	0.02956	0.02033	0.00924	0.00554	0.00185	0.00370	0.00739	0.76534	0.00739
82	0.01963	0.01884	0.03219	0.04867	0.67185	0.01884	0.02434	0.02434	0.01806	0.02591	0.01492	0.01963	0.01256	0.00707	0.00785	0.00236	0.00942	0.00707	0.00393	0.01256
83	0.02120	0.72609	0.04155	0.01357	0.02035	0.03138	0.01357	0.02374	0.01611	0.01866	0.01102	0.01272	0.01018	0.00678	0.00509	0.00170	0.00848	0.00424	0.00339	0.01018
84	0.00937	0.00803	0.00803	0.00803	0.01071	0.00669	0.00602	0.01138	0.01807	0.02142	0.08033	0.07632	0.66863	0.02008	0.00937	0.00268	0.00402	0.01674	0.00736	0.00669
85	0.01649	0.11682	0.60956	0.02160	0.03278	0.01985	0.02756	0.02496	0.01667	0.02440	0.01388	0.01630	0.01006	0.00745	0.00726	0.00242	0.01136	0.00568	0.00335	0.01155
