[name]
unknown

[dist]
# distance from previous block
# <min> <max>
20	40

[block]
# block no. 0 follows, 25 sequences, length 128
# corresponding to MSA columns:
# 51-178
name=unknown_A
#
# <colnr> <probs for GDERKNQSTAVLIFYWHMCP>
#	G	D	E	R	K	N	Q	S	T	A	V	L	I	F	Y	W	H	M	C	P
0	0.15465	0.01535	0.01698	0.07134	0.02114	0.04681	0.01185	0.10711	0.06134	0.21284	0.02188	0.05686	0.01660	0.00974	0.00800	0.00239	0.04447	0.00743	0.07205	0.04116
1	0.12911	0.01149	0.01507	0.12232	0.05303	0.01168	0.01129	0.02117	0.01900	0.14317	0.28052	0.06167	0.03829	0.01173	0.00789	0.00242	0.00594	0.00998	0.00695	0.03728
2	0.01879	0.01441	0.05420	0.28415	0.03217	0.01465	0.01604	0.02294	0.01770	0.16598	0.12706	0.02717	0.02274	0.01001	0.00984	0.00251	0.08737	0.00805	0.00568	0.05853
3	0.14873	0.05281	0.10216	0.07226	0.02559	0.04481	0.08139	0.04855	0.15701	0.10705	0.03958	0.02151	0.01606	0.00847	0.00719	0.00239	0.00827	0.00697	0.00575	0.04347
4	0.25989	0.01077	0.01105	0.00974	0.01308	0.01129	0.04081	0.02001	0.01538	0.03038	0.01957	0.02262	0.01535	0.00815	0.00544	0.00201	0.00498	0.00623	0.44642	0.04682
5	0.10467	0.01802	0.02021	0.05226	0.05686	0.03941	0.01357	0.32202	0.02720	0.18069	0.04418	0.02336	0.04371	0.00956	0.00754	0.00237	0.00779	0.00744	0.00732	0.01181
6	0.05201	0.01179	0.01441	0.01199	0.01638	0.01060	0.00940	0.05058	0.04562	0.22144	0.14655	0.12991	0.06020	0.01236	0.00784	0.00226	0.00551	0.01049	0.00754	0.17312
7	0.08297	0.01295	0.01596	0.01250	0.01794	0.01124	0.03670	0.02368	0.04536	0.16851	0.02438	0.08023	0.05179	0.00935	0.00685	0.00192	0.00597	0.00781	0.04680	0.33707
8	0.02340	0.01355	0.01654	0.01279	0.01848	0.01184	0.01030	0.08262	0.04833	0.26817	0.06623	0.04925	0.04823	0.00951	0.00726	0.00198	0.00607	0.00782	0.00729	0.29034
9	0.01482	0.01103	0.01330	0.01170	0.01542	0.00961	0.00870	0.04473	0.04839	0.05894	0.02841	0.31881	0.03004	0.03821	0.00893	0.00240	0.00546	0.01271	0.00627	0.31213
10	0.01929	0.01365	0.01593	0.01229	0.01797	0.01192	0.00983	0.08589	0.06870	0.12376	0.08020	0.02783	0.08115	0.00918	0.00701	0.00181	0.00583	0.00751	0.00646	0.39379
11	0.02698	0.20798	0.05454	0.01433	0.02038	0.01853	0.01284	0.11472	0.04524	0.31467	0.07419	0.02374	0.01993	0.00919	0.00713	0.00220	0.00728	0.00714	0.00723	0.01174
12	0.35214	0.09694	0.01742	0.04365	0.01827	0.01696	0.03653	0.07043	0.01691	0.06503	0.05042	0.01986	0.01521	0.01028	0.03506	0.00267	0.00715	0.00603	0.11002	0.00901
13	0.01608	0.01429	0.02193	0.55973	0.04593	0.01718	0.01931	0.10041	0.01838	0.02364	0.01998	0.02506	0.06806	0.00898	0.00787	0.00255	0.00955	0.00772	0.00432	0.00902
14	0.00990	0.00795	0.00882	0.00883	0.01105	0.00684	0.00641	0.01195	0.01730	0.02193	0.14142	0.18335	0.42130	0.05620	0.01070	0.00287	0.00427	0.01621	0.00711	0.04559
15	0.02126	0.01830	0.01860	0.01627	0.02092	0.04903	0.01277	0.13436	0.54144	0.03437	0.02874	0.02671	0.02148	0.01023	0.00783	0.00256	0.00684	0.00833	0.00770	0.01227
16	0.02299	0.01103	0.01453	0.01202	0.01612	0.00990	0.00956	0.02713	0.05013	0.34660	0.31623	0.04020	0.04312	0.01230	0.00834	0.00239	0.00525	0.01051	0.00890	0.03276
17	0.01346	0.02139	0.25633	0.09499	0.02803	0.01357	0.10927	0.01869	0.01596	0.02221	0.02542	0.29349	0.02636	0.01390	0.00866	0.00276	0.00885	0.01273	0.00492	0.00898
18	0.01776	0.02322	0.13263	0.06193	0.04015	0.01928	0.53714	0.02457	0.01791	0.02457	0.01536	0.02028	0.01143	0.00670	0.00884	0.00259	0.01273	0.00858	0.00381	0.01051
19	0.03289	0.01264	0.01699	0.01318	0.01879	0.01101	0.01084	0.03595	0.02164	0.62347	0.03010	0.02663	0.01926	0.00954	0.00758	0.00234	0.00632	0.00774	0.08045	0.01264
20	0.01468	0.00870	0.01154	0.01121	0.01348	0.00798	0.00867	0.01768	0.01976	0.13315	0.32153	0.18958	0.08373	0.01753	0.00931	0.00275	0.00484	0.10770	0.00817	0.00801
21	0.02233	0.38685	0.07993	0.07107	0.02479	0.10295	0.01546	0.13846	0.04766	0.02504	0.01368	0.01537	0.01114	0.00758	0.00623	0.00199	0.00929	0.00528	0.00440	0.01053
22	0.01122	0.00852	0.01163	0.01152	0.01301	0.00808	0.04073	0.03911	0.01722	0.02313	0.16822	0.39618	0.10377	0.09499	0.01268	0.00336	0.00521	0.01750	0.00705	0.00686
23	0.01347	0.00673	0.01010	0.01010	0.01010	0.00673	0.00673	0.01010	0.01010	0.01347	0.01347	0.02357	0.01347	0.02694	0.03030	0.77441	0.00673	0.00673	0.00337	0.00337
24	0.02331	0.01733	0.07715	0.13308	0.18570	0.01587	0.01770	0.05553	0.09232	0.23710	0.02275	0.02553	0.01670	0.00907	0.00786	0.00248	0.00827	0.03416	0.00633	0.01174
25	0.08116	0.01804	0.06445	0.30877	0.16375	0.01814	0.18943	0.02240	0.01651	0.02370	0.01420	0.01955	0.01089	0.00720	0.00784	0.00252	0.01055	0.00721	0.00375	0.00993
26	0.01533	0.01435	0.02116	0.12042	0.02403	0.01868	0.03897	0.01805	0.01381	0.02036	0.04897	0.05391	0.01790	0.01622	0.06466	0.00374	0.40555	0.03839	0.03730	0.00820
27	0.01128	0.00752	0.00846	0.00846	0.00846	0.00752	0.00470	0.01128	0.01128	0.01503	0.02443	0.05074	0.02819	0.72751	0.03946	0.00752	0.00752	0.01128	0.00470	0.00470
28	0.05635	0.02790	0.32860	0.02284	0.03144	0.01772	0.20797	0.05337	0.04823	0.04748	0.04065	0.02246	0.04276	0.00824	0.00796	0.00251	0.01053	0.00767	0.00451	0.01082
29	0.04274	0.02502	0.32187	0.07500	0.02951	0.01508	0.12084	0.02077	0.01676	0.02438	0.08267	0.14621	0.02354	0.01107	0.00821	0.00261	0.00944	0.00999	0.00465	0.00965
30	0.02065	0.01784	0.02465	0.19941	0.15728	0.07014	0.04451	0.07889	0.03854	0.09379	0.01696	0.02231	0.01354	0.00949	0.01098	0.00262	0.13389	0.02930	0.00487	0.01034
31	0.69402	0.04465	0.01334	0.04215	0.01708	0.01776	0.00928	0.02311	0.01367	0.05237	0.01151	0.01336	0.00886	0.00727	0.00503	0.00238	0.00631	0.00442	0.00482	0.00861
32	0.01058	0.00791	0.00982	0.00934	0.01134	0.00715	0.00701	0.01387	0.02102	0.02888	0.54493	0.06156	0.20466	0.01668	0.00915	0.00248	0.00372	0.01453	0.00824	0.00715
33	0.02499	0.01893	0.02035	0.01635	0.02188	0.02077	0.01323	0.38709	0.22771	0.06107	0.02512	0.02414	0.04308	0.00992	0.00775	0.00237	0.00740	0.00781	0.00767	0.05237
34	0.01555	0.04011	0.68733	0.02210	0.03356	0.01801	0.02865	0.02455	0.01637	0.02455	0.01391	0.01637	0.00982	0.00737	0.00737	0.00246	0.01146	0.00573	0.00327	0.01146
35	0.01608	0.01378	0.01608	0.01148	0.01837	0.01034	0.00919	0.01952	0.01608	0.02527	0.01378	0.01608	0.01148	0.00574	0.00574	0.00115	0.00574	0.00459	0.00459	0.77491
36	0.05731	0.19990	0.16701	0.08075	0.02490	0.01870	0.04917	0.02094	0.01571	0.05397	0.01989	0.17037	0.01946	0.01139	0.00856	0.00248	0.05630	0.00927	0.00459	0.00936
37	0.01203	0.01037	0.01577	0.01478	0.01626	0.01093	0.07608	0.01409	0.01475	0.02041	0.03272	0.48920	0.03791	0.01959	0.01230	0.00303	0.12871	0.01712	0.00606	0.04789
38	0.02947	0.02172	0.02327	0.01784	0.02404	0.02404	0.01474	0.65329	0.03646	0.04887	0.01862	0.01862	0.01319	0.00931	0.00776	0.00233	0.00853	0.00698	0.00776	0.01319
39	0.02947	0.02172	0.02327	0.01784	0.02404	0.02404	0.01474	0.65329	0.03646	0.04887	0.01862	0.01862	0.01319	0.00931	0.00776	0.00233	0.00853	0.00698	0.00776	0.01319
40	0.01909	0.02173	0.07161	0.07556	0.03681	0.04987	0.42844	0.07275	0.01886	0.02540	0.01492	0.01975	0.01142	0.00772	0.01057	0.00264	0.09023	0.00821	0.00410	0.01031
41	0.01127	0.00855	0.01266	0.01255	0.01384	0.01005	0.00972	0.01390	0.01239	0.01790	0.02058	0.03084	0.01944	0.08357	0.64909	0.01197	0.04225	0.00838	0.00415	0.00688
42	0.00916	0.00785	0.00785	0.00785	0.01047	0.00655	0.00589	0.01113	0.01767	0.02095	0.07855	0.07462	0.67599	0.01964	0.00916	0.00262	0.00393	0.01636	0.00720	0.00655
43	0.01029	0.00852	0.00909	0.00891	0.01145	0.00767	0.00669	0.01410	0.06921	0.02360	0.17900	0.08849	0.49866	0.01840	0.00908	0.00260	0.00407	0.01553	0.00749	0.00712
44	0.03402	0.01442	0.01875	0.01438	0.02041	0.01322	0.01188	0.12640	0.02425	0.59299	0.02887	0.02527	0.01833	0.00956	0.00779	0.00239	0.00688	0.00768	0.00933	0.01319
45	0.01635	0.01606	0.02257	0.01953	0.01968	0.02228	0.01620	0.01816	0.01194	0.01859	0.01128	0.01837	0.01114	0.01823	0.09557	0.00434	0.64098	0.00694	0.00347	0.00832
46	0.01097	0.00796	0.01019	0.01041	0.01187	0.00750	0.00749	0.03712	0.01940	0.02671	0.36583	0.32993	0.08692	0.01923	0.00940	0.00273	0.00420	0.01714	0.00790	0.00709
47	0.00960	0.00685	0.00917	0.01097	0.01148	0.00643	0.00746	0.01105	0.01499	0.01996	0.04265	0.69134	0.05096	0.02415	0.00994	0.00317	0.00463	0.05167	0.00719	0.00634
48	0.75568	0.01495	0.01181	0.03441	0.01633	0.01739	0.00885	0.02269	0.01328	0.03427	0.01090	0.01288	0.00846	0.00722	0.00490	0.00241	0.00615	0.00429	0.00475	0.00840
49	0.05741	0.01647	0.08148	0.01824	0.07735	0.01364	0.04058	0.03230	0.02022	0.45367	0.05249	0.02495	0.01884	0.00942	0.00867	0.00246	0.04425	0.00766	0.00774	0.01217
50	0.01969	0.01937	0.03099	0.04619	0.64581	0.05291	0.02335	0.02416	0.01787	0.02501	0.01445	0.01893	0.01217	0.00696	0.00764	0.00229	0.00945	0.00681	0.00385	0.01211
51	0.01929	0.01666	0.01753	0.01578	0.02016	0.01929	0.01227	0.04120	0.66513	0.03243	0.03156	0.02893	0.02367	0.01052	0.00789	0.00263	0.00614	0.00877	0.00789	0.01227
52	0.01010	0.00797	0.00984	0.01142	0.03829	0.00722	0.00796	0.01213	0.01657	0.02095	0.05705	0.33103	0.32199	0.02120	0.00959	0.00294	0.00477	0.09517	0.00706	0.00675
53	0.01852	0.03469	0.50551	0.02188	0.03162	0.05306	0.07417	0.02604	0.01723	0.09263	0.01553	0.01767	0.01097	0.00782	0.00828	0.00248	0.04035	0.00622	0.00402	0.01131
54	0.08292	0.01865	0.01887	0.01522	0.01993	0.05558	0.01238	0.40262	0.02829	0.04034	0.01866	0.02004	0.01393	0.00924	0.00791	0.00226	0.04433	0.00671	0.17104	0.01107
55	0.00998	0.00726	0.00941	0.01020	0.01131	0.00668	0.00714	0.01221	0.01763	0.02397	0.27408	0.43366	0.10594	0.02089	0.00957	0.00285	0.00415	0.01872	0.00768	0.00668
56	0.11318	0.07895	0.44022	0.02050	0.02989	0.04680	0.08082	0.02521	0.01664	0.05878	0.01425	0.01647	0.01031	0.00736	0.00706	0.00239	0.01058	0.00582	0.00388	0.01087
57	0.01819	0.01738	0.03131	0.24351	0.09157	0.01858	0.24175	0.05355	0.01761	0.05128	0.01507	0.02014	0.01155	0.00792	0.01002	0.00256	0.08562	0.00760	0.00417	0.05062
58	0.13413	0.10423	0.08998	0.18402	0.14473	0.01952	0.08197	0.07468	0.01794	0.02671	0.04205	0.01925	0.01336	0.00770	0.00712	0.00236	0.00919	0.00659	0.00431	0.01016
59	0.09490	0.01470	0.02233	0.32223	0.20097	0.01669	0.01854	0.03970	0.01679	0.02428	0.04581	0.02655	0.05013	0.00933	0.00842	0.00256	0.03797	0.03427	0.00439	0.00943
60	0.00945	0.00675	0.00900	0.01080	0.01125	0.00630	0.00720	0.01080	0.01484	0.01979	0.04274	0.72245	0.05128	0.02429	0.00990	0.00315	0.00450	0.02204	0.00720	0.00630
61	0.09572	0.01672	0.02032	0.08079	0.04858	0.01824	0.04111	0.14399	0.25796	0.15806	0.02417	0.02361	0.01735	0.00925	0.00759	0.00249	0.00744	0.00761	0.00717	0.01183
62	0.01880	0.15499	0.39541	0.02247	0.06502	0.01983	0.10297	0.02556	0.01712	0.08538	0.01519	0.01735	0.01110	0.00732	0.00723	0.00232	0.01053	0.00614	0.00399	0.01127
63	0.01335	0.01001	0.01208	0.06992	0.01554	0.01068	0.00851	0.04353	0.10914	0.02183	0.09373	0.10367	0.03281	0.36474	0.02382	0.00509	0.00692	0.04173	0.00591	0.00701
64	0.00945	0.00675	0.00900	0.01080	0.01125	0.00630	0.00720	0.01080	0.01484	0.01979	0.04274	0.72245	0.05128	0.02429	0.00990	0.00315	0.00450	0.02204	0.00720	0.00630
65	0.05797	0.01916	0.02019	0.01658	0.02192	0.02163	0.01336	0.35252	0.31593	0.04092	0.02405	0.02295	0.01765	0.00976	0.00769	0.00247	0.00735	0.00766	0.00769	0.01257
66	0.01772	0.18435	0.12441	0.11457	0.09564	0.02120	0.11711	0.02312	0.04296	0.02238	0.01424	0.01813	0.01155	0.00800	0.00934	0.00236	0.09780	0.00646	0.03447	0.03421
67	0.01959	0.08424	0.32871	0.08983	0.11733	0.01810	0.07507	0.02598	0.01748	0.12673	0.01649	0.01878	0.01183	0.00756	0.00747	0.00239	0.01018	0.00647	0.00441	0.01136
68	0.01774	0.02533	0.22144	0.03388	0.24464	0.01899	0.23846	0.02410	0.01721	0.02460	0.01454	0.01886	0.01130	0.00726	0.00902	0.00251	0.04788	0.00733	0.00368	0.01123
69	0.01753	0.01430	0.01755	0.16608	0.02615	0.01631	0.01375	0.03134	0.36976	0.06020	0.06405	0.03599	0.05226	0.01157	0.00824	0.00269	0.00695	0.06781	0.00694	0.01053
70	0.05014	0.05939	0.46013	0.02411	0.03412	0.01888	0.19561	0.02450	0.01673	0.02485	0.01414	0.01729	0.01029	0.00711	0.00765	0.00247	0.01154	0.00653	0.00352	0.01100
71	0.01737	0.01802	0.03264	0.21954	0.03911	0.04595	0.33209	0.02443	0.07493	0.02398	0.01793	0.02442	0.01410	0.00803	0.00844	0.00258	0.01101	0.03385	0.04183	0.00974
72	0.01109	0.00861	0.01022	0.01004	0.01227	0.00808	0.00770	0.01547	0.06848	0.02666	0.34499	0.08863	0.26640	0.01754	0.00923	0.00265	0.00429	0.07241	0.00786	0.00738
73	0.01347	0.00673	0.01010	0.01010	0.01010	0.00673	0.00673	0.01010	0.01010	0.01347	0.01347	0.02357	0.01347	0.02694	0.03030	0.77441	0.00673	0.00673	0.00337	0.00337
74	0.01836	0.05975	0.20207	0.11962	0.32287	0.01857	0.07049	0.02415	0.01720	0.05259	0.01489	0.01874	0.01154	0.00721	0.00758	0.00237	0.01007	0.00666	0.00387	0.01139
75	0.00945	0.00675	0.00900	0.01080	0.01125	0.00630	0.00720	0.01080	0.01484	0.01979	0.04274	0.72245	0.05128	0.02429	0.00990	0.00315	0.00450	0.02204	0.00720	0.00630
76	0.05009	0.00759	0.00742	0.00736	0.00931	0.00770	0.00556	0.01829	0.01612	0.02918	0.02462	0.02815	0.01934	0.00895	0.00539	0.00183	0.00372	0.00709	0.73501	0.00728
77	0.06393	0.01846	0.01974	0.05133	0.05086	0.05478	0.01367	0.18532	0.32622	0.09521	0.02462	0.02374	0.01806	0.00954	0.00762	0.00247	0.00750	0.00764	0.00726	0.01202
78	0.01729	0.01648	0.02803	0.32457	0.41705	0.01792	0.02285	0.02213	0.01675	0.02302	0.01425	0.01981	0.01147	0.00726	0.00771	0.00242	0.00968	0.00690	0.00367	0.01075
79	0.01464	0.01378	0.02326	0.70887	0.05340	0.01723	0.02153	0.01981	0.01550	0.01981	0.01378	0.02067	0.01034	0.00775	0.00775	0.00258	0.01034	0.00689	0.00345	0.00861
80	0.00945	0.00675	0.00900	0.01080	0.01125	0.00630	0.00720	0.01080	0.01484	0.01979	0.04274	0.72245	0.05128	0.02429	0.00990	0.00315	0.00450	0.02204	0.00720	0.00630
81	0.02472	0.02024	0.05500	0.01834	0.05014	0.02117	0.01475	0.33775	0.27128	0.06769	0.02361	0.02275	0.01719	0.00958	0.00779	0.00245	0.00772	0.00762	0.00749	0.01272
82	0.04226	0.01382	0.02283	0.68373	0.05202	0.01723	0.02106	0.01992	0.01542	0.02035	0.01367	0.02038	0.01027	0.00773	0.00765	0.00258	0.01018	0.00679	0.00349	0.00861
83	0.01249	0.00892	0.01249	0.01428	0.01606	0.00892	0.01249	0.01606	0.01785	0.02320	0.04105	0.08746	0.04462	0.02142	0.01071	0.00357	0.00714	0.62695	0.00714	0.00714
84	0.01608	0.01378	0.01608	0.01148	0.01837	0.01034	0.00919	0.01952	0.01608	0.02527	0.01378	0.01608	0.01148	0.00574	0.00574	0.00115	0.00574	0.00459	0.00459	0.77491
85	0.01091	0.00788	0.01031	0.00980	0.01157	0.00727	0.00731	0.01447	0.02165	0.03062	0.64880	0.08551	0.07225	0.01620	0.00918	0.00247	0.00369	0.01436	0.00848	0.00727
86	0.01830	0.02092	0.04575	0.03268	0.04052	0.01961	0.65098	0.02484	0.01830	0.02484	0.01569	0.02092	0.01176	0.00654	0.00915	0.00261	0.01307	0.00915	0.00392	0.01046
87	0.01108	0.00828	0.01233	0.01233	0.01367	0.00962	0.00953	0.01376	0.01242	0.01790	0.02089	0.03113	0.01968	0.08040	0.67493	0.01230	0.02033	0.00841	0.00417	0.00685
88	0.01081	0.00792	0.01014	0.00959	0.01148	0.00725	0.00719	0.01432	0.02157	0.03019	0.62191	0.05941	0.12686	0.01619	0.00915	0.00245	0.00368	0.01423	0.00842	0.00725
89	0.00916	0.00785	0.00785	0.00785	0.01047	0.00655	0.00589	0.01113	0.01767	0.02095	0.07855	0.07462	0.67599	0.01964	0.00916	0.00262	0.00393	0.01636	0.00720	0.00655
90	0.13030	0.03562	0.56195	0.02072	0.03105	0.01798	0.04921	0.02430	0.01597	0.02610	0.01352	0.01598	0.00968	0.00731	0.00705	0.00245	0.01070	0.00563	0.00353	0.01096
91	0.01555	0.04011	0.68733	0.02210	0.03356	0.01801	0.02865	0.02455	0.01637	0.02455	0.01391	0.01637	0.00982	0.00737	0.00737	0.00246	0.01146	0.00573	0.00327	0.01146
92	0.01347	0.00673	0.01010	0.01010	0.01010	0.00673	0.00673	0.01010	0.01010	0.01347	0.01347	0.02357	0.01347	0.02694	0.03030	0.77441	0.00673	0.00673	0.00337	0.00337
93	0.02050	0.70179	0.06902	0.01365	0.02050	0.03012	0.01394	0.02328	0.01578	0.01852	0.01092	0.01261	0.00994	0.00667	0.00508	0.00169	0.00843	0.00422	0.00331	0.01002
94	0.01128	0.00752	0.00846	0.00846	0.00846	0.00752	0.00470	0.01128	0.01128	0.01503	0.02443	0.05074	0.02819	0.72751	0.03946	0.00752	0.00752	0.01128	0.00470	0.00470
95	0.01464	0.01378	0.02326	0.70887	0.05340	0.01723	0.02153	0.01981	0.01550	0.01981	0.01378	0.02067	0.01034	0.00775	0.00775	0.00258	0.01034	0.00689	0.00345	0.00861
96	0.02055	0.70819	0.06304	0.01357	0.02037	0.03024	0.01380	0.02326	0.01578	0.01846	0.01089	0.01257	0.00995	0.00666	0.00506	0.00169	0.00840	0.00420	0.00332	0.01000
97	0.00947	0.00697	0.00888	0.01030	0.01114	0.00638	0.00700	0.01101	0.01559	0.02046	0.07536	0.59407	0.14855	0.02321	0.00975	0.00304	0.00437	0.02082	0.00726	0.00638
98	0.01973	0.01760	0.01774	0.01597	0.02034	0.05071	0.01240	0.04073	0.63528	0.03181	0.03065	0.02823	0.02303	0.01040	0.00785	0.00260	0.00650	0.00859	0.00771	0.01212
99	0.00945	0.00675	0.00900	0.01080	0.01125	0.00630	0.00720	0.01080	0.01484	0.01979	0.04274	0.72245	0.05128	0.02429	0.00990	0.00315	0.00450	0.02204	0.00720	0.00630
100	0.01919	0.01836	0.03094	0.04639	0.65416	0.01846	0.02336	0.02446	0.04220	0.02560	0.01523	0.01956	0.01271	0.00705	0.00768	0.00232	0.00909	0.00698	0.00399	0.01228
101	0.01228	0.00877	0.01225	0.01403	0.01572	0.00874	0.01212	0.01569	0.01764	0.02296	0.04117	0.13242	0.04509	0.02162	0.01065	0.00354	0.00695	0.58412	0.00714	0.00708
102	0.01624	0.01511	0.02501	0.53855	0.18571	0.01777	0.02173	0.04742	0.01685	0.02222	0.01416	0.02027	0.01087	0.00764	0.00774	0.00251	0.01002	0.00690	0.00371	0.00959
103	0.01608	0.01378	0.01608	0.01148	0.01837	0.01034	0.00919	0.01952	0.01608	0.02527	0.01378	0.01608	0.01148	0.00574	0.00574	0.00115	0.00574	0.00459	0.00459	0.77491
104	0.01608	0.01378	0.01608	0.01148	0.01837	0.01034	0.00919	0.01952	0.01608	0.02527	0.01378	0.01608	0.01148	0.00574	0.00574	0.00115	0.00574	0.00459	0.00459	0.77491
105	0.01097	0.00793	0.01036	0.00975	0.01158	0.00732	0.00732	0.01463	0.02195	0.03109	0.67505	0.05792	0.07316	0.01585	0.00914	0.00244	0.00366	0.01402	0.00854	0.00732
106	0.01128	0.00752	0.00846	0.00846	0.00846	0.00752	0.00470	0.01128	0.01128	0.01503	0.02443	0.05074	0.02819	0.72751	0.03946	0.00752	0.00752	0.01128	0.00470	0.00470
107	0.00916	0.00785	0.00785	0.00785	0.01047	0.00655	0.00589	0.01113	0.01767	0.02095	0.07855	0.07462	0.67599	0.01964	0.00916	0.00262	0.00393	0.01636	0.00720	0.00655
108	0.01608	0.01378	0.01608	0.01148	0.01837	0.01034	0.00919	0.01952	0.01608	0.02527	0.01378	0.01608	0.01148	0.00574	0.00574	0.00115	0.00574	0.00459	0.00459	0.77491
109	0.01464	0.01378	0.02326	0.70887	0.05340	0.01723	0.02153	0.01981	0.01550	0.01981	0.01378	0.02067	0.01034	0.00775	0.00775	0.00258	0.01034	0.00689	0.00345	0.00861
110	0.01608	0.01378	0.01608	0.01148	0.01837	0.01034	0.00919	0.01952	0.01608	0.02527	0.01378	0.01608	0.01148	0.00574	0.00574	0.00115	0.00574	0.00459	0.00459	0.77491
111	0.01555	0.04011	0.68733	0.02210	0.03356	0.01801	0.02865	0.02455	0.01637	0.02455	0.01391	0.01637	0.00982	0.00737	0.00737	0.00246	0.01146	0.00573	0.00327	0.01146
112	0.01929	0.01666	0.01753	0.01578	0.02016	0.01929	0.01227	0.04120	0.66513	0.03243	0.03156	0.02893	0.02367	0.01052	0.00789	0.00263	0.00614	0.00877	0.00789	0.01227
113	0.01555	0.04011	0.68733	0.02210	0.03356	0.01801	0.02865	0.02455	0.01637	0.02455	0.01391	0.01637	0.00982	0.00737	0.00737	0.00246	0.01146	0.00573	0.00327	0.01146
114	0.01568	0.07580	0.63150	0.02124	0.03214	0.01834	0.02715	0.02417	0.01651	0.02443	0.03477	0.01748	0.01184	0.00760	0.00730	0.00241	0.01104	0.00591	0.00344	0.01125
115	0.00945	0.00675	0.00900	0.01080	0.01125	0.00630	0.00720	0.01080	0.01484	0.01979	0.04274	0.72245	0.05128	0.02429	0.00990	0.00315	0.00450	0.02204	0.00720	0.00630
116	0.01097	0.00793	0.01036	0.00975	0.01158	0.00732	0.00732	0.01463	0.02195	0.03109	0.67505	0.05792	0.07316	0.01585	0.00914	0.00244	0.00366	0.01402	0.00854	0.00732
117	0.18872	0.03016	0.35343	0.01839	0.02681	0.05076	0.02032	0.17003	0.02058	0.03218	0.01422	0.01595	0.01029	0.00781	0.00687	0.00239	0.00969	0.00565	0.00468	0.01107
118	0.00953	0.00683	0.00892	0.01055	0.01107	0.00637	0.00701	0.01084	0.01477	0.01959	0.04325	0.65985	0.07605	0.06141	0.01143	0.00336	0.00463	0.02123	0.00706	0.00622
119	0.01097	0.00792	0.01040	0.00999	0.01176	0.00734	0.00753	0.01453	0.02147	0.03027	0.62088	0.08795	0.07101	0.01645	0.00924	0.00252	0.00384	0.04026	0.00842	0.00726
120	0.00945	0.00675	0.00900	0.01080	0.01125	0.00630	0.00720	0.01080	0.01484	0.01979	0.04274	0.72245	0.05128	0.02429	0.00990	0.00315	0.00450	0.02204	0.00720	0.00630
121	0.02319	0.02211	0.13671	0.01859	0.05197	0.03882	0.01615	0.17362	0.28141	0.11818	0.02415	0.02324	0.01743	0.00935	0.00772	0.00247	0.00802	0.00752	0.00698	0.01236
122	0.02073	0.73217	0.04063	0.01327	0.01990	0.03068	0.01327	0.02322	0.01575	0.01824	0.01078	0.01244	0.00995	0.00663	0.00498	0.00166	0.00829	0.00415	0.00332	0.00995
123	0.00953	0.00678	0.00897	0.01069	0.01112	0.00635	0.00708	0.01082	0.01468	0.01958	0.04190	0.69195	0.05023	0.05622	0.01124	0.00335	0.00464	0.02155	0.00708	0.00623
124	0.01755	0.02303	0.14269	0.09135	0.09077	0.04274	0.38908	0.02379	0.01765	0.02392	0.01633	0.05414	0.01324	0.00773	0.00858	0.00256	0.01187	0.00870	0.00393	0.01035
125	0.01759	0.01579	0.04567	0.17259	0.02676	0.06300	0.01484	0.07800	0.07455	0.05811	0.08527	0.06934	0.02660	0.01257	0.00929	0.00268	0.04394	0.12761	0.00597	0.04984
126	0.05159	0.01885	0.10613	0.02801	0.25264	0.01655	0.07166	0.05490	0.04965	0.06081	0.02441	0.08715	0.07702	0.01053	0.00913	0.00255	0.05348	0.00919	0.00510	0.01065
127	0.01795	0.01475	0.02176	0.11560	0.02648	0.01468	0.11814	0.07059	0.11979	0.06014	0.02043	0.07770	0.01720	0.01087	0.00985	0.07527	0.00792	0.00828	0.00543	0.18717

[dist]
# distance from previous block
# <min> <max>
2	14

[block]
# block no. 1 follows, 25 sequences, length 149
# corresponding to MSA columns:
# 193-341
name=unknown_B
#
# <colnr> <probs for GDERKNQSTAVLIFYWHMCP>
#	G	D	E	R	K	N	Q	S	T	A	V	L	I	F	Y	W	H	M	C	P
0	0.01317	0.04248	0.05826	0.01451	0.01777	0.01156	0.08587	0.01605	0.01566	0.02191	0.09204	0.26913	0.03331	0.10175	0.01335	0.00316	0.05163	0.01312	0.00562	0.11965
1	0.01880	0.01558	0.01999	0.25566	0.03166	0.01834	0.01567	0.08344	0.30347	0.05866	0.02370	0.05000	0.01836	0.01006	0.00870	0.00263	0.04005	0.00832	0.00619	0.01073
2	0.05053	0.00890	0.00936	0.00880	0.01100	0.00909	0.00656	0.03959	0.05047	0.05904	0.07869	0.03263	0.02467	0.09209	0.00992	0.00263	0.00460	0.00821	0.48550	0.00773
3	0.00958	0.00685	0.00911	0.01071	0.01127	0.00638	0.00721	0.01112	0.01545	0.02075	0.09639	0.66606	0.05314	0.02358	0.00983	0.00309	0.00443	0.02136	0.00731	0.00638
4	0.01555	0.04011	0.68733	0.02210	0.03356	0.01801	0.02865	0.02455	0.01637	0.02455	0.01391	0.01637	0.00982	0.00737	0.00737	0.00246	0.01146	0.00573	0.00327	0.01146
5	0.01097	0.00793	0.01036	0.00975	0.01158	0.00732	0.00732	0.01463	0.02195	0.03109	0.67505	0.05792	0.07316	0.01585	0.00914	0.00244	0.00366	0.01402	0.00854	0.00732
6	0.78228	0.01499	0.01140	0.01020	0.01499	0.01739	0.00840	0.02279	0.01320	0.03479	0.01080	0.01260	0.00840	0.00720	0.00480	0.00240	0.00600	0.00420	0.00480	0.00840
7	0.01445	0.00723	0.00723	0.00723	0.00903	0.00723	0.00542	0.01807	0.01626	0.02891	0.02529	0.02891	0.01987	0.00903	0.00542	0.00181	0.00361	0.00723	0.77055	0.00723
8	0.78228	0.01499	0.01140	0.01020	0.01499	0.01739	0.00840	0.02279	0.01320	0.03479	0.01080	0.01260	0.00840	0.00720	0.00480	0.00240	0.00600	0.00420	0.00480	0.00840
9	0.02831	0.02114	0.02262	0.01760	0.02360	0.02350	0.01446	0.58352	0.10811	0.04699	0.02009	0.01979	0.01438	0.00945	0.00777	0.00236	0.00826	0.00718	0.00777	0.01308
10	0.78228	0.01499	0.01140	0.01020	0.01499	0.01739	0.00840	0.02279	0.01320	0.03479	0.01080	0.01260	0.00840	0.00720	0.00480	0.00240	0.00600	0.00420	0.00480	0.00840
11	0.03479	0.01320	0.01799	0.01380	0.01979	0.01140	0.01140	0.03779	0.02219	0.68451	0.03059	0.02639	0.01919	0.00960	0.00780	0.00240	0.00660	0.00780	0.00960	0.01320
12	0.00938	0.00786	0.00815	0.00808	0.01060	0.00664	0.00606	0.01154	0.01818	0.02215	0.14942	0.07264	0.60437	0.01919	0.00916	0.00260	0.00390	0.01609	0.00736	0.00664
13	0.02947	0.02172	0.02327	0.01784	0.02404	0.02404	0.01474	0.65329	0.03646	0.04887	0.01862	0.01862	0.01319	0.00931	0.00776	0.00233	0.00853	0.00698	0.00776	0.01319
14	0.00951	0.00680	0.00905	0.01075	0.01126	0.00634	0.00720	0.01096	0.01514	0.02026	0.06899	0.69486	0.05219	0.02394	0.00987	0.00312	0.00446	0.02171	0.00725	0.00634
15	0.02947	0.02172	0.02327	0.01784	0.02404	0.02404	0.01474	0.65329	0.03646	0.04887	0.01862	0.01862	0.01319	0.00931	0.00776	0.00233	0.00853	0.00698	0.00776	0.01319
16	0.00945	0.00675	0.00900	0.01080	0.01125	0.00630	0.00720	0.01080	0.01484	0.01979	0.04274	0.72245	0.05128	0.02429	0.00990	0.00315	0.00450	0.02204	0.00720	0.00630
17	0.00945	0.00675	0.00900	0.01080	0.01125	0.00630	0.00720	0.01080	0.01484	0.01979	0.04274	0.72245	0.05128	0.02429	0.00990	0.00315	0.00450	0.02204	0.00720	0.00630
18	0.01911	0.01866	0.02892	0.09945	0.39944	0.04598	0.04726	0.05169	0.01729	0.02422	0.01370	0.01870	0.01159	0.00854	0.01151	0.00256	0.15961	0.00690	0.00390	0.01097
19	0.05868	0.02133	0.02232	0.01746	0.02322	0.05077	0.01434	0.52943	0.05527	0.07492	0.01873	0.01885	0.01340	0.00938	0.00826	0.00237	0.03437	0.00688	0.00741	0.01262
20	0.01013	0.00721	0.00951	0.03930	0.01282	0.00691	0.00761	0.01201	0.01564	0.02136	0.08885	0.56261	0.07770	0.02163	0.00939	0.00295	0.00459	0.01946	0.06378	0.00655
21	0.01618	0.01404	0.01730	0.04951	0.05652	0.01114	0.01063	0.01977	0.01614	0.02499	0.01383	0.01649	0.01147	0.00591	0.00595	0.00129	0.00617	0.00484	0.00449	0.69337
22	0.01803	0.02038	0.04408	0.08302	0.04148	0.01943	0.60412	0.02446	0.01809	0.02446	0.01554	0.02090	0.01166	0.00663	0.00905	0.00261	0.01287	0.00898	0.00389	0.01032
23	0.01100	0.00724	0.00952	0.01078	0.01173	0.00665	0.00738	0.01257	0.01570	0.06002	0.06720	0.62080	0.08451	0.02285	0.00970	0.00305	0.00456	0.02058	0.00739	0.00676
24	0.01693	0.01839	0.07554	0.31322	0.24855	0.01813	0.12936	0.02295	0.03744	0.02316	0.01494	0.02021	0.01159	0.00734	0.00794	0.00249	0.01039	0.00726	0.00378	0.01041
25	0.09392	0.01159	0.01484	0.01211	0.01660	0.01056	0.00976	0.02866	0.02130	0.40655	0.24541	0.03575	0.03636	0.01148	0.00798	0.00241	0.00556	0.00957	0.00881	0.01079
26	0.01024	0.00775	0.00883	0.00872	0.01038	0.00701	0.00612	0.01225	0.01741	0.02272	0.25253	0.09066	0.30844	0.18418	0.01627	0.00373	0.00471	0.01467	0.00704	0.00635
27	0.03479	0.01320	0.01799	0.01380	0.01979	0.01140	0.01140	0.03779	0.02219	0.68451	0.03059	0.02639	0.01919	0.00960	0.00780	0.00240	0.00660	0.00780	0.00960	0.01320
28	0.00977	0.00700	0.00929	0.01058	0.01132	0.00651	0.00722	0.01161	0.01635	0.02218	0.17651	0.58185	0.05591	0.02251	0.00974	0.00300	0.00432	0.02035	0.00748	0.00651
29	0.02054	0.70712	0.06404	0.01359	0.02039	0.03022	0.01382	0.02327	0.01578	0.01847	0.01089	0.01258	0.00995	0.00666	0.00506	0.00169	0.00841	0.00420	0.00332	0.01000
30	0.01729	0.01847	0.03732	0.24022	0.11517	0.01875	0.38987	0.02319	0.01738	0.02336	0.01498	0.02065	0.01139	0.00695	0.00856	0.00257	0.01181	0.00821	0.00377	0.01010
31	0.02942	0.02347	0.02312	0.01808	0.02404	0.10118	0.01477	0.58189	0.03479	0.04544	0.01785	0.01808	0.01282	0.00916	0.00767	0.00229	0.00916	0.00675	0.00732	0.01270
32	0.01860	0.01996	0.07163	0.06211	0.11050	0.01782	0.42044	0.02449	0.01821	0.06117	0.04030	0.02184	0.01430	0.00714	0.00855	0.00246	0.01128	0.00844	0.00438	0.05638
33	0.02117	0.40131	0.18943	0.01660	0.02425	0.02400	0.05166	0.02639	0.04686	0.10920	0.01538	0.01644	0.01188	0.00737	0.00628	0.00204	0.00898	0.00549	0.00438	0.01087
34	0.03479	0.01320	0.01799	0.01380	0.01979	0.01140	0.01140	0.03779	0.02219	0.68451	0.03059	0.02639	0.01919	0.00960	0.00780	0.00240	0.00660	0.00780	0.00960	0.01320
35	0.01097	0.00793	0.01036	0.00975	0.01158	0.00732	0.00732	0.01463	0.02195	0.03109	0.67505	0.05792	0.07316	0.01585	0.00914	0.00244	0.00366	0.01402	0.00854	0.00732
36	0.01984	0.29728	0.12808	0.01375	0.01958	0.01991	0.01357	0.06132	0.04255	0.09090	0.01911	0.05634	0.01606	0.03605	0.00755	0.00226	0.00754	0.00681	0.13154	0.00996
37	0.00945	0.00675	0.00900	0.01080	0.01125	0.00630	0.00720	0.01080	0.01484	0.01979	0.04274	0.72245	0.05128	0.02429	0.00990	0.00315	0.00450	0.02204	0.00720	0.00630
38	0.02092	0.01680	0.01796	0.01580	0.02041	0.01914	0.01239	0.08341	0.58312	0.07257	0.03060	0.02806	0.02267	0.01038	0.00787	0.00260	0.00633	0.00858	0.00798	0.01239
39	0.03918	0.01606	0.06228	0.31423	0.17223	0.01627	0.01932	0.04870	0.03837	0.07586	0.04403	0.02807	0.01747	0.00940	0.00796	0.00257	0.00899	0.06409	0.00489	0.01002
40	0.01560	0.03923	0.66233	0.02203	0.03306	0.01822	0.02821	0.02433	0.01620	0.02433	0.01377	0.01639	0.00984	0.00760	0.00805	0.00249	0.03790	0.00577	0.00328	0.01135
41	0.02896	0.03695	0.02197	0.01998	0.02397	0.69638	0.01498	0.03096	0.02197	0.01898	0.01199	0.01398	0.00999	0.00799	0.00699	0.00200	0.01398	0.00499	0.00400	0.00899
42	0.03375	0.01333	0.01797	0.01395	0.01980	0.01174	0.01155	0.05835	0.02252	0.63701	0.03058	0.02847	0.01996	0.01004	0.00791	0.00244	0.00669	0.03155	0.00944	0.01296
43	0.01773	0.04182	0.01945	0.01631	0.01882	0.07859	0.04713	0.13849	0.01974	0.02611	0.07432	0.25155	0.02916	0.01530	0.01238	0.00280	0.16331	0.01225	0.00595	0.00878
44	0.01729	0.01600	0.02319	0.58452	0.04811	0.05320	0.02032	0.10174	0.01853	0.02350	0.01431	0.02006	0.01068	0.00796	0.00771	0.00252	0.01029	0.00680	0.00403	0.00922
45	0.00963	0.00690	0.00928	0.01100	0.01154	0.00654	0.00750	0.01113	0.01486	0.01985	0.04176	0.66932	0.04970	0.02559	0.03845	0.00355	0.00528	0.04471	0.00707	0.00636
46	0.65764	0.01602	0.03922	0.06697	0.04935	0.01745	0.01091	0.02267	0.01370	0.03279	0.01132	0.01368	0.00878	0.00723	0.00526	0.00241	0.00669	0.00459	0.00459	0.00871
47	0.00957	0.00682	0.00903	0.01067	0.01116	0.00638	0.00712	0.01097	0.01502	0.02010	0.06835	0.67151	0.05139	0.04838	0.01089	0.00327	0.00457	0.02134	0.00717	0.00628
48	0.04654	0.04730	0.09546	0.05609	0.03603	0.01848	0.46393	0.02318	0.01741	0.02428	0.01755	0.08390	0.01495	0.00831	0.00868	0.00260	0.01159	0.00956	0.00416	0.00999
49	0.04966	0.70493	0.03952	0.01315	0.01971	0.03018	0.01308	0.02320	0.01566	0.01887	0.01078	0.01244	0.00989	0.00665	0.00497	0.00169	0.00820	0.00415	0.00337	0.00989
50	0.01464	0.01378	0.02326	0.70887	0.05340	0.01723	0.02153	0.01981	0.01550	0.01981	0.01378	0.02067	0.01034	0.00775	0.00775	0.00258	0.01034	0.00689	0.00345	0.00861
51	0.00943	0.00680	0.00894	0.01066	0.01121	0.00631	0.00714	0.01081	0.01498	0.01985	0.04439	0.69256	0.08010	0.02408	0.00986	0.00312	0.00447	0.02178	0.00720	0.00631
52	0.01806	0.10128	0.21706	0.02895	0.13770	0.04498	0.26725	0.02420	0.01742	0.02376	0.01523	0.04061	0.01232	0.00745	0.00792	0.00241	0.01126	0.00758	0.00377	0.01079
53	0.01036	0.00778	0.00959	0.00940	0.01127	0.00701	0.00695	0.01334	0.02010	0.02732	0.45705	0.13613	0.21979	0.01773	0.00923	0.00256	0.00382	0.01550	0.00806	0.00701
54	0.01583	0.01387	0.01877	0.01667	0.01787	0.01784	0.01369	0.07284	0.01496	0.02190	0.01896	0.02772	0.04278	0.02553	0.19901	0.00561	0.36990	0.04470	0.03326	0.00828
55	0.01714	0.01916	0.06576	0.04458	0.02482	0.04973	0.10669	0.02007	0.01373	0.01999	0.01288	0.05004	0.01227	0.01228	0.02000	0.00313	0.48754	0.00769	0.00366	0.00886
56	0.01022	0.00751	0.00971	0.01086	0.01210	0.00699	0.00803	0.01244	0.01694	0.02238	0.14664	0.40374	0.14460	0.02175	0.00983	0.00304	0.00478	0.13441	0.00740	0.00665
57	0.02073	0.73217	0.04063	0.01327	0.01990	0.03068	0.01327	0.02322	0.01575	0.01824	0.01078	0.01244	0.00995	0.00663	0.00498	0.00166	0.00829	0.00415	0.00332	0.00995
58	0.01083	0.00794	0.01006	0.00967	0.01151	0.00730	0.00726	0.01410	0.02073	0.02871	0.54046	0.06106	0.14568	0.04942	0.01062	0.00275	0.00403	0.04266	0.00813	0.00709
59	0.01106	0.00823	0.01046	0.01154	0.01329	0.00779	0.00934	0.01371	0.01725	0.02206	0.07962	0.16080	0.21968	0.05986	0.01169	0.00342	0.00578	0.32058	0.00709	0.00674
60	0.01789	0.01743	0.05008	0.08393	0.38360	0.01747	0.01944	0.02679	0.18096	0.02621	0.02126	0.08335	0.01835	0.00943	0.00792	0.00249	0.00819	0.00866	0.00511	0.01145
61	0.02086	0.64668	0.09303	0.01402	0.02102	0.02887	0.01446	0.02390	0.01606	0.04513	0.01182	0.01331	0.01031	0.00681	0.00528	0.00175	0.00849	0.00442	0.00356	0.01020
62	0.03133	0.01421	0.04285	0.04149	0.02134	0.01201	0.01227	0.03540	0.04621	0.56680	0.04936	0.02657	0.02014	0.00955	0.00776	0.00238	0.00679	0.00782	0.00886	0.03686
63	0.01799	0.30104	0.35455	0.01894	0.02771	0.04620	0.05883	0.02389	0.01630	0.02173	0.01302	0.01559	0.01035	0.00895	0.03227	0.00252	0.01079	0.00540	0.00339	0.01057
64	0.02006	0.04778	0.04954	0.06198	0.04852	0.01453	0.03587	0.04733	0.16891	0.16662	0.05834	0.10773	0.04758	0.01290	0.00940	0.04502	0.00701	0.03375	0.00687	0.01027
65	0.01174	0.00832	0.01027	0.01039	0.01240	0.00769	0.00785	0.01509	0.04222	0.05540	0.26486	0.20727	0.21433	0.01876	0.00937	0.00277	0.00451	0.08164	0.00778	0.00733
66	0.01035	0.00737	0.00964	0.01047	0.01159	0.00687	0.00731	0.01250	0.01658	0.02308	0.19312	0.47659	0.05243	0.02221	0.03654	0.00321	0.00494	0.01824	0.04252	0.03443
67	0.13660	0.02023	0.05824	0.20666	0.05528	0.05540	0.01676	0.29652	0.02472	0.03509	0.01538	0.01794	0.01131	0.00831	0.00725	0.00240	0.00911	0.00637	0.00555	0.01088
68	0.01518	0.10047	0.04643	0.04887	0.07900	0.01488	0.01292	0.07353	0.05300	0.02375	0.02893	0.32106	0.03125	0.01616	0.00958	0.00278	0.04897	0.05856	0.00594	0.00874
69	0.01463	0.00785	0.00813	0.00791	0.00972	0.00790	0.00583	0.04336	0.01652	0.02778	0.02626	0.03134	0.04273	0.06003	0.00916	0.03814	0.00424	0.00779	0.62358	0.00710
70	0.25439	0.02140	0.01954	0.03989	0.02235	0.10887	0.01311	0.36178	0.02688	0.03977	0.01525	0.01628	0.01124	0.00845	0.00677	0.00231	0.00854	0.00589	0.00623	0.01105
71	0.05931	0.01541	0.01677	0.01309	0.01883	0.03826	0.01040	0.13046	0.04444	0.07894	0.01925	0.08891	0.01662	0.00886	0.00674	0.00180	0.00649	0.00716	0.00589	0.41234
72	0.01265	0.00829	0.01065	0.00985	0.01193	0.00758	0.00737	0.01592	0.02103	0.07823	0.54667	0.05629	0.10821	0.05820	0.01086	0.00275	0.00413	0.01356	0.00829	0.00755
73	0.02530	0.27099	0.06503	0.01600	0.02249	0.02470	0.01454	0.30392	0.07375	0.08530	0.01751	0.01770	0.01312	0.00838	0.00677	0.00213	0.00828	0.00611	0.00611	0.01189
74	0.01653	0.00926	0.01193	0.01075	0.01322	0.00860	0.00800	0.01994	0.04223	0.17431	0.36011	0.10067	0.05081	0.12281	0.01345	0.00326	0.00505	0.01265	0.00806	0.00833
75	0.00949	0.00697	0.00891	0.01033	0.01115	0.00639	0.00702	0.01104	0.01561	0.02054	0.08049	0.59628	0.14096	0.02320	0.00975	0.00304	0.00437	0.02082	0.00727	0.00639
76	0.01089	0.00792	0.01025	0.00967	0.01153	0.00728	0.00725	0.01447	0.02175	0.03062	0.64752	0.05869	0.10098	0.01603	0.00915	0.00245	0.00367	0.01413	0.00847	0.00728
77	0.02947	0.02172	0.02327	0.01784	0.02404	0.02404	0.01474	0.65329	0.03646	0.04887	0.01862	0.01862	0.01319	0.00931	0.00776	0.00233	0.00853	0.00698	0.00776	0.01319
78	0.02896	0.03695	0.02197	0.01998	0.02397	0.69638	0.01498	0.03096	0.02197	0.01898	0.01199	0.01398	0.00999	0.00799	0.00699	0.00200	0.01398	0.00499	0.00400	0.00899
79	0.01608	0.01378	0.01608	0.01148	0.01837	0.01034	0.00919	0.01952	0.01608	0.02527	0.01378	0.01608	0.01148	0.00574	0.00574	0.00115	0.00574	0.00459	0.00459	0.77491
80	0.01608	0.01378	0.01608	0.01148	0.01837	0.01034	0.00919	0.01952	0.01608	0.02527	0.01378	0.01608	0.01148	0.00574	0.00574	0.00115	0.00574	0.00459	0.00459	0.77491
81	0.01108	0.00831	0.01246	0.01246	0.01385	0.00969	0.00969	0.01385	0.01246	0.01800	0.02077	0.03046	0.01938	0.05815	0.69678	0.01246	0.02077	0.00831	0.00415	0.00692
82	0.00960	0.00692	0.00909	0.01055	0.01125	0.00642	0.00715	0.01122	0.01573	0.02105	0.11155	0.62226	0.08213	0.02318	0.00978	0.00305	0.00438	0.02093	0.00734	0.00642
83	0.01110	0.00749	0.00871	0.00888	0.00899	0.00752	0.00519	0.01136	0.01166	0.01562	0.02592	0.11136	0.02985	0.62835	0.07072	0.00737	0.00792	0.01211	0.00490	0.00496
84	0.02762	0.02080	0.02223	0.01746	0.02334	0.02318	0.01429	0.54191	0.15085	0.04588	0.02097	0.02049	0.01509	0.00953	0.00778	0.00238	0.00810	0.00731	0.00778	0.01302
85	0.01775	0.06477	0.42844	0.02431	0.03416	0.01867	0.21027	0.02537	0.01726	0.06381	0.01529	0.01813	0.01096	0.00722	0.00781	0.00246	0.01150	0.00679	0.00384	0.01120
86	0.02073	0.73217	0.04063	0.01327	0.01990	0.03068	0.01327	0.02322	0.01575	0.01824	0.01078	0.01244	0.00995	0.00663	0.00498	0.00166	0.00829	0.00415	0.00332	0.00995
87	0.01189	0.00850	0.01175	0.01323	0.01484	0.00836	0.01111	0.01517	0.01797	0.02376	0.12302	0.16913	0.04920	0.02109	0.01040	0.00337	0.00634	0.46650	0.00733	0.00705
88	0.02570	0.05971	0.15760	0.01930	0.08000	0.01608	0.03747	0.06415	0.08526	0.31268	0.02310	0.02226	0.01580	0.00858	0.00752	0.00234	0.00814	0.00708	0.00683	0.04038
89	0.02761	0.01859	0.02062	0.01643	0.02201	0.02013	0.01335	0.39400	0.16075	0.15883	0.02431	0.04862	0.01783	0.01017	0.00787	0.00243	0.00755	0.00806	0.00809	0.01274
90	0.00945	0.00675	0.00900	0.01080	0.01125	0.00630	0.00720	0.01080	0.01484	0.01979	0.04274	0.72245	0.05128	0.02429	0.00990	0.00315	0.00450	0.02204	0.00720	0.00630
91	0.01678	0.05967	0.42138	0.02573	0.03565	0.01910	0.26176	0.02461	0.01707	0.02442	0.01446	0.01792	0.01056	0.00703	0.00794	0.00248	0.01194	0.00695	0.00352	0.01102
92	0.01837	0.01639	0.06754	0.03945	0.02140	0.01278	0.01185	0.05602	0.07718	0.07613	0.01693	0.01835	0.01310	0.00685	0.00639	0.00159	0.00659	0.00551	0.00529	0.52228
93	0.01555	0.04011	0.68733	0.02210	0.03356	0.01801	0.02865	0.02455	0.01637	0.02455	0.01391	0.01637	0.00982	0.00737	0.00737	0.00246	0.01146	0.00573	0.00327	0.01146
94	0.00951	0.00787	0.00834	0.00822	0.01069	0.00669	0.00616	0.01180	0.01849	0.02289	0.19297	0.07142	0.56035	0.01891	0.00916	0.00258	0.00388	0.01591	0.00746	0.00669
95	0.01344	0.01093	0.01587	0.01445	0.01647	0.01140	0.07743	0.08242	0.01720	0.02332	0.05631	0.35403	0.05966	0.07228	0.08072	0.00420	0.06075	0.01527	0.00620	0.00764
96	0.08565	0.01424	0.02297	0.52425	0.10033	0.01693	0.04567	0.02054	0.01563	0.02233	0.01425	0.02024	0.01088	0.00765	0.00741	0.00250	0.00961	0.00676	0.04327	0.00891
97	0.01128	0.00752	0.00846	0.00846	0.00846	0.00752	0.00470	0.01128	0.01128	0.01503	0.02443	0.05074	0.02819	0.72751	0.03946	0.00752	0.00752	0.01128	0.00470	0.00470
98	0.01555	0.04011	0.68733	0.02210	0.03356	0.01801	0.02865	0.02455	0.01637	0.02455	0.01391	0.01637	0.00982	0.00737	0.00737	0.00246	0.01146	0.00573	0.00327	0.01146
99	0.02073	0.73217	0.04063	0.01327	0.01990	0.03068	0.01327	0.02322	0.01575	0.01824	0.01078	0.01244	0.00995	0.00663	0.00498	0.00166	0.00829	0.00415	0.00332	0.00995
100	0.01646	0.01532	0.02099	0.10912	0.02379	0.01890	0.01518	0.04782	0.01455	0.02158	0.01437	0.07441	0.01391	0.01196	0.01723	0.00278	0.39381	0.00762	0.00414	0.15603
101	0.07509	0.07607	0.02009	0.01425	0.01983	0.01606	0.01189	0.17651	0.02374	0.38425	0.02507	0.02611	0.01779	0.04272	0.00894	0.00260	0.00722	0.03175	0.00802	0.01200
102	0.03479	0.01320	0.01799	0.01380	0.01979	0.01140	0.01140	0.03779	0.02219	0.68451	0.03059	0.02639	0.01919	0.00960	0.00780	0.00240	0.00660	0.00780	0.00960	0.01320
103	0.00945	0.00675	0.00900	0.01080	0.01125	0.00630	0.00720	0.01080	0.01484	0.01979	0.04274	0.72245	0.05128	0.02429	0.00990	0.00315	0.00450	0.02204	0.00720	0.00630
104	0.02073	0.73217	0.04063	0.01327	0.01990	0.03068	0.01327	0.02322	0.01575	0.01824	0.01078	0.01244	0.00995	0.00663	0.00498	0.00166	0.00829	0.00415	0.00332	0.00995
105	0.78228	0.01499	0.01140	0.01020	0.01499	0.01739	0.00840	0.02279	0.01320	0.03479	0.01080	0.01260	0.00840	0.00720	0.00480	0.00240	0.00600	0.00420	0.00480	0.00840
106	0.78228	0.01499	0.01140	0.01020	0.01499	0.01739	0.00840	0.02279	0.01320	0.03479	0.01080	0.01260	0.00840	0.00720	0.00480	0.00240	0.00600	0.00420	0.00480	0.00840
107	0.02227	0.02244	0.18657	0.02432	0.17952	0.03546	0.01876	0.13073	0.02144	0.15998	0.04608	0.07915	0.01871	0.00977	0.00786	0.00243	0.00866	0.00828	0.00596	0.01163
108	0.02060	0.69307	0.04091	0.01433	0.02103	0.03007	0.04833	0.02331	0.01589	0.01860	0.01105	0.01290	0.01005	0.00663	0.00520	0.00171	0.00855	0.00442	0.00335	0.00998
109	0.78228	0.01499	0.01140	0.01020	0.01499	0.01739	0.00840	0.02279	0.01320	0.03479	0.01080	0.01260	0.00840	0.00720	0.00480	0.00240	0.00600	0.00420	0.00480	0.00840
110	0.01061	0.00784	0.01066	0.01217	0.01293	0.00790	0.00903	0.01252	0.01542	0.02057	0.04053	0.52820	0.04739	0.02300	0.01095	0.00327	0.04412	0.16929	0.00697	0.00662
111	0.02110	0.06403	0.04445	0.08219	0.14399	0.14229	0.08898	0.10163	0.10488	0.02668	0.01767	0.02126	0.01418	0.04091	0.00892	0.00253	0.00976	0.00709	0.04699	0.01048
112	0.01083	0.00792	0.01016	0.00960	0.01149	0.00725	0.00720	0.01435	0.02160	0.03027	0.62682	0.05927	0.12190	0.01616	0.00915	0.00245	0.00368	0.01421	0.00843	0.00725
