[name]
unknown

[dist]
# distance from previous block
# <min> <max>
0	30

[block]
# block no. 0 follows, 24 sequences, length 31
# corresponding to MSA columns:
# 30-60
name=unknown_A
#
# <colnr> <probs for GDERKNQSTAVLIFYWHMCP>
#	G	D	E	R	K	N	Q	S	T	A	V	L	I	F	Y	W	H	M	C	P
0	0.02659	0.01177	0.01619	0.01430	0.01874	0.01066	0.01210	0.02989	0.02095	0.41970	0.03550	0.05161	0.02988	0.01458	0.00915	0.00293	0.00697	0.24862	0.00882	0.01105
1	0.03210	0.01389	0.01808	0.01427	0.01993	0.01279	0.01163	0.07279	0.07867	0.53823	0.05362	0.05222	0.02278	0.01064	0.00810	0.00250	0.00664	0.00875	0.00943	0.01295
2	0.03314	0.01741	0.02083	0.01597	0.02220	0.01747	0.01319	0.31132	0.02925	0.39541	0.02578	0.02342	0.01687	0.00968	0.00796	0.00242	0.00764	0.00760	0.00897	0.01349
3	0.02473	0.01681	0.01881	0.01542	0.02040	0.01797	0.01238	0.28565	0.17408	0.14119	0.10204	0.05474	0.05658	0.01166	0.00828	0.00252	0.00691	0.00952	0.00831	0.01201
4	0.02620	0.01747	0.01978	0.01599	0.02131	0.01865	0.01295	0.30631	0.15261	0.15910	0.02478	0.02660	0.01860	0.03819	0.04925	0.00324	0.00840	0.02717	0.00782	0.04558
5	0.10812	0.01438	0.01708	0.01393	0.01893	0.01424	0.01122	0.15593	0.04125	0.33537	0.07998	0.10535	0.02558	0.01176	0.00800	0.00254	0.00658	0.00962	0.00849	0.01165
6	0.52389	0.01344	0.01222	0.08915	0.01864	0.01545	0.00957	0.02147	0.01436	0.03197	0.01567	0.05786	0.01326	0.00875	0.00566	0.00242	0.00616	0.00617	0.12558	0.00830
7	0.01437	0.01327	0.02212	0.62316	0.04968	0.01634	0.02034	0.01921	0.01578	0.02026	0.01748	0.10067	0.01536	0.00986	0.00818	0.00271	0.00989	0.00882	0.00396	0.00854
8	0.01160	0.00892	0.01073	0.01048	0.01258	0.00857	0.00777	0.01677	0.09313	0.02815	0.38425	0.16335	0.17839	0.01769	0.00933	0.00267	0.00422	0.01548	0.00818	0.00775
9	0.01789	0.01013	0.01289	0.01240	0.01473	0.00973	0.00904	0.08957	0.01900	0.16663	0.03623	0.42999	0.03834	0.05305	0.01158	0.03021	0.00577	0.01653	0.00770	0.00860
10	0.07159	0.01721	0.01909	0.01575	0.02115	0.01857	0.01267	0.18456	0.29728	0.21329	0.02757	0.02536	0.01946	0.01000	0.00782	0.00254	0.00698	0.00798	0.00833	0.01280
11	0.00997	0.00717	0.00935	0.01066	0.01142	0.00666	0.00723	0.01170	0.01632	0.02194	0.14366	0.55985	0.08099	0.04955	0.01111	0.00325	0.00456	0.02058	0.00748	0.00656
12	0.01621	0.00877	0.00892	0.00840	0.01067	0.00899	0.00643	0.07684	0.01855	0.03146	0.02523	0.02858	0.01969	0.00926	0.00577	0.00190	0.00416	0.00737	0.69483	0.00796
13	0.01652	0.01567	0.02658	0.48473	0.26004	0.01803	0.02279	0.02162	0.01659	0.02214	0.01437	0.02064	0.01123	0.00764	0.00790	0.00255	0.01019	0.00705	0.00366	0.01006
14	0.02160	0.02246	0.04081	0.09283	0.04000	0.05313	0.45262	0.07080	0.02072	0.02777	0.01758	0.02336	0.01380	0.00893	0.01080	0.00304	0.05408	0.00919	0.00495	0.01152
15	0.01121	0.00755	0.00874	0.00906	0.00914	0.00747	0.00524	0.01145	0.01216	0.01621	0.02819	0.16571	0.03288	0.60198	0.03518	0.00692	0.00716	0.01342	0.00524	0.00509
16	0.01848	0.02203	0.07538	0.03200	0.03961	0.02028	0.56854	0.02493	0.01815	0.02493	0.01555	0.02088	0.01182	0.00725	0.01048	0.00272	0.06342	0.00902	0.00394	0.01060
17	0.05962	0.02395	0.02303	0.21814	0.09115	0.24153	0.01740	0.15539	0.02270	0.02749	0.01658	0.01967	0.03227	0.00863	0.00757	0.00235	0.01089	0.00660	0.00486	0.01018
18	0.09488	0.01043	0.01227	0.01087	0.01377	0.01026	0.00835	0.06273	0.02156	0.11126	0.39835	0.04547	0.05083	0.05776	0.01034	0.00276	0.00495	0.01143	0.05315	0.00858
19	0.01108	0.00770	0.00883	0.00897	0.01019	0.00722	0.00604	0.01285	0.01617	0.02213	0.16475	0.14988	0.18184	0.25365	0.01944	0.00431	0.00524	0.01433	0.08913	0.00625
20	0.06042	0.01527	0.02186	0.33629	0.12279	0.01740	0.01791	0.06204	0.11941	0.06443	0.02301	0.02602	0.06116	0.00931	0.00788	0.00258	0.00868	0.00796	0.00528	0.01029
21	0.01139	0.00901	0.00981	0.00936	0.01190	0.00820	0.00700	0.05799	0.01998	0.02540	0.19945	0.09534	0.43454	0.05214	0.01077	0.00288	0.00450	0.01553	0.00758	0.00726
22	0.02912	0.02062	0.02229	0.01730	0.02329	0.02263	0.01422	0.54579	0.06478	0.08534	0.02078	0.02060	0.01474	0.00958	0.00781	0.00237	0.00821	0.00729	0.05014	0.01310
23	0.02566	0.01880	0.02060	0.01609	0.02198	0.01981	0.01302	0.37726	0.12538	0.08089	0.02120	0.02213	0.01587	0.04070	0.00903	0.00245	0.00768	0.00723	0.00736	0.14687
24	0.08349	0.01453	0.01824	0.01479	0.01944	0.01477	0.03635	0.12777	0.05316	0.21381	0.11250	0.06052	0.02563	0.01358	0.04438	0.00299	0.05123	0.00890	0.00741	0.07651
25	0.01627	0.01287	0.01453	0.07640	0.01918	0.04169	0.01032	0.05762	0.10051	0.06719	0.13838	0.09609	0.15538	0.05572	0.01028	0.00275	0.00626	0.01155	0.00688	0.10014
26	0.05692	0.02289	0.02651	0.02723	0.18634	0.16684	0.08620	0.14859	0.05065	0.05016	0.01751	0.05202	0.01452	0.00924	0.00888	0.00245	0.04895	0.00763	0.00531	0.01114
27	0.02198	0.01241	0.01661	0.01351	0.01817	0.01109	0.04005	0.04910	0.04866	0.26119	0.14431	0.12332	0.05786	0.01258	0.00829	0.00238	0.00605	0.01092	0.00795	0.13358
28	0.01893	0.02028	0.04113	0.08178	0.05985	0.01940	0.49604	0.05904	0.01935	0.02643	0.01589	0.02083	0.01200	0.00689	0.00887	0.00254	0.01223	0.00865	0.00424	0.06564
29	0.01783	0.01519	0.02144	0.04567	0.05012	0.03724	0.08425	0.02189	0.05362	0.06956	0.01913	0.05395	0.01722	0.09668	0.04654	0.00366	0.18732	0.00837	0.04432	0.10603
30	0.02240	0.01485	0.05546	0.05653	0.02018	0.01397	0.01209	0.14238	0.02146	0.17293	0.02275	0.02446	0.01668	0.01126	0.03494	0.00264	0.04059	0.00723	0.25455	0.05264

[dist]
# distance from previous block
# <min> <max>
16	29

[block]
# block no. 1 follows, 24 sequences, length 198
# corresponding to MSA columns:
# 91-288
name=unknown_B
#
# <colnr> <probs for GDERKNQSTAVLIFYWHMCP>
#	G	D	E	R	K	N	Q	S	T	A	V	L	I	F	Y	W	H	M	C	P
0	0.12357	0.05059	0.02163	0.11401	0.02626	0.02137	0.01440	0.38867	0.02824	0.03976	0.02051	0.05837	0.03838	0.01011	0.00758	0.00245	0.00824	0.00781	0.00665	0.01139
1	0.01964	0.01557	0.01758	0.12650	0.02375	0.05228	0.01263	0.23847	0.02330	0.03109	0.02428	0.18135	0.02352	0.07943	0.01119	0.00301	0.00784	0.01085	0.05703	0.04069
2	0.01870	0.01194	0.01460	0.01239	0.01621	0.01129	0.00965	0.10529	0.05000	0.13961	0.29249	0.11438	0.04447	0.01361	0.00851	0.00239	0.00540	0.01173	0.00809	0.10925
3	0.19906	0.01673	0.04528	0.01615	0.05315	0.04808	0.03578	0.11151	0.04907	0.12616	0.12915	0.08809	0.02702	0.01121	0.00766	0.00251	0.00713	0.00918	0.00685	0.01023
4	0.01954	0.02238	0.04180	0.03068	0.03735	0.08130	0.50855	0.02519	0.01824	0.02407	0.01500	0.02025	0.01167	0.00771	0.01122	0.00272	0.09942	0.00867	0.00395	0.01031
5	0.01795	0.01337	0.01438	0.01300	0.01526	0.07127	0.01026	0.07661	0.01773	0.05374	0.02095	0.02570	0.01720	0.02114	0.16234	0.00462	0.11436	0.00737	0.31428	0.00848
6	0.01506	0.01421	0.02380	0.67731	0.05338	0.01786	0.02185	0.02022	0.01572	0.02022	0.01396	0.02100	0.01056	0.00815	0.00859	0.00267	0.03606	0.00704	0.00352	0.00880
7	0.02682	0.01463	0.01786	0.01424	0.01970	0.01382	0.01143	0.14670	0.06936	0.31767	0.02781	0.11420	0.02179	0.01114	0.00790	0.00234	0.00666	0.00925	0.00816	0.13852
8	0.01018	0.00724	0.00947	0.01058	0.01132	0.00679	0.00716	0.01197	0.01649	0.02241	0.18299	0.50715	0.05535	0.08638	0.01270	0.00346	0.00469	0.01969	0.00744	0.00653
9	0.01676	0.01649	0.02316	0.02003	0.02017	0.02289	0.01662	0.01860	0.01220	0.01902	0.01146	0.01869	0.01133	0.01832	0.09069	0.00437	0.64002	0.00709	0.00355	0.00852
10	0.02055	0.01685	0.01796	0.01603	0.02060	0.01930	0.01250	0.04196	0.62438	0.06680	0.03222	0.02945	0.02397	0.01071	0.00806	0.00268	0.00630	0.00891	0.00816	0.01260
11	0.02471	0.01951	0.02074	0.01715	0.02252	0.02205	0.01376	0.33068	0.36087	0.04121	0.02594	0.02454	0.01908	0.01017	0.00800	0.00254	0.00745	0.00809	0.00800	0.01300
12	0.01709	0.01243	0.01723	0.01397	0.01809	0.01180	0.10402	0.10329	0.02150	0.09269	0.11369	0.04734	0.26640	0.01376	0.00852	0.00248	0.00626	0.01196	0.10841	0.00906
13	0.02494	0.01813	0.02011	0.04612	0.02227	0.02009	0.01331	0.44170	0.03091	0.04276	0.07838	0.02433	0.01986	0.01017	0.00836	0.00236	0.03314	0.00782	0.12363	0.01163
14	0.01466	0.01375	0.02290	0.66311	0.05214	0.01700	0.02112	0.01976	0.01598	0.02033	0.01783	0.02425	0.04768	0.00861	0.00801	0.00264	0.01020	0.00759	0.00374	0.00869
15	0.01569	0.04657	0.05302	0.45925	0.14179	0.01715	0.02054	0.02010	0.01579	0.02077	0.01533	0.05023	0.01287	0.00995	0.00963	0.06119	0.00982	0.00752	0.00373	0.00906
16	0.77733	0.01534	0.01166	0.01043	0.01534	0.01779	0.00859	0.02331	0.01350	0.03558	0.01104	0.01288	0.00859	0.00736	0.00491	0.00245	0.00613	0.00429	0.00491	0.00859
17	0.00966	0.00690	0.00920	0.01104	0.01150	0.00644	0.00736	0.01104	0.01518	0.02024	0.04371	0.71614	0.05245	0.02484	0.01012	0.00322	0.00460	0.02254	0.00736	0.00644
18	0.04263	0.20343	0.47477	0.01967	0.02954	0.02110	0.02409	0.02434	0.01655	0.02385	0.01458	0.01885	0.01160	0.00798	0.00701	0.00236	0.01056	0.03246	0.00359	0.01105
19	0.01717	0.18772	0.51565	0.02112	0.03162	0.02128	0.05210	0.02483	0.01669	0.02373	0.01362	0.01607	0.01016	0.00734	0.00709	0.00234	0.01109	0.00566	0.00339	0.01134
20	0.01153	0.00769	0.00865	0.00865	0.00865	0.00769	0.00480	0.01153	0.01153	0.01538	0.02499	0.05189	0.02883	0.72131	0.04036	0.00769	0.00769	0.01153	0.00480	0.00480
21	0.01153	0.00769	0.00865	0.00865	0.00865	0.00769	0.00480	0.01153	0.01153	0.01538	0.02499	0.05189	0.02883	0.72131	0.04036	0.00769	0.00769	0.01153	0.00480	0.00480
22	0.02120	0.72609	0.04155	0.01357	0.02035	0.03138	0.01357	0.02374	0.01611	0.01866	0.01102	0.01272	0.01018	0.00678	0.00509	0.00170	0.00848	0.00424	0.00339	0.01018
23	0.01351	0.01040	0.01306	0.01226	0.01428	0.01031	0.03199	0.09137	0.01768	0.02357	0.03793	0.32314	0.11906	0.16106	0.01613	0.00382	0.02936	0.01565	0.00652	0.04889
24	0.01644	0.01409	0.01644	0.01175	0.01879	0.01057	0.00940	0.01997	0.01644	0.02584	0.01409	0.01644	0.01175	0.00587	0.00587	0.00117	0.00587	0.00470	0.00470	0.76979
25	0.01605	0.03999	0.64716	0.02317	0.03469	0.01850	0.06134	0.02513	0.01685	0.02513	0.01433	0.01698	0.01015	0.00749	0.00763	0.00252	0.01181	0.00604	0.00338	0.01167
26	0.02962	0.03779	0.02247	0.02043	0.02451	0.68948	0.01532	0.03166	0.02247	0.01941	0.01226	0.01430	0.01021	0.00817	0.00715	0.00204	0.01430	0.00511	0.00409	0.00919
27	0.01382	0.00716	0.01084	0.03644	0.01200	0.00729	0.00746	0.01071	0.01054	0.01402	0.01379	0.02399	0.01365	0.02681	0.03012	0.74035	0.00703	0.00689	0.00345	0.00365
28	0.77733	0.01534	0.01166	0.01043	0.01534	0.01779	0.00859	0.02331	0.01350	0.03558	0.01104	0.01288	0.00859	0.00736	0.00491	0.00245	0.00613	0.00429	0.00491	0.00859
29	0.01693	0.03958	0.64567	0.02216	0.03359	0.01806	0.02838	0.02582	0.01705	0.05917	0.01512	0.01728	0.01055	0.00765	0.00756	0.00251	0.01146	0.00597	0.00369	0.01181
30	0.02403	0.02062	0.07789	0.01768	0.02395	0.01998	0.04223	0.25489	0.24827	0.08671	0.02363	0.02301	0.01719	0.00937	0.00784	0.00241	0.00794	0.00762	0.00728	0.07747
31	0.02088	0.01984	0.01934	0.04820	0.04650	0.11208	0.01378	0.03907	0.51810	0.03044	0.02807	0.02674	0.02125	0.01014	0.00793	0.00259	0.00769	0.00828	0.00717	0.01192
32	0.01122	0.00811	0.01060	0.00998	0.01185	0.00748	0.00748	0.01496	0.02245	0.03180	0.66766	0.05923	0.07482	0.01621	0.00935	0.00249	0.00374	0.01434	0.00873	0.00748
33	0.01963	0.01884	0.03219	0.04867	0.67185	0.01884	0.02434	0.02434	0.01806	0.02591	0.01492	0.01963	0.01256	0.00707	0.00785	0.00236	0.00942	0.00707	0.00393	0.01256
34	0.03014	0.02221	0.02380	0.01825	0.02459	0.02459	0.01507	0.64541	0.03728	0.04998	0.01904	0.01904	0.01349	0.00952	0.00793	0.00238	0.00873	0.00714	0.00793	0.01349
35	0.77733	0.01534	0.01166	0.01043	0.01534	0.01779	0.00859	0.02331	0.01350	0.03558	0.01104	0.01288	0.00859	0.00736	0.00491	0.00245	0.00613	0.00429	0.00491	0.00859
36	0.07647	0.04866	0.01938	0.01405	0.02015	0.01351	0.01172	0.06260	0.02247	0.58267	0.02864	0.02517	0.01829	0.00952	0.00766	0.00241	0.00688	0.00755	0.00915	0.01306
37	0.01711	0.01449	0.01680	0.01206	0.01907	0.01125	0.00967	0.05042	0.01746	0.02702	0.01434	0.01657	0.01183	0.00605	0.00597	0.00123	0.00601	0.00482	0.00486	0.73296
38	0.01377	0.00689	0.01033	0.01033	0.01033	0.00689	0.00689	0.01033	0.01033	0.01377	0.01377	0.02410	0.01377	0.02755	0.03099	0.76928	0.00689	0.00689	0.00344	0.00344
39	0.02117	0.01729	0.01840	0.01622	0.02091	0.01977	0.01271	0.08819	0.58398	0.06089	0.03122	0.02867	0.02320	0.01062	0.00805	0.00266	0.00648	0.00878	0.00813	0.01266
40	0.06594	0.01300	0.01716	0.01339	0.01905	0.01151	0.01100	0.03584	0.02194	0.58547	0.05688	0.02787	0.02151	0.00994	0.00776	0.00242	0.00642	0.00805	0.05215	0.01268
41	0.02040	0.01858	0.03152	0.04699	0.64012	0.01849	0.02372	0.02503	0.01828	0.05763	0.01571	0.01998	0.01291	0.00720	0.00786	0.00236	0.00929	0.00711	0.00421	0.01261
42	0.01809	0.02022	0.04270	0.03106	0.03795	0.01966	0.55249	0.02404	0.01794	0.02456	0.01711	0.06021	0.01417	0.00834	0.01086	0.00277	0.07351	0.00989	0.00415	0.01028
43	0.00966	0.00690	0.00920	0.01104	0.01150	0.00644	0.00736	0.01104	0.01518	0.02024	0.04371	0.71614	0.05245	0.02484	0.01012	0.00322	0.00460	0.02254	0.00736	0.00644
44	0.01498	0.01409	0.02378	0.70226	0.05462	0.01762	0.02202	0.02026	0.01586	0.02026	0.01409	0.02114	0.01057	0.00793	0.00793	0.00264	0.01057	0.00705	0.00352	0.00881
45	0.02369	0.01618	0.01759	0.01522	0.01989	0.04599	0.01197	0.03826	0.39980	0.20706	0.08875	0.03090	0.02694	0.01088	0.00812	0.00258	0.00653	0.00901	0.00843	0.01220
46	0.01963	0.01884	0.03219	0.04867	0.67185	0.01884	0.02434	0.02434	0.01806	0.02591	0.01492	0.01963	0.01256	0.00707	0.00785	0.00236	0.00942	0.00707	0.00393	0.01256
47	0.03012	0.02288	0.02374	0.01834	0.02459	0.05329	0.01508	0.61892	0.03664	0.04866	0.01875	0.01883	0.01334	0.00946	0.00790	0.00237	0.00897	0.00705	0.00777	0.01330
48	0.02964	0.03712	0.02253	0.02033	0.02452	0.66078	0.01531	0.05816	0.02311	0.02073	0.01255	0.01450	0.01036	0.00823	0.00718	0.00206	0.01406	0.00519	0.00425	0.00938
49	0.01590	0.04102	0.68023	0.02260	0.03432	0.01842	0.02930	0.02511	0.01674	0.02511	0.01423	0.01674	0.01005	0.00753	0.00753	0.00251	0.01172	0.00586	0.00335	0.01172
50	0.02070	0.66155	0.10172	0.01442	0.02167	0.03016	0.01505	0.02387	0.01617	0.01926	0.01133	0.01310	0.01016	0.00685	0.00532	0.00177	0.00879	0.00439	0.00339	0.01032
51	0.00966	0.00690	0.00920	0.01104	0.01150	0.00644	0.00736	0.01104	0.01518	0.02024	0.04371	0.71614	0.05245	0.02484	0.01012	0.00322	0.00460	0.02254	0.00736	0.00644
52	0.01735	0.01735	0.02429	0.02082	0.02082	0.02429	0.01735	0.01908	0.01214	0.01908	0.01041	0.01735	0.01041	0.01388	0.02602	0.00347	0.70680	0.00694	0.00347	0.00867
53	0.01963	0.01884	0.03219	0.04867	0.67185	0.01884	0.02434	0.02434	0.01806	0.02591	0.01492	0.01963	0.01256	0.00707	0.00785	0.00236	0.00942	0.00707	0.00393	0.01256
54	0.00966	0.00690	0.00920	0.01104	0.01150	0.00644	0.00736	0.01104	0.01518	0.02024	0.04371	0.71614	0.05245	0.02484	0.01012	0.00322	0.00460	0.02254	0.00736	0.00644
55	0.01377	0.00689	0.01033	0.01033	0.01033	0.00689	0.00689	0.01033	0.01033	0.01377	0.01377	0.02410	0.01377	0.02755	0.03099	0.76928	0.00689	0.00689	0.00344	0.00344
56	0.01133	0.00850	0.01274	0.01274	0.01416	0.00991	0.00991	0.01416	0.01274	0.01841	0.02124	0.03115	0.01982	0.05947	0.68989	0.01274	0.02124	0.00850	0.00425	0.00708
57	0.01122	0.00811	0.01060	0.00998	0.01185	0.00748	0.00748	0.01496	0.02245	0.03180	0.66766	0.05923	0.07482	0.01621	0.00935	0.00249	0.00374	0.01434	0.00873	0.00748
58	0.00966	0.00690	0.00920	0.01104	0.01150	0.00644	0.00736	0.01104	0.01518	0.02024	0.04371	0.71614	0.05245	0.02484	0.01012	0.00322	0.00460	0.02254	0.00736	0.00644
59	0.00966	0.00690	0.00920	0.01104	0.01150	0.00644	0.00736	0.01104	0.01518	0.02024	0.04371	0.71614	0.05245	0.02484	0.01012	0.00322	0.00460	0.02254	0.00736	0.00644
60	0.01963	0.01884	0.03219	0.04867	0.67185	0.01884	0.02434	0.02434	0.01806	0.02591	0.01492	0.01963	0.01256	0.00707	0.00785	0.00236	0.00942	0.00707	0.00393	0.01256
61	0.01590	0.04102	0.68023	0.02260	0.03432	0.01842	0.02930	0.02511	0.01674	0.02511	0.01423	0.01674	0.01005	0.00753	0.00753	0.00251	0.01172	0.00586	0.00335	0.01172
62	0.01830	0.01867	0.05938	0.20958	0.48997	0.01852	0.02399	0.02336	0.01745	0.02447	0.01468	0.01987	0.01195	0.00730	0.00786	0.00243	0.00981	0.00701	0.00380	0.01159
63	0.02905	0.03684	0.02256	0.02045	0.02434	0.65834	0.01542	0.03108	0.02199	0.01939	0.01217	0.01444	0.01022	0.00844	0.00803	0.00211	0.04672	0.00519	0.00406	0.00917
64	0.01278	0.00913	0.01278	0.01460	0.01643	0.00913	0.01278	0.01643	0.01825	0.02373	0.04199	0.08945	0.04564	0.02191	0.01095	0.00365	0.00730	0.61847	0.00730	0.00730
65	0.00966	0.00690	0.00920	0.01104	0.01150	0.00644	0.00736	0.01104	0.01518	0.02024	0.04371	0.71614	0.05245	0.02484	0.01012	0.00322	0.00460	0.02254	0.00736	0.00644
66	0.01014	0.00746	0.01002	0.01147	0.01195	0.00743	0.00784	0.01157	0.01479	0.01992	0.04039	0.62528	0.04803	0.05026	0.05016	0.00392	0.03520	0.02072	0.00693	0.00651
67	0.02027	0.01730	0.01824	0.01625	0.02083	0.01998	0.01268	0.07365	0.62512	0.03405	0.03158	0.02903	0.02365	0.01069	0.00806	0.00267	0.00640	0.00887	0.00806	0.01260
68	0.01033	0.00803	0.00946	0.01010	0.01177	0.00740	0.00719	0.01342	0.05229	0.02302	0.14545	0.35671	0.27362	0.02114	0.00963	0.00289	0.00436	0.01856	0.00760	0.00701
69	0.01631	0.03819	0.58903	0.02416	0.03535	0.01865	0.11766	0.02515	0.01703	0.02515	0.01449	0.01741	0.01033	0.00741	0.00780	0.00253	0.01196	0.00636	0.00344	0.01157
70	0.01872	0.02139	0.04679	0.03342	0.04144	0.02005	0.64305	0.02540	0.01872	0.02540	0.01604	0.02139	0.01203	0.00668	0.00936	0.00267	0.01337	0.00936	0.00401	0.01070
71	0.01590	0.04102	0.68023	0.02260	0.03432	0.01842	0.02930	0.02511	0.01674	0.02511	0.01423	0.01674	0.01005	0.00753	0.00753	0.00251	0.01172	0.00586	0.00335	0.01172
72	0.03402	0.01600	0.01995	0.01530	0.02149	0.01537	0.01264	0.21291	0.02689	0.49716	0.02777	0.02471	0.01786	0.00973	0.00796	0.00243	0.00732	0.00773	0.00927	0.01349
73	0.01943	0.01864	0.03182	0.07688	0.64521	0.01879	0.02424	0.02416	0.01796	0.02566	0.01488	0.01969	0.01247	0.00710	0.00785	0.00237	0.00947	0.00706	0.00391	0.01240
74	0.01498	0.01409	0.02378	0.70226	0.05462	0.01762	0.02202	0.02026	0.01586	0.02026	0.01409	0.02114	0.01057	0.00793	0.00793	0.00264	0.01057	0.00705	0.00352	0.00881
75	0.01872	0.02139	0.04679	0.03342	0.04144	0.02005	0.64305	0.02540	0.01872	0.02540	0.01604	0.02139	0.01203	0.00668	0.00936	0.00267	0.01337	0.00936	0.00401	0.01070
76	0.04966	0.01382	0.02225	0.57237	0.08361	0.01679	0.02008	0.02047	0.01594	0.02210	0.01505	0.02143	0.01146	0.00797	0.00758	0.00255	0.00969	0.00695	0.07134	0.00888
77	0.01152	0.00889	0.01212	0.01147	0.01349	0.00840	0.03633	0.01572	0.05348	0.02824	0.42269	0.20694	0.10476	0.01773	0.00946	0.00269	0.00452	0.01587	0.00808	0.00760
78	0.01801	0.01911	0.03730	0.02664	0.03436	0.01709	0.44486	0.02370	0.01801	0.02554	0.01543	0.01984	0.01194	0.00643	0.00827	0.00220	0.01102	0.00790	0.00423	0.24812
79	0.01278	0.00913	0.01278	0.01460	0.01643	0.00913	0.01278	0.01643	0.01825	0.02373	0.04199	0.08945	0.04564	0.02191	0.01095	0.00365	0.00730	0.61847	0.00730	0.00730
80	0.01644	0.01409	0.01644	0.01175	0.01879	0.01057	0.00940	0.01997	0.01644	0.02584	0.01409	0.01644	0.01175	0.00587	0.00587	0.00117	0.00587	0.00470	0.00470	0.76979
81	0.07090	0.02184	0.02314	0.01782	0.02409	0.02422	0.01472	0.61147	0.03599	0.04919	0.01860	0.01870	0.01322	0.00940	0.00777	0.00238	0.00858	0.00698	0.00777	0.01322
82	0.01644	0.01409	0.01644	0.01175	0.01879	0.01057	0.00940	0.01997	0.01644	0.02584	0.01409	0.01644	0.01175	0.00587	0.00587	0.00117	0.00587	0.00470	0.00470	0.76979
83	0.01607	0.04002	0.65095	0.02378	0.06312	0.01844	0.02907	0.02508	0.01680	0.02515	0.01426	0.01687	0.01016	0.00751	0.00755	0.00250	0.01162	0.00591	0.00337	0.01176
84	0.01498	0.01409	0.02378	0.70226	0.05462	0.01762	0.02202	0.02026	0.01586	0.02026	0.01409	0.02114	0.01057	0.00793	0.00793	0.00264	0.01057	0.00705	0.00352	0.00881
85	0.00991	0.00744	0.00924	0.01044	0.01168	0.00677	0.00742	0.01176	0.01660	0.02147	0.08860	0.45983	0.21882	0.02286	0.00994	0.00307	0.00460	0.06549	0.00743	0.00663
86	0.01726	0.01642	0.02791	0.38173	0.35732	0.01822	0.02316	0.02226	0.01694	0.02303	0.01450	0.02040	0.01155	0.00751	0.00789	0.00250	0.01001	0.00706	0.00372	0.01065
87	0.01963	0.01884	0.03219	0.04867	0.67185	0.01884	0.02434	0.02434	0.01806	0.02591	0.01492	0.01963	0.01256	0.00707	0.00785	0.00236	0.00942	0.00707	0.00393	0.01256
88	0.01067	0.00808	0.00984	0.00940	0.01151	0.00725	0.00705	0.01390	0.02115	0.02872	0.49310	0.06431	0.25131	0.01736	0.00936	0.00255	0.00382	0.01505	0.00832	0.00725
89	0.01675	0.13733	0.56881	0.02168	0.03258	0.02031	0.04744	0.02493	0.01672	0.02421	0.01384	0.01633	0.01013	0.00740	0.00725	0.00240	0.01132	0.00575	0.00338	0.01147
90	0.01472	0.01374	0.02307	0.66860	0.05252	0.01707	0.02131	0.01981	0.01582	0.02026	0.01554	0.05498	0.01261	0.00875	0.00803	0.00267	0.01028	0.00780	0.00371	0.00869
91	0.03014	0.02221	0.02380	0.01825	0.02459	0.02459	0.01507	0.64541	0.03728	0.04998	0.01904	0.01904	0.01349	0.00952	0.00793	0.00238	0.00873	0.00714	0.00793	0.01349
92	0.01209	0.00877	0.01190	0.01344	0.01522	0.00857	0.01140	0.01538	0.01813	0.02354	0.07336	0.14651	0.10605	0.02176	0.01065	0.00347	0.00658	0.47863	0.00738	0.00717
93	0.04640	0.05214	0.01711	0.10059	0.12593	0.01323	0.01218	0.01892	0.07957	0.02355	0.06673	0.07839	0.25892	0.06002	0.01044	0.00290	0.00652	0.01183	0.00596	0.00866
94	0.01498	0.01409	0.02378	0.70226	0.05462	0.01762	0.02202	0.02026	0.01586	0.02026	0.01409	0.02114	0.01057	0.00793	0.00793	0.00264	0.01057	0.00705	0.00352	0.00881
95	0.00975	0.00697	0.00928	0.01098	0.01152	0.00650	0.00737	0.01126	0.01559	0.02089	0.07889	0.67910	0.05371	0.02436	0.01008	0.00318	0.00455	0.02208	0.00744	0.00650
96	0.01932	0.40495	0.31178	0.01771	0.02646	0.05492	0.02032	0.02468	0.01666	0.02143	0.01244	0.01450	0.01012	0.00716	0.00622	0.00206	0.01011	0.00497	0.00340	0.01079
97	0.01974	0.01659	0.01819	0.05456	0.02219	0.01903	0.01291	0.10071	0.50317	0.03357	0.05712	0.05856	0.02567	0.01130	0.00819	0.00267	0.00659	0.00947	0.00780	0.01196
98	0.01355	0.00862	0.01135	0.01037	0.01265	0.00788	0.00788	0.01723	0.02247	0.09350	0.60684	0.05615	0.06955	0.01560	0.00922	0.00249	0.00403	0.01373	0.00883	0.00806
99	0.01335	0.00858	0.01128	0.01034	0.01258	0.00785	0.00785	0.01704	0.02247	0.08825	0.61202	0.05641	0.07000	0.01565	0.00923	0.00249	0.00400	0.01378	0.00882	0.00801
100	0.01980	0.02010	0.02690	0.15458	0.22933	0.11631	0.08054	0.02704	0.12947	0.02431	0.01726	0.02112	0.01378	0.00916	0.00978	0.03397	0.04404	0.00732	0.00457	0.01063
101	0.01590	0.04102	0.68023	0.02260	0.03432	0.01842	0.02930	0.02511	0.01674	0.02511	0.01423	0.01674	0.01005	0.00753	0.00753	0.00251	0.01172	0.00586	0.00335	0.01172
102	0.01498	0.01409	0.02378	0.70226	0.05462	0.01762	0.02202	0.02026	0.01586	0.02026	0.01409	0.02114	0.01057	0.00793	0.00793	0.00264	0.01057	0.00705	0.00352	0.00881
103	0.01590	0.04102	0.68023	0.02260	0.03432	0.01842	0.02930	0.02511	0.01674	0.02511	0.01423	0.01674	0.01005	0.00753	0.00753	0.00251	0.01172	0.00586	0.00335	0.01172
104	0.06232	0.26592	0.02618	0.01526	0.02054	0.07478	0.01290	0.03389	0.35015	0.02719	0.02218	0.02162	0.01739	0.00899	0.00679	0.00228	0.00765	0.00677	0.00596	0.01125
105	0.03407	0.01506	0.01927	0.01486	0.02097	0.01408	0.01225	0.13806	0.04969	0.54973	0.02932	0.02579	0.01880	0.00980	0.00797	0.00245	0.00705	0.00788	0.00944	0.01346
106	0.00965	0.00696	0.00914	0.01088	0.01146	0.00645	0.00729	0.01106	0.01533	0.02030	0.04562	0.68272	0.08463	0.02459	0.01008	0.00319	0.00457	0.02224	0.00736	0.00645
107	0.01498	0.01409	0.02378	0.70226	0.05462	0.01762	0.02202	0.02026	0.01586	0.02026	0.01409	0.02114	0.01057	0.00793	0.00793	0.00264	0.01057	0.00705	0.00352	0.00881
108	0.00966	0.00690	0.00920	0.01104	0.01150	0.00644	0.00736	0.01104	0.01518	0.02024	0.04371	0.71614	0.05245	0.02484	0.01012	0.00322	0.00460	0.02254	0.00736	0.00644
109	0.00966	0.00690	0.00920	0.01104	0.01150	0.00644	0.00736	0.01104	0.01518	0.02024	0.04371	0.71614	0.05245	0.02484	0.01012	0.00322	0.00460	0.02254	0.00736	0.00644
110	0.01822	0.02060	0.04474	0.03220	0.03981	0.01931	0.60837	0.02462	0.01852	0.02512	0.01755	0.05929	0.01424	0.00767	0.00940	0.00270	0.01289	0.01008	0.00419	0.01046
111	0.01972	0.01703	0.01793	0.01614	0.02062	0.01972	0.01255	0.04214	0.65752	0.03317	0.03228	0.02959	0.02421	0.01076	0.00807	0.00269	0.00628	0.00897	0.00807	0.01255
112	0.77733	0.01534	0.01166	0.01043	0.01534	0.01779	0.00859	0.02331	0.01350	0.03558	0.01104	0.01288	0.00859	0.00736	0.00491	0.00245	0.00613	0.00429	0.00491	0.00859
113	0.01872	0.02139	0.04679	0.03342	0.04144	0.02005	0.64305	0.02540	0.01872	0.02540	0.01604	0.02139	0.01203	0.00668	0.00936	0.00267	0.01337	0.00936	0.00401	0.01070
114	0.01594	0.03950	0.64280	0.02199	0.03345	0.01797	0.02818	0.02482	0.01673	0.02515	0.01422	0.01673	0.01014	0.00744	0.00744	0.00244	0.01139	0.00579	0.00342	0.05446
115	0.01836	0.01755	0.02990	0.22663	0.50378	0.01851	0.02371	0.02323	0.01746	0.02437	0.01469	0.02004	0.01202	0.00730	0.00787	0.00243	0.00973	0.00706	0.00382	0.01154
116	0.54066	0.01558	0.01432	0.01199	0.01731	0.01707	0.00989	0.08608	0.01782	0.18005	0.01632	0.01662	0.01152	0.00811	0.00588	0.00245	0.00652	0.00539	0.00629	0.01015
117	0.01498	0.01409	0.02378	0.70226	0.05462	0.01762	0.02202	0.02026	0.01586	0.02026	0.01409	0.02114	0.01057	0.00793	0.00793	0.00264	0.01057	0.00705	0.00352	0.00881
118	0.01644	0.01409	0.01644	0.01175	0.01879	0.01057	0.00940	0.01997	0.01644	0.02584	0.01409	0.01644	0.01175	0.00587	0.00587	0.00117	0.00587	0.00470	0.00470	0.76979
119	0.77733	0.01534	0.01166	0.01043	0.01534	0.01779	0.00859	0.02331	0.01350	0.03558	0.01104	0.01288	0.00859	0.00736	0.00491	0.00245	0.00613	0.00429	0.00491	0.00859
120	0.02796	0.10483	0.22097	0.01661	0.02451	0.01599	0.01721	0.03282	0.02013	0.40362	0.02377	0.02223	0.01563	0.00877	0.00751	0.00238	0.00845	0.00690	0.00711	0.01257
121	0.01377	0.00689	0.01033	0.01033	0.01033	0.00689	0.00689	0.01033	0.01033	0.01377	0.01377	0.02410	0.01377	0.02755	0.03099	0.76928	0.00689	0.00689	0.00344	0.00344
122	0.01498	0.01409	0.02378	0.70226	0.05462	0.01762	0.02202	0.02026	0.01586	0.02026	0.01409	0.02114	0.01057	0.00793	0.00793	0.00264	0.01057	0.00705	0.00352	0.00881
123	0.01727	0.05587	0.02697	0.46031	0.21159	0.01905	0.02181	0.05196	0.01749	0.02308	0.01438	0.02017	0.01121	0.00772	0.00775	0.00250	0.01006	0.00690	0.00384	0.01009
124	0.02707	0.15710	0.02573	0.01906	0.02342	0.50989	0.01500	0.03006	0.04822	0.01985	0.01281	0.01484	0.01082	0.00834	0.00781	0.00208	0.04908	0.00522	0.00410	0.00948
125	0.01137	0.00879	0.01108	0.01163	0.03711	0.00820	0.00833	0.01519	0.04421	0.02735	0.36717	0.12577	0.21346	0.01787	0.00945	0.00270	0.00447	0.06033	0.00795	0.00756
126	0.01146	0.00766	0.00867	0.00874	0.00876	0.00764	0.00490	0.01151	0.01167	0.01556	0.02571	0.07764	0.02974	0.69432	0.03919	0.00751	0.00757	0.01196	0.00490	0.00487
127	0.77733	0.01534	0.01166	0.01043	0.01534	0.01779	0.00859	0.02331	0.01350	0.03558	0.01104	0.01288	0.00859	0.00736	0.00491	0.00245	0.00613	0.00429	0.00491	0.00859
128	0.01463	0.01295	0.02157	0.14232	0.13107	0.01461	0.07031	0.01801	0.01446	0.02028	0.01731	0.02586	0.01553	0.05585	0.28347	0.04690	0.07450	0.00798	0.00396	0.00846
129	0.01614	0.01521	0.04057	0.01427	0.01811	0.04569	0.03188	0.02835	0.30944	0.03011	0.23126	0.04292	0.11663	0.01319	0.00860	0.00259	0.00604	0.01128	0.00769	0.01003
130	0.01120	0.00820	0.01132	0.01140	0.01249	0.00904	0.00832	0.01323	0.01284	0.01790	0.02642	0.06694	0.05997	0.21961	0.46290	0.01053	0.01623	0.01029	0.00469	0.00647
131	0.01377	0.00689	0.01033	0.01033	0.01033	0.00689	0.00689	0.01033	0.01033	0.01377	0.01377	0.02410	0.01377	0.02755	0.03099	0.76928	0.00689	0.00689	0.00344	0.00344
132	0.01183	0.00924	0.01387	0.04296	0.01628	0.01106	0.01085	0.01470	0.01284	0.01853	0.02032	0.02994	0.01889	0.05468	0.62302	0.01179	0.05943	0.00835	0.00417	0.00724
133	0.01522	0.01434	0.02422	0.66812	0.08686	0.01768	0.02214	0.02047	0.01597	0.02056	0.01414	0.02106	0.01067	0.00788	0.00792	0.00263	0.01051	0.00705	0.00354	0.00900
134	0.01166	0.00771	0.00879	0.00879	0.00893	0.00778	0.00508	0.01195	0.01181	0.01612	0.02485	0.04997	0.02805	0.65995	0.06928	0.00768	0.00815	0.01121	0.03723	0.00502
135	0.01777	0.01694	0.02883	0.31000	0.42505	0.01835	0.02341	0.02271	0.01718	0.02365	0.01459	0.02023	0.01177	0.00741	0.00788	0.00247	0.00988	0.00706	0.00376	0.01106
136	0.01590	0.04102	0.68023	0.02260	0.03432	0.01842	0.02930	0.02511	0.01674	0.02511	0.01423	0.01674	0.01005	0.00753	0.00753	0.00251	0.01172	0.00586	0.00335	0.01172
137	0.01325	0.01104	0.01605	0.01502	0.01594	0.01403	0.01197	0.01542	0.01244	0.01837	0.01763	0.02668	0.01671	0.04425	0.45807	0.04949	0.22436	0.00795	0.00397	0.00736
138	0.02868	0.01420	0.01800	0.01362	0.01999	0.01219	0.01112	0.05964	0.04525	0.41914	0.02534	0.02340	0.01703	0.00859	0.00731	0.00205	0.00654	0.00694	0.00805	0.25290
139	0.00947	0.00795	0.00824	0.00836	0.01082	0.00671	0.00619	0.01151	0.01803	0.02177	0.10247	0.12666	0.59411	0.02030	0.00943	0.00271	0.00405	0.01710	0.00742	0.00671
140	0.01644	0.01409	0.01644	0.01175	0.01879	0.01057	0.00940	0.01997	0.01644	0.02584	0.01409	0.01644	0.01175	0.00587	0.00587	0.00117	0.00587	0.00470	0.00470	0.76979
141	0.01377	0.00689	0.01033	0.01033	0.01033	0.00689	0.00689	0.01033	0.01033	0.01377	0.01377	0.02410	0.01377	0.02755	0.03099	0.76928	0.00689	0.00689	0.00344	0.00344
142	0.01166	0.00898	0.01337	0.01318	0.01452	0.01070	0.01032	0.01443	0.01271	0.01845	0.02065	0.03040	0.01931	0.05699	0.65368	0.01224	0.05863	0.00841	0.00421	0.00717
143	0.01190	0.00850	0.01177	0.01360	0.01504	0.00837	0.01125	0.01491	0.01739	0.02275	0.04247	0.26658	0.04756	0.02274	0.01072	0.00353	0.00654	0.45004	0.00732	0.00706
144	0.02962	0.03779	0.02247	0.02043	0.02451	0.68948	0.01532	0.03166	0.02247	0.01941	0.01226	0.01430	0.01021	0.00817	0.00715	0.00204	0.01430	0.00511	0.00409	0.00919
145	0.01934	0.01731	0.02639	0.29685	0.27724	0.01928	0.02101	0.11457	0.07817	0.02786	0.01677	0.02104	0.01298	0.00810	0.00791	0.00250	0.00948	0.00724	0.00473	0.01123
146	0.01491	0.01394	0.02322	0.58779	0.10358	0.01679	0.02092	0.01984	0.01611	0.02079	0.01824	0.05262	0.04058	0.00909	0.00808	0.00264	0.00994	0.00811	0.00388	0.00894
147	0.01155	0.00883	0.01318	0.01305	0.01441	0.01045	0.01019	0.01435	0.01272	0.01843	0.02083	0.03063	0.01947	0.05776	0.66490	0.01240	0.04704	0.00844	0.00422	0.00714
148	0.01912	0.01803	0.02962	0.07990	0.55067	0.01848	0.02264	0.02551	0.07893	0.02621	0.01758	0.02336	0.01484	0.00804	0.00800	0.00245	0.00910	0.03094	0.00443	0.01215
149	0.05210	0.01415	0.02319	0.66857	0.05270	0.01763	0.02137	0.02041	0.01574	0.02101	0.01395	0.02074	0.01047	0.00790	0.00778	0.00263	0.01035	0.00691	0.00359	0.00880
150	0.01942	0.01863	0.03182	0.07736	0.64476	0.01879	0.02424	0.02416	0.01796	0.02566	0.01488	0.01969	0.01247	0.00710	0.00785	0.00237	0.00947	0.00706	0.00391	0.01240
151	0.01635	0.01550	0.02651	0.43547	0.24295	0.01752	0.04536	0.02142	0.01702	0.02285	0.05127	0.02283	0.01487	0.00808	0.00804	0.00255	0.00993	0.00755	0.00396	0.00997
152	0.01153	0.00769	0.00865	0.00865	0.00865	0.00769	0.00480	0.01153	0.01153	0.01538	0.02499	0.05189	0.02883	0.72131	0.04036	0.00769	0.00769	0.01153	0.00480	0.00480
153	0.01139	0.00824	0.01144	0.01144	0.01240	0.00920	0.00829	0.01332	0.01236	0.01744	0.02243	0.03776	0.02269	0.27033	0.48296	0.01113	0.01692	0.00946	0.00443	0.00636
154	0.01992	0.01948	0.07831	0.01683	0.02207	0.01986	0.01420	0.07210	0.56701	0.03332	0.02995	0.02787	0.02236	0.01040	0.00801	0.00266	0.00690	0.00859	0.00763	0.01252
155	0.01744	0.01406	0.01655	0.01187	0.01887	0.01063	0.00951	0.02094	0.01677	0.05987	0.01499	0.01699	0.01216	0.00608	0.00598	0.00124	0.00592	0.00487	0.00497	0.73029
156	0.02083	0.04453	0.05725	0.02077	0.13204	0.04155	0.01478	0.14135	0.02122	0.08722	0.04877	0.07433	0.01926	0.01389	0.06398	0.00308	0.03216	0.00810	0.00580	0.14908
157	0.01206	0.00856	0.01007	0.00975	0.00975	0.00919	0.00594	0.01222	0.01159	0.01571	0.02366	0.04876	0.02716	0.65715	0.03906	0.00731	0.07110	0.01112	0.00468	0.00516
158	0.01122	0.00811	0.01060	0.00998	0.01185	0.00748	0.00748	0.01496	0.02245	0.03180	0.66766	0.05923	0.07482	0.01621	0.00935	0.00249	0.00374	0.01434	0.00873	0.00748
159	0.02218	0.02595	0.20688	0.02359	0.06588	0.08229	0.16396	0.06107	0.06918	0.13410	0.01947	0.02220	0.01440	0.04151	0.00961	0.00273	0.01063	0.00759	0.00535	0.01141
160	0.01674	0.05145	0.01816	0.01231	0.01898	0.01237	0.01003	0.02012	0.01620	0.02511	0.01374	0.01630	0.01159	0.00634	0.00688	0.00132	0.04260	0.00479	0.00457	0.69038
161	0.01413	0.01244	0.01739	0.01580	0.01634	0.01616	0.01251	0.01600	0.01227	0.01823	0.01686	0.02814	0.01694	0.14495	0.28021	0.00767	0.33425	0.00827	0.00398	0.00745
162	0.01239	0.01020	0.01096	0.01065	0.01357	0.00988	0.00825	0.04417	0.12584	0.02519	0.08858	0.09548	0.42322	0.01830	0.00927	0.00277	0.00491	0.07077	0.00756	0.00804
163	0.01498	0.01409	0.02378	0.70226	0.05462	0.01762	0.02202	0.02026	0.01586	0.02026	0.01409	0.02114	0.01057	0.00793	0.00793	0.00264	0.01057	0.00705	0.00352	0.00881
164	0.00966	0.00690	0.00920	0.01104	0.01150	0.00644	0.00736	0.01104	0.01518	0.02024	0.04371	0.71614	0.05245	0.02484	0.01012	0.00322	0.00460	0.02254	0.00736	0.00644
165	0.01745	0.01542	0.02379	0.59075	0.04972	0.01875	0.02089	0.12217	0.01935	0.02510	0.01490	0.02080	0.01105	0.00819	0.00793	0.00260	0.01027	0.00706	0.00424	0.00957
166	0.00955	0.00770	0.00851	0.00902	0.01100	0.00666	0.00649	0.01145	0.01743	0.02158	0.09804	0.26575	0.45648	0.02131	0.00959	0.00283	0.00418	0.01835	0.00743	0.00666
167	0.01590	0.04102	0.68023	0.02260	0.03432	0.01842	0.02930	0.02511	0.01674	0.02511	0.01423	0.01674	0.01005	0.00753	0.00753	0.00251	0.01172	0.00586	0.00335	0.01172
168	0.02016	0.02042	0.03250	0.06955	0.53620	0.07243	0.08315	0.02487	0.01839	0.02513	0.01478	0.01943	0.01225	0.00715	0.00794	0.00237	0.01023	0.00713	0.00393	0.01197
169	0.01496	0.01325	0.01877	0.08959	0.02119	0.01706	0.01406	0.04246	0.01383	0.02003	0.01698	0.05125	0.01653	0.08065	0.23706	0.00662	0.30516	0.00839	0.00415	0.00800
170	0.01019	0.00740	0.00973	0.01141	0.01231	0.00694	0.00820	0.01203	0.01598	0.02097	0.04663	0.54865	0.10555	0.02390	0.01020	0.00325	0.00503	0.12767	0.00735	0.00662
171	0.01519	0.01432	0.02418	0.67166	0.08351	0.01768	0.02213	0.02045	0.01596	0.02053	0.01413	0.02107	0.01066	0.00789	0.00792	0.00263	0.01052	0.00705	0.00354	0.00898
172	0.04679	0.10898	0.20611	0.08530	0.05753	0.04308	0.07036	0.14121	0.02128	0.08062	0.01955	0.02133	0.04613	0.00862	0.00755	0.00239	0.00980	0.00702	0.00511	0.01123
173	0.05796	0.01741	0.02890	0.21878	0.47504	0.01846	0.02291	0.02321	0.01724	0.02492	0.01450	0.01967	0.01183	0.00731	0.00772	0.00244	0.00955	0.00692	0.00387	0.01137
174	0.02202	0.01516	0.01693	0.08030	0.02155	0.08121	0.01204	0.05477	0.12225	0.20094	0.16584	0.03464	0.05866	0.01517	0.05965	0.00326	0.00821	0.00951	0.00751	0.01038
175	0.01522	0.01434	0.02422	0.66813	0.08684	0.01768	0.02214	0.02047	0.01597	0.02056	0.01414	0.02106	0.01067	0.00788	0.00792	0.00263	0.01051	0.00705	0.00354	0.00900
176	0.01868	0.01936	0.05842	0.14451	0.47922	0.03913	0.05064	0.02356	0.01773	0.02459	0.01573	0.04377	0.01343	0.00785	0.00797	0.00244	0.00985	0.00759	0.00397	0.01155
177	0.02279	0.02207	0.18407	0.12852	0.12185	0.01654	0.09693	0.02910	0.04369	0.22437	0.02044	0.02202	0.01420	0.00825	0.00802	0.00252	0.00970	0.00741	0.00570	0.01184
178	0.02176	0.04421	0.02495	0.15311	0.15209	0.16244	0.05141	0.06964	0.04388	0.07135	0.01884	0.08653	0.01634	0.00994	0.00869	0.00249	0.03866	0.00830	0.00505	0.01033
179	0.05946	0.01192	0.01801	0.13350	0.10274	0.01221	0.03959	0.02017	0.01726	0.11082	0.03028	0.24080	0.03080	0.01556	0.00901	0.00293	0.00741	0.12220	0.00634	0.00898
180	0.01716	0.03341	0.45571	0.03108	0.23195	0.01861	0.05092	0.02488	0.01722	0.02537	0.01451	0.01781	0.01090	0.00736	0.00770	0.00247	0.01107	0.00637	0.00355	0.01194
181	0.02103	0.01731	0.04721	0.11047	0.38794	0.01691	0.02056	0.05313	0.01904	0.12260	0.01910	0.02482	0.01537	0.01137	0.04648	0.00306	0.00976	0.03702	0.00510	0.01173
182	0.01801	0.05781	0.08739	0.21488	0.11963	0.04096	0.27228	0.02372	0.01743	0.02326	0.01463	0.01991	0.01132	0.00746	0.00897	0.00257	0.03799	0.00767	0.00376	0.01034
183	0.02310	0.02226	0.02470	0.11456	0.22316	0.16723	0.01820	0.10233	0.14546	0.05262	0.01870	0.02079	0.01443	0.00853	0.00776	0.00239	0.00985	0.00704	0.00541	0.01148
184	0.01503	0.01666	0.06552	0.04921	0.02950	0.01510	0.32043	0.01960	0.01686	0.02297	0.02572	0.27558	0.02660	0.01381	0.01036	0.00291	0.04618	0.01379	0.00516	0.00901
185	0.02462	0.01763	0.08398	0.02434	0.17434	0.01490	0.06454	0.06135	0.04256	0.27651	0.02569	0.11098	0.02051	0.01065	0.00828	0.00255	0.00815	0.00951	0.00693	0.01197
186	0.01887	0.01710	0.02874	0.13293	0.50693	0.01749	0.02231	0.02351	0.01813	0.04788	0.04605	0.02494	0.01680	0.00834	0.00807	0.00246	0.00913	0.03426	0.00444	0.01162
187	0.01016	0.00769	0.01125	0.01226	0.01313	0.00718	0.04203	0.01182	0.01537	0.02052	0.04220	0.67824	0.05024	0.02385	0.01008	0.00319	0.00508	0.02182	0.00718	0.00667
188	0.02050	0.01619	0.02657	0.09250	0.29551	0.01627	0.08260	0.04667	0.04608	0.12058	0.02290	0.06006	0.01981	0.01040	0.00854	0.00265	0.00891	0.08637	0.00564	0.01127
189	0.01889	0.05711	0.51535	0.02312	0.06830	0.01805	0.04949	0.02676	0.01763	0.10800	0.01641	0.01826	0.01149	0.00774	0.00760	0.00248	0.01092	0.00628	0.00423	0.01191
190	0.01614	0.01478	0.02449	0.27503	0.30442	0.01596	0.02019	0.02070	0.01750	0.02390	0.07452	0.06723	0.02206	0.01034	0.00838	0.00262	0.00891	0.05816	0.00466	0.01002
191	0.01153	0.00769	0.00865	0.00865	0.00865	0.00769	0.00480	0.01153	0.01153	0.01538	0.02499	0.05189	0.02883	0.72131	0.04036	0.00769	0.00769	0.01153	0.00480	0.00480
192	0.01713	0.01478	0.01817	0.01303	0.02010	0.01160	0.03930	0.04655	0.01743	0.02684	0.01439	0.01678	0.01183	0.00606	0.00612	0.00130	0.00634	0.00502	0.00480	0.70242
193	0.02030	0.06247	0.05830	0.03355	0.25978	0.10991	0.17687	0.02471	0.01768	0.02336	0.01386	0.01849	0.01153	0.00824	0.01095	0.00255	0.12561	0.00716	0.00384	0.01084
194	0.01694	0.01360	0.01972	0.02109	0.10664	0.03592	0.07401	0.04668	0.04349	0.06104	0.03421	0.06218	0.05268	0.01638	0.00981	0.00315	0.00829	0.35837	0.00662	0.00916
195	0.02087	0.01720	0.02600	0.03260	0.34708	0.01760	0.04651	0.06234	0.15387	0.09156	0.05569	0.05312	0.02060	0.00943	0.00815	0.00249	0.00815	0.00867	0.00598	0.01210
196	0.02518	0.01206	0.01567	0.01291	0.01725	0.01111	0.01029	0.08545	0.02344	0.35883	0.24146	0.08572	0.03963	0.01297	0.00858	0.00251	0.00579	0.01103	0.00911	0.01101
197	0.01981	0.01686	0.02492	0.02445	0.17112	0.01614	0.09712	0.11902	0.02031	0.05549	0.01854	0.08216	0.01620	0.00904	0.00843	0.00216	0.03794	0.00808	0.00533	0.24685

[dist]
# distance from previous block
# <min> <max>
0	5

# created by:
# /st0/software/busco_prod/Augustus/scripts/msa2prfl.pl ./align_prep/102955.fa
