[name]
unknown

[dist]
# distance from previous block
# <min> <max>
0	6

[block]
# block no. 0 follows, 26 sequences, length 8
# corresponding to MSA columns:
# 6-13
name=unknown_A
#
# <colnr> <probs for GDERKNQSTAVLIFYWHMCP>
#	G	D	E	R	K	N	Q	S	T	A	V	L	I	F	Y	W	H	M	C	P
0	0.01266	0.00932	0.01266	0.01363	0.01600	0.00890	0.01182	0.01614	0.01725	0.02295	0.03684	0.07686	0.03961	0.01904	0.00987	0.00320	0.00681	0.55647	0.00667	0.10330
1	0.02239	0.44321	0.09995	0.01567	0.02208	0.15755	0.01499	0.10383	0.01917	0.02234	0.01204	0.01360	0.01012	0.00714	0.00582	0.00185	0.00952	0.00472	0.00391	0.01010
2	0.02231	0.10980	0.02002	0.01463	0.01859	0.19169	0.01182	0.19441	0.02214	0.02859	0.01703	0.01953	0.01363	0.01214	0.05960	0.00278	0.03596	0.00614	0.18976	0.00943
3	0.18551	0.09063	0.12258	0.26108	0.06734	0.01744	0.01727	0.02180	0.01557	0.05678	0.03774	0.02121	0.01363	0.00817	0.00678	0.00239	0.00855	0.03203	0.00426	0.00924
4	0.01467	0.07009	0.00989	0.00758	0.00975	0.00905	0.00596	0.01811	0.01586	0.02738	0.02352	0.02689	0.01860	0.00863	0.00526	0.00175	0.00393	0.00681	0.70895	0.00730
5	0.01879	0.05932	0.02785	0.10101	0.02844	0.06456	0.17669	0.09979	0.01793	0.02435	0.01459	0.03890	0.01232	0.00930	0.01206	0.00252	0.19356	0.00731	0.03378	0.05693
6	0.01704	0.00984	0.01021	0.00969	0.01192	0.00960	0.00718	0.06257	0.01911	0.03154	0.09250	0.03310	0.02607	0.01097	0.00683	0.00229	0.00471	0.00839	0.61778	0.00866
7	0.02484	0.01768	0.01965	0.01590	0.02088	0.01941	0.01287	0.42422	0.11344	0.09039	0.02252	0.06787	0.01774	0.01507	0.07802	0.00337	0.00885	0.00821	0.00735	0.01172

[dist]
# distance from previous block
# <min> <max>
1	3

[block]
# block no. 1 follows, 26 sequences, length 17
# corresponding to MSA columns:
# 17-33
name=unknown_B
#
# <colnr> <probs for GDERKNQSTAVLIFYWHMCP>
#	G	D	E	R	K	N	Q	S	T	A	V	L	I	F	Y	W	H	M	C	P
0	0.01940	0.34635	0.02848	0.10679	0.02349	0.16138	0.03365	0.02204	0.01671	0.01902	0.06321	0.02099	0.01633	0.08214	0.00953	0.00248	0.00924	0.00618	0.00394	0.00866
1	0.10351	0.01458	0.02098	0.47862	0.04118	0.01721	0.01783	0.10596	0.01824	0.08855	0.01534	0.01962	0.01109	0.00790	0.00727	0.00246	0.00906	0.00655	0.00464	0.00942
2	0.01438	0.01415	0.02649	0.17805	0.03192	0.01425	0.26437	0.01926	0.03707	0.02206	0.04259	0.20697	0.02390	0.03256	0.00954	0.00277	0.00911	0.01178	0.00487	0.03390
3	0.02246	0.01571	0.01903	0.01495	0.02024	0.01547	0.04238	0.28220	0.02455	0.12110	0.02264	0.14328	0.01975	0.01076	0.00756	0.00217	0.00697	0.00907	0.00682	0.19291
4	0.02679	0.03357	0.02172	0.01959	0.02298	0.61334	0.01491	0.02870	0.02019	0.01852	0.01149	0.01406	0.00979	0.00854	0.00922	0.00213	0.10677	0.00512	0.00383	0.00873
5	0.02641	0.01315	0.01682	0.01255	0.01879	0.01072	0.01025	0.02953	0.01922	0.41388	0.02308	0.02162	0.01564	0.00782	0.00679	0.00184	0.00611	0.00632	0.00735	0.33212
6	0.00896	0.00768	0.00768	0.00768	0.01025	0.00640	0.00576	0.01089	0.01729	0.02049	0.07684	0.07300	0.68304	0.01921	0.00896	0.00256	0.00384	0.01601	0.00704	0.00640
7	0.00924	0.00660	0.00880	0.01056	0.01100	0.00616	0.00704	0.01056	0.01452	0.01936	0.04181	0.72848	0.05017	0.02376	0.00968	0.00308	0.00440	0.02156	0.00704	0.00616
8	0.01094	0.00771	0.01009	0.01009	0.01072	0.00834	0.00687	0.01220	0.01157	0.01605	0.02224	0.04042	0.02358	0.41919	0.34737	0.00960	0.01337	0.00968	0.00435	0.00561
9	0.02837	0.03519	0.02158	0.01941	0.02345	0.65898	0.01464	0.07112	0.02241	0.02046	0.01214	0.01397	0.00997	0.00790	0.00689	0.00197	0.01333	0.00501	0.00415	0.00906
10	0.00896	0.00768	0.00768	0.00768	0.01025	0.00640	0.00576	0.01089	0.01729	0.02049	0.07684	0.07300	0.68304	0.01921	0.00896	0.00256	0.00384	0.01601	0.00704	0.00640
11	0.00924	0.00660	0.00880	0.01056	0.01100	0.00616	0.00704	0.01056	0.01452	0.01936	0.04181	0.72848	0.05017	0.02376	0.00968	0.00308	0.00440	0.02156	0.00704	0.00616
12	0.02683	0.02093	0.02196	0.04916	0.02433	0.05395	0.01441	0.52060	0.11805	0.04304	0.01937	0.01942	0.01398	0.00913	0.00757	0.00231	0.00836	0.00697	0.00724	0.01239
13	0.11789	0.01743	0.05568	0.23383	0.03757	0.01758	0.29901	0.02197	0.01603	0.02411	0.01444	0.01946	0.01097	0.00722	0.00821	0.00249	0.03277	0.00734	0.04676	0.00922
14	0.10325	0.10882	0.05052	0.05456	0.04240	0.01475	0.04058	0.02204	0.04684	0.10223	0.02676	0.06488	0.02571	0.01327	0.00813	0.00274	0.00751	0.25010	0.00594	0.00896
15	0.06427	0.36251	0.16762	0.01516	0.02223	0.08291	0.01554	0.02534	0.01678	0.10922	0.01397	0.01507	0.01089	0.00713	0.00591	0.00193	0.00879	0.00494	0.00424	0.04553
16	0.09090	0.02647	0.10903	0.01836	0.04202	0.23596	0.01544	0.20115	0.07196	0.02965	0.01567	0.01816	0.01239	0.04238	0.00917	0.00250	0.03715	0.00613	0.00519	0.01031

[dist]
# distance from previous block
# <min> <max>
0	9

[block]
# block no. 2 follows, 26 sequences, length 21
# corresponding to MSA columns:
# 43-63
name=unknown_C
#
# <colnr> <probs for GDERKNQSTAVLIFYWHMCP>
#	G	D	E	R	K	N	Q	S	T	A	V	L	I	F	Y	W	H	M	C	P
0	0.04644	0.05778	0.01947	0.01592	0.01984	0.18561	0.01254	0.21980	0.08946	0.02937	0.02059	0.12075	0.01866	0.01513	0.06882	0.00321	0.03238	0.00853	0.00586	0.00984
1	0.08248	0.01372	0.01496	0.01381	0.01615	0.09219	0.01088	0.05585	0.01484	0.02134	0.01711	0.02390	0.01545	0.03780	0.42812	0.00826	0.07980	0.00703	0.00426	0.04204
2	0.10210	0.01875	0.01775	0.01740	0.08029	0.15548	0.01241	0.15696	0.06982	0.02898	0.07969	0.02691	0.07260	0.01674	0.10743	0.00370	0.01000	0.00780	0.00570	0.00951
3	0.06706	0.01601	0.01840	0.07981	0.02225	0.01751	0.01257	0.33761	0.05828	0.09300	0.02139	0.10008	0.01798	0.03080	0.01021	0.06383	0.00748	0.00857	0.00672	0.01044
4	0.01825	0.01139	0.01456	0.07304	0.01878	0.01077	0.01018	0.05424	0.05750	0.17775	0.21522	0.06242	0.09414	0.01215	0.00798	0.00228	0.00561	0.02626	0.00732	0.12015
5	0.02018	0.01490	0.01727	0.01266	0.01918	0.01278	0.01025	0.14348	0.02017	0.10018	0.01614	0.01728	0.01236	0.00668	0.00621	0.00147	0.00623	0.00527	0.00561	0.55169
6	0.01821	0.01851	0.02480	0.08135	0.02503	0.07881	0.07614	0.05861	0.01490	0.02090	0.01151	0.01710	0.01031	0.01121	0.01880	0.00294	0.46972	0.00667	0.00371	0.03078
7	0.07768	0.01491	0.02132	0.49843	0.04230	0.01797	0.01829	0.10992	0.07889	0.02560	0.01552	0.02007	0.01156	0.00800	0.00737	0.00248	0.00915	0.00672	0.00446	0.00936
8	0.01414	0.00707	0.00707	0.00707	0.00884	0.00707	0.00530	0.01767	0.01591	0.02828	0.02474	0.02828	0.01944	0.00884	0.00530	0.00177	0.00353	0.00707	0.77554	0.00707
9	0.02147	0.02435	0.02148	0.01932	0.03931	0.30701	0.01490	0.02444	0.04738	0.01974	0.01238	0.01625	0.01090	0.01112	0.03194	0.00272	0.28941	0.00585	0.00391	0.07614
10	0.01414	0.00707	0.00707	0.00707	0.00884	0.00707	0.00530	0.01767	0.01591	0.02828	0.02474	0.02828	0.01944	0.00884	0.00530	0.00177	0.00353	0.00707	0.77554	0.00707
11	0.01575	0.07964	0.59803	0.02200	0.03262	0.01850	0.08220	0.02397	0.01614	0.02367	0.01358	0.01617	0.00978	0.00709	0.00722	0.00237	0.01116	0.00580	0.00326	0.01104
12	0.01628	0.01170	0.01643	0.01679	0.07919	0.01140	0.04270	0.02223	0.11059	0.10185	0.12298	0.12393	0.03554	0.01443	0.00872	0.00268	0.00637	0.17937	0.00692	0.06988
13	0.01461	0.01403	0.02449	0.66132	0.05125	0.01704	0.07134	0.01977	0.01538	0.01977	0.01363	0.02024	0.01022	0.00749	0.00769	0.00253	0.01032	0.00692	0.00341	0.00857
14	0.01426	0.01309	0.02201	0.67472	0.04981	0.01626	0.02023	0.01883	0.01486	0.01902	0.01346	0.02039	0.01029	0.00866	0.00885	0.04711	0.00991	0.00673	0.00337	0.00813
15	0.01931	0.01591	0.01836	0.13021	0.02522	0.01839	0.01357	0.06618	0.50378	0.06149	0.02737	0.02638	0.02032	0.00975	0.00769	0.00254	0.00681	0.00815	0.00708	0.01150
16	0.01066	0.00770	0.01008	0.00959	0.01132	0.00711	0.00715	0.01413	0.02114	0.02989	0.65156	0.08871	0.07055	0.01590	0.00898	0.00242	0.00362	0.01409	0.00829	0.00711
17	0.08949	0.00929	0.01109	0.17106	0.01944	0.01030	0.00923	0.01852	0.01544	0.02678	0.02076	0.02486	0.01619	0.00837	0.00577	0.00200	0.00528	0.00670	0.52192	0.00749
18	0.00924	0.00660	0.00880	0.01056	0.01100	0.00616	0.00704	0.01056	0.01452	0.01936	0.04181	0.72848	0.05017	0.02376	0.00968	0.00308	0.00440	0.02156	0.00704	0.00616
19	0.01777	0.02017	0.11412	0.04035	0.52936	0.01734	0.05363	0.02285	0.01741	0.02502	0.05655	0.02091	0.01546	0.00735	0.00763	0.00229	0.00913	0.00716	0.00398	0.01152
20	0.02072	0.01774	0.02102	0.22699	0.05361	0.05378	0.01596	0.21527	0.21227	0.03159	0.02067	0.02358	0.01578	0.00921	0.00767	0.00246	0.00845	0.02631	0.00603	0.01088

[dist]
# distance from previous block
# <min> <max>
0	1

[block]
# block no. 3 follows, 26 sequences, length 77
# corresponding to MSA columns:
# 65-141
name=unknown_D
#
# <colnr> <probs for GDERKNQSTAVLIFYWHMCP>
#	G	D	E	R	K	N	Q	S	T	A	V	L	I	F	Y	W	H	M	C	P
0	0.09151	0.05573	0.02028	0.06126	0.02251	0.01829	0.01286	0.27841	0.07297	0.22919	0.02204	0.04617	0.01596	0.00939	0.00729	0.00233	0.00737	0.00734	0.00734	0.01173
1	0.01684	0.18746	0.47268	0.01851	0.02778	0.01927	0.02251	0.02363	0.01653	0.05323	0.06149	0.01853	0.01448	0.00774	0.00684	0.00223	0.00978	0.00594	0.00386	0.01068
2	0.01379	0.01154	0.01247	0.01157	0.01472	0.01214	0.00887	0.02480	0.31077	0.02776	0.19327	0.04934	0.25003	0.01439	0.00840	0.00253	0.00475	0.01217	0.00764	0.00908
3	0.04652	0.00739	0.00724	0.00719	0.00908	0.00749	0.00542	0.01787	0.01578	0.02852	0.02415	0.02761	0.01897	0.00876	0.00528	0.00179	0.00363	0.00695	0.74325	0.00712
4	0.01860	0.01765	0.03224	0.03527	0.34130	0.01747	0.22658	0.02411	0.04793	0.05979	0.01789	0.06709	0.01518	0.00831	0.00876	0.00246	0.03534	0.00858	0.00447	0.01096
5	0.01630	0.05465	0.34101	0.01773	0.04521	0.01445	0.01887	0.02291	0.04799	0.09391	0.11290	0.09469	0.02583	0.01111	0.00787	0.00250	0.00831	0.04829	0.00539	0.01008
6	0.03403	0.01291	0.01760	0.01350	0.01936	0.01115	0.01115	0.03697	0.02171	0.69137	0.02992	0.02582	0.01878	0.00939	0.00763	0.00235	0.00645	0.00763	0.00939	0.01291
7	0.02809	0.02088	0.02235	0.01730	0.02324	0.02318	0.01424	0.61482	0.08287	0.04661	0.01915	0.01896	0.01366	0.00919	0.00760	0.00230	0.00817	0.00696	0.00760	0.01283
8	0.18183	0.11479	0.02020	0.01351	0.01908	0.01774	0.01141	0.16729	0.04345	0.28188	0.04272	0.02067	0.01603	0.00869	0.00669	0.00224	0.00686	0.00649	0.00711	0.01130
9	0.01059	0.00775	0.00993	0.00939	0.01124	0.00709	0.00704	0.01403	0.02112	0.02958	0.63114	0.05803	0.12306	0.01582	0.00895	0.00240	0.00360	0.01391	0.00824	0.00709
10	0.00924	0.00660	0.00880	0.01056	0.01100	0.00616	0.00704	0.01056	0.01452	0.01936	0.04181	0.72848	0.05017	0.02376	0.00968	0.00308	0.00440	0.02156	0.00704	0.00616
11	0.01074	0.00775	0.01014	0.00954	0.01133	0.00716	0.00716	0.01431	0.02147	0.03042	0.68211	0.05666	0.07157	0.01551	0.00895	0.00239	0.00358	0.01372	0.00835	0.00716
12	0.01877	0.01802	0.03079	0.04656	0.68612	0.01802	0.02328	0.02328	0.01727	0.02478	0.01427	0.01877	0.01201	0.00676	0.00751	0.00225	0.00901	0.00676	0.00375	0.01201
13	0.01887	0.01629	0.01715	0.01544	0.01972	0.01887	0.01201	0.04031	0.67241	0.03173	0.03087	0.02830	0.02315	0.01029	0.00772	0.00257	0.00600	0.00858	0.00772	0.01201
14	0.01070	0.00783	0.00932	0.00899	0.01114	0.00693	0.00672	0.01346	0.01939	0.04748	0.38069	0.10207	0.31305	0.01728	0.00895	0.00250	0.00383	0.01490	0.00778	0.00699
15	0.01735	0.01821	0.02410	0.11033	0.02592	0.10451	0.08071	0.02005	0.01398	0.01898	0.01213	0.01831	0.01094	0.01520	0.08143	0.00379	0.40530	0.00680	0.00352	0.00843
16	0.01103	0.00735	0.00827	0.00827	0.00827	0.00735	0.00460	0.01103	0.01103	0.01471	0.02390	0.04964	0.02758	0.73343	0.03861	0.00735	0.00735	0.01103	0.00460	0.00460
17	0.01212	0.00867	0.01208	0.01368	0.01542	0.00863	0.01189	0.01562	0.01773	0.02321	0.08270	0.08364	0.04550	0.02059	0.01038	0.00342	0.00676	0.59389	0.00707	0.00700
18	0.01952	0.01742	0.02944	0.08366	0.60468	0.01750	0.02234	0.02396	0.01744	0.06864	0.01526	0.01932	0.01235	0.00698	0.00752	0.00228	0.00891	0.00681	0.00411	0.01186
19	0.02852	0.03072	0.02196	0.01878	0.02348	0.45540	0.01457	0.26005	0.02666	0.02922	0.01409	0.01533	0.01091	0.00829	0.00711	0.00207	0.01174	0.00559	0.00525	0.01029
20	0.00941	0.00673	0.00895	0.01045	0.01104	0.00627	0.00705	0.01097	0.01529	0.02058	0.11212	0.65470	0.05252	0.02286	0.00960	0.00300	0.00431	0.02070	0.00718	0.00627
21	0.01573	0.01348	0.01573	0.01123	0.01798	0.01011	0.00899	0.01910	0.01573	0.02472	0.01348	0.01573	0.01123	0.00562	0.00562	0.00112	0.00562	0.00449	0.00449	0.77980
22	0.03228	0.01333	0.01743	0.01347	0.01909	0.01207	0.01109	0.09522	0.02267	0.58816	0.02848	0.02525	0.01826	0.00933	0.00748	0.00230	0.00645	0.00752	0.05758	0.01254
23	0.01103	0.00735	0.00827	0.00827	0.00827	0.00735	0.00460	0.01103	0.01103	0.01471	0.02390	0.04964	0.02758	0.73343	0.03861	0.00735	0.00735	0.01103	0.00460	0.00460
24	0.02202	0.02560	0.02768	0.02464	0.09406	0.32660	0.19661	0.02561	0.01873	0.02136	0.01421	0.01805	0.01161	0.01029	0.04604	0.00276	0.04565	0.00662	0.05257	0.00929
25	0.01790	0.02046	0.04476	0.03197	0.03964	0.01918	0.65857	0.02430	0.01790	0.02430	0.01535	0.02046	0.01151	0.00639	0.00895	0.00256	0.01279	0.00895	0.00384	0.01023
26	0.00952	0.00680	0.00912	0.01088	0.01145	0.00640	0.00753	0.01105	0.01480	0.01968	0.04165	0.66781	0.04955	0.02350	0.00976	0.00312	0.00464	0.07946	0.00704	0.00624
27	0.01573	0.01348	0.01573	0.01123	0.01798	0.01011	0.00899	0.01910	0.01573	0.02472	0.01348	0.01573	0.01123	0.00562	0.00562	0.00112	0.00562	0.00449	0.00449	0.77980
28	0.01739	0.01313	0.01605	0.01305	0.04666	0.01052	0.00976	0.02122	0.03706	0.09641	0.04153	0.05748	0.01674	0.00756	0.00632	0.00150	0.00573	0.00632	0.00537	0.57020
29	0.08704	0.02516	0.06867	0.07204	0.25756	0.24323	0.01840	0.09394	0.02005	0.02560	0.01345	0.01641	0.01077	0.00746	0.00705	0.00219	0.01042	0.00585	0.00424	0.01045
30	0.02028	0.73799	0.03975	0.01298	0.01947	0.03001	0.01298	0.02271	0.01541	0.01785	0.01055	0.01217	0.00973	0.00649	0.00487	0.00162	0.00811	0.00406	0.00324	0.00973
31	0.01790	0.02046	0.04476	0.03197	0.03964	0.01918	0.65857	0.02430	0.01790	0.02430	0.01535	0.02046	0.01151	0.00639	0.00895	0.00256	0.01279	0.00895	0.00384	0.01023
32	0.01026	0.00703	0.00898	0.00992	0.01044	0.00697	0.00657	0.01154	0.01336	0.01846	0.03303	0.40721	0.03796	0.22051	0.10643	0.00533	0.00719	0.01600	0.05692	0.00587
33	0.02589	0.01471	0.01805	0.01564	0.05429	0.01466	0.01188	0.22796	0.04327	0.28950	0.08424	0.07548	0.06727	0.01131	0.00795	0.00239	0.00662	0.00935	0.00807	0.01147
34	0.00924	0.00660	0.00880	0.01056	0.01100	0.00616	0.00704	0.01056	0.01452	0.01936	0.04181	0.72848	0.05017	0.02376	0.00968	0.00308	0.00440	0.02156	0.00704	0.00616
35	0.00924	0.00660	0.00880	0.01056	0.01100	0.00616	0.00704	0.01056	0.01452	0.01936	0.04181	0.72848	0.05017	0.02376	0.00968	0.00308	0.00440	0.02156	0.00704	0.00616
36	0.06634	0.01903	0.06038	0.07597	0.30321	0.01881	0.22000	0.02278	0.01639	0.02414	0.01382	0.01863	0.01118	0.00745	0.00968	0.00249	0.08818	0.00721	0.00375	0.01056
37	0.05941	0.02254	0.02179	0.01739	0.02265	0.13159	0.01414	0.45135	0.02998	0.08121	0.01705	0.01761	0.01238	0.00911	0.00850	0.00230	0.05611	0.00644	0.00671	0.01174
38	0.05787	0.00922	0.00921	0.00850	0.01095	0.00963	0.00658	0.09674	0.01816	0.03098	0.02317	0.02618	0.01803	0.00877	0.00555	0.00186	0.00425	0.00688	0.63962	0.00785
39	0.01318	0.00659	0.00988	0.00988	0.00988	0.00659	0.00659	0.00988	0.00988	0.01318	0.01318	0.02306	0.01318	0.02635	0.02964	0.77931	0.00659	0.00659	0.00329	0.00329
40	0.05432	0.01252	0.01622	0.01297	0.01803	0.01150	0.01053	0.03339	0.08531	0.50508	0.12746	0.03025	0.02679	0.01032	0.00774	0.00237	0.00596	0.00852	0.00891	0.01180
41	0.01573	0.01348	0.01573	0.01123	0.01798	0.01011	0.00899	0.01910	0.01573	0.02472	0.01348	0.01573	0.01123	0.00562	0.00562	0.00112	0.00562	0.00449	0.00449	0.77980
42	0.00924	0.00660	0.00880	0.01056	0.01100	0.00616	0.00704	0.01056	0.01452	0.01936	0.04181	0.72848	0.05017	0.02376	0.00968	0.00308	0.00440	0.02156	0.00704	0.00616
43	0.01103	0.00735	0.00827	0.00827	0.00827	0.00735	0.00460	0.01103	0.01103	0.01471	0.02390	0.04964	0.02758	0.73343	0.03861	0.00735	0.00735	0.01103	0.00460	0.00460
44	0.00915	0.00769	0.00794	0.00788	0.01036	0.00648	0.00591	0.01124	0.01772	0.02152	0.13991	0.07129	0.61932	0.01882	0.00896	0.00254	0.00381	0.01577	0.00718	0.00648
45	0.00943	0.00674	0.00900	0.01061	0.01117	0.00631	0.00721	0.01096	0.01505	0.02017	0.08218	0.66552	0.05131	0.02315	0.00966	0.00305	0.00443	0.04068	0.00712	0.00625
46	0.78701	0.01467	0.01115	0.00997	0.01467	0.01702	0.00821	0.02230	0.01291	0.03403	0.01056	0.01232	0.00821	0.00704	0.00469	0.00235	0.00587	0.00411	0.00469	0.00821
47	0.00924	0.00660	0.00880	0.01056	0.01100	0.00616	0.00704	0.01056	0.01452	0.01936	0.04181	0.72848	0.05017	0.02376	0.00968	0.00308	0.00440	0.02156	0.00704	0.00616
48	0.03332	0.01275	0.01737	0.01337	0.01912	0.01103	0.01103	0.03627	0.02170	0.67105	0.04997	0.02676	0.02040	0.00958	0.00767	0.00235	0.00637	0.00781	0.00936	0.01273
49	0.01790	0.02046	0.04476	0.03197	0.03964	0.01918	0.65857	0.02430	0.01790	0.02430	0.01535	0.02046	0.01151	0.00639	0.00895	0.00256	0.01279	0.00895	0.00384	0.01023
50	0.01567	0.10274	0.63466	0.02083	0.03161	0.01874	0.02666	0.02390	0.01596	0.02346	0.01333	0.01566	0.00962	0.00714	0.00699	0.00233	0.01093	0.00546	0.00321	0.01108
51	0.19921	0.01502	0.02081	0.29360	0.03208	0.01910	0.03573	0.01985	0.01352	0.02264	0.01166	0.01713	0.00965	0.00933	0.01274	0.00275	0.24697	0.00615	0.00368	0.00839
52	0.01080	0.00780	0.01023	0.00974	0.01152	0.00723	0.00738	0.01437	0.02130	0.03008	0.65416	0.05792	0.07035	0.01574	0.00901	0.00243	0.00373	0.04078	0.00829	0.00715
53	0.02283	0.38535	0.03092	0.07434	0.02346	0.12811	0.01422	0.12013	0.01950	0.05915	0.01314	0.01496	0.01075	0.00769	0.00702	0.00198	0.04688	0.00516	0.00435	0.01005
54	0.01103	0.00735	0.00827	0.00827	0.00827	0.00735	0.00460	0.01103	0.01103	0.01471	0.02390	0.04964	0.02758	0.73343	0.03861	0.00735	0.00735	0.01103	0.00460	0.00460
55	0.01615	0.14765	0.55715	0.02082	0.03110	0.01964	0.05919	0.02383	0.01602	0.02307	0.01322	0.01565	0.00973	0.00705	0.00693	0.00229	0.01081	0.00554	0.00324	0.01093
56	0.01074	0.00775	0.01014	0.00954	0.01133	0.00716	0.00716	0.01431	0.02147	0.03042	0.68211	0.05666	0.07157	0.01551	0.00895	0.00239	0.00358	0.01372	0.00835	0.00716
57	0.01736	0.05594	0.11881	0.01515	0.01999	0.01622	0.01380	0.02952	0.31462	0.07087	0.07201	0.03585	0.07724	0.01174	0.00857	0.00259	0.03361	0.06898	0.00666	0.01045
58	0.01978	0.58561	0.07183	0.01454	0.02036	0.04947	0.01430	0.02244	0.01514	0.01825	0.01067	0.01299	0.00976	0.00745	0.00764	0.00189	0.10051	0.00450	0.00327	0.00960
59	0.01839	0.01603	0.06052	0.01424	0.01848	0.03742	0.01192	0.10567	0.27020	0.07334	0.20172	0.03677	0.05465	0.01188	0.00811	0.00248	0.00624	0.03409	0.00750	0.01036
60	0.01693	0.01386	0.01703	0.01236	0.01898	0.01093	0.03465	0.02124	0.04681	0.06046	0.01524	0.01704	0.01220	0.00607	0.00595	0.00131	0.00596	0.00503	0.00488	0.67306
61	0.07891	0.01293	0.01667	0.01315	0.01856	0.01182	0.01076	0.03478	0.06885	0.55771	0.07199	0.02719	0.02193	0.00971	0.00754	0.00237	0.00619	0.00788	0.00890	0.01216
62	0.05522	0.38345	0.02754	0.01272	0.01830	0.05102	0.01135	0.02322	0.05969	0.05791	0.04307	0.06172	0.01640	0.00829	0.00589	0.00181	0.00716	0.00617	0.00464	0.14444
63	0.02883	0.02125	0.02276	0.01745	0.02352	0.02352	0.01442	0.66082	0.03566	0.04780	0.01821	0.01821	0.01290	0.00911	0.00759	0.00228	0.00835	0.00683	0.00759	0.01290
64	0.01206	0.00862	0.01204	0.01378	0.01546	0.00859	0.01194	0.01544	0.01730	0.02252	0.04025	0.12044	0.04401	0.02111	0.01043	0.00347	0.00684	0.60178	0.00699	0.00694
65	0.00924	0.00660	0.00880	0.01056	0.01100	0.00616	0.00704	0.01056	0.01452	0.01936	0.04181	0.72848	0.05017	0.02376	0.00968	0.00308	0.00440	0.02156	0.00704	0.00616
66	0.01877	0.01802	0.03079	0.04656	0.68612	0.01802	0.02328	0.02328	0.01727	0.02478	0.01427	0.01877	0.01201	0.00676	0.00751	0.00225	0.00901	0.00676	0.00375	0.01201
67	0.01662	0.01598	0.02762	0.36391	0.35441	0.01752	0.05191	0.02147	0.01630	0.02219	0.01394	0.01954	0.01109	0.00713	0.00761	0.00240	0.00971	0.00685	0.00358	0.01022
68	0.00896	0.00768	0.00768	0.00768	0.01025	0.00640	0.00576	0.01089	0.01729	0.02049	0.07684	0.07300	0.68304	0.01921	0.00896	0.00256	0.00384	0.01601	0.00704	0.00640
69	0.00924	0.00660	0.00880	0.01056	0.01100	0.00616	0.00704	0.01056	0.01452	0.01936	0.04181	0.72848	0.05017	0.02376	0.00968	0.00308	0.00440	0.02156	0.00704	0.00616
70	0.00938	0.00670	0.00896	0.01072	0.01121	0.00628	0.00727	0.01079	0.01465	0.01951	0.04173	0.69949	0.04987	0.02364	0.00972	0.00310	0.00452	0.04923	0.00704	0.00620
71	0.02702	0.03196	0.02253	0.04690	0.08440	0.53723	0.01564	0.10258	0.02253	0.02256	0.01277	0.01490	0.01035	0.00786	0.00701	0.00204	0.01251	0.00535	0.00430	0.00955
72	0.13817	0.05373	0.02070	0.35652	0.03444	0.01830	0.01615	0.09509	0.01691	0.02550	0.01390	0.01854	0.01082	0.00832	0.00864	0.00245	0.08375	0.00621	0.06301	0.00887
73	0.01736	0.02172	0.10853	0.05547	0.03782	0.01884	0.51952	0.02364	0.01724	0.02381	0.01479	0.01967	0.01118	0.00682	0.00936	0.00253	0.04532	0.00828	0.00375	0.03436
74	0.09283	0.12959	0.41789	0.04889	0.05296	0.01968	0.04393	0.02308	0.01540	0.02362	0.01272	0.01558	0.00968	0.00746	0.00789	0.00235	0.05712	0.00551	0.00341	0.01040
75	0.05116	0.05375	0.06716	0.03740	0.02366	0.04257	0.04932	0.32645	0.05059	0.06561	0.06532	0.02092	0.01677	0.00919	0.00850	0.00231	0.05317	0.00706	0.00629	0.04282
76	0.06575	0.05410	0.04885	0.11883	0.04958	0.01428	0.01279	0.04978	0.07103	0.06063	0.01834	0.08436	0.01585	0.00860	0.00670	0.00196	0.00691	0.00712	0.00508	0.29947

[dist]
# distance from previous block
# <min> <max>
1	9

[block]
# block no. 4 follows, 26 sequences, length 118
# corresponding to MSA columns:
# 151-268
name=unknown_E
#
# <colnr> <probs for GDERKNQSTAVLIFYWHMCP>
#	G	D	E	R	K	N	Q	S	T	A	V	L	I	F	Y	W	H	M	C	P
0	0.01559	0.01444	0.02368	0.53394	0.08921	0.01692	0.05329	0.04911	0.03733	0.02196	0.01521	0.02213	0.01192	0.00796	0.00767	0.00248	0.00971	0.02601	0.00390	0.03756
1	0.01804	0.03467	0.57228	0.02140	0.05560	0.01671	0.02543	0.02584	0.01688	0.11951	0.01597	0.01752	0.01101	0.00750	0.00728	0.00239	0.01045	0.00594	0.00411	0.01148
2	0.01776	0.02144	0.07876	0.03143	0.03929	0.01910	0.62556	0.02428	0.01780	0.02428	0.01525	0.02023	0.01141	0.00644	0.00886	0.00255	0.01271	0.00878	0.00380	0.01028
3	0.01573	0.01348	0.01573	0.01123	0.01798	0.01011	0.00899	0.01910	0.01573	0.02472	0.01348	0.01573	0.01123	0.00562	0.00562	0.00112	0.00562	0.00449	0.00449	0.77980
4	0.01887	0.01629	0.01715	0.01544	0.01972	0.01887	0.01201	0.04031	0.67241	0.03173	0.03087	0.02830	0.02315	0.01029	0.00772	0.00257	0.00600	0.00858	0.00772	0.01201
5	0.01045	0.00756	0.01012	0.01166	0.01282	0.00723	0.00900	0.01275	0.01612	0.02112	0.06413	0.40219	0.09655	0.02204	0.00992	0.00318	0.00536	0.26420	0.00706	0.00654
6	0.03151	0.05317	0.01915	0.01382	0.01949	0.01381	0.01144	0.12630	0.02294	0.53084	0.02689	0.02502	0.01782	0.04118	0.00884	0.00252	0.00686	0.00747	0.00858	0.01237
7	0.74621	0.01457	0.01150	0.01017	0.01492	0.01670	0.00837	0.02309	0.01339	0.06965	0.01161	0.01305	0.00879	0.00717	0.00485	0.00235	0.00590	0.00430	0.00495	0.00847
8	0.01068	0.00775	0.01006	0.00948	0.01130	0.00713	0.00711	0.01420	0.02133	0.03009	0.66241	0.05719	0.09147	0.01563	0.00895	0.00239	0.00359	0.01379	0.00831	0.00713
9	0.02444	0.02240	0.02919	0.02224	0.02799	0.10413	0.20620	0.33841	0.02654	0.03466	0.01584	0.01819	0.01185	0.00851	0.00944	0.00241	0.07350	0.00721	0.00565	0.01120
10	0.01883	0.01842	0.02759	0.09497	0.50519	0.06641	0.02110	0.02454	0.07092	0.02438	0.01646	0.02208	0.01393	0.00778	0.00761	0.00233	0.00910	0.03290	0.00419	0.01128
11	0.00923	0.00663	0.00877	0.01047	0.01098	0.00617	0.00700	0.01057	0.01461	0.01940	0.04288	0.70846	0.06950	0.02362	0.00966	0.00306	0.00438	0.02139	0.00704	0.00617
12	0.01807	0.01724	0.02932	0.11397	0.60002	0.01756	0.02255	0.02260	0.01719	0.02440	0.03506	0.02011	0.01368	0.00712	0.00756	0.00229	0.00895	0.00697	0.00386	0.01149
13	0.05049	0.01926	0.02073	0.01625	0.02180	0.02114	0.01342	0.54780	0.03236	0.06880	0.01982	0.02199	0.01478	0.00957	0.00748	0.00230	0.00783	0.03504	0.05702	0.01211
14	0.01414	0.00707	0.00707	0.00707	0.00884	0.00707	0.00530	0.01767	0.01591	0.02828	0.02474	0.02828	0.01944	0.00884	0.00530	0.00177	0.00353	0.00707	0.77554	0.00707
15	0.00931	0.00671	0.00882	0.01038	0.01099	0.00623	0.00699	0.01078	0.01502	0.02001	0.07807	0.66278	0.07961	0.02311	0.00961	0.00302	0.00433	0.02089	0.00711	0.00623
16	0.01972	0.05173	0.02896	0.11497	0.49160	0.11695	0.02134	0.02383	0.01756	0.02299	0.01365	0.01791	0.01138	0.00699	0.00731	0.00221	0.00976	0.00637	0.00371	0.01106
17	0.01877	0.01802	0.03079	0.04656	0.68612	0.01802	0.02328	0.02328	0.01727	0.02478	0.01427	0.01877	0.01201	0.00676	0.00751	0.00225	0.00901	0.00676	0.00375	0.01201
18	0.01090	0.00730	0.00831	0.00844	0.00847	0.00727	0.00477	0.01100	0.01128	0.01504	0.02518	0.09800	0.02919	0.68287	0.03655	0.00705	0.00714	0.01178	0.00477	0.00471
19	0.01318	0.00659	0.00988	0.00988	0.00988	0.00659	0.00659	0.00988	0.00988	0.01318	0.01318	0.02306	0.01318	0.02635	0.02964	0.77931	0.00659	0.00659	0.00329	0.00329
20	0.02748	0.02038	0.02180	0.01688	0.02271	0.02248	0.01389	0.60743	0.05457	0.04587	0.02168	0.02139	0.04830	0.00967	0.00766	0.00230	0.00804	0.00736	0.00756	0.01253
21	0.00924	0.00660	0.00880	0.01056	0.01100	0.00616	0.00704	0.01056	0.01452	0.01936	0.04181	0.72848	0.05017	0.02376	0.00968	0.00308	0.00440	0.02156	0.00704	0.00616
22	0.02028	0.73799	0.03975	0.01298	0.01947	0.03001	0.01298	0.02271	0.01541	0.01785	0.01055	0.01217	0.00973	0.00649	0.00487	0.00162	0.00811	0.00406	0.00324	0.00973
23	0.00945	0.00675	0.00903	0.01071	0.01127	0.00633	0.00733	0.01096	0.01491	0.01990	0.06256	0.67177	0.05051	0.02334	0.00970	0.00308	0.00451	0.05455	0.00708	0.00624
24	0.02883	0.02125	0.02276	0.01745	0.02352	0.02352	0.01442	0.66082	0.03566	0.04780	0.01821	0.01821	0.01290	0.00911	0.00759	0.00228	0.00835	0.00683	0.00759	0.01290
25	0.01573	0.01348	0.01573	0.01123	0.01798	0.01011	0.00899	0.01910	0.01573	0.02472	0.01348	0.01573	0.01123	0.00562	0.00562	0.00112	0.00562	0.00449	0.00449	0.77980
26	0.01877	0.01802	0.03079	0.04656	0.68612	0.01802	0.02328	0.02328	0.01727	0.02478	0.01427	0.01877	0.01201	0.00676	0.00751	0.00225	0.00901	0.00676	0.00375	0.01201
27	0.01521	0.03923	0.69413	0.02162	0.03283	0.01762	0.02802	0.02402	0.01601	0.02402	0.01361	0.01601	0.00961	0.00721	0.00721	0.00240	0.01121	0.00560	0.00320	0.01121
28	0.01084	0.00813	0.01219	0.01219	0.01354	0.00948	0.00948	0.01354	0.01219	0.01761	0.02032	0.02980	0.01896	0.05689	0.70337	0.01219	0.02032	0.00813	0.00406	0.00677
29	0.03403	0.01291	0.01760	0.01350	0.01936	0.01115	0.01115	0.03697	0.02171	0.69137	0.02992	0.02582	0.01878	0.00939	0.00763	0.00235	0.00645	0.00763	0.00939	0.01291
30	0.01098	0.00808	0.01196	0.01196	0.01334	0.00937	0.00930	0.01373	0.01235	0.01808	0.02051	0.02973	0.01898	0.05476	0.67253	0.01173	0.01958	0.00808	0.03815	0.00679
31	0.00924	0.00660	0.00880	0.01056	0.01100	0.00616	0.00704	0.01056	0.01452	0.01936	0.04181	0.72848	0.05017	0.02376	0.00968	0.00308	0.00440	0.02156	0.00704	0.00616
32	0.01877	0.01802	0.03079	0.04656	0.68612	0.01802	0.02328	0.02328	0.01727	0.02478	0.01427	0.01877	0.01201	0.00676	0.00751	0.00225	0.00901	0.00676	0.00375	0.01201
33	0.78701	0.01467	0.01115	0.00997	0.01467	0.01702	0.00821	0.02230	0.01291	0.03403	0.01056	0.01232	0.00821	0.00704	0.00469	0.00235	0.00587	0.00411	0.00469	0.00821
34	0.01969	0.01611	0.01718	0.01533	0.01970	0.01845	0.01196	0.04012	0.63715	0.06747	0.03082	0.02816	0.02292	0.01024	0.00771	0.00256	0.00603	0.00852	0.00781	0.01205
35	0.01549	0.01211	0.01394	0.01342	0.01656	0.01303	0.01077	0.02707	0.31916	0.05010	0.12519	0.05213	0.09985	0.01476	0.00876	0.00279	0.00575	0.18206	0.00759	0.00946
36	0.00913	0.00757	0.00801	0.00833	0.01056	0.00646	0.00619	0.01102	0.01690	0.02041	0.07046	0.16723	0.56871	0.01993	0.00912	0.00267	0.00404	0.03984	0.00704	0.00639
37	0.01103	0.00735	0.00827	0.00827	0.00827	0.00735	0.00460	0.01103	0.01103	0.01471	0.02390	0.04964	0.02758	0.73343	0.03861	0.00735	0.00735	0.01103	0.00460	0.00460
38	0.02833	0.03615	0.02149	0.01954	0.02345	0.70298	0.01466	0.03029	0.02149	0.01856	0.01172	0.01368	0.00977	0.00782	0.00684	0.00195	0.01368	0.00489	0.00391	0.00879
39	0.01573	0.01348	0.01573	0.01123	0.01798	0.01011	0.00899	0.01910	0.01573	0.02472	0.01348	0.01573	0.01123	0.00562	0.00562	0.00112	0.00562	0.00449	0.00449	0.77980
40	0.02028	0.73799	0.03975	0.01298	0.01947	0.03001	0.01298	0.02271	0.01541	0.01785	0.01055	0.01217	0.00973	0.00649	0.00487	0.00162	0.00811	0.00406	0.00324	0.00973
41	0.01067	0.00775	0.01004	0.00947	0.01129	0.00713	0.00710	0.01418	0.02131	0.03003	0.65846	0.05730	0.09547	0.01565	0.00895	0.00239	0.00359	0.01381	0.00830	0.00713
42	0.01661	0.01415	0.01852	0.01411	0.04292	0.01111	0.05889	0.02023	0.01615	0.04684	0.01420	0.01653	0.01153	0.00584	0.00600	0.00131	0.00631	0.00502	0.00458	0.66915
43	0.23668	0.33207	0.15056	0.01404	0.02061	0.04360	0.01438	0.04299	0.01552	0.02454	0.01177	0.01383	0.00973	0.00881	0.03180	0.00240	0.00869	0.00462	0.00384	0.00954
44	0.00924	0.00660	0.00880	0.01056	0.01100	0.00616	0.00704	0.01056	0.01452	0.01936	0.04181	0.72848	0.05017	0.02376	0.00968	0.00308	0.00440	0.02156	0.00704	0.00616
45	0.01825	0.01794	0.03196	0.10494	0.54118	0.01807	0.10927	0.02306	0.01717	0.02423	0.01434	0.01913	0.01177	0.00678	0.00771	0.00232	0.00962	0.00705	0.00373	0.01145
46	0.03195	0.01462	0.06557	0.01395	0.02007	0.01148	0.01222	0.03532	0.02130	0.62283	0.04948	0.02610	0.01980	0.00943	0.00764	0.00235	0.00670	0.00768	0.00891	0.01260
47	0.17954	0.01470	0.01693	0.01345	0.01888	0.01472	0.01104	0.14254	0.05648	0.38989	0.04885	0.02313	0.01790	0.00916	0.00710	0.00235	0.00654	0.00708	0.00802	0.01172
48	0.01148	0.00802	0.01039	0.01088	0.01259	0.00710	0.00771	0.01334	0.01539	0.05091	0.06126	0.54286	0.04360	0.02003	0.00899	0.00275	0.00474	0.04097	0.00682	0.12018
49	0.01103	0.00735	0.00827	0.00827	0.00827	0.00735	0.00460	0.01103	0.01103	0.01471	0.02390	0.04964	0.02758	0.73343	0.03861	0.00735	0.00735	0.01103	0.00460	0.00460
50	0.01011	0.00773	0.00928	0.00889	0.01095	0.00689	0.00667	0.01311	0.02000	0.02693	0.46968	0.06239	0.28618	0.01681	0.00895	0.00245	0.00367	0.01452	0.00789	0.00689
51	0.01557	0.08902	0.64751	0.02100	0.03188	0.01850	0.02695	0.02393	0.01597	0.02358	0.01339	0.01574	0.00962	0.00716	0.00704	0.00235	0.01099	0.00549	0.00321	0.01110
52	0.60349	0.01575	0.01348	0.01148	0.01635	0.01798	0.00944	0.15222	0.01787	0.03671	0.03712	0.01517	0.01153	0.00778	0.00544	0.00233	0.00629	0.00502	0.00542	0.00913
53	0.00940	0.00672	0.00899	0.01075	0.01126	0.00630	0.00732	0.01084	0.01468	0.01954	0.04172	0.69364	0.04981	0.02361	0.00972	0.00310	0.00454	0.05481	0.00704	0.00621
54	0.01790	0.02046	0.04476	0.03197	0.03964	0.01918	0.65857	0.02430	0.01790	0.02430	0.01535	0.02046	0.01151	0.00639	0.00895	0.00256	0.01279	0.00895	0.00384	0.01023
55	0.01749	0.01910	0.03777	0.02769	0.03404	0.04839	0.51217	0.02305	0.01728	0.02361	0.01611	0.02137	0.01256	0.01095	0.06576	0.00328	0.03247	0.00850	0.05882	0.00960
56	0.01533	0.03845	0.66713	0.02205	0.03311	0.01768	0.05424	0.02403	0.01609	0.02403	0.01368	0.01620	0.00969	0.00717	0.00728	0.00241	0.01128	0.00574	0.00323	0.01117
57	0.03403	0.01291	0.01760	0.01350	0.01936	0.01115	0.01115	0.03697	0.02171	0.69137	0.02992	0.02582	0.01878	0.00939	0.00763	0.00235	0.00645	0.00763	0.00939	0.01291
58	0.01790	0.02046	0.04476	0.03197	0.03964	0.01918	0.65857	0.02430	0.01790	0.02430	0.01535	0.02046	0.01151	0.00639	0.00895	0.00256	0.01279	0.00895	0.00384	0.01023
59	0.01615	0.01623	0.02569	0.20676	0.03090	0.02104	0.09490	0.01928	0.01332	0.01928	0.01154	0.01803	0.01018	0.01093	0.01836	0.00302	0.44548	0.00694	0.00339	0.00856
60	0.03403	0.01291	0.01760	0.01350	0.01936	0.01115	0.01115	0.03697	0.02171	0.69137	0.02992	0.02582	0.01878	0.00939	0.00763	0.00235	0.00645	0.00763	0.00939	0.01291
61	0.00924	0.00660	0.00880	0.01056	0.01100	0.00616	0.00704	0.01056	0.01452	0.01936	0.04181	0.72848	0.05017	0.02376	0.00968	0.00308	0.00440	0.02156	0.00704	0.00616
62	0.02125	0.01771	0.02487	0.30087	0.11511	0.01997	0.05186	0.29459	0.02433	0.03245	0.01570	0.01920	0.01161	0.00807	0.00765	0.00239	0.00936	0.00690	0.00525	0.01086
63	0.01604	0.03758	0.64783	0.02209	0.05273	0.01738	0.02724	0.02449	0.01627	0.04927	0.01425	0.01647	0.01003	0.00727	0.00723	0.00240	0.01096	0.00572	0.00345	0.01130
64	0.01079	0.00779	0.01022	0.00971	0.01150	0.00722	0.00735	0.01437	0.02132	0.03013	0.65784	0.05775	0.07051	0.01571	0.00900	0.00243	0.00371	0.03721	0.00830	0.00715
65	0.01010	0.00726	0.00957	0.00998	0.01119	0.00673	0.00711	0.01271	0.01850	0.02569	0.40817	0.34408	0.06241	0.01904	0.00926	0.00268	0.00393	0.01707	0.00779	0.00673
66	0.01520	0.01444	0.02820	0.02237	0.04710	0.01355	0.33782	0.01947	0.01728	0.04867	0.11162	0.18201	0.02943	0.06333	0.01113	0.00297	0.00898	0.01237	0.00540	0.00869
67	0.01168	0.00919	0.01140	0.01081	0.01362	0.00765	0.00777	0.01377	0.01498	0.02137	0.03116	0.46060	0.03553	0.01694	0.00815	0.00234	0.00486	0.01515	0.00608	0.29692
68	0.00922	0.00667	0.00873	0.01037	0.01095	0.00618	0.00696	0.01058	0.01470	0.01944	0.04411	0.68528	0.09187	0.02346	0.00963	0.00305	0.00436	0.02120	0.00704	0.00618
69	0.01617	0.01610	0.02367	0.02002	0.02065	0.02174	0.05827	0.01823	0.01208	0.01860	0.01123	0.01802	0.01086	0.01670	0.08414	0.00406	0.61083	0.00692	0.00342	0.00829
70	0.01721	0.01455	0.01746	0.01260	0.01930	0.01186	0.03136	0.08824	0.01794	0.02718	0.01405	0.01615	0.01142	0.00602	0.00594	0.00130	0.00615	0.00489	0.00480	0.67156
71	0.50491	0.02076	0.15376	0.06685	0.02270	0.04575	0.04257	0.02285	0.01429	0.02980	0.01167	0.01409	0.00885	0.00712	0.00571	0.00236	0.00791	0.00486	0.00422	0.00896
72	0.01946	0.54475	0.06355	0.06531	0.02314	0.04911	0.03450	0.02244	0.01546	0.01866	0.01112	0.01360	0.00987	0.00704	0.00664	0.00185	0.05380	0.00467	0.00333	0.03168
73	0.12977	0.01719	0.04892	0.23398	0.06291	0.01821	0.20917	0.02203	0.03369	0.02377	0.01372	0.01859	0.01070	0.00777	0.00949	0.00254	0.09185	0.00694	0.00387	0.03489
74	0.40846	0.09661	0.25763	0.01468	0.02193	0.01877	0.01596	0.04518	0.01506	0.02931	0.01191	0.01383	0.00903	0.00712	0.00571	0.00229	0.00808	0.00473	0.00412	0.00960
75	0.01465	0.01368	0.02235	0.66535	0.04992	0.01700	0.02042	0.02087	0.06199	0.02026	0.01472	0.02080	0.01104	0.00778	0.00759	0.00253	0.00982	0.00687	0.00368	0.00868
76	0.01103	0.00735	0.00827	0.00827	0.00827	0.00735	0.00460	0.01103	0.01103	0.01471	0.02390	0.04964	0.02758	0.73343	0.03861	0.00735	0.00735	0.01103	0.00460	0.00460
77	0.08768	0.01303	0.01714	0.01324	0.01903	0.01157	0.01094	0.03592	0.02108	0.64454	0.02854	0.02486	0.01802	0.00922	0.00742	0.00235	0.00641	0.00738	0.00905	0.01257
78	0.01540	0.01446	0.02424	0.60887	0.04877	0.01758	0.06311	0.05325	0.01630	0.02116	0.01373	0.02001	0.01035	0.00778	0.00828	0.00254	0.03489	0.00689	0.00362	0.00878
79	0.00920	0.00759	0.00807	0.00816	0.01044	0.00647	0.00604	0.01125	0.01753	0.02154	0.14402	0.13028	0.55484	0.01919	0.00903	0.00259	0.00386	0.01624	0.00720	0.00647
80	0.00924	0.00660	0.00880	0.01056	0.01100	0.00616	0.00704	0.01056	0.01452	0.01936	0.04181	0.72848	0.05017	0.02376	0.00968	0.00308	0.00440	0.02156	0.00704	0.00616
81	0.00924	0.00660	0.00880	0.01056	0.01100	0.00616	0.00704	0.01056	0.01452	0.01936	0.04181	0.72848	0.05017	0.02376	0.00968	0.00308	0.00440	0.02156	0.00704	0.00616
82	0.02251	0.01548	0.01726	0.01497	0.01964	0.01701	0.01180	0.03950	0.51610	0.19019	0.03064	0.02770	0.02210	0.01007	0.00770	0.00252	0.00611	0.00835	0.00812	0.01222
83	0.10046	0.01277	0.01664	0.01321	0.01868	0.01151	0.01096	0.03413	0.02061	0.58438	0.02891	0.02886	0.01959	0.01000	0.00757	0.00243	0.00644	0.05201	0.00879	0.01206
84	0.02883	0.02125	0.02276	0.01745	0.02352	0.02352	0.01442	0.66082	0.03566	0.04780	0.01821	0.01821	0.01290	0.00911	0.00759	0.00228	0.00835	0.00683	0.00759	0.01290
85	0.01921	0.01275	0.01554	0.01461	0.01807	0.01333	0.01218	0.14293	0.12703	0.11971	0.03325	0.08925	0.03155	0.01559	0.00906	0.00294	0.00687	0.29891	0.00755	0.00966
86	0.00924	0.00660	0.00880	0.01056	0.01100	0.00616	0.00704	0.01056	0.01452	0.01936	0.04181	0.72848	0.05017	0.02376	0.00968	0.00308	0.00440	0.02156	0.00704	0.00616
87	0.01870	0.02020	0.03826	0.03713	0.29195	0.04894	0.38147	0.02416	0.01781	0.02423	0.01476	0.01950	0.01163	0.00660	0.00829	0.00241	0.01135	0.00791	0.00381	0.01087
88	0.17102	0.01776	0.01839	0.01507	0.02032	0.01980	0.01222	0.29605	0.22460	0.09527	0.02162	0.02082	0.01564	0.00910	0.00708	0.00239	0.00700	0.00691	0.00723	0.01173
89	0.00923	0.00769	0.00805	0.00796	0.01041	0.00652	0.00597	0.01139	0.01791	0.02196	0.16664	0.07057	0.59232	0.01866	0.00896	0.00254	0.00380	0.01567	0.00724	0.00652
90	0.01875	0.01619	0.01710	0.01528	0.01966	0.01854	0.01189	0.03952	0.64812	0.03147	0.03023	0.02783	0.02271	0.01012	0.00764	0.00252	0.00599	0.00842	0.00760	0.04040
91	0.01655	0.01346	0.01581	0.01134	0.01804	0.01016	0.00908	0.01990	0.01600	0.05469	0.01422	0.01618	0.01157	0.00579	0.00571	0.00118	0.00565	0.00463	0.00471	0.74532
92	0.12302	0.13619	0.02373	0.01589	0.02163	0.07726	0.01334	0.40840	0.04862	0.03845	0.01590	0.01646	0.01188	0.00836	0.00673	0.00216	0.00834	0.00594	0.00624	0.01145
93	0.00931	0.00663	0.00878	0.01048	0.01090	0.00620	0.00695	0.01058	0.01440	0.01919	0.04116	0.70389	0.04935	0.04947	0.01073	0.00324	0.00451	0.02118	0.00695	0.00610
94	0.00921	0.00760	0.00809	0.00816	0.01045	0.00648	0.00605	0.01130	0.01760	0.02167	0.15144	0.12413	0.55341	0.01911	0.00902	0.00258	0.00385	0.01617	0.00721	0.00648
95	0.01916	0.01626	0.01722	0.01533	0.01963	0.01869	0.01196	0.07739	0.60788	0.03267	0.05555	0.02879	0.02442	0.01042	0.00776	0.00255	0.00605	0.00867	0.00773	0.01187
96	0.01521	0.03923	0.69413	0.02162	0.03283	0.01762	0.02802	0.02402	0.01601	0.02402	0.01361	0.01601	0.00961	0.00721	0.00721	0.00240	0.01121	0.00560	0.00320	0.01121
97	0.00924	0.00660	0.00880	0.01056	0.01100	0.00616	0.00704	0.01056	0.01452	0.01936	0.04181	0.72848	0.05017	0.02376	0.00968	0.00308	0.00440	0.02156	0.00704	0.00616
98	0.01096	0.00732	0.00829	0.00836	0.00838	0.00731	0.00469	0.01101	0.01117	0.01489	0.02460	0.07617	0.02846	0.70570	0.03748	0.00719	0.00724	0.01144	0.00469	0.00466
99	0.01103	0.00735	0.00827	0.00827	0.00827	0.00735	0.00460	0.01103	0.01103	0.01471	0.02390	0.04964	0.02758	0.73343	0.03861	0.00735	0.00735	0.01103	0.00460	0.00460
100	0.01432	0.01348	0.02275	0.71520	0.05224	0.01685	0.02107	0.01938	0.01517	0.01938	0.01348	0.02022	0.01011	0.00758	0.00758	0.00253	0.01011	0.00674	0.00337	0.00843
101	0.01586	0.01360	0.01579	0.01141	0.01805	0.01048	0.00911	0.01998	0.04303	0.02501	0.01420	0.01625	0.01173	0.00581	0.00570	0.00118	0.00563	0.00466	0.00463	0.74787
102	0.01043	0.00772	0.00975	0.00942	0.01128	0.00704	0.00708	0.01364	0.02037	0.02809	0.53665	0.08967	0.16855	0.01663	0.00903	0.00248	0.00376	0.03340	0.00804	0.00699
103	0.00896	0.00768	0.00768	0.00768	0.01025	0.00640	0.00576	0.01089	0.01729	0.02049	0.07684	0.07300	0.68304	0.01921	0.00896	0.00256	0.00384	0.01601	0.00704	0.00640
104	0.71856	0.01526	0.01220	0.01065	0.01547	0.01760	0.00877	0.07994	0.01496	0.03527	0.01125	0.01285	0.00864	0.00723	0.00496	0.00234	0.00609	0.00435	0.00496	0.00864
105	0.01857	0.05331	0.07591	0.02879	0.03645	0.01956	0.52728	0.06937	0.01888	0.02568	0.01518	0.01953	0.01142	0.00661	0.00846	0.00244	0.01192	0.00824	0.00407	0.03833
106	0.03268	0.01321	0.01756	0.01367	0.01939	0.01183	0.01122	0.03726	0.07953	0.63276	0.03001	0.02604	0.01917	0.00947	0.00764	0.00237	0.00641	0.00771	0.00924	0.01283
107	0.02087	0.47712	0.03438	0.01600	0.02108	0.13610	0.04268	0.02328	0.01588	0.01831	0.01085	0.01349	0.00986	0.00779	0.00860	0.00199	0.12413	0.00482	0.00339	0.00937
108	0.00923	0.00665	0.00875	0.01043	0.01097	0.00617	0.00698	0.01058	0.01465	0.01941	0.04337	0.69919	0.07845	0.02356	0.00965	0.00306	0.00438	0.02131	0.00704	0.00617
109	0.00951	0.00698	0.00903	0.01039	0.01125	0.00635	0.00704	0.01096	0.01477	0.01968	0.04306	0.65050	0.09355	0.02264	0.00945	0.00296	0.00441	0.02042	0.00693	0.04013
110	0.01817	0.24250	0.40391	0.01835	0.02698	0.02122	0.02154	0.02416	0.01593	0.06990	0.01362	0.01562	0.01033	0.00758	0.00780	0.00223	0.06042	0.00537	0.00367	0.01069
111	0.00938	0.00666	0.00876	0.01038	0.01079	0.00626	0.00685	0.01060	0.01425	0.01900	0.04039	0.67486	0.04838	0.07982	0.01197	0.00342	0.00463	0.02073	0.00685	0.00604
112	0.00943	0.00683	0.00896	0.01059	0.01128	0.00636	0.00731	0.01094	0.01492	0.01968	0.04419	0.63692	0.09480	0.02324	0.00969	0.00307	0.00454	0.06397	0.00704	0.00624
113	0.01740	0.01001	0.01262	0.01113	0.01425	0.00944	0.00862	0.02270	0.09664	0.19700	0.37493	0.06908	0.09722	0.01390	0.00850	0.00243	0.00464	0.01201	0.00840	0.00909
