[name]
unknown

[dist]
# distance from previous block
# <min> <max>
0	24

[block]
# block no. 0 follows, 19 sequences, length 87
# corresponding to MSA columns:
# 24-110
name=unknown_A
#
# <colnr> <probs for GDERKNQSTAVLIFYWHMCP>
#	G	D	E	R	K	N	Q	S	T	A	V	L	I	F	Y	W	H	M	C	P
0	0.02779	0.02171	0.02362	0.01955	0.02421	0.08736	0.01593	0.21863	0.02707	0.11805	0.02303	0.05868	0.01943	0.01315	0.01355	0.00296	0.15593	0.04685	0.00727	0.07521
1	0.21723	0.02015	0.02064	0.04766	0.02438	0.02234	0.01393	0.29999	0.06951	0.04565	0.02030	0.02155	0.01506	0.00987	0.00769	0.00262	0.00829	0.00723	0.07577	0.05013
2	0.06607	0.09089	0.02293	0.01801	0.02253	0.19390	0.01411	0.08896	0.13091	0.02979	0.02524	0.14503	0.02377	0.01338	0.00941	0.00273	0.03705	0.01042	0.00656	0.04835
3	0.03182	0.03333	0.02688	0.05788	0.08027	0.34744	0.01844	0.23101	0.03037	0.03458	0.01686	0.01890	0.01305	0.00963	0.00849	0.00250	0.01326	0.00686	0.00607	0.01236
4	0.02232	0.01164	0.01445	0.01277	0.01563	0.01118	0.00921	0.06093	0.02008	0.20516	0.06661	0.10809	0.03312	0.27893	0.05145	0.00563	0.00828	0.01256	0.04239	0.00957
5	0.01136	0.00909	0.01015	0.00989	0.01257	0.00789	0.00742	0.01436	0.02225	0.02857	0.29164	0.07885	0.42239	0.02101	0.01057	0.00294	0.00441	0.01787	0.00889	0.00789
6	0.01690	0.01590	0.02683	0.66408	0.06162	0.01988	0.02485	0.02286	0.01789	0.02286	0.01590	0.02385	0.01193	0.00894	0.00894	0.00298	0.01193	0.00795	0.00398	0.00994
7	0.01188	0.00854	0.01126	0.01179	0.01319	0.00792	0.00838	0.01491	0.02168	0.03007	0.36880	0.33963	0.07318	0.02262	0.01094	0.00318	0.00465	0.02030	0.00916	0.00792
8	0.01690	0.01590	0.02683	0.66408	0.06162	0.01988	0.02485	0.02286	0.01789	0.02286	0.01590	0.02385	0.01193	0.00894	0.00894	0.00298	0.01193	0.00795	0.00398	0.00994
9	0.01090	0.00779	0.01038	0.01246	0.01298	0.00727	0.00830	0.01246	0.01713	0.02284	0.04931	0.67975	0.05917	0.02803	0.01142	0.00363	0.00519	0.02543	0.00830	0.00727
10	0.01406	0.01288	0.04600	0.10349	0.02267	0.01360	0.01367	0.01705	0.01530	0.02137	0.02639	0.15360	0.02751	0.13585	0.25174	0.00822	0.09068	0.01246	0.00527	0.00819
11	0.01301	0.00867	0.00976	0.00976	0.00976	0.00867	0.00542	0.01301	0.01301	0.01735	0.02819	0.05855	0.03253	0.68559	0.04554	0.00867	0.00867	0.01301	0.00542	0.00542
12	0.02361	0.65776	0.07739	0.01583	0.02377	0.03465	0.01622	0.02687	0.01821	0.02142	0.01262	0.01459	0.01147	0.00770	0.00588	0.00196	0.00976	0.00488	0.00382	0.01157
13	0.01278	0.00959	0.01438	0.01438	0.01598	0.01118	0.01118	0.01598	0.01438	0.02077	0.02396	0.03515	0.02237	0.06710	0.65013	0.01438	0.02396	0.00959	0.00479	0.00799
14	0.02027	0.01607	0.01881	0.01376	0.02145	0.01268	0.01101	0.02560	0.05778	0.07115	0.01856	0.02033	0.01477	0.00729	0.00695	0.00153	0.00672	0.00587	0.00594	0.64347
15	0.01855	0.01590	0.01855	0.01325	0.02120	0.01193	0.01060	0.02253	0.01855	0.02915	0.01590	0.01855	0.01325	0.00663	0.00663	0.00133	0.00663	0.00530	0.00530	0.74028
16	0.01855	0.01590	0.01855	0.01325	0.02120	0.01193	0.01060	0.02253	0.01855	0.02915	0.01590	0.01855	0.01325	0.00663	0.00663	0.00133	0.00663	0.00530	0.00530	0.74028
17	0.03829	0.01819	0.02260	0.01733	0.02432	0.01755	0.01431	0.21150	0.03057	0.46106	0.03113	0.02774	0.02005	0.01097	0.00898	0.00274	0.00829	0.00871	0.01043	0.01522
18	0.11649	0.01196	0.01392	0.01293	0.01618	0.01210	0.01006	0.02391	0.09188	0.08638	0.35762	0.08421	0.05893	0.01648	0.00973	0.00295	0.00552	0.04987	0.00910	0.00979
19	0.01960	0.01363	0.01647	0.01365	0.01837	0.01246	0.01066	0.08586	0.04992	0.09539	0.27324	0.08580	0.04749	0.01404	0.00917	0.00246	0.00600	0.01205	0.00852	0.20520
20	0.26883	0.26521	0.07251	0.01820	0.02552	0.02646	0.09390	0.05027	0.05326	0.03134	0.01520	0.01743	0.01222	0.00829	0.00683	0.00251	0.00953	0.00615	0.00500	0.01137
21	0.01668	0.00834	0.00834	0.00834	0.01042	0.00834	0.00625	0.02085	0.01876	0.03335	0.02918	0.03335	0.02293	0.01042	0.00625	0.00208	0.00417	0.00834	0.73525	0.00834
22	0.01690	0.01590	0.02683	0.66408	0.06162	0.01988	0.02485	0.02286	0.01789	0.02286	0.01590	0.02385	0.01193	0.00894	0.00894	0.00298	0.01193	0.00795	0.00398	0.00994
23	0.01442	0.01030	0.01442	0.01648	0.01854	0.01030	0.01442	0.01854	0.02060	0.02677	0.04737	0.10092	0.05149	0.02471	0.01236	0.00412	0.00824	0.56956	0.00824	0.00824
24	0.02017	0.01171	0.01207	0.01081	0.01391	0.01225	0.00842	0.13758	0.02346	0.03800	0.02763	0.03096	0.02138	0.01049	0.00680	0.00221	0.00531	0.00828	0.58884	0.00972
25	0.01554	0.00777	0.01166	0.01166	0.01166	0.00777	0.00777	0.01166	0.01166	0.01554	0.01554	0.02720	0.01554	0.03108	0.03497	0.73970	0.00777	0.00777	0.00389	0.00389
26	0.01114	0.00818	0.01045	0.01180	0.01292	0.00749	0.00812	0.01321	0.01888	0.02509	0.14652	0.50133	0.14048	0.02575	0.01117	0.00342	0.00495	0.02307	0.00855	0.00749
27	0.01090	0.00779	0.01038	0.01246	0.01298	0.00727	0.00830	0.01246	0.01713	0.02284	0.04931	0.67975	0.05917	0.02803	0.01142	0.00363	0.00519	0.02543	0.00830	0.00727
28	0.01230	0.00895	0.01157	0.01129	0.01324	0.00823	0.00833	0.01604	0.02392	0.03342	0.51542	0.15151	0.11255	0.01987	0.01067	0.00294	0.00437	0.01760	0.00955	0.00823
29	0.02392	0.69097	0.04688	0.01531	0.02296	0.03540	0.01531	0.02679	0.01818	0.02105	0.01244	0.01435	0.01148	0.00765	0.00574	0.00191	0.00957	0.00478	0.00383	0.01148
30	0.01163	0.00896	0.01343	0.01427	0.01540	0.00837	0.05058	0.01362	0.01741	0.02326	0.04707	0.63269	0.05590	0.02656	0.01136	0.00359	0.00590	0.02437	0.00803	0.00761
31	0.03171	0.03971	0.02602	0.06848	0.06098	0.57429	0.01833	0.03442	0.02459	0.02234	0.01412	0.01697	0.01169	0.00914	0.00817	0.00237	0.01556	0.00603	0.00456	0.01054
32	0.02385	0.01906	0.02718	0.15135	0.23051	0.02055	0.02051	0.09505	0.15843	0.09372	0.05070	0.02778	0.02080	0.01018	0.00903	0.00283	0.00939	0.00894	0.00681	0.01334
33	0.01668	0.00834	0.00834	0.00834	0.01042	0.00834	0.00625	0.02085	0.01876	0.03335	0.02918	0.03335	0.02293	0.01042	0.00625	0.00208	0.00417	0.00834	0.73525	0.00834
34	0.01690	0.01590	0.02683	0.66408	0.06162	0.01988	0.02485	0.02286	0.01789	0.02286	0.01590	0.02385	0.01193	0.00894	0.00894	0.00298	0.01193	0.00795	0.00398	0.00994
35	0.01266	0.00914	0.01196	0.01126	0.01337	0.00844	0.00844	0.01688	0.02532	0.03588	0.62506	0.06683	0.08441	0.01829	0.01055	0.00281	0.00422	0.01618	0.00985	0.00844
36	0.01238	0.00913	0.01156	0.01096	0.01319	0.00832	0.00822	0.01633	0.02465	0.03428	0.55220	0.06946	0.15827	0.01889	0.01055	0.00284	0.00426	0.01655	0.00964	0.00832
37	0.03947	0.01630	0.02143	0.01643	0.02337	0.01474	0.01357	0.10426	0.02740	0.57278	0.03379	0.02947	0.02139	0.01104	0.00899	0.00276	0.00786	0.00889	0.01084	0.01522
38	0.02392	0.69097	0.04688	0.01531	0.02296	0.03540	0.01531	0.02679	0.01818	0.02105	0.01244	0.01435	0.01148	0.00765	0.00574	0.00191	0.00957	0.00478	0.00383	0.01148
39	0.01090	0.00779	0.01038	0.01246	0.01298	0.00727	0.00830	0.01246	0.01713	0.02284	0.04931	0.67975	0.05917	0.02803	0.01142	0.00363	0.00519	0.02543	0.00830	0.00727
40	0.01956	0.03350	0.40399	0.02040	0.03001	0.01761	0.02415	0.06415	0.02109	0.06268	0.05554	0.02536	0.01874	0.00974	0.00822	0.00267	0.01037	0.00773	0.15230	0.01219
41	0.15417	0.02376	0.02455	0.01910	0.02599	0.02645	0.01577	0.50351	0.03755	0.05365	0.01996	0.02031	0.01429	0.01033	0.00838	0.00270	0.00935	0.00752	0.00838	0.01429
42	0.01235	0.01390	0.09622	0.01275	0.01633	0.00959	0.01124	0.01623	0.02116	0.02839	0.25152	0.19442	0.24180	0.02038	0.01046	0.00305	0.00575	0.01767	0.00821	0.00856
43	0.01067	0.00907	0.00920	0.00917	0.01214	0.00759	0.00688	0.01303	0.02063	0.02472	0.11593	0.08519	0.60050	0.02245	0.01057	0.00301	0.00452	0.01875	0.00838	0.00759
44	0.01724	0.01625	0.02745	0.62442	0.09861	0.01997	0.02502	0.02316	0.01805	0.02327	0.01596	0.02374	0.01207	0.00888	0.00894	0.00296	0.01184	0.00795	0.00400	0.01021
45	0.01966	0.18892	0.43733	0.02463	0.03611	0.02429	0.09493	0.02802	0.01899	0.02673	0.01548	0.01848	0.01163	0.00820	0.00812	0.00265	0.01262	0.00666	0.00388	0.01269
46	0.02143	0.02053	0.03502	0.13796	0.55232	0.02107	0.02710	0.02683	0.02003	0.02836	0.01670	0.02238	0.01387	0.00810	0.00887	0.00270	0.01081	0.00797	0.00437	0.01359
47	0.01301	0.00867	0.00976	0.00976	0.00976	0.00867	0.00542	0.01301	0.01301	0.01735	0.02819	0.05855	0.03253	0.68559	0.04554	0.00867	0.00867	0.01301	0.00542	0.00542
48	0.20850	0.17890	0.34835	0.01973	0.02975	0.02377	0.02315	0.02747	0.01779	0.02981	0.01434	0.01677	0.01094	0.00827	0.00713	0.00262	0.01080	0.00576	0.00424	0.01193
49	0.01279	0.00891	0.01130	0.01144	0.01200	0.00939	0.00749	0.01394	0.01374	0.01883	0.02826	0.09338	0.03104	0.43967	0.23969	0.01018	0.01340	0.01275	0.00541	0.00638
50	0.03401	0.02506	0.02685	0.02058	0.02774	0.02774	0.01700	0.59995	0.04206	0.05638	0.02148	0.02148	0.01521	0.01074	0.00895	0.00268	0.00984	0.00805	0.00895	0.01521
51	0.05145	0.01692	0.02622	0.56740	0.05608	0.02071	0.02335	0.08353	0.02031	0.02715	0.01633	0.02319	0.01217	0.00910	0.00879	0.00294	0.01148	0.00782	0.00457	0.01048
52	0.20498	0.01769	0.02453	0.36873	0.11770	0.02076	0.02065	0.07302	0.01956	0.03087	0.01561	0.02107	0.01191	0.00881	0.00807	0.00286	0.01032	0.00717	0.00485	0.01084
53	0.03166	0.02240	0.02442	0.01943	0.02601	0.02463	0.01582	0.39172	0.18902	0.11849	0.02697	0.02562	0.01917	0.01114	0.00900	0.00279	0.00887	0.00870	0.00924	0.01494
54	0.01218	0.01410	0.09526	0.01152	0.01577	0.00950	0.01054	0.01589	0.02067	0.02663	0.13909	0.07162	0.44411	0.01951	0.01004	0.00292	0.00566	0.01628	0.05025	0.00847
55	0.01114	0.00793	0.01045	0.01222	0.01282	0.00743	0.00815	0.01279	0.01745	0.02341	0.08743	0.60214	0.05936	0.06519	0.01332	0.00387	0.00532	0.02409	0.00824	0.00724
56	0.03058	0.24596	0.03298	0.01950	0.02617	0.18899	0.01653	0.26965	0.03004	0.03610	0.01659	0.01780	0.01306	0.00935	0.00768	0.00234	0.01136	0.00641	0.00618	0.01276
57	0.01090	0.00779	0.01038	0.01246	0.01298	0.00727	0.00830	0.01246	0.01713	0.02284	0.04931	0.67975	0.05917	0.02803	0.01142	0.00363	0.00519	0.02543	0.00830	0.00727
58	0.01301	0.00867	0.00976	0.00976	0.00976	0.00867	0.00542	0.01301	0.01301	0.01735	0.02819	0.05855	0.03253	0.68559	0.04554	0.00867	0.00867	0.01301	0.00542	0.00542
59	0.01087	0.00907	0.00947	0.00937	0.01226	0.00768	0.00703	0.01341	0.02109	0.02582	0.16601	0.08338	0.54974	0.02204	0.01057	0.00299	0.00449	0.01850	0.00853	0.00768
60	0.01900	0.16061	0.53418	0.02369	0.03593	0.02337	0.02991	0.02806	0.01876	0.02704	0.01541	0.01808	0.01136	0.00835	0.00801	0.00267	0.01257	0.00629	0.00379	0.01291
61	0.02395	0.50083	0.15113	0.01790	0.02633	0.07249	0.01871	0.05502	0.01992	0.02410	0.01361	0.01562	0.01164	0.00806	0.00654	0.00214	0.01067	0.00533	0.00411	0.01190
62	0.01904	0.01062	0.01086	0.01001	0.01278	0.01098	0.00772	0.09979	0.02194	0.03649	0.02813	0.03174	0.02188	0.01047	0.00662	0.00217	0.00494	0.00830	0.63624	0.00928
63	0.01280	0.00953	0.01408	0.01408	0.01557	0.01102	0.01081	0.01578	0.01429	0.02055	0.02424	0.03667	0.02303	0.10746	0.61068	0.01401	0.02297	0.00981	0.00483	0.00782
64	0.01090	0.00779	0.01038	0.01246	0.01298	0.00727	0.00830	0.01246	0.01713	0.02284	0.04931	0.67975	0.05917	0.02803	0.01142	0.00363	0.00519	0.02543	0.00830	0.00727
65	0.01855	0.01590	0.01855	0.01325	0.02120	0.01193	0.01060	0.02253	0.01855	0.02915	0.01590	0.01855	0.01325	0.00663	0.00663	0.00133	0.00663	0.00530	0.00530	0.74028
66	0.02020	0.01879	0.02461	0.02012	0.02305	0.02261	0.01662	0.05950	0.01706	0.02617	0.01367	0.01938	0.01244	0.01253	0.02096	0.00303	0.42021	0.00706	0.00467	0.23733
67	0.02630	0.01881	0.02072	0.01791	0.02345	0.02086	0.01414	0.07900	0.46965	0.15116	0.03533	0.03213	0.02563	0.01186	0.00907	0.00296	0.00734	0.00978	0.00947	0.01442
68	0.01794	0.04628	0.63923	0.02550	0.03872	0.02078	0.03305	0.02833	0.01889	0.02833	0.01606	0.01889	0.01133	0.00850	0.00850	0.00283	0.01322	0.00661	0.00378	0.01322
69	0.03397	0.02621	0.02675	0.02075	0.02774	0.06833	0.01702	0.56312	0.04097	0.05413	0.02098	0.02113	0.01497	0.01064	0.00889	0.00266	0.01026	0.00791	0.00867	0.01490
70	0.01093	0.00908	0.00956	0.00944	0.01230	0.00770	0.00708	0.01353	0.02124	0.02617	0.18199	0.08281	0.53354	0.02191	0.01057	0.00299	0.00448	0.01842	0.00857	0.00770
71	0.01260	0.00923	0.01319	0.01343	0.01465	0.01033	0.00995	0.01510	0.01448	0.02047	0.02758	0.11397	0.02825	0.15925	0.48112	0.01223	0.01938	0.01197	0.00530	0.00750
72	0.01195	0.00869	0.01125	0.01151	0.01315	0.00800	0.00829	0.01517	0.02232	0.03084	0.40175	0.26877	0.11142	0.02176	0.01084	0.00310	0.00456	0.01939	0.00924	0.00800
73	0.01238	0.00913	0.01156	0.01096	0.01319	0.00832	0.00822	0.01633	0.02465	0.03428	0.55220	0.06946	0.15827	0.01889	0.01055	0.00284	0.00426	0.01655	0.00964	0.00832
74	0.01690	0.01590	0.02683	0.66408	0.06162	0.01988	0.02485	0.02286	0.01789	0.02286	0.01590	0.02385	0.01193	0.00894	0.00894	0.00298	0.01193	0.00795	0.00398	0.00994
75	0.02392	0.69097	0.04688	0.01531	0.02296	0.03540	0.01531	0.02679	0.01818	0.02105	0.01244	0.01435	0.01148	0.00765	0.00574	0.00191	0.00957	0.00478	0.00383	0.01148
76	0.03342	0.04264	0.02535	0.02305	0.02766	0.64967	0.01729	0.03572	0.02535	0.02190	0.01383	0.01613	0.01152	0.00922	0.00807	0.00230	0.01613	0.00576	0.00461	0.01037
77	0.02392	0.69097	0.04688	0.01531	0.02296	0.03540	0.01531	0.02679	0.01818	0.02105	0.01244	0.01435	0.01148	0.00765	0.00574	0.00191	0.00957	0.00478	0.00383	0.01148
78	0.03278	0.02540	0.02546	0.01996	0.02655	0.07892	0.01629	0.51276	0.03906	0.05190	0.02136	0.02184	0.01543	0.01059	0.00869	0.00261	0.00999	0.00788	0.05820	0.01434
79	0.01179	0.00911	0.01075	0.01034	0.01283	0.00807	0.00775	0.01519	0.02326	0.03097	0.40124	0.07490	0.31129	0.02012	0.01056	0.00290	0.00435	0.01731	0.00920	0.00807
80	0.01682	0.01543	0.02596	0.62655	0.05874	0.01918	0.02386	0.02221	0.01753	0.02244	0.01588	0.02404	0.01213	0.01022	0.01044	0.04537	0.01169	0.00794	0.00397	0.00959
81	0.01266	0.00914	0.01196	0.01126	0.01337	0.00844	0.00844	0.01688	0.02532	0.03588	0.62506	0.06683	0.08441	0.01829	0.01055	0.00281	0.00422	0.01618	0.00985	0.00844
82	0.02214	0.02126	0.03631	0.05491	0.62978	0.02126	0.02746	0.02746	0.02037	0.02923	0.01683	0.02214	0.01417	0.00797	0.00886	0.00266	0.01063	0.00797	0.00443	0.01417
83	0.01597	0.00983	0.01297	0.01189	0.01452	0.00897	0.00902	0.01997	0.02497	0.10931	0.52478	0.09161	0.07553	0.01786	0.01040	0.00285	0.00469	0.01574	0.00993	0.00922
84	0.02567	0.33326	0.17874	0.01933	0.02813	0.02961	0.01997	0.20566	0.02578	0.03375	0.01610	0.01763	0.01261	0.00881	0.00738	0.00237	0.01051	0.00623	0.00541	0.01305
85	0.07664	0.01884	0.01938	0.01638	0.02053	0.06043	0.01309	0.23178	0.05208	0.03922	0.05250	0.02684	0.02039	0.01490	0.04182	0.03622	0.07013	0.00828	0.16935	0.01122
86	0.01732	0.01042	0.01363	0.01311	0.01600	0.00919	0.00971	0.02009	0.02039	0.13096	0.14687	0.35046	0.05141	0.02058	0.01030	0.00307	0.00574	0.04282	0.00868	0.09924

[dist]
# distance from previous block
# <min> <max>
7	18

[block]
# block no. 1 follows, 19 sequences, length 8
# corresponding to MSA columns:
# 130-137
name=unknown_B
#
# <colnr> <probs for GDERKNQSTAVLIFYWHMCP>
#	G	D	E	R	K	N	Q	S	T	A	V	L	I	F	Y	W	H	M	C	P
0	0.03156	0.02773	0.02692	0.02778	0.15597	0.22038	0.01849	0.16602	0.06688	0.13828	0.02142	0.02226	0.01581	0.00981	0.00867	0.00260	0.01144	0.00761	0.00698	0.01339
1	0.21378	0.01510	0.01647	0.05811	0.04820	0.01578	0.01175	0.05360	0.07040	0.09392	0.02252	0.02457	0.01703	0.00940	0.00704	0.00243	0.00686	0.00720	0.20321	0.10263
2	0.02381	0.02018	0.02852	0.31887	0.20597	0.07391	0.02291	0.06654	0.02180	0.10389	0.01879	0.02340	0.01401	0.00909	0.00885	0.00279	0.01125	0.00791	0.00538	0.01215
3	0.02214	0.02126	0.03631	0.05491	0.62978	0.02126	0.02746	0.02746	0.02037	0.02923	0.01683	0.02214	0.01417	0.00797	0.00886	0.00266	0.01063	0.00797	0.00443	0.01417
4	0.01709	0.01595	0.02675	0.53695	0.12933	0.01907	0.02389	0.02263	0.01814	0.02366	0.01861	0.07446	0.01587	0.01030	0.00913	0.00299	0.01124	0.00931	0.00437	0.01026
5	0.12564	0.02452	0.02915	0.14397	0.03595	0.14900	0.14278	0.08725	0.07326	0.03136	0.01779	0.02127	0.01363	0.00891	0.00850	0.00269	0.01179	0.00766	0.00547	0.05940
6	0.01690	0.01590	0.02683	0.66408	0.06162	0.01988	0.02485	0.02286	0.01789	0.02286	0.01590	0.02385	0.01193	0.00894	0.00894	0.00298	0.01193	0.00795	0.00398	0.00994
7	0.06310	0.26958	0.08457	0.01916	0.05643	0.02505	0.01684	0.02655	0.01808	0.07249	0.01529	0.01809	0.01272	0.00921	0.01055	0.00237	0.12076	0.00605	0.00480	0.14831

[dist]
# distance from previous block
# <min> <max>
9	20

[block]
# block no. 2 follows, 19 sequences, length 9
# corresponding to MSA columns:
# 158-166
name=unknown_C
#
# <colnr> <probs for GDERKNQSTAVLIFYWHMCP>
#	G	D	E	R	K	N	Q	S	T	A	V	L	I	F	Y	W	H	M	C	P
0	0.02433	0.02196	0.03457	0.04859	0.51890	0.02245	0.02553	0.13290	0.02437	0.03423	0.01768	0.02202	0.01436	0.00848	0.00887	0.00266	0.01048	0.00799	0.00526	0.01436
1	0.02166	0.02220	0.06834	0.07858	0.50329	0.02127	0.02621	0.02946	0.08434	0.02976	0.01886	0.02326	0.01532	0.00850	0.00887	0.00272	0.01045	0.00812	0.00488	0.01391
2	0.02529	0.02435	0.03202	0.11172	0.37362	0.11032	0.02385	0.13163	0.02472	0.03241	0.01715	0.02137	0.01374	0.00875	0.00877	0.00265	0.01140	0.00767	0.00522	0.01336
3	0.02102	0.02011	0.03428	0.18563	0.50786	0.02096	0.02690	0.02647	0.01984	0.02786	0.01663	0.02251	0.01369	0.00818	0.00888	0.00273	0.01091	0.00797	0.00433	0.01326
4	0.02180	0.01975	0.03137	0.28265	0.32854	0.02164	0.02500	0.10591	0.02246	0.03060	0.01713	0.02270	0.01346	0.00873	0.00890	0.00278	0.01101	0.00798	0.00489	0.01270
5	0.02023	0.02492	0.15967	0.13234	0.26048	0.02114	0.02522	0.06349	0.02071	0.02946	0.06154	0.02469	0.01824	0.01008	0.01133	0.00290	0.08796	0.00828	0.00486	0.01245
6	0.02146	0.02372	0.12581	0.09008	0.32948	0.01980	0.10560	0.02770	0.02077	0.06931	0.06224	0.02586	0.01912	0.00902	0.00918	0.00278	0.01108	0.00879	0.00514	0.01306
7	0.07925	0.02443	0.09183	0.08783	0.16208	0.08893	0.02023	0.10907	0.06592	0.05741	0.02029	0.04597	0.01635	0.01037	0.00966	0.00279	0.04775	0.00820	0.03928	0.01234
8	0.02506	0.04772	0.07834	0.04335	0.07021	0.04153	0.14222	0.15472	0.08961	0.08132	0.04897	0.02532	0.01892	0.00985	0.00961	0.00272	0.02911	0.00874	0.00666	0.06599

[dist]
# distance from previous block
# <min> <max>
4	20

[block]
# block no. 3 follows, 19 sequences, length 10
# corresponding to MSA columns:
# 187-196
name=unknown_D
#
# <colnr> <probs for GDERKNQSTAVLIFYWHMCP>
#	G	D	E	R	K	N	Q	S	T	A	V	L	I	F	Y	W	H	M	C	P
0	0.02424	0.10679	0.15519	0.02032	0.02714	0.16020	0.05508	0.10358	0.02339	0.05939	0.02517	0.06691	0.06067	0.05978	0.01129	0.00308	0.01139	0.00925	0.00579	0.01135
1	0.07744	0.02194	0.07828	0.09889	0.15014	0.04742	0.06086	0.05899	0.07601	0.06812	0.04952	0.02457	0.01825	0.00951	0.00922	0.00266	0.03244	0.00805	0.00586	0.10185
2	0.05957	0.17994	0.06714	0.02139	0.05666	0.21021	0.01751	0.07950	0.06460	0.05881	0.01697	0.01891	0.01360	0.00961	0.00944	0.00250	0.06679	0.00649	0.00539	0.03498
3	0.02091	0.02831	0.22505	0.03492	0.27196	0.02063	0.02531	0.07264	0.09111	0.03252	0.07039	0.02612	0.02078	0.00970	0.00892	0.00277	0.01045	0.00848	0.00556	0.01346
4	0.02323	0.06156	0.16350	0.02686	0.11565	0.08641	0.06508	0.03288	0.13660	0.07989	0.02366	0.02929	0.01904	0.01089	0.01000	0.00290	0.04329	0.05054	0.00602	0.01269
5	0.02248	0.06932	0.05345	0.01839	0.04955	0.01824	0.01491	0.09700	0.07441	0.09232	0.04869	0.07843	0.02397	0.01224	0.01027	0.00259	0.06353	0.04314	0.00691	0.20016
6	0.02446	0.02287	0.08147	0.03430	0.20500	0.02029	0.18586	0.07201	0.06052	0.11150	0.02108	0.02393	0.01568	0.00865	0.00917	0.00270	0.01108	0.00866	0.00598	0.07480
7	0.17642	0.02061	0.05792	0.03256	0.28586	0.02019	0.01959	0.07021	0.08763	0.05897	0.02475	0.02677	0.06134	0.00998	0.00831	0.00277	0.00894	0.00835	0.00605	0.01279
8	0.02185	0.02147	0.06215	0.09262	0.43980	0.02087	0.02517	0.06869	0.05218	0.03090	0.02023	0.02823	0.01726	0.00967	0.00911	0.00282	0.01045	0.04787	0.00520	0.01346
9	0.02141	0.06295	0.02552	0.02782	0.19521	0.10044	0.01749	0.06483	0.02115	0.02804	0.02413	0.13208	0.02392	0.01343	0.01059	0.00280	0.06296	0.05264	0.04213	0.07046

[dist]
# distance from previous block
# <min> <max>
13	29

[block]
# block no. 4 follows, 19 sequences, length 8
# corresponding to MSA columns:
# 227-234
name=unknown_E
#
# <colnr> <probs for GDERKNQSTAVLIFYWHMCP>
#	G	D	E	R	K	N	Q	S	T	A	V	L	I	F	Y	W	H	M	C	P
0	0.02583	0.01533	0.02286	0.08341	0.07020	0.01500	0.06492	0.03252	0.09207	0.25905	0.12353	0.09516	0.03354	0.01316	0.00960	0.00292	0.00809	0.01173	0.00865	0.01244
1	0.07546	0.06775	0.05047	0.01858	0.06519	0.01747	0.01448	0.10625	0.05068	0.21401	0.07595	0.09162	0.02671	0.01217	0.00865	0.00266	0.00786	0.01003	0.00812	0.07590
2	0.02828	0.02447	0.13630	0.01867	0.02649	0.01982	0.01739	0.25551	0.02886	0.15514	0.02277	0.02502	0.01681	0.05991	0.01124	0.00296	0.00946	0.00791	0.00758	0.12539
3	0.02406	0.14089	0.10907	0.07549	0.13884	0.10109	0.07313	0.09855	0.05758	0.03007	0.01732	0.02034	0.01366	0.00867	0.00824	0.00251	0.01140	0.00719	0.00512	0.05680
4	0.07317	0.06408	0.08841	0.11163	0.17073	0.05027	0.02090	0.13593	0.02359	0.06753	0.01755	0.02076	0.01348	0.00920	0.00928	0.00264	0.04339	0.00721	0.00562	0.06461
5	0.02568	0.05887	0.03140	0.03416	0.26884	0.08445	0.05511	0.11257	0.07547	0.06718	0.01970	0.02225	0.01538	0.00886	0.00854	0.00252	0.01041	0.00773	0.00594	0.08494
6	0.02075	0.06863	0.08405	0.05160	0.10948	0.01949	0.01713	0.11982	0.12468	0.03506	0.14803	0.03588	0.06729	0.01211	0.00899	0.00269	0.00827	0.01017	0.00720	0.04869
7	0.10636	0.01972	0.06961	0.07632	0.07112	0.01748	0.05490	0.07055	0.06540	0.12614	0.02216	0.05188	0.01729	0.00967	0.00820	0.00251	0.00882	0.00815	0.00656	0.18718

[dist]
# distance from previous block
# <min> <max>
58	182

[block]
# block no. 5 follows, 19 sequences, length 6
# corresponding to MSA columns:
# 485-490
name=unknown_F
#
# <colnr> <probs for GDERKNQSTAVLIFYWHMCP>
#	G	D	E	R	K	N	Q	S	T	A	V	L	I	F	Y	W	H	M	C	P
0	0.12751	0.12990	0.11980	0.02008	0.02819	0.02539	0.06214	0.26441	0.02802	0.04055	0.01739	0.01903	0.01304	0.00907	0.00788	0.00253	0.01008	0.00689	0.00633	0.06175
1	0.02501	0.06311	0.02304	0.01816	0.02356	0.02321	0.01451	0.22850	0.31329	0.04107	0.03133	0.10309	0.02590	0.01322	0.00910	0.00291	0.00795	0.01085	0.00862	0.01354
2	0.08245	0.24335	0.18189	0.01876	0.02741	0.02589	0.01930	0.15301	0.02431	0.11749	0.01846	0.01926	0.01360	0.00905	0.00755	0.00249	0.01005	0.00653	0.00606	0.01310
3	0.03114	0.02126	0.02374	0.01916	0.02544	0.02301	0.01582	0.38685	0.10791	0.13126	0.02825	0.03341	0.02188	0.01258	0.00937	0.00291	0.00901	0.07355	0.00918	0.01428
4	0.02876	0.17661	0.02989	0.01798	0.02540	0.02651	0.01540	0.35852	0.03211	0.04309	0.01834	0.01928	0.01398	0.00925	0.00777	0.00225	0.00917	0.00678	0.00708	0.15184
5	0.03050	0.10096	0.02792	0.01886	0.02620	0.02624	0.01584	0.44615	0.03574	0.04817	0.01959	0.02021	0.01448	0.00976	0.00823	0.00239	0.00933	0.00726	0.00780	0.12438

[dist]
# distance from previous block
# <min> <max>
20	73

[block]
# block no. 6 follows, 19 sequences, length 9
# corresponding to MSA columns:
# 575-583
name=unknown_G
#
# <colnr> <probs for GDERKNQSTAVLIFYWHMCP>
#	G	D	E	R	K	N	Q	S	T	A	V	L	I	F	Y	W	H	M	C	P
0	0.02667	0.01768	0.02335	0.02166	0.09435	0.01749	0.04440	0.15706	0.08003	0.18190	0.08788	0.06906	0.05693	0.01242	0.00924	0.00273	0.00810	0.01066	0.00845	0.06997
1	0.09995	0.13467	0.02754	0.08140	0.05775	0.04513	0.04242	0.10115	0.05189	0.14127	0.02214	0.05164	0.01742	0.01058	0.00912	0.00270	0.04259	0.00823	0.04030	0.01213
2	0.06763	0.19901	0.09999	0.05466	0.09456	0.05606	0.04195	0.06891	0.02100	0.08664	0.01693	0.01941	0.01324	0.00884	0.00874	0.00245	0.04559	0.00663	0.00527	0.08249
3	0.09730	0.02135	0.02815	0.03112	0.22613	0.07075	0.07328	0.03206	0.12953	0.06734	0.02083	0.02311	0.01620	0.00882	0.00834	0.00255	0.00970	0.00778	0.00595	0.11970
4	0.05849	0.08612	0.06602	0.01791	0.06213	0.01663	0.01442	0.07280	0.02343	0.19487	0.13715	0.06123	0.03087	0.01173	0.00854	0.00253	0.00767	0.00968	0.00782	0.10996
5	0.07041	0.08127	0.02532	0.02068	0.08482	0.01755	0.05554	0.08172	0.02337	0.23512	0.03187	0.06315	0.07011	0.01210	0.00882	0.00272	0.00840	0.03797	0.00784	0.06122
6	0.02423	0.08856	0.15778	0.05093	0.10878	0.02054	0.06740	0.06544	0.07861	0.12609	0.02126	0.02283	0.01564	0.00893	0.00839	0.00255	0.01010	0.00762	0.00610	0.10820
7	0.06350	0.02287	0.08352	0.01738	0.02434	0.06928	0.01509	0.16836	0.05832	0.07180	0.02245	0.08387	0.01893	0.01076	0.00819	0.00237	0.00883	0.00855	0.00685	0.23475
8	0.08690	0.02034	0.02486	0.10876	0.03075	0.02229	0.05066	0.28920	0.08671	0.10242	0.02456	0.07013	0.01918	0.01150	0.00896	0.00286	0.00939	0.00945	0.00790	0.01318

[dist]
# distance from previous block
# <min> <max>
0	1

[block]
# block no. 7 follows, 19 sequences, length 19
# corresponding to MSA columns:
# 585-603
name=unknown_H
#
# <colnr> <probs for GDERKNQSTAVLIFYWHMCP>
#	G	D	E	R	K	N	Q	S	T	A	V	L	I	F	Y	W	H	M	C	P
0	0.02733	0.10228	0.06736	0.03998	0.02830	0.05372	0.04686	0.25948	0.05832	0.06546	0.01952	0.02090	0.01465	0.00952	0.00887	0.00245	0.03083	0.00729	0.00679	0.13007
1	0.09751	0.33153	0.07120	0.12069	0.03057	0.02883	0.01770	0.15110	0.02308	0.03139	0.01518	0.01772	0.01218	0.00865	0.00710	0.00239	0.00996	0.00612	0.00514	0.01197
2	0.06620	0.05552	0.06102	0.01985	0.02582	0.02603	0.01719	0.38098	0.03219	0.04522	0.01920	0.02108	0.01446	0.01111	0.01170	0.00282	0.11519	0.00763	0.05346	0.01333
3	0.02388	0.03325	0.32139	0.12582	0.03818	0.02229	0.02577	0.20039	0.02609	0.07064	0.01876	0.02112	0.01321	0.00939	0.00873	0.00281	0.01168	0.00740	0.00578	0.01341
4	0.02495	0.06637	0.35358	0.02338	0.03338	0.12402	0.02553	0.18167	0.02607	0.03447	0.01700	0.01895	0.01240	0.00918	0.00844	0.00267	0.01264	0.00678	0.00529	0.01322
5	0.02121	0.11711	0.47288	0.02354	0.03515	0.02358	0.02844	0.11977	0.02252	0.03199	0.01651	0.01878	0.01197	0.00876	0.00825	0.00270	0.01226	0.00663	0.00461	0.01334
6	0.01677	0.01375	0.01425	0.01282	0.01693	0.01386	0.00997	0.11419	0.14792	0.03210	0.06821	0.06472	0.40300	0.01855	0.01001	0.00297	0.00592	0.01531	0.00858	0.01016
7	0.01968	0.06248	0.30108	0.06967	0.07226	0.02217	0.26756	0.02803	0.01980	0.02786	0.01678	0.02134	0.01245	0.00806	0.00928	0.00287	0.01363	0.00833	0.00414	0.01251
8	0.01102	0.00784	0.01035	0.01230	0.01279	0.00735	0.00814	0.01249	0.01690	0.02253	0.04812	0.64464	0.05767	0.06519	0.01335	0.00392	0.00539	0.02473	0.00814	0.00716
9	0.01254	0.00914	0.01179	0.01113	0.01329	0.00839	0.00835	0.01665	0.02504	0.03520	0.59437	0.06793	0.11552	0.01854	0.01055	0.00283	0.00424	0.01633	0.00976	0.00839
10	0.01057	0.00906	0.00906	0.00906	0.01208	0.00755	0.00680	0.01284	0.02039	0.02417	0.09063	0.08610	0.62615	0.02266	0.01057	0.00302	0.00453	0.01888	0.00831	0.00755
11	0.13644	0.01842	0.02869	0.29908	0.29744	0.02050	0.02353	0.02538	0.01852	0.02835	0.01575	0.02163	0.01253	0.00843	0.00836	0.00281	0.01057	0.00746	0.00442	0.01171
12	0.01964	0.01881	0.03013	0.27270	0.26004	0.02212	0.02418	0.02539	0.04516	0.02557	0.01628	0.02274	0.01341	0.01018	0.01333	0.00307	0.15320	0.00803	0.00436	0.01165
13	0.01896	0.01722	0.02404	0.01717	0.02530	0.01364	0.10463	0.02351	0.01896	0.02907	0.01625	0.01945	0.01330	0.00677	0.00726	0.00160	0.00798	0.00614	0.00518	0.62357
14	0.02131	0.02376	0.05673	0.02360	0.02937	0.14971	0.19985	0.05839	0.02332	0.02956	0.13919	0.10734	0.03230	0.01258	0.00973	0.00278	0.01117	0.01178	0.00629	0.05125
15	0.01825	0.01782	0.03100	0.02303	0.03012	0.01545	0.24808	0.02325	0.01934	0.02785	0.02265	0.13667	0.02143	0.01075	0.00906	0.00242	0.00980	0.01096	0.00551	0.31658
16	0.06427	0.02478	0.03458	0.02806	0.03418	0.04955	0.20394	0.02933	0.02460	0.03563	0.06304	0.11181	0.03104	0.01730	0.01412	0.00440	0.05210	0.01322	0.00865	0.15540
17	0.09381	0.01615	0.02168	0.01779	0.02286	0.04193	0.10482	0.05062	0.02126	0.07955	0.10031	0.16404	0.03375	0.01436	0.00928	0.00277	0.00817	0.04338	0.00713	0.14634
18	0.15301	0.01637	0.02241	0.07354	0.02633	0.01778	0.09329	0.11395	0.02221	0.03351	0.06497	0.14449	0.03047	0.01539	0.01077	0.00322	0.04811	0.09310	0.00684	0.01023

[dist]
# distance from previous block
# <min> <max>
31	81

[block]
# block no. 8 follows, 19 sequences, length 20
# corresponding to MSA columns:
# 751-770
name=unknown_I
#
# <colnr> <probs for GDERKNQSTAVLIFYWHMCP>
#	G	D	E	R	K	N	Q	S	T	A	V	L	I	F	Y	W	H	M	C	P
0	0.10001	0.03039	0.31223	0.08783	0.12497	0.01941	0.02512	0.02545	0.01865	0.02908	0.05498	0.06280	0.01907	0.01057	0.00955	0.00291	0.04183	0.00855	0.00475	0.01184
1	0.02043	0.06418	0.08592	0.04813	0.02919	0.01786	0.10724	0.02863	0.10424	0.04996	0.01963	0.02196	0.01526	0.00806	0.00791	0.00214	0.00912	0.00716	0.00562	0.34737
2	0.02746	0.08219	0.03452	0.10518	0.03593	0.02600	0.15537	0.32018	0.05366	0.04175	0.01974	0.02223	0.01454	0.00954	0.00905	0.00275	0.01122	0.00843	0.00683	0.01343
3	0.01782	0.01585	0.02239	0.06462	0.11257	0.01822	0.01654	0.02452	0.10189	0.02564	0.02077	0.02720	0.01800	0.02942	0.22285	0.00668	0.14872	0.00848	0.00518	0.09265
4	0.05943	0.02010	0.03787	0.06789	0.03663	0.02077	0.33740	0.04402	0.01940	0.02762	0.02055	0.08788	0.01866	0.05465	0.01502	0.00354	0.10161	0.01121	0.00503	0.01071
5	0.06779	0.06079	0.08140	0.02069	0.06135	0.10496	0.01673	0.03638	0.26247	0.06499	0.05281	0.03396	0.02512	0.01196	0.00883	0.00289	0.00925	0.05797	0.00725	0.01244
6	0.02405	0.51672	0.13756	0.01778	0.02597	0.10219	0.01832	0.02804	0.01910	0.02229	0.01316	0.01526	0.01146	0.00796	0.00644	0.00210	0.01088	0.00518	0.00391	0.01163
7	0.02951	0.02207	0.02376	0.01887	0.02507	0.02424	0.01535	0.45950	0.09371	0.05035	0.06114	0.05100	0.05914	0.01259	0.00923	0.00278	0.00879	0.00994	0.00895	0.01401
8	0.01353	0.01141	0.01816	0.01644	0.01929	0.01033	0.10189	0.01655	0.01864	0.02562	0.09138	0.44745	0.04901	0.02152	0.01067	0.00320	0.00683	0.02000	0.00750	0.09058
9	0.02459	0.02123	0.02149	0.01880	0.02416	0.05285	0.01475	0.13213	0.49762	0.03961	0.03304	0.03073	0.02470	0.01178	0.00903	0.00295	0.00794	0.00959	0.00887	0.01414
10	0.03235	0.11556	0.02777	0.02218	0.02713	0.58058	0.01706	0.03472	0.02455	0.02180	0.01367	0.01593	0.01152	0.00904	0.00781	0.00226	0.01540	0.00565	0.00452	0.01050
11	0.01923	0.01877	0.06979	0.17708	0.10027	0.05507	0.01928	0.02668	0.08790	0.05681	0.09303	0.04727	0.03167	0.01406	0.00986	0.00314	0.00967	0.14295	0.00662	0.01086
12	0.03286	0.02309	0.02533	0.01931	0.02654	0.02457	0.01592	0.48173	0.03784	0.10882	0.02217	0.02201	0.01566	0.01031	0.00869	0.00254	0.00927	0.00784	0.00874	0.09677
13	0.01761	0.00997	0.01305	0.01234	0.01493	0.00903	0.00913	0.02067	0.02236	0.15134	0.29690	0.22593	0.09075	0.04933	0.01203	0.00330	0.00538	0.01724	0.00940	0.00931
14	0.01191	0.00886	0.01109	0.01108	0.01304	0.00804	0.00810	0.01523	0.02274	0.03104	0.40797	0.19348	0.18229	0.02107	0.01073	0.00302	0.00447	0.01855	0.00925	0.00804
15	0.01253	0.00911	0.01117	0.01239	0.01345	0.00832	0.00832	0.01387	0.01853	0.02462	0.10388	0.46579	0.13569	0.09826	0.01535	0.00422	0.00582	0.02237	0.00846	0.00785
16	0.02129	0.02688	0.10634	0.07610	0.04577	0.06065	0.47005	0.02868	0.02095	0.02784	0.01750	0.02312	0.01313	0.00783	0.01010	0.00295	0.01476	0.00971	0.00442	0.01194
17	0.03289	0.03985	0.02606	0.02446	0.05875	0.55768	0.01778	0.08932	0.02670	0.02558	0.01472	0.01696	0.01201	0.00930	0.00819	0.00236	0.01525	0.00610	0.00502	0.01103
18	0.23085	0.02096	0.10853	0.07693	0.05501	0.01675	0.01570	0.02473	0.01766	0.03165	0.01497	0.01809	0.01186	0.00766	0.00690	0.00218	0.00835	0.00573	0.00498	0.32051
19	0.02484	0.01783	0.07331	0.01544	0.02255	0.01352	0.01344	0.03091	0.07171	0.22012	0.05895	0.06288	0.02351	0.01048	0.00823	0.00227	0.00734	0.00870	0.00772	0.30626

[dist]
# distance from previous block
# <min> <max>
3	7

[block]
# block no. 9 follows, 19 sequences, length 61
# corresponding to MSA columns:
# 778-838
name=unknown_J
#
# <colnr> <probs for GDERKNQSTAVLIFYWHMCP>
#	G	D	E	R	K	N	Q	S	T	A	V	L	I	F	Y	W	H	M	C	P
0	0.01947	0.01905	0.03374	0.32042	0.25639	0.02038	0.11346	0.02535	0.01929	0.02631	0.01657	0.02302	0.01304	0.00827	0.00904	0.00279	0.01169	0.00822	0.00429	0.04922
1	0.02392	0.69097	0.04688	0.01531	0.02296	0.03540	0.01531	0.02679	0.01818	0.02105	0.01244	0.01435	0.01148	0.00765	0.00574	0.00191	0.00957	0.00478	0.00383	0.01148
2	0.01278	0.00959	0.01438	0.01438	0.01598	0.01118	0.01118	0.01598	0.01438	0.02077	0.02396	0.03515	0.02237	0.06710	0.65013	0.01438	0.02396	0.00959	0.00479	0.00799
3	0.07627	0.02555	0.02510	0.01979	0.02651	0.10227	0.01613	0.42719	0.03638	0.12381	0.02174	0.02154	0.01531	0.01045	0.00865	0.00265	0.01017	0.00770	0.00848	0.01430
4	0.08095	0.01964	0.02077	0.01712	0.02297	0.02143	0.01375	0.24670	0.22280	0.07483	0.03065	0.02967	0.05570	0.01149	0.00856	0.00272	0.00779	0.00904	0.04933	0.05409
5	0.01342	0.00958	0.01327	0.01533	0.01695	0.00943	0.01268	0.01681	0.01961	0.02565	0.04792	0.26566	0.05367	0.02566	0.01209	0.00398	0.00737	0.41470	0.00826	0.00796
6	0.01855	0.01590	0.01855	0.01325	0.02120	0.01193	0.01060	0.02253	0.01855	0.02915	0.01590	0.01855	0.01325	0.00663	0.00663	0.00133	0.00663	0.00530	0.00530	0.74028
7	0.01090	0.00779	0.01038	0.01246	0.01298	0.00727	0.00830	0.01246	0.01713	0.02284	0.04931	0.67975	0.05917	0.02803	0.01142	0.00363	0.00519	0.02543	0.00830	0.00727
8	0.01090	0.00779	0.01038	0.01246	0.01298	0.00727	0.00830	0.01246	0.01713	0.02284	0.04931	0.67975	0.05917	0.02803	0.01142	0.00363	0.00519	0.02543	0.00830	0.00727
9	0.04014	0.01523	0.02076	0.01592	0.02284	0.01315	0.01315	0.04360	0.02561	0.63597	0.03530	0.03045	0.02215	0.01107	0.00900	0.00277	0.00761	0.00900	0.01107	0.01523
10	0.07182	0.01532	0.02042	0.01573	0.02259	0.01346	0.01299	0.04283	0.02514	0.60933	0.03427	0.02974	0.02159	0.01095	0.00884	0.00277	0.00758	0.00881	0.01083	0.01498
11	0.01855	0.01590	0.01855	0.01325	0.02120	0.01193	0.01060	0.02253	0.01855	0.02915	0.01590	0.01855	0.01325	0.00663	0.00663	0.00133	0.00663	0.00530	0.00530	0.74028
12	0.01963	0.01587	0.01866	0.01338	0.02128	0.01199	0.01073	0.02358	0.01890	0.05953	0.01687	0.01915	0.01370	0.00685	0.00674	0.00140	0.00668	0.00549	0.00559	0.70398
13	0.02629	0.02100	0.04119	0.02973	0.03809	0.01915	0.38850	0.03241	0.02219	0.19994	0.02278	0.02549	0.01597	0.00847	0.00982	0.00282	0.01234	0.00972	0.00643	0.06767
14	0.01691	0.01008	0.01332	0.01198	0.01483	0.00917	0.00917	0.02101	0.02537	0.12855	0.53398	0.06121	0.07480	0.01718	0.01031	0.00281	0.00474	0.01507	0.01004	0.00949
15	0.74878	0.01730	0.01315	0.01177	0.01730	0.02007	0.00969	0.02630	0.01523	0.04014	0.01246	0.01453	0.00969	0.00830	0.00554	0.00277	0.00692	0.00484	0.00554	0.00969
16	0.02112	0.02413	0.05279	0.03771	0.04676	0.02262	0.59729	0.02866	0.02112	0.02866	0.01810	0.02413	0.01357	0.00754	0.01056	0.00302	0.01508	0.01056	0.00452	0.01207
17	0.02151	0.02002	0.03204	0.18084	0.41323	0.02134	0.02495	0.05227	0.08837	0.02990	0.01905	0.02377	0.01523	0.00877	0.00891	0.00277	0.01047	0.00821	0.00505	0.01330
18	0.01057	0.00906	0.00906	0.00906	0.01208	0.00755	0.00680	0.01284	0.02039	0.02417	0.09063	0.08610	0.62615	0.02266	0.01057	0.00302	0.00453	0.01888	0.00831	0.00755
19	0.03871	0.01491	0.02030	0.01567	0.02234	0.01290	0.01290	0.04221	0.02559	0.60470	0.06603	0.03235	0.02539	0.01145	0.00908	0.00277	0.00744	0.00937	0.01101	0.01487
20	0.01301	0.00867	0.00976	0.00976	0.00976	0.00867	0.00542	0.01301	0.01301	0.01735	0.02819	0.05855	0.03253	0.68559	0.04554	0.00867	0.00867	0.01301	0.00542	0.00542
21	0.02214	0.02126	0.03631	0.05491	0.62978	0.02126	0.02746	0.02746	0.02037	0.02923	0.01683	0.02214	0.01417	0.00797	0.00886	0.00266	0.01063	0.00797	0.00443	0.01417
22	0.01090	0.00779	0.01038	0.01246	0.01298	0.00727	0.00830	0.01246	0.01713	0.02284	0.04931	0.67975	0.05917	0.02803	0.01142	0.00363	0.00519	0.02543	0.00830	0.00727
23	0.01090	0.00779	0.01038	0.01246	0.01298	0.00727	0.00830	0.01246	0.01713	0.02284	0.04931	0.67975	0.05917	0.02803	0.01142	0.00363	0.00519	0.02543	0.00830	0.00727
24	0.01794	0.04628	0.63923	0.02550	0.03872	0.02078	0.03305	0.02833	0.01889	0.02833	0.01606	0.01889	0.01133	0.00850	0.00850	0.00283	0.01322	0.00661	0.00378	0.01322
25	0.01090	0.00779	0.01038	0.01246	0.01298	0.00727	0.00830	0.01246	0.01713	0.02284	0.04931	0.67975	0.05917	0.02803	0.01142	0.00363	0.00519	0.02543	0.00830	0.00727
26	0.06298	0.01911	0.01983	0.01785	0.02293	0.02213	0.01391	0.04635	0.58007	0.03758	0.03507	0.03232	0.02632	0.01192	0.00890	0.00302	0.00707	0.00982	0.00890	0.01391
27	0.01794	0.04628	0.63923	0.02550	0.03872	0.02078	0.03305	0.02833	0.01889	0.02833	0.01606	0.01889	0.01133	0.00850	0.00850	0.00283	0.01322	0.00661	0.00378	0.01322
28	0.03350	0.04038	0.02554	0.02273	0.02767	0.56986	0.01725	0.10812	0.02750	0.02632	0.01481	0.01682	0.01200	0.00941	0.00818	0.00235	0.01533	0.00606	0.00517	0.01099
29	0.01278	0.00959	0.01438	0.01438	0.01598	0.01118	0.01118	0.01598	0.01438	0.02077	0.02396	0.03515	0.02237	0.06710	0.65013	0.01438	0.02396	0.00959	0.00479	0.00799
30	0.02287	0.01953	0.02058	0.01833	0.02350	0.02254	0.01431	0.07671	0.58343	0.03843	0.03562	0.03275	0.02667	0.01206	0.00910	0.00302	0.00723	0.01001	0.00910	0.01422
31	0.01855	0.01590	0.01855	0.01325	0.02120	0.01193	0.01060	0.02253	0.01855	0.02915	0.01590	0.01855	0.01325	0.00663	0.00663	0.00133	0.00663	0.00530	0.00530	0.74028
32	0.01794	0.04628	0.63923	0.02550	0.03872	0.02078	0.03305	0.02833	0.01889	0.02833	0.01606	0.01889	0.01133	0.00850	0.00850	0.00283	0.01322	0.00661	0.00378	0.01322
33	0.01243	0.00914	0.01163	0.01101	0.01322	0.00834	0.00826	0.01643	0.02477	0.03457	0.56527	0.06898	0.14502	0.01878	0.01055	0.00284	0.00426	0.01648	0.00968	0.00834
34	0.03401	0.02506	0.02685	0.02058	0.02774	0.02774	0.01700	0.59995	0.04206	0.05638	0.02148	0.02148	0.01521	0.01074	0.00895	0.00268	0.00984	0.00805	0.00895	0.01521
35	0.02073	0.34706	0.36287	0.02074	0.03137	0.02760	0.02477	0.02761	0.01856	0.02493	0.01437	0.01677	0.01140	0.00811	0.00721	0.00240	0.01152	0.00576	0.00380	0.01241
36	0.01278	0.00959	0.01438	0.01438	0.01598	0.01118	0.01118	0.01598	0.01438	0.02077	0.02396	0.03515	0.02237	0.06710	0.65013	0.01438	0.02396	0.00959	0.00479	0.00799
37	0.02214	0.02126	0.03631	0.05491	0.62978	0.02126	0.02746	0.02746	0.02037	0.02923	0.01683	0.02214	0.01417	0.00797	0.00886	0.00266	0.01063	0.00797	0.00443	0.01417
38	0.01794	0.04628	0.63923	0.02550	0.03872	0.02078	0.03305	0.02833	0.01889	0.02833	0.01606	0.01889	0.01133	0.00850	0.00850	0.00283	0.01322	0.00661	0.00378	0.01322
39	0.67695	0.01709	0.01392	0.01219	0.01786	0.01937	0.01004	0.02805	0.01628	0.10053	0.01477	0.01615	0.01095	0.00859	0.00589	0.00277	0.00699	0.00527	0.00610	0.01025
40	0.02124	0.02022	0.03378	0.15803	0.49783	0.02107	0.02626	0.02778	0.05306	0.02859	0.01776	0.02306	0.01452	0.00837	0.00889	0.00273	0.01065	0.00809	0.00461	0.01344
41	0.01080	0.00913	0.00937	0.00949	0.01246	0.00771	0.00724	0.01317	0.02040	0.02432	0.08812	0.08696	0.59273	0.02278	0.01068	0.00308	0.00475	0.05091	0.00830	0.00759
42	0.01247	0.00973	0.01141	0.01115	0.01362	0.00905	0.00829	0.01731	0.06694	0.03054	0.33418	0.13664	0.26493	0.02038	0.01054	0.00299	0.00465	0.01765	0.00909	0.00844
43	0.25073	0.02413	0.02215	0.05618	0.02630	0.11224	0.01508	0.28187	0.02923	0.07518	0.01805	0.01922	0.01318	0.00969	0.00779	0.00268	0.00985	0.00680	0.00711	0.01253
44	0.01301	0.00867	0.00976	0.00976	0.00976	0.00867	0.00542	0.01301	0.01301	0.01735	0.02819	0.05855	0.03253	0.68559	0.04554	0.00867	0.00867	0.01301	0.00542	0.00542
45	0.02617	0.53937	0.04200	0.01692	0.02406	0.13106	0.01575	0.07125	0.02110	0.02384	0.01334	0.01517	0.01177	0.00813	0.00635	0.00203	0.01062	0.00518	0.00433	0.01159
46	0.01992	0.01653	0.02249	0.01744	0.02301	0.01585	0.05516	0.02353	0.01796	0.07235	0.01868	0.05384	0.01634	0.01291	0.04287	0.00285	0.15040	0.00771	0.00551	0.40465
47	0.02213	0.01927	0.02086	0.01784	0.02291	0.05195	0.04395	0.13304	0.31242	0.03696	0.07636	0.04139	0.13446	0.01376	0.00945	0.00292	0.00782	0.01149	0.00851	0.01251
48	0.02345	0.02068	0.02085	0.01857	0.02373	0.05291	0.01447	0.07793	0.55312	0.03774	0.03448	0.03188	0.02587	0.01192	0.00904	0.00298	0.00767	0.00979	0.00888	0.01404
49	0.06337	0.02802	0.02996	0.06906	0.32851	0.23704	0.02214	0.03118	0.05620	0.02744	0.01667	0.02042	0.01369	0.00871	0.00843	0.00258	0.01218	0.00717	0.00480	0.01243
50	0.01896	0.01988	0.04056	0.03052	0.03721	0.01912	0.40678	0.02531	0.02116	0.02879	0.08719	0.04220	0.02777	0.01209	0.01166	0.00323	0.03987	0.11109	0.00573	0.01090
51	0.01142	0.00922	0.01024	0.01033	0.01306	0.00804	0.00798	0.01428	0.02139	0.02677	0.19133	0.08396	0.45471	0.02203	0.01077	0.00310	0.00489	0.08010	0.00860	0.00781
52	0.01806	0.04434	0.59488	0.02535	0.03762	0.02126	0.03208	0.02784	0.01851	0.02784	0.01574	0.01894	0.01136	0.00902	0.01001	0.00291	0.06078	0.00670	0.00379	0.01297
53	0.01100	0.00798	0.01040	0.01212	0.01294	0.00737	0.00820	0.01281	0.01797	0.02388	0.09415	0.59071	0.10360	0.02692	0.01129	0.00353	0.00507	0.02427	0.00842	0.00737
