[name]
unknown

[dist]
# distance from previous block
# <min> <max>
0	0

[block]
# block no. 0 follows, 23 sequences, length 22
# corresponding to MSA columns:
# 0-21
name=unknown_A
#
# <colnr> <probs for GDERKNQSTAVLIFYWHMCP>
#	G	D	E	R	K	N	Q	S	T	A	V	L	I	F	Y	W	H	M	C	P
0	0.01308	0.00934	0.01308	0.01494	0.01681	0.00934	0.01308	0.01681	0.01868	0.02428	0.04296	0.09153	0.04670	0.02242	0.01121	0.00374	0.00747	0.60960	0.00747	0.00747
1	0.03641	0.01381	0.01883	0.01444	0.02071	0.01193	0.01193	0.03954	0.02322	0.66984	0.03201	0.02762	0.02009	0.01004	0.00816	0.00251	0.00690	0.00816	0.01004	0.01381
2	0.03085	0.02273	0.02435	0.01867	0.02516	0.02516	0.01542	0.63716	0.03815	0.05114	0.01948	0.01948	0.01380	0.00974	0.00812	0.00244	0.00893	0.00731	0.00812	0.01380
3	0.02757	0.02021	0.02181	0.01718	0.02262	0.02221	0.01383	0.53314	0.03398	0.04554	0.02159	0.06265	0.01779	0.08752	0.01186	0.00308	0.00857	0.00870	0.00773	0.01242
4	0.03641	0.01381	0.01883	0.01444	0.02071	0.01193	0.01193	0.03954	0.02322	0.66984	0.03201	0.02762	0.02009	0.01004	0.00816	0.00251	0.00690	0.00816	0.01004	0.01381
5	0.02008	0.01928	0.03294	0.04981	0.66422	0.01928	0.02490	0.02490	0.01848	0.02651	0.01526	0.02008	0.01285	0.00723	0.00803	0.00241	0.00964	0.00723	0.00402	0.01285
6	0.01642	0.01554	0.02632	0.54679	0.19587	0.01832	0.02308	0.02169	0.01674	0.02206	0.01462	0.02128	0.01129	0.00791	0.00809	0.00264	0.01055	0.00722	0.00370	0.00990
7	0.01556	0.01467	0.02477	0.66261	0.08672	0.01809	0.02265	0.02094	0.01634	0.02102	0.01446	0.02155	0.01092	0.00807	0.00811	0.00269	0.01076	0.00721	0.00363	0.00921
8	0.03641	0.01381	0.01883	0.01444	0.02071	0.01193	0.01193	0.03954	0.02322	0.66984	0.03201	0.02762	0.02009	0.01004	0.00816	0.00251	0.00690	0.00816	0.01004	0.01381
9	0.01119	0.00828	0.01044	0.00990	0.01194	0.00753	0.00743	0.01475	0.02228	0.03090	0.57102	0.06330	0.16650	0.01720	0.00957	0.00258	0.00387	0.01505	0.00872	0.00753
10	0.68797	0.01862	0.08553	0.01206	0.01786	0.01827	0.01115	0.02406	0.01418	0.03521	0.01166	0.01362	0.00895	0.00755	0.00532	0.00252	0.00691	0.00457	0.00484	0.00914
11	0.01492	0.01064	0.01383	0.01525	0.05833	0.01069	0.01053	0.04836	0.08876	0.06245	0.09542	0.33439	0.04369	0.05921	0.01155	0.00334	0.00603	0.09650	0.00752	0.00859
12	0.60326	0.04494	0.05897	0.04999	0.02002	0.01922	0.01159	0.06303	0.01583	0.03510	0.01221	0.01431	0.00938	0.00769	0.00558	0.00249	0.00717	0.00484	0.00497	0.00940
13	0.01676	0.07877	0.41332	0.02556	0.11088	0.01862	0.08616	0.02409	0.01762	0.02537	0.04634	0.06591	0.01676	0.00910	0.00803	0.00256	0.01078	0.00794	0.00410	0.01133
14	0.02730	0.03653	0.09677	0.02284	0.06255	0.52553	0.01795	0.03035	0.02137	0.02087	0.01280	0.01544	0.01058	0.00862	0.00870	0.00226	0.06008	0.00555	0.00404	0.00986
15	0.01689	0.01464	0.01734	0.01261	0.01936	0.01171	0.01014	0.02037	0.01654	0.02600	0.01418	0.01689	0.01193	0.00653	0.00733	0.00135	0.05038	0.00495	0.00473	0.71613
16	0.08687	0.07825	0.36221	0.04630	0.06388	0.05356	0.09154	0.02577	0.01781	0.05151	0.03870	0.01922	0.01337	0.00799	0.00760	0.00250	0.01091	0.00661	0.00419	0.01120
17	0.01936	0.21172	0.41592	0.02096	0.03064	0.09816	0.04713	0.02612	0.01772	0.02337	0.01357	0.01599	0.01041	0.00756	0.00710	0.00231	0.01152	0.00563	0.00355	0.01126
18	0.06096	0.06005	0.06140	0.01829	0.02483	0.05480	0.01573	0.47801	0.07316	0.04484	0.01897	0.01921	0.01375	0.00940	0.00778	0.00241	0.00908	0.00697	0.00730	0.01304
19	0.08610	0.28064	0.30797	0.05701	0.02880	0.06776	0.02095	0.02520	0.01695	0.02361	0.01295	0.01540	0.01024	0.00749	0.00657	0.00224	0.01041	0.00528	0.00364	0.01080
20	0.05641	0.23323	0.15251	0.01814	0.02476	0.24686	0.01720	0.08118	0.02092	0.02485	0.04400	0.01720	0.01378	0.00830	0.00686	0.00215	0.01101	0.00572	0.00444	0.01047
21	0.02851	0.10077	0.08411	0.01879	0.02558	0.09375	0.01659	0.45391	0.03237	0.04218	0.01744	0.01807	0.01277	0.00912	0.00769	0.00234	0.00977	0.00665	0.00679	0.01282

[dist]
# distance from previous block
# <min> <max>
12	19

[block]
# block no. 1 follows, 23 sequences, length 69
# corresponding to MSA columns:
# 41-109
name=unknown_B
#
# <colnr> <probs for GDERKNQSTAVLIFYWHMCP>
#	G	D	E	R	K	N	Q	S	T	A	V	L	I	F	Y	W	H	M	C	P
0	0.03009	0.05319	0.05118	0.01847	0.02520	0.02467	0.01580	0.56157	0.03576	0.07399	0.01944	0.01944	0.01377	0.00955	0.00798	0.00241	0.00896	0.00716	0.00781	0.01358
1	0.04959	0.22340	0.37819	0.01942	0.02878	0.06573	0.02246	0.05125	0.01833	0.05274	0.01436	0.01624	0.01084	0.00772	0.00693	0.00230	0.01069	0.00558	0.00403	0.01142
2	0.01649	0.06880	0.64784	0.02276	0.03455	0.01937	0.02934	0.02564	0.01711	0.02544	0.01443	0.01697	0.01028	0.00768	0.00761	0.00254	0.01186	0.00593	0.00343	0.01193
3	0.01702	0.12020	0.57456	0.02249	0.03374	0.02046	0.05205	0.02555	0.01714	0.02494	0.01425	0.01684	0.01037	0.00759	0.00749	0.00248	0.01167	0.00594	0.00346	0.01177
4	0.00968	0.00822	0.00834	0.00831	0.01101	0.00689	0.00624	0.01182	0.01871	0.02242	0.10949	0.07726	0.63332	0.02036	0.00959	0.00273	0.00410	0.01701	0.00760	0.00689
5	0.02965	0.03758	0.02309	0.02092	0.02489	0.64791	0.01579	0.03173	0.02244	0.01984	0.01244	0.01480	0.01046	0.00867	0.00833	0.00217	0.05044	0.00532	0.00415	0.00938
6	0.01627	0.04197	0.67279	0.02313	0.03512	0.01884	0.02998	0.02570	0.01713	0.02570	0.01456	0.01713	0.01028	0.00771	0.00771	0.00257	0.01199	0.00600	0.00343	0.01199
7	0.01601	0.04008	0.63552	0.02240	0.03382	0.01821	0.02872	0.02511	0.01746	0.02608	0.05090	0.01958	0.01401	0.00821	0.00781	0.00257	0.01153	0.00648	0.00374	0.01175
8	0.01148	0.00829	0.01085	0.01021	0.01212	0.00766	0.00766	0.01531	0.02297	0.03254	0.65994	0.06061	0.07656	0.01659	0.00957	0.00255	0.00383	0.01467	0.00893	0.00766
9	0.01263	0.01024	0.01233	0.01300	0.04754	0.00995	0.00931	0.01860	0.11303	0.02739	0.24462	0.09053	0.26828	0.01760	0.00949	0.00278	0.00500	0.07143	0.00788	0.00835
10	0.01148	0.00829	0.01085	0.01021	0.01212	0.00766	0.00766	0.01531	0.02297	0.03254	0.65994	0.06061	0.07656	0.01659	0.00957	0.00255	0.00383	0.01467	0.00893	0.00766
11	0.02169	0.71972	0.04252	0.01388	0.02083	0.03211	0.01388	0.02430	0.01649	0.01909	0.01128	0.01302	0.01041	0.00694	0.00521	0.00174	0.00868	0.00434	0.00347	0.01041
12	0.01180	0.00787	0.00885	0.00885	0.00885	0.00787	0.00492	0.01180	0.01180	0.01573	0.02557	0.05310	0.02950	0.71483	0.04130	0.00787	0.00787	0.01180	0.00492	0.00492
13	0.01627	0.04197	0.67279	0.02313	0.03512	0.01884	0.02998	0.02570	0.01713	0.02570	0.01456	0.01713	0.01028	0.00771	0.00771	0.00257	0.01199	0.00600	0.00343	0.01199
14	0.06883	0.01389	0.01853	0.01427	0.02049	0.01220	0.01179	0.03885	0.02281	0.64192	0.03110	0.02698	0.01959	0.00993	0.00802	0.00251	0.00688	0.00799	0.00982	0.01359
15	0.01775	0.01775	0.02485	0.02130	0.02130	0.02485	0.01775	0.01953	0.01243	0.01953	0.01065	0.01775	0.01065	0.01420	0.02663	0.00355	0.69998	0.00710	0.00355	0.00888
16	0.02427	0.01744	0.01864	0.01621	0.02117	0.04417	0.01275	0.04188	0.48240	0.17825	0.03199	0.02906	0.02314	0.01069	0.00820	0.00267	0.00685	0.00879	0.00850	0.01293
17	0.00967	0.00822	0.00834	0.00831	0.01101	0.00689	0.00623	0.01181	0.01869	0.02239	0.10766	0.07732	0.63517	0.02038	0.00959	0.00273	0.00410	0.01702	0.00760	0.00689
18	0.02831	0.02055	0.02228	0.01770	0.02356	0.02265	0.01440	0.47160	0.13988	0.08154	0.02374	0.05613	0.01800	0.01075	0.00825	0.00254	0.00818	0.00846	0.00822	0.01328
19	0.02182	0.35640	0.06570	0.01611	0.02161	0.02562	0.01502	0.08030	0.01846	0.07075	0.04049	0.01803	0.01429	0.00929	0.01042	0.00227	0.14966	0.00599	0.00469	0.05308
20	0.02997	0.03511	0.02303	0.02034	0.02493	0.54427	0.01552	0.13419	0.05192	0.02569	0.01457	0.01610	0.01162	0.00870	0.00749	0.00218	0.01333	0.00574	0.00501	0.01029
21	0.02145	0.67558	0.04141	0.01435	0.02086	0.03165	0.01413	0.02400	0.01623	0.01912	0.01124	0.01331	0.01043	0.00740	0.00655	0.00185	0.05215	0.00451	0.00348	0.01032
22	0.01208	0.00854	0.01043	0.01024	0.01048	0.00917	0.00650	0.01267	0.01205	0.01647	0.02411	0.04757	0.02691	0.56543	0.15012	0.00852	0.04742	0.01102	0.00475	0.00553
23	0.05971	0.06235	0.02348	0.02009	0.02436	0.55738	0.01541	0.06916	0.02282	0.02246	0.01279	0.01496	0.01060	0.00863	0.00810	0.00218	0.04607	0.00538	0.00441	0.00967
24	0.77215	0.01569	0.01193	0.01067	0.01569	0.01820	0.00879	0.02385	0.01381	0.03641	0.01130	0.01318	0.00879	0.00753	0.00502	0.00251	0.00628	0.00439	0.00502	0.00879
25	0.01003	0.00828	0.00883	0.00880	0.01138	0.00708	0.00668	0.01242	0.01919	0.02366	0.16987	0.07594	0.54530	0.02001	0.00965	0.00275	0.00420	0.04116	0.00775	0.00700
26	0.01947	0.01866	0.03183	0.13256	0.58623	0.01912	0.02460	0.02437	0.01819	0.02577	0.01516	0.02028	0.01259	0.00734	0.00804	0.00245	0.00979	0.00723	0.00396	0.01236
27	0.02009	0.01911	0.03162	0.04680	0.60612	0.01936	0.02381	0.02655	0.07548	0.02718	0.01687	0.02100	0.01393	0.00757	0.00805	0.00244	0.00935	0.00741	0.00440	0.01285
28	0.00989	0.00706	0.00942	0.01130	0.01177	0.00659	0.00753	0.01130	0.01554	0.02071	0.04472	0.70954	0.05367	0.02542	0.01036	0.00330	0.00471	0.02307	0.00753	0.00659
29	0.01002	0.00715	0.00956	0.01145	0.01197	0.00670	0.00776	0.01152	0.01566	0.02086	0.04465	0.68450	0.05338	0.02530	0.01039	0.00331	0.00482	0.04683	0.00753	0.00663
30	0.01919	0.02178	0.04725	0.03486	0.06866	0.02047	0.60900	0.02595	0.01912	0.02601	0.01637	0.02181	0.01233	0.00686	0.00951	0.00272	0.01351	0.00948	0.00410	0.01102
31	0.01915	0.02189	0.04788	0.03420	0.04241	0.02052	0.63475	0.02599	0.01915	0.02599	0.01642	0.02189	0.01231	0.00684	0.00958	0.00274	0.01368	0.00958	0.00410	0.01094
32	0.01017	0.00728	0.00967	0.01111	0.01183	0.00678	0.00755	0.01201	0.01685	0.02280	0.15331	0.59500	0.05771	0.02386	0.01022	0.00316	0.00455	0.02159	0.00778	0.00678
33	0.01180	0.00787	0.00885	0.00885	0.00885	0.00787	0.00492	0.01180	0.01180	0.01573	0.02557	0.05310	0.02950	0.71483	0.04130	0.00787	0.00787	0.01180	0.00492	0.00492
34	0.00989	0.00706	0.00942	0.01130	0.01177	0.00659	0.00753	0.01130	0.01554	0.02071	0.04472	0.70954	0.05367	0.02542	0.01036	0.00330	0.00471	0.02307	0.00753	0.00659
35	0.02008	0.01928	0.03294	0.04981	0.66422	0.01928	0.02490	0.02490	0.01848	0.02651	0.01526	0.02008	0.01285	0.00723	0.00803	0.00241	0.00964	0.00723	0.00402	0.01285
36	0.03485	0.01440	0.01885	0.01453	0.02062	0.01304	0.01198	0.09798	0.02441	0.57813	0.03050	0.02693	0.01949	0.00999	0.00804	0.00247	0.00696	0.00805	0.04527	0.01351
37	0.01944	0.01902	0.02438	0.02064	0.02202	0.06641	0.04313	0.06068	0.04858	0.02317	0.01364	0.01919	0.01222	0.01279	0.02133	0.00321	0.50674	0.00723	0.04673	0.00944
38	0.01148	0.00829	0.01085	0.01021	0.01212	0.00766	0.00766	0.01531	0.02297	0.03254	0.65994	0.06061	0.07656	0.01659	0.00957	0.00255	0.00383	0.01467	0.00893	0.00766
39	0.02800	0.22094	0.02822	0.01903	0.02395	0.50826	0.01520	0.03023	0.02125	0.01965	0.01220	0.01420	0.01044	0.00798	0.00675	0.00200	0.01304	0.00499	0.00399	0.00968
40	0.01710	0.01449	0.01554	0.01419	0.01804	0.01604	0.01095	0.03364	0.44770	0.03189	0.14727	0.04265	0.12944	0.01340	0.00868	0.00272	0.00563	0.01131	0.00826	0.01106
41	0.03112	0.02228	0.02408	0.01846	0.02494	0.02450	0.01525	0.60741	0.03741	0.08194	0.02011	0.01989	0.01411	0.00976	0.00812	0.00244	0.00883	0.00735	0.00821	0.01380
42	0.01692	0.10212	0.58228	0.02289	0.03422	0.02013	0.06101	0.02559	0.01718	0.02512	0.01436	0.01702	0.01040	0.00759	0.00758	0.00250	0.01178	0.00604	0.00347	0.01179
43	0.01131	0.00808	0.01105	0.01293	0.01402	0.00782	0.01001	0.01376	0.01694	0.02231	0.04394	0.43372	0.05056	0.02408	0.01074	0.00349	0.00594	0.28484	0.00751	0.00698
44	0.02120	0.01720	0.01838	0.01638	0.02108	0.01966	0.01279	0.04289	0.61017	0.07393	0.03296	0.03011	0.02448	0.01095	0.00825	0.00274	0.00645	0.00911	0.00837	0.01290
45	0.02153	0.69100	0.04180	0.01419	0.02085	0.03181	0.01404	0.02410	0.01632	0.01911	0.01126	0.01321	0.01042	0.00724	0.00608	0.00181	0.03696	0.00445	0.00347	0.01035
46	0.01112	0.00821	0.00942	0.00974	0.01193	0.00718	0.00718	0.01329	0.01837	0.05000	0.12389	0.23716	0.39709	0.02106	0.00979	0.00290	0.00449	0.04223	0.00777	0.00718
47	0.00976	0.00817	0.00852	0.00876	0.01127	0.00693	0.00657	0.01183	0.01825	0.02191	0.07734	0.13325	0.58310	0.02105	0.00972	0.00283	0.00430	0.04206	0.00753	0.00685
48	0.00973	0.00823	0.00841	0.00836	0.01104	0.00691	0.00627	0.01191	0.01882	0.02268	0.12376	0.07683	0.61889	0.02027	0.00959	0.00273	0.00409	0.01695	0.00764	0.00691
49	0.01900	0.02297	0.08145	0.03360	0.04202	0.02043	0.60226	0.02598	0.01904	0.02598	0.01632	0.02163	0.01220	0.00689	0.00948	0.00273	0.01359	0.00938	0.00407	0.01100
50	0.01915	0.02189	0.04788	0.03420	0.04241	0.02052	0.63475	0.02599	0.01915	0.02599	0.01642	0.02189	0.01231	0.00684	0.00958	0.00274	0.01368	0.00958	0.00410	0.01094
51	0.03034	0.03788	0.02306	0.02079	0.02509	0.64954	0.01567	0.06251	0.02375	0.02142	0.01289	0.01487	0.01062	0.00843	0.00736	0.00211	0.01435	0.00533	0.00438	0.00963
52	0.01734	0.01853	0.05808	0.02095	0.02166	0.02375	0.01798	0.01958	0.01271	0.01981	0.01145	0.01848	0.01115	0.01637	0.06088	0.00401	0.62760	0.00713	0.00359	0.00895
53	0.01020	0.00818	0.00911	0.00902	0.01137	0.00709	0.00671	0.01278	0.01974	0.02519	0.26190	0.10814	0.44284	0.01958	0.00963	0.00271	0.00405	0.01669	0.00797	0.00709
54	0.77215	0.01569	0.01193	0.01067	0.01569	0.01820	0.00879	0.02385	0.01381	0.03641	0.01130	0.01318	0.00879	0.00753	0.00502	0.00251	0.00628	0.00439	0.00502	0.00879
55	0.03085	0.02273	0.02435	0.01867	0.02516	0.02516	0.01542	0.63716	0.03815	0.05114	0.01948	0.01948	0.01380	0.00974	0.00812	0.00244	0.00893	0.00731	0.00812	0.01380
56	0.01148	0.00829	0.01085	0.01021	0.01212	0.00766	0.00766	0.01531	0.02297	0.03254	0.65994	0.06061	0.07656	0.01659	0.00957	0.00255	0.00383	0.01467	0.00893	0.00766
57	0.00977	0.00823	0.00847	0.00841	0.01107	0.00693	0.00631	0.01199	0.01892	0.02293	0.13705	0.07643	0.60545	0.02017	0.00959	0.00272	0.00408	0.01689	0.00767	0.00693
58	0.01727	0.01641	0.02785	0.43167	0.30435	0.01854	0.02350	0.02244	0.01714	0.02309	0.01477	0.02100	0.01165	0.00775	0.00808	0.00258	0.01034	0.00722	0.00377	0.01058
59	0.01915	0.02189	0.04788	0.03420	0.04241	0.02052	0.63475	0.02599	0.01915	0.02599	0.01642	0.02189	0.01231	0.00684	0.00958	0.00274	0.01368	0.00958	0.00410	0.01094
60	0.12291	0.01403	0.01802	0.01399	0.02012	0.01266	0.01156	0.03770	0.02212	0.59536	0.02958	0.02592	0.01876	0.00975	0.00779	0.00251	0.00683	0.00772	0.00945	0.01322
61	0.01667	0.09117	0.62704	0.02246	0.03408	0.01981	0.02881	0.02560	0.01708	0.02522	0.01432	0.01683	0.01029	0.00765	0.00753	0.00251	0.01175	0.00588	0.00343	0.01188
62	0.01238	0.00852	0.01101	0.01026	0.01240	0.00778	0.00774	0.01607	0.02270	0.05794	0.59792	0.06036	0.11100	0.01657	0.00951	0.00256	0.00397	0.01456	0.00889	0.00786
63	0.01679	0.01622	0.05967	0.01274	0.02027	0.01134	0.01095	0.02078	0.01685	0.02639	0.01443	0.01685	0.01190	0.00612	0.00612	0.00129	0.00640	0.00489	0.00472	0.71529
64	0.01729	0.16865	0.55499	0.02140	0.03245	0.02132	0.02697	0.02544	0.01701	0.02446	0.01395	0.01636	0.01030	0.00757	0.00724	0.00241	0.01137	0.00569	0.00343	0.01170
65	0.02229	0.67419	0.04133	0.01420	0.02111	0.03165	0.01398	0.06433	0.01790	0.02118	0.01182	0.01344	0.01063	0.00712	0.00540	0.00178	0.00869	0.00453	0.00377	0.01063
66	0.03025	0.06826	0.02554	0.01836	0.02488	0.02562	0.01532	0.59713	0.03674	0.04905	0.01895	0.01906	0.01358	0.00956	0.00793	0.00239	0.00891	0.00711	0.00781	0.01358
67	0.02169	0.71972	0.04252	0.01388	0.02083	0.03211	0.01388	0.02430	0.01649	0.01909	0.01128	0.01302	0.01041	0.00694	0.00521	0.00174	0.00868	0.00434	0.00347	0.01041
68	0.02148	0.61884	0.10884	0.01516	0.02253	0.05807	0.01567	0.02479	0.01683	0.01983	0.01168	0.01352	0.01040	0.00708	0.00556	0.00184	0.00928	0.00455	0.00350	0.01054

[dist]
# distance from previous block
# <min> <max>
0	2

[block]
# block no. 2 follows, 23 sequences, length 114
# corresponding to MSA columns:
# 112-225
name=unknown_C
#
# <colnr> <probs for GDERKNQSTAVLIFYWHMCP>
#	G	D	E	R	K	N	Q	S	T	A	V	L	I	F	Y	W	H	M	C	P
0	0.14448	0.39228	0.19935	0.01599	0.02390	0.02603	0.01728	0.05650	0.01734	0.02532	0.01256	0.01444	0.01029	0.00738	0.00597	0.00212	0.00915	0.00493	0.00396	0.01073
1	0.02100	0.62442	0.06818	0.01412	0.02131	0.02955	0.01421	0.02400	0.01655	0.02006	0.01172	0.01355	0.01056	0.00689	0.00539	0.00172	0.00858	0.00446	0.00359	0.08013
2	0.01952	0.04905	0.01861	0.01264	0.01972	0.01262	0.01031	0.05099	0.01839	0.08666	0.01613	0.01776	0.01277	0.00660	0.00627	0.00141	0.00636	0.00521	0.00538	0.62362
3	0.02214	0.68425	0.04150	0.01425	0.02105	0.06596	0.01398	0.02472	0.01683	0.01913	0.01135	0.01310	0.01042	0.00702	0.00532	0.00175	0.00899	0.00438	0.00351	0.01036
4	0.01641	0.04104	0.64381	0.02364	0.03546	0.01892	0.05803	0.02571	0.01723	0.02571	0.01465	0.01735	0.01037	0.00767	0.00780	0.00258	0.01207	0.00616	0.00346	0.01194
5	0.01148	0.00829	0.01085	0.01021	0.01212	0.00766	0.00766	0.01531	0.02297	0.03254	0.65994	0.06061	0.07656	0.01659	0.00957	0.00255	0.00383	0.01467	0.00893	0.00766
6	0.01180	0.00787	0.00885	0.00885	0.00885	0.00787	0.00492	0.01180	0.01180	0.01573	0.02557	0.05310	0.02950	0.71483	0.04130	0.00787	0.00787	0.01180	0.00492	0.00492
7	0.77215	0.01569	0.01193	0.01067	0.01569	0.01820	0.00879	0.02385	0.01381	0.03641	0.01130	0.01318	0.00879	0.00753	0.00502	0.00251	0.00628	0.00439	0.00502	0.00879
8	0.01170	0.00786	0.00900	0.00904	0.00918	0.00780	0.00520	0.01200	0.01267	0.01701	0.06617	0.08277	0.03352	0.64042	0.03794	0.00733	0.00747	0.01248	0.00528	0.00516
9	0.01016	0.00863	0.00880	0.00869	0.01147	0.00748	0.00654	0.01323	0.04679	0.02298	0.10882	0.07509	0.60349	0.01993	0.00953	0.00273	0.00420	0.01665	0.00764	0.00716
10	0.02794	0.02129	0.02272	0.01808	0.02406	0.02381	0.01472	0.47550	0.20454	0.04646	0.02317	0.02242	0.01678	0.01009	0.00816	0.00252	0.00825	0.00781	0.00816	0.01354
11	0.01226	0.00895	0.01201	0.01361	0.01547	0.00871	0.01153	0.01552	0.01834	0.02359	0.04880	0.15036	0.13612	0.02244	0.01089	0.00355	0.00671	0.46633	0.00749	0.00730
12	0.01028	0.00751	0.00967	0.01069	0.01178	0.00690	0.00742	0.01240	0.01782	0.02398	0.21224	0.47203	0.12214	0.02257	0.01007	0.00304	0.00441	0.02022	0.00790	0.00690
13	0.03033	0.03803	0.02305	0.02081	0.02509	0.65568	0.01567	0.05686	0.02361	0.02112	0.01282	0.01483	0.01059	0.00842	0.00735	0.00210	0.01440	0.00531	0.00434	0.00958
14	0.00989	0.00706	0.00942	0.01130	0.01177	0.00659	0.00753	0.01130	0.01554	0.02071	0.04472	0.70954	0.05367	0.02542	0.01036	0.00330	0.00471	0.02307	0.00753	0.00659
15	0.02018	0.01743	0.01835	0.01651	0.02110	0.02018	0.01284	0.04312	0.64956	0.03394	0.03303	0.03027	0.02477	0.01101	0.00826	0.00275	0.00642	0.00917	0.00826	0.01284
16	0.01655	0.07631	0.64086	0.02266	0.03440	0.01952	0.02916	0.02563	0.01710	0.02536	0.01440	0.01692	0.01029	0.00767	0.00758	0.00253	0.01182	0.00591	0.00343	0.01191
17	0.01553	0.01483	0.02562	0.65940	0.05515	0.01816	0.05581	0.02102	0.01638	0.02102	0.01453	0.02165	0.01090	0.00804	0.00819	0.00271	0.01097	0.00734	0.00363	0.00912
18	0.01997	0.01959	0.03473	0.04793	0.58937	0.01943	0.09831	0.02503	0.01856	0.02645	0.01540	0.02030	0.01279	0.00718	0.00822	0.00245	0.01013	0.00751	0.00403	0.01262
19	0.64143	0.10428	0.04867	0.01169	0.01730	0.01996	0.01048	0.02400	0.01431	0.03373	0.01146	0.01336	0.00906	0.00747	0.00518	0.00242	0.00686	0.00447	0.00475	0.00915
20	0.01184	0.00872	0.01116	0.01073	0.01273	0.00825	0.00812	0.01639	0.05140	0.03134	0.55469	0.08982	0.08967	0.01713	0.00963	0.00266	0.00418	0.04500	0.00872	0.00782
21	0.01790	0.02716	0.24135	0.02743	0.03669	0.01856	0.35122	0.02508	0.01817	0.02596	0.01554	0.01964	0.01162	0.00699	0.00846	0.00246	0.01202	0.00774	0.00399	0.12201
22	0.01513	0.00756	0.00756	0.00756	0.00945	0.00756	0.00567	0.01891	0.01702	0.03025	0.02647	0.03025	0.02080	0.00945	0.00567	0.00189	0.00378	0.00756	0.75988	0.00756
23	0.01129	0.00815	0.01067	0.01034	0.01208	0.00753	0.00764	0.01483	0.02207	0.03112	0.58588	0.13872	0.07381	0.01765	0.00966	0.00264	0.00393	0.01568	0.00876	0.00753
24	0.01644	0.04101	0.64572	0.02426	0.06174	0.01886	0.02977	0.02566	0.01719	0.02573	0.01459	0.01726	0.01039	0.00769	0.00772	0.00256	0.01189	0.00605	0.00345	0.01203
25	0.01849	0.09236	0.26429	0.03035	0.11273	0.02084	0.29296	0.02560	0.01812	0.02532	0.01516	0.01920	0.01149	0.00720	0.00834	0.00255	0.01215	0.00756	0.00380	0.01149
26	0.01091	0.00813	0.01015	0.00994	0.01185	0.00737	0.00734	0.01410	0.02118	0.02900	0.47088	0.14220	0.19013	0.01844	0.00967	0.00268	0.00399	0.01617	0.00849	0.00737
27	0.02008	0.01928	0.03294	0.04981	0.66422	0.01928	0.02490	0.02490	0.01848	0.02651	0.01526	0.02008	0.01285	0.00723	0.00803	0.00241	0.00964	0.00723	0.00402	0.01285
28	0.01761	0.20893	0.51753	0.02085	0.03160	0.02211	0.02601	0.02535	0.01697	0.02407	0.01375	0.01612	0.01031	0.00752	0.00709	0.00236	0.01118	0.00559	0.00344	0.01160
29	0.01037	0.00741	0.00997	0.01186	0.01254	0.00701	0.00838	0.01214	0.01602	0.02126	0.04445	0.61515	0.05260	0.02496	0.01049	0.00336	0.00513	0.11265	0.00752	0.00673
30	0.00991	0.00804	0.00879	0.00901	0.01126	0.00692	0.00660	0.01212	0.01866	0.02326	0.15955	0.17859	0.47743	0.02077	0.00971	0.00280	0.00417	0.01774	0.00774	0.00692
31	0.01045	0.00749	0.00995	0.01115	0.01207	0.00699	0.00779	0.01261	0.01768	0.02406	0.21130	0.50876	0.05959	0.02291	0.01018	0.00311	0.00458	0.04451	0.00791	0.00691
32	0.22500	0.31887	0.06878	0.01444	0.02095	0.05376	0.01356	0.08643	0.01891	0.09286	0.01444	0.01550	0.01128	0.00780	0.00599	0.00216	0.00835	0.00517	0.00503	0.01071
33	0.01908	0.02167	0.04668	0.03353	0.04131	0.02075	0.60262	0.02566	0.01880	0.02566	0.01612	0.02167	0.01223	0.00722	0.01046	0.00278	0.04942	0.00945	0.00408	0.01084
34	0.01513	0.00756	0.00756	0.00756	0.00945	0.00756	0.00567	0.01891	0.01702	0.03025	0.02647	0.03025	0.02080	0.00945	0.00567	0.00189	0.00378	0.00756	0.75988	0.00756
35	0.04266	0.03738	0.57140	0.02142	0.03224	0.01774	0.02685	0.02590	0.01774	0.06681	0.05279	0.02016	0.01467	0.00836	0.00775	0.00256	0.01101	0.00658	0.00421	0.01175
36	0.02008	0.01928	0.03294	0.04981	0.66422	0.01928	0.02490	0.02490	0.01848	0.02651	0.01526	0.02008	0.01285	0.00723	0.00803	0.00241	0.00964	0.00723	0.00402	0.01285
37	0.02340	0.02171	0.01765	0.01561	0.01931	0.24271	0.01196	0.14771	0.02468	0.06375	0.14748	0.09230	0.02991	0.01208	0.00807	0.00236	0.00880	0.00960	0.09121	0.00970
38	0.02509	0.01413	0.01593	0.01299	0.01743	0.01449	0.01047	0.23187	0.02583	0.18258	0.05481	0.02743	0.02087	0.01002	0.00724	0.00225	0.00623	0.00794	0.30133	0.01109
39	0.06353	0.01745	0.01909	0.01497	0.02119	0.01745	0.01205	0.19600	0.17421	0.06891	0.02100	0.02113	0.01580	0.00852	0.00718	0.00205	0.00697	0.00669	0.00682	0.29897
40	0.02022	0.01658	0.02421	0.05589	0.02465	0.01868	0.07581	0.02335	0.01595	0.11590	0.01545	0.01956	0.01253	0.01050	0.01612	0.00269	0.32146	0.00693	0.00486	0.19865
41	0.06261	0.10342	0.02352	0.01615	0.02212	0.02188	0.01353	0.36085	0.06255	0.13299	0.05774	0.02454	0.04182	0.01018	0.00777	0.00240	0.00790	0.00780	0.00772	0.01252
42	0.01310	0.00876	0.01164	0.01121	0.01335	0.00816	0.00877	0.01687	0.02229	0.06583	0.52560	0.06384	0.06864	0.01718	0.00976	0.00274	0.00459	0.11095	0.00876	0.00796
43	0.02037	0.01627	0.02225	0.01855	0.02337	0.01724	0.11848	0.05835	0.33586	0.09565	0.06156	0.09605	0.02793	0.01228	0.00886	0.00280	0.00757	0.03734	0.00765	0.01158
44	0.01678	0.10457	0.61457	0.02227	0.03380	0.02007	0.02849	0.02557	0.01707	0.02509	0.01426	0.01675	0.01029	0.00764	0.00748	0.00249	0.01169	0.00584	0.00343	0.01185
45	0.01827	0.05972	0.16301	0.11067	0.04157	0.02048	0.41556	0.02522	0.01828	0.02496	0.01557	0.02051	0.01165	0.00716	0.00883	0.00265	0.01277	0.00835	0.00388	0.01088
46	0.01045	0.00741	0.00945	0.01086	0.01142	0.00703	0.00725	0.01174	0.01508	0.01994	0.04239	0.50862	0.07642	0.16781	0.01678	0.00424	0.00549	0.05431	0.00699	0.00631
47	0.01652	0.04027	0.61996	0.02406	0.03574	0.01899	0.08111	0.02572	0.01730	0.02572	0.01472	0.01753	0.01045	0.00764	0.00787	0.00258	0.01213	0.00630	0.00348	0.01190
48	0.01982	0.02066	0.03602	0.04023	0.36866	0.05754	0.22756	0.02490	0.01864	0.02546	0.01671	0.05227	0.01436	0.00823	0.00920	0.00258	0.03273	0.00863	0.00420	0.01160
49	0.01098	0.00857	0.01017	0.01033	0.01242	0.00799	0.00773	0.01458	0.04966	0.02525	0.23060	0.17793	0.29427	0.02201	0.04479	0.00337	0.00535	0.04883	0.00779	0.00738
50	0.01045	0.00739	0.00970	0.01133	0.01187	0.00703	0.00772	0.01190	0.01535	0.02040	0.04201	0.56247	0.04979	0.11654	0.01454	0.00394	0.00539	0.07854	0.00718	0.00645
51	0.09005	0.05710	0.05726	0.02106	0.05550	0.27728	0.05155	0.13064	0.02231	0.02758	0.01586	0.05991	0.01382	0.00991	0.00935	0.00246	0.07592	0.00715	0.00499	0.01030
52	0.11247	0.59965	0.03782	0.01386	0.02043	0.06416	0.01336	0.02466	0.01650	0.02121	0.01135	0.01312	0.01022	0.00709	0.00529	0.00185	0.00870	0.00439	0.00369	0.01017
53	0.02324	0.02004	0.01894	0.01657	0.02132	0.12253	0.01290	0.06472	0.40148	0.09470	0.06001	0.02799	0.02361	0.01049	0.00806	0.00253	0.00772	0.00845	0.00766	0.04704
54	0.11170	0.05627	0.02233	0.01672	0.02274	0.02252	0.01381	0.37512	0.13401	0.11083	0.02172	0.02110	0.01555	0.00959	0.00765	0.00247	0.00799	0.00723	0.00776	0.01291
55	0.01950	0.01946	0.03500	0.07835	0.46667	0.01981	0.14763	0.02457	0.01812	0.02567	0.01516	0.02038	0.01250	0.00763	0.00951	0.00256	0.05377	0.00770	0.00398	0.01202
56	0.02106	0.01579	0.01830	0.01338	0.02038	0.01337	0.01082	0.12771	0.02107	0.09101	0.01694	0.01829	0.01308	0.00703	0.00657	0.00154	0.00659	0.00555	0.00586	0.56565
57	0.01148	0.00829	0.01085	0.01021	0.01212	0.00766	0.00766	0.01531	0.02297	0.03254	0.65994	0.06061	0.07656	0.01659	0.00957	0.00255	0.00383	0.01467	0.00893	0.00766
58	0.77215	0.01569	0.01193	0.01067	0.01569	0.01820	0.00879	0.02385	0.01381	0.03641	0.01130	0.01318	0.00879	0.00753	0.00502	0.00251	0.00628	0.00439	0.00502	0.00879
59	0.00989	0.00706	0.00942	0.01130	0.01177	0.00659	0.00753	0.01130	0.01554	0.02071	0.04472	0.70954	0.05367	0.02542	0.01036	0.00330	0.00471	0.02307	0.00753	0.00659
60	0.00989	0.00706	0.00942	0.01130	0.01177	0.00659	0.00753	0.01130	0.01554	0.02071	0.04472	0.70954	0.05367	0.02542	0.01036	0.00330	0.00471	0.02307	0.00753	0.00659
61	0.00989	0.00706	0.00942	0.01130	0.01177	0.00659	0.00753	0.01130	0.01554	0.02071	0.04472	0.70954	0.05367	0.02542	0.01036	0.00330	0.00471	0.02307	0.00753	0.00659
62	0.03003	0.02194	0.02348	0.01809	0.02435	0.02425	0.01492	0.60509	0.03705	0.05006	0.01984	0.02004	0.01416	0.00973	0.00799	0.00241	0.00866	0.00732	0.04711	0.01348
63	0.01627	0.04197	0.67279	0.02313	0.03512	0.01884	0.02998	0.02570	0.01713	0.02570	0.01456	0.01713	0.01028	0.00771	0.00771	0.00257	0.01199	0.00600	0.00343	0.01199
64	0.01532	0.01442	0.02434	0.69533	0.05589	0.01803	0.02253	0.02073	0.01622	0.02073	0.01442	0.02163	0.01082	0.00811	0.00811	0.00270	0.01082	0.00721	0.00361	0.00901
65	0.01180	0.00787	0.00885	0.00885	0.00885	0.00787	0.00492	0.01180	0.01180	0.01573	0.02557	0.05310	0.02950	0.71483	0.04130	0.00787	0.00787	0.01180	0.00492	0.00492
66	0.01002	0.00824	0.00881	0.00867	0.01122	0.00703	0.00650	0.01247	0.01950	0.02430	0.21195	0.07416	0.52969	0.01966	0.00959	0.00270	0.00405	0.01657	0.00785	0.00703
67	0.03031	0.03867	0.02299	0.02090	0.02508	0.68226	0.01568	0.03240	0.02299	0.01986	0.01254	0.01463	0.01045	0.00836	0.00732	0.00209	0.01463	0.00523	0.00418	0.00941
68	0.01148	0.00829	0.01085	0.01021	0.01212	0.00766	0.00766	0.01531	0.02297	0.03254	0.65994	0.06061	0.07656	0.01659	0.00957	0.00255	0.00383	0.01467	0.00893	0.00766
69	0.01683	0.01442	0.01683	0.01202	0.01923	0.01082	0.00961	0.02043	0.01683	0.02644	0.01442	0.01683	0.01202	0.00601	0.00601	0.00120	0.00601	0.00481	0.00481	0.76444
70	0.01683	0.01442	0.01683	0.01202	0.01923	0.01082	0.00961	0.02043	0.01683	0.02644	0.01442	0.01683	0.01202	0.00601	0.00601	0.00120	0.00601	0.00481	0.00481	0.76444
71	0.01915	0.02189	0.04788	0.03420	0.04241	0.02052	0.63475	0.02599	0.01915	0.02599	0.01642	0.02189	0.01231	0.00684	0.00958	0.00274	0.01368	0.00958	0.00410	0.01094
72	0.00959	0.00822	0.00822	0.00822	0.01096	0.00685	0.00617	0.01165	0.01850	0.02192	0.08220	0.07809	0.66092	0.02055	0.00959	0.00274	0.00411	0.01713	0.00754	0.00685
73	0.03641	0.01381	0.01883	0.01444	0.02071	0.01193	0.01193	0.03954	0.02322	0.66984	0.03201	0.02762	0.02009	0.01004	0.00816	0.00251	0.00690	0.00816	0.01004	0.01381
74	0.00989	0.00706	0.00942	0.01130	0.01177	0.00659	0.00753	0.01130	0.01554	0.02071	0.04472	0.70954	0.05367	0.02542	0.01036	0.00330	0.00471	0.02307	0.00753	0.00659
75	0.01683	0.01442	0.01683	0.01202	0.01923	0.01082	0.00961	0.02043	0.01683	0.02644	0.01442	0.01683	0.01202	0.00601	0.00601	0.00120	0.00601	0.00481	0.00481	0.76444
76	0.01009	0.00720	0.00964	0.01153	0.01209	0.00676	0.00788	0.01164	0.01573	0.02094	0.04461	0.67081	0.05323	0.02523	0.01041	0.00332	0.00488	0.05982	0.00753	0.00665
77	0.01654	0.01597	0.02253	0.01968	0.01997	0.02197	0.01626	0.01854	0.01255	0.01939	0.01283	0.02053	0.01254	0.02336	0.15543	0.00541	0.56682	0.00741	0.00371	0.00856
78	0.01986	0.01885	0.03101	0.07857	0.56781	0.01931	0.02355	0.02657	0.08320	0.02698	0.01705	0.02121	0.01398	0.00766	0.00806	0.00246	0.00937	0.00743	0.00443	0.01266
79	0.01909	0.02170	0.04686	0.03363	0.04147	0.02071	0.60730	0.02570	0.01885	0.02570	0.01616	0.02170	0.01224	0.00717	0.01033	0.00277	0.04421	0.00947	0.00408	0.01085
80	0.00989	0.00706	0.00942	0.01130	0.01177	0.00659	0.00753	0.01130	0.01554	0.02071	0.04472	0.70954	0.05367	0.02542	0.01036	0.00330	0.00471	0.02307	0.00753	0.00659
81	0.01761	0.01936	0.04110	0.06518	0.03868	0.01838	0.51238	0.02360	0.01848	0.02496	0.02040	0.12121	0.01821	0.00959	0.00961	0.00282	0.01224	0.01140	0.00457	0.01021
82	0.01826	0.21365	0.41118	0.02485	0.12847	0.02234	0.02504	0.02521	0.01717	0.02411	0.01382	0.01652	0.01071	0.00744	0.00711	0.00233	0.01077	0.00576	0.00353	0.01172
83	0.01627	0.04197	0.67279	0.02313	0.03512	0.01884	0.02998	0.02570	0.01713	0.02570	0.01456	0.01713	0.01028	0.00771	0.00771	0.00257	0.01199	0.00600	0.00343	0.01199
84	0.01076	0.00844	0.00995	0.01079	0.01297	0.00763	0.00859	0.01329	0.01819	0.02254	0.06476	0.16089	0.38538	0.02176	0.01021	0.00313	0.00528	0.21090	0.00751	0.00702
85	0.06271	0.01461	0.01888	0.04627	0.02216	0.01383	0.01246	0.09943	0.04335	0.49532	0.02973	0.06149	0.02043	0.01065	0.00814	0.00256	0.00714	0.00868	0.00915	0.01298
86	0.01689	0.10123	0.58778	0.02282	0.03419	0.02010	0.05665	0.02559	0.01717	0.02512	0.01436	0.01699	0.01039	0.00760	0.00757	0.00250	0.01178	0.00602	0.00346	0.01180
87	0.03641	0.01381	0.01883	0.01444	0.02071	0.01193	0.01193	0.03954	0.02322	0.66984	0.03201	0.02762	0.02009	0.01004	0.00816	0.00251	0.00690	0.00816	0.01004	0.01381
88	0.01900	0.02298	0.08184	0.03360	0.04201	0.02043	0.60188	0.02598	0.01904	0.02598	0.01632	0.02163	0.01220	0.00689	0.00947	0.00273	0.01359	0.00938	0.00407	0.01100
89	0.01657	0.01532	0.02519	0.59788	0.11426	0.01851	0.02241	0.05200	0.01754	0.02282	0.01476	0.02137	0.01117	0.00811	0.00810	0.00266	0.01061	0.00722	0.00387	0.00963
90	0.02072	0.01770	0.01865	0.01662	0.02130	0.02043	0.01297	0.07285	0.61896	0.03480	0.03235	0.02973	0.02422	0.01095	0.00825	0.00274	0.00655	0.00908	0.00825	0.01289
91	0.03031	0.03867	0.02299	0.02090	0.02508	0.68226	0.01568	0.03240	0.02299	0.01986	0.01254	0.01463	0.01045	0.00836	0.00732	0.00209	0.01463	0.00523	0.00418	0.00941
92	0.01976	0.01882	0.03201	0.04819	0.63419	0.01882	0.02435	0.02453	0.01849	0.02641	0.01655	0.02340	0.01442	0.00793	0.00818	0.00247	0.00954	0.03517	0.00418	0.01260
93	0.01683	0.01442	0.01683	0.01202	0.01923	0.01082	0.00961	0.02043	0.01683	0.02644	0.01442	0.01683	0.01202	0.00601	0.00601	0.00120	0.00601	0.00481	0.00481	0.76444
94	0.03085	0.02273	0.02435	0.01867	0.02516	0.02516	0.01542	0.63716	0.03815	0.05114	0.01948	0.01948	0.01380	0.00974	0.00812	0.00244	0.00893	0.00731	0.00812	0.01380
95	0.73610	0.01603	0.01253	0.01106	0.01615	0.01854	0.00911	0.05368	0.01499	0.03712	0.01170	0.01349	0.00903	0.00764	0.00517	0.00251	0.00641	0.00454	0.00517	0.00903
96	0.01793	0.01699	0.02881	0.31019	0.39682	0.01845	0.02356	0.02295	0.01757	0.02410	0.01582	0.02302	0.01312	0.00808	0.00817	0.00257	0.01005	0.02672	0.00396	0.01112
97	0.01493	0.00762	0.00786	0.00786	0.00973	0.00770	0.00592	0.01867	0.01680	0.02963	0.02621	0.03034	0.02077	0.01225	0.04247	0.00250	0.00476	0.00762	0.71882	0.00755
98	0.01779	0.01796	0.02819	0.05583	0.02620	0.02320	0.12311	0.02067	0.01392	0.02105	0.01235	0.01907	0.01128	0.01249	0.02211	0.00331	0.52569	0.00755	0.02906	0.00919
99	0.01162	0.00859	0.01254	0.01254	0.01381	0.00987	0.00951	0.01417	0.01289	0.01846	0.02220	0.03443	0.02139	0.13958	0.60547	0.01242	0.02007	0.00907	0.00442	0.00696
100	0.01462	0.00765	0.00795	0.00795	0.00962	0.00771	0.00580	0.01796	0.01629	0.02821	0.02616	0.03270	0.02168	0.08516	0.04083	0.00303	0.00504	0.00806	0.64630	0.00727
101	0.00989	0.00706	0.00942	0.01130	0.01177	0.00659	0.00753	0.01130	0.01554	0.02071	0.04472	0.70954	0.05367	0.02542	0.01036	0.00330	0.00471	0.02307	0.00753	0.00659
102	0.01254	0.00901	0.01243	0.01423	0.01595	0.00890	0.01211	0.01592	0.01827	0.02374	0.04463	0.16994	0.07015	0.02273	0.01104	0.00364	0.00700	0.51295	0.00748	0.00734
103	0.00959	0.00822	0.00822	0.00822	0.01096	0.00685	0.00617	0.01165	0.01850	0.02192	0.08220	0.07809	0.66092	0.02055	0.00959	0.00274	0.00411	0.01713	0.00754	0.00685
104	0.03006	0.02197	0.02351	0.01811	0.02438	0.02428	0.01493	0.60622	0.03709	0.05009	0.01983	0.02002	0.01415	0.00973	0.00799	0.00241	0.00867	0.00732	0.04574	0.01349
105	0.02008	0.01928	0.03294	0.04981	0.66422	0.01928	0.02490	0.02490	0.01848	0.02651	0.01526	0.02008	0.01285	0.00723	0.00803	0.00241	0.00964	0.00723	0.00402	0.01285
106	0.02018	0.01743	0.01835	0.01651	0.02110	0.02018	0.01284	0.04312	0.64956	0.03394	0.03303	0.03027	0.02477	0.01101	0.00826	0.00275	0.00642	0.00917	0.00826	0.01284
107	0.01463	0.00772	0.00834	0.00834	0.01016	0.00793	0.00630	0.01828	0.01646	0.02864	0.02580	0.03048	0.02073	0.01670	0.10113	0.00346	0.00631	0.00772	0.65335	0.00752
108	0.01907	0.01848	0.03278	0.06776	0.48698	0.01841	0.11173	0.02409	0.01851	0.02600	0.01818	0.02758	0.01610	0.00873	0.00858	0.00260	0.01005	0.06811	0.00436	0.01190
109	0.01864	0.06975	0.49656	0.02045	0.03104	0.01785	0.02491	0.02638	0.01767	0.09019	0.01613	0.01794	0.01148	0.00770	0.00742	0.00236	0.01059	0.00599	0.00426	0.10267
110	0.02573	0.01486	0.07228	0.01397	0.01954	0.01149	0.01215	0.03011	0.04111	0.36749	0.15842	0.07193	0.03217	0.01173	0.00834	0.00246	0.00648	0.00989	0.00857	0.08128
111	0.06375	0.01961	0.02686	0.05980	0.26117	0.02107	0.05060	0.20092	0.14988	0.03519	0.01981	0.02174	0.01516	0.00873	0.00802	0.00252	0.00888	0.00761	0.00606	0.01263
112	0.01980	0.01928	0.03095	0.09722	0.56346	0.04677	0.02363	0.02451	0.01867	0.02602	0.04115	0.02161	0.01517	0.00772	0.00807	0.00243	0.00971	0.00744	0.00419	0.01220
113	0.10229	0.02281	0.02194	0.01946	0.06009	0.11694	0.01471	0.30914	0.18092	0.03958	0.02071	0.02081	0.01543	0.00948	0.00772	0.00247	0.00891	0.00716	0.00704	0.01238

[dist]
# distance from previous block
# <min> <max>
0	7

[block]
# block no. 3 follows, 23 sequences, length 71
# corresponding to MSA columns:
# 234-304
name=unknown_D
#
# <colnr> <probs for GDERKNQSTAVLIFYWHMCP>
#	G	D	E	R	K	N	Q	S	T	A	V	L	I	F	Y	W	H	M	C	P
0	0.06402	0.01588	0.02395	0.01914	0.05554	0.01429	0.12260	0.03231	0.04932	0.34576	0.02423	0.02367	0.01653	0.00852	0.00786	0.00232	0.00802	0.00761	0.00740	0.15103
1	0.01992	0.01537	0.02112	0.01684	0.06150	0.01244	0.07189	0.02385	0.01802	0.11389	0.01706	0.01899	0.01320	0.00671	0.00677	0.00160	0.00710	0.00588	0.00540	0.54243
2	0.01967	0.02165	0.10266	0.04441	0.54738	0.01930	0.02458	0.02633	0.06468	0.02697	0.01649	0.02050	0.01344	0.00756	0.00801	0.00245	0.00966	0.00724	0.00426	0.01276
3	0.01825	0.25293	0.42806	0.02219	0.07684	0.02304	0.02456	0.02520	0.01703	0.02368	0.01358	0.01606	0.01051	0.00743	0.00695	0.00230	0.01078	0.00557	0.00348	0.01156
4	0.01619	0.03855	0.59257	0.02309	0.03414	0.01823	0.05948	0.02506	0.01735	0.02561	0.01674	0.02284	0.01306	0.00875	0.00806	0.00266	0.01175	0.05051	0.00376	0.01161
5	0.01130	0.00843	0.01174	0.01229	0.01376	0.00861	0.00910	0.01364	0.01467	0.02046	0.03220	0.32927	0.03546	0.03960	0.30879	0.00749	0.01249	0.04220	0.00591	0.06259
6	0.01251	0.00930	0.01210	0.01343	0.01522	0.00929	0.01085	0.01716	0.07264	0.02424	0.06572	0.25315	0.09280	0.02192	0.01055	0.00342	0.00626	0.33416	0.00761	0.00766
7	0.01180	0.00787	0.00885	0.00885	0.00885	0.00787	0.00492	0.01180	0.01180	0.01573	0.02557	0.05310	0.02950	0.71483	0.04130	0.00787	0.00787	0.01180	0.00492	0.00492
8	0.01480	0.00948	0.01188	0.01072	0.01334	0.00884	0.00822	0.04789	0.02307	0.09270	0.48948	0.05548	0.11491	0.01562	0.00918	0.00253	0.00439	0.01356	0.04544	0.00847
9	0.03035	0.03750	0.02309	0.02074	0.02509	0.63399	0.01566	0.07682	0.02411	0.02216	0.01305	0.01499	0.01070	0.00846	0.00738	0.00212	0.01421	0.00538	0.00447	0.00973
10	0.03470	0.09556	0.02157	0.01437	0.02073	0.01426	0.01215	0.03778	0.02244	0.59447	0.02961	0.02593	0.01897	0.00968	0.00782	0.00242	0.00711	0.00772	0.00928	0.01342
11	0.01627	0.04197	0.67279	0.02313	0.03512	0.01884	0.02998	0.02570	0.01713	0.02570	0.01456	0.01713	0.01028	0.00771	0.00771	0.00257	0.01199	0.00600	0.00343	0.01199
12	0.01627	0.04197	0.67279	0.02313	0.03512	0.01884	0.02998	0.02570	0.01713	0.02570	0.01456	0.01713	0.01028	0.00771	0.00771	0.00257	0.01199	0.00600	0.00343	0.01199
13	0.01627	0.04197	0.67279	0.02313	0.03512	0.01884	0.02998	0.02570	0.01713	0.02570	0.01456	0.01713	0.01028	0.00771	0.00771	0.00257	0.01199	0.00600	0.00343	0.01199
14	0.01180	0.00787	0.00885	0.00885	0.00885	0.00787	0.00492	0.01180	0.01180	0.01573	0.02557	0.05310	0.02950	0.71483	0.04130	0.00787	0.00787	0.01180	0.00492	0.00492
15	0.01180	0.00787	0.00885	0.00885	0.00885	0.00787	0.00492	0.01180	0.01180	0.01573	0.02557	0.05310	0.02950	0.71483	0.04130	0.00787	0.00787	0.01180	0.00492	0.00492
16	0.01284	0.01050	0.01547	0.04768	0.01748	0.01297	0.01186	0.01556	0.01304	0.01893	0.01961	0.02974	0.01851	0.07472	0.51288	0.01071	0.13731	0.00846	0.00419	0.00752
17	0.01627	0.04197	0.67279	0.02313	0.03512	0.01884	0.02998	0.02570	0.01713	0.02570	0.01456	0.01713	0.01028	0.00771	0.00771	0.00257	0.01199	0.00600	0.00343	0.01199
18	0.01885	0.02344	0.10386	0.03306	0.06187	0.02054	0.52697	0.02560	0.01860	0.02566	0.01591	0.02118	0.01206	0.00731	0.01021	0.00275	0.04808	0.00904	0.00401	0.01100
19	0.03613	0.01425	0.01910	0.01464	0.02093	0.01257	0.01210	0.06878	0.02395	0.63957	0.03140	0.02722	0.01978	0.01003	0.00816	0.00251	0.00700	0.00812	0.00995	0.01381
20	0.01418	0.01170	0.01287	0.01198	0.01514	0.01212	0.00915	0.02465	0.25687	0.02987	0.25060	0.05448	0.23308	0.01569	0.00908	0.00268	0.00489	0.01335	0.00826	0.00936
21	0.01341	0.00961	0.01172	0.01176	0.01409	0.00923	0.00911	0.04766	0.05087	0.05272	0.19441	0.20069	0.19456	0.01955	0.00985	0.00297	0.00526	0.12651	0.00801	0.00802
22	0.02005	0.01928	0.03276	0.04754	0.60845	0.01937	0.04710	0.02586	0.05040	0.02687	0.01620	0.02067	0.01344	0.00741	0.00810	0.00244	0.00963	0.00742	0.00423	0.01278
23	0.01180	0.00787	0.00885	0.00885	0.00885	0.00787	0.00492	0.01180	0.01180	0.01573	0.02557	0.05310	0.02950	0.71483	0.04130	0.00787	0.00787	0.01180	0.00492	0.00492
24	0.02227	0.02341	0.02542	0.02150	0.02360	0.17831	0.04525	0.09436	0.01818	0.02356	0.01238	0.01741	0.01105	0.01198	0.01919	0.00304	0.42837	0.00680	0.00425	0.00967
25	0.01160	0.00865	0.01283	0.01283	0.01420	0.01003	0.00988	0.01435	0.01298	0.01868	0.02193	0.03295	0.02075	0.09392	0.65025	0.01278	0.02103	0.00885	0.00438	0.00713
26	0.02866	0.02079	0.02220	0.01731	0.02320	0.02295	0.01420	0.54503	0.05683	0.04813	0.02076	0.02110	0.01499	0.00975	0.00784	0.00238	0.00825	0.00740	0.09518	0.01304
27	0.01148	0.00829	0.01085	0.01021	0.01212	0.00766	0.00766	0.01531	0.02297	0.03254	0.65994	0.06061	0.07656	0.01659	0.00957	0.00255	0.00383	0.01467	0.00893	0.00766
28	0.01915	0.02189	0.04788	0.03420	0.04241	0.02052	0.63475	0.02599	0.01915	0.02599	0.01642	0.02189	0.01231	0.00684	0.00958	0.00274	0.01368	0.00958	0.00410	0.01094
29	0.01886	0.25708	0.43245	0.02005	0.02996	0.06400	0.02398	0.02567	0.01729	0.02324	0.01339	0.01567	0.01033	0.00751	0.00689	0.00228	0.01110	0.00542	0.00349	0.01133
30	0.01708	0.14216	0.57962	0.02176	0.03301	0.02081	0.02760	0.02549	0.01704	0.02472	0.01408	0.01652	0.01030	0.00760	0.00734	0.00245	0.01150	0.00575	0.00343	0.01176
31	0.03241	0.01470	0.01871	0.01495	0.02081	0.01396	0.01215	0.04042	0.17757	0.51313	0.03226	0.02827	0.02124	0.01028	0.00818	0.00257	0.00679	0.00841	0.00960	0.01357
32	0.02169	0.71972	0.04252	0.01388	0.02083	0.03211	0.01388	0.02430	0.01649	0.01909	0.01128	0.01302	0.01041	0.00694	0.00521	0.00174	0.00868	0.00434	0.00347	0.01041
33	0.03030	0.02246	0.02405	0.01856	0.02496	0.02491	0.01529	0.60697	0.06923	0.05026	0.02017	0.02003	0.01436	0.00981	0.00812	0.00245	0.00880	0.00740	0.00812	0.01375
