[name]
unknown

[dist]
# distance from previous block
# <min> <max>
0	47

[block]
# block no. 0 follows, 23 sequences, length 39
# corresponding to MSA columns:
# 47-85
name=unknown_A
#
# <colnr> <probs for GDERKNQSTAVLIFYWHMCP>
#	G	D	E	R	K	N	Q	S	T	A	V	L	I	F	Y	W	H	M	C	P
0	0.01308	0.00934	0.01308	0.01494	0.01681	0.00934	0.01308	0.01681	0.01868	0.02428	0.04296	0.09153	0.04670	0.02242	0.01121	0.00374	0.00747	0.60960	0.00747	0.00747
1	0.01915	0.37153	0.32667	0.02021	0.06587	0.02535	0.02182	0.02497	0.01690	0.02252	0.01300	0.01530	0.01050	0.00731	0.00651	0.00215	0.01023	0.00526	0.00348	0.01127
2	0.02096	0.01968	0.03284	0.04650	0.58359	0.01983	0.04984	0.07705	0.02018	0.02858	0.01567	0.02011	0.01291	0.00743	0.00811	0.00243	0.00975	0.00734	0.00437	0.01285
3	0.01258	0.00911	0.01160	0.01076	0.01289	0.00866	0.00812	0.05245	0.02358	0.03318	0.59666	0.08437	0.07187	0.01653	0.00951	0.00258	0.00417	0.01457	0.00883	0.00798
4	0.00984	0.00811	0.00867	0.00897	0.01134	0.00695	0.00668	0.01195	0.01830	0.02229	0.09943	0.16082	0.53325	0.02110	0.00975	0.00284	0.00431	0.04093	0.00759	0.00687
5	0.02861	0.03085	0.02249	0.01955	0.02438	0.39857	0.01510	0.18525	0.14007	0.03021	0.01798	0.01867	0.01388	0.00918	0.00769	0.00230	0.01172	0.00646	0.00590	0.01112
6	0.01599	0.00840	0.00849	0.00818	0.01032	0.00854	0.00621	0.05306	0.01818	0.03141	0.02608	0.02966	0.02041	0.00947	0.00581	0.00192	0.00407	0.00755	0.71835	0.00791
7	0.01164	0.00780	0.00890	0.00906	0.00910	0.00776	0.00514	0.01176	0.01212	0.01616	0.02720	0.10896	0.03156	0.65617	0.03867	0.00748	0.00760	0.01276	0.00514	0.00506
8	0.02149	0.02136	0.02606	0.17568	0.22741	0.15026	0.03964	0.08765	0.02060	0.02630	0.01657	0.02263	0.01371	0.00891	0.00873	0.00249	0.03965	0.03035	0.04984	0.01068
9	0.01888	0.01810	0.02857	0.23330	0.41006	0.04564	0.02265	0.02413	0.04223	0.02435	0.01555	0.02089	0.01268	0.00852	0.00898	0.03303	0.00996	0.00721	0.00405	0.01122
10	0.01674	0.01547	0.02618	0.51710	0.09735	0.01810	0.07631	0.04992	0.01772	0.02358	0.01557	0.02192	0.01180	0.00808	0.00810	0.00263	0.01051	0.00745	0.04588	0.00962
11	0.01683	0.01442	0.01683	0.01202	0.01923	0.01082	0.00961	0.02043	0.01683	0.02644	0.01442	0.01683	0.01202	0.00601	0.00601	0.00120	0.00601	0.00481	0.00481	0.76444
12	0.06161	0.46116	0.24491	0.01670	0.02517	0.02704	0.01881	0.02473	0.01655	0.02219	0.01234	0.01436	0.01028	0.00722	0.00601	0.00205	0.00962	0.00488	0.00354	0.01083
13	0.03641	0.01381	0.01883	0.01444	0.02071	0.01193	0.01193	0.03954	0.02322	0.66984	0.03201	0.02762	0.02009	0.01004	0.00816	0.00251	0.00690	0.00816	0.01004	0.01381
14	0.01627	0.00981	0.01268	0.01146	0.01415	0.00917	0.00874	0.05316	0.02300	0.13170	0.45547	0.12795	0.06162	0.01620	0.00936	0.00262	0.00469	0.01422	0.00890	0.00884
15	0.02783	0.01462	0.01753	0.01424	0.01921	0.03738	0.01144	0.10438	0.07278	0.35894	0.19255	0.03493	0.03398	0.01172	0.00850	0.00252	0.00659	0.00972	0.00918	0.01198
16	0.01532	0.01442	0.02434	0.69533	0.05589	0.01803	0.02253	0.02073	0.01622	0.02073	0.01442	0.02163	0.01082	0.00811	0.00811	0.00270	0.01082	0.00721	0.00361	0.00901
17	0.00989	0.00706	0.00942	0.01130	0.01177	0.00659	0.00753	0.01130	0.01554	0.02071	0.04472	0.70954	0.05367	0.02542	0.01036	0.00330	0.00471	0.02307	0.00753	0.00659
18	0.00988	0.00817	0.00867	0.00868	0.01117	0.00695	0.00646	0.01216	0.01898	0.02339	0.16393	0.11062	0.54243	0.02025	0.00963	0.00274	0.00410	0.01710	0.00774	0.00695
19	0.01513	0.00756	0.00756	0.00756	0.00945	0.00756	0.00567	0.01891	0.01702	0.03025	0.02647	0.03025	0.02080	0.00945	0.00567	0.00189	0.00378	0.00756	0.75988	0.00756
20	0.01180	0.00787	0.00885	0.00885	0.00885	0.00787	0.00492	0.01180	0.01180	0.01573	0.02557	0.05310	0.02950	0.71483	0.04130	0.00787	0.00787	0.01180	0.00492	0.00492
21	0.01683	0.01442	0.01683	0.01202	0.01923	0.01082	0.00961	0.02043	0.01683	0.02644	0.01442	0.01683	0.01202	0.00601	0.00601	0.00120	0.00601	0.00481	0.00481	0.76444
22	0.01409	0.00705	0.01057	0.01057	0.01057	0.00705	0.00705	0.01057	0.01057	0.01409	0.01409	0.02467	0.01409	0.02819	0.03171	0.76392	0.00705	0.00705	0.00352	0.00352
23	0.03641	0.01381	0.01883	0.01444	0.02071	0.01193	0.01193	0.03954	0.02322	0.66984	0.03201	0.02762	0.02009	0.01004	0.00816	0.00251	0.00690	0.00816	0.01004	0.01381
24	0.77215	0.01569	0.01193	0.01067	0.01569	0.01820	0.00879	0.02385	0.01381	0.03641	0.01130	0.01318	0.00879	0.00753	0.00502	0.00251	0.00628	0.00439	0.00502	0.00879
25	0.77215	0.01569	0.01193	0.01067	0.01569	0.01820	0.00879	0.02385	0.01381	0.03641	0.01130	0.01318	0.00879	0.00753	0.00502	0.00251	0.00628	0.00439	0.00502	0.00879
26	0.77215	0.01569	0.01193	0.01067	0.01569	0.01820	0.00879	0.02385	0.01381	0.03641	0.01130	0.01318	0.00879	0.00753	0.00502	0.00251	0.00628	0.00439	0.00502	0.00879
27	0.03085	0.02273	0.02435	0.01867	0.02516	0.02516	0.01542	0.63716	0.03815	0.05114	0.01948	0.01948	0.01380	0.00974	0.00812	0.00244	0.00893	0.00731	0.00812	0.01380
28	0.00999	0.00817	0.00882	0.00879	0.01124	0.00700	0.00654	0.01237	0.01924	0.02400	0.19696	0.10888	0.50978	0.02001	0.00963	0.00273	0.00409	0.01695	0.00782	0.00700
29	0.01775	0.01775	0.02485	0.02130	0.02130	0.02485	0.01775	0.01953	0.01243	0.01953	0.01065	0.01775	0.01065	0.01420	0.02663	0.00355	0.69998	0.00710	0.00355	0.00888
30	0.01161	0.00862	0.01268	0.01268	0.01401	0.00995	0.00970	0.01426	0.01294	0.01857	0.02206	0.03368	0.02107	0.11650	0.62810	0.01260	0.02055	0.00896	0.00440	0.00705
31	0.03610	0.01429	0.01913	0.01467	0.02096	0.01265	0.01212	0.07203	0.02404	0.63621	0.03133	0.02718	0.01974	0.01003	0.00816	0.00251	0.00701	0.00811	0.00994	0.01381
32	0.01532	0.01442	0.02434	0.69533	0.05589	0.01803	0.02253	0.02073	0.01622	0.02073	0.01442	0.02163	0.01082	0.00811	0.00811	0.00270	0.01082	0.00721	0.00361	0.00901
33	0.01409	0.00705	0.01057	0.01057	0.01057	0.00705	0.00705	0.01057	0.01057	0.01409	0.01409	0.02467	0.01409	0.02819	0.03171	0.76392	0.00705	0.00705	0.00352	0.00352
34	0.69066	0.01548	0.01269	0.01109	0.01625	0.01751	0.00914	0.02559	0.01485	0.10657	0.01359	0.01478	0.01004	0.00781	0.00537	0.00251	0.00635	0.00481	0.00558	0.00934
35	0.02498	0.02803	0.02484	0.09313	0.14778	0.33873	0.01801	0.06593	0.07557	0.02426	0.01527	0.01826	0.01239	0.00893	0.00930	0.00241	0.07058	0.00643	0.00463	0.01053
36	0.01230	0.00954	0.01114	0.01102	0.01324	0.00925	0.00812	0.04154	0.08979	0.02744	0.24531	0.23517	0.21724	0.01913	0.00958	0.00282	0.00463	0.01668	0.00808	0.00798
37	0.01029	0.00735	0.00988	0.01176	0.01240	0.00694	0.00823	0.01199	0.01593	0.02116	0.04450	0.63190	0.05279	0.02504	0.01046	0.00335	0.00505	0.09675	0.00752	0.00670
38	0.02795	0.08808	0.02470	0.01894	0.02407	0.31210	0.01512	0.23111	0.04860	0.03100	0.01546	0.01695	0.01216	0.00898	0.00844	0.00223	0.04952	0.00606	0.00557	0.05296

[dist]
# distance from previous block
# <min> <max>
0	1

[block]
# block no. 1 follows, 23 sequences, length 83
# corresponding to MSA columns:
# 87-169
name=unknown_B
#
# <colnr> <probs for GDERKNQSTAVLIFYWHMCP>
#	G	D	E	R	K	N	Q	S	T	A	V	L	I	F	Y	W	H	M	C	P
0	0.03110	0.02231	0.02409	0.01847	0.02496	0.02455	0.01526	0.60934	0.03746	0.07994	0.02006	0.01986	0.01409	0.00975	0.00812	0.00244	0.00883	0.00735	0.00821	0.01380
1	0.01216	0.00936	0.01035	0.00983	0.01265	0.00858	0.00746	0.01682	0.08248	0.04992	0.23766	0.06659	0.41026	0.01811	0.00940	0.00268	0.00436	0.01532	0.00809	0.00793
2	0.01627	0.04197	0.67279	0.02313	0.03512	0.01884	0.02998	0.02570	0.01713	0.02570	0.01456	0.01713	0.01028	0.00771	0.00771	0.00257	0.01199	0.00600	0.00343	0.01199
3	0.01148	0.00829	0.01085	0.01021	0.01212	0.00766	0.00766	0.01531	0.02297	0.03254	0.65994	0.06061	0.07656	0.01659	0.00957	0.00255	0.00383	0.01467	0.00893	0.00766
4	0.01125	0.00801	0.01069	0.01114	0.01184	0.00848	0.00767	0.01277	0.01320	0.01819	0.02864	0.20299	0.03160	0.28325	0.29385	0.00886	0.01273	0.01326	0.00532	0.00626
5	0.03439	0.01703	0.02083	0.01597	0.02232	0.01671	0.01319	0.25568	0.02862	0.44607	0.02748	0.02468	0.01781	0.00993	0.00814	0.00248	0.00764	0.00785	0.00935	0.01381
6	0.01138	0.00829	0.01070	0.01010	0.01206	0.00761	0.00757	0.01510	0.02271	0.03194	0.62711	0.06161	0.10977	0.01681	0.00957	0.00256	0.00384	0.01481	0.00885	0.00761
7	0.01827	0.01735	0.02904	0.29489	0.40473	0.01884	0.02349	0.02408	0.04431	0.02462	0.01569	0.02111	0.01258	0.00773	0.00807	0.00254	0.00995	0.00730	0.00404	0.01139
8	0.00989	0.00706	0.00942	0.01130	0.01177	0.00659	0.00753	0.01130	0.01554	0.02071	0.04472	0.70954	0.05367	0.02542	0.01036	0.00330	0.00471	0.02307	0.00753	0.00659
9	0.01683	0.01442	0.01683	0.01202	0.01923	0.01082	0.00961	0.02043	0.01683	0.02644	0.01442	0.01683	0.01202	0.00601	0.00601	0.00120	0.00601	0.00481	0.00481	0.76444
10	0.77215	0.01569	0.01193	0.01067	0.01569	0.01820	0.00879	0.02385	0.01381	0.03641	0.01130	0.01318	0.00879	0.00753	0.00502	0.00251	0.00628	0.00439	0.00502	0.00879
11	0.01532	0.01442	0.02434	0.69533	0.05589	0.01803	0.02253	0.02073	0.01622	0.02073	0.01442	0.02163	0.01082	0.00811	0.00811	0.00270	0.01082	0.00721	0.00361	0.00901
12	0.01627	0.04197	0.67279	0.02313	0.03512	0.01884	0.02998	0.02570	0.01713	0.02570	0.01456	0.01713	0.01028	0.00771	0.00771	0.00257	0.01199	0.00600	0.00343	0.01199
13	0.24163	0.01998	0.01978	0.01585	0.02171	0.04728	0.01298	0.33513	0.05720	0.12381	0.01911	0.01904	0.01356	0.00916	0.00722	0.00247	0.00803	0.00659	0.00733	0.01216
14	0.01532	0.01442	0.02434	0.69533	0.05589	0.01803	0.02253	0.02073	0.01622	0.02073	0.01442	0.02163	0.01082	0.00811	0.00811	0.00270	0.01082	0.00721	0.00361	0.00901
15	0.07071	0.01403	0.01772	0.01408	0.01957	0.01315	0.01139	0.06956	0.07054	0.48025	0.06561	0.02992	0.02324	0.05024	0.00996	0.00283	0.00683	0.00857	0.00918	0.01262
16	0.01849	0.01765	0.03005	0.26622	0.46027	0.01886	0.02411	0.02350	0.01772	0.02457	0.01498	0.02060	0.01217	0.00753	0.00806	0.00251	0.01003	0.00722	0.00388	0.01157
17	0.01658	0.07998	0.63744	0.02261	0.03432	0.01959	0.02908	0.02562	0.01710	0.02533	0.01438	0.01690	0.01029	0.00767	0.00757	0.00252	0.01181	0.00590	0.00343	0.01190
18	0.01709	0.01492	0.01773	0.01320	0.01954	0.01273	0.01062	0.02146	0.04763	0.02610	0.01495	0.01759	0.01251	0.00710	0.00825	0.00152	0.07777	0.00526	0.00485	0.64920
19	0.01183	0.00782	0.00883	0.00891	0.00900	0.00780	0.00505	0.01202	0.01214	0.01644	0.02642	0.08049	0.03024	0.66118	0.03876	0.00747	0.00759	0.01214	0.03079	0.00508
20	0.01192	0.00831	0.00975	0.00976	0.00981	0.00863	0.00586	0.01216	0.01222	0.01644	0.02674	0.11842	0.03098	0.60724	0.03736	0.00717	0.04413	0.01270	0.00511	0.00530
21	0.06035	0.05052	0.14908	0.06420	0.03536	0.01913	0.33655	0.02376	0.01767	0.02525	0.01838	0.07022	0.01592	0.00940	0.00958	0.00277	0.04073	0.03645	0.00435	0.01033
22	0.02916	0.06385	0.02439	0.02001	0.02464	0.42692	0.01568	0.19553	0.02606	0.02830	0.01424	0.01610	0.01137	0.00909	0.00882	0.00227	0.06190	0.00589	0.00517	0.01061
23	0.01308	0.00934	0.01308	0.01494	0.01681	0.00934	0.01308	0.01681	0.01868	0.02428	0.04296	0.09153	0.04670	0.02242	0.01121	0.00374	0.00747	0.60960	0.00747	0.00747
24	0.01854	0.06223	0.09737	0.03084	0.03886	0.02026	0.51415	0.02505	0.01863	0.02528	0.01756	0.05955	0.01435	0.00796	0.00922	0.00270	0.01275	0.00974	0.00420	0.01076
25	0.01872	0.02487	0.14082	0.03255	0.04132	0.02027	0.54480	0.02595	0.01885	0.02595	0.01614	0.02118	0.01201	0.00697	0.00930	0.00271	0.01343	0.00904	0.00400	0.01110
26	0.01014	0.00824	0.00899	0.00880	0.01130	0.00709	0.00660	0.01271	0.01980	0.02502	0.25059	0.07300	0.49060	0.01940	0.00958	0.00269	0.00403	0.01641	0.00794	0.00709
27	0.01122	0.00809	0.01061	0.01039	0.01206	0.00748	0.00764	0.01466	0.02175	0.03061	0.55938	0.16668	0.07282	0.01803	0.00970	0.00267	0.00397	0.01605	0.00870	0.00748
28	0.02057	0.60795	0.11010	0.01485	0.02206	0.02950	0.01545	0.02393	0.01638	0.01980	0.01219	0.01446	0.01092	0.00986	0.04114	0.00242	0.00973	0.00475	0.00351	0.01042
29	0.01627	0.04197	0.67279	0.02313	0.03512	0.01884	0.02998	0.02570	0.01713	0.02570	0.01456	0.01713	0.01028	0.00771	0.00771	0.00257	0.01199	0.00600	0.00343	0.01199
30	0.01148	0.00829	0.01085	0.01021	0.01212	0.00766	0.00766	0.01531	0.02297	0.03254	0.65994	0.06061	0.07656	0.01659	0.00957	0.00255	0.00383	0.01467	0.00893	0.00766
31	0.01018	0.00799	0.00921	0.00944	0.01146	0.00702	0.00688	0.01260	0.01911	0.02464	0.23604	0.20886	0.36671	0.02049	0.00975	0.00281	0.00416	0.01772	0.00793	0.00702
32	0.17758	0.02128	0.05667	0.01629	0.02199	0.06916	0.01387	0.27068	0.05880	0.07447	0.01811	0.01908	0.01339	0.00916	0.00809	0.00241	0.04244	0.00650	0.04621	0.05383
33	0.01754	0.00985	0.01289	0.01158	0.01448	0.00908	0.00887	0.02176	0.04874	0.18116	0.42092	0.12002	0.05868	0.01575	0.00927	0.00263	0.00475	0.01380	0.00902	0.00921
34	0.00987	0.00712	0.00935	0.01114	0.01173	0.00660	0.00746	0.01132	0.01569	0.02078	0.04670	0.67630	0.08563	0.02516	0.01032	0.00327	0.00468	0.02275	0.00753	0.00660
35	0.00989	0.00706	0.00942	0.01130	0.01177	0.00659	0.00753	0.01130	0.01554	0.02071	0.04472	0.70954	0.05367	0.02542	0.01036	0.00330	0.00471	0.02307	0.00753	0.00659
36	0.01683	0.01442	0.01683	0.01202	0.01923	0.01082	0.00961	0.02043	0.01683	0.02644	0.01442	0.01683	0.01202	0.00601	0.00601	0.00120	0.00601	0.00481	0.00481	0.76444
37	0.01565	0.01609	0.12735	0.01543	0.01988	0.01160	0.06959	0.04572	0.01999	0.08568	0.21391	0.18984	0.07784	0.04116	0.01041	0.00293	0.00698	0.01372	0.00708	0.00913
38	0.01012	0.00720	0.00954	0.01133	0.01184	0.00677	0.00764	0.01156	0.01549	0.02062	0.04370	0.65059	0.05217	0.05935	0.01192	0.00354	0.00498	0.04768	0.00740	0.00655
39	0.01921	0.05808	0.03214	0.16993	0.45188	0.01987	0.05804	0.02479	0.04101	0.02522	0.01559	0.02046	0.01273	0.00750	0.00798	0.00246	0.00992	0.00727	0.00407	0.01187
40	0.01658	0.08049	0.63697	0.02260	0.03431	0.01960	0.02907	0.02562	0.01709	0.02532	0.01438	0.01690	0.01029	0.00767	0.00757	0.00252	0.01180	0.00590	0.00343	0.01190
41	0.02008	0.01928	0.03294	0.04981	0.66422	0.01928	0.02490	0.02490	0.01848	0.02651	0.01526	0.02008	0.01285	0.00723	0.00803	0.00241	0.00964	0.00723	0.00402	0.01285
42	0.01683	0.01442	0.01683	0.01202	0.01923	0.01082	0.00961	0.02043	0.01683	0.02644	0.01442	0.01683	0.01202	0.00601	0.00601	0.00120	0.00601	0.00481	0.00481	0.76444
43	0.01169	0.00782	0.00888	0.00899	0.00901	0.00780	0.00506	0.01177	0.01201	0.01601	0.02664	0.08991	0.03086	0.67617	0.03956	0.00761	0.00769	0.01243	0.00506	0.00501
44	0.03613	0.01425	0.01910	0.01465	0.02093	0.01258	0.01210	0.06907	0.02396	0.63927	0.03139	0.02722	0.01978	0.01003	0.00816	0.00251	0.00700	0.00812	0.00995	0.01381
45	0.01010	0.00722	0.00964	0.01139	0.01199	0.00676	0.00776	0.01173	0.01605	0.02148	0.07698	0.65098	0.05459	0.02484	0.01035	0.00327	0.00477	0.04585	0.00760	0.00668
46	0.01180	0.00787	0.00885	0.00885	0.00885	0.00787	0.00492	0.01180	0.01180	0.01573	0.02557	0.05310	0.02950	0.71483	0.04130	0.00787	0.00787	0.01180	0.00492	0.00492
47	0.77215	0.01569	0.01193	0.01067	0.01569	0.01820	0.00879	0.02385	0.01381	0.03641	0.01130	0.01318	0.00879	0.00753	0.00502	0.00251	0.00628	0.00439	0.00502	0.00879
48	0.01775	0.01775	0.02485	0.02130	0.02130	0.02485	0.01775	0.01953	0.01243	0.01953	0.01065	0.01775	0.01065	0.01420	0.02663	0.00355	0.69998	0.00710	0.00355	0.00888
49	0.03085	0.02273	0.02435	0.01867	0.02516	0.02516	0.01542	0.63716	0.03815	0.05114	0.01948	0.01948	0.01380	0.00974	0.00812	0.00244	0.00893	0.00731	0.00812	0.01380
50	0.01180	0.00787	0.00885	0.00885	0.00885	0.00787	0.00492	0.01180	0.01180	0.01573	0.02557	0.05310	0.02950	0.71483	0.04130	0.00787	0.00787	0.01180	0.00492	0.00492
51	0.77215	0.01569	0.01193	0.01067	0.01569	0.01820	0.00879	0.02385	0.01381	0.03641	0.01130	0.01318	0.00879	0.00753	0.00502	0.00251	0.00628	0.00439	0.00502	0.00879
52	0.03611	0.01428	0.01912	0.01466	0.02095	0.01263	0.01211	0.07113	0.02401	0.63713	0.03135	0.02719	0.01975	0.01003	0.00816	0.00251	0.00701	0.00811	0.00994	0.01381
53	0.01212	0.00847	0.01105	0.01215	0.01313	0.00848	0.00923	0.01414	0.01548	0.02043	0.03582	0.15664	0.04007	0.27638	0.05520	0.00564	0.00795	0.28479	0.00640	0.00641
54	0.02275	0.01681	0.01834	0.01599	0.02086	0.01869	0.01258	0.07275	0.49919	0.12907	0.03409	0.03119	0.04847	0.01117	0.00829	0.00270	0.00654	0.00924	0.00849	0.01280
55	0.02679	0.01882	0.02003	0.01581	0.02112	0.02063	0.01291	0.47786	0.03271	0.04576	0.02128	0.02226	0.01560	0.00967	0.00749	0.00229	0.00760	0.00737	0.20182	0.01219
56	0.01187	0.00796	0.00953	0.00961	0.00999	0.00819	0.00598	0.01265	0.01247	0.01731	0.02576	0.07588	0.02843	0.53208	0.14929	0.00823	0.00991	0.01150	0.04783	0.00554
57	0.03641	0.01381	0.01883	0.01444	0.02071	0.01193	0.01193	0.03954	0.02322	0.66984	0.03201	0.02762	0.02009	0.01004	0.00816	0.00251	0.00690	0.00816	0.01004	0.01381
58	0.01184	0.00851	0.01037	0.01003	0.01141	0.00822	0.00694	0.01511	0.04735	0.02619	0.37497	0.08763	0.07918	0.24435	0.01988	0.00433	0.00531	0.01397	0.00748	0.00692
59	0.03555	0.01400	0.01881	0.01455	0.02073	0.01236	0.01197	0.03973	0.05613	0.63643	0.03207	0.02776	0.02033	0.01009	0.00817	0.00252	0.00688	0.00821	0.00995	0.01376
60	0.01815	0.25137	0.35417	0.01928	0.02756	0.02340	0.02213	0.02410	0.01626	0.02294	0.01349	0.01648	0.01082	0.00845	0.00948	0.00241	0.10702	0.00569	0.03592	0.01087
61	0.02497	0.06802	0.02127	0.05429	0.02171	0.01712	0.01358	0.02934	0.07039	0.28899	0.02334	0.02582	0.01754	0.05241	0.07258	0.00392	0.16903	0.00789	0.00676	0.01102
62	0.01041	0.00746	0.00993	0.01127	0.01213	0.00698	0.00787	0.01248	0.01732	0.02347	0.17756	0.53433	0.05822	0.02334	0.01024	0.00316	0.00467	0.05446	0.00783	0.00687
63	0.02035	0.02003	0.03193	0.08483	0.59613	0.05411	0.02428	0.02506	0.01859	0.02583	0.01507	0.01988	0.01261	0.00734	0.00800	0.00241	0.00997	0.00712	0.00400	0.01245
64	0.01870	0.01834	0.02895	0.30832	0.38558	0.05361	0.02346	0.02362	0.01781	0.02383	0.01478	0.02042	0.01191	0.00764	0.00803	0.00251	0.01038	0.00712	0.00386	0.01113
65	0.01292	0.00933	0.01273	0.07469	0.01697	0.00946	0.00970	0.01593	0.01930	0.06025	0.31314	0.24326	0.09496	0.01816	0.01056	0.00285	0.04447	0.01582	0.00769	0.00781
66	0.01730	0.01710	0.02420	0.05628	0.02276	0.02372	0.01760	0.01933	0.01266	0.01955	0.01143	0.01870	0.01117	0.01634	0.06019	0.00401	0.62807	0.00719	0.00360	0.00880
67	0.17067	0.07078	0.02287	0.02087	0.07618	0.43888	0.01502	0.05223	0.02106	0.02469	0.01272	0.01490	0.01046	0.00808	0.00685	0.00219	0.01207	0.00526	0.00443	0.00980
68	0.01009	0.00759	0.00938	0.01047	0.01176	0.00687	0.00736	0.01203	0.01727	0.02249	0.12406	0.44641	0.21899	0.02302	0.01009	0.00308	0.00454	0.04002	0.00769	0.00681
69	0.01627	0.04197	0.67279	0.02313	0.03512	0.01884	0.02998	0.02570	0.01713	0.02570	0.01456	0.01713	0.01028	0.00771	0.00771	0.00257	0.01199	0.00600	0.00343	0.01199
70	0.01683	0.01442	0.01683	0.01202	0.01923	0.01082	0.00961	0.02043	0.01683	0.02644	0.01442	0.01683	0.01202	0.00601	0.00601	0.00120	0.00601	0.00481	0.00481	0.76444
71	0.01097	0.00827	0.01014	0.00967	0.01181	0.00744	0.00725	0.01432	0.02176	0.02966	0.50348	0.06535	0.23481	0.01766	0.00958	0.00260	0.00390	0.01534	0.00855	0.00744
72	0.01775	0.01775	0.02485	0.02130	0.02130	0.02485	0.01775	0.01953	0.01243	0.01953	0.01065	0.01775	0.01065	0.01420	0.02663	0.00355	0.69998	0.00710	0.00355	0.00888
73	0.01120	0.00844	0.01057	0.01131	0.01326	0.00781	0.00896	0.01411	0.01913	0.02489	0.19284	0.16994	0.24120	0.02098	0.01023	0.00311	0.00524	0.21177	0.00783	0.00720
74	0.01180	0.00787	0.00885	0.00885	0.00885	0.00787	0.00492	0.01180	0.01180	0.01573	0.02557	0.05310	0.02950	0.71483	0.04130	0.00787	0.00787	0.01180	0.00492	0.00492
75	0.01005	0.00719	0.00956	0.01119	0.01181	0.00670	0.00754	0.01171	0.01630	0.02192	0.10769	0.64312	0.05601	0.02452	0.01028	0.00322	0.00462	0.02221	0.00768	0.00670
76	0.03085	0.02273	0.02435	0.01867	0.02516	0.02516	0.01542	0.63716	0.03815	0.05114	0.01948	0.01948	0.01380	0.00974	0.00812	0.00244	0.00893	0.00731	0.00812	0.01380
77	0.77215	0.01569	0.01193	0.01067	0.01569	0.01820	0.00879	0.02385	0.01381	0.03641	0.01130	0.01318	0.00879	0.00753	0.00502	0.00251	0.00628	0.00439	0.00502	0.00879
78	0.03499	0.01350	0.01838	0.01420	0.02023	0.01168	0.01168	0.03817	0.02321	0.63362	0.06769	0.02949	0.02330	0.01041	0.00824	0.00251	0.00673	0.00853	0.00998	0.01346
79	0.02858	0.02100	0.02263	0.01769	0.02348	0.02313	0.01438	0.56619	0.03537	0.04740	0.02126	0.06060	0.01695	0.05055	0.01012	0.00279	0.00863	0.00846	0.00790	0.01289
80	0.03641	0.01381	0.01883	0.01444	0.02071	0.01193	0.01193	0.03954	0.02322	0.66984	0.03201	0.02762	0.02009	0.01004	0.00816	0.00251	0.00690	0.00816	0.01004	0.01381
81	0.01683	0.01442	0.01683	0.01202	0.01923	0.01082	0.00961	0.02043	0.01683	0.02644	0.01442	0.01683	0.01202	0.00601	0.00601	0.00120	0.00601	0.00481	0.00481	0.76444
82	0.01256	0.00999	0.01438	0.01383	0.01490	0.01214	0.01072	0.01496	0.01281	0.01859	0.02047	0.03210	0.01985	0.12741	0.50986	0.01100	0.12411	0.00880	0.00429	0.00723

[dist]
# distance from previous block
# <min> <max>
0	38

[block]
# block no. 2 follows, 23 sequences, length 64
# corresponding to MSA columns:
# 208-271
name=unknown_C
#
# <colnr> <probs for GDERKNQSTAVLIFYWHMCP>
#	G	D	E	R	K	N	Q	S	T	A	V	L	I	F	Y	W	H	M	C	P
0	0.03085	0.02273	0.02435	0.01867	0.02516	0.02516	0.01542	0.63716	0.03815	0.05114	0.01948	0.01948	0.01380	0.00974	0.00812	0.00244	0.00893	0.00731	0.00812	0.01380
1	0.01770	0.03824	0.57475	0.02536	0.09758	0.01853	0.02854	0.02633	0.01758	0.05902	0.01553	0.01797	0.01104	0.00778	0.00776	0.00255	0.01149	0.00623	0.00383	0.01217
2	0.01997	0.01381	0.01574	0.01433	0.01833	0.01453	0.01134	0.06437	0.28370	0.13371	0.04224	0.10117	0.13137	0.01490	0.00898	0.00286	0.00625	0.08323	0.00827	0.01092
3	0.01532	0.01442	0.02434	0.69533	0.05589	0.01803	0.02253	0.02073	0.01622	0.02073	0.01442	0.02163	0.01082	0.00811	0.00811	0.00270	0.01082	0.00721	0.00361	0.00901
4	0.00978	0.00749	0.00897	0.01016	0.01147	0.00669	0.00702	0.01143	0.01663	0.02116	0.05863	0.47516	0.27906	0.02361	0.01007	0.00309	0.00449	0.02086	0.00753	0.00669
5	0.02223	0.02311	0.03451	0.03296	0.20796	0.12962	0.25700	0.09048	0.02146	0.02804	0.01643	0.02047	0.01286	0.00768	0.00837	0.00245	0.01158	0.00783	0.05366	0.01130
6	0.03361	0.01419	0.01873	0.01470	0.02060	0.01302	0.01205	0.06537	0.06875	0.55996	0.03095	0.02768	0.02015	0.01290	0.04534	0.00311	0.00778	0.00822	0.00951	0.01338
7	0.01715	0.01495	0.01833	0.01331	0.02040	0.01186	0.03801	0.02216	0.05808	0.02691	0.01572	0.01793	0.01286	0.00637	0.00632	0.00137	0.00638	0.00531	0.00500	0.68158
8	0.01919	0.01782	0.02896	0.25868	0.39742	0.01927	0.02303	0.06218	0.04571	0.02645	0.01600	0.02099	0.01275	0.00784	0.00807	0.00252	0.00985	0.00731	0.00431	0.01165
9	0.01587	0.01498	0.02533	0.62098	0.12595	0.01817	0.02281	0.02121	0.01648	0.02140	0.01452	0.02145	0.01105	0.00801	0.00810	0.00267	0.01068	0.00721	0.00365	0.00946
10	0.03046	0.02254	0.02413	0.01859	0.02502	0.02498	0.01533	0.61555	0.06039	0.05051	0.01997	0.01987	0.01420	0.00979	0.00812	0.00245	0.00884	0.00737	0.00812	0.01376
11	0.02046	0.20429	0.18928	0.06645	0.02866	0.07490	0.06225	0.02503	0.01683	0.06172	0.01390	0.01731	0.01119	0.00912	0.01143	0.00255	0.16388	0.00622	0.00399	0.01053
12	0.01036	0.00783	0.01140	0.01248	0.01335	0.00731	0.03990	0.01206	0.01572	0.02099	0.04326	0.67405	0.05153	0.02446	0.01032	0.00327	0.00517	0.02237	0.00736	0.00682
13	0.03015	0.02238	0.02396	0.01853	0.02490	0.02484	0.01525	0.59853	0.07791	0.05002	0.02036	0.02018	0.01451	0.00982	0.00813	0.00246	0.00877	0.00743	0.00813	0.01374
14	0.02169	0.71972	0.04252	0.01388	0.02083	0.03211	0.01388	0.02430	0.01649	0.01909	0.01128	0.01302	0.01041	0.00694	0.00521	0.00174	0.00868	0.00434	0.00347	0.01041
15	0.08807	0.14003	0.46257	0.02151	0.03177	0.02093	0.07716	0.02534	0.01690	0.02573	0.01392	0.01655	0.01033	0.00750	0.00724	0.00245	0.01110	0.00590	0.00364	0.01136
16	0.01913	0.38389	0.32946	0.01889	0.02818	0.02562	0.04567	0.02500	0.01689	0.02237	0.01298	0.01524	0.01043	0.00729	0.00652	0.00215	0.01038	0.00530	0.00348	0.01115
17	0.01180	0.00787	0.00885	0.00885	0.00885	0.00787	0.00492	0.01180	0.01180	0.01573	0.02557	0.05310	0.02950	0.71483	0.04130	0.00787	0.00787	0.01180	0.00492	0.00492
18	0.00997	0.00713	0.00949	0.01124	0.01179	0.00665	0.00754	0.01152	0.01594	0.02137	0.07863	0.67377	0.05493	0.02493	0.01031	0.00325	0.00466	0.02260	0.00761	0.00665
19	0.01831	0.01897	0.03142	0.18258	0.17067	0.06172	0.20164	0.02393	0.04050	0.02445	0.04902	0.02562	0.04791	0.00911	0.00989	0.00267	0.05804	0.00869	0.00448	0.01038
20	0.01409	0.00705	0.01057	0.01057	0.01057	0.00705	0.00705	0.01057	0.01057	0.01409	0.01409	0.02467	0.01409	0.02819	0.03171	0.76392	0.00705	0.00705	0.00352	0.00352
21	0.01135	0.00812	0.01106	0.01269	0.01387	0.00782	0.00982	0.01395	0.01755	0.02332	0.10367	0.39317	0.05303	0.02333	0.01063	0.00340	0.00576	0.26278	0.00764	0.00706
22	0.01980	0.01613	0.01817	0.01763	0.06378	0.01781	0.01286	0.07314	0.42980	0.05946	0.05745	0.03717	0.09847	0.01226	0.00852	0.00272	0.00650	0.02849	0.00795	0.01192
23	0.02619	0.01910	0.02169	0.06894	0.02511	0.02106	0.01454	0.42777	0.07076	0.07206	0.09210	0.02585	0.02184	0.01286	0.03979	0.00299	0.00886	0.00834	0.00778	0.01238
24	0.01316	0.01063	0.01043	0.00997	0.01282	0.05328	0.00751	0.01555	0.01972	0.06783	0.16656	0.09625	0.44977	0.01858	0.00937	0.00267	0.00500	0.01557	0.00771	0.00762
25	0.77215	0.01569	0.01193	0.01067	0.01569	0.01820	0.00879	0.02385	0.01381	0.03641	0.01130	0.01318	0.00879	0.00753	0.00502	0.00251	0.00628	0.00439	0.00502	0.00879
26	0.77215	0.01569	0.01193	0.01067	0.01569	0.01820	0.00879	0.02385	0.01381	0.03641	0.01130	0.01318	0.00879	0.00753	0.00502	0.00251	0.00628	0.00439	0.00502	0.00879
27	0.02018	0.01743	0.01835	0.01651	0.02110	0.02018	0.01284	0.04312	0.64956	0.03394	0.03303	0.03027	0.02477	0.01101	0.00826	0.00275	0.00642	0.00917	0.00826	0.01284
28	0.01683	0.01442	0.01683	0.01202	0.01923	0.01082	0.00961	0.02043	0.01683	0.02644	0.01442	0.01683	0.01202	0.00601	0.00601	0.00120	0.00601	0.00481	0.00481	0.76444
29	0.01779	0.01499	0.01734	0.01247	0.01964	0.01180	0.01001	0.06266	0.01829	0.02813	0.01477	0.01701	0.01214	0.00626	0.00615	0.00129	0.00621	0.00498	0.00503	0.71303
30	0.01661	0.08390	0.63380	0.02256	0.03424	0.01966	0.02898	0.02561	0.01709	0.02529	0.01436	0.01688	0.01029	0.00766	0.00755	0.00252	0.01179	0.00589	0.00343	0.01189
31	0.00978	0.00746	0.00901	0.01024	0.01149	0.00668	0.00706	0.01142	0.01655	0.02113	0.05758	0.49293	0.26198	0.02375	0.01009	0.00310	0.00450	0.02103	0.00753	0.00668
32	0.00989	0.00706	0.00942	0.01130	0.01177	0.00659	0.00753	0.01130	0.01554	0.02071	0.04472	0.70954	0.05367	0.02542	0.01036	0.00330	0.00471	0.02307	0.00753	0.00659
33	0.03286	0.01767	0.07847	0.01587	0.02258	0.01470	0.01404	0.11112	0.06522	0.49521	0.02898	0.02586	0.01874	0.00986	0.00812	0.00252	0.00758	0.00793	0.00910	0.01358
34	0.02936	0.08463	0.02468	0.02144	0.04732	0.61437	0.01588	0.03158	0.02239	0.02004	0.01255	0.01471	0.01053	0.00822	0.00720	0.00208	0.01405	0.00524	0.00413	0.00960
35	0.01947	0.01520	0.01936	0.01398	0.02113	0.01216	0.05074	0.04880	0.01850	0.08986	0.01647	0.01831	0.01290	0.00661	0.00654	0.00148	0.00672	0.00555	0.00541	0.61080
36	0.01663	0.06954	0.61937	0.02322	0.03483	0.01947	0.05541	0.02565	0.01719	0.02543	0.01450	0.01716	0.01037	0.00764	0.00768	0.00254	0.01193	0.00608	0.00346	0.01188
37	0.01207	0.00834	0.01057	0.01026	0.01227	0.00755	0.00759	0.01520	0.02109	0.05802	0.44165	0.16497	0.16334	0.01832	0.00963	0.00270	0.00415	0.01610	0.00854	0.00764
38	0.01327	0.00831	0.01118	0.01198	0.01351	0.00775	0.00887	0.01568	0.01819	0.08648	0.15990	0.42182	0.05364	0.02178	0.01013	0.00315	0.00519	0.11351	0.00803	0.00763
39	0.01927	0.01898	0.03396	0.13923	0.48427	0.01929	0.11624	0.02447	0.01826	0.02561	0.01532	0.02057	0.01248	0.00730	0.00828	0.00250	0.01041	0.00758	0.00397	0.01202
40	0.00989	0.00706	0.00942	0.01130	0.01177	0.00659	0.00753	0.01130	0.01554	0.02071	0.04472	0.70954	0.05367	0.02542	0.01036	0.00330	0.00471	0.02307	0.00753	0.00659
41	0.01180	0.00787	0.00885	0.00885	0.00885	0.00787	0.00492	0.01180	0.01180	0.01573	0.02557	0.05310	0.02950	0.71483	0.04130	0.00787	0.00787	0.01180	0.00492	0.00492
42	0.00989	0.00706	0.00942	0.01130	0.01177	0.00659	0.00753	0.01130	0.01554	0.02071	0.04472	0.70954	0.05367	0.02542	0.01036	0.00330	0.00471	0.02307	0.00753	0.00659
43	0.01683	0.01442	0.01683	0.01202	0.01923	0.01082	0.00961	0.02043	0.01683	0.02644	0.01442	0.01683	0.01202	0.00601	0.00601	0.00120	0.00601	0.00481	0.00481	0.76444
44	0.03078	0.01359	0.01774	0.01407	0.01950	0.01245	0.01144	0.07245	0.05862	0.48440	0.14176	0.03307	0.02989	0.01123	0.00841	0.00253	0.00646	0.00931	0.00963	0.01267
45	0.00989	0.00706	0.00942	0.01130	0.01177	0.00659	0.00753	0.01130	0.01554	0.02071	0.04472	0.70954	0.05367	0.02542	0.01036	0.00330	0.00471	0.02307	0.00753	0.00659
46	0.01987	0.01906	0.03254	0.07923	0.63649	0.01922	0.02479	0.02471	0.01837	0.02625	0.01522	0.02015	0.01276	0.00727	0.00804	0.00242	0.00969	0.00723	0.00400	0.01268
47	0.03641	0.01381	0.01883	0.01444	0.02071	0.01193	0.01193	0.03954	0.02322	0.66984	0.03201	0.02762	0.02009	0.01004	0.00816	0.00251	0.00690	0.00816	0.01004	0.01381
48	0.02169	0.71972	0.04252	0.01388	0.02083	0.03211	0.01388	0.02430	0.01649	0.01909	0.01128	0.01302	0.01041	0.00694	0.00521	0.00174	0.00868	0.00434	0.00347	0.01041
49	0.00989	0.00706	0.00942	0.01130	0.01177	0.00659	0.00753	0.01130	0.01554	0.02071	0.04472	0.70954	0.05367	0.02542	0.01036	0.00330	0.00471	0.02307	0.00753	0.00659
50	0.04215	0.01774	0.02350	0.07980	0.05957	0.05130	0.04081	0.08323	0.01693	0.02493	0.01443	0.02010	0.01249	0.01400	0.05103	0.00350	0.35623	0.00719	0.07157	0.00951
51	0.01108	0.00818	0.01035	0.01001	0.01193	0.00745	0.00743	0.01446	0.02172	0.03005	0.52675	0.11669	0.15801	0.01788	0.00964	0.00264	0.00394	0.01572	0.00862	0.00745
52	0.01483	0.00906	0.01179	0.01067	0.01324	0.00820	0.00816	0.01845	0.02273	0.12043	0.53695	0.05711	0.10487	0.01592	0.00938	0.00256	0.00427	0.01392	0.00900	0.00846
53	0.01655	0.07605	0.64110	0.02266	0.03440	0.01951	0.02917	0.02563	0.01710	0.02536	0.01440	0.01692	0.01029	0.00767	0.00758	0.00253	0.01183	0.00591	0.00343	0.01191
54	0.03039	0.03627	0.02320	0.02057	0.02510	0.58337	0.01564	0.12341	0.02528	0.02457	0.01359	0.01536	0.01096	0.00857	0.00744	0.00214	0.01377	0.00554	0.00477	0.01007
55	0.01162	0.00859	0.01254	0.01254	0.01381	0.00987	0.00952	0.01417	0.01289	0.01846	0.02219	0.03443	0.02139	0.13939	0.60565	0.01242	0.02007	0.00907	0.00442	0.00697
56	0.04363	0.01601	0.02478	0.52062	0.11185	0.01907	0.02140	0.09991	0.01917	0.02573	0.01505	0.02091	0.01133	0.00821	0.00800	0.00263	0.01030	0.00713	0.00427	0.01000
57	0.01433	0.00774	0.00825	0.00825	0.01014	0.00781	0.00623	0.01789	0.01665	0.02835	0.02973	0.03372	0.06457	0.01621	0.08491	0.00325	0.00590	0.00835	0.62023	0.00748
58	0.06309	0.04697	0.06598	0.01687	0.02244	0.14104	0.01427	0.22059	0.04970	0.06178	0.02254	0.06644	0.05125	0.01057	0.00829	0.00236	0.03127	0.00799	0.00628	0.09028
59	0.01741	0.01885	0.08080	0.33861	0.27059	0.01839	0.06130	0.02294	0.01731	0.02378	0.01486	0.02052	0.01165	0.00759	0.00805	0.00252	0.01046	0.00716	0.00382	0.04336
60	0.01755	0.01440	0.01690	0.01211	0.01928	0.01086	0.00970	0.02114	0.01706	0.05023	0.01507	0.01722	0.01232	0.00616	0.00609	0.00125	0.00604	0.00493	0.00500	0.73669
61	0.02077	0.26430	0.24969	0.01796	0.02607	0.02407	0.01923	0.12835	0.09183	0.02890	0.04371	0.01945	0.01535	0.00853	0.00707	0.00228	0.00939	0.00638	0.00500	0.01167
62	0.08209	0.01669	0.02216	0.11158	0.10348	0.01851	0.04935	0.13926	0.11680	0.06181	0.07280	0.02555	0.02023	0.00993	0.00916	0.00259	0.05536	0.00811	0.06352	0.01102
63	0.01774	0.01496	0.01732	0.01245	0.01962	0.01175	0.00999	0.06054	0.01821	0.02805	0.01475	0.01700	0.01213	0.00625	0.00615	0.00128	0.00620	0.00497	0.00502	0.71562

[dist]
# distance from previous block
# <min> <max>
0	1

[block]
# block no. 3 follows, 23 sequences, length 66
# corresponding to MSA columns:
# 273-338
name=unknown_D
#
# <colnr> <probs for GDERKNQSTAVLIFYWHMCP>
#	G	D	E	R	K	N	Q	S	T	A	V	L	I	F	Y	W	H	M	C	P
0	0.01011	0.00715	0.00935	0.01102	0.01143	0.00674	0.00723	0.01136	0.01511	0.02014	0.04253	0.63428	0.05090	0.10446	0.01390	0.00382	0.00507	0.02178	0.00723	0.00640
1	0.02980	0.02171	0.02414	0.07321	0.02748	0.02408	0.01586	0.56434	0.03580	0.07248	0.01955	0.01997	0.01380	0.00962	0.00812	0.00246	0.00900	0.00733	0.00783	0.01341
2	0.01513	0.00756	0.00756	0.00756	0.00945	0.00756	0.00567	0.01891	0.01702	0.03025	0.02647	0.03025	0.02080	0.00945	0.00567	0.00189	0.00378	0.00756	0.75988	0.00756
3	0.01865	0.01551	0.01781	0.01289	0.02000	0.01269	0.01037	0.10087	0.01961	0.02966	0.01508	0.01717	0.01225	0.00650	0.00628	0.00136	0.00639	0.00513	0.00524	0.66654
4	0.01128	0.00814	0.01066	0.01035	0.01208	0.00752	0.00764	0.01480	0.02201	0.03102	0.58097	0.14391	0.07362	0.01772	0.00967	0.00265	0.00394	0.01575	0.00875	0.00752
5	0.02392	0.01898	0.02027	0.01709	0.02221	0.02142	0.01358	0.28274	0.36416	0.04016	0.02820	0.06539	0.02199	0.01133	0.00832	0.00265	0.00734	0.00922	0.00816	0.01287
6	0.01513	0.00756	0.00756	0.00756	0.00945	0.00756	0.00567	0.01891	0.01702	0.03025	0.02647	0.03025	0.02080	0.00945	0.00567	0.00189	0.00378	0.00756	0.75988	0.00756
7	0.01157	0.00777	0.00892	0.00915	0.00921	0.00771	0.00524	0.01174	0.01226	0.01634	0.02791	0.13334	0.03245	0.63056	0.03752	0.00731	0.00748	0.01318	0.00524	0.00512
8	0.02169	0.71972	0.04252	0.01388	0.02083	0.03211	0.01388	0.02430	0.01649	0.01909	0.01128	0.01302	0.01041	0.00694	0.00521	0.00174	0.00868	0.00434	0.00347	0.01041
9	0.77215	0.01569	0.01193	0.01067	0.01569	0.01820	0.00879	0.02385	0.01381	0.03641	0.01130	0.01318	0.00879	0.00753	0.00502	0.00251	0.00628	0.00439	0.00502	0.00879
10	0.02031	0.01896	0.03039	0.07514	0.53062	0.01957	0.02293	0.05177	0.09646	0.02814	0.01757	0.02138	0.01425	0.00784	0.00807	0.00247	0.00927	0.00747	0.00468	0.01271
11	0.01829	0.22945	0.38845	0.02242	0.03234	0.02287	0.12881	0.02535	0.01730	0.02389	0.01395	0.01679	0.01066	0.00734	0.00732	0.00236	0.01135	0.00614	0.00355	0.01137
12	0.02169	0.71972	0.04252	0.01388	0.02083	0.03211	0.01388	0.02430	0.01649	0.01909	0.01128	0.01302	0.01041	0.00694	0.00521	0.00174	0.00868	0.00434	0.00347	0.01041
13	0.01417	0.00977	0.01210	0.01178	0.01428	0.00929	0.00926	0.06362	0.02152	0.06587	0.26373	0.14448	0.17430	0.01869	0.00980	0.00290	0.00528	0.13277	0.00820	0.00816
14	0.01683	0.01442	0.01683	0.01202	0.01923	0.01082	0.00961	0.02043	0.01683	0.02644	0.01442	0.01683	0.01202	0.00601	0.00601	0.00120	0.00601	0.00481	0.00481	0.76444
15	0.01775	0.01775	0.02485	0.02130	0.02130	0.02485	0.01775	0.01953	0.01243	0.01953	0.01065	0.01775	0.01065	0.01420	0.02663	0.00355	0.69998	0.00710	0.00355	0.00888
16	0.02239	0.66466	0.04094	0.01445	0.02117	0.08466	0.01403	0.02495	0.01701	0.01915	0.01138	0.01315	0.01042	0.00706	0.00538	0.00176	0.00916	0.00441	0.00353	0.01033
17	0.01002	0.00715	0.00956	0.01145	0.01197	0.00670	0.00776	0.01152	0.01566	0.02086	0.04465	0.68438	0.05338	0.02530	0.01039	0.00331	0.00482	0.04694	0.00753	0.00663
18	0.01882	0.02280	0.09641	0.03301	0.09484	0.01997	0.47315	0.02532	0.01852	0.02576	0.01582	0.02090	0.01211	0.00722	0.00982	0.00265	0.04162	0.00873	0.00405	0.04848
19	0.03478	0.01609	0.07169	0.01514	0.02188	0.01249	0.01339	0.03842	0.02273	0.61777	0.03060	0.02677	0.01929	0.00985	0.00812	0.00252	0.00732	0.00799	0.00951	0.01366
20	0.01400	0.00708	0.01050	0.01050	0.01050	0.00708	0.00696	0.01062	0.01062	0.01416	0.01457	0.02585	0.01473	0.05672	0.03211	0.73251	0.00708	0.00724	0.00358	0.00358
21	0.01896	0.01826	0.03151	0.19655	0.50310	0.01904	0.04623	0.02399	0.01799	0.02517	0.01511	0.02050	0.01237	0.00742	0.00811	0.00249	0.01005	0.00731	0.00393	0.01191
22	0.02256	0.40099	0.08763	0.01639	0.05412	0.05709	0.01480	0.05046	0.01871	0.09390	0.01841	0.01959	0.03770	0.00828	0.00632	0.00202	0.00855	0.00597	0.06574	0.01077
23	0.01064	0.00851	0.00969	0.01009	0.01253	0.00755	0.00803	0.01329	0.01898	0.02356	0.12953	0.07971	0.45045	0.02062	0.00999	0.00297	0.00492	0.16421	0.00766	0.00708
24	0.02149	0.01808	0.01909	0.01678	0.02160	0.02080	0.01316	0.11620	0.57434	0.03606	0.03136	0.02895	0.02342	0.01085	0.00824	0.00271	0.00673	0.00894	0.00824	0.01296
25	0.02991	0.02320	0.02376	0.01862	0.02481	0.06296	0.01522	0.55138	0.08936	0.04785	0.02023	0.02012	0.01454	0.00977	0.00808	0.00244	0.00905	0.00734	0.00790	0.01346
26	0.77215	0.01569	0.01193	0.01067	0.01569	0.01820	0.00879	0.02385	0.01381	0.03641	0.01130	0.01318	0.00879	0.00753	0.00502	0.00251	0.00628	0.00439	0.00502	0.00879
27	0.04874	0.46373	0.25420	0.01688	0.02546	0.02709	0.01912	0.02475	0.01660	0.02199	0.01239	0.01441	0.01031	0.00722	0.00604	0.00205	0.00970	0.00490	0.00352	0.01088
28	0.01178	0.00789	0.00897	0.00893	0.00904	0.00785	0.00508	0.01200	0.01245	0.01671	0.06246	0.05354	0.03224	0.67422	0.03945	0.00756	0.00763	0.01197	0.00515	0.00508
29	0.02239	0.02049	0.01946	0.01724	0.02196	0.10089	0.01342	0.09622	0.51762	0.03381	0.02930	0.02739	0.02203	0.01057	0.00813	0.00264	0.00765	0.00852	0.00775	0.01251
30	0.01098	0.00855	0.01000	0.00959	0.01193	0.00772	0.00721	0.01469	0.04098	0.02822	0.40252	0.06684	0.31520	0.01804	0.00954	0.00264	0.00403	0.01551	0.00834	0.00749
31	0.01732	0.01781	0.03425	0.37088	0.12008	0.01912	0.25515	0.02320	0.01759	0.02339	0.01527	0.02155	0.01162	0.00753	0.00866	0.00268	0.01177	0.00811	0.00384	0.01018
32	0.01282	0.00915	0.01278	0.01465	0.01640	0.00912	0.01263	0.01636	0.01842	0.02399	0.04311	0.14176	0.04726	0.02266	0.01114	0.00370	0.00725	0.56193	0.00748	0.00740
33	0.01062	0.00737	0.00920	0.01036	0.01065	0.00708	0.00653	0.01149	0.01410	0.01880	0.03736	0.45734	0.04438	0.29029	0.02225	0.00505	0.00592	0.01874	0.00653	0.00595
34	0.01984	0.31236	0.08909	0.01497	0.02192	0.02247	0.01428	0.06461	0.01784	0.02448	0.01319	0.01551	0.01121	0.00742	0.00751	0.00181	0.05949	0.00506	0.00425	0.27271
35	0.77215	0.01569	0.01193	0.01067	0.01569	0.01820	0.00879	0.02385	0.01381	0.03641	0.01130	0.01318	0.00879	0.00753	0.00502	0.00251	0.00628	0.00439	0.00502	0.00879
36	0.06554	0.02089	0.02285	0.01759	0.02398	0.02260	0.01453	0.50771	0.03451	0.15557	0.02124	0.02058	0.01464	0.00969	0.00798	0.00245	0.00846	0.00732	0.00830	0.01357
37	0.01848	0.01897	0.02475	0.02128	0.02152	0.06309	0.01763	0.02028	0.01304	0.01955	0.01076	0.01757	0.01064	0.01386	0.02551	0.00347	0.66012	0.00699	0.00359	0.00891
38	0.01180	0.00787	0.00885	0.00885	0.00885	0.00787	0.00492	0.01180	0.01180	0.01573	0.02557	0.05310	0.02950	0.71483	0.04130	0.00787	0.00787	0.01180	0.00492	0.00492
39	0.01159	0.00869	0.01304	0.01304	0.01449	0.01014	0.01014	0.01449	0.01304	0.01884	0.02173	0.03188	0.02029	0.06086	0.68268	0.01304	0.02173	0.00869	0.00435	0.00724
40	0.00989	0.00706	0.00942	0.01130	0.01177	0.00659	0.00753	0.01130	0.01554	0.02071	0.04472	0.70954	0.05367	0.02542	0.01036	0.00330	0.00471	0.02307	0.00753	0.00659
41	0.02008	0.01928	0.03294	0.04981	0.66422	0.01928	0.02490	0.02490	0.01848	0.02651	0.01526	0.02008	0.01285	0.00723	0.00803	0.00241	0.00964	0.00723	0.00402	0.01285
42	0.02158	0.46008	0.15371	0.01660	0.02396	0.10391	0.01695	0.02701	0.06853	0.02159	0.01379	0.01535	0.01155	0.00758	0.00616	0.00201	0.00979	0.00514	0.00393	0.01078
43	0.02722	0.01754	0.05780	0.01631	0.04653	0.01475	0.01338	0.14478	0.02343	0.28251	0.02229	0.02169	0.01544	0.00844	0.00742	0.00207	0.00740	0.00675	0.00737	0.25689
44	0.29375	0.07262	0.08146	0.01395	0.02009	0.01744	0.01265	0.05699	0.06934	0.19515	0.05017	0.02129	0.01681	0.00890	0.00675	0.00242	0.00718	0.00653	0.00660	0.03991
45	0.03031	0.03867	0.02299	0.02090	0.02508	0.68226	0.01568	0.03240	0.02299	0.01986	0.01254	0.01463	0.01045	0.00836	0.00732	0.00209	0.01463	0.00523	0.00418	0.00941
46	0.01642	0.04098	0.64180	0.02368	0.03548	0.01893	0.05997	0.02571	0.01723	0.02571	0.01465	0.01737	0.01038	0.00767	0.00780	0.00258	0.01208	0.00617	0.00346	0.01194
47	0.01948	0.01988	0.06130	0.10622	0.58126	0.01915	0.02492	0.02457	0.01821	0.02596	0.01516	0.02009	0.01255	0.00733	0.00803	0.00244	0.00985	0.00717	0.00395	0.01247
48	0.01054	0.00851	0.01009	0.01011	0.01209	0.00805	0.00754	0.01291	0.01811	0.02338	0.17911	0.16574	0.36404	0.02417	0.07558	0.00382	0.03544	0.01633	0.00733	0.00709
49	0.00975	0.00759	0.00887	0.00989	0.01140	0.00671	0.00690	0.01146	0.01689	0.02127	0.06192	0.41971	0.33239	0.02319	0.01000	0.00304	0.00443	0.02034	0.00753	0.00671
50	0.01033	0.00777	0.01126	0.01239	0.01324	0.00726	0.03756	0.01200	0.01571	0.02097	0.04337	0.67662	0.05169	0.02453	0.01032	0.00327	0.00514	0.02242	0.00737	0.00680
51	0.06018	0.68361	0.04095	0.01372	0.02056	0.03139	0.01362	0.02427	0.01635	0.01998	0.01128	0.01302	0.01033	0.00697	0.00520	0.00178	0.00855	0.00434	0.00355	0.01033
52	0.01349	0.01063	0.01455	0.01378	0.01507	0.01269	0.01069	0.04118	0.01438	0.02074	0.02378	0.06631	0.04567	0.10954	0.38642	0.00904	0.13575	0.00965	0.03910	0.00754
