[name]
unknown

[dist]
# distance from previous block
# <min> <max>
8	83

[block]
# block no. 0 follows, 25 sequences, length 9
# corresponding to MSA columns:
# 89-97
name=unknown_A
#
# <colnr> <probs for GDERKNQSTAVLIFYWHMCP>
#	G	D	E	R	K	N	Q	S	T	A	V	L	I	F	Y	W	H	M	C	P
0	0.01072	0.00802	0.00972	0.01045	0.01175	0.00770	0.00740	0.01380	0.05929	0.02170	0.11440	0.34328	0.16105	0.11760	0.01366	0.00357	0.00504	0.06712	0.00704	0.00670
1	0.01134	0.00813	0.01029	0.01094	0.01208	0.00788	0.00762	0.05835	0.01771	0.02403	0.17476	0.48869	0.05178	0.06416	0.01138	0.00320	0.00480	0.01858	0.00737	0.00692
2	0.01263	0.00765	0.00993	0.01063	0.01166	0.00713	0.00718	0.01399	0.01526	0.09191	0.06438	0.49007	0.04427	0.15695	0.01530	0.00387	0.00527	0.01809	0.00704	0.00679
3	0.02258	0.01127	0.01419	0.01230	0.01609	0.01073	0.00996	0.07571	0.04055	0.28048	0.13618	0.05973	0.03216	0.01253	0.00804	0.00248	0.00572	0.09198	0.14720	0.01011
4	0.04052	0.00844	0.00950	0.00919	0.01110	0.00870	0.00692	0.05209	0.01706	0.02774	0.10063	0.07563	0.02691	0.01713	0.08097	0.05363	0.00605	0.00894	0.43158	0.00727
5	0.02162	0.01066	0.01388	0.01232	0.01568	0.00988	0.00941	0.04767	0.04921	0.30378	0.12420	0.25447	0.03733	0.04014	0.00976	0.00283	0.00559	0.01337	0.00836	0.00982
6	0.01268	0.00888	0.01126	0.01159	0.01287	0.00899	0.00833	0.08366	0.01704	0.02295	0.07977	0.36317	0.04000	0.10144	0.06910	0.06644	0.00689	0.06153	0.00653	0.00684
7	0.02005	0.01596	0.02121	0.02101	0.12592	0.01692	0.04945	0.04650	0.26668	0.09976	0.02334	0.02565	0.01835	0.06295	0.01144	0.00281	0.06337	0.00791	0.00625	0.09448
8	0.04979	0.01014	0.01095	0.00999	0.01216	0.01010	0.00693	0.05786	0.06374	0.02317	0.02695	0.07923	0.06064	0.32978	0.02138	0.00452	0.00629	0.01007	0.11038	0.09593

[dist]
# distance from previous block
# <min> <max>
0	2

[block]
# block no. 1 follows, 25 sequences, length 86
# corresponding to MSA columns:
# 100-185
name=unknown_B
#
# <colnr> <probs for GDERKNQSTAVLIFYWHMCP>
#	G	D	E	R	K	N	Q	S	T	A	V	L	I	F	Y	W	H	M	C	P
0	0.07865	0.01872	0.01898	0.01525	0.02030	0.04774	0.01237	0.42455	0.05872	0.04161	0.04920	0.02341	0.03972	0.00976	0.00733	0.00228	0.00747	0.00744	0.10512	0.01139
1	0.05342	0.01848	0.05006	0.01596	0.02184	0.01820	0.01352	0.36137	0.02863	0.24363	0.02379	0.07631	0.01776	0.01042	0.00782	0.00242	0.00766	0.00828	0.00799	0.01241
2	0.10015	0.05123	0.02099	0.01556	0.02140	0.05247	0.04737	0.12812	0.06703	0.37918	0.02424	0.02247	0.01624	0.00900	0.00742	0.00236	0.00764	0.00716	0.00784	0.01215
3	0.01725	0.01881	0.03882	0.02815	0.03527	0.01736	0.51509	0.02306	0.01802	0.02458	0.02033	0.02704	0.04987	0.00800	0.00889	0.00252	0.01150	0.04328	0.00435	0.08782
4	0.02176	0.01843	0.05082	0.05792	0.12380	0.04649	0.01537	0.13708	0.22569	0.09556	0.02396	0.05368	0.01897	0.00994	0.00782	0.00245	0.00780	0.02695	0.00659	0.04891
5	0.02947	0.02172	0.02327	0.01784	0.02404	0.02404	0.01474	0.65329	0.03646	0.04887	0.01862	0.01862	0.01319	0.00931	0.00776	0.00233	0.00853	0.00698	0.00776	0.01319
6	0.01445	0.00723	0.00723	0.00723	0.00903	0.00723	0.00542	0.01807	0.01626	0.02891	0.02529	0.02891	0.01987	0.00903	0.00542	0.00181	0.00361	0.00723	0.77055	0.00723
7	0.05893	0.01767	0.02385	0.33963	0.20646	0.08309	0.01953	0.02498	0.10463	0.02368	0.01607	0.02033	0.01251	0.00790	0.00752	0.00245	0.00959	0.00682	0.00428	0.01009
8	0.61165	0.05818	0.06627	0.01219	0.01753	0.08097	0.01084	0.02371	0.01439	0.03163	0.01115	0.01301	0.00874	0.00725	0.00521	0.00233	0.00728	0.00439	0.00453	0.00877
9	0.01495	0.01438	0.02516	0.65164	0.05231	0.01743	0.07481	0.02024	0.01574	0.02024	0.01394	0.02069	0.01046	0.00765	0.00787	0.00259	0.01057	0.00708	0.00349	0.00877
10	0.01445	0.00723	0.00723	0.00723	0.00903	0.00723	0.00542	0.01807	0.01626	0.02891	0.02529	0.02891	0.01987	0.00903	0.00542	0.00181	0.00361	0.00723	0.77055	0.00723
11	0.78228	0.01499	0.01140	0.01020	0.01499	0.01739	0.00840	0.02279	0.01320	0.03479	0.01080	0.01260	0.00840	0.00720	0.00480	0.00240	0.00600	0.00420	0.00480	0.00840
12	0.10632	0.02612	0.30263	0.01784	0.02578	0.04446	0.04719	0.04886	0.01885	0.20854	0.04093	0.02230	0.03871	0.00873	0.00740	0.00242	0.00908	0.00694	0.00570	0.01120
13	0.15840	0.05378	0.32604	0.01775	0.02596	0.01891	0.01946	0.12647	0.07518	0.08246	0.01681	0.01777	0.01203	0.00806	0.00696	0.00241	0.00905	0.00602	0.00516	0.01133
14	0.01108	0.00831	0.01246	0.01246	0.01385	0.00969	0.00969	0.01385	0.01246	0.01800	0.02077	0.03046	0.01938	0.05815	0.69678	0.01246	0.02077	0.00831	0.00415	0.00692
15	0.01425	0.01262	0.01441	0.01378	0.01555	0.09148	0.01066	0.04296	0.01451	0.01932	0.01929	0.02826	0.01796	0.07732	0.52527	0.01015	0.05263	0.00792	0.00427	0.00741
16	0.01464	0.01378	0.02326	0.70887	0.05340	0.01723	0.02153	0.01981	0.01550	0.01981	0.01378	0.02067	0.01034	0.00775	0.00775	0.00258	0.01034	0.00689	0.00345	0.00861
17	0.78228	0.01499	0.01140	0.01020	0.01499	0.01739	0.00840	0.02279	0.01320	0.03479	0.01080	0.01260	0.00840	0.00720	0.00480	0.00240	0.00600	0.00420	0.00480	0.00840
18	0.01884	0.08833	0.02014	0.01596	0.01874	0.17186	0.01283	0.08441	0.01731	0.02148	0.01601	0.02175	0.01434	0.03016	0.30310	0.00666	0.11846	0.00679	0.00429	0.00856
19	0.01399	0.01186	0.03972	0.07178	0.04820	0.01130	0.03917	0.01945	0.09023	0.04667	0.06470	0.15320	0.09342	0.05471	0.01094	0.00322	0.00695	0.20567	0.00654	0.00827
20	0.01445	0.00723	0.00723	0.00723	0.00903	0.00723	0.00542	0.01807	0.01626	0.02891	0.02529	0.02891	0.01987	0.00903	0.00542	0.00181	0.00361	0.00723	0.77055	0.00723
21	0.01797	0.01994	0.04035	0.02965	0.03557	0.02063	0.49519	0.02332	0.01672	0.02332	0.01433	0.01994	0.01137	0.00826	0.01315	0.00281	0.18513	0.00857	0.00379	0.00997
22	0.01445	0.00723	0.00723	0.00723	0.00903	0.00723	0.00542	0.01807	0.01626	0.02891	0.02529	0.02891	0.01987	0.00903	0.00542	0.00181	0.00361	0.00723	0.77055	0.00723
23	0.02073	0.73217	0.04063	0.01327	0.01990	0.03068	0.01327	0.02322	0.01575	0.01824	0.01078	0.01244	0.00995	0.00663	0.00498	0.00166	0.00829	0.00415	0.00332	0.00995
24	0.01109	0.00824	0.01214	0.01214	0.01342	0.00952	0.00929	0.01364	0.01237	0.01776	0.02106	0.03208	0.02009	0.11163	0.64426	0.01207	0.01971	0.00854	0.00420	0.00675
25	0.07541	0.22965	0.13839	0.01691	0.02327	0.17332	0.01593	0.09842	0.11147	0.02607	0.01540	0.01649	0.01214	0.00795	0.00654	0.00213	0.00965	0.00558	0.00471	0.01058
26	0.01445	0.00723	0.00723	0.00723	0.00903	0.00723	0.00542	0.01807	0.01626	0.02891	0.02529	0.02891	0.01987	0.00903	0.00542	0.00181	0.00361	0.00723	0.77055	0.00723
27	0.00956	0.00689	0.00909	0.01080	0.01141	0.00642	0.00736	0.01104	0.01511	0.01999	0.04441	0.66390	0.08145	0.02394	0.00990	0.00314	0.00458	0.04746	0.00720	0.00635
28	0.06279	0.01601	0.03897	0.01450	0.01898	0.01624	0.01179	0.25611	0.11063	0.11114	0.06010	0.14682	0.05384	0.03466	0.00908	0.00270	0.00678	0.01060	0.00751	0.01073
29	0.01328	0.01159	0.01650	0.01533	0.01602	0.01491	0.01219	0.01538	0.01243	0.01835	0.01888	0.09610	0.01922	0.05873	0.33618	0.00772	0.29641	0.00919	0.00418	0.00741
30	0.26919	0.15482	0.08331	0.01827	0.08008	0.23300	0.01457	0.02568	0.01710	0.02504	0.01179	0.01394	0.00966	0.00733	0.00601	0.00213	0.00971	0.00482	0.00405	0.00949
31	0.01555	0.04011	0.68733	0.02210	0.03356	0.01801	0.02865	0.02455	0.01637	0.02455	0.01391	0.01637	0.00982	0.00737	0.00737	0.00246	0.01146	0.00573	0.00327	0.01146
32	0.01445	0.00723	0.00723	0.00723	0.00903	0.00723	0.00542	0.01807	0.01626	0.02891	0.02529	0.02891	0.01987	0.00903	0.00542	0.00181	0.00361	0.00723	0.77055	0.00723
33	0.01445	0.00723	0.00723	0.00723	0.00903	0.00723	0.00542	0.01807	0.01626	0.02891	0.02529	0.02891	0.01987	0.00903	0.00542	0.00181	0.00361	0.00723	0.77055	0.00723
34	0.05787	0.01827	0.02549	0.09786	0.29921	0.06315	0.05305	0.11125	0.02024	0.06295	0.01944	0.05112	0.04134	0.00876	0.00768	0.00235	0.00892	0.00778	0.00503	0.03824
35	0.02202	0.62356	0.03772	0.01431	0.02054	0.13468	0.01353	0.02443	0.01673	0.01836	0.01097	0.01268	0.00996	0.00685	0.00529	0.00171	0.00918	0.00428	0.00342	0.00980
36	0.01113	0.00809	0.01134	0.01134	0.01234	0.00908	0.00829	0.01313	0.01213	0.01717	0.02179	0.03614	0.02185	0.24565	0.51266	0.01108	0.01706	0.00914	0.00431	0.00630
37	0.01588	0.03795	0.62072	0.02236	0.03329	0.01815	0.06118	0.02537	0.04773	0.02495	0.01486	0.01722	0.01059	0.00747	0.00749	0.00247	0.01129	0.00606	0.00353	0.01144
38	0.02792	0.05778	0.02452	0.07913	0.02661	0.02175	0.04543	0.44379	0.03054	0.13560	0.01936	0.01970	0.01356	0.00893	0.00768	0.00234	0.00862	0.00704	0.00722	0.01248
39	0.01598	0.01519	0.02863	0.02353	0.06281	0.01475	0.30551	0.02110	0.04573	0.04568	0.07957	0.15730	0.02744	0.05126	0.01143	0.00302	0.03494	0.04153	0.00545	0.00915
40	0.01445	0.00723	0.00723	0.00723	0.00903	0.00723	0.00542	0.01807	0.01626	0.02891	0.02529	0.02891	0.01987	0.00903	0.00542	0.00181	0.00361	0.00723	0.77055	0.00723
41	0.01929	0.01666	0.01753	0.01578	0.02016	0.01929	0.01227	0.04120	0.66513	0.03243	0.03156	0.02893	0.02367	0.01052	0.00789	0.00263	0.00614	0.00877	0.00789	0.01227
42	0.02081	0.01783	0.04149	0.01612	0.02100	0.01938	0.01305	0.10086	0.55334	0.06130	0.02962	0.02737	0.02196	0.01025	0.00785	0.00258	0.00658	0.00844	0.00779	0.01237
43	0.08438	0.01778	0.02641	0.11620	0.34967	0.01881	0.04174	0.15556	0.02124	0.03071	0.05117	0.02087	0.01522	0.00802	0.00759	0.00237	0.00877	0.00716	0.00496	0.01136
44	0.09425	0.31556	0.05609	0.01646	0.02190	0.33735	0.01425	0.02682	0.01843	0.02036	0.01147	0.01333	0.00982	0.00734	0.00599	0.00192	0.01085	0.00461	0.00377	0.00942
45	0.02947	0.02172	0.02327	0.01784	0.02404	0.02404	0.01474	0.65329	0.03646	0.04887	0.01862	0.01862	0.01319	0.00931	0.00776	0.00233	0.00853	0.00698	0.00776	0.01319
46	0.01445	0.00723	0.00723	0.00723	0.00903	0.00723	0.00542	0.01807	0.01626	0.02891	0.02529	0.02891	0.01987	0.00903	0.00542	0.00181	0.00361	0.00723	0.77055	0.00723
47	0.01859	0.01788	0.03081	0.07551	0.60247	0.01797	0.04659	0.02318	0.01748	0.02486	0.01562	0.04513	0.01361	0.00757	0.00782	0.00236	0.00923	0.00755	0.00395	0.01183
48	0.78228	0.01499	0.01140	0.01020	0.01499	0.01739	0.00840	0.02279	0.01320	0.03479	0.01080	0.01260	0.00840	0.00720	0.00480	0.00240	0.00600	0.00420	0.00480	0.00840
49	0.01464	0.01378	0.02326	0.70887	0.05340	0.01723	0.02153	0.01981	0.01550	0.01981	0.01378	0.02067	0.01034	0.00775	0.00775	0.00258	0.01034	0.00689	0.00345	0.00861
50	0.01445	0.00723	0.00723	0.00723	0.00903	0.00723	0.00542	0.01807	0.01626	0.02891	0.02529	0.02891	0.01987	0.00903	0.00542	0.00181	0.00361	0.00723	0.77055	0.00723
51	0.74061	0.01537	0.01205	0.01062	0.01550	0.01776	0.00875	0.05769	0.01448	0.03557	0.01123	0.01293	0.00866	0.00731	0.00496	0.00240	0.00614	0.00435	0.00496	0.00866
52	0.01555	0.04011	0.68733	0.02210	0.03356	0.01801	0.02865	0.02455	0.01637	0.02455	0.01391	0.01637	0.00982	0.00737	0.00737	0.00246	0.01146	0.00573	0.00327	0.01146
53	0.10518	0.01701	0.01830	0.04502	0.02162	0.01868	0.01242	0.20800	0.27554	0.05955	0.02341	0.04689	0.01803	0.00966	0.00736	0.00238	0.00690	0.00769	0.00703	0.08935
54	0.01128	0.00752	0.00846	0.00846	0.00846	0.00752	0.00470	0.01128	0.01128	0.01503	0.02443	0.05074	0.02819	0.72751	0.03946	0.00752	0.00752	0.01128	0.00470	0.00470
55	0.01909	0.01900	0.03052	0.11217	0.51289	0.05492	0.05705	0.02358	0.01742	0.02407	0.01421	0.01905	0.01183	0.00735	0.00858	0.00239	0.04371	0.00692	0.00379	0.01144
56	0.01464	0.01378	0.02326	0.70887	0.05340	0.01723	0.02153	0.01981	0.01550	0.01981	0.01378	0.02067	0.01034	0.00775	0.00775	0.00258	0.01034	0.00689	0.00345	0.00861
57	0.78228	0.01499	0.01140	0.01020	0.01499	0.01739	0.00840	0.02279	0.01320	0.03479	0.01080	0.01260	0.00840	0.00720	0.00480	0.00240	0.00600	0.00420	0.00480	0.00840
58	0.01662	0.01693	0.02527	0.55178	0.08365	0.08655	0.06834	0.02154	0.01649	0.02041	0.01379	0.01993	0.01051	0.00764	0.00778	0.00251	0.01085	0.00687	0.00356	0.00899
59	0.01504	0.01654	0.08577	0.04522	0.02627	0.01390	0.22645	0.04344	0.04644	0.02414	0.02560	0.26707	0.02600	0.01311	0.00874	0.00263	0.00858	0.01273	0.00539	0.08696
60	0.01445	0.00723	0.00723	0.00723	0.00903	0.00723	0.00542	0.01807	0.01626	0.02891	0.02529	0.02891	0.01987	0.00903	0.00542	0.00181	0.00361	0.00723	0.77055	0.00723
61	0.02273	0.14883	0.02528	0.01766	0.02147	0.14649	0.01468	0.17876	0.06510	0.02696	0.01473	0.01757	0.01227	0.01250	0.04959	0.00301	0.20104	0.00625	0.00491	0.01016
62	0.01445	0.00723	0.00723	0.00723	0.00903	0.00723	0.00542	0.01807	0.01626	0.02891	0.02529	0.02891	0.01987	0.00903	0.00542	0.00181	0.00361	0.00723	0.77055	0.00723
63	0.02073	0.73217	0.04063	0.01327	0.01990	0.03068	0.01327	0.02322	0.01575	0.01824	0.01078	0.01244	0.00995	0.00663	0.00498	0.00166	0.00829	0.00415	0.00332	0.00995
64	0.02057	0.01493	0.01666	0.01304	0.01839	0.01431	0.01051	0.24524	0.02453	0.08688	0.06743	0.03313	0.16384	0.01097	0.00758	0.00207	0.00629	0.00884	0.00693	0.22785
65	0.01878	0.47153	0.28419	0.01659	0.02504	0.02591	0.01906	0.02372	0.01599	0.02062	0.01196	0.01392	0.00990	0.00691	0.00588	0.00196	0.00948	0.00474	0.00330	0.01052
66	0.01445	0.00723	0.00723	0.00723	0.00903	0.00723	0.00542	0.01807	0.01626	0.02891	0.02529	0.02891	0.01987	0.00903	0.00542	0.00181	0.00361	0.00723	0.77055	0.00723
67	0.01803	0.05340	0.03871	0.01298	0.01698	0.01413	0.01078	0.14267	0.11123	0.08230	0.17491	0.04459	0.14726	0.04436	0.00973	0.00272	0.00613	0.05206	0.00742	0.00961
68	0.01956	0.01874	0.03005	0.18021	0.39068	0.04427	0.08735	0.08737	0.01935	0.02628	0.01484	0.01943	0.01183	0.00733	0.00783	0.00239	0.00996	0.00707	0.00417	0.01129
69	0.01116	0.00799	0.01088	0.01088	0.01171	0.00883	0.00772	0.01283	0.01199	0.01683	0.02222	0.03848	0.02287	0.32284	0.43685	0.01051	0.01553	0.00948	0.00437	0.00604
70	0.02433	0.05818	0.02692	0.03179	0.31086	0.37124	0.01877	0.02749	0.01982	0.02173	0.01307	0.01620	0.01099	0.00746	0.00721	0.00212	0.01165	0.00580	0.00390	0.01047
71	0.01846	0.02047	0.04320	0.03534	0.15442	0.01940	0.53912	0.02465	0.01819	0.02492	0.01549	0.02061	0.01186	0.00660	0.00889	0.00256	0.01238	0.00875	0.00391	0.01078
72	0.01445	0.00723	0.00723	0.00723	0.00903	0.00723	0.00542	0.01807	0.01626	0.02891	0.02529	0.02891	0.01987	0.00903	0.00542	0.00181	0.00361	0.00723	0.77055	0.00723
73	0.01445	0.00723	0.00723	0.00723	0.00903	0.00723	0.00542	0.01807	0.01626	0.02891	0.02529	0.02891	0.01987	0.00903	0.00542	0.00181	0.00361	0.00723	0.77055	0.00723
74	0.01812	0.01518	0.01811	0.01311	0.01994	0.01266	0.03102	0.11299	0.01915	0.02873	0.01456	0.01661	0.01174	0.00629	0.00615	0.00137	0.00639	0.00509	0.00504	0.63774
75	0.02073	0.73217	0.04063	0.01327	0.01990	0.03068	0.01327	0.02322	0.01575	0.01824	0.01078	0.01244	0.00995	0.00663	0.00498	0.00166	0.00829	0.00415	0.00332	0.00995
76	0.01194	0.00951	0.01394	0.03616	0.01558	0.01154	0.01064	0.01446	0.01240	0.01793	0.01948	0.02989	0.01856	0.09822	0.54385	0.01065	0.10587	0.00828	0.00407	0.00702
77	0.02013	0.05479	0.20134	0.06403	0.20248	0.09337	0.02056	0.08997	0.04113	0.05140	0.04864	0.02257	0.01604	0.00862	0.00761	0.00237	0.00975	0.02935	0.00477	0.01110
78	0.06010	0.07515	0.05769	0.01829	0.07949	0.09536	0.01407	0.13092	0.11946	0.12708	0.02504	0.07392	0.04651	0.01067	0.00762	0.00242	0.00806	0.03079	0.00645	0.01092
79	0.01704	0.01738	0.02604	0.02151	0.02344	0.05330	0.14160	0.01981	0.01422	0.02016	0.01529	0.02664	0.01498	0.05222	0.02059	0.00342	0.42933	0.07050	0.00398	0.00855
80	0.01445	0.00723	0.00723	0.00723	0.00903	0.00723	0.00542	0.01807	0.01626	0.02891	0.02529	0.02891	0.01987	0.00903	0.00542	0.00181	0.00361	0.00723	0.77055	0.00723
81	0.14957	0.29420	0.06939	0.01406	0.01954	0.05080	0.01281	0.06038	0.13239	0.02589	0.01843	0.08829	0.01651	0.00947	0.00636	0.00221	0.00759	0.00710	0.00505	0.00997
82	0.02165	0.01469	0.06870	0.01624	0.07922	0.01215	0.01247	0.04874	0.07105	0.25634	0.11045	0.06532	0.12358	0.01190	0.00810	0.00241	0.00637	0.01006	0.00751	0.05307
83	0.01808	0.15103	0.38807	0.02010	0.05537	0.01887	0.04219	0.02528	0.04634	0.08025	0.04559	0.04319	0.01561	0.00847	0.00725	0.00234	0.00964	0.00685	0.00444	0.01103
84	0.01679	0.31131	0.26360	0.01572	0.02307	0.02101	0.01744	0.02259	0.04538	0.02310	0.11163	0.02447	0.05597	0.00910	0.00678	0.00215	0.00842	0.00699	0.00446	0.01003
85	0.02059	0.04015	0.04788	0.01541	0.02061	0.01690	0.03588	0.20062	0.10983	0.06821	0.02551	0.05825	0.06382	0.01066	0.00856	0.00230	0.04570	0.03073	0.03338	0.14502

[dist]
# distance from previous block
# <min> <max>
54	114

[block]
# block no. 2 follows, 25 sequences, length 10
# corresponding to MSA columns:
# 337-346
name=unknown_C
#
# <colnr> <probs for GDERKNQSTAVLIFYWHMCP>
#	G	D	E	R	K	N	Q	S	T	A	V	L	I	F	Y	W	H	M	C	P
0	0.08335	0.23649	0.14712	0.01584	0.02262	0.09016	0.01544	0.14514	0.02065	0.02806	0.04934	0.01731	0.01400	0.00789	0.00643	0.00202	0.00882	0.00565	0.00475	0.07891
1	0.01862	0.04655	0.12135	0.02041	0.02712	0.01636	0.20552	0.06932	0.06034	0.07599	0.02129	0.02602	0.03948	0.01236	0.06016	0.00310	0.01028	0.03846	0.00516	0.12211
2	0.09211	0.12376	0.06121	0.01293	0.01769	0.04072	0.01126	0.08559	0.06848	0.07707	0.09857	0.08825	0.13129	0.01206	0.00746	0.00233	0.00658	0.00971	0.00631	0.04661
3	0.09686	0.01880	0.06009	0.01440	0.01997	0.08012	0.01204	0.15208	0.06960	0.03030	0.01920	0.10355	0.01707	0.00958	0.00696	0.00204	0.00737	0.00761	0.00569	0.26667
4	0.02112	0.01842	0.01877	0.06833	0.02285	0.08093	0.01300	0.17047	0.32016	0.03208	0.02448	0.04968	0.01956	0.04817	0.00939	0.00269	0.00770	0.00823	0.00677	0.05721
5	0.03853	0.10742	0.29521	0.01834	0.02620	0.01837	0.06666	0.09612	0.05961	0.02700	0.02083	0.06318	0.05346	0.00926	0.00737	0.00232	0.00909	0.00763	0.00475	0.06864
6	0.01933	0.06804	0.01823	0.01198	0.01871	0.01204	0.00984	0.02264	0.01700	0.12705	0.01616	0.01740	0.01256	0.00641	0.00600	0.00138	0.00607	0.00506	0.00527	0.59881
7	0.01809	0.01872	0.08700	0.01581	0.02031	0.05750	0.01345	0.07497	0.29881	0.02887	0.06447	0.11296	0.02520	0.01181	0.00906	0.00254	0.05247	0.00961	0.00656	0.07179
8	0.05961	0.01294	0.05006	0.01535	0.01914	0.01123	0.11869	0.01860	0.05009	0.04971	0.11287	0.30126	0.03587	0.01505	0.00861	0.00261	0.00658	0.01383	0.00632	0.09159
9	0.05435	0.19675	0.04346	0.01348	0.01874	0.04393	0.02784	0.02409	0.14215	0.02488	0.07220	0.06268	0.07021	0.00992	0.00684	0.00205	0.00681	0.00796	0.00547	0.16621

[dist]
# distance from previous block
# <min> <max>
90	832

[block]
# block no. 3 follows, 25 sequences, length 6
# corresponding to MSA columns:
# 1223-1228
name=unknown_D
#
# <colnr> <probs for GDERKNQSTAVLIFYWHMCP>
#	G	D	E	R	K	N	Q	S	T	A	V	L	I	F	Y	W	H	M	C	P
0	0.01593	0.07053	0.06147	0.01213	0.01824	0.01255	0.01057	0.05946	0.01815	0.02624	0.08651	0.02717	0.09796	0.00882	0.00667	0.00166	0.00608	0.00714	0.00531	0.44741
1	0.02315	0.01700	0.02039	0.01889	0.08415	0.05995	0.05307	0.10044	0.21819	0.17940	0.03229	0.03091	0.10586	0.01063	0.00802	0.00247	0.00745	0.00896	0.00728	0.01149
2	0.06872	0.01968	0.12063	0.01654	0.04201	0.01691	0.01442	0.20000	0.11354	0.03244	0.02066	0.08567	0.01748	0.01275	0.04954	0.00289	0.00838	0.00794	0.00595	0.14387
3	0.02147	0.06715	0.07927	0.03290	0.37246	0.10173	0.01962	0.02569	0.01885	0.10438	0.06718	0.02176	0.01722	0.00808	0.00752	0.00226	0.00917	0.00706	0.00484	0.01138
4	0.01778	0.10156	0.02052	0.01513	0.07070	0.01453	0.01125	0.08226	0.01809	0.02639	0.01583	0.06173	0.01410	0.00749	0.00627	0.00155	0.00652	0.00608	0.00486	0.49736
5	0.01952	0.06641	0.17629	0.01616	0.02247	0.06073	0.01550	0.11520	0.12858	0.06106	0.08629	0.06453	0.02210	0.00992	0.00749	0.00227	0.00800	0.00803	0.00596	0.10350

[dist]
# distance from previous block
# <min> <max>
8	20

[block]
# block no. 4 follows, 25 sequences, length 6
# corresponding to MSA columns:
# 1249-1254
name=unknown_E
#
# <colnr> <probs for GDERKNQSTAVLIFYWHMCP>
#	G	D	E	R	K	N	Q	S	T	A	V	L	I	F	Y	W	H	M	C	P
0	0.06114	0.38113	0.11190	0.01585	0.02236	0.02629	0.01553	0.17878	0.02052	0.02746	0.01305	0.01480	0.01067	0.00794	0.00751	0.00209	0.06250	0.00524	0.00449	0.01074
1	0.01337	0.18719	0.01892	0.01215	0.01481	0.01457	0.01004	0.01585	0.01348	0.01802	0.02164	0.02970	0.05287	0.08718	0.44581	0.00894	0.01591	0.00791	0.00415	0.00751
2	0.01946	0.01832	0.03224	0.02406	0.03021	0.01792	0.34675	0.17754	0.02208	0.02997	0.02077	0.13621	0.01864	0.01011	0.00872	0.00254	0.01007	0.01046	0.00545	0.05848
3	0.10983	0.01311	0.01583	0.01268	0.01761	0.01241	0.01027	0.09922	0.02229	0.32796	0.18507	0.03098	0.03006	0.01055	0.00764	0.00231	0.00596	0.00860	0.00821	0.06943
4	0.20900	0.55487	0.03340	0.01251	0.01869	0.02740	0.01206	0.02311	0.01512	0.02233	0.01078	0.01248	0.00957	0.00677	0.00493	0.00184	0.00772	0.00416	0.00368	0.00957
5	0.02087	0.41861	0.23327	0.01628	0.02429	0.02486	0.01786	0.06579	0.01781	0.07592	0.01384	0.01516	0.01087	0.00727	0.00611	0.00200	0.00913	0.00510	0.00410	0.01088

[dist]
# distance from previous block
# <min> <max>
0	1

[block]
# block no. 5 follows, 25 sequences, length 81
# corresponding to MSA columns:
# 1256-1336
name=unknown_F
#
# <colnr> <probs for GDERKNQSTAVLIFYWHMCP>
#	G	D	E	R	K	N	Q	S	T	A	V	L	I	F	Y	W	H	M	C	P
0	0.02632	0.10899	0.02379	0.01967	0.05034	0.49115	0.01474	0.07590	0.02148	0.02136	0.01314	0.01565	0.01104	0.01174	0.05965	0.00280	0.01326	0.00539	0.00421	0.00939
1	0.02112	0.69944	0.03975	0.01358	0.02009	0.06202	0.01335	0.02358	0.01605	0.01828	0.01084	0.01251	0.00995	0.00670	0.00507	0.00167	0.00856	0.00419	0.00335	0.00990
2	0.01883	0.01604	0.01763	0.01664	0.04474	0.01811	0.01248	0.06089	0.53837	0.03159	0.03078	0.06234	0.02462	0.01129	0.00802	0.00262	0.00630	0.03550	0.00756	0.03563
3	0.02751	0.15984	0.02527	0.01879	0.02325	0.57871	0.01468	0.02959	0.02087	0.01885	0.01177	0.01371	0.00998	0.00775	0.00663	0.00194	0.01298	0.00484	0.00388	0.00916
4	0.00940	0.00692	0.00882	0.01033	0.01112	0.00634	0.00699	0.01085	0.01529	0.01998	0.04843	0.61934	0.15071	0.02355	0.00978	0.00306	0.00441	0.02114	0.00720	0.00634
5	0.01445	0.00723	0.00723	0.00723	0.00903	0.00723	0.00542	0.01807	0.01626	0.02891	0.02529	0.02891	0.01987	0.00903	0.00542	0.00181	0.00361	0.00723	0.77055	0.00723
6	0.02945	0.02241	0.02321	0.01794	0.02404	0.05443	0.01475	0.62516	0.03580	0.04751	0.01832	0.01841	0.01304	0.00925	0.00772	0.00231	0.00878	0.00689	0.00759	0.01300
7	0.74999	0.01605	0.03986	0.01070	0.01578	0.01742	0.00925	0.02287	0.01333	0.03436	0.01093	0.01275	0.00846	0.00720	0.00491	0.00240	0.00623	0.00426	0.00473	0.00853
8	0.01482	0.01420	0.02445	0.59382	0.04906	0.01726	0.07028	0.01977	0.01553	0.02015	0.01498	0.05006	0.01216	0.00863	0.00879	0.00265	0.04341	0.00770	0.00364	0.00865
9	0.01608	0.01378	0.01608	0.01148	0.01837	0.01034	0.00919	0.01952	0.01608	0.02527	0.01378	0.01608	0.01148	0.00574	0.00574	0.00115	0.00574	0.00459	0.00459	0.77491
10	0.01250	0.00856	0.01050	0.00961	0.01220	0.00754	0.00731	0.01563	0.02054	0.07737	0.43383	0.05829	0.23181	0.01598	0.00890	0.00243	0.00404	0.01378	0.00808	0.04109
11	0.20033	0.02454	0.02020	0.01671	0.02197	0.21451	0.01337	0.33238	0.02704	0.03713	0.01495	0.01593	0.01118	0.00845	0.00687	0.00225	0.00951	0.00578	0.00601	0.01090
12	0.50069	0.01432	0.01388	0.01155	0.01680	0.01513	0.00953	0.02844	0.01658	0.27954	0.01825	0.01779	0.01246	0.00810	0.00593	0.00240	0.00622	0.00555	0.00661	0.01020
13	0.01025	0.00739	0.00958	0.01008	0.01126	0.00685	0.00710	0.01266	0.01819	0.02502	0.34524	0.35116	0.08445	0.05081	0.01080	0.00298	0.00421	0.01753	0.00773	0.00672
14	0.01929	0.01666	0.01753	0.01578	0.02016	0.01929	0.01227	0.04120	0.66513	0.03243	0.03156	0.02893	0.02367	0.01052	0.00789	0.00263	0.00614	0.00877	0.00789	0.01227
15	0.01995	0.01651	0.01755	0.01569	0.02015	0.01895	0.01224	0.04106	0.63768	0.06027	0.03152	0.02882	0.02348	0.01048	0.00789	0.00262	0.00616	0.00872	0.00796	0.01231
16	0.00945	0.00675	0.00900	0.01080	0.01125	0.00630	0.00720	0.01080	0.01484	0.01979	0.04274	0.72245	0.05128	0.02429	0.00990	0.00315	0.00450	0.02204	0.00720	0.00630
17	0.01615	0.01527	0.02603	0.54182	0.13304	0.01785	0.06905	0.04776	0.01689	0.02215	0.01424	0.02041	0.01082	0.00762	0.00785	0.00254	0.01032	0.00707	0.00372	0.00943
18	0.02896	0.03695	0.02197	0.01998	0.02397	0.69638	0.01498	0.03096	0.02197	0.01898	0.01199	0.01398	0.00999	0.00799	0.00699	0.00200	0.01398	0.00499	0.00400	0.00899
19	0.78228	0.01499	0.01140	0.01020	0.01499	0.01739	0.00840	0.02279	0.01320	0.03479	0.01080	0.01260	0.00840	0.00720	0.00480	0.00240	0.00600	0.00420	0.00480	0.00840
20	0.01929	0.01666	0.01753	0.01578	0.02016	0.01929	0.01227	0.04120	0.66513	0.03243	0.03156	0.02893	0.02367	0.01052	0.00789	0.00263	0.00614	0.00877	0.00789	0.01227
21	0.01139	0.00895	0.01058	0.01089	0.01326	0.00851	0.00877	0.01585	0.07346	0.02439	0.16565	0.07192	0.31651	0.01877	0.00954	0.00289	0.00509	0.20875	0.00747	0.00735
22	0.01610	0.00908	0.01186	0.01050	0.01331	0.00816	0.00811	0.01948	0.02168	0.17467	0.48766	0.05221	0.10674	0.01476	0.00885	0.00244	0.00433	0.01282	0.00867	0.00856
23	0.01203	0.00817	0.01063	0.00988	0.01193	0.00748	0.00746	0.01560	0.02181	0.06149	0.62323	0.05703	0.09233	0.01569	0.00908	0.00244	0.00381	0.01381	0.00854	0.00757
24	0.01128	0.00752	0.00846	0.00846	0.00846	0.00752	0.00470	0.01128	0.01128	0.01503	0.02443	0.05074	0.02819	0.72751	0.03946	0.00752	0.00752	0.01128	0.00470	0.00470
25	0.01464	0.01378	0.02326	0.70887	0.05340	0.01723	0.02153	0.01981	0.01550	0.01981	0.01378	0.02067	0.01034	0.00775	0.00775	0.00258	0.01034	0.00689	0.00345	0.00861
26	0.78228	0.01499	0.01140	0.01020	0.01499	0.01739	0.00840	0.02279	0.01320	0.03479	0.01080	0.01260	0.00840	0.00720	0.00480	0.00240	0.00600	0.00420	0.00480	0.00840
27	0.01696	0.01696	0.02375	0.02036	0.02036	0.02375	0.01696	0.01866	0.01187	0.01866	0.01018	0.01696	0.01018	0.01357	0.02545	0.00339	0.71332	0.00679	0.00339	0.00848
28	0.01102	0.00818	0.01201	0.01209	0.01333	0.00938	0.00921	0.01352	0.01248	0.01785	0.02200	0.06223	0.02144	0.10719	0.61715	0.01168	0.01906	0.00913	0.00433	0.00673
29	0.01128	0.00752	0.00846	0.00846	0.00846	0.00752	0.00470	0.01128	0.01128	0.01503	0.02443	0.05074	0.02819	0.72751	0.03946	0.00752	0.00752	0.01128	0.00470	0.00470
30	0.01347	0.00673	0.01010	0.01010	0.01010	0.00673	0.00673	0.01010	0.01010	0.01347	0.01347	0.02357	0.01347	0.02694	0.03030	0.77441	0.00673	0.00673	0.00337	0.00337
31	0.01379	0.00983	0.01197	0.01202	0.01382	0.01020	0.00908	0.01956	0.13745	0.04719	0.10386	0.10317	0.03773	0.22751	0.04099	0.00465	0.00692	0.17599	0.00671	0.00756
32	0.00976	0.00694	0.00914	0.01070	0.01123	0.00653	0.00721	0.01119	0.01499	0.02004	0.06818	0.62025	0.05023	0.07690	0.01213	0.00346	0.00479	0.04302	0.00706	0.00625
33	0.10563	0.65222	0.03737	0.01292	0.01935	0.02920	0.01272	0.02317	0.01547	0.02009	0.01078	0.01246	0.00978	0.00670	0.00496	0.00174	0.00804	0.00415	0.00348	0.00978
34	0.02236	0.04964	0.02525	0.29431	0.08602	0.01989	0.04719	0.24200	0.02367	0.08915	0.01696	0.01999	0.01230	0.00828	0.00769	0.00242	0.00933	0.00698	0.00553	0.01103
35	0.02434	0.02956	0.02369	0.14028	0.02975	0.46632	0.06466	0.02726	0.01970	0.01951	0.01287	0.01651	0.01059	0.01023	0.03748	0.00266	0.04592	0.00587	0.00387	0.00892
36	0.07270	0.01382	0.02164	0.46521	0.09833	0.01672	0.01898	0.01949	0.01529	0.02148	0.01658	0.07267	0.01473	0.00985	0.00917	0.00269	0.06383	0.03413	0.00400	0.00868
37	0.01629	0.01361	0.01366	0.04151	0.01651	0.11627	0.00989	0.03933	0.02156	0.07731	0.38609	0.04911	0.09874	0.01426	0.00871	0.00246	0.00618	0.05285	0.00747	0.00819
38	0.01641	0.01322	0.01563	0.01153	0.01790	0.01008	0.00914	0.01967	0.01626	0.05405	0.01671	0.06985	0.01483	0.00731	0.00615	0.00135	0.00569	0.00605	0.00501	0.68316
39	0.55117	0.07142	0.01636	0.01219	0.01745	0.01994	0.01023	0.16757	0.01873	0.03675	0.01259	0.01397	0.00962	0.00764	0.00549	0.00233	0.00676	0.00483	0.00536	0.00962
40	0.01822	0.01452	0.01808	0.01329	0.01960	0.01227	0.03173	0.04516	0.01710	0.07825	0.01510	0.01723	0.01207	0.00680	0.00758	0.00151	0.05957	0.00526	0.00500	0.60166
41	0.02658	0.01345	0.01715	0.01278	0.01917	0.01093	0.01043	0.02978	0.01951	0.39534	0.02322	0.02187	0.01581	0.00791	0.00690	0.00185	0.00622	0.00639	0.00740	0.34731
42	0.01642	0.01700	0.03280	0.32289	0.08981	0.01821	0.28524	0.02184	0.01665	0.02226	0.01551	0.04535	0.01252	0.00802	0.00918	0.00263	0.04192	0.00837	0.00380	0.00956
43	0.32754	0.09416	0.01906	0.09099	0.02208	0.01939	0.01206	0.18296	0.02020	0.06380	0.01648	0.06998	0.01379	0.00916	0.00643	0.00238	0.00729	0.00674	0.00564	0.00987
44	0.00916	0.00785	0.00785	0.00785	0.01047	0.00655	0.00589	0.01113	0.01767	0.02095	0.07855	0.07462	0.67599	0.01964	0.00916	0.00262	0.00393	0.01636	0.00720	0.00655
45	0.01908	0.01653	0.01779	0.04711	0.02166	0.01919	0.01269	0.04023	0.63577	0.03186	0.03075	0.02856	0.02307	0.01039	0.00788	0.00263	0.00633	0.00868	0.00769	0.01211
46	0.01906	0.20722	0.16512	0.02552	0.05744	0.02179	0.32005	0.02482	0.01740	0.04816	0.01461	0.01801	0.01123	0.00685	0.00763	0.00232	0.01114	0.00707	0.00385	0.01069
47	0.01178	0.01078	0.06180	0.01111	0.01370	0.00876	0.00927	0.01652	0.05063	0.02961	0.53887	0.05441	0.06285	0.04672	0.01036	0.00272	0.00468	0.03982	0.00788	0.00773
48	0.01347	0.00673	0.01010	0.01010	0.01010	0.00673	0.00673	0.01010	0.01010	0.01347	0.01347	0.02357	0.01347	0.02694	0.03030	0.77441	0.00673	0.00673	0.00337	0.00337
49	0.74677	0.01494	0.01194	0.04251	0.01677	0.01739	0.00900	0.02265	0.01330	0.03410	0.01093	0.01297	0.00849	0.00722	0.00493	0.00241	0.00620	0.00432	0.00474	0.00841
50	0.01213	0.00932	0.01061	0.01021	0.01253	0.00813	0.00751	0.01439	0.02092	0.02787	0.38785	0.06671	0.34424	0.01854	0.00987	0.00286	0.00448	0.01542	0.00844	0.00795
51	0.01608	0.01378	0.01608	0.01148	0.01837	0.01034	0.00919	0.01952	0.01608	0.02527	0.01378	0.01608	0.01148	0.00574	0.00574	0.00115	0.00574	0.00459	0.00459	0.77491
52	0.02895	0.02146	0.02297	0.01773	0.02384	0.02380	0.01461	0.62154	0.06906	0.04801	0.01929	0.01915	0.01373	0.00937	0.00776	0.00234	0.00841	0.00707	0.00776	0.01314
53	0.01608	0.01378	0.01608	0.01148	0.01837	0.01034	0.00919	0.01952	0.01608	0.02527	0.01378	0.01608	0.01148	0.00574	0.00574	0.00115	0.00574	0.00459	0.00459	0.77491
54	0.00931	0.00786	0.00806	0.00801	0.01056	0.00661	0.00601	0.01141	0.01802	0.02176	0.12636	0.07328	0.62768	0.01933	0.00916	0.00260	0.00391	0.01618	0.00731	0.00661
55	0.02073	0.73217	0.04063	0.01327	0.01990	0.03068	0.01327	0.02322	0.01575	0.01824	0.01078	0.01244	0.00995	0.00663	0.00498	0.00166	0.00829	0.00415	0.00332	0.00995
56	0.01929	0.01666	0.01753	0.01578	0.02016	0.01929	0.01227	0.04120	0.66513	0.03243	0.03156	0.02893	0.02367	0.01052	0.00789	0.00263	0.00614	0.00877	0.00789	0.01227
57	0.01199	0.00815	0.01069	0.00993	0.01193	0.00749	0.00749	0.01562	0.02196	0.05888	0.64764	0.05658	0.07086	0.01559	0.00909	0.00244	0.00378	0.01376	0.00858	0.00757
58	0.01125	0.00761	0.00890	0.00890	0.00906	0.00776	0.00526	0.01156	0.01141	0.01537	0.02402	0.04847	0.02720	0.65258	0.11304	0.00807	0.00900	0.01094	0.00464	0.00495
59	0.01929	0.01666	0.01753	0.01578	0.02016	0.01929	0.01227	0.04120	0.66513	0.03243	0.03156	0.02893	0.02367	0.01052	0.00789	0.00263	0.00614	0.00877	0.00789	0.01227
60	0.01464	0.01378	0.02326	0.70887	0.05340	0.01723	0.02153	0.01981	0.01550	0.01981	0.01378	0.02067	0.01034	0.00775	0.00775	0.00258	0.01034	0.00689	0.00345	0.00861
61	0.01445	0.00723	0.00723	0.00723	0.00903	0.00723	0.00542	0.01807	0.01626	0.02891	0.02529	0.02891	0.01987	0.00903	0.00542	0.00181	0.00361	0.00723	0.77055	0.00723
62	0.02896	0.03695	0.02197	0.01998	0.02397	0.69638	0.01498	0.03096	0.02197	0.01898	0.01199	0.01398	0.00999	0.00799	0.00699	0.00200	0.01398	0.00499	0.00400	0.00899
63	0.01445	0.00723	0.00723	0.00723	0.00903	0.00723	0.00542	0.01807	0.01626	0.02891	0.02529	0.02891	0.01987	0.00903	0.00542	0.00181	0.00361	0.00723	0.77055	0.00723
64	0.01814	0.02147	0.06918	0.03173	0.03936	0.01973	0.59923	0.02455	0.01794	0.02455	0.01537	0.02057	0.01162	0.00688	0.00980	0.00264	0.04402	0.00892	0.00387	0.01041
65	0.75443	0.01507	0.01185	0.01057	0.01519	0.01763	0.00871	0.02264	0.01315	0.03420	0.01077	0.01275	0.00846	0.00743	0.00555	0.00244	0.03174	0.00429	0.00475	0.00840
66	0.01919	0.01842	0.03147	0.04759	0.67914	0.01842	0.02380	0.02380	0.01765	0.02533	0.01458	0.01919	0.01228	0.00691	0.00768	0.00230	0.00921	0.00691	0.00384	0.01228
67	0.01929	0.01666	0.01753	0.01578	0.02016	0.01929	0.01227	0.04120	0.66513	0.03243	0.03156	0.02893	0.02367	0.01052	0.00789	0.00263	0.00614	0.00877	0.00789	0.01227
68	0.01109	0.00825	0.01216	0.01216	0.01344	0.00953	0.00932	0.01365	0.01237	0.01778	0.02104	0.03199	0.02005	0.10867	0.64717	0.01209	0.01977	0.00853	0.00419	0.00675
69	0.00995	0.00773	0.00808	0.00808	0.00972	0.00691	0.00545	0.01118	0.01530	0.01875	0.05846	0.06576	0.43554	0.28238	0.02041	0.00444	0.00526	0.01448	0.00627	0.00586
70	0.01118	0.00748	0.00848	0.00858	0.00860	0.00745	0.00483	0.01125	0.01146	0.01528	0.02538	0.08558	0.02939	0.69103	0.03793	0.00729	0.00736	0.01183	0.00483	0.00478
71	0.01870	0.01792	0.03058	0.11919	0.61139	0.01829	0.02355	0.02336	0.01742	0.02473	0.01450	0.01935	0.01207	0.00700	0.00768	0.00233	0.00933	0.00691	0.00380	0.01188
72	0.68636	0.05206	0.01341	0.01063	0.01561	0.01763	0.00888	0.02395	0.01401	0.08297	0.01229	0.01363	0.00929	0.00735	0.00503	0.00236	0.00616	0.00447	0.00508	0.00884
73	0.13714	0.04660	0.01982	0.07892	0.04854	0.20936	0.01338	0.06888	0.06233	0.10211	0.01645	0.01810	0.01257	0.00976	0.03185	0.00250	0.00961	0.00587	0.00527	0.10094
74	0.02047	0.02391	0.07904	0.13251	0.18837	0.17811	0.14909	0.05725	0.01924	0.02383	0.01544	0.04832	0.01287	0.00812	0.00790	0.00239	0.01123	0.00747	0.00414	0.01031
75	0.01108	0.00831	0.01246	0.01246	0.01385	0.00969	0.00969	0.01385	0.01246	0.01800	0.02077	0.03046	0.01938	0.05815	0.69678	0.01246	0.02077	0.00831	0.00415	0.00692
76	0.01347	0.00673	0.01010	0.01010	0.01010	0.00673	0.00673	0.01010	0.01010	0.01347	0.01347	0.02357	0.01347	0.02694	0.03030	0.77441	0.00673	0.00673	0.00337	0.00337
77	0.01464	0.01378	0.02326	0.70887	0.05340	0.01723	0.02153	0.01981	0.01550	0.01981	0.01378	0.02067	0.01034	0.00775	0.00775	0.00258	0.01034	0.00689	0.00345	0.00861
78	0.01124	0.00764	0.00909	0.00909	0.00931	0.00786	0.00549	0.01168	0.01146	0.01550	0.02385	0.04752	0.02679	0.62133	0.14373	0.00830	0.00962	0.01080	0.00461	0.00505
79	0.01653	0.17053	0.56546	0.02043	0.03098	0.02040	0.02575	0.02430	0.01625	0.02337	0.01332	0.01563	0.00985	0.00723	0.00692	0.00231	0.01086	0.00543	0.00328	0.01117
80	0.02896	0.03695	0.02197	0.01998	0.02397	0.69638	0.01498	0.03096	0.02197	0.01898	0.01199	0.01398	0.00999	0.00799	0.00699	0.00200	0.01398	0.00499	0.00400	0.00899

[dist]
# distance from previous block
# <min> <max>
0	1

[block]
# block no. 6 follows, 25 sequences, length 14
# corresponding to MSA columns:
# 1338-1351
name=unknown_G
#
# <colnr> <probs for GDERKNQSTAVLIFYWHMCP>
#	G	D	E	R	K	N	Q	S	T	A	V	L	I	F	Y	W	H	M	C	P
0	0.01637	0.00950	0.01259	0.01161	0.01423	0.00898	0.00918	0.01951	0.02026	0.16995	0.33844	0.09846	0.09696	0.01597	0.00980	0.00268	0.03466	0.09419	0.00818	0.00850
1	0.01068	0.00770	0.01036	0.01205	0.01317	0.00739	0.00929	0.01297	0.01623	0.02125	0.04408	0.42603	0.08401	0.02285	0.01019	0.00329	0.00555	0.26908	0.00717	0.00666
2	0.02042	0.69132	0.07881	0.01379	0.02071	0.02993	0.01417	0.02330	0.01579	0.01861	0.01096	0.01267	0.00994	0.00668	0.00512	0.00171	0.00848	0.00424	0.00331	0.01004
3	0.01986	0.01450	0.01847	0.04060	0.02112	0.01284	0.03613	0.08536	0.01917	0.12217	0.04085	0.02249	0.01614	0.00803	0.00752	0.00179	0.03385	0.03045	0.00575	0.44291
4	0.68805	0.01502	0.01260	0.01108	0.01563	0.01747	0.00914	0.02339	0.01363	0.07158	0.01191	0.01369	0.00914	0.00776	0.00634	0.00246	0.05286	0.00458	0.00498	0.00868
5	0.01113	0.00810	0.01139	0.01139	0.01241	0.00911	0.00836	0.01316	0.01214	0.01721	0.02175	0.03588	0.02174	0.23699	0.52116	0.01114	0.01723	0.00910	0.00430	0.00633
6	0.01608	0.01378	0.01608	0.01148	0.01837	0.01034	0.00919	0.01952	0.01608	0.02527	0.01378	0.01608	0.01148	0.00574	0.00574	0.00115	0.00574	0.00459	0.00459	0.77491
7	0.01830	0.01917	0.06719	0.13470	0.50801	0.01833	0.07396	0.02338	0.01734	0.02450	0.01453	0.01938	0.01184	0.00702	0.00779	0.00237	0.00980	0.00702	0.00376	0.01159
8	0.01498	0.01055	0.01332	0.04918	0.01666	0.00974	0.00923	0.04451	0.04363	0.08412	0.25882	0.16577	0.06801	0.01408	0.00831	0.00233	0.00515	0.01229	0.00720	0.16211
9	0.01027	0.00833	0.00916	0.00888	0.01133	0.00745	0.00668	0.01381	0.05238	0.02482	0.26895	0.06687	0.44755	0.01794	0.00909	0.00256	0.00395	0.01522	0.00767	0.00709
10	0.02291	0.06067	0.11007	0.09889	0.14430	0.02095	0.06063	0.27176	0.04969	0.05918	0.01713	0.01917	0.01266	0.00820	0.00764	0.00236	0.00933	0.00689	0.00562	0.01192
11	0.01903	0.04477	0.10009	0.01719	0.04658	0.01681	0.03715	0.05761	0.30903	0.08577	0.13149	0.03194	0.02845	0.01077	0.00803	0.00252	0.00700	0.02750	0.00708	0.01118
12	0.78228	0.01499	0.01140	0.01020	0.01499	0.01739	0.00840	0.02279	0.01320	0.03479	0.01080	0.01260	0.00840	0.00720	0.00480	0.00240	0.00600	0.00420	0.00480	0.00840
13	0.01128	0.00752	0.00846	0.00846	0.00846	0.00752	0.00470	0.01128	0.01128	0.01503	0.02443	0.05074	0.02819	0.72751	0.03946	0.00752	0.00752	0.01128	0.00470	0.00470

[dist]
# distance from previous block
# <min> <max>
0	1

[block]
# block no. 7 follows, 25 sequences, length 38
# corresponding to MSA columns:
# 1353-1390
name=unknown_H
#
# <colnr> <probs for GDERKNQSTAVLIFYWHMCP>
#	G	D	E	R	K	N	Q	S	T	A	V	L	I	F	Y	W	H	M	C	P
0	0.73324	0.01492	0.01215	0.05483	0.01745	0.01738	0.00924	0.02260	0.01334	0.03383	0.01099	0.01311	0.00852	0.00723	0.00499	0.00241	0.00628	0.00437	0.00471	0.00841
1	0.01058	0.00842	0.01321	0.01338	0.01471	0.00790	0.07783	0.01262	0.01539	0.02053	0.03969	0.61037	0.04659	0.02219	0.00986	0.00311	0.00558	0.05439	0.00684	0.00680
2	0.09025	0.01631	0.02479	0.21999	0.03339	0.01741	0.15054	0.14950	0.02097	0.09007	0.02353	0.02599	0.08458	0.00923	0.00794	0.00251	0.00911	0.00826	0.00552	0.01011
3	0.78228	0.01499	0.01140	0.01020	0.01499	0.01739	0.00840	0.02279	0.01320	0.03479	0.01080	0.01260	0.00840	0.00720	0.00480	0.00240	0.00600	0.00420	0.00480	0.00840
4	0.01723	0.01770	0.02989	0.10837	0.09062	0.02144	0.17615	0.02081	0.01445	0.02096	0.01239	0.01860	0.01079	0.01050	0.01761	0.00300	0.38917	0.00740	0.00357	0.00934
5	0.00931	0.00786	0.00805	0.00801	0.01056	0.00661	0.00600	0.01141	0.01801	0.02176	0.12612	0.07329	0.62792	0.01933	0.00916	0.00260	0.00391	0.01618	0.00731	0.00661
6	0.01881	0.01615	0.01712	0.01543	0.01967	0.01859	0.01199	0.03967	0.62800	0.03236	0.06871	0.03060	0.02653	0.01083	0.00796	0.00262	0.00599	0.00907	0.00793	0.01199
7	0.03479	0.01320	0.01799	0.01380	0.01979	0.01140	0.01140	0.03779	0.02219	0.68451	0.03059	0.02639	0.01919	0.00960	0.00780	0.00240	0.00660	0.00780	0.00960	0.01320
8	0.03479	0.01320	0.01799	0.01380	0.01979	0.01140	0.01140	0.03779	0.02219	0.68451	0.03059	0.02639	0.01919	0.00960	0.00780	0.00240	0.00660	0.00780	0.00960	0.01320
9	0.00945	0.00675	0.00900	0.01080	0.01125	0.00630	0.00720	0.01080	0.01484	0.01979	0.04274	0.72245	0.05128	0.02429	0.00990	0.00315	0.00450	0.02204	0.00720	0.00630
10	0.02997	0.02093	0.02278	0.01746	0.02365	0.02287	0.01443	0.59603	0.03513	0.10799	0.01973	0.01934	0.01374	0.00933	0.00776	0.00233	0.00835	0.00706	0.00793	0.01319
11	0.01098	0.00805	0.01037	0.01015	0.01206	0.00745	0.00785	0.01444	0.02094	0.02894	0.52563	0.06367	0.13523	0.01700	0.00935	0.00261	0.00415	0.09573	0.00820	0.00721
12	0.01608	0.01378	0.01608	0.01148	0.01837	0.01034	0.00919	0.01952	0.01608	0.02527	0.01378	0.01608	0.01148	0.00574	0.00574	0.00115	0.00574	0.00459	0.00459	0.77491
13	0.01912	0.02351	0.16777	0.02804	0.03622	0.01810	0.44625	0.02570	0.01842	0.08872	0.03815	0.02175	0.01409	0.00730	0.00867	0.00256	0.01182	0.00851	0.00449	0.01082
14	0.01257	0.01060	0.01350	0.01318	0.01457	0.05425	0.01017	0.01508	0.01297	0.01793	0.01980	0.02975	0.01874	0.08971	0.57696	0.01099	0.05991	0.00817	0.00413	0.00702
15	0.13064	0.01588	0.02347	0.33912	0.06152	0.04393	0.10529	0.06124	0.01728	0.02490	0.01695	0.06944	0.01467	0.00926	0.00774	0.00259	0.00953	0.03306	0.00443	0.00906
16	0.02196	0.01808	0.02425	0.26595	0.14088	0.02044	0.01846	0.29047	0.06417	0.03380	0.01704	0.02006	0.01267	0.00844	0.00775	0.00243	0.00913	0.00705	0.00561	0.01137
17	0.01464	0.01378	0.02326	0.70887	0.05340	0.01723	0.02153	0.01981	0.01550	0.01981	0.01378	0.02067	0.01034	0.00775	0.00775	0.00258	0.01034	0.00689	0.00345	0.00861
18	0.01827	0.01695	0.05144	0.34716	0.23568	0.01760	0.02071	0.08077	0.01842	0.04922	0.01510	0.01978	0.01157	0.00757	0.00759	0.00237	0.00944	0.00675	0.00426	0.05938
19	0.01555	0.04011	0.68733	0.02210	0.03356	0.01801	0.02865	0.02455	0.01637	0.02455	0.01391	0.01637	0.00982	0.00737	0.00737	0.00246	0.01146	0.00573	0.00327	0.01146
20	0.02959	0.02078	0.02260	0.01741	0.02353	0.02275	0.01435	0.57687	0.05735	0.10492	0.02014	0.01967	0.01409	0.00938	0.00776	0.00234	0.00828	0.00712	0.00793	0.01315
