[name]
unknown

[dist]
# distance from previous block
# <min> <max>
17	63

[block]
# block no. 0 follows, 24 sequences, length 86
# corresponding to MSA columns:
# 65-150
name=unknown_A
#
# <colnr> <probs for GDERKNQSTAVLIFYWHMCP>
#	G	D	E	R	K	N	Q	S	T	A	V	L	I	F	Y	W	H	M	C	P
0	0.01959	0.02243	0.08280	0.03036	0.03790	0.02069	0.49887	0.08708	0.02001	0.02742	0.01585	0.02059	0.01194	0.00751	0.01024	0.00269	0.06006	0.00875	0.00433	0.01090
1	0.01234	0.00901	0.01123	0.01171	0.01319	0.00875	0.00819	0.07533	0.01713	0.02317	0.03717	0.52874	0.04303	0.07111	0.03965	0.00370	0.00599	0.01855	0.00695	0.05508
2	0.01366	0.00982	0.01104	0.01003	0.01304	0.00904	0.00773	0.07771	0.02161	0.06868	0.24838	0.06232	0.38292	0.01721	0.00913	0.00258	0.00458	0.01450	0.00799	0.00804
3	0.01632	0.00888	0.00904	0.00848	0.01078	0.00911	0.00650	0.08130	0.01870	0.03161	0.02518	0.02851	0.01964	0.00927	0.00578	0.00190	0.00420	0.00737	0.68944	0.00800
4	0.01541	0.00842	0.01168	0.01112	0.01176	0.00866	0.00771	0.07397	0.01303	0.01740	0.01430	0.02360	0.01375	0.02574	0.02868	0.69243	0.00707	0.00691	0.00389	0.00445
5	0.01774	0.01973	0.04185	0.03052	0.03737	0.01891	0.54680	0.02363	0.01802	0.02456	0.01852	0.09080	0.01600	0.00888	0.01030	0.00277	0.04856	0.01055	0.00432	0.01016
6	0.03366	0.01356	0.01821	0.01387	0.02010	0.01155	0.01143	0.03677	0.02207	0.61205	0.02956	0.02593	0.01884	0.00942	0.00776	0.00233	0.00666	0.00765	0.00930	0.08928
7	0.01061	0.00825	0.01076	0.01151	0.01238	0.00840	0.00821	0.01241	0.01621	0.02182	0.12844	0.47931	0.12715	0.02200	0.01152	0.00308	0.07478	0.01917	0.00715	0.00684
8	0.01004	0.00716	0.00924	0.01075	0.01131	0.00674	0.00721	0.01136	0.01497	0.01981	0.04282	0.57089	0.07713	0.11667	0.01413	0.00381	0.00510	0.04758	0.00702	0.00627
9	0.01574	0.01512	0.02552	0.55307	0.09898	0.01849	0.04933	0.02069	0.01578	0.02081	0.01388	0.02065	0.01078	0.00840	0.00980	0.00270	0.08037	0.00714	0.00357	0.00917
10	0.01446	0.00742	0.00752	0.00752	0.00918	0.00742	0.00547	0.01778	0.01612	0.02814	0.02578	0.03180	0.02118	0.08060	0.00903	0.00243	0.00410	0.00781	0.68912	0.00713
11	0.01879	0.01971	0.02504	0.02084	0.02265	0.09969	0.06497	0.02112	0.01428	0.02029	0.01143	0.01722	0.01065	0.01186	0.02052	0.00301	0.50237	0.00669	0.00371	0.08516
12	0.04444	0.18687	0.21478	0.02107	0.02867	0.06925	0.14430	0.02731	0.08157	0.05347	0.01603	0.01824	0.01230	0.00794	0.00813	0.00238	0.04143	0.00655	0.00436	0.01091
13	0.01579	0.03765	0.61280	0.02108	0.03181	0.01731	0.02692	0.02445	0.01673	0.02556	0.01540	0.01803	0.01108	0.00770	0.00733	0.00244	0.01092	0.00601	0.07971	0.01129
14	0.01907	0.01451	0.01975	0.18023	0.07841	0.01346	0.01402	0.02389	0.04606	0.11268	0.01729	0.01983	0.01315	0.00721	0.00690	0.00186	0.00741	0.00608	0.00520	0.39299
15	0.01852	0.24040	0.40242	0.01899	0.02834	0.02215	0.02237	0.02687	0.08097	0.04613	0.01567	0.01719	0.01183	0.00771	0.00688	0.00229	0.01005	0.00576	0.00405	0.01141
16	0.01478	0.00739	0.00739	0.00739	0.00924	0.00739	0.00554	0.01848	0.01663	0.02956	0.02587	0.02956	0.02033	0.00924	0.00554	0.00185	0.00370	0.00739	0.76534	0.00739
17	0.01851	0.25195	0.43666	0.01966	0.02932	0.07007	0.02346	0.02516	0.01695	0.02272	0.01310	0.01533	0.01010	0.00735	0.00675	0.00223	0.01090	0.00531	0.00341	0.01106
18	0.00966	0.00690	0.00920	0.01104	0.01150	0.00644	0.00736	0.01104	0.01518	0.02024	0.04371	0.71614	0.05245	0.02484	0.01012	0.00322	0.00460	0.02254	0.00736	0.00644
19	0.03558	0.01350	0.01840	0.01411	0.02024	0.01166	0.01166	0.03865	0.02270	0.67734	0.03128	0.02699	0.01963	0.00981	0.00797	0.00245	0.00675	0.00797	0.00981	0.01350
20	0.01134	0.00844	0.01245	0.01245	0.01377	0.00975	0.00955	0.01397	0.01266	0.01819	0.02151	0.03263	0.02046	0.10647	0.64377	0.01239	0.02028	0.00871	0.00429	0.00692
21	0.11389	0.02774	0.08734	0.06696	0.02634	0.25070	0.01616	0.21764	0.06486	0.03214	0.01578	0.01728	0.01191	0.00857	0.00728	0.00232	0.01061	0.00609	0.00550	0.01087
22	0.01872	0.02139	0.04679	0.03342	0.04144	0.02005	0.64305	0.02540	0.01872	0.02540	0.01604	0.02139	0.01203	0.00668	0.00936	0.00267	0.01337	0.00936	0.00401	0.01070
23	0.01133	0.00850	0.01274	0.01274	0.01416	0.00991	0.00991	0.01416	0.01274	0.01841	0.02124	0.03115	0.01982	0.05947	0.68989	0.01274	0.02124	0.00850	0.00425	0.00708
24	0.01155	0.00830	0.01073	0.01204	0.01311	0.00810	0.00866	0.05683	0.01718	0.02284	0.04172	0.58015	0.04874	0.02335	0.01008	0.00322	0.00527	0.10369	0.00739	0.00706
25	0.03022	0.01445	0.01814	0.01456	0.01999	0.01390	0.01178	0.10501	0.12068	0.44826	0.05653	0.06364	0.02358	0.01097	0.00815	0.00252	0.00666	0.00905	0.00917	0.01274
26	0.03558	0.01350	0.01840	0.01411	0.02024	0.01166	0.01166	0.03865	0.02270	0.67734	0.03128	0.02699	0.01963	0.00981	0.00797	0.00245	0.00675	0.00797	0.00981	0.01350
27	0.01478	0.00739	0.00739	0.00739	0.00924	0.00739	0.00554	0.01848	0.01663	0.02956	0.02587	0.02956	0.02033	0.00924	0.00554	0.00185	0.00370	0.00739	0.76534	0.00739
28	0.01780	0.28648	0.45139	0.01937	0.02932	0.02306	0.02366	0.02462	0.01652	0.02280	0.01308	0.01530	0.01009	0.00727	0.00666	0.00222	0.01056	0.00528	0.00336	0.01117
29	0.66596	0.06566	0.01430	0.01094	0.01607	0.01828	0.00918	0.02453	0.01440	0.08427	0.01261	0.01397	0.00956	0.00751	0.00516	0.00240	0.00635	0.00458	0.00518	0.00908
30	0.02523	0.03116	0.01943	0.01780	0.02151	0.53711	0.01335	0.02739	0.02180	0.02059	0.06916	0.02693	0.11503	0.01056	0.00764	0.00217	0.01199	0.00753	0.00491	0.00869
31	0.00945	0.00773	0.00835	0.00885	0.01092	0.00663	0.00639	0.01129	0.01729	0.02110	0.07044	0.24918	0.50215	0.02137	0.00957	0.00282	0.00417	0.01830	0.00736	0.00663
32	0.04285	0.01454	0.02357	0.55845	0.09072	0.01755	0.02079	0.02189	0.01626	0.06777	0.01512	0.02102	0.01127	0.00823	0.00856	0.00264	0.03832	0.00702	0.00404	0.00938
33	0.77733	0.01534	0.01166	0.01043	0.01534	0.01779	0.00859	0.02331	0.01350	0.03558	0.01104	0.01288	0.00859	0.00736	0.00491	0.00245	0.00613	0.00429	0.00491	0.00859
34	0.02183	0.01658	0.01811	0.01659	0.04654	0.04180	0.01246	0.08908	0.37880	0.11947	0.09521	0.03226	0.05347	0.01121	0.00818	0.00257	0.00663	0.00932	0.00801	0.01189
35	0.04632	0.01390	0.02195	0.58161	0.04787	0.01707	0.01988	0.02136	0.06128	0.02181	0.01712	0.06512	0.01409	0.00917	0.00795	0.00267	0.00971	0.00805	0.00414	0.00892
36	0.01654	0.01550	0.02601	0.53702	0.16281	0.01820	0.04182	0.04652	0.01721	0.02263	0.01450	0.02079	0.01109	0.00780	0.00796	0.00258	0.01038	0.00713	0.00379	0.00973
37	0.01842	0.02075	0.04434	0.07493	0.04136	0.02009	0.57618	0.02480	0.01824	0.02480	0.01567	0.02120	0.01187	0.00708	0.01001	0.00271	0.04400	0.00911	0.00396	0.01049
38	0.01478	0.00739	0.00739	0.00739	0.00924	0.00739	0.00554	0.01848	0.01663	0.02956	0.02587	0.02956	0.02033	0.00924	0.00554	0.00185	0.00370	0.00739	0.76534	0.00739
39	0.01644	0.01409	0.01644	0.01175	0.01879	0.01057	0.00940	0.01997	0.01644	0.02584	0.01409	0.01644	0.01175	0.00587	0.00587	0.00117	0.00587	0.00470	0.00470	0.76979
40	0.03014	0.02221	0.02380	0.01825	0.02459	0.02459	0.01507	0.64541	0.03728	0.04998	0.01904	0.01904	0.01349	0.00952	0.00793	0.00238	0.00873	0.00714	0.00793	0.01349
41	0.01731	0.01720	0.02394	0.02041	0.02073	0.02367	0.01699	0.01912	0.01234	0.01939	0.01057	0.01731	0.01047	0.01352	0.02512	0.00337	0.67532	0.00684	0.00352	0.04286
42	0.01478	0.00739	0.00739	0.00739	0.00924	0.00739	0.00554	0.01848	0.01663	0.02956	0.02587	0.02956	0.02033	0.00924	0.00554	0.00185	0.00370	0.00739	0.76534	0.00739
43	0.00957	0.00804	0.00831	0.00824	0.01083	0.00678	0.00618	0.01177	0.01854	0.02254	0.14337	0.07448	0.60489	0.01967	0.00937	0.00266	0.00399	0.01648	0.00751	0.00678
44	0.22294	0.02772	0.02182	0.01844	0.02347	0.33637	0.06268	0.14563	0.02266	0.02988	0.01353	0.01539	0.01056	0.00810	0.00689	0.00226	0.01105	0.00562	0.00502	0.00997
45	0.03535	0.01386	0.01863	0.01428	0.02042	0.01219	0.01180	0.06381	0.02330	0.65132	0.03078	0.02666	0.01937	0.00980	0.00797	0.00245	0.00683	0.00794	0.00974	0.01349
46	0.00966	0.00690	0.00920	0.01104	0.01150	0.00644	0.00736	0.01104	0.01518	0.02024	0.04371	0.71614	0.05245	0.02484	0.01012	0.00322	0.00460	0.02254	0.00736	0.00644
47	0.00992	0.00805	0.00880	0.00861	0.01105	0.00693	0.00646	0.01245	0.01938	0.02451	0.25516	0.07123	0.49188	0.01893	0.00937	0.00262	0.00393	0.01602	0.00777	0.00693
48	0.01544	0.01457	0.02463	0.63676	0.11647	0.01774	0.02225	0.02067	0.01608	0.02083	0.01418	0.02099	0.01077	0.00784	0.00792	0.00261	0.01046	0.00705	0.00356	0.00918
49	0.00966	0.00690	0.00920	0.01104	0.01150	0.00644	0.00736	0.01104	0.01518	0.02024	0.04371	0.71614	0.05245	0.02484	0.01012	0.00322	0.00460	0.02254	0.00736	0.00644
50	0.02962	0.03779	0.02247	0.02043	0.02451	0.68948	0.01532	0.03166	0.02247	0.01941	0.01226	0.01430	0.01021	0.00817	0.00715	0.00204	0.01430	0.00511	0.00409	0.00919
51	0.04358	0.07269	0.09703	0.05419	0.02973	0.07219	0.19487	0.04656	0.01667	0.02322	0.01308	0.01796	0.01087	0.00964	0.01439	0.00281	0.25966	0.00711	0.00387	0.00988
52	0.01972	0.01703	0.01793	0.01614	0.02062	0.01972	0.01255	0.04214	0.65752	0.03317	0.03228	0.02959	0.02421	0.01076	0.00807	0.00269	0.00628	0.00897	0.00807	0.01255
53	0.02003	0.01539	0.02266	0.46438	0.04321	0.01794	0.01893	0.14570	0.02110	0.09715	0.04399	0.02293	0.01478	0.00879	0.00799	0.00256	0.00951	0.00747	0.00529	0.01018
54	0.02899	0.02779	0.02328	0.06213	0.02645	0.28389	0.01561	0.36632	0.03015	0.03617	0.01608	0.01732	0.01202	0.00889	0.00763	0.00226	0.01102	0.00634	0.00615	0.01151
55	0.77733	0.01534	0.01166	0.01043	0.01534	0.01779	0.00859	0.02331	0.01350	0.03558	0.01104	0.01288	0.00859	0.00736	0.00491	0.00245	0.00613	0.00429	0.00491	0.00859
56	0.01659	0.01423	0.01651	0.01195	0.01888	0.01099	0.00954	0.02098	0.04570	0.02617	0.01492	0.01704	0.01231	0.00610	0.00597	0.00124	0.00589	0.00489	0.00485	0.73524
57	0.08477	0.45118	0.06906	0.01621	0.02200	0.02696	0.05908	0.02288	0.01541	0.02098	0.01181	0.01487	0.01053	0.00972	0.03227	0.00251	0.11108	0.00523	0.00360	0.00983
58	0.00966	0.00690	0.00920	0.01104	0.01150	0.00644	0.00736	0.01104	0.01518	0.02024	0.04371	0.71614	0.05245	0.02484	0.01012	0.00322	0.00460	0.02254	0.00736	0.00644
59	0.01590	0.04102	0.68023	0.02260	0.03432	0.01842	0.02930	0.02511	0.01674	0.02511	0.01423	0.01674	0.01005	0.00753	0.00753	0.00251	0.01172	0.00586	0.00335	0.01172
60	0.02128	0.01802	0.01934	0.06880	0.02384	0.04269	0.01387	0.15506	0.42698	0.03437	0.02826	0.03015	0.02197	0.01092	0.00818	0.00266	0.00741	0.04668	0.00751	0.01200
61	0.01478	0.00739	0.00739	0.00739	0.00924	0.00739	0.00554	0.01848	0.01663	0.02956	0.02587	0.02956	0.02033	0.00924	0.00554	0.00185	0.00370	0.00739	0.76534	0.00739
62	0.02121	0.63442	0.09265	0.01466	0.02171	0.06455	0.01494	0.02427	0.01649	0.01922	0.01135	0.01313	0.01017	0.00692	0.00539	0.00178	0.00905	0.00442	0.00342	0.01025
63	0.01478	0.00739	0.00739	0.00739	0.00924	0.00739	0.00554	0.01848	0.01663	0.02956	0.02587	0.02956	0.02033	0.00924	0.00554	0.00185	0.00370	0.00739	0.76534	0.00739
64	0.40376	0.01425	0.01438	0.01209	0.01716	0.01497	0.00986	0.02936	0.06315	0.25987	0.07105	0.02264	0.01875	0.00915	0.00655	0.00247	0.00617	0.00670	0.00715	0.01050
65	0.01788	0.01978	0.04178	0.03180	0.07982	0.01857	0.53313	0.02403	0.01888	0.02566	0.05989	0.02616	0.04598	0.00792	0.00926	0.00264	0.01208	0.00986	0.00445	0.01043
66	0.02120	0.72609	0.04155	0.01357	0.02035	0.03138	0.01357	0.02374	0.01611	0.01866	0.01102	0.01272	0.01018	0.00678	0.00509	0.00170	0.00848	0.00424	0.00339	0.01018
67	0.01956	0.01425	0.05375	0.03929	0.02215	0.01202	0.09645	0.02426	0.04538	0.18565	0.11166	0.13246	0.03084	0.01262	0.00856	0.00253	0.00722	0.05699	0.00700	0.11734
68	0.01685	0.14303	0.37367	0.08894	0.03214	0.04665	0.07116	0.02338	0.01679	0.02293	0.01652	0.08215	0.01424	0.00903	0.00755	0.00245	0.01065	0.00752	0.00383	0.01051
69	0.01478	0.00739	0.00739	0.00739	0.00924	0.00739	0.00554	0.01848	0.01663	0.02956	0.02587	0.02956	0.02033	0.00924	0.00554	0.00185	0.00370	0.00739	0.76534	0.00739
70	0.01348	0.03596	0.01922	0.29135	0.03122	0.01439	0.03444	0.01683	0.01570	0.02096	0.06580	0.26603	0.02935	0.01500	0.01087	0.00290	0.09040	0.01290	0.00520	0.00798
71	0.10446	0.04225	0.02383	0.38513	0.10764	0.06739	0.01899	0.11142	0.01937	0.02671	0.01431	0.01897	0.01094	0.00798	0.00743	0.00248	0.00988	0.00652	0.00439	0.00992
72	0.02983	0.01420	0.04472	0.01399	0.01958	0.01203	0.01184	0.05929	0.04467	0.49179	0.13907	0.03185	0.02858	0.01084	0.00819	0.00247	0.00650	0.00898	0.00922	0.01236
73	0.01956	0.01902	0.03322	0.04759	0.62708	0.01893	0.06827	0.02441	0.01810	0.02587	0.01500	0.01975	0.01252	0.00704	0.00796	0.00238	0.00970	0.00723	0.00393	0.01243
74	0.01612	0.01589	0.02574	0.59217	0.08448	0.04770	0.06437	0.02133	0.01646	0.02087	0.01419	0.02078	0.01076	0.00781	0.00799	0.00260	0.01087	0.00712	0.00360	0.00915
75	0.06223	0.01482	0.04558	0.01439	0.02065	0.01243	0.01230	0.03762	0.04263	0.60525	0.02985	0.02612	0.01896	0.00966	0.00784	0.00246	0.00692	0.00778	0.00930	0.01321
76	0.00950	0.00804	0.00821	0.00817	0.01079	0.00675	0.00613	0.01163	0.01838	0.02214	0.12076	0.07514	0.62776	0.01982	0.00937	0.00267	0.00400	0.01657	0.00746	0.00675
77	0.01590	0.04102	0.68023	0.02260	0.03432	0.01842	0.02930	0.02511	0.01674	0.02511	0.01423	0.01674	0.01005	0.00753	0.00753	0.00251	0.01172	0.00586	0.00335	0.01172
78	0.01644	0.01409	0.01644	0.01175	0.01879	0.01057	0.00940	0.01997	0.01644	0.02584	0.01409	0.01644	0.01175	0.00587	0.00587	0.00117	0.00587	0.00470	0.00470	0.76979
79	0.01478	0.00739	0.00739	0.00739	0.00924	0.00739	0.00554	0.01848	0.01663	0.02956	0.02587	0.02956	0.02033	0.00924	0.00554	0.00185	0.00370	0.00739	0.76534	0.00739
80	0.00997	0.00712	0.00955	0.01139	0.01198	0.00670	0.00789	0.01157	0.01548	0.02058	0.04354	0.65495	0.05178	0.02456	0.01020	0.00326	0.00486	0.08073	0.00736	0.00652
81	0.01644	0.01409	0.01644	0.01175	0.01879	0.01057	0.00940	0.01997	0.01644	0.02584	0.01409	0.01644	0.01175	0.00587	0.00587	0.00117	0.00587	0.00470	0.00470	0.76979
82	0.01559	0.01472	0.02490	0.61563	0.13643	0.01778	0.02233	0.02080	0.01615	0.02101	0.01420	0.02094	0.01083	0.00781	0.00792	0.00260	0.01042	0.00705	0.00358	0.00931
83	0.01615	0.01482	0.02234	0.53319	0.04624	0.01814	0.01969	0.02565	0.17397	0.02344	0.01857	0.02322	0.01393	0.00863	0.00796	0.00265	0.00951	0.00752	0.00464	0.00973
84	0.01573	0.01506	0.02201	0.01910	0.01982	0.02012	0.04120	0.01798	0.01258	0.01916	0.01365	0.02135	0.01309	0.02626	0.20988	0.00602	0.48749	0.00747	0.00371	0.00832
85	0.01788	0.01504	0.01748	0.03654	0.02069	0.01270	0.01056	0.07984	0.05870	0.02836	0.01570	0.01768	0.01265	0.00659	0.00627	0.00143	0.00633	0.00528	0.00517	0.62511

[dist]
# distance from previous block
# <min> <max>
1	5

[block]
# block no. 1 follows, 24 sequences, length 85
# corresponding to MSA columns:
# 156-240
name=unknown_B
#
# <colnr> <probs for GDERKNQSTAVLIFYWHMCP>
#	G	D	E	R	K	N	Q	S	T	A	V	L	I	F	Y	W	H	M	C	P
0	0.77733	0.01534	0.01166	0.01043	0.01534	0.01779	0.00859	0.02331	0.01350	0.03558	0.01104	0.01288	0.00859	0.00736	0.00491	0.00245	0.00613	0.00429	0.00491	0.00859
1	0.00999	0.00823	0.00889	0.00923	0.01175	0.00714	0.00725	0.01230	0.01811	0.02184	0.07337	0.07870	0.55555	0.02041	0.00966	0.00285	0.00461	0.12595	0.00735	0.00680
2	0.77733	0.01534	0.01166	0.01043	0.01534	0.01779	0.00859	0.02331	0.01350	0.03558	0.01104	0.01288	0.00859	0.00736	0.00491	0.00245	0.00613	0.00429	0.00491	0.00859
3	0.01478	0.00739	0.00739	0.00739	0.00924	0.00739	0.00554	0.01848	0.01663	0.02956	0.02587	0.02956	0.02033	0.00924	0.00554	0.00185	0.00370	0.00739	0.76534	0.00739
4	0.01631	0.01315	0.01540	0.01538	0.01856	0.01452	0.01266	0.02950	0.34334	0.02853	0.03705	0.05901	0.03474	0.01624	0.00949	0.00316	0.00678	0.30852	0.00769	0.00997
5	0.01678	0.03979	0.65072	0.02222	0.03369	0.01811	0.02851	0.02572	0.01701	0.05420	0.01499	0.01720	0.01047	0.00764	0.00755	0.00251	0.01150	0.00595	0.00364	0.01180
6	0.03558	0.01350	0.01840	0.01411	0.02024	0.01166	0.01166	0.03865	0.02270	0.67734	0.03128	0.02699	0.01963	0.00981	0.00797	0.00245	0.00675	0.00797	0.00981	0.01350
7	0.01498	0.01409	0.02378	0.70226	0.05462	0.01762	0.02202	0.02026	0.01586	0.02026	0.01409	0.02114	0.01057	0.00793	0.00793	0.00264	0.01057	0.00705	0.00352	0.00881
8	0.01872	0.02139	0.04679	0.03342	0.04144	0.02005	0.64305	0.02540	0.01872	0.02540	0.01604	0.02139	0.01203	0.00668	0.00936	0.00267	0.01337	0.00936	0.00401	0.01070
9	0.01514	0.01432	0.02382	0.65452	0.05225	0.01809	0.02170	0.02018	0.01560	0.02018	0.01384	0.02088	0.01056	0.00835	0.00920	0.00270	0.05934	0.00704	0.00352	0.00880
10	0.01478	0.00739	0.00739	0.00739	0.00924	0.00739	0.00554	0.01848	0.01663	0.02956	0.02587	0.02956	0.02033	0.00924	0.00554	0.00185	0.00370	0.00739	0.76534	0.00739
11	0.01596	0.08680	0.59062	0.02112	0.03184	0.01859	0.02673	0.02434	0.01708	0.02511	0.05778	0.01931	0.01439	0.00806	0.00748	0.00245	0.01096	0.00631	0.00371	0.01133
12	0.01664	0.11026	0.57201	0.02240	0.03336	0.01986	0.06880	0.02499	0.01681	0.02447	0.01402	0.01664	0.01019	0.00740	0.00740	0.00244	0.01150	0.00593	0.00340	0.01149
13	0.02153	0.47638	0.16566	0.01650	0.02382	0.13704	0.01699	0.02532	0.01728	0.02007	0.01187	0.01378	0.01016	0.00716	0.00591	0.00192	0.01008	0.00471	0.00350	0.01032
14	0.02558	0.01882	0.02003	0.01534	0.02169	0.06194	0.01243	0.26544	0.04799	0.13214	0.01907	0.01933	0.01392	0.00819	0.00714	0.00194	0.00768	0.00630	0.00678	0.28825
15	0.16011	0.06953	0.02124	0.07592	0.02360	0.11632	0.01377	0.23694	0.02423	0.03419	0.08569	0.02126	0.01812	0.00963	0.00844	0.00241	0.05542	0.00690	0.00592	0.01037
16	0.01478	0.00739	0.00739	0.00739	0.00924	0.00739	0.00554	0.01848	0.01663	0.02956	0.02587	0.02956	0.02033	0.00924	0.00554	0.00185	0.00370	0.00739	0.76534	0.00739
17	0.01715	0.01916	0.06984	0.18720	0.03194	0.05357	0.08358	0.02082	0.01456	0.02041	0.01272	0.01911	0.01100	0.01302	0.04735	0.00347	0.35530	0.00712	0.00360	0.00907
18	0.02770	0.01900	0.05705	0.01658	0.02257	0.01881	0.01404	0.23747	0.22734	0.23247	0.02664	0.02463	0.01853	0.00989	0.00797	0.00251	0.00752	0.00790	0.00829	0.01310
19	0.02902	0.02103	0.02395	0.02077	0.08610	0.02290	0.01560	0.51482	0.06388	0.09076	0.02013	0.02015	0.01434	0.00936	0.00793	0.00240	0.00854	0.00728	0.00769	0.01335
20	0.00966	0.00690	0.00920	0.01104	0.01150	0.00644	0.00736	0.01104	0.01518	0.02024	0.04371	0.71614	0.05245	0.02484	0.01012	0.00322	0.00460	0.02254	0.00736	0.00644
21	0.02256	0.06546	0.01996	0.01584	0.02073	0.05707	0.01264	0.10110	0.42101	0.09709	0.03052	0.02845	0.05128	0.01056	0.00786	0.00253	0.00707	0.00851	0.00766	0.01212
22	0.08658	0.01419	0.01816	0.01414	0.02012	0.01305	0.01164	0.06632	0.05105	0.57409	0.02933	0.02574	0.01877	0.00967	0.00776	0.00246	0.00678	0.00772	0.00930	0.01311
23	0.01133	0.00850	0.01274	0.01274	0.01416	0.00991	0.00991	0.01416	0.01274	0.01841	0.02124	0.03115	0.01982	0.05947	0.68989	0.01274	0.02124	0.00850	0.00425	0.00708
24	0.00966	0.00690	0.00920	0.01104	0.01150	0.00644	0.00736	0.01104	0.01518	0.02024	0.04371	0.71614	0.05245	0.02484	0.01012	0.00322	0.00460	0.02254	0.00736	0.00644
25	0.03133	0.02031	0.02262	0.01734	0.02364	0.02176	0.01433	0.51277	0.03410	0.18712	0.02172	0.02078	0.01483	0.00958	0.00794	0.00240	0.00829	0.00732	0.00834	0.01349
26	0.01783	0.09679	0.02099	0.05426	0.02060	0.08249	0.01347	0.09739	0.01721	0.02272	0.01664	0.02294	0.01484	0.03141	0.30640	0.00697	0.13665	0.00716	0.00442	0.00882
27	0.01478	0.00739	0.00739	0.00739	0.00924	0.00739	0.00554	0.01848	0.01663	0.02956	0.02587	0.02956	0.02033	0.00924	0.00554	0.00185	0.00370	0.00739	0.76534	0.00739
28	0.77733	0.01534	0.01166	0.01043	0.01534	0.01779	0.00859	0.02331	0.01350	0.03558	0.01104	0.01288	0.00859	0.00736	0.00491	0.00245	0.00613	0.00429	0.00491	0.00859
29	0.01872	0.02139	0.04679	0.03342	0.04144	0.02005	0.64305	0.02540	0.01872	0.02540	0.01604	0.02139	0.01203	0.00668	0.00936	0.00267	0.01337	0.00936	0.00401	0.01070
30	0.00966	0.00690	0.00920	0.01104	0.01150	0.00644	0.00736	0.01104	0.01518	0.02024	0.04371	0.71614	0.05245	0.02484	0.01012	0.00322	0.00460	0.02254	0.00736	0.00644
31	0.01153	0.00769	0.00865	0.00865	0.00865	0.00769	0.00480	0.01153	0.01153	0.01538	0.02499	0.05189	0.02883	0.72131	0.04036	0.00769	0.00769	0.01153	0.00480	0.00480
32	0.02962	0.03779	0.02247	0.02043	0.02451	0.68948	0.01532	0.03166	0.02247	0.01941	0.01226	0.01430	0.01021	0.00817	0.00715	0.00204	0.01430	0.00511	0.00409	0.00919
33	0.77733	0.01534	0.01166	0.01043	0.01534	0.01779	0.00859	0.02331	0.01350	0.03558	0.01104	0.01288	0.00859	0.00736	0.00491	0.00245	0.00613	0.00429	0.00491	0.00859
34	0.01498	0.01409	0.02378	0.70226	0.05462	0.01762	0.02202	0.02026	0.01586	0.02026	0.01409	0.02114	0.01057	0.00793	0.00793	0.00264	0.01057	0.00705	0.00352	0.00881
35	0.01869	0.01789	0.03050	0.18021	0.54763	0.01860	0.02387	0.02352	0.01761	0.02477	0.01475	0.01993	0.01216	0.00724	0.00787	0.00241	0.00965	0.00706	0.00384	0.01181
36	0.01478	0.00739	0.00739	0.00739	0.00924	0.00739	0.00554	0.01848	0.01663	0.02956	0.02587	0.02956	0.02033	0.00924	0.00554	0.00185	0.00370	0.00739	0.76534	0.00739
37	0.02879	0.02154	0.02304	0.01797	0.02408	0.02396	0.01474	0.56702	0.11787	0.04779	0.02076	0.02041	0.01488	0.00968	0.00795	0.00242	0.00841	0.00738	0.00795	0.01336
38	0.02947	0.01786	0.02053	0.01605	0.02194	0.01854	0.01313	0.33179	0.09567	0.25231	0.05507	0.02456	0.01947	0.00994	0.00796	0.00240	0.00749	0.00786	0.00849	0.03948
39	0.01717	0.01634	0.02775	0.39348	0.34622	0.01820	0.02312	0.02219	0.01690	0.02293	0.01448	0.02043	0.01151	0.00752	0.00789	0.00251	0.01003	0.00706	0.00371	0.01058
40	0.01478	0.00739	0.00739	0.00739	0.00924	0.00739	0.00554	0.01848	0.01663	0.02956	0.02587	0.02956	0.02033	0.00924	0.00554	0.00185	0.00370	0.00739	0.76534	0.00739
41	0.01886	0.01805	0.03079	0.15700	0.56955	0.01864	0.02395	0.02366	0.01769	0.02497	0.01478	0.01988	0.01223	0.00721	0.00786	0.00240	0.00961	0.00706	0.00386	0.01194
42	0.08564	0.01550	0.01896	0.01476	0.02077	0.01500	0.01215	0.15616	0.05579	0.47866	0.02753	0.02458	0.01788	0.00963	0.00776	0.00245	0.00707	0.00760	0.00902	0.01310
43	0.02079	0.01680	0.01796	0.01600	0.02060	0.01918	0.01249	0.04190	0.61499	0.07633	0.03221	0.02941	0.02390	0.01070	0.00806	0.00267	0.00631	0.00890	0.00819	0.01261
44	0.00937	0.00803	0.00803	0.00803	0.01071	0.00669	0.00602	0.01138	0.01807	0.02142	0.08033	0.07632	0.66863	0.02008	0.00937	0.00268	0.00402	0.01674	0.00736	0.00669
45	0.01801	0.02633	0.20608	0.03070	0.03965	0.01964	0.48871	0.02533	0.01822	0.02533	0.01559	0.02022	0.01153	0.00690	0.00890	0.00263	0.01295	0.00848	0.00384	0.01095
46	0.01821	0.02495	0.16176	0.03146	0.04015	0.01976	0.53165	0.02535	0.01836	0.02535	0.01571	0.02055	0.01167	0.00684	0.00903	0.00264	0.01307	0.00872	0.00389	0.01088
47	0.01199	0.00857	0.01188	0.01371	0.01519	0.00845	0.01142	0.01507	0.01748	0.02285	0.04242	0.24704	0.04735	0.02264	0.01074	0.00354	0.00662	0.46862	0.00732	0.00709
48	0.01003	0.00740	0.01022	0.05940	0.01452	0.00722	0.00839	0.01169	0.01523	0.02024	0.04163	0.66752	0.04952	0.02366	0.00997	0.00318	0.00502	0.02146	0.00709	0.00661
49	0.01121	0.00766	0.00920	0.00949	0.00973	0.00775	0.00579	0.01176	0.01225	0.01649	0.02751	0.15417	0.03152	0.53581	0.10996	0.00756	0.00875	0.01292	0.00514	0.00532
50	0.01070	0.00876	0.00964	0.00998	0.01247	0.00799	0.00778	0.01433	0.06075	0.02255	0.06759	0.12033	0.46927	0.02012	0.00962	0.00289	0.00481	0.12584	0.00740	0.00718
51	0.01644	0.01409	0.01644	0.01175	0.01879	0.01057	0.00940	0.01997	0.01644	0.02584	0.01409	0.01644	0.01175	0.00587	0.00587	0.00117	0.00587	0.00470	0.00470	0.76979
52	0.02677	0.21586	0.02767	0.05055	0.02485	0.42113	0.01515	0.08806	0.02192	0.02219	0.01267	0.01466	0.01054	0.00793	0.00672	0.00201	0.01206	0.00517	0.00425	0.00985
53	0.77733	0.01534	0.01166	0.01043	0.01534	0.01779	0.00859	0.02331	0.01350	0.03558	0.01104	0.01288	0.00859	0.00736	0.00491	0.00245	0.00613	0.00429	0.00491	0.00859
54	0.01835	0.01125	0.03971	0.01376	0.01707	0.00976	0.01196	0.02209	0.02026	0.19169	0.17759	0.06401	0.04414	0.01700	0.00971	0.00304	0.00654	0.30487	0.00810	0.00909
55	0.01005	0.00718	0.00965	0.01149	0.01212	0.00678	0.00804	0.01172	0.01557	0.02068	0.04349	0.63746	0.05159	0.02447	0.01023	0.00327	0.00494	0.09736	0.00735	0.00655
56	0.00966	0.00690	0.00920	0.01104	0.01150	0.00644	0.00736	0.01104	0.01518	0.02024	0.04371	0.71614	0.05245	0.02484	0.01012	0.00322	0.00460	0.02254	0.00736	0.00644
57	0.02761	0.12443	0.07088	0.01972	0.02468	0.55991	0.01608	0.03021	0.02127	0.01971	0.01224	0.01427	0.01020	0.00795	0.00692	0.00203	0.01339	0.00505	0.00395	0.00949
58	0.01621	0.01596	0.02884	0.50378	0.12981	0.01820	0.13041	0.02167	0.01663	0.02186	0.01454	0.02099	0.01108	0.00760	0.00817	0.00261	0.01091	0.00745	0.00366	0.00961
59	0.01478	0.00739	0.00739	0.00739	0.00924	0.00739	0.00554	0.01848	0.01663	0.02956	0.02587	0.02956	0.02033	0.00924	0.00554	0.00185	0.00370	0.00739	0.76534	0.00739
60	0.01106	0.00810	0.01037	0.00980	0.01175	0.00741	0.00735	0.01465	0.02206	0.03088	0.61564	0.06075	0.12742	0.01655	0.00935	0.00251	0.00377	0.01455	0.00861	0.00741
61	0.01478	0.00739	0.00739	0.00739	0.00924	0.00739	0.00554	0.01848	0.01663	0.02956	0.02587	0.02956	0.02033	0.00924	0.00554	0.00185	0.00370	0.00739	0.76534	0.00739
62	0.02120	0.72609	0.04155	0.01357	0.02035	0.03138	0.01357	0.02374	0.01611	0.01866	0.01102	0.01272	0.01018	0.00678	0.00509	0.00170	0.00848	0.00424	0.00339	0.01018
63	0.77733	0.01534	0.01166	0.01043	0.01534	0.01779	0.00859	0.02331	0.01350	0.03558	0.01104	0.01288	0.00859	0.00736	0.00491	0.00245	0.00613	0.00429	0.00491	0.00859
64	0.01161	0.01139	0.07880	0.01132	0.01412	0.00854	0.00970	0.01578	0.02146	0.03047	0.56613	0.09166	0.06697	0.01581	0.00921	0.00254	0.00460	0.01394	0.00810	0.00786
65	0.06692	0.03930	0.63544	0.02179	0.03305	0.01837	0.02791	0.02499	0.01652	0.02581	0.01402	0.01648	0.00995	0.00752	0.00736	0.00251	0.01135	0.00575	0.00345	0.01151
66	0.01498	0.01409	0.02378	0.70226	0.05462	0.01762	0.02202	0.02026	0.01586	0.02026	0.01409	0.02114	0.01057	0.00793	0.00793	0.00264	0.01057	0.00705	0.00352	0.00881
67	0.01644	0.01409	0.01644	0.01175	0.01879	0.01057	0.00940	0.01997	0.01644	0.02584	0.01409	0.01644	0.01175	0.00587	0.00587	0.00117	0.00587	0.00470	0.00470	0.76979
68	0.01153	0.00769	0.00865	0.00865	0.00865	0.00769	0.00480	0.01153	0.01153	0.01538	0.02499	0.05189	0.02883	0.72131	0.04036	0.00769	0.00769	0.01153	0.00480	0.00480
69	0.01478	0.00739	0.00739	0.00739	0.00924	0.00739	0.00554	0.01848	0.01663	0.02956	0.02587	0.02956	0.02033	0.00924	0.00554	0.00185	0.00370	0.00739	0.76534	0.00739
70	0.01590	0.04102	0.68023	0.02260	0.03432	0.01842	0.02930	0.02511	0.01674	0.02511	0.01423	0.01674	0.01005	0.00753	0.00753	0.00251	0.01172	0.00586	0.00335	0.01172
71	0.01122	0.00811	0.01060	0.00998	0.01185	0.00748	0.00748	0.01496	0.02245	0.03180	0.66766	0.05923	0.07482	0.01621	0.00935	0.00249	0.00374	0.01434	0.00873	0.00748
72	0.01122	0.00811	0.01060	0.00998	0.01185	0.00748	0.00748	0.01496	0.02245	0.03180	0.66766	0.05923	0.07482	0.01621	0.00935	0.00249	0.00374	0.01434	0.00873	0.00748
73	0.01963	0.01884	0.03219	0.04867	0.67185	0.01884	0.02434	0.02434	0.01806	0.02591	0.01492	0.01963	0.01256	0.00707	0.00785	0.00236	0.00942	0.00707	0.00393	0.01256
74	0.01669	0.12118	0.56902	0.02214	0.03306	0.02005	0.06178	0.02497	0.01678	0.02436	0.01395	0.01653	0.01017	0.00740	0.00735	0.00242	0.01143	0.00586	0.00339	0.01148
75	0.02962	0.03779	0.02247	0.02043	0.02451	0.68948	0.01532	0.03166	0.02247	0.01941	0.01226	0.01430	0.01021	0.00817	0.00715	0.00204	0.01430	0.00511	0.00409	0.00919
76	0.01278	0.00913	0.01278	0.01460	0.01643	0.00913	0.01278	0.01643	0.01825	0.02373	0.04199	0.08945	0.04564	0.02191	0.01095	0.00365	0.00730	0.61847	0.00730	0.00730
77	0.09919	0.01954	0.02119	0.07374	0.02497	0.04379	0.01420	0.40164	0.03007	0.12312	0.05517	0.02170	0.01684	0.00954	0.00770	0.00241	0.00830	0.00730	0.00743	0.01215
78	0.01888	0.01808	0.03084	0.15351	0.57284	0.01865	0.02397	0.02368	0.01770	0.02500	0.01478	0.01987	0.01224	0.00720	0.00786	0.00240	0.00961	0.00706	0.00386	0.01196
79	0.00966	0.00690	0.00920	0.01104	0.01150	0.00644	0.00736	0.01104	0.01518	0.02024	0.04371	0.71614	0.05245	0.02484	0.01012	0.00322	0.00460	0.02254	0.00736	0.00644
80	0.01478	0.00739	0.00739	0.00739	0.00924	0.00739	0.00554	0.01848	0.01663	0.02956	0.02587	0.02956	0.02033	0.00924	0.00554	0.00185	0.00370	0.00739	0.76534	0.00739
81	0.02921	0.02045	0.02303	0.01788	0.02368	0.07308	0.05707	0.37555	0.02980	0.18175	0.02141	0.02288	0.01555	0.05914	0.01025	0.00276	0.00898	0.00762	0.00755	0.01235
82	0.01163	0.00842	0.00940	0.00929	0.01192	0.00726	0.00710	0.01394	0.01862	0.06843	0.12734	0.11688	0.48214	0.01945	0.00943	0.00275	0.00444	0.05662	0.00766	0.00727
83	0.72506	0.01582	0.01250	0.01098	0.01598	0.01827	0.00904	0.06683	0.01516	0.03659	0.01160	0.01331	0.00893	0.00751	0.00512	0.00245	0.00632	0.00449	0.00512	0.00893
84	0.02083	0.67809	0.08629	0.01420	0.02133	0.03047	0.01467	0.02384	0.01616	0.01911	0.01125	0.01300	0.01017	0.00684	0.00526	0.00175	0.00871	0.00435	0.00339	0.01028

[dist]
# distance from previous block
# <min> <max>
15	20

[block]
# block no. 2 follows, 24 sequences, length 9
# corresponding to MSA columns:
# 262-270
name=unknown_C
#
# <colnr> <probs for GDERKNQSTAVLIFYWHMCP>
#	G	D	E	R	K	N	Q	S	T	A	V	L	I	F	Y	W	H	M	C	P
0	0.02008	0.40380	0.22017	0.01692	0.02446	0.10491	0.01805	0.02449	0.01684	0.02058	0.01272	0.01519	0.01074	0.01041	0.04821	0.00265	0.01089	0.00507	0.00352	0.01031
1	0.07028	0.01747	0.09565	0.03446	0.02119	0.01426	0.01297	0.11159	0.05961	0.08347	0.05366	0.07121	0.02072	0.03956	0.00874	0.00239	0.00716	0.02795	0.00608	0.24159
2	0.10943	0.01777	0.02858	0.13439	0.50821	0.01855	0.02214	0.02365	0.01721	0.02628	0.01434	0.01903	0.01181	0.00722	0.00751	0.00241	0.00919	0.00673	0.00399	0.01157
3	0.11309	0.01742	0.01863	0.01547	0.02003	0.07275	0.04606	0.14810	0.14047	0.05352	0.17234	0.02945	0.02895	0.01067	0.00826	0.00241	0.02516	0.00863	0.00697	0.06160
4	0.06141	0.38077	0.24306	0.09851	0.02865	0.02480	0.01935	0.02374	0.01614	0.02188	0.01242	0.01503	0.01009	0.00719	0.00620	0.00211	0.00964	0.00510	0.00348	0.01042
5	0.06710	0.02178	0.19591	0.40153	0.11852	0.01798	0.02329	0.02221	0.01619	0.02322	0.01402	0.01926	0.01053	0.00769	0.00761	0.00256	0.01044	0.00655	0.00362	0.00999
6	0.01564	0.09079	0.53401	0.02028	0.03025	0.01795	0.02521	0.02341	0.01689	0.02424	0.02067	0.02585	0.05954	0.00939	0.00771	0.00254	0.01060	0.05018	0.00392	0.01092
7	0.01495	0.14504	0.29141	0.01641	0.02310	0.01651	0.01810	0.02060	0.01742	0.02448	0.16256	0.03132	0.02779	0.01748	0.10499	0.00388	0.01051	0.03893	0.00489	0.00962
8	0.08248	0.13208	0.04480	0.01285	0.01760	0.01597	0.01097	0.06655	0.09802	0.04669	0.21749	0.05990	0.03399	0.01113	0.00744	0.00222	0.00612	0.00911	0.00657	0.11804

[dist]
# distance from previous block
# <min> <max>
6	10

[block]
# block no. 3 follows, 24 sequences, length 10
# corresponding to MSA columns:
# 281-290
name=unknown_D
#
# <colnr> <probs for GDERKNQSTAVLIFYWHMCP>
#	G	D	E	R	K	N	Q	S	T	A	V	L	I	F	Y	W	H	M	C	P
0	0.02846	0.01679	0.01919	0.01491	0.02057	0.01711	0.01221	0.32348	0.02828	0.23306	0.02335	0.02279	0.01621	0.00929	0.00744	0.00223	0.00717	0.00724	0.12062	0.06960
1	0.01888	0.01851	0.04981	0.10711	0.05222	0.03882	0.17020	0.12097	0.01953	0.02669	0.01770	0.08790	0.01575	0.01094	0.01182	0.03114	0.11315	0.00883	0.00484	0.07518
2	0.14644	0.01640	0.02267	0.24129	0.06967	0.01915	0.06052	0.09581	0.08364	0.02836	0.01736	0.02371	0.01412	0.00958	0.00962	0.00271	0.08295	0.04106	0.00500	0.00995
3	0.01502	0.01086	0.01275	0.01236	0.01426	0.01123	0.00892	0.14739	0.04154	0.02676	0.06853	0.32737	0.03889	0.17359	0.01624	0.00399	0.00631	0.04908	0.00702	0.00789
4	0.02441	0.01880	0.02064	0.01604	0.02209	0.01965	0.01305	0.37963	0.10566	0.04014	0.01948	0.02026	0.01466	0.01127	0.04204	0.00263	0.00833	0.00680	0.00693	0.20749
5	0.11245	0.01958	0.02028	0.05867	0.02367	0.04964	0.01348	0.36892	0.06780	0.04038	0.01819	0.01922	0.01346	0.00879	0.00721	0.00225	0.00805	0.00658	0.04893	0.09246
6	0.06190	0.01121	0.01492	0.01346	0.01499	0.01304	0.04653	0.01726	0.01445	0.02355	0.02269	0.12614	0.02209	0.08757	0.06281	0.00388	0.18038	0.00988	0.24568	0.00756
7	0.04668	0.00921	0.01122	0.01174	0.01369	0.00916	0.00917	0.01665	0.06898	0.02552	0.18717	0.17735	0.12367	0.05931	0.01143	0.00330	0.00552	0.19531	0.00746	0.00746
8	0.01855	0.01136	0.01407	0.01280	0.01620	0.01099	0.01006	0.05796	0.10118	0.16502	0.17172	0.15871	0.07702	0.01567	0.00898	0.00272	0.00567	0.08734	0.00816	0.04583
9	0.01077	0.00791	0.01003	0.01079	0.01201	0.00713	0.00726	0.01222	0.01483	0.02026	0.03739	0.53591	0.04407	0.12003	0.01383	0.00359	0.00519	0.01878	0.00667	0.10133

[dist]
# distance from previous block
# <min> <max>
7	16

# created by:
# /st0/software/busco_prod/Augustus/scripts/msa2prfl.pl ./align_prep/103547.fa
