[name]
unknown

[dist]
# distance from previous block
# <min> <max>
0	22

[block]
# block no. 0 follows, 24 sequences, length 30
# corresponding to MSA columns:
# 22-51
name=unknown_A
#
# <colnr> <probs for GDERKNQSTAVLIFYWHMCP>
#	G	D	E	R	K	N	Q	S	T	A	V	L	I	F	Y	W	H	M	C	P
0	0.01546	0.05986	0.02242	0.06742	0.02417	0.01459	0.12073	0.04186	0.01811	0.02402	0.02954	0.08349	0.03046	0.01581	0.01074	0.00311	0.05546	0.31814	0.00588	0.03873
1	0.02053	0.01975	0.02892	0.04742	0.06575	0.06565	0.17672	0.14674	0.02054	0.02770	0.01748	0.05113	0.01554	0.01114	0.01358	0.00286	0.20500	0.04832	0.00498	0.01024
2	0.05232	0.05658	0.02223	0.01833	0.02307	0.38939	0.03848	0.09176	0.09212	0.02573	0.01603	0.01756	0.01272	0.00834	0.00708	0.00210	0.01115	0.00593	0.04449	0.06460
3	0.01861	0.01299	0.01682	0.13662	0.05664	0.01387	0.01249	0.12912	0.06236	0.06724	0.07151	0.07613	0.02269	0.01243	0.01000	0.07940	0.00691	0.00887	0.14461	0.04070
4	0.02769	0.01317	0.01666	0.01360	0.01865	0.01242	0.01095	0.03462	0.14859	0.42622	0.11347	0.03474	0.07005	0.01147	0.00826	0.00252	0.00610	0.00954	0.00917	0.01212
5	0.01498	0.01409	0.02378	0.70226	0.05462	0.01762	0.02202	0.02026	0.01586	0.02026	0.01409	0.02114	0.01057	0.00793	0.00793	0.00264	0.01057	0.00705	0.00352	0.00881
6	0.01133	0.00850	0.01274	0.01274	0.01416	0.00991	0.00991	0.01416	0.01274	0.01841	0.02124	0.03115	0.01982	0.05947	0.68989	0.01274	0.02124	0.00850	0.00425	0.00708
7	0.00966	0.00690	0.00920	0.01104	0.01150	0.00644	0.00736	0.01104	0.01518	0.02024	0.04371	0.71614	0.05245	0.02484	0.01012	0.00322	0.00460	0.02254	0.00736	0.00644
8	0.00948	0.00791	0.00826	0.00843	0.01084	0.00670	0.00623	0.01149	0.01794	0.02171	0.09982	0.14409	0.57904	0.02044	0.00945	0.00273	0.00407	0.01726	0.00742	0.00670
9	0.01138	0.00768	0.00896	0.00909	0.00922	0.00774	0.00532	0.01167	0.01187	0.01592	0.02608	0.09824	0.02993	0.62776	0.08091	0.00770	0.00836	0.01212	0.00495	0.00507
10	0.01153	0.00769	0.00865	0.00865	0.00865	0.00769	0.00480	0.01153	0.01153	0.01538	0.02499	0.05189	0.02883	0.72131	0.04036	0.00769	0.00769	0.01153	0.00480	0.00480
11	0.01872	0.02139	0.04679	0.03342	0.04144	0.02005	0.64305	0.02540	0.01872	0.02540	0.01604	0.02139	0.01203	0.00668	0.00936	0.00267	0.01337	0.00936	0.00401	0.01070
12	0.01133	0.00850	0.01274	0.01274	0.01416	0.00991	0.00991	0.01416	0.01274	0.01841	0.02124	0.03115	0.01982	0.05947	0.68989	0.01274	0.02124	0.00850	0.00425	0.00708
13	0.01153	0.00833	0.00944	0.00971	0.01181	0.00748	0.00698	0.01411	0.04264	0.05965	0.06092	0.27535	0.37411	0.05706	0.01109	0.00310	0.00464	0.01750	0.00740	0.00715
14	0.77733	0.01534	0.01166	0.01043	0.01534	0.01779	0.00859	0.02331	0.01350	0.03558	0.01104	0.01288	0.00859	0.00736	0.00491	0.00245	0.00613	0.00429	0.00491	0.00859
15	0.02106	0.01770	0.01868	0.01641	0.02113	0.02035	0.01287	0.11951	0.57797	0.03533	0.03058	0.02823	0.02283	0.01060	0.00805	0.00265	0.00659	0.00873	0.00805	0.01267
16	0.02019	0.02034	0.03027	0.11462	0.53833	0.08960	0.02314	0.02468	0.01829	0.02462	0.01455	0.01922	0.01210	0.00727	0.00778	0.00235	0.01006	0.00686	0.00390	0.01181
17	0.01133	0.00850	0.01274	0.01274	0.01416	0.00991	0.00991	0.01416	0.01274	0.01841	0.02124	0.03115	0.01982	0.05947	0.68989	0.01274	0.02124	0.00850	0.00425	0.00708
18	0.02694	0.02002	0.02262	0.11220	0.02765	0.02239	0.01535	0.51380	0.03283	0.04439	0.01884	0.02009	0.01357	0.00928	0.00776	0.00238	0.00862	0.00714	0.06172	0.01240
19	0.77733	0.01534	0.01166	0.01043	0.01534	0.01779	0.00859	0.02331	0.01350	0.03558	0.01104	0.01288	0.00859	0.00736	0.00491	0.00245	0.00613	0.00429	0.00491	0.00859
20	0.01580	0.00912	0.01207	0.01075	0.01343	0.00827	0.00827	0.01942	0.02249	0.15317	0.54802	0.05317	0.06445	0.01501	0.00909	0.00249	0.00431	0.01314	0.00893	0.00861
21	0.01315	0.00888	0.01208	0.01254	0.01458	0.00852	0.01039	0.01681	0.02031	0.05758	0.31762	0.07322	0.05731	0.01883	0.01011	0.00308	0.00570	0.32356	0.00805	0.00767
22	0.01960	0.01843	0.03070	0.12834	0.56111	0.01899	0.02356	0.05645	0.01879	0.02647	0.01503	0.01978	0.01236	0.00730	0.00786	0.00239	0.00953	0.00707	0.00409	0.01214
23	0.02087	0.01227	0.01495	0.01257	0.01647	0.01195	0.00996	0.12331	0.06178	0.19990	0.31811	0.04408	0.09325	0.01347	0.00870	0.00249	0.00548	0.01142	0.00874	0.01023
24	0.01857	0.01403	0.01666	0.01201	0.01895	0.01069	0.00965	0.02204	0.01714	0.09824	0.01600	0.01762	0.01262	0.00631	0.00611	0.00132	0.00597	0.00506	0.00527	0.68574
25	0.02362	0.01448	0.01876	0.01449	0.02013	0.01316	0.03915	0.09539	0.02068	0.24286	0.02524	0.07964	0.04375	0.01014	0.00849	0.00215	0.04345	0.00830	0.00698	0.26913
26	0.01697	0.05901	0.05315	0.02091	0.02342	0.02104	0.13132	0.02001	0.01400	0.02074	0.01391	0.02135	0.01285	0.06028	0.05162	0.00380	0.39548	0.00758	0.04369	0.00886
27	0.01859	0.02227	0.07503	0.03294	0.04113	0.01998	0.61569	0.02539	0.01863	0.02539	0.01596	0.02118	0.01194	0.00672	0.00928	0.00267	0.01330	0.00920	0.00398	0.01074
28	0.01721	0.01107	0.01485	0.01276	0.01674	0.00938	0.03430	0.02002	0.01777	0.14811	0.07775	0.27802	0.03373	0.01478	0.00836	0.00239	0.00576	0.03072	0.00699	0.23928
29	0.15334	0.07060	0.06775	0.03953	0.01762	0.03461	0.01095	0.01964	0.01911	0.05286	0.32561	0.06201	0.04258	0.01226	0.00778	0.00239	0.00602	0.01014	0.00666	0.03855

[dist]
# distance from previous block
# <min> <max>
0	2

[block]
# block no. 1 follows, 24 sequences, length 47
# corresponding to MSA columns:
# 54-100
name=unknown_B
#
# <colnr> <probs for GDERKNQSTAVLIFYWHMCP>
#	G	D	E	R	K	N	Q	S	T	A	V	L	I	F	Y	W	H	M	C	P
0	0.01826	0.02070	0.11739	0.06191	0.32590	0.01794	0.09542	0.05147	0.08043	0.02666	0.01974	0.09199	0.01734	0.00941	0.00825	0.00255	0.00942	0.00895	0.00477	0.01148
1	0.77733	0.01534	0.01166	0.01043	0.01534	0.01779	0.00859	0.02331	0.01350	0.03558	0.01104	0.01288	0.00859	0.00736	0.00491	0.00245	0.00613	0.00429	0.00491	0.00859
2	0.01107	0.00810	0.01039	0.00981	0.01175	0.00742	0.00736	0.01467	0.02208	0.03093	0.61871	0.06066	0.12432	0.01653	0.00935	0.00251	0.00376	0.01454	0.00862	0.00742
3	0.05311	0.02220	0.08009	0.03178	0.03986	0.01986	0.58034	0.02529	0.01837	0.02585	0.01572	0.02075	0.01177	0.00676	0.00906	0.00265	0.01295	0.00893	0.00402	0.01066
4	0.02631	0.26030	0.05693	0.01831	0.02359	0.44800	0.01536	0.02882	0.02017	0.01941	0.01194	0.01389	0.01019	0.00770	0.00650	0.00195	0.01231	0.00486	0.00383	0.00962
5	0.01577	0.01503	0.02126	0.01870	0.01907	0.02051	0.01540	0.01779	0.01230	0.01891	0.01325	0.02097	0.01288	0.02585	0.20030	0.00590	0.52683	0.00735	0.00367	0.00826
6	0.00965	0.00695	0.00915	0.01092	0.01147	0.00645	0.00730	0.01106	0.01530	0.02029	0.04524	0.68926	0.07833	0.02464	0.01009	0.00320	0.00458	0.02230	0.00736	0.00645
7	0.01612	0.03971	0.64215	0.02413	0.07178	0.01844	0.02901	0.02507	0.01682	0.02516	0.01427	0.01691	0.01019	0.00751	0.00755	0.00250	0.01158	0.00593	0.00338	0.01177
8	0.02303	0.30563	0.20382	0.01788	0.02527	0.18324	0.01813	0.06101	0.01930	0.05606	0.01365	0.01524	0.01082	0.00762	0.00653	0.00207	0.01065	0.00523	0.00413	0.01070
9	0.03558	0.01350	0.01840	0.01411	0.02024	0.01166	0.01166	0.03865	0.02270	0.67734	0.03128	0.02699	0.01963	0.00981	0.00797	0.00245	0.00675	0.00797	0.00981	0.01350
10	0.01044	0.00797	0.00959	0.00941	0.01142	0.00711	0.00697	0.01337	0.02026	0.02715	0.40746	0.12669	0.27664	0.01835	0.00943	0.00263	0.00392	0.01593	0.00813	0.00711
11	0.01565	0.01538	0.02796	0.50596	0.07634	0.01758	0.14460	0.02098	0.01648	0.02152	0.01604	0.05678	0.01309	0.00851	0.00832	0.00267	0.01077	0.00830	0.00383	0.00922
12	0.01838	0.01692	0.02752	0.35159	0.32640	0.01877	0.02244	0.07699	0.01872	0.02538	0.01489	0.02028	0.01171	0.00768	0.00789	0.00249	0.00990	0.00706	0.00409	0.01089
13	0.00966	0.00690	0.00920	0.01104	0.01150	0.00644	0.00736	0.01104	0.01518	0.02024	0.04371	0.71614	0.05245	0.02484	0.01012	0.00322	0.00460	0.02254	0.00736	0.00644
14	0.01814	0.01780	0.02800	0.33198	0.36759	0.05483	0.02284	0.02296	0.01734	0.02309	0.01441	0.02000	0.01157	0.00750	0.00785	0.00246	0.01019	0.00695	0.00376	0.01074
15	0.01644	0.01409	0.01644	0.01175	0.01879	0.01057	0.00940	0.01997	0.01644	0.02584	0.01409	0.01644	0.01175	0.00587	0.00587	0.00117	0.00587	0.00470	0.00470	0.76979
16	0.01349	0.01193	0.04563	0.01182	0.01420	0.05941	0.00927	0.01648	0.01956	0.05967	0.31226	0.26029	0.09978	0.01783	0.00927	0.00270	0.00540	0.01564	0.00763	0.00776
17	0.02861	0.07727	0.02409	0.02147	0.05748	0.61640	0.01568	0.03082	0.02187	0.01970	0.01232	0.01448	0.01033	0.00803	0.00706	0.00204	0.01371	0.00516	0.00404	0.00942
18	0.01780	0.02554	0.30648	0.05212	0.02730	0.01432	0.01888	0.02378	0.01712	0.08970	0.01688	0.04191	0.01312	0.00775	0.00706	0.00203	0.00871	0.00626	0.00465	0.29859
19	0.01230	0.00836	0.01084	0.01007	0.01219	0.00764	0.00761	0.01592	0.02223	0.06241	0.60644	0.05857	0.10301	0.01610	0.00929	0.00250	0.00390	0.01416	0.00871	0.00773
20	0.02894	0.02129	0.02277	0.01765	0.02370	0.02357	0.01452	0.58775	0.06627	0.04824	0.01999	0.02003	0.01431	0.00957	0.00783	0.00237	0.00838	0.00724	0.04243	0.01316
21	0.01033	0.00738	0.00974	0.01076	0.01168	0.00691	0.00750	0.01245	0.01733	0.02365	0.23047	0.46696	0.05793	0.05112	0.01118	0.00320	0.00457	0.04247	0.00766	0.00672
22	0.02085	0.01559	0.01827	0.01634	0.04159	0.01729	0.01246	0.30193	0.04468	0.03407	0.02326	0.08223	0.02124	0.09509	0.11335	0.00466	0.04608	0.04273	0.03812	0.01017
23	0.01039	0.00807	0.00944	0.00910	0.01133	0.00713	0.00682	0.01335	0.02047	0.02711	0.40246	0.06695	0.34295	0.01796	0.00936	0.00258	0.00387	0.01542	0.00811	0.00713
24	0.03014	0.02221	0.02380	0.01825	0.02459	0.02459	0.01507	0.64541	0.03728	0.04998	0.01904	0.01904	0.01349	0.00952	0.00793	0.00238	0.00873	0.00714	0.00793	0.01349
25	0.03014	0.02221	0.02380	0.01825	0.02459	0.02459	0.01507	0.64541	0.03728	0.04998	0.01904	0.01904	0.01349	0.00952	0.00793	0.00238	0.00873	0.00714	0.00793	0.01349
26	0.01498	0.01409	0.02378	0.70226	0.05462	0.01762	0.02202	0.02026	0.01586	0.02026	0.01409	0.02114	0.01057	0.00793	0.00793	0.00264	0.01057	0.00705	0.00352	0.00881
27	0.01972	0.01703	0.01793	0.01614	0.02062	0.01972	0.01255	0.04214	0.65752	0.03317	0.03228	0.02959	0.02421	0.01076	0.00807	0.00269	0.00628	0.00897	0.00807	0.01255
28	0.02120	0.72609	0.04155	0.01357	0.02035	0.03138	0.01357	0.02374	0.01611	0.01866	0.01102	0.01272	0.01018	0.00678	0.00509	0.00170	0.00848	0.00424	0.00339	0.01018
29	0.02058	0.01709	0.01949	0.06333	0.06133	0.01949	0.01397	0.07237	0.51952	0.05750	0.02930	0.02777	0.02186	0.01025	0.00804	0.00264	0.00690	0.00859	0.00759	0.01239
30	0.77733	0.01534	0.01166	0.01043	0.01534	0.01779	0.00859	0.02331	0.01350	0.03558	0.01104	0.01288	0.00859	0.00736	0.00491	0.00245	0.00613	0.00429	0.00491	0.00859
31	0.01122	0.00811	0.01060	0.00998	0.01185	0.00748	0.00748	0.01496	0.02245	0.03180	0.66766	0.05923	0.07482	0.01621	0.00935	0.00249	0.00374	0.01434	0.00873	0.00748
32	0.01742	0.01757	0.02553	0.02151	0.02196	0.02406	0.05182	0.01943	0.01251	0.01943	0.01072	0.01757	0.01050	0.01348	0.02511	0.00343	0.66859	0.00707	0.00350	0.00879
33	0.03532	0.01391	0.01866	0.01430	0.02045	0.01227	0.01182	0.06734	0.02339	0.64768	0.03071	0.02661	0.01934	0.00980	0.00797	0.00245	0.00684	0.00793	0.00973	0.01349
34	0.00972	0.00699	0.00912	0.01079	0.01134	0.00651	0.00719	0.01108	0.01518	0.02010	0.04484	0.65553	0.08349	0.05329	0.01133	0.00338	0.00470	0.02179	0.00726	0.00639
35	0.05357	0.01530	0.01596	0.01307	0.01734	0.01661	0.01054	0.33940	0.02707	0.04025	0.02177	0.02350	0.01635	0.00931	0.00674	0.00214	0.00637	0.00714	0.34702	0.01056
36	0.02962	0.03779	0.02247	0.02043	0.02451	0.68948	0.01532	0.03166	0.02247	0.01941	0.01226	0.01430	0.01021	0.00817	0.00715	0.00204	0.01430	0.00511	0.00409	0.00919
37	0.02958	0.02193	0.02348	0.01813	0.02438	0.02433	0.01493	0.61255	0.07106	0.04906	0.01976	0.01961	0.01407	0.00959	0.00794	0.00240	0.00859	0.00724	0.00794	0.01343
38	0.03558	0.01350	0.01840	0.01411	0.02024	0.01166	0.01166	0.03865	0.02270	0.67734	0.03128	0.02699	0.01963	0.00981	0.00797	0.00245	0.00675	0.00797	0.00981	0.01350
39	0.01735	0.01735	0.02429	0.02082	0.02082	0.02429	0.01735	0.01908	0.01214	0.01908	0.01041	0.01735	0.01041	0.01388	0.02602	0.00347	0.70680	0.00694	0.00347	0.00867
40	0.01117	0.00767	0.00921	0.00934	0.00986	0.00745	0.00585	0.01229	0.01473	0.02009	0.18314	0.15616	0.04359	0.44350	0.02820	0.00574	0.00626	0.01391	0.00615	0.00570
41	0.02120	0.72609	0.04155	0.01357	0.02035	0.03138	0.01357	0.02374	0.01611	0.01866	0.01102	0.01272	0.01018	0.00678	0.00509	0.00170	0.00848	0.00424	0.00339	0.01018
42	0.00955	0.00735	0.00874	0.00985	0.01119	0.00654	0.00683	0.01118	0.01633	0.02071	0.05821	0.46284	0.29639	0.02296	0.00982	0.00301	0.00437	0.02024	0.00736	0.00654
43	0.01826	0.02158	0.06957	0.03215	0.04002	0.01947	0.59507	0.02484	0.01850	0.02519	0.01704	0.04800	0.01351	0.00742	0.00932	0.00269	0.01297	0.00973	0.00411	0.01057
44	0.01498	0.01409	0.02378	0.70226	0.05462	0.01762	0.02202	0.02026	0.01586	0.02026	0.01409	0.02114	0.01057	0.00793	0.00793	0.00264	0.01057	0.00705	0.00352	0.00881
45	0.01862	0.01788	0.03091	0.22796	0.41903	0.01882	0.08061	0.04521	0.01818	0.02514	0.01494	0.02019	0.01199	0.00736	0.00801	0.00247	0.01008	0.00728	0.00396	0.01138
46	0.09149	0.11522	0.09115	0.01884	0.04658	0.30633	0.01570	0.02865	0.01933	0.10229	0.01459	0.01625	0.01136	0.00827	0.00792	0.00219	0.05185	0.00552	0.00468	0.04179

[dist]
# distance from previous block
# <min> <max>
0	1

[block]
# block no. 2 follows, 24 sequences, length 52
# corresponding to MSA columns:
# 102-153
name=unknown_C
#
# <colnr> <probs for GDERKNQSTAVLIFYWHMCP>
#	G	D	E	R	K	N	Q	S	T	A	V	L	I	F	Y	W	H	M	C	P
0	0.02019	0.02008	0.03217	0.04639	0.60851	0.05917	0.04780	0.02482	0.01835	0.02550	0.01480	0.01937	0.01240	0.00712	0.00787	0.00235	0.00987	0.00704	0.00394	0.01229
1	0.01773	0.06329	0.01809	0.01199	0.01877	0.01196	0.00976	0.02109	0.01676	0.06464	0.01581	0.03791	0.01334	0.00675	0.00607	0.00135	0.00607	0.00540	0.00500	0.64821
2	0.01617	0.01380	0.01615	0.01172	0.01850	0.01040	0.00931	0.01961	0.01639	0.02561	0.01529	0.04477	0.01339	0.00664	0.00604	0.00126	0.00582	0.00542	0.00481	0.73888
3	0.01122	0.00756	0.00874	0.00905	0.00913	0.00748	0.00523	0.01145	0.01214	0.01619	0.02812	0.16300	0.03278	0.60482	0.03530	0.00694	0.00717	0.01337	0.00523	0.00508
4	0.02381	0.01637	0.01929	0.01762	0.06573	0.01715	0.01300	0.11715	0.30630	0.17378	0.02796	0.05600	0.02110	0.01031	0.00791	0.00246	0.00681	0.00859	0.00781	0.08087
5	0.09220	0.03736	0.58727	0.02105	0.03187	0.01808	0.02653	0.02548	0.01666	0.05243	0.01460	0.01677	0.01029	0.00761	0.00729	0.00250	0.01097	0.00579	0.00376	0.01148
6	0.01906	0.29848	0.18656	0.02394	0.07949	0.02415	0.18686	0.02436	0.01694	0.02251	0.01337	0.01668	0.01084	0.00724	0.00784	0.00227	0.03874	0.00631	0.00359	0.01079
7	0.01316	0.04334	0.05886	0.01121	0.01463	0.01066	0.00952	0.07593	0.02152	0.02869	0.31469	0.07815	0.25755	0.01612	0.00893	0.00253	0.00511	0.01368	0.00754	0.00818
8	0.00965	0.00696	0.00915	0.01090	0.01146	0.00645	0.00730	0.01106	0.01532	0.02030	0.04546	0.68555	0.08191	0.02462	0.01009	0.00319	0.00457	0.02227	0.00736	0.00645
9	0.01357	0.01078	0.01319	0.05351	0.01670	0.01126	0.00964	0.02218	0.18938	0.03064	0.41503	0.07404	0.07908	0.01473	0.00896	0.00259	0.00487	0.01287	0.00814	0.00883
10	0.01888	0.27050	0.16374	0.06218	0.12971	0.02367	0.12986	0.02388	0.01671	0.02235	0.01326	0.01688	0.01088	0.00751	0.00835	0.00230	0.05874	0.00624	0.00359	0.01076
11	0.03558	0.01350	0.01840	0.01411	0.02024	0.01166	0.01166	0.03865	0.02270	0.67734	0.03128	0.02699	0.01963	0.00981	0.00797	0.00245	0.00675	0.00797	0.00981	0.01350
12	0.00964	0.00697	0.00913	0.01086	0.01145	0.00646	0.00728	0.01106	0.01536	0.02031	0.04591	0.67771	0.08946	0.02456	0.01008	0.00319	0.00457	0.02219	0.00736	0.00646
13	0.02962	0.03779	0.02247	0.02043	0.02451	0.68948	0.01532	0.03166	0.02247	0.01941	0.01226	0.01430	0.01021	0.00817	0.00715	0.00204	0.01430	0.00511	0.00409	0.00919
14	0.01267	0.00994	0.01129	0.01104	0.01155	0.04186	0.00738	0.01356	0.01252	0.01669	0.02341	0.07307	0.02580	0.46600	0.17465	0.00800	0.05931	0.01075	0.00467	0.00584
15	0.01686	0.01673	0.02283	0.01963	0.02022	0.04660	0.03882	0.01878	0.01279	0.01901	0.01276	0.02113	0.01266	0.06658	0.09151	0.00460	0.53901	0.00743	0.00368	0.00834
16	0.00965	0.00695	0.00915	0.01092	0.01147	0.00645	0.00731	0.01106	0.01530	0.02029	0.04524	0.68933	0.07827	0.02464	0.01009	0.00320	0.00458	0.02230	0.00736	0.00645
17	0.19727	0.01743	0.02727	0.15132	0.35080	0.01850	0.07867	0.02349	0.01666	0.02716	0.01397	0.01847	0.01123	0.00725	0.00731	0.00246	0.00922	0.00663	0.00410	0.01080
18	0.01843	0.02118	0.16329	0.01738	0.05217	0.01582	0.01560	0.02965	0.23474	0.05689	0.02110	0.02158	0.01599	0.00812	0.00716	0.00209	0.00749	0.00665	0.00574	0.27891
19	0.01737	0.03735	0.57556	0.02320	0.03421	0.01818	0.09114	0.02596	0.01730	0.06432	0.01544	0.01783	0.01082	0.00758	0.00775	0.00252	0.01159	0.00635	0.00380	0.01172
20	0.01911	0.02101	0.10146	0.02352	0.05630	0.01715	0.25501	0.10179	0.02004	0.02865	0.01551	0.01882	0.01192	0.00687	0.00772	0.00209	0.00987	0.00701	0.00467	0.27145
21	0.00937	0.00803	0.00803	0.00803	0.01071	0.00669	0.00602	0.01138	0.01807	0.02142	0.08033	0.07632	0.66863	0.02008	0.00937	0.00268	0.00402	0.01674	0.00736	0.00669
22	0.05381	0.01543	0.02321	0.56182	0.04803	0.01872	0.02029	0.11853	0.01911	0.02566	0.01472	0.02042	0.01093	0.00815	0.00778	0.00259	0.01007	0.00693	0.00428	0.00953
23	0.01014	0.00806	0.00910	0.00884	0.01118	0.00702	0.00663	0.01287	0.01989	0.02572	0.32371	0.06924	0.42257	0.01848	0.00936	0.00260	0.00390	0.01574	0.00793	0.00702
24	0.01871	0.01645	0.01689	0.01547	0.01962	0.04051	0.01208	0.03747	0.53985	0.03108	0.03644	0.03692	0.08190	0.01219	0.00833	0.00273	0.00641	0.04753	0.00782	0.01159
25	0.01571	0.01481	0.02445	0.51584	0.08608	0.01830	0.04069	0.02044	0.01559	0.02099	0.01416	0.02086	0.01111	0.00873	0.01043	0.00271	0.10854	0.00712	0.03440	0.00903
26	0.03356	0.01367	0.01820	0.01408	0.01994	0.01217	0.01158	0.07485	0.02359	0.59382	0.07430	0.02871	0.02304	0.01024	0.00807	0.00245	0.00666	0.00836	0.00962	0.01308
27	0.01570	0.01436	0.01859	0.06400	0.02020	0.04504	0.01374	0.05631	0.01573	0.02194	0.06006	0.08353	0.05582	0.02464	0.16975	0.00526	0.29275	0.00949	0.00480	0.00828
28	0.01462	0.01360	0.02291	0.57131	0.04789	0.01628	0.05360	0.01957	0.01615	0.02095	0.01987	0.05106	0.05362	0.00930	0.00809	0.00264	0.00984	0.00837	0.03169	0.00864
29	0.01122	0.00811	0.01060	0.00998	0.01185	0.00748	0.00748	0.01496	0.02245	0.03180	0.66766	0.05923	0.07482	0.01621	0.00935	0.00249	0.00374	0.01434	0.00873	0.00748
30	0.07283	0.01593	0.01930	0.01457	0.02054	0.01505	0.03430	0.11113	0.01927	0.07652	0.01549	0.01762	0.01221	0.00772	0.00866	0.00184	0.08581	0.00568	0.00538	0.44015
31	0.10030	0.26578	0.02666	0.01479	0.02026	0.07665	0.03027	0.15975	0.02117	0.02887	0.03577	0.05987	0.01603	0.01055	0.02712	0.00240	0.00859	0.00678	0.03084	0.05755
32	0.04566	0.39094	0.06016	0.01509	0.02068	0.08247	0.01388	0.02636	0.07345	0.08185	0.01702	0.06003	0.01489	0.00921	0.00767	0.00216	0.05696	0.00648	0.00476	0.01029
33	0.01153	0.00769	0.00865	0.00865	0.00865	0.00769	0.00480	0.01153	0.01153	0.01538	0.02499	0.05189	0.02883	0.72131	0.04036	0.00769	0.00769	0.01153	0.00480	0.00480
34	0.01824	0.01769	0.02425	0.02064	0.02108	0.02431	0.01719	0.06259	0.01389	0.02123	0.01101	0.01747	0.01062	0.01358	0.02477	0.00339	0.65831	0.00695	0.00378	0.00901
35	0.03525	0.01402	0.01873	0.01436	0.02051	0.01244	0.01186	0.07540	0.02358	0.63933	0.03054	0.02651	0.01926	0.00980	0.00797	0.00245	0.00687	0.00792	0.00970	0.01349
36	0.01498	0.01409	0.02378	0.70226	0.05462	0.01762	0.02202	0.02026	0.01586	0.02026	0.01409	0.02114	0.01057	0.00793	0.00793	0.00264	0.01057	0.00705	0.00352	0.00881
37	0.01201	0.00904	0.01221	0.01187	0.01257	0.01043	0.00856	0.01357	0.01219	0.01724	0.02170	0.03826	0.02257	0.32552	0.35853	0.00976	0.08368	0.00958	0.00440	0.00631
38	0.01790	0.01599	0.02297	0.29123	0.03498	0.05864	0.09719	0.08299	0.01857	0.02562	0.01712	0.02232	0.01332	0.01019	0.02937	0.00278	0.05966	0.00734	0.16265	0.00918
39	0.03558	0.01350	0.01840	0.01411	0.02024	0.01166	0.01166	0.03865	0.02270	0.67734	0.03128	0.02699	0.01963	0.00981	0.00797	0.00245	0.00675	0.00797	0.00981	0.01350
40	0.01571	0.01611	0.02758	0.09691	0.08888	0.04677	0.24808	0.02037	0.01906	0.02494	0.14375	0.03864	0.15545	0.01131	0.00896	0.00258	0.00916	0.01106	0.00547	0.00922
41	0.02908	0.02118	0.02266	0.01749	0.02353	0.02340	0.01441	0.60186	0.03585	0.04856	0.01951	0.01977	0.01396	0.00950	0.00777	0.00234	0.00838	0.00716	0.06054	0.01306
42	0.01498	0.01409	0.02378	0.70226	0.05462	0.01762	0.02202	0.02026	0.01586	0.02026	0.01409	0.02114	0.01057	0.00793	0.00793	0.00264	0.01057	0.00705	0.00352	0.00881
43	0.02035	0.01735	0.01828	0.01626	0.02086	0.02002	0.01270	0.07837	0.62027	0.03418	0.03148	0.02895	0.02356	0.01068	0.00806	0.00267	0.00642	0.00886	0.00806	0.01261
44	0.01133	0.00850	0.01274	0.01274	0.01416	0.00991	0.00991	0.01416	0.01274	0.01841	0.02124	0.03115	0.01982	0.05947	0.68989	0.01274	0.02124	0.00850	0.00425	0.00708
45	0.01092	0.00809	0.01018	0.00966	0.01166	0.00735	0.00724	0.01438	0.02173	0.03009	0.57115	0.06204	0.17240	0.01685	0.00936	0.00252	0.00379	0.01473	0.00850	0.00735
46	0.01133	0.00850	0.01274	0.01274	0.01416	0.00991	0.00991	0.01416	0.01274	0.01841	0.02124	0.03115	0.01982	0.05947	0.68989	0.01274	0.02124	0.00850	0.00425	0.00708
47	0.01498	0.01409	0.02378	0.70226	0.05462	0.01762	0.02202	0.02026	0.01586	0.02026	0.01409	0.02114	0.01057	0.00793	0.00793	0.00264	0.01057	0.00705	0.00352	0.00881
48	0.00984	0.00749	0.00895	0.00974	0.01114	0.00672	0.00679	0.01169	0.01698	0.02194	0.13651	0.37657	0.27127	0.05275	0.01109	0.00313	0.00442	0.01895	0.00743	0.00659
49	0.03328	0.01299	0.01767	0.01372	0.01945	0.01126	0.01126	0.03641	0.02267	0.61645	0.09131	0.03003	0.02484	0.01042	0.00810	0.00246	0.00646	0.00857	0.00971	0.01293
50	0.01532	0.01177	0.01361	0.01335	0.01597	0.01242	0.00981	0.05158	0.25122	0.04714	0.03690	0.38568	0.03780	0.01781	0.00904	0.00289	0.00551	0.01575	0.00762	0.03882
51	0.69124	0.01541	0.01318	0.01273	0.05129	0.01747	0.00963	0.02429	0.01430	0.07393	0.01248	0.01410	0.00947	0.00749	0.00525	0.00245	0.00635	0.00467	0.00515	0.00910

[dist]
# distance from previous block
# <min> <max>
0	1

[block]
# block no. 3 follows, 24 sequences, length 49
# corresponding to MSA columns:
# 155-203
name=unknown_D
#
# <colnr> <probs for GDERKNQSTAVLIFYWHMCP>
#	G	D	E	R	K	N	Q	S	T	A	V	L	I	F	Y	W	H	M	C	P
0	0.10079	0.01614	0.01959	0.16299	0.02755	0.01721	0.03273	0.18854	0.06740	0.03299	0.01764	0.02020	0.01339	0.00816	0.00699	0.00217	0.00771	0.00653	0.08308	0.16819
1	0.01956	0.07268	0.02527	0.05279	0.02309	0.06520	0.03425	0.09457	0.01642	0.02280	0.01267	0.01904	0.01172	0.04736	0.02046	0.00326	0.43853	0.00695	0.00412	0.00926
2	0.01849	0.01820	0.02451	0.04527	0.07237	0.06327	0.04810	0.05938	0.01547	0.02209	0.01295	0.01902	0.01176	0.01614	0.08204	0.00394	0.42016	0.00704	0.00397	0.03582
3	0.02616	0.01968	0.02114	0.01718	0.02276	0.02198	0.01388	0.36994	0.28949	0.07360	0.02503	0.02373	0.01816	0.01004	0.00799	0.00251	0.00763	0.00792	0.00808	0.01311
4	0.01520	0.05781	0.13096	0.01831	0.02369	0.01443	0.14846	0.01967	0.01650	0.02372	0.02351	0.19538	0.02342	0.01236	0.00910	0.00252	0.04451	0.03207	0.06907	0.11930
5	0.01213	0.00829	0.01076	0.01185	0.01330	0.00791	0.00879	0.01516	0.04568	0.05629	0.07621	0.44383	0.09619	0.02205	0.00999	0.00316	0.00523	0.13826	0.00758	0.00732
6	0.01644	0.01409	0.01644	0.01175	0.01879	0.01057	0.00940	0.01997	0.01644	0.02584	0.01409	0.01644	0.01175	0.00587	0.00587	0.00117	0.00587	0.00470	0.00470	0.76979
7	0.00996	0.00732	0.00937	0.01062	0.01164	0.00673	0.00741	0.01183	0.01668	0.02207	0.13025	0.51132	0.14430	0.02290	0.00995	0.00307	0.00452	0.04589	0.00754	0.00665
8	0.01909	0.01597	0.01713	0.01511	0.01951	0.01767	0.01177	0.08217	0.46618	0.03192	0.03118	0.03296	0.04488	0.05544	0.01004	0.00288	0.00648	0.03319	0.00750	0.07892
9	0.01696	0.17774	0.55277	0.02080	0.03153	0.02100	0.02616	0.02484	0.01662	0.02382	0.01359	0.01594	0.01007	0.00738	0.00705	0.00235	0.01107	0.00554	0.00336	0.01141
10	0.02032	0.04692	0.08760	0.10790	0.23628	0.01886	0.01922	0.12313	0.01965	0.05656	0.01588	0.02002	0.01264	0.01017	0.01135	0.06646	0.07667	0.00688	0.03270	0.01081
11	0.02306	0.29852	0.07994	0.01973	0.08161	0.25737	0.01599	0.02617	0.01845	0.02077	0.01296	0.01543	0.01104	0.00776	0.00703	0.00201	0.03563	0.00522	0.05138	0.00994
12	0.00981	0.00706	0.00906	0.01059	0.01117	0.00658	0.00702	0.01111	0.01506	0.01988	0.04474	0.60512	0.09718	0.08977	0.01290	0.00360	0.00485	0.02107	0.00712	0.00631
13	0.01523	0.00810	0.00833	0.00816	0.01015	0.00819	0.00613	0.04938	0.01757	0.03000	0.02664	0.07201	0.02199	0.01023	0.00595	0.00196	0.00400	0.00833	0.68000	0.00764
14	0.01377	0.00689	0.01033	0.01033	0.01033	0.00689	0.00689	0.01033	0.01033	0.01377	0.01377	0.02410	0.01377	0.02755	0.03099	0.76928	0.00689	0.00689	0.00344	0.00344
15	0.18781	0.02156	0.01851	0.01577	0.02044	0.19052	0.01247	0.12888	0.05259	0.13318	0.01904	0.06168	0.01529	0.00984	0.00808	0.00239	0.04502	0.00707	0.00619	0.04365
16	0.00979	0.00712	0.00915	0.01057	0.01134	0.00658	0.00714	0.01134	0.01582	0.02092	0.08598	0.58387	0.11850	0.04810	0.01105	0.00327	0.00459	0.02103	0.00736	0.00648
17	0.04478	0.01470	0.02372	0.38424	0.03999	0.01650	0.10470	0.06935	0.01769	0.02487	0.01593	0.02155	0.01223	0.00885	0.00877	0.03970	0.00948	0.00719	0.08867	0.04709
18	0.02389	0.28083	0.09909	0.01766	0.02361	0.23143	0.01603	0.09275	0.06906	0.02399	0.01418	0.01579	0.01160	0.00820	0.00745	0.00212	0.04191	0.00547	0.00444	0.01050
19	0.01846	0.06012	0.01916	0.01729	0.06024	0.01849	0.01288	0.03538	0.47297	0.03048	0.05776	0.03592	0.05529	0.01180	0.00821	0.00267	0.00649	0.05741	0.00745	0.01152
20	0.04996	0.09350	0.48009	0.06584	0.06993	0.01956	0.06473	0.02459	0.01669	0.02479	0.01396	0.01696	0.01029	0.00741	0.00737	0.00245	0.01110	0.00602	0.00351	0.01125
21	0.00966	0.00690	0.00920	0.01104	0.01150	0.00644	0.00736	0.01104	0.01518	0.02024	0.04371	0.71614	0.05245	0.02484	0.01012	0.00322	0.00460	0.02254	0.00736	0.00644
22	0.02293	0.58482	0.03764	0.01498	0.02121	0.16645	0.01393	0.02537	0.01742	0.01881	0.01128	0.01304	0.01018	0.00707	0.00551	0.00177	0.00967	0.00442	0.00353	0.00997
23	0.01059	0.00921	0.03206	0.00967	0.01224	0.00755	0.00773	0.01373	0.02014	0.02661	0.35939	0.06652	0.34067	0.01786	0.00935	0.00262	0.00425	0.03467	0.00788	0.00726
24	0.29970	0.19058	0.14116	0.04621	0.05065	0.02205	0.01556	0.10332	0.01804	0.03043	0.01293	0.01497	0.01011	0.00754	0.00606	0.00228	0.00836	0.00516	0.00455	0.01033
25	0.03516	0.01416	0.01881	0.01442	0.02057	0.01264	0.01192	0.08488	0.02381	0.62954	0.03035	0.02638	0.01916	0.00979	0.00797	0.00245	0.00690	0.00791	0.00967	0.01349
26	0.01278	0.00913	0.01278	0.01460	0.01643	0.00913	0.01278	0.01643	0.01825	0.02373	0.04199	0.08945	0.04564	0.02191	0.01095	0.00365	0.00730	0.61847	0.00730	0.00730
27	0.01599	0.01827	0.09294	0.45337	0.07384	0.01870	0.10582	0.02150	0.01608	0.02157	0.01406	0.02032	0.01078	0.00824	0.00976	0.00270	0.07575	0.00723	0.00358	0.00950
28	0.01671	0.12699	0.57542	0.02242	0.05605	0.02007	0.02712	0.02491	0.01671	0.02432	0.01385	0.01634	0.01015	0.00742	0.00724	0.00240	0.01122	0.00570	0.00338	0.01155
29	0.03558	0.01350	0.01840	0.01411	0.02024	0.01166	0.01166	0.03865	0.02270	0.67734	0.03128	0.02699	0.01963	0.00981	0.00797	0.00245	0.00675	0.00797	0.00981	0.01350
30	0.13877	0.01526	0.01839	0.01431	0.02031	0.01475	0.01182	0.14143	0.02393	0.47874	0.02632	0.02363	0.01702	0.00942	0.00754	0.00244	0.00700	0.00731	0.00880	0.01280
31	0.03014	0.01470	0.01879	0.05780	0.02263	0.01446	0.01264	0.05762	0.18187	0.45484	0.03007	0.02702	0.02002	0.00992	0.00799	0.00252	0.00693	0.00814	0.00892	0.01297
32	0.01014	0.00731	0.00966	0.01102	0.01190	0.00683	0.00774	0.01211	0.01672	0.02245	0.14732	0.53517	0.08019	0.02301	0.01003	0.00311	0.00464	0.06637	0.00758	0.00669
33	0.01011	0.00716	0.00941	0.01105	0.01156	0.00678	0.00749	0.01151	0.01501	0.01997	0.04149	0.59457	0.04930	0.10203	0.01355	0.00375	0.00515	0.06672	0.00707	0.00632
34	0.01355	0.01218	0.06420	0.01317	0.01618	0.01016	0.04071	0.04267	0.05629	0.04961	0.33992	0.22256	0.05387	0.01658	0.00924	0.00270	0.00548	0.01481	0.00770	0.00841
35	0.77733	0.01534	0.01166	0.01043	0.01534	0.01779	0.00859	0.02331	0.01350	0.03558	0.01104	0.01288	0.00859	0.00736	0.00491	0.00245	0.00613	0.00429	0.00491	0.00859
36	0.01902	0.01629	0.01732	0.01562	0.01989	0.01870	0.01213	0.03987	0.60461	0.03306	0.08521	0.03206	0.02842	0.01121	0.00818	0.00267	0.00606	0.00941	0.00812	0.01213
37	0.01727	0.01733	0.02507	0.05664	0.02331	0.02379	0.04007	0.01937	0.01257	0.01937	0.01080	0.01769	0.01048	0.01331	0.02449	0.00340	0.64576	0.00703	0.00349	0.00875
38	0.02268	0.60521	0.03820	0.01477	0.02108	0.14695	0.01388	0.02514	0.01723	0.01879	0.01124	0.01300	0.01018	0.00703	0.00545	0.00176	0.00950	0.00439	0.00351	0.01000
39	0.01153	0.00769	0.00865	0.00865	0.00865	0.00769	0.00480	0.01153	0.01153	0.01538	0.02499	0.05189	0.02883	0.72131	0.04036	0.00769	0.00769	0.01153	0.00480	0.00480
40	0.03014	0.02221	0.02380	0.01825	0.02459	0.02459	0.01507	0.64541	0.03728	0.04998	0.01904	0.01904	0.01349	0.00952	0.00793	0.00238	0.00873	0.00714	0.00793	0.01349
41	0.02507	0.01969	0.02094	0.01722	0.02266	0.02222	0.01385	0.35175	0.33921	0.04180	0.02548	0.02417	0.01870	0.01012	0.00800	0.00253	0.00753	0.00803	0.00800	0.01303
42	0.01153	0.00769	0.00865	0.00865	0.00865	0.00769	0.00480	0.01153	0.01153	0.01538	0.02499	0.05189	0.02883	0.72131	0.04036	0.00769	0.00769	0.01153	0.00480	0.00480
43	0.01648	0.01447	0.02474	0.62151	0.05172	0.01738	0.05635	0.02170	0.01645	0.06168	0.01528	0.02152	0.01122	0.00798	0.00801	0.00263	0.01049	0.00724	0.00394	0.00921
44	0.03530	0.01395	0.01868	0.01432	0.02047	0.01233	0.01183	0.07014	0.02345	0.64478	0.03065	0.02658	0.01931	0.00980	0.00797	0.00245	0.00685	0.00793	0.00972	0.01349
45	0.01176	0.00977	0.01128	0.04994	0.01481	0.05023	0.00863	0.01433	0.01858	0.02455	0.27321	0.34181	0.10265	0.01930	0.00947	0.00280	0.00518	0.01711	0.00745	0.00715
46	0.07196	0.02966	0.02245	0.01890	0.02403	0.35845	0.01483	0.30184	0.02850	0.03380	0.01518	0.01631	0.01157	0.00872	0.00737	0.00221	0.01138	0.00596	0.00583	0.01105
47	0.02934	0.02191	0.02383	0.01841	0.02436	0.02457	0.01521	0.60620	0.03571	0.04804	0.01850	0.01893	0.01329	0.00979	0.00907	0.00245	0.05242	0.00713	0.00765	0.01318
48	0.01969	0.53083	0.22358	0.01614	0.02433	0.02768	0.01805	0.02413	0.01629	0.02050	0.01194	0.01387	0.01014	0.00700	0.00579	0.00193	0.00940	0.00470	0.00338	0.01062

[dist]
# distance from previous block
# <min> <max>
0	2

[block]
# block no. 4 follows, 24 sequences, length 15
# corresponding to MSA columns:
# 206-220
name=unknown_E
#
# <colnr> <probs for GDERKNQSTAVLIFYWHMCP>
#	G	D	E	R	K	N	Q	S	T	A	V	L	I	F	Y	W	H	M	C	P
0	0.01169	0.00818	0.00975	0.00959	0.01033	0.00802	0.00599	0.01241	0.01243	0.01702	0.02573	0.11738	0.02904	0.52032	0.10557	0.00727	0.00870	0.01185	0.00501	0.06372
1	0.01963	0.01884	0.03219	0.04867	0.67185	0.01884	0.02434	0.02434	0.01806	0.02591	0.01492	0.01963	0.01256	0.00707	0.00785	0.00236	0.00942	0.00707	0.00393	0.01256
2	0.02792	0.12196	0.02435	0.01868	0.02328	0.49279	0.01461	0.10473	0.02319	0.02351	0.01357	0.01539	0.01108	0.00821	0.00691	0.00203	0.01238	0.00535	0.04030	0.00976
3	0.01644	0.01409	0.01644	0.01175	0.01879	0.01057	0.00940	0.01997	0.01644	0.02584	0.01409	0.01644	0.01175	0.00587	0.00587	0.00117	0.00587	0.00470	0.00470	0.76979
4	0.01131	0.00816	0.01073	0.01024	0.01211	0.00758	0.00779	0.01505	0.02220	0.03133	0.63141	0.06099	0.07313	0.01654	0.00945	0.00256	0.00395	0.04935	0.00865	0.00747
5	0.01963	0.01884	0.03219	0.04867	0.67185	0.01884	0.02434	0.02434	0.01806	0.02591	0.01492	0.01963	0.01256	0.00707	0.00785	0.00236	0.00942	0.00707	0.00393	0.01256
6	0.01972	0.01703	0.01793	0.01614	0.02062	0.01972	0.01255	0.04214	0.65752	0.03317	0.03228	0.02959	0.02421	0.01076	0.00807	0.00269	0.00628	0.00897	0.00807	0.01255
7	0.01078	0.00770	0.01049	0.01232	0.01327	0.00741	0.00931	0.01298	0.01629	0.02150	0.04309	0.49080	0.05000	0.02379	0.01042	0.00338	0.00557	0.23682	0.00734	0.00675
8	0.01805	0.41328	0.18528	0.01650	0.02354	0.02384	0.05494	0.02221	0.01628	0.02081	0.01709	0.12214	0.01675	0.00972	0.00669	0.00218	0.00894	0.00774	0.00403	0.00999
9	0.01418	0.01024	0.01464	0.04811	0.04890	0.01012	0.04129	0.01887	0.05844	0.06003	0.25712	0.16646	0.04718	0.01577	0.00903	0.00272	0.00570	0.08474	0.07811	0.00836
10	0.02659	0.01154	0.01533	0.01242	0.01710	0.01007	0.01000	0.02973	0.02218	0.44298	0.20364	0.04032	0.09789	0.01251	0.00847	0.00249	0.00569	0.01051	0.00929	0.01124
11	0.04824	0.10351	0.03049	0.02094	0.02701	0.02096	0.20371	0.16632	0.08578	0.10670	0.01949	0.02118	0.01443	0.00865	0.00885	0.00246	0.04878	0.00765	0.04341	0.01142
12	0.00987	0.00784	0.00886	0.00906	0.01113	0.00684	0.00662	0.01217	0.01858	0.02368	0.21394	0.19158	0.41170	0.02005	0.00951	0.00274	0.00406	0.01725	0.00769	0.00684
13	0.06074	0.02455	0.18250	0.08470	0.03823	0.01934	0.38017	0.02580	0.05625	0.02595	0.01617	0.02034	0.01201	0.00726	0.00850	0.00262	0.01193	0.00807	0.00412	0.01076
14	0.01631	0.01381	0.01722	0.01338	0.01919	0.01156	0.04070	0.05059	0.04976	0.02652	0.02058	0.11491	0.01946	0.00961	0.00705	0.00177	0.00629	0.03507	0.00547	0.52073

[dist]
# distance from previous block
# <min> <max>
0	1

[block]
# block no. 5 follows, 24 sequences, length 86
# corresponding to MSA columns:
# 222-257,262-311
name=unknown_F
#
# <colnr> <probs for GDERKNQSTAVLIFYWHMCP>
#	G	D	E	R	K	N	Q	S	T	A	V	L	I	F	Y	W	H	M	C	P
0	0.67030	0.01513	0.01338	0.01159	0.01650	0.01714	0.03546	0.02272	0.01378	0.03374	0.01198	0.01448	0.00953	0.01043	0.04655	0.00304	0.00734	0.00478	0.00482	0.03731
1	0.11313	0.11218	0.04535	0.04208	0.02078	0.06701	0.01271	0.20043	0.02327	0.05530	0.10347	0.12325	0.02569	0.01174	0.00762	0.00243	0.00766	0.00939	0.00642	0.01010
2	0.02948	0.02062	0.02266	0.01755	0.02358	0.02257	0.01446	0.55411	0.03452	0.10300	0.02024	0.02047	0.01441	0.01257	0.04918	0.00301	0.00931	0.00729	0.00787	0.01310
3	0.01153	0.00769	0.00865	0.00865	0.00865	0.00769	0.00480	0.01153	0.01153	0.01538	0.02499	0.05189	0.02883	0.72131	0.04036	0.00769	0.00769	0.01153	0.00480	0.00480
4	0.02896	0.01545	0.01858	0.01481	0.02015	0.01545	0.01202	0.21438	0.07865	0.33869	0.07862	0.05504	0.02391	0.01089	0.00808	0.00246	0.00686	0.00888	0.03567	0.01244
5	0.01948	0.02006	0.03500	0.05636	0.06230	0.04830	0.33364	0.09050	0.01918	0.02602	0.01614	0.04487	0.01344	0.01075	0.03308	0.00308	0.14435	0.00872	0.00444	0.01029
6	0.02229	0.01872	0.05184	0.19727	0.08598	0.04919	0.05657	0.14257	0.04707	0.11773	0.01916	0.02370	0.01462	0.00930	0.00911	0.00255	0.05160	0.03265	0.00568	0.04240
7	0.01731	0.01738	0.02326	0.02013	0.02040	0.04785	0.01666	0.01914	0.01258	0.01904	0.01138	0.01838	0.01118	0.01745	0.08039	0.00419	0.62415	0.00700	0.00356	0.00856
8	0.01142	0.00764	0.00868	0.00879	0.00882	0.00761	0.00496	0.01150	0.01175	0.01567	0.02612	0.09206	0.03026	0.67920	0.03853	0.00742	0.00750	0.01220	0.00496	0.00490
9	0.01953	0.02004	0.02488	0.04202	0.02329	0.09997	0.04071	0.05978	0.01525	0.02132	0.01148	0.01737	0.01064	0.01250	0.02156	0.00318	0.53666	0.00684	0.00384	0.00911
10	0.06243	0.01417	0.02303	0.65919	0.05217	0.01763	0.02119	0.02045	0.01571	0.02121	0.01390	0.02063	0.01045	0.00789	0.00774	0.00263	0.01029	0.00688	0.00361	0.00880
11	0.05226	0.29133	0.20541	0.01939	0.02682	0.10609	0.09093	0.02569	0.03977	0.02248	0.01333	0.01580	0.01080	0.00763	0.00754	0.00222	0.04261	0.00566	0.00377	0.01047
12	0.00998	0.00803	0.00897	0.00931	0.01154	0.00701	0.00707	0.01229	0.01827	0.02274	0.14063	0.15030	0.46143	0.02038	0.00962	0.00282	0.00440	0.08087	0.00752	0.00682
13	0.01791	0.01926	0.06722	0.02322	0.03078	0.01614	0.32297	0.04880	0.01867	0.02681	0.03959	0.02060	0.01422	0.00690	0.00790	0.00208	0.00992	0.00752	0.00457	0.29492
14	0.01170	0.00842	0.01042	0.01029	0.01067	0.00906	0.00673	0.01249	0.01219	0.01662	0.02604	0.07671	0.04821	0.49385	0.16321	0.00804	0.05358	0.01133	0.00481	0.00562
15	0.01313	0.00689	0.01015	0.01044	0.01051	0.00682	0.00696	0.01044	0.01109	0.01479	0.01845	0.13228	0.01982	0.02713	0.02773	0.64954	0.00653	0.00933	0.00406	0.00391
16	0.01655	0.12509	0.60185	0.02149	0.03261	0.02001	0.02737	0.02495	0.01666	0.02432	0.01384	0.01625	0.01006	0.00744	0.00723	0.00241	0.01132	0.00566	0.00335	0.01153
17	0.00985	0.00706	0.00927	0.01095	0.01153	0.00660	0.00740	0.01128	0.01526	0.02022	0.04432	0.63909	0.07582	0.05391	0.01140	0.00340	0.00481	0.04417	0.00725	0.00641
18	0.02068	0.01751	0.01847	0.01633	0.02098	0.02017	0.01278	0.09752	0.60058	0.03471	0.03106	0.02862	0.02322	0.01064	0.00806	0.00266	0.00650	0.00880	0.00806	0.01264
19	0.01153	0.00769	0.00865	0.00865	0.00865	0.00769	0.00480	0.01153	0.01153	0.01538	0.02499	0.05189	0.02883	0.72131	0.04036	0.00769	0.00769	0.01153	0.00480	0.00480
20	0.01816	0.01700	0.02693	0.25077	0.35720	0.01861	0.02146	0.02627	0.13344	0.02543	0.01781	0.02192	0.01404	0.00801	0.00791	0.00251	0.00922	0.00740	0.00455	0.01137
21	0.02932	0.02141	0.02292	0.01766	0.02377	0.02367	0.01456	0.61166	0.03617	0.04888	0.01941	0.01961	0.01385	0.00950	0.00780	0.00235	0.00846	0.00715	0.04870	0.01316
22	0.01675	0.01658	0.02598	0.53040	0.14954	0.05854	0.04762	0.02181	0.01672	0.02131	0.01419	0.02050	0.01092	0.00776	0.00793	0.00256	0.01073	0.00703	0.00364	0.00950
23	0.02897	0.02136	0.02311	0.01790	0.02394	0.02368	0.01475	0.60611	0.03576	0.04801	0.01918	0.01979	0.01388	0.01263	0.05038	0.00302	0.00951	0.00722	0.00770	0.01309
24	0.01152	0.00773	0.00887	0.00887	0.00895	0.00781	0.00508	0.01167	0.01160	0.01554	0.02478	0.05078	0.02834	0.68569	0.07532	0.00796	0.00842	0.01137	0.00477	0.00493
25	0.00966	0.00690	0.00920	0.01104	0.01150	0.00644	0.00736	0.01104	0.01518	0.02024	0.04371	0.71614	0.05245	0.02484	0.01012	0.00322	0.00460	0.02254	0.00736	0.00644
26	0.01133	0.00850	0.01274	0.01274	0.01416	0.00991	0.00991	0.01416	0.01274	0.01841	0.02124	0.03115	0.01982	0.05947	0.68989	0.01274	0.02124	0.00850	0.00425	0.00708
27	0.01851	0.01770	0.03017	0.20530	0.52393	0.01855	0.02378	0.02336	0.01753	0.02455	0.01472	0.01999	0.01208	0.00727	0.00787	0.00242	0.00970	0.00706	0.00383	0.01166
28	0.01872	0.02139	0.04679	0.03342	0.04144	0.02005	0.64305	0.02540	0.01872	0.02540	0.01604	0.02139	0.01203	0.00668	0.00936	0.00267	0.01337	0.00936	0.00401	0.01070
29	0.01122	0.00811	0.01060	0.00998	0.01185	0.00748	0.00748	0.01496	0.02245	0.03180	0.66766	0.05923	0.07482	0.01621	0.00935	0.00249	0.00374	0.01434	0.00873	0.00748
30	0.01498	0.01409	0.02378	0.70226	0.05462	0.01762	0.02202	0.02026	0.01586	0.02026	0.01409	0.02114	0.01057	0.00793	0.00793	0.00264	0.01057	0.00705	0.00352	0.00881
31	0.01498	0.01409	0.02378	0.70226	0.05462	0.01762	0.02202	0.02026	0.01586	0.02026	0.01409	0.02114	0.01057	0.00793	0.00793	0.00264	0.01057	0.00705	0.00352	0.00881
32	0.01278	0.00913	0.01278	0.01460	0.01643	0.00913	0.01278	0.01643	0.01825	0.02373	0.04199	0.08945	0.04564	0.02191	0.01095	0.00365	0.00730	0.61847	0.00730	0.00730
33	0.02217	0.01592	0.01763	0.01544	0.02009	0.01761	0.01212	0.04007	0.50825	0.15064	0.06555	0.03067	0.02604	0.01087	0.00812	0.00264	0.00623	0.00907	0.00842	0.01246
34	0.77733	0.01534	0.01166	0.01043	0.01534	0.01779	0.00859	0.02331	0.01350	0.03558	0.01104	0.01288	0.00859	0.00736	0.00491	0.00245	0.00613	0.00429	0.00491	0.00859
35	0.03182	0.01303	0.01744	0.01372	0.01925	0.01158	0.01120	0.03599	0.05609	0.56590	0.10776	0.03100	0.02650	0.01063	0.00814	0.00247	0.00636	0.00879	0.00959	0.01272
36	0.00966	0.00690	0.00920	0.01104	0.01150	0.00644	0.00736	0.01104	0.01518	0.02024	0.04371	0.71614	0.05245	0.02484	0.01012	0.00322	0.00460	0.02254	0.00736	0.00644
37	0.01122	0.00811	0.01060	0.00998	0.01185	0.00748	0.00748	0.01496	0.02245	0.03180	0.66766	0.05923	0.07482	0.01621	0.00935	0.00249	0.00374	0.01434	0.00873	0.00748
38	0.03558	0.01350	0.01840	0.01411	0.02024	0.01166	0.01166	0.03865	0.02270	0.67734	0.03128	0.02699	0.01963	0.00981	0.00797	0.00245	0.00675	0.00797	0.00981	0.01350
39	0.01297	0.00850	0.01108	0.01021	0.01243	0.00776	0.00774	0.01659	0.02230	0.07944	0.59817	0.05748	0.09311	0.01588	0.00925	0.00250	0.00398	0.01396	0.00876	0.00790
40	0.77733	0.01534	0.01166	0.01043	0.01534	0.01779	0.00859	0.02331	0.01350	0.03558	0.01104	0.01288	0.00859	0.00736	0.00491	0.00245	0.00613	0.00429	0.00491	0.00859
41	0.01813	0.01990	0.04158	0.15264	0.09364	0.01953	0.48452	0.02441	0.01816	0.02453	0.01561	0.02121	0.01182	0.00693	0.00899	0.00264	0.01256	0.00877	0.00392	0.01051
42	0.74518	0.01528	0.01217	0.03960	0.01699	0.01778	0.00915	0.02318	0.01359	0.03493	0.01117	0.01323	0.00867	0.00738	0.00503	0.00246	0.00632	0.00441	0.00485	0.00860
