[name]
unknown

[dist]
# distance from previous block
# <min> <max>
7	54

[block]
# block no. 0 follows, 26 sequences, length 132
# corresponding to MSA columns:
# 60-191
name=unknown_A
#
# <colnr> <probs for GDERKNQSTAVLIFYWHMCP>
#	G	D	E	R	K	N	Q	S	T	A	V	L	I	F	Y	W	H	M	C	P
0	0.01910	0.08044	0.09234	0.02608	0.03304	0.04517	0.40960	0.02448	0.01733	0.06564	0.01510	0.01899	0.01147	0.00723	0.00943	0.00243	0.06772	0.00766	0.00408	0.04267
1	0.01766	0.35435	0.31503	0.01673	0.02487	0.02298	0.01908	0.02441	0.07006	0.02208	0.03839	0.01678	0.01308	0.00744	0.00625	0.00206	0.00909	0.00544	0.00378	0.01045
2	0.09321	0.01703	0.09734	0.01449	0.02028	0.01455	0.01292	0.03352	0.21407	0.30450	0.05217	0.02504	0.01988	0.00929	0.00732	0.00238	0.00669	0.00748	0.00751	0.04033
3	0.01717	0.31702	0.37665	0.07535	0.02908	0.02252	0.02142	0.02311	0.01570	0.02116	0.01237	0.01482	0.00970	0.00695	0.00630	0.00210	0.00988	0.00508	0.00323	0.01039
4	0.01288	0.00822	0.01031	0.00955	0.01122	0.00832	0.03500	0.01576	0.01569	0.02474	0.12868	0.03758	0.05490	0.13811	0.06094	0.00366	0.02834	0.00929	0.38002	0.00679
5	0.02225	0.06019	0.35670	0.01786	0.02641	0.01657	0.01989	0.08387	0.04378	0.21977	0.01924	0.01932	0.01313	0.00802	0.00721	0.00229	0.00902	0.00629	0.00560	0.04257
6	0.01797	0.01721	0.02935	0.16653	0.57238	0.01781	0.02288	0.02258	0.01689	0.02381	0.01413	0.01903	0.01167	0.00691	0.00752	0.00230	0.00921	0.00676	0.00369	0.01137
7	0.00917	0.00769	0.00797	0.00790	0.01037	0.00649	0.00592	0.01128	0.01777	0.02163	0.14620	0.07113	0.61297	0.01879	0.00896	0.00254	0.00381	0.01575	0.00719	0.00649
8	0.01968	0.01670	0.01761	0.01560	0.02003	0.01925	0.01220	0.09105	0.62034	0.03304	0.02984	0.02747	0.02232	0.01019	0.00771	0.00255	0.00619	0.00843	0.00771	0.01208
9	0.02748	0.01477	0.01753	0.01373	0.01947	0.03774	0.01111	0.06219	0.12202	0.39848	0.02550	0.02334	0.01731	0.00868	0.00720	0.00211	0.00656	0.00700	0.00784	0.16991
10	0.13075	0.00995	0.01168	0.01055	0.01336	0.00985	0.00826	0.04741	0.02067	0.09483	0.45901	0.04656	0.05301	0.01360	0.00819	0.00242	0.00457	0.03940	0.00780	0.00812
11	0.00924	0.00660	0.00880	0.01056	0.01100	0.00616	0.00704	0.01056	0.01452	0.01936	0.04181	0.72848	0.05017	0.02376	0.00968	0.00308	0.00440	0.02156	0.00704	0.00616
12	0.00924	0.00660	0.00880	0.01056	0.01100	0.00616	0.00704	0.01056	0.01452	0.01936	0.04181	0.72848	0.05017	0.02376	0.00968	0.00308	0.00440	0.02156	0.00704	0.00616
13	0.01877	0.01802	0.03079	0.04656	0.68612	0.01802	0.02328	0.02328	0.01727	0.02478	0.01427	0.01877	0.01201	0.00676	0.00751	0.00225	0.00901	0.00676	0.00375	0.01201
14	0.02883	0.02125	0.02276	0.01745	0.02352	0.02352	0.01442	0.66082	0.03566	0.04780	0.01821	0.01821	0.01290	0.00911	0.00759	0.00228	0.00835	0.00683	0.00759	0.01290
15	0.01481	0.01405	0.02331	0.60950	0.08976	0.01751	0.02080	0.01953	0.01498	0.01962	0.01321	0.01980	0.01022	0.00805	0.00915	0.00258	0.07435	0.00673	0.00339	0.00864
16	0.01964	0.01668	0.01759	0.01559	0.02002	0.01923	0.01219	0.08851	0.62295	0.03298	0.02989	0.02752	0.02236	0.01020	0.00771	0.00255	0.00618	0.00844	0.00771	0.01208
17	0.78701	0.01467	0.01115	0.00997	0.01467	0.01702	0.00821	0.02230	0.01291	0.03403	0.01056	0.01232	0.00821	0.00704	0.00469	0.00235	0.00587	0.00411	0.00469	0.00821
18	0.01521	0.03923	0.69413	0.02162	0.03283	0.01762	0.02802	0.02402	0.01601	0.02402	0.01361	0.01601	0.00961	0.00721	0.00721	0.00240	0.01121	0.00560	0.00320	0.01121
19	0.01103	0.00735	0.00827	0.00827	0.00827	0.00735	0.00460	0.01103	0.01103	0.01471	0.02390	0.04964	0.02758	0.73343	0.03861	0.00735	0.00735	0.01103	0.00460	0.00460
20	0.02008	0.71095	0.06507	0.01331	0.01998	0.02953	0.01356	0.02276	0.01544	0.01808	0.01066	0.01232	0.00973	0.00652	0.00496	0.00165	0.00823	0.00412	0.00324	0.00979
21	0.00930	0.00664	0.00885	0.01052	0.01101	0.00620	0.00705	0.01070	0.01478	0.01977	0.06564	0.70347	0.05096	0.02346	0.00965	0.00305	0.00437	0.02127	0.00709	0.00620
22	0.04433	0.03831	0.66836	0.02118	0.03214	0.01759	0.02728	0.02396	0.01590	0.02440	0.01350	0.01587	0.00956	0.00720	0.00711	0.00240	0.01101	0.00555	0.00326	0.01110
23	0.02883	0.02125	0.02276	0.01745	0.02352	0.02352	0.01442	0.66082	0.03566	0.04780	0.01821	0.01821	0.01290	0.00911	0.00759	0.00228	0.00835	0.00683	0.00759	0.01290
24	0.00915	0.00769	0.00794	0.00788	0.01036	0.00648	0.00591	0.01124	0.01772	0.02152	0.13967	0.07130	0.61956	0.01883	0.00896	0.00254	0.00381	0.01577	0.00718	0.00648
25	0.00935	0.00668	0.00893	0.01069	0.01118	0.00626	0.00724	0.01076	0.01463	0.01949	0.04174	0.70422	0.04992	0.02366	0.00971	0.00310	0.00450	0.04471	0.00704	0.00619
26	0.01102	0.00740	0.00852	0.00852	0.00861	0.00749	0.00491	0.01119	0.01110	0.01489	0.02367	0.04837	0.02703	0.69026	0.08103	0.00766	0.00818	0.01085	0.00456	0.00473
27	0.00924	0.00660	0.00880	0.01056	0.01100	0.00616	0.00704	0.01056	0.01452	0.01936	0.04181	0.72848	0.05017	0.02376	0.00968	0.00308	0.00440	0.02156	0.00704	0.00616
28	0.01877	0.01802	0.03079	0.04656	0.68612	0.01802	0.02328	0.02328	0.01727	0.02478	0.01427	0.01877	0.01201	0.00676	0.00751	0.00225	0.00901	0.00676	0.00375	0.01201
29	0.00932	0.00664	0.00878	0.01046	0.01088	0.00622	0.00693	0.01058	0.01436	0.01915	0.04099	0.69756	0.04914	0.05609	0.01100	0.00328	0.00454	0.02108	0.00693	0.00609
30	0.01485	0.01402	0.02369	0.63661	0.12675	0.01699	0.02133	0.01984	0.01541	0.02001	0.01357	0.02005	0.01033	0.00749	0.00757	0.00250	0.00998	0.00674	0.00342	0.00885
31	0.39262	0.02010	0.01539	0.01337	0.01784	0.17558	0.01063	0.14207	0.01963	0.03251	0.03840	0.01641	0.01254	0.00804	0.00593	0.00221	0.00790	0.00534	0.05438	0.00910
32	0.00924	0.00660	0.00880	0.01056	0.01100	0.00616	0.00704	0.01056	0.01452	0.01936	0.04181	0.72848	0.05017	0.02376	0.00968	0.00308	0.00440	0.02156	0.00704	0.00616
33	0.75844	0.01558	0.03643	0.01041	0.01534	0.01704	0.00895	0.02236	0.01302	0.03366	0.01067	0.01246	0.00827	0.00705	0.00479	0.00235	0.00607	0.00416	0.00464	0.00833
34	0.00896	0.00768	0.00768	0.00768	0.01025	0.00640	0.00576	0.01089	0.01729	0.02049	0.07684	0.07300	0.68304	0.01921	0.00896	0.00256	0.00384	0.01601	0.00704	0.00640
35	0.01388	0.01211	0.01728	0.01539	0.01646	0.01537	0.03278	0.01633	0.01312	0.01991	0.04624	0.02639	0.04372	0.02763	0.24997	0.00605	0.32497	0.00794	0.08690	0.00759
36	0.02028	0.73799	0.03975	0.01298	0.01947	0.03001	0.01298	0.02271	0.01541	0.01785	0.01055	0.01217	0.00973	0.00649	0.00487	0.00162	0.00811	0.00406	0.00324	0.00973
37	0.00924	0.00660	0.00880	0.01056	0.01100	0.00616	0.00704	0.01056	0.01452	0.01936	0.04181	0.72848	0.05017	0.02376	0.00968	0.00308	0.00440	0.02156	0.00704	0.00616
38	0.78701	0.01467	0.01115	0.00997	0.01467	0.01702	0.00821	0.02230	0.01291	0.03403	0.01056	0.01232	0.00821	0.00704	0.00469	0.00235	0.00587	0.00411	0.00469	0.00821
39	0.01414	0.00707	0.00707	0.00707	0.00884	0.00707	0.00530	0.01767	0.01591	0.02828	0.02474	0.02828	0.01944	0.00884	0.00530	0.00177	0.00353	0.00707	0.77554	0.00707
40	0.00896	0.00768	0.00768	0.00768	0.01025	0.00640	0.00576	0.01089	0.01729	0.02049	0.07684	0.07300	0.68304	0.01921	0.00896	0.00256	0.00384	0.01601	0.00704	0.00640
41	0.78701	0.01467	0.01115	0.00997	0.01467	0.01702	0.00821	0.02230	0.01291	0.03403	0.01056	0.01232	0.00821	0.00704	0.00469	0.00235	0.00587	0.00411	0.00469	0.00821
42	0.01566	0.10071	0.63656	0.02086	0.03165	0.01871	0.02670	0.02391	0.01596	0.02348	0.01334	0.01568	0.00962	0.00714	0.00700	0.00233	0.01094	0.00547	0.00321	0.01108
43	0.01414	0.00707	0.00707	0.00707	0.00884	0.00707	0.00530	0.01767	0.01591	0.02828	0.02474	0.02828	0.01944	0.00884	0.00530	0.00177	0.00353	0.00707	0.77554	0.00707
44	0.01019	0.00820	0.00925	0.00955	0.01185	0.00743	0.00749	0.01335	0.04381	0.02230	0.12550	0.09974	0.44278	0.01903	0.00924	0.00275	0.00455	0.13898	0.00719	0.00681
45	0.02833	0.03615	0.02149	0.01954	0.02345	0.70298	0.01466	0.03029	0.02149	0.01856	0.01172	0.01368	0.00977	0.00782	0.00684	0.00195	0.01368	0.00489	0.00391	0.00879
46	0.00930	0.00665	0.00885	0.01052	0.01101	0.00620	0.00705	0.01071	0.01479	0.01979	0.06651	0.70256	0.05099	0.02344	0.00965	0.00305	0.00437	0.02126	0.00709	0.00620
47	0.01521	0.03923	0.69413	0.02162	0.03283	0.01762	0.02802	0.02402	0.01601	0.02402	0.01361	0.01601	0.00961	0.00721	0.00721	0.00240	0.01121	0.00560	0.00320	0.01121
48	0.01451	0.01367	0.02309	0.68702	0.07896	0.01690	0.02116	0.01954	0.01526	0.01961	0.01351	0.02016	0.01019	0.00755	0.00758	0.00252	0.01006	0.00674	0.00339	0.00858
49	0.00924	0.00660	0.00880	0.01056	0.01100	0.00616	0.00704	0.01056	0.01452	0.01936	0.04181	0.72848	0.05017	0.02376	0.00968	0.00308	0.00440	0.02156	0.00704	0.00616
50	0.02028	0.73799	0.03975	0.01298	0.01947	0.03001	0.01298	0.02271	0.01541	0.01785	0.01055	0.01217	0.00973	0.00649	0.00487	0.00162	0.00811	0.00406	0.00324	0.00973
51	0.00924	0.00660	0.00880	0.01056	0.01100	0.00616	0.00704	0.01056	0.01452	0.01936	0.04181	0.72848	0.05017	0.02376	0.00968	0.00308	0.00440	0.02156	0.00704	0.00616
52	0.02840	0.02034	0.02198	0.01693	0.02276	0.02235	0.01390	0.60778	0.03410	0.07608	0.01896	0.01974	0.01372	0.03635	0.00876	0.00247	0.00822	0.00702	0.00756	0.01259
53	0.72576	0.01429	0.01124	0.01000	0.01462	0.01638	0.00822	0.02270	0.01338	0.06027	0.01191	0.01350	0.00909	0.00721	0.00484	0.00232	0.00580	0.00437	0.03573	0.00836
54	0.02833	0.03615	0.02149	0.01954	0.02345	0.70298	0.01466	0.03029	0.02149	0.01856	0.01172	0.01368	0.00977	0.00782	0.00684	0.00195	0.01368	0.00489	0.00391	0.00879
55	0.02681	0.03359	0.02130	0.02022	0.05093	0.62966	0.01469	0.02892	0.02072	0.01877	0.01238	0.01492	0.01045	0.01090	0.05132	0.00262	0.01390	0.00517	0.00391	0.00880
56	0.00927	0.00770	0.00811	0.00800	0.01043	0.00653	0.00600	0.01147	0.01801	0.02220	0.18080	0.07019	0.57801	0.01857	0.00896	0.00253	0.00380	0.01561	0.00727	0.00653
57	0.02068	0.01613	0.01742	0.01521	0.01969	0.01819	0.01196	0.10035	0.52841	0.08523	0.05920	0.02840	0.02400	0.01034	0.00775	0.00252	0.00616	0.00856	0.00787	0.01194
58	0.02839	0.03454	0.02163	0.01932	0.02346	0.62960	0.01463	0.09839	0.02303	0.02172	0.01243	0.01417	0.01011	0.00796	0.00692	0.00199	0.01310	0.00510	0.00431	0.00924
59	0.00928	0.00673	0.00878	0.01031	0.01096	0.00622	0.00695	0.01074	0.01502	0.01991	0.07135	0.65244	0.09714	0.02308	0.00960	0.00301	0.00433	0.02083	0.00710	0.00622
60	0.14477	0.01371	0.01734	0.01513	0.06105	0.01303	0.01147	0.05567	0.04351	0.47677	0.05184	0.02439	0.01882	0.00913	0.00723	0.00235	0.00647	0.00729	0.00816	0.01188
61	0.01715	0.01401	0.01714	0.01233	0.01904	0.01101	0.03281	0.04494	0.01685	0.05617	0.01449	0.01646	0.01165	0.00595	0.00591	0.00128	0.00602	0.00489	0.00481	0.68709
62	0.00924	0.00660	0.00880	0.01056	0.01100	0.00616	0.00704	0.01056	0.01452	0.01936	0.04181	0.72848	0.05017	0.02376	0.00968	0.00308	0.00440	0.02156	0.00704	0.00616
63	0.03171	0.01583	0.01931	0.01489	0.02077	0.01558	0.01227	0.24564	0.05156	0.45071	0.02605	0.02337	0.01698	0.00933	0.00762	0.00233	0.00707	0.00740	0.00872	0.01287
64	0.02784	0.02070	0.02222	0.01709	0.02312	0.02273	0.01407	0.60690	0.06040	0.04611	0.01851	0.01851	0.01324	0.00900	0.00750	0.00224	0.00813	0.00679	0.00745	0.04745
65	0.00924	0.00660	0.00880	0.01056	0.01100	0.00616	0.00704	0.01056	0.01452	0.01936	0.04181	0.72848	0.05017	0.02376	0.00968	0.00308	0.00440	0.02156	0.00704	0.00616
66	0.01461	0.01377	0.02326	0.67253	0.09269	0.01693	0.02121	0.01963	0.01530	0.01972	0.01353	0.02013	0.01023	0.00753	0.00758	0.00251	0.01004	0.00674	0.00339	0.00866
67	0.01041	0.00818	0.01174	0.12586	0.01813	0.00869	0.00977	0.01235	0.01449	0.01931	0.03573	0.58037	0.04179	0.02064	0.01004	0.00300	0.03813	0.01846	0.00627	0.00663
68	0.00924	0.00660	0.00880	0.01056	0.01100	0.00616	0.00704	0.01056	0.01452	0.01936	0.04181	0.72848	0.05017	0.02376	0.00968	0.00308	0.00440	0.02156	0.00704	0.00616
69	0.01986	0.01492	0.01754	0.01470	0.01858	0.01580	0.03835	0.34716	0.02615	0.03498	0.07594	0.22240	0.07055	0.03501	0.00930	0.00268	0.00678	0.01220	0.00721	0.00985
70	0.01148	0.00836	0.01060	0.00982	0.01184	0.00786	0.00743	0.04333	0.02193	0.03078	0.62649	0.05562	0.09487	0.01538	0.00889	0.00239	0.00380	0.01350	0.00826	0.00738
71	0.00924	0.00660	0.00880	0.01056	0.01100	0.00616	0.00704	0.01056	0.01452	0.01936	0.04181	0.72848	0.05017	0.02376	0.00968	0.00308	0.00440	0.02156	0.00704	0.00616
72	0.02776	0.03435	0.02094	0.01893	0.02284	0.64743	0.01425	0.05408	0.02181	0.02010	0.01252	0.01447	0.01030	0.00791	0.00680	0.00196	0.01305	0.00505	0.03658	0.00888
73	0.00942	0.00674	0.00896	0.01044	0.01104	0.00628	0.00705	0.01101	0.01535	0.02069	0.11843	0.64808	0.05273	0.02278	0.00959	0.00300	0.00430	0.02062	0.00720	0.00628
74	0.02818	0.02062	0.02207	0.01699	0.02287	0.02280	0.01401	0.63241	0.03479	0.04694	0.01850	0.01866	0.01319	0.00909	0.00749	0.00225	0.00813	0.00684	0.04152	0.01264
75	0.03323	0.01464	0.01834	0.01416	0.01999	0.03443	0.01165	0.11162	0.02338	0.59294	0.02795	0.02452	0.01779	0.00930	0.00760	0.00233	0.00691	0.00745	0.00900	0.01278
76	0.02833	0.03615	0.02149	0.01954	0.02345	0.70298	0.01466	0.03029	0.02149	0.01856	0.01172	0.01368	0.00977	0.00782	0.00684	0.00195	0.01368	0.00489	0.00391	0.00879
77	0.01471	0.01387	0.02344	0.65761	0.10684	0.01695	0.02126	0.01972	0.01535	0.01984	0.01355	0.02010	0.01028	0.00751	0.00758	0.00250	0.01002	0.00674	0.00340	0.00874
78	0.00908	0.00769	0.00784	0.00780	0.01031	0.00645	0.00585	0.01110	0.01755	0.02112	0.11536	0.07196	0.64412	0.01897	0.00896	0.00255	0.00383	0.01586	0.00713	0.00645
79	0.02731	0.02005	0.02158	0.01694	0.02269	0.02221	0.01387	0.52775	0.14592	0.07088	0.02089	0.02027	0.01492	0.00932	0.00761	0.00233	0.00786	0.00717	0.00768	0.01274
80	0.02840	0.03427	0.02165	0.01928	0.02346	0.61733	0.01463	0.10977	0.02328	0.02225	0.01254	0.01425	0.01016	0.00798	0.00693	0.00199	0.01301	0.00513	0.00437	0.00931
81	0.00943	0.00694	0.00867	0.00981	0.01072	0.00636	0.00666	0.01096	0.01538	0.02019	0.10012	0.51006	0.16579	0.06754	0.01134	0.00320	0.00442	0.01923	0.00699	0.00619
82	0.01559	0.09110	0.64556	0.02098	0.03184	0.01854	0.02691	0.02392	0.01597	0.02356	0.01338	0.01573	0.00962	0.00715	0.00703	0.00234	0.01098	0.00549	0.00321	0.01110
83	0.01784	0.04449	0.01717	0.01173	0.01837	0.01157	0.00954	0.04641	0.01697	0.07616	0.01480	0.01645	0.01181	0.00608	0.00582	0.00128	0.00590	0.00481	0.00494	0.65785
84	0.00917	0.00688	0.00851	0.00981	0.01080	0.00622	0.00671	0.01065	0.01525	0.01966	0.05097	0.55696	0.21577	0.02257	0.00949	0.00294	0.00425	0.02011	0.00704	0.00622
85	0.04684	0.01430	0.01970	0.34306	0.03396	0.01677	0.01590	0.14528	0.01943	0.08060	0.01697	0.02088	0.01261	0.00862	0.00846	0.00241	0.06207	0.00677	0.11591	0.00944
86	0.05570	0.02122	0.02062	0.01673	0.02193	0.10081	0.01345	0.44864	0.10616	0.04017	0.02014	0.06396	0.01593	0.00995	0.00754	0.00233	0.00835	0.00764	0.00703	0.01171
87	0.01414	0.00707	0.00707	0.00707	0.00884	0.00707	0.00530	0.01767	0.01591	0.02828	0.02474	0.02828	0.01944	0.00884	0.00530	0.00177	0.00353	0.00707	0.77554	0.00707
88	0.01718	0.31041	0.44018	0.01827	0.02764	0.02243	0.02219	0.02351	0.01578	0.02162	0.01242	0.01452	0.00966	0.00693	0.00630	0.00210	0.01001	0.00500	0.00322	0.01064
89	0.08426	0.02436	0.02093	0.01708	0.02229	0.21670	0.01366	0.39567	0.02893	0.05718	0.01633	0.01700	0.01203	0.00858	0.00709	0.00218	0.00949	0.00610	0.02892	0.01121
90	0.00923	0.00664	0.00876	0.01045	0.01097	0.00617	0.00699	0.01057	0.01463	0.01941	0.04321	0.70227	0.07547	0.02358	0.00965	0.00306	0.00438	0.02134	0.00704	0.00617
91	0.01795	0.02027	0.04350	0.03122	0.03873	0.01917	0.62912	0.02503	0.04771	0.02464	0.01605	0.02082	0.01204	0.00657	0.00890	0.00256	0.01248	0.00893	0.00401	0.01031
92	0.02781	0.02843	0.02168	0.01836	0.02319	0.36797	0.01435	0.29270	0.07787	0.03172	0.01590	0.01669	0.01211	0.00854	0.00722	0.00214	0.01087	0.00598	0.00573	0.01075
93	0.00924	0.00660	0.00880	0.01056	0.01100	0.00616	0.00704	0.01056	0.01452	0.01936	0.04181	0.72848	0.05017	0.02376	0.00968	0.00308	0.00440	0.02156	0.00704	0.00616
94	0.02833	0.03615	0.02149	0.01954	0.02345	0.70298	0.01466	0.03029	0.02149	0.01856	0.01172	0.01368	0.00977	0.00782	0.00684	0.00195	0.01368	0.00489	0.00391	0.00879
95	0.01026	0.00743	0.00971	0.00996	0.01136	0.00688	0.00726	0.01306	0.01898	0.02627	0.43349	0.26870	0.08746	0.01844	0.00924	0.00265	0.00398	0.04023	0.00784	0.00681
96	0.03403	0.01291	0.01760	0.01350	0.01936	0.01115	0.01115	0.03697	0.02171	0.69137	0.02992	0.02582	0.01878	0.00939	0.00763	0.00235	0.00645	0.00763	0.00939	0.01291
97	0.78701	0.01467	0.01115	0.00997	0.01467	0.01702	0.00821	0.02230	0.01291	0.03403	0.01056	0.01232	0.00821	0.00704	0.00469	0.00235	0.00587	0.00411	0.00469	0.00821
98	0.02833	0.03615	0.02149	0.01954	0.02345	0.70298	0.01466	0.03029	0.02149	0.01856	0.01172	0.01368	0.00977	0.00782	0.00684	0.00195	0.01368	0.00489	0.00391	0.00879
99	0.01005	0.00816	0.00907	0.00953	0.01117	0.02753	0.00682	0.01212	0.01733	0.02224	0.19790	0.31144	0.28976	0.01973	0.00916	0.00270	0.00429	0.01722	0.00724	0.00655
100	0.00909	0.00769	0.00786	0.00782	0.01032	0.00646	0.00586	0.01113	0.01759	0.02120	0.12006	0.07183	0.63938	0.01895	0.00896	0.00255	0.00382	0.01584	0.00714	0.00646
101	0.02732	0.02102	0.02191	0.01684	0.02289	0.05202	0.01381	0.56011	0.03277	0.04389	0.01739	0.01773	0.01257	0.00865	0.00733	0.00213	0.00827	0.00648	0.00707	0.09978
102	0.02883	0.02125	0.02276	0.01745	0.02352	0.02352	0.01442	0.66082	0.03566	0.04780	0.01821	0.01821	0.01290	0.00911	0.00759	0.00228	0.00835	0.00683	0.00759	0.01290
103	0.01183	0.00977	0.01037	0.00988	0.01249	0.00965	0.00734	0.01853	0.17769	0.02384	0.13433	0.05751	0.37528	0.09371	0.01186	0.00306	0.00472	0.01337	0.00711	0.00767
104	0.01703	0.28936	0.45989	0.01853	0.02805	0.02205	0.02264	0.02355	0.01580	0.02181	0.01251	0.01464	0.00965	0.00695	0.00637	0.00212	0.01010	0.00505	0.00322	0.01068
105	0.08209	0.02879	0.02050	0.01781	0.02203	0.42592	0.01381	0.18247	0.02364	0.02723	0.01372	0.01546	0.01086	0.00837	0.00762	0.00212	0.04351	0.00548	0.03893	0.00965
106	0.00929	0.00674	0.00877	0.01028	0.01095	0.00623	0.00694	0.01076	0.01507	0.01996	0.07406	0.64362	0.10333	0.02301	0.00959	0.00301	0.00432	0.02075	0.00710	0.00623
107	0.01564	0.01546	0.02339	0.01977	0.02073	0.02023	0.08324	0.01786	0.01257	0.01893	0.01404	0.07704	0.01421	0.01709	0.07905	0.00397	0.52661	0.00824	0.00374	0.00820
108	0.01918	0.00939	0.01041	0.00918	0.01209	0.00925	0.00719	0.07621	0.01870	0.15615	0.02517	0.02695	0.01876	0.00896	0.00594	0.00192	0.00450	0.00716	0.56420	0.00868
109	0.00924	0.00660	0.00880	0.01056	0.01100	0.00616	0.00704	0.01056	0.01452	0.01936	0.04181	0.72848	0.05017	0.02376	0.00968	0.00308	0.00440	0.02156	0.00704	0.00616
110	0.01632	0.01640	0.03131	0.05847	0.23294	0.01586	0.28164	0.02141	0.01845	0.02571	0.17393	0.02856	0.02593	0.00873	0.00845	0.00242	0.00932	0.00932	0.00487	0.00998
111	0.02612	0.01962	0.02113	0.01657	0.02224	0.02148	0.01352	0.52646	0.10422	0.04345	0.02033	0.04912	0.01551	0.00965	0.00757	0.00227	0.00776	0.00751	0.00740	0.05807
112	0.00924	0.00660	0.00880	0.01056	0.01100	0.00616	0.00704	0.01056	0.01452	0.01936	0.04181	0.72848	0.05017	0.02376	0.00968	0.00308	0.00440	0.02156	0.00704	0.00616
113	0.01516	0.01434	0.02427	0.58913	0.17176	0.01707	0.02148	0.02011	0.01556	0.02040	0.01363	0.01995	0.01047	0.00743	0.00757	0.00248	0.00990	0.00674	0.00344	0.00910
114	0.01857	0.01782	0.03043	0.07672	0.65752	0.01797	0.02318	0.02310	0.01718	0.02454	0.01423	0.01884	0.01193	0.00680	0.00751	0.00227	0.00906	0.00676	0.00374	0.01185
115	0.00924	0.00660	0.00880	0.01056	0.01100	0.00616	0.00704	0.01056	0.01452	0.01936	0.04181	0.72848	0.05017	0.02376	0.00968	0.00308	0.00440	0.02156	0.00704	0.00616
116	0.01521	0.03923	0.69413	0.02162	0.03283	0.01762	0.02802	0.02402	0.01601	0.02402	0.01361	0.01601	0.00961	0.00721	0.00721	0.00240	0.01121	0.00560	0.00320	0.01121
117	0.02855	0.02967	0.02205	0.01863	0.02348	0.40738	0.01455	0.30460	0.02766	0.03128	0.01455	0.01565	0.01113	0.00838	0.00716	0.00209	0.01136	0.00573	0.00551	0.01058
118	0.00917	0.00760	0.00779	0.00787	0.01009	0.00648	0.00571	0.01088	0.01657	0.01989	0.07025	0.10087	0.59238	0.08658	0.01178	0.00304	0.00420	0.01579	0.00681	0.00622
119	0.01432	0.01348	0.02275	0.71520	0.05224	0.01685	0.02107	0.01938	0.01517	0.01938	0.01348	0.02022	0.01011	0.00758	0.00758	0.00253	0.01011	0.00674	0.00337	0.00843
120	0.00943	0.00668	0.00875	0.01032	0.01072	0.00628	0.00679	0.01061	0.01416	0.01888	0.03994	0.65787	0.04782	0.09758	0.01269	0.00352	0.00471	0.02047	0.00679	0.00600
121	0.01891	0.01854	0.02982	0.09062	0.61300	0.04914	0.02274	0.02333	0.01732	0.02413	0.01410	0.01864	0.01178	0.00686	0.00748	0.00226	0.00930	0.00667	0.00374	0.01162
122	0.02028	0.73799	0.03975	0.01298	0.01947	0.03001	0.01298	0.02271	0.01541	0.01785	0.01055	0.01217	0.00973	0.00649	0.00487	0.00162	0.00811	0.00406	0.00324	0.00973
123	0.02710	0.03433	0.02061	0.01878	0.02261	0.65853	0.01409	0.02905	0.02123	0.01869	0.01588	0.01746	0.05274	0.00854	0.00697	0.00199	0.01305	0.00560	0.00411	0.00864
124	0.01950	0.01661	0.01751	0.01556	0.01997	0.01916	0.01216	0.07991	0.63178	0.03276	0.03006	0.02766	0.02250	0.01022	0.00771	0.00255	0.00615	0.00846	0.00771	0.01206
125	0.01128	0.00840	0.01231	0.01217	0.01350	0.00988	0.00950	0.01400	0.01240	0.01832	0.02018	0.02917	0.01863	0.05207	0.63151	0.01117	0.04740	0.00800	0.05327	0.00685
126	0.02769	0.09243	0.02296	0.01901	0.02313	0.64902	0.01452	0.02968	0.02101	0.01851	0.01163	0.01356	0.00977	0.00771	0.00668	0.00193	0.01323	0.00482	0.00385	0.00887
127	0.01106	0.00841	0.01242	0.01230	0.01354	0.00989	0.00952	0.01361	0.01212	0.01750	0.02010	0.03020	0.01902	0.08579	0.64827	0.01164	0.04562	0.00820	0.00406	0.00673
128	0.02293	0.01831	0.01944	0.01626	0.02127	0.02077	0.01299	0.29347	0.41263	0.03829	0.02571	0.02418	0.01897	0.00981	0.00766	0.00245	0.00696	0.00786	0.00766	0.01237
129	0.02833	0.03615	0.02149	0.01954	0.02345	0.70298	0.01466	0.03029	0.02149	0.01856	0.01172	0.01368	0.00977	0.00782	0.00684	0.00195	0.01368	0.00489	0.00391	0.00879
130	0.01626	0.01379	0.01601	0.01149	0.01820	0.01065	0.00921	0.04494	0.01653	0.02565	0.01367	0.01583	0.01130	0.00576	0.00570	0.00117	0.00573	0.00459	0.00462	0.74892
131	0.01163	0.00795	0.01043	0.00970	0.01164	0.00731	0.00731	0.01519	0.02148	0.05592	0.65695	0.05547	0.06953	0.01527	0.00890	0.00238	0.00369	0.01348	0.00839	0.00738

[dist]
# distance from previous block
# <min> <max>
0	2

[block]
# block no. 1 follows, 26 sequences, length 44
# corresponding to MSA columns:
# 194-237
name=unknown_B
#
# <colnr> <probs for GDERKNQSTAVLIFYWHMCP>
#	G	D	E	R	K	N	Q	S	T	A	V	L	I	F	Y	W	H	M	C	P
0	0.01400	0.00710	0.00720	0.00717	0.00894	0.00707	0.00538	0.01754	0.01613	0.02837	0.05169	0.02944	0.02158	0.00911	0.00545	0.00179	0.00354	0.00734	0.74409	0.00707
1	0.01641	0.01561	0.02653	0.40111	0.35000	0.01740	0.02210	0.02121	0.01616	0.02192	0.01385	0.01954	0.01101	0.00720	0.00755	0.00240	0.00959	0.00675	0.00355	0.01011
2	0.02840	0.03405	0.02167	0.01925	0.02346	0.60704	0.01462	0.11932	0.02350	0.02269	0.01264	0.01432	0.01021	0.00800	0.00694	0.00200	0.01293	0.00516	0.00443	0.00937
3	0.02610	0.01684	0.01908	0.01521	0.02059	0.01772	0.01234	0.29574	0.17169	0.20118	0.06644	0.02469	0.02033	0.00968	0.00762	0.00231	0.00692	0.00774	0.00796	0.04982
4	0.02693	0.01843	0.02042	0.01597	0.02151	0.01975	0.01304	0.47535	0.05628	0.12680	0.05513	0.05112	0.01856	0.01001	0.00769	0.00230	0.00751	0.00789	0.00774	0.03755
5	0.01084	0.00813	0.01219	0.01219	0.01354	0.00948	0.00948	0.01354	0.01219	0.01761	0.02032	0.02980	0.01896	0.05689	0.70337	0.01219	0.02032	0.00813	0.00406	0.00677
6	0.01432	0.01348	0.02275	0.71520	0.05224	0.01685	0.02107	0.01938	0.01517	0.01938	0.01348	0.02022	0.01011	0.00758	0.00758	0.00253	0.01011	0.00674	0.00337	0.00843
7	0.05231	0.02421	0.01910	0.01647	0.02116	0.31716	0.01278	0.05596	0.15791	0.17993	0.02026	0.01979	0.01481	0.00861	0.00710	0.00216	0.00954	0.00632	0.00617	0.04824
8	0.01124	0.00882	0.00988	0.00954	0.01195	0.00832	0.00720	0.01505	0.07305	0.04582	0.16371	0.12235	0.42422	0.01772	0.00944	0.00260	0.02966	0.01489	0.00726	0.00727
9	0.00990	0.00752	0.00911	0.00914	0.01093	0.00674	0.00669	0.01254	0.01888	0.02525	0.37306	0.18393	0.26236	0.01819	0.00909	0.00257	0.00381	0.01587	0.00770	0.00674
10	0.00924	0.00660	0.00880	0.01056	0.01100	0.00616	0.00704	0.01056	0.01452	0.01936	0.04181	0.72848	0.05017	0.02376	0.00968	0.00308	0.00440	0.02156	0.00704	0.00616
11	0.01521	0.03923	0.69413	0.02162	0.03283	0.01762	0.02802	0.02402	0.01601	0.02402	0.01361	0.01601	0.00961	0.00721	0.00721	0.00240	0.01121	0.00560	0.00320	0.01121
12	0.01193	0.00864	0.01181	0.01340	0.01522	0.00852	0.01164	0.01528	0.01745	0.02250	0.04348	0.08442	0.10159	0.02080	0.01034	0.00341	0.00670	0.57896	0.00699	0.00693
13	0.01103	0.00735	0.00827	0.00827	0.00827	0.00735	0.00460	0.01103	0.01103	0.01471	0.02390	0.04964	0.02758	0.73343	0.03861	0.00735	0.00735	0.01103	0.00460	0.00460
14	0.01585	0.01386	0.01731	0.01236	0.01915	0.01060	0.04432	0.01938	0.01585	0.02469	0.01358	0.01599	0.01125	0.00566	0.00580	0.00120	0.00601	0.00474	0.00446	0.73794
15	0.02671	0.03269	0.02101	0.01897	0.02275	0.58703	0.01438	0.05103	0.06332	0.02035	0.01340	0.01542	0.01105	0.00986	0.03085	0.00240	0.04009	0.00536	0.00426	0.00905
16	0.00941	0.00762	0.00844	0.00897	0.01105	0.00664	0.00678	0.01141	0.01681	0.02056	0.06606	0.19280	0.49109	0.02024	0.00928	0.00277	0.00432	0.09229	0.00704	0.00643
17	0.01839	0.01764	0.03010	0.10355	0.63208	0.01792	0.02309	0.02295	0.01709	0.02432	0.01420	0.01890	0.01185	0.00683	0.00752	0.00228	0.00910	0.00676	0.00372	0.01171
18	0.01115	0.00819	0.01050	0.00985	0.01176	0.00776	0.00741	0.01565	0.05491	0.03048	0.64866	0.05520	0.06908	0.01524	0.00888	0.00240	0.00370	0.01345	0.00832	0.00741
19	0.00934	0.00664	0.00877	0.01044	0.01085	0.00623	0.00691	0.01059	0.01433	0.01911	0.04083	0.69155	0.04894	0.06237	0.01125	0.00331	0.00456	0.02099	0.00691	0.00608
20	0.02028	0.73799	0.03975	0.01298	0.01947	0.03001	0.01298	0.02271	0.01541	0.01785	0.01055	0.01217	0.00973	0.00649	0.00487	0.00162	0.00811	0.00406	0.00324	0.00973
21	0.78701	0.01467	0.01115	0.00997	0.01467	0.01702	0.00821	0.02230	0.01291	0.03403	0.01056	0.01232	0.00821	0.00704	0.00469	0.00235	0.00587	0.00411	0.00469	0.00821
22	0.01521	0.03923	0.69413	0.02162	0.03283	0.01762	0.02802	0.02402	0.01601	0.02402	0.01361	0.01601	0.00961	0.00721	0.00721	0.00240	0.01121	0.00560	0.00320	0.01121
23	0.01432	0.01348	0.02275	0.71520	0.05224	0.01685	0.02107	0.01938	0.01517	0.01938	0.01348	0.02022	0.01011	0.00758	0.00758	0.00253	0.01011	0.00674	0.00337	0.00843
24	0.01063	0.00767	0.01004	0.00961	0.01131	0.00709	0.00715	0.01405	0.02098	0.02963	0.63678	0.10422	0.07005	0.01609	0.00900	0.00243	0.00364	0.01427	0.00826	0.00709
25	0.01358	0.00838	0.01105	0.01003	0.01231	0.00764	0.00764	0.01708	0.02150	0.11116	0.60244	0.05289	0.06512	0.01476	0.00879	0.00238	0.00393	0.01297	0.00848	0.00786
26	0.78701	0.01467	0.01115	0.00997	0.01467	0.01702	0.00821	0.02230	0.01291	0.03403	0.01056	0.01232	0.00821	0.00704	0.00469	0.00235	0.00587	0.00411	0.00469	0.00821
27	0.01432	0.01348	0.02275	0.71520	0.05224	0.01685	0.02107	0.01938	0.01517	0.01938	0.01348	0.02022	0.01011	0.00758	0.00758	0.00253	0.01011	0.00674	0.00337	0.00843
28	0.78701	0.01467	0.01115	0.00997	0.01467	0.01702	0.00821	0.02230	0.01291	0.03403	0.01056	0.01232	0.00821	0.00704	0.00469	0.00235	0.00587	0.00411	0.00469	0.00821
29	0.02883	0.02125	0.02276	0.01745	0.02352	0.02352	0.01442	0.66082	0.03566	0.04780	0.01821	0.01821	0.01290	0.00911	0.00759	0.00228	0.00835	0.00683	0.00759	0.01290
30	0.01973	0.66158	0.11131	0.01392	0.02093	0.02866	0.01462	0.02286	0.01548	0.01852	0.01088	0.01259	0.00972	0.00657	0.00512	0.00171	0.00845	0.00423	0.00324	0.00990
31	0.00924	0.00660	0.00880	0.01056	0.01100	0.00616	0.00704	0.01056	0.01452	0.01936	0.04181	0.72848	0.05017	0.02376	0.00968	0.00308	0.00440	0.02156	0.00704	0.00616
32	0.01084	0.00813	0.01219	0.01219	0.01354	0.00948	0.00948	0.01354	0.01219	0.01761	0.02032	0.02980	0.01896	0.05689	0.70337	0.01219	0.02032	0.00813	0.00406	0.00677
33	0.01794	0.02035	0.04411	0.03265	0.06970	0.01913	0.62903	0.02425	0.01787	0.02432	0.01530	0.02038	0.01153	0.00641	0.00888	0.00254	0.01261	0.00885	0.00383	0.01031
34	0.00924	0.00660	0.00880	0.01056	0.01100	0.00616	0.00704	0.01056	0.01452	0.01936	0.04181	0.72848	0.05017	0.02376	0.00968	0.00308	0.00440	0.02156	0.00704	0.00616
35	0.01414	0.00707	0.00707	0.00707	0.00884	0.00707	0.00530	0.01767	0.01591	0.02828	0.02474	0.02828	0.01944	0.00884	0.00530	0.00177	0.00353	0.00707	0.77554	0.00707
36	0.01846	0.01770	0.03022	0.09389	0.64124	0.01794	0.02312	0.02300	0.01712	0.02440	0.01421	0.01888	0.01188	0.00682	0.00751	0.00227	0.00909	0.00676	0.00373	0.01176
37	0.02028	0.73799	0.03975	0.01298	0.01947	0.03001	0.01298	0.02271	0.01541	0.01785	0.01055	0.01217	0.00973	0.00649	0.00487	0.00162	0.00811	0.00406	0.00324	0.00973
38	0.00896	0.00768	0.00768	0.00768	0.01025	0.00640	0.00576	0.01089	0.01729	0.02049	0.07684	0.07300	0.68304	0.01921	0.00896	0.00256	0.00384	0.01601	0.00704	0.00640
39	0.02028	0.73799	0.03975	0.01298	0.01947	0.03001	0.01298	0.02271	0.01541	0.01785	0.01055	0.01217	0.00973	0.00649	0.00487	0.00162	0.00811	0.00406	0.00324	0.00973
40	0.01883	0.53815	0.22690	0.01545	0.02329	0.02647	0.01728	0.02309	0.01558	0.01961	0.01142	0.01327	0.00970	0.00669	0.00554	0.00185	0.00900	0.00450	0.00323	0.01016
41	0.01938	0.01629	0.01717	0.01514	0.01952	0.01856	0.01186	0.11254	0.55100	0.03288	0.03253	0.03018	0.06746	0.01076	0.00779	0.00254	0.00613	0.00888	0.00766	0.01173
42	0.00898	0.00761	0.00776	0.00789	0.01030	0.00639	0.00585	0.01086	0.01709	0.02041	0.07436	0.11940	0.63823	0.01953	0.00902	0.00260	0.00388	0.01640	0.00704	0.00639
43	0.01859	0.01784	0.03047	0.07333	0.66074	0.01798	0.02319	0.02312	0.01719	0.02456	0.01424	0.01883	0.01194	0.00679	0.00751	0.00226	0.00906	0.00676	0.00374	0.01187

[dist]
# distance from previous block
# <min> <max>
0	1

[block]
# block no. 2 follows, 26 sequences, length 76
# corresponding to MSA columns:
# 239-314
name=unknown_C
#
# <colnr> <probs for GDERKNQSTAVLIFYWHMCP>
#	G	D	E	R	K	N	Q	S	T	A	V	L	I	F	Y	W	H	M	C	P
0	0.75636	0.01493	0.01162	0.01028	0.01503	0.01728	0.00847	0.04811	0.01383	0.03459	0.01087	0.01256	0.00840	0.00712	0.00481	0.00234	0.00597	0.00422	0.00481	0.00840
1	0.01429	0.01060	0.01239	0.01201	0.01449	0.01068	0.00945	0.14944	0.02038	0.02657	0.06891	0.18054	0.18508	0.07506	0.01155	0.00321	0.00598	0.17461	0.00700	0.00777
2	0.01084	0.00813	0.01219	0.01219	0.01354	0.00948	0.00948	0.01354	0.01219	0.01761	0.02032	0.02980	0.01896	0.05689	0.70337	0.01219	0.02032	0.00813	0.00406	0.00677
3	0.01787	0.01710	0.02916	0.18165	0.55804	0.01779	0.02283	0.02249	0.01685	0.02369	0.01411	0.01907	0.01163	0.00692	0.00752	0.00231	0.00923	0.00675	0.00368	0.01129
4	0.02833	0.03615	0.02149	0.01954	0.02345	0.70298	0.01466	0.03029	0.02149	0.01856	0.01172	0.01368	0.00977	0.00782	0.00684	0.00195	0.01368	0.00489	0.00391	0.00879
5	0.78701	0.01467	0.01115	0.00997	0.01467	0.01702	0.00821	0.02230	0.01291	0.03403	0.01056	0.01232	0.00821	0.00704	0.00469	0.00235	0.00587	0.00411	0.00469	0.00821
6	0.01751	0.01919	0.03946	0.02819	0.03569	0.01753	0.54007	0.02335	0.01751	0.02437	0.01501	0.01960	0.01146	0.00625	0.00834	0.00230	0.01148	0.00814	0.00396	0.15062
7	0.00928	0.00670	0.00880	0.01038	0.01098	0.00621	0.00698	0.01072	0.01491	0.01983	0.06716	0.67165	0.08188	0.02324	0.00962	0.00303	0.00434	0.02100	0.00709	0.00621
8	0.01274	0.01036	0.01233	0.01012	0.01426	0.00838	0.00781	0.01587	0.01784	0.02577	0.25086	0.07478	0.12887	0.01184	0.00743	0.00186	0.00461	0.01014	0.00630	0.36783
9	0.01521	0.03923	0.69413	0.02162	0.03283	0.01762	0.02802	0.02402	0.01601	0.02402	0.01361	0.01601	0.00961	0.00721	0.00721	0.00240	0.01121	0.00560	0.00320	0.01121
10	0.01360	0.01228	0.01729	0.07377	0.01897	0.01555	0.01302	0.01592	0.01463	0.02109	0.14741	0.17324	0.03136	0.01567	0.01671	0.00303	0.34881	0.03484	0.00519	0.00760
11	0.01760	0.01545	0.01782	0.04986	0.02107	0.04642	0.03284	0.09156	0.06001	0.02680	0.01679	0.05986	0.01439	0.00763	0.00649	0.00162	0.00674	0.00632	0.00508	0.49562
12	0.05300	0.59403	0.10237	0.01412	0.02084	0.07013	0.01437	0.02330	0.01574	0.01919	0.01092	0.01265	0.00966	0.00667	0.00521	0.00175	0.00867	0.00426	0.00334	0.00976
13	0.01457	0.00792	0.00800	0.00784	0.00984	0.00815	0.00592	0.01976	0.07630	0.02860	0.02531	0.02828	0.01978	0.00897	0.00552	0.00184	0.00376	0.00721	0.70491	0.00752
14	0.01903	0.01997	0.06484	0.04400	0.62134	0.04985	0.02312	0.02364	0.01740	0.02445	0.01412	0.01839	0.01179	0.00683	0.00746	0.00225	0.00934	0.00661	0.00373	0.01182
15	0.01573	0.01348	0.01573	0.01123	0.01798	0.01011	0.00899	0.01910	0.01573	0.02472	0.01348	0.01573	0.01123	0.00562	0.00562	0.00112	0.00562	0.00449	0.00449	0.77980
16	0.01318	0.00659	0.00988	0.00988	0.00988	0.00659	0.00659	0.00988	0.00988	0.01318	0.01318	0.02306	0.01318	0.02635	0.02964	0.77931	0.00659	0.00659	0.00329	0.00329
17	0.01062	0.00775	0.00997	0.00942	0.01126	0.00711	0.00706	0.01408	0.02119	0.02975	0.64122	0.05776	0.11288	0.01576	0.00895	0.00240	0.00360	0.01387	0.00826	0.00711
18	0.01676	0.23419	0.47897	0.01970	0.02942	0.02117	0.05461	0.02367	0.01594	0.02230	0.01284	0.01515	0.00974	0.00697	0.00664	0.00219	0.01042	0.00533	0.00325	0.01075
19	0.02047	0.62002	0.09646	0.01427	0.02097	0.08249	0.01445	0.02343	0.01595	0.01845	0.01091	0.01263	0.00973	0.00666	0.00523	0.00172	0.00883	0.00426	0.00329	0.00979
20	0.36334	0.05070	0.01760	0.01407	0.01905	0.12341	0.01141	0.19481	0.08449	0.03443	0.01474	0.01564	0.01121	0.00800	0.00609	0.00226	0.00782	0.00538	0.00558	0.00998
21	0.01093	0.00774	0.01025	0.01025	0.01094	0.00843	0.00707	0.01230	0.01162	0.01617	0.02209	0.03960	0.02322	0.39131	0.37477	0.00980	0.01391	0.00956	0.00433	0.00570
22	0.01305	0.00697	0.01013	0.01000	0.01040	0.00675	0.00675	0.01043	0.01052	0.01423	0.01513	0.07032	0.01557	0.02504	0.02698	0.68417	0.00639	0.00748	0.00361	0.04609
23	0.01604	0.15263	0.58793	0.02022	0.03066	0.01963	0.02558	0.02381	0.01592	0.02302	0.01311	0.01539	0.00963	0.00709	0.00683	0.00228	0.01071	0.00535	0.00321	0.01097
24	0.00899	0.00759	0.00778	0.00794	0.01031	0.00638	0.00588	0.01086	0.01704	0.02039	0.07367	0.13226	0.62582	0.01962	0.00903	0.00261	0.00389	0.01651	0.00704	0.00638
25	0.01856	0.01781	0.03041	0.07820	0.65612	0.01797	0.02317	0.02309	0.01717	0.02452	0.01423	0.01884	0.01192	0.00680	0.00751	0.00227	0.00906	0.00676	0.00374	0.01184
26	0.01488	0.01382	0.02185	0.56856	0.07755	0.01674	0.01945	0.02179	0.09582	0.02120	0.01818	0.02325	0.03872	0.00834	0.00765	0.00252	0.00930	0.00734	0.00407	0.00896
27	0.02883	0.02125	0.02276	0.01745	0.02352	0.02352	0.01442	0.66082	0.03566	0.04780	0.01821	0.01821	0.01290	0.00911	0.00759	0.00228	0.00835	0.00683	0.00759	0.01290
28	0.02837	0.03514	0.02158	0.01940	0.02345	0.65707	0.01464	0.07289	0.02245	0.02054	0.01216	0.01398	0.00998	0.00790	0.00689	0.00198	0.01332	0.00502	0.00416	0.00907
29	0.02840	0.03419	0.02166	0.01927	0.02346	0.61353	0.01462	0.11330	0.02336	0.02241	0.01258	0.01428	0.01018	0.00799	0.00694	0.00200	0.01298	0.00514	0.00439	0.00933
30	0.03301	0.01314	0.01757	0.01363	0.01939	0.01167	0.01121	0.03719	0.06568	0.64680	0.02999	0.02598	0.01907	0.00945	0.00763	0.00236	0.00642	0.00769	0.00928	0.01285
31	0.00896	0.00768	0.00768	0.00768	0.01025	0.00640	0.00576	0.01089	0.01729	0.02049	0.07684	0.07300	0.68304	0.01921	0.00896	0.00256	0.00384	0.01601	0.00704	0.00640
32	0.00969	0.00767	0.00873	0.00856	0.01072	0.00670	0.00638	0.01226	0.01886	0.02446	0.32053	0.09436	0.40833	0.01790	0.00899	0.00251	0.00376	0.01532	0.00757	0.00670
33	0.01697	0.28105	0.46767	0.01863	0.02821	0.02191	0.02282	0.02357	0.01581	0.02188	0.01255	0.01468	0.00965	0.00696	0.00640	0.00213	0.01014	0.00507	0.00322	0.01070
34	0.01521	0.03923	0.69413	0.02162	0.03283	0.01762	0.02802	0.02402	0.01601	0.02402	0.01361	0.01601	0.00961	0.00721	0.00721	0.00240	0.01121	0.00560	0.00320	0.01121
35	0.03403	0.01291	0.01760	0.01350	0.01936	0.01115	0.01115	0.03697	0.02171	0.69137	0.02992	0.02582	0.01878	0.00939	0.00763	0.00235	0.00645	0.00763	0.00939	0.01291
36	0.01084	0.00810	0.01205	0.01205	0.01336	0.00941	0.00931	0.01346	0.01215	0.01751	0.02044	0.03050	0.01927	0.08078	0.67990	0.01202	0.01986	0.00823	0.00408	0.00670
37	0.01877	0.01802	0.03079	0.04656	0.68612	0.01802	0.02328	0.02328	0.01727	0.02478	0.01427	0.01877	0.01201	0.00676	0.00751	0.00225	0.00901	0.00676	0.00375	0.01201
38	0.01790	0.02046	0.04476	0.03197	0.03964	0.01918	0.65857	0.02430	0.01790	0.02430	0.01535	0.02046	0.01151	0.00639	0.00895	0.00256	0.01279	0.00895	0.00384	0.01023
39	0.01103	0.00735	0.00827	0.00827	0.00827	0.00735	0.00460	0.01103	0.01103	0.01471	0.02390	0.04964	0.02758	0.73343	0.03861	0.00735	0.00735	0.01103	0.00460	0.00460
40	0.02798	0.03198	0.02155	0.01889	0.02328	0.52387	0.01447	0.16598	0.05633	0.02548	0.01405	0.01536	0.01110	0.00821	0.00704	0.00205	0.01216	0.00548	0.00488	0.00983
41	0.02010	0.71373	0.06247	0.01328	0.01993	0.02958	0.01350	0.02276	0.01543	0.01806	0.01065	0.01230	0.00973	0.00651	0.00495	0.00165	0.00822	0.00411	0.00324	0.00979
42	0.01035	0.00774	0.00961	0.00914	0.01110	0.00699	0.00685	0.01357	0.02056	0.02827	0.55094	0.06020	0.20408	0.01631	0.00895	0.00242	0.00364	0.01421	0.00807	0.00699
43	0.00924	0.00660	0.00880	0.01056	0.01100	0.00616	0.00704	0.01056	0.01452	0.01936	0.04181	0.72848	0.05017	0.02376	0.00968	0.00308	0.00440	0.02156	0.00704	0.00616
44	0.01659	0.01659	0.02323	0.01991	0.01991	0.02323	0.01659	0.01825	0.01162	0.01825	0.00996	0.01659	0.00996	0.01328	0.02489	0.00332	0.71955	0.00664	0.00332	0.00830
45	0.01521	0.03923	0.69413	0.02162	0.03283	0.01762	0.02802	0.02402	0.01601	0.02402	0.01361	0.01601	0.00961	0.00721	0.00721	0.00240	0.01121	0.00560	0.00320	0.01121
46	0.01414	0.00707	0.00707	0.00707	0.00884	0.00707	0.00530	0.01767	0.01591	0.02828	0.02474	0.02828	0.01944	0.00884	0.00530	0.00177	0.00353	0.00707	0.77554	0.00707
47	0.01432	0.01348	0.02275	0.71520	0.05224	0.01685	0.02107	0.01938	0.01517	0.01938	0.01348	0.02022	0.01011	0.00758	0.00758	0.00253	0.01011	0.00674	0.00337	0.00843
48	0.00924	0.00660	0.00880	0.01056	0.01100	0.00616	0.00704	0.01056	0.01452	0.01936	0.04181	0.72848	0.05017	0.02376	0.00968	0.00308	0.00440	0.02156	0.00704	0.00616
49	0.00924	0.00660	0.00880	0.01056	0.01100	0.00616	0.00704	0.01056	0.01452	0.01936	0.04181	0.72848	0.05017	0.02376	0.00968	0.00308	0.00440	0.02156	0.00704	0.00616
50	0.02836	0.03526	0.02157	0.01942	0.02345	0.66222	0.01464	0.06811	0.02234	0.02032	0.01211	0.01395	0.00996	0.00789	0.00688	0.00197	0.01336	0.00500	0.00413	0.00904
51	0.02775	0.03265	0.02176	0.05212	0.02482	0.55966	0.01492	0.13264	0.02351	0.02337	0.01287	0.01473	0.01030	0.00802	0.00700	0.00203	0.01264	0.00529	0.00448	0.00945
52	0.01432	0.01348	0.02275	0.71520	0.05224	0.01685	0.02107	0.01938	0.01517	0.01938	0.01348	0.02022	0.01011	0.00758	0.00758	0.00253	0.01011	0.00674	0.00337	0.00843
53	0.03403	0.01291	0.01760	0.01350	0.01936	0.01115	0.01115	0.03697	0.02171	0.69137	0.02992	0.02582	0.01878	0.00939	0.00763	0.00235	0.00645	0.00763	0.00939	0.01291
54	0.06586	0.01497	0.01726	0.01428	0.01937	0.01555	0.01148	0.09451	0.28322	0.31290	0.02963	0.02684	0.03956	0.00990	0.00755	0.00244	0.00634	0.00800	0.00824	0.01210
55	0.01741	0.01642	0.02297	0.01962	0.01989	0.02267	0.01634	0.01912	0.01209	0.04955	0.01089	0.01702	0.01037	0.01310	0.02409	0.00327	0.68639	0.00668	0.00360	0.00851
56	0.01402	0.00838	0.01099	0.01021	0.01247	0.00760	0.00769	0.01712	0.02037	0.12945	0.46917	0.14582	0.08525	0.01587	0.00885	0.00248	0.00414	0.01397	0.00827	0.00787
57	0.00896	0.00768	0.00768	0.00768	0.01025	0.00640	0.00576	0.01089	0.01729	0.02049	0.07684	0.07300	0.68304	0.01921	0.00896	0.00256	0.00384	0.01601	0.00704	0.00640
58	0.07006	0.02070	0.02191	0.01697	0.02289	0.02299	0.01399	0.60232	0.05850	0.04644	0.01827	0.01827	0.01303	0.00904	0.00743	0.00229	0.00812	0.00675	0.00743	0.01261
59	0.01790	0.02046	0.04476	0.03197	0.03964	0.01918	0.65857	0.02430	0.01790	0.02430	0.01535	0.02046	0.01151	0.00639	0.00895	0.00256	0.01279	0.00895	0.00384	0.01023
60	0.02008	0.01829	0.01774	0.01588	0.02020	0.08196	0.01233	0.06066	0.59070	0.03107	0.02868	0.02661	0.02157	0.01002	0.00763	0.00251	0.00679	0.00818	0.00736	0.01174
61	0.01521	0.03923	0.69413	0.02162	0.03283	0.01762	0.02802	0.02402	0.01601	0.02402	0.01361	0.01601	0.00961	0.00721	0.00721	0.00240	0.01121	0.00560	0.00320	0.01121
62	0.01482	0.01399	0.02364	0.64091	0.12267	0.01698	0.02131	0.01981	0.01540	0.01998	0.01357	0.02006	0.01032	0.00749	0.00758	0.00250	0.00999	0.00674	0.00341	0.00882
63	0.02733	0.02106	0.02087	0.01683	0.02226	0.10238	0.01358	0.38660	0.16288	0.11493	0.02138	0.02061	0.01530	0.00923	0.00753	0.00231	0.00829	0.00705	0.00738	0.01223
