[name]
unknown

[dist]
# distance from previous block
# <min> <max>
0	89

[block]
# block no. 0 follows, 26 sequences, length 10
# corresponding to MSA columns:
# 89-98
name=unknown_A
#
# <colnr> <probs for GDERKNQSTAVLIFYWHMCP>
#	G	D	E	R	K	N	Q	S	T	A	V	L	I	F	Y	W	H	M	C	P
0	0.01222	0.00873	0.01222	0.01397	0.01572	0.00873	0.01222	0.01572	0.01746	0.02270	0.04016	0.08556	0.04365	0.02095	0.01048	0.00349	0.00698	0.63506	0.00698	0.00698
1	0.03358	0.01363	0.01805	0.01384	0.01972	0.01222	0.01143	0.09084	0.02291	0.63580	0.02891	0.02516	0.01827	0.00936	0.00762	0.00234	0.00662	0.00756	0.00923	0.01291
2	0.03047	0.01407	0.01777	0.01412	0.01965	0.01346	0.01150	0.06958	0.16383	0.51512	0.02953	0.02597	0.01943	0.00957	0.00765	0.00239	0.00645	0.00779	0.00893	0.01271
3	0.02035	0.01941	0.01783	0.01608	0.02031	0.12617	0.01242	0.03873	0.57032	0.02966	0.02787	0.02601	0.02105	0.00990	0.00758	0.00248	0.00721	0.00800	0.00712	0.01150
4	0.00952	0.00672	0.00872	0.01020	0.01057	0.00635	0.00666	0.01064	0.01397	0.01863	0.03900	0.62201	0.04662	0.13507	0.01422	0.00375	0.00486	0.01991	0.00666	0.00592
5	0.01623	0.00931	0.00961	0.00878	0.01110	0.00967	0.00668	0.11809	0.01867	0.03041	0.02366	0.02817	0.01898	0.05878	0.00795	0.00223	0.00455	0.00730	0.60200	0.00781
6	0.17694	0.01221	0.01370	0.04868	0.01687	0.01285	0.00955	0.11045	0.03994	0.11219	0.25687	0.03430	0.03492	0.05408	0.00926	0.00265	0.00571	0.00914	0.03076	0.00894
7	0.01720	0.01629	0.02684	0.20136	0.46012	0.01718	0.02115	0.02271	0.05578	0.02368	0.01839	0.02256	0.04783	0.00783	0.00762	0.00235	0.00882	0.00735	0.00407	0.01086
8	0.00953	0.00688	0.00856	0.00976	0.01040	0.00641	0.00643	0.01069	0.01426	0.01867	0.04326	0.51720	0.13110	0.15195	0.01483	0.00379	0.00486	0.01891	0.00660	0.00591
9	0.01020	0.00800	0.01198	0.01209	0.01337	0.00745	0.06316	0.01217	0.01553	0.02082	0.10720	0.54194	0.07684	0.04804	0.01060	0.00310	0.00513	0.01901	0.00681	0.00657

[dist]
# distance from previous block
# <min> <max>
2	32

[block]
# block no. 1 follows, 26 sequences, length 43
# corresponding to MSA columns:
# 131-173
name=unknown_B
#
# <colnr> <probs for GDERKNQSTAVLIFYWHMCP>
#	G	D	E	R	K	N	Q	S	T	A	V	L	I	F	Y	W	H	M	C	P
0	0.01767	0.04597	0.03031	0.02337	0.05569	0.01677	0.30135	0.02309	0.05927	0.07367	0.02019	0.11262	0.01790	0.01170	0.03611	0.00291	0.08168	0.00964	0.00489	0.05520
1	0.65268	0.01434	0.01192	0.01046	0.01503	0.01626	0.00856	0.05315	0.01511	0.06404	0.06695	0.01686	0.01412	0.00794	0.00532	0.00235	0.00583	0.00519	0.00535	0.00857
2	0.01324	0.00662	0.00969	0.00969	0.00981	0.00662	0.00650	0.01042	0.01029	0.01421	0.01397	0.02341	0.01361	0.02515	0.02797	0.72596	0.00638	0.00662	0.05629	0.00355
3	0.01110	0.00808	0.01125	0.03145	0.01389	0.00783	0.02988	0.01403	0.05071	0.04229	0.09596	0.56536	0.04719	0.02081	0.00936	0.00294	0.00492	0.01889	0.00706	0.00698
4	0.01573	0.01348	0.01573	0.01123	0.01798	0.01011	0.00899	0.01910	0.01573	0.02472	0.01348	0.01573	0.01123	0.00562	0.00562	0.00112	0.00562	0.00449	0.00449	0.77980
5	0.01068	0.00723	0.00976	0.04074	0.01298	0.00692	0.00768	0.01216	0.01466	0.04938	0.03898	0.62561	0.04568	0.06513	0.01124	0.00328	0.00492	0.01967	0.00684	0.00647
6	0.01850	0.01344	0.01556	0.07468	0.02021	0.01440	0.01128	0.07889	0.28063	0.11739	0.06385	0.03966	0.17349	0.01243	0.00811	0.00254	0.00606	0.03123	0.00740	0.01025
7	0.01760	0.01969	0.04185	0.03108	0.06227	0.01887	0.57825	0.02358	0.01771	0.02426	0.04068	0.02160	0.01376	0.00709	0.00967	0.00258	0.04644	0.00894	0.00398	0.01009
8	0.02584	0.01827	0.01966	0.01545	0.02076	0.01989	0.01264	0.49678	0.05560	0.07442	0.02394	0.02374	0.06011	0.00983	0.00745	0.00226	0.00736	0.00759	0.08660	0.01182
9	0.01066	0.00775	0.01003	0.00946	0.01129	0.00712	0.00710	0.01417	0.02129	0.02999	0.65619	0.05736	0.09776	0.01567	0.00895	0.00239	0.00359	0.01382	0.00829	0.00712
10	0.01432	0.01348	0.02275	0.71520	0.05224	0.01685	0.02107	0.01938	0.01517	0.01938	0.01348	0.02022	0.01011	0.00758	0.00758	0.00253	0.01011	0.00674	0.00337	0.00843
11	0.01635	0.01623	0.02276	0.01958	0.01964	0.02265	0.01629	0.01805	0.01164	0.01823	0.01040	0.01716	0.01034	0.01514	0.05382	0.00370	0.68974	0.00670	0.00335	0.00823
12	0.71042	0.01533	0.01232	0.01073	0.01556	0.01767	0.00884	0.08680	0.01521	0.03542	0.01133	0.01292	0.00869	0.00725	0.00499	0.00234	0.00612	0.00438	0.00499	0.00869
13	0.02751	0.02046	0.02205	0.01682	0.02296	0.02217	0.01387	0.59600	0.03365	0.04547	0.01773	0.01796	0.01273	0.00875	0.00739	0.00216	0.00807	0.00659	0.00728	0.09037
14	0.01877	0.01802	0.03079	0.04656	0.68612	0.01802	0.02328	0.02328	0.01727	0.02478	0.01427	0.01877	0.01201	0.00676	0.00751	0.00225	0.00901	0.00676	0.00375	0.01201
15	0.03372	0.01341	0.01791	0.01373	0.01961	0.01189	0.01134	0.07451	0.02255	0.65264	0.02922	0.02536	0.01842	0.00937	0.00763	0.00234	0.00657	0.00758	0.00928	0.01291
16	0.01074	0.00775	0.01014	0.00954	0.01133	0.00716	0.00716	0.01431	0.02147	0.03042	0.68211	0.05666	0.07157	0.01551	0.00895	0.00239	0.00358	0.01372	0.00835	0.00716
17	0.01887	0.01629	0.01715	0.01544	0.01972	0.01887	0.01201	0.04031	0.67241	0.03173	0.03087	0.02830	0.02315	0.01029	0.00772	0.00257	0.00600	0.00858	0.00772	0.01201
18	0.01432	0.01322	0.02210	0.68606	0.05046	0.01645	0.02042	0.01931	0.01520	0.01975	0.01395	0.02055	0.01050	0.00764	0.00749	0.00250	0.00984	0.00675	0.03515	0.00837
19	0.01659	0.01659	0.02323	0.01991	0.01991	0.02323	0.01659	0.01825	0.01162	0.01825	0.00996	0.01659	0.00996	0.01328	0.02489	0.00332	0.71955	0.00664	0.00332	0.00830
20	0.01535	0.01704	0.09227	0.50393	0.18414	0.01718	0.02224	0.02067	0.01570	0.02099	0.01366	0.01949	0.01046	0.00737	0.00753	0.00246	0.00999	0.00663	0.00343	0.00947
21	0.01762	0.01684	0.02870	0.21992	0.52176	0.01772	0.02270	0.02227	0.01673	0.02338	0.01406	0.01915	0.01152	0.00697	0.00753	0.00232	0.00930	0.00675	0.00365	0.01108
22	0.01671	0.01345	0.01583	0.01136	0.01805	0.01017	0.00910	0.02006	0.01605	0.06040	0.01436	0.01627	0.01164	0.00582	0.00572	0.00119	0.00566	0.00466	0.00476	0.73875
23	0.01102	0.00833	0.01163	0.01180	0.01362	0.00785	0.03363	0.01409	0.01835	0.02468	0.27351	0.19220	0.11825	0.01879	0.00957	0.00289	0.00518	0.21030	0.00737	0.00696
24	0.01651	0.01628	0.02247	0.01904	0.01972	0.02191	0.01583	0.01834	0.01203	0.01891	0.01031	0.01651	0.01009	0.01250	0.02294	0.00310	0.64743	0.00642	0.00344	0.08624
25	0.01012	0.00750	0.00801	0.00801	0.00914	0.00694	0.00511	0.01097	0.01379	0.01725	0.04720	0.05992	0.31610	0.41904	0.02556	0.00524	0.00581	0.01322	0.00567	0.00539
26	0.01024	0.00790	0.01116	0.01163	0.01272	0.00750	0.04711	0.01241	0.03513	0.01965	0.04011	0.55509	0.08247	0.09369	0.01245	0.00343	0.00523	0.01898	0.00662	0.00645
27	0.01839	0.01763	0.03010	0.10393	0.63173	0.01792	0.02309	0.02294	0.01709	0.02432	0.01420	0.01890	0.01185	0.00683	0.00752	0.00228	0.00911	0.00676	0.00372	0.01171
28	0.01799	0.02021	0.04335	0.03344	0.10495	0.01906	0.59439	0.02419	0.01784	0.02435	0.01524	0.02029	0.01156	0.00643	0.00881	0.00253	0.01241	0.00873	0.00383	0.01041
29	0.01877	0.01802	0.03079	0.04656	0.68612	0.01802	0.02328	0.02328	0.01727	0.02478	0.01427	0.01877	0.01201	0.00676	0.00751	0.00225	0.00901	0.00676	0.00375	0.01201
30	0.00939	0.00672	0.00894	0.01046	0.01103	0.00626	0.00705	0.01094	0.01522	0.02048	0.10649	0.66061	0.05233	0.02293	0.00961	0.00301	0.00432	0.02077	0.00717	0.00626
31	0.01025	0.00737	0.00993	0.01163	0.01259	0.00705	0.00877	0.01233	0.01562	0.02054	0.04243	0.48640	0.06939	0.02265	0.00993	0.00320	0.00527	0.23117	0.00702	0.00645
32	0.03372	0.01341	0.01791	0.01373	0.01961	0.01189	0.01134	0.07451	0.02255	0.65264	0.02922	0.02536	0.01842	0.00937	0.00763	0.00234	0.00657	0.00758	0.00928	0.01291
33	0.01055	0.00775	0.00989	0.00935	0.01122	0.00708	0.00701	0.01396	0.02104	0.02939	0.61977	0.05834	0.13455	0.01589	0.00895	0.00240	0.00361	0.01395	0.00822	0.00708
34	0.01887	0.01629	0.01715	0.01544	0.01972	0.01887	0.01201	0.04031	0.67241	0.03173	0.03087	0.02830	0.02315	0.01029	0.00772	0.00257	0.00600	0.00858	0.00772	0.01201
35	0.01583	0.03232	0.47981	0.08775	0.08132	0.01783	0.13128	0.02360	0.01634	0.02370	0.01393	0.01732	0.01014	0.00707	0.00755	0.00243	0.01122	0.00634	0.00336	0.01085
36	0.01084	0.00813	0.01219	0.01219	0.01354	0.00948	0.00948	0.01354	0.01219	0.01761	0.02032	0.02980	0.01896	0.05689	0.70337	0.01219	0.02032	0.00813	0.00406	0.00677
37	0.00935	0.00795	0.00856	0.03973	0.01222	0.00693	0.00656	0.01154	0.01752	0.02122	0.12151	0.06934	0.60469	0.01839	0.00890	0.00255	0.00410	0.01541	0.00698	0.00655
38	0.01573	0.01348	0.01573	0.01123	0.01798	0.01011	0.00899	0.01910	0.01573	0.02472	0.01348	0.01573	0.01123	0.00562	0.00562	0.00112	0.00562	0.00449	0.00449	0.77980
39	0.01573	0.01348	0.01573	0.01123	0.01798	0.01011	0.00899	0.01910	0.01573	0.02472	0.01348	0.01573	0.01123	0.00562	0.00562	0.00112	0.00562	0.00449	0.00449	0.77980
40	0.02048	0.01578	0.02272	0.09107	0.26700	0.01545	0.01629	0.05994	0.08825	0.12579	0.01833	0.02025	0.01390	0.00747	0.00712	0.00207	0.00759	0.00656	0.00536	0.18857
41	0.01573	0.01406	0.02003	0.28335	0.03210	0.01426	0.03862	0.05008	0.01630	0.02324	0.01453	0.04149	0.01212	0.00758	0.00776	0.00196	0.04592	0.00632	0.00421	0.35035
42	0.12222	0.04461	0.09776	0.01372	0.01962	0.01445	0.01246	0.08894	0.05983	0.23153	0.10323	0.02438	0.02132	0.00903	0.00701	0.00218	0.00670	0.00714	0.00679	0.10707

[dist]
# distance from previous block
# <min> <max>
0	2

[block]
# block no. 2 follows, 26 sequences, length 13
# corresponding to MSA columns:
# 176-188
name=unknown_C
#
# <colnr> <probs for GDERKNQSTAVLIFYWHMCP>
#	G	D	E	R	K	N	Q	S	T	A	V	L	I	F	Y	W	H	M	C	P
0	0.05835	0.01687	0.11185	0.07236	0.07072	0.01233	0.01340	0.01965	0.01616	0.02498	0.06525	0.02128	0.03970	0.00739	0.00646	0.00171	0.00682	0.00608	0.00456	0.42409
1	0.57251	0.04045	0.01287	0.06236	0.01714	0.01601	0.00912	0.02219	0.01393	0.06134	0.01339	0.01546	0.01026	0.00739	0.00512	0.00226	0.00601	0.00482	0.09899	0.00836
2	0.02955	0.01248	0.01623	0.01278	0.01778	0.01132	0.01033	0.07898	0.02159	0.51851	0.05887	0.02846	0.02145	0.05758	0.00957	0.00263	0.00630	0.00804	0.06589	0.01165
3	0.01086	0.00843	0.01224	0.09715	0.01720	0.00932	0.00981	0.01350	0.01396	0.01915	0.07652	0.15272	0.07685	0.07009	0.36787	0.00781	0.01333	0.01136	0.00505	0.00677
4	0.02089	0.01423	0.01601	0.01235	0.01807	0.04947	0.00985	0.02527	0.06292	0.19967	0.06523	0.02369	0.03981	0.00814	0.00669	0.00172	0.00612	0.00660	0.00630	0.40696
5	0.02048	0.04638	0.01912	0.07600	0.02246	0.01461	0.01165	0.16164	0.02062	0.09489	0.01602	0.01752	0.01218	0.00697	0.00639	0.00164	0.00681	0.00550	0.00550	0.43362
6	0.01537	0.01996	0.16673	0.31014	0.10479	0.01679	0.07888	0.02088	0.01592	0.02220	0.04460	0.02034	0.01325	0.00789	0.00861	0.00241	0.05379	0.00685	0.00373	0.06687
7	0.01963	0.01627	0.03203	0.01727	0.08050	0.06222	0.01258	0.05420	0.27034	0.09991	0.12213	0.03109	0.02700	0.01040	0.00772	0.00234	0.00671	0.03672	0.00692	0.08404
8	0.01753	0.04690	0.10802	0.19587	0.24010	0.01782	0.07865	0.08479	0.01837	0.02508	0.01828	0.02197	0.05365	0.00795	0.00756	0.00233	0.00936	0.00723	0.00419	0.03434
9	0.01688	0.05255	0.08838	0.15040	0.12179	0.01843	0.20000	0.03578	0.01654	0.02319	0.03465	0.01991	0.01295	0.00801	0.00998	0.00244	0.10460	0.00723	0.02373	0.05255
10	0.01630	0.07522	0.04125	0.01320	0.01674	0.09137	0.01078	0.02521	0.22244	0.02717	0.23100	0.05331	0.06550	0.01218	0.00782	0.00236	0.00626	0.02982	0.04290	0.00915
11	0.05225	0.05175	0.07399	0.03060	0.15502	0.01837	0.39932	0.02319	0.01761	0.02498	0.06403	0.02185	0.01572	0.00722	0.00821	0.00243	0.01080	0.00828	0.00413	0.01027
12	0.01626	0.06618	0.47611	0.02487	0.06402	0.01859	0.17955	0.02399	0.01650	0.02384	0.01392	0.01704	0.01018	0.00696	0.00753	0.00240	0.01135	0.00640	0.00338	0.01094

[dist]
# distance from previous block
# <min> <max>
0	3

[block]
# block no. 3 follows, 26 sequences, length 173
# corresponding to MSA columns:
# 192-364
name=unknown_D
#
# <colnr> <probs for GDERKNQSTAVLIFYWHMCP>
#	G	D	E	R	K	N	Q	S	T	A	V	L	I	F	Y	W	H	M	C	P
0	0.01678	0.30855	0.37359	0.01708	0.02547	0.02139	0.02010	0.02246	0.01568	0.02146	0.01454	0.05937	0.01251	0.00801	0.00639	0.00212	0.00932	0.00604	0.02894	0.01018
1	0.02737	0.09556	0.02366	0.01727	0.02275	0.18573	0.01409	0.39077	0.07037	0.05397	0.01702	0.01737	0.01265	0.00862	0.00715	0.00216	0.00940	0.00622	0.00633	0.01155
2	0.38060	0.06075	0.03825	0.08306	0.02108	0.01686	0.01137	0.08315	0.01666	0.07856	0.01357	0.01534	0.01026	0.00719	0.00572	0.00211	0.00684	0.00500	0.00500	0.13862
3	0.00980	0.00694	0.00910	0.01042	0.01097	0.00665	0.00706	0.01120	0.01439	0.01928	0.06654	0.53512	0.04623	0.13112	0.03884	0.00404	0.00552	0.05412	0.00662	0.00604
4	0.01772	0.05705	0.03606	0.01299	0.01653	0.01217	0.01094	0.04063	0.12039	0.14868	0.21040	0.08043	0.03997	0.01420	0.00854	0.00263	0.00591	0.14788	0.00758	0.00931
5	0.01384	0.00991	0.01478	0.16157	0.08511	0.01013	0.01191	0.01661	0.01631	0.08882	0.08537	0.36233	0.06017	0.01646	0.00874	0.00274	0.00616	0.01479	0.00630	0.00797
6	0.00964	0.00702	0.00864	0.00975	0.01056	0.00653	0.00657	0.01092	0.01452	0.01886	0.04497	0.45789	0.16289	0.15172	0.01484	0.00378	0.00494	0.04343	0.00660	0.00595
7	0.01058	0.00848	0.01198	0.01338	0.04452	0.00840	0.02987	0.01245	0.01511	0.02006	0.04201	0.50495	0.12462	0.02099	0.01046	0.00300	0.04959	0.05621	0.00655	0.00678
8	0.01867	0.01886	0.06514	0.09663	0.53533	0.01819	0.02238	0.05205	0.05175	0.02568	0.01520	0.01921	0.01234	0.00714	0.00751	0.00230	0.00903	0.00679	0.00407	0.01172
9	0.01687	0.01711	0.05042	0.30507	0.37752	0.01763	0.06221	0.02185	0.01645	0.02262	0.01401	0.01935	0.01116	0.00707	0.00762	0.00238	0.00975	0.00685	0.00359	0.01048
10	0.01867	0.27603	0.20213	0.06471	0.09532	0.06480	0.07736	0.04595	0.01694	0.02192	0.01308	0.01612	0.01061	0.00899	0.03500	0.00250	0.01040	0.00566	0.00358	0.01024
11	0.00968	0.00700	0.00915	0.01012	0.01107	0.00647	0.00702	0.01171	0.01674	0.02274	0.23618	0.49536	0.08645	0.02106	0.00943	0.00285	0.00413	0.01894	0.00744	0.00647
12	0.01703	0.02796	0.33084	0.03288	0.28295	0.01804	0.13351	0.02379	0.01681	0.02436	0.01416	0.01782	0.01085	0.00690	0.00762	0.00237	0.01064	0.00661	0.00352	0.01135
13	0.06233	0.01945	0.07561	0.06871	0.22353	0.06568	0.01722	0.07227	0.13138	0.15780	0.01997	0.02092	0.01464	0.00821	0.00736	0.00234	0.00836	0.00688	0.00579	0.01154
14	0.01261	0.00897	0.01116	0.01098	0.01306	0.00878	0.00830	0.01795	0.10620	0.05812	0.33499	0.19603	0.09668	0.01697	0.00901	0.00266	0.00452	0.06737	0.00784	0.00780
15	0.01092	0.00731	0.00831	0.00842	0.00844	0.00728	0.00475	0.01100	0.01125	0.01500	0.02502	0.09199	0.02899	0.68916	0.03680	0.00709	0.00717	0.01169	0.00475	0.00469
16	0.01733	0.02440	0.20403	0.08826	0.09102	0.01863	0.37481	0.04318	0.01769	0.02457	0.01475	0.01912	0.01100	0.00681	0.00824	0.00248	0.01172	0.00768	0.00375	0.01055
17	0.01881	0.20324	0.37719	0.02002	0.02881	0.08416	0.08618	0.02493	0.01684	0.05353	0.01365	0.01579	0.01028	0.00711	0.00681	0.00219	0.01063	0.00560	0.00363	0.01061
18	0.06068	0.01495	0.01336	0.01195	0.01492	0.11995	0.00924	0.14478	0.01978	0.02889	0.02003	0.02424	0.01631	0.04470	0.10179	0.00357	0.00861	0.00682	0.32702	0.00840
19	0.01850	0.01774	0.03029	0.08827	0.64657	0.01795	0.02314	0.02304	0.01714	0.02444	0.01422	0.01886	0.01190	0.00681	0.00751	0.00227	0.00908	0.00676	0.00373	0.01179
20	0.01222	0.00873	0.01222	0.01397	0.01572	0.00873	0.01222	0.01572	0.01746	0.02270	0.04016	0.08556	0.04365	0.02095	0.01048	0.00349	0.00698	0.63506	0.00698	0.00698
21	0.00912	0.00762	0.00795	0.00801	0.01038	0.00645	0.00595	0.01113	0.01744	0.02120	0.12209	0.11285	0.59540	0.01921	0.00901	0.00258	0.00386	0.01618	0.00715	0.00645
22	0.03195	0.01245	0.01694	0.01314	0.01865	0.01079	0.01079	0.03495	0.02169	0.63244	0.08807	0.02857	0.02348	0.00993	0.00775	0.00235	0.00620	0.00817	0.00930	0.01240
23	0.01153	0.00796	0.01046	0.00985	0.01176	0.00735	0.00749	0.01509	0.02131	0.05099	0.63531	0.05686	0.06876	0.01554	0.00897	0.00243	0.00381	0.03888	0.00833	0.00733
24	0.01550	0.00880	0.01152	0.01029	0.01295	0.00792	0.00791	0.01876	0.02104	0.16914	0.48544	0.07173	0.09942	0.01471	0.00869	0.00241	0.00423	0.01282	0.00844	0.00829
25	0.01786	0.02033	0.04405	0.03157	0.03899	0.01932	0.63737	0.02410	0.01770	0.02410	0.01517	0.02033	0.01146	0.00662	0.00948	0.00258	0.03612	0.00888	0.00382	0.01017
26	0.02710	0.05579	0.02220	0.04120	0.04174	0.62134	0.01495	0.02986	0.04178	0.01915	0.01242	0.01443	0.01027	0.00782	0.00685	0.00199	0.01303	0.00508	0.00399	0.00900
27	0.02847	0.03221	0.02183	0.01899	0.02347	0.52314	0.01459	0.19718	0.02524	0.02630	0.01344	0.01488	0.01060	0.00816	0.00704	0.00204	0.01227	0.00540	0.00488	0.00988
28	0.15315	0.01632	0.01787	0.05772	0.02145	0.06059	0.01201	0.16300	0.02259	0.34172	0.02193	0.02096	0.01471	0.00871	0.00701	0.00230	0.00736	0.00663	0.03257	0.01140
29	0.04643	0.01605	0.01682	0.01403	0.01853	0.01767	0.01123	0.29801	0.20972	0.03688	0.02924	0.02863	0.09396	0.01050	0.00736	0.00232	0.00640	0.00833	0.11699	0.01091
30	0.02563	0.02550	0.02125	0.01914	0.05454	0.28021	0.01432	0.23310	0.19088	0.03151	0.01877	0.01907	0.01427	0.00880	0.00733	0.00223	0.00981	0.00653	0.00604	0.01107
31	0.02949	0.01424	0.01780	0.01398	0.01934	0.01368	0.01142	0.16272	0.06163	0.44753	0.10069	0.02785	0.02374	0.01007	0.00777	0.00235	0.00649	0.00820	0.00881	0.01221
32	0.01572	0.08487	0.57240	0.02083	0.03043	0.01911	0.02568	0.02327	0.01547	0.02294	0.01298	0.01581	0.00966	0.00785	0.00906	0.00245	0.09184	0.00562	0.00322	0.01078
33	0.01992	0.68901	0.08562	0.01358	0.02040	0.02914	0.01403	0.02280	0.01545	0.01828	0.01076	0.01244	0.00973	0.00654	0.00503	0.00168	0.00833	0.00416	0.00324	0.00984
34	0.01176	0.00846	0.01166	0.01332	0.01497	0.00836	0.01138	0.01496	0.01715	0.02225	0.04206	0.15131	0.07448	0.02116	0.01032	0.00341	0.00657	0.54256	0.00699	0.00687
35	0.01077	0.00820	0.01014	0.01118	0.01266	0.00799	0.00833	0.01467	0.08037	0.02179	0.06743	0.39800	0.15676	0.02083	0.00950	0.00300	0.00494	0.13935	0.00714	0.00697
36	0.01247	0.01075	0.01349	0.01293	0.01505	0.03292	0.04600	0.03516	0.05685	0.02233	0.07053	0.26772	0.20468	0.01832	0.01038	0.00287	0.05895	0.09462	0.00658	0.00741
37	0.00932	0.00671	0.00870	0.01026	0.01081	0.00624	0.00683	0.01061	0.01450	0.01918	0.04302	0.65068	0.08842	0.06207	0.01121	0.00328	0.00453	0.02064	0.00691	0.00609
38	0.01751	0.01673	0.02850	0.23712	0.50546	0.01769	0.02265	0.02217	0.01667	0.02324	0.01404	0.01919	0.01147	0.00699	0.00753	0.00233	0.00932	0.00675	0.00365	0.01099
39	0.01720	0.01696	0.02108	0.01836	0.01926	0.07743	0.01504	0.05335	0.01385	0.01977	0.01241	0.01881	0.01172	0.02043	0.14434	0.00474	0.49642	0.00677	0.00373	0.00831
40	0.01510	0.01427	0.02414	0.59932	0.16209	0.01705	0.02145	0.02006	0.01553	0.02032	0.01362	0.01997	0.01044	0.00744	0.00757	0.00248	0.00992	0.00674	0.00344	0.00905
41	0.00933	0.00664	0.00877	0.01044	0.01086	0.00622	0.00691	0.01059	0.01434	0.01912	0.04088	0.69335	0.04900	0.06049	0.01118	0.00330	0.00455	0.02102	0.00691	0.00608
42	0.01551	0.01444	0.01944	0.09453	0.07460	0.04497	0.01432	0.01766	0.01305	0.01884	0.01474	0.02441	0.01437	0.14186	0.06447	0.00427	0.34436	0.00748	0.04888	0.00781
43	0.01817	0.01740	0.02969	0.13786	0.59956	0.01786	0.02298	0.02275	0.01698	0.02404	0.01416	0.01897	0.01175	0.00687	0.00752	0.00229	0.00916	0.00676	0.00370	0.01152
44	0.01640	0.01631	0.02286	0.01966	0.01970	0.02277	0.01636	0.01810	0.01164	0.01823	0.01030	0.01704	0.01026	0.01473	0.04752	0.00361	0.69622	0.00669	0.00334	0.00825
45	0.37238	0.22064	0.02180	0.01296	0.01817	0.12905	0.01109	0.06650	0.01682	0.05456	0.01203	0.01343	0.00962	0.00724	0.00539	0.00208	0.00791	0.00454	0.00455	0.00923
46	0.00907	0.00769	0.00782	0.00779	0.01031	0.00645	0.00584	0.01108	0.01753	0.02106	0.11133	0.07207	0.64819	0.01900	0.00896	0.00255	0.00383	0.01588	0.00712	0.00645
47	0.02164	0.01717	0.01955	0.01903	0.09940	0.04572	0.01344	0.16863	0.26815	0.08880	0.02674	0.02728	0.05934	0.04209	0.00995	0.00267	0.04407	0.00822	0.00680	0.01128
48	0.01039	0.00774	0.00967	0.00918	0.01112	0.00701	0.00689	0.01365	0.02066	0.02850	0.56538	0.05981	0.18950	0.01622	0.00895	0.00242	0.00363	0.01416	0.00810	0.00701
49	0.01816	0.01740	0.02968	0.13886	0.59861	0.01786	0.02297	0.02274	0.01698	0.02403	0.01416	0.01897	0.01175	0.00687	0.00752	0.00229	0.00916	0.00676	0.00370	0.01152
50	0.01080	0.00726	0.00834	0.00857	0.00863	0.00720	0.00492	0.01097	0.01149	0.01532	0.02624	0.13832	0.03053	0.64072	0.03483	0.00680	0.00697	0.01241	0.00492	0.00480
51	0.01081	0.00743	0.00843	0.00843	0.00876	0.00737	0.00498	0.01115	0.01172	0.01545	0.02903	0.05091	0.09305	0.62479	0.07177	0.00713	0.00771	0.01137	0.00481	0.00490
52	0.01655	0.01397	0.01617	0.01162	0.01832	0.01095	0.00933	0.05913	0.01697	0.02616	0.01378	0.01588	0.01134	0.00583	0.00574	0.00120	0.00579	0.00464	0.00469	0.73196
53	0.02833	0.03615	0.02149	0.01954	0.02345	0.70298	0.01466	0.03029	0.02149	0.01856	0.01172	0.01368	0.00977	0.00782	0.00684	0.00195	0.01368	0.00489	0.00391	0.00879
54	0.01747	0.02118	0.09211	0.07420	0.07922	0.01901	0.50416	0.02366	0.01729	0.02375	0.01481	0.01984	0.01124	0.00683	0.00929	0.00256	0.04111	0.00832	0.00373	0.01023
55	0.01065	0.00775	0.01002	0.00945	0.01128	0.00712	0.00709	0.01415	0.02127	0.02995	0.65357	0.05743	0.10041	0.01568	0.00895	0.00239	0.00359	0.01383	0.00829	0.00712
56	0.01321	0.01014	0.01271	0.01352	0.01579	0.01056	0.01127	0.02036	0.15936	0.02453	0.05957	0.11156	0.08364	0.01854	0.00968	0.00317	0.00630	0.40091	0.00719	0.00799
57	0.01387	0.01277	0.02117	0.63706	0.04751	0.01574	0.01936	0.01843	0.01488	0.01909	0.01550	0.05628	0.01314	0.05365	0.00962	0.00286	0.00966	0.00772	0.00362	0.00808
58	0.02710	0.09269	0.02358	0.01641	0.02235	0.02267	0.01372	0.52860	0.03170	0.06909	0.01853	0.04126	0.01399	0.00922	0.00732	0.00220	0.00803	0.00699	0.00710	0.03744
59	0.01099	0.00746	0.00881	0.00877	0.00903	0.00757	0.00528	0.01150	0.01181	0.01600	0.06458	0.04795	0.02940	0.61626	0.10788	0.00756	0.00851	0.01089	0.00477	0.00499
60	0.00924	0.00660	0.00880	0.01056	0.01100	0.00616	0.00704	0.01056	0.01452	0.01936	0.04181	0.72848	0.05017	0.02376	0.00968	0.00308	0.00440	0.02156	0.00704	0.00616
61	0.07319	0.02001	0.02138	0.02033	0.12275	0.09937	0.01425	0.29815	0.02572	0.10704	0.01911	0.01978	0.03450	0.00849	0.00717	0.00215	0.00831	0.00658	0.00627	0.08546
62	0.05353	0.40919	0.06810	0.01686	0.05577	0.14857	0.01464	0.11128	0.01930	0.02341	0.01216	0.01382	0.01022	0.00716	0.00585	0.00188	0.00927	0.00481	0.00404	0.01013
63	0.02835	0.02101	0.02249	0.01735	0.02334	0.02330	0.01430	0.63085	0.06643	0.04703	0.01882	0.01870	0.01339	0.00916	0.00759	0.00229	0.00823	0.00691	0.00759	0.01286
64	0.01315	0.01284	0.04871	0.05355	0.07961	0.01083	0.05345	0.01741	0.04166	0.02383	0.11819	0.04469	0.23984	0.01264	0.00804	0.00227	0.00618	0.04614	0.00582	0.16114
65	0.01135	0.00889	0.01318	0.01289	0.01412	0.01072	0.01012	0.01397	0.01214	0.01767	0.01938	0.02861	0.01815	0.05296	0.64230	0.01139	0.08325	0.00799	0.00400	0.00691
66	0.07605	0.01452	0.01728	0.14732	0.06136	0.01605	0.01278	0.24550	0.02270	0.03321	0.02204	0.02438	0.05716	0.00912	0.00686	0.00221	0.00698	0.00727	0.20751	0.00971
67	0.02835	0.03566	0.02154	0.01947	0.02345	0.68056	0.01465	0.05109	0.02196	0.01953	0.01194	0.01383	0.00987	0.00786	0.00686	0.00196	0.01350	0.00495	0.00403	0.00893
68	0.01187	0.00848	0.01182	0.01357	0.01516	0.00843	0.01162	0.01511	0.01712	0.02231	0.04035	0.16063	0.04441	0.02128	0.01038	0.00344	0.00668	0.56343	0.00699	0.00689
69	0.09779	0.01601	0.07606	0.01687	0.05857	0.01367	0.05411	0.08845	0.02006	0.34012	0.02423	0.08857	0.01834	0.01067	0.00848	0.03413	0.00734	0.00836	0.00711	0.01107
70	0.01544	0.01318	0.01542	0.01120	0.01767	0.00994	0.00890	0.01872	0.01568	0.02448	0.01473	0.04722	0.01295	0.00642	0.00580	0.00121	0.00556	0.00525	0.00461	0.74562
71	0.00924	0.00660	0.00880	0.01056	0.01100	0.00616	0.00704	0.01056	0.01452	0.01936	0.04181	0.72848	0.05017	0.02376	0.00968	0.00308	0.00440	0.02156	0.00704	0.00616
72	0.01082	0.00739	0.00821	0.00821	0.00848	0.00725	0.00472	0.01102	0.01168	0.01531	0.02941	0.05207	0.09576	0.65913	0.03552	0.00686	0.00699	0.01155	0.00485	0.00478
73	0.01014	0.00805	0.00862	0.00859	0.01088	0.00723	0.00646	0.01306	0.04370	0.02206	0.12893	0.06652	0.47555	0.06880	0.01094	0.00290	0.00433	0.05332	0.04327	0.00665
74	0.78701	0.01467	0.01115	0.00997	0.01467	0.01702	0.00821	0.02230	0.01291	0.03403	0.01056	0.01232	0.00821	0.00704	0.00469	0.00235	0.00587	0.00411	0.00469	0.00821
75	0.01656	0.01620	0.04985	0.01689	0.02334	0.01343	0.15437	0.05646	0.01713	0.02534	0.01581	0.06143	0.01371	0.00747	0.00750	0.00176	0.03399	0.00681	0.00459	0.45736
76	0.01984	0.01833	0.01760	0.01586	0.02011	0.08912	0.01228	0.03928	0.60557	0.03038	0.02891	0.02680	0.02178	0.01004	0.00763	0.00251	0.00679	0.00820	0.00733	0.01168
77	0.01289	0.00819	0.01079	0.00997	0.01208	0.00749	0.00753	0.01630	0.02116	0.09316	0.58874	0.08616	0.06548	0.01532	0.00886	0.00242	0.00389	0.01351	0.00839	0.00766
78	0.00963	0.00693	0.00922	0.01091	0.01161	0.00652	0.00769	0.01127	0.01503	0.01986	0.04301	0.61475	0.07511	0.02320	0.00976	0.00311	0.00473	0.10434	0.00703	0.00628
79	0.01016	0.00717	0.00835	0.00890	0.00942	0.00684	0.00553	0.01086	0.01306	0.01703	0.03747	0.26419	0.13376	0.40478	0.02513	0.00530	0.00590	0.01506	0.00573	0.00536
80	0.01161	0.00796	0.01035	0.00963	0.01162	0.00729	0.00727	0.01510	0.02133	0.05678	0.63329	0.05602	0.09211	0.01540	0.00889	0.00239	0.00370	0.01356	0.00834	0.00736
81	0.02883	0.02125	0.02276	0.01745	0.02352	0.02352	0.01442	0.66082	0.03566	0.04780	0.01821	0.01821	0.01290	0.00911	0.00759	0.00228	0.00835	0.00683	0.00759	0.01290
82	0.01907	0.01858	0.03050	0.04573	0.66586	0.03896	0.02301	0.02349	0.01740	0.02459	0.01419	0.01862	0.01195	0.00679	0.00749	0.00224	0.00915	0.00670	0.00376	0.01192
83	0.01521	0.03923	0.69413	0.02162	0.03283	0.01762	0.02802	0.02402	0.01601	0.02402	0.01361	0.01601	0.00961	0.00721	0.00721	0.00240	0.01121	0.00560	0.00320	0.01121
84	0.01661	0.01345	0.01582	0.01134	0.01804	0.01016	0.00909	0.01996	0.01602	0.05692	0.01428	0.01622	0.01160	0.00580	0.00571	0.00118	0.00566	0.00465	0.00473	0.74275
85	0.01853	0.01778	0.03035	0.08291	0.65165	0.01796	0.02316	0.02307	0.01716	0.02449	0.01422	0.01885	0.01191	0.00680	0.00751	0.00227	0.00907	0.00676	0.00373	0.01182
86	0.01422	0.00848	0.01121	0.01021	0.01254	0.00771	0.00776	0.01757	0.02111	0.13114	0.54561	0.09022	0.06225	0.01504	0.00879	0.00242	0.00407	0.01323	0.00843	0.00798
87	0.01865	0.01819	0.02961	0.11581	0.59586	0.04239	0.02274	0.02312	0.01720	0.02399	0.01409	0.01874	0.01173	0.00688	0.00749	0.00227	0.00929	0.00669	0.00372	0.01152
88	0.04300	0.03702	0.62361	0.02194	0.03266	0.01771	0.07208	0.02398	0.01604	0.02440	0.01363	0.01620	0.00969	0.00714	0.00724	0.00241	0.01113	0.00579	0.00330	0.01103
89	0.01185	0.00847	0.01178	0.01339	0.01502	0.00840	0.01144	0.01514	0.01741	0.02282	0.07690	0.14529	0.04587	0.02091	0.01031	0.00339	0.00654	0.54108	0.00707	0.00692
90	0.00934	0.00667	0.00891	0.01067	0.01115	0.00624	0.00721	0.01073	0.01462	0.01947	0.04175	0.70796	0.04996	0.02367	0.00971	0.00309	0.00448	0.04115	0.00704	0.00619
91	0.01947	0.01714	0.02645	0.09087	0.07968	0.01796	0.18649	0.20088	0.09492	0.03153	0.08772	0.07018	0.02175	0.00979	0.00824	0.00247	0.00876	0.00924	0.00593	0.01055
92	0.02109	0.01440	0.01603	0.01366	0.01797	0.01537	0.01082	0.14168	0.28816	0.14283	0.09539	0.03337	0.09185	0.01126	0.00779	0.00242	0.00590	0.00928	0.04972	0.01101
93	0.00931	0.00666	0.00886	0.01051	0.01102	0.00621	0.00705	0.01074	0.01485	0.01988	0.07200	0.69680	0.05118	0.02337	0.00965	0.00305	0.00436	0.02119	0.00710	0.00621
94	0.01546	0.01464	0.02479	0.54519	0.21341	0.01715	0.02163	0.02037	0.01570	0.02075	0.01368	0.01985	0.01060	0.00737	0.00756	0.00246	0.00983	0.00675	0.00347	0.00934
95	0.21175	0.01621	0.01727	0.01431	0.01878	0.01813	0.01162	0.24545	0.08951	0.10706	0.06253	0.05773	0.01892	0.01026	0.00850	0.00246	0.06457	0.00762	0.00676	0.01056
96	0.02760	0.02036	0.02133	0.01670	0.02224	0.04918	0.01357	0.53439	0.06369	0.07895	0.01952	0.02072	0.01442	0.05041	0.00933	0.00257	0.00829	0.00712	0.00737	0.01222
97	0.01568	0.01348	0.01599	0.03734	0.01925	0.01036	0.00944	0.01911	0.01571	0.02452	0.01348	0.01590	0.01119	0.00569	0.00569	0.00118	0.00578	0.00458	0.00445	0.75119
98	0.01781	0.02019	0.04325	0.03112	0.03826	0.01947	0.61358	0.02387	0.01746	0.02387	0.01497	0.02019	0.01140	0.00688	0.01007	0.00261	0.06232	0.00879	0.00380	0.01009
99	0.01140	0.00834	0.01098	0.01231	0.01402	0.00809	0.01031	0.01428	0.01686	0.02162	0.04571	0.11774	0.15576	0.06525	0.01192	0.00355	0.00631	0.45201	0.00685	0.00669
100	0.01557	0.01275	0.01406	0.01286	0.01614	0.01387	0.00988	0.06052	0.35553	0.03025	0.20971	0.08719	0.10322	0.01343	0.00830	0.00254	0.00515	0.01148	0.00777	0.00980
101	0.00924	0.00660	0.00880	0.01056	0.01100	0.00616	0.00704	0.01056	0.01452	0.01936	0.04181	0.72848	0.05017	0.02376	0.00968	0.00308	0.00440	0.02156	0.00704	0.00616
102	0.00931	0.00671	0.00883	0.01038	0.01099	0.00623	0.00699	0.01079	0.01504	0.02004	0.07985	0.66123	0.07935	0.02309	0.00961	0.00302	0.00433	0.02087	0.00712	0.00623
103	0.78701	0.01467	0.01115	0.00997	0.01467	0.01702	0.00821	0.02230	0.01291	0.03403	0.01056	0.01232	0.00821	0.00704	0.00469	0.00235	0.00587	0.00411	0.00469	0.00821
104	0.11888	0.01311	0.01688	0.01310	0.01883	0.01181	0.01082	0.03531	0.02072	0.61730	0.02774	0.02430	0.01759	0.00912	0.00730	0.00235	0.00639	0.00723	0.00886	0.01238
105	0.01393	0.00714	0.00739	0.00739	0.00913	0.00722	0.00556	0.01742	0.01567	0.02761	0.02447	0.02837	0.01941	0.01183	0.04885	0.00242	0.00458	0.00714	0.72741	0.00705
106	0.00955	0.00771	0.00849	0.00829	0.01060	0.00665	0.00622	0.01201	0.01866	0.02375	0.27578	0.06763	0.48207	0.01799	0.00896	0.00250	0.00376	0.01526	0.00747	0.00665
107	0.01779	0.39526	0.36072	0.01722	0.02602	0.02393	0.02036	0.02335	0.01571	0.02087	0.01205	0.01405	0.00967	0.00684	0.00601	0.00200	0.00963	0.00482	0.00322	0.01046
108	0.06143	0.22813	0.06322	0.01913	0.06542	0.40210	0.01517	0.02701	0.01883	0.01981	0.01161	0.01365	0.00982	0.00731	0.00625	0.00193	0.01133	0.00478	0.00371	0.00937
109	0.02057	0.01620	0.01782	0.01631	0.04352	0.01819	0.01234	0.08675	0.52657	0.08596	0.03063	0.02834	0.04182	0.01027	0.00773	0.00252	0.00626	0.00853	0.00768	0.01198
110	0.00932	0.00672	0.00886	0.01054	0.01112	0.00625	0.00715	0.01074	0.01475	0.01952	0.04341	0.67689	0.07980	0.02346	0.00967	0.00307	0.00446	0.04103	0.00704	0.00620
111	0.00962	0.00685	0.00913	0.01081	0.01137	0.00647	0.00747	0.01110	0.01468	0.01951	0.04092	0.63598	0.04859	0.05218	0.01093	0.00329	0.00478	0.08321	0.00694	0.00618
112	0.02883	0.02125	0.02276	0.01745	0.02352	0.02352	0.01442	0.66082	0.03566	0.04780	0.01821	0.01821	0.01290	0.00911	0.00759	0.00228	0.00835	0.00683	0.00759	0.01290
113	0.01929	0.01206	0.01756	0.26321	0.02907	0.01296	0.01385	0.04405	0.04968	0.20491	0.16131	0.03056	0.02692	0.01394	0.06443	0.00323	0.00831	0.00866	0.00645	0.00955
114	0.01754	0.04619	0.15005	0.02969	0.03790	0.01927	0.53577	0.02420	0.01752	0.02405	0.01491	0.01948	0.01114	0.00653	0.00854	0.00250	0.01238	0.00825	0.00371	0.01037
115	0.78701	0.01467	0.01115	0.00997	0.01467	0.01702	0.00821	0.02230	0.01291	0.03403	0.01056	0.01232	0.00821	0.00704	0.00469	0.00235	0.00587	0.00411	0.00469	0.00821
116	0.00983	0.00760	0.00897	0.00888	0.01084	0.00673	0.00656	0.01247	0.01897	0.02507	0.35973	0.13706	0.32405	0.01795	0.00903	0.00253	0.00378	0.01553	0.00766	0.00673
117	0.01126	0.00754	0.00992	0.01036	0.01177	0.00696	0.00751	0.01371	0.01795	0.05882	0.30188	0.36534	0.07953	0.01937	0.00929	0.00276	0.00428	0.04710	0.00769	0.00696
118	0.05223	0.05421	0.02332	0.06171	0.02532	0.25892	0.04294	0.29231	0.02634	0.06814	0.01560	0.01683	0.01161	0.00828	0.00718	0.00217	0.01032	0.00608	0.00570	0.01079
119	0.01084	0.00813	0.01219	0.01219	0.01354	0.00948	0.00948	0.01354	0.01219	0.01761	0.02032	0.02980	0.01896	0.05689	0.70337	0.01219	0.02032	0.00813	0.00406	0.00677
120	0.02986	0.01960	0.02175	0.01667	0.02270	0.02109	0.01377	0.53802	0.03292	0.17449	0.02052	0.01971	0.01406	0.00916	0.00760	0.00229	0.00797	0.00699	0.00794	0.01290
121	0.01820	0.01759	0.03044	0.12608	0.58155	0.01793	0.05108	0.02286	0.01705	0.02411	0.01422	0.01902	0.01176	0.00684	0.00758	0.00230	0.00931	0.00685	0.00371	0.01151
122	0.00934	0.00667	0.00891	0.01067	0.01115	0.00624	0.00720	0.01072	0.01461	0.01947	0.04175	0.70816	0.04996	0.02367	0.00971	0.00309	0.00448	0.04095	0.00704	0.00619
123	0.01641	0.01388	0.01609	0.01156	0.01826	0.01081	0.00927	0.05231	0.01676	0.02591	0.01373	0.01586	0.01132	0.00580	0.00572	0.00118	0.00576	0.00461	0.00465	0.74012
124	0.02755	0.02018	0.02180	0.01683	0.02280	0.02202	0.01383	0.55980	0.07926	0.06640	0.01922	0.01903	0.01372	0.00900	0.00749	0.00223	0.00796	0.00685	0.00748	0.05654
125	0.01100	0.00821	0.01092	0.01151	0.01294	0.00813	0.00904	0.01381	0.01783	0.02414	0.25802	0.22243	0.09938	0.01928	0.01036	0.00295	0.03943	0.20648	0.00728	0.00687
126	0.02232	0.01482	0.01699	0.01474	0.01916	0.01608	0.01176	0.05672	0.39925	0.20309	0.03193	0.03188	0.04905	0.01105	0.00842	0.00258	0.02797	0.04258	0.00795	0.01166
127	0.01505	0.01066	0.01283	0.01187	0.01473	0.01088	0.00928	0.02347	0.20221	0.08579	0.35885	0.04959	0.07563	0.01421	0.00864	0.00255	0.00484	0.07189	0.00808	0.00895
128	0.01087	0.00809	0.01015	0.00958	0.01155	0.00755	0.00720	0.01499	0.04732	0.02937	0.58885	0.05732	0.13725	0.01571	0.00890	0.00241	0.00371	0.01376	0.00818	0.00727
129	0.01748	0.01955	0.04129	0.09598	0.03958	0.01922	0.55709	0.02344	0.01724	0.02344	0.01482	0.02019	0.01128	0.00695	0.00984	0.00260	0.05771	0.00859	0.00376	0.00994
130	0.78701	0.01467	0.01115	0.00997	0.01467	0.01702	0.00821	0.02230	0.01291	0.03403	0.01056	0.01232	0.00821	0.00704	0.00469	0.00235	0.00587	0.00411	0.00469	0.00821
131	0.01572	0.03572	0.57260	0.02356	0.03410	0.01791	0.14603	0.02407	0.01637	0.02407	0.01394	0.01685	0.00996	0.00705	0.00753	0.00243	0.01151	0.00623	0.00332	0.01103
132	0.00944	0.00675	0.00898	0.01043	0.01104	0.00629	0.00706	0.01105	0.01543	0.02081	0.12539	0.64079	0.05296	0.02269	0.00959	0.00299	0.00429	0.02054	0.00721	0.00629
133	0.01065	0.00769	0.01006	0.00960	0.01131	0.00710	0.00715	0.01410	0.02107	0.02979	0.64562	0.09495	0.07035	0.01598	0.00899	0.00243	0.00363	0.01416	0.00828	0.00710
134	0.24769	0.01935	0.01941	0.01529	0.02097	0.02164	0.01263	0.47650	0.02909	0.04383	0.01600	0.01651	0.01155	0.00851	0.00675	0.00230	0.00763	0.00604	0.00675	0.01155
135	0.75637	0.01493	0.01162	0.01028	0.01503	0.01728	0.00847	0.04810	0.01383	0.03459	0.01087	0.01256	0.00840	0.00712	0.00481	0.00234	0.00597	0.00422	0.00481	0.00840
136	0.00940	0.00672	0.00899	0.01075	0.01126	0.00630	0.00732	0.01084	0.01468	0.01954	0.04172	0.69352	0.04981	0.02361	0.00972	0.00310	0.00454	0.05492	0.00704	0.00621
137	0.02149	0.01767	0.01814	0.01579	0.02039	0.04932	0.01241	0.12537	0.52034	0.06924	0.02823	0.02613	0.02091	0.00997	0.00766	0.00249	0.00669	0.00812	0.00762	0.01204
138	0.01254	0.00837	0.01155	0.01289	0.01452	0.00814	0.01064	0.01546	0.01712	0.05680	0.06841	0.24294	0.04524	0.02082	0.01006	0.00328	0.00616	0.42079	0.00718	0.00709
139	0.01011	0.00727	0.00976	0.01145	0.01236	0.00693	0.00852	0.01209	0.01550	0.02039	0.04275	0.51214	0.07407	0.02275	0.00989	0.00318	0.00514	0.20226	0.00702	0.00641
140	0.02062	0.01660	0.01772	0.01553	0.02008	0.01892	0.01220	0.10057	0.57672	0.06743	0.02959	0.02719	0.02193	0.01013	0.00770	0.00253	0.00625	0.00836	0.00779	0.01214
141	0.02883	0.02125	0.02276	0.01745	0.02352	0.02352	0.01442	0.66082	0.03566	0.04780	0.01821	0.01821	0.01290	0.00911	0.00759	0.00228	0.00835	0.00683	0.00759	0.01290
142	0.01665	0.01718	0.03092	0.20695	0.06271	0.03902	0.28318	0.02144	0.01597	0.02193	0.01459	0.02029	0.01159	0.00960	0.03272	0.00289	0.12374	0.00765	0.05178	0.00917
143	0.01887	0.01629	0.01715	0.01544	0.01972	0.01887	0.01201	0.04031	0.67241	0.03173	0.03087	0.02830	0.02315	0.01029	0.00772	0.00257	0.00600	0.00858	0.00772	0.01201
144	0.06632	0.01230	0.01568	0.01262	0.01736	0.01143	0.01021	0.06620	0.04525	0.43137	0.19182	0.03251	0.03129	0.01082	0.00781	0.00236	0.00579	0.00896	0.00872	0.01119
145	0.02763	0.01786	0.02010	0.01581	0.02121	0.01909	0.01287	0.43259	0.06340	0.18134	0.02245	0.04709	0.01666	0.03428	0.02909	0.00279	0.00800	0.00779	0.00776	0.01217
146	0.01118	0.00799	0.01100	0.01260	0.01394	0.00781	0.01025	0.01399	0.01680	0.02216	0.08328	0.28673	0.04756	0.02148	0.01012	0.00329	0.00594	0.40004	0.00709	0.00674
147	0.00923	0.00664	0.00876	0.01046	0.01098	0.00617	0.00700	0.01057	0.01462	0.01940	0.04300	0.70605	0.07182	0.02361	0.00966	0.00306	0.00438	0.02137	0.00704	0.00617
148	0.01756	0.01878	0.03660	0.05106	0.03363	0.01970	0.43355	0.04788	0.01691	0.02346	0.01521	0.04835	0.01273	0.00887	0.01262	0.00275	0.17796	0.00876	0.00398	0.00966
149	0.01502	0.01444	0.02290	0.50136	0.04230	0.01881	0.01969	0.01903	0.01407	0.01903	0.01240	0.01911	0.01006	0.00933	0.01291	0.00277	0.22830	0.00671	0.00335	0.00839
150	0.01661	0.01661	0.02363	0.01999	0.02045	0.02266	0.03597	0.01847	0.01195	0.01866	0.01024	0.01668	0.01005	0.01280	0.02375	0.00322	0.67350	0.00664	0.00337	0.03476
151	0.01573	0.01348	0.01573	0.01123	0.01798	0.01011	0.00899	0.01910	0.01573	0.02472	0.01348	0.01573	0.01123	0.00562	0.00562	0.00112	0.00562	0.00449	0.00449	0.77980
152	0.08449	0.01472	0.01757	0.01383	0.01945	0.04596	0.01131	0.06523	0.05542	0.54919	0.02721	0.02407	0.01756	0.00918	0.00739	0.00234	0.00683	0.00726	0.00863	0.01234
153	0.01617	0.01608	0.02363	0.11005	0.02463	0.02184	0.04077	0.01848	0.01233	0.01860	0.01093	0.01761	0.01031	0.01362	0.04280	0.00346	0.58022	0.00678	0.00337	0.00834
154	0.00924	0.00660	0.00880	0.01056	0.01100	0.00616	0.00704	0.01056	0.01452	0.01936	0.04181	0.72848	0.05017	0.02376	0.00968	0.00308	0.00440	0.02156	0.00704	0.00616
155	0.02779	0.02048	0.02191	0.01698	0.02280	0.02269	0.01397	0.60572	0.06791	0.04627	0.01910	0.01909	0.01366	0.00916	0.00751	0.00227	0.00805	0.00693	0.03505	0.01264
156	0.03178	0.01299	0.01800	0.01398	0.01955	0.01147	0.02999	0.05529	0.02159	0.60715	0.02988	0.07099	0.02041	0.01022	0.00780	0.00240	0.00657	0.00854	0.00901	0.01239
157	0.00923	0.00663	0.00877	0.01047	0.01098	0.00617	0.00700	0.01057	0.01461	0.01940	0.04288	0.70840	0.06956	0.02362	0.00966	0.00306	0.00438	0.02139	0.00704	0.00617
158	0.00924	0.00660	0.00880	0.01056	0.01100	0.00616	0.00704	0.01056	0.01452	0.01936	0.04181	0.72848	0.05017	0.02376	0.00968	0.00308	0.00440	0.02156	0.00704	0.00616
159	0.01750	0.01951	0.04140	0.04852	0.03787	0.01857	0.58450	0.02436	0.04856	0.02431	0.01711	0.04972	0.01360	0.00732	0.00889	0.00258	0.01205	0.00939	0.00414	0.01010
160	0.01790	0.02046	0.04476	0.03197	0.03964	0.01918	0.65857	0.02430	0.01790	0.02430	0.01535	0.02046	0.01151	0.00639	0.00895	0.00256	0.01279	0.00895	0.00384	0.01023
161	0.01153	0.00915	0.01353	0.01313	0.01432	0.01115	0.01034	0.01412	0.01212	0.01769	0.01906	0.02820	0.01787	0.05160	0.62117	0.01112	0.10503	0.00795	0.00397	0.00696
162	0.01198	0.00931	0.01168	0.01089	0.01324	0.02884	0.04254	0.01462	0.01847	0.05838	0.26068	0.20026	0.25552	0.01741	0.00898	0.00258	0.00480	0.01528	0.00732	0.00722
163	0.01918	0.01737	0.02942	0.10165	0.59776	0.01757	0.02246	0.02366	0.01732	0.05882	0.01501	0.01926	0.01220	0.00696	0.00752	0.00228	0.00897	0.00680	0.00401	0.01176
164	0.01790	0.02046	0.04476	0.03197	0.03964	0.01918	0.65857	0.02430	0.01790	0.02430	0.01535	0.02046	0.01151	0.00639	0.00895	0.00256	0.01279	0.00895	0.00384	0.01023
165	0.01917	0.02167	0.07216	0.05984	0.03771	0.06314	0.52276	0.02515	0.01813	0.05996	0.01574	0.02008	0.01164	0.00674	0.00860	0.00250	0.01231	0.00836	0.00409	0.01025
166	0.12293	0.01869	0.02180	0.01687	0.02257	0.04154	0.07458	0.35902	0.02752	0.14800	0.05653	0.02098	0.01639	0.00895	0.00741	0.00232	0.00805	0.00715	0.00708	0.01159
167	0.12319	0.01670	0.04774	0.01406	0.02019	0.01520	0.04455	0.15860	0.07163	0.03118	0.01918	0.02031	0.05035	0.00781	0.00651	0.00186	0.00678	0.00620	0.00549	0.33246
168	0.15414	0.29566	0.14660	0.01454	0.02135	0.04374	0.01464	0.05661	0.01744	0.14898	0.01513	0.01577	0.01129	0.00742	0.00597	0.00206	0.00817	0.00517	0.00486	0.01045
169	0.19658	0.20143	0.08002	0.01447	0.02039	0.06439	0.01319	0.12151	0.10240	0.09415	0.01650	0.01691	0.01244	0.00791	0.00619	0.00216	0.00782	0.00559	0.00543	0.01052
170	0.15329	0.06340	0.07853	0.01621	0.05491	0.01822	0.01348	0.18090	0.12448	0.12331	0.02124	0.02111	0.03785	0.00869	0.00685	0.00226	0.00725	0.00666	0.00631	0.05505
171	0.05620	0.04637	0.08534	0.01476	0.02077	0.01539	0.01315	0.08779	0.10884	0.30139	0.02263	0.02159	0.01570	0.00873	0.00793	0.00223	0.04141	0.00673	0.00699	0.11609
