[name]
unknown

[dist]
# distance from previous block
# <min> <max>
28	148

[block]
# block no. 0 follows, 25 sequences, length 13
# corresponding to MSA columns:
# 167-179
name=unknown_A
#
# <colnr> <probs for GDERKNQSTAVLIFYWHMCP>
#	G	D	E	R	K	N	Q	S	T	A	V	L	I	F	Y	W	H	M	C	P
0	0.05010	0.30650	0.24771	0.01756	0.02520	0.14678	0.01854	0.06424	0.01828	0.02299	0.01252	0.01440	0.01006	0.00731	0.00629	0.00205	0.01030	0.00500	0.00376	0.01041
1	0.01903	0.01886	0.03398	0.04498	0.56716	0.01863	0.13378	0.02398	0.01777	0.02524	0.01478	0.01949	0.01219	0.00684	0.00793	0.00236	0.00989	0.00730	0.00385	0.01196
2	0.02073	0.73217	0.04063	0.01327	0.01990	0.03068	0.01327	0.02322	0.01575	0.01824	0.01078	0.01244	0.00995	0.00663	0.00498	0.00166	0.00829	0.00415	0.00332	0.00995
3	0.49279	0.01668	0.01498	0.06500	0.02001	0.04977	0.01081	0.09595	0.05743	0.05717	0.01411	0.01563	0.01064	0.00774	0.00581	0.00234	0.00701	0.00519	0.00535	0.04560
4	0.02896	0.03695	0.02197	0.01998	0.02397	0.69638	0.01498	0.03096	0.02197	0.01898	0.01199	0.01398	0.00999	0.00799	0.00699	0.00200	0.01398	0.00499	0.00400	0.00899
5	0.01343	0.00969	0.01146	0.01067	0.01138	0.01059	0.00709	0.07256	0.01380	0.01878	0.02239	0.04313	0.02451	0.54101	0.09515	0.00714	0.06613	0.01024	0.00483	0.00601
6	0.02896	0.03695	0.02197	0.01998	0.02397	0.69638	0.01498	0.03096	0.02197	0.01898	0.01199	0.01398	0.00999	0.00799	0.00699	0.00200	0.01398	0.00499	0.00400	0.00899
7	0.01128	0.00752	0.00846	0.00846	0.00846	0.00752	0.00470	0.01128	0.01128	0.01503	0.02443	0.05074	0.02819	0.72751	0.03946	0.00752	0.00752	0.01128	0.00470	0.00470
8	0.00945	0.00675	0.00900	0.01080	0.01125	0.00630	0.00720	0.01080	0.01484	0.01979	0.04274	0.72245	0.05128	0.02429	0.00990	0.00315	0.00450	0.02204	0.00720	0.00630
9	0.22082	0.01538	0.01600	0.01244	0.01845	0.01480	0.01006	0.10789	0.07099	0.05722	0.01574	0.01695	0.01219	0.00714	0.00602	0.00181	0.00625	0.00527	0.00553	0.37905
10	0.37041	0.04173	0.06709	0.01715	0.02287	0.01811	0.15571	0.02439	0.07601	0.02931	0.01427	0.01695	0.01112	0.00818	0.00792	0.02791	0.03502	0.00605	0.00463	0.04515
11	0.06837	0.21091	0.14270	0.02388	0.17927	0.10801	0.01817	0.02687	0.07837	0.05235	0.01520	0.01709	0.01208	0.00753	0.00667	0.00216	0.00937	0.00578	0.00431	0.01090
12	0.14053	0.35542	0.05084	0.01399	0.01977	0.09498	0.01271	0.05301	0.07840	0.02476	0.04483	0.01691	0.01420	0.00777	0.00587	0.00197	0.00811	0.00535	0.00455	0.04602

[dist]
# distance from previous block
# <min> <max>
0	19

[block]
# block no. 1 follows, 25 sequences, length 14
# corresponding to MSA columns:
# 199-212
name=unknown_B
#
# <colnr> <probs for GDERKNQSTAVLIFYWHMCP>
#	G	D	E	R	K	N	Q	S	T	A	V	L	I	F	Y	W	H	M	C	P
0	0.28290	0.01511	0.01719	0.14675	0.06576	0.01712	0.01326	0.02800	0.19765	0.06734	0.01962	0.02240	0.01516	0.00876	0.00680	0.00249	0.00712	0.02613	0.00569	0.03475
1	0.63362	0.05978	0.01479	0.10226	0.02035	0.01820	0.01043	0.02243	0.01366	0.03178	0.01119	0.01365	0.00875	0.00724	0.00520	0.00238	0.00671	0.00455	0.00453	0.00852
2	0.02073	0.73217	0.04063	0.01327	0.01990	0.03068	0.01327	0.02322	0.01575	0.01824	0.01078	0.01244	0.00995	0.00663	0.00498	0.00166	0.00829	0.00415	0.00332	0.00995
3	0.01555	0.04011	0.68733	0.02210	0.03356	0.01801	0.02865	0.02455	0.01637	0.02455	0.01391	0.01637	0.00982	0.00737	0.00737	0.00246	0.01146	0.00573	0.00327	0.01146
4	0.02807	0.03525	0.02284	0.02251	0.08411	0.63415	0.01579	0.03030	0.02158	0.01956	0.01222	0.01446	0.01020	0.00789	0.00705	0.00203	0.01354	0.00517	0.00398	0.00929
5	0.01504	0.01412	0.02514	0.55175	0.04766	0.01659	0.10672	0.01961	0.01539	0.01992	0.01401	0.02097	0.01082	0.00935	0.01001	0.07344	0.01038	0.00719	0.00350	0.00839
6	0.02896	0.03695	0.02197	0.01998	0.02397	0.69638	0.01498	0.03096	0.02197	0.01898	0.01199	0.01398	0.00999	0.00799	0.00699	0.00200	0.01398	0.00499	0.00400	0.00899
7	0.01756	0.01900	0.03851	0.09556	0.03803	0.01780	0.48024	0.02344	0.01765	0.02442	0.01518	0.02007	0.01158	0.00652	0.00843	0.00236	0.01156	0.00816	0.00399	0.13994
8	0.08241	0.00964	0.01183	0.01157	0.01338	0.01018	0.00896	0.01591	0.03927	0.02681	0.31278	0.16901	0.09037	0.01696	0.01059	0.00279	0.07369	0.07918	0.00720	0.00745
9	0.09009	0.01339	0.02085	0.58589	0.04619	0.01647	0.01899	0.01997	0.01534	0.02199	0.01438	0.02052	0.01088	0.00780	0.00728	0.00251	0.00939	0.00665	0.06294	0.00848
10	0.01557	0.01324	0.01554	0.01143	0.01783	0.01003	0.00904	0.01886	0.01598	0.02485	0.01599	0.06994	0.01452	0.00716	0.00606	0.00130	0.00565	0.00592	0.00479	0.71630
11	0.01609	0.01456	0.02326	0.64149	0.05054	0.01789	0.02087	0.08158	0.01755	0.02264	0.01425	0.02047	0.01061	0.00790	0.00775	0.00256	0.01016	0.00690	0.00387	0.00906
12	0.02484	0.07824	0.02171	0.01939	0.08476	0.26832	0.01382	0.11554	0.02191	0.11566	0.02102	0.14041	0.01914	0.01103	0.00763	0.00230	0.00963	0.00876	0.00579	0.01009
13	0.01151	0.00976	0.01596	0.01467	0.01691	0.00893	0.11973	0.01392	0.01554	0.02110	0.03577	0.54533	0.04130	0.01976	0.00944	0.00290	0.00609	0.01844	0.00642	0.06651

[dist]
# distance from previous block
# <min> <max>
10	24

[block]
# block no. 2 follows, 25 sequences, length 18
# corresponding to MSA columns:
# 240-257
name=unknown_C
#
# <colnr> <probs for GDERKNQSTAVLIFYWHMCP>
#	G	D	E	R	K	N	Q	S	T	A	V	L	I	F	Y	W	H	M	C	P
0	0.02807	0.01928	0.02140	0.01627	0.02256	0.02012	0.01339	0.46781	0.03125	0.13230	0.01949	0.01928	0.01374	0.00878	0.00744	0.00215	0.00782	0.00671	0.00750	0.13462
1	0.01638	0.01476	0.02015	0.01439	0.02141	0.01161	0.09723	0.02025	0.01638	0.02521	0.01404	0.01674	0.01152	0.00585	0.00621	0.00135	0.00675	0.00522	0.00450	0.67004
2	0.01552	0.01304	0.01918	0.39928	0.03668	0.01519	0.01635	0.11823	0.01866	0.02444	0.02282	0.22082	0.02249	0.01272	0.00837	0.00270	0.00838	0.01123	0.00520	0.00868
3	0.02794	0.02161	0.02635	0.01988	0.02631	0.02344	0.10202	0.56707	0.03396	0.04557	0.01821	0.01893	0.01299	0.00893	0.00795	0.00237	0.00915	0.00728	0.00723	0.01281
4	0.01527	0.01442	0.02438	0.61815	0.13924	0.01739	0.02184	0.02036	0.01580	0.02057	0.01389	0.02047	0.01060	0.00764	0.00774	0.00255	0.01018	0.00689	0.00350	0.00912
5	0.01034	0.00738	0.01002	0.01181	0.01266	0.00707	0.00875	0.01234	0.01572	0.02079	0.04224	0.53676	0.04933	0.02345	0.01013	0.00327	0.00527	0.19894	0.00718	0.00654
6	0.01862	0.01529	0.01744	0.01269	0.01945	0.01294	0.01024	0.13988	0.01995	0.02975	0.01470	0.01656	0.01181	0.00642	0.00612	0.00137	0.00627	0.00505	0.00519	0.63025
7	0.01554	0.00828	0.00839	0.00800	0.01012	0.00845	0.00610	0.06414	0.01773	0.03035	0.02481	0.02816	0.01939	0.00905	0.00559	0.00184	0.00397	0.00721	0.71522	0.00766
8	0.01347	0.00673	0.01010	0.01010	0.01010	0.00673	0.00673	0.01010	0.01010	0.01347	0.01347	0.02357	0.01347	0.02694	0.03030	0.77441	0.00673	0.00673	0.00337	0.00337
9	0.02837	0.02114	0.02300	0.04710	0.02511	0.02353	0.01491	0.59782	0.06489	0.04686	0.01901	0.01918	0.01355	0.00930	0.00776	0.00235	0.00850	0.00706	0.00758	0.01295
10	0.01869	0.01554	0.01785	0.05001	0.02143	0.01442	0.01125	0.12429	0.13049	0.02997	0.01760	0.01893	0.01378	0.00723	0.00654	0.00167	0.00650	0.00581	0.00560	0.48242
11	0.00945	0.00675	0.00900	0.01080	0.01125	0.00630	0.00720	0.01080	0.01484	0.01979	0.04274	0.72245	0.05128	0.02429	0.00990	0.00315	0.00450	0.02204	0.00720	0.00630
12	0.01862	0.03582	0.58062	0.02078	0.03136	0.01695	0.02590	0.02666	0.01730	0.12977	0.01657	0.01797	0.01132	0.00772	0.00744	0.00245	0.01068	0.00606	0.00428	0.01174
13	0.01675	0.01418	0.01644	0.01180	0.01866	0.01102	0.00947	0.05134	0.01710	0.02645	0.01402	0.01621	0.01157	0.00592	0.00584	0.00121	0.00588	0.00471	0.00475	0.73666
14	0.00969	0.00694	0.00921	0.01063	0.01130	0.00646	0.00722	0.01141	0.01598	0.02159	0.14354	0.61651	0.05477	0.02295	0.00978	0.00304	0.00436	0.02076	0.00741	0.00646
15	0.01512	0.01298	0.01628	0.01233	0.01824	0.01011	0.03775	0.01837	0.01598	0.02437	0.01848	0.12891	0.01784	0.00874	0.00656	0.00153	0.00587	0.00758	0.00498	0.61797
16	0.01555	0.04011	0.68733	0.02210	0.03356	0.01801	0.02865	0.02455	0.01637	0.02455	0.01391	0.01637	0.00982	0.00737	0.00737	0.00246	0.01146	0.00573	0.00327	0.01146
17	0.01101	0.00927	0.00971	0.00936	0.01216	0.00867	0.00709	0.01636	0.12143	0.02406	0.14646	0.06522	0.49579	0.01770	0.00896	0.00260	0.00425	0.01486	0.00748	0.00756

[dist]
# distance from previous block
# <min> <max>
0	3

[block]
# block no. 3 follows, 25 sequences, length 13
# corresponding to MSA columns:
# 261-273
name=unknown_D
#
# <colnr> <probs for GDERKNQSTAVLIFYWHMCP>
#	G	D	E	R	K	N	Q	S	T	A	V	L	I	F	Y	W	H	M	C	P
0	0.01887	0.49359	0.18831	0.09133	0.02672	0.02628	0.01773	0.02315	0.01587	0.01987	0.01183	0.01425	0.00996	0.00693	0.00583	0.00194	0.00925	0.00481	0.00332	0.01015
1	0.01970	0.59516	0.16866	0.01502	0.02260	0.02817	0.01631	0.02348	0.01588	0.01949	0.01140	0.01322	0.00992	0.00678	0.00545	0.00182	0.00892	0.00446	0.00331	0.01025
2	0.44147	0.01745	0.08713	0.01315	0.01850	0.01659	0.01197	0.05183	0.08790	0.09048	0.01847	0.02359	0.01493	0.00927	0.00639	0.00254	0.00688	0.06605	0.00575	0.00966
3	0.29369	0.01058	0.01122	0.01078	0.01340	0.01210	0.00844	0.01753	0.01315	0.02538	0.01786	0.02469	0.01584	0.06498	0.32509	0.00720	0.01257	0.00681	0.10128	0.00740
4	0.65244	0.01527	0.01342	0.08702	0.01974	0.01778	0.01022	0.06095	0.01487	0.03401	0.01160	0.01385	0.00890	0.00739	0.00530	0.00241	0.00663	0.00466	0.00483	0.00871
5	0.01464	0.01378	0.02326	0.70887	0.05340	0.01723	0.02153	0.01981	0.01550	0.01981	0.01378	0.02067	0.01034	0.00775	0.00775	0.00258	0.01034	0.00689	0.00345	0.00861
6	0.01097	0.00793	0.01036	0.00975	0.01158	0.00732	0.00732	0.01463	0.02195	0.03109	0.67505	0.05792	0.07316	0.01585	0.00914	0.00244	0.00366	0.01402	0.00854	0.00732
7	0.01608	0.01378	0.01608	0.01148	0.01837	0.01034	0.00919	0.01952	0.01608	0.02527	0.01378	0.01608	0.01148	0.00574	0.00574	0.00115	0.00574	0.00459	0.00459	0.77491
8	0.01608	0.01378	0.01608	0.01148	0.01837	0.01034	0.00919	0.01952	0.01608	0.02527	0.01378	0.01608	0.01148	0.00574	0.00574	0.00115	0.00574	0.00459	0.00459	0.77491
9	0.02002	0.63730	0.12928	0.01448	0.02177	0.02894	0.01538	0.02340	0.01584	0.01911	0.01121	0.01298	0.00993	0.00673	0.00530	0.00177	0.00873	0.00436	0.00331	0.01016
10	0.78228	0.01499	0.01140	0.01020	0.01499	0.01739	0.00840	0.02279	0.01320	0.03479	0.01080	0.01260	0.00840	0.00720	0.00480	0.00240	0.00600	0.00420	0.00480	0.00840
11	0.03479	0.01320	0.01799	0.01380	0.01979	0.01140	0.01140	0.03779	0.02219	0.68451	0.03059	0.02639	0.01919	0.00960	0.00780	0.00240	0.00660	0.00780	0.00960	0.01320
12	0.01555	0.04011	0.68733	0.02210	0.03356	0.01801	0.02865	0.02455	0.01637	0.02455	0.01391	0.01637	0.00982	0.00737	0.00737	0.00246	0.01146	0.00573	0.00327	0.01146

[dist]
# distance from previous block
# <min> <max>
0	1

[block]
# block no. 4 follows, 25 sequences, length 7
# corresponding to MSA columns:
# 275-281
name=unknown_E
#
# <colnr> <probs for GDERKNQSTAVLIFYWHMCP>
#	G	D	E	R	K	N	Q	S	T	A	V	L	I	F	Y	W	H	M	C	P
0	0.29543	0.01804	0.07248	0.09657	0.02879	0.01744	0.21965	0.02328	0.05001	0.02743	0.01425	0.01816	0.01101	0.00872	0.00881	0.06062	0.00923	0.00665	0.00431	0.00914
1	0.07186	0.13951	0.02759	0.36357	0.21027	0.01988	0.01976	0.02167	0.01595	0.02207	0.01326	0.01828	0.01064	0.00730	0.00704	0.00234	0.00937	0.00623	0.00362	0.00980
2	0.10055	0.01141	0.01506	0.01840	0.12984	0.01157	0.01264	0.01855	0.04909	0.02552	0.08010	0.06043	0.13058	0.01613	0.00904	0.00295	0.00661	0.28675	0.00644	0.00835
3	0.01681	0.15001	0.40231	0.01893	0.02829	0.01894	0.04891	0.02427	0.04743	0.02401	0.01429	0.01646	0.01088	0.00708	0.00679	0.00211	0.00975	0.00556	0.00376	0.14342
4	0.10237	0.03726	0.61079	0.02075	0.03146	0.01794	0.02635	0.02436	0.01601	0.02571	0.01356	0.01594	0.00966	0.00735	0.00708	0.00245	0.01084	0.00556	0.00345	0.01111
5	0.01620	0.03605	0.57134	0.02100	0.03124	0.01823	0.02581	0.02744	0.12873	0.02592	0.01697	0.01854	0.01222	0.00791	0.00746	0.00249	0.01054	0.00626	0.00407	0.01160
6	0.06881	0.02911	0.44158	0.01858	0.02674	0.01517	0.02204	0.02182	0.01693	0.02556	0.07570	0.03441	0.02235	0.01100	0.00803	0.00268	0.00951	0.13536	0.00463	0.00999

[dist]
# distance from previous block
# <min> <max>
3	38

[block]
# block no. 5 follows, 25 sequences, length 12
# corresponding to MSA columns:
# 321-332
name=unknown_F
#
# <colnr> <probs for GDERKNQSTAVLIFYWHMCP>
#	G	D	E	R	K	N	Q	S	T	A	V	L	I	F	Y	W	H	M	C	P
0	0.04139	0.17902	0.39735	0.02079	0.05166	0.02031	0.06995	0.02482	0.04082	0.04194	0.01525	0.03639	0.01198	0.00778	0.00704	0.00232	0.01014	0.00628	0.00386	0.01094
1	0.10722	0.08928	0.30971	0.04708	0.02563	0.01629	0.03288	0.02205	0.01642	0.05165	0.05705	0.08796	0.01938	0.01000	0.00733	0.00243	0.00871	0.03520	0.00466	0.04908
2	0.12506	0.25627	0.33499	0.01707	0.02522	0.02170	0.01960	0.02312	0.01551	0.02358	0.01351	0.04319	0.01135	0.00800	0.00695	0.00225	0.03302	0.00570	0.00367	0.01023
3	0.05180	0.25563	0.20237	0.01560	0.02180	0.09428	0.01588	0.02163	0.01652	0.02164	0.03867	0.15307	0.01988	0.01070	0.00694	0.00224	0.00872	0.00846	0.00440	0.02978
4	0.14030	0.22501	0.19584	0.01455	0.02102	0.01872	0.01524	0.02209	0.01667	0.05436	0.10059	0.05057	0.02157	0.00962	0.00673	0.00226	0.00780	0.03864	0.00488	0.03354
5	0.01734	0.39679	0.10241	0.01432	0.02019	0.05135	0.04585	0.02054	0.01651	0.01993	0.02659	0.08152	0.13733	0.01060	0.00671	0.00211	0.00802	0.00831	0.00440	0.00917
6	0.01643	0.19091	0.50568	0.01959	0.02941	0.02032	0.02416	0.02364	0.01601	0.02278	0.01362	0.01632	0.01040	0.01014	0.04670	0.00286	0.01130	0.00553	0.00333	0.01086
7	0.01376	0.01144	0.10554	0.01179	0.01341	0.00832	0.00982	0.01214	0.01098	0.01503	0.01353	0.02255	0.01295	0.02418	0.02707	0.66563	0.00740	0.00659	0.00335	0.00451
8	0.50036	0.09768	0.13800	0.01298	0.01929	0.01848	0.01285	0.02435	0.01477	0.08277	0.01293	0.01436	0.00968	0.00736	0.00552	0.00233	0.00729	0.00476	0.00474	0.00950
9	0.01984	0.51239	0.20869	0.01595	0.02370	0.06453	0.01738	0.02400	0.01626	0.01993	0.01167	0.01355	0.00992	0.00690	0.00571	0.00189	0.00944	0.00461	0.00334	0.01029
10	0.13556	0.02077	0.02160	0.01676	0.02277	0.02311	0.01384	0.56444	0.03318	0.04688	0.01751	0.01777	0.01251	0.00901	0.00734	0.00234	0.00817	0.00659	0.00734	0.01251
11	0.13977	0.48614	0.16029	0.01448	0.02175	0.02615	0.01545	0.02341	0.01547	0.02206	0.01138	0.01322	0.00968	0.00686	0.00541	0.00193	0.00854	0.00446	0.00354	0.01000

[dist]
# distance from previous block
# <min> <max>
20	33

[block]
# block no. 6 follows, 25 sequences, length 21
# corresponding to MSA columns:
# 368-388
name=unknown_G
#
# <colnr> <probs for GDERKNQSTAVLIFYWHMCP>
#	G	D	E	R	K	N	Q	S	T	A	V	L	I	F	Y	W	H	M	C	P
0	0.06057	0.04819	0.07835	0.01596	0.02027	0.16123	0.04809	0.02338	0.08238	0.02485	0.12341	0.05112	0.02867	0.03782	0.00916	0.00265	0.00855	0.11411	0.00570	0.05552
1	0.35368	0.01769	0.04421	0.03107	0.01965	0.01868	0.01170	0.25428	0.02235	0.06161	0.01594	0.01809	0.01208	0.03665	0.00758	0.00255	0.00722	0.00593	0.04878	0.01025
2	0.40064	0.05234	0.01319	0.03947	0.01601	0.01476	0.00889	0.02091	0.05522	0.04719	0.09078	0.03204	0.16048	0.01097	0.00656	0.00243	0.00566	0.00825	0.00585	0.00835
3	0.01301	0.00674	0.00998	0.01018	0.01023	0.00668	0.00679	0.01018	0.01064	0.01418	0.01677	0.10252	0.01774	0.02664	0.02800	0.68728	0.00648	0.00846	0.00380	0.00370
4	0.04386	0.46841	0.16528	0.07779	0.02569	0.02617	0.01698	0.05792	0.01691	0.02185	0.01210	0.01430	0.01009	0.00704	0.00585	0.00196	0.00904	0.00486	0.00361	0.01026
5	0.08428	0.01494	0.02550	0.54654	0.04805	0.01759	0.11291	0.02082	0.01571	0.02190	0.01379	0.01998	0.01037	0.00752	0.00769	0.00257	0.01035	0.00698	0.00364	0.00887
6	0.01000	0.00783	0.00910	0.00925	0.01132	0.00693	0.00697	0.01253	0.01868	0.02411	0.25551	0.14564	0.37128	0.01914	0.00936	0.00269	0.00415	0.06112	0.00761	0.00680
7	0.37214	0.01186	0.01075	0.00947	0.01343	0.01253	0.00758	0.02184	0.01526	0.07943	0.01792	0.02000	0.01375	0.00793	0.00534	0.00207	0.00513	0.00563	0.29065	0.07731
8	0.05476	0.00927	0.01165	0.06445	0.01536	0.00889	0.00838	0.01547	0.01938	0.02809	0.44249	0.04919	0.09251	0.06629	0.01071	0.00272	0.00480	0.01201	0.00721	0.07634
9	0.67049	0.01742	0.06513	0.01165	0.01707	0.01790	0.01042	0.06629	0.01504	0.03495	0.01158	0.01331	0.00884	0.00736	0.00520	0.00240	0.00660	0.00451	0.00488	0.00897
10	0.21484	0.03022	0.42256	0.07267	0.02955	0.01811	0.02217	0.02340	0.01523	0.02651	0.01288	0.01576	0.00951	0.00770	0.00774	0.00250	0.04920	0.00548	0.00369	0.01027
11	0.08750	0.01586	0.01904	0.01428	0.02071	0.01454	0.05735	0.11586	0.08193	0.03027	0.01609	0.01774	0.01266	0.00692	0.00641	0.00169	0.00675	0.00565	0.00535	0.46339
12	0.01920	0.01820	0.02550	0.14722	0.34478	0.07088	0.01961	0.06719	0.05892	0.02579	0.01760	0.02475	0.01503	0.00859	0.00777	0.00238	0.00916	0.05527	0.00461	0.05756
13	0.12081	0.01758	0.06325	0.01487	0.02015	0.01701	0.01259	0.21020	0.14324	0.10661	0.02394	0.11635	0.02002	0.01093	0.00751	0.00243	0.00698	0.00883	0.00697	0.06972
14	0.08097	0.11978	0.11566	0.02134	0.09075	0.11754	0.07368	0.15672	0.03952	0.06945	0.03294	0.01841	0.01348	0.00807	0.00716	0.00225	0.00965	0.00641	0.00519	0.01104
15	0.01865	0.02236	0.12352	0.09433	0.08561	0.11756	0.07088	0.08189	0.01855	0.02427	0.01854	0.08862	0.03291	0.01132	0.02515	0.00271	0.09348	0.00826	0.00454	0.05686
16	0.13013	0.04157	0.08870	0.04509	0.02446	0.03226	0.11089	0.02213	0.03914	0.02526	0.03951	0.01862	0.01341	0.00838	0.01012	0.00229	0.13515	0.00634	0.00435	0.20220
17	0.02017	0.20695	0.18143	0.06676	0.07060	0.10021	0.03438	0.05897	0.01820	0.04455	0.01374	0.01609	0.01085	0.00717	0.00660	0.00200	0.00961	0.00546	0.00408	0.12218
18	0.14494	0.01934	0.10280	0.09219	0.02470	0.04392	0.01494	0.14815	0.03520	0.15751	0.04538	0.02224	0.03320	0.00983	0.00895	0.02197	0.05108	0.00700	0.00609	0.01056
19	0.18802	0.09870	0.09076	0.01534	0.02122	0.03712	0.03987	0.08876	0.14811	0.12740	0.05580	0.02172	0.01756	0.00884	0.00691	0.00236	0.00757	0.00683	0.00622	0.01087
20	0.08873	0.01696	0.01964	0.03763	0.02169	0.08670	0.08479	0.07338	0.07023	0.08725	0.07121	0.02555	0.03867	0.05248	0.00919	0.00242	0.00786	0.00751	0.00579	0.19233

[dist]
# distance from previous block
# <min> <max>
8	42

[block]
# block no. 7 follows, 25 sequences, length 8
# corresponding to MSA columns:
# 438-445
name=unknown_H
#
# <colnr> <probs for GDERKNQSTAVLIFYWHMCP>
#	G	D	E	R	K	N	Q	S	T	A	V	L	I	F	Y	W	H	M	C	P
0	0.07199	0.18875	0.05558	0.03825	0.02274	0.02230	0.01409	0.24792	0.08228	0.10653	0.01798	0.01839	0.01334	0.00851	0.00730	0.00220	0.02690	0.00622	0.00614	0.04256
1	0.05394	0.15547	0.04203	0.01574	0.02057	0.08545	0.01330	0.26180	0.02402	0.05642	0.02025	0.13936	0.01867	0.01138	0.00834	0.00238	0.04563	0.00874	0.00605	0.01048
2	0.02335	0.45954	0.06673	0.01561	0.02197	0.13859	0.01457	0.13419	0.02041	0.02401	0.01250	0.01396	0.01051	0.00736	0.00591	0.00187	0.00943	0.00486	0.00420	0.01043
3	0.02203	0.16520	0.03280	0.06843	0.02950	0.02264	0.21085	0.22580	0.06258	0.03144	0.01682	0.01922	0.01278	0.00786	0.00754	0.00230	0.00968	0.00718	0.03426	0.01109
4	0.02545	0.19869	0.11704	0.01729	0.02431	0.02486	0.01625	0.41379	0.02866	0.03807	0.01606	0.01680	0.01194	0.00839	0.00702	0.00218	0.00887	0.00612	0.00606	0.01216
5	0.06760	0.14221	0.02284	0.01498	0.02019	0.02173	0.01254	0.35996	0.07412	0.03712	0.01791	0.01920	0.01370	0.01016	0.00867	0.06227	0.00762	0.00646	0.06969	0.01103
6	0.02005	0.55033	0.09020	0.01444	0.02108	0.02765	0.01437	0.02646	0.12880	0.02123	0.01465	0.01563	0.01233	0.00737	0.00568	0.00189	0.00818	0.00508	0.00411	0.01048
7	0.08230	0.14238	0.02308	0.01464	0.02086	0.02076	0.01236	0.28518	0.07053	0.03510	0.01630	0.01714	0.01255	0.00783	0.00652	0.00193	0.00739	0.00577	0.00594	0.21144

[dist]
# distance from previous block
# <min> <max>
0	3

[block]
# block no. 8 follows, 25 sequences, length 78
# corresponding to MSA columns:
# 449-526
name=unknown_I
#
# <colnr> <probs for GDERKNQSTAVLIFYWHMCP>
#	G	D	E	R	K	N	Q	S	T	A	V	L	I	F	Y	W	H	M	C	P
0	0.01210	0.00991	0.03315	0.04543	0.01576	0.00910	0.00977	0.06669	0.01719	0.02297	0.03850	0.49586	0.06461	0.02062	0.00945	0.00299	0.00563	0.08040	0.00685	0.03300
1	0.05378	0.07458	0.01840	0.01213	0.01849	0.01315	0.00999	0.02053	0.01588	0.04588	0.01373	0.01598	0.01138	0.00644	0.00677	0.00141	0.04440	0.00476	0.00459	0.60773
2	0.07843	0.06215	0.60954	0.02082	0.03156	0.01840	0.02646	0.02436	0.01609	0.02517	0.01355	0.01592	0.00971	0.00733	0.00707	0.00242	0.01090	0.00555	0.00340	0.01116
3	0.00981	0.00701	0.00938	0.01097	0.01164	0.00658	0.00761	0.01152	0.01567	0.02100	0.09593	0.61848	0.05262	0.02336	0.00989	0.00312	0.00463	0.06702	0.00731	0.00645
4	0.01246	0.01030	0.03850	0.01489	0.01711	0.00937	0.03904	0.01606	0.01742	0.02288	0.03920	0.16436	0.04282	0.02065	0.01041	0.00343	0.00721	0.49969	0.00687	0.00733
5	0.01884	0.44743	0.25278	0.01775	0.02606	0.02563	0.07045	0.02379	0.01616	0.02085	0.01221	0.01442	0.01006	0.00687	0.00610	0.00200	0.00972	0.00507	0.00335	0.01049
6	0.03221	0.01369	0.01788	0.01401	0.01971	0.01253	0.01147	0.05990	0.08856	0.57255	0.05184	0.02742	0.02124	0.00989	0.00785	0.00242	0.00652	0.00808	0.00932	0.01290
7	0.01093	0.00788	0.01036	0.01009	0.01180	0.00732	0.00759	0.01439	0.02113	0.02971	0.58732	0.11556	0.06977	0.01687	0.00929	0.00256	0.00392	0.04796	0.00835	0.00722
8	0.01347	0.00673	0.01010	0.01010	0.01010	0.00673	0.00673	0.01010	0.01010	0.01347	0.01347	0.02357	0.01347	0.02694	0.03030	0.77441	0.00673	0.00673	0.00337	0.00337
9	0.02014	0.01708	0.01802	0.01595	0.02049	0.01969	0.01248	0.09282	0.61211	0.03382	0.03047	0.02806	0.02278	0.01042	0.00788	0.00260	0.00634	0.00862	0.00788	0.01235
10	0.01158	0.00729	0.00976	0.01105	0.01197	0.00673	0.00755	0.01307	0.01546	0.07585	0.04171	0.66375	0.04858	0.02305	0.00972	0.00309	0.00468	0.02084	0.00740	0.00688
11	0.01552	0.01657	0.05742	0.52373	0.04958	0.01781	0.16627	0.02117	0.01618	0.02117	0.01422	0.02054	0.01064	0.00746	0.00806	0.00259	0.01101	0.00736	0.00355	0.00916
12	0.02073	0.73217	0.04063	0.01327	0.01990	0.03068	0.01327	0.02322	0.01575	0.01824	0.01078	0.01244	0.00995	0.00663	0.00498	0.00166	0.00829	0.00415	0.00332	0.00995
13	0.01514	0.01475	0.02632	0.61687	0.05165	0.01755	0.10717	0.02049	0.01588	0.02049	0.01404	0.02070	0.01053	0.00759	0.00794	0.00259	0.01071	0.00720	0.00351	0.00886
14	0.01578	0.03849	0.63323	0.02299	0.03415	0.01814	0.08113	0.02458	0.01653	0.02458	0.01406	0.01675	0.00999	0.00730	0.00752	0.00247	0.01159	0.00602	0.00333	0.01137
15	0.01635	0.01500	0.02370	0.54794	0.07704	0.01853	0.02059	0.07330	0.01700	0.02240	0.01385	0.02004	0.01065	0.00845	0.00958	0.00263	0.08306	0.00689	0.00382	0.00916
16	0.01128	0.00752	0.00846	0.00846	0.00846	0.00752	0.00470	0.01128	0.01128	0.01503	0.02443	0.05074	0.02819	0.72751	0.03946	0.00752	0.00752	0.01128	0.00470	0.00470
17	0.01919	0.01842	0.03147	0.04759	0.67914	0.01842	0.02380	0.02380	0.01765	0.02533	0.01458	0.01919	0.01228	0.00691	0.00768	0.00230	0.00921	0.00691	0.00384	0.01228
18	0.03234	0.01528	0.07418	0.01436	0.02067	0.01181	0.01271	0.03587	0.02169	0.60626	0.05147	0.02664	0.02027	0.00962	0.00781	0.00241	0.00691	0.00784	0.00903	0.01285
19	0.01845	0.02050	0.04338	0.03516	0.14661	0.01941	0.54680	0.02466	0.01819	0.02492	0.01550	0.02063	0.01185	0.00660	0.00891	0.00256	0.01243	0.00878	0.00391	0.01076
20	0.01555	0.04011	0.68733	0.02210	0.03356	0.01801	0.02865	0.02455	0.01637	0.02455	0.01391	0.01637	0.00982	0.00737	0.00737	0.00246	0.01146	0.00573	0.00327	0.01146
21	0.01304	0.00970	0.01405	0.01700	0.07029	0.00970	0.01342	0.01670	0.01783	0.02338	0.03889	0.08188	0.04198	0.02023	0.01046	0.00347	0.00731	0.57625	0.00687	0.00756
22	0.01590	0.03765	0.60521	0.02345	0.03445	0.01821	0.10831	0.02459	0.01662	0.02459	0.01414	0.01695	0.01007	0.00726	0.00759	0.00248	0.01167	0.00617	0.00336	0.01133
23	0.01857	0.01779	0.03035	0.13756	0.59401	0.01826	0.02349	0.02325	0.01736	0.02458	0.01448	0.01939	0.01202	0.00702	0.00769	0.00234	0.00936	0.00691	0.00378	0.01178
24	0.01696	0.01696	0.02375	0.02036	0.02036	0.02375	0.01696	0.01866	0.01187	0.01866	0.01018	0.01696	0.01018	0.01357	0.02545	0.00339	0.71332	0.00679	0.00339	0.00848
25	0.01820	0.02061	0.04408	0.03174	0.03899	0.01992	0.60280	0.02437	0.01781	0.02437	0.01527	0.02061	0.01164	0.00707	0.01039	0.00267	0.06629	0.00897	0.00388	0.01031
26	0.01377	0.00880	0.01140	0.01056	0.01284	0.00824	0.00798	0.01803	0.05215	0.09948	0.52261	0.10923	0.06323	0.01564	0.00901	0.00250	0.00416	0.01379	0.00850	0.00809
27	0.01830	0.02092	0.04575	0.03268	0.04052	0.01961	0.65098	0.02484	0.01830	0.02484	0.01569	0.02092	0.01176	0.00654	0.00915	0.00261	0.01307	0.00915	0.00392	0.01046
28	0.00945	0.00675	0.00900	0.01080	0.01125	0.00630	0.00720	0.01080	0.01484	0.01979	0.04274	0.72245	0.05128	0.02429	0.00990	0.00315	0.00450	0.02204	0.00720	0.00630
29	0.01977	0.01689	0.01780	0.01588	0.02035	0.01951	0.01239	0.07010	0.63545	0.03321	0.03095	0.02844	0.02317	0.01046	0.00788	0.00262	0.00625	0.00868	0.00788	0.01232
30	0.01249	0.00892	0.01249	0.01428	0.01606	0.00892	0.01249	0.01606	0.01785	0.02320	0.04105	0.08746	0.04462	0.02142	0.01071	0.00357	0.00714	0.62695	0.00714	0.00714
31	0.01108	0.00831	0.01246	0.01246	0.01385	0.00969	0.00969	0.01385	0.01246	0.01800	0.02077	0.03046	0.01938	0.05815	0.69678	0.01246	0.02077	0.00831	0.00415	0.00692
32	0.01464	0.01378	0.02326	0.70887	0.05340	0.01723	0.02153	0.01981	0.01550	0.01981	0.01378	0.02067	0.01034	0.00775	0.00775	0.00258	0.01034	0.00689	0.00345	0.00861
33	0.01464	0.01378	0.02326	0.70887	0.05340	0.01723	0.02153	0.01981	0.01550	0.01981	0.01378	0.02067	0.01034	0.00775	0.00775	0.00258	0.01034	0.00689	0.00345	0.00861
34	0.00945	0.00675	0.00900	0.01080	0.01125	0.00630	0.00720	0.01080	0.01484	0.01979	0.04274	0.72245	0.05128	0.02429	0.00990	0.00315	0.00450	0.02204	0.00720	0.00630
35	0.03479	0.01320	0.01799	0.01380	0.01979	0.01140	0.01140	0.03779	0.02219	0.68451	0.03059	0.02639	0.01919	0.00960	0.00780	0.00240	0.00660	0.00780	0.00960	0.01320
36	0.00945	0.00675	0.00900	0.01080	0.01125	0.00630	0.00720	0.01080	0.01484	0.01979	0.04274	0.72245	0.05128	0.02429	0.00990	0.00315	0.00450	0.02204	0.00720	0.00630
37	0.00916	0.00785	0.00785	0.00785	0.01047	0.00655	0.00589	0.01113	0.01767	0.02095	0.07855	0.07462	0.67599	0.01964	0.00916	0.00262	0.00393	0.01636	0.00720	0.00655
38	0.01464	0.01378	0.02326	0.70887	0.05340	0.01723	0.02153	0.01981	0.01550	0.01981	0.01378	0.02067	0.01034	0.00775	0.00775	0.00258	0.01034	0.00689	0.00345	0.00861
39	0.01347	0.00673	0.01010	0.01010	0.01010	0.00673	0.00673	0.01010	0.01010	0.01347	0.01347	0.02357	0.01347	0.02694	0.03030	0.77441	0.00673	0.00673	0.00337	0.00337
40	0.01084	0.00782	0.01024	0.00985	0.01155	0.00722	0.00731	0.01429	0.02131	0.03007	0.61801	0.11786	0.07119	0.01661	0.00921	0.00250	0.00373	0.01475	0.00841	0.00722
41	0.01464	0.01378	0.02326	0.70887	0.05340	0.01723	0.02153	0.01981	0.01550	0.01981	0.01378	0.02067	0.01034	0.00775	0.00775	0.00258	0.01034	0.00689	0.00345	0.00861
42	0.02067	0.01734	0.01831	0.01606	0.02069	0.01993	0.01261	0.12448	0.57960	0.03467	0.02980	0.02753	0.02224	0.01035	0.00787	0.00259	0.00646	0.00852	0.00787	0.01240
43	0.00945	0.00675	0.00900	0.01080	0.01125	0.00630	0.00720	0.01080	0.01484	0.01979	0.04274	0.72245	0.05128	0.02429	0.00990	0.00315	0.00450	0.02204	0.00720	0.00630
44	0.01758	0.01976	0.04275	0.03089	0.03813	0.01852	0.59833	0.02369	0.01802	0.02442	0.01790	0.07829	0.01500	0.00799	0.00921	0.00266	0.01237	0.01020	0.00419	0.01012
45	0.38665	0.01932	0.04583	0.01409	0.01961	0.06149	0.01195	0.20589	0.05249	0.09206	0.01591	0.01651	0.01157	0.00822	0.00630	0.00237	0.00752	0.00563	0.00608	0.01053
46	0.01463	0.01351	0.02259	0.67961	0.05155	0.01681	0.02086	0.01974	0.01554	0.02019	0.01426	0.02102	0.01073	0.00781	0.00765	0.00255	0.01006	0.00690	0.03544	0.00856
47	0.01073	0.00792	0.01002	0.00950	0.01143	0.00721	0.00712	0.01416	0.02137	0.02972	0.59420	0.06018	0.15487	0.01636	0.00915	0.00246	0.00369	0.01434	0.00835	0.00721
48	0.01818	0.02174	0.07333	0.03222	0.04022	0.01954	0.62423	0.02482	0.01822	0.02482	0.01561	0.02072	0.01168	0.00657	0.00907	0.00261	0.01300	0.00900	0.00389	0.01050
49	0.01641	0.15507	0.57991	0.02063	0.03129	0.02011	0.02609	0.02433	0.01627	0.02351	0.01339	0.01572	0.00984	0.00724	0.00697	0.00232	0.01093	0.00547	0.00328	0.01121
50	0.01830	0.02092	0.04575	0.03268	0.04052	0.01961	0.65098	0.02484	0.01830	0.02484	0.01569	0.02092	0.01176	0.00654	0.00915	0.00261	0.01307	0.00915	0.00392	0.01046
51	0.01830	0.02092	0.04575	0.03268	0.04052	0.01961	0.65098	0.02484	0.01830	0.02484	0.01569	0.02092	0.01176	0.00654	0.00915	0.00261	0.01307	0.00915	0.00392	0.01046
52	0.02852	0.07469	0.02299	0.01961	0.02375	0.66025	0.01489	0.03054	0.02164	0.01894	0.01192	0.01390	0.00999	0.00792	0.00688	0.00198	0.01367	0.00495	0.00396	0.00904
53	0.01464	0.01378	0.02326	0.70887	0.05340	0.01723	0.02153	0.01981	0.01550	0.01981	0.01378	0.02067	0.01034	0.00775	0.00775	0.00258	0.01034	0.00689	0.00345	0.00861
54	0.00945	0.00675	0.00900	0.01080	0.01125	0.00630	0.00720	0.01080	0.01484	0.01979	0.04274	0.72245	0.05128	0.02429	0.00990	0.00315	0.00450	0.02204	0.00720	0.00630
55	0.01830	0.02092	0.04575	0.03268	0.04052	0.01961	0.65098	0.02484	0.01830	0.02484	0.01569	0.02092	0.01176	0.00654	0.00915	0.00261	0.01307	0.00915	0.00392	0.01046
56	0.02988	0.02174	0.02278	0.01761	0.02369	0.05476	0.01448	0.57357	0.03461	0.09944	0.01928	0.01903	0.01353	0.00927	0.00772	0.00232	0.00863	0.00695	0.00773	0.01299
57	0.02947	0.02172	0.02327	0.01784	0.02404	0.02404	0.01474	0.65329	0.03646	0.04887	0.01862	0.01862	0.01319	0.00931	0.00776	0.00233	0.00853	0.00698	0.00776	0.01319
58	0.01126	0.00758	0.00878	0.00878	0.00890	0.00769	0.00511	0.01149	0.01137	0.01528	0.02413	0.04908	0.02747	0.67277	0.09322	0.00792	0.00860	0.01103	0.00465	0.00488
59	0.02073	0.73217	0.04063	0.01327	0.01990	0.03068	0.01327	0.02322	0.01575	0.01824	0.01078	0.01244	0.00995	0.00663	0.00498	0.00166	0.00829	0.00415	0.00332	0.00995
60	0.01027	0.00784	0.00943	0.00915	0.01118	0.00700	0.00682	0.01323	0.02013	0.02703	0.43794	0.09551	0.28117	0.01757	0.00919	0.00253	0.00379	0.01522	0.00801	0.00700
61	0.00916	0.00785	0.00785	0.00785	0.01047	0.00655	0.00589	0.01113	0.01767	0.02095	0.07855	0.07462	0.67599	0.01964	0.00916	0.00262	0.00393	0.01636	0.00720	0.00655
62	0.00945	0.00675	0.00900	0.01080	0.01125	0.00630	0.00720	0.01080	0.01484	0.01979	0.04274	0.72245	0.05128	0.02429	0.00990	0.00315	0.00450	0.02204	0.00720	0.00630
63	0.01940	0.07308	0.01935	0.01558	0.02014	0.02018	0.01235	0.03978	0.61392	0.03132	0.02992	0.02763	0.02259	0.01021	0.00766	0.00255	0.00631	0.00840	0.00753	0.01209
64	0.01711	0.01738	0.02609	0.02167	0.02250	0.02331	0.08431	0.01932	0.01256	0.01932	0.01076	0.01738	0.01035	0.01282	0.02371	0.00331	0.63894	0.00704	0.00345	0.00869
65	0.01464	0.01378	0.02326	0.70887	0.05340	0.01723	0.02153	0.01981	0.01550	0.01981	0.01378	0.02067	0.01034	0.00775	0.00775	0.00258	0.01034	0.00689	0.00345	0.00861
66	0.01919	0.01842	0.03147	0.04759	0.67914	0.01842	0.02380	0.02380	0.01765	0.02533	0.01458	0.01919	0.01228	0.00691	0.00768	0.00230	0.00921	0.00691	0.00384	0.01228
67	0.01555	0.04011	0.68733	0.02210	0.03356	0.01801	0.02865	0.02455	0.01637	0.02455	0.01391	0.01637	0.00982	0.00737	0.00737	0.00246	0.01146	0.00573	0.00327	0.01146
68	0.00945	0.00675	0.00900	0.01080	0.01125	0.00630	0.00720	0.01080	0.01484	0.01979	0.04274	0.72245	0.05128	0.02429	0.00990	0.00315	0.00450	0.02204	0.00720	0.00630
69	0.00945	0.00675	0.00900	0.01080	0.01125	0.00630	0.00720	0.01080	0.01484	0.01979	0.04274	0.72245	0.05128	0.02429	0.00990	0.00315	0.00450	0.02204	0.00720	0.00630
70	0.01464	0.01378	0.02326	0.70887	0.05340	0.01723	0.02153	0.01981	0.01550	0.01981	0.01378	0.02067	0.01034	0.00775	0.00775	0.00258	0.01034	0.00689	0.00345	0.00861
71	0.01258	0.00874	0.01196	0.01349	0.01527	0.00871	0.01167	0.01616	0.01792	0.02405	0.07010	0.08126	0.04396	0.02014	0.01020	0.00337	0.00668	0.54694	0.06964	0.00716
72	0.78228	0.01499	0.01140	0.01020	0.01499	0.01739	0.00840	0.02279	0.01320	0.03479	0.01080	0.01260	0.00840	0.00720	0.00480	0.00240	0.00600	0.00420	0.00480	0.00840
73	0.11875	0.01405	0.01743	0.01372	0.01946	0.01326	0.01127	0.06322	0.07249	0.53108	0.02788	0.02467	0.01805	0.00938	0.00746	0.00241	0.00658	0.00743	0.00883	0.01257
74	0.09873	0.01347	0.01741	0.01355	0.01939	0.01218	0.01117	0.03661	0.04278	0.60682	0.02891	0.02529	0.01841	0.00942	0.00754	0.00241	0.00653	0.00752	0.00913	0.01275
75	0.02900	0.01615	0.01872	0.01578	0.02086	0.03879	0.01250	0.05829	0.20694	0.36951	0.05943	0.03340	0.02520	0.01191	0.00879	0.00286	0.00732	0.04237	0.00915	0.01302
76	0.02884	0.01579	0.01770	0.01436	0.01944	0.07783	0.01154	0.08615	0.09014	0.40823	0.11831	0.02924	0.02585	0.01039	0.00792	0.00238	0.00700	0.00844	0.00858	0.01187
77	0.08332	0.01352	0.01552	0.01346	0.01704	0.04231	0.01084	0.06689	0.06968	0.19617	0.20900	0.03900	0.05450	0.01276	0.00967	0.00259	0.06570	0.06061	0.00761	0.00980

[dist]
# distance from previous block
# <min> <max>
0	17

# created by:
# /st0/software/busco_prod/Augustus/scripts/msa2prfl.pl ./align_prep/103926.fa
