[name]
unknown

[dist]
# distance from previous block
# <min> <max>
0	84

[block]
# block no. 0 follows, 25 sequences, length 7
# corresponding to MSA columns:
# 84-90
name=unknown_A
#
# <colnr> <probs for GDERKNQSTAVLIFYWHMCP>
#	G	D	E	R	K	N	Q	S	T	A	V	L	I	F	Y	W	H	M	C	P
0	0.01249	0.00892	0.01249	0.01428	0.01606	0.00892	0.01249	0.01606	0.01785	0.02320	0.04105	0.08746	0.04462	0.02142	0.01071	0.00357	0.00714	0.62695	0.00714	0.00714
1	0.02619	0.01920	0.02077	0.01677	0.02230	0.02131	0.01358	0.38209	0.26389	0.09316	0.02427	0.02298	0.01747	0.00977	0.00781	0.00244	0.00751	0.00769	0.00795	0.01285
2	0.01872	0.02177	0.07815	0.03051	0.03799	0.02002	0.54233	0.06106	0.01887	0.02585	0.01543	0.02030	0.01165	0.00716	0.00994	0.00264	0.05427	0.00870	0.00408	0.01055
3	0.01552	0.01491	0.02244	0.54902	0.09787	0.05591	0.01974	0.01997	0.01565	0.01975	0.01475	0.02302	0.01217	0.07600	0.01071	0.00300	0.01019	0.00720	0.00363	0.00856
4	0.07185	0.01703	0.02801	0.20962	0.47651	0.01805	0.02215	0.02273	0.01680	0.02462	0.01412	0.01909	0.01152	0.00714	0.00749	0.00238	0.00926	0.00671	0.00381	0.01109
5	0.01511	0.01409	0.02361	0.54318	0.15461	0.01664	0.02079	0.02007	0.01637	0.02162	0.06617	0.02337	0.01563	0.00825	0.00785	0.00253	0.00962	0.00746	0.00391	0.00912
6	0.01834	0.01274	0.01673	0.07968	0.02087	0.01270	0.03587	0.15092	0.02131	0.10637	0.09667	0.25258	0.03216	0.01427	0.00844	0.00252	0.00652	0.01254	0.00698	0.09178

[dist]
# distance from previous block
# <min> <max>
7	26

[block]
# block no. 1 follows, 25 sequences, length 108
# corresponding to MSA columns:
# 118-225
name=unknown_B
#
# <colnr> <probs for GDERKNQSTAVLIFYWHMCP>
#	G	D	E	R	K	N	Q	S	T	A	V	L	I	F	Y	W	H	M	C	P
0	0.08357	0.01699	0.08288	0.01650	0.02138	0.01525	0.10091	0.16053	0.04527	0.08590	0.09815	0.11551	0.02637	0.08224	0.01124	0.00303	0.00780	0.01020	0.00643	0.00982
1	0.08741	0.04122	0.03888	0.06418	0.01777	0.01102	0.01040	0.01946	0.01852	0.11087	0.24781	0.12658	0.04063	0.01359	0.00810	0.00248	0.00568	0.05137	0.03668	0.04736
2	0.01953	0.07397	0.04979	0.01339	0.01742	0.01354	0.01118	0.08821	0.09423	0.16722	0.08881	0.20916	0.06715	0.01462	0.00839	0.00261	0.00622	0.03727	0.00744	0.00986
3	0.08284	0.10121	0.09624	0.02345	0.05306	0.01846	0.29129	0.05338	0.01814	0.02594	0.05274	0.08328	0.01921	0.00949	0.00814	0.00252	0.00991	0.03613	0.00471	0.00986
4	0.04231	0.29494	0.38911	0.01765	0.02659	0.02213	0.02105	0.02366	0.01603	0.02277	0.01325	0.01544	0.01035	0.00718	0.00629	0.00212	0.00969	0.00517	0.04370	0.01058
5	0.01821	0.39580	0.35496	0.01756	0.02654	0.02452	0.02074	0.02387	0.01605	0.02131	0.01230	0.01435	0.00989	0.00699	0.00614	0.00205	0.00983	0.00492	0.00330	0.01068
6	0.01933	0.53632	0.19551	0.01568	0.02320	0.02735	0.01712	0.02335	0.01574	0.01978	0.01151	0.01357	0.00993	0.00709	0.00639	0.00192	0.03801	0.00464	0.00331	0.01025
7	0.07733	0.32560	0.33222	0.01729	0.02596	0.02355	0.01998	0.05579	0.01689	0.02395	0.01261	0.01456	0.00994	0.00715	0.00619	0.00211	0.00957	0.00502	0.00364	0.01068
8	0.02031	0.67643	0.09272	0.01398	0.02100	0.02966	0.01451	0.02332	0.01580	0.01875	0.01103	0.01275	0.00994	0.00669	0.00517	0.00172	0.00855	0.00427	0.00331	0.01007
9	0.07693	0.01182	0.01427	0.01215	0.01611	0.01125	0.00962	0.09516	0.02156	0.21727	0.20571	0.10984	0.06998	0.01330	0.00819	0.00245	0.00558	0.03190	0.00796	0.05895
10	0.02327	0.01724	0.01879	0.01595	0.02055	0.04786	0.01291	0.22993	0.19120	0.11125	0.02635	0.06043	0.02184	0.01174	0.00881	0.00257	0.03483	0.08622	0.00741	0.05083
11	0.01115	0.00750	0.00866	0.00878	0.00887	0.00753	0.00508	0.01135	0.01156	0.01548	0.02549	0.09457	0.02935	0.65203	0.06567	0.00744	0.00788	0.01186	0.00484	0.00490
12	0.02065	0.01733	0.01830	0.01606	0.02068	0.01992	0.01260	0.12331	0.58080	0.03464	0.02982	0.02754	0.02226	0.01036	0.00787	0.00259	0.00646	0.00853	0.00787	0.01240
13	0.01782	0.02015	0.04377	0.03150	0.03894	0.01889	0.61624	0.02408	0.01811	0.02456	0.01715	0.05877	0.01390	0.00749	0.00919	0.00264	0.01261	0.00985	0.00410	0.01023
14	0.01517	0.01294	0.01504	0.01115	0.01736	0.00982	0.00881	0.01839	0.01615	0.02463	0.02061	0.05591	0.06885	0.00782	0.00623	0.00137	0.00553	0.00644	0.00494	0.67283
15	0.02653	0.02025	0.02161	0.01724	0.02292	0.02267	0.01402	0.47623	0.21832	0.04411	0.02236	0.02160	0.01622	0.00966	0.00779	0.00241	0.00784	0.00750	0.00779	0.01292
16	0.02347	0.01863	0.01944	0.01635	0.02133	0.04219	0.01301	0.25078	0.38016	0.06418	0.04768	0.02574	0.02106	0.01016	0.00785	0.00249	0.00715	0.00816	0.00781	0.01235
17	0.02824	0.02118	0.02312	0.01883	0.04919	0.02344	0.01489	0.57867	0.08724	0.04660	0.01952	0.01948	0.01401	0.00931	0.00776	0.00235	0.00836	0.00712	0.00762	0.01308
18	0.01830	0.02092	0.04575	0.03268	0.04052	0.01961	0.65098	0.02484	0.01830	0.02484	0.01569	0.02092	0.01176	0.00654	0.00915	0.00261	0.01307	0.00915	0.00392	0.01046
19	0.01197	0.00811	0.01064	0.00998	0.01193	0.00745	0.00749	0.01549	0.02165	0.05967	0.61860	0.08571	0.06980	0.01594	0.00912	0.00247	0.00383	0.01410	0.00852	0.00753
20	0.01794	0.02033	0.04424	0.03178	0.03932	0.01906	0.62454	0.02426	0.01816	0.02463	0.01680	0.04972	0.01339	0.00727	0.00918	0.00264	0.01272	0.00968	0.00406	0.01029
21	0.01553	0.01469	0.02486	0.57942	0.17589	0.01746	0.02198	0.02059	0.01592	0.02089	0.01394	0.02038	0.01072	0.00759	0.00774	0.00253	0.01012	0.00689	0.00352	0.00933
22	0.51692	0.01480	0.01401	0.01169	0.01692	0.01593	0.00964	0.06049	0.01714	0.23176	0.01719	0.01708	0.01191	0.00803	0.00586	0.00240	0.00631	0.00543	0.00640	0.01010
23	0.01091	0.00863	0.01276	0.18580	0.02206	0.00918	0.01107	0.01334	0.01517	0.01998	0.03539	0.51245	0.04067	0.01999	0.00940	0.00303	0.00610	0.05089	0.00625	0.00692
24	0.01704	0.13078	0.57371	0.02058	0.03117	0.01941	0.02589	0.02493	0.01653	0.05118	0.01419	0.01627	0.01023	0.00736	0.00707	0.00235	0.01084	0.00561	0.00354	0.01133
25	0.02100	0.02215	0.02621	0.18582	0.28901	0.19155	0.02007	0.05548	0.01876	0.02313	0.01361	0.01800	0.01114	0.00800	0.00887	0.00237	0.06410	0.00641	0.00395	0.01037
26	0.01012	0.00712	0.00912	0.01017	0.01067	0.00685	0.00667	0.01138	0.01444	0.01947	0.09200	0.46153	0.04585	0.20668	0.04691	0.00461	0.00590	0.01798	0.00654	0.00600
27	0.02105	0.01832	0.01847	0.01625	0.02084	0.05426	0.01272	0.11717	0.55391	0.03380	0.02895	0.02688	0.02166	0.01024	0.00783	0.00256	0.00683	0.00835	0.00768	0.01222
28	0.01918	0.01639	0.04229	0.01392	0.02085	0.01346	0.03649	0.13384	0.02003	0.05172	0.01529	0.01708	0.01200	0.00660	0.00636	0.00151	0.00676	0.00535	0.00525	0.55563
29	0.02693	0.04524	0.01782	0.01352	0.01851	0.01344	0.01103	0.08514	0.10077	0.38743	0.16152	0.03191	0.02993	0.01084	0.00796	0.00240	0.00618	0.00896	0.00874	0.01173
30	0.01815	0.02195	0.08037	0.03211	0.04015	0.01952	0.61740	0.02482	0.01820	0.02482	0.01559	0.02067	0.01166	0.00658	0.00905	0.00261	0.01298	0.00897	0.00389	0.01051
31	0.01073	0.00791	0.01007	0.00979	0.01165	0.00724	0.00738	0.01404	0.02081	0.02876	0.53099	0.09593	0.15066	0.01707	0.00927	0.00256	0.00391	0.04587	0.00822	0.00715
32	0.02008	0.64576	0.12138	0.01437	0.02161	0.02910	0.01519	0.02338	0.01583	0.01903	0.01117	0.01293	0.00993	0.00673	0.00527	0.00176	0.00869	0.00434	0.00331	0.01014
33	0.01623	0.01698	0.03304	0.26404	0.04081	0.01816	0.32287	0.02143	0.01645	0.02212	0.01656	0.07402	0.01413	0.00899	0.01029	0.00272	0.07876	0.00912	0.00396	0.00931
34	0.01885	0.01794	0.03051	0.04590	0.64547	0.01794	0.02322	0.02340	0.01766	0.02522	0.01593	0.02266	0.01392	0.00765	0.00783	0.00237	0.00911	0.03839	0.00401	0.01202
35	0.01806	0.01311	0.01502	0.01332	0.01695	0.01402	0.01036	0.05220	0.32811	0.10045	0.27897	0.03947	0.04190	0.01244	0.00836	0.00252	0.00531	0.01063	0.00831	0.01049
36	0.03430	0.01399	0.01848	0.01417	0.02019	0.01257	0.01171	0.09483	0.02351	0.62560	0.02948	0.02567	0.01864	0.00957	0.00779	0.00239	0.00678	0.00772	0.00943	0.01319
37	0.01555	0.04011	0.68733	0.02210	0.03356	0.01801	0.02865	0.02455	0.01637	0.02455	0.01391	0.01637	0.00982	0.00737	0.00737	0.00246	0.01146	0.00573	0.00327	0.01146
38	0.01097	0.00793	0.01036	0.00975	0.01158	0.00732	0.00732	0.01463	0.02195	0.03109	0.67505	0.05792	0.07316	0.01585	0.00914	0.00244	0.00366	0.01402	0.00854	0.00732
39	0.01081	0.00792	0.01013	0.00958	0.01148	0.00725	0.00719	0.01431	0.02156	0.03016	0.62026	0.05945	0.12853	0.01620	0.00915	0.00246	0.00368	0.01424	0.00841	0.00725
40	0.01835	0.02078	0.04500	0.03346	0.07411	0.01955	0.61799	0.02478	0.01827	0.02486	0.01563	0.02082	0.01179	0.00656	0.00907	0.00260	0.01287	0.00903	0.00392	0.01055
41	0.01117	0.00794	0.01059	0.01059	0.01133	0.00868	0.00736	0.01264	0.01191	0.01661	0.02248	0.03994	0.02350	0.37089	0.38967	0.01015	0.01458	0.00969	0.00441	0.00588
42	0.00980	0.00773	0.00818	0.00822	0.01005	0.00682	0.00571	0.01132	0.01616	0.01991	0.09296	0.09438	0.45733	0.19795	0.01683	0.00387	0.00484	0.01520	0.00664	0.00611
43	0.00959	0.00681	0.00896	0.01062	0.01103	0.00639	0.00701	0.01083	0.01457	0.01943	0.04134	0.67116	0.04952	0.07799	0.01215	0.00348	0.00473	0.02122	0.00701	0.00618
44	0.01041	0.00798	0.00961	0.00962	0.01170	0.00718	0.00740	0.01332	0.01954	0.02581	0.34451	0.09145	0.30116	0.01830	0.00937	0.00267	0.00422	0.09098	0.00780	0.00696
45	0.01919	0.01842	0.03147	0.04759	0.67914	0.01842	0.02380	0.02380	0.01765	0.02533	0.01458	0.01919	0.01228	0.00691	0.00768	0.00230	0.00921	0.00691	0.00384	0.01228
46	0.02060	0.69547	0.04089	0.01427	0.02096	0.03011	0.04618	0.02330	0.01589	0.01858	0.01103	0.01288	0.01004	0.00663	0.00519	0.00171	0.00854	0.00440	0.00335	0.00998
47	0.01830	0.02092	0.04575	0.03268	0.04052	0.01961	0.65098	0.02484	0.01830	0.02484	0.01569	0.02092	0.01176	0.00654	0.00915	0.00261	0.01307	0.00915	0.00392	0.01046
48	0.01897	0.01819	0.03107	0.08031	0.64818	0.01836	0.02368	0.02360	0.01755	0.02506	0.01454	0.01926	0.01219	0.00695	0.00768	0.00232	0.00927	0.00691	0.00382	0.01210
49	0.01919	0.01842	0.03147	0.04759	0.67914	0.01842	0.02380	0.02380	0.01765	0.02533	0.01458	0.01919	0.01228	0.00691	0.00768	0.00230	0.00921	0.00691	0.00384	0.01228
50	0.00996	0.00788	0.00878	0.00866	0.01082	0.00692	0.00642	0.01232	0.01843	0.02352	0.24738	0.06830	0.42987	0.07331	0.01155	0.00297	0.00423	0.03462	0.00739	0.00665
51	0.01608	0.01378	0.01608	0.01148	0.01837	0.01034	0.00919	0.01952	0.01608	0.02527	0.01378	0.01608	0.01148	0.00574	0.00574	0.00115	0.00574	0.00459	0.00459	0.77491
52	0.00991	0.00793	0.00889	0.00879	0.01112	0.00691	0.00669	0.01250	0.01904	0.02428	0.26568	0.07000	0.45167	0.01853	0.00924	0.00261	0.00401	0.04774	0.00762	0.00682
53	0.01526	0.01441	0.02436	0.61964	0.13783	0.01739	0.02184	0.02035	0.01579	0.02056	0.01389	0.02047	0.01060	0.00764	0.00774	0.00255	0.01018	0.00689	0.00350	0.00911
54	0.01464	0.01378	0.02326	0.70887	0.05340	0.01723	0.02153	0.01981	0.01550	0.01981	0.01378	0.02067	0.01034	0.00775	0.00775	0.00258	0.01034	0.00689	0.00345	0.00861
55	0.03412	0.01334	0.01797	0.01388	0.01981	0.01173	0.01143	0.03793	0.04975	0.65656	0.03063	0.02650	0.01939	0.00964	0.00780	0.00241	0.00658	0.00784	0.00952	0.01316
56	0.02052	0.70463	0.06637	0.01362	0.02044	0.03018	0.01388	0.02327	0.01578	0.01849	0.01090	0.01259	0.00995	0.00666	0.00507	0.00169	0.00842	0.00421	0.00332	0.01001
57	0.00931	0.00729	0.00843	0.00934	0.01086	0.00642	0.00655	0.01096	0.01624	0.02036	0.06043	0.40231	0.36000	0.02199	0.00953	0.00289	0.00422	0.01924	0.00720	0.00642
58	0.07708	0.00895	0.01084	0.00995	0.01245	0.00842	0.00761	0.01691	0.02083	0.08495	0.50832	0.05312	0.12144	0.01497	0.00867	0.00245	0.00412	0.01291	0.00818	0.00782
59	0.01883	0.01805	0.03082	0.10023	0.62933	0.01833	0.02362	0.02348	0.01748	0.02489	0.01452	0.01931	0.01213	0.00698	0.00768	0.00233	0.00930	0.00691	0.00381	0.01199
60	0.01809	0.01899	0.02331	0.02000	0.02094	0.11008	0.03949	0.02013	0.01388	0.01943	0.03933	0.01900	0.01326	0.01445	0.04846	0.00350	0.53838	0.00701	0.00374	0.00851
61	0.01098	0.00796	0.01037	0.00987	0.01173	0.00735	0.00748	0.01457	0.02165	0.03045	0.63039	0.05964	0.09165	0.01620	0.00921	0.00249	0.00381	0.03850	0.00844	0.00728
62	0.00998	0.00778	0.00905	0.00896	0.01103	0.00686	0.00663	0.01262	0.01927	0.02525	0.33464	0.12782	0.35550	0.01842	0.00922	0.00259	0.00386	0.01588	0.00778	0.00686
63	0.01919	0.01842	0.03147	0.04759	0.67914	0.01842	0.02380	0.02380	0.01765	0.02533	0.01458	0.01919	0.01228	0.00691	0.00768	0.00230	0.00921	0.00691	0.00384	0.01228
64	0.01750	0.30092	0.44362	0.01877	0.02841	0.02278	0.02285	0.02405	0.01614	0.02218	0.01273	0.01489	0.00987	0.00709	0.00647	0.00216	0.01027	0.00513	0.00329	0.01089
65	0.01225	0.01016	0.01337	0.01314	0.01462	0.04724	0.01023	0.01494	0.01295	0.01808	0.01992	0.02910	0.01855	0.05387	0.63588	0.01158	0.04483	0.00807	0.00412	0.00709
66	0.01639	0.01556	0.02641	0.45495	0.29367	0.01769	0.02240	0.02134	0.01633	0.02193	0.01409	0.02010	0.01108	0.00743	0.00772	0.00248	0.00990	0.00690	0.00360	0.01002
67	0.02778	0.02835	0.02107	0.01846	0.02253	0.41988	0.01428	0.05736	0.08991	0.13153	0.01723	0.01809	0.01311	0.00911	0.00901	0.00228	0.07833	0.00611	0.00543	0.01015
68	0.00971	0.00779	0.00870	0.00889	0.01105	0.00678	0.00665	0.01201	0.01817	0.02288	0.18764	0.14820	0.45492	0.01954	0.00932	0.00269	0.00410	0.04679	0.00745	0.00669
69	0.01109	0.00827	0.01225	0.01225	0.01357	0.00958	0.00943	0.01371	0.01240	0.01785	0.02096	0.03151	0.01984	0.09269	0.66286	0.01221	0.02008	0.00846	0.00418	0.00681
70	0.01797	0.01488	0.02034	0.01487	0.02143	0.01248	0.09086	0.02242	0.04189	0.07633	0.01587	0.01802	0.01254	0.00665	0.00722	0.00158	0.03558	0.00567	0.00498	0.55842
71	0.01642	0.15572	0.57930	0.02062	0.03128	0.02012	0.02608	0.02433	0.01627	0.02350	0.01339	0.01571	0.00984	0.00724	0.00697	0.00232	0.01093	0.00546	0.00328	0.01121
72	0.00932	0.00786	0.00807	0.00802	0.01057	0.00661	0.00602	0.01143	0.01805	0.02183	0.13047	0.07317	0.62352	0.01931	0.00916	0.00260	0.00390	0.01616	0.00732	0.00661
73	0.01108	0.00843	0.01055	0.01163	0.01370	0.00790	0.00972	0.01395	0.01768	0.02220	0.05591	0.10250	0.29419	0.02081	0.01007	0.00318	0.00579	0.36665	0.00717	0.00688
74	0.02032	0.02057	0.03037	0.04439	0.60326	0.09695	0.02277	0.02463	0.01816	0.02460	0.01428	0.01859	0.01202	0.00703	0.00760	0.00227	0.00976	0.00669	0.00386	0.01190
75	0.05525	0.01483	0.02310	0.57330	0.08248	0.01794	0.02035	0.07923	0.01746	0.02358	0.01412	0.01999	0.01061	0.00782	0.00760	0.00254	0.00989	0.00676	0.00394	0.00923
76	0.02447	0.01091	0.01469	0.01205	0.01624	0.00963	0.00963	0.02776	0.02209	0.40150	0.30972	0.04005	0.04257	0.01231	0.00838	0.00242	0.00532	0.01049	0.00914	0.01065
77	0.08275	0.10151	0.04012	0.01390	0.01870	0.10722	0.01172	0.10032	0.02089	0.20894	0.04162	0.05947	0.01921	0.01000	0.00704	0.00225	0.00756	0.02831	0.10817	0.01030
78	0.01507	0.01416	0.02385	0.46777	0.07671	0.01672	0.07213	0.02041	0.03733	0.02120	0.01803	0.05095	0.01573	0.00990	0.00916	0.00273	0.04683	0.06834	0.00414	0.00885
79	0.01823	0.01577	0.01717	0.01637	0.04808	0.01787	0.01213	0.03724	0.56551	0.03121	0.05672	0.03295	0.07409	0.01123	0.00802	0.00261	0.00602	0.00944	0.00768	0.01167
80	0.01104	0.00742	0.00853	0.00876	0.00882	0.00736	0.00502	0.01121	0.01173	0.01565	0.02678	0.13705	0.03116	0.63715	0.03567	0.00696	0.00713	0.01266	0.00502	0.00490
81	0.01740	0.28723	0.45641	0.01895	0.02868	0.02253	0.02316	0.02408	0.01615	0.02230	0.01280	0.01497	0.00987	0.00710	0.00651	0.00217	0.01033	0.00516	0.00329	0.01092
82	0.01849	0.02026	0.04174	0.03333	0.12221	0.01943	0.52046	0.02595	0.06761	0.02548	0.01675	0.02130	0.01274	0.00689	0.00886	0.00257	0.01204	0.00883	0.00421	0.01083
83	0.01097	0.00793	0.01036	0.00975	0.01158	0.00732	0.00732	0.01463	0.02195	0.03109	0.67505	0.05792	0.07316	0.01585	0.00914	0.00244	0.00366	0.01402	0.00854	0.00732
84	0.01128	0.00752	0.00846	0.00846	0.00846	0.00752	0.00470	0.01128	0.01128	0.01503	0.02443	0.05074	0.02819	0.72751	0.03946	0.00752	0.00752	0.01128	0.00470	0.00470
85	0.78228	0.01499	0.01140	0.01020	0.01499	0.01739	0.00840	0.02279	0.01320	0.03479	0.01080	0.01260	0.00840	0.00720	0.00480	0.00240	0.00600	0.00420	0.00480	0.00840
86	0.00953	0.00678	0.00897	0.01069	0.01112	0.00635	0.00709	0.01082	0.01469	0.01958	0.04193	0.69294	0.05027	0.05518	0.01120	0.00334	0.00463	0.02157	0.00709	0.00623
87	0.01868	0.01794	0.03096	0.07369	0.59687	0.01803	0.05078	0.02335	0.01760	0.02499	0.01570	0.02217	0.01352	0.00753	0.00787	0.00238	0.00934	0.03281	0.00396	0.01183
88	0.00949	0.00678	0.00904	0.01077	0.01126	0.00633	0.00720	0.01091	0.01505	0.02013	0.06142	0.70281	0.05193	0.02404	0.00987	0.00313	0.00447	0.02181	0.00724	0.00633
89	0.01133	0.00837	0.01129	0.01156	0.03954	0.00781	0.00822	0.01495	0.02136	0.03014	0.59970	0.07952	0.06869	0.01599	0.00918	0.00250	0.00406	0.04007	0.00824	0.00748
90	0.01626	0.03994	0.65234	0.02199	0.03305	0.05369	0.02793	0.02489	0.01666	0.02426	0.01381	0.01624	0.00983	0.00740	0.00735	0.00243	0.01159	0.00569	0.00331	0.01133
91	0.00985	0.00832	0.00858	0.00843	0.01108	0.00728	0.00635	0.01301	0.05210	0.02242	0.12710	0.07079	0.59012	0.01883	0.00910	0.00260	0.00402	0.01576	0.00735	0.00691
92	0.05176	0.70295	0.03944	0.01314	0.01970	0.03014	0.01307	0.02320	0.01565	0.01892	0.01078	0.01244	0.00989	0.00666	0.00497	0.00169	0.00820	0.00415	0.00338	0.00989
93	0.02102	0.01680	0.01784	0.01439	0.01965	0.05079	0.01142	0.19597	0.15049	0.06131	0.08370	0.05506	0.02226	0.00972	0.00737	0.00207	0.00678	0.00790	0.00678	0.23868
94	0.01919	0.01842	0.03147	0.04759	0.67914	0.01842	0.02380	0.02380	0.01765	0.02533	0.01458	0.01919	0.01228	0.00691	0.00768	0.00230	0.00921	0.00691	0.00384	0.01228
95	0.02761	0.03355	0.02416	0.02089	0.02522	0.55724	0.06866	0.08036	0.02242	0.02188	0.01276	0.01506	0.01040	0.00820	0.00799	0.00213	0.04218	0.00558	0.00427	0.00943
96	0.01710	0.01722	0.02515	0.02187	0.04228	0.02336	0.05053	0.01915	0.01240	0.01920	0.01061	0.01724	0.01033	0.01299	0.02403	0.00332	0.65419	0.00691	0.00343	0.00871
97	0.01486	0.01006	0.01207	0.01169	0.01432	0.00976	0.00905	0.07095	0.06529	0.09037	0.12658	0.21908	0.19348	0.01805	0.00921	0.00281	0.00529	0.10109	0.00769	0.00828
98	0.01109	0.00826	0.01224	0.01224	0.01355	0.00957	0.00942	0.01371	0.01240	0.01784	0.02097	0.03155	0.01986	0.09427	0.66131	0.01219	0.02005	0.00847	0.00418	0.00680
99	0.00922	0.00786	0.00794	0.00792	0.01051	0.00657	0.00594	0.01125	0.01782	0.02129	0.09870	0.07406	0.65562	0.01951	0.00916	0.00261	0.00392	0.01628	0.00725	0.00657
100	0.00945	0.00675	0.00900	0.01080	0.01125	0.00630	0.00720	0.01080	0.01484	0.01979	0.04274	0.72245	0.05128	0.02429	0.00990	0.00315	0.00450	0.02204	0.00720	0.00630
101	0.01119	0.00923	0.01134	0.01039	0.01307	0.00856	0.03449	0.01583	0.07782	0.02621	0.31024	0.06153	0.34773	0.01674	0.00904	0.00255	0.00441	0.01443	0.00766	0.00754
102	0.02863	0.03548	0.02239	0.02089	0.04824	0.63657	0.01530	0.06281	0.02256	0.02075	0.01242	0.01441	0.01024	0.00802	0.00706	0.00203	0.01352	0.00517	0.00418	0.00933
103	0.02291	0.02548	0.02785	0.03708	0.42968	0.27656	0.02044	0.02652	0.01930	0.02291	0.01359	0.01721	0.01141	0.00732	0.00742	0.00219	0.01103	0.00618	0.00390	0.01103
104	0.00954	0.00682	0.00911	0.01091	0.01140	0.00638	0.00736	0.01096	0.01494	0.01990	0.04268	0.70242	0.05107	0.02420	0.00992	0.00316	0.00458	0.04112	0.00720	0.00632
105	0.01628	0.10742	0.57376	0.02203	0.03274	0.01939	0.07494	0.02444	0.01646	0.02395	0.01374	0.01633	0.00998	0.00723	0.00727	0.00239	0.01127	0.00583	0.00333	0.01123
106	0.02134	0.01799	0.04490	0.01769	0.02389	0.05046	0.12284	0.05911	0.12821	0.13240	0.01982	0.02080	0.01473	0.00794	0.00797	0.00208	0.03418	0.00686	0.00587	0.26095
107	0.01699	0.01316	0.01572	0.01311	0.01711	0.04137	0.04192	0.08936	0.05520	0.07747	0.23799	0.09584	0.09150	0.01279	0.00819	0.00227	0.00594	0.01106	0.00713	0.14589

[dist]
# distance from previous block
# <min> <max>
2	5

[block]
# block no. 2 follows, 25 sequences, length 26
# corresponding to MSA columns:
# 231-256
name=unknown_C
#
# <colnr> <probs for GDERKNQSTAVLIFYWHMCP>
#	G	D	E	R	K	N	Q	S	T	A	V	L	I	F	Y	W	H	M	C	P
0	0.01611	0.01213	0.01435	0.01139	0.01634	0.01016	0.00892	0.06375	0.01901	0.06863	0.14165	0.08992	0.08651	0.01088	0.00729	0.00185	0.00535	0.00920	0.00630	0.40024
1	0.07820	0.01560	0.01558	0.01351	0.01706	0.07274	0.01061	0.20306	0.04800	0.03260	0.18192	0.09076	0.12994	0.01353	0.00896	0.00250	0.03819	0.01089	0.00707	0.00930
2	0.01527	0.01640	0.09692	0.05331	0.02257	0.03484	0.07087	0.02363	0.16401	0.02492	0.05342	0.05001	0.05549	0.06208	0.01108	0.00323	0.00811	0.21861	0.00616	0.00906
3	0.11351	0.01784	0.01786	0.07757	0.06464	0.11238	0.01286	0.15147	0.06458	0.03100	0.04908	0.02207	0.01663	0.00914	0.00786	0.00229	0.04737	0.00685	0.16529	0.00970
4	0.01700	0.01428	0.01642	0.01217	0.01859	0.01182	0.00972	0.06365	0.06830	0.02767	0.04517	0.01913	0.01532	0.00681	0.00620	0.00140	0.00587	0.00550	0.00524	0.62975
5	0.19015	0.01565	0.01647	0.01372	0.01857	0.01696	0.01106	0.17821	0.17096	0.15498	0.06669	0.02441	0.02012	0.00960	0.00709	0.00240	0.00642	0.00742	0.05796	0.01114
6	0.02667	0.10460	0.02390	0.01863	0.02303	0.42483	0.01468	0.12888	0.07311	0.02467	0.01432	0.01591	0.01157	0.00861	0.00813	0.00215	0.05592	0.00563	0.00479	0.00998
7	0.01696	0.01431	0.01655	0.01190	0.01875	0.01124	0.00955	0.06142	0.01743	0.02683	0.01410	0.01625	0.01160	0.00598	0.00588	0.00123	0.00593	0.00475	0.00480	0.72455
8	0.01919	0.01842	0.03147	0.04759	0.67914	0.01842	0.02380	0.02380	0.01765	0.02533	0.01458	0.01919	0.01228	0.00691	0.00768	0.00230	0.00921	0.00691	0.00384	0.01228
9	0.01529	0.01245	0.01477	0.04034	0.01860	0.01375	0.01185	0.02716	0.31540	0.02718	0.06476	0.08238	0.05994	0.01745	0.04179	0.00341	0.00704	0.20967	0.00727	0.00949
10	0.78228	0.01499	0.01140	0.01020	0.01499	0.01739	0.00840	0.02279	0.01320	0.03479	0.01080	0.01260	0.00840	0.00720	0.00480	0.00240	0.00600	0.00420	0.00480	0.00840
11	0.00945	0.00675	0.00900	0.01080	0.01125	0.00630	0.00720	0.01080	0.01484	0.01979	0.04274	0.72245	0.05128	0.02429	0.00990	0.00315	0.00450	0.02204	0.00720	0.00630
12	0.00945	0.00675	0.00900	0.01080	0.01125	0.00630	0.00720	0.01080	0.01484	0.01979	0.04274	0.72245	0.05128	0.02429	0.00990	0.00315	0.00450	0.02204	0.00720	0.00630
13	0.01132	0.00742	0.00859	0.00869	0.00871	0.00740	0.00496	0.01117	0.01139	0.01518	0.02467	0.08448	0.02844	0.64398	0.03729	0.05799	0.00731	0.01154	0.00474	0.00469
14	0.01263	0.00862	0.01111	0.01026	0.01243	0.00810	0.00777	0.01712	0.05258	0.06573	0.61032	0.05487	0.06795	0.01527	0.00901	0.00245	0.00393	0.01344	0.00856	0.00786
15	0.00936	0.00786	0.00812	0.00806	0.01059	0.00663	0.00604	0.01150	0.01812	0.02202	0.14157	0.07286	0.61231	0.01924	0.00916	0.00260	0.00390	0.01612	0.00734	0.00663
16	0.00945	0.00675	0.00900	0.01080	0.01125	0.00630	0.00720	0.01080	0.01484	0.01979	0.04274	0.72245	0.05128	0.02429	0.00990	0.00315	0.00450	0.02204	0.00720	0.00630
17	0.14131	0.02006	0.02110	0.01639	0.02237	0.02207	0.01354	0.51200	0.03190	0.09632	0.01839	0.01833	0.01295	0.00902	0.00732	0.00234	0.00801	0.00663	0.00746	0.01248
18	0.01069	0.00791	0.00997	0.00946	0.01141	0.00720	0.00709	0.01408	0.02128	0.02950	0.58169	0.06053	0.16751	0.01644	0.00915	0.00247	0.00370	0.01439	0.00833	0.00720
19	0.00971	0.00826	0.00841	0.00830	0.01096	0.00716	0.00624	0.01265	0.04736	0.02192	0.10285	0.07180	0.61955	0.01905	0.00910	0.00261	0.00402	0.01591	0.00729	0.00684
20	0.01128	0.00752	0.00846	0.00846	0.00846	0.00752	0.00470	0.01128	0.01128	0.01503	0.02443	0.05074	0.02819	0.72751	0.03946	0.00752	0.00752	0.01128	0.00470	0.00470
21	0.01249	0.00892	0.01249	0.01428	0.01606	0.00892	0.01249	0.01606	0.01785	0.02320	0.04105	0.08746	0.04462	0.02142	0.01071	0.00357	0.00714	0.62695	0.00714	0.00714
22	0.01884	0.01806	0.03083	0.09913	0.63037	0.01833	0.02362	0.02349	0.01749	0.02490	0.01452	0.01931	0.01213	0.00697	0.00768	0.00232	0.00930	0.00691	0.00381	0.01200
23	0.69743	0.01517	0.01326	0.04318	0.06137	0.01746	0.01001	0.02273	0.01360	0.03350	0.01118	0.01339	0.00874	0.00720	0.00512	0.00240	0.00640	0.00450	0.00467	0.00867
24	0.78228	0.01499	0.01140	0.01020	0.01499	0.01739	0.00840	0.02279	0.01320	0.03479	0.01080	0.01260	0.00840	0.00720	0.00480	0.00240	0.00600	0.00420	0.00480	0.00840
25	0.01404	0.00951	0.01191	0.01097	0.01345	0.00918	0.00841	0.03956	0.07651	0.08071	0.47877	0.08043	0.08407	0.01538	0.00897	0.00252	0.00442	0.03449	0.00838	0.00830

[dist]
# distance from previous block
# <min> <max>
0	4

[block]
# block no. 3 follows, 25 sequences, length 57
# corresponding to MSA columns:
# 261-317
name=unknown_D
#
# <colnr> <probs for GDERKNQSTAVLIFYWHMCP>
#	G	D	E	R	K	N	Q	S	T	A	V	L	I	F	Y	W	H	M	C	P
0	0.01322	0.00845	0.01095	0.01003	0.01232	0.00767	0.00762	0.01670	0.02168	0.09552	0.56941	0.05593	0.10962	0.01549	0.00901	0.00245	0.00397	0.01356	0.00855	0.00785
1	0.01675	0.01594	0.02707	0.40177	0.34400	0.01778	0.02258	0.02166	0.01650	0.02237	0.01415	0.01998	0.01124	0.00736	0.00772	0.00245	0.00981	0.00690	0.00363	0.01032
2	0.01582	0.07580	0.65398	0.02164	0.03285	0.01866	0.02785	0.02449	0.01634	0.02423	0.01375	0.01617	0.00983	0.00733	0.00724	0.00241	0.01130	0.00565	0.00328	0.01138
3	0.05064	0.02645	0.02181	0.01940	0.05679	0.30045	0.01454	0.23828	0.06913	0.08170	0.01707	0.01776	0.01278	0.00858	0.00730	0.00218	0.01036	0.00618	0.00597	0.03263
4	0.01029	0.00738	0.00979	0.01055	0.01168	0.00689	0.00756	0.01276	0.01809	0.02487	0.31527	0.39824	0.06032	0.02048	0.00962	0.00287	0.00429	0.05448	0.00777	0.00679
5	0.01034	0.00802	0.00949	0.00948	0.01166	0.00717	0.00734	0.01321	0.01945	0.02540	0.31798	0.06947	0.34586	0.01832	0.00936	0.00267	0.00424	0.09583	0.00774	0.00694
6	0.01347	0.00673	0.01010	0.01010	0.01010	0.00673	0.00673	0.01010	0.01010	0.01347	0.01347	0.02357	0.01347	0.02694	0.03030	0.77441	0.00673	0.00673	0.00337	0.00337
7	0.02860	0.03535	0.02211	0.01986	0.02385	0.63244	0.01503	0.06898	0.02253	0.02081	0.01233	0.01437	0.01019	0.00826	0.00765	0.00206	0.03696	0.00518	0.00421	0.00923
8	0.01589	0.01336	0.01440	0.01357	0.01698	0.01472	0.01051	0.03027	0.41904	0.02798	0.04162	0.07431	0.15161	0.04692	0.00995	0.00297	0.00581	0.07252	0.00751	0.01006
9	0.00959	0.00685	0.00916	0.01096	0.01147	0.00642	0.00744	0.01104	0.01498	0.01995	0.04266	0.69324	0.05098	0.02416	0.00993	0.00317	0.00462	0.04987	0.00719	0.00634
10	0.09510	0.01792	0.02919	0.06667	0.59136	0.01828	0.02218	0.02356	0.01714	0.02608	0.01418	0.01858	0.01183	0.00697	0.00739	0.00232	0.00893	0.00664	0.00392	0.01177
11	0.01919	0.01842	0.03147	0.04759	0.67914	0.01842	0.02380	0.02380	0.01765	0.02533	0.01458	0.01919	0.01228	0.00691	0.00768	0.00230	0.00921	0.00691	0.00384	0.01228
12	0.00945	0.00675	0.00900	0.01080	0.01125	0.00630	0.00720	0.01080	0.01484	0.01979	0.04274	0.72245	0.05128	0.02429	0.00990	0.00315	0.00450	0.02204	0.00720	0.00630
13	0.09126	0.01404	0.02209	0.60962	0.04815	0.01752	0.02003	0.02006	0.01512	0.02125	0.01333	0.01971	0.01014	0.00795	0.00822	0.00260	0.04014	0.00662	0.00358	0.00859
14	0.01074	0.00788	0.01006	0.00960	0.01146	0.00720	0.00717	0.01414	0.02126	0.02967	0.59231	0.08405	0.13244	0.01654	0.00917	0.00248	0.00372	0.01455	0.00835	0.00720
15	0.02121	0.56386	0.03948	0.01664	0.02318	0.09549	0.10221	0.02421	0.01673	0.01923	0.01158	0.01377	0.01021	0.00676	0.00576	0.00183	0.00952	0.00493	0.00347	0.00993
16	0.01690	0.01452	0.01882	0.01377	0.02015	0.01204	0.06916	0.07130	0.01817	0.02719	0.05655	0.02050	0.01609	0.03008	0.00753	0.00167	0.00658	0.00603	0.00504	0.56789
17	0.70521	0.01428	0.01104	0.00996	0.01454	0.01631	0.00815	0.02163	0.01364	0.03341	0.01755	0.01878	0.07494	0.00844	0.00523	0.00242	0.00579	0.00541	0.00504	0.00821
18	0.01615	0.07127	0.48836	0.02464	0.09672	0.01828	0.08839	0.02373	0.01658	0.02408	0.01548	0.05331	0.01241	0.00807	0.00758	0.00245	0.01087	0.00695	0.00360	0.01109
19	0.01787	0.01742	0.03068	0.22462	0.44657	0.01822	0.08570	0.02282	0.01714	0.02379	0.01448	0.01976	0.01170	0.00710	0.00784	0.00241	0.00990	0.00713	0.00374	0.01111
20	0.01696	0.01696	0.02375	0.02036	0.02036	0.02375	0.01696	0.01866	0.01187	0.01866	0.01018	0.01696	0.01018	0.01357	0.02545	0.00339	0.71332	0.00679	0.00339	0.00848
21	0.01927	0.17161	0.42325	0.02038	0.05135	0.02113	0.02296	0.11223	0.01928	0.04864	0.01453	0.01634	0.01071	0.00755	0.00698	0.00227	0.01019	0.00570	0.00414	0.01149
22	0.01571	0.10606	0.54303	0.02072	0.03076	0.01846	0.05219	0.02339	0.01636	0.02361	0.01698	0.05043	0.03217	0.00841	0.00738	0.00242	0.01066	0.00679	0.00361	0.01088
23	0.01128	0.00752	0.00846	0.00846	0.00846	0.00752	0.00470	0.01128	0.01128	0.01503	0.02443	0.05074	0.02819	0.72751	0.03946	0.00752	0.00752	0.01128	0.00470	0.00470
24	0.78228	0.01499	0.01140	0.01020	0.01499	0.01739	0.00840	0.02279	0.01320	0.03479	0.01080	0.01260	0.00840	0.00720	0.00480	0.00240	0.00600	0.00420	0.00480	0.00840
25	0.02001	0.63583	0.13066	0.01450	0.02180	0.02892	0.01541	0.02340	0.01584	0.01912	0.01122	0.01299	0.00993	0.00674	0.00531	0.00177	0.00873	0.00437	0.00331	0.01016
26	0.01097	0.00793	0.01036	0.00975	0.01158	0.00732	0.00732	0.01463	0.02195	0.03109	0.67505	0.05792	0.07316	0.01585	0.00914	0.00244	0.00366	0.01402	0.00854	0.00732
27	0.01855	0.01777	0.03032	0.13996	0.59174	0.01826	0.02348	0.02324	0.01735	0.02456	0.01447	0.01940	0.01201	0.00703	0.00769	0.00234	0.00937	0.00691	0.00378	0.01177
28	0.01877	0.01799	0.03070	0.10938	0.62068	0.01831	0.02358	0.02342	0.01745	0.02482	0.01451	0.01933	0.01210	0.00699	0.00768	0.00233	0.00932	0.00691	0.00380	0.01194
29	0.01050	0.00759	0.00996	0.01032	0.01171	0.00705	0.00755	0.01333	0.01920	0.02653	0.40719	0.28064	0.08364	0.01911	0.00949	0.00275	0.00416	0.05436	0.00796	0.00694
30	0.01045	0.00783	0.00969	0.00937	0.01130	0.00707	0.00697	0.01357	0.02049	0.02799	0.49477	0.10376	0.21368	0.01727	0.00920	0.00253	0.00377	0.01508	0.00814	0.00707
31	0.01891	0.01633	0.01718	0.01549	0.01980	0.01882	0.01204	0.04009	0.64126	0.03201	0.03329	0.03061	0.04772	0.01086	0.00794	0.00263	0.00605	0.00905	0.00786	0.01206
32	0.01902	0.50392	0.25392	0.01618	0.02441	0.02650	0.01834	0.02366	0.01596	0.02032	0.01181	0.01373	0.00991	0.00688	0.00576	0.00192	0.00934	0.00467	0.00330	0.01045
33	0.01555	0.04011	0.68733	0.02210	0.03356	0.01801	0.02865	0.02455	0.01637	0.02455	0.01391	0.01637	0.00982	0.00737	0.00737	0.00246	0.01146	0.00573	0.00327	0.01146
34	0.01128	0.00752	0.00846	0.00846	0.00846	0.00752	0.00470	0.01128	0.01128	0.01503	0.02443	0.05074	0.02819	0.72751	0.03946	0.00752	0.00752	0.01128	0.00470	0.00470
35	0.01097	0.00793	0.01036	0.00975	0.01158	0.00732	0.00732	0.01463	0.02195	0.03109	0.67505	0.05792	0.07316	0.01585	0.00914	0.00244	0.00366	0.01402	0.00854	0.00732
36	0.01464	0.01378	0.02326	0.70887	0.05340	0.01723	0.02153	0.01981	0.01550	0.01981	0.01378	0.02067	0.01034	0.00775	0.00775	0.00258	0.01034	0.00689	0.00345	0.00861
37	0.01830	0.02092	0.04575	0.03268	0.04052	0.01961	0.65098	0.02484	0.01830	0.02484	0.01569	0.02092	0.01176	0.00654	0.00915	0.00261	0.01307	0.00915	0.00392	0.01046
38	0.01827	0.01648	0.02608	0.38533	0.26444	0.01859	0.02136	0.10937	0.01916	0.02575	0.01473	0.01988	0.01140	0.00768	0.00773	0.00245	0.00970	0.00691	0.00418	0.01051
39	0.01364	0.01017	0.01397	0.01321	0.01527	0.01169	0.01039	0.10286	0.01580	0.02230	0.02047	0.02881	0.01852	0.05135	0.60086	0.01105	0.01907	0.00812	0.00466	0.00779
40	0.00941	0.00690	0.00884	0.01039	0.01114	0.00633	0.00702	0.01084	0.01524	0.01995	0.04772	0.63226	0.13825	0.02364	0.00979	0.00308	0.00442	0.02125	0.00720	0.00633
41	0.01749	0.03755	0.59489	0.02151	0.03223	0.01885	0.02671	0.11208	0.01917	0.02794	0.01457	0.01668	0.01029	0.00764	0.00742	0.00244	0.01105	0.00590	0.00390	0.01170
42	0.01175	0.00894	0.01324	0.10868	0.01867	0.01034	0.01069	0.01480	0.01338	0.01913	0.02290	0.03160	0.04862	0.06511	0.49740	0.00968	0.01685	0.00848	0.06262	0.00710
43	0.04446	0.01204	0.01400	0.01248	0.01552	0.04598	0.02777	0.02286	0.12876	0.10246	0.38022	0.08427	0.05015	0.01377	0.00856	0.00249	0.00534	0.01196	0.00796	0.00895
44	0.01561	0.01510	0.02624	0.49933	0.09155	0.01695	0.10809	0.02076	0.01610	0.02144	0.01410	0.02014	0.01078	0.00732	0.00774	0.00243	0.01018	0.00698	0.00365	0.08551
45	0.01008	0.00869	0.01021	0.10560	0.01654	0.00810	0.00819	0.01263	0.01773	0.02164	0.11941	0.06571	0.53292	0.01767	0.00897	0.00260	0.00480	0.01485	0.00679	0.00690
46	0.01965	0.01367	0.01644	0.01193	0.01865	0.01054	0.00961	0.02301	0.01724	0.15104	0.01699	0.01805	0.01296	0.00648	0.00613	0.00139	0.00591	0.00520	0.00555	0.62958
47	0.12350	0.01669	0.02203	0.01894	0.01961	0.02286	0.01577	0.01924	0.01206	0.02091	0.01026	0.01636	0.00993	0.01268	0.02257	0.00325	0.61485	0.00643	0.00359	0.00847
48	0.01896	0.01670	0.01840	0.01642	0.02019	0.01991	0.01293	0.03806	0.57419	0.03052	0.02858	0.02726	0.02179	0.01094	0.01033	0.00274	0.10458	0.00849	0.00726	0.01174
49	0.01808	0.11599	0.52159	0.02051	0.03069	0.02028	0.02497	0.11193	0.01910	0.02722	0.01421	0.01624	0.01030	0.00755	0.00715	0.00235	0.01069	0.00572	0.00390	0.01153
50	0.01794	0.01489	0.01708	0.01237	0.01916	0.01224	0.00996	0.10775	0.01891	0.02855	0.01445	0.01643	0.01172	0.00624	0.00602	0.00131	0.00613	0.00493	0.00503	0.66887
51	0.01312	0.00979	0.01198	0.01128	0.01393	0.00927	0.00846	0.01864	0.10869	0.04673	0.28436	0.21637	0.06759	0.01601	0.00872	0.00251	0.00469	0.03251	0.00755	0.10781
52	0.01583	0.03819	0.62338	0.02315	0.03425	0.01817	0.09068	0.02458	0.01656	0.02458	0.01409	0.01682	0.01002	0.00728	0.00754	0.00247	0.01162	0.00607	0.00334	0.01136
53	0.01452	0.01292	0.01869	0.01959	0.10794	0.01587	0.01349	0.01668	0.01316	0.01932	0.04459	0.02842	0.01869	0.15016	0.19472	0.00622	0.28474	0.00829	0.00410	0.00790
54	0.01696	0.03613	0.52757	0.02041	0.03049	0.08456	0.02458	0.02449	0.01689	0.02410	0.01370	0.01609	0.01007	0.00720	0.00710	0.00223	0.01091	0.00550	0.00353	0.11749
55	0.01160	0.00841	0.01048	0.10592	0.01485	0.00880	0.00712	0.01245	0.01230	0.01610	0.02662	0.04817	0.06964	0.57930	0.03299	0.00650	0.00767	0.01101	0.00469	0.00537
56	0.01430	0.01332	0.02187	0.58681	0.04668	0.01663	0.01976	0.01882	0.01516	0.01972	0.01639	0.09034	0.01441	0.00984	0.00931	0.00270	0.06333	0.00839	0.00382	0.00837

[dist]
# distance from previous block
# <min> <max>
0	2

[block]
# block no. 4 follows, 25 sequences, length 8
# corresponding to MSA columns:
# 320-327
name=unknown_E
#
# <colnr> <probs for GDERKNQSTAVLIFYWHMCP>
#	G	D	E	R	K	N	Q	S	T	A	V	L	I	F	Y	W	H	M	C	P
0	0.01448	0.00969	0.01404	0.01306	0.01306	0.01165	0.00969	0.01257	0.01061	0.01497	0.01252	0.02166	0.01252	0.02308	0.02890	0.55170	0.21083	0.00675	0.00337	0.00484
1	0.78228	0.01499	0.01140	0.01020	0.01499	0.01739	0.00840	0.02279	0.01320	0.03479	0.01080	0.01260	0.00840	0.00720	0.00480	0.00240	0.00600	0.00420	0.00480	0.00840
2	0.01589	0.01557	0.02745	0.02028	0.02646	0.01359	0.28132	0.02041	0.01729	0.02486	0.06480	0.10361	0.02062	0.00896	0.00792	0.00210	0.00856	0.00923	0.00489	0.30619
3	0.01491	0.02139	0.21508	0.51049	0.04767	0.01745	0.02359	0.02118	0.01575	0.02118	0.01382	0.01943	0.01019	0.00764	0.00764	0.00255	0.01066	0.00656	0.00340	0.00944
4	0.02905	0.01391	0.01778	0.01338	0.01965	0.01189	0.01097	0.07158	0.02133	0.45374	0.02497	0.02292	0.01659	0.00846	0.00720	0.00203	0.00647	0.00682	0.00803	0.23322
5	0.02285	0.26478	0.27678	0.01673	0.02499	0.02035	0.01850	0.02793	0.01785	0.21307	0.01768	0.01794	0.01257	0.00776	0.00669	0.00217	0.00899	0.00579	0.00511	0.01145
6	0.02236	0.01325	0.01879	0.02091	0.16319	0.01275	0.01372	0.06434	0.04382	0.25038	0.07421	0.09476	0.05109	0.01287	0.00854	0.00264	0.00690	0.10727	0.00741	0.01081
7	0.01529	0.03250	0.49551	0.22048	0.03929	0.01778	0.02659	0.02318	0.01612	0.02318	0.01388	0.01761	0.00997	0.00748	0.00748	0.00249	0.01113	0.00606	0.00332	0.01064

[dist]
# distance from previous block
# <min> <max>
1	14

[block]
# block no. 5 follows, 25 sequences, length 14
# corresponding to MSA columns:
# 342-355
name=unknown_F
#
# <colnr> <probs for GDERKNQSTAVLIFYWHMCP>
#	G	D	E	R	K	N	Q	S	T	A	V	L	I	F	Y	W	H	M	C	P
0	0.17956	0.08695	0.02252	0.01588	0.02184	0.02333	0.01333	0.46785	0.02985	0.04317	0.01631	0.01683	0.01192	0.00863	0.00690	0.00228	0.00800	0.00616	0.00675	0.01192
1	0.01921	0.01807	0.02868	0.04121	0.54704	0.01860	0.02149	0.02728	0.14745	0.02676	0.01799	0.02114	0.01456	0.00763	0.00772	0.00237	0.00859	0.00728	0.00465	0.01228
2	0.01954	0.01033	0.01367	0.01380	0.05206	0.00982	0.01019	0.02356	0.04967	0.21865	0.08042	0.14534	0.03253	0.01416	0.00825	0.00261	0.00568	0.11952	0.16086	0.00935
3	0.01729	0.01620	0.02744	0.07108	0.48869	0.01619	0.04654	0.02181	0.01844	0.02620	0.14699	0.02710	0.02437	0.00873	0.00804	0.00236	0.00831	0.00843	0.00476	0.01103
4	0.00989	0.00746	0.00924	0.01031	0.01169	0.00680	0.00753	0.01191	0.01666	0.02152	0.10528	0.39368	0.23516	0.02185	0.00973	0.00299	0.00461	0.09983	0.00730	0.00657
5	0.00945	0.00675	0.00900	0.01080	0.01125	0.00630	0.00720	0.01080	0.01484	0.01979	0.04274	0.72245	0.05128	0.02429	0.00990	0.00315	0.00450	0.02204	0.00720	0.00630
6	0.01478	0.03039	0.45587	0.02052	0.02907	0.01588	0.08298	0.02267	0.04935	0.02403	0.02076	0.15899	0.01903	0.01084	0.00807	0.00262	0.00995	0.00948	0.00436	0.01037
7	0.01070	0.00734	0.00856	0.00901	0.00927	0.00716	0.00539	0.01115	0.01253	0.01656	0.03207	0.22100	0.07032	0.51097	0.03033	0.00614	0.00656	0.01427	0.00547	0.00520
8	0.01076	0.00789	0.01024	0.01084	0.01244	0.00737	0.00835	0.01365	0.01880	0.02533	0.30293	0.21948	0.13748	0.01960	0.00969	0.00289	0.00472	0.16288	0.00773	0.00694
9	0.39889	0.01580	0.01529	0.01291	0.01802	0.01746	0.01050	0.10544	0.14837	0.15728	0.01960	0.01917	0.01405	0.00857	0.00634	0.00244	0.00644	0.00612	0.00667	0.01065
10	0.01694	0.02590	0.25439	0.02489	0.03375	0.01721	0.31418	0.02368	0.01721	0.02483	0.01471	0.01843	0.01106	0.00665	0.00787	0.00227	0.01106	0.00709	0.00384	0.16404
11	0.00959	0.00686	0.00912	0.01070	0.01128	0.00639	0.00721	0.01116	0.01551	0.02085	0.10199	0.66017	0.05333	0.02350	0.00983	0.00308	0.00442	0.02129	0.00732	0.00639
12	0.01510	0.01421	0.02043	0.15604	0.02472	0.01883	0.01550	0.01730	0.01276	0.01852	0.01525	0.07252	0.01556	0.09886	0.04380	0.00399	0.41642	0.00847	0.00385	0.00786
13	0.04599	0.26173	0.25660	0.01549	0.02264	0.04916	0.01701	0.04823	0.01707	0.02444	0.01515	0.01743	0.01197	0.00756	0.00609	0.00203	0.00863	0.00547	0.15736	0.00996

[dist]
# distance from previous block
# <min> <max>
0	7

[block]
# block no. 6 follows, 25 sequences, length 14
# corresponding to MSA columns:
# 363-376
name=unknown_G
#
# <colnr> <probs for GDERKNQSTAVLIFYWHMCP>
#	G	D	E	R	K	N	Q	S	T	A	V	L	I	F	Y	W	H	M	C	P
0	0.01734	0.01826	0.03584	0.02889	0.09741	0.01798	0.41031	0.02412	0.06658	0.02596	0.11003	0.02635	0.02132	0.00863	0.00991	0.00261	0.05397	0.00944	0.00483	0.01021
1	0.01775	0.01897	0.04028	0.02907	0.03605	0.01785	0.55933	0.02388	0.01801	0.02541	0.01705	0.02205	0.01292	0.00689	0.00862	0.00250	0.01173	0.00888	0.11276	0.01000
2	0.01153	0.00879	0.01247	0.01214	0.01330	0.01011	0.00924	0.01398	0.01361	0.01951	0.11336	0.03604	0.02750	0.13747	0.46206	0.00971	0.06821	0.00940	0.00479	0.00680
3	0.01845	0.01653	0.02546	0.36264	0.24157	0.01869	0.02070	0.11230	0.05917	0.02643	0.01581	0.02043	0.01217	0.00788	0.00774	0.00246	0.00947	0.00702	0.00445	0.01063
4	0.01806	0.10845	0.52675	0.02059	0.03081	0.02016	0.02510	0.11368	0.01916	0.02736	0.01426	0.01629	0.01031	0.00757	0.00718	0.00236	0.01072	0.00574	0.00391	0.01155
5	0.03479	0.01320	0.01799	0.01380	0.01979	0.01140	0.01140	0.03779	0.02219	0.68451	0.03059	0.02639	0.01919	0.00960	0.00780	0.00240	0.00660	0.00780	0.00960	0.01320
6	0.01926	0.01755	0.02180	0.01873	0.02115	0.04874	0.03832	0.06484	0.20792	0.04611	0.01970	0.02495	0.01665	0.01224	0.01642	0.00300	0.34429	0.04284	0.00544	0.01005
7	0.05913	0.01880	0.02250	0.01734	0.02340	0.01981	0.06075	0.36616	0.09522	0.17304	0.02164	0.02108	0.01511	0.00905	0.00768	0.00235	0.00801	0.00728	0.00761	0.04404
8	0.04844	0.01608	0.01866	0.01475	0.02038	0.01618	0.01197	0.21985	0.12122	0.26639	0.04294	0.04191	0.01921	0.00970	0.00757	0.00229	0.00686	0.00777	0.00799	0.09983
9	0.04308	0.05239	0.16535	0.02138	0.06396	0.01792	0.14054	0.04877	0.10952	0.04172	0.04009	0.02067	0.01512	0.00817	0.00867	0.00232	0.05658	0.00705	0.00485	0.13186
10	0.12561	0.06383	0.02026	0.01554	0.02087	0.10228	0.01259	0.20268	0.18123	0.11621	0.02076	0.02027	0.01521	0.00889	0.00706	0.00229	0.00791	0.00664	0.00677	0.04312
11	0.06661	0.01736	0.02033	0.14346	0.02709	0.01883	0.01420	0.31123	0.07411	0.07008	0.05201	0.02152	0.01635	0.00890	0.00742	0.00226	0.00784	0.00704	0.00654	0.10680
12	0.05300	0.01781	0.02412	0.01861	0.02428	0.01822	0.14367	0.28960	0.05638	0.03516	0.02108	0.11892	0.01838	0.01034	0.00795	0.00236	0.00829	0.00921	0.00634	0.11628
13	0.02040	0.01763	0.03161	0.17463	0.03638	0.01774	0.29548	0.10928	0.02067	0.10166	0.05118	0.02287	0.01563	0.00797	0.00836	0.00248	0.01034	0.00827	0.00524	0.04218

[dist]
# distance from previous block
# <min> <max>
0	106

# created by:
