[name]
unknown

[dist]
# distance from previous block
# <min> <max>
13	36

[block]
# block no. 0 follows, 24 sequences, length 10
# corresponding to MSA columns:
# 38-47
name=unknown_A
#
# <colnr> <probs for GDERKNQSTAVLIFYWHMCP>
#	G	D	E	R	K	N	Q	S	T	A	V	L	I	F	Y	W	H	M	C	P
0	0.02317	0.01710	0.01865	0.01608	0.02101	0.01910	0.01270	0.10891	0.49681	0.12793	0.03066	0.02804	0.02235	0.01048	0.00804	0.00262	0.00662	0.00862	0.00831	0.01279
1	0.01615	0.01491	0.02398	0.46283	0.16387	0.01744	0.02085	0.02290	0.07971	0.02284	0.01805	0.02662	0.01482	0.00905	0.00815	0.00267	0.00970	0.05136	0.00432	0.00977
2	0.03014	0.02221	0.02380	0.01825	0.02459	0.02459	0.01507	0.64541	0.03728	0.04998	0.01904	0.01904	0.01349	0.00952	0.00793	0.00238	0.00873	0.00714	0.00793	0.01349
3	0.01133	0.00850	0.01274	0.01274	0.01416	0.00991	0.00991	0.01416	0.01274	0.01841	0.02124	0.03115	0.01982	0.05947	0.68989	0.01274	0.02124	0.00850	0.00425	0.00708
4	0.70365	0.01601	0.01285	0.01120	0.01625	0.01846	0.00923	0.08465	0.01584	0.03700	0.01183	0.01349	0.00907	0.00757	0.00521	0.00245	0.00639	0.00457	0.00521	0.00907
5	0.03014	0.02221	0.02380	0.01825	0.02459	0.02459	0.01507	0.64541	0.03728	0.04998	0.01904	0.01904	0.01349	0.00952	0.00793	0.00238	0.00873	0.00714	0.00793	0.01349
6	0.00963	0.00701	0.00909	0.01076	0.01143	0.00646	0.00724	0.01107	0.01545	0.02035	0.04716	0.65584	0.11052	0.02439	0.01005	0.00317	0.00455	0.02200	0.00736	0.00646
7	0.01184	0.00906	0.01097	0.01032	0.01261	0.00867	0.00779	0.01731	0.09028	0.03025	0.50325	0.05882	0.16625	0.01625	0.00922	0.00255	0.00406	0.01415	0.00844	0.00790
8	0.01932	0.01983	0.02762	0.35141	0.04187	0.11588	0.13871	0.06945	0.06361	0.02412	0.01568	0.02049	0.01196	0.00827	0.00882	0.00258	0.03889	0.00735	0.00433	0.00982
9	0.02766	0.02035	0.02182	0.01693	0.02288	0.02222	0.01389	0.53181	0.06433	0.04620	0.01992	0.02021	0.01443	0.00935	0.00764	0.00228	0.00805	0.00711	0.06657	0.05636

[dist]
# distance from previous block
# <min> <max>
5	7

[block]
# block no. 1 follows, 24 sequences, length 55
# corresponding to MSA columns:
# 55-109
name=unknown_B
#
# <colnr> <probs for GDERKNQSTAVLIFYWHMCP>
#	G	D	E	R	K	N	Q	S	T	A	V	L	I	F	Y	W	H	M	C	P
0	0.01816	0.02104	0.06432	0.09162	0.04050	0.02017	0.50975	0.02436	0.01780	0.02436	0.01529	0.02084	0.01169	0.00748	0.01068	0.00274	0.07612	0.00881	0.00390	0.01038
1	0.05250	0.01490	0.02453	0.56567	0.15019	0.01782	0.02174	0.02105	0.01609	0.02189	0.01408	0.02050	0.01079	0.00776	0.00777	0.00259	0.01018	0.00692	0.00365	0.00939
2	0.01467	0.01330	0.02094	0.45616	0.04046	0.01658	0.01817	0.01883	0.01559	0.02110	0.06497	0.05575	0.01840	0.04072	0.01225	0.00297	0.11822	0.00847	0.03409	0.00836
3	0.01083	0.00824	0.00894	0.00873	0.01134	0.00703	0.00656	0.01314	0.01886	0.05198	0.16978	0.09607	0.52219	0.01920	0.00934	0.00266	0.00412	0.01619	0.00769	0.00711
4	0.01611	0.06804	0.65504	0.02225	0.03377	0.01893	0.02868	0.02506	0.01672	0.02486	0.01410	0.01658	0.01005	0.00750	0.00744	0.00248	0.01159	0.00580	0.00335	0.01166
5	0.01735	0.01735	0.02429	0.02082	0.02082	0.02429	0.01735	0.01908	0.01214	0.01908	0.01041	0.01735	0.01041	0.01388	0.02602	0.00347	0.70680	0.00694	0.00347	0.00867
6	0.01813	0.01860	0.06350	0.09550	0.14627	0.01832	0.13718	0.04654	0.17925	0.02739	0.04345	0.02568	0.04271	0.00925	0.00923	0.00255	0.04907	0.00840	0.00535	0.05364
7	0.01068	0.00795	0.00994	0.00974	0.01159	0.00721	0.00719	0.01381	0.02074	0.02843	0.48067	0.14247	0.18431	0.01799	0.00945	0.00262	0.00390	0.01579	0.00830	0.00721
8	0.01867	0.02203	0.07327	0.03426	0.09551	0.01988	0.56281	0.02530	0.01857	0.02543	0.01587	0.02103	0.01199	0.00675	0.00915	0.00264	0.01296	0.00901	0.00397	0.01090
9	0.01703	0.01444	0.01676	0.01202	0.01904	0.01117	0.00964	0.04673	0.01734	0.02687	0.01431	0.01655	0.01182	0.00603	0.00596	0.00123	0.00599	0.00480	0.00484	0.73743
10	0.77733	0.01534	0.01166	0.01043	0.01534	0.01779	0.00859	0.02331	0.01350	0.03558	0.01104	0.01288	0.00859	0.00736	0.00491	0.00245	0.00613	0.00429	0.00491	0.00859
11	0.01658	0.12783	0.59930	0.02146	0.03255	0.02006	0.02731	0.02494	0.01666	0.02429	0.01382	0.01623	0.01006	0.00744	0.00722	0.00241	0.01131	0.00565	0.00335	0.01152
12	0.01972	0.01703	0.01793	0.01614	0.02062	0.01972	0.01255	0.04214	0.65752	0.03317	0.03228	0.02959	0.02421	0.01076	0.00807	0.00269	0.00628	0.00897	0.00807	0.01255
13	0.00966	0.00690	0.00920	0.01104	0.01150	0.00644	0.00736	0.01104	0.01518	0.02024	0.04371	0.71614	0.05245	0.02484	0.01012	0.00322	0.00460	0.02254	0.00736	0.00644
14	0.01872	0.02139	0.04679	0.03342	0.04144	0.02005	0.64305	0.02540	0.01872	0.02540	0.01604	0.02139	0.01203	0.00668	0.00936	0.00267	0.01337	0.00936	0.00401	0.01070
15	0.77733	0.01534	0.01166	0.01043	0.01534	0.01779	0.00859	0.02331	0.01350	0.03558	0.01104	0.01288	0.00859	0.00736	0.00491	0.00245	0.00613	0.00429	0.00491	0.00859
16	0.00965	0.00696	0.00914	0.01087	0.01146	0.00646	0.00729	0.01106	0.01534	0.02031	0.04575	0.68038	0.08689	0.02458	0.01008	0.00319	0.00457	0.02222	0.00736	0.00646
17	0.03474	0.01484	0.01923	0.01475	0.02091	0.01365	0.01218	0.13208	0.02494	0.58073	0.02940	0.02577	0.01868	0.00977	0.00797	0.00244	0.00705	0.00785	0.00952	0.01349
18	0.00973	0.00695	0.00926	0.01100	0.01152	0.00649	0.00737	0.01121	0.01549	0.02074	0.07033	0.68811	0.05340	0.02448	0.01009	0.00319	0.00456	0.02219	0.00742	0.00649
19	0.01942	0.01863	0.03182	0.07729	0.64482	0.01879	0.02424	0.02416	0.01796	0.02566	0.01488	0.01969	0.01247	0.00710	0.00785	0.00237	0.00947	0.00706	0.00391	0.01240
20	0.01133	0.00850	0.01274	0.01274	0.01416	0.00991	0.00991	0.01416	0.01274	0.01841	0.02124	0.03115	0.01982	0.05947	0.68989	0.01274	0.02124	0.00850	0.00425	0.00708
21	0.77733	0.01534	0.01166	0.01043	0.01534	0.01779	0.00859	0.02331	0.01350	0.03558	0.01104	0.01288	0.00859	0.00736	0.00491	0.00245	0.00613	0.00429	0.00491	0.00859
22	0.01122	0.00811	0.01060	0.00998	0.01185	0.00748	0.00748	0.01496	0.02245	0.03180	0.66766	0.05923	0.07482	0.01621	0.00935	0.00249	0.00374	0.01434	0.00873	0.00748
23	0.02748	0.02089	0.02230	0.01771	0.02358	0.02335	0.01443	0.49126	0.19577	0.04568	0.02242	0.02173	0.01623	0.00984	0.00797	0.00246	0.00810	0.00761	0.00797	0.01325
24	0.01303	0.00948	0.01288	0.01429	0.01627	0.00958	0.01231	0.01774	0.05446	0.02496	0.09541	0.08349	0.04695	0.02079	0.01065	0.00350	0.00694	0.53219	0.00747	0.00761
25	0.01590	0.04102	0.68023	0.02260	0.03432	0.01842	0.02930	0.02511	0.01674	0.02511	0.01423	0.01674	0.01005	0.00753	0.00753	0.00251	0.01172	0.00586	0.00335	0.01172
26	0.01839	0.02064	0.04439	0.03333	0.07542	0.01941	0.58170	0.02474	0.01853	0.02521	0.01714	0.05054	0.01376	0.00747	0.00931	0.00268	0.01278	0.00979	0.00415	0.01062
27	0.00937	0.00803	0.00803	0.00803	0.01071	0.00669	0.00602	0.01138	0.01807	0.02142	0.08033	0.07632	0.66863	0.02008	0.00937	0.00268	0.00402	0.01674	0.00736	0.00669
28	0.01963	0.01884	0.03219	0.04867	0.67185	0.01884	0.02434	0.02434	0.01806	0.02591	0.01492	0.01963	0.01256	0.00707	0.00785	0.00236	0.00942	0.00707	0.00393	0.01256
29	0.01498	0.01409	0.02378	0.70226	0.05462	0.01762	0.02202	0.02026	0.01586	0.02026	0.01409	0.02114	0.01057	0.00793	0.00793	0.00264	0.01057	0.00705	0.00352	0.00881
30	0.03230	0.01431	0.04959	0.01412	0.02012	0.01158	0.01211	0.03573	0.02239	0.58421	0.09125	0.02958	0.02444	0.01032	0.00808	0.00246	0.00670	0.00848	0.00940	0.01284
31	0.02962	0.03779	0.02247	0.02043	0.02451	0.68948	0.01532	0.03166	0.02247	0.01941	0.01226	0.01430	0.01021	0.00817	0.00715	0.00204	0.01430	0.00511	0.00409	0.00919
32	0.01498	0.01409	0.02378	0.70226	0.05462	0.01762	0.02202	0.02026	0.01586	0.02026	0.01409	0.02114	0.01057	0.00793	0.00793	0.00264	0.01057	0.00705	0.00352	0.00881
33	0.00984	0.00703	0.00941	0.01125	0.01179	0.00660	0.00768	0.01136	0.01536	0.02045	0.04361	0.67944	0.05205	0.02467	0.01017	0.00325	0.00476	0.05744	0.00736	0.00649
34	0.01133	0.00850	0.01274	0.01274	0.01416	0.00991	0.00991	0.01416	0.01274	0.01841	0.02124	0.03115	0.01982	0.05947	0.68989	0.01274	0.02124	0.00850	0.00425	0.00708
35	0.01972	0.01703	0.01793	0.01614	0.02062	0.01972	0.01255	0.04214	0.65752	0.03317	0.03228	0.02959	0.02421	0.01076	0.00807	0.00269	0.00628	0.00897	0.00807	0.01255
36	0.02894	0.03665	0.02257	0.02045	0.02431	0.65230	0.01544	0.03096	0.02189	0.01939	0.01215	0.01447	0.01023	0.00849	0.00821	0.00212	0.05301	0.00521	0.00405	0.00916
37	0.02120	0.72609	0.04155	0.01357	0.02035	0.03138	0.01357	0.02374	0.01611	0.01866	0.01102	0.01272	0.01018	0.00678	0.00509	0.00170	0.00848	0.00424	0.00339	0.01018
38	0.02936	0.02175	0.02338	0.01787	0.02426	0.02379	0.01475	0.60948	0.03609	0.04859	0.01875	0.01889	0.01339	0.00931	0.00781	0.00231	0.00856	0.00700	0.00775	0.05693
39	0.00948	0.00804	0.00818	0.00814	0.01078	0.00674	0.00611	0.01159	0.01833	0.02202	0.11407	0.07533	0.63452	0.01986	0.00937	0.00267	0.00400	0.01660	0.00744	0.00674
40	0.01187	0.00825	0.00956	0.00936	0.00936	0.00866	0.00554	0.01197	0.01157	0.01559	0.02413	0.04987	0.02775	0.67988	0.03952	0.00744	0.04863	0.01126	0.00473	0.00503
41	0.00965	0.00694	0.00916	0.01093	0.01147	0.00645	0.00731	0.01105	0.01529	0.02029	0.04509	0.69197	0.07572	0.02466	0.01009	0.00320	0.00458	0.02232	0.00736	0.00645
42	0.01944	0.01865	0.03186	0.07438	0.64757	0.01879	0.02425	0.02418	0.01797	0.02568	0.01488	0.01969	0.01248	0.00710	0.00785	0.00237	0.00947	0.00706	0.00391	0.01241
43	0.01922	0.01945	0.05716	0.08430	0.61221	0.01876	0.02440	0.02414	0.01788	0.02556	0.01484	0.01960	0.01235	0.00713	0.00784	0.00238	0.00958	0.00702	0.00388	0.01232
44	0.02857	0.02101	0.02261	0.01750	0.02339	0.02316	0.01432	0.59235	0.03558	0.04776	0.04663	0.02211	0.01671	0.03954	0.00935	0.00261	0.00847	0.00763	0.00784	0.01287
45	0.00964	0.00697	0.00913	0.01087	0.01146	0.00646	0.00728	0.01106	0.01535	0.02031	0.04581	0.67939	0.08784	0.02457	0.01008	0.00319	0.00457	0.02221	0.00736	0.00646
46	0.02655	0.01942	0.02097	0.01654	0.02170	0.02140	0.01325	0.51025	0.05704	0.04317	0.02017	0.02416	0.01602	0.10800	0.01328	0.03266	0.00842	0.00780	0.00734	0.01187
47	0.00937	0.00803	0.00803	0.00803	0.01071	0.00669	0.00602	0.01138	0.01807	0.02142	0.08033	0.07632	0.66863	0.02008	0.00937	0.00268	0.00402	0.01674	0.00736	0.00669
48	0.01644	0.01409	0.01644	0.01175	0.01879	0.01057	0.00940	0.01997	0.01644	0.02584	0.01409	0.01644	0.01175	0.00587	0.00587	0.00117	0.00587	0.00470	0.00470	0.76979
49	0.01113	0.00804	0.01052	0.01004	0.01183	0.00742	0.00748	0.01473	0.02202	0.03112	0.63112	0.09771	0.07351	0.01672	0.00940	0.00254	0.00379	0.01482	0.00865	0.00742
50	0.01060	0.00786	0.01020	0.01132	0.01264	0.00710	0.00800	0.01243	0.01570	0.02116	0.04206	0.56490	0.07198	0.02252	0.00975	0.00304	0.00495	0.07481	0.00709	0.08191
51	0.02728	0.01883	0.02078	0.01673	0.02226	0.02051	0.01353	0.37845	0.17974	0.13520	0.02537	0.06350	0.01918	0.01075	0.00810	0.00251	0.00762	0.00859	0.00820	0.01285
52	0.01987	0.54187	0.17528	0.01588	0.02332	0.02825	0.01710	0.02377	0.01602	0.02004	0.01167	0.01383	0.01016	0.00734	0.00678	0.00197	0.04832	0.00473	0.00339	0.01042
53	0.01509	0.01091	0.01311	0.01268	0.01468	0.01137	0.00929	0.16261	0.02017	0.02715	0.06088	0.35370	0.03793	0.11152	0.07707	0.00446	0.00758	0.03482	0.00694	0.00804
54	0.01972	0.25787	0.10680	0.01559	0.02095	0.13438	0.01447	0.02459	0.07006	0.04202	0.04758	0.05314	0.07239	0.01300	0.04590	0.00282	0.03651	0.00765	0.00485	0.00971

[dist]
# distance from previous block
# <min> <max>
0	2

[block]
# block no. 2 follows, 24 sequences, length 11
# corresponding to MSA columns:
# 112-122
name=unknown_C
#
# <colnr> <probs for GDERKNQSTAVLIFYWHMCP>
#	G	D	E	R	K	N	Q	S	T	A	V	L	I	F	Y	W	H	M	C	P
0	0.05880	0.21677	0.04280	0.01535	0.02106	0.02176	0.01353	0.18409	0.02226	0.14938	0.01858	0.05066	0.01480	0.00950	0.00858	0.00226	0.07065	0.00684	0.00609	0.06624
1	0.01673	0.01068	0.01232	0.01085	0.01308	0.01115	0.00808	0.07689	0.01742	0.06434	0.05682	0.03400	0.02329	0.20440	0.01755	0.00367	0.07103	0.00866	0.27615	0.06290
2	0.14374	0.05313	0.02070	0.04556	0.02254	0.06947	0.04604	0.21126	0.08072	0.06247	0.02263	0.09107	0.01992	0.01141	0.00782	0.00258	0.00822	0.06363	0.00652	0.01056
3	0.08130	0.06314	0.08425	0.02023	0.06850	0.37772	0.01585	0.02975	0.02070	0.11071	0.04455	0.01846	0.01442	0.00849	0.00719	0.00220	0.01136	0.00602	0.00501	0.01017
4	0.47693	0.01925	0.09901	0.01355	0.01953	0.01815	0.01246	0.08528	0.07539	0.09100	0.01588	0.01669	0.01161	0.00811	0.00608	0.00248	0.00716	0.00550	0.00571	0.01023
5	0.05337	0.01422	0.04537	0.01349	0.01696	0.04242	0.01101	0.09985	0.08356	0.07782	0.24375	0.14948	0.04353	0.01498	0.00879	0.00267	0.00618	0.05556	0.00768	0.00931
6	0.10579	0.25062	0.12883	0.01465	0.02050	0.02071	0.01420	0.09951	0.04639	0.02756	0.07766	0.11885	0.02284	0.01090	0.00704	0.00233	0.00768	0.00858	0.00537	0.00998
7	0.08771	0.01360	0.07475	0.01441	0.03480	0.01108	0.04201	0.03409	0.01769	0.09972	0.09396	0.28556	0.03439	0.01512	0.00838	0.00263	0.00625	0.01331	0.04668	0.06384
8	0.09280	0.16238	0.08635	0.01490	0.02079	0.01926	0.01352	0.14571	0.06212	0.17712	0.02209	0.07661	0.01795	0.04365	0.00877	0.00262	0.00775	0.00791	0.00653	0.01117
9	0.21410	0.06055	0.23160	0.01852	0.02580	0.11008	0.06792	0.08379	0.01885	0.04602	0.01530	0.04590	0.01225	0.00846	0.00700	0.00242	0.00991	0.00645	0.00468	0.01041
10	0.12021	0.05155	0.37492	0.08382	0.08511	0.01772	0.03680	0.02323	0.01635	0.02567	0.01654	0.05360	0.01392	0.00899	0.00749	0.00257	0.01003	0.03689	0.00403	0.01056

[dist]
# distance from previous block
# <min> <max>
6	34

[block]
# block no. 3 follows, 24 sequences, length 32
# corresponding to MSA columns:
# 157-188
name=unknown_D
#
# <colnr> <probs for GDERKNQSTAVLIFYWHMCP>
#	G	D	E	R	K	N	Q	S	T	A	V	L	I	F	Y	W	H	M	C	P
0	0.10529	0.09441	0.07681	0.14977	0.06913	0.05170	0.01545	0.02569	0.07729	0.10217	0.10524	0.02489	0.02141	0.00918	0.00733	0.00236	0.00810	0.00741	0.00561	0.04076
1	0.07867	0.05176	0.01834	0.03247	0.02018	0.07826	0.01156	0.08372	0.15717	0.11771	0.06950	0.02743	0.06445	0.00988	0.00735	0.00221	0.00712	0.00781	0.00672	0.14770
2	0.02729	0.01910	0.04692	0.01987	0.09363	0.01870	0.01497	0.28232	0.09358	0.19274	0.02223	0.02176	0.01567	0.00901	0.00772	0.00231	0.00790	0.00723	0.00746	0.08959
3	0.01986	0.46107	0.25556	0.01684	0.02526	0.02668	0.01893	0.05470	0.01736	0.02237	0.01250	0.01438	0.01029	0.00717	0.00605	0.00200	0.00958	0.00493	0.00360	0.01086
4	0.01010	0.00737	0.00967	0.01109	0.01198	0.00671	0.00749	0.01162	0.01526	0.02061	0.04177	0.67048	0.04979	0.02361	0.00984	0.00309	0.00468	0.02138	0.00719	0.05626
5	0.02427	0.01943	0.02155	0.01946	0.07048	0.02179	0.01452	0.30458	0.33909	0.03998	0.02521	0.02424	0.01866	0.00994	0.00799	0.00253	0.00758	0.00803	0.00770	0.01296
6	0.01915	0.01401	0.01672	0.01208	0.01900	0.01072	0.00972	0.02261	0.01733	0.11786	0.01652	0.01793	0.01286	0.00643	0.00617	0.00136	0.00600	0.00516	0.00542	0.66297
7	0.06772	0.01435	0.06082	0.07219	0.04516	0.03415	0.01315	0.06753	0.02049	0.08214	0.20186	0.09615	0.03928	0.01450	0.00885	0.00277	0.00700	0.13588	0.00697	0.00904
8	0.05722	0.49137	0.17350	0.04489	0.02467	0.05117	0.01707	0.02415	0.01634	0.02095	0.01188	0.01399	0.01009	0.00707	0.00579	0.00196	0.00935	0.00474	0.00349	0.01033
9	0.01149	0.00786	0.00950	0.00950	0.00980	0.00815	0.00587	0.01208	0.01178	0.01601	0.02421	0.04757	0.02695	0.58348	0.17563	0.00874	0.01051	0.01090	0.00469	0.00528
10	0.00991	0.00700	0.00913	0.01073	0.01113	0.00660	0.00703	0.01111	0.01471	0.01961	0.04127	0.62958	0.04937	0.11560	0.01406	0.00380	0.00500	0.02111	0.00703	0.00623
11	0.02028	0.02042	0.06956	0.04463	0.58100	0.01929	0.02386	0.07562	0.01957	0.02785	0.01522	0.01941	0.01249	0.00730	0.00784	0.00237	0.00950	0.00700	0.00422	0.01259
12	0.01535	0.01438	0.02420	0.61125	0.11452	0.01742	0.02190	0.02052	0.01617	0.02095	0.01523	0.02358	0.01210	0.00837	0.00803	0.00265	0.01033	0.03021	0.00371	0.00912
13	0.01066	0.00768	0.01030	0.01204	0.01306	0.00732	0.00905	0.01280	0.01633	0.02143	0.04503	0.48044	0.08196	0.02365	0.01035	0.00333	0.00544	0.21506	0.00734	0.00673
14	0.02120	0.72609	0.04155	0.01357	0.02035	0.03138	0.01357	0.02374	0.01611	0.01866	0.01102	0.01272	0.01018	0.00678	0.00509	0.00170	0.00848	0.00424	0.00339	0.01018
15	0.21201	0.22564	0.10109	0.03942	0.02216	0.04901	0.01421	0.12493	0.01954	0.05992	0.01467	0.01627	0.01135	0.00784	0.00613	0.00218	0.00826	0.00541	0.04959	0.01039
16	0.06744	0.00863	0.01169	0.01230	0.01371	0.00841	0.03747	0.01368	0.01605	0.02279	0.09034	0.46204	0.04712	0.05578	0.01123	0.00335	0.00556	0.09848	0.00700	0.00692
17	0.00937	0.00803	0.00803	0.00803	0.01071	0.00669	0.00602	0.01138	0.01807	0.02142	0.08033	0.07632	0.66863	0.02008	0.00937	0.00268	0.00402	0.01674	0.00736	0.00669
18	0.02817	0.05834	0.02386	0.01837	0.02387	0.15820	0.01491	0.41321	0.08920	0.03962	0.01818	0.01869	0.01354	0.00940	0.00834	0.00235	0.03605	0.00675	0.00679	0.01220
19	0.01843	0.02284	0.09809	0.03199	0.03998	0.02010	0.56577	0.02511	0.01827	0.02511	0.01565	0.02083	0.01180	0.00706	0.00992	0.00269	0.04276	0.00897	0.00393	0.01069
20	0.02937	0.02183	0.02336	0.01809	0.02430	0.02423	0.01489	0.60083	0.08312	0.04873	0.02002	0.01982	0.01428	0.00961	0.00794	0.00240	0.00854	0.00727	0.00794	0.01342
21	0.02012	0.01900	0.03180	0.04726	0.64175	0.01911	0.02391	0.05322	0.01895	0.02703	0.01511	0.01960	0.01260	0.00718	0.00785	0.00236	0.00939	0.00707	0.00411	0.01260
22	0.01751	0.02146	0.10143	0.08553	0.03901	0.01886	0.46240	0.02384	0.01794	0.02449	0.01768	0.04773	0.01461	0.00843	0.00971	0.00275	0.03482	0.03739	0.00416	0.01027
23	0.03441	0.01376	0.01837	0.01426	0.02027	0.01225	0.01172	0.03890	0.06961	0.62974	0.03136	0.02718	0.01997	0.00988	0.00798	0.00247	0.00671	0.00805	0.00969	0.01343
24	0.03558	0.01350	0.01840	0.01411	0.02024	0.01166	0.01166	0.03865	0.02270	0.67734	0.03128	0.02699	0.01963	0.00981	0.00797	0.00245	0.00675	0.00797	0.00981	0.01350
25	0.01772	0.01002	0.01289	0.01131	0.01444	0.00928	0.00878	0.02243	0.06374	0.19121	0.44057	0.05013	0.08624	0.01446	0.00893	0.00251	0.00466	0.01253	0.00889	0.00926
26	0.01753	0.01670	0.02840	0.34330	0.39361	0.01829	0.02329	0.02250	0.01706	0.02336	0.01455	0.02031	0.01166	0.00745	0.00789	0.00248	0.00994	0.00706	0.00374	0.01087
27	0.37361	0.01581	0.01832	0.17609	0.11666	0.01821	0.01452	0.02580	0.11885	0.03031	0.01572	0.01843	0.01212	0.00800	0.00652	0.00252	0.00764	0.00607	0.00496	0.00983
28	0.01415	0.00750	0.00800	0.00811	0.00987	0.00740	0.00612	0.01711	0.01632	0.02726	0.03020	0.03640	0.07346	0.01237	0.00827	0.06534	0.00420	0.04400	0.59693	0.00700
29	0.01750	0.01974	0.05758	0.13693	0.06670	0.01869	0.46262	0.02361	0.01796	0.02427	0.01745	0.06649	0.01441	0.00810	0.00907	0.00269	0.01215	0.00967	0.00413	0.01023
30	0.08950	0.27063	0.36993	0.01960	0.05743	0.02279	0.02177	0.02444	0.01628	0.02394	0.01287	0.01514	0.01007	0.00724	0.00647	0.00222	0.00999	0.00522	0.00354	0.01094
31	0.27394	0.01650	0.05090	0.01383	0.01988	0.01547	0.01196	0.10235	0.02108	0.36441	0.02246	0.02099	0.01486	0.00887	0.00695	0.00245	0.00703	0.00658	0.00768	0.01181

[dist]
# distance from previous block
# <min> <max>
0	1

[block]
# block no. 4 follows, 24 sequences, length 16
# corresponding to MSA columns:
# 190-205
name=unknown_E
#
# <colnr> <probs for GDERKNQSTAVLIFYWHMCP>
#	G	D	E	R	K	N	Q	S	T	A	V	L	I	F	Y	W	H	M	C	P
0	0.01934	0.02082	0.08973	0.08307	0.51094	0.01903	0.06743	0.04711	0.01856	0.02635	0.01504	0.01956	0.01222	0.00722	0.00794	0.00241	0.00994	0.00712	0.00400	0.01217
1	0.12956	0.01575	0.02699	0.37101	0.04225	0.01758	0.17891	0.02173	0.01643	0.02415	0.01641	0.02554	0.01351	0.00866	0.00809	0.00270	0.01036	0.05705	0.00416	0.00914
2	0.01236	0.00842	0.01010	0.00987	0.01100	0.00816	0.00659	0.03833	0.01682	0.03773	0.21637	0.15345	0.07334	0.33606	0.02340	0.00495	0.00594	0.01398	0.00668	0.00646
3	0.03002	0.01568	0.01900	0.01509	0.02070	0.01562	0.01228	0.17649	0.12870	0.38308	0.07435	0.02791	0.02293	0.01036	0.00808	0.00248	0.00691	0.00840	0.00902	0.01291
4	0.08177	0.05494	0.01919	0.01434	0.01970	0.01731	0.01180	0.21038	0.10036	0.24793	0.02454	0.02355	0.01717	0.00942	0.00726	0.00234	0.00690	0.00730	0.11181	0.01201
5	0.01306	0.01086	0.06556	0.01299	0.01530	0.00858	0.01084	0.01594	0.01717	0.07310	0.07597	0.38950	0.06358	0.02089	0.00989	0.00316	0.00598	0.17262	0.00729	0.00770
6	0.01684	0.12023	0.55076	0.02370	0.08570	0.01999	0.02702	0.02489	0.01678	0.02442	0.01391	0.01651	0.01027	0.00741	0.00727	0.00240	0.01114	0.00577	0.00340	0.01161
7	0.02710	0.08555	0.07731	0.01847	0.02545	0.01609	0.13784	0.03241	0.05529	0.35281	0.02384	0.02311	0.01617	0.00850	0.00779	0.00235	0.00852	0.00755	0.00709	0.06676
8	0.02217	0.01112	0.01418	0.01248	0.01598	0.01035	0.00952	0.06166	0.04388	0.29339	0.08755	0.22617	0.06945	0.07020	0.01127	0.00309	0.00593	0.01330	0.00834	0.00996
9	0.12924	0.01146	0.01306	0.05805	0.01620	0.01307	0.00965	0.01956	0.01525	0.02756	0.01898	0.02312	0.01534	0.00946	0.00947	0.00224	0.13638	0.00660	0.39399	0.07132
10	0.02278	0.01981	0.02020	0.01647	0.02138	0.09075	0.01320	0.22396	0.15035	0.03375	0.03472	0.02117	0.01623	0.00951	0.00948	0.00226	0.08783	0.00693	0.02934	0.16986
11	0.15883	0.01982	0.02115	0.09651	0.02582	0.04681	0.01471	0.34108	0.07967	0.03905	0.01723	0.01876	0.01281	0.00934	0.00878	0.00252	0.06254	0.00669	0.00641	0.01146
12	0.10923	0.02072	0.08454	0.30045	0.06193	0.10167	0.01888	0.05843	0.04048	0.04977	0.01482	0.01893	0.01130	0.00857	0.00895	0.00257	0.06808	0.00647	0.00440	0.00981
13	0.02205	0.01481	0.01869	0.01574	0.02039	0.01533	0.05433	0.05711	0.29897	0.18715	0.08386	0.09959	0.02854	0.01193	0.00837	0.00261	0.00657	0.01037	0.00809	0.03549
14	0.07735	0.01941	0.02072	0.01626	0.02205	0.02103	0.01328	0.44260	0.08597	0.04386	0.07204	0.02257	0.01891	0.00969	0.00767	0.00231	0.00767	0.00747	0.00751	0.08163
15	0.04754	0.20496	0.10029	0.07203	0.02544	0.02237	0.01572	0.23304	0.02386	0.12030	0.01770	0.01967	0.01337	0.04008	0.00850	0.00249	0.00875	0.00646	0.00590	0.01151

[dist]
# distance from previous block
# <min> <max>
7	22

[block]
# block no. 5 follows, 24 sequences, length 14
# corresponding to MSA columns:
# 230-243
name=unknown_F
#
# <colnr> <probs for GDERKNQSTAVLIFYWHMCP>
#	G	D	E	R	K	N	Q	S	T	A	V	L	I	F	Y	W	H	M	C	P
0	0.08565	0.01522	0.01775	0.01397	0.01969	0.05365	0.01137	0.06418	0.02225	0.46675	0.06965	0.02617	0.02107	0.00965	0.00763	0.00233	0.00699	0.00767	0.00856	0.06977
1	0.04915	0.01623	0.06070	0.01674	0.02219	0.01449	0.10357	0.11622	0.05624	0.20433	0.06852	0.07149	0.11835	0.01224	0.00854	0.00261	0.00759	0.03256	0.00740	0.01083
2	0.01709	0.01247	0.01806	0.06517	0.02013	0.01464	0.03086	0.01940	0.01534	0.12418	0.02612	0.25505	0.02674	0.01959	0.06419	0.00382	0.24012	0.01254	0.00586	0.00864
3	0.43166	0.01304	0.01296	0.07360	0.01844	0.01439	0.00992	0.02168	0.01662	0.07912	0.15153	0.03021	0.04835	0.01058	0.00678	0.00255	0.00607	0.03777	0.00613	0.00861
4	0.03052	0.01374	0.01782	0.01432	0.01995	0.01263	0.01175	0.03656	0.11755	0.49818	0.03129	0.03135	0.02178	0.01062	0.00809	0.00251	0.00667	0.05223	0.00910	0.05334
5	0.01101	0.00803	0.01035	0.00991	0.01175	0.00737	0.00738	0.01450	0.02174	0.03044	0.59230	0.09804	0.11357	0.01697	0.00940	0.00255	0.00381	0.01497	0.00856	0.00737
6	0.01644	0.01409	0.01644	0.01175	0.01879	0.01057	0.00940	0.01997	0.01644	0.02584	0.01409	0.01644	0.01175	0.00587	0.00587	0.00117	0.00587	0.00470	0.00470	0.76979
7	0.01240	0.00907	0.01338	0.06264	0.01728	0.00859	0.04743	0.01461	0.01604	0.05854	0.03902	0.52767	0.06475	0.02057	0.00956	0.00298	0.00573	0.01872	0.00689	0.04412
8	0.02086	0.01678	0.01796	0.01599	0.02059	0.01914	0.01249	0.04189	0.61194	0.07943	0.03220	0.02940	0.02388	0.01069	0.00806	0.00267	0.00631	0.00889	0.00819	0.01262
9	0.01143	0.00956	0.01014	0.00973	0.01258	0.00903	0.00737	0.01718	0.12673	0.02517	0.17187	0.06553	0.45913	0.01785	0.00915	0.00265	0.00435	0.01502	0.00771	0.00782
10	0.02029	0.01732	0.01825	0.01625	0.02084	0.01999	0.01269	0.07506	0.62367	0.03409	0.03155	0.02901	0.02362	0.01069	0.00806	0.00267	0.00641	0.00887	0.00806	0.01260
11	0.01854	0.01760	0.02922	0.19984	0.48135	0.01862	0.02297	0.02463	0.06231	0.02509	0.01594	0.02068	0.01291	0.00753	0.00788	0.00245	0.00947	0.00719	0.00412	0.01168
12	0.01144	0.00894	0.01317	0.20369	0.02340	0.00961	0.01135	0.01404	0.01545	0.02079	0.03441	0.48250	0.03890	0.01922	0.00924	0.00298	0.00621	0.01734	0.05014	0.00716
13	0.02188	0.01708	0.01838	0.01610	0.02086	0.01934	0.01265	0.08406	0.55696	0.09233	0.03126	0.02861	0.02304	0.01059	0.00805	0.00265	0.00649	0.00875	0.00822	0.01270

[dist]
# distance from previous block
# <min> <max>
0	1

[block]
# block no. 6 follows, 24 sequences, length 12
# corresponding to MSA columns:
# 245-256
name=unknown_G
#
# <colnr> <probs for GDERKNQSTAVLIFYWHMCP>
#	G	D	E	R	K	N	Q	S	T	A	V	L	I	F	Y	W	H	M	C	P
0	0.05121	0.01911	0.02846	0.06878	0.50886	0.06470	0.02149	0.02479	0.04381	0.02626	0.05379	0.02178	0.01629	0.00788	0.00778	0.00237	0.00921	0.00732	0.00441	0.01170
1	0.00988	0.00706	0.00945	0.01129	0.01185	0.00663	0.00774	0.01142	0.01540	0.02049	0.04359	0.67223	0.05197	0.02464	0.01018	0.00325	0.00479	0.06430	0.00736	0.00650
2	0.01623	0.01537	0.02605	0.52618	0.22090	0.01795	0.02265	0.02136	0.01645	0.02178	0.01432	0.02073	0.01111	0.00770	0.00791	0.00257	0.01026	0.00705	0.00363	0.00982
3	0.01910	0.45468	0.29458	0.01715	0.02589	0.02624	0.01980	0.02429	0.01636	0.02121	0.01229	0.01431	0.01012	0.00708	0.00606	0.00202	0.00976	0.00488	0.00337	0.01079
4	0.04712	0.01464	0.02420	0.52821	0.09017	0.01769	0.04758	0.02039	0.01578	0.02143	0.01525	0.05243	0.01260	0.00892	0.00903	0.00269	0.05129	0.00774	0.00380	0.00902
5	0.01590	0.04102	0.68023	0.02260	0.03432	0.01842	0.02930	0.02511	0.01674	0.02511	0.01423	0.01674	0.01005	0.00753	0.00753	0.00251	0.01172	0.00586	0.00335	0.01172
6	0.02070	0.66090	0.10232	0.01443	0.02168	0.03014	0.01507	0.02388	0.01617	0.01927	0.01133	0.01310	0.01016	0.00686	0.00532	0.00177	0.00879	0.00439	0.00339	0.01032
7	0.01638	0.10199	0.62338	0.02180	0.03308	0.01957	0.02790	0.02499	0.01669	0.02454	0.01395	0.01638	0.01006	0.00747	0.00732	0.00244	0.01143	0.00572	0.00335	0.01158
8	0.00943	0.00782	0.00825	0.00859	0.01086	0.00665	0.00627	0.01132	0.01754	0.02120	0.07359	0.19414	0.55516	0.02096	0.00951	0.00278	0.00412	0.01781	0.00736	0.00665
9	0.01153	0.00769	0.00865	0.00865	0.00865	0.00769	0.00480	0.01153	0.01153	0.01538	0.02499	0.05189	0.02883	0.72131	0.04036	0.00769	0.00769	0.01153	0.00480	0.00480
10	0.01680	0.03477	0.47852	0.02605	0.03659	0.01894	0.22474	0.02520	0.01737	0.02520	0.01481	0.01822	0.01068	0.00726	0.00811	0.00256	0.01224	0.00697	0.00356	0.01139
11	0.00966	0.00690	0.00920	0.01104	0.01150	0.00644	0.00736	0.01104	0.01518	0.02024	0.04371	0.71614	0.05245	0.02484	0.01012	0.00322	0.00460	0.02254	0.00736	0.00644

[dist]
# distance from previous block
# <min> <max>
0	0

# created by:
# /st0/software/busco_prod/Augustus/scripts/msa2prfl.pl ./align_prep/104187.fa
