[name]
unknown

[dist]
# distance from previous block
# <min> <max>
0	126

[block]
# block no. 0 follows, 25 sequences, length 22
# corresponding to MSA columns:
# 126-147
name=unknown_A
#
# <colnr> <probs for GDERKNQSTAVLIFYWHMCP>
#	G	D	E	R	K	N	Q	S	T	A	V	L	I	F	Y	W	H	M	C	P
0	0.01249	0.00892	0.01249	0.01428	0.01606	0.00892	0.01249	0.01606	0.01785	0.02320	0.04105	0.08746	0.04462	0.02142	0.01071	0.00357	0.00714	0.62695	0.00714	0.00714
1	0.02807	0.01309	0.01675	0.01358	0.01862	0.01236	0.01095	0.03496	0.15103	0.45483	0.12839	0.03167	0.02826	0.01073	0.00802	0.00245	0.00606	0.00893	0.00909	0.01212
2	0.02002	0.61838	0.08777	0.01454	0.02097	0.02913	0.01474	0.02292	0.01547	0.01875	0.01096	0.01312	0.00996	0.00729	0.00692	0.00187	0.06944	0.00449	0.00332	0.00994
3	0.01074	0.00802	0.00898	0.00879	0.01120	0.00692	0.00657	0.01310	0.01868	0.05224	0.21627	0.11721	0.45637	0.01864	0.00915	0.00261	0.00402	0.01586	0.00762	0.00700
4	0.00945	0.00675	0.00900	0.01080	0.01125	0.00630	0.00720	0.01080	0.01484	0.01979	0.04274	0.72245	0.05128	0.02429	0.00990	0.00315	0.00450	0.02204	0.00720	0.00630
5	0.12465	0.09090	0.01999	0.01485	0.01997	0.04270	0.01210	0.10752	0.31330	0.13717	0.02433	0.02294	0.01782	0.00930	0.00712	0.00241	0.00696	0.00719	0.00713	0.01166
6	0.01274	0.00881	0.01181	0.04197	0.01459	0.00897	0.00898	0.03468	0.01680	0.05703	0.13821	0.37701	0.07610	0.02019	0.01197	0.06091	0.04802	0.03723	0.00687	0.00710
7	0.01303	0.00844	0.01103	0.01028	0.01251	0.00773	0.00791	0.01654	0.02151	0.08656	0.55136	0.05781	0.09671	0.01584	0.00912	0.00251	0.00414	0.05072	0.00848	0.00777
8	0.01093	0.00737	0.00856	0.00890	0.00898	0.00729	0.00517	0.01119	0.01195	0.01593	0.02787	0.17706	0.03253	0.59526	0.03390	0.00670	0.00695	0.01330	0.00517	0.00500
9	0.01750	0.07012	0.02852	0.37371	0.15281	0.01927	0.10125	0.05988	0.05682	0.02376	0.01530	0.02021	0.01180	0.00763	0.00772	0.00246	0.00998	0.00710	0.00409	0.01007
10	0.01877	0.01774	0.02481	0.22312	0.03399	0.05952	0.13525	0.03111	0.29477	0.04533	0.02213	0.02401	0.01655	0.00878	0.00803	0.00257	0.00917	0.00803	0.00565	0.01068
11	0.01179	0.00862	0.01103	0.07013	0.01368	0.00943	0.00746	0.01269	0.01192	0.01613	0.02287	0.06392	0.02535	0.52794	0.11275	0.00733	0.04625	0.01063	0.00453	0.00555
12	0.09544	0.01703	0.01858	0.01632	0.03881	0.04327	0.01311	0.30133	0.02616	0.08480	0.04394	0.03617	0.02239	0.01196	0.00810	0.00257	0.00775	0.15646	0.00708	0.04873
13	0.02372	0.01872	0.02296	0.10791	0.04910	0.02046	0.03949	0.39429	0.02791	0.03788	0.01802	0.05425	0.01432	0.00953	0.00863	0.00235	0.04543	0.00755	0.00633	0.09114
14	0.09257	0.01912	0.07495	0.17650	0.07010	0.01806	0.29768	0.02277	0.01659	0.02452	0.01424	0.01909	0.01093	0.00714	0.00856	0.00246	0.03771	0.00735	0.00390	0.07576
15	0.08068	0.05003	0.02004	0.05091	0.02247	0.07298	0.01315	0.21241	0.25661	0.07400	0.02333	0.05150	0.01804	0.00994	0.00749	0.00244	0.00770	0.00782	0.00696	0.01151
16	0.16285	0.10495	0.08061	0.11017	0.07545	0.01947	0.09819	0.07142	0.01740	0.02663	0.04350	0.02186	0.05202	0.00894	0.00878	0.00246	0.07405	0.00708	0.00452	0.00966
17	0.01806	0.07045	0.07080	0.01838	0.08855	0.01468	0.06722	0.06126	0.08270	0.08908	0.08569	0.14460	0.02671	0.01158	0.00783	0.00239	0.00705	0.01023	0.07224	0.05051
18	0.06633	0.04035	0.02239	0.07433	0.12026	0.03784	0.04499	0.22431	0.02362	0.06537	0.07540	0.07597	0.02057	0.00992	0.00767	0.00232	0.00797	0.00839	0.00612	0.06589
19	0.05224	0.04581	0.04118	0.08793	0.28188	0.01777	0.03910	0.13482	0.02117	0.06218	0.07886	0.02635	0.04124	0.00920	0.00779	0.00239	0.00833	0.02529	0.00543	0.01104
20	0.01680	0.26230	0.10889	0.01410	0.01941	0.05248	0.03461	0.02093	0.03782	0.02257	0.09472	0.10558	0.02401	0.03457	0.00795	0.00227	0.00757	0.00844	0.04978	0.07519
21	0.03653	0.05154	0.04885	0.01270	0.01702	0.01325	0.01049	0.12044	0.05735	0.02747	0.06121	0.15248	0.08637	0.06440	0.01005	0.00265	0.00634	0.03524	0.00617	0.17944

[dist]
# distance from previous block
# <min> <max>
3	17

[block]
# block no. 1 follows, 25 sequences, length 13
# corresponding to MSA columns:
# 165-177
name=unknown_B
#
# <colnr> <probs for GDERKNQSTAVLIFYWHMCP>
#	G	D	E	R	K	N	Q	S	T	A	V	L	I	F	Y	W	H	M	C	P
0	0.09488	0.02176	0.18445	0.03649	0.05695	0.01664	0.03946	0.13737	0.04913	0.11860	0.02029	0.02172	0.03624	0.01197	0.05588	0.00303	0.00936	0.00689	0.00564	0.07327
1	0.07213	0.01660	0.01746	0.06306	0.02056	0.07144	0.01233	0.20680	0.06754	0.03184	0.03716	0.07488	0.01861	0.01245	0.03309	0.00279	0.08545	0.00814	0.13796	0.00971
2	0.12782	0.02019	0.02043	0.01606	0.02193	0.04815	0.01311	0.43074	0.07546	0.04202	0.01770	0.01808	0.01298	0.00867	0.00712	0.00222	0.00793	0.00639	0.00687	0.09613
3	0.10341	0.01183	0.01302	0.01147	0.01501	0.01228	0.00900	0.06965	0.13106	0.14142	0.13963	0.06151	0.02938	0.01106	0.00719	0.00232	0.00520	0.00908	0.20686	0.00962
4	0.01040	0.01074	0.08382	0.01161	0.01371	0.00781	0.00948	0.01310	0.01664	0.02266	0.16842	0.46325	0.09827	0.02039	0.00941	0.00289	0.00505	0.01822	0.00703	0.00709
5	0.01117	0.00856	0.01146	0.01147	0.01262	0.00884	0.00856	0.01382	0.01823	0.02552	0.35858	0.28207	0.05753	0.01873	0.01126	0.00283	0.08218	0.04201	0.00745	0.00709
6	0.01201	0.00927	0.01134	0.01078	0.01316	0.00872	0.00798	0.01707	0.09217	0.02734	0.34547	0.21104	0.08745	0.01637	0.00881	0.00250	0.00438	0.01445	0.00764	0.09205
7	0.78228	0.01499	0.01140	0.01020	0.01499	0.01739	0.00840	0.02279	0.01320	0.03479	0.01080	0.01260	0.00840	0.00720	0.00480	0.00240	0.00600	0.00420	0.00480	0.00840
8	0.07721	0.32652	0.28846	0.01726	0.02564	0.02285	0.04351	0.02488	0.01639	0.07285	0.01370	0.01537	0.01056	0.00718	0.00627	0.00212	0.00941	0.00524	0.00391	0.01069
9	0.01587	0.01602	0.06183	0.21941	0.03040	0.01781	0.06156	0.03715	0.01575	0.02288	0.06942	0.02291	0.01667	0.01039	0.01363	0.00271	0.24644	0.00751	0.07921	0.03244
10	0.22155	0.07161	0.01986	0.10868	0.02421	0.18544	0.01325	0.15822	0.02102	0.03027	0.01426	0.01654	0.01105	0.00802	0.00642	0.00221	0.00906	0.00558	0.06315	0.00961
11	0.01288	0.01063	0.01060	0.01041	0.01260	0.05662	0.00763	0.06223	0.01890	0.02431	0.12979	0.22040	0.27378	0.04423	0.00993	0.00278	0.00520	0.01508	0.06475	0.00724
12	0.10761	0.01801	0.01805	0.01558	0.04311	0.06716	0.01195	0.31685	0.02591	0.03628	0.02539	0.07375	0.08822	0.01080	0.00740	0.00228	0.00741	0.00845	0.04710	0.06868

[dist]
# distance from previous block
# <min> <max>
0	1

[block]
# block no. 2 follows, 25 sequences, length 11
# corresponding to MSA columns:
# 179-189
name=unknown_C
#
# <colnr> <probs for GDERKNQSTAVLIFYWHMCP>
#	G	D	E	R	K	N	Q	S	T	A	V	L	I	F	Y	W	H	M	C	P
0	0.01723	0.01537	0.02264	0.46861	0.08165	0.01835	0.01922	0.08445	0.14407	0.02536	0.01775	0.02199	0.01332	0.00839	0.00777	0.00255	0.00928	0.00727	0.00474	0.00998
1	0.02564	0.01827	0.02006	0.01533	0.02131	0.01889	0.01255	0.42490	0.02947	0.08113	0.01884	0.01939	0.01373	0.00852	0.00713	0.00203	0.00740	0.00653	0.06988	0.17897
2	0.00990	0.00710	0.00940	0.01049	0.01135	0.00660	0.00723	0.01193	0.01695	0.02315	0.23034	0.52528	0.05777	0.02179	0.00967	0.00294	0.00425	0.01966	0.00759	0.00660
3	0.00979	0.00699	0.00939	0.01119	0.01179	0.00659	0.00779	0.01139	0.01518	0.02018	0.04255	0.65104	0.05053	0.02397	0.00999	0.00320	0.00480	0.09006	0.00719	0.00639
4	0.01022	0.00714	0.00870	0.00963	0.01000	0.00684	0.00605	0.01102	0.01344	0.01779	0.03666	0.39778	0.07365	0.32880	0.02267	0.00501	0.00578	0.01708	0.00611	0.00562
5	0.00945	0.00675	0.00900	0.01080	0.01125	0.00630	0.00720	0.01080	0.01484	0.01979	0.04274	0.72245	0.05128	0.02429	0.00990	0.00315	0.00450	0.02204	0.00720	0.00630
6	0.03003	0.01505	0.01844	0.01477	0.02035	0.01489	0.01199	0.10498	0.19715	0.44018	0.02956	0.02624	0.01975	0.00981	0.00782	0.00245	0.00668	0.00797	0.00894	0.01295
7	0.03442	0.01378	0.01836	0.01407	0.02008	0.01226	0.01162	0.07995	0.02317	0.64097	0.02977	0.02586	0.01878	0.00958	0.00779	0.00239	0.00673	0.00774	0.00947	0.01319
8	0.01054	0.00774	0.00988	0.00970	0.01141	0.00708	0.00714	0.01367	0.02041	0.02828	0.51419	0.15836	0.13770	0.01753	0.00926	0.00256	0.00381	0.01548	0.00819	0.00708
9	0.01834	0.01557	0.01683	0.01557	0.01959	0.01784	0.01230	0.03769	0.57462	0.03114	0.03289	0.03711	0.02660	0.01204	0.00828	0.00276	0.00628	0.09521	0.00778	0.01155
10	0.03479	0.01320	0.01799	0.01380	0.01979	0.01140	0.01140	0.03779	0.02219	0.68451	0.03059	0.02639	0.01919	0.00960	0.00780	0.00240	0.00660	0.00780	0.00960	0.01320

[dist]
# distance from previous block
# <min> <max>
0	1

[block]
# block no. 3 follows, 25 sequences, length 25
# corresponding to MSA columns:
# 191-215
name=unknown_D
#
# <colnr> <probs for GDERKNQSTAVLIFYWHMCP>
#	G	D	E	R	K	N	Q	S	T	A	V	L	I	F	Y	W	H	M	C	P
0	0.02826	0.02008	0.02170	0.01691	0.02274	0.02207	0.01388	0.53604	0.08419	0.08549	0.02070	0.02041	0.01471	0.00941	0.00765	0.00233	0.00798	0.00718	0.04545	0.01282
1	0.01618	0.09155	0.54124	0.05626	0.03414	0.01912	0.08757	0.02424	0.01647	0.02385	0.01383	0.01671	0.01005	0.00725	0.00737	0.00241	0.01131	0.00599	0.00335	0.01110
2	0.01132	0.00811	0.01062	0.03408	0.01396	0.00795	0.00866	0.01444	0.05687	0.04048	0.04236	0.52753	0.07834	0.02188	0.00970	0.00310	0.00513	0.09123	0.00718	0.00707
3	0.66186	0.01634	0.01292	0.01129	0.01619	0.05199	0.00923	0.05517	0.01533	0.07372	0.01243	0.01379	0.00936	0.00749	0.00524	0.00238	0.00657	0.00459	0.00519	0.00895
4	0.06577	0.00922	0.01173	0.04894	0.01501	0.00974	0.00927	0.01432	0.01654	0.02348	0.17384	0.23516	0.12614	0.04269	0.03721	0.00340	0.06061	0.08325	0.00661	0.00706
5	0.01804	0.01725	0.02939	0.21488	0.52084	0.01812	0.02322	0.02279	0.01711	0.02393	0.01438	0.01957	0.01179	0.00712	0.00770	0.00237	0.00950	0.00690	0.00374	0.01135
6	0.01266	0.00830	0.01090	0.01004	0.01216	0.00760	0.00760	0.01627	0.02197	0.07735	0.62943	0.05569	0.06934	0.01541	0.00905	0.00244	0.00387	0.01358	0.00861	0.00773
7	0.01424	0.00959	0.01166	0.01138	0.01376	0.00917	0.00868	0.08480	0.01995	0.07979	0.15499	0.26936	0.17977	0.01871	0.00929	0.00281	0.00513	0.08130	0.00768	0.00793
8	0.01126	0.00756	0.00870	0.00870	0.00878	0.00765	0.00500	0.01143	0.01135	0.01521	0.02421	0.04952	0.02766	0.68728	0.07896	0.00781	0.00831	0.01110	0.00467	0.00483
9	0.01087	0.00741	0.00888	0.00927	0.00947	0.00742	0.00562	0.01137	0.01213	0.01629	0.02808	0.19339	0.03246	0.52464	0.08406	0.00696	0.00790	0.01336	0.00519	0.00521
10	0.02332	0.01717	0.01870	0.01591	0.02086	0.01915	0.01263	0.15884	0.45799	0.12268	0.02893	0.02660	0.02105	0.01016	0.00785	0.00254	0.00666	0.00829	0.00809	0.01257
11	0.01832	0.01877	0.03627	0.02638	0.03297	0.01807	0.42436	0.02352	0.01720	0.04864	0.01518	0.01970	0.01179	0.00740	0.01053	0.00243	0.10077	0.00793	0.00419	0.15559
12	0.05399	0.01753	0.01800	0.01549	0.02003	0.04431	0.01216	0.16885	0.39559	0.06389	0.04823	0.02741	0.02194	0.04606	0.00932	0.00276	0.00695	0.00831	0.00752	0.01168
13	0.01693	0.01719	0.03119	0.02354	0.05084	0.01585	0.32360	0.02182	0.01737	0.02504	0.06574	0.02185	0.01634	0.00751	0.00913	0.00216	0.05937	0.00778	0.00446	0.26228
14	0.00952	0.00782	0.00808	0.00804	0.01032	0.00670	0.00585	0.01137	0.01724	0.02095	0.11124	0.07088	0.56491	0.09803	0.01253	0.00315	0.00431	0.01565	0.00701	0.00639
15	0.01790	0.02227	0.10473	0.03030	0.03842	0.01885	0.55026	0.02447	0.01797	0.02484	0.01539	0.02017	0.01156	0.00656	0.00876	0.00250	0.01244	0.00853	0.00390	0.06016
16	0.02622	0.02016	0.02286	0.01971	0.07367	0.02246	0.01502	0.49438	0.06625	0.04262	0.02140	0.02190	0.04665	0.01001	0.00908	0.00243	0.05812	0.00753	0.00712	0.01240
17	0.00959	0.00681	0.00895	0.01061	0.01103	0.00639	0.00700	0.01083	0.01457	0.01942	0.04132	0.67038	0.04949	0.07880	0.01219	0.00349	0.00473	0.02121	0.00700	0.00617
18	0.01608	0.01378	0.01608	0.01148	0.01837	0.01034	0.00919	0.01952	0.01608	0.02527	0.01378	0.01608	0.01148	0.00574	0.00574	0.00115	0.00574	0.00459	0.00459	0.77491
19	0.16397	0.01230	0.05026	0.01114	0.01511	0.01063	0.00938	0.02030	0.01930	0.12630	0.33208	0.04023	0.08100	0.01229	0.00777	0.00235	0.00515	0.01021	0.00731	0.06291
20	0.02178	0.01627	0.01747	0.01387	0.01881	0.03758	0.01092	0.25973	0.06759	0.06718	0.04924	0.02539	0.01866	0.10179	0.01129	0.00270	0.00715	0.00738	0.04617	0.19904
21	0.01010	0.00718	0.00943	0.01061	0.01136	0.00677	0.00733	0.01190	0.01603	0.02168	0.15845	0.49575	0.05278	0.08743	0.01254	0.00345	0.00479	0.05881	0.00721	0.00639
22	0.01759	0.01949	0.04151	0.10515	0.04060	0.01877	0.54814	0.02382	0.01797	0.02420	0.01685	0.02448	0.01338	0.00747	0.00908	0.00266	0.01245	0.04225	0.00404	0.01008
23	0.12310	0.04815	0.17633	0.18837	0.18136	0.01807	0.02055	0.02371	0.01623	0.07655	0.01462	0.01819	0.01107	0.00779	0.00803	0.00246	0.04457	0.00622	0.00416	0.01048
24	0.02444	0.01413	0.01624	0.04831	0.01912	0.01474	0.01094	0.25183	0.02484	0.18238	0.02348	0.02421	0.01682	0.00919	0.00691	0.00217	0.00640	0.00725	0.28582	0.01078

[dist]
# distance from previous block
# <min> <max>
1	5

[block]
# block no. 4 follows, 25 sequences, length 29
# corresponding to MSA columns:
# 221-249
name=unknown_E
#
# <colnr> <probs for GDERKNQSTAVLIFYWHMCP>
#	G	D	E	R	K	N	Q	S	T	A	V	L	I	F	Y	W	H	M	C	P
0	0.07337	0.05920	0.02495	0.08758	0.16856	0.05902	0.01677	0.32532	0.05059	0.03621	0.01648	0.01834	0.01246	0.00833	0.00736	0.00231	0.00888	0.00658	0.00587	0.01182
1	0.01610	0.01334	0.01718	0.01285	0.01896	0.01047	0.05028	0.01947	0.01630	0.04938	0.01814	0.10471	0.01675	0.00825	0.00656	0.00154	0.00609	0.00718	0.00506	0.60140
2	0.01848	0.17882	0.47015	0.01990	0.02974	0.02005	0.04623	0.02551	0.01685	0.08400	0.01487	0.01665	0.01078	0.00739	0.00698	0.00229	0.01042	0.00572	0.00389	0.01127
3	0.11433	0.08230	0.02137	0.01559	0.02094	0.10417	0.01283	0.32922	0.02675	0.09833	0.01784	0.01860	0.01316	0.01035	0.03044	0.00256	0.00882	0.00631	0.05487	0.01125
4	0.00945	0.00675	0.00900	0.01080	0.01125	0.00630	0.00720	0.01080	0.01484	0.01979	0.04274	0.72245	0.05128	0.02429	0.00990	0.00315	0.00450	0.02204	0.00720	0.00630
5	0.01890	0.01812	0.03094	0.09011	0.63891	0.01835	0.02365	0.02354	0.01752	0.02498	0.01453	0.01929	0.01216	0.00696	0.00768	0.00232	0.00928	0.00691	0.00381	0.01205
6	0.02012	0.02054	0.03026	0.08180	0.54188	0.10278	0.04187	0.02449	0.01809	0.02421	0.01425	0.01868	0.01187	0.00708	0.00764	0.00229	0.00999	0.00674	0.00384	0.01160
7	0.01029	0.00841	0.00918	0.00905	0.01156	0.00754	0.00692	0.01380	0.05414	0.02385	0.19986	0.06931	0.47717	0.01844	0.00918	0.00263	0.00417	0.04994	0.00752	0.00706
8	0.01822	0.01732	0.02825	0.17683	0.40423	0.01839	0.05682	0.02596	0.12602	0.02537	0.01733	0.02123	0.01377	0.00767	0.00781	0.00243	0.00914	0.00734	0.00444	0.01143
9	0.01128	0.00752	0.00846	0.00846	0.00846	0.00752	0.00470	0.01128	0.01128	0.01503	0.02443	0.05074	0.02819	0.72751	0.03946	0.00752	0.00752	0.01128	0.00470	0.00470
10	0.01881	0.01293	0.01612	0.05437	0.07502	0.01342	0.01127	0.18270	0.02343	0.07531	0.22374	0.03497	0.03388	0.05045	0.00953	0.00258	0.00617	0.00948	0.13626	0.00956
11	0.01108	0.00831	0.01246	0.01246	0.01385	0.00969	0.00969	0.01385	0.01246	0.01800	0.02077	0.03046	0.01938	0.05815	0.69678	0.01246	0.02077	0.00831	0.00415	0.00692
12	0.01699	0.01339	0.01586	0.01153	0.01806	0.01022	0.00922	0.02042	0.01682	0.06837	0.05430	0.01924	0.01566	0.00659	0.00608	0.00131	0.00567	0.00536	0.00515	0.67974
13	0.05934	0.01519	0.02337	0.48303	0.17090	0.03893	0.02023	0.02104	0.01604	0.02216	0.01428	0.02011	0.01106	0.00763	0.00743	0.00246	0.00966	0.00670	0.04117	0.00927
14	0.02103	0.01688	0.01826	0.04945	0.02173	0.01925	0.01271	0.18158	0.42970	0.03536	0.02711	0.02611	0.02023	0.00997	0.00764	0.00249	0.00668	0.00812	0.07382	0.01187
15	0.01278	0.00856	0.01092	0.01143	0.01287	0.00826	0.00810	0.06855	0.01811	0.06012	0.12804	0.53089	0.04927	0.02101	0.00949	0.00294	0.00485	0.01884	0.00756	0.00741
16	0.04201	0.11496	0.53504	0.02001	0.03024	0.01884	0.02478	0.02550	0.01671	0.08143	0.01491	0.01668	0.01060	0.00747	0.00705	0.00236	0.01051	0.00568	0.00388	0.01134
17	0.01724	0.23322	0.45097	0.02051	0.03031	0.02171	0.07707	0.02420	0.01636	0.02280	0.01318	0.01565	0.01002	0.00709	0.00684	0.00224	0.01070	0.00557	0.00334	0.01095
18	0.00945	0.00675	0.00900	0.01080	0.01125	0.00630	0.00720	0.01080	0.01484	0.01979	0.04274	0.72245	0.05128	0.02429	0.00990	0.00315	0.00450	0.02204	0.00720	0.00630
19	0.01021	0.00778	0.01108	0.11299	0.01742	0.00790	0.00930	0.01212	0.01494	0.01980	0.03850	0.61971	0.04529	0.02187	0.00958	0.00307	0.00535	0.01982	0.00665	0.00664
20	0.01575	0.02125	0.18001	0.06027	0.03036	0.01659	0.25293	0.02130	0.01657	0.02384	0.04309	0.09819	0.01839	0.01009	0.01025	0.00265	0.08882	0.00941	0.07074	0.00951
21	0.01881	0.30887	0.13439	0.02270	0.03014	0.02405	0.27111	0.02381	0.01665	0.02181	0.01316	0.01665	0.01067	0.00708	0.00811	0.00225	0.04937	0.00652	0.00356	0.01029
22	0.01058	0.00786	0.00986	0.00948	0.01137	0.00713	0.00706	0.01384	0.02086	0.02878	0.54042	0.09336	0.17686	0.01692	0.00919	0.00250	0.00375	0.01482	0.00824	0.00713
23	0.03479	0.01320	0.01799	0.01380	0.01979	0.01140	0.01140	0.03779	0.02219	0.68451	0.03059	0.02639	0.01919	0.00960	0.00780	0.00240	0.00660	0.00780	0.00960	0.01320
24	0.16625	0.01896	0.01977	0.01552	0.02121	0.02082	0.01278	0.45040	0.02988	0.10037	0.01859	0.01875	0.01320	0.00893	0.00709	0.00232	0.00763	0.00656	0.04895	0.01199
25	0.00945	0.00675	0.00900	0.01080	0.01125	0.00630	0.00720	0.01080	0.01484	0.01979	0.04274	0.72245	0.05128	0.02429	0.00990	0.00315	0.00450	0.02204	0.00720	0.00630
26	0.01696	0.01696	0.02375	0.02036	0.02036	0.02375	0.01696	0.01866	0.01187	0.01866	0.01018	0.01696	0.01018	0.01357	0.02545	0.00339	0.71332	0.00679	0.00339	0.00848
27	0.01573	0.03886	0.64572	0.02279	0.03401	0.01811	0.06901	0.02457	0.01650	0.02457	0.01403	0.01666	0.00995	0.00731	0.00748	0.00247	0.01156	0.00595	0.00332	0.01139
28	0.02241	0.01508	0.01730	0.01455	0.01880	0.01560	0.01141	0.32035	0.02608	0.11294	0.02799	0.26032	0.02683	0.01425	0.00837	0.00254	0.00675	0.01208	0.00758	0.05875

[dist]
# distance from previous block
# <min> <max>
1	6

[block]
# block no. 5 follows, 25 sequences, length 16
# corresponding to MSA columns:
# 256-271
name=unknown_F
#
# <colnr> <probs for GDERKNQSTAVLIFYWHMCP>
#	G	D	E	R	K	N	Q	S	T	A	V	L	I	F	Y	W	H	M	C	P
0	0.02477	0.01606	0.01829	0.01464	0.02008	0.01641	0.01180	0.20167	0.19250	0.19097	0.04657	0.02455	0.01941	0.00936	0.00744	0.00223	0.00664	0.00753	0.04149	0.12759
1	0.01560	0.01192	0.01423	0.01122	0.01627	0.00943	0.00855	0.01832	0.01578	0.06340	0.02087	0.14314	0.02049	0.07823	0.00982	0.00218	0.00575	0.00847	0.00536	0.52098
2	0.01701	0.01438	0.01657	0.01205	0.01879	0.01154	0.00965	0.05773	0.04644	0.02697	0.01486	0.01680	0.01213	0.00617	0.00596	0.00128	0.00592	0.00492	0.00493	0.69589
3	0.02910	0.02027	0.02212	0.01719	0.02319	0.02216	0.01412	0.52518	0.09496	0.11914	0.02121	0.02048	0.01487	0.00946	0.00777	0.00236	0.00808	0.00724	0.00798	0.01310
4	0.00945	0.00675	0.00900	0.01080	0.01125	0.00630	0.00720	0.01080	0.01484	0.01979	0.04274	0.72245	0.05128	0.02429	0.00990	0.00315	0.00450	0.02204	0.00720	0.00630
5	0.00951	0.00768	0.00847	0.00866	0.01079	0.00663	0.00635	0.01166	0.01792	0.02245	0.17232	0.18014	0.47072	0.01978	0.00928	0.00268	0.00398	0.01692	0.00742	0.00663
6	0.00928	0.00775	0.00808	0.00822	0.01060	0.00656	0.00608	0.01127	0.01762	0.02133	0.10399	0.13423	0.58864	0.01989	0.00923	0.00266	0.00397	0.01678	0.00726	0.00656
7	0.01075	0.00785	0.01009	0.00967	0.01148	0.00720	0.00720	0.01414	0.02120	0.02965	0.59234	0.09884	0.11731	0.01664	0.00919	0.00249	0.00373	0.01468	0.00835	0.00720
8	0.02073	0.73217	0.04063	0.01327	0.01990	0.03068	0.01327	0.02322	0.01575	0.01824	0.01078	0.01244	0.00995	0.00663	0.00498	0.00166	0.00829	0.00415	0.00332	0.00995
9	0.33601	0.01509	0.01804	0.30771	0.03251	0.01770	0.01481	0.08889	0.01712	0.06560	0.01398	0.01742	0.01032	0.00779	0.00653	0.00247	0.00814	0.00583	0.00480	0.00926
10	0.00994	0.00711	0.00953	0.01110	0.01183	0.00670	0.00782	0.01177	0.01587	0.02127	0.10301	0.58578	0.05261	0.02315	0.00992	0.00313	0.00472	0.09093	0.00732	0.00649
11	0.01711	0.24783	0.49322	0.01945	0.02946	0.02181	0.02403	0.02415	0.01619	0.02266	0.01297	0.01519	0.00986	0.00715	0.00665	0.00222	0.01051	0.00525	0.00329	0.01101
12	0.20026	0.06354	0.02167	0.11455	0.02498	0.01887	0.07400	0.13572	0.01881	0.04803	0.01645	0.05714	0.01373	0.00947	0.00904	0.00250	0.09142	0.00718	0.06310	0.00953
13	0.01114	0.00804	0.01111	0.01111	0.01202	0.00896	0.00800	0.01298	0.01206	0.01700	0.02201	0.03732	0.02236	0.28451	0.47450	0.01079	0.01629	0.00931	0.00434	0.00617
14	0.00981	0.00703	0.00932	0.01055	0.01133	0.00654	0.00723	0.01171	0.01654	0.02249	0.19361	0.56389	0.05650	0.02228	0.00972	0.00298	0.00430	0.02013	0.00752	0.00654
15	0.07889	0.01337	0.01883	0.26744	0.03004	0.01575	0.04915	0.07199	0.01699	0.02627	0.01702	0.02185	0.01330	0.00884	0.00901	0.00242	0.09201	0.00689	0.23129	0.00865

[dist]
# distance from previous block
# <min> <max>
2	15

[block]
# block no. 6 follows, 25 sequences, length 23
# corresponding to MSA columns:
# 287-309
name=unknown_G
#
# <colnr> <probs for GDERKNQSTAVLIFYWHMCP>
#	G	D	E	R	K	N	Q	S	T	A	V	L	I	F	Y	W	H	M	C	P
0	0.18114	0.11373	0.18596	0.01764	0.02490	0.01840	0.10276	0.06093	0.01832	0.15160	0.04250	0.01934	0.01425	0.00798	0.00694	0.00234	0.00875	0.00646	0.00533	0.01075
1	0.02256	0.15746	0.29212	0.01975	0.02818	0.02002	0.07340	0.06259	0.04453	0.14515	0.01888	0.02046	0.01390	0.00871	0.00775	0.00253	0.00993	0.00672	0.00547	0.03990
2	0.01552	0.01760	0.07808	0.08196	0.05230	0.01626	0.30095	0.02034	0.01654	0.02267	0.02194	0.16986	0.02150	0.01195	0.01068	0.00283	0.07802	0.04716	0.00465	0.00919
3	0.02802	0.02022	0.02434	0.01860	0.02470	0.02170	0.07548	0.50868	0.03247	0.10352	0.02047	0.04980	0.01524	0.00971	0.00799	0.00240	0.00862	0.00791	0.00753	0.01263
4	0.02265	0.01509	0.01935	0.10087	0.02426	0.01570	0.04550	0.20611	0.05895	0.14410	0.02338	0.02880	0.01822	0.00996	0.00765	0.00236	0.00749	0.06698	0.11574	0.06685
5	0.03186	0.01345	0.01768	0.01382	0.01943	0.01221	0.01132	0.06780	0.06044	0.56599	0.07729	0.02845	0.02310	0.01009	0.00790	0.00241	0.00645	0.00827	0.00932	0.01271
6	0.03479	0.01320	0.01799	0.01380	0.01979	0.01140	0.01140	0.03779	0.02219	0.68451	0.03059	0.02639	0.01919	0.00960	0.00780	0.00240	0.00660	0.00780	0.00960	0.01320
7	0.01674	0.01666	0.02370	0.08677	0.02354	0.02312	0.01740	0.01877	0.01222	0.01877	0.01053	0.01732	0.01019	0.01301	0.02374	0.00331	0.64550	0.00680	0.00340	0.00849
8	0.00967	0.00725	0.00898	0.00986	0.01112	0.00656	0.00690	0.01163	0.01694	0.02229	0.17517	0.43135	0.21108	0.02148	0.00957	0.00288	0.00419	0.01906	0.00746	0.00656
9	0.02766	0.01775	0.02001	0.01563	0.02108	0.01880	0.01280	0.42660	0.03104	0.17308	0.10409	0.02550	0.02220	0.01018	0.00786	0.00234	0.00735	0.00804	0.03578	0.01223
10	0.03479	0.01320	0.01799	0.01380	0.01979	0.01140	0.01140	0.03779	0.02219	0.68451	0.03059	0.02639	0.01919	0.00960	0.00780	0.00240	0.00660	0.00780	0.00960	0.01320
11	0.00945	0.00675	0.00900	0.01080	0.01125	0.00630	0.00720	0.01080	0.01484	0.01979	0.04274	0.72245	0.05128	0.02429	0.00990	0.00315	0.00450	0.02204	0.00720	0.00630
12	0.00945	0.00675	0.00900	0.01080	0.01125	0.00630	0.00720	0.01080	0.01484	0.01979	0.04274	0.72245	0.05128	0.02429	0.00990	0.00315	0.00450	0.02204	0.00720	0.00630
13	0.01396	0.00921	0.01094	0.01043	0.01172	0.01049	0.00803	0.01673	0.01503	0.02470	0.02680	0.09356	0.05941	0.03971	0.03430	0.00286	0.14602	0.00921	0.44966	0.00725
14	0.02073	0.73217	0.04063	0.01327	0.01990	0.03068	0.01327	0.02322	0.01575	0.01824	0.01078	0.01244	0.00995	0.00663	0.00498	0.00166	0.00829	0.00415	0.00332	0.00995
15	0.01929	0.01666	0.01753	0.01578	0.02016	0.01929	0.01227	0.04120	0.66513	0.03243	0.03156	0.02893	0.02367	0.01052	0.00789	0.00263	0.00614	0.00877	0.00789	0.01227
16	0.03356	0.01516	0.01921	0.01473	0.02077	0.01431	0.01217	0.17978	0.02548	0.53787	0.02783	0.02460	0.01781	0.00953	0.00779	0.00238	0.00704	0.00761	0.00917	0.01319
17	0.03061	0.01489	0.01848	0.01457	0.02018	0.01446	0.01190	0.14380	0.11196	0.45429	0.05973	0.02691	0.02136	0.00997	0.00787	0.00242	0.00673	0.00809	0.00899	0.01278
18	0.01128	0.00752	0.00846	0.00846	0.00846	0.00752	0.00470	0.01128	0.01128	0.01503	0.02443	0.05074	0.02819	0.72751	0.03946	0.00752	0.00752	0.01128	0.00470	0.00470
19	0.00955	0.00679	0.00897	0.01067	0.01109	0.00637	0.00706	0.01082	0.01465	0.01953	0.04172	0.68529	0.05000	0.06319	0.01153	0.00339	0.00467	0.02145	0.00706	0.00621
20	0.02026	0.01733	0.01953	0.01926	0.08860	0.01966	0.01370	0.09845	0.53761	0.03329	0.02856	0.02693	0.02148	0.01003	0.00785	0.00257	0.00669	0.00840	0.00746	0.01236
21	0.07615	0.01919	0.05878	0.13289	0.03694	0.01903	0.37632	0.02391	0.01691	0.06042	0.01516	0.01994	0.01145	0.00776	0.01029	0.00266	0.09011	0.00796	0.00414	0.00998
22	0.05323	0.01205	0.01481	0.08810	0.06696	0.03759	0.01125	0.02093	0.06381	0.11280	0.17266	0.08931	0.16386	0.01403	0.00847	0.00258	0.00615	0.04563	0.00696	0.00883

[dist]
# distance from previous block
# <min> <max>
2	19

[block]
# block no. 7 follows, 25 sequences, length 15
# corresponding to MSA columns:
# 329-343
name=unknown_H
#
# <colnr> <probs for GDERKNQSTAVLIFYWHMCP>
#	G	D	E	R	K	N	Q	S	T	A	V	L	I	F	Y	W	H	M	C	P
0	0.02477	0.01960	0.06110	0.01864	0.02499	0.05655	0.12662	0.20852	0.02400	0.17604	0.02094	0.06448	0.01606	0.00916	0.00781	0.00227	0.00876	0.00799	0.00655	0.11515
1	0.15373	0.01354	0.01632	0.01317	0.01833	0.01301	0.01069	0.09266	0.02148	0.42911	0.05586	0.08448	0.02198	0.01071	0.00754	0.00246	0.00638	0.00863	0.00837	0.01155
2	0.01665	0.01678	0.07762	0.01557	0.02213	0.01286	0.09309	0.07394	0.01798	0.02650	0.01801	0.10379	0.01642	0.00857	0.00700	0.00180	0.00726	0.00762	0.00499	0.45142
3	0.01445	0.00723	0.00723	0.00723	0.00903	0.00723	0.00542	0.01807	0.01626	0.02891	0.02529	0.02891	0.01987	0.00903	0.00542	0.00181	0.00361	0.00723	0.77055	0.00723
4	0.01517	0.01463	0.02652	0.49650	0.04639	0.01682	0.14955	0.02040	0.01593	0.02113	0.01510	0.02168	0.01160	0.01064	0.05004	0.00316	0.01124	0.00746	0.03722	0.00883
5	0.01119	0.00776	0.00992	0.00993	0.01151	0.00711	0.00716	0.01388	0.01915	0.04775	0.39828	0.23617	0.11997	0.05142	0.01072	0.00288	0.00418	0.01606	0.00791	0.00704
6	0.00959	0.00791	0.00851	0.00885	0.01122	0.00682	0.00680	0.01171	0.01749	0.02114	0.07140	0.12204	0.55416	0.02019	0.00941	0.00277	0.00436	0.09184	0.00719	0.00660
7	0.02301	0.01094	0.01443	0.01218	0.01610	0.00996	0.00960	0.02728	0.06082	0.34975	0.27139	0.09251	0.04205	0.01313	0.00847	0.00249	0.00531	0.01128	0.00891	0.01041
8	0.02993	0.02099	0.02282	0.01749	0.02368	0.02296	0.01445	0.60048	0.03523	0.10341	0.01964	0.01928	0.01370	0.00933	0.00776	0.00233	0.00837	0.00705	0.00791	0.01319
9	0.01120	0.00765	0.00941	0.00957	0.01025	0.00790	0.00633	0.01242	0.01264	0.01763	0.02814	0.10314	0.06329	0.39752	0.20331	0.00771	0.01019	0.01140	0.06458	0.00571
10	0.01628	0.13901	0.03110	0.08075	0.06020	0.01881	0.22981	0.02013	0.01608	0.02140	0.02118	0.15481	0.04092	0.01142	0.01050	0.00264	0.10100	0.01039	0.00444	0.00912
11	0.02280	0.01676	0.01883	0.01455	0.02050	0.01646	0.01174	0.27685	0.08075	0.08640	0.02026	0.06039	0.01615	0.00897	0.00714	0.00196	0.00689	0.00718	0.00669	0.29871
12	0.01660	0.11655	0.42513	0.02335	0.09026	0.01970	0.06089	0.02341	0.01638	0.02366	0.04151	0.01825	0.01291	0.00808	0.00885	0.00244	0.07128	0.00629	0.00360	0.01086
13	0.17194	0.01509	0.09990	0.04485	0.01954	0.01234	0.05053	0.01944	0.01537	0.07569	0.10636	0.02448	0.02029	0.01362	0.01310	0.20405	0.00721	0.00716	0.00499	0.07406
14	0.01854	0.23939	0.37422	0.02128	0.06502	0.07955	0.05330	0.02468	0.01683	0.02230	0.01296	0.01540	0.01011	0.00714	0.00674	0.00218	0.01070	0.00544	0.00341	0.01081

[dist]
# distance from previous block
# <min> <max>
2	10

[block]
# block no. 8 follows, 25 sequences, length 23
# corresponding to MSA columns:
# 354-376
name=unknown_I
#
# <colnr> <probs for GDERKNQSTAVLIFYWHMCP>
#	G	D	E	R	K	N	Q	S	T	A	V	L	I	F	Y	W	H	M	C	P
0	0.12915	0.01413	0.01652	0.01345	0.01846	0.01417	0.01089	0.10666	0.10966	0.33337	0.12426	0.02872	0.02580	0.01031	0.00760	0.00243	0.00624	0.00829	0.00834	0.01153
1	0.02298	0.01749	0.01978	0.01596	0.02139	0.05719	0.04668	0.14642	0.22153	0.13188	0.02409	0.05548	0.01854	0.00951	0.00755	0.00224	0.00734	0.00790	0.00701	0.15904
2	0.02001	0.60967	0.10933	0.01555	0.02278	0.02857	0.05915	0.02347	0.01600	0.01937	0.01145	0.01344	0.01006	0.00670	0.00552	0.00181	0.00896	0.00466	0.00335	0.01014
3	0.01835	0.01512	0.01809	0.01353	0.01975	0.01328	0.03739	0.15592	0.02060	0.02983	0.01983	0.05775	0.04860	0.00827	0.00672	0.00165	0.00650	0.00685	0.00552	0.49645
4	0.01059	0.00838	0.01046	0.01131	0.04947	0.00755	0.00770	0.01340	0.01930	0.02565	0.34010	0.13237	0.29998	0.01769	0.00915	0.00258	0.00417	0.01536	0.00761	0.00720
5	0.00943	0.00681	0.00893	0.01064	0.01120	0.00631	0.00713	0.01081	0.01500	0.01986	0.04468	0.68719	0.08528	0.02404	0.00986	0.00312	0.00447	0.02173	0.00720	0.00631
6	0.02354	0.27062	0.02687	0.01484	0.02018	0.02290	0.01280	0.24849	0.05692	0.08649	0.01947	0.07430	0.01671	0.04355	0.00891	0.00245	0.02648	0.00752	0.00604	0.01093
7	0.01119	0.00829	0.01048	0.00986	0.01186	0.00777	0.00742	0.01549	0.04896	0.03037	0.60188	0.05797	0.11736	0.01592	0.00909	0.00246	0.00378	0.01398	0.00841	0.00747
8	0.00964	0.00695	0.00901	0.01042	0.01108	0.00645	0.00700	0.01114	0.01539	0.02050	0.09321	0.59680	0.08974	0.05952	0.01131	0.00329	0.00455	0.02052	0.00717	0.00631
9	0.01960	0.58090	0.18198	0.01520	0.02289	0.02791	0.01663	0.02351	0.01589	0.01962	0.01146	0.01330	0.00992	0.00679	0.00550	0.00183	0.00898	0.00449	0.00331	0.01028
10	0.01464	0.01378	0.02326	0.70887	0.05340	0.01723	0.02153	0.01981	0.01550	0.01981	0.01378	0.02067	0.01034	0.00775	0.00775	0.00258	0.01034	0.00689	0.00345	0.00861
11	0.01109	0.00826	0.01222	0.01222	0.01352	0.00956	0.00939	0.01369	0.01239	0.01782	0.02099	0.03167	0.01991	0.09824	0.65742	0.01216	0.01997	0.00849	0.00419	0.00679
12	0.01078	0.00731	0.00860	0.00909	0.00922	0.00718	0.00538	0.01114	0.01225	0.01633	0.02942	0.23400	0.03449	0.53565	0.03140	0.00633	0.00669	0.01421	0.00538	0.00513
13	0.01719	0.01835	0.03663	0.02647	0.03359	0.01663	0.46422	0.02269	0.01757	0.02458	0.01714	0.06853	0.01445	0.00759	0.00845	0.00233	0.01085	0.00904	0.00430	0.17941
14	0.01267	0.00856	0.01089	0.01033	0.01239	0.00815	0.00780	0.01717	0.05791	0.05995	0.50439	0.10519	0.06222	0.01565	0.00889	0.00249	0.00409	0.02944	0.05404	0.00778
15	0.01464	0.01378	0.02326	0.70887	0.05340	0.01723	0.02153	0.01981	0.01550	0.01981	0.01378	0.02067	0.01034	0.00775	0.00775	0.00258	0.01034	0.00689	0.00345	0.00861
16	0.01422	0.00730	0.00759	0.00759	0.00937	0.00740	0.00572	0.01777	0.01600	0.02815	0.02498	0.02901	0.01984	0.01244	0.05340	0.00255	0.00480	0.00730	0.71736	0.00721
17	0.02004	0.01825	0.01788	0.01611	0.02046	0.07240	0.01249	0.04040	0.61468	0.03138	0.03002	0.02776	0.02260	0.01032	0.00782	0.00258	0.00675	0.00847	0.00758	0.01202
18	0.00995	0.00729	0.00923	0.01063	0.01139	0.00693	0.00715	0.01212	0.04191	0.02012	0.04397	0.60197	0.09774	0.06607	0.01155	0.00335	0.00471	0.02039	0.00707	0.00647
19	0.05818	0.32230	0.17458	0.01595	0.02246	0.02361	0.01630	0.05743	0.09521	0.02455	0.05249	0.01859	0.01531	0.00850	0.00783	0.00220	0.06366	0.00598	0.00447	0.01038
20	0.01714	0.02007	0.10271	0.24172	0.22247	0.01838	0.21791	0.02298	0.01706	0.02341	0.01461	0.01988	0.01127	0.00710	0.00812	0.00250	0.01099	0.00747	0.00368	0.01051
21	0.06362	0.41211	0.06674	0.05053	0.01993	0.02199	0.01268	0.02056	0.01698	0.02267	0.16259	0.05682	0.02608	0.00968	0.00643	0.00205	0.00722	0.00746	0.00477	0.00910
22	0.06242	0.01657	0.10867	0.26928	0.06704	0.01508	0.01698	0.02242	0.09456	0.05698	0.02340	0.06559	0.06714	0.01141	0.00951	0.06211	0.00835	0.00845	0.00489	0.00916

[dist]
# distance from previous block
# <min> <max>
4	11

[block]
# block no. 9 follows, 25 sequences, length 12
# corresponding to MSA columns:
# 388-399
name=unknown_J
#
# <colnr> <probs for GDERKNQSTAVLIFYWHMCP>
#	G	D	E	R	K	N	Q	S	T	A	V	L	I	F	Y	W	H	M	C	P
0	0.01809	0.02069	0.07878	0.02973	0.10428	0.01839	0.41400	0.02580	0.08272	0.02568	0.01685	0.02075	0.01286	0.00695	0.00840	0.00242	0.01110	0.00818	0.00434	0.09000
1	0.01971	0.07707	0.33393	0.09034	0.03210	0.16881	0.06414	0.05895	0.01854	0.02359	0.01353	0.01647	0.01024	0.00775	0.00790	0.00235	0.03445	0.00591	0.00374	0.01046
2	0.01703	0.01845	0.19195	0.01597	0.04772	0.01229	0.01488	0.02342	0.07608	0.13413	0.22556	0.08561	0.05700	0.01265	0.00839	0.00254	0.00684	0.03270	0.00688	0.00991
3	0.01332	0.00678	0.00975	0.00986	0.01006	0.00676	0.00663	0.01094	0.01101	0.01540	0.01644	0.06687	0.01642	0.02498	0.02656	0.64977	0.00628	0.00772	0.08050	0.00393
4	0.01660	0.01721	0.02521	0.13348	0.02840	0.07856	0.13868	0.01977	0.01513	0.02027	0.01766	0.14075	0.01764	0.01263	0.01506	0.00294	0.27751	0.00975	0.00422	0.00855
5	0.01005	0.00772	0.00893	0.00892	0.01074	0.00689	0.00642	0.01235	0.01821	0.02379	0.27986	0.13815	0.32649	0.09206	0.01237	0.00312	0.00427	0.01564	0.00741	0.00660
6	0.01191	0.00801	0.01102	0.01102	0.01245	0.00900	0.00845	0.01477	0.01334	0.02055	0.02202	0.03090	0.01986	0.07312	0.50119	0.00966	0.01604	0.00816	0.19163	0.00691
7	0.00994	0.00703	0.00887	0.01006	0.01055	0.00664	0.00654	0.01108	0.01438	0.01913	0.06453	0.50457	0.07458	0.19430	0.01701	0.00416	0.00517	0.01886	0.00664	0.00596
8	0.02842	0.02119	0.02268	0.01763	0.02364	0.02355	0.01448	0.58995	0.10151	0.04717	0.01995	0.01968	0.01427	0.00943	0.00777	0.00236	0.00828	0.00717	0.00777	0.01309
9	0.58958	0.01419	0.01277	0.05474	0.01736	0.01638	0.00948	0.02212	0.01400	0.06188	0.04346	0.01808	0.01316	0.04664	0.00806	0.00273	0.03645	0.00548	0.00504	0.00839
10	0.04751	0.01259	0.01486	0.06938	0.01912	0.01289	0.01035	0.04382	0.18832	0.06607	0.11855	0.10455	0.02972	0.08333	0.01093	0.00285	0.00612	0.01000	0.00662	0.14241
11	0.51788	0.01582	0.01726	0.04360	0.05992	0.01764	0.07465	0.05735	0.04473	0.03298	0.01366	0.01597	0.01052	0.00748	0.00586	0.00240	0.00711	0.00546	0.04047	0.00922

[dist]
# distance from previous block
# <min> <max>
3	18

[block]
# block no. 10 follows, 25 sequences, length 19
# corresponding to MSA columns:
# 418-436
name=unknown_K
#
# <colnr> <probs for GDERKNQSTAVLIFYWHMCP>
#	G	D	E	R	K	N	Q	S	T	A	V	L	I	F	Y	W	H	M	C	P
0	0.28134	0.03796	0.01750	0.06778	0.02103	0.03034	0.04323	0.02626	0.01770	0.22459	0.08401	0.02260	0.01875	0.00868	0.00671	0.00230	0.00688	0.00677	0.00637	0.06921
1	0.01630	0.01741	0.03585	0.10875	0.06356	0.01687	0.43407	0.02166	0.01732	0.02335	0.02032	0.14791	0.01878	0.00991	0.00906	0.00269	0.01104	0.01113	0.00446	0.00956
2	0.01619	0.02926	0.36477	0.05982	0.03493	0.01825	0.23361	0.02334	0.01662	0.02380	0.01575	0.05434	0.01264	0.00836	0.00921	0.00261	0.05442	0.00783	0.00371	0.01053
3	0.01347	0.00673	0.01010	0.01010	0.01010	0.00673	0.00673	0.01010	0.01010	0.01347	0.01347	0.02357	0.01347	0.02694	0.03030	0.77441	0.00673	0.00673	0.00337	0.00337
4	0.01772	0.01884	0.06913	0.17778	0.17753	0.01999	0.12142	0.05036	0.03943	0.02356	0.01418	0.01935	0.01152	0.00903	0.01255	0.00272	0.19353	0.00723	0.00393	0.01019
5	0.01005	0.00720	0.00962	0.01098	0.01183	0.00677	0.00779	0.01206	0.01646	0.02221	0.15711	0.53370	0.05453	0.02245	0.00985	0.00307	0.00463	0.08571	0.00743	0.00657
6	0.05193	0.00972	0.01159	0.01109	0.01309	0.00977	0.00823	0.09190	0.02024	0.02864	0.31123	0.19385	0.05083	0.10255	0.01266	0.00325	0.00522	0.04925	0.00742	0.00754
7	0.01065	0.00818	0.00974	0.01000	0.01190	0.00761	0.00742	0.03670	0.01813	0.02355	0.17318	0.24093	0.29731	0.02222	0.05135	0.00337	0.00540	0.04815	0.00728	0.00693
8	0.04424	0.01442	0.02185	0.05409	0.07405	0.01497	0.14545	0.11449	0.05800	0.02689	0.02125	0.06629	0.01923	0.15145	0.05428	0.00401	0.00916	0.00920	0.08764	0.00905
9	0.02056	0.01492	0.01958	0.01447	0.02096	0.01282	0.07142	0.07398	0.05151	0.13699	0.01841	0.01952	0.01381	0.00709	0.00667	0.00169	0.00675	0.00605	0.03096	0.45185
10	0.06270	0.37082	0.04773	0.01583	0.02167	0.22001	0.01403	0.10057	0.02009	0.04443	0.01277	0.01417	0.01056	0.00748	0.00603	0.00192	0.00987	0.00489	0.00431	0.01012
11	0.73897	0.01493	0.01207	0.04961	0.01716	0.01738	0.00914	0.02262	0.01333	0.03394	0.01096	0.01305	0.00851	0.00723	0.00496	0.00241	0.00624	0.00435	0.00472	0.00841
12	0.02362	0.01231	0.01539	0.01324	0.01715	0.01192	0.01027	0.11063	0.07224	0.30248	0.06758	0.22284	0.03100	0.03974	0.00959	0.00280	0.00610	0.01221	0.00831	0.01057
13	0.01152	0.00830	0.01131	0.01286	0.01439	0.00809	0.01061	0.01449	0.01738	0.02274	0.07991	0.23199	0.08242	0.02167	0.01035	0.00336	0.00615	0.41830	0.00724	0.00692
14	0.01738	0.09338	0.57670	0.02098	0.03147	0.05354	0.02608	0.02528	0.01683	0.04903	0.01421	0.01632	0.01020	0.00743	0.00718	0.00237	0.01115	0.00565	0.00356	0.01128
15	0.01128	0.00752	0.00846	0.00846	0.00846	0.00752	0.00470	0.01128	0.01128	0.01503	0.02443	0.05074	0.02819	0.72751	0.03946	0.00752	0.00752	0.01128	0.00470	0.00470
16	0.02062	0.01788	0.02311	0.10046	0.20890	0.05533	0.03909	0.15000	0.14680	0.03082	0.01986	0.02216	0.01529	0.00849	0.00746	0.00233	0.00828	0.00730	0.10464	0.01116
17	0.01431	0.01147	0.01499	0.04766	0.01835	0.01024	0.02967	0.05131	0.01757	0.02498	0.08729	0.18536	0.03058	0.01384	0.00874	0.02699	0.00610	0.09151	0.00593	0.30311
18	0.01304	0.01035	0.04586	0.01077	0.01358	0.00862	0.00876	0.01751	0.05320	0.07653	0.45005	0.08384	0.14672	0.01559	0.00893	0.00250	0.00448	0.01356	0.00806	0.00806

[dist]
# distance from previous block
# <min> <max>
0	28

# created by:
# /st0/software/busco_prod/Augustus/scripts/msa2prfl.pl ./align_prep/104273.fa
