[name]
unknown

[dist]
# distance from previous block
# <min> <max>
0	34

[block]
# block no. 0 follows, 24 sequences, length 9
# corresponding to MSA columns:
# 34-42
name=unknown_A
#
# <colnr> <probs for GDERKNQSTAVLIFYWHMCP>
#	G	D	E	R	K	N	Q	S	T	A	V	L	I	F	Y	W	H	M	C	P
0	0.01746	0.00974	0.01300	0.01266	0.01556	0.00900	0.01043	0.02068	0.01995	0.18349	0.16531	0.10297	0.11321	0.01783	0.00970	0.00300	0.00596	0.25311	0.00820	0.00872
1	0.02732	0.01274	0.01727	0.07869	0.02181	0.01203	0.01186	0.03233	0.07438	0.42936	0.16036	0.03327	0.03048	0.01103	0.00826	0.00250	0.00645	0.00928	0.00885	0.01174
2	0.01692	0.01422	0.02241	0.46223	0.10374	0.01657	0.01926	0.02348	0.07811	0.06798	0.07906	0.02581	0.01877	0.00903	0.00807	0.00259	0.00914	0.00799	0.00492	0.00972
3	0.17478	0.01720	0.01829	0.15639	0.02626	0.06730	0.01350	0.19084	0.02289	0.07754	0.07607	0.02717	0.07927	0.01023	0.00752	0.00247	0.00801	0.00796	0.00626	0.01007
4	0.01015	0.00727	0.00922	0.01030	0.01103	0.00680	0.00687	0.01167	0.01577	0.02109	0.12683	0.47580	0.09492	0.13596	0.01486	0.00381	0.00494	0.01926	0.00713	0.00633
5	0.30655	0.03060	0.01276	0.05753	0.01674	0.01377	0.00917	0.04432	0.03097	0.04712	0.05419	0.04550	0.10447	0.01343	0.04572	0.00298	0.00663	0.00811	0.14103	0.00840
6	0.01875	0.01703	0.02908	0.26199	0.03820	0.01888	0.18521	0.05675	0.01764	0.06834	0.01540	0.02044	0.01180	0.00872	0.01140	0.00266	0.13566	0.00753	0.00441	0.07011
7	0.01360	0.05184	0.01415	0.01216	0.01455	0.01266	0.00935	0.02005	0.15717	0.02395	0.10288	0.13711	0.19434	0.09492	0.01378	0.00335	0.06105	0.04804	0.00682	0.00820
8	0.05841	0.01071	0.01410	0.01264	0.01479	0.01115	0.04483	0.04207	0.01644	0.06790	0.09853	0.09888	0.08991	0.20629	0.08981	0.00510	0.05731	0.02782	0.02576	0.00755

[dist]
# distance from previous block
# <min> <max>
32	45

[block]
# block no. 1 follows, 24 sequences, length 26
# corresponding to MSA columns:
# 93-118
name=unknown_B
#
# <colnr> <probs for GDERKNQSTAVLIFYWHMCP>
#	G	D	E	R	K	N	Q	S	T	A	V	L	I	F	Y	W	H	M	C	P
0	0.02179	0.01961	0.03348	0.06641	0.26600	0.04244	0.22505	0.07241	0.02018	0.09574	0.01715	0.02068	0.01299	0.00744	0.00826	0.00242	0.01046	0.00775	0.00489	0.04484
1	0.01899	0.01489	0.01724	0.01278	0.01933	0.01249	0.01024	0.11358	0.01977	0.05863	0.01719	0.05465	0.01453	0.00761	0.00650	0.00152	0.00627	0.00616	0.00555	0.58206
2	0.01531	0.01416	0.02464	0.53203	0.04709	0.01694	0.08278	0.01964	0.01539	0.02002	0.01411	0.02134	0.01106	0.01019	0.01132	0.08701	0.03771	0.00726	0.00356	0.00840
3	0.02120	0.72609	0.04155	0.01357	0.02035	0.03138	0.01357	0.02374	0.01611	0.01866	0.01102	0.01272	0.01018	0.00678	0.00509	0.00170	0.00848	0.00424	0.00339	0.01018
4	0.01149	0.00783	0.00939	0.00939	0.00965	0.00809	0.00573	0.01201	0.01175	0.01593	0.02431	0.04813	0.02720	0.60133	0.15812	0.00860	0.01014	0.01098	0.00470	0.00522
5	0.03014	0.02221	0.02380	0.01825	0.02459	0.02459	0.01507	0.64541	0.03728	0.04998	0.01904	0.01904	0.01349	0.00952	0.00793	0.00238	0.00873	0.00714	0.00793	0.01349
6	0.01131	0.00944	0.01565	0.01478	0.01652	0.00885	0.11672	0.01354	0.01561	0.02089	0.03801	0.56356	0.04432	0.05623	0.01149	0.00335	0.00626	0.01973	0.00666	0.00709
7	0.01644	0.01409	0.01644	0.01175	0.01879	0.01057	0.00940	0.01997	0.01644	0.02584	0.01409	0.01644	0.01175	0.00587	0.00587	0.00117	0.00587	0.00470	0.00470	0.76979
8	0.02962	0.03779	0.02247	0.02043	0.02451	0.68948	0.01532	0.03166	0.02247	0.01941	0.01226	0.01430	0.01021	0.00817	0.00715	0.00204	0.01430	0.00511	0.00409	0.00919
9	0.02425	0.05951	0.04775	0.01520	0.02180	0.01781	0.01295	0.27821	0.02563	0.10926	0.01894	0.04299	0.01462	0.00860	0.00713	0.00197	0.00748	0.00672	0.00657	0.27263
10	0.03014	0.02221	0.02380	0.01825	0.02459	0.02459	0.01507	0.64541	0.03728	0.04998	0.01904	0.01904	0.01349	0.00952	0.00793	0.00238	0.00873	0.00714	0.00793	0.01349
11	0.01377	0.00689	0.01033	0.01033	0.01033	0.00689	0.00689	0.01033	0.01033	0.01377	0.01377	0.02410	0.01377	0.02755	0.03099	0.76928	0.00689	0.00689	0.00344	0.00344
12	0.45842	0.01943	0.01674	0.01393	0.01928	0.07029	0.01137	0.24301	0.02254	0.03944	0.01395	0.01516	0.01043	0.00818	0.00614	0.00240	0.00766	0.00536	0.00591	0.01036
13	0.02241	0.05123	0.09985	0.01654	0.05051	0.01600	0.01418	0.12748	0.07182	0.13849	0.01912	0.01967	0.01409	0.00780	0.00698	0.00194	0.00749	0.00620	0.00609	0.30211
14	0.01665	0.11389	0.58027	0.02288	0.06334	0.01984	0.02736	0.02493	0.01674	0.02445	0.01392	0.01645	0.01018	0.00743	0.00729	0.00242	0.01126	0.00574	0.00338	0.01159
15	0.01278	0.00913	0.01278	0.01460	0.01643	0.00913	0.01278	0.01643	0.01825	0.02373	0.04199	0.08945	0.04564	0.02191	0.01095	0.00365	0.00730	0.61847	0.00730	0.00730
16	0.01463	0.01287	0.02103	0.21766	0.05234	0.01412	0.08813	0.01976	0.04505	0.02331	0.05015	0.08232	0.02933	0.01470	0.01023	0.00309	0.03969	0.24739	0.00563	0.00856
17	0.01643	0.07085	0.08794	0.45090	0.13451	0.01906	0.06654	0.02189	0.01646	0.02173	0.01413	0.01992	0.01087	0.00760	0.00777	0.00252	0.01056	0.00690	0.00359	0.00983
18	0.01122	0.00747	0.00989	0.01108	0.01199	0.00697	0.00766	0.01297	0.01628	0.05054	0.11313	0.54822	0.05199	0.06024	0.01159	0.00336	0.00488	0.04621	0.00749	0.00682
19	0.01133	0.00850	0.01274	0.01274	0.01416	0.00991	0.00991	0.01416	0.01274	0.01841	0.02124	0.03115	0.01982	0.05947	0.68989	0.01274	0.02124	0.00850	0.00425	0.00708
20	0.02031	0.38712	0.27443	0.01776	0.02602	0.10940	0.01958	0.02525	0.01714	0.02113	0.01236	0.01440	0.01013	0.00723	0.00625	0.00204	0.01041	0.00495	0.00346	0.01062
21	0.01649	0.01619	0.02395	0.07122	0.02350	0.02164	0.05289	0.01882	0.01284	0.01935	0.01252	0.02033	0.01202	0.04130	0.08604	0.00437	0.52699	0.00739	0.00362	0.00852
22	0.01133	0.00850	0.01274	0.01274	0.01416	0.00991	0.00991	0.01416	0.01274	0.01841	0.02124	0.03115	0.01982	0.05947	0.68989	0.01274	0.02124	0.00850	0.00425	0.00708
23	0.02692	0.10525	0.05287	0.02060	0.05469	0.51028	0.01580	0.05213	0.02174	0.02110	0.01527	0.01711	0.03629	0.00847	0.00711	0.00208	0.01276	0.00568	0.00425	0.00962
24	0.11706	0.01877	0.02339	0.04765	0.02546	0.01976	0.07863	0.32848	0.02797	0.20254	0.02066	0.02066	0.01418	0.00898	0.00774	0.00245	0.00848	0.00724	0.00746	0.01242
25	0.01512	0.01654	0.06702	0.02428	0.05976	0.01471	0.29650	0.01970	0.01716	0.02338	0.02684	0.25232	0.02782	0.01417	0.01012	0.00293	0.03324	0.06397	0.00531	0.00911

[dist]
# distance from previous block
# <min> <max>
3	11

[block]
# block no. 2 follows, 24 sequences, length 93
# corresponding to MSA columns:
# 137-229
name=unknown_C
#
# <colnr> <probs for GDERKNQSTAVLIFYWHMCP>
#	G	D	E	R	K	N	Q	S	T	A	V	L	I	F	Y	W	H	M	C	P
0	0.19284	0.02071	0.15036	0.10508	0.15277	0.01739	0.01793	0.04466	0.08115	0.02801	0.01556	0.01879	0.01215	0.00907	0.00857	0.05321	0.00855	0.00624	0.00455	0.05241
1	0.56474	0.01710	0.05950	0.06025	0.02026	0.01746	0.01153	0.05016	0.01580	0.10079	0.01389	0.01543	0.01017	0.00775	0.00574	0.00247	0.00700	0.00509	0.00534	0.00953
2	0.05955	0.01479	0.04235	0.07630	0.04635	0.01276	0.05306	0.04646	0.01837	0.07520	0.09575	0.07711	0.02277	0.00943	0.00734	0.00202	0.00696	0.00818	0.00568	0.31957
3	0.01377	0.00689	0.01033	0.01033	0.01033	0.00689	0.00689	0.01033	0.01033	0.01377	0.01377	0.02410	0.01377	0.02755	0.03099	0.76928	0.00689	0.00689	0.00344	0.00344
4	0.05865	0.01561	0.02316	0.29905	0.13925	0.04077	0.06342	0.02294	0.08540	0.02425	0.05887	0.02704	0.05882	0.01001	0.00891	0.03225	0.00905	0.00825	0.00476	0.00953
5	0.01579	0.01493	0.02526	0.58750	0.16299	0.01783	0.02243	0.02098	0.01624	0.02125	0.01424	0.02088	0.01092	0.00778	0.00791	0.00259	0.01037	0.00705	0.00359	0.00947
6	0.00991	0.00708	0.00947	0.01121	0.01181	0.00664	0.00769	0.01152	0.01567	0.02093	0.06964	0.65179	0.05298	0.02431	0.01014	0.00322	0.00472	0.05732	0.00741	0.00654
7	0.01644	0.01409	0.01644	0.01175	0.01879	0.01057	0.00940	0.01997	0.01644	0.02584	0.01409	0.01644	0.01175	0.00587	0.00587	0.00117	0.00587	0.00470	0.00470	0.76979
8	0.06059	0.02193	0.02330	0.01793	0.02421	0.02431	0.01481	0.62006	0.03631	0.04939	0.01871	0.01879	0.01329	0.00943	0.00781	0.00238	0.00862	0.00702	0.00781	0.01329
9	0.01133	0.00850	0.01274	0.01274	0.01416	0.00991	0.00991	0.01416	0.01274	0.01841	0.02124	0.03115	0.01982	0.05947	0.68989	0.01274	0.02124	0.00850	0.00425	0.00708
10	0.02962	0.03779	0.02247	0.02043	0.02451	0.68948	0.01532	0.03166	0.02247	0.01941	0.01226	0.01430	0.01021	0.00817	0.00715	0.00204	0.01430	0.00511	0.00409	0.00919
11	0.01498	0.01409	0.02378	0.70226	0.05462	0.01762	0.02202	0.02026	0.01586	0.02026	0.01409	0.02114	0.01057	0.00793	0.00793	0.00264	0.01057	0.00705	0.00352	0.00881
12	0.02353	0.01780	0.01934	0.01604	0.02072	0.01964	0.01270	0.37554	0.16620	0.03998	0.04975	0.11702	0.02404	0.04801	0.00994	0.00283	0.00741	0.01007	0.00776	0.01169
13	0.00961	0.00710	0.00899	0.01051	0.01136	0.00649	0.00712	0.01110	0.01570	0.02045	0.05021	0.60245	0.16194	0.02400	0.00999	0.00312	0.00450	0.02151	0.00736	0.00649
14	0.01963	0.01884	0.03219	0.04867	0.67185	0.01884	0.02434	0.02434	0.01806	0.02591	0.01492	0.01963	0.01256	0.00707	0.00785	0.00236	0.00942	0.00707	0.00393	0.01256
15	0.01168	0.00897	0.01326	0.01306	0.01435	0.01066	0.01016	0.01435	0.01267	0.01834	0.02075	0.03109	0.01960	0.08011	0.62909	0.01204	0.05999	0.00851	0.00422	0.00709
16	0.03426	0.01342	0.01813	0.01403	0.01997	0.01177	0.01154	0.03796	0.04244	0.63555	0.05275	0.02816	0.02163	0.01006	0.00802	0.00246	0.00663	0.00822	0.00972	0.01326
17	0.02195	0.01629	0.01910	0.01884	0.08713	0.01780	0.01336	0.03855	0.46196	0.13884	0.03217	0.02992	0.04695	0.01058	0.00808	0.00262	0.00659	0.00890	0.00791	0.01248
18	0.77733	0.01534	0.01166	0.01043	0.01534	0.01779	0.00859	0.02331	0.01350	0.03558	0.01104	0.01288	0.00859	0.00736	0.00491	0.00245	0.00613	0.00429	0.00491	0.00859
19	0.77733	0.01534	0.01166	0.01043	0.01534	0.01779	0.00859	0.02331	0.01350	0.03558	0.01104	0.01288	0.00859	0.00736	0.00491	0.00245	0.00613	0.00429	0.00491	0.00859
20	0.01582	0.01143	0.01729	0.04208	0.05462	0.01085	0.07911	0.02056	0.04901	0.10819	0.37173	0.04786	0.11126	0.01370	0.00899	0.00253	0.00588	0.01233	0.00771	0.00905
21	0.01229	0.00860	0.01194	0.01180	0.01318	0.00989	0.00910	0.01512	0.01346	0.02057	0.02191	0.03119	0.01994	0.07687	0.49456	0.00992	0.04504	0.00834	0.15917	0.00711
22	0.00964	0.00697	0.00913	0.01087	0.01146	0.00646	0.00728	0.01106	0.01535	0.02031	0.04580	0.67953	0.08770	0.02457	0.01008	0.00319	0.00457	0.02221	0.00736	0.00646
23	0.03014	0.02221	0.02380	0.01825	0.02459	0.02459	0.01507	0.64541	0.03728	0.04998	0.01904	0.01904	0.01349	0.00952	0.00793	0.00238	0.00873	0.00714	0.00793	0.01349
24	0.01918	0.01839	0.03139	0.11079	0.61319	0.01873	0.02412	0.02395	0.01785	0.02537	0.01484	0.01977	0.01237	0.00715	0.00786	0.00238	0.00953	0.00706	0.00389	0.01220
25	0.01068	0.00812	0.01002	0.01121	0.01272	0.00766	0.00837	0.01364	0.04522	0.02186	0.05266	0.38314	0.21498	0.02233	0.01000	0.00314	0.00508	0.14482	0.00738	0.00696
26	0.00960	0.00793	0.00842	0.00853	0.01091	0.00676	0.00631	0.01174	0.01828	0.02245	0.14115	0.13468	0.54565	0.02011	0.00944	0.00271	0.00404	0.01702	0.00751	0.00676
27	0.01877	0.02125	0.04598	0.03427	0.07638	0.01999	0.60876	0.02534	0.01868	0.02543	0.01598	0.02129	0.01206	0.00671	0.00927	0.00266	0.01315	0.00923	0.00401	0.01080
28	0.03060	0.02126	0.05894	0.01754	0.02414	0.02130	0.01508	0.47250	0.03281	0.19184	0.02157	0.02073	0.01470	0.00948	0.00792	0.00240	0.00844	0.00726	0.00811	0.01339
29	0.01898	0.01904	0.05268	0.12083	0.58181	0.01869	0.02424	0.02391	0.01777	0.02525	0.01480	0.01970	0.01226	0.00718	0.00785	0.00239	0.00963	0.00702	0.00386	0.01211
30	0.03533	0.01451	0.01857	0.01437	0.02042	0.03994	0.01181	0.03835	0.02269	0.64989	0.03049	0.02646	0.01924	0.00975	0.00794	0.00244	0.00706	0.00785	0.00958	0.01332
31	0.01498	0.01409	0.02378	0.70226	0.05462	0.01762	0.02202	0.02026	0.01586	0.02026	0.01409	0.02114	0.01057	0.00793	0.00793	0.00264	0.01057	0.00705	0.00352	0.00881
32	0.00966	0.00690	0.00920	0.01104	0.01150	0.00644	0.00736	0.01104	0.01518	0.02024	0.04371	0.71614	0.05245	0.02484	0.01012	0.00322	0.00460	0.02254	0.00736	0.00644
33	0.01153	0.00769	0.00865	0.00865	0.00865	0.00769	0.00480	0.01153	0.01153	0.01538	0.02499	0.05189	0.02883	0.72131	0.04036	0.00769	0.00769	0.01153	0.00480	0.00480
34	0.01972	0.01703	0.01793	0.01614	0.02062	0.01972	0.01255	0.04214	0.65752	0.03317	0.03228	0.02959	0.02421	0.01076	0.00807	0.00269	0.00628	0.00897	0.00807	0.01255
35	0.01498	0.01409	0.02378	0.70226	0.05462	0.01762	0.02202	0.02026	0.01586	0.02026	0.01409	0.02114	0.01057	0.00793	0.00793	0.00264	0.01057	0.00705	0.00352	0.00881
36	0.02972	0.03502	0.02271	0.02004	0.02453	0.57117	0.01528	0.14087	0.02511	0.02485	0.01346	0.01514	0.01080	0.00841	0.00729	0.00210	0.01331	0.00547	0.00477	0.00996
37	0.01039	0.00861	0.00920	0.00913	0.01175	0.00766	0.00698	0.01386	0.05410	0.02359	0.15360	0.07223	0.51714	0.01916	0.00939	0.00271	0.00430	0.05145	0.00758	0.00716
38	0.01773	0.01984	0.08865	0.29730	0.25880	0.05649	0.04610	0.02374	0.04567	0.02331	0.01540	0.02053	0.01214	0.00935	0.02983	0.00283	0.01076	0.00705	0.00392	0.01057
39	0.01744	0.13257	0.49851	0.02178	0.03201	0.04256	0.06925	0.02587	0.04372	0.02439	0.01461	0.01697	0.01080	0.00753	0.00734	0.00240	0.01125	0.00599	0.00362	0.01139
40	0.01914	0.01836	0.06493	0.01970	0.02647	0.01590	0.18452	0.04499	0.06558	0.07242	0.01707	0.01969	0.01316	0.00757	0.00886	0.00208	0.06281	0.00684	0.00505	0.32486
41	0.77733	0.01534	0.01166	0.01043	0.01534	0.01779	0.00859	0.02331	0.01350	0.03558	0.01104	0.01288	0.00859	0.00736	0.00491	0.00245	0.00613	0.00429	0.00491	0.00859
42	0.03558	0.01350	0.01840	0.01411	0.02024	0.01166	0.01166	0.03865	0.02270	0.67734	0.03128	0.02699	0.01963	0.00981	0.00797	0.00245	0.00675	0.00797	0.00981	0.01350
43	0.12550	0.01491	0.01804	0.01425	0.02009	0.01445	0.01169	0.09556	0.08519	0.47415	0.02769	0.02473	0.01812	0.00957	0.00760	0.00247	0.00682	0.00753	0.00885	0.01279
44	0.01153	0.00769	0.00865	0.00865	0.00865	0.00769	0.00480	0.01153	0.01153	0.01538	0.02499	0.05189	0.02883	0.72131	0.04036	0.00769	0.00769	0.01153	0.00480	0.00480
45	0.01590	0.04102	0.68023	0.02260	0.03432	0.01842	0.02930	0.02511	0.01674	0.02511	0.01423	0.01674	0.01005	0.00753	0.00753	0.00251	0.01172	0.00586	0.00335	0.01172
46	0.01133	0.00850	0.01274	0.01274	0.01416	0.00991	0.00991	0.01416	0.01274	0.01841	0.02124	0.03115	0.01982	0.05947	0.68989	0.01274	0.02124	0.00850	0.00425	0.00708
47	0.01252	0.00842	0.01108	0.01037	0.01246	0.00776	0.00791	0.01622	0.02229	0.06406	0.61001	0.05884	0.07085	0.01612	0.00935	0.00254	0.00404	0.03867	0.00873	0.00778
48	0.01178	0.00809	0.01013	0.01043	0.01229	0.00732	0.00773	0.01428	0.01872	0.06183	0.23724	0.27524	0.20905	0.02002	0.00965	0.00286	0.00453	0.06363	0.00790	0.00728
49	0.01153	0.00769	0.00865	0.00865	0.00865	0.00769	0.00480	0.01153	0.01153	0.01538	0.02499	0.05189	0.02883	0.72131	0.04036	0.00769	0.00769	0.01153	0.00480	0.00480
50	0.01323	0.03534	0.01197	0.01077	0.01279	0.00896	0.00814	0.01565	0.01749	0.07332	0.19907	0.11989	0.14496	0.13439	0.10024	0.00478	0.00743	0.06731	0.00694	0.00733
51	0.02761	0.05955	0.02293	0.06659	0.02615	0.57224	0.01552	0.03134	0.06677	0.02041	0.01376	0.01579	0.01123	0.00829	0.00719	0.00212	0.01327	0.00548	0.00430	0.00944
52	0.01961	0.02031	0.06348	0.06430	0.52092	0.04424	0.04524	0.04728	0.01883	0.02613	0.01761	0.02168	0.03903	0.00777	0.00793	0.00239	0.00966	0.00741	0.00418	0.01200
53	0.01836	0.12850	0.34654	0.02557	0.10762	0.02059	0.12784	0.05906	0.01827	0.02576	0.01443	0.01742	0.01095	0.00728	0.00749	0.00235	0.01088	0.00639	0.00384	0.04088
54	0.01656	0.03713	0.56652	0.02718	0.14618	0.01849	0.02843	0.02498	0.01697	0.02525	0.01435	0.01725	0.01049	0.00745	0.00759	0.00248	0.01132	0.00607	0.00345	0.01187
55	0.01866	0.02053	0.06231	0.03850	0.29942	0.01901	0.34362	0.02444	0.01825	0.02541	0.01650	0.04539	0.01363	0.00752	0.00870	0.00256	0.01137	0.00876	0.00407	0.01135
56	0.01663	0.01532	0.02498	0.38235	0.25000	0.01716	0.02105	0.04506	0.01767	0.02352	0.01999	0.02775	0.05105	0.00923	0.00816	0.00260	0.00956	0.04365	0.00427	0.01000
57	0.01583	0.00770	0.00795	0.00773	0.00979	0.00761	0.00585	0.01950	0.01694	0.06227	0.02614	0.02943	0.02029	0.00927	0.00567	0.00188	0.00385	0.00742	0.72719	0.00770
58	0.01162	0.00863	0.01089	0.01023	0.01230	0.00816	0.00770	0.01636	0.05962	0.03129	0.59661	0.05846	0.10581	0.01611	0.00928	0.00252	0.00391	0.01416	0.00861	0.00774
59	0.11049	0.00839	0.00793	0.00777	0.01000	0.00870	0.00593	0.01908	0.01624	0.03032	0.02401	0.02747	0.01885	0.00900	0.00546	0.00192	0.00400	0.00700	0.66989	0.00754
60	0.00998	0.00795	0.00894	0.00891	0.01114	0.00692	0.00660	0.01247	0.01918	0.02456	0.26038	0.12818	0.42820	0.01930	0.00943	0.00267	0.00398	0.01651	0.00779	0.00692
61	0.01113	0.00752	0.00877	0.00916	0.00926	0.00742	0.00535	0.01143	0.01231	0.01642	0.02900	0.19423	0.03389	0.57208	0.03388	0.00673	0.00703	0.01389	0.00535	0.00516
62	0.01872	0.02139	0.04679	0.03342	0.04144	0.02005	0.64305	0.02540	0.01872	0.02540	0.01604	0.02139	0.01203	0.00668	0.00936	0.00267	0.01337	0.00936	0.00401	0.01070
63	0.03363	0.01356	0.01820	0.01387	0.02010	0.01154	0.01143	0.03674	0.02206	0.61104	0.02954	0.02592	0.01883	0.00941	0.00776	0.00232	0.00666	0.00764	0.00929	0.09046
64	0.77733	0.01534	0.01166	0.01043	0.01534	0.01779	0.00859	0.02331	0.01350	0.03558	0.01104	0.01288	0.00859	0.00736	0.00491	0.00245	0.00613	0.00429	0.00491	0.00859
65	0.01724	0.01721	0.02427	0.05072	0.02230	0.02400	0.01755	0.01914	0.01231	0.01914	0.01057	0.01752	0.01042	0.01362	0.02523	0.00343	0.67625	0.00694	0.00347	0.00868
66	0.00966	0.00690	0.00920	0.01104	0.01150	0.00644	0.00736	0.01104	0.01518	0.02024	0.04371	0.71614	0.05245	0.02484	0.01012	0.00322	0.00460	0.02254	0.00736	0.00644
67	0.00966	0.00690	0.00920	0.01104	0.01150	0.00644	0.00736	0.01104	0.01518	0.02024	0.04371	0.71614	0.05245	0.02484	0.01012	0.00322	0.00460	0.02254	0.00736	0.00644
68	0.01590	0.04102	0.68023	0.02260	0.03432	0.01842	0.02930	0.02511	0.01674	0.02511	0.01423	0.01674	0.01005	0.00753	0.00753	0.00251	0.01172	0.00586	0.00335	0.01172
69	0.77733	0.01534	0.01166	0.01043	0.01534	0.01779	0.00859	0.02331	0.01350	0.03558	0.01104	0.01288	0.00859	0.00736	0.00491	0.00245	0.00613	0.00429	0.00491	0.00859
70	0.01832	0.01404	0.01664	0.01198	0.01893	0.01068	0.00962	0.02180	0.01706	0.08970	0.01578	0.01748	0.01252	0.00626	0.00608	0.00130	0.00596	0.00502	0.00520	0.69566
71	0.01644	0.01409	0.01644	0.01175	0.01879	0.01057	0.00940	0.01997	0.01644	0.02584	0.01409	0.01644	0.01175	0.00587	0.00587	0.00117	0.00587	0.00470	0.00470	0.76979
72	0.77733	0.01534	0.01166	0.01043	0.01534	0.01779	0.00859	0.02331	0.01350	0.03558	0.01104	0.01288	0.00859	0.00736	0.00491	0.00245	0.00613	0.00429	0.00491	0.00859
73	0.01898	0.01869	0.02282	0.01963	0.02063	0.08142	0.01606	0.07479	0.01528	0.02165	0.01252	0.01934	0.01191	0.04216	0.06243	0.00395	0.51776	0.00706	0.00401	0.00891
74	0.07870	0.00874	0.01069	0.01002	0.01215	0.00839	0.00758	0.01570	0.02166	0.03213	0.60983	0.05515	0.06899	0.01543	0.00896	0.00249	0.00395	0.01346	0.00839	0.00758
75	0.01895	0.01701	0.02377	0.02023	0.02077	0.02318	0.01685	0.02081	0.01307	0.07707	0.01225	0.01820	0.01122	0.01352	0.02443	0.00338	0.64514	0.00703	0.00403	0.00910
76	0.70971	0.01459	0.01144	0.01048	0.01500	0.01679	0.00848	0.02223	0.01364	0.03423	0.01392	0.07483	0.01245	0.00890	0.00537	0.00252	0.00600	0.00590	0.00512	0.00840
77	0.71031	0.01523	0.01208	0.01054	0.01564	0.01715	0.00866	0.02302	0.01375	0.03472	0.01131	0.01320	0.00887	0.00723	0.00499	0.00234	0.00611	0.00433	0.00489	0.07564
78	0.03346	0.01298	0.01754	0.01363	0.01922	0.01131	0.01105	0.03626	0.02171	0.61903	0.03073	0.02918	0.02044	0.07249	0.01083	0.00291	0.00683	0.00829	0.00937	0.01273
79	0.00937	0.00803	0.00803	0.00803	0.01071	0.00669	0.00602	0.01138	0.01807	0.02142	0.08033	0.07632	0.66863	0.02008	0.00937	0.00268	0.00402	0.01674	0.00736	0.00669
80	0.03898	0.01703	0.02157	0.01742	0.02357	0.01455	0.01363	0.04030	0.02517	0.62421	0.03496	0.03333	0.02389	0.01312	0.01010	0.00340	0.00846	0.00947	0.01112	0.01572
81	0.01985	0.07949	0.02001	0.01591	0.02060	0.02075	0.01264	0.04052	0.60102	0.03189	0.03040	0.02810	0.02297	0.01041	0.00781	0.00260	0.00647	0.00855	0.00766	0.01234
82	0.01241	0.00938	0.01297	0.07409	0.01885	0.00947	0.01248	0.01593	0.01801	0.02304	0.04585	0.08127	0.14524	0.02037	0.01043	0.00340	0.00705	0.46543	0.00698	0.00733
83	0.00954	0.00804	0.00826	0.00820	0.01081	0.00676	0.00615	0.01170	0.01846	0.02234	0.13207	0.07481	0.61633	0.01974	0.00937	0.00266	0.00399	0.01652	0.00748	0.00676
84	0.02064	0.66278	0.03854	0.01302	0.01937	0.02926	0.01286	0.02328	0.01616	0.01962	0.01233	0.01420	0.01107	0.00700	0.00513	0.00171	0.00806	0.00452	0.07051	0.00993
85	0.02096	0.01849	0.01832	0.01618	0.02061	0.07225	0.01262	0.10863	0.47961	0.03390	0.08513	0.02977	0.02632	0.01089	0.00809	0.00259	0.00697	0.00892	0.00780	0.01195
86	0.01302	0.00967	0.01198	0.01098	0.01333	0.00951	0.00835	0.05230	0.07921	0.03293	0.57575	0.05440	0.06696	0.01536	0.00916	0.00250	0.00424	0.01347	0.00863	0.00826
87	0.02071	0.01637	0.01777	0.01585	0.02026	0.01848	0.01244	0.09222	0.50183	0.07149	0.03211	0.06918	0.02550	0.01186	0.00829	0.00272	0.00647	0.03624	0.00809	0.01212
88	0.77733	0.01534	0.01166	0.01043	0.01534	0.01779	0.00859	0.02331	0.01350	0.03558	0.01104	0.01288	0.00859	0.00736	0.00491	0.00245	0.00613	0.00429	0.00491	0.00859
89	0.05801	0.01602	0.01784	0.01514	0.02015	0.01731	0.01205	0.08937	0.37611	0.21274	0.02971	0.02726	0.02121	0.01018	0.00779	0.00255	0.00650	0.00827	0.03926	0.01251
90	0.01551	0.01341	0.01782	0.01630	0.01712	0.01687	0.01286	0.07125	0.01571	0.02276	0.02425	0.27626	0.02671	0.01731	0.01752	0.00320	0.35041	0.01274	0.04376	0.00821
91	0.03464	0.01370	0.01837	0.01423	0.02027	0.01213	0.01171	0.03885	0.06011	0.63938	0.03134	0.02714	0.01990	0.00987	0.00798	0.00247	0.00672	0.00803	0.00971	0.01344
92	0.16318	0.01614	0.01656	0.01422	0.01866	0.01805	0.01118	0.16422	0.26893	0.06377	0.05285	0.02735	0.02130	0.07259	0.01026	0.00297	0.00673	0.00807	0.03199	0.01098

[dist]
# distance from previous block
# <min> <max>
0	1

[block]
# block no. 3 follows, 24 sequences, length 59
# corresponding to MSA columns:
# 231-289
name=unknown_D
#
# <colnr> <probs for GDERKNQSTAVLIFYWHMCP>
#	G	D	E	R	K	N	Q	S	T	A	V	L	I	F	Y	W	H	M	C	P
0	0.01075	0.00852	0.01128	0.01219	0.01278	0.00905	0.00869	0.01224	0.01500	0.02018	0.04215	0.55770	0.10136	0.02283	0.01236	0.00321	0.10637	0.01976	0.00680	0.00679
1	0.06375	0.01965	0.02121	0.01661	0.02229	0.02156	0.01363	0.50658	0.03293	0.07683	0.04728	0.02179	0.01672	0.01155	0.03302	0.00275	0.00852	0.00741	0.04344	0.01247
2	0.54953	0.01405	0.01282	0.01113	0.01574	0.01540	0.00900	0.02487	0.01494	0.15798	0.01528	0.01685	0.01130	0.01005	0.00836	0.08638	0.00634	0.00529	0.00570	0.00898
3	0.01715	0.01318	0.01542	0.01207	0.01766	0.01100	0.00939	0.02228	0.08678	0.07519	0.02289	0.08956	0.03958	0.04309	0.00844	0.00199	0.00589	0.00784	0.00580	0.49478
4	0.01292	0.00891	0.01108	0.01021	0.01231	0.00838	0.00758	0.04395	0.02158	0.05532	0.49472	0.05673	0.11343	0.09314	0.01263	0.00307	0.00454	0.01365	0.00819	0.00763
5	0.01257	0.00864	0.01166	0.01306	0.01477	0.00854	0.01100	0.01603	0.01820	0.02482	0.09925	0.13600	0.04622	0.02025	0.01014	0.00331	0.00633	0.44155	0.09040	0.00725
6	0.01936	0.01671	0.01777	0.01566	0.02042	0.01872	0.01221	0.03971	0.58736	0.03237	0.03029	0.02815	0.02284	0.01022	0.00783	0.00252	0.00623	0.00850	0.00770	0.09542
7	0.03383	0.01408	0.01991	0.01789	0.09155	0.01244	0.01304	0.03708	0.02219	0.60605	0.02949	0.02618	0.01886	0.00951	0.00796	0.00244	0.00704	0.00788	0.00917	0.01339
8	0.02854	0.03552	0.02197	0.01996	0.02409	0.61618	0.01502	0.03281	0.09197	0.02091	0.01445	0.01597	0.01175	0.00845	0.00725	0.00211	0.01342	0.00553	0.00452	0.00956
9	0.01040	0.00769	0.00999	0.01112	0.01230	0.00689	0.00758	0.01202	0.01532	0.02086	0.04047	0.63956	0.04799	0.02277	0.00966	0.00300	0.00474	0.02059	0.00707	0.08998
10	0.11098	0.03435	0.02107	0.01913	0.02332	0.58409	0.01445	0.03125	0.05172	0.02183	0.01308	0.01487	0.01070	0.00821	0.00695	0.00212	0.01302	0.00520	0.00437	0.00929
11	0.01026	0.00801	0.00837	0.00839	0.01087	0.00693	0.00636	0.01267	0.01831	0.02331	0.12446	0.07021	0.52132	0.01863	0.00901	0.00261	0.00408	0.03889	0.09043	0.00686
12	0.02656	0.10753	0.02313	0.01857	0.02265	0.51439	0.01425	0.05603	0.02166	0.02079	0.01587	0.09115	0.01498	0.00991	0.00729	0.00215	0.01237	0.00701	0.00454	0.00919
13	0.01132	0.00845	0.01251	0.01244	0.01391	0.00965	0.00965	0.01425	0.01381	0.01987	0.09198	0.03423	0.02584	0.05474	0.61541	0.01162	0.01933	0.00914	0.00474	0.00712
14	0.01438	0.01277	0.02088	0.57112	0.04627	0.01558	0.01910	0.01911	0.01584	0.02100	0.01828	0.09787	0.01593	0.00988	0.00798	0.00264	0.00937	0.00877	0.06478	0.00844
15	0.02947	0.02185	0.02380	0.04845	0.02592	0.02428	0.01538	0.61780	0.03634	0.04866	0.01882	0.01913	0.01336	0.00945	0.00793	0.00239	0.00881	0.00714	0.00774	0.01328
16	0.01737	0.01407	0.01654	0.01186	0.01886	0.01062	0.00951	0.02087	0.01675	0.05746	0.01493	0.01696	0.01213	0.00606	0.00597	0.00124	0.00592	0.00486	0.00495	0.73309
17	0.00971	0.00808	0.00850	0.00850	0.01105	0.00687	0.00644	0.01198	0.01859	0.02271	0.14692	0.07482	0.57720	0.01970	0.00943	0.00269	0.00410	0.03838	0.00752	0.00681
18	0.01775	0.01491	0.01713	0.01249	0.01937	0.01217	0.01002	0.07396	0.04691	0.02821	0.01533	0.01725	0.01245	0.00640	0.00615	0.00134	0.00613	0.00510	0.00512	0.67180
19	0.00966	0.00690	0.00920	0.01104	0.01150	0.00644	0.00736	0.01104	0.01518	0.02024	0.04371	0.71614	0.05245	0.02484	0.01012	0.00322	0.00460	0.02254	0.00736	0.00644
20	0.77733	0.01534	0.01166	0.01043	0.01534	0.01779	0.00859	0.02331	0.01350	0.03558	0.01104	0.01288	0.00859	0.00736	0.00491	0.00245	0.00613	0.00429	0.00491	0.00859
21	0.14491	0.02116	0.02193	0.01704	0.02317	0.02355	0.01408	0.54986	0.03363	0.04776	0.01781	0.01809	0.01273	0.00919	0.00747	0.00239	0.00833	0.00670	0.00747	0.01273
22	0.01687	0.01404	0.01547	0.01407	0.01768	0.01561	0.01085	0.03302	0.44434	0.03271	0.24556	0.03954	0.04120	0.01259	0.00850	0.00262	0.00542	0.01077	0.00829	0.01085
23	0.01122	0.00811	0.01060	0.00998	0.01185	0.00748	0.00748	0.01496	0.02245	0.03180	0.66766	0.05923	0.07482	0.01621	0.00935	0.00249	0.00374	0.01434	0.00873	0.00748
24	0.00983	0.00713	0.00929	0.01070	0.01149	0.00659	0.00728	0.01154	0.01627	0.02172	0.12177	0.59073	0.09945	0.02346	0.00997	0.00309	0.00445	0.02113	0.00753	0.00659
25	0.00997	0.00779	0.00906	0.00949	0.01138	0.00689	0.00694	0.01223	0.01822	0.02335	0.19077	0.24191	0.35886	0.02061	0.00963	0.00282	0.00424	0.04139	0.00764	0.00681
26	0.01694	0.08816	0.41977	0.02102	0.02889	0.02104	0.02393	0.02453	0.05581	0.02356	0.01413	0.01738	0.01104	0.00930	0.01210	0.00270	0.18893	0.00620	0.00368	0.01087
27	0.02715	0.01932	0.02060	0.01613	0.02160	0.02124	0.01321	0.52316	0.03326	0.04600	0.02037	0.02109	0.01482	0.00946	0.00747	0.00228	0.00775	0.00719	0.15562	0.01230
28	0.02414	0.01527	0.01737	0.01463	0.01927	0.01610	0.01156	0.15407	0.24574	0.19933	0.05184	0.06326	0.05018	0.03933	0.00938	0.00275	0.00658	0.00953	0.03789	0.01178
29	0.01000	0.00712	0.00942	0.01096	0.01157	0.00669	0.00744	0.01159	0.01573	0.02111	0.09561	0.60578	0.05295	0.05781	0.01155	0.00339	0.00477	0.04266	0.00735	0.00648
30	0.05589	0.57464	0.15013	0.01498	0.02252	0.02851	0.01604	0.02396	0.01610	0.02057	0.01158	0.01342	0.01008	0.00694	0.00550	0.00187	0.00893	0.00452	0.00346	0.01037
31	0.01830	0.01893	0.05933	0.22867	0.40380	0.03640	0.02304	0.02367	0.03487	0.02400	0.01486	0.01995	0.01205	0.00777	0.00866	0.00249	0.04111	0.00700	0.00388	0.01120
32	0.01571	0.01626	0.07320	0.02823	0.27028	0.01427	0.06485	0.02102	0.04536	0.02622	0.13414	0.04279	0.10914	0.01232	0.00880	0.00264	0.00788	0.09106	0.00572	0.01009
33	0.01612	0.06892	0.65421	0.02223	0.03375	0.01894	0.02866	0.02506	0.01672	0.02485	0.01410	0.01658	0.01005	0.00750	0.00743	0.00248	0.01159	0.00579	0.00335	0.01166
34	0.66152	0.04423	0.04544	0.05654	0.01901	0.01834	0.01065	0.02321	0.01391	0.03341	0.01139	0.01360	0.00885	0.00738	0.00524	0.00244	0.00678	0.00455	0.00468	0.00881
35	0.01566	0.01479	0.02502	0.60639	0.14515	0.01780	0.02236	0.02086	0.01618	0.02109	0.01421	0.02092	0.01086	0.00780	0.00792	0.00260	0.01040	0.00705	0.00358	0.00936
36	0.01963	0.01884	0.03219	0.04867	0.67185	0.01884	0.02434	0.02434	0.01806	0.02591	0.01492	0.01963	0.01256	0.00707	0.00785	0.00236	0.00942	0.00707	0.00393	0.01256
37	0.01708	0.01436	0.01566	0.01470	0.01839	0.01606	0.01153	0.03348	0.46108	0.03031	0.06915	0.07141	0.08868	0.01387	0.00870	0.00282	0.00601	0.08794	0.00791	0.01086
38	0.01291	0.00877	0.01027	0.00999	0.01064	0.00903	0.00631	0.06091	0.01388	0.01864	0.02529	0.10266	0.02822	0.52287	0.08495	0.04359	0.00851	0.01167	0.00516	0.00573
39	0.01013	0.00793	0.00917	0.00914	0.01125	0.00697	0.00675	0.01273	0.01943	0.02531	0.30418	0.14497	0.36545	0.01914	0.00945	0.00267	0.00398	0.01649	0.00789	0.00697
40	0.02562	0.01952	0.02083	0.01676	0.02216	0.02169	0.01351	0.43211	0.19177	0.04270	0.02564	0.02605	0.04872	0.04423	0.00958	0.00273	0.00783	0.00828	0.00779	0.01251
41	0.01478	0.00739	0.00739	0.00739	0.00924	0.00739	0.00554	0.01848	0.01663	0.02956	0.02587	0.02956	0.02033	0.00924	0.00554	0.00185	0.00370	0.00739	0.76534	0.00739
42	0.01762	0.01729	0.03088	0.31056	0.33252	0.01852	0.11168	0.02284	0.01726	0.02355	0.01474	0.02049	0.01168	0.00736	0.00810	0.00252	0.01045	0.00739	0.00378	0.01078
43	0.01111	0.00814	0.01045	0.00999	0.01193	0.00748	0.00757	0.01469	0.02185	0.03047	0.58537	0.06214	0.12984	0.01682	0.00942	0.00256	0.00392	0.04030	0.00854	0.00740
44	0.02021	0.01728	0.01821	0.01624	0.02081	0.01995	0.01267	0.07054	0.62832	0.03396	0.03165	0.02909	0.02370	0.01070	0.00806	0.00268	0.00639	0.00888	0.00806	0.01260
45	0.03011	0.02319	0.02371	0.01838	0.02459	0.06641	0.01509	0.60681	0.03635	0.04805	0.01861	0.01874	0.01328	0.00943	0.00788	0.00236	0.00908	0.00701	0.00769	0.01322
46	0.02402	0.09569	0.02215	0.01611	0.02161	0.02134	0.01318	0.20940	0.33409	0.08966	0.02541	0.02403	0.01877	0.00970	0.00761	0.00241	0.00723	0.00768	0.00753	0.04236
47	0.02153	0.69921	0.04081	0.01384	0.02052	0.05708	0.01364	0.02405	0.01636	0.01869	0.01107	0.01278	0.01018	0.00684	0.00517	0.00171	0.00871	0.00427	0.00342	0.01014
48	0.59376	0.01987	0.12576	0.03964	0.02039	0.01812	0.01283	0.04430	0.01493	0.03369	0.01197	0.01406	0.00908	0.00748	0.00557	0.00247	0.00734	0.00476	0.00469	0.00929
49	0.02967	0.02113	0.02290	0.01776	0.02393	0.02322	0.01461	0.54956	0.08831	0.09525	0.02106	0.02052	0.01484	0.00965	0.00795	0.00241	0.00837	0.00736	0.00808	0.01341
50	0.01946	0.01867	0.03189	0.07192	0.64990	0.01880	0.02425	0.02419	0.01798	0.02571	0.01489	0.01968	0.01249	0.00710	0.00785	0.00237	0.00946	0.00706	0.00391	0.01243
51	0.00995	0.00726	0.00987	0.03975	0.01331	0.00695	0.00798	0.01160	0.01554	0.02077	0.07091	0.65729	0.05172	0.02375	0.01000	0.00316	0.00481	0.02152	0.00726	0.00659
52	0.01663	0.01629	0.02291	0.01986	0.02003	0.02258	0.01646	0.01850	0.01222	0.01900	0.01170	0.01899	0.01153	0.01931	0.10507	0.00457	0.62517	0.00712	0.00356	0.00848
53	0.01972	0.01703	0.01793	0.01614	0.02062	0.01972	0.01255	0.04214	0.65752	0.03317	0.03228	0.02959	0.02421	0.01076	0.00807	0.00269	0.00628	0.00897	0.00807	0.01255
54	0.01648	0.11505	0.61121	0.02163	0.03281	0.01982	0.02760	0.02497	0.01667	0.02442	0.01388	0.01631	0.01006	0.00745	0.00727	0.00242	0.01137	0.00568	0.00335	0.01155
55	0.03314	0.01404	0.01833	0.01442	0.02030	0.01289	0.01179	0.03918	0.12020	0.57840	0.03144	0.02739	0.02033	0.00996	0.00799	0.00249	0.00668	0.00813	0.00955	0.01335
56	0.02075	0.01714	0.01821	0.01616	0.02078	0.01965	0.01263	0.06865	0.60739	0.05699	0.03166	0.02903	0.02357	0.01067	0.00806	0.00267	0.00640	0.00885	0.00813	0.01263
57	0.30060	0.01415	0.01599	0.01279	0.01849	0.01385	0.01056	0.03317	0.01941	0.44804	0.02405	0.02195	0.01568	0.00894	0.00688	0.00245	0.00653	0.00666	0.00806	0.01174
58	0.04559	0.04162	0.01195	0.04095	0.01444	0.03638	0.00865	0.01340	0.01547	0.02082	0.03821	0.59442	0.04505	0.02184	0.00944	0.00304	0.00550	0.01952	0.00677	0.00692

[dist]
# distance from previous block
# <min> <max>
0	28

[block]
# block no. 4 follows, 24 sequences, length 8
# corresponding to MSA columns:
# 318-325
name=unknown_E
#
# <colnr> <probs for GDERKNQSTAVLIFYWHMCP>
#	G	D	E	R	K	N	Q	S	T	A	V	L	I	F	Y	W	H	M	C	P
0	0.01145	0.00793	0.00986	0.00978	0.01034	0.00819	0.00634	0.01256	0.01310	0.01802	0.09937	0.04780	0.03207	0.48069	0.19182	0.00829	0.01046	0.01114	0.00513	0.00566
1	0.01048	0.00784	0.01021	0.01051	0.01203	0.00756	0.00770	0.01307	0.01763	0.02396	0.25551	0.24011	0.16113	0.02832	0.15142	0.00487	0.00768	0.01584	0.00717	0.00697
2	0.02642	0.01943	0.02250	0.02024	0.08216	0.02109	0.01535	0.44861	0.05654	0.06767	0.02304	0.03020	0.01880	0.01118	0.00838	0.00258	0.00841	0.09739	0.00755	0.01245
3	0.01287	0.00959	0.01005	0.00934	0.01212	0.00901	0.00709	0.08702	0.02019	0.02661	0.11553	0.06000	0.41194	0.05054	0.01012	0.00274	0.00467	0.01377	0.11921	0.00757
4	0.07829	0.02209	0.02021	0.01825	0.04361	0.16472	0.01417	0.24277	0.14408	0.03454	0.02271	0.02994	0.01913	0.01105	0.00802	0.00256	0.00911	0.09699	0.00668	0.01109
5	0.01228	0.01009	0.04602	0.01176	0.01412	0.00885	0.00965	0.01583	0.01878	0.04880	0.34695	0.08680	0.07471	0.02795	0.18942	0.00532	0.00916	0.04871	0.00709	0.00771
6	0.23558	0.01986	0.01727	0.01454	0.01930	0.13769	0.01161	0.19982	0.02384	0.09456	0.09305	0.02247	0.01964	0.00947	0.00699	0.00233	0.00797	0.00692	0.04675	0.01033
7	0.02005	0.01947	0.02612	0.05803	0.05928	0.06246	0.06239	0.11298	0.01743	0.02453	0.01262	0.01803	0.01109	0.01172	0.01915	0.00307	0.44054	0.00705	0.00423	0.00977

[dist]
# distance from previous block
# <min> <max>
0	16

# created by:
# /st0/software/busco_prod/Augustus/scripts/msa2prfl.pl ./align_prep/104223.fa
