[name]
unknown

[dist]
# distance from previous block
# <min> <max>
0	0

[block]
# block no. 0 follows, 26 sequences, length 46
# corresponding to MSA columns:
# 0-45
name=unknown_A
#
# <colnr> <probs for GDERKNQSTAVLIFYWHMCP>
#	G	D	E	R	K	N	Q	S	T	A	V	L	I	F	Y	W	H	M	C	P
0	0.01222	0.00873	0.01222	0.01397	0.01572	0.00873	0.01222	0.01572	0.01746	0.02270	0.04016	0.08556	0.04365	0.02095	0.01048	0.00349	0.00698	0.63506	0.00698	0.00698
1	0.02741	0.02048	0.02198	0.01698	0.02295	0.02249	0.01396	0.58118	0.08288	0.04541	0.01893	0.01885	0.01359	0.00902	0.00750	0.00224	0.00803	0.00684	0.00744	0.05185
2	0.01731	0.01419	0.01632	0.01217	0.01833	0.01193	0.00970	0.12002	0.01879	0.02796	0.01638	0.07011	0.01445	0.00754	0.00624	0.00145	0.00596	0.00616	0.00518	0.59983
3	0.01573	0.01348	0.01573	0.01123	0.01798	0.01011	0.00899	0.01910	0.01573	0.02472	0.01348	0.01573	0.01123	0.00562	0.00562	0.00112	0.00562	0.00449	0.00449	0.77980
4	0.02841	0.02104	0.02253	0.01737	0.02336	0.02332	0.01431	0.63448	0.06270	0.04712	0.01875	0.01864	0.01333	0.00916	0.00759	0.00229	0.00825	0.00690	0.00759	0.01286
5	0.01607	0.01343	0.02229	0.65301	0.04933	0.01635	0.02019	0.02094	0.01575	0.07893	0.01494	0.02072	0.01088	0.00774	0.00759	0.00251	0.00979	0.00682	0.00390	0.00882
6	0.01432	0.01348	0.02275	0.71520	0.05224	0.01685	0.02107	0.01938	0.01517	0.01938	0.01348	0.02022	0.01011	0.00758	0.00758	0.00253	0.01011	0.00674	0.00337	0.00843
7	0.00924	0.00660	0.00880	0.01056	0.01100	0.00616	0.00704	0.01056	0.01452	0.01936	0.04181	0.72848	0.05017	0.02376	0.00968	0.00308	0.00440	0.02156	0.00704	0.00616
8	0.01790	0.02046	0.04476	0.03197	0.03964	0.01918	0.65857	0.02430	0.01790	0.02430	0.01535	0.02046	0.01151	0.00639	0.00895	0.00256	0.01279	0.00895	0.00384	0.01023
9	0.01887	0.01629	0.01715	0.01544	0.01972	0.01887	0.01201	0.04031	0.67241	0.03173	0.03087	0.02830	0.02315	0.01029	0.00772	0.00257	0.00600	0.00858	0.00772	0.01201
10	0.01877	0.01802	0.03079	0.04656	0.68612	0.01802	0.02328	0.02328	0.01727	0.02478	0.01427	0.01877	0.01201	0.00676	0.00751	0.00225	0.00901	0.00676	0.00375	0.01201
11	0.01573	0.01348	0.01573	0.01123	0.01798	0.01011	0.00899	0.01910	0.01573	0.02472	0.01348	0.01573	0.01123	0.00562	0.00562	0.00112	0.00562	0.00449	0.00449	0.77980
12	0.01074	0.00775	0.01014	0.00954	0.01133	0.00716	0.00716	0.01431	0.02147	0.03042	0.68211	0.05666	0.07157	0.01551	0.00895	0.00239	0.00358	0.01372	0.00835	0.00716
13	0.00896	0.00768	0.00768	0.00768	0.01025	0.00640	0.00576	0.01089	0.01729	0.02049	0.07684	0.07300	0.68304	0.01921	0.00896	0.00256	0.00384	0.01601	0.00704	0.00640
14	0.01887	0.01629	0.01715	0.01544	0.01972	0.01887	0.01201	0.04031	0.67241	0.03173	0.03087	0.02830	0.02315	0.01029	0.00772	0.00257	0.00600	0.00858	0.00772	0.01201
15	0.01414	0.00707	0.00707	0.00707	0.00884	0.00707	0.00530	0.01767	0.01591	0.02828	0.02474	0.02828	0.01944	0.00884	0.00530	0.00177	0.00353	0.00707	0.77554	0.00707
16	0.00924	0.00660	0.00880	0.01056	0.01100	0.00616	0.00704	0.01056	0.01452	0.01936	0.04181	0.72848	0.05017	0.02376	0.00968	0.00308	0.00440	0.02156	0.00704	0.00616
17	0.01871	0.01821	0.03185	0.04545	0.63715	0.01811	0.07140	0.02336	0.01732	0.02474	0.01435	0.01890	0.01198	0.00673	0.00762	0.00228	0.00930	0.00692	0.00376	0.01188
18	0.01887	0.01629	0.01715	0.01544	0.01972	0.01887	0.01201	0.04031	0.67241	0.03173	0.03087	0.02830	0.02315	0.01029	0.00772	0.00257	0.00600	0.00858	0.00772	0.01201
19	0.01095	0.00732	0.00830	0.00837	0.00839	0.00730	0.00470	0.01101	0.01119	0.01491	0.02470	0.07988	0.02858	0.70182	0.03732	0.00716	0.00722	0.01150	0.00470	0.00467
20	0.00924	0.00660	0.00880	0.01056	0.01100	0.00616	0.00704	0.01056	0.01452	0.01936	0.04181	0.72848	0.05017	0.02376	0.00968	0.00308	0.00440	0.02156	0.00704	0.00616
21	0.00907	0.00767	0.00771	0.00771	0.01015	0.00645	0.00571	0.01089	0.01698	0.02020	0.07422	0.07184	0.65057	0.05458	0.01043	0.00280	0.00402	0.01576	0.00692	0.00631
22	0.02806	0.02050	0.02193	0.01690	0.02275	0.02265	0.01393	0.62680	0.03462	0.04677	0.01856	0.01874	0.01325	0.00909	0.00747	0.00225	0.00809	0.00684	0.04821	0.01259
23	0.01084	0.00813	0.01219	0.01219	0.01354	0.00948	0.00948	0.01354	0.01219	0.01761	0.02032	0.02980	0.01896	0.05689	0.70337	0.01219	0.02032	0.00813	0.00406	0.00677
24	0.02883	0.02125	0.02276	0.01745	0.02352	0.02352	0.01442	0.66082	0.03566	0.04780	0.01821	0.01821	0.01290	0.00911	0.00759	0.00228	0.00835	0.00683	0.00759	0.01290
25	0.00924	0.00660	0.00880	0.01056	0.01100	0.00616	0.00704	0.01056	0.01452	0.01936	0.04181	0.72848	0.05017	0.02376	0.00968	0.00308	0.00440	0.02156	0.00704	0.00616
26	0.00896	0.00768	0.00768	0.00768	0.01025	0.00640	0.00576	0.01089	0.01729	0.02049	0.07684	0.07300	0.68304	0.01921	0.00896	0.00256	0.00384	0.01601	0.00704	0.00640
27	0.01103	0.00735	0.00827	0.00827	0.00827	0.00735	0.00460	0.01103	0.01103	0.01471	0.02390	0.04964	0.02758	0.73343	0.03861	0.00735	0.00735	0.01103	0.00460	0.00460
28	0.01318	0.00659	0.00988	0.00988	0.00988	0.00659	0.00659	0.00988	0.00988	0.01318	0.01318	0.02306	0.01318	0.02635	0.02964	0.77931	0.00659	0.00659	0.00329	0.00329
29	0.01091	0.00738	0.00858	0.00856	0.00886	0.00728	0.00509	0.01152	0.01278	0.01732	0.12625	0.07815	0.03528	0.59390	0.03286	0.00641	0.00665	0.01187	0.00527	0.00505
30	0.01887	0.01629	0.01715	0.01544	0.01972	0.01887	0.01201	0.04031	0.67241	0.03173	0.03087	0.02830	0.02315	0.01029	0.00772	0.00257	0.00600	0.00858	0.00772	0.01201
31	0.78701	0.01467	0.01115	0.00997	0.01467	0.01702	0.00821	0.02230	0.01291	0.03403	0.01056	0.01232	0.00821	0.00704	0.00469	0.00235	0.00587	0.00411	0.00469	0.00821
32	0.01080	0.00779	0.01023	0.00973	0.01152	0.00722	0.00737	0.01437	0.02130	0.03009	0.65486	0.05789	0.07038	0.01574	0.00901	0.00243	0.00372	0.04010	0.00829	0.00715
33	0.00906	0.00769	0.00781	0.00778	0.01030	0.00644	0.00584	0.01107	0.01751	0.02102	0.10886	0.07213	0.65069	0.01901	0.00896	0.00255	0.00383	0.01589	0.00711	0.00644
34	0.00924	0.00660	0.00880	0.01056	0.01100	0.00616	0.00704	0.01056	0.01452	0.01936	0.04181	0.72848	0.05017	0.02376	0.00968	0.00308	0.00440	0.02156	0.00704	0.00616
35	0.00924	0.00660	0.00880	0.01056	0.01100	0.00616	0.00704	0.01056	0.01452	0.01936	0.04181	0.72848	0.05017	0.02376	0.00968	0.00308	0.00440	0.02156	0.00704	0.00616
36	0.03403	0.01291	0.01760	0.01350	0.01936	0.01115	0.01115	0.03697	0.02171	0.69137	0.02992	0.02582	0.01878	0.00939	0.00763	0.00235	0.00645	0.00763	0.00939	0.01291
37	0.01066	0.00775	0.01003	0.00946	0.01128	0.00712	0.00709	0.01416	0.02128	0.02997	0.65515	0.05739	0.09881	0.01567	0.00895	0.00239	0.00359	0.01382	0.00829	0.00712
38	0.78701	0.01467	0.01115	0.00997	0.01467	0.01702	0.00821	0.02230	0.01291	0.03403	0.01056	0.01232	0.00821	0.00704	0.00469	0.00235	0.00587	0.00411	0.00469	0.00821
39	0.01060	0.00775	0.00995	0.00940	0.01125	0.00710	0.00705	0.01405	0.02115	0.02967	0.63627	0.05790	0.11788	0.01579	0.00895	0.00240	0.00360	0.01389	0.00825	0.00710
40	0.01397	0.00733	0.01054	0.01027	0.01058	0.00745	0.00699	0.04300	0.01119	0.01494	0.01343	0.02281	0.01316	0.02547	0.02852	0.73979	0.00668	0.00660	0.00351	0.00378
41	0.78701	0.01467	0.01115	0.00997	0.01467	0.01702	0.00821	0.02230	0.01291	0.03403	0.01056	0.01232	0.00821	0.00704	0.00469	0.00235	0.00587	0.00411	0.00469	0.00821
42	0.01877	0.01802	0.03079	0.04656	0.68612	0.01802	0.02328	0.02328	0.01727	0.02478	0.01427	0.01877	0.01201	0.00676	0.00751	0.00225	0.00901	0.00676	0.00375	0.01201
43	0.01074	0.00775	0.01014	0.00954	0.01133	0.00716	0.00716	0.01431	0.02147	0.03042	0.68211	0.05666	0.07157	0.01551	0.00895	0.00239	0.00358	0.01372	0.00835	0.00716
44	0.08619	0.02273	0.02171	0.01716	0.02284	0.11351	0.01398	0.52849	0.03205	0.04287	0.01677	0.01716	0.01213	0.00878	0.00727	0.00224	0.00887	0.00636	0.00688	0.01200
45	0.00924	0.00660	0.00880	0.01056	0.01100	0.00616	0.00704	0.01056	0.01452	0.01936	0.04181	0.72848	0.05017	0.02376	0.00968	0.00308	0.00440	0.02156	0.00704	0.00616

[dist]
# distance from previous block
# <min> <max>
0	1

[block]
# block no. 1 follows, 26 sequences, length 9
# corresponding to MSA columns:
# 47-55
name=unknown_B
#
# <colnr> <probs for GDERKNQSTAVLIFYWHMCP>
#	G	D	E	R	K	N	Q	S	T	A	V	L	I	F	Y	W	H	M	C	P
0	0.02585	0.05367	0.01768	0.01306	0.01794	0.01365	0.01045	0.10036	0.08668	0.34835	0.02526	0.02749	0.01886	0.12701	0.01236	0.00303	0.00679	0.00773	0.00748	0.07630
1	0.01238	0.12712	0.01668	0.01232	0.01451	0.01283	0.01005	0.01504	0.01272	0.01765	0.01872	0.02692	0.01746	0.04867	0.58949	0.01047	0.01833	0.00746	0.00393	0.00726
2	0.00990	0.00713	0.00835	0.00903	0.00974	0.00669	0.00578	0.01082	0.01370	0.01773	0.04202	0.31580	0.17536	0.30880	0.02119	0.00469	0.00547	0.01614	0.00606	0.00558
3	0.02279	0.01716	0.02009	0.01646	0.02077	0.01901	0.03507	0.38312	0.07630	0.05806	0.02362	0.16585	0.02126	0.01249	0.00955	0.00257	0.06774	0.01009	0.00705	0.01096
4	0.00978	0.00700	0.00936	0.01075	0.01153	0.00658	0.00758	0.01168	0.01592	0.02145	0.14289	0.55703	0.05289	0.02217	0.00965	0.00301	0.00453	0.08256	0.00724	0.00640
5	0.02548	0.07642	0.01844	0.01357	0.01833	0.08099	0.01103	0.06535	0.09252	0.32419	0.13197	0.03045	0.05692	0.01051	0.00760	0.00228	0.00678	0.00848	0.00777	0.01092
6	0.02663	0.01930	0.02095	0.01648	0.02204	0.02123	0.01347	0.50251	0.12258	0.07853	0.06073	0.02234	0.01818	0.00967	0.00769	0.00233	0.00763	0.00753	0.00775	0.01243
7	0.04811	0.23914	0.35041	0.02100	0.09368	0.08197	0.02121	0.02405	0.01633	0.02221	0.01250	0.01482	0.00985	0.00700	0.00643	0.00212	0.01010	0.00515	0.00339	0.01053
8	0.03871	0.11883	0.28213	0.02329	0.13194	0.07755	0.03733	0.02407	0.04959	0.02328	0.04272	0.01823	0.01345	0.00818	0.00873	0.00234	0.07916	0.00618	0.00388	0.01042

[dist]
# distance from previous block
# <min> <max>
0	1

[block]
# block no. 2 follows, 26 sequences, length 13
# corresponding to MSA columns:
# 57-69
name=unknown_C
#
# <colnr> <probs for GDERKNQSTAVLIFYWHMCP>
#	G	D	E	R	K	N	Q	S	T	A	V	L	I	F	Y	W	H	M	C	P
0	0.18952	0.01941	0.01979	0.01568	0.02130	0.02173	0.01288	0.47007	0.08693	0.04345	0.01770	0.01784	0.01280	0.00877	0.00698	0.00232	0.00761	0.00640	0.00698	0.01182
1	0.10068	0.01612	0.01651	0.01485	0.01919	0.01867	0.01160	0.03839	0.60217	0.03197	0.02871	0.02660	0.02156	0.00994	0.00740	0.00255	0.00599	0.00810	0.00740	0.01160
2	0.02833	0.03615	0.02149	0.01954	0.02345	0.70298	0.01466	0.03029	0.02149	0.01856	0.01172	0.01368	0.00977	0.00782	0.00684	0.00195	0.01368	0.00489	0.00391	0.00879
3	0.03403	0.01291	0.01760	0.01350	0.01936	0.01115	0.01115	0.03697	0.02171	0.69137	0.02992	0.02582	0.01878	0.00939	0.00763	0.00235	0.00645	0.00763	0.00939	0.01291
4	0.01504	0.01275	0.01499	0.01116	0.01723	0.00969	0.00878	0.01819	0.01560	0.02415	0.01650	0.09165	0.01538	0.00755	0.00605	0.00133	0.00549	0.00631	0.00477	0.69740
5	0.01084	0.00813	0.01219	0.01219	0.01354	0.00948	0.00948	0.01354	0.01219	0.01761	0.02032	0.02980	0.01896	0.05689	0.70337	0.01219	0.02032	0.00813	0.00406	0.00677
6	0.01074	0.00775	0.01014	0.00954	0.01133	0.00716	0.00716	0.01431	0.02147	0.03042	0.68211	0.05666	0.07157	0.01551	0.00895	0.00239	0.00358	0.01372	0.00835	0.00716
7	0.00924	0.00660	0.00880	0.01056	0.01100	0.00616	0.00704	0.01056	0.01452	0.01936	0.04181	0.72848	0.05017	0.02376	0.00968	0.00308	0.00440	0.02156	0.00704	0.00616
8	0.00896	0.00768	0.00768	0.00768	0.01025	0.00640	0.00576	0.01089	0.01729	0.02049	0.07684	0.07300	0.68304	0.01921	0.00896	0.00256	0.00384	0.01601	0.00704	0.00640
9	0.78701	0.01467	0.01115	0.00997	0.01467	0.01702	0.00821	0.02230	0.01291	0.03403	0.01056	0.01232	0.00821	0.00704	0.00469	0.00235	0.00587	0.00411	0.00469	0.00821
10	0.01887	0.01629	0.01715	0.01544	0.01972	0.01887	0.01201	0.04031	0.67241	0.03173	0.03087	0.02830	0.02315	0.01029	0.00772	0.00257	0.00600	0.00858	0.00772	0.01201
11	0.78701	0.01467	0.01115	0.00997	0.01467	0.01702	0.00821	0.02230	0.01291	0.03403	0.01056	0.01232	0.00821	0.00704	0.00469	0.00235	0.00587	0.00411	0.00469	0.00821
12	0.03367	0.01349	0.01796	0.01377	0.01965	0.01201	0.01138	0.08038	0.02268	0.64658	0.02911	0.02529	0.01837	0.00937	0.00762	0.00234	0.00659	0.00757	0.00926	0.01291

[dist]
# distance from previous block
# <min> <max>
0	2

[block]
# block no. 3 follows, 26 sequences, length 69
# corresponding to MSA columns:
# 72-140
name=unknown_D
#
# <colnr> <probs for GDERKNQSTAVLIFYWHMCP>
#	G	D	E	R	K	N	Q	S	T	A	V	L	I	F	Y	W	H	M	C	P
0	0.01371	0.00921	0.01052	0.00966	0.01263	0.00840	0.00742	0.01801	0.08017	0.11443	0.21805	0.05836	0.37847	0.01612	0.00866	0.00249	0.00433	0.01361	0.00775	0.00799
1	0.00896	0.00768	0.00768	0.00768	0.01025	0.00640	0.00576	0.01089	0.01729	0.02049	0.07684	0.07300	0.68304	0.01921	0.00896	0.00256	0.00384	0.01601	0.00704	0.00640
2	0.01006	0.00773	0.00920	0.00883	0.01091	0.00687	0.00662	0.01300	0.01987	0.02661	0.44978	0.06293	0.30628	0.01693	0.00895	0.00245	0.00368	0.01460	0.00785	0.00687
3	0.00922	0.00769	0.00803	0.00795	0.01040	0.00651	0.00596	0.01137	0.01788	0.02190	0.16300	0.07067	0.59600	0.01868	0.00896	0.00254	0.00380	0.01568	0.00723	0.00651
4	0.01103	0.00735	0.00827	0.00827	0.00827	0.00735	0.00460	0.01103	0.01103	0.01471	0.02390	0.04964	0.02758	0.73343	0.03861	0.00735	0.00735	0.01103	0.00460	0.00460
5	0.78701	0.01467	0.01115	0.00997	0.01467	0.01702	0.00821	0.02230	0.01291	0.03403	0.01056	0.01232	0.00821	0.00704	0.00469	0.00235	0.00587	0.00411	0.00469	0.00821
6	0.00936	0.00668	0.00894	0.01070	0.01119	0.00626	0.00725	0.01076	0.01464	0.01949	0.04174	0.70312	0.04991	0.02365	0.00971	0.00310	0.00450	0.04576	0.00704	0.00619
7	0.01103	0.00735	0.00827	0.00827	0.00827	0.00735	0.00460	0.01103	0.01103	0.01471	0.02390	0.04964	0.02758	0.73343	0.03861	0.00735	0.00735	0.01103	0.00460	0.00460
8	0.78701	0.01467	0.01115	0.00997	0.01467	0.01702	0.00821	0.02230	0.01291	0.03403	0.01056	0.01232	0.00821	0.00704	0.00469	0.00235	0.00587	0.00411	0.00469	0.00821
9	0.01414	0.00707	0.00707	0.00707	0.00884	0.00707	0.00530	0.01767	0.01591	0.02828	0.02474	0.02828	0.01944	0.00884	0.00530	0.00177	0.00353	0.00707	0.77554	0.00707
10	0.01100	0.00739	0.00845	0.00840	0.00857	0.00733	0.00484	0.01135	0.01204	0.01623	0.08777	0.05032	0.03184	0.66377	0.03573	0.00687	0.00699	0.01129	0.00496	0.00484
11	0.03403	0.01291	0.01760	0.01350	0.01936	0.01115	0.01115	0.03697	0.02171	0.69137	0.02992	0.02582	0.01878	0.00939	0.00763	0.00235	0.00645	0.00763	0.00939	0.01291
12	0.02034	0.01597	0.01719	0.01525	0.01969	0.01812	0.01192	0.03998	0.60927	0.09573	0.03078	0.02806	0.02273	0.01020	0.00771	0.00255	0.00605	0.00848	0.00788	0.01209
13	0.01414	0.00707	0.00707	0.00707	0.00884	0.00707	0.00530	0.01767	0.01591	0.02828	0.02474	0.02828	0.01944	0.00884	0.00530	0.00177	0.00353	0.00707	0.77554	0.00707
14	0.01432	0.01348	0.02275	0.71520	0.05224	0.01685	0.02107	0.01938	0.01517	0.01938	0.01348	0.02022	0.01011	0.00758	0.00758	0.00253	0.01011	0.00674	0.00337	0.00843
15	0.78701	0.01467	0.01115	0.00997	0.01467	0.01702	0.00821	0.02230	0.01291	0.03403	0.01056	0.01232	0.00821	0.00704	0.00469	0.00235	0.00587	0.00411	0.00469	0.00821
16	0.02883	0.02125	0.02276	0.01745	0.02352	0.02352	0.01442	0.66082	0.03566	0.04780	0.01821	0.01821	0.01290	0.00911	0.00759	0.00228	0.00835	0.00683	0.00759	0.01290
17	0.01600	0.01372	0.01585	0.01159	0.01812	0.01086	0.00924	0.02090	0.07162	0.02531	0.01496	0.01680	0.01225	0.00602	0.00580	0.00125	0.00565	0.00484	0.00477	0.71445
18	0.01318	0.00659	0.00988	0.00988	0.00988	0.00659	0.00659	0.00988	0.00988	0.01318	0.01318	0.02306	0.01318	0.02635	0.02964	0.77931	0.00659	0.00659	0.00329	0.00329
19	0.01222	0.00873	0.01222	0.01397	0.01572	0.00873	0.01222	0.01572	0.01746	0.02270	0.04016	0.08556	0.04365	0.02095	0.01048	0.00349	0.00698	0.63506	0.00698	0.00698
20	0.00924	0.00660	0.00880	0.01056	0.01100	0.00616	0.00704	0.01056	0.01452	0.01936	0.04181	0.72848	0.05017	0.02376	0.00968	0.00308	0.00440	0.02156	0.00704	0.00616
21	0.01877	0.01802	0.03079	0.04656	0.68612	0.01802	0.02328	0.02328	0.01727	0.02478	0.01427	0.01877	0.01201	0.00676	0.00751	0.00225	0.00901	0.00676	0.00375	0.01201
22	0.01114	0.00802	0.01016	0.01123	0.01222	0.00785	0.00776	0.07366	0.01657	0.02212	0.03952	0.65956	0.04655	0.02234	0.00948	0.00300	0.00478	0.02013	0.00709	0.00681
23	0.01084	0.00813	0.01219	0.01219	0.01354	0.00948	0.00948	0.01354	0.01219	0.01761	0.02032	0.02980	0.01896	0.05689	0.70337	0.01219	0.02032	0.00813	0.00406	0.00677
24	0.03403	0.01291	0.01760	0.01350	0.01936	0.01115	0.01115	0.03697	0.02171	0.69137	0.02992	0.02582	0.01878	0.00939	0.00763	0.00235	0.00645	0.00763	0.00939	0.01291
25	0.01222	0.00873	0.01222	0.01397	0.01572	0.00873	0.01222	0.01572	0.01746	0.02270	0.04016	0.08556	0.04365	0.02095	0.01048	0.00349	0.00698	0.63506	0.00698	0.00698
26	0.01103	0.00735	0.00827	0.00827	0.00827	0.00735	0.00460	0.01103	0.01103	0.01471	0.02390	0.04964	0.02758	0.73343	0.03861	0.00735	0.00735	0.01103	0.00460	0.00460
27	0.00924	0.00660	0.00880	0.01056	0.01100	0.00616	0.00704	0.01056	0.01452	0.01936	0.04181	0.72848	0.05017	0.02376	0.00968	0.00308	0.00440	0.02156	0.00704	0.00616
28	0.01784	0.01327	0.01491	0.01350	0.01722	0.01430	0.01066	0.05391	0.35902	0.09411	0.13209	0.04194	0.10126	0.01287	0.00827	0.00260	0.00564	0.06843	0.00783	0.01035
29	0.00937	0.00670	0.00892	0.01047	0.01103	0.00625	0.00705	0.01089	0.01513	0.02032	0.09746	0.67009	0.05203	0.02305	0.00962	0.00302	0.00433	0.02088	0.00715	0.00625
30	0.01081	0.00780	0.01024	0.00975	0.01154	0.00723	0.00740	0.01438	0.02128	0.03005	0.65141	0.05804	0.07023	0.01577	0.00902	0.00244	0.00374	0.04343	0.00828	0.00715
31	0.01103	0.00735	0.00827	0.00827	0.00827	0.00735	0.00460	0.01103	0.01103	0.01471	0.02390	0.04964	0.02758	0.73343	0.03861	0.00735	0.00735	0.01103	0.00460	0.00460
32	0.00931	0.00665	0.00886	0.01052	0.01102	0.00621	0.00705	0.01073	0.01484	0.01986	0.07083	0.69803	0.05114	0.02339	0.00965	0.00305	0.00436	0.02121	0.00710	0.00621
33	0.03403	0.01291	0.01760	0.01350	0.01936	0.01115	0.01115	0.03697	0.02171	0.69137	0.02992	0.02582	0.01878	0.00939	0.00763	0.00235	0.00645	0.00763	0.00939	0.01291
34	0.01521	0.03923	0.69413	0.02162	0.03283	0.01762	0.02802	0.02402	0.01601	0.02402	0.01361	0.01601	0.00961	0.00721	0.00721	0.00240	0.01121	0.00560	0.00320	0.01121
35	0.00932	0.00664	0.00878	0.01046	0.01088	0.00621	0.00693	0.01058	0.01436	0.01915	0.04099	0.69771	0.04914	0.05593	0.01099	0.00327	0.00453	0.02109	0.00693	0.00609
36	0.01292	0.00825	0.01075	0.00984	0.01206	0.00751	0.00748	0.01636	0.02130	0.09410	0.59140	0.05441	0.09416	0.01508	0.00882	0.00239	0.00387	0.01323	0.00839	0.00768
37	0.03403	0.01291	0.01760	0.01350	0.01936	0.01115	0.01115	0.03697	0.02171	0.69137	0.02992	0.02582	0.01878	0.00939	0.00763	0.00235	0.00645	0.00763	0.00939	0.01291
38	0.78701	0.01467	0.01115	0.00997	0.01467	0.01702	0.00821	0.02230	0.01291	0.03403	0.01056	0.01232	0.00821	0.00704	0.00469	0.00235	0.00587	0.00411	0.00469	0.00821
39	0.00932	0.00770	0.00818	0.00806	0.01046	0.00655	0.00604	0.01157	0.01813	0.02248	0.19795	0.06973	0.56068	0.01847	0.00896	0.00253	0.00379	0.01555	0.00730	0.00655
40	0.02883	0.02125	0.02276	0.01745	0.02352	0.02352	0.01442	0.66082	0.03566	0.04780	0.01821	0.01821	0.01290	0.00911	0.00759	0.00228	0.00835	0.00683	0.00759	0.01290
41	0.78701	0.01467	0.01115	0.00997	0.01467	0.01702	0.00821	0.02230	0.01291	0.03403	0.01056	0.01232	0.00821	0.00704	0.00469	0.00235	0.00587	0.00411	0.00469	0.00821
42	0.01103	0.00735	0.00827	0.00827	0.00827	0.00735	0.00460	0.01103	0.01103	0.01471	0.02390	0.04964	0.02758	0.73343	0.03861	0.00735	0.00735	0.01103	0.00460	0.00460
43	0.00932	0.00749	0.00831	0.00856	0.01058	0.00648	0.00625	0.01140	0.01745	0.02194	0.17183	0.19771	0.45713	0.01947	0.00910	0.00263	0.00391	0.01670	0.00726	0.00648
44	0.01103	0.00735	0.00827	0.00827	0.00827	0.00735	0.00460	0.01103	0.01103	0.01471	0.02390	0.04964	0.02758	0.73343	0.03861	0.00735	0.00735	0.01103	0.00460	0.00460
45	0.01432	0.01348	0.02275	0.71520	0.05224	0.01685	0.02107	0.01938	0.01517	0.01938	0.01348	0.02022	0.01011	0.00758	0.00758	0.00253	0.01011	0.00674	0.00337	0.00843
46	0.01659	0.01659	0.02323	0.01991	0.01991	0.02323	0.01659	0.01825	0.01162	0.01825	0.00996	0.01659	0.00996	0.01328	0.02489	0.00332	0.71955	0.00664	0.00332	0.00830
47	0.01547	0.03741	0.63112	0.02262	0.03349	0.01777	0.08921	0.02405	0.01620	0.02405	0.01378	0.01645	0.00979	0.00713	0.00738	0.00242	0.01136	0.00593	0.00326	0.01111
48	0.00896	0.00768	0.00768	0.00768	0.01025	0.00640	0.00576	0.01089	0.01729	0.02049	0.07684	0.07300	0.68304	0.01921	0.00896	0.00256	0.00384	0.01601	0.00704	0.00640
49	0.01869	0.01826	0.03214	0.04514	0.62339	0.01813	0.08492	0.02338	0.01733	0.02473	0.01437	0.01894	0.01197	0.00672	0.00765	0.00228	0.00938	0.00697	0.00376	0.01184
50	0.05741	0.07416	0.06784	0.01476	0.02078	0.08131	0.01292	0.06480	0.04485	0.44650	0.02424	0.02210	0.01603	0.00879	0.00720	0.00226	0.00768	0.00681	0.00762	0.01194
51	0.01695	0.01423	0.04237	0.02521	0.27725	0.01330	0.01490	0.02273	0.08868	0.09114	0.19718	0.03633	0.10539	0.01108	0.00807	0.00237	0.00653	0.00985	0.00627	0.01018
52	0.00974	0.00704	0.00879	0.00998	0.01074	0.00660	0.00679	0.01106	0.01449	0.01891	0.04337	0.46590	0.13493	0.15218	0.01491	0.00382	0.00505	0.06314	0.00659	0.00597
53	0.33115	0.06715	0.04573	0.13677	0.12571	0.01895	0.04668	0.09846	0.01720	0.02985	0.01287	0.01586	0.00999	0.00727	0.00626	0.00232	0.00804	0.00557	0.00448	0.00970
54	0.11936	0.13707	0.05000	0.03671	0.04959	0.04325	0.01252	0.13276	0.11026	0.03065	0.17464	0.02677	0.02672	0.00980	0.00705	0.00224	0.00693	0.00776	0.00605	0.00987
55	0.02650	0.01218	0.01644	0.01445	0.04537	0.01118	0.01120	0.03109	0.07153	0.44541	0.13134	0.03629	0.02943	0.01142	0.00811	0.00248	0.00613	0.06949	0.00863	0.01134
56	0.01086	0.00801	0.01162	0.01162	0.01278	0.00917	0.00877	0.01318	0.01202	0.01719	0.02084	0.03267	0.02021	0.15489	0.60708	0.01149	0.01844	0.00855	0.00414	0.00646
57	0.09327	0.07320	0.10025	0.07083	0.20241	0.07254	0.11106	0.04492	0.06241	0.02520	0.03593	0.01928	0.01357	0.00815	0.00798	0.02840	0.00939	0.00669	0.00428	0.01023
58	0.08374	0.13767	0.07368	0.02204	0.12653	0.32193	0.01626	0.06831	0.01945	0.02296	0.01236	0.01470	0.01020	0.00761	0.00715	0.00208	0.03426	0.00523	0.00402	0.00983
59	0.03287	0.04839	0.01916	0.01385	0.01977	0.01325	0.01155	0.09682	0.02276	0.59671	0.02786	0.02443	0.01777	0.00922	0.00749	0.00231	0.00672	0.00738	0.00892	0.01276
60	0.01150	0.01353	0.13573	0.01219	0.01563	0.00911	0.01141	0.01577	0.01931	0.02713	0.41687	0.10906	0.08244	0.01537	0.00884	0.00256	0.00539	0.07327	0.00711	0.00777
61	0.01988	0.04449	0.04822	0.02692	0.20958	0.13284	0.10795	0.07957	0.09440	0.02592	0.04098	0.06791	0.01862	0.00953	0.00786	0.00238	0.00941	0.03805	0.00505	0.01042
62	0.02559	0.02518	0.02153	0.01986	0.07538	0.27936	0.01451	0.26938	0.07726	0.03179	0.04940	0.01960	0.01554	0.01034	0.02925	0.00249	0.01038	0.00660	0.00582	0.01072
63	0.01084	0.00813	0.01219	0.01219	0.01354	0.00948	0.00948	0.01354	0.01219	0.01761	0.02032	0.02980	0.01896	0.05689	0.70337	0.01219	0.02032	0.00813	0.00406	0.00677
64	0.02708	0.09526	0.02281	0.01867	0.02283	0.58607	0.01441	0.06036	0.02153	0.02010	0.01296	0.01635	0.01114	0.00824	0.00684	0.00200	0.01269	0.02751	0.00414	0.00901
65	0.24439	0.01789	0.04121	0.01644	0.04477	0.01876	0.05317	0.22126	0.13596	0.07740	0.02060	0.02083	0.03787	0.00878	0.00690	0.00238	0.00734	0.00682	0.00635	0.01090
66	0.02073	0.01753	0.02056	0.02117	0.13513	0.01960	0.01440	0.15441	0.43956	0.03357	0.02563	0.02476	0.01930	0.00946	0.00766	0.00246	0.00696	0.00793	0.00701	0.01218
67	0.06031	0.51041	0.07940	0.01393	0.02040	0.07076	0.01365	0.02519	0.01657	0.10899	0.01342	0.01436	0.01086	0.00704	0.00552	0.00183	0.00836	0.00470	0.00418	0.01012
68	0.07262	0.07422	0.02202	0.01736	0.05037	0.08567	0.01358	0.28993	0.13007	0.07726	0.01860	0.01891	0.01386	0.00878	0.00778	0.00224	0.03750	0.00648	0.00638	0.04636

[dist]
# distance from previous block
# <min> <max>
0	54

[block]
# block no. 4 follows, 26 sequences, length 29
# corresponding to MSA columns:
# 195-223
name=unknown_E
#
# <colnr> <probs for GDERKNQSTAVLIFYWHMCP>
#	G	D	E	R	K	N	Q	S	T	A	V	L	I	F	Y	W	H	M	C	P
0	0.04409	0.04492	0.10702	0.02029	0.08916	0.07864	0.08082	0.12721	0.05689	0.09818	0.08777	0.02875	0.04438	0.00992	0.00780	0.00239	0.00858	0.04678	0.00592	0.01048
1	0.02954	0.07179	0.01861	0.01308	0.01852	0.01234	0.01090	0.03247	0.02037	0.53452	0.06222	0.02625	0.02062	0.01233	0.05110	0.00286	0.00728	0.00758	0.00832	0.03930
2	0.01050	0.00757	0.00992	0.00971	0.01128	0.00700	0.00714	0.01371	0.02035	0.02864	0.57919	0.16465	0.06813	0.01683	0.00906	0.00250	0.00371	0.01498	0.00814	0.00700
3	0.02028	0.73799	0.03975	0.01298	0.01947	0.03001	0.01298	0.02271	0.01541	0.01785	0.01055	0.01217	0.00973	0.00649	0.00487	0.00162	0.00811	0.00406	0.00324	0.00973
4	0.02185	0.01650	0.01871	0.07443	0.06364	0.06355	0.01334	0.07781	0.30868	0.14932	0.04510	0.02583	0.02016	0.01252	0.05134	0.00304	0.00813	0.00789	0.00694	0.01124
5	0.00916	0.00753	0.00809	0.00849	0.01062	0.00646	0.00628	0.01103	0.01678	0.02038	0.06875	0.19540	0.53785	0.02013	0.00916	0.00270	0.00408	0.04369	0.00704	0.00638
6	0.01790	0.02046	0.04476	0.03197	0.03964	0.01918	0.65857	0.02430	0.01790	0.02430	0.01535	0.02046	0.01151	0.00639	0.00895	0.00256	0.01279	0.00895	0.00384	0.01023
7	0.01483	0.01416	0.02417	0.53706	0.14129	0.01650	0.05472	0.01968	0.01575	0.02050	0.01764	0.02331	0.05230	0.00812	0.00773	0.00249	0.00971	0.00744	0.00368	0.00892
8	0.02167	0.02046	0.02121	0.06523	0.12682	0.13374	0.01514	0.12940	0.32295	0.03012	0.02206	0.02232	0.01679	0.00898	0.00751	0.00237	0.00837	0.00729	0.00617	0.01138
9	0.00935	0.00665	0.00877	0.01042	0.01083	0.00624	0.00689	0.01059	0.01430	0.01907	0.04068	0.68584	0.04875	0.06834	0.01150	0.00335	0.00459	0.02090	0.00689	0.00606
10	0.01700	0.01694	0.02697	0.02776	0.19527	0.02069	0.08839	0.01997	0.01381	0.02058	0.01223	0.01830	0.01115	0.01317	0.05511	0.00343	0.41931	0.00700	0.00353	0.00940
11	0.01414	0.00707	0.00707	0.00707	0.00884	0.00707	0.00530	0.01767	0.01591	0.02828	0.02474	0.02828	0.01944	0.00884	0.00530	0.00177	0.00353	0.00707	0.77554	0.00707
12	0.01414	0.00707	0.00707	0.00707	0.00884	0.00707	0.00530	0.01767	0.01591	0.02828	0.02474	0.02828	0.01944	0.00884	0.00530	0.00177	0.00353	0.00707	0.77554	0.00707
13	0.78701	0.01467	0.01115	0.00997	0.01467	0.01702	0.00821	0.02230	0.01291	0.03403	0.01056	0.01232	0.00821	0.00704	0.00469	0.00235	0.00587	0.00411	0.00469	0.00821
14	0.01174	0.01332	0.12363	0.01325	0.04030	0.00932	0.01153	0.01602	0.01956	0.02759	0.44101	0.09297	0.07411	0.01485	0.00877	0.00251	0.00535	0.05917	0.00711	0.00791
15	0.01849	0.05797	0.08386	0.04747	0.20427	0.11648	0.03964	0.02421	0.08836	0.02222	0.01554	0.01956	0.01301	0.01416	0.09080	0.00356	0.11961	0.00666	0.00410	0.01002
16	0.02747	0.06531	0.02243	0.01918	0.02312	0.61269	0.01466	0.05725	0.02141	0.01981	0.01188	0.01394	0.00992	0.00806	0.00761	0.00202	0.04524	0.00501	0.00401	0.00899
17	0.01221	0.00900	0.01245	0.01205	0.01357	0.01024	0.00918	0.06163	0.01379	0.01947	0.02065	0.03164	0.01968	0.14562	0.56061	0.01079	0.01765	0.00843	0.00440	0.00693
18	0.01924	0.01637	0.01795	0.01681	0.04914	0.01875	0.01257	0.08477	0.56588	0.03198	0.02871	0.02719	0.02170	0.01216	0.03927	0.00297	0.00696	0.00834	0.00737	0.01184
19	0.02191	0.60153	0.03651	0.01383	0.02024	0.02878	0.01325	0.14420	0.01927	0.02355	0.01200	0.01332	0.01034	0.00699	0.00538	0.00175	0.00816	0.00458	0.00407	0.01034
20	0.01318	0.00659	0.00988	0.00988	0.00988	0.00659	0.00659	0.00988	0.00988	0.01318	0.01318	0.02306	0.01318	0.02635	0.02964	0.77931	0.00659	0.00659	0.00329	0.00329
21	0.20361	0.01982	0.04042	0.02003	0.13065	0.10905	0.01403	0.14789	0.08627	0.10450	0.04077	0.01945	0.01488	0.00838	0.00685	0.00229	0.00806	0.00639	0.00588	0.01076
22	0.01850	0.15403	0.17360	0.02133	0.11644	0.12073	0.04500	0.02446	0.07589	0.02277	0.04752	0.02198	0.05594	0.00863	0.00769	0.00220	0.03585	0.00679	0.00434	0.03633
23	0.01921	0.01598	0.01752	0.05886	0.02173	0.01842	0.01253	0.03887	0.60466	0.05823	0.02975	0.02769	0.02216	0.01009	0.00771	0.00256	0.00628	0.00842	0.00752	0.01182
24	0.02035	0.13874	0.14170	0.04614	0.14824	0.01832	0.01700	0.09196	0.04769	0.09585	0.01616	0.01780	0.01230	0.00729	0.00671	0.00200	0.00819	0.00588	0.00487	0.15282
25	0.01084	0.00813	0.01219	0.01219	0.01354	0.00948	0.00948	0.01354	0.01219	0.01761	0.02032	0.02980	0.01896	0.05689	0.70337	0.01219	0.02032	0.00813	0.00406	0.00677
26	0.01236	0.00839	0.00936	0.00896	0.00941	0.00856	0.00533	0.05965	0.01287	0.01718	0.02347	0.04729	0.02648	0.67923	0.03629	0.00697	0.00743	0.01072	0.00482	0.00522
27	0.01979	0.02225	0.12333	0.09128	0.38989	0.07199	0.05628	0.06420	0.01860	0.04873	0.01477	0.01840	0.01161	0.00719	0.00751	0.00229	0.00985	0.00660	0.00410	0.01135
28	0.01810	0.12622	0.20336	0.02087	0.07910	0.04879	0.08726	0.05031	0.07431	0.04359	0.01716	0.02284	0.01442	0.06398	0.03002	0.00302	0.05401	0.02817	0.00438	0.01010

[dist]
# distance from previous block
# <min> <max>
0	1

[block]
# block no. 5 follows, 26 sequences, length 10
# corresponding to MSA columns:
# 225-234
name=unknown_F
#
# <colnr> <probs for GDERKNQSTAVLIFYWHMCP>
#	G	D	E	R	K	N	Q	S	T	A	V	L	I	F	Y	W	H	M	C	P
0	0.02071	0.07924	0.09786	0.04929	0.13755	0.18415	0.10967	0.07359	0.01860	0.02316	0.01353	0.01726	0.01107	0.01019	0.04073	0.00277	0.09028	0.00635	0.00396	0.01002
1	0.78701	0.01467	0.01115	0.00997	0.01467	0.01702	0.00821	0.02230	0.01291	0.03403	0.01056	0.01232	0.00821	0.00704	0.00469	0.00235	0.00587	0.00411	0.00469	0.00821
2	0.00925	0.00767	0.00795	0.00789	0.01024	0.00653	0.00583	0.01122	0.01733	0.02110	0.13108	0.07012	0.58774	0.05966	0.01066	0.00282	0.00402	0.01551	0.00703	0.00637
3	0.01573	0.01348	0.01573	0.01123	0.01798	0.01011	0.00899	0.01910	0.01573	0.02472	0.01348	0.01573	0.01123	0.00562	0.00562	0.00112	0.00562	0.00449	0.00449	0.77980
4	0.02107	0.05113	0.06432	0.05512	0.13959	0.01489	0.01475	0.02850	0.15053	0.20574	0.07585	0.06147	0.02401	0.01057	0.00783	0.00246	0.00712	0.04741	0.00670	0.01096
5	0.02809	0.02088	0.02235	0.01730	0.02324	0.02318	0.01424	0.61458	0.08312	0.04661	0.01915	0.01896	0.01366	0.00919	0.00760	0.00230	0.00817	0.00696	0.00760	0.01283
6	0.01414	0.00707	0.00707	0.00707	0.00884	0.00707	0.00530	0.01767	0.01591	0.02828	0.02474	0.02828	0.01944	0.00884	0.00530	0.00177	0.00353	0.00707	0.77554	0.00707
7	0.01414	0.00707	0.00707	0.00707	0.00884	0.00707	0.00530	0.01767	0.01591	0.02828	0.02474	0.02828	0.01944	0.00884	0.00530	0.00177	0.00353	0.00707	0.77554	0.00707
8	0.01847	0.01822	0.02652	0.09754	0.46777	0.08808	0.02064	0.02261	0.01755	0.02337	0.01756	0.02772	0.01604	0.00893	0.00786	0.00242	0.00931	0.09454	0.00419	0.01066
9	0.01898	0.35854	0.10460	0.01409	0.02045	0.02184	0.01380	0.10727	0.01886	0.02486	0.06880	0.02169	0.01731	0.00835	0.00626	0.00190	0.00771	0.04100	0.00463	0.11905

[dist]
# distance from previous block
# <min> <max>
0	4

[block]
# block no. 6 follows, 26 sequences, length 52
# corresponding to MSA columns:
# 239-290
name=unknown_G
#
# <colnr> <probs for GDERKNQSTAVLIFYWHMCP>
#	G	D	E	R	K	N	Q	S	T	A	V	L	I	F	Y	W	H	M	C	P
0	0.02472	0.04849	0.02283	0.02344	0.14625	0.44256	0.01561	0.02731	0.02007	0.04968	0.06213	0.01841	0.01513	0.00847	0.00795	0.00211	0.04492	0.00606	0.00440	0.00946
1	0.01414	0.00707	0.00707	0.00707	0.00884	0.00707	0.00530	0.01767	0.01591	0.02828	0.02474	0.02828	0.01944	0.00884	0.00530	0.00177	0.00353	0.00707	0.77554	0.00707
2	0.02280	0.01903	0.02071	0.01931	0.08817	0.04973	0.01401	0.26556	0.31682	0.03608	0.02299	0.02247	0.01719	0.00920	0.00752	0.00234	0.00748	0.00742	0.00697	0.04416
3	0.01919	0.04205	0.06205	0.01304	0.01921	0.01299	0.01122	0.09149	0.04980	0.11208	0.04346	0.06132	0.01732	0.00827	0.00663	0.00174	0.00635	0.00675	0.00577	0.40928
4	0.01840	0.18629	0.46968	0.01903	0.02847	0.05090	0.02285	0.02506	0.01659	0.07578	0.01417	0.01587	0.01038	0.00726	0.00672	0.00221	0.01028	0.00540	0.00374	0.01092
5	0.02085	0.04799	0.07203	0.01544	0.02005	0.16332	0.01292	0.11321	0.20035	0.05937	0.08839	0.02908	0.07108	0.04163	0.00891	0.00253	0.00814	0.00825	0.00631	0.01013
6	0.00973	0.00726	0.01014	0.07805	0.01495	0.00718	0.00838	0.01141	0.01458	0.01936	0.03909	0.66064	0.04633	0.02221	0.00948	0.00303	0.00495	0.02014	0.00669	0.00638
7	0.01787	0.01697	0.02880	0.12714	0.57218	0.01738	0.02241	0.02239	0.01702	0.02400	0.01556	0.02253	0.01347	0.00762	0.00768	0.00235	0.00904	0.04040	0.00388	0.01130
8	0.02114	0.58034	0.03498	0.01383	0.01954	0.14246	0.01281	0.02337	0.01620	0.01780	0.01146	0.01443	0.01070	0.04564	0.00701	0.00199	0.00901	0.00457	0.00343	0.00930
9	0.01044	0.00772	0.01002	0.01093	0.01229	0.00698	0.00775	0.01221	0.01486	0.02023	0.03741	0.54606	0.04375	0.04617	0.01027	0.00303	0.00493	0.08417	0.00663	0.10414
10	0.05276	0.30536	0.11627	0.01921	0.07346	0.15354	0.05623	0.04431	0.04867	0.04539	0.01360	0.01539	0.01099	0.00723	0.00630	0.00201	0.00969	0.00534	0.00405	0.01019
11	0.01746	0.01678	0.02899	0.06769	0.49113	0.01684	0.08830	0.02251	0.04292	0.02419	0.01801	0.09682	0.01649	0.00875	0.00791	0.00240	0.00883	0.00868	0.00426	0.01104
12	0.03315	0.01271	0.01732	0.01335	0.01906	0.01100	0.01100	0.03611	0.02170	0.66641	0.05455	0.02698	0.02077	0.00962	0.00768	0.00235	0.00635	0.00786	0.00935	0.01269
13	0.09827	0.04761	0.11379	0.09242	0.12672	0.01614	0.07006	0.05369	0.01875	0.25972	0.01934	0.02025	0.01340	0.00791	0.00726	0.00234	0.00847	0.00673	0.00585	0.01128
14	0.05883	0.14381	0.02464	0.01994	0.11000	0.09266	0.03492	0.10372	0.21853	0.08776	0.02011	0.02030	0.01527	0.00840	0.00698	0.00223	0.00810	0.00668	0.00588	0.01122
15	0.01307	0.02544	0.39638	0.01630	0.02328	0.01296	0.01877	0.01921	0.01724	0.02484	0.19815	0.08590	0.06601	0.03847	0.00913	0.00264	0.00811	0.00976	0.00513	0.00923
16	0.01065	0.00775	0.01003	0.00946	0.01128	0.00712	0.00709	0.01416	0.02128	0.02997	0.65460	0.05740	0.09936	0.01567	0.00895	0.00239	0.00359	0.01382	0.00829	0.00712
17	0.01225	0.01026	0.01249	0.01233	0.01374	0.06430	0.00934	0.01459	0.01280	0.01736	0.02004	0.03075	0.01920	0.12919	0.57320	0.01083	0.01833	0.00820	0.00411	0.00669
18	0.01991	0.07356	0.02605	0.02036	0.04781	0.14999	0.15465	0.02927	0.22418	0.02510	0.04332	0.02172	0.01685	0.00846	0.00816	0.00227	0.03783	0.00731	0.00523	0.07799
19	0.01837	0.04876	0.05929	0.04791	0.07842	0.01823	0.10734	0.03244	0.37498	0.04852	0.06475	0.02638	0.02158	0.00930	0.00780	0.00247	0.00763	0.00834	0.00632	0.01120
20	0.78701	0.01467	0.01115	0.00997	0.01467	0.01702	0.00821	0.02230	0.01291	0.03403	0.01056	0.01232	0.00821	0.00704	0.00469	0.00235	0.00587	0.00411	0.00469	0.00821
21	0.01414	0.00707	0.00707	0.00707	0.00884	0.00707	0.00530	0.01767	0.01591	0.02828	0.02474	0.02828	0.01944	0.00884	0.00530	0.00177	0.00353	0.00707	0.77554	0.00707
22	0.01092	0.00742	0.00849	0.00849	0.00870	0.00744	0.00496	0.01118	0.01140	0.01516	0.02617	0.04950	0.05798	0.65728	0.07890	0.00743	0.00800	0.01108	0.00468	0.00482
23	0.02564	0.01618	0.01854	0.01501	0.01984	0.01698	0.01206	0.36651	0.04523	0.18625	0.04975	0.14606	0.02318	0.01200	0.00802	0.00245	0.00699	0.00989	0.00793	0.01149
24	0.01201	0.01050	0.01524	0.03914	0.07706	0.03904	0.06928	0.01432	0.01552	0.02041	0.03459	0.51965	0.03985	0.01930	0.00926	0.00291	0.00628	0.04218	0.00619	0.00729
25	0.01100	0.00793	0.01051	0.01034	0.01212	0.00744	0.00807	0.01457	0.02075	0.02902	0.56631	0.06187	0.06653	0.01649	0.00922	0.00259	0.00419	0.12580	0.00810	0.00713
26	0.01962	0.01667	0.01757	0.01559	0.02001	0.01922	0.01219	0.08694	0.62456	0.03294	0.02992	0.02754	0.02238	0.01020	0.00771	0.00255	0.00618	0.00844	0.00771	0.01207
27	0.04842	0.01983	0.01911	0.09146	0.04746	0.16078	0.01398	0.05705	0.31298	0.02708	0.04576	0.02503	0.01918	0.00986	0.00852	0.00247	0.04957	0.02519	0.00595	0.01032
28	0.01586	0.01002	0.01249	0.01132	0.01411	0.00980	0.00866	0.02232	0.13648	0.13766	0.40699	0.10222	0.05258	0.01427	0.00857	0.00247	0.00455	0.01246	0.00830	0.00887
29	0.01121	0.00807	0.01092	0.01250	0.01390	0.00788	0.01022	0.01393	0.01647	0.02143	0.04231	0.24805	0.08485	0.04669	0.01117	0.00346	0.00614	0.41722	0.00692	0.00665
30	0.01521	0.03923	0.69413	0.02162	0.03283	0.01762	0.02802	0.02402	0.01601	0.02402	0.01361	0.01601	0.00961	0.00721	0.00721	0.00240	0.01121	0.00560	0.00320	0.01121
31	0.10487	0.09599	0.02176	0.01504	0.02088	0.04335	0.01261	0.30795	0.02628	0.24686	0.02012	0.01923	0.01385	0.00866	0.00699	0.00222	0.00766	0.00644	0.00727	0.01195
32	0.02833	0.03615	0.02149	0.01954	0.02345	0.70298	0.01466	0.03029	0.02149	0.01856	0.01172	0.01368	0.00977	0.00782	0.00684	0.00195	0.01368	0.00489	0.00391	0.00879
33	0.00924	0.00660	0.00880	0.01056	0.01100	0.00616	0.00704	0.01056	0.01452	0.01936	0.04181	0.72848	0.05017	0.02376	0.00968	0.00308	0.00440	0.02156	0.00704	0.00616
34	0.75509	0.04479	0.01234	0.01010	0.01487	0.01756	0.00841	0.02231	0.01301	0.03336	0.01056	0.01232	0.00828	0.00702	0.00470	0.00232	0.00596	0.00411	0.00463	0.00828
35	0.00927	0.00770	0.00811	0.00801	0.01043	0.00653	0.00601	0.01148	0.01802	0.02222	0.18238	0.07015	0.57642	0.01856	0.00896	0.00253	0.00380	0.01561	0.00727	0.00653
36	0.00914	0.00769	0.00793	0.00787	0.01035	0.00648	0.00590	0.01122	0.01770	0.02147	0.13656	0.07139	0.62271	0.01884	0.00896	0.00254	0.00382	0.01578	0.00717	0.00648
37	0.03403	0.01291	0.01760	0.01350	0.01936	0.01115	0.01115	0.03697	0.02171	0.69137	0.02992	0.02582	0.01878	0.00939	0.00763	0.00235	0.00645	0.00763	0.00939	0.01291
38	0.78701	0.01467	0.01115	0.00997	0.01467	0.01702	0.00821	0.02230	0.01291	0.03403	0.01056	0.01232	0.00821	0.00704	0.00469	0.00235	0.00587	0.00411	0.00469	0.00821
39	0.00922	0.00769	0.00803	0.00795	0.01040	0.00651	0.00596	0.01137	0.01788	0.02190	0.16293	0.07067	0.59606	0.01868	0.00896	0.00254	0.00380	0.01568	0.00723	0.00651
40	0.02916	0.02072	0.02244	0.01720	0.02326	0.02275	0.01421	0.62170	0.03479	0.08817	0.01895	0.01869	0.01327	0.00912	0.00759	0.00228	0.00823	0.00688	0.00770	0.01290
41	0.01103	0.00735	0.00827	0.00827	0.00827	0.00735	0.00460	0.01103	0.01103	0.01471	0.02390	0.04964	0.02758	0.73343	0.03861	0.00735	0.00735	0.01103	0.00460	0.00460
42	0.78701	0.01467	0.01115	0.00997	0.01467	0.01702	0.00821	0.02230	0.01291	0.03403	0.01056	0.01232	0.00821	0.00704	0.00469	0.00235	0.00587	0.00411	0.00469	0.00821
43	0.00896	0.00768	0.00768	0.00768	0.01025	0.00640	0.00576	0.01089	0.01729	0.02049	0.07684	0.07300	0.68304	0.01921	0.00896	0.00256	0.00384	0.01601	0.00704	0.00640
44	0.03403	0.01291	0.01760	0.01350	0.01936	0.01115	0.01115	0.03697	0.02171	0.69137	0.02992	0.02582	0.01878	0.00939	0.00763	0.00235	0.00645	0.00763	0.00939	0.01291
45	0.01103	0.00735	0.00827	0.00827	0.00827	0.00735	0.00460	0.01103	0.01103	0.01471	0.02390	0.04964	0.02758	0.73343	0.03861	0.00735	0.00735	0.01103	0.00460	0.00460
46	0.01103	0.00735	0.00827	0.00827	0.00827	0.00735	0.00460	0.01103	0.01103	0.01471	0.02390	0.04964	0.02758	0.73343	0.03861	0.00735	0.00735	0.01103	0.00460	0.00460
47	0.01790	0.02046	0.04476	0.03197	0.03964	0.01918	0.65857	0.02430	0.01790	0.02430	0.01535	0.02046	0.01151	0.00639	0.00895	0.00256	0.01279	0.00895	0.00384	0.01023
48	0.00964	0.00698	0.00911	0.01012	0.01105	0.00645	0.00700	0.01162	0.01660	0.02250	0.22179	0.50651	0.09001	0.02122	0.00944	0.00286	0.00414	0.01908	0.00741	0.00645
49	0.01021	0.00847	0.00859	0.00828	0.01096	0.00745	0.00623	0.04922	0.01814	0.02189	0.07144	0.06891	0.61947	0.04482	0.00997	0.00272	0.00424	0.01528	0.00699	0.00672
50	0.74171	0.01476	0.01150	0.01030	0.01497	0.01712	0.00844	0.02336	0.05180	0.03390	0.01176	0.01326	0.00910	0.00723	0.00487	0.00236	0.00588	0.00437	0.00487	0.00844
51	0.00978	0.00767	0.00835	0.00818	0.01047	0.00666	0.00614	0.01227	0.01841	0.02380	0.24744	0.06567	0.46846	0.01754	0.00874	0.00246	0.00375	0.01482	0.05274	0.00666

[dist]
# distance from previous block
# <min> <max>
0	2

[block]
# block no. 7 follows, 26 sequences, length 18
# corresponding to MSA columns:
# 293-310
name=unknown_H
#
# <colnr> <probs for GDERKNQSTAVLIFYWHMCP>
#	G	D	E	R	K	N	Q	S	T	A	V	L	I	F	Y	W	H	M	C	P
0	0.01228	0.00724	0.00779	0.00779	0.00850	0.00724	0.00488	0.01371	0.01300	0.02018	0.02424	0.04102	0.02429	0.44103	0.02517	0.00510	0.00581	0.00943	0.31570	0.00559
1	0.01044	0.00746	0.01018	0.01194	0.01290	0.00720	0.00913	0.01264	0.01571	0.02071	0.04114	0.46904	0.04754	0.02263	0.01000	0.00325	0.00544	0.26913	0.00702	0.00649
2	0.33736	0.01446	0.01552	0.01247	0.01789	0.01476	0.01029	0.09401	0.01957	0.36116	0.02093	0.01960	0.01392	0.00841	0.00644	0.00234	0.00641	0.00613	0.00731	0.01101
3	0.01393	0.00709	0.00715	0.00715	0.00880	0.00709	0.00526	0.01724	0.01559	0.02738	0.02469	0.02969	0.01998	0.05658	0.00750	0.00214	0.00379	0.00733	0.72474	0.00691
4	0.01414	0.00707	0.00707	0.00707	0.00884	0.00707	0.00530	0.01767	0.01591	0.02828	0.02474	0.02828	0.01944	0.00884	0.00530	0.00177	0.00353	0.00707	0.77554	0.00707
