[name]
unknown

[dist]
# distance from previous block
# <min> <max>
0	4

[block]
# block no. 0 follows, 24 sequences, length 40
# corresponding to MSA columns:
# 93-132
name=unknown_A
#
# <colnr> <probs for GDERKNQSTAVLIFYWHMCP>
#	G	D	E	R	K	N	Q	S	T	A	V	L	I	F	Y	W	H	M	C	P
0	0.01392	0.01077	0.01472	0.05277	0.04718	0.01100	0.01337	0.01942	0.07857	0.02456	0.03831	0.07316	0.05892	0.01863	0.01009	0.00330	0.00730	0.45247	0.00690	0.04466
1	0.04547	0.12029	0.02632	0.16652	0.08107	0.05202	0.06624	0.11626	0.08061	0.06048	0.03923	0.04837	0.01664	0.00904	0.00756	0.00237	0.00894	0.00764	0.00540	0.03955
2	0.01532	0.01437	0.02331	0.61538	0.05025	0.01775	0.02094	0.02097	0.03853	0.02088	0.01455	0.02106	0.01109	0.00825	0.00878	0.00263	0.04590	0.00702	0.00373	0.03929
3	0.01747	0.01501	0.01802	0.01324	0.02005	0.01243	0.03281	0.05152	0.07747	0.02764	0.01610	0.01797	0.01300	0.00653	0.00630	0.00143	0.00631	0.00538	0.00514	0.63617
4	0.01715	0.01632	0.02772	0.39647	0.34339	0.01819	0.02311	0.02217	0.01689	0.02290	0.01448	0.02043	0.01150	0.00752	0.00789	0.00251	0.01003	0.00706	0.00371	0.01056
5	0.01139	0.00825	0.01151	0.01151	0.01249	0.00924	0.00837	0.01337	0.01238	0.01749	0.02237	0.03742	0.02255	0.25962	0.49347	0.01122	0.01714	0.00941	0.00442	0.00639
6	0.01152	0.00772	0.00882	0.00882	0.00888	0.00778	0.00502	0.01164	0.01158	0.01550	0.02483	0.05104	0.02846	0.69404	0.06713	0.00790	0.00825	0.01141	0.00478	0.00490
7	0.01918	0.01649	0.01746	0.01586	0.02013	0.01901	0.01227	0.04047	0.62311	0.03248	0.03289	0.06637	0.02572	0.01151	0.00818	0.00272	0.00619	0.00969	0.00803	0.01222
8	0.01760	0.04286	0.01756	0.01194	0.01893	0.01147	0.00968	0.02106	0.01674	0.05824	0.01483	0.01682	0.01208	0.00611	0.00595	0.00126	0.00602	0.00484	0.00490	0.70112
9	0.02842	0.02027	0.02241	0.05179	0.10542	0.10298	0.01522	0.24791	0.05207	0.21306	0.02351	0.02324	0.03805	0.00947	0.00789	0.00239	0.00879	0.00751	0.00725	0.01234
10	0.01604	0.04008	0.64985	0.02312	0.03466	0.01849	0.05874	0.02513	0.01684	0.02513	0.01432	0.01696	0.01014	0.00749	0.00762	0.00252	0.01180	0.00603	0.00338	0.01167
11	0.01122	0.00811	0.01060	0.00998	0.01185	0.00748	0.00748	0.01496	0.02245	0.03180	0.66766	0.05923	0.07482	0.01621	0.00935	0.00249	0.00374	0.01434	0.00873	0.00748
12	0.03285	0.01787	0.02111	0.01619	0.02243	0.01815	0.01337	0.34330	0.03002	0.36235	0.02514	0.02300	0.01654	0.00967	0.00795	0.00242	0.00774	0.00756	0.00887	0.01349
13	0.02413	0.01222	0.03806	0.01297	0.01715	0.01042	0.01053	0.05362	0.02092	0.35103	0.11269	0.20128	0.03411	0.01422	0.00854	0.00262	0.00595	0.01224	0.04667	0.01062
14	0.01735	0.01735	0.02429	0.02082	0.02082	0.02429	0.01735	0.01908	0.01214	0.01908	0.01041	0.01735	0.01041	0.01388	0.02602	0.00347	0.70680	0.00694	0.00347	0.00867
15	0.02645	0.06232	0.02242	0.08971	0.02622	0.48277	0.01511	0.07827	0.02201	0.02212	0.01398	0.01750	0.01168	0.03911	0.00858	0.00235	0.01254	0.00579	0.03175	0.00929
16	0.02145	0.01738	0.01903	0.01750	0.04655	0.01971	0.01319	0.09448	0.54515	0.06737	0.03037	0.02813	0.02257	0.01046	0.00804	0.00264	0.00664	0.00868	0.00798	0.01268
17	0.02278	0.01228	0.01515	0.01285	0.01704	0.01155	0.01009	0.09774	0.05633	0.27410	0.11474	0.15389	0.10916	0.01427	0.00860	0.00257	0.00586	0.01213	0.00845	0.04041
18	0.14340	0.18547	0.14330	0.01723	0.05585	0.05120	0.01581	0.06185	0.01919	0.20902	0.01797	0.01823	0.01285	0.00808	0.00670	0.00226	0.00855	0.00593	0.00572	0.01139
19	0.02120	0.72609	0.04155	0.01357	0.02035	0.03138	0.01357	0.02374	0.01611	0.01866	0.01102	0.01272	0.01018	0.00678	0.00509	0.00170	0.00848	0.00424	0.00339	0.01018
20	0.01000	0.00740	0.00947	0.01078	0.01181	0.00669	0.00734	0.01155	0.01553	0.02066	0.04571	0.61591	0.11069	0.02336	0.00982	0.00306	0.00461	0.02102	0.00722	0.04736
21	0.01377	0.00689	0.01033	0.01033	0.01033	0.00689	0.00689	0.01033	0.01033	0.01377	0.01377	0.02410	0.01377	0.02755	0.03099	0.76928	0.00689	0.00689	0.00344	0.00344
22	0.01115	0.00805	0.01054	0.01002	0.01183	0.00743	0.00748	0.01479	0.02212	0.03128	0.63936	0.08904	0.07381	0.01660	0.00939	0.00253	0.00378	0.01471	0.00867	0.00743
23	0.02913	0.02123	0.02271	0.01753	0.02358	0.02346	0.01444	0.60399	0.03592	0.04863	0.01949	0.01973	0.01394	0.00950	0.00777	0.00234	0.00839	0.00716	0.05797	0.01308
24	0.01158	0.00800	0.01025	0.01021	0.01094	0.00849	0.00692	0.01305	0.01293	0.01822	0.06609	0.04364	0.02813	0.39606	0.27913	0.00897	0.01231	0.01040	0.03872	0.00595
25	0.00966	0.00690	0.00920	0.01104	0.01150	0.00644	0.00736	0.01104	0.01518	0.02024	0.04371	0.71614	0.05245	0.02484	0.01012	0.00322	0.00460	0.02254	0.00736	0.00644
26	0.77733	0.01534	0.01166	0.01043	0.01534	0.01779	0.00859	0.02331	0.01350	0.03558	0.01104	0.01288	0.00859	0.00736	0.00491	0.00245	0.00613	0.00429	0.00491	0.00859
27	0.01814	0.01733	0.02951	0.25692	0.47518	0.01845	0.02360	0.02304	0.01736	0.02411	0.01465	0.02011	0.01193	0.00734	0.00788	0.00245	0.00979	0.00706	0.00380	0.01137
28	0.01122	0.00811	0.01060	0.00998	0.01185	0.00748	0.00748	0.01496	0.02245	0.03180	0.66766	0.05923	0.07482	0.01621	0.00935	0.00249	0.00374	0.01434	0.00873	0.00748
29	0.01259	0.00780	0.00985	0.01007	0.01147	0.00832	0.00749	0.01546	0.01461	0.02316	0.02608	0.11355	0.02442	0.06969	0.28557	0.00675	0.01114	0.00987	0.32510	0.00701
30	0.02242	0.62635	0.03879	0.01456	0.02096	0.12674	0.01382	0.02489	0.01703	0.01877	0.01120	0.01295	0.01018	0.00699	0.00539	0.00175	0.00932	0.00437	0.00349	0.01003
31	0.00966	0.00690	0.00920	0.01104	0.01150	0.00644	0.00736	0.01104	0.01518	0.02024	0.04371	0.71614	0.05245	0.02484	0.01012	0.00322	0.00460	0.02254	0.00736	0.00644
32	0.02398	0.01915	0.02033	0.01700	0.02224	0.02171	0.01358	0.28846	0.40428	0.04003	0.02687	0.02528	0.01983	0.01025	0.00801	0.00256	0.00728	0.00822	0.00801	0.01293
33	0.01771	0.01405	0.01657	0.01190	0.01889	0.01064	0.00955	0.02120	0.01686	0.06888	0.01523	0.01714	0.01227	0.00613	0.00601	0.00126	0.00593	0.00491	0.00504	0.71982
34	0.00966	0.00690	0.00920	0.01104	0.01150	0.00644	0.00736	0.01104	0.01518	0.02024	0.04371	0.71614	0.05245	0.02484	0.01012	0.00322	0.00460	0.02254	0.00736	0.00644
35	0.01390	0.00877	0.01180	0.01181	0.01391	0.00821	0.00934	0.01723	0.02033	0.09332	0.34653	0.15367	0.05818	0.01830	0.00976	0.00291	0.00514	0.18074	0.00826	0.00790
36	0.02286	0.02506	0.13274	0.02598	0.13878	0.10079	0.10635	0.14044	0.13320	0.06544	0.01927	0.02078	0.01436	0.00845	0.00799	0.00245	0.01012	0.00735	0.00562	0.01197
37	0.01720	0.02438	0.24281	0.23820	0.04055	0.01768	0.18344	0.02394	0.01725	0.05444	0.01608	0.02050	0.01172	0.00764	0.00804	0.00256	0.01112	0.00732	0.04476	0.01039
38	0.01457	0.01313	0.01536	0.01427	0.01511	0.07232	0.01076	0.01617	0.01306	0.01774	0.01877	0.03245	0.01929	0.24677	0.25620	0.00782	0.19631	0.00873	0.00420	0.00698
39	0.04439	0.01977	0.06286	0.06721	0.36854	0.01945	0.12257	0.05126	0.01826	0.05253	0.01528	0.01966	0.01224	0.00800	0.00988	0.00255	0.08234	0.00732	0.00429	0.01160

[dist]
# distance from previous block
# <min> <max>
0	1

[block]
# block no. 1 follows, 24 sequences, length 100
# corresponding to MSA columns:
# 134-233
name=unknown_B
#
# <colnr> <probs for GDERKNQSTAVLIFYWHMCP>
#	G	D	E	R	K	N	Q	S	T	A	V	L	I	F	Y	W	H	M	C	P
0	0.77733	0.01534	0.01166	0.01043	0.01534	0.01779	0.00859	0.02331	0.01350	0.03558	0.01104	0.01288	0.00859	0.00736	0.00491	0.00245	0.00613	0.00429	0.00491	0.00859
1	0.02148	0.70311	0.04092	0.01380	0.02049	0.05335	0.01363	0.02401	0.01632	0.01868	0.01107	0.01277	0.01018	0.00683	0.00516	0.00171	0.00867	0.00427	0.00342	0.01014
2	0.01760	0.01111	0.01323	0.01141	0.01478	0.03887	0.00884	0.02104	0.02180	0.16653	0.42385	0.04706	0.07472	0.01368	0.00864	0.00235	0.00505	0.01178	0.00833	0.07933
3	0.00965	0.00695	0.00915	0.01091	0.01147	0.00645	0.00730	0.01106	0.01531	0.02030	0.04536	0.68724	0.08028	0.02463	0.01009	0.00320	0.00457	0.02228	0.00736	0.00645
4	0.00965	0.00696	0.00914	0.01087	0.01146	0.00646	0.00729	0.01106	0.01534	0.02031	0.04576	0.68031	0.08695	0.02458	0.01008	0.00319	0.00457	0.02222	0.00736	0.00646
5	0.01331	0.01132	0.01775	0.06241	0.23602	0.01124	0.01389	0.01603	0.01619	0.02215	0.03236	0.44295	0.03669	0.01792	0.00923	0.00290	0.00656	0.01647	0.00599	0.00863
6	0.01644	0.01409	0.01644	0.01175	0.01879	0.01057	0.00940	0.01997	0.01644	0.02584	0.01409	0.01644	0.01175	0.00587	0.00587	0.00117	0.00587	0.00470	0.00470	0.76979
7	0.00941	0.00790	0.00817	0.00839	0.01081	0.00666	0.00618	0.01134	0.01773	0.02128	0.07596	0.15274	0.59503	0.02065	0.00946	0.00274	0.00409	0.01743	0.00736	0.00666
8	0.01135	0.00875	0.01063	0.01139	0.01335	0.00838	0.00885	0.01539	0.06696	0.02365	0.11276	0.23204	0.23974	0.02067	0.00989	0.00306	0.00521	0.18305	0.00753	0.00732
9	0.01603	0.04015	0.65213	0.02308	0.03464	0.01849	0.05652	0.02513	0.01683	0.02513	0.01431	0.01695	0.01013	0.00750	0.00761	0.00252	0.01179	0.00601	0.00338	0.01167
10	0.01837	0.01213	0.01157	0.01038	0.01307	0.05287	0.00791	0.13878	0.02052	0.03165	0.02364	0.02848	0.01911	0.06912	0.00903	0.00245	0.00565	0.00755	0.50925	0.00845
11	0.03558	0.01350	0.01840	0.01411	0.02024	0.01166	0.01166	0.03865	0.02270	0.67734	0.03128	0.02699	0.01963	0.00981	0.00797	0.00245	0.00675	0.00797	0.00981	0.01350
12	0.77733	0.01534	0.01166	0.01043	0.01534	0.01779	0.00859	0.02331	0.01350	0.03558	0.01104	0.01288	0.00859	0.00736	0.00491	0.00245	0.00613	0.00429	0.00491	0.00859
13	0.02042	0.01963	0.03103	0.04249	0.52466	0.04212	0.05820	0.05579	0.07610	0.02745	0.01663	0.02041	0.01353	0.00753	0.00794	0.00239	0.00950	0.00730	0.00450	0.01238
14	0.02120	0.72609	0.04155	0.01357	0.02035	0.03138	0.01357	0.02374	0.01611	0.01866	0.01102	0.01272	0.01018	0.00678	0.00509	0.00170	0.00848	0.00424	0.00339	0.01018
15	0.00937	0.00803	0.00803	0.00803	0.01071	0.00669	0.00602	0.01138	0.01807	0.02142	0.08033	0.07632	0.66863	0.02008	0.00937	0.00268	0.00402	0.01674	0.00736	0.00669
16	0.03014	0.02221	0.02380	0.01825	0.02459	0.02459	0.01507	0.64541	0.03728	0.04998	0.01904	0.01904	0.01349	0.00952	0.00793	0.00238	0.00873	0.00714	0.00793	0.01349
17	0.02252	0.01909	0.02174	0.01805	0.02090	0.06326	0.01480	0.25233	0.02272	0.03197	0.01579	0.01942	0.01286	0.01129	0.01541	0.00276	0.31092	0.00696	0.10690	0.01032
18	0.01377	0.00689	0.01033	0.01033	0.01033	0.00689	0.00689	0.01033	0.01033	0.01377	0.01377	0.02410	0.01377	0.02755	0.03099	0.76928	0.00689	0.00689	0.00344	0.00344
19	0.01153	0.00769	0.00865	0.00865	0.00865	0.00769	0.00480	0.01153	0.01153	0.01538	0.02499	0.05189	0.02883	0.72131	0.04036	0.00769	0.00769	0.01153	0.00480	0.00480
20	0.02178	0.60878	0.03750	0.01399	0.02020	0.10371	0.01332	0.02434	0.01685	0.01935	0.01199	0.01384	0.01075	0.00708	0.00534	0.00174	0.00886	0.00451	0.04614	0.00991
21	0.01718	0.01407	0.01652	0.01184	0.01885	0.01061	0.00948	0.02068	0.01668	0.05083	0.01475	0.01685	0.01205	0.00602	0.00595	0.00122	0.00591	0.00482	0.00489	0.74078
22	0.01819	0.11509	0.15529	0.15939	0.29916	0.02028	0.07474	0.02374	0.01720	0.02371	0.01422	0.01860	0.01136	0.00725	0.00757	0.00238	0.01027	0.00665	0.00368	0.01124
23	0.01972	0.01712	0.01857	0.01761	0.05004	0.01968	0.01308	0.04133	0.62864	0.03284	0.03149	0.02914	0.02368	0.01059	0.00806	0.00267	0.00642	0.00888	0.00788	0.01255
24	0.05278	0.02196	0.10461	0.09552	0.43083	0.05738	0.04706	0.02518	0.04233	0.02565	0.01515	0.01927	0.01222	0.00740	0.00772	0.00241	0.00995	0.00685	0.00404	0.01171
25	0.02120	0.72609	0.04155	0.01357	0.02035	0.03138	0.01357	0.02374	0.01611	0.01866	0.01102	0.01272	0.01018	0.00678	0.00509	0.00170	0.00848	0.00424	0.00339	0.01018
26	0.01011	0.00806	0.00905	0.00880	0.01116	0.00701	0.00660	0.01280	0.01981	0.02554	0.31321	0.06954	0.43319	0.01855	0.00936	0.00260	0.00391	0.01579	0.00791	0.00701
27	0.01204	0.01012	0.01552	0.26554	0.05692	0.01110	0.01343	0.01503	0.01568	0.02055	0.03311	0.40367	0.06119	0.01765	0.00919	0.00295	0.00698	0.01593	0.00580	0.00759
28	0.01815	0.01627	0.02143	0.24578	0.10380	0.01893	0.01697	0.03296	0.37545	0.02812	0.02437	0.02570	0.01843	0.00942	0.00800	0.00264	0.00804	0.00812	0.00611	0.01132
29	0.01461	0.01197	0.01598	0.01447	0.01508	0.01525	0.01135	0.01659	0.01297	0.02017	0.01812	0.02885	0.01756	0.15724	0.15181	0.00575	0.31252	0.00820	0.14411	0.00739
30	0.01080	0.00809	0.01002	0.00954	0.01159	0.00730	0.00715	0.01415	0.02146	0.02945	0.53460	0.06310	0.20935	0.01709	0.00936	0.00254	0.00380	0.01488	0.00842	0.00730
31	0.02103	0.69378	0.04077	0.01390	0.02037	0.03105	0.01374	0.02353	0.01593	0.01868	0.01100	0.01293	0.01019	0.00711	0.00604	0.00178	0.04031	0.00436	0.00340	0.01011
32	0.01657	0.01450	0.01814	0.01296	0.02006	0.01110	0.04488	0.02027	0.01657	0.02582	0.01420	0.01672	0.01176	0.00592	0.00607	0.00126	0.00629	0.00496	0.00466	0.72728
33	0.04109	0.00956	0.01495	0.01396	0.01598	0.00905	0.09772	0.01444	0.01726	0.02418	0.17954	0.44170	0.05006	0.01963	0.00964	0.00295	0.00571	0.01811	0.00710	0.00736
34	0.02208	0.01820	0.01926	0.01661	0.02152	0.02082	0.01312	0.17846	0.51736	0.03697	0.02928	0.02720	0.02178	0.01048	0.00804	0.00262	0.00683	0.00855	0.00804	0.01276
35	0.25106	0.05280	0.01873	0.01506	0.01935	0.18344	0.05009	0.08436	0.01903	0.02962	0.01540	0.01792	0.01221	0.00837	0.00710	0.00225	0.03937	0.00582	0.15885	0.00917
36	0.01478	0.00739	0.00739	0.00739	0.00924	0.00739	0.00554	0.01848	0.01663	0.02956	0.02587	0.02956	0.02033	0.00924	0.00554	0.00185	0.00370	0.00739	0.76534	0.00739
37	0.01351	0.01276	0.06941	0.01532	0.04991	0.01020	0.07315	0.01762	0.02033	0.05672	0.37381	0.10436	0.12105	0.01496	0.00914	0.00258	0.00586	0.01345	0.00737	0.00849
38	0.01829	0.01630	0.02687	0.38813	0.29409	0.01819	0.02221	0.05106	0.01796	0.04915	0.01530	0.02068	0.01183	0.00773	0.00790	0.00251	0.00989	0.00709	0.00412	0.01067
39	0.01134	0.00845	0.01251	0.01251	0.01384	0.00978	0.00962	0.01401	0.01267	0.01823	0.02146	0.03235	0.02034	0.09762	0.65245	0.01245	0.02046	0.00867	0.00428	0.00695
40	0.01183	0.00871	0.01233	0.01218	0.01334	0.01008	0.00922	0.01423	0.01276	0.01862	0.02159	0.03359	0.02080	0.15506	0.52196	0.01093	0.04898	0.00882	0.04816	0.00682
41	0.01972	0.01703	0.01793	0.01614	0.02062	0.01972	0.01255	0.04214	0.65752	0.03317	0.03228	0.02959	0.02421	0.01076	0.00807	0.00269	0.00628	0.00897	0.00807	0.01255
42	0.01644	0.01409	0.01644	0.01175	0.01879	0.01057	0.00940	0.01997	0.01644	0.02584	0.01409	0.01644	0.01175	0.00587	0.00587	0.00117	0.00587	0.00470	0.00470	0.76979
43	0.01574	0.01450	0.02379	0.66796	0.05311	0.01797	0.02167	0.05161	0.01693	0.02175	0.01434	0.02104	0.01072	0.00801	0.00793	0.00263	0.01048	0.00705	0.00374	0.00904
44	0.77733	0.01534	0.01166	0.01043	0.01534	0.01779	0.00859	0.02331	0.01350	0.03558	0.01104	0.01288	0.00859	0.00736	0.00491	0.00245	0.00613	0.00429	0.00491	0.00859
45	0.01498	0.01409	0.02378	0.70226	0.05462	0.01762	0.02202	0.02026	0.01586	0.02026	0.01409	0.02114	0.01057	0.00793	0.00793	0.00264	0.01057	0.00705	0.00352	0.00881
46	0.01153	0.00769	0.00865	0.00865	0.00865	0.00769	0.00480	0.01153	0.01153	0.01538	0.02499	0.05189	0.02883	0.72131	0.04036	0.00769	0.00769	0.01153	0.00480	0.00480
47	0.01046	0.00768	0.00981	0.01011	0.01159	0.00703	0.00727	0.01318	0.01942	0.02657	0.38203	0.28830	0.13786	0.01966	0.00962	0.00277	0.00407	0.01746	0.00809	0.00703
48	0.01735	0.01735	0.02429	0.02082	0.02082	0.02429	0.01735	0.01908	0.01214	0.01908	0.01041	0.01735	0.01041	0.01388	0.02602	0.00347	0.70680	0.00694	0.00347	0.00867
49	0.01229	0.00960	0.01132	0.01063	0.01310	0.00940	0.00805	0.01885	0.12923	0.02993	0.44121	0.05766	0.18628	0.01607	0.00914	0.00256	0.00423	0.01391	0.00834	0.00818
50	0.01644	0.01409	0.01644	0.01175	0.01879	0.01057	0.00940	0.01997	0.01644	0.02584	0.01409	0.01644	0.01175	0.00587	0.00587	0.00117	0.00587	0.00470	0.00470	0.76979
51	0.01644	0.01409	0.01644	0.01175	0.01879	0.01057	0.00940	0.01997	0.01644	0.02584	0.01409	0.01644	0.01175	0.00587	0.00587	0.00117	0.00587	0.00470	0.00470	0.76979
52	0.02393	0.01671	0.05620	0.01415	0.02081	0.01389	0.01212	0.13188	0.04652	0.21265	0.02324	0.02288	0.04220	0.00848	0.00714	0.00194	0.00688	0.00677	0.00684	0.32480
53	0.47810	0.01219	0.01013	0.00938	0.01300	0.01368	0.00746	0.02101	0.01441	0.03243	0.01625	0.01915	0.01286	0.00902	0.00643	0.04070	0.00534	0.00548	0.26505	0.00792
54	0.01644	0.01409	0.01644	0.01175	0.01879	0.01057	0.00940	0.01997	0.01644	0.02584	0.01409	0.01644	0.01175	0.00587	0.00587	0.00117	0.00587	0.00470	0.00470	0.76979
55	0.01626	0.01358	0.02061	0.48383	0.04197	0.01646	0.01806	0.07030	0.01758	0.02442	0.01663	0.02246	0.01270	0.00856	0.00821	0.00250	0.03765	0.00712	0.15219	0.00890
56	0.02548	0.01963	0.02088	0.01701	0.02246	0.02204	0.01373	0.38528	0.27986	0.04262	0.02449	0.02357	0.01795	0.00999	0.00790	0.00248	0.00758	0.00787	0.03630	0.01289
57	0.05456	0.69473	0.04023	0.01343	0.02013	0.03078	0.01335	0.02373	0.01600	0.01940	0.01103	0.01273	0.01011	0.00681	0.00508	0.00173	0.00838	0.00424	0.00346	0.01011
58	0.01377	0.00689	0.01033	0.01033	0.01033	0.00689	0.00689	0.01033	0.01033	0.01377	0.01377	0.02410	0.01377	0.02755	0.03099	0.76928	0.00689	0.00689	0.00344	0.00344
59	0.03045	0.23252	0.02569	0.01416	0.02045	0.01845	0.01240	0.05652	0.04200	0.43110	0.02465	0.02241	0.01665	0.00891	0.00709	0.00223	0.00734	0.00683	0.00772	0.01245
60	0.05835	0.02846	0.02091	0.01813	0.02275	0.36630	0.01405	0.19271	0.10060	0.03034	0.01719	0.01823	0.01328	0.00886	0.00727	0.00221	0.01090	0.00620	0.05265	0.01058
61	0.02103	0.67168	0.03956	0.01363	0.02011	0.05189	0.01336	0.02362	0.01660	0.01926	0.04019	0.01484	0.01305	0.00725	0.00534	0.00174	0.00846	0.00472	0.00365	0.01002
62	0.01105	0.00823	0.00966	0.01054	0.03911	0.00776	0.00641	0.01217	0.01464	0.01889	0.07335	0.12339	0.22204	0.37996	0.02529	0.00528	0.00619	0.01409	0.00596	0.00600
63	0.62434	0.01809	0.08018	0.01206	0.01766	0.01785	0.01099	0.06149	0.01547	0.03486	0.01452	0.01609	0.03436	0.00800	0.00553	0.00246	0.00678	0.00511	0.00503	0.00914
64	0.01694	0.02070	0.14561	0.11809	0.12775	0.01629	0.14271	0.02361	0.05329	0.02573	0.04561	0.02192	0.01542	0.00770	0.00771	0.00227	0.00941	0.00732	0.04255	0.14939
65	0.01732	0.01407	0.01653	0.01185	0.01886	0.01062	0.00950	0.02082	0.01673	0.05554	0.01488	0.01692	0.01210	0.00605	0.00597	0.00123	0.00591	0.00485	0.00493	0.73532
66	0.01377	0.00689	0.01033	0.01033	0.01033	0.00689	0.00689	0.01033	0.01033	0.01377	0.01377	0.02410	0.01377	0.02755	0.03099	0.76928	0.00689	0.00689	0.00344	0.00344
67	0.01377	0.00689	0.01033	0.01033	0.01033	0.00689	0.00689	0.01033	0.01033	0.01377	0.01377	0.02410	0.01377	0.02755	0.03099	0.76928	0.00689	0.00689	0.00344	0.00344
68	0.01830	0.01607	0.02577	0.39722	0.23996	0.01817	0.02138	0.05127	0.05745	0.05364	0.01646	0.02137	0.01256	0.00799	0.00792	0.00254	0.00970	0.00722	0.00441	0.01061
69	0.02141	0.66828	0.06400	0.01423	0.02106	0.06222	0.01423	0.02417	0.01644	0.01893	0.01120	0.01294	0.01017	0.00688	0.00528	0.00174	0.00888	0.00434	0.00342	0.01019
70	0.09064	0.01822	0.05105	0.19071	0.05577	0.05867	0.06603	0.11649	0.04087	0.02835	0.01883	0.05755	0.01631	0.00973	0.00779	0.00247	0.00909	0.05550	0.00517	0.10073
71	0.01565	0.01486	0.02446	0.43251	0.04271	0.04211	0.11702	0.02054	0.01646	0.02185	0.01749	0.06223	0.01455	0.01117	0.03883	0.00304	0.01064	0.00833	0.07680	0.00877
72	0.01123	0.00840	0.01254	0.01265	0.01401	0.00971	0.00977	0.01398	0.01288	0.01851	0.02254	0.07063	0.02170	0.05748	0.65071	0.01220	0.02028	0.00931	0.00443	0.00704
73	0.01569	0.03608	0.55921	0.02246	0.03285	0.01762	0.08031	0.02408	0.01688	0.02497	0.03925	0.01962	0.01324	0.01100	0.04994	0.00316	0.01215	0.00664	0.00366	0.01119
74	0.01111	0.00810	0.01044	0.00986	0.01178	0.00743	0.00739	0.01474	0.02218	0.03116	0.63136	0.06029	0.11153	0.01645	0.00935	0.00251	0.00376	0.01449	0.00864	0.00743
75	0.77733	0.01534	0.01166	0.01043	0.01534	0.01779	0.00859	0.02331	0.01350	0.03558	0.01104	0.01288	0.00859	0.00736	0.00491	0.00245	0.00613	0.00429	0.00491	0.00859
76	0.01116	0.00885	0.01288	0.14243	0.04430	0.00911	0.01071	0.01363	0.01617	0.02151	0.09284	0.47522	0.07087	0.02004	0.00953	0.00299	0.00581	0.01809	0.00663	0.00722
77	0.00966	0.00690	0.00920	0.01104	0.01150	0.00644	0.00736	0.01104	0.01518	0.02024	0.04371	0.71614	0.05245	0.02484	0.01012	0.00322	0.00460	0.02254	0.00736	0.00644
78	0.02868	0.02148	0.02297	0.01795	0.02403	0.02391	0.01472	0.56057	0.12451	0.04761	0.02090	0.02052	0.01499	0.00969	0.00795	0.00242	0.00838	0.00740	0.00795	0.01335
79	0.02749	0.01605	0.04990	0.01539	0.02070	0.01524	0.01298	0.07001	0.18365	0.36213	0.07301	0.02836	0.02326	0.01063	0.00919	0.00258	0.05004	0.00846	0.00849	0.01245
80	0.01963	0.01884	0.03219	0.04867	0.67185	0.01884	0.02434	0.02434	0.01806	0.02591	0.01492	0.01963	0.01256	0.00707	0.00785	0.00236	0.00942	0.00707	0.00393	0.01256
81	0.02234	0.01688	0.01833	0.01600	0.02080	0.01898	0.01258	0.07646	0.54093	0.11618	0.03139	0.02865	0.02301	0.01057	0.00805	0.00264	0.00648	0.00873	0.00828	0.01273
82	0.01498	0.01409	0.02378	0.70226	0.05462	0.01762	0.02202	0.02026	0.01586	0.02026	0.01409	0.02114	0.01057	0.00793	0.00793	0.00264	0.01057	0.00705	0.00352	0.00881
83	0.01395	0.00741	0.01103	0.01086	0.01086	0.00776	0.00741	0.01077	0.01042	0.01404	0.01361	0.02377	0.01361	0.02686	0.03074	0.73088	0.04198	0.00689	0.00344	0.00371
84	0.00953	0.00804	0.00826	0.00820	0.01081	0.00676	0.00615	0.01169	0.01845	0.02232	0.13140	0.07483	0.61700	0.01975	0.00937	0.00266	0.00399	0.01653	0.00748	0.00676
85	0.01498	0.01409	0.02378	0.70226	0.05462	0.01762	0.02202	0.02026	0.01586	0.02026	0.01409	0.02114	0.01057	0.00793	0.00793	0.00264	0.01057	0.00705	0.00352	0.00881
86	0.01027	0.00807	0.00928	0.00897	0.01126	0.00708	0.00673	0.01312	0.02019	0.02645	0.36469	0.06805	0.38113	0.01821	0.00936	0.00259	0.00388	0.01558	0.00802	0.00708
87	0.00981	0.00800	0.00867	0.00860	0.01100	0.00686	0.00641	0.01219	0.01896	0.02375	0.21359	0.09865	0.50710	0.01939	0.00940	0.00266	0.00398	0.01642	0.00768	0.00686
88	0.02962	0.03779	0.02247	0.02043	0.02451	0.68948	0.01532	0.03166	0.02247	0.01941	0.01226	0.01430	0.01021	0.00817	0.00715	0.00204	0.01430	0.00511	0.00409	0.00919
89	0.01972	0.01703	0.01793	0.01614	0.02062	0.01972	0.01255	0.04214	0.65752	0.03317	0.03228	0.02959	0.02421	0.01076	0.00807	0.00269	0.00628	0.00897	0.00807	0.01255
90	0.00966	0.00690	0.00920	0.01104	0.01150	0.00644	0.00736	0.01104	0.01518	0.02024	0.04371	0.71614	0.05245	0.02484	0.01012	0.00322	0.00460	0.02254	0.00736	0.00644
91	0.02016	0.01725	0.01818	0.01623	0.02079	0.01993	0.01266	0.06745	0.63149	0.03388	0.03172	0.02914	0.02376	0.01071	0.00806	0.00268	0.00638	0.00889	0.00806	0.01259
92	0.03009	0.02013	0.02228	0.01726	0.02331	0.02171	0.01418	0.51996	0.03396	0.14888	0.02210	0.05163	0.01622	0.01026	0.00804	0.00243	0.00822	0.00797	0.00821	0.01317
93	0.01859	0.02228	0.07541	0.03293	0.04112	0.01998	0.61532	0.02539	0.01863	0.02539	0.01596	0.02118	0.01194	0.00672	0.00928	0.00267	0.01329	0.00920	0.00398	0.01074
94	0.01611	0.03978	0.64394	0.02406	0.07002	0.01844	0.02902	0.02507	0.01682	0.02516	0.01427	0.01690	0.01019	0.00751	0.00755	0.00250	0.01159	0.00593	0.00338	0.01177
95	0.01863	0.02114	0.04540	0.03264	0.04017	0.02032	0.60437	0.02501	0.01831	0.02501	0.01569	0.02114	0.01193	0.00713	0.01039	0.00272	0.05623	0.00921	0.00398	0.01057
96	0.06792	0.01336	0.01983	0.29557	0.08257	0.01479	0.03998	0.04093	0.04584	0.02404	0.02542	0.15160	0.05752	0.01228	0.00831	0.00269	0.00821	0.04091	0.00517	0.04306
97	0.01021	0.00768	0.01113	0.01224	0.01312	0.00719	0.03782	0.01193	0.01547	0.02062	0.04232	0.65893	0.05026	0.02387	0.01012	0.00321	0.00512	0.04488	0.00720	0.00668
98	0.01659	0.03623	0.52582	0.02524	0.03606	0.01882	0.17890	0.02518	0.01722	0.02518	0.01467	0.01788	0.01053	0.00733	0.00798	0.00255	0.01212	0.00671	0.00351	0.01147
99	0.01122	0.00811	0.01060	0.00998	0.01185	0.00748	0.00748	0.01496	0.02245	0.03180	0.66766	0.05923	0.07482	0.01621	0.00935	0.00249	0.00374	0.01434	0.00873	0.00748

[dist]
# distance from previous block
# <min> <max>
0	1

[block]
# block no. 2 follows, 24 sequences, length 45
# corresponding to MSA columns:
# 235-279
name=unknown_C
#
# <colnr> <probs for GDERKNQSTAVLIFYWHMCP>
#	G	D	E	R	K	N	Q	S	T	A	V	L	I	F	Y	W	H	M	C	P
0	0.01478	0.00739	0.00739	0.00739	0.00924	0.00739	0.00554	0.01848	0.01663	0.02956	0.02587	0.02956	0.02033	0.00924	0.00554	0.00185	0.00370	0.00739	0.76534	0.00739
1	0.03014	0.02221	0.02380	0.01825	0.02459	0.02459	0.01507	0.64541	0.03728	0.04998	0.01904	0.01904	0.01349	0.00952	0.00793	0.00238	0.00873	0.00714	0.00793	0.01349
2	0.01619	0.03921	0.63038	0.02212	0.03329	0.01851	0.02804	0.02639	0.06497	0.02572	0.01559	0.01771	0.01111	0.00778	0.00757	0.00252	0.01131	0.00609	0.00370	0.01178
3	0.07321	0.03909	0.62991	0.02169	0.03289	0.01837	0.02774	0.02498	0.01650	0.02590	0.01399	0.01645	0.00994	0.00752	0.00734	0.00251	0.01130	0.00574	0.00347	0.01148
4	0.02095	0.01660	0.01779	0.01570	0.02032	0.01874	0.01230	0.07150	0.54675	0.08195	0.03385	0.03111	0.05455	0.01108	0.00812	0.00266	0.00633	0.00917	0.00816	0.01239
5	0.01002	0.00716	0.00962	0.01146	0.01207	0.00675	0.00799	0.01167	0.01554	0.02065	0.04351	0.64339	0.05166	0.02450	0.01022	0.00327	0.00491	0.09172	0.00735	0.00654
6	0.02288	0.22881	0.20260	0.01832	0.04881	0.11664	0.01770	0.05152	0.01867	0.11994	0.01576	0.01752	0.01205	0.00932	0.00864	0.05990	0.00985	0.00578	0.00465	0.01066
7	0.01609	0.09107	0.60156	0.02134	0.03224	0.01889	0.02712	0.02455	0.01696	0.02493	0.04385	0.01838	0.01302	0.00787	0.00743	0.00245	0.01111	0.00613	0.00360	0.01141
8	0.00937	0.00803	0.00803	0.00803	0.01071	0.00669	0.00602	0.01138	0.01807	0.02142	0.08033	0.07632	0.66863	0.02008	0.00937	0.00268	0.00402	0.01674	0.00736	0.00669
9	0.01007	0.00734	0.00995	0.03831	0.01325	0.00701	0.00796	0.01189	0.01611	0.02167	0.11974	0.60731	0.05356	0.02310	0.00994	0.00311	0.00473	0.02091	0.00738	0.00666
10	0.05637	0.02055	0.08866	0.07964	0.03677	0.01861	0.42489	0.02325	0.01742	0.02472	0.01771	0.08320	0.01516	0.00889	0.00980	0.00274	0.04763	0.00971	0.00424	0.01003
11	0.01498	0.01409	0.02378	0.70226	0.05462	0.01762	0.02202	0.02026	0.01586	0.02026	0.01409	0.02114	0.01057	0.00793	0.00793	0.00264	0.01057	0.00705	0.00352	0.00881
12	0.01133	0.00850	0.01274	0.01274	0.01416	0.00991	0.00991	0.01416	0.01274	0.01841	0.02124	0.03115	0.01982	0.05947	0.68989	0.01274	0.02124	0.00850	0.00425	0.00708
13	0.00966	0.00690	0.00920	0.01104	0.01150	0.00644	0.00736	0.01104	0.01518	0.02024	0.04371	0.71614	0.05245	0.02484	0.01012	0.00322	0.00460	0.02254	0.00736	0.00644
14	0.01642	0.01461	0.02127	0.47183	0.07260	0.04320	0.01835	0.05243	0.01721	0.02300	0.01620	0.02306	0.01288	0.04486	0.00923	0.00271	0.00950	0.00717	0.08932	0.03416
15	0.01166	0.00899	0.01339	0.01320	0.01453	0.01072	0.01033	0.01444	0.01271	0.01845	0.02063	0.03038	0.01930	0.05692	0.65278	0.01223	0.05957	0.00841	0.00420	0.00717
16	0.02962	0.03779	0.02247	0.02043	0.02451	0.68948	0.01532	0.03166	0.02247	0.01941	0.01226	0.01430	0.01021	0.00817	0.00715	0.00204	0.01430	0.00511	0.00409	0.00919
17	0.03051	0.02014	0.02224	0.01712	0.02326	0.02169	0.01412	0.51622	0.03397	0.15837	0.02143	0.02082	0.01481	0.00956	0.00785	0.00237	0.00819	0.00729	0.03679	0.01326
18	0.01735	0.01735	0.02429	0.02082	0.02082	0.02429	0.01735	0.01908	0.01214	0.01908	0.01041	0.01735	0.01041	0.01388	0.02602	0.00347	0.70680	0.00694	0.00347	0.00867
19	0.03558	0.01350	0.01840	0.01411	0.02024	0.01166	0.01166	0.03865	0.02270	0.67734	0.03128	0.02699	0.01963	0.00981	0.00797	0.00245	0.00675	0.00797	0.00981	0.01350
20	0.02369	0.01489	0.01983	0.25196	0.03124	0.05259	0.01533	0.02815	0.04266	0.26170	0.02188	0.02377	0.01540	0.00941	0.00927	0.00253	0.07075	0.00738	0.08705	0.01052
21	0.03014	0.02221	0.02380	0.01825	0.02459	0.02459	0.01507	0.64541	0.03728	0.04998	0.01904	0.01904	0.01349	0.00952	0.00793	0.00238	0.00873	0.00714	0.00793	0.01349
22	0.01133	0.00850	0.01274	0.01274	0.01416	0.00991	0.00991	0.01416	0.01274	0.01841	0.02124	0.03115	0.01982	0.05947	0.68989	0.01274	0.02124	0.00850	0.00425	0.00708
23	0.01972	0.01703	0.01793	0.01614	0.02062	0.01972	0.01255	0.04214	0.65752	0.03317	0.03228	0.02959	0.02421	0.01076	0.00807	0.00269	0.00628	0.00897	0.00807	0.01255
24	0.01377	0.00689	0.01033	0.01033	0.01033	0.00689	0.00689	0.01033	0.01033	0.01377	0.01377	0.02410	0.01377	0.02755	0.03099	0.76928	0.00689	0.00689	0.00344	0.00344
25	0.01963	0.01884	0.03219	0.04867	0.67185	0.01884	0.02434	0.02434	0.01806	0.02591	0.01492	0.01963	0.01256	0.00707	0.00785	0.00236	0.00942	0.00707	0.00393	0.01256
26	0.01475	0.01339	0.01856	0.01665	0.01697	0.01767	0.01324	0.01641	0.01233	0.01840	0.01676	0.06189	0.01754	0.13879	0.16647	0.00608	0.41365	0.00882	0.00405	0.00760
27	0.14205	0.18861	0.05645	0.01701	0.02219	0.29709	0.01446	0.05957	0.01956	0.05743	0.01311	0.01490	0.01061	0.00817	0.00749	0.00217	0.04963	0.00517	0.00448	0.00986
28	0.65106	0.01532	0.01288	0.01129	0.01596	0.01771	0.00929	0.04707	0.01486	0.06443	0.01277	0.01457	0.00979	0.00794	0.00621	0.00248	0.04014	0.00481	0.03248	0.00896
29	0.04610	0.01165	0.03948	0.06369	0.01816	0.01046	0.01044	0.02218	0.04756	0.17842	0.30293	0.07663	0.07741	0.04740	0.01015	0.00280	0.00570	0.01177	0.00789	0.00918
30	0.02192	0.01988	0.01708	0.01575	0.04296	0.20725	0.01167	0.11601	0.04467	0.08692	0.13499	0.03696	0.15228	0.01224	0.00811	0.00235	0.00814	0.00974	0.04148	0.00961
31	0.00966	0.00690	0.00920	0.01104	0.01150	0.00644	0.00736	0.01104	0.01518	0.02024	0.04371	0.71614	0.05245	0.02484	0.01012	0.00322	0.00460	0.02254	0.00736	0.00644
32	0.02120	0.72609	0.04155	0.01357	0.02035	0.03138	0.01357	0.02374	0.01611	0.01866	0.01102	0.01272	0.01018	0.00678	0.00509	0.00170	0.00848	0.00424	0.00339	0.01018
33	0.01265	0.00909	0.01260	0.01436	0.01621	0.00904	0.01252	0.01624	0.01825	0.02364	0.04344	0.08895	0.06923	0.02184	0.01089	0.00361	0.00718	0.59569	0.00730	0.00728
34	0.08691	0.02200	0.02406	0.05490	0.05072	0.07313	0.05027	0.43023	0.06148	0.04190	0.01796	0.01897	0.01310	0.00897	0.00772	0.00240	0.00920	0.00697	0.00681	0.01230
35	0.01808	0.01658	0.04555	0.17571	0.40096	0.01656	0.02112	0.02220	0.01706	0.04817	0.01741	0.04921	0.01523	0.01015	0.00981	0.06022	0.00917	0.03186	0.00427	0.01068
36	0.02012	0.01786	0.01811	0.01631	0.02078	0.04646	0.01266	0.04172	0.63217	0.03262	0.03148	0.02898	0.02365	0.01066	0.00803	0.00266	0.00660	0.00881	0.00791	0.01242
37	0.00966	0.00690	0.00920	0.01104	0.01150	0.00644	0.00736	0.01104	0.01518	0.02024	0.04371	0.71614	0.05245	0.02484	0.01012	0.00322	0.00460	0.02254	0.00736	0.00644
38	0.11352	0.08525	0.12967	0.04353	0.02482	0.02169	0.01621	0.33715	0.02669	0.03831	0.01761	0.02063	0.01349	0.00909	0.00726	0.00238	0.00866	0.02949	0.04295	0.01161
39	0.01816	0.12405	0.51328	0.02152	0.03184	0.05737	0.05222	0.02581	0.01728	0.04742	0.01441	0.01667	0.01050	0.00752	0.00730	0.00239	0.01135	0.00584	0.00366	0.01141
40	0.02962	0.03779	0.02247	0.02043	0.02451	0.68948	0.01532	0.03166	0.02247	0.01941	0.01226	0.01430	0.01021	0.00817	0.00715	0.00204	0.01430	0.00511	0.00409	0.00919
41	0.52633	0.07042	0.01675	0.01322	0.01795	0.14391	0.01079	0.04626	0.01611	0.03117	0.01152	0.01354	0.00925	0.00782	0.00635	0.00236	0.03792	0.00465	0.00469	0.00899
42	0.01033	0.00801	0.00940	0.00917	0.01133	0.00708	0.00683	0.01318	0.02015	0.02663	0.37666	0.10058	0.33541	0.01836	0.00940	0.00261	0.00391	0.01582	0.00806	0.00708
43	0.01583	0.01283	0.01555	0.04741	0.01904	0.01116	0.01001	0.02021	0.05313	0.05198	0.09771	0.05461	0.08449	0.00998	0.00788	0.00185	0.03369	0.00820	0.00580	0.43865
44	0.02117	0.63350	0.09578	0.01457	0.02176	0.02994	0.01500	0.05347	0.01718	0.02070	0.01168	0.01337	0.01032	0.00698	0.00543	0.00180	0.00877	0.00452	0.00360	0.01047

[dist]
# distance from previous block
# <min> <max>
1	6

[block]
# block no. 3 follows, 24 sequences, length 26
# corresponding to MSA columns:
# 286-311
name=unknown_D
#
# <colnr> <probs for GDERKNQSTAVLIFYWHMCP>
#	G	D	E	R	K	N	Q	S	T	A	V	L	I	F	Y	W	H	M	C	P
0	0.08085	0.10500	0.20463	0.03983	0.02730	0.01801	0.14543	0.02214	0.01633	0.04416	0.01939	0.10556	0.01803	0.04361	0.01045	0.00287	0.04935	0.03277	0.00454	0.00974
1	0.01688	0.14328	0.55372	0.02245	0.06193	0.02039	0.02670	0.02487	0.01671	0.02418	0.01378	0.01627	0.01018	0.00740	0.00718	0.00238	0.01112	0.00567	0.00338	0.01153
2	0.01036	0.00719	0.00900	0.01015	0.01044	0.00690	0.00641	0.01122	0.01383	0.01844	0.03676	0.46955	0.04368	0.28340	0.02135	0.00488	0.00575	0.01846	0.00641	0.00583
3	0.01507	0.12319	0.21072	0.01850	0.02452	0.01682	0.10290	0.02019	0.01518	0.02130	0.01706	0.02306	0.01459	0.02989	0.30410	0.00686	0.01562	0.00725	0.00384	0.00934
4	0.01864	0.02324	0.15604	0.07838	0.08804	0.05026	0.23053	0.06324	0.01865	0.02625	0.01616	0.02048	0.01243	0.00810	0.00946	0.00253	0.06655	0.00755	0.09301	0.01047
5	0.13716	0.00980	0.01065	0.01105	0.01303	0.01022	0.00800	0.05601	0.04693	0.02673	0.03342	0.41476	0.03634	0.01785	0.00830	0.00280	0.00505	0.01552	0.12868	0.00768
6	0.11276	0.01541	0.02229	0.49204	0.04402	0.01888	0.01922	0.09362	0.01783	0.02558	0.01405	0.01962	0.01065	0.00842	0.00870	0.00264	0.05404	0.00670	0.00421	0.00932
7	0.01154	0.00852	0.01126	0.01218	0.01393	0.00784	0.00931	0.01403	0.01676	0.02273	0.07935	0.39505	0.04697	0.02115	0.00984	0.00307	0.00555	0.20783	0.00712	0.09597
8	0.02088	0.68395	0.08083	0.01412	0.02121	0.03058	0.01454	0.02383	0.01615	0.01905	0.01122	0.01297	0.01017	0.00683	0.00524	0.00175	0.00868	0.00434	0.00339	0.01027
9	0.01552	0.01339	0.02092	0.38239	0.03759	0.01509	0.05609	0.02012	0.01606	0.02319	0.01639	0.02199	0.01280	0.00817	0.00829	0.00232	0.04882	0.00693	0.15827	0.11567
10	0.02134	0.64586	0.07978	0.01450	0.02144	0.06700	0.01463	0.02427	0.01650	0.01910	0.01129	0.01306	0.01017	0.00691	0.00535	0.00177	0.00900	0.00439	0.00343	0.01022
11	0.01365	0.00894	0.01212	0.05444	0.01587	0.00898	0.00934	0.01643	0.04239	0.09466	0.06418	0.51480	0.04435	0.02078	0.01024	0.00306	0.03220	0.01848	0.00733	0.00775
12	0.01184	0.00833	0.01000	0.00980	0.00996	0.00889	0.00609	0.01226	0.01170	0.01592	0.02373	0.04761	0.02677	0.60751	0.11121	0.00800	0.04947	0.01093	0.00467	0.00528
13	0.01924	0.01554	0.01651	0.01429	0.01862	0.01696	0.01126	0.18320	0.30534	0.03444	0.08456	0.04024	0.17985	0.01307	0.00844	0.00260	0.00617	0.01075	0.00791	0.01103
14	0.01666	0.01774	0.08873	0.01543	0.02308	0.01251	0.08646	0.02114	0.01674	0.02571	0.01434	0.01706	0.01160	0.00614	0.00646	0.00149	0.00737	0.00537	0.00448	0.60149
15	0.03271	0.01809	0.02125	0.01629	0.02254	0.01847	0.01346	0.35852	0.03039	0.34660	0.02483	0.02280	0.01639	0.00966	0.00795	0.00241	0.00779	0.00753	0.00882	0.01349
16	0.00961	0.00795	0.00842	0.00849	0.01090	0.00677	0.00630	0.01177	0.01835	0.02252	0.14510	0.12458	0.55186	0.02001	0.00943	0.00270	0.00403	0.01692	0.00752	0.00677
17	0.01260	0.00802	0.01067	0.01072	0.01229	0.00772	0.04561	0.01539	0.01607	0.02490	0.03370	0.35368	0.03500	0.01646	0.00794	0.00255	0.00472	0.01468	0.36013	0.00715
18	0.00966	0.00690	0.00920	0.01104	0.01150	0.00644	0.00736	0.01104	0.01518	0.02024	0.04371	0.71614	0.05245	0.02484	0.01012	0.00322	0.00460	0.02254	0.00736	0.00644
19	0.01356	0.01178	0.01702	0.01574	0.01663	0.01524	0.01267	0.01599	0.01252	0.01866	0.01723	0.02604	0.01633	0.04257	0.44379	0.00931	0.27538	0.00792	0.00396	0.00767
20	0.01152	0.00773	0.00884	0.00884	0.00891	0.00779	0.00504	0.01165	0.01159	0.01552	0.02481	0.05092	0.02841	0.69038	0.07072	0.00792	0.00832	0.01139	0.00478	0.00491
21	0.02962	0.03779	0.02247	0.02043	0.02451	0.68948	0.01532	0.03166	0.02247	0.01941	0.01226	0.01430	0.01021	0.00817	0.00715	0.00204	0.01430	0.00511	0.00409	0.00919
22	0.02120	0.72609	0.04155	0.01357	0.02035	0.03138	0.01357	0.02374	0.01611	0.01866	0.01102	0.01272	0.01018	0.00678	0.00509	0.00170	0.00848	0.00424	0.00339	0.01018
23	0.02120	0.72609	0.04155	0.01357	0.02035	0.03138	0.01357	0.02374	0.01611	0.01866	0.01102	0.01272	0.01018	0.00678	0.00509	0.00170	0.00848	0.00424	0.00339	0.01018
24	0.00966	0.00690	0.00920	0.01104	0.01150	0.00644	0.00736	0.01104	0.01518	0.02024	0.04371	0.71614	0.05245	0.02484	0.01012	0.00322	0.00460	0.02254	0.00736	0.00644
25	0.01972	0.01703	0.01793	0.01614	0.02062	0.01972	0.01255	0.04214	0.65752	0.03317	0.03228	0.02959	0.02421	0.01076	0.00807	0.00269	0.00628	0.00897	0.00807	0.01255

[dist]
# distance from previous block
# <min> <max>
0	2

# created by:
# /st0/software/busco_prod/Augustus/scripts/msa2prfl.pl ./align_prep/104332.fa
