[name]
unknown

[dist]
# distance from previous block
# <min> <max>
0	25

[block]
# block no. 0 follows, 24 sequences, length 38
# corresponding to MSA columns:
# 25-62
name=unknown_A
#
# <colnr> <probs for GDERKNQSTAVLIFYWHMCP>
#	G	D	E	R	K	N	Q	S	T	A	V	L	I	F	Y	W	H	M	C	P
0	0.01403	0.08480	0.07803	0.06509	0.02107	0.03781	0.04939	0.01765	0.01746	0.02289	0.09511	0.22088	0.06410	0.01627	0.00899	0.00281	0.00742	0.13684	0.00604	0.03329
1	0.02299	0.06868	0.15417	0.01893	0.05338	0.09432	0.01686	0.21966	0.05340	0.05285	0.01802	0.04936	0.01437	0.00891	0.00739	0.00220	0.00918	0.00692	0.00569	0.12272
2	0.24044	0.15423	0.08369	0.04757	0.05522	0.04487	0.01404	0.09398	0.04178	0.05889	0.05430	0.01916	0.01521	0.00907	0.00739	0.03082	0.00799	0.00609	0.00518	0.01008
3	0.02035	0.01395	0.01568	0.01349	0.01753	0.03903	0.01047	0.12086	0.10569	0.14147	0.14760	0.15783	0.05561	0.01367	0.00842	0.00248	0.00616	0.01163	0.00780	0.09027
4	0.02399	0.01855	0.02045	0.01603	0.02171	0.01957	0.01301	0.37722	0.08148	0.03950	0.02204	0.05248	0.03984	0.01007	0.00840	0.00223	0.03706	0.00778	0.00699	0.18161
5	0.15734	0.01473	0.01578	0.01354	0.01735	0.01591	0.01055	0.19452	0.04574	0.03203	0.02486	0.15434	0.05024	0.07765	0.01184	0.00301	0.05399	0.01014	0.00632	0.09012
6	0.01598	0.01366	0.05590	0.01300	0.01825	0.01027	0.03850	0.01966	0.01820	0.08191	0.15282	0.11864	0.05399	0.01138	0.00768	0.00202	0.00598	0.00993	0.00627	0.34598
7	0.01986	0.01428	0.01498	0.01290	0.01672	0.08480	0.00997	0.08265	0.02211	0.14764	0.22971	0.11832	0.07768	0.01355	0.00840	0.00237	0.00630	0.01145	0.00762	0.09869
8	0.05235	0.01169	0.01382	0.01234	0.01556	0.01166	0.00944	0.11324	0.06064	0.13893	0.20242	0.18368	0.08231	0.04286	0.01000	0.00285	0.00560	0.01321	0.00805	0.00936
9	0.77733	0.01534	0.01166	0.01043	0.01534	0.01779	0.00859	0.02331	0.01350	0.03558	0.01104	0.01288	0.00859	0.00736	0.00491	0.00245	0.00613	0.00429	0.00491	0.00859
10	0.01004	0.00800	0.00900	0.00888	0.01115	0.00696	0.00661	0.01263	0.01947	0.02504	0.28654	0.10335	0.42637	0.01896	0.00940	0.00264	0.00395	0.01619	0.00785	0.00696
11	0.22626	0.01084	0.01147	0.01068	0.01353	0.01116	0.00798	0.01970	0.04492	0.10352	0.11931	0.12299	0.08800	0.10557	0.01357	0.05938	0.00574	0.01092	0.00658	0.00788
12	0.00956	0.00793	0.00836	0.00850	0.01088	0.00673	0.00628	0.01164	0.01815	0.02217	0.12554	0.13912	0.55735	0.02024	0.00945	0.00272	0.00405	0.01712	0.00748	0.00673
13	0.03415	0.01381	0.01836	0.01429	0.02028	0.01238	0.01174	0.03896	0.07993	0.61927	0.03137	0.02722	0.02004	0.00990	0.00798	0.00247	0.00671	0.00806	0.00966	0.01341
14	0.01092	0.00809	0.01018	0.00966	0.01166	0.00735	0.00724	0.01438	0.02173	0.03010	0.57131	0.06204	0.17224	0.01685	0.00936	0.00252	0.00379	0.01473	0.00851	0.00735
15	0.01098	0.00842	0.01011	0.00985	0.01194	0.00778	0.00732	0.01494	0.05277	0.02778	0.40714	0.12797	0.23795	0.01789	0.00937	0.00263	0.00403	0.01556	0.00817	0.00741
16	0.03014	0.02221	0.02380	0.01825	0.02459	0.02459	0.01507	0.64541	0.03728	0.04998	0.01904	0.01904	0.01349	0.00952	0.00793	0.00238	0.00873	0.00714	0.00793	0.01349
17	0.03014	0.02221	0.02380	0.01825	0.02459	0.02459	0.01507	0.64541	0.03728	0.04998	0.01904	0.01904	0.01349	0.00952	0.00793	0.00238	0.00873	0.00714	0.00793	0.01349
18	0.01430	0.00975	0.01079	0.01078	0.01110	0.00930	0.00632	0.01361	0.01357	0.01840	0.02840	0.09696	0.03216	0.64531	0.03803	0.00765	0.00834	0.01286	0.00588	0.00647
19	0.00971	0.00802	0.00834	0.00828	0.01069	0.00684	0.00609	0.01176	0.01808	0.02208	0.13712	0.07290	0.56416	0.06711	0.01147	0.00300	0.00424	0.01614	0.00733	0.00665
20	0.02962	0.03779	0.02247	0.02043	0.02451	0.68948	0.01532	0.03166	0.02247	0.01941	0.01226	0.01430	0.01021	0.00817	0.00715	0.00204	0.01430	0.00511	0.00409	0.00919
21	0.77733	0.01534	0.01166	0.01043	0.01534	0.01779	0.00859	0.02331	0.01350	0.03558	0.01104	0.01288	0.00859	0.00736	0.00491	0.00245	0.00613	0.00429	0.00491	0.00859
22	0.02921	0.02131	0.02280	0.01759	0.02366	0.02355	0.01449	0.60731	0.03603	0.04874	0.01945	0.01968	0.01390	0.00950	0.00779	0.00235	0.00842	0.00715	0.05395	0.01312
23	0.01972	0.01703	0.01793	0.01614	0.02062	0.01972	0.01255	0.04214	0.65752	0.03317	0.03228	0.02959	0.02421	0.01076	0.00807	0.00269	0.00628	0.00897	0.00807	0.01255
24	0.01153	0.00769	0.00865	0.00865	0.00865	0.00769	0.00480	0.01153	0.01153	0.01538	0.02499	0.05189	0.02883	0.72131	0.04036	0.00769	0.00769	0.01153	0.00480	0.00480
25	0.01240	0.00837	0.01098	0.01018	0.01225	0.00768	0.00768	0.01611	0.02246	0.06310	0.63680	0.05767	0.07215	0.01590	0.00929	0.00249	0.00389	0.01403	0.00878	0.00777
26	0.00966	0.00690	0.00920	0.01104	0.01150	0.00644	0.00736	0.01104	0.01518	0.02024	0.04371	0.71614	0.05245	0.02484	0.01012	0.00322	0.00460	0.02254	0.00736	0.00644
27	0.01872	0.02139	0.04679	0.03342	0.04144	0.02005	0.64305	0.02540	0.01872	0.02540	0.01604	0.02139	0.01203	0.00668	0.00936	0.00267	0.01337	0.00936	0.00401	0.01070
28	0.01907	0.01827	0.03118	0.12667	0.59819	0.01870	0.02406	0.02385	0.01779	0.02523	0.01482	0.01981	0.01232	0.00717	0.00786	0.00239	0.00956	0.00706	0.00388	0.01211
29	0.01963	0.01884	0.03219	0.04867	0.67185	0.01884	0.02434	0.02434	0.01806	0.02591	0.01492	0.01963	0.01256	0.00707	0.00785	0.00236	0.00942	0.00707	0.00393	0.01256
30	0.77733	0.01534	0.01166	0.01043	0.01534	0.01779	0.00859	0.02331	0.01350	0.03558	0.01104	0.01288	0.00859	0.00736	0.00491	0.00245	0.00613	0.00429	0.00491	0.00859
31	0.00959	0.00810	0.00834	0.00846	0.01108	0.00685	0.00646	0.01171	0.01809	0.02157	0.07786	0.07716	0.62839	0.02020	0.00947	0.00274	0.00423	0.05560	0.00736	0.00673
32	0.00965	0.00696	0.00914	0.01089	0.01146	0.00645	0.00729	0.01106	0.01533	0.02030	0.04557	0.68362	0.08377	0.02460	0.01008	0.00319	0.00457	0.02225	0.00736	0.00645
33	0.01498	0.01409	0.02378	0.70226	0.05462	0.01762	0.02202	0.02026	0.01586	0.02026	0.01409	0.02114	0.01057	0.00793	0.00793	0.00264	0.01057	0.00705	0.00352	0.00881
34	0.03090	0.01833	0.02090	0.01614	0.02211	0.01915	0.01330	0.40228	0.03106	0.25614	0.02355	0.02238	0.01598	0.00960	0.00778	0.00237	0.00773	0.00743	0.05978	0.01308
35	0.01541	0.01494	0.02646	0.62447	0.05308	0.01790	0.09425	0.02086	0.01619	0.02086	0.01432	0.02117	0.01074	0.00778	0.00809	0.00265	0.01090	0.00732	0.00358	0.00903
36	0.05141	0.21340	0.12034	0.09559	0.19912	0.05324	0.08192	0.02404	0.01694	0.02303	0.01331	0.01707	0.01095	0.00747	0.00788	0.00230	0.04139	0.00615	0.00370	0.01074
37	0.01932	0.01642	0.02500	0.38754	0.18271	0.01872	0.02048	0.10898	0.06297	0.05575	0.01695	0.02135	0.01273	0.00823	0.00792	0.00254	0.00960	0.00723	0.00480	0.01074

[dist]
# distance from previous block
# <min> <max>
1	13

[block]
# block no. 1 follows, 24 sequences, length 85
# corresponding to MSA columns:
# 76-160
name=unknown_B
#
# <colnr> <probs for GDERKNQSTAVLIFYWHMCP>
#	G	D	E	R	K	N	Q	S	T	A	V	L	I	F	Y	W	H	M	C	P
0	0.41753	0.01355	0.01389	0.14410	0.02226	0.01560	0.01102	0.02226	0.05317	0.03148	0.10796	0.02337	0.02026	0.00908	0.00636	0.00246	0.00647	0.00677	0.06380	0.00861
1	0.02850	0.02140	0.02287	0.01791	0.02397	0.02383	0.01468	0.55046	0.13490	0.04733	0.02112	0.02070	0.01517	0.00971	0.00795	0.00243	0.00834	0.00743	0.00795	0.01334
2	0.01133	0.00850	0.01274	0.01274	0.01416	0.00991	0.00991	0.01416	0.01274	0.01841	0.02124	0.03115	0.01982	0.05947	0.68989	0.01274	0.02124	0.00850	0.00425	0.00708
3	0.00976	0.00694	0.00917	0.01092	0.01135	0.00651	0.00723	0.01107	0.01499	0.01999	0.04272	0.68118	0.05120	0.06150	0.01171	0.00346	0.00476	0.02196	0.00723	0.00635
4	0.02132	0.01622	0.02004	0.16360	0.05680	0.01832	0.01498	0.09113	0.33912	0.10557	0.02606	0.02607	0.01913	0.00971	0.00792	0.00258	0.00752	0.00813	0.03404	0.01176
5	0.02089	0.68599	0.07893	0.01410	0.02117	0.03062	0.01449	0.02382	0.01615	0.01903	0.01121	0.01296	0.01017	0.00683	0.00523	0.00174	0.00867	0.00433	0.00339	0.01027
6	0.14065	0.00948	0.01049	0.00980	0.01241	0.00958	0.00754	0.01902	0.01839	0.08038	0.25555	0.06451	0.03921	0.01504	0.04723	0.00292	0.00541	0.01009	0.23425	0.00804
7	0.01113	0.00810	0.01046	0.00987	0.01179	0.00744	0.00741	0.01478	0.02222	0.03125	0.63675	0.06013	0.10607	0.01642	0.00935	0.00250	0.00376	0.01447	0.00866	0.00744
8	0.01377	0.00689	0.01033	0.01033	0.01033	0.00689	0.00689	0.01033	0.01033	0.01377	0.01377	0.02410	0.01377	0.02755	0.03099	0.76928	0.00689	0.00689	0.00344	0.00344
9	0.01385	0.00693	0.01010	0.01010	0.01025	0.00693	0.00678	0.01096	0.01081	0.01499	0.01470	0.02452	0.01428	0.02614	0.02904	0.71032	0.00664	0.00693	0.06198	0.00375
10	0.09314	0.02013	0.01986	0.01595	0.02124	0.06543	0.01294	0.42482	0.06128	0.04274	0.01957	0.02030	0.01440	0.00926	0.00726	0.00230	0.00798	0.00688	0.12274	0.01179
11	0.77733	0.01534	0.01166	0.01043	0.01534	0.01779	0.00859	0.02331	0.01350	0.03558	0.01104	0.01288	0.00859	0.00736	0.00491	0.00245	0.00613	0.00429	0.00491	0.00859
12	0.01972	0.01703	0.01793	0.01614	0.02062	0.01972	0.01255	0.04214	0.65752	0.03317	0.03228	0.02959	0.02421	0.01076	0.00807	0.00269	0.00628	0.00897	0.00807	0.01255
13	0.01014	0.00726	0.00968	0.01111	0.01190	0.00680	0.00775	0.01207	0.01662	0.02244	0.14918	0.56201	0.05577	0.02318	0.01005	0.00313	0.00464	0.06201	0.00759	0.00668
14	0.02706	0.01361	0.01599	0.01285	0.01757	0.01347	0.01042	0.18573	0.02432	0.29571	0.02632	0.02586	0.01831	0.00954	0.00713	0.00223	0.00620	0.00756	0.26872	0.01140
15	0.01308	0.00947	0.01300	0.01467	0.01661	0.00958	0.01277	0.01754	0.04584	0.02414	0.04157	0.08687	0.04471	0.02142	0.01083	0.00361	0.00726	0.59218	0.00734	0.00753
16	0.00973	0.00805	0.00853	0.00841	0.01093	0.00685	0.00630	0.01207	0.01891	0.02341	0.19292	0.07304	0.55480	0.01934	0.00937	0.00264	0.00396	0.01628	0.00763	0.00685
17	0.01078	0.00838	0.00983	0.00941	0.01169	0.00759	0.00708	0.01447	0.04235	0.02773	0.41286	0.06500	0.30882	0.01756	0.00932	0.00257	0.00394	0.01511	0.00816	0.00734
18	0.77733	0.01534	0.01166	0.01043	0.01534	0.01779	0.00859	0.02331	0.01350	0.03558	0.01104	0.01288	0.00859	0.00736	0.00491	0.00245	0.00613	0.00429	0.00491	0.00859
19	0.01872	0.02139	0.04679	0.03342	0.04144	0.02005	0.64305	0.02540	0.01872	0.02540	0.01604	0.02139	0.01203	0.00668	0.00936	0.00267	0.01337	0.00936	0.00401	0.01070
20	0.00991	0.00809	0.00878	0.00871	0.01118	0.00696	0.00660	0.01236	0.01904	0.02378	0.20740	0.07308	0.51470	0.01931	0.00943	0.00267	0.00408	0.03937	0.00766	0.00689
21	0.77733	0.01534	0.01166	0.01043	0.01534	0.01779	0.00859	0.02331	0.01350	0.03558	0.01104	0.01288	0.00859	0.00736	0.00491	0.00245	0.00613	0.00429	0.00491	0.00859
22	0.02962	0.03779	0.02247	0.02043	0.02451	0.68948	0.01532	0.03166	0.02247	0.01941	0.01226	0.01430	0.01021	0.00817	0.00715	0.00204	0.01430	0.00511	0.00409	0.00919
23	0.01313	0.00807	0.00930	0.00901	0.00942	0.00795	0.00526	0.01334	0.01228	0.05948	0.02541	0.05023	0.02822	0.67391	0.03820	0.00734	0.00763	0.01129	0.00514	0.00538
24	0.00982	0.00708	0.00931	0.01081	0.01151	0.00657	0.00732	0.01149	0.01609	0.02156	0.11365	0.61866	0.07934	0.02371	0.01001	0.00312	0.00448	0.02141	0.00751	0.00657
25	0.03558	0.01350	0.01840	0.01411	0.02024	0.01166	0.01166	0.03865	0.02270	0.67734	0.03128	0.02699	0.01963	0.00981	0.00797	0.00245	0.00675	0.00797	0.00981	0.01350
26	0.01188	0.00931	0.01381	0.01349	0.01478	0.01124	0.01060	0.01461	0.01269	0.01847	0.02024	0.02988	0.01896	0.05526	0.62860	0.01189	0.08454	0.00835	0.00418	0.00723
27	0.02966	0.03676	0.02256	0.02028	0.02452	0.64518	0.01531	0.07256	0.02346	0.02144	0.01271	0.01462	0.01043	0.00826	0.00720	0.00207	0.01393	0.00524	0.00434	0.00948
28	0.02097	0.01017	0.01369	0.01214	0.01551	0.00912	0.00951	0.02405	0.02108	0.29175	0.26540	0.15546	0.04679	0.01540	0.00902	0.00267	0.00534	0.05334	0.00885	0.00974
29	0.03558	0.01350	0.01840	0.01411	0.02024	0.01166	0.01166	0.03865	0.02270	0.67734	0.03128	0.02699	0.01963	0.00981	0.00797	0.00245	0.00675	0.00797	0.00981	0.01350
30	0.01644	0.01409	0.01644	0.01175	0.01879	0.01057	0.00940	0.01997	0.01644	0.02584	0.01409	0.01644	0.01175	0.00587	0.00587	0.00117	0.00587	0.00470	0.00470	0.76979
31	0.03462	0.01328	0.01809	0.01395	0.01991	0.01149	0.01149	0.03771	0.02269	0.65185	0.05642	0.02826	0.02181	0.01007	0.00803	0.00246	0.00663	0.00823	0.00977	0.01326
32	0.01358	0.00863	0.01135	0.01038	0.01266	0.00789	0.00789	0.01725	0.02247	0.09413	0.60622	0.05612	0.06949	0.01559	0.00922	0.00249	0.00403	0.01373	0.00883	0.00806
33	0.01069	0.00834	0.00981	0.01026	0.01214	0.00776	0.00752	0.01427	0.06060	0.02396	0.17761	0.27747	0.27912	0.02034	0.00960	0.00287	0.00447	0.04830	0.00767	0.00719
34	0.01122	0.00811	0.01060	0.00998	0.01185	0.00748	0.00748	0.01496	0.02245	0.03180	0.66766	0.05923	0.07482	0.01621	0.00935	0.00249	0.00374	0.01434	0.00873	0.00748
35	0.02126	0.01669	0.01798	0.01594	0.02058	0.01894	0.01246	0.04180	0.59583	0.09577	0.03218	0.02933	0.02376	0.01067	0.00806	0.00267	0.00632	0.00887	0.00824	0.01264
36	0.01644	0.01409	0.01644	0.01175	0.01879	0.01057	0.00940	0.01997	0.01644	0.02584	0.01409	0.01644	0.01175	0.00587	0.00587	0.00117	0.00587	0.00470	0.00470	0.76979
37	0.00966	0.00690	0.00920	0.01104	0.01150	0.00644	0.00736	0.01104	0.01518	0.02024	0.04371	0.71614	0.05245	0.02484	0.01012	0.00322	0.00460	0.02254	0.00736	0.00644
38	0.77733	0.01534	0.01166	0.01043	0.01534	0.01779	0.00859	0.02331	0.01350	0.03558	0.01104	0.01288	0.00859	0.00736	0.00491	0.00245	0.00613	0.00429	0.00491	0.00859
39	0.03439	0.01323	0.01802	0.01391	0.01983	0.01145	0.01145	0.03749	0.02268	0.64588	0.06229	0.02856	0.02232	0.01013	0.00804	0.00246	0.00660	0.00828	0.00976	0.01320
40	0.00980	0.00701	0.00932	0.01095	0.01153	0.00653	0.00737	0.01139	0.01582	0.02126	0.09849	0.65846	0.05441	0.02409	0.01005	0.00316	0.00453	0.02182	0.00748	0.00653
41	0.77733	0.01534	0.01166	0.01043	0.01534	0.01779	0.00859	0.02331	0.01350	0.03558	0.01104	0.01288	0.00859	0.00736	0.00491	0.00245	0.00613	0.00429	0.00491	0.00859
42	0.01122	0.00811	0.01060	0.00998	0.01185	0.00748	0.00748	0.01496	0.02245	0.03180	0.66766	0.05923	0.07482	0.01621	0.00935	0.00249	0.00374	0.01434	0.00873	0.00748
43	0.01006	0.00732	0.00963	0.01108	0.01193	0.00668	0.00748	0.01156	0.01526	0.02057	0.04197	0.67519	0.05007	0.02373	0.00987	0.00310	0.00468	0.02150	0.00721	0.05112
44	0.01153	0.00769	0.00865	0.00865	0.00865	0.00769	0.00480	0.01153	0.01153	0.01538	0.02499	0.05189	0.02883	0.72131	0.04036	0.00769	0.00769	0.01153	0.00480	0.00480
45	0.77733	0.01534	0.01166	0.01043	0.01534	0.01779	0.00859	0.02331	0.01350	0.03558	0.01104	0.01288	0.00859	0.00736	0.00491	0.00245	0.00613	0.00429	0.00491	0.00859
46	0.03509	0.01429	0.01889	0.01448	0.02064	0.01283	0.01196	0.09362	0.02402	0.62049	0.03017	0.02627	0.01907	0.00979	0.00797	0.00245	0.00693	0.00790	0.00964	0.01349
47	0.01126	0.00830	0.01059	0.01032	0.01212	0.00781	0.00762	0.01537	0.04852	0.02959	0.51683	0.16167	0.09502	0.01750	0.00942	0.00262	0.00400	0.01550	0.00843	0.00750
48	0.00966	0.00690	0.00920	0.01104	0.01150	0.00644	0.00736	0.01104	0.01518	0.02024	0.04371	0.71614	0.05245	0.02484	0.01012	0.00322	0.00460	0.02254	0.00736	0.00644
49	0.03558	0.01350	0.01840	0.01411	0.02024	0.01166	0.01166	0.03865	0.02270	0.67734	0.03128	0.02699	0.01963	0.00981	0.00797	0.00245	0.00675	0.00797	0.00981	0.01350
50	0.03051	0.02163	0.02344	0.01797	0.02430	0.02373	0.01484	0.60498	0.03631	0.09177	0.01985	0.01957	0.01389	0.00954	0.00794	0.00238	0.00859	0.00720	0.00806	0.01349
51	0.01354	0.00767	0.01151	0.01110	0.01173	0.00773	0.03058	0.01213	0.01174	0.01652	0.01755	0.05662	0.01728	0.05890	0.09118	0.52662	0.00815	0.00807	0.07674	0.00463
52	0.00986	0.00777	0.00890	0.00921	0.01116	0.00681	0.00668	0.01211	0.01835	0.02348	0.20432	0.22955	0.38289	0.02038	0.00955	0.00277	0.00410	0.01762	0.00767	0.00681
53	0.00966	0.00690	0.00920	0.01104	0.01150	0.00644	0.00736	0.01104	0.01518	0.02024	0.04371	0.71614	0.05245	0.02484	0.01012	0.00322	0.00460	0.02254	0.00736	0.00644
54	0.01847	0.02430	0.16216	0.03623	0.24106	0.01936	0.32951	0.02501	0.01813	0.02551	0.01534	0.01995	0.01182	0.00697	0.00853	0.00254	0.01180	0.00796	0.00386	0.01148
55	0.01590	0.04102	0.68023	0.02260	0.03432	0.01842	0.02930	0.02511	0.01674	0.02511	0.01423	0.01674	0.01005	0.00753	0.00753	0.00251	0.01172	0.00586	0.00335	0.01172
56	0.01733	0.01760	0.02721	0.08099	0.02644	0.02316	0.10019	0.02002	0.01333	0.02002	0.01147	0.01821	0.01064	0.01242	0.02227	0.00329	0.55565	0.00727	0.00355	0.00895
57	0.00966	0.00690	0.00920	0.01104	0.01150	0.00644	0.00736	0.01104	0.01518	0.02024	0.04371	0.71614	0.05245	0.02484	0.01012	0.00322	0.00460	0.02254	0.00736	0.00644
58	0.02816	0.06497	0.05509	0.02006	0.02465	0.59950	0.01581	0.03150	0.05089	0.02028	0.01322	0.01505	0.01084	0.00820	0.00713	0.00208	0.01357	0.00528	0.00420	0.00951
59	0.01046	0.00826	0.00950	0.00976	0.01183	0.00751	0.00722	0.01371	0.04757	0.02406	0.19628	0.20845	0.35067	0.01992	0.00954	0.00280	0.00433	0.04334	0.00769	0.00710
60	0.00964	0.00699	0.00911	0.01081	0.01144	0.00646	0.00726	0.01107	0.01541	0.02033	0.04654	0.66657	0.10019	0.02447	0.01006	0.00318	0.00456	0.02209	0.00736	0.00646
61	0.77733	0.01534	0.01166	0.01043	0.01534	0.01779	0.00859	0.02331	0.01350	0.03558	0.01104	0.01288	0.00859	0.00736	0.00491	0.00245	0.00613	0.00429	0.00491	0.00859
62	0.01963	0.01884	0.03219	0.04867	0.67185	0.01884	0.02434	0.02434	0.01806	0.02591	0.01492	0.01963	0.01256	0.00707	0.00785	0.00236	0.00942	0.00707	0.00393	0.01256
63	0.00980	0.00700	0.00936	0.01120	0.01172	0.00656	0.00760	0.01128	0.01532	0.02040	0.04363	0.68822	0.05214	0.02471	0.01016	0.00324	0.00472	0.04909	0.00736	0.00648
64	0.73953	0.01524	0.01200	0.01062	0.01559	0.01748	0.00874	0.02409	0.01396	0.06828	0.01207	0.01360	0.00915	0.00749	0.00506	0.00245	0.00617	0.00448	0.00516	0.00884
65	0.01478	0.00739	0.00739	0.00739	0.00924	0.00739	0.00554	0.01848	0.01663	0.02956	0.02587	0.02956	0.02033	0.00924	0.00554	0.00185	0.00370	0.00739	0.76534	0.00739
66	0.01377	0.00851	0.01106	0.01057	0.01273	0.00771	0.00786	0.01677	0.02055	0.10884	0.40533	0.19933	0.11113	0.01760	0.00935	0.00266	0.00432	0.01552	0.00846	0.00794
67	0.00964	0.00699	0.00911	0.01081	0.01144	0.00646	0.00726	0.01107	0.01540	0.02033	0.04652	0.66698	0.09979	0.02448	0.01006	0.00318	0.00456	0.02210	0.00736	0.00646
68	0.01568	0.00826	0.00835	0.00803	0.01014	0.00840	0.00610	0.05517	0.01784	0.03076	0.02547	0.02895	0.01992	0.00926	0.00568	0.00188	0.00399	0.00738	0.72101	0.00775
69	0.01457	0.00741	0.00747	0.00747	0.00920	0.00741	0.00549	0.01801	0.01629	0.02862	0.02581	0.03105	0.02089	0.05668	0.00786	0.00224	0.00396	0.00767	0.71467	0.00722
70	0.01728	0.00950	0.01020	0.00927	0.01187	0.00962	0.00717	0.09172	0.01994	0.06625	0.09219	0.03130	0.02517	0.01003	0.00634	0.00201	0.00444	0.00812	0.55915	0.00843
71	0.77733	0.01534	0.01166	0.01043	0.01534	0.01779	0.00859	0.02331	0.01350	0.03558	0.01104	0.01288	0.00859	0.00736	0.00491	0.00245	0.00613	0.00429	0.00491	0.00859
72	0.03058	0.02151	0.02337	0.01791	0.02424	0.02355	0.01480	0.59670	0.03611	0.10034	0.02002	0.01968	0.01398	0.00954	0.00794	0.00239	0.00857	0.00721	0.00808	0.01349
73	0.01151	0.00847	0.01071	0.01024	0.01210	0.00803	0.00757	0.01584	0.05474	0.02998	0.54144	0.10179	0.09211	0.04739	0.01069	0.00279	0.00411	0.01458	0.00838	0.00753
74	0.01128	0.00814	0.01068	0.01015	0.01202	0.00754	0.00768	0.01502	0.02229	0.03150	0.64445	0.06036	0.07374	0.01642	0.00941	0.00254	0.00387	0.03675	0.00868	0.00748
75	0.00966	0.00690	0.00920	0.01104	0.01150	0.00644	0.00736	0.01104	0.01518	0.02024	0.04371	0.71614	0.05245	0.02484	0.01012	0.00322	0.00460	0.02254	0.00736	0.00644
76	0.00944	0.00804	0.00813	0.00811	0.01075	0.00672	0.00608	0.01151	0.01824	0.02181	0.10229	0.07568	0.64643	0.01994	0.00937	0.00267	0.00401	0.01665	0.00741	0.00672
77	0.00957	0.00800	0.00833	0.00834	0.01085	0.00676	0.00622	0.01172	0.01840	0.02241	0.13751	0.09866	0.58627	0.01988	0.00940	0.00268	0.00401	0.01672	0.00750	0.00676
78	0.01735	0.01735	0.02429	0.02082	0.02082	0.02429	0.01735	0.01908	0.01214	0.01908	0.01041	0.01735	0.01041	0.01388	0.02602	0.00347	0.70680	0.00694	0.00347	0.00867
79	0.06996	0.01780	0.02051	0.01594	0.02201	0.01838	0.01312	0.31653	0.06608	0.31902	0.02469	0.02277	0.01652	0.00961	0.00780	0.00243	0.00760	0.00746	0.00860	0.01319
80	0.01644	0.01409	0.01644	0.01175	0.01879	0.01057	0.00940	0.01997	0.01644	0.02584	0.01409	0.01644	0.01175	0.00587	0.00587	0.00117	0.00587	0.00470	0.00470	0.76979
81	0.02046	0.01947	0.05519	0.04273	0.54860	0.01883	0.02279	0.04839	0.06914	0.05179	0.01702	0.02055	0.01368	0.00756	0.00786	0.00239	0.00914	0.00721	0.00459	0.01260
82	0.03174	0.01746	0.02062	0.01599	0.02197	0.01775	0.01313	0.33426	0.02949	0.34042	0.02586	0.05452	0.01812	0.01036	0.00805	0.00245	0.00762	0.00823	0.00878	0.01317
83	0.01798	0.12918	0.44939	0.02151	0.07213	0.01890	0.02384	0.02511	0.01762	0.07315	0.06465	0.02036	0.01585	0.00823	0.00739	0.00238	0.01015	0.00652	0.00428	0.01137
84	0.06214	0.02260	0.02021	0.01664	0.02209	0.20349	0.01321	0.16495	0.09247	0.22074	0.02147	0.02073	0.01518	0.00903	0.00747	0.00226	0.00913	0.00673	0.00708	0.06237

[dist]
# distance from previous block
# <min> <max>
0	21

[block]
# block no. 2 follows, 24 sequences, length 15
# corresponding to MSA columns:
# 182-196
name=unknown_C
#
# <colnr> <probs for GDERKNQSTAVLIFYWHMCP>
#	G	D	E	R	K	N	Q	S	T	A	V	L	I	F	Y	W	H	M	C	P
0	0.02363	0.01772	0.01841	0.01614	0.02082	0.06881	0.01284	0.09030	0.38444	0.14922	0.03029	0.03234	0.02329	0.01127	0.00823	0.00266	0.00727	0.06225	0.00800	0.01208
1	0.02854	0.02198	0.02288	0.01769	0.02393	0.05201	0.01449	0.54189	0.05698	0.04591	0.01878	0.01898	0.01357	0.00918	0.00772	0.00227	0.00863	0.00690	0.00748	0.08016
2	0.01804	0.01574	0.02379	0.56388	0.04854	0.01903	0.02062	0.14673	0.02019	0.02627	0.01509	0.02072	0.01116	0.00825	0.00793	0.00259	0.01020	0.00707	0.00442	0.00976
3	0.02130	0.01464	0.07740	0.01782	0.07705	0.01182	0.04616	0.02561	0.04617	0.25551	0.07572	0.23582	0.03171	0.01423	0.00875	0.00271	0.00690	0.01267	0.00751	0.01051
4	0.01593	0.03724	0.58368	0.02398	0.07048	0.01791	0.05278	0.02438	0.01682	0.02493	0.01581	0.05178	0.01237	0.00833	0.00775	0.00254	0.01130	0.00690	0.00361	0.01147
5	0.00992	0.00701	0.00912	0.01070	0.01110	0.00662	0.00700	0.01111	0.01467	0.01956	0.04107	0.62265	0.04912	0.12287	0.01438	0.00385	0.00504	0.02099	0.00700	0.00621
6	0.01580	0.03699	0.58228	0.02256	0.03318	0.01770	0.06554	0.02436	0.01700	0.02501	0.01680	0.02346	0.01332	0.00875	0.00795	0.00262	0.01143	0.06026	0.00374	0.01127
7	0.01786	0.20134	0.39553	0.02066	0.03004	0.02183	0.07801	0.02674	0.08927	0.02450	0.01566	0.01764	0.01186	0.00764	0.00717	0.00235	0.01047	0.00613	0.00395	0.01135
8	0.05546	0.01439	0.02355	0.63435	0.08217	0.01769	0.02142	0.02062	0.01584	0.02134	0.01397	0.02063	0.01056	0.00786	0.00776	0.00262	0.01028	0.00690	0.00362	0.00898
9	0.00980	0.00696	0.00916	0.01086	0.01128	0.00654	0.00717	0.01108	0.01490	0.01987	0.04228	0.66549	0.05065	0.07795	0.01243	0.00356	0.00484	0.02170	0.00717	0.00632
10	0.05792	0.01384	0.01674	0.07318	0.02104	0.01454	0.01192	0.18183	0.05981	0.15307	0.05600	0.19459	0.02877	0.03979	0.00971	0.00290	0.00694	0.03964	0.00752	0.01025
11	0.02120	0.72609	0.04155	0.01357	0.02035	0.03138	0.01357	0.02374	0.01611	0.01866	0.01102	0.01272	0.01018	0.00678	0.00509	0.00170	0.00848	0.00424	0.00339	0.01018
12	0.01644	0.01409	0.01644	0.01175	0.01879	0.01057	0.00940	0.01997	0.01644	0.02584	0.01409	0.01644	0.01175	0.00587	0.00587	0.00117	0.00587	0.00470	0.00470	0.76979
13	0.01109	0.00800	0.01048	0.01007	0.01182	0.00739	0.00747	0.01463	0.02182	0.03081	0.61402	0.11571	0.07290	0.01695	0.00942	0.00256	0.00382	0.01505	0.00861	0.00739
14	0.01107	0.00762	0.00888	0.00912	0.00953	0.00741	0.00554	0.01176	0.01351	0.01803	0.09036	0.16174	0.07403	0.50277	0.03080	0.00619	0.00661	0.01388	0.00573	0.00543

[dist]
# distance from previous block
# <min> <max>
0	5

[block]
# block no. 3 follows, 24 sequences, length 59
# corresponding to MSA columns:
# 202-260
name=unknown_D
#
# <colnr> <probs for GDERKNQSTAVLIFYWHMCP>
#	G	D	E	R	K	N	Q	S	T	A	V	L	I	F	Y	W	H	M	C	P
0	0.01111	0.00818	0.01128	0.01096	0.01253	0.00759	0.03061	0.01365	0.01888	0.02601	0.37123	0.23445	0.09760	0.05455	0.01228	0.04386	0.00471	0.01599	0.00762	0.00692
1	0.05570	0.01416	0.01572	0.01392	0.01789	0.01516	0.01091	0.11753	0.25184	0.09980	0.12099	0.10370	0.08388	0.01353	0.00846	0.00266	0.00601	0.02944	0.00802	0.01068
2	0.01206	0.00899	0.01299	0.01278	0.01432	0.01038	0.00989	0.03823	0.01363	0.01949	0.02132	0.03158	0.01997	0.08603	0.63582	0.01213	0.02018	0.00857	0.00441	0.00723
3	0.01983	0.01117	0.01321	0.01145	0.01539	0.01027	0.00899	0.05399	0.07235	0.23574	0.10541	0.08284	0.29625	0.01541	0.00878	0.00260	0.00531	0.01289	0.00835	0.00974
4	0.01527	0.01081	0.01283	0.01257	0.01463	0.01112	0.00907	0.11932	0.08379	0.05149	0.06305	0.41322	0.04062	0.08816	0.01240	0.00341	0.00579	0.01667	0.00743	0.00836
5	0.01008	0.00721	0.00962	0.01104	0.01181	0.00675	0.00765	0.01197	0.01655	0.02235	0.14791	0.57478	0.05584	0.02325	0.01003	0.00312	0.00459	0.05118	0.00759	0.00666
6	0.01122	0.00811	0.01060	0.00998	0.01185	0.00748	0.00748	0.01496	0.02245	0.03180	0.66766	0.05923	0.07482	0.01621	0.00935	0.00249	0.00374	0.01434	0.00873	0.00748
7	0.01222	0.00808	0.01067	0.01052	0.01224	0.00743	0.00769	0.01525	0.02042	0.06648	0.45476	0.24211	0.06529	0.01826	0.00949	0.00270	0.00416	0.01627	0.00841	0.00754
8	0.01085	0.00792	0.01004	0.01083	0.01206	0.00746	0.00759	0.03818	0.01807	0.02433	0.19461	0.47582	0.10907	0.02174	0.00978	0.00297	0.00452	0.01945	0.00771	0.00700
9	0.01220	0.00773	0.01009	0.01117	0.01245	0.00707	0.00785	0.01390	0.01632	0.08235	0.04626	0.55909	0.11296	0.02281	0.00988	0.00311	0.00485	0.04516	0.00759	0.00717
10	0.00966	0.00690	0.00920	0.01104	0.01150	0.00644	0.00736	0.01104	0.01518	0.02024	0.04371	0.71614	0.05245	0.02484	0.01012	0.00322	0.00460	0.02254	0.00736	0.00644
11	0.01250	0.00839	0.01007	0.00974	0.01211	0.00739	0.00726	0.01511	0.01957	0.08581	0.27404	0.16494	0.30664	0.01852	0.00935	0.00268	0.00427	0.01599	0.00807	0.00756
12	0.01477	0.00990	0.01191	0.01117	0.01398	0.00946	0.00859	0.02037	0.10749	0.10414	0.28073	0.11056	0.20051	0.01665	0.00917	0.00268	0.00477	0.04631	0.00825	0.00860
13	0.00966	0.00690	0.00920	0.01104	0.01150	0.00644	0.00736	0.01104	0.01518	0.02024	0.04371	0.71614	0.05245	0.02484	0.01012	0.00322	0.00460	0.02254	0.00736	0.00644
14	0.00965	0.00809	0.00842	0.00847	0.01106	0.00686	0.00644	0.01184	0.01834	0.02214	0.11297	0.07596	0.60321	0.01994	0.00945	0.00271	0.00416	0.04608	0.00744	0.00677
15	0.17120	0.01015	0.01122	0.01058	0.01307	0.01035	0.00788	0.01847	0.05053	0.06381	0.32127	0.12406	0.04794	0.09192	0.01178	0.00315	0.00506	0.01233	0.00737	0.00787
16	0.01372	0.00716	0.01071	0.03317	0.01173	0.00727	0.00731	0.01071	0.01056	0.01405	0.01423	0.02511	0.01427	0.05451	0.03060	0.71359	0.00704	0.00708	0.00350	0.00368
17	0.05353	0.00878	0.01033	0.01016	0.01259	0.00802	0.00766	0.01570	0.01878	0.08773	0.20894	0.19685	0.26594	0.01852	0.00922	0.00276	0.00460	0.04444	0.00781	0.00762
18	0.03288	0.01521	0.01920	0.01483	0.02076	0.01443	0.01221	0.17894	0.02609	0.49291	0.06582	0.02703	0.02144	0.01012	0.00805	0.00244	0.00703	0.00815	0.00931	0.01314
19	0.01644	0.01409	0.01644	0.01175	0.01879	0.01057	0.00940	0.01997	0.01644	0.02584	0.01409	0.01644	0.01175	0.00587	0.00587	0.00117	0.00587	0.00470	0.00470	0.76979
20	0.02948	0.01257	0.01674	0.01338	0.01845	0.01123	0.01082	0.06169	0.02297	0.49418	0.14986	0.06732	0.03127	0.01175	0.00834	0.00250	0.00617	0.00985	0.00940	0.01202
21	0.01521	0.01428	0.02066	0.10293	0.02292	0.01908	0.01561	0.01761	0.01293	0.01915	0.01540	0.06418	0.01518	0.02422	0.17423	0.00547	0.42061	0.00827	0.00389	0.00819
22	0.77733	0.01534	0.01166	0.01043	0.01534	0.01779	0.00859	0.02331	0.01350	0.03558	0.01104	0.01288	0.00859	0.00736	0.00491	0.00245	0.00613	0.00429	0.00491	0.00859
23	0.02326	0.01818	0.02442	0.08870	0.23310	0.01956	0.01767	0.17292	0.18824	0.09844	0.02193	0.02295	0.01632	0.00894	0.00795	0.00248	0.00828	0.00766	0.00648	0.01253
24	0.02959	0.02194	0.02349	0.01813	0.02438	0.02433	0.01494	0.61332	0.07027	0.04908	0.01974	0.01960	0.01406	0.00959	0.00794	0.00240	0.00860	0.00724	0.00794	0.01344
25	0.02962	0.03779	0.02247	0.02043	0.02451	0.68948	0.01532	0.03166	0.02247	0.01941	0.01226	0.01430	0.01021	0.00817	0.00715	0.00204	0.01430	0.00511	0.00409	0.00919
26	0.00953	0.00804	0.00825	0.00820	0.01081	0.00676	0.00615	0.01168	0.01844	0.02229	0.12933	0.07489	0.61909	0.01976	0.00937	0.00266	0.00399	0.01654	0.00748	0.00676
27	0.01260	0.00900	0.01257	0.01439	0.01614	0.00897	0.01246	0.01611	0.01807	0.02353	0.04209	0.12628	0.04604	0.02208	0.01090	0.00363	0.00714	0.58345	0.00731	0.00725
28	0.01122	0.00811	0.01060	0.00998	0.01185	0.00748	0.00748	0.01496	0.02245	0.03180	0.66766	0.05923	0.07482	0.01621	0.00935	0.00249	0.00374	0.01434	0.00873	0.00748
29	0.01133	0.00850	0.01274	0.01274	0.01416	0.00991	0.00991	0.01416	0.01274	0.01841	0.02124	0.03115	0.01982	0.05947	0.68989	0.01274	0.02124	0.00850	0.00425	0.00708
30	0.01111	0.00810	0.01044	0.00986	0.01178	0.00743	0.00739	0.01474	0.02218	0.03116	0.63135	0.06029	0.11154	0.01645	0.00935	0.00251	0.00376	0.01449	0.00864	0.00743
31	0.23075	0.01772	0.01892	0.01490	0.02080	0.01882	0.01230	0.29425	0.02649	0.23796	0.02065	0.01983	0.01406	0.00903	0.00714	0.00242	0.00743	0.00664	0.00770	0.01218
32	0.00937	0.00803	0.00803	0.00803	0.01071	0.00669	0.00602	0.01138	0.01807	0.02142	0.08033	0.07632	0.66863	0.02008	0.00937	0.00268	0.00402	0.01674	0.00736	0.00669
33	0.01478	0.00739	0.00739	0.00739	0.00924	0.00739	0.00554	0.01848	0.01663	0.02956	0.02587	0.02956	0.02033	0.00924	0.00554	0.00185	0.00370	0.00739	0.76534	0.00739
34	0.03014	0.02221	0.02380	0.01825	0.02459	0.02459	0.01507	0.64541	0.03728	0.04998	0.01904	0.01904	0.01349	0.00952	0.00793	0.00238	0.00873	0.00714	0.00793	0.01349
35	0.00966	0.00690	0.00920	0.01104	0.01150	0.00644	0.00736	0.01104	0.01518	0.02024	0.04371	0.71614	0.05245	0.02484	0.01012	0.00322	0.00460	0.02254	0.00736	0.00644
36	0.00978	0.00695	0.00917	0.01089	0.01133	0.00652	0.00720	0.01107	0.01496	0.01994	0.04255	0.67507	0.05099	0.06791	0.01199	0.00350	0.00479	0.02186	0.00720	0.00634
37	0.77733	0.01534	0.01166	0.01043	0.01534	0.01779	0.00859	0.02331	0.01350	0.03558	0.01104	0.01288	0.00859	0.00736	0.00491	0.00245	0.00613	0.00429	0.00491	0.00859
38	0.02795	0.02178	0.02221	0.01764	0.02340	0.06227	0.01434	0.49419	0.12944	0.04486	0.02090	0.02076	0.01518	0.00962	0.00782	0.00239	0.00849	0.00731	0.03661	0.01286
39	0.01153	0.00769	0.00865	0.00865	0.00865	0.00769	0.00480	0.01153	0.01153	0.01538	0.02499	0.05189	0.02883	0.72131	0.04036	0.00769	0.00769	0.01153	0.00480	0.00480
40	0.01972	0.01703	0.01793	0.01614	0.02062	0.01972	0.01255	0.04214	0.65752	0.03317	0.03228	0.02959	0.02421	0.01076	0.00807	0.00269	0.00628	0.00897	0.00807	0.01255
41	0.01122	0.00811	0.01060	0.00998	0.01185	0.00748	0.00748	0.01496	0.02245	0.03180	0.66766	0.05923	0.07482	0.01621	0.00935	0.00249	0.00374	0.01434	0.00873	0.00748
42	0.01660	0.01424	0.01652	0.01196	0.01888	0.01102	0.00955	0.02105	0.04785	0.02620	0.01499	0.01709	0.01236	0.00611	0.00598	0.00125	0.00589	0.00491	0.00486	0.73269
43	0.05833	0.01841	0.01940	0.01534	0.02056	0.02023	0.01254	0.47049	0.03138	0.04453	0.02031	0.02127	0.01490	0.00936	0.00724	0.00226	0.00742	0.00708	0.18711	0.01183
44	0.02629	0.01869	0.02002	0.01577	0.02103	0.02047	0.01288	0.49489	0.03261	0.04519	0.05121	0.02297	0.01772	0.00978	0.00754	0.00228	0.00752	0.00753	0.15358	0.01203
45	0.01963	0.01884	0.03219	0.04867	0.67185	0.01884	0.02434	0.02434	0.01806	0.02591	0.01492	0.01963	0.01256	0.00707	0.00785	0.00236	0.00942	0.00707	0.00393	0.01256
46	0.77733	0.01534	0.01166	0.01043	0.01534	0.01779	0.00859	0.02331	0.01350	0.03558	0.01104	0.01288	0.00859	0.00736	0.00491	0.00245	0.00613	0.00429	0.00491	0.00859
47	0.00966	0.00690	0.00920	0.01104	0.01150	0.00644	0.00736	0.01104	0.01518	0.02024	0.04371	0.71614	0.05245	0.02484	0.01012	0.00322	0.00460	0.02254	0.00736	0.00644
48	0.77733	0.01534	0.01166	0.01043	0.01534	0.01779	0.00859	0.02331	0.01350	0.03558	0.01104	0.01288	0.00859	0.00736	0.00491	0.00245	0.00613	0.00429	0.00491	0.00859
49	0.00966	0.00690	0.00920	0.01104	0.01150	0.00644	0.00736	0.01104	0.01518	0.02024	0.04371	0.71614	0.05245	0.02484	0.01012	0.00322	0.00460	0.02254	0.00736	0.00644
50	0.02315	0.01070	0.01437	0.01207	0.01597	0.00948	0.00953	0.02643	0.02218	0.34954	0.32064	0.07827	0.04641	0.01352	0.00871	0.00251	0.00527	0.01164	0.00919	0.01039
51	0.03191	0.01365	0.01903	0.01477	0.02048	0.01224	0.04131	0.03624	0.06128	0.55553	0.05280	0.02908	0.02189	0.04025	0.00947	0.00270	0.00697	0.00848	0.00918	0.01272
52	0.04797	0.01776	0.03124	0.02533	0.09640	0.01614	0.29359	0.02347	0.04008	0.02612	0.01652	0.04189	0.01359	0.00720	0.00781	0.00214	0.00957	0.00773	0.00452	0.27094
53	0.05742	0.44698	0.23126	0.01616	0.02431	0.02576	0.01796	0.02493	0.01652	0.05647	0.01307	0.01470	0.01056	0.00720	0.00597	0.00202	0.00925	0.00493	0.00379	0.01074
54	0.02461	0.01101	0.01473	0.01228	0.01645	0.00969	0.00974	0.02771	0.02182	0.39059	0.23771	0.09425	0.06779	0.01350	0.00865	0.00254	0.00550	0.01154	0.00917	0.01072
55	0.01143	0.00765	0.00868	0.00878	0.00880	0.00762	0.00494	0.01151	0.01173	0.01564	0.02598	0.08731	0.03009	0.68418	0.03875	0.00745	0.00752	0.01212	0.00494	0.00489
56	0.37439	0.04366	0.05625	0.04658	0.02121	0.04730	0.01255	0.15589	0.02058	0.10238	0.04037	0.01809	0.01361	0.00846	0.00643	0.00241	0.00762	0.00592	0.00595	0.01036
57	0.36566	0.08177	0.19717	0.01722	0.05725	0.01861	0.03910	0.02552	0.01596	0.09568	0.01435	0.01601	0.01057	0.00757	0.00626	0.00241	0.00834	0.00542	0.00477	0.01035
58	0.42052	0.18060	0.02008	0.01237	0.01759	0.02083	0.01063	0.04763	0.09327	0.05406	0.01510	0.01646	0.01195	0.01028	0.03814	0.00279	0.00753	0.00528	0.00519	0.00971

[dist]
# distance from previous block
# <min> <max>
0	4

[block]
# block no. 4 follows, 24 sequences, length 101
# corresponding to MSA columns:
# 265-365
name=unknown_E
#
# <colnr> <probs for GDERKNQSTAVLIFYWHMCP>
#	G	D	E	R	K	N	Q	S	T	A	V	L	I	F	Y	W	H	M	C	P
0	0.06636	0.20466	0.02762	0.01685	0.02301	0.08941	0.01437	0.39461	0.02919	0.03825	0.01591	0.01664	0.01207	0.00857	0.00697	0.00218	0.00906	0.00605	0.00624	0.01197
1	0.18695	0.02205	0.02114	0.05097	0.02398	0.15431	0.05494	0.24300	0.04752	0.03555	0.07012	0.02075	0.01703	0.00912	0.00734	0.00238	0.00918	0.00693	0.00611	0.01062
2	0.22991	0.03556	0.02127	0.45805	0.07022	0.01813	0.01810	0.02140	0.01530	0.02478	0.01318	0.01850	0.01009	0.00770	0.00699	0.00255	0.00921	0.00619	0.00393	0.00896
3	0.03249	0.01325	0.01770	0.01388	0.01954	0.01179	0.01135	0.03681	0.06177	0.58166	0.08656	0.02995	0.02470	0.01043	0.00810	0.00247	0.00646	0.00859	0.00961	0.01292
4	0.01163	0.00914	0.01275	0.03286	0.01494	0.00941	0.03433	0.01461	0.04683	0.02206	0.11285	0.42398	0.04579	0.08893	0.01379	0.00353	0.04875	0.03988	0.00682	0.00711
5	0.06052	0.01148	0.01442	0.01215	0.01615	0.01085	0.00952	0.02664	0.05002	0.30342	0.07296	0.03395	0.05513	0.09634	0.10431	0.00436	0.00822	0.00896	0.05128	0.04931
6	0.00965	0.00696	0.00914	0.01089	0.01146	0.00645	0.00730	0.01106	0.01532	0.02030	0.04551	0.68460	0.08283	0.02461	0.01008	0.00319	0.00457	0.02226	0.00736	0.00645
7	0.01145	0.00765	0.00867	0.00876	0.00878	0.00763	0.00492	0.01151	0.01170	0.01559	0.02582	0.08166	0.02989	0.69010	0.03901	0.00749	0.00755	0.01203	0.00492	0.00488
8	0.01154	0.00747	0.00996	0.01113	0.01212	0.00690	0.00766	0.01329	0.01646	0.06500	0.10963	0.60023	0.05267	0.02292	0.00990	0.00309	0.00465	0.02070	0.00767	0.00702
9	0.48203	0.01311	0.01134	0.01024	0.01400	0.01466	0.00805	0.05143	0.01594	0.03311	0.09532	0.02472	0.02036	0.08082	0.00925	0.00291	0.00585	0.00675	0.09194	0.00818
10	0.00966	0.00690	0.00920	0.01104	0.01150	0.00644	0.00736	0.01104	0.01518	0.02024	0.04371	0.71614	0.05245	0.02484	0.01012	0.00322	0.00460	0.02254	0.00736	0.00644
11	0.00966	0.00690	0.00920	0.01104	0.01150	0.00644	0.00736	0.01104	0.01518	0.02024	0.04371	0.71614	0.05245	0.02484	0.01012	0.00322	0.00460	0.02254	0.00736	0.00644
12	0.48545	0.01430	0.01335	0.01139	0.01622	0.01549	0.00930	0.05625	0.01746	0.16925	0.06896	0.02069	0.01703	0.00878	0.00608	0.00242	0.00607	0.00616	0.04564	0.00970
13	0.01978	0.01502	0.01645	0.01464	0.01890	0.01655	0.01142	0.03654	0.47213	0.10300	0.10036	0.03604	0.08042	0.01195	0.00829	0.00264	0.00589	0.01002	0.00827	0.01167
14	0.00966	0.00690	0.00920	0.01104	0.01150	0.00644	0.00736	0.01104	0.01518	0.02024	0.04371	0.71614	0.05245	0.02484	0.01012	0.00322	0.00460	0.02254	0.00736	0.00644
15	0.02412	0.01158	0.01486	0.01243	0.01670	0.01050	0.00986	0.05195	0.04440	0.35395	0.17793	0.09301	0.11692	0.01370	0.00862	0.00256	0.00564	0.01161	0.00894	0.01073
16	0.01112	0.00810	0.01045	0.00986	0.01178	0.00744	0.00740	0.01476	0.02219	0.03120	0.63379	0.06022	0.10907	0.01643	0.00935	0.00250	0.00376	0.01448	0.00865	0.00744
17	0.05979	0.02139	0.02270	0.01753	0.02365	0.02368	0.01446	0.59710	0.03556	0.04864	0.01897	0.01918	0.01354	0.00942	0.00772	0.00236	0.00844	0.00703	0.03578	0.01306
18	0.00982	0.00805	0.00865	0.00850	0.01098	0.00688	0.00637	0.01224	0.01912	0.02391	0.22100	0.07222	0.52641	0.01916	0.00937	0.00263	0.00395	0.01616	0.00769	0.00688
19	0.00977	0.00695	0.00917	0.01090	0.01134	0.00651	0.00721	0.01107	0.01497	0.01996	0.04263	0.67783	0.05109	0.06501	0.01187	0.00348	0.00478	0.02191	0.00721	0.00635
20	0.01215	0.01015	0.01087	0.01068	0.01343	0.01002	0.00798	0.01935	0.18136	0.02470	0.08861	0.16778	0.37664	0.01830	0.00916	0.00276	0.00468	0.01559	0.00761	0.00819
21	0.01872	0.02139	0.04679	0.03342	0.04144	0.02005	0.64305	0.02540	0.01872	0.02540	0.01604	0.02139	0.01203	0.00668	0.00936	0.00267	0.01337	0.00936	0.00401	0.01070
22	0.01153	0.00769	0.00865	0.00865	0.00865	0.00769	0.00480	0.01153	0.01153	0.01538	0.02499	0.05189	0.02883	0.72131	0.04036	0.00769	0.00769	0.01153	0.00480	0.00480
23	0.01654	0.01213	0.01365	0.01264	0.01519	0.01317	0.00914	0.02687	0.29227	0.06838	0.07196	0.07445	0.03009	0.25491	0.04976	0.00483	0.00720	0.01081	0.00691	0.00909
24	0.01152	0.00773	0.00886	0.00886	0.00893	0.00780	0.00507	0.01167	0.01159	0.01553	0.02479	0.05082	0.02836	0.68715	0.07389	0.00795	0.00839	0.01138	0.00478	0.00492
25	0.00937	0.00803	0.00803	0.00803	0.01071	0.00669	0.00602	0.01138	0.01807	0.02142	0.08033	0.07632	0.66863	0.02008	0.00937	0.00268	0.00402	0.01674	0.00736	0.00669
26	0.02965	0.03690	0.02255	0.02030	0.02452	0.65114	0.01531	0.06706	0.02333	0.02117	0.01265	0.01457	0.01040	0.00825	0.00720	0.00206	0.01398	0.00522	0.00431	0.00944
27	0.01845	0.01764	0.03006	0.21419	0.51554	0.01853	0.02375	0.02330	0.01750	0.02448	0.01471	0.02001	0.01206	0.00728	0.00787	0.00243	0.00971	0.00706	0.00382	0.01161
28	0.03558	0.01350	0.01840	0.01411	0.02024	0.01166	0.01166	0.03865	0.02270	0.67734	0.03128	0.02699	0.01963	0.00981	0.00797	0.00245	0.00675	0.00797	0.00981	0.01350
29	0.00966	0.00690	0.00920	0.01104	0.01150	0.00644	0.00736	0.01104	0.01518	0.02024	0.04371	0.71614	0.05245	0.02484	0.01012	0.00322	0.00460	0.02254	0.00736	0.00644
30	0.01618	0.03912	0.61892	0.02365	0.03501	0.01857	0.08870	0.02514	0.01693	0.02514	0.01441	0.01719	0.01024	0.00745	0.00771	0.00253	0.01188	0.00620	0.00341	0.01162
31	0.02040	0.01671	0.01613	0.04276	0.01843	0.11242	0.01128	0.16843	0.02222	0.03113	0.05449	0.02700	0.05065	0.01047	0.00899	0.00228	0.08108	0.00775	0.28814	0.00926
32	0.01150	0.00781	0.00925	0.00925	0.00946	0.00801	0.00555	0.01192	0.01171	0.01582	0.02444	0.04885	0.02751	0.62414	0.13573	0.00843	0.00968	0.01109	0.00472	0.00514
33	0.07261	0.06920	0.02421	0.01759	0.02377	0.05743	0.01461	0.53811	0.03378	0.04556	0.01771	0.01803	0.01282	0.00915	0.00753	0.00232	0.00884	0.00668	0.00727	0.01277
34	0.02930	0.02171	0.02335	0.01785	0.02423	0.02373	0.01472	0.60689	0.03600	0.04849	0.01873	0.01888	0.01338	0.00929	0.00781	0.00231	0.00855	0.00699	0.00773	0.06006
35	0.02845	0.03402	0.02280	0.02023	0.02415	0.54908	0.01550	0.09867	0.02309	0.02278	0.01283	0.01513	0.01060	0.00889	0.00912	0.00222	0.08285	0.00552	0.00445	0.00962
36	0.01152	0.00853	0.01111	0.01230	0.01416	0.00812	0.01016	0.01456	0.01826	0.02359	0.11021	0.15545	0.18712	0.02130	0.01036	0.00328	0.00593	0.35951	0.00746	0.00709
37	0.01153	0.00769	0.00865	0.00865	0.00865	0.00769	0.00480	0.01153	0.01153	0.01538	0.02499	0.05189	0.02883	0.72131	0.04036	0.00769	0.00769	0.01153	0.00480	0.00480
38	0.06657	0.07002	0.60733	0.02139	0.03244	0.01896	0.02722	0.02493	0.01650	0.02552	0.01388	0.01631	0.00995	0.00749	0.00725	0.00247	0.01120	0.00568	0.00345	0.01144
39	0.03558	0.01350	0.01840	0.01411	0.02024	0.01166	0.01166	0.03865	0.02270	0.67734	0.03128	0.02699	0.01963	0.00981	0.00797	0.00245	0.00675	0.00797	0.00981	0.01350
