[name]
unknown

[dist]
# distance from previous block
# <min> <max>
7	17

[block]
# block no. 0 follows, 24 sequences, length 58
# corresponding to MSA columns:
# 18-75
name=unknown_A
#
# <colnr> <probs for GDERKNQSTAVLIFYWHMCP>
#	G	D	E	R	K	N	Q	S	T	A	V	L	I	F	Y	W	H	M	C	P
0	0.11042	0.01675	0.01693	0.03134	0.01992	0.09636	0.02937	0.02379	0.05104	0.08574	0.02436	0.02516	0.09464	0.00881	0.00682	0.00190	0.00717	0.00693	0.00557	0.33697
1	0.05711	0.01555	0.02179	0.04844	0.08471	0.01585	0.09254	0.04958	0.19885	0.11402	0.10754	0.04859	0.02562	0.01015	0.00807	0.00246	0.00737	0.00907	0.00682	0.07586
2	0.07507	0.02202	0.13847	0.02085	0.10820	0.01821	0.01698	0.21547	0.04165	0.13719	0.01875	0.01950	0.01346	0.00829	0.00738	0.00226	0.00841	0.00656	0.00626	0.11500
3	0.02422	0.10974	0.19126	0.01769	0.02541	0.02106	0.01753	0.26769	0.05635	0.09786	0.01824	0.01874	0.01317	0.00844	0.00731	0.00224	0.00889	0.00641	0.00612	0.08161
4	0.07651	0.27024	0.04988	0.01543	0.02198	0.05057	0.04893	0.08664	0.06213	0.08998	0.01620	0.01723	0.01263	0.00757	0.00639	0.00196	0.00819	0.00567	0.00518	0.14670
5	0.05663	0.15516	0.06011	0.01375	0.02043	0.01721	0.01228	0.06698	0.01793	0.06992	0.01467	0.01650	0.01177	0.00716	0.00710	0.00171	0.04347	0.00517	0.00489	0.39714
6	0.09954	0.05820	0.18773	0.01604	0.02336	0.01586	0.01598	0.03269	0.08962	0.32185	0.02345	0.02220	0.01586	0.00881	0.00735	0.00241	0.00797	0.00688	0.00699	0.03720
7	0.00966	0.00690	0.00920	0.01104	0.01150	0.00644	0.00736	0.01104	0.01518	0.02024	0.04371	0.71614	0.05245	0.02484	0.01012	0.00322	0.00460	0.02254	0.00736	0.00644
8	0.00973	0.00767	0.00882	0.00959	0.01137	0.00676	0.00695	0.01165	0.01714	0.02143	0.08212	0.31565	0.38490	0.02185	0.00974	0.00293	0.00441	0.05323	0.00740	0.00666
9	0.11041	0.01045	0.01224	0.01207	0.01451	0.01052	0.00888	0.06311	0.04925	0.11083	0.06620	0.42392	0.03967	0.01852	0.00890	0.00290	0.00540	0.01622	0.00752	0.00848
10	0.01590	0.04102	0.68023	0.02260	0.03432	0.01842	0.02930	0.02511	0.01674	0.02511	0.01423	0.01674	0.01005	0.00753	0.00753	0.00251	0.01172	0.00586	0.00335	0.01172
11	0.00966	0.00690	0.00920	0.01104	0.01150	0.00644	0.00736	0.01104	0.01518	0.02024	0.04371	0.71614	0.05245	0.02484	0.01012	0.00322	0.00460	0.02254	0.00736	0.00644
12	0.01958	0.01896	0.03286	0.04797	0.64260	0.01890	0.05304	0.02439	0.01809	0.02588	0.01497	0.01971	0.01254	0.00705	0.00792	0.00237	0.00960	0.00717	0.00393	0.01247
13	0.02068	0.01610	0.01795	0.01445	0.02026	0.01596	0.01148	0.09178	0.29529	0.08208	0.02375	0.02318	0.01790	0.00864	0.00718	0.00204	0.00639	0.00703	0.00686	0.31098
14	0.01978	0.01315	0.01904	0.31000	0.03329	0.01434	0.01531	0.05981	0.05132	0.17404	0.14462	0.03258	0.05761	0.01073	0.00828	0.00256	0.00779	0.00919	0.00659	0.00997
15	0.01554	0.01475	0.02288	0.41919	0.03975	0.01920	0.01919	0.01923	0.01428	0.01951	0.01361	0.02204	0.01182	0.06086	0.01644	0.00329	0.24902	0.00733	0.00360	0.00848
16	0.01649	0.01461	0.01918	0.06706	0.02320	0.01180	0.05558	0.02038	0.01656	0.02537	0.01423	0.01716	0.01167	0.00609	0.00628	0.00140	0.00677	0.00521	0.00456	0.65639
17	0.01804	0.01397	0.01801	0.01322	0.01981	0.01099	0.05188	0.02158	0.01731	0.09446	0.02057	0.04169	0.05005	0.00769	0.00665	0.00155	0.00633	0.00655	0.00542	0.57424
18	0.02278	0.01790	0.02210	0.22729	0.03237	0.01987	0.01614	0.34985	0.02719	0.03650	0.01869	0.06617	0.01503	0.00970	0.00788	0.00240	0.00874	0.00791	0.00622	0.08528
19	0.00966	0.00690	0.00920	0.01104	0.01150	0.00644	0.00736	0.01104	0.01518	0.02024	0.04371	0.71614	0.05245	0.02484	0.01012	0.00322	0.00460	0.02254	0.00736	0.00644
20	0.01379	0.13362	0.16740	0.01464	0.01919	0.01455	0.01438	0.01793	0.01584	0.02189	0.08987	0.13440	0.02792	0.02757	0.21753	0.00568	0.01199	0.03824	0.00499	0.00859
21	0.62281	0.11967	0.05562	0.01160	0.01719	0.01979	0.01054	0.02348	0.01407	0.03251	0.01123	0.01309	0.00890	0.00729	0.00509	0.00235	0.00680	0.00438	0.00460	0.00900
22	0.01819	0.01532	0.02158	0.40899	0.03991	0.01804	0.01793	0.16426	0.07066	0.02808	0.02020	0.10471	0.01733	0.01054	0.00820	0.00266	0.00910	0.00908	0.00535	0.00989
23	0.03184	0.01361	0.01802	0.01365	0.01996	0.01144	0.01121	0.03499	0.02147	0.54991	0.02792	0.02493	0.01809	0.00904	0.00756	0.00220	0.00658	0.00733	0.00881	0.16143
24	0.71845	0.07068	0.01398	0.01067	0.01573	0.01885	0.00898	0.02334	0.01370	0.03426	0.01104	0.01287	0.00871	0.00732	0.00492	0.00239	0.00632	0.00429	0.00479	0.00871
25	0.01478	0.00739	0.00739	0.00739	0.00924	0.00739	0.00554	0.01848	0.01663	0.02956	0.02587	0.02956	0.02033	0.00924	0.00554	0.00185	0.00370	0.00739	0.76534	0.00739
26	0.01590	0.04102	0.68023	0.02260	0.03432	0.01842	0.02930	0.02511	0.01674	0.02511	0.01423	0.01674	0.01005	0.00753	0.00753	0.00251	0.01172	0.00586	0.00335	0.01172
27	0.02021	0.01727	0.01820	0.01624	0.02080	0.01995	0.01267	0.07013	0.62874	0.03395	0.03166	0.02910	0.02371	0.01070	0.00806	0.00268	0.00639	0.00888	0.00806	0.01259
28	0.01377	0.00689	0.01033	0.01033	0.01033	0.00689	0.00689	0.01033	0.01033	0.01377	0.01377	0.02410	0.01377	0.02755	0.03099	0.76928	0.00689	0.00689	0.00344	0.00344
29	0.02949	0.02186	0.02380	0.04768	0.02588	0.02429	0.01537	0.61850	0.03636	0.04870	0.01883	0.01913	0.01336	0.00945	0.00793	0.00239	0.00881	0.00714	0.00774	0.01328
30	0.01570	0.00910	0.01203	0.01074	0.01339	0.00825	0.00825	0.01932	0.02249	0.15049	0.55065	0.05331	0.06467	0.01504	0.00910	0.00249	0.00429	0.01317	0.00893	0.00859
31	0.01866	0.39153	0.07652	0.10448	0.02582	0.02336	0.07564	0.02261	0.01647	0.02189	0.01476	0.01792	0.01220	0.00741	0.00612	0.00200	0.00860	0.00577	0.13859	0.00966
32	0.01153	0.00769	0.00865	0.00865	0.00865	0.00769	0.00480	0.01153	0.01153	0.01538	0.02499	0.05189	0.02883	0.72131	0.04036	0.00769	0.00769	0.01153	0.00480	0.00480
33	0.03014	0.02221	0.02380	0.01825	0.02459	0.02459	0.01507	0.64541	0.03728	0.04998	0.01904	0.01904	0.01349	0.00952	0.00793	0.00238	0.00873	0.00714	0.00793	0.01349
34	0.01649	0.01427	0.01688	0.01225	0.01890	0.01133	0.00984	0.01992	0.01621	0.02547	0.01389	0.01649	0.01167	0.00631	0.00699	0.00130	0.04456	0.00482	0.00463	0.72778
35	0.02140	0.67385	0.04055	0.01530	0.04852	0.05168	0.01409	0.02402	0.01640	0.01899	0.01123	0.01307	0.01028	0.00684	0.00527	0.00174	0.00871	0.00439	0.00344	0.01025
36	0.77733	0.01534	0.01166	0.01043	0.01534	0.01779	0.00859	0.02331	0.01350	0.03558	0.01104	0.01288	0.00859	0.00736	0.00491	0.00245	0.00613	0.00429	0.00491	0.00859
37	0.06634	0.06938	0.05417	0.01611	0.02247	0.01944	0.01394	0.27924	0.07261	0.27041	0.02320	0.02179	0.01582	0.00932	0.00759	0.00239	0.00784	0.00716	0.00793	0.01286
38	0.01441	0.00930	0.01374	0.13377	0.01962	0.01032	0.01052	0.04628	0.01349	0.01847	0.01614	0.02495	0.01468	0.02843	0.15213	0.40953	0.01026	0.00726	0.04088	0.00581
39	0.01153	0.00769	0.00865	0.00865	0.00865	0.00769	0.00480	0.01153	0.01153	0.01538	0.02499	0.05189	0.02883	0.72131	0.04036	0.00769	0.00769	0.01153	0.00480	0.00480
40	0.03558	0.01350	0.01840	0.01411	0.02024	0.01166	0.01166	0.03865	0.02270	0.67734	0.03128	0.02699	0.01963	0.00981	0.00797	0.00245	0.00675	0.00797	0.00981	0.01350
41	0.01377	0.00689	0.01033	0.01033	0.01033	0.00689	0.00689	0.01033	0.01033	0.01377	0.01377	0.02410	0.01377	0.02755	0.03099	0.76928	0.00689	0.00689	0.00344	0.00344
42	0.02957	0.02193	0.02347	0.01813	0.02437	0.02432	0.01493	0.61211	0.07152	0.04905	0.01977	0.01962	0.01408	0.00959	0.00794	0.00240	0.00859	0.00724	0.00794	0.01343
43	0.01356	0.00884	0.01221	0.01360	0.01537	0.00858	0.01123	0.01656	0.01774	0.06941	0.04169	0.25451	0.04562	0.02184	0.01052	0.00345	0.00653	0.41373	0.00750	0.00751
44	0.77733	0.01534	0.01166	0.01043	0.01534	0.01779	0.00859	0.02331	0.01350	0.03558	0.01104	0.01288	0.00859	0.00736	0.00491	0.00245	0.00613	0.00429	0.00491	0.00859
45	0.01615	0.01550	0.02165	0.01887	0.01905	0.02122	0.01545	0.01789	0.01217	0.01871	0.01288	0.02174	0.01301	0.07459	0.10905	0.00494	0.56778	0.00749	0.00367	0.00818
46	0.77733	0.01534	0.01166	0.01043	0.01534	0.01779	0.00859	0.02331	0.01350	0.03558	0.01104	0.01288	0.00859	0.00736	0.00491	0.00245	0.00613	0.00429	0.00491	0.00859
47	0.01022	0.00848	0.00901	0.00896	0.01148	0.00752	0.00668	0.01357	0.05497	0.02332	0.14940	0.11712	0.51260	0.01940	0.00935	0.00269	0.00415	0.01640	0.00758	0.00711
48	0.01102	0.00810	0.01032	0.00976	0.01172	0.00740	0.00732	0.01457	0.02197	0.03066	0.60297	0.06112	0.14023	0.01664	0.00935	0.00251	0.00377	0.01460	0.00858	0.00740
49	0.01594	0.01192	0.01956	0.11240	0.24309	0.01237	0.01482	0.01641	0.01369	0.01877	0.01421	0.02219	0.01295	0.01800	0.02008	0.40752	0.00823	0.00697	0.00362	0.00726
50	0.01076	0.00775	0.01019	0.01029	0.01175	0.00718	0.00745	0.01381	0.02031	0.02840	0.48396	0.25263	0.06823	0.01875	0.00958	0.00271	0.00399	0.01676	0.00833	0.00718
51	0.01041	0.00753	0.00983	0.01040	0.01164	0.00696	0.00736	0.01296	0.01884	0.02591	0.34864	0.36984	0.08921	0.02045	0.00972	0.00284	0.00416	0.01831	0.00803	0.00696
52	0.02656	0.01343	0.01709	0.01320	0.01903	0.01145	0.01065	0.06154	0.02104	0.37117	0.05734	0.07115	0.02181	0.00992	0.00755	0.00211	0.00629	0.00822	0.00794	0.24250
53	0.01377	0.00689	0.01033	0.01033	0.01033	0.00689	0.00689	0.01033	0.01033	0.01377	0.01377	0.02410	0.01377	0.02755	0.03099	0.76928	0.00689	0.00689	0.00344	0.00344
54	0.01644	0.01409	0.01644	0.01175	0.01879	0.01057	0.00940	0.01997	0.01644	0.02584	0.01409	0.01644	0.01175	0.00587	0.00587	0.00117	0.00587	0.00470	0.00470	0.76979
55	0.00964	0.00698	0.00912	0.01084	0.01145	0.00646	0.00727	0.01106	0.01538	0.02032	0.04616	0.67324	0.09376	0.02452	0.01007	0.00318	0.00456	0.02215	0.00736	0.00646
56	0.01896	0.32389	0.07564	0.08307	0.02643	0.02286	0.07591	0.02538	0.09977	0.02306	0.01533	0.01750	0.01249	0.00729	0.00647	0.00197	0.00863	0.00582	0.00430	0.14521
57	0.02558	0.08806	0.02469	0.01755	0.02308	0.02197	0.05582	0.36966	0.07815	0.07468	0.02100	0.05442	0.01640	0.01009	0.00849	0.00242	0.03755	0.00795	0.05042	0.01201

[dist]
# distance from previous block
# <min> <max>
2	19

[block]
# block no. 1 follows, 24 sequences, length 32
# corresponding to MSA columns:
# 95-126
name=unknown_B
#
# <colnr> <probs for GDERKNQSTAVLIFYWHMCP>
#	G	D	E	R	K	N	Q	S	T	A	V	L	I	F	Y	W	H	M	C	P
0	0.02158	0.01740	0.04429	0.04910	0.02806	0.01693	0.21975	0.09997	0.06368	0.15255	0.02808	0.06944	0.08320	0.01089	0.00988	0.00268	0.05536	0.00999	0.00633	0.01084
1	0.02606	0.10699	0.15614	0.05889	0.05195	0.11884	0.01764	0.10455	0.02159	0.21302	0.01894	0.01951	0.01339	0.00862	0.00793	0.00234	0.02955	0.00647	0.00591	0.01166
2	0.23190	0.11433	0.14285	0.01646	0.05908	0.01785	0.01481	0.02698	0.05515	0.14738	0.01846	0.04868	0.01437	0.00864	0.00663	0.00233	0.00772	0.00652	0.00555	0.05432
3	0.02221	0.12800	0.24685	0.01801	0.02582	0.02050	0.01872	0.14609	0.08394	0.10755	0.01833	0.01909	0.01339	0.00854	0.00801	0.00233	0.03760	0.00639	0.00556	0.06306
4	0.07241	0.01523	0.01683	0.01418	0.01865	0.01639	0.01133	0.13285	0.21520	0.11455	0.06334	0.03060	0.08043	0.01109	0.00874	0.00247	0.04707	0.00870	0.05792	0.06201
5	0.02027	0.29763	0.02852	0.10383	0.06679	0.09613	0.01455	0.06468	0.01854	0.02362	0.05239	0.01983	0.01560	0.00853	0.00755	0.00211	0.04867	0.00619	0.09486	0.00970
6	0.02077	0.01744	0.02397	0.32138	0.11362	0.01973	0.01872	0.22200	0.06549	0.03160	0.01698	0.02058	0.01271	0.00840	0.00781	0.00244	0.00929	0.00707	0.00535	0.05464
7	0.20956	0.02373	0.22247	0.11024	0.14733	0.01769	0.04763	0.02516	0.01669	0.08708	0.01518	0.01800	0.01117	0.00763	0.00710	0.00249	0.00937	0.00618	0.00449	0.01084
8	0.01853	0.38082	0.36343	0.01812	0.02739	0.02485	0.02150	0.02443	0.01643	0.02191	0.01264	0.01475	0.01011	0.00716	0.00632	0.00211	0.01011	0.00506	0.00337	0.01095
9	0.01898	0.01839	0.03196	0.13074	0.55737	0.01876	0.05953	0.02388	0.01781	0.02516	0.01488	0.01992	0.01228	0.00715	0.00795	0.00241	0.00979	0.00719	0.00388	0.01198
10	0.02231	0.01719	0.01879	0.01595	0.02065	0.01891	0.01295	0.30777	0.21205	0.03871	0.07273	0.03743	0.06829	0.01258	0.00854	0.00266	0.00719	0.08581	0.00791	0.01159
11	0.01040	0.00721	0.00898	0.01010	0.01038	0.00693	0.00635	0.01124	0.01374	0.01832	0.03632	0.45395	0.04313	0.29975	0.02206	0.00498	0.00582	0.01820	0.00635	0.00580
12	0.02609	0.15523	0.03139	0.02091	0.02717	0.17145	0.14081	0.27120	0.02639	0.03254	0.01547	0.01730	0.01186	0.00815	0.00752	0.00224	0.01084	0.00660	0.00546	0.01137
13	0.01478	0.00739	0.00739	0.00739	0.00924	0.00739	0.00554	0.01848	0.01663	0.02956	0.02587	0.02956	0.02033	0.00924	0.00554	0.00185	0.00370	0.00739	0.76534	0.00739
14	0.58584	0.01840	0.05884	0.09428	0.02190	0.06223	0.01203	0.02362	0.01459	0.03198	0.01170	0.01422	0.00903	0.00749	0.00559	0.00245	0.00758	0.00478	0.00458	0.00887
15	0.01769	0.06613	0.05896	0.02448	0.02850	0.02178	0.25901	0.02157	0.01509	0.02149	0.01375	0.02088	0.01223	0.05744	0.01841	0.00329	0.31815	0.00796	0.00376	0.00942
16	0.01922	0.01724	0.01870	0.01538	0.02075	0.06105	0.03725	0.07132	0.27744	0.02960	0.02370	0.06854	0.01952	0.00954	0.00741	0.00212	0.00702	0.00799	0.00639	0.27981
17	0.01122	0.00811	0.01060	0.00998	0.01185	0.00748	0.00748	0.01496	0.02245	0.03180	0.66766	0.05923	0.07482	0.01621	0.00935	0.00249	0.00374	0.01434	0.00873	0.00748
18	0.01377	0.00689	0.01033	0.01033	0.01033	0.00689	0.00689	0.01033	0.01033	0.01377	0.01377	0.02410	0.01377	0.02755	0.03099	0.76928	0.00689	0.00689	0.00344	0.00344
19	0.53072	0.01634	0.01489	0.01241	0.01777	0.01815	0.01024	0.14078	0.01924	0.13187	0.01548	0.01608	0.01111	0.00812	0.00592	0.00244	0.00670	0.00536	0.00618	0.01021
20	0.01028	0.00735	0.00992	0.01175	0.01249	0.00698	0.00844	0.01212	0.01580	0.02094	0.04336	0.59100	0.05109	0.02426	0.01029	0.00331	0.00514	0.14154	0.00735	0.00661
21	0.03451	0.01373	0.01837	0.01425	0.02027	0.01220	0.01172	0.03888	0.06544	0.63397	0.03135	0.02717	0.01994	0.00988	0.00798	0.00247	0.00672	0.00804	0.00970	0.01343
22	0.01153	0.00769	0.00865	0.00865	0.00865	0.00769	0.00480	0.01153	0.01153	0.01538	0.02499	0.05189	0.02883	0.72131	0.04036	0.00769	0.00769	0.01153	0.00480	0.00480
23	0.77733	0.01534	0.01166	0.01043	0.01534	0.01779	0.00859	0.02331	0.01350	0.03558	0.01104	0.01288	0.00859	0.00736	0.00491	0.00245	0.00613	0.00429	0.00491	0.00859
24	0.01644	0.01409	0.01644	0.01175	0.01879	0.01057	0.00940	0.01997	0.01644	0.02584	0.01409	0.01644	0.01175	0.00587	0.00587	0.00117	0.00587	0.00470	0.00470	0.76979
25	0.01518	0.01302	0.02195	0.39624	0.03887	0.01476	0.09990	0.02015	0.01687	0.02400	0.06110	0.02580	0.01747	0.00864	0.00763	0.00244	0.00880	0.00793	0.19062	0.00862
26	0.01574	0.01314	0.01530	0.01259	0.01772	0.01158	0.00988	0.02270	0.14083	0.02689	0.06601	0.10422	0.02509	0.01067	0.00733	0.00195	0.00576	0.04873	0.00608	0.43779
27	0.02550	0.01797	0.02048	0.01548	0.02180	0.01786	0.01268	0.31752	0.02695	0.12393	0.01858	0.01911	0.01357	0.00843	0.00790	0.00200	0.03419	0.00637	0.00686	0.28284
28	0.02205	0.02225	0.02713	0.09568	0.35810	0.15321	0.02019	0.07677	0.09640	0.02687	0.01670	0.01984	0.01337	0.00800	0.00775	0.00236	0.01007	0.00690	0.00473	0.01162
29	0.05381	0.01847	0.02296	0.23598	0.03326	0.05784	0.05267	0.24398	0.05221	0.07117	0.01828	0.02247	0.01395	0.05653	0.01003	0.00284	0.00950	0.00743	0.00586	0.01076
30	0.02820	0.01511	0.01999	0.01660	0.04582	0.03014	0.04818	0.07839	0.08386	0.38568	0.10353	0.02912	0.02491	0.01015	0.00811	0.00242	0.00712	0.00860	0.00846	0.04563
31	0.04573	0.10139	0.06239	0.17664	0.07247	0.01793	0.01653	0.08625	0.02052	0.27400	0.02062	0.02150	0.01429	0.00871	0.00795	0.00242	0.02578	0.00693	0.00636	0.01160

[dist]
# distance from previous block
# <min> <max>
2	13

[block]
# block no. 2 follows, 24 sequences, length 70
# corresponding to MSA columns:
# 141-210
name=unknown_C
#
# <colnr> <probs for GDERKNQSTAVLIFYWHMCP>
#	G	D	E	R	K	N	Q	S	T	A	V	L	I	F	Y	W	H	M	C	P
0	0.27858	0.01666	0.05491	0.05810	0.08085	0.01713	0.01360	0.10336	0.01881	0.07038	0.08307	0.07140	0.02049	0.01052	0.00873	0.00260	0.06728	0.00795	0.00577	0.00982
1	0.06043	0.02239	0.06223	0.02412	0.16853	0.12774	0.01665	0.17346	0.05505	0.10835	0.01831	0.01991	0.01380	0.01093	0.04160	0.00281	0.00997	0.00671	0.00587	0.05113
2	0.05372	0.04787	0.09608	0.02011	0.04495	0.16651	0.04594	0.21570	0.02409	0.06977	0.01574	0.01761	0.01195	0.00894	0.00946	0.00238	0.08670	0.00636	0.00548	0.05064
3	0.06712	0.05816	0.15906	0.08735	0.02755	0.02036	0.01733	0.22990	0.12611	0.05435	0.02085	0.02167	0.03360	0.00909	0.00753	0.00243	0.00869	0.00708	0.00608	0.03571
4	0.00966	0.00690	0.00920	0.01104	0.01150	0.00644	0.00736	0.01104	0.01518	0.02024	0.04371	0.71614	0.05245	0.02484	0.01012	0.00322	0.00460	0.02254	0.00736	0.00644
5	0.00966	0.00690	0.00920	0.01104	0.01150	0.00644	0.00736	0.01104	0.01518	0.02024	0.04371	0.71614	0.05245	0.02484	0.01012	0.00322	0.00460	0.02254	0.00736	0.00644
6	0.00966	0.00690	0.00920	0.01104	0.01150	0.00644	0.00736	0.01104	0.01518	0.02024	0.04371	0.71614	0.05245	0.02484	0.01012	0.00322	0.00460	0.02254	0.00736	0.00644
7	0.03558	0.01350	0.01840	0.01411	0.02024	0.01166	0.01166	0.03865	0.02270	0.67734	0.03128	0.02699	0.01963	0.00981	0.00797	0.00245	0.00675	0.00797	0.00981	0.01350
8	0.02015	0.01637	0.01746	0.01561	0.02010	0.01859	0.01217	0.04039	0.58766	0.07105	0.03462	0.03177	0.05614	0.01117	0.00813	0.00267	0.00619	0.00929	0.00814	0.01232
9	0.77733	0.01534	0.01166	0.01043	0.01534	0.01779	0.00859	0.02331	0.01350	0.03558	0.01104	0.01288	0.00859	0.00736	0.00491	0.00245	0.00613	0.00429	0.00491	0.00859
10	0.00966	0.00690	0.00920	0.01104	0.01150	0.00644	0.00736	0.01104	0.01518	0.02024	0.04371	0.71614	0.05245	0.02484	0.01012	0.00322	0.00460	0.02254	0.00736	0.00644
11	0.02019	0.07325	0.32511	0.02281	0.06721	0.17617	0.04567	0.02782	0.07993	0.02390	0.01522	0.01757	0.01171	0.00827	0.00855	0.00243	0.05305	0.00616	0.00405	0.01095
12	0.02966	0.03673	0.02256	0.02028	0.02452	0.64422	0.01530	0.07344	0.02348	0.02149	0.01272	0.01462	0.01044	0.00826	0.00720	0.00207	0.01392	0.00525	0.00435	0.00949
13	0.77733	0.01534	0.01166	0.01043	0.01534	0.01779	0.00859	0.02331	0.01350	0.03558	0.01104	0.01288	0.00859	0.00736	0.00491	0.00245	0.00613	0.00429	0.00491	0.00859
14	0.01373	0.05313	0.01360	0.01119	0.01383	0.04529	0.00876	0.05359	0.02218	0.02970	0.44855	0.05543	0.14146	0.01562	0.00898	0.00250	0.00507	0.04154	0.00788	0.00798
15	0.00937	0.00803	0.00803	0.00803	0.01071	0.00669	0.00602	0.01138	0.01807	0.02142	0.08033	0.07632	0.66863	0.02008	0.00937	0.00268	0.00402	0.01674	0.00736	0.00669
16	0.01953	0.01912	0.03379	0.04700	0.60270	0.01897	0.09220	0.02445	0.01813	0.02585	0.01504	0.01982	0.01250	0.00702	0.00802	0.00239	0.00985	0.00732	0.00393	0.01236
17	0.01023	0.00807	0.00922	0.00893	0.01124	0.00706	0.00670	0.01304	0.02010	0.02622	0.35174	0.06842	0.39423	0.01829	0.00936	0.00259	0.00389	0.01563	0.00799	0.00706
18	0.01377	0.00689	0.01033	0.01033	0.01033	0.00689	0.00689	0.01033	0.01033	0.01377	0.01377	0.02410	0.01377	0.02755	0.03099	0.76928	0.00689	0.00689	0.00344	0.00344
19	0.02159	0.13647	0.14291	0.01770	0.02288	0.31907	0.01590	0.02499	0.01922	0.02106	0.04854	0.13528	0.02035	0.01104	0.00751	0.00230	0.01081	0.00849	0.00462	0.00926
20	0.01111	0.00810	0.01045	0.00986	0.01178	0.00744	0.00740	0.01475	0.02219	0.03118	0.63268	0.06025	0.11019	0.01644	0.00935	0.00251	0.00376	0.01448	0.00865	0.00744
21	0.02011	0.01299	0.01622	0.01591	0.06354	0.01312	0.01113	0.18534	0.02260	0.13190	0.06715	0.28961	0.03371	0.06477	0.01109	0.00308	0.00655	0.01383	0.00755	0.00981
22	0.01972	0.01703	0.01793	0.01614	0.02062	0.01972	0.01255	0.04214	0.65752	0.03317	0.03228	0.02959	0.02421	0.01076	0.00807	0.00269	0.00628	0.00897	0.00807	0.01255
23	0.77733	0.01534	0.01166	0.01043	0.01534	0.01779	0.00859	0.02331	0.01350	0.03558	0.01104	0.01288	0.00859	0.00736	0.00491	0.00245	0.00613	0.00429	0.00491	0.00859
24	0.02156	0.11534	0.07091	0.05805	0.09179	0.18488	0.11871	0.06133	0.01897	0.02314	0.01557	0.01912	0.03302	0.00900	0.01056	0.00246	0.12452	0.00683	0.00413	0.01012
25	0.02088	0.01123	0.01553	0.01342	0.01730	0.00997	0.04226	0.02412	0.04001	0.26970	0.03659	0.29272	0.06987	0.01568	0.00876	0.00266	0.00601	0.01387	0.00789	0.08154
26	0.01211	0.00951	0.01454	0.11718	0.02018	0.00958	0.04785	0.01529	0.01862	0.02553	0.31576	0.20164	0.05106	0.01733	0.01068	0.04842	0.00592	0.04446	0.00696	0.00739
27	0.01142	0.00764	0.00868	0.00879	0.00882	0.00761	0.00496	0.01150	0.01175	0.01567	0.02610	0.09145	0.03024	0.67983	0.03856	0.00742	0.00750	0.01219	0.00496	0.00490
28	0.02331	0.41221	0.03271	0.01599	0.02161	0.15452	0.01413	0.08719	0.08952	0.02345	0.01433	0.01572	0.01205	0.00812	0.00717	0.00203	0.04562	0.00534	0.00448	0.01049
29	0.00966	0.00690	0.00920	0.01104	0.01150	0.00644	0.00736	0.01104	0.01518	0.02024	0.04371	0.71614	0.05245	0.02484	0.01012	0.00322	0.00460	0.02254	0.00736	0.00644
30	0.01898	0.01735	0.02219	0.07297	0.06042	0.02171	0.01610	0.06562	0.26573	0.02688	0.01998	0.02264	0.01610	0.01156	0.01553	0.00297	0.29926	0.00776	0.00556	0.01070
31	0.72272	0.01718	0.05960	0.01130	0.01670	0.01783	0.01007	0.02344	0.01373	0.03483	0.01127	0.01316	0.00869	0.00737	0.00510	0.00246	0.00653	0.00441	0.00480	0.00881
32	0.01735	0.01735	0.02429	0.02082	0.02082	0.02429	0.01735	0.01908	0.01214	0.01908	0.01041	0.01735	0.01041	0.01388	0.02602	0.00347	0.70680	0.00694	0.00347	0.00867
33	0.01695	0.03147	0.39274	0.07457	0.03743	0.01896	0.22893	0.02571	0.04923	0.02526	0.01571	0.01922	0.01144	0.00744	0.00819	0.00258	0.01191	0.00725	0.00381	0.01122
34	0.52492	0.06718	0.01644	0.01228	0.01768	0.01915	0.01030	0.12228	0.01841	0.10701	0.01451	0.01538	0.01068	0.00793	0.00573	0.00239	0.00677	0.00514	0.00581	0.01001
35	0.01161	0.00876	0.01098	0.00997	0.01249	0.00774	0.00754	0.01515	0.02134	0.03009	0.53598	0.05629	0.12856	0.01547	0.00897	0.00237	0.00400	0.01353	0.00815	0.09102
36	0.01371	0.00866	0.01140	0.01040	0.01270	0.00791	0.00791	0.01738	0.02247	0.09774	0.60266	0.05594	0.06918	0.01556	0.00921	0.00249	0.00405	0.01369	0.00884	0.00810
37	0.01498	0.01409	0.02378	0.70226	0.05462	0.01762	0.02202	0.02026	0.01586	0.02026	0.01409	0.02114	0.01057	0.00793	0.00793	0.00264	0.01057	0.00705	0.00352	0.00881
38	0.02265	0.55712	0.06683	0.01535	0.02182	0.16251	0.01464	0.02539	0.01741	0.01910	0.01142	0.01322	0.01018	0.00710	0.00561	0.00180	0.00979	0.00449	0.00353	0.01005
39	0.00985	0.00703	0.00941	0.01125	0.01179	0.00660	0.00768	0.01136	0.01536	0.02045	0.04360	0.67895	0.05204	0.02467	0.01017	0.00325	0.00476	0.05790	0.00736	0.00649
40	0.01570	0.00960	0.01222	0.01097	0.01367	0.00901	0.00837	0.02048	0.06749	0.13503	0.47533	0.05226	0.08202	0.04016	0.01015	0.00269	0.00456	0.01291	0.00867	0.00869
41	0.01153	0.00769	0.00865	0.00865	0.00865	0.00769	0.00480	0.01153	0.01153	0.01538	0.02499	0.05189	0.02883	0.72131	0.04036	0.00769	0.00769	0.01153	0.00480	0.00480
42	0.02207	0.01486	0.01738	0.01368	0.01971	0.01367	0.01092	0.03135	0.21690	0.18499	0.02388	0.02306	0.01751	0.00834	0.00706	0.00195	0.00621	0.00681	0.00698	0.35268
43	0.01738	0.01709	0.02892	0.02066	0.02811	0.01447	0.26992	0.02220	0.01738	0.02566	0.01490	0.01848	0.01186	0.00621	0.00731	0.00179	0.00895	0.00661	0.00442	0.45769
44	0.02962	0.03779	0.02247	0.02043	0.02451	0.68948	0.01532	0.03166	0.02247	0.01941	0.01226	0.01430	0.01021	0.00817	0.00715	0.00204	0.01430	0.00511	0.00409	0.00919
45	0.73423	0.01679	0.04949	0.01112	0.01641	0.01782	0.00976	0.02341	0.01368	0.03499	0.01122	0.01310	0.00867	0.00737	0.00506	0.00246	0.00645	0.00438	0.00482	0.00877
46	0.02481	0.01972	0.02276	0.06126	0.09121	0.02202	0.01562	0.35041	0.23398	0.04034	0.02259	0.02262	0.01667	0.00957	0.00797	0.00249	0.00812	0.00772	0.00731	0.01281
47	0.00966	0.00690	0.00920	0.01104	0.01150	0.00644	0.00736	0.01104	0.01518	0.02024	0.04371	0.71614	0.05245	0.02484	0.01012	0.00322	0.00460	0.02254	0.00736	0.00644
48	0.01898	0.01639	0.01722	0.01556	0.01991	0.01879	0.01208	0.03993	0.61166	0.03233	0.03572	0.03294	0.07042	0.01143	0.00816	0.00269	0.00611	0.00952	0.00802	0.01213
49	0.00966	0.00690	0.00920	0.01104	0.01150	0.00644	0.00736	0.01104	0.01518	0.02024	0.04371	0.71614	0.05245	0.02484	0.01012	0.00322	0.00460	0.02254	0.00736	0.00644
50	0.01036	0.00807	0.00941	0.00907	0.01132	0.00712	0.00680	0.01330	0.02041	0.02697	0.39439	0.06718	0.35111	0.01801	0.00936	0.00258	0.00387	0.01546	0.00809	0.00712
51	0.03014	0.02221	0.02380	0.01825	0.02459	0.02459	0.01507	0.64541	0.03728	0.04998	0.01904	0.01904	0.01349	0.00952	0.00793	0.00238	0.00873	0.00714	0.00793	0.01349
52	0.16846	0.01836	0.01997	0.01558	0.02160	0.01950	0.01287	0.35102	0.02859	0.23404	0.02122	0.02028	0.01442	0.00921	0.00739	0.00242	0.00766	0.00687	0.00794	0.01259
53	0.03014	0.02221	0.02380	0.01825	0.02459	0.02459	0.01507	0.64541	0.03728	0.04998	0.01904	0.01904	0.01349	0.00952	0.00793	0.00238	0.00873	0.00714	0.00793	0.01349
54	0.01498	0.01409	0.02378	0.70226	0.05462	0.01762	0.02202	0.02026	0.01586	0.02026	0.01409	0.02114	0.01057	0.00793	0.00793	0.00264	0.01057	0.00705	0.00352	0.00881
55	0.02120	0.72609	0.04155	0.01357	0.02035	0.03138	0.01357	0.02374	0.01611	0.01866	0.01102	0.01272	0.01018	0.00678	0.00509	0.00170	0.00848	0.00424	0.00339	0.01018
56	0.01963	0.01884	0.03219	0.04867	0.67185	0.01884	0.02434	0.02434	0.01806	0.02591	0.01492	0.01963	0.01256	0.00707	0.00785	0.00236	0.00942	0.00707	0.00393	0.01256
57	0.01972	0.01703	0.01793	0.01614	0.02062	0.01972	0.01255	0.04214	0.65752	0.03317	0.03228	0.02959	0.02421	0.01076	0.00807	0.00269	0.00628	0.00897	0.00807	0.01255
58	0.00966	0.00690	0.00920	0.01104	0.01150	0.00644	0.00736	0.01104	0.01518	0.02024	0.04371	0.71614	0.05245	0.02484	0.01012	0.00322	0.00460	0.02254	0.00736	0.00644
59	0.01498	0.01409	0.02378	0.70226	0.05462	0.01762	0.02202	0.02026	0.01586	0.02026	0.01409	0.02114	0.01057	0.00793	0.00793	0.00264	0.01057	0.00705	0.00352	0.00881
60	0.00980	0.00805	0.00862	0.00848	0.01097	0.00688	0.00636	0.01220	0.01908	0.02381	0.21533	0.07239	0.53215	0.01919	0.00937	0.00264	0.00395	0.01619	0.00768	0.00688
61	0.01377	0.00689	0.01033	0.01033	0.01033	0.00689	0.00689	0.01033	0.01033	0.01377	0.01377	0.02410	0.01377	0.02755	0.03099	0.76928	0.00689	0.00689	0.00344	0.00344
62	0.02120	0.72609	0.04155	0.01357	0.02035	0.03138	0.01357	0.02374	0.01611	0.01866	0.01102	0.01272	0.01018	0.00678	0.00509	0.00170	0.00848	0.00424	0.00339	0.01018
63	0.00966	0.00690	0.00920	0.01104	0.01150	0.00644	0.00736	0.01104	0.01518	0.02024	0.04371	0.71614	0.05245	0.02484	0.01012	0.00322	0.00460	0.02254	0.00736	0.00644
64	0.07380	0.01595	0.01855	0.01512	0.02065	0.01646	0.01223	0.11919	0.23847	0.33846	0.02879	0.02597	0.01970	0.00995	0.00782	0.00252	0.00681	0.00798	0.00868	0.01288
65	0.01871	0.04532	0.03206	0.05800	0.27974	0.02109	0.14327	0.02396	0.05432	0.02385	0.01473	0.01972	0.01238	0.00914	0.01315	0.00274	0.20543	0.00749	0.00403	0.01088
66	0.02052	0.06900	0.03122	0.04219	0.55256	0.01888	0.02204	0.02492	0.01811	0.06404	0.01557	0.01940	0.01277	0.00715	0.00756	0.00225	0.00901	0.00679	0.00428	0.05175
67	0.72265	0.01525	0.01252	0.06005	0.01815	0.01778	0.00955	0.02309	0.01366	0.03448	0.01126	0.01347	0.00873	0.00740	0.00512	0.00247	0.00645	0.00449	0.00481	0.00860
68	0.02219	0.02045	0.06489	0.03695	0.42907	0.05320	0.02103	0.05746	0.08955	0.09890	0.01863	0.02106	0.01439	0.00797	0.00784	0.00240	0.00913	0.00721	0.00519	0.01248
69	0.02147	0.02085	0.02594	0.07375	0.32349	0.11676	0.01876	0.09375	0.06158	0.02770	0.01592	0.01902	0.01282	0.00760	0.00747	0.00217	0.00938	0.00654	0.00475	0.13032

[dist]
# distance from previous block
# <min> <max>
0	1

[block]
# block no. 3 follows, 24 sequences, length 28
# corresponding to MSA columns:
# 212-239
name=unknown_D
#
# <colnr> <probs for GDERKNQSTAVLIFYWHMCP>
#	G	D	E	R	K	N	Q	S	T	A	V	L	I	F	Y	W	H	M	C	P
0	0.01838	0.01261	0.01501	0.01238	0.01632	0.01213	0.00969	0.15746	0.02425	0.09078	0.33273	0.04047	0.04417	0.04981	0.01002	0.00254	0.00565	0.01054	0.00782	0.12723
1	0.01773	0.01876	0.03351	0.07910	0.03194	0.02203	0.27513	0.02177	0.01514	0.02177	0.01301	0.01931	0.01109	0.01046	0.01776	0.00308	0.36727	0.00794	0.00370	0.00952
2	0.01122	0.00811	0.01060	0.00998	0.01185	0.00748	0.00748	0.01496	0.02245	0.03180	0.66766	0.05923	0.07482	0.01621	0.00935	0.00249	0.00374	0.01434	0.00873	0.00748
3	0.00966	0.00690	0.00920	0.01104	0.01150	0.00644	0.00736	0.01104	0.01518	0.02024	0.04371	0.71614	0.05245	0.02484	0.01012	0.00322	0.00460	0.02254	0.00736	0.00644
4	0.02258	0.01798	0.02052	0.10101	0.02558	0.02042	0.01440	0.30306	0.20791	0.03711	0.02675	0.02713	0.06734	0.01242	0.03285	0.00293	0.03276	0.00844	0.00710	0.01172
5	0.77733	0.01534	0.01166	0.01043	0.01534	0.01779	0.00859	0.02331	0.01350	0.03558	0.01104	0.01288	0.00859	0.00736	0.00491	0.00245	0.00613	0.00429	0.00491	0.00859
6	0.01783	0.01679	0.02225	0.01835	0.02051	0.02079	0.01519	0.05419	0.01464	0.02253	0.01183	0.01721	0.01092	0.01159	0.01986	0.00282	0.48850	0.00638	0.00403	0.20377
7	0.08825	0.02217	0.02708	0.03656	0.42253	0.15370	0.02003	0.02740	0.07886	0.02614	0.01568	0.01890	0.01284	0.00766	0.00747	0.00233	0.00982	0.00661	0.00443	0.01153
8	0.02173	0.37878	0.03030	0.01521	0.02033	0.15703	0.01332	0.08203	0.01869	0.02171	0.01408	0.01734	0.01244	0.01791	0.14348	0.00405	0.01222	0.00554	0.00413	0.00967
9	0.01377	0.00689	0.01033	0.01033	0.01033	0.00689	0.00689	0.01033	0.01033	0.01377	0.01377	0.02410	0.01377	0.02755	0.03099	0.76928	0.00689	0.00689	0.00344	0.00344
10	0.01040	0.00807	0.00946	0.00911	0.01134	0.00713	0.00684	0.01337	0.02051	0.02719	0.40684	0.06682	0.33852	0.01793	0.00936	0.00258	0.00386	0.01540	0.00812	0.00713
11	0.02089	0.01577	0.01701	0.01433	0.01772	0.04171	0.01094	0.30968	0.02423	0.03229	0.02104	0.03131	0.01930	0.24042	0.14228	0.00591	0.01089	0.00868	0.00614	0.00945
12	0.02114	0.01561	0.01988	0.10460	0.14514	0.01688	0.01448	0.24112	0.02409	0.03493	0.01994	0.02294	0.01525	0.00877	0.00712	0.00223	0.00740	0.00720	0.26060	0.01069
13	0.01613	0.00869	0.00883	0.00835	0.01059	0.00890	0.00638	0.07358	0.01845	0.03136	0.02527	0.02864	0.01972	0.00926	0.00575	0.00189	0.00414	0.00737	0.69876	0.00793
14	0.02408	0.01544	0.01658	0.01344	0.01789	0.01655	0.01086	0.34332	0.02769	0.08289	0.02270	0.02396	0.01675	0.00942	0.00694	0.00216	0.00649	0.00730	0.32460	0.01094
15	0.01059	0.00808	0.00972	0.00931	0.01146	0.00721	0.00698	0.01374	0.02095	0.02825	0.46697	0.06507	0.27773	0.01753	0.00936	0.00256	0.00384	0.01516	0.00826	0.00721
16	0.03014	0.02221	0.02380	0.01825	0.02459	0.02459	0.01507	0.64541	0.03728	0.04998	0.01904	0.01904	0.01349	0.00952	0.00793	0.00238	0.00873	0.00714	0.00793	0.01349
17	0.02066	0.01659	0.01871	0.01375	0.02058	0.01489	0.01114	0.21260	0.02286	0.03327	0.01562	0.01724	0.01228	0.00700	0.00651	0.00155	0.00675	0.00545	0.00569	0.53686
18	0.02120	0.72609	0.04155	0.01357	0.02035	0.03138	0.01357	0.02374	0.01611	0.01866	0.01102	0.01272	0.01018	0.00678	0.00509	0.00170	0.00848	0.00424	0.00339	0.01018
19	0.02038	0.01279	0.01337	0.01135	0.01483	0.01366	0.00902	0.24699	0.02416	0.03700	0.02338	0.02573	0.01783	0.00934	0.00641	0.00204	0.00553	0.00730	0.48927	0.00961
20	0.03014	0.02221	0.02380	0.01825	0.02459	0.02459	0.01507	0.64541	0.03728	0.04998	0.01904	0.01904	0.01349	0.00952	0.00793	0.00238	0.00873	0.00714	0.00793	0.01349
21	0.01204	0.00873	0.01181	0.01318	0.01498	0.00850	0.01111	0.01539	0.01852	0.02425	0.12257	0.13340	0.10452	0.02127	0.01055	0.00339	0.00636	0.44473	0.00749	0.00720
22	0.00969	0.00813	0.00847	0.00864	0.01124	0.00692	0.00665	0.01185	0.01809	0.02164	0.07679	0.07753	0.61110	0.02025	0.00952	0.00277	0.00432	0.07231	0.00736	0.00675
23	0.03558	0.01350	0.01840	0.01411	0.02024	0.01166	0.01166	0.03865	0.02270	0.67734	0.03128	0.02699	0.01963	0.00981	0.00797	0.00245	0.00675	0.00797	0.00981	0.01350
24	0.03014	0.02221	0.02380	0.01825	0.02459	0.02459	0.01507	0.64541	0.03728	0.04998	0.01904	0.01904	0.01349	0.00952	0.00793	0.00238	0.00873	0.00714	0.00793	0.01349
25	0.01122	0.00811	0.01060	0.00998	0.01185	0.00748	0.00748	0.01496	0.02245	0.03180	0.66766	0.05923	0.07482	0.01621	0.00935	0.00249	0.00374	0.01434	0.00873	0.00748
26	0.40071	0.01141	0.00955	0.00893	0.01232	0.01265	0.00708	0.02092	0.01504	0.03261	0.01836	0.02112	0.01438	0.00829	0.00522	0.00215	0.00493	0.00582	0.38048	0.00800
27	0.08577	0.02011	0.02307	0.43114	0.09222	0.17478	0.01946	0.02351	0.01737	0.02185	0.01346	0.01870	0.01047	0.00787	0.00747	0.00246	0.01096	0.00635	0.00381	0.00917

[dist]
# distance from previous block
# <min> <max>
0	1

[block]
# block no. 4 follows, 24 sequences, length 22
# corresponding to MSA columns:
# 241-262
name=unknown_E
#
# <colnr> <probs for GDERKNQSTAVLIFYWHMCP>
#	G	D	E	R	K	N	Q	S	T	A	V	L	I	F	Y	W	H	M	C	P
0	0.02158	0.61136	0.03857	0.01473	0.02073	0.08520	0.01402	0.02402	0.01631	0.01875	0.01108	0.01323	0.01020	0.00748	0.00697	0.00187	0.06594	0.00453	0.00346	0.00997
1	0.02041	0.01828	0.02233	0.34342	0.03790	0.07374	0.01761	0.16875	0.10343	0.02919	0.01741	0.02079	0.01306	0.00851	0.00771	0.00242	0.00951	0.00696	0.00527	0.07330
2	0.01565	0.01377	0.02297	0.12162	0.22284	0.01414	0.06900	0.02009	0.01790	0.02405	0.02779	0.05324	0.02800	0.01422	0.00946	0.00304	0.00889	0.29847	0.00549	0.00938
3	0.01471	0.00888	0.01172	0.01057	0.01305	0.00808	0.00808	0.01835	0.02248	0.12419	0.57658	0.05462	0.06692	0.01530	0.00916	0.00249	0.00417	0.01343	0.00888	0.00834
4	0.01297	0.00797	0.01019	0.01019	0.01182	0.00871	0.00783	0.01622	0.01459	0.02372	0.02344	0.03040	0.02006	0.03555	0.36393	0.00755	0.01288	0.00797	0.36676	0.00723
5	0.00966	0.00690	0.00920	0.01104	0.01150	0.00644	0.00736	0.01104	0.01518	0.02024	0.04371	0.71614	0.05245	0.02484	0.01012	0.00322	0.00460	0.02254	0.00736	0.00644
6	0.01377	0.00689	0.01033	0.01033	0.01033	0.00689	0.00689	0.01033	0.01033	0.01377	0.01377	0.02410	0.01377	0.02755	0.03099	0.76928	0.00689	0.00689	0.00344	0.00344
7	0.03014	0.02221	0.02380	0.01825	0.02459	0.02459	0.01507	0.64541	0.03728	0.04998	0.01904	0.01904	0.01349	0.00952	0.00793	0.00238	0.00873	0.00714	0.00793	0.01349
8	0.00990	0.00715	0.00943	0.01115	0.01186	0.00668	0.00773	0.01151	0.01561	0.02060	0.04579	0.62565	0.08928	0.02431	0.01014	0.00322	0.00479	0.07131	0.00736	0.00653
9	0.01498	0.01409	0.02378	0.70226	0.05462	0.01762	0.02202	0.02026	0.01586	0.02026	0.01409	0.02114	0.01057	0.00793	0.00793	0.00264	0.01057	0.00705	0.00352	0.00881
10	0.03014	0.02221	0.02380	0.01825	0.02459	0.02459	0.01507	0.64541	0.03728	0.04998	0.01904	0.01904	0.01349	0.00952	0.00793	0.00238	0.00873	0.00714	0.00793	0.01349
11	0.01184	0.00917	0.01340	0.01312	0.01431	0.01094	0.01016	0.01438	0.01261	0.01825	0.02062	0.03151	0.01970	0.10345	0.58816	0.01161	0.07693	0.00859	0.00422	0.00705
12	0.01972	0.01703	0.01793	0.01614	0.02062	0.01972	0.01255	0.04214	0.65752	0.03317	0.03228	0.02959	0.02421	0.01076	0.00807	0.00269	0.00628	0.00897	0.00807	0.01255
13	0.01138	0.00762	0.00869	0.00885	0.00888	0.00759	0.00502	0.01149	0.01183	0.01578	0.02653	0.10665	0.03078	0.66390	0.03787	0.00732	0.00743	0.01244	0.00502	0.00494
14	0.01037	0.00832	0.00943	0.00985	0.01225	0.00737	0.00785	0.01292	0.01844	0.02276	0.11294	0.07843	0.46726	0.02027	0.00977	0.00291	0.00483	0.16969	0.00745	0.00691
15	0.01564	0.01477	0.02498	0.60897	0.14271	0.01779	0.02235	0.02084	0.01617	0.02107	0.01421	0.02093	0.01085	0.00781	0.00792	0.00260	0.01041	0.00705	0.00358	0.00934
16	0.02636	0.03223	0.02202	0.02067	0.04558	0.52917	0.01528	0.02923	0.04225	0.01999	0.01360	0.01665	0.01157	0.01291	0.06459	0.00308	0.07570	0.00575	0.00417	0.00921
17	0.00966	0.00690	0.00920	0.01104	0.01150	0.00644	0.00736	0.01104	0.01518	0.02024	0.04371	0.71614	0.05245	0.02484	0.01012	0.00322	0.00460	0.02254	0.00736	0.00644
18	0.01908	0.01967	0.07938	0.02717	0.19027	0.01884	0.10407	0.05196	0.29138	0.02977	0.04404	0.02753	0.02038	0.00951	0.00828	0.00260	0.00854	0.02953	0.00606	0.01192
19	0.54465	0.01326	0.01199	0.01113	0.01498	0.01540	0.00899	0.02053	0.01327	0.03036	0.01414	0.01843	0.01200	0.02319	0.21297	0.00558	0.01072	0.00557	0.00471	0.00813
20	0.27845	0.23017	0.02256	0.01464	0.06988	0.01994	0.01113	0.02323	0.04059	0.06695	0.01761	0.02236	0.03457	0.10663	0.01057	0.00296	0.00731	0.00632	0.00487	0.00928
21	0.02290	0.06057	0.02461	0.01943	0.02312	0.13495	0.06019	0.08048	0.15989	0.08215	0.01850	0.02054	0.01457	0.01060	0.01344	0.00272	0.22792	0.00721	0.00554	0.01066

[dist]
# distance from previous block
# <min> <max>
0	5

[block]
# block no. 5 follows, 24 sequences, length 17
# corresponding to MSA columns:
# 268-284
name=unknown_F
#
# <colnr> <probs for GDERKNQSTAVLIFYWHMCP>
#	G	D	E	R	K	N	Q	S	T	A	V	L	I	F	Y	W	H	M	C	P
0	0.01400	0.01039	0.01204	0.01221	0.01405	0.01089	0.00871	0.07060	0.15045	0.02563	0.03623	0.40302	0.03878	0.08448	0.01200	0.00336	0.00551	0.01630	0.06316	0.00821
1	0.01096	0.00796	0.01066	0.01212	0.01335	0.00746	0.00905	0.01312	0.01615	0.02158	0.04151	0.49375	0.04813	0.02290	0.01012	0.00323	0.00546	0.19485	0.00719	0.05045
2	0.02386	0.01543	0.01761	0.01419	0.01895	0.01586	0.01146	0.30389	0.02861	0.15334	0.18150	0.03764	0.11778	0.01257	0.00847	0.00246	0.00657	0.01028	0.00838	0.01116
3	0.03014	0.02221	0.02380	0.01825	0.02459	0.02459	0.01507	0.64541	0.03728	0.04998	0.01904	0.01904	0.01349	0.00952	0.00793	0.00238	0.00873	0.00714	0.00793	0.01349
4	0.01478	0.00739	0.00739	0.00739	0.00924	0.00739	0.00554	0.01848	0.01663	0.02956	0.02587	0.02956	0.02033	0.00924	0.00554	0.00185	0.00370	0.00739	0.76534	0.00739
5	0.02120	0.72609	0.04155	0.01357	0.02035	0.03138	0.01357	0.02374	0.01611	0.01866	0.01102	0.01272	0.01018	0.00678	0.00509	0.00170	0.00848	0.00424	0.00339	0.01018
6	0.01153	0.00769	0.00865	0.00865	0.00865	0.00769	0.00480	0.01153	0.01153	0.01538	0.02499	0.05189	0.02883	0.72131	0.04036	0.00769	0.00769	0.01153	0.00480	0.00480
7	0.02953	0.02191	0.02345	0.01812	0.02436	0.02430	0.01492	0.60984	0.07385	0.04899	0.01982	0.01966	0.01412	0.00959	0.00794	0.00240	0.00858	0.00725	0.00794	0.01343
8	0.01760	0.01396	0.01863	0.01398	0.02033	0.01116	0.06539	0.02125	0.01720	0.07926	0.01914	0.06303	0.01689	0.00837	0.00692	0.00168	0.00662	0.04443	0.00538	0.54878
9	0.02120	0.72609	0.04155	0.01357	0.02035	0.03138	0.01357	0.02374	0.01611	0.01866	0.01102	0.01272	0.01018	0.00678	0.00509	0.00170	0.00848	0.00424	0.00339	0.01018
10	0.77733	0.01534	0.01166	0.01043	0.01534	0.01779	0.00859	0.02331	0.01350	0.03558	0.01104	0.01288	0.00859	0.00736	0.00491	0.00245	0.00613	0.00429	0.00491	0.00859
11	0.03526	0.01400	0.01872	0.01435	0.02049	0.01240	0.01185	0.07378	0.02354	0.64101	0.03058	0.02653	0.01927	0.00980	0.00797	0.00245	0.00686	0.00793	0.00971	0.01349
12	0.01002	0.00724	0.00948	0.01065	0.01155	0.00670	0.00733	0.01199	0.01704	0.02303	0.19303	0.53092	0.08645	0.02258	0.00990	0.00302	0.00437	0.02033	0.00768	0.00670
13	0.00966	0.00690	0.00920	0.01104	0.01150	0.00644	0.00736	0.01104	0.01518	0.02024	0.04371	0.71614	0.05245	0.02484	0.01012	0.00322	0.00460	0.02254	0.00736	0.00644
14	0.03365	0.01309	0.01764	0.01366	0.01954	0.01129	0.01124	0.03664	0.02236	0.62902	0.03490	0.03062	0.06744	0.01057	0.00808	0.00247	0.00655	0.00862	0.00963	0.01299
15	0.01627	0.01391	0.01470	0.01348	0.01726	0.01525	0.01040	0.03172	0.43524	0.02994	0.09761	0.04444	0.19944	0.01368	0.00852	0.00267	0.00547	0.01147	0.00794	0.01058
16	0.18610	0.01387	0.01703	0.01336	0.01925	0.01290	0.01103	0.03553	0.02083	0.54711	0.02718	0.02413	0.01739	0.00932	0.00735	0.00245	0.00662	0.00723	0.00882	0.01250

[dist]
# distance from previous block
# <min> <max>
3	8

[block]
# block no. 6 follows, 24 sequences, length 21
# corresponding to MSA columns:
# 294-314
name=unknown_G
#
# <colnr> <probs for GDERKNQSTAVLIFYWHMCP>
#	G	D	E	R	K	N	Q	S	T	A	V	L	I	F	Y	W	H	M	C	P
0	0.01503	0.00872	0.01311	0.01458	0.07877	0.00882	0.00900	0.03707	0.01220	0.01646	0.01410	0.02344	0.01364	0.02473	0.02770	0.66005	0.00722	0.00692	0.00367	0.00478
1	0.01434	0.01813	0.22942	0.01447	0.01837	0.01081	0.01437	0.01536	0.01255	0.01772	0.01431	0.02207	0.01287	0.02267	0.05772	0.47917	0.00922	0.00664	0.00345	0.00634
2	0.00947	0.00767	0.00841	0.00901	0.01097	0.00661	0.00646	0.01127	0.01714	0.02104	0.06849	0.28316	0.46943	0.02162	0.00961	0.00285	0.00421	0.01861	0.00736	0.00661
3	0.02150	0.57761	0.03568	0.01306	0.01935	0.02677	0.01259	0.02404	0.01701	0.08809	0.02026	0.02074	0.07872	0.00847	0.00583	0.00188	0.00784	0.00591	0.00447	0.01017
4	0.00982	0.00716	0.00925	0.01060	0.01146	0.00659	0.00724	0.01155	0.01635	0.02175	0.12198	0.57061	0.11980	0.02331	0.00995	0.00308	0.00444	0.02096	0.00752	0.00659
5	0.01327	0.00707	0.00995	0.00995	0.00995	0.00707	0.00642	0.01060	0.01060	0.01413	0.01629	0.03034	0.01715	0.18314	0.03309	0.59848	0.00707	0.00793	0.00375	0.00375
6	0.02120	0.72609	0.04155	0.01357	0.02035	0.03138	0.01357	0.02374	0.01611	0.01866	0.01102	0.01272	0.01018	0.00678	0.00509	0.00170	0.00848	0.00424	0.00339	0.01018
