[name]
unknown

[dist]
# distance from previous block
# <min> <max>
0	64

[block]
# block no. 0 follows, 24 sequences, length 140
# corresponding to MSA columns:
# 65-204
name=unknown_A
#
# <colnr> <probs for GDERKNQSTAVLIFYWHMCP>
#	G	D	E	R	K	N	Q	S	T	A	V	L	I	F	Y	W	H	M	C	P
0	0.15746	0.07114	0.15157	0.02244	0.16202	0.01689	0.01739	0.02752	0.01800	0.19699	0.01911	0.02188	0.01429	0.00844	0.00714	0.00239	0.00830	0.03009	0.00565	0.04128
1	0.08084	0.02031	0.10972	0.02906	0.27686	0.05189	0.04523	0.02410	0.04516	0.05161	0.04584	0.08708	0.01888	0.00944	0.00773	0.00239	0.00866	0.00838	0.00494	0.07187
2	0.08451	0.14755	0.07076	0.01792	0.07042	0.04258	0.04045	0.04552	0.01921	0.22297	0.02376	0.08193	0.02003	0.01084	0.00764	0.00248	0.00808	0.06612	0.00638	0.01086
3	0.05185	0.05990	0.01996	0.04144	0.02080	0.01575	0.03810	0.11812	0.06986	0.18162	0.11887	0.05663	0.02620	0.03846	0.00990	0.00260	0.03787	0.00892	0.00714	0.07600
4	0.01329	0.00914	0.01043	0.00990	0.01062	0.00948	0.00620	0.07224	0.01409	0.01892	0.02412	0.04708	0.02664	0.59985	0.08980	0.00759	0.00888	0.01087	0.00506	0.00582
5	0.01597	0.01511	0.02558	0.56287	0.18625	0.01788	0.02252	0.02113	0.01633	0.02146	0.01427	0.02082	0.01100	0.00774	0.00791	0.00258	0.01033	0.00705	0.00361	0.00961
6	0.01429	0.00734	0.00756	0.00774	0.00945	0.00730	0.00572	0.01777	0.01649	0.02867	0.02757	0.09509	0.02339	0.01073	0.00598	0.00198	0.00378	0.00884	0.69300	0.00730
7	0.01031	0.00796	0.00941	0.00928	0.01135	0.00706	0.00687	0.01312	0.01996	0.02644	0.36698	0.12894	0.31649	0.01862	0.00943	0.00264	0.00394	0.01611	0.00804	0.00706
8	0.01617	0.03914	0.61977	0.02363	0.03500	0.01857	0.08787	0.02514	0.01693	0.02514	0.01440	0.01719	0.01023	0.00745	0.00771	0.00253	0.01188	0.00619	0.00341	0.01162
9	0.01444	0.00746	0.00770	0.00764	0.00949	0.00740	0.00573	0.01814	0.01718	0.02978	0.08712	0.03240	0.02553	0.00990	0.00591	0.00191	0.00370	0.00805	0.69313	0.00740
10	0.02795	0.03215	0.02265	0.08498	0.02726	0.48904	0.01582	0.13399	0.04775	0.02513	0.01431	0.01631	0.01131	0.00847	0.00739	0.00218	0.01271	0.00578	0.00482	0.01000
11	0.09103	0.08505	0.42996	0.02206	0.08119	0.01905	0.02369	0.02567	0.01680	0.08149	0.01504	0.01721	0.01096	0.00790	0.00798	0.00247	0.04104	0.00592	0.00411	0.01139
12	0.04836	0.19496	0.12051	0.02945	0.28830	0.02066	0.04317	0.02353	0.01725	0.02458	0.03777	0.01850	0.01368	0.00728	0.00694	0.00212	0.00898	0.00623	0.00401	0.08371
13	0.03263	0.01370	0.01786	0.01387	0.01969	0.01226	0.01140	0.08639	0.02347	0.56268	0.03495	0.03104	0.08106	0.01077	0.00810	0.00247	0.00665	0.00874	0.00942	0.01285
14	0.02356	0.01794	0.01875	0.01575	0.02005	0.09677	0.01248	0.13438	0.13878	0.14643	0.05003	0.02578	0.01967	0.04540	0.07572	0.00362	0.06641	0.00779	0.00675	0.07392
15	0.01641	0.10640	0.61927	0.02174	0.03299	0.01965	0.02780	0.02498	0.01668	0.02450	0.01392	0.01636	0.01006	0.00746	0.00730	0.00243	0.01141	0.00571	0.00335	0.01157
16	0.00982	0.00705	0.00954	0.01120	0.01176	0.00677	0.00760	0.01134	0.01495	0.02007	0.04156	0.65077	0.04933	0.02815	0.07500	0.00413	0.00619	0.02120	0.00706	0.00650
17	0.01716	0.01731	0.02151	0.01896	0.01967	0.08453	0.01548	0.01918	0.01327	0.01896	0.01303	0.02017	0.01251	0.02361	0.17381	0.00542	0.48624	0.00712	0.00370	0.00836
18	0.01543	0.01438	0.02323	0.63677	0.05137	0.01782	0.02112	0.02235	0.07710	0.02149	0.01583	0.02195	0.01187	0.00820	0.00794	0.00265	0.01016	0.00723	0.00396	0.00917
19	0.02070	0.66070	0.10251	0.01443	0.02169	0.03014	0.01507	0.02388	0.01617	0.01927	0.01133	0.01310	0.01016	0.00686	0.00532	0.00177	0.00879	0.00439	0.00339	0.01032
20	0.01156	0.00834	0.01251	0.01251	0.01379	0.00962	0.00962	0.01379	0.01251	0.01797	0.02053	0.03048	0.01925	0.05643	0.62701	0.08495	0.01987	0.00834	0.00417	0.00673
21	0.02411	0.02011	0.02541	0.19882	0.03370	0.04646	0.07661	0.34498	0.08566	0.03719	0.01841	0.02060	0.01344	0.00889	0.00805	0.00249	0.00964	0.00742	0.00627	0.01175
22	0.02822	0.03553	0.02260	0.08550	0.02739	0.62536	0.01596	0.03058	0.02184	0.01949	0.01243	0.01495	0.01025	0.00815	0.00722	0.00210	0.01394	0.00529	0.00403	0.00916
23	0.77733	0.01534	0.01166	0.01043	0.01534	0.01779	0.00859	0.02331	0.01350	0.03558	0.01104	0.01288	0.00859	0.00736	0.00491	0.00245	0.00613	0.00429	0.00491	0.00859
24	0.01036	0.00889	0.00898	0.00881	0.01166	0.00794	0.00665	0.01432	0.07910	0.02254	0.07575	0.07186	0.60713	0.01919	0.00925	0.00268	0.00423	0.01599	0.00743	0.00725
25	0.00974	0.00697	0.00928	0.01098	0.01152	0.00650	0.00737	0.01125	0.01557	0.02086	0.07693	0.68117	0.05364	0.02438	0.01008	0.00318	0.00455	0.02211	0.00743	0.00650
26	0.01978	0.08627	0.03254	0.04409	0.58497	0.02007	0.02286	0.02496	0.04212	0.02549	0.01520	0.01934	0.01277	0.00718	0.00760	0.00230	0.00921	0.00687	0.00403	0.01233
27	0.00992	0.00826	0.00870	0.00872	0.01121	0.00719	0.00648	0.01273	0.03970	0.02272	0.13200	0.12168	0.54360	0.01976	0.00938	0.00270	0.00411	0.01669	0.00752	0.00695
28	0.01983	0.01615	0.01737	0.01566	0.01991	0.01835	0.01213	0.06502	0.54495	0.05758	0.03276	0.09455	0.02626	0.01201	0.00826	0.00272	0.00624	0.01014	0.00806	0.01205
29	0.01132	0.01082	0.00947	0.00936	0.01207	0.07185	0.00698	0.01330	0.01836	0.02117	0.07209	0.10092	0.57639	0.01917	0.00920	0.00264	0.00503	0.01590	0.00705	0.00692
30	0.01677	0.00797	0.00844	0.00803	0.01029	0.00780	0.00613	0.02040	0.01721	0.09139	0.02639	0.02932	0.02026	0.00929	0.00578	0.00191	0.00399	0.00745	0.69323	0.00797
31	0.19943	0.14004	0.25074	0.08386	0.07951	0.02083	0.01958	0.07443	0.01756	0.02819	0.01339	0.01600	0.01025	0.00753	0.00661	0.00235	0.00933	0.00554	0.00416	0.01066
32	0.03014	0.02221	0.02380	0.01825	0.02459	0.02459	0.01507	0.64541	0.03728	0.04998	0.01904	0.01904	0.01349	0.00952	0.00793	0.00238	0.00873	0.00714	0.00793	0.01349
33	0.01478	0.00739	0.00739	0.00739	0.00924	0.00739	0.00554	0.01848	0.01663	0.02956	0.02587	0.02956	0.02033	0.00924	0.00554	0.00185	0.00370	0.00739	0.76534	0.00739
34	0.02065	0.01910	0.03751	0.08683	0.11636	0.01892	0.38102	0.02610	0.01840	0.11125	0.01732	0.02157	0.01286	0.00783	0.01020	0.00267	0.06723	0.00851	0.00469	0.01098
35	0.01963	0.01884	0.03219	0.04867	0.67185	0.01884	0.02434	0.02434	0.01806	0.02591	0.01492	0.01963	0.01256	0.00707	0.00785	0.00236	0.00942	0.00707	0.00393	0.01256
36	0.01644	0.01409	0.01644	0.01175	0.01879	0.01057	0.00940	0.01997	0.01644	0.02584	0.01409	0.01644	0.01175	0.00587	0.00587	0.00117	0.00587	0.00470	0.00470	0.76979
37	0.01122	0.00811	0.01060	0.00998	0.01185	0.00748	0.00748	0.01496	0.02245	0.03180	0.66766	0.05923	0.07482	0.01621	0.00935	0.00249	0.00374	0.01434	0.00873	0.00748
38	0.02120	0.72609	0.04155	0.01357	0.02035	0.03138	0.01357	0.02374	0.01611	0.01866	0.01102	0.01272	0.01018	0.00678	0.00509	0.00170	0.00848	0.00424	0.00339	0.01018
39	0.01963	0.01884	0.03219	0.04867	0.67185	0.01884	0.02434	0.02434	0.01806	0.02591	0.01492	0.01963	0.01256	0.00707	0.00785	0.00236	0.00942	0.00707	0.00393	0.01256
40	0.01133	0.00850	0.01274	0.01274	0.01416	0.00991	0.00991	0.01416	0.01274	0.01841	0.02124	0.03115	0.01982	0.05947	0.68989	0.01274	0.02124	0.00850	0.00425	0.00708
41	0.00937	0.00803	0.00803	0.00803	0.01071	0.00669	0.00602	0.01138	0.01807	0.02142	0.08033	0.07632	0.66863	0.02008	0.00937	0.00268	0.00402	0.01674	0.00736	0.00669
42	0.01590	0.04102	0.68023	0.02260	0.03432	0.01842	0.02930	0.02511	0.01674	0.02511	0.01423	0.01674	0.01005	0.00753	0.00753	0.00251	0.01172	0.00586	0.00335	0.01172
43	0.01133	0.00850	0.01274	0.01274	0.01416	0.00991	0.00991	0.01416	0.01274	0.01841	0.02124	0.03115	0.01982	0.05947	0.68989	0.01274	0.02124	0.00850	0.00425	0.00708
44	0.02120	0.72609	0.04155	0.01357	0.02035	0.03138	0.01357	0.02374	0.01611	0.01866	0.01102	0.01272	0.01018	0.00678	0.00509	0.00170	0.00848	0.00424	0.00339	0.01018
45	0.01614	0.01378	0.01612	0.01171	0.01847	0.01039	0.00931	0.01957	0.01639	0.02559	0.01540	0.04736	0.01354	0.00671	0.00606	0.00126	0.00582	0.00549	0.00482	0.73606
46	0.01122	0.00811	0.01060	0.00998	0.01185	0.00748	0.00748	0.01496	0.02245	0.03180	0.66766	0.05923	0.07482	0.01621	0.00935	0.00249	0.00374	0.01434	0.00873	0.00748
47	0.00937	0.00803	0.00803	0.00803	0.01071	0.00669	0.00602	0.01138	0.01807	0.02142	0.08033	0.07632	0.66863	0.02008	0.00937	0.00268	0.00402	0.01674	0.00736	0.00669
48	0.00937	0.00803	0.00803	0.00803	0.01071	0.00669	0.00602	0.01138	0.01807	0.02142	0.08033	0.07632	0.66863	0.02008	0.00937	0.00268	0.00402	0.01674	0.00736	0.00669
49	0.00973	0.00693	0.00918	0.01095	0.01139	0.00649	0.00726	0.01106	0.01504	0.02005	0.04298	0.69027	0.05153	0.05196	0.01130	0.00339	0.00472	0.02211	0.00726	0.00638
50	0.00937	0.00803	0.00803	0.00803	0.01071	0.00669	0.00602	0.01138	0.01807	0.02142	0.08033	0.07632	0.66863	0.02008	0.00937	0.00268	0.00402	0.01674	0.00736	0.00669
51	0.02120	0.72609	0.04155	0.01357	0.02035	0.03138	0.01357	0.02374	0.01611	0.01866	0.01102	0.01272	0.01018	0.00678	0.00509	0.00170	0.00848	0.00424	0.00339	0.01018
52	0.03558	0.01350	0.01840	0.01411	0.02024	0.01166	0.01166	0.03865	0.02270	0.67734	0.03128	0.02699	0.01963	0.00981	0.00797	0.00245	0.00675	0.00797	0.00981	0.01350
53	0.01021	0.00871	0.00887	0.00880	0.01154	0.00773	0.00660	0.01384	0.06928	0.02232	0.07509	0.09683	0.59355	0.01952	0.00930	0.00270	0.00422	0.01633	0.00742	0.00715
54	0.00966	0.00690	0.00920	0.01104	0.01150	0.00644	0.00736	0.01104	0.01518	0.02024	0.04371	0.71614	0.05245	0.02484	0.01012	0.00322	0.00460	0.02254	0.00736	0.00644
55	0.01478	0.00739	0.00739	0.00739	0.00924	0.00739	0.00554	0.01848	0.01663	0.02956	0.02587	0.02956	0.02033	0.00924	0.00554	0.00185	0.00370	0.00739	0.76534	0.00739
56	0.01963	0.01884	0.03219	0.04867	0.67185	0.01884	0.02434	0.02434	0.01806	0.02591	0.01492	0.01963	0.01256	0.00707	0.00785	0.00236	0.00942	0.00707	0.00393	0.01256
57	0.02000	0.01483	0.01605	0.01405	0.01845	0.01593	0.01104	0.09153	0.36096	0.10883	0.04303	0.04007	0.18536	0.01288	0.00837	0.00263	0.00600	0.01063	0.00809	0.01127
58	0.01872	0.02139	0.04679	0.03342	0.04144	0.02005	0.64305	0.02540	0.01872	0.02540	0.01604	0.02139	0.01203	0.00668	0.00936	0.00267	0.01337	0.00936	0.00401	0.01070
59	0.03558	0.01350	0.01840	0.01411	0.02024	0.01166	0.01166	0.03865	0.02270	0.67734	0.03128	0.02699	0.01963	0.00981	0.00797	0.00245	0.00675	0.00797	0.00981	0.01350
60	0.01153	0.00769	0.00865	0.00865	0.00865	0.00769	0.00480	0.01153	0.01153	0.01538	0.02499	0.05189	0.02883	0.72131	0.04036	0.00769	0.00769	0.01153	0.00480	0.00480
61	0.04312	0.01414	0.02334	0.67672	0.05317	0.01762	0.02153	0.02037	0.01577	0.02083	0.01398	0.02084	0.01050	0.00791	0.00782	0.00264	0.01041	0.00695	0.00357	0.00880
62	0.01735	0.01735	0.02429	0.02082	0.02082	0.02429	0.01735	0.01908	0.01214	0.01908	0.01041	0.01735	0.01041	0.01388	0.02602	0.00347	0.70680	0.00694	0.00347	0.00867
63	0.00937	0.00803	0.00803	0.00803	0.01071	0.00669	0.00602	0.01138	0.01807	0.02142	0.08033	0.07632	0.66863	0.02008	0.00937	0.00268	0.00402	0.01674	0.00736	0.00669
64	0.00966	0.00690	0.00920	0.01104	0.01150	0.00644	0.00736	0.01104	0.01518	0.02024	0.04371	0.71614	0.05245	0.02484	0.01012	0.00322	0.00460	0.02254	0.00736	0.00644
65	0.01152	0.00772	0.00881	0.00881	0.00887	0.00778	0.00501	0.01163	0.01158	0.01549	0.02484	0.05108	0.02848	0.69534	0.06585	0.00789	0.00822	0.01141	0.00478	0.00489
66	0.02962	0.03779	0.02247	0.02043	0.02451	0.68948	0.01532	0.03166	0.02247	0.01941	0.01226	0.01430	0.01021	0.00817	0.00715	0.00204	0.01430	0.00511	0.00409	0.00919
67	0.01972	0.01703	0.01793	0.01614	0.02062	0.01972	0.01255	0.04214	0.65752	0.03317	0.03228	0.02959	0.02421	0.01076	0.00807	0.00269	0.00628	0.00897	0.00807	0.01255
68	0.02468	0.05450	0.12808	0.06779	0.08376	0.07511	0.05143	0.23915	0.07416	0.09547	0.01873	0.01991	0.01360	0.00864	0.00777	0.00241	0.00969	0.00698	0.00605	0.01211
69	0.00956	0.00728	0.00881	0.01002	0.01123	0.00653	0.00691	0.01116	0.01616	0.02064	0.05610	0.49958	0.26101	0.02323	0.00987	0.00304	0.00440	0.02058	0.00736	0.00653
70	0.02879	0.06982	0.02380	0.02131	0.05208	0.62931	0.01562	0.03097	0.02198	0.01965	0.01231	0.01445	0.01031	0.00806	0.00708	0.00204	0.01381	0.00515	0.00405	0.00938
71	0.01022	0.00928	0.00864	0.00855	0.01129	0.03533	0.00641	0.01223	0.01826	0.02134	0.07748	0.07371	0.64102	0.01958	0.00928	0.00265	0.00445	0.01625	0.00723	0.00680
72	0.01721	0.01730	0.02562	0.02150	0.02220	0.02334	0.06754	0.01939	0.01270	0.01957	0.01132	0.01825	0.01094	0.01521	0.05252	0.00379	0.62208	0.00720	0.00355	0.00877
73	0.04652	0.00725	0.01039	0.01033	0.01055	0.00735	0.00696	0.01089	0.01047	0.01471	0.01366	0.02362	0.01355	0.02668	0.02987	0.73639	0.00685	0.00678	0.00351	0.00366
74	0.01963	0.01884	0.03219	0.04867	0.67185	0.01884	0.02434	0.02434	0.01806	0.02591	0.01492	0.01963	0.01256	0.00707	0.00785	0.00236	0.00942	0.00707	0.00393	0.01256
75	0.00966	0.00690	0.00920	0.01104	0.01150	0.00644	0.00736	0.01104	0.01518	0.02024	0.04371	0.71614	0.05245	0.02484	0.01012	0.00322	0.00460	0.02254	0.00736	0.00644
76	0.01478	0.00739	0.00739	0.00739	0.00924	0.00739	0.00554	0.01848	0.01663	0.02956	0.02587	0.02956	0.02033	0.00924	0.00554	0.00185	0.00370	0.00739	0.76534	0.00739
77	0.01210	0.00833	0.01072	0.00999	0.01211	0.00759	0.00754	0.01567	0.02211	0.05805	0.59412	0.05924	0.11988	0.01625	0.00930	0.00251	0.00389	0.01426	0.00867	0.00767
78	0.01153	0.00769	0.00865	0.00865	0.00865	0.00769	0.00480	0.01153	0.01153	0.01538	0.02499	0.05189	0.02883	0.72131	0.04036	0.00769	0.00769	0.01153	0.00480	0.00480
79	0.01478	0.00739	0.00739	0.00739	0.00924	0.00739	0.00554	0.01848	0.01663	0.02956	0.02587	0.02956	0.02033	0.00924	0.00554	0.00185	0.00370	0.00739	0.76534	0.00739
80	0.00966	0.00690	0.00920	0.01104	0.01150	0.00644	0.00736	0.01104	0.01518	0.02024	0.04371	0.71614	0.05245	0.02484	0.01012	0.00322	0.00460	0.02254	0.00736	0.00644
81	0.00966	0.00690	0.00920	0.01104	0.01150	0.00644	0.00736	0.01104	0.01518	0.02024	0.04371	0.71614	0.05245	0.02484	0.01012	0.00322	0.00460	0.02254	0.00736	0.00644
82	0.01478	0.00739	0.00739	0.00739	0.00924	0.00739	0.00554	0.01848	0.01663	0.02956	0.02587	0.02956	0.02033	0.00924	0.00554	0.00185	0.00370	0.00739	0.76534	0.00739
83	0.01590	0.04102	0.68023	0.02260	0.03432	0.01842	0.02930	0.02511	0.01674	0.02511	0.01423	0.01674	0.01005	0.00753	0.00753	0.00251	0.01172	0.00586	0.00335	0.01172
84	0.03558	0.01350	0.01840	0.01411	0.02024	0.01166	0.01166	0.03865	0.02270	0.67734	0.03128	0.02699	0.01963	0.00981	0.00797	0.00245	0.00675	0.00797	0.00981	0.01350
85	0.01133	0.00850	0.01274	0.01274	0.01416	0.00991	0.00991	0.01416	0.01274	0.01841	0.02124	0.03115	0.01982	0.05947	0.68989	0.01274	0.02124	0.00850	0.00425	0.00708
86	0.00966	0.00690	0.00920	0.01104	0.01150	0.00644	0.00736	0.01104	0.01518	0.02024	0.04371	0.71614	0.05245	0.02484	0.01012	0.00322	0.00460	0.02254	0.00736	0.00644
87	0.01498	0.01409	0.02378	0.70226	0.05462	0.01762	0.02202	0.02026	0.01586	0.02026	0.01409	0.02114	0.01057	0.00793	0.00793	0.00264	0.01057	0.00705	0.00352	0.00881
88	0.01377	0.00689	0.01033	0.01033	0.01033	0.00689	0.00689	0.01033	0.01033	0.01377	0.01377	0.02410	0.01377	0.02755	0.03099	0.76928	0.00689	0.00689	0.00344	0.00344
89	0.03014	0.02221	0.02380	0.01825	0.02459	0.02459	0.01507	0.64541	0.03728	0.04998	0.01904	0.01904	0.01349	0.00952	0.00793	0.00238	0.00873	0.00714	0.00793	0.01349
90	0.01619	0.01447	0.04807	0.08523	0.02677	0.01333	0.19876	0.04594	0.01858	0.07530	0.08326	0.25925	0.03241	0.01455	0.00929	0.00283	0.00838	0.03212	0.00618	0.00908
91	0.00991	0.00724	0.00990	0.04402	0.01356	0.00697	0.00806	0.01148	0.01521	0.02024	0.04229	0.68298	0.05045	0.02404	0.01002	0.00319	0.00489	0.02180	0.00718	0.00655
92	0.01838	0.01968	0.03325	0.02549	0.02968	0.04924	0.28565	0.02240	0.01575	0.02236	0.01321	0.01889	0.01121	0.00990	0.01644	0.00288	0.32298	0.00772	0.00383	0.07107
93	0.64300	0.01657	0.01384	0.01183	0.01700	0.01901	0.00975	0.13515	0.01777	0.03817	0.01248	0.01399	0.00947	0.00775	0.00545	0.00244	0.00660	0.00481	0.00545	0.00947
94	0.02974	0.02201	0.02357	0.01816	0.02444	0.02440	0.01497	0.62200	0.06135	0.04932	0.01955	0.01945	0.01390	0.00957	0.00794	0.00239	0.00863	0.00721	0.00794	0.01345
95	0.01613	0.03944	0.62939	0.02347	0.03489	0.01855	0.07855	0.02514	0.01690	0.02514	0.01438	0.01712	0.01020	0.00747	0.00768	0.00252	0.01185	0.00614	0.00340	0.01164
96	0.01935	0.01896	0.03692	0.02794	0.06126	0.01798	0.42490	0.07833	0.02087	0.05502	0.10347	0.02616	0.02083	0.00831	0.00897	0.00254	0.01093	0.00948	0.00524	0.04254
97	0.02786	0.02242	0.02242	0.01798	0.02373	0.08003	0.01455	0.46347	0.16947	0.04376	0.02131	0.02091	0.01551	0.00967	0.00790	0.00242	0.00867	0.00736	0.00764	0.01292
98	0.05884	0.08523	0.02351	0.04300	0.02396	0.13665	0.01425	0.35464	0.02888	0.06541	0.04477	0.01944	0.01514	0.00903	0.00739	0.00223	0.00920	0.00665	0.00655	0.04523
99	0.02120	0.72609	0.04155	0.01357	0.02035	0.03138	0.01357	0.02374	0.01611	0.01866	0.01102	0.01272	0.01018	0.00678	0.00509	0.00170	0.00848	0.00424	0.00339	0.01018
100	0.01644	0.01409	0.01644	0.01175	0.01879	0.01057	0.00940	0.01997	0.01644	0.02584	0.01409	0.01644	0.01175	0.00587	0.00587	0.00117	0.00587	0.00470	0.00470	0.76979
101	0.03529	0.01396	0.01869	0.01433	0.02047	0.01234	0.01184	0.07095	0.02347	0.64394	0.03063	0.02657	0.01930	0.00980	0.00797	0.00245	0.00685	0.00793	0.00971	0.01349
102	0.02120	0.72609	0.04155	0.01357	0.02035	0.03138	0.01357	0.02374	0.01611	0.01866	0.01102	0.01272	0.01018	0.00678	0.00509	0.00170	0.00848	0.00424	0.00339	0.01018
103	0.00941	0.00789	0.00818	0.00840	0.01081	0.00666	0.00619	0.01134	0.01772	0.02128	0.07583	0.15502	0.59283	0.02067	0.00946	0.00274	0.00409	0.01745	0.00736	0.00666
104	0.00937	0.00803	0.00803	0.00803	0.01071	0.00669	0.00602	0.01138	0.01807	0.02142	0.08033	0.07632	0.66863	0.02008	0.00937	0.00268	0.00402	0.01674	0.00736	0.00669
105	0.01498	0.01409	0.02378	0.70226	0.05462	0.01762	0.02202	0.02026	0.01586	0.02026	0.01409	0.02114	0.01057	0.00793	0.00793	0.00264	0.01057	0.00705	0.00352	0.00881
106	0.01133	0.00850	0.01274	0.01274	0.01416	0.00991	0.00991	0.01416	0.01274	0.01841	0.02124	0.03115	0.01982	0.05947	0.68989	0.01274	0.02124	0.00850	0.00425	0.00708
107	0.02057	0.01685	0.01796	0.01603	0.02060	0.01929	0.01250	0.04195	0.62372	0.06747	0.03222	0.02945	0.02396	0.01071	0.00806	0.00268	0.00630	0.00891	0.00816	0.01260
108	0.01925	0.01838	0.03089	0.10032	0.59371	0.01878	0.02364	0.02477	0.04542	0.02576	0.01560	0.02018	0.01290	0.00729	0.00787	0.00239	0.00938	0.00715	0.00407	0.01226
109	0.01590	0.04102	0.68023	0.02260	0.03432	0.01842	0.02930	0.02511	0.01674	0.02511	0.01423	0.01674	0.01005	0.00753	0.00753	0.00251	0.01172	0.00586	0.00335	0.01172
110	0.01377	0.00689	0.01033	0.01033	0.01033	0.00689	0.00689	0.01033	0.01033	0.01377	0.01377	0.02410	0.01377	0.02755	0.03099	0.76928	0.00689	0.00689	0.00344	0.00344
111	0.01793	0.30343	0.43559	0.01914	0.02897	0.02338	0.02327	0.02459	0.01650	0.02264	0.01300	0.01520	0.01010	0.00725	0.00660	0.00220	0.01048	0.00524	0.00337	0.01113
112	0.01153	0.00769	0.00865	0.00865	0.00865	0.00769	0.00480	0.01153	0.01153	0.01538	0.02499	0.05189	0.02883	0.72131	0.04036	0.00769	0.00769	0.01153	0.00480	0.00480
113	0.01133	0.00850	0.01274	0.01274	0.01416	0.00991	0.00991	0.01416	0.01274	0.01841	0.02124	0.03115	0.01982	0.05947	0.68989	0.01274	0.02124	0.00850	0.00425	0.00708
114	0.55737	0.01489	0.01307	0.01138	0.01591	0.03835	0.03642	0.02340	0.01492	0.05724	0.01466	0.01676	0.01126	0.00778	0.00540	0.00234	0.00632	0.00523	0.13862	0.00867
115	0.01331	0.00988	0.01428	0.01725	0.06730	0.00988	0.01368	0.01704	0.01824	0.02390	0.03988	0.08403	0.04307	0.02075	0.01071	0.00355	0.00747	0.57102	0.00704	0.00771
116	0.01152	0.00771	0.00874	0.00871	0.00880	0.00768	0.00493	0.01170	0.01205	0.01616	0.05565	0.05224	0.03102	0.68767	0.03888	0.00744	0.00750	0.01167	0.00499	0.00493
117	0.52061	0.01507	0.01422	0.01188	0.01722	0.01622	0.00980	0.05464	0.01730	0.23058	0.01752	0.01742	0.01214	0.00820	0.00597	0.00245	0.00643	0.00553	0.00652	0.01028
118	0.01048	0.00751	0.00980	0.01127	0.01200	0.00715	0.00765	0.03464	0.01628	0.02179	0.06709	0.66480	0.05188	0.02394	0.01001	0.00316	0.00472	0.02165	0.00744	0.00674
119	0.03558	0.01350	0.01840	0.01411	0.02024	0.01166	0.01166	0.03865	0.02270	0.67734	0.03128	0.02699	0.01963	0.00981	0.00797	0.00245	0.00675	0.00797	0.00981	0.01350
120	0.03357	0.01496	0.01910	0.01483	0.02086	0.01406	0.01219	0.12140	0.07548	0.54051	0.02970	0.02612	0.01916	0.00985	0.00798	0.00246	0.00698	0.00794	0.00942	0.01342
121	0.00966	0.00690	0.00920	0.01104	0.01150	0.00644	0.00736	0.01104	0.01518	0.02024	0.04371	0.71614	0.05245	0.02484	0.01012	0.00322	0.00460	0.02254	0.00736	0.00644
122	0.01590	0.04102	0.68023	0.02260	0.03432	0.01842	0.02930	0.02511	0.01674	0.02511	0.01423	0.01674	0.01005	0.00753	0.00753	0.00251	0.01172	0.00586	0.00335	0.01172
123	0.00966	0.00690	0.00920	0.01104	0.01150	0.00644	0.00736	0.01104	0.01518	0.02024	0.04371	0.71614	0.05245	0.02484	0.01012	0.00322	0.00460	0.02254	0.00736	0.00644
124	0.23405	0.01713	0.01804	0.01462	0.02010	0.01842	0.01192	0.25420	0.07474	0.19178	0.02196	0.05332	0.01630	0.00983	0.00723	0.00248	0.00716	0.00744	0.00753	0.01174
125	0.02726	0.01167	0.01565	0.01263	0.01735	0.01021	0.01018	0.03048	0.02242	0.45839	0.22139	0.03864	0.06389	0.01215	0.00844	0.00248	0.00574	0.01023	0.00939	0.01143
126	0.01150	0.00780	0.00919	0.00919	0.00938	0.00798	0.00548	0.01188	0.01169	0.01578	0.02449	0.04913	0.02763	0.63328	0.12676	0.00836	0.00949	0.01113	0.00473	0.00511
127	0.01520	0.00893	0.00945	0.00929	0.01138	0.00924	0.00699	0.04415	0.07834	0.02911	0.02835	0.09141	0.02452	0.03934	0.00786	0.00237	0.00451	0.03298	0.53864	0.00793
128	0.33282	0.01265	0.01214	0.01088	0.01473	0.01357	0.00863	0.04620	0.07071	0.06726	0.18897	0.03506	0.10522	0.01166	0.00712	0.00248	0.00533	0.00911	0.03664	0.00882
129	0.64826	0.01619	0.01355	0.01162	0.01677	0.01846	0.00958	0.10740	0.01705	0.06241	0.01290	0.01426	0.00967	0.00775	0.00543	0.00244	0.00651	0.00482	0.00550	0.00944
130	0.01210	0.00826	0.01084	0.01018	0.01216	0.00760	0.00764	0.01571	0.02214	0.05626	0.61548	0.08701	0.07170	0.01635	0.00933	0.00252	0.00390	0.01446	0.00871	0.00767
131	0.00974	0.00693	0.00918	0.01094	0.01138	0.00649	0.00725	0.01106	0.01503	0.02003	0.04290	0.68765	0.05143	0.05472	0.01142	0.00341	0.00473	0.02207	0.00725	0.00637
132	0.02076	0.01137	0.01413	0.01264	0.01567	0.01113	0.00955	0.12870	0.02072	0.19530	0.05607	0.25387	0.03137	0.04563	0.01211	0.07671	0.00612	0.01286	0.05606	0.00923
133	0.01273	0.00807	0.00932	0.00901	0.00986	0.00778	0.00564	0.01367	0.01424	0.05375	0.11173	0.05259	0.08521	0.50932	0.03083	0.00612	0.00668	0.01196	0.03563	0.00586
134	0.01082	0.00777	0.01004	0.01138	0.01221	0.00745	0.00778	0.04498	0.01666	0.02231	0.06855	0.65149	0.05131	0.02367	0.00997	0.00315	0.00478	0.02138	0.00745	0.00686
135	0.01443	0.00791	0.01159	0.04382	0.01323	0.00817	0.00815	0.03561	0.01194	0.01587	0.01509	0.02630	0.01485	0.02570	0.02822	0.67334	0.00715	0.03063	0.00377	0.00424
136	0.01470	0.00932	0.01174	0.01150	0.01382	0.00870	0.00839	0.01866	0.06905	0.10403	0.14360	0.37373	0.04502	0.01808	0.00898	0.00273	0.00490	0.01606	0.04809	0.06891
137	0.01576	0.00874	0.01165	0.01066	0.01282	0.00802	0.00792	0.01772	0.01931	0.13799	0.35934	0.07577	0.07678	0.04521	0.01438	0.14542	0.00505	0.01220	0.00766	0.00758
138	0.01583	0.01541	0.05241	0.11241	0.03001	0.01417	0.25035	0.02097	0.01964	0.05789	0.25212	0.06418	0.03641	0.01122	0.00906	0.00261	0.00878	0.01119	0.00604	0.00928
139	0.21493	0.01350	0.01424	0.07111	0.01853	0.04903	0.01021	0.06978	0.01753	0.11011	0.06594	0.02365	0.01799	0.01312	0.01190	0.16660	0.00694	0.00691	0.08966	0.00832

[dist]
# distance from previous block
# <min> <max>
1	13

[block]
# block no. 1 follows, 24 sequences, length 83
# corresponding to MSA columns:
# 218-300
name=unknown_B
#
# <colnr> <probs for GDERKNQSTAVLIFYWHMCP>
#	G	D	E	R	K	N	Q	S	T	A	V	L	I	F	Y	W	H	M	C	P
0	0.01128	0.00768	0.01002	0.01067	0.01188	0.00713	0.00752	0.01350	0.01780	0.04678	0.24827	0.39439	0.07770	0.06370	0.01164	0.00322	0.00465	0.03747	0.00774	0.00696
1	0.01830	0.21613	0.38668	0.02291	0.07255	0.04654	0.08326	0.02497	0.01706	0.02330	0.01354	0.01624	0.01044	0.00725	0.00708	0.00229	0.01098	0.00582	0.00349	0.01118
2	0.01368	0.00928	0.01180	0.01166	0.01324	0.00917	0.00827	0.01638	0.04722	0.07610	0.09428	0.36122	0.04124	0.14030	0.01565	0.00371	0.04700	0.01590	0.00688	0.05702
3	0.11409	0.01944	0.05382	0.09944	0.02672	0.04352	0.05598	0.22677	0.04386	0.07994	0.01996	0.02187	0.04015	0.00971	0.00956	0.00256	0.08423	0.00730	0.03020	0.01089
4	0.01334	0.04430	0.01312	0.01151	0.01426	0.00899	0.00841	0.01541	0.01595	0.05665	0.03390	0.46669	0.03826	0.01832	0.00868	0.00258	0.00523	0.01632	0.00662	0.20146
5	0.00966	0.00690	0.00920	0.01104	0.01150	0.00644	0.00736	0.01104	0.01518	0.02024	0.04371	0.71614	0.05245	0.02484	0.01012	0.00322	0.00460	0.02254	0.00736	0.00644
6	0.00977	0.00699	0.00913	0.01079	0.01129	0.00653	0.00715	0.01108	0.01504	0.01996	0.04370	0.65169	0.07129	0.07007	0.01207	0.00349	0.00478	0.02163	0.00719	0.00634
7	0.01694	0.01779	0.07001	0.39016	0.30621	0.01817	0.02344	0.02225	0.01682	0.02289	0.01444	0.02023	0.01135	0.00755	0.00787	0.00252	0.01017	0.00698	0.00368	0.01054
8	0.10584	0.01367	0.01776	0.01376	0.01978	0.01224	0.01136	0.03719	0.02183	0.61655	0.02937	0.02565	0.01858	0.00958	0.00768	0.00245	0.00669	0.00763	0.00935	0.01303
9	0.00966	0.00690	0.00920	0.01104	0.01150	0.00644	0.00736	0.01104	0.01518	0.02024	0.04371	0.71614	0.05245	0.02484	0.01012	0.00322	0.00460	0.02254	0.00736	0.00644
10	0.00966	0.00690	0.00920	0.01104	0.01150	0.00644	0.00736	0.01104	0.01518	0.02024	0.04371	0.71614	0.05245	0.02484	0.01012	0.00322	0.00460	0.02254	0.00736	0.00644
11	0.00966	0.00690	0.00920	0.01104	0.01150	0.00644	0.00736	0.01104	0.01518	0.02024	0.04371	0.71614	0.05245	0.02484	0.01012	0.00322	0.00460	0.02254	0.00736	0.00644
12	0.03014	0.02221	0.02380	0.01825	0.02459	0.02459	0.01507	0.64541	0.03728	0.04998	0.01904	0.01904	0.01349	0.00952	0.00793	0.00238	0.00873	0.00714	0.00793	0.01349
13	0.11501	0.01187	0.01177	0.01032	0.01361	0.01274	0.00816	0.16589	0.02107	0.03511	0.02239	0.02499	0.01724	0.00907	0.00602	0.00205	0.00518	0.00694	0.49162	0.00897
14	0.01133	0.00850	0.01274	0.01274	0.01416	0.00991	0.00991	0.01416	0.01274	0.01841	0.02124	0.03115	0.01982	0.05947	0.68989	0.01274	0.02124	0.00850	0.00425	0.00708
15	0.73666	0.01527	0.01230	0.04734	0.01743	0.01778	0.00930	0.02315	0.01362	0.03476	0.01120	0.01332	0.00869	0.00739	0.00507	0.00246	0.00637	0.00444	0.00483	0.00860
16	0.01943	0.02002	0.06676	0.04728	0.63784	0.01882	0.02460	0.02438	0.01799	0.02586	0.01488	0.01947	0.01243	0.00709	0.00783	0.00236	0.00954	0.00700	0.00389	0.01252
17	0.01441	0.01040	0.01278	0.01232	0.01427	0.00934	0.00889	0.01678	0.02313	0.03275	0.56512	0.13592	0.07192	0.01885	0.01066	0.00315	0.00504	0.01584	0.00942	0.00903
18	0.01310	0.00940	0.01161	0.01321	0.01398	0.00847	0.00878	0.01351	0.01708	0.02312	0.04527	0.68321	0.05328	0.02604	0.01130	0.00375	0.00575	0.02267	0.00828	0.00816
19	0.01316	0.00944	0.01166	0.01317	0.01399	0.00851	0.00879	0.01366	0.01734	0.02354	0.06793	0.65935	0.05409	0.02573	0.01127	0.00373	0.00572	0.02237	0.00833	0.00820
20	0.01323	0.01048	0.01106	0.01078	0.01348	0.00889	0.00784	0.01461	0.02077	0.02649	0.20728	0.07382	0.50785	0.02070	0.01058	0.00320	0.00514	0.01665	0.00858	0.00858
21	0.01952	0.01621	0.01847	0.01388	0.02088	0.01238	0.01071	0.02196	0.01827	0.02842	0.01724	0.02084	0.01475	0.00809	0.00727	0.00182	0.00696	0.00578	0.00576	0.73079
22	0.03118	0.01342	0.01758	0.01397	0.01947	0.01228	0.01136	0.03679	0.10372	0.53225	0.09337	0.03046	0.02559	0.01056	0.00812	0.00249	0.00639	0.00872	0.00949	0.01279
23	0.01122	0.00811	0.01060	0.00998	0.01185	0.00748	0.00748	0.01496	0.02245	0.03180	0.66766	0.05923	0.07482	0.01621	0.00935	0.00249	0.00374	0.01434	0.00873	0.00748
24	0.00937	0.00803	0.00803	0.00803	0.01071	0.00669	0.00602	0.01138	0.01807	0.02142	0.08033	0.07632	0.66863	0.02008	0.00937	0.00268	0.00402	0.01674	0.00736	0.00669
25	0.01377	0.00689	0.01033	0.01033	0.01033	0.00689	0.00689	0.01033	0.01033	0.01377	0.01377	0.02410	0.01377	0.02755	0.03099	0.76928	0.00689	0.00689	0.00344	0.00344
26	0.01590	0.04102	0.68023	0.02260	0.03432	0.01842	0.02930	0.02511	0.01674	0.02511	0.01423	0.01674	0.01005	0.00753	0.00753	0.00251	0.01172	0.00586	0.00335	0.01172
27	0.01735	0.01735	0.02429	0.02082	0.02082	0.02429	0.01735	0.01908	0.01214	0.01908	0.01041	0.01735	0.01041	0.01388	0.02602	0.00347	0.70680	0.00694	0.00347	0.00867
28	0.02088	0.68425	0.08055	0.01412	0.02121	0.03059	0.01453	0.02383	0.01615	0.01905	0.01122	0.01297	0.01017	0.00683	0.00524	0.00175	0.00868	0.00434	0.00339	0.01027
29	0.01185	0.00911	0.01312	0.01283	0.01393	0.01078	0.00981	0.01420	0.01252	0.01804	0.02088	0.03293	0.02032	0.14866	0.54412	0.01127	0.07568	0.00879	0.00426	0.00689
30	0.02864	0.02109	0.02273	0.01772	0.02363	0.02326	0.01451	0.59886	0.03566	0.04779	0.02085	0.07019	0.01634	0.01064	0.00809	0.00244	0.00842	0.00827	0.00789	0.01297
31	0.01546	0.01305	0.01539	0.01164	0.01773	0.00997	0.00910	0.01867	0.01626	0.02502	0.01841	0.11839	0.01768	0.00864	0.00649	0.00147	0.00569	0.00730	0.00509	0.65857
32	0.00964	0.00697	0.00913	0.01086	0.01145	0.00646	0.00728	0.01106	0.01536	0.02031	0.04594	0.67707	0.09007	0.02455	0.01008	0.00319	0.00456	0.02219	0.00736	0.00646
33	0.01478	0.00739	0.00739	0.00739	0.00924	0.00739	0.00554	0.01848	0.01663	0.02956	0.02587	0.02956	0.02033	0.00924	0.00554	0.00185	0.00370	0.00739	0.76534	0.00739
34	0.01044	0.00723	0.00897	0.01005	0.01032	0.00696	0.00630	0.01125	0.01366	0.01822	0.03592	0.44003	0.04263	0.31435	0.02269	0.00508	0.00588	0.01797	0.00630	0.00576
35	0.38977	0.01707	0.01707	0.06747	0.02181	0.01913	0.01199	0.20130	0.05292	0.10737	0.01676	0.01760	0.01208	0.00845	0.00648	0.00246	0.00729	0.00594	0.00634	0.01071
36	0.00996	0.00702	0.00911	0.01066	0.01105	0.00664	0.00696	0.01112	0.01461	0.01948	0.04076	0.61149	0.04873	0.13457	0.01489	0.00392	0.00509	0.02081	0.00696	0.00618
37	0.00939	0.00798	0.00809	0.00818	0.01075	0.00668	0.00609	0.01136	0.01793	0.02136	0.07856	0.10724	0.63884	0.02031	0.00941	0.00270	0.00404	0.01702	0.00736	0.00668
38	0.01819	0.01738	0.02960	0.24985	0.48186	0.01846	0.02362	0.02308	0.01738	0.02417	0.01466	0.02009	0.01195	0.00733	0.00787	0.00244	0.00977	0.00706	0.00380	0.01141
39	0.01000	0.00722	0.00949	0.01086	0.01169	0.00671	0.00751	0.01187	0.01657	0.02225	0.14383	0.56035	0.08463	0.02315	0.00999	0.00310	0.00453	0.04201	0.00758	0.00665
40	0.01153	0.00769	0.00865	0.00865	0.00865	0.00769	0.00480	0.01153	0.01153	0.01538	0.02499	0.05189	0.02883	0.72131	0.04036	0.00769	0.00769	0.01153	0.00480	0.00480
41	0.01122	0.00811	0.01060	0.00998	0.01185	0.00748	0.00748	0.01496	0.02245	0.03180	0.66766	0.05923	0.07482	0.01621	0.00935	0.00249	0.00374	0.01434	0.00873	0.00748
42	0.00966	0.00690	0.00920	0.01104	0.01150	0.00644	0.00736	0.01104	0.01518	0.02024	0.04371	0.71614	0.05245	0.02484	0.01012	0.00322	0.00460	0.02254	0.00736	0.00644
43	0.02053	0.01654	0.01779	0.01595	0.02046	0.01885	0.01250	0.04106	0.59492	0.07484	0.03253	0.03140	0.02462	0.01107	0.00816	0.00271	0.00634	0.02914	0.00816	0.01244
44	0.03014	0.02221	0.02380	0.01825	0.02459	0.02459	0.01507	0.64541	0.03728	0.04998	0.01904	0.01904	0.01349	0.00952	0.00793	0.00238	0.00873	0.00714	0.00793	0.01349
45	0.02962	0.03779	0.02247	0.02043	0.02451	0.68948	0.01532	0.03166	0.02247	0.01941	0.01226	0.01430	0.01021	0.00817	0.00715	0.00204	0.01430	0.00511	0.00409	0.00919
46	0.02783	0.02018	0.02199	0.01751	0.02328	0.02221	0.01442	0.49403	0.11281	0.07667	0.02298	0.02591	0.01749	0.01060	0.00817	0.00252	0.00822	0.05226	0.00800	0.01292
47	0.01872	0.02139	0.04679	0.03342	0.04144	0.02005	0.64305	0.02540	0.01872	0.02540	0.01604	0.02139	0.01203	0.00668	0.00936	0.00267	0.01337	0.00936	0.00401	0.01070
48	0.03558	0.01350	0.01840	0.01411	0.02024	0.01166	0.01166	0.03865	0.02270	0.67734	0.03128	0.02699	0.01963	0.00981	0.00797	0.00245	0.00675	0.00797	0.00981	0.01350
49	0.00982	0.00805	0.00865	0.00850	0.01098	0.00688	0.00638	0.01224	0.01913	0.02392	0.22188	0.07220	0.52552	0.01915	0.00937	0.00263	0.00395	0.01616	0.00769	0.00688
50	0.01498	0.01409	0.02378	0.70226	0.05462	0.01762	0.02202	0.02026	0.01586	0.02026	0.01409	0.02114	0.01057	0.00793	0.00793	0.00264	0.01057	0.00705	0.00352	0.00881
51	0.01122	0.00811	0.01060	0.00998	0.01185	0.00748	0.00748	0.01496	0.02245	0.03180	0.66766	0.05923	0.07482	0.01621	0.00935	0.00249	0.00374	0.01434	0.00873	0.00748
52	0.00954	0.00804	0.00826	0.00820	0.01081	0.00676	0.00615	0.01170	0.01846	0.02234	0.13212	0.07481	0.61627	0.01974	0.00937	0.00266	0.00399	0.01652	0.00748	0.00676
53	0.00966	0.00690	0.00920	0.01104	0.01150	0.00644	0.00736	0.01104	0.01518	0.02024	0.04371	0.71614	0.05245	0.02484	0.01012	0.00322	0.00460	0.02254	0.00736	0.00644
54	0.02962	0.03779	0.02247	0.02043	0.02451	0.68948	0.01532	0.03166	0.02247	0.01941	0.01226	0.01430	0.01021	0.00817	0.00715	0.00204	0.01430	0.00511	0.00409	0.00919
55	0.02138	0.01414	0.01486	0.01235	0.01628	0.01513	0.00989	0.30182	0.02607	0.03827	0.02633	0.02785	0.05948	0.01007	0.00687	0.00214	0.00599	0.00789	0.37307	0.01010
56	0.06287	0.02025	0.02223	0.07922	0.02594	0.02259	0.01482	0.52128	0.03296	0.04536	0.01863	0.01958	0.01341	0.00926	0.00764	0.00237	0.00846	0.00701	0.05364	0.01246
57	0.01532	0.01444	0.02440	0.65430	0.09990	0.01771	0.02219	0.02056	0.01602	0.02068	0.01415	0.02103	0.01072	0.00786	0.00792	0.00262	0.01049	0.00705	0.00355	0.00908
58	0.01498	0.01409	0.02378	0.70226	0.05462	0.01762	0.02202	0.02026	0.01586	0.02026	0.01409	0.02114	0.01057	0.00793	0.00793	0.00264	0.01057	0.00705	0.00352	0.00881
59	0.00977	0.00695	0.00917	0.01090	0.01133	0.00651	0.00721	0.01107	0.01497	0.01995	0.04260	0.67679	0.05105	0.06611	0.01191	0.00349	0.00478	0.02189	0.00721	0.00634
60	0.03090	0.02100	0.02305	0.01767	0.02399	0.02280	0.01460	0.56135	0.03526	0.13689	0.02074	0.02014	0.01434	0.00956	0.00794	0.00239	0.00845	0.00726	0.00819	0.01349
61	0.01007	0.00724	0.00942	0.01057	0.01140	0.00673	0.00721	0.01191	0.01666	0.02250	0.17648	0.51823	0.08173	0.05648	0.01139	0.00326	0.00454	0.02003	0.00753	0.00659
62	0.01460	0.00991	0.01236	0.01255	0.01457	0.00985	0.00951	0.08308	0.04239	0.06533	0.08495	0.34696	0.07007	0.05449	0.01124	0.00329	0.00582	0.13344	0.00756	0.00802
63	0.03424	0.01434	0.01877	0.01453	0.02058	0.01308	0.01196	0.08337	0.06138	0.59315	0.03044	0.02656	0.01945	0.00985	0.00798	0.00246	0.00686	0.00797	0.00957	0.01344
64	0.01111	0.00810	0.01045	0.00986	0.01178	0.00744	0.00740	0.01475	0.02219	0.03118	0.63287	0.06025	0.11000	0.01644	0.00935	0.00250	0.00376	0.01448	0.00865	0.00744
65	0.09801	0.00875	0.00896	0.00865	0.01082	0.00890	0.00648	0.01914	0.01601	0.06746	0.02522	0.03361	0.02142	0.11181	0.01087	0.00287	0.00489	0.03634	0.49227	0.00752
66	0.12445	0.00970	0.01100	0.01050	0.01275	0.00968	0.00767	0.01781	0.04777	0.07472	0.26065	0.15703	0.07637	0.12938	0.01367	0.00346	0.00522	0.01318	0.00730	0.00768
67	0.77733	0.01534	0.01166	0.01043	0.01534	0.01779	0.00859	0.02331	0.01350	0.03558	0.01104	0.01288	0.00859	0.00736	0.00491	0.00245	0.00613	0.00429	0.00491	0.00859
68	0.00991	0.00705	0.00929	0.01080	0.01136	0.00661	0.00722	0.01141	0.01559	0.02095	0.09682	0.61846	0.05295	0.06662	0.01190	0.00343	0.00471	0.02116	0.00732	0.00643
69	0.00966	0.00690	0.00920	0.01104	0.01150	0.00644	0.00736	0.01104	0.01518	0.02024	0.04371	0.71614	0.05245	0.02484	0.01012	0.00322	0.00460	0.02254	0.00736	0.00644
70	0.02203	0.01539	0.01748	0.01495	0.01891	0.01633	0.01167	0.34596	0.02759	0.07535	0.06057	0.27711	0.03114	0.01548	0.00881	0.00270	0.00685	0.01319	0.00787	0.01061
71	0.01590	0.04102	0.68023	0.02260	0.03432	0.01842	0.02930	0.02511	0.01674	0.02511	0.01423	0.01674	0.01005	0.00753	0.00753	0.00251	0.01172	0.00586	0.00335	0.01172
72	0.02142	0.01749	0.01831	0.01627	0.02082	0.04127	0.01285	0.09748	0.49952	0.06804	0.03096	0.03203	0.02394	0.01127	0.00822	0.00269	0.00687	0.05036	0.00796	0.01222
73	0.06292	0.00800	0.00878	0.00890	0.01068	0.00813	0.00659	0.01628	0.01576	0.02615	0.05303	0.11423	0.07243	0.01831	0.07724	0.05469	0.00597	0.01000	0.41487	0.00701
74	0.01885	0.01084	0.01381	0.01223	0.01557	0.01042	0.00963	0.02508	0.11300	0.19871	0.37122	0.04861	0.05139	0.01415	0.00892	0.00259	0.00511	0.05129	0.00882	0.00975
75	0.03075	0.01527	0.01890	0.01474	0.02036	0.01480	0.01207	0.20944	0.02685	0.41067	0.11333	0.02905	0.02529	0.01059	0.00815	0.00244	0.00691	0.00859	0.00913	0.01268
76	0.01817	0.04509	0.03649	0.06996	0.07605	0.04697	0.37510	0.02279	0.01711	0.02288	0.01606	0.05301	0.01369	0.00997	0.01225	0.05894	0.08286	0.00889	0.00402	0.00968
77	0.09687	0.01463	0.01843	0.01636	0.06190	0.01425	0.01246	0.13355	0.02364	0.36251	0.08794	0.03157	0.02433	0.01086	0.00803	0.00253	0.00695	0.05284	0.00838	0.01196
78	0.01449	0.00821	0.00933	0.00929	0.01103	0.00799	0.00668	0.03853	0.01697	0.06046	0.05531	0.18639	0.07187	0.08209	0.01131	0.02822	0.00474	0.01198	0.35783	0.00730
79	0.01851	0.01912	0.05475	0.16083	0.20398	0.01968	0.17930	0.05966	0.01793	0.02507	0.01455	0.01974	0.01165	0.00827	0.01089	0.00261	0.11563	0.00748	0.00406	0.04632
80	0.02117	0.01960	0.02688	0.11722	0.29088	0.08450	0.05741	0.06490	0.12913	0.05862	0.01944	0.02353	0.01544	0.00862	0.00803	0.00248	0.00951	0.02582	0.00523	0.01158
81	0.01156	0.00738	0.00988	0.01127	0.01214	0.00682	0.00768	0.01307	0.01573	0.06846	0.04279	0.66557	0.05004	0.02374	0.00996	0.00316	0.00476	0.02147	0.00754	0.00696
82	0.01798	0.01552	0.02522	0.01879	0.02507	0.01344	0.20736	0.04164	0.01809	0.07344	0.02053	0.12296	0.01853	0.00935	0.00781	0.00208	0.00818	0.00913	0.00536	0.33951

[dist]
# distance from previous block
# <min> <max>
0	12

# created by:
# /st0/software/busco_prod/Augustus/scripts/msa2prfl.pl ./align_prep/104439.fa
