[name]
unknown

[dist]
# distance from previous block
# <min> <max>
0	97

[block]
# block no. 0 follows, 23 sequences, length 7
# corresponding to MSA columns:
# 97-103
name=unknown_A
#
# <colnr> <probs for GDERKNQSTAVLIFYWHMCP>
#	G	D	E	R	K	N	Q	S	T	A	V	L	I	F	Y	W	H	M	C	P
0	0.01465	0.01053	0.01408	0.01527	0.01755	0.01074	0.01328	0.07188	0.02041	0.02667	0.04088	0.08513	0.04378	0.02129	0.01093	0.00362	0.00760	0.55614	0.00753	0.00803
1	0.01627	0.04197	0.67279	0.02313	0.03512	0.01884	0.02998	0.02570	0.01713	0.02570	0.01456	0.01713	0.01028	0.00771	0.00771	0.00257	0.01199	0.00600	0.00343	0.01199
2	0.01704	0.09991	0.56858	0.02434	0.08176	0.02005	0.02818	0.02551	0.01718	0.02518	0.01433	0.01699	0.01049	0.00761	0.00751	0.00248	0.01152	0.00594	0.00348	0.01192
3	0.01564	0.01150	0.01327	0.01240	0.01519	0.01141	0.00908	0.11148	0.07482	0.02786	0.03220	0.32505	0.03393	0.07467	0.01132	0.00306	0.00585	0.01440	0.08338	0.11349
4	0.02023	0.02166	0.04374	0.03164	0.03905	0.02132	0.52497	0.08748	0.02057	0.02805	0.01629	0.02133	0.01234	0.00769	0.01073	0.00277	0.06545	0.00916	0.00447	0.01108
5	0.01600	0.01491	0.02504	0.53308	0.15986	0.01762	0.02227	0.02118	0.01680	0.02200	0.01662	0.02639	0.01376	0.00899	0.00832	0.00273	0.01037	0.05054	0.00396	0.00958
6	0.02000	0.01940	0.03338	0.04614	0.56330	0.01946	0.08157	0.02620	0.06008	0.02695	0.01654	0.02092	0.01359	0.00744	0.00819	0.00246	0.00981	0.00758	0.00430	0.01267

[dist]
# distance from previous block
# <min> <max>
1	13

[block]
# block no. 1 follows, 23 sequences, length 40
# corresponding to MSA columns:
# 117-156
name=unknown_B
#
# <colnr> <probs for GDERKNQSTAVLIFYWHMCP>
#	G	D	E	R	K	N	Q	S	T	A	V	L	I	F	Y	W	H	M	C	P
0	0.02195	0.02215	0.03219	0.04325	0.50323	0.10491	0.06473	0.06089	0.02023	0.02702	0.01523	0.01947	0.01256	0.00749	0.00805	0.00239	0.01052	0.00714	0.00428	0.01233
1	0.01683	0.01442	0.01683	0.01202	0.01923	0.01082	0.00961	0.02043	0.01683	0.02644	0.01442	0.01683	0.01202	0.00601	0.00601	0.00120	0.00601	0.00481	0.00481	0.76444
2	0.01532	0.01442	0.02434	0.69533	0.05589	0.01803	0.02253	0.02073	0.01622	0.02073	0.01442	0.02163	0.01082	0.00811	0.00811	0.00270	0.01082	0.00721	0.00361	0.00901
3	0.02008	0.01928	0.03294	0.04981	0.66422	0.01928	0.02490	0.02490	0.01848	0.02651	0.01526	0.02008	0.01285	0.00723	0.00803	0.00241	0.00964	0.00723	0.00402	0.01285
4	0.01148	0.00829	0.01085	0.01021	0.01212	0.00766	0.00766	0.01531	0.02297	0.03254	0.65994	0.06061	0.07656	0.01659	0.00957	0.00255	0.00383	0.01467	0.00893	0.00766
5	0.01532	0.01442	0.02434	0.69533	0.05589	0.01803	0.02253	0.02073	0.01622	0.02073	0.01442	0.02163	0.01082	0.00811	0.00811	0.00270	0.01082	0.00721	0.00361	0.00901
6	0.01180	0.00787	0.00885	0.00885	0.00885	0.00787	0.00492	0.01180	0.01180	0.01573	0.02557	0.05310	0.02950	0.71483	0.04130	0.00787	0.00787	0.01180	0.00492	0.00492
7	0.02008	0.01928	0.03294	0.04981	0.66422	0.01928	0.02490	0.02490	0.01848	0.02651	0.01526	0.02008	0.01285	0.00723	0.00803	0.00241	0.00964	0.00723	0.00402	0.01285
8	0.00985	0.00720	0.00927	0.01093	0.01167	0.00662	0.00737	0.01134	0.01589	0.02086	0.04926	0.63307	0.12720	0.02483	0.01026	0.00323	0.00464	0.02235	0.00753	0.00662
9	0.03606	0.01523	0.01907	0.01481	0.02096	0.05019	0.01214	0.03914	0.02321	0.63274	0.03090	0.02688	0.01954	0.00995	0.00811	0.00249	0.00735	0.00799	0.00971	0.01356
10	0.03085	0.02273	0.02435	0.01867	0.02516	0.02516	0.01542	0.63716	0.03815	0.05114	0.01948	0.01948	0.01380	0.00974	0.00812	0.00244	0.00893	0.00731	0.00812	0.01380
11	0.03085	0.02273	0.02435	0.01867	0.02516	0.02516	0.01542	0.63716	0.03815	0.05114	0.01948	0.01948	0.01380	0.00974	0.00812	0.00244	0.00893	0.00731	0.00812	0.01380
12	0.01158	0.00866	0.01283	0.01277	0.01426	0.00990	0.00990	0.01457	0.01399	0.02015	0.08305	0.03464	0.02569	0.05660	0.61800	0.01203	0.02001	0.00927	0.00479	0.00728
13	0.03085	0.02273	0.02435	0.01867	0.02516	0.02516	0.01542	0.63716	0.03815	0.05114	0.01948	0.01948	0.01380	0.00974	0.00812	0.00244	0.00893	0.00731	0.00812	0.01380
14	0.77215	0.01569	0.01193	0.01067	0.01569	0.01820	0.00879	0.02385	0.01381	0.03641	0.01130	0.01318	0.00879	0.00753	0.00502	0.00251	0.00628	0.00439	0.00502	0.00879
15	0.01532	0.01442	0.02434	0.69533	0.05589	0.01803	0.02253	0.02073	0.01622	0.02073	0.01442	0.02163	0.01082	0.00811	0.00811	0.00270	0.01082	0.00721	0.00361	0.00901
16	0.01148	0.00829	0.01085	0.01021	0.01212	0.00766	0.00766	0.01531	0.02297	0.03254	0.65994	0.06061	0.07656	0.01659	0.00957	0.00255	0.00383	0.01467	0.00893	0.00766
17	0.00989	0.00706	0.00942	0.01130	0.01177	0.00659	0.00753	0.01130	0.01554	0.02071	0.04472	0.70954	0.05367	0.02542	0.01036	0.00330	0.00471	0.02307	0.00753	0.00659
18	0.02008	0.01928	0.03294	0.04981	0.66422	0.01928	0.02490	0.02490	0.01848	0.02651	0.01526	0.02008	0.01285	0.00723	0.00803	0.00241	0.00964	0.00723	0.00402	0.01285
19	0.01775	0.01775	0.02485	0.02130	0.02130	0.02485	0.01775	0.01953	0.01243	0.01953	0.01065	0.01775	0.01065	0.01420	0.02663	0.00355	0.69998	0.00710	0.00355	0.00888
20	0.01148	0.00829	0.01085	0.01021	0.01212	0.00766	0.00766	0.01531	0.02297	0.03254	0.65994	0.06061	0.07656	0.01659	0.00957	0.00255	0.00383	0.01467	0.00893	0.00766
21	0.01159	0.00869	0.01304	0.01304	0.01449	0.01014	0.01014	0.01449	0.01304	0.01884	0.02173	0.03188	0.02029	0.06086	0.68268	0.01304	0.02173	0.00869	0.00435	0.00724
22	0.01627	0.04197	0.67279	0.02313	0.03512	0.01884	0.02998	0.02570	0.01713	0.02570	0.01456	0.01713	0.01028	0.00771	0.00771	0.00257	0.01199	0.00600	0.00343	0.01199
23	0.02169	0.71972	0.04252	0.01388	0.02083	0.03211	0.01388	0.02430	0.01649	0.01909	0.01128	0.01302	0.01041	0.00694	0.00521	0.00174	0.00868	0.00434	0.00347	0.01041
24	0.77215	0.01569	0.01193	0.01067	0.01569	0.01820	0.00879	0.02385	0.01381	0.03641	0.01130	0.01318	0.00879	0.00753	0.00502	0.00251	0.00628	0.00439	0.00502	0.00879
25	0.01915	0.02189	0.04788	0.03420	0.04241	0.02052	0.63475	0.02599	0.01915	0.02599	0.01642	0.02189	0.01231	0.00684	0.00958	0.00274	0.01368	0.00958	0.00410	0.01094
26	0.01627	0.04197	0.67279	0.02313	0.03512	0.01884	0.02998	0.02570	0.01713	0.02570	0.01456	0.01713	0.01028	0.00771	0.00771	0.00257	0.01199	0.00600	0.00343	0.01199
27	0.01004	0.00718	0.00955	0.01119	0.01180	0.00669	0.00754	0.01168	0.01625	0.02185	0.10375	0.64728	0.05586	0.02457	0.01028	0.00322	0.00462	0.02226	0.00767	0.00669
28	0.02012	0.52322	0.22525	0.01656	0.02497	0.02826	0.01855	0.02470	0.01667	0.02101	0.01223	0.01421	0.01037	0.00716	0.00593	0.00198	0.00964	0.00482	0.00346	0.01087
29	0.03085	0.02273	0.02435	0.01867	0.02516	0.02516	0.01542	0.63716	0.03815	0.05114	0.01948	0.01948	0.01380	0.00974	0.00812	0.00244	0.00893	0.00731	0.00812	0.01380
30	0.01683	0.01442	0.01683	0.01202	0.01923	0.01082	0.00961	0.02043	0.01683	0.02644	0.01442	0.01683	0.01202	0.00601	0.00601	0.00120	0.00601	0.00481	0.00481	0.76444
31	0.06874	0.03884	0.59654	0.02186	0.03311	0.01847	0.02767	0.02623	0.01720	0.05718	0.01517	0.01736	0.01065	0.00781	0.00755	0.00256	0.01136	0.00599	0.00385	0.01186
32	0.01627	0.04197	0.67279	0.02313	0.03512	0.01884	0.02998	0.02570	0.01713	0.02570	0.01456	0.01713	0.01028	0.00771	0.00771	0.00257	0.01199	0.00600	0.00343	0.01199
33	0.01949	0.01909	0.03363	0.04599	0.55822	0.01886	0.09867	0.02443	0.01856	0.02624	0.01847	0.02296	0.04246	0.00779	0.00829	0.00246	0.00988	0.00797	0.00419	0.01234
34	0.01159	0.00869	0.01304	0.01304	0.01449	0.01014	0.01014	0.01449	0.01304	0.01884	0.02173	0.03188	0.02029	0.06086	0.68268	0.01304	0.02173	0.00869	0.00435	0.00724
35	0.01683	0.01442	0.01683	0.01202	0.01923	0.01082	0.00961	0.02043	0.01683	0.02644	0.01442	0.01683	0.01202	0.00601	0.00601	0.00120	0.00601	0.00481	0.00481	0.76444
36	0.01746	0.01735	0.02479	0.10292	0.02549	0.02403	0.01833	0.01967	0.01289	0.01967	0.01111	0.01822	0.01067	0.01346	0.02439	0.00345	0.61653	0.00711	0.00356	0.00889
37	0.03085	0.02273	0.02435	0.01867	0.02516	0.02516	0.01542	0.63716	0.03815	0.05114	0.01948	0.01948	0.01380	0.00974	0.00812	0.00244	0.00893	0.00731	0.00812	0.01380
38	0.01180	0.00787	0.00885	0.00885	0.00885	0.00787	0.00492	0.01180	0.01180	0.01573	0.02557	0.05310	0.02950	0.71483	0.04130	0.00787	0.00787	0.01180	0.00492	0.00492
39	0.01184	0.00988	0.01261	0.01349	0.05717	0.00977	0.00946	0.01460	0.01896	0.02507	0.23101	0.11548	0.30502	0.01839	0.01126	0.00284	0.07149	0.04664	0.00731	0.00770

[dist]
# distance from previous block
# <min> <max>
3	9

[block]
# block no. 2 follows, 23 sequences, length 13
# corresponding to MSA columns:
# 166-178
name=unknown_C
#
# <colnr> <probs for GDERKNQSTAVLIFYWHMCP>
#	G	D	E	R	K	N	Q	S	T	A	V	L	I	F	Y	W	H	M	C	P
0	0.01058	0.00756	0.01021	0.01209	0.01286	0.00719	0.00874	0.01250	0.01622	0.02149	0.04434	0.57538	0.05215	0.02477	0.01054	0.00339	0.00531	0.15039	0.00752	0.00678
1	0.01735	0.17650	0.54769	0.02129	0.03228	0.02148	0.02679	0.02542	0.01700	0.02439	0.01391	0.01631	0.01031	0.00756	0.00721	0.00240	0.01133	0.00567	0.00344	0.01168
2	0.01573	0.00972	0.01341	0.01406	0.01649	0.00937	0.01199	0.01940	0.01999	0.10672	0.14835	0.07816	0.04853	0.01985	0.01054	0.00338	0.00677	0.43117	0.00805	0.00830
3	0.28261	0.08888	0.34852	0.01957	0.06496	0.01977	0.02086	0.02488	0.01599	0.02895	0.01318	0.01557	0.00992	0.00755	0.00657	0.00247	0.00956	0.00537	0.00403	0.01078
4	0.01903	0.02152	0.04584	0.03306	0.04054	0.02090	0.58016	0.02542	0.01856	0.02542	0.01591	0.02152	0.01217	0.00749	0.01108	0.00281	0.07440	0.00936	0.00406	0.01076
5	0.01022	0.00728	0.00967	0.01121	0.01172	0.00702	0.00750	0.01162	0.01496	0.02007	0.04090	0.58804	0.04848	0.09564	0.07043	0.00457	0.00646	0.02075	0.00701	0.00648
6	0.01590	0.00899	0.00996	0.05318	0.01369	0.00944	0.00759	0.05624	0.01804	0.03030	0.02501	0.02913	0.01970	0.01210	0.04171	0.00256	0.00550	0.00758	0.62537	0.00802
7	0.49956	0.07110	0.01786	0.01324	0.01884	0.02128	0.01110	0.20235	0.02110	0.03938	0.01368	0.01500	0.01037	0.00813	0.00594	0.00243	0.00723	0.00524	0.00580	0.01037
8	0.01149	0.00773	0.00894	0.00925	0.00933	0.00766	0.00535	0.01172	0.01241	0.01655	0.02871	0.16093	0.03347	0.60158	0.03622	0.00712	0.00735	0.01365	0.00535	0.00519
9	0.05736	0.03258	0.39626	0.02553	0.03546	0.01943	0.21905	0.02686	0.06004	0.02691	0.01622	0.01931	0.01182	0.00765	0.00819	0.00263	0.01185	0.00726	0.00405	0.01155
10	0.01953	0.44969	0.29364	0.01757	0.02652	0.02682	0.02030	0.02485	0.01674	0.02172	0.01259	0.01466	0.01036	0.00725	0.00620	0.00207	0.01000	0.00500	0.00345	0.01104
11	0.08241	0.01399	0.01596	0.01441	0.01855	0.01439	0.01176	0.12199	0.12439	0.05099	0.07427	0.08982	0.03136	0.01429	0.00868	0.00274	0.00676	0.17604	0.00729	0.11987
12	0.02055	0.02116	0.03245	0.02460	0.03030	0.07797	0.26931	0.07739	0.06034	0.02690	0.01597	0.02000	0.01271	0.00882	0.01200	0.00258	0.14762	0.00775	0.00472	0.12687

[dist]
# distance from previous block
# <min> <max>
0	7

[block]
# block no. 3 follows, 23 sequences, length 24
# corresponding to MSA columns:
# 186-209
name=unknown_D
#
# <colnr> <probs for GDERKNQSTAVLIFYWHMCP>
#	G	D	E	R	K	N	Q	S	T	A	V	L	I	F	Y	W	H	M	C	P
0	0.13988	0.01393	0.08760	0.01384	0.01693	0.01291	0.01212	0.01735	0.01353	0.02238	0.01898	0.02789	0.01744	0.08635	0.42530	0.00938	0.04407	0.00781	0.00436	0.00795
1	0.01686	0.01467	0.01863	0.01389	0.02064	0.01179	0.05054	0.02162	0.04761	0.02661	0.01756	0.02334	0.01522	0.00752	0.00673	0.00156	0.00663	0.05013	0.00513	0.62332
2	0.01917	0.01571	0.01917	0.01421	0.02109	0.01344	0.04148	0.06969	0.08829	0.05621	0.01768	0.01921	0.01391	0.00705	0.00668	0.00159	0.00669	0.00585	0.00562	0.55727
3	0.02053	0.01645	0.01793	0.01594	0.02066	0.01825	0.01256	0.03950	0.52108	0.07420	0.03222	0.03307	0.02494	0.01131	0.00827	0.00269	0.00649	0.04761	0.00807	0.06823
4	0.77215	0.01569	0.01193	0.01067	0.01569	0.01820	0.00879	0.02385	0.01381	0.03641	0.01130	0.01318	0.00879	0.00753	0.00502	0.00251	0.00628	0.00439	0.00502	0.00879
5	0.00989	0.00706	0.00942	0.01130	0.01177	0.00659	0.00753	0.01130	0.01554	0.02071	0.04472	0.70954	0.05367	0.02542	0.01036	0.00330	0.00471	0.02307	0.00753	0.00659
6	0.01088	0.00905	0.00980	0.00987	0.01257	0.00832	0.00766	0.01471	0.06491	0.02286	0.07043	0.07299	0.50645	0.02266	0.05328	0.00352	0.00578	0.07949	0.00738	0.00739
7	0.03641	0.01381	0.01883	0.01444	0.02071	0.01193	0.01193	0.03954	0.02322	0.66984	0.03201	0.02762	0.02009	0.01004	0.00816	0.00251	0.00690	0.00816	0.01004	0.01381
8	0.01906	0.02162	0.04638	0.03336	0.04103	0.02080	0.59455	0.02557	0.01871	0.02557	0.01604	0.02162	0.01220	0.00732	0.01069	0.00279	0.05840	0.00941	0.00407	0.01081
9	0.01532	0.01442	0.02434	0.69533	0.05589	0.01803	0.02253	0.02073	0.01622	0.02073	0.01442	0.02163	0.01082	0.00811	0.00811	0.00270	0.01082	0.00721	0.00361	0.00901
10	0.00959	0.00822	0.00822	0.00822	0.01096	0.00685	0.00617	0.01165	0.01850	0.02192	0.08220	0.07809	0.66092	0.02055	0.00959	0.00274	0.00411	0.01713	0.00754	0.00685
11	0.03031	0.03867	0.02299	0.02090	0.02508	0.68226	0.01568	0.03240	0.02299	0.01986	0.01254	0.01463	0.01045	0.00836	0.00732	0.00209	0.01463	0.00523	0.00418	0.00941
12	0.01148	0.00829	0.01085	0.01021	0.01212	0.00766	0.00766	0.01531	0.02297	0.03254	0.65994	0.06061	0.07656	0.01659	0.00957	0.00255	0.00383	0.01467	0.00893	0.00766
13	0.01159	0.00869	0.01304	0.01304	0.01449	0.01014	0.01014	0.01449	0.01304	0.01884	0.02173	0.03188	0.02029	0.06086	0.68268	0.01304	0.02173	0.00869	0.00435	0.00724
14	0.01532	0.01442	0.02434	0.69533	0.05589	0.01803	0.02253	0.02073	0.01622	0.02073	0.01442	0.02163	0.01082	0.00811	0.00811	0.00270	0.01082	0.00721	0.00361	0.00901
15	0.72792	0.01558	0.01234	0.01090	0.01599	0.01783	0.00898	0.02480	0.01438	0.07448	0.01254	0.01405	0.00947	0.00768	0.00521	0.00251	0.00631	0.00462	0.00532	0.00909
16	0.12252	0.00986	0.01165	0.01173	0.01430	0.00970	0.00939	0.01763	0.01913	0.06953	0.21864	0.13355	0.12358	0.01791	0.00936	0.00297	0.00551	0.17736	0.00772	0.00795
17	0.28761	0.01629	0.01751	0.11242	0.02449	0.01841	0.01305	0.10676	0.15955	0.10279	0.02131	0.02422	0.01625	0.00963	0.00720	0.00264	0.00742	0.03504	0.00658	0.01083
18	0.31898	0.02391	0.01919	0.01611	0.02146	0.18380	0.01291	0.25018	0.02496	0.03773	0.01460	0.01584	0.01103	0.00854	0.00672	0.00238	0.00930	0.00566	0.00595	0.01077
19	0.01213	0.00843	0.01172	0.01172	0.01306	0.00949	0.00884	0.01479	0.01346	0.02010	0.02290	0.03429	0.02151	0.13511	0.50461	0.01078	0.01740	0.00892	0.11373	0.00700
20	0.06773	0.01903	0.02765	0.30650	0.29133	0.08272	0.04343	0.02390	0.01772	0.02414	0.01444	0.01980	0.01151	0.00770	0.00786	0.00252	0.01052	0.00693	0.00393	0.01063
21	0.02165	0.01425	0.01714	0.01310	0.01928	0.01196	0.01044	0.08306	0.02013	0.16809	0.02218	0.09824	0.01868	0.00945	0.00717	0.00184	0.00634	0.00785	0.00658	0.44255
22	0.02531	0.01415	0.03937	0.01377	0.01933	0.01174	0.01134	0.05483	0.04150	0.32597	0.05364	0.13261	0.02527	0.01172	0.00805	0.00234	0.00648	0.00990	0.00804	0.18465
23	0.08140	0.04238	0.06147	0.01504	0.02104	0.01547	0.01302	0.06140	0.14529	0.36959	0.06688	0.02759	0.02242	0.01018	0.00791	0.00253	0.00706	0.00818	0.00852	0.01265

[dist]
# distance from previous block
# <min> <max>
2	5

[block]
# block no. 4 follows, 23 sequences, length 38
# corresponding to MSA columns:
# 218-255
name=unknown_E
#
# <colnr> <probs for GDERKNQSTAVLIFYWHMCP>
#	G	D	E	R	K	N	Q	S	T	A	V	L	I	F	Y	W	H	M	C	P
0	0.05392	0.07288	0.02133	0.01507	0.02138	0.04773	0.03580	0.06398	0.11897	0.18868	0.02161	0.02141	0.01580	0.00828	0.00711	0.00203	0.00739	0.00662	0.00668	0.26332
1	0.05628	0.16075	0.33803	0.02176	0.03121	0.02080	0.13452	0.02589	0.01754	0.06060	0.01508	0.01760	0.01123	0.00744	0.00739	0.00237	0.01081	0.00632	0.00407	0.05032
2	0.50245	0.03966	0.05390	0.04583	0.02140	0.01823	0.06101	0.04815	0.01655	0.06900	0.04700	0.01797	0.01362	0.00819	0.00621	0.00252	0.00748	0.00588	0.00534	0.00961
3	0.08075	0.60019	0.06485	0.01383	0.02058	0.02924	0.01384	0.02388	0.01662	0.02141	0.04344	0.01555	0.01354	0.00750	0.00551	0.00187	0.00839	0.00492	0.00386	0.01021
4	0.09902	0.02311	0.12322	0.01633	0.02282	0.10141	0.01487	0.13858	0.06460	0.11915	0.03815	0.02111	0.01588	0.00879	0.00726	0.00225	0.00858	0.00665	0.04782	0.12039
5	0.02177	0.02289	0.02964	0.07395	0.42753	0.16175	0.04298	0.02675	0.04309	0.02496	0.01628	0.02186	0.01381	0.00816	0.00805	0.00243	0.01072	0.02739	0.00431	0.01166
6	0.03195	0.01997	0.02198	0.01696	0.02331	0.05116	0.01392	0.36931	0.03113	0.26053	0.02317	0.02190	0.01570	0.00957	0.00798	0.00238	0.00835	0.00736	0.00841	0.05498
7	0.02283	0.01828	0.02127	0.01588	0.02271	0.01755	0.03797	0.27457	0.05583	0.03690	0.01747	0.01876	0.01337	0.00781	0.00713	0.00184	0.00754	0.00624	0.00630	0.38977
8	0.01126	0.00823	0.01057	0.01010	0.01201	0.00754	0.00753	0.01483	0.02226	0.03114	0.58516	0.09233	0.12205	0.01732	0.00961	0.00260	0.00389	0.01526	0.00876	0.00754
9	0.00989	0.00706	0.00942	0.01130	0.01177	0.00659	0.00753	0.01130	0.01554	0.02071	0.04472	0.70954	0.05367	0.02542	0.01036	0.00330	0.00471	0.02307	0.00753	0.00659
10	0.02169	0.71972	0.04252	0.01388	0.02083	0.03211	0.01388	0.02430	0.01649	0.01909	0.01128	0.01302	0.01041	0.00694	0.00521	0.00174	0.00868	0.00434	0.00347	0.01041
11	0.01180	0.00787	0.00885	0.00885	0.00885	0.00787	0.00492	0.01180	0.01180	0.01573	0.02557	0.05310	0.02950	0.71483	0.04130	0.00787	0.00787	0.01180	0.00492	0.00492
12	0.71193	0.01779	0.06458	0.01166	0.01724	0.01825	0.01048	0.02400	0.01407	0.03555	0.01156	0.01350	0.00891	0.00755	0.00524	0.00252	0.00673	0.00452	0.00489	0.00904
13	0.02008	0.01928	0.03294	0.04981	0.66422	0.01928	0.02490	0.02490	0.01848	0.02651	0.01526	0.02008	0.01285	0.00723	0.00803	0.00241	0.00964	0.00723	0.00402	0.01285
14	0.00961	0.00814	0.00830	0.00843	0.01101	0.00683	0.00626	0.01162	0.01830	0.02184	0.07969	0.12033	0.62030	0.02088	0.00964	0.00278	0.00415	0.01752	0.00753	0.00683
15	0.00959	0.00822	0.00822	0.00822	0.01096	0.00685	0.00617	0.01165	0.01850	0.02192	0.08220	0.07809	0.66092	0.02055	0.00959	0.00274	0.00411	0.01713	0.00754	0.00685
16	0.00959	0.00822	0.00822	0.00822	0.01096	0.00685	0.00617	0.01165	0.01850	0.02192	0.08220	0.07809	0.66092	0.02055	0.00959	0.00274	0.00411	0.01713	0.00754	0.00685
17	0.01159	0.00869	0.01304	0.01304	0.01449	0.01014	0.01014	0.01449	0.01304	0.01884	0.02173	0.03188	0.02029	0.06086	0.68268	0.01304	0.02173	0.00869	0.00435	0.00724
18	0.02018	0.01743	0.01835	0.01651	0.02110	0.02018	0.01284	0.04312	0.64956	0.03394	0.03303	0.03027	0.02477	0.01101	0.00826	0.00275	0.00642	0.00917	0.00826	0.01284
19	0.03085	0.02273	0.02435	0.01867	0.02516	0.02516	0.01542	0.63716	0.03815	0.05114	0.01948	0.01948	0.01380	0.00974	0.00812	0.00244	0.00893	0.00731	0.00812	0.01380
20	0.03031	0.03867	0.02299	0.02090	0.02508	0.68226	0.01568	0.03240	0.02299	0.01986	0.01254	0.01463	0.01045	0.00836	0.00732	0.00209	0.01463	0.00523	0.00418	0.00941
21	0.00989	0.00706	0.00942	0.01130	0.01177	0.00659	0.00753	0.01130	0.01554	0.02071	0.04472	0.70954	0.05367	0.02542	0.01036	0.00330	0.00471	0.02307	0.00753	0.00659
22	0.01654	0.01566	0.02654	0.53021	0.21149	0.01835	0.02314	0.02180	0.01680	0.02221	0.01464	0.02124	0.01134	0.00789	0.00809	0.00263	0.01052	0.00722	0.00371	0.01000
23	0.00959	0.00822	0.00822	0.00822	0.01096	0.00685	0.00617	0.01165	0.01850	0.02192	0.08220	0.07809	0.66092	0.02055	0.00959	0.00274	0.00411	0.01713	0.00754	0.00685
24	0.00972	0.00822	0.00840	0.00835	0.01104	0.00690	0.00626	0.01189	0.01879	0.02263	0.12085	0.07692	0.62183	0.02029	0.00959	0.00273	0.00409	0.01696	0.00763	0.00690
25	0.01577	0.01496	0.02535	0.60129	0.07722	0.01779	0.05023	0.02112	0.01648	0.02152	0.01455	0.02132	0.01103	0.00790	0.00806	0.00261	0.01064	0.00719	0.00371	0.05126
26	0.03492	0.01619	0.02030	0.01557	0.02190	0.01546	0.01286	0.19908	0.02721	0.50468	0.02867	0.02545	0.01841	0.00996	0.00815	0.00249	0.00744	0.00793	0.00953	0.01381
27	0.01752	0.01483	0.01720	0.01235	0.01952	0.01153	0.00990	0.05089	0.01788	0.02766	0.01467	0.01696	0.01211	0.00619	0.00611	0.00126	0.00615	0.00493	0.00497	0.72737
28	0.01985	0.01746	0.02695	0.08055	0.02867	0.01807	0.15153	0.07189	0.01840	0.06924	0.01557	0.01952	0.01234	0.00884	0.01207	0.00240	0.16891	0.00703	0.00487	0.24583
29	0.01699	0.01612	0.02734	0.46970	0.26852	0.01847	0.02336	0.02219	0.01701	0.02275	0.01472	0.02109	0.01153	0.00780	0.00808	0.00260	0.01041	0.00722	0.00375	0.01036
30	0.01899	0.02248	0.11649	0.23092	0.35219	0.07116	0.02418	0.02439	0.01800	0.02420	0.01471	0.01970	0.01172	0.00764	0.00796	0.00249	0.01069	0.00690	0.00383	0.01135
31	0.18350	0.01670	0.04966	0.05158	0.02201	0.01517	0.01229	0.05939	0.05079	0.12402	0.01743	0.01878	0.01306	0.00790	0.00732	0.00206	0.03303	0.00585	0.00580	0.30364
32	0.05434	0.11180	0.54345	0.02276	0.06174	0.02025	0.02698	0.02542	0.01696	0.02556	0.01408	0.01663	0.01034	0.00760	0.00732	0.00247	0.01125	0.00580	0.00354	0.01171
33	0.02239	0.01543	0.04419	0.01525	0.01970	0.01489	0.01282	0.20334	0.05606	0.15124	0.08498	0.11277	0.05247	0.01680	0.04023	0.00328	0.00787	0.10746	0.00799	0.01083
34	0.24324	0.01468	0.08016	0.01306	0.01691	0.01283	0.01140	0.04405	0.01664	0.02792	0.02943	0.22140	0.05107	0.04325	0.00953	0.00309	0.00672	0.10899	0.00615	0.03950
35	0.05803	0.01511	0.02502	0.47095	0.14455	0.01752	0.04957	0.02137	0.01712	0.02369	0.06590	0.02404	0.01633	0.00856	0.00811	0.00264	0.00996	0.00776	0.00420	0.00958
36	0.02204	0.02131	0.06487	0.04955	0.02875	0.02326	0.13821	0.21444	0.05506	0.03175	0.01605	0.01986	0.01267	0.01061	0.01481	0.00292	0.24963	0.00770	0.00532	0.01119
37	0.07006	0.01679	0.02227	0.01817	0.02139	0.01975	0.04389	0.08696	0.01705	0.06173	0.01468	0.01933	0.01249	0.01490	0.06983	0.00359	0.32637	0.00682	0.00482	0.14912

[dist]
# distance from previous block
# <min> <max>
4	9

[block]
# block no. 5 follows, 23 sequences, length 15
# corresponding to MSA columns:
# 265-279
name=unknown_F
#
# <colnr> <probs for GDERKNQSTAVLIFYWHMCP>
#	G	D	E	R	K	N	Q	S	T	A	V	L	I	F	Y	W	H	M	C	P
0	0.21494	0.28741	0.16348	0.01574	0.02318	0.02467	0.01618	0.12094	0.01934	0.02997	0.01326	0.01494	0.01050	0.00769	0.00614	0.00222	0.00879	0.00517	0.00459	0.01086
1	0.24188	0.01402	0.06166	0.07799	0.04569	0.01312	0.01202	0.01994	0.01620	0.07197	0.06117	0.22497	0.02900	0.04627	0.00950	0.00304	0.00681	0.03001	0.00610	0.00864
2	0.12288	0.14717	0.37612	0.06338	0.09045	0.02095	0.02342	0.02483	0.01663	0.02587	0.01362	0.01645	0.01037	0.00754	0.00697	0.00242	0.01035	0.00569	0.00372	0.01118
3	0.24160	0.10977	0.36002	0.02024	0.07173	0.02019	0.02150	0.02493	0.01617	0.02818	0.01327	0.01570	0.01003	0.00754	0.00665	0.00245	0.00975	0.00542	0.00395	0.01092
4	0.01832	0.06323	0.01687	0.01339	0.01637	0.01410	0.01060	0.07910	0.06214	0.10543	0.06207	0.03220	0.02337	0.10899	0.25586	0.00688	0.04013	0.00880	0.05300	0.00915
5	0.02500	0.01872	0.02077	0.01578	0.02227	0.01868	0.01284	0.36512	0.02889	0.06131	0.01915	0.04881	0.01509	0.00907	0.00745	0.00203	0.00761	0.00711	0.00695	0.28735
6	0.01787	0.01714	0.02863	0.03232	0.29468	0.01657	0.12242	0.02216	0.01745	0.02524	0.01829	0.09802	0.01706	0.00947	0.00947	0.00238	0.05924	0.00888	0.00457	0.17812
7	0.42959	0.01513	0.01594	0.01443	0.05469	0.01571	0.01098	0.03030	0.01791	0.29387	0.01996	0.01946	0.01362	0.00854	0.00647	0.00251	0.00672	0.00609	0.00701	0.01106
8	0.01665	0.01561	0.02483	0.49287	0.13088	0.01884	0.02147	0.02377	0.08843	0.02294	0.01643	0.02219	0.01267	0.00868	0.00920	0.00272	0.05028	0.00743	0.00419	0.00995
9	0.16468	0.34081	0.22664	0.01646	0.02441	0.06188	0.01789	0.02509	0.01653	0.02446	0.01235	0.01439	0.01006	0.00737	0.00605	0.00216	0.00956	0.00490	0.00380	0.01052
10	0.01820	0.01604	0.02373	0.48500	0.04564	0.01920	0.02003	0.12035	0.03888	0.02630	0.01558	0.02103	0.01178	0.00869	0.00907	0.00262	0.05020	0.00713	0.00454	0.05599
11	0.36533	0.01687	0.07301	0.20365	0.02853	0.01712	0.01458	0.02326	0.05197	0.03051	0.08756	0.02226	0.01811	0.00894	0.00682	0.00259	0.00777	0.00676	0.00512	0.00923
12	0.12444	0.02301	0.09621	0.04878	0.02617	0.02229	0.01631	0.41846	0.03057	0.08823	0.01851	0.01907	0.01306	0.00917	0.00767	0.00248	0.00888	0.00684	0.00711	0.01273
13	0.01861	0.01749	0.02920	0.30441	0.39842	0.01901	0.02360	0.04694	0.01835	0.02517	0.01509	0.02067	0.01208	0.00768	0.00807	0.00253	0.01008	0.00723	0.00401	0.01137
14	0.22991	0.01515	0.02063	0.35055	0.06311	0.01793	0.01723	0.02383	0.01616	0.09919	0.01531	0.01960	0.01138	0.00858	0.00860	0.00268	0.05925	0.00652	0.00475	0.00964

[dist]
# distance from previous block
# <min> <max>
1	2

[block]
# block no. 6 follows, 23 sequences, length 8
# corresponding to MSA columns:
# 282-289
name=unknown_G
#
# <colnr> <probs for GDERKNQSTAVLIFYWHMCP>
#	G	D	E	R	K	N	Q	S	T	A	V	L	I	F	Y	W	H	M	C	P
0	0.02270	0.01728	0.02457	0.02281	0.10229	0.01954	0.05608	0.04883	0.10995	0.15839	0.01982	0.02216	0.01524	0.01080	0.01464	0.00282	0.25315	0.00764	0.00591	0.06538
1	0.05824	0.01853	0.02789	0.14377	0.37291	0.02009	0.02124	0.10135	0.06989	0.02939	0.01663	0.02060	0.01328	0.00833	0.00882	0.00255	0.04246	0.00724	0.00482	0.01196
2	0.02742	0.01683	0.01955	0.01549	0.02131	0.01700	0.01255	0.21282	0.14834	0.23852	0.07085	0.02673	0.02214	0.01010	0.00800	0.00238	0.00708	0.00815	0.00840	0.10634
3	0.07799	0.01403	0.01819	0.06323	0.12153	0.01436	0.01321	0.11676	0.04328	0.06945	0.05715	0.24128	0.02937	0.01415	0.00848	0.00265	0.00693	0.01234	0.00665	0.06896
4	0.08931	0.01439	0.01645	0.05633	0.03420	0.01570	0.02535	0.17312	0.07146	0.03364	0.02391	0.02762	0.04255	0.05233	0.02506	0.00290	0.02607	0.00791	0.23123	0.03046
5	0.05514	0.01617	0.02137	0.10090	0.02639	0.01673	0.06268	0.17439	0.07291	0.17274	0.06301	0.03214	0.05210	0.01096	0.00838	0.00259	0.00803	0.04875	0.00736	0.04724
6	0.01654	0.01675	0.02999	0.14788	0.03319	0.01890	0.22795	0.02095	0.01692	0.02365	0.09592	0.06617	0.02198	0.01152	0.01430	0.00298	0.21059	0.00985	0.00465	0.00932
7	0.14098	0.08446	0.16255	0.10212	0.06383	0.01842	0.01734	0.06481	0.05716	0.06608	0.01622	0.01879	0.01237	0.00894	0.00821	0.04049	0.00871	0.00614	0.00490	0.09750

[dist]
# distance from previous block
# <min> <max>
9	29

[block]
# block no. 7 follows, 23 sequences, length 57
# corresponding to MSA columns:
# 319-343,366-385,408-419
name=unknown_H
#
# <colnr> <probs for GDERKNQSTAVLIFYWHMCP>
#	G	D	E	R	K	N	Q	S	T	A	V	L	I	F	Y	W	H	M	C	P
0	0.06116	0.05166	0.14340	0.03739	0.36985	0.01943	0.11371	0.02489	0.01792	0.02654	0.01489	0.01901	0.01196	0.00720	0.00782	0.00240	0.01023	0.00697	0.00400	0.04956
1	0.08333	0.09591	0.47378	0.01995	0.02999	0.01890	0.02421	0.02639	0.01758	0.08846	0.03842	0.01897	0.01345	0.00816	0.00737	0.00248	0.01043	0.00623	0.00440	0.01160
2	0.06902	0.01544	0.04958	0.01432	0.02015	0.01348	0.01214	0.05684	0.09774	0.36355	0.10683	0.02946	0.02565	0.01035	0.00795	0.00242	0.00667	0.00844	0.00853	0.08143
3	0.13803	0.28308	0.02842	0.01523	0.02147	0.04930	0.01338	0.20317	0.05592	0.09614	0.01686	0.01730	0.01284	0.00840	0.00654	0.00219	0.00832	0.00586	0.00596	0.01157
4	0.24441	0.01973	0.01991	0.01577	0.02169	0.02184	0.01300	0.40791	0.02967	0.07625	0.02002	0.02019	0.03621	0.00951	0.00728	0.00247	0.00789	0.00686	0.00730	0.01210
5	0.01513	0.00756	0.00756	0.00756	0.00945	0.00756	0.00567	0.01891	0.01702	0.03025	0.02647	0.03025	0.02080	0.00945	0.00567	0.00189	0.00378	0.00756	0.75988	0.00756
6	0.05510	0.02346	0.16186	0.02658	0.03460	0.01787	0.36606	0.02399	0.01794	0.02605	0.01802	0.07895	0.01525	0.00855	0.00868	0.00258	0.01141	0.00928	0.00438	0.08941
7	0.01798	0.01913	0.03493	0.02687	0.03080	0.02179	0.31005	0.02214	0.01579	0.02266	0.01526	0.05778	0.01381	0.01132	0.01764	0.00315	0.33597	0.00915	0.00403	0.00973
8	0.01513	0.00756	0.00756	0.00756	0.00945	0.00756	0.00567	0.01891	0.01702	0.03025	0.02647	0.03025	0.02080	0.00945	0.00567	0.00189	0.00378	0.00756	0.75988	0.00756
9	0.77215	0.01569	0.01193	0.01067	0.01569	0.01820	0.00879	0.02385	0.01381	0.03641	0.01130	0.01318	0.00879	0.00753	0.00502	0.00251	0.00628	0.00439	0.00502	0.00879
10	0.73086	0.05443	0.01361	0.01085	0.01597	0.01897	0.00907	0.02388	0.01396	0.03545	0.01130	0.01317	0.00888	0.00750	0.00503	0.00247	0.00641	0.00439	0.00494	0.00888
11	0.03026	0.02244	0.02402	0.01855	0.02494	0.02489	0.01528	0.60430	0.07197	0.05019	0.02023	0.02008	0.01441	0.00981	0.00812	0.00245	0.00879	0.00741	0.00812	0.01375
12	0.77215	0.01569	0.01193	0.01067	0.01569	0.01820	0.00879	0.02385	0.01381	0.03641	0.01130	0.01318	0.00879	0.00753	0.00502	0.00251	0.00628	0.00439	0.00502	0.00879
13	0.01757	0.01018	0.01045	0.00957	0.01224	0.01066	0.00740	0.10617	0.05251	0.03335	0.02584	0.02875	0.02003	0.00957	0.00615	0.00201	0.00463	0.00761	0.61660	0.00870
14	0.03243	0.01375	0.01822	0.01470	0.02037	0.01253	0.01213	0.03769	0.08805	0.54025	0.03319	0.03416	0.02318	0.01136	0.00847	0.00266	0.00691	0.06726	0.00960	0.01309
15	0.01683	0.01442	0.01683	0.01202	0.01923	0.01082	0.00961	0.02043	0.01683	0.02644	0.01442	0.01683	0.01202	0.00601	0.00601	0.00120	0.00601	0.00481	0.00481	0.76444
16	0.01513	0.00756	0.00756	0.00756	0.00945	0.00756	0.00567	0.01891	0.01702	0.03025	0.02647	0.03025	0.02080	0.00945	0.00567	0.00189	0.00378	0.00756	0.75988	0.00756
17	0.03085	0.02273	0.02435	0.01867	0.02516	0.02516	0.01542	0.63716	0.03815	0.05114	0.01948	0.01948	0.01380	0.00974	0.00812	0.00244	0.00893	0.00731	0.00812	0.01380
18	0.00997	0.00713	0.00949	0.01124	0.01179	0.00665	0.00754	0.01151	0.01592	0.02132	0.07649	0.67602	0.05485	0.02497	0.01032	0.00326	0.00466	0.02263	0.00760	0.00665
19	0.01513	0.00756	0.00756	0.00756	0.00945	0.00756	0.00567	0.01891	0.01702	0.03025	0.02647	0.03025	0.02080	0.00945	0.00567	0.00189	0.00378	0.00756	0.75988	0.00756
20	0.01775	0.01775	0.02485	0.02130	0.02130	0.02485	0.01775	0.01953	0.01243	0.01953	0.01065	0.01775	0.01065	0.01420	0.02663	0.00355	0.69998	0.00710	0.00355	0.00888
21	0.77215	0.01569	0.01193	0.01067	0.01569	0.01820	0.00879	0.02385	0.01381	0.03641	0.01130	0.01318	0.00879	0.00753	0.00502	0.00251	0.00628	0.00439	0.00502	0.00879
22	0.03085	0.02273	0.02435	0.01867	0.02516	0.02516	0.01542	0.63716	0.03815	0.05114	0.01948	0.01948	0.01380	0.00974	0.00812	0.00244	0.00893	0.00731	0.00812	0.01380
23	0.02008	0.01928	0.03294	0.04981	0.66422	0.01928	0.02490	0.02490	0.01848	0.02651	0.01526	0.02008	0.01285	0.00723	0.00803	0.00241	0.00964	0.00723	0.00402	0.01285
24	0.00989	0.00706	0.00942	0.01130	0.01177	0.00659	0.00753	0.01130	0.01554	0.02071	0.04472	0.70954	0.05367	0.02542	0.01036	0.00330	0.00471	0.02307	0.00753	0.00659
25	0.03085	0.02273	0.02435	0.01867	0.02516	0.02516	0.01542	0.63716	0.03815	0.05114	0.01948	0.01948	0.01380	0.00974	0.00812	0.00244	0.00893	0.00731	0.00812	0.01380
26	0.01308	0.00934	0.01308	0.01494	0.01681	0.00934	0.01308	0.01681	0.01868	0.02428	0.04296	0.09153	0.04670	0.02242	0.01121	0.00374	0.00747	0.60960	0.00747	0.00747
27	0.00989	0.00706	0.00942	0.01130	0.01177	0.00659	0.00753	0.01130	0.01554	0.02071	0.04472	0.70954	0.05367	0.02542	0.01036	0.00330	0.00471	0.02307	0.00753	0.00659
28	0.03641	0.01381	0.01883	0.01444	0.02071	0.01193	0.01193	0.03954	0.02322	0.66984	0.03201	0.02762	0.02009	0.01004	0.00816	0.00251	0.00690	0.00816	0.01004	0.01381
29	0.02853	0.03606	0.02173	0.01982	0.02387	0.62436	0.01486	0.03062	0.02261	0.02004	0.01851	0.02007	0.06622	0.00941	0.00751	0.00215	0.01373	0.00625	0.00447	0.00919
30	0.01532	0.01442	0.02434	0.69533	0.05589	0.01803	0.02253	0.02073	0.01622	0.02073	0.01442	0.02163	0.01082	0.00811	0.00811	0.00270	0.01082	0.00721	0.00361	0.00901
31	0.01180	0.00787	0.00885	0.00885	0.00885	0.00787	0.00492	0.01180	0.01180	0.01573	0.02557	0.05310	0.02950	0.71483	0.04130	0.00787	0.00787	0.01180	0.00492	0.00492
32	0.03031	0.03867	0.02299	0.02090	0.02508	0.68226	0.01568	0.03240	0.02299	0.01986	0.01254	0.01463	0.01045	0.00836	0.00732	0.00209	0.01463	0.00523	0.00418	0.00941
33	0.01627	0.04197	0.67279	0.02313	0.03512	0.01884	0.02998	0.02570	0.01713	0.02570	0.01456	0.01713	0.01028	0.00771	0.00771	0.00257	0.01199	0.00600	0.00343	0.01199
34	0.03085	0.02273	0.02435	0.01867	0.02516	0.02516	0.01542	0.63716	0.03815	0.05114	0.01948	0.01948	0.01380	0.00974	0.00812	0.00244	0.00893	0.00731	0.00812	0.01380
35	0.00989	0.00832	0.00864	0.00880	0.01146	0.00706	0.00676	0.01209	0.01851	0.02212	0.07884	0.07924	0.60827	0.02071	0.00973	0.00283	0.00440	0.06792	0.00753	0.00690
36	0.06545	0.01872	0.02365	0.31313	0.03802	0.02167	0.01815	0.33428	0.02724	0.03706	0.01682	0.02007	0.01222	0.00891	0.00794	0.00256	0.00960	0.00710	0.00598	0.01143
37	0.02024	0.34739	0.22529	0.01623	0.02395	0.02275	0.01769	0.02511	0.01825	0.09088	0.10089	0.02212	0.02020	0.00878	0.00685	0.00218	0.00884	0.00661	0.00487	0.01088
38	0.01035	0.00769	0.01069	0.06994	0.01555	0.00757	0.00882	0.01211	0.01559	0.02072	0.04213	0.65056	0.04999	0.02394	0.01016	0.00324	0.00523	0.02171	0.00720	0.00680
39	0.01532	0.01442	0.02434	0.69533	0.05589	0.01803	0.02253	0.02073	0.01622	0.02073	0.01442	0.02163	0.01082	0.00811	0.00811	0.00270	0.01082	0.00721	0.00361	0.00901
40	0.01513	0.00756	0.00756	0.00756	0.00945	0.00756	0.00567	0.01891	0.01702	0.03025	0.02647	0.03025	0.02080	0.00945	0.00567	0.00189	0.00378	0.00756	0.75988	0.00756
41	0.01834	0.01927	0.03701	0.02643	0.03429	0.01712	0.41589	0.02405	0.01834	0.02615	0.01572	0.02012	0.01221	0.00655	0.00833	0.00220	0.01099	0.00791	0.00435	0.27474
42	0.09948	0.01397	0.01824	0.01411	0.02028	0.01246	0.01166	0.03820	0.02242	0.61553	0.03024	0.02638	0.01912	0.00983	0.00789	0.00251	0.00685	0.00784	0.00961	0.01338
43	0.01513	0.00756	0.00756	0.00756	0.00945	0.00756	0.00567	0.01891	0.01702	0.03025	0.02647	0.03025	0.02080	0.00945	0.00567	0.00189	0.00378	0.00756	0.75988	0.00756
44	0.01575	0.05111	0.01649	0.01461	0.01687	0.14175	0.01141	0.01847	0.01515	0.01905	0.01941	0.02756	0.01787	0.04789	0.51671	0.01033	0.01968	0.00780	0.00427	0.00783
45	0.01683	0.01442	0.01683	0.01202	0.01923	0.01082	0.00961	0.02043	0.01683	0.02644	0.01442	0.01683	0.01202	0.00601	0.00601	0.00120	0.00601	0.00481	0.00481	0.76444
46	0.01891	0.28966	0.08676	0.01829	0.02205	0.02658	0.01703	0.02170	0.01442	0.01986	0.01165	0.01641	0.01089	0.01261	0.04145	0.00312	0.34941	0.00600	0.00354	0.00967
47	0.77215	0.01569	0.01193	0.01067	0.01569	0.01820	0.00879	0.02385	0.01381	0.03641	0.01130	0.01318	0.00879	0.00753	0.00502	0.00251	0.00628	0.00439	0.00502	0.00879
48	0.01016	0.00743	0.01016	0.04539	0.01397	0.00716	0.00828	0.01177	0.01557	0.02071	0.04321	0.67525	0.05153	0.02456	0.01024	0.00327	0.00501	0.02228	0.00734	0.00671
49	0.08150	0.03676	0.52410	0.02369	0.03453	0.01904	0.11723	0.02558	0.01714	0.02666	0.01455	0.01749	0.01045	0.00757	0.00775	0.00259	0.01175	0.00639	0.00366	0.01156
50	0.01686	0.01595	0.02653	0.41475	0.19519	0.01746	0.05185	0.02195	0.01699	0.02315	0.01472	0.02062	0.01154	0.00755	0.00788	0.00243	0.01002	0.00700	0.00389	0.11367
51	0.01513	0.00756	0.00756	0.00756	0.00945	0.00756	0.00567	0.01891	0.01702	0.03025	0.02647	0.03025	0.02080	0.00945	0.00567	0.00189	0.00378	0.00756	0.75988	0.00756
52	0.01894	0.02147	0.04657	0.07109	0.04316	0.02038	0.60058	0.02570	0.01899	0.02570	0.01630	0.02187	0.01223	0.00691	0.00949	0.00273	0.01352	0.00944	0.00408	0.01084
53	0.02922	0.02034	0.02234	0.01754	0.02340	0.02209	0.01431	0.51990	0.03451	0.10368	0.02317	0.09026	0.01841	0.01136	0.00835	0.00253	0.00832	0.00898	0.00823	0.01307
54	0.01513	0.00756	0.00756	0.00756	0.00945	0.00756	0.00567	0.01891	0.01702	0.03025	0.02647	0.03025	0.02080	0.00945	0.00567	0.00189	0.00378	0.00756	0.75988	0.00756
55	0.02863	0.01834	0.02077	0.01646	0.02215	0.01947	0.01341	0.34743	0.11670	0.19347	0.09301	0.02730	0.02352	0.01072	0.00830	0.00251	0.00756	0.00855	0.00868	0.01301
56	0.10228	0.02145	0.06431	0.02277	0.05402	0.02140	0.16351	0.25376	0.02496	0.06091	0.01684	0.01930	0.01254	0.00882	0.00972	0.00256	0.07375	0.00734	0.00588	0.05389

[dist]
# distance from previous block
# <min> <max>
0	19

# created by:
# /st0/software/busco_prod/Augustus/scripts/msa2prfl.pl ./align_prep/104574.fa
