[name]
unknown

[dist]
# distance from previous block
# <min> <max>
0	1

[block]
# block no. 0 follows, 25 sequences, length 97
# corresponding to MSA columns:
# 1-97
name=unknown_A
#
# <colnr> <probs for GDERKNQSTAVLIFYWHMCP>
#	G	D	E	R	K	N	Q	S	T	A	V	L	I	F	Y	W	H	M	C	P
0	0.01249	0.00892	0.01249	0.01428	0.01606	0.00892	0.01249	0.01606	0.01785	0.02320	0.04105	0.08746	0.04462	0.02142	0.01071	0.00357	0.00714	0.62695	0.00714	0.00714
1	0.01111	0.00758	0.00909	0.00922	0.00946	0.00775	0.00562	0.01162	0.01171	0.01582	0.02522	0.09668	0.02857	0.57746	0.13435	0.00793	0.00925	0.01162	0.00480	0.00514
2	0.02024	0.01477	0.01677	0.01382	0.01909	0.01466	0.01092	0.03255	0.33100	0.13063	0.06052	0.02613	0.02188	0.00919	0.00728	0.00213	0.00595	0.00761	0.00717	0.24770
3	0.01613	0.11687	0.61561	0.02112	0.03204	0.01941	0.02694	0.02441	0.01630	0.02385	0.01357	0.01593	0.00984	0.00729	0.00710	0.00237	0.01111	0.00555	0.00328	0.01129
4	0.00945	0.00675	0.00900	0.01080	0.01125	0.00630	0.00720	0.01080	0.01484	0.01979	0.04274	0.72245	0.05128	0.02429	0.00990	0.00315	0.00450	0.02204	0.00720	0.00630
5	0.08384	0.03535	0.02120	0.01926	0.02332	0.64692	0.01450	0.03037	0.02133	0.02013	0.01190	0.01388	0.00987	0.00793	0.00683	0.00203	0.01340	0.00494	0.00405	0.00895
6	0.05830	0.02146	0.02281	0.01755	0.02370	0.02379	0.01449	0.62914	0.03556	0.04833	0.01832	0.01838	0.01300	0.00923	0.00764	0.00233	0.00844	0.00687	0.00764	0.01300
7	0.00920	0.00773	0.00798	0.00819	0.01056	0.00652	0.00604	0.01109	0.01735	0.02082	0.07451	0.14769	0.60553	0.02016	0.00925	0.00268	0.00399	0.01700	0.00720	0.00652
8	0.00945	0.00675	0.00900	0.01080	0.01125	0.00630	0.00720	0.01080	0.01484	0.01979	0.04274	0.72245	0.05128	0.02429	0.00990	0.00315	0.00450	0.02204	0.00720	0.00630
9	0.08392	0.03291	0.02141	0.01892	0.02333	0.53911	0.01446	0.13015	0.02366	0.02492	0.01296	0.01462	0.01038	0.00814	0.00695	0.00208	0.01253	0.00525	0.00466	0.00962
10	0.02485	0.01624	0.01775	0.01469	0.01941	0.04262	0.01164	0.18851	0.19752	0.20837	0.06138	0.03046	0.05547	0.06284	0.01022	0.00281	0.00703	0.00875	0.00793	0.01153
11	0.02786	0.02092	0.02236	0.01751	0.02343	0.02329	0.01435	0.55639	0.13598	0.04626	0.02066	0.02025	0.01485	0.00950	0.00778	0.00237	0.00815	0.00726	0.00778	0.01304
12	0.01631	0.01399	0.01618	0.01180	0.01851	0.01099	0.00941	0.02110	0.06336	0.02579	0.01508	0.01701	0.01237	0.00609	0.00590	0.00126	0.00577	0.00490	0.00483	0.71935
13	0.01885	0.48066	0.27566	0.01648	0.02486	0.02607	0.01886	0.02370	0.01598	0.02054	0.01192	0.01387	0.00990	0.00690	0.00584	0.00195	0.00944	0.00472	0.00330	0.01050
14	0.02588	0.06067	0.02456	0.02132	0.09807	0.10892	0.01572	0.36496	0.07948	0.03682	0.01720	0.01844	0.01308	0.00918	0.00903	0.00236	0.06948	0.00669	0.00623	0.01190
15	0.01094	0.00761	0.00847	0.00841	0.00918	0.00729	0.00521	0.01182	0.01377	0.01828	0.09657	0.05542	0.16386	0.48872	0.02913	0.00582	0.00627	0.01241	0.03538	0.00542
16	0.01947	0.01878	0.06939	0.04802	0.13826	0.01862	0.01580	0.09025	0.36567	0.03102	0.02389	0.02393	0.01814	0.00903	0.00761	0.00240	0.00741	0.00762	0.00637	0.07832
17	0.01782	0.01978	0.08222	0.09842	0.10944	0.01747	0.29007	0.04538	0.05036	0.02563	0.01576	0.01975	0.01212	0.00691	0.00794	0.00227	0.01032	0.00744	0.00427	0.15664
18	0.63102	0.01626	0.04153	0.07626	0.03991	0.01766	0.01113	0.04409	0.01447	0.03318	0.01158	0.01390	0.00892	0.00732	0.00536	0.00241	0.00681	0.00469	0.00468	0.00883
19	0.01667	0.17043	0.53183	0.02096	0.03132	0.02049	0.05755	0.02432	0.01635	0.02337	0.01341	0.01586	0.00995	0.00718	0.00700	0.00231	0.01094	0.00560	0.00332	0.01112
20	0.01120	0.00749	0.00848	0.00855	0.00857	0.00747	0.00480	0.01126	0.01142	0.01522	0.02515	0.07724	0.02910	0.69976	0.03830	0.00734	0.00740	0.01170	0.00480	0.00476
21	0.00983	0.00818	0.00863	0.00846	0.01101	0.00713	0.00636	0.01280	0.04147	0.02309	0.17868	0.07014	0.54986	0.01867	0.00912	0.00259	0.00396	0.01569	0.00745	0.00688
22	0.00957	0.00690	0.00907	0.01058	0.01124	0.00640	0.00715	0.01116	0.01561	0.02086	0.10150	0.63539	0.07917	0.02333	0.00980	0.00306	0.00440	0.02108	0.00732	0.00640
23	0.01006	0.00738	0.00944	0.01000	0.01130	0.00676	0.00709	0.01247	0.01820	0.02473	0.31570	0.36213	0.13577	0.02015	0.00949	0.00278	0.00407	0.01795	0.00777	0.00676
24	0.02899	0.02148	0.02300	0.01774	0.02386	0.02382	0.01462	0.62414	0.06639	0.04808	0.01923	0.01911	0.01369	0.00937	0.00776	0.00234	0.00842	0.00707	0.00776	0.01314
25	0.02034	0.67988	0.08949	0.01393	0.02093	0.02972	0.01443	0.02332	0.01580	0.01872	0.01102	0.01273	0.00994	0.00669	0.00516	0.00172	0.00853	0.00427	0.00331	0.01006
26	0.01499	0.01413	0.02388	0.65867	0.10091	0.01732	0.02170	0.02011	0.01567	0.02023	0.01384	0.02056	0.01048	0.00769	0.00775	0.00256	0.01025	0.00689	0.00348	0.00889
27	0.01945	0.02112	0.03855	0.08363	0.12351	0.06894	0.42042	0.05669	0.01899	0.02512	0.01509	0.01991	0.01162	0.00716	0.00916	0.00254	0.03532	0.00819	0.00406	0.01053
28	0.09423	0.01724	0.01938	0.01520	0.02092	0.01805	0.01249	0.31922	0.06798	0.26857	0.02323	0.02190	0.01582	0.00929	0.00743	0.00236	0.00728	0.00715	0.03979	0.01248
29	0.02073	0.73217	0.04063	0.01327	0.01990	0.03068	0.01327	0.02322	0.01575	0.01824	0.01078	0.01244	0.00995	0.00663	0.00498	0.00166	0.00829	0.00415	0.00332	0.00995
30	0.03479	0.01320	0.01799	0.01380	0.01979	0.01140	0.01140	0.03779	0.02219	0.68451	0.03059	0.02639	0.01919	0.00960	0.00780	0.00240	0.00660	0.00780	0.00960	0.01320
31	0.02947	0.02172	0.02327	0.01784	0.02404	0.02404	0.01474	0.65329	0.03646	0.04887	0.01862	0.01862	0.01319	0.00931	0.00776	0.00233	0.00853	0.00698	0.00776	0.01319
32	0.01128	0.00752	0.00846	0.00846	0.00846	0.00752	0.00470	0.01128	0.01128	0.01503	0.02443	0.05074	0.02819	0.72751	0.03946	0.00752	0.00752	0.01128	0.00470	0.00470
33	0.00945	0.00675	0.00900	0.01080	0.01125	0.00630	0.00720	0.01080	0.01484	0.01979	0.04274	0.72245	0.05128	0.02429	0.00990	0.00315	0.00450	0.02204	0.00720	0.00630
34	0.00943	0.00784	0.00827	0.00837	0.01079	0.00667	0.00629	0.01155	0.01787	0.02176	0.12224	0.10617	0.57604	0.01963	0.00925	0.00266	0.00404	0.03720	0.00730	0.00661
35	0.01764	0.01812	0.02323	0.02006	0.02040	0.07227	0.01657	0.01939	0.01263	0.01866	0.01067	0.01721	0.01048	0.01468	0.04699	0.00360	0.63876	0.00671	0.00346	0.00847
36	0.01696	0.01696	0.02375	0.02036	0.02036	0.02375	0.01696	0.01866	0.01187	0.01866	0.01018	0.01696	0.01018	0.01357	0.02545	0.00339	0.71332	0.00679	0.00339	0.00848
37	0.01124	0.00768	0.00927	0.00927	0.00955	0.00796	0.00571	0.01180	0.01152	0.01564	0.02369	0.04662	0.02640	0.59160	0.17293	0.00852	0.01021	0.01067	0.00459	0.00515
38	0.00945	0.00675	0.00900	0.01080	0.01125	0.00630	0.00720	0.01080	0.01484	0.01979	0.04274	0.72245	0.05128	0.02429	0.00990	0.00315	0.00450	0.02204	0.00720	0.00630
39	0.06526	0.02011	0.02125	0.01671	0.02243	0.02236	0.01369	0.52094	0.10679	0.04532	0.02003	0.01999	0.01447	0.00933	0.00751	0.00234	0.00789	0.00706	0.04395	0.01256
40	0.01105	0.00742	0.00852	0.00875	0.00880	0.00737	0.00501	0.01122	0.01172	0.01562	0.02670	0.13402	0.03105	0.64032	0.03580	0.00698	0.00714	0.01261	0.00501	0.00490
41	0.01108	0.00831	0.01246	0.01246	0.01385	0.00969	0.00969	0.01385	0.01246	0.01800	0.02077	0.03046	0.01938	0.05815	0.69678	0.01246	0.02077	0.00831	0.00415	0.00692
42	0.00945	0.00675	0.00900	0.01080	0.01125	0.00630	0.00720	0.01080	0.01484	0.01979	0.04274	0.72245	0.05128	0.02429	0.00990	0.00315	0.00450	0.02204	0.00720	0.00630
43	0.01542	0.01457	0.02465	0.59638	0.15984	0.01743	0.02192	0.02049	0.01587	0.02075	0.01392	0.02042	0.01067	0.00761	0.00774	0.00254	0.01014	0.00689	0.00351	0.00924
44	0.03457	0.01354	0.01821	0.01396	0.01996	0.01190	0.01153	0.06249	0.02276	0.65900	0.03011	0.02608	0.01895	0.00959	0.00780	0.00240	0.00668	0.00776	0.00952	0.01320
45	0.35177	0.01451	0.01840	0.37385	0.06338	0.01735	0.01586	0.02129	0.01458	0.02662	0.01251	0.01706	0.00957	0.00747	0.00645	0.00249	0.00838	0.00571	0.00406	0.00868
46	0.01445	0.00723	0.00723	0.00723	0.00903	0.00723	0.00542	0.01807	0.01626	0.02891	0.02529	0.02891	0.01987	0.00903	0.00542	0.00181	0.00361	0.00723	0.77055	0.00723
47	0.01864	0.01803	0.03127	0.12043	0.57755	0.01835	0.05493	0.02340	0.01745	0.02469	0.01455	0.01944	0.01204	0.00698	0.00776	0.00235	0.00953	0.00702	0.00380	0.01178
48	0.01097	0.00793	0.01036	0.00975	0.01158	0.00732	0.00732	0.01463	0.02195	0.03109	0.67505	0.05792	0.07316	0.01585	0.00914	0.00244	0.00366	0.01402	0.00854	0.00732
49	0.01408	0.00723	0.00744	0.00750	0.00924	0.00719	0.00558	0.01758	0.01642	0.02856	0.05220	0.06310	0.02351	0.01003	0.00578	0.00190	0.00366	0.00821	0.70361	0.00719
50	0.01128	0.00752	0.00846	0.00846	0.00846	0.00752	0.00470	0.01128	0.01128	0.01503	0.02443	0.05074	0.02819	0.72751	0.03946	0.00752	0.00752	0.01128	0.00470	0.00470
51	0.00966	0.00692	0.00919	0.01065	0.01129	0.00644	0.00721	0.01134	0.01585	0.02140	0.13260	0.62801	0.05439	0.02309	0.00979	0.00305	0.00438	0.02090	0.00739	0.00644
52	0.68419	0.01476	0.01226	0.01067	0.01562	0.01661	0.00879	0.02476	0.01438	0.12005	0.01339	0.01441	0.00981	0.00751	0.00519	0.00240	0.00608	0.00467	0.00543	0.00903
53	0.00958	0.00684	0.00915	0.01095	0.01145	0.00641	0.00742	0.01102	0.01497	0.01994	0.04266	0.69522	0.05100	0.02417	0.00993	0.00317	0.00461	0.04798	0.00720	0.00633
54	0.01306	0.00839	0.01103	0.01011	0.01230	0.00767	0.00767	0.01666	0.02197	0.08838	0.61855	0.05515	0.06843	0.01530	0.00903	0.00244	0.00392	0.01348	0.00863	0.00783
55	0.01830	0.02092	0.04575	0.03268	0.04052	0.01961	0.65098	0.02484	0.01830	0.02484	0.01569	0.02092	0.01176	0.00654	0.00915	0.00261	0.01307	0.00915	0.00392	0.01046
56	0.02947	0.02172	0.02327	0.01784	0.02404	0.02404	0.01474	0.65329	0.03646	0.04887	0.01862	0.01862	0.01319	0.00931	0.00776	0.00233	0.00853	0.00698	0.00776	0.01319
57	0.01109	0.00744	0.00851	0.00869	0.00874	0.00739	0.00495	0.01123	0.01164	0.01552	0.02629	0.11885	0.03053	0.65620	0.03647	0.00707	0.00721	0.01237	0.00495	0.00486
58	0.02716	0.02112	0.02137	0.04458	0.02355	0.08080	0.01400	0.50273	0.03210	0.04286	0.01858	0.01944	0.01353	0.00910	0.00743	0.00225	0.00854	0.00683	0.09205	0.01197
59	0.01696	0.01696	0.02375	0.02036	0.02036	0.02375	0.01696	0.01866	0.01187	0.01866	0.01018	0.01696	0.01018	0.01357	0.02545	0.00339	0.71332	0.00679	0.00339	0.00848
60	0.01108	0.00831	0.01246	0.01246	0.01385	0.00969	0.00969	0.01385	0.01246	0.01800	0.02077	0.03046	0.01938	0.05815	0.69678	0.01246	0.02077	0.00831	0.00415	0.00692
61	0.02888	0.02427	0.02306	0.01832	0.02388	0.14483	0.01487	0.51610	0.03287	0.04229	0.01709	0.01772	0.01249	0.00924	0.00833	0.00231	0.03769	0.00662	0.00691	0.01224
62	0.03208	0.01335	0.01765	0.01377	0.01939	0.01203	0.01129	0.06550	0.05042	0.57709	0.07857	0.02850	0.02316	0.01009	0.00790	0.00241	0.00645	0.00827	0.00936	0.01271
63	0.01072	0.00792	0.01001	0.00948	0.01143	0.00721	0.00711	0.01413	0.02134	0.02965	0.58999	0.06030	0.15912	0.01639	0.00915	0.00246	0.00370	0.01436	0.00834	0.00721
64	0.08604	0.01971	0.02145	0.01656	0.02262	0.02131	0.01367	0.49729	0.03220	0.16081	0.02017	0.01955	0.01390	0.00920	0.00755	0.00235	0.00800	0.00692	0.00786	0.01283
65	0.01766	0.01988	0.04307	0.03109	0.03839	0.01864	0.60408	0.02381	0.01805	0.02447	0.01766	0.07202	0.01464	0.00783	0.00920	0.00265	0.01245	0.01009	0.00416	0.01015
66	0.01464	0.01378	0.02326	0.70887	0.05340	0.01723	0.02153	0.01981	0.01550	0.01981	0.01378	0.02067	0.01034	0.00775	0.00775	0.00258	0.01034	0.00689	0.00345	0.00861
67	0.00945	0.00675	0.00900	0.01080	0.01125	0.00630	0.00720	0.01080	0.01484	0.01979	0.04274	0.72245	0.05128	0.02429	0.00990	0.00315	0.00450	0.02204	0.00720	0.00630
68	0.78228	0.01499	0.01140	0.01020	0.01499	0.01739	0.00840	0.02279	0.01320	0.03479	0.01080	0.01260	0.00840	0.00720	0.00480	0.00240	0.00600	0.00420	0.00480	0.00840
69	0.01082	0.00788	0.01018	0.00970	0.01151	0.00724	0.00724	0.01430	0.02145	0.03013	0.61960	0.08499	0.10312	0.01638	0.00918	0.00248	0.00370	0.01446	0.00841	0.00724
70	0.02877	0.02580	0.02290	0.04445	0.02513	0.21713	0.01506	0.45049	0.03150	0.03918	0.01653	0.01736	0.01216	0.00887	0.00754	0.00224	0.01017	0.00641	0.00651	0.01181
71	0.00945	0.00675	0.00900	0.01080	0.01125	0.00630	0.00720	0.01080	0.01484	0.01979	0.04274	0.72245	0.05128	0.02429	0.00990	0.00315	0.00450	0.02204	0.00720	0.00630
72	0.02044	0.01415	0.01584	0.01380	0.01787	0.03411	0.01075	0.06200	0.27675	0.15646	0.16013	0.08740	0.03344	0.01213	0.00814	0.00248	0.00593	0.01028	0.00800	0.04992
73	0.01830	0.02092	0.04575	0.03268	0.04052	0.01961	0.65098	0.02484	0.01830	0.02484	0.01569	0.02092	0.01176	0.00654	0.00915	0.00261	0.01307	0.00915	0.00392	0.01046
74	0.03479	0.01320	0.01799	0.01380	0.01979	0.01140	0.01140	0.03779	0.02219	0.68451	0.03059	0.02639	0.01919	0.00960	0.00780	0.00240	0.00660	0.00780	0.00960	0.01320
75	0.01763	0.01683	0.02866	0.27387	0.46502	0.01801	0.02302	0.02243	0.01692	0.02344	0.01431	0.01970	0.01162	0.00720	0.00770	0.00240	0.00960	0.00690	0.00370	0.01103
76	0.01580	0.07306	0.65654	0.02168	0.03291	0.01861	0.02791	0.02449	0.01634	0.02425	0.01377	0.01618	0.00983	0.00733	0.00725	0.00242	0.01131	0.00565	0.00328	0.01139
77	0.01871	0.01818	0.03177	0.10641	0.57594	0.01840	0.06928	0.02351	0.01751	0.02479	0.01459	0.01945	0.01207	0.00696	0.00779	0.00235	0.00959	0.00707	0.00381	0.01182
78	0.78228	0.01499	0.01140	0.01020	0.01499	0.01739	0.00840	0.02279	0.01320	0.03479	0.01080	0.01260	0.00840	0.00720	0.00480	0.00240	0.00600	0.00420	0.00480	0.00840
79	0.01830	0.02092	0.04575	0.03268	0.04052	0.01961	0.65098	0.02484	0.01830	0.02484	0.01569	0.02092	0.01176	0.00654	0.00915	0.00261	0.01307	0.00915	0.00392	0.01046
80	0.00945	0.00675	0.00900	0.01080	0.01125	0.00630	0.00720	0.01080	0.01484	0.01979	0.04274	0.72245	0.05128	0.02429	0.00990	0.00315	0.00450	0.02204	0.00720	0.00630
81	0.01098	0.00825	0.01021	0.00966	0.01172	0.00764	0.00726	0.01505	0.04584	0.02940	0.54788	0.05968	0.17488	0.01630	0.00910	0.00248	0.00380	0.01422	0.00828	0.00737
82	0.01128	0.00752	0.00846	0.00846	0.00846	0.00752	0.00470	0.01128	0.01128	0.01503	0.02443	0.05074	0.02819	0.72751	0.03946	0.00752	0.00752	0.01128	0.00470	0.00470
83	0.00978	0.00695	0.00917	0.01071	0.01126	0.00655	0.00724	0.01125	0.01509	0.02020	0.07536	0.61315	0.05054	0.07406	0.01201	0.00344	0.00478	0.04512	0.00709	0.00627
84	0.01555	0.04011	0.68733	0.02210	0.03356	0.01801	0.02865	0.02455	0.01637	0.02455	0.01391	0.01637	0.00982	0.00737	0.00737	0.00246	0.01146	0.00573	0.00327	0.01146
85	0.71427	0.01483	0.01200	0.01052	0.01543	0.01685	0.00867	0.02416	0.01401	0.09390	0.01260	0.01385	0.00938	0.00742	0.00507	0.00240	0.00605	0.00453	0.00523	0.00883
86	0.00945	0.00675	0.00900	0.01080	0.01125	0.00630	0.00720	0.01080	0.01484	0.01979	0.04274	0.72245	0.05128	0.02429	0.00990	0.00315	0.00450	0.02204	0.00720	0.00630
87	0.01948	0.01883	0.03262	0.04338	0.54612	0.01883	0.10736	0.04966	0.03913	0.02643	0.01543	0.01971	0.01261	0.00707	0.00788	0.00236	0.00960	0.00727	0.00414	0.01207
88	0.01945	0.22546	0.42451	0.01862	0.02806	0.02061	0.02222	0.02590	0.01695	0.10800	0.01521	0.01659	0.01107	0.00745	0.00677	0.00223	0.00997	0.00556	0.00410	0.01127
89	0.02796	0.02043	0.02184	0.01695	0.02276	0.02259	0.01394	0.58286	0.05730	0.04675	0.01959	0.01977	0.01407	0.00933	0.00758	0.00230	0.00807	0.00706	0.06615	0.01270
90	0.01146	0.00779	0.01011	0.01078	0.01225	0.00699	0.00753	0.01333	0.01621	0.05720	0.10893	0.53493	0.07385	0.02102	0.00936	0.00286	0.00459	0.01888	0.00727	0.06464
91	0.31188	0.01874	0.01854	0.01476	0.02042	0.02087	0.01218	0.38391	0.02697	0.07777	0.01633	0.01678	0.01171	0.00853	0.00665	0.00236	0.00748	0.00598	0.00675	0.01139
92	0.01253	0.01109	0.04785	0.01223	0.01526	0.00943	0.05554	0.01618	0.02002	0.05359	0.40483	0.05392	0.19719	0.01525	0.00968	0.00253	0.03435	0.01322	0.00746	0.00787
93	0.00966	0.00695	0.00919	0.01083	0.01149	0.00649	0.00743	0.01124	0.01540	0.02046	0.06869	0.63656	0.07673	0.02362	0.00988	0.00312	0.00458	0.05403	0.00725	0.00639
94	0.01213	0.01012	0.01056	0.01084	0.01285	0.04269	0.00783	0.05923	0.04228	0.02275	0.05252	0.36653	0.28054	0.02013	0.00925	0.00281	0.00511	0.01747	0.00710	0.00725
95	0.04597	0.05487	0.02418	0.04259	0.05047	0.04050	0.13994	0.04260	0.01730	0.02525	0.01550	0.05314	0.01337	0.00728	0.00683	0.00179	0.00801	0.00664	0.00454	0.39925
96	0.06557	0.10279	0.18850	0.05367	0.05858	0.02039	0.31642	0.02392	0.01680	0.02418	0.01404	0.01814	0.01079	0.00719	0.00871	0.00248	0.04652	0.00721	0.00371	0.01040

[dist]
# distance from previous block
# <min> <max>
4	11

[block]
# block no. 1 follows, 25 sequences, length 26
# corresponding to MSA columns:
# 109-134
name=unknown_B
#
# <colnr> <probs for GDERKNQSTAVLIFYWHMCP>
#	G	D	E	R	K	N	Q	S	T	A	V	L	I	F	Y	W	H	M	C	P
0	0.05185	0.02110	0.05360	0.01683	0.02246	0.07978	0.01405	0.27692	0.22746	0.11969	0.02307	0.02208	0.01660	0.00944	0.00762	0.00241	0.00808	0.00731	0.00737	0.01228
1	0.05604	0.05512	0.13788	0.04946	0.03171	0.01788	0.29890	0.02336	0.01674	0.05149	0.01538	0.01957	0.01188	0.01072	0.05667	0.00309	0.04371	0.00734	0.00411	0.08894
2	0.02778	0.01360	0.01727	0.01372	0.01939	0.01230	0.01120	0.03384	0.12103	0.42822	0.02834	0.02841	0.01996	0.00972	0.00761	0.00228	0.00640	0.04242	0.00830	0.14821
3	0.01101	0.00786	0.01047	0.01187	0.01299	0.00761	0.00914	0.01332	0.01629	0.02150	0.08120	0.32182	0.06826	0.09439	0.01320	0.00371	0.00585	0.27595	0.00700	0.00656
4	0.07668	0.44512	0.03252	0.01495	0.02094	0.13965	0.01346	0.13189	0.02014	0.02474	0.01232	0.01376	0.01040	0.00735	0.00577	0.00188	0.00912	0.00477	0.00429	0.01023
5	0.01123	0.00771	0.00943	0.00943	0.00976	0.00804	0.00591	0.01190	0.01156	0.01575	0.02354	0.04582	0.02605	0.56523	0.19882	0.00872	0.01073	0.01056	0.00457	0.00524
6	0.00965	0.00686	0.00904	0.01059	0.01109	0.00643	0.00705	0.01105	0.01503	0.02015	0.07829	0.64193	0.05111	0.06772	0.01170	0.00338	0.00464	0.02090	0.00712	0.00626
7	0.01479	0.01406	0.02415	0.68212	0.05289	0.01732	0.04643	0.02001	0.01561	0.02001	0.01386	0.02068	0.01039	0.00770	0.00781	0.00259	0.01044	0.00698	0.00346	0.00869
8	0.07626	0.35153	0.02918	0.01438	0.02037	0.06695	0.01281	0.20589	0.02201	0.02930	0.01404	0.01539	0.01138	0.00760	0.00597	0.00190	0.00816	0.00521	0.04330	0.05836
9	0.01715	0.01478	0.01843	0.01325	0.02015	0.01187	0.04966	0.06403	0.01764	0.02688	0.01424	0.01656	0.01162	0.00604	0.00610	0.00132	0.00639	0.00504	0.00477	0.67406
10	0.09294	0.01449	0.01936	0.04436	0.05004	0.01479	0.08767	0.09622	0.10193	0.12943	0.05877	0.02501	0.01925	0.00891	0.00716	0.00226	0.00693	0.00763	0.15737	0.05548
11	0.02267	0.01393	0.01703	0.01475	0.04312	0.01369	0.01122	0.14653	0.09915	0.21033	0.18207	0.06214	0.03198	0.01132	0.00801	0.00233	0.00613	0.00953	0.00797	0.08610
12	0.49685	0.18346	0.11542	0.01262	0.01879	0.02054	0.01243	0.02314	0.01424	0.02951	0.01124	0.01310	0.00896	0.00709	0.00521	0.00224	0.00731	0.00441	0.00424	0.00919
13	0.00945	0.00675	0.00900	0.01080	0.01125	0.00630	0.00720	0.01080	0.01484	0.01979	0.04274	0.72245	0.05128	0.02429	0.00990	0.00315	0.00450	0.02204	0.00720	0.00630
14	0.01527	0.01728	0.09128	0.54818	0.07140	0.01759	0.08799	0.02094	0.01595	0.02099	0.01402	0.02022	0.01050	0.00756	0.00786	0.00256	0.01069	0.00701	0.00349	0.00921
15	0.30876	0.07547	0.01896	0.05759	0.02101	0.01991	0.01191	0.25154	0.02267	0.07399	0.01583	0.01707	0.01170	0.00820	0.00628	0.00229	0.00727	0.00576	0.05331	0.01047
16	0.00945	0.00675	0.00900	0.01080	0.01125	0.00630	0.00720	0.01080	0.01484	0.01979	0.04274	0.72245	0.05128	0.02429	0.00990	0.00315	0.00450	0.02204	0.00720	0.00630
17	0.01118	0.00791	0.01044	0.01044	0.01112	0.00859	0.00717	0.01255	0.01186	0.01650	0.02262	0.04070	0.02383	0.39623	0.36478	0.00996	0.01408	0.00981	0.00443	0.00580
18	0.05350	0.08532	0.39493	0.13700	0.03495	0.01867	0.08692	0.02426	0.01651	0.05687	0.01451	0.01757	0.01052	0.00739	0.00732	0.00243	0.01068	0.00618	0.00376	0.01070
19	0.01128	0.00752	0.00846	0.00846	0.00846	0.00752	0.00470	0.01128	0.01128	0.01503	0.02443	0.05074	0.02819	0.72751	0.03946	0.00752	0.00752	0.01128	0.00470	0.00470
20	0.01090	0.00792	0.01026	0.00968	0.01154	0.00729	0.00726	0.01449	0.02178	0.03069	0.65143	0.05858	0.09703	0.01600	0.00915	0.00245	0.00367	0.01411	0.00848	0.00729
21	0.01622	0.01724	0.09008	0.34536	0.03923	0.01692	0.11940	0.07096	0.01734	0.02352	0.01666	0.06430	0.01386	0.00977	0.00962	0.03467	0.03841	0.00809	0.03921	0.00912
22	0.09212	0.04560	0.02143	0.10007	0.05500	0.04833	0.01432	0.35058	0.02700	0.07482	0.01788	0.01931	0.01308	0.00866	0.00714	0.00228	0.00822	0.00660	0.07621	0.01133
23	0.05291	0.02147	0.02217	0.03651	0.05247	0.07501	0.01459	0.48860	0.05311	0.04277	0.01828	0.01896	0.01333	0.00901	0.00749	0.00229	0.00864	0.00680	0.04335	0.01222
24	0.01138	0.00771	0.01003	0.01035	0.01186	0.00715	0.00758	0.01411	0.01878	0.04811	0.34118	0.29627	0.08427	0.01888	0.00932	0.00274	0.00427	0.05209	0.03681	0.00710
25	0.07559	0.04349	0.02127	0.14416	0.05555	0.01992	0.01470	0.32309	0.06846	0.03677	0.05752	0.02317	0.03336	0.00938	0.00747	0.00237	0.00795	0.00744	0.03732	0.01104

[dist]
# distance from previous block
# <min> <max>
5	16

[block]
# block no. 2 follows, 25 sequences, length 53
# corresponding to MSA columns:
# 151-203
name=unknown_C
#
# <colnr> <probs for GDERKNQSTAVLIFYWHMCP>
#	G	D	E	R	K	N	Q	S	T	A	V	L	I	F	Y	W	H	M	C	P
0	0.63318	0.01596	0.01352	0.01154	0.01660	0.01816	0.00951	0.12090	0.01718	0.06543	0.01287	0.01413	0.00961	0.00763	0.00539	0.00239	0.00642	0.00479	0.00547	0.00935
1	0.01608	0.01378	0.01608	0.01148	0.01837	0.01034	0.00919	0.01952	0.01608	0.02527	0.01378	0.01608	0.01148	0.00574	0.00574	0.00115	0.00574	0.00459	0.00459	0.77491
2	0.01736	0.01454	0.01677	0.01209	0.01892	0.01165	0.00972	0.08035	0.01803	0.02753	0.01425	0.01632	0.01165	0.00608	0.00594	0.00126	0.00601	0.00482	0.00490	0.70179
3	0.01087	0.00792	0.01022	0.00965	0.01152	0.00727	0.00724	0.01443	0.02171	0.03052	0.64133	0.05886	0.10724	0.01607	0.00915	0.00245	0.00367	0.01415	0.00846	0.00727
4	0.00945	0.00675	0.00900	0.01080	0.01125	0.00630	0.00720	0.01080	0.01484	0.01979	0.04274	0.72245	0.05128	0.02429	0.00990	0.00315	0.00450	0.02204	0.00720	0.00630
5	0.00951	0.00714	0.00885	0.01018	0.01126	0.00648	0.00709	0.01112	0.01573	0.02025	0.05209	0.52309	0.21553	0.02294	0.00974	0.00303	0.00447	0.04791	0.00720	0.00640
6	0.01068	0.00791	0.00996	0.00945	0.01141	0.00719	0.00709	0.01407	0.02126	0.02947	0.57943	0.06060	0.16979	0.01646	0.00915	0.00247	0.00370	0.01440	0.00832	0.00719
7	0.02073	0.73217	0.04063	0.01327	0.01990	0.03068	0.01327	0.02322	0.01575	0.01824	0.01078	0.01244	0.00995	0.00663	0.00498	0.00166	0.00829	0.00415	0.00332	0.00995
8	0.02073	0.73217	0.04063	0.01327	0.01990	0.03068	0.01327	0.02322	0.01575	0.01824	0.01078	0.01244	0.00995	0.00663	0.00498	0.00166	0.00829	0.00415	0.00332	0.00995
9	0.00976	0.00703	0.00925	0.01048	0.01129	0.00652	0.00718	0.01162	0.01644	0.02223	0.17811	0.56034	0.07623	0.02235	0.00971	0.00298	0.00430	0.02016	0.00748	0.00652
10	0.02945	0.02251	0.02320	0.01795	0.02404	0.05903	0.01475	0.62090	0.03570	0.04731	0.01827	0.01837	0.01302	0.00924	0.00772	0.00231	0.00882	0.00688	0.00756	0.01297
11	0.01096	0.00791	0.01038	0.01000	0.01176	0.00733	0.00753	0.01449	0.02140	0.03016	0.61483	0.09377	0.07079	0.01653	0.00925	0.00252	0.00385	0.04084	0.00841	0.00726
12	0.00970	0.00694	0.00926	0.01087	0.01149	0.00650	0.00744	0.01134	0.01554	0.02084	0.09287	0.64139	0.05272	0.02349	0.00987	0.00311	0.00455	0.04836	0.00730	0.00642
13	0.00945	0.00675	0.00900	0.01080	0.01125	0.00630	0.00720	0.01080	0.01484	0.01979	0.04274	0.72245	0.05128	0.02429	0.00990	0.00315	0.00450	0.02204	0.00720	0.00630
14	0.02904	0.02150	0.02303	0.01775	0.02388	0.02384	0.01463	0.62734	0.06311	0.04817	0.01916	0.01905	0.01363	0.00936	0.00776	0.00234	0.00843	0.00706	0.00776	0.01315
15	0.00945	0.00675	0.00900	0.01080	0.01125	0.00630	0.00720	0.01080	0.01484	0.01979	0.04274	0.72245	0.05128	0.02429	0.00990	0.00315	0.00450	0.02204	0.00720	0.00630
16	0.78228	0.01499	0.01140	0.01020	0.01499	0.01739	0.00840	0.02279	0.01320	0.03479	0.01080	0.01260	0.00840	0.00720	0.00480	0.00240	0.00600	0.00420	0.00480	0.00840
17	0.01097	0.00793	0.01036	0.00975	0.01158	0.00732	0.00732	0.01463	0.02195	0.03109	0.67505	0.05792	0.07316	0.01585	0.00914	0.00244	0.00366	0.01402	0.00854	0.00732
18	0.05863	0.07227	0.02322	0.07682	0.02538	0.04487	0.01463	0.42472	0.11431	0.04038	0.01878	0.01929	0.01377	0.00900	0.00742	0.00233	0.00842	0.00682	0.00683	0.01209
19	0.02093	0.01039	0.01373	0.01162	0.01524	0.00943	0.00916	0.02502	0.04662	0.29571	0.38952	0.04404	0.04942	0.01312	0.00855	0.00243	0.00494	0.01130	0.00894	0.00989
20	0.61508	0.08021	0.07431	0.01313	0.04577	0.01866	0.01127	0.02303	0.01389	0.03203	0.01123	0.01320	0.00883	0.00715	0.00516	0.00234	0.00682	0.00445	0.00449	0.00897
21	0.03425	0.01331	0.01798	0.01386	0.01981	0.01167	0.01143	0.03790	0.04435	0.66204	0.03062	0.02648	0.01935	0.00963	0.00780	0.00241	0.00658	0.00783	0.00954	0.01316
22	0.01124	0.00797	0.00995	0.00958	0.01159	0.00719	0.00713	0.01428	0.02032	0.05010	0.46099	0.12636	0.19986	0.01730	0.00918	0.00255	0.00390	0.01511	0.00815	0.00725
23	0.00993	0.00752	0.01100	0.01199	0.01284	0.00702	0.04235	0.01156	0.01503	0.02007	0.04126	0.68414	0.04912	0.02332	0.00986	0.00312	0.00497	0.02134	0.00702	0.00652
24	0.02073	0.73217	0.04063	0.01327	0.01990	0.03068	0.01327	0.02322	0.01575	0.01824	0.01078	0.01244	0.00995	0.00663	0.00498	0.00166	0.00829	0.00415	0.00332	0.00995
25	0.01128	0.00752	0.00846	0.00846	0.00846	0.00752	0.00470	0.01128	0.01128	0.01503	0.02443	0.05074	0.02819	0.72751	0.03946	0.00752	0.00752	0.01128	0.00470	0.00470
26	0.02769	0.02022	0.02181	0.01720	0.02302	0.02238	0.01405	0.49498	0.16362	0.08036	0.02191	0.02114	0.01565	0.00957	0.00779	0.00239	0.00794	0.00739	0.00788	0.01300
27	0.01640	0.01619	0.02263	0.01963	0.01967	0.02243	0.01623	0.01807	0.01210	0.01875	0.01264	0.07028	0.01328	0.01438	0.02427	0.00337	0.65974	0.00794	0.00368	0.00832
28	0.01108	0.00831	0.01246	0.01246	0.01385	0.00969	0.00969	0.01385	0.01246	0.01800	0.02077	0.03046	0.01938	0.05815	0.69678	0.01246	0.02077	0.00831	0.00415	0.00692
29	0.01445	0.00723	0.00723	0.00723	0.00903	0.00723	0.00542	0.01807	0.01626	0.02891	0.02529	0.02891	0.01987	0.00903	0.00542	0.00181	0.00361	0.00723	0.77055	0.00723
30	0.01607	0.01610	0.02988	0.46449	0.11859	0.01796	0.18191	0.02153	0.01645	0.02169	0.01435	0.02057	0.01091	0.00735	0.00810	0.00256	0.01091	0.00747	0.00361	0.00948
31	0.03228	0.01333	0.01764	0.01383	0.01950	0.01202	0.01132	0.03719	0.08622	0.59316	0.05673	0.02792	0.02182	0.00994	0.00786	0.00242	0.00643	0.00815	0.00938	0.01287
32	0.02213	0.01677	0.01752	0.01547	0.01995	0.05451	0.01207	0.03885	0.49221	0.14481	0.03076	0.05503	0.02323	0.01076	0.00790	0.00258	0.00658	0.00891	0.00795	0.01202
33	0.01043	0.00786	0.00955	0.00937	0.01127	0.00711	0.00698	0.01329	0.01966	0.02645	0.41032	0.09997	0.24640	0.04984	0.01062	0.00280	0.00410	0.03923	0.00784	0.00691
34	0.01445	0.00723	0.00723	0.00723	0.00903	0.00723	0.00542	0.01807	0.01626	0.02891	0.02529	0.02891	0.01987	0.00903	0.00542	0.00181	0.00361	0.00723	0.77055	0.00723
35	0.02713	0.02022	0.02242	0.05513	0.02462	0.02273	0.01472	0.54801	0.03281	0.04448	0.01824	0.01920	0.01323	0.00945	0.00863	0.00237	0.04820	0.00698	0.04908	0.01234
36	0.01719	0.02615	0.24150	0.08607	0.06651	0.01887	0.37996	0.02429	0.01745	0.02435	0.01493	0.01942	0.01107	0.00691	0.00842	0.00255	0.01218	0.00781	0.00368	0.01069
37	0.00995	0.00741	0.01057	0.01171	0.01254	0.00693	0.03198	0.01166	0.01536	0.02055	0.06659	0.64827	0.05041	0.02318	0.00987	0.00311	0.00488	0.04139	0.00712	0.00652
38	0.01853	0.02027	0.04208	0.03651	0.20467	0.01930	0.48977	0.02457	0.01813	0.02496	0.01540	0.02047	0.01190	0.00663	0.00877	0.00253	0.01208	0.00857	0.00390	0.01093
39	0.78228	0.01499	0.01140	0.01020	0.01499	0.01739	0.00840	0.02279	0.01320	0.03479	0.01080	0.01260	0.00840	0.00720	0.00480	0.00240	0.00600	0.00420	0.00480	0.00840
40	0.02861	0.03357	0.02198	0.01944	0.02381	0.55676	0.01482	0.13231	0.05341	0.02443	0.01395	0.01541	0.01112	0.00832	0.00716	0.00208	0.01274	0.00549	0.00478	0.00982
41	0.01326	0.00899	0.01205	0.01266	0.01474	0.00874	0.01051	0.01726	0.03949	0.06178	0.22267	0.10125	0.07012	0.01891	0.00993	0.00311	0.00587	0.35334	0.00770	0.00763
42	0.01186	0.00814	0.01057	0.00984	0.01187	0.00745	0.00742	0.01542	0.02178	0.05708	0.62461	0.05733	0.09564	0.01575	0.00909	0.00244	0.00379	0.01387	0.00852	0.00752
43	0.01427	0.00949	0.01262	0.01353	0.01588	0.00929	0.01159	0.01839	0.04618	0.07935	0.04429	0.07821	0.11784	0.01973	0.01015	0.00332	0.00666	0.47401	0.00739	0.00780
44	0.00945	0.00675	0.00900	0.01080	0.01125	0.00630	0.00720	0.01080	0.01484	0.01979	0.04274	0.72245	0.05128	0.02429	0.00990	0.00315	0.00450	0.02204	0.00720	0.00630
45	0.01279	0.00904	0.01145	0.01093	0.01307	0.00879	0.00830	0.01820	0.09171	0.05613	0.48343	0.11829	0.06190	0.01612	0.00911	0.00259	0.00432	0.04755	0.00830	0.00799
46	0.01476	0.01395	0.02328	0.67304	0.05168	0.01757	0.02130	0.01975	0.01532	0.01975	0.01359	0.02048	0.01033	0.00805	0.00867	0.00263	0.04692	0.00689	0.00344	0.00861
47	0.04828	0.00765	0.00776	0.00764	0.00958	0.00769	0.00576	0.01790	0.01676	0.02941	0.09685	0.03140	0.02528	0.00971	0.00581	0.00190	0.00372	0.00785	0.65175	0.00729
48	0.06245	0.35918	0.23520	0.01644	0.02390	0.07315	0.01774	0.04018	0.01675	0.02210	0.01461	0.01645	0.03537	0.00777	0.00670	0.00208	0.03072	0.00532	0.00370	0.01017
49	0.33408	0.14619	0.21685	0.01546	0.02275	0.01948	0.04266	0.02466	0.01550	0.08010	0.01349	0.01512	0.01008	0.00731	0.00601	0.00230	0.00834	0.00513	0.00444	0.01003
50	0.01655	0.17337	0.56280	0.02040	0.03093	0.02045	0.02569	0.02430	0.01625	0.02334	0.01331	0.01561	0.00985	0.00723	0.00691	0.00230	0.01085	0.00542	0.00328	0.01117
51	0.01700	0.15129	0.56136	0.02041	0.03091	0.01985	0.02561	0.02476	0.01646	0.04452	0.01394	0.01605	0.01014	0.00732	0.00699	0.00232	0.01079	0.00554	0.00348	0.01127
52	0.09488	0.22191	0.27201	0.01661	0.02417	0.01963	0.03733	0.02403	0.01630	0.09313	0.03563	0.01831	0.01331	0.01056	0.03582	0.03645	0.00950	0.00587	0.00433	0.01022

[dist]
# distance from previous block
# <min> <max>
1	9

[block]
# block no. 3 follows, 25 sequences, length 42
# corresponding to MSA columns:
# 213-254
name=unknown_D
#
# <colnr> <probs for GDERKNQSTAVLIFYWHMCP>
#	G	D	E	R	K	N	Q	S	T	A	V	L	I	F	Y	W	H	M	C	P
0	0.01947	0.46398	0.25406	0.01657	0.02466	0.06352	0.01846	0.02409	0.01630	0.02038	0.01189	0.01383	0.00991	0.00695	0.00588	0.00194	0.00966	0.00472	0.00334	0.01040
1	0.01572	0.07563	0.59719	0.02144	0.03206	0.01826	0.04974	0.02403	0.01667	0.02452	0.04436	0.01824	0.01283	0.00769	0.00738	0.00242	0.01099	0.00615	0.00354	0.01115
2	0.51951	0.07742	0.01692	0.01257	0.01779	0.05016	0.01049	0.16188	0.01892	0.03580	0.01257	0.01397	0.00965	0.00765	0.00556	0.00230	0.00710	0.00484	0.00529	0.00961
3	0.02522	0.01744	0.01960	0.01535	0.02095	0.01790	0.01242	0.38750	0.02844	0.11592	0.02212	0.10560	0.01827	0.01054	0.00766	0.00222	0.00731	0.00850	0.00733	0.14971
4	0.08384	0.06552	0.39736	0.02018	0.02907	0.09496	0.05509	0.08078	0.01889	0.06335	0.01472	0.01660	0.01064	0.00764	0.00715	0.00236	0.01070	0.00585	0.00426	0.01105
5	0.01521	0.01293	0.01903	0.23271	0.02893	0.04369	0.06911	0.03588	0.01664	0.04507	0.05308	0.16195	0.02462	0.01687	0.06529	0.02324	0.03954	0.04035	0.04772	0.00815
6	0.00945	0.00675	0.00900	0.01080	0.01125	0.00630	0.00720	0.01080	0.01484	0.01979	0.04274	0.72245	0.05128	0.02429	0.00990	0.00315	0.00450	0.02204	0.00720	0.00630
7	0.01079	0.00871	0.01362	0.01365	0.01496	0.00841	0.07784	0.01283	0.01529	0.02049	0.03873	0.59180	0.04540	0.02189	0.01032	0.00312	0.02674	0.05183	0.00672	0.00686
8	0.01760	0.01664	0.02741	0.27803	0.40347	0.01807	0.02203	0.02385	0.07103	0.02398	0.01572	0.02053	0.01255	0.00751	0.00772	0.00243	0.00935	0.00706	0.00404	0.01099
9	0.62131	0.01461	0.01282	0.01097	0.01603	0.01610	0.00904	0.02602	0.01513	0.17470	0.01506	0.01557	0.01072	0.00771	0.00544	0.00240	0.00613	0.00497	0.00583	0.00943
10	0.00945	0.00675	0.00900	0.01080	0.01125	0.00630	0.00720	0.01080	0.01484	0.01979	0.04274	0.72245	0.05128	0.02429	0.00990	0.00315	0.00450	0.02204	0.00720	0.00630
11	0.02079	0.01580	0.01732	0.01515	0.01955	0.01752	0.01200	0.12478	0.42180	0.08843	0.08038	0.03361	0.04575	0.01147	0.00813	0.00260	0.00631	0.03890	0.00801	0.01169
12	0.01696	0.01696	0.02375	0.02036	0.02036	0.02375	0.01696	0.01866	0.01187	0.01866	0.01018	0.01696	0.01018	0.01357	0.02545	0.00339	0.71332	0.00679	0.00339	0.00848
13	0.01923	0.02098	0.04387	0.03144	0.03915	0.01998	0.59778	0.07738	0.01982	0.02685	0.01593	0.02072	0.01188	0.00677	0.00903	0.00259	0.01269	0.00897	0.00424	0.01069
14	0.01608	0.00879	0.00896	0.00837	0.01065	0.00904	0.00643	0.08664	0.01844	0.03106	0.02457	0.02780	0.01915	0.00906	0.00567	0.00186	0.00414	0.00720	0.68820	0.00787
15	0.02582	0.02100	0.02165	0.01751	0.02231	0.07827	0.01423	0.41282	0.11090	0.03955	0.01902	0.01987	0.01423	0.00986	0.00976	0.00244	0.09506	0.00703	0.04683	0.01183
16	0.00943	0.00680	0.00895	0.01066	0.01121	0.00631	0.00714	0.01081	0.01497	0.01984	0.04434	0.69346	0.07924	0.02408	0.00986	0.00313	0.00447	0.02179	0.00720	0.00631
17	0.02792	0.01641	0.01890	0.01548	0.02061	0.04010	0.01248	0.11393	0.23826	0.33404	0.02784	0.02541	0.01921	0.01000	0.00861	0.00250	0.03960	0.00788	0.00832	0.01252
18	0.00945	0.00675	0.00900	0.01080	0.01125	0.00630	0.00720	0.01080	0.01484	0.01979	0.04274	0.72245	0.05128	0.02429	0.00990	0.00315	0.00450	0.02204	0.00720	0.00630
19	0.01753	0.05680	0.02699	0.16392	0.02961	0.02234	0.08766	0.05463	0.01490	0.02121	0.01203	0.01801	0.01054	0.01097	0.01787	0.00298	0.41232	0.00693	0.00370	0.00907
20	0.01087	0.00792	0.01023	0.00965	0.01152	0.00727	0.00724	0.01444	0.02171	0.03054	0.64234	0.05883	0.10622	0.01606	0.00915	0.00245	0.00367	0.01415	0.00846	0.00727
21	0.01745	0.02415	0.17201	0.08711	0.04021	0.01909	0.47406	0.02436	0.01768	0.02436	0.01517	0.01999	0.01126	0.00680	0.00868	0.00258	0.01252	0.00828	0.00375	0.01050
22	0.74125	0.01536	0.01204	0.01061	0.01549	0.01776	0.00874	0.05715	0.01446	0.03556	0.01122	0.01292	0.00866	0.00731	0.00496	0.00240	0.00614	0.00435	0.00496	0.00866
23	0.00945	0.00675	0.00900	0.01080	0.01125	0.00630	0.00720	0.01080	0.01484	0.01979	0.04274	0.72245	0.05128	0.02429	0.00990	0.00315	0.00450	0.02204	0.00720	0.00630
24	0.01916	0.01467	0.01739	0.04238	0.02066	0.01233	0.01055	0.09556	0.01896	0.08293	0.01575	0.01744	0.01228	0.00657	0.00624	0.00145	0.00634	0.00524	0.00533	0.58876
25	0.01929	0.01666	0.01753	0.01578	0.02016	0.01929	0.01227	0.04120	0.66513	0.03243	0.03156	0.02893	0.02367	0.01052	0.00789	0.00263	0.00614	0.00877	0.00789	0.01227
26	0.78228	0.01499	0.01140	0.01020	0.01499	0.01739	0.00840	0.02279	0.01320	0.03479	0.01080	0.01260	0.00840	0.00720	0.00480	0.00240	0.00600	0.00420	0.00480	0.00840
27	0.01109	0.00824	0.01214	0.01214	0.01341	0.00952	0.00929	0.01364	0.01237	0.01776	0.02106	0.03209	0.02009	0.11191	0.64399	0.01206	0.01970	0.00855	0.00420	0.00674
28	0.01445	0.00723	0.00723	0.00723	0.00903	0.00723	0.00542	0.01807	0.01626	0.02891	0.02529	0.02891	0.01987	0.00903	0.00542	0.00181	0.00361	0.00723	0.77055	0.00723
29	0.01585	0.01501	0.02543	0.53374	0.21912	0.01754	0.02213	0.02087	0.01607	0.02127	0.01399	0.02028	0.01085	0.00753	0.00773	0.00251	0.01004	0.00690	0.00355	0.00958
30	0.02073	0.73217	0.04063	0.01327	0.01990	0.03068	0.01327	0.02322	0.01575	0.01824	0.01078	0.01244	0.00995	0.00663	0.00498	0.00166	0.00829	0.00415	0.00332	0.00995
31	0.00916	0.00785	0.00785	0.00785	0.01047	0.00655	0.00589	0.01113	0.01767	0.02095	0.07855	0.07462	0.67599	0.01964	0.00916	0.00262	0.00393	0.01636	0.00720	0.00655
32	0.01696	0.01696	0.02375	0.02036	0.02036	0.02375	0.01696	0.01866	0.01187	0.01866	0.01018	0.01696	0.01018	0.01357	0.02545	0.00339	0.71332	0.00679	0.00339	0.00848
33	0.78228	0.01499	0.01140	0.01020	0.01499	0.01739	0.00840	0.02279	0.01320	0.03479	0.01080	0.01260	0.00840	0.00720	0.00480	0.00240	0.00600	0.00420	0.00480	0.00840
34	0.01798	0.02315	0.12045	0.03145	0.03971	0.01942	0.57852	0.02480	0.01808	0.02480	0.01548	0.02039	0.01154	0.00663	0.00894	0.00260	0.01288	0.00875	0.00385	0.01057
35	0.01121	0.00808	0.01070	0.01046	0.01229	0.00757	0.00813	0.01486	0.02131	0.02986	0.57563	0.06255	0.06868	0.01672	0.00939	0.00262	0.00420	0.11014	0.00832	0.00729
36	0.01580	0.07352	0.65611	0.02167	0.03290	0.01862	0.02790	0.02449	0.01634	0.02425	0.01376	0.01618	0.00983	0.00733	0.00725	0.00242	0.01131	0.00565	0.00328	0.01139
37	0.01054	0.00781	0.00986	0.00982	0.01159	0.00713	0.00734	0.01359	0.02002	0.02738	0.45196	0.15273	0.17230	0.01795	0.00934	0.00263	0.00401	0.04892	0.00805	0.00704
38	0.01474	0.00797	0.00937	0.04678	0.01225	0.00823	0.00695	0.03815	0.01539	0.02527	0.02150	0.02678	0.01753	0.01341	0.01180	0.19348	0.00493	0.00708	0.51185	0.00655
39	0.01396	0.04683	0.01282	0.06619	0.01410	0.00888	0.00827	0.01159	0.01084	0.01424	0.01335	0.02273	0.01303	0.02429	0.02712	0.67053	0.00711	0.00661	0.00337	0.00415
40	0.01570	0.01505	0.02605	0.54674	0.17051	0.01758	0.05698	0.02084	0.01606	0.02113	0.01404	0.02041	0.01078	0.00753	0.00782	0.00253	0.01028	0.00702	0.00355	0.00941
41	0.28761	0.01676	0.05861	0.30717	0.06987	0.01768	0.09340	0.02194	0.01518	0.02628	0.01300	0.01752	0.00989	0.00734	0.00685	0.00250	0.00913	0.00615	0.00399	0.00911

[dist]
# distance from previous block
# <min> <max>
3	11

[block]
# block no. 4 follows, 25 sequences, length 28
# corresponding to MSA columns:
# 266-293
name=unknown_E
#
# <colnr> <probs for GDERKNQSTAVLIFYWHMCP>
#	G	D	E	R	K	N	Q	S	T	A	V	L	I	F	Y	W	H	M	C	P
0	0.01762	0.01911	0.05223	0.02293	0.05033	0.08217	0.20948	0.02310	0.07078	0.02260	0.01745	0.05355	0.01518	0.01552	0.09041	0.00384	0.18120	0.00837	0.03477	0.00938
1	0.02223	0.08160	0.02359	0.01806	0.02300	0.16778	0.08833	0.09053	0.24024	0.05802	0.02556	0.02715	0.05717	0.00996	0.00776	0.00240	0.00901	0.03071	0.00618	0.01073
2	0.01742	0.01907	0.03872	0.07160	0.03675	0.01858	0.48359	0.02304	0.01739	0.02387	0.01752	0.02240	0.03862	0.00768	0.01019	0.00257	0.07117	0.00876	0.00403	0.06704
3	0.01858	0.01833	0.02669	0.32906	0.32009	0.08335	0.02161	0.04779	0.01789	0.02327	0.01415	0.01931	0.01126	0.00747	0.00765	0.00240	0.01013	0.00672	0.00384	0.01042
4	0.01914	0.01887	0.02885	0.09925	0.53370	0.07031	0.02221	0.02353	0.01782	0.02424	0.01598	0.02321	0.01397	0.00798	0.00782	0.00238	0.00955	0.04578	0.00402	0.01139
5	0.01030	0.00779	0.00959	0.01039	0.01173	0.00735	0.00731	0.01349	0.05760	0.02292	0.16726	0.43909	0.16434	0.02101	0.00950	0.00289	0.00434	0.01869	0.00749	0.00691
6	0.01117	0.00755	0.00882	0.00890	0.00904	0.00764	0.00524	0.01147	0.01154	0.01550	0.02497	0.08005	0.02851	0.63845	0.09366	0.00773	0.00850	0.01152	0.00477	0.00496
7	0.01816	0.02051	0.04351	0.03143	0.03847	0.02003	0.58648	0.02421	0.01765	0.02421	0.01513	0.02051	0.01160	0.00725	0.01081	0.00269	0.08431	0.00891	0.00387	0.01026
8	0.01112	0.00813	0.01156	0.01156	0.01264	0.00920	0.00857	0.01327	0.01219	0.01733	0.02159	0.03501	0.02136	0.20845	0.54918	0.01135	0.01779	0.00897	0.00428	0.00642
9	0.01919	0.01842	0.03147	0.04759	0.67914	0.01842	0.02380	0.02380	0.01765	0.02533	0.01458	0.01919	0.01228	0.00691	0.00768	0.00230	0.00921	0.00691	0.00384	0.01228
10	0.01082	0.00792	0.01015	0.00959	0.01149	0.00725	0.00720	0.01434	0.02159	0.03024	0.62463	0.05933	0.12412	0.01617	0.00915	0.00245	0.00368	0.01422	0.00842	0.00725
11	0.01643	0.01605	0.02427	0.02027	0.02142	0.02099	0.08906	0.01890	0.01294	0.01994	0.01269	0.01937	0.01179	0.01653	0.08335	0.00403	0.52629	0.00722	0.04997	0.00849
12	0.02073	0.73217	0.04063	0.01327	0.01990	0.03068	0.01327	0.02322	0.01575	0.01824	0.01078	0.01244	0.00995	0.00663	0.00498	0.00166	0.00829	0.00415	0.00332	0.00995
13	0.01919	0.01842	0.03147	0.04759	0.67914	0.01842	0.02380	0.02380	0.01765	0.02533	0.01458	0.01919	0.01228	0.00691	0.00768	0.00230	0.00921	0.00691	0.00384	0.01228
14	0.74172	0.01536	0.01204	0.01061	0.01548	0.01775	0.00874	0.05676	0.01445	0.03555	0.01122	0.01292	0.00866	0.00731	0.00496	0.00240	0.00613	0.00435	0.00496	0.00866
15	0.02862	0.01225	0.01629	0.01303	0.01801	0.01098	0.01055	0.03291	0.06106	0.50166	0.17206	0.03346	0.03131	0.01102	0.00810	0.00242	0.00592	0.00922	0.00926	0.01185
16	0.02770	0.02053	0.02209	0.01730	0.02306	0.02271	0.01414	0.58050	0.06996	0.04620	0.02079	0.06179	0.01607	0.01028	0.00789	0.00239	0.00816	0.00799	0.00773	0.01272
17	0.01128	0.00752	0.00846	0.00846	0.00846	0.00752	0.00470	0.01128	0.01128	0.01503	0.02443	0.05074	0.02819	0.72751	0.03946	0.00752	0.00752	0.01128	0.00470	0.00470
18	0.01128	0.00752	0.00846	0.00846	0.00846	0.00752	0.00470	0.01128	0.01128	0.01503	0.02443	0.05074	0.02819	0.72751	0.03946	0.00752	0.00752	0.01128	0.00470	0.00470
