[name]
unknown

[dist]
# distance from previous block
# <min> <max>
5	19

[block]
# block no. 0 follows, 23 sequences, length 7
# corresponding to MSA columns:
# 22-28
name=unknown_A
#
# <colnr> <probs for GDERKNQSTAVLIFYWHMCP>
#	G	D	E	R	K	N	Q	S	T	A	V	L	I	F	Y	W	H	M	C	P
0	0.02059	0.02459	0.21831	0.01944	0.05472	0.01746	0.03823	0.13927	0.09663	0.07387	0.02420	0.02485	0.06494	0.00930	0.00781	0.00234	0.00873	0.00760	0.00591	0.14121
1	0.11337	0.06170	0.13549	0.01669	0.02304	0.14775	0.01536	0.05254	0.09497	0.12525	0.06263	0.02212	0.01813	0.00907	0.00732	0.00232	0.00908	0.00682	0.00600	0.07034
2	0.10769	0.03150	0.38230	0.02408	0.06707	0.01921	0.12048	0.02755	0.09217	0.02805	0.01669	0.01913	0.01228	0.00792	0.00777	0.00260	0.01078	0.00681	0.00433	0.01159
3	0.01432	0.01481	0.09339	0.01899	0.09554	0.01207	0.01518	0.02020	0.06852	0.02612	0.10583	0.06463	0.10364	0.01714	0.00984	0.00313	0.00744	0.29337	0.00680	0.00903
4	0.05605	0.06489	0.20123	0.01559	0.02098	0.04865	0.01557	0.02080	0.01791	0.06463	0.10609	0.13332	0.12324	0.01390	0.00969	0.00269	0.05832	0.01120	0.00585	0.00939
5	0.10682	0.01513	0.01808	0.01582	0.05313	0.04313	0.05506	0.02303	0.07662	0.04925	0.10764	0.06469	0.06422	0.01035	0.00751	0.00214	0.00676	0.00880	0.00606	0.26576
6	0.02501	0.01721	0.01952	0.01556	0.02104	0.01747	0.01246	0.33490	0.02820	0.11480	0.02472	0.14797	0.02161	0.01199	0.00815	0.00237	0.00736	0.00987	0.00762	0.15217

[dist]
# distance from previous block
# <min> <max>
15	34

[block]
# block no. 1 follows, 23 sequences, length 91
# corresponding to MSA columns:
# 65-155
name=unknown_B
#
# <colnr> <probs for GDERKNQSTAVLIFYWHMCP>
#	G	D	E	R	K	N	Q	S	T	A	V	L	I	F	Y	W	H	M	C	P
0	0.09834	0.01963	0.14535	0.01815	0.07419	0.01516	0.01547	0.06022	0.09149	0.15882	0.13513	0.05450	0.02752	0.01077	0.00799	0.00252	0.00745	0.00892	0.00694	0.04145
1	0.16293	0.06508	0.16760	0.01985	0.08113	0.04869	0.01734	0.18208	0.04912	0.03469	0.07955	0.02175	0.01830	0.00915	0.00738	0.00245	0.00880	0.00700	0.00576	0.01133
2	0.04418	0.09623	0.45978	0.02299	0.06536	0.01981	0.05253	0.02631	0.06043	0.02605	0.01669	0.02090	0.01293	0.00839	0.00767	0.00255	0.01088	0.03066	0.00404	0.01161
3	0.05381	0.22386	0.39965	0.01908	0.02848	0.02214	0.02257	0.02604	0.06026	0.02520	0.03811	0.01829	0.01363	0.00804	0.00700	0.00235	0.01013	0.00600	0.00404	0.01131
4	0.25234	0.01427	0.01414	0.01248	0.01640	0.04919	0.00997	0.08189	0.02139	0.10410	0.25810	0.03770	0.03808	0.01231	0.00784	0.00257	0.00621	0.04425	0.00743	0.00936
5	0.01181	0.00883	0.01184	0.01245	0.04992	0.00824	0.00847	0.01529	0.02152	0.03020	0.52872	0.10300	0.09284	0.04782	0.01094	0.00284	0.00442	0.01479	0.00832	0.00773
6	0.01149	0.00844	0.01168	0.01190	0.01346	0.00869	0.00884	0.01411	0.01539	0.02194	0.10629	0.24393	0.03699	0.03943	0.32866	0.00765	0.01272	0.01360	0.03286	0.05193
7	0.01638	0.01586	0.02456	0.40333	0.04090	0.02098	0.02046	0.02021	0.01458	0.02021	0.01279	0.01995	0.01075	0.01075	0.01613	0.00307	0.30937	0.00716	0.00358	0.00895
8	0.01683	0.01442	0.01683	0.01202	0.01923	0.01082	0.00961	0.02043	0.01683	0.02644	0.01442	0.01683	0.01202	0.00601	0.00601	0.00120	0.00601	0.00481	0.00481	0.76444
9	0.01161	0.00885	0.01275	0.01185	0.01384	0.00820	0.04475	0.01513	0.02124	0.02976	0.49717	0.18982	0.06812	0.01780	0.00973	0.00271	0.00459	0.01607	0.00836	0.00763
10	0.02008	0.01928	0.03294	0.04981	0.66422	0.01928	0.02490	0.02490	0.01848	0.02651	0.01526	0.02008	0.01285	0.00723	0.00803	0.00241	0.00964	0.00723	0.00402	0.01285
11	0.01031	0.00737	0.00987	0.01158	0.01229	0.00693	0.00809	0.01212	0.01635	0.02187	0.08663	0.60430	0.05455	0.02452	0.01039	0.00329	0.00492	0.08025	0.00762	0.00675
12	0.03085	0.02273	0.02435	0.01867	0.02516	0.02516	0.01542	0.63716	0.03815	0.05114	0.01948	0.01948	0.01380	0.00974	0.00812	0.00244	0.00893	0.00731	0.00812	0.01380
13	0.01769	0.01745	0.02667	0.46690	0.22558	0.06381	0.02273	0.02271	0.01732	0.02230	0.01453	0.02072	0.01137	0.00788	0.00804	0.00258	0.01075	0.00708	0.00376	0.01012
14	0.23473	0.02478	0.02231	0.02370	0.15785	0.21754	0.01566	0.15681	0.02270	0.03251	0.01425	0.01641	0.01121	0.00818	0.00700	0.00235	0.01004	0.00586	0.00522	0.01090
15	0.01957	0.45382	0.28979	0.01751	0.02643	0.02690	0.02020	0.02485	0.01674	0.02168	0.01257	0.01463	0.01036	0.00724	0.00619	0.00206	0.00998	0.00499	0.00345	0.01103
16	0.00989	0.00706	0.00942	0.01130	0.01177	0.00659	0.00753	0.01130	0.01554	0.02071	0.04472	0.70954	0.05367	0.02542	0.01036	0.00330	0.00471	0.02307	0.00753	0.00659
17	0.01159	0.00869	0.01304	0.01304	0.01449	0.01014	0.01014	0.01449	0.01304	0.01884	0.02173	0.03188	0.02029	0.06086	0.68268	0.01304	0.02173	0.00869	0.00435	0.00724
18	0.01784	0.01699	0.02888	0.35457	0.37701	0.01869	0.02378	0.02293	0.01741	0.02378	0.01487	0.02081	0.01189	0.00765	0.00807	0.00255	0.01020	0.00722	0.00382	0.01104
19	0.02254	0.01424	0.01741	0.01272	0.01966	0.01114	0.01029	0.02600	0.01869	0.21406	0.01955	0.01997	0.01437	0.00719	0.00664	0.00158	0.00627	0.00579	0.00633	0.54555
20	0.01683	0.01442	0.01683	0.01202	0.01923	0.01082	0.00961	0.02043	0.01683	0.02644	0.01442	0.01683	0.01202	0.00601	0.00601	0.00120	0.00601	0.00481	0.00481	0.76444
21	0.02109	0.05607	0.02013	0.01654	0.02140	0.02122	0.01310	0.08831	0.56753	0.03447	0.03079	0.02849	0.02313	0.01069	0.00808	0.00267	0.00674	0.00877	0.00799	0.01279
22	0.02862	0.01242	0.01663	0.01318	0.01839	0.01074	0.01066	0.03196	0.02272	0.46085	0.19337	0.03542	0.03415	0.01146	0.00838	0.00243	0.00605	0.00962	0.00940	0.06355
23	0.01681	0.10896	0.61049	0.02221	0.03371	0.02016	0.02839	0.02556	0.01707	0.02504	0.01424	0.01672	0.01029	0.00763	0.00746	0.00249	0.01166	0.00583	0.00343	0.01184
24	0.01627	0.04197	0.67279	0.02313	0.03512	0.01884	0.02998	0.02570	0.01713	0.02570	0.01456	0.01713	0.01028	0.00771	0.00771	0.00257	0.01199	0.00600	0.00343	0.01199
25	0.00989	0.00706	0.00942	0.01130	0.01177	0.00659	0.00753	0.01130	0.01554	0.02071	0.04472	0.70954	0.05367	0.02542	0.01036	0.00330	0.00471	0.02307	0.00753	0.00659
26	0.02856	0.03491	0.02381	0.02253	0.06199	0.55453	0.01640	0.05591	0.02237	0.02152	0.01281	0.01545	0.01075	0.00890	0.00921	0.00226	0.07848	0.00561	0.00428	0.00974
27	0.01906	0.02160	0.04629	0.03331	0.04095	0.02082	0.59207	0.02554	0.01869	0.02554	0.01602	0.02160	0.01220	0.00735	0.01076	0.00279	0.06115	0.00940	0.00407	0.01080
28	0.00989	0.00706	0.00942	0.01130	0.01177	0.00659	0.00753	0.01130	0.01554	0.02071	0.04472	0.70954	0.05367	0.02542	0.01036	0.00330	0.00471	0.02307	0.00753	0.00659
29	0.01982	0.01902	0.03247	0.08494	0.63111	0.01921	0.02477	0.02468	0.01835	0.02619	0.01522	0.02017	0.01274	0.00728	0.00804	0.00243	0.00970	0.00723	0.00399	0.01264
30	0.01627	0.04197	0.67279	0.02313	0.03512	0.01884	0.02998	0.02570	0.01713	0.02570	0.01456	0.01713	0.01028	0.00771	0.00771	0.00257	0.01199	0.00600	0.00343	0.01199
31	0.03464	0.01420	0.01878	0.01466	0.02076	0.01282	0.01203	0.03993	0.09123	0.60079	0.03212	0.02791	0.02059	0.01015	0.00817	0.00254	0.00685	0.00827	0.00985	0.01370
32	0.01627	0.04197	0.67279	0.02313	0.03512	0.01884	0.02998	0.02570	0.01713	0.02570	0.01456	0.01713	0.01028	0.00771	0.00771	0.00257	0.01199	0.00600	0.00343	0.01199
33	0.03024	0.02473	0.02386	0.01888	0.02495	0.11845	0.01533	0.52155	0.06638	0.04583	0.01917	0.01933	0.01387	0.00961	0.00801	0.00240	0.00962	0.00710	0.00756	0.01313
34	0.00989	0.00706	0.00942	0.01130	0.01177	0.00659	0.00753	0.01130	0.01554	0.02071	0.04472	0.70954	0.05367	0.02542	0.01036	0.00330	0.00471	0.02307	0.00753	0.00659
35	0.01180	0.00787	0.00885	0.00885	0.00885	0.00787	0.00492	0.01180	0.01180	0.01573	0.02557	0.05310	0.02950	0.71483	0.04130	0.00787	0.00787	0.01180	0.00492	0.00492
36	0.01775	0.01775	0.02485	0.02130	0.02130	0.02485	0.01775	0.01953	0.01243	0.01953	0.01065	0.01775	0.01065	0.01420	0.02663	0.00355	0.69998	0.00710	0.00355	0.00888
37	0.01513	0.00756	0.00756	0.00756	0.00945	0.00756	0.00567	0.01891	0.01702	0.03025	0.02647	0.03025	0.02080	0.00945	0.00567	0.00189	0.00378	0.00756	0.75988	0.00756
38	0.03078	0.02454	0.02420	0.01892	0.02515	0.09982	0.01545	0.56845	0.03643	0.04758	0.01869	0.01893	0.01342	0.00958	0.00803	0.00240	0.00958	0.00707	0.00767	0.01330
39	0.00987	0.00712	0.00936	0.01115	0.01173	0.00660	0.00747	0.01131	0.01568	0.02077	0.04651	0.67950	0.08255	0.02519	0.01032	0.00327	0.00468	0.02278	0.00753	0.00660
40	0.00989	0.00706	0.00942	0.01130	0.01177	0.00659	0.00753	0.01130	0.01554	0.02071	0.04472	0.70954	0.05367	0.02542	0.01036	0.00330	0.00471	0.02307	0.00753	0.00659
41	0.02008	0.01928	0.03294	0.04981	0.66422	0.01928	0.02490	0.02490	0.01848	0.02651	0.01526	0.02008	0.01285	0.00723	0.00803	0.00241	0.00964	0.00723	0.00402	0.01285
42	0.01308	0.00934	0.01308	0.01494	0.01681	0.00934	0.01308	0.01681	0.01868	0.02428	0.04296	0.09153	0.04670	0.02242	0.01121	0.00374	0.00747	0.60960	0.00747	0.00747
43	0.01915	0.02189	0.04788	0.03420	0.04241	0.02052	0.63475	0.02599	0.01915	0.02599	0.01642	0.02189	0.01231	0.00684	0.00958	0.00274	0.01368	0.00958	0.00410	0.01094
44	0.01308	0.00934	0.01308	0.01494	0.01681	0.00934	0.01308	0.01681	0.01868	0.02428	0.04296	0.09153	0.04670	0.02242	0.01121	0.00374	0.00747	0.60960	0.00747	0.00747
45	0.01678	0.10485	0.61431	0.02227	0.03379	0.02008	0.02849	0.02557	0.01707	0.02508	0.01426	0.01675	0.01029	0.00764	0.00748	0.00249	0.01168	0.00584	0.00343	0.01185
46	0.01627	0.04197	0.67279	0.02313	0.03512	0.01884	0.02998	0.02570	0.01713	0.02570	0.01456	0.01713	0.01028	0.00771	0.00771	0.00257	0.01199	0.00600	0.00343	0.01199
47	0.00989	0.00706	0.00942	0.01130	0.01177	0.00659	0.00753	0.01130	0.01554	0.02071	0.04472	0.70954	0.05367	0.02542	0.01036	0.00330	0.00471	0.02307	0.00753	0.00659
48	0.00989	0.00706	0.00942	0.01130	0.01177	0.00659	0.00753	0.01130	0.01554	0.02071	0.04472	0.70954	0.05367	0.02542	0.01036	0.00330	0.00471	0.02307	0.00753	0.00659
49	0.02008	0.01928	0.03294	0.04981	0.66422	0.01928	0.02490	0.02490	0.01848	0.02651	0.01526	0.02008	0.01285	0.00723	0.00803	0.00241	0.00964	0.00723	0.00402	0.01285
50	0.01627	0.04197	0.67279	0.02313	0.03512	0.01884	0.02998	0.02570	0.01713	0.02570	0.01456	0.01713	0.01028	0.00771	0.00771	0.00257	0.01199	0.00600	0.00343	0.01199
51	0.01141	0.00829	0.01074	0.01013	0.01207	0.00762	0.00759	0.01516	0.02278	0.03210	0.63591	0.06134	0.10087	0.01675	0.00957	0.00256	0.00384	0.01478	0.00887	0.00762
52	0.02475	0.01241	0.01584	0.01299	0.01726	0.01163	0.01030	0.09977	0.02424	0.31355	0.27106	0.04079	0.04155	0.05360	0.01063	0.00283	0.00602	0.01077	0.00909	0.01093
53	0.00989	0.00706	0.00942	0.01130	0.01177	0.00659	0.00753	0.01130	0.01554	0.02071	0.04472	0.70954	0.05367	0.02542	0.01036	0.00330	0.00471	0.02307	0.00753	0.00659
54	0.06769	0.02238	0.02373	0.01827	0.02469	0.02482	0.01509	0.60668	0.03694	0.05041	0.01907	0.01917	0.01355	0.00963	0.00796	0.00244	0.00880	0.00716	0.00796	0.01355
55	0.01608	0.04061	0.64600	0.02260	0.03419	0.01839	0.02908	0.02528	0.01737	0.02597	0.04068	0.01889	0.01296	0.00807	0.00778	0.00257	0.01166	0.00635	0.00365	0.01182
56	0.01695	0.01702	0.02561	0.50484	0.04749	0.06469	0.05462	0.02162	0.01624	0.02076	0.01380	0.02054	0.01085	0.00904	0.01112	0.00280	0.12205	0.00719	0.00366	0.00912
57	0.01630	0.01542	0.02610	0.56271	0.18087	0.01828	0.02302	0.02159	0.01669	0.02192	0.01459	0.02131	0.01124	0.00793	0.00810	0.00264	0.01057	0.00721	0.00369	0.00980
58	0.02040	0.02005	0.03210	0.07422	0.60809	0.05218	0.02435	0.02511	0.01861	0.02595	0.01509	0.01987	0.01265	0.00732	0.00800	0.00241	0.00994	0.00713	0.00401	0.01253
59	0.01799	0.01790	0.03435	0.19326	0.18073	0.01818	0.28086	0.02369	0.01806	0.02533	0.01681	0.02237	0.01303	0.00753	0.00844	0.00256	0.01098	0.00826	0.08916	0.01053
60	0.01567	0.01589	0.03153	0.02468	0.02953	0.01530	0.35144	0.02035	0.01777	0.02399	0.02762	0.22903	0.02842	0.01443	0.01071	0.00305	0.03887	0.08707	0.00549	0.00917
61	0.01041	0.00823	0.00940	0.00934	0.01164	0.00722	0.00703	0.01312	0.01993	0.02571	0.28338	0.10611	0.39829	0.01948	0.00969	0.00274	0.00417	0.03896	0.00803	0.00715
62	0.02247	0.65936	0.04088	0.01439	0.02120	0.05631	0.01403	0.05506	0.01781	0.02071	0.01174	0.01340	0.01058	0.00713	0.00543	0.00178	0.00891	0.00452	0.00373	0.01054
63	0.03045	0.02205	0.02378	0.01837	0.02474	0.02433	0.01513	0.57803	0.07318	0.07551	0.02078	0.02044	0.01470	0.00983	0.00813	0.00246	0.00870	0.00745	0.00820	0.01374
64	0.01180	0.00787	0.00885	0.00885	0.00885	0.00787	0.00492	0.01180	0.01180	0.01573	0.02557	0.05310	0.02950	0.71483	0.04130	0.00787	0.00787	0.01180	0.00492	0.00492
65	0.01062	0.00821	0.00968	0.00941	0.01162	0.00727	0.00702	0.01359	0.02077	0.02756	0.39008	0.09462	0.32305	0.01863	0.00961	0.00266	0.00398	0.01606	0.00828	0.00727
66	0.01876	0.02070	0.07435	0.03119	0.08055	0.01839	0.45564	0.02490	0.01889	0.05133	0.02037	0.07289	0.01742	0.00923	0.00946	0.00279	0.01206	0.04561	0.00473	0.01074
67	0.02107	0.02178	0.06159	0.02638	0.14303	0.07353	0.12192	0.06149	0.31626	0.03043	0.02374	0.02455	0.01807	0.00917	0.00833	0.00261	0.00931	0.00832	0.00619	0.01224
68	0.01090	0.00827	0.01003	0.00959	0.01176	0.00741	0.00719	0.01418	0.02158	0.02925	0.48118	0.06602	0.25737	0.01781	0.00958	0.00261	0.00392	0.01543	0.00850	0.00741
69	0.02072	0.01867	0.01946	0.01872	0.05938	0.05547	0.01371	0.04147	0.57875	0.03275	0.03088	0.02884	0.02330	0.01064	0.00819	0.00270	0.00705	0.00885	0.00779	0.01266
70	0.02170	0.15545	0.23457	0.02830	0.21480	0.08191	0.02234	0.06229	0.01953	0.06381	0.01531	0.01778	0.01186	0.00775	0.00736	0.00232	0.01046	0.00619	0.00434	0.01193
71	0.01098	0.00836	0.01190	0.01260	0.01347	0.00821	0.03580	0.01272	0.01569	0.02111	0.06683	0.54010	0.04866	0.08498	0.01373	0.00367	0.03330	0.04403	0.00705	0.00681
72	0.00985	0.00718	0.00929	0.01098	0.01168	0.00662	0.00739	0.01133	0.01585	0.02084	0.04866	0.64323	0.11743	0.02491	0.01028	0.00324	0.00464	0.02244	0.00753	0.00662
73	0.01893	0.05122	0.08630	0.06095	0.12503	0.02091	0.41663	0.02509	0.01823	0.02510	0.01544	0.02065	0.01199	0.00751	0.01016	0.00269	0.05963	0.00852	0.00396	0.01103
74	0.02420	0.02012	0.01948	0.01668	0.02154	0.09216	0.01315	0.19468	0.34318	0.05924	0.02664	0.02566	0.01983	0.01022	0.00788	0.00251	0.00775	0.00808	0.07471	0.01228
75	0.01148	0.00829	0.01085	0.01021	0.01212	0.00766	0.00766	0.01531	0.02297	0.03254	0.65994	0.06061	0.07656	0.01659	0.00957	0.00255	0.00383	0.01467	0.00893	0.00766
76	0.01683	0.01442	0.01683	0.01202	0.01923	0.01082	0.00961	0.02043	0.01683	0.02644	0.01442	0.01683	0.01202	0.00601	0.00601	0.00120	0.00601	0.00481	0.00481	0.76444
77	0.01765	0.09390	0.26971	0.09009	0.11864	0.01969	0.11109	0.02587	0.07462	0.02595	0.06089	0.02244	0.01687	0.00839	0.00800	0.00252	0.01042	0.00752	0.00444	0.01130
78	0.02614	0.02039	0.02170	0.01772	0.02337	0.02297	0.01428	0.37508	0.30790	0.04355	0.02546	0.02424	0.01864	0.01030	0.00818	0.00258	0.00782	0.00813	0.00818	0.01338
79	0.01807	0.01882	0.11428	0.05450	0.02406	0.01311	0.01373	0.04939	0.01804	0.05294	0.01537	0.01771	0.01209	0.00671	0.00656	0.00160	0.00734	0.00537	0.00489	0.54541
80	0.01611	0.07976	0.22788	0.02452	0.16427	0.01639	0.05307	0.02198	0.01942	0.02763	0.22886	0.03214	0.03297	0.01044	0.00830	0.00247	0.00859	0.00921	0.00542	0.01056
81	0.01171	0.00844	0.01116	0.01087	0.01278	0.00789	0.00842	0.01552	0.02237	0.03138	0.57341	0.06495	0.07237	0.01741	0.00980	0.00272	0.00434	0.09811	0.00873	0.00763
82	0.01627	0.04197	0.67279	0.02313	0.03512	0.01884	0.02998	0.02570	0.01713	0.02570	0.01456	0.01713	0.01028	0.00771	0.00771	0.00257	0.01199	0.00600	0.00343	0.01199
83	0.01079	0.00775	0.01027	0.01102	0.01222	0.00723	0.00791	0.01343	0.01908	0.02626	0.32244	0.38047	0.06360	0.02126	0.01005	0.00299	0.00447	0.05347	0.00816	0.00712
84	0.02921	0.08670	0.02472	0.01833	0.02411	0.18281	0.01490	0.34556	0.09071	0.07520	0.01913	0.01926	0.01412	0.00930	0.00768	0.00233	0.00992	0.00677	0.00689	0.01235
85	0.02169	0.71972	0.04252	0.01388	0.02083	0.03211	0.01388	0.02430	0.01649	0.01909	0.01128	0.01302	0.01041	0.00694	0.00521	0.00174	0.00868	0.00434	0.00347	0.01041
86	0.01131	0.00866	0.01115	0.01213	0.01315	0.00881	0.00865	0.01456	0.05967	0.02286	0.10193	0.50823	0.07995	0.02259	0.01110	0.00319	0.04597	0.04131	0.00748	0.00730
87	0.03012	0.02237	0.02394	0.01852	0.02489	0.02482	0.01525	0.59653	0.07997	0.04996	0.02041	0.02022	0.01455	0.00983	0.00813	0.00246	0.00876	0.00743	0.00813	0.01373
88	0.01409	0.00705	0.01057	0.01057	0.01057	0.00705	0.00705	0.01057	0.01057	0.01409	0.01409	0.02467	0.01409	0.02819	0.03171	0.76392	0.00705	0.00705	0.00352	0.00352
89	0.00987	0.00713	0.00934	0.01112	0.01172	0.00661	0.00745	0.01132	0.01571	0.02079	0.04694	0.67216	0.08961	0.02513	0.01031	0.00326	0.00467	0.02272	0.00753	0.00661
90	0.02861	0.02282	0.05803	0.01842	0.02490	0.02378	0.01571	0.54310	0.07202	0.04798	0.04760	0.02176	0.01695	0.01000	0.00817	0.00247	0.00873	0.00766	0.00791	0.01338

[dist]
# distance from previous block
# <min> <max>
1	3

[block]
# block no. 2 follows, 23 sequences, length 10
# corresponding to MSA columns:
# 159-168
name=unknown_C
#
# <colnr> <probs for GDERKNQSTAVLIFYWHMCP>
#	G	D	E	R	K	N	Q	S	T	A	V	L	I	F	Y	W	H	M	C	P
0	0.01287	0.00869	0.01079	0.01003	0.01248	0.00778	0.00761	0.01621	0.02188	0.07746	0.46992	0.06248	0.21715	0.01708	0.00947	0.00260	0.00413	0.01480	0.00867	0.00792
1	0.01958	0.19571	0.12587	0.08527	0.36973	0.02230	0.02272	0.02455	0.01762	0.02412	0.01411	0.01803	0.01173	0.00729	0.00729	0.00229	0.00982	0.00634	0.00377	0.01184
2	0.01136	0.00829	0.01067	0.01007	0.01204	0.00760	0.00756	0.01507	0.02267	0.03182	0.62104	0.06179	0.11591	0.01686	0.00957	0.00256	0.00385	0.01484	0.00884	0.00760
3	0.01683	0.01442	0.01683	0.01202	0.01923	0.01082	0.00961	0.02043	0.01683	0.02644	0.01442	0.01683	0.01202	0.00601	0.00601	0.00120	0.00601	0.00481	0.00481	0.76444
4	0.01202	0.00785	0.00876	0.00876	0.00889	0.00785	0.00497	0.01228	0.01215	0.01671	0.02563	0.05156	0.02891	0.66734	0.03890	0.00746	0.00759	0.01151	0.05575	0.00509
5	0.01111	0.00832	0.01025	0.01118	0.01240	0.00806	0.00773	0.01476	0.07411	0.02321	0.12328	0.46359	0.11310	0.06445	0.01187	0.00338	0.00489	0.01948	0.00761	0.00722
6	0.01039	0.00727	0.00981	0.01159	0.01217	0.00686	0.00801	0.01176	0.01557	0.02070	0.04299	0.61824	0.05100	0.02529	0.01153	0.04239	0.00508	0.07551	0.00732	0.00651
7	0.01153	0.00829	0.01084	0.01049	0.01225	0.00772	0.00787	0.01508	0.02190	0.03079	0.56785	0.09028	0.07170	0.04756	0.01108	0.00289	0.00427	0.05155	0.00861	0.00748
8	0.01818	0.01523	0.01755	0.01266	0.01980	0.01221	0.01018	0.08013	0.01889	0.02883	0.01491	0.01708	0.01219	0.00637	0.00621	0.00132	0.00629	0.00505	0.00513	0.69178
9	0.02073	0.06649	0.17827	0.03757	0.39460	0.01980	0.04569	0.05169	0.01919	0.06602	0.01610	0.01948	0.01258	0.00758	0.00785	0.00242	0.01006	0.00692	0.00439	0.01254

[dist]
# distance from previous block
# <min> <max>
0	1

[block]
# block no. 3 follows, 23 sequences, length 96
# corresponding to MSA columns:
# 170-265
name=unknown_D
#
# <colnr> <probs for GDERKNQSTAVLIFYWHMCP>
#	G	D	E	R	K	N	Q	S	T	A	V	L	I	F	Y	W	H	M	C	P
0	0.02458	0.01663	0.01866	0.01592	0.02096	0.01809	0.01262	0.09456	0.41693	0.18608	0.06068	0.03008	0.02508	0.01092	0.00828	0.00266	0.00664	0.00902	0.00870	0.01292
1	0.02056	0.02008	0.03169	0.04667	0.59997	0.05012	0.02383	0.02623	0.05260	0.02660	0.01609	0.02038	0.01338	0.00749	0.00801	0.00241	0.00970	0.00724	0.00425	0.01269
2	0.77215	0.01569	0.01193	0.01067	0.01569	0.01820	0.00879	0.02385	0.01381	0.03641	0.01130	0.01318	0.00879	0.00753	0.00502	0.00251	0.00628	0.00439	0.00502	0.00879
3	0.02008	0.01928	0.03294	0.04981	0.66422	0.01928	0.02490	0.02490	0.01848	0.02651	0.01526	0.02008	0.01285	0.00723	0.00803	0.00241	0.00964	0.00723	0.00402	0.01285
4	0.01180	0.00787	0.00885	0.00885	0.00885	0.00787	0.00492	0.01180	0.01180	0.01573	0.02557	0.05310	0.02950	0.71483	0.04130	0.00787	0.00787	0.01180	0.00492	0.00492
5	0.01732	0.01676	0.02334	0.02015	0.02032	0.02320	0.01672	0.01926	0.01272	0.02011	0.01205	0.01910	0.01166	0.01605	0.05522	0.00389	0.62967	0.00720	0.04653	0.00873
6	0.01308	0.00934	0.01308	0.01494	0.01681	0.00934	0.01308	0.01681	0.01868	0.02428	0.04296	0.09153	0.04670	0.02242	0.01121	0.00374	0.00747	0.60960	0.00747	0.00747
7	0.02547	0.02434	0.26544	0.01757	0.02553	0.01492	0.01850	0.03273	0.07443	0.32238	0.07433	0.02645	0.02117	0.00975	0.00811	0.00256	0.00855	0.00793	0.00730	0.01256
8	0.01803	0.01453	0.01700	0.01235	0.01939	0.01130	0.00989	0.02249	0.04597	0.06136	0.01621	0.01802	0.01303	0.00645	0.00623	0.00134	0.00608	0.00519	0.00525	0.68989
9	0.01683	0.01442	0.01683	0.01202	0.01923	0.01082	0.00961	0.02043	0.01683	0.02644	0.01442	0.01683	0.01202	0.00601	0.00601	0.00120	0.00601	0.00481	0.00481	0.76444
10	0.03085	0.04699	0.01911	0.01429	0.02005	0.01404	0.01175	0.05869	0.10984	0.47019	0.03527	0.03157	0.07798	0.01097	0.00816	0.00253	0.00674	0.00890	0.00919	0.01289
11	0.03085	0.02273	0.02435	0.01867	0.02516	0.02516	0.01542	0.63716	0.03815	0.05114	0.01948	0.01948	0.01380	0.00974	0.00812	0.00244	0.00893	0.00731	0.00812	0.01380
12	0.01076	0.00827	0.00984	0.00945	0.01168	0.00735	0.00709	0.01391	0.02126	0.02849	0.43938	0.06728	0.29965	0.01810	0.00958	0.00262	0.00394	0.01561	0.00840	0.00735
13	0.02481	0.46020	0.03496	0.01567	0.02202	0.11996	0.01420	0.11150	0.05120	0.05661	0.01466	0.01569	0.01206	0.00787	0.00619	0.00197	0.00934	0.00529	0.00477	0.01103
14	0.01023	0.00744	0.00972	0.01133	0.01220	0.00692	0.00795	0.01203	0.01641	0.02166	0.07340	0.56618	0.10883	0.02433	0.01034	0.00326	0.00488	0.07858	0.00758	0.00674
15	0.00995	0.00823	0.00872	0.00860	0.01118	0.00700	0.00645	0.01234	0.01934	0.02393	0.19147	0.07478	0.55040	0.01980	0.00959	0.00270	0.00406	0.01666	0.00780	0.00700
16	0.77215	0.01569	0.01193	0.01067	0.01569	0.01820	0.00879	0.02385	0.01381	0.03641	0.01130	0.01318	0.00879	0.00753	0.00502	0.00251	0.00628	0.00439	0.00502	0.00879
17	0.03085	0.02273	0.02435	0.01867	0.02516	0.02516	0.01542	0.63716	0.03815	0.05114	0.01948	0.01948	0.01380	0.00974	0.00812	0.00244	0.00893	0.00731	0.00812	0.01380
18	0.01159	0.00869	0.01304	0.01304	0.01449	0.01014	0.01014	0.01449	0.01304	0.01884	0.02173	0.03188	0.02029	0.06086	0.68268	0.01304	0.02173	0.00869	0.00435	0.00724
19	0.01794	0.01439	0.01694	0.01216	0.01931	0.01088	0.00975	0.02152	0.01719	0.06297	0.01542	0.01744	0.01248	0.00624	0.00613	0.00128	0.00606	0.00500	0.00510	0.72182
20	0.00989	0.00706	0.00942	0.01130	0.01177	0.00659	0.00753	0.01130	0.01554	0.02071	0.04472	0.70954	0.05367	0.02542	0.01036	0.00330	0.00471	0.02307	0.00753	0.00659
21	0.77215	0.01569	0.01193	0.01067	0.01569	0.01820	0.00879	0.02385	0.01381	0.03641	0.01130	0.01318	0.00879	0.00753	0.00502	0.00251	0.00628	0.00439	0.00502	0.00879
22	0.01943	0.01667	0.01770	0.01613	0.02050	0.01913	0.01261	0.04060	0.59379	0.03300	0.03536	0.03519	0.04942	0.01195	0.00846	0.00280	0.00639	0.04033	0.00819	0.01235
23	0.01513	0.00756	0.00756	0.00756	0.00945	0.00756	0.00567	0.01891	0.01702	0.03025	0.02647	0.03025	0.02080	0.00945	0.00567	0.00189	0.00378	0.00756	0.75988	0.00756
24	0.01430	0.01224	0.01276	0.01193	0.01544	0.01270	0.00915	0.02554	0.29410	0.02763	0.08611	0.05645	0.35763	0.01621	0.00901	0.00274	0.00511	0.01355	0.00791	0.00950
25	0.02008	0.01928	0.03294	0.04981	0.66422	0.01928	0.02490	0.02490	0.01848	0.02651	0.01526	0.02008	0.01285	0.00723	0.00803	0.00241	0.00964	0.00723	0.00402	0.01285
26	0.01683	0.01442	0.01683	0.01202	0.01923	0.01082	0.00961	0.02043	0.01683	0.02644	0.01442	0.01683	0.01202	0.00601	0.00601	0.00120	0.00601	0.00481	0.00481	0.76444
27	0.08741	0.01924	0.02435	0.28123	0.12277	0.10023	0.01940	0.04898	0.01720	0.02386	0.01339	0.01884	0.01096	0.00943	0.01194	0.00275	0.16756	0.00670	0.00404	0.00974
28	0.01067	0.00826	0.00972	0.00936	0.01162	0.00731	0.00702	0.01374	0.02105	0.02799	0.41262	0.06809	0.32672	0.01828	0.00958	0.00263	0.00395	0.01572	0.00833	0.00731
29	0.02102	0.01635	0.02094	0.11257	0.10724	0.01778	0.01563	0.24674	0.05521	0.03575	0.10478	0.03637	0.02685	0.01191	0.00860	0.00265	0.00802	0.09322	0.04740	0.01097
30	0.01148	0.00829	0.01085	0.01021	0.01212	0.00766	0.00766	0.01531	0.02297	0.03254	0.65994	0.06061	0.07656	0.01659	0.00957	0.00255	0.00383	0.01467	0.00893	0.00766
31	0.02169	0.71972	0.04252	0.01388	0.02083	0.03211	0.01388	0.02430	0.01649	0.01909	0.01128	0.01302	0.01041	0.00694	0.00521	0.00174	0.00868	0.00434	0.00347	0.01041
32	0.01013	0.00724	0.00968	0.01146	0.01207	0.00679	0.00785	0.01178	0.01603	0.02142	0.07060	0.64704	0.05424	0.02488	0.01037	0.00329	0.00483	0.05601	0.00759	0.00669
33	0.03501	0.01397	0.01878	0.01464	0.02071	0.01236	0.01213	0.06388	0.02363	0.61145	0.03202	0.03044	0.02114	0.01064	0.00831	0.00257	0.00702	0.03796	0.00983	0.01349
34	0.01354	0.00875	0.01150	0.01056	0.01283	0.00801	0.00801	0.01731	0.02299	0.08508	0.60817	0.05789	0.07191	0.01605	0.00945	0.00255	0.00408	0.01414	0.00902	0.00816
35	0.01903	0.01558	0.01652	0.01490	0.01923	0.01735	0.01158	0.03721	0.50430	0.06237	0.04195	0.03887	0.14057	0.01270	0.00850	0.00274	0.00602	0.01058	0.00821	0.01180
36	0.01006	0.00830	0.00892	0.00927	0.01176	0.00716	0.00714	0.01229	0.01835	0.02216	0.07499	0.11568	0.54690	0.02107	0.00984	0.00290	0.00458	0.09419	0.00753	0.00692
37	0.01683	0.01442	0.01683	0.01202	0.01923	0.01082	0.00961	0.02043	0.01683	0.02644	0.01442	0.01683	0.01202	0.00601	0.00601	0.00120	0.00601	0.00481	0.00481	0.76444
38	0.03198	0.01629	0.01981	0.01529	0.02136	0.03886	0.01254	0.12435	0.02411	0.44171	0.02620	0.02409	0.01733	0.00959	0.00866	0.00236	0.03810	0.00744	0.00857	0.11133
39	0.02431	0.32830	0.15598	0.01738	0.02500	0.05691	0.01741	0.20149	0.02342	0.05731	0.01520	0.01636	0.01177	0.00809	0.00674	0.00215	0.00958	0.00571	0.00511	0.01178
40	0.01113	0.00828	0.01035	0.00983	0.01190	0.00750	0.00738	0.01462	0.02213	0.03054	0.55144	0.06389	0.18630	0.01733	0.00957	0.00259	0.00388	0.01513	0.00867	0.00750
41	0.00997	0.00712	0.00949	0.01124	0.01179	0.00664	0.00754	0.01150	0.01590	0.02130	0.07524	0.67735	0.05480	0.02498	0.01032	0.00326	0.00466	0.02265	0.00760	0.00664
42	0.01808	0.01872	0.03024	0.02432	0.02624	0.02384	0.16196	0.02104	0.01400	0.02104	0.01200	0.01872	0.01104	0.01248	0.02264	0.00336	0.53958	0.00768	0.00368	0.00936
43	0.01678	0.01690	0.07590	0.01302	0.02066	0.01154	0.01145	0.02091	0.01685	0.02637	0.01443	0.01685	0.01186	0.00616	0.00616	0.00133	0.00655	0.00491	0.00468	0.69668
44	0.01804	0.01638	0.02714	0.03962	0.47513	0.01638	0.02145	0.02254	0.01854	0.02586	0.02335	0.04095	0.02274	0.01167	0.00896	0.00280	0.00901	0.18317	0.00503	0.01128
45	0.02169	0.71972	0.04252	0.01388	0.02083	0.03211	0.01388	0.02430	0.01649	0.01909	0.01128	0.01302	0.01041	0.00694	0.00521	0.00174	0.00868	0.00434	0.00347	0.01041
46	0.08967	0.01138	0.01372	0.01170	0.01522	0.01085	0.00894	0.05222	0.02059	0.24113	0.21654	0.04279	0.06527	0.14723	0.01470	0.00356	0.00609	0.01080	0.00808	0.00952
47	0.01001	0.00767	0.00918	0.01001	0.01152	0.00684	0.00705	0.01201	0.01771	0.02288	0.14832	0.38228	0.28064	0.02234	0.00996	0.00298	0.00436	0.01965	0.00774	0.00684
48	0.03031	0.03867	0.02299	0.02090	0.02508	0.68226	0.01568	0.03240	0.02299	0.01986	0.01254	0.01463	0.01045	0.00836	0.00732	0.00209	0.01463	0.00523	0.00418	0.00941
49	0.01915	0.02189	0.04788	0.03420	0.04241	0.02052	0.63475	0.02599	0.01915	0.02599	0.01642	0.02189	0.01231	0.00684	0.00958	0.00274	0.01368	0.00958	0.00410	0.01094
50	0.01532	0.01442	0.02434	0.69533	0.05589	0.01803	0.02253	0.02073	0.01622	0.02073	0.01442	0.02163	0.01082	0.00811	0.00811	0.00270	0.01082	0.00721	0.00361	0.00901
51	0.01159	0.00869	0.01304	0.01304	0.01449	0.01014	0.01014	0.01449	0.01304	0.01884	0.02173	0.03188	0.02029	0.06086	0.68268	0.01304	0.02173	0.00869	0.00435	0.00724
52	0.01952	0.01602	0.01827	0.01329	0.02037	0.01357	0.01073	0.13878	0.02092	0.03118	0.01539	0.01734	0.01236	0.00673	0.00641	0.00144	0.00657	0.00529	0.00544	0.62040
53	0.01532	0.01442	0.02434	0.69533	0.05589	0.01803	0.02253	0.02073	0.01622	0.02073	0.01442	0.02163	0.01082	0.00811	0.00811	0.00270	0.01082	0.00721	0.00361	0.00901
54	0.02008	0.01928	0.03294	0.04981	0.66422	0.01928	0.02490	0.02490	0.01848	0.02651	0.01526	0.02008	0.01285	0.00723	0.00803	0.00241	0.00964	0.00723	0.00402	0.01285
55	0.01532	0.01442	0.02434	0.69533	0.05589	0.01803	0.02253	0.02073	0.01622	0.02073	0.01442	0.02163	0.01082	0.00811	0.00811	0.00270	0.01082	0.00721	0.00361	0.00901
56	0.03641	0.01381	0.01883	0.01444	0.02071	0.01193	0.01193	0.03954	0.02322	0.66984	0.03201	0.02762	0.02009	0.01004	0.00816	0.00251	0.00690	0.00816	0.01004	0.01381
57	0.00987	0.00712	0.00936	0.01115	0.01173	0.00660	0.00747	0.01132	0.01568	0.02077	0.04653	0.67913	0.08291	0.02519	0.01032	0.00327	0.00468	0.02278	0.00753	0.00660
58	0.01159	0.00869	0.01304	0.01304	0.01449	0.01014	0.01014	0.01449	0.01304	0.01884	0.02173	0.03188	0.02029	0.06086	0.68268	0.01304	0.02173	0.00869	0.00435	0.00724
59	0.00989	0.00706	0.00942	0.01130	0.01177	0.00659	0.00753	0.01130	0.01554	0.02071	0.04472	0.70954	0.05367	0.02542	0.01036	0.00330	0.00471	0.02307	0.00753	0.00659
60	0.03641	0.01381	0.01883	0.01444	0.02071	0.01193	0.01193	0.03954	0.02322	0.66984	0.03201	0.02762	0.02009	0.01004	0.00816	0.00251	0.00690	0.00816	0.01004	0.01381
61	0.77215	0.01569	0.01193	0.01067	0.01569	0.01820	0.00879	0.02385	0.01381	0.03641	0.01130	0.01318	0.00879	0.00753	0.00502	0.00251	0.00628	0.00439	0.00502	0.00879
62	0.00989	0.00706	0.00942	0.01130	0.01177	0.00659	0.00753	0.01130	0.01554	0.02071	0.04472	0.70954	0.05367	0.02542	0.01036	0.00330	0.00471	0.02307	0.00753	0.00659
63	0.03641	0.01381	0.01883	0.01444	0.02071	0.01193	0.01193	0.03954	0.02322	0.66984	0.03201	0.02762	0.02009	0.01004	0.00816	0.00251	0.00690	0.00816	0.01004	0.01381
64	0.01879	0.02221	0.07603	0.06778	0.06942	0.02044	0.52018	0.02539	0.01859	0.02546	0.01593	0.02138	0.01209	0.00728	0.01006	0.00275	0.04225	0.00907	0.00402	0.01089
65	0.01688	0.01647	0.02318	0.02013	0.02034	0.02277	0.01668	0.01881	0.01251	0.01943	0.01222	0.01975	0.01201	0.02080	0.11947	0.00489	0.60400	0.00733	0.00366	0.00865
66	0.00996	0.00709	0.00939	0.01120	0.01165	0.00664	0.00743	0.01132	0.01539	0.02051	0.04396	0.68323	0.05270	0.05305	0.01160	0.00348	0.00483	0.02262	0.00743	0.00652
67	0.02444	0.01653	0.02144	0.07683	0.04959	0.01744	0.04917	0.20183	0.11887	0.16512	0.02690	0.09055	0.02212	0.04306	0.01005	0.00292	0.00810	0.03580	0.00753	0.01172
68	0.02817	0.01942	0.02119	0.01665	0.02215	0.02110	0.01344	0.46088	0.06152	0.10311	0.02222	0.02475	0.01685	0.08395	0.01151	0.00300	0.00828	0.00796	0.04130	0.01255
69	0.03000	0.02143	0.02327	0.01806	0.02421	0.02348	0.01482	0.57281	0.03617	0.08130	0.02148	0.05699	0.01627	0.01060	0.00824	0.00249	0.00860	0.00820	0.00818	0.01341
70	0.02539	0.01995	0.02364	0.02169	0.12245	0.02037	0.01532	0.37550	0.02933	0.04064	0.01746	0.01886	0.01317	0.00834	0.00753	0.00210	0.00825	0.00662	0.00659	0.21681
71	0.02153	0.24349	0.26024	0.01775	0.02587	0.02060	0.04628	0.02686	0.01809	0.14505	0.01893	0.05094	0.01482	0.00879	0.00712	0.00231	0.00932	0.00692	0.04379	0.01132
72	0.01042	0.00825	0.00937	0.00909	0.01147	0.00720	0.00682	0.01325	0.02046	0.02657	0.33533	0.07043	0.40489	0.01881	0.00958	0.00266	0.00399	0.01605	0.00815	0.00720
73	0.72896	0.01527	0.01186	0.01064	0.01549	0.01760	0.00872	0.02337	0.01433	0.03619	0.04813	0.01587	0.01264	0.00805	0.00528	0.00251	0.00614	0.00498	0.00524	0.00872
74	0.02258	0.01857	0.04781	0.01634	0.02203	0.01888	0.01346	0.12737	0.39054	0.09124	0.02761	0.02605	0.02037	0.00992	0.00790	0.00247	0.00703	0.00808	0.00772	0.11402
75	0.01144	0.00817	0.01120	0.01307	0.01422	0.00793	0.01023	0.01398	0.01707	0.02245	0.04387	0.40860	0.05027	0.02396	0.01077	0.00351	0.00605	0.30868	0.00750	0.00702
76	0.01668	0.01576	0.02563	0.44908	0.04468	0.01939	0.06885	0.05363	0.01689	0.02255	0.01549	0.05153	0.01298	0.01002	0.01182	0.00288	0.14073	0.00809	0.00405	0.00929
77	0.01162	0.00857	0.01242	0.01242	0.01365	0.00980	0.00937	0.01409	0.01286	0.01837	0.02230	0.03503	0.02166	0.15812	0.58729	0.01227	0.01967	0.00916	0.00443	0.00690
78	0.03085	0.02273	0.02435	0.01867	0.02516	0.02516	0.01542	0.63716	0.03815	0.05114	0.01948	0.01948	0.01380	0.00974	0.00812	0.00244	0.00893	0.00731	0.00812	0.01380
79	0.01584	0.00825	0.00833	0.00807	0.01017	0.00836	0.00612	0.04705	0.01798	0.03120	0.02615	0.02976	0.02048	0.00947	0.00578	0.00192	0.00402	0.00755	0.72566	0.00785
80	0.00989	0.00706	0.00942	0.01130	0.01177	0.00659	0.00753	0.01130	0.01554	0.02071	0.04472	0.70954	0.05367	0.02542	0.01036	0.00330	0.00471	0.02307	0.00753	0.00659
81	0.01775	0.01775	0.02485	0.02130	0.02130	0.02485	0.01775	0.01953	0.01243	0.01953	0.01065	0.01775	0.01065	0.01420	0.02663	0.00355	0.69998	0.00710	0.00355	0.00888
82	0.77215	0.01569	0.01193	0.01067	0.01569	0.01820	0.00879	0.02385	0.01381	0.03641	0.01130	0.01318	0.00879	0.00753	0.00502	0.00251	0.00628	0.00439	0.00502	0.00879
83	0.03031	0.03867	0.02299	0.02090	0.02508	0.68226	0.01568	0.03240	0.02299	0.01986	0.01254	0.01463	0.01045	0.00836	0.00732	0.00209	0.01463	0.00523	0.00418	0.00941
84	0.01532	0.01442	0.02434	0.69533	0.05589	0.01803	0.02253	0.02073	0.01622	0.02073	0.01442	0.02163	0.01082	0.00811	0.00811	0.00270	0.01082	0.00721	0.00361	0.00901
85	0.00989	0.00706	0.00942	0.01130	0.01177	0.00659	0.00753	0.01130	0.01554	0.02071	0.04472	0.70954	0.05367	0.02542	0.01036	0.00330	0.00471	0.02307	0.00753	0.00659
86	0.01568	0.01492	0.02562	0.64151	0.08208	0.01818	0.04623	0.02112	0.01644	0.02119	0.01454	0.02158	0.01096	0.00802	0.00817	0.00269	0.01088	0.00730	0.00364	0.00926
87	0.01683	0.01442	0.01683	0.01202	0.01923	0.01082	0.00961	0.02043	0.01683	0.02644	0.01442	0.01683	0.01202	0.00601	0.00601	0.00120	0.00601	0.00481	0.00481	0.76444
88	0.01069	0.00797	0.00995	0.01007	0.01179	0.00722	0.00732	0.01355	0.02018	0.02737	0.38600	0.22766	0.19114	0.01963	0.00977	0.00278	0.00411	0.01729	0.00829	0.00722
89	0.00989	0.00706	0.00942	0.01130	0.01177	0.00659	0.00753	0.01130	0.01554	0.02071	0.04472	0.70954	0.05367	0.02542	0.01036	0.00330	0.00471	0.02307	0.00753	0.00659
90	0.00996	0.00712	0.00948	0.01125	0.01179	0.00664	0.00754	0.01148	0.01587	0.02125	0.07265	0.68008	0.05471	0.02502	0.01032	0.00326	0.00467	0.02269	0.00760	0.00664
91	0.01026	0.00735	0.00975	0.01104	0.01185	0.00684	0.00756	0.01223	0.01726	0.02346	0.18773	0.55870	0.05899	0.02337	0.01017	0.00312	0.00450	0.02112	0.00786	0.00684
92	0.02139	0.01820	0.02096	0.05062	0.09082	0.02066	0.01489	0.11998	0.47281	0.03488	0.02851	0.02737	0.02142	0.01031	0.00821	0.00267	0.00729	0.00863	0.00758	0.01280
93	0.01697	0.01455	0.01689	0.01221	0.01931	0.01123	0.00976	0.02142	0.04444	0.02677	0.01523	0.01741	0.01257	0.00623	0.00611	0.00127	0.00603	0.00500	0.00496	0.73164
94	0.02030	0.01648	0.01869	0.01367	0.02070	0.01437	0.01105	0.17328	0.02211	0.03256	0.01568	0.01748	0.01246	0.00693	0.00653	0.00151	0.00673	0.00543	0.00563	0.57840
95	0.68555	0.09694	0.01546	0.01104	0.01628	0.01981	0.00938	0.02390	0.01412	0.03441	0.01130	0.01316	0.00898	0.00746	0.00504	0.00242	0.00655	0.00439	0.00484	0.00898

[dist]
# distance from previous block
# <min> <max>
2	4

[block]
# block no. 4 follows, 23 sequences, length 38
# corresponding to MSA columns:
# 270-307
name=unknown_E
#
# <colnr> <probs for GDERKNQSTAVLIFYWHMCP>
#	G	D	E	R	K	N	Q	S	T	A	V	L	I	F	Y	W	H	M	C	P
0	0.05545	0.02285	0.02470	0.04799	0.09143	0.06716	0.01645	0.48907	0.03343	0.04486	0.01811	0.01908	0.01319	0.00925	0.00795	0.00242	0.00936	0.00705	0.00715	0.01305
1	0.01114	0.00782	0.00917	0.00943	0.01011	0.00748	0.00594	0.01219	0.01486	0.01977	0.12611	0.17950	0.11390	0.40627	0.02733	0.00566	0.00627	0.01493	0.00628	0.00584
2	0.02227	0.01809	0.01925	0.01649	0.02140	0.02044	0.01305	0.20139	0.43087	0.03811	0.06257	0.03052	0.04631	0.01127	0.00833	0.00266	0.00689	0.00922	0.00823	0.01263
3	0.01052	0.00769	0.00989	0.01054	0.01184	0.00706	0.00745	0.01299	0.01891	0.02573	0.30316	0.37832	0.12329	0.02128	0.00996	0.00293	0.00428	0.01900	0.00811	0.00706
4	0.05990	0.01491	0.02239	0.52747	0.08259	0.03959	0.01996	0.02136	0.01652	0.02289	0.01543	0.02168	0.01180	0.00817	0.00766	0.00257	0.00992	0.00702	0.07909	0.00909
5	0.01035	0.00807	0.00939	0.00943	0.01152	0.00712	0.00694	0.01298	0.01975	0.02577	0.29572	0.16593	0.34843	0.01978	0.00970	0.00275	0.00409	0.01708	0.00806	0.00712
6	0.01775	0.01775	0.02485	0.02130	0.02130	0.02485	0.01775	0.01953	0.01243	0.01953	0.01065	0.01775	0.01065	0.01420	0.02663	0.00355	0.69998	0.00710	0.00355	0.00888
7	0.03126	0.01267	0.01718	0.01356	0.01894	0.01105	0.01105	0.03454	0.02317	0.53833	0.16158	0.03443	0.03174	0.01139	0.00845	0.00252	0.00627	0.00950	0.00981	0.01254
8	0.01334	0.00770	0.00818	0.00837	0.01026	0.00748	0.00621	0.01651	0.01693	0.02706	0.03874	0.10644	0.14741	0.01610	0.04551	0.00283	0.00496	0.01100	0.49768	0.00731
9	0.01642	0.01400	0.01640	0.01198	0.01880	0.01057	0.00949	0.01990	0.01675	0.02611	0.01618	0.05693	0.01443	0.00713	0.00626	0.00132	0.00593	0.00586	0.00497	0.72057
10	0.01817	0.01481	0.01726	0.01243	0.01957	0.01156	0.00998	0.05154	0.01809	0.04900	0.01526	0.01732	0.01237	0.00633	0.00618	0.00131	0.00618	0.00504	0.00514	0.70245
11	0.01683	0.01442	0.01683	0.01202	0.01923	0.01082	0.00961	0.02043	0.01683	0.02644	0.01442	0.01683	0.01202	0.00601	0.00601	0.00120	0.00601	0.00481	0.00481	0.76444
12	0.51871	0.20929	0.02100	0.01222	0.01771	0.06558	0.01063	0.02453	0.01514	0.03060	0.01138	0.01323	0.00934	0.00743	0.00522	0.00227	0.00748	0.00443	0.00454	0.00927
13	0.01179	0.00791	0.00909	0.00909	0.00918	0.00800	0.00522	0.01196	0.01187	0.01591	0.02534	0.05187	0.02897	0.67698	0.07843	0.00817	0.00867	0.01162	0.00488	0.00505
14	0.01115	0.00759	0.00904	0.00968	0.00984	0.00743	0.00580	0.01163	0.01306	0.01742	0.03205	0.27528	0.03768	0.48149	0.03083	0.00632	0.00680	0.01561	0.00580	0.00548
15	0.01978	0.01898	0.03240	0.09026	0.62609	0.01920	0.02475	0.02464	0.01834	0.02615	0.01521	0.02018	0.01273	0.00729	0.00804	0.00243	0.00971	0.00723	0.00399	0.01261
16	0.01683	0.01442	0.01683	0.01202	0.01923	0.01082	0.00961	0.02043	0.01683	0.02644	0.01442	0.01683	0.01202	0.00601	0.00601	0.00120	0.00601	0.00481	0.00481	0.76444
17	0.09016	0.02329	0.02326	0.01819	0.02440	0.07106	0.01491	0.54531	0.03513	0.04775	0.01834	0.01863	0.01316	0.00947	0.00781	0.00242	0.00912	0.00693	0.00759	0.01309
18	0.01532	0.01460	0.02537	0.60338	0.05229	0.01757	0.07069	0.02061	0.01642	0.02115	0.01631	0.06089	0.01338	0.00900	0.00836	0.00274	0.01070	0.00830	0.00387	0.00903
19	0.01146	0.00772	0.00895	0.00929	0.00937	0.00764	0.00538	0.01171	0.01247	0.01662	0.02898	0.17011	0.03381	0.59194	0.03578	0.00705	0.00730	0.01381	0.00538	0.00522
20	0.01775	0.01775	0.02485	0.02130	0.02130	0.02485	0.01775	0.01953	0.01243	0.01953	0.01065	0.01775	0.01065	0.01420	0.02663	0.00355	0.69998	0.00710	0.00355	0.00888
21	0.01683	0.01442	0.01683	0.01202	0.01923	0.01082	0.00961	0.02043	0.01683	0.02644	0.01442	0.01683	0.01202	0.00601	0.00601	0.00120	0.00601	0.00481	0.00481	0.76444
22	0.01844	0.04788	0.06214	0.09739	0.11258	0.01984	0.43089	0.02456	0.01844	0.02501	0.01723	0.05514	0.01413	0.00796	0.00907	0.00268	0.01225	0.00943	0.00417	0.01078
23	0.01710	0.01623	0.02754	0.45495	0.28242	0.01849	0.02342	0.02229	0.01706	0.02288	0.01474	0.02106	0.01157	0.00778	0.00808	0.00259	0.01038	0.00722	0.00376	0.01044
24	0.03035	0.03740	0.02310	0.02073	0.02509	0.62965	0.01566	0.08082	0.02421	0.02236	0.01310	0.01502	0.01072	0.00847	0.00738	0.00212	0.01418	0.00539	0.00450	0.00976
25	0.02949	0.03712	0.02379	0.02322	0.07625	0.62918	0.01642	0.03180	0.02263	0.02039	0.01276	0.01507	0.01064	0.00827	0.00737	0.00212	0.01423	0.00539	0.00417	0.00968
26	0.01011	0.00824	0.00894	0.00877	0.01128	0.00707	0.00658	0.01265	0.01973	0.02484	0.24113	0.07328	0.50018	0.01946	0.00958	0.00269	0.00403	0.01645	0.00792	0.00707
27	0.01561	0.01471	0.02485	0.65663	0.09235	0.01810	0.02268	0.02098	0.01636	0.02108	0.01447	0.02154	0.01094	0.00806	0.00811	0.00269	0.01075	0.00721	0.00363	0.00924
28	0.01924	0.01654	0.01751	0.01593	0.02030	0.01892	0.01243	0.04011	0.58527	0.03281	0.03650	0.03567	0.06550	0.01205	0.00846	0.00279	0.00632	0.03322	0.00818	0.01226
29	0.01791	0.10864	0.46199	0.02183	0.03154	0.01994	0.06536	0.02536	0.01703	0.05670	0.01534	0.01830	0.01144	0.01068	0.04202	0.00306	0.05122	0.00636	0.00386	0.01143
30	0.01409	0.00705	0.01057	0.01057	0.01057	0.00705	0.00705	0.01057	0.01057	0.01409	0.01409	0.02467	0.01409	0.02819	0.03171	0.76392	0.00705	0.00705	0.00352	0.00352
31	0.01166	0.00843	0.01169	0.01169	0.01267	0.00941	0.00846	0.01362	0.01264	0.01784	0.02297	0.03871	0.02325	0.27151	0.47609	0.01137	0.01727	0.00969	0.00453	0.00649
32	0.02018	0.01743	0.01835	0.01651	0.02110	0.02018	0.01284	0.04312	0.64956	0.03394	0.03303	0.03027	0.02477	0.01101	0.00826	0.00275	0.00642	0.00917	0.00826	0.01284
