[name]
unknown

[dist]
# distance from previous block
# <min> <max>
0	24

[block]
# block no. 0 follows, 25 sequences, length 45
# corresponding to MSA columns:
# 24-68
name=unknown_A
#
# <colnr> <probs for GDERKNQSTAVLIFYWHMCP>
#	G	D	E	R	K	N	Q	S	T	A	V	L	I	F	Y	W	H	M	C	P
0	0.01377	0.00917	0.01281	0.01425	0.01628	0.00907	0.01243	0.01731	0.01810	0.06109	0.04045	0.08396	0.04317	0.02074	0.01054	0.00350	0.00711	0.59148	0.00728	0.00749
1	0.03349	0.01610	0.01918	0.01488	0.02080	0.05293	0.01221	0.14906	0.02477	0.53106	0.02735	0.02427	0.01758	0.00945	0.00774	0.00236	0.00737	0.00749	0.00894	0.01295
2	0.01840	0.01761	0.03004	0.16304	0.56990	0.01821	0.02340	0.02310	0.01728	0.02437	0.01444	0.01945	0.01194	0.00706	0.00769	0.00235	0.00941	0.00691	0.00377	0.01164
3	0.00953	0.00697	0.00879	0.01020	0.01094	0.00642	0.00683	0.01088	0.01502	0.01964	0.04682	0.57988	0.14288	0.07170	0.01181	0.00337	0.00462	0.02046	0.00703	0.00623
4	0.01120	0.00748	0.00848	0.00856	0.00858	0.00746	0.00481	0.01125	0.01143	0.01524	0.02523	0.07998	0.02919	0.69690	0.03818	0.00733	0.00739	0.01174	0.00481	0.00477
5	0.01464	0.01378	0.02326	0.70887	0.05340	0.01723	0.02153	0.01981	0.01550	0.01981	0.01378	0.02067	0.01034	0.00775	0.00775	0.00258	0.01034	0.00689	0.00345	0.00861
6	0.03479	0.01320	0.01799	0.01380	0.01979	0.01140	0.01140	0.03779	0.02219	0.68451	0.03059	0.02639	0.01919	0.00960	0.00780	0.00240	0.00660	0.00780	0.00960	0.01320
7	0.02249	0.01047	0.01405	0.01171	0.01555	0.00929	0.00929	0.02583	0.02207	0.34714	0.36334	0.04267	0.04706	0.01283	0.00849	0.00242	0.00508	0.01101	0.00905	0.01016
8	0.00950	0.00787	0.00832	0.00820	0.01068	0.00669	0.00615	0.01177	0.01846	0.02282	0.18846	0.07154	0.56491	0.01894	0.00916	0.00259	0.00388	0.01593	0.00745	0.00669
9	0.01140	0.00820	0.01118	0.01277	0.01421	0.00799	0.01042	0.01426	0.01719	0.02252	0.07473	0.26679	0.07660	0.02188	0.01033	0.00335	0.00607	0.39600	0.00723	0.00688
10	0.78228	0.01499	0.01140	0.01020	0.01499	0.01739	0.00840	0.02279	0.01320	0.03479	0.01080	0.01260	0.00840	0.00720	0.00480	0.00240	0.00600	0.00420	0.00480	0.00840
11	0.01608	0.01378	0.01608	0.01148	0.01837	0.01034	0.00919	0.01952	0.01608	0.02527	0.01378	0.01608	0.01148	0.00574	0.00574	0.00115	0.00574	0.00459	0.00459	0.77491
12	0.01608	0.01378	0.01608	0.01148	0.01837	0.01034	0.00919	0.01952	0.01608	0.02527	0.01378	0.01608	0.01148	0.00574	0.00574	0.00115	0.00574	0.00459	0.00459	0.77491
13	0.78228	0.01499	0.01140	0.01020	0.01499	0.01739	0.00840	0.02279	0.01320	0.03479	0.01080	0.01260	0.00840	0.00720	0.00480	0.00240	0.00600	0.00420	0.00480	0.00840
14	0.02947	0.02172	0.02327	0.01784	0.02404	0.02404	0.01474	0.65329	0.03646	0.04887	0.01862	0.01862	0.01319	0.00931	0.00776	0.00233	0.00853	0.00698	0.00776	0.01319
15	0.78228	0.01499	0.01140	0.01020	0.01499	0.01739	0.00840	0.02279	0.01320	0.03479	0.01080	0.01260	0.00840	0.00720	0.00480	0.00240	0.00600	0.00420	0.00480	0.00840
16	0.01919	0.01842	0.03147	0.04759	0.67914	0.01842	0.02380	0.02380	0.01765	0.02533	0.01458	0.01919	0.01228	0.00691	0.00768	0.00230	0.00921	0.00691	0.00384	0.01228
17	0.78228	0.01499	0.01140	0.01020	0.01499	0.01739	0.00840	0.02279	0.01320	0.03479	0.01080	0.01260	0.00840	0.00720	0.00480	0.00240	0.00600	0.00420	0.00480	0.00840
18	0.01929	0.01666	0.01753	0.01578	0.02016	0.01929	0.01227	0.04120	0.66513	0.03243	0.03156	0.02893	0.02367	0.01052	0.00789	0.00263	0.00614	0.00877	0.00789	0.01227
19	0.00916	0.00785	0.00785	0.00785	0.01047	0.00655	0.00589	0.01113	0.01767	0.02095	0.07855	0.07462	0.67599	0.01964	0.00916	0.00262	0.00393	0.01636	0.00720	0.00655
20	0.02769	0.02000	0.02136	0.01658	0.02226	0.02205	0.01363	0.57777	0.03405	0.04649	0.01941	0.01984	0.01398	0.00928	0.00748	0.00227	0.00795	0.00701	0.09844	0.01248
21	0.01944	0.02605	0.27732	0.03448	0.36736	0.01754	0.02434	0.02553	0.01764	0.09343	0.01599	0.01887	0.01207	0.00736	0.00757	0.00237	0.00979	0.00656	0.00422	0.01207
22	0.01464	0.01378	0.02326	0.70887	0.05340	0.01723	0.02153	0.01981	0.01550	0.01981	0.01378	0.02067	0.01034	0.00775	0.00775	0.00258	0.01034	0.00689	0.00345	0.00861
23	0.00924	0.00786	0.00796	0.00794	0.01052	0.00658	0.00595	0.01128	0.01786	0.02139	0.10455	0.07389	0.64971	0.01947	0.00916	0.00261	0.00392	0.01626	0.00726	0.00658
24	0.03479	0.01320	0.01799	0.01380	0.01979	0.01140	0.01140	0.03779	0.02219	0.68451	0.03059	0.02639	0.01919	0.00960	0.00780	0.00240	0.00660	0.00780	0.00960	0.01320
25	0.01810	0.01936	0.03792	0.10899	0.03745	0.02032	0.42793	0.05046	0.01753	0.02411	0.01454	0.02003	0.01136	0.00815	0.01205	0.00275	0.14673	0.00834	0.00393	0.00998
26	0.08190	0.02187	0.02203	0.07289	0.02557	0.08901	0.01474	0.46803	0.06021	0.04183	0.01760	0.01836	0.01277	0.00896	0.00747	0.00233	0.00892	0.00666	0.00683	0.01202
27	0.01128	0.00752	0.00846	0.00846	0.00846	0.00752	0.00470	0.01128	0.01128	0.01503	0.02443	0.05074	0.02819	0.72751	0.03946	0.00752	0.00752	0.01128	0.00470	0.00470
28	0.72369	0.04244	0.01278	0.01046	0.01537	0.01767	0.00870	0.02340	0.01365	0.05968	0.01157	0.01313	0.00888	0.00727	0.00492	0.00237	0.00611	0.00434	0.00493	0.00865
29	0.00945	0.00675	0.00900	0.01080	0.01125	0.00630	0.00720	0.01080	0.01484	0.01979	0.04274	0.72245	0.05128	0.02429	0.00990	0.00315	0.00450	0.02204	0.00720	0.00630
30	0.01799	0.02063	0.06703	0.03110	0.08233	0.01892	0.50558	0.02552	0.06998	0.02528	0.01786	0.04836	0.01421	0.00760	0.00890	0.00261	0.01185	0.00932	0.00433	0.01061
31	0.01343	0.01177	0.01713	0.04397	0.01790	0.01526	0.01290	0.01589	0.01237	0.01832	0.01652	0.02501	0.01557	0.03940	0.41733	0.00866	0.27947	0.00768	0.00384	0.00758
32	0.00953	0.00682	0.00908	0.01074	0.01127	0.00636	0.00720	0.01102	0.01526	0.02045	0.07927	0.68405	0.05255	0.02380	0.00985	0.00311	0.00445	0.02158	0.00727	0.00636
33	0.02878	0.02104	0.02252	0.01735	0.02335	0.02326	0.01430	0.62377	0.03552	0.04794	0.01893	0.01909	0.01350	0.00929	0.00765	0.00230	0.00830	0.00699	0.04320	0.01291
34	0.06538	0.01994	0.02109	0.01641	0.02210	0.02204	0.01350	0.55888	0.03329	0.04618	0.01889	0.01934	0.01361	0.00918	0.00738	0.00228	0.00792	0.00687	0.08337	0.01236
35	0.73692	0.01489	0.01180	0.01041	0.01529	0.01703	0.00858	0.02370	0.01374	0.07421	0.01200	0.01343	0.00905	0.00734	0.00498	0.00240	0.00603	0.00442	0.00509	0.00869
36	0.01866	0.35511	0.03171	0.04311	0.02139	0.02678	0.01539	0.02086	0.01385	0.01851	0.01060	0.01496	0.01008	0.01007	0.01509	0.00254	0.35321	0.00554	0.00336	0.00918
37	0.01158	0.00817	0.00989	0.00969	0.00988	0.00875	0.00609	0.01205	0.01147	0.01565	0.02311	0.04602	0.02595	0.59487	0.12839	0.00795	0.05011	0.01061	0.00455	0.00522
38	0.00967	0.00703	0.00913	0.01039	0.01124	0.00648	0.00711	0.01145	0.01623	0.02173	0.14860	0.56303	0.10415	0.02255	0.00972	0.00299	0.00432	0.02029	0.00742	0.00648
39	0.01486	0.01421	0.02462	0.66784	0.05262	0.01737	0.05973	0.02012	0.01567	0.02012	0.01390	0.02069	0.01042	0.00768	0.00784	0.00259	0.01050	0.00703	0.00347	0.00873
40	0.01592	0.06701	0.62409	0.02235	0.03341	0.01861	0.06399	0.02452	0.01646	0.02432	0.01389	0.01647	0.00994	0.00729	0.00737	0.00243	0.01142	0.00586	0.00331	0.01134
41	0.21010	0.02558	0.01892	0.01627	0.02100	0.30051	0.01277	0.20346	0.02368	0.03136	0.01761	0.01863	0.05092	0.00888	0.00681	0.00223	0.00990	0.00605	0.00545	0.00988
42	0.00977	0.00808	0.00861	0.00867	0.01104	0.00709	0.00642	0.01261	0.04292	0.02229	0.13321	0.14077	0.52258	0.01940	0.00919	0.00266	0.00405	0.01644	0.00736	0.00682
43	0.02969	0.04720	0.01990	0.01579	0.05270	0.01448	0.01228	0.11024	0.06600	0.43662	0.05142	0.02524	0.01963	0.00937	0.00760	0.00230	0.00685	0.00761	0.00836	0.05673
44	0.07060	0.01371	0.01776	0.01376	0.01955	0.01248	0.01134	0.08186	0.02280	0.57968	0.05372	0.02635	0.02030	0.00970	0.00770	0.00240	0.00660	0.00780	0.00918	0.01273

[dist]
# distance from previous block
# <min> <max>
0	1

[block]
# block no. 1 follows, 25 sequences, length 170
# corresponding to MSA columns:
# 70-239
name=unknown_B
#
# <colnr> <probs for GDERKNQSTAVLIFYWHMCP>
#	G	D	E	R	K	N	Q	S	T	A	V	L	I	F	Y	W	H	M	C	P
0	0.02466	0.09384	0.06108	0.05994	0.17119	0.35470	0.01781	0.08377	0.02113	0.02335	0.01324	0.01588	0.01079	0.00770	0.00709	0.00212	0.01160	0.00565	0.00417	0.01030
1	0.01913	0.01652	0.01746	0.01557	0.02008	0.01886	0.01213	0.04017	0.63427	0.03209	0.03071	0.02832	0.02309	0.01029	0.00779	0.00256	0.00612	0.00857	0.00773	0.04854
2	0.01610	0.11363	0.61863	0.02116	0.03211	0.01935	0.02701	0.02441	0.01630	0.02388	0.01358	0.01595	0.00984	0.00729	0.00711	0.00237	0.01112	0.00556	0.00328	0.01130
3	0.03479	0.01320	0.01799	0.01380	0.01979	0.01140	0.01140	0.03779	0.02219	0.68451	0.03059	0.02639	0.01919	0.00960	0.00780	0.00240	0.00660	0.00780	0.00960	0.01320
4	0.78228	0.01499	0.01140	0.01020	0.01499	0.01739	0.00840	0.02279	0.01320	0.03479	0.01080	0.01260	0.00840	0.00720	0.00480	0.00240	0.00600	0.00420	0.00480	0.00840
5	0.01152	0.00932	0.01124	0.01195	0.04528	0.03355	0.00820	0.01449	0.01981	0.02680	0.41407	0.17912	0.15106	0.01721	0.00913	0.00257	0.00452	0.01514	0.00769	0.00733
6	0.01050	0.00844	0.01339	0.01341	0.01474	0.00789	0.08413	0.01247	0.01526	0.02040	0.03950	0.63862	0.04656	0.02217	0.00981	0.00309	0.00552	0.02050	0.00681	0.00679
7	0.02271	0.01055	0.01420	0.01193	0.01580	0.00939	0.00954	0.02604	0.02189	0.35101	0.33123	0.04377	0.04545	0.01303	0.00855	0.00247	0.00525	0.03799	0.00899	0.01019
8	0.01852	0.01774	0.03027	0.14436	0.58757	0.01825	0.02346	0.02321	0.01734	0.02452	0.01447	0.01941	0.01200	0.00703	0.00769	0.00234	0.00938	0.00691	0.00378	0.01174
9	0.02216	0.01818	0.01985	0.01794	0.05400	0.02059	0.01354	0.21359	0.45501	0.03673	0.02705	0.02553	0.02014	0.01000	0.00784	0.00253	0.00697	0.00817	0.00765	0.01253
10	0.01108	0.00831	0.01246	0.01246	0.01385	0.00969	0.00969	0.01385	0.01246	0.01800	0.02077	0.03046	0.01938	0.05815	0.69678	0.01246	0.02077	0.00831	0.00415	0.00692
11	0.00991	0.00788	0.00889	0.00864	0.01093	0.00686	0.00648	0.01257	0.01944	0.02514	0.32490	0.06772	0.42702	0.01807	0.00916	0.00254	0.00382	0.01540	0.00775	0.00686
12	0.01788	0.19189	0.39176	0.02337	0.08940	0.04968	0.08468	0.02448	0.01677	0.02300	0.01336	0.01608	0.01027	0.00711	0.00701	0.00226	0.01081	0.00578	0.00343	0.01099
13	0.01683	0.01601	0.02720	0.39141	0.35380	0.01780	0.02262	0.02172	0.01654	0.02246	0.01417	0.01996	0.01127	0.00735	0.00772	0.00245	0.00980	0.00690	0.00363	0.01037
14	0.49831	0.05567	0.01664	0.04950	0.01972	0.08260	0.01108	0.13511	0.01839	0.03415	0.01245	0.01421	0.00958	0.00764	0.00569	0.00232	0.00754	0.00490	0.00510	0.00939
15	0.01177	0.00802	0.01086	0.01234	0.01370	0.00768	0.00968	0.01421	0.01660	0.04681	0.04314	0.38123	0.07547	0.02223	0.01015	0.00329	0.00574	0.29286	0.00726	0.00695
16	0.01078	0.00784	0.01012	0.01129	0.01236	0.00739	0.00786	0.03977	0.01599	0.02148	0.04022	0.62991	0.04742	0.02262	0.00964	0.00304	0.00485	0.04715	0.00710	0.04319
17	0.01089	0.00792	0.01024	0.00966	0.01153	0.00728	0.00725	0.01447	0.02174	0.03061	0.64668	0.05871	0.10183	0.01603	0.00915	0.00245	0.00367	0.01413	0.00847	0.00728
18	0.01608	0.01378	0.01608	0.01148	0.01837	0.01034	0.00919	0.01952	0.01608	0.02527	0.01378	0.01608	0.01148	0.00574	0.00574	0.00115	0.00574	0.00459	0.00459	0.77491
19	0.02073	0.73217	0.04063	0.01327	0.01990	0.03068	0.01327	0.02322	0.01575	0.01824	0.01078	0.01244	0.00995	0.00663	0.00498	0.00166	0.00829	0.00415	0.00332	0.00995
20	0.01740	0.04985	0.02500	0.01992	0.02160	0.05500	0.08199	0.01981	0.01373	0.02012	0.01312	0.04635	0.01255	0.01216	0.01951	0.00299	0.48216	0.00739	0.04379	0.03554
21	0.01082	0.00787	0.01019	0.00972	0.01152	0.00723	0.00725	0.01429	0.02142	0.03009	0.61786	0.09028	0.09953	0.01642	0.00918	0.00248	0.00371	0.01451	0.00841	0.00723
22	0.01202	0.00870	0.01183	0.01315	0.01501	0.00851	0.01126	0.01546	0.01838	0.02406	0.12786	0.08249	0.10106	0.02054	0.01037	0.00334	0.00641	0.49511	0.00733	0.00711
23	0.01893	0.01635	0.01719	0.01550	0.01982	0.01884	0.01205	0.04014	0.64239	0.03203	0.03321	0.03053	0.04658	0.01084	0.00793	0.00263	0.00606	0.00903	0.00787	0.01207
24	0.04886	0.01352	0.02136	0.58054	0.04631	0.01660	0.01927	0.04360	0.01609	0.02196	0.01478	0.02115	0.01131	0.01036	0.04174	0.00302	0.01024	0.00686	0.04382	0.00862
25	0.00956	0.00683	0.00913	0.01093	0.01143	0.00640	0.00740	0.01100	0.01496	0.01992	0.04267	0.69834	0.05103	0.02418	0.00993	0.00316	0.00460	0.04501	0.00720	0.00633
26	0.01128	0.00807	0.01105	0.01253	0.01387	0.00784	0.01005	0.01411	0.01737	0.02308	0.12333	0.29647	0.05053	0.02166	0.01024	0.00328	0.00581	0.34521	0.00734	0.00688
27	0.00955	0.00682	0.00912	0.01092	0.01141	0.00639	0.00738	0.01098	0.01495	0.01991	0.04268	0.70043	0.05105	0.02419	0.00992	0.00316	0.00459	0.04302	0.00720	0.00633
28	0.01612	0.01392	0.01641	0.01187	0.01846	0.01092	0.00953	0.01949	0.01589	0.02498	0.01362	0.01612	0.01143	0.00608	0.00660	0.00125	0.03659	0.00469	0.00454	0.74149
29	0.01595	0.01511	0.02561	0.51948	0.23262	0.01757	0.02218	0.02095	0.01612	0.02139	0.01401	0.02025	0.01089	0.00751	0.00773	0.00250	0.01001	0.00690	0.00356	0.00966
30	0.00945	0.00675	0.00900	0.01080	0.01125	0.00630	0.00720	0.01080	0.01484	0.01979	0.04274	0.72245	0.05128	0.02429	0.00990	0.00315	0.00450	0.02204	0.00720	0.00630
31	0.01551	0.03796	0.63092	0.02213	0.03305	0.01767	0.05742	0.02419	0.01668	0.02482	0.03930	0.01818	0.01234	0.00765	0.00752	0.00246	0.01124	0.00621	0.00351	0.01125
32	0.01817	0.02561	0.22381	0.02817	0.05813	0.01895	0.37270	0.02579	0.04977	0.04978	0.01629	0.02002	0.01204	0.00737	0.00910	0.00258	0.03872	0.00794	0.00413	0.01092
33	0.01057	0.00762	0.01024	0.01195	0.01300	0.00729	0.00911	0.01278	0.01611	0.02112	0.04390	0.45314	0.08010	0.02299	0.01016	0.00328	0.00545	0.24739	0.00718	0.00662
34	0.02255	0.01802	0.01954	0.09532	0.02463	0.04873	0.01371	0.24158	0.26566	0.06766	0.02813	0.02749	0.07147	0.01039	0.00789	0.00248	0.00761	0.00836	0.00719	0.01159
35	0.22313	0.05236	0.02107	0.19647	0.11513	0.10708	0.01549	0.07906	0.01820	0.05741	0.01430	0.01743	0.01099	0.00774	0.00665	0.00232	0.00886	0.00586	0.03072	0.00972
36	0.01663	0.01635	0.02504	0.02192	0.05441	0.02112	0.09013	0.01921	0.01315	0.02010	0.01258	0.01917	0.01165	0.01592	0.07746	0.00393	0.50830	0.00721	0.03699	0.00872
37	0.02947	0.02172	0.02327	0.01784	0.02404	0.02404	0.01474	0.65329	0.03646	0.04887	0.01862	0.01862	0.01319	0.00931	0.00776	0.00233	0.00853	0.00698	0.00776	0.01319
38	0.01347	0.00673	0.01010	0.01010	0.01010	0.00673	0.00673	0.01010	0.01010	0.01347	0.01347	0.02357	0.01347	0.02694	0.03030	0.77441	0.00673	0.00673	0.00337	0.00337
39	0.00959	0.00691	0.00909	0.01058	0.01125	0.00641	0.00716	0.01120	0.01568	0.02099	0.10857	0.63026	0.07706	0.02326	0.00979	0.00306	0.00439	0.02101	0.00733	0.00641
40	0.00968	0.00692	0.00927	0.01107	0.01162	0.00650	0.00761	0.01121	0.01508	0.02006	0.04260	0.67288	0.05076	0.02407	0.00996	0.00318	0.00470	0.06926	0.00719	0.00636
41	0.02046	0.69565	0.07476	0.01373	0.02062	0.03001	0.01408	0.02329	0.01579	0.01858	0.01094	0.01265	0.00994	0.00667	0.00510	0.00170	0.00846	0.00423	0.00331	0.01003
42	0.78228	0.01499	0.01140	0.01020	0.01499	0.01739	0.00840	0.02279	0.01320	0.03479	0.01080	0.01260	0.00840	0.00720	0.00480	0.00240	0.00600	0.00420	0.00480	0.00840
43	0.01128	0.00752	0.00846	0.00846	0.00846	0.00752	0.00470	0.01128	0.01128	0.01503	0.02443	0.05074	0.02819	0.72751	0.03946	0.00752	0.00752	0.01128	0.00470	0.00470
44	0.01608	0.01378	0.01608	0.01148	0.01837	0.01034	0.00919	0.01952	0.01608	0.02527	0.01378	0.01608	0.01148	0.00574	0.00574	0.00115	0.00574	0.00459	0.00459	0.77491
45	0.01480	0.01409	0.02424	0.67939	0.05284	0.01733	0.04898	0.02003	0.01563	0.02003	0.01386	0.02068	0.01040	0.00770	0.00781	0.00259	0.01046	0.00699	0.00347	0.00869
46	0.01929	0.01666	0.01753	0.01578	0.02016	0.01929	0.01227	0.04120	0.66513	0.03243	0.03156	0.02893	0.02367	0.01052	0.00789	0.00263	0.00614	0.00877	0.00789	0.01227
47	0.00951	0.00686	0.00900	0.01059	0.01122	0.00636	0.00713	0.01100	0.01535	0.02042	0.07604	0.65524	0.08534	0.02363	0.00982	0.00309	0.00443	0.02134	0.00726	0.00636
48	0.09096	0.01383	0.01713	0.01354	0.01903	0.01304	0.01105	0.07947	0.07091	0.45865	0.07920	0.02703	0.02225	0.00981	0.00759	0.00237	0.00639	0.00790	0.00867	0.04118
49	0.01830	0.02092	0.04575	0.03268	0.04052	0.01961	0.65098	0.02484	0.01830	0.02484	0.01569	0.02092	0.01176	0.00654	0.00915	0.00261	0.01307	0.00915	0.00392	0.01046
50	0.03479	0.01320	0.01799	0.01380	0.01979	0.01140	0.01140	0.03779	0.02219	0.68451	0.03059	0.02639	0.01919	0.00960	0.00780	0.00240	0.00660	0.00780	0.00960	0.01320
51	0.01737	0.02385	0.18283	0.07543	0.03422	0.04713	0.30007	0.02595	0.10809	0.02485	0.01914	0.07089	0.01563	0.00871	0.00843	0.00259	0.01096	0.00889	0.00453	0.01044
52	0.03181	0.01312	0.01744	0.01363	0.01918	0.01173	0.01116	0.05707	0.04545	0.57780	0.09091	0.02918	0.02423	0.01021	0.00793	0.00241	0.00637	0.00839	0.00937	0.01261
53	0.00945	0.00675	0.00900	0.01080	0.01125	0.00630	0.00720	0.01080	0.01484	0.01979	0.04274	0.72245	0.05128	0.02429	0.00990	0.00315	0.00450	0.02204	0.00720	0.00630
54	0.02896	0.03695	0.02197	0.01998	0.02397	0.69638	0.01498	0.03096	0.02197	0.01898	0.01199	0.01398	0.00999	0.00799	0.00699	0.00200	0.01398	0.00499	0.00400	0.00899
55	0.02813	0.08863	0.02405	0.04940	0.02477	0.26148	0.01483	0.31658	0.02781	0.06783	0.01599	0.01694	0.01196	0.00855	0.00724	0.00217	0.01042	0.00607	0.00594	0.01121
56	0.01616	0.01081	0.01338	0.04926	0.01701	0.01108	0.00986	0.06889	0.12689	0.11001	0.03770	0.39313	0.06847	0.01783	0.00898	0.00285	0.00563	0.01574	0.00747	0.00885
57	0.01300	0.00767	0.00938	0.00935	0.01100	0.00818	0.00715	0.01629	0.01506	0.02481	0.05309	0.03082	0.02211	0.02823	0.27147	0.00593	0.01021	0.00795	0.44117	0.00711
58	0.01922	0.20854	0.11384	0.02568	0.03352	0.02255	0.38293	0.05725	0.01837	0.02434	0.01436	0.01808	0.01115	0.00680	0.00779	0.00233	0.01141	0.00736	0.00389	0.01058
59	0.00965	0.00689	0.00923	0.01103	0.01157	0.00647	0.00755	0.01115	0.01505	0.02002	0.04262	0.67989	0.05084	0.02410	0.00995	0.00318	0.00468	0.06259	0.00719	0.00635
60	0.02073	0.73217	0.04063	0.01327	0.01990	0.03068	0.01327	0.02322	0.01575	0.01824	0.01078	0.01244	0.00995	0.00663	0.00498	0.00166	0.00829	0.00415	0.00332	0.00995
61	0.01008	0.00723	0.00961	0.01066	0.01161	0.00675	0.00751	0.01227	0.01721	0.02349	0.23928	0.48228	0.05773	0.02152	0.00971	0.00295	0.00438	0.05148	0.00761	0.00666
62	0.01295	0.00836	0.01100	0.01009	0.01226	0.00765	0.00765	0.01655	0.02197	0.08528	0.62161	0.05530	0.06868	0.01533	0.00903	0.00244	0.00390	0.01351	0.00862	0.00780
63	0.00916	0.00785	0.00785	0.00785	0.01047	0.00655	0.00589	0.01113	0.01767	0.02095	0.07855	0.07462	0.67599	0.01964	0.00916	0.00262	0.00393	0.01636	0.00720	0.00655
64	0.02851	0.02235	0.02246	0.01756	0.02342	0.07900	0.01436	0.57249	0.03440	0.04512	0.02079	0.02078	0.04305	0.00967	0.00776	0.00231	0.00877	0.00724	0.00742	0.01254
65	0.00945	0.00675	0.00900	0.01080	0.01125	0.00630	0.00720	0.01080	0.01484	0.01979	0.04274	0.72245	0.05128	0.02429	0.00990	0.00315	0.00450	0.02204	0.00720	0.00630
66	0.02896	0.03695	0.02197	0.01998	0.02397	0.69638	0.01498	0.03096	0.02197	0.01898	0.01199	0.01398	0.00999	0.00799	0.00699	0.00200	0.01398	0.00499	0.00400	0.00899
67	0.00950	0.00787	0.00832	0.00820	0.01068	0.00669	0.00615	0.01177	0.01846	0.02281	0.18805	0.07155	0.56533	0.01894	0.00916	0.00259	0.00388	0.01593	0.00745	0.00669
68	0.01608	0.01378	0.01608	0.01148	0.01837	0.01034	0.00919	0.01952	0.01608	0.02527	0.01378	0.01608	0.01148	0.00574	0.00574	0.00115	0.00574	0.00459	0.00459	0.77491
69	0.01072	0.00774	0.01068	0.01112	0.01195	0.00835	0.00791	0.01250	0.01277	0.01775	0.02701	0.20492	0.02927	0.20636	0.37462	0.00902	0.01368	0.01237	0.00503	0.00625
70	0.01711	0.03793	0.63318	0.02143	0.03244	0.01747	0.02725	0.02563	0.01684	0.07795	0.01526	0.01718	0.01058	0.00755	0.00740	0.00245	0.01107	0.00590	0.00379	0.01160
71	0.01967	0.01685	0.01775	0.01586	0.02031	0.01947	0.01237	0.06444	0.64127	0.03306	0.03107	0.02854	0.02327	0.01047	0.00788	0.00262	0.00623	0.00870	0.00788	0.01231
72	0.00945	0.00675	0.00900	0.01080	0.01125	0.00630	0.00720	0.01080	0.01484	0.01979	0.04274	0.72245	0.05128	0.02429	0.00990	0.00315	0.00450	0.02204	0.00720	0.00630
73	0.01835	0.01722	0.02836	0.22137	0.45915	0.01834	0.02235	0.04584	0.04718	0.02502	0.01528	0.02001	0.01231	0.00738	0.00771	0.00239	0.00935	0.00699	0.00406	0.01134
74	0.01636	0.14762	0.58687	0.02073	0.03144	0.01998	0.02626	0.02435	0.01627	0.02357	0.01343	0.01576	0.00984	0.00725	0.00699	0.00233	0.01097	0.00548	0.00328	0.01122
75	0.01464	0.01378	0.02326	0.70887	0.05340	0.01723	0.02153	0.01981	0.01550	0.01981	0.01378	0.02067	0.01034	0.00775	0.00775	0.00258	0.01034	0.00689	0.00345	0.00861
76	0.00945	0.00675	0.00900	0.01080	0.01125	0.00630	0.00720	0.01080	0.01484	0.01979	0.04274	0.72245	0.05128	0.02429	0.00990	0.00315	0.00450	0.02204	0.00720	0.00630
77	0.02616	0.01994	0.02327	0.17235	0.03061	0.02252	0.01626	0.51164	0.03177	0.04237	0.01753	0.01908	0.01255	0.00896	0.00776	0.00238	0.00894	0.00696	0.00679	0.01216
78	0.01962	0.42564	0.06175	0.01638	0.02084	0.05943	0.01527	0.02209	0.01475	0.01869	0.01077	0.01422	0.01002	0.00909	0.01215	0.00230	0.24899	0.00515	0.00337	0.00947
79	0.01488	0.01403	0.02369	0.67397	0.08643	0.01729	0.02165	0.02002	0.01562	0.02010	0.01382	0.02059	0.01044	0.00771	0.00775	0.00257	0.01028	0.00689	0.00347	0.00881
80	0.01347	0.00673	0.01010	0.01010	0.01010	0.00673	0.00673	0.01010	0.01010	0.01347	0.01347	0.02357	0.01347	0.02694	0.03030	0.77441	0.00673	0.00673	0.00337	0.00337
81	0.00952	0.00787	0.00834	0.00822	0.01069	0.00670	0.00617	0.01181	0.01851	0.02292	0.19472	0.07137	0.55858	0.01890	0.00916	0.00258	0.00387	0.01591	0.00746	0.00670
82	0.01696	0.01696	0.02375	0.02036	0.02036	0.02375	0.01696	0.01866	0.01187	0.01866	0.01018	0.01696	0.01018	0.01357	0.02545	0.00339	0.71332	0.00679	0.00339	0.00848
83	0.01698	0.01400	0.01717	0.01231	0.01919	0.01070	0.03116	0.02051	0.01642	0.05424	0.01459	0.01670	0.01183	0.00594	0.00595	0.00125	0.00603	0.00489	0.00479	0.71536
84	0.08568	0.01373	0.01737	0.01328	0.01935	0.01209	0.01092	0.05517	0.02099	0.50161	0.02584	0.02334	0.01687	0.00875	0.00722	0.00218	0.00647	0.00696	0.00832	0.14385
85	0.02947	0.02172	0.02327	0.01784	0.02404	0.02404	0.01474	0.65329	0.03646	0.04887	0.01862	0.01862	0.01319	0.00931	0.00776	0.00233	0.00853	0.00698	0.00776	0.01319
86	0.75334	0.01495	0.01184	0.03653	0.01644	0.01739	0.00889	0.02268	0.01328	0.03422	0.01091	0.01290	0.00847	0.00722	0.00491	0.00241	0.00616	0.00430	0.00475	0.00841
87	0.01464	0.01378	0.02326	0.70887	0.05340	0.01723	0.02153	0.01981	0.01550	0.01981	0.01378	0.02067	0.01034	0.00775	0.00775	0.00258	0.01034	0.00689	0.00345	0.00861
88	0.01097	0.00793	0.01036	0.00975	0.01158	0.00732	0.00732	0.01463	0.02195	0.03109	0.67505	0.05792	0.07316	0.01585	0.00914	0.00244	0.00366	0.01402	0.00854	0.00732
89	0.01108	0.00831	0.01246	0.01246	0.01385	0.00969	0.00969	0.01385	0.01246	0.01800	0.02077	0.03046	0.01938	0.05815	0.69678	0.01246	0.02077	0.00831	0.00415	0.00692
90	0.02896	0.03695	0.02197	0.01998	0.02397	0.69638	0.01498	0.03096	0.02197	0.01898	0.01199	0.01398	0.00999	0.00799	0.00699	0.00200	0.01398	0.00499	0.00400	0.00899
91	0.01234	0.00882	0.01232	0.01410	0.01582	0.00879	0.01223	0.01580	0.01770	0.02303	0.04114	0.11928	0.04496	0.02156	0.01067	0.00355	0.00701	0.59664	0.00714	0.00710
92	0.38105	0.01643	0.08140	0.03851	0.01817	0.01564	0.01112	0.10102	0.01770	0.03313	0.05132	0.02212	0.04948	0.00888	0.00609	0.00232	0.00645	0.00641	0.12374	0.00899
93	0.01128	0.00752	0.00846	0.00846	0.00846	0.00752	0.00470	0.01128	0.01128	0.01503	0.02443	0.05074	0.02819	0.72751	0.03946	0.00752	0.00752	0.01128	0.00470	0.00470
94	0.02834	0.03594	0.02203	0.05001	0.02525	0.66677	0.01527	0.03048	0.02169	0.01901	0.01206	0.01427	0.01000	0.00798	0.00702	0.00202	0.01382	0.00508	0.00397	0.00897
95	0.01608	0.01378	0.01608	0.01148	0.01837	0.01034	0.00919	0.01952	0.01608	0.02527	0.01378	0.01608	0.01148	0.00574	0.00574	0.00115	0.00574	0.00459	0.00459	0.77491
96	0.01608	0.01378	0.01608	0.01148	0.01837	0.01034	0.00919	0.01952	0.01608	0.02527	0.01378	0.01608	0.01148	0.00574	0.00574	0.00115	0.00574	0.00459	0.00459	0.77491
97	0.01580	0.01583	0.02914	0.49234	0.07304	0.01809	0.17693	0.02116	0.01615	0.02122	0.01416	0.02054	0.01076	0.00762	0.00872	0.00261	0.03566	0.00745	0.00358	0.00920
98	0.01082	0.00792	0.01015	0.00959	0.01149	0.00725	0.00719	0.01433	0.02158	0.03023	0.62427	0.05934	0.12448	0.01617	0.00915	0.00245	0.00368	0.01422	0.00842	0.00725
99	0.01836	0.01988	0.03971	0.03294	0.14075	0.01982	0.45111	0.02490	0.05168	0.02469	0.01578	0.02066	0.01231	0.00752	0.01051	0.00264	0.08349	0.00853	0.00406	0.01065
100	0.78228	0.01499	0.01140	0.01020	0.01499	0.01739	0.00840	0.02279	0.01320	0.03479	0.01080	0.01260	0.00840	0.00720	0.00480	0.00240	0.00600	0.00420	0.00480	0.00840
101	0.01594	0.01444	0.02350	0.08635	0.40013	0.01451	0.01814	0.02009	0.01828	0.02559	0.15829	0.06293	0.05527	0.01086	0.00830	0.00247	0.00761	0.04185	0.00524	0.01020
102	0.02073	0.73217	0.04063	0.01327	0.01990	0.03068	0.01327	0.02322	0.01575	0.01824	0.01078	0.01244	0.00995	0.00663	0.00498	0.00166	0.00829	0.00415	0.00332	0.00995
103	0.02073	0.73217	0.04063	0.01327	0.01990	0.03068	0.01327	0.02322	0.01575	0.01824	0.01078	0.01244	0.00995	0.00663	0.00498	0.00166	0.00829	0.00415	0.00332	0.00995
104	0.00967	0.00787	0.00856	0.00839	0.01078	0.00676	0.00629	0.01211	0.01887	0.02379	0.24568	0.06994	0.50709	0.01858	0.00916	0.00257	0.00385	0.01571	0.00757	0.00676
105	0.02151	0.01776	0.01878	0.01623	0.02101	0.02032	0.01281	0.17482	0.52789	0.03602	0.02873	0.02668	0.02138	0.01025	0.00786	0.00256	0.00666	0.00838	0.00786	0.01247
106	0.74213	0.01493	0.01202	0.04673	0.01700	0.01739	0.00908	0.02264	0.01332	0.03400	0.01095	0.01302	0.00850	0.00723	0.00495	0.00241	0.00622	0.00434	0.00473	0.00841
107	0.01555	0.04011	0.68733	0.02210	0.03356	0.01801	0.02865	0.02455	0.01637	0.02455	0.01391	0.01637	0.00982	0.00737	0.00737	0.00246	0.01146	0.00573	0.00327	0.01146
108	0.01737	0.01340	0.01591	0.01165	0.01816	0.01024	0.00928	0.02068	0.01655	0.08181	0.01661	0.05056	0.01404	0.00696	0.00612	0.00135	0.00576	0.00570	0.00515	0.67273
109	0.00945	0.00675	0.00900	0.01080	0.01125	0.00630	0.00720	0.01080	0.01484	0.01979	0.04274	0.72245	0.05128	0.02429	0.00990	0.00315	0.00450	0.02204	0.00720	0.00630
110	0.00953	0.00787	0.00836	0.00824	0.01070	0.00670	0.00618	0.01183	0.01853	0.02298	0.19798	0.07128	0.55529	0.01888	0.00916	0.00258	0.00387	0.01590	0.00747	0.00670
111	0.01825	0.02076	0.04491	0.03221	0.03975	0.01977	0.62669	0.02460	0.01805	0.02460	0.01548	0.02076	0.01170	0.00681	0.00977	0.00264	0.03990	0.00906	0.00390	0.01038
112	0.01766	0.01766	0.02785	0.08813	0.02753	0.02236	0.13763	0.05344	0.01474	0.02154	0.01201	0.01815	0.01065	0.01146	0.01973	0.00311	0.47626	0.00725	0.00373	0.00912
113	0.01915	0.52130	0.23768	0.01596	0.02406	0.02682	0.01795	0.02362	0.01594	0.02017	0.01173	0.01364	0.00991	0.00686	0.00570	0.00190	0.00926	0.00463	0.00330	0.01041
114	0.02046	0.69598	0.07445	0.01373	0.02061	0.03002	0.01407	0.02329	0.01579	0.01857	0.01094	0.01264	0.00994	0.00667	0.00510	0.00170	0.00846	0.00423	0.00331	0.01003
115	0.02073	0.73217	0.04063	0.01327	0.01990	0.03068	0.01327	0.02322	0.01575	0.01824	0.01078	0.01244	0.00995	0.00663	0.00498	0.00166	0.00829	0.00415	0.00332	0.00995
116	0.01877	0.01814	0.03140	0.10179	0.59983	0.01837	0.05054	0.02351	0.01750	0.02485	0.01457	0.01939	0.01210	0.00696	0.00775	0.00234	0.00947	0.00700	0.00381	0.01190
117	0.01702	0.01375	0.01617	0.01160	0.01845	0.01039	0.00930	0.02044	0.01638	0.05830	0.01462	0.01659	0.01187	0.00594	0.00585	0.00121	0.00579	0.00475	0.00484	0.73674
118	0.01578	0.07062	0.65882	0.02171	0.03296	0.01857	0.02797	0.02450	0.01634	0.02428	0.01378	0.01620	0.00983	0.00733	0.00726	0.00242	0.01132	0.00566	0.00328	0.01139
119	0.03360	0.01293	0.01761	0.01359	0.01939	0.01119	0.01119	0.03664	0.02218	0.65204	0.06261	0.02796	0.02187	0.00991	0.00786	0.00240	0.00645	0.00811	0.00954	0.01290
120	0.00943	0.00680	0.00895	0.01067	0.01121	0.00631	0.00714	0.01081	0.01497	0.01984	0.04427	0.69463	0.07810	0.02409	0.00987	0.00313	0.00447	0.02180	0.00720	0.00631
121	0.01166	0.00837	0.01136	0.01205	0.01380	0.00807	0.00989	0.01518	0.01960	0.02667	0.33185	0.10183	0.05800	0.01899	0.00996	0.00303	0.00543	0.31929	0.00778	0.00718
122	0.03285	0.01441	0.01855	0.01430	0.02016	0.01336	0.01178	0.14099	0.02460	0.54840	0.05666	0.02645	0.02053	0.00982	0.00785	0.00239	0.00680	0.00793	0.00924	0.01294
123	0.01464	0.01378	0.02326	0.70887	0.05340	0.01723	0.02153	0.01981	0.01550	0.01981	0.01378	0.02067	0.01034	0.00775	0.00775	0.00258	0.01034	0.00689	0.00345	0.00861
124	0.00945	0.00675	0.00900	0.01080	0.01125	0.00630	0.00720	0.01080	0.01484	0.01979	0.04274	0.72245	0.05128	0.02429	0.00990	0.00315	0.00450	0.02204	0.00720	0.00630
125	0.01464	0.01378	0.02326	0.70887	0.05340	0.01723	0.02153	0.01981	0.01550	0.01981	0.01378	0.02067	0.01034	0.00775	0.00775	0.00258	0.01034	0.00689	0.00345	0.00861
126	0.01683	0.01696	0.02533	0.02117	0.02197	0.02274	0.07637	0.01903	0.01251	0.01921	0.01116	0.01793	0.01073	0.01487	0.05343	0.00372	0.61691	0.00708	0.00348	0.00860
127	0.01108	0.00831	0.01246	0.01246	0.01385	0.00969	0.00969	0.01385	0.01246	0.01800	0.02077	0.03046	0.01938	0.05815	0.69678	0.01246	0.02077	0.00831	0.00415	0.00692
128	0.01919	0.01842	0.03147	0.04759	0.67914	0.01842	0.02380	0.02380	0.01765	0.02533	0.01458	0.01919	0.01228	0.00691	0.00768	0.00230	0.00921	0.00691	0.00384	0.01228
129	0.01991	0.62237	0.14324	0.01467	0.02207	0.02867	0.01571	0.02343	0.01585	0.01924	0.01128	0.01306	0.00993	0.00675	0.00535	0.00178	0.00879	0.00440	0.00331	0.01019
130	0.01062	0.00779	0.00996	0.00968	0.01143	0.00713	0.00716	0.01385	0.02073	0.02882	0.54469	0.13269	0.13223	0.01717	0.00923	0.00254	0.00378	0.01514	0.00825	0.00713
131	0.03479	0.01320	0.01799	0.01380	0.01979	0.01140	0.01140	0.03779	0.02219	0.68451	0.03059	0.02639	0.01919	0.00960	0.00780	0.00240	0.00660	0.00780	0.00960	0.01320
132	0.01919	0.01842	0.03147	0.04759	0.67914	0.01842	0.02380	0.02380	0.01765	0.02533	0.01458	0.01919	0.01228	0.00691	0.00768	0.00230	0.00921	0.00691	0.00384	0.01228
133	0.01608	0.01378	0.01608	0.01148	0.01837	0.01034	0.00919	0.01952	0.01608	0.02527	0.01378	0.01608	0.01148	0.00574	0.00574	0.00115	0.00574	0.00459	0.00459	0.77491
134	0.01091	0.00792	0.01028	0.00969	0.01154	0.00729	0.00727	0.01451	0.02180	0.03074	0.65410	0.05850	0.09433	0.01598	0.00915	0.00244	0.00367	0.01410	0.00849	0.00729
135	0.00957	0.00790	0.00845	0.00868	0.01107	0.00678	0.00662	0.01173	0.01775	0.02159	0.10294	0.10913	0.55660	0.01985	0.00934	0.00272	0.00423	0.07115	0.00726	0.00662
136	0.02105	0.70553	0.03992	0.01352	0.02006	0.05619	0.01333	0.02351	0.01599	0.01827	0.01083	0.01250	0.00995	0.00669	0.00505	0.00167	0.00851	0.00418	0.00334	0.00991
137	0.00965	0.00685	0.00900	0.01057	0.01103	0.00643	0.00699	0.01097	0.01479	0.01978	0.06277	0.64410	0.05011	0.08232	0.01232	0.00349	0.00472	0.02088	0.00704	0.00620
138	0.01108	0.00831	0.01246	0.01246	0.01385	0.00969	0.00969	0.01385	0.01246	0.01800	0.02077	0.03046	0.01938	0.05815	0.69678	0.01246	0.02077	0.00831	0.00415	0.00692
139	0.01836	0.01757	0.02997	0.16873	0.56452	0.01820	0.02338	0.02307	0.01726	0.02432	0.01444	0.01946	0.01193	0.00706	0.00769	0.00235	0.00942	0.00691	0.00377	0.01161
140	0.03100	0.01927	0.02176	0.01668	0.02283	0.02042	0.01378	0.47680	0.03237	0.23113	0.02205	0.02084	0.01491	0.00939	0.00777	0.00235	0.00798	0.00721	0.00828	0.01319
141	0.01876	0.01964	0.03843	0.04032	0.36791	0.01900	0.32945	0.02430	0.01797	0.02509	0.01512	0.02003	0.01203	0.00673	0.00839	0.00245	0.01109	0.00800	0.00388	0.01139
142	0.78228	0.01499	0.01140	0.01020	0.01499	0.01739	0.00840	0.02279	0.01320	0.03479	0.01080	0.01260	0.00840	0.00720	0.00480	0.00240	0.00600	0.00420	0.00480	0.00840
143	0.00942	0.00786	0.00821	0.00813	0.01063	0.00666	0.00610	0.01163	0.01829	0.02240	0.16415	0.07222	0.58948	0.01909	0.00916	0.00259	0.00389	0.01603	0.00739	0.00666
144	0.00945	0.00675	0.00900	0.01080	0.01125	0.00630	0.00720	0.01080	0.01484	0.01979	0.04274	0.72245	0.05128	0.02429	0.00990	0.00315	0.00450	0.02204	0.00720	0.00630
145	0.01621	0.01585	0.02230	0.01934	0.01952	0.02194	0.01603	0.01804	0.01195	0.01858	0.01154	0.01870	0.01136	0.01929	0.11164	0.00456	0.62440	0.00698	0.00349	0.00828
146	0.02617	0.01950	0.02160	0.01831	0.05075	0.02153	0.01430	0.42796	0.18514	0.07088	0.02293	0.02409	0.01713	0.00997	0.00790	0.00245	0.00785	0.03117	0.00768	0.01270
147	0.01126	0.00753	0.00854	0.00851	0.00859	0.00751	0.00481	0.01142	0.01174	0.01574	0.05304	0.05106	0.03017	0.69622	0.03813	0.00729	0.00735	0.01140	0.00487	0.00481
148	0.02947	0.02172	0.02327	0.01784	0.02404	0.02404	0.01474	0.65329	0.03646	0.04887	0.01862	0.01862	0.01319	0.00931	0.00776	0.00233	0.00853	0.00698	0.00776	0.01319
149	0.56396	0.22059	0.01978	0.01108	0.01640	0.02120	0.00979	0.02291	0.01393	0.03004	0.01079	0.01255	0.00884	0.00704	0.00485	0.00219	0.00666	0.00418	0.00437	0.00884
150	0.01929	0.01666	0.01753	0.01578	0.02016	0.01929	0.01227	0.04120	0.66513	0.03243	0.03156	0.02893	0.02367	0.01052	0.00789	0.00263	0.00614	0.00877	0.00789	0.01227
151	0.01716	0.25553	0.48603	0.01935	0.02931	0.02195	0.02386	0.02414	0.01618	0.02259	0.01294	0.01515	0.00986	0.00714	0.00662	0.00221	0.01047	0.00524	0.00329	0.01099
152	0.01929	0.01666	0.01753	0.01578	0.02016	0.01929	0.01227	0.04120	0.66513	0.03243	0.03156	0.02893	0.02367	0.01052	0.00789	0.00263	0.00614	0.00877	0.00789	0.01227
153	0.02152	0.66517	0.03883	0.01391	0.02029	0.09484	0.01343	0.02396	0.01635	0.01831	0.01090	0.01259	0.00995	0.00676	0.00517	0.00169	0.00884	0.00423	0.00338	0.00986
154	0.01614	0.01567	0.02698	0.44819	0.18492	0.01826	0.07470	0.02100	0.01589	0.02133	0.01380	0.02005	0.01086	0.00798	0.00941	0.00260	0.07205	0.00708	0.00357	0.00955
155	0.00916	0.00785	0.00785	0.00785	0.01047	0.00655	0.00589	0.01113	0.01767	0.02095	0.07855	0.07462	0.67599	0.01964	0.00916	0.00262	0.00393	0.01636	0.00720	0.00655
156	0.01347	0.00673	0.01010	0.01010	0.01010	0.00673	0.00673	0.01010	0.01010	0.01347	0.01347	0.02357	0.01347	0.02694	0.03030	0.77441	0.00673	0.00673	0.00337	0.00337
157	0.01608	0.01378	0.01608	0.01148	0.01837	0.01034	0.00919	0.01952	0.01608	0.02527	0.01378	0.01608	0.01148	0.00574	0.00574	0.00115	0.00574	0.00459	0.00459	0.77491
158	0.01366	0.01170	0.01429	0.01371	0.01546	0.06796	0.01071	0.04339	0.01427	0.01946	0.01942	0.02790	0.01787	0.04963	0.57590	0.01070	0.05438	0.00790	0.00426	0.00745
159	0.00941	0.00791	0.00820	0.00827	0.01081	0.00670	0.00629	0.01152	0.01785	0.02145	0.09940	0.07466	0.61960	0.01959	0.00924	0.00266	0.00409	0.04850	0.00725	0.00661
160	0.02914	0.03178	0.02241	0.01925	0.02400	0.46804	0.01490	0.24232	0.02689	0.02913	0.01424	0.01556	0.01107	0.00844	0.00725	0.00211	0.01213	0.00567	0.00527	0.01041
161	0.02815	0.02106	0.02252	0.01757	0.02354	0.02342	0.01442	0.57343	0.11848	0.04672	0.02030	0.01996	0.01455	0.00947	0.00777	0.00237	0.00822	0.00721	0.00777	0.01307
162	0.00958	0.00692	0.00911	0.01082	0.01145	0.00644	0.00739	0.01108	0.01514	0.02002	0.04454	0.65644	0.08392	0.02390	0.00990	0.00314	0.00460	0.05205	0.00719	0.00635
163	0.00952	0.00684	0.00891	0.01053	0.01107	0.00637	0.00701	0.01084	0.01482	0.01963	0.04374	0.65663	0.08285	0.05749	0.01126	0.00333	0.00461	0.02123	0.00708	0.00623
164	0.06549	0.02094	0.02175	0.01705	0.02282	0.04250	0.01396	0.54259	0.06709	0.04562	0.04855	0.02051	0.01613	0.00952	0.00766	0.00234	0.00822	0.00720	0.00754	0.01251
165	0.06252	0.01529	0.01696	0.01471	0.01937	0.01668	0.01161	0.03808	0.44328	0.19023	0.06248	0.02891	0.02427	0.01039	0.00777	0.00255	0.00612	0.00856	0.00817	0.01204
166	0.01919	0.01842	0.03147	0.04759	0.67914	0.01842	0.02380	0.02380	0.01765	0.02533	0.01458	0.01919	0.01228	0.00691	0.00768	0.00230	0.00921	0.00691	0.00384	0.01228
167	0.01040	0.00804	0.00971	0.01066	0.01260	0.00735	0.00847	0.01283	0.01723	0.02154	0.05885	0.19415	0.34047	0.02110	0.00984	0.00305	0.00517	0.23465	0.00718	0.00671
168	0.01723	0.01647	0.02009	0.01633	0.01966	0.04747	0.01333	0.02070	0.04684	0.02218	0.01286	0.01705	0.01140	0.00984	0.01536	0.00234	0.34578	0.00587	0.00416	0.33502
169	0.06298	0.01698	0.05281	0.04604	0.02210	0.01725	0.01335	0.08435	0.35281	0.17225	0.02796	0.02827	0.02069	0.01024	0.00779	0.00257	0.00692	0.03512	0.00761	0.01191

[dist]
# distance from previous block
# <min> <max>
0	15

# created by:
# /st0/software/busco_prod/Augustus/scripts/msa2prfl.pl ./align_prep/104789.fa
