[name]
unknown

[dist]
# distance from previous block
# <min> <max>
3	31

[block]
# block no. 0 follows, 22 sequences, length 43
# corresponding to MSA columns:
# 31-73
name=unknown_A
#
# <colnr> <probs for GDERKNQSTAVLIFYWHMCP>
#	G	D	E	R	K	N	Q	S	T	A	V	L	I	F	Y	W	H	M	C	P
0	0.19963	0.02844	0.25147	0.02247	0.07708	0.08290	0.08090	0.02669	0.05663	0.02868	0.01727	0.06088	0.01431	0.00914	0.00761	0.00263	0.01029	0.00743	0.00467	0.01089
1	0.02579	0.08545	0.09145	0.01845	0.02424	0.29664	0.01583	0.14502	0.02451	0.02905	0.05018	0.01983	0.01582	0.00899	0.00743	0.00217	0.01107	0.00642	0.05230	0.06934
2	0.12064	0.04904	0.19200	0.07123	0.02863	0.05956	0.05212	0.07977	0.05965	0.11729	0.04628	0.02515	0.01763	0.00964	0.00793	0.00263	0.00966	0.03386	0.00590	0.01140
3	0.26094	0.15985	0.18760	0.11106	0.02880	0.02218	0.01811	0.07619	0.01802	0.03003	0.01358	0.01627	0.01044	0.00792	0.00660	0.00245	0.00929	0.00557	0.00448	0.01063
4	0.02152	0.57615	0.03915	0.06731	0.02417	0.03030	0.01478	0.02687	0.09068	0.02147	0.01443	0.01611	0.01243	0.00769	0.00593	0.00198	0.00878	0.00526	0.00414	0.01084
5	0.01061	0.00733	0.00948	0.01113	0.01167	0.00691	0.00738	0.01210	0.01570	0.02142	0.04308	0.60969	0.05090	0.07842	0.01278	0.00365	0.00501	0.02172	0.05435	0.00668
6	0.02026	0.02198	0.04501	0.03455	0.08908	0.02145	0.50700	0.05950	0.02020	0.02767	0.01652	0.02186	0.01263	0.00767	0.01069	0.00281	0.05601	0.00933	0.00439	0.01139
7	0.03088	0.01601	0.01980	0.05296	0.02308	0.01581	0.01299	0.20445	0.02674	0.36507	0.03174	0.03104	0.06824	0.04964	0.01034	0.00288	0.00772	0.00897	0.00885	0.01280
8	0.01930	0.02181	0.04713	0.08617	0.04450	0.02081	0.57882	0.02619	0.01937	0.02619	0.01665	0.02239	0.01249	0.00710	0.00969	0.00280	0.01378	0.00961	0.00416	0.01105
9	0.01101	0.00896	0.00983	0.00965	0.01231	0.00802	0.00735	0.01472	0.05167	0.02588	0.22139	0.07360	0.45139	0.01962	0.00982	0.00280	0.00441	0.04190	0.00811	0.00756
10	0.01798	0.20262	0.51693	0.02142	0.03247	0.02253	0.02677	0.02597	0.01738	0.02470	0.01411	0.01654	0.01056	0.00771	0.00728	0.00243	0.01147	0.00573	0.00352	0.01189
11	0.01666	0.04297	0.66500	0.02368	0.03596	0.01929	0.03069	0.02631	0.01754	0.02631	0.01491	0.01754	0.01052	0.00789	0.00789	0.00263	0.01228	0.00614	0.00351	0.01228
12	0.01109	0.00847	0.01017	0.00975	0.01200	0.00755	0.00731	0.01438	0.02193	0.02955	0.45536	0.06825	0.27721	0.01839	0.00981	0.00268	0.00402	0.01589	0.00865	0.00755
13	0.01666	0.04297	0.66500	0.02368	0.03596	0.01929	0.03069	0.02631	0.01754	0.02631	0.01491	0.01754	0.01052	0.00789	0.00789	0.00263	0.01228	0.00614	0.00351	0.01228
14	0.03727	0.01414	0.01928	0.01478	0.02121	0.01221	0.01221	0.04049	0.02378	0.66198	0.03277	0.02828	0.02056	0.01028	0.00835	0.00257	0.00707	0.00835	0.01028	0.01414
15	0.01012	0.00723	0.00964	0.01157	0.01205	0.00675	0.00771	0.01157	0.01591	0.02121	0.04579	0.70262	0.05495	0.02603	0.01060	0.00337	0.00482	0.02362	0.00771	0.00675
16	0.03182	0.02288	0.02469	0.01893	0.02557	0.02518	0.01564	0.60337	0.03841	0.07843	0.02049	0.02030	0.01440	0.00999	0.00831	0.00250	0.00905	0.00752	0.00839	0.01413
17	0.03205	0.02251	0.02446	0.01875	0.02538	0.02464	0.01549	0.57975	0.03779	0.10291	0.02101	0.02064	0.01466	0.01000	0.00831	0.00250	0.00897	0.00755	0.00847	0.01413
18	0.00982	0.00842	0.00842	0.00842	0.01122	0.00701	0.00631	0.01192	0.01894	0.02244	0.08416	0.07995	0.65285	0.02104	0.00982	0.00281	0.00421	0.01753	0.00771	0.00701
19	0.01187	0.00890	0.01335	0.01335	0.01483	0.01038	0.01038	0.01483	0.01335	0.01928	0.02225	0.03264	0.02077	0.06231	0.67512	0.01335	0.02225	0.00890	0.00445	0.00742
20	0.76672	0.01607	0.01221	0.01092	0.01607	0.01864	0.00900	0.02442	0.01414	0.03727	0.01157	0.01350	0.00900	0.00771	0.00514	0.00257	0.00643	0.00450	0.00514	0.00900
21	0.02186	0.67102	0.08251	0.01481	0.02224	0.03202	0.01525	0.02497	0.01692	0.01997	0.01176	0.01359	0.01065	0.00716	0.00549	0.00183	0.00910	0.00455	0.00355	0.01076
22	0.01696	0.07946	0.63116	0.02316	0.03516	0.02003	0.02980	0.02623	0.01750	0.02594	0.01473	0.01731	0.01053	0.00785	0.00775	0.00258	0.01209	0.00605	0.00351	0.01219
23	0.01443	0.00722	0.01082	0.01082	0.01082	0.00722	0.00722	0.01082	0.01082	0.01443	0.01443	0.02525	0.01443	0.02886	0.03247	0.75830	0.00722	0.00722	0.00361	0.00361
24	0.01549	0.00774	0.00774	0.00774	0.00968	0.00774	0.00581	0.01936	0.01742	0.03097	0.02710	0.03097	0.02129	0.00968	0.00581	0.00194	0.00387	0.00774	0.75416	0.00774
25	0.01176	0.00849	0.01110	0.01045	0.01241	0.00784	0.00784	0.01568	0.02352	0.03331	0.65184	0.06206	0.07839	0.01698	0.00980	0.00261	0.00392	0.01502	0.00914	0.00784
26	0.00982	0.00842	0.00842	0.00842	0.01122	0.00701	0.00631	0.01192	0.01894	0.02244	0.08416	0.07995	0.65285	0.02104	0.00982	0.00281	0.00421	0.01753	0.00771	0.00701
27	0.02221	0.71304	0.04353	0.01421	0.02132	0.03287	0.01421	0.02488	0.01688	0.01955	0.01155	0.01333	0.01066	0.00711	0.00533	0.00178	0.00888	0.00444	0.00355	0.01066
28	0.01683	0.04182	0.63047	0.02431	0.03637	0.01939	0.06407	0.02633	0.01766	0.02633	0.01501	0.01781	0.01064	0.00784	0.00800	0.00264	0.01237	0.00634	0.00355	0.01222
29	0.03727	0.01414	0.01928	0.01478	0.02121	0.01221	0.01221	0.04049	0.02378	0.66198	0.03277	0.02828	0.02056	0.01028	0.00835	0.00257	0.00707	0.00835	0.01028	0.01414
30	0.03248	0.02183	0.02404	0.01843	0.02505	0.02363	0.01523	0.53592	0.03665	0.14835	0.02197	0.02126	0.01514	0.01002	0.00832	0.00251	0.00882	0.00762	0.00862	0.01413
31	0.01569	0.01477	0.02492	0.68808	0.05722	0.01846	0.02307	0.02123	0.01661	0.02123	0.01477	0.02215	0.01107	0.00831	0.00831	0.00277	0.01107	0.00738	0.00369	0.00923
32	0.01003	0.00842	0.00870	0.00863	0.01135	0.00710	0.00647	0.01232	0.01942	0.02360	0.14479	0.07804	0.59149	0.02061	0.00982	0.00278	0.00418	0.01726	0.00787	0.00710
33	0.01208	0.00805	0.00906	0.00906	0.00906	0.00805	0.00503	0.01208	0.01208	0.01611	0.02618	0.05436	0.03020	0.70804	0.04228	0.00805	0.00805	0.01208	0.00503	0.00503
34	0.01549	0.00774	0.00774	0.00774	0.00968	0.00774	0.00581	0.01936	0.01742	0.03097	0.02710	0.03097	0.02129	0.00968	0.00581	0.00194	0.00387	0.00774	0.75416	0.00774
35	0.00982	0.00842	0.00842	0.00842	0.01122	0.00701	0.00631	0.01192	0.01894	0.02244	0.08416	0.07995	0.65285	0.02104	0.00982	0.00281	0.00421	0.01753	0.00771	0.00701
36	0.02047	0.01999	0.03513	0.04951	0.59955	0.01986	0.08104	0.02560	0.01898	0.02709	0.01574	0.02073	0.01311	0.00737	0.00837	0.00250	0.01025	0.00762	0.00412	0.01298
37	0.00982	0.00842	0.00842	0.00842	0.01122	0.00701	0.00631	0.01192	0.01894	0.02244	0.08416	0.07995	0.65285	0.02104	0.00982	0.00281	0.00421	0.01753	0.00771	0.00701
38	0.02954	0.02178	0.02327	0.01819	0.02436	0.02415	0.01491	0.53494	0.09476	0.04935	0.02171	0.02168	0.01564	0.01008	0.00817	0.00249	0.00857	0.00768	0.05510	0.01363
39	0.05934	0.30654	0.03102	0.01696	0.02308	0.19994	0.01458	0.14175	0.02337	0.08936	0.01554	0.01647	0.01222	0.00837	0.00675	0.00212	0.01028	0.00564	0.00536	0.01131
40	0.09786	0.46107	0.03517	0.01564	0.02199	0.14865	0.01418	0.07872	0.01976	0.02428	0.01252	0.01422	0.01081	0.00768	0.00597	0.00198	0.00978	0.00488	0.00426	0.01061
41	0.01449	0.01068	0.01384	0.01324	0.01591	0.01029	0.04244	0.04558	0.07929	0.06723	0.05115	0.33271	0.20443	0.02033	0.00993	0.00306	0.00579	0.04327	0.00779	0.00854
42	0.01995	0.17653	0.37687	0.01993	0.02923	0.04977	0.02294	0.09709	0.02004	0.02769	0.01557	0.01806	0.01189	0.01022	0.03347	0.00280	0.01132	0.00610	0.03889	0.01165

[dist]
# distance from previous block
# <min> <max>
0	1

[block]
# block no. 1 follows, 22 sequences, length 76
# corresponding to MSA columns:
# 75-150
name=unknown_B
#
# <colnr> <probs for GDERKNQSTAVLIFYWHMCP>
#	G	D	E	R	K	N	Q	S	T	A	V	L	I	F	Y	W	H	M	C	P
0	0.01736	0.05286	0.32603	0.02411	0.08453	0.01988	0.04865	0.02549	0.07674	0.02532	0.01824	0.06027	0.01542	0.01272	0.04130	0.00330	0.12415	0.00800	0.00438	0.01127
1	0.01925	0.01649	0.02061	0.01505	0.02229	0.01401	0.05738	0.09356	0.05045	0.03037	0.01646	0.01861	0.01318	0.00691	0.00679	0.00157	0.00712	0.00581	0.00544	0.57864
2	0.02026	0.01943	0.03317	0.09082	0.61877	0.01966	0.02534	0.02523	0.01877	0.02677	0.01557	0.02066	0.01303	0.00746	0.00823	0.00249	0.00994	0.00740	0.00409	0.01291
3	0.01212	0.00754	0.01054	0.03731	0.01325	0.00742	0.00803	0.01211	0.01426	0.01940	0.03274	0.40578	0.03742	0.02542	0.01779	0.26371	0.00584	0.01646	0.04703	0.00581
4	0.02248	0.01893	0.02123	0.02052	0.08266	0.02143	0.01477	0.14022	0.48119	0.03698	0.02976	0.02815	0.02232	0.01069	0.00841	0.00273	0.00732	0.00888	0.00802	0.01331
5	0.02744	0.01219	0.01612	0.01329	0.01802	0.01086	0.01061	0.03137	0.04562	0.41567	0.17678	0.08510	0.07293	0.01354	0.00892	0.00266	0.00602	0.01148	0.00963	0.01176
6	0.01549	0.00774	0.00774	0.00774	0.00968	0.00774	0.00581	0.01936	0.01742	0.03097	0.02710	0.03097	0.02129	0.00968	0.00581	0.00194	0.00387	0.00774	0.75416	0.00774
7	0.01012	0.00723	0.00964	0.01157	0.01205	0.00675	0.00771	0.01157	0.01591	0.02121	0.04579	0.70262	0.05495	0.02603	0.01060	0.00337	0.00482	0.02362	0.00771	0.00675
8	0.01961	0.02241	0.04902	0.03501	0.04342	0.02101	0.62605	0.02661	0.01961	0.02661	0.01681	0.02241	0.01261	0.00700	0.00980	0.00280	0.01401	0.00980	0.00420	0.01120
9	0.01046	0.00886	0.00909	0.00895	0.01179	0.00771	0.00674	0.01369	0.04851	0.02376	0.12058	0.07643	0.58410	0.02030	0.00975	0.00279	0.00430	0.01698	0.00785	0.00736
10	0.01013	0.00848	0.00885	0.00890	0.01160	0.00720	0.00677	0.01244	0.01926	0.02331	0.12093	0.07942	0.58326	0.02086	0.00990	0.00284	0.00436	0.04658	0.00781	0.00710
11	0.01012	0.00723	0.00964	0.01157	0.01205	0.00675	0.00771	0.01157	0.01591	0.02121	0.04579	0.70262	0.05495	0.02603	0.01060	0.00337	0.00482	0.02362	0.00771	0.00675
12	0.01723	0.01477	0.01723	0.01230	0.01969	0.01107	0.00984	0.02092	0.01723	0.02707	0.01477	0.01723	0.01230	0.00615	0.00615	0.00123	0.00615	0.00492	0.00492	0.75883
13	0.01862	0.02025	0.12722	0.01590	0.02299	0.01506	0.01483	0.04439	0.01770	0.05352	0.01519	0.01797	0.01222	0.00794	0.00960	0.00191	0.10430	0.00569	0.00485	0.46985
14	0.05047	0.61467	0.10851	0.01510	0.02268	0.03087	0.01577	0.02501	0.01684	0.02095	0.01191	0.01378	0.01058	0.00721	0.00560	0.00190	0.00915	0.00462	0.00361	0.01077
15	0.01187	0.00890	0.01335	0.01335	0.01483	0.01038	0.01038	0.01483	0.01335	0.01928	0.02225	0.03264	0.02077	0.06231	0.67512	0.01335	0.02225	0.00890	0.00445	0.00742
16	0.01723	0.01477	0.01723	0.01230	0.01969	0.01107	0.00984	0.02092	0.01723	0.02707	0.01477	0.01723	0.01230	0.00615	0.00615	0.00123	0.00615	0.00492	0.00492	0.75883
17	0.03083	0.02290	0.02451	0.01896	0.02548	0.02541	0.01561	0.58859	0.08020	0.05115	0.02089	0.02070	0.01490	0.01006	0.00832	0.00252	0.00897	0.00761	0.00832	0.01406
18	0.03111	0.01608	0.02000	0.04733	0.02330	0.01606	0.01327	0.13748	0.13550	0.38780	0.06022	0.02873	0.02272	0.01064	0.00843	0.00261	0.00736	0.00867	0.00926	0.01342
19	0.03620	0.01586	0.02035	0.01560	0.02207	0.01477	0.01289	0.15141	0.02666	0.54698	0.03035	0.02670	0.01935	0.01022	0.00835	0.00256	0.00746	0.00819	0.00991	0.01414
20	0.01723	0.01477	0.01723	0.01230	0.01969	0.01107	0.00984	0.02092	0.01723	0.02707	0.01477	0.01723	0.01230	0.00615	0.00615	0.00123	0.00615	0.00492	0.00492	0.75883
21	0.01723	0.01477	0.01723	0.01230	0.01969	0.01107	0.00984	0.02092	0.01723	0.02707	0.01477	0.01723	0.01230	0.00615	0.00615	0.00123	0.00615	0.00492	0.00492	0.75883
22	0.01026	0.00845	0.00907	0.00923	0.01178	0.00725	0.00701	0.01262	0.01924	0.02358	0.13361	0.10846	0.52876	0.02102	0.00997	0.00288	0.00444	0.05740	0.00785	0.00712
23	0.01187	0.00890	0.01335	0.01335	0.01483	0.01038	0.01038	0.01483	0.01335	0.01928	0.02225	0.03264	0.02077	0.06231	0.67512	0.01335	0.02225	0.00890	0.00445	0.00742
24	0.01961	0.02241	0.04902	0.03501	0.04342	0.02101	0.62605	0.02661	0.01961	0.02661	0.01681	0.02241	0.01261	0.00700	0.00980	0.00280	0.01401	0.00980	0.00420	0.01120
25	0.00987	0.00820	0.00864	0.00900	0.01137	0.00696	0.00657	0.01186	0.01837	0.02221	0.07705	0.19533	0.54206	0.02196	0.00996	0.00291	0.00432	0.01866	0.00771	0.00696
26	0.03103	0.03959	0.02354	0.02140	0.02568	0.67469	0.01605	0.03317	0.02354	0.02033	0.01284	0.01498	0.01070	0.00856	0.00749	0.00214	0.01498	0.00535	0.00428	0.00963
27	0.07967	0.01425	0.01887	0.01456	0.02091	0.01258	0.01202	0.03955	0.02322	0.62567	0.03154	0.02742	0.01989	0.01013	0.00817	0.00257	0.00703	0.00813	0.00998	0.01384
28	0.15009	0.01398	0.01728	0.01361	0.01949	0.01277	0.01114	0.03436	0.02177	0.46248	0.08366	0.02819	0.02334	0.01019	0.00782	0.00248	0.00662	0.00810	0.00899	0.06363
29	0.01443	0.00722	0.01082	0.01082	0.01082	0.00722	0.00722	0.01082	0.01082	0.01443	0.01443	0.02525	0.01443	0.02886	0.03247	0.75830	0.00722	0.00722	0.00361	0.00361
30	0.01012	0.00723	0.00964	0.01157	0.01205	0.00675	0.00771	0.01157	0.01591	0.02121	0.04579	0.70262	0.05495	0.02603	0.01060	0.00337	0.00482	0.02362	0.00771	0.00675
31	0.01569	0.01477	0.02492	0.68808	0.05722	0.01846	0.02307	0.02123	0.01661	0.02123	0.01477	0.02215	0.01107	0.00831	0.00831	0.00277	0.01107	0.00738	0.00369	0.00923
32	0.76672	0.01607	0.01221	0.01092	0.01607	0.01864	0.00900	0.02442	0.01414	0.03727	0.01157	0.01350	0.00900	0.00771	0.00514	0.00257	0.00643	0.00450	0.00514	0.00900
33	0.01966	0.01591	0.01820	0.01369	0.02031	0.01382	0.01092	0.14953	0.02176	0.03194	0.01861	0.07843	0.01646	0.00872	0.00701	0.00169	0.00667	0.00712	0.00589	0.53366
34	0.01812	0.21891	0.50183	0.02119	0.03211	0.02286	0.02637	0.02593	0.01737	0.02453	0.01403	0.01643	0.01056	0.00769	0.00722	0.00241	0.01139	0.00569	0.00352	0.01185
35	0.01598	0.01506	0.02544	0.65058	0.09247	0.01853	0.02321	0.02148	0.01675	0.02157	0.01482	0.02205	0.01120	0.00825	0.00830	0.00275	0.01100	0.00738	0.00372	0.00946
36	0.02290	0.01222	0.01609	0.01513	0.04625	0.01145	0.01157	0.02820	0.07973	0.27327	0.16658	0.05138	0.10341	0.01485	0.00932	0.00283	0.00630	0.10874	0.00890	0.01089
37	0.02026	0.02414	0.16389	0.06949	0.33610	0.01944	0.09007	0.02819	0.08088	0.05925	0.01824	0.02164	0.01404	0.00803	0.00836	0.00259	0.01041	0.00765	0.00472	0.01262
38	0.01010	0.00730	0.00956	0.01137	0.01200	0.00676	0.00762	0.01159	0.01609	0.02128	0.04819	0.66369	0.09233	0.02571	0.01055	0.00334	0.00478	0.02324	0.00771	0.00676
39	0.03345	0.01769	0.02100	0.01621	0.02246	0.01779	0.01336	0.29341	0.02999	0.35895	0.02687	0.02484	0.01783	0.01011	0.00818	0.00250	0.00777	0.00794	0.05594	0.01373
40	0.03103	0.03959	0.02354	0.02140	0.02568	0.67469	0.01605	0.03317	0.02354	0.02033	0.01284	0.01498	0.01070	0.00856	0.00749	0.00214	0.01498	0.00535	0.00428	0.00963
41	0.03051	0.02246	0.02425	0.01889	0.02526	0.02481	0.01565	0.59254	0.03789	0.05074	0.02136	0.02429	0.01611	0.01074	0.00850	0.00257	0.00905	0.04237	0.00827	0.01375
42	0.01012	0.00723	0.00964	0.01157	0.01205	0.00675	0.00771	0.01157	0.01591	0.02121	0.04579	0.70262	0.05495	0.02603	0.01060	0.00337	0.00482	0.02362	0.00771	0.00675
43	0.01666	0.04297	0.66500	0.02368	0.03596	0.01929	0.03069	0.02631	0.01754	0.02631	0.01491	0.01754	0.01052	0.00789	0.00789	0.00263	0.01228	0.00614	0.00351	0.01228
44	0.01979	0.42087	0.31451	0.01834	0.02770	0.02695	0.02140	0.02550	0.01717	0.02249	0.01301	0.01516	0.01060	0.00745	0.00645	0.00215	0.01036	0.00518	0.00353	0.01137
45	0.01003	0.00759	0.00927	0.01062	0.01180	0.00683	0.00729	0.01167	0.01682	0.02158	0.05738	0.51457	0.23552	0.02452	0.01037	0.00320	0.00463	0.02178	0.00771	0.00683
46	0.01187	0.00890	0.01335	0.01335	0.01483	0.01038	0.01038	0.01483	0.01335	0.01928	0.02225	0.03264	0.02077	0.06231	0.67512	0.01335	0.02225	0.00890	0.00445	0.00742
47	0.01315	0.00861	0.01135	0.01099	0.01293	0.00790	0.00811	0.01649	0.02190	0.07367	0.47957	0.19712	0.06941	0.01846	0.00987	0.00277	0.00433	0.01641	0.00892	0.00803
48	0.01728	0.08035	0.56675	0.02426	0.03584	0.02026	0.08933	0.02625	0.01771	0.02594	0.01490	0.01778	0.01074	0.00776	0.00793	0.00260	0.01225	0.00641	0.00358	0.01207
49	0.02503	0.02959	0.02443	0.02159	0.02387	0.37154	0.01704	0.02702	0.01849	0.02017	0.01194	0.01647	0.01080	0.01135	0.01672	0.00284	0.33149	0.00625	0.00398	0.00938
50	0.02783	0.01317	0.01715	0.01415	0.01918	0.01201	0.01145	0.06182	0.05099	0.38645	0.12193	0.08321	0.03271	0.01307	0.00883	0.00266	0.00654	0.05456	0.00927	0.05299
51	0.76672	0.01607	0.01221	0.01092	0.01607	0.01864	0.00900	0.02442	0.01414	0.03727	0.01157	0.01350	0.00900	0.00771	0.00514	0.00257	0.00643	0.00450	0.00514	0.00900
52	0.01666	0.04297	0.66500	0.02368	0.03596	0.01929	0.03069	0.02631	0.01754	0.02631	0.01491	0.01754	0.01052	0.00789	0.00789	0.00263	0.01228	0.00614	0.00351	0.01228
53	0.03064	0.02237	0.02393	0.01845	0.02483	0.02472	0.01521	0.59311	0.03780	0.05111	0.02036	0.02059	0.01454	0.00996	0.00816	0.00246	0.00884	0.00749	0.05166	0.01376
54	0.00982	0.00842	0.00842	0.00842	0.01122	0.00701	0.00631	0.01192	0.01894	0.02244	0.08416	0.07995	0.65285	0.02104	0.00982	0.00281	0.00421	0.01753	0.00771	0.00701
55	0.01012	0.00723	0.00964	0.01157	0.01205	0.00675	0.00771	0.01157	0.01591	0.02121	0.04579	0.70262	0.05495	0.02603	0.01060	0.00337	0.00482	0.02362	0.00771	0.00675
56	0.01187	0.00890	0.01335	0.01335	0.01483	0.01038	0.01038	0.01483	0.01335	0.01928	0.02225	0.03264	0.02077	0.06231	0.67512	0.01335	0.02225	0.00890	0.00445	0.00742
57	0.01028	0.00734	0.00982	0.01175	0.01230	0.00689	0.00799	0.01184	0.01606	0.02139	0.04570	0.67287	0.05460	0.02588	0.01065	0.00340	0.00496	0.05180	0.00771	0.00679
58	0.01443	0.00722	0.01082	0.01082	0.01082	0.00722	0.00722	0.01082	0.01082	0.01443	0.01443	0.02525	0.01443	0.02886	0.03247	0.75830	0.00722	0.00722	0.00361	0.00361
59	0.01176	0.00849	0.01110	0.01045	0.01241	0.00784	0.00784	0.01568	0.02352	0.03331	0.65184	0.06206	0.07839	0.01698	0.00980	0.00261	0.00392	0.01502	0.00914	0.00784
60	0.01666	0.04297	0.66500	0.02368	0.03596	0.01929	0.03069	0.02631	0.01754	0.02631	0.01491	0.01754	0.01052	0.00789	0.00789	0.00263	0.01228	0.00614	0.00351	0.01228
61	0.01968	0.01912	0.03014	0.22164	0.43464	0.04694	0.02382	0.02559	0.04974	0.02562	0.01619	0.02128	0.01310	0.00789	0.00823	0.00255	0.01025	0.00741	0.00422	0.01194
62	0.01042	0.00848	0.00925	0.00917	0.01174	0.00731	0.00695	0.01303	0.02004	0.02514	0.21888	0.07618	0.49183	0.02014	0.00988	0.00280	0.00427	0.03921	0.00806	0.00724
63	0.01569	0.01477	0.02492	0.68808	0.05722	0.01846	0.02307	0.02123	0.01661	0.02123	0.01477	0.02215	0.01107	0.00831	0.00831	0.00277	0.01107	0.00738	0.00369	0.00923
64	0.01777	0.17638	0.54127	0.02179	0.03304	0.02200	0.02741	0.02602	0.01741	0.02496	0.01424	0.01670	0.01055	0.00774	0.00738	0.00246	0.01160	0.00580	0.00352	0.01196
65	0.01208	0.00805	0.00906	0.00906	0.00906	0.00805	0.00503	0.01208	0.01208	0.01611	0.02618	0.05436	0.03020	0.70804	0.04228	0.00805	0.00805	0.01208	0.00503	0.00503
66	0.01011	0.00729	0.00958	0.01141	0.01201	0.00676	0.00764	0.01159	0.01606	0.02127	0.04771	0.67135	0.08498	0.02578	0.01056	0.00335	0.00479	0.02331	0.00771	0.00676
67	0.01115	0.00818	0.01046	0.01049	0.01219	0.00749	0.00764	0.01428	0.02120	0.02923	0.44462	0.21549	0.13756	0.01958	0.00999	0.00281	0.00416	0.01734	0.00864	0.00749
68	0.01697	0.07968	0.63095	0.02316	0.03515	0.02004	0.02979	0.02623	0.01750	0.02594	0.01472	0.01731	0.01053	0.00785	0.00775	0.00258	0.01209	0.00605	0.00351	0.01219
69	0.01865	0.01779	0.03028	0.30029	0.42182	0.01924	0.02455	0.02382	0.01801	0.02483	0.01529	0.02118	0.01234	0.00776	0.00826	0.00259	0.01034	0.00739	0.00395	0.01162
70	0.03029	0.02060	0.02282	0.01771	0.02398	0.02200	0.01450	0.47958	0.03444	0.13198	0.02304	0.06362	0.01746	0.01083	0.00835	0.00250	0.00844	0.00848	0.00837	0.05101
71	0.01882	0.02074	0.04262	0.06481	0.03956	0.02099	0.47727	0.02480	0.01815	0.02502	0.01613	0.02230	0.01269	0.01093	0.04566	0.00345	0.11208	0.00927	0.00411	0.01061
72	0.02665	0.05490	0.02238	0.05881	0.02448	0.08042	0.01431	0.36783	0.06687	0.04120	0.02063	0.02187	0.01536	0.00963	0.00767	0.00237	0.00871	0.00729	0.13655	0.01209
73	0.06028	0.01777	0.02059	0.01752	0.05314	0.01858	0.01334	0.29463	0.05617	0.21217	0.02449	0.02622	0.01799	0.07272	0.01110	0.00300	0.00798	0.00811	0.05157	0.01263
74	0.07720	0.30188	0.30586	0.01878	0.02766	0.09331	0.02109	0.02633	0.01765	0.02388	0.01313	0.01532	0.01048	0.00764	0.00664	0.00224	0.01079	0.00527	0.00373	0.01112
75	0.02494	0.01653	0.01867	0.01580	0.02098	0.01751	0.01252	0.11307	0.32802	0.18939	0.03414	0.06242	0.05514	0.01184	0.00849	0.00268	0.00680	0.00980	0.00867	0.04259

[dist]
# distance from previous block
# <min> <max>
0	1

[block]
# block no. 2 follows, 22 sequences, length 12
# corresponding to MSA columns:
# 152-163
name=unknown_C
#
# <colnr> <probs for GDERKNQSTAVLIFYWHMCP>
#	G	D	E	R	K	N	Q	S	T	A	V	L	I	F	Y	W	H	M	C	P
0	0.04679	0.21504	0.36076	0.01862	0.02761	0.04744	0.02168	0.02437	0.01789	0.02471	0.05121	0.02370	0.06878	0.00928	0.00735	0.00240	0.01016	0.00701	0.00425	0.01095
1	0.23292	0.02259	0.12241	0.06442	0.03292	0.02043	0.25940	0.02487	0.01679	0.02855	0.01425	0.01867	0.01099	0.00826	0.01007	0.00280	0.08770	0.00733	0.00428	0.01037
2	0.01843	0.01650	0.04532	0.01594	0.02206	0.01397	0.07032	0.12380	0.02093	0.03012	0.02225	0.15944	0.02136	0.01105	0.00786	0.00209	0.00738	0.00973	0.00595	0.37548
3	0.05887	0.06593	0.46608	0.02269	0.06932	0.01874	0.02551	0.02683	0.01788	0.07708	0.01603	0.01814	0.01153	0.00788	0.00756	0.00247	0.01081	0.00614	0.00427	0.06623
4	0.04454	0.01781	0.05361	0.02604	0.20267	0.05730	0.03378	0.02516	0.11020	0.05031	0.08470	0.17101	0.02973	0.01337	0.00965	0.00278	0.03879	0.01168	0.00622	0.01067
5	0.08234	0.01540	0.03892	0.14662	0.02553	0.06570	0.03455	0.02284	0.06475	0.06641	0.24723	0.03636	0.03710	0.01323	0.01037	0.05936	0.00768	0.00997	0.00658	0.00907
6	0.02297	0.02595	0.02249	0.08112	0.11283	0.30860	0.01661	0.02764	0.07228	0.02304	0.02497	0.02999	0.08782	0.01132	0.00973	0.00258	0.06247	0.04258	0.00510	0.00992
7	0.02104	0.01495	0.01688	0.04856	0.02075	0.06567	0.01281	0.08141	0.10782	0.13145	0.09413	0.10401	0.03488	0.01611	0.01032	0.03057	0.00767	0.16310	0.00779	0.01008
8	0.01913	0.01575	0.01808	0.01805	0.06733	0.01737	0.01306	0.03582	0.42869	0.05467	0.09066	0.04082	0.08009	0.01299	0.00886	0.00283	0.00649	0.04931	0.00814	0.01188
9	0.02802	0.01997	0.12813	0.01921	0.07102	0.01556	0.01631	0.05942	0.12097	0.34245	0.06898	0.02822	0.02264	0.01025	0.00838	0.00261	0.00795	0.00848	0.00824	0.01318
10	0.01789	0.03526	0.46661	0.02160	0.03155	0.01971	0.02531	0.03178	0.20901	0.02890	0.02071	0.02167	0.01508	0.00893	0.00806	0.00269	0.01053	0.00714	0.00503	0.01255
11	0.01700	0.03667	0.52796	0.02269	0.05357	0.01807	0.02679	0.05258	0.01862	0.02736	0.06121	0.02143	0.01592	0.00986	0.00950	0.04694	0.01115	0.00695	0.00417	0.01156

[dist]
# distance from previous block
# <min> <max>
3	11

[block]
# block no. 3 follows, 22 sequences, length 12
# corresponding to MSA columns:
# 175-186
name=unknown_D
#
# <colnr> <probs for GDERKNQSTAVLIFYWHMCP>
#	G	D	E	R	K	N	Q	S	T	A	V	L	I	F	Y	W	H	M	C	P
0	0.04925	0.41754	0.15688	0.01591	0.02359	0.02540	0.01663	0.02734	0.01789	0.13086	0.01591	0.01708	0.01239	0.00853	0.00722	0.02692	0.00909	0.00553	0.00475	0.01128
1	0.16880	0.08138	0.29786	0.01841	0.02638	0.01869	0.04764	0.02614	0.06890	0.05228	0.03874	0.02040	0.01468	0.01027	0.00950	0.06840	0.00950	0.00661	0.00475	0.01067
2	0.08553	0.38045	0.11810	0.01921	0.06785	0.02577	0.06716	0.04461	0.01747	0.02393	0.01415	0.01861	0.01249	0.06258	0.00923	0.00261	0.00955	0.00603	0.00406	0.01062
3	0.01323	0.00874	0.01095	0.01086	0.01308	0.00787	0.00813	0.01607	0.02044	0.08227	0.28578	0.20970	0.20854	0.01978	0.00995	0.00290	0.00468	0.05061	0.00848	0.00793
4	0.01907	0.01506	0.01820	0.06620	0.02285	0.01273	0.01141	0.07228	0.01930	0.06432	0.01780	0.05342	0.01500	0.00789	0.00685	0.00164	0.00677	0.00648	0.00555	0.55717
5	0.08451	0.55538	0.08848	0.01518	0.02234	0.07514	0.01520	0.02553	0.01717	0.02161	0.01191	0.01379	0.01051	0.00732	0.00567	0.00194	0.00937	0.00464	0.00373	0.01058
6	0.07508	0.00892	0.01040	0.01037	0.01197	0.00930	0.00744	0.01510	0.01518	0.02311	0.07527	0.08781	0.09989	0.20455	0.19678	0.00687	0.01022	0.01155	0.11327	0.00693
7	0.09659	0.01779	0.02088	0.17571	0.02957	0.06951	0.04915	0.16806	0.05192	0.03283	0.06446	0.08338	0.02166	0.01099	0.00811	0.00261	0.00876	0.00916	0.06860	0.01027
8	0.02345	0.01631	0.07356	0.04639	0.02210	0.01433	0.01358	0.06800	0.14543	0.23541	0.11273	0.08883	0.06001	0.01313	0.00885	0.00275	0.00704	0.02812	0.00836	0.01164
9	0.01037	0.00733	0.00957	0.01126	0.01168	0.00691	0.00738	0.01163	0.01543	0.02057	0.04335	0.62190	0.05186	0.11095	0.01455	0.00396	0.00522	0.02218	0.00738	0.00653
10	0.08339	0.01786	0.02679	0.13382	0.35775	0.01899	0.02049	0.07567	0.06543	0.03032	0.07225	0.02452	0.01914	0.00889	0.00814	0.00256	0.00894	0.00797	0.00524	0.01184
11	0.01518	0.07197	0.04314	0.01530	0.01825	0.04637	0.06145	0.06953	0.01912	0.02494	0.06349	0.43804	0.04130	0.01946	0.00960	0.00299	0.00706	0.01746	0.00685	0.00850

[dist]
# distance from previous block
# <min> <max>
10	15

[block]
# block no. 4 follows, 22 sequences, length 57
# corresponding to MSA columns:
# 202-258
name=unknown_E
#
# <colnr> <probs for GDERKNQSTAVLIFYWHMCP>
#	G	D	E	R	K	N	Q	S	T	A	V	L	I	F	Y	W	H	M	C	P
0	0.16419	0.05241	0.04272	0.01717	0.02176	0.24451	0.01404	0.08494	0.02096	0.08128	0.02019	0.02202	0.05576	0.01298	0.04621	0.00310	0.07337	0.00684	0.00546	0.01011
1	0.05104	0.64820	0.04131	0.01436	0.02137	0.03193	0.01410	0.05841	0.01801	0.02204	0.01202	0.01370	0.01079	0.00729	0.00549	0.00185	0.00881	0.00461	0.00388	0.01079
2	0.01681	0.06726	0.60412	0.02242	0.03392	0.01918	0.02866	0.02587	0.01751	0.02630	0.01545	0.01812	0.01113	0.00796	0.00768	0.00256	0.01168	0.00616	0.04523	0.01196
3	0.01666	0.04297	0.66500	0.02368	0.03596	0.01929	0.03069	0.02631	0.01754	0.02631	0.01491	0.01754	0.01052	0.00789	0.00789	0.00263	0.01228	0.00614	0.00351	0.01228
4	0.01309	0.00877	0.01131	0.01216	0.01370	0.00839	0.00877	0.01660	0.05860	0.06741	0.11785	0.46452	0.07688	0.02248	0.01025	0.00320	0.00517	0.06486	0.00810	0.00788
5	0.01723	0.01477	0.01723	0.01230	0.01969	0.01107	0.00984	0.02092	0.01723	0.02707	0.01477	0.01723	0.01230	0.00615	0.00615	0.00123	0.00615	0.00492	0.00492	0.75883
6	0.01775	0.01643	0.05131	0.01320	0.02055	0.01218	0.01118	0.05474	0.01874	0.02872	0.04367	0.01941	0.01528	0.00694	0.00653	0.00144	0.00654	0.00558	0.00523	0.64461
7	0.00998	0.00842	0.00865	0.00859	0.01132	0.00708	0.00644	0.01224	0.01933	0.02337	0.13288	0.07841	0.60355	0.02069	0.00982	0.00279	0.00418	0.01732	0.00784	0.00708
8	0.02057	0.01961	0.03274	0.04876	0.61473	0.01980	0.02469	0.02671	0.05960	0.02764	0.01682	0.02124	0.01396	0.00765	0.00824	0.00249	0.00965	0.00753	0.00440	0.01316
9	0.01777	0.01762	0.02464	0.02129	0.02131	0.02449	0.01764	0.01956	0.01288	0.02005	0.01268	0.05298	0.01314	0.01512	0.02642	0.00362	0.65785	0.00810	0.00384	0.00897
10	0.76672	0.01607	0.01221	0.01092	0.01607	0.01864	0.00900	0.02442	0.01414	0.03727	0.01157	0.01350	0.00900	0.00771	0.00514	0.00257	0.00643	0.00450	0.00514	0.00900
11	0.11404	0.06430	0.26764	0.02217	0.05895	0.14227	0.06056	0.09427	0.02088	0.02906	0.01741	0.01956	0.03640	0.00863	0.00762	0.00249	0.01123	0.00661	0.00463	0.01128
12	0.02155	0.01489	0.01708	0.01412	0.01939	0.01456	0.01113	0.05703	0.23335	0.13556	0.06820	0.05520	0.02485	0.01049	0.00779	0.00227	0.00622	0.00873	0.05846	0.21915
13	0.01038	0.00844	0.00919	0.00900	0.01156	0.00725	0.00675	0.01300	0.02025	0.02557	0.24741	0.07480	0.48764	0.01987	0.00981	0.00275	0.00412	0.01681	0.00813	0.00725
14	0.02114	0.01808	0.01905	0.01700	0.02178	0.02088	0.01326	0.06952	0.61506	0.03552	0.03321	0.03051	0.02487	0.01121	0.00845	0.00280	0.00669	0.00931	0.00845	0.01319
15	0.02164	0.64387	0.10769	0.01519	0.02283	0.03147	0.01592	0.02502	0.01695	0.02024	0.01190	0.01376	0.01065	0.00719	0.00559	0.00186	0.00923	0.00462	0.00355	0.01083
16	0.01569	0.01477	0.02492	0.68808	0.05722	0.01846	0.02307	0.02123	0.01661	0.02123	0.01477	0.02215	0.01107	0.00831	0.00831	0.00277	0.01107	0.00738	0.00369	0.00923
17	0.01569	0.01477	0.02492	0.68808	0.05722	0.01846	0.02307	0.02123	0.01661	0.02123	0.01477	0.02215	0.01107	0.00831	0.00831	0.00277	0.01107	0.00738	0.00369	0.00923
18	0.03158	0.02327	0.02493	0.01911	0.02576	0.02576	0.01579	0.62852	0.03906	0.05236	0.01995	0.01995	0.01413	0.00997	0.00831	0.00249	0.00914	0.00748	0.00831	0.01413
19	0.02066	0.01785	0.01878	0.01691	0.02160	0.02066	0.01315	0.04414	0.64121	0.03475	0.03381	0.03099	0.02536	0.01127	0.00845	0.00282	0.00657	0.00939	0.00845	0.01315
20	0.01208	0.00805	0.00906	0.00906	0.00906	0.00805	0.00503	0.01208	0.01208	0.01611	0.02618	0.05436	0.03020	0.70804	0.04228	0.00805	0.00805	0.01208	0.00503	0.00503
21	0.01961	0.02241	0.04902	0.03501	0.04342	0.02101	0.62605	0.02661	0.01961	0.02661	0.01681	0.02241	0.01261	0.00700	0.00980	0.00280	0.01401	0.00980	0.00420	0.01120
22	0.02171	0.01598	0.01863	0.01362	0.02078	0.01343	0.01102	0.11506	0.02128	0.10411	0.01763	0.01891	0.01353	0.00721	0.00673	0.00158	0.00671	0.00570	0.00605	0.56033
23	0.01818	0.01818	0.02545	0.02181	0.02181	0.02545	0.01818	0.01999	0.01272	0.01999	0.01091	0.01818	0.01091	0.01454	0.02726	0.00364	0.69284	0.00727	0.00364	0.00909
24	0.01012	0.00723	0.00964	0.01157	0.01205	0.00675	0.00771	0.01157	0.01591	0.02121	0.04579	0.70262	0.05495	0.02603	0.01060	0.00337	0.00482	0.02362	0.00771	0.00675
25	0.03727	0.01414	0.01928	0.01478	0.02121	0.01221	0.01221	0.04049	0.02378	0.66198	0.03277	0.02828	0.02056	0.01028	0.00835	0.00257	0.00707	0.00835	0.01028	0.01414
26	0.01654	0.01403	0.01649	0.01223	0.01894	0.01065	0.00964	0.02001	0.01710	0.02650	0.01778	0.08390	0.01645	0.00809	0.00659	0.00144	0.00602	0.00674	0.00519	0.68566
27	0.01168	0.00843	0.01104	0.01050	0.01239	0.00779	0.00783	0.01549	0.02316	0.03275	0.62352	0.09199	0.07729	0.01741	0.00984	0.00265	0.00396	0.01543	0.00908	0.00779
28	0.01165	0.00841	0.01101	0.01053	0.01239	0.00776	0.00783	0.01540	0.02300	0.03249	0.61065	0.10559	0.07679	0.01760	0.00985	0.00266	0.00398	0.01561	0.00905	0.00776
29	0.02222	0.01862	0.01966	0.01722	0.02220	0.02139	0.01353	0.12751	0.55532	0.03726	0.03183	0.02942	0.02376	0.01109	0.00843	0.00277	0.00694	0.00912	0.00843	0.01329
30	0.01768	0.01480	0.01721	0.01270	0.01956	0.01174	0.01009	0.06000	0.01856	0.02832	0.01723	0.06442	0.01535	0.00777	0.00660	0.00146	0.00626	0.00637	0.00533	0.65856
31	0.08907	0.01646	0.02648	0.42187	0.24267	0.01888	0.02249	0.02288	0.01710	0.02463	0.01473	0.02082	0.01153	0.00796	0.00798	0.00265	0.01025	0.00711	0.00396	0.01045
32	0.01961	0.02241	0.04902	0.03501	0.04342	0.02101	0.62605	0.02661	0.01961	0.02661	0.01681	0.02241	0.01261	0.00700	0.00980	0.00280	0.01401	0.00980	0.00420	0.01120
33	0.01176	0.00849	0.01110	0.01045	0.01241	0.00784	0.00784	0.01568	0.02352	0.03331	0.65184	0.06206	0.07839	0.01698	0.00980	0.00261	0.00392	0.01502	0.00914	0.00784
34	0.01967	0.01917	0.03333	0.14787	0.44004	0.01976	0.10227	0.02618	0.05932	0.02663	0.01683	0.02174	0.01355	0.00775	0.00846	0.00258	0.01038	0.00784	0.00434	0.01228
35	0.01571	0.01124	0.01668	0.07601	0.09090	0.01138	0.01497	0.01956	0.01893	0.06778	0.03777	0.12782	0.03964	0.01940	0.01056	0.00346	0.00790	0.39442	0.00711	0.00875
36	0.01341	0.00887	0.01155	0.01066	0.01296	0.00810	0.00807	0.01720	0.02334	0.07558	0.58569	0.06052	0.09882	0.01670	0.00970	0.00262	0.00415	0.01468	0.00916	0.00823
37	0.01010	0.00733	0.00954	0.01130	0.01198	0.00677	0.00759	0.01160	0.01616	0.02131	0.04905	0.64974	0.10572	0.02560	0.01054	0.00333	0.00477	0.02310	0.00771	0.00677
38	0.01984	0.30197	0.37963	0.01969	0.02957	0.02501	0.02327	0.06706	0.01876	0.02547	0.01395	0.01607	0.01082	0.00773	0.00693	0.00229	0.01074	0.00557	0.00386	0.01178
39	0.02132	0.01903	0.03218	0.09192	0.57400	0.01916	0.02446	0.02619	0.01908	0.06824	0.01669	0.02117	0.01350	0.00765	0.00824	0.00249	0.00977	0.00746	0.00449	0.01296
40	0.01012	0.00723	0.00964	0.01157	0.01205	0.00675	0.00771	0.01157	0.01591	0.02121	0.04579	0.70262	0.05495	0.02603	0.01060	0.00337	0.00482	0.02362	0.00771	0.00675
41	0.01261	0.00940	0.01350	0.01325	0.01459	0.01108	0.01027	0.01542	0.01358	0.02014	0.02208	0.03261	0.02062	0.08750	0.54301	0.01147	0.06600	0.00885	0.06658	0.00744
42	0.01723	0.08731	0.59184	0.02271	0.03427	0.02028	0.02873	0.02707	0.04734	0.02625	0.01558	0.01790	0.01124	0.00800	0.00775	0.00258	0.01177	0.00618	0.00375	0.01221
43	0.03103	0.03959	0.02354	0.02140	0.02568	0.67469	0.01605	0.03317	0.02354	0.02033	0.01284	0.01498	0.01070	0.00856	0.00749	0.00214	0.01498	0.00535	0.00428	0.00963
44	0.02056	0.01974	0.03372	0.05099	0.65622	0.01974	0.02550	0.02550	0.01892	0.02714	0.01563	0.02056	0.01316	0.00740	0.00822	0.00247	0.00987	0.00740	0.00411	0.01316
45	0.02056	0.01974	0.03372	0.05099	0.65622	0.01974	0.02550	0.02550	0.01892	0.02714	0.01563	0.02056	0.01316	0.00740	0.00822	0.00247	0.00987	0.00740	0.00411	0.01316
46	0.00982	0.00842	0.00842	0.00842	0.01122	0.00701	0.00631	0.01192	0.01894	0.02244	0.08416	0.07995	0.65285	0.02104	0.00982	0.00281	0.00421	0.01753	0.00771	0.00701
47	0.08731	0.01427	0.01879	0.01452	0.02085	0.01265	0.01199	0.03938	0.02312	0.61913	0.03132	0.02726	0.01977	0.01011	0.00813	0.00257	0.00702	0.00809	0.00993	0.01379
48	0.03154	0.02439	0.02484	0.01927	0.02576	0.07027	0.01581	0.58769	0.03799	0.05016	0.01946	0.01960	0.01389	0.00988	0.00825	0.00247	0.00954	0.00733	0.00803	0.01382
49	0.03727	0.01414	0.01928	0.01478	0.02121	0.01221	0.01221	0.04049	0.02378	0.66198	0.03277	0.02828	0.02056	0.01028	0.00835	0.00257	0.00707	0.00835	0.01028	0.01414
50	0.02066	0.01785	0.01878	0.01691	0.02160	0.02066	0.01315	0.04414	0.64121	0.03475	0.03381	0.03099	0.02536	0.01127	0.00845	0.00282	0.00657	0.00939	0.00845	0.01315
51	0.01818	0.01818	0.02545	0.02181	0.02181	0.02545	0.01818	0.01999	0.01272	0.01999	0.01091	0.01818	0.01091	0.01454	0.02726	0.00364	0.69284	0.00727	0.00364	0.00909
52	0.03103	0.03959	0.02354	0.02140	0.02568	0.67469	0.01605	0.03317	0.02354	0.02033	0.01284	0.01498	0.01070	0.00856	0.00749	0.00214	0.01498	0.00535	0.00428	0.00963
53	0.00982	0.00842	0.00842	0.00842	0.01122	0.00701	0.00631	0.01192	0.01894	0.02244	0.08416	0.07995	0.65285	0.02104	0.00982	0.00281	0.00421	0.01753	0.00771	0.00701
54	0.01187	0.00890	0.01335	0.01335	0.01483	0.01038	0.01038	0.01483	0.01335	0.01928	0.02225	0.03264	0.02077	0.06231	0.67512	0.01335	0.02225	0.00890	0.00445	0.00742
55	0.03727	0.01414	0.01928	0.01478	0.02121	0.01221	0.01221	0.04049	0.02378	0.66198	0.03277	0.02828	0.02056	0.01028	0.00835	0.00257	0.00707	0.00835	0.01028	0.01414
56	0.01187	0.00890	0.01335	0.01335	0.01483	0.01038	0.01038	0.01483	0.01335	0.01928	0.02225	0.03264	0.02077	0.06231	0.67512	0.01335	0.02225	0.00890	0.00445	0.00742

[dist]
# distance from previous block
# <min> <max>
0	3

[block]
# block no. 5 follows, 22 sequences, length 8
# corresponding to MSA columns:
# 262-269
name=unknown_F
#
# <colnr> <probs for GDERKNQSTAVLIFYWHMCP>
#	G	D	E	R	K	N	Q	S	T	A	V	L	I	F	Y	W	H	M	C	P
0	0.01569	0.01477	0.02492	0.68808	0.05722	0.01846	0.02307	0.02123	0.01661	0.02123	0.01477	0.02215	0.01107	0.00831	0.00831	0.00277	0.01107	0.00738	0.00369	0.00923
1	0.01092	0.00877	0.00995	0.01053	0.01306	0.00780	0.00849	0.01355	0.01899	0.02319	0.07179	0.08418	0.46664	0.02163	0.01033	0.00312	0.00527	0.19689	0.00769	0.00721
2	0.01488	0.01268	0.02003	0.02516	0.21230	0.01393	0.01517	0.01824	0.01497	0.02158	0.01982	0.02928	0.01840	0.07621	0.40341	0.00922	0.05273	0.00852	0.00433	0.00915
3	0.01455	0.00840	0.00993	0.01052	0.01241	0.00852	0.00851	0.01833	0.01762	0.02815	0.03191	0.05041	0.02941	0.01802	0.06166	0.00344	0.00652	0.19021	0.46381	0.00769
4	0.01757	0.03664	0.47542	0.02717	0.03825	0.01982	0.21392	0.02640	0.01818	0.02640	0.01549	0.01904	0.01116	0.00762	0.00848	0.00268	0.01281	0.00727	0.00372	0.01195
5	0.01998	0.41367	0.11378	0.01482	0.02266	0.02445	0.01495	0.02384	0.01707	0.02271	0.01296	0.01506	0.01115	0.00691	0.00591	0.00172	0.00847	0.00480	0.00397	0.24112
6	0.01755	0.01597	0.02621	0.07814	0.42082	0.01600	0.01991	0.02221	0.02019	0.02867	0.21138	0.03343	0.03310	0.01041	0.00871	0.00253	0.00811	0.00975	0.00563	0.01128
7	0.25281	0.02413	0.02311	0.04650	0.02487	0.20814	0.07465	0.05045	0.01815	0.02742	0.01276	0.01647	0.01056	0.00955	0.01155	0.00272	0.16586	0.00613	0.00453	0.00963

[dist]
# distance from previous block
# <min> <max>
0	28

[block]
# block no. 6 follows, 22 sequences, length 13
# corresponding to MSA columns:
# 298-310
name=unknown_G
#
# <colnr> <probs for GDERKNQSTAVLIFYWHMCP>
#	G	D	E	R	K	N	Q	S	T	A	V	L	I	F	Y	W	H	M	C	P
0	0.02432	0.02026	0.02391	0.01970	0.02343	0.02463	0.01617	0.28121	0.14861	0.03656	0.01926	0.02147	0.01513	0.01197	0.01554	0.00299	0.26848	0.00778	0.00656	0.01202
1	0.01297	0.00774	0.00973	0.00973	0.00973	0.00774	0.00586	0.01160	0.01160	0.01547	0.02171	0.04330	0.02421	0.44991	0.03855	0.29320	0.00774	0.01023	0.00449	0.00449
2	0.01027	0.00741	0.00976	0.01159	0.01227	0.00690	0.00793	0.01187	0.01623	0.02146	0.04774	0.63843	0.08651	0.02560	0.01061	0.00337	0.00493	0.05260	0.00771	0.00681
3	0.01870	0.01950	0.03694	0.02638	0.03440	0.01723	0.39185	0.02445	0.01870	0.02679	0.01603	0.02044	0.01249	0.00668	0.00842	0.00220	0.01102	0.00795	0.00448	0.29535
4	0.02068	0.44894	0.03666	0.01710	0.02151	0.03005	0.01572	0.02302	0.01530	0.01972	0.01130	0.01517	0.01075	0.00993	0.01367	0.00248	0.26883	0.00552	0.00358	0.01006
5	0.01508	0.00754	0.00891	0.00891	0.01011	0.00754	0.00634	0.01611	0.01491	0.02468	0.02228	0.02880	0.01868	0.01697	0.01594	0.28941	0.00514	0.00754	0.46890	0.00617
6	0.01666	0.04297	0.66500	0.02368	0.03596	0.01929	0.03069	0.02631	0.01754	0.02631	0.01491	0.01754	0.01052	0.00789	0.00789	0.00263	0.01228	0.00614	0.00351	0.01228
7	0.02221	0.71304	0.04353	0.01421	0.02132	0.03287	0.01421	0.02488	0.01688	0.01955	0.01155	0.01333	0.01066	0.00711	0.00533	0.00178	0.00888	0.00444	0.00355	0.01066
8	0.01828	0.44542	0.03206	0.01389	0.01886	0.02432	0.01276	0.02106	0.01554	0.01945	0.01562	0.02067	0.01450	0.02809	0.25990	0.00618	0.01396	0.00614	0.00389	0.00943
9	0.48376	0.28097	0.02411	0.01218	0.01806	0.02405	0.01098	0.02459	0.01518	0.03053	0.01156	0.01343	0.00963	0.00748	0.00521	0.00227	0.00736	0.00448	0.00454	0.00963
10	0.01542	0.03027	0.41734	0.02049	0.02883	0.01559	0.02412	0.02285	0.01814	0.02576	0.02596	0.04649	0.02470	0.01362	0.00925	0.00308	0.01052	0.23196	0.00508	0.01052
11	0.01666	0.01381	0.01531	0.01488	0.01797	0.01537	0.01108	0.03176	0.40355	0.02960	0.03836	0.28626	0.03660	0.01688	0.00927	0.00303	0.00591	0.01480	0.00817	0.01072
12	0.03511	0.01761	0.02143	0.01643	0.02294	0.01736	0.01357	0.26398	0.02959	0.43028	0.02790	0.02511	0.01812	0.01016	0.00834	0.00254	0.00786	0.00802	0.00953	0.01413

[dist]
# distance from previous block
# <min> <max>
6	62

[block]
# block no. 7 follows, 22 sequences, length 48
# corresponding to MSA columns:
# 373-420
name=unknown_H
#
# <colnr> <probs for GDERKNQSTAVLIFYWHMCP>
#	G	D	E	R	K	N	Q	S	T	A	V	L	I	F	Y	W	H	M	C	P
0	0.01738	0.01709	0.02388	0.02080	0.02084	0.02359	0.01714	0.01916	0.01304	0.02011	0.01436	0.08591	0.01526	0.01568	0.02561	0.00361	0.62475	0.00889	0.00404	0.00886
1	0.01029	0.00739	0.01001	0.01174	0.01232	0.00711	0.00798	0.01189	0.01565	0.02102	0.04346	0.63632	0.05156	0.02962	0.07637	0.00436	0.00654	0.02216	0.00739	0.00681
2	0.01115	0.00847	0.01202	0.01547	0.07580	0.00803	0.00947	0.01295	0.01620	0.02179	0.04280	0.63512	0.05081	0.02418	0.01037	0.00328	0.00532	0.02201	0.00736	0.00738
3	0.02074	0.02411	0.04650	0.03367	0.04166	0.08570	0.56568	0.02726	0.02000	0.02599	0.01641	0.02167	0.01242	0.00716	0.00957	0.00274	0.01410	0.00936	0.00421	0.01105
4	0.00982	0.00842	0.00842	0.00842	0.01122	0.00701	0.00631	0.01192	0.01894	0.02244	0.08416	0.07995	0.65285	0.02104	0.00982	0.00281	0.00421	0.01753	0.00771	0.00701
5	0.01012	0.00723	0.00964	0.01157	0.01205	0.00675	0.00771	0.01157	0.01591	0.02121	0.04579	0.70262	0.05495	0.02603	0.01060	0.00337	0.00482	0.02362	0.00771	0.00675
6	0.02221	0.71304	0.04353	0.01421	0.02132	0.03287	0.01421	0.02488	0.01688	0.01955	0.01155	0.01333	0.01066	0.00711	0.00533	0.00178	0.00888	0.00444	0.00355	0.01066
7	0.01176	0.00849	0.01110	0.01045	0.01241	0.00784	0.00784	0.01568	0.02352	0.03331	0.65184	0.06206	0.07839	0.01698	0.00980	0.00261	0.00392	0.01502	0.00914	0.00784
8	0.01606	0.01541	0.02641	0.61292	0.05449	0.01898	0.05941	0.02149	0.01659	0.02149	0.01468	0.02195	0.01116	0.00856	0.00941	0.00282	0.04759	0.00752	0.00372	0.00934
9	0.03053	0.07793	0.02468	0.02099	0.02543	0.63816	0.01595	0.03270	0.02316	0.02029	0.01277	0.01489	0.01070	0.00848	0.00737	0.00212	0.01463	0.00530	0.00424	0.00969
10	0.01176	0.00849	0.01110	0.01045	0.01241	0.00784	0.00784	0.01568	0.02352	0.03331	0.65184	0.06206	0.07839	0.01698	0.00980	0.00261	0.00392	0.01502	0.00914	0.00784
11	0.01249	0.00892	0.01233	0.01410	0.01566	0.00877	0.01167	0.01573	0.01858	0.02444	0.07903	0.24248	0.05132	0.02337	0.01116	0.00364	0.00674	0.42438	0.00775	0.00744
