[name]
unknown

[dist]
# distance from previous block
# <min> <max>
0	64

[block]
# block no. 0 follows, 23 sequences, length 46
# corresponding to MSA columns:
# 83-128
name=unknown_A
#
# <colnr> <probs for GDERKNQSTAVLIFYWHMCP>
#	G	D	E	R	K	N	Q	S	T	A	V	L	I	F	Y	W	H	M	C	P
0	0.01702	0.01446	0.01783	0.04376	0.02128	0.01219	0.02932	0.05175	0.04648	0.02723	0.01887	0.07540	0.01702	0.00859	0.00692	0.00169	0.00656	0.02544	0.00535	0.55283
1	0.07018	0.01001	0.01153	0.01079	0.01315	0.00984	0.00804	0.06485	0.02061	0.04627	0.30857	0.10434	0.13659	0.11535	0.01368	0.00341	0.00529	0.03202	0.00769	0.00781
2	0.06294	0.07590	0.08019	0.04437	0.02405	0.02050	0.01492	0.19933	0.20680	0.11398	0.02637	0.02559	0.04927	0.01010	0.00781	0.00252	0.00791	0.00794	0.00723	0.01229
3	0.03031	0.03867	0.02299	0.02090	0.02508	0.68226	0.01568	0.03240	0.02299	0.01986	0.01254	0.01463	0.01045	0.00836	0.00732	0.00209	0.01463	0.00523	0.00418	0.00941
4	0.00992	0.00728	0.00931	0.01083	0.01167	0.00667	0.00735	0.01153	0.01627	0.02141	0.07735	0.59357	0.13836	0.02436	0.01022	0.00319	0.00459	0.02187	0.00760	0.00667
5	0.01681	0.01623	0.02835	0.48209	0.20615	0.01854	0.07188	0.02219	0.01702	0.02259	0.01479	0.02127	0.01144	0.00779	0.00821	0.00263	0.01075	0.00740	0.00375	0.01012
6	0.02167	0.19523	0.14078	0.10643	0.02818	0.14877	0.01750	0.05651	0.07609	0.05060	0.04218	0.02110	0.01568	0.03608	0.00855	0.00251	0.01020	0.00662	0.00481	0.01051
7	0.01684	0.01552	0.02204	0.02236	0.12304	0.07395	0.09966	0.05071	0.01706	0.02321	0.01945	0.02737	0.01725	0.06619	0.32117	0.00757	0.01581	0.00829	0.04344	0.00908
8	0.01218	0.00832	0.01056	0.01054	0.01237	0.00761	0.00776	0.01499	0.01992	0.05854	0.34605	0.20413	0.15114	0.05412	0.01135	0.00307	0.00460	0.04709	0.00820	0.00746
9	0.02102	0.01921	0.08578	0.01778	0.02307	0.01796	0.06379	0.27579	0.05636	0.03531	0.05111	0.06201	0.05450	0.05037	0.07124	0.00388	0.00985	0.06333	0.00676	0.01088
10	0.08167	0.05932	0.05560	0.08472	0.06079	0.11556	0.12034	0.02482	0.01739	0.02441	0.01467	0.02043	0.01269	0.01118	0.01514	0.00318	0.25545	0.00743	0.00454	0.01065
11	0.02504	0.02995	0.02653	0.02376	0.05667	0.39213	0.07918	0.02765	0.01931	0.02070	0.01251	0.01654	0.01081	0.00985	0.01320	0.00260	0.21371	0.00631	0.00398	0.00957
12	0.01839	0.01437	0.01699	0.01221	0.01935	0.01091	0.00980	0.02195	0.01734	0.07768	0.01582	0.01769	0.01266	0.00633	0.00618	0.00131	0.00608	0.00507	0.00522	0.70466
13	0.01683	0.01442	0.01683	0.01202	0.01923	0.01082	0.00961	0.02043	0.01683	0.02644	0.01442	0.01683	0.01202	0.00601	0.00601	0.00120	0.00601	0.00481	0.00481	0.76444
14	0.28626	0.01231	0.01362	0.01343	0.04775	0.01266	0.00989	0.02251	0.01843	0.13940	0.18732	0.11591	0.03556	0.01314	0.00781	0.00267	0.00579	0.03907	0.00724	0.00922
15	0.01646	0.00997	0.01281	0.01143	0.01431	0.00938	0.00880	0.02168	0.07254	0.14236	0.50229	0.05253	0.06275	0.01502	0.00922	0.00256	0.00456	0.01312	0.00907	0.00913
16	0.01532	0.01259	0.01402	0.01290	0.01619	0.01345	0.00989	0.02792	0.31791	0.03172	0.28349	0.04874	0.13378	0.01451	0.00895	0.00267	0.00509	0.01242	0.00842	0.00999
17	0.01180	0.00787	0.00885	0.00885	0.00885	0.00787	0.00492	0.01180	0.01180	0.01573	0.02557	0.05310	0.02950	0.71483	0.04130	0.00787	0.00787	0.01180	0.00492	0.00492
18	0.01154	0.00778	0.00901	0.00923	0.00938	0.00769	0.00538	0.01189	0.01279	0.01714	0.05672	0.13866	0.03476	0.59378	0.03585	0.00703	0.00727	0.01339	0.00544	0.00526
19	0.01049	0.00762	0.00983	0.01144	0.01209	0.00733	0.00767	0.01291	0.04697	0.02113	0.04322	0.64421	0.05107	0.05774	0.01174	0.00349	0.00494	0.02183	0.00744	0.00682
20	0.01728	0.00964	0.00987	0.00909	0.01161	0.00998	0.00701	0.10370	0.01992	0.03312	0.02551	0.02877	0.01984	0.00949	0.00601	0.00197	0.00449	0.00753	0.65677	0.00842
21	0.01044	0.00747	0.01002	0.01172	0.01249	0.00705	0.00831	0.01235	0.01651	0.02207	0.08951	0.57686	0.05438	0.02436	0.01042	0.00330	0.00502	0.10329	0.00763	0.00679
22	0.01002	0.00723	0.00949	0.01105	0.01176	0.00670	0.00748	0.01168	0.01635	0.02183	0.10181	0.62066	0.08512	0.02439	0.01025	0.00320	0.00460	0.02203	0.00766	0.00670
23	0.02092	0.01585	0.01755	0.01544	0.01971	0.01727	0.01228	0.19868	0.25468	0.06167	0.06638	0.09944	0.07903	0.01405	0.00886	0.00279	0.00677	0.06916	0.00813	0.01133
24	0.01017	0.00727	0.00974	0.01163	0.01222	0.00684	0.00803	0.01179	0.01582	0.02103	0.04456	0.65401	0.05304	0.02515	0.01043	0.00333	0.00496	0.07577	0.00753	0.00667
25	0.03441	0.01531	0.01955	0.01517	0.02135	0.01437	0.01248	0.12181	0.07276	0.53674	0.03037	0.02670	0.01958	0.01007	0.00816	0.00252	0.00715	0.00812	0.00964	0.01373
26	0.11154	0.00948	0.01032	0.00997	0.01260	0.00895	0.00739	0.01627	0.01799	0.08301	0.14955	0.16505	0.27447	0.07377	0.01154	0.00316	0.00500	0.01484	0.00745	0.00766
27	0.02942	0.01852	0.02096	0.01678	0.02265	0.01976	0.01363	0.28618	0.21081	0.23135	0.02716	0.02504	0.01886	0.01020	0.00817	0.00255	0.00760	0.00810	0.00873	0.01353
28	0.01165	0.00780	0.00889	0.00904	0.00908	0.00777	0.00512	0.01176	0.01209	0.01612	0.02705	0.10385	0.03137	0.66154	0.03891	0.00751	0.00762	0.01267	0.00512	0.00505
29	0.07071	0.00879	0.00913	0.00917	0.01179	0.00794	0.00696	0.01325	0.01844	0.02433	0.13961	0.11770	0.46879	0.01949	0.00935	0.00278	0.00444	0.04271	0.00750	0.00711
30	0.21442	0.01352	0.01352	0.01176	0.01546	0.01483	0.00931	0.16992	0.02122	0.03552	0.06771	0.02670	0.02052	0.04768	0.06045	0.00338	0.00727	0.00750	0.23004	0.00925
31	0.01055	0.00761	0.00919	0.00995	0.01081	0.00711	0.00655	0.01189	0.01567	0.02061	0.10533	0.34753	0.15194	0.22505	0.01919	0.00446	0.00544	0.01795	0.00691	0.00625
32	0.38863	0.01820	0.01766	0.01428	0.02003	0.02012	0.01178	0.26551	0.02452	0.12296	0.01714	0.01748	0.01219	0.00872	0.00663	0.00248	0.00739	0.00601	0.00687	0.01139
33	0.02267	0.01489	0.01694	0.01411	0.01825	0.01545	0.01104	0.27441	0.02611	0.12510	0.06354	0.09672	0.10764	0.10546	0.04668	0.00379	0.00790	0.01111	0.00770	0.01050
34	0.01159	0.00869	0.01304	0.01304	0.01449	0.01014	0.01014	0.01449	0.01304	0.01884	0.02173	0.03188	0.02029	0.06086	0.68268	0.01304	0.02173	0.00869	0.00435	0.00724
35	0.02875	0.02140	0.02195	0.01772	0.02351	0.07257	0.01431	0.35714	0.19474	0.12543	0.02413	0.02300	0.01723	0.01001	0.00810	0.00250	0.00845	0.00775	0.00810	0.01321
36	0.01687	0.01653	0.02472	0.11095	0.07887	0.07576	0.13100	0.03844	0.01662	0.02212	0.01756	0.02478	0.01518	0.02992	0.28590	0.00692	0.06646	0.00808	0.00421	0.00912
37	0.08381	0.02361	0.02218	0.02092	0.08073	0.18981	0.03873	0.11050	0.25136	0.03138	0.02125	0.02169	0.01631	0.00917	0.00767	0.00242	0.00938	0.00719	0.00624	0.04565
38	0.01775	0.01775	0.02485	0.02130	0.02130	0.02485	0.01775	0.01953	0.01243	0.01953	0.01065	0.01775	0.01065	0.01420	0.02663	0.00355	0.69998	0.00710	0.00355	0.00888
39	0.02185	0.23548	0.05973	0.06494	0.02356	0.05167	0.01426	0.11139	0.12031	0.07908	0.05605	0.02740	0.08124	0.01021	0.00740	0.00232	0.00813	0.00790	0.00609	0.01098
40	0.01034	0.00772	0.00962	0.01027	0.01171	0.00700	0.00727	0.01269	0.01862	0.02485	0.25443	0.35867	0.19420	0.02146	0.00993	0.00293	0.00429	0.01902	0.00799	0.00700
41	0.01826	0.01708	0.02301	0.11801	0.21872	0.04745	0.01630	0.02241	0.01754	0.02535	0.01458	0.01836	0.01203	0.00678	0.00697	0.00182	0.00819	0.00589	0.00437	0.39687
42	0.02954	0.09987	0.02475	0.02027	0.02470	0.62384	0.01552	0.03167	0.02241	0.01979	0.01243	0.01449	0.01045	0.00823	0.00713	0.00206	0.01410	0.00515	0.00412	0.00950
43	0.01683	0.01442	0.01683	0.01202	0.01923	0.01082	0.00961	0.02043	0.01683	0.02644	0.01442	0.01683	0.01202	0.00601	0.00601	0.00120	0.00601	0.00481	0.00481	0.76444
44	0.02169	0.71972	0.04252	0.01388	0.02083	0.03211	0.01388	0.02430	0.01649	0.01909	0.01128	0.01302	0.01041	0.00694	0.00521	0.00174	0.00868	0.00434	0.00347	0.01041
45	0.01228	0.01015	0.01101	0.01046	0.01337	0.00982	0.00794	0.01913	0.15023	0.02723	0.22563	0.06355	0.37396	0.01752	0.00931	0.00269	0.00451	0.01483	0.00806	0.00830

[dist]
# distance from previous block
# <min> <max>
0	1

[block]
# block no. 1 follows, 23 sequences, length 23
# corresponding to MSA columns:
# 130-152
name=unknown_B
#
# <colnr> <probs for GDERKNQSTAVLIFYWHMCP>
#	G	D	E	R	K	N	Q	S	T	A	V	L	I	F	Y	W	H	M	C	P
0	0.01807	0.01734	0.03106	0.03229	0.24790	0.01675	0.21015	0.05252	0.01983	0.02759	0.08432	0.07735	0.02436	0.01047	0.00896	0.00262	0.00960	0.05378	0.00527	0.04977
1	0.02169	0.71972	0.04252	0.01388	0.02083	0.03211	0.01388	0.02430	0.01649	0.01909	0.01128	0.01302	0.01041	0.00694	0.00521	0.00174	0.00868	0.00434	0.00347	0.01041
2	0.01409	0.00705	0.01057	0.01057	0.01057	0.00705	0.00705	0.01057	0.01057	0.01409	0.01409	0.02467	0.01409	0.02819	0.03171	0.76392	0.00705	0.00705	0.00352	0.00352
3	0.03031	0.03867	0.02299	0.02090	0.02508	0.68226	0.01568	0.03240	0.02299	0.01986	0.01254	0.01463	0.01045	0.00836	0.00732	0.00209	0.01463	0.00523	0.00418	0.00941
4	0.01884	0.01934	0.03087	0.08167	0.06416	0.05284	0.20775	0.02498	0.09215	0.02351	0.01591	0.02112	0.01313	0.01098	0.01593	0.03503	0.24939	0.00804	0.00435	0.01001
5	0.01069	0.00781	0.00974	0.01049	0.01170	0.00725	0.00740	0.01275	0.01746	0.02322	0.18932	0.32530	0.15430	0.11382	0.01422	0.00367	0.00503	0.06162	0.00750	0.00672
6	0.00989	0.00706	0.00942	0.01130	0.01177	0.00659	0.00753	0.01130	0.01554	0.02071	0.04472	0.70954	0.05367	0.02542	0.01036	0.00330	0.00471	0.02307	0.00753	0.00659
7	0.25188	0.02017	0.06360	0.01552	0.02121	0.02056	0.01331	0.33673	0.02643	0.04102	0.01817	0.04880	0.01487	0.06190	0.00971	0.00291	0.00808	0.00733	0.00659	0.01120
8	0.03137	0.02189	0.02383	0.01827	0.02475	0.02392	0.01509	0.58105	0.03675	0.10923	0.02066	0.02025	0.01439	0.00977	0.00812	0.00244	0.00874	0.00739	0.00830	0.01380
9	0.01027	0.00747	0.00918	0.01027	0.01111	0.00692	0.00682	0.01165	0.01570	0.02057	0.07761	0.44998	0.15229	0.15200	0.01593	0.00401	0.00515	0.01957	0.00712	0.00638
10	0.03351	0.01741	0.02094	0.01616	0.02245	0.01741	0.01332	0.26993	0.05797	0.40205	0.02723	0.02461	0.01788	0.00997	0.00815	0.00249	0.00766	0.00788	0.00922	0.01376
11	0.09085	0.08512	0.06609	0.02657	0.07978	0.04747	0.27367	0.12173	0.02129	0.05655	0.01605	0.01934	0.01218	0.00794	0.00890	0.00255	0.04007	0.00760	0.00495	0.01131
12	0.01115	0.00798	0.01010	0.01082	0.01114	0.00817	0.00706	0.01210	0.01364	0.01842	0.03348	0.35268	0.03916	0.31873	0.07400	0.00596	0.03681	0.01657	0.00602	0.00603
13	0.01850	0.05378	0.07147	0.13741	0.21328	0.02108	0.18374	0.02351	0.01695	0.02371	0.01431	0.01984	0.01170	0.00863	0.01191	0.00274	0.14518	0.00761	0.00382	0.01081
14	0.01056	0.00741	0.00950	0.01070	0.01110	0.00721	0.00695	0.01167	0.01427	0.01913	0.03753	0.47071	0.04429	0.22954	0.06584	0.00531	0.00681	0.01878	0.00655	0.00615
15	0.01513	0.00756	0.00756	0.00756	0.00945	0.00756	0.00567	0.01891	0.01702	0.03025	0.02647	0.03025	0.02080	0.00945	0.00567	0.00189	0.00378	0.00756	0.75988	0.00756
16	0.05516	0.01829	0.14265	0.01519	0.02057	0.01401	0.01426	0.02815	0.16677	0.14158	0.14313	0.07349	0.06922	0.01303	0.00858	0.00272	0.00697	0.04804	0.00747	0.01073
17	0.01850	0.06612	0.02796	0.05678	0.27003	0.04016	0.06745	0.02399	0.07355	0.02455	0.01970	0.10850	0.01846	0.01074	0.01051	0.00262	0.09661	0.00922	0.00479	0.04977
18	0.04998	0.04541	0.06010	0.01528	0.04521	0.06252	0.01205	0.05850	0.04677	0.10121	0.12100	0.17730	0.06164	0.01375	0.00832	0.00249	0.00692	0.01165	0.00685	0.09304
19	0.08372	0.03396	0.02190	0.05886	0.02587	0.54450	0.01535	0.03190	0.06928	0.02220	0.01411	0.01611	0.01143	0.00849	0.00726	0.00221	0.01317	0.00558	0.00452	0.00960
20	0.15179	0.14004	0.07604	0.01577	0.02211	0.06630	0.01412	0.12687	0.09471	0.18565	0.02042	0.02001	0.01465	0.00885	0.00704	0.00237	0.00831	0.00649	0.00664	0.01183
21	0.02528	0.02081	0.02163	0.01788	0.02289	0.06069	0.01438	0.32132	0.24966	0.04015	0.05015	0.02460	0.01987	0.01073	0.00955	0.00261	0.05943	0.00814	0.00763	0.01259
22	0.09347	0.15333	0.11813	0.01561	0.02165	0.02032	0.01459	0.20351	0.02309	0.07787	0.05282	0.07654	0.02014	0.06262	0.00993	0.00281	0.00826	0.00828	0.00615	0.01088

[dist]
# distance from previous block
# <min> <max>
19	34

[block]
# block no. 2 follows, 23 sequences, length 16
# corresponding to MSA columns:
# 187-202
name=unknown_C
#
# <colnr> <probs for GDERKNQSTAVLIFYWHMCP>
#	G	D	E	R	K	N	Q	S	T	A	V	L	I	F	Y	W	H	M	C	P
0	0.02326	0.01569	0.01888	0.04507	0.04265	0.01571	0.01260	0.18837	0.09407	0.14894	0.05780	0.11825	0.02429	0.01160	0.00814	0.00240	0.00703	0.00974	0.00751	0.14801
1	0.12024	0.02133	0.07518	0.04709	0.02402	0.07687	0.01447	0.22817	0.02530	0.12335	0.05968	0.02160	0.01713	0.00912	0.00746	0.00230	0.00848	0.00692	0.00668	0.10461
2	0.01318	0.00988	0.01176	0.01120	0.01355	0.00969	0.00839	0.07618	0.04971	0.02857	0.27242	0.16569	0.19595	0.02076	0.04444	0.03207	0.00569	0.01509	0.00782	0.00795
3	0.01909	0.01554	0.01798	0.01777	0.07370	0.01703	0.01265	0.06470	0.39325	0.05496	0.15289	0.03690	0.06398	0.01212	0.00854	0.00266	0.00623	0.01032	0.00804	0.01164
4	0.01820	0.03498	0.02387	0.01913	0.02186	0.02043	0.06816	0.07394	0.06837	0.02610	0.09440	0.02487	0.02079	0.01409	0.04249	0.00331	0.33672	0.00822	0.00516	0.07489
5	0.01099	0.00798	0.01079	0.04570	0.01439	0.00768	0.00868	0.01314	0.01746	0.02343	0.18302	0.40003	0.09334	0.02212	0.01117	0.04163	0.00513	0.06899	0.00744	0.00689
6	0.02376	0.01944	0.02399	0.03979	0.02392	0.02322	0.03601	0.32780	0.02557	0.03525	0.01664	0.02187	0.01389	0.07105	0.01750	0.00331	0.25229	0.00769	0.00597	0.01107
7	0.01182	0.00797	0.01044	0.03471	0.01378	0.00742	0.00815	0.01369	0.01681	0.06340	0.07684	0.52482	0.13416	0.02275	0.01000	0.00311	0.00494	0.02035	0.00762	0.00723
8	0.01414	0.01161	0.01768	0.10100	0.10582	0.01222	0.04184	0.03688	0.01766	0.02457	0.11502	0.28794	0.03716	0.01687	0.01103	0.03019	0.04762	0.01437	0.04801	0.00838
9	0.11554	0.00931	0.01099	0.01027	0.01261	0.00910	0.00781	0.01648	0.02172	0.03307	0.57121	0.05412	0.06729	0.01535	0.00895	0.00255	0.00416	0.01327	0.00840	0.00781
10	0.01714	0.01544	0.02107	0.01505	0.02240	0.01214	0.09513	0.02119	0.01714	0.02638	0.01469	0.01752	0.01206	0.00612	0.00650	0.00141	0.00706	0.00546	0.00471	0.66136
11	0.01006	0.00719	0.00962	0.01150	0.01205	0.00674	0.00784	0.01160	0.01571	0.02091	0.04463	0.67524	0.05328	0.02525	0.01040	0.00332	0.00486	0.05562	0.00753	0.00664
12	0.02075	0.10926	0.01933	0.04552	0.01962	0.01529	0.01170	0.04653	0.13376	0.17167	0.14995	0.07144	0.07472	0.01334	0.00848	0.00262	0.00650	0.06130	0.00776	0.01048
13	0.01227	0.00861	0.01133	0.01111	0.01208	0.00886	0.00797	0.01397	0.01729	0.02443	0.29233	0.17047	0.04965	0.11014	0.01815	0.10759	0.06408	0.01387	0.03915	0.00664
14	0.02244	0.01602	0.01854	0.01704	0.05251	0.01713	0.01289	0.15200	0.26565	0.12221	0.08710	0.03780	0.07712	0.01244	0.00862	0.00269	0.00681	0.05089	0.00821	0.01189
15	0.27470	0.04298	0.04583	0.01424	0.01989	0.01845	0.01209	0.14122	0.08887	0.06576	0.01840	0.05050	0.01483	0.00925	0.00735	0.00236	0.02977	0.00674	0.00611	0.13065

[dist]
# distance from previous block
# <min> <max>
4	8

[block]
# block no. 3 follows, 23 sequences, length 16
# corresponding to MSA columns:
# 212-227
name=unknown_D
#
# <colnr> <probs for GDERKNQSTAVLIFYWHMCP>
#	G	D	E	R	K	N	Q	S	T	A	V	L	I	F	Y	W	H	M	C	P
0	0.05285	0.16823	0.06638	0.01663	0.02264	0.22244	0.01436	0.05814	0.01943	0.02421	0.01315	0.01545	0.01099	0.00774	0.00757	0.00192	0.04820	0.00516	0.00437	0.22014
1	0.01931	0.01361	0.01484	0.01326	0.01673	0.04677	0.01024	0.09946	0.08996	0.13211	0.11331	0.16058	0.18204	0.01605	0.00959	0.00273	0.02832	0.01342	0.00795	0.00973
2	0.20482	0.01696	0.01761	0.01453	0.01932	0.03686	0.01183	0.22523	0.02411	0.13033	0.04804	0.02566	0.06039	0.01349	0.04871	0.00315	0.04438	0.00771	0.03599	0.01087
3	0.01000	0.00742	0.00907	0.01032	0.01129	0.00678	0.00695	0.01143	0.01588	0.02052	0.05181	0.49462	0.19645	0.09147	0.01319	0.00361	0.00487	0.02055	0.00728	0.00649
4	0.02096	0.01753	0.02378	0.05697	0.08631	0.02007	0.05720	0.22797	0.02282	0.03148	0.03945	0.05305	0.01827	0.07972	0.05151	0.00383	0.16411	0.00879	0.00569	0.01048
5	0.05209	0.01489	0.01715	0.01503	0.01960	0.01581	0.01203	0.05564	0.31795	0.19809	0.09588	0.03762	0.02996	0.01226	0.00852	0.00275	0.00646	0.06776	0.00858	0.01192
6	0.02500	0.01817	0.01990	0.01749	0.02242	0.01967	0.01366	0.09782	0.44642	0.13040	0.03343	0.03433	0.02561	0.01254	0.00917	0.00308	0.00744	0.04080	0.00901	0.01365
7	0.01043	0.00739	0.00968	0.01117	0.01177	0.00700	0.00759	0.01198	0.01576	0.02110	0.08145	0.54685	0.05171	0.10871	0.01414	0.00383	0.00522	0.06038	0.00730	0.00651
8	0.01691	0.01549	0.03471	0.13020	0.02426	0.07149	0.01343	0.06634	0.15576	0.02563	0.02972	0.23748	0.02959	0.01627	0.01036	0.04838	0.00778	0.05064	0.00642	0.00913
9	0.37778	0.01512	0.01589	0.01289	0.01860	0.01548	0.01064	0.06129	0.01958	0.34564	0.02178	0.02052	0.01453	0.00886	0.00670	0.00251	0.00671	0.00637	0.00762	0.01148
10	0.09220	0.02392	0.04956	0.04631	0.06413	0.08776	0.01630	0.44114	0.03174	0.04317	0.01746	0.01850	0.01273	0.00912	0.00775	0.00242	0.00950	0.00679	0.00686	0.01263
11	0.01825	0.02044	0.04413	0.03197	0.03942	0.01916	0.57359	0.02456	0.01880	0.02548	0.01918	0.08893	0.01634	0.00865	0.00965	0.00279	0.01281	0.01089	0.00444	0.01052
12	0.01021	0.00730	0.00976	0.01147	0.01213	0.00685	0.00791	0.01194	0.01625	0.02176	0.08649	0.62404	0.05476	0.02462	0.01036	0.00327	0.00483	0.06171	0.00762	0.00672
13	0.39267	0.06015	0.02097	0.04647	0.07995	0.06184	0.03694	0.02354	0.01497	0.02882	0.01192	0.01554	0.00997	0.00893	0.01034	0.00267	0.15494	0.00559	0.00438	0.00941
14	0.01054	0.00751	0.00977	0.01134	0.01202	0.00712	0.00787	0.01210	0.01558	0.02059	0.04351	0.52022	0.07343	0.11298	0.01439	0.00392	0.00545	0.09797	0.00719	0.00650
15	0.25338	0.02113	0.10941	0.03008	0.27991	0.01905	0.06097	0.02641	0.07422	0.03012	0.01563	0.01860	0.01230	0.00770	0.00718	0.00252	0.00888	0.00652	0.00464	0.01135

[dist]
# distance from previous block
# <min> <max>
0	3

[block]
# block no. 4 follows, 23 sequences, length 13
# corresponding to MSA columns:
# 231-243
name=unknown_E
#
# <colnr> <probs for GDERKNQSTAVLIFYWHMCP>
#	G	D	E	R	K	N	Q	S	T	A	V	L	I	F	Y	W	H	M	C	P
0	0.53049	0.12836	0.07081	0.01250	0.01850	0.01991	0.01157	0.02540	0.01530	0.08661	0.01332	0.01470	0.01012	0.00767	0.00553	0.00239	0.00717	0.00483	0.00508	0.00973
1	0.02211	0.05104	0.02933	0.03845	0.43427	0.17544	0.02101	0.02683	0.04525	0.02476	0.01803	0.02139	0.04013	0.00820	0.00783	0.00234	0.01041	0.00714	0.00436	0.01169
2	0.01732	0.07715	0.43575	0.02332	0.06198	0.01950	0.07704	0.02733	0.09792	0.02671	0.04667	0.02109	0.01548	0.00839	0.00788	0.00255	0.01073	0.00706	0.00438	0.01175
3	0.02176	0.01482	0.01740	0.04694	0.02073	0.01529	0.01197	0.19260	0.10970	0.12599	0.06202	0.15068	0.07725	0.01388	0.00866	0.00263	0.00679	0.02901	0.00784	0.06406
4	0.01102	0.00792	0.01003	0.01015	0.01147	0.00737	0.00712	0.01356	0.01917	0.02642	0.37584	0.22166	0.10060	0.12363	0.01452	0.00354	0.00467	0.01648	0.00790	0.00693
5	0.02846	0.08232	0.02385	0.01956	0.02405	0.50074	0.01513	0.11197	0.02388	0.02394	0.01404	0.01639	0.01159	0.01215	0.05485	0.00288	0.01395	0.00569	0.00467	0.00992
6	0.01255	0.00840	0.01057	0.01088	0.01286	0.00761	0.00813	0.01510	0.01905	0.07338	0.20853	0.27498	0.20513	0.02052	0.00989	0.00296	0.00479	0.07903	0.00807	0.00756
7	0.02574	0.01868	0.02036	0.01694	0.02237	0.02073	0.01356	0.23541	0.37003	0.12190	0.02850	0.02643	0.02060	0.01047	0.00820	0.00262	0.00730	0.00844	0.00844	0.01328
8	0.01000	0.00727	0.00922	0.01073	0.01143	0.00673	0.00715	0.01138	0.01559	0.02046	0.04773	0.57965	0.12554	0.08062	0.01277	0.00360	0.00489	0.02143	0.00732	0.00649
9	0.06000	0.07265	0.15469	0.01867	0.02394	0.01653	0.12762	0.02000	0.01664	0.02373	0.05199	0.09174	0.09911	0.06843	0.01315	0.00320	0.08542	0.03834	0.00503	0.00912
10	0.01496	0.01194	0.01214	0.01218	0.01356	0.05685	0.00815	0.04432	0.01710	0.02188	0.03953	0.23949	0.12959	0.28806	0.04719	0.00548	0.00798	0.01539	0.00671	0.00750
11	0.01546	0.04452	0.01646	0.04021	0.01783	0.01422	0.01102	0.07380	0.09056	0.02560	0.06968	0.24772	0.05114	0.05943	0.04017	0.00353	0.08911	0.01327	0.00644	0.06983
12	0.02385	0.01746	0.02030	0.01621	0.02170	0.01812	0.03650	0.27498	0.13498	0.08633	0.05316	0.07276	0.02181	0.01072	0.00801	0.00237	0.00734	0.00887	0.03947	0.12508

[dist]
# distance from previous block
# <min> <max>
0	27

[block]
# block no. 5 follows, 23 sequences, length 27
# corresponding to MSA columns:
# 271-297
name=unknown_F
#
# <colnr> <probs for GDERKNQSTAVLIFYWHMCP>
#	G	D	E	R	K	N	Q	S	T	A	V	L	I	F	Y	W	H	M	C	P
0	0.10021	0.06668	0.04097	0.01780	0.06055	0.03949	0.01392	0.23851	0.08185	0.05509	0.01958	0.04165	0.01570	0.01456	0.07702	0.00341	0.00954	0.00726	0.00630	0.08990
1	0.01657	0.04486	0.02155	0.10298	0.02435	0.03670	0.05181	0.07351	0.01692	0.02310	0.02079	0.11379	0.02047	0.02484	0.17086	0.00537	0.18064	0.03719	0.00489	0.00880
2	0.02268	0.01647	0.01798	0.01547	0.02021	0.01805	0.01216	0.12619	0.38868	0.12223	0.03503	0.03362	0.08046	0.04133	0.00974	0.00289	0.00671	0.00959	0.00828	0.01224
3	0.01513	0.00756	0.00756	0.00756	0.00945	0.00756	0.00567	0.01891	0.01702	0.03025	0.02647	0.03025	0.02080	0.00945	0.00567	0.00189	0.00378	0.00756	0.75988	0.00756
4	0.01005	0.00736	0.00944	0.01078	0.01171	0.00676	0.00738	0.01184	0.01683	0.02234	0.12609	0.54980	0.13235	0.02371	0.01016	0.00313	0.00452	0.02128	0.00771	0.00676
5	0.07068	0.01815	0.02270	0.04947	0.08118	0.02048	0.05301	0.11615	0.31190	0.07181	0.02443	0.02469	0.01835	0.01012	0.00966	0.00271	0.06733	0.00814	0.00690	0.01215
6	0.01015	0.00804	0.00859	0.00875	0.01067	0.00707	0.00612	0.01181	0.01706	0.02104	0.09333	0.13565	0.44643	0.16046	0.01604	0.00382	0.00491	0.01654	0.00707	0.00647
7	0.02498	0.01942	0.02250	0.16381	0.03049	0.03850	0.01627	0.33239	0.13612	0.06354	0.02220	0.02562	0.01685	0.01022	0.00828	0.00261	0.00890	0.03801	0.00711	0.01217
8	0.03305	0.01608	0.07870	0.01498	0.02153	0.01231	0.01333	0.03681	0.02265	0.57197	0.06826	0.02864	0.02259	0.01022	0.00820	0.00252	0.00719	0.00835	0.00937	0.01327
9	0.01623	0.01379	0.01619	0.01196	0.01859	0.01045	0.00944	0.01965	0.01671	0.02595	0.01703	0.07638	0.01560	0.00768	0.00638	0.00138	0.00590	0.00638	0.00504	0.69928
10	0.02646	0.01626	0.01986	0.01789	0.06042	0.01715	0.01343	0.09307	0.26825	0.26402	0.06195	0.02873	0.02342	0.01074	0.00905	0.00264	0.03664	0.00871	0.00846	0.01284
11	0.02112	0.04166	0.02646	0.06495	0.02578	0.09273	0.05457	0.11645	0.01825	0.02488	0.01282	0.01805	0.01122	0.01186	0.01891	0.00307	0.41600	0.00701	0.00435	0.00987
12	0.01019	0.00779	0.00941	0.01027	0.01184	0.00700	0.00740	0.01231	0.01781	0.02298	0.14206	0.35586	0.27478	0.02228	0.01003	0.00302	0.00454	0.05584	0.00772	0.00688
13	0.01002	0.00716	0.00953	0.01121	0.01180	0.00668	0.00754	0.01163	0.01614	0.02168	0.09494	0.65657	0.05554	0.02470	0.01029	0.00323	0.00464	0.02238	0.00765	0.00668
14	0.01812	0.01519	0.01752	0.01263	0.01978	0.01214	0.01015	0.07735	0.01879	0.02872	0.01489	0.01707	0.01218	0.00635	0.00620	0.00132	0.00628	0.00504	0.00511	0.69516
15	0.01570	0.06016	0.02750	0.02222	0.06261	0.01529	0.21857	0.01995	0.01824	0.02465	0.08677	0.13353	0.06320	0.01397	0.01028	0.00285	0.04376	0.11153	0.00572	0.04349
16	0.02384	0.05522	0.02209	0.04913	0.04438	0.02173	0.01443	0.21111	0.36318	0.06619	0.02653	0.02543	0.01964	0.01014	0.00804	0.00258	0.00759	0.00819	0.00770	0.01286
17	0.01511	0.01244	0.01577	0.09462	0.02166	0.01106	0.01102	0.04598	0.01746	0.02514	0.02479	0.21927	0.02565	0.01283	0.00787	0.00217	0.00643	0.04187	0.00573	0.38312
18	0.01549	0.01415	0.04834	0.03849	0.04752	0.01383	0.06970	0.08286	0.07291	0.02578	0.03146	0.31762	0.03357	0.05991	0.01256	0.00334	0.05209	0.04495	0.00646	0.00896
19	0.01688	0.01463	0.01732	0.01259	0.01936	0.01167	0.01011	0.02038	0.01656	0.02602	0.01419	0.01688	0.01194	0.00651	0.00727	0.00135	0.04836	0.00495	0.00473	0.71833
20	0.01694	0.01469	0.01859	0.01359	0.02044	0.01159	0.05003	0.03749	0.01749	0.02675	0.01654	0.05950	0.01463	0.00735	0.00656	0.00146	0.00651	0.00630	0.00502	0.64852
21	0.01657	0.12834	0.34590	0.02043	0.06510	0.01855	0.02138	0.02461	0.07584	0.02555	0.06695	0.08640	0.02217	0.01078	0.00795	0.00257	0.00941	0.03574	0.00487	0.01089
22	0.01513	0.00756	0.00756	0.00756	0.00945	0.00756	0.00567	0.01891	0.01702	0.03025	0.02647	0.03025	0.02080	0.00945	0.00567	0.00189	0.00378	0.00756	0.75988	0.00756
23	0.01789	0.01475	0.01706	0.01276	0.01926	0.01217	0.01013	0.09452	0.01930	0.02891	0.01783	0.08108	0.01608	0.00825	0.00667	0.00154	0.00624	0.00680	0.00546	0.60330
24	0.02813	0.01558	0.04216	0.01814	0.05566	0.01377	0.07024	0.05900	0.06283	0.38653	0.07193	0.07005	0.02441	0.01085	0.00844	0.00255	0.00752	0.00947	0.00839	0.03435
25	0.07418	0.02294	0.02056	0.01873	0.06068	0.19698	0.01371	0.24230	0.02574	0.06011	0.04599	0.02436	0.01761	0.09119	0.04655	0.00352	0.01057	0.00749	0.00617	0.01063
26	0.01666	0.09509	0.35153	0.02121	0.07456	0.05732	0.02178	0.02298	0.01788	0.02470	0.07776	0.06888	0.02209	0.01294	0.03902	0.00305	0.01062	0.04685	0.00458	0.01051

[dist]
# distance from previous block
# <min> <max>
16	24

[block]
# block no. 6 follows, 23 sequences, length 14
# corresponding to MSA columns:
# 322-335
name=unknown_G
#
# <colnr> <probs for GDERKNQSTAVLIFYWHMCP>
#	G	D	E	R	K	N	Q	S	T	A	V	L	I	F	Y	W	H	M	C	P
0	0.01892	0.01977	0.06683	0.02764	0.06841	0.01753	0.37340	0.05293	0.01909	0.05048	0.01931	0.06809	0.01651	0.05962	0.01129	0.00295	0.01117	0.00970	0.00483	0.08155
1	0.06945	0.01882	0.06804	0.01984	0.07404	0.01841	0.04565	0.07450	0.20382	0.07484	0.04745	0.02390	0.01867	0.00978	0.00993	0.00252	0.08865	0.00766	0.00626	0.11777
2	0.01513	0.00756	0.00756	0.00756	0.00945	0.00756	0.00567	0.01891	0.01702	0.03025	0.02647	0.03025	0.02080	0.00945	0.00567	0.00189	0.00378	0.00756	0.75988	0.00756
3	0.01129	0.00823	0.01162	0.01200	0.01301	0.00906	0.00876	0.01341	0.01333	0.01870	0.02696	0.17082	0.02848	0.16206	0.44211	0.01024	0.01604	0.01208	0.00508	0.00673
4	0.02586	0.02181	0.04495	0.05891	0.07338	0.04900	0.06033	0.41128	0.03100	0.04100	0.02425	0.02516	0.07524	0.01018	0.00831	0.00249	0.00929	0.00827	0.00692	0.01236
5	0.01125	0.00819	0.01057	0.01206	0.01300	0.00804	0.00861	0.01434	0.05693	0.02178	0.04213	0.50808	0.04867	0.07926	0.01285	0.00370	0.00554	0.12065	0.00736	0.00701
6	0.01802	0.10327	0.15224	0.09278	0.06150	0.04066	0.13970	0.02297	0.01675	0.02320	0.05539	0.02110	0.01527	0.00975	0.01287	0.00275	0.19007	0.00751	0.00402	0.01018
7	0.01607	0.01036	0.01249	0.01144	0.01307	0.01083	0.00794	0.09156	0.01623	0.07323	0.02448	0.04218	0.02476	0.42564	0.17768	0.00792	0.01101	0.01026	0.00559	0.00724
8	0.02017	0.02141	0.09293	0.02321	0.12937	0.05603	0.04291	0.07682	0.32082	0.03096	0.02922	0.02900	0.07013	0.01038	0.00826	0.00261	0.00832	0.00881	0.00656	0.01207
9	0.02102	0.05005	0.02090	0.01765	0.07179	0.14988	0.01287	0.08526	0.02005	0.02669	0.01507	0.01795	0.01254	0.01140	0.06087	0.00257	0.00971	0.00563	0.00486	0.38324
10	0.02169	0.71972	0.04252	0.01388	0.02083	0.03211	0.01388	0.02430	0.01649	0.01909	0.01128	0.01302	0.01041	0.00694	0.00521	0.00174	0.00868	0.00434	0.00347	0.01041
11	0.01845	0.06631	0.01937	0.01276	0.01988	0.01366	0.01045	0.07652	0.01873	0.02814	0.01465	0.01679	0.01206	0.00641	0.00614	0.00135	0.00647	0.00500	0.00501	0.64184
12	0.02271	0.01877	0.02387	0.05904	0.18313	0.02084	0.01706	0.16523	0.27798	0.05755	0.02373	0.02432	0.01794	0.00976	0.00898	0.00262	0.03889	0.00806	0.00680	0.01272
13	0.01017	0.00718	0.00933	0.01093	0.01133	0.00678	0.00714	0.01137	0.01497	0.01996	0.04184	0.61064	0.05003	0.12929	0.01502	0.00398	0.00518	0.02137	0.00714	0.00634

[dist]
# distance from previous block
# <min> <max>
0	1

[block]
# block no. 7 follows, 23 sequences, length 42
# corresponding to MSA columns:
# 337-378
name=unknown_H
#
# <colnr> <probs for GDERKNQSTAVLIFYWHMCP>
#	G	D	E	R	K	N	Q	S	T	A	V	L	I	F	Y	W	H	M	C	P
0	0.01507	0.00911	0.01188	0.01072	0.01333	0.00824	0.00820	0.01870	0.02275	0.12650	0.53353	0.05672	0.10178	0.01584	0.00936	0.00256	0.00430	0.01385	0.00902	0.00852
1	0.01232	0.00876	0.01202	0.01377	0.01522	0.00866	0.01136	0.01531	0.01756	0.02296	0.04217	0.21909	0.04701	0.06944	0.01304	0.00392	0.00692	0.44605	0.00731	0.00712
2	0.00989	0.00706	0.00942	0.01130	0.01177	0.00659	0.00753	0.01130	0.01554	0.02071	0.04472	0.70954	0.05367	0.02542	0.01036	0.00330	0.00471	0.02307	0.00753	0.00659
3	0.02259	0.01863	0.01970	0.01700	0.02202	0.02131	0.01343	0.17713	0.51163	0.03782	0.02997	0.02784	0.02229	0.01072	0.00823	0.00268	0.00699	0.00875	0.00823	0.01306
4	0.01729	0.01884	0.06915	0.05213	0.15862	0.01686	0.30749	0.02225	0.01765	0.02438	0.01998	0.12267	0.01846	0.01109	0.01054	0.05171	0.01069	0.01051	0.00453	0.03518
5	0.06148	0.14508	0.39423	0.02207	0.05924	0.05668	0.06295	0.02518	0.01765	0.02534	0.04735	0.01880	0.01391	0.00799	0.00736	0.00241	0.01085	0.00633	0.00392	0.01116
6	0.01790	0.24514	0.48385	0.02036	0.03083	0.02282	0.02515	0.02528	0.01694	0.02372	0.01358	0.01590	0.01032	0.00748	0.00696	0.00232	0.01100	0.00550	0.00344	0.01152
7	0.01792	0.01804	0.03384	0.18293	0.28262	0.01836	0.21467	0.02323	0.01796	0.02461	0.01784	0.07711	0.01556	0.00878	0.00872	0.00265	0.01077	0.00925	0.00424	0.01090
8	0.08605	0.11878	0.02251	0.10094	0.02491	0.11494	0.01397	0.10769	0.02189	0.16639	0.05023	0.05839	0.02022	0.01068	0.00771	0.00247	0.00879	0.04637	0.00644	0.01064
9	0.01074	0.00771	0.01022	0.01102	0.01218	0.00719	0.00787	0.01331	0.01890	0.02599	0.30953	0.39808	0.06316	0.02146	0.01006	0.00300	0.00447	0.04987	0.00813	0.00710
10	0.03106	0.01312	0.01714	0.01353	0.01888	0.01185	0.01103	0.07318	0.02353	0.49265	0.10206	0.03111	0.02618	0.01071	0.00807	0.00245	0.00637	0.00879	0.08583	0.01248
11	0.10107	0.01307	0.05068	0.15563	0.02381	0.01250	0.01252	0.04166	0.01962	0.07549	0.25536	0.03830	0.06670	0.01298	0.00941	0.04067	0.00660	0.01011	0.04510	0.00872
12	0.01539	0.01440	0.02285	0.22933	0.06106	0.01775	0.05799	0.01882	0.01460	0.02042	0.01725	0.06984	0.01634	0.05838	0.12035	0.00488	0.21878	0.00888	0.00409	0.00862
13	0.01775	0.01775	0.02485	0.02130	0.02130	0.02485	0.01775	0.01953	0.01243	0.01953	0.01065	0.01775	0.01065	0.01420	0.02663	0.00355	0.69998	0.00710	0.00355	0.00888
14	0.00989	0.00706	0.00942	0.01130	0.01177	0.00659	0.00753	0.01130	0.01554	0.02071	0.04472	0.70954	0.05367	0.02542	0.01036	0.00330	0.00471	0.02307	0.00753	0.00659
15	0.01166	0.00796	0.01053	0.01189	0.01314	0.00746	0.00878	0.01380	0.01709	0.04772	0.07565	0.46971	0.10137	0.02337	0.01035	0.00328	0.00529	0.14613	0.00768	0.00713
16	0.01425	0.02536	0.33288	0.01882	0.02571	0.01389	0.06964	0.01993	0.01697	0.02396	0.05843	0.17339	0.05845	0.01469	0.01042	0.05382	0.00919	0.04566	0.00507	0.00946
17	0.01453	0.00894	0.01171	0.01065	0.01300	0.00819	0.00804	0.01808	0.02243	0.10914	0.55124	0.05622	0.06730	0.05142	0.01102	0.00282	0.00441	0.01374	0.00886	0.00826
18	0.03165	0.02144	0.02356	0.01806	0.02452	0.02326	0.01492	0.55106	0.03600	0.14028	0.02129	0.02065	0.01471	0.00978	0.00812	0.00245	0.00864	0.00743	0.00839	0.01380
19	0.12114	0.00993	0.01165	0.01086	0.01359	0.00960	0.00831	0.01874	0.01996	0.10807	0.33438	0.10508	0.09999	0.05390	0.01063	0.00296	0.00503	0.03993	0.00801	0.00826
20	0.01800	0.01102	0.01224	0.01088	0.01379	0.01132	0.00838	0.11299	0.06400	0.06892	0.17134	0.03660	0.03320	0.04659	0.00903	0.00252	0.00512	0.00951	0.34548	0.00909
21	0.00989	0.00706	0.00942	0.01130	0.01177	0.00659	0.00753	0.01130	0.01554	0.02071	0.04472	0.70954	0.05367	0.02542	0.01036	0.00330	0.00471	0.02307	0.00753	0.00659
22	0.00989	0.00706	0.00942	0.01130	0.01177	0.00659	0.00753	0.01130	0.01554	0.02071	0.04472	0.70954	0.05367	0.02542	0.01036	0.00330	0.00471	0.02307	0.00753	0.00659
23	0.30042	0.01488	0.01591	0.01320	0.01842	0.01539	0.01071	0.08618	0.05489	0.28234	0.05290	0.06112	0.02011	0.01031	0.00720	0.00256	0.00657	0.00789	0.00775	0.01124
24	0.01074	0.00805	0.01000	0.01030	0.01207	0.00731	0.00762	0.01354	0.01978	0.02651	0.32767	0.22450	0.21221	0.02009	0.00988	0.00286	0.00435	0.05717	0.00815	0.00719
25	0.01513	0.00756	0.00756	0.00756	0.00945	0.00756	0.00567	0.01891	0.01702	0.03025	0.02647	0.03025	0.02080	0.00945	0.00567	0.00189	0.00378	0.00756	0.75988	0.00756
26	0.12855	0.01007	0.01127	0.01080	0.01354	0.00983	0.00813	0.03756	0.01896	0.09775	0.16993	0.22542	0.14609	0.01690	0.00865	0.00273	0.00497	0.01441	0.05618	0.00826
27	0.01201	0.00835	0.01049	0.01105	0.01294	0.00762	0.00837	0.01456	0.01874	0.05652	0.17670	0.27083	0.21690	0.02107	0.01003	0.00304	0.00496	0.12051	0.00793	0.00739
28	0.01066	0.00759	0.01016	0.01193	0.01267	0.00724	0.00856	0.01249	0.01599	0.02119	0.04331	0.54359	0.05088	0.06240	0.01222	0.00364	0.00546	0.14596	0.00738	0.00668
29	0.01657	0.00911	0.00932	0.00875	0.01102	0.00936	0.00663	0.08128	0.01892	0.03170	0.02572	0.03021	0.02049	0.04178	0.00755	0.00222	0.00449	0.00773	0.64908	0.00807
30	0.01075	0.00747	0.00933	0.01031	0.01105	0.00706	0.00684	0.01233	0.01593	0.02174	0.12196	0.42256	0.07829	0.16880	0.01652	0.00407	0.00519	0.01854	0.04484	0.00644
31	0.02815	0.01437	0.01735	0.01396	0.01904	0.01404	0.01125	0.15071	0.07302	0.33989	0.07186	0.03202	0.05593	0.03373	0.00914	0.00264	0.00664	0.00900	0.08520	0.01206
32	0.30560	0.01502	0.01623	0.01323	0.01876	0.01534	0.01084	0.07128	0.05487	0.33142	0.05322	0.02347	0.01843	0.00946	0.00707	0.00252	0.00663	0.00708	0.00792	0.01161
33	0.04961	0.01937	0.02045	0.01666	0.02206	0.02167	0.01346	0.37217	0.22587	0.04327	0.02412	0.02369	0.01774	0.01004	0.00782	0.00248	0.00756	0.00782	0.08139	0.01273
34	0.01075	0.00754	0.00971	0.01100	0.01157	0.00723	0.00744	0.01217	0.01532	0.02046	0.07177	0.45531	0.04827	0.19302	0.01796	0.00442	0.00570	0.07709	0.00696	0.00632
35	0.02282	0.01757	0.02070	0.06280	0.07869	0.01944	0.01443	0.18916	0.29210	0.07839	0.05456	0.02853	0.02231	0.04942	0.01008	0.00290	0.00762	0.00873	0.00752	0.01223
36	0.02264	0.01879	0.02236	0.03615	0.02283	0.06334	0.06284	0.08648	0.04985	0.03024	0.02252	0.02945	0.01934	0.05358	0.01619	0.00363	0.20437	0.00884	0.21545	0.01109
37	0.02427	0.01821	0.01981	0.05378	0.02247	0.04544	0.01326	0.31985	0.08804	0.06699	0.02289	0.06111	0.01905	0.09144	0.01270	0.00315	0.03996	0.00878	0.05757	0.01123
38	0.01753	0.01575	0.02201	0.11957	0.12800	0.03947	0.04488	0.08347	0.06030	0.02734	0.11364	0.14275	0.02906	0.01324	0.01126	0.00281	0.10208	0.01113	0.00589	0.00984
39	0.02285	0.01789	0.01898	0.03857	0.02177	0.04896	0.01258	0.25416	0.13307	0.06844	0.07367	0.03187	0.10609	0.01130	0.00814	0.00238	0.00738	0.00907	0.00746	0.10536
40	0.01678	0.01429	0.02351	0.49923	0.04573	0.01722	0.04744	0.02154	0.01651	0.06316	0.01739	0.05460	0.01401	0.00956	0.00966	0.00275	0.06586	0.00814	0.04344	0.00921
41	0.01850	0.01593	0.02343	0.36968	0.07569	0.01936	0.01914	0.12243	0.01916	0.02610	0.01530	0.02114	0.01207	0.01030	0.01206	0.03700	0.12223	0.00722	0.04358	0.00968

[dist]
# distance from previous block
# <min> <max>
13	66

# created by:
# /st0/software/busco_prod/Augustus/scripts/msa2prfl.pl ./align_prep/104873.fa
