[name]
unknown

[dist]
# distance from previous block
# <min> <max>
3	9

[block]
# block no. 0 follows, 25 sequences, length 99
# corresponding to MSA columns:
# 10-108
name=unknown_A
#
# <colnr> <probs for GDERKNQSTAVLIFYWHMCP>
#	G	D	E	R	K	N	Q	S	T	A	V	L	I	F	Y	W	H	M	C	P
0	0.01276	0.00921	0.01173	0.01228	0.04981	0.00857	0.00812	0.01575	0.04227	0.05241	0.20338	0.20847	0.09949	0.15149	0.01461	0.00348	0.00533	0.01397	0.00680	0.07008
1	0.02739	0.02934	0.02109	0.01827	0.02264	0.42899	0.01414	0.17892	0.02478	0.05474	0.01945	0.02041	0.06259	0.00947	0.00801	0.00219	0.03569	0.00653	0.00537	0.00997
2	0.01814	0.06982	0.01853	0.01228	0.01896	0.01314	0.01005	0.05743	0.04738	0.05456	0.01536	0.01697	0.01235	0.00640	0.00598	0.00138	0.00615	0.00502	0.00504	0.60506
3	0.01038	0.00729	0.00968	0.01060	0.01149	0.00682	0.00725	0.01176	0.01523	0.02076	0.12108	0.49591	0.04736	0.05318	0.03894	0.06308	0.00537	0.01808	0.00675	0.03901
4	0.01543	0.01135	0.01332	0.01197	0.01491	0.01172	0.00919	0.07118	0.18500	0.05670	0.37473	0.04581	0.08547	0.01444	0.00957	0.03547	0.00492	0.01173	0.00806	0.00904
5	0.01243	0.00845	0.01068	0.01121	0.01253	0.00834	0.00785	0.01624	0.09365	0.05387	0.12474	0.42770	0.04550	0.06073	0.01255	0.05718	0.00501	0.01699	0.00717	0.00719
6	0.00951	0.00759	0.00840	0.00876	0.01067	0.00661	0.00628	0.01141	0.01714	0.02141	0.12698	0.22282	0.44067	0.05296	0.01073	0.00295	0.00420	0.01722	0.00722	0.00648
7	0.53279	0.01249	0.01026	0.00950	0.01327	0.01406	0.00759	0.02079	0.01439	0.03259	0.04619	0.04886	0.01592	0.00876	0.00536	0.00229	0.00526	0.00613	0.18551	0.00798
8	0.01650	0.00928	0.01176	0.01058	0.01364	0.00824	0.00832	0.01955	0.02064	0.18926	0.32024	0.05643	0.21140	0.01566	0.00893	0.00255	0.00469	0.05543	0.00836	0.00856
9	0.78228	0.01499	0.01140	0.01020	0.01499	0.01739	0.00840	0.02279	0.01320	0.03479	0.01080	0.01260	0.00840	0.00720	0.00480	0.00240	0.00600	0.00420	0.00480	0.00840
10	0.02959	0.02072	0.02255	0.01738	0.02350	0.02267	0.01433	0.57204	0.05881	0.10832	0.02024	0.01974	0.01415	0.00938	0.00777	0.00235	0.00826	0.00713	0.00794	0.01315
11	0.02668	0.01893	0.02036	0.01609	0.02153	0.02080	0.01314	0.47358	0.10709	0.07480	0.02153	0.02147	0.01553	0.00943	0.00749	0.00230	0.00755	0.00726	0.10209	0.01234
12	0.01089	0.00745	0.00848	0.00869	0.00895	0.00729	0.00509	0.01121	0.01220	0.01606	0.03080	0.13396	0.08072	0.58796	0.03356	0.00661	0.00688	0.01297	0.00519	0.00503
13	0.06352	0.01298	0.01731	0.01343	0.01915	0.01141	0.01105	0.03592	0.02182	0.62279	0.06492	0.02755	0.02170	0.00984	0.00775	0.00240	0.00641	0.00799	0.00935	0.01268
14	0.01133	0.00745	0.00842	0.00854	0.00867	0.00742	0.00491	0.01163	0.01180	0.01614	0.02570	0.09422	0.02926	0.64007	0.03557	0.00690	0.00710	0.01176	0.04817	0.00495
15	0.02947	0.02172	0.02327	0.01784	0.02404	0.02404	0.01474	0.65329	0.03646	0.04887	0.01862	0.01862	0.01319	0.00931	0.00776	0.00233	0.00853	0.00698	0.00776	0.01319
16	0.54984	0.01542	0.01359	0.01162	0.01655	0.01735	0.00952	0.10386	0.05001	0.09317	0.01520	0.01611	0.01122	0.00792	0.00562	0.00238	0.00627	0.00523	0.03956	0.00956
17	0.00956	0.00697	0.00901	0.01041	0.01120	0.00642	0.00708	0.01119	0.01580	0.02099	0.10661	0.59526	0.11486	0.02303	0.00975	0.00303	0.00436	0.02072	0.00733	0.00642
18	0.01128	0.00752	0.00846	0.00846	0.00846	0.00752	0.00470	0.01128	0.01128	0.01503	0.02443	0.05074	0.02819	0.72751	0.03946	0.00752	0.00752	0.01128	0.00470	0.00470
19	0.01108	0.00831	0.01246	0.01246	0.01385	0.00969	0.00969	0.01385	0.01246	0.01800	0.02077	0.03046	0.01938	0.05815	0.69678	0.01246	0.02077	0.00831	0.00415	0.00692
20	0.01838	0.01787	0.02467	0.04961	0.09296	0.05265	0.04909	0.07566	0.01563	0.02235	0.01271	0.01859	0.01146	0.01509	0.07148	0.00375	0.42781	0.00697	0.00394	0.00931
21	0.01076	0.00872	0.01030	0.01168	0.01229	0.04197	0.00802	0.01216	0.01507	0.01970	0.03975	0.65562	0.04739	0.02300	0.01043	0.00310	0.03611	0.02051	0.00687	0.00653
22	0.01108	0.00831	0.01246	0.01246	0.01385	0.00969	0.00969	0.01385	0.01246	0.01800	0.02077	0.03046	0.01938	0.05815	0.69678	0.01246	0.02077	0.00831	0.00415	0.00692
23	0.01874	0.01919	0.03688	0.14105	0.21171	0.01923	0.34166	0.06716	0.01895	0.02584	0.01530	0.02026	0.01178	0.00702	0.00844	0.00251	0.01130	0.00805	0.00409	0.01084
24	0.03765	0.10704	0.34748	0.02509	0.06301	0.05029	0.21244	0.02470	0.01711	0.02401	0.01397	0.01724	0.01050	0.00704	0.00758	0.00239	0.01147	0.00657	0.00357	0.01084
25	0.01891	0.02010	0.08212	0.04562	0.62928	0.01839	0.02417	0.02385	0.01756	0.02527	0.01453	0.01897	0.01209	0.00694	0.00765	0.00231	0.00938	0.00682	0.00379	0.01222
26	0.01856	0.01810	0.02900	0.11769	0.55046	0.04418	0.02230	0.02299	0.01759	0.02425	0.01763	0.02195	0.04555	0.00769	0.00773	0.00234	0.00925	0.00731	0.00397	0.01146
27	0.01790	0.04216	0.14520	0.03105	0.28005	0.01709	0.11816	0.02436	0.06731	0.05385	0.02017	0.11054	0.01791	0.00956	0.00808	0.00250	0.00922	0.00910	0.00474	0.01105
28	0.01583	0.03843	0.63668	0.02407	0.08342	0.01804	0.02827	0.02450	0.01647	0.02461	0.01397	0.01659	0.01001	0.00733	0.00739	0.00244	0.01129	0.00582	0.00332	0.01152
29	0.00966	0.00736	0.00891	0.00975	0.01117	0.00661	0.00693	0.01161	0.01691	0.02189	0.14475	0.38775	0.26755	0.02142	0.00956	0.00288	0.00426	0.03709	0.00739	0.00655
30	0.01739	0.05061	0.05176	0.02757	0.23488	0.08329	0.11440	0.02192	0.03598	0.02400	0.09072	0.03153	0.12569	0.01035	0.00900	0.00243	0.04445	0.00918	0.00492	0.00992
31	0.01933	0.01902	0.06076	0.04266	0.54839	0.01786	0.07248	0.02418	0.01784	0.05166	0.01628	0.02206	0.01363	0.00755	0.00790	0.00239	0.00943	0.03045	0.00418	0.01194
32	0.00943	0.00681	0.00893	0.01064	0.01120	0.00631	0.00713	0.01081	0.01500	0.01986	0.04469	0.68714	0.08533	0.02404	0.00986	0.00312	0.00447	0.02173	0.00720	0.00631
33	0.01908	0.01835	0.03110	0.04629	0.64770	0.01868	0.02347	0.02355	0.01738	0.02501	0.01437	0.01908	0.01218	0.00723	0.00852	0.00235	0.04281	0.00690	0.00382	0.01210
34	0.01837	0.03361	0.50539	0.02446	0.10512	0.01734	0.05353	0.02605	0.01729	0.10311	0.01605	0.01808	0.01130	0.00754	0.00753	0.00244	0.01070	0.00626	0.00412	0.01171
35	0.00930	0.00786	0.00805	0.00800	0.01056	0.00661	0.00600	0.01140	0.01800	0.02173	0.12462	0.07333	0.62944	0.01934	0.00916	0.00260	0.00391	0.01618	0.00730	0.00661
36	0.01608	0.01378	0.01608	0.01148	0.01837	0.01034	0.00919	0.01952	0.01608	0.02527	0.01378	0.01608	0.01148	0.00574	0.00574	0.00115	0.00574	0.00459	0.00459	0.77491
37	0.01590	0.01391	0.01664	0.01927	0.16034	0.05930	0.01199	0.07874	0.05182	0.02827	0.22299	0.04387	0.18574	0.01305	0.00832	0.00239	0.00623	0.01116	0.04096	0.00913
38	0.01128	0.00752	0.00846	0.00846	0.00846	0.00752	0.00470	0.01128	0.01128	0.01503	0.02443	0.05074	0.02819	0.72751	0.03946	0.00752	0.00752	0.01128	0.00470	0.00470
39	0.01687	0.01912	0.08348	0.24973	0.20151	0.01804	0.22803	0.02255	0.01708	0.02322	0.01655	0.02167	0.03120	0.00747	0.00820	0.00252	0.01085	0.00783	0.00380	0.01028
40	0.01729	0.01344	0.01594	0.01158	0.01814	0.01027	0.00927	0.02071	0.01685	0.07730	0.04855	0.01900	0.01521	0.00656	0.00608	0.00131	0.00570	0.00532	0.00519	0.67629
41	0.11880	0.57838	0.03523	0.01347	0.01964	0.08847	0.01280	0.02385	0.01598	0.02042	0.01089	0.01260	0.00976	0.00683	0.00513	0.00178	0.00851	0.00423	0.00357	0.00967
42	0.01707	0.05195	0.22542	0.06503	0.07026	0.01950	0.29134	0.02332	0.01665	0.02344	0.01489	0.03636	0.01190	0.00810	0.01016	0.00261	0.09011	0.00779	0.00370	0.01040
43	0.01695	0.04756	0.08425	0.02035	0.02263	0.02210	0.06375	0.02130	0.06339	0.02065	0.01317	0.01868	0.01180	0.01441	0.05704	0.00362	0.47839	0.00699	0.00381	0.00916
44	0.00945	0.00675	0.00900	0.01080	0.01125	0.00630	0.00720	0.01080	0.01484	0.01979	0.04274	0.72245	0.05128	0.02429	0.00990	0.00315	0.00450	0.02204	0.00720	0.00630
45	0.01196	0.00832	0.01194	0.01164	0.01335	0.00768	0.04005	0.01463	0.01840	0.06235	0.30437	0.37047	0.05659	0.01904	0.00943	0.00278	0.00470	0.01724	0.00773	0.00732
46	0.01853	0.01780	0.03047	0.18122	0.40414	0.01859	0.10229	0.04837	0.05463	0.02542	0.01567	0.02025	0.01249	0.00733	0.00790	0.00242	0.00974	0.00730	0.00415	0.01132
47	0.01018	0.00783	0.00930	0.00907	0.01113	0.00696	0.00675	0.01304	0.01987	0.02647	0.40495	0.10206	0.30875	0.01782	0.00919	0.00255	0.00381	0.01540	0.00794	0.00696
48	0.00976	0.00699	0.00928	0.01058	0.01132	0.00651	0.00722	0.01158	0.01630	0.02211	0.17248	0.58609	0.05577	0.02256	0.00974	0.00300	0.00433	0.02040	0.00747	0.00651
49	0.02189	0.02431	0.02765	0.13208	0.33248	0.25378	0.04931	0.02576	0.01888	0.02231	0.01362	0.01767	0.01118	0.00739	0.00752	0.00225	0.01121	0.00634	0.00384	0.01053
50	0.03373	0.01490	0.01905	0.01460	0.02064	0.01392	0.01206	0.16065	0.02504	0.55763	0.02820	0.02484	0.01799	0.00954	0.00779	0.00238	0.00698	0.00763	0.00923	0.01319
51	0.02738	0.02018	0.02172	0.01719	0.02297	0.02240	0.01403	0.48602	0.17970	0.07318	0.02211	0.02132	0.01585	0.00960	0.00779	0.00240	0.00790	0.00743	0.00787	0.01298
52	0.01806	0.01524	0.01868	0.04458	0.02170	0.01303	0.03728	0.11217	0.01912	0.02844	0.01457	0.01686	0.01169	0.00639	0.00627	0.00145	0.00666	0.00523	0.00498	0.59763
53	0.01635	0.01879	0.08541	0.01961	0.02191	0.06593	0.06803	0.01936	0.01372	0.01964	0.01417	0.03881	0.01327	0.02154	0.15964	0.00501	0.37902	0.00748	0.00373	0.00858
54	0.06168	0.01798	0.02777	0.18876	0.44619	0.04874	0.02174	0.02296	0.01688	0.02408	0.01389	0.01881	0.01144	0.00744	0.00826	0.00240	0.03958	0.00666	0.00379	0.01094
55	0.01556	0.01505	0.02344	0.59114	0.10321	0.04942	0.02092	0.02043	0.01587	0.02016	0.01405	0.02064	0.01086	0.00979	0.03640	0.00294	0.01085	0.00686	0.00353	0.00887
56	0.00953	0.00678	0.00897	0.01069	0.01112	0.00635	0.00708	0.01082	0.01468	0.01957	0.04189	0.69149	0.05022	0.05670	0.01126	0.00335	0.00464	0.02155	0.00708	0.00622
57	0.01852	0.02013	0.04017	0.02946	0.03559	0.02067	0.49075	0.05130	0.01776	0.02461	0.01467	0.01999	0.01150	0.00812	0.01248	0.00276	0.15881	0.00856	0.00398	0.01017
58	0.01108	0.00831	0.01246	0.01246	0.01385	0.00969	0.00969	0.01385	0.01246	0.01800	0.02077	0.03046	0.01938	0.05815	0.69678	0.01246	0.02077	0.00831	0.00415	0.00692
59	0.01204	0.00816	0.01071	0.00994	0.01195	0.00750	0.00750	0.01567	0.02196	0.06041	0.64614	0.05650	0.07074	0.01557	0.00908	0.00244	0.00379	0.01374	0.00858	0.00758
60	0.03479	0.01320	0.01799	0.01380	0.01979	0.01140	0.01140	0.03779	0.02219	0.68451	0.03059	0.02639	0.01919	0.00960	0.00780	0.00240	0.00660	0.00780	0.00960	0.01320
61	0.01076	0.00792	0.01007	0.00953	0.01145	0.00723	0.00715	0.01422	0.02145	0.02990	0.60494	0.05988	0.14401	0.01630	0.00915	0.00246	0.00369	0.01430	0.00838	0.00723
62	0.01555	0.04011	0.68733	0.02210	0.03356	0.01801	0.02865	0.02455	0.01637	0.02455	0.01391	0.01637	0.00982	0.00737	0.00737	0.00246	0.01146	0.00573	0.00327	0.01146
63	0.78228	0.01499	0.01140	0.01020	0.01499	0.01739	0.00840	0.02279	0.01320	0.03479	0.01080	0.01260	0.00840	0.00720	0.00480	0.00240	0.00600	0.00420	0.00480	0.00840
64	0.01098	0.00846	0.01188	0.01171	0.01324	0.00820	0.03382	0.01376	0.01835	0.02526	0.32350	0.29822	0.08488	0.01898	0.01020	0.00283	0.03414	0.05704	0.00750	0.00708
65	0.01082	0.00792	0.01015	0.00959	0.01149	0.00725	0.00719	0.01433	0.02158	0.03021	0.62322	0.05937	0.12554	0.01618	0.00915	0.00245	0.00368	0.01423	0.00842	0.00725
66	0.01794	0.02262	0.10946	0.03085	0.03857	0.01970	0.54873	0.02443	0.01771	0.02443	0.01517	0.02021	0.01147	0.00705	0.00998	0.00265	0.05614	0.00866	0.00382	0.01044
67	0.02910	0.01337	0.01741	0.01309	0.01936	0.01107	0.01072	0.03224	0.02033	0.48421	0.02548	0.02326	0.01685	0.00843	0.00717	0.00202	0.00634	0.00682	0.00808	0.24463
68	0.01947	0.52747	0.11674	0.01391	0.02057	0.02543	0.01435	0.02288	0.01671	0.04948	0.07089	0.01956	0.03873	0.00809	0.00590	0.00189	0.00807	0.00577	0.00417	0.00994
69	0.64007	0.01806	0.08709	0.01200	0.01756	0.01775	0.01101	0.04294	0.04350	0.03397	0.01231	0.01393	0.00939	0.00743	0.00531	0.00241	0.00669	0.00466	0.00486	0.00906
70	0.01675	0.09232	0.56936	0.02191	0.03244	0.05145	0.06200	0.02477	0.01670	0.02382	0.01368	0.01621	0.00995	0.00729	0.00726	0.00238	0.01143	0.00577	0.00335	0.01117
71	0.01582	0.01331	0.01555	0.01166	0.01777	0.01054	0.00920	0.03580	0.03619	0.02589	0.04161	0.07266	0.01729	0.00779	0.00631	0.00143	0.00565	0.00648	0.00512	0.64393
72	0.00942	0.00687	0.00887	0.01048	0.01116	0.00632	0.00706	0.01083	0.01515	0.01992	0.04659	0.65272	0.11852	0.02379	0.00982	0.00309	0.00444	0.02143	0.00720	0.00632
73	0.02692	0.01478	0.01872	0.01495	0.02015	0.01468	0.03563	0.14012	0.13964	0.33618	0.12433	0.03001	0.02674	0.01053	0.00806	0.00244	0.00665	0.00881	0.00860	0.01205
74	0.02947	0.02172	0.02327	0.01784	0.02404	0.02404	0.01474	0.65329	0.03646	0.04887	0.01862	0.01862	0.01319	0.00931	0.00776	0.00233	0.00853	0.00698	0.00776	0.01319
75	0.01827	0.01931	0.03871	0.16662	0.10385	0.01927	0.43163	0.05799	0.01868	0.02520	0.01536	0.02058	0.01161	0.00696	0.00866	0.00256	0.01191	0.00837	0.00403	0.01042
76	0.01121	0.00778	0.00977	0.00977	0.01022	0.00823	0.00633	0.01212	0.01166	0.01601	0.02323	0.04409	0.02530	0.50812	0.25490	0.00914	0.01186	0.01030	0.00452	0.00543
77	0.01169	0.00812	0.01038	0.00970	0.01178	0.00739	0.00731	0.01513	0.02148	0.05517	0.58321	0.05858	0.13876	0.01603	0.00910	0.00246	0.00380	0.01404	0.00843	0.00746
78	0.01710	0.01375	0.01618	0.01161	0.01845	0.01039	0.00931	0.02052	0.01641	0.06119	0.01470	0.01664	0.01190	0.00595	0.00585	0.00122	0.00579	0.00477	0.00487	0.73339
79	0.07446	0.01474	0.02480	0.56338	0.07597	0.01751	0.07952	0.02068	0.01568	0.02167	0.01376	0.02001	0.01040	0.00756	0.00765	0.00256	0.01021	0.00689	0.00361	0.00893
80	0.01486	0.00808	0.00827	0.00812	0.01012	0.00826	0.00611	0.03495	0.05207	0.02918	0.02627	0.06061	0.02136	0.00982	0.00582	0.00193	0.00392	0.00799	0.67464	0.00761
81	0.01385	0.01081	0.01404	0.01283	0.01422	0.01220	0.02897	0.05970	0.06424	0.02036	0.02255	0.06327	0.02298	0.32228	0.20213	0.00730	0.08632	0.00989	0.00495	0.00709
82	0.75227	0.01469	0.01123	0.01008	0.01476	0.01700	0.00828	0.02261	0.01332	0.03456	0.01136	0.01323	0.00885	0.00727	0.00482	0.00238	0.00590	0.00432	0.03472	0.00835
83	0.01097	0.00793	0.01036	0.00975	0.01158	0.00732	0.00732	0.01463	0.02195	0.03109	0.67505	0.05792	0.07316	0.01585	0.00914	0.00244	0.00366	0.01402	0.00854	0.00732
84	0.00969	0.00788	0.00862	0.00878	0.01110	0.00682	0.00667	0.01197	0.01811	0.02245	0.15549	0.10995	0.50917	0.01952	0.00932	0.00270	0.00417	0.06352	0.00738	0.00668
85	0.01830	0.02092	0.04575	0.03268	0.04052	0.01961	0.65098	0.02484	0.01830	0.02484	0.01569	0.02092	0.01176	0.00654	0.00915	0.00261	0.01307	0.00915	0.00392	0.01046
86	0.01870	0.01792	0.03058	0.11928	0.61131	0.01829	0.02355	0.02336	0.01742	0.02473	0.01450	0.01935	0.01207	0.00700	0.00768	0.00233	0.00933	0.00691	0.00380	0.01188
87	0.01085	0.00872	0.00979	0.00946	0.01188	0.00810	0.00710	0.01542	0.08424	0.02575	0.28968	0.08997	0.36568	0.01753	0.00906	0.00258	0.00407	0.01497	0.00776	0.00739
88	0.02106	0.01349	0.01628	0.01512	0.05480	0.01375	0.01116	0.06586	0.23186	0.19758	0.15440	0.03799	0.10870	0.01209	0.00823	0.00250	0.00584	0.01020	0.00812	0.01096
89	0.01342	0.00983	0.01293	0.01180	0.01434	0.00964	0.02875	0.01967	0.11074	0.05677	0.49335	0.05361	0.06014	0.01497	0.00903	0.00255	0.00467	0.05724	0.00824	0.00833
90	0.01666	0.02665	0.29498	0.02399	0.03184	0.01786	0.24566	0.05286	0.01820	0.02589	0.07937	0.04432	0.01813	0.00894	0.00952	0.00259	0.05937	0.00839	0.00436	0.01042
91	0.01555	0.04011	0.68733	0.02210	0.03356	0.01801	0.02865	0.02455	0.01637	0.02455	0.01391	0.01637	0.00982	0.00737	0.00737	0.00246	0.01146	0.00573	0.00327	0.01146
92	0.01723	0.01932	0.07246	0.13295	0.02743	0.05870	0.03482	0.02072	0.03110	0.01983	0.01186	0.01779	0.01057	0.01160	0.01934	0.00308	0.47202	0.00674	0.00356	0.00890
93	0.01467	0.00710	0.01055	0.01031	0.01065	0.00700	0.00700	0.01167	0.01078	0.05141	0.01444	0.02373	0.01379	0.02596	0.02903	0.73075	0.00673	0.00679	0.00372	0.00392
94	0.01836	0.02067	0.10480	0.09465	0.50851	0.01838	0.07387	0.02365	0.01740	0.02478	0.01454	0.01913	0.01182	0.00699	0.00776	0.00237	0.00985	0.00695	0.00375	0.01176
95	0.01187	0.01095	0.06398	0.01234	0.01448	0.01003	0.01034	0.01513	0.01540	0.02230	0.18872	0.03901	0.03349	0.09265	0.33272	0.00757	0.04399	0.02712	0.04062	0.00728
96	0.01315	0.00710	0.01050	0.04071	0.01194	0.00723	0.00726	0.01065	0.01067	0.01418	0.01578	0.06082	0.01634	0.07815	0.02896	0.64436	0.00684	0.00785	0.00366	0.00384
97	0.02800	0.11858	0.02416	0.01919	0.02349	0.61822	0.01478	0.03005	0.02124	0.01889	0.01184	0.01380	0.00998	0.00783	0.00675	0.00196	0.01331	0.00489	0.00392	0.00910
98	0.02564	0.01915	0.01990	0.01602	0.02096	0.07893	0.01285	0.38507	0.02797	0.09363	0.01914	0.02177	0.01475	0.04725	0.09161	0.03385	0.01005	0.00710	0.00670	0.04766

[dist]
# distance from previous block
# <min> <max>
0	1

[block]
# block no. 1 follows, 25 sequences, length 27
# corresponding to MSA columns:
# 110-136
name=unknown_B
#
# <colnr> <probs for GDERKNQSTAVLIFYWHMCP>
#	G	D	E	R	K	N	Q	S	T	A	V	L	I	F	Y	W	H	M	C	P
0	0.02037	0.01495	0.01719	0.05100	0.02090	0.01648	0.01236	0.12547	0.32958	0.10167	0.03085	0.12489	0.02630	0.01281	0.00835	0.00270	0.00662	0.05873	0.00767	0.01111
1	0.11005	0.01789	0.02510	0.26531	0.23394	0.07398	0.05164	0.04720	0.01774	0.06381	0.01480	0.01898	0.01137	0.00755	0.00739	0.00241	0.00963	0.00659	0.00432	0.01028
2	0.01971	0.01650	0.01833	0.01738	0.05874	0.01862	0.01278	0.11726	0.48086	0.03348	0.06212	0.06181	0.02547	0.01108	0.00802	0.00259	0.00643	0.00933	0.00763	0.01185
3	0.01347	0.00673	0.01010	0.01010	0.01010	0.00673	0.00673	0.01010	0.01010	0.01347	0.01347	0.02357	0.01347	0.02694	0.03030	0.77441	0.00673	0.00673	0.00337	0.00337
4	0.04640	0.02320	0.01812	0.04975	0.03580	0.32260	0.01272	0.04875	0.05466	0.07628	0.15034	0.02861	0.05862	0.01179	0.02687	0.00253	0.00989	0.00806	0.00584	0.00916
5	0.02706	0.02190	0.02228	0.01763	0.02293	0.08987	0.01438	0.48777	0.03166	0.04182	0.05051	0.01994	0.01562	0.00973	0.00908	0.00234	0.06419	0.00705	0.00697	0.03728
6	0.01664	0.01585	0.02657	0.40941	0.24899	0.01789	0.05389	0.02302	0.06745	0.02282	0.01553	0.02086	0.01208	0.00764	0.00781	0.00250	0.00979	0.00716	0.00394	0.01016
7	0.01931	0.01732	0.01963	0.10482	0.07749	0.05291	0.01451	0.06431	0.42168	0.02979	0.02607	0.02758	0.02023	0.00993	0.00783	0.00253	0.00744	0.03096	0.00666	0.03898
8	0.05950	0.01162	0.01518	0.07461	0.07112	0.01236	0.01277	0.02141	0.13331	0.02648	0.12937	0.05656	0.06896	0.01542	0.00906	0.00293	0.00665	0.25727	0.00677	0.00865
9	0.02791	0.03526	0.02141	0.01953	0.02337	0.65581	0.01467	0.02995	0.02141	0.01892	0.01250	0.01496	0.01054	0.01095	0.04774	0.00262	0.01438	0.00519	0.00400	0.00887
10	0.06035	0.01672	0.02823	0.24038	0.36042	0.01766	0.07336	0.02353	0.01711	0.06627	0.01525	0.01988	0.01189	0.00732	0.00767	0.00242	0.00953	0.00700	0.00415	0.01088
11	0.01937	0.01922	0.03251	0.04368	0.55335	0.03847	0.10371	0.02479	0.04196	0.02535	0.01528	0.01962	0.01257	0.00703	0.00785	0.00235	0.00973	0.00721	0.00400	0.01195
12	0.01554	0.03689	0.60064	0.02231	0.03298	0.01758	0.07761	0.02406	0.01681	0.02492	0.04831	0.01889	0.01326	0.00774	0.00760	0.00247	0.01118	0.00643	0.00360	0.01116
13	0.02210	0.01885	0.01906	0.01646	0.02124	0.05518	0.01297	0.17957	0.48940	0.03547	0.02761	0.02582	0.02059	0.01011	0.00781	0.00253	0.00708	0.00817	0.00766	0.01231
14	0.02621	0.02770	0.02286	0.02257	0.11242	0.34182	0.01569	0.17478	0.12707	0.02886	0.01698	0.01813	0.01321	0.00855	0.00740	0.00222	0.01083	0.00631	0.00546	0.01092
15	0.02728	0.03319	0.02223	0.08219	0.02651	0.56865	0.01563	0.06929	0.02196	0.02095	0.01251	0.01499	0.01023	0.00825	0.00775	0.00212	0.03754	0.00535	0.00416	0.00921
16	0.02415	0.01782	0.01940	0.01606	0.02098	0.01973	0.01289	0.32681	0.25157	0.07827	0.02540	0.02840	0.01983	0.05858	0.01009	0.00285	0.00744	0.04006	0.00768	0.01199
17	0.01097	0.00793	0.01036	0.00975	0.01158	0.00732	0.00732	0.01463	0.02195	0.03109	0.67505	0.05792	0.07316	0.01585	0.00914	0.00244	0.00366	0.01402	0.00854	0.00732
18	0.01669	0.01415	0.01641	0.01178	0.01864	0.01097	0.00944	0.04864	0.01701	0.02635	0.01400	0.01619	0.01156	0.00591	0.00583	0.00120	0.00587	0.00470	0.00474	0.73991
19	0.01128	0.00752	0.00846	0.00846	0.00846	0.00752	0.00470	0.01128	0.01128	0.01503	0.02443	0.05074	0.02819	0.72751	0.03946	0.00752	0.00752	0.01128	0.00470	0.00470
20	0.02744	0.02168	0.02417	0.06282	0.02664	0.05577	0.04975	0.52089	0.06164	0.04351	0.01841	0.01911	0.01324	0.00905	0.00780	0.00236	0.00905	0.00708	0.00710	0.01250
21	0.00945	0.00675	0.00900	0.01080	0.01125	0.00630	0.00720	0.01080	0.01484	0.01979	0.04274	0.72245	0.05128	0.02429	0.00990	0.00315	0.00450	0.02204	0.00720	0.00630
22	0.01254	0.00830	0.01039	0.00965	0.01183	0.00751	0.00721	0.01561	0.02052	0.07966	0.47563	0.05798	0.17431	0.06152	0.01098	0.00279	0.00418	0.01378	0.00813	0.00747
23	0.02542	0.02198	0.06893	0.02163	0.02833	0.05318	0.19525	0.32292	0.02725	0.10128	0.01860	0.02005	0.01326	0.00836	0.00801	0.00239	0.00989	0.00751	0.03388	0.01189
24	0.01739	0.01498	0.01870	0.04725	0.02184	0.01283	0.04540	0.07108	0.05925	0.02729	0.01540	0.01759	0.01236	0.00647	0.00632	0.00149	0.00661	0.00541	0.00496	0.58739
25	0.62281	0.01636	0.04393	0.04523	0.01830	0.01757	0.01042	0.07205	0.01560	0.03457	0.03560	0.01527	0.01126	0.00771	0.00545	0.00241	0.00657	0.00497	0.00503	0.00889
26	0.03140	0.01755	0.02055	0.01588	0.02189	0.01799	0.01308	0.33951	0.06187	0.33993	0.02477	0.02271	0.01648	0.00950	0.00778	0.00238	0.00752	0.00745	0.00861	0.01314

[dist]
# distance from previous block
# <min> <max>
0	3

[block]
# block no. 2 follows, 25 sequences, length 71
# corresponding to MSA columns:
# 140-210
name=unknown_C
#
# <colnr> <probs for GDERKNQSTAVLIFYWHMCP>
#	G	D	E	R	K	N	Q	S	T	A	V	L	I	F	Y	W	H	M	C	P
0	0.08619	0.48826	0.08682	0.04331	0.02265	0.02563	0.03591	0.02470	0.01632	0.08879	0.01335	0.01483	0.01083	0.00709	0.00570	0.00193	0.00842	0.00494	0.00411	0.01023
1	0.01151	0.00815	0.01009	0.00985	0.01175	0.00751	0.00723	0.01484	0.03829	0.05042	0.39501	0.16816	0.17285	0.04647	0.01042	0.00280	0.00418	0.01528	0.00794	0.00726
2	0.01946	0.01292	0.01610	0.01407	0.01713	0.01430	0.01119	0.15724	0.05907	0.11713	0.02290	0.03024	0.01941	0.08647	0.24554	0.00633	0.06353	0.03375	0.04382	0.00941
3	0.01082	0.00792	0.01015	0.00959	0.01149	0.00725	0.00719	0.01433	0.02158	0.03023	0.62432	0.05934	0.12443	0.01617	0.00915	0.00245	0.00368	0.01422	0.00842	0.00725
4	0.01773	0.01693	0.02883	0.26054	0.47764	0.01804	0.02307	0.02251	0.01696	0.02355	0.01433	0.01967	0.01166	0.00718	0.00770	0.00239	0.00957	0.00690	0.00371	0.01110
5	0.01097	0.00793	0.01036	0.00975	0.01158	0.00732	0.00732	0.01463	0.02195	0.03109	0.67505	0.05792	0.07316	0.01585	0.00914	0.00244	0.00366	0.01402	0.00854	0.00732
6	0.01752	0.08220	0.09034	0.08378	0.03361	0.02040	0.31925	0.02362	0.04990	0.02308	0.01606	0.02273	0.01325	0.00883	0.01128	0.00269	0.12992	0.03754	0.00404	0.00994
7	0.02627	0.08139	0.08131	0.01904	0.02504	0.26586	0.04624	0.26739	0.02612	0.03143	0.01486	0.01628	0.01135	0.00816	0.00721	0.00213	0.01081	0.00593	0.00535	0.04782
8	0.01608	0.01378	0.01608	0.01148	0.01837	0.01034	0.00919	0.01952	0.01608	0.02527	0.01378	0.01608	0.01148	0.00574	0.00574	0.00115	0.00574	0.00459	0.00459	0.77491
9	0.01019	0.00756	0.01056	0.07051	0.01531	0.00749	0.00895	0.01209	0.01520	0.02014	0.04010	0.59929	0.04713	0.02260	0.00980	0.00314	0.00526	0.08123	0.00687	0.00658
10	0.01594	0.07242	0.62316	0.02222	0.03326	0.01870	0.05998	0.02451	0.01644	0.02427	0.01385	0.01641	0.00993	0.00729	0.00734	0.00243	0.01139	0.00583	0.00331	0.01133
11	0.06437	0.01309	0.01747	0.01351	0.01932	0.01150	0.01114	0.03640	0.02182	0.63623	0.05136	0.02689	0.02056	0.00971	0.00772	0.00240	0.00647	0.00786	0.00937	0.01280
12	0.09796	0.02027	0.02275	0.02060	0.10570	0.02224	0.01503	0.49713	0.03134	0.04402	0.01756	0.01841	0.01281	0.00880	0.00741	0.00232	0.00824	0.00672	0.02822	0.01246
13	0.74630	0.01491	0.01171	0.01037	0.01523	0.01711	0.00854	0.02351	0.01363	0.06606	0.01175	0.01326	0.00892	0.00731	0.00494	0.00240	0.00603	0.00437	0.00503	0.00863
14	0.04401	0.18541	0.01964	0.01210	0.01560	0.01696	0.01002	0.13668	0.01892	0.02720	0.02125	0.11734	0.01980	0.03737	0.03719	0.02956	0.03319	0.00850	0.20054	0.00873
15	0.01206	0.00944	0.01258	0.01201	0.01267	0.01107	0.00878	0.01352	0.01215	0.01709	0.02319	0.03825	0.05288	0.31104	0.29252	0.00852	0.13195	0.00960	0.00438	0.00630
16	0.00991	0.00708	0.00953	0.01132	0.01198	0.00670	0.00800	0.01160	0.01530	0.02031	0.04248	0.62614	0.05027	0.02386	0.01002	0.00321	0.00490	0.11379	0.00719	0.00643
17	0.01677	0.09813	0.56843	0.02176	0.03227	0.05181	0.05737	0.02476	0.01668	0.02376	0.01364	0.01614	0.00994	0.00729	0.00723	0.00237	0.01139	0.00573	0.00334	0.01116
18	0.01588	0.01659	0.05588	0.39560	0.04350	0.01738	0.18653	0.02267	0.07155	0.02259	0.03827	0.02262	0.01406	0.00855	0.00890	0.02777	0.01041	0.00784	0.00411	0.00932
19	0.01097	0.00793	0.01036	0.00975	0.01158	0.00732	0.00732	0.01463	0.02195	0.03109	0.67505	0.05792	0.07316	0.01585	0.00914	0.00244	0.00366	0.01402	0.00854	0.00732
20	0.01381	0.01233	0.01771	0.01613	0.01687	0.01623	0.01307	0.01608	0.01219	0.01831	0.01584	0.02418	0.01510	0.03742	0.38457	0.00824	0.34285	0.00760	0.00380	0.00765
21	0.01738	0.01580	0.02516	0.11460	0.10705	0.01775	0.13276	0.09201	0.01715	0.02398	0.01643	0.02509	0.01472	0.12868	0.04175	0.00383	0.15774	0.00808	0.03091	0.00915
22	0.04980	0.01657	0.02759	0.32195	0.33437	0.01813	0.05256	0.04397	0.01725	0.02420	0.01428	0.01960	0.01131	0.00734	0.00766	0.00244	0.00971	0.00690	0.00385	0.01052
23	0.01297	0.00972	0.01358	0.10601	0.05025	0.00983	0.01070	0.01714	0.04315	0.04890	0.34932	0.10012	0.07420	0.04479	0.01027	0.00284	0.00560	0.07555	0.00719	0.00788
24	0.01644	0.01526	0.02520	0.51887	0.20023	0.01784	0.02174	0.05131	0.01702	0.02252	0.01420	0.02022	0.01093	0.00763	0.00773	0.00250	0.00998	0.00690	0.00375	0.00970
25	0.01737	0.01799	0.05727	0.23886	0.08692	0.07547	0.05603	0.04442	0.01650	0.02256	0.01465	0.01997	0.01191	0.01121	0.04441	0.00299	0.13963	0.00678	0.06902	0.04602
26	0.03164	0.01277	0.01703	0.01317	0.01893	0.01093	0.01081	0.03458	0.02149	0.59411	0.03380	0.02996	0.07465	0.01025	0.00781	0.00235	0.00633	0.00836	0.00914	0.05188
27	0.01690	0.02946	0.36192	0.02835	0.15392	0.01780	0.16804	0.02405	0.01702	0.02482	0.01443	0.01791	0.01086	0.00695	0.00769	0.00235	0.01092	0.00663	0.00364	0.07631
28	0.05409	0.09304	0.48044	0.02421	0.09620	0.01922	0.07881	0.02431	0.01645	0.02463	0.01372	0.01652	0.01017	0.00718	0.00722	0.00238	0.01084	0.00593	0.00346	0.01118
29	0.63569	0.06934	0.04886	0.01155	0.01692	0.01886	0.01022	0.06611	0.01514	0.03402	0.01149	0.01319	0.00891	0.00731	0.00515	0.00234	0.00662	0.00446	0.00481	0.00900
30	0.00989	0.00709	0.00943	0.01070	0.01150	0.00662	0.00742	0.01183	0.01651	0.02240	0.18121	0.55324	0.05583	0.02234	0.00976	0.00301	0.00441	0.04278	0.00749	0.00655
31	0.04276	0.00932	0.01218	0.01128	0.01399	0.00865	0.00886	0.01973	0.02060	0.16916	0.38273	0.10890	0.05401	0.01561	0.00896	0.00263	0.00487	0.08891	0.00835	0.00850
32	0.06121	0.39233	0.10260	0.01614	0.02215	0.19175	0.01525	0.02554	0.03591	0.02039	0.01199	0.01396	0.01028	0.00754	0.00685	0.00198	0.04585	0.00480	0.00369	0.00979
33	0.01527	0.00958	0.01196	0.01150	0.01378	0.00927	0.00872	0.04141	0.06047	0.11448	0.18895	0.17151	0.08964	0.11383	0.01331	0.00343	0.00558	0.10170	0.00756	0.00803
34	0.01486	0.00873	0.01155	0.01051	0.01294	0.00793	0.00799	0.01824	0.02149	0.13986	0.52218	0.09972	0.06256	0.01540	0.00897	0.00248	0.00421	0.01355	0.00862	0.00823
35	0.01008	0.00723	0.00960	0.01063	0.01159	0.00675	0.00749	0.01227	0.01725	0.02355	0.24390	0.48032	0.05792	0.02147	0.00970	0.00294	0.00436	0.04867	0.00762	0.00666
36	0.05546	0.05653	0.09933	0.05250	0.03479	0.05131	0.42024	0.02354	0.01752	0.02408	0.01709	0.07898	0.01455	0.00828	0.00847	0.00256	0.01155	0.00915	0.00414	0.00993
37	0.55394	0.01842	0.10532	0.01252	0.01809	0.01737	0.01164	0.02507	0.09596	0.03295	0.03677	0.01674	0.01275	0.00794	0.00569	0.00244	0.00669	0.00532	0.00511	0.00927
38	0.00954	0.00712	0.00887	0.01001	0.01110	0.00646	0.00691	0.01126	0.01622	0.02120	0.11475	0.50540	0.19822	0.02236	0.00965	0.00295	0.00428	0.01992	0.00733	0.00646
39	0.07938	0.01931	0.02101	0.06575	0.02438	0.02163	0.01409	0.45487	0.11228	0.04231	0.02053	0.05360	0.01582	0.00993	0.00767	0.00243	0.00798	0.00773	0.00723	0.01207
40	0.72086	0.01511	0.01300	0.04652	0.01770	0.01745	0.02776	0.02270	0.01346	0.03373	0.01109	0.01325	0.00859	0.00721	0.00508	0.00241	0.00643	0.00448	0.00470	0.00847
41	0.01719	0.03782	0.63041	0.02139	0.03239	0.01744	0.02718	0.02568	0.01687	0.08068	0.01533	0.01722	0.01062	0.00756	0.00740	0.00245	0.01105	0.00591	0.00381	0.01161
42	0.01825	0.01898	0.06309	0.14468	0.49945	0.01832	0.07703	0.02332	0.01732	0.02442	0.01452	0.01942	0.01183	0.00703	0.00780	0.00238	0.00982	0.00704	0.00376	0.01153
43	0.01628	0.01317	0.01556	0.01152	0.01784	0.01004	0.00911	0.01953	0.01622	0.05160	0.01689	0.07564	0.01513	0.00745	0.00617	0.00137	0.00567	0.00618	0.00502	0.67959
44	0.04266	0.04428	0.01315	0.01119	0.01391	0.01027	0.00891	0.01927	0.07449	0.07717	0.41193	0.05367	0.08593	0.01503	0.00877	0.00256	0.00482	0.08579	0.00794	0.00827
45	0.12227	0.01681	0.07457	0.01451	0.02064	0.01452	0.01283	0.13277	0.02288	0.41340	0.05773	0.02421	0.01887	0.00939	0.00746	0.00239	0.00710	0.00737	0.00812	0.01216
46	0.01338	0.01171	0.02010	0.04892	0.09527	0.01142	0.13233	0.01701	0.01721	0.02317	0.08164	0.25785	0.03762	0.01687	0.00958	0.00299	0.00754	0.18111	0.00613	0.00816
47	0.01506	0.06608	0.47668	0.02029	0.05094	0.01648	0.03973	0.02243	0.01758	0.02563	0.14994	0.02495	0.02300	0.00904	0.00767	0.00241	0.00966	0.00749	0.00440	0.01053
48	0.01472	0.03424	0.56399	0.01985	0.02955	0.01606	0.02476	0.02275	0.01739	0.02575	0.13437	0.02394	0.02136	0.00891	0.00769	0.00245	0.01004	0.00724	0.00423	0.01070
49	0.04773	0.01923	0.04732	0.22989	0.03291	0.05239	0.04765	0.24287	0.11777	0.03297	0.04008	0.02166	0.01533	0.00888	0.00774	0.00246	0.00908	0.00732	0.00584	0.01089
50	0.01555	0.04011	0.68733	0.02210	0.03356	0.01801	0.02865	0.02455	0.01637	0.02455	0.01391	0.01637	0.00982	0.00737	0.00737	0.00246	0.01146	0.00573	0.00327	0.01146
51	0.01590	0.07361	0.63450	0.02201	0.03311	0.01868	0.04819	0.02450	0.01640	0.02425	0.01382	0.01632	0.00989	0.00730	0.00731	0.00242	0.01136	0.00576	0.00330	0.01135
52	0.01098	0.00785	0.01074	0.01243	0.01358	0.00761	0.00976	0.01350	0.01659	0.02192	0.06861	0.38812	0.04899	0.02255	0.01026	0.00332	0.00574	0.31348	0.00723	0.00675
53	0.00945	0.00675	0.00900	0.01080	0.01125	0.00630	0.00720	0.01080	0.01484	0.01979	0.04274	0.72245	0.05128	0.02429	0.00990	0.00315	0.00450	0.02204	0.00720	0.00630
54	0.01505	0.01410	0.02324	0.57313	0.10318	0.01694	0.02056	0.01985	0.01556	0.02050	0.01452	0.03972	0.01169	0.00826	0.00837	0.00254	0.03621	0.00720	0.00364	0.04573
55	0.01114	0.00912	0.03541	0.01021	0.01240	0.00771	0.00811	0.01500	0.02174	0.03085	0.65059	0.05638	0.07082	0.01554	0.00908	0.00244	0.00395	0.01372	0.00834	0.00747
56	0.78228	0.01499	0.01140	0.01020	0.01499	0.01739	0.00840	0.02279	0.01320	0.03479	0.01080	0.01260	0.00840	0.00720	0.00480	0.00240	0.00600	0.00420	0.00480	0.00840
57	0.02511	0.01875	0.02026	0.01648	0.02179	0.02083	0.01330	0.36608	0.26506	0.07473	0.05635	0.02473	0.02029	0.01009	0.00788	0.00245	0.00732	0.00802	0.00794	0.01256
58	0.01898	0.01763	0.07351	0.01485	0.01980	0.04319	0.01270	0.12298	0.23441	0.05598	0.11608	0.03451	0.07318	0.01139	0.00798	0.00241	0.00681	0.04074	0.00706	0.08582
59	0.01154	0.00765	0.01033	0.01162	0.01276	0.00721	0.00857	0.01364	0.01645	0.05571	0.09334	0.49471	0.04997	0.02222	0.00990	0.00314	0.00511	0.15178	0.00742	0.00692
60	0.01880	0.01623	0.01707	0.01540	0.01970	0.01867	0.01197	0.03975	0.63397	0.03188	0.03382	0.03113	0.05507	0.01096	0.00795	0.00263	0.00603	0.00913	0.00786	0.01200
61	0.58514	0.01448	0.01279	0.01107	0.01593	0.01605	0.00906	0.02594	0.04699	0.14618	0.04221	0.01761	0.01363	0.00812	0.00564	0.00241	0.00601	0.00544	0.00593	0.00937
62	0.01111	0.00749	0.00870	0.00885	0.00895	0.00752	0.00515	0.01136	0.01164	0.01558	0.02581	0.10689	0.02973	0.63541	0.06866	0.00738	0.00790	0.01205	0.00488	0.00494
63	0.78228	0.01499	0.01140	0.01020	0.01499	0.01739	0.00840	0.02279	0.01320	0.03479	0.01080	0.01260	0.00840	0.00720	0.00480	0.00240	0.00600	0.00420	0.00480	0.00840
64	0.01569	0.03913	0.65458	0.02264	0.03391	0.01809	0.06042	0.02457	0.01647	0.02457	0.01400	0.01660	0.00992	0.00732	0.00746	0.00246	0.01154	0.00590	0.00331	0.01141
65	0.01076	0.00776	0.01018	0.00990	0.01154	0.00718	0.00730	0.01410	0.02097	0.02953	0.58757	0.14985	0.07013	0.01702	0.00925	0.00254	0.00377	0.01513	0.00835	0.00718
66	0.01097	0.00793	0.01036	0.00975	0.01158	0.00732	0.00732	0.01463	0.02195	0.03109	0.67505	0.05792	0.07316	0.01585	0.00914	0.00244	0.00366	0.01402	0.00854	0.00732
67	0.00945	0.00675	0.00900	0.01080	0.01125	0.00630	0.00720	0.01080	0.01484	0.01979	0.04274	0.72245	0.05128	0.02429	0.00990	0.00315	0.00450	0.02204	0.00720	0.00630
68	0.01568	0.03918	0.65646	0.02261	0.03389	0.01808	0.05859	0.02457	0.01646	0.02457	0.01400	0.01659	0.00992	0.00733	0.00745	0.00246	0.01154	0.00589	0.00331	0.01141
69	0.43975	0.01674	0.05129	0.09761	0.02441	0.01793	0.10069	0.02198	0.01417	0.02882	0.01241	0.01617	0.00986	0.01027	0.04165	0.00304	0.07444	0.00572	0.00428	0.00879
70	0.59206	0.13377	0.04995	0.01157	0.01705	0.01984	0.01043	0.04627	0.01463	0.03210	0.01124	0.01298	0.00890	0.00719	0.00506	0.00228	0.00674	0.00437	0.00459	0.00898

[dist]
# distance from previous block
# <min> <max>
2	5

[block]
# block no. 3 follows, 25 sequences, length 61
# corresponding to MSA columns:
# 216-276
name=unknown_D
#
# <colnr> <probs for GDERKNQSTAVLIFYWHMCP>
#	G	D	E	R	K	N	Q	S	T	A	V	L	I	F	Y	W	H	M	C	P
0	0.01554	0.01439	0.02350	0.55739	0.13124	0.01709	0.02072	0.04563	0.01675	0.02177	0.01754	0.02328	0.04625	0.00834	0.00782	0.00254	0.00977	0.00740	0.00387	0.00917
1	0.00958	0.00692	0.00906	0.01053	0.01123	0.00641	0.00714	0.01118	0.01568	0.02094	0.10526	0.62228	0.08864	0.02322	0.00978	0.00305	0.00439	0.02095	0.00733	0.00641
2	0.01767	0.01993	0.04282	0.05885	0.03945	0.01882	0.59101	0.02390	0.01815	0.02442	0.01896	0.02377	0.04710	0.00728	0.00909	0.00261	0.01247	0.00944	0.00408	0.01017
3	0.02545	0.01349	0.01704	0.01264	0.01909	0.01087	0.01029	0.02868	0.01914	0.35563	0.02220	0.02125	0.01535	0.00767	0.00677	0.00178	0.00617	0.00620	0.00710	0.39320
4	0.01608	0.01378	0.01608	0.01148	0.01837	0.01034	0.00919	0.01952	0.01608	0.02527	0.01378	0.01608	0.01148	0.00574	0.00574	0.00115	0.00574	0.00459	0.00459	0.77491
5	0.01761	0.01840	0.03566	0.19284	0.20765	0.01897	0.30875	0.02307	0.01714	0.02347	0.01466	0.02020	0.01148	0.00729	0.00931	0.00257	0.04883	0.00792	0.00376	0.01040
6	0.02103	0.70723	0.03996	0.01351	0.02005	0.05456	0.01333	0.02350	0.01598	0.01827	0.01082	0.01249	0.00995	0.00668	0.00505	0.00167	0.00850	0.00418	0.00334	0.00992
7	0.72355	0.01490	0.01230	0.06364	0.01793	0.01738	0.00940	0.02256	0.01337	0.03364	0.01102	0.01321	0.00855	0.00724	0.00502	0.00241	0.00633	0.00440	0.00469	0.00841
8	0.01492	0.01433	0.02498	0.65714	0.05242	0.01741	0.06968	0.02019	0.01572	0.02019	0.01393	0.02069	0.01045	0.00766	0.00786	0.00259	0.01055	0.00706	0.00348	0.00875
9	0.02041	0.01991	0.08924	0.05119	0.25297	0.01812	0.08982	0.15052	0.05673	0.05428	0.01886	0.06838	0.01565	0.00886	0.00790	0.00238	0.00898	0.00812	0.00528	0.05240
10	0.01113	0.00810	0.01139	0.01139	0.01241	0.00911	0.00836	0.01316	0.01214	0.01721	0.02175	0.03588	0.02174	0.23697	0.52118	0.01114	0.01723	0.00910	0.00430	0.00633
11	0.01006	0.00793	0.00898	0.00909	0.01108	0.00712	0.00660	0.01285	0.03760	0.02330	0.21404	0.17864	0.37241	0.05206	0.01065	0.00289	0.00419	0.01630	0.00743	0.00678
12	0.00945	0.00675	0.00900	0.01080	0.01125	0.00630	0.00720	0.01080	0.01484	0.01979	0.04274	0.72245	0.05128	0.02429	0.00990	0.00315	0.00450	0.02204	0.00720	0.00630
13	0.01115	0.00828	0.01052	0.01048	0.01221	0.00800	0.00786	0.01495	0.04890	0.02633	0.37568	0.13435	0.11969	0.05865	0.06353	0.00368	0.00570	0.06530	0.00756	0.00717
14	0.01750	0.01393	0.01728	0.01284	0.01905	0.01139	0.03706	0.06539	0.01822	0.06209	0.05294	0.05703	0.01754	0.00778	0.00655	0.00154	0.00612	0.00658	0.00541	0.56377
15	0.25902	0.01892	0.01736	0.01487	0.01980	0.07165	0.01188	0.18345	0.26107	0.03613	0.02048	0.02022	0.01534	0.00900	0.00683	0.00244	0.00728	0.00663	0.00660	0.01104
16	0.02193	0.63085	0.03791	0.01424	0.02049	0.12770	0.01352	0.02435	0.01666	0.01835	0.01096	0.01266	0.00996	0.00683	0.00527	0.00171	0.00912	0.00427	0.00342	0.00981
17	0.01316	0.01137	0.01645	0.01525	0.01615	0.01466	0.01226	0.01555	0.01225	0.01823	0.01702	0.02569	0.01613	0.04239	0.45938	0.00925	0.26567	0.00777	0.00388	0.00747
18	0.01741	0.01766	0.02589	0.45293	0.19717	0.09149	0.04477	0.02215	0.01682	0.02121	0.01385	0.01960	0.01081	0.00753	0.00770	0.00246	0.01057	0.00677	0.00362	0.00959
19	0.15976	0.02055	0.02121	0.01652	0.02248	0.02289	0.01364	0.54417	0.03243	0.04643	0.01726	0.01757	0.01236	0.00894	0.00724	0.00234	0.00809	0.00650	0.00724	0.01236
20	0.01127	0.00756	0.00867	0.00867	0.00874	0.00763	0.00496	0.01141	0.01134	0.01519	0.02424	0.04968	0.02773	0.69247	0.07388	0.00778	0.00821	0.01112	0.00467	0.00481
21	0.01049	0.00802	0.00987	0.01094	0.01277	0.00740	0.00869	0.01293	0.01712	0.02155	0.05648	0.22066	0.29972	0.02133	0.00991	0.00310	0.00527	0.24985	0.00718	0.00672
22	0.01943	0.26736	0.14781	0.07090	0.03087	0.05873	0.19727	0.05312	0.01771	0.02276	0.01332	0.01662	0.01063	0.00725	0.00773	0.00224	0.03593	0.00630	0.00373	0.01030
23	0.04108	0.01433	0.02320	0.47244	0.09773	0.01672	0.04895	0.05315	0.01714	0.02296	0.01763	0.02886	0.01510	0.00946	0.00810	0.00267	0.00972	0.08745	0.00425	0.00905
24	0.01686	0.01683	0.02373	0.05026	0.02179	0.02347	0.01716	0.01871	0.01203	0.01871	0.01033	0.01712	0.01018	0.01332	0.02468	0.00336	0.68278	0.00679	0.00339	0.00849
25	0.01584	0.03464	0.53015	0.05842	0.03328	0.01880	0.06189	0.02356	0.01585	0.02356	0.01352	0.01693	0.01000	0.00815	0.00984	0.00259	0.10266	0.00612	0.00333	0.01087
26	0.15747	0.02225	0.02025	0.14086	0.04868	0.22211	0.01469	0.12397	0.02142	0.13339	0.01619	0.01781	0.01182	0.00823	0.00702	0.00230	0.00977	0.00601	0.00551	0.01025
27	0.02457	0.01872	0.02020	0.01631	0.02151	0.02076	0.01319	0.41687	0.19690	0.04244	0.10261	0.02611	0.02326	0.01042	0.00796	0.00242	0.00731	0.00831	0.00789	0.01223
28	0.03344	0.01290	0.01756	0.01357	0.01933	0.01117	0.01117	0.03648	0.02218	0.64762	0.06697	0.02817	0.02224	0.00995	0.00787	0.00240	0.00643	0.00815	0.00954	0.01286
29	0.15573	0.05380	0.02113	0.01684	0.02202	0.22667	0.01348	0.28428	0.07634	0.03489	0.01597	0.01674	0.01209	0.00854	0.00692	0.00224	0.00956	0.00593	0.00594	0.01090
30	0.01231	0.00863	0.01209	0.01378	0.01536	0.00860	0.01176	0.01532	0.01719	0.02240	0.03967	0.13368	0.04343	0.02195	0.01172	0.04584	0.00691	0.54555	0.00694	0.00687
31	0.01347	0.00673	0.01010	0.01010	0.01010	0.00673	0.00673	0.01010	0.01010	0.01347	0.01347	0.02357	0.01347	0.02694	0.03030	0.77441	0.00673	0.00673	0.00337	0.00337
32	0.01919	0.01842	0.03147	0.04759	0.67914	0.01842	0.02380	0.02380	0.01765	0.02533	0.01458	0.01919	0.01228	0.00691	0.00768	0.00230	0.00921	0.00691	0.00384	0.01228
33	0.14697	0.01172	0.01365	0.03560	0.03494	0.01248	0.01059	0.04097	0.12251	0.05945	0.09974	0.10758	0.05925	0.01543	0.01001	0.06182	0.00616	0.13597	0.00666	0.00849
34	0.00957	0.00684	0.00914	0.01094	0.01145	0.00641	0.00742	0.01101	0.01497	0.01993	0.04267	0.69611	0.05101	0.02417	0.00993	0.00317	0.00461	0.04713	0.00720	0.00633
35	0.08086	0.01778	0.01861	0.01584	0.02080	0.02017	0.01261	0.20363	0.42711	0.05706	0.02647	0.02484	0.01956	0.00991	0.00761	0.00252	0.00678	0.00791	0.00767	0.01225
36	0.11742	0.01288	0.01649	0.01298	0.01843	0.01167	0.01065	0.03378	0.02114	0.54568	0.09240	0.02796	0.02333	0.00995	0.00759	0.00240	0.00624	0.00801	0.00895	0.01207
37	0.01187	0.00776	0.00995	0.01019	0.01135	0.00731	0.00708	0.01385	0.01690	0.05803	0.25068	0.27641	0.05120	0.18729	0.01658	0.00392	0.00515	0.04063	0.00718	0.00666
38	0.01680	0.01227	0.01316	0.01204	0.01474	0.01348	0.00880	0.04971	0.30819	0.04682	0.02777	0.03524	0.02390	0.23255	0.01725	0.00399	0.00623	0.00919	0.13877	0.00911
39	0.73457	0.01503	0.01178	0.01045	0.01521	0.01734	0.00858	0.04426	0.01424	0.03517	0.02984	0.01408	0.01039	0.00751	0.00502	0.00240	0.00602	0.00457	0.00501	0.00853
40	0.00952	0.00766	0.00841	0.00882	0.01082	0.00667	0.00644	0.01142	0.01703	0.02100	0.09315	0.20433	0.47125	0.04984	0.01063	0.00296	0.00431	0.04212	0.00715	0.00648
41	0.01970	0.01611	0.01716	0.01535	0.01975	0.01835	0.01197	0.03979	0.60445	0.06671	0.03342	0.03066	0.05006	0.01084	0.00794	0.00262	0.00607	0.00902	0.00795	0.01209
