[name]
unknown

[dist]
# distance from previous block
# <min> <max>
10	73

[block]
# block no. 0 follows, 24 sequences, length 6
# corresponding to MSA columns:
# 77-82
name=unknown_A
#
# <colnr> <probs for GDERKNQSTAVLIFYWHMCP>
#	G	D	E	R	K	N	Q	S	T	A	V	L	I	F	Y	W	H	M	C	P
0	0.36858	0.02016	0.01730	0.10238	0.02365	0.15757	0.01262	0.07539	0.01873	0.11483	0.01495	0.01655	0.01100	0.00809	0.00640	0.00239	0.00869	0.00552	0.00543	0.00976
1	0.02713	0.01299	0.01667	0.01350	0.01845	0.01194	0.01082	0.08035	0.05599	0.39749	0.12935	0.09234	0.03043	0.01195	0.00826	0.00246	0.00617	0.01006	0.00889	0.05475
2	0.01379	0.00883	0.01215	0.05108	0.01495	0.00904	0.00908	0.06053	0.01607	0.02159	0.11209	0.17848	0.03280	0.02244	0.01883	0.33446	0.00637	0.06572	0.00567	0.00603
3	0.20236	0.03586	0.01765	0.13854	0.02451	0.01522	0.01250	0.05162	0.05538	0.24909	0.06867	0.02660	0.05013	0.00978	0.00732	0.00249	0.00706	0.00771	0.00695	0.01058
4	0.06219	0.01423	0.02192	0.37587	0.11369	0.01617	0.04330	0.05638	0.01797	0.02536	0.06423	0.02679	0.05382	0.00920	0.00779	0.00251	0.00880	0.00807	0.06245	0.00926
5	0.01157	0.00903	0.01262	0.01207	0.01396	0.00829	0.05932	0.01358	0.01549	0.02091	0.03995	0.33836	0.12407	0.14988	0.01510	0.00374	0.00599	0.04414	0.04145	0.06047

[dist]
# distance from previous block
# <min> <max>
11	20

[block]
# block no. 1 follows, 24 sequences, length 21
# corresponding to MSA columns:
# 103-123
name=unknown_B
#
# <colnr> <probs for GDERKNQSTAVLIFYWHMCP>
#	G	D	E	R	K	N	Q	S	T	A	V	L	I	F	Y	W	H	M	C	P
0	0.01787	0.02267	0.17686	0.07604	0.03207	0.01800	0.22063	0.09056	0.01901	0.02656	0.04648	0.04476	0.01589	0.01020	0.01120	0.05252	0.06249	0.00828	0.00454	0.04338
1	0.05367	0.18051	0.40334	0.02036	0.05204	0.02031	0.04290	0.02480	0.01714	0.05462	0.04889	0.01869	0.01403	0.00789	0.00708	0.00233	0.01009	0.00615	0.00406	0.01110
2	0.11977	0.03739	0.55934	0.02085	0.03130	0.04919	0.02585	0.02517	0.01657	0.02627	0.01371	0.01611	0.00986	0.00754	0.00716	0.00248	0.01108	0.00561	0.00359	0.01118
3	0.01023	0.00859	0.00895	0.00876	0.01145	0.00758	0.00660	0.01369	0.05740	0.02341	0.14950	0.07138	0.55666	0.01904	0.00929	0.00266	0.00412	0.01597	0.00757	0.00715
4	0.01735	0.01743	0.06336	0.44950	0.20296	0.01851	0.02247	0.07011	0.01811	0.02424	0.01469	0.02035	0.01126	0.00782	0.00789	0.00254	0.01021	0.00699	0.00395	0.01026
5	0.12616	0.03007	0.38636	0.02288	0.06720	0.01764	0.11255	0.02505	0.01693	0.06604	0.01642	0.04876	0.01273	0.00827	0.00758	0.00255	0.01041	0.00708	0.00427	0.01105
6	0.01963	0.01884	0.03219	0.04867	0.67185	0.01884	0.02434	0.02434	0.01806	0.02591	0.01492	0.01963	0.01256	0.00707	0.00785	0.00236	0.00942	0.00707	0.00393	0.01256
7	0.00966	0.00690	0.00920	0.01104	0.01150	0.00644	0.00736	0.01104	0.01518	0.02024	0.04371	0.71614	0.05245	0.02484	0.01012	0.00322	0.00460	0.02254	0.00736	0.00644
8	0.01609	0.01682	0.05696	0.14932	0.03402	0.01598	0.28194	0.06075	0.01831	0.02458	0.02362	0.21737	0.02320	0.01227	0.00914	0.00280	0.01000	0.01237	0.00510	0.00937
9	0.07485	0.04413	0.01872	0.01416	0.01952	0.01250	0.03611	0.03207	0.02090	0.46602	0.05440	0.06288	0.04591	0.01145	0.00810	0.00255	0.00679	0.04857	0.00861	0.01177
10	0.01153	0.00769	0.00865	0.00865	0.00865	0.00769	0.00480	0.01153	0.01153	0.01538	0.02499	0.05189	0.02883	0.72131	0.04036	0.00769	0.00769	0.01153	0.00480	0.00480
11	0.01767	0.01495	0.01745	0.01273	0.01939	0.01242	0.01026	0.07388	0.01804	0.02760	0.01435	0.01671	0.01183	0.00656	0.00700	0.00139	0.03904	0.00501	0.00492	0.66880
12	0.77733	0.01534	0.01166	0.01043	0.01534	0.01779	0.00859	0.02331	0.01350	0.03558	0.01104	0.01288	0.00859	0.00736	0.00491	0.00245	0.00613	0.00429	0.00491	0.00859
13	0.77733	0.01534	0.01166	0.01043	0.01534	0.01779	0.00859	0.02331	0.01350	0.03558	0.01104	0.01288	0.00859	0.00736	0.00491	0.00245	0.00613	0.00429	0.00491	0.00859
14	0.03014	0.02221	0.02380	0.01825	0.02459	0.02459	0.01507	0.64541	0.03728	0.04998	0.01904	0.01904	0.01349	0.00952	0.00793	0.00238	0.00873	0.00714	0.00793	0.01349
15	0.01022	0.00807	0.00921	0.00892	0.01123	0.00706	0.00669	0.01302	0.02008	0.02618	0.34977	0.06848	0.39622	0.01831	0.00936	0.00259	0.00389	0.01564	0.00799	0.00706
16	0.02104	0.59008	0.12533	0.01522	0.02248	0.07250	0.01578	0.02444	0.01661	0.01957	0.01153	0.01336	0.01016	0.00697	0.00555	0.00183	0.00929	0.00451	0.00343	0.01032
17	0.00966	0.00690	0.00920	0.01104	0.01150	0.00644	0.00736	0.01104	0.01518	0.02024	0.04371	0.71614	0.05245	0.02484	0.01012	0.00322	0.00460	0.02254	0.00736	0.00644
18	0.01349	0.01170	0.01923	0.01658	0.01935	0.01155	0.14717	0.05372	0.01825	0.02482	0.12864	0.34443	0.06167	0.01957	0.04006	0.00335	0.03570	0.01606	0.00658	0.00808
19	0.01885	0.01791	0.03040	0.04575	0.62055	0.01788	0.02302	0.02330	0.01783	0.02547	0.01715	0.07374	0.01566	0.00845	0.00803	0.00242	0.00905	0.00827	0.00419	0.01209
20	0.01794	0.01975	0.04127	0.08456	0.07607	0.01924	0.50051	0.02393	0.01800	0.02450	0.01707	0.05791	0.01402	0.00806	0.00987	0.00271	0.04046	0.00965	0.00412	0.01035

[dist]
# distance from previous block
# <min> <max>
0	1

[block]
# block no. 2 follows, 24 sequences, length 85
# corresponding to MSA columns:
# 125-209
name=unknown_C
#
# <colnr> <probs for GDERKNQSTAVLIFYWHMCP>
#	G	D	E	R	K	N	Q	S	T	A	V	L	I	F	Y	W	H	M	C	P
0	0.01863	0.39354	0.35158	0.01795	0.02713	0.02509	0.02120	0.02441	0.01642	0.02179	0.01258	0.01467	0.01011	0.00715	0.00628	0.00209	0.01005	0.00503	0.00337	0.01093
1	0.02931	0.02141	0.02291	0.01766	0.02376	0.02366	0.01456	0.61143	0.03616	0.04887	0.01941	0.01961	0.01386	0.00950	0.00780	0.00235	0.00845	0.00715	0.04899	0.01316
2	0.77733	0.01534	0.01166	0.01043	0.01534	0.01779	0.00859	0.02331	0.01350	0.03558	0.01104	0.01288	0.00859	0.00736	0.00491	0.00245	0.00613	0.00429	0.00491	0.00859
3	0.00965	0.00796	0.00847	0.00852	0.01093	0.00678	0.00632	0.01185	0.01847	0.02277	0.15866	0.12083	0.54159	0.01990	0.00942	0.00269	0.00402	0.01683	0.00755	0.00678
4	0.03558	0.01350	0.01840	0.01411	0.02024	0.01166	0.01166	0.03865	0.02270	0.67734	0.03128	0.02699	0.01963	0.00981	0.00797	0.00245	0.00675	0.00797	0.00981	0.01350
5	0.01106	0.00798	0.01028	0.00990	0.01158	0.00739	0.00725	0.01432	0.02104	0.02950	0.55824	0.10944	0.09149	0.06179	0.01138	0.00289	0.00407	0.01487	0.00833	0.00720
6	0.01012	0.00723	0.00973	0.01157	0.01223	0.00684	0.00816	0.01184	0.01563	0.02076	0.04345	0.62382	0.05144	0.02441	0.01024	0.00328	0.00500	0.11033	0.00735	0.00657
7	0.01972	0.01718	0.01906	0.01871	0.07201	0.01965	0.01348	0.04073	0.60706	0.03260	0.03091	0.02880	0.02329	0.01047	0.00805	0.00266	0.00652	0.00882	0.00774	0.01255
8	0.01004	0.00794	0.00903	0.00902	0.01118	0.00694	0.00667	0.01257	0.01926	0.02484	0.27702	0.13867	0.40016	0.01927	0.00945	0.00267	0.00398	0.01654	0.00783	0.00694
9	0.02968	0.03606	0.02262	0.02019	0.02452	0.61541	0.01529	0.10004	0.02412	0.02281	0.01301	0.01483	0.01058	0.00832	0.00724	0.00208	0.01368	0.00533	0.00451	0.00967
10	0.02844	0.03587	0.02219	0.02016	0.02398	0.63689	0.01521	0.03050	0.02169	0.01936	0.01251	0.01504	0.01057	0.01029	0.03296	0.00249	0.04336	0.00531	0.00407	0.00909
11	0.01644	0.01409	0.01644	0.01175	0.01879	0.01057	0.00940	0.01997	0.01644	0.02584	0.01409	0.01644	0.01175	0.00587	0.00587	0.00117	0.00587	0.00470	0.00470	0.76979
12	0.03020	0.04716	0.05794	0.01689	0.02335	0.06620	0.01450	0.32883	0.02891	0.24399	0.02171	0.02078	0.01484	0.00917	0.00769	0.00232	0.00853	0.00699	0.00772	0.04228
13	0.01509	0.01425	0.02320	0.56949	0.04763	0.01810	0.02066	0.01967	0.01527	0.02009	0.01490	0.05222	0.01245	0.00958	0.01072	0.00279	0.11378	0.00774	0.00369	0.00868
14	0.01326	0.00980	0.01413	0.01698	0.06212	0.00980	0.01358	0.01698	0.01824	0.02388	0.04010	0.08458	0.04333	0.02087	0.01074	0.00356	0.00745	0.57585	0.00707	0.00767
15	0.02962	0.03779	0.02247	0.02043	0.02451	0.68948	0.01532	0.03166	0.02247	0.01941	0.01226	0.01430	0.01021	0.00817	0.00715	0.00204	0.01430	0.00511	0.00409	0.00919
16	0.03558	0.01350	0.01840	0.01411	0.02024	0.01166	0.01166	0.03865	0.02270	0.67734	0.03128	0.02699	0.01963	0.00981	0.00797	0.00245	0.00675	0.00797	0.00981	0.01350
17	0.01145	0.00766	0.00867	0.00875	0.00877	0.00764	0.00491	0.01151	0.01168	0.01558	0.02576	0.07924	0.02980	0.69265	0.03912	0.00750	0.00756	0.01199	0.00491	0.00487
18	0.02793	0.02111	0.02255	0.01780	0.02375	0.02356	0.01454	0.51743	0.16886	0.04641	0.02185	0.02128	0.01576	0.00978	0.00796	0.00245	0.00821	0.00753	0.00796	0.01329
19	0.77733	0.01534	0.01166	0.01043	0.01534	0.01779	0.00859	0.02331	0.01350	0.03558	0.01104	0.01288	0.00859	0.00736	0.00491	0.00245	0.00613	0.00429	0.00491	0.00859
20	0.02535	0.01954	0.02157	0.01890	0.06358	0.02173	0.01433	0.38229	0.22797	0.04205	0.02329	0.02296	0.01716	0.00973	0.00783	0.00244	0.00772	0.00772	0.05105	0.01279
21	0.01256	0.00906	0.01248	0.01419	0.01607	0.00897	0.01235	0.01611	0.01824	0.02358	0.04442	0.08861	0.08520	0.02179	0.01085	0.00359	0.00709	0.58026	0.00731	0.00726
22	0.01292	0.00944	0.01348	0.05827	0.01885	0.00967	0.01337	0.01667	0.01810	0.02351	0.04021	0.08511	0.04341	0.02102	0.01076	0.00359	0.00751	0.57965	0.00706	0.00740
23	0.01044	0.00770	0.00976	0.01004	0.01157	0.00702	0.00723	0.01315	0.01942	0.02647	0.37584	0.27724	0.15560	0.01962	0.00961	0.00276	0.00406	0.01739	0.00808	0.00702
24	0.01859	0.29691	0.26641	0.02124	0.02958	0.02407	0.14703	0.02427	0.01661	0.02233	0.01313	0.01619	0.01052	0.00748	0.00815	0.00229	0.05496	0.00602	0.00351	0.01073
25	0.00986	0.00704	0.00943	0.01127	0.01181	0.00661	0.00771	0.01138	0.01538	0.02046	0.04360	0.67634	0.05202	0.02466	0.01017	0.00325	0.00477	0.06039	0.00736	0.00650
26	0.01660	0.03644	0.53715	0.02609	0.07987	0.01870	0.12380	0.02510	0.01714	0.02521	0.01456	0.01766	0.01053	0.00737	0.00784	0.00253	0.01181	0.00648	0.00349	0.01162
27	0.02064	0.13742	0.48601	0.02425	0.03455	0.02209	0.08890	0.02700	0.01901	0.02734	0.01769	0.02185	0.01394	0.00987	0.00893	0.00309	0.01235	0.00719	0.00477	0.01311
28	0.02058	0.01878	0.03043	0.39030	0.25586	0.01994	0.07609	0.02439	0.01904	0.02597	0.01827	0.02561	0.01499	0.01004	0.00956	0.00322	0.01143	0.00838	0.00504	0.01210
29	0.01509	0.01099	0.01320	0.01249	0.01470	0.00978	0.00907	0.01741	0.02394	0.03377	0.58895	0.06295	0.11579	0.01846	0.01080	0.00319	0.00519	0.01518	0.00964	0.00941
30	0.02824	0.07239	0.02496	0.06965	0.02719	0.08345	0.01581	0.30385	0.17640	0.03986	0.02422	0.02619	0.01891	0.01177	0.00915	0.00306	0.00972	0.00831	0.03314	0.01371
31	0.02093	0.02644	0.17795	0.03053	0.03863	0.02019	0.42472	0.02624	0.02006	0.02803	0.02146	0.08016	0.01836	0.01088	0.01048	0.00335	0.01315	0.01065	0.00544	0.01236
32	0.01376	0.00987	0.01207	0.01362	0.01445	0.00886	0.00906	0.01398	0.01744	0.02367	0.04557	0.67694	0.05343	0.02627	0.01152	0.00386	0.00597	0.02269	0.00846	0.00849
33	0.01961	0.04182	0.64048	0.02445	0.03582	0.02008	0.02960	0.02716	0.01890	0.02823	0.01796	0.02196	0.01372	0.01006	0.00910	0.00319	0.01264	0.00707	0.00470	0.01344
34	0.12701	0.02799	0.07582	0.02166	0.04934	0.22809	0.05991	0.11225	0.10052	0.03195	0.02367	0.02638	0.05365	0.01153	0.00899	0.00306	0.01124	0.00808	0.00661	0.01224
35	0.01377	0.00689	0.01033	0.01033	0.01033	0.00689	0.00689	0.01033	0.01033	0.01377	0.01377	0.02410	0.01377	0.02755	0.03099	0.76928	0.00689	0.00689	0.00344	0.00344
36	0.02037	0.01571	0.01831	0.05377	0.04593	0.01706	0.01311	0.03593	0.42254	0.10065	0.02949	0.03152	0.02288	0.01070	0.00804	0.00257	0.00671	0.05216	0.00748	0.08506
37	0.04338	0.30702	0.36375	0.01828	0.02725	0.04777	0.02135	0.02442	0.01648	0.02252	0.01302	0.01540	0.01036	0.00886	0.02752	0.00249	0.01066	0.00523	0.00347	0.01078
38	0.74957	0.01505	0.01150	0.01032	0.01511	0.01741	0.00848	0.02313	0.01361	0.03536	0.01158	0.01349	0.00902	0.00743	0.00493	0.00243	0.00605	0.00441	0.03259	0.00854
39	0.01963	0.01884	0.03219	0.04867	0.67185	0.01884	0.02434	0.02434	0.01806	0.02591	0.01492	0.01963	0.01256	0.00707	0.00785	0.00236	0.00942	0.00707	0.00393	0.01256
40	0.67560	0.01540	0.01278	0.01108	0.01617	0.01742	0.00913	0.04762	0.01529	0.10045	0.01336	0.01452	0.00987	0.00769	0.00533	0.00245	0.00629	0.00477	0.00551	0.00926
41	0.00988	0.00707	0.00940	0.01089	0.01155	0.00659	0.00738	0.01159	0.01619	0.02185	0.13045	0.62481	0.05556	0.02364	0.01001	0.00312	0.00448	0.02140	0.00755	0.00659
42	0.00959	0.00804	0.00833	0.00826	0.01084	0.00679	0.00619	0.01180	0.01858	0.02263	0.14875	0.07433	0.59946	0.01963	0.00937	0.00266	0.00398	0.01646	0.00752	0.00679
43	0.01110	0.00801	0.01049	0.01006	0.01182	0.00740	0.00747	0.01465	0.02187	0.03089	0.61842	0.11108	0.07306	0.01689	0.00941	0.00255	0.00381	0.01499	0.00862	0.00740
44	0.01775	0.01872	0.03744	0.13543	0.06782	0.01913	0.40920	0.02342	0.01743	0.02429	0.01583	0.02145	0.01226	0.00780	0.01046	0.00267	0.08164	0.00851	0.05870	0.01004
45	0.77733	0.01534	0.01166	0.01043	0.01534	0.01779	0.00859	0.02331	0.01350	0.03558	0.01104	0.01288	0.00859	0.00736	0.00491	0.00245	0.00613	0.00429	0.00491	0.00859
46	0.03403	0.01446	0.01881	0.01459	0.02063	0.01328	0.01200	0.08860	0.06815	0.58103	0.03035	0.02652	0.01945	0.00986	0.00798	0.00246	0.00688	0.00798	0.00954	0.01343
47	0.08690	0.01426	0.01833	0.01415	0.02022	0.01303	0.01169	0.08191	0.02312	0.58676	0.02898	0.02543	0.01841	0.00962	0.00776	0.00245	0.00685	0.00766	0.00934	0.01315
48	0.51289	0.02331	0.17438	0.01494	0.02155	0.06486	0.03862	0.02441	0.01510	0.03154	0.01209	0.01424	0.00918	0.00743	0.00587	0.00245	0.00833	0.00492	0.00444	0.00946
49	0.02029	0.01822	0.01819	0.01638	0.02084	0.05804	0.01271	0.04154	0.62120	0.03238	0.03113	0.02871	0.02341	0.01061	0.00802	0.00265	0.00673	0.00874	0.00784	0.01236
50	0.01153	0.00769	0.00865	0.00865	0.00865	0.00769	0.00480	0.01153	0.01153	0.01538	0.02499	0.05189	0.02883	0.72131	0.04036	0.00769	0.00769	0.01153	0.00480	0.00480
51	0.01478	0.00739	0.00739	0.00739	0.00924	0.00739	0.00554	0.01848	0.01663	0.02956	0.02587	0.02956	0.02033	0.00924	0.00554	0.00185	0.00370	0.00739	0.76534	0.00739
52	0.03014	0.02221	0.02380	0.01825	0.02459	0.02459	0.01507	0.64541	0.03728	0.04998	0.01904	0.01904	0.01349	0.00952	0.00793	0.00238	0.00873	0.00714	0.00793	0.01349
53	0.77733	0.01534	0.01166	0.01043	0.01534	0.01779	0.00859	0.02331	0.01350	0.03558	0.01104	0.01288	0.00859	0.00736	0.00491	0.00245	0.00613	0.00429	0.00491	0.00859
54	0.02853	0.02100	0.02265	0.01768	0.02356	0.02316	0.01446	0.59534	0.03554	0.04763	0.02099	0.07405	0.01656	0.01073	0.00811	0.00245	0.00840	0.00836	0.00789	0.01293
55	0.02120	0.72609	0.04155	0.01357	0.02035	0.03138	0.01357	0.02374	0.01611	0.01866	0.01102	0.01272	0.01018	0.00678	0.00509	0.00170	0.00848	0.00424	0.00339	0.01018
56	0.00966	0.00690	0.00920	0.01104	0.01150	0.00644	0.00736	0.01104	0.01518	0.02024	0.04371	0.71614	0.05245	0.02484	0.01012	0.00322	0.00460	0.02254	0.00736	0.00644
57	0.02925	0.03573	0.02239	0.02008	0.02436	0.61041	0.01519	0.07937	0.05003	0.02233	0.01361	0.01530	0.01105	0.00838	0.00725	0.00210	0.01354	0.00542	0.00455	0.00966
58	0.03558	0.01350	0.01840	0.01411	0.02024	0.01166	0.01166	0.03865	0.02270	0.67734	0.03128	0.02699	0.01963	0.00981	0.00797	0.00245	0.00675	0.00797	0.00981	0.01350
59	0.01125	0.00807	0.01045	0.00987	0.01159	0.00750	0.00727	0.01469	0.02159	0.03050	0.61695	0.05865	0.07119	0.07186	0.01180	0.00290	0.00405	0.01412	0.00842	0.00727
60	0.01534	0.01447	0.02445	0.65068	0.10333	0.01771	0.02221	0.02058	0.01603	0.02071	0.01416	0.02102	0.01073	0.00786	0.00792	0.00262	0.01048	0.00705	0.00356	0.00911
61	0.03425	0.01412	0.02064	0.01563	0.02192	0.01232	0.06148	0.03760	0.02238	0.62589	0.03008	0.02655	0.01903	0.00957	0.00808	0.00247	0.00727	0.00808	0.00936	0.01327
62	0.01003	0.00828	0.00888	0.00921	0.01153	0.00733	0.00683	0.01291	0.04666	0.02183	0.06987	0.19325	0.50097	0.02061	0.00951	0.00282	0.00436	0.04078	0.00739	0.00694
63	0.03103	0.02078	0.02291	0.01757	0.02388	0.02247	0.01451	0.54604	0.03489	0.15272	0.02104	0.02034	0.01449	0.00957	0.00794	0.00239	0.00840	0.00728	0.00824	0.01349
64	0.02782	0.08375	0.02520	0.02322	0.10478	0.49035	0.01629	0.09290	0.02297	0.02329	0.01319	0.01533	0.01084	0.00807	0.00717	0.00209	0.01270	0.00550	0.00441	0.01012
65	0.01707	0.01430	0.01716	0.01259	0.01917	0.01158	0.03031	0.04519	0.04373	0.02732	0.01592	0.01816	0.01293	0.00648	0.00613	0.00138	0.00609	0.00531	0.05797	0.63120
66	0.01830	0.02294	0.10771	0.03108	0.03867	0.02031	0.51910	0.02474	0.01786	0.02474	0.01530	0.02052	0.01167	0.00749	0.01085	0.00274	0.08273	0.00877	0.00389	0.01059
67	0.02120	0.72609	0.04155	0.01357	0.02035	0.03138	0.01357	0.02374	0.01611	0.01866	0.01102	0.01272	0.01018	0.00678	0.00509	0.00170	0.00848	0.00424	0.00339	0.01018
68	0.77733	0.01534	0.01166	0.01043	0.01534	0.01779	0.00859	0.02331	0.01350	0.03558	0.01104	0.01288	0.00859	0.00736	0.00491	0.00245	0.00613	0.00429	0.00491	0.00859
69	0.01263	0.00903	0.01257	0.01416	0.01599	0.00897	0.01227	0.01629	0.01866	0.02450	0.10193	0.08655	0.04843	0.02136	0.01080	0.00354	0.00696	0.56060	0.00744	0.00732
70	0.01886	0.01999	0.08218	0.07240	0.56888	0.01836	0.02416	0.02390	0.01787	0.02552	0.01594	0.02234	0.01364	0.00775	0.00796	0.00243	0.00956	0.03214	0.00400	0.01212
71	0.01278	0.00913	0.01278	0.01460	0.01643	0.00913	0.01278	0.01643	0.01825	0.02373	0.04199	0.08945	0.04564	0.02191	0.01095	0.00365	0.00730	0.61847	0.00730	0.00730
72	0.01478	0.00739	0.00739	0.00739	0.00924	0.00739	0.00554	0.01848	0.01663	0.02956	0.02587	0.02956	0.02033	0.00924	0.00554	0.00185	0.00370	0.00739	0.76534	0.00739
73	0.01346	0.01285	0.08075	0.01725	0.05375	0.01059	0.01506	0.01773	0.01809	0.02399	0.03774	0.07837	0.04028	0.01966	0.01044	0.00347	0.00786	0.52391	0.00672	0.00803
74	0.01153	0.00769	0.00865	0.00865	0.00865	0.00769	0.00480	0.01153	0.01153	0.01538	0.02499	0.05189	0.02883	0.72131	0.04036	0.00769	0.00769	0.01153	0.00480	0.00480
75	0.01278	0.00913	0.01278	0.01460	0.01643	0.00913	0.01278	0.01643	0.01825	0.02373	0.04199	0.08945	0.04564	0.02191	0.01095	0.00365	0.00730	0.61847	0.00730	0.00730
76	0.01872	0.02139	0.04679	0.03342	0.04144	0.02005	0.64305	0.02540	0.01872	0.02540	0.01604	0.02139	0.01203	0.00668	0.00936	0.00267	0.01337	0.00936	0.00401	0.01070
77	0.02731	0.16216	0.02671	0.02137	0.07396	0.51715	0.01570	0.02965	0.02097	0.01977	0.01224	0.01442	0.01039	0.00783	0.00683	0.00200	0.01286	0.00510	0.00395	0.00963
78	0.02257	0.01579	0.01764	0.01531	0.01998	0.01730	0.01205	0.05913	0.45999	0.16251	0.08179	0.03106	0.02693	0.01096	0.00815	0.00262	0.00625	0.00913	0.00847	0.01237
79	0.00966	0.00690	0.00920	0.01104	0.01150	0.00644	0.00736	0.01104	0.01518	0.02024	0.04371	0.71614	0.05245	0.02484	0.01012	0.00322	0.00460	0.02254	0.00736	0.00644
80	0.02063	0.01683	0.01796	0.01602	0.02060	0.01926	0.01250	0.04194	0.62121	0.07002	0.03222	0.02944	0.02394	0.01070	0.00806	0.00268	0.00630	0.00891	0.00817	0.01261
81	0.01524	0.01460	0.02539	0.65562	0.05370	0.01779	0.06532	0.02062	0.01606	0.02062	0.01423	0.02116	0.01067	0.00784	0.00803	0.00264	0.01077	0.00721	0.00356	0.00894
82	0.00966	0.00690	0.00920	0.01104	0.01150	0.00644	0.00736	0.01104	0.01518	0.02024	0.04371	0.71614	0.05245	0.02484	0.01012	0.00322	0.00460	0.02254	0.00736	0.00644
83	0.01024	0.00782	0.01159	0.01246	0.01340	0.00731	0.04773	0.01195	0.01541	0.02057	0.04195	0.67202	0.04988	0.02369	0.01007	0.00319	0.00516	0.02171	0.00715	0.00671
84	0.01498	0.01409	0.02378	0.70226	0.05462	0.01762	0.02202	0.02026	0.01586	0.02026	0.01409	0.02114	0.01057	0.00793	0.00793	0.00264	0.01057	0.00705	0.00352	0.00881

[dist]
# distance from previous block
# <min> <max>
0	16

[block]
# block no. 3 follows, 24 sequences, length 13
# corresponding to MSA columns:
# 226-238
name=unknown_D
#
# <colnr> <probs for GDERKNQSTAVLIFYWHMCP>
#	G	D	E	R	K	N	Q	S	T	A	V	L	I	F	Y	W	H	M	C	P
0	0.01110	0.00690	0.00960	0.01079	0.01109	0.00660	0.00719	0.01079	0.01348	0.01797	0.03320	0.47326	0.03887	0.02579	0.01745	0.27208	0.00540	0.01705	0.00599	0.00539
1	0.01461	0.01199	0.01439	0.01112	0.01635	0.00949	0.00872	0.01821	0.01855	0.02793	0.24347	0.03146	0.03388	0.00950	0.00709	0.00164	0.00512	0.00808	0.00611	0.50225
2	0.01040	0.00757	0.01062	0.01181	0.01267	0.00779	0.00852	0.01239	0.01447	0.01977	0.03574	0.44567	0.04067	0.03686	0.24873	0.00658	0.01057	0.04621	0.00627	0.00671
3	0.01033	0.00800	0.00929	0.00908	0.01118	0.00709	0.00670	0.01302	0.01969	0.02589	0.34671	0.09505	0.34213	0.04772	0.01069	0.00283	0.00407	0.01567	0.00789	0.00697
4	0.02285	0.01724	0.01827	0.01466	0.01972	0.01831	0.01190	0.42289	0.03054	0.03995	0.04055	0.03914	0.24342	0.01323	0.00844	0.00248	0.00707	0.01051	0.00773	0.01110
5	0.01247	0.00785	0.00947	0.00907	0.01093	0.00745	0.00680	0.01620	0.02041	0.03101	0.44242	0.04882	0.05570	0.01376	0.00802	0.00227	0.00373	0.01190	0.27427	0.00745
6	0.03367	0.01655	0.02030	0.01556	0.02177	0.01620	0.01285	0.25160	0.02782	0.45716	0.02699	0.02420	0.01747	0.00971	0.00796	0.00243	0.00744	0.00768	0.00915	0.01349
7	0.01119	0.00696	0.00967	0.01074	0.01111	0.00665	0.00720	0.01100	0.01387	0.01859	0.06640	0.43831	0.04007	0.02533	0.01741	0.27204	0.00536	0.01661	0.00606	0.00544
8	0.01068	0.00768	0.01011	0.01035	0.01173	0.00712	0.00744	0.01359	0.01990	0.02774	0.44868	0.28978	0.06697	0.01924	0.00962	0.00275	0.00404	0.01722	0.00825	0.00712
9	0.01430	0.02960	0.44597	0.01914	0.02725	0.01543	0.02249	0.02127	0.01534	0.02276	0.01669	0.02180	0.01348	0.02576	0.24701	0.00610	0.01506	0.00679	0.00366	0.01009
10	0.53056	0.02879	0.02665	0.02490	0.03030	0.02718	0.01752	0.03527	0.02658	0.04913	0.03278	0.04308	0.02944	0.02140	0.01447	0.00623	0.01319	0.01154	0.01183	0.01917
11	0.01745	0.01784	0.03396	0.30405	0.20437	0.01878	0.24056	0.02308	0.01741	0.02348	0.01498	0.02085	0.01158	0.00728	0.00841	0.00258	0.01127	0.00786	0.00380	0.01041
12	0.04913	0.02759	0.03103	0.02729	0.03349	0.02320	0.01951	0.04522	0.03255	0.46566	0.04592	0.05224	0.03660	0.02299	0.01646	0.00623	0.01359	0.01393	0.01502	0.02236

[dist]
# distance from previous block
# <min> <max>
0	6

[block]
# block no. 4 follows, 24 sequences, length 71
# corresponding to MSA columns:
# 245-315
name=unknown_E
#
# <colnr> <probs for GDERKNQSTAVLIFYWHMCP>
#	G	D	E	R	K	N	Q	S	T	A	V	L	I	F	Y	W	H	M	C	P
0	0.01051	0.00785	0.01094	0.01382	0.06201	0.00745	0.00855	0.01208	0.01524	0.02046	0.04066	0.63282	0.04833	0.05483	0.01131	0.00336	0.00511	0.02086	0.00698	0.00684
1	0.01945	0.01527	0.01755	0.01728	0.06891	0.01673	0.01238	0.03535	0.44210	0.08801	0.07229	0.05881	0.07715	0.01195	0.00829	0.00265	0.00617	0.01014	0.00786	0.01166
2	0.01954	0.01706	0.01842	0.01650	0.02064	0.02007	0.01292	0.04037	0.60803	0.03209	0.03060	0.02865	0.02315	0.01100	0.00945	0.00275	0.06000	0.00881	0.00772	0.01225
3	0.03371	0.01308	0.01780	0.01379	0.01960	0.01134	0.01134	0.03683	0.02268	0.62783	0.08009	0.02946	0.02386	0.01031	0.00808	0.00246	0.00652	0.00846	0.00973	0.01303
4	0.01596	0.00853	0.00865	0.00822	0.01042	0.00871	0.00627	0.06656	0.01821	0.03113	0.02534	0.02876	0.01980	0.00926	0.00573	0.00189	0.00408	0.00737	0.70725	0.00786
5	0.02230	0.67144	0.03978	0.01361	0.02034	0.02986	0.01342	0.02489	0.01662	0.06917	0.01258	0.01381	0.01090	0.00702	0.00531	0.00175	0.00835	0.00453	0.00388	0.01043
6	0.07026	0.00827	0.00888	0.00879	0.00916	0.00846	0.00510	0.01244	0.01168	0.01693	0.02392	0.04890	0.02728	0.66656	0.03764	0.00729	0.00757	0.01098	0.00481	0.00510
7	0.01476	0.01374	0.02301	0.66165	0.05211	0.01702	0.02117	0.01995	0.01624	0.02094	0.05243	0.02338	0.01434	0.00841	0.00801	0.00263	0.01017	0.00748	0.00383	0.00873
8	0.00972	0.00695	0.00925	0.01100	0.01151	0.00648	0.00737	0.01119	0.01546	0.02068	0.06732	0.69127	0.05329	0.02452	0.01009	0.00319	0.00457	0.02223	0.00741	0.00648
9	0.01265	0.00904	0.01264	0.01446	0.01623	0.00902	0.01256	0.01622	0.01813	0.02359	0.04205	0.11432	0.04591	0.02202	0.01092	0.00363	0.00719	0.59482	0.00730	0.00727
10	0.02697	0.01426	0.01739	0.01443	0.01949	0.01426	0.01155	0.03743	0.26274	0.36450	0.09991	0.03143	0.02728	0.01086	0.00816	0.00255	0.00625	0.00903	0.00904	0.01249
11	0.02277	0.01793	0.02152	0.01612	0.02260	0.01748	0.04926	0.26998	0.04560	0.05632	0.01719	0.01856	0.01306	0.00792	0.00770	0.00191	0.03077	0.00626	0.00617	0.35089
12	0.48873	0.23158	0.02152	0.01186	0.01745	0.02203	0.01050	0.05240	0.01568	0.05241	0.01207	0.01358	0.00966	0.00737	0.00520	0.00222	0.00699	0.00453	0.00475	0.00946
13	0.05813	0.02031	0.02234	0.01718	0.02343	0.02189	0.01419	0.50799	0.03366	0.16834	0.02107	0.02032	0.01447	0.00950	0.00783	0.00240	0.00826	0.00720	0.00818	0.01331
14	0.01196	0.01430	0.13734	0.01231	0.01604	0.00948	0.01154	0.01657	0.02089	0.02961	0.49271	0.07577	0.09059	0.01507	0.00904	0.00253	0.00530	0.01315	0.00759	0.00821
15	0.00955	0.00804	0.00828	0.00822	0.01082	0.00677	0.00617	0.01173	0.01850	0.02242	0.13701	0.07467	0.61132	0.01971	0.00937	0.00266	0.00399	0.01650	0.00750	0.00677
16	0.01846	0.02089	0.04521	0.07946	0.04235	0.01989	0.60030	0.02505	0.01852	0.02505	0.01591	0.02137	0.01193	0.00677	0.00926	0.00267	0.01318	0.00920	0.00398	0.01057
17	0.01153	0.00769	0.00865	0.00865	0.00865	0.00769	0.00480	0.01153	0.01153	0.01538	0.02499	0.05189	0.02883	0.72131	0.04036	0.00769	0.00769	0.01153	0.00480	0.00480
18	0.01122	0.00811	0.01060	0.00998	0.01185	0.00748	0.00748	0.01496	0.02245	0.03180	0.66766	0.05923	0.07482	0.01621	0.00935	0.00249	0.00374	0.01434	0.00873	0.00748
19	0.01735	0.01735	0.02429	0.02082	0.02082	0.02429	0.01735	0.01908	0.01214	0.01908	0.01041	0.01735	0.01041	0.01388	0.02602	0.00347	0.70680	0.00694	0.00347	0.00867
20	0.01963	0.01884	0.03219	0.04867	0.67185	0.01884	0.02434	0.02434	0.01806	0.02591	0.01492	0.01963	0.01256	0.00707	0.00785	0.00236	0.00942	0.00707	0.00393	0.01256
21	0.01735	0.01735	0.02429	0.02082	0.02082	0.02429	0.01735	0.01908	0.01214	0.01908	0.01041	0.01735	0.01041	0.01388	0.02602	0.00347	0.70680	0.00694	0.00347	0.00867
22	0.01278	0.00913	0.01278	0.01460	0.01643	0.00913	0.01278	0.01643	0.01825	0.02373	0.04199	0.08945	0.04564	0.02191	0.01095	0.00365	0.00730	0.61847	0.00730	0.00730
23	0.77733	0.01534	0.01166	0.01043	0.01534	0.01779	0.00859	0.02331	0.01350	0.03558	0.01104	0.01288	0.00859	0.00736	0.00491	0.00245	0.00613	0.00429	0.00491	0.00859
24	0.00975	0.00697	0.00928	0.01098	0.01152	0.00650	0.00737	0.01127	0.01561	0.02092	0.08039	0.67751	0.05376	0.02434	0.01008	0.00318	0.00455	0.02206	0.00744	0.00650
25	0.01122	0.00811	0.01060	0.00998	0.01185	0.00748	0.00748	0.01496	0.02245	0.03180	0.66766	0.05923	0.07482	0.01621	0.00935	0.00249	0.00374	0.01434	0.00873	0.00748
26	0.01644	0.01409	0.01644	0.01175	0.01879	0.01057	0.00940	0.01997	0.01644	0.02584	0.01409	0.01644	0.01175	0.00587	0.00587	0.00117	0.00587	0.00470	0.00470	0.76979
27	0.77733	0.01534	0.01166	0.01043	0.01534	0.01779	0.00859	0.02331	0.01350	0.03558	0.01104	0.01288	0.00859	0.00736	0.00491	0.00245	0.00613	0.00429	0.00491	0.00859
28	0.01377	0.00689	0.01033	0.01033	0.01033	0.00689	0.00689	0.01033	0.01033	0.01377	0.01377	0.02410	0.01377	0.02755	0.03099	0.76928	0.00689	0.00689	0.00344	0.00344
29	0.77733	0.01534	0.01166	0.01043	0.01534	0.01779	0.00859	0.02331	0.01350	0.03558	0.01104	0.01288	0.00859	0.00736	0.00491	0.00245	0.00613	0.00429	0.00491	0.00859
30	0.77733	0.01534	0.01166	0.01043	0.01534	0.01779	0.00859	0.02331	0.01350	0.03558	0.01104	0.01288	0.00859	0.00736	0.00491	0.00245	0.00613	0.00429	0.00491	0.00859
31	0.08664	0.01362	0.01794	0.01386	0.01991	0.01208	0.01144	0.03759	0.02206	0.63317	0.02989	0.02602	0.01887	0.00965	0.00776	0.00245	0.00671	0.00772	0.00948	0.01316
32	0.03488	0.01365	0.01838	0.01420	0.02026	0.01201	0.01169	0.03880	0.05070	0.64893	0.03133	0.02711	0.01983	0.00986	0.00798	0.00246	0.00673	0.00802	0.00974	0.01345
33	0.01498	0.01409	0.02378	0.70226	0.05462	0.01762	0.02202	0.02026	0.01586	0.02026	0.01409	0.02114	0.01057	0.00793	0.00793	0.00264	0.01057	0.00705	0.00352	0.00881
34	0.00966	0.00690	0.00920	0.01104	0.01150	0.00644	0.00736	0.01104	0.01518	0.02024	0.04371	0.71614	0.05245	0.02484	0.01012	0.00322	0.00460	0.02254	0.00736	0.00644
35	0.01122	0.00811	0.01060	0.00998	0.01185	0.00748	0.00748	0.01496	0.02245	0.03180	0.66766	0.05923	0.07482	0.01621	0.00935	0.00249	0.00374	0.01434	0.00873	0.00748
36	0.07215	0.01587	0.02407	0.39809	0.04045	0.04104	0.06677	0.02066	0.01518	0.02141	0.01363	0.02014	0.01104	0.01204	0.05157	0.00337	0.15296	0.00702	0.00371	0.00882
37	0.00952	0.00790	0.00832	0.00851	0.01087	0.00671	0.00627	0.01155	0.01799	0.02189	0.11040	0.15179	0.56015	0.02042	0.00946	0.00273	0.00407	0.01729	0.00744	0.00671
38	0.01114	0.00810	0.01049	0.00989	0.01180	0.00745	0.00742	0.01481	0.02226	0.03136	0.64280	0.05996	0.09996	0.01638	0.00935	0.00250	0.00375	0.01444	0.00867	0.00745
39	0.77733	0.01534	0.01166	0.01043	0.01534	0.01779	0.00859	0.02331	0.01350	0.03558	0.01104	0.01288	0.00859	0.00736	0.00491	0.00245	0.00613	0.00429	0.00491	0.00859
40	0.02959	0.02134	0.02312	0.01768	0.02406	0.02319	0.01459	0.58141	0.03540	0.07680	0.01930	0.01924	0.01366	0.00932	0.00781	0.00231	0.00847	0.00703	0.00783	0.05785
41	0.01800	0.01986	0.04161	0.14005	0.04246	0.01920	0.51228	0.02431	0.01815	0.02459	0.01563	0.02111	0.01178	0.00685	0.00896	0.00260	0.01255	0.00876	0.00397	0.04727
42	0.06299	0.03448	0.02254	0.02115	0.05312	0.57434	0.01547	0.06036	0.02224	0.02191	0.01259	0.01481	0.01041	0.00834	0.00774	0.00214	0.03626	0.00532	0.00428	0.00951
43	0.03436	0.01314	0.01776	0.01371	0.01960	0.01140	0.01130	0.03746	0.02234	0.63925	0.03097	0.02714	0.01967	0.00978	0.00783	0.00242	0.00657	0.00794	0.05424	0.01314
44	0.00966	0.00690	0.00920	0.01104	0.01150	0.00644	0.00736	0.01104	0.01518	0.02024	0.04371	0.71614	0.05245	0.02484	0.01012	0.00322	0.00460	0.02254	0.00736	0.00644
45	0.01931	0.01894	0.03359	0.07565	0.56790	0.01893	0.09954	0.02429	0.01804	0.02560	0.01502	0.01991	0.01241	0.00706	0.00804	0.00241	0.00995	0.00734	0.00392	0.01217
46	0.00978	0.00708	0.00928	0.01099	0.01166	0.00658	0.00751	0.01130	0.01552	0.02048	0.04615	0.64446	0.09456	0.02439	0.01011	0.00320	0.00468	0.04843	0.00736	0.00650
47	0.00966	0.00690	0.00920	0.01104	0.01150	0.00644	0.00736	0.01104	0.01518	0.02024	0.04371	0.71614	0.05245	0.02484	0.01012	0.00322	0.00460	0.02254	0.00736	0.00644
48	0.40142	0.01570	0.01543	0.01267	0.01798	0.01690	0.01042	0.14467	0.02053	0.20205	0.01860	0.01864	0.01303	0.00851	0.00630	0.00240	0.00664	0.00596	0.05145	0.01070
49	0.61617	0.01570	0.01339	0.01160	0.01667	0.01778	0.00951	0.06253	0.06003	0.09256	0.01475	0.01563	0.01092	0.00794	0.00557	0.00247	0.00635	0.00511	0.00573	0.00958
50	0.03505	0.01361	0.01839	0.01418	0.02026	0.01192	0.01168	0.03876	0.04384	0.65588	0.03132	0.02708	0.01978	0.00985	0.00798	0.00246	0.00673	0.00801	0.00976	0.01346
51	0.01407	0.01134	0.01667	0.04783	0.13625	0.01120	0.03808	0.05341	0.01951	0.02723	0.21212	0.21817	0.07964	0.01541	0.00888	0.00263	0.00601	0.01389	0.05902	0.00863
52	0.01963	0.01884	0.03219	0.04867	0.67185	0.01884	0.02434	0.02434	0.01806	0.02591	0.01492	0.01963	0.01256	0.00707	0.00785	0.00236	0.00942	0.00707	0.00393	0.01256
53	0.01122	0.00811	0.01060	0.00998	0.01185	0.00748	0.00748	0.01496	0.02245	0.03180	0.66766	0.05923	0.07482	0.01621	0.00935	0.00249	0.00374	0.01434	0.00873	0.00748
54	0.05850	0.60907	0.05949	0.01431	0.02093	0.08756	0.01400	0.02446	0.01656	0.01976	0.01124	0.01300	0.01010	0.00696	0.00534	0.00179	0.00898	0.00437	0.00352	0.01006
55	0.02024	0.01605	0.02000	0.01457	0.02150	0.01386	0.05419	0.13641	0.02080	0.06846	0.01615	0.01788	0.01255	0.00683	0.00661	0.00157	0.00696	0.00566	0.00555	0.53415
56	0.01930	0.16087	0.32138	0.02417	0.11186	0.02121	0.07026	0.05204	0.04679	0.05508	0.01553	0.01788	0.01178	0.00780	0.00789	0.00238	0.03175	0.00630	0.00419	0.01156
57	0.01043	0.00752	0.01010	0.03327	0.01294	0.00743	0.00793	0.01205	0.01488	0.01997	0.06069	0.49002	0.04549	0.12588	0.07169	0.00463	0.00672	0.04528	0.00666	0.00641
58	0.59806	0.01531	0.01355	0.01152	0.01673	0.01694	0.00949	0.05649	0.01642	0.15997	0.01533	0.01590	0.01095	0.00794	0.00565	0.00245	0.00638	0.00514	0.00600	0.00977
59	0.01221	0.01227	0.07296	0.08999	0.07104	0.01031	0.03736	0.01540	0.01627	0.02239	0.07350	0.43142	0.03975	0.01828	0.00924	0.00291	0.00651	0.01661	0.03369	0.00791
60	0.04046	0.06869	0.03905	0.08910	0.03666	0.04269	0.40784	0.02398	0.01722	0.02359	0.01438	0.01967	0.01136	0.00800	0.01135	0.00270	0.12118	0.00814	0.00387	0.01007
61	0.01057	0.00877	0.00939	0.00942	0.01208	0.00790	0.00729	0.01427	0.06239	0.02314	0.11026	0.07342	0.51984	0.01939	0.00945	0.00277	0.00451	0.08045	0.00749	0.00721
62	0.68003	0.01518	0.01320	0.09873	0.02035	0.01777	0.01030	0.02292	0.01380	0.03362	0.01143	0.01394	0.00884	0.00743	0.00529	0.00248	0.00670	0.00465	0.00473	0.00862
63	0.00966	0.00690	0.00920	0.01104	0.01150	0.00644	0.00736	0.01104	0.01518	0.02024	0.04371	0.71614	0.05245	0.02484	0.01012	0.00322	0.00460	0.02254	0.00736	0.00644
64	0.02618	0.01326	0.01668	0.01355	0.01828	0.01270	0.01090	0.10797	0.07826	0.34856	0.22245	0.03597	0.03595	0.01179	0.00839	0.00248	0.00605	0.00988	0.00910	0.01159
65	0.02101	0.70130	0.06466	0.01390	0.02086	0.03091	0.01414	0.02379	0.01614	0.01889	0.01114	0.01287	0.01017	0.00681	0.00518	0.00173	0.00860	0.00430	0.00339	0.01023
66	0.47757	0.11281	0.19403	0.01408	0.02105	0.01969	0.01475	0.02385	0.01470	0.03063	0.01189	0.01389	0.00918	0.00733	0.00563	0.00237	0.00792	0.00471	0.00430	0.00963
67	0.01253	0.00842	0.01088	0.01009	0.01226	0.00767	0.00763	0.01611	0.02216	0.06904	0.58982	0.05851	0.11245	0.01610	0.00927	0.00250	0.00394	0.01413	0.00870	0.00778
68	0.00980	0.00701	0.00932	0.01095	0.01153	0.00653	0.00737	0.01139	0.01582	0.02126	0.09845	0.65851	0.05441	0.02409	0.01005	0.00316	0.00453	0.02182	0.00748	0.00653
69	0.01974	0.05427	0.29433	0.02440	0.11582	0.01922	0.07069	0.11808	0.04605	0.05910	0.06140	0.02161	0.01653	0.00873	0.00852	0.00249	0.03505	0.00727	0.00502	0.01167
70	0.15760	0.17546	0.02077	0.01268	0.01765	0.01782	0.01072	0.08696	0.04871	0.14649	0.06687	0.07545	0.02126	0.01010	0.00675	0.00225	0.00655	0.00782	0.06597	0.04214

[dist]
# distance from previous block
# <min> <max>
0	8

[block]
# block no. 5 follows, 24 sequences, length 69
# corresponding to MSA columns:
# 324-392
name=unknown_F
#
# <colnr> <probs for GDERKNQSTAVLIFYWHMCP>
#	G	D	E	R	K	N	Q	S	T	A	V	L	I	F	Y	W	H	M	C	P
0	0.07921	0.04422	0.21392	0.01704	0.02409	0.01556	0.05114	0.04983	0.06467	0.21570	0.11964	0.02697	0.02376	0.00972	0.00781	0.00248	0.00816	0.00804	0.00667	0.01136
1	0.47457	0.04512	0.10452	0.01511	0.05541	0.01789	0.01309	0.05196	0.01652	0.12008	0.01475	0.01592	0.01075	0.00777	0.00597	0.00242	0.00734	0.00527	0.00538	0.01015
2	0.06252	0.01830	0.01829	0.06754	0.05118	0.09629	0.01319	0.05677	0.36178	0.03017	0.02550	0.04654	0.02001	0.01004	0.00757	0.00248	0.00750	0.00815	0.06375	0.03244
3	0.04680	0.01389	0.01643	0.01343	0.01840	0.01317	0.01062	0.11940	0.08223	0.19191	0.08047	0.13016	0.02654	0.01166	0.00782	0.00228	0.00619	0.00979	0.00753	0.19127
4	0.01012	0.00749	0.01035	0.06243	0.01472	0.00732	0.00846	0.01189	0.01554	0.02073	0.06785	0.63668	0.05028	0.02322	0.00993	0.00315	0.00501	0.02104	0.00713	0.00666
5	0.01882	0.01811	0.07941	0.04966	0.05602	0.01557	0.31017	0.02417	0.01920	0.11453	0.10804	0.08140	0.02549	0.01040	0.00904	0.00267	0.00993	0.03135	0.00573	0.01029
6	0.01785	0.07718	0.19307	0.07632	0.03736	0.02069	0.35218	0.02429	0.01728	0.02392	0.01461	0.01928	0.01118	0.00761	0.00995	0.00263	0.07251	0.00778	0.00373	0.01059
7	0.03318	0.01403	0.01833	0.01442	0.02030	0.01288	0.01179	0.03917	0.11887	0.57975	0.03143	0.02738	0.02032	0.00996	0.00799	0.00249	0.00668	0.00812	0.00955	0.01335
8	0.01588	0.03584	0.55457	0.02344	0.08003	0.01762	0.02661	0.02472	0.04322	0.02515	0.01720	0.06911	0.01395	0.00891	0.00777	0.00256	0.01080	0.00731	0.00388	0.01143
9	0.02163	0.12648	0.03244	0.09338	0.16652	0.14663	0.13962	0.06905	0.01932	0.02406	0.01386	0.01785	0.01134	0.00805	0.00933	0.00240	0.07667	0.00672	0.00410	0.01056
10	0.01377	0.00689	0.01033	0.01033	0.01033	0.00689	0.00689	0.01033	0.01033	0.01377	0.01377	0.02410	0.01377	0.02755	0.03099	0.76928	0.00689	0.00689	0.00344	0.00344
11	0.00964	0.00699	0.00911	0.01080	0.01144	0.00646	0.00725	0.01107	0.01542	0.02034	0.04668	0.66424	0.10243	0.02446	0.01006	0.00318	0.00455	0.02207	0.00736	0.00646
12	0.12259	0.02123	0.02197	0.06775	0.02546	0.05942	0.01464	0.46058	0.03126	0.07216	0.01784	0.01852	0.01275	0.00907	0.00751	0.00239	0.00876	0.00670	0.00710	0.01229
13	0.01841	0.10545	0.02753	0.27385	0.03604	0.08233	0.10743	0.05684	0.01819	0.02320	0.03686	0.04879	0.01482	0.00880	0.00854	0.00239	0.04335	0.00753	0.00431	0.07534
14	0.01160	0.00813	0.01090	0.01090	0.01180	0.00893	0.00774	0.01340	0.01250	0.01788	0.02291	0.03891	0.02326	0.30714	0.40626	0.01023	0.01514	0.00958	0.04655	0.00624
15	0.01879	0.01514	0.01628	0.01464	0.01881	0.01686	0.01138	0.03639	0.50119	0.06779	0.08689	0.03697	0.09998	0.01217	0.00831	0.00266	0.00585	0.01020	0.00814	0.01156
16	0.06092	0.02233	0.15143	0.09696	0.43818	0.01863	0.02375	0.02473	0.04083	0.02608	0.01514	0.01920	0.01212	0.00738	0.00764	0.00243	0.00965	0.00675	0.00399	0.01186
17	0.77733	0.01534	0.01166	0.01043	0.01534	0.01779	0.00859	0.02331	0.01350	0.03558	0.01104	0.01288	0.00859	0.00736	0.00491	0.00245	0.00613	0.00429	0.00491	0.00859
18	0.01928	0.01497	0.01740	0.01264	0.01954	0.01222	0.01019	0.09146	0.01921	0.07287	0.01582	0.01745	0.01248	0.00655	0.00625	0.00140	0.00625	0.00520	0.00541	0.63342
19	0.03163	0.01312	0.01757	0.01353	0.01941	0.01120	0.01108	0.03480	0.02203	0.55775	0.08121	0.02852	0.02330	0.00993	0.00787	0.00233	0.00641	0.00815	0.00920	0.09097
20	0.01983	0.01399	0.01679	0.01216	0.01905	0.01076	0.00980	0.02327	0.01755	0.14108	0.01714	0.01831	0.01314	0.00657	0.00624	0.00140	0.00603	0.00528	0.00560	0.63601
21	0.01122	0.00811	0.01060	0.00998	0.01185	0.00748	0.00748	0.01496	0.02245	0.03180	0.66766	0.05923	0.07482	0.01621	0.00935	0.00249	0.00374	0.01434	0.00873	0.00748
22	0.00948	0.00804	0.00818	0.00814	0.01077	0.00674	0.00611	0.01158	0.01832	0.02200	0.11319	0.07536	0.63541	0.01987	0.00937	0.00267	0.00400	0.01660	0.00744	0.00674
23	0.01730	0.01848	0.03741	0.29287	0.06700	0.01907	0.38253	0.02338	0.01759	0.02343	0.01525	0.02124	0.01148	0.00718	0.00876	0.00265	0.01216	0.00839	0.00382	0.01003
24	0.03518	0.01414	0.01880	0.01441	0.02056	0.01261	0.01191	0.08343	0.02377	0.63104	0.03038	0.02640	0.01918	0.00979	0.00797	0.00245	0.00689	0.00791	0.00968	0.01349
25	0.01176	0.00830	0.01034	0.00971	0.01192	0.00747	0.00733	0.01510	0.02151	0.05445	0.51557	0.06170	0.20164	0.01681	0.00930	0.00253	0.00392	0.01462	0.00847	0.00754
26	0.01963	0.01884	0.03219	0.04867	0.67185	0.01884	0.02434	0.02434	0.01806	0.02591	0.01492	0.01963	0.01256	0.00707	0.00785	0.00236	0.00942	0.00707	0.00393	0.01256
27	0.02042	0.01815	0.03102	0.09832	0.54923	0.01825	0.04647	0.02512	0.01825	0.07443	0.01612	0.02037	0.01291	0.00733	0.00792	0.00240	0.00946	0.00722	0.00434	0.01226
28	0.01122	0.00811	0.01060	0.00998	0.01185	0.00748	0.00748	0.01496	0.02245	0.03180	0.66766	0.05923	0.07482	0.01621	0.00935	0.00249	0.00374	0.01434	0.00873	0.00748
29	0.01284	0.00880	0.01134	0.01048	0.01268	0.00827	0.00793	0.01744	0.05280	0.06396	0.60567	0.05621	0.06966	0.01563	0.00922	0.00250	0.00401	0.01377	0.00875	0.00802
30	0.01064	0.00829	0.01224	0.01235	0.01378	0.00769	0.05513	0.01293	0.01706	0.02301	0.16846	0.49709	0.08796	0.02149	0.00987	0.00300	0.00506	0.01959	0.00738	0.00698
31	0.03055	0.02157	0.02340	0.01794	0.02427	0.02364	0.01482	0.60057	0.03621	0.09634	0.01994	0.01963	0.01394	0.00954	0.00794	0.00239	0.00858	0.00720	0.00807	0.01349
32	0.77733	0.01534	0.01166	0.01043	0.01534	0.01779	0.00859	0.02331	0.01350	0.03558	0.01104	0.01288	0.00859	0.00736	0.00491	0.00245	0.00613	0.00429	0.00491	0.00859
33	0.01498	0.01409	0.02378	0.70226	0.05462	0.01762	0.02202	0.02026	0.01586	0.02026	0.01409	0.02114	0.01057	0.00793	0.00793	0.00264	0.01057	0.00705	0.00352	0.00881
34	0.01590	0.04102	0.68023	0.02260	0.03432	0.01842	0.02930	0.02511	0.01674	0.02511	0.01423	0.01674	0.01005	0.00753	0.00753	0.00251	0.01172	0.00586	0.00335	0.01172
35	0.00993	0.00726	0.00993	0.04541	0.01365	0.00700	0.00809	0.01150	0.01522	0.02024	0.04223	0.68158	0.05037	0.02400	0.01001	0.00319	0.00490	0.02177	0.00717	0.00656
36	0.01836	0.01530	0.01745	0.01286	0.01964	0.01296	0.01032	0.09809	0.06631	0.02933	0.01604	0.01773	0.01288	0.00668	0.00629	0.00143	0.00625	0.00531	0.00534	0.62141
37	0.01117	0.00803	0.01028	0.01157	0.01247	0.00778	0.00793	0.05786	0.01681	0.02244	0.04189	0.66469	0.04957	0.02371	0.00996	0.00316	0.00491	0.02141	0.00740	0.00696
38	0.02359	0.13566	0.15439	0.01773	0.02449	0.02255	0.01695	0.27810	0.10062	0.06224	0.01963	0.04854	0.01534	0.00966	0.00818	0.00241	0.03435	0.00732	0.00622	0.01203
39	0.01657	0.17028	0.50704	0.01991	0.02994	0.02009	0.02463	0.02409	0.01705	0.02437	0.06277	0.01917	0.01494	0.00804	0.00720	0.00235	0.01050	0.00619	0.00376	0.01110
