[name]
unknown

[dist]
# distance from previous block
# <min> <max>
0	15

[block]
# block no. 0 follows, 24 sequences, length 9
# corresponding to MSA columns:
# 49-57
name=unknown_A
#
# <colnr> <probs for GDERKNQSTAVLIFYWHMCP>
#	G	D	E	R	K	N	Q	S	T	A	V	L	I	F	Y	W	H	M	C	P
0	0.02070	0.02163	0.02672	0.02105	0.02623	0.15694	0.17852	0.07803	0.05204	0.02570	0.01981	0.02463	0.04794	0.00954	0.01018	0.00239	0.09462	0.03433	0.00494	0.14406
1	0.01230	0.00712	0.01003	0.01037	0.01078	0.00691	0.00700	0.01130	0.01348	0.01827	0.12664	0.19363	0.03336	0.05574	0.02302	0.43208	0.00588	0.01197	0.00528	0.00486
2	0.02272	0.01667	0.02239	0.17115	0.16940	0.05030	0.01683	0.11253	0.05499	0.16209	0.02383	0.08571	0.03551	0.01036	0.00813	0.00253	0.00852	0.00891	0.00624	0.01119
3	0.08322	0.01582	0.02308	0.46352	0.09275	0.01878	0.01960	0.10678	0.05266	0.02672	0.01553	0.02048	0.01167	0.00818	0.00767	0.00257	0.00962	0.00693	0.00451	0.00991
4	0.01733	0.01369	0.01684	0.01496	0.01676	0.04880	0.01192	0.05176	0.01636	0.07611	0.06830	0.02998	0.04910	0.06158	0.18015	0.00547	0.23037	0.00857	0.07346	0.00847
5	0.06817	0.01150	0.01315	0.01146	0.01521	0.01105	0.00901	0.07543	0.05443	0.17991	0.14365	0.04986	0.23953	0.05013	0.01017	0.00284	0.00556	0.03165	0.00794	0.00934
6	0.05832	0.01616	0.01646	0.01463	0.01856	0.07226	0.01110	0.13402	0.10924	0.06687	0.05027	0.23843	0.02950	0.01453	0.00854	0.00266	0.00706	0.01207	0.00724	0.11205
7	0.65510	0.01509	0.01258	0.01081	0.01600	0.01670	0.00888	0.02412	0.01443	0.08136	0.01279	0.01423	0.00967	0.00741	0.00522	0.00234	0.00616	0.00460	0.00525	0.07728
8	0.07770	0.00925	0.01139	0.07293	0.01609	0.00956	0.00890	0.04716	0.01655	0.02389	0.06352	0.42827	0.06357	0.06111	0.01086	0.00320	0.00556	0.01674	0.04653	0.00722

[dist]
# distance from previous block
# <min> <max>
0	19

[block]
# block no. 1 follows, 24 sequences, length 109
# corresponding to MSA columns:
# 77-185
name=unknown_B
#
# <colnr> <probs for GDERKNQSTAVLIFYWHMCP>
#	G	D	E	R	K	N	Q	S	T	A	V	L	I	F	Y	W	H	M	C	P
0	0.02030	0.01141	0.01417	0.01214	0.01592	0.01065	0.00942	0.05134	0.07837	0.22685	0.22083	0.09903	0.08874	0.04489	0.00997	0.00272	0.00550	0.01176	0.00832	0.05768
1	0.01175	0.00809	0.00960	0.05225	0.01154	0.00831	0.00589	0.01208	0.01180	0.01568	0.02430	0.04996	0.02768	0.67647	0.03832	0.00737	0.00787	0.01125	0.00472	0.00506
2	0.02162	0.05921	0.01689	0.01266	0.01688	0.01651	0.01033	0.29747	0.02590	0.03736	0.02598	0.02732	0.06524	0.01002	0.00687	0.00214	0.00626	0.00778	0.32333	0.01023
3	0.01415	0.01012	0.01170	0.01235	0.05322	0.01019	0.00802	0.07002	0.05513	0.02438	0.03647	0.11845	0.14263	0.23569	0.01813	0.00410	0.00605	0.01208	0.14962	0.00751
4	0.01208	0.00793	0.00994	0.00995	0.01102	0.00750	0.00670	0.01393	0.01692	0.05291	0.26675	0.20814	0.05088	0.26636	0.02039	0.00449	0.00547	0.01497	0.00708	0.00657
5	0.01139	0.00774	0.00919	0.00931	0.00951	0.00789	0.00560	0.01183	0.01191	0.01606	0.02570	0.09107	0.02920	0.59547	0.11900	0.00803	0.00917	0.01185	0.00490	0.00519
6	0.01285	0.00972	0.01167	0.01082	0.01326	0.00949	0.00820	0.05634	0.07890	0.03114	0.46296	0.08471	0.14699	0.01621	0.00919	0.00256	0.00435	0.01409	0.00837	0.00816
7	0.04853	0.00991	0.01369	0.01190	0.01476	0.00921	0.04783	0.01866	0.02084	0.11616	0.42834	0.07624	0.08893	0.04723	0.01043	0.00277	0.00508	0.01305	0.00811	0.00833
8	0.02702	0.02048	0.02228	0.01763	0.02300	0.02306	0.01435	0.49533	0.11380	0.04406	0.02051	0.02202	0.01547	0.04749	0.01080	0.00277	0.05223	0.00759	0.00750	0.01261
9	0.01304	0.00978	0.01453	0.01340	0.01513	0.01111	0.04917	0.01607	0.01384	0.02113	0.02116	0.03001	0.01907	0.07231	0.41656	0.00879	0.07374	0.00833	0.16545	0.00740
10	0.01270	0.00860	0.00960	0.00925	0.00965	0.00875	0.00545	0.05137	0.01315	0.01755	0.02461	0.04983	0.02787	0.67657	0.03832	0.00735	0.00775	0.01126	0.00500	0.00535
11	0.02042	0.01722	0.01816	0.01604	0.02065	0.01972	0.01256	0.10537	0.56544	0.03449	0.03280	0.03034	0.04906	0.01100	0.00811	0.00266	0.00645	0.00908	0.00803	0.01242
12	0.02870	0.03630	0.02255	0.06329	0.02641	0.64725	0.01574	0.03095	0.02206	0.01946	0.01237	0.01473	0.01024	0.00816	0.00720	0.00208	0.01407	0.00523	0.00405	0.00917
13	0.01939	0.02024	0.07292	0.04703	0.63178	0.01881	0.02465	0.02439	0.01797	0.02586	0.01487	0.01945	0.01240	0.00709	0.00783	0.00236	0.00957	0.00699	0.00389	0.01251
14	0.01145	0.00802	0.01036	0.01036	0.01095	0.00862	0.00693	0.01263	0.01204	0.01664	0.02342	0.04325	0.02508	0.44542	0.31112	0.00980	0.01334	0.01027	0.00457	0.00575
15	0.01122	0.00811	0.01060	0.00998	0.01185	0.00748	0.00748	0.01496	0.02245	0.03180	0.66766	0.05923	0.07482	0.01621	0.00935	0.00249	0.00374	0.01434	0.00873	0.00748
16	0.00966	0.00690	0.00920	0.01104	0.01150	0.00644	0.00736	0.01104	0.01518	0.02024	0.04371	0.71614	0.05245	0.02484	0.01012	0.00322	0.00460	0.02254	0.00736	0.00644
17	0.03014	0.02221	0.02380	0.01825	0.02459	0.02459	0.01507	0.64541	0.03728	0.04998	0.01904	0.01904	0.01349	0.00952	0.00793	0.00238	0.00873	0.00714	0.00793	0.01349
18	0.01111	0.00810	0.01045	0.00986	0.01178	0.00744	0.00740	0.01475	0.02219	0.03118	0.63272	0.06025	0.11015	0.01644	0.00935	0.00251	0.00376	0.01448	0.00865	0.00744
19	0.00977	0.00698	0.00932	0.01116	0.01167	0.00653	0.00754	0.01122	0.01529	0.02036	0.04365	0.69505	0.05222	0.02474	0.01015	0.00323	0.00469	0.04260	0.00736	0.00647
20	0.02173	0.02283	0.03015	0.04274	0.53578	0.15981	0.02244	0.02588	0.01898	0.02454	0.01436	0.01851	0.01207	0.00730	0.00770	0.00229	0.01045	0.00665	0.00396	0.01185
21	0.01153	0.00769	0.00865	0.00865	0.00865	0.00769	0.00480	0.01153	0.01153	0.01538	0.02499	0.05189	0.02883	0.72131	0.04036	0.00769	0.00769	0.01153	0.00480	0.00480
22	0.01972	0.01703	0.01793	0.01614	0.02062	0.01972	0.01255	0.04214	0.65752	0.03317	0.03228	0.02959	0.02421	0.01076	0.00807	0.00269	0.00628	0.00897	0.00807	0.01255
23	0.01136	0.00838	0.01216	0.01216	0.01338	0.00960	0.00919	0.01379	0.01257	0.01798	0.02177	0.03411	0.02111	0.15371	0.59741	0.01202	0.01931	0.00893	0.00433	0.00676
24	0.01644	0.01409	0.01644	0.01175	0.01879	0.01057	0.00940	0.01997	0.01644	0.02584	0.01409	0.01644	0.01175	0.00587	0.00587	0.00117	0.00587	0.00470	0.00470	0.76979
25	0.01972	0.01703	0.01793	0.01614	0.02062	0.01972	0.01255	0.04214	0.65752	0.03317	0.03228	0.02959	0.02421	0.01076	0.00807	0.00269	0.00628	0.00897	0.00807	0.01255
26	0.00964	0.00697	0.00913	0.01086	0.01145	0.00646	0.00728	0.01106	0.01535	0.02031	0.04589	0.67808	0.08910	0.02456	0.01008	0.00319	0.00457	0.02220	0.00736	0.00646
27	0.01153	0.00769	0.00865	0.00865	0.00865	0.00769	0.00480	0.01153	0.01153	0.01538	0.02499	0.05189	0.02883	0.72131	0.04036	0.00769	0.00769	0.01153	0.00480	0.00480
28	0.01778	0.01989	0.04290	0.03110	0.03834	0.01864	0.57720	0.02391	0.01835	0.02487	0.01891	0.09335	0.01622	0.00857	0.00944	0.00273	0.01246	0.01072	0.00436	0.01025
29	0.77733	0.01534	0.01166	0.01043	0.01534	0.01779	0.00859	0.02331	0.01350	0.03558	0.01104	0.01288	0.00859	0.00736	0.00491	0.00245	0.00613	0.00429	0.00491	0.00859
30	0.01377	0.00689	0.01033	0.01033	0.01033	0.00689	0.00689	0.01033	0.01033	0.01377	0.01377	0.02410	0.01377	0.02755	0.03099	0.76928	0.00689	0.00689	0.00344	0.00344
31	0.01872	0.02139	0.04679	0.03342	0.04144	0.02005	0.64305	0.02540	0.01872	0.02540	0.01604	0.02139	0.01203	0.00668	0.00936	0.00267	0.01337	0.00936	0.00401	0.01070
32	0.01972	0.01703	0.01793	0.01614	0.02062	0.01972	0.01255	0.04214	0.65752	0.03317	0.03228	0.02959	0.02421	0.01076	0.00807	0.00269	0.00628	0.00897	0.00807	0.01255
33	0.01279	0.00837	0.00946	0.00945	0.01018	0.00843	0.00597	0.05018	0.01445	0.02037	0.02801	0.16199	0.03076	0.45293	0.02804	0.00573	0.00662	0.01257	0.11768	0.00599
34	0.01161	0.00957	0.01041	0.01009	0.01286	0.00910	0.00774	0.01738	0.12323	0.02552	0.18719	0.06600	0.41242	0.01789	0.00924	0.00269	0.00450	0.04697	0.00775	0.00784
35	0.77733	0.01534	0.01166	0.01043	0.01534	0.01779	0.00859	0.02331	0.01350	0.03558	0.01104	0.01288	0.00859	0.00736	0.00491	0.00245	0.00613	0.00429	0.00491	0.00859
36	0.16045	0.01399	0.01724	0.01359	0.01943	0.01310	0.01118	0.03622	0.05341	0.53586	0.02791	0.02473	0.01799	0.00945	0.00746	0.00247	0.00662	0.00740	0.00889	0.01262
37	0.01097	0.00763	0.00989	0.01049	0.01182	0.00700	0.00742	0.01331	0.01830	0.04386	0.27443	0.40240	0.11113	0.02085	0.00971	0.00289	0.00430	0.01863	0.00793	0.00705
38	0.01014	0.00767	0.01118	0.01222	0.01308	0.00716	0.04089	0.01180	0.01537	0.02051	0.04225	0.67950	0.05032	0.02389	0.01008	0.00319	0.00506	0.02185	0.00718	0.00667
39	0.00966	0.00690	0.00920	0.01104	0.01150	0.00644	0.00736	0.01104	0.01518	0.02024	0.04371	0.71614	0.05245	0.02484	0.01012	0.00322	0.00460	0.02254	0.00736	0.00644
40	0.00973	0.00700	0.00923	0.01088	0.01149	0.00650	0.00732	0.01125	0.01566	0.02087	0.07680	0.65889	0.07655	0.02423	0.01005	0.00316	0.00454	0.02191	0.00743	0.00650
41	0.05073	0.00777	0.00975	0.01056	0.01168	0.00743	0.00735	0.01297	0.01726	0.02454	0.24171	0.43742	0.05624	0.05307	0.01099	0.00315	0.00455	0.01844	0.00755	0.00681
42	0.02552	0.01841	0.01989	0.01605	0.02108	0.02026	0.01280	0.39002	0.16116	0.07503	0.02339	0.02584	0.01807	0.09139	0.01158	0.00303	0.00779	0.00808	0.03856	0.01205
43	0.57744	0.01418	0.01338	0.04108	0.01736	0.01601	0.03018	0.02197	0.01409	0.05349	0.03907	0.01714	0.01244	0.01007	0.00840	0.08853	0.00657	0.00541	0.00497	0.00821
44	0.01921	0.01841	0.03143	0.10772	0.61609	0.01873	0.02413	0.02397	0.01786	0.02540	0.01484	0.01976	0.01238	0.00714	0.00786	0.00238	0.00952	0.00706	0.00389	0.01222
45	0.00972	0.00693	0.00918	0.01096	0.01141	0.00648	0.00728	0.01106	0.01506	0.02008	0.04309	0.69432	0.05167	0.04772	0.01111	0.00337	0.00470	0.02218	0.00728	0.00639
46	0.77733	0.01534	0.01166	0.01043	0.01534	0.01779	0.00859	0.02331	0.01350	0.03558	0.01104	0.01288	0.00859	0.00736	0.00491	0.00245	0.00613	0.00429	0.00491	0.00859
47	0.01321	0.00699	0.01030	0.01062	0.01076	0.00693	0.00722	0.01070	0.01131	0.01505	0.01886	0.11457	0.02013	0.02695	0.02743	0.63708	0.00662	0.03715	0.00412	0.00400
48	0.01116	0.00806	0.01054	0.01002	0.01183	0.00744	0.00748	0.01480	0.02215	0.03133	0.64225	0.08600	0.07391	0.01656	0.00938	0.00252	0.00378	0.01468	0.00867	0.00744
49	0.01627	0.06524	0.62699	0.02346	0.06303	0.01891	0.02849	0.02503	0.01678	0.02491	0.01414	0.01673	0.01017	0.00748	0.00746	0.00247	0.01149	0.00586	0.00338	0.01170
50	0.01121	0.00854	0.01063	0.01161	0.01371	0.00796	0.00960	0.01412	0.01826	0.02307	0.08900	0.11146	0.29321	0.02103	0.01021	0.00319	0.00570	0.32305	0.00740	0.00703
51	0.02865	0.02605	0.02385	0.05676	0.05907	0.21327	0.01598	0.40583	0.03095	0.03847	0.01664	0.01783	0.01235	0.00893	0.00771	0.00230	0.01045	0.00655	0.00640	0.01197
52	0.20253	0.01526	0.01968	0.30647	0.03337	0.01864	0.01600	0.07343	0.04542	0.02659	0.01476	0.02074	0.01207	0.05372	0.01176	0.00301	0.10623	0.00674	0.00451	0.00904
53	0.01033	0.00789	0.00838	0.00835	0.00989	0.00713	0.00557	0.01156	0.01549	0.01925	0.07695	0.06556	0.38202	0.31226	0.02229	0.00476	0.00554	0.01449	0.00634	0.00593
54	0.02301	0.01951	0.01981	0.01583	0.02170	0.07148	0.01264	0.23850	0.19862	0.03549	0.02057	0.02073	0.01561	0.00862	0.00727	0.00206	0.00761	0.00672	0.00666	0.24753
55	0.01514	0.01400	0.02359	0.64249	0.08100	0.01721	0.02148	0.02002	0.01572	0.02024	0.01412	0.02120	0.01080	0.00873	0.00892	0.03565	0.01036	0.00704	0.00354	0.00875
56	0.02975	0.02101	0.02287	0.01760	0.02388	0.02285	0.01450	0.55022	0.05912	0.10150	0.02041	0.02003	0.01436	0.00947	0.00787	0.00236	0.00837	0.00720	0.00799	0.03866
57	0.03367	0.01344	0.01803	0.01403	0.01989	0.01190	0.01152	0.03779	0.05617	0.61491	0.05939	0.02855	0.02230	0.01015	0.00804	0.00247	0.00659	0.00831	0.00967	0.01318
58	0.03341	0.01299	0.01762	0.01368	0.01935	0.01129	0.01116	0.03637	0.02218	0.61881	0.05905	0.02954	0.02248	0.04242	0.00951	0.00269	0.00666	0.00842	0.00954	0.01284
59	0.01012	0.00716	0.00931	0.01058	0.01116	0.00674	0.00703	0.01161	0.01562	0.02106	0.12126	0.54133	0.05210	0.11860	0.01414	0.00374	0.00491	0.01999	0.00719	0.00635
60	0.02772	0.01905	0.02115	0.01657	0.02233	0.02023	0.01348	0.46563	0.03185	0.11867	0.02269	0.09200	0.01812	0.01089	0.00802	0.00239	0.00787	0.00866	0.00787	0.06480
61	0.01410	0.00777	0.01240	0.01161	0.01215	0.00769	0.04469	0.01149	0.01104	0.01498	0.01431	0.02412	0.01389	0.02571	0.02887	0.69847	0.00717	0.00705	0.02850	0.00400
62	0.00988	0.00699	0.00914	0.01076	0.01117	0.00659	0.00706	0.01110	0.01476	0.01968	0.04153	0.63886	0.04970	0.10587	0.01364	0.00374	0.00496	0.02126	0.00706	0.00625
63	0.01644	0.01409	0.01644	0.01175	0.01879	0.01057	0.00940	0.01997	0.01644	0.02584	0.01409	0.01644	0.01175	0.00587	0.00587	0.00117	0.00587	0.00470	0.00470	0.76979
64	0.62094	0.01495	0.01308	0.01120	0.01637	0.01650	0.00923	0.02654	0.01544	0.17089	0.01531	0.01586	0.01092	0.00788	0.00555	0.00245	0.00626	0.00507	0.00594	0.00962
65	0.03040	0.02181	0.02355	0.01805	0.02439	0.02399	0.01491	0.61735	0.03661	0.07899	0.01960	0.01941	0.01377	0.00953	0.00793	0.00238	0.00863	0.00718	0.00802	0.01349
66	0.01057	0.00736	0.00935	0.01018	0.01091	0.00697	0.00679	0.01227	0.01613	0.02215	0.18336	0.40377	0.05168	0.17002	0.01622	0.00396	0.00503	0.01788	0.02903	0.00636
67	0.00989	0.00709	0.00929	0.01096	0.01154	0.00664	0.00742	0.01133	0.01524	0.02019	0.04404	0.62812	0.07450	0.06126	0.01173	0.00345	0.00486	0.04881	0.00722	0.00640
68	0.01153	0.00769	0.00865	0.00865	0.00865	0.00769	0.00480	0.01153	0.01153	0.01538	0.02499	0.05189	0.02883	0.72131	0.04036	0.00769	0.00769	0.01153	0.00480	0.00480
69	0.01088	0.00792	0.01024	0.01002	0.01173	0.00728	0.00738	0.01417	0.02111	0.02948	0.54063	0.15720	0.10685	0.01772	0.00947	0.00261	0.00388	0.01569	0.00845	0.00728
70	0.77733	0.01534	0.01166	0.01043	0.01534	0.01779	0.00859	0.02331	0.01350	0.03558	0.01104	0.01288	0.00859	0.00736	0.00491	0.00245	0.00613	0.00429	0.00491	0.00859
71	0.02962	0.03779	0.02247	0.02043	0.02451	0.68948	0.01532	0.03166	0.02247	0.01941	0.01226	0.01430	0.01021	0.00817	0.00715	0.00204	0.01430	0.00511	0.00409	0.00919
72	0.00937	0.00803	0.00803	0.00803	0.01071	0.00669	0.00602	0.01138	0.01807	0.02142	0.08033	0.07632	0.66863	0.02008	0.00937	0.00268	0.00402	0.01674	0.00736	0.00669
73	0.01133	0.00850	0.01274	0.01274	0.01416	0.00991	0.00991	0.01416	0.01274	0.01841	0.02124	0.03115	0.01982	0.05947	0.68989	0.01274	0.02124	0.00850	0.00425	0.00708
74	0.10594	0.01367	0.01776	0.01376	0.01978	0.01224	0.01136	0.03719	0.02182	0.61647	0.02936	0.02565	0.01858	0.00958	0.00768	0.00245	0.00669	0.00763	0.00935	0.01303
75	0.77733	0.01534	0.01166	0.01043	0.01534	0.01779	0.00859	0.02331	0.01350	0.03558	0.01104	0.01288	0.00859	0.00736	0.00491	0.00245	0.00613	0.00429	0.00491	0.00859
76	0.03014	0.02221	0.02380	0.01825	0.02459	0.02459	0.01507	0.64541	0.03728	0.04998	0.01904	0.01904	0.01349	0.00952	0.00793	0.00238	0.00873	0.00714	0.00793	0.01349
77	0.01594	0.01508	0.02552	0.56691	0.18243	0.01787	0.02250	0.02110	0.01631	0.02143	0.01426	0.02083	0.01098	0.00775	0.00791	0.00258	0.01033	0.00705	0.00361	0.00959
78	0.03558	0.01350	0.01840	0.01411	0.02024	0.01166	0.01166	0.03865	0.02270	0.67734	0.03128	0.02699	0.01963	0.00981	0.00797	0.00245	0.00675	0.00797	0.00981	0.01350
79	0.00966	0.00690	0.00920	0.01104	0.01150	0.00644	0.00736	0.01104	0.01518	0.02024	0.04371	0.71614	0.05245	0.02484	0.01012	0.00322	0.00460	0.02254	0.00736	0.00644
80	0.03040	0.02181	0.02355	0.01805	0.02439	0.02399	0.01491	0.61735	0.03661	0.07899	0.01960	0.01941	0.01377	0.00953	0.00793	0.00238	0.00863	0.00718	0.00802	0.01349
81	0.01519	0.01357	0.02086	0.47517	0.04198	0.01630	0.01840	0.06212	0.01745	0.02255	0.02383	0.07095	0.07871	0.01125	0.00931	0.00276	0.04628	0.03999	0.00462	0.00871
82	0.00983	0.00735	0.00920	0.01059	0.01169	0.00671	0.00746	0.01154	0.01612	0.02080	0.05242	0.51308	0.20078	0.02347	0.01000	0.00312	0.00467	0.06725	0.00736	0.00657
83	0.01864	0.35488	0.10045	0.01379	0.02122	0.02130	0.01354	0.02232	0.01632	0.02235	0.01265	0.01471	0.01082	0.00649	0.00568	0.00157	0.00775	0.00461	0.00393	0.32699
84	0.00937	0.00803	0.00803	0.00803	0.01071	0.00669	0.00602	0.01138	0.01807	0.02142	0.08033	0.07632	0.66863	0.02008	0.00937	0.00268	0.00402	0.01674	0.00736	0.00669
85	0.01644	0.01409	0.01644	0.01175	0.01879	0.01057	0.00940	0.01997	0.01644	0.02584	0.01409	0.01644	0.01175	0.00587	0.00587	0.00117	0.00587	0.00470	0.00470	0.76979
86	0.01139	0.00774	0.00918	0.00936	0.00969	0.00769	0.00577	0.01209	0.01315	0.01771	0.08412	0.11135	0.03542	0.54732	0.05350	0.00682	0.00747	0.03940	0.00547	0.00536
87	0.01152	0.00773	0.00887	0.00887	0.00894	0.00781	0.00508	0.01167	0.01160	0.01554	0.02479	0.05079	0.02835	0.68615	0.07488	0.00796	0.00841	0.01137	0.00478	0.00493
88	0.01152	0.00772	0.00884	0.00884	0.00890	0.00779	0.00504	0.01165	0.01159	0.01551	0.02481	0.05094	0.02842	0.69097	0.07014	0.00792	0.00831	0.01139	0.00478	0.00491
89	0.01844	0.01542	0.01668	0.01496	0.01898	0.01741	0.01162	0.06391	0.49784	0.03365	0.16325	0.03525	0.03420	0.01183	0.00833	0.00264	0.00586	0.01000	0.00820	0.01154
90	0.00983	0.00702	0.00939	0.01123	0.01176	0.00658	0.00765	0.01133	0.01535	0.02043	0.04361	0.68284	0.05209	0.02469	0.01017	0.00324	0.00474	0.05421	0.00736	0.00649
91	0.01843	0.02054	0.04207	0.03078	0.03712	0.02094	0.51180	0.02408	0.01734	0.02408	0.01486	0.02054	0.01169	0.00819	0.01285	0.00284	0.15883	0.00885	0.00390	0.01027
92	0.02962	0.03779	0.02247	0.02043	0.02451	0.68948	0.01532	0.03166	0.02247	0.01941	0.01226	0.01430	0.01021	0.00817	0.00715	0.00204	0.01430	0.00511	0.00409	0.00919
93	0.02607	0.01707	0.01930	0.01535	0.02048	0.01806	0.01247	0.36436	0.05922	0.14779	0.15623	0.02954	0.02794	0.01100	0.00815	0.00241	0.00707	0.00886	0.03664	0.01197
94	0.03014	0.02221	0.02380	0.01825	0.02459	0.02459	0.01507	0.64541	0.03728	0.04998	0.01904	0.01904	0.01349	0.00952	0.00793	0.00238	0.00873	0.00714	0.00793	0.01349
95	0.01644	0.02670	0.29689	0.02092	0.02580	0.02096	0.02166	0.02120	0.01403	0.02140	0.01278	0.01893	0.01124	0.04883	0.01908	0.00329	0.37991	0.00673	0.00349	0.00974
96	0.01324	0.00855	0.01125	0.01032	0.01254	0.00783	0.00783	0.01692	0.02247	0.08518	0.61504	0.05657	0.07026	0.01568	0.00924	0.00249	0.00399	0.01381	0.00882	0.00798
97	0.01117	0.00808	0.01038	0.00982	0.01161	0.00746	0.00726	0.01462	0.02162	0.03040	0.60574	0.05949	0.09604	0.05831	0.01120	0.00281	0.00399	0.01427	0.00844	0.00729
98	0.02452	0.01838	0.01923	0.01576	0.02051	0.04399	0.01242	0.33359	0.16721	0.07615	0.02594	0.02897	0.04656	0.11527	0.01278	0.00324	0.00792	0.00858	0.00745	0.01155
99	0.01315	0.03579	0.01365	0.01217	0.01368	0.01159	0.00927	0.04227	0.01437	0.02043	0.02499	0.06651	0.05463	0.16700	0.33860	0.00836	0.07115	0.00970	0.06554	0.00716
100	0.01064	0.00812	0.00977	0.01031	0.01201	0.00754	0.00756	0.01367	0.04234	0.02365	0.18472	0.27163	0.24394	0.04886	0.01095	0.00310	0.00467	0.07195	0.00757	0.00698
101	0.01027	0.00843	0.00903	0.00907	0.01150	0.00750	0.00681	0.01331	0.04627	0.02269	0.12431	0.10062	0.50164	0.04792	0.01068	0.00294	0.00444	0.04820	0.00741	0.00697
102	0.06130	0.01257	0.01354	0.04211	0.01666	0.04725	0.00971	0.12947	0.02035	0.04650	0.08494	0.29931	0.10202	0.06389	0.01096	0.00310	0.00635	0.01468	0.00699	0.00830
103	0.01786	0.01681	0.02723	0.29437	0.35638	0.01848	0.02201	0.02496	0.09545	0.02464	0.01673	0.02142	0.01323	0.00785	0.00791	0.00251	0.00948	0.00729	0.00428	0.01113
104	0.01703	0.00916	0.01213	0.01114	0.01376	0.00825	0.00840	0.01972	0.02027	0.19007	0.32138	0.18383	0.08530	0.01706	0.01012	0.03639	0.00482	0.01421	0.00842	0.00856
105	0.01661	0.01287	0.01394	0.01298	0.01604	0.03970	0.00979	0.02664	0.25976	0.07707	0.19052	0.14311	0.09373	0.03861	0.00983	0.00284	0.00563	0.01280	0.00792	0.00960
106	0.01722	0.01773	0.02984	0.10200	0.02997	0.02186	0.18525	0.02073	0.01435	0.02089	0.01274	0.01937	0.01121	0.01294	0.04381	0.00350	0.41609	0.00766	0.00365	0.00917
107	0.04345	0.01459	0.02406	0.56402	0.13444	0.01748	0.02150	0.02078	0.01615	0.02171	0.01512	0.02315	0.01206	0.00831	0.00792	0.00263	0.01013	0.02948	0.00377	0.00925
108	0.01648	0.09945	0.59920	0.02226	0.03340	0.01960	0.05294	0.02501	0.01677	0.02457	0.01403	0.01658	0.01014	0.00743	0.00740	0.00245	0.01151	0.00586	0.00338	0.01154

[dist]
# distance from previous block
# <min> <max>
1	3

[block]
# block no. 2 follows, 24 sequences, length 25
# corresponding to MSA columns:
# 189-213
name=unknown_C
#
# <colnr> <probs for GDERKNQSTAVLIFYWHMCP>
#	G	D	E	R	K	N	Q	S	T	A	V	L	I	F	Y	W	H	M	C	P
0	0.01978	0.06329	0.01836	0.01448	0.01899	0.01702	0.01177	0.16943	0.21146	0.05458	0.05164	0.06824	0.11115	0.01307	0.00831	0.00257	0.00665	0.07507	0.00739	0.05678
1	0.02239	0.02104	0.05377	0.05117	0.03159	0.02112	0.25142	0.25433	0.02463	0.03378	0.01633	0.01955	0.01227	0.00839	0.00990	0.00250	0.07329	0.00769	0.00544	0.07939
2	0.01405	0.00847	0.01362	0.08906	0.01680	0.00880	0.04088	0.01227	0.01143	0.01517	0.01446	0.02496	0.01405	0.05743	0.02775	0.60785	0.00767	0.00725	0.00355	0.00448
3	0.01151	0.00867	0.01097	0.01198	0.01352	0.00840	0.00886	0.01551	0.07582	0.02302	0.07807	0.43775	0.08145	0.02150	0.00983	0.00310	0.00522	0.12959	0.00739	0.03785
4	0.01943	0.01864	0.03182	0.07688	0.64521	0.01879	0.02424	0.02416	0.01796	0.02566	0.01488	0.01969	0.01247	0.00710	0.00785	0.00237	0.00947	0.00706	0.00391	0.01240
5	0.01293	0.00964	0.01115	0.01118	0.01278	0.00977	0.00777	0.06391	0.09014	0.02371	0.08204	0.30436	0.10886	0.19459	0.01712	0.00410	0.00576	0.01587	0.00694	0.00737
6	0.06316	0.00900	0.00974	0.00966	0.01162	0.00865	0.00690	0.04296	0.01715	0.02320	0.10711	0.15563	0.27957	0.18150	0.01634	0.00390	0.00540	0.03498	0.00675	0.00677
7	0.08071	0.02175	0.02298	0.01772	0.02397	0.02413	0.01463	0.60331	0.03567	0.04900	0.01850	0.01862	0.01315	0.00937	0.00773	0.00238	0.00855	0.00695	0.00773	0.01315
8	0.01176	0.01126	0.05166	0.01355	0.01650	0.00926	0.08251	0.01531	0.01907	0.02584	0.27972	0.20653	0.16018	0.01755	0.00951	0.00277	0.00573	0.04633	0.00726	0.00771
9	0.05604	0.01130	0.01190	0.01075	0.01354	0.01197	0.00820	0.14377	0.05502	0.03239	0.06544	0.08811	0.02533	0.06654	0.00946	0.00264	0.00535	0.00930	0.36428	0.00867
10	0.00998	0.00711	0.00946	0.01113	0.01172	0.00669	0.00761	0.01154	0.01554	0.02075	0.06800	0.62960	0.05214	0.04762	0.01115	0.00337	0.00483	0.05796	0.00733	0.00648
11	0.01158	0.00828	0.01138	0.01306	0.01441	0.00808	0.01054	0.01444	0.01743	0.02300	0.08149	0.30832	0.04985	0.02259	0.01056	0.00343	0.00613	0.37100	0.00741	0.00701
12	0.00979	0.00695	0.00916	0.01088	0.01131	0.00653	0.00719	0.01107	0.01493	0.01991	0.04244	0.67109	0.05085	0.07208	0.01217	0.00352	0.00481	0.02180	0.00719	0.00633
13	0.05753	0.00826	0.01002	0.01087	0.01254	0.00780	0.00803	0.01384	0.01700	0.04442	0.10862	0.37869	0.17238	0.02113	0.00962	0.00303	0.00492	0.09683	0.00742	0.00706
14	0.02981	0.02071	0.02271	0.01735	0.02372	0.02223	0.01432	0.53688	0.03428	0.11679	0.02004	0.01973	0.01404	0.00930	0.00780	0.00231	0.00832	0.00707	0.00792	0.06467
15	0.03558	0.01350	0.01840	0.01411	0.02024	0.01166	0.01166	0.03865	0.02270	0.67734	0.03128	0.02699	0.01963	0.00981	0.00797	0.00245	0.00675	0.00797	0.00981	0.01350
16	0.01292	0.00915	0.01057	0.00989	0.01243	0.00837	0.00741	0.05260	0.02047	0.06446	0.26877	0.10261	0.31586	0.05566	0.01092	0.00289	0.00460	0.01491	0.00787	0.00765
17	0.02477	0.07406	0.02114	0.01714	0.02145	0.33198	0.01340	0.13196	0.09834	0.02673	0.02075	0.02217	0.04918	0.01279	0.05348	0.00290	0.01132	0.00683	0.04963	0.00999
18	0.00966	0.00690	0.00920	0.01104	0.01150	0.00644	0.00736	0.01104	0.01518	0.02024	0.04371	0.71614	0.05245	0.02484	0.01012	0.00322	0.00460	0.02254	0.00736	0.00644
19	0.01805	0.01348	0.01604	0.01238	0.01843	0.01094	0.01006	0.05068	0.01834	0.08823	0.02327	0.02965	0.05730	0.00914	0.00697	0.00173	0.00614	0.07619	0.00580	0.52717
20	0.01218	0.00894	0.01203	0.03195	0.01481	0.00870	0.02546	0.01551	0.05921	0.04351	0.05413	0.45438	0.06324	0.06620	0.03818	0.00368	0.00614	0.03795	0.00694	0.03686
21	0.01550	0.01326	0.01682	0.01506	0.01694	0.05935	0.04636	0.04206	0.01568	0.02271	0.04224	0.06009	0.02032	0.04679	0.24562	0.00623	0.15682	0.00869	0.14147	0.00798
22	0.02284	0.54302	0.03613	0.01505	0.02105	0.18379	0.01378	0.02531	0.01779	0.01925	0.03222	0.01457	0.01224	0.00741	0.00570	0.00180	0.00968	0.00476	0.00372	0.00986
23	0.01629	0.01398	0.01666	0.05065	0.02062	0.01134	0.01021	0.02092	0.05366	0.02573	0.01631	0.04489	0.01400	0.00702	0.00628	0.00143	0.00611	0.00578	0.00493	0.65320
24	0.06980	0.02025	0.04212	0.09833	0.04098	0.01966	0.53830	0.02475	0.01808	0.02558	0.01551	0.02079	0.01165	0.00685	0.00891	0.00266	0.01260	0.00879	0.00402	0.01036

[dist]
# distance from previous block
# <min> <max>
0	27

[block]
# block no. 3 follows, 24 sequences, length 17
# corresponding to MSA columns:
# 241-257
name=unknown_D
#
# <colnr> <probs for GDERKNQSTAVLIFYWHMCP>
#	G	D	E	R	K	N	Q	S	T	A	V	L	I	F	Y	W	H	M	C	P
0	0.01140	0.00769	0.00889	0.00892	0.00915	0.00760	0.00524	0.01188	0.01293	0.01744	0.09654	0.08818	0.03514	0.60671	0.03534	0.00688	0.00709	0.01243	0.00537	0.00519
1	0.15635	0.56527	0.06746	0.01345	0.02014	0.02831	0.01345	0.02373	0.01567	0.02200	0.01118	0.01295	0.00989	0.00692	0.00518	0.00187	0.00822	0.00433	0.00366	0.00997
2	0.01606	0.01378	0.01822	0.03725	0.01981	0.01399	0.04148	0.07268	0.01697	0.02458	0.02124	0.11706	0.03974	0.04662	0.07161	0.00342	0.12905	0.00904	0.00511	0.28230
3	0.22262	0.02246	0.01991	0.05934	0.02373	0.14868	0.01366	0.27854	0.07721	0.03718	0.01643	0.01752	0.01227	0.00870	0.00701	0.00238	0.00903	0.00615	0.00615	0.01102
4	0.60445	0.01540	0.01353	0.01152	0.01672	0.01709	0.00949	0.06091	0.01645	0.14969	0.01506	0.01572	0.01081	0.00792	0.00562	0.00245	0.00639	0.00510	0.00594	0.00973
5	0.01133	0.00850	0.01274	0.01274	0.01416	0.00991	0.00991	0.01416	0.01274	0.01841	0.02124	0.03115	0.01982	0.05947	0.68989	0.01274	0.02124	0.00850	0.00425	0.00708
6	0.05199	0.00995	0.01353	0.01288	0.01490	0.00979	0.06199	0.03610	0.04070	0.02346	0.08750	0.31363	0.09717	0.12848	0.01428	0.00371	0.00619	0.05976	0.00670	0.00729
7	0.01377	0.00689	0.01033	0.01033	0.01033	0.00689	0.00689	0.01033	0.01033	0.01377	0.01377	0.02410	0.01377	0.02755	0.03099	0.76928	0.00689	0.00689	0.00344	0.00344
8	0.03558	0.01350	0.01840	0.01411	0.02024	0.01166	0.01166	0.03865	0.02270	0.67734	0.03128	0.02699	0.01963	0.00981	0.00797	0.00245	0.00675	0.00797	0.00981	0.01350
9	0.01269	0.00940	0.01138	0.01112	0.01307	0.00923	0.00821	0.06385	0.05341	0.02790	0.30124	0.20936	0.11481	0.07384	0.01189	0.00315	0.00497	0.04500	0.00780	0.00767
10	0.10516	0.00957	0.01055	0.00980	0.01279	0.00919	0.00771	0.01952	0.01867	0.11978	0.16259	0.04708	0.17296	0.01364	0.00774	0.00243	0.00472	0.04960	0.20826	0.00825
11	0.01735	0.01735	0.02429	0.02082	0.02082	0.02429	0.01735	0.01908	0.01214	0.01908	0.01041	0.01735	0.01041	0.01388	0.02602	0.00347	0.70680	0.00694	0.00347	0.00867
12	0.01007	0.00705	0.00901	0.01050	0.01109	0.00661	0.00698	0.01147	0.01505	0.02030	0.04278	0.59203	0.07679	0.08815	0.01265	0.00354	0.00481	0.02052	0.04424	0.00635
13	0.01396	0.00861	0.01049	0.01035	0.01162	0.00834	0.00697	0.04161	0.01632	0.07807	0.11195	0.24748	0.03984	0.29649	0.02148	0.00473	0.00603	0.01449	0.04429	0.00688
14	0.01576	0.00834	0.00844	0.00809	0.01022	0.00849	0.00615	0.05858	0.01795	0.03087	0.02543	0.02889	0.01989	0.00926	0.00570	0.00188	0.00402	0.00737	0.71689	0.00778
15	0.01267	0.00881	0.01100	0.01021	0.01255	0.00818	0.00774	0.01702	0.05223	0.06501	0.51764	0.05857	0.15582	0.01617	0.00922	0.00253	0.00406	0.01409	0.00856	0.00793
16	0.77733	0.01534	0.01166	0.01043	0.01534	0.01779	0.00859	0.02331	0.01350	0.03558	0.01104	0.01288	0.00859	0.00736	0.00491	0.00245	0.00613	0.00429	0.00491	0.00859

[dist]
# distance from previous block
# <min> <max>
0	9

[block]
# block no. 4 follows, 24 sequences, length 7
# corresponding to MSA columns:
# 267-273
name=unknown_E
#
# <colnr> <probs for GDERKNQSTAVLIFYWHMCP>
#	G	D	E	R	K	N	Q	S	T	A	V	L	I	F	Y	W	H	M	C	P
0	0.14008	0.01545	0.01849	0.01439	0.02039	0.01504	0.01188	0.15431	0.02422	0.46416	0.02603	0.02344	0.01686	0.00941	0.00753	0.00244	0.00704	0.00729	0.00875	0.01280
1	0.01133	0.00850	0.01274	0.01274	0.01416	0.00991	0.00991	0.01416	0.01274	0.01841	0.02124	0.03115	0.01982	0.05947	0.68989	0.01274	0.02124	0.00850	0.00425	0.00708
2	0.01592	0.01506	0.02549	0.56932	0.18016	0.01787	0.02249	0.02109	0.01630	0.02141	0.01426	0.02083	0.01098	0.00775	0.00791	0.00258	0.01034	0.00705	0.00361	0.00957
3	0.01611	0.00919	0.01217	0.01081	0.01353	0.00832	0.00832	0.01972	0.02250	0.16135	0.53996	0.05276	0.06375	0.01493	0.00908	0.00249	0.00434	0.01306	0.00895	0.00869
4	0.01353	0.00925	0.01027	0.00968	0.01036	0.00950	0.00591	0.07950	0.01429	0.01909	0.02435	0.04837	0.02718	0.64499	0.03688	0.00712	0.00780	0.01106	0.00514	0.00574
5	0.01820	0.01973	0.04013	0.13431	0.12701	0.01977	0.43190	0.02413	0.01783	0.02435	0.01528	0.02089	0.01179	0.00733	0.00989	0.00267	0.05178	0.00857	0.00390	0.01055
6	0.01530	0.01276	0.01866	0.10161	0.18204	0.01312	0.01408	0.05676	0.05294	0.03013	0.35873	0.04106	0.04566	0.01230	0.00866	0.00248	0.00638	0.01098	0.00684	0.00951

[dist]
# distance from previous block
# <min> <max>
0	2

[block]
# block no. 5 follows, 24 sequences, length 94
# corresponding to MSA columns:
# 276-369
name=unknown_F
#
# <colnr> <probs for GDERKNQSTAVLIFYWHMCP>
#	G	D	E	R	K	N	Q	S	T	A	V	L	I	F	Y	W	H	M	C	P
0	0.01875	0.01786	0.02992	0.17116	0.52414	0.01865	0.02334	0.02440	0.04768	0.02518	0.01558	0.02038	0.01273	0.00740	0.00788	0.00243	0.00949	0.00715	0.00404	0.01185
1	0.02542	0.01871	0.02072	0.01632	0.02209	0.01994	0.01328	0.39028	0.10877	0.07326	0.02076	0.02142	0.01543	0.01349	0.06700	0.00314	0.00898	0.00716	0.00724	0.12658
2	0.09158	0.02280	0.02104	0.01697	0.02250	0.13466	0.01367	0.40100	0.05073	0.04041	0.03818	0.02147	0.04187	0.00964	0.00757	0.00231	0.00892	0.00712	0.00690	0.04065
3	0.05512	0.02387	0.02041	0.01817	0.02095	0.27014	0.01416	0.11782	0.02041	0.02481	0.01813	0.13569	0.01791	0.01267	0.01258	0.00268	0.19132	0.00884	0.00511	0.00921
4	0.00966	0.00690	0.00920	0.01104	0.01150	0.00644	0.00736	0.01104	0.01518	0.02024	0.04371	0.71614	0.05245	0.02484	0.01012	0.00322	0.00460	0.02254	0.00736	0.00644
5	0.05374	0.02199	0.02341	0.01800	0.02430	0.02438	0.01487	0.62576	0.03653	0.04952	0.01879	0.01884	0.01333	0.00945	0.00784	0.00238	0.00864	0.00705	0.00784	0.01333
6	0.02091	0.68846	0.07663	0.01406	0.02112	0.03067	0.01443	0.02382	0.01615	0.01901	0.01120	0.01294	0.01017	0.00683	0.00522	0.00174	0.00866	0.00433	0.00339	0.01026
7	0.00992	0.00724	0.00880	0.01001	0.01106	0.00661	0.00682	0.01149	0.01577	0.02071	0.05086	0.49388	0.20021	0.05902	0.01129	0.00326	0.00458	0.01986	0.04216	0.00646
8	0.01590	0.04102	0.68023	0.02260	0.03432	0.01842	0.02930	0.02511	0.01674	0.02511	0.01423	0.01674	0.01005	0.00753	0.00753	0.00251	0.01172	0.00586	0.00335	0.01172
9	0.01835	0.02281	0.09980	0.05497	0.04128	0.01983	0.57008	0.02520	0.01845	0.02520	0.01582	0.02099	0.01181	0.00680	0.00916	0.00266	0.01313	0.00898	0.00394	0.01072
10	0.01853	0.02084	0.04373	0.03171	0.03864	0.02063	0.55800	0.02454	0.01782	0.02454	0.01528	0.02084	0.01181	0.00766	0.01162	0.00278	0.10762	0.00903	0.00394	0.01042
11	0.01301	0.00748	0.00892	0.00918	0.01043	0.00759	0.00658	0.01529	0.01505	0.02400	0.04836	0.13771	0.02717	0.08121	0.11071	0.07143	0.00700	0.01042	0.38182	0.00664
12	0.00946	0.00799	0.00818	0.00823	0.01079	0.00671	0.00614	0.01151	0.01812	0.02178	0.10162	0.10237	0.61983	0.02013	0.00940	0.00269	0.00403	0.01689	0.00742	0.00671
13	0.02924	0.06905	0.02334	0.02012	0.02433	0.65960	0.01524	0.03131	0.02218	0.01937	0.01220	0.01423	0.01021	0.00811	0.00706	0.00203	0.01404	0.00507	0.00405	0.00924
14	0.01149	0.00845	0.01250	0.01250	0.01393	0.00980	0.00971	0.01436	0.01292	0.01892	0.02145	0.03108	0.01985	0.05716	0.65835	0.01224	0.02043	0.00845	0.03932	0.00709
15	0.01027	0.00750	0.00978	0.01130	0.01234	0.00702	0.00822	0.01225	0.01640	0.02150	0.07281	0.49518	0.12679	0.02337	0.01016	0.00321	0.00500	0.13283	0.00741	0.00667
16	0.01222	0.00849	0.00971	0.00956	0.01033	0.00860	0.00603	0.01492	0.06845	0.02025	0.12535	0.08383	0.03635	0.48763	0.02987	0.00600	0.00664	0.01213	0.03758	0.00606
17	0.03014	0.02221	0.02380	0.01825	0.02459	0.02459	0.01507	0.64541	0.03728	0.04998	0.01904	0.01904	0.01349	0.00952	0.00793	0.00238	0.00873	0.00714	0.00793	0.01349
18	0.01324	0.00864	0.01120	0.01054	0.01284	0.00790	0.00815	0.01675	0.02167	0.08489	0.50152	0.06080	0.12625	0.01654	0.00938	0.00261	0.00433	0.06629	0.00856	0.00790
19	0.00982	0.00699	0.00923	0.01087	0.01137	0.00655	0.00723	0.01123	0.01530	0.02047	0.06868	0.65443	0.05216	0.06054	0.01165	0.00342	0.00472	0.02163	0.00729	0.00640
20	0.00974	0.00693	0.00918	0.01095	0.01139	0.00649	0.00726	0.01106	0.01504	0.02005	0.04296	0.68966	0.05151	0.05260	0.01133	0.00340	0.00472	0.02210	0.00726	0.00638
21	0.00966	0.00690	0.00920	0.01104	0.01150	0.00644	0.00736	0.01104	0.01518	0.02024	0.04371	0.71614	0.05245	0.02484	0.01012	0.00322	0.00460	0.02254	0.00736	0.00644
22	0.15458	0.01385	0.01709	0.01345	0.01916	0.01294	0.01106	0.05915	0.02177	0.51246	0.06245	0.02615	0.02062	0.00976	0.00755	0.00245	0.00656	0.00769	0.00888	0.01237
23	0.01498	0.01087	0.01264	0.01188	0.01412	0.01112	0.00877	0.13547	0.05094	0.02883	0.17438	0.21334	0.07971	0.13034	0.01413	0.00353	0.00582	0.03767	0.03333	0.00813
24	0.03338	0.01294	0.01762	0.01385	0.01950	0.01121	0.01129	0.03630	0.02206	0.62155	0.03234	0.08550	0.02242	0.01109	0.00816	0.00252	0.00657	0.00921	0.00961	0.01290
25	0.03459	0.01406	0.01863	0.01439	0.02046	0.01262	0.01185	0.06636	0.05318	0.61859	0.03077	0.02675	0.01957	0.00985	0.00798	0.00246	0.00682	0.00798	0.00965	0.01345
26	0.01690	0.01679	0.02439	0.02074	0.02125	0.02286	0.04683	0.01897	0.01251	0.01933	0.01160	0.01872	0.01129	0.01740	0.08159	0.00422	0.61522	0.00719	0.00356	0.00864
27	0.01761	0.01478	0.01707	0.01230	0.01928	0.01176	0.00988	0.07307	0.01821	0.02789	0.01451	0.01666	0.01189	0.00618	0.00605	0.00128	0.00611	0.00491	0.00497	0.70558
28	0.02049	0.01742	0.01836	0.01629	0.02091	0.02008	0.01274	0.08671	0.61169	0.03441	0.03130	0.02881	0.02341	0.01067	0.00806	0.00267	0.00646	0.00883	0.00806	0.01262
29	0.77733	0.01534	0.01166	0.01043	0.01534	0.01779	0.00859	0.02331	0.01350	0.03558	0.01104	0.01288	0.00859	0.00736	0.00491	0.00245	0.00613	0.00429	0.00491	0.00859
30	0.02120	0.72609	0.04155	0.01357	0.02035	0.03138	0.01357	0.02374	0.01611	0.01866	0.01102	0.01272	0.01018	0.00678	0.00509	0.00170	0.00848	0.00424	0.00339	0.01018
31	0.00989	0.00701	0.00920	0.01078	0.01125	0.00659	0.00713	0.01121	0.01508	0.02016	0.06208	0.63319	0.05097	0.08933	0.01291	0.00361	0.00486	0.02125	0.00717	0.00632
32	0.01485	0.01139	0.01288	0.01251	0.01472	0.01211	0.00918	0.07381	0.18570	0.02534	0.03622	0.18806	0.08061	0.20261	0.01739	0.00419	0.00644	0.07674	0.00692	0.00833
33	0.65880	0.01568	0.01312	0.01132	0.01643	0.01776	0.00933	0.07009	0.01603	0.09195	0.01337	0.01455	0.00990	0.00773	0.00539	0.00245	0.00638	0.00482	0.00555	0.00937
34	0.03036	0.01234	0.01673	0.01322	0.01845	0.01076	0.01076	0.03358	0.02264	0.53914	0.16752	0.03389	0.03145	0.01118	0.00827	0.00246	0.00610	0.00934	0.00958	0.01221
35	0.01047	0.00721	0.00937	0.01072	0.01115	0.00690	0.00714	0.01145	0.01435	0.01910	0.03808	0.49923	0.04501	0.17351	0.01769	0.04299	0.00555	0.05746	0.00661	0.00599
36	0.01799	0.20462	0.46817	0.02066	0.03078	0.02191	0.05034	0.05465	0.01766	0.02476	0.01376	0.01608	0.01033	0.00741	0.00704	0.00231	0.01086	0.00568	0.00361	0.01139
37	0.01153	0.00769	0.00865	0.00865	0.00865	0.00769	0.00480	0.01153	0.01153	0.01538	0.02499	0.05189	0.02883	0.72131	0.04036	0.00769	0.00769	0.01153	0.00480	0.00480
38	0.01661	0.01424	0.01652	0.01197	0.01889	0.01103	0.00956	0.02109	0.04890	0.02621	0.01501	0.01711	0.01238	0.00612	0.00598	0.00125	0.00589	0.00491	0.00487	0.73145
39	0.01948	0.01401	0.01549	0.01335	0.01625	0.01499	0.00983	0.29347	0.02364	0.03164	0.02568	0.15580	0.02622	0.28034	0.02054	0.00453	0.00760	0.01154	0.00665	0.00896
40	0.00966	0.00690	0.00920	0.01104	0.01150	0.00644	0.00736	0.01104	0.01518	0.02024	0.04371	0.71614	0.05245	0.02484	0.01012	0.00322	0.00460	0.02254	0.00736	0.00644
41	0.04813	0.01821	0.03117	0.02548	0.06026	0.05150	0.30589	0.02398	0.07176	0.02468	0.02103	0.05243	0.01898	0.01155	0.01162	0.03886	0.07166	0.09825	0.00490	0.00964
42	0.03014	0.02221	0.02380	0.01825	0.02459	0.02459	0.01507	0.64541	0.03728	0.04998	0.01904	0.01904	0.01349	0.00952	0.00793	0.00238	0.00873	0.00714	0.00793	0.01349
43	0.04915	0.01241	0.01722	0.03376	0.01765	0.01578	0.01269	0.01664	0.01269	0.01958	0.01649	0.02547	0.01574	0.07047	0.33737	0.00791	0.27613	0.00772	0.00401	0.03114
44	0.01862	0.01897	0.08414	0.12837	0.14215	0.01874	0.01756	0.05617	0.33098	0.02971	0.05345	0.02626	0.02061	0.00956	0.00801	0.00259	0.00799	0.00821	0.00621	0.01170
45	0.01153	0.00769	0.00865	0.00865	0.00865	0.00769	0.00480	0.01153	0.01153	0.01538	0.02499	0.05189	0.02883	0.72131	0.04036	0.00769	0.00769	0.01153	0.00480	0.00480
46	0.01711	0.01721	0.02595	0.04816	0.02386	0.02294	0.07898	0.01952	0.01297	0.01972	0.01162	0.01854	0.01102	0.01508	0.05486	0.00379	0.57907	0.00726	0.00356	0.00880
47	0.17291	0.01490	0.01479	0.01248	0.01671	0.01644	0.01003	0.23749	0.07754	0.03811	0.02110	0.02260	0.01595	0.00909	0.00645	0.00222	0.00614	0.00682	0.28805	0.01017
48	0.77733	0.01534	0.01166	0.01043	0.01534	0.01779	0.00859	0.02331	0.01350	0.03558	0.01104	0.01288	0.00859	0.00736	0.00491	0.00245	0.00613	0.00429	0.00491	0.00859
49	0.01478	0.00739	0.00739	0.00739	0.00924	0.00739	0.00554	0.01848	0.01663	0.02956	0.02587	0.02956	0.02033	0.00924	0.00554	0.00185	0.00370	0.00739	0.76534	0.00739
50	0.01456	0.00808	0.00849	0.00839	0.01005	0.00815	0.00602	0.04567	0.01668	0.02753	0.02693	0.09080	0.02404	0.12000	0.01139	0.00289	0.00462	0.00930	0.54921	0.00719
51	0.09612	0.01309	0.01691	0.01336	0.01897	0.01170	0.01093	0.03478	0.02136	0.56151	0.03258	0.05780	0.05296	0.01077	0.00788	0.00250	0.00647	0.00873	0.00917	0.01243
52	0.03014	0.02221	0.02380	0.01825	0.02459	0.02459	0.01507	0.64541	0.03728	0.04998	0.01904	0.01904	0.01349	0.00952	0.00793	0.00238	0.00873	0.00714	0.00793	0.01349
53	0.03558	0.01350	0.01840	0.01411	0.02024	0.01166	0.01166	0.03865	0.02270	0.67734	0.03128	0.02699	0.01963	0.00981	0.00797	0.00245	0.00675	0.00797	0.00981	0.01350
54	0.00977	0.00724	0.00913	0.01037	0.01139	0.00659	0.00712	0.01151	0.01647	0.02165	0.11444	0.52935	0.16984	0.02307	0.00990	0.00304	0.00440	0.02062	0.00750	0.00659
55	0.01005	0.00710	0.00928	0.01087	0.01132	0.00673	0.00724	0.01134	0.01481	0.01973	0.04107	0.59852	0.04893	0.11991	0.01429	0.00385	0.00514	0.04655	0.00701	0.00625
56	0.68220	0.01617	0.01415	0.01205	0.01721	0.01846	0.03564	0.07622	0.01573	0.03638	0.01193	0.01376	0.00915	0.00752	0.00535	0.00246	0.00666	0.00475	0.00513	0.00909
57	0.01153	0.00769	0.00865	0.00865	0.00865	0.00769	0.00480	0.01153	0.01153	0.01538	0.02499	0.05189	0.02883	0.72131	0.04036	0.00769	0.00769	0.01153	0.00480	0.00480
58	0.01060	0.00716	0.00890	0.01008	0.01054	0.00686	0.00651	0.01181	0.01432	0.01972	0.03713	0.47809	0.04333	0.21199	0.01792	0.00431	0.00536	0.01828	0.07103	0.00608
59	0.00966	0.00690	0.00920	0.01104	0.01150	0.00644	0.00736	0.01104	0.01518	0.02024	0.04371	0.71614	0.05245	0.02484	0.01012	0.00322	0.00460	0.02254	0.00736	0.00644
60	0.01015	0.00735	0.00998	0.03066	0.01314	0.00703	0.00824	0.01194	0.01580	0.02108	0.07204	0.61260	0.05175	0.02371	0.01009	0.00321	0.00496	0.07232	0.00731	0.00663
61	0.00979	0.00699	0.00934	0.01118	0.01170	0.00655	0.00758	0.01126	0.01530	0.02038	0.04364	0.69116	0.05218	0.02473	0.01015	0.00324	0.00471	0.04630	0.00736	0.00648
62	0.03047	0.01312	0.01729	0.01367	0.01901	0.01187	0.01113	0.06387	0.04806	0.50992	0.14130	0.03231	0.02910	0.01095	0.00822	0.00247	0.00630	0.00908	0.00947	0.01241
63	0.02314	0.01829	0.01953	0.01663	0.02167	0.02072	0.01319	0.20418	0.46608	0.06276	0.02868	0.02665	0.02115	0.01039	0.00803	0.00260	0.00695	0.00844	0.00810	0.01284
64	0.01292	0.00889	0.01142	0.01057	0.01273	0.00836	0.00798	0.04428	0.02273	0.05657	0.57972	0.09226	0.06871	0.01614	0.00928	0.00253	0.00413	0.01422	0.00866	0.00793
65	0.01872	0.01792	0.03055	0.17613	0.55148	0.01860	0.02389	0.02354	0.01763	0.02481	0.01476	0.01992	0.01217	0.00723	0.00787	0.00241	0.00964	0.00706	0.00385	0.01183
66	0.00965	0.00695	0.00915	0.01091	0.01147	0.00645	0.00730	0.01106	0.01531	0.02029	0.04527	0.68875	0.07883	0.02464	0.01009	0.00320	0.00458	0.02229	0.00736	0.00645
67	0.01918	0.01839	0.03139	0.11074	0.61323	0.01873	0.02412	0.02395	0.01785	0.02537	0.01484	0.01977	0.01237	0.00715	0.00786	0.00238	0.00953	0.00706	0.00389	0.01220
68	0.08932	0.02008	0.02247	0.15868	0.02962	0.04821	0.01596	0.38075	0.05716	0.03911	0.01724	0.01916	0.01267	0.00923	0.00857	0.00250	0.04434	0.00687	0.00640	0.01165
