[name]
unknown

[dist]
# distance from previous block
# <min> <max>
4	126

[block]
# block no. 0 follows, 25 sequences, length 139
# corresponding to MSA columns:
# 137-275
name=unknown_A
#
# <colnr> <probs for GDERKNQSTAVLIFYWHMCP>
#	G	D	E	R	K	N	Q	S	T	A	V	L	I	F	Y	W	H	M	C	P
0	0.01888	0.07452	0.02561	0.04951	0.05295	0.04769	0.14257	0.15060	0.02073	0.02779	0.05086	0.11025	0.02027	0.01403	0.06092	0.00313	0.03227	0.00921	0.00535	0.08286
1	0.04592	0.04898	0.02328	0.17645	0.02968	0.08902	0.08323	0.14366	0.06966	0.02743	0.01955	0.11231	0.01740	0.01042	0.00848	0.00248	0.03580	0.00879	0.00530	0.04214
2	0.01915	0.04812	0.03498	0.11709	0.08530	0.08910	0.33372	0.02641	0.09509	0.02406	0.01649	0.02054	0.01273	0.00759	0.00889	0.00252	0.03564	0.00794	0.00429	0.01034
3	0.18803	0.01936	0.07172	0.16356	0.12268	0.06792	0.01710	0.08742	0.01751	0.02709	0.01436	0.04682	0.01213	0.00913	0.00944	0.00255	0.10233	0.00671	0.00443	0.00970
4	0.13518	0.01587	0.01511	0.01289	0.01706	0.07961	0.00999	0.15116	0.04454	0.02987	0.02218	0.09894	0.04260	0.05896	0.03280	0.00285	0.00744	0.00832	0.06400	0.15063
5	0.08047	0.01631	0.02013	0.04209	0.02223	0.01664	0.05561	0.23039	0.02342	0.13505	0.01934	0.03706	0.01456	0.00879	0.00787	0.00217	0.03714	0.00697	0.06713	0.15664
6	0.01760	0.02845	0.37455	0.02126	0.02995	0.01633	0.14255	0.04829	0.01806	0.07514	0.04065	0.04998	0.01556	0.00847	0.00776	0.00242	0.01010	0.00759	0.04145	0.04386
7	0.01874	0.09750	0.01943	0.03939	0.06333	0.01616	0.01189	0.09996	0.16960	0.08400	0.21741	0.03578	0.07149	0.01160	0.00795	0.00238	0.00621	0.00973	0.00720	0.01027
8	0.01114	0.00746	0.00850	0.00863	0.00867	0.00742	0.00489	0.01124	0.01155	0.01540	0.02582	0.10185	0.02995	0.67400	0.03721	0.00718	0.00729	0.01209	0.00489	0.00482
9	0.02600	0.10633	0.02306	0.01753	0.02233	0.32183	0.01392	0.18012	0.13226	0.02867	0.01722	0.01799	0.01341	0.00862	0.00704	0.00214	0.01034	0.00609	0.03453	0.01058
10	0.00979	0.00731	0.00918	0.01041	0.01159	0.00670	0.00746	0.01166	0.01625	0.02108	0.08767	0.46191	0.20079	0.02239	0.00976	0.00303	0.00459	0.08466	0.00727	0.00651
11	0.07804	0.56243	0.03503	0.01336	0.01978	0.04727	0.01273	0.05958	0.01697	0.02181	0.01150	0.01313	0.01014	0.00680	0.00524	0.00172	0.00811	0.00437	0.00380	0.06820
12	0.01097	0.00796	0.01026	0.01003	0.01163	0.00749	0.00732	0.01459	0.03798	0.02859	0.52622	0.16514	0.06629	0.04780	0.01054	0.00278	0.00403	0.01507	0.00813	0.00717
13	0.00968	0.00692	0.00923	0.01083	0.01144	0.00648	0.00739	0.01130	0.01554	0.02086	0.09558	0.64456	0.05288	0.02348	0.00986	0.00310	0.00452	0.04260	0.00731	0.00641
14	0.01091	0.00792	0.01027	0.00969	0.01154	0.00729	0.00726	0.01451	0.02179	0.03073	0.65346	0.05852	0.09498	0.01599	0.00915	0.00245	0.00367	0.01411	0.00849	0.00729
15	0.05584	0.01967	0.02174	0.01672	0.02283	0.02112	0.01381	0.50056	0.03263	0.18430	0.02091	0.02008	0.01431	0.00930	0.00767	0.00234	0.00803	0.00706	0.00805	0.01303
16	0.01149	0.00733	0.00978	0.01095	0.01192	0.00676	0.00753	0.01314	0.01593	0.07122	0.08907	0.61982	0.05048	0.02254	0.00968	0.00304	0.00460	0.02036	0.00748	0.00690
17	0.00945	0.00675	0.00900	0.01080	0.01125	0.00630	0.00720	0.01080	0.01484	0.01979	0.04274	0.72245	0.05128	0.02429	0.00990	0.00315	0.00450	0.02204	0.00720	0.00630
18	0.01483	0.01380	0.02316	0.66061	0.07920	0.01700	0.02118	0.01993	0.01562	0.02030	0.01414	0.02084	0.01069	0.00775	0.00768	0.00255	0.01010	0.00690	0.02499	0.00873
19	0.01810	0.02235	0.09370	0.03189	0.04000	0.01949	0.60447	0.02482	0.01816	0.02482	0.01555	0.02058	0.01162	0.00660	0.00902	0.00260	0.01295	0.00889	0.00387	0.01053
20	0.01555	0.04011	0.68733	0.02210	0.03356	0.01801	0.02865	0.02455	0.01637	0.02455	0.01391	0.01637	0.00982	0.00737	0.00737	0.00246	0.01146	0.00573	0.00327	0.01146
21	0.02896	0.03695	0.02197	0.01998	0.02397	0.69638	0.01498	0.03096	0.02197	0.01898	0.01199	0.01398	0.00999	0.00799	0.00699	0.00200	0.01398	0.00499	0.00400	0.00899
22	0.03479	0.01320	0.01799	0.01380	0.01979	0.01140	0.01140	0.03779	0.02219	0.68451	0.03059	0.02639	0.01919	0.00960	0.00780	0.00240	0.00660	0.00780	0.00960	0.01320
23	0.04908	0.01273	0.06593	0.01298	0.01673	0.01063	0.03739	0.02144	0.06923	0.12726	0.33108	0.07542	0.07533	0.01394	0.00865	0.00256	0.00564	0.04732	0.00768	0.00899
24	0.02073	0.73217	0.04063	0.01327	0.01990	0.03068	0.01327	0.02322	0.01575	0.01824	0.01078	0.01244	0.00995	0.00663	0.00498	0.00166	0.00829	0.00415	0.00332	0.00995
25	0.00944	0.00760	0.00844	0.00894	0.01092	0.00660	0.00653	0.01138	0.01714	0.02121	0.09658	0.24509	0.46042	0.02074	0.00941	0.00278	0.00418	0.03880	0.00726	0.00654
26	0.01445	0.00723	0.00723	0.00723	0.00903	0.00723	0.00542	0.01807	0.01626	0.02891	0.02529	0.02891	0.01987	0.00903	0.00542	0.00181	0.00361	0.00723	0.77055	0.00723
27	0.01097	0.00793	0.01036	0.00975	0.01158	0.00732	0.00732	0.01463	0.02195	0.03109	0.67505	0.05792	0.07316	0.01585	0.00914	0.00244	0.00366	0.01402	0.00854	0.00732
28	0.00924	0.00786	0.00796	0.00794	0.01052	0.00658	0.00595	0.01128	0.01786	0.02138	0.10432	0.07390	0.64995	0.01947	0.00916	0.00261	0.00392	0.01626	0.00726	0.00658
29	0.01852	0.01842	0.03021	0.20126	0.44882	0.05093	0.07285	0.02328	0.01741	0.02368	0.01436	0.01943	0.01167	0.00713	0.00778	0.00238	0.01001	0.00699	0.00376	0.01111
30	0.01075	0.00785	0.01010	0.00967	0.01148	0.00720	0.00720	0.01415	0.02122	0.02969	0.59441	0.09759	0.11642	0.01662	0.00919	0.00249	0.00373	0.01466	0.00836	0.00720
31	0.01750	0.01374	0.01622	0.01166	0.01848	0.01042	0.00936	0.02091	0.01654	0.07543	0.01506	0.01686	0.01207	0.00604	0.00590	0.00124	0.00581	0.00484	0.00497	0.71695
32	0.01851	0.20328	0.33649	0.02214	0.11116	0.05111	0.02159	0.05056	0.01746	0.02394	0.01334	0.01574	0.01045	0.00711	0.00670	0.00212	0.00995	0.00543	0.00368	0.06925
33	0.01773	0.07414	0.24179	0.02306	0.02980	0.02050	0.18832	0.07008	0.01717	0.02439	0.01412	0.01842	0.01123	0.01150	0.05145	0.00321	0.16190	0.00700	0.00386	0.01032
34	0.00975	0.00764	0.00873	0.00934	0.01112	0.00679	0.00684	0.01166	0.01676	0.02096	0.08913	0.24542	0.38827	0.06181	0.01125	0.00312	0.00457	0.07328	0.00711	0.00646
35	0.01936	0.01926	0.02858	0.11554	0.37107	0.08633	0.08564	0.05196	0.03801	0.02495	0.01723	0.04918	0.01501	0.00857	0.00799	0.00243	0.00983	0.03374	0.00438	0.01092
36	0.01108	0.00831	0.01246	0.01246	0.01385	0.00969	0.00969	0.01385	0.01246	0.01800	0.02077	0.03046	0.01938	0.05815	0.69678	0.01246	0.02077	0.00831	0.00415	0.00692
37	0.02474	0.01515	0.01752	0.01484	0.01973	0.01603	0.01179	0.05701	0.38528	0.26616	0.06186	0.02911	0.02414	0.01041	0.00791	0.00253	0.00625	0.00862	0.00853	0.01239
38	0.01806	0.34418	0.34969	0.01906	0.02809	0.02373	0.07234	0.02399	0.01625	0.02179	0.01267	0.01500	0.01004	0.00698	0.00646	0.00212	0.01019	0.00531	0.00335	0.01071
39	0.01232	0.01023	0.01319	0.01297	0.01441	0.05085	0.01001	0.01490	0.01296	0.01795	0.02009	0.02994	0.01893	0.08216	0.60829	0.01136	0.04010	0.00819	0.00414	0.00700
40	0.01121	0.00758	0.00888	0.00913	0.00938	0.00752	0.00559	0.01173	0.01247	0.01665	0.05213	0.10665	0.03298	0.59113	0.03379	0.00668	0.00710	0.05908	0.00523	0.00511
41	0.00959	0.00782	0.00848	0.00842	0.01076	0.00671	0.00627	0.01191	0.01852	0.02321	0.21321	0.09973	0.51039	0.01898	0.00919	0.00260	0.00389	0.01608	0.00751	0.00671
42	0.01070	0.00791	0.00999	0.00947	0.01142	0.00720	0.00710	0.01410	0.02130	0.02956	0.58508	0.06044	0.16409	0.01642	0.00915	0.00247	0.00370	0.01438	0.00833	0.00720
43	0.01267	0.00856	0.01108	0.01022	0.01238	0.00801	0.00774	0.01698	0.04635	0.06894	0.61338	0.05500	0.06816	0.01529	0.00902	0.00244	0.00392	0.01346	0.00857	0.00784
44	0.02889	0.02143	0.02294	0.01772	0.02382	0.02377	0.01459	0.61788	0.07282	0.04792	0.01936	0.01921	0.01379	0.00938	0.00776	0.00234	0.00839	0.00708	0.00776	0.01313
45	0.78228	0.01499	0.01140	0.01020	0.01499	0.01739	0.00840	0.02279	0.01320	0.03479	0.01080	0.01260	0.00840	0.00720	0.00480	0.00240	0.00600	0.00420	0.00480	0.00840
46	0.01978	0.01369	0.01564	0.01321	0.01699	0.01419	0.01046	0.26531	0.02556	0.08407	0.16986	0.07158	0.12240	0.05691	0.04006	0.00322	0.00695	0.03280	0.00761	0.00973
47	0.02947	0.02172	0.02327	0.01784	0.02404	0.02404	0.01474	0.65329	0.03646	0.04887	0.01862	0.01862	0.01319	0.00931	0.00776	0.00233	0.00853	0.00698	0.00776	0.01319
48	0.01883	0.01543	0.01745	0.03953	0.02080	0.01514	0.01133	0.06859	0.28240	0.05260	0.02193	0.02201	0.01679	0.00812	0.00689	0.00192	0.00628	0.00664	0.00627	0.36104
49	0.01464	0.01378	0.02326	0.70887	0.05340	0.01723	0.02153	0.01981	0.01550	0.01981	0.01378	0.02067	0.01034	0.00775	0.00775	0.00258	0.01034	0.00689	0.00345	0.00861
50	0.01696	0.01696	0.02375	0.02036	0.02036	0.02375	0.01696	0.01866	0.01187	0.01866	0.01018	0.01696	0.01018	0.01357	0.02545	0.00339	0.71332	0.00679	0.00339	0.00848
51	0.00940	0.00694	0.00880	0.01028	0.01111	0.00634	0.00697	0.01085	0.01534	0.02000	0.04903	0.60852	0.16114	0.02347	0.00977	0.00306	0.00440	0.02104	0.00720	0.00634
52	0.01604	0.01500	0.02313	0.52265	0.07323	0.03604	0.04378	0.06795	0.01766	0.02253	0.01973	0.02487	0.06742	0.00881	0.00790	0.00254	0.00981	0.00774	0.00414	0.00902
53	0.03479	0.01320	0.01799	0.01380	0.01979	0.01140	0.01140	0.03779	0.02219	0.68451	0.03059	0.02639	0.01919	0.00960	0.00780	0.00240	0.00660	0.00780	0.00960	0.01320
54	0.01249	0.00892	0.01249	0.01428	0.01606	0.00892	0.01249	0.01606	0.01785	0.02320	0.04105	0.08746	0.04462	0.02142	0.01071	0.00357	0.00714	0.62695	0.00714	0.00714
55	0.03479	0.01320	0.01799	0.01380	0.01979	0.01140	0.01140	0.03779	0.02219	0.68451	0.03059	0.02639	0.01919	0.00960	0.00780	0.00240	0.00660	0.00780	0.00960	0.01320
56	0.01243	0.01075	0.06901	0.01271	0.01479	0.00835	0.03635	0.01466	0.01537	0.07058	0.03662	0.52131	0.04163	0.08204	0.01206	0.00339	0.00588	0.01809	0.00669	0.00730
57	0.01109	0.00825	0.01216	0.01216	0.01344	0.00953	0.00931	0.01365	0.01237	0.01777	0.02105	0.03200	0.02005	0.10908	0.64676	0.01208	0.01976	0.00853	0.00420	0.00675
58	0.02989	0.01372	0.01748	0.01411	0.01941	0.01300	0.01139	0.06601	0.13475	0.48925	0.03111	0.07942	0.02213	0.01086	0.00797	0.00249	0.00645	0.00901	0.00903	0.01251
59	0.00964	0.00782	0.00855	0.00848	0.01079	0.00673	0.00632	0.01201	0.01863	0.02348	0.22926	0.10159	0.49181	0.01889	0.00919	0.00260	0.00389	0.01604	0.00754	0.00673
60	0.01899	0.01822	0.03111	0.07712	0.65120	0.01837	0.02369	0.02362	0.01756	0.02508	0.01455	0.01926	0.01219	0.00695	0.00768	0.00232	0.00926	0.00691	0.00382	0.01212
61	0.01097	0.00793	0.01036	0.00975	0.01158	0.00732	0.00732	0.01463	0.02195	0.03109	0.67505	0.05792	0.07316	0.01585	0.00914	0.00244	0.00366	0.01402	0.00854	0.00732
62	0.01110	0.00822	0.01201	0.01201	0.01324	0.00945	0.00913	0.01356	0.01233	0.01767	0.02118	0.03274	0.02037	0.13331	0.62298	0.01191	0.01928	0.00864	0.00421	0.00667
63	0.01919	0.01842	0.03147	0.04759	0.67914	0.01842	0.02380	0.02380	0.01765	0.02533	0.01458	0.01919	0.01228	0.00691	0.00768	0.00230	0.00921	0.00691	0.00384	0.01228
64	0.01385	0.00963	0.01148	0.01078	0.01184	0.01038	0.00728	0.04620	0.06285	0.04337	0.02376	0.04213	0.02469	0.48054	0.13233	0.00727	0.03989	0.01011	0.00513	0.00650
65	0.01053	0.00751	0.01012	0.01175	0.01265	0.00721	0.00875	0.01262	0.01595	0.02116	0.06881	0.47037	0.04927	0.05005	0.01125	0.00342	0.00540	0.20951	0.00714	0.00654
66	0.01756	0.01676	0.02853	0.28468	0.45480	0.01799	0.02298	0.02237	0.01688	0.02335	0.01430	0.01972	0.01158	0.00721	0.00770	0.00240	0.00961	0.00690	0.00370	0.01097
67	0.05065	0.01769	0.02746	0.14805	0.47068	0.04231	0.02129	0.02373	0.04840	0.02475	0.01606	0.04546	0.01372	0.00791	0.00763	0.00239	0.00911	0.00737	0.00414	0.01119
68	0.01974	0.37820	0.21010	0.01909	0.07230	0.08316	0.01840	0.02488	0.04385	0.02113	0.01286	0.01498	0.01068	0.00738	0.00685	0.00205	0.03512	0.00514	0.00360	0.01049
69	0.21503	0.05164	0.15904	0.02010	0.11448	0.01776	0.03750	0.05217	0.06541	0.08495	0.01674	0.01861	0.01260	0.00810	0.00744	0.00239	0.03848	0.00616	0.06087	0.01054
70	0.02063	0.45200	0.17445	0.01590	0.02336	0.02461	0.04366	0.02477	0.01690	0.09008	0.03892	0.01682	0.01337	0.00744	0.00612	0.00198	0.00882	0.00545	0.00419	0.01053
71	0.01808	0.01384	0.01717	0.09178	0.02262	0.01163	0.01097	0.02247	0.04472	0.09632	0.01637	0.01828	0.01271	0.00660	0.00629	0.00151	0.00638	0.00538	0.00515	0.57174
72	0.02065	0.02310	0.02320	0.02024	0.02147	0.23037	0.01635	0.02244	0.01498	0.01876	0.01073	0.01605	0.01012	0.01186	0.01978	0.00296	0.49849	0.00624	0.00358	0.00864
73	0.01421	0.00917	0.01165	0.01058	0.01310	0.00864	0.00809	0.01908	0.06986	0.10459	0.52838	0.05291	0.08939	0.01491	0.00890	0.00246	0.00419	0.01303	0.00855	0.00832
74	0.01768	0.01687	0.02800	0.12184	0.42055	0.01822	0.04811	0.02185	0.01648	0.02360	0.01668	0.02157	0.03658	0.00857	0.01041	0.00251	0.11620	0.00735	0.03619	0.01074
75	0.00956	0.00800	0.00837	0.00857	0.01093	0.00696	0.00631	0.01214	0.04021	0.02118	0.07160	0.16857	0.56071	0.02000	0.00923	0.00270	0.00409	0.01693	0.00722	0.00671
76	0.01555	0.04011	0.68733	0.02210	0.03356	0.01801	0.02865	0.02455	0.01637	0.02455	0.01391	0.01637	0.00982	0.00737	0.00737	0.00246	0.01146	0.00573	0.00327	0.01146
77	0.78228	0.01499	0.01140	0.01020	0.01499	0.01739	0.00840	0.02279	0.01320	0.03479	0.01080	0.01260	0.00840	0.00720	0.00480	0.00240	0.00600	0.00420	0.00480	0.00840
78	0.01965	0.01873	0.03206	0.07554	0.52717	0.01893	0.09366	0.07162	0.01905	0.02680	0.01498	0.01941	0.01220	0.00709	0.00785	0.00235	0.00965	0.00717	0.00413	0.01197
79	0.02042	0.52546	0.08027	0.01595	0.04203	0.08487	0.01487	0.02336	0.01630	0.01942	0.03344	0.01491	0.01216	0.00764	0.00707	0.00192	0.06156	0.00494	0.00357	0.00985
80	0.02857	0.01405	0.01706	0.01369	0.01884	0.01380	0.01111	0.12396	0.12219	0.39387	0.02822	0.02604	0.01912	0.00961	0.00745	0.00233	0.00636	0.00774	0.12385	0.01215
81	0.01750	0.30088	0.44366	0.01877	0.02841	0.02278	0.02285	0.02405	0.01614	0.02218	0.01273	0.01489	0.00987	0.00709	0.00647	0.00216	0.01027	0.00513	0.00329	0.01089
82	0.02121	0.69196	0.03955	0.01366	0.02014	0.06919	0.01337	0.02367	0.01611	0.01828	0.01085	0.01253	0.00995	0.00671	0.00509	0.00168	0.00862	0.00419	0.00336	0.00989
83	0.01347	0.00673	0.01010	0.01010	0.01010	0.00673	0.00673	0.01010	0.01010	0.01347	0.01347	0.02357	0.01347	0.02694	0.03030	0.77441	0.00673	0.00673	0.00337	0.00337
84	0.01207	0.00924	0.01271	0.01523	0.06498	0.00894	0.01158	0.01520	0.01753	0.02261	0.04657	0.13715	0.16705	0.02022	0.01010	0.00325	0.00643	0.40488	0.00691	0.00734
85	0.01445	0.00723	0.00723	0.00723	0.00903	0.00723	0.00542	0.01807	0.01626	0.02891	0.02529	0.02891	0.01987	0.00903	0.00542	0.00181	0.00361	0.00723	0.77055	0.00723
86	0.00943	0.00782	0.00825	0.00824	0.01066	0.00664	0.00614	0.01160	0.01815	0.02231	0.15987	0.09963	0.56593	0.01931	0.00919	0.00262	0.00391	0.01628	0.00739	0.00664
87	0.02073	0.73217	0.04063	0.01327	0.01990	0.03068	0.01327	0.02322	0.01575	0.01824	0.01078	0.01244	0.00995	0.00663	0.00498	0.00166	0.00829	0.00415	0.00332	0.00995
88	0.01128	0.00752	0.00846	0.00846	0.00846	0.00752	0.00470	0.01128	0.01128	0.01503	0.02443	0.05074	0.02819	0.72751	0.03946	0.00752	0.00752	0.01128	0.00470	0.00470
89	0.78228	0.01499	0.01140	0.01020	0.01499	0.01739	0.00840	0.02279	0.01320	0.03479	0.01080	0.01260	0.00840	0.00720	0.00480	0.00240	0.00600	0.00420	0.00480	0.00840
90	0.06881	0.08221	0.02358	0.04092	0.06998	0.26866	0.01516	0.17076	0.02231	0.02753	0.01383	0.01633	0.01118	0.00881	0.00927	0.00228	0.10079	0.00584	0.03166	0.01010
91	0.01165	0.00880	0.01115	0.01204	0.01416	0.00847	0.01007	0.01546	0.04221	0.02380	0.12184	0.07843	0.22258	0.01990	0.01000	0.00314	0.00582	0.36593	0.00734	0.00718
92	0.01097	0.00793	0.01036	0.00975	0.01158	0.00732	0.00732	0.01463	0.02195	0.03109	0.67505	0.05792	0.07316	0.01585	0.00914	0.00244	0.00366	0.01402	0.00854	0.00732
93	0.01109	0.00790	0.01026	0.00967	0.01150	0.00731	0.00726	0.01474	0.02177	0.03102	0.65425	0.05699	0.07145	0.01563	0.00903	0.00242	0.00366	0.01380	0.03293	0.00731
94	0.01696	0.01696	0.02375	0.02036	0.02036	0.02375	0.01696	0.01866	0.01187	0.01866	0.01018	0.01696	0.01018	0.01357	0.02545	0.00339	0.71332	0.00679	0.00339	0.00848
95	0.01097	0.00744	0.00877	0.00906	0.00921	0.00745	0.00538	0.01135	0.01191	0.01596	0.02712	0.15613	0.03134	0.57722	0.07280	0.00711	0.00780	0.01281	0.00506	0.00508
96	0.01249	0.00892	0.01249	0.01428	0.01606	0.00892	0.01249	0.01606	0.01785	0.02320	0.04105	0.08746	0.04462	0.02142	0.01071	0.00357	0.00714	0.62695	0.00714	0.00714
97	0.00954	0.00682	0.00908	0.01074	0.01127	0.00636	0.00720	0.01102	0.01526	0.02045	0.07931	0.68401	0.05255	0.02380	0.00985	0.00311	0.00445	0.02158	0.00727	0.00636
98	0.01610	0.01419	0.01834	0.06578	0.02232	0.01140	0.04725	0.01985	0.01616	0.02483	0.01389	0.01671	0.01141	0.00594	0.00609	0.00134	0.00652	0.00503	0.00447	0.67238
99	0.05130	0.11474	0.52918	0.02067	0.03091	0.01919	0.05154	0.02490	0.01649	0.05222	0.01420	0.01638	0.01025	0.00734	0.00708	0.00237	0.01072	0.00572	0.00364	0.01118
100	0.02051	0.01635	0.01737	0.01528	0.01971	0.01860	0.01198	0.10368	0.52811	0.05575	0.02969	0.02776	0.02213	0.01025	0.00768	0.00253	0.00621	0.00843	0.06596	0.01202
101	0.01464	0.01378	0.02326	0.70887	0.05340	0.01723	0.02153	0.01981	0.01550	0.01981	0.01378	0.02067	0.01034	0.00775	0.00775	0.00258	0.01034	0.00689	0.00345	0.00861
102	0.04616	0.13525	0.51809	0.02058	0.03075	0.01962	0.05288	0.02478	0.01645	0.04723	0.01402	0.01623	0.01020	0.00730	0.00703	0.00235	0.01071	0.00567	0.00359	0.01115
103	0.01355	0.01093	0.01584	0.04643	0.06666	0.01082	0.05874	0.01918	0.09633	0.04533	0.28913	0.17211	0.09323	0.01516	0.00893	0.00262	0.00564	0.01367	0.00721	0.00849
104	0.01111	0.00816	0.01174	0.01174	0.01287	0.00930	0.00879	0.01338	0.01225	0.01746	0.02143	0.03413	0.02098	0.17913	0.57798	0.01157	0.01837	0.00884	0.00425	0.00652
105	0.01576	0.03867	0.63938	0.02289	0.03408	0.01813	0.07516	0.02458	0.01651	0.02458	0.01405	0.01671	0.00997	0.00730	0.00750	0.00247	0.01158	0.00599	0.00332	0.01138
106	0.00945	0.00675	0.00900	0.01080	0.01125	0.00630	0.00720	0.01080	0.01484	0.01979	0.04274	0.72245	0.05128	0.02429	0.00990	0.00315	0.00450	0.02204	0.00720	0.00630
107	0.01555	0.04011	0.68733	0.02210	0.03356	0.01801	0.02865	0.02455	0.01637	0.02455	0.01391	0.01637	0.00982	0.00737	0.00737	0.00246	0.01146	0.00573	0.00327	0.01146
108	0.01920	0.01829	0.03043	0.04521	0.62989	0.01849	0.02293	0.02510	0.06605	0.02586	0.01585	0.01992	0.01313	0.00718	0.00769	0.00233	0.00898	0.00705	0.00414	0.01228
109	0.00970	0.00701	0.00927	0.01082	0.01152	0.00645	0.00727	0.01113	0.01489	0.02000	0.04164	0.69566	0.04977	0.02359	0.00974	0.00307	0.00455	0.02138	0.00710	0.03544
110	0.01347	0.00673	0.01010	0.01010	0.01010	0.00673	0.00673	0.01010	0.01010	0.01347	0.01347	0.02357	0.01347	0.02694	0.03030	0.77441	0.00673	0.00673	0.00337	0.00337
111	0.01894	0.01635	0.01720	0.01551	0.01983	0.01885	0.01205	0.04016	0.64281	0.03204	0.03318	0.03050	0.04616	0.01083	0.00793	0.00263	0.00606	0.00903	0.00787	0.01208
112	0.00945	0.00675	0.00900	0.01080	0.01125	0.00630	0.00720	0.01080	0.01484	0.01979	0.04274	0.72245	0.05128	0.02429	0.00990	0.00315	0.00450	0.02204	0.00720	0.00630
113	0.01464	0.01378	0.02326	0.70887	0.05340	0.01723	0.02153	0.01981	0.01550	0.01981	0.01378	0.02067	0.01034	0.00775	0.00775	0.00258	0.01034	0.00689	0.00345	0.00861
114	0.08414	0.02031	0.02168	0.03676	0.04292	0.06174	0.01431	0.40306	0.05256	0.12644	0.01908	0.01929	0.01358	0.00922	0.00825	0.00238	0.03813	0.00682	0.00714	0.01220
115	0.01132	0.00802	0.01116	0.01121	0.01232	0.00897	0.00829	0.01356	0.01259	0.01829	0.02251	0.05545	0.02215	0.18714	0.49193	0.01038	0.01632	0.00924	0.06267	0.00648
116	0.02034	0.68045	0.08897	0.01393	0.02092	0.02973	0.01442	0.02332	0.01580	0.01871	0.01101	0.01273	0.00994	0.00669	0.00515	0.00172	0.00853	0.00426	0.00331	0.01006
117	0.01598	0.06787	0.61210	0.02252	0.03350	0.01866	0.07451	0.02452	0.01649	0.02431	0.01391	0.01654	0.00997	0.00727	0.00740	0.00243	0.01145	0.00592	0.00332	0.01132
118	0.01767	0.01976	0.04246	0.03161	0.06255	0.01857	0.57908	0.02375	0.01802	0.02448	0.01767	0.07328	0.01474	0.00788	0.00915	0.00264	0.01228	0.01003	0.00416	0.01022
119	0.01026	0.00752	0.00961	0.01107	0.01179	0.00732	0.00747	0.01309	0.06330	0.02054	0.04113	0.64221	0.04824	0.05299	0.01100	0.00329	0.00475	0.02059	0.00714	0.00668
120	0.05578	0.02053	0.02555	0.13213	0.19249	0.09433	0.05452	0.24254	0.02419	0.03227	0.01648	0.02105	0.01307	0.00853	0.00772	0.00239	0.00968	0.03024	0.00533	0.01120
121	0.02432	0.02203	0.02315	0.09931	0.16111	0.17423	0.01656	0.23020	0.02455	0.05927	0.01766	0.05256	0.01430	0.00906	0.00758	0.00230	0.00966	0.00727	0.03390	0.01098
122	0.01066	0.00875	0.00961	0.00988	0.01244	0.00803	0.00784	0.01447	0.06610	0.02231	0.06668	0.07407	0.48659	0.01935	0.00941	0.00283	0.00481	0.15182	0.00724	0.00711
123	0.01558	0.01326	0.01555	0.01143	0.01784	0.01003	0.00904	0.01887	0.01599	0.02486	0.01595	0.06887	0.01446	0.00713	0.00605	0.00130	0.00565	0.00590	0.00479	0.71746
124	0.02174	0.06493	0.04351	0.01357	0.01912	0.04252	0.01148	0.06291	0.08627	0.18889	0.08694	0.02892	0.04520	0.00974	0.00731	0.00208	0.00669	0.03419	0.00676	0.21723
125	0.01587	0.03689	0.58809	0.02279	0.03311	0.01856	0.07593	0.02414	0.01618	0.02414	0.01377	0.01677	0.01000	0.00777	0.00886	0.00254	0.06404	0.00607	0.00333	0.01116
126	0.01871	0.01615	0.01934	0.04999	0.12405	0.01793	0.01395	0.08143	0.40958	0.03102	0.05332	0.03114	0.07780	0.01070	0.00799	0.00255	0.00671	0.00908	0.00702	0.01153
127	0.00943	0.00679	0.00895	0.01067	0.01121	0.00631	0.00714	0.01081	0.01496	0.01984	0.04425	0.69506	0.07769	0.02409	0.00987	0.00313	0.00447	0.02180	0.00720	0.00631
128	0.01608	0.01378	0.01608	0.01148	0.01837	0.01034	0.00919	0.01952	0.01608	0.02527	0.01378	0.01608	0.01148	0.00574	0.00574	0.00115	0.00574	0.00459	0.00459	0.77491
129	0.01695	0.03366	0.51084	0.02226	0.07634	0.01728	0.02486	0.02597	0.06683	0.05317	0.01602	0.01794	0.01159	0.00755	0.00733	0.00236	0.01026	0.00605	0.00404	0.06871
130	0.02073	0.73217	0.04063	0.01327	0.01990	0.03068	0.01327	0.02322	0.01575	0.01824	0.01078	0.01244	0.00995	0.00663	0.00498	0.00166	0.00829	0.00415	0.00332	0.00995
131	0.01128	0.00752	0.00846	0.00846	0.00846	0.00752	0.00470	0.01128	0.01128	0.01503	0.02443	0.05074	0.02819	0.72751	0.03946	0.00752	0.00752	0.01128	0.00470	0.00470
132	0.00983	0.00831	0.00860	0.00865	0.01128	0.00726	0.00663	0.01277	0.04564	0.02160	0.07390	0.07354	0.60369	0.01937	0.00922	0.00269	0.00425	0.05873	0.00723	0.00683
133	0.01165	0.00806	0.01144	0.01166	0.01285	0.00877	0.00861	0.01379	0.01319	0.04328	0.02626	0.17998	0.02725	0.13174	0.44342	0.00949	0.01513	0.01158	0.00507	0.00675
134	0.13542	0.40574	0.10972	0.01461	0.02084	0.02504	0.01451	0.02486	0.06393	0.04786	0.01342	0.01504	0.01109	0.00774	0.00712	0.00210	0.06174	0.00503	0.00412	0.01008
135	0.06884	0.10292	0.01911	0.01361	0.01788	0.06609	0.01120	0.02645	0.01913	0.27526	0.11658	0.08187	0.02682	0.01157	0.00892	0.00241	0.05957	0.03006	0.00707	0.03465
136	0.01860	0.15482	0.29627	0.02145	0.10021	0.02019	0.02043	0.04936	0.11504	0.05371	0.01797	0.04553	0.01434	0.00866	0.00773	0.00237	0.03060	0.00683	0.00463	0.01125
137	0.01750	0.03951	0.06698	0.01452	0.01846	0.06336	0.05954	0.05214	0.06943	0.10114	0.16912	0.12766	0.08112	0.07126	0.01095	0.00292	0.00709	0.01157	0.00673	0.00902
138	0.01936	0.01764	0.01960	0.01970	0.10250	0.06447	0.01368	0.05937	0.36822	0.02909	0.04909	0.02631	0.02102	0.03588	0.01017	0.00265	0.06090	0.00804	0.00644	0.06586

[dist]
# distance from previous block
# <min> <max>
0	26

# created by:
# /st0/software/busco_prod/Augustus/scripts/msa2prfl.pl ./align_prep/105040.fa
