[name]
unknown

[dist]
# distance from previous block
# <min> <max>
0	1

[block]
# block no. 0 follows, 21 sequences, length 10
# corresponding to MSA columns:
# 3-12
name=unknown_A
#
# <colnr> <probs for GDERKNQSTAVLIFYWHMCP>
#	G	D	E	R	K	N	Q	S	T	A	V	L	I	F	Y	W	H	M	C	P
0	0.01394	0.00951	0.01313	0.01483	0.01666	0.00951	0.01275	0.01737	0.01892	0.02522	0.04188	0.08690	0.04484	0.02293	0.01273	0.05204	0.00753	0.51150	0.06024	0.00758
1	0.11710	0.01354	0.02141	0.25727	0.03345	0.01516	0.09163	0.01976	0.01548	0.02358	0.01616	0.02349	0.01336	0.01618	0.04418	0.19244	0.01005	0.00753	0.06018	0.00803
2	0.44846	0.01771	0.04967	0.05805	0.02180	0.01819	0.01241	0.06600	0.04886	0.12171	0.05098	0.02071	0.01607	0.00915	0.00672	0.00266	0.00736	0.00646	0.00640	0.01062
3	0.42929	0.10199	0.02010	0.15549	0.02675	0.02014	0.01334	0.02619	0.01647	0.10049	0.01495	0.01738	0.01120	0.00824	0.00635	0.00258	0.00799	0.00567	0.00533	0.01006
4	0.62671	0.01782	0.01491	0.01274	0.01829	0.02044	0.01050	0.13460	0.01919	0.04103	0.01343	0.01504	0.01019	0.00833	0.00586	0.00262	0.00710	0.00517	0.00586	0.01019
5	0.01580	0.01130	0.01290	0.01209	0.01387	0.01170	0.00836	0.13440	0.01931	0.02569	0.03371	0.17510	0.07824	0.33712	0.06765	0.00611	0.00846	0.01397	0.00654	0.00768
6	0.02145	0.01612	0.02026	0.01470	0.02214	0.01317	0.04359	0.06932	0.02030	0.10776	0.01794	0.01956	0.01382	0.00717	0.00695	0.00162	0.00708	0.00595	0.00595	0.56514
7	0.01585	0.01102	0.01433	0.01517	0.01767	0.01125	0.01260	0.02250	0.11314	0.06547	0.07212	0.15530	0.04620	0.02099	0.01089	0.00356	0.00708	0.36765	0.00821	0.00900
8	0.02833	0.01777	0.02010	0.01605	0.02129	0.01888	0.01294	0.34286	0.03017	0.15910	0.02450	0.02713	0.01841	0.06691	0.06115	0.00378	0.00923	0.00834	0.10062	0.01242
9	0.03991	0.01091	0.01299	0.01215	0.01493	0.01058	0.00915	0.09181	0.02301	0.07734	0.25854	0.22599	0.14207	0.01878	0.00981	0.00289	0.00529	0.01631	0.00861	0.00892

[dist]
# distance from previous block
# <min> <max>
6	8

[block]
# block no. 1 follows, 21 sequences, length 70
# corresponding to MSA columns:
# 21,25-93
name=unknown_B
#
# <colnr> <probs for GDERKNQSTAVLIFYWHMCP>
#	G	D	E	R	K	N	Q	S	T	A	V	L	I	F	Y	W	H	M	C	P
0	0.01734	0.01179	0.01422	0.01280	0.01609	0.01183	0.00986	0.02623	0.17710	0.10722	0.39233	0.05231	0.08560	0.01530	0.00952	0.00273	0.00509	0.01325	0.00926	0.01012
1	0.01410	0.01100	0.01204	0.01101	0.01405	0.01057	0.00835	0.09275	0.05031	0.02996	0.21697	0.06516	0.34616	0.06519	0.01207	0.00315	0.00526	0.01521	0.00821	0.00848
2	0.01267	0.00901	0.01033	0.01038	0.01305	0.00787	0.00793	0.01516	0.01980	0.06980	0.12404	0.15660	0.41443	0.02122	0.01022	0.00301	0.00492	0.07349	0.00822	0.00782
3	0.02446	0.54570	0.04013	0.01761	0.04933	0.15791	0.01542	0.02718	0.01873	0.02051	0.01227	0.01430	0.01104	0.00759	0.00602	0.00192	0.01038	0.00486	0.00381	0.01082
4	0.01204	0.00870	0.01138	0.01071	0.01271	0.00803	0.00803	0.01606	0.02409	0.03413	0.64335	0.06357	0.08030	0.01740	0.01004	0.00268	0.00401	0.01539	0.00937	0.00803
5	0.02110	0.02081	0.03416	0.09579	0.55242	0.04684	0.05206	0.02618	0.01943	0.02705	0.01588	0.02103	0.01320	0.00768	0.00847	0.00255	0.01061	0.00760	0.00419	0.01295
6	0.03818	0.01448	0.01975	0.01514	0.02172	0.01251	0.01251	0.04147	0.02436	0.65373	0.03357	0.02897	0.02107	0.01053	0.00856	0.00263	0.00724	0.00856	0.01053	0.01448
7	0.06543	0.02326	0.02467	0.01910	0.02575	0.02583	0.01574	0.56716	0.06454	0.05214	0.02065	0.02062	0.01473	0.01017	0.00837	0.00257	0.00912	0.00761	0.00837	0.01419
8	0.76103	0.01646	0.01251	0.01119	0.01646	0.01909	0.00922	0.02502	0.01448	0.03818	0.01185	0.01382	0.00922	0.00790	0.00527	0.00263	0.00658	0.00461	0.00527	0.00922
9	0.01707	0.04402	0.65683	0.02426	0.03683	0.01976	0.03144	0.02695	0.01797	0.02695	0.01527	0.01797	0.01078	0.00809	0.00809	0.00270	0.01258	0.00629	0.00359	0.01258
10	0.01218	0.00904	0.01328	0.01328	0.01466	0.01042	0.01014	0.01494	0.01356	0.01946	0.02316	0.03546	0.02215	0.12183	0.61040	0.01318	0.02147	0.00941	0.00461	0.00738
11	0.01586	0.00793	0.00793	0.00793	0.00991	0.00793	0.00595	0.01983	0.01785	0.03173	0.02776	0.03173	0.02181	0.00991	0.00595	0.00198	0.00397	0.00793	0.74817	0.00793
12	0.01862	0.01862	0.02607	0.02234	0.02234	0.02607	0.01862	0.02048	0.01303	0.02048	0.01117	0.01862	0.01117	0.01489	0.02793	0.00372	0.68535	0.00745	0.00372	0.00931
13	0.71250	0.01633	0.01299	0.01146	0.01681	0.01865	0.00944	0.02612	0.01515	0.07951	0.01331	0.01484	0.01001	0.00808	0.00549	0.00263	0.00663	0.00487	0.00562	0.00957
14	0.06878	0.00808	0.01112	0.01102	0.01140	0.00827	0.00743	0.01215	0.01138	0.01655	0.01505	0.02619	0.01503	0.05494	0.03163	0.66819	0.00737	0.00739	0.00387	0.00415
15	0.01711	0.01713	0.02987	0.25960	0.03953	0.02018	0.16464	0.02158	0.01655	0.02272	0.01819	0.09955	0.01688	0.01210	0.01466	0.00317	0.20250	0.01006	0.00437	0.00961
16	0.02264	0.65884	0.04285	0.01475	0.02186	0.03281	0.01449	0.02684	0.05951	0.02109	0.01340	0.01489	0.01195	0.00757	0.00568	0.00189	0.00894	0.00490	0.00398	0.01110
17	0.08150	0.01995	0.02162	0.01709	0.02326	0.02123	0.01388	0.37139	0.08165	0.09402	0.02324	0.06758	0.01823	0.01086	0.00820	0.00251	0.00812	0.00851	0.00801	0.09918
18	0.01975	0.02528	0.11714	0.03459	0.04363	0.02133	0.55234	0.02723	0.01985	0.02723	0.01700	0.02241	0.01268	0.00727	0.00983	0.00285	0.01415	0.00963	0.00423	0.01160
19	0.67724	0.04963	0.01477	0.01208	0.01738	0.06421	0.00996	0.02565	0.01527	0.03616	0.01194	0.01392	0.00941	0.00793	0.00544	0.00257	0.00730	0.00467	0.00513	0.00934
20	0.07788	0.01307	0.01650	0.01362	0.01848	0.01225	0.01092	0.03244	0.07580	0.35798	0.22943	0.03936	0.03983	0.01266	0.00882	0.00267	0.00611	0.01059	0.00963	0.01195
21	0.01478	0.00739	0.01109	0.01109	0.01109	0.00739	0.00739	0.01109	0.01109	0.01478	0.01478	0.02587	0.01478	0.02956	0.03326	0.75240	0.00739	0.00739	0.00370	0.00370
22	0.01902	0.01813	0.03084	0.30992	0.40616	0.01968	0.02510	0.02432	0.01841	0.02532	0.01565	0.02173	0.01260	0.00796	0.00846	0.00265	0.01062	0.00757	0.00404	0.01183
23	0.01902	0.27141	0.44654	0.02093	0.03168	0.02454	0.02564	0.02645	0.01774	0.02457	0.01409	0.01648	0.01083	0.00781	0.00718	0.00239	0.01138	0.00569	0.00361	0.01201
24	0.76103	0.01646	0.01251	0.01119	0.01646	0.01909	0.00922	0.02502	0.01448	0.03818	0.01185	0.01382	0.00922	0.00790	0.00527	0.00263	0.00658	0.00461	0.00527	0.00922
25	0.01238	0.00825	0.00928	0.00928	0.00928	0.00825	0.00516	0.01238	0.01238	0.01650	0.02681	0.05569	0.03094	0.70092	0.04331	0.00825	0.00825	0.01238	0.00516	0.00516
26	0.01977	0.02195	0.04603	0.03288	0.04135	0.02021	0.53895	0.02651	0.01977	0.02732	0.01695	0.02227	0.01287	0.00706	0.00956	0.00266	0.01331	0.00940	0.00440	0.10676
27	0.01586	0.00793	0.00793	0.00793	0.00991	0.00793	0.00595	0.01983	0.01785	0.03173	0.02776	0.03173	0.02181	0.00991	0.00595	0.00198	0.00397	0.00793	0.74817	0.00793
28	0.01765	0.01513	0.01765	0.01260	0.02017	0.01134	0.01008	0.02143	0.01765	0.02773	0.01513	0.01765	0.01260	0.00630	0.00630	0.00126	0.00630	0.00504	0.00504	0.75295
29	0.01707	0.04402	0.65683	0.02426	0.03683	0.01976	0.03144	0.02695	0.01797	0.02695	0.01527	0.01797	0.01078	0.00809	0.00809	0.00270	0.01258	0.00629	0.00359	0.01258
30	0.01944	0.01857	0.03162	0.25598	0.45675	0.01979	0.02531	0.02470	0.01861	0.02584	0.01572	0.02159	0.01279	0.00788	0.00845	0.00263	0.01051	0.00758	0.00407	0.01217
31	0.01100	0.00852	0.00913	0.00913	0.01091	0.00775	0.00623	0.01243	0.01659	0.02051	0.06163	0.06993	0.39224	0.26537	0.05781	0.00538	0.00672	0.01549	0.00674	0.00649
32	0.02275	0.70604	0.04459	0.01456	0.02184	0.03367	0.01456	0.02548	0.01729	0.02002	0.01183	0.01365	0.01092	0.00728	0.00546	0.00182	0.00910	0.00455	0.00364	0.01092
33	0.45591	0.01659	0.01640	0.01366	0.01905	0.01827	0.01128	0.07238	0.01898	0.20955	0.01848	0.01885	0.01303	0.00928	0.00797	0.00270	0.05356	0.00612	0.00686	0.01107
34	0.07397	0.10579	0.23645	0.01803	0.02598	0.01757	0.04338	0.02894	0.02047	0.20126	0.11942	0.02765	0.02465	0.01009	0.00810	0.00257	0.00900	0.00820	0.00658	0.01191
35	0.02171	0.58477	0.15675	0.01634	0.02459	0.03113	0.01765	0.02575	0.01742	0.02129	0.01246	0.01444	0.01090	0.00743	0.00594	0.00198	0.00974	0.00487	0.00363	0.01122
36	0.03792	0.01491	0.02001	0.01534	0.02194	0.01314	0.01268	0.06783	0.02507	0.62636	0.03297	0.02858	0.02077	0.01052	0.00856	0.00263	0.00734	0.00852	0.01044	0.01448
37	0.01086	0.00932	0.00939	0.00925	0.01227	0.00820	0.00697	0.01461	0.06384	0.02390	0.08247	0.07826	0.59956	0.02083	0.00996	0.00287	0.00449	0.01736	0.00796	0.00764
38	0.01006	0.00862	0.00862	0.00862	0.01149	0.00718	0.00647	0.01221	0.01940	0.02299	0.08621	0.08190	0.64438	0.02155	0.01006	0.00287	0.00431	0.01796	0.00790	0.00718
39	0.01586	0.00793	0.00793	0.00793	0.00991	0.00793	0.00595	0.01983	0.01785	0.03173	0.02776	0.03173	0.02181	0.00991	0.00595	0.00198	0.00397	0.00793	0.74817	0.00793
40	0.01586	0.00793	0.00793	0.00793	0.00991	0.00793	0.00595	0.01983	0.01785	0.03173	0.02776	0.03173	0.02181	0.00991	0.00595	0.00198	0.00397	0.00793	0.74817	0.00793
41	0.76103	0.01646	0.01251	0.01119	0.01646	0.01909	0.00922	0.02502	0.01448	0.03818	0.01185	0.01382	0.00922	0.00790	0.00527	0.00263	0.00658	0.00461	0.00527	0.00922
42	0.02094	0.02057	0.03656	0.05013	0.57030	0.02039	0.10204	0.02626	0.01947	0.02773	0.01616	0.02131	0.01341	0.00753	0.00863	0.00257	0.01065	0.00790	0.00422	0.01322
43	0.01586	0.00793	0.00793	0.00793	0.00991	0.00793	0.00595	0.01983	0.01785	0.03173	0.02776	0.03173	0.02181	0.00991	0.00595	0.00198	0.00397	0.00793	0.74817	0.00793
44	0.01860	0.04188	0.61065	0.02359	0.03574	0.01924	0.03007	0.02800	0.01843	0.07239	0.01660	0.01876	0.01153	0.00826	0.00812	0.00269	0.01219	0.00645	0.00410	0.01272
45	0.01037	0.00741	0.00987	0.01185	0.01234	0.00691	0.00790	0.01185	0.01629	0.02172	0.04690	0.69537	0.05629	0.02666	0.01086	0.00346	0.00494	0.02419	0.00790	0.00691
46	0.01607	0.01513	0.02552	0.68047	0.05861	0.01891	0.02363	0.02174	0.01702	0.02174	0.01513	0.02269	0.01134	0.00851	0.00851	0.00284	0.01134	0.00756	0.00378	0.00945
47	0.01216	0.00912	0.01368	0.01368	0.01520	0.01064	0.01064	0.01520	0.01368	0.01976	0.02279	0.03343	0.02127	0.06382	0.66720	0.01368	0.02279	0.00912	0.00456	0.00760
48	0.01586	0.00793	0.00793	0.00793	0.00991	0.00793	0.00595	0.01983	0.01785	0.03173	0.02776	0.03173	0.02181	0.00991	0.00595	0.00198	0.00397	0.00793	0.74817	0.00793
49	0.01586	0.00793	0.00793	0.00793	0.00991	0.00793	0.00595	0.01983	0.01785	0.03173	0.02776	0.03173	0.02181	0.00991	0.00595	0.00198	0.00397	0.00793	0.74817	0.00793
50	0.03392	0.02133	0.02398	0.01839	0.02514	0.02266	0.01519	0.46427	0.03581	0.21476	0.02396	0.02272	0.01624	0.01030	0.00853	0.00258	0.00879	0.00790	0.00906	0.01448
51	0.03235	0.02384	0.02554	0.01958	0.02639	0.02639	0.01618	0.61946	0.04001	0.05363	0.02043	0.02043	0.01447	0.01022	0.00851	0.00255	0.00936	0.00766	0.00851	0.01447
52	0.02036	0.01740	0.01859	0.01692	0.02146	0.01997	0.01322	0.04245	0.57288	0.03502	0.06425	0.03647	0.02972	0.01242	0.00888	0.00293	0.00666	0.03881	0.00865	0.01293
53	0.02018	0.40636	0.32174	0.01895	0.02863	0.02738	0.02220	0.02615	0.01760	0.02316	0.01339	0.01560	0.01086	0.00764	0.00665	0.00222	0.01067	0.00534	0.00362	0.01167
54	0.03818	0.01448	0.01975	0.01514	0.02172	0.01251	0.01251	0.04147	0.02436	0.65373	0.03357	0.02897	0.02107	0.01053	0.00856	0.00263	0.00724	0.00856	0.01053	0.01448
55	0.01607	0.01513	0.02552	0.68047	0.05861	0.01891	0.02363	0.02174	0.01702	0.02174	0.01513	0.02269	0.01134	0.00851	0.00851	0.00284	0.01134	0.00756	0.00378	0.00945
56	0.01037	0.00741	0.00987	0.01185	0.01234	0.00691	0.00790	0.01185	0.01629	0.02172	0.04690	0.69537	0.05629	0.02666	0.01086	0.00346	0.00494	0.02419	0.00790	0.00691
57	0.02275	0.70604	0.04459	0.01456	0.02184	0.03367	0.01456	0.02548	0.01729	0.02002	0.01183	0.01365	0.01092	0.00728	0.00546	0.00182	0.00910	0.00455	0.00364	0.01092
58	0.02009	0.02296	0.05022	0.03587	0.04448	0.02152	0.61693	0.02726	0.02009	0.02726	0.01722	0.02296	0.01291	0.00717	0.01004	0.00287	0.01435	0.01004	0.00430	0.01148
59	0.76103	0.01646	0.01251	0.01119	0.01646	0.01909	0.00922	0.02502	0.01448	0.03818	0.01185	0.01382	0.00922	0.00790	0.00527	0.00263	0.00658	0.00461	0.00527	0.00922
60	0.03032	0.02283	0.02440	0.01917	0.02562	0.02544	0.01568	0.51509	0.14770	0.05036	0.02301	0.02249	0.01656	0.01046	0.00854	0.00261	0.00889	0.00802	0.00854	0.01429
61	0.01586	0.00793	0.00793	0.00793	0.00991	0.00793	0.00595	0.01983	0.01785	0.03173	0.02776	0.03173	0.02181	0.00991	0.00595	0.00198	0.00397	0.00793	0.74817	0.00793
62	0.02006	0.39239	0.33465	0.01915	0.02894	0.02708	0.02256	0.02618	0.01761	0.02330	0.01346	0.01570	0.01085	0.00766	0.00670	0.00223	0.01075	0.00537	0.00362	0.01171
63	0.03063	0.12608	0.02675	0.02098	0.02573	0.58540	0.01620	0.03289	0.02324	0.02072	0.01298	0.01513	0.01096	0.00858	0.00739	0.00214	0.01454	0.00536	0.00429	0.01000
64	0.02149	0.58629	0.12173	0.01576	0.02344	0.03074	0.01654	0.02516	0.01720	0.02090	0.01282	0.01519	0.01142	0.01020	0.03873	0.00252	0.01023	0.00500	0.00368	0.01097
65	0.01805	0.01780	0.03218	0.40676	0.20624	0.01970	0.12887	0.02383	0.01816	0.02426	0.01572	0.02232	0.01216	0.00804	0.00876	0.00276	0.01156	0.00801	0.00398	0.01084
66	0.01925	0.02262	0.07496	0.14622	0.04654	0.02099	0.48686	0.02630	0.01946	0.02630	0.01676	0.02267	0.01254	0.00745	0.00969	0.00286	0.01375	0.00944	0.00418	0.01118
67	0.07409	0.01522	0.01930	0.01488	0.02145	0.01367	0.01221	0.06202	0.04999	0.48804	0.02952	0.02645	0.01927	0.00988	0.00809	0.00246	0.00715	0.00790	0.00937	0.10905
68	0.11364	0.02105	0.09087	0.06095	0.03421	0.01802	0.30077	0.02453	0.01860	0.02845	0.04332	0.05232	0.01686	0.00858	0.00859	0.00258	0.01085	0.00891	0.00483	0.13208
69	0.01819	0.15396	0.38174	0.02413	0.06216	0.02139	0.10130	0.02569	0.01875	0.02646	0.07252	0.02217	0.01758	0.00866	0.00807	0.00255	0.01129	0.00736	0.00425	0.01177

[dist]
# distance from previous block
# <min> <max>
0	1

[block]
# block no. 2 follows, 21 sequences, length 54
# corresponding to MSA columns:
# 95,102-154
name=unknown_C
#
# <colnr> <probs for GDERKNQSTAVLIFYWHMCP>
#	G	D	E	R	K	N	Q	S	T	A	V	L	I	F	Y	W	H	M	C	P
0	0.01963	0.01488	0.01755	0.01320	0.02005	0.01200	0.01048	0.02485	0.06744	0.09233	0.02036	0.05792	0.01699	0.00830	0.00698	0.00165	0.00636	0.00684	0.00606	0.57612
1	0.68727	0.01890	0.01368	0.01228	0.01745	0.08460	0.00995	0.02592	0.01546	0.03643	0.01198	0.01398	0.00939	0.00799	0.00551	0.00259	0.00747	0.00470	0.00518	0.00928
2	0.02590	0.01814	0.02305	0.01849	0.02458	0.01875	0.07519	0.10010	0.30440	0.18183	0.02922	0.02764	0.02098	0.01021	0.00853	0.00263	0.00787	0.00876	0.00829	0.08545
3	0.24755	0.14660	0.30576	0.01843	0.02722	0.07340	0.02059	0.02667	0.01727	0.02875	0.01347	0.01576	0.01034	0.00795	0.00675	0.00249	0.01037	0.00542	0.00418	0.01105
4	0.14361	0.02396	0.02277	0.01837	0.02413	0.10918	0.01492	0.36134	0.05414	0.04286	0.01784	0.01893	0.01334	0.00985	0.00909	0.00255	0.05414	0.00684	0.00700	0.04515
5	0.02080	0.02179	0.07565	0.05039	0.60748	0.02019	0.02647	0.02617	0.01928	0.02775	0.01596	0.02086	0.01330	0.00762	0.00840	0.00254	0.01027	0.00750	0.00417	0.01342
6	0.01854	0.19943	0.48554	0.02248	0.03363	0.02313	0.05323	0.02662	0.01790	0.02533	0.01455	0.01717	0.01091	0.00786	0.00755	0.00250	0.01183	0.00604	0.00364	0.01214
7	0.07643	0.25961	0.03016	0.01820	0.02394	0.29677	0.01514	0.10437	0.05529	0.02659	0.01467	0.01618	0.01206	0.00854	0.00693	0.00218	0.01146	0.00560	0.00493	0.01094
8	0.02137	0.02116	0.03313	0.10049	0.55965	0.06282	0.02528	0.02629	0.01950	0.02686	0.01575	0.02081	0.01314	0.00773	0.00838	0.00253	0.01055	0.00744	0.00419	0.01292
9	0.02377	0.53407	0.09630	0.01668	0.02395	0.13927	0.01640	0.02705	0.01850	0.02078	0.01236	0.01433	0.01092	0.00760	0.00607	0.00196	0.01047	0.00486	0.00376	0.01089
10	0.03020	0.02578	0.02413	0.01958	0.02559	0.13887	0.01573	0.41028	0.14601	0.04451	0.02175	0.02161	0.01596	0.01020	0.00839	0.00255	0.00994	0.00764	0.00781	0.01347
11	0.47255	0.07825	0.01865	0.10584	0.02371	0.01987	0.01249	0.02641	0.01623	0.10807	0.01491	0.01708	0.01118	0.00853	0.00706	0.00263	0.03539	0.00561	0.00549	0.01004
12	0.03818	0.01448	0.01975	0.01514	0.02172	0.01251	0.01251	0.04147	0.02436	0.65373	0.03357	0.02897	0.02107	0.01053	0.00856	0.00263	0.00724	0.00856	0.01053	0.01448
13	0.01204	0.00870	0.01138	0.01071	0.01271	0.00803	0.00803	0.01606	0.02409	0.03413	0.64335	0.06357	0.08030	0.01740	0.01004	0.00268	0.00401	0.01539	0.00937	0.00803
14	0.01765	0.01513	0.01765	0.01260	0.02017	0.01134	0.01008	0.02143	0.01765	0.02773	0.01513	0.01765	0.01260	0.00630	0.00630	0.00126	0.00630	0.00504	0.00504	0.75295
15	0.01006	0.00862	0.00862	0.00862	0.01149	0.00718	0.00647	0.01221	0.01940	0.02299	0.08621	0.08190	0.64438	0.02155	0.01006	0.00287	0.00431	0.01796	0.00790	0.00718
16	0.01216	0.00912	0.01368	0.01368	0.01520	0.01064	0.01064	0.01520	0.01368	0.01976	0.02279	0.03343	0.02127	0.06382	0.66720	0.01368	0.02279	0.00912	0.00456	0.00760
17	0.01204	0.00870	0.01138	0.01071	0.01271	0.00803	0.00803	0.01606	0.02409	0.03413	0.64335	0.06357	0.08030	0.01740	0.01004	0.00268	0.00401	0.01539	0.00937	0.00803
18	0.01765	0.01513	0.01765	0.01260	0.02017	0.01134	0.01008	0.02143	0.01765	0.02773	0.01513	0.01765	0.01260	0.00630	0.00630	0.00126	0.00630	0.00504	0.00504	0.75295
19	0.01238	0.00825	0.00928	0.00928	0.00928	0.00825	0.00516	0.01238	0.01238	0.01650	0.02681	0.05569	0.03094	0.70092	0.04331	0.00825	0.00825	0.01238	0.00516	0.00516
20	0.01037	0.00741	0.00987	0.01185	0.01234	0.00691	0.00790	0.01185	0.01629	0.02172	0.04690	0.69537	0.05629	0.02666	0.01086	0.00346	0.00494	0.02419	0.00790	0.00691
21	0.01006	0.00862	0.00862	0.00862	0.01149	0.00718	0.00647	0.01221	0.01940	0.02299	0.08621	0.08190	0.64438	0.02155	0.01006	0.00287	0.00431	0.01796	0.00790	0.00718
22	0.01204	0.00870	0.01138	0.01071	0.01271	0.00803	0.00803	0.01606	0.02409	0.03413	0.64335	0.06357	0.08030	0.01740	0.01004	0.00268	0.00401	0.01539	0.00937	0.00803
23	0.76103	0.01646	0.01251	0.01119	0.01646	0.01909	0.00922	0.02502	0.01448	0.03818	0.01185	0.01382	0.00922	0.00790	0.00527	0.00263	0.00658	0.00461	0.00527	0.00922
24	0.03235	0.02384	0.02554	0.01958	0.02639	0.02639	0.01618	0.61946	0.04001	0.05363	0.02043	0.02043	0.01447	0.01022	0.00851	0.00255	0.00936	0.00766	0.00851	0.01447
25	0.01204	0.00870	0.01138	0.01071	0.01271	0.00803	0.00803	0.01606	0.02409	0.03413	0.64335	0.06357	0.08030	0.01740	0.01004	0.00268	0.00401	0.01539	0.00937	0.00803
26	0.01238	0.00825	0.00928	0.00928	0.00928	0.00825	0.00516	0.01238	0.01238	0.01650	0.02681	0.05569	0.03094	0.70092	0.04331	0.00825	0.00825	0.01238	0.00516	0.00516
27	0.01194	0.00869	0.01123	0.01060	0.01265	0.00799	0.00795	0.01586	0.02385	0.03355	0.61457	0.06452	0.10943	0.01761	0.01004	0.00269	0.00403	0.01552	0.00929	0.00799
28	0.03818	0.01448	0.01975	0.01514	0.02172	0.01251	0.01251	0.04147	0.02436	0.65373	0.03357	0.02897	0.02107	0.01053	0.00856	0.00263	0.00724	0.00856	0.01053	0.01448
29	0.01238	0.00825	0.00928	0.00928	0.00928	0.00825	0.00516	0.01238	0.01238	0.01650	0.02681	0.05569	0.03094	0.70092	0.04331	0.00825	0.00825	0.01238	0.00516	0.00516
30	0.01093	0.00866	0.00983	0.00953	0.01203	0.00755	0.00715	0.01390	0.02145	0.02786	0.32985	0.07388	0.39770	0.01974	0.01005	0.00279	0.00418	0.01684	0.00854	0.00755
31	0.01057	0.00768	0.00998	0.01143	0.01233	0.00709	0.00780	0.01246	0.01761	0.02352	0.13172	0.55979	0.10662	0.02498	0.01068	0.00330	0.00476	0.02249	0.00810	0.00709
32	0.01150	0.00843	0.01079	0.01072	0.01251	0.00772	0.00784	0.01481	0.02203	0.03048	0.46558	0.19313	0.13339	0.01970	0.01021	0.00285	0.00423	0.01743	0.00892	0.00772
33	0.76103	0.01646	0.01251	0.01119	0.01646	0.01909	0.00922	0.02502	0.01448	0.03818	0.01185	0.01382	0.00922	0.00790	0.00527	0.00263	0.00658	0.00461	0.00527	0.00922
34	0.03235	0.02384	0.02554	0.01958	0.02639	0.02639	0.01618	0.61946	0.04001	0.05363	0.02043	0.02043	0.01447	0.01022	0.00851	0.00255	0.00936	0.00766	0.00851	0.01447
35	0.04834	0.00912	0.01158	0.01117	0.01329	0.00858	0.00829	0.01702	0.02221	0.06403	0.47218	0.17591	0.06947	0.01830	0.00989	0.00282	0.00447	0.01615	0.00896	0.00821
36	0.01174	0.00869	0.01095	0.01038	0.01253	0.00790	0.00779	0.01547	0.02336	0.03241	0.55734	0.06640	0.16738	0.01804	0.01004	0.00271	0.00406	0.01579	0.00914	0.00790
37	0.03818	0.01448	0.01975	0.01514	0.02172	0.01251	0.01251	0.04147	0.02436	0.65373	0.03357	0.02897	0.02107	0.01053	0.00856	0.00263	0.00724	0.00856	0.01053	0.01448
38	0.01213	0.00876	0.01150	0.01097	0.01297	0.00812	0.00833	0.01614	0.02385	0.03367	0.61176	0.06528	0.07864	0.01772	0.01013	0.00274	0.00422	0.04576	0.00929	0.00802
39	0.01586	0.00793	0.00793	0.00793	0.00991	0.00793	0.00595	0.01983	0.01785	0.03173	0.02776	0.03173	0.02181	0.00991	0.00595	0.00198	0.00397	0.00793	0.74817	0.00793
40	0.01586	0.00793	0.00793	0.00793	0.00991	0.00793	0.00595	0.01983	0.01785	0.03173	0.02776	0.03173	0.02181	0.00991	0.00595	0.00198	0.00397	0.00793	0.74817	0.00793
41	0.01586	0.00793	0.00793	0.00793	0.00991	0.00793	0.00595	0.01983	0.01785	0.03173	0.02776	0.03173	0.02181	0.00991	0.00595	0.00198	0.00397	0.00793	0.74817	0.00793
42	0.01848	0.01690	0.02665	0.59286	0.05505	0.02056	0.02353	0.02294	0.01788	0.02357	0.01689	0.02512	0.01343	0.01057	0.01128	0.00331	0.07771	0.00820	0.00455	0.01053
43	0.01586	0.00793	0.00793	0.00793	0.00991	0.00793	0.00595	0.01983	0.01785	0.03173	0.02776	0.03173	0.02181	0.00991	0.00595	0.00198	0.00397	0.00793	0.74817	0.00793
44	0.01037	0.00741	0.00987	0.01185	0.01234	0.00691	0.00790	0.01185	0.01629	0.02172	0.04690	0.69537	0.05629	0.02666	0.01086	0.00346	0.00494	0.02419	0.00790	0.00691
45	0.01633	0.01539	0.02599	0.64808	0.08899	0.01897	0.02376	0.02197	0.01714	0.02206	0.01517	0.02260	0.01145	0.00846	0.00850	0.00282	0.01128	0.00756	0.00380	0.00966
46	0.01765	0.01513	0.01765	0.01260	0.02017	0.01134	0.01008	0.02143	0.01765	0.02773	0.01513	0.01765	0.01260	0.00630	0.00630	0.00126	0.00630	0.00504	0.00504	0.75295
47	0.02106	0.02022	0.03454	0.05223	0.64784	0.02022	0.02612	0.02612	0.01938	0.02780	0.01601	0.02106	0.01348	0.00758	0.00842	0.00253	0.01011	0.00758	0.00421	0.01348
48	0.02009	0.02296	0.05022	0.03587	0.04448	0.02152	0.61693	0.02726	0.02009	0.02726	0.01722	0.02296	0.01291	0.00717	0.01004	0.00287	0.01435	0.01004	0.00430	0.01148
49	0.01707	0.04402	0.65683	0.02426	0.03683	0.01976	0.03144	0.02695	0.01797	0.02695	0.01527	0.01797	0.01078	0.00809	0.00809	0.00270	0.01258	0.00629	0.00359	0.01258
50	0.01222	0.00937	0.01185	0.01204	0.01433	0.00804	0.00845	0.01428	0.01664	0.02325	0.03884	0.52330	0.04520	0.02149	0.00970	0.00290	0.00528	0.01933	0.00717	0.19633
51	0.02965	0.02291	0.02654	0.02053	0.02718	0.02520	0.06382	0.48360	0.12971	0.04874	0.02236	0.02238	0.01612	0.01018	0.00866	0.00263	0.00936	0.00815	0.00820	0.01408
52	0.03137	0.02377	0.02751	0.02088	0.02784	0.02600	0.06423	0.57209	0.03842	0.05152	0.02017	0.02063	0.01435	0.00997	0.00864	0.00258	0.00976	0.00785	0.00818	0.01423
53	0.46847	0.01789	0.01667	0.01385	0.01962	0.01988	0.01139	0.15901	0.04865	0.12631	0.01774	0.01815	0.01274	0.00893	0.00658	0.00263	0.00729	0.00605	0.00686	0.01129

[dist]
# distance from previous block
# <min> <max>
0	10

[block]
# block no. 3 follows, 21 sequences, length 12
# corresponding to MSA columns:
# 165-176
name=unknown_D
#
# <colnr> <probs for GDERKNQSTAVLIFYWHMCP>
#	G	D	E	R	K	N	Q	S	T	A	V	L	I	F	Y	W	H	M	C	P
0	0.59068	0.01811	0.01725	0.01427	0.02002	0.02045	0.05246	0.12226	0.01904	0.03995	0.01362	0.01554	0.01033	0.00823	0.00613	0.00264	0.00758	0.00548	0.00573	0.01023
1	0.66458	0.01619	0.01347	0.01172	0.01716	0.01821	0.00966	0.02721	0.01580	0.12031	0.01475	0.01584	0.01080	0.00825	0.00571	0.00263	0.00667	0.00514	0.00597	0.00992
2	0.01607	0.01513	0.02552	0.68047	0.05861	0.01891	0.02363	0.02174	0.01702	0.02174	0.01513	0.02269	0.01134	0.00851	0.00851	0.00284	0.01134	0.00756	0.00378	0.00945
3	0.01037	0.00741	0.00987	0.01185	0.01234	0.00691	0.00790	0.01185	0.01629	0.02172	0.04690	0.69537	0.05629	0.02666	0.01086	0.00346	0.00494	0.02419	0.00790	0.00691
4	0.01081	0.00772	0.01039	0.01236	0.01305	0.00730	0.00868	0.01262	0.01673	0.02222	0.04666	0.61539	0.05531	0.02624	0.01098	0.00352	0.00532	0.09976	0.00789	0.00704
5	0.01707	0.04402	0.65683	0.02426	0.03683	0.01976	0.03144	0.02695	0.01797	0.02695	0.01527	0.01797	0.01078	0.00809	0.00809	0.00270	0.01258	0.00629	0.00359	0.01258
6	0.02230	0.01884	0.01988	0.01755	0.02256	0.02170	0.01374	0.10342	0.57242	0.03743	0.03320	0.03060	0.02481	0.01141	0.00864	0.00285	0.00700	0.00942	0.00864	0.01357
7	0.01006	0.00862	0.00862	0.00862	0.01149	0.00718	0.00647	0.01221	0.01940	0.02299	0.08621	0.08190	0.64438	0.02155	0.01006	0.00287	0.00431	0.01796	0.00790	0.00718
8	0.01765	0.01513	0.01765	0.01260	0.02017	0.01134	0.01008	0.02143	0.01765	0.02773	0.01513	0.01765	0.01260	0.00630	0.00630	0.00126	0.00630	0.00504	0.00504	0.75295
9	0.01371	0.00980	0.01371	0.01567	0.01763	0.00980	0.01371	0.01763	0.01959	0.02547	0.04506	0.09599	0.04898	0.02351	0.01175	0.00392	0.00784	0.59056	0.00784	0.00784
10	0.01303	0.00957	0.01276	0.01435	0.01648	0.00931	0.01235	0.01661	0.01955	0.02500	0.05278	0.09335	0.16073	0.02314	0.01144	0.00372	0.00717	0.48309	0.00785	0.00771
11	0.03555	0.01632	0.02060	0.01605	0.02249	0.01555	0.01318	0.13190	0.08843	0.49760	0.03163	0.02792	0.02054	0.01059	0.00856	0.00265	0.00752	0.00853	0.01003	0.01438

[dist]
# distance from previous block
# <min> <max>
0	4

[block]
# block no. 4 follows, 21 sequences, length 23
# corresponding to MSA columns:
# 181-203
name=unknown_E
#
# <colnr> <probs for GDERKNQSTAVLIFYWHMCP>
#	G	D	E	R	K	N	Q	S	T	A	V	L	I	F	Y	W	H	M	C	P
0	0.03108	0.02308	0.02486	0.01898	0.02585	0.02509	0.01565	0.56767	0.03808	0.05139	0.01997	0.02019	0.01431	0.00988	0.00832	0.00244	0.00910	0.00743	0.00821	0.07842
1	0.01607	0.01513	0.02552	0.68047	0.05861	0.01891	0.02363	0.02174	0.01702	0.02174	0.01513	0.02269	0.01134	0.00851	0.00851	0.00284	0.01134	0.00756	0.00378	0.00945
2	0.76103	0.01646	0.01251	0.01119	0.01646	0.01909	0.00922	0.02502	0.01448	0.03818	0.01185	0.01382	0.00922	0.00790	0.00527	0.00263	0.00658	0.00461	0.00527	0.00922
3	0.03235	0.02384	0.02554	0.01958	0.02639	0.02639	0.01618	0.61946	0.04001	0.05363	0.02043	0.02043	0.01447	0.01022	0.00851	0.00255	0.00936	0.00766	0.00851	0.01447
4	0.03235	0.02384	0.02554	0.01958	0.02639	0.02639	0.01618	0.61946	0.04001	0.05363	0.02043	0.02043	0.01447	0.01022	0.00851	0.00255	0.00936	0.00766	0.00851	0.01447
5	0.03235	0.02384	0.02554	0.01958	0.02639	0.02639	0.01618	0.61946	0.04001	0.05363	0.02043	0.02043	0.01447	0.01022	0.00851	0.00255	0.00936	0.00766	0.00851	0.01447
6	0.01572	0.01465	0.02455	0.63885	0.05573	0.01816	0.02265	0.02113	0.01697	0.02174	0.01710	0.06456	0.01414	0.00964	0.00865	0.00287	0.01095	0.00860	0.00404	0.00930
7	0.02009	0.02296	0.05022	0.03587	0.04448	0.02152	0.61693	0.02726	0.02009	0.02726	0.01722	0.02296	0.01291	0.00717	0.01004	0.00287	0.01435	0.01004	0.00430	0.01148
8	0.03235	0.02384	0.02554	0.01958	0.02639	0.02639	0.01618	0.61946	0.04001	0.05363	0.02043	0.02043	0.01447	0.01022	0.00851	0.00255	0.00936	0.00766	0.00851	0.01447
9	0.03235	0.02384	0.02554	0.01958	0.02639	0.02639	0.01618	0.61946	0.04001	0.05363	0.02043	0.02043	0.01447	0.01022	0.00851	0.00255	0.00936	0.00766	0.00851	0.01447
10	0.02117	0.01828	0.01924	0.01732	0.02213	0.02117	0.01347	0.04522	0.63246	0.03560	0.03464	0.03175	0.02598	0.01155	0.00866	0.00289	0.00673	0.00962	0.00866	0.01347
11	0.03818	0.01448	0.01975	0.01514	0.02172	0.01251	0.01251	0.04147	0.02436	0.65373	0.03357	0.02897	0.02107	0.01053	0.00856	0.00263	0.00724	0.00856	0.01053	0.01448
12	0.02117	0.01828	0.01924	0.01732	0.02213	0.02117	0.01347	0.04522	0.63246	0.03560	0.03464	0.03175	0.02598	0.01155	0.00866	0.00289	0.00673	0.00962	0.00866	0.01347
13	0.03235	0.02384	0.02554	0.01958	0.02639	0.02639	0.01618	0.61946	0.04001	0.05363	0.02043	0.02043	0.01447	0.01022	0.00851	0.00255	0.00936	0.00766	0.00851	0.01447
14	0.03235	0.02384	0.02554	0.01958	0.02639	0.02639	0.01618	0.61946	0.04001	0.05363	0.02043	0.02043	0.01447	0.01022	0.00851	0.00255	0.00936	0.00766	0.00851	0.01447
15	0.03231	0.02490	0.02545	0.01973	0.02639	0.06703	0.01619	0.58231	0.03900	0.05155	0.01997	0.02011	0.01425	0.01012	0.00846	0.00253	0.00974	0.00752	0.00825	0.01418
16	0.03235	0.02384	0.02554	0.01958	0.02639	0.02639	0.01618	0.61946	0.04001	0.05363	0.02043	0.02043	0.01447	0.01022	0.00851	0.00255	0.00936	0.00766	0.00851	0.01447
17	0.03235	0.02384	0.02554	0.01958	0.02639	0.02639	0.01618	0.61946	0.04001	0.05363	0.02043	0.02043	0.01447	0.01022	0.00851	0.00255	0.00936	0.00766	0.00851	0.01447
18	0.03649	0.01411	0.01921	0.01485	0.02114	0.01222	0.01222	0.03982	0.02434	0.61351	0.07315	0.03121	0.02491	0.01098	0.00865	0.00264	0.00703	0.00900	0.01046	0.01406
19	0.01887	0.01733	0.01821	0.01341	0.02070	0.06810	0.01063	0.02252	0.01821	0.02713	0.01496	0.01745	0.01246	0.00652	0.00642	0.00134	0.00709	0.00508	0.00499	0.68860
20	0.02385	0.01619	0.01916	0.01408	0.02134	0.01365	0.01141	0.10778	0.02209	0.15860	0.01961	0.02033	0.01458	0.00770	0.00707	0.00172	0.00691	0.00612	0.00664	0.50117
21	0.03385	0.01665	0.02051	0.01625	0.02250	0.01634	0.01325	0.12840	0.15059	0.43833	0.03183	0.02826	0.02108	0.01069	0.00857	0.00267	0.00745	0.00864	0.00985	0.01427
22	0.10798	0.01684	0.02126	0.01673	0.02275	0.04799	0.06248	0.06347	0.05405	0.39133	0.08232	0.02900	0.02382	0.01053	0.00843	0.00264	0.00797	0.00873	0.00886	0.01283

[dist]
# distance from previous block
# <min> <max>
2	13

[block]
# block no. 5 follows, 21 sequences, length 15
# corresponding to MSA columns:
# 217-231
name=unknown_F
#
# <colnr> <probs for GDERKNQSTAVLIFYWHMCP>
#	G	D	E	R	K	N	Q	S	T	A	V	L	I	F	Y	W	H	M	C	P
0	0.02248	0.01572	0.02119	0.01537	0.02281	0.01257	0.06795	0.02648	0.01938	0.16810	0.01946	0.02069	0.01453	0.00733	0.00716	0.00172	0.00727	0.00630	0.00620	0.51727
1	0.01116	0.00818	0.01063	0.01218	0.01342	0.00765	0.00900	0.01341	0.01787	0.02338	0.08281	0.44176	0.13967	0.02475	0.01090	0.00344	0.00545	0.14917	0.00796	0.00721
2	0.01246	0.00905	0.01213	0.01359	0.01533	0.00872	0.01111	0.01570	0.01942	0.02549	0.12178	0.21662	0.11165	0.02324	0.01120	0.00357	0.00643	0.34685	0.00804	0.00760
3	0.01607	0.01513	0.02552	0.68047	0.05861	0.01891	0.02363	0.02174	0.01702	0.02174	0.01513	0.02269	0.01134	0.00851	0.00851	0.00284	0.01134	0.00756	0.00378	0.00945
4	0.03508	0.01518	0.01966	0.01554	0.02180	0.01409	0.01268	0.04216	0.13530	0.54095	0.03377	0.02947	0.02196	0.01072	0.00858	0.00268	0.00715	0.00875	0.01019	0.01430
5	0.02009	0.02296	0.05022	0.03587	0.04448	0.02152	0.61693	0.02726	0.02009	0.02726	0.01722	0.02296	0.01291	0.00717	0.01004	0.00287	0.01435	0.01004	0.00430	0.01148
6	0.03818	0.01448	0.01975	0.01514	0.02172	0.01251	0.01251	0.04147	0.02436	0.65373	0.03357	0.02897	0.02107	0.01053	0.00856	0.00263	0.00724	0.00856	0.01053	0.01448
7	0.03231	0.02514	0.02543	0.01976	0.02638	0.07621	0.01620	0.57391	0.03878	0.05108	0.01987	0.02004	0.01420	0.01010	0.00845	0.00253	0.00983	0.00749	0.00819	0.01411
8	0.01586	0.00793	0.00793	0.00793	0.00991	0.00793	0.00595	0.01983	0.01785	0.03173	0.02776	0.03173	0.02181	0.00991	0.00595	0.00198	0.00397	0.00793	0.74817	0.00793
9	0.01586	0.00793	0.00793	0.00793	0.00991	0.00793	0.00595	0.01983	0.01785	0.03173	0.02776	0.03173	0.02181	0.00991	0.00595	0.00198	0.00397	0.00793	0.74817	0.00793
10	0.01034	0.00751	0.00977	0.01157	0.01227	0.00694	0.00778	0.01188	0.01656	0.02183	0.05028	0.64265	0.10683	0.02622	0.01079	0.00341	0.00488	0.02366	0.00790	0.00694
11	0.01799	0.01543	0.01780	0.01306	0.02036	0.01229	0.01041	0.02372	0.07687	0.02849	0.01701	0.01901	0.01389	0.00681	0.00653	0.00142	0.00634	0.00548	0.00539	0.68172
12	0.01765	0.01513	0.01765	0.01260	0.02017	0.01134	0.01008	0.02143	0.01765	0.02773	0.01513	0.01765	0.01260	0.00630	0.00630	0.00126	0.00630	0.00504	0.00504	0.75295
13	0.02275	0.70604	0.04459	0.01456	0.02184	0.03367	0.01456	0.02548	0.01729	0.02002	0.01183	0.01365	0.01092	0.00728	0.00546	0.00182	0.00910	0.00455	0.00364	0.01092
14	0.03818	0.01448	0.01975	0.01514	0.02172	0.01251	0.01251	0.04147	0.02436	0.65373	0.03357	0.02897	0.02107	0.01053	0.00856	0.00263	0.00724	0.00856	0.01053	0.01448

[dist]
# distance from previous block
# <min> <max>
0	3

[block]
# block no. 6 follows, 21 sequences, length 30
# corresponding to MSA columns:
# 235-264
name=unknown_G
#
# <colnr> <probs for GDERKNQSTAVLIFYWHMCP>
#	G	D	E	R	K	N	Q	S	T	A	V	L	I	F	Y	W	H	M	C	P
0	0.03232	0.02483	0.02546	0.01972	0.02639	0.06433	0.01619	0.58477	0.03907	0.05169	0.02000	0.02013	0.01426	0.01013	0.00846	0.00253	0.00972	0.00753	0.00827	0.01420
1	0.01204	0.00870	0.01138	0.01071	0.01271	0.00803	0.00803	0.01606	0.02409	0.03413	0.64335	0.06357	0.08030	0.01740	0.01004	0.00268	0.00401	0.01539	0.00937	0.00803
2	0.01232	0.00847	0.01040	0.01040	0.01079	0.00886	0.00656	0.01310	0.01271	0.01733	0.02579	0.05001	0.02847	0.53828	0.20259	0.00964	0.01196	0.01154	0.00500	0.00578
3	0.01204	0.00870	0.01138	0.01071	0.01271	0.00803	0.00803	0.01606	0.02409	0.03413	0.64335	0.06357	0.08030	0.01740	0.01004	0.00268	0.00401	0.01539	0.00937	0.00803
4	0.03179	0.04056	0.02412	0.02192	0.02631	0.66676	0.01644	0.03398	0.02412	0.02083	0.01315	0.01535	0.01096	0.00877	0.00767	0.00219	0.01535	0.00548	0.00438	0.00987
5	0.01371	0.00980	0.01371	0.01567	0.01763	0.00980	0.01371	0.01763	0.01959	0.02547	0.04506	0.09599	0.04898	0.02351	0.01175	0.00392	0.00784	0.59056	0.00784	0.00784
6	0.01765	0.01513	0.01765	0.01260	0.02017	0.01134	0.01008	0.02143	0.01765	0.02773	0.01513	0.01765	0.01260	0.00630	0.00630	0.00126	0.00630	0.00504	0.00504	0.75295
7	0.02117	0.01828	0.01924	0.01732	0.02213	0.02117	0.01347	0.04522	0.63246	0.03560	0.03464	0.03175	0.02598	0.01155	0.00866	0.00289	0.00673	0.00962	0.00866	0.01347
8	0.03179	0.04056	0.02412	0.02192	0.02631	0.66676	0.01644	0.03398	0.02412	0.02083	0.01315	0.01535	0.01096	0.00877	0.00767	0.00219	0.01535	0.00548	0.00438	0.00987
9	0.01236	0.00831	0.00960	0.00960	0.00971	0.00842	0.00556	0.01258	0.01247	0.01674	0.02652	0.05407	0.03024	0.65455	0.08873	0.00865	0.00931	0.01214	0.00511	0.00533
10	0.03235	0.02384	0.02554	0.01958	0.02639	0.02639	0.01618	0.61946	0.04001	0.05363	0.02043	0.02043	0.01447	0.01022	0.00851	0.00255	0.00936	0.00766	0.00851	0.01447
11	0.01217	0.00878	0.01155	0.01107	0.01307	0.00816	0.00844	0.01617	0.02376	0.03350	0.59980	0.06593	0.07802	0.01784	0.01016	0.00277	0.00429	0.05726	0.00926	0.00802
12	0.01037	0.00741	0.00987	0.01185	0.01234	0.00691	0.00790	0.01185	0.01629	0.02172	0.04690	0.69537	0.05629	0.02666	0.01086	0.00346	0.00494	0.02419	0.00790	0.00691
13	0.03179	0.04056	0.02412	0.02192	0.02631	0.66676	0.01644	0.03398	0.02412	0.02083	0.01315	0.01535	0.01096	0.00877	0.00767	0.00219	0.01535	0.00548	0.00438	0.00987
14	0.01586	0.00793	0.00793	0.00793	0.00991	0.00793	0.00595	0.01983	0.01785	0.03173	0.02776	0.03173	0.02181	0.00991	0.00595	0.00198	0.00397	0.00793	0.74817	0.00793
15	0.02009	0.02296	0.05022	0.03587	0.04448	0.02152	0.61693	0.02726	0.02009	0.02726	0.01722	0.02296	0.01291	0.00717	0.01004	0.00287	0.01435	0.01004	0.00430	0.01148
16	0.02009	0.02296	0.05022	0.03587	0.04448	0.02152	0.61693	0.02726	0.02009	0.02726	0.01722	0.02296	0.01291	0.00717	0.01004	0.00287	0.01435	0.01004	0.00430	0.01148
17	0.03818	0.01448	0.01975	0.01514	0.02172	0.01251	0.01251	0.04147	0.02436	0.65373	0.03357	0.02897	0.02107	0.01053	0.00856	0.00263	0.00724	0.00856	0.01053	0.01448
18	0.02117	0.01828	0.01924	0.01732	0.02213	0.02117	0.01347	0.04522	0.63246	0.03560	0.03464	0.03175	0.02598	0.01155	0.00866	0.00289	0.00673	0.00962	0.00866	0.01347
19	0.02009	0.02296	0.05022	0.03587	0.04448	0.02152	0.61693	0.02726	0.02009	0.02726	0.01722	0.02296	0.01291	0.00717	0.01004	0.00287	0.01435	0.01004	0.00430	0.01148
20	0.01006	0.00862	0.00862	0.00862	0.01149	0.00718	0.00647	0.01221	0.01940	0.02299	0.08621	0.08190	0.64438	0.02155	0.01006	0.00287	0.00431	0.01796	0.00790	0.00718
21	0.01337	0.00955	0.01332	0.01528	0.01709	0.00950	0.01312	0.01704	0.01926	0.02509	0.04525	0.15698	0.04972	0.02383	0.01166	0.00387	0.00754	0.53293	0.00784	0.00774
22	0.01997	0.01650	0.01890	0.01371	0.02115	0.01372	0.01105	0.11604	0.02118	0.03183	0.01597	0.01809	0.01290	0.00692	0.00665	0.00147	0.00679	0.00546	0.00559	0.63612
23	0.01862	0.01862	0.02607	0.02234	0.02234	0.02607	0.01862	0.02048	0.01303	0.02048	0.01117	0.01862	0.01117	0.01489	0.02793	0.00372	0.68535	0.00745	0.00372	0.00931
24	0.02009	0.02296	0.05022	0.03587	0.04448	0.02152	0.61693	0.02726	0.02009	0.02726	0.01722	0.02296	0.01291	0.00717	0.01004	0.00287	0.01435	0.01004	0.00430	0.01148
25	0.67910	0.01729	0.01397	0.01213	0.01757	0.01991	0.01000	0.09186	0.01735	0.03992	0.01281	0.01457	0.00981	0.00816	0.00563	0.00262	0.00690	0.00495	0.00563	0.00981
26	0.02009	0.02296	0.05022	0.03587	0.04448	0.02152	0.61693	0.02726	0.02009	0.02726	0.01722	0.02296	0.01291	0.00717	0.01004	0.00287	0.01435	0.01004	0.00430	0.01148
27	0.01235	0.00834	0.00974	0.00974	0.00990	0.00850	0.00573	0.01267	0.01251	0.01684	0.02639	0.05337	0.02993	0.63446	0.10840	0.00882	0.00977	0.01204	0.00509	0.00541
28	0.01086	0.00790	0.01035	0.01213	0.01309	0.00739	0.00867	0.01279	0.01712	0.02244	0.05052	0.54052	0.11362	0.02566	0.01092	0.00347	0.00533	0.11225	0.00789	0.00708
29	0.01862	0.01862	0.02607	0.02234	0.02234	0.02607	0.01862	0.02048	0.01303	0.02048	0.01117	0.01862	0.01117	0.01489	0.02793	0.00372	0.68535	0.00745	0.00372	0.00931

[dist]
# distance from previous block
# <min> <max>
0	1

[block]
# block no. 7 follows, 21 sequences, length 8
# corresponding to MSA columns:
# 266-273
name=unknown_H
#
# <colnr> <probs for GDERKNQSTAVLIFYWHMCP>
#	G	D	E	R	K	N	Q	S	T	A	V	L	I	F	Y	W	H	M	C	P
0	0.02009	0.02296	0.05022	0.03587	0.04448	0.02152	0.61693	0.02726	0.02009	0.02726	0.01722	0.02296	0.01291	0.00717	0.01004	0.00287	0.01435	0.01004	0.00430	0.01148
1	0.01218	0.00904	0.01327	0.01327	0.01465	0.01042	0.01013	0.01494	0.01356	0.01945	0.02317	0.03549	0.02217	0.12279	0.60945	0.01317	0.02145	0.00942	0.00461	0.00737
2	0.01010	0.00844	0.00881	0.00910	0.01162	0.00714	0.00668	0.01216	0.01893	0.02280	0.08034	0.17347	0.55660	0.02232	0.01018	0.00296	0.00440	0.01889	0.00790	0.00714
3	0.76103	0.01646	0.01251	0.01119	0.01646	0.01909	0.00922	0.02502	0.01448	0.03818	0.01185	0.01382	0.00922	0.00790	0.00527	0.00263	0.00658	0.00461	0.00527	0.00922
4	0.01218	0.00901	0.01314	0.01314	0.01447	0.01035	0.00997	0.01485	0.01352	0.01936	0.02329	0.03615	0.02246	0.14173	0.59090	0.01301	0.02102	0.00952	0.00463	0.00730
5	0.03818	0.01448	0.01975	0.01514	0.02172	0.01251	0.01251	0.04147	0.02436	0.65373	0.03357	0.02897	0.02107	0.01053	0.00856	0.00263	0.00724	0.00856	0.01053	0.01448
6	0.01799	0.01709	0.02293	0.01991	0.02088	0.02270	0.01633	0.02324	0.10024	0.02461	0.10878	0.02714	0.02353	0.01481	0.02260	0.00345	0.48991	0.00893	0.00525	0.00969
7	0.01793	0.01613	0.02007	0.01540	0.02079	0.01558	0.01254	0.02116	0.01632	0.02565	0.01399	0.01793	0.01219	0.00877	0.01252	0.00197	0.20146	0.00573	0.00466	0.53923

[dist]
# distance from previous block
# <min> <max>
7	15

[block]
# block no. 8 follows, 21 sequences, length 16
# corresponding to MSA columns:
# 292-307
name=unknown_I
#
# <colnr> <probs for GDERKNQSTAVLIFYWHMCP>
#	G	D	E	R	K	N	Q	S	T	A	V	L	I	F	Y	W	H	M	C	P
0	0.02538	0.02053	0.02027	0.01733	0.02255	0.08405	0.01368	0.16779	0.33175	0.09628	0.03362	0.03158	0.07351	0.01172	0.00864	0.00272	0.00801	0.00938	0.00832	0.01290
1	0.01999	0.02268	0.04865	0.03499	0.04305	0.02181	0.57826	0.02682	0.01963	0.02682	0.01683	0.02268	0.01280	0.00767	0.01120	0.00292	0.05771	0.00988	0.00427	0.01134
2	0.70710	0.01631	0.01305	0.01149	0.01685	0.01860	0.00946	0.02624	0.01522	0.08411	0.01347	0.01495	0.01010	0.00810	0.00551	0.00263	0.00663	0.00490	0.00566	0.00961
3	0.63250	0.01611	0.01380	0.01189	0.01739	0.01792	0.00980	0.02794	0.01624	0.14763	0.01571	0.01652	0.01132	0.00837	0.00585	0.00263	0.00670	0.00531	0.00620	0.01015
4	0.01216	0.00912	0.01368	0.01368	0.01520	0.01064	0.01064	0.01520	0.01368	0.01976	0.02279	0.03343	0.02127	0.06382	0.66720	0.01368	0.02279	0.00912	0.00456	0.00760
5	0.01607	0.01513	0.02552	0.68047	0.05861	0.01891	0.02363	0.02174	0.01702	0.02174	0.01513	0.02269	0.01134	0.00851	0.00851	0.00284	0.01134	0.00756	0.00378	0.00945
6	0.01923	0.01636	0.02276	0.01649	0.02379	0.01354	0.09627	0.02337	0.01817	0.06380	0.01631	0.01910	0.01307	0.00707	0.00798	0.00168	0.03933	0.00607	0.00520	0.57040
7	0.01065	0.00761	0.01020	0.01217	0.01279	0.00715	0.00839	0.01234	0.01657	0.02204	0.04675	0.64495	0.05567	0.02640	0.01094	0.00349	0.00518	0.07184	0.00789	0.00699
8	0.02009	0.02296	0.05022	0.03587	0.04448	0.02152	0.61693	0.02726	0.02009	0.02726	0.01722	0.02296	0.01291	0.00717	0.01004	0.00287	0.01435	0.01004	0.00430	0.01148
