[name]
unknown

[dist]
# distance from previous block
# <min> <max>
0	35

[block]
# block no. 0 follows, 24 sequences, length 10
# corresponding to MSA columns:
# 35-44
name=unknown_A
#
# <colnr> <probs for GDERKNQSTAVLIFYWHMCP>
#	G	D	E	R	K	N	Q	S	T	A	V	L	I	F	Y	W	H	M	C	P
0	0.10154	0.01217	0.01329	0.01181	0.01516	0.01259	0.00941	0.16080	0.02337	0.03405	0.25229	0.04717	0.13125	0.01410	0.00833	0.00253	0.00549	0.06169	0.07412	0.00885
1	0.02734	0.09215	0.02357	0.02002	0.04636	0.54510	0.01492	0.05134	0.02204	0.02079	0.01667	0.01834	0.05087	0.00880	0.00717	0.00208	0.01281	0.00589	0.00436	0.00939
2	0.09248	0.03262	0.02140	0.01892	0.02344	0.51902	0.01447	0.09094	0.02317	0.07227	0.01422	0.01558	0.01109	0.00836	0.00710	0.00214	0.01252	0.00545	0.00495	0.00988
3	0.01911	0.01831	0.03125	0.12186	0.60273	0.01870	0.02408	0.02388	0.01781	0.02527	0.01482	0.01980	0.01234	0.00716	0.00786	0.00239	0.00955	0.00706	0.00388	0.01214
4	0.01104	0.00810	0.01035	0.00978	0.01173	0.00740	0.00734	0.01461	0.02202	0.03078	0.60975	0.06092	0.13338	0.01659	0.00935	0.00251	0.00377	0.01458	0.00859	0.00740
5	0.36240	0.01476	0.01525	0.01246	0.01780	0.01533	0.01024	0.08794	0.01963	0.29394	0.02083	0.02015	0.01420	0.00866	0.00646	0.00241	0.00648	0.00623	0.05389	0.01095
6	0.02323	0.55989	0.03695	0.01523	0.02136	0.19029	0.01399	0.02566	0.01765	0.01884	0.01132	0.01310	0.01019	0.00712	0.00559	0.00178	0.00989	0.00445	0.00356	0.00994
7	0.10294	0.52867	0.07424	0.05714	0.02299	0.06181	0.01458	0.02397	0.01617	0.02101	0.01147	0.01358	0.01002	0.00703	0.00550	0.00190	0.00885	0.00456	0.00360	0.00996
8	0.37014	0.09300	0.01478	0.01067	0.01490	0.01665	0.00884	0.05389	0.06343	0.03240	0.01747	0.01943	0.01370	0.00822	0.00550	0.00220	0.00580	0.00571	0.23433	0.00894
9	0.13332	0.01928	0.01831	0.01598	0.02075	0.08559	0.01270	0.14970	0.33208	0.05548	0.02519	0.02664	0.01949	0.01031	0.00764	0.00257	0.00757	0.03859	0.00721	0.01158

[dist]
# distance from previous block
# <min> <max>
0	6

[block]
# block no. 1 follows, 24 sequences, length 106
# corresponding to MSA columns:
# 51-156
name=unknown_B
#
# <colnr> <probs for GDERKNQSTAVLIFYWHMCP>
#	G	D	E	R	K	N	Q	S	T	A	V	L	I	F	Y	W	H	M	C	P
0	0.01282	0.00907	0.01289	0.05093	0.01638	0.00885	0.03473	0.04193	0.01723	0.05783	0.07024	0.52314	0.04584	0.02113	0.00975	0.00307	0.00565	0.04375	0.00724	0.00752
1	0.02516	0.02174	0.18486	0.04725	0.02830	0.01554	0.11878	0.05055	0.05280	0.30496	0.05160	0.02464	0.01815	0.00899	0.00815	0.00252	0.00910	0.00795	0.00684	0.01210
2	0.01905	0.35248	0.35431	0.01838	0.02744	0.06041	0.02139	0.02484	0.01676	0.02187	0.01267	0.01478	0.01011	0.00723	0.00640	0.00212	0.01038	0.00508	0.00341	0.01088
3	0.57458	0.01426	0.01250	0.01087	0.01570	0.01564	0.00889	0.02471	0.01571	0.13880	0.05321	0.02107	0.04943	0.00892	0.00588	0.00247	0.00599	0.00610	0.00604	0.00922
4	0.01895	0.01973	0.05621	0.09684	0.47279	0.01898	0.15039	0.02425	0.01797	0.02533	0.01506	0.02001	0.01221	0.00707	0.00815	0.00245	0.01039	0.00749	0.00389	0.01185
5	0.03261	0.03995	0.01892	0.01412	0.01996	0.01299	0.01165	0.03753	0.08280	0.56719	0.05484	0.02794	0.02182	0.01004	0.00793	0.00245	0.00665	0.00817	0.00937	0.01305
6	0.01094	0.00826	0.01218	0.01317	0.01439	0.00786	0.04421	0.01317	0.01614	0.02139	0.04174	0.52272	0.04851	0.02310	0.01028	0.00330	0.00576	0.16883	0.00716	0.00689
7	0.01108	0.00810	0.01040	0.00982	0.01176	0.00742	0.00737	0.01468	0.02210	0.03098	0.62120	0.06059	0.12180	0.01652	0.00935	0.00251	0.00376	0.01453	0.00862	0.00742
8	0.01966	0.52741	0.22678	0.01619	0.02440	0.02762	0.01813	0.02414	0.01630	0.02053	0.01195	0.01389	0.01014	0.00700	0.00580	0.00193	0.00942	0.00471	0.00338	0.01062
9	0.02884	0.02093	0.02260	0.01769	0.02374	0.02312	0.01449	0.51889	0.13188	0.08225	0.02176	0.02110	0.01548	0.00973	0.00796	0.00243	0.00824	0.00747	0.00806	0.01334
10	0.00972	0.00695	0.00925	0.01100	0.01151	0.00648	0.00737	0.01119	0.01545	0.02067	0.06676	0.69187	0.05327	0.02452	0.01009	0.00319	0.00457	0.02224	0.00741	0.00648
11	0.01464	0.01251	0.01201	0.01158	0.01466	0.07553	0.00906	0.01952	0.09764	0.06031	0.08095	0.06297	0.37911	0.01731	0.00914	0.00274	0.00590	0.09896	0.00731	0.00816
12	0.01939	0.01860	0.03177	0.08128	0.64106	0.01878	0.02422	0.02413	0.01795	0.02563	0.01488	0.01970	0.01246	0.00711	0.00785	0.00237	0.00948	0.00706	0.00391	0.01237
13	0.01122	0.00811	0.01060	0.00998	0.01185	0.00748	0.00748	0.01496	0.02245	0.03180	0.66766	0.05923	0.07482	0.01621	0.00935	0.00249	0.00374	0.01434	0.00873	0.00748
14	0.01122	0.00811	0.01060	0.00998	0.01185	0.00748	0.00748	0.01496	0.02245	0.03180	0.66766	0.05923	0.07482	0.01621	0.00935	0.00249	0.00374	0.01434	0.00873	0.00748
15	0.03558	0.01350	0.01840	0.01411	0.02024	0.01166	0.01166	0.03865	0.02270	0.67734	0.03128	0.02699	0.01963	0.00981	0.00797	0.00245	0.00675	0.00797	0.00981	0.01350
16	0.01478	0.00739	0.00739	0.00739	0.00924	0.00739	0.00554	0.01848	0.01663	0.02956	0.02587	0.02956	0.02033	0.00924	0.00554	0.00185	0.00370	0.00739	0.76534	0.00739
17	0.01163	0.00894	0.01333	0.01315	0.01450	0.01064	0.01029	0.01441	0.01271	0.01844	0.02069	0.03046	0.01935	0.05717	0.65639	0.01228	0.05584	0.00842	0.00421	0.00716
18	0.01527	0.01429	0.02335	0.57696	0.04802	0.01818	0.02077	0.01971	0.01511	0.01984	0.01355	0.02070	0.01067	0.00954	0.01143	0.03182	0.11165	0.00703	0.00351	0.00859
19	0.01757	0.01799	0.02788	0.02283	0.02411	0.02361	0.11730	0.02009	0.01319	0.02009	0.01131	0.01799	0.01067	0.01273	0.02336	0.00334	0.59603	0.00733	0.00356	0.00900
20	0.00976	0.00694	0.00917	0.01091	0.01135	0.00651	0.00722	0.01107	0.01499	0.01998	0.04270	0.68041	0.05118	0.06231	0.01175	0.00346	0.00477	0.02195	0.00722	0.00635
21	0.03469	0.01492	0.01929	0.01479	0.02095	0.01377	0.01221	0.13794	0.02508	0.57468	0.02928	0.02569	0.01862	0.00977	0.00797	0.00244	0.00707	0.00784	0.00951	0.01349
22	0.03001	0.02020	0.02234	0.01725	0.02323	0.02187	0.01417	0.52838	0.03384	0.13370	0.02043	0.02040	0.01434	0.01053	0.00918	0.04365	0.00836	0.00724	0.00795	0.01295
23	0.01544	0.00828	0.00860	0.00829	0.01037	0.00849	0.00632	0.05307	0.01756	0.03008	0.02523	0.02907	0.01992	0.01206	0.04391	0.00249	0.00496	0.00744	0.68073	0.00771
24	0.01095	0.00809	0.01022	0.00969	0.01168	0.00737	0.00727	0.01443	0.02180	0.03026	0.58047	0.06177	0.16298	0.01679	0.00936	0.00252	0.00378	0.01470	0.00853	0.00737
25	0.77733	0.01534	0.01166	0.01043	0.01534	0.01779	0.00859	0.02331	0.01350	0.03558	0.01104	0.01288	0.00859	0.00736	0.00491	0.00245	0.00613	0.00429	0.00491	0.00859
26	0.70110	0.01604	0.01289	0.01123	0.01628	0.01848	0.00925	0.08677	0.01592	0.03705	0.01186	0.01351	0.00909	0.00758	0.00522	0.00245	0.00640	0.00458	0.00522	0.00909
27	0.01999	0.01244	0.01318	0.01127	0.01456	0.01325	0.00888	0.23277	0.02335	0.03567	0.02285	0.02565	0.01762	0.01036	0.00778	0.04490	0.00560	0.00728	0.46333	0.00926
28	0.02000	0.01698	0.01803	0.01619	0.02066	0.01953	0.01270	0.07498	0.59444	0.03370	0.03196	0.03163	0.02455	0.01118	0.00819	0.00271	0.00646	0.03571	0.00803	0.01237
29	0.02120	0.72609	0.04155	0.01357	0.02035	0.03138	0.01357	0.02374	0.01611	0.01866	0.01102	0.01272	0.01018	0.00678	0.00509	0.00170	0.00848	0.00424	0.00339	0.01018
30	0.06296	0.02314	0.02316	0.01807	0.02418	0.07680	0.01481	0.56958	0.03507	0.04693	0.01815	0.01839	0.01301	0.00932	0.00774	0.00236	0.00905	0.00685	0.00750	0.01293
31	0.05527	0.01047	0.01273	0.04250	0.01609	0.01079	0.00949	0.10045	0.04484	0.05174	0.07152	0.46226	0.04184	0.01946	0.00924	0.00295	0.00560	0.01723	0.00734	0.00819
32	0.02130	0.02141	0.03584	0.06641	0.06661	0.05852	0.33394	0.15028	0.02164	0.02897	0.01554	0.01989	0.01196	0.00836	0.01095	0.00266	0.10198	0.00811	0.00471	0.01090
33	0.00966	0.00690	0.00920	0.01104	0.01150	0.00644	0.00736	0.01104	0.01518	0.02024	0.04371	0.71614	0.05245	0.02484	0.01012	0.00322	0.00460	0.02254	0.00736	0.00644
34	0.01492	0.01373	0.02311	0.66774	0.05241	0.01708	0.02127	0.01977	0.01558	0.01994	0.01408	0.02129	0.01073	0.00891	0.00908	0.04089	0.01039	0.00704	0.00352	0.00854
35	0.06187	0.40254	0.06670	0.10096	0.02626	0.02562	0.06510	0.02277	0.01577	0.02116	0.01251	0.01585	0.01072	0.00785	0.00815	0.00217	0.08391	0.00550	0.03484	0.00976
36	0.01648	0.09455	0.59526	0.02246	0.03359	0.01954	0.06106	0.02502	0.01680	0.02461	0.01407	0.01667	0.01016	0.00743	0.00744	0.00246	0.01155	0.00592	0.00339	0.01154
37	0.00975	0.00697	0.00928	0.01098	0.01152	0.00650	0.00737	0.01126	0.01559	0.02089	0.07856	0.67944	0.05370	0.02436	0.01008	0.00318	0.00455	0.02209	0.00744	0.00650
38	0.01570	0.01551	0.02826	0.57218	0.05205	0.01809	0.14280	0.02126	0.01641	0.02126	0.01447	0.02119	0.01086	0.00769	0.00821	0.00265	0.01112	0.00750	0.00362	0.00918
39	0.01816	0.02043	0.04408	0.06974	0.04104	0.01940	0.58435	0.02457	0.01842	0.02492	0.01699	0.04781	0.01349	0.00744	0.00931	0.00269	0.01288	0.00973	0.00411	0.01043
40	0.01942	0.01669	0.01770	0.01607	0.02044	0.01926	0.01256	0.04101	0.62937	0.03276	0.03270	0.03222	0.02515	0.01125	0.00820	0.00273	0.00632	0.03581	0.00804	0.01232
41	0.01518	0.01450	0.02507	0.66489	0.05388	0.01775	0.05672	0.02055	0.01602	0.02055	0.01420	0.02116	0.01065	0.00786	0.00801	0.00264	0.01073	0.00718	0.00355	0.00891
42	0.05422	0.03763	0.58277	0.02393	0.06930	0.01848	0.05502	0.02499	0.01674	0.02569	0.01419	0.01692	0.01020	0.00746	0.00750	0.00251	0.01139	0.00600	0.00349	0.01157
43	0.01764	0.01685	0.02844	0.31393	0.39391	0.01856	0.02311	0.02246	0.01692	0.02333	0.01440	0.02015	0.01166	0.00769	0.00862	0.00252	0.03814	0.00705	0.00374	0.01087
44	0.03558	0.01350	0.01840	0.01411	0.02024	0.01166	0.01166	0.03865	0.02270	0.67734	0.03128	0.02699	0.01963	0.00981	0.00797	0.00245	0.00675	0.00797	0.00981	0.01350
45	0.01770	0.01964	0.04157	0.06036	0.03856	0.01893	0.53448	0.02366	0.01801	0.02446	0.01814	0.08194	0.01543	0.00862	0.01005	0.00275	0.04095	0.01031	0.00426	0.01016
46	0.01969	0.05715	0.09600	0.03607	0.37135	0.04924	0.08993	0.02774	0.12294	0.02632	0.01751	0.02059	0.01394	0.00771	0.00785	0.00241	0.00974	0.00728	0.00454	0.01200
47	0.00966	0.00690	0.00920	0.01104	0.01150	0.00644	0.00736	0.01104	0.01518	0.02024	0.04371	0.71614	0.05245	0.02484	0.01012	0.00322	0.00460	0.02254	0.00736	0.00644
48	0.03427	0.01464	0.01899	0.01467	0.02075	0.01348	0.01208	0.10760	0.05213	0.57801	0.02994	0.02620	0.01913	0.00982	0.00797	0.00246	0.00695	0.00792	0.00952	0.01345
49	0.06296	0.01231	0.05780	0.01257	0.01560	0.01084	0.01032	0.05031	0.07595	0.06379	0.25744	0.22728	0.04814	0.01653	0.00898	0.00276	0.00548	0.04467	0.00764	0.00862
50	0.02656	0.12606	0.02362	0.01717	0.05726	0.02002	0.01349	0.21017	0.14094	0.20466	0.02664	0.02532	0.05310	0.00986	0.00761	0.00237	0.00750	0.00778	0.00750	0.01238
51	0.05784	0.01188	0.01123	0.01046	0.01349	0.04809	0.00801	0.07546	0.06861	0.02795	0.07042	0.07661	0.27798	0.01444	0.00786	0.00242	0.00525	0.01180	0.19199	0.00820
52	0.01488	0.01064	0.01533	0.34385	0.03121	0.01234	0.01352	0.01934	0.01626	0.02506	0.02017	0.02549	0.01560	0.00860	0.00670	0.00223	0.00702	0.00722	0.39646	0.00808
53	0.02086	0.02196	0.02715	0.09274	0.02891	0.15680	0.13348	0.08137	0.05084	0.02404	0.01534	0.04447	0.01322	0.01061	0.01406	0.00280	0.23942	0.00773	0.00449	0.00973
54	0.01668	0.01643	0.02390	0.02176	0.05673	0.02187	0.03976	0.01873	0.01305	0.01982	0.01453	0.09439	0.01521	0.01444	0.02265	0.00335	0.56529	0.00875	0.00394	0.00872
55	0.00966	0.00690	0.00920	0.01104	0.01150	0.00644	0.00736	0.01104	0.01518	0.02024	0.04371	0.71614	0.05245	0.02484	0.01012	0.00322	0.00460	0.02254	0.00736	0.00644
56	0.01972	0.01703	0.01793	0.01614	0.02062	0.01972	0.01255	0.04214	0.65752	0.03317	0.03228	0.02959	0.02421	0.01076	0.00807	0.00269	0.00628	0.00897	0.00807	0.01255
57	0.06128	0.01574	0.01902	0.01648	0.05285	0.01594	0.01248	0.20206	0.07922	0.30076	0.02688	0.07875	0.02051	0.04901	0.00974	0.00279	0.00725	0.00894	0.00817	0.01213
58	0.01770	0.01649	0.02402	0.30876	0.03551	0.02150	0.01908	0.08599	0.01638	0.02286	0.01288	0.01913	0.01080	0.01090	0.01645	0.00300	0.33831	0.00701	0.00397	0.00924
59	0.00966	0.00690	0.00920	0.01104	0.01150	0.00644	0.00736	0.01104	0.01518	0.02024	0.04371	0.71614	0.05245	0.02484	0.01012	0.00322	0.00460	0.02254	0.00736	0.00644
60	0.01518	0.01450	0.02507	0.66489	0.05388	0.01775	0.05672	0.02055	0.01602	0.02055	0.01420	0.02116	0.01065	0.00786	0.00801	0.00264	0.01073	0.00718	0.00355	0.00891
61	0.02151	0.70108	0.04086	0.01382	0.02050	0.05529	0.01363	0.02403	0.01634	0.01868	0.01107	0.01278	0.01018	0.00683	0.00516	0.00171	0.00869	0.00427	0.00342	0.01014
62	0.01915	0.01835	0.03132	0.11627	0.60801	0.01871	0.02410	0.02392	0.01783	0.02532	0.01483	0.01978	0.01236	0.00715	0.00786	0.00238	0.00954	0.00706	0.00388	0.01217
63	0.02813	0.02012	0.02186	0.01734	0.02321	0.02218	0.01413	0.44108	0.18666	0.10554	0.02342	0.02236	0.01668	0.00985	0.00797	0.00246	0.00794	0.00766	0.00814	0.01326
64	0.00966	0.00690	0.00920	0.01104	0.01150	0.00644	0.00736	0.01104	0.01518	0.02024	0.04371	0.71614	0.05245	0.02484	0.01012	0.00322	0.00460	0.02254	0.00736	0.00644
65	0.01855	0.01471	0.01713	0.01239	0.01933	0.01174	0.00997	0.07056	0.01843	0.06263	0.01541	0.01721	0.01231	0.00637	0.00615	0.00134	0.00615	0.00507	0.00523	0.66933
66	0.01669	0.05466	0.33246	0.06199	0.06854	0.01758	0.14545	0.02361	0.01734	0.02510	0.04321	0.01974	0.01371	0.00747	0.00768	0.00232	0.01053	0.00683	0.00396	0.12113
67	0.04659	0.11474	0.49393	0.01986	0.03006	0.01892	0.02425	0.02569	0.01701	0.07677	0.01510	0.01694	0.01086	0.00753	0.00710	0.00234	0.01043	0.00572	0.00400	0.05215
68	0.01841	0.14663	0.21511	0.02637	0.06896	0.02167	0.26820	0.02556	0.05157	0.02430	0.01521	0.01878	0.01177	0.00754	0.00882	0.00249	0.04648	0.00726	0.00391	0.01099
69	0.01498	0.01409	0.02378	0.70226	0.05462	0.01762	0.02202	0.02026	0.01586	0.02026	0.01409	0.02114	0.01057	0.00793	0.00793	0.00264	0.01057	0.00705	0.00352	0.00881
70	0.01886	0.01694	0.02918	0.10955	0.44888	0.01705	0.07047	0.02333	0.01782	0.06086	0.01899	0.09685	0.01709	0.00923	0.00823	0.00251	0.00917	0.00900	0.00459	0.01140
71	0.01577	0.03838	0.61782	0.02196	0.03266	0.01823	0.02774	0.02436	0.01676	0.02510	0.04264	0.01863	0.01290	0.00823	0.00855	0.00256	0.04645	0.00629	0.00359	0.01138
72	0.01617	0.01073	0.01387	0.01444	0.01710	0.01099	0.01227	0.02279	0.12149	0.08784	0.03859	0.07084	0.03843	0.01832	0.00993	0.00329	0.00690	0.43134	0.04592	0.00874
73	0.01590	0.04102	0.68023	0.02260	0.03432	0.01842	0.02930	0.02511	0.01674	0.02511	0.01423	0.01674	0.01005	0.00753	0.00753	0.00251	0.01172	0.00586	0.00335	0.01172
74	0.01035	0.00760	0.01066	0.07780	0.01562	0.00754	0.00876	0.01190	0.01504	0.01997	0.03959	0.62007	0.04679	0.02332	0.01078	0.03516	0.00527	0.02039	0.00683	0.00654
75	0.01078	0.00868	0.01383	0.01380	0.01519	0.00812	0.08559	0.01281	0.01562	0.02088	0.04030	0.63065	0.04747	0.02261	0.01003	0.00315	0.00568	0.02092	0.00695	0.00696
76	0.01377	0.00689	0.01033	0.01033	0.01033	0.00689	0.00689	0.01033	0.01033	0.01377	0.01377	0.02410	0.01377	0.02755	0.03099	0.76928	0.00689	0.00689	0.00344	0.00344
77	0.01122	0.00811	0.01060	0.00998	0.01185	0.00748	0.00748	0.01496	0.02245	0.03180	0.66766	0.05923	0.07482	0.01621	0.00935	0.00249	0.00374	0.01434	0.00873	0.00748
78	0.06983	0.01383	0.01772	0.01387	0.01949	0.01274	0.01137	0.09311	0.02360	0.51456	0.09869	0.02905	0.02452	0.01036	0.00797	0.00245	0.00658	0.00841	0.00927	0.01259
79	0.01145	0.00765	0.00867	0.00875	0.00877	0.00763	0.00492	0.01151	0.01169	0.01559	0.02581	0.08110	0.02987	0.69069	0.03903	0.00749	0.00755	0.01202	0.00492	0.00488
80	0.02932	0.02180	0.02333	0.01808	0.02428	0.02421	0.01487	0.59768	0.08635	0.04865	0.02009	0.01987	0.01433	0.00962	0.00794	0.00240	0.00853	0.00728	0.00794	0.01341
81	0.02958	0.02115	0.02278	0.01755	0.02366	0.02325	0.01447	0.59144	0.03571	0.07242	0.01984	0.01986	0.01406	0.00952	0.00782	0.00236	0.00840	0.00718	0.04579	0.01318
82	0.02520	0.01744	0.01852	0.01475	0.01965	0.01905	0.01200	0.44356	0.03063	0.04340	0.02124	0.02243	0.01569	0.00943	0.00716	0.00221	0.00711	0.00722	0.25178	0.01152
83	0.00966	0.00690	0.00920	0.01104	0.01150	0.00644	0.00736	0.01104	0.01518	0.02024	0.04371	0.71614	0.05245	0.02484	0.01012	0.00322	0.00460	0.02254	0.00736	0.00644
84	0.01590	0.04102	0.68023	0.02260	0.03432	0.01842	0.02930	0.02511	0.01674	0.02511	0.01423	0.01674	0.01005	0.00753	0.00753	0.00251	0.01172	0.00586	0.00335	0.01172
85	0.00965	0.00696	0.00914	0.01087	0.01146	0.00646	0.00729	0.01106	0.01535	0.02031	0.04577	0.68011	0.08714	0.02458	0.01008	0.00319	0.00457	0.02222	0.00736	0.00646
86	0.01016	0.00711	0.00905	0.01040	0.01074	0.00678	0.00667	0.01117	0.01420	0.01894	0.03868	0.53783	0.04611	0.21181	0.01824	0.00442	0.00543	0.01959	0.00667	0.00600
87	0.01709	0.01696	0.02378	0.02047	0.02053	0.02366	0.01702	0.01887	0.01217	0.01905	0.01088	0.01795	0.01082	0.01587	0.05508	0.00388	0.67680	0.00701	0.00350	0.00860
88	0.02057	0.01073	0.01376	0.01173	0.01537	0.00978	0.00922	0.05780	0.02265	0.25768	0.32630	0.07130	0.11142	0.01430	0.00882	0.00252	0.00513	0.01225	0.00888	0.00981
89	0.02120	0.72609	0.04155	0.01357	0.02035	0.03138	0.01357	0.02374	0.01611	0.01866	0.01102	0.01272	0.01018	0.00678	0.00509	0.00170	0.00848	0.00424	0.00339	0.01018
90	0.01263	0.00908	0.01257	0.01431	0.01618	0.00902	0.01248	0.01621	0.01825	0.02363	0.04367	0.08887	0.07308	0.02183	0.01088	0.00361	0.00716	0.59197	0.00730	0.00728
91	0.01542	0.00801	0.00808	0.00784	0.00988	0.00811	0.00594	0.04467	0.01749	0.03042	0.02558	0.02912	0.02004	0.00925	0.00564	0.00187	0.00391	0.00738	0.73370	0.00765
92	0.01963	0.01884	0.03219	0.04867	0.67185	0.01884	0.02434	0.02434	0.01806	0.02591	0.01492	0.01963	0.01256	0.00707	0.00785	0.00236	0.00942	0.00707	0.00393	0.01256
93	0.01122	0.00811	0.01060	0.00998	0.01185	0.00748	0.00748	0.01496	0.02245	0.03180	0.66766	0.05923	0.07482	0.01621	0.00935	0.00249	0.00374	0.01434	0.00873	0.00748
94	0.01152	0.00796	0.00985	0.01009	0.01051	0.00833	0.00656	0.01251	0.01272	0.01770	0.02742	0.16904	0.03064	0.41964	0.14085	0.00724	0.03101	0.01269	0.04797	0.00575
95	0.02438	0.02601	0.06018	0.04592	0.10348	0.24190	0.01734	0.11913	0.07997	0.05372	0.01605	0.01848	0.01269	0.00952	0.01089	0.00251	0.13547	0.00655	0.00507	0.01075
96	0.01150	0.00862	0.01105	0.01220	0.01420	0.00816	0.01018	0.01454	0.01825	0.02328	0.08701	0.11921	0.23329	0.02122	0.01035	0.00327	0.00598	0.37320	0.00740	0.00708
97	0.51081	0.01645	0.01498	0.01252	0.01775	0.01837	0.01030	0.16517	0.02007	0.09789	0.03961	0.01733	0.01323	0.00841	0.00604	0.00244	0.00669	0.00566	0.00619	0.01011
98	0.11321	0.20401	0.03082	0.02104	0.07642	0.11535	0.11831	0.12801	0.02125	0.07861	0.01522	0.01708	0.01177	0.00773	0.00697	0.00222	0.00980	0.00620	0.00505	0.01093
99	0.01889	0.01878	0.01565	0.01421	0.01733	0.19540	0.01094	0.05522	0.11448	0.02585	0.09462	0.03772	0.17464	0.01276	0.00936	0.00244	0.06330	0.00981	0.09970	0.00889
100	0.01152	0.00770	0.00872	0.00870	0.00877	0.00768	0.00491	0.01166	0.01194	0.01599	0.04902	0.05217	0.03055	0.69494	0.03920	0.00749	0.00754	0.01164	0.00495	0.00491
101	0.02646	0.01981	0.02138	0.01671	0.02261	0.02140	0.01362	0.47712	0.09213	0.04407	0.02076	0.04193	0.01577	0.00970	0.00770	0.00228	0.00787	0.00753	0.03509	0.09604
102	0.01044	0.00766	0.01000	0.01093	0.01214	0.00693	0.00754	0.01236	0.01640	0.02247	0.13763	0.55887	0.05265	0.02200	0.00966	0.00294	0.00457	0.01985	0.00736	0.06758
103	0.03113	0.03842	0.01925	0.01424	0.02018	0.01404	0.01177	0.13546	0.02435	0.46363	0.05562	0.02781	0.04481	0.01010	0.00786	0.00235	0.00686	0.00812	0.00886	0.05513
104	0.05173	0.13817	0.07273	0.02095	0.07561	0.31789	0.01648	0.16493	0.02371	0.02752	0.01388	0.01565	0.01105	0.00810	0.00701	0.00214	0.01133	0.00560	0.00479	0.01072
105	0.02385	0.02420	0.04396	0.06003	0.10693	0.22251	0.01574	0.12335	0.13754	0.05163	0.01892	0.02161	0.01502	0.04844	0.00940	0.00258	0.00999	0.00694	0.00559	0.05177

[dist]
# distance from previous block
# <min> <max>
0	1

[block]
# block no. 2 follows, 24 sequences, length 29
# corresponding to MSA columns:
# 158-186
name=unknown_C
#
# <colnr> <probs for GDERKNQSTAVLIFYWHMCP>
#	G	D	E	R	K	N	Q	S	T	A	V	L	I	F	Y	W	H	M	C	P
0	0.10501	0.07187	0.02185	0.01675	0.04671	0.05229	0.03178	0.24272	0.02563	0.16216	0.07898	0.02463	0.03980	0.00970	0.00751	0.00232	0.00781	0.00761	0.00711	0.03777
1	0.02609	0.01839	0.01977	0.01723	0.05213	0.07999	0.01306	0.17079	0.16668	0.19854	0.07623	0.02604	0.02190	0.00989	0.00785	0.00235	0.00762	0.00796	0.00771	0.06977
2	0.01100	0.00796	0.01022	0.01161	0.01247	0.00782	0.00821	0.01383	0.05404	0.02096	0.04038	0.49205	0.04669	0.11136	0.01394	0.00382	0.00552	0.11430	0.00707	0.00674
3	0.01122	0.00811	0.01060	0.00998	0.01185	0.00748	0.00748	0.01496	0.02245	0.03180	0.66766	0.05923	0.07482	0.01621	0.00935	0.00249	0.00374	0.01434	0.00873	0.00748
4	0.01870	0.02076	0.04322	0.03407	0.11087	0.02028	0.51977	0.02474	0.01808	0.02492	0.01543	0.02085	0.01195	0.00734	0.01061	0.00271	0.07212	0.00889	0.00395	0.01073
5	0.02020	0.01803	0.01815	0.01634	0.02081	0.05181	0.01268	0.04164	0.62710	0.03251	0.03132	0.02885	0.02354	0.01063	0.00802	0.00266	0.00666	0.00878	0.00788	0.01239
6	0.77733	0.01534	0.01166	0.01043	0.01534	0.01779	0.00859	0.02331	0.01350	0.03558	0.01104	0.01288	0.00859	0.00736	0.00491	0.00245	0.00613	0.00429	0.00491	0.00859
7	0.01110	0.00857	0.01158	0.01202	0.01385	0.00800	0.03414	0.01368	0.01746	0.02263	0.10967	0.25073	0.20396	0.05461	0.01152	0.00333	0.00566	0.19332	0.00722	0.00695
8	0.01934	0.02313	0.09912	0.03135	0.03956	0.02026	0.54297	0.07245	0.01996	0.02724	0.01612	0.02081	0.01197	0.00697	0.00909	0.00264	0.01288	0.00889	0.00425	0.01099
9	0.77733	0.01534	0.01166	0.01043	0.01534	0.01779	0.00859	0.02331	0.01350	0.03558	0.01104	0.01288	0.00859	0.00736	0.00491	0.00245	0.00613	0.00429	0.00491	0.00859
10	0.64471	0.01981	0.12810	0.01255	0.01864	0.01790	0.01220	0.02362	0.01406	0.03376	0.01160	0.01355	0.00884	0.00739	0.00536	0.00246	0.00711	0.00457	0.00464	0.00913
11	0.28186	0.01482	0.01472	0.01303	0.01751	0.01646	0.01044	0.05229	0.24161	0.10993	0.04198	0.02636	0.01985	0.00990	0.00690	0.00253	0.00612	0.03134	0.07182	0.01054
12	0.02787	0.01968	0.02187	0.04691	0.02450	0.02167	0.01441	0.41375	0.16990	0.12050	0.02319	0.02239	0.01644	0.00976	0.00797	0.00247	0.00803	0.00763	0.00800	0.01308
13	0.01685	0.12209	0.55069	0.02361	0.08407	0.02002	0.02700	0.02488	0.01677	0.02440	0.01390	0.01649	0.01026	0.00741	0.00726	0.00240	0.01114	0.00576	0.00340	0.01160
14	0.01117	0.00814	0.01052	0.01004	0.01196	0.00750	0.00760	0.01479	0.02200	0.03082	0.60541	0.06152	0.11157	0.01668	0.00942	0.00255	0.00390	0.03841	0.00859	0.00742
15	0.03206	0.01386	0.01789	0.01419	0.01987	0.01286	0.01157	0.03845	0.13068	0.54197	0.03124	0.02753	0.02044	0.00995	0.00789	0.00247	0.00655	0.00812	0.03932	0.01309
16	0.03558	0.01350	0.01840	0.01411	0.02024	0.01166	0.01166	0.03865	0.02270	0.67734	0.03128	0.02699	0.01963	0.00981	0.00797	0.00245	0.00675	0.00797	0.00981	0.01350
17	0.01512	0.01429	0.02381	0.66106	0.05257	0.01802	0.02174	0.02019	0.01563	0.02019	0.01387	0.02091	0.01056	0.00829	0.00902	0.00269	0.05266	0.00704	0.00352	0.00880
18	0.03558	0.01350	0.01840	0.01411	0.02024	0.01166	0.01166	0.03865	0.02270	0.67734	0.03128	0.02699	0.01963	0.00981	0.00797	0.00245	0.00675	0.00797	0.00981	0.01350
19	0.00966	0.00690	0.00920	0.01104	0.01150	0.00644	0.00736	0.01104	0.01518	0.02024	0.04371	0.71614	0.05245	0.02484	0.01012	0.00322	0.00460	0.02254	0.00736	0.00644
20	0.03011	0.02321	0.02371	0.01838	0.02459	0.06703	0.01509	0.60624	0.03634	0.04803	0.01861	0.01874	0.01328	0.00943	0.00788	0.00236	0.00908	0.00701	0.00769	0.01321
21	0.01013	0.00723	0.00973	0.01157	0.01224	0.00684	0.00817	0.01184	0.01564	0.02076	0.04345	0.62269	0.05143	0.02441	0.01025	0.00328	0.00500	0.11140	0.00735	0.00657
22	0.02021	0.01592	0.02003	0.01473	0.02155	0.01386	0.05866	0.11328	0.05227	0.07889	0.01717	0.01865	0.01324	0.00700	0.00670	0.00164	0.00694	0.00587	0.00567	0.50772
23	0.02042	0.50020	0.16832	0.01593	0.02341	0.05957	0.01676	0.02580	0.06525	0.02110	0.01335	0.01489	0.01122	0.00730	0.00591	0.00195	0.00925	0.00497	0.00377	0.01062
24	0.01064	0.00794	0.01025	0.01114	0.01256	0.00704	0.00766	0.01233	0.01536	0.02105	0.03943	0.61503	0.04657	0.02210	0.00951	0.00292	0.00478	0.01996	0.00698	0.11675
25	0.02493	0.08648	0.02880	0.02218	0.02726	0.38486	0.15183	0.03058	0.10090	0.02238	0.01545	0.01774	0.01238	0.00824	0.00818	0.00228	0.03451	0.00651	0.00450	0.01001
26	0.01653	0.02376	0.20193	0.13999	0.03783	0.01845	0.28149	0.02283	0.01694	0.02357	0.01705	0.07589	0.01441	0.00912	0.00997	0.00273	0.06442	0.00895	0.00399	0.01015
27	0.02791	0.10060	0.08381	0.01631	0.02237	0.07009	0.04419	0.03211	0.03819	0.36650	0.06903	0.02505	0.02016	0.00961	0.00843	0.00240	0.03645	0.00762	0.00735	0.01182
28	0.07033	0.02820	0.28657	0.05422	0.03293	0.05106	0.19416	0.04925	0.01779	0.02592	0.01539	0.04213	0.01221	0.00834	0.00903	0.00257	0.05333	0.00739	0.00406	0.03512

[dist]
# distance from previous block
# <min> <max>
0	3

[block]
# block no. 3 follows, 24 sequences, length 45
# corresponding to MSA columns:
# 190-234
name=unknown_D
#
# <colnr> <probs for GDERKNQSTAVLIFYWHMCP>
#	G	D	E	R	K	N	Q	S	T	A	V	L	I	F	Y	W	H	M	C	P
0	0.01546	0.01328	0.01848	0.01560	0.01934	0.05491	0.11520	0.01856	0.01775	0.06056	0.10132	0.30290	0.03560	0.01516	0.00876	0.00252	0.00698	0.01394	0.00636	0.15732
1	0.01853	0.01375	0.01605	0.01255	0.01841	0.01178	0.00991	0.02495	0.12476	0.10542	0.02432	0.06883	0.04867	0.00909	0.00694	0.00179	0.00587	0.00756	0.00619	0.46463
2	0.07075	0.07500	0.02017	0.01401	0.02016	0.01480	0.01171	0.07671	0.05056	0.45045	0.02598	0.02355	0.01724	0.00906	0.00736	0.00227	0.00689	0.00712	0.00829	0.08792
3	0.35917	0.01862	0.01783	0.01439	0.01993	0.02095	0.01185	0.34745	0.02601	0.04286	0.01577	0.01672	0.01158	0.00856	0.00651	0.00239	0.00739	0.00589	0.03502	0.01110
4	0.01042	0.00765	0.00977	0.01101	0.01220	0.00714	0.00805	0.01247	0.01668	0.02182	0.09983	0.40331	0.15608	0.05585	0.01153	0.00336	0.00509	0.13374	0.00734	0.00666
5	0.01719	0.20706	0.52543	0.02041	0.03094	0.02156	0.02549	0.02478	0.01659	0.02355	0.01345	0.01577	0.01008	0.00735	0.00694	0.00231	0.01093	0.00547	0.00336	0.01135
6	0.19504	0.12990	0.02192	0.16249	0.02667	0.04205	0.01399	0.14667	0.04174	0.03060	0.04747	0.02444	0.03893	0.00950	0.00702	0.00242	0.00813	0.03576	0.00542	0.00984
7	0.01632	0.01879	0.13213	0.02233	0.02812	0.01434	0.27295	0.02125	0.01745	0.07220	0.02670	0.26731	0.02661	0.01349	0.00924	0.00283	0.00950	0.01337	0.00553	0.00956
8	0.01628	0.08910	0.63540	0.02197	0.03334	0.01933	0.02819	0.02502	0.01670	0.02466	0.01401	0.01646	0.01005	0.00748	0.00736	0.00245	0.01149	0.00575	0.00335	0.01161
9	0.01729	0.01839	0.03582	0.24856	0.04251	0.01992	0.34416	0.02275	0.01677	0.02275	0.01453	0.02068	0.01131	0.00821	0.01149	0.00279	0.12030	0.00823	0.00377	0.00977
10	0.23997	0.02030	0.01905	0.01666	0.05123	0.08946	0.01279	0.31614	0.02612	0.03964	0.01653	0.01784	0.01237	0.00862	0.00676	0.00231	0.00812	0.00614	0.07892	0.01103
11	0.02136	0.10032	0.06563	0.02037	0.02668	0.02052	0.17303	0.09856	0.24980	0.07851	0.02493	0.02519	0.04004	0.00922	0.00805	0.00251	0.00885	0.00835	0.00633	0.01173
12	0.01092	0.00780	0.01065	0.01248	0.01350	0.00753	0.00955	0.01322	0.01643	0.02166	0.04301	0.46234	0.04969	0.02365	0.01046	0.00339	0.00569	0.26388	0.00734	0.00679
13	0.06264	0.03827	0.60497	0.02324	0.06700	0.01840	0.02777	0.02496	0.01661	0.02579	0.01407	0.01666	0.01009	0.00750	0.00739	0.00250	0.01126	0.00583	0.00347	0.01157
14	0.01937	0.02172	0.14216	0.05038	0.08690	0.01716	0.32430	0.02536	0.01870	0.10494	0.05050	0.06412	0.01805	0.00882	0.00876	0.00262	0.01088	0.00937	0.00501	0.01089
15	0.01624	0.08413	0.64004	0.02203	0.03344	0.01923	0.02831	0.02503	0.01670	0.02471	0.01403	0.01649	0.01005	0.00749	0.00738	0.00246	0.01152	0.00576	0.00335	0.01162
16	0.01051	0.00908	0.00996	0.01078	0.04855	0.00803	0.00742	0.01371	0.04904	0.02257	0.09306	0.07032	0.58158	0.01878	0.00922	0.00265	0.00442	0.01574	0.00725	0.00733
17	0.11992	0.01800	0.01875	0.01508	0.02051	0.07021	0.01224	0.22138	0.05644	0.26631	0.05720	0.02376	0.01884	0.00966	0.00752	0.00239	0.00759	0.00741	0.03479	0.01198
18	0.01753	0.01861	0.03637	0.22600	0.08416	0.01980	0.34473	0.02306	0.01703	0.02316	0.01470	0.02070	0.01144	0.00797	0.01093	0.00274	0.09902	0.00824	0.00380	0.01002
19	0.01037	0.00813	0.00942	0.00927	0.01155	0.00718	0.00707	0.01322	0.01994	0.02596	0.32658	0.06991	0.37802	0.01856	0.00946	0.00266	0.00411	0.05359	0.00794	0.00707
20	0.07806	0.64104	0.03851	0.01355	0.02017	0.03005	0.01327	0.05196	0.01688	0.02134	0.01139	0.01302	0.01021	0.00695	0.00520	0.00178	0.00832	0.00438	0.00371	0.01021
21	0.01739	0.01764	0.02812	0.21116	0.07659	0.04998	0.14540	0.02145	0.01584	0.02194	0.03454	0.02100	0.01333	0.00999	0.01436	0.00285	0.25029	0.00764	0.03116	0.00932
22	0.01394	0.01045	0.01364	0.01486	0.01713	0.01091	0.01274	0.02074	0.12551	0.02532	0.04036	0.07940	0.04204	0.02004	0.01047	0.00349	0.00713	0.51621	0.00743	0.00818
23	0.00961	0.00780	0.00855	0.00911	0.01118	0.00675	0.00668	0.01154	0.01735	0.02123	0.06924	0.23874	0.48315	0.02137	0.00964	0.00286	0.00432	0.04685	0.00736	0.00666
24	0.01822	0.34097	0.40059	0.01865	0.02821	0.02409	0.02241	0.02451	0.01647	0.02229	0.01283	0.01498	0.01010	0.00721	0.00646	0.00215	0.01030	0.00515	0.00337	0.01104
25	0.02151	0.64965	0.06932	0.01443	0.02126	0.07411	0.01440	0.02433	0.01656	0.01900	0.01125	0.01301	0.01017	0.00691	0.00534	0.00176	0.00901	0.00437	0.00344	0.01018
26	0.01278	0.00913	0.01278	0.01460	0.01643	0.00913	0.01278	0.01643	0.01825	0.02373	0.04199	0.08945	0.04564	0.02191	0.01095	0.00365	0.00730	0.61847	0.00730	0.00730
27	0.01590	0.04102	0.68023	0.02260	0.03432	0.01842	0.02930	0.02511	0.01674	0.02511	0.01423	0.01674	0.01005	0.00753	0.00753	0.00251	0.01172	0.00586	0.00335	0.01172
28	0.01615	0.01509	0.07530	0.01947	0.06209	0.01334	0.08059	0.02348	0.11790	0.05662	0.03326	0.08154	0.03269	0.01595	0.00968	0.00315	0.00816	0.31943	0.00665	0.00944
29	0.01936	0.01857	0.03171	0.08557	0.63700	0.01877	0.02421	0.02411	0.01793	0.02559	0.01487	0.01971	0.01245	0.00711	0.00785	0.00237	0.00949	0.00706	0.00390	0.01235
30	0.01122	0.00811	0.01060	0.00998	0.01185	0.00748	0.00748	0.01496	0.02245	0.03180	0.66766	0.05923	0.07482	0.01621	0.00935	0.00249	0.00374	0.01434	0.00873	0.00748
31	0.02966	0.03663	0.02257	0.02027	0.02452	0.63984	0.01530	0.07749	0.02358	0.02169	0.01276	0.01465	0.01046	0.00827	0.00721	0.00207	0.01388	0.00526	0.00437	0.00951
32	0.01122	0.00811	0.01060	0.00998	0.01185	0.00748	0.00748	0.01496	0.02245	0.03180	0.66766	0.05923	0.07482	0.01621	0.00935	0.00249	0.00374	0.01434	0.00873	0.00748
33	0.01002	0.00728	0.00959	0.01108	0.01189	0.00666	0.00747	0.01152	0.01525	0.02054	0.04213	0.67899	0.05029	0.02384	0.00990	0.00311	0.00467	0.02160	0.00722	0.04696
34	0.01515	0.01434	0.02382	0.65138	0.05209	0.01812	0.02167	0.02017	0.01558	0.02017	0.01382	0.02086	0.01056	0.00837	0.00928	0.00270	0.06255	0.00704	0.00352	0.00880
35	0.01377	0.00689	0.01033	0.01033	0.01033	0.00689	0.00689	0.01033	0.01033	0.01377	0.01377	0.02410	0.01377	0.02755	0.03099	0.76928	0.00689	0.00689	0.00344	0.00344
36	0.01524	0.01199	0.01453	0.01483	0.01764	0.01294	0.01230	0.02587	0.25614	0.02784	0.08509	0.06495	0.03985	0.01734	0.00976	0.00321	0.00665	0.34686	0.00769	0.00927
37	0.01122	0.00811	0.01060	0.00998	0.01185	0.00748	0.00748	0.01496	0.02245	0.03180	0.66766	0.05923	0.07482	0.01621	0.00935	0.00249	0.00374	0.01434	0.00873	0.00748
38	0.01590	0.04102	0.68023	0.02260	0.03432	0.01842	0.02930	0.02511	0.01674	0.02511	0.01423	0.01674	0.01005	0.00753	0.00753	0.00251	0.01172	0.00586	0.00335	0.01172
39	0.02454	0.01384	0.01727	0.01275	0.01941	0.01103	0.01035	0.02788	0.01909	0.30167	0.02137	0.02091	0.01508	0.00754	0.00676	0.00172	0.00624	0.00609	0.00686	0.44959
40	0.01709	0.01724	0.02653	0.24062	0.09873	0.05152	0.09345	0.02091	0.01564	0.02138	0.03615	0.04513	0.01451	0.01064	0.01445	0.00289	0.25193	0.00799	0.00394	0.00925
41	0.69186	0.01573	0.01303	0.04387	0.01781	0.01823	0.00965	0.06411	0.01517	0.03580	0.01171	0.01368	0.00900	0.00753	0.00525	0.00246	0.00652	0.00461	0.00504	0.00892
42	0.01765	0.01406	0.01657	0.01189	0.01888	0.01064	0.00954	0.02114	0.01684	0.06683	0.01518	0.01711	0.01224	0.00612	0.00600	0.00126	0.00593	0.00490	0.00502	0.72220
43	0.01673	0.01797	0.03737	0.06180	0.06431	0.01711	0.45590	0.02218	0.01783	0.02413	0.02153	0.16273	0.02021	0.01046	0.00938	0.00277	0.01127	0.01183	0.00467	0.00982
44	0.01367	0.01226	0.01488	0.06528	0.01839	0.08156	0.01155	0.01646	0.01411	0.01880	0.02070	0.07114	0.01976	0.04606	0.49540	0.00986	0.04948	0.00885	0.00434	0.00746

[dist]
# distance from previous block
# <min> <max>
9	11

[block]
# block no. 4 follows, 24 sequences, length 9
# corresponding to MSA columns:
# 246-254
name=unknown_E
#
# <colnr> <probs for GDERKNQSTAVLIFYWHMCP>
#	G	D	E	R	K	N	Q	S	T	A	V	L	I	F	Y	W	H	M	C	P
0	0.01028	0.00735	0.00988	0.01156	0.01234	0.00695	0.00827	0.01219	0.01616	0.02156	0.08349	0.57013	0.05276	0.02380	0.01021	0.00325	0.00499	0.12074	0.00744	0.00665
1	0.13722	0.01399	0.01744	0.01374	0.01959	0.01305	0.01129	0.03676	0.06400	0.54528	0.02855	0.02521	0.01841	0.00954	0.00756	0.00247	0.00663	0.00753	0.00902	0.01275
2	0.00980	0.00696	0.00916	0.01086	0.01129	0.00653	0.00717	0.01108	0.01491	0.01988	0.04231	0.66643	0.05068	0.07697	0.01238	0.00355	0.00483	0.02172	0.00717	0.00632
3	0.01037	0.00756	0.00973	0.01096	0.01178	0.00729	0.00747	0.01275	0.04036	0.02129	0.09170	0.53618	0.07417	0.07175	0.04361	0.00386	0.00556	0.01975	0.00718	0.00669
4	0.02865	0.02106	0.02252	0.01750	0.02348	0.02333	0.01438	0.57361	0.07348	0.04781	0.02022	0.02027	0.01452	0.00958	0.00781	0.00237	0.00829	0.00726	0.05077	0.01308
5	0.03556	0.00941	0.01165	0.01110	0.01348	0.00912	0.00854	0.01858	0.07716	0.06588	0.42953	0.09921	0.09704	0.01638	0.00922	0.00266	0.00457	0.06441	0.00833	0.00817
6	0.02009	0.57070	0.03543	0.01359	0.01931	0.07194	0.01275	0.02254	0.01676	0.01952	0.04669	0.08732	0.01769	0.00919	0.00595	0.00192	0.00824	0.00667	0.00411	0.00959
7	0.01764	0.08358	0.53543	0.02263	0.03333	0.01908	0.09026	0.02580	0.01723	0.06096	0.01515	0.01752	0.01079	0.00752	0.00758	0.00247	0.01139	0.00623	0.00378	0.01161
8	0.01819	0.07227	0.58052	0.02128	0.03218	0.01837	0.02670	0.02643	0.01732	0.09175	0.01582	0.01759	0.01104	0.00773	0.00746	0.00246	0.01105	0.00600	0.00401	0.01182

[dist]
# distance from previous block
# <min> <max>
0	9

[block]
# block no. 5 follows, 24 sequences, length 18
# corresponding to MSA columns:
# 264-281
name=unknown_F
#
# <colnr> <probs for GDERKNQSTAVLIFYWHMCP>
#	G	D	E	R	K	N	Q	S	T	A	V	L	I	F	Y	W	H	M	C	P
0	0.14320	0.02045	0.07635	0.09723	0.06674	0.01895	0.38375	0.02498	0.01757	0.05205	0.01545	0.01982	0.01152	0.00712	0.00824	0.00260	0.01135	0.00791	0.00429	0.01042
1	0.05962	0.01648	0.02206	0.13025	0.02768	0.01672	0.06765	0.12404	0.01937	0.02867	0.01452	0.01798	0.01155	0.00782	0.00894	0.00206	0.08231	0.00611	0.00486	0.33128
2	0.01413	0.01019	0.01453	0.13542	0.02124	0.01008	0.03613	0.01681	0.01568	0.06214	0.02872	0.28049	0.03015	0.11492	0.01292	0.00331	0.00667	0.01326	0.07664	0.09657
3	0.06249	0.00960	0.01086	0.05854	0.01482	0.01004	0.00815	0.04425	0.01670	0.02838	0.02237	0.02675	0.01793	0.01542	0.09601	0.00335	0.00701	0.00711	0.47729	0.06291
4	0.01932	0.11687	0.14135	0.02801	0.07751	0.02124	0.34377	0.06142	0.04752	0.02627	0.01587	0.01952	0.01213	0.00718	0.00819	0.00245	0.01145	0.00773	0.00424	0.02794
5	0.01661	0.01688	0.02674	0.54157	0.04955	0.06675	0.10325	0.02172	0.01659	0.02084	0.01409	0.02055	0.01073	0.00798	0.00868	0.00263	0.03492	0.00721	0.00363	0.00908
6	0.12366	0.01969	0.02145	0.09692	0.02638	0.02225	0.01471	0.41231	0.11347	0.04242	0.01917	0.01988	0.01392	0.00922	0.00756	0.00246	0.00828	0.00700	0.00704	0.01218
7	0.01614	0.01624	0.03058	0.02358	0.02805	0.01659	0.32210	0.02045	0.01653	0.02347	0.02162	0.17080	0.02104	0.01204	0.01210	0.00282	0.13518	0.01144	0.05972	0.03950
8	0.01144	0.00900	0.01190	0.10174	0.01802	0.00890	0.01004	0.01451	0.01832	0.02384	0.19452	0.11243	0.22757	0.05203	0.01108	0.00313	0.00578	0.15153	0.00704	0.00719
9	0.01193	0.00884	0.01094	0.01079	0.01099	0.00963	0.00711	0.01265	0.01298	0.01780	0.06654	0.17275	0.03370	0.45320	0.03085	0.00597	0.09903	0.01317	0.00535	0.00579
10	0.01760	0.00948	0.01245	0.01107	0.01379	0.00866	0.00844	0.02067	0.02088	0.19525	0.39109	0.05134	0.05325	0.10778	0.01316	0.00322	0.00520	0.03959	0.00843	0.00867
11	0.01488	0.00883	0.01107	0.01094	0.01297	0.00832	0.00800	0.04681	0.01906	0.10748	0.17504	0.33797	0.07220	0.01811	0.00895	0.00272	0.00474	0.01598	0.10792	0.00802
12	0.01351	0.00895	0.01137	0.01169	0.01340	0.00860	0.00857	0.05996	0.01872	0.06859	0.14191	0.39383	0.07814	0.05188	0.01109	0.00321	0.00528	0.07602	0.00767	0.00761
13	0.01481	0.00854	0.01150	0.01188	0.01374	0.00788	0.00886	0.01718	0.01809	0.13603	0.14390	0.40415	0.04954	0.02043	0.00974	0.00303	0.00520	0.09956	0.00800	0.00795
14	0.01120	0.00840	0.01055	0.01157	0.01275	0.00834	0.00806	0.01568	0.10087	0.02355	0.12857	0.53469	0.05182	0.02179	0.00974	0.00305	0.00470	0.01962	0.00764	0.00739
15	0.04452	0.01066	0.01468	0.01267	0.01514	0.01065	0.09057	0.06132	0.01721	0.02616	0.06875	0.12413	0.02822	0.18574	0.01557	0.00367	0.00652	0.01097	0.24527	0.00756
16	0.25159	0.01324	0.01413	0.01212	0.01628	0.01380	0.00967	0.09378	0.04729	0.15723	0.22284	0.05950	0.03430	0.01167	0.00756	0.00250	0.00574	0.00937	0.00760	0.00980
17	0.01331	0.00847	0.01091	0.01059	0.01273	0.00769	0.00796	0.01628	0.02026	0.09572	0.37057	0.19023	0.14067	0.01803	0.00944	0.00271	0.00443	0.04389	0.00833	0.00780

[dist]
# distance from previous block
# <min> <max>
0	1

[block]
# block no. 6 follows, 24 sequences, length 15
# corresponding to MSA columns:
# 283-297
name=unknown_G
#
# <colnr> <probs for GDERKNQSTAVLIFYWHMCP>
#	G	D	E	R	K	N	Q	S	T	A	V	L	I	F	Y	W	H	M	C	P
0	0.01929	0.01061	0.01341	0.01118	0.01508	0.00914	0.00868	0.02231	0.02031	0.22725	0.25740	0.04451	0.11663	0.06502	0.01070	0.00269	0.00530	0.01104	0.00802	0.12142
1	0.01892	0.01123	0.01381	0.01269	0.01562	0.01101	0.00968	0.12846	0.02142	0.15641	0.09952	0.28169	0.06021	0.04991	0.01054	0.00302	0.00592	0.05097	0.02980	0.00918
2	0.01422	0.01041	0.01634	0.01402	0.01690	0.00965	0.10161	0.01776	0.01998	0.08101	0.34786	0.12617	0.07533	0.06139	0.01143	0.00301	0.00599	0.05121	0.00758	0.00812
3	0.14298	0.01408	0.01894	0.01478	0.02068	0.01298	0.05024	0.03468	0.02092	0.51647	0.02778	0.02705	0.01857	0.00974	0.00773	0.00251	0.00709	0.03180	0.00863	0.01235
4	0.02151	0.01361	0.01611	0.01373	0.01776	0.01397	0.01081	0.14714	0.14869	0.16963	0.23324	0.09323	0.03966	0.01323	0.00860	0.00256	0.00590	0.01124	0.00856	0.01081
5	0.01617	0.01180	0.01345	0.01242	0.01570	0.01210	0.00960	0.04648	0.22081	0.08448	0.18111	0.10522	0.18016	0.01554	0.00892	0.00270	0.00526	0.04043	0.00811	0.00953
6	0.00966	0.00690	0.00920	0.01104	0.01150	0.00644	0.00736	0.01104	0.01518	0.02024	0.04371	0.71614	0.05245	0.02484	0.01012	0.00322	0.00460	0.02254	0.00736	0.00644
7	0.02536	0.01858	0.02023	0.01600	0.02101	0.02026	0.01285	0.48460	0.03234	0.04359	0.11530	0.02848	0.02417	0.08671	0.01161	0.00296	0.00788	0.00867	0.00772	0.01167
8	0.01187	0.00813	0.01037	0.01012	0.01204	0.00738	0.00747	0.01489	0.02046	0.05991	0.43619	0.18733	0.14783	0.01809	0.00944	0.00266	0.00409	0.01594	0.00833	0.00747
9	0.19216	0.01106	0.01041	0.00944	0.01255	0.01192	0.00743	0.09760	0.01848	0.03349	0.02161	0.02442	0.01677	0.00884	0.00569	0.00205	0.00488	0.00665	0.49611	0.00842
10	0.01112	0.00892	0.01165	0.11144	0.01777	0.00868	0.00915	0.01443	0.01979	0.02629	0.35703	0.08278	0.25856	0.01657	0.00918	0.00260	0.00487	0.01434	0.00747	0.00738
11	0.01289	0.00969	0.01143	0.01085	0.01282	0.00974	0.00784	0.03801	0.11351	0.02771	0.33572	0.10761	0.09471	0.15448	0.01527	0.00361	0.00514	0.01361	0.00763	0.00776
12	0.01068	0.00778	0.00969	0.01009	0.01103	0.00780	0.00687	0.01206	0.01382	0.01830	0.03813	0.19613	0.14735	0.27579	0.19176	0.00708	0.00976	0.01411	0.00569	0.00608
13	0.01087	0.00741	0.00884	0.00949	0.00966	0.00725	0.00571	0.01136	0.01282	0.01710	0.03160	0.28653	0.03717	0.47529	0.02968	0.00611	0.00660	0.01542	0.00571	0.00538
14	0.08574	0.01669	0.01788	0.01453	0.01943	0.01788	0.01175	0.33738	0.06845	0.07491	0.12389	0.03395	0.11965	0.01197	0.00811	0.00247	0.00683	0.00953	0.00783	0.01114

[dist]
# distance from previous block
# <min> <max>
0	12

# created by:
# /st0/software/busco_prod/Augustus/scripts/msa2prfl.pl ./align_prep/105664.fa
