[name]
unknown

[dist]
# distance from previous block
# <min> <max>
6	68

[block]
# block no. 0 follows, 24 sequences, length 7
# corresponding to MSA columns:
# 78-84
name=unknown_A
#
# <colnr> <probs for GDERKNQSTAVLIFYWHMCP>
#	G	D	E	R	K	N	Q	S	T	A	V	L	I	F	Y	W	H	M	C	P
0	0.02213	0.01500	0.01840	0.08488	0.02229	0.01650	0.01285	0.20599	0.05035	0.13515	0.08225	0.06022	0.06217	0.03779	0.01129	0.00278	0.08475	0.00938	0.05533	0.01049
1	0.09019	0.00928	0.01068	0.01091	0.01239	0.00941	0.00759	0.06246	0.01703	0.02478	0.12261	0.36477	0.04337	0.15974	0.01535	0.00387	0.00557	0.01612	0.00684	0.00703
2	0.01045	0.01065	0.07771	0.01176	0.01378	0.00781	0.00947	0.01297	0.01651	0.02222	0.11774	0.49689	0.11916	0.02154	0.00968	0.00300	0.00516	0.01924	0.00711	0.00713
3	0.06791	0.00983	0.01169	0.01144	0.01394	0.00966	0.00872	0.01928	0.08552	0.08557	0.22392	0.20848	0.12600	0.01744	0.00910	0.00280	0.00499	0.06754	0.00787	0.00827
4	0.10869	0.01590	0.01762	0.01459	0.01955	0.01693	0.01173	0.17982	0.19293	0.18564	0.12456	0.02918	0.02666	0.01071	0.00786	0.00250	0.00657	0.00861	0.00819	0.01177
5	0.02541	0.01643	0.01794	0.01434	0.01903	0.01757	0.01151	0.37315	0.02848	0.11030	0.02253	0.02531	0.01714	0.07172	0.01020	0.00272	0.00721	0.00767	0.19007	0.01126
6	0.01855	0.01021	0.01310	0.01170	0.01460	0.00957	0.00890	0.06974	0.02083	0.18558	0.24091	0.15258	0.09242	0.01709	0.01143	0.08775	0.00538	0.01291	0.00801	0.00875

[dist]
# distance from previous block
# <min> <max>
2	12

[block]
# block no. 1 follows, 24 sequences, length 13
# corresponding to MSA columns:
# 97-109
name=unknown_B
#
# <colnr> <probs for GDERKNQSTAVLIFYWHMCP>
#	G	D	E	R	K	N	Q	S	T	A	V	L	I	F	Y	W	H	M	C	P
0	0.01805	0.01771	0.07282	0.02764	0.28112	0.05022	0.01690	0.02301	0.04966	0.05265	0.02578	0.06815	0.08280	0.01033	0.00844	0.00238	0.03586	0.00883	0.10101	0.04665
1	0.09586	0.39719	0.09635	0.01434	0.02011	0.07548	0.01380	0.02228	0.01609	0.02127	0.01618	0.10314	0.01591	0.01244	0.04688	0.00273	0.00930	0.00704	0.00415	0.00944
2	0.08411	0.02039	0.02002	0.01649	0.02163	0.07794	0.01321	0.36773	0.13669	0.04022	0.03996	0.06436	0.04036	0.01088	0.00787	0.00247	0.00806	0.00847	0.00736	0.01178
3	0.08580	0.08869	0.02034	0.01438	0.01994	0.01690	0.01193	0.10394	0.14236	0.32939	0.06432	0.02594	0.02126	0.00984	0.00754	0.00241	0.00684	0.00778	0.00817	0.01224
4	0.01236	0.08094	0.01303	0.01031	0.01285	0.00971	0.00778	0.01474	0.01682	0.02327	0.10421	0.30539	0.14396	0.01721	0.00835	0.00250	0.00484	0.01494	0.10245	0.09435
5	0.01420	0.01168	0.01394	0.01173	0.01629	0.00958	0.00884	0.01795	0.04970	0.02423	0.02561	0.26675	0.02692	0.01290	0.00750	0.00198	0.00544	0.01129	0.00583	0.45766
6	0.01651	0.01571	0.02220	0.40101	0.08921	0.05099	0.01867	0.05055	0.04283	0.02261	0.02301	0.02750	0.09442	0.01020	0.00990	0.00267	0.08010	0.00824	0.00445	0.00921
7	0.01008	0.00722	0.00958	0.01076	0.01159	0.00672	0.00739	0.01209	0.01712	0.02333	0.21050	0.54054	0.05843	0.02254	0.00992	0.00303	0.00437	0.02035	0.00773	0.00672
8	0.04284	0.09814	0.02271	0.01945	0.07196	0.27829	0.01415	0.10125	0.10020	0.05204	0.02030	0.10604	0.01817	0.01057	0.00755	0.00233	0.00994	0.00818	0.00561	0.01029
9	0.02216	0.54294	0.03598	0.01483	0.02095	0.11946	0.01368	0.02714	0.09793	0.02059	0.01387	0.01506	0.01195	0.00747	0.00574	0.00187	0.00899	0.00495	0.00408	0.01034
10	0.01918	0.01310	0.01632	0.01527	0.04521	0.01392	0.01151	0.02772	0.19990	0.15379	0.18487	0.04172	0.09997	0.01344	0.01042	0.00270	0.07667	0.03617	0.00781	0.01032
11	0.02161	0.01765	0.02328	0.02800	0.28252	0.04562	0.01648	0.12050	0.07848	0.06928	0.01925	0.02150	0.01495	0.00811	0.00732	0.00217	0.00791	0.00696	0.10146	0.10696
12	0.06438	0.04071	0.06977	0.01469	0.02046	0.01415	0.01279	0.09446	0.04879	0.39954	0.02866	0.11130	0.02174	0.01132	0.00796	0.00253	0.00708	0.00930	0.00828	0.01208

[dist]
# distance from previous block
# <min> <max>
0	4

[block]
# block no. 2 follows, 24 sequences, length 6
# corresponding to MSA columns:
# 114-119
name=unknown_C
#
# <colnr> <probs for GDERKNQSTAVLIFYWHMCP>
#	G	D	E	R	K	N	Q	S	T	A	V	L	I	F	Y	W	H	M	C	P
0	0.01689	0.02822	0.33707	0.15910	0.07109	0.01865	0.05792	0.02774	0.15329	0.02592	0.01819	0.02077	0.01342	0.00823	0.00785	0.00258	0.01029	0.00702	0.00446	0.01130
1	0.03053	0.01964	0.15094	0.01613	0.02330	0.01411	0.01541	0.06798	0.05560	0.48022	0.02729	0.02466	0.01763	0.00939	0.00789	0.00247	0.00782	0.00756	0.00833	0.01309
2	0.01267	0.00746	0.00872	0.00872	0.00911	0.00746	0.00538	0.01277	0.01238	0.01808	0.02293	0.04158	0.02401	0.43091	0.03107	0.15866	0.00668	0.00972	0.16660	0.00508
3	0.01476	0.01399	0.01180	0.01155	0.01414	0.14338	0.00851	0.01681	0.01883	0.05051	0.09565	0.19695	0.33765	0.01801	0.00902	0.00264	0.00630	0.01510	0.00691	0.00749
4	0.02013	0.31506	0.07530	0.15309	0.02865	0.09231	0.01631	0.02787	0.15343	0.02259	0.01651	0.01844	0.01324	0.00805	0.00667	0.00219	0.00925	0.00601	0.00448	0.01042
5	0.02854	0.02012	0.02193	0.01733	0.02325	0.02208	0.01415	0.44790	0.16780	0.11769	0.02325	0.02219	0.01647	0.00982	0.00797	0.00245	0.00798	0.00762	0.00818	0.01329

[dist]
# distance from previous block
# <min> <max>
0	3

[block]
# block no. 3 follows, 24 sequences, length 11
# corresponding to MSA columns:
# 123-133
name=unknown_D
#
# <colnr> <probs for GDERKNQSTAVLIFYWHMCP>
#	G	D	E	R	K	N	Q	S	T	A	V	L	I	F	Y	W	H	M	C	P
0	0.05176	0.04038	0.01546	0.01255	0.01629	0.01164	0.00987	0.08163	0.02168	0.24908	0.19939	0.18775	0.04015	0.01462	0.00858	0.00260	0.00570	0.01254	0.00835	0.01000
1	0.01728	0.12541	0.28874	0.17914	0.03405	0.02034	0.02164	0.02759	0.15976	0.02487	0.01778	0.02008	0.01335	0.00824	0.00740	0.00247	0.00978	0.00661	0.00445	0.01101
2	0.01624	0.00929	0.01174	0.01045	0.01346	0.00823	0.00807	0.01942	0.02148	0.17374	0.38772	0.05603	0.20161	0.01569	0.00905	0.00253	0.00448	0.01348	0.00865	0.00864
3	0.01782	0.01088	0.01282	0.01149	0.01463	0.01098	0.00889	0.02582	0.16999	0.13254	0.27576	0.04061	0.04215	0.01237	0.00798	0.00239	0.00479	0.01053	0.17796	0.00959
4	0.01493	0.01475	0.01274	0.01247	0.01460	0.16693	0.00912	0.01748	0.02013	0.02480	0.29011	0.21597	0.12176	0.01694	0.00903	0.00259	0.00646	0.01451	0.00714	0.00753
5	0.01683	0.01338	0.01432	0.01253	0.01635	0.01392	0.00982	0.16735	0.16624	0.03229	0.14273	0.04990	0.28252	0.01495	0.00874	0.00258	0.00558	0.01239	0.00786	0.00971
6	0.42926	0.01542	0.01590	0.17381	0.02572	0.01818	0.01262	0.02681	0.15809	0.03145	0.01651	0.01855	0.01255	0.00825	0.00632	0.00255	0.00721	0.00598	0.00529	0.00953
7	0.01219	0.00772	0.00882	0.00868	0.00953	0.00757	0.00560	0.01389	0.01523	0.02240	0.17577	0.04862	0.03770	0.39685	0.02531	0.00516	0.00587	0.01126	0.17582	0.00601
8	0.01061	0.00743	0.00936	0.01004	0.01069	0.00708	0.00659	0.01211	0.01574	0.02143	0.18405	0.35434	0.05030	0.24079	0.01941	0.00445	0.00537	0.01718	0.00688	0.00617
9	0.01792	0.02854	0.32054	0.02879	0.20249	0.01892	0.06099	0.02873	0.16052	0.02715	0.01856	0.02067	0.01401	0.00808	0.00785	0.00252	0.00998	0.00709	0.00460	0.01207
10	0.21828	0.06629	0.16773	0.01657	0.02355	0.03852	0.01610	0.20885	0.07209	0.07520	0.01702	0.01774	0.01238	0.00843	0.00689	0.00241	0.00855	0.00609	0.00588	0.01144

[dist]
# distance from previous block
# <min> <max>
0	2

[block]
# block no. 4 follows, 24 sequences, length 134
# corresponding to MSA columns:
# 136-269
name=unknown_E
#
# <colnr> <probs for GDERKNQSTAVLIFYWHMCP>
#	G	D	E	R	K	N	Q	S	T	A	V	L	I	F	Y	W	H	M	C	P
0	0.05747	0.18304	0.51103	0.02006	0.03039	0.02110	0.02491	0.02473	0.01644	0.02432	0.01339	0.01570	0.01000	0.00737	0.00688	0.00234	0.01074	0.00544	0.00344	0.01123
1	0.11793	0.12527	0.40180	0.01899	0.02821	0.04417	0.02205	0.07375	0.01833	0.05973	0.01454	0.01631	0.01062	0.00770	0.00691	0.00237	0.01018	0.00562	0.00426	0.01124
2	0.15503	0.01943	0.02083	0.04207	0.02345	0.02134	0.01371	0.41524	0.05652	0.12559	0.01962	0.01954	0.01378	0.00919	0.00744	0.00242	0.00801	0.00684	0.00751	0.01245
3	0.01525	0.03774	0.02115	0.15932	0.04682	0.04127	0.06489	0.01816	0.01491	0.02020	0.04569	0.08239	0.02062	0.13603	0.07402	0.00444	0.15281	0.00939	0.00442	0.03047
4	0.75245	0.01556	0.01206	0.01069	0.01564	0.01802	0.00880	0.04403	0.01429	0.03606	0.01131	0.01309	0.00875	0.00743	0.00501	0.00245	0.00622	0.00439	0.00501	0.00875
5	0.01136	0.00837	0.01213	0.01213	0.01333	0.00958	0.00914	0.01377	0.01256	0.01795	0.02180	0.03427	0.02118	0.15893	0.59229	0.01198	0.01920	0.00895	0.00433	0.00674
6	0.02034	0.02142	0.08871	0.04126	0.46960	0.01958	0.09932	0.09218	0.02012	0.02840	0.01544	0.01953	0.01238	0.00733	0.00802	0.00241	0.01002	0.00725	0.00432	0.01236
7	0.01590	0.04102	0.68023	0.02260	0.03432	0.01842	0.02930	0.02511	0.01674	0.02511	0.01423	0.01674	0.01005	0.00753	0.00753	0.00251	0.01172	0.00586	0.00335	0.01172
8	0.01068	0.00733	0.00890	0.00974	0.00995	0.00712	0.00597	0.01131	0.01320	0.01759	0.03352	0.35464	0.03959	0.40388	0.02658	0.00565	0.00628	0.01655	0.00597	0.00555
9	0.01147	0.00773	0.01023	0.01068	0.01203	0.00714	0.00760	0.01400	0.01882	0.05321	0.32801	0.38723	0.06128	0.02027	0.00968	0.00286	0.00430	0.01819	0.00809	0.00721
10	0.02667	0.07714	0.20476	0.01670	0.02419	0.01637	0.01687	0.08211	0.05543	0.33211	0.05084	0.02388	0.01830	0.00924	0.00769	0.00242	0.00828	0.00735	0.00722	0.01244
11	0.03270	0.01286	0.01748	0.01362	0.01925	0.01116	0.01116	0.03584	0.02267	0.60092	0.10662	0.03081	0.02616	0.01057	0.00814	0.00246	0.00639	0.00873	0.00969	0.01278
12	0.02622	0.01358	0.01687	0.01355	0.01834	0.01303	0.01095	0.16190	0.02560	0.32607	0.21848	0.03666	0.05918	0.01203	0.00843	0.00246	0.00618	0.01001	0.00899	0.01146
13	0.02110	0.02153	0.08773	0.04002	0.45975	0.01990	0.06516	0.13402	0.02138	0.03005	0.01566	0.01939	0.01247	0.00751	0.00794	0.00239	0.00977	0.00713	0.00459	0.01252
14	0.01760	0.05221	0.15023	0.26275	0.13791	0.04439	0.14587	0.02428	0.04396	0.02346	0.01519	0.01990	0.01161	0.00756	0.00798	0.00252	0.01103	0.00718	0.00385	0.01051
15	0.01111	0.00807	0.01055	0.01060	0.01232	0.00751	0.00806	0.01442	0.02069	0.02864	0.47130	0.15222	0.10145	0.01831	0.00966	0.00275	0.00433	0.09247	0.00829	0.00728
16	0.04361	0.25011	0.13062	0.02732	0.18977	0.05882	0.11847	0.04947	0.01821	0.02430	0.01365	0.01676	0.01114	0.00715	0.00703	0.00220	0.01021	0.00616	0.00388	0.01111
17	0.02426	0.08819	0.07414	0.01688	0.02292	0.02176	0.01476	0.31724	0.13411	0.05691	0.01997	0.02122	0.01520	0.03575	0.00945	0.00253	0.03733	0.00705	0.00666	0.07367
18	0.01046	0.00774	0.00976	0.00997	0.01156	0.00705	0.00721	0.01322	0.01958	0.02668	0.38682	0.25573	0.16617	0.01940	0.00958	0.00274	0.00404	0.01715	0.00810	0.00705
19	0.01752	0.01473	0.01702	0.01226	0.01925	0.01168	0.00984	0.06927	0.01809	0.02774	0.01448	0.01665	0.01188	0.00616	0.00604	0.00127	0.00610	0.00489	0.00495	0.71018
20	0.02070	0.01012	0.01331	0.01136	0.01459	0.00913	0.00867	0.02358	0.02081	0.27900	0.31921	0.04559	0.04615	0.12584	0.01375	0.00330	0.00553	0.01143	0.00853	0.00938
21	0.03558	0.01350	0.01840	0.01411	0.02024	0.01166	0.01166	0.03865	0.02270	0.67734	0.03128	0.02699	0.01963	0.00981	0.00797	0.00245	0.00675	0.00797	0.00981	0.01350
22	0.00968	0.00751	0.00882	0.00962	0.01119	0.00665	0.00679	0.01155	0.01712	0.02182	0.11685	0.37514	0.32504	0.02196	0.00972	0.00292	0.00427	0.01924	0.00749	0.00665
23	0.01464	0.00742	0.00752	0.00750	0.00935	0.00739	0.00562	0.01833	0.01687	0.02966	0.05221	0.03078	0.02256	0.00952	0.00570	0.00187	0.00370	0.00768	0.73429	0.00739
24	0.05678	0.02013	0.02083	0.01700	0.02219	0.05405	0.01372	0.34033	0.20461	0.03994	0.04589	0.02280	0.01817	0.01005	0.00874	0.00247	0.04500	0.00759	0.00732	0.04239
25	0.01537	0.11234	0.33092	0.01669	0.02398	0.01622	0.01881	0.04465	0.01954	0.02772	0.25413	0.03195	0.03399	0.01071	0.00792	0.00240	0.00828	0.00883	0.00550	0.01004
26	0.01949	0.01885	0.03025	0.07234	0.57261	0.03911	0.02275	0.02404	0.01797	0.02546	0.01473	0.01927	0.01234	0.00704	0.00767	0.00226	0.00933	0.00681	0.00398	0.07370
27	0.01590	0.04102	0.68023	0.02260	0.03432	0.01842	0.02930	0.02511	0.01674	0.02511	0.01423	0.01674	0.01005	0.00753	0.00753	0.00251	0.01172	0.00586	0.00335	0.01172
28	0.01535	0.00902	0.01192	0.01068	0.01327	0.00819	0.00819	0.01898	0.02249	0.14114	0.55988	0.05377	0.06547	0.01513	0.00912	0.00249	0.00425	0.01326	0.00891	0.00850
29	0.01377	0.00689	0.01033	0.01033	0.01033	0.00689	0.00689	0.01033	0.01033	0.01377	0.01377	0.02410	0.01377	0.02755	0.03099	0.76928	0.00689	0.00689	0.00344	0.00344
30	0.02914	0.01560	0.03996	0.01598	0.02221	0.01376	0.06329	0.06071	0.09330	0.42787	0.04752	0.02625	0.02000	0.00943	0.00794	0.00238	0.00729	0.00800	0.00838	0.08099
31	0.02023	0.25428	0.07954	0.04857	0.16385	0.09748	0.01692	0.02366	0.01741	0.05277	0.01888	0.07568	0.04235	0.00965	0.00806	0.00227	0.04619	0.00752	0.00439	0.01028
32	0.01129	0.00830	0.01195	0.01202	0.01317	0.00941	0.00900	0.01361	0.01265	0.01800	0.02277	0.06303	0.02262	0.16306	0.55844	0.01154	0.01840	0.00956	0.00447	0.00669
33	0.15229	0.02472	0.02175	0.04836	0.04821	0.19857	0.01471	0.33057	0.02781	0.03735	0.01556	0.01688	0.01165	0.00865	0.00722	0.00231	0.00988	0.00613	0.00608	0.01131
34	0.00959	0.00784	0.00847	0.00873	0.01095	0.00672	0.00639	0.01165	0.01797	0.02216	0.12744	0.18616	0.50727	0.02056	0.00950	0.00276	0.00409	0.01753	0.00749	0.00672
35	0.02510	0.05489	0.05083	0.01785	0.04710	0.04599	0.01447	0.33717	0.11399	0.07110	0.07155	0.02330	0.01951	0.00962	0.00774	0.00231	0.00806	0.00755	0.00717	0.06472
36	0.09036	0.02147	0.02260	0.01754	0.02370	0.02387	0.01446	0.57340	0.05752	0.04821	0.01886	0.01892	0.01347	0.00939	0.00769	0.00240	0.00843	0.00697	0.00769	0.01306
37	0.08014	0.62855	0.05827	0.01381	0.02040	0.02971	0.01377	0.02362	0.01581	0.02019	0.01111	0.01299	0.01005	0.00706	0.00577	0.00183	0.02897	0.00437	0.00351	0.01006
38	0.02069	0.01706	0.01814	0.01613	0.02073	0.01956	0.01260	0.06146	0.61229	0.05932	0.03181	0.02914	0.02368	0.01068	0.00806	0.00267	0.00637	0.00887	0.00813	0.01262
39	0.00952	0.00804	0.00824	0.00819	0.01080	0.00676	0.00614	0.01167	0.01843	0.02226	0.12796	0.07493	0.62048	0.01977	0.00937	0.00266	0.00399	0.01654	0.00747	0.00676
40	0.02659	0.01850	0.02032	0.01650	0.02203	0.02020	0.01333	0.31046	0.25871	0.14317	0.02770	0.02592	0.03885	0.01035	0.00803	0.00251	0.00738	0.00823	0.00826	0.01294
41	0.00975	0.00749	0.00893	0.00974	0.01124	0.00667	0.00686	0.01167	0.01722	0.02216	0.13662	0.38581	0.29355	0.02191	0.00973	0.00292	0.00427	0.01926	0.00753	0.00667
42	0.01153	0.00769	0.00865	0.00865	0.00865	0.00769	0.00480	0.01153	0.01153	0.01538	0.02499	0.05189	0.02883	0.72131	0.04036	0.00769	0.00769	0.01153	0.00480	0.00480
43	0.01498	0.01409	0.02378	0.70226	0.05462	0.01762	0.02202	0.02026	0.01586	0.02026	0.01409	0.02114	0.01057	0.00793	0.00793	0.00264	0.01057	0.00705	0.00352	0.00881
44	0.01955	0.01905	0.03337	0.04744	0.62073	0.01894	0.07451	0.02442	0.01811	0.02587	0.01501	0.01977	0.01252	0.00703	0.00797	0.00238	0.00974	0.00725	0.00393	0.01241
45	0.03323	0.01355	0.01803	0.01409	0.01991	0.01213	0.01155	0.03790	0.07417	0.59706	0.05900	0.02860	0.02240	0.01017	0.00804	0.00247	0.00658	0.00833	0.00963	0.01316
46	0.02120	0.72609	0.04155	0.01357	0.02035	0.03138	0.01357	0.02374	0.01611	0.01866	0.01102	0.01272	0.01018	0.00678	0.00509	0.00170	0.00848	0.00424	0.00339	0.01018
47	0.02229	0.05875	0.01888	0.01657	0.01975	0.36327	0.01242	0.07396	0.02111	0.02265	0.05093	0.23344	0.02633	0.01372	0.00813	0.00244	0.01011	0.01102	0.00558	0.00866
48	0.01830	0.01672	0.02333	0.04429	0.02162	0.02268	0.01669	0.03976	0.01346	0.04846	0.01189	0.01828	0.01108	0.01401	0.02425	0.04013	0.59539	0.00699	0.00389	0.00879
49	0.01856	0.02088	0.04487	0.06969	0.07242	0.01987	0.58034	0.02508	0.01853	0.02515	0.01589	0.02129	0.01198	0.00677	0.00921	0.00266	0.01303	0.00913	0.00398	0.01068
50	0.01681	0.06871	0.62205	0.02202	0.03327	0.01925	0.02796	0.05484	0.01770	0.02604	0.01433	0.01668	0.01022	0.00760	0.00745	0.00247	0.01144	0.00585	0.00357	0.01174
51	0.02761	0.07176	0.02372	0.02011	0.02382	0.56985	0.01549	0.02964	0.02082	0.01933	0.01196	0.01460	0.01024	0.00882	0.00944	0.00221	0.10213	0.00529	0.00397	0.00918
52	0.00964	0.00700	0.00910	0.01078	0.01143	0.00646	0.00724	0.01107	0.01544	0.02035	0.04692	0.65999	0.10653	0.02443	0.01006	0.00317	0.00455	0.02203	0.00736	0.00646
53	0.01681	0.04356	0.02502	0.05170	0.10646	0.04722	0.16409	0.04622	0.02056	0.04419	0.24902	0.07232	0.05489	0.01176	0.00877	0.00251	0.00811	0.01110	0.00620	0.00947
54	0.01013	0.00755	0.00943	0.01040	0.01163	0.00681	0.00714	0.01182	0.01608	0.02131	0.09067	0.50309	0.15354	0.05111	0.01098	0.00316	0.00463	0.01969	0.00722	0.04359
55	0.02999	0.04847	0.02472	0.01808	0.02446	0.02079	0.06491	0.38310	0.05156	0.21821	0.02227	0.02150	0.01527	0.00930	0.00795	0.00241	0.00847	0.00749	0.00795	0.01310
56	0.01724	0.14393	0.49093	0.02484	0.12116	0.02048	0.02617	0.02479	0.01683	0.02422	0.01383	0.01652	0.01042	0.00735	0.00720	0.00236	0.01090	0.00578	0.00344	0.01160
57	0.02555	0.01196	0.01619	0.06883	0.02050	0.01110	0.01131	0.02948	0.04750	0.39677	0.11094	0.09413	0.07548	0.01285	0.00852	0.00260	0.00632	0.03025	0.00864	0.01108
58	0.01891	0.05352	0.05703	0.04168	0.49918	0.01877	0.08565	0.02380	0.01799	0.02530	0.01701	0.02502	0.01498	0.00823	0.00811	0.00247	0.00969	0.05670	0.00416	0.01180
59	0.02087	0.01924	0.03054	0.04450	0.58722	0.04515	0.02287	0.02605	0.04232	0.06053	0.01633	0.02018	0.01328	0.00739	0.00784	0.00236	0.00936	0.00711	0.00440	0.01248
60	0.01007	0.00746	0.00928	0.01006	0.01129	0.00680	0.00700	0.01208	0.01735	0.02304	0.20095	0.39648	0.18100	0.05524	0.01124	0.00315	0.00442	0.01886	0.00757	0.00667
61	0.01979	0.45767	0.24057	0.01805	0.05078	0.05135	0.01899	0.02449	0.01662	0.02100	0.01223	0.01431	0.01023	0.00708	0.00604	0.00199	0.00975	0.00489	0.00343	0.01072
62	0.06442	0.01636	0.01928	0.01679	0.05208	0.01703	0.01281	0.20277	0.15316	0.24543	0.06071	0.05906	0.02247	0.01073	0.00800	0.00251	0.00704	0.00875	0.00824	0.01236
63	0.02232	0.67078	0.03976	0.01361	0.02034	0.02985	0.01342	0.02490	0.01662	0.06978	0.01260	0.01383	0.01091	0.00702	0.00531	0.00175	0.00835	0.00453	0.00389	0.01043
64	0.74145	0.01567	0.01224	0.01080	0.01578	0.01812	0.00890	0.05318	0.01464	0.03627	0.01143	0.01318	0.00882	0.00746	0.00505	0.00245	0.00626	0.00443	0.00505	0.00882
65	0.00963	0.00704	0.00906	0.01066	0.01140	0.00647	0.00719	0.01108	0.01554	0.02039	0.04829	0.63603	0.12960	0.02425	0.01003	0.00315	0.00453	0.02182	0.00736	0.00647
66	0.01604	0.01074	0.01362	0.01325	0.04223	0.01056	0.00957	0.02281	0.13440	0.11381	0.37508	0.09975	0.07624	0.01484	0.00894	0.00258	0.00490	0.01298	0.00839	0.00926
67	0.02211	0.02564	0.02315	0.37015	0.03995	0.34487	0.01876	0.02582	0.01908	0.01985	0.01320	0.01781	0.01040	0.00805	0.00755	0.00235	0.01239	0.00610	0.00380	0.00900
68	0.01153	0.00769	0.00865	0.00865	0.00865	0.00769	0.00480	0.01153	0.01153	0.01538	0.02499	0.05189	0.02883	0.72131	0.04036	0.00769	0.00769	0.01153	0.00480	0.00480
69	0.01002	0.00790	0.00861	0.00889	0.01076	0.00699	0.00635	0.01175	0.01676	0.02072	0.08610	0.14592	0.43196	0.14409	0.01499	0.00366	0.00488	0.04629	0.00696	0.00639
70	0.02047	0.01724	0.01892	0.07252	0.05107	0.04296	0.01353	0.19044	0.26536	0.03342	0.03406	0.03493	0.12536	0.01187	0.00829	0.00260	0.00736	0.03116	0.00720	0.01122
71	0.01227	0.01000	0.01117	0.01099	0.01375	0.00979	0.00861	0.01889	0.14590	0.02593	0.16822	0.06603	0.34134	0.01783	0.00935	0.00280	0.00492	0.10640	0.00773	0.00809
72	0.02962	0.03779	0.02247	0.02043	0.02451	0.68948	0.01532	0.03166	0.02247	0.01941	0.01226	0.01430	0.01021	0.00817	0.00715	0.00204	0.01430	0.00511	0.00409	0.00919
73	0.01870	0.09970	0.51272	0.02145	0.03144	0.13409	0.02555	0.02611	0.01767	0.02358	0.01362	0.01598	0.01009	0.00758	0.00726	0.00236	0.01188	0.00559	0.00348	0.01115
74	0.00990	0.00773	0.00898	0.00934	0.01120	0.00681	0.00675	0.01214	0.01831	0.02358	0.21086	0.25140	0.35373	0.02049	0.00958	0.00279	0.00411	0.01779	0.00769	0.00681
75	0.01568	0.01399	0.02234	0.55901	0.04700	0.01715	0.01990	0.06798	0.01711	0.02232	0.01541	0.02229	0.01201	0.01479	0.09710	0.00394	0.01182	0.00724	0.00396	0.00895
76	0.01133	0.00850	0.01274	0.01274	0.01416	0.00991	0.00991	0.01416	0.01274	0.01841	0.02124	0.03115	0.01982	0.05947	0.68989	0.01274	0.02124	0.00850	0.00425	0.00708
77	0.01001	0.00795	0.00901	0.00915	0.01131	0.00695	0.00682	0.01244	0.01883	0.02399	0.22292	0.15217	0.41812	0.01977	0.00952	0.00274	0.00414	0.03959	0.00771	0.00689
78	0.01972	0.01703	0.01793	0.01614	0.02062	0.01972	0.01255	0.04214	0.65752	0.03317	0.03228	0.02959	0.02421	0.01076	0.00807	0.00269	0.00628	0.00897	0.00807	0.01255
79	0.01590	0.04102	0.68023	0.02260	0.03432	0.01842	0.02930	0.02511	0.01674	0.02511	0.01423	0.01674	0.01005	0.00753	0.00753	0.00251	0.01172	0.00586	0.00335	0.01172
80	0.01133	0.00850	0.01274	0.01274	0.01416	0.00991	0.00991	0.01416	0.01274	0.01841	0.02124	0.03115	0.01982	0.05947	0.68989	0.01274	0.02124	0.00850	0.00425	0.00708
81	0.02932	0.06300	0.02322	0.02011	0.02436	0.64535	0.01525	0.04945	0.02267	0.02028	0.01241	0.01438	0.01031	0.00816	0.00710	0.00204	0.01392	0.00513	0.00417	0.00936
82	0.01963	0.07820	0.04517	0.03100	0.03884	0.02062	0.56539	0.02582	0.01867	0.05233	0.01628	0.02092	0.01220	0.00682	0.00895	0.00259	0.01269	0.00888	0.00421	0.01077
83	0.01543	0.00912	0.01215	0.01120	0.01377	0.00837	0.00880	0.01905	0.02199	0.13745	0.48877	0.05747	0.06227	0.01583	0.00931	0.00262	0.00466	0.08455	0.00874	0.00845
84	0.02143	0.01788	0.01889	0.01648	0.02127	0.02052	0.01297	0.14112	0.55575	0.03593	0.03010	0.02786	0.02245	0.01056	0.00805	0.00264	0.00668	0.00867	0.00805	0.01270
85	0.03558	0.01350	0.01840	0.01411	0.02024	0.01166	0.01166	0.03865	0.02270	0.67734	0.03128	0.02699	0.01963	0.00981	0.00797	0.00245	0.00675	0.00797	0.00981	0.01350
86	0.01122	0.00811	0.01060	0.00998	0.01185	0.00748	0.00748	0.01496	0.02245	0.03180	0.66766	0.05923	0.07482	0.01621	0.00935	0.00249	0.00374	0.01434	0.00873	0.00748
87	0.77733	0.01534	0.01166	0.01043	0.01534	0.01779	0.00859	0.02331	0.01350	0.03558	0.01104	0.01288	0.00859	0.00736	0.00491	0.00245	0.00613	0.00429	0.00491	0.00859
88	0.00964	0.00699	0.00911	0.01081	0.01144	0.00646	0.00726	0.01107	0.01541	0.02033	0.04655	0.66648	0.10027	0.02447	0.01006	0.00318	0.00456	0.02209	0.00736	0.00646
89	0.01153	0.00769	0.00865	0.00865	0.00865	0.00769	0.00480	0.01153	0.01153	0.01538	0.02499	0.05189	0.02883	0.72131	0.04036	0.00769	0.00769	0.01153	0.00480	0.00480
90	0.02456	0.02944	0.05485	0.02622	0.06484	0.32850	0.22761	0.07829	0.02163	0.02444	0.01423	0.01754	0.01122	0.00789	0.00864	0.00236	0.03624	0.00689	0.00432	0.01030
91	0.03041	0.02179	0.02354	0.01805	0.02438	0.02397	0.01491	0.61627	0.03658	0.08010	0.01963	0.01942	0.01378	0.00953	0.00793	0.00238	0.00863	0.00718	0.00802	0.01349
92	0.01773	0.05254	0.38158	0.02497	0.12032	0.01831	0.07290	0.07221	0.01892	0.02737	0.04718	0.01965	0.01418	0.00783	0.00763	0.00236	0.01033	0.00668	0.00422	0.07311
93	0.01122	0.00811	0.01060	0.00998	0.01185	0.00748	0.00748	0.01496	0.02245	0.03180	0.66766	0.05923	0.07482	0.01621	0.00935	0.00249	0.00374	0.01434	0.00873	0.00748
94	0.01954	0.01839	0.03069	0.13158	0.56070	0.01896	0.02359	0.05399	0.01871	0.02635	0.01501	0.01979	0.01235	0.00730	0.00786	0.00239	0.00954	0.00707	0.00407	0.01212
95	0.02238	0.01593	0.01775	0.01527	0.01990	0.01744	0.01206	0.10834	0.40297	0.13782	0.11159	0.03172	0.02868	0.01116	0.00820	0.00259	0.00631	0.00928	0.00842	0.01216
96	0.01735	0.01735	0.02429	0.02082	0.02082	0.02429	0.01735	0.01908	0.01214	0.01908	0.01041	0.01735	0.01041	0.01388	0.02602	0.00347	0.70680	0.00694	0.00347	0.00867
97	0.00992	0.00715	0.00943	0.01100	0.01173	0.00666	0.00758	0.01162	0.01602	0.02136	0.09364	0.60691	0.08062	0.02382	0.01007	0.00316	0.00464	0.05062	0.00746	0.00657
98	0.01007	0.00722	0.00957	0.01076	0.01159	0.00672	0.00739	0.01208	0.01710	0.02329	0.20833	0.54282	0.05835	0.02257	0.00992	0.00303	0.00437	0.02038	0.00772	0.00672
99	0.00967	0.00707	0.00910	0.01065	0.01142	0.00650	0.00720	0.01119	0.01574	0.02071	0.06570	0.62021	0.12766	0.02402	0.01001	0.00313	0.00451	0.02161	0.00740	0.00650
100	0.01117	0.00762	0.00912	0.00956	0.00990	0.00747	0.00596	0.01194	0.01350	0.01812	0.07976	0.19788	0.03834	0.48134	0.02996	0.00612	0.00670	0.04427	0.00579	0.00549
101	0.03188	0.01259	0.01672	0.01311	0.01863	0.01093	0.01073	0.03492	0.02186	0.57500	0.03476	0.03111	0.07120	0.01059	0.00790	0.00242	0.00629	0.00862	0.06826	0.01248
102	0.02898	0.12591	0.02465	0.01904	0.02364	0.55082	0.01481	0.03117	0.02166	0.07037	0.01357	0.01508	0.01094	0.00812	0.00694	0.00203	0.01295	0.00522	0.00444	0.00966
103	0.07488	0.01494	0.02418	0.54489	0.14948	0.01783	0.02135	0.02114	0.01602	0.02235	0.01399	0.02026	0.01073	0.00775	0.00768	0.00258	0.01004	0.00684	0.00369	0.00939
104	0.65718	0.01635	0.04030	0.06723	0.01949	0.01787	0.01067	0.02381	0.03684	0.03382	0.01218	0.01431	0.00937	0.00754	0.00537	0.00248	0.00673	0.00475	0.00484	0.00888
105	0.02655	0.02092	0.02315	0.13101	0.02914	0.04773	0.01597	0.45755	0.09672	0.04221	0.01933	0.02029	0.01398	0.00933	0.00792	0.00244	0.00899	0.00724	0.00708	0.01246
106	0.05393	0.05433	0.08304	0.06723	0.31257	0.01923	0.01980	0.10255	0.07639	0.10649	0.01842	0.02052	0.01393	0.00810	0.00761	0.00240	0.00882	0.00699	0.00542	0.01223
107	0.13490	0.25422	0.23179	0.01692	0.02453	0.11617	0.01783	0.02638	0.01732	0.07443	0.01377	0.01533	0.01064	0.00753	0.00634	0.00217	0.00982	0.00516	0.00420	0.01054
108	0.01379	0.00998	0.01281	0.01211	0.01369	0.01105	0.00890	0.09364	0.01547	0.02144	0.02218	0.03638	0.02196	0.26921	0.39102	0.00977	0.01522	0.00931	0.00490	0.00715
109	0.02278	0.14731	0.07697	0.01858	0.06664	0.02153	0.01530	0.18016	0.17170	0.08464	0.04654	0.02283	0.01810	0.01123	0.03253	0.00276	0.03486	0.00733	0.00639	0.01182
110	0.04321	0.06634	0.35505	0.02081	0.05521	0.01742	0.07184	0.04763	0.01804	0.05484	0.04230	0.01915	0.01380	0.00766	0.00731	0.00224	0.00977	0.00636	0.00438	0.13664
111	0.01036	0.00803	0.01212	0.01278	0.01383	0.00750	0.05670	0.01216	0.01546	0.02064	0.04156	0.66222	0.04931	0.02343	0.01006	0.00318	0.00528	0.02152	0.00710	0.00677
112	0.01909	0.01889	0.03400	0.09907	0.51418	0.01895	0.12977	0.02419	0.01799	0.02536	0.01504	0.02005	0.01231	0.00707	0.00811	0.00243	0.01019	0.00746	0.00391	0.01194
113	0.01788	0.15426	0.37855	0.02795	0.18834	0.02087	0.05582	0.02470	0.01705	0.02419	0.01393	0.01698	0.01078	0.00725	0.00727	0.00234	0.01067	0.00605	0.00353	0.01161
114	0.01610	0.01559	0.02521	0.28003	0.22438	0.04065	0.07612	0.02044	0.01701	0.02241	0.02243	0.13351	0.05060	0.01086	0.00843	0.00263	0.00935	0.01013	0.00451	0.00962
115	0.01036	0.00733	0.00964	0.01112	0.01176	0.00698	0.00771	0.01196	0.01545	0.02062	0.07144	0.52233	0.04969	0.11270	0.01404	0.00381	0.00529	0.09429	0.00709	0.00639
116	0.34364	0.01418	0.01684	0.23299	0.02873	0.01596	0.01345	0.02496	0.01657	0.15896	0.05096	0.02082	0.01495	0.00850	0.00673	0.00252	0.00755	0.00645	0.00565	0.00958
117	0.03375	0.10419	0.02135	0.01404	0.02026	0.01417	0.01190	0.03675	0.02186	0.59351	0.02871	0.02517	0.01843	0.00943	0.00761	0.00236	0.00697	0.00750	0.00900	0.01307
118	0.00966	0.00690	0.00920	0.01104	0.01150	0.00644	0.00736	0.01104	0.01518	0.02024	0.04371	0.71614	0.05245	0.02484	0.01012	0.00322	0.00460	0.02254	0.00736	0.00644
119	0.03558	0.01350	0.01840	0.01411	0.02024	0.01166	0.01166	0.03865	0.02270	0.67734	0.03128	0.02699	0.01963	0.00981	0.00797	0.00245	0.00675	0.00797	0.00981	0.01350
120	0.01612	0.01390	0.01713	0.01242	0.01911	0.01069	0.03310	0.01978	0.01699	0.02629	0.06489	0.01995	0.01665	0.00671	0.00627	0.00133	0.00599	0.00562	0.00499	0.68206
121	0.01811	0.08702	0.37718	0.08483	0.11622	0.01928	0.10079	0.02524	0.01734	0.05897	0.01518	0.01828	0.01117	0.00747	0.00766	0.00245	0.01100	0.00653	0.00386	0.01142
122	0.01145	0.00800	0.01024	0.01024	0.01079	0.00855	0.00679	0.01255	0.01200	0.01655	0.02353	0.04385	0.02534	0.46471	0.29219	0.00965	0.01294	0.01035	0.00459	0.00569
123	0.02317	0.01632	0.01888	0.07128	0.02327	0.01797	0.01318	0.13718	0.34104	0.14808	0.07887	0.02906	0.02454	0.01059	0.00812	0.00258	0.00691	0.00876	0.00804	0.01217
124	0.71809	0.04247	0.01328	0.01087	0.01590	0.01858	0.00904	0.04886	0.01457	0.03553	0.01137	0.01313	0.00885	0.00743	0.00504	0.00242	0.00633	0.00441	0.00497	0.00885
125	0.01955	0.01905	0.03337	0.04744	0.62073	0.01894	0.07451	0.02442	0.01811	0.02587	0.01501	0.01977	0.01252	0.00703	0.00797	0.00238	0.00974	0.00725	0.00393	0.01241
126	0.01138	0.00786	0.00961	0.01034	0.01090	0.00773	0.00702	0.01248	0.01385	0.01825	0.03385	0.18298	0.05741	0.42100	0.02751	0.00584	0.00692	0.14346	0.00589	0.00570
127	0.00966	0.00690	0.00920	0.01104	0.01150	0.00644	0.00736	0.01104	0.01518	0.02024	0.04371	0.71614	0.05245	0.02484	0.01012	0.00322	0.00460	0.02254	0.00736	0.00644
128	0.01153	0.00769	0.00865	0.00865	0.00865	0.00769	0.00480	0.01153	0.01153	0.01538	0.02499	0.05189	0.02883	0.72131	0.04036	0.00769	0.00769	0.01153	0.00480	0.00480
129	0.01108	0.00810	0.01040	0.00983	0.01176	0.00742	0.00737	0.01469	0.02211	0.03099	0.62208	0.06056	0.12091	0.01651	0.00935	0.00251	0.00376	0.01453	0.00862	0.00742
130	0.00966	0.00690	0.00920	0.01104	0.01150	0.00644	0.00736	0.01104	0.01518	0.02024	0.04371	0.71614	0.05245	0.02484	0.01012	0.00322	0.00460	0.02254	0.00736	0.00644
131	0.00995	0.00801	0.00887	0.00875	0.01109	0.00693	0.00653	0.01247	0.01931	0.02457	0.25961	0.09649	0.46141	0.01908	0.00940	0.00264	0.00396	0.01623	0.00778	0.00693
132	0.02716	0.15757	0.02598	0.01925	0.02349	0.52061	0.01517	0.02927	0.02053	0.01925	0.01189	0.01426	0.01022	0.00838	0.00828	0.00209	0.06824	0.00510	0.00391	0.00933
133	0.77733	0.01534	0.01166	0.01043	0.01534	0.01779	0.00859	0.02331	0.01350	0.03558	0.01104	0.01288	0.00859	0.00736	0.00491	0.00245	0.00613	0.00429	0.00491	0.00859

[dist]
# distance from previous block
# <min> <max>
0	1

[block]
# block no. 5 follows, 24 sequences, length 59
# corresponding to MSA columns:
# 271-329
name=unknown_F
#
# <colnr> <probs for GDERKNQSTAVLIFYWHMCP>
#	G	D	E	R	K	N	Q	S	T	A	V	L	I	F	Y	W	H	M	C	P
0	0.01260	0.08469	0.10000	0.01213	0.01556	0.01115	0.01090	0.01657	0.01998	0.02788	0.42351	0.14743	0.05658	0.01543	0.00880	0.00252	0.00538	0.01345	0.00729	0.00815
1	0.02037	0.04509	0.03235	0.06653	0.53616	0.01982	0.05786	0.07699	0.01958	0.02746	0.01516	0.01947	0.01245	0.00727	0.00784	0.00236	0.00959	0.00710	0.00424	0.01232
2	0.10920	0.02054	0.02193	0.01697	0.02314	0.02246	0.01402	0.51368	0.03319	0.11713	0.01954	0.01926	0.01364	0.00932	0.00762	0.00240	0.00824	0.00693	0.00782	0.01297
3	0.02964	0.03720	0.02252	0.02035	0.02452	0.66432	0.01531	0.05489	0.02303	0.02056	0.01251	0.01448	0.01034	0.00822	0.00718	0.00206	0.01409	0.00518	0.00423	0.00936
4	0.02364	0.01991	0.13851	0.07441	0.02488	0.01636	0.01556	0.21061	0.02341	0.18221	0.02316	0.07560	0.01886	0.10228	0.01222	0.00319	0.00853	0.00878	0.00672	0.01114
5	0.01667	0.01601	0.02721	0.43520	0.23723	0.01852	0.04591	0.02160	0.01638	0.02207	0.01417	0.02044	0.01121	0.00802	0.00917	0.00261	0.05678	0.00713	0.00366	0.01000
6	0.02904	0.01897	0.02132	0.01646	0.02242	0.02002	0.01352	0.44702	0.03229	0.17032	0.07568	0.02386	0.01976	0.00998	0.00797	0.00235	0.00780	0.00780	0.00823	0.04514
7	0.00964	0.00697	0.00913	0.01085	0.01145	0.00646	0.00727	0.01106	0.01537	0.02032	0.04609	0.67457	0.09248	0.02453	0.01007	0.00319	0.00456	0.02217	0.00736	0.00646
8	0.42073	0.02595	0.20220	0.04080	0.02353	0.12034	0.01595	0.02498	0.01587	0.02960	0.01224	0.01449	0.00932	0.00755	0.00610	0.00241	0.00912	0.00496	0.00429	0.00957
9	0.01133	0.00850	0.01274	0.01274	0.01416	0.00991	0.00991	0.01416	0.01274	0.01841	0.02124	0.03115	0.01982	0.05947	0.68989	0.01274	0.02124	0.00850	0.00425	0.00708
10	0.01153	0.00769	0.00865	0.00865	0.00865	0.00769	0.00480	0.01153	0.01153	0.01538	0.02499	0.05189	0.02883	0.72131	0.04036	0.00769	0.00769	0.01153	0.00480	0.00480
11	0.59312	0.05404	0.01595	0.01393	0.05377	0.05487	0.01063	0.07606	0.01636	0.03451	0.01199	0.01385	0.00939	0.00754	0.00546	0.00238	0.00709	0.00473	0.00498	0.00934
12	0.00965	0.00694	0.00916	0.01093	0.01147	0.00645	0.00731	0.01105	0.01529	0.02029	0.04508	0.69221	0.07550	0.02467	0.01009	0.00320	0.00458	0.02233	0.00736	0.00645
13	0.01905	0.01782	0.02854	0.04110	0.52835	0.01817	0.02139	0.02633	0.11362	0.02740	0.06349	0.02390	0.01868	0.00826	0.00799	0.00241	0.00855	0.00786	0.00488	0.01220
14	0.02648	0.01999	0.02168	0.01679	0.02291	0.02134	0.01371	0.48005	0.07612	0.04385	0.02005	0.04451	0.01535	0.00957	0.00769	0.00224	0.00795	0.00743	0.00740	0.13488
15	0.12244	0.02052	0.02553	0.12646	0.18174	0.12171	0.07475	0.05906	0.05440	0.05560	0.01552	0.01896	0.01217	0.00841	0.00907	0.00251	0.06916	0.00674	0.00470	0.01056
16	0.02104	0.67907	0.04190	0.01489	0.02176	0.03062	0.05556	0.02386	0.01629	0.01911	0.01136	0.01330	0.01030	0.00678	0.00537	0.00176	0.00881	0.00458	0.00343	0.01021
17	0.00966	0.00690	0.00920	0.01104	0.01150	0.00644	0.00736	0.01104	0.01518	0.02024	0.04371	0.71614	0.05245	0.02484	0.01012	0.00322	0.00460	0.02254	0.00736	0.00644
18	0.01644	0.01409	0.01644	0.01175	0.01879	0.01057	0.00940	0.01997	0.01644	0.02584	0.01409	0.01644	0.01175	0.00587	0.00587	0.00117	0.00587	0.00470	0.00470	0.76979
19	0.01673	0.01404	0.02333	0.64380	0.05170	0.01711	0.02114	0.02182	0.01644	0.07608	0.01555	0.02164	0.01134	0.00809	0.00793	0.00263	0.01025	0.00713	0.00406	0.00921
20	0.01103	0.00810	0.01033	0.00977	0.01173	0.00740	0.00733	0.01459	0.02199	0.03072	0.60641	0.06102	0.13675	0.01662	0.00935	0.00251	0.00377	0.01459	0.00859	0.00740
21	0.72784	0.01521	0.01211	0.01067	0.01566	0.01738	0.00879	0.02433	0.01411	0.07839	0.01239	0.01382	0.00932	0.00752	0.00511	0.00245	0.00618	0.00454	0.00523	0.00892
22	0.00947	0.00767	0.00841	0.00900	0.01097	0.00661	0.00646	0.01127	0.01714	0.02104	0.06854	0.28227	0.47028	0.02162	0.00961	0.00285	0.00420	0.01861	0.00736	0.00661
23	0.01133	0.00850	0.01274	0.01274	0.01416	0.00991	0.00991	0.01416	0.01274	0.01841	0.02124	0.03115	0.01982	0.05947	0.68989	0.01274	0.02124	0.00850	0.00425	0.00708
24	0.02230	0.65351	0.03941	0.01405	0.02063	0.07454	0.01361	0.02483	0.01678	0.04334	0.01186	0.01336	0.01053	0.00699	0.00533	0.00175	0.00880	0.00444	0.00368	0.01023
25	0.39537	0.01568	0.01712	0.06187	0.02132	0.01733	0.05302	0.09155	0.07286	0.08690	0.07923	0.02172	0.01809	0.00893	0.00668	0.00250	0.00703	0.00679	0.00611	0.00989
26	0.05971	0.37409	0.10525	0.01846	0.05123	0.09253	0.06897	0.02518	0.04584	0.02237	0.03876	0.01707	0.01351	0.00780	0.00696	0.00210	0.03014	0.00575	0.00403	0.01027
27	0.02447	0.01819	0.01989	0.01638	0.02120	0.01994	0.01306	0.44596	0.08481	0.04160	0.02593	0.18279	0.02350	0.01320	0.00846	0.00260	0.00755	0.01089	0.00781	0.01176
28	0.02120	0.72609	0.04155	0.01357	0.02035	0.03138	0.01357	0.02374	0.01611	0.01866	0.01102	0.01272	0.01018	0.00678	0.00509	0.00170	0.00848	0.00424	0.00339	0.01018
29	0.01529	0.01315	0.02101	0.16281	0.16908	0.01392	0.04540	0.02044	0.04493	0.02398	0.02881	0.05467	0.02884	0.01466	0.00946	0.00308	0.00866	0.30701	0.00568	0.00914
30	0.02088	0.01904	0.02963	0.04151	0.52394	0.01962	0.02195	0.09982	0.09032	0.02955	0.01730	0.02065	0.01394	0.00776	0.00788	0.00239	0.00899	0.00728	0.00485	0.01267
31	0.01377	0.00689	0.01033	0.01033	0.01033	0.00689	0.00689	0.01033	0.01033	0.01377	0.01377	0.02410	0.01377	0.02755	0.03099	0.76928	0.00689	0.00689	0.00344	0.00344
32	0.00966	0.00690	0.00920	0.01104	0.01150	0.00644	0.00736	0.01104	0.01518	0.02024	0.04371	0.71614	0.05245	0.02484	0.01012	0.00322	0.00460	0.02254	0.00736	0.00644
33	0.01098	0.00784	0.01071	0.01255	0.01358	0.00758	0.00965	0.01332	0.01648	0.02172	0.04298	0.45123	0.04957	0.02360	0.01047	0.00340	0.00574	0.27445	0.00734	0.00680
34	0.01923	0.01615	0.05661	0.01452	0.02179	0.01197	0.06465	0.02328	0.01751	0.11513	0.01663	0.01833	0.01276	0.00658	0.00655	0.00155	0.00696	0.00561	0.00527	0.55894
35	0.02129	0.04965	0.32712	0.02029	0.07268	0.01646	0.02060	0.06180	0.01915	0.16105	0.01794	0.01901	0.01269	0.00777	0.00731	0.00223	0.00926	0.00620	0.00521	0.14230
36	0.65925	0.01766	0.06174	0.01324	0.01889	0.01803	0.06394	0.02361	0.01417	0.03398	0.01169	0.01388	0.00898	0.00732	0.00547	0.00248	0.00714	0.00483	0.00472	0.00899
37	0.01700	0.10818	0.51833	0.02554	0.12753	0.01981	0.02694	0.02486	0.01687	0.02457	0.01400	0.01676	0.01043	0.00739	0.00733	0.00240	0.01104	0.00587	0.00344	0.01169
38	0.00953	0.00804	0.00825	0.00820	0.01081	0.00676	0.00615	0.01168	0.01845	0.02230	0.13022	0.07486	0.61819	0.01975	0.00937	0.00266	0.00399	0.01653	0.00748	0.00676
39	0.02512	0.01971	0.02097	0.01723	0.02268	0.02224	0.01386	0.35445	0.33642	0.04187	0.02542	0.02413	0.01866	0.01012	0.00800	0.00253	0.00754	0.00802	0.00800	0.01304
40	0.01887	0.01679	0.01816	0.01748	0.06561	0.04074	0.01263	0.03565	0.46817	0.03075	0.05305	0.03051	0.05766	0.01059	0.00791	0.00248	0.00652	0.00886	0.00728	0.09029
41	0.01604	0.08758	0.60062	0.02131	0.03218	0.01876	0.02706	0.02449	0.01699	0.02500	0.04778	0.01866	0.01340	0.00793	0.00746	0.00245	0.01108	0.00618	0.00363	0.01139
42	0.06888	0.01446	0.02297	0.59563	0.04898	0.01820	0.02068	0.02038	0.01537	0.02124	0.01357	0.02024	0.01042	0.00839	0.00925	0.00270	0.06940	0.00684	0.00362	0.00878
43	0.01196	0.00821	0.01078	0.01019	0.01211	0.00756	0.00762	0.01552	0.02197	0.05340	0.60399	0.10194	0.07142	0.01657	0.00936	0.00254	0.00390	0.01467	0.00868	0.00762
44	0.01635	0.01678	0.03224	0.45647	0.04978	0.01851	0.25024	0.02215	0.01691	0.02215	0.01481	0.02123	0.01111	0.00747	0.00845	0.00265	0.01160	0.00790	0.00370	0.00950
45	0.02007	0.19614	0.38483	0.02116	0.06498	0.08672	0.02276	0.02635	0.01765	0.06905	0.01453	0.01646	0.01091	0.00756	0.00698	0.00226	0.01074	0.00563	0.00392	0.01129
46	0.01153	0.00769	0.00865	0.00865	0.00865	0.00769	0.00480	0.01153	0.01153	0.01538	0.02499	0.05189	0.02883	0.72131	0.04036	0.00769	0.00769	0.01153	0.00480	0.00480
47	0.01478	0.00739	0.00739	0.00739	0.00924	0.00739	0.00554	0.01848	0.01663	0.02956	0.02587	0.02956	0.02033	0.00924	0.00554	0.00185	0.00370	0.00739	0.76534	0.00739
48	0.01958	0.20588	0.06732	0.02489	0.03184	0.08127	0.34392	0.02456	0.01778	0.02251	0.01477	0.01914	0.01197	0.01136	0.06578	0.00321	0.01278	0.00743	0.00385	0.01016
49	0.03014	0.02221	0.02380	0.01825	0.02459	0.02459	0.01507	0.64541	0.03728	0.04998	0.01904	0.01904	0.01349	0.00952	0.00793	0.00238	0.00873	0.00714	0.00793	0.01349
50	0.01144	0.00772	0.00902	0.00909	0.00923	0.00783	0.00534	0.01174	0.01178	0.01583	0.02542	0.07688	0.02902	0.63705	0.09432	0.00794	0.00871	0.01172	0.00486	0.00506
51	0.00972	0.00704	0.00919	0.01078	0.01147	0.00651	0.00727	0.01127	0.01577	0.02094	0.07945	0.63685	0.09633	0.02405	0.01003	0.00314	0.00451	0.02170	0.00743	0.00651
52	0.01811	0.12748	0.05368	0.30775	0.05952	0.04019	0.13088	0.05830	0.05203	0.02362	0.01638	0.04780	0.01338	0.00842	0.00780	0.00248	0.01029	0.00766	0.00426	0.00996
53	0.77733	0.01534	0.01166	0.01043	0.01534	0.01779	0.00859	0.02331	0.01350	0.03558	0.01104	0.01288	0.00859	0.00736	0.00491	0.00245	0.00613	0.00429	0.00491	0.00859
54	0.01789	0.19043	0.46722	0.02236	0.07576	0.04833	0.02492	0.02502	0.01693	0.02352	0.01349	0.01596	0.01026	0.00736	0.00700	0.00230	0.01095	0.00556	0.00343	0.01134
55	0.00966	0.00690	0.00920	0.01104	0.01150	0.00644	0.00736	0.01104	0.01518	0.02024	0.04371	0.71614	0.05245	0.02484	0.01012	0.00322	0.00460	0.02254	0.00736	0.00644
56	0.01920	0.02003	0.03901	0.04155	0.37732	0.01941	0.31340	0.02483	0.01836	0.02567	0.01544	0.02045	0.01231	0.00689	0.00855	0.00250	0.01127	0.00814	0.00397	0.01169
57	0.05179	0.14292	0.28680	0.02782	0.21486	0.06196	0.02285	0.05705	0.01830	0.02568	0.01390	0.01673	0.01092	0.00741	0.00712	0.00230	0.01030	0.00590	0.00387	0.01152
58	0.01541	0.01666	0.09485	0.01878	0.02377	0.01388	0.17957	0.05345	0.06603	0.02981	0.29876	0.04262	0.04218	0.01243	0.00911	0.00264	0.00787	0.05603	0.00670	0.00945

[dist]
# distance from previous block
# <min> <max>
9	18

# created by:
# /st0/software/busco_prod/Augustus/scripts/msa2prfl.pl ./align_prep/105898.fa
