[name]
unknown

[dist]
# distance from previous block
# <min> <max>
0	32

[block]
# block no. 0 follows, 23 sequences, length 53
# corresponding to MSA columns:
# 32-84
name=unknown_A
#
# <colnr> <probs for GDERKNQSTAVLIFYWHMCP>
#	G	D	E	R	K	N	Q	S	T	A	V	L	I	F	Y	W	H	M	C	P
0	0.01547	0.01028	0.03397	0.01143	0.01434	0.00873	0.00922	0.01938	0.02267	0.12865	0.52312	0.05519	0.06483	0.01550	0.00935	0.00259	0.00468	0.03301	0.00887	0.00873
1	0.01984	0.48846	0.25758	0.01704	0.02570	0.02758	0.01938	0.02477	0.01671	0.02134	0.01240	0.01442	0.01037	0.00720	0.00606	0.00202	0.00981	0.00490	0.00346	0.01095
2	0.01062	0.00815	0.00961	0.00945	0.01150	0.00726	0.00694	0.01340	0.02014	0.02670	0.35640	0.11784	0.30367	0.04881	0.01100	0.00291	0.00418	0.01617	0.00810	0.00714
3	0.01028	0.00779	0.00948	0.01001	0.01162	0.00699	0.00714	0.01262	0.01870	0.02466	0.24219	0.31738	0.24922	0.02124	0.00988	0.00290	0.00426	0.01869	0.00796	0.00699
4	0.01701	0.13405	0.58717	0.02187	0.03318	0.02065	0.02779	0.02551	0.01704	0.02480	0.01412	0.01657	0.01030	0.00760	0.00737	0.00246	0.01154	0.00577	0.00343	0.01178
5	0.01180	0.00787	0.00885	0.00885	0.00885	0.00787	0.00492	0.01180	0.01180	0.01573	0.02557	0.05310	0.02950	0.71483	0.04130	0.00787	0.00787	0.01180	0.00492	0.00492
6	0.01520	0.01363	0.02263	0.38891	0.13176	0.01539	0.03951	0.01980	0.01795	0.02418	0.16393	0.03057	0.02652	0.01083	0.00957	0.03767	0.00895	0.00901	0.00491	0.00907
7	0.01148	0.00829	0.01085	0.01021	0.01212	0.00766	0.00766	0.01531	0.02297	0.03254	0.65994	0.06061	0.07656	0.01659	0.00957	0.00255	0.00383	0.01467	0.00893	0.00766
8	0.01683	0.01442	0.01683	0.01202	0.01923	0.01082	0.00961	0.02043	0.01683	0.02644	0.01442	0.01683	0.01202	0.00601	0.00601	0.00120	0.00601	0.00481	0.00481	0.76444
9	0.01558	0.01237	0.01479	0.01523	0.06318	0.03542	0.01055	0.02352	0.16523	0.05516	0.36180	0.11112	0.05326	0.01494	0.00910	0.00264	0.00544	0.01310	0.00815	0.00942
10	0.01691	0.12081	0.59947	0.02205	0.03346	0.02039	0.02811	0.02553	0.01706	0.02493	0.01418	0.01665	0.01029	0.00762	0.00742	0.00247	0.01161	0.00580	0.00343	0.01181
11	0.02952	0.03616	0.02387	0.02309	0.07646	0.58951	0.01640	0.06812	0.02354	0.02227	0.01318	0.01536	0.01085	0.00835	0.00742	0.00214	0.01389	0.00551	0.00440	0.00995
12	0.02975	0.08690	0.02462	0.02008	0.02478	0.54486	0.01551	0.11398	0.02457	0.02405	0.01339	0.01517	0.01090	0.00844	0.00727	0.00211	0.01342	0.00544	0.00466	0.01008
13	0.02008	0.01928	0.03294	0.04981	0.66422	0.01928	0.02490	0.02490	0.01848	0.02651	0.01526	0.02008	0.01285	0.00723	0.00803	0.00241	0.00964	0.00723	0.00402	0.01285
14	0.02094	0.01704	0.01809	0.01611	0.02071	0.01948	0.01258	0.06152	0.57768	0.05884	0.03225	0.02981	0.02405	0.01086	0.00814	0.00269	0.00641	0.00900	0.04110	0.01268
15	0.01218	0.00897	0.01090	0.01195	0.01321	0.00804	0.00819	0.01345	0.01825	0.02436	0.13934	0.49029	0.16027	0.02407	0.01083	0.00342	0.00519	0.02093	0.00830	0.00785
16	0.01169	0.00782	0.00888	0.00900	0.00903	0.00779	0.00507	0.01177	0.01202	0.01603	0.02672	0.09253	0.03095	0.67342	0.03944	0.00759	0.00768	0.01248	0.00507	0.00502
17	0.01111	0.00828	0.01033	0.00982	0.01189	0.00750	0.00736	0.01459	0.02209	0.03046	0.54690	0.06403	0.19089	0.01736	0.00957	0.00259	0.00388	0.01515	0.00866	0.00750
18	0.01415	0.00708	0.01040	0.01040	0.01051	0.00708	0.00697	0.01104	0.01093	0.01500	0.01479	0.02498	0.01447	0.02714	0.03025	0.72125	0.00686	0.00708	0.04587	0.00375
19	0.06608	0.49327	0.03544	0.01563	0.02171	0.20988	0.01409	0.02650	0.01812	0.02027	0.01163	0.01347	0.01033	0.00736	0.00578	0.00188	0.01018	0.00459	0.00375	0.01005
20	0.00987	0.00821	0.00867	0.00896	0.01146	0.00701	0.00679	0.01200	0.01827	0.02200	0.07630	0.12960	0.56690	0.02108	0.00977	0.00286	0.00441	0.06144	0.00753	0.00688
21	0.01810	0.02039	0.10349	0.07331	0.03250	0.01729	0.25963	0.08125	0.04870	0.02765	0.02070	0.11469	0.01829	0.00992	0.00866	0.00255	0.01018	0.00993	0.00513	0.11765
22	0.02186	0.01539	0.01809	0.01337	0.02024	0.01302	0.01080	0.09582	0.04454	0.13760	0.01867	0.01946	0.01407	0.00731	0.00670	0.00162	0.00651	0.00583	0.00620	0.52290
23	0.05372	0.02111	0.04514	0.01681	0.02207	0.10050	0.01379	0.21412	0.21025	0.09699	0.09685	0.02721	0.02407	0.01059	0.00810	0.00251	0.00814	0.00836	0.00765	0.01201
24	0.01197	0.00935	0.01365	0.04246	0.01548	0.00953	0.05784	0.01351	0.01420	0.01910	0.03160	0.32004	0.03631	0.29126	0.04565	0.00534	0.03458	0.01582	0.00581	0.00651
25	0.07078	0.01952	0.02075	0.01677	0.02257	0.02143	0.01355	0.32655	0.24429	0.06368	0.02366	0.02287	0.01734	0.00976	0.00781	0.00245	0.00761	0.00760	0.00778	0.07322
26	0.01799	0.06610	0.53157	0.02365	0.03463	0.01922	0.10420	0.02645	0.01770	0.06146	0.01563	0.01814	0.01109	0.00770	0.00786	0.00255	0.01178	0.00650	0.00388	0.01190
27	0.03044	0.12132	0.02238	0.01464	0.02026	0.01626	0.01242	0.06108	0.02167	0.44256	0.03029	0.02797	0.06499	0.01067	0.00929	0.00249	0.06251	0.00812	0.00825	0.01238
28	0.01559	0.01599	0.05324	0.02154	0.04970	0.01645	0.17671	0.01930	0.01585	0.02260	0.09076	0.03126	0.02300	0.12334	0.12261	0.00525	0.17391	0.00952	0.00465	0.00874
29	0.00987	0.00814	0.00868	0.00874	0.01118	0.00694	0.00648	0.01212	0.01887	0.02329	0.15880	0.12620	0.53183	0.02039	0.00965	0.00276	0.00412	0.01726	0.00773	0.00694
30	0.01407	0.01260	0.01764	0.01621	0.01765	0.04132	0.04077	0.01672	0.01378	0.01953	0.02025	0.08149	0.01984	0.04203	0.41054	0.00903	0.18495	0.00935	0.00439	0.00785
31	0.06070	0.10872	0.37464	0.01869	0.02723	0.06720	0.02136	0.02514	0.01859	0.06489	0.11596	0.02371	0.02119	0.00919	0.00757	0.00243	0.00991	0.00715	0.00484	0.01088
32	0.05422	0.02157	0.05492	0.16766	0.03397	0.06956	0.10855	0.25251	0.02597	0.10436	0.01825	0.02049	0.01302	0.00872	0.00814	0.00253	0.01027	0.00739	0.00614	0.01174
33	0.00997	0.00729	0.00938	0.01086	0.01170	0.00670	0.00738	0.01164	0.01643	0.02173	0.09464	0.58742	0.12662	0.02420	0.01021	0.00318	0.00457	0.02175	0.00764	0.00670
34	0.01589	0.01088	0.01445	0.01319	0.01379	0.01267	0.00968	0.06329	0.01369	0.01927	0.01634	0.02805	0.01635	0.14613	0.02929	0.36353	0.16297	0.00796	0.03661	0.00597
35	0.08772	0.02229	0.02197	0.04069	0.02416	0.13533	0.01461	0.28118	0.02749	0.17782	0.01952	0.01989	0.01386	0.00971	0.00926	0.00250	0.06593	0.00689	0.00709	0.01209
36	0.01093	0.00815	0.01000	0.00975	0.01164	0.00739	0.00714	0.01393	0.02070	0.02816	0.43937	0.11622	0.20955	0.05725	0.01141	0.00295	0.00419	0.01576	0.00827	0.00723
37	0.01176	0.00801	0.00956	0.00956	0.00981	0.00825	0.00580	0.01226	0.01201	0.01626	0.02492	0.04950	0.02794	0.60404	0.14996	0.00874	0.01022	0.01127	0.00482	0.00531
38	0.02961	0.02154	0.02304	0.01780	0.02393	0.02378	0.01466	0.58869	0.03649	0.04950	0.02003	0.02033	0.01435	0.00972	0.00793	0.00239	0.00853	0.00733	0.06705	0.01331
39	0.07241	0.02025	0.02258	0.05625	0.04876	0.04832	0.01496	0.37647	0.03061	0.19572	0.02132	0.02103	0.01470	0.00945	0.00792	0.00246	0.00866	0.00725	0.00784	0.01304
40	0.01180	0.00787	0.00885	0.00885	0.00885	0.00787	0.00492	0.01180	0.01180	0.01573	0.02557	0.05310	0.02950	0.71483	0.04130	0.00787	0.00787	0.01180	0.00492	0.00492
41	0.77215	0.01569	0.01193	0.01067	0.01569	0.01820	0.00879	0.02385	0.01381	0.03641	0.01130	0.01318	0.00879	0.00753	0.00502	0.00251	0.00628	0.00439	0.00502	0.00879
42	0.02260	0.03816	0.01827	0.01277	0.01971	0.01186	0.01042	0.02604	0.01865	0.21042	0.01935	0.01979	0.01427	0.00720	0.00660	0.00159	0.00636	0.00575	0.00626	0.52394
43	0.00997	0.00720	0.00943	0.01106	0.01175	0.00667	0.00746	0.01156	0.01615	0.02149	0.08377	0.63527	0.08898	0.02462	0.01027	0.00322	0.00462	0.02223	0.00762	0.00667
44	0.01159	0.00869	0.01304	0.01304	0.01449	0.01014	0.01014	0.01449	0.01304	0.01884	0.02173	0.03188	0.02029	0.06086	0.68268	0.01304	0.02173	0.00869	0.00435	0.00724
45	0.01035	0.00711	0.00950	0.01110	0.01160	0.00665	0.00742	0.01123	0.01510	0.02002	0.04276	0.60832	0.07290	0.02554	0.01272	0.08837	0.00495	0.02104	0.00708	0.00626
46	0.01037	0.00744	0.00985	0.01097	0.01188	0.00691	0.00757	0.01252	0.01779	0.02431	0.23163	0.51239	0.06062	0.02274	0.01012	0.00307	0.00444	0.02052	0.00796	0.00691
47	0.02008	0.01928	0.03294	0.04981	0.66422	0.01928	0.02490	0.02490	0.01848	0.02651	0.01526	0.02008	0.01285	0.00723	0.00803	0.00241	0.00964	0.00723	0.00402	0.01285
48	0.01120	0.00818	0.01052	0.01014	0.01200	0.00750	0.00753	0.01468	0.02199	0.03070	0.56201	0.11655	0.12139	0.01765	0.00964	0.00263	0.00392	0.01558	0.00870	0.00750
49	0.02021	0.01374	0.01498	0.04388	0.01790	0.01494	0.01036	0.21071	0.09797	0.03621	0.05998	0.02914	0.02212	0.03723	0.00843	0.00246	0.00615	0.00822	0.33532	0.01006
50	0.01865	0.01514	0.01804	0.03725	0.02111	0.01272	0.01091	0.06683	0.01848	0.05426	0.01537	0.01767	0.01239	0.00684	0.00712	0.00149	0.03316	0.00530	0.00518	0.62208
51	0.02857	0.08569	0.02445	0.02004	0.02439	0.51597	0.01552	0.07993	0.05046	0.02290	0.01379	0.01576	0.01135	0.00881	0.00834	0.00220	0.05168	0.00560	0.00459	0.00995
52	0.03330	0.01418	0.01855	0.01463	0.02042	0.01294	0.01192	0.08542	0.05073	0.54502	0.03199	0.07754	0.02227	0.01120	0.00832	0.00257	0.00688	0.00924	0.00963	0.01323

[dist]
# distance from previous block
# <min> <max>
0	3

[block]
# block no. 1 follows, 23 sequences, length 29
# corresponding to MSA columns:
# 88-116
name=unknown_B
#
# <colnr> <probs for GDERKNQSTAVLIFYWHMCP>
#	G	D	E	R	K	N	Q	S	T	A	V	L	I	F	Y	W	H	M	C	P
0	0.01804	0.01868	0.11653	0.07448	0.05259	0.01394	0.01485	0.02483	0.09100	0.06790	0.01942	0.05702	0.01594	0.00839	0.00717	0.00197	0.00751	0.00701	0.00535	0.37740
1	0.07818	0.01490	0.01677	0.01221	0.01921	0.01205	0.00981	0.04837	0.01754	0.02835	0.01440	0.01665	0.01184	0.00630	0.00602	0.00136	0.00616	0.00489	0.00497	0.67001
2	0.64802	0.01490	0.01227	0.01085	0.01557	0.01683	0.00875	0.02423	0.01445	0.08899	0.01422	0.01763	0.01142	0.06461	0.00821	0.00294	0.00646	0.00531	0.00544	0.00891
3	0.01219	0.00851	0.00989	0.00966	0.00966	0.00897	0.00575	0.01230	0.01184	0.01598	0.02460	0.05081	0.02828	0.66938	0.04035	0.00759	0.05277	0.01150	0.00483	0.00517
4	0.01681	0.01331	0.01568	0.01449	0.01708	0.05067	0.01138	0.14676	0.01917	0.02583	0.02240	0.03370	0.02075	0.09189	0.41276	0.00921	0.01671	0.04742	0.00538	0.00859
5	0.10843	0.01447	0.01845	0.01429	0.02046	0.01325	0.01180	0.06997	0.02310	0.57447	0.02931	0.02576	0.01864	0.00978	0.00785	0.00251	0.00695	0.00774	0.00945	0.01331
6	0.01040	0.00774	0.00975	0.01083	0.01217	0.00710	0.00783	0.01256	0.01764	0.02314	0.14545	0.40682	0.19112	0.02270	0.01016	0.00311	0.00473	0.08212	0.00774	0.00690
7	0.01092	0.00827	0.01006	0.00962	0.01178	0.00742	0.00721	0.01422	0.02163	0.02937	0.48760	0.06583	0.25088	0.01777	0.00958	0.00261	0.00391	0.01541	0.00852	0.00742
8	0.02008	0.01928	0.03294	0.04981	0.66422	0.01928	0.02490	0.02490	0.01848	0.02651	0.01526	0.02008	0.01285	0.00723	0.00803	0.00241	0.00964	0.00723	0.00402	0.01285
9	0.01178	0.00794	0.00923	0.00923	0.00937	0.00808	0.00540	0.01205	0.01191	0.01602	0.02522	0.05116	0.02866	0.65493	0.10005	0.00834	0.00914	0.01152	0.00486	0.00513
10	0.01164	0.00852	0.01217	0.01217	0.01331	0.00967	0.00905	0.01393	0.01278	0.01819	0.02253	0.03631	0.02221	0.19738	0.54878	0.01196	0.01884	0.00934	0.00447	0.00676
11	0.03085	0.02273	0.02435	0.01867	0.02516	0.02516	0.01542	0.63716	0.03815	0.05114	0.01948	0.01948	0.01380	0.00974	0.00812	0.00244	0.00893	0.00731	0.00812	0.01380
12	0.03525	0.01566	0.01998	0.01532	0.02164	0.01468	0.01265	0.16381	0.02633	0.54119	0.02941	0.02593	0.01878	0.00998	0.00815	0.00250	0.00733	0.00798	0.00964	0.01381
13	0.09109	0.01328	0.01705	0.01359	0.01903	0.01214	0.01107	0.03478	0.04954	0.49521	0.12516	0.03155	0.02790	0.01087	0.00812	0.00253	0.00637	0.00888	0.00939	0.01244
14	0.01862	0.02031	0.03912	0.02929	0.03438	0.02217	0.39998	0.02353	0.01659	0.02353	0.01422	0.02031	0.01168	0.00964	0.01606	0.00305	0.27481	0.00863	0.00389	0.01016
15	0.03641	0.01381	0.01883	0.01444	0.02071	0.01193	0.01193	0.03954	0.02322	0.66984	0.03201	0.02762	0.02009	0.01004	0.00816	0.00251	0.00690	0.00816	0.01004	0.01381
16	0.03011	0.01811	0.02136	0.05454	0.02436	0.01897	0.01405	0.35795	0.03025	0.24854	0.02530	0.07746	0.01887	0.01100	0.00831	0.00254	0.00804	0.00884	0.00845	0.01296
17	0.02036	0.02234	0.11519	0.18371	0.35600	0.06783	0.02352	0.02562	0.01845	0.06709	0.01589	0.02012	0.01236	0.00776	0.00796	0.00248	0.01041	0.00697	0.00426	0.01170
18	0.03641	0.01381	0.01883	0.01444	0.02071	0.01193	0.01193	0.03954	0.02322	0.66984	0.03201	0.02762	0.02009	0.01004	0.00816	0.00251	0.00690	0.00816	0.01004	0.01381
19	0.01915	0.02189	0.04788	0.03420	0.04241	0.02052	0.63475	0.02599	0.01915	0.02599	0.01642	0.02189	0.01231	0.00684	0.00958	0.00274	0.01368	0.00958	0.00410	0.01094
20	0.01623	0.01715	0.06215	0.51121	0.10035	0.01876	0.07862	0.02175	0.01652	0.02188	0.01448	0.02108	0.01108	0.00823	0.00921	0.00272	0.04792	0.00736	0.00367	0.00965
21	0.08744	0.01730	0.07152	0.08811	0.02465	0.05178	0.04709	0.05941	0.01987	0.21313	0.04777	0.11206	0.02207	0.01152	0.00888	0.00263	0.03907	0.00950	0.05564	0.01054
22	0.02157	0.01712	0.01839	0.01634	0.02107	0.01948	0.01276	0.04281	0.59592	0.08840	0.03294	0.03005	0.02437	0.01093	0.00825	0.00273	0.00646	0.00909	0.00841	0.01293
23	0.02243	0.45066	0.03548	0.01649	0.02168	0.08889	0.01499	0.07651	0.01808	0.02200	0.01196	0.01471	0.01076	0.00884	0.01015	0.00221	0.15467	0.00525	0.00395	0.01029
24	0.51908	0.01855	0.07304	0.01968	0.14585	0.01813	0.01396	0.02506	0.01552	0.06767	0.01348	0.01566	0.01033	0.00762	0.00602	0.00250	0.00746	0.00529	0.00496	0.01014
25	0.01699	0.01837	0.08332	0.23400	0.14261	0.01779	0.13781	0.02309	0.04444	0.02445	0.01819	0.05871	0.01515	0.00925	0.00946	0.00267	0.05485	0.00852	0.07014	0.01018
26	0.12944	0.01448	0.01574	0.03840	0.01912	0.01459	0.01056	0.11709	0.09109	0.06839	0.02217	0.07675	0.01841	0.00977	0.00693	0.00216	0.00631	0.00780	0.12708	0.20371
27	0.01006	0.00714	0.00936	0.01107	0.01150	0.00671	0.00729	0.01134	0.01519	0.02026	0.04297	0.64941	0.05145	0.08857	0.01319	0.00371	0.00500	0.02204	0.00729	0.00644
28	0.01149	0.00781	0.00931	0.00986	0.01011	0.00771	0.00613	0.01210	0.01315	0.01748	0.03105	0.19614	0.03604	0.51218	0.03228	0.00656	0.00716	0.06226	0.00568	0.00548

[dist]
# distance from previous block
# <min> <max>
0	6

[block]
# block no. 2 follows, 23 sequences, length 17
# corresponding to MSA columns:
# 123-139
name=unknown_C
#
# <colnr> <probs for GDERKNQSTAVLIFYWHMCP>
#	G	D	E	R	K	N	Q	S	T	A	V	L	I	F	Y	W	H	M	C	P
0	0.01960	0.04901	0.03857	0.02835	0.03361	0.06961	0.36996	0.02433	0.01718	0.02323	0.01410	0.01971	0.01158	0.00930	0.01467	0.00291	0.23195	0.00827	0.00391	0.01016
1	0.02576	0.13424	0.02756	0.07835	0.10244	0.10136	0.01669	0.28962	0.08511	0.03531	0.01769	0.01913	0.01352	0.00882	0.00756	0.00233	0.00957	0.00674	0.00606	0.01214
2	0.02625	0.01903	0.02129	0.04161	0.02366	0.02005	0.01367	0.39495	0.06305	0.08344	0.05355	0.02346	0.01816	0.03229	0.00894	0.00245	0.00798	0.00759	0.00750	0.13108
3	0.02011	0.01537	0.02101	0.01529	0.02238	0.01255	0.08724	0.02481	0.04297	0.12083	0.01798	0.01956	0.01374	0.00690	0.00685	0.00164	0.00710	0.00606	0.00562	0.53198
4	0.01008	0.00721	0.00959	0.01116	0.01181	0.00672	0.00755	0.01179	0.01645	0.02218	0.12080	0.62929	0.05650	0.02433	0.01026	0.00320	0.00460	0.02203	0.00771	0.00672
5	0.02008	0.01928	0.03294	0.04981	0.66422	0.01928	0.02490	0.02490	0.01848	0.02651	0.01526	0.02008	0.01285	0.00723	0.00803	0.00241	0.00964	0.00723	0.00402	0.01285
6	0.01148	0.00829	0.01085	0.01021	0.01212	0.00766	0.00766	0.01531	0.02297	0.03254	0.65994	0.06061	0.07656	0.01659	0.00957	0.00255	0.00383	0.01467	0.00893	0.00766
7	0.01791	0.01761	0.03156	0.32253	0.30951	0.01894	0.11749	0.02329	0.01762	0.02397	0.01508	0.02102	0.01190	0.00755	0.00830	0.00259	0.01076	0.00758	0.00385	0.01092
8	0.01074	0.00810	0.01184	0.01292	0.01395	0.00764	0.04070	0.01271	0.01609	0.02141	0.04305	0.60076	0.05070	0.02410	0.01042	0.00332	0.00550	0.09178	0.00735	0.00692
9	0.09206	0.01971	0.02062	0.01622	0.02185	0.02177	0.01330	0.48618	0.03270	0.04655	0.01989	0.02065	0.01448	0.00951	0.00746	0.00236	0.00788	0.00710	0.12734	0.01238
10	0.02622	0.02043	0.02175	0.01773	0.02340	0.02300	0.01430	0.37953	0.30331	0.04368	0.02536	0.02416	0.01856	0.01029	0.00818	0.00257	0.00784	0.00812	0.00818	0.01338
11	0.01888	0.01855	0.03306	0.19283	0.44175	0.01917	0.10838	0.02411	0.01806	0.02514	0.01523	0.02068	0.01232	0.00737	0.00826	0.00252	0.01046	0.00755	0.00394	0.01173
12	0.01849	0.02022	0.04180	0.03266	0.09368	0.01964	0.48390	0.02454	0.01893	0.02612	0.06981	0.02468	0.01762	0.00822	0.01066	0.00275	0.06151	0.00962	0.00446	0.01069
13	0.02398	0.02085	0.01882	0.01694	0.02113	0.18736	0.01337	0.07501	0.21442	0.11634	0.02668	0.03279	0.02188	0.01682	0.08029	0.00374	0.01054	0.08122	0.00693	0.01091
14	0.01903	0.01537	0.01752	0.01354	0.01961	0.01374	0.01072	0.14841	0.05402	0.03123	0.02030	0.10626	0.01835	0.00951	0.00712	0.00180	0.00647	0.00788	0.00602	0.47310
15	0.02384	0.02093	0.02373	0.07773	0.02587	0.12742	0.03556	0.10444	0.05270	0.11119	0.01672	0.01986	0.01312	0.01092	0.01486	0.00281	0.26697	0.00707	0.00541	0.03885
16	0.06497	0.04312	0.01097	0.00970	0.01063	0.00956	0.00625	0.01348	0.01368	0.01952	0.08124	0.14667	0.03476	0.46835	0.02968	0.00606	0.00698	0.01284	0.00559	0.00594

[dist]
# distance from previous block
# <min> <max>
2	4

[block]
# block no. 3 follows, 23 sequences, length 39
# corresponding to MSA columns:
# 145-183
name=unknown_D
#
# <colnr> <probs for GDERKNQSTAVLIFYWHMCP>
#	G	D	E	R	K	N	Q	S	T	A	V	L	I	F	Y	W	H	M	C	P
0	0.05622	0.02168	0.02051	0.03760	0.02304	0.14362	0.01364	0.27992	0.05808	0.13187	0.06425	0.02692	0.06532	0.01066	0.00806	0.00244	0.00887	0.00819	0.00742	0.01171
1	0.01917	0.01699	0.02758	0.27390	0.25308	0.01842	0.06728	0.04602	0.08565	0.05952	0.02014	0.02413	0.03492	0.00859	0.00826	0.00259	0.00968	0.00798	0.00489	0.01121
2	0.01944	0.01597	0.01823	0.01326	0.02034	0.01349	0.01070	0.13552	0.02081	0.03105	0.01537	0.01732	0.01235	0.00671	0.00640	0.00143	0.00655	0.00527	0.00543	0.62436
3	0.00989	0.00706	0.00942	0.01130	0.01177	0.00659	0.00753	0.01130	0.01554	0.02071	0.04472	0.70954	0.05367	0.02542	0.01036	0.00330	0.00471	0.02307	0.00753	0.00659
4	0.06530	0.02165	0.02293	0.01774	0.02394	0.02397	0.01463	0.57756	0.03595	0.04941	0.01944	0.01971	0.01391	0.00962	0.00785	0.00241	0.00855	0.00718	0.04500	0.01325
5	0.01695	0.01670	0.02097	0.01837	0.01930	0.06448	0.01488	0.01908	0.01507	0.02175	0.10153	0.09012	0.02372	0.01482	0.02047	0.00318	0.45957	0.00943	0.00476	0.04486
6	0.03283	0.01708	0.02055	0.01603	0.02219	0.01709	0.01315	0.23218	0.09704	0.40074	0.02809	0.02529	0.01858	0.01005	0.00816	0.00251	0.00750	0.00800	0.00923	0.01370
7	0.01765	0.01694	0.02788	0.32108	0.29432	0.01969	0.02267	0.02220	0.01648	0.02285	0.01412	0.02035	0.01161	0.00880	0.01124	0.00273	0.12790	0.00720	0.00376	0.01053
8	0.01513	0.00756	0.00756	0.00756	0.00945	0.00756	0.00567	0.01891	0.01702	0.03025	0.02647	0.03025	0.02080	0.00945	0.00567	0.00189	0.00378	0.00756	0.75988	0.00756
9	0.01498	0.01473	0.02770	0.05466	0.02766	0.01483	0.26714	0.01913	0.01743	0.02378	0.07238	0.25161	0.03178	0.01510	0.01148	0.00303	0.07596	0.04213	0.00565	0.00883
10	0.02122	0.21825	0.30835	0.02098	0.02952	0.17861	0.06640	0.02693	0.01849	0.02260	0.01336	0.01581	0.01050	0.00760	0.00709	0.00225	0.01186	0.00564	0.00366	0.01089
11	0.00989	0.00706	0.00942	0.01130	0.01177	0.00659	0.00753	0.01130	0.01554	0.02071	0.04472	0.70954	0.05367	0.02542	0.01036	0.00330	0.00471	0.02307	0.00753	0.00659
12	0.03613	0.01424	0.01910	0.01464	0.02093	0.01257	0.01210	0.06875	0.02395	0.63960	0.03140	0.02722	0.01978	0.01003	0.00816	0.00251	0.00700	0.00812	0.00995	0.01381
13	0.03031	0.03867	0.02299	0.02090	0.02508	0.68226	0.01568	0.03240	0.02299	0.01986	0.01254	0.01463	0.01045	0.00836	0.00732	0.00209	0.01463	0.00523	0.00418	0.00941
14	0.01692	0.01653	0.02327	0.02019	0.02039	0.02288	0.01673	0.01885	0.01251	0.01943	0.01214	0.01965	0.01195	0.02047	0.11482	0.00483	0.60881	0.00732	0.00366	0.00866
15	0.01250	0.00833	0.01112	0.01110	0.01276	0.00913	0.00855	0.01565	0.01485	0.02281	0.05013	0.03490	0.05608	0.04224	0.42663	0.00889	0.01495	0.00903	0.22302	0.00733
16	0.00989	0.00706	0.00942	0.01130	0.01177	0.00659	0.00753	0.01130	0.01554	0.02071	0.04472	0.70954	0.05367	0.02542	0.01036	0.00330	0.00471	0.02307	0.00753	0.00659
17	0.77215	0.01569	0.01193	0.01067	0.01569	0.01820	0.00879	0.02385	0.01381	0.03641	0.01130	0.01318	0.00879	0.00753	0.00502	0.00251	0.00628	0.00439	0.00502	0.00879
18	0.01178	0.00795	0.00925	0.00925	0.00939	0.00809	0.00542	0.01206	0.01192	0.01603	0.02520	0.05106	0.02861	0.65188	0.10304	0.00836	0.00920	0.01150	0.00486	0.00514
19	0.10201	0.03645	0.02192	0.01991	0.02418	0.61807	0.01501	0.03158	0.02211	0.02146	0.01242	0.01449	0.01029	0.00828	0.00709	0.00213	0.01383	0.00515	0.00426	0.00935
20	0.77215	0.01569	0.01193	0.01067	0.01569	0.01820	0.00879	0.02385	0.01381	0.03641	0.01130	0.01318	0.00879	0.00753	0.00502	0.00251	0.00628	0.00439	0.00502	0.00879
21	0.01409	0.00705	0.01057	0.01057	0.01057	0.00705	0.00705	0.01057	0.01057	0.01409	0.01409	0.02467	0.01409	0.02819	0.03171	0.76392	0.00705	0.00705	0.00352	0.00352
22	0.02530	0.01998	0.02123	0.01755	0.02305	0.02258	0.01408	0.32847	0.35586	0.04220	0.02652	0.02509	0.01950	0.01040	0.00819	0.00260	0.00763	0.00828	0.00819	0.01330
23	0.02619	0.02010	0.02139	0.01739	0.02297	0.02255	0.01404	0.38899	0.26529	0.04383	0.02483	0.02397	0.01819	0.01020	0.00806	0.00253	0.00777	0.00801	0.04051	0.01317
24	0.01887	0.34059	0.05559	0.22554	0.03357	0.02561	0.05949	0.02273	0.01607	0.02033	0.01261	0.01702	0.01069	0.00829	0.00933	0.00237	0.10187	0.00600	0.00356	0.00987
25	0.00984	0.00823	0.00857	0.00849	0.01112	0.00696	0.00637	0.01214	0.01910	0.02335	0.15986	0.07574	0.58237	0.02002	0.00959	0.00271	0.00407	0.01680	0.00772	0.00696
26	0.01022	0.00817	0.00915	0.00907	0.01139	0.00709	0.00674	0.01281	0.01975	0.02528	0.26717	0.11504	0.43028	0.01959	0.00964	0.00272	0.00406	0.01673	0.00799	0.00709
27	0.02095	0.01726	0.01837	0.01641	0.02108	0.01979	0.01280	0.04295	0.61979	0.06416	0.03298	0.03015	0.02455	0.01096	0.00825	0.00274	0.00644	0.00913	0.00834	0.01289
28	0.01018	0.00728	0.00973	0.01149	0.01213	0.00683	0.00791	0.01187	0.01611	0.02154	0.07498	0.63579	0.05433	0.02478	0.01038	0.00329	0.00485	0.06224	0.00760	0.00670
29	0.02008	0.01928	0.03294	0.04981	0.66422	0.01928	0.02490	0.02490	0.01848	0.02651	0.01526	0.02008	0.01285	0.00723	0.00803	0.00241	0.00964	0.00723	0.00402	0.01285
30	0.02022	0.29316	0.35046	0.01922	0.02844	0.06513	0.02204	0.07010	0.01878	0.02473	0.01357	0.01561	0.01060	0.00761	0.00678	0.00222	0.01070	0.00543	0.00383	0.01138
31	0.00990	0.00757	0.00891	0.00993	0.01126	0.00678	0.00682	0.01147	0.01644	0.02085	0.05807	0.41855	0.28926	0.07005	0.01215	0.00339	0.00469	0.01999	0.00736	0.00658
32	0.02488	0.05590	0.02165	0.01657	0.02211	0.02188	0.01348	0.32543	0.24874	0.04085	0.02409	0.02359	0.01790	0.00986	0.00774	0.00242	0.00754	0.00772	0.06251	0.04513
33	0.02471	0.17696	0.02922	0.05453	0.10577	0.26790	0.04520	0.08758	0.02144	0.02458	0.01375	0.01633	0.01133	0.00774	0.00705	0.00206	0.01111	0.00575	0.00443	0.08255
34	0.01871	0.11552	0.20454	0.01655	0.02290	0.06521	0.06497	0.06117	0.01889	0.02769	0.01887	0.02182	0.01461	0.00836	0.00676	0.00218	0.00863	0.00667	0.28598	0.00997
35	0.02162	0.28611	0.19318	0.01849	0.04628	0.02240	0.05004	0.06716	0.01978	0.10615	0.07834	0.02161	0.01839	0.00865	0.00714	0.00224	0.00913	0.00680	0.00517	0.01130
36	0.13523	0.27827	0.25241	0.01722	0.02534	0.04709	0.01873	0.05490	0.05656	0.02646	0.01418	0.01589	0.01116	0.00773	0.00644	0.00225	0.00954	0.00539	0.00423	0.01098
37	0.18786	0.05346	0.16923	0.01458	0.02095	0.01493	0.01449	0.02704	0.01853	0.21280	0.07709	0.06004	0.02155	0.01013	0.00728	0.00249	0.00743	0.00794	0.06144	0.01075
38	0.35405	0.11608	0.23511	0.01650	0.02427	0.02003	0.04667	0.02539	0.01597	0.06109	0.01363	0.01558	0.01021	0.00760	0.00630	0.00244	0.00885	0.00535	0.00450	0.01040

[dist]
# distance from previous block
# <min> <max>
1	12

[block]
# block no. 4 follows, 23 sequences, length 37
# corresponding to MSA columns:
# 196-232
name=unknown_E
#
# <colnr> <probs for GDERKNQSTAVLIFYWHMCP>
#	G	D	E	R	K	N	Q	S	T	A	V	L	I	F	Y	W	H	M	C	P
0	0.41112	0.19133	0.05527	0.01267	0.01881	0.02047	0.01160	0.02580	0.01599	0.10951	0.01422	0.01535	0.01086	0.00762	0.00565	0.00225	0.00723	0.00496	0.00516	0.05414
1	0.21861	0.07829	0.02110	0.01510	0.02066	0.01936	0.04796	0.20504	0.04880	0.06249	0.10928	0.02389	0.02170	0.00952	0.00720	0.00235	0.00736	0.00740	0.00662	0.06726
2	0.15759	0.01959	0.06351	0.06752	0.03128	0.01891	0.25924	0.08040	0.08382	0.05939	0.04497	0.04218	0.01701	0.00885	0.00825	0.00266	0.00993	0.00858	0.00554	0.01079
3	0.18506	0.02000	0.13041	0.14995	0.06538	0.01747	0.08372	0.05812	0.04831	0.02982	0.05018	0.02213	0.01581	0.00854	0.00736	0.00253	0.00888	0.00716	0.07905	0.01012
4	0.01624	0.01776	0.10492	0.16954	0.10652	0.01550	0.04479	0.05194	0.08049	0.02776	0.14994	0.06511	0.05164	0.01114	0.00847	0.00256	0.00823	0.00986	0.00579	0.05179
5	0.01781	0.01383	0.01900	0.22841	0.09030	0.03976	0.01516	0.02356	0.09017	0.09931	0.06344	0.17524	0.02770	0.04765	0.01030	0.00301	0.00802	0.01156	0.00618	0.00959
6	0.01008	0.00727	0.00958	0.01125	0.01196	0.00677	0.00770	0.01174	0.01618	0.02152	0.07781	0.62294	0.08165	0.02463	0.01032	0.00325	0.00475	0.04630	0.00760	0.00669
7	0.01806	0.01721	0.02928	0.32464	0.40522	0.01875	0.02389	0.02313	0.01752	0.02405	0.01490	0.02074	0.01199	0.00761	0.00807	0.00254	0.01014	0.00722	0.00384	0.01122
8	0.01145	0.00824	0.01101	0.01132	0.01226	0.00878	0.00807	0.01322	0.01347	0.01845	0.02962	0.12099	0.05924	0.27056	0.32565	0.00923	0.01360	0.04323	0.00521	0.00639
9	0.77215	0.01569	0.01193	0.01067	0.01569	0.01820	0.00879	0.02385	0.01381	0.03641	0.01130	0.01318	0.00879	0.00753	0.00502	0.00251	0.00628	0.00439	0.00502	0.00879
10	0.01601	0.00841	0.00850	0.00818	0.01033	0.00855	0.00622	0.05352	0.01820	0.03142	0.02608	0.02965	0.02041	0.00947	0.00581	0.00192	0.00407	0.00755	0.71780	0.00791
11	0.01043	0.00797	0.00964	0.01028	0.01203	0.00718	0.00758	0.01283	0.01854	0.02409	0.19363	0.27939	0.27849	0.02143	0.00999	0.00297	0.00456	0.07414	0.00784	0.00700
12	0.01498	0.00902	0.01223	0.01263	0.01470	0.00846	0.00993	0.01795	0.01940	0.11511	0.19118	0.26161	0.05232	0.02019	0.01013	0.00315	0.00568	0.20499	0.00820	0.00813
13	0.06020	0.09055	0.20287	0.05663	0.12136	0.02077	0.28101	0.02529	0.01788	0.02571	0.01495	0.01911	0.01143	0.00721	0.00818	0.00254	0.01172	0.00748	0.00389	0.01123
14	0.01007	0.00727	0.00953	0.01101	0.01177	0.00674	0.00748	0.01181	0.01661	0.02224	0.12298	0.59670	0.08759	0.02408	0.01022	0.00317	0.00457	0.02172	0.00771	0.00674
15	0.02489	0.02166	0.02060	0.01742	0.02209	0.12191	0.01383	0.24873	0.23917	0.03667	0.02310	0.02328	0.01745	0.01021	0.00896	0.00251	0.05134	0.00763	0.07662	0.01193
16	0.01161	0.00784	0.00886	0.00896	0.00910	0.00776	0.00511	0.01177	0.01227	0.01625	0.02883	0.09081	0.05530	0.64936	0.03834	0.00741	0.00754	0.01264	0.00516	0.00509
17	0.01750	0.01516	0.01885	0.01352	0.02075	0.01191	0.04479	0.04457	0.01778	0.02737	0.01473	0.01721	0.01210	0.00620	0.00629	0.00134	0.00655	0.00517	0.00490	0.69332
18	0.01699	0.01738	0.03219	0.19124	0.06749	0.01911	0.25835	0.02164	0.01641	0.02251	0.01696	0.06304	0.01513	0.05362	0.01452	0.00322	0.14722	0.00932	0.00412	0.00953
19	0.01696	0.01659	0.02334	0.02025	0.02043	0.02297	0.01678	0.01888	0.01251	0.01944	0.01207	0.01956	0.01188	0.02017	0.11059	0.00477	0.61318	0.00730	0.00365	0.00867
20	0.53456	0.04397	0.01718	0.03357	0.03723	0.01828	0.04909	0.05362	0.01625	0.07125	0.01517	0.05176	0.01249	0.00866	0.00609	0.00253	0.00714	0.00621	0.00541	0.00952
21	0.01305	0.01108	0.01853	0.05143	0.02066	0.01064	0.12662	0.01707	0.01996	0.02741	0.30894	0.17420	0.05282	0.01673	0.00986	0.00289	0.00670	0.09600	0.00729	0.00812
22	0.02446	0.01875	0.02117	0.05779	0.04347	0.02099	0.01468	0.26025	0.30748	0.07406	0.02673	0.02776	0.02015	0.01066	0.00830	0.00265	0.00777	0.03219	0.00788	0.01281
23	0.01888	0.01383	0.01495	0.05115	0.01879	0.01550	0.01077	0.08703	0.30618	0.03332	0.02813	0.02879	0.02140	0.01011	0.00721	0.00238	0.00585	0.00825	0.30687	0.01062
24	0.01600	0.01557	0.02768	0.58507	0.07899	0.01840	0.10035	0.02157	0.01669	0.02164	0.01471	0.02160	0.01109	0.00791	0.00830	0.00270	0.01113	0.00751	0.00369	0.00942
25	0.74040	0.01561	0.01222	0.01083	0.01591	0.01793	0.00892	0.02453	0.01422	0.06374	0.01219	0.01380	0.00928	0.00764	0.00516	0.00251	0.00630	0.00456	0.00524	0.00900
26	0.05976	0.01213	0.01511	0.01252	0.01685	0.01132	0.01000	0.07709	0.02351	0.29809	0.26526	0.04272	0.09478	0.01321	0.00865	0.00254	0.00567	0.01107	0.00902	0.01071
27	0.37016	0.01466	0.01570	0.01273	0.01844	0.01477	0.01050	0.03243	0.01895	0.38249	0.02262	0.02107	0.01496	0.00890	0.00674	0.00251	0.00662	0.00645	0.00777	0.01153
28	0.01138	0.00829	0.01070	0.01010	0.01206	0.00761	0.00757	0.01511	0.02272	0.03195	0.62803	0.06158	0.10883	0.01681	0.00957	0.00256	0.00384	0.01481	0.00886	0.00761
29	0.02005	0.01105	0.01408	0.01268	0.01600	0.01056	0.00970	0.02593	0.11313	0.22587	0.23704	0.19180	0.04649	0.01574	0.00912	0.00274	0.00535	0.01375	0.00886	0.01007
30	0.01645	0.04073	0.63403	0.02381	0.03557	0.01895	0.06749	0.02572	0.01726	0.02572	0.01468	0.01743	0.01040	0.00766	0.00782	0.00258	0.01210	0.00622	0.00347	0.01193
31	0.01836	0.27865	0.41278	0.02057	0.03055	0.02360	0.06184	0.02522	0.01703	0.02340	0.01352	0.01598	0.01045	0.00739	0.00695	0.00229	0.01093	0.00564	0.00348	0.01137
32	0.01838	0.01447	0.01644	0.04342	0.01967	0.01554	0.01154	0.13905	0.22713	0.03460	0.19868	0.04035	0.07156	0.01280	0.00855	0.00256	0.00617	0.03337	0.03793	0.04776
33	0.01115	0.00778	0.00936	0.00968	0.01034	0.00746	0.00618	0.01239	0.01535	0.02070	0.16252	0.21465	0.08022	0.36727	0.02559	0.00539	0.00607	0.01541	0.00651	0.00599
34	0.02191	0.20908	0.12463	0.01858	0.04850	0.05334	0.01664	0.11618	0.25036	0.03022	0.02103	0.02115	0.01618	0.00900	0.00730	0.00237	0.00869	0.00691	0.00590	0.01205
35	0.12508	0.01447	0.01587	0.05114	0.01890	0.05131	0.04643	0.09363	0.01921	0.03138	0.01978	0.02312	0.01549	0.00892	0.00742	0.00218	0.04211	0.00683	0.34271	0.06402
36	0.02287	0.11820	0.10711	0.01747	0.02368	0.06064	0.01569	0.12472	0.32334	0.06510	0.02444	0.02359	0.01826	0.00964	0.00769	0.00249	0.00832	0.00755	0.00681	0.01239

[dist]
# distance from previous block
# <min> <max>
1	7

[block]
# block no. 5 follows, 23 sequences, length 33
# corresponding to MSA columns:
# 241-273
name=unknown_F
#
# <colnr> <probs for GDERKNQSTAVLIFYWHMCP>
#	G	D	E	R	K	N	Q	S	T	A	V	L	I	F	Y	W	H	M	C	P
0	0.01891	0.01332	0.01613	0.01221	0.01837	0.01043	0.00967	0.02229	0.01814	0.12508	0.06476	0.07602	0.02106	0.00890	0.00693	0.00166	0.00589	0.00745	0.00611	0.53669
1	0.01869	0.24073	0.37915	0.02011	0.02957	0.02208	0.06566	0.02535	0.01763	0.05091	0.04736	0.01889	0.01425	0.00797	0.00720	0.00233	0.01049	0.00628	0.00404	0.01130
2	0.01508	0.09178	0.27305	0.01635	0.02293	0.01549	0.01769	0.02243	0.06962	0.02777	0.23511	0.03914	0.05871	0.01224	0.00842	0.00258	0.00794	0.04765	0.00605	0.00999
3	0.01327	0.01060	0.01568	0.02005	0.16253	0.01027	0.01201	0.01641	0.01873	0.02595	0.23758	0.21882	0.04916	0.06934	0.01197	0.00324	0.00611	0.08295	0.00698	0.00836
4	0.01256	0.00815	0.01058	0.01139	0.01288	0.00735	0.00791	0.01438	0.01625	0.06715	0.04051	0.57297	0.04637	0.02201	0.00962	0.00300	0.00492	0.01980	0.04459	0.06761
5	0.01601	0.01548	0.02942	0.16079	0.03410	0.01525	0.27675	0.02019	0.01720	0.02311	0.05335	0.06281	0.06298	0.01231	0.01207	0.10521	0.01008	0.00991	0.00462	0.05836
6	0.01861	0.01650	0.02764	0.24727	0.38865	0.01750	0.02211	0.02326	0.01778	0.05706	0.01820	0.07596	0.01584	0.00910	0.00825	0.00258	0.00948	0.00853	0.00448	0.01120
7	0.01499	0.01380	0.02276	0.62908	0.05150	0.01698	0.02094	0.02015	0.01638	0.02118	0.01871	0.02515	0.04769	0.00886	0.00810	0.00267	0.01016	0.00778	0.03428	0.00883
8	0.36419	0.01490	0.01358	0.01164	0.01606	0.01663	0.00943	0.16927	0.02062	0.03806	0.01788	0.01989	0.01364	0.00865	0.00596	0.00230	0.00615	0.00606	0.23547	0.00962
9	0.01870	0.01736	0.05790	0.22430	0.27163	0.01724	0.03882	0.06159	0.01886	0.05744	0.01978	0.07342	0.01748	0.03179	0.00944	0.00281	0.00953	0.03622	0.00486	0.01082
10	0.00989	0.00706	0.00942	0.01130	0.01177	0.00659	0.00753	0.01130	0.01554	0.02071	0.04472	0.70954	0.05367	0.02542	0.01036	0.00330	0.00471	0.02307	0.00753	0.00659
11	0.01711	0.01745	0.03348	0.02708	0.06671	0.01713	0.33812	0.02214	0.01792	0.02470	0.02253	0.08802	0.02145	0.01172	0.01125	0.00291	0.07812	0.11449	0.00495	0.06272
12	0.01796	0.01711	0.02910	0.33803	0.39260	0.01872	0.02385	0.02304	0.01747	0.02393	0.01489	0.02078	0.01194	0.00762	0.00807	0.00254	0.01017	0.00722	0.00383	0.01114
13	0.01649	0.01108	0.01639	0.23481	0.02754	0.01211	0.01321	0.05683	0.01670	0.08118	0.02451	0.20940	0.02430	0.01803	0.01454	0.19025	0.00775	0.01157	0.00554	0.00776
14	0.02298	0.01084	0.01453	0.01216	0.01608	0.00963	0.00963	0.02649	0.02309	0.32647	0.37032	0.04539	0.05051	0.01357	0.00892	0.00253	0.00525	0.01167	0.00944	0.01049
15	0.01681	0.01578	0.02584	0.49249	0.19323	0.01849	0.02231	0.02348	0.06727	0.02312	0.01610	0.02197	0.01240	0.00814	0.00811	0.00264	0.01019	0.00737	0.00407	0.01020
16	0.01971	0.47156	0.27329	0.01727	0.02606	0.02725	0.01978	0.02481	0.01672	0.02151	0.01248	0.01452	0.01036	0.00722	0.00612	0.00204	0.00989	0.00495	0.00345	0.01099
17	0.01881	0.01798	0.03064	0.22233	0.50164	0.01894	0.02427	0.02379	0.01787	0.02497	0.01504	0.02050	0.01231	0.00747	0.00805	0.00249	0.00995	0.00722	0.00391	0.01183
18	0.03641	0.01381	0.01883	0.01444	0.02071	0.01193	0.01193	0.03954	0.02322	0.66984	0.03201	0.02762	0.02009	0.01004	0.00816	0.00251	0.00690	0.00816	0.01004	0.01381
19	0.01257	0.00823	0.01105	0.01180	0.01329	0.00771	0.00878	0.01519	0.01873	0.06593	0.22337	0.37223	0.05705	0.02136	0.01013	0.00310	0.00506	0.11882	0.00809	0.00751
20	0.07339	0.01082	0.04422	0.01137	0.01418	0.00932	0.00938	0.01746	0.02166	0.05410	0.51106	0.05569	0.06381	0.01561	0.00918	0.00263	0.00479	0.05490	0.00828	0.00816
21	0.09557	0.14953	0.03614	0.02367	0.03002	0.05175	0.29828	0.02582	0.01829	0.07790	0.04754	0.02111	0.01522	0.00833	0.00946	0.00254	0.06578	0.00783	0.00476	0.01047
22	0.03641	0.01381	0.01883	0.01444	0.02071	0.01193	0.01193	0.03954	0.02322	0.66984	0.03201	0.02762	0.02009	0.01004	0.00816	0.00251	0.00690	0.00816	0.01004	0.01381
23	0.01171	0.00783	0.00888	0.00896	0.00898	0.00781	0.00504	0.01178	0.01197	0.01596	0.02644	0.08317	0.03061	0.68326	0.03988	0.00766	0.00772	0.01232	0.00504	0.00499
24	0.02347	0.02711	0.24500	0.10046	0.03150	0.02063	0.02073	0.25193	0.08370	0.08658	0.01945	0.02058	0.01376	0.00899	0.00799	0.00255	0.00981	0.00709	0.00614	0.01252
25	0.02409	0.02159	0.02659	0.03262	0.31881	0.10654	0.01909	0.11973	0.14594	0.07323	0.02011	0.02178	0.01549	0.00867	0.00800	0.00245	0.00938	0.00742	0.00587	0.01260
26	0.01148	0.00829	0.01085	0.01021	0.01212	0.00766	0.00766	0.01531	0.02297	0.03254	0.65994	0.06061	0.07656	0.01659	0.00957	0.00255	0.00383	0.01467	0.00893	0.00766
27	0.00999	0.00714	0.00951	0.01123	0.01179	0.00666	0.00754	0.01155	0.01601	0.02146	0.08373	0.66839	0.05512	0.02486	0.01031	0.00325	0.00465	0.02254	0.00762	0.00666
28	0.00989	0.00706	0.00942	0.01130	0.01177	0.00659	0.00753	0.01130	0.01554	0.02071	0.04472	0.70954	0.05367	0.02542	0.01036	0.00330	0.00471	0.02307	0.00753	0.00659
29	0.01011	0.00810	0.00906	0.00934	0.01155	0.00706	0.00694	0.01243	0.01877	0.02358	0.16911	0.17495	0.44171	0.02075	0.00978	0.00284	0.00431	0.04489	0.00776	0.00697
30	0.01044	0.00762	0.00982	0.01061	0.01182	0.00701	0.00745	0.01280	0.01854	0.02515	0.27324	0.41191	0.12009	0.02173	0.01000	0.00297	0.00433	0.01943	0.00804	0.00701
31	0.01008	0.00714	0.00936	0.01106	0.01148	0.00672	0.00727	0.01135	0.01517	0.02022	0.04283	0.64457	0.05128	0.09365	0.01342	0.00375	0.00502	0.02195	0.00727	0.00643
32	0.73999	0.01681	0.04004	0.01120	0.01652	0.01823	0.00969	0.02393	0.01395	0.03595	0.01144	0.01335	0.00885	0.00754	0.00514	0.00251	0.00652	0.00446	0.00495	0.00892

[dist]
# distance from previous block
# <min> <max>
0	23

[block]
# block no. 6 follows, 23 sequences, length 11
# corresponding to MSA columns:
# 297-307
name=unknown_G
#
# <colnr> <probs for GDERKNQSTAVLIFYWHMCP>
#	G	D	E	R	K	N	Q	S	T	A	V	L	I	F	Y	W	H	M	C	P
0	0.08978	0.08734	0.08058	0.01973	0.02470	0.49261	0.01631	0.02996	0.02079	0.02168	0.01244	0.01474	0.01030	0.00837	0.00780	0.00220	0.04168	0.00524	0.00411	0.00964
1	0.70580	0.01558	0.01301	0.07070	0.01922	0.01819	0.00999	0.02358	0.01402	0.03503	0.01157	0.01392	0.00897	0.00758	0.00529	0.00253	0.00667	0.00464	0.00490	0.00881
2	0.01965	0.01884	0.03216	0.10829	0.60910	0.01917	0.02469	0.02452	0.01827	0.02599	0.01519	0.02022	0.01267	0.00731	0.00804	0.00244	0.00975	0.00723	0.00398	0.01251
3	0.01109	0.00812	0.01041	0.01017	0.01197	0.00744	0.00750	0.01442	0.02153	0.02993	0.52200	0.15130	0.12752	0.01817	0.00968	0.00267	0.00397	0.01605	0.00861	0.00744
4	0.02099	0.01073	0.01472	0.01398	0.01740	0.00997	0.01177	0.02453	0.02099	0.25193	0.14206	0.06397	0.04235	0.01711	0.00987	0.00311	0.00667	0.29954	0.00862	0.00972
5	0.01127	0.00829	0.01055	0.00998	0.01199	0.00757	0.00749	0.01490	0.02246	0.03134	0.59461	0.06259	0.14264	0.01704	0.00957	0.00257	0.00386	0.01495	0.00877	0.00757
6	0.01875	0.13980	0.52509	0.02104	0.03181	0.02023	0.02610	0.02665	0.01754	0.07844	0.01553	0.01740	0.01112	0.00779	0.00738	0.00244	0.01108	0.00593	0.00398	0.01191
7	0.01222	0.00777	0.00915	0.00959	0.01122	0.00735	0.00705	0.01521	0.01825	0.02707	0.18222	0.21941	0.11564	0.01711	0.00850	0.00260	0.00426	0.04664	0.27148	0.00725
8	0.01823	0.01739	0.02959	0.30089	0.42760	0.01879	0.02398	0.02328	0.01760	0.02426	0.01494	0.02069	0.01206	0.00757	0.00806	0.00252	0.01010	0.00722	0.00386	0.01136
9	0.01432	0.01520	0.06164	0.14590	0.03032	0.01393	0.19506	0.01895	0.01784	0.02392	0.11034	0.11728	0.10443	0.04011	0.05100	0.00356	0.00984	0.01213	0.00546	0.00877
10	0.02284	0.25653	0.07751	0.01641	0.02268	0.05847	0.01484	0.17993	0.14084	0.03080	0.01976	0.05827	0.01648	0.00955	0.00713	0.00225	0.00854	0.00725	0.00585	0.04408

[dist]
# distance from previous block
# <min> <max>
0	1

[block]
# block no. 7 follows, 23 sequences, length 6
# corresponding to MSA columns:
# 309-314
name=unknown_H
#
# <colnr> <probs for GDERKNQSTAVLIFYWHMCP>
#	G	D	E	R	K	N	Q	S	T	A	V	L	I	F	Y	W	H	M	C	P
0	0.02020	0.51439	0.17248	0.01649	0.02385	0.02868	0.01760	0.02416	0.01625	0.02051	0.01191	0.01431	0.01041	0.00776	0.00768	0.00207	0.07225	0.00494	0.00347	0.01060
1	0.01766	0.07766	0.20371	0.05776	0.03279	0.01919	0.22615	0.02326	0.01682	0.02380	0.01453	0.01916	0.01149	0.00913	0.01127	0.05309	0.07322	0.00716	0.00384	0.09831
2	0.01309	0.00919	0.01036	0.01026	0.01197	0.00911	0.00730	0.04174	0.05922	0.02447	0.10272	0.12879	0.14821	0.21866	0.01821	0.00419	0.00575	0.05095	0.11862	0.00718
3	0.01353	0.07815	0.09039	0.01495	0.01866	0.01269	0.07541	0.01799	0.05030	0.02418	0.14258	0.27257	0.07993	0.05789	0.01104	0.00309	0.00689	0.01487	0.00648	0.00841
4	0.02209	0.01620	0.02153	0.01597	0.02269	0.01428	0.08138	0.12744	0.02159	0.12842	0.01971	0.05447	0.01569	0.00833	0.00731	0.00189	0.00744	0.00720	0.00622	0.40014
5	0.02106	0.34349	0.31304	0.01796	0.02701	0.02400	0.02063	0.02668	0.01755	0.09787	0.01512	0.01650	0.01148	0.00764	0.00664	0.00219	0.00991	0.00550	0.00422	0.01149

[dist]
# distance from previous block
# <min> <max>
0	1

[block]
# block no. 8 follows, 23 sequences, length 9
# corresponding to MSA columns:
# 316-324
name=unknown_I
#
# <colnr> <probs for GDERKNQSTAVLIFYWHMCP>
#	G	D	E	R	K	N	Q	S	T	A	V	L	I	F	Y	W	H	M	C	P
0	0.07015	0.19233	0.28924	0.02164	0.03027	0.11802	0.12043	0.02627	0.01794	0.02409	0.01360	0.01633	0.01056	0.00748	0.00720	0.00233	0.01151	0.00598	0.00376	0.01087
1	0.01824	0.01530	0.01959	0.01620	0.02085	0.01559	0.08029	0.13022	0.18945	0.03201	0.09386	0.12697	0.08670	0.01311	0.00864	0.00256	0.00691	0.01153	0.00724	0.10475
2	0.01671	0.08240	0.51315	0.02312	0.03370	0.01926	0.10310	0.02502	0.01769	0.02571	0.05337	0.02007	0.01453	0.00808	0.00789	0.00253	0.01149	0.00685	0.00384	0.01150
3	0.58154	0.07814	0.01673	0.04851	0.01891	0.02016	0.01097	0.02324	0.01402	0.03216	0.01139	0.01412	0.00925	0.00825	0.00761	0.00257	0.08399	0.00484	0.00465	0.00895
4	0.01415	0.00868	0.01121	0.01089	0.01285	0.00798	0.00798	0.01682	0.01966	0.10452	0.31681	0.20217	0.09280	0.09599	0.01318	0.00336	0.00501	0.03996	0.00817	0.00781
5	0.00994	0.00762	0.00912	0.01005	0.01151	0.00680	0.00704	0.01184	0.01740	0.02239	0.12242	0.41011	0.27916	0.02271	0.00999	0.00301	0.00440	0.02001	0.00768	0.00680
