[name]
unknown

[dist]
# distance from previous block
# <min> <max>
2	141

[block]
# block no. 0 follows, 25 sequences, length 36
# corresponding to MSA columns:
# 156-191
name=unknown_A
#
# <colnr> <probs for GDERKNQSTAVLIFYWHMCP>
#	G	D	E	R	K	N	Q	S	T	A	V	L	I	F	Y	W	H	M	C	P
0	0.10358	0.01859	0.02055	0.03671	0.05454	0.10523	0.05920	0.08940	0.14865	0.12336	0.04964	0.02264	0.01764	0.01029	0.02675	0.00260	0.02563	0.00721	0.00623	0.07157
1	0.01913	0.11390	0.02610	0.39396	0.10729	0.17181	0.01921	0.02318	0.01721	0.01999	0.01307	0.01793	0.01041	0.00757	0.00721	0.00230	0.01077	0.00611	0.00359	0.00925
2	0.02048	0.01909	0.06900	0.01635	0.02171	0.01946	0.01374	0.13840	0.47748	0.03411	0.02712	0.02558	0.02023	0.00982	0.00771	0.00248	0.00691	0.00801	0.00733	0.05497
3	0.01106	0.00746	0.00866	0.00886	0.00896	0.00745	0.00516	0.01131	0.01172	0.01568	0.02639	0.12671	0.03052	0.62376	0.05914	0.00719	0.00764	0.01240	0.00496	0.00496
4	0.01951	0.05802	0.44019	0.01994	0.02924	0.01939	0.02300	0.13915	0.09301	0.05921	0.01737	0.01849	0.01240	0.00814	0.00743	0.00242	0.01001	0.00633	0.00488	0.01188
5	0.02015	0.25258	0.10869	0.05669	0.04712	0.11599	0.01659	0.06131	0.06492	0.02271	0.01594	0.02188	0.01401	0.00940	0.00900	0.00234	0.09134	0.05501	0.00434	0.00997
6	0.01279	0.00834	0.01086	0.00999	0.01219	0.00761	0.00758	0.01631	0.02178	0.08257	0.59702	0.05616	0.09596	0.01552	0.00904	0.00244	0.00390	0.01363	0.00856	0.00775
7	0.01768	0.01688	0.02874	0.26770	0.47087	0.01802	0.02304	0.02247	0.01694	0.02349	0.01432	0.01968	0.01163	0.00719	0.00770	0.00240	0.00959	0.00690	0.00371	0.01106
8	0.08363	0.11843	0.04147	0.01901	0.09847	0.16327	0.01414	0.03121	0.01991	0.30640	0.02007	0.01967	0.01408	0.00829	0.00699	0.00220	0.00882	0.00627	0.00632	0.01134
9	0.01400	0.01198	0.04345	0.01373	0.05616	0.03246	0.01017	0.01950	0.07858	0.05674	0.49843	0.04830	0.05780	0.01392	0.00873	0.00243	0.00504	0.01218	0.00784	0.00855
10	0.00964	0.00787	0.00851	0.00835	0.01076	0.00675	0.00626	0.01204	0.01879	0.02359	0.23428	0.07026	0.51861	0.01865	0.00916	0.00257	0.00386	0.01575	0.00755	0.00675
11	0.01206	0.00835	0.01228	0.06739	0.01641	0.00808	0.03484	0.01405	0.01557	0.06837	0.03845	0.58747	0.04408	0.02119	0.00954	0.00303	0.00546	0.01928	0.00694	0.00715
12	0.02848	0.02094	0.02246	0.01733	0.02319	0.02314	0.01419	0.61808	0.03507	0.04701	0.01893	0.02038	0.01401	0.04869	0.00950	0.00261	0.00848	0.00722	0.00759	0.01272
13	0.02935	0.01177	0.01566	0.01252	0.01743	0.01034	0.01014	0.03241	0.02110	0.52374	0.07728	0.05734	0.02452	0.01058	0.00767	0.00235	0.00591	0.00875	0.10944	0.01170
14	0.01687	0.01695	0.02492	0.07114	0.02387	0.02305	0.05207	0.01908	0.01249	0.01908	0.01074	0.01745	0.01028	0.01276	0.02326	0.00329	0.62376	0.00692	0.00343	0.00860
15	0.07452	0.02546	0.20505	0.03584	0.40570	0.07212	0.02328	0.02450	0.01733	0.02531	0.01392	0.01754	0.01116	0.00714	0.00733	0.00233	0.00996	0.00624	0.00377	0.01152
16	0.13434	0.06135	0.04267	0.01680	0.02160	0.30593	0.01358	0.15475	0.06995	0.02935	0.06469	0.01913	0.01617	0.00883	0.00697	0.00220	0.01002	0.00622	0.00544	0.01000
17	0.08397	0.01605	0.01754	0.01487	0.01972	0.01754	0.01185	0.12899	0.35232	0.16315	0.06835	0.02742	0.02313	0.01023	0.00768	0.00251	0.00642	0.00828	0.00800	0.01197
18	0.20828	0.01864	0.06894	0.01510	0.02052	0.01896	0.01292	0.13009	0.31722	0.07606	0.02304	0.02220	0.01695	0.00922	0.00707	0.00250	0.00692	0.00707	0.00686	0.01146
19	0.02407	0.01350	0.01625	0.01324	0.01795	0.01303	0.01057	0.15342	0.06333	0.26256	0.09749	0.09589	0.04738	0.01160	0.00786	0.00233	0.00611	0.00966	0.05074	0.08301
20	0.11212	0.02769	0.33980	0.13808	0.06845	0.01784	0.11765	0.02398	0.01638	0.04689	0.01435	0.01778	0.01046	0.00734	0.00741	0.00248	0.01056	0.00638	0.00383	0.01055
21	0.01848	0.31832	0.38522	0.01841	0.02746	0.06587	0.02160	0.02442	0.01648	0.02166	0.01253	0.01464	0.00988	0.00711	0.00638	0.00211	0.01034	0.00505	0.00334	0.01070
22	0.01842	0.01749	0.02969	0.04467	0.62606	0.01746	0.02248	0.02276	0.01743	0.02489	0.01682	0.07508	0.01538	0.00829	0.00785	0.00237	0.00884	0.00811	0.00411	0.01181
23	0.01085	0.00799	0.01025	0.01024	0.01209	0.00739	0.00790	0.01411	0.02027	0.02775	0.45457	0.10667	0.15241	0.01776	0.00943	0.00268	0.00428	0.10817	0.00805	0.00712
24	0.10812	0.08241	0.02214	0.01819	0.07048	0.11922	0.05295	0.11999	0.06472	0.13939	0.02071	0.07535	0.01681	0.00959	0.00722	0.00231	0.00833	0.00772	0.04373	0.01060
25	0.01112	0.00754	0.00841	0.00841	0.00861	0.00744	0.00479	0.01126	0.01176	0.01548	0.02852	0.05254	0.07714	0.67401	0.03717	0.00715	0.00725	0.01166	0.00489	0.00484
26	0.01108	0.00831	0.01246	0.01246	0.01385	0.00969	0.00969	0.01385	0.01246	0.01800	0.02077	0.03046	0.01938	0.05815	0.69678	0.01246	0.02077	0.00831	0.00415	0.00692
27	0.02624	0.26680	0.02814	0.01776	0.02262	0.47629	0.01441	0.02840	0.01992	0.01873	0.01159	0.01347	0.00998	0.00754	0.00632	0.00189	0.01210	0.00471	0.00377	0.00931
28	0.02179	0.05868	0.04900	0.08867	0.05766	0.04351	0.01525	0.20002	0.31538	0.03365	0.02294	0.02293	0.01717	0.00931	0.00762	0.00245	0.00795	0.00750	0.00663	0.01188
29	0.01347	0.00673	0.01010	0.01010	0.01010	0.00673	0.00673	0.01010	0.01010	0.01347	0.01347	0.02357	0.01347	0.02694	0.03030	0.77441	0.00673	0.00673	0.00337	0.00337
30	0.03479	0.01320	0.01799	0.01380	0.01979	0.01140	0.01140	0.03779	0.02219	0.68451	0.03059	0.02639	0.01919	0.00960	0.00780	0.00240	0.00660	0.00780	0.00960	0.01320
31	0.07357	0.06574	0.34477	0.02212	0.09382	0.01772	0.05893	0.05844	0.01775	0.05322	0.01614	0.02092	0.01273	0.00807	0.00729	0.00235	0.00971	0.04063	0.00431	0.07178
32	0.02791	0.03455	0.02294	0.02030	0.02457	0.60411	0.04611	0.05081	0.05818	0.02096	0.01347	0.01530	0.01094	0.00810	0.00717	0.00207	0.01333	0.00547	0.00433	0.00938
33	0.01109	0.00825	0.01216	0.01216	0.01344	0.00953	0.00931	0.01365	0.01237	0.01778	0.02105	0.03199	0.02005	0.10873	0.64711	0.01209	0.01977	0.00853	0.00419	0.00675
34	0.01851	0.36222	0.35914	0.01790	0.02681	0.05151	0.02093	0.02419	0.01631	0.02139	0.01238	0.01444	0.00989	0.00705	0.00624	0.00207	0.01009	0.00496	0.00332	0.01066
35	0.01794	0.02356	0.13824	0.03053	0.03877	0.01936	0.53717	0.02539	0.04142	0.02507	0.01600	0.02054	0.01191	0.00680	0.00884	0.00259	0.01259	0.00864	0.00397	0.01067

[dist]
# distance from previous block
# <min> <max>
0	9

[block]
# block no. 1 follows, 25 sequences, length 88
# corresponding to MSA columns:
# 201-288
name=unknown_B
#
# <colnr> <probs for GDERKNQSTAVLIFYWHMCP>
#	G	D	E	R	K	N	Q	S	T	A	V	L	I	F	Y	W	H	M	C	P
0	0.02057	0.70255	0.03993	0.01356	0.01992	0.03039	0.01342	0.02303	0.01559	0.01826	0.01075	0.01263	0.00996	0.00692	0.00582	0.00173	0.03749	0.00426	0.00332	0.00989
1	0.01127	0.00826	0.01062	0.01008	0.01195	0.00780	0.00753	0.01563	0.05030	0.03059	0.61490	0.08965	0.06986	0.01603	0.00913	0.00248	0.00381	0.01419	0.00844	0.00749
2	0.08943	0.05932	0.01895	0.01377	0.01909	0.01437	0.01146	0.08453	0.02177	0.44973	0.08197	0.02607	0.02153	0.00993	0.00832	0.00240	0.03948	0.00771	0.00828	0.01188
3	0.01025	0.00761	0.00955	0.00968	0.01129	0.00691	0.00702	0.01300	0.01932	0.02631	0.40190	0.23322	0.17790	0.01873	0.00934	0.00266	0.00393	0.01653	0.00794	0.00691
4	0.00943	0.00682	0.00892	0.01061	0.01120	0.00631	0.00711	0.01082	0.01502	0.01987	0.04500	0.68141	0.09086	0.02400	0.00985	0.00312	0.00446	0.02168	0.00720	0.00631
5	0.01916	0.52270	0.23637	0.01594	0.02403	0.02684	0.01792	0.02362	0.01594	0.02015	0.01173	0.01363	0.00991	0.00686	0.00570	0.00190	0.00925	0.00463	0.00330	0.01041
6	0.01108	0.00831	0.01246	0.01246	0.01385	0.00969	0.00969	0.01385	0.01246	0.01800	0.02077	0.03046	0.01938	0.05815	0.69678	0.01246	0.02077	0.00831	0.00415	0.00692
7	0.01496	0.01406	0.02302	0.64630	0.05040	0.01762	0.02091	0.02072	0.04448	0.02032	0.01441	0.02087	0.01093	0.00814	0.00857	0.00262	0.04229	0.00697	0.00364	0.00877
8	0.03479	0.01320	0.01799	0.01380	0.01979	0.01140	0.01140	0.03779	0.02219	0.68451	0.03059	0.02639	0.01919	0.00960	0.00780	0.00240	0.00660	0.00780	0.00960	0.01320
9	0.01693	0.01375	0.01617	0.01159	0.01844	0.01038	0.00929	0.02036	0.01636	0.05541	0.01455	0.01655	0.01184	0.00592	0.00584	0.00121	0.00578	0.00474	0.00482	0.74008
10	0.05878	0.04726	0.01883	0.11784	0.02363	0.01727	0.01292	0.26466	0.04265	0.06017	0.02318	0.12352	0.02088	0.04362	0.00919	0.00272	0.00751	0.03799	0.05731	0.01007
11	0.01019	0.00759	0.01081	0.01167	0.01252	0.00716	0.03660	0.01182	0.01505	0.02013	0.06340	0.57931	0.04790	0.08831	0.01261	0.00352	0.00524	0.04288	0.00686	0.00641
12	0.03328	0.01286	0.01751	0.01354	0.01927	0.01114	0.01114	0.03632	0.02218	0.64312	0.07141	0.02839	0.02261	0.00999	0.00788	0.00240	0.00641	0.00819	0.00953	0.01282
13	0.03381	0.01366	0.01814	0.01403	0.01995	0.01222	0.01155	0.05822	0.05613	0.62964	0.03025	0.02627	0.01923	0.00964	0.00780	0.00241	0.00664	0.00782	0.00945	0.01315
14	0.02255	0.14159	0.24447	0.05247	0.05700	0.23346	0.01968	0.05570	0.01934	0.06455	0.01412	0.01607	0.01078	0.00768	0.00695	0.00218	0.01117	0.00555	0.00415	0.01054
15	0.01687	0.01162	0.01426	0.03860	0.01675	0.01227	0.04959	0.10657	0.10386	0.03085	0.05545	0.06260	0.02369	0.01068	0.00702	0.00224	0.00568	0.03929	0.38319	0.00890
16	0.00981	0.00764	0.00891	0.00909	0.01100	0.00674	0.00663	0.01220	0.01847	0.02400	0.26483	0.20580	0.34837	0.01939	0.00931	0.00267	0.00396	0.01680	0.00763	0.00674
17	0.02895	0.01882	0.02105	0.01650	0.02226	0.02016	0.01349	0.44149	0.08522	0.18448	0.02330	0.05032	0.01695	0.01009	0.00787	0.00240	0.00774	0.00793	0.00814	0.01283
18	0.02935	0.01917	0.02143	0.01655	0.02252	0.02037	0.01360	0.48391	0.03209	0.17530	0.02178	0.04654	0.01577	0.00981	0.00778	0.00233	0.00790	0.00763	0.00800	0.03816
19	0.01915	0.01494	0.02015	0.01717	0.01837	0.01917	0.01400	0.04538	0.01452	0.11242	0.01591	0.02273	0.01412	0.08749	0.02236	0.00353	0.46327	0.00744	0.05905	0.00883
20	0.01124	0.00761	0.00894	0.00891	0.00913	0.00771	0.00531	0.01170	0.01194	0.01615	0.05795	0.04918	0.02969	0.62664	0.10057	0.00772	0.00858	0.01114	0.00485	0.00505
21	0.07148	0.04771	0.02538	0.07747	0.09476	0.04746	0.07795	0.28033	0.08266	0.03487	0.01711	0.01901	0.01293	0.00845	0.00806	0.00235	0.03224	0.00686	0.00583	0.04710
22	0.64149	0.06453	0.01451	0.01118	0.01620	0.03711	0.00933	0.05188	0.01507	0.06393	0.01209	0.01353	0.00926	0.00739	0.00514	0.00233	0.00652	0.00451	0.00503	0.00895
23	0.02177	0.51021	0.12576	0.01560	0.02243	0.05738	0.01554	0.02471	0.01774	0.04908	0.05732	0.01893	0.01602	0.00862	0.00651	0.00218	0.00909	0.00576	0.00452	0.01085
24	0.01538	0.01454	0.02460	0.60094	0.15553	0.01742	0.02190	0.02046	0.01585	0.02071	0.01391	0.02043	0.01065	0.00761	0.00774	0.00254	0.01015	0.00689	0.00351	0.00921
25	0.11764	0.14503	0.40231	0.01929	0.02822	0.05013	0.06163	0.02409	0.01641	0.02487	0.03493	0.01680	0.01188	0.00748	0.00680	0.00231	0.01019	0.00573	0.00373	0.01050
26	0.08357	0.01641	0.04549	0.09588	0.10376	0.01606	0.01490	0.09055	0.12604	0.29116	0.02369	0.02315	0.01637	0.00892	0.00755	0.00244	0.00757	0.00732	0.00716	0.01200
27	0.03479	0.01320	0.01799	0.01380	0.01979	0.01140	0.01140	0.03779	0.02219	0.68451	0.03059	0.02639	0.01919	0.00960	0.00780	0.00240	0.00660	0.00780	0.00960	0.01320
28	0.01471	0.00969	0.01274	0.01320	0.04834	0.00925	0.00948	0.01920	0.06920	0.10732	0.28607	0.16938	0.10130	0.01658	0.00911	0.00270	0.00504	0.08038	0.00788	0.00842
29	0.01077	0.00792	0.01008	0.00954	0.01146	0.00723	0.00715	0.01423	0.02146	0.02994	0.60719	0.05982	0.14173	0.01628	0.00915	0.00246	0.00369	0.01429	0.00838	0.00723
30	0.00945	0.00675	0.00900	0.01080	0.01125	0.00630	0.00720	0.01080	0.01484	0.01979	0.04274	0.72245	0.05128	0.02429	0.00990	0.00315	0.00450	0.02204	0.00720	0.00630
31	0.02073	0.73217	0.04063	0.01327	0.01990	0.03068	0.01327	0.02322	0.01575	0.01824	0.01078	0.01244	0.00995	0.00663	0.00498	0.00166	0.00829	0.00415	0.00332	0.00995
32	0.01097	0.00793	0.01036	0.00975	0.01158	0.00732	0.00732	0.01463	0.02195	0.03109	0.67505	0.05792	0.07316	0.01585	0.00914	0.00244	0.00366	0.01402	0.00854	0.00732
33	0.03479	0.01320	0.01799	0.01380	0.01979	0.01140	0.01140	0.03779	0.02219	0.68451	0.03059	0.02639	0.01919	0.00960	0.00780	0.00240	0.00660	0.00780	0.00960	0.01320
34	0.01445	0.00723	0.00723	0.00723	0.00903	0.00723	0.00542	0.01807	0.01626	0.02891	0.02529	0.02891	0.01987	0.00903	0.00542	0.00181	0.00361	0.00723	0.77055	0.00723
35	0.78228	0.01499	0.01140	0.01020	0.01499	0.01739	0.00840	0.02279	0.01320	0.03479	0.01080	0.01260	0.00840	0.00720	0.00480	0.00240	0.00600	0.00420	0.00480	0.00840
36	0.01979	0.01691	0.01782	0.01588	0.02036	0.01952	0.01240	0.07163	0.63388	0.03325	0.03091	0.02842	0.02315	0.01046	0.00788	0.00261	0.00626	0.00868	0.00788	0.01232
37	0.78228	0.01499	0.01140	0.01020	0.01499	0.01739	0.00840	0.02279	0.01320	0.03479	0.01080	0.01260	0.00840	0.00720	0.00480	0.00240	0.00600	0.00420	0.00480	0.00840
38	0.00998	0.00822	0.03474	0.01157	0.01257	0.00700	0.00853	0.01184	0.01521	0.02032	0.04149	0.63194	0.04906	0.02337	0.00988	0.00317	0.00503	0.08248	0.00704	0.00658
39	0.01256	0.00831	0.01095	0.01024	0.01233	0.00765	0.00783	0.01617	0.02176	0.07209	0.60271	0.05739	0.06832	0.01573	0.00914	0.00249	0.00402	0.04409	0.00853	0.00768
40	0.06785	0.01609	0.01943	0.01496	0.02097	0.01584	0.01236	0.23997	0.02647	0.44473	0.02572	0.02319	0.01671	0.00939	0.00764	0.00238	0.00721	0.00736	0.00877	0.01297
41	0.02231	0.01636	0.02529	0.08866	0.36772	0.01652	0.01873	0.05613	0.06846	0.17240	0.05390	0.02363	0.01772	0.00842	0.00781	0.00238	0.00817	0.00762	0.00581	0.01196
42	0.01670	0.01950	0.08820	0.02667	0.06459	0.01841	0.33020	0.02175	0.01672	0.02348	0.04877	0.05807	0.01815	0.01034	0.01253	0.00283	0.16088	0.04821	0.00433	0.00966
43	0.01067	0.00762	0.01040	0.01220	0.01319	0.00736	0.00933	0.01292	0.01605	0.02117	0.04206	0.46681	0.04860	0.02314	0.01022	0.00332	0.00556	0.26558	0.00717	0.00664
44	0.01922	0.01951	0.03180	0.09713	0.46724	0.06240	0.10911	0.02384	0.01758	0.02409	0.01430	0.01911	0.01181	0.00730	0.00865	0.00240	0.04229	0.00709	0.00381	0.01134
45	0.01951	0.02037	0.06024	0.19707	0.30513	0.10111	0.02049	0.07561	0.04334	0.02513	0.01629	0.05124	0.01369	0.00840	0.00771	0.00239	0.00980	0.00738	0.00436	0.01075
46	0.01429	0.04666	0.06107	0.07455	0.08547	0.01488	0.01521	0.01757	0.01577	0.02174	0.05606	0.16272	0.02968	0.01582	0.01278	0.00304	0.16540	0.17363	0.00533	0.00833
47	0.74674	0.01515	0.01233	0.01194	0.04593	0.01744	0.00911	0.02284	0.01340	0.03435	0.01097	0.01290	0.00858	0.00718	0.00493	0.00239	0.00615	0.00432	0.00475	0.00858
48	0.01128	0.00752	0.00846	0.00846	0.00846	0.00752	0.00470	0.01128	0.01128	0.01503	0.02443	0.05074	0.02819	0.72751	0.03946	0.00752	0.00752	0.01128	0.00470	0.00470
49	0.16478	0.01696	0.06971	0.30000	0.07854	0.01719	0.11996	0.02251	0.04124	0.02531	0.01503	0.01962	0.01144	0.00756	0.00722	0.00248	0.00933	0.00675	0.05500	0.00935
50	0.01816	0.01929	0.02521	0.06547	0.04388	0.11353	0.08909	0.02074	0.01459	0.01976	0.01363	0.06546	0.01321	0.01217	0.01835	0.00301	0.42401	0.00786	0.00381	0.00875
51	0.01128	0.00752	0.00846	0.00846	0.00846	0.00752	0.00470	0.01128	0.01128	0.01503	0.02443	0.05074	0.02819	0.72751	0.03946	0.00752	0.00752	0.01128	0.00470	0.00470
52	0.01328	0.03711	0.01228	0.01028	0.01270	0.00923	0.00789	0.04884	0.02163	0.06019	0.50619	0.05369	0.11279	0.04766	0.01023	0.00265	0.00443	0.01305	0.00805	0.00781
53	0.75296	0.01492	0.01165	0.01034	0.01518	0.01716	0.00851	0.02338	0.01355	0.06027	0.01157	0.01314	0.00882	0.00729	0.00492	0.00240	0.00602	0.00434	0.00499	0.00859
54	0.01036	0.00790	0.00951	0.00911	0.01121	0.00705	0.00683	0.01344	0.02049	0.02764	0.47222	0.06360	0.27814	0.01714	0.00915	0.00250	0.00375	0.01482	0.00808	0.00705
55	0.02073	0.73217	0.04063	0.01327	0.01990	0.03068	0.01327	0.02322	0.01575	0.01824	0.01078	0.01244	0.00995	0.00663	0.00498	0.00166	0.00829	0.00415	0.00332	0.00995
56	0.74644	0.01491	0.01171	0.01037	0.01522	0.01711	0.00854	0.02351	0.01363	0.06593	0.01175	0.01326	0.00891	0.00731	0.00494	0.00240	0.00603	0.00437	0.00503	0.00863
57	0.02875	0.02102	0.02250	0.01733	0.02333	0.02324	0.01429	0.62284	0.03549	0.04791	0.01894	0.01911	0.01351	0.00929	0.00764	0.00230	0.00830	0.00699	0.04432	0.01290
58	0.01605	0.08001	0.38850	0.05493	0.13838	0.01784	0.02320	0.02252	0.01618	0.02360	0.01630	0.06994	0.01384	0.00888	0.00819	0.00244	0.04196	0.00720	0.03941	0.01064
59	0.16079	0.01453	0.01902	0.08855	0.10562	0.01440	0.01341	0.06058	0.01976	0.33644	0.04059	0.02249	0.01640	0.00863	0.00719	0.00234	0.00717	0.00694	0.00703	0.04811
60	0.01249	0.00892	0.01249	0.01428	0.01606	0.00892	0.01249	0.01606	0.01785	0.02320	0.04105	0.08746	0.04462	0.02142	0.01071	0.00357	0.00714	0.62695	0.00714	0.00714
61	0.00960	0.00686	0.00917	0.01097	0.01149	0.00643	0.00746	0.01106	0.01499	0.01996	0.04265	0.69088	0.05095	0.02415	0.00994	0.00317	0.00463	0.05211	0.00719	0.00634
62	0.03892	0.16210	0.36591	0.05036	0.08789	0.05079	0.09216	0.02432	0.01671	0.02334	0.01341	0.01635	0.01026	0.00714	0.00707	0.00230	0.01077	0.00589	0.00348	0.01084
63	0.04174	0.01058	0.04059	0.03365	0.05791	0.00993	0.01083	0.01479	0.01666	0.02342	0.15396	0.32613	0.07338	0.01854	0.01030	0.00293	0.05035	0.09019	0.00662	0.00749
64	0.03322	0.01300	0.01742	0.01352	0.01925	0.01144	0.01111	0.03687	0.04305	0.62892	0.03035	0.02661	0.01938	0.00960	0.00768	0.00238	0.00643	0.00780	0.04915	0.01285
65	0.01760	0.01814	0.05967	0.34732	0.25226	0.04062	0.05051	0.04775	0.04641	0.02375	0.01506	0.02005	0.01171	0.00759	0.00775	0.00246	0.01001	0.00697	0.00397	0.01039
66	0.01938	0.02563	0.21407	0.09785	0.23231	0.04950	0.11258	0.10619	0.01982	0.02729	0.01489	0.01849	0.01135	0.00743	0.00779	0.00241	0.01062	0.00682	0.00417	0.01140
67	0.02311	0.01863	0.02200	0.02218	0.14359	0.02055	0.01513	0.27894	0.27219	0.03748	0.02306	0.02305	0.01727	0.00931	0.00770	0.00242	0.00756	0.00766	0.03574	0.01245
68	0.61700	0.01871	0.07703	0.01227	0.01769	0.05028	0.01100	0.04241	0.04384	0.03335	0.01231	0.01393	0.00943	0.00746	0.00537	0.00239	0.00698	0.00467	0.00484	0.00903
69	0.00945	0.00675	0.00900	0.01080	0.01125	0.00630	0.00720	0.01080	0.01484	0.01979	0.04274	0.72245	0.05128	0.02429	0.00990	0.00315	0.00450	0.02204	0.00720	0.00630
70	0.01109	0.00827	0.01228	0.01228	0.01360	0.00959	0.00946	0.01373	0.01241	0.01786	0.02094	0.03140	0.01979	0.08914	0.66635	0.01223	0.02016	0.00844	0.00418	0.00682
71	0.01806	0.02019	0.04322	0.03315	0.09353	0.01903	0.57472	0.02424	0.01812	0.02470	0.01657	0.04602	0.01323	0.00721	0.00905	0.00261	0.01244	0.00942	0.00403	0.01046
72	0.01870	0.43167	0.27233	0.01787	0.02632	0.02532	0.06625	0.02382	0.01616	0.02099	0.01227	0.01448	0.01004	0.00689	0.00614	0.00201	0.00978	0.00508	0.00335	0.01053
73	0.00945	0.00675	0.00900	0.01080	0.01125	0.00630	0.00720	0.01080	0.01484	0.01979	0.04274	0.72245	0.05128	0.02429	0.00990	0.00315	0.00450	0.02204	0.00720	0.00630
74	0.01816	0.01702	0.02902	0.06701	0.50622	0.01716	0.06129	0.02303	0.04019	0.02456	0.01715	0.02505	0.01506	0.00918	0.00919	0.04263	0.00911	0.05361	0.00419	0.01117
75	0.01694	0.01832	0.03783	0.02790	0.03432	0.01737	0.49265	0.02246	0.01759	0.02405	0.01949	0.08982	0.01744	0.00936	0.00978	0.00268	0.03883	0.04915	0.00444	0.04958
76	0.01778	0.00975	0.01069	0.00967	0.01236	0.00995	0.00748	0.08526	0.04960	0.09027	0.02625	0.02877	0.03817	0.01206	0.03177	0.03812	0.00527	0.00761	0.50075	0.00842
77	0.01109	0.00810	0.01072	0.01190	0.01347	0.00773	0.00954	0.01394	0.01776	0.02338	0.14962	0.23628	0.12829	0.02099	0.01007	0.00317	0.00553	0.30414	0.00739	0.00689
78	0.00956	0.00683	0.00913	0.01093	0.01143	0.00640	0.00740	0.01099	0.01496	0.01992	0.04267	0.69868	0.05103	0.02418	0.00993	0.00316	0.00460	0.04468	0.00720	0.00633
79	0.74800	0.01465	0.01121	0.01006	0.01473	0.01694	0.00826	0.02258	0.01333	0.03453	0.01144	0.01332	0.00891	0.00728	0.00483	0.00237	0.00589	0.00433	0.03898	0.00834
80	0.01767	0.11395	0.33326	0.02285	0.06045	0.01937	0.13897	0.08061	0.01853	0.02579	0.01707	0.05708	0.01437	0.00880	0.00774	0.00246	0.01045	0.03555	0.00421	0.01082
81	0.04353	0.20743	0.34268	0.02125	0.03030	0.02118	0.14896	0.02483	0.01677	0.05392	0.01416	0.01664	0.01063	0.00711	0.00706	0.00228	0.01059	0.00607	0.00376	0.01086
82	0.01723	0.01489	0.04030	0.03970	0.02037	0.01195	0.01081	0.04576	0.06708	0.05353	0.01736	0.05008	0.01452	0.00739	0.00640	0.00155	0.00624	0.00607	0.00520	0.56359
83	0.00960	0.00700	0.00884	0.01017	0.01093	0.00646	0.00683	0.01102	0.01522	0.01999	0.06875	0.55625	0.13768	0.07777	0.01206	0.00339	0.00462	0.02013	0.00705	0.00624
84	0.01659	0.01408	0.01635	0.01173	0.01859	0.01086	0.00940	0.04354	0.01685	0.02616	0.01396	0.01617	0.01155	0.00588	0.00582	0.00119	0.00585	0.00468	0.00471	0.74604
85	0.01490	0.01078	0.05511	0.01100	0.01394	0.00863	0.00904	0.01841	0.02051	0.12917	0.45553	0.05021	0.07422	0.08049	0.01164	0.00291	0.00498	0.01234	0.00796	0.00822
86	0.01743	0.02252	0.14579	0.02953	0.11260	0.01772	0.37769	0.02370	0.01780	0.02513	0.04004	0.02083	0.01380	0.00698	0.00830	0.00238	0.01118	0.00800	0.00405	0.09454
87	0.02320	0.04678	0.01887	0.01463	0.01852	0.05939	0.04147	0.11010	0.04876	0.19297	0.01981	0.02286	0.01525	0.03284	0.01483	0.19721	0.03934	0.00706	0.03118	0.04496

[dist]
# distance from previous block
# <min> <max>
0	8

[block]
# block no. 2 follows, 25 sequences, length 98
# corresponding to MSA columns:
# 297-394
name=unknown_C
#
# <colnr> <probs for GDERKNQSTAVLIFYWHMCP>
#	G	D	E	R	K	N	Q	S	T	A	V	L	I	F	Y	W	H	M	C	P
0	0.39850	0.08576	0.24721	0.01501	0.02228	0.03943	0.01611	0.02431	0.01515	0.05653	0.01273	0.01450	0.00952	0.00733	0.00589	0.00234	0.00835	0.00490	0.00432	0.00980
1	0.02539	0.01827	0.02203	0.01739	0.02271	0.01975	0.05861	0.35723	0.12314	0.11617	0.07022	0.04615	0.02081	0.01042	0.00867	0.00247	0.03244	0.00848	0.00761	0.01205
2	0.01134	0.00772	0.00948	0.00948	0.00991	0.00808	0.00605	0.01220	0.01177	0.01633	0.02349	0.04456	0.02555	0.52366	0.21277	0.00862	0.01089	0.01034	0.03238	0.00538
3	0.02051	0.70323	0.06768	0.01364	0.02047	0.03015	0.01391	0.02327	0.01578	0.01851	0.01091	0.01260	0.00994	0.00666	0.00508	0.00169	0.00842	0.00421	0.00331	0.01001
4	0.01297	0.00835	0.01056	0.00991	0.01220	0.00750	0.00746	0.01602	0.02050	0.09609	0.43654	0.11984	0.17913	0.01670	0.00908	0.00253	0.00409	0.01457	0.00827	0.00769
5	0.01174	0.00809	0.01061	0.00988	0.01185	0.00745	0.00745	0.01537	0.02196	0.05204	0.65439	0.05691	0.07143	0.01565	0.00910	0.00244	0.00375	0.01382	0.00857	0.00750
6	0.01123	0.00848	0.01046	0.01001	0.01204	0.00803	0.00748	0.01585	0.06852	0.02901	0.50137	0.10449	0.15065	0.01657	0.00911	0.00253	0.00394	0.01451	0.00821	0.00751
7	0.01024	0.00872	0.00895	0.00886	0.01161	0.00783	0.00676	0.01413	0.07774	0.02211	0.07260	0.07093	0.58872	0.01887	0.00911	0.00266	0.00427	0.04154	0.00726	0.00710
8	0.01410	0.00985	0.01203	0.01087	0.01339	0.00973	0.00833	0.06526	0.07847	0.05525	0.51102	0.04974	0.05950	0.01430	0.00867	0.00241	0.00433	0.01244	0.05192	0.00838
9	0.78228	0.01499	0.01140	0.01020	0.01499	0.01739	0.00840	0.02279	0.01320	0.03479	0.01080	0.01260	0.00840	0.00720	0.00480	0.00240	0.00600	0.00420	0.00480	0.00840
10	0.08931	0.01307	0.01705	0.01325	0.01898	0.01166	0.01092	0.03584	0.02127	0.60850	0.02890	0.02548	0.01842	0.00939	0.00747	0.00237	0.00643	0.00751	0.04159	0.01259
11	0.00945	0.00675	0.00900	0.01080	0.01125	0.00630	0.00720	0.01080	0.01484	0.01979	0.04274	0.72245	0.05128	0.02429	0.00990	0.00315	0.00450	0.02204	0.00720	0.00630
12	0.06116	0.02063	0.02187	0.01692	0.02282	0.02283	0.01395	0.59095	0.03433	0.04715	0.01865	0.01892	0.01335	0.00920	0.00750	0.00230	0.00815	0.00687	0.04978	0.01265
13	0.01825	0.13651	0.01775	0.01152	0.01528	0.01333	0.00946	0.06730	0.02134	0.14771	0.32884	0.04235	0.09136	0.03462	0.00899	0.00246	0.00550	0.01073	0.00754	0.00914
14	0.68306	0.05640	0.01394	0.01094	0.01595	0.01864	0.00914	0.06953	0.01506	0.03489	0.01137	0.01303	0.00884	0.00732	0.00503	0.00235	0.00632	0.00440	0.00493	0.00884
15	0.01894	0.02121	0.03571	0.02712	0.03186	0.09086	0.36661	0.02334	0.01646	0.02210	0.01340	0.01884	0.01103	0.00911	0.01455	0.00282	0.25476	0.00791	0.00375	0.00962
16	0.01097	0.00793	0.01036	0.00975	0.01158	0.00732	0.00732	0.01463	0.02195	0.03109	0.67505	0.05792	0.07316	0.01585	0.00914	0.00244	0.00366	0.01402	0.00854	0.00732
17	0.01659	0.01409	0.01635	0.01173	0.01859	0.01086	0.00940	0.04388	0.01686	0.02617	0.01397	0.01618	0.01155	0.00588	0.00582	0.00119	0.00585	0.00469	0.00472	0.74563
18	0.01378	0.00887	0.01147	0.01070	0.01281	0.00836	0.00799	0.01655	0.01925	0.10291	0.36339	0.16612	0.10029	0.05577	0.01138	0.00285	0.03452	0.01410	0.00778	0.03111
19	0.07075	0.01769	0.04199	0.14227	0.12453	0.06462	0.01579	0.11879	0.08984	0.11098	0.08307	0.02454	0.01982	0.01069	0.02888	0.00272	0.00867	0.00761	0.00602	0.01072
20	0.01254	0.00831	0.01066	0.00985	0.01207	0.00753	0.00746	0.01596	0.02150	0.07840	0.56207	0.05741	0.13508	0.01580	0.00905	0.00246	0.00391	0.01382	0.00847	0.00767
21	0.01100	0.00804	0.00954	0.00914	0.01140	0.00710	0.00686	0.01386	0.01995	0.04931	0.38384	0.08565	0.32107	0.01748	0.00913	0.00254	0.00390	0.01504	0.00797	0.00717
22	0.01562	0.01603	0.05447	0.53629	0.15987	0.01757	0.04899	0.02092	0.01603	0.02118	0.01401	0.02024	0.01071	0.00754	0.00778	0.00253	0.01031	0.00694	0.00353	0.00945
23	0.01643	0.15027	0.56047	0.02062	0.03091	0.02024	0.02577	0.02413	0.01611	0.02334	0.01328	0.01576	0.00985	0.00747	0.00761	0.00236	0.03545	0.00551	0.00328	0.01111
24	0.00945	0.00675	0.00900	0.01080	0.01125	0.00630	0.00720	0.01080	0.01484	0.01979	0.04274	0.72245	0.05128	0.02429	0.00990	0.00315	0.00450	0.02204	0.00720	0.00630
25	0.01362	0.00702	0.00844	0.00857	0.00957	0.00699	0.00601	0.01442	0.01376	0.02219	0.02227	0.07906	0.02014	0.03969	0.01587	0.28231	0.00494	0.00828	0.41118	0.00568
26	0.01936	0.07139	0.05259	0.15758	0.10134	0.09052	0.21994	0.08130	0.01965	0.02524	0.04439	0.02342	0.01535	0.00828	0.00809	0.00244	0.01078	0.03377	0.00446	0.01011
27	0.02686	0.01299	0.01633	0.01317	0.01795	0.01236	0.01063	0.10437	0.07032	0.38652	0.16036	0.03226	0.02986	0.01087	0.00792	0.00238	0.00600	0.00900	0.05833	0.01154
28	0.02337	0.01514	0.01707	0.01473	0.01942	0.01638	0.01164	0.03892	0.44722	0.21571	0.03093	0.02821	0.02219	0.01018	0.00772	0.00252	0.00612	0.00841	0.05187	0.01224
29	0.01919	0.01842	0.03147	0.04759	0.67914	0.01842	0.02380	0.02380	0.01765	0.02533	0.01458	0.01919	0.01228	0.00691	0.00768	0.00230	0.00921	0.00691	0.00384	0.01228
30	0.01723	0.01466	0.01841	0.09405	0.02355	0.01279	0.03134	0.08811	0.01825	0.02701	0.01523	0.03809	0.01273	0.00694	0.00643	0.00155	0.00677	0.00578	0.00486	0.55620
31	0.78228	0.01499	0.01140	0.01020	0.01499	0.01739	0.00840	0.02279	0.01320	0.03479	0.01080	0.01260	0.00840	0.00720	0.00480	0.00240	0.00600	0.00420	0.00480	0.00840
32	0.78228	0.01499	0.01140	0.01020	0.01499	0.01739	0.00840	0.02279	0.01320	0.03479	0.01080	0.01260	0.00840	0.00720	0.00480	0.00240	0.00600	0.00420	0.00480	0.00840
33	0.01168	0.00857	0.01227	0.01227	0.01374	0.00974	0.00944	0.03601	0.01370	0.01969	0.02320	0.10337	0.02257	0.05097	0.57331	0.01071	0.01796	0.00968	0.03406	0.00709
34	0.01090	0.00828	0.01008	0.00956	0.01169	0.00764	0.00719	0.01493	0.04819	0.02876	0.50753	0.06062	0.21281	0.01652	0.00910	0.00249	0.00383	0.01435	0.00819	0.00734
35	0.01445	0.00723	0.00723	0.00723	0.00903	0.00723	0.00542	0.01807	0.01626	0.02891	0.02529	0.02891	0.01987	0.00903	0.00542	0.00181	0.00361	0.00723	0.77055	0.00723
36	0.01216	0.00876	0.01206	0.01374	0.01552	0.00867	0.01186	0.01554	0.01771	0.02292	0.04341	0.11425	0.08331	0.02144	0.01058	0.00349	0.00683	0.56355	0.00715	0.00707
37	0.02004	0.01703	0.01796	0.01593	0.02045	0.01964	0.01246	0.08655	0.61855	0.03365	0.03060	0.02816	0.02289	0.01043	0.00788	0.00261	0.00631	0.00863	0.00788	0.01234
38	0.01901	0.01612	0.01694	0.01529	0.01953	0.01860	0.01188	0.03988	0.62812	0.03223	0.03120	0.02893	0.02345	0.01043	0.00775	0.00258	0.00599	0.00868	0.05139	0.01198
39	0.01469	0.01524	0.05995	0.67092	0.05231	0.01727	0.02193	0.02007	0.01555	0.02007	0.01379	0.02043	0.01031	0.00773	0.00773	0.00258	0.01040	0.00683	0.00344	0.00877
40	0.27111	0.01794	0.01820	0.03531	0.02083	0.05594	0.01228	0.22023	0.02289	0.18598	0.01786	0.01818	0.01259	0.00882	0.00778	0.00242	0.04783	0.00615	0.00664	0.01101
41	0.07098	0.11639	0.02353	0.01864	0.02299	0.58039	0.01441	0.02960	0.02075	0.01979	0.01178	0.01372	0.00989	0.00779	0.00663	0.00198	0.01287	0.00485	0.00396	0.00907
42	0.02014	0.05518	0.02587	0.09250	0.05455	0.01723	0.14082	0.02543	0.06687	0.14202	0.05837	0.02338	0.01748	0.00931	0.01072	0.00248	0.12735	0.00773	0.02990	0.07269
43	0.02084	0.61398	0.06094	0.01367	0.02011	0.04998	0.01351	0.05045	0.01690	0.02041	0.01207	0.01381	0.01063	0.00695	0.00527	0.00174	0.00834	0.00452	0.04592	0.00996
44	0.02896	0.03695	0.02197	0.01998	0.02397	0.69638	0.01498	0.03096	0.02197	0.01898	0.01199	0.01398	0.00999	0.00799	0.00699	0.00200	0.01398	0.00499	0.00400	0.00899
45	0.01160	0.00977	0.01607	0.04203	0.04601	0.00934	0.10185	0.01437	0.01666	0.02262	0.14040	0.45433	0.04590	0.01895	0.00949	0.00290	0.00603	0.01762	0.00665	0.00742
46	0.01781	0.09809	0.37106	0.02358	0.14211	0.01760	0.02233	0.02425	0.01736	0.07350	0.06374	0.02027	0.01573	0.00791	0.00726	0.00227	0.00949	0.00648	0.00431	0.05482
47	0.01109	0.00827	0.01229	0.01229	0.01361	0.00960	0.00948	0.01373	0.01241	0.01787	0.02093	0.03134	0.01976	0.08707	0.66839	0.01225	0.02020	0.00844	0.00418	0.00683
48	0.01891	0.01814	0.03097	0.08780	0.64109	0.01835	0.02366	0.02355	0.01752	0.02500	0.01454	0.01928	0.01216	0.00696	0.00768	0.00232	0.00928	0.00691	0.00381	0.01206
49	0.05142	0.01428	0.03716	0.03911	0.02057	0.01305	0.01195	0.05571	0.10945	0.44015	0.07787	0.02941	0.04365	0.01029	0.00785	0.00245	0.00656	0.00843	0.00859	0.01206
50	0.05792	0.06169	0.21076	0.01757	0.02513	0.01606	0.06719	0.07678	0.02038	0.31349	0.02170	0.02126	0.01455	0.00842	0.00742	0.00237	0.00861	0.00689	0.02990	0.01192
51	0.00958	0.00684	0.00915	0.01094	0.01145	0.00641	0.00742	0.01102	0.01497	0.01994	0.04266	0.69545	0.05100	0.02417	0.00993	0.00317	0.00461	0.04776	0.00720	0.00633
52	0.01624	0.13179	0.60166	0.02093	0.03175	0.01969	0.02661	0.02438	0.01629	0.02372	0.01350	0.01585	0.00984	0.00727	0.00705	0.00235	0.01104	0.00552	0.00328	0.01126
53	0.12588	0.01688	0.02390	0.24455	0.03348	0.05889	0.13329	0.08222	0.01788	0.02620	0.01593	0.04980	0.01306	0.00884	0.00873	0.00253	0.05970	0.00750	0.06159	0.00917
54	0.01491	0.02944	0.44280	0.01896	0.02713	0.01557	0.02218	0.02377	0.08453	0.02542	0.06620	0.06146	0.02250	0.01107	0.00814	0.00267	0.00944	0.09855	0.00485	0.01040
55	0.01002	0.00732	0.00936	0.01068	0.01167	0.00683	0.00762	0.01179	0.01577	0.02064	0.07349	0.46782	0.14097	0.06560	0.01167	0.00337	0.00494	0.10695	0.00709	0.00640
56	0.05060	0.09356	0.09982	0.21964	0.31700	0.01903	0.02150	0.02319	0.01670	0.04735	0.01432	0.01857	0.01133	0.00727	0.00726	0.00234	0.00944	0.00641	0.00386	0.01081
57	0.01974	0.02015	0.11119	0.02810	0.16871	0.01715	0.21409	0.06399	0.06787	0.09477	0.02115	0.07382	0.01760	0.00940	0.00841	0.00257	0.00972	0.03513	0.00531	0.01112
58	0.01198	0.00856	0.01190	0.01369	0.01525	0.00848	0.01160	0.01517	0.01734	0.02263	0.04134	0.19479	0.04575	0.02190	0.01057	0.00350	0.00669	0.52470	0.00715	0.00700
59	0.01567	0.03572	0.57445	0.02273	0.07360	0.01744	0.02632	0.02463	0.04497	0.02535	0.05493	0.01963	0.01443	0.00799	0.00752	0.00245	0.01061	0.00644	0.00383	0.01130
60	0.07234	0.11287	0.35925	0.10438	0.03273	0.06169	0.08364	0.02452	0.01668	0.04332	0.01386	0.01676	0.01028	0.00734	0.00711	0.00236	0.01073	0.00593	0.00370	0.01052
61	0.01798	0.15165	0.48496	0.02082	0.03082	0.01976	0.07079	0.02530	0.01683	0.07054	0.01471	0.01677	0.01065	0.00734	0.00713	0.00233	0.01071	0.00587	0.00378	0.01126
62	0.57346	0.01655	0.04000	0.01646	0.08916	0.01732	0.05683	0.02402	0.01470	0.07221	0.01287	0.01487	0.00976	0.00727	0.00569	0.00241	0.00708	0.00512	0.00487	0.00936
63	0.01107	0.00879	0.01302	0.09759	0.08536	0.00885	0.01062	0.01321	0.01521	0.02037	0.03638	0.56626	0.04238	0.02053	0.00941	0.00299	0.00568	0.01868	0.00640	0.00719
64	0.01332	0.00675	0.00996	0.01004	0.01012	0.00673	0.00671	0.01038	0.01050	0.01422	0.01510	0.05408	0.01531	0.02627	0.02865	0.71710	0.00654	0.00741	0.02718	0.00361
65	0.05195	0.01692	0.01845	0.11895	0.02452	0.05531	0.01335	0.17529	0.24412	0.03351	0.13772	0.02890	0.02658	0.01049	0.00788	0.00247	0.00732	0.00860	0.00696	0.01072
66	0.01641	0.01159	0.01582	0.19218	0.02446	0.01251	0.05001	0.08700	0.01834	0.02828	0.02053	0.02465	0.01584	0.00844	0.00652	0.00209	0.00655	0.00712	0.41114	0.04053
67	0.01062	0.00773	0.01000	0.00982	0.01147	0.00711	0.00722	0.01380	0.02054	0.02866	0.53754	0.16872	0.10285	0.01746	0.00927	0.00257	0.00381	0.01548	0.00824	0.00711
68	0.02177	0.09671	0.32545	0.01889	0.02734	0.01861	0.04689	0.08352	0.09305	0.16326	0.01954	0.01987	0.01372	0.00825	0.00739	0.00238	0.00936	0.00660	0.00552	0.01187
69	0.01305	0.00840	0.01095	0.01004	0.01228	0.00765	0.00762	0.01657	0.02179	0.08963	0.59195	0.05577	0.09350	0.01545	0.00902	0.00244	0.00393	0.01356	0.00858	0.00781
70	0.01869	0.01673	0.01724	0.05743	0.02127	0.06617	0.01235	0.05325	0.46378	0.03051	0.09849	0.05955	0.02806	0.01129	0.00803	0.00257	0.00669	0.00946	0.00738	0.01105
71	0.01592	0.05645	0.51910	0.07197	0.03275	0.01782	0.04463	0.04990	0.01731	0.02505	0.03647	0.04806	0.01385	0.00842	0.00755	0.00247	0.01066	0.00688	0.00383	0.01089
72	0.01090	0.00792	0.01026	0.00967	0.01154	0.00728	0.00726	0.01448	0.02177	0.03066	0.64976	0.05863	0.09871	0.01601	0.00915	0.00245	0.00367	0.01412	0.00848	0.00728
73	0.01755	0.08668	0.47967	0.02486	0.11644	0.01951	0.04976	0.07095	0.01805	0.02600	0.01419	0.01679	0.01048	0.00736	0.00733	0.00237	0.01077	0.00599	0.00371	0.01154
74	0.01925	0.19881	0.20886	0.07373	0.07198	0.11790	0.13473	0.02451	0.01755	0.02218	0.03269	0.01763	0.01229	0.00738	0.00716	0.00223	0.01089	0.00627	0.00371	0.01028
75	0.01331	0.00679	0.00998	0.00998	0.00998	0.00679	0.00658	0.01019	0.01019	0.01358	0.01428	0.02558	0.01456	0.07885	0.03098	0.71759	0.00679	0.00707	0.00347	0.00347
76	0.01665	0.03857	0.64916	0.02163	0.03277	0.01763	0.02766	0.02531	0.01670	0.06220	0.01487	0.01694	0.01036	0.00749	0.00739	0.00245	0.01118	0.00585	0.00363	0.01156
77	0.01562	0.01478	0.02503	0.56637	0.18824	0.01748	0.02202	0.02067	0.01597	0.02100	0.01395	0.02035	0.01076	0.00757	0.00774	0.00252	0.01009	0.00689	0.00353	0.00940
78	0.13742	0.01498	0.05526	0.01377	0.01991	0.01261	0.01196	0.03495	0.02061	0.55671	0.02689	0.02390	0.01716	0.00914	0.00736	0.00240	0.00679	0.00718	0.00857	0.01243
79	0.01089	0.00786	0.01029	0.00981	0.01156	0.00726	0.00731	0.01442	0.02156	0.03047	0.64011	0.09464	0.07195	0.01632	0.00919	0.00248	0.00370	0.01447	0.00846	0.00726
80	0.02927	0.02041	0.02336	0.01789	0.02407	0.02207	0.04185	0.52461	0.05803	0.12760	0.02050	0.02010	0.01429	0.00927	0.00783	0.00236	0.00839	0.00725	0.00783	0.01303
81	0.06201	0.17277	0.42381	0.01912	0.02807	0.06168	0.02239	0.02490	0.01647	0.05181	0.01356	0.01569	0.01020	0.00761	0.00751	0.00230	0.04020	0.00542	0.00369	0.01079
82	0.01907	0.07928	0.03021	0.02587	0.13137	0.04286	0.15956	0.02255	0.01579	0.05940	0.01464	0.04168	0.01279	0.00993	0.01419	0.00269	0.26456	0.00753	0.00413	0.04193
83	0.01592	0.08953	0.64115	0.02147	0.03258	0.01891	0.02755	0.02446	0.01633	0.02410	0.01369	0.01609	0.00983	0.00731	0.00720	0.00240	0.01123	0.00562	0.00328	0.01135
84	0.12128	0.26517	0.08264	0.01609	0.04814	0.02266	0.01412	0.09804	0.11945	0.06737	0.01696	0.01859	0.01350	0.03122	0.00803	0.00237	0.03252	0.00599	0.00518	0.01068
85	0.69271	0.01691	0.05318	0.01136	0.01664	0.01781	0.00999	0.05886	0.01472	0.03497	0.01143	0.01317	0.00876	0.00733	0.00512	0.00240	0.00647	0.00445	0.00487	0.00886
86	0.01187	0.00948	0.01398	0.01353	0.01472	0.01159	0.01067	0.01450	0.01238	0.01809	0.01934	0.02864	0.01814	0.05214	0.60621	0.01124	0.11420	0.00810	0.00405	0.00713
87	0.00930	0.00786	0.00804	0.00800	0.01056	0.00660	0.00600	0.01139	0.01799	0.02170	0.12274	0.07338	0.63133	0.01936	0.00916	0.00260	0.00391	0.01619	0.00730	0.00660
88	0.02125	0.01688	0.01913	0.03835	0.02181	0.01592	0.01178	0.26661	0.02400	0.03428	0.01567	0.01723	0.01211	0.00720	0.00660	0.00166	0.00699	0.00560	0.00579	0.45114
89	0.78228	0.01499	0.01140	0.01020	0.01499	0.01739	0.00840	0.02279	0.01320	0.03479	0.01080	0.01260	0.00840	0.00720	0.00480	0.00240	0.00600	0.00420	0.00480	0.00840
90	0.02224	0.01158	0.01455	0.01213	0.01604	0.01100	0.00964	0.08859	0.05042	0.27437	0.29546	0.03894	0.04114	0.01215	0.00818	0.00237	0.00534	0.01029	0.06528	0.01028
91	0.01090	0.00792	0.01027	0.00968	0.01154	0.00729	0.00726	0.01450	0.02178	0.03071	0.65228	0.05856	0.09617	0.01600	0.00915	0.00245	0.00367	0.01411	0.00848	0.00729
92	0.01108	0.00831	0.01246	0.01246	0.01385	0.00969	0.00969	0.01385	0.01246	0.01800	0.02077	0.03046	0.01938	0.05815	0.69678	0.01246	0.02077	0.00831	0.00415	0.00692
93	0.00954	0.00687	0.00905	0.01061	0.01124	0.00638	0.00716	0.01108	0.01546	0.02064	0.08916	0.65021	0.07685	0.02351	0.00981	0.00308	0.00442	0.02125	0.00729	0.00638
94	0.01124	0.00818	0.01181	0.01181	0.01307	0.00936	0.00898	0.01375	0.01250	0.01815	0.02135	0.03255	0.02034	0.12705	0.59777	0.01149	0.01864	0.00858	0.03670	0.00670
95	0.01772	0.01819	0.03474	0.20702	0.28498	0.01857	0.25701	0.02319	0.01736	0.02377	0.01479	0.02020	0.01160	0.00698	0.00824	0.00249	0.01093	0.00774	0.00377	0.01069
96	0.01852	0.01774	0.03026	0.14521	0.58677	0.01825	0.02346	0.02321	0.01734	0.02452	0.01447	0.01941	0.01199	0.00703	0.00769	0.00234	0.00938	0.00691	0.00378	0.01174
97	0.07171	0.01261	0.01416	0.05135	0.01779	0.03490	0.01030	0.12972	0.06787	0.07709	0.03317	0.35857	0.05614	0.01669	0.00861	0.00277	0.00621	0.01446	0.00704	0.00885

[dist]
# distance from previous block
# <min> <max>
0	11

# created by:
# /st0/software/busco_prod/Augustus/scripts/msa2prfl.pl ./align_prep/106003.fa
