[name]
unknown

[dist]
# distance from previous block
# <min> <max>
1	19

[block]
# block no. 0 follows, 21 sequences, length 8
# corresponding to MSA columns:
# 24-31
name=unknown_A
#
# <colnr> <probs for GDERKNQSTAVLIFYWHMCP>
#	G	D	E	R	K	N	Q	S	T	A	V	L	I	F	Y	W	H	M	C	P
0	0.07444	0.10141	0.06657	0.01630	0.02181	0.01719	0.06088	0.06451	0.08721	0.16917	0.02766	0.13148	0.02348	0.01212	0.00814	0.00264	0.00772	0.01025	0.08575	0.01129
1	0.02448	0.01727	0.02170	0.01723	0.02318	0.01731	0.06061	0.12771	0.20345	0.15206	0.09187	0.02963	0.02560	0.01050	0.00846	0.00248	0.00749	0.00896	0.00808	0.14193
2	0.02096	0.08515	0.18262	0.01789	0.02434	0.01724	0.03892	0.07555	0.08925	0.12698	0.02892	0.20137	0.02660	0.01387	0.00883	0.00282	0.00853	0.01187	0.00683	0.01143
3	0.01749	0.01433	0.03303	0.01340	0.01694	0.06281	0.01044	0.05129	0.05679	0.08598	0.15589	0.21795	0.13248	0.01723	0.00940	0.00276	0.00638	0.01481	0.00785	0.07274
4	0.05495	0.01363	0.01408	0.01370	0.01593	0.08035	0.01018	0.02116	0.05603	0.07635	0.13110	0.29311	0.04234	0.01795	0.01058	0.00295	0.05359	0.01519	0.06806	0.00877
5	0.01878	0.41585	0.03173	0.01413	0.01845	0.02475	0.01248	0.02079	0.01590	0.01976	0.01947	0.12408	0.02102	0.12198	0.01471	0.00330	0.07998	0.00908	0.00454	0.00922
6	0.01946	0.01576	0.01797	0.01419	0.02022	0.01429	0.01116	0.12912	0.08175	0.03217	0.02307	0.12794	0.02124	0.01077	0.00766	0.00200	0.00667	0.00902	0.00647	0.42906
7	0.02720	0.01706	0.06922	0.01581	0.02161	0.01497	0.01360	0.03737	0.20651	0.31875	0.12997	0.03446	0.03119	0.01174	0.00879	0.00272	0.00700	0.00979	0.00923	0.01299

[dist]
# distance from previous block
# <min> <max>
0	1

[block]
# block no. 1 follows, 21 sequences, length 114
# corresponding to MSA columns:
# 33-146
name=unknown_B
#
# <colnr> <probs for GDERKNQSTAVLIFYWHMCP>
#	G	D	E	R	K	N	Q	S	T	A	V	L	I	F	Y	W	H	M	C	P
0	0.07600	0.12175	0.22892	0.01693	0.02464	0.01754	0.01792	0.02863	0.02051	0.20153	0.13470	0.02846	0.02627	0.01034	0.00800	0.00255	0.00861	0.00822	0.00670	0.01179
1	0.01970	0.01860	0.03662	0.05598	0.03495	0.01842	0.36490	0.02488	0.01895	0.08344	0.02335	0.14362	0.02120	0.01183	0.01182	0.00304	0.08057	0.01207	0.00544	0.01063
2	0.01220	0.00894	0.01276	0.01276	0.01397	0.01014	0.00950	0.01461	0.01341	0.01908	0.02363	0.03806	0.02328	0.19624	0.53753	0.01255	0.01977	0.00979	0.00468	0.00709
3	0.01805	0.01247	0.01700	0.01664	0.05367	0.01235	0.03748	0.10886	0.02249	0.09344	0.14561	0.26151	0.06447	0.02093	0.05010	0.00364	0.00755	0.03613	0.00795	0.00968
4	0.01798	0.01707	0.02897	0.44047	0.28371	0.01941	0.02458	0.02341	0.01792	0.02406	0.01546	0.02207	0.01216	0.00815	0.00848	0.00272	0.01087	0.00757	0.00395	0.01099
5	0.01607	0.01513	0.02552	0.68047	0.05861	0.01891	0.02363	0.02174	0.01702	0.02174	0.01513	0.02269	0.01134	0.00851	0.00851	0.00284	0.01134	0.00756	0.00378	0.00945
6	0.16804	0.01558	0.02320	0.52104	0.07166	0.01899	0.02079	0.02257	0.01659	0.02531	0.01449	0.02082	0.01099	0.00835	0.00784	0.00278	0.01033	0.00696	0.00410	0.00955
7	0.01747	0.01615	0.02706	0.46343	0.22288	0.01864	0.02332	0.02287	0.01773	0.02404	0.01611	0.02275	0.01256	0.00833	0.00834	0.00270	0.01057	0.00759	0.04695	0.01051
8	0.02242	0.01891	0.01995	0.01757	0.02261	0.02175	0.01377	0.10978	0.56586	0.03763	0.03304	0.03048	0.02468	0.01140	0.00864	0.00285	0.00703	0.00940	0.00864	0.01358
9	0.03818	0.01448	0.01975	0.01514	0.02172	0.01251	0.01251	0.04147	0.02436	0.65373	0.03357	0.02897	0.02107	0.01053	0.00856	0.00263	0.00724	0.00856	0.01053	0.01448
10	0.01056	0.00754	0.01010	0.01207	0.01265	0.00708	0.00824	0.01218	0.01648	0.02194	0.04680	0.66071	0.05586	0.02648	0.01091	0.00348	0.00510	0.05694	0.00790	0.00697
11	0.04567	0.00781	0.01091	0.01086	0.01122	0.00791	0.00736	0.01231	0.01173	0.01701	0.01563	0.02581	0.01507	0.02721	0.03007	0.66566	0.00710	0.00732	0.05911	0.00424
12	0.01270	0.00856	0.01060	0.01055	0.01214	0.00825	0.00774	0.01575	0.01962	0.02820	0.30842	0.08541	0.07912	0.14142	0.04694	0.00424	0.00604	0.06360	0.12330	0.00738
13	0.02179	0.01859	0.01960	0.01745	0.02237	0.02146	0.01362	0.07740	0.59927	0.03661	0.03384	0.03112	0.02533	0.01147	0.00865	0.00287	0.00688	0.00951	0.00865	0.01353
14	0.01318	0.00891	0.01164	0.01125	0.01337	0.00820	0.00851	0.01678	0.02274	0.06295	0.48280	0.13369	0.10120	0.01865	0.01016	0.00285	0.00453	0.05131	0.00910	0.00818
15	0.03228	0.01954	0.02244	0.01739	0.02368	0.02040	0.01429	0.38493	0.03370	0.23739	0.08211	0.02706	0.02260	0.01098	0.00867	0.00259	0.00821	0.00865	0.00922	0.01388
16	0.01056	0.00754	0.01009	0.01207	0.01265	0.00708	0.00823	0.01218	0.01648	0.02194	0.04680	0.66098	0.05587	0.02648	0.01091	0.00348	0.00510	0.05669	0.00790	0.00697
17	0.01096	0.00810	0.01078	0.01231	0.01275	0.00809	0.00837	0.01238	0.01589	0.02136	0.04371	0.62039	0.05226	0.06376	0.01367	0.00374	0.04447	0.02256	0.00750	0.00695
18	0.06689	0.01376	0.01647	0.01384	0.01855	0.01339	0.01105	0.08273	0.08656	0.27732	0.12755	0.04318	0.10461	0.04817	0.01066	0.00302	0.00659	0.03514	0.00900	0.01152
19	0.01037	0.00741	0.00987	0.01185	0.01234	0.00691	0.00790	0.01185	0.01629	0.02172	0.04690	0.69537	0.05629	0.02666	0.01086	0.00346	0.00494	0.02419	0.00790	0.00691
20	0.08249	0.02069	0.02303	0.01776	0.02441	0.02197	0.01467	0.41590	0.03387	0.22289	0.02359	0.02241	0.01599	0.01015	0.00831	0.00258	0.00858	0.00771	0.00887	0.01413
21	0.01060	0.00788	0.00989	0.01099	0.01224	0.00717	0.00763	0.01267	0.01832	0.02419	0.16120	0.45774	0.18044	0.02397	0.01055	0.00320	0.00465	0.02135	0.00816	0.00717
22	0.01156	0.00855	0.01084	0.01085	0.01276	0.00783	0.00810	0.01488	0.02184	0.02986	0.42340	0.16725	0.16590	0.01989	0.01027	0.00291	0.00444	0.05236	0.00881	0.00771
23	0.01120	0.00860	0.01025	0.00997	0.01223	0.00765	0.00742	0.01438	0.02190	0.02924	0.40012	0.10243	0.29491	0.01945	0.01009	0.00279	0.00417	0.01682	0.00873	0.00765
24	0.01037	0.00741	0.00987	0.01185	0.01234	0.00691	0.00790	0.01185	0.01629	0.02172	0.04690	0.69537	0.05629	0.02666	0.01086	0.00346	0.00494	0.02419	0.00790	0.00691
25	0.02031	0.01390	0.01603	0.01434	0.01835	0.01456	0.01111	0.03292	0.29645	0.13798	0.19109	0.08133	0.08645	0.01445	0.00922	0.00282	0.00586	0.01235	0.00905	0.01144
26	0.01127	0.00862	0.01033	0.01001	0.01226	0.00768	0.00747	0.01451	0.02209	0.02964	0.41966	0.09618	0.28088	0.01926	0.01008	0.00278	0.00416	0.01667	0.00878	0.00768
27	0.76103	0.01646	0.01251	0.01119	0.01646	0.01909	0.00922	0.02502	0.01448	0.03818	0.01185	0.01382	0.00922	0.00790	0.00527	0.00263	0.00658	0.00461	0.00527	0.00922
28	0.01064	0.00752	0.00979	0.01150	0.01193	0.00709	0.00753	0.01192	0.01576	0.02102	0.04418	0.60869	0.05285	0.11803	0.01526	0.00411	0.00539	0.02259	0.00753	0.00667
29	0.01114	0.00835	0.01037	0.01082	0.01258	0.00758	0.00793	0.01391	0.02029	0.02708	0.28862	0.26233	0.21147	0.02160	0.01039	0.00303	0.00459	0.05197	0.00847	0.00747
30	0.03362	0.02180	0.02428	0.01861	0.02538	0.02337	0.01538	0.49368	0.03661	0.18422	0.02329	0.02229	0.01591	0.01028	0.00852	0.00257	0.00890	0.00786	0.00895	0.01447
31	0.03677	0.01540	0.02015	0.01560	0.02209	0.01404	0.01284	0.08466	0.06042	0.57365	0.03266	0.02849	0.02086	0.01057	0.00856	0.00264	0.00737	0.00855	0.01028	0.01442
32	0.02117	0.01828	0.01924	0.01732	0.02213	0.02117	0.01347	0.04522	0.63246	0.03560	0.03464	0.03175	0.02598	0.01155	0.00866	0.00289	0.00673	0.00962	0.00866	0.01347
33	0.01630	0.01556	0.02691	0.64435	0.05782	0.01905	0.05688	0.02205	0.01719	0.02205	0.01524	0.02270	0.01143	0.00843	0.00859	0.00284	0.01151	0.00770	0.00381	0.00957
34	0.02117	0.01828	0.01924	0.01732	0.02213	0.02117	0.01347	0.04522	0.63246	0.03560	0.03464	0.03175	0.02598	0.01155	0.00866	0.00289	0.00673	0.00962	0.00866	0.01347
35	0.21168	0.45269	0.06799	0.01453	0.02155	0.02876	0.01420	0.06177	0.01800	0.02709	0.01255	0.01434	0.01070	0.00766	0.00574	0.00212	0.00866	0.00485	0.00435	0.01079
36	0.03182	0.03972	0.02419	0.02181	0.02631	0.63444	0.01643	0.06353	0.02492	0.02248	0.01352	0.01560	0.01114	0.00884	0.00772	0.00221	0.01504	0.00559	0.00459	0.01010
37	0.01184	0.00869	0.01109	0.01049	0.01259	0.00794	0.00787	0.01566	0.02360	0.03297	0.58545	0.06547	0.13891	0.01783	0.01004	0.00270	0.00405	0.01566	0.00922	0.00794
38	0.02595	0.01576	0.01912	0.01414	0.02130	0.01321	0.01149	0.08666	0.02208	0.23948	0.02181	0.02170	0.01562	0.00810	0.00727	0.00185	0.00692	0.00647	0.00722	0.43387
39	0.01486	0.00932	0.01228	0.01118	0.01368	0.00851	0.00851	0.01880	0.02412	0.10091	0.57762	0.05984	0.07391	0.01666	0.00988	0.00267	0.00436	0.01465	0.00949	0.00873
40	0.03482	0.01671	0.02081	0.01608	0.02243	0.01608	0.01323	0.20092	0.02870	0.44520	0.07049	0.02889	0.02317	0.01090	0.00864	0.00261	0.00762	0.00876	0.00989	0.01405
41	0.72204	0.01685	0.01321	0.01164	0.01699	0.01948	0.00959	0.05683	0.01585	0.03901	0.01231	0.01418	0.00950	0.00802	0.00544	0.00263	0.00673	0.00477	0.00544	0.00950
42	0.01208	0.00885	0.01265	0.01278	0.01396	0.00997	0.00949	0.01448	0.01362	0.01931	0.02511	0.08141	0.02531	0.17399	0.51323	0.01204	0.01904	0.01070	0.00489	0.00712
43	0.01216	0.00912	0.01368	0.01368	0.01520	0.01064	0.01064	0.01520	0.01368	0.01976	0.02279	0.03343	0.02127	0.06382	0.66720	0.01368	0.02279	0.00912	0.00456	0.00760
44	0.02053	0.01683	0.01919	0.01397	0.02139	0.01429	0.01128	0.13869	0.02203	0.03281	0.01617	0.01819	0.01297	0.00707	0.00674	0.00151	0.00690	0.00556	0.00572	0.60815
45	0.76103	0.01646	0.01251	0.01119	0.01646	0.01909	0.00922	0.02502	0.01448	0.03818	0.01185	0.01382	0.00922	0.00790	0.00527	0.00263	0.00658	0.00461	0.00527	0.00922
46	0.01016	0.00862	0.00876	0.00873	0.01156	0.00723	0.00654	0.01241	0.01963	0.02355	0.11433	0.08097	0.61591	0.02134	0.01006	0.00286	0.00430	0.01783	0.00798	0.00723
47	0.01765	0.01304	0.01399	0.01261	0.01668	0.01311	0.00980	0.05243	0.21896	0.09638	0.06101	0.05731	0.34996	0.01664	0.00938	0.00284	0.00563	0.01380	0.00846	0.01032
48	0.01037	0.00741	0.00987	0.01185	0.01234	0.00691	0.00790	0.01185	0.01629	0.02172	0.04690	0.69537	0.05629	0.02666	0.01086	0.00346	0.00494	0.02419	0.00790	0.00691
49	0.03235	0.02384	0.02554	0.01958	0.02639	0.02639	0.01618	0.61946	0.04001	0.05363	0.02043	0.02043	0.01447	0.01022	0.00851	0.00255	0.00936	0.00766	0.00851	0.01447
50	0.01253	0.00824	0.00922	0.00922	0.00931	0.00824	0.00519	0.01270	0.01261	0.01716	0.02685	0.05465	0.03054	0.67089	0.04169	0.00798	0.00806	0.01218	0.03745	0.00528
51	0.76103	0.01646	0.01251	0.01119	0.01646	0.01909	0.00922	0.02502	0.01448	0.03818	0.01185	0.01382	0.00922	0.00790	0.00527	0.00263	0.00658	0.00461	0.00527	0.00922
52	0.03605	0.01556	0.02013	0.01569	0.02211	0.01440	0.01288	0.08482	0.08624	0.54740	0.03270	0.02861	0.02107	0.01061	0.00856	0.00265	0.00735	0.00860	0.01020	0.01438
53	0.01238	0.00825	0.00928	0.00928	0.00928	0.00825	0.00516	0.01238	0.01238	0.01650	0.02681	0.05569	0.03094	0.70092	0.04331	0.00825	0.00825	0.01238	0.00516	0.00516
54	0.01037	0.00741	0.00987	0.01185	0.01234	0.00691	0.00790	0.01185	0.01629	0.02172	0.04690	0.69537	0.05629	0.02666	0.01086	0.00346	0.00494	0.02419	0.00790	0.00691
55	0.76103	0.01646	0.01251	0.01119	0.01646	0.01909	0.00922	0.02502	0.01448	0.03818	0.01185	0.01382	0.00922	0.00790	0.00527	0.00263	0.00658	0.00461	0.00527	0.00922
56	0.01019	0.00857	0.00885	0.00890	0.01161	0.00722	0.00663	0.01243	0.01954	0.02361	0.11840	0.11012	0.58176	0.02154	0.01010	0.00289	0.00432	0.01810	0.00799	0.00722
57	0.01172	0.00859	0.01099	0.01058	0.01256	0.00786	0.00786	0.01536	0.02304	0.03208	0.54282	0.11239	0.13540	0.01851	0.01010	0.00275	0.00411	0.01630	0.00911	0.00786
58	0.71683	0.01634	0.01295	0.01143	0.01678	0.01869	0.00942	0.02602	0.01509	0.07583	0.01318	0.01475	0.00994	0.00806	0.00547	0.00263	0.00662	0.00485	0.00559	0.00954
59	0.01015	0.00827	0.00899	0.00956	0.01174	0.00710	0.00688	0.01211	0.01849	0.02262	0.07476	0.26065	0.47302	0.02304	0.01029	0.00304	0.00449	0.01978	0.00790	0.00710
60	0.02233	0.02493	0.02417	0.02133	0.02294	0.23694	0.01709	0.02442	0.01677	0.02052	0.01300	0.01903	0.01212	0.01780	0.08570	0.00422	0.39637	0.00696	0.00403	0.00932
61	0.01054	0.00754	0.01002	0.01174	0.01238	0.00702	0.00791	0.01227	0.01707	0.02296	0.10646	0.63229	0.05868	0.02574	0.01078	0.00338	0.00485	0.02331	0.00805	0.00702
62	0.01192	0.00860	0.01126	0.01079	0.01269	0.00795	0.00802	0.01575	0.02351	0.03320	0.59901	0.11054	0.07851	0.01809	0.01010	0.00273	0.00408	0.01604	0.00926	0.00795
63	0.01707	0.04402	0.65683	0.02426	0.03683	0.01976	0.03144	0.02695	0.01797	0.02695	0.01527	0.01797	0.01078	0.00809	0.00809	0.00270	0.01258	0.00629	0.00359	0.01258
64	0.03179	0.04056	0.02412	0.02192	0.02631	0.66676	0.01644	0.03398	0.02412	0.02083	0.01315	0.01535	0.01096	0.00877	0.00767	0.00219	0.01535	0.00548	0.00438	0.00987
65	0.01607	0.01513	0.02552	0.68047	0.05861	0.01891	0.02363	0.02174	0.01702	0.02174	0.01513	0.02269	0.01134	0.00851	0.00851	0.00284	0.01134	0.00756	0.00378	0.00945
66	0.01607	0.01513	0.02552	0.68047	0.05861	0.01891	0.02363	0.02174	0.01702	0.02174	0.01513	0.02269	0.01134	0.00851	0.00851	0.00284	0.01134	0.00756	0.00378	0.00945
67	0.01902	0.01541	0.01802	0.01296	0.02045	0.01193	0.01040	0.04361	0.01872	0.05447	0.01608	0.01821	0.01302	0.00662	0.00647	0.00136	0.00645	0.00528	0.00539	0.69612
68	0.01371	0.00980	0.01371	0.01567	0.01763	0.00980	0.01371	0.01763	0.01959	0.02547	0.04506	0.09599	0.04898	0.02351	0.01175	0.00392	0.00784	0.59056	0.00784	0.00784
69	0.01037	0.00741	0.00987	0.01185	0.01234	0.00691	0.00790	0.01185	0.01629	0.02172	0.04690	0.69537	0.05629	0.02666	0.01086	0.00346	0.00494	0.02419	0.00790	0.00691
70	0.01216	0.00904	0.01143	0.01125	0.01330	0.00851	0.00849	0.01656	0.04859	0.03105	0.45111	0.13593	0.13213	0.01903	0.01019	0.00288	0.00453	0.05688	0.00891	0.00804
71	0.03779	0.01511	0.02013	0.01544	0.02203	0.01343	0.01275	0.07993	0.02540	0.61380	0.03270	0.02840	0.02063	0.01051	0.00855	0.00263	0.00738	0.00850	0.01040	0.01448
72	0.03574	0.01840	0.02217	0.01700	0.02368	0.01832	0.01404	0.28354	0.03091	0.40241	0.02807	0.02539	0.01830	0.01040	0.00854	0.00260	0.00813	0.00818	0.00969	0.01448
73	0.01006	0.00862	0.00862	0.00862	0.01149	0.00718	0.00647	0.01221	0.01940	0.02299	0.08621	0.08190	0.64438	0.02155	0.01006	0.00287	0.00431	0.01796	0.00790	0.00718
74	0.01016	0.00863	0.00877	0.00873	0.01156	0.00723	0.00655	0.01242	0.01965	0.02359	0.11602	0.08092	0.61420	0.02133	0.01006	0.00286	0.00429	0.01782	0.00798	0.00723
75	0.01236	0.00828	0.00940	0.00936	0.00948	0.00824	0.00532	0.01259	0.01305	0.01751	0.06219	0.05614	0.03377	0.66170	0.04141	0.00793	0.00801	0.01255	0.00540	0.00532
76	0.01052	0.00864	0.00926	0.00910	0.01178	0.00738	0.00683	0.01310	0.02048	0.02556	0.21465	0.07767	0.51434	0.02059	0.01005	0.00283	0.00424	0.01737	0.00824	0.00738
77	0.03235	0.02384	0.02554	0.01958	0.02639	0.02639	0.01618	0.61946	0.04001	0.05363	0.02043	0.02043	0.01447	0.01022	0.00851	0.00255	0.00936	0.00766	0.00851	0.01447
78	0.01065	0.00841	0.00967	0.01038	0.01244	0.00743	0.00771	0.01292	0.01887	0.02363	0.10814	0.25270	0.38236	0.02290	0.01045	0.00313	0.00483	0.07816	0.00799	0.00723
79	0.76103	0.01646	0.01251	0.01119	0.01646	0.01909	0.00922	0.02502	0.01448	0.03818	0.01185	0.01382	0.00922	0.00790	0.00527	0.00263	0.00658	0.00461	0.00527	0.00922
80	0.01183	0.00869	0.01108	0.01048	0.01258	0.00794	0.00786	0.01564	0.02358	0.03293	0.58330	0.06554	0.14110	0.01785	0.01004	0.00270	0.00405	0.01567	0.00921	0.00794
81	0.01106	0.00949	0.01080	0.01206	0.05891	0.00823	0.00807	0.01360	0.01983	0.02437	0.13218	0.07569	0.54565	0.02013	0.00993	0.00283	0.00471	0.01695	0.00776	0.00773
82	0.06896	0.01642	0.01975	0.01566	0.02158	0.01628	0.01277	0.17123	0.07884	0.36414	0.09662	0.03028	0.02588	0.01117	0.00855	0.00264	0.00730	0.00899	0.00952	0.01342
83	0.02870	0.01868	0.02041	0.01621	0.02177	0.02009	0.01321	0.37687	0.06461	0.12426	0.02456	0.02473	0.01762	0.01026	0.00794	0.00245	0.00771	0.00794	0.17906	0.01291
84	0.01261	0.00823	0.00919	0.00919	0.00932	0.00823	0.00521	0.01287	0.01274	0.01751	0.02688	0.05410	0.03033	0.65494	0.04083	0.00783	0.00797	0.01208	0.05460	0.00534
85	0.01176	0.00802	0.00958	0.01013	0.01039	0.00784	0.00614	0.01243	0.01422	0.01907	0.06818	0.24692	0.04133	0.46061	0.03173	0.00650	0.00702	0.01607	0.00622	0.00585
86	0.01586	0.00793	0.00793	0.00793	0.00991	0.00793	0.00595	0.01983	0.01785	0.03173	0.02776	0.03173	0.02181	0.00991	0.00595	0.00198	0.00397	0.00793	0.74817	0.00793
87	0.03760	0.01541	0.02032	0.01558	0.02219	0.01388	0.01287	0.09876	0.02591	0.59425	0.03227	0.02812	0.02041	0.01050	0.00855	0.00263	0.00745	0.00847	0.01033	0.01448
88	0.01006	0.00862	0.00862	0.00862	0.01149	0.00718	0.00647	0.01221	0.01940	0.02299	0.08621	0.08190	0.64438	0.02155	0.01006	0.00287	0.00431	0.01796	0.00790	0.00718
89	0.01193	0.00869	0.01122	0.01059	0.01265	0.00798	0.00794	0.01584	0.02383	0.03350	0.61213	0.06460	0.11190	0.01763	0.01004	0.00269	0.00403	0.01553	0.00929	0.00798
90	0.02275	0.70604	0.04459	0.01456	0.02184	0.03367	0.01456	0.02548	0.01729	0.02002	0.01183	0.01365	0.01092	0.00728	0.00546	0.00182	0.00910	0.00455	0.00364	0.01092
91	0.76103	0.01646	0.01251	0.01119	0.01646	0.01909	0.00922	0.02502	0.01448	0.03818	0.01185	0.01382	0.00922	0.00790	0.00527	0.00263	0.00658	0.00461	0.00527	0.00922
92	0.01041	0.00863	0.00911	0.00899	0.01171	0.00733	0.00674	0.01290	0.02023	0.02497	0.18552	0.07863	0.54383	0.02081	0.01005	0.00284	0.00426	0.01750	0.00816	0.00733
93	0.01006	0.00862	0.00862	0.00862	0.01149	0.00718	0.00647	0.01221	0.01940	0.02299	0.08621	0.08190	0.64438	0.02155	0.01006	0.00287	0.00431	0.01796	0.00790	0.00718
94	0.03818	0.01448	0.01975	0.01514	0.02172	0.01251	0.01251	0.04147	0.02436	0.65373	0.03357	0.02897	0.02107	0.01053	0.00856	0.00263	0.00724	0.00856	0.01053	0.01448
95	0.03458	0.02026	0.02333	0.01788	0.02461	0.02109	0.01477	0.39865	0.03403	0.28289	0.02545	0.02369	0.01699	0.01034	0.00853	0.00258	0.00855	0.00800	0.00928	0.01448
96	0.01824	0.13486	0.50371	0.02494	0.06441	0.02185	0.06462	0.02672	0.01807	0.02603	0.01494	0.01781	0.01106	0.00789	0.00785	0.00257	0.01208	0.00634	0.00367	0.01232
97	0.01223	0.00829	0.00976	0.00988	0.01007	0.00841	0.00588	0.01263	0.01275	0.01715	0.02764	0.09256	0.03151	0.59515	0.10453	0.00851	0.00952	0.01277	0.00526	0.00551
98	0.01008	0.00853	0.00871	0.00886	0.01156	0.00716	0.00657	0.01219	0.01917	0.02290	0.08329	0.12751	0.60066	0.02193	0.01012	0.00292	0.00436	0.01842	0.00790	0.00716
99	0.02275	0.70604	0.04459	0.01456	0.02184	0.03367	0.01456	0.02548	0.01729	0.02002	0.01183	0.01365	0.01092	0.00728	0.00546	0.00182	0.00910	0.00455	0.00364	0.01092
100	0.01393	0.01210	0.01596	0.15449	0.07954	0.01232	0.01302	0.04315	0.04177	0.02511	0.05733	0.06069	0.36208	0.01688	0.00960	0.00290	0.00687	0.05669	0.00676	0.00881
101	0.01640	0.01546	0.02612	0.63866	0.09782	0.01899	0.02380	0.02203	0.01717	0.02215	0.01518	0.02258	0.01149	0.00845	0.00850	0.00282	0.01126	0.00756	0.00381	0.00972
102	0.01733	0.01479	0.01731	0.01257	0.01983	0.01115	0.00999	0.02102	0.01759	0.02747	0.01649	0.04680	0.01448	0.00718	0.00650	0.00135	0.00624	0.00587	0.00516	0.72086
103	0.01065	0.00762	0.01012	0.01166	0.01240	0.00710	0.00792	0.01255	0.01758	0.02377	0.14544	0.59099	0.06025	0.02513	0.01073	0.00333	0.00478	0.02274	0.00814	0.00710
104	0.01776	0.02128	0.12935	0.02553	0.03212	0.01703	0.26952	0.05508	0.02050	0.02780	0.02751	0.07496	0.02638	0.01368	0.01025	0.00320	0.01126	0.20065	0.00573	0.01042
105	0.01729	0.04245	0.61173	0.02512	0.03740	0.01989	0.07497	0.02697	0.01812	0.02697	0.01542	0.01834	0.01094	0.00802	0.00823	0.00271	0.01271	0.00657	0.00365	0.01250
106	0.35466	0.33875	0.02842	0.01369	0.01982	0.08232	0.01233	0.02601	0.01663	0.02824	0.01195	0.01388	0.01016	0.00769	0.00557	0.00222	0.00852	0.00466	0.00443	0.01006
107	0.01420	0.01163	0.01769	0.26898	0.03261	0.01296	0.01673	0.01855	0.01843	0.02369	0.03645	0.09726	0.07459	0.01781	0.01036	0.00341	0.00880	0.30119	0.00629	0.00836
108	0.01586	0.00793	0.00793	0.00793	0.00991	0.00793	0.00595	0.01983	0.01785	0.03173	0.02776	0.03173	0.02181	0.00991	0.00595	0.00198	0.00397	0.00793	0.74817	0.00793
109	0.02161	0.42343	0.23179	0.01880	0.02773	0.02835	0.04475	0.07017	0.01930	0.02495	0.01375	0.01587	0.01122	0.00774	0.00668	0.00219	0.01041	0.00554	0.00402	0.01172
110	0.01232	0.00847	0.01041	0.01041	0.01080	0.00886	0.00657	0.01310	0.01271	0.01734	0.02578	0.04996	0.02845	0.53692	0.20391	0.00965	0.01199	0.01154	0.00500	0.00579
111	0.01259	0.00975	0.01450	0.01425	0.01567	0.01166	0.01117	0.01555	0.01363	0.01980	0.02202	0.03245	0.02060	0.06057	0.62466	0.01301	0.06688	0.00901	0.00450	0.00771
112	0.10761	0.06984	0.02261	0.05449	0.02466	0.02118	0.01409	0.20936	0.16334	0.14349	0.02362	0.02314	0.01704	0.00974	0.00783	0.00253	0.00800	0.00751	0.00767	0.06226
113	0.03232	0.02464	0.02547	0.01969	0.02639	0.05701	0.01619	0.59146	0.03925	0.05206	0.02008	0.02019	0.01430	0.01015	0.00847	0.00254	0.00965	0.00756	0.00832	0.01425

[dist]
# distance from previous block
# <min> <max>
0	1

[block]
# block no. 2 follows, 21 sequences, length 10
# corresponding to MSA columns:
# 148-157
name=unknown_C
#
# <colnr> <probs for GDERKNQSTAVLIFYWHMCP>
#	G	D	E	R	K	N	Q	S	T	A	V	L	I	F	Y	W	H	M	C	P
0	0.02591	0.01995	0.02530	0.01984	0.02617	0.02076	0.08982	0.30825	0.10056	0.07233	0.02451	0.03076	0.01965	0.01104	0.00882	0.00263	0.00903	0.07424	0.00761	0.10283
1	0.61742	0.01679	0.01439	0.01232	0.01786	0.01887	0.01015	0.07320	0.01766	0.11345	0.01513	0.01616	0.01105	0.00840	0.00591	0.00263	0.00688	0.00532	0.00615	0.01026
2	0.01467	0.01308	0.02116	0.01849	0.02054	0.01563	0.08837	0.01795	0.01433	0.02086	0.01936	0.02864	0.01785	0.04523	0.43467	0.00998	0.17752	0.00884	0.00433	0.00849
3	0.08688	0.01423	0.01741	0.01402	0.01903	0.01362	0.01111	0.10533	0.02372	0.36669	0.09644	0.03455	0.02733	0.11485	0.01369	0.00347	0.00725	0.00947	0.00893	0.01196
4	0.01292	0.01011	0.01462	0.01420	0.01539	0.01214	0.01097	0.01550	0.01347	0.01949	0.02190	0.03409	0.02114	0.12543	0.52867	0.01197	0.09665	0.00927	0.00453	0.00754
5	0.10607	0.54725	0.11523	0.01535	0.02305	0.03033	0.01600	0.02561	0.01705	0.02293	0.01225	0.01419	0.01071	0.00745	0.00576	0.00202	0.00924	0.00477	0.00382	0.01093
6	0.03067	0.03165	0.02403	0.02049	0.02582	0.35148	0.01597	0.24979	0.10605	0.03469	0.01851	0.01926	0.01413	0.00965	0.00810	0.00241	0.01208	0.00680	0.00643	0.01200
7	0.01216	0.00912	0.01368	0.01368	0.01520	0.01064	0.01064	0.01520	0.01368	0.01976	0.02279	0.03343	0.02127	0.06382	0.66720	0.01368	0.02279	0.00912	0.00456	0.00760
8	0.01540	0.01316	0.02060	0.01791	0.02033	0.01524	0.08557	0.05557	0.01597	0.02279	0.02033	0.02992	0.01865	0.07093	0.42283	0.00992	0.12253	0.00901	0.00467	0.00867
9	0.02355	0.02098	0.02029	0.01776	0.02268	0.09098	0.01389	0.13517	0.43227	0.03683	0.06850	0.03016	0.02592	0.01140	0.00862	0.00274	0.00792	0.00922	0.00822	0.01290

[dist]
# distance from previous block
# <min> <max>
1	6

[block]
# block no. 3 follows, 21 sequences, length 22
# corresponding to MSA columns:
# 165-186
name=unknown_D
#
# <colnr> <probs for GDERKNQSTAVLIFYWHMCP>
#	G	D	E	R	K	N	Q	S	T	A	V	L	I	F	Y	W	H	M	C	P
0	0.04613	0.01739	0.02752	0.31910	0.04143	0.05542	0.13417	0.02226	0.01692	0.02277	0.01643	0.02456	0.01370	0.05067	0.09021	0.00444	0.07511	0.00823	0.00413	0.00941
1	0.03171	0.02300	0.02408	0.01893	0.02536	0.05762	0.01546	0.45666	0.10516	0.11895	0.02319	0.02244	0.01636	0.01033	0.00849	0.00258	0.00913	0.00788	0.00855	0.01412
2	0.01561	0.01086	0.01288	0.01196	0.01354	0.01166	0.00838	0.10698	0.01732	0.02405	0.02481	0.04276	0.02523	0.37943	0.20346	0.00844	0.01206	0.01049	0.05264	0.00742
3	0.13569	0.12161	0.08008	0.02105	0.05804	0.35926	0.01692	0.06768	0.02205	0.02624	0.01359	0.01575	0.01104	0.00842	0.00716	0.00229	0.01236	0.00555	0.00460	0.01062
4	0.02336	0.02298	0.06063	0.03952	0.38834	0.05560	0.05378	0.13136	0.08104	0.03258	0.01841	0.02162	0.01454	0.00848	0.00849	0.00257	0.01027	0.00775	0.00536	0.01331
5	0.02661	0.09484	0.03048	0.02812	0.18980	0.02092	0.07957	0.09191	0.08164	0.19293	0.02220	0.02332	0.01628	0.00939	0.00957	0.00263	0.05212	0.00795	0.00664	0.01309
6	0.01586	0.00793	0.00793	0.00793	0.00991	0.00793	0.00595	0.01983	0.01785	0.03173	0.02776	0.03173	0.02181	0.00991	0.00595	0.00198	0.00397	0.00793	0.74817	0.00793
7	0.02107	0.02260	0.09269	0.04541	0.49966	0.02053	0.05251	0.04959	0.05894	0.02916	0.01734	0.02151	0.01403	0.00796	0.00849	0.00258	0.01030	0.00771	0.00460	0.01334
8	0.01082	0.00785	0.01029	0.01192	0.01287	0.00732	0.00842	0.01279	0.01743	0.02305	0.08915	0.53652	0.10686	0.02528	0.01084	0.00341	0.00514	0.08495	0.00799	0.00711
9	0.01954	0.01875	0.03141	0.21211	0.43620	0.02043	0.02477	0.02445	0.01817	0.02554	0.01532	0.02125	0.01271	0.00851	0.01029	0.00272	0.07416	0.00756	0.00405	0.01204
10	0.01142	0.00830	0.01079	0.01119	0.01273	0.00767	0.00814	0.01444	0.02091	0.02875	0.37521	0.28254	0.10764	0.02112	0.01040	0.00301	0.00453	0.04492	0.00870	0.00758
11	0.01877	0.01963	0.06998	0.30722	0.36862	0.01965	0.02544	0.02438	0.01832	0.02527	0.01560	0.02153	0.01244	0.00799	0.00844	0.00266	0.01077	0.00749	0.00400	0.01178
12	0.03129	0.02331	0.02495	0.01937	0.02599	0.02590	0.01592	0.56526	0.09593	0.05193	0.02177	0.02150	0.01556	0.01034	0.00853	0.00259	0.00912	0.00785	0.00853	0.01438
13	0.03056	0.06890	0.02515	0.02162	0.02586	0.59821	0.01650	0.03275	0.02311	0.02077	0.01297	0.01548	0.01097	0.00909	0.00885	0.00227	0.05719	0.00556	0.00431	0.00988
14	0.02281	0.01910	0.02017	0.01765	0.02275	0.02193	0.01387	0.12943	0.54558	0.03824	0.03255	0.03009	0.02429	0.01135	0.00864	0.00284	0.00712	0.00933	0.00864	0.01362
15	0.01586	0.00793	0.00793	0.00793	0.00991	0.00793	0.00595	0.01983	0.01785	0.03173	0.02776	0.03173	0.02181	0.00991	0.00595	0.00198	0.00397	0.00793	0.74817	0.00793
16	0.01217	0.00907	0.01342	0.01342	0.01485	0.01050	0.01032	0.01503	0.01360	0.01957	0.02303	0.03473	0.02184	0.10094	0.63085	0.01336	0.02195	0.00931	0.00459	0.00746
17	0.01586	0.00793	0.00793	0.00793	0.00991	0.00793	0.00595	0.01983	0.01785	0.03173	0.02776	0.03173	0.02181	0.00991	0.00595	0.00198	0.00397	0.00793	0.74817	0.00793
18	0.01586	0.00793	0.00793	0.00793	0.00991	0.00793	0.00595	0.01983	0.01785	0.03173	0.02776	0.03173	0.02181	0.00991	0.00595	0.00198	0.00397	0.00793	0.74817	0.00793
19	0.01660	0.30128	0.02664	0.01405	0.01798	0.02029	0.01228	0.01951	0.01519	0.01987	0.01820	0.02514	0.01693	0.04012	0.38979	0.00871	0.01705	0.00720	0.00417	0.00899
20	0.01037	0.00741	0.00987	0.01185	0.01234	0.00691	0.00790	0.01185	0.01629	0.02172	0.04690	0.69537	0.05629	0.02666	0.01086	0.00346	0.00494	0.02419	0.00790	0.00691
21	0.01289	0.01013	0.01481	0.01440	0.01566	0.01223	0.01122	0.01563	0.01353	0.01965	0.02172	0.03304	0.02069	0.09460	0.56016	0.01225	0.09611	0.00912	0.00450	0.00765

[dist]
# distance from previous block
# <min> <max>
4	7

[block]
# block no. 4 follows, 21 sequences, length 52
# corresponding to MSA columns:
# 194-245
name=unknown_E
#
# <colnr> <probs for GDERKNQSTAVLIFYWHMCP>
#	G	D	E	R	K	N	Q	S	T	A	V	L	I	F	Y	W	H	M	C	P
0	0.05223	0.24380	0.35949	0.01928	0.02849	0.02276	0.02254	0.02482	0.01721	0.02454	0.01614	0.05084	0.01374	0.01274	0.05454	0.00325	0.01158	0.00676	0.00397	0.01127
1	0.01311	0.01242	0.06065	0.01495	0.01703	0.01254	0.01251	0.01634	0.01385	0.02014	0.02145	0.03235	0.02020	0.09457	0.52388	0.01166	0.08097	0.00896	0.00445	0.00796
2	0.01978	0.06861	0.02699	0.02122	0.02272	0.05790	0.04234	0.05066	0.01552	0.02216	0.01325	0.02077	0.01274	0.04945	0.04836	0.00401	0.48233	0.00757	0.00411	0.00953
3	0.02564	0.05523	0.02165	0.01652	0.02226	0.05927	0.01334	0.19841	0.17927	0.11139	0.09081	0.02788	0.02455	0.01061	0.00822	0.00243	0.00784	0.00845	0.00793	0.10832
4	0.02055	0.02006	0.03714	0.09377	0.06149	0.02204	0.29742	0.02549	0.01777	0.06947	0.01617	0.02188	0.01280	0.01007	0.01552	0.00311	0.23109	0.00875	0.00451	0.01087
5	0.01216	0.00912	0.01368	0.01368	0.01520	0.01064	0.01064	0.01520	0.01368	0.01976	0.02279	0.03343	0.02127	0.06382	0.66720	0.01368	0.02279	0.00912	0.00456	0.00760
6	0.01220	0.00894	0.01279	0.01279	0.01400	0.01016	0.00953	0.01463	0.01341	0.01910	0.02361	0.03793	0.02323	0.19250	0.54119	0.01258	0.01986	0.00978	0.00468	0.00711
7	0.01878	0.06780	0.48358	0.05789	0.03564	0.01942	0.06006	0.02719	0.01854	0.07125	0.01806	0.02309	0.01363	0.00899	0.00832	0.00273	0.01182	0.03667	0.00436	0.01217
8	0.01235	0.00837	0.00988	0.00988	0.01009	0.00858	0.00590	0.01276	0.01255	0.01694	0.02627	0.05266	0.02962	0.61412	0.12832	0.00899	0.01023	0.01193	0.00508	0.00549
9	0.02009	0.01884	0.05343	0.01725	0.02225	0.01991	0.01417	0.04139	0.54097	0.03407	0.03629	0.03646	0.05241	0.01240	0.00885	0.00293	0.00701	0.04012	0.00831	0.01286
10	0.68514	0.01650	0.01386	0.04567	0.01890	0.01944	0.01043	0.02462	0.01454	0.03644	0.01198	0.01452	0.00942	0.00829	0.00660	0.00270	0.04171	0.00490	0.00511	0.00923
11	0.01204	0.00870	0.01138	0.01071	0.01271	0.00803	0.00803	0.01606	0.02409	0.03413	0.64335	0.06357	0.08030	0.01740	0.01004	0.00268	0.00401	0.01539	0.00937	0.00803
12	0.06496	0.02687	0.02455	0.09125	0.02938	0.19098	0.01672	0.37514	0.03220	0.04096	0.01757	0.01905	0.01298	0.00955	0.00814	0.00249	0.01100	0.00694	0.00678	0.01249
13	0.13039	0.02284	0.02379	0.01845	0.02505	0.02541	0.01524	0.53948	0.03658	0.05155	0.01928	0.01954	0.01377	0.00990	0.00808	0.00256	0.00899	0.00725	0.00808	0.01377
14	0.01586	0.00793	0.00793	0.00793	0.00991	0.00793	0.00595	0.01983	0.01785	0.03173	0.02776	0.03173	0.02181	0.00991	0.00595	0.00198	0.00397	0.00793	0.74817	0.00793
15	0.01679	0.00965	0.01289	0.01219	0.01312	0.01005	0.00849	0.07493	0.04501	0.01986	0.01687	0.02689	0.01600	0.05565	0.02994	0.60649	0.00760	0.00774	0.00450	0.00534
16	0.02275	0.70604	0.04459	0.01456	0.02184	0.03367	0.01456	0.02548	0.01729	0.02002	0.01183	0.01365	0.01092	0.00728	0.00546	0.00182	0.00910	0.00455	0.00364	0.01092
17	0.01204	0.00870	0.01138	0.01071	0.01271	0.00803	0.00803	0.01606	0.02409	0.03413	0.64335	0.06357	0.08030	0.01740	0.01004	0.00268	0.00401	0.01539	0.00937	0.00803
18	0.01101	0.00871	0.00994	0.00977	0.01226	0.00764	0.00741	0.01398	0.02125	0.02749	0.30368	0.07533	0.39490	0.02001	0.01013	0.00284	0.00436	0.04328	0.00848	0.00755
19	0.01943	0.02006	0.02714	0.02298	0.02365	0.06167	0.04790	0.02157	0.01400	0.02083	0.01158	0.01865	0.01124	0.01417	0.02592	0.00360	0.61490	0.00747	0.00379	0.00945
20	0.01055	0.00754	0.01008	0.01206	0.01263	0.00707	0.00822	0.01217	0.01647	0.02193	0.04680	0.66253	0.05588	0.02649	0.01091	0.00348	0.00510	0.05522	0.00790	0.00696
21	0.01545	0.01410	0.02130	0.01880	0.02010	0.01801	0.05137	0.01823	0.01379	0.02053	0.01740	0.02635	0.01637	0.03909	0.34912	0.00869	0.31007	0.00845	0.00418	0.00858
22	0.01607	0.01513	0.02552	0.68047	0.05861	0.01891	0.02363	0.02174	0.01702	0.02174	0.01513	0.02269	0.01134	0.00851	0.00851	0.00284	0.01134	0.00756	0.00378	0.00945
23	0.01037	0.00741	0.00987	0.01185	0.01234	0.00691	0.00790	0.01185	0.01629	0.02172	0.04690	0.69537	0.05629	0.02666	0.01086	0.00346	0.00494	0.02419	0.00790	0.00691
24	0.01096	0.00783	0.01055	0.01252	0.01327	0.00742	0.00892	0.01287	0.01687	0.02238	0.04658	0.59009	0.05500	0.02611	0.01102	0.00354	0.00545	0.12367	0.00789	0.00707
25	0.01478	0.00739	0.01109	0.01109	0.01109	0.00739	0.00739	0.01109	0.01109	0.01478	0.01478	0.02587	0.01478	0.02956	0.03326	0.75240	0.00739	0.00739	0.00370	0.00370
26	0.03337	0.01672	0.02047	0.01629	0.02249	0.01653	0.01326	0.12591	0.16831	0.42295	0.03192	0.02838	0.02126	0.01072	0.00858	0.00268	0.00743	0.00868	0.00980	0.01425
27	0.06936	0.05403	0.02432	0.01810	0.02445	0.05479	0.01495	0.46442	0.03468	0.08540	0.02046	0.02069	0.01468	0.00989	0.00802	0.00248	0.00906	0.00733	0.04941	0.01345
28	0.01204	0.00870	0.01138	0.01071	0.01271	0.00803	0.00803	0.01606	0.02409	0.03413	0.64335	0.06357	0.08030	0.01740	0.01004	0.00268	0.00401	0.01539	0.00937	0.00803
29	0.01351	0.00902	0.01184	0.01095	0.01322	0.00828	0.00828	0.01748	0.02410	0.06877	0.60925	0.06163	0.07699	0.01701	0.00995	0.00267	0.00420	0.01501	0.00943	0.00839
30	0.01037	0.00741	0.00987	0.01185	0.01234	0.00691	0.00790	0.01185	0.01629	0.02172	0.04690	0.69537	0.05629	0.02666	0.01086	0.00346	0.00494	0.02419	0.00790	0.00691
31	0.03181	0.03986	0.02418	0.02183	0.02631	0.64006	0.01643	0.05839	0.02478	0.02220	0.01346	0.01556	0.01111	0.00883	0.00771	0.00221	0.01510	0.00557	0.00456	0.01006
32	0.01170	0.00869	0.01090	0.01035	0.01250	0.00788	0.00776	0.01540	0.02328	0.03221	0.54745	0.06672	0.17739	0.01811	0.01004	0.00271	0.00407	0.01583	0.00912	0.00788
33	0.01130	0.00873	0.01023	0.01078	0.01266	0.00805	0.00784	0.01441	0.04372	0.02452	0.14663	0.25832	0.28279	0.06396	0.01240	0.00342	0.00505	0.05981	0.00797	0.00740
34	0.45494	0.01637	0.01538	0.01297	0.01843	0.01790	0.01061	0.08903	0.05181	0.16517	0.01934	0.01963	0.01383	0.00899	0.00649	0.00260	0.00685	0.00619	0.05252	0.01097
35	0.01086	0.00785	0.01030	0.01166	0.01265	0.00730	0.00816	0.01299	0.01815	0.02441	0.16521	0.50855	0.09129	0.02442	0.01071	0.00330	0.00488	0.05196	0.00818	0.00719
36	0.01221	0.00828	0.00923	0.00923	0.00944	0.00817	0.00525	0.01236	0.01288	0.01697	0.03107	0.05757	0.07493	0.65220	0.04093	0.00786	0.00797	0.01278	0.00535	0.00530
37	0.01037	0.00741	0.00987	0.01185	0.01234	0.00691	0.00790	0.01185	0.01629	0.02172	0.04690	0.69537	0.05629	0.02666	0.01086	0.00346	0.00494	0.02419	0.00790	0.00691
38	0.76103	0.01646	0.01251	0.01119	0.01646	0.01909	0.00922	0.02502	0.01448	0.03818	0.01185	0.01382	0.00922	0.00790	0.00527	0.00263	0.00658	0.00461	0.00527	0.00922
39	0.01006	0.00862	0.00862	0.00862	0.01149	0.00718	0.00647	0.01221	0.01940	0.02299	0.08621	0.08190	0.64438	0.02155	0.01006	0.00287	0.00431	0.01796	0.00790	0.00718
40	0.01055	0.00864	0.00930	0.00914	0.01180	0.00739	0.00685	0.01316	0.02055	0.02574	0.22366	0.07738	0.50522	0.02053	0.01005	0.00283	0.00424	0.01733	0.00826	0.00739
41	0.02431	0.08066	0.02201	0.01726	0.02246	0.08308	0.01374	0.04197	0.44903	0.10487	0.03044	0.02826	0.02264	0.01079	0.00827	0.00270	0.00783	0.00865	0.00803	0.01302
42	0.03818	0.01448	0.01975	0.01514	0.02172	0.01251	0.01251	0.04147	0.02436	0.65373	0.03357	0.02897	0.02107	0.01053	0.00856	0.00263	0.00724	0.00856	0.01053	0.01448
43	0.03818	0.01448	0.01975	0.01514	0.02172	0.01251	0.01251	0.04147	0.02436	0.65373	0.03357	0.02897	0.02107	0.01053	0.00856	0.00263	0.00724	0.00856	0.01053	0.01448
44	0.01020	0.00856	0.00886	0.00892	0.01161	0.00722	0.00664	0.01243	0.01952	0.02361	0.11839	0.11306	0.57876	0.02157	0.01010	0.00289	0.00433	0.01813	0.00799	0.00722
45	0.01037	0.00741	0.00987	0.01185	0.01234	0.00691	0.00790	0.01185	0.01629	0.02172	0.04690	0.69537	0.05629	0.02666	0.01086	0.00346	0.00494	0.02419	0.00790	0.00691
46	0.76103	0.01646	0.01251	0.01119	0.01646	0.01909	0.00922	0.02502	0.01448	0.03818	0.01185	0.01382	0.00922	0.00790	0.00527	0.00263	0.00658	0.00461	0.00527	0.00922
47	0.03818	0.01448	0.01975	0.01514	0.02172	0.01251	0.01251	0.04147	0.02436	0.65373	0.03357	0.02897	0.02107	0.01053	0.00856	0.00263	0.00724	0.00856	0.01053	0.01448
48	0.01223	0.00882	0.01215	0.01215	0.01314	0.00981	0.00873	0.01421	0.01322	0.01862	0.02420	0.04119	0.02464	0.28581	0.44982	0.01179	0.01773	0.01025	0.00477	0.00675
49	0.02106	0.02022	0.03454	0.05223	0.64784	0.02022	0.02612	0.02612	0.01938	0.02780	0.01601	0.02106	0.01348	0.00758	0.00842	0.00253	0.01011	0.00758	0.00421	0.01348
50	0.02275	0.70604	0.04459	0.01456	0.02184	0.03367	0.01456	0.02548	0.01729	0.02002	0.01183	0.01365	0.01092	0.00728	0.00546	0.00182	0.00910	0.00455	0.00364	0.01092
51	0.01212	0.00897	0.01169	0.01323	0.01503	0.00854	0.01075	0.01507	0.01876	0.02403	0.05442	0.23694	0.17969	0.02384	0.01117	0.00358	0.00638	0.33047	0.00787	0.00747

[dist]
# distance from previous block
# <min> <max>
4	7

[block]
# block no. 5 follows, 21 sequences, length 28
# corresponding to MSA columns:
# 253-280
name=unknown_F
#
# <colnr> <probs for GDERKNQSTAVLIFYWHMCP>
#	G	D	E	R	K	N	Q	S	T	A	V	L	I	F	Y	W	H	M	C	P
0	0.02272	0.02211	0.03653	0.02687	0.03414	0.07115	0.33017	0.07403	0.02140	0.07263	0.01755	0.02132	0.01329	0.00808	0.01000	0.00252	0.05207	0.00830	0.00518	0.14993
1	0.01502	0.01069	0.01324	0.01341	0.01610	0.01058	0.01081	0.02134	0.10893	0.06488	0.16804	0.12129	0.15112	0.01973	0.01042	0.00324	0.00607	0.21778	0.00843	0.00890
2	0.03131	0.01533	0.01899	0.01491	0.02086	0.01444	0.01214	0.12588	0.06196	0.38818	0.06374	0.02908	0.02304	0.01054	0.00824	0.00247	0.00701	0.00853	0.07088	0.07247
3	0.01937	0.01659	0.02039	0.01491	0.02230	0.01395	0.04655	0.07889	0.05754	0.03060	0.01694	0.01908	0.01362	0.00704	0.00687	0.00158	0.00709	0.00586	0.00554	0.59530
4	0.03141	0.02334	0.02554	0.05764	0.02825	0.02596	0.01660	0.58504	0.03869	0.05180	0.02013	0.02056	0.01429	0.01012	0.00851	0.00257	0.00948	0.00766	0.00824	0.01418
5	0.02013	0.01559	0.01828	0.01322	0.02066	0.01232	0.01063	0.05818	0.01949	0.07864	0.01689	0.01870	0.01338	0.00687	0.00661	0.00144	0.00656	0.00547	0.00568	0.65125
6	0.03224	0.01449	0.01875	0.01491	0.02064	0.01343	0.01212	0.07304	0.07948	0.46551	0.12791	0.03409	0.03033	0.01167	0.00879	0.00266	0.00682	0.00966	0.01006	0.01339
7	0.01765	0.01513	0.01765	0.01260	0.02017	0.01134	0.01008	0.02143	0.01765	0.02773	0.01513	0.01765	0.01260	0.00630	0.00630	0.00126	0.00630	0.00504	0.00504	0.75295
8	0.02141	0.01601	0.02023	0.01467	0.02211	0.01298	0.04469	0.06083	0.02004	0.11246	0.01802	0.01962	0.01386	0.00715	0.00695	0.00161	0.00706	0.00595	0.00594	0.56843
9	0.01765	0.01513	0.01765	0.01260	0.02017	0.01134	0.01008	0.02143	0.01765	0.02773	0.01513	0.01765	0.01260	0.00630	0.00630	0.00126	0.00630	0.00504	0.00504	0.75295
10	0.01862	0.01862	0.02607	0.02234	0.02234	0.02607	0.01862	0.02048	0.01303	0.02048	0.01117	0.01862	0.01117	0.01489	0.02793	0.00372	0.68535	0.00745	0.00372	0.00931
11	0.01006	0.00862	0.00862	0.00862	0.01149	0.00718	0.00647	0.01221	0.01940	0.02299	0.08621	0.08190	0.64438	0.02155	0.01006	0.00287	0.00431	0.01796	0.00790	0.00718
12	0.01050	0.00751	0.00999	0.01176	0.01237	0.00700	0.00791	0.01219	0.01692	0.02271	0.09452	0.64493	0.05820	0.02592	0.01080	0.00339	0.00486	0.02349	0.00802	0.00700
13	0.01216	0.00912	0.01368	0.01368	0.01520	0.01064	0.01064	0.01520	0.01368	0.01976	0.02279	0.03343	0.02127	0.06382	0.66720	0.01368	0.02279	0.00912	0.00456	0.00760
14	0.03179	0.04056	0.02412	0.02192	0.02631	0.66676	0.01644	0.03398	0.02412	0.02083	0.01315	0.01535	0.01096	0.00877	0.00767	0.00219	0.01535	0.00548	0.00438	0.00987
15	0.01765	0.01513	0.01765	0.01260	0.02017	0.01134	0.01008	0.02143	0.01765	0.02773	0.01513	0.01765	0.01260	0.00630	0.00630	0.00126	0.00630	0.00504	0.00504	0.75295
16	0.02474	0.02151	0.02072	0.01808	0.02320	0.09748	0.01416	0.12422	0.45076	0.06391	0.03007	0.02811	0.02238	0.01099	0.00852	0.00275	0.00814	0.00881	0.00822	0.01323
17	0.02009	0.02296	0.05022	0.03587	0.04448	0.02152	0.61693	0.02726	0.02009	0.02726	0.01722	0.02296	0.01291	0.00717	0.01004	0.00287	0.01435	0.01004	0.00430	0.01148
18	0.01862	0.01862	0.02607	0.02234	0.02234	0.02607	0.01862	0.02048	0.01303	0.02048	0.01117	0.01862	0.01117	0.01489	0.02793	0.00372	0.68535	0.00745	0.00372	0.00931
19	0.01289	0.00934	0.01261	0.01389	0.01585	0.00906	0.01165	0.01654	0.02028	0.02677	0.16779	0.12416	0.10319	0.02232	0.01122	0.00356	0.00662	0.39633	0.00815	0.00777
20	0.01082	0.00786	0.01008	0.01156	0.01250	0.00732	0.00803	0.01262	0.01712	0.02256	0.08442	0.50186	0.12350	0.06634	0.01277	0.00367	0.00524	0.06693	0.00781	0.00697
21	0.02249	0.01874	0.02004	0.01703	0.02255	0.02064	0.01344	0.13514	0.45032	0.03743	0.02960	0.02794	0.02224	0.01060	0.00831	0.00261	0.00710	0.00866	0.00813	0.11700
22	0.01216	0.00912	0.01368	0.01368	0.01520	0.01064	0.01064	0.01520	0.01368	0.01976	0.02279	0.03343	0.02127	0.06382	0.66720	0.01368	0.02279	0.00912	0.00456	0.00760
23	0.03328	0.01924	0.02137	0.01672	0.02317	0.06812	0.01360	0.18864	0.06405	0.35456	0.02694	0.02482	0.01808	0.00999	0.00828	0.00247	0.00831	0.00783	0.00891	0.08161
24	0.63612	0.01862	0.01466	0.01276	0.01816	0.05491	0.01042	0.09529	0.01800	0.03906	0.01293	0.01468	0.00993	0.00822	0.00578	0.00260	0.00738	0.00501	0.00560	0.00987
25	0.01236	0.00830	0.00955	0.00955	0.00964	0.00840	0.00549	0.01255	0.01246	0.01670	0.02657	0.05433	0.03035	0.66188	0.08154	0.00858	0.00914	0.01218	0.00512	0.00531
26	0.01586	0.00793	0.00793	0.00793	0.00991	0.00793	0.00595	0.01983	0.01785	0.03173	0.02776	0.03173	0.02181	0.00991	0.00595	0.00198	0.00397	0.00793	0.74817	0.00793
27	0.01765	0.01513	0.01765	0.01260	0.02017	0.01134	0.01008	0.02143	0.01765	0.02773	0.01513	0.01765	0.01260	0.00630	0.00630	0.00126	0.00630	0.00504	0.00504	0.75295

[dist]
# distance from previous block
# <min> <max>
0	1

[block]
# block no. 6 follows, 21 sequences, length 11
# corresponding to MSA columns:
# 282-292
name=unknown_G
#
# <colnr> <probs for GDERKNQSTAVLIFYWHMCP>
#	G	D	E	R	K	N	Q	S	T	A	V	L	I	F	Y	W	H	M	C	P
