[name]
unknown

[dist]
# distance from previous block
# <min> <max>
0	2

[block]
# block no. 0 follows, 22 sequences, length 56
# corresponding to MSA columns:
# 2-57
name=unknown_A
#
# <colnr> <probs for GDERKNQSTAVLIFYWHMCP>
#	G	D	E	R	K	N	Q	S	T	A	V	L	I	F	Y	W	H	M	C	P
0	0.02765	0.01229	0.01691	0.01499	0.01960	0.01114	0.01268	0.03111	0.02190	0.40531	0.03729	0.05464	0.03154	0.01538	0.00961	0.00308	0.00730	0.24682	0.00922	0.01152
1	0.02556	0.03057	0.37924	0.01991	0.02961	0.01670	0.02265	0.05614	0.02091	0.28343	0.02231	0.02196	0.01471	0.00894	0.00810	0.00260	0.01005	0.00708	0.00643	0.01310
2	0.01982	0.42450	0.31114	0.01829	0.02762	0.02702	0.02131	0.02549	0.01716	0.02246	0.01300	0.01514	0.01060	0.00745	0.00643	0.00214	0.01035	0.00517	0.00353	0.01136
3	0.02174	0.65629	0.09616	0.01502	0.02256	0.03172	0.01561	0.02500	0.01694	0.02012	0.01183	0.01368	0.01065	0.00717	0.00555	0.00185	0.00917	0.00459	0.00355	0.01080
4	0.03014	0.02250	0.02493	0.07982	0.02862	0.02510	0.01645	0.57341	0.03702	0.04953	0.01948	0.02015	0.01385	0.00982	0.00831	0.00252	0.00932	0.00747	0.00789	0.01368
5	0.01700	0.08324	0.62766	0.02311	0.03508	0.02011	0.02970	0.02622	0.01750	0.02590	0.01471	0.01729	0.01053	0.00785	0.00774	0.00258	0.01207	0.00604	0.00351	0.01218
6	0.01443	0.00722	0.01082	0.01082	0.01082	0.00722	0.00722	0.01082	0.01082	0.01443	0.01443	0.02525	0.01443	0.02886	0.03247	0.75830	0.00722	0.00722	0.00361	0.00361
7	0.01114	0.00847	0.01025	0.00980	0.01203	0.00758	0.00735	0.01448	0.02206	0.02986	0.47125	0.06775	0.26113	0.01827	0.00980	0.00267	0.00401	0.01582	0.00869	0.00758
8	0.01143	0.00850	0.01055	0.01047	0.01232	0.00766	0.00747	0.01405	0.01936	0.02655	0.31021	0.23581	0.14237	0.08202	0.01273	0.00325	0.00472	0.01679	0.00791	0.05583
9	0.01666	0.04297	0.66500	0.02368	0.03596	0.01929	0.03069	0.02631	0.01754	0.02631	0.01491	0.01754	0.01052	0.00789	0.00789	0.00263	0.01228	0.00614	0.00351	0.01228
10	0.03158	0.02327	0.02493	0.01911	0.02576	0.02576	0.01579	0.62852	0.03906	0.05236	0.01995	0.01995	0.01413	0.00997	0.00831	0.00249	0.00914	0.00748	0.00831	0.01413
11	0.00983	0.00836	0.00848	0.00857	0.01126	0.00700	0.00638	0.01190	0.01879	0.02238	0.08227	0.11060	0.62342	0.02128	0.00986	0.00283	0.00424	0.01783	0.00771	0.00700
12	0.02306	0.01099	0.01472	0.01237	0.01631	0.00977	0.00977	0.02666	0.02363	0.31175	0.37766	0.04709	0.05278	0.01402	0.00916	0.00259	0.00531	0.01207	0.00965	0.01063
13	0.72165	0.01768	0.05144	0.01169	0.01726	0.01868	0.01030	0.02453	0.01434	0.03661	0.01177	0.01374	0.00909	0.00772	0.00531	0.00257	0.00678	0.00460	0.00504	0.00919
14	0.01189	0.00880	0.01282	0.01282	0.01412	0.01010	0.00972	0.01449	0.01319	0.01889	0.02274	0.03533	0.02194	0.14244	0.59659	0.01269	0.02049	0.00930	0.00452	0.00712
15	0.01012	0.00723	0.00964	0.01157	0.01205	0.00675	0.00771	0.01157	0.01591	0.02121	0.04579	0.70262	0.05495	0.02603	0.01060	0.00337	0.00482	0.02362	0.00771	0.00675
16	0.63740	0.01695	0.01421	0.01219	0.01758	0.01932	0.01004	0.10610	0.01789	0.06562	0.01358	0.01498	0.01017	0.00812	0.00570	0.00256	0.00682	0.00506	0.00578	0.00990
17	0.03158	0.02327	0.02493	0.01911	0.02576	0.02576	0.01579	0.62852	0.03906	0.05236	0.01995	0.01995	0.01413	0.00997	0.00831	0.00249	0.00914	0.00748	0.00831	0.01413
18	0.01723	0.01477	0.01723	0.01230	0.01969	0.01107	0.00984	0.02092	0.01723	0.02707	0.01477	0.01723	0.01230	0.00615	0.00615	0.00123	0.00615	0.00492	0.00492	0.75883
19	0.01788	0.11056	0.49941	0.02073	0.03124	0.01922	0.02559	0.02570	0.01797	0.06342	0.02190	0.02339	0.06943	0.00914	0.00782	0.00255	0.01087	0.00712	0.00430	0.01174
20	0.01443	0.00722	0.01082	0.01082	0.01082	0.00722	0.00722	0.01082	0.01082	0.01443	0.01443	0.02525	0.01443	0.02886	0.03247	0.75830	0.00722	0.00722	0.00361	0.00361
21	0.01127	0.00811	0.01066	0.01079	0.01230	0.00751	0.00780	0.01444	0.02123	0.02967	0.46964	0.25463	0.07134	0.01970	0.01004	0.00284	0.00419	0.01761	0.00871	0.00751
22	0.01055	0.00889	0.00920	0.00904	0.01186	0.00777	0.00681	0.01390	0.05004	0.02417	0.14051	0.07569	0.56244	0.02014	0.00975	0.00279	0.00429	0.01687	0.00790	0.00740
23	0.01723	0.01477	0.01723	0.01230	0.01969	0.01107	0.00984	0.02092	0.01723	0.02707	0.01477	0.01723	0.01230	0.00615	0.00615	0.00123	0.00615	0.00492	0.00492	0.75883
24	0.01124	0.00824	0.01066	0.01064	0.01235	0.00766	0.00780	0.01443	0.02100	0.02909	0.44186	0.19719	0.12276	0.02147	0.04250	0.00332	0.00503	0.01676	0.00848	0.00751
25	0.02397	0.01942	0.01951	0.01719	0.02205	0.07891	0.01357	0.09476	0.42626	0.10230	0.03113	0.03195	0.02381	0.01149	0.00852	0.00276	0.00769	0.04378	0.00821	0.01270
26	0.02135	0.60882	0.14019	0.01569	0.02360	0.03076	0.01678	0.02510	0.01698	0.02060	0.01207	0.01398	0.01064	0.00723	0.00573	0.00191	0.00941	0.00471	0.00355	0.01091
27	0.01208	0.00805	0.00906	0.00906	0.00906	0.00805	0.00503	0.01208	0.01208	0.01611	0.02618	0.05436	0.03020	0.70804	0.04228	0.00805	0.00805	0.01208	0.00503	0.00503
28	0.01240	0.00892	0.01220	0.01388	0.01551	0.00872	0.01148	0.01562	0.01865	0.02444	0.08214	0.22845	0.07691	0.02321	0.01111	0.00361	0.00664	0.41092	0.00776	0.00743
29	0.01666	0.04297	0.66500	0.02368	0.03596	0.01929	0.03069	0.02631	0.01754	0.02631	0.01491	0.01754	0.01052	0.00789	0.00789	0.00263	0.01228	0.00614	0.00351	0.01228
30	0.02867	0.03413	0.02342	0.02089	0.02488	0.49967	0.01601	0.07125	0.07937	0.02368	0.01498	0.01712	0.01228	0.00958	0.00987	0.00239	0.09071	0.00607	0.00485	0.01018
31	0.02025	0.01942	0.03315	0.09227	0.61741	0.01966	0.02534	0.02522	0.01877	0.02676	0.01557	0.02066	0.01302	0.00746	0.00823	0.00249	0.00995	0.00740	0.00408	0.01290
32	0.01695	0.00915	0.00930	0.00877	0.01114	0.00938	0.00671	0.07464	0.01939	0.03291	0.02645	0.02997	0.02064	0.00971	0.00603	0.00199	0.00435	0.00772	0.68648	0.00832
33	0.02216	0.01810	0.01933	0.01692	0.02167	0.02054	0.01325	0.17234	0.44932	0.03747	0.03179	0.08946	0.02552	0.01232	0.00862	0.00280	0.00699	0.01025	0.00835	0.01279
34	0.01176	0.00849	0.01110	0.01045	0.01241	0.00784	0.00784	0.01568	0.02352	0.03331	0.65184	0.06206	0.07839	0.01698	0.00980	0.00261	0.00392	0.01502	0.00914	0.00784
35	0.01208	0.00805	0.00906	0.00906	0.00906	0.00805	0.00503	0.01208	0.01208	0.01611	0.02618	0.05436	0.03020	0.70804	0.04228	0.00805	0.00805	0.01208	0.00503	0.00503
36	0.02221	0.71304	0.04353	0.01421	0.02132	0.03287	0.01421	0.02488	0.01688	0.01955	0.01155	0.01333	0.01066	0.00711	0.00533	0.00178	0.00888	0.00444	0.00355	0.01066
37	0.02195	0.68180	0.07251	0.01466	0.02200	0.03224	0.01498	0.02494	0.01691	0.01986	0.01171	0.01352	0.01065	0.00714	0.00545	0.00182	0.00904	0.00452	0.00355	0.01074
38	0.01666	0.04297	0.66500	0.02368	0.03596	0.01929	0.03069	0.02631	0.01754	0.02631	0.01491	0.01754	0.01052	0.00789	0.00789	0.00263	0.01228	0.00614	0.00351	0.01228
39	0.02086	0.55048	0.19431	0.01651	0.02487	0.02958	0.01821	0.02522	0.01704	0.02119	0.01236	0.01435	0.01063	0.00730	0.00595	0.00198	0.00971	0.00485	0.00354	0.01105
40	0.01666	0.04297	0.66500	0.02368	0.03596	0.01929	0.03069	0.02631	0.01754	0.02631	0.01491	0.01754	0.01052	0.00789	0.00789	0.00263	0.01228	0.00614	0.00351	0.01228
41	0.03103	0.03959	0.02354	0.02140	0.02568	0.67469	0.01605	0.03317	0.02354	0.02033	0.01284	0.01498	0.01070	0.00856	0.00749	0.00214	0.01498	0.00535	0.00428	0.00963
42	0.02056	0.01974	0.03372	0.05099	0.65622	0.01974	0.02550	0.02550	0.01892	0.02714	0.01563	0.02056	0.01316	0.00740	0.00822	0.00247	0.00987	0.00740	0.00411	0.01316
43	0.01012	0.00723	0.00964	0.01157	0.01205	0.00675	0.00771	0.01157	0.01591	0.02121	0.04579	0.70262	0.05495	0.02603	0.01060	0.00337	0.00482	0.02362	0.00771	0.00675
44	0.02785	0.02090	0.02245	0.01812	0.02405	0.02331	0.01467	0.39004	0.25775	0.07249	0.02556	0.02433	0.01850	0.01046	0.00836	0.00261	0.00812	0.00821	0.00845	0.01377
45	0.01187	0.00890	0.01335	0.01335	0.01483	0.01038	0.01038	0.01483	0.01335	0.01928	0.02225	0.03264	0.02077	0.06231	0.67512	0.01335	0.02225	0.00890	0.00445	0.00742
46	0.02066	0.01785	0.01878	0.01691	0.02160	0.02066	0.01315	0.04414	0.64121	0.03475	0.03381	0.03099	0.02536	0.01127	0.00845	0.00282	0.00657	0.00939	0.00845	0.01315
47	0.01775	0.17374	0.54372	0.02183	0.03310	0.02194	0.02748	0.02603	0.01741	0.02499	0.01425	0.01672	0.01055	0.00774	0.00739	0.00246	0.01162	0.00581	0.00352	0.01196
48	0.00993	0.00842	0.00858	0.00854	0.01129	0.00706	0.00640	0.01214	0.01921	0.02309	0.11782	0.07889	0.61879	0.02080	0.00982	0.00279	0.00419	0.01738	0.00780	0.00706
49	0.01818	0.01818	0.02545	0.02181	0.02181	0.02545	0.01818	0.01999	0.01272	0.01999	0.01091	0.01818	0.01091	0.01454	0.02726	0.00364	0.69284	0.00727	0.00364	0.00909
50	0.01799	0.02177	0.09868	0.02962	0.03681	0.01890	0.43671	0.02435	0.01902	0.02611	0.04301	0.06034	0.01981	0.01010	0.01063	0.00294	0.04414	0.06374	0.00476	0.01056
51	0.01946	0.02341	0.07914	0.03446	0.04305	0.02092	0.59694	0.02660	0.01951	0.02660	0.01671	0.02217	0.01250	0.00705	0.00971	0.00279	0.01392	0.00962	0.00417	0.01126
52	0.01187	0.00890	0.01335	0.01335	0.01483	0.01038	0.01038	0.01483	0.01335	0.01928	0.02225	0.03264	0.02077	0.06231	0.67512	0.01335	0.02225	0.00890	0.00445	0.00742
53	0.02056	0.01974	0.03372	0.05099	0.65622	0.01974	0.02550	0.02550	0.01892	0.02714	0.01563	0.02056	0.01316	0.00740	0.00822	0.00247	0.00987	0.00740	0.00411	0.01316
54	0.02056	0.02369	0.09348	0.03290	0.21284	0.07161	0.17760	0.02950	0.13678	0.02720	0.01868	0.02208	0.01469	0.00880	0.01028	0.00271	0.07168	0.00811	0.00487	0.01193
55	0.01012	0.00723	0.00964	0.01157	0.01205	0.00675	0.00771	0.01157	0.01591	0.02121	0.04579	0.70262	0.05495	0.02603	0.01060	0.00337	0.00482	0.02362	0.00771	0.00675

[dist]
# distance from previous block
# <min> <max>
0	1

[block]
# block no. 1 follows, 22 sequences, length 25
# corresponding to MSA columns:
# 59-83
name=unknown_B
#
# <colnr> <probs for GDERKNQSTAVLIFYWHMCP>
#	G	D	E	R	K	N	Q	S	T	A	V	L	I	F	Y	W	H	M	C	P
0	0.01336	0.00885	0.01162	0.01072	0.01296	0.00811	0.00811	0.01723	0.02353	0.07271	0.61304	0.05994	0.07476	0.01656	0.00971	0.00261	0.00412	0.01461	0.00922	0.00823
1	0.01666	0.04297	0.66500	0.02368	0.03596	0.01929	0.03069	0.02631	0.01754	0.02631	0.01491	0.01754	0.01052	0.00789	0.00789	0.00263	0.01228	0.00614	0.00351	0.01228
2	0.01999	0.01953	0.03038	0.19534	0.45193	0.05386	0.02381	0.02586	0.05038	0.02580	0.01621	0.02117	0.01317	0.00787	0.00822	0.00254	0.01025	0.00739	0.00425	0.01206
3	0.01012	0.00723	0.00964	0.01157	0.01205	0.00675	0.00771	0.01157	0.01591	0.02121	0.04579	0.70262	0.05495	0.02603	0.01060	0.00337	0.00482	0.02362	0.00771	0.00675
4	0.01012	0.00723	0.00964	0.01157	0.01205	0.00675	0.00771	0.01157	0.01591	0.02121	0.04579	0.70262	0.05495	0.02603	0.01060	0.00337	0.00482	0.02362	0.00771	0.00675
5	0.05612	0.15829	0.48106	0.02212	0.03286	0.02177	0.06643	0.02598	0.01739	0.02570	0.01427	0.01692	0.01061	0.00769	0.00743	0.00249	0.01150	0.00600	0.00365	0.01175
6	0.02911	0.03408	0.02276	0.02035	0.02492	0.49537	0.01548	0.08605	0.14193	0.02580	0.01742	0.01844	0.01377	0.00919	0.00774	0.00230	0.01289	0.00630	0.00542	0.01068
7	0.01229	0.00952	0.01416	0.01392	0.01530	0.01139	0.01090	0.01518	0.01331	0.01933	0.02149	0.03167	0.02011	0.05912	0.63187	0.01270	0.06702	0.00879	0.00440	0.00753
8	0.01339	0.00956	0.01339	0.01530	0.01721	0.00956	0.01339	0.01721	0.01912	0.02486	0.04399	0.09371	0.04781	0.02295	0.01147	0.00382	0.00765	0.60031	0.00765	0.00765
9	0.01918	0.02157	0.04638	0.10649	0.04493	0.02073	0.56006	0.02602	0.01928	0.02602	0.01658	0.02238	0.01244	0.00715	0.00964	0.00280	0.01368	0.00954	0.00415	0.01099
10	0.01697	0.08018	0.63049	0.02315	0.03514	0.02005	0.02978	0.02623	0.01750	0.02593	0.01472	0.01731	0.01053	0.00785	0.00775	0.00258	0.01209	0.00604	0.00351	0.01219
11	0.01176	0.00849	0.01110	0.01045	0.01241	0.00784	0.00784	0.01568	0.02352	0.03331	0.65184	0.06206	0.07839	0.01698	0.00980	0.00261	0.00392	0.01502	0.00914	0.00784
12	0.76672	0.01607	0.01221	0.01092	0.01607	0.01864	0.00900	0.02442	0.01414	0.03727	0.01157	0.01350	0.00900	0.00771	0.00514	0.00257	0.00643	0.00450	0.00514	0.00900
13	0.00982	0.00842	0.00842	0.00842	0.01122	0.00701	0.00631	0.01192	0.01894	0.02244	0.08416	0.07995	0.65285	0.02104	0.00982	0.00281	0.00421	0.01753	0.00771	0.00701
14	0.03079	0.06672	0.02499	0.02027	0.02550	0.42268	0.01587	0.23539	0.02850	0.03119	0.01520	0.01659	0.01187	0.00897	0.00766	0.00224	0.01270	0.00603	0.00562	0.01121
15	0.01703	0.08711	0.62407	0.02305	0.03499	0.02019	0.02961	0.02621	0.01750	0.02586	0.01469	0.01726	0.01053	0.00784	0.00772	0.00257	0.01205	0.00603	0.00351	0.01217
16	0.01939	0.02327	0.07961	0.03380	0.04200	0.02113	0.56643	0.02628	0.01917	0.02628	0.01643	0.02196	0.01242	0.00741	0.01054	0.00283	0.04627	0.00949	0.00414	0.01116
17	0.01961	0.02241	0.04902	0.03501	0.04342	0.02101	0.62605	0.02661	0.01961	0.02661	0.01681	0.02241	0.01261	0.00700	0.00980	0.00280	0.01401	0.00980	0.00420	0.01120
18	0.01177	0.00792	0.00915	0.00945	0.00953	0.00785	0.00545	0.01200	0.01268	0.01691	0.02926	0.15631	0.03409	0.60079	0.03730	0.00732	0.00755	0.01390	0.00545	0.00530
19	0.01056	0.00752	0.00995	0.01150	0.01219	0.00707	0.00787	0.01232	0.01668	0.02242	0.10985	0.56938	0.05581	0.06069	0.01222	0.00356	0.00503	0.05081	0.00772	0.00682
20	0.06191	0.43547	0.26303	0.01740	0.02624	0.02724	0.01979	0.02536	0.01696	0.02295	0.01275	0.01484	0.01052	0.00742	0.00623	0.00213	0.00995	0.00505	0.00363	0.01114
21	0.03727	0.01414	0.01928	0.01478	0.02121	0.01221	0.01221	0.04049	0.02378	0.66198	0.03277	0.02828	0.02056	0.01028	0.00835	0.00257	0.00707	0.00835	0.01028	0.01414
22	0.01549	0.00774	0.00774	0.00774	0.00968	0.00774	0.00581	0.01936	0.01742	0.03097	0.02710	0.03097	0.02129	0.00968	0.00581	0.00194	0.00387	0.00774	0.75416	0.00774
23	0.02761	0.01908	0.02105	0.01729	0.02300	0.02090	0.01391	0.25051	0.31339	0.15728	0.02871	0.02658	0.02049	0.01063	0.00838	0.00266	0.00758	0.00852	0.00874	0.01368
24	0.03158	0.02327	0.02493	0.01911	0.02576	0.02576	0.01579	0.62852	0.03906	0.05236	0.01995	0.01995	0.01413	0.00997	0.00831	0.00249	0.00914	0.00748	0.00831	0.01413

[dist]
# distance from previous block
# <min> <max>
0	1

[block]
# block no. 2 follows, 22 sequences, length 90
# corresponding to MSA columns:
# 85-174
name=unknown_C
#
# <colnr> <probs for GDERKNQSTAVLIFYWHMCP>
#	G	D	E	R	K	N	Q	S	T	A	V	L	I	F	Y	W	H	M	C	P
0	0.01184	0.00799	0.00930	0.00952	0.00964	0.00799	0.00556	0.01213	0.01258	0.01683	0.02831	0.12917	0.03272	0.60290	0.06361	0.00772	0.00824	0.01330	0.00532	0.00533
1	0.03575	0.01529	0.01984	0.01535	0.02170	0.01409	0.01263	0.10166	0.06019	0.56339	0.03150	0.02757	0.02017	0.01031	0.00836	0.00258	0.00726	0.00832	0.00997	0.01408
2	0.02118	0.01994	0.03323	0.04921	0.62098	0.02008	0.02495	0.05920	0.02004	0.02855	0.01587	0.02053	0.01321	0.00755	0.00823	0.00247	0.00983	0.00741	0.00435	0.01321
3	0.03044	0.02270	0.02429	0.01888	0.02533	0.02523	0.01551	0.56751	0.10192	0.05052	0.02139	0.02110	0.01530	0.01011	0.00833	0.00253	0.00887	0.00768	0.00833	0.01403
4	0.02103	0.01916	0.03295	0.08232	0.51853	0.01903	0.06856	0.02601	0.01905	0.06225	0.01659	0.02110	0.01338	0.00754	0.00828	0.00247	0.00995	0.00754	0.00447	0.03979
5	0.02618	0.01830	0.02024	0.01687	0.02242	0.01994	0.01347	0.17733	0.36635	0.15611	0.02980	0.02749	0.02145	0.01062	0.00833	0.00264	0.00724	0.00861	0.00865	0.03796
6	0.01042	0.00744	0.00998	0.01191	0.01252	0.00700	0.00823	0.01208	0.01620	0.02154	0.04562	0.64735	0.05430	0.02575	0.01068	0.00341	0.00508	0.07596	0.00771	0.00683
7	0.01949	0.02323	0.07350	0.03456	0.04312	0.02094	0.60239	0.02660	0.01953	0.02660	0.01673	0.02222	0.01252	0.00704	0.00973	0.00279	0.01394	0.00966	0.00417	0.01125
8	0.09097	0.04427	0.01993	0.01583	0.02121	0.06607	0.01269	0.18375	0.17403	0.11657	0.02762	0.06391	0.05049	0.01109	0.00795	0.00251	0.00772	0.00875	0.00754	0.06710
9	0.01164	0.00839	0.01103	0.01075	0.01255	0.00778	0.00803	0.01529	0.02253	0.03170	0.56427	0.13229	0.07474	0.01818	0.00995	0.00274	0.00415	0.03734	0.00894	0.00771
10	0.01199	0.00801	0.00909	0.00918	0.00921	0.00799	0.00516	0.01206	0.01227	0.01636	0.02713	0.08606	0.03141	0.67470	0.04073	0.00783	0.00790	0.01264	0.00516	0.00512
11	0.01961	0.02241	0.04902	0.03501	0.04342	0.02101	0.62605	0.02661	0.01961	0.02661	0.01681	0.02241	0.01261	0.00700	0.00980	0.00280	0.01401	0.00980	0.00420	0.01120
12	0.01723	0.01477	0.01723	0.01230	0.01969	0.01107	0.00984	0.02092	0.01723	0.02707	0.01477	0.01723	0.01230	0.00615	0.00615	0.00123	0.00615	0.00492	0.00492	0.75883
13	0.01139	0.00848	0.01060	0.01007	0.01219	0.00768	0.00755	0.01497	0.02265	0.03127	0.54501	0.06542	0.18650	0.01775	0.00980	0.00265	0.00397	0.01550	0.00888	0.00768
14	0.01031	0.00734	0.00968	0.01137	0.01190	0.00687	0.00757	0.01179	0.01605	0.02150	0.07364	0.63545	0.05467	0.06406	0.01235	0.00360	0.00496	0.02256	0.00763	0.00670
15	0.03727	0.01414	0.01928	0.01478	0.02121	0.01221	0.01221	0.04049	0.02378	0.66198	0.03277	0.02828	0.02056	0.01028	0.00835	0.00257	0.00707	0.00835	0.01028	0.01414
16	0.02182	0.01797	0.01910	0.01693	0.02179	0.02059	0.01324	0.07258	0.58858	0.05917	0.03310	0.03035	0.02463	0.01117	0.00844	0.00279	0.00672	0.00926	0.00851	0.01323
17	0.02217	0.63713	0.08747	0.01519	0.02255	0.05825	0.01548	0.02532	0.01720	0.02006	0.01184	0.01370	0.01065	0.00722	0.00560	0.00185	0.00938	0.00460	0.00358	0.01074
18	0.02221	0.71304	0.04353	0.01421	0.02132	0.03287	0.01421	0.02488	0.01688	0.01955	0.01155	0.01333	0.01066	0.00711	0.00533	0.00178	0.00888	0.00444	0.00355	0.01066
19	0.01208	0.00805	0.00906	0.00906	0.00906	0.00805	0.00503	0.01208	0.01208	0.01611	0.02618	0.05436	0.03020	0.70804	0.04228	0.00805	0.00805	0.01208	0.00503	0.00503
20	0.01940	0.02389	0.09338	0.03420	0.04288	0.02088	0.58317	0.02659	0.01946	0.02659	0.01667	0.02206	0.01246	0.00707	0.00967	0.00279	0.01388	0.00954	0.00415	0.01128
21	0.01287	0.00929	0.01270	0.01423	0.01614	0.00912	0.01215	0.01651	0.01946	0.02549	0.11231	0.11450	0.08555	0.02232	0.01116	0.00362	0.00693	0.48021	0.00782	0.00760
22	0.01208	0.00805	0.00906	0.00906	0.00906	0.00805	0.00503	0.01208	0.01208	0.01611	0.02618	0.05436	0.03020	0.70804	0.04228	0.00805	0.00805	0.01208	0.00503	0.00503
23	0.01604	0.01512	0.02555	0.64220	0.10035	0.01855	0.02325	0.02153	0.01678	0.02165	0.01483	0.02203	0.01122	0.00824	0.00830	0.00275	0.01099	0.00738	0.00372	0.00951
24	0.03181	0.02289	0.02470	0.01894	0.02558	0.02521	0.01564	0.60440	0.03843	0.07736	0.02047	0.02029	0.01439	0.00999	0.00831	0.00250	0.00906	0.00752	0.00839	0.01413
25	0.01042	0.00744	0.00998	0.01191	0.01252	0.00700	0.00823	0.01208	0.01620	0.02154	0.04562	0.64735	0.05430	0.02575	0.01068	0.00341	0.00508	0.07596	0.00771	0.00683
26	0.01339	0.00956	0.01339	0.01530	0.01721	0.00956	0.01339	0.01721	0.01912	0.02486	0.04399	0.09371	0.04781	0.02295	0.01147	0.00382	0.00765	0.60031	0.00765	0.00765
27	0.01338	0.00927	0.01190	0.01101	0.01332	0.00876	0.00833	0.01838	0.05849	0.06104	0.58963	0.05881	0.07284	0.01637	0.00966	0.00262	0.00421	0.01441	0.00916	0.00842
28	0.01955	0.02224	0.04808	0.03449	0.04256	0.02118	0.60189	0.02635	0.01933	0.02635	0.01657	0.02224	0.01254	0.00730	0.01050	0.00283	0.04098	0.00970	0.00418	0.01112
29	0.02056	0.01974	0.03372	0.05099	0.65622	0.01974	0.02550	0.02550	0.01892	0.02714	0.01563	0.02056	0.01316	0.00740	0.00822	0.00247	0.00987	0.00740	0.00411	0.01316
30	0.03103	0.03959	0.02354	0.02140	0.02568	0.67469	0.01605	0.03317	0.02354	0.02033	0.01284	0.01498	0.01070	0.00856	0.00749	0.00214	0.01498	0.00535	0.00428	0.00963
31	0.01334	0.00972	0.01307	0.01421	0.01624	0.00972	0.01197	0.01822	0.05520	0.02716	0.17684	0.10292	0.05348	0.02108	0.01091	0.00349	0.00668	0.41978	0.00803	0.00797
32	0.01666	0.04297	0.66500	0.02368	0.03596	0.01929	0.03069	0.02631	0.01754	0.02631	0.01491	0.01754	0.01052	0.00789	0.00789	0.00263	0.01228	0.00614	0.00351	0.01228
33	0.01012	0.00723	0.00964	0.01157	0.01205	0.00675	0.00771	0.01157	0.01591	0.02121	0.04579	0.70262	0.05495	0.02603	0.01060	0.00337	0.00482	0.02362	0.00771	0.00675
34	0.01961	0.02241	0.04902	0.03501	0.04342	0.02101	0.62605	0.02661	0.01961	0.02661	0.01681	0.02241	0.01261	0.00700	0.00980	0.00280	0.01401	0.00980	0.00420	0.01120
35	0.01012	0.00723	0.00964	0.01157	0.01205	0.00675	0.00771	0.01157	0.01591	0.02121	0.04579	0.70262	0.05495	0.02603	0.01060	0.00337	0.00482	0.02362	0.00771	0.00675
36	0.01961	0.02241	0.04902	0.03501	0.04342	0.02101	0.62605	0.02661	0.01961	0.02661	0.01681	0.02241	0.01261	0.00700	0.00980	0.00280	0.01401	0.00980	0.00420	0.01120
37	0.03727	0.01414	0.01928	0.01478	0.02121	0.01221	0.01221	0.04049	0.02378	0.66198	0.03277	0.02828	0.02056	0.01028	0.00835	0.00257	0.00707	0.00835	0.01028	0.01414
38	0.01012	0.00723	0.00964	0.01157	0.01205	0.00675	0.00771	0.01157	0.01591	0.02121	0.04579	0.70262	0.05495	0.02603	0.01060	0.00337	0.00482	0.02362	0.00771	0.00675
39	0.01702	0.01594	0.02605	0.55193	0.05115	0.01971	0.04911	0.05572	0.01761	0.02310	0.01475	0.02162	0.01130	0.00899	0.01034	0.00284	0.08179	0.00748	0.00397	0.00958
40	0.01151	0.00843	0.01080	0.01032	0.01229	0.00772	0.00769	0.01516	0.02277	0.03179	0.57366	0.09185	0.12950	0.01775	0.00984	0.00266	0.00399	0.01563	0.00895	0.00772
41	0.01002	0.00836	0.00877	0.00905	0.01159	0.00711	0.00679	0.01215	0.01866	0.02245	0.07863	0.13824	0.56770	0.02159	0.00997	0.00291	0.00443	0.04682	0.00771	0.00702
42	0.02049	0.01993	0.03482	0.04984	0.61209	0.01983	0.06875	0.02558	0.01897	0.02710	0.01571	0.02069	0.01312	0.00737	0.00834	0.00249	0.01017	0.00757	0.00412	0.01302
43	0.01683	0.04182	0.63057	0.02431	0.03637	0.01939	0.06397	0.02633	0.01765	0.02633	0.01501	0.01781	0.01064	0.00784	0.00800	0.00264	0.01237	0.00634	0.00355	0.01222
44	0.01715	0.01645	0.02567	0.48094	0.09419	0.04210	0.05556	0.02413	0.07404	0.02337	0.01826	0.02664	0.01468	0.00927	0.00855	0.00279	0.01069	0.04119	0.00443	0.00991
45	0.03108	0.03811	0.02367	0.02119	0.02569	0.61579	0.01603	0.08721	0.02495	0.02324	0.01349	0.01543	0.01101	0.00869	0.00757	0.00217	0.01445	0.00554	0.00465	0.01004
46	0.76672	0.01607	0.01221	0.01092	0.01607	0.01864	0.00900	0.02442	0.01414	0.03727	0.01157	0.01350	0.00900	0.00771	0.00514	0.00257	0.00643	0.00450	0.00514	0.00900
47	0.10927	0.01812	0.07925	0.01576	0.02249	0.01538	0.01399	0.09114	0.06805	0.43741	0.02782	0.02518	0.01819	0.00984	0.00798	0.00259	0.00764	0.00774	0.00881	0.01336
48	0.01012	0.00723	0.00964	0.01157	0.01205	0.00675	0.00771	0.01157	0.01591	0.02121	0.04579	0.70262	0.05495	0.02603	0.01060	0.00337	0.00482	0.02362	0.00771	0.00675
49	0.01723	0.01477	0.01723	0.01230	0.01969	0.01107	0.00984	0.02092	0.01723	0.02707	0.01477	0.01723	0.01230	0.00615	0.00615	0.00123	0.00615	0.00492	0.00492	0.75883
50	0.01717	0.10379	0.60859	0.02282	0.03463	0.02053	0.02920	0.02618	0.01748	0.02569	0.01460	0.01716	0.01054	0.00782	0.00766	0.00255	0.01197	0.00598	0.00351	0.01213
51	0.01695	0.00915	0.00930	0.00878	0.01114	0.00938	0.00671	0.07465	0.01939	0.03291	0.02645	0.02997	0.02064	0.00971	0.00603	0.00199	0.00435	0.00772	0.68646	0.00832
52	0.01012	0.00723	0.00964	0.01157	0.01205	0.00675	0.00771	0.01157	0.01591	0.02121	0.04579	0.70262	0.05495	0.02603	0.01060	0.00337	0.00482	0.02362	0.00771	0.00675
53	0.01934	0.01660	0.01760	0.01607	0.02047	0.01891	0.01255	0.03997	0.55553	0.03317	0.03878	0.03841	0.08218	0.01271	0.00872	0.00287	0.00642	0.03901	0.00835	0.01234
54	0.02201	0.67879	0.04264	0.01459	0.02135	0.03251	0.01441	0.02463	0.01667	0.01957	0.01152	0.01357	0.01067	0.00747	0.00641	0.00187	0.04260	0.00458	0.00356	0.01058
55	0.76672	0.01607	0.01221	0.01092	0.01607	0.01864	0.00900	0.02442	0.01414	0.03727	0.01157	0.01350	0.00900	0.00771	0.00514	0.00257	0.00643	0.00450	0.00514	0.00900
56	0.01867	0.01260	0.04586	0.01281	0.01658	0.01095	0.01056	0.04442	0.07360	0.16389	0.42127	0.04895	0.05664	0.01445	0.00925	0.00262	0.00537	0.01250	0.00902	0.01000
57	0.02221	0.71304	0.04353	0.01421	0.02132	0.03287	0.01421	0.02488	0.01688	0.01955	0.01155	0.01333	0.01066	0.00711	0.00533	0.00178	0.00888	0.00444	0.00355	0.01066
58	0.01232	0.01170	0.07062	0.01200	0.01489	0.00900	0.01031	0.01675	0.02266	0.03207	0.55025	0.06029	0.07002	0.01659	0.00975	0.00270	0.00495	0.05637	0.00853	0.00823
59	0.01328	0.00980	0.01366	0.01584	0.04257	0.00965	0.01289	0.01704	0.01949	0.02552	0.09880	0.08695	0.09263	0.02165	0.01108	0.00359	0.00717	0.48290	0.00764	0.00785
60	0.06213	0.02042	0.02263	0.02072	0.08084	0.02282	0.01528	0.30920	0.27821	0.04225	0.02472	0.02413	0.01831	0.01015	0.00821	0.00263	0.00804	0.00810	0.00783	0.01340
61	0.01666	0.04297	0.66500	0.02368	0.03596	0.01929	0.03069	0.02631	0.01754	0.02631	0.01491	0.01754	0.01052	0.00789	0.00789	0.00263	0.01228	0.00614	0.00351	0.01228
62	0.01027	0.00733	0.00980	0.01173	0.01228	0.00687	0.00796	0.01182	0.01605	0.02137	0.04571	0.67584	0.05463	0.02589	0.01064	0.00339	0.00494	0.04898	0.00771	0.00679
63	0.01772	0.03560	0.44413	0.02774	0.03863	0.01991	0.24417	0.02642	0.01828	0.02642	0.01559	0.01929	0.01127	0.00757	0.00858	0.00269	0.01290	0.00745	0.00376	0.01189
64	0.01940	0.06399	0.12321	0.03247	0.04126	0.02147	0.51940	0.02648	0.01920	0.02617	0.01628	0.02131	0.01224	0.00712	0.00932	0.00272	0.01351	0.00906	0.00408	0.01130
65	0.01903	0.02363	0.10197	0.08667	0.04387	0.02065	0.52437	0.02615	0.01918	0.02615	0.01647	0.02195	0.01230	0.00719	0.00951	0.00278	0.01362	0.00928	0.00410	0.01114
66	0.01666	0.04297	0.66500	0.02368	0.03596	0.01929	0.03069	0.02631	0.01754	0.02631	0.01491	0.01754	0.01052	0.00789	0.00789	0.00263	0.01228	0.00614	0.00351	0.01228
67	0.01256	0.00910	0.01236	0.01411	0.01588	0.00890	0.01188	0.01587	0.01862	0.02408	0.04791	0.18537	0.10382	0.02325	0.01119	0.00366	0.00691	0.45941	0.00766	0.00745
68	0.02091	0.01979	0.03359	0.11745	0.46608	0.02028	0.08911	0.07988	0.02056	0.02871	0.01605	0.02088	0.01295	0.00769	0.00841	0.00254	0.01038	0.00767	0.00446	0.01260
69	0.00982	0.00842	0.00842	0.00842	0.01122	0.00701	0.00631	0.01192	0.01894	0.02244	0.08416	0.07995	0.65285	0.02104	0.00982	0.00281	0.00421	0.01753	0.00771	0.00701
70	0.01011	0.00728	0.00958	0.01143	0.01201	0.00676	0.00765	0.01158	0.01604	0.02126	0.04750	0.67479	0.08167	0.02580	0.01057	0.00335	0.00479	0.02334	0.00771	0.00676
71	0.01902	0.02610	0.16933	0.03326	0.08500	0.02079	0.43436	0.02614	0.01881	0.02626	0.01605	0.02110	0.01215	0.00758	0.01017	0.00278	0.04683	0.00878	0.00403	0.01145
72	0.01769	0.12679	0.52014	0.02366	0.03487	0.02122	0.09151	0.02616	0.01767	0.02547	0.01468	0.01751	0.01076	0.00770	0.00777	0.00254	0.01202	0.00631	0.00359	0.01196
73	0.01176	0.00849	0.01110	0.01045	0.01241	0.00784	0.00784	0.01568	0.02352	0.03331	0.65184	0.06206	0.07839	0.01698	0.00980	0.00261	0.00392	0.01502	0.00914	0.00784
74	0.01012	0.00723	0.00964	0.01157	0.01205	0.00675	0.00771	0.01157	0.01591	0.02121	0.04579	0.70262	0.05495	0.02603	0.01060	0.00337	0.00482	0.02362	0.00771	0.00675
75	0.01978	0.01928	0.03389	0.14019	0.51379	0.01967	0.08116	0.02499	0.01865	0.02625	0.01561	0.02096	0.01281	0.00749	0.00838	0.00254	0.01043	0.00762	0.00406	0.01242
76	0.01828	0.01761	0.03056	0.34169	0.34736	0.01922	0.05838	0.02360	0.01790	0.02440	0.01530	0.02139	0.01217	0.00779	0.00835	0.00262	0.01065	0.00753	0.00392	0.01125
77	0.03158	0.02327	0.02493	0.01911	0.02576	0.02576	0.01579	0.62852	0.03906	0.05236	0.01995	0.01995	0.01413	0.00997	0.00831	0.00249	0.00914	0.00748	0.00831	0.01413
78	0.02029	0.01946	0.03322	0.08692	0.62244	0.01967	0.02536	0.02525	0.01879	0.02681	0.01558	0.02065	0.01304	0.00745	0.00823	0.00248	0.00994	0.00740	0.00409	0.01294
79	0.01698	0.08090	0.62982	0.02314	0.03513	0.02006	0.02976	0.02623	0.01750	0.02593	0.01472	0.01730	0.01053	0.00785	0.00775	0.00258	0.01209	0.00604	0.00351	0.01219
80	0.01691	0.07293	0.63722	0.02325	0.03530	0.01990	0.02996	0.02624	0.01751	0.02601	0.01476	0.01735	0.01053	0.00786	0.00778	0.00259	0.01213	0.00606	0.00351	0.01221
81	0.01187	0.00890	0.01335	0.01335	0.01483	0.01038	0.01038	0.01483	0.01335	0.01928	0.02225	0.03264	0.02077	0.06231	0.67512	0.01335	0.02225	0.00890	0.00445	0.00742
82	0.01981	0.42331	0.31225	0.01831	0.02765	0.02700	0.02134	0.02550	0.01716	0.02247	0.01300	0.01515	0.01060	0.00745	0.00644	0.00215	0.01035	0.00518	0.00353	0.01136
83	0.01691	0.02344	0.25673	0.02196	0.08409	0.01432	0.06322	0.02245	0.01803	0.08249	0.02823	0.22698	0.02798	0.01458	0.00920	0.00294	0.00913	0.06107	0.00581	0.01044
84	0.01749	0.08821	0.52990	0.02466	0.03600	0.02052	0.11683	0.02625	0.01780	0.02587	0.01494	0.01795	0.01084	0.00771	0.00799	0.00259	0.01229	0.00655	0.00361	0.01200
85	0.01358	0.01021	0.01467	0.01790	0.07447	0.01011	0.01365	0.01720	0.01879	0.02462	0.04323	0.14505	0.07020	0.02176	0.01103	0.00362	0.00744	0.46710	0.00734	0.00804
86	0.07253	0.01980	0.05281	0.07806	0.02695	0.01959	0.01552	0.30267	0.02919	0.26326	0.02331	0.02262	0.01567	0.00971	0.00813	0.00256	0.00858	0.00755	0.00818	0.01331
87	0.01630	0.01565	0.02708	0.52113	0.08555	0.01861	0.08275	0.02150	0.01663	0.02179	0.01540	0.02348	0.01228	0.04291	0.01103	0.00306	0.04373	0.00785	0.00383	0.00944
88	0.01603	0.01507	0.02614	0.59077	0.05331	0.01809	0.07684	0.02161	0.01693	0.02226	0.01564	0.02267	0.01178	0.00826	0.00830	0.00272	0.01094	0.00762	0.04569	0.00932
89	0.05493	0.01391	0.08533	0.01563	0.01888	0.01117	0.07536	0.01768	0.04776	0.02512	0.08977	0.40042	0.04342	0.01940	0.00979	0.00312	0.00682	0.04620	0.00691	0.00839

[dist]
# distance from previous block
# <min> <max>
3	7

[block]
# block no. 3 follows, 22 sequences, length 6
# corresponding to MSA columns:
# 182-187
name=unknown_D
#
# <colnr> <probs for GDERKNQSTAVLIFYWHMCP>
#	G	D	E	R	K	N	Q	S	T	A	V	L	I	F	Y	W	H	M	C	P
0	0.01899	0.10676	0.46455	0.02657	0.13268	0.02037	0.02715	0.02681	0.01803	0.06076	0.01566	0.01818	0.01151	0.00786	0.00771	0.00251	0.01126	0.00629	0.00398	0.01235
1	0.04368	0.01336	0.01570	0.01411	0.01743	0.03775	0.04826	0.02459	0.19736	0.03044	0.25861	0.11009	0.12434	0.01543	0.00923	0.00276	0.00594	0.01346	0.00799	0.00946
2	0.53574	0.01558	0.01404	0.01168	0.01739	0.01643	0.00957	0.02590	0.01596	0.11761	0.01493	0.01611	0.01111	0.00777	0.00575	0.00233	0.00646	0.00508	0.00578	0.14476
3	0.03125	0.02221	0.02408	0.01864	0.02513	0.02440	0.01534	0.54426	0.07945	0.09671	0.02186	0.02133	0.01538	0.01009	0.00832	0.00252	0.00881	0.00768	0.00847	0.01406
4	0.02449	0.01759	0.01934	0.01669	0.02185	0.01953	0.01318	0.08826	0.48384	0.14910	0.03256	0.02966	0.02363	0.01099	0.00842	0.00275	0.00686	0.00906	0.00877	0.01340
5	0.02724	0.02066	0.02406	0.13920	0.03061	0.02330	0.01670	0.47324	0.03309	0.04428	0.01918	0.02129	0.01407	0.01358	0.05815	0.00335	0.01047	0.00757	0.00719	0.01274

[dist]
# distance from previous block
# <min> <max>
0	4

[block]
# block no. 4 follows, 22 sequences, length 16
# corresponding to MSA columns:
# 192-207
name=unknown_E
#
# <colnr> <probs for GDERKNQSTAVLIFYWHMCP>
#	G	D	E	R	K	N	Q	S	T	A	V	L	I	F	Y	W	H	M	C	P
0	0.01987	0.25769	0.24299	0.01852	0.02602	0.05707	0.01966	0.05123	0.06772	0.02465	0.01951	0.02130	0.05370	0.00953	0.00910	0.00244	0.07676	0.00670	0.00444	0.01110
1	0.10485	0.01863	0.04825	0.13925	0.28769	0.01940	0.02015	0.02646	0.10021	0.02776	0.01699	0.02088	0.01364	0.00860	0.00928	0.00259	0.06336	0.00711	0.00473	0.06016
2	0.07784	0.01575	0.01793	0.03099	0.02105	0.01433	0.01138	0.12115	0.04028	0.05988	0.01948	0.05083	0.01661	0.00894	0.00710	0.00190	0.00686	0.03552	0.00606	0.43613
3	0.01843	0.01370	0.01740	0.01489	0.01896	0.04494	0.06200	0.02413	0.08936	0.11953	0.18475	0.11682	0.09085	0.01466	0.00913	0.00265	0.00669	0.05185	0.00773	0.09153
4	0.02284	0.01791	0.07054	0.11162	0.07783	0.06935	0.01526	0.02777	0.05109	0.19774	0.05680	0.08042	0.02288	0.04484	0.00987	0.00279	0.00841	0.00924	0.04325	0.05954
5	0.08039	0.15195	0.27572	0.01846	0.02672	0.13278	0.01970	0.02656	0.01852	0.05450	0.01806	0.01971	0.04393	0.00849	0.00713	0.00228	0.01051	0.00616	0.00443	0.07399
6	0.17593	0.05561	0.09921	0.09366	0.02662	0.01984	0.01579	0.20941	0.02392	0.11064	0.01957	0.05000	0.01499	0.00966	0.00747	0.00255	0.00852	0.00738	0.03771	0.01153
7	0.02186	0.13073	0.10391	0.05289	0.04235	0.01987	0.06717	0.10625	0.11462	0.10444	0.08241	0.02967	0.06706	0.01052	0.00818	0.00253	0.00856	0.00881	0.00656	0.01161
8	0.12038	0.08823	0.34247	0.07744	0.03313	0.02121	0.06978	0.10237	0.01985	0.03015	0.01496	0.01772	0.01100	0.00803	0.00755	0.00256	0.01084	0.00634	0.00441	0.01160
9	0.02389	0.04627	0.02281	0.04940	0.02424	0.01505	0.08926	0.10244	0.02234	0.21143	0.04922	0.08558	0.07092	0.01127	0.00837	0.00242	0.00781	0.00984	0.00727	0.14017
10	0.01997	0.02119	0.05523	0.06139	0.10625	0.07083	0.23828	0.07495	0.02074	0.02790	0.06637	0.05848	0.01961	0.00969	0.01007	0.00263	0.05526	0.00930	0.00507	0.06680
11	0.02368	0.11878	0.10020	0.04928	0.07681	0.13711	0.05704	0.07732	0.05139	0.09409	0.02219	0.02381	0.05931	0.00988	0.00938	0.00251	0.06298	0.00757	0.00543	0.01123
12	0.08842	0.01729	0.02117	0.01690	0.02283	0.01767	0.05968	0.13326	0.19413	0.18620	0.02623	0.04970	0.01951	0.01012	0.00803	0.00251	0.00756	0.00844	0.00781	0.10252
13	0.02590	0.01666	0.01862	0.01507	0.02062	0.04869	0.01203	0.10410	0.15317	0.23065	0.10967	0.02973	0.02654	0.01053	0.00813	0.00236	0.00704	0.00860	0.00827	0.14365
14	0.02189	0.07471	0.07166	0.04016	0.02336	0.02012	0.01476	0.24175	0.07489	0.03416	0.02222	0.10911	0.02000	0.04729	0.01121	0.00282	0.05768	0.00929	0.00644	0.09646
15	0.09625	0.07566	0.02063	0.01537	0.02041	0.05010	0.01254	0.09354	0.11704	0.18795	0.02662	0.06880	0.04500	0.01129	0.00930	0.00256	0.06186	0.00860	0.00723	0.06924

[dist]
# distance from previous block
# <min> <max>
10	74

[block]
# block no. 5 follows, 22 sequences, length 26
# corresponding to MSA columns:
# 286-311
name=unknown_F
#
# <colnr> <probs for GDERKNQSTAVLIFYWHMCP>
#	G	D	E	R	K	N	Q	S	T	A	V	L	I	F	Y	W	H	M	C	P
0	0.01981	0.01689	0.05584	0.01774	0.07507	0.01470	0.01347	0.13982	0.04825	0.06280	0.02737	0.12244	0.05888	0.01199	0.00815	0.00231	0.00724	0.03793	0.00653	0.25275
1	0.02051	0.25308	0.07291	0.01424	0.02030	0.01919	0.01302	0.05874	0.01933	0.09715	0.06042	0.12958	0.02356	0.01114	0.00731	0.00217	0.00746	0.00900	0.00586	0.15501
2	0.05270	0.05499	0.01742	0.04107	0.01917	0.01529	0.01095	0.14722	0.05838	0.09192	0.06307	0.07604	0.02338	0.01084	0.00739	0.00228	0.00644	0.00878	0.19416	0.09851
3	0.36414	0.08214	0.14689	0.01730	0.05954	0.02018	0.01571	0.08928	0.01885	0.09477	0.01538	0.01679	0.01133	0.00816	0.00652	0.00250	0.00834	0.00567	0.00545	0.01106
4	0.05949	0.01972	0.02382	0.17266	0.08114	0.06869	0.04595	0.17111	0.13872	0.03294	0.02065	0.04928	0.01640	0.00970	0.00815	0.00257	0.00934	0.00811	0.00608	0.05547
5	0.12586	0.05451	0.02196	0.01749	0.02291	0.22795	0.01395	0.22814	0.06221	0.06048	0.01768	0.01861	0.01338	0.00904	0.00733	0.00231	0.01004	0.00635	0.03938	0.04046
6	0.30562	0.02060	0.05695	0.01580	0.02211	0.02116	0.01366	0.28454	0.05215	0.10493	0.01837	0.01868	0.01311	0.00909	0.00711	0.00255	0.00800	0.00645	0.00705	0.01206
7	0.04155	0.01256	0.01551	0.01472	0.05389	0.01220	0.01082	0.08573	0.05040	0.13999	0.22140	0.04507	0.09193	0.01353	0.00866	0.00255	0.00589	0.04737	0.08020	0.04602
8	0.09443	0.14318	0.27355	0.02390	0.06745	0.02174	0.14345	0.05447	0.01860	0.02769	0.01468	0.01769	0.01122	0.00755	0.00753	0.00243	0.01088	0.00651	0.00415	0.04890
9	0.06571	0.06945	0.02181	0.01567	0.02188	0.02000	0.01292	0.25684	0.11640	0.10864	0.02168	0.02165	0.01594	0.00912	0.00742	0.00223	0.00755	0.00700	0.04325	0.15483
10	0.01817	0.01670	0.02680	0.34847	0.27155	0.01852	0.02205	0.06670	0.01930	0.02579	0.02118	0.02616	0.06491	0.00914	0.00840	0.00264	0.00992	0.00823	0.00452	0.01085
11	0.01587	0.01080	0.01331	0.01223	0.01506	0.01073	0.00930	0.02342	0.14546	0.09335	0.42740	0.09731	0.06067	0.01584	0.00945	0.00270	0.00481	0.01386	0.00902	0.00942
12	0.01012	0.00723	0.00964	0.01157	0.01205	0.00675	0.00771	0.01157	0.01591	0.02121	0.04579	0.70262	0.05495	0.02603	0.01060	0.00337	0.00482	0.02362	0.00771	0.00675
13	0.01862	0.01472	0.01737	0.01248	0.01979	0.01115	0.01001	0.02228	0.01768	0.07134	0.01602	0.01800	0.01288	0.00644	0.00631	0.00132	0.00622	0.00516	0.00530	0.70690
14	0.03526	0.01432	0.01912	0.01469	0.02112	0.01244	0.01208	0.03926	0.04605	0.59462	0.03156	0.02761	0.02016	0.01003	0.00820	0.00249	0.00699	0.00815	0.00984	0.06603
15	0.01160	0.00837	0.01096	0.01056	0.01238	0.00773	0.00783	0.01527	0.02277	0.03213	0.59242	0.12486	0.07609	0.01787	0.00988	0.00269	0.00401	0.01587	0.00900	0.00773
16	0.01600	0.01496	0.02454	0.64652	0.05501	0.01859	0.02246	0.02264	0.05528	0.02206	0.01594	0.02270	0.01196	0.00849	0.00831	0.00277	0.01080	0.00751	0.00399	0.00947
17	0.05906	0.01421	0.01761	0.01410	0.01948	0.01338	0.01139	0.08955	0.06974	0.35373	0.16091	0.03346	0.03152	0.01135	0.00838	0.00250	0.00647	0.00936	0.00913	0.06469
18	0.01832	0.01542	0.01782	0.01282	0.02015	0.01220	0.01030	0.06735	0.01889	0.02900	0.01516	0.01743	0.01244	0.00644	0.00632	0.00133	0.00638	0.00512	0.00518	0.70192
19	0.01360	0.00998	0.01312	0.01319	0.04578	0.00929	0.00924	0.01818	0.05163	0.05007	0.45245	0.13072	0.06318	0.01631	0.00944	0.00260	0.00471	0.01446	0.00841	0.06366
20	0.01920	0.01824	0.03045	0.22811	0.45407	0.01943	0.02416	0.02529	0.05151	0.02589	0.01636	0.02156	0.01323	0.00786	0.00826	0.00257	0.01003	0.00750	0.00423	0.01205
21	0.42045	0.01733	0.01592	0.01324	0.01845	0.01938	0.01076	0.21527	0.02229	0.04030	0.01616	0.01887	0.01263	0.04166	0.00798	0.00272	0.00717	0.00606	0.06123	0.03214
22	0.05074	0.02006	0.02219	0.01728	0.02352	0.02141	0.01417	0.41522	0.07634	0.15146	0.05288	0.02384	0.01885	0.01022	0.00822	0.00248	0.00815	0.00793	0.00845	0.04657
23	0.05545	0.02773	0.30196	0.02247	0.05997	0.01700	0.10334	0.02771	0.04528	0.12020	0.07981	0.02455	0.01957	0.00901	0.00822	0.00257	0.00999	0.00787	0.00552	0.05178
24	0.07528	0.01552	0.01698	0.01363	0.01895	0.01520	0.01084	0.18963	0.05307	0.03570	0.07800	0.07714	0.02336	0.01045	0.00743	0.00212	0.00649	0.00846	0.08132	0.26044
25	0.10980	0.01784	0.02278	0.01721	0.02382	0.01737	0.09153	0.19876	0.02463	0.14059	0.02344	0.02397	0.05352	0.00914	0.00772	0.00227	0.00809	0.00759	0.00689	0.19304

[dist]
# distance from previous block
# <min> <max>
4	17

[block]
# block no. 6 follows, 22 sequences, length 10
# corresponding to MSA columns:
# 329-338
name=unknown_G
#
# <colnr> <probs for GDERKNQSTAVLIFYWHMCP>
#	G	D	E	R	K	N	Q	S	T	A	V	L	I	F	Y	W	H	M	C	P
0	0.02754	0.01739	0.07630	0.01512	0.02163	0.01412	0.01331	0.11151	0.04534	0.32292	0.06525	0.03079	0.07270	0.01071	0.00819	0.00240	0.00726	0.00870	0.00830	0.12052
1	0.05905	0.01517	0.01913	0.07495	0.02395	0.01453	0.01282	0.07298	0.09317	0.33648	0.05234	0.02647	0.02041	0.00969	0.00792	0.00239	0.00720	0.00788	0.00821	0.13524
2	0.01863	0.03916	0.54946	0.02499	0.07649	0.02006	0.02864	0.09504	0.02009	0.02934	0.01553	0.01802	0.01111	0.00810	0.00796	0.00260	0.01176	0.00638	0.00410	0.01255
3	0.11200	0.01799	0.02161	0.08009	0.09724	0.03932	0.01517	0.15079	0.10268	0.22435	0.04001	0.02433	0.01809	0.00967	0.00798	0.00258	0.00819	0.00776	0.00756	0.01257
4	0.01608	0.01784	0.14529	0.01444	0.01795	0.06511	0.01312	0.03501	0.01587	0.02207	0.02122	0.11480	0.02027	0.02228	0.07493	0.24774	0.00948	0.00927	0.10975	0.00750
5	0.01147	0.00900	0.01225	0.10191	0.01870	0.00872	0.00984	0.01372	0.01637	0.02183	0.04208	0.49914	0.09503	0.02148	0.00984	0.00306	0.00572	0.01928	0.00693	0.07363
6	0.01790	0.15158	0.51086	0.02435	0.08429	0.02157	0.02755	0.02601	0.01754	0.02526	0.01441	0.01709	0.01076	0.00772	0.00750	0.00248	0.01152	0.00596	0.00356	0.01208
7	0.01684	0.03862	0.55311	0.08427	0.03852	0.01937	0.08267	0.02588	0.01764	0.02588	0.01506	0.01838	0.01076	0.00785	0.00810	0.00266	0.01232	0.00657	0.00359	0.01191
8	0.03234	0.10703	0.02159	0.01421	0.02022	0.01448	0.01198	0.03556	0.02282	0.50419	0.10064	0.03013	0.02584	0.01062	0.00811	0.00247	0.00695	0.00859	0.00925	0.01295
9	0.01694	0.01573	0.02477	0.28779	0.03699	0.01898	0.08725	0.02397	0.09955	0.02389	0.01828	0.02410	0.01467	0.01464	0.07103	0.00383	0.14493	0.00806	0.05489	0.00969

[dist]
# distance from previous block
# <min> <max>
5	17

[block]
# block no. 7 follows, 22 sequences, length 29
# corresponding to MSA columns:
# 356-384
name=unknown_H
#
# <colnr> <probs for GDERKNQSTAVLIFYWHMCP>
#	G	D	E	R	K	N	Q	S	T	A	V	L	I	F	Y	W	H	M	C	P
0	0.01984	0.02604	0.15461	0.03206	0.04103	0.02100	0.48481	0.06378	0.02045	0.02815	0.01667	0.02141	0.01234	0.00734	0.00938	0.00275	0.01340	0.00902	0.00434	0.01157
1	0.01684	0.10356	0.42389	0.02139	0.03051	0.01967	0.06004	0.02421	0.01805	0.02611	0.10300	0.02364	0.02013	0.00955	0.00953	0.00263	0.06420	0.00751	0.00435	0.01118
2	0.02211	0.02494	0.16284	0.02931	0.03811	0.01915	0.40433	0.02896	0.01993	0.13701	0.01922	0.02249	0.01359	0.00774	0.00918	0.00273	0.01247	0.00884	0.00512	0.01192
3	0.01010	0.00730	0.00956	0.01137	0.01200	0.00676	0.00763	0.01159	0.01609	0.02128	0.04815	0.66431	0.09173	0.02572	0.01056	0.00334	0.00478	0.02324	0.00771	0.00676
