[name]
unknown

[dist]
# distance from previous block
# <min> <max>
0	6

[block]
# block no. 0 follows, 26 sequences, length 8
# corresponding to MSA columns:
# 6-13
name=unknown_A
#
# <colnr> <probs for GDERKNQSTAVLIFYWHMCP>
#	G	D	E	R	K	N	Q	S	T	A	V	L	I	F	Y	W	H	M	C	P
0	0.01364	0.01054	0.01351	0.01337	0.01661	0.00986	0.01136	0.01847	0.06686	0.02391	0.03252	0.06304	0.03366	0.01615	0.00900	0.00281	0.00655	0.42339	0.00639	0.20835
1	0.01404	0.01169	0.01393	0.01106	0.01616	0.00908	0.00848	0.01688	0.01541	0.02332	0.02085	0.20109	0.02136	0.01034	0.00667	0.00163	0.00530	0.00893	0.00516	0.57860
2	0.01668	0.01141	0.01415	0.03738	0.01657	0.01184	0.01011	0.16300	0.02155	0.08488	0.17821	0.28250	0.04081	0.01630	0.00935	0.00268	0.03073	0.03578	0.00740	0.00868
3	0.54781	0.01878	0.13154	0.10778	0.02293	0.01710	0.01341	0.02220	0.01376	0.03030	0.01149	0.01404	0.00871	0.00714	0.00552	0.00238	0.00737	0.00473	0.00425	0.00876
4	0.01883	0.01689	0.02188	0.02624	0.25105	0.01857	0.01592	0.03439	0.44500	0.02932	0.02511	0.02499	0.01929	0.00906	0.00765	0.00246	0.00705	0.00794	0.00634	0.01201
5	0.01559	0.01348	0.01641	0.07956	0.02130	0.01077	0.01016	0.01913	0.01567	0.02420	0.01348	0.01616	0.01113	0.00581	0.00581	0.00126	0.00605	0.00471	0.00438	0.70494
6	0.06955	0.01246	0.01590	0.01282	0.01775	0.01158	0.01038	0.03257	0.08943	0.47127	0.14242	0.03070	0.02784	0.01042	0.00771	0.00238	0.00587	0.00859	0.00878	0.01156
7	0.01801	0.01483	0.01695	0.01232	0.01894	0.01244	0.00993	0.13073	0.01920	0.02873	0.01430	0.01616	0.01152	0.00622	0.00596	0.00132	0.00609	0.00490	0.00503	0.64639

[dist]
# distance from previous block
# <min> <max>
0	1

[block]
# block no. 1 follows, 26 sequences, length 20
# corresponding to MSA columns:
# 15-34
name=unknown_B
#
# <colnr> <probs for GDERKNQSTAVLIFYWHMCP>
#	G	D	E	R	K	N	Q	S	T	A	V	L	I	F	Y	W	H	M	C	P
0	0.02435	0.02878	0.01933	0.01740	0.02110	0.47998	0.01324	0.06836	0.06520	0.02161	0.02294	0.02382	0.10999	0.00999	0.00807	0.00217	0.04296	0.00698	0.00484	0.00890
1	0.01877	0.01802	0.03079	0.04656	0.68612	0.01802	0.02328	0.02328	0.01727	0.02478	0.01427	0.01877	0.01201	0.00676	0.00751	0.00225	0.00901	0.00676	0.00375	0.01201
2	0.01432	0.01348	0.02275	0.71520	0.05224	0.01685	0.02107	0.01938	0.01517	0.01938	0.01348	0.02022	0.01011	0.00758	0.00758	0.00253	0.01011	0.00674	0.00337	0.00843
3	0.01808	0.01731	0.02954	0.15070	0.58739	0.01784	0.02293	0.02267	0.01694	0.02394	0.01415	0.01900	0.01172	0.00689	0.00752	0.00230	0.00918	0.00676	0.00369	0.01146
4	0.01931	0.01905	0.03026	0.04503	0.64870	0.05670	0.02279	0.02367	0.01751	0.02443	0.01412	0.01849	0.01189	0.00682	0.00747	0.00224	0.00927	0.00665	0.00376	0.01183
5	0.01837	0.01476	0.01670	0.01303	0.01862	0.01365	0.01033	0.17409	0.08038	0.03025	0.01966	0.10439	0.01747	0.00909	0.00678	0.00177	0.00616	0.00751	0.00584	0.43114
6	0.02707	0.01939	0.02110	0.01651	0.02231	0.02112	0.01351	0.47856	0.13683	0.09877	0.02105	0.02038	0.01499	0.00917	0.00752	0.00228	0.00768	0.00708	0.00762	0.04708
7	0.01756	0.01678	0.02860	0.22896	0.51319	0.01770	0.02267	0.02221	0.01670	0.02331	0.01405	0.01917	0.01150	0.00698	0.00753	0.00233	0.00931	0.00675	0.00365	0.01104
8	0.00916	0.00769	0.00795	0.00788	0.01036	0.00648	0.00591	0.01126	0.01774	0.02156	0.14221	0.07123	0.61700	0.01881	0.00896	0.00254	0.00381	0.01576	0.00718	0.00648
9	0.00911	0.00769	0.00788	0.00783	0.01033	0.00646	0.00588	0.01116	0.01763	0.02130	0.12602	0.07167	0.63335	0.01891	0.00896	0.00255	0.00382	0.01582	0.00715	0.00646
10	0.01856	0.01566	0.01672	0.01492	0.01904	0.01787	0.01162	0.07329	0.56538	0.03252	0.10048	0.03078	0.02779	0.01079	0.00784	0.00254	0.00588	0.00903	0.00778	0.01153
11	0.01955	0.63790	0.13349	0.01422	0.02138	0.02824	0.01513	0.02290	0.01550	0.01873	0.01098	0.01272	0.00972	0.00659	0.00520	0.00173	0.00856	0.00428	0.00324	0.00995
12	0.00930	0.00693	0.00848	0.00968	0.01062	0.00630	0.00655	0.01068	0.01497	0.01932	0.04936	0.51659	0.20760	0.07197	0.01151	0.00325	0.00447	0.01944	0.00687	0.00611
13	0.02661	0.01969	0.02118	0.01679	0.02242	0.02187	0.01369	0.48317	0.19075	0.07065	0.02179	0.02099	0.01565	0.00941	0.00762	0.00235	0.00769	0.00729	0.00769	0.01268
14	0.01800	0.01931	0.02524	0.02105	0.02272	0.11682	0.10773	0.02036	0.01407	0.01923	0.01281	0.05780	0.01247	0.01213	0.01920	0.00301	0.47825	0.00758	0.00369	0.00852
15	0.01004	0.01221	0.10627	0.00987	0.01359	0.00809	0.00910	0.01312	0.01754	0.02203	0.13063	0.06314	0.52308	0.01711	0.00871	0.00252	0.00487	0.01428	0.00663	0.00717
16	0.02152	0.01608	0.01768	0.01486	0.01948	0.01759	0.01181	0.20674	0.33193	0.08684	0.12003	0.02898	0.02654	0.01049	0.00778	0.00240	0.00632	0.00863	0.00780	0.03648
17	0.01666	0.01848	0.03961	0.02890	0.03554	0.01732	0.56524	0.02233	0.01742	0.02359	0.01914	0.12188	0.01705	0.00888	0.00906	0.00263	0.01159	0.01076	0.00430	0.00965
18	0.02020	0.38304	0.19334	0.01647	0.02325	0.15970	0.01688	0.02404	0.01669	0.01958	0.01340	0.01530	0.02898	0.00753	0.00664	0.00196	0.03474	0.00503	0.00348	0.00976
19	0.01615	0.11201	0.53044	0.02217	0.03236	0.01918	0.11672	0.02392	0.01622	0.02339	0.01353	0.01624	0.00989	0.00701	0.00720	0.00234	0.01110	0.00592	0.00330	0.01091

[dist]
# distance from previous block
# <min> <max>
6	8

[block]
# block no. 2 follows, 26 sequences, length 61
# corresponding to MSA columns:
# 43-103
name=unknown_C
#
# <colnr> <probs for GDERKNQSTAVLIFYWHMCP>
#	G	D	E	R	K	N	Q	S	T	A	V	L	I	F	Y	W	H	M	C	P
0	0.01557	0.03707	0.62831	0.02266	0.06689	0.01769	0.02705	0.02472	0.04579	0.02441	0.01443	0.01672	0.01035	0.00732	0.00725	0.00240	0.01086	0.00580	0.00344	0.01129
1	0.01059	0.00717	0.00840	0.00884	0.00895	0.00706	0.00520	0.01091	0.01189	0.01586	0.02832	0.21711	0.03315	0.55836	0.03147	0.00630	0.00663	0.01363	0.00520	0.00498
2	0.02071	0.70076	0.03878	0.01333	0.01968	0.06571	0.01307	0.02311	0.01573	0.01788	0.01061	0.01225	0.00974	0.00656	0.00497	0.00164	0.00841	0.00410	0.00328	0.00968
3	0.00924	0.00660	0.00880	0.01056	0.01100	0.00616	0.00704	0.01056	0.01452	0.01936	0.04181	0.72848	0.05017	0.02376	0.00968	0.00308	0.00440	0.02156	0.00704	0.00616
4	0.78701	0.01467	0.01115	0.00997	0.01467	0.01702	0.00821	0.02230	0.01291	0.03403	0.01056	0.01232	0.00821	0.00704	0.00469	0.00235	0.00587	0.00411	0.00469	0.00821
5	0.01802	0.01613	0.02087	0.05406	0.21428	0.01741	0.01521	0.03176	0.38066	0.02823	0.02593	0.02611	0.04531	0.00918	0.00755	0.00237	0.00694	0.00798	0.00612	0.06587
6	0.01877	0.01802	0.03079	0.04656	0.68612	0.01802	0.02328	0.02328	0.01727	0.02478	0.01427	0.01877	0.01201	0.00676	0.00751	0.00225	0.00901	0.00676	0.00375	0.01201
7	0.00904	0.00769	0.00778	0.00776	0.01029	0.00643	0.00582	0.01102	0.01746	0.02089	0.10142	0.07233	0.65821	0.01906	0.00896	0.00255	0.00383	0.01592	0.00710	0.00643
8	0.08543	0.01529	0.02304	0.45685	0.14927	0.01788	0.01947	0.09947	0.01784	0.02507	0.01394	0.01904	0.01060	0.00759	0.00732	0.00244	0.00934	0.00652	0.00407	0.00955
9	0.02128	0.01527	0.01684	0.01465	0.01914	0.01680	0.01153	0.06800	0.47657	0.14693	0.05348	0.03034	0.05357	0.01065	0.00779	0.00251	0.00602	0.00883	0.00799	0.01179
10	0.01573	0.01348	0.01573	0.01123	0.01798	0.01011	0.00899	0.01910	0.01573	0.02472	0.01348	0.01573	0.01123	0.00562	0.00562	0.00112	0.00562	0.00449	0.00449	0.77980
11	0.01768	0.01691	0.02881	0.21073	0.53048	0.01773	0.02274	0.02232	0.01675	0.02345	0.01407	0.01913	0.01155	0.00696	0.00753	0.00232	0.00928	0.00675	0.00366	0.01113
12	0.01973	0.66254	0.11041	0.01391	0.02091	0.02867	0.01460	0.02285	0.01548	0.01851	0.01088	0.01258	0.00972	0.00657	0.00512	0.00171	0.00845	0.00422	0.00324	0.00989
13	0.01004	0.00847	0.00879	0.00857	0.01121	0.00761	0.00647	0.01389	0.07702	0.02251	0.13349	0.06731	0.56186	0.01803	0.00885	0.00254	0.00401	0.01511	0.00724	0.00699
14	0.01222	0.00873	0.01222	0.01397	0.01572	0.00873	0.01222	0.01572	0.01746	0.02270	0.04016	0.08556	0.04365	0.02095	0.01048	0.00349	0.00698	0.63506	0.00698	0.00698
15	0.00924	0.00660	0.00880	0.01056	0.01100	0.00616	0.00704	0.01056	0.01452	0.01936	0.04181	0.72848	0.05017	0.02376	0.00968	0.00308	0.00440	0.02156	0.00704	0.00616
16	0.01521	0.03923	0.69413	0.02162	0.03283	0.01762	0.02802	0.02402	0.01601	0.02402	0.01361	0.01601	0.00961	0.00721	0.00721	0.00240	0.01121	0.00560	0.00320	0.01121
17	0.01521	0.03923	0.69413	0.02162	0.03283	0.01762	0.02802	0.02402	0.01601	0.02402	0.01361	0.01601	0.00961	0.00721	0.00721	0.00240	0.01121	0.00560	0.00320	0.01121
18	0.00924	0.00660	0.00880	0.01056	0.01100	0.00616	0.00704	0.01056	0.01452	0.01936	0.04181	0.72848	0.05017	0.02376	0.00968	0.00308	0.00440	0.02156	0.00704	0.00616
19	0.02878	0.02297	0.02262	0.01769	0.02351	0.10198	0.01444	0.58801	0.03403	0.04443	0.01746	0.01769	0.01254	0.00896	0.00750	0.00224	0.00896	0.00660	0.00716	0.01243
20	0.00924	0.00660	0.00880	0.01056	0.01100	0.00616	0.00704	0.01056	0.01452	0.01936	0.04181	0.72848	0.05017	0.02376	0.00968	0.00308	0.00440	0.02156	0.00704	0.00616
21	0.01258	0.01065	0.01626	0.01554	0.01776	0.03131	0.11070	0.01559	0.01637	0.02132	0.03509	0.27998	0.03887	0.05630	0.01133	0.00337	0.00728	0.28625	0.00629	0.00715
22	0.02054	0.02043	0.02846	0.03993	0.53130	0.10617	0.02112	0.05888	0.05292	0.02557	0.01502	0.01859	0.01235	0.00720	0.00744	0.00223	0.00942	0.00662	0.00418	0.01165
23	0.02833	0.03615	0.02149	0.01954	0.02345	0.70298	0.01466	0.03029	0.02149	0.01856	0.01172	0.01368	0.00977	0.00782	0.00684	0.00195	0.01368	0.00489	0.00391	0.00879
24	0.01705	0.01627	0.02768	0.30489	0.44121	0.01757	0.02242	0.02177	0.01646	0.02269	0.01396	0.01933	0.01128	0.00708	0.00754	0.00236	0.00944	0.00675	0.00361	0.01063
25	0.78701	0.01467	0.01115	0.00997	0.01467	0.01702	0.00821	0.02230	0.01291	0.03403	0.01056	0.01232	0.00821	0.00704	0.00469	0.00235	0.00587	0.00411	0.00469	0.00821
26	0.02883	0.02125	0.02276	0.01745	0.02352	0.02352	0.01442	0.66082	0.03566	0.04780	0.01821	0.01821	0.01290	0.00911	0.00759	0.00228	0.00835	0.00683	0.00759	0.01290
27	0.01872	0.01818	0.03167	0.04563	0.64514	0.01810	0.06354	0.02334	0.01731	0.02475	0.01434	0.01888	0.01198	0.00674	0.00760	0.00227	0.00925	0.00690	0.00376	0.01190
28	0.01222	0.00873	0.01222	0.01397	0.01572	0.00873	0.01222	0.01572	0.01746	0.02270	0.04016	0.08556	0.04365	0.02095	0.01048	0.00349	0.00698	0.63506	0.00698	0.00698
29	0.01103	0.00735	0.00827	0.00827	0.00827	0.00735	0.00460	0.01103	0.01103	0.01471	0.02390	0.04964	0.02758	0.73343	0.03861	0.00735	0.00735	0.01103	0.00460	0.00460
30	0.01806	0.01746	0.03030	0.14680	0.55668	0.01791	0.05604	0.02274	0.01699	0.02394	0.01420	0.01908	0.01170	0.00686	0.00760	0.00231	0.00937	0.00687	0.00370	0.01138
31	0.01266	0.00966	0.01457	0.07822	0.02004	0.00991	0.04063	0.01641	0.01727	0.02247	0.03669	0.07686	0.03924	0.01912	0.01015	0.00336	0.00752	0.55144	0.00652	0.00725
32	0.01432	0.01348	0.02275	0.71520	0.05224	0.01685	0.02107	0.01938	0.01517	0.01938	0.01348	0.02022	0.01011	0.00758	0.00758	0.00253	0.01011	0.00674	0.00337	0.00843
33	0.01798	0.02025	0.04352	0.03326	0.09674	0.01908	0.60246	0.02421	0.01785	0.02434	0.01525	0.02031	0.01155	0.00643	0.00882	0.00253	0.01245	0.00876	0.00383	0.01039
34	0.01580	0.01629	0.03140	0.02924	0.19122	0.01543	0.32333	0.02057	0.01765	0.02392	0.06781	0.07954	0.11211	0.01008	0.00865	0.00251	0.00943	0.01059	0.00478	0.00965
35	0.01432	0.01348	0.02275	0.71520	0.05224	0.01685	0.02107	0.01938	0.01517	0.01938	0.01348	0.02022	0.01011	0.00758	0.00758	0.00253	0.01011	0.00674	0.00337	0.00843
36	0.01074	0.00775	0.01014	0.00954	0.01133	0.00716	0.00716	0.01431	0.02147	0.03042	0.68211	0.05666	0.07157	0.01551	0.00895	0.00239	0.00358	0.01372	0.00835	0.00716
37	0.01810	0.10093	0.53845	0.01992	0.02986	0.04597	0.02440	0.02546	0.01675	0.09028	0.01489	0.01655	0.01055	0.00738	0.00702	0.00231	0.01055	0.00564	0.00386	0.01115
38	0.01798	0.01721	0.02936	0.16559	0.57327	0.01781	0.02288	0.02258	0.01690	0.02382	0.01413	0.01903	0.01168	0.00691	0.00752	0.00230	0.00921	0.00676	0.00369	0.01138
39	0.01103	0.00735	0.00827	0.00827	0.00827	0.00735	0.00460	0.01103	0.01103	0.01471	0.02390	0.04964	0.02758	0.73343	0.03861	0.00735	0.00735	0.01103	0.00460	0.00460
40	0.00904	0.00769	0.00780	0.00777	0.01029	0.00644	0.00583	0.01104	0.01748	0.02094	0.10423	0.07226	0.65537	0.01904	0.00896	0.00255	0.00383	0.01590	0.00710	0.00644
41	0.01084	0.00813	0.01219	0.01219	0.01354	0.00948	0.00948	0.01354	0.01219	0.01761	0.02032	0.02980	0.01896	0.05689	0.70337	0.01219	0.02032	0.00813	0.00406	0.00677
42	0.01521	0.03923	0.69413	0.02162	0.03283	0.01762	0.02802	0.02402	0.01601	0.02402	0.01361	0.01601	0.00961	0.00721	0.00721	0.00240	0.01121	0.00560	0.00320	0.01121
43	0.02833	0.03615	0.02149	0.01954	0.02345	0.70298	0.01466	0.03029	0.02149	0.01856	0.01172	0.01368	0.00977	0.00782	0.00684	0.00195	0.01368	0.00489	0.00391	0.00879
44	0.02835	0.03559	0.02154	0.01946	0.02345	0.67762	0.01465	0.05382	0.02202	0.01965	0.01197	0.01385	0.00989	0.00786	0.00687	0.00197	0.01348	0.00496	0.00405	0.00895
45	0.01573	0.01348	0.01573	0.01123	0.01798	0.01011	0.00899	0.01910	0.01573	0.02472	0.01348	0.01573	0.01123	0.00562	0.00562	0.00112	0.00562	0.00449	0.00449	0.77980
46	0.02028	0.73799	0.03975	0.01298	0.01947	0.03001	0.01298	0.02271	0.01541	0.01785	0.01055	0.01217	0.00973	0.00649	0.00487	0.00162	0.00811	0.00406	0.00324	0.00973
47	0.00947	0.00742	0.00857	0.00889	0.01071	0.00652	0.00644	0.01163	0.01757	0.02259	0.21400	0.24113	0.36903	0.01951	0.00915	0.00266	0.00392	0.01691	0.00736	0.00652
48	0.01103	0.00735	0.00827	0.00827	0.00827	0.00735	0.00460	0.01103	0.01103	0.01471	0.02390	0.04964	0.02758	0.73343	0.03861	0.00735	0.00735	0.01103	0.00460	0.00460
49	0.09271	0.01850	0.01880	0.01556	0.02052	0.04532	0.01252	0.33157	0.22669	0.03799	0.02393	0.02361	0.04633	0.01176	0.03742	0.00280	0.00791	0.00752	0.00705	0.01149
50	0.05899	0.01973	0.02103	0.01651	0.02213	0.05391	0.03414	0.43869	0.07862	0.07542	0.02259	0.02236	0.05600	0.00949	0.00750	0.00228	0.00799	0.00736	0.00712	0.03813
51	0.06624	0.26182	0.41619	0.01803	0.02705	0.04666	0.02145	0.02372	0.01582	0.02247	0.01237	0.01446	0.00957	0.00699	0.00628	0.00213	0.00997	0.00499	0.00334	0.01046
52	0.02909	0.02084	0.02251	0.01726	0.02332	0.02291	0.01426	0.63019	0.03498	0.07940	0.01879	0.01858	0.01319	0.00912	0.00759	0.00228	0.00825	0.00687	0.00768	0.01290
53	0.01211	0.00865	0.01209	0.01384	0.01554	0.00863	0.01203	0.01552	0.01735	0.02257	0.04022	0.10974	0.04390	0.02106	0.01045	0.00348	0.00689	0.61199	0.00699	0.00695
54	0.01910	0.57554	0.19189	0.01499	0.02257	0.02713	0.01648	0.02302	0.01555	0.01928	0.01126	0.01306	0.00970	0.00666	0.00541	0.00180	0.00883	0.00442	0.00323	0.01008
55	0.02712	0.09526	0.05219	0.01890	0.02352	0.56113	0.01507	0.08001	0.02187	0.02109	0.01223	0.01401	0.01001	0.00778	0.00675	0.00197	0.01267	0.00500	0.00412	0.00931
56	0.01014	0.00698	0.00854	0.00941	0.00963	0.00676	0.00582	0.01080	0.01277	0.01703	0.03283	0.38817	0.03884	0.37952	0.02418	0.00522	0.00588	0.01628	0.00582	0.00538
57	0.01773	0.02165	0.08591	0.03131	0.03921	0.01908	0.61860	0.02428	0.01778	0.02428	0.01524	0.02018	0.01139	0.00645	0.00884	0.00255	0.01269	0.00874	0.00380	0.01029
58	0.01910	0.01890	0.03046	0.06751	0.60917	0.05435	0.04253	0.02355	0.01744	0.02425	0.01414	0.01860	0.01181	0.00683	0.00752	0.00226	0.00941	0.00673	0.00375	0.01167
59	0.01040	0.00709	0.00846	0.00908	0.00923	0.00693	0.00546	0.01087	0.01226	0.01635	0.03021	0.28887	0.03554	0.48334	0.02841	0.00585	0.00631	0.01474	0.00546	0.00515
60	0.01067	0.00773	0.00995	0.00941	0.01116	0.00713	0.00699	0.01402	0.02086	0.02933	0.62775	0.05712	0.09767	0.04486	0.01015	0.00260	0.00374	0.01371	0.00814	0.00702

[dist]
# distance from previous block
# <min> <max>
6	12

[block]
# block no. 3 follows, 26 sequences, length 9
# corresponding to MSA columns:
# 116-124
name=unknown_D
#
# <colnr> <probs for GDERKNQSTAVLIFYWHMCP>
#	G	D	E	R	K	N	Q	S	T	A	V	L	I	F	Y	W	H	M	C	P
0	0.01260	0.00972	0.01184	0.01249	0.01472	0.00990	0.01027	0.01862	0.13027	0.02321	0.04500	0.07037	0.17233	0.07149	0.01177	0.00342	0.00619	0.35130	0.00695	0.00756
1	0.00985	0.00775	0.00903	0.00970	0.01168	0.00694	0.00753	0.01211	0.01706	0.02128	0.09103	0.18447	0.40119	0.02020	0.00943	0.00285	0.00465	0.15962	0.00709	0.00653
2	0.02369	0.36428	0.03031	0.01634	0.02131	0.29042	0.01400	0.06727	0.01882	0.02012	0.01146	0.01348	0.00997	0.00768	0.00731	0.00192	0.06358	0.00475	0.00379	0.00947
3	0.01557	0.00868	0.01154	0.01058	0.01303	0.00786	0.00801	0.01862	0.02032	0.17305	0.42851	0.16634	0.05631	0.01560	0.00879	0.00250	0.00435	0.01375	0.00835	0.00824
4	0.66053	0.01577	0.01309	0.01122	0.01615	0.01810	0.00925	0.12881	0.01670	0.03633	0.01184	0.01330	0.00900	0.00739	0.00518	0.00234	0.00628	0.00456	0.00518	0.00900
5	0.78701	0.01467	0.01115	0.00997	0.01467	0.01702	0.00821	0.02230	0.01291	0.03403	0.01056	0.01232	0.00821	0.00704	0.00469	0.00235	0.00587	0.00411	0.00469	0.00821
6	0.01751	0.01703	0.02270	0.14279	0.02632	0.08345	0.04954	0.02021	0.01399	0.04794	0.01297	0.01894	0.01137	0.01578	0.08936	0.00390	0.38713	0.00681	0.00375	0.00851
7	0.01091	0.00809	0.01064	0.01125	0.01203	0.00846	0.00822	0.01261	0.01430	0.01931	0.07379	0.27908	0.06170	0.18856	0.08873	0.00502	0.05671	0.11838	0.00599	0.00622
8	0.01025	0.00757	0.00971	0.00962	0.01127	0.00703	0.00709	0.01317	0.01917	0.02643	0.45207	0.16952	0.14771	0.01995	0.05197	0.00313	0.00479	0.01499	0.00769	0.00686

[dist]
# distance from previous block
# <min> <max>
4	19

[block]
# block no. 4 follows, 26 sequences, length 17
# corresponding to MSA columns:
# 144-160
name=unknown_E
#
# <colnr> <probs for GDERKNQSTAVLIFYWHMCP>
#	G	D	E	R	K	N	Q	S	T	A	V	L	I	F	Y	W	H	M	C	P
0	0.39882	0.01562	0.01994	0.16568	0.02695	0.01826	0.09737	0.04154	0.01460	0.02804	0.01198	0.01581	0.00942	0.00793	0.00853	0.00253	0.09837	0.00571	0.00421	0.00868
1	0.02919	0.01274	0.01683	0.01284	0.01865	0.01073	0.01051	0.03224	0.02053	0.52536	0.06270	0.02556	0.02022	0.00899	0.00731	0.00211	0.00613	0.00735	0.00838	0.16163
2	0.01783	0.01473	0.01686	0.01223	0.01886	0.01226	0.00986	0.12193	0.01892	0.02842	0.01424	0.01613	0.01150	0.00618	0.00593	0.00131	0.00605	0.00487	0.00499	0.65691
3	0.01112	0.00825	0.01050	0.01030	0.01226	0.00781	0.00802	0.01524	0.04720	0.02817	0.48782	0.06187	0.13036	0.01656	0.00914	0.00259	0.00425	0.11331	0.00797	0.00725
4	0.01623	0.01393	0.01596	0.01191	0.01826	0.01151	0.00947	0.02250	0.12096	0.02584	0.01627	0.01774	0.01314	0.00637	0.00595	0.00136	0.00568	0.00515	0.00501	0.65677
5	0.01608	0.01460	0.02038	0.01456	0.02145	0.01156	0.11308	0.01993	0.01608	0.02465	0.01378	0.01649	0.01128	0.00574	0.00615	0.00135	0.00677	0.00521	0.00439	0.65648
6	0.01573	0.01348	0.01573	0.01123	0.01798	0.01011	0.00899	0.01910	0.01573	0.02472	0.01348	0.01573	0.01123	0.00562	0.00562	0.00112	0.00562	0.00449	0.00449	0.77980
7	0.01877	0.01802	0.03079	0.04656	0.68612	0.01802	0.02328	0.02328	0.01727	0.02478	0.01427	0.01877	0.01201	0.00676	0.00751	0.00225	0.00901	0.00676	0.00375	0.01201
8	0.01573	0.01348	0.01573	0.01123	0.01798	0.01011	0.00899	0.01910	0.01573	0.02472	0.01348	0.01573	0.01123	0.00562	0.00562	0.00112	0.00562	0.00449	0.00449	0.77980
9	0.78701	0.01467	0.01115	0.00997	0.01467	0.01702	0.00821	0.02230	0.01291	0.03403	0.01056	0.01232	0.00821	0.00704	0.00469	0.00235	0.00587	0.00411	0.00469	0.00821
10	0.02686	0.02146	0.05142	0.01996	0.07942	0.02255	0.01560	0.54616	0.06840	0.04398	0.01838	0.01872	0.01325	0.00889	0.00757	0.00230	0.00839	0.00687	0.00709	0.01270
11	0.01642	0.07566	0.02548	0.05532	0.38425	0.01689	0.01789	0.01976	0.01562	0.02187	0.01844	0.13141	0.01839	0.03550	0.04287	0.00307	0.07795	0.00905	0.00422	0.00994
12	0.64057	0.01410	0.01240	0.06929	0.01789	0.01616	0.00939	0.02239	0.01402	0.06704	0.04831	0.01610	0.01237	0.00767	0.00532	0.00236	0.00613	0.00503	0.00503	0.00842
13	0.14595	0.01498	0.02043	0.02327	0.21901	0.01549	0.01456	0.02765	0.06781	0.23653	0.04163	0.02340	0.03770	0.00912	0.00866	0.00243	0.06688	0.00725	0.00619	0.01105
14	0.66334	0.01861	0.12059	0.01184	0.01758	0.01711	0.01139	0.02257	0.01341	0.03243	0.01105	0.01291	0.00844	0.00707	0.00510	0.00236	0.00672	0.00435	0.00446	0.00869
15	0.18844	0.01246	0.01507	0.01250	0.01670	0.01253	0.01014	0.02733	0.01861	0.35504	0.13112	0.06007	0.02586	0.01088	0.00876	0.00247	0.06572	0.00844	0.00760	0.01026
16	0.47363	0.01565	0.06242	0.01322	0.04526	0.01521	0.01081	0.04289	0.01557	0.13553	0.01756	0.09160	0.01476	0.00926	0.00608	0.00242	0.00640	0.00683	0.00563	0.00926

[dist]
# distance from previous block
# <min> <max>
16	38

[block]
# block no. 5 follows, 26 sequences, length 6
# corresponding to MSA columns:
# 201-206
name=unknown_F
#
# <colnr> <probs for GDERKNQSTAVLIFYWHMCP>
#	G	D	E	R	K	N	Q	S	T	A	V	L	I	F	Y	W	H	M	C	P
0	0.08616	0.05902	0.05481	0.08341	0.10909	0.01861	0.01528	0.17990	0.06855	0.13495	0.02103	0.02202	0.04608	0.00916	0.00844	0.00239	0.05705	0.00705	0.00597	0.01102
1	0.17854	0.06525	0.02037	0.01665	0.05606	0.01780	0.05310	0.22856	0.02231	0.06580	0.04960	0.06434	0.01963	0.01246	0.03744	0.00286	0.00801	0.06501	0.00613	0.01007
2	0.16055	0.01929	0.11021	0.01909	0.05919	0.01771	0.11048	0.11798	0.08677	0.02979	0.05404	0.02501	0.07645	0.00966	0.00889	0.00250	0.06923	0.00782	0.00534	0.01000
3	0.21023	0.01487	0.04525	0.09197	0.05118	0.01463	0.06524	0.08661	0.01673	0.06903	0.01638	0.06672	0.01395	0.01127	0.01018	0.11693	0.00753	0.00707	0.00491	0.07934
4	0.06919	0.14393	0.06402	0.01699	0.02235	0.08384	0.05485	0.24973	0.02316	0.06133	0.01738	0.07729	0.01476	0.00968	0.00831	0.00231	0.05740	0.00736	0.00558	0.01054
5	0.21543	0.06313	0.07720	0.01585	0.02167	0.04554	0.04854	0.20258	0.02116	0.08629	0.01504	0.01643	0.01120	0.00809	0.00772	0.00225	0.05589	0.00577	0.00549	0.07472

[dist]
# distance from previous block
# <min> <max>
6	9

[block]
# block no. 6 follows, 26 sequences, length 71
# corresponding to MSA columns:
# 216-286
name=unknown_G
#
# <colnr> <probs for GDERKNQSTAVLIFYWHMCP>
#	G	D	E	R	K	N	Q	S	T	A	V	L	I	F	Y	W	H	M	C	P
0	0.07515	0.01856	0.02444	0.02947	0.31912	0.04314	0.01741	0.18364	0.09213	0.09495	0.01816	0.01970	0.01373	0.00802	0.00735	0.00230	0.00824	0.00681	0.00573	0.01194
1	0.08788	0.01884	0.02682	0.06730	0.48744	0.07611	0.02029	0.05084	0.01795	0.02575	0.01488	0.02045	0.01270	0.00757	0.00733	0.00230	0.00907	0.03127	0.00413	0.01109
2	0.01795	0.01618	0.02490	0.16713	0.34485	0.01752	0.01954	0.07393	0.08914	0.02586	0.01879	0.02697	0.01616	0.00920	0.00845	0.00251	0.03267	0.07277	0.00474	0.01073
3	0.01571	0.01345	0.04391	0.05783	0.15293	0.01311	0.08123	0.01932	0.01645	0.07310	0.07429	0.16764	0.02664	0.01498	0.04562	0.00311	0.06879	0.03921	0.06373	0.00895
4	0.04437	0.05493	0.23122	0.01434	0.02017	0.01359	0.01471	0.04096	0.07358	0.05054	0.07216	0.11233	0.13755	0.03634	0.00874	0.00257	0.00717	0.01012	0.00558	0.04905
5	0.01307	0.01148	0.01437	0.01338	0.01463	0.04545	0.01051	0.01552	0.01519	0.02134	0.16506	0.08389	0.08231	0.02676	0.20773	0.00540	0.20100	0.01030	0.03532	0.00730
6	0.06918	0.00840	0.01015	0.00978	0.01189	0.00789	0.00737	0.01440	0.01919	0.02791	0.44664	0.14080	0.11128	0.01601	0.00863	0.00247	0.00409	0.03593	0.00758	0.04039
7	0.01911	0.01796	0.02967	0.04345	0.62193	0.01790	0.02216	0.05373	0.01808	0.02588	0.01442	0.01860	0.01202	0.00682	0.00742	0.00220	0.00881	0.00665	0.00397	0.04921
8	0.01978	0.01649	0.01752	0.01547	0.01981	0.01887	0.01209	0.12690	0.54784	0.03337	0.02964	0.06319	0.02310	0.01082	0.00780	0.00256	0.00625	0.00900	0.00766	0.01183
9	0.01084	0.00813	0.01219	0.01219	0.01354	0.00948	0.00948	0.01354	0.01219	0.01761	0.02032	0.02980	0.01896	0.05689	0.70337	0.01219	0.02032	0.00813	0.00406	0.00677
10	0.01052	0.00809	0.00968	0.00933	0.01147	0.00742	0.00708	0.01423	0.04475	0.02688	0.43206	0.06212	0.27044	0.01675	0.00897	0.00249	0.00389	0.03890	0.00784	0.00709
11	0.02883	0.02125	0.02276	0.01745	0.02352	0.02352	0.01442	0.66082	0.03566	0.04780	0.01821	0.01821	0.01290	0.00911	0.00759	0.00228	0.00835	0.00683	0.00759	0.01290
12	0.01573	0.01348	0.01573	0.01123	0.01798	0.01011	0.00899	0.01910	0.01573	0.02472	0.01348	0.01573	0.01123	0.00562	0.00562	0.00112	0.00562	0.00449	0.00449	0.77980
13	0.01318	0.00659	0.00988	0.00988	0.00988	0.00659	0.00659	0.00988	0.00988	0.01318	0.01318	0.02306	0.01318	0.02635	0.02964	0.77931	0.00659	0.00659	0.00329	0.00329
14	0.01521	0.03923	0.69413	0.02162	0.03283	0.01762	0.02802	0.02402	0.01601	0.02402	0.01361	0.01601	0.00961	0.00721	0.00721	0.00240	0.01121	0.00560	0.00320	0.01121
15	0.01736	0.01658	0.02823	0.25928	0.48445	0.01765	0.02257	0.02204	0.01660	0.02306	0.01402	0.01923	0.01141	0.00702	0.00753	0.00234	0.00936	0.00675	0.00363	0.01087
16	0.03403	0.01291	0.01760	0.01350	0.01936	0.01115	0.01115	0.03697	0.02171	0.69137	0.02992	0.02582	0.01878	0.00939	0.00763	0.00235	0.00645	0.00763	0.00939	0.01291
17	0.01222	0.00873	0.01222	0.01397	0.01572	0.00873	0.01222	0.01572	0.01746	0.02270	0.04016	0.08556	0.04365	0.02095	0.01048	0.00349	0.00698	0.63506	0.00698	0.00698
18	0.01877	0.01802	0.03079	0.04656	0.68612	0.01802	0.02328	0.02328	0.01727	0.02478	0.01427	0.01877	0.01201	0.00676	0.00751	0.00225	0.00901	0.00676	0.00375	0.01201
19	0.78701	0.01467	0.01115	0.00997	0.01467	0.01702	0.00821	0.02230	0.01291	0.03403	0.01056	0.01232	0.00821	0.00704	0.00469	0.00235	0.00587	0.00411	0.00469	0.00821
20	0.02359	0.44982	0.03225	0.01567	0.02110	0.30634	0.01367	0.02582	0.01791	0.01814	0.01103	0.01279	0.00975	0.00703	0.00568	0.00176	0.01040	0.00440	0.00352	0.00935
21	0.01731	0.03240	0.48080	0.02499	0.09263	0.01745	0.12816	0.02492	0.01684	0.07144	0.01511	0.01768	0.01078	0.00719	0.00755	0.00241	0.01093	0.00639	0.00379	0.01125
22	0.09318	0.09246	0.29913	0.01744	0.02475	0.15411	0.01844	0.05252	0.04366	0.04998	0.01940	0.02052	0.06617	0.00853	0.00688	0.00225	0.00980	0.00629	0.00441	0.01008
23	0.00924	0.00660	0.00880	0.01056	0.01100	0.00616	0.00704	0.01056	0.01452	0.01936	0.04181	0.72848	0.05017	0.02376	0.00968	0.00308	0.00440	0.02156	0.00704	0.00616
24	0.01147	0.00893	0.01069	0.01117	0.01300	0.00891	0.00830	0.01708	0.13429	0.02382	0.14351	0.32061	0.15401	0.01902	0.00918	0.00284	0.00475	0.08358	0.00736	0.00749
25	0.03290	0.01472	0.01872	0.01436	0.02027	0.01384	0.01186	0.17264	0.02474	0.55141	0.02738	0.02416	0.01750	0.00933	0.00762	0.00233	0.00687	0.00745	0.00900	0.01291
26	0.01983	0.01677	0.01769	0.01563	0.02009	0.01932	0.01224	0.10017	0.61098	0.03328	0.02965	0.02733	0.02216	0.01018	0.00771	0.00254	0.00623	0.00841	0.00771	0.01209
27	0.01056	0.00755	0.01032	0.01207	0.01309	0.00730	0.00934	0.01285	0.01583	0.02084	0.04108	0.44307	0.04728	0.02252	0.01003	0.00326	0.00555	0.29391	0.00702	0.00653
28	0.01856	0.01771	0.02969	0.07730	0.62087	0.01801	0.02259	0.02397	0.05116	0.02488	0.01509	0.01934	0.01250	0.00698	0.00752	0.00228	0.00891	0.00685	0.00394	0.01184
29	0.11747	0.01346	0.01492	0.01250	0.01698	0.01366	0.00989	0.09820	0.13657	0.13249	0.02454	0.05537	0.04426	0.03880	0.06441	0.00315	0.00719	0.00778	0.04347	0.14489
30	0.05521	0.01958	0.13105	0.01807	0.02289	0.04339	0.08890	0.08367	0.01770	0.13860	0.01838	0.02429	0.01499	0.07026	0.06643	0.00372	0.13967	0.02826	0.00517	0.00978
31	0.01222	0.00873	0.01222	0.01397	0.01572	0.00873	0.01222	0.01572	0.01746	0.02270	0.04016	0.08556	0.04365	0.02095	0.01048	0.00349	0.00698	0.63506	0.00698	0.00698
32	0.01656	0.01346	0.01581	0.01134	0.01804	0.01016	0.00909	0.01991	0.01600	0.05509	0.01423	0.01619	0.01158	0.00579	0.00571	0.00118	0.00566	0.00464	0.00472	0.74485
33	0.63023	0.01450	0.01252	0.01090	0.01542	0.01654	0.00896	0.04602	0.01481	0.08775	0.04469	0.01594	0.01237	0.00796	0.00604	0.00238	0.03388	0.00506	0.00531	0.00872
34	0.01573	0.01348	0.01573	0.01123	0.01798	0.01011	0.00899	0.01910	0.01573	0.02472	0.01348	0.01573	0.01123	0.00562	0.00562	0.00112	0.00562	0.00449	0.00449	0.77980
35	0.01311	0.01083	0.01262	0.01276	0.04768	0.03762	0.00921	0.01643	0.03962	0.02390	0.16052	0.06983	0.20762	0.01586	0.03692	0.00284	0.11115	0.01122	0.15271	0.00754
36	0.04455	0.07788	0.18202	0.05265	0.02404	0.03746	0.03776	0.08251	0.07114	0.11704	0.09360	0.02754	0.04598	0.00999	0.00828	0.00241	0.03885	0.03026	0.00575	0.01029
37	0.01672	0.01648	0.05169	0.11457	0.07763	0.01815	0.11913	0.02028	0.01444	0.05100	0.01417	0.02038	0.01216	0.03927	0.06687	0.00360	0.27489	0.00717	0.00389	0.05754
38	0.04411	0.01598	0.02648	0.08150	0.35646	0.01702	0.07973	0.02071	0.01613	0.02319	0.01939	0.05956	0.04439	0.01002	0.01032	0.00259	0.10695	0.05116	0.00423	0.01007
39	0.01913	0.57991	0.18780	0.01493	0.02249	0.02721	0.01638	0.02301	0.01555	0.01924	0.01124	0.01304	0.00971	0.00665	0.00540	0.00180	0.00881	0.00441	0.00324	0.01007
40	0.00960	0.00697	0.00913	0.01066	0.01148	0.00650	0.00752	0.01129	0.01532	0.02019	0.06522	0.57613	0.10626	0.02278	0.00968	0.00306	0.00462	0.09018	0.00708	0.00631
41	0.01545	0.01323	0.01650	0.12193	0.02302	0.01105	0.01075	0.01909	0.01565	0.02401	0.01392	0.01693	0.01138	0.00605	0.00591	0.00137	0.00624	0.00495	0.03440	0.62817
42	0.01880	0.01958	0.05931	0.06732	0.58449	0.04473	0.04798	0.02349	0.01733	0.02430	0.01415	0.01857	0.01174	0.00683	0.00753	0.00227	0.00947	0.00672	0.00373	0.01166
43	0.01098	0.00794	0.01155	0.01155	0.01265	0.00905	0.00868	0.01302	0.01192	0.01699	0.02042	0.03209	0.01981	0.14523	0.58020	0.05120	0.01788	0.00843	0.00409	0.00630
44	0.01830	0.01754	0.02993	0.11806	0.61833	0.01790	0.02304	0.02286	0.01705	0.02420	0.01418	0.01893	0.01181	0.00685	0.00752	0.00228	0.00913	0.00676	0.00371	0.01163
45	0.02250	0.01530	0.01617	0.01315	0.01740	0.01665	0.01062	0.37735	0.04934	0.03929	0.02131	0.02266	0.01592	0.00904	0.00666	0.00208	0.00630	0.00699	0.32079	0.01049
46	0.01103	0.00735	0.00827	0.00827	0.00827	0.00735	0.00460	0.01103	0.01103	0.01471	0.02390	0.04964	0.02758	0.73343	0.03861	0.00735	0.00735	0.01103	0.00460	0.00460
47	0.02833	0.03615	0.02149	0.01954	0.02345	0.70298	0.01466	0.03029	0.02149	0.01856	0.01172	0.01368	0.00977	0.00782	0.00684	0.00195	0.01368	0.00489	0.00391	0.00879
48	0.01432	0.01348	0.02275	0.71520	0.05224	0.01685	0.02107	0.01938	0.01517	0.01938	0.01348	0.02022	0.01011	0.00758	0.00758	0.00253	0.01011	0.00674	0.00337	0.00843
49	0.02249	0.01666	0.01836	0.01554	0.02012	0.01843	0.01266	0.31703	0.21626	0.05925	0.02557	0.03116	0.02067	0.01282	0.03456	0.00288	0.00763	0.08942	0.04716	0.01133
50	0.03403	0.01291	0.01760	0.01350	0.01936	0.01115	0.01115	0.03697	0.02171	0.69137	0.02992	0.02582	0.01878	0.00939	0.00763	0.00235	0.00645	0.00763	0.00939	0.01291
51	0.01249	0.00940	0.01210	0.01325	0.01525	0.00958	0.01106	0.01797	0.10363	0.02333	0.04220	0.14992	0.09532	0.01972	0.00990	0.00325	0.00630	0.43075	0.00709	0.00751
52	0.01573	0.01348	0.01573	0.01123	0.01798	0.01011	0.00899	0.01910	0.01573	0.02472	0.01348	0.01573	0.01123	0.00562	0.00562	0.00112	0.00562	0.00449	0.00449	0.77980
53	0.01098	0.00755	0.00929	0.00929	0.00964	0.00790	0.00586	0.01168	0.01133	0.01546	0.02297	0.04450	0.02534	0.55815	0.21084	0.00861	0.01071	0.01028	0.00446	0.00516
54	0.78701	0.01467	0.01115	0.00997	0.01467	0.01702	0.00821	0.02230	0.01291	0.03403	0.01056	0.01232	0.00821	0.00704	0.00469	0.00235	0.00587	0.00411	0.00469	0.00821
55	0.78701	0.01467	0.01115	0.00997	0.01467	0.01702	0.00821	0.02230	0.01291	0.03403	0.01056	0.01232	0.00821	0.00704	0.00469	0.00235	0.00587	0.00411	0.00469	0.00821
56	0.01102	0.00741	0.00857	0.00857	0.00867	0.00751	0.00496	0.01122	0.01112	0.01492	0.02363	0.04815	0.02693	0.68269	0.08846	0.00772	0.00833	0.01081	0.00456	0.00476
57	0.01630	0.18879	0.55408	0.01977	0.02997	0.02027	0.02480	0.02374	0.01589	0.02270	0.01296	0.01519	0.00964	0.00705	0.00671	0.00224	0.01055	0.00527	0.00321	0.01089
58	0.01877	0.01802	0.03079	0.04656	0.68612	0.01802	0.02328	0.02328	0.01727	0.02478	0.01427	0.01877	0.01201	0.00676	0.00751	0.00225	0.00901	0.00676	0.00375	0.01201
59	0.03403	0.01291	0.01760	0.01350	0.01936	0.01115	0.01115	0.03697	0.02171	0.69137	0.02992	0.02582	0.01878	0.00939	0.00763	0.00235	0.00645	0.00763	0.00939	0.01291
60	0.02720	0.02695	0.02094	0.01784	0.02250	0.34254	0.01390	0.26447	0.07576	0.05610	0.01757	0.04778	0.01403	0.00923	0.00734	0.00218	0.01044	0.00671	0.00591	0.01060
61	0.01799	0.02023	0.04343	0.03336	0.10107	0.01907	0.59820	0.02420	0.01784	0.02434	0.01524	0.02030	0.01156	0.00643	0.00881	0.00253	0.01243	0.00874	0.00383	0.01040
62	0.00981	0.00684	0.00863	0.00984	0.01014	0.00654	0.00627	0.01071	0.01342	0.01789	0.03616	0.51428	0.04304	0.24770	0.01881	0.00443	0.00533	0.01824	0.00627	0.00567
63	0.01156	0.00826	0.01147	0.01322	0.01467	0.00816	0.01108	0.01458	0.01681	0.02196	0.04052	0.22745	0.04509	0.02157	0.01030	0.00340	0.00641	0.49966	0.00700	0.00680
64	0.01882	0.01724	0.02465	0.03255	0.38608	0.01840	0.01820	0.03094	0.31224	0.02791	0.02174	0.02306	0.01703	0.00835	0.00760	0.00240	0.00766	0.00758	0.00554	0.01201
65	0.01103	0.00735	0.00827	0.00827	0.00827	0.00735	0.00460	0.01103	0.01103	0.01471	0.02390	0.04964	0.02758	0.73343	0.03861	0.00735	0.00735	0.01103	0.00460	0.00460
66	0.01790	0.02046	0.04476	0.03197	0.03964	0.01918	0.65857	0.02430	0.01790	0.02430	0.01535	0.02046	0.01151	0.00639	0.00895	0.00256	0.01279	0.00895	0.00384	0.01023
67	0.00969	0.00693	0.00930	0.01094	0.01161	0.00654	0.00770	0.01140	0.01525	0.02035	0.07469	0.61290	0.05045	0.02298	0.00974	0.00310	0.00468	0.09831	0.00710	0.00632
68	0.01573	0.01348	0.01573	0.01123	0.01798	0.01011	0.00899	0.01910	0.01573	0.02472	0.01348	0.01573	0.01123	0.00562	0.00562	0.00112	0.00562	0.00449	0.00449	0.77980
69	0.01719	0.28584	0.42787	0.01985	0.06186	0.02203	0.02245	0.02352	0.01587	0.02187	0.01256	0.01479	0.00978	0.00693	0.00639	0.00212	0.01000	0.00512	0.00325	0.01073
70	0.01895	0.01345	0.01448	0.01252	0.01679	0.03655	0.00980	0.02848	0.26026	0.15734	0.06406	0.03898	0.19780	0.01213	0.00784	0.00236	0.00566	0.01002	0.00744	0.08508

[dist]
# distance from previous block
# <min> <max>
8	12

[block]
# block no. 7 follows, 26 sequences, length 44
# corresponding to MSA columns:
# 299-342
name=unknown_H
#
# <colnr> <probs for GDERKNQSTAVLIFYWHMCP>
#	G	D	E	R	K	N	Q	S	T	A	V	L	I	F	Y	W	H	M	C	P
0	0.01114	0.01044	0.06839	0.01083	0.01337	0.00809	0.00918	0.01509	0.02058	0.02912	0.57191	0.07662	0.06419	0.01535	0.00890	0.00247	0.00443	0.04464	0.00780	0.00746
1	0.01084	0.00813	0.01219	0.01219	0.01354	0.00948	0.00948	0.01354	0.01219	0.01761	0.02032	0.02980	0.01896	0.05689	0.70337	0.01219	0.02032	0.00813	0.00406	0.00677
2	0.11304	0.01924	0.03781	0.02769	0.03400	0.01944	0.49503	0.02327	0.01647	0.02472	0.01406	0.01895	0.01090	0.00736	0.01048	0.00263	0.10325	0.00805	0.00388	0.00973
3	0.01724	0.01790	0.02620	0.02160	0.02283	0.04907	0.10709	0.01957	0.01289	0.01912	0.01079	0.01703	0.01017	0.01209	0.02194	0.00316	0.59242	0.00690	0.00341	0.00859
4	0.01927	0.58855	0.14477	0.01473	0.02165	0.02767	0.01560	0.02270	0.01532	0.01887	0.01101	0.01301	0.00972	0.00695	0.00626	0.00183	0.04452	0.00444	0.00324	0.00990
5	0.01047	0.00788	0.00849	0.00837	0.01088	0.00669	0.00626	0.01251	0.01759	0.05724	0.11470	0.12505	0.54961	0.01880	0.00895	0.00258	0.00401	0.01587	0.00726	0.00679
6	0.46192	0.01636	0.01594	0.01535	0.07397	0.04328	0.01129	0.08149	0.05076	0.10141	0.01464	0.01594	0.01099	0.00801	0.00693	0.00239	0.04893	0.00535	0.00541	0.00967
7	0.05015	0.01261	0.01356	0.01161	0.01517	0.01334	0.00918	0.21626	0.05532	0.09004	0.02440	0.08395	0.01975	0.01024	0.00667	0.00215	0.00554	0.00824	0.34226	0.00956
8	0.01432	0.01348	0.02275	0.71520	0.05224	0.01685	0.02107	0.01938	0.01517	0.01938	0.01348	0.02022	0.01011	0.00758	0.00758	0.00253	0.01011	0.00674	0.00337	0.00843
9	0.01561	0.01348	0.01633	0.07112	0.02089	0.01068	0.01002	0.01912	0.01568	0.02426	0.01348	0.01611	0.01114	0.00578	0.00578	0.00124	0.00600	0.00469	0.00440	0.71418
10	0.02883	0.02125	0.02276	0.01745	0.02352	0.02352	0.01442	0.66082	0.03566	0.04780	0.01821	0.01821	0.01290	0.00911	0.00759	0.00228	0.00835	0.00683	0.00759	0.01290
11	0.01103	0.00735	0.00827	0.00827	0.00827	0.00735	0.00460	0.01103	0.01103	0.01471	0.02390	0.04964	0.02758	0.73343	0.03861	0.00735	0.00735	0.01103	0.00460	0.00460
12	0.02833	0.03615	0.02149	0.01954	0.02345	0.70298	0.01466	0.03029	0.02149	0.01856	0.01172	0.01368	0.00977	0.00782	0.00684	0.00195	0.01368	0.00489	0.00391	0.00879
13	0.01432	0.01348	0.02275	0.71520	0.05224	0.01685	0.02107	0.01938	0.01517	0.01938	0.01348	0.02022	0.01011	0.00758	0.00758	0.00253	0.01011	0.00674	0.00337	0.00843
14	0.01887	0.01629	0.01715	0.01544	0.01972	0.01887	0.01201	0.04031	0.67241	0.03173	0.03087	0.02830	0.02315	0.01029	0.00772	0.00257	0.00600	0.00858	0.00772	0.01201
15	0.01573	0.01348	0.01573	0.01123	0.01798	0.01011	0.00899	0.01910	0.01573	0.02472	0.01348	0.01573	0.01123	0.00562	0.00562	0.00112	0.00562	0.00449	0.00449	0.77980
16	0.00896	0.00768	0.00768	0.00768	0.01025	0.00640	0.00576	0.01089	0.01729	0.02049	0.07684	0.07300	0.68304	0.01921	0.00896	0.00256	0.00384	0.01601	0.00704	0.00640
17	0.78701	0.01467	0.01115	0.00997	0.01467	0.01702	0.00821	0.02230	0.01291	0.03403	0.01056	0.01232	0.00821	0.00704	0.00469	0.00235	0.00587	0.00411	0.00469	0.00821
18	0.01318	0.00659	0.00988	0.00988	0.00988	0.00659	0.00659	0.00988	0.00988	0.01318	0.01318	0.02306	0.01318	0.02635	0.02964	0.77931	0.00659	0.00659	0.00329	0.00329
19	0.06718	0.00825	0.01004	0.00944	0.01150	0.00782	0.00713	0.01465	0.02055	0.02997	0.58981	0.05460	0.11076	0.01516	0.00864	0.00240	0.00376	0.01318	0.00799	0.00718
20	0.66651	0.01444	0.01156	0.01039	0.01489	0.01669	0.00846	0.02394	0.08201	0.03349	0.01342	0.01482	0.01036	0.00747	0.00504	0.00234	0.00576	0.00473	0.04510	0.00855
21	0.02801	0.02138	0.02184	0.01702	0.02273	0.06367	0.01394	0.58810	0.03374	0.04499	0.01817	0.01848	0.01306	0.00901	0.00742	0.00223	0.00841	0.00672	0.04873	0.01234
22	0.40451	0.01844	0.01633	0.01356	0.01869	0.07562	0.01104	0.22506	0.04433	0.08490	0.01518	0.01582	0.01110	0.00804	0.00610	0.00230	0.00734	0.00544	0.00598	0.01021
23	0.01551	0.08056	0.65543	0.02111	0.03204	0.01835	0.02713	0.02394	0.01598	0.02366	0.01343	0.01579	0.00962	0.00716	0.00707	0.00236	0.01103	0.00551	0.00321	0.01112
24	0.01755	0.01436	0.01732	0.01277	0.01925	0.01198	0.03260	0.05443	0.07894	0.05518	0.01613	0.01764	0.01278	0.00642	0.00612	0.00142	0.00608	0.00529	0.00514	0.60859
25	0.21425	0.01806	0.01816	0.01458	0.01981	0.02018	0.01194	0.40385	0.07398	0.04159	0.01778	0.01833	0.01303	0.00866	0.00669	0.00227	0.00716	0.00630	0.07221	0.01118
26	0.02722	0.02307	0.02356	0.01861	0.02389	0.12638	0.04233	0.48185	0.03066	0.03978	0.01638	0.01748	0.01211	0.00916	0.00904	0.00233	0.07129	0.00661	0.00650	0.01176
27	0.00916	0.00769	0.00796	0.00789	0.01037	0.00649	0.00592	0.01127	0.01775	0.02159	0.14412	0.07118	0.61507	0.01880	0.00896	0.00254	0.00381	0.01575	0.00719	0.00649
28	0.01718	0.01742	0.02378	0.02019	0.02087	0.04646	0.04388	0.02008	0.04660	0.01923	0.01134	0.01727	0.01070	0.01264	0.02269	0.00320	0.62753	0.00678	0.00359	0.00859
29	0.01142	0.00821	0.01123	0.01264	0.01419	0.00802	0.01050	0.01449	0.01743	0.02298	0.11878	0.19308	0.06918	0.02073	0.01011	0.00326	0.00602	0.43372	0.00716	0.00684
30	0.01565	0.07576	0.62047	0.02177	0.03251	0.01838	0.06451	0.02397	0.01609	0.02370	0.01355	0.01607	0.00973	0.00712	0.00718	0.00237	0.01114	0.00572	0.00324	0.01107
31	0.01433	0.01221	0.01238	0.01245	0.01472	0.07797	0.00929	0.02053	0.15869	0.04503	0.08141	0.29790	0.12414	0.01744	0.00884	0.00276	0.00583	0.06901	0.00703	0.00807
32	0.02035	0.65057	0.08523	0.01395	0.02063	0.06538	0.01414	0.02321	0.01578	0.01832	0.01083	0.01252	0.00973	0.00661	0.00514	0.00170	0.00863	0.00421	0.00328	0.00979
33	0.09138	0.01422	0.01663	0.01383	0.01884	0.01454	0.01110	0.03629	0.27596	0.35538	0.04993	0.02665	0.02132	0.00974	0.00746	0.00244	0.00613	0.00790	0.00830	0.01197
34	0.01053	0.00791	0.00986	0.00984	0.01182	0.00724	0.00769	0.01366	0.01966	0.02644	0.40913	0.06607	0.22777	0.01745	0.00922	0.00263	0.00425	0.12415	0.00776	0.00693
35	0.01537	0.01307	0.01533	0.01111	0.01750	0.00990	0.00886	0.01876	0.01614	0.02512	0.06139	0.01866	0.01556	0.00633	0.00586	0.00121	0.00547	0.00515	0.00477	0.72444
36	0.01101	0.00742	0.00861	0.00861	0.00872	0.00753	0.00501	0.01124	0.01113	0.01495	0.02359	0.04795	0.02684	0.67588	0.09516	0.00777	0.00846	0.01078	0.00455	0.00478
37	0.02028	0.73799	0.03975	0.01298	0.01947	0.03001	0.01298	0.02271	0.01541	0.01785	0.01055	0.01217	0.00973	0.00649	0.00487	0.00162	0.00811	0.00406	0.00324	0.00973
38	0.73306	0.01454	0.01161	0.01023	0.01501	0.01660	0.00842	0.02335	0.01354	0.08113	0.01195	0.01329	0.00897	0.00721	0.00490	0.00235	0.00591	0.00436	0.00503	0.00855
39	0.01521	0.03923	0.69413	0.02162	0.03283	0.01762	0.02802	0.02402	0.01601	0.02402	0.01361	0.01601	0.00961	0.00721	0.00721	0.00240	0.01121	0.00560	0.00320	0.01121
40	0.01887	0.01629	0.01715	0.01544	0.01972	0.01887	0.01201	0.04031	0.67241	0.03173	0.03087	0.02830	0.02315	0.01029	0.00772	0.00257	0.00600	0.00858	0.00772	0.01201
