[name]
unknown

[dist]
# distance from previous block
# <min> <max>
0	0

[block]
# block no. 0 follows, 25 sequences, length 35
# corresponding to MSA columns:
# 0-34
name=unknown_A
#
# <colnr> <probs for GDERKNQSTAVLIFYWHMCP>
#	G	D	E	R	K	N	Q	S	T	A	V	L	I	F	Y	W	H	M	C	P
0	0.01249	0.00892	0.01249	0.01428	0.01606	0.00892	0.01249	0.01606	0.01785	0.02320	0.04105	0.08746	0.04462	0.02142	0.01071	0.00357	0.00714	0.62695	0.00714	0.00714
1	0.01579	0.01348	0.01577	0.01145	0.01807	0.01016	0.00910	0.01915	0.01602	0.02503	0.01504	0.04668	0.01321	0.00655	0.00592	0.00124	0.00569	0.00535	0.00471	0.74161
2	0.00953	0.00682	0.00917	0.01088	0.01137	0.00647	0.00732	0.01095	0.01473	0.01970	0.04165	0.68828	0.04971	0.02596	0.04381	0.00361	0.00530	0.02136	0.00705	0.00633
3	0.01574	0.01520	0.02122	0.01861	0.01873	0.02078	0.01523	0.01741	0.01216	0.01860	0.01425	0.08293	0.01507	0.04211	0.06362	0.00404	0.58400	0.00842	0.00383	0.00806
4	0.01919	0.01842	0.03147	0.04759	0.67914	0.01842	0.02380	0.02380	0.01765	0.02533	0.01458	0.01919	0.01228	0.00691	0.00768	0.00230	0.00921	0.00691	0.00384	0.01228
5	0.01146	0.00893	0.01401	0.01333	0.01498	0.01011	0.04297	0.01430	0.01271	0.01821	0.02068	0.03094	0.01941	0.08767	0.62921	0.01171	0.01973	0.00849	0.00417	0.00700
6	0.02010	0.01562	0.01786	0.01309	0.01977	0.01361	0.01059	0.16936	0.02115	0.06144	0.01570	0.01715	0.01224	0.00676	0.00631	0.00148	0.00644	0.00530	0.00557	0.56045
7	0.01686	0.01424	0.01650	0.01185	0.01871	0.01113	0.00951	0.05643	0.01726	0.02664	0.01406	0.01623	0.01158	0.00595	0.00586	0.00122	0.00590	0.00473	0.00478	0.73055
8	0.01774	0.01694	0.02886	0.25815	0.47990	0.01804	0.02308	0.02253	0.01697	0.02357	0.01433	0.01966	0.01166	0.00718	0.00770	0.00239	0.00957	0.00690	0.00371	0.01111
9	0.00956	0.00747	0.00856	0.00927	0.01089	0.00662	0.00659	0.01132	0.01646	0.02068	0.08411	0.31297	0.36601	0.05827	0.01107	0.00310	0.00443	0.03910	0.00712	0.00641
10	0.01347	0.00673	0.01010	0.01010	0.01010	0.00673	0.00673	0.01010	0.01010	0.01347	0.01347	0.02357	0.01347	0.02694	0.03030	0.77441	0.00673	0.00673	0.00337	0.00337
11	0.01850	0.29325	0.39816	0.01870	0.02780	0.07606	0.02194	0.02457	0.01659	0.02180	0.01261	0.01474	0.00988	0.00715	0.00646	0.00213	0.01050	0.00509	0.00335	0.01071
12	0.03171	0.01314	0.01741	0.01369	0.01925	0.01182	0.01119	0.03646	0.08019	0.57952	0.07620	0.02885	0.02341	0.01012	0.00790	0.00242	0.00635	0.00832	0.00937	0.01270
13	0.00980	0.00700	0.00940	0.01120	0.01180	0.00660	0.00781	0.01141	0.01519	0.02019	0.04254	0.64888	0.05051	0.02396	0.00999	0.00320	0.00480	0.09212	0.00719	0.00640
14	0.01901	0.01823	0.03114	0.07448	0.65370	0.01837	0.02370	0.02363	0.01757	0.02511	0.01455	0.01925	0.01220	0.00694	0.00768	0.00231	0.00926	0.00691	0.00382	0.01213
15	0.01002	0.00716	0.00966	0.01145	0.01216	0.00679	0.00820	0.01179	0.01541	0.02044	0.04242	0.60264	0.05003	0.02375	0.01005	0.00323	0.00500	0.13617	0.00719	0.00646
16	0.01906	0.01878	0.03351	0.04547	0.58810	0.01859	0.11321	0.02394	0.01775	0.02526	0.01474	0.01944	0.01221	0.00686	0.00789	0.00235	0.00976	0.00723	0.00385	0.01202
17	0.01908	0.02111	0.06856	0.03549	0.21659	0.01947	0.41253	0.06113	0.01909	0.02636	0.01547	0.02010	0.01191	0.00684	0.00858	0.00250	0.01166	0.00825	0.00409	0.01117
18	0.78228	0.01499	0.01140	0.01020	0.01499	0.01739	0.00840	0.02279	0.01320	0.03479	0.01080	0.01260	0.00840	0.00720	0.00480	0.00240	0.00600	0.00420	0.00480	0.00840
19	0.00916	0.00785	0.00785	0.00785	0.01047	0.00655	0.00589	0.01113	0.01767	0.02095	0.07855	0.07462	0.67599	0.01964	0.00916	0.00262	0.00393	0.01636	0.00720	0.00655
20	0.01108	0.00831	0.01246	0.01246	0.01385	0.00969	0.00969	0.01385	0.01246	0.01800	0.02077	0.03046	0.01938	0.05815	0.69678	0.01246	0.02077	0.00831	0.00415	0.00692
21	0.03285	0.01452	0.01860	0.01445	0.02034	0.01360	0.01188	0.11305	0.07764	0.55261	0.02921	0.02566	0.01884	0.00964	0.00780	0.00241	0.00679	0.00778	0.00923	0.01312
22	0.01464	0.01378	0.02326	0.70887	0.05340	0.01723	0.02153	0.01981	0.01550	0.01981	0.01378	0.02067	0.01034	0.00775	0.00775	0.00258	0.01034	0.00689	0.00345	0.00861
23	0.00945	0.00675	0.00900	0.01080	0.01125	0.00630	0.00720	0.01080	0.01484	0.01979	0.04274	0.72245	0.05128	0.02429	0.00990	0.00315	0.00450	0.02204	0.00720	0.00630
24	0.01608	0.01378	0.01608	0.01148	0.01837	0.01034	0.00919	0.01952	0.01608	0.02527	0.01378	0.01608	0.01148	0.00574	0.00574	0.00115	0.00574	0.00459	0.00459	0.77491
25	0.01829	0.02101	0.08968	0.07091	0.32030	0.01885	0.29625	0.02412	0.01773	0.02479	0.01497	0.01978	0.01177	0.00682	0.00829	0.00246	0.01112	0.00779	0.00381	0.01125
26	0.01696	0.01696	0.02375	0.02036	0.02036	0.02375	0.01696	0.01866	0.01187	0.01866	0.01018	0.01696	0.01018	0.01357	0.02545	0.00339	0.71332	0.00679	0.00339	0.00848
27	0.01108	0.00831	0.01246	0.01246	0.01385	0.00969	0.00969	0.01385	0.01246	0.01800	0.02077	0.03046	0.01938	0.05815	0.69678	0.01246	0.02077	0.00831	0.00415	0.00692
28	0.00943	0.00680	0.00894	0.01065	0.01121	0.00631	0.00713	0.01081	0.01499	0.01985	0.04457	0.68930	0.08324	0.02405	0.00986	0.00312	0.00447	0.02175	0.00720	0.00631
29	0.01785	0.01718	0.02935	0.23186	0.42623	0.01821	0.06342	0.02365	0.05093	0.02411	0.01532	0.02023	0.01229	0.00731	0.00780	0.00242	0.00962	0.00715	0.00394	0.01113
30	0.02931	0.02105	0.02275	0.01754	0.02365	0.02318	0.01446	0.59465	0.06311	0.08117	0.01980	0.01947	0.01395	0.00938	0.00776	0.00234	0.00833	0.00710	0.00786	0.01315
31	0.00989	0.00754	0.01085	0.01178	0.01273	0.00700	0.04057	0.01154	0.01517	0.02011	0.04316	0.65287	0.08119	0.02313	0.00982	0.00309	0.00491	0.02108	0.00703	0.00653
32	0.01664	0.05923	0.45311	0.02525	0.03534	0.01900	0.23224	0.02460	0.01698	0.02442	0.01438	0.01772	0.01046	0.00707	0.00786	0.00248	0.01187	0.00679	0.00349	0.01108
33	0.01749	0.18486	0.11854	0.02284	0.12533	0.01913	0.12951	0.02294	0.04848	0.02317	0.01647	0.05907	0.01438	0.01032	0.04029	0.00261	0.00960	0.00721	0.00418	0.12358
34	0.01923	0.01773	0.02601	0.03513	0.42108	0.01876	0.01928	0.03061	0.27121	0.02811	0.02123	0.02300	0.01674	0.00832	0.00776	0.00243	0.00801	0.00764	0.00542	0.01228

[dist]
# distance from previous block
# <min> <max>
0	1

[block]
# block no. 1 follows, 25 sequences, length 111
# corresponding to MSA columns:
# 36-146
name=unknown_B
#
# <colnr> <probs for GDERKNQSTAVLIFYWHMCP>
#	G	D	E	R	K	N	Q	S	T	A	V	L	I	F	Y	W	H	M	C	P
0	0.01688	0.05836	0.32186	0.01670	0.02548	0.01527	0.01845	0.02382	0.05280	0.04788	0.01529	0.01712	0.01161	0.00692	0.00664	0.00189	0.00850	0.00543	0.00430	0.32480
1	0.01767	0.01407	0.01648	0.01187	0.01868	0.01095	0.00954	0.04615	0.01724	0.06318	0.01492	0.01676	0.01199	0.00610	0.00594	0.00127	0.00590	0.00487	0.00500	0.70144
2	0.01983	0.01631	0.01746	0.01541	0.02003	0.01834	0.01204	0.03967	0.59337	0.06334	0.03039	0.02800	0.02269	0.01017	0.00775	0.00253	0.00613	0.00846	0.00776	0.06032
3	0.01857	0.01383	0.01638	0.01196	0.01863	0.01086	0.00960	0.02276	0.04512	0.10838	0.01667	0.01793	0.01298	0.00643	0.00609	0.00137	0.00587	0.00518	0.00537	0.64601
4	0.01097	0.00793	0.01036	0.00975	0.01158	0.00732	0.00732	0.01463	0.02195	0.03109	0.67505	0.05792	0.07316	0.01585	0.00914	0.00244	0.00366	0.01402	0.00854	0.00732
5	0.01696	0.01696	0.02375	0.02036	0.02036	0.02375	0.01696	0.01866	0.01187	0.01866	0.01018	0.01696	0.01018	0.01357	0.02545	0.00339	0.71332	0.00679	0.00339	0.00848
6	0.01339	0.00676	0.01004	0.01004	0.01004	0.00676	0.00666	0.01014	0.01014	0.01352	0.01386	0.02455	0.01400	0.05223	0.03063	0.74673	0.00676	0.00690	0.00342	0.00342
7	0.01718	0.01654	0.02861	0.33267	0.37799	0.01796	0.05298	0.02212	0.01676	0.02292	0.01429	0.01991	0.01142	0.00726	0.00778	0.00244	0.00988	0.00701	0.00367	0.01061
8	0.01707	0.01375	0.01618	0.01161	0.01845	0.01039	0.00930	0.02049	0.01640	0.06005	0.01467	0.01662	0.01189	0.00595	0.00585	0.00121	0.00579	0.00476	0.00486	0.73472
9	0.00987	0.00732	0.00982	0.01133	0.01176	0.00728	0.00774	0.01124	0.01468	0.01973	0.04091	0.68290	0.04898	0.02369	0.01077	0.00316	0.04424	0.02119	0.00698	0.00642
10	0.73929	0.01640	0.04929	0.01086	0.01604	0.01743	0.00953	0.02289	0.01337	0.03421	0.01097	0.01281	0.00848	0.00721	0.00494	0.00240	0.00630	0.00428	0.00471	0.00857
11	0.01089	0.00792	0.01025	0.00967	0.01153	0.00728	0.00725	0.01447	0.02175	0.03063	0.64807	0.05867	0.10043	0.01602	0.00915	0.00245	0.00367	0.01413	0.00847	0.00728
12	0.01839	0.02218	0.12343	0.03893	0.36740	0.01879	0.24660	0.02427	0.01771	0.02505	0.01489	0.01943	0.01177	0.00684	0.00816	0.00243	0.01088	0.00755	0.00379	0.01153
13	0.01172	0.00916	0.01332	0.01296	0.01408	0.01100	0.01004	0.01414	0.01230	0.01782	0.01995	0.03076	0.01916	0.11065	0.56897	0.01107	0.09348	0.00840	0.00412	0.00690
14	0.01506	0.01421	0.02401	0.64793	0.11107	0.01734	0.02174	0.02018	0.01570	0.02032	0.01386	0.02054	0.01052	0.00767	0.00774	0.00256	0.01023	0.00689	0.00348	0.00895
15	0.02161	0.01064	0.01366	0.01190	0.01555	0.00961	0.00924	0.05692	0.02054	0.31004	0.12843	0.20160	0.12678	0.01534	0.00867	0.00261	0.00542	0.01319	0.00845	0.00981
16	0.02874	0.05911	0.02279	0.01946	0.02384	0.58469	0.01489	0.11266	0.02366	0.02289	0.01282	0.01454	0.01041	0.00812	0.00702	0.00203	0.01307	0.00523	0.00447	0.00957
17	0.01621	0.01398	0.01673	0.01300	0.04615	0.01068	0.00980	0.01970	0.01614	0.02527	0.01381	0.01621	0.01152	0.00579	0.00582	0.00120	0.00589	0.00469	0.00456	0.74285
18	0.01948	0.08001	0.03150	0.07539	0.56744	0.04547	0.02245	0.02383	0.01755	0.02421	0.01412	0.01848	0.01190	0.00697	0.00742	0.00225	0.00937	0.00660	0.00378	0.01178
19	0.01966	0.01684	0.01775	0.01586	0.02031	0.01946	0.01236	0.06392	0.64180	0.03304	0.03108	0.02855	0.02328	0.01047	0.00788	0.00262	0.00623	0.00870	0.00788	0.01231
20	0.74883	0.01494	0.01191	0.04064	0.01667	0.01739	0.00897	0.02266	0.01330	0.03414	0.01093	0.01295	0.00848	0.00722	0.00493	0.00241	0.00619	0.00432	0.00474	0.00841
21	0.01476	0.01610	0.06835	0.02202	0.04751	0.01504	0.24713	0.01909	0.01689	0.02365	0.12335	0.16033	0.02900	0.01513	0.04761	0.00329	0.10502	0.01172	0.00517	0.00884
22	0.01732	0.01651	0.02808	0.32026	0.42113	0.01793	0.02286	0.02215	0.01677	0.02305	0.01425	0.01980	0.01148	0.00726	0.00771	0.00242	0.00968	0.00690	0.00368	0.01077
23	0.01555	0.04011	0.68733	0.02210	0.03356	0.01801	0.02865	0.02455	0.01637	0.02455	0.01391	0.01637	0.00982	0.00737	0.00737	0.00246	0.01146	0.00573	0.00327	0.01146
24	0.01464	0.01378	0.02326	0.70887	0.05340	0.01723	0.02153	0.01981	0.01550	0.01981	0.01378	0.02067	0.01034	0.00775	0.00775	0.00258	0.01034	0.00689	0.00345	0.00861
25	0.01097	0.00793	0.01036	0.00975	0.01158	0.00732	0.00732	0.01463	0.02195	0.03109	0.67505	0.05792	0.07316	0.01585	0.00914	0.00244	0.00366	0.01402	0.00854	0.00732
26	0.01830	0.02092	0.04575	0.03268	0.04052	0.01961	0.65098	0.02484	0.01830	0.02484	0.01569	0.02092	0.01176	0.00654	0.00915	0.00261	0.01307	0.00915	0.00392	0.01046
27	0.02073	0.73217	0.04063	0.01327	0.01990	0.03068	0.01327	0.02322	0.01575	0.01824	0.01078	0.01244	0.00995	0.00663	0.00498	0.00166	0.00829	0.00415	0.00332	0.00995
28	0.01203	0.00821	0.01041	0.00969	0.01187	0.00743	0.00733	0.01539	0.02130	0.06616	0.54703	0.05872	0.16300	0.01608	0.00907	0.00246	0.00386	0.01403	0.00839	0.00753
29	0.01608	0.01378	0.01608	0.01148	0.01837	0.01034	0.00919	0.01952	0.01608	0.02527	0.01378	0.01608	0.01148	0.00574	0.00574	0.00115	0.00574	0.00459	0.00459	0.77491
30	0.00951	0.00787	0.00833	0.00822	0.01068	0.00669	0.00616	0.01180	0.01849	0.02288	0.19226	0.07144	0.56107	0.01892	0.00916	0.00258	0.00388	0.01592	0.00745	0.00669
31	0.01605	0.01500	0.04719	0.01198	0.01908	0.01069	0.01009	0.01976	0.01609	0.02523	0.01379	0.01609	0.01141	0.00582	0.00582	0.00121	0.00601	0.00465	0.00453	0.73952
32	0.00954	0.00782	0.00844	0.00855	0.01087	0.00671	0.00641	0.01174	0.01804	0.02229	0.15440	0.12210	0.52633	0.01954	0.00927	0.00267	0.00404	0.03722	0.00738	0.00665
33	0.01134	0.00855	0.01237	0.01223	0.01337	0.00996	0.00930	0.01369	0.01228	0.01762	0.02084	0.03269	0.02022	0.14768	0.58027	0.01142	0.04665	0.00865	0.00420	0.00668
34	0.01136	0.00872	0.01300	0.01284	0.01416	0.01037	0.01004	0.01408	0.01243	0.01803	0.02026	0.02981	0.01894	0.05601	0.66450	0.01203	0.05407	0.00823	0.00412	0.00700
35	0.01608	0.01378	0.01608	0.01148	0.01837	0.01034	0.00919	0.01952	0.01608	0.02527	0.01378	0.01608	0.01148	0.00574	0.00574	0.00115	0.00574	0.00459	0.00459	0.77491
36	0.01600	0.01378	0.01646	0.04828	0.02022	0.01070	0.00984	0.01954	0.01605	0.02498	0.01378	0.01632	0.01142	0.00585	0.00585	0.00122	0.00598	0.00471	0.00453	0.73448
37	0.01598	0.03526	0.54156	0.02274	0.03278	0.01831	0.09614	0.02396	0.01624	0.02418	0.01383	0.01691	0.01013	0.00767	0.00883	0.00249	0.06297	0.00614	0.00341	0.04047
38	0.02947	0.02172	0.02327	0.01784	0.02404	0.02404	0.01474	0.65329	0.03646	0.04887	0.01862	0.01862	0.01319	0.00931	0.00776	0.00233	0.00853	0.00698	0.00776	0.01319
39	0.01825	0.02077	0.04493	0.03222	0.03977	0.01976	0.62724	0.02461	0.01806	0.02461	0.01548	0.02077	0.01171	0.00680	0.00976	0.00264	0.03930	0.00906	0.00390	0.01038
40	0.02165	0.50224	0.03598	0.07472	0.02461	0.12351	0.04793	0.05262	0.01769	0.02021	0.01182	0.01409	0.01023	0.00704	0.00585	0.00187	0.00954	0.00489	0.00366	0.00987
41	0.78228	0.01499	0.01140	0.01020	0.01499	0.01739	0.00840	0.02279	0.01320	0.03479	0.01080	0.01260	0.00840	0.00720	0.00480	0.00240	0.00600	0.00420	0.00480	0.00840
42	0.00945	0.00675	0.00900	0.01080	0.01125	0.00630	0.00720	0.01080	0.01484	0.01979	0.04274	0.72245	0.05128	0.02429	0.00990	0.00315	0.00450	0.02204	0.00720	0.00630
43	0.01347	0.00673	0.01010	0.01010	0.01010	0.00673	0.00673	0.01010	0.01010	0.01347	0.01347	0.02357	0.01347	0.02694	0.03030	0.77441	0.00673	0.00673	0.00337	0.00337
44	0.69546	0.01532	0.01249	0.01087	0.01582	0.01750	0.00895	0.06327	0.01513	0.06995	0.01233	0.01370	0.00927	0.00746	0.00514	0.00239	0.00619	0.00456	0.00524	0.00895
45	0.78228	0.01499	0.01140	0.01020	0.01499	0.01739	0.00840	0.02279	0.01320	0.03479	0.01080	0.01260	0.00840	0.00720	0.00480	0.00240	0.00600	0.00420	0.00480	0.00840
46	0.01555	0.04011	0.68733	0.02210	0.03356	0.01801	0.02865	0.02455	0.01637	0.02455	0.01391	0.01637	0.00982	0.00737	0.00737	0.00246	0.01146	0.00573	0.00327	0.01146
47	0.78228	0.01499	0.01140	0.01020	0.01499	0.01739	0.00840	0.02279	0.01320	0.03479	0.01080	0.01260	0.00840	0.00720	0.00480	0.00240	0.00600	0.00420	0.00480	0.00840
48	0.01301	0.00676	0.00994	0.01011	0.01015	0.00672	0.00671	0.01021	0.01059	0.01412	0.01660	0.09053	0.01754	0.05041	0.02869	0.67556	0.00655	0.00833	0.00377	0.00369
49	0.00950	0.00787	0.00832	0.00820	0.01068	0.00669	0.00615	0.01177	0.01846	0.02281	0.18827	0.07155	0.56510	0.01894	0.00916	0.00259	0.00388	0.01593	0.00745	0.00669
50	0.02436	0.01900	0.02227	0.01907	0.05953	0.02083	0.04751	0.39089	0.17046	0.04024	0.02280	0.06564	0.01796	0.01023	0.00792	0.00244	0.00788	0.00844	0.03035	0.01218
51	0.78228	0.01499	0.01140	0.01020	0.01499	0.01739	0.00840	0.02279	0.01320	0.03479	0.01080	0.01260	0.00840	0.00720	0.00480	0.00240	0.00600	0.00420	0.00480	0.00840
52	0.01151	0.00862	0.01198	0.01177	0.01265	0.00993	0.00866	0.01338	0.01207	0.01716	0.02119	0.03564	0.02142	0.25436	0.45909	0.01042	0.06042	0.00909	0.00427	0.00636
53	0.01559	0.01474	0.02496	0.57180	0.18311	0.01747	0.02200	0.02064	0.01595	0.02095	0.01395	0.02036	0.01074	0.00758	0.00774	0.00253	0.01010	0.00689	0.00353	0.00937
54	0.01108	0.00831	0.01246	0.01246	0.01385	0.00969	0.00969	0.01385	0.01246	0.01800	0.02077	0.03046	0.01938	0.05815	0.69678	0.01246	0.02077	0.00831	0.00415	0.00692
55	0.03389	0.01378	0.01825	0.01409	0.02003	0.01238	0.01161	0.07039	0.04848	0.62507	0.03000	0.02608	0.01905	0.00962	0.00780	0.00240	0.00668	0.00779	0.00943	0.01316
56	0.02652	0.03206	0.02329	0.06653	0.10321	0.52548	0.01649	0.05230	0.02126	0.02089	0.01259	0.01529	0.01041	0.00809	0.00777	0.00213	0.03667	0.00547	0.00406	0.00949
57	0.05683	0.12724	0.02401	0.01872	0.02309	0.58303	0.01450	0.02963	0.02082	0.01949	0.01178	0.01373	0.00992	0.00778	0.00664	0.00197	0.01293	0.00485	0.00394	0.00909
58	0.02073	0.73217	0.04063	0.01327	0.01990	0.03068	0.01327	0.02322	0.01575	0.01824	0.01078	0.01244	0.00995	0.00663	0.00498	0.00166	0.00829	0.00415	0.00332	0.00995
59	0.01919	0.01842	0.03147	0.04759	0.67914	0.01842	0.02380	0.02380	0.01765	0.02533	0.01458	0.01919	0.01228	0.00691	0.00768	0.00230	0.00921	0.00691	0.00384	0.01228
60	0.01114	0.00796	0.01094	0.01273	0.01392	0.00776	0.01014	0.01372	0.01651	0.02169	0.04180	0.36970	0.04758	0.02270	0.01035	0.00338	0.00597	0.35808	0.00717	0.00677
61	0.02876	0.02087	0.02306	0.06117	0.02572	0.02310	0.01503	0.58855	0.03456	0.07271	0.01879	0.01906	0.01325	0.00922	0.00776	0.00235	0.00857	0.00701	0.00756	0.01290
62	0.02516	0.02525	0.01949	0.01718	0.02173	0.32327	0.01320	0.03484	0.26326	0.09783	0.02150	0.02110	0.01624	0.00898	0.00734	0.00223	0.00970	0.00670	0.00611	0.05889
63	0.01501	0.01415	0.02391	0.65589	0.10353	0.01732	0.02171	0.02013	0.01568	0.02025	0.01385	0.02055	0.01049	0.00768	0.00775	0.00256	0.01025	0.00689	0.00348	0.00891
64	0.01130	0.00810	0.01036	0.01119	0.01232	0.00785	0.00795	0.05232	0.01749	0.02361	0.15125	0.47929	0.05102	0.05875	0.01125	0.00323	0.00496	0.06355	0.00733	0.00689
65	0.01744	0.01645	0.02692	0.18403	0.43878	0.01672	0.02085	0.02192	0.01700	0.02396	0.01687	0.02135	0.03830	0.00746	0.00752	0.00224	0.00883	0.00701	0.00398	0.10237
66	0.01919	0.01842	0.03147	0.04759	0.67914	0.01842	0.02380	0.02380	0.01765	0.02533	0.01458	0.01919	0.01228	0.00691	0.00768	0.00230	0.00921	0.00691	0.00384	0.01228
67	0.01541	0.01238	0.01319	0.01219	0.01551	0.01340	0.00937	0.02826	0.35608	0.02949	0.13516	0.04229	0.16010	0.01292	0.00800	0.00249	0.00500	0.01085	0.10818	0.00974
68	0.01347	0.00673	0.01010	0.01010	0.01010	0.00673	0.00673	0.01010	0.01010	0.01347	0.01347	0.02357	0.01347	0.02694	0.03030	0.77441	0.00673	0.00673	0.00337	0.00337
69	0.01898	0.01821	0.03109	0.07824	0.65014	0.01837	0.02369	0.02361	0.01756	0.02508	0.01455	0.01926	0.01219	0.00695	0.00768	0.00232	0.00926	0.00691	0.00382	0.01211
70	0.01589	0.01353	0.01578	0.01156	0.01802	0.01052	0.00920	0.02013	0.04373	0.02593	0.05615	0.01925	0.01588	0.00658	0.00605	0.00129	0.00563	0.00536	0.00498	0.69454
71	0.01815	0.02199	0.08172	0.03209	0.04013	0.01952	0.61609	0.02482	0.01819	0.02482	0.01559	0.02066	0.01166	0.00658	0.00905	0.00261	0.01298	0.00896	0.00389	0.01051
72	0.01008	0.00751	0.01007	0.01129	0.01185	0.00750	0.00782	0.01169	0.01539	0.02088	0.10561	0.60981	0.05094	0.02275	0.01080	0.00309	0.04903	0.02026	0.00710	0.00654
73	0.01088	0.00735	0.00857	0.00896	0.00906	0.00725	0.00524	0.01117	0.01205	0.01607	0.02841	0.19660	0.03320	0.57481	0.03304	0.00657	0.00686	0.01361	0.00524	0.00505
74	0.01967	0.07890	0.02976	0.06272	0.49429	0.07518	0.02099	0.02462	0.04615	0.02455	0.03950	0.02012	0.01461	0.00750	0.00746	0.00225	0.00923	0.00687	0.00415	0.01150
75	0.01501	0.01415	0.02391	0.65589	0.10353	0.01732	0.02171	0.02013	0.01568	0.02025	0.01385	0.02055	0.01049	0.00768	0.00775	0.00256	0.01025	0.00689	0.00348	0.00891
76	0.01597	0.06486	0.56726	0.02045	0.03040	0.04897	0.02531	0.02375	0.01673	0.02405	0.05115	0.01971	0.01407	0.03457	0.00854	0.00259	0.01086	0.00630	0.00366	0.01080
77	0.00980	0.00689	0.00889	0.01035	0.01071	0.00653	0.00672	0.01089	0.01416	0.01889	0.03925	0.59440	0.04688	0.15834	0.01553	0.00398	0.00507	0.01999	0.00672	0.00599
78	0.01108	0.00831	0.01246	0.01246	0.01385	0.00969	0.00969	0.01385	0.01246	0.01800	0.02077	0.03046	0.01938	0.05815	0.69678	0.01246	0.02077	0.00831	0.00415	0.00692
79	0.02947	0.02172	0.02327	0.01784	0.02404	0.02404	0.01474	0.65329	0.03646	0.04887	0.01862	0.01862	0.01319	0.00931	0.00776	0.00233	0.00853	0.00698	0.00776	0.01319
80	0.01555	0.04011	0.68733	0.02210	0.03356	0.01801	0.02865	0.02455	0.01637	0.02455	0.01391	0.01637	0.00982	0.00737	0.00737	0.00246	0.01146	0.00573	0.00327	0.01146
81	0.00916	0.00785	0.00785	0.00785	0.01047	0.00655	0.00589	0.01113	0.01767	0.02095	0.07855	0.07462	0.67599	0.01964	0.00916	0.00262	0.00393	0.01636	0.00720	0.00655
82	0.00943	0.00682	0.00892	0.01061	0.01120	0.00631	0.00712	0.01082	0.01502	0.01987	0.04499	0.68167	0.09060	0.02400	0.00985	0.00312	0.00446	0.02168	0.00720	0.00631
83	0.02106	0.70413	0.03988	0.01354	0.02006	0.05753	0.01334	0.02353	0.01601	0.01827	0.01083	0.01250	0.00995	0.00669	0.00506	0.00167	0.00852	0.00418	0.00334	0.00991
84	0.01729	0.01792	0.02906	0.02333	0.02522	0.02275	0.17000	0.02015	0.01343	0.02015	0.01151	0.01792	0.01056	0.01187	0.02151	0.00320	0.54430	0.00736	0.00352	0.00896
85	0.01923	0.01881	0.03046	0.09752	0.60466	0.04543	0.02327	0.02377	0.01766	0.02465	0.01442	0.01910	0.01204	0.00702	0.00765	0.00231	0.00949	0.00683	0.00381	0.01187
86	0.01128	0.00752	0.00846	0.00846	0.00846	0.00752	0.00470	0.01128	0.01128	0.01503	0.02443	0.05074	0.02819	0.72751	0.03946	0.00752	0.00752	0.01128	0.00470	0.00470
87	0.02048	0.01883	0.01872	0.04951	0.05339	0.10211	0.01330	0.08105	0.43198	0.03052	0.02795	0.02706	0.04252	0.01008	0.00770	0.00248	0.00745	0.00820	0.03528	0.01138
88	0.00938	0.00786	0.00815	0.00808	0.01060	0.00664	0.00606	0.01154	0.01818	0.02214	0.14896	0.07265	0.60483	0.01919	0.00916	0.00260	0.00390	0.01609	0.00736	0.00664
89	0.01949	0.06228	0.01967	0.01692	0.04997	0.04299	0.01274	0.03746	0.52853	0.03026	0.02759	0.02606	0.02099	0.00970	0.00752	0.00243	0.00666	0.00798	0.00706	0.06370
90	0.01208	0.00817	0.01072	0.00994	0.01196	0.00751	0.00751	0.01571	0.02196	0.06138	0.64518	0.05646	0.07066	0.01556	0.00908	0.00244	0.00379	0.01373	0.00858	0.00759
91	0.01971	0.01687	0.01777	0.01587	0.02033	0.01949	0.01238	0.06693	0.63871	0.03313	0.03101	0.02849	0.02323	0.01047	0.00788	0.00262	0.00624	0.00869	0.00788	0.01231
92	0.02665	0.01268	0.01658	0.01348	0.01871	0.01112	0.01109	0.05677	0.02071	0.40933	0.02939	0.07224	0.02313	0.01148	0.00799	0.00239	0.00650	0.09866	0.00816	0.14295
93	0.01531	0.01428	0.02329	0.63669	0.05007	0.01792	0.02098	0.04124	0.01596	0.02072	0.01369	0.02034	0.01042	0.00822	0.00900	0.00263	0.06002	0.00689	0.00359	0.00876
94	0.02123	0.01622	0.01759	0.01553	0.02012	0.01830	0.01216	0.04077	0.58456	0.11415	0.03144	0.02861	0.02311	0.01040	0.00788	0.00260	0.00619	0.00864	0.00810	0.01239
95	0.00945	0.00675	0.00900	0.01080	0.01125	0.00630	0.00720	0.01080	0.01484	0.01979	0.04274	0.72245	0.05128	0.02429	0.00990	0.00315	0.00450	0.02204	0.00720	0.00630
96	0.02193	0.63062	0.03790	0.01425	0.02049	0.12792	0.01352	0.02435	0.01666	0.01835	0.01096	0.01266	0.00996	0.00683	0.00527	0.00171	0.00912	0.00427	0.00342	0.00981
97	0.00952	0.00678	0.00898	0.01070	0.01113	0.00635	0.00710	0.01082	0.01470	0.01960	0.04200	0.69536	0.05035	0.05265	0.01109	0.00333	0.00462	0.02161	0.00710	0.00623
98	0.00925	0.00786	0.00797	0.00794	0.01052	0.00658	0.00596	0.01129	0.01787	0.02140	0.10553	0.07386	0.64873	0.01947	0.00916	0.00261	0.00392	0.01626	0.00726	0.00658
99	0.02073	0.73217	0.04063	0.01327	0.01990	0.03068	0.01327	0.02322	0.01575	0.01824	0.01078	0.01244	0.00995	0.00663	0.00498	0.00166	0.00829	0.00415	0.00332	0.00995
100	0.03404	0.01345	0.01864	0.01542	0.05150	0.01173	0.01199	0.03711	0.02197	0.65281	0.02982	0.02604	0.01886	0.00947	0.00779	0.00239	0.00672	0.00775	0.00932	0.01315
101	0.03216	0.01259	0.01712	0.01339	0.01889	0.01092	0.01095	0.03515	0.02193	0.61330	0.07952	0.05182	0.02432	0.01055	0.00797	0.00243	0.00631	0.00874	0.00944	0.01252
102	0.01116	0.00797	0.01074	0.01074	0.01153	0.00876	0.00755	0.01274	0.01195	0.01673	0.02234	0.03917	0.02317	0.34576	0.41434	0.01034	0.01507	0.00958	0.00439	0.00597
103	0.78228	0.01499	0.01140	0.01020	0.01499	0.01739	0.00840	0.02279	0.01320	0.03479	0.01080	0.01260	0.00840	0.00720	0.00480	0.00240	0.00600	0.00420	0.00480	0.00840
104	0.01128	0.00752	0.00846	0.00846	0.00846	0.00752	0.00470	0.01128	0.01128	0.01503	0.02443	0.05074	0.02819	0.72751	0.03946	0.00752	0.00752	0.01128	0.00470	0.00470
105	0.02073	0.73217	0.04063	0.01327	0.01990	0.03068	0.01327	0.02322	0.01575	0.01824	0.01078	0.01244	0.00995	0.00663	0.00498	0.00166	0.00829	0.00415	0.00332	0.00995
106	0.01126	0.00759	0.00885	0.00885	0.00898	0.00773	0.00519	0.01153	0.01139	0.01532	0.02407	0.04876	0.02733	0.66218	0.10362	0.00800	0.00881	0.01099	0.00465	0.00492
107	0.01108	0.00831	0.01246	0.01246	0.01385	0.00969	0.00969	0.01385	0.01246	0.01800	0.02077	0.03046	0.01938	0.05815	0.69678	0.01246	0.02077	0.00831	0.00415	0.00692
108	0.00916	0.00785	0.00785	0.00785	0.01047	0.00655	0.00589	0.01113	0.01767	0.02095	0.07855	0.07462	0.67599	0.01964	0.00916	0.00262	0.00393	0.01636	0.00720	0.00655
109	0.00945	0.00675	0.00900	0.01080	0.01125	0.00630	0.00720	0.01080	0.01484	0.01979	0.04274	0.72245	0.05128	0.02429	0.00990	0.00315	0.00450	0.02204	0.00720	0.00630
110	0.01902	0.01817	0.03060	0.07173	0.62875	0.01841	0.02325	0.02434	0.04346	0.02540	0.01523	0.01964	0.01266	0.00709	0.00769	0.00233	0.00913	0.00698	0.00398	0.01214

[dist]
# distance from previous block
# <min> <max>
0	1

[block]
# block no. 2 follows, 25 sequences, length 29
# corresponding to MSA columns:
# 148-176
name=unknown_C
#
# <colnr> <probs for GDERKNQSTAVLIFYWHMCP>
#	G	D	E	R	K	N	Q	S	T	A	V	L	I	F	Y	W	H	M	C	P
0	0.01891	0.01626	0.01721	0.01551	0.01977	0.01874	0.01205	0.04000	0.63605	0.03237	0.06065	0.03024	0.02591	0.01076	0.00795	0.00262	0.00602	0.00900	0.00792	0.01205
1	0.01796	0.01516	0.01835	0.01327	0.02011	0.01257	0.03840	0.10422	0.01889	0.02839	0.01451	0.01663	0.01172	0.00625	0.00616	0.00137	0.00644	0.00511	0.00499	0.63948
2	0.01919	0.01842	0.03147	0.04759	0.67914	0.01842	0.02380	0.02380	0.01765	0.02533	0.01458	0.01919	0.01228	0.00691	0.00768	0.00230	0.00921	0.00691	0.00384	0.01228
3	0.01609	0.03380	0.49219	0.02439	0.03452	0.01800	0.19113	0.02424	0.01710	0.02489	0.04053	0.01921	0.01284	0.00748	0.00790	0.00250	0.01157	0.00696	0.00365	0.01103
4	0.02049	0.70027	0.07045	0.01367	0.02053	0.03010	0.01398	0.02328	0.01578	0.01853	0.01092	0.01262	0.00994	0.00667	0.00509	0.00170	0.00844	0.00422	0.00331	0.01002
5	0.00945	0.00675	0.00900	0.01080	0.01125	0.00630	0.00720	0.01080	0.01484	0.01979	0.04274	0.72245	0.05128	0.02429	0.00990	0.00315	0.00450	0.02204	0.00720	0.00630
6	0.02824	0.03575	0.02208	0.02000	0.02375	0.65597	0.01510	0.03022	0.02137	0.01896	0.01188	0.01416	0.01000	0.00833	0.00810	0.00208	0.05599	0.00510	0.00396	0.00896
7	0.02947	0.02172	0.02327	0.01784	0.02404	0.02404	0.01474	0.65329	0.03646	0.04887	0.01862	0.01862	0.01319	0.00931	0.00776	0.00233	0.00853	0.00698	0.00776	0.01319
8	0.01894	0.01817	0.03102	0.08369	0.64498	0.01836	0.02367	0.02358	0.01754	0.02503	0.01454	0.01927	0.01218	0.00695	0.00768	0.00232	0.00927	0.00691	0.00382	0.01208
9	0.00982	0.00690	0.00889	0.01032	0.01068	0.00655	0.00669	0.01089	0.01412	0.01883	0.03902	0.58607	0.04659	0.16706	0.01590	0.00404	0.00511	0.01986	0.00669	0.00597
10	0.78228	0.01499	0.01140	0.01020	0.01499	0.01739	0.00840	0.02279	0.01320	0.03479	0.01080	0.01260	0.00840	0.00720	0.00480	0.00240	0.00600	0.00420	0.00480	0.00840
11	0.01249	0.00892	0.01249	0.01428	0.01606	0.00892	0.01249	0.01606	0.01785	0.02320	0.04105	0.08746	0.04462	0.02142	0.01071	0.00357	0.00714	0.62695	0.00714	0.00714
12	0.02152	0.66526	0.03883	0.01391	0.02029	0.09475	0.01343	0.02396	0.01635	0.01831	0.01090	0.01259	0.00995	0.00676	0.00517	0.00169	0.00884	0.00423	0.00338	0.00986
13	0.00945	0.00675	0.00900	0.01080	0.01125	0.00630	0.00720	0.01080	0.01484	0.01979	0.04274	0.72245	0.05128	0.02429	0.00990	0.00315	0.00450	0.02204	0.00720	0.00630
14	0.01919	0.01842	0.03147	0.04759	0.67914	0.01842	0.02380	0.02380	0.01765	0.02533	0.01458	0.01919	0.01228	0.00691	0.00768	0.00230	0.00921	0.00691	0.00384	0.01228
15	0.01464	0.01378	0.02326	0.70887	0.05340	0.01723	0.02153	0.01981	0.01550	0.01981	0.01378	0.02067	0.01034	0.00775	0.00775	0.00258	0.01034	0.00689	0.00345	0.00861
16	0.03479	0.01320	0.01799	0.01380	0.01979	0.01140	0.01140	0.03779	0.02219	0.68451	0.03059	0.02639	0.01919	0.00960	0.00780	0.00240	0.00660	0.00780	0.00960	0.01320
17	0.01249	0.00892	0.01249	0.01428	0.01606	0.00892	0.01249	0.01606	0.01785	0.02320	0.04105	0.08746	0.04462	0.02142	0.01071	0.00357	0.00714	0.62695	0.00714	0.00714
18	0.00964	0.00688	0.00922	0.01102	0.01155	0.00646	0.00753	0.01113	0.01503	0.02001	0.04263	0.68250	0.05086	0.02411	0.00995	0.00318	0.00466	0.06010	0.00719	0.00635
19	0.00945	0.00675	0.00900	0.01080	0.01125	0.00630	0.00720	0.01080	0.01484	0.01979	0.04274	0.72245	0.05128	0.02429	0.00990	0.00315	0.00450	0.02204	0.00720	0.00630
20	0.01491	0.01406	0.02374	0.66958	0.09058	0.01730	0.02167	0.02005	0.01563	0.02014	0.01383	0.02058	0.01045	0.00770	0.00775	0.00257	0.01027	0.00689	0.00347	0.00883
21	0.00945	0.00675	0.00900	0.01080	0.01125	0.00630	0.00720	0.01080	0.01484	0.01979	0.04274	0.72245	0.05128	0.02429	0.00990	0.00315	0.00450	0.02204	0.00720	0.00630
22	0.03305	0.01324	0.01775	0.01372	0.01947	0.01170	0.01129	0.06383	0.02281	0.61500	0.07060	0.02803	0.02232	0.00998	0.00788	0.00240	0.00650	0.00815	0.00945	0.01283
23	0.01473	0.01396	0.02401	0.63983	0.05080	0.01698	0.05866	0.01977	0.01550	0.01992	0.01433	0.02191	0.01115	0.03688	0.00912	0.00279	0.01039	0.00720	0.00352	0.00857
24	0.01784	0.01704	0.02903	0.24428	0.49302	0.01807	0.02312	0.02261	0.01702	0.02369	0.01435	0.01963	0.01170	0.00716	0.00770	0.00239	0.00955	0.00690	0.00372	0.01119
25	0.02205	0.62095	0.03765	0.01434	0.02055	0.13718	0.01354	0.02446	0.01675	0.01836	0.01097	0.01268	0.00996	0.00685	0.00530	0.00171	0.00920	0.00428	0.00343	0.00980
26	0.02013	0.01706	0.01966	0.01828	0.06355	0.01918	0.03539	0.11964	0.47727	0.03287	0.02774	0.02793	0.02137	0.05258	0.00978	0.00286	0.00698	0.00857	0.00728	0.01188
27	0.01768	0.14264	0.40493	0.02221	0.03137	0.02037	0.13739	0.02455	0.01658	0.04860	0.01416	0.01700	0.01057	0.00756	0.00840	0.00241	0.05277	0.00624	0.00365	0.01093
28	0.00945	0.00675	0.00900	0.01080	0.01125	0.00630	0.00720	0.01080	0.01484	0.01979	0.04274	0.72245	0.05128	0.02429	0.00990	0.00315	0.00450	0.02204	0.00720	0.00630

[dist]
# distance from previous block
# <min> <max>
0	2

[block]
# block no. 3 follows, 25 sequences, length 14
# corresponding to MSA columns:
# 179-192
name=unknown_D
#
# <colnr> <probs for GDERKNQSTAVLIFYWHMCP>
#	G	D	E	R	K	N	Q	S	T	A	V	L	I	F	Y	W	H	M	C	P
0	0.02263	0.24716	0.21101	0.01799	0.02492	0.19398	0.01805	0.05731	0.01879	0.06833	0.01369	0.01540	0.01074	0.00784	0.00742	0.00213	0.04273	0.00531	0.00414	0.01044
1	0.02073	0.73217	0.04063	0.01327	0.01990	0.03068	0.01327	0.02322	0.01575	0.01824	0.01078	0.01244	0.00995	0.00663	0.00498	0.00166	0.00829	0.00415	0.00332	0.00995
2	0.01954	0.01506	0.01955	0.01457	0.02087	0.01306	0.06937	0.11729	0.01985	0.08927	0.01845	0.07169	0.01551	0.00813	0.00687	0.00173	0.00683	0.00700	0.00567	0.45969
3	0.01782	0.12567	0.04515	0.01433	0.01863	0.04680	0.06976	0.04894	0.04149	0.09897	0.33707	0.03781	0.04238	0.01175	0.00809	0.00231	0.00663	0.01016	0.00695	0.00929
4	0.01731	0.01644	0.02712	0.31171	0.31430	0.01810	0.05132	0.02434	0.09561	0.02393	0.01638	0.02106	0.01285	0.00767	0.00780	0.00247	0.00948	0.00723	0.00418	0.01070
5	0.01658	0.01523	0.02481	0.63104	0.11133	0.01803	0.02206	0.02114	0.01660	0.02171	0.01536	0.02253	0.01198	0.00868	0.00837	0.00283	0.01064	0.00735	0.00402	0.00972
6	0.01607	0.10887	0.62308	0.02122	0.03220	0.01927	0.02712	0.02442	0.01631	0.02393	0.01360	0.01598	0.00983	0.00729	0.00713	0.00238	0.01114	0.00557	0.00328	0.01131
7	0.01868	0.01703	0.02796	0.14315	0.42117	0.01776	0.05197	0.02545	0.09507	0.04718	0.01822	0.02385	0.01494	0.00817	0.00792	0.00246	0.00903	0.03396	0.00460	0.01143
8	0.01012	0.00789	0.00918	0.00886	0.01106	0.00695	0.00664	0.01298	0.01993	0.02631	0.39372	0.06579	0.35748	0.01764	0.00915	0.00252	0.00379	0.01513	0.00791	0.00695
9	0.01253	0.01058	0.01302	0.01286	0.01438	0.06499	0.00986	0.01509	0.01317	0.01792	0.02025	0.03019	0.01909	0.08923	0.60663	0.01136	0.01953	0.00820	0.00417	0.00697
10	0.02476	0.06149	0.07517	0.02402	0.13748	0.38363	0.01715	0.06126	0.09741	0.02356	0.01518	0.01700	0.01215	0.00806	0.00719	0.00216	0.01151	0.00589	0.00453	0.01039
11	0.01920	0.01913	0.02930	0.15828	0.51942	0.07293	0.02270	0.02369	0.01764	0.02388	0.01424	0.01902	0.01176	0.00714	0.00763	0.00233	0.00979	0.00675	0.00378	0.01139
12	0.01108	0.00831	0.01246	0.01246	0.01385	0.00969	0.00969	0.01385	0.01246	0.01800	0.02077	0.03046	0.01938	0.05815	0.69678	0.01246	0.02077	0.00831	0.00415	0.00692
13	0.01919	0.01842	0.03147	0.04759	0.67914	0.01842	0.02380	0.02380	0.01765	0.02533	0.01458	0.01919	0.01228	0.00691	0.00768	0.00230	0.00921	0.00691	0.00384	0.01228

[dist]
# distance from previous block
# <min> <max>
0	1

[block]
# block no. 4 follows, 25 sequences, length 59
# corresponding to MSA columns:
# 194-252
name=unknown_E
#
# <colnr> <probs for GDERKNQSTAVLIFYWHMCP>
#	G	D	E	R	K	N	Q	S	T	A	V	L	I	F	Y	W	H	M	C	P
0	0.01802	0.02287	0.11123	0.03160	0.03981	0.01944	0.58747	0.02481	0.01810	0.02481	0.01551	0.02045	0.01157	0.00662	0.00897	0.00260	0.01291	0.00880	0.00386	0.01056
1	0.01126	0.00754	0.00855	0.00852	0.00861	0.00751	0.00482	0.01144	0.01178	0.01580	0.05548	0.05108	0.03034	0.69354	0.03802	0.00727	0.00733	0.01141	0.00488	0.00482
2	0.01510	0.06826	0.55386	0.01981	0.02958	0.01699	0.02468	0.02299	0.01719	0.02524	0.11397	0.02248	0.01943	0.00862	0.00752	0.00241	0.01013	0.00691	0.00407	0.01076
3	0.00936	0.00786	0.00813	0.00806	0.01059	0.00663	0.00605	0.01151	0.01814	0.02205	0.14372	0.07279	0.61013	0.01922	0.00916	0.00260	0.00390	0.01611	0.00735	0.00663
4	0.01664	0.01411	0.01638	0.01175	0.01861	0.01091	0.00942	0.04590	0.01693	0.02625	0.01398	0.01618	0.01156	0.00589	0.00583	0.00120	0.00586	0.00469	0.00473	0.74321
5	0.01841	0.03611	0.58782	0.02086	0.03151	0.01702	0.02608	0.02652	0.01724	0.12268	0.01639	0.01786	0.01122	0.00770	0.00743	0.00245	0.01074	0.00604	0.00421	0.01172
6	0.05271	0.09022	0.57472	0.02208	0.06258	0.01896	0.02628	0.02433	0.01623	0.02460	0.01356	0.01603	0.00988	0.00728	0.00708	0.00239	0.01085	0.00559	0.00338	0.01124
7	0.01555	0.04011	0.68733	0.02210	0.03356	0.01801	0.02865	0.02455	0.01637	0.02455	0.01391	0.01637	0.00982	0.00737	0.00737	0.00246	0.01146	0.00573	0.00327	0.01146
8	0.03479	0.01320	0.01799	0.01380	0.01979	0.01140	0.01140	0.03779	0.02219	0.68451	0.03059	0.02639	0.01919	0.00960	0.00780	0.00240	0.00660	0.00780	0.00960	0.01320
9	0.01584	0.07874	0.65123	0.02161	0.03280	0.01871	0.02779	0.02448	0.01634	0.02420	0.01374	0.01615	0.00983	0.00733	0.00723	0.00241	0.01128	0.00564	0.00328	0.01137
10	0.01347	0.00673	0.01010	0.01010	0.01010	0.00673	0.00673	0.01010	0.01010	0.01347	0.01347	0.02357	0.01347	0.02694	0.03030	0.77441	0.00673	0.00673	0.00337	0.00337
11	0.01093	0.00792	0.01024	0.00987	0.01162	0.00733	0.00739	0.01429	0.02093	0.02930	0.57357	0.08112	0.09629	0.04358	0.01040	0.00272	0.00401	0.04316	0.00822	0.00714
12	0.78228	0.01499	0.01140	0.01020	0.01499	0.01739	0.00840	0.02279	0.01320	0.03479	0.01080	0.01260	0.00840	0.00720	0.00480	0.00240	0.00600	0.00420	0.00480	0.00840
13	0.00945	0.00675	0.00900	0.01080	0.01125	0.00630	0.00720	0.01080	0.01484	0.01979	0.04274	0.72245	0.05128	0.02429	0.00990	0.00315	0.00450	0.02204	0.00720	0.00630
14	0.02793	0.02214	0.02232	0.01770	0.02346	0.07514	0.01439	0.51466	0.12848	0.04413	0.02002	0.01979	0.01449	0.00939	0.00772	0.00235	0.00860	0.00709	0.00749	0.01273
15	0.00945	0.00675	0.00900	0.01080	0.01125	0.00630	0.00720	0.01080	0.01484	0.01979	0.04274	0.72245	0.05128	0.02429	0.00990	0.00315	0.00450	0.02204	0.00720	0.00630
16	0.01554	0.08966	0.57922	0.02035	0.03060	0.01803	0.02562	0.02359	0.01681	0.02465	0.07148	0.01970	0.01537	0.00805	0.00734	0.00239	0.01054	0.00633	0.00374	0.01098
17	0.01555	0.04011	0.68733	0.02210	0.03356	0.01801	0.02865	0.02455	0.01637	0.02455	0.01391	0.01637	0.00982	0.00737	0.00737	0.00246	0.01146	0.00573	0.00327	0.01146
18	0.03479	0.01320	0.01799	0.01380	0.01979	0.01140	0.01140	0.03779	0.02219	0.68451	0.03059	0.02639	0.01919	0.00960	0.00780	0.00240	0.00660	0.00780	0.00960	0.01320
19	0.01106	0.00798	0.01048	0.01000	0.01183	0.00740	0.00760	0.01471	0.02173	0.03067	0.64068	0.05952	0.07161	0.01615	0.00923	0.00250	0.00385	0.04725	0.00846	0.00731
20	0.01555	0.04011	0.68733	0.02210	0.03356	0.01801	0.02865	0.02455	0.01637	0.02455	0.01391	0.01637	0.00982	0.00737	0.00737	0.00246	0.01146	0.00573	0.00327	0.01146
21	0.01919	0.01842	0.03147	0.04759	0.67914	0.01842	0.02380	0.02380	0.01765	0.02533	0.01458	0.01919	0.01228	0.00691	0.00768	0.00230	0.00921	0.00691	0.00384	0.01228
22	0.01830	0.02092	0.04575	0.03268	0.04052	0.01961	0.65098	0.02484	0.01830	0.02484	0.01569	0.02092	0.01176	0.00654	0.00915	0.00261	0.01307	0.00915	0.00392	0.01046
23	0.01464	0.01378	0.02326	0.70887	0.05340	0.01723	0.02153	0.01981	0.01550	0.01981	0.01378	0.02067	0.01034	0.00775	0.00775	0.00258	0.01034	0.00689	0.00345	0.00861
24	0.01471	0.01519	0.03055	0.05003	0.02961	0.01436	0.37660	0.01920	0.01699	0.02274	0.02784	0.26242	0.05700	0.01326	0.00935	0.00280	0.00961	0.01380	0.00518	0.00878
25	0.00945	0.00675	0.00900	0.01080	0.01125	0.00630	0.00720	0.01080	0.01484	0.01979	0.04274	0.72245	0.05128	0.02429	0.00990	0.00315	0.00450	0.02204	0.00720	0.00630
26	0.01555	0.04011	0.68733	0.02210	0.03356	0.01801	0.02865	0.02455	0.01637	0.02455	0.01391	0.01637	0.00982	0.00737	0.00737	0.00246	0.01146	0.00573	0.00327	0.01146
27	0.01611	0.01571	0.02348	0.02192	0.07717	0.02041	0.05154	0.01845	0.01295	0.01955	0.01379	0.05292	0.01360	0.01886	0.10873	0.00441	0.49017	0.00786	0.00374	0.00862
28	0.01919	0.01842	0.03147	0.04759	0.67914	0.01842	0.02380	0.02380	0.01765	0.02533	0.01458	0.01919	0.01228	0.00691	0.00768	0.00230	0.00921	0.00691	0.00384	0.01228
29	0.01691	0.22150	0.51783	0.01978	0.02998	0.02133	0.02462	0.02420	0.01621	0.02290	0.01309	0.01534	0.00986	0.00717	0.00674	0.00225	0.01063	0.00531	0.00329	0.01106
30	0.01608	0.01378	0.01608	0.01148	0.01837	0.01034	0.00919	0.01952	0.01608	0.02527	0.01378	0.01608	0.01148	0.00574	0.00574	0.00115	0.00574	0.00459	0.00459	0.77491
31	0.01624	0.11436	0.51225	0.01981	0.02950	0.01897	0.02415	0.02544	0.07873	0.02496	0.05216	0.01945	0.01470	0.00806	0.00725	0.00238	0.01016	0.00630	0.00401	0.01113
32	0.01608	0.01378	0.01608	0.01148	0.01837	0.01034	0.00919	0.01952	0.01608	0.02527	0.01378	0.01608	0.01148	0.00574	0.00574	0.00115	0.00574	0.00459	0.00459	0.77491
33	0.01124	0.00930	0.01452	0.01404	0.01545	0.00929	0.08157	0.01346	0.01567	0.02128	0.08675	0.51669	0.04518	0.02070	0.01095	0.00306	0.05883	0.03833	0.00664	0.00704
34	0.01151	0.00809	0.00981	0.00965	0.00987	0.00863	0.00607	0.01203	0.01149	0.01568	0.02318	0.04592	0.02594	0.58734	0.14342	0.00811	0.04288	0.01059	0.00455	0.00523
35	0.01879	0.01824	0.02902	0.04284	0.58444	0.04934	0.02189	0.02302	0.01749	0.02443	0.01625	0.05754	0.01458	0.01003	0.03638	0.00276	0.00966	0.00770	0.00404	0.01158
36	0.04932	0.01581	0.06944	0.01686	0.08143	0.01442	0.01290	0.14646	0.08437	0.10213	0.25194	0.03610	0.06253	0.01170	0.00816	0.00242	0.00640	0.00987	0.00737	0.01036
37	0.01346	0.00790	0.00904	0.00913	0.01068	0.00813	0.00668	0.04043	0.01585	0.02546	0.02710	0.14310	0.02527	0.07322	0.11623	0.00413	0.00691	0.01010	0.44011	0.00707
38	0.01291	0.00831	0.01094	0.01015	0.01226	0.00761	0.00765	0.01640	0.02163	0.08562	0.59043	0.08711	0.06756	0.01573	0.00907	0.00247	0.00395	0.01388	0.00856	0.00776
39	0.01827	0.35923	0.33067	0.02021	0.08304	0.02392	0.02109	0.02387	0.01620	0.02169	0.01252	0.01479	0.01009	0.00699	0.00628	0.00207	0.00980	0.00510	0.00334	0.01083
40	0.02045	0.09324	0.12058	0.03481	0.36739	0.07380	0.07200	0.07943	0.01933	0.02604	0.01436	0.01782	0.01158	0.00721	0.00744	0.00226	0.01005	0.00651	0.00407	0.01161
41	0.00945	0.00675	0.00900	0.01080	0.01125	0.00630	0.00720	0.01080	0.01484	0.01979	0.04274	0.72245	0.05128	0.02429	0.00990	0.00315	0.00450	0.02204	0.00720	0.00630
42	0.01162	0.00810	0.01042	0.00974	0.01177	0.00739	0.00734	0.01512	0.02162	0.05199	0.60638	0.05819	0.11913	0.01594	0.00910	0.00245	0.00378	0.01400	0.00846	0.00745
43	0.01755	0.02658	0.26241	0.03297	0.23489	0.01891	0.20667	0.02408	0.01708	0.02456	0.01443	0.01859	0.01117	0.00732	0.00896	0.00250	0.04928	0.00714	0.00364	0.01126
44	0.01602	0.10239	0.62913	0.02130	0.03233	0.01915	0.02726	0.02443	0.01631	0.02399	0.01363	0.01602	0.00983	0.00730	0.00715	0.00238	0.01117	0.00559	0.00328	0.01132
45	0.00953	0.00684	0.00892	0.01054	0.01106	0.00637	0.00700	0.01084	0.01478	0.01959	0.04331	0.65768	0.07737	0.06221	0.01147	0.00336	0.00464	0.02121	0.00706	0.00622
46	0.02393	0.01974	0.12435	0.06460	0.02693	0.01751	0.09047	0.07375	0.04966	0.25355	0.02030	0.02152	0.01429	0.00961	0.01145	0.00265	0.15090	0.00737	0.00611	0.01132
47	0.01166	0.00817	0.00993	0.01040	0.01248	0.00746	0.00818	0.01429	0.01795	0.05063	0.13299	0.16604	0.28158	0.01930	0.00940	0.00287	0.00490	0.17463	0.05006	0.00707
