[name]
unknown

[dist]
# distance from previous block
# <min> <max>
0	30

[block]
# block no. 0 follows, 20 sequences, length 66
# corresponding to MSA columns:
# 33-98
name=unknown_A
#
# <colnr> <probs for GDERKNQSTAVLIFYWHMCP>
#	G	D	E	R	K	N	Q	S	T	A	V	L	I	F	Y	W	H	M	C	P
0	0.01388	0.00998	0.01381	0.01572	0.01778	0.00991	0.01371	0.01781	0.02007	0.02598	0.04817	0.09771	0.07774	0.02400	0.01197	0.00397	0.00786	0.55388	0.00804	0.00800
1	0.01368	0.00920	0.01212	0.01146	0.01368	0.00848	0.00869	0.01764	0.02415	0.06476	0.55336	0.09363	0.07681	0.01817	0.01032	0.00283	0.00448	0.03850	0.00953	0.00850
2	0.01187	0.00919	0.01266	0.05933	0.01672	0.00972	0.01005	0.01365	0.01627	0.02190	0.04163	0.55297	0.04920	0.05668	0.01407	0.00376	0.06410	0.02153	0.00729	0.00740
3	0.02910	0.02174	0.02333	0.01831	0.02472	0.02368	0.01493	0.44015	0.11933	0.04858	0.02306	0.02315	0.01686	0.01031	0.00837	0.00251	0.00857	0.00793	0.05994	0.07544
4	0.01063	0.00759	0.01012	0.01215	0.01265	0.00709	0.00810	0.01215	0.01670	0.02227	0.04808	0.68775	0.05769	0.02733	0.01113	0.00354	0.00506	0.02480	0.00810	0.00709
5	0.01222	0.00891	0.01149	0.01084	0.01296	0.00818	0.00813	0.01622	0.02440	0.03428	0.60099	0.06631	0.11618	0.01809	0.01029	0.00276	0.00413	0.01594	0.00951	0.00818
6	0.02999	0.05645	0.02586	0.07503	0.02895	0.22077	0.01691	0.32468	0.03149	0.03842	0.01795	0.01999	0.01370	0.01286	0.04530	0.00314	0.01243	0.00711	0.00657	0.01239
7	0.01061	0.00767	0.01004	0.01194	0.01260	0.00710	0.00801	0.01217	0.01689	0.02235	0.05053	0.65092	0.09294	0.02701	0.01108	0.00351	0.00502	0.02441	0.00810	0.00710
8	0.01626	0.00813	0.00813	0.00813	0.01016	0.00813	0.00610	0.02033	0.01829	0.03252	0.02846	0.03252	0.02236	0.01016	0.00610	0.00203	0.00407	0.00813	0.74187	0.00813
9	0.03914	0.01484	0.02024	0.01552	0.02227	0.01282	0.01282	0.04251	0.02497	0.64507	0.03441	0.02969	0.02159	0.01080	0.00877	0.00270	0.00742	0.00877	0.01080	0.01484
10	0.05021	0.01705	0.02752	0.45204	0.20027	0.01986	0.02362	0.02493	0.05262	0.02538	0.01673	0.02298	0.01294	0.00864	0.00856	0.00282	0.01083	0.00775	0.00434	0.01094
11	0.05356	0.04251	0.57991	0.02393	0.03610	0.02064	0.03019	0.06319	0.01963	0.02985	0.01581	0.01837	0.01121	0.00841	0.00818	0.00275	0.01240	0.00645	0.00407	0.01285
12	0.01235	0.00892	0.01166	0.01097	0.01303	0.00823	0.00823	0.01646	0.02469	0.03498	0.63443	0.06516	0.08230	0.01783	0.01029	0.00274	0.00412	0.01578	0.00960	0.00823
13	0.01235	0.00892	0.01166	0.01097	0.01303	0.00823	0.00823	0.01646	0.02469	0.03498	0.63443	0.06516	0.08230	0.01783	0.01029	0.00274	0.00412	0.01578	0.00960	0.00823
14	0.03019	0.02284	0.02618	0.13626	0.03293	0.02568	0.01794	0.50528	0.03681	0.04915	0.01997	0.02135	0.01426	0.01016	0.00873	0.00267	0.00996	0.00784	0.00786	0.01392
15	0.02397	0.65254	0.04423	0.01546	0.02271	0.07833	0.01506	0.02673	0.01822	0.02058	0.01222	0.01411	0.01120	0.00757	0.00576	0.00189	0.00978	0.00473	0.00378	0.01112
16	0.01908	0.01908	0.02672	0.02290	0.02290	0.02672	0.01908	0.02099	0.01336	0.02099	0.01145	0.01908	0.01145	0.01527	0.02863	0.00382	0.67748	0.00763	0.00382	0.00954
17	0.15293	0.02318	0.02396	0.01864	0.02536	0.02581	0.01540	0.51301	0.03667	0.05235	0.01948	0.01982	0.01394	0.01008	0.00817	0.00263	0.00913	0.00733	0.00817	0.01394
18	0.03076	0.02264	0.02447	0.01922	0.02552	0.02492	0.01567	0.54621	0.03842	0.05149	0.02384	0.09204	0.01940	0.01227	0.00898	0.00272	0.00911	0.00966	0.00866	0.01401
19	0.03316	0.02443	0.02618	0.02007	0.02705	0.02705	0.01658	0.60995	0.04101	0.05497	0.02094	0.02094	0.01483	0.01047	0.00873	0.00262	0.00960	0.00785	0.00873	0.01483
20	0.01940	0.01587	0.01919	0.01421	0.02102	0.01342	0.01148	0.02302	0.01794	0.06264	0.01612	0.01886	0.01325	0.00771	0.00912	0.00166	0.08307	0.00565	0.00533	0.62104
21	0.11530	0.01652	0.01668	0.01419	0.01866	0.04869	0.01134	0.18327	0.04904	0.10110	0.02408	0.02616	0.01822	0.01532	0.06933	0.00353	0.00877	0.00776	0.24095	0.01109
22	0.01515	0.00758	0.01136	0.01136	0.01136	0.00758	0.00758	0.01136	0.01136	0.01515	0.01515	0.02652	0.01515	0.03030	0.03409	0.74621	0.00758	0.00758	0.00379	0.00379
23	0.01063	0.00759	0.01012	0.01215	0.01265	0.00709	0.00810	0.01215	0.01670	0.02227	0.04808	0.68775	0.05769	0.02733	0.01113	0.00354	0.00506	0.02480	0.00810	0.00709
24	0.18251	0.01946	0.02489	0.16918	0.16129	0.02154	0.01866	0.19647	0.02473	0.07488	0.01772	0.02067	0.01317	0.00902	0.00799	0.00270	0.00946	0.00720	0.00613	0.01233
25	0.01677	0.00887	0.01074	0.01037	0.01175	0.00903	0.00743	0.05211	0.01645	0.02579	0.02179	0.02901	0.01854	0.01958	0.01932	0.34927	0.00604	0.00785	0.35279	0.00651
26	0.01219	0.00887	0.01152	0.01128	0.01325	0.00820	0.00850	0.01595	0.02341	0.03262	0.51312	0.12381	0.10972	0.01932	0.01048	0.00291	0.00447	0.05304	0.00928	0.00807
27	0.01809	0.01550	0.01809	0.01292	0.02067	0.01163	0.01034	0.02196	0.01809	0.02842	0.01550	0.01809	0.01292	0.00646	0.00646	0.00129	0.00646	0.00517	0.00517	0.74677
28	0.05879	0.01556	0.02514	0.56332	0.09248	0.01894	0.02268	0.02267	0.01749	0.02413	0.01599	0.02307	0.01216	0.00869	0.00840	0.00283	0.01091	0.00760	0.03927	0.00987
29	0.01787	0.08716	0.60949	0.02422	0.03676	0.02117	0.03112	0.02753	0.01837	0.02717	0.01543	0.01813	0.01106	0.00823	0.00811	0.00270	0.01266	0.00633	0.00369	0.01278
30	0.01063	0.00759	0.01012	0.01215	0.01265	0.00709	0.00810	0.01215	0.01670	0.02227	0.04808	0.68775	0.05769	0.02733	0.01113	0.00354	0.00506	0.02480	0.00810	0.00709
31	0.01248	0.00927	0.01361	0.01361	0.01503	0.01068	0.01039	0.01531	0.01390	0.01995	0.02374	0.03633	0.02270	0.12228	0.60324	0.01352	0.02201	0.00965	0.00473	0.00756
32	0.19480	0.01622	0.02416	0.48247	0.04896	0.01955	0.04872	0.02337	0.01697	0.02662	0.01480	0.02108	0.01118	0.00850	0.00800	0.00286	0.01060	0.00714	0.00427	0.00973
33	0.02654	0.01524	0.01895	0.01396	0.02131	0.01211	0.01133	0.03021	0.02085	0.27603	0.02310	0.02275	0.01640	0.00820	0.00739	0.00186	0.00685	0.00662	0.00743	0.45288
34	0.01063	0.00759	0.01012	0.01215	0.01265	0.00709	0.00810	0.01215	0.01670	0.02227	0.04808	0.68775	0.05769	0.02733	0.01113	0.00354	0.00506	0.02480	0.00810	0.00709
35	0.01063	0.00759	0.01012	0.01215	0.01265	0.00709	0.00810	0.01215	0.01670	0.02227	0.04808	0.68775	0.05769	0.02733	0.01113	0.00354	0.00506	0.02480	0.00810	0.00709
36	0.01863	0.17195	0.53132	0.02293	0.03477	0.02302	0.02887	0.02733	0.01828	0.02625	0.01497	0.01756	0.01108	0.00813	0.00777	0.00259	0.01220	0.00610	0.00369	0.01256
37	0.03914	0.01484	0.02024	0.01552	0.02227	0.01282	0.01282	0.04251	0.02497	0.64507	0.03441	0.02969	0.02159	0.01080	0.00877	0.00270	0.00742	0.00877	0.01080	0.01484
38	0.03914	0.01484	0.02024	0.01552	0.02227	0.01282	0.01282	0.04251	0.02497	0.64507	0.03441	0.02969	0.02159	0.01080	0.00877	0.00270	0.00742	0.00877	0.01080	0.01484
39	0.01268	0.00846	0.00951	0.00951	0.00951	0.00846	0.00529	0.01268	0.01268	0.01691	0.02748	0.05708	0.03171	0.69345	0.04440	0.00846	0.00846	0.01268	0.00529	0.00529
40	0.02938	0.04982	0.02146	0.01661	0.02245	0.01868	0.01347	0.11058	0.25398	0.27478	0.06887	0.03113	0.02591	0.01142	0.00875	0.00275	0.00738	0.00931	0.00940	0.01387
41	0.02365	0.01981	0.02177	0.05539	0.02387	0.07459	0.01523	0.20476	0.06322	0.03460	0.02012	0.02383	0.01606	0.01481	0.05273	0.00351	0.17383	0.00788	0.13920	0.01114
42	0.06956	0.01160	0.01089	0.01036	0.01297	0.04739	0.00794	0.05077	0.01915	0.03228	0.02558	0.02986	0.02038	0.01535	0.06984	0.00329	0.00708	0.00785	0.53922	0.00864
43	0.01647	0.01550	0.02616	0.67248	0.06008	0.01938	0.02422	0.02229	0.01744	0.02229	0.01550	0.02326	0.01163	0.00872	0.00872	0.00291	0.01163	0.00775	0.00388	0.00969
44	0.01809	0.01550	0.01809	0.01292	0.02067	0.01163	0.01034	0.02196	0.01809	0.02842	0.01550	0.01809	0.01292	0.00646	0.00646	0.00129	0.00646	0.00517	0.00517	0.74677
45	0.01063	0.00759	0.01012	0.01215	0.01265	0.00709	0.00810	0.01215	0.01670	0.02227	0.04808	0.68775	0.05769	0.02733	0.01113	0.00354	0.00506	0.02480	0.00810	0.00709
46	0.03914	0.01484	0.02024	0.01552	0.02227	0.01282	0.01282	0.04251	0.02497	0.64507	0.03441	0.02969	0.02159	0.01080	0.00877	0.00270	0.00742	0.00877	0.01080	0.01484
47	0.01363	0.00925	0.01181	0.01097	0.01341	0.00839	0.00830	0.01747	0.02412	0.06851	0.53333	0.06542	0.14645	0.01795	0.01020	0.00277	0.00434	0.01570	0.00949	0.00850
48	0.75506	0.01687	0.01282	0.01147	0.01687	0.01957	0.00945	0.02564	0.01484	0.03914	0.01215	0.01417	0.00945	0.00810	0.00540	0.00270	0.00675	0.00472	0.00540	0.00945
49	0.01750	0.04512	0.64825	0.02486	0.03775	0.02026	0.03223	0.02762	0.01842	0.02762	0.01565	0.01842	0.01105	0.00829	0.00829	0.00276	0.01289	0.00645	0.00368	0.01289
50	0.01063	0.00759	0.01012	0.01215	0.01265	0.00709	0.00810	0.01215	0.01670	0.02227	0.04808	0.68775	0.05769	0.02733	0.01113	0.00354	0.00506	0.02480	0.00810	0.00709
51	0.01538	0.00959	0.01263	0.01149	0.01408	0.00875	0.00875	0.01941	0.02472	0.10402	0.56653	0.06114	0.07543	0.01704	0.01012	0.00274	0.00449	0.01498	0.00974	0.00898
52	0.02059	0.02353	0.05147	0.03676	0.04559	0.02206	0.60735	0.02794	0.02059	0.02794	0.01765	0.02353	0.01324	0.00735	0.01029	0.00294	0.01471	0.01029	0.00441	0.01176
53	0.01646	0.01499	0.02490	0.62582	0.05657	0.01859	0.02295	0.02215	0.01750	0.02301	0.01641	0.02391	0.01238	0.00882	0.00854	0.00285	0.01110	0.00778	0.05571	0.00958
54	0.01515	0.00758	0.01136	0.01136	0.01136	0.00758	0.00758	0.01136	0.01136	0.01515	0.01515	0.02652	0.01515	0.03030	0.03409	0.74621	0.00758	0.00758	0.00379	0.00379
55	0.01809	0.01550	0.01809	0.01292	0.02067	0.01163	0.01034	0.02196	0.01809	0.02842	0.01550	0.01809	0.01292	0.00646	0.00646	0.00129	0.00646	0.00517	0.00517	0.74677
56	0.01765	0.04405	0.61855	0.02545	0.03814	0.02035	0.06085	0.02764	0.01852	0.02764	0.01575	0.01867	0.01116	0.00824	0.00839	0.00277	0.01298	0.00664	0.00372	0.01284
57	0.01610	0.01499	0.02513	0.63000	0.05703	0.01859	0.02319	0.02163	0.01739	0.02229	0.01760	0.06600	0.01459	0.00992	0.00888	0.00295	0.01121	0.00885	0.00415	0.00952
58	0.02190	0.01835	0.01931	0.01727	0.02212	0.02111	0.01346	0.07094	0.55918	0.03710	0.03439	0.03200	0.02582	0.01167	0.00870	0.00289	0.00685	0.00966	0.05375	0.01351
59	0.01063	0.00759	0.01012	0.01215	0.01265	0.00709	0.00810	0.01215	0.01670	0.02227	0.04808	0.68775	0.05769	0.02733	0.01113	0.00354	0.00506	0.02480	0.00810	0.00709
60	0.02079	0.01707	0.02519	0.47490	0.04939	0.02032	0.02142	0.11156	0.07900	0.06640	0.01935	0.02419	0.01413	0.00940	0.00874	0.00286	0.01063	0.00803	0.00548	0.01115
61	0.01374	0.00963	0.01217	0.01131	0.01378	0.00900	0.00855	0.01865	0.05310	0.05948	0.53467	0.06369	0.12366	0.01761	0.01016	0.00277	0.00441	0.01542	0.00949	0.00870
62	0.71900	0.01677	0.01319	0.01167	0.01714	0.01923	0.00962	0.02649	0.01535	0.06966	0.01327	0.01495	0.01006	0.00823	0.00557	0.00270	0.00678	0.00493	0.00567	0.00972
63	0.66772	0.01671	0.01440	0.08964	0.02198	0.01955	0.01119	0.02524	0.01515	0.03714	0.01254	0.01524	0.00970	0.00817	0.00579	0.00272	0.00732	0.00508	0.00522	0.00948
64	0.01859	0.01662	0.02650	0.46848	0.08655	0.01919	0.04593	0.07818	0.01972	0.02610	0.01615	0.02274	0.01239	0.00965	0.00984	0.03828	0.01093	0.00768	0.00447	0.06200
65	0.01713	0.01617	0.02734	0.59357	0.13389	0.01955	0.02455	0.02286	0.01775	0.02308	0.01562	0.02304	0.01191	0.00860	0.00871	0.00287	0.01147	0.00775	0.00393	0.01022

[dist]
# distance from previous block
# <min> <max>
2	5

[block]
# block no. 1 follows, 20 sequences, length 65
# corresponding to MSA columns:
# 106-132,144-157,162-185
name=unknown_B
#
# <colnr> <probs for GDERKNQSTAVLIFYWHMCP>
#	G	D	E	R	K	N	Q	S	T	A	V	L	I	F	Y	W	H	M	C	P
0	0.02193	0.02396	0.08170	0.03249	0.04039	0.02228	0.44420	0.06238	0.02111	0.06019	0.01791	0.02290	0.01343	0.00862	0.01197	0.00299	0.08517	0.00955	0.00488	0.01193
1	0.02321	0.01790	0.05556	0.01561	0.02133	0.01686	0.01312	0.10698	0.22793	0.12370	0.03496	0.03369	0.08691	0.01161	0.00839	0.00258	0.00706	0.00944	0.08707	0.09610
2	0.02909	0.01660	0.02022	0.01509	0.02231	0.01448	0.01232	0.12043	0.02444	0.28737	0.02415	0.02332	0.01680	0.00887	0.00776	0.00208	0.00734	0.00707	0.00804	0.33223
3	0.01809	0.01550	0.01809	0.01292	0.02067	0.01163	0.01034	0.02196	0.01809	0.02842	0.01550	0.01809	0.01292	0.00646	0.00646	0.00129	0.00646	0.00517	0.00517	0.74677
4	0.03264	0.03993	0.02486	0.02224	0.02697	0.59788	0.01683	0.08998	0.02628	0.02457	0.01420	0.01623	0.01158	0.00913	0.00795	0.00228	0.01514	0.00583	0.00490	0.01057
5	0.01647	0.01550	0.02616	0.67248	0.06008	0.01938	0.02422	0.02229	0.01744	0.02229	0.01550	0.02326	0.01163	0.00872	0.00872	0.00291	0.01163	0.00775	0.00388	0.00969
6	0.01063	0.00759	0.01012	0.01215	0.01265	0.00709	0.00810	0.01215	0.01670	0.02227	0.04808	0.68775	0.05769	0.02733	0.01113	0.00354	0.00506	0.02480	0.00810	0.00709
7	0.01701	0.00886	0.00893	0.00866	0.01091	0.00897	0.00656	0.04659	0.01930	0.03352	0.02812	0.03200	0.02202	0.01018	0.00621	0.00206	0.00431	0.00812	0.70922	0.00843
8	0.01113	0.00887	0.00997	0.00969	0.01228	0.00771	0.00727	0.01410	0.02181	0.02814	0.30735	0.07641	0.41365	0.02038	0.01030	0.00286	0.00430	0.01735	0.00870	0.00771
9	0.02059	0.02353	0.05147	0.03676	0.04559	0.02206	0.60735	0.02794	0.02059	0.02794	0.01765	0.02353	0.01324	0.00735	0.01029	0.00294	0.01471	0.01029	0.00441	0.01176
10	0.03842	0.01600	0.02096	0.01607	0.02284	0.01453	0.01327	0.11066	0.02689	0.57421	0.03280	0.02864	0.02078	0.01076	0.00877	0.00269	0.00768	0.00866	0.01055	0.01484
11	0.01107	0.00791	0.01063	0.01265	0.01336	0.00747	0.00887	0.01292	0.01714	0.02277	0.04783	0.61117	0.05672	0.02691	0.01125	0.00360	0.00545	0.09698	0.00809	0.00721
12	0.01063	0.00759	0.01012	0.01215	0.01265	0.00709	0.00810	0.01215	0.01670	0.02227	0.04808	0.68775	0.05769	0.02733	0.01113	0.00354	0.00506	0.02480	0.00810	0.00709
13	0.01063	0.00759	0.01012	0.01215	0.01265	0.00709	0.00810	0.01215	0.01670	0.02227	0.04808	0.68775	0.05769	0.02733	0.01113	0.00354	0.00506	0.02480	0.00810	0.00709
14	0.03879	0.01540	0.02059	0.01579	0.02255	0.01365	0.01304	0.07563	0.02590	0.61063	0.03363	0.02918	0.02120	0.01078	0.00877	0.00269	0.00755	0.00872	0.01068	0.01484
15	0.01364	0.00920	0.01207	0.01119	0.01348	0.00845	0.00845	0.01772	0.02470	0.06444	0.60546	0.06344	0.07937	0.01749	0.01021	0.00274	0.00427	0.01544	0.00966	0.00855
16	0.01235	0.00892	0.01166	0.01097	0.01303	0.00823	0.00823	0.01646	0.02469	0.03498	0.63443	0.06516	0.08230	0.01783	0.01029	0.00274	0.00412	0.01578	0.00960	0.00823
17	0.01677	0.01581	0.02670	0.63635	0.09387	0.01946	0.02437	0.02255	0.01758	0.02265	0.01556	0.02316	0.01176	0.00867	0.00872	0.00289	0.01155	0.00775	0.00390	0.00993
18	0.75506	0.01687	0.01282	0.01147	0.01687	0.01957	0.00945	0.02564	0.01484	0.03914	0.01215	0.01417	0.00945	0.00810	0.00540	0.00270	0.00675	0.00472	0.00540	0.00945
19	0.01063	0.00759	0.01012	0.01215	0.01265	0.00709	0.00810	0.01215	0.01670	0.02227	0.04808	0.68775	0.05769	0.02733	0.01113	0.00354	0.00506	0.02480	0.00810	0.00709
20	0.10604	0.01858	0.02026	0.01679	0.02239	0.02011	0.01348	0.22176	0.19813	0.15508	0.05454	0.06595	0.02425	0.01196	0.00863	0.00280	0.00762	0.00959	0.00880	0.01323
21	0.02294	0.62261	0.07253	0.01558	0.02314	0.03299	0.01567	0.02753	0.05795	0.02192	0.01385	0.01543	0.01221	0.00779	0.00594	0.00198	0.00934	0.00509	0.00407	0.01145
22	0.02060	0.02131	0.04006	0.08003	0.30109	0.02188	0.25109	0.02627	0.01923	0.02702	0.01625	0.02214	0.01318	0.00856	0.01166	0.00289	0.09147	0.00873	0.00427	0.01227
23	0.06549	0.01559	0.02528	0.62861	0.05721	0.01939	0.02324	0.02251	0.01727	0.02341	0.01528	0.02265	0.01148	0.00868	0.00850	0.00289	0.01130	0.00755	0.00398	0.00967
24	0.02022	0.01220	0.01270	0.01118	0.01431	0.01285	0.00864	0.16609	0.02356	0.03705	0.02653	0.03128	0.02111	0.05559	0.00929	0.00260	0.00573	0.00836	0.51111	0.00960
25	0.02895	0.01416	0.01788	0.04284	0.02111	0.01368	0.01200	0.10015	0.05102	0.33137	0.11917	0.03420	0.02963	0.01164	0.00854	0.00260	0.00679	0.00959	0.13220	0.01248
26	0.01063	0.00759	0.01012	0.01215	0.01265	0.00709	0.00810	0.01215	0.01670	0.02227	0.04808	0.68775	0.05769	0.02733	0.01113	0.00354	0.00506	0.02480	0.00810	0.00709
27	0.02037	0.02507	0.09418	0.03591	0.04503	0.02193	0.56619	0.02792	0.02043	0.02792	0.01750	0.02316	0.01308	0.00742	0.01015	0.00293	0.01458	0.01002	0.00436	0.01185
28	0.01208	0.00882	0.01140	0.01125	0.01319	0.00814	0.00844	0.01573	0.02309	0.03203	0.48610	0.14169	0.12216	0.01967	0.01050	0.00293	0.00449	0.05108	0.00921	0.00801
29	0.01063	0.00759	0.01012	0.01215	0.01265	0.00709	0.00810	0.01215	0.01670	0.02227	0.04808	0.68775	0.05769	0.02733	0.01113	0.00354	0.00506	0.02480	0.00810	0.00709
30	0.02332	0.69869	0.04571	0.01493	0.02239	0.03451	0.01493	0.02612	0.01772	0.02052	0.01213	0.01399	0.01119	0.00746	0.00560	0.00187	0.00933	0.00466	0.00373	0.01119
31	0.01066	0.00784	0.01001	0.01160	0.01254	0.00718	0.00789	0.01241	0.01756	0.02308	0.08252	0.56778	0.14478	0.02609	0.01097	0.00341	0.00492	0.02341	0.00817	0.00718
32	0.01808	0.00988	0.01007	0.00941	0.01198	0.01016	0.00722	0.08367	0.02073	0.03493	0.02765	0.03128	0.02155	0.01020	0.00638	0.00210	0.00466	0.00810	0.66311	0.00885
33	0.75506	0.01687	0.01282	0.01147	0.01687	0.01957	0.00945	0.02564	0.01484	0.03914	0.01215	0.01417	0.00945	0.00810	0.00540	0.00270	0.00675	0.00472	0.00540	0.00945
34	0.01149	0.00866	0.01260	0.01358	0.01472	0.00813	0.03900	0.01365	0.01769	0.02372	0.08837	0.57027	0.05669	0.02542	0.01109	0.00349	0.00568	0.06028	0.00801	0.00747
35	0.02040	0.02294	0.04866	0.03498	0.04324	0.02191	0.54842	0.02729	0.02006	0.02755	0.01719	0.02305	0.01312	0.00779	0.01122	0.00293	0.05362	0.00993	0.00441	0.04131
36	0.43537	0.01417	0.01258	0.05018	0.01761	0.01603	0.00949	0.04679	0.01719	0.03654	0.01815	0.02112	0.01411	0.00892	0.00596	0.00249	0.00626	0.00617	0.25166	0.00923
37	0.02133	0.47529	0.25167	0.01832	0.02764	0.02964	0.02084	0.02663	0.01796	0.02295	0.01333	0.01550	0.01114	0.00774	0.00652	0.00217	0.01055	0.00527	0.00371	0.01177
38	0.01984	0.20543	0.46267	0.02228	0.03333	0.06224	0.02705	0.02769	0.01863	0.02550	0.01466	0.01717	0.01110	0.00813	0.00760	0.00251	0.01219	0.00596	0.00374	0.01231
39	0.68273	0.01792	0.04492	0.01213	0.01775	0.01907	0.01054	0.02531	0.01549	0.03836	0.04166	0.01679	0.01296	0.00857	0.00577	0.00270	0.00693	0.00533	0.00551	0.00956
40	0.48965	0.01646	0.01672	0.18293	0.02824	0.01932	0.01347	0.05424	0.01702	0.03524	0.01429	0.01780	0.01094	0.00848	0.00646	0.00272	0.00802	0.00584	0.04244	0.00972
41	0.01512	0.01125	0.01420	0.01451	0.01695	0.01149	0.01168	0.05543	0.09304	0.03095	0.20714	0.16340	0.05534	0.02058	0.01085	0.00339	0.00647	0.24055	0.00862	0.00903
42	0.44229	0.02711	0.25166	0.01648	0.02454	0.01929	0.01795	0.02595	0.01666	0.03461	0.04319	0.01820	0.01353	0.00863	0.00672	0.00273	0.00893	0.00590	0.00495	0.01068
43	0.02293	0.65532	0.08570	0.01558	0.02341	0.03357	0.01607	0.02622	0.01777	0.02099	0.01236	0.01429	0.01118	0.00752	0.00578	0.00193	0.00956	0.00478	0.00373	0.01131
44	0.02633	0.01960	0.02197	0.01639	0.02372	0.01885	0.01338	0.29577	0.02913	0.07757	0.01915	0.02010	0.01433	0.00858	0.00765	0.00199	0.00797	0.00663	0.00715	0.36374
45	0.01406	0.01004	0.01406	0.01606	0.01807	0.01004	0.01406	0.01807	0.02008	0.02610	0.04618	0.09839	0.05020	0.02410	0.01205	0.00402	0.00803	0.58032	0.00803	0.00803
46	0.75506	0.01687	0.01282	0.01147	0.01687	0.01957	0.00945	0.02564	0.01484	0.03914	0.01215	0.01417	0.00945	0.00810	0.00540	0.00270	0.00675	0.00472	0.00540	0.00945
47	0.75506	0.01687	0.01282	0.01147	0.01687	0.01957	0.00945	0.02564	0.01484	0.03914	0.01215	0.01417	0.00945	0.00810	0.00540	0.00270	0.00675	0.00472	0.00540	0.00945
48	0.01515	0.00758	0.01136	0.01136	0.01136	0.00758	0.00758	0.01136	0.01136	0.01515	0.01515	0.02652	0.01515	0.03030	0.03409	0.74621	0.00758	0.00758	0.00379	0.00379
49	0.03316	0.02443	0.02618	0.02007	0.02705	0.02705	0.01658	0.60995	0.04101	0.05497	0.02094	0.02094	0.01483	0.01047	0.00873	0.00262	0.00960	0.00785	0.00873	0.01483
50	0.01063	0.00759	0.01012	0.01215	0.01265	0.00709	0.00810	0.01215	0.01670	0.02227	0.04808	0.68775	0.05769	0.02733	0.01113	0.00354	0.00506	0.02480	0.00810	0.00709
51	0.02239	0.01908	0.02011	0.01789	0.02295	0.02202	0.01397	0.08033	0.58817	0.03760	0.03463	0.03184	0.02592	0.01175	0.00887	0.00294	0.00707	0.00974	0.00887	0.01387
52	0.01235	0.00892	0.01166	0.01097	0.01303	0.00823	0.00823	0.01646	0.02469	0.03498	0.63443	0.06516	0.08230	0.01783	0.01029	0.00274	0.00412	0.01578	0.00960	0.00823
53	0.03914	0.01484	0.02024	0.01552	0.02227	0.01282	0.01282	0.04251	0.02497	0.64507	0.03441	0.02969	0.02159	0.01080	0.00877	0.00270	0.00742	0.00877	0.01080	0.01484
54	0.01073	0.00767	0.01021	0.01208	0.01267	0.00715	0.00811	0.01240	0.01717	0.02302	0.08280	0.65089	0.05915	0.02677	0.01108	0.00350	0.00500	0.02426	0.00819	0.00715
55	0.01626	0.00813	0.00813	0.00813	0.01016	0.00813	0.00610	0.02033	0.01829	0.03252	0.02846	0.03252	0.02236	0.01016	0.00610	0.00203	0.00407	0.00813	0.74187	0.00813
56	0.02675	0.02125	0.02257	0.01877	0.02461	0.02406	0.01503	0.29469	0.36671	0.04463	0.02909	0.02743	0.02143	0.01123	0.00881	0.00281	0.00809	0.00898	0.00881	0.01426
57	0.01560	0.01180	0.01520	0.01641	0.01900	0.01240	0.01401	0.02379	0.14202	0.02820	0.04403	0.08508	0.04544	0.02162	0.01141	0.00380	0.00780	0.46500	0.00820	0.00920
58	0.01209	0.00872	0.01143	0.01115	0.01297	0.00806	0.00821	0.01581	0.02348	0.03305	0.54557	0.15951	0.07857	0.01927	0.01042	0.00286	0.00426	0.01714	0.00937	0.00806
59	0.01153	0.00829	0.01093	0.01153	0.01285	0.00769	0.00817	0.01442	0.02092	0.02898	0.35777	0.35892	0.07069	0.02231	0.01069	0.00312	0.00456	0.02003	0.00889	0.00769
60	0.02066	0.02333	0.05032	0.03797	0.08806	0.02196	0.56580	0.02786	0.02054	0.02798	0.01756	0.02339	0.01328	0.00738	0.01018	0.00292	0.01440	0.01011	0.00441	0.01191
61	0.03914	0.01484	0.02024	0.01552	0.02227	0.01282	0.01282	0.04251	0.02497	0.64507	0.03441	0.02969	0.02159	0.01080	0.00877	0.00270	0.00742	0.00877	0.01080	0.01484
62	0.01848	0.01697	0.02763	0.52778	0.14939	0.02014	0.02408	0.06506	0.01951	0.02561	0.01604	0.02283	0.01220	0.00870	0.00871	0.00284	0.01128	0.00776	0.00429	0.01071
63	0.03376	0.01679	0.01914	0.01541	0.02116	0.08342	0.01241	0.03705	0.02466	0.47185	0.10798	0.03507	0.05719	0.01200	0.00893	0.00267	0.00779	0.00974	0.00982	0.01316
64	0.34141	0.01646	0.01763	0.06104	0.02264	0.01747	0.01233	0.09465	0.02185	0.24009	0.05790	0.02375	0.01857	0.00988	0.00741	0.00271	0.00748	0.00728	0.00769	0.01177

[dist]
# distance from previous block
# <min> <max>
0	2

[block]
# block no. 2 follows, 20 sequences, length 6
# corresponding to MSA columns:
# 188-193
name=unknown_C
#
# <colnr> <probs for GDERKNQSTAVLIFYWHMCP>
#	G	D	E	R	K	N	Q	S	T	A	V	L	I	F	Y	W	H	M	C	P
0	0.17215	0.01575	0.01816	0.01476	0.02044	0.01576	0.01200	0.09576	0.07758	0.32439	0.11425	0.03106	0.02762	0.01133	0.00834	0.00272	0.00700	0.00898	0.00919	0.01276
1	0.02121	0.02100	0.03770	0.08878	0.10008	0.02226	0.28470	0.10389	0.02158	0.02968	0.01850	0.06042	0.01563	0.01039	0.01284	0.00304	0.12179	0.00988	0.00505	0.01157
2	0.01676	0.01541	0.02554	0.44795	0.16140	0.01781	0.02209	0.02218	0.01908	0.02553	0.11673	0.02978	0.02358	0.01003	0.00896	0.00282	0.01016	0.00907	0.00489	0.01023
3	0.17033	0.01827	0.02172	0.09059	0.12581	0.05422	0.01566	0.05003	0.07476	0.16798	0.04802	0.02430	0.01838	0.00945	0.00789	0.00258	0.00849	0.00757	0.00679	0.07715
4	0.01859	0.01920	0.03698	0.07068	0.13469	0.01941	0.30181	0.02403	0.01944	0.02693	0.07097	0.09801	0.02357	0.01136	0.01195	0.00302	0.08180	0.01147	0.00513	0.01094
5	0.06272	0.01568	0.02504	0.38475	0.17952	0.01787	0.02127	0.02255	0.01901	0.02680	0.11655	0.02916	0.02352	0.00996	0.00875	0.00280	0.00982	0.00888	0.00500	0.01036

[dist]
# distance from previous block
# <min> <max>
0	10

[block]
# block no. 3 follows, 20 sequences, length 15
# corresponding to MSA columns:
# 204-218
name=unknown_D
#
# <colnr> <probs for GDERKNQSTAVLIFYWHMCP>
#	G	D	E	R	K	N	Q	S	T	A	V	L	I	F	Y	W	H	M	C	P
0	0.01741	0.02037	0.10499	0.42935	0.05207	0.01951	0.14845	0.02362	0.01794	0.02379	0.01596	0.02289	0.01206	0.00938	0.01018	0.03744	0.01224	0.00813	0.00396	0.01024
1	0.01840	0.03933	0.49561	0.02987	0.11045	0.02055	0.10830	0.02756	0.01888	0.02777	0.01601	0.01948	0.01167	0.00810	0.00860	0.00277	0.01283	0.00712	0.00386	0.01285
2	0.01708	0.01613	0.02726	0.59872	0.12907	0.01954	0.02453	0.02282	0.01773	0.02303	0.01561	0.02306	0.01189	0.00861	0.00871	0.00287	0.01148	0.00775	0.00393	0.01018
3	0.02159	0.02073	0.03541	0.05354	0.63903	0.02073	0.02677	0.02677	0.01986	0.02850	0.01641	0.02159	0.01382	0.00777	0.00864	0.00259	0.01036	0.00777	0.00432	0.01382
4	0.01647	0.01550	0.02616	0.67248	0.06008	0.01938	0.02422	0.02229	0.01744	0.02229	0.01550	0.02326	0.01163	0.00872	0.00872	0.00291	0.01163	0.00775	0.00388	0.00969
5	0.29293	0.01210	0.01157	0.01107	0.01371	0.01302	0.00793	0.03770	0.01639	0.02924	0.08405	0.12561	0.05376	0.23411	0.01955	0.00469	0.00683	0.01165	0.00633	0.00777
6	0.02236	0.01675	0.02251	0.01874	0.02324	0.01727	0.09164	0.25182	0.02725	0.06903	0.03258	0.30099	0.03293	0.01713	0.00995	0.00305	0.00826	0.01532	0.00800	0.01118
7	0.02759	0.05961	0.27892	0.02076	0.02979	0.01806	0.05114	0.03381	0.02113	0.30050	0.02368	0.02350	0.01586	0.00968	0.00956	0.00276	0.04569	0.00765	0.00688	0.01344
8	0.01846	0.01310	0.01545	0.01514	0.01824	0.01388	0.01147	0.02976	0.26303	0.09464	0.04136	0.29710	0.04059	0.01900	0.01006	0.00326	0.00634	0.06971	0.00869	0.01072
9	0.01771	0.04363	0.60698	0.02569	0.03830	0.02038	0.07201	0.02765	0.01857	0.02765	0.01579	0.01877	0.01120	0.00822	0.00843	0.00277	0.01302	0.00671	0.00373	0.01281
10	0.11562	0.01607	0.02362	0.50628	0.04986	0.01968	0.02101	0.02560	0.08929	0.02623	0.01744	0.02315	0.01312	0.00901	0.00830	0.00289	0.01041	0.00760	0.00467	0.01015
11	0.02048	0.10677	0.42416	0.02521	0.03614	0.05225	0.12413	0.02866	0.01936	0.05944	0.01652	0.01928	0.01200	0.00821	0.00835	0.00267	0.01267	0.00699	0.00423	0.01250
12	0.11674	0.01680	0.02517	0.43392	0.12705	0.01978	0.02170	0.06382	0.01914	0.02775	0.01665	0.02435	0.01323	0.00918	0.00839	0.00286	0.01054	0.02782	0.00462	0.01050
13	0.10408	0.50043	0.03753	0.01467	0.02178	0.02894	0.01396	0.02908	0.01875	0.13732	0.01623	0.01690	0.01292	0.00814	0.00616	0.00211	0.00870	0.00543	0.00521	0.01168
14	0.18060	0.01278	0.01486	0.10061	0.02167	0.01376	0.01147	0.04934	0.05337	0.06180	0.12713	0.22124	0.06591	0.01632	0.00900	0.00300	0.00657	0.01388	0.00738	0.00929

[dist]
# distance from previous block
# <min> <max>
16	38

[block]
# block no. 4 follows, 20 sequences, length 25
# corresponding to MSA columns:
# 273-297
name=unknown_E
#
# <colnr> <probs for GDERKNQSTAVLIFYWHMCP>
#	G	D	E	R	K	N	Q	S	T	A	V	L	I	F	Y	W	H	M	C	P
0	0.01694	0.04131	0.01612	0.01273	0.01710	0.01219	0.00994	0.07368	0.02118	0.03073	0.14685	0.12229	0.03642	0.04872	0.01022	0.00260	0.00619	0.03984	0.07392	0.26104
1	0.01523	0.01365	0.05602	0.07557	0.04823	0.01215	0.01290	0.02167	0.09051	0.04935	0.26015	0.19454	0.05125	0.01676	0.00977	0.00290	0.00639	0.01484	0.00788	0.04022
2	0.13690	0.02402	0.12838	0.07594	0.02866	0.02121	0.01765	0.27060	0.02716	0.04018	0.01939	0.06203	0.01562	0.01025	0.00806	0.00260	0.00929	0.00793	0.00652	0.08760
3	0.01912	0.07881	0.50616	0.09256	0.03823	0.02053	0.02911	0.02792	0.01869	0.06613	0.01663	0.01939	0.01179	0.00844	0.00820	0.00272	0.01220	0.00663	0.00416	0.01258
4	0.09661	0.10410	0.42632	0.02433	0.03525	0.02190	0.11908	0.02731	0.01831	0.02818	0.01525	0.01833	0.01124	0.00804	0.00803	0.00269	0.01217	0.00669	0.00398	0.01218
5	0.02077	0.13311	0.46688	0.02305	0.03432	0.02157	0.05615	0.02901	0.01912	0.09231	0.01725	0.01924	0.01230	0.00839	0.00806	0.00264	0.01190	0.00663	0.00448	0.01280
6	0.01753	0.01807	0.08491	0.04431	0.02295	0.04757	0.04332	0.08907	0.08171	0.02951	0.07162	0.28265	0.03732	0.01737	0.00978	0.00303	0.00803	0.03875	0.00719	0.04531
7	0.01504	0.01112	0.01289	0.01183	0.01495	0.01077	0.00906	0.04505	0.10473	0.05925	0.34106	0.06292	0.23243	0.01767	0.00997	0.00282	0.00495	0.01512	0.00908	0.00929
8	0.01921	0.01822	0.03033	0.19946	0.37569	0.01915	0.04673	0.02541	0.05067	0.02729	0.04587	0.02834	0.05649	0.00951	0.00891	0.00273	0.01005	0.00897	0.00490	0.01208
9	0.71091	0.01733	0.01364	0.01200	0.01749	0.02003	0.00988	0.06138	0.01645	0.04010	0.01268	0.01458	0.00978	0.00824	0.00560	0.00269	0.00692	0.00491	0.00560	0.00978
10	0.01222	0.00891	0.01149	0.01085	0.01296	0.00818	0.00814	0.01623	0.02441	0.03430	0.60203	0.06627	0.11513	0.01809	0.01029	0.00276	0.00413	0.01593	0.00951	0.00818
11	0.01647	0.01550	0.02616	0.67248	0.06008	0.01938	0.02422	0.02229	0.01744	0.02229	0.01550	0.02326	0.01163	0.00872	0.00872	0.00291	0.01163	0.00775	0.00388	0.00969
12	0.01647	0.01550	0.02616	0.67248	0.06008	0.01938	0.02422	0.02229	0.01744	0.02229	0.01550	0.02326	0.01163	0.00872	0.00872	0.00291	0.01163	0.00775	0.00388	0.00969
13	0.01582	0.01479	0.02432	0.60189	0.05494	0.01810	0.02235	0.02125	0.01770	0.02242	0.02325	0.02971	0.07799	0.01014	0.00889	0.00291	0.01086	0.00889	0.00433	0.00944
14	0.01406	0.01004	0.01406	0.01606	0.01807	0.01004	0.01406	0.01807	0.02008	0.02610	0.04618	0.09839	0.05020	0.02410	0.01205	0.00402	0.00803	0.58032	0.00803	0.00803
15	0.01750	0.04512	0.64825	0.02486	0.03775	0.02026	0.03223	0.02762	0.01842	0.02762	0.01565	0.01842	0.01105	0.00829	0.00829	0.00276	0.01289	0.00645	0.00368	0.01289
16	0.01311	0.01009	0.01241	0.01346	0.01578	0.00985	0.01089	0.01809	0.07506	0.02570	0.05791	0.18282	0.22135	0.02290	0.01110	0.00353	0.00639	0.27321	0.00814	0.00822
17	0.01859	0.05925	0.33268	0.02568	0.03493	0.02097	0.16767	0.02824	0.08284	0.02761	0.01993	0.06384	0.01625	0.01005	0.01016	0.00291	0.05270	0.00892	0.00471	0.01207
18	0.01701	0.01605	0.02713	0.60780	0.12058	0.01952	0.02449	0.02276	0.01769	0.02294	0.01560	0.02308	0.01186	0.00862	0.00871	0.00287	0.01150	0.00775	0.00392	0.01012
19	0.01941	0.09043	0.03223	0.33555	0.30581	0.02157	0.02433	0.02463	0.01852	0.02478	0.01553	0.02155	0.01253	0.00818	0.00835	0.00266	0.01084	0.00743	0.00405	0.01163
20	0.05467	0.02181	0.02741	0.29038	0.21516	0.13275	0.02200	0.02798	0.04866	0.05249	0.01704	0.02177	0.01324	0.00871	0.00841	0.00268	0.01137	0.00739	0.00472	0.01136
21	0.23149	0.05570	0.26777	0.05173	0.02786	0.01893	0.01979	0.02742	0.04900	0.07109	0.08251	0.02366	0.01967	0.00958	0.00764	0.00272	0.00932	0.00726	0.00554	0.01134
22	0.08434	0.01819	0.02287	0.04829	0.09008	0.01907	0.05252	0.12546	0.18599	0.06682	0.02870	0.06147	0.05636	0.01120	0.00855	0.00267	0.00813	0.00951	0.00719	0.09258
23	0.06255	0.01982	0.09024	0.01927	0.02590	0.01696	0.10966	0.08610	0.09775	0.17613	0.10035	0.03027	0.02565	0.01057	0.00871	0.00267	0.00862	0.00927	0.05466	0.04483
24	0.02150	0.06408	0.12256	0.01850	0.02504	0.01692	0.07981	0.11262	0.02364	0.10645	0.12959	0.11116	0.03140	0.01258	0.00897	0.00264	0.00857	0.01099	0.00710	0.08587

[dist]
# distance from previous block
# <min> <max>
1	14

[block]
# block no. 5 follows, 20 sequences, length 226
# corresponding to MSA columns:
# 312-537
name=unknown_F
#
# <colnr> <probs for GDERKNQSTAVLIFYWHMCP>
#	G	D	E	R	K	N	Q	S	T	A	V	L	I	F	Y	W	H	M	C	P
0	0.02072	0.10445	0.32034	0.02245	0.03119	0.07851	0.06640	0.08608	0.02135	0.02889	0.04963	0.05816	0.01797	0.01034	0.00948	0.00272	0.04639	0.00818	0.00489	0.01184
1	0.02206	0.09359	0.08452	0.03175	0.21574	0.05748	0.12093	0.08706	0.02230	0.03033	0.06173	0.02331	0.01812	0.00867	0.00844	0.00245	0.01058	0.00798	0.00517	0.08780
2	0.02013	0.30231	0.28335	0.02015	0.02992	0.02499	0.06237	0.02631	0.01825	0.02490	0.01436	0.01695	0.01150	0.00766	0.00711	0.00222	0.01075	0.00583	0.00395	0.10699
3	0.06027	0.11547	0.02404	0.04491	0.05164	0.01736	0.05419	0.06807	0.04693	0.12806	0.08778	0.06895	0.02660	0.01501	0.01255	0.11650	0.00820	0.03642	0.00671	0.01035
4	0.05349	0.25035	0.10686	0.10528	0.05563	0.08251	0.04412	0.05917	0.05167	0.05058	0.01628	0.01880	0.01286	0.00836	0.00736	0.00235	0.01046	0.00637	0.00483	0.05267
5	0.02133	0.14180	0.12723	0.04987	0.02707	0.02111	0.07719	0.13547	0.06376	0.03051	0.02012	0.05397	0.01678	0.01257	0.01139	0.09668	0.00960	0.00825	0.06437	0.01095
6	0.02198	0.31281	0.15909	0.01697	0.02449	0.06029	0.01727	0.05575	0.02092	0.05876	0.11081	0.02429	0.02297	0.00959	0.00737	0.00226	0.00937	0.00720	0.00537	0.05244
7	0.01209	0.00891	0.01131	0.01071	0.01288	0.00812	0.00803	0.01597	0.02409	0.03355	0.56606	0.06751	0.15157	0.01837	0.01029	0.00277	0.00415	0.01610	0.00941	0.00812
8	0.01241	0.00894	0.01154	0.01194	0.01346	0.00849	0.00853	0.04019	0.02148	0.02961	0.32012	0.36860	0.06729	0.02217	0.01063	0.00313	0.00482	0.01986	0.00883	0.00796
9	0.01225	0.00885	0.01158	0.01104	0.01301	0.00817	0.00822	0.01623	0.02427	0.03430	0.60327	0.09825	0.08100	0.01834	0.01033	0.00279	0.00417	0.01625	0.00952	0.00817
10	0.01870	0.06792	0.02917	0.11537	0.02966	0.02393	0.08411	0.02201	0.01536	0.02248	0.01428	0.02129	0.01276	0.01522	0.05363	0.00388	0.39021	0.00784	0.04241	0.00977
11	0.01224	0.00891	0.01152	0.01087	0.01297	0.00819	0.00815	0.01626	0.02445	0.03441	0.60702	0.06610	0.11007	0.01805	0.01029	0.00275	0.00413	0.01591	0.00953	0.00819
12	0.01646	0.01509	0.02516	0.63542	0.05729	0.01875	0.02321	0.02218	0.01749	0.02286	0.01623	0.02377	0.01223	0.00880	0.00857	0.00286	0.01121	0.00777	0.04505	0.00960
13	0.03914	0.01484	0.02024	0.01552	0.02227	0.01282	0.01282	0.04251	0.02497	0.64507	0.03441	0.02969	0.02159	0.01080	0.00877	0.00270	0.00742	0.00877	0.01080	0.01484
14	0.02381	0.66377	0.04459	0.01533	0.02263	0.06767	0.01503	0.02658	0.01810	0.02057	0.01220	0.01408	0.01120	0.00754	0.00572	0.00189	0.00967	0.00471	0.00377	0.01114
15	0.01070	0.00768	0.01004	0.01190	0.01249	0.00715	0.00792	0.01218	0.01667	0.02211	0.04895	0.63690	0.08107	0.05387	0.01244	0.00371	0.00517	0.02404	0.00798	0.00702
16	0.01268	0.00846	0.00951	0.00951	0.00951	0.00846	0.00529	0.01268	0.01268	0.01691	0.02748	0.05708	0.03171	0.69345	0.04440	0.00846	0.00846	0.01268	0.00529	0.00529
17	0.01215	0.00884	0.01144	0.01092	0.01295	0.00813	0.00814	0.01604	0.02404	0.03374	0.57636	0.09780	0.10967	0.01854	0.01033	0.00279	0.00418	0.01637	0.00945	0.00813
18	0.03258	0.04157	0.02472	0.02247	0.02697	0.65843	0.01685	0.03483	0.02472	0.02135	0.01348	0.01573	0.01124	0.00899	0.00787	0.00225	0.01573	0.00562	0.00449	0.01011
19	0.07150	0.01510	0.01959	0.01519	0.02165	0.01364	0.01252	0.07009	0.02499	0.55503	0.03236	0.02864	0.02071	0.01062	0.00848	0.00266	0.00734	0.00850	0.04713	0.01425
20	0.01647	0.01550	0.02616	0.67248	0.06008	0.01938	0.02422	0.02229	0.01744	0.02229	0.01550	0.02326	0.01163	0.00872	0.00872	0.00291	0.01163	0.00775	0.00388	0.00969
21	0.03316	0.02443	0.02618	0.02007	0.02705	0.02705	0.01658	0.60995	0.04101	0.05497	0.02094	0.02094	0.01483	0.01047	0.00873	0.00262	0.00960	0.00785	0.00873	0.01483
22	0.01515	0.00758	0.01136	0.01136	0.01136	0.00758	0.00758	0.01136	0.01136	0.01515	0.01515	0.02652	0.01515	0.03030	0.03409	0.74621	0.00758	0.00758	0.00379	0.00379
23	0.01780	0.07927	0.61677	0.02434	0.03695	0.02100	0.03132	0.02755	0.01838	0.02725	0.01547	0.01819	0.01106	0.00824	0.00815	0.00272	0.01271	0.00635	0.00369	0.01280
24	0.01647	0.01550	0.02616	0.67248	0.06008	0.01938	0.02422	0.02229	0.01744	0.02229	0.01550	0.02326	0.01163	0.00872	0.00872	0.00291	0.01163	0.00775	0.00388	0.00969
25	0.01526	0.00960	0.01270	0.01174	0.01429	0.00882	0.00904	0.01930	0.02446	0.09878	0.53838	0.06327	0.07411	0.01744	0.01023	0.00281	0.00468	0.04653	0.00964	0.00892
26	0.01693	0.01613	0.02626	0.55969	0.05362	0.02065	0.02333	0.02206	0.01673	0.02206	0.01480	0.02253	0.01160	0.00986	0.01218	0.00306	0.12724	0.00773	0.00387	0.00966
27	0.19335	0.08446	0.01900	0.01400	0.01886	0.01712	0.01155	0.08042	0.06418	0.15198	0.15630	0.06326	0.03368	0.01284	0.00828	0.00274	0.00684	0.04215	0.00797	0.01101
28	0.03914	0.01484	0.02024	0.01552	0.02227	0.01282	0.01282	0.04251	0.02497	0.64507	0.03441	0.02969	0.02159	0.01080	0.00877	0.00270	0.00742	0.00877	0.01080	0.01484
29	0.01063	0.00759	0.01012	0.01215	0.01265	0.00709	0.00810	0.01215	0.01670	0.02227	0.04808	0.68775	0.05769	0.02733	0.01113	0.00354	0.00506	0.02480	0.00810	0.00709
30	0.13592	0.02271	0.02282	0.04919	0.02619	0.07025	0.01528	0.33731	0.11482	0.08705	0.02182	0.02191	0.01575	0.01015	0.00820	0.00267	0.00921	0.00757	0.00787	0.01332
31	0.02025	0.01767	0.02154	0.01859	0.02344	0.01948	0.07349	0.06992	0.42266	0.03424	0.03804	0.10197	0.07252	0.01364	0.00935	0.00300	0.00748	0.01195	0.00827	0.01249
32	0.02404	0.02033	0.02736	0.02216	0.06978	0.01967	0.10734	0.22458	0.05796	0.03781	0.01880	0.02091	0.01440	0.00834	0.00811	0.00218	0.00911	0.00731	0.00639	0.29344
33	0.75506	0.01687	0.01282	0.01147	0.01687	0.01957	0.00945	0.02564	0.01484	0.03914	0.01215	0.01417	0.00945	0.00810	0.00540	0.00270	0.00675	0.00472	0.00540	0.00945
34	0.01809	0.01550	0.01809	0.01292	0.02067	0.01163	0.01034	0.02196	0.01809	0.02842	0.01550	0.01809	0.01292	0.00646	0.00646	0.00129	0.00646	0.00517	0.00517	0.74677
35	0.01086	0.00783	0.01032	0.01214	0.01290	0.00730	0.00834	0.01264	0.01736	0.02304	0.07356	0.60195	0.08729	0.02652	0.01111	0.00350	0.00514	0.05285	0.00815	0.00719
36	0.01959	0.01895	0.03303	0.28606	0.37925	0.02031	0.06611	0.02516	0.01900	0.02611	0.01615	0.02235	0.01295	0.00810	0.00878	0.00273	0.01114	0.00794	0.00416	0.01212
37	0.01063	0.00759	0.01012	0.01215	0.01265	0.00709	0.00810	0.01215	0.01670	0.02227	0.04808	0.68775	0.05769	0.02733	0.01113	0.00354	0.00506	0.02480	0.00810	0.00709
38	0.01905	0.02029	0.03913	0.07742	0.03749	0.02197	0.34560	0.02439	0.01774	0.02487	0.01641	0.02342	0.01352	0.01553	0.08164	0.00431	0.19307	0.00930	0.00424	0.01061
39	0.01626	0.00813	0.00813	0.00813	0.01016	0.00813	0.00610	0.02033	0.01829	0.03252	0.02846	0.03252	0.02236	0.01016	0.00610	0.00203	0.00407	0.00813	0.74187	0.00813
40	0.01676	0.01606	0.02792	0.62835	0.05907	0.01957	0.06470	0.02268	0.01766	0.02268	0.01565	0.02327	0.01174	0.00863	0.00883	0.00291	0.01184	0.00793	0.00391	0.00983
41	0.01409	0.03871	0.01723	0.01531	0.01671	0.01449	0.01211	0.01675	0.01395	0.02015	0.02109	0.03242	0.02026	0.10028	0.47509	0.01130	0.13837	0.00910	0.00453	0.00805
42	0.01070	0.00773	0.01013	0.01191	0.01263	0.00716	0.00803	0.01239	0.01728	0.02300	0.08075	0.62375	0.08916	0.02656	0.01105	0.00347	0.00498	0.02399	0.00818	0.00716
43	0.01647	0.01550	0.02616	0.67248	0.06008	0.01938	0.02422	0.02229	0.01744	0.02229	0.01550	0.02326	0.01163	0.00872	0.00872	0.00291	0.01163	0.00775	0.00388	0.00969
44	0.01214	0.00891	0.01137	0.01076	0.01291	0.00814	0.00807	0.01606	0.02421	0.03383	0.57933	0.06705	0.13813	0.01826	0.01029	0.00276	0.00415	0.01604	0.00945	0.00814
45	0.01750	0.04512	0.64825	0.02486	0.03775	0.02026	0.03223	0.02762	0.01842	0.02762	0.01565	0.01842	0.01105	0.00829	0.00829	0.00276	0.01289	0.00645	0.00368	0.01289
46	0.01750	0.04512	0.64825	0.02486	0.03775	0.02026	0.03223	0.02762	0.01842	0.02762	0.01565	0.01842	0.01105	0.00829	0.00829	0.00276	0.01289	0.00645	0.00368	0.01289
47	0.01047	0.00820	0.00949	0.01052	0.01222	0.00722	0.00737	0.01233	0.01827	0.02291	0.06791	0.39057	0.34208	0.02475	0.01073	0.00325	0.00474	0.02165	0.00810	0.00722
48	0.02904	0.02174	0.02532	0.01903	0.02629	0.02231	0.04783	0.40633	0.03349	0.07483	0.02006	0.02080	0.01459	0.00933	0.00826	0.00231	0.00901	0.00737	0.00771	0.19434
49	0.02432	0.01157	0.01550	0.01301	0.01716	0.01028	0.01028	0.02810	0.02481	0.30767	0.36624	0.04930	0.05517	0.01469	0.00961	0.00272	0.00559	0.01264	0.01014	0.01119
50	0.02919	0.02020	0.02265	0.01734	0.02431	0.02048	0.01417	0.32481	0.08266	0.13526	0.02282	0.02252	0.01637	0.00960	0.00816	0.00232	0.00823	0.00747	0.00813	0.20330
51	0.03103	0.02397	0.02467	0.01938	0.02587	0.05572	0.01583	0.50932	0.07945	0.05030	0.02544	0.02509	0.05084	0.01116	0.00879	0.00264	0.00941	0.00849	0.00850	0.01411
52	0.01052	0.00884	0.00913	0.00906	0.01191	0.00745	0.00679	0.01292	0.02038	0.02474	0.14439	0.08202	0.57874	0.02165	0.01031	0.00292	0.00439	0.01814	0.00825	0.00745
53	0.06280	0.01544	0.02345	0.30784	0.10257	0.01657	0.01880	0.02928	0.02058	0.23272	0.06470	0.02767	0.01998	0.00991	0.00866	0.00278	0.00931	0.00849	0.00671	0.01173
54	0.02834	0.02047	0.02230	0.01837	0.02433	0.02267	0.01476	0.26532	0.32164	0.11989	0.02970	0.02767	0.02140	0.01117	0.00880	0.00279	0.00802	0.00894	0.00906	0.01434
55	0.01063	0.00759	0.01012	0.01215	0.01265	0.00709	0.00810	0.01215	0.01670	0.02227	0.04808	0.68775	0.05769	0.02733	0.01113	0.00354	0.00506	0.02480	0.00810	0.00709
56	0.01063	0.00759	0.01012	0.01215	0.01265	0.00709	0.00810	0.01215	0.01670	0.02227	0.04808	0.68775	0.05769	0.02733	0.01113	0.00354	0.00506	0.02480	0.00810	0.00709
57	0.10036	0.29047	0.09611	0.01818	0.02497	0.10625	0.01703	0.14869	0.02290	0.03047	0.01445	0.01650	0.01178	0.00900	0.00848	0.00239	0.05936	0.00585	0.00504	0.01169
58	0.01063	0.00759	0.01012	0.01215	0.01265	0.00709	0.00810	0.01215	0.01670	0.02227	0.04808	0.68775	0.05769	0.02733	0.01113	0.00354	0.00506	0.02480	0.00810	0.00709
