[name]
unknown

[dist]
# distance from previous block
# <min> <max>
8	47

[block]
# block no. 0 follows, 26 sequences, length 13
# corresponding to MSA columns:
# 67-79
name=unknown_A
#
# <colnr> <probs for GDERKNQSTAVLIFYWHMCP>
#	G	D	E	R	K	N	Q	S	T	A	V	L	I	F	Y	W	H	M	C	P
0	0.05280	0.01811	0.02272	0.03613	0.05321	0.05809	0.11987	0.09796	0.34231	0.04619	0.05418	0.02508	0.02010	0.00924	0.00777	0.00246	0.00794	0.00815	0.00650	0.01117
1	0.19328	0.07800	0.01982	0.04344	0.02092	0.07062	0.01215	0.18350	0.03997	0.12043	0.01618	0.01708	0.01199	0.00810	0.00720	0.00215	0.03900	0.00571	0.00581	0.10466
2	0.47767	0.01463	0.01521	0.16385	0.02397	0.01669	0.01177	0.06529	0.01597	0.11215	0.01406	0.01607	0.01022	0.00758	0.00587	0.00238	0.00702	0.00529	0.00517	0.00914
3	0.10939	0.01696	0.02229	0.32710	0.14519	0.07906	0.01820	0.02256	0.05749	0.02262	0.01379	0.01853	0.01099	0.00827	0.00928	0.00251	0.09624	0.00637	0.00391	0.00925
4	0.10266	0.01272	0.01526	0.01259	0.01706	0.01248	0.01002	0.05950	0.11136	0.34767	0.13650	0.03117	0.02747	0.05773	0.00959	0.00271	0.00600	0.00861	0.00811	0.01080
5	0.09044	0.01409	0.01822	0.01724	0.09989	0.01372	0.01225	0.10539	0.04968	0.35671	0.11734	0.02739	0.02402	0.00974	0.00755	0.00234	0.00652	0.00803	0.00787	0.01155
6	0.01175	0.00834	0.00979	0.00980	0.01064	0.00849	0.00637	0.01493	0.09390	0.01968	0.11817	0.16322	0.03628	0.38923	0.02533	0.04337	0.00612	0.01269	0.00585	0.00606
7	0.01052	0.00787	0.00975	0.01092	0.01187	0.00780	0.00745	0.01424	0.09485	0.02061	0.04044	0.57849	0.06565	0.06735	0.01127	0.00327	0.00477	0.01912	0.00697	0.00678
8	0.01460	0.00808	0.01072	0.01089	0.01257	0.00738	0.00773	0.01643	0.01658	0.15783	0.11301	0.46176	0.04477	0.06635	0.01107	0.00313	0.00492	0.01711	0.00751	0.00756
9	0.35469	0.01477	0.01440	0.01222	0.01667	0.01625	0.00970	0.12451	0.11223	0.12922	0.01912	0.02206	0.01499	0.09701	0.01015	0.00298	0.00654	0.00653	0.00625	0.00973
10	0.00966	0.00697	0.00894	0.00996	0.01078	0.00647	0.00677	0.01136	0.01580	0.02123	0.16892	0.49164	0.09879	0.08102	0.01190	0.00326	0.00444	0.01873	0.00709	0.00624
11	0.01753	0.01476	0.01664	0.01270	0.01883	0.01321	0.01012	0.07744	0.16564	0.02823	0.01780	0.01877	0.01406	0.00696	0.00626	0.00155	0.00593	0.00561	0.00548	0.54247
12	0.02582	0.01339	0.01667	0.01318	0.01855	0.01233	0.01065	0.05813	0.12656	0.37497	0.09217	0.02723	0.02322	0.00948	0.00742	0.00217	0.00603	0.00781	0.00808	0.14614

[dist]
# distance from previous block
# <min> <max>
6	9

[block]
# block no. 1 follows, 26 sequences, length 14
# corresponding to MSA columns:
# 89-102
name=unknown_B
#
# <colnr> <probs for GDERKNQSTAVLIFYWHMCP>
#	G	D	E	R	K	N	Q	S	T	A	V	L	I	F	Y	W	H	M	C	P
0	0.01684	0.01880	0.07767	0.24099	0.14438	0.06660	0.14574	0.02172	0.01665	0.02248	0.04535	0.02113	0.01403	0.00806	0.00898	0.00245	0.06298	0.00730	0.04839	0.00947
1	0.01500	0.01403	0.02433	0.48075	0.14934	0.01612	0.06873	0.01942	0.01540	0.02029	0.01517	0.05611	0.01273	0.00920	0.00898	0.04470	0.00966	0.00766	0.00365	0.00875
2	0.01184	0.00784	0.01031	0.01022	0.01185	0.00729	0.00757	0.01469	0.01913	0.06325	0.42678	0.19806	0.05958	0.05878	0.01085	0.00290	0.00438	0.05977	0.00782	0.00711
3	0.02085	0.01821	0.03092	0.06204	0.08074	0.01892	0.27790	0.14952	0.04642	0.07908	0.01744	0.02065	0.01304	0.00819	0.00967	0.00249	0.07757	0.00781	0.04782	0.01071
4	0.09525	0.04288	0.01917	0.11053	0.02322	0.01825	0.01294	0.27297	0.02301	0.03329	0.05475	0.02187	0.01621	0.03548	0.03391	0.00280	0.06174	0.00691	0.06223	0.05259
5	0.02465	0.03665	0.05617	0.01502	0.02004	0.01699	0.01261	0.33274	0.02611	0.17222	0.02413	0.12803	0.02053	0.06597	0.01016	0.00278	0.00744	0.00937	0.00729	0.01109
6	0.06732	0.01483	0.01776	0.01406	0.01955	0.01461	0.01146	0.14629	0.12105	0.38852	0.05069	0.02484	0.01948	0.00941	0.00744	0.00231	0.00655	0.00753	0.00831	0.04799
7	0.01373	0.00987	0.01212	0.01092	0.01352	0.00962	0.00834	0.06624	0.07878	0.05356	0.48768	0.08732	0.05733	0.01442	0.00859	0.00238	0.00438	0.01261	0.00804	0.04055
8	0.01051	0.00758	0.00994	0.00969	0.01128	0.00701	0.00714	0.01376	0.02044	0.02877	0.58683	0.15663	0.06838	0.01674	0.00906	0.00249	0.00370	0.01488	0.00815	0.00701
9	0.01387	0.01137	0.01568	0.06693	0.01729	0.01436	0.01164	0.01577	0.01277	0.01935	0.01841	0.09056	0.01825	0.08525	0.11285	0.04670	0.28620	0.00871	0.12693	0.00710
10	0.03403	0.01291	0.01760	0.01350	0.01936	0.01115	0.01115	0.03697	0.02171	0.69137	0.02992	0.02582	0.01878	0.00939	0.00763	0.00235	0.00645	0.00763	0.00939	0.01291
11	0.01407	0.00989	0.03217	0.03925	0.01510	0.00916	0.00925	0.05019	0.01655	0.10356	0.03760	0.44735	0.08465	0.05539	0.01111	0.00309	0.03063	0.01653	0.00685	0.00761
12	0.13386	0.32917	0.21858	0.01616	0.02356	0.06764	0.03457	0.05753	0.01675	0.02382	0.01203	0.01393	0.00969	0.00700	0.00589	0.00203	0.00916	0.00484	0.00374	0.01005
13	0.02002	0.02078	0.06564	0.06741	0.37997	0.07075	0.09642	0.09853	0.01958	0.02666	0.01455	0.01827	0.01163	0.00707	0.00752	0.00223	0.00973	0.00670	0.00422	0.05232

[dist]
# distance from previous block
# <min> <max>
0	1

[block]
# block no. 2 follows, 26 sequences, length 50
# corresponding to MSA columns:
# 104-153
name=unknown_C
#
# <colnr> <probs for GDERKNQSTAVLIFYWHMCP>
#	G	D	E	R	K	N	Q	S	T	A	V	L	I	F	Y	W	H	M	C	P
0	0.04397	0.19083	0.45306	0.01988	0.02937	0.02027	0.07369	0.02409	0.01610	0.04343	0.01346	0.01569	0.01002	0.00704	0.00675	0.00224	0.01032	0.00554	0.00350	0.01075
1	0.04500	0.06499	0.58096	0.02172	0.06318	0.01785	0.02573	0.02441	0.01617	0.05203	0.01409	0.01626	0.01006	0.00724	0.00705	0.00236	0.01058	0.00563	0.00355	0.01115
2	0.01110	0.00777	0.00999	0.00961	0.01144	0.00709	0.00714	0.01425	0.02030	0.04795	0.53443	0.13457	0.12260	0.01661	0.00899	0.00248	0.00378	0.01465	0.00811	0.00715
3	0.00951	0.00689	0.00900	0.01033	0.01114	0.00639	0.00713	0.01122	0.01569	0.02094	0.12450	0.57535	0.09908	0.02230	0.00956	0.00297	0.00434	0.04011	0.00720	0.00633
4	0.01535	0.03831	0.66219	0.02213	0.03316	0.01769	0.05904	0.02403	0.01611	0.02403	0.01370	0.01623	0.00970	0.00717	0.00729	0.00241	0.01129	0.00577	0.00323	0.01116
5	0.01715	0.01911	0.04076	0.11662	0.04022	0.01844	0.55623	0.02320	0.01744	0.02351	0.01603	0.04506	0.01268	0.00715	0.00881	0.00257	0.01216	0.00911	0.00389	0.00986
6	0.03403	0.01291	0.01760	0.01350	0.01936	0.01115	0.01115	0.03697	0.02171	0.69137	0.02992	0.02582	0.01878	0.00939	0.00763	0.00235	0.00645	0.00763	0.00939	0.01291
7	0.02028	0.73799	0.03975	0.01298	0.01947	0.03001	0.01298	0.02271	0.01541	0.01785	0.01055	0.01217	0.00973	0.00649	0.00487	0.00162	0.00811	0.00406	0.00324	0.00973
8	0.01084	0.00813	0.01219	0.01219	0.01354	0.00948	0.00948	0.01354	0.01219	0.01761	0.02032	0.02980	0.01896	0.05689	0.70337	0.01219	0.02032	0.00813	0.00406	0.00677
9	0.00924	0.00660	0.00880	0.01056	0.01100	0.00616	0.00704	0.01056	0.01452	0.01936	0.04181	0.72848	0.05017	0.02376	0.00968	0.00308	0.00440	0.02156	0.00704	0.00616
10	0.01084	0.00813	0.01219	0.01219	0.01354	0.00948	0.00948	0.01354	0.01219	0.01761	0.02032	0.02980	0.01896	0.05689	0.70337	0.01219	0.02032	0.00813	0.00406	0.00677
11	0.12353	0.02042	0.02131	0.01652	0.02242	0.02271	0.01364	0.58107	0.03282	0.04608	0.01726	0.01748	0.01231	0.00885	0.00723	0.00229	0.00804	0.00649	0.00723	0.01231
12	0.01471	0.00762	0.00768	0.00747	0.00940	0.00771	0.00565	0.04252	0.01667	0.02903	0.02449	0.02789	0.01919	0.00885	0.00539	0.00179	0.00372	0.00706	0.74587	0.00729
13	0.35323	0.01365	0.01487	0.01200	0.01737	0.01364	0.00990	0.03075	0.01798	0.41271	0.02172	0.02010	0.01430	0.00839	0.00638	0.00235	0.00621	0.00614	0.00740	0.01092
14	0.01559	0.09082	0.64583	0.02098	0.03184	0.01853	0.02691	0.02392	0.01597	0.02357	0.01339	0.01573	0.00962	0.00715	0.00703	0.00234	0.01098	0.00549	0.00321	0.01110
15	0.01843	0.01592	0.01674	0.01510	0.01931	0.01832	0.01173	0.03902	0.64382	0.03124	0.03288	0.03025	0.05195	0.01068	0.00777	0.00257	0.00591	0.00890	0.00769	0.01176
16	0.01580	0.06372	0.56031	0.02248	0.03260	0.01853	0.10467	0.02376	0.01604	0.02357	0.01355	0.01643	0.00986	0.00733	0.00806	0.00243	0.04064	0.00600	0.00329	0.01091
17	0.01855	0.01780	0.03039	0.07945	0.65493	0.01796	0.02317	0.02309	0.01717	0.02451	0.01423	0.01884	0.01192	0.00680	0.00751	0.00227	0.00907	0.00676	0.00374	0.01184
18	0.00924	0.00660	0.00880	0.01056	0.01100	0.00616	0.00704	0.01056	0.01452	0.01936	0.04181	0.72848	0.05017	0.02376	0.00968	0.00308	0.00440	0.02156	0.00704	0.00616
19	0.01185	0.00962	0.01414	0.01355	0.01467	0.01190	0.01073	0.01437	0.01209	0.01772	0.01849	0.02747	0.01738	0.04921	0.58387	0.01063	0.14347	0.00786	0.00393	0.00704
20	0.01724	0.02246	0.13325	0.03030	0.06271	0.01844	0.52201	0.02371	0.01749	0.02409	0.01604	0.04603	0.01270	0.00717	0.00868	0.00254	0.01211	0.00887	0.00386	0.01028
21	0.00939	0.00671	0.00897	0.01073	0.01123	0.00629	0.00730	0.01081	0.01467	0.01953	0.04173	0.69694	0.04985	0.02363	0.00972	0.00310	0.00453	0.05166	0.00704	0.00620
22	0.00924	0.00660	0.00880	0.01056	0.01100	0.00616	0.00704	0.01056	0.01452	0.01936	0.04181	0.72848	0.05017	0.02376	0.00968	0.00308	0.00440	0.02156	0.00704	0.00616
23	0.01211	0.04602	0.01167	0.01098	0.01246	0.00858	0.00790	0.04221	0.01692	0.05446	0.13594	0.52323	0.04813	0.02026	0.00913	0.00283	0.00475	0.01812	0.00718	0.00713
24	0.01773	0.02075	0.06957	0.05909	0.09806	0.01892	0.55074	0.02400	0.01766	0.02414	0.01510	0.02011	0.01142	0.00651	0.00870	0.00252	0.01228	0.00853	0.00378	0.01036
25	0.01232	0.01023	0.01470	0.01385	0.01475	0.01283	0.01091	0.01455	0.01195	0.01754	0.01795	0.02800	0.01735	0.09961	0.47691	0.00954	0.19812	0.00798	0.00392	0.00699
26	0.01818	0.01761	0.03030	0.11246	0.56095	0.01819	0.05322	0.02271	0.01683	0.02392	0.01405	0.01890	0.01171	0.00712	0.00837	0.00234	0.04118	0.00686	0.00370	0.01140
27	0.02240	0.52023	0.05408	0.01498	0.02098	0.18964	0.01388	0.05119	0.01772	0.01945	0.01124	0.01289	0.00987	0.00694	0.00552	0.00175	0.00954	0.00441	0.00358	0.00969
28	0.02826	0.02094	0.02276	0.04515	0.02466	0.02326	0.01468	0.63536	0.03485	0.04667	0.01802	0.01829	0.01279	0.00904	0.00759	0.00229	0.00842	0.00683	0.00742	0.01272
29	0.06119	0.59607	0.05712	0.01386	0.02011	0.10722	0.01341	0.02361	0.01601	0.01897	0.01078	0.01247	0.00965	0.00670	0.00516	0.00172	0.00874	0.00420	0.00340	0.00959
30	0.02152	0.51529	0.10180	0.01527	0.02168	0.17472	0.01486	0.02449	0.01679	0.01862	0.01111	0.01288	0.00973	0.00685	0.00553	0.00177	0.00963	0.00439	0.00338	0.00968
31	0.03317	0.01310	0.01758	0.01361	0.01938	0.01159	0.01120	0.03715	0.05853	0.65404	0.02998	0.02596	0.01902	0.00944	0.00763	0.00236	0.00643	0.00768	0.00929	0.01286
32	0.01546	0.07351	0.66203	0.02120	0.03217	0.01822	0.02729	0.02396	0.01598	0.02372	0.01346	0.01583	0.00961	0.00717	0.00709	0.00236	0.01106	0.00553	0.00320	0.01114
33	0.01093	0.00734	0.00840	0.00845	0.00857	0.00729	0.00485	0.01120	0.01178	0.01581	0.06195	0.08049	0.03108	0.66097	0.03563	0.00688	0.00701	0.01166	0.00492	0.00481
34	0.00941	0.00672	0.00899	0.01075	0.01127	0.00631	0.00733	0.01085	0.01469	0.01955	0.04171	0.69210	0.04980	0.02360	0.00973	0.00310	0.00455	0.05628	0.00704	0.00621
35	0.01318	0.00659	0.00988	0.00988	0.00988	0.00659	0.00659	0.00988	0.00988	0.01318	0.01318	0.02306	0.01318	0.02635	0.02964	0.77931	0.00659	0.00659	0.00329	0.00329
36	0.01432	0.01348	0.02275	0.71520	0.05224	0.01685	0.02107	0.01938	0.01517	0.01938	0.01348	0.02022	0.01011	0.00758	0.00758	0.00253	0.01011	0.00674	0.00337	0.00843
37	0.00924	0.00660	0.00880	0.01056	0.01100	0.00616	0.00704	0.01056	0.01452	0.01936	0.04181	0.72848	0.05017	0.02376	0.00968	0.00308	0.00440	0.02156	0.00704	0.00616
38	0.03403	0.01291	0.01760	0.01350	0.01936	0.01115	0.01115	0.03697	0.02171	0.69137	0.02992	0.02582	0.01878	0.00939	0.00763	0.00235	0.00645	0.00763	0.00939	0.01291
39	0.01432	0.01348	0.02275	0.71520	0.05224	0.01685	0.02107	0.01938	0.01517	0.01938	0.01348	0.02022	0.01011	0.00758	0.00758	0.00253	0.01011	0.00674	0.00337	0.00843
40	0.03083	0.01220	0.01658	0.01295	0.01826	0.01060	0.01060	0.03385	0.02168	0.60053	0.11956	0.03006	0.02603	0.01023	0.00781	0.00235	0.00606	0.00846	0.00925	0.01212
41	0.02624	0.01931	0.02060	0.01623	0.02168	0.02141	0.01327	0.52464	0.11145	0.04401	0.02037	0.02039	0.01477	0.00922	0.00739	0.00226	0.00761	0.00706	0.07986	0.01224
42	0.01432	0.01348	0.02275	0.71520	0.05224	0.01685	0.02107	0.01938	0.01517	0.01938	0.01348	0.02022	0.01011	0.00758	0.00758	0.00253	0.01011	0.00674	0.00337	0.00843
43	0.06347	0.67071	0.06281	0.01313	0.01970	0.02881	0.01328	0.02274	0.01529	0.01899	0.01066	0.01232	0.00964	0.00655	0.00495	0.00169	0.00810	0.00412	0.00333	0.00970
44	0.00950	0.00680	0.00906	0.01055	0.01118	0.00635	0.00721	0.01114	0.01539	0.02070	0.11351	0.63348	0.05237	0.02275	0.00962	0.00302	0.00439	0.03949	0.00719	0.00630
45	0.03082	0.01724	0.02019	0.01556	0.02147	0.01768	0.01283	0.35154	0.05399	0.34140	0.02406	0.02208	0.01598	0.00928	0.00761	0.00232	0.00739	0.00726	0.00842	0.01287
46	0.01014	0.00853	0.03772	0.01129	0.01239	0.00739	0.00825	0.01276	0.04610	0.02009	0.03931	0.61256	0.04601	0.05158	0.01071	0.00322	0.00498	0.04354	0.00681	0.00662
47	0.01011	0.00785	0.01187	0.01224	0.01331	0.00736	0.06222	0.01187	0.01487	0.01991	0.05930	0.61424	0.04649	0.05605	0.01098	0.00322	0.00523	0.01974	0.00669	0.00646
48	0.02077	0.01634	0.01904	0.01411	0.02056	0.04045	0.04173	0.16160	0.02093	0.08712	0.01596	0.01729	0.01221	0.00683	0.00643	0.00158	0.00694	0.00550	0.00554	0.47908
49	0.05175	0.34222	0.02958	0.01622	0.02070	0.21709	0.01401	0.05741	0.01739	0.02031	0.01117	0.01373	0.00989	0.00827	0.00925	0.00209	0.14095	0.00491	0.00373	0.00931

[dist]
# distance from previous block
# <min> <max>
0	2

[block]
# block no. 3 follows, 26 sequences, length 175
# corresponding to MSA columns:
# 156-330
name=unknown_D
#
# <colnr> <probs for GDERKNQSTAVLIFYWHMCP>
#	G	D	E	R	K	N	Q	S	T	A	V	L	I	F	Y	W	H	M	C	P
0	0.07247	0.04720	0.04371	0.01328	0.01938	0.01283	0.01137	0.03199	0.05477	0.44359	0.02444	0.02239	0.01630	0.00842	0.00697	0.00211	0.00650	0.00668	0.00764	0.14796
1	0.09324	0.14381	0.33609	0.01994	0.05689	0.04461	0.07253	0.02442	0.01628	0.07682	0.01421	0.01646	0.01062	0.00784	0.00753	0.02885	0.00978	0.00570	0.00396	0.01041
2	0.01649	0.08630	0.17778	0.23719	0.08050	0.01903	0.23007	0.02253	0.01640	0.02219	0.01391	0.01858	0.01054	0.00696	0.00770	0.00241	0.01098	0.00698	0.00350	0.00996
3	0.01877	0.01802	0.03079	0.04656	0.68612	0.01802	0.02328	0.02328	0.01727	0.02478	0.01427	0.01877	0.01201	0.00676	0.00751	0.00225	0.00901	0.00676	0.00375	0.01201
4	0.01854	0.01770	0.02976	0.08151	0.62304	0.01799	0.02267	0.02380	0.04534	0.02479	0.01494	0.01926	0.01239	0.00696	0.00752	0.00228	0.00894	0.00684	0.00390	0.01182
5	0.01664	0.01879	0.06583	0.26250	0.08879	0.01825	0.37094	0.02256	0.01685	0.02266	0.01456	0.02006	0.01099	0.00686	0.00831	0.00252	0.01155	0.00790	0.00365	0.00979
6	0.00924	0.00660	0.00880	0.01056	0.01100	0.00616	0.00704	0.01056	0.01452	0.01936	0.04181	0.72848	0.05017	0.02376	0.00968	0.00308	0.00440	0.02156	0.00704	0.00616
7	0.01617	0.01341	0.01488	0.01373	0.01715	0.01494	0.01071	0.03143	0.44712	0.03070	0.20821	0.04025	0.03781	0.01250	0.00826	0.00259	0.00542	0.05658	0.00783	0.01032
8	0.01093	0.00775	0.01027	0.01027	0.01096	0.00844	0.00709	0.01231	0.01162	0.01619	0.02207	0.03952	0.02318	0.38846	0.37758	0.00982	0.01396	0.00955	0.00432	0.00571
9	0.01521	0.03923	0.69413	0.02162	0.03283	0.01762	0.02802	0.02402	0.01601	0.02402	0.01361	0.01601	0.00961	0.00721	0.00721	0.00240	0.01121	0.00560	0.00320	0.01121
10	0.06819	0.01299	0.01731	0.01334	0.01915	0.01141	0.01102	0.03630	0.02131	0.66155	0.02905	0.02520	0.01830	0.00928	0.00749	0.00235	0.00643	0.00747	0.00918	0.01270
11	0.01077	0.00724	0.00835	0.00860	0.00867	0.00718	0.00495	0.01096	0.01154	0.01538	0.02649	0.14802	0.03085	0.63058	0.03441	0.00673	0.00693	0.01256	0.00495	0.00482
12	0.04189	0.23404	0.45253	0.01937	0.02885	0.02117	0.05737	0.02361	0.01585	0.02262	0.01274	0.01505	0.00970	0.00696	0.00656	0.00219	0.01025	0.00530	0.00330	0.01064
13	0.01124	0.00793	0.01121	0.01121	0.01248	0.00899	0.00852	0.01378	0.01251	0.01857	0.02118	0.03156	0.01986	0.11742	0.55720	0.01051	0.01710	0.00829	0.09386	0.00659
14	0.03041	0.01236	0.01661	0.01305	0.01832	0.01092	0.01066	0.03412	0.04617	0.57999	0.11536	0.02995	0.02585	0.01022	0.00780	0.00236	0.00606	0.00846	0.00919	0.01212
15	0.01916	0.01818	0.03025	0.04176	0.55922	0.01841	0.06450	0.05259	0.07186	0.02632	0.01587	0.01964	0.01293	0.00713	0.00763	0.00230	0.00899	0.00706	0.00425	0.01193
16	0.01862	0.01602	0.02687	0.27145	0.41041	0.01701	0.02144	0.02318	0.01695	0.08263	0.01540	0.01990	0.01197	0.00727	0.00755	0.00235	0.00916	0.00683	0.00413	0.01087
17	0.03383	0.01323	0.01780	0.01365	0.01952	0.01162	0.01127	0.06079	0.02224	0.66679	0.02948	0.02553	0.01855	0.00938	0.00763	0.00234	0.00653	0.00760	0.00932	0.01291
18	0.00924	0.00660	0.00880	0.01056	0.01100	0.00616	0.00704	0.01056	0.01452	0.01936	0.04181	0.72848	0.05017	0.02376	0.00968	0.00308	0.00440	0.02156	0.00704	0.00616
19	0.01554	0.06286	0.63581	0.02188	0.03273	0.01814	0.06172	0.02399	0.01610	0.02382	0.01360	0.01612	0.00972	0.00714	0.00722	0.00238	0.01119	0.00573	0.00324	0.01110
20	0.01704	0.01624	0.02737	0.22463	0.47883	0.01708	0.02174	0.02156	0.01671	0.02309	0.01743	0.02209	0.04773	0.00765	0.00761	0.00234	0.00903	0.00725	0.00383	0.01074
21	0.04981	0.36882	0.07173	0.01623	0.02184	0.31714	0.01447	0.02603	0.01797	0.01910	0.01124	0.01306	0.00969	0.00712	0.00585	0.00184	0.01061	0.00451	0.00358	0.00937
22	0.01796	0.36021	0.30302	0.01962	0.05455	0.02352	0.07946	0.02341	0.01596	0.02122	0.01238	0.01476	0.00994	0.00678	0.00630	0.00205	0.00983	0.00525	0.00330	0.01047
23	0.02341	0.05588	0.05193	0.02459	0.21122	0.01596	0.05075	0.06294	0.08289	0.23996	0.02337	0.04799	0.01817	0.00945	0.00774	0.00240	0.00784	0.04549	0.00641	0.01161
24	0.01614	0.01062	0.00913	0.00874	0.01088	0.08095	0.00660	0.04113	0.01718	0.02793	0.02315	0.02639	0.01820	0.00874	0.00554	0.00180	0.00477	0.00683	0.66782	0.00745
25	0.01239	0.00846	0.00960	0.00919	0.00973	0.00871	0.00562	0.06117	0.01299	0.01741	0.02327	0.04614	0.02598	0.64097	0.07230	0.00723	0.00813	0.01055	0.00480	0.00535
26	0.03375	0.01336	0.01788	0.01371	0.01959	0.01182	0.01132	0.07064	0.02246	0.65663	0.02929	0.02541	0.01846	0.00937	0.00763	0.00234	0.00656	0.00758	0.00929	0.01291
27	0.03206	0.01247	0.01697	0.01316	0.01868	0.01081	0.01081	0.03505	0.02169	0.63534	0.08521	0.02843	0.02325	0.00991	0.00774	0.00235	0.00621	0.00814	0.00930	0.01242
28	0.01659	0.01659	0.02323	0.01991	0.01991	0.02323	0.01659	0.01825	0.01162	0.01825	0.00996	0.01659	0.00996	0.01328	0.02489	0.00332	0.71955	0.00664	0.00332	0.00830
29	0.01877	0.01802	0.03079	0.04656	0.68612	0.01802	0.02328	0.02328	0.01727	0.02478	0.01427	0.01877	0.01201	0.00676	0.00751	0.00225	0.00901	0.00676	0.00375	0.01201
30	0.01318	0.00659	0.00988	0.00988	0.00988	0.00659	0.00659	0.00988	0.00988	0.01318	0.01318	0.02306	0.01318	0.02635	0.02964	0.77931	0.00659	0.00659	0.00329	0.00329
31	0.01086	0.00803	0.01168	0.01168	0.01285	0.00920	0.00884	0.01322	0.01204	0.01723	0.02079	0.03239	0.02009	0.14544	0.61637	0.01156	0.01862	0.00851	0.00413	0.00649
32	0.05994	0.01297	0.01738	0.01337	0.01920	0.01135	0.01105	0.03646	0.02141	0.66875	0.02926	0.02535	0.01841	0.00931	0.00753	0.00235	0.00643	0.00751	0.00923	0.01275
33	0.00982	0.00772	0.00887	0.00858	0.01077	0.00677	0.00643	0.01254	0.01930	0.02528	0.36858	0.06512	0.38831	0.01742	0.00896	0.00248	0.00371	0.01490	0.00767	0.00677
34	0.01414	0.00707	0.00707	0.00707	0.00884	0.00707	0.00530	0.01767	0.01591	0.02828	0.02474	0.02828	0.01944	0.00884	0.00530	0.00177	0.00353	0.00707	0.77554	0.00707
35	0.00924	0.00660	0.00880	0.01056	0.01100	0.00616	0.00704	0.01056	0.01452	0.01936	0.04181	0.72848	0.05017	0.02376	0.00968	0.00308	0.00440	0.02156	0.00704	0.00616
36	0.02883	0.02125	0.02276	0.01745	0.02352	0.02352	0.01442	0.66082	0.03566	0.04780	0.01821	0.01821	0.01290	0.00911	0.00759	0.00228	0.00835	0.00683	0.00759	0.01290
37	0.02000	0.69976	0.07555	0.01345	0.02020	0.02933	0.01380	0.02278	0.01545	0.01818	0.01071	0.01238	0.00973	0.00653	0.00499	0.00166	0.00828	0.00414	0.00324	0.00981
38	0.01062	0.00829	0.00970	0.00925	0.01148	0.00765	0.00696	0.01476	0.06255	0.02686	0.41750	0.06079	0.29266	0.01652	0.00887	0.00246	0.00383	0.01422	0.00783	0.00720
39	0.74581	0.01457	0.01150	0.01017	0.01493	0.01669	0.00838	0.02310	0.01339	0.07000	0.01162	0.01306	0.00879	0.00717	0.00485	0.00235	0.00590	0.00430	0.00495	0.00847
40	0.01920	0.58961	0.17871	0.01481	0.02231	0.02738	0.01617	0.02299	0.01554	0.01916	0.01120	0.01298	0.00971	0.00664	0.00536	0.00179	0.00877	0.00438	0.00324	0.01005
41	0.01100	0.00801	0.01159	0.01159	0.01283	0.00917	0.00882	0.01348	0.01224	0.01778	0.02086	0.03168	0.01983	0.12112	0.60820	0.01127	0.01832	0.00837	0.03730	0.00657
42	0.01518	0.03622	0.61227	0.02242	0.05462	0.01718	0.05403	0.02340	0.01607	0.02385	0.01499	0.04862	0.01161	0.00791	0.00740	0.00243	0.01089	0.00651	0.00342	0.01097
43	0.78701	0.01467	0.01115	0.00997	0.01467	0.01702	0.00821	0.02230	0.01291	0.03403	0.01056	0.01232	0.00821	0.00704	0.00469	0.00235	0.00587	0.00411	0.00469	0.00821
44	0.01091	0.00852	0.00999	0.00948	0.01175	0.00800	0.00715	0.01560	0.08057	0.02728	0.42308	0.05938	0.26764	0.01624	0.00884	0.00246	0.00389	0.01399	0.00786	0.00736
45	0.01877	0.01802	0.03079	0.04656	0.68612	0.01802	0.02328	0.02328	0.01727	0.02478	0.01427	0.01877	0.01201	0.00676	0.00751	0.00225	0.00901	0.00676	0.00375	0.01201
46	0.01164	0.00797	0.01033	0.00961	0.01162	0.00729	0.00725	0.01510	0.02126	0.05831	0.62138	0.05621	0.10231	0.01544	0.00889	0.00239	0.00372	0.01358	0.00832	0.00736
47	0.01877	0.01802	0.03079	0.04656	0.68612	0.01802	0.02328	0.02328	0.01727	0.02478	0.01427	0.01877	0.01201	0.00676	0.00751	0.00225	0.00901	0.00676	0.00375	0.01201
48	0.00898	0.00762	0.00775	0.00786	0.01029	0.00639	0.00584	0.01087	0.01712	0.02042	0.07466	0.11386	0.64359	0.01949	0.00901	0.00259	0.00388	0.01635	0.00704	0.00639
49	0.74581	0.01457	0.01150	0.01017	0.01493	0.01669	0.00838	0.02310	0.01339	0.07000	0.01162	0.01306	0.00879	0.00717	0.00485	0.00235	0.00590	0.00430	0.00495	0.00847
50	0.02782	0.03506	0.02126	0.01932	0.02325	0.66555	0.01451	0.03084	0.05711	0.01928	0.01277	0.01448	0.01050	0.00795	0.00689	0.00199	0.01326	0.00509	0.00412	0.00897
51	0.02935	0.02042	0.02225	0.01706	0.02311	0.02229	0.01409	0.59884	0.03428	0.11174	0.01937	0.01897	0.01348	0.00913	0.00759	0.00228	0.00816	0.00691	0.00777	0.01290
52	0.01128	0.00863	0.01253	0.03157	0.01422	0.01013	0.00949	0.01361	0.01208	0.01728	0.02007	0.03164	0.01945	0.14968	0.55207	0.01075	0.05645	0.00842	0.00408	0.00659
53	0.01129	0.00900	0.00993	0.01019	0.03483	0.00818	0.00729	0.01524	0.07894	0.04780	0.09976	0.09246	0.51253	0.01757	0.00878	0.00256	0.00433	0.01479	0.00715	0.00740
54	0.00896	0.00768	0.00768	0.00768	0.01025	0.00640	0.00576	0.01089	0.01729	0.02049	0.07684	0.07300	0.68304	0.01921	0.00896	0.00256	0.00384	0.01601	0.00704	0.00640
55	0.01563	0.01482	0.02511	0.51877	0.23846	0.01720	0.02172	0.02053	0.01579	0.02097	0.01371	0.01980	0.01067	0.00734	0.00756	0.00245	0.00979	0.00675	0.00348	0.00948
56	0.01676	0.16306	0.52613	0.02093	0.05467	0.04655	0.02464	0.02400	0.01617	0.02273	0.01302	0.01534	0.00973	0.00709	0.00679	0.00224	0.01067	0.00534	0.00326	0.01088
57	0.01659	0.01659	0.02323	0.01991	0.01991	0.02323	0.01659	0.01825	0.01162	0.01825	0.00996	0.01659	0.00996	0.01328	0.02489	0.00332	0.71955	0.00664	0.00332	0.00830
58	0.00937	0.00669	0.00894	0.01070	0.01120	0.00627	0.00726	0.01078	0.01464	0.01950	0.04174	0.70164	0.04990	0.02365	0.00971	0.00310	0.00451	0.04718	0.00704	0.00620
59	0.01555	0.03690	0.61355	0.02290	0.03367	0.01781	0.10627	0.02406	0.01625	0.02406	0.01383	0.01657	0.00984	0.00711	0.00742	0.00242	0.01141	0.00602	0.00328	0.01109
60	0.01588	0.01514	0.02569	0.47506	0.23023	0.01734	0.04622	0.02140	0.03848	0.02153	0.01438	0.02010	0.01115	0.00740	0.00762	0.00245	0.00976	0.00690	0.00365	0.00964
61	0.03385	0.01320	0.01778	0.01363	0.01951	0.01158	0.01126	0.05880	0.02220	0.66885	0.02951	0.02555	0.01857	0.00938	0.00763	0.00234	0.00652	0.00760	0.00933	0.01291
62	0.00945	0.00791	0.00827	0.00829	0.01071	0.00687	0.00617	0.01212	0.03993	0.02152	0.11672	0.11787	0.56992	0.01896	0.00897	0.00259	0.00394	0.01599	0.00716	0.00663
63	0.01675	0.09703	0.41283	0.02527	0.11615	0.01912	0.12101	0.02473	0.05184	0.02401	0.01461	0.01735	0.01095	0.00713	0.00732	0.00234	0.01060	0.00628	0.00362	0.01107
64	0.00924	0.00660	0.00880	0.01056	0.01100	0.00616	0.00704	0.01056	0.01452	0.01936	0.04181	0.72848	0.05017	0.02376	0.00968	0.00308	0.00440	0.02156	0.00704	0.00616
65	0.02833	0.03615	0.02149	0.01954	0.02345	0.70298	0.01466	0.03029	0.02149	0.01856	0.01172	0.01368	0.00977	0.00782	0.00684	0.00195	0.01368	0.00489	0.00391	0.00879
66	0.01573	0.01348	0.01573	0.01123	0.01798	0.01011	0.00899	0.01910	0.01573	0.02472	0.01348	0.01573	0.01123	0.00562	0.00562	0.00112	0.00562	0.00449	0.00449	0.77980
67	0.01853	0.01778	0.03035	0.08285	0.65171	0.01796	0.02316	0.02307	0.01716	0.02449	0.01422	0.01885	0.01191	0.00680	0.00751	0.00227	0.00907	0.00676	0.00373	0.01182
68	0.02028	0.73799	0.03975	0.01298	0.01947	0.03001	0.01298	0.02271	0.01541	0.01785	0.01055	0.01217	0.00973	0.00649	0.00487	0.00162	0.00811	0.00406	0.00324	0.00973
69	0.03403	0.01291	0.01760	0.01350	0.01936	0.01115	0.01115	0.03697	0.02171	0.69137	0.02992	0.02582	0.01878	0.00939	0.00763	0.00235	0.00645	0.00763	0.00939	0.01291
70	0.01887	0.01629	0.01715	0.01544	0.01972	0.01887	0.01201	0.04031	0.67241	0.03173	0.03087	0.02830	0.02315	0.01029	0.00772	0.00257	0.00600	0.00858	0.00772	0.01201
71	0.02883	0.02125	0.02276	0.01745	0.02352	0.02352	0.01442	0.66082	0.03566	0.04780	0.01821	0.01821	0.01290	0.00911	0.00759	0.00228	0.00835	0.00683	0.00759	0.01290
72	0.00948	0.00725	0.00869	0.00972	0.01109	0.00654	0.00698	0.01120	0.01576	0.01998	0.05447	0.39414	0.29062	0.04378	0.01038	0.00305	0.00453	0.07908	0.00696	0.00629
73	0.01604	0.01578	0.02217	0.01917	0.01930	0.02191	0.01591	0.01780	0.01167	0.01819	0.01096	0.01787	0.01083	0.01748	0.09035	0.00417	0.65209	0.00678	0.00339	0.00815
74	0.00896	0.00768	0.00768	0.00768	0.01025	0.00640	0.00576	0.01089	0.01729	0.02049	0.07684	0.07300	0.68304	0.01921	0.00896	0.00256	0.00384	0.01601	0.00704	0.00640
75	0.00924	0.00660	0.00880	0.01056	0.01100	0.00616	0.00704	0.01056	0.01452	0.01936	0.04181	0.72848	0.05017	0.02376	0.00968	0.00308	0.00440	0.02156	0.00704	0.00616
76	0.78701	0.01467	0.01115	0.00997	0.01467	0.01702	0.00821	0.02230	0.01291	0.03403	0.01056	0.01232	0.00821	0.00704	0.00469	0.00235	0.00587	0.00411	0.00469	0.00821
77	0.01077	0.00795	0.01150	0.01160	0.01273	0.00903	0.00872	0.01306	0.01217	0.01733	0.02194	0.07007	0.02175	0.14208	0.58046	0.01108	0.01779	0.00923	0.00429	0.00646
78	0.01318	0.00659	0.00988	0.00988	0.00988	0.00659	0.00659	0.00988	0.00988	0.01318	0.01318	0.02306	0.01318	0.02635	0.02964	0.77931	0.00659	0.00659	0.00329	0.00329
79	0.01414	0.00707	0.00707	0.00707	0.00884	0.00707	0.00530	0.01767	0.01591	0.02828	0.02474	0.02828	0.01944	0.00884	0.00530	0.00177	0.00353	0.00707	0.77554	0.00707
80	0.01102	0.00739	0.00844	0.00844	0.00850	0.00745	0.00481	0.01114	0.01108	0.01483	0.02374	0.04877	0.02720	0.70388	0.06764	0.00756	0.00792	0.01090	0.00457	0.00469
81	0.03230	0.01474	0.04436	0.01421	0.02024	0.01269	0.01210	0.08691	0.04746	0.58827	0.02838	0.02492	0.01811	0.00931	0.00761	0.00235	0.00677	0.00752	0.00894	0.01281
82	0.01110	0.00743	0.00849	0.00858	0.00868	0.00743	0.00501	0.01129	0.01138	0.01514	0.02479	0.05160	0.02846	0.69444	0.03707	0.00714	0.00733	0.04518	0.00473	0.00473
83	0.03300	0.01341	0.01777	0.01375	0.01954	0.01204	0.01132	0.06097	0.05785	0.63070	0.02953	0.02566	0.01879	0.00943	0.00763	0.00236	0.00650	0.00765	0.00923	0.01286
84	0.01626	0.08177	0.62702	0.02076	0.03147	0.01814	0.02643	0.02444	0.01620	0.04960	0.01406	0.01616	0.00997	0.00725	0.00708	0.00235	0.01083	0.00559	0.00345	0.01118
85	0.00924	0.00660	0.00880	0.01056	0.01100	0.00616	0.00704	0.01056	0.01452	0.01936	0.04181	0.72848	0.05017	0.02376	0.00968	0.00308	0.00440	0.02156	0.00704	0.00616
86	0.01771	0.01342	0.01593	0.01148	0.01813	0.01022	0.00922	0.02103	0.01638	0.09686	0.01526	0.01682	0.01205	0.00603	0.00583	0.00126	0.00571	0.00483	0.00502	0.69681
87	0.01318	0.00659	0.00988	0.00988	0.00988	0.00659	0.00659	0.00988	0.00988	0.01318	0.01318	0.02306	0.01318	0.02635	0.02964	0.77931	0.00659	0.00659	0.00329	0.00329
88	0.01084	0.00813	0.01219	0.01219	0.01354	0.00948	0.00948	0.01354	0.01219	0.01761	0.02032	0.02980	0.01896	0.05689	0.70337	0.01219	0.02032	0.00813	0.00406	0.00677
89	0.01790	0.02046	0.04476	0.03197	0.03964	0.01918	0.65857	0.02430	0.01790	0.02430	0.01535	0.02046	0.01151	0.00639	0.00895	0.00256	0.01279	0.00895	0.00384	0.01023
90	0.01460	0.01394	0.02370	0.64914	0.04997	0.01729	0.04744	0.01952	0.01509	0.01952	0.01337	0.02004	0.01016	0.00784	0.00857	0.00257	0.04852	0.00683	0.00339	0.00849
91	0.01877	0.01802	0.03079	0.04656	0.68612	0.01802	0.02328	0.02328	0.01727	0.02478	0.01427	0.01877	0.01201	0.00676	0.00751	0.00225	0.00901	0.00676	0.00375	0.01201
92	0.01057	0.00780	0.00992	0.00955	0.01145	0.00715	0.00727	0.01391	0.02062	0.02851	0.55496	0.06081	0.15786	0.01638	0.00904	0.00248	0.00383	0.05278	0.00808	0.00704
93	0.03312	0.01271	0.01731	0.01334	0.01905	0.01099	0.01099	0.03608	0.02170	0.66562	0.05533	0.02702	0.02083	0.00963	0.00768	0.00235	0.00634	0.00787	0.00935	0.01268
94	0.03385	0.01320	0.01778	0.01363	0.01951	0.01157	0.01126	0.05844	0.02219	0.66922	0.02952	0.02556	0.01857	0.00938	0.00763	0.00234	0.00652	0.00760	0.00933	0.01291
95	0.01218	0.00847	0.01104	0.01081	0.01287	0.00804	0.00855	0.01628	0.04337	0.05405	0.46622	0.06155	0.08715	0.01645	0.00919	0.00264	0.00454	0.15111	0.00801	0.00748
96	0.00899	0.00757	0.00780	0.00797	0.01032	0.00638	0.00589	0.01085	0.01701	0.02038	0.07331	0.13902	0.61929	0.01967	0.00904	0.00261	0.00390	0.01657	0.00704	0.00638
97	0.01103	0.00735	0.00827	0.00827	0.00827	0.00735	0.00460	0.01103	0.01103	0.01471	0.02390	0.04964	0.02758	0.73343	0.03861	0.00735	0.00735	0.01103	0.00460	0.00460
98	0.07286	0.01540	0.01863	0.01446	0.02025	0.01514	0.01191	0.20504	0.05218	0.45408	0.02574	0.02313	0.01680	0.00922	0.00746	0.00234	0.00692	0.00726	0.00858	0.01261
99	0.02713	0.02040	0.02180	0.01711	0.02287	0.02273	0.01401	0.55483	0.14443	0.04506	0.02037	0.01993	0.01465	0.00931	0.00761	0.00233	0.00795	0.00713	0.00761	0.01275
100	0.01573	0.01348	0.01573	0.01123	0.01798	0.01011	0.00899	0.01910	0.01573	0.02472	0.01348	0.01573	0.01123	0.00562	0.00562	0.00112	0.00562	0.00449	0.00449	0.77980
101	0.01573	0.01348	0.01573	0.01123	0.01798	0.01011	0.00899	0.01910	0.01573	0.02472	0.01348	0.01573	0.01123	0.00562	0.00562	0.00112	0.00562	0.00449	0.00449	0.77980
102	0.01828	0.01682	0.03957	0.01710	0.04791	0.04128	0.03785	0.06725	0.42999	0.03060	0.09899	0.03280	0.02732	0.01097	0.00801	0.00255	0.00675	0.04781	0.00714	0.01101
103	0.03056	0.01848	0.02105	0.01614	0.02214	0.01941	0.01333	0.45352	0.03103	0.26165	0.02210	0.02074	0.01485	0.00920	0.00760	0.00230	0.00772	0.00709	0.00819	0.01290
104	0.01887	0.01629	0.01715	0.01544	0.01972	0.01887	0.01201	0.04031	0.67241	0.03173	0.03087	0.02830	0.02315	0.01029	0.00772	0.00257	0.00600	0.00858	0.00772	0.01201
105	0.01088	0.00797	0.01138	0.01138	0.01245	0.00904	0.00847	0.01302	0.01195	0.01701	0.02106	0.03390	0.02074	0.19685	0.56585	0.01119	0.01764	0.00873	0.00417	0.00632
106	0.01552	0.03724	0.62784	0.02323	0.05867	0.01773	0.06715	0.02401	0.01618	0.02407	0.01375	0.01640	0.00982	0.00714	0.00733	0.00241	0.01122	0.00586	0.00326	0.01118
107	0.01521	0.03923	0.69413	0.02162	0.03283	0.01762	0.02802	0.02402	0.01601	0.02402	0.01361	0.01601	0.00961	0.00721	0.00721	0.00240	0.01121	0.00560	0.00320	0.01121
108	0.03403	0.01291	0.01760	0.01350	0.01936	0.01115	0.01115	0.03697	0.02171	0.69137	0.02992	0.02582	0.01878	0.00939	0.00763	0.00235	0.00645	0.00763	0.00939	0.01291
109	0.00924	0.00660	0.00880	0.01056	0.01100	0.00616	0.00704	0.01056	0.01452	0.01936	0.04181	0.72848	0.05017	0.02376	0.00968	0.00308	0.00440	0.02156	0.00704	0.00616
110	0.02247	0.09770	0.29252	0.01828	0.02632	0.01681	0.07218	0.06198	0.01922	0.23704	0.04808	0.02101	0.01558	0.00822	0.00735	0.00231	0.00903	0.00679	0.00569	0.01143
111	0.01099	0.00752	0.00910	0.00910	0.00939	0.00780	0.00563	0.01156	0.01128	0.01532	0.02314	0.04543	0.02575	0.58991	0.17962	0.00838	0.01010	0.01041	0.00448	0.00506
112	0.01103	0.00735	0.00827	0.00827	0.00827	0.00735	0.00460	0.01103	0.01103	0.01471	0.02390	0.04964	0.02758	0.73343	0.03861	0.00735	0.00735	0.01103	0.00460	0.00460
113	0.00962	0.00721	0.01037	0.01150	0.01225	0.00673	0.03550	0.01116	0.01467	0.01958	0.04065	0.69755	0.04848	0.02300	0.00965	0.00306	0.00477	0.02101	0.00690	0.00634
114	0.01812	0.01747	0.03012	0.13923	0.57679	0.01790	0.04364	0.02277	0.01700	0.02401	0.01419	0.01903	0.01173	0.00686	0.00757	0.00230	0.00929	0.00683	0.00370	0.01146
115	0.03403	0.01291	0.01760	0.01350	0.01936	0.01115	0.01115	0.03697	0.02171	0.69137	0.02992	0.02582	0.01878	0.00939	0.00763	0.00235	0.00645	0.00763	0.00939	0.01291
116	0.01521	0.03923	0.69413	0.02162	0.03283	0.01762	0.02802	0.02402	0.01601	0.02402	0.01361	0.01601	0.00961	0.00721	0.00721	0.00240	0.01121	0.00560	0.00320	0.01121
117	0.01705	0.05496	0.52085	0.02358	0.07507	0.01777	0.09251	0.02477	0.01663	0.06552	0.01476	0.01716	0.01054	0.00721	0.00737	0.00238	0.01084	0.00611	0.00369	0.01122
118	0.01101	0.00972	0.05278	0.01030	0.01267	0.00781	0.00846	0.01492	0.02113	0.03002	0.64044	0.05413	0.06771	0.01499	0.00884	0.00239	0.00405	0.01321	0.00803	0.00741
119	0.02000	0.70007	0.07527	0.01345	0.02019	0.02934	0.01380	0.02278	0.01544	0.01818	0.01071	0.01238	0.00973	0.00653	0.00499	0.00166	0.00828	0.00414	0.00324	0.00981
120	0.01564	0.01314	0.01526	0.01101	0.01748	0.00995	0.00879	0.01902	0.01574	0.02491	0.01409	0.01641	0.01168	0.00579	0.00560	0.00116	0.00550	0.00463	0.04612	0.73808
121	0.02813	0.05571	0.02209	0.01924	0.02334	0.64657	0.01459	0.06429	0.02209	0.02013	0.01204	0.01388	0.00994	0.00785	0.00682	0.00196	0.01323	0.00497	0.00409	0.00904
122	0.01103	0.00735	0.00827	0.00827	0.00827	0.00735	0.00460	0.01103	0.01103	0.01471	0.02390	0.04964	0.02758	0.73343	0.03861	0.00735	0.00735	0.01103	0.00460	0.00460
123	0.01084	0.00813	0.01219	0.01219	0.01354	0.00948	0.00948	0.01354	0.01219	0.01761	0.02032	0.02980	0.01896	0.05689	0.70337	0.01219	0.02032	0.00813	0.00406	0.00677
124	0.02883	0.02125	0.02276	0.01745	0.02352	0.02352	0.01442	0.66082	0.03566	0.04780	0.01821	0.01821	0.01290	0.00911	0.00759	0.00228	0.00835	0.00683	0.00759	0.01290
125	0.01812	0.01709	0.02893	0.04330	0.61909	0.01709	0.02217	0.02252	0.01729	0.02457	0.01686	0.02545	0.01518	0.00818	0.00781	0.00238	0.00881	0.06958	0.00408	0.01151
126	0.02833	0.03615	0.02149	0.01954	0.02345	0.70298	0.01466	0.03029	0.02149	0.01856	0.01172	0.01368	0.00977	0.00782	0.00684	0.00195	0.01368	0.00489	0.00391	0.00879
127	0.00924	0.00660	0.00880	0.01056	0.01100	0.00616	0.00704	0.01056	0.01452	0.01936	0.04181	0.72848	0.05017	0.02376	0.00968	0.00308	0.00440	0.02156	0.00704	0.00616
128	0.00932	0.00666	0.00887	0.01051	0.01102	0.00622	0.00705	0.01077	0.01490	0.01997	0.07684	0.69172	0.05134	0.02331	0.00964	0.00304	0.00436	0.02113	0.00711	0.00622
129	0.01222	0.00873	0.01222	0.01397	0.01572	0.00873	0.01222	0.01572	0.01746	0.02270	0.04016	0.08556	0.04365	0.02095	0.01048	0.00349	0.00698	0.63506	0.00698	0.00698
130	0.00945	0.00676	0.00902	0.01066	0.01123	0.00633	0.00727	0.01099	0.01503	0.02011	0.07630	0.66413	0.05104	0.02319	0.00968	0.00306	0.00447	0.04794	0.00711	0.00625
131	0.78701	0.01467	0.01115	0.00997	0.01467	0.01702	0.00821	0.02230	0.01291	0.03403	0.01056	0.01232	0.00821	0.00704	0.00469	0.00235	0.00587	0.00411	0.00469	0.00821
132	0.01820	0.01744	0.02976	0.13244	0.60469	0.01787	0.02299	0.02278	0.01700	0.02409	0.01417	0.01896	0.01177	0.00686	0.00752	0.00229	0.00915	0.00676	0.00371	0.01155
133	0.02014	0.01655	0.01759	0.01552	0.02000	0.01895	0.01216	0.08691	0.60219	0.05552	0.02989	0.02745	0.02223	0.01017	0.00771	0.00254	0.00619	0.00841	0.00777	0.01210
134	0.01084	0.00813	0.01219	0.01219	0.01354	0.00948	0.00948	0.01354	0.01219	0.01761	0.02032	0.02980	0.01896	0.05689	0.70337	0.01219	0.02032	0.00813	0.00406	0.00677
135	0.01093	0.00780	0.01073	0.01249	0.01366	0.00761	0.00997	0.01347	0.01618	0.02125	0.04088	0.36520	0.04649	0.02218	0.01013	0.00331	0.00586	0.36822	0.00701	0.00663
136	0.07250	0.01216	0.01625	0.01569	0.05946	0.01161	0.01227	0.05559	0.01993	0.33035	0.03099	0.04639	0.02667	0.01336	0.00849	0.00276	0.00686	0.24056	0.00776	0.01035
137	0.01086	0.00784	0.01060	0.01217	0.01348	0.00758	0.00973	0.01345	0.01648	0.02157	0.06335	0.32286	0.08681	0.02172	0.01004	0.00325	0.00572	0.34877	0.00705	0.00665
138	0.01962	0.02017	0.02941	0.10457	0.50778	0.11089	0.05072	0.02391	0.01768	0.02341	0.01390	0.01829	0.01151	0.00696	0.00749	0.00225	0.00992	0.00660	0.00374	0.01116
139	0.01961	0.64584	0.12605	0.01412	0.02123	0.02838	0.01496	0.02289	0.01549	0.01866	0.01095	0.01267	0.00972	0.00658	0.00518	0.00173	0.00852	0.00426	0.00324	0.00993
140	0.05100	0.02005	0.09082	0.03419	0.36070	0.04709	0.13807	0.02360	0.04232	0.02553	0.07703	0.02222	0.01741	0.00774	0.00774	0.00234	0.00936	0.00758	0.00434	0.01085
141	0.07462	0.05027	0.35450	0.02533	0.05907	0.01854	0.26180	0.02393	0.01652	0.02472	0.01397	0.01739	0.01031	0.00685	0.00761	0.00243	0.01122	0.00674	0.00357	0.01061
142	0.01962	0.02021	0.02957	0.03878	0.47991	0.11128	0.08334	0.02388	0.01786	0.02380	0.01500	0.02072	0.01286	0.00738	0.00760	0.00225	0.00981	0.03107	0.00394	0.04112
143	0.06819	0.01299	0.01731	0.01334	0.01915	0.01141	0.01102	0.03630	0.02131	0.66155	0.02905	0.02520	0.01830	0.00928	0.00749	0.00235	0.00643	0.00747	0.00918	0.01270
144	0.04073	0.00967	0.01399	0.05205	0.05771	0.00962	0.03494	0.01625	0.01675	0.08522	0.16088	0.37029	0.04257	0.01723	0.00942	0.00276	0.03002	0.01537	0.00678	0.00778
145	0.01120	0.00782	0.01050	0.01145	0.01217	0.00795	0.00811	0.01269	0.01447	0.04844	0.03693	0.54133	0.04292	0.07157	0.03645	0.00369	0.05733	0.05181	0.00660	0.00657
146	0.01308	0.00662	0.00981	0.00981	0.00981	0.00662	0.00650	0.00993	0.00993	0.01324	0.01366	0.02426	0.01383	0.05843	0.03005	0.74429	0.00662	0.00679	0.00335	0.00335
147	0.00924	0.00660	0.00880	0.01056	0.01100	0.00616	0.00704	0.01056	0.01452	0.01936	0.04181	0.72848	0.05017	0.02376	0.00968	0.00308	0.00440	0.02156	0.00704	0.00616
148	0.02193	0.02039	0.01918	0.03872	0.02202	0.13467	0.01328	0.14196	0.41527	0.03144	0.02435	0.02354	0.01837	0.00968	0.00805	0.00244	0.02899	0.00755	0.00679	0.01139
149	0.01782	0.01705	0.02907	0.18967	0.55045	0.01777	0.02280	0.02244	0.01682	0.02362	0.01410	0.01908	0.01161	0.00693	0.00753	0.00231	0.00925	0.00675	0.00367	0.01125
150	0.03355	0.01302	0.01759	0.01356	0.01937	0.01139	0.01118	0.03707	0.04227	0.67053	0.02995	0.02590	0.01891	0.00942	0.00763	0.00235	0.00644	0.00766	0.00934	0.01288
151	0.01725	0.01671	0.02919	0.26520	0.42950	0.01772	0.07002	0.02207	0.01663	0.02297	0.01409	0.01938	0.01135	0.00700	0.00764	0.00237	0.00965	0.00692	0.00363	0.01070
152	0.01820	0.45091	0.30860	0.01653	0.02496	0.02492	0.01916	0.02325	0.01566	0.02038	0.01181	0.01375	0.00968	0.00678	0.00583	0.00194	0.00938	0.00469	0.00323	0.01034
153	0.01095	0.00809	0.01201	0.01201	0.01338	0.00940	0.00934	0.01369	0.01232	0.01797	0.02047	0.02975	0.01898	0.05524	0.67947	0.01183	0.01974	0.00809	0.03048	0.00678
154	0.01556	0.01343	0.01595	0.01170	0.01781	0.01080	0.00938	0.01884	0.01572	0.02456	0.04247	0.01757	0.01379	0.00653	0.00696	0.00132	0.05003	0.00503	0.00459	0.69796
155	0.02762	0.01290	0.01669	0.01261	0.01862	0.01067	0.01031	0.03065	0.01975	0.46617	0.02659	0.02442	0.03974	0.00859	0.00707	0.00198	0.00611	0.00697	0.00783	0.24473
156	0.01441	0.01368	0.01960	0.16519	0.02456	0.01778	0.01509	0.01698	0.01399	0.01990	0.08144	0.07060	0.07939	0.01347	0.01733	0.00298	0.39225	0.00910	0.00437	0.00791
157	0.01941	0.01656	0.01746	0.01555	0.01993	0.01912	0.01214	0.07426	0.63757	0.03261	0.03018	0.02775	0.02259	0.01023	0.00771	0.00256	0.00613	0.00848	0.00771	0.01205
158	0.01312	0.02370	0.34159	0.01716	0.02274	0.01399	0.01846	0.01810	0.01485	0.02146	0.02390	0.28848	0.02516	0.01436	0.01054	0.00279	0.10418	0.01185	0.00469	0.00889
159	0.01521	0.03923	0.69413	0.02162	0.03283	0.01762	0.02802	0.02402	0.01601	0.02402	0.01361	0.01601	0.00961	0.00721	0.00721	0.00240	0.01121	0.00560	0.00320	0.01121
160	0.02028	0.73799	0.03975	0.01298	0.01947	0.03001	0.01298	0.02271	0.01541	0.01785	0.01055	0.01217	0.00973	0.00649	0.00487	0.00162	0.00811	0.00406	0.00324	0.00973
