[name]
unknown

[dist]
# distance from previous block
# <min> <max>
0	59

[block]
# block no. 0 follows, 25 sequences, length 12
# corresponding to MSA columns:
# 63-74
name=unknown_A
#
# <colnr> <probs for GDERKNQSTAVLIFYWHMCP>
#	G	D	E	R	K	N	Q	S	T	A	V	L	I	F	Y	W	H	M	C	P
0	0.12368	0.07215	0.13999	0.01609	0.02189	0.04420	0.04649	0.12363	0.05379	0.07471	0.12541	0.02996	0.02474	0.01042	0.00760	0.00245	0.00799	0.05853	0.00609	0.01019
1	0.27758	0.05226	0.09007	0.09347	0.02410	0.12737	0.03331	0.04355	0.04311	0.06047	0.04811	0.01955	0.01448	0.03327	0.00770	0.00252	0.00873	0.00614	0.00490	0.00933
2	0.07395	0.04364	0.07009	0.06488	0.05913	0.07644	0.01436	0.15574	0.05323	0.07031	0.01837	0.02222	0.01470	0.04384	0.12189	0.00419	0.03225	0.00694	0.04381	0.01004
3	0.29486	0.06329	0.24107	0.01585	0.02279	0.01685	0.04791	0.02349	0.01575	0.07789	0.04350	0.04472	0.01477	0.01043	0.03421	0.00282	0.00879	0.00649	0.00475	0.00979
4	0.01844	0.05292	0.05392	0.01954	0.05745	0.01459	0.17476	0.04281	0.01810	0.08488	0.04685	0.07031	0.01773	0.00834	0.00743	0.00201	0.00815	0.00792	0.00517	0.28868
5	0.01764	0.01737	0.05450	0.14720	0.02778	0.05060	0.06565	0.09338	0.10408	0.02602	0.02068	0.12351	0.01868	0.01089	0.00953	0.00248	0.07509	0.00907	0.00529	0.12057
6	0.01650	0.01416	0.01627	0.01205	0.01861	0.01152	0.00960	0.02239	0.10200	0.02621	0.01613	0.01778	0.01310	0.00637	0.00603	0.00134	0.00579	0.00515	0.00503	0.67395
7	0.01880	0.01745	0.01740	0.01309	0.01955	0.10219	0.01038	0.06918	0.01841	0.02623	0.01391	0.01599	0.01142	0.00631	0.00606	0.00135	0.00704	0.00483	0.00475	0.61565
8	0.01619	0.01340	0.01547	0.01144	0.01738	0.01073	0.00890	0.05396	0.01658	0.02523	0.01546	0.02081	0.01379	0.10149	0.01032	0.00206	0.00613	0.00561	0.00478	0.63025
9	0.01108	0.00831	0.01246	0.01246	0.01385	0.00969	0.00969	0.01385	0.01246	0.01800	0.02077	0.03046	0.01938	0.05815	0.69678	0.01246	0.02077	0.00831	0.00415	0.00692
10	0.02919	0.03024	0.02254	0.01903	0.02400	0.40029	0.01487	0.30503	0.02835	0.03214	0.01491	0.01602	0.01140	0.00857	0.00733	0.00214	0.01158	0.00587	0.00565	0.01084
11	0.01820	0.01769	0.04347	0.01480	0.02042	0.10248	0.05941	0.04870	0.01738	0.04255	0.01589	0.02075	0.01364	0.07077	0.07194	0.00306	0.00926	0.00612	0.00466	0.39881

[dist]
# distance from previous block
# <min> <max>
27	117

[block]
# block no. 1 follows, 25 sequences, length 11
# corresponding to MSA columns:
# 208-218
name=unknown_B
#
# <colnr> <probs for GDERKNQSTAVLIFYWHMCP>
#	G	D	E	R	K	N	Q	S	T	A	V	L	I	F	Y	W	H	M	C	P
0	0.05038	0.03713	0.01839	0.01475	0.01789	0.01282	0.09646	0.01889	0.03767	0.05776	0.12097	0.03179	0.05096	0.04134	0.18627	0.04064	0.06381	0.00892	0.04963	0.04354
1	0.25966	0.22810	0.02218	0.01231	0.01781	0.01995	0.01066	0.06735	0.05004	0.05791	0.01461	0.01696	0.01203	0.03452	0.03139	0.00254	0.00743	0.00523	0.00489	0.12443
2	0.10864	0.09495	0.06384	0.01875	0.02563	0.04481	0.18001	0.07948	0.01880	0.07711	0.01525	0.01750	0.01162	0.00700	0.00692	0.00204	0.00892	0.00623	0.00487	0.20765
3	0.02566	0.01376	0.01685	0.01375	0.01892	0.01310	0.01110	0.07522	0.14512	0.33100	0.02849	0.06024	0.02140	0.01049	0.00768	0.00234	0.00633	0.04037	0.04003	0.11817
4	0.01642	0.01487	0.02060	0.01471	0.02175	0.01175	0.10691	0.02033	0.01642	0.02520	0.01407	0.01681	0.01153	0.00586	0.00626	0.00137	0.00686	0.00529	0.00449	0.65850
5	0.01604	0.01366	0.01573	0.01208	0.01808	0.01138	0.00950	0.02213	0.11481	0.02592	0.01880	0.07445	0.01652	0.00795	0.00640	0.00153	0.00570	0.00662	0.00530	0.59739
6	0.06349	0.15769	0.13264	0.01381	0.01998	0.01644	0.01329	0.07182	0.01829	0.04852	0.10630	0.05436	0.02151	0.00968	0.00755	0.02881	0.00716	0.00715	0.00518	0.19634
7	0.01129	0.00813	0.01156	0.01156	0.01276	0.00923	0.00870	0.01369	0.01249	0.01815	0.02157	0.03346	0.02075	0.15737	0.55869	0.01112	0.01781	0.00870	0.04637	0.00660
8	0.02408	0.01700	0.01891	0.01521	0.02023	0.01816	0.01222	0.33364	0.14154	0.10335	0.12197	0.02812	0.02517	0.03441	0.00895	0.00252	0.00700	0.00847	0.00781	0.05123
9	0.01714	0.04743	0.10446	0.01713	0.02175	0.06151	0.12043	0.05072	0.06255	0.05047	0.02078	0.05978	0.01882	0.15371	0.10635	0.00471	0.01079	0.00874	0.03150	0.03123
10	0.42288	0.05046	0.14783	0.01354	0.01965	0.06367	0.01316	0.02429	0.03449	0.04923	0.01360	0.01535	0.01038	0.00745	0.00573	0.00226	0.00761	0.00497	0.04449	0.04894

[dist]
# distance from previous block
# <min> <max>
0	4

[block]
# block no. 2 follows, 25 sequences, length 189
# corresponding to MSA columns:
# 223-411
name=unknown_C
#
# <colnr> <probs for GDERKNQSTAVLIFYWHMCP>
#	G	D	E	R	K	N	Q	S	T	A	V	L	I	F	Y	W	H	M	C	P
0	0.01884	0.06291	0.28778	0.01884	0.02630	0.01766	0.07080	0.16247	0.02076	0.05105	0.01978	0.11353	0.01739	0.03771	0.00900	0.00264	0.00931	0.00864	0.00517	0.03943
1	0.01883	0.34710	0.23235	0.01681	0.02446	0.04622	0.04199	0.05598	0.01785	0.02336	0.06710	0.01821	0.01541	0.00776	0.00645	0.00203	0.00917	0.00583	0.00406	0.03904
2	0.01853	0.31189	0.13771	0.01413	0.01984	0.04894	0.01393	0.02268	0.04224	0.06795	0.06516	0.02782	0.04830	0.09828	0.01071	0.00278	0.00822	0.02668	0.00479	0.00941
3	0.11820	0.02406	0.01939	0.01634	0.02111	0.24092	0.01291	0.27934	0.04793	0.03427	0.01847	0.01942	0.03434	0.00898	0.00701	0.00221	0.00937	0.00638	0.06887	0.01049
4	0.15180	0.09483	0.01470	0.01035	0.01402	0.01384	0.00850	0.08835	0.01890	0.07981	0.09403	0.02614	0.02196	0.00927	0.00611	0.00206	0.00532	0.00712	0.32403	0.00884
5	0.01128	0.00752	0.00846	0.00846	0.00846	0.00752	0.00470	0.01128	0.01128	0.01503	0.02443	0.05074	0.02819	0.72751	0.03946	0.00752	0.00752	0.01128	0.00470	0.00470
6	0.02834	0.13022	0.02573	0.01698	0.02325	0.02457	0.01438	0.53307	0.03274	0.06865	0.01788	0.01797	0.01292	0.00891	0.00733	0.00223	0.00842	0.00658	0.00715	0.01269
7	0.02025	0.55576	0.10220	0.01448	0.02106	0.08360	0.01456	0.02343	0.01675	0.01980	0.05563	0.01601	0.01417	0.00744	0.00566	0.00182	0.00878	0.00504	0.00372	0.00985
8	0.11733	0.04440	0.02184	0.05156	0.18227	0.01562	0.01475	0.05504	0.04258	0.34329	0.02238	0.02197	0.01539	0.00848	0.00730	0.00236	0.00745	0.00697	0.00697	0.01204
9	0.06744	0.01477	0.01708	0.01394	0.01906	0.03763	0.01123	0.07716	0.14540	0.38326	0.07579	0.02954	0.05159	0.01046	0.00778	0.00244	0.00655	0.00846	0.00852	0.01191
10	0.00933	0.00776	0.00815	0.00826	0.01063	0.00659	0.00612	0.01138	0.01777	0.02165	0.12301	0.12985	0.57335	0.01974	0.00923	0.00265	0.00396	0.01667	0.00731	0.00659
11	0.01464	0.01378	0.02326	0.70887	0.05340	0.01723	0.02153	0.01981	0.01550	0.01981	0.01378	0.02067	0.01034	0.00775	0.00775	0.00258	0.01034	0.00689	0.00345	0.00861
12	0.01519	0.01434	0.02425	0.62881	0.12916	0.01737	0.02181	0.02029	0.01576	0.02048	0.01388	0.02049	0.01057	0.00765	0.00774	0.00255	0.01020	0.00689	0.00349	0.00906
13	0.69086	0.01477	0.01220	0.01064	0.01558	0.01666	0.00876	0.02463	0.01430	0.11424	0.01322	0.01428	0.00972	0.00749	0.00517	0.00240	0.00607	0.00464	0.00539	0.00898
14	0.01128	0.00752	0.00846	0.00846	0.00846	0.00752	0.00470	0.01128	0.01128	0.01503	0.02443	0.05074	0.02819	0.72751	0.03946	0.00752	0.00752	0.01128	0.00470	0.00470
15	0.00966	0.00787	0.00854	0.00838	0.01078	0.00676	0.00628	0.01209	0.01885	0.02373	0.24239	0.07003	0.51041	0.01860	0.00916	0.00257	0.00385	0.01572	0.00757	0.00676
16	0.01568	0.01484	0.02513	0.55827	0.19591	0.01750	0.02205	0.02072	0.01599	0.02107	0.01396	0.02033	0.01078	0.00756	0.00773	0.00252	0.01008	0.00689	0.00353	0.00945
17	0.01919	0.01842	0.03147	0.04759	0.67914	0.01842	0.02380	0.02380	0.01765	0.02533	0.01458	0.01919	0.01228	0.00691	0.00768	0.00230	0.00921	0.00691	0.00384	0.01228
18	0.01097	0.00793	0.01036	0.00975	0.01158	0.00732	0.00732	0.01463	0.02195	0.03109	0.67505	0.05792	0.07316	0.01585	0.00914	0.00244	0.00366	0.01402	0.00854	0.00732
19	0.01108	0.00831	0.01246	0.01246	0.01385	0.00969	0.00969	0.01385	0.01246	0.01800	0.02077	0.03046	0.01938	0.05815	0.69678	0.01246	0.02077	0.00831	0.00415	0.00692
20	0.00945	0.00675	0.00900	0.01080	0.01125	0.00630	0.00720	0.01080	0.01484	0.01979	0.04274	0.72245	0.05128	0.02429	0.00990	0.00315	0.00450	0.02204	0.00720	0.00630
21	0.01813	0.01565	0.01642	0.01487	0.01905	0.01783	0.01154	0.03776	0.59095	0.03112	0.03694	0.03416	0.09841	0.01156	0.00804	0.00263	0.00588	0.00964	0.00781	0.01162
22	0.00945	0.00675	0.00900	0.01080	0.01125	0.00630	0.00720	0.01080	0.01484	0.01979	0.04274	0.72245	0.05128	0.02429	0.00990	0.00315	0.00450	0.02204	0.00720	0.00630
23	0.01262	0.00914	0.01251	0.01407	0.01592	0.00922	0.01212	0.01690	0.04553	0.02372	0.06075	0.10784	0.04488	0.02088	0.01051	0.00348	0.00689	0.55847	0.00722	0.00733
24	0.01066	0.00843	0.00968	0.00960	0.01177	0.00782	0.00710	0.01475	0.07194	0.02518	0.27299	0.16356	0.32157	0.01830	0.00916	0.00264	0.00410	0.01580	0.00771	0.00724
25	0.01830	0.02092	0.04575	0.03268	0.04052	0.01961	0.65098	0.02484	0.01830	0.02484	0.01569	0.02092	0.01176	0.00654	0.00915	0.00261	0.01307	0.00915	0.00392	0.01046
26	0.00945	0.00675	0.00900	0.01080	0.01125	0.00630	0.00720	0.01080	0.01484	0.01979	0.04274	0.72245	0.05128	0.02429	0.00990	0.00315	0.00450	0.02204	0.00720	0.00630
27	0.00949	0.00685	0.00899	0.01060	0.01122	0.00635	0.00713	0.01096	0.01526	0.02028	0.06832	0.66372	0.08470	0.02373	0.00983	0.00309	0.00444	0.02145	0.00725	0.00635
28	0.01253	0.00844	0.01001	0.00948	0.01143	0.00781	0.00679	0.01535	0.03870	0.07201	0.28094	0.07926	0.21210	0.18240	0.01611	0.00370	0.00495	0.01363	0.00731	0.00706
29	0.01929	0.01666	0.01753	0.01578	0.02016	0.01929	0.01227	0.04120	0.66513	0.03243	0.03156	0.02893	0.02367	0.01052	0.00789	0.00263	0.00614	0.00877	0.00789	0.01227
30	0.01150	0.00865	0.01063	0.01002	0.01208	0.00827	0.00748	0.01641	0.07640	0.02947	0.52930	0.05695	0.13252	0.04389	0.01024	0.00268	0.00405	0.01372	0.00818	0.00756
31	0.75101	0.01492	0.01167	0.01035	0.01520	0.01714	0.00852	0.02342	0.01357	0.06196	0.01162	0.01317	0.00885	0.00730	0.00492	0.00240	0.00602	0.00435	0.00500	0.00860
32	0.00916	0.00785	0.00785	0.00785	0.01047	0.00655	0.00589	0.01113	0.01767	0.02095	0.07855	0.07462	0.67599	0.01964	0.00916	0.00262	0.00393	0.01636	0.00720	0.00655
33	0.00940	0.00793	0.00818	0.00831	0.01087	0.00671	0.00636	0.01148	0.01769	0.02111	0.07589	0.07553	0.63119	0.01976	0.00927	0.00269	0.00416	0.05970	0.00720	0.00659
34	0.01445	0.00723	0.00723	0.00723	0.00903	0.00723	0.00542	0.01807	0.01626	0.02891	0.02529	0.02891	0.01987	0.00903	0.00542	0.00181	0.00361	0.00723	0.77055	0.00723
35	0.03362	0.01297	0.01771	0.01382	0.01960	0.01127	0.01145	0.03665	0.02197	0.65000	0.03114	0.02958	0.02052	0.01021	0.00795	0.00246	0.00663	0.04010	0.00947	0.01288
36	0.01128	0.00752	0.00846	0.00846	0.00846	0.00752	0.00470	0.01128	0.01128	0.01503	0.02443	0.05074	0.02819	0.72751	0.03946	0.00752	0.00752	0.01128	0.00470	0.00470
37	0.00948	0.00692	0.00893	0.01042	0.01117	0.00637	0.00705	0.01100	0.01547	0.02041	0.07384	0.62030	0.12333	0.02340	0.00978	0.00306	0.00440	0.02105	0.00725	0.00637
38	0.01108	0.00828	0.01234	0.01234	0.01368	0.00963	0.00954	0.01377	0.01242	0.01791	0.02088	0.03108	0.01965	0.07875	0.67656	0.01231	0.02036	0.00840	0.00417	0.00685
39	0.01347	0.00673	0.01010	0.01010	0.01010	0.00673	0.00673	0.01010	0.01010	0.01347	0.01347	0.02357	0.01347	0.02694	0.03030	0.77441	0.00673	0.00673	0.00337	0.00337
40	0.01987	0.36237	0.21983	0.02002	0.08776	0.07382	0.01896	0.04613	0.01713	0.02185	0.01237	0.01472	0.01026	0.00735	0.00701	0.00207	0.03919	0.00513	0.00356	0.01058
41	0.02221	0.01870	0.09969	0.07334	0.02459	0.01755	0.01509	0.05941	0.34191	0.17562	0.02646	0.02533	0.01900	0.00977	0.00843	0.00257	0.03330	0.00789	0.00717	0.01197
42	0.00945	0.00675	0.00900	0.01080	0.01125	0.00630	0.00720	0.01080	0.01484	0.01979	0.04274	0.72245	0.05128	0.02429	0.00990	0.00315	0.00450	0.02204	0.00720	0.00630
43	0.01847	0.01880	0.02408	0.42675	0.15504	0.13867	0.02010	0.04396	0.01760	0.02144	0.01376	0.01923	0.01080	0.00825	0.00825	0.02454	0.01063	0.00655	0.00376	0.00933
44	0.01725	0.12507	0.19183	0.02134	0.12284	0.04535	0.03593	0.04801	0.08244	0.02540	0.07663	0.03149	0.07318	0.01041	0.00774	0.00242	0.00858	0.05870	0.00511	0.01030
45	0.01347	0.00673	0.01010	0.01010	0.01010	0.00673	0.00673	0.01010	0.01010	0.01347	0.01347	0.02357	0.01347	0.02694	0.03030	0.77441	0.00673	0.00673	0.00337	0.00337
46	0.02023	0.01358	0.01576	0.01357	0.01755	0.01428	0.01067	0.09898	0.26050	0.14733	0.25331	0.03741	0.03891	0.01208	0.00829	0.00249	0.00562	0.01022	0.00840	0.01081
47	0.01363	0.01328	0.07072	0.29751	0.05320	0.01296	0.01552	0.01640	0.01458	0.01912	0.02413	0.05834	0.09580	0.04094	0.01452	0.16306	0.03160	0.03314	0.00422	0.00733
48	0.04449	0.17426	0.13523	0.14233	0.03033	0.09848	0.06991	0.05289	0.04265	0.06235	0.01465	0.01751	0.01134	0.00810	0.00840	0.00234	0.06420	0.00613	0.00426	0.01015
49	0.02478	0.02692	0.02198	0.01904	0.02344	0.33576	0.04734	0.10282	0.23349	0.02700	0.01925	0.01988	0.01492	0.00913	0.00827	0.00233	0.04065	0.00674	0.00566	0.01059
50	0.01624	0.01347	0.01484	0.01364	0.01631	0.07922	0.01067	0.10869	0.04455	0.02424	0.02020	0.02651	0.01755	0.03856	0.42313	0.00834	0.01586	0.00761	0.06784	0.03254
51	0.01522	0.00727	0.01075	0.01040	0.01090	0.00712	0.00712	0.01238	0.01110	0.06864	0.01488	0.02380	0.01394	0.02551	0.02845	0.71094	0.00672	0.00682	0.00388	0.00418
52	0.01115	0.00746	0.00849	0.00862	0.00865	0.00743	0.00488	0.01124	0.01153	0.01537	0.02573	0.09841	0.02983	0.67760	0.03737	0.00721	0.00730	0.01204	0.00488	0.00481
53	0.02320	0.01809	0.01945	0.01612	0.02138	0.02002	0.01288	0.25369	0.37530	0.06183	0.02573	0.02431	0.01897	0.00972	0.00769	0.00241	0.00696	0.00781	0.00767	0.06675
54	0.01181	0.00880	0.01272	0.01251	0.01403	0.01017	0.00969	0.03898	0.01336	0.01910	0.02083	0.03082	0.01950	0.08344	0.64286	0.01186	0.01975	0.00838	0.00432	0.00708
55	0.09461	0.01506	0.01619	0.01386	0.01831	0.01644	0.01101	0.12838	0.29226	0.12852	0.07511	0.02760	0.02325	0.01012	0.00738	0.00242	0.00609	0.00814	0.09403	0.01123
56	0.01260	0.00884	0.01222	0.01391	0.01570	0.00884	0.01213	0.01617	0.01777	0.02350	0.04023	0.08441	0.04333	0.02077	0.01043	0.00348	0.00696	0.59462	0.04697	0.00714
57	0.01181	0.00859	0.01161	0.01318	0.01494	0.00839	0.01121	0.01498	0.01755	0.02261	0.04570	0.14562	0.12084	0.02148	0.01045	0.00342	0.00651	0.49698	0.00715	0.00699
58	0.19956	0.01447	0.01636	0.01310	0.01845	0.01454	0.01074	0.12301	0.04588	0.36592	0.02398	0.02246	0.01611	0.00900	0.00692	0.00235	0.00648	0.00686	0.07222	0.01158
59	0.01703	0.00979	0.01253	0.01114	0.01418	0.00910	0.00869	0.02166	0.06619	0.18265	0.40905	0.05097	0.10360	0.01453	0.00880	0.00250	0.00467	0.03538	0.00858	0.00897
60	0.07794	0.01199	0.01338	0.01214	0.01524	0.01283	0.00937	0.05141	0.23522	0.03260	0.37890	0.04289	0.04885	0.01309	0.00831	0.00249	0.00488	0.01117	0.00798	0.00930
61	0.01087	0.00765	0.00935	0.01002	0.01111	0.00735	0.00693	0.01350	0.04099	0.02245	0.15178	0.34525	0.09525	0.13330	0.01403	0.00357	0.00486	0.03536	0.06982	0.00657
62	0.01555	0.00895	0.01174	0.01046	0.01314	0.00808	0.00805	0.01900	0.02181	0.15833	0.52275	0.05250	0.08926	0.01480	0.00888	0.00244	0.00424	0.01291	0.00868	0.00843
63	0.00966	0.00681	0.00887	0.01052	0.01112	0.00635	0.00707	0.01113	0.01502	0.02024	0.04338	0.66622	0.07455	0.02343	0.00967	0.00307	0.00444	0.02116	0.04094	0.00635
64	0.01190	0.00897	0.00981	0.00932	0.01203	0.00807	0.00705	0.05824	0.01959	0.05014	0.15936	0.11952	0.46125	0.01833	0.00907	0.00261	0.00436	0.01548	0.00753	0.00737
65	0.00977	0.00751	0.00895	0.00938	0.01105	0.00668	0.00673	0.01202	0.01795	0.02346	0.23674	0.28601	0.29560	0.02011	0.00940	0.00274	0.00404	0.01759	0.00758	0.00668
66	0.01906	0.00970	0.01260	0.01093	0.01419	0.00862	0.00846	0.02203	0.02078	0.25836	0.32082	0.07707	0.12772	0.04214	0.00988	0.00268	0.00491	0.01237	0.00853	0.00914
67	0.00995	0.00714	0.00945	0.01111	0.01182	0.00674	0.00784	0.01160	0.01526	0.02016	0.04313	0.57969	0.07258	0.05007	0.01110	0.00336	0.00498	0.11056	0.00710	0.00637
68	0.02809	0.02017	0.02185	0.01696	0.02282	0.02208	0.01393	0.55624	0.05771	0.07993	0.04416	0.02254	0.03713	0.00992	0.00786	0.00235	0.00803	0.00763	0.00787	0.01274
69	0.01402	0.00728	0.00728	0.00728	0.00915	0.00717	0.00546	0.01750	0.01638	0.02825	0.02967	0.03267	0.07382	0.00991	0.00573	0.00187	0.00364	0.00798	0.70779	0.00717
70	0.01526	0.00828	0.00847	0.00808	0.01005	0.00844	0.00602	0.06259	0.01728	0.02918	0.02475	0.02997	0.02008	0.06813	0.00838	0.00231	0.00428	0.00754	0.65345	0.00744
71	0.33092	0.29185	0.02386	0.04278	0.01891	0.04640	0.01118	0.02330	0.01572	0.06079	0.06101	0.01701	0.01448	0.00780	0.00555	0.00211	0.00723	0.00524	0.00466	0.00920
72	0.06445	0.17552	0.02728	0.01881	0.02360	0.34275	0.06658	0.07184	0.04794	0.02279	0.01316	0.01534	0.01087	0.00815	0.00804	0.00215	0.06122	0.00555	0.00428	0.00968
73	0.00989	0.00738	0.00908	0.00969	0.01103	0.00670	0.00681	0.01198	0.01738	0.02305	0.22852	0.34898	0.20840	0.05109	0.01078	0.00301	0.00425	0.01794	0.00747	0.00658
74	0.01464	0.01378	0.02326	0.70887	0.05340	0.01723	0.02153	0.01981	0.01550	0.01981	0.01378	0.02067	0.01034	0.00775	0.00775	0.00258	0.01034	0.00689	0.00345	0.00861
75	0.01464	0.01378	0.02326	0.70887	0.05340	0.01723	0.02153	0.01981	0.01550	0.01981	0.01378	0.02067	0.01034	0.00775	0.00775	0.00258	0.01034	0.00689	0.00345	0.00861
76	0.01757	0.01821	0.03514	0.16619	0.26203	0.01826	0.29074	0.02301	0.01752	0.02390	0.01725	0.02225	0.03607	0.00738	0.00838	0.00250	0.01088	0.00821	0.00392	0.01059
77	0.01293	0.00836	0.01099	0.01009	0.01226	0.00765	0.00765	0.01654	0.02197	0.08482	0.62206	0.05533	0.06872	0.01534	0.00903	0.00244	0.00390	0.01351	0.00862	0.00780
78	0.01608	0.01378	0.01608	0.01148	0.01837	0.01034	0.00919	0.01952	0.01608	0.02527	0.01378	0.01608	0.01148	0.00574	0.00574	0.00115	0.00574	0.00459	0.00459	0.77491
79	0.01096	0.00847	0.01205	0.01238	0.01320	0.00874	0.03643	0.01258	0.01417	0.01919	0.03437	0.44249	0.03991	0.13933	0.07228	0.00464	0.05715	0.04908	0.00612	0.00647
80	0.02896	0.03695	0.02197	0.01998	0.02397	0.69638	0.01498	0.03096	0.02197	0.01898	0.01199	0.01398	0.00999	0.00799	0.00699	0.00200	0.01398	0.00499	0.00400	0.00899
81	0.01126	0.00758	0.00879	0.00879	0.00890	0.00770	0.00511	0.01149	0.01137	0.01528	0.02413	0.04907	0.02746	0.67247	0.09351	0.00792	0.00861	0.01103	0.00465	0.00488
82	0.00942	0.00762	0.00830	0.00879	0.01077	0.00660	0.00638	0.01122	0.01678	0.02053	0.06684	0.22667	0.48354	0.04702	0.01051	0.00296	0.00430	0.03821	0.00710	0.00644
83	0.02701	0.01160	0.01506	0.01224	0.01635	0.01052	0.00939	0.02983	0.04362	0.45504	0.02875	0.03392	0.02211	0.22877	0.01747	0.00397	0.00686	0.00890	0.00804	0.01057
84	0.00945	0.00675	0.00900	0.01080	0.01125	0.00630	0.00720	0.01080	0.01484	0.01979	0.04274	0.72245	0.05128	0.02429	0.00990	0.00315	0.00450	0.02204	0.00720	0.00630
85	0.63965	0.01498	0.01254	0.01098	0.01571	0.01701	0.00897	0.07461	0.01582	0.06252	0.03453	0.03790	0.01269	0.00830	0.00547	0.00242	0.00611	0.00546	0.00544	0.00889
86	0.00943	0.00680	0.00895	0.01067	0.01121	0.00631	0.00714	0.01081	0.01497	0.01984	0.04428	0.69453	0.07821	0.02409	0.00986	0.00313	0.00447	0.02180	0.00720	0.00631
87	0.01128	0.00752	0.00846	0.00846	0.00846	0.00752	0.00470	0.01128	0.01128	0.01503	0.02443	0.05074	0.02819	0.72751	0.03946	0.00752	0.00752	0.01128	0.00470	0.00470
88	0.01929	0.01666	0.01753	0.01578	0.02016	0.01929	0.01227	0.04120	0.66513	0.03243	0.03156	0.02893	0.02367	0.01052	0.00789	0.00263	0.00614	0.00877	0.00789	0.01227
89	0.01090	0.00794	0.00931	0.00919	0.01136	0.00697	0.00680	0.01339	0.01890	0.05199	0.27467	0.16439	0.34883	0.01863	0.00921	0.00263	0.00403	0.01606	0.00776	0.00705
90	0.02943	0.01354	0.01728	0.01391	0.01922	0.01282	0.01126	0.03669	0.16497	0.48724	0.08253	0.02948	0.02452	0.01030	0.00793	0.00245	0.00626	0.00851	0.00913	0.01252
91	0.01555	0.04011	0.68733	0.02210	0.03356	0.01801	0.02865	0.02455	0.01637	0.02455	0.01391	0.01637	0.00982	0.00737	0.00737	0.00246	0.01146	0.00573	0.00327	0.01146
92	0.78228	0.01499	0.01140	0.01020	0.01499	0.01739	0.00840	0.02279	0.01320	0.03479	0.01080	0.01260	0.00840	0.00720	0.00480	0.00240	0.00600	0.00420	0.00480	0.00840
93	0.01014	0.00713	0.00939	0.01070	0.01149	0.00672	0.00747	0.01204	0.01609	0.02194	0.13829	0.52803	0.05232	0.04474	0.01063	0.00317	0.00463	0.06506	0.03351	0.00650
94	0.01294	0.00890	0.01202	0.01337	0.01510	0.00884	0.01097	0.01682	0.05097	0.05040	0.04059	0.25804	0.04431	0.02115	0.01021	0.00336	0.00633	0.40095	0.00730	0.00743
95	0.00945	0.00675	0.00900	0.01080	0.01125	0.00630	0.00720	0.01080	0.01484	0.01979	0.04274	0.72245	0.05128	0.02429	0.00990	0.00315	0.00450	0.02204	0.00720	0.00630
96	0.75865	0.01494	0.01160	0.01031	0.01515	0.01720	0.00849	0.02327	0.01348	0.05532	0.01142	0.01303	0.00874	0.00727	0.00489	0.00240	0.00602	0.00431	0.00495	0.00855
97	0.02947	0.02172	0.02327	0.01784	0.02404	0.02404	0.01474	0.65329	0.03646	0.04887	0.01862	0.01862	0.01319	0.00931	0.00776	0.00233	0.00853	0.00698	0.00776	0.01319
98	0.01091	0.00796	0.01028	0.00980	0.01169	0.00733	0.00742	0.01445	0.02150	0.03009	0.60965	0.06021	0.11284	0.01633	0.00921	0.00250	0.00381	0.03837	0.00839	0.00726
99	0.02494	0.01541	0.01780	0.01485	0.01977	0.01626	0.01186	0.12292	0.30828	0.24569	0.09053	0.02942	0.02546	0.01056	0.00796	0.00249	0.00638	0.00870	0.00848	0.01223
100	0.01926	0.00977	0.01294	0.01109	0.01442	0.00872	0.00869	0.02261	0.02185	0.26006	0.42329	0.04756	0.07998	0.01382	0.00867	0.00243	0.00470	0.01194	0.00885	0.00935
101	0.01235	0.00944	0.01180	0.03736	0.01376	0.03057	0.00842	0.03368	0.01327	0.01800	0.02253	0.06689	0.02334	0.31096	0.34375	0.00913	0.01395	0.00985	0.00458	0.00636
102	0.01120	0.00783	0.01003	0.01003	0.01057	0.00837	0.00666	0.01228	0.01174	0.01620	0.02299	0.04278	0.02473	0.46475	0.29750	0.00946	0.01272	0.01011	0.00448	0.00557
103	0.02160	0.21319	0.17663	0.01998	0.05353	0.13624	0.04515	0.11127	0.04834	0.02520	0.01399	0.01617	0.01117	0.00814	0.00833	0.00224	0.06810	0.00578	0.00428	0.01067
104	0.03110	0.01238	0.01681	0.01317	0.01852	0.01076	0.01076	0.03420	0.02215	0.58341	0.13031	0.03127	0.02754	0.01056	0.00801	0.00241	0.00614	0.00876	0.00943	0.01229
105	0.01594	0.09213	0.63872	0.02144	0.03253	0.01896	0.02749	0.02445	0.01632	0.02408	0.01368	0.01607	0.00983	0.00731	0.00719	0.00240	0.01122	0.00561	0.00328	0.01135
106	0.03234	0.01304	0.01754	0.01345	0.01936	0.01115	0.01106	0.03540	0.02168	0.60532	0.05426	0.02677	0.02066	0.00953	0.00768	0.00230	0.00641	0.00778	0.00915	0.07513
107	0.01097	0.00793	0.01036	0.00975	0.01158	0.00732	0.00732	0.01463	0.02195	0.03109	0.67505	0.05792	0.07316	0.01585	0.00914	0.00244	0.00366	0.01402	0.00854	0.00732
108	0.01055	0.00754	0.01027	0.01206	0.01300	0.00725	0.00912	0.01271	0.01594	0.02103	0.04212	0.49170	0.04886	0.02325	0.01019	0.00330	0.00546	0.24186	0.00718	0.00660
109	0.01347	0.00673	0.01010	0.01010	0.01010	0.00673	0.00673	0.01010	0.01010	0.01347	0.01347	0.02357	0.01347	0.02694	0.03030	0.77441	0.00673	0.00673	0.00337	0.00337
110	0.03479	0.01320	0.01799	0.01380	0.01979	0.01140	0.01140	0.03779	0.02219	0.68451	0.03059	0.02639	0.01919	0.00960	0.00780	0.00240	0.00660	0.00780	0.00960	0.01320
111	0.01114	0.00803	0.01060	0.01025	0.01207	0.00749	0.00788	0.01479	0.02150	0.03023	0.60610	0.06113	0.07006	0.01646	0.00932	0.00256	0.00404	0.08068	0.00838	0.00730
112	0.72476	0.01463	0.01158	0.01036	0.01506	0.01676	0.00848	0.02298	0.01362	0.06068	0.01272	0.03807	0.01034	0.00789	0.00510	0.00243	0.00597	0.00497	0.00508	0.00852
113	0.03479	0.01320	0.01799	0.01380	0.01979	0.01140	0.01140	0.03779	0.02219	0.68451	0.03059	0.02639	0.01919	0.00960	0.00780	0.00240	0.00660	0.00780	0.00960	0.01320
114	0.01929	0.01666	0.01753	0.01578	0.02016	0.01929	0.01227	0.04120	0.66513	0.03243	0.03156	0.02893	0.02367	0.01052	0.00789	0.00263	0.00614	0.00877	0.00789	0.01227
115	0.03479	0.01320	0.01799	0.01380	0.01979	0.01140	0.01140	0.03779	0.02219	0.68451	0.03059	0.02639	0.01919	0.00960	0.00780	0.00240	0.00660	0.00780	0.00960	0.01320
116	0.00999	0.00703	0.00908	0.01044	0.01090	0.00669	0.00692	0.01124	0.01447	0.01933	0.05843	0.53957	0.04702	0.16554	0.01586	0.00402	0.00519	0.04548	0.00673	0.00604
117	0.01097	0.00793	0.01036	0.00975	0.01158	0.00732	0.00732	0.01463	0.02195	0.03109	0.67505	0.05792	0.07316	0.01585	0.00914	0.00244	0.00366	0.01402	0.00854	0.00732
118	0.02679	0.01952	0.02082	0.01636	0.02188	0.02158	0.01339	0.52474	0.08566	0.04506	0.02050	0.02073	0.01487	0.00937	0.00748	0.00229	0.00773	0.00716	0.10170	0.01238
119	0.01063	0.00724	0.00865	0.00929	0.00944	0.00709	0.00558	0.01111	0.01254	0.01672	0.03092	0.28872	0.03637	0.47836	0.02899	0.00597	0.00645	0.01509	0.00558	0.00526
120	0.23449	0.01656	0.01800	0.01419	0.01994	0.01729	0.01172	0.24185	0.02459	0.29445	0.02121	0.02004	0.01425	0.00885	0.00698	0.00237	0.00709	0.00655	0.00768	0.01190
121	0.01007	0.00730	0.00965	0.01130	0.01221	0.00688	0.00822	0.01194	0.01572	0.02061	0.04532	0.53412	0.10123	0.02330	0.01001	0.00319	0.00501	0.15024	0.00719	0.00650
122	0.02751	0.02074	0.02216	0.01744	0.02330	0.02313	0.01426	0.53536	0.15757	0.04570	0.02111	0.02060	0.01521	0.00954	0.00778	0.00239	0.00807	0.00732	0.00778	0.01301
123	0.01004	0.00721	0.00953	0.01039	0.01138	0.00670	0.00724	0.01229	0.01762	0.02421	0.28968	0.46292	0.05983	0.02100	0.00960	0.00287	0.00417	0.01891	0.00772	0.00670
124	0.01128	0.00752	0.00846	0.00846	0.00846	0.00752	0.00470	0.01128	0.01128	0.01503	0.02443	0.05074	0.02819	0.72751	0.03946	0.00752	0.00752	0.01128	0.00470	0.00470
125	0.03278	0.01465	0.01868	0.01451	0.02041	0.01378	0.01193	0.12255	0.07701	0.54365	0.02903	0.02553	0.01874	0.00963	0.00780	0.00241	0.00683	0.00776	0.00920	0.01312
126	0.01319	0.00946	0.01246	0.01342	0.01526	0.00953	0.01108	0.06724	0.01890	0.02498	0.08420	0.19292	0.04470	0.04532	0.01122	0.00345	0.00654	0.40151	0.00721	0.00741
127	0.01830	0.02092	0.04575	0.03268	0.04052	0.01961	0.65098	0.02484	0.01830	0.02484	0.01569	0.02092	0.01176	0.00654	0.00915	0.00261	0.01307	0.00915	0.00392	0.01046
128	0.02806	0.02102	0.02247	0.01755	0.02351	0.02339	0.01440	0.56852	0.12352	0.04659	0.02041	0.02004	0.01464	0.00948	0.00777	0.00237	0.00820	0.00723	0.00777	0.01306
129	0.01869	0.01791	0.03056	0.12062	0.61004	0.01829	0.02355	0.02336	0.01742	0.02472	0.01450	0.01935	0.01207	0.00700	0.00768	0.00233	0.00934	0.00691	0.00379	0.01188
130	0.01295	0.00683	0.01003	0.01018	0.01027	0.00685	0.00680	0.01035	0.01063	0.01423	0.01663	0.08247	0.01744	0.05811	0.05468	0.64861	0.00712	0.00825	0.00377	0.00380
131	0.02073	0.73217	0.04063	0.01327	0.01990	0.03068	0.01327	0.02322	0.01575	0.01824	0.01078	0.01244	0.00995	0.00663	0.00498	0.00166	0.00829	0.00415	0.00332	0.00995
132	0.01128	0.00752	0.00846	0.00846	0.00846	0.00752	0.00470	0.01128	0.01128	0.01503	0.02443	0.05074	0.02819	0.72751	0.03946	0.00752	0.00752	0.01128	0.00470	0.00470
133	0.01929	0.01666	0.01753	0.01578	0.02016	0.01929	0.01227	0.04120	0.66513	0.03243	0.03156	0.02893	0.02367	0.01052	0.00789	0.00263	0.00614	0.00877	0.00789	0.01227
134	0.04634	0.01343	0.01715	0.03597	0.06608	0.01326	0.01208	0.03032	0.17343	0.26069	0.02942	0.11236	0.02424	0.01180	0.00801	0.00253	0.00648	0.05483	0.00758	0.07399
135	0.13649	0.01227	0.01461	0.01244	0.01683	0.01185	0.00997	0.05584	0.04508	0.34298	0.03075	0.12607	0.04749	0.01217	0.00766	0.00253	0.00600	0.03623	0.06222	0.01056
136	0.02835	0.02197	0.02031	0.01665	0.02182	0.18057	0.01330	0.27583	0.06067	0.18362	0.02318	0.02280	0.04391	0.01167	0.03710	0.00273	0.00959	0.00726	0.00710	0.01157
137	0.63445	0.01489	0.01266	0.01104	0.01596	0.01678	0.00905	0.02598	0.06059	0.11604	0.01475	0.01548	0.01083	0.00773	0.00539	0.00242	0.00608	0.00497	0.00562	0.00927
138	0.05118	0.01528	0.01606	0.01323	0.01737	0.01642	0.01045	0.33517	0.04991	0.03623	0.03042	0.03344	0.12704	0.09902	0.01146	0.00296	0.00679	0.00907	0.10849	0.01002
139	0.00986	0.00722	0.00935	0.01081	0.01177	0.00671	0.00770	0.01167	0.01590	0.02086	0.07443	0.52912	0.13259	0.02296	0.00987	0.00310	0.00472	0.09762	0.00725	0.00648
140	0.01347	0.00673	0.01010	0.01010	0.01010	0.00673	0.00673	0.01010	0.01010	0.01347	0.01347	0.02357	0.01347	0.02694	0.03030	0.77441	0.00673	0.00673	0.00337	0.00337
141	0.01803	0.01007	0.01305	0.01147	0.01462	0.00944	0.00898	0.02301	0.07476	0.20434	0.43020	0.04814	0.05383	0.01394	0.00874	0.00248	0.00476	0.03217	0.00872	0.00928
142	0.01042	0.00741	0.00875	0.00932	0.01001	0.00704	0.00602	0.01142	0.01405	0.01838	0.06779	0.25742	0.13983	0.34940	0.02350	0.00508	0.00586	0.03655	0.00610	0.00567
143	0.24763	0.01170	0.01219	0.01084	0.01458	0.01208	0.00854	0.04572	0.03778	0.18818	0.02472	0.12213	0.02067	0.01086	0.00661	0.00236	0.00542	0.00862	0.20013	0.00924
144	0.01347	0.00673	0.01010	0.01010	0.01010	0.00673	0.00673	0.01010	0.01010	0.01347	0.01347	0.02357	0.01347	0.02694	0.03030	0.77441	0.00673	0.00673	0.00337	0.00337
145	0.02243	0.01789	0.01913	0.01611	0.02098	0.02018	0.01283	0.26386	0.38886	0.03837	0.07248	0.02720	0.02334	0.01045	0.00793	0.00251	0.00684	0.00848	0.00789	0.01226
146	0.01132	0.00724	0.00961	0.01091	0.01174	0.00671	0.00739	0.01273	0.01522	0.06677	0.04113	0.64573	0.04807	0.05184	0.01095	0.00327	0.00477	0.02059	0.00727	0.00672
147	0.01044	0.00752	0.00889	0.00911	0.01012	0.00705	0.00603	0.01193	0.01568	0.02083	0.18971	0.18936	0.16626	0.28882	0.02082	0.00454	0.00534	0.01500	0.00656	0.00597
148	0.09083	0.02041	0.02163	0.01688	0.02282	0.02258	0.01388	0.52789	0.08152	0.07457	0.01948	0.01925	0.01385	0.00924	0.00753	0.00236	0.00806	0.00692	0.00760	0.01272
149	0.01111	0.00751	0.00879	0.00893	0.00907	0.00757	0.00526	0.01142	0.01165	0.01564	0.02568	0.10453	0.02946	0.62219	0.08368	0.00751	0.00821	0.01195	0.00487	0.00499
150	0.35032	0.01304	0.01369	0.01152	0.01629	0.01327	0.00934	0.02796	0.01737	0.30895	0.02252	0.06728	0.01679	0.00951	0.00646	0.00240	0.00596	0.00717	0.06995	0.01020
151	0.00950	0.00705	0.00890	0.01033	0.01127	0.00644	0.00713	0.01106	0.01552	0.02015	0.04985	0.56932	0.17620	0.02325	0.00978	0.00306	0.00448	0.04313	0.00720	0.00638
152	0.00965	0.00689	0.00923	0.01103	0.01157	0.00647	0.00755	0.01115	0.01505	0.02002	0.04262	0.67997	0.05084	0.02410	0.00995	0.00318	0.00468	0.06251	0.00719	0.00635
153	0.01404	0.00736	0.00787	0.00787	0.00963	0.00753	0.00595	0.01755	0.01579	0.02756	0.02474	0.02910	0.01981	0.01508	0.09056	0.00312	0.00573	0.00736	0.67617	0.00719
154	0.08743	0.01332	0.01753	0.01354	0.01946	0.01182	0.01118	0.03673	0.02156	0.63875	0.02920	0.02542	0.01843	0.00943	0.00759	0.00240	0.00656	0.00754	0.00926	0.01286
155	0.01127	0.00829	0.00869	0.00834	0.01124	0.00694	0.00634	0.01332	0.01804	0.07550	0.07460	0.07065	0.62199	0.01881	0.00905	0.00260	0.00415	0.01566	0.00740	0.00709
156	0.00998	0.00748	0.00928	0.01051	0.01179	0.00689	0.00769	0.01185	0.01604	0.02055	0.05178	0.40063	0.22462	0.04955	0.01098	0.00324	0.00493	0.12866	0.00709	0.00646
157	0.01520	0.01468	0.02557	0.57464	0.04930	0.01704	0.09954	0.02042	0.01590	0.02083	0.01402	0.02038	0.01060	0.00746	0.00778	0.00249	0.01035	0.00701	0.00359	0.06323
158	0.02725	0.02166	0.02263	0.07461	0.02608	0.07075	0.01508	0.49872	0.09360	0.04279	0.01898	0.01944	0.01372	0.00920	0.00771	0.00235	0.00884	0.00700	0.00715	0.01243
159	0.01884	0.02148	0.04298	0.03214	0.06634	0.05504	0.56424	0.02485	0.01820	0.02429	0.01522	0.02031	0.01163	0.00692	0.00966	0.00260	0.04224	0.00874	0.00390	0.01038
160	0.01124	0.00807	0.01158	0.01158	0.01262	0.00912	0.00859	0.01316	0.01211	0.01720	0.02109	0.03396	0.02075	0.18404	0.53678	0.05128	0.01751	0.00879	0.00422	0.00631
161	0.01261	0.00768	0.01016	0.01093	0.01227	0.00702	0.00766	0.01442	0.01657	0.10019	0.10815	0.54446	0.07513	0.02148	0.00954	0.00296	0.00464	0.01929	0.00762	0.00723
162	0.01352	0.01329	0.06153	0.01394	0.01644	0.06238	0.01165	0.04322	0.01448	0.01986	0.01953	0.02772	0.01774	0.04870	0.56669	0.01053	0.01908	0.00782	0.00423	0.00767
163	0.01061	0.00884	0.00895	0.00856	0.01144	0.00779	0.00652	0.05670	0.01901	0.02293	0.07429	0.07065	0.62896	0.01890	0.00906	0.00260	0.00425	0.01570	0.00724	0.00702
164	0.01504	0.00895	0.01140	0.01082	0.01277	0.00852	0.00796	0.01810	0.04224	0.12554	0.25834	0.11396	0.04627	0.20316	0.01709	0.00396	0.00565	0.07524	0.00740	0.00761
165	0.01125	0.00808	0.01162	0.01175	0.01305	0.00916	0.00896	0.01387	0.01289	0.01890	0.02285	0.08027	0.02205	0.07893	0.56446	0.01072	0.01766	0.00931	0.06740	0.00681
166	0.03437	0.01387	0.01841	0.01412	0.02013	0.01240	0.01166	0.08673	0.02333	0.63397	0.02964	0.02577	0.01872	0.00957	0.00779	0.00239	0.00675	0.00773	0.00945	0.01319
167	0.01817	0.01066	0.01159	0.01023	0.01301	0.01114	0.00791	0.15095	0.02014	0.06545	0.02380	0.02847	0.01907	0.06954	0.05499	0.00311	0.00625	0.00760	0.45936	0.00856
168	0.01138	0.00731	0.00976	0.01092	0.01188	0.00675	0.00751	0.01305	0.01600	0.06797	0.09829	0.61376	0.05096	0.02250	0.00968	0.00303	0.00457	0.02032	0.00749	0.00688
169	0.75828	0.01494	0.01161	0.01031	0.01515	0.01720	0.00849	0.02327	0.01348	0.05564	0.01143	0.01304	0.00874	0.00727	0.00489	0.00240	0.00602	0.00431	0.00495	0.00855
170	0.02122	0.01683	0.01804	0.01581	0.02046	0.01912	0.01241	0.09128	0.56781	0.08006	0.03043	0.02790	0.02249	0.01035	0.00787	0.00259	0.00637	0.00855	0.00800	0.01241
171	0.00981	0.00698	0.00916	0.01047	0.01110	0.00654	0.00704	0.01141	0.01566	0.02115	0.13626	0.57513	0.05292	0.07293	0.01188	0.00335	0.00459	0.02008	0.00722	0.00634
172	0.01131	0.00834	0.01027	0.01054	0.01215	0.00791	0.00758	0.05765	0.01902	0.02557	0.24486	0.36970	0.14613	0.01990	0.00940	0.00279	0.00444	0.01763	0.00766	0.00714
173	0.01128	0.00752	0.00846	0.00846	0.00846	0.00752	0.00470	0.01128	0.01128	0.01503	0.02443	0.05074	0.02819	0.72751	0.03946	0.00752	0.00752	0.01128	0.00470	0.00470
174	0.02947	0.02172	0.02327	0.01784	0.02404	0.02404	0.01474	0.65329	0.03646	0.04887	0.01862	0.01862	0.01319	0.00931	0.00776	0.00233	0.00853	0.00698	0.00776	0.01319
175	0.00971	0.00718	0.00908	0.01008	0.01118	0.00655	0.00700	0.01164	0.01678	0.02230	0.17819	0.47531	0.16303	0.02177	0.00962	0.00291	0.00423	0.01943	0.00747	0.00655
176	0.01109	0.00824	0.01213	0.01213	0.01340	0.00951	0.00928	0.01363	0.01236	0.01776	0.02107	0.03213	0.02011	0.11319	0.64274	0.01205	0.01968	0.00855	0.00420	0.00674
177	0.00945	0.00675	0.00900	0.01080	0.01125	0.00630	0.00720	0.01080	0.01484	0.01979	0.04274	0.72245	0.05128	0.02429	0.00990	0.00315	0.00450	0.02204	0.00720	0.00630
178	0.01091	0.00788	0.01031	0.00980	0.01157	0.00728	0.00731	0.01448	0.02167	0.03065	0.65048	0.08374	0.07231	0.01618	0.00917	0.00247	0.00369	0.01433	0.00848	0.00728
179	0.01181	0.00847	0.01008	0.01046	0.01148	0.00850	0.00737	0.01458	0.06036	0.01960	0.06284	0.10701	0.08450	0.38317	0.02504	0.00538	0.00668	0.15050	0.00601	0.00615
180	0.02073	0.73217	0.04063	0.01327	0.01990	0.03068	0.01327	0.02322	0.01575	0.01824	0.01078	0.01244	0.00995	0.00663	0.00498	0.00166	0.00829	0.00415	0.00332	0.00995
181	0.01929	0.01666	0.01753	0.01578	0.02016	0.01929	0.01227	0.04120	0.66513	0.03243	0.03156	0.02893	0.02367	0.01052	0.00789	0.00263	0.00614	0.00877	0.00789	0.01227
182	0.01777	0.01977	0.04212	0.03067	0.03769	0.01890	0.57270	0.02386	0.01800	0.02445	0.01755	0.02623	0.01440	0.00805	0.00994	0.00272	0.04106	0.05985	0.00416	0.01010
183	0.00962	0.00685	0.00908	0.01081	0.01128	0.00643	0.00726	0.01098	0.01479	0.01970	0.04192	0.67428	0.05011	0.05362	0.01116	0.00334	0.00471	0.04071	0.00709	0.00626
184	0.00985	0.00808	0.00882	0.00919	0.01163	0.00704	0.00726	0.01215	0.01771	0.02141	0.07077	0.07728	0.54507	0.02001	0.00948	0.00282	0.00459	0.14297	0.00719	0.00667
185	0.00956	0.00688	0.00907	0.01061	0.01125	0.00639	0.00716	0.01112	0.01552	0.02076	0.09559	0.64548	0.07499	0.02344	0.00981	0.00307	0.00441	0.02119	0.00731	0.00639
186	0.72882	0.01655	0.01215	0.01089	0.01563	0.06558	0.00886	0.02337	0.01382	0.03367	0.01088	0.01269	0.00851	0.00725	0.00495	0.00237	0.00656	0.00425	0.00474	0.00844
187	0.78228	0.01499	0.01140	0.01020	0.01499	0.01739	0.00840	0.02279	0.01320	0.03479	0.01080	0.01260	0.00840	0.00720	0.00480	0.00240	0.00600	0.00420	0.00480	0.00840
188	0.01911	0.01837	0.03119	0.04659	0.65494	0.01862	0.02354	0.02361	0.01744	0.02509	0.01442	0.01911	0.01220	0.00715	0.00833	0.00234	0.03508	0.00690	0.00382	0.01214

[dist]
# distance from previous block
# <min> <max>
0	3

[block]
# block no. 3 follows, 25 sequences, length 34
# corresponding to MSA columns:
# 415-448
name=unknown_D
#
# <colnr> <probs for GDERKNQSTAVLIFYWHMCP>
#	G	D	E	R	K	N	Q	S	T	A	V	L	I	F	Y	W	H	M	C	P
0	0.01171	0.00921	0.01240	0.01233	0.01367	0.03305	0.00939	0.01419	0.01267	0.01775	0.02082	0.03185	0.01991	0.12091	0.60978	0.01163	0.01926	0.00848	0.00420	0.00678
1	0.02277	0.02938	0.35128	0.02020	0.02907	0.01878	0.05991	0.20682	0.02317	0.13666	0.01803	0.01889	0.01240	0.00823	0.00766	0.00242	0.00994	0.00663	0.00560	0.01217
2	0.00989	0.00780	0.00891	0.00880	0.01096	0.00683	0.00654	0.01246	0.01913	0.02480	0.30746	0.11447	0.39738	0.01850	0.00921	0.00259	0.00386	0.01586	0.00772	0.00683
3	0.02907	0.05349	0.02399	0.01771	0.02386	0.04713	0.01468	0.60448	0.03505	0.04651	0.01805	0.01819	0.01294	0.00915	0.00761	0.00229	0.00871	0.00679	0.00743	0.01290
4	0.01797	0.01442	0.01676	0.01211	0.01891	0.01153	0.00974	0.07343	0.01804	0.05433	0.01488	0.01671	0.01194	0.00620	0.00600	0.00130	0.00601	0.00493	0.00506	0.67972
5	0.01555	0.04011	0.68733	0.02210	0.03356	0.01801	0.02865	0.02455	0.01637	0.02455	0.01391	0.01637	0.00982	0.00737	0.00737	0.00246	0.01146	0.00573	0.00327	0.01146
6	0.01555	0.04011	0.68733	0.02210	0.03356	0.01801	0.02865	0.02455	0.01637	0.02455	0.01391	0.01637	0.00982	0.00737	0.00737	0.00246	0.01146	0.00573	0.00327	0.01146
7	0.01108	0.00831	0.01246	0.01246	0.01385	0.00969	0.00969	0.01385	0.01246	0.01800	0.02077	0.03046	0.01938	0.05815	0.69678	0.01246	0.02077	0.00831	0.00415	0.00692
8	0.01012	0.00789	0.00918	0.00886	0.01106	0.00695	0.00664	0.01298	0.01993	0.02630	0.39335	0.06581	0.35785	0.01764	0.00915	0.00252	0.00379	0.01513	0.00790	0.00695
9	0.01128	0.00752	0.00846	0.00846	0.00846	0.00752	0.00470	0.01128	0.01128	0.01503	0.02443	0.05074	0.02819	0.72751	0.03946	0.00752	0.00752	0.01128	0.00470	0.00470
10	0.03376	0.01297	0.01766	0.01362	0.01944	0.01122	0.01122	0.03678	0.02218	0.65619	0.05852	0.02776	0.02153	0.00987	0.00786	0.00240	0.00647	0.00807	0.00955	0.01294
11	0.03217	0.01378	0.01792	0.01413	0.01986	0.01273	0.01154	0.03836	0.13071	0.57445	0.03075	0.02682	0.01995	0.00975	0.00781	0.00244	0.00652	0.00796	0.00931	0.01304
12	0.00945	0.00675	0.00900	0.01080	0.01125	0.00630	0.00720	0.01080	0.01484	0.01979	0.04274	0.72245	0.05128	0.02429	0.00990	0.00315	0.00450	0.02204	0.00720	0.00630
13	0.02807	0.03388	0.02164	0.01941	0.02361	0.58174	0.01470	0.07769	0.08499	0.02247	0.01436	0.01576	0.01154	0.00833	0.00713	0.00208	0.01283	0.00550	0.00465	0.00961
14	0.00945	0.00675	0.00900	0.01080	0.01125	0.00630	0.00720	0.01080	0.01484	0.01979	0.04274	0.72245	0.05128	0.02429	0.00990	0.00315	0.00450	0.02204	0.00720	0.00630
15	0.01108	0.00831	0.01246	0.01246	0.01385	0.00969	0.00969	0.01385	0.01246	0.01800	0.02077	0.03046	0.01938	0.05815	0.69678	0.01246	0.02077	0.00831	0.00415	0.00692
16	0.00965	0.00696	0.00915	0.01054	0.01127	0.00645	0.00717	0.01136	0.01596	0.02145	0.13436	0.60413	0.07696	0.02292	0.00976	0.00303	0.00436	0.02069	0.00739	0.00645
17	0.02073	0.73217	0.04063	0.01327	0.01990	0.03068	0.01327	0.02322	0.01575	0.01824	0.01078	0.01244	0.00995	0.00663	0.00498	0.00166	0.00829	0.00415	0.00332	0.00995
18	0.00944	0.00787	0.00824	0.00815	0.01064	0.00666	0.00611	0.01166	0.01833	0.02250	0.17000	0.07206	0.58358	0.01906	0.00916	0.00259	0.00389	0.01600	0.00740	0.00666
19	0.01146	0.00908	0.01046	0.00990	0.01235	0.00866	0.00749	0.01699	0.10711	0.02774	0.38071	0.05983	0.27635	0.01645	0.00898	0.00253	0.00409	0.01413	0.00798	0.00772
20	0.08582	0.01746	0.01835	0.01554	0.02030	0.01965	0.01236	0.26219	0.31594	0.03788	0.05076	0.06572	0.02209	0.01081	0.00775	0.00252	0.00681	0.00871	0.00757	0.01174
21	0.00970	0.00720	0.00908	0.01031	0.01140	0.00659	0.00725	0.01150	0.01620	0.02118	0.10308	0.49524	0.18204	0.02245	0.00973	0.00300	0.00447	0.05580	0.00731	0.00648
22	0.01126	0.00758	0.00879	0.00879	0.00891	0.00770	0.00512	0.01149	0.01137	0.01528	0.02412	0.04904	0.02745	0.67136	0.09460	0.00793	0.00863	0.01103	0.00465	0.00488
23	0.01071	0.00808	0.00989	0.01100	0.01208	0.00795	0.00755	0.01450	0.09296	0.02113	0.04345	0.54303	0.10120	0.06362	0.01133	0.00330	0.00482	0.01932	0.00713	0.00694
24	0.01034	0.00737	0.00926	0.01042	0.01115	0.00702	0.00720	0.01172	0.01463	0.01917	0.04120	0.39350	0.10451	0.20550	0.01760	0.00429	0.00561	0.10694	0.00654	0.00603
25	0.00950	0.00715	0.00883	0.01013	0.01124	0.00648	0.00707	0.01112	0.01576	0.02026	0.05259	0.51488	0.22421	0.02287	0.00973	0.00302	0.00446	0.04708	0.00720	0.00640
