[name]
unknown

[dist]
# distance from previous block
# <min> <max>
0	0

[block]
# block no. 0 follows, 24 sequences, length 27
# corresponding to MSA columns:
# 0-26
name=unknown_A
#
# <colnr> <probs for GDERKNQSTAVLIFYWHMCP>
#	G	D	E	R	K	N	Q	S	T	A	V	L	I	F	Y	W	H	M	C	P
0	0.01278	0.00913	0.01278	0.01460	0.01643	0.00913	0.01278	0.01643	0.01825	0.02373	0.04199	0.08945	0.04564	0.02191	0.01095	0.00365	0.00730	0.61847	0.00730	0.00730
1	0.03014	0.02221	0.02380	0.01825	0.02459	0.02459	0.01507	0.64541	0.03728	0.04998	0.01904	0.01904	0.01349	0.00952	0.00793	0.00238	0.00873	0.00714	0.00793	0.01349
2	0.01498	0.01409	0.02378	0.70226	0.05462	0.01762	0.02202	0.02026	0.01586	0.02026	0.01409	0.02114	0.01057	0.00793	0.00793	0.00264	0.01057	0.00705	0.00352	0.00881
3	0.00937	0.00803	0.00803	0.00803	0.01071	0.00669	0.00602	0.01138	0.01807	0.02142	0.08033	0.07632	0.66863	0.02008	0.00937	0.00268	0.00402	0.01674	0.00736	0.00669
4	0.01133	0.00850	0.01274	0.01274	0.01416	0.00991	0.00991	0.01416	0.01274	0.01841	0.02124	0.03115	0.01982	0.05947	0.68989	0.01274	0.02124	0.00850	0.00425	0.00708
5	0.02048	0.17086	0.06703	0.01837	0.02174	0.15219	0.01603	0.05064	0.01695	0.02147	0.04664	0.01851	0.01416	0.01237	0.03761	0.00298	0.29213	0.00641	0.00407	0.00938
6	0.02915	0.07611	0.02353	0.02005	0.02428	0.65284	0.01522	0.03122	0.02212	0.01937	0.01219	0.01421	0.01021	0.00809	0.00704	0.00202	0.01398	0.00506	0.00405	0.00925
7	0.01884	0.01809	0.05982	0.01798	0.06124	0.01856	0.01388	0.03751	0.51858	0.03133	0.03153	0.02979	0.05261	0.01055	0.00798	0.00259	0.00669	0.00883	0.00733	0.04628
8	0.03082	0.01799	0.02085	0.01624	0.02213	0.01862	0.01330	0.37940	0.03044	0.28018	0.02518	0.06757	0.01831	0.01063	0.00809	0.00246	0.00772	0.00846	0.00859	0.01303
9	0.00966	0.00690	0.00920	0.01104	0.01150	0.00644	0.00736	0.01104	0.01518	0.02024	0.04371	0.71614	0.05245	0.02484	0.01012	0.00322	0.00460	0.02254	0.00736	0.00644
10	0.04699	0.02053	0.06552	0.03091	0.06749	0.01867	0.51100	0.02402	0.01810	0.02536	0.01812	0.08098	0.01535	0.00833	0.00911	0.00269	0.01208	0.01006	0.00431	0.01037
11	0.02962	0.03779	0.02247	0.02043	0.02451	0.68948	0.01532	0.03166	0.02247	0.01941	0.01226	0.01430	0.01021	0.00817	0.00715	0.00204	0.01430	0.00511	0.00409	0.00919
12	0.01963	0.01884	0.03219	0.04867	0.67185	0.01884	0.02434	0.02434	0.01806	0.02591	0.01492	0.01963	0.01256	0.00707	0.00785	0.00236	0.00942	0.00707	0.00393	0.01256
13	0.01818	0.01447	0.01692	0.01220	0.01916	0.01134	0.00981	0.05246	0.01783	0.06274	0.01528	0.01715	0.01226	0.00627	0.00609	0.00131	0.00606	0.00500	0.00514	0.69032
14	0.01122	0.00811	0.01060	0.00998	0.01185	0.00748	0.00748	0.01496	0.02245	0.03180	0.66766	0.05923	0.07482	0.01621	0.00935	0.00249	0.00374	0.01434	0.00873	0.00748
15	0.01807	0.01879	0.02310	0.01999	0.02056	0.08882	0.01645	0.01985	0.01353	0.01926	0.01492	0.02070	0.05114	0.01370	0.02313	0.00328	0.59498	0.00737	0.00377	0.00860
16	0.02972	0.03489	0.02272	0.02002	0.02453	0.56548	0.01528	0.14613	0.02523	0.02511	0.01352	0.01518	0.01082	0.00842	0.00730	0.00211	0.01326	0.00549	0.00480	0.00999
17	0.01618	0.07724	0.64646	0.02212	0.03358	0.01910	0.02847	0.02504	0.01671	0.02477	0.01406	0.01653	0.01005	0.00749	0.00740	0.00247	0.01155	0.00577	0.00335	0.01164
18	0.02011	0.01928	0.02841	0.10645	0.45488	0.05639	0.02153	0.04948	0.11289	0.02692	0.01739	0.02093	0.01398	0.00785	0.00785	0.00242	0.00932	0.00724	0.00465	0.01203
19	0.01073	0.00754	0.00905	0.00968	0.01054	0.00730	0.00642	0.01205	0.01431	0.01926	0.04022	0.27836	0.14152	0.25692	0.08615	0.00545	0.00709	0.01557	0.05578	0.00607
20	0.20013	0.41095	0.05720	0.01390	0.02029	0.02628	0.01318	0.10291	0.04634	0.02749	0.01310	0.01446	0.01083	0.00747	0.00563	0.00204	0.00799	0.00489	0.00453	0.01039
21	0.05668	0.01663	0.02205	0.36455	0.05837	0.05586	0.01797	0.12654	0.01914	0.02579	0.01535	0.02164	0.01239	0.04395	0.05284	0.00346	0.06577	0.00710	0.00448	0.00944
22	0.02164	0.01297	0.03591	0.01282	0.01744	0.01132	0.01053	0.05107	0.07725	0.24856	0.27665	0.03793	0.04010	0.01185	0.00826	0.00234	0.00566	0.01006	0.00837	0.09925
23	0.01363	0.00694	0.01022	0.01022	0.01022	0.00694	0.00675	0.01041	0.01041	0.01388	0.01451	0.02592	0.01476	0.07292	0.03160	0.71948	0.00694	0.00719	0.00353	0.00353
24	0.02552	0.11529	0.05159	0.08613	0.02695	0.10383	0.04295	0.30813	0.02696	0.06125	0.01729	0.01888	0.01287	0.00863	0.00735	0.00226	0.00946	0.00660	0.05662	0.01146
25	0.01644	0.01409	0.01644	0.01175	0.01879	0.01057	0.00940	0.01997	0.01644	0.02584	0.01409	0.01644	0.01175	0.00587	0.00587	0.00117	0.00587	0.00470	0.00470	0.76979
26	0.06292	0.01764	0.01945	0.01542	0.02078	0.01875	0.01256	0.39400	0.03007	0.14907	0.05749	0.05423	0.04887	0.01090	0.00789	0.00242	0.00736	0.00859	0.04957	0.01202

[dist]
# distance from previous block
# <min> <max>
0	1

[block]
# block no. 1 follows, 24 sequences, length 25
# corresponding to MSA columns:
# 28-52
name=unknown_B
#
# <colnr> <probs for GDERKNQSTAVLIFYWHMCP>
#	G	D	E	R	K	N	Q	S	T	A	V	L	I	F	Y	W	H	M	C	P
0	0.01283	0.01056	0.01501	0.01416	0.01503	0.01313	0.01103	0.01501	0.01243	0.01816	0.01910	0.03063	0.01876	0.13964	0.43737	0.00977	0.18756	0.00853	0.00413	0.00716
1	0.01759	0.07300	0.33487	0.02729	0.03692	0.01999	0.32549	0.02517	0.01766	0.02486	0.01491	0.01875	0.01102	0.00708	0.00827	0.00254	0.01232	0.00746	0.00367	0.01113
2	0.02755	0.02083	0.02380	0.13504	0.02972	0.02340	0.01626	0.53866	0.03362	0.04490	0.01819	0.01940	0.01299	0.00925	0.00793	0.00242	0.00904	0.00712	0.00718	0.01269
3	0.77733	0.01534	0.01166	0.01043	0.01534	0.01779	0.00859	0.02331	0.01350	0.03558	0.01104	0.01288	0.00859	0.00736	0.00491	0.00245	0.00613	0.00429	0.00491	0.00859
4	0.01881	0.01752	0.06118	0.05069	0.02416	0.04372	0.08291	0.05231	0.01795	0.07778	0.01837	0.08545	0.01606	0.00932	0.00905	0.00210	0.07222	0.00772	0.00517	0.32751
5	0.77733	0.01534	0.01166	0.01043	0.01534	0.01779	0.00859	0.02331	0.01350	0.03558	0.01104	0.01288	0.00859	0.00736	0.00491	0.00245	0.00613	0.00429	0.00491	0.00859
6	0.01091	0.00795	0.01026	0.00998	0.01173	0.00730	0.00737	0.01426	0.02128	0.02972	0.55376	0.13999	0.11078	0.01751	0.00945	0.00259	0.00386	0.01549	0.00847	0.00730
7	0.00954	0.00739	0.00870	0.00974	0.01116	0.00655	0.00678	0.01119	0.01643	0.02075	0.05953	0.43970	0.31868	0.02279	0.00980	0.00299	0.00435	0.02003	0.00736	0.00655
8	0.00974	0.00696	0.00927	0.01099	0.01152	0.00650	0.00737	0.01125	0.01556	0.02085	0.07631	0.68182	0.05362	0.02439	0.01008	0.00318	0.00456	0.02211	0.00743	0.00650
9	0.01609	0.03974	0.63898	0.02331	0.03478	0.01852	0.06927	0.02513	0.01687	0.02513	0.01435	0.01704	0.01017	0.00748	0.00765	0.00252	0.01183	0.00609	0.00339	0.01165
10	0.77733	0.01534	0.01166	0.01043	0.01534	0.01779	0.00859	0.02331	0.01350	0.03558	0.01104	0.01288	0.00859	0.00736	0.00491	0.00245	0.00613	0.00429	0.00491	0.00859
11	0.02086	0.01813	0.02697	0.05751	0.36657	0.04452	0.04972	0.02889	0.14571	0.08541	0.02140	0.02642	0.01733	0.00900	0.00814	0.00252	0.00885	0.04459	0.00548	0.01197
12	0.01005	0.00714	0.00935	0.01068	0.01129	0.00670	0.00715	0.01164	0.01587	0.02142	0.12954	0.56404	0.05345	0.08650	0.01274	0.00352	0.00476	0.02040	0.00732	0.00644
13	0.01097	0.00829	0.01117	0.01278	0.05176	0.00773	0.00854	0.01361	0.01855	0.02528	0.28468	0.33467	0.11656	0.01988	0.00965	0.00286	0.00462	0.04343	0.00768	0.00727
14	0.02120	0.72609	0.04155	0.01357	0.02035	0.03138	0.01357	0.02374	0.01611	0.01866	0.01102	0.01272	0.01018	0.00678	0.00509	0.00170	0.00848	0.00424	0.00339	0.01018
15	0.01124	0.00812	0.01042	0.01000	0.01174	0.00755	0.00744	0.01457	0.02106	0.02944	0.55135	0.06089	0.09655	0.07986	0.01221	0.00303	0.00429	0.04480	0.00824	0.00720
16	0.03014	0.02221	0.02380	0.01825	0.02459	0.02459	0.01507	0.64541	0.03728	0.04998	0.01904	0.01904	0.01349	0.00952	0.00793	0.00238	0.00873	0.00714	0.00793	0.01349
17	0.01498	0.01409	0.02378	0.70226	0.05462	0.01762	0.02202	0.02026	0.01586	0.02026	0.01409	0.02114	0.01057	0.00793	0.00793	0.00264	0.01057	0.00705	0.00352	0.00881
18	0.01735	0.01735	0.02429	0.02082	0.02082	0.02429	0.01735	0.01908	0.01214	0.01908	0.01041	0.01735	0.01041	0.01388	0.02602	0.00347	0.70680	0.00694	0.00347	0.00867
19	0.02498	0.01505	0.01902	0.01513	0.02005	0.01509	0.04195	0.21617	0.05459	0.22925	0.22102	0.03424	0.03443	0.01157	0.00845	0.00246	0.00673	0.00977	0.00855	0.01148
20	0.00973	0.00795	0.00860	0.00864	0.01098	0.00681	0.00640	0.01200	0.01862	0.02319	0.18312	0.12801	0.50878	0.01979	0.00943	0.00269	0.00402	0.01680	0.00761	0.00681
21	0.02471	0.01951	0.02074	0.01715	0.02252	0.02205	0.01376	0.33093	0.36060	0.04122	0.02594	0.02454	0.01907	0.01017	0.00800	0.00254	0.00745	0.00809	0.00800	0.01300
22	0.02120	0.72609	0.04155	0.01357	0.02035	0.03138	0.01357	0.02374	0.01611	0.01866	0.01102	0.01272	0.01018	0.00678	0.00509	0.00170	0.00848	0.00424	0.00339	0.01018
23	0.01628	0.08685	0.01552	0.01140	0.01497	0.01246	0.00914	0.04451	0.10041	0.10024	0.27480	0.04983	0.20373	0.01455	0.00854	0.00247	0.00515	0.01223	0.00782	0.00909
24	0.05595	0.05784	0.02519	0.02342	0.11152	0.32791	0.04641	0.13977	0.02282	0.02668	0.01429	0.01707	0.01163	0.01090	0.04198	0.00277	0.04258	0.00613	0.00474	0.01039

[dist]
# distance from previous block
# <min> <max>
0	2

[block]
# block no. 2 follows, 24 sequences, length 152
# corresponding to MSA columns:
# 55-206
name=unknown_C
#
# <colnr> <probs for GDERKNQSTAVLIFYWHMCP>
#	G	D	E	R	K	N	Q	S	T	A	V	L	I	F	Y	W	H	M	C	P
0	0.01963	0.01884	0.03219	0.04867	0.67185	0.01884	0.02434	0.02434	0.01806	0.02591	0.01492	0.01963	0.01256	0.00707	0.00785	0.00236	0.00942	0.00707	0.00393	0.01256
1	0.01532	0.14803	0.16952	0.01408	0.01932	0.01562	0.01400	0.04796	0.04642	0.02807	0.31732	0.03773	0.04154	0.04078	0.00931	0.00257	0.00691	0.00990	0.00630	0.00931
2	0.01498	0.01409	0.02378	0.70226	0.05462	0.01762	0.02202	0.02026	0.01586	0.02026	0.01409	0.02114	0.01057	0.00793	0.00793	0.00264	0.01057	0.00705	0.00352	0.00881
3	0.01139	0.00799	0.01035	0.01041	0.01101	0.00856	0.00699	0.01260	0.01215	0.01678	0.02405	0.06503	0.02589	0.42612	0.30677	0.00962	0.01317	0.01064	0.00466	0.00579
4	0.01501	0.01426	0.01473	0.01420	0.01593	0.13653	0.01083	0.01741	0.01443	0.01838	0.01940	0.02909	0.01835	0.10135	0.48146	0.00994	0.04908	0.00804	0.00423	0.00736
5	0.01114	0.00810	0.01048	0.00989	0.01179	0.00745	0.00741	0.01480	0.02224	0.03132	0.64030	0.06003	0.10248	0.01639	0.00935	0.00250	0.00375	0.01445	0.00867	0.00745
6	0.00966	0.00690	0.00920	0.01104	0.01150	0.00644	0.00736	0.01104	0.01518	0.02024	0.04371	0.71614	0.05245	0.02484	0.01012	0.00322	0.00460	0.02254	0.00736	0.00644
7	0.01133	0.00850	0.01274	0.01274	0.01416	0.00991	0.00991	0.01416	0.01274	0.01841	0.02124	0.03115	0.01982	0.05947	0.68989	0.01274	0.02124	0.00850	0.00425	0.00708
8	0.00995	0.00806	0.00883	0.00864	0.01107	0.00694	0.00648	0.01250	0.01944	0.02466	0.26344	0.07099	0.48350	0.01888	0.00937	0.00262	0.00393	0.01599	0.00779	0.00694
9	0.01947	0.01921	0.03413	0.04444	0.52918	0.01910	0.13403	0.02536	0.04796	0.02616	0.01593	0.02040	0.01301	0.00717	0.00813	0.00243	0.00998	0.00756	0.00413	0.01223
10	0.01705	0.01446	0.01677	0.01204	0.01905	0.01120	0.00965	0.04787	0.01737	0.02692	0.01431	0.01656	0.01182	0.00604	0.00596	0.00123	0.00600	0.00481	0.00484	0.73605
11	0.10895	0.02040	0.02170	0.04704	0.02422	0.02265	0.01423	0.51903	0.03281	0.04568	0.02103	0.02134	0.04568	0.00975	0.00768	0.00241	0.00829	0.00731	0.00738	0.01241
12	0.01543	0.01493	0.02608	0.61316	0.05218	0.01808	0.08343	0.02073	0.01602	0.02073	0.01416	0.02104	0.01071	0.00800	0.00868	0.00267	0.03413	0.00727	0.00357	0.00899
13	0.01094	0.00832	0.00890	0.00860	0.01134	0.00705	0.00650	0.01324	0.01890	0.05590	0.15688	0.07153	0.55601	0.01904	0.00930	0.00264	0.00412	0.01597	0.00767	0.00714
14	0.01735	0.01735	0.02429	0.02082	0.02082	0.02429	0.01735	0.01908	0.01214	0.01908	0.01041	0.01735	0.01041	0.01388	0.02602	0.00347	0.70680	0.00694	0.00347	0.00867
15	0.01651	0.01651	0.03183	0.35973	0.04493	0.01768	0.27878	0.02223	0.01712	0.02326	0.01600	0.02203	0.01208	0.00753	0.00830	0.00258	0.01110	0.00804	0.07428	0.00946
16	0.01498	0.01409	0.02378	0.70226	0.05462	0.01762	0.02202	0.02026	0.01586	0.02026	0.01409	0.02114	0.01057	0.00793	0.00793	0.00264	0.01057	0.00705	0.00352	0.00881
17	0.01942	0.01863	0.03181	0.07780	0.64435	0.01879	0.02423	0.02416	0.01796	0.02566	0.01488	0.01969	0.01247	0.00710	0.00785	0.00237	0.00947	0.00706	0.00391	0.01239
18	0.01149	0.00787	0.00956	0.00956	0.00988	0.00818	0.00594	0.01212	0.01180	0.01605	0.02415	0.04727	0.02682	0.57388	0.18505	0.00881	0.01071	0.01086	0.00468	0.00531
19	0.02085	0.68024	0.08430	0.01417	0.02129	0.03051	0.01462	0.02384	0.01615	0.01909	0.01124	0.01299	0.01017	0.00683	0.00525	0.00175	0.00870	0.00435	0.00339	0.01028
20	0.05877	0.01605	0.01961	0.01505	0.02124	0.01548	0.01242	0.20885	0.02623	0.44911	0.02637	0.02379	0.01716	0.00947	0.00776	0.00238	0.00725	0.00747	0.00889	0.04666
21	0.04781	0.04609	0.02820	0.08292	0.35041	0.04589	0.01996	0.22306	0.02399	0.03301	0.01581	0.01888	0.01241	0.00795	0.00766	0.00235	0.00932	0.00682	0.00520	0.01224
22	0.77733	0.01534	0.01166	0.01043	0.01534	0.01779	0.00859	0.02331	0.01350	0.03558	0.01104	0.01288	0.00859	0.00736	0.00491	0.00245	0.00613	0.00429	0.00491	0.00859
23	0.02383	0.05779	0.02507	0.02665	0.19228	0.35079	0.03771	0.04927	0.02078	0.02270	0.01899	0.05102	0.04502	0.00964	0.00773	0.00229	0.01137	0.03249	0.00457	0.01001
24	0.01590	0.04102	0.68023	0.02260	0.03432	0.01842	0.02930	0.02511	0.01674	0.02511	0.01423	0.01674	0.01005	0.00753	0.00753	0.00251	0.01172	0.00586	0.00335	0.01172
25	0.01014	0.00810	0.00910	0.00896	0.01133	0.00706	0.00679	0.01281	0.01958	0.02507	0.28004	0.07098	0.44068	0.01883	0.00943	0.00265	0.00405	0.03959	0.00783	0.00699
26	0.01590	0.04102	0.68023	0.02260	0.03432	0.01842	0.02930	0.02511	0.01674	0.02511	0.01423	0.01674	0.01005	0.00753	0.00753	0.00251	0.01172	0.00586	0.00335	0.01172
27	0.01705	0.01446	0.01677	0.01203	0.01905	0.01120	0.00965	0.04784	0.01737	0.02692	0.01431	0.01656	0.01182	0.00604	0.00596	0.00123	0.00600	0.00481	0.00484	0.73609
28	0.02962	0.03779	0.02247	0.02043	0.02451	0.68948	0.01532	0.03166	0.02247	0.01941	0.01226	0.01430	0.01021	0.00817	0.00715	0.00204	0.01430	0.00511	0.00409	0.00919
29	0.01153	0.00769	0.00865	0.00865	0.00865	0.00769	0.00480	0.01153	0.01153	0.01538	0.02499	0.05189	0.02883	0.72131	0.04036	0.00769	0.00769	0.01153	0.00480	0.00480
30	0.03014	0.02221	0.02380	0.01825	0.02459	0.02459	0.01507	0.64541	0.03728	0.04998	0.01904	0.01904	0.01349	0.00952	0.00793	0.00238	0.00873	0.00714	0.00793	0.01349
31	0.01978	0.54270	0.21252	0.01599	0.02409	0.02791	0.01778	0.02411	0.01628	0.02038	0.01188	0.01380	0.01014	0.00698	0.00574	0.00191	0.00935	0.00467	0.00338	0.01059
32	0.02127	0.01780	0.01880	0.01645	0.02121	0.02045	0.01293	0.13173	0.56541	0.03567	0.03031	0.02802	0.02261	0.01057	0.00805	0.00264	0.00664	0.00869	0.00805	0.01269
33	0.01759	0.01694	0.02933	0.32772	0.37580	0.01838	0.05455	0.02265	0.01715	0.02346	0.01462	0.02036	0.01168	0.00742	0.00796	0.00249	0.01011	0.00717	0.00376	0.01086
34	0.01963	0.01884	0.03219	0.04867	0.67185	0.01884	0.02434	0.02434	0.01806	0.02591	0.01492	0.01963	0.01256	0.00707	0.00785	0.00236	0.00942	0.00707	0.00393	0.01256
35	0.01122	0.00811	0.01060	0.00998	0.01185	0.00748	0.00748	0.01496	0.02245	0.03180	0.66766	0.05923	0.07482	0.01621	0.00935	0.00249	0.00374	0.01434	0.00873	0.00748
36	0.02962	0.03779	0.02247	0.02043	0.02451	0.68948	0.01532	0.03166	0.02247	0.01941	0.01226	0.01430	0.01021	0.00817	0.00715	0.00204	0.01430	0.00511	0.00409	0.00919
37	0.01972	0.01703	0.01793	0.01614	0.02062	0.01972	0.01255	0.04214	0.65752	0.03317	0.03228	0.02959	0.02421	0.01076	0.00807	0.00269	0.00628	0.00897	0.00807	0.01255
38	0.77733	0.01534	0.01166	0.01043	0.01534	0.01779	0.00859	0.02331	0.01350	0.03558	0.01104	0.01288	0.00859	0.00736	0.00491	0.00245	0.00613	0.00429	0.00491	0.00859
39	0.01146	0.00798	0.01015	0.01015	0.01067	0.00850	0.00668	0.01250	0.01198	0.01649	0.02361	0.04428	0.02553	0.47850	0.27866	0.00954	0.01266	0.01042	0.00460	0.00564
40	0.00966	0.00690	0.00920	0.01104	0.01150	0.00644	0.00736	0.01104	0.01518	0.02024	0.04371	0.71614	0.05245	0.02484	0.01012	0.00322	0.00460	0.02254	0.00736	0.00644
41	0.01278	0.00913	0.01278	0.01460	0.01643	0.00913	0.01278	0.01643	0.01825	0.02373	0.04199	0.08945	0.04564	0.02191	0.01095	0.00365	0.00730	0.61847	0.00730	0.00730
42	0.03014	0.02221	0.02380	0.01825	0.02459	0.02459	0.01507	0.64541	0.03728	0.04998	0.01904	0.01904	0.01349	0.00952	0.00793	0.00238	0.00873	0.00714	0.00793	0.01349
43	0.03014	0.02221	0.02380	0.01825	0.02459	0.02459	0.01507	0.64541	0.03728	0.04998	0.01904	0.01904	0.01349	0.00952	0.00793	0.00238	0.00873	0.00714	0.00793	0.01349
44	0.01138	0.00828	0.01163	0.01163	0.01266	0.00931	0.00852	0.01344	0.01241	0.01758	0.02226	0.03681	0.02228	0.24010	0.51262	0.01136	0.01754	0.00932	0.00440	0.00646
45	0.01963	0.01884	0.03219	0.04867	0.67185	0.01884	0.02434	0.02434	0.01806	0.02591	0.01492	0.01963	0.01256	0.00707	0.00785	0.00236	0.00942	0.00707	0.00393	0.01256
46	0.01108	0.00799	0.01047	0.01007	0.01181	0.00739	0.00747	0.01460	0.02177	0.03073	0.60987	0.12008	0.07275	0.01701	0.00942	0.00256	0.00382	0.01510	0.00860	0.00739
47	0.01590	0.04102	0.68023	0.02260	0.03432	0.01842	0.02930	0.02511	0.01674	0.02511	0.01423	0.01674	0.01005	0.00753	0.00753	0.00251	0.01172	0.00586	0.00335	0.01172
48	0.03479	0.01459	0.04479	0.01445	0.02080	0.01192	0.01236	0.03811	0.02246	0.65134	0.03060	0.02658	0.01925	0.00972	0.00796	0.00246	0.00695	0.00789	0.00956	0.01342
49	0.01963	0.01884	0.03219	0.04867	0.67185	0.01884	0.02434	0.02434	0.01806	0.02591	0.01492	0.01963	0.01256	0.00707	0.00785	0.00236	0.00942	0.00707	0.00393	0.01256
50	0.77733	0.01534	0.01166	0.01043	0.01534	0.01779	0.00859	0.02331	0.01350	0.03558	0.01104	0.01288	0.00859	0.00736	0.00491	0.00245	0.00613	0.00429	0.00491	0.00859
51	0.01595	0.03756	0.59143	0.02357	0.06189	0.01795	0.05331	0.02458	0.01717	0.02550	0.04729	0.01921	0.01351	0.00792	0.00772	0.00251	0.01128	0.00649	0.00367	0.01150
52	0.02638	0.02034	0.02168	0.01748	0.02316	0.02283	0.01416	0.42732	0.26151	0.04390	0.02382	0.02285	0.01736	0.00997	0.00798	0.00249	0.00784	0.00780	0.00798	0.01315
53	0.02120	0.72609	0.04155	0.01357	0.02035	0.03138	0.01357	0.02374	0.01611	0.01866	0.01102	0.01272	0.01018	0.00678	0.00509	0.00170	0.00848	0.00424	0.00339	0.01018
54	0.01456	0.01218	0.01892	0.46857	0.03986	0.01467	0.01695	0.01907	0.01597	0.02232	0.02065	0.05265	0.04337	0.00962	0.00816	0.00252	0.03181	0.00816	0.17169	0.00831
55	0.00973	0.00695	0.00926	0.01099	0.01152	0.00649	0.00737	0.01122	0.01551	0.02076	0.07151	0.68687	0.05344	0.02446	0.01009	0.00319	0.00456	0.02218	0.00742	0.00649
56	0.02629	0.05179	0.02257	0.01746	0.02309	0.05662	0.01419	0.38874	0.24017	0.04154	0.02272	0.02201	0.01671	0.00974	0.00782	0.00244	0.00819	0.00751	0.00759	0.01282
57	0.01615	0.07216	0.56083	0.02192	0.03223	0.01894	0.05109	0.02430	0.01682	0.02480	0.04310	0.01865	0.01304	0.00816	0.00848	0.00252	0.04558	0.00635	0.00362	0.01126
58	0.01731	0.22936	0.32270	0.08174	0.02892	0.02088	0.02071	0.04828	0.01806	0.02469	0.09813	0.02160	0.01866	0.00856	0.00712	0.00228	0.00953	0.00666	0.00426	0.01053
59	0.01822	0.05405	0.16659	0.02999	0.03832	0.02039	0.47264	0.02500	0.01795	0.02479	0.01524	0.01997	0.01151	0.00716	0.00956	0.00264	0.04299	0.00837	0.00384	0.01078
60	0.00966	0.00690	0.00920	0.01104	0.01150	0.00644	0.00736	0.01104	0.01518	0.02024	0.04371	0.71614	0.05245	0.02484	0.01012	0.00322	0.00460	0.02254	0.00736	0.00644
61	0.02467	0.02193	0.08289	0.14726	0.12101	0.02198	0.01888	0.39053	0.02890	0.03903	0.01714	0.01930	0.01252	0.00871	0.00789	0.00244	0.00942	0.00700	0.00617	0.01235
62	0.06671	0.11468	0.05334	0.01668	0.02322	0.04401	0.08448	0.03347	0.02062	0.42583	0.02425	0.02273	0.01612	0.00876	0.00753	0.00236	0.00824	0.00723	0.00751	0.01223
63	0.01139	0.00812	0.01011	0.01086	0.01269	0.00742	0.00829	0.01379	0.01786	0.04706	0.12533	0.27844	0.24619	0.02117	0.00990	0.00303	0.00499	0.14868	0.00760	0.00709
64	0.01084	0.00813	0.01008	0.00970	0.01176	0.00736	0.00735	0.01417	0.02124	0.02901	0.50294	0.06450	0.21498	0.01736	0.00942	0.00258	0.00395	0.03900	0.00835	0.00729
65	0.02709	0.06090	0.02294	0.08160	0.02674	0.54357	0.01562	0.03124	0.07766	0.02067	0.01414	0.01621	0.01148	0.00832	0.00722	0.00214	0.01303	0.00559	0.00436	0.00949
66	0.01963	0.01884	0.03219	0.04867	0.67185	0.01884	0.02434	0.02434	0.01806	0.02591	0.01492	0.01963	0.01256	0.00707	0.00785	0.00236	0.00942	0.00707	0.00393	0.01256
67	0.02327	0.09079	0.13789	0.01829	0.08254	0.04332	0.01557	0.02826	0.04029	0.21447	0.01985	0.02032	0.01433	0.00790	0.00700	0.00205	0.00803	0.00629	0.03372	0.18583
68	0.01664	0.09963	0.56466	0.02282	0.03375	0.01971	0.08528	0.02502	0.01687	0.02457	0.01412	0.01682	0.01024	0.00739	0.00749	0.00245	0.01159	0.00604	0.00341	0.01149
69	0.00966	0.00690	0.00920	0.01104	0.01150	0.00644	0.00736	0.01104	0.01518	0.02024	0.04371	0.71614	0.05245	0.02484	0.01012	0.00322	0.00460	0.02254	0.00736	0.00644
70	0.01112	0.00806	0.01056	0.01061	0.01231	0.00750	0.00805	0.01445	0.02074	0.02877	0.48018	0.15551	0.09266	0.01827	0.00966	0.00274	0.00430	0.08893	0.00831	0.00728
71	0.01953	0.01831	0.03009	0.13213	0.53226	0.01900	0.02310	0.05477	0.04481	0.02663	0.01572	0.02020	0.01282	0.00745	0.00787	0.00241	0.00941	0.00714	0.00424	0.01211
72	0.01057	0.00850	0.00950	0.00930	0.01176	0.00762	0.00708	0.01410	0.04729	0.02538	0.26616	0.06935	0.42157	0.01851	0.00938	0.00266	0.00417	0.04205	0.00783	0.00723
73	0.02013	0.01724	0.01816	0.01622	0.02078	0.01992	0.01265	0.06587	0.63312	0.03383	0.03175	0.02917	0.02378	0.01071	0.00806	0.00268	0.00637	0.00889	0.00806	0.01259
74	0.08669	0.38332	0.17564	0.01632	0.02359	0.02444	0.04696	0.02411	0.01640	0.05506	0.01597	0.01770	0.03912	0.00801	0.00700	0.00214	0.03745	0.00569	0.00404	0.01035
75	0.01917	0.01856	0.03196	0.10076	0.54043	0.01887	0.07201	0.02491	0.04771	0.02573	0.01574	0.02036	0.01290	0.00728	0.00799	0.00242	0.00968	0.00733	0.00409	0.01210
76	0.01602	0.01546	0.02173	0.01908	0.01930	0.02116	0.01568	0.01788	0.01243	0.01907	0.01410	0.06597	0.01449	0.02075	0.11429	0.00470	0.56755	0.00819	0.00383	0.00831
77	0.04854	0.01249	0.01797	0.30312	0.08351	0.01404	0.01500	0.02293	0.04917	0.08487	0.02026	0.02432	0.01526	0.00857	0.00705	0.00234	0.00755	0.00723	0.24652	0.00927
78	0.01616	0.01380	0.01614	0.01172	0.01849	0.01040	0.00931	0.01960	0.01639	0.02561	0.01532	0.04545	0.01343	0.00666	0.00605	0.00126	0.00582	0.00544	0.00481	0.73814
79	0.05657	0.04969	0.02203	0.07003	0.05290	0.05138	0.01433	0.26922	0.02621	0.17520	0.02081	0.02343	0.01548	0.00936	0.00762	0.00232	0.00830	0.03693	0.00699	0.08121
80	0.49375	0.05007	0.04918	0.01606	0.02171	0.05153	0.13256	0.02369	0.01528	0.03094	0.01363	0.04532	0.01137	0.00801	0.00623	0.00248	0.00822	0.00617	0.00467	0.00914
81	0.02557	0.01732	0.01928	0.01612	0.02137	0.01890	0.01288	0.16890	0.38064	0.18460	0.02925	0.02676	0.02089	0.01028	0.00802	0.00257	0.00690	0.00835	0.00844	0.01297
82	0.01233	0.00733	0.01003	0.01015	0.01060	0.00729	0.00681	0.01140	0.01263	0.01700	0.07898	0.10113	0.05668	0.15778	0.08383	0.38834	0.00763	0.01048	0.00478	0.00479
83	0.03533	0.01390	0.01865	0.01430	0.02045	0.01226	0.01181	0.06691	0.02338	0.64812	0.03071	0.02662	0.01934	0.00980	0.00797	0.00245	0.00684	0.00794	0.00973	0.01349
84	0.01153	0.00769	0.00865	0.00865	0.00865	0.00769	0.00480	0.01153	0.01153	0.01538	0.02499	0.05189	0.02883	0.72131	0.04036	0.00769	0.00769	0.01153	0.00480	0.00480
85	0.01377	0.00689	0.01033	0.01033	0.01033	0.00689	0.00689	0.01033	0.01033	0.01377	0.01377	0.02410	0.01377	0.02755	0.03099	0.76928	0.00689	0.00689	0.00344	0.00344
86	0.01063	0.00822	0.01110	0.01127	0.01295	0.00869	0.00859	0.01310	0.01446	0.01942	0.03983	0.10627	0.20447	0.04529	0.43735	0.00906	0.01490	0.01208	0.00540	0.00691
87	0.01710	0.01419	0.01646	0.01229	0.01866	0.01150	0.00974	0.07761	0.01827	0.02758	0.01730	0.08149	0.01568	0.00797	0.00646	0.00148	0.00602	0.00658	0.00525	0.62839
88	0.01590	0.04102	0.68023	0.02260	0.03432	0.01842	0.02930	0.02511	0.01674	0.02511	0.01423	0.01674	0.01005	0.00753	0.00753	0.00251	0.01172	0.00586	0.00335	0.01172
89	0.13254	0.01805	0.04170	0.01526	0.02104	0.01823	0.01287	0.29053	0.05844	0.21188	0.05092	0.02301	0.01789	0.00958	0.00748	0.00241	0.00738	0.00735	0.04129	0.01217
90	0.01610	0.06643	0.65654	0.02227	0.03380	0.01890	0.02872	0.02506	0.01672	0.02487	0.01411	0.01659	0.01005	0.00751	0.00744	0.00248	0.01160	0.00580	0.00335	0.01166
91	0.01362	0.00921	0.01285	0.01441	0.01636	0.00911	0.01247	0.01713	0.01830	0.05197	0.04160	0.11725	0.04484	0.02152	0.01078	0.00358	0.00715	0.56292	0.00741	0.00753
92	0.01937	0.32876	0.35312	0.01851	0.02757	0.05553	0.02143	0.05056	0.01760	0.02316	0.01299	0.01503	0.01025	0.00733	0.00650	0.00214	0.01035	0.00520	0.00359	0.01102
93	0.01952	0.01900	0.03033	0.07840	0.57756	0.04966	0.02322	0.02408	0.01816	0.02521	0.01612	0.02297	0.01402	0.00791	0.00798	0.00242	0.00960	0.03781	0.00408	0.01195
94	0.01875	0.01662	0.01683	0.01526	0.01943	0.04557	0.01181	0.03752	0.54125	0.03140	0.06403	0.03480	0.08850	0.01180	0.00821	0.00265	0.00628	0.00980	0.00786	0.01162
95	0.01590	0.04102	0.68023	0.02260	0.03432	0.01842	0.02930	0.02511	0.01674	0.02511	0.01423	0.01674	0.01005	0.00753	0.00753	0.00251	0.01172	0.00586	0.00335	0.01172
96	0.00966	0.00690	0.00920	0.01104	0.01150	0.00644	0.00736	0.01104	0.01518	0.02024	0.04371	0.71614	0.05245	0.02484	0.01012	0.00322	0.00460	0.02254	0.00736	0.00644
97	0.01615	0.03930	0.62473	0.02355	0.03495	0.01856	0.08307	0.02514	0.01692	0.02514	0.01439	0.01715	0.01022	0.00746	0.00769	0.00253	0.01186	0.00617	0.00341	0.01163
98	0.01804	0.01548	0.01801	0.01557	0.02025	0.01644	0.04342	0.05936	0.38787	0.03049	0.03382	0.03689	0.08490	0.01174	0.00821	0.00255	0.00656	0.06564	0.00725	0.11752
99	0.74376	0.01647	0.04113	0.01096	0.01617	0.01782	0.00950	0.02339	0.01364	0.03512	0.01118	0.01305	0.00865	0.00737	0.00502	0.00246	0.00638	0.00436	0.00484	0.00873
100	0.01857	0.02083	0.04437	0.06620	0.04119	0.01992	0.58412	0.02588	0.04673	0.02549	0.01666	0.02174	0.01250	0.00693	0.00923	0.00267	0.01292	0.00923	0.00417	0.01068
101	0.01854	0.35914	0.35389	0.01811	0.02722	0.02451	0.02124	0.02522	0.04430	0.02246	0.01352	0.01543	0.01072	0.00732	0.00642	0.00214	0.00997	0.00524	0.00357	0.01104
102	0.01029	0.00807	0.00931	0.00900	0.01128	0.00709	0.00675	0.01316	0.02025	0.02659	0.37277	0.06781	0.37297	0.01816	0.00936	0.00259	0.00388	0.01554	0.00804	0.00709
103	0.01509	0.01426	0.02381	0.66809	0.05292	0.01795	0.02179	0.02020	0.01567	0.02020	0.01391	0.02095	0.01056	0.00823	0.00884	0.00268	0.04548	0.00704	0.00352	0.00880
104	0.00966	0.00690	0.00920	0.01104	0.01150	0.00644	0.00736	0.01104	0.01518	0.02024	0.04371	0.71614	0.05245	0.02484	0.01012	0.00322	0.00460	0.02254	0.00736	0.00644
105	0.01940	0.01861	0.03177	0.08094	0.64137	0.01878	0.02422	0.02414	0.01795	0.02563	0.01488	0.01970	0.01246	0.00711	0.00785	0.00237	0.00948	0.00706	0.00391	0.01238
106	0.01972	0.01703	0.01793	0.01614	0.02062	0.01972	0.01255	0.04214	0.65752	0.03317	0.03228	0.02959	0.02421	0.01076	0.00807	0.00269	0.00628	0.00897	0.00807	0.01255
107	0.01722	0.01770	0.06087	0.35881	0.34556	0.01824	0.02348	0.02243	0.01694	0.02318	0.01449	0.02020	0.01149	0.00750	0.00787	0.00250	0.01008	0.00700	0.00370	0.01073
108	0.77733	0.01534	0.01166	0.01043	0.01534	0.01779	0.00859	0.02331	0.01350	0.03558	0.01104	0.01288	0.00859	0.00736	0.00491	0.00245	0.00613	0.00429	0.00491	0.00859
109	0.02588	0.34482	0.03107	0.01726	0.02266	0.36412	0.01453	0.05683	0.02032	0.02050	0.01202	0.01382	0.01035	0.00761	0.00626	0.00190	0.01144	0.00481	0.00396	0.00983
110	0.45743	0.01828	0.01685	0.01377	0.01930	0.02070	0.01136	0.28965	0.02368	0.04174	0.01447	0.01552	0.01068	0.00829	0.00620	0.00242	0.00724	0.00551	0.00620	0.01068
111	0.01644	0.01409	0.01644	0.01175	0.01879	0.01057	0.00940	0.01997	0.01644	0.02584	0.01409	0.01644	0.01175	0.00587	0.00587	0.00117	0.00587	0.00470	0.00470	0.76979
112	0.01153	0.00769	0.00865	0.00865	0.00865	0.00769	0.00480	0.01153	0.01153	0.01538	0.02499	0.05189	0.02883	0.72131	0.04036	0.00769	0.00769	0.01153	0.00480	0.00480
113	0.00945	0.00799	0.00817	0.00822	0.01078	0.00671	0.00613	0.01150	0.01813	0.02176	0.10078	0.09914	0.62401	0.02011	0.00940	0.00269	0.00403	0.01686	0.00741	0.00671
114	0.01144	0.00774	0.00906	0.00912	0.00927	0.00785	0.00538	0.01176	0.01178	0.01584	0.02532	0.07429	0.02885	0.63333	0.10054	0.00800	0.00885	0.01165	0.00485	0.00508
115	0.03014	0.02221	0.02380	0.01825	0.02459	0.02459	0.01507	0.64541	0.03728	0.04998	0.01904	0.01904	0.01349	0.00952	0.00793	0.00238	0.00873	0.00714	0.00793	0.01349
116	0.01097	0.00777	0.00980	0.01086	0.01155	0.00751	0.00723	0.03882	0.01582	0.02120	0.06996	0.52979	0.04747	0.15345	0.01562	0.00398	0.00531	0.01942	0.00698	0.00649
117	0.03536	0.01384	0.01862	0.01427	0.02042	0.01217	0.01179	0.06284	0.02328	0.65233	0.03080	0.02667	0.01938	0.00980	0.00797	0.00245	0.00683	0.00794	0.00974	0.01349
118	0.01963	0.01884	0.03219	0.04867	0.67185	0.01884	0.02434	0.02434	0.01806	0.02591	0.01492	0.01963	0.01256	0.00707	0.00785	0.00236	0.00942	0.00707	0.00393	0.01256
119	0.01044	0.00778	0.00977	0.01030	0.01187	0.00711	0.00758	0.01302	0.01875	0.02507	0.28247	0.28383	0.19155	0.02038	0.00975	0.00287	0.00438	0.06827	0.00786	0.00695
120	0.02120	0.72609	0.04155	0.01357	0.02035	0.03138	0.01357	0.02374	0.01611	0.01866	0.01102	0.01272	0.01018	0.00678	0.00509	0.00170	0.00848	0.00424	0.00339	0.01018
121	0.56133	0.01627	0.01469	0.01243	0.01742	0.01854	0.01026	0.11592	0.01778	0.09632	0.01406	0.01531	0.01042	0.00823	0.00668	0.00249	0.04117	0.00518	0.00574	0.00977
122	0.75113	0.01540	0.01209	0.01079	0.01552	0.01801	0.00889	0.02316	0.01345	0.03501	0.01102	0.01304	0.00865	0.00759	0.00564	0.00249	0.03029	0.00439	0.00486	0.00859
123	0.02205	0.01819	0.01924	0.01661	0.02151	0.02081	0.01311	0.17663	0.51924	0.03692	0.02932	0.02723	0.02182	0.01048	0.00804	0.00262	0.00682	0.00856	0.00804	0.01276
124	0.01122	0.00811	0.01060	0.00998	0.01185	0.00748	0.00748	0.01496	0.02245	0.03180	0.66766	0.05923	0.07482	0.01621	0.00935	0.00249	0.00374	0.01434	0.00873	0.00748
125	0.02070	0.01752	0.01848	0.01633	0.02099	0.02018	0.01279	0.09851	0.59956	0.03474	0.03104	0.02860	0.02320	0.01064	0.00806	0.00266	0.00650	0.00879	0.00806	0.01264
126	0.01886	0.01806	0.03081	0.15588	0.57060	0.01864	0.02396	0.02367	0.01770	0.02498	0.01478	0.01987	0.01223	0.00721	0.00786	0.00240	0.00961	0.00706	0.00386	0.01195
127	0.01478	0.00739	0.00739	0.00739	0.00924	0.00739	0.00554	0.01848	0.01663	0.02956	0.02587	0.02956	0.02033	0.00924	0.00554	0.00185	0.00370	0.00739	0.76534	0.00739
128	0.02962	0.03779	0.02247	0.02043	0.02451	0.68948	0.01532	0.03166	0.02247	0.01941	0.01226	0.01430	0.01021	0.00817	0.00715	0.00204	0.01430	0.00511	0.00409	0.00919
129	0.01153	0.00769	0.00865	0.00865	0.00865	0.00769	0.00480	0.01153	0.01153	0.01538	0.02499	0.05189	0.02883	0.72131	0.04036	0.00769	0.00769	0.01153	0.00480	0.00480
130	0.03558	0.01350	0.01840	0.01411	0.02024	0.01166	0.01166	0.03865	0.02270	0.67734	0.03128	0.02699	0.01963	0.00981	0.00797	0.00245	0.00675	0.00797	0.00981	0.01350
131	0.77733	0.01534	0.01166	0.01043	0.01534	0.01779	0.00859	0.02331	0.01350	0.03558	0.01104	0.01288	0.00859	0.00736	0.00491	0.00245	0.00613	0.00429	0.00491	0.00859
132	0.02120	0.72609	0.04155	0.01357	0.02035	0.03138	0.01357	0.02374	0.01611	0.01866	0.01102	0.01272	0.01018	0.00678	0.00509	0.00170	0.00848	0.00424	0.00339	0.01018
133	0.09165	0.06055	0.50384	0.02203	0.05762	0.01841	0.05278	0.02439	0.01681	0.02627	0.04447	0.01852	0.01313	0.00784	0.00736	0.00248	0.01065	0.00625	0.00381	0.01114
134	0.02182	0.02457	0.08500	0.03370	0.30151	0.16973	0.09996	0.02630	0.01900	0.05563	0.01620	0.02177	0.01347	0.00841	0.00881	0.00245	0.04211	0.03409	0.00434	0.01113
135	0.03194	0.01431	0.01829	0.01457	0.02033	0.01351	0.01186	0.03945	0.16847	0.52942	0.03151	0.02759	0.02068	0.01003	0.00800	0.00251	0.00664	0.00820	0.00941	0.01328
136	0.77733	0.01534	0.01166	0.01043	0.01534	0.01779	0.00859	0.02331	0.01350	0.03558	0.01104	0.01288	0.00859	0.00736	0.00491	0.00245	0.00613	0.00429	0.00491	0.00859
137	0.07124	0.01493	0.05030	0.01434	0.02069	0.01229	0.01236	0.03723	0.02195	0.61389	0.02945	0.02579	0.01862	0.00958	0.00780	0.00246	0.00696	0.00769	0.00926	0.01317
138	0.03014	0.02221	0.02380	0.01825	0.02459	0.02459	0.01507	0.64541	0.03728	0.04998	0.01904	0.01904	0.01349	0.00952	0.00793	0.00238	0.00873	0.00714	0.00793	0.01349
139	0.01377	0.00689	0.01033	0.01033	0.01033	0.00689	0.00689	0.01033	0.01033	0.01377	0.01377	0.02410	0.01377	0.02755	0.03099	0.76928	0.00689	0.00689	0.00344	0.00344
140	0.01972	0.01703	0.01793	0.01614	0.02062	0.01972	0.01255	0.04214	0.65752	0.03317	0.03228	0.02959	0.02421	0.01076	0.00807	0.00269	0.00628	0.00897	0.00807	0.01255
141	0.02071	0.66204	0.10126	0.01441	0.02166	0.03017	0.01504	0.02387	0.01617	0.01926	0.01132	0.01310	0.01016	0.00685	0.00532	0.00177	0.00878	0.00439	0.00339	0.01032
142	0.01963	0.01884	0.03219	0.04867	0.67185	0.01884	0.02434	0.02434	0.01806	0.02591	0.01492	0.01963	0.01256	0.00707	0.00785	0.00236	0.00942	0.00707	0.00393	0.01256
143	0.00945	0.00804	0.00814	0.00811	0.01076	0.00673	0.00608	0.01153	0.01825	0.02185	0.10431	0.07562	0.64438	0.01992	0.00937	0.00267	0.00401	0.01664	0.00742	0.00673
144	0.01251	0.00899	0.01244	0.01419	0.01600	0.00892	0.01228	0.01601	0.01812	0.02350	0.04364	0.11389	0.07163	0.02195	0.01085	0.00359	0.00706	0.56987	0.00731	0.00724
145	0.03411	0.01476	0.01905	0.01473	0.02080	0.01367	0.01213	0.11438	0.05634	0.56692	0.02981	0.02613	0.01909	0.00983	0.00797	0.00246	0.00697	0.00792	0.00949	0.01345
146	0.02859	0.03532	0.02292	0.05494	0.04751	0.60513	0.01594	0.05754	0.02264	0.02099	0.01273	0.01502	0.01045	0.00818	0.00725	0.00210	0.01371	0.00536	0.00422	0.00947
147	0.02012	0.01900	0.03179	0.04725	0.64157	0.01911	0.02390	0.05339	0.01896	0.02703	0.01511	0.01960	0.01260	0.00718	0.00785	0.00236	0.00939	0.00707	0.00411	0.01260
148	0.09716	0.01666	0.05098	0.01495	0.02090	0.01547	0.01275	0.13804	0.09838	0.37788	0.05508	0.02563	0.02013	0.00983	0.00774	0.00247	0.00708	0.00780	0.00849	0.01259
149	0.12919	0.36335	0.08373	0.01514	0.02146	0.10452	0.01429	0.10611	0.01962	0.02637	0.04178	0.01617	0.01327	0.00787	0.00607	0.00204	0.00893	0.00532	0.00452	0.01028
150	0.14077	0.01726	0.04940	0.01639	0.02198	0.01700	0.07127	0.11066	0.18320	0.18603	0.08274	0.02641	0.02220	0.00983	0.00775	0.00253	0.00735	0.00817	0.00744	0.01161
151	0.15349	0.11581	0.11347	0.01635	0.02326	0.01952	0.04231	0.16692	0.02253	0.22311	0.01942	0.01928	0.01349	0.00848	0.00706	0.00235	0.00829	0.00644	0.00657	0.01186

[dist]
# distance from previous block
# <min> <max>
6	11

[block]
# block no. 3 follows, 24 sequences, length 11
# corresponding to MSA columns:
# 218-228
name=unknown_D
#
# <colnr> <probs for GDERKNQSTAVLIFYWHMCP>
#	G	D	E	R	K	N	Q	S	T	A	V	L	I	F	Y	W	H	M	C	P
0	0.65814	0.01504	0.01274	0.01102	0.01612	0.01680	0.00908	0.02577	0.01497	0.13870	0.01429	0.01515	0.01036	0.00776	0.00540	0.00245	0.00623	0.00489	0.00570	0.00938
1	0.01782	0.15735	0.53670	0.02062	0.03120	0.02030	0.02570	0.02557	0.01694	0.05727	0.01455	0.01657	0.01056	0.00752	0.00714	0.00237	0.01091	0.00569	0.00369	0.01154
2	0.70445	0.01522	0.01281	0.07656	0.01909	0.01777	0.00987	0.02302	0.01372	0.03411	0.01133	0.01367	0.00878	0.00742	0.00520	0.00247	0.00656	0.00456	0.00478	0.00861
3	0.03023	0.01267	0.01700	0.01327	0.01879	0.01090	0.01082	0.03344	0.02219	0.52488	0.13226	0.03138	0.02791	0.01055	0.00804	0.00236	0.00620	0.00875	0.00926	0.06910
4	0.07699	0.27595	0.35877	0.01932	0.02852	0.02300	0.06812	0.02452	0.01642	0.02370	0.01300	0.01539	0.01013	0.00720	0.00662	0.00224	0.01028	0.00544	0.00353	0.01086
5	0.01809	0.22570	0.47153	0.02004	0.03001	0.05900	0.02428	0.02511	0.01689	0.02306	0.01326	0.01552	0.01009	0.00737	0.00685	0.00227	0.01099	0.00538	0.00340	0.01116
6	0.02221	0.38767	0.18559	0.01708	0.02468	0.09018	0.01764	0.12471	0.02027	0.02526	0.01318	0.01482	0.01068	0.00753	0.00631	0.00203	0.00983	0.00517	0.00418	0.01097
7	0.01590	0.04102	0.68023	0.02260	0.03432	0.01842	0.02930	0.02511	0.01674	0.02511	0.01423	0.01674	0.01005	0.00753	0.00753	0.00251	0.01172	0.00586	0.00335	0.01172
8	0.01377	0.00689	0.01033	0.01033	0.01033	0.00689	0.00689	0.01033	0.01033	0.01377	0.01377	0.02410	0.01377	0.02755	0.03099	0.76928	0.00689	0.00689	0.00344	0.00344
9	0.01866	0.51202	0.10028	0.01376	0.02006	0.02525	0.01394	0.02212	0.01745	0.02196	0.14341	0.02248	0.02316	0.00876	0.00619	0.00194	0.00786	0.00644	0.00446	0.00979
10	0.01993	0.57664	0.07137	0.12469	0.02657	0.02850	0.01573	0.02326	0.01610	0.01924	0.01168	0.01428	0.01023	0.00701	0.00567	0.00189	0.00898	0.00477	0.00341	0.01004

[dist]
# distance from previous block
# <min> <max>
0	10

# created by:
# /st0/software/busco_prod/Augustus/scripts/msa2prfl.pl ./align_prep/106865.fa
