[name]
unknown

[dist]
# distance from previous block
# <min> <max>
9	38

[block]
# block no. 0 follows, 24 sequences, length 44
# corresponding to MSA columns:
# 38-81
name=unknown_A
#
# <colnr> <probs for GDERKNQSTAVLIFYWHMCP>
#	G	D	E	R	K	N	Q	S	T	A	V	L	I	F	Y	W	H	M	C	P
0	0.01688	0.02011	0.18274	0.05751	0.02328	0.01443	0.01521	0.07355	0.10420	0.02889	0.05178	0.05768	0.01958	0.00938	0.00720	0.00218	0.00738	0.00772	0.13779	0.16251
1	0.01178	0.01208	0.09934	0.01216	0.01474	0.00860	0.01032	0.01479	0.01607	0.02299	0.07391	0.40362	0.04087	0.05013	0.01035	0.00303	0.00571	0.04513	0.10177	0.04261
2	0.02398	0.01716	0.01957	0.04949	0.02252	0.01815	0.01297	0.31556	0.10784	0.09733	0.06355	0.08857	0.02251	0.01107	0.00802	0.00239	0.00732	0.00906	0.00754	0.09539
3	0.07948	0.17380	0.41968	0.01846	0.02734	0.01964	0.02192	0.02310	0.01617	0.02412	0.01664	0.09449	0.01473	0.00932	0.00711	0.00242	0.00980	0.00728	0.00394	0.01055
4	0.05686	0.01464	0.01666	0.01567	0.04683	0.01624	0.01165	0.13827	0.21649	0.03280	0.12345	0.10799	0.05921	0.01309	0.00933	0.00264	0.04948	0.01074	0.04765	0.01032
5	0.16953	0.02537	0.20088	0.04567	0.03131	0.04887	0.22495	0.08164	0.01886	0.02932	0.01499	0.01826	0.01115	0.00751	0.00757	0.00250	0.01065	0.00689	0.03355	0.01055
6	0.01657	0.01383	0.05247	0.01539	0.01922	0.01221	0.07463	0.09959	0.04948	0.07344	0.03179	0.36720	0.03334	0.01648	0.00895	0.00274	0.00676	0.01487	0.00683	0.08421
7	0.07401	0.50702	0.12541	0.01424	0.02108	0.02619	0.01479	0.02302	0.01665	0.02210	0.07750	0.01797	0.01654	0.00788	0.00585	0.00194	0.00829	0.00549	0.00403	0.01001
8	0.01053	0.00785	0.00836	0.00836	0.00960	0.00723	0.00537	0.01146	0.01456	0.01817	0.05058	0.06319	0.32469	0.39705	0.02603	0.00537	0.00599	0.01394	0.00599	0.00568
9	0.01849	0.01618	0.07140	0.01346	0.01919	0.01331	0.01173	0.10405	0.01983	0.05974	0.07498	0.02287	0.01884	0.00853	0.00790	0.00185	0.04975	0.00662	0.10448	0.35679
10	0.77733	0.01534	0.01166	0.01043	0.01534	0.01779	0.00859	0.02331	0.01350	0.03558	0.01104	0.01288	0.00859	0.00736	0.00491	0.00245	0.00613	0.00429	0.00491	0.00859
11	0.01720	0.02229	0.14638	0.02600	0.03279	0.01849	0.34580	0.02482	0.07543	0.02580	0.07160	0.05405	0.01956	0.00940	0.01043	0.00273	0.07258	0.00949	0.00475	0.01041
12	0.01727	0.01407	0.01682	0.03891	0.02026	0.01090	0.01000	0.02084	0.01671	0.05576	0.01489	0.01712	0.01206	0.00614	0.00605	0.00129	0.00610	0.00494	0.00489	0.70499
13	0.01134	0.00846	0.01258	0.01258	0.01395	0.00983	0.00971	0.01406	0.01270	0.01829	0.02139	0.03196	0.02018	0.08528	0.66456	0.01255	0.02071	0.00861	0.00427	0.00699
14	0.02806	0.02049	0.02229	0.04781	0.02452	0.02270	0.01451	0.55995	0.03443	0.04678	0.01944	0.02010	0.01398	0.00942	0.00771	0.00234	0.00835	0.00716	0.07723	0.01272
15	0.01221	0.00833	0.01062	0.00999	0.01213	0.00756	0.00751	0.01558	0.02157	0.06425	0.52976	0.08908	0.14793	0.01676	0.00932	0.00255	0.00398	0.01468	0.00855	0.00765
16	0.02961	0.02134	0.02352	0.05439	0.02597	0.02356	0.01527	0.58135	0.03540	0.08027	0.01940	0.01955	0.01364	0.00945	0.00793	0.00240	0.00872	0.00718	0.00779	0.01324
17	0.01111	0.00810	0.01044	0.00986	0.01178	0.00743	0.00739	0.01474	0.02218	0.03116	0.63126	0.06029	0.11163	0.01645	0.00935	0.00251	0.00376	0.01449	0.00864	0.00743
18	0.00966	0.00690	0.00920	0.01104	0.01150	0.00644	0.00736	0.01104	0.01518	0.02024	0.04371	0.71614	0.05245	0.02484	0.01012	0.00322	0.00460	0.02254	0.00736	0.00644
19	0.01963	0.01884	0.03219	0.04867	0.67185	0.01884	0.02434	0.02434	0.01806	0.02591	0.01492	0.01963	0.01256	0.00707	0.00785	0.00236	0.00942	0.00707	0.00393	0.01256
20	0.01674	0.01977	0.21390	0.01507	0.02086	0.01251	0.01530	0.02190	0.01966	0.11588	0.28933	0.03589	0.03858	0.01165	0.00918	0.00242	0.04423	0.00964	0.00660	0.08089
21	0.77733	0.01534	0.01166	0.01043	0.01534	0.01779	0.00859	0.02331	0.01350	0.03558	0.01104	0.01288	0.00859	0.00736	0.00491	0.00245	0.00613	0.00429	0.00491	0.00859
22	0.01134	0.00846	0.01257	0.01257	0.01392	0.00982	0.00969	0.01405	0.01269	0.01828	0.02140	0.03205	0.02021	0.08801	0.66188	0.01253	0.02066	0.00863	0.00427	0.00698
23	0.01614	0.00892	0.00929	0.00873	0.01101	0.00923	0.00671	0.08059	0.01849	0.03104	0.02496	0.02860	0.01962	0.01175	0.03959	0.00244	0.00506	0.00742	0.65244	0.00798
24	0.01392	0.04598	0.01450	0.04500	0.01641	0.01253	0.01001	0.04095	0.11665	0.02527	0.11071	0.28560	0.08596	0.01703	0.01015	0.00280	0.06110	0.01450	0.06262	0.00832
25	0.02188	0.01576	0.01763	0.01310	0.01976	0.04790	0.01053	0.06456	0.01936	0.15827	0.01778	0.01862	0.01336	0.00702	0.00650	0.00156	0.00668	0.00554	0.00590	0.52827
26	0.01835	0.02393	0.12868	0.03202	0.04052	0.01984	0.56371	0.02536	0.01846	0.02536	0.01581	0.02079	0.01178	0.00679	0.00912	0.00265	0.01316	0.00891	0.00393	0.01083
27	0.01996	0.04837	0.02028	0.01515	0.02119	0.01722	0.03411	0.12174	0.24967	0.03174	0.02129	0.02156	0.01642	0.00824	0.00706	0.00197	0.00683	0.00674	0.00631	0.32417
28	0.02255	0.61553	0.03849	0.01467	0.02102	0.13709	0.01385	0.02502	0.01713	0.01878	0.01122	0.01297	0.01018	0.00701	0.00542	0.00175	0.00942	0.00438	0.00350	0.01002
29	0.77733	0.01534	0.01166	0.01043	0.01534	0.01779	0.00859	0.02331	0.01350	0.03558	0.01104	0.01288	0.00859	0.00736	0.00491	0.00245	0.00613	0.00429	0.00491	0.00859
30	0.02409	0.01782	0.01925	0.01617	0.02125	0.01988	0.01290	0.22403	0.38066	0.09662	0.02786	0.02614	0.02035	0.01022	0.00790	0.00253	0.00694	0.00825	0.04446	0.01267
31	0.01272	0.00904	0.00999	0.00973	0.01038	0.00943	0.00593	0.01597	0.10518	0.01796	0.02604	0.04866	0.02816	0.61831	0.03568	0.00696	0.00748	0.01116	0.00528	0.00593
32	0.01571	0.01469	0.02426	0.54741	0.14414	0.01751	0.02141	0.02158	0.04646	0.02172	0.01612	0.04579	0.01299	0.00853	0.00800	0.00262	0.00999	0.00769	0.00393	0.00947
33	0.03558	0.01350	0.01840	0.01411	0.02024	0.01166	0.01166	0.03865	0.02270	0.67734	0.03128	0.02699	0.01963	0.00981	0.00797	0.00245	0.00675	0.00797	0.00981	0.01350
34	0.02155	0.69847	0.04086	0.01375	0.02052	0.03111	0.01363	0.04814	0.01694	0.01989	0.01134	0.01297	0.01031	0.00689	0.00520	0.00172	0.00849	0.00435	0.00357	0.01031
35	0.73006	0.01484	0.01139	0.01024	0.01496	0.01714	0.00840	0.02301	0.01369	0.03521	0.01196	0.01392	0.00932	0.00748	0.00495	0.00242	0.00598	0.00449	0.05204	0.00851
36	0.02083	0.01759	0.01856	0.01636	0.02104	0.02024	0.01282	0.10637	0.59148	0.03496	0.03087	0.02846	0.02307	0.01063	0.00805	0.00266	0.00654	0.00877	0.00805	0.01265
37	0.00955	0.00804	0.00828	0.00822	0.01082	0.00677	0.00617	0.01173	0.01850	0.02242	0.13708	0.07467	0.61126	0.01971	0.00937	0.00266	0.00399	0.01650	0.00750	0.00677
38	0.02534	0.01982	0.02109	0.01727	0.02276	0.02235	0.01391	0.36723	0.32329	0.04223	0.02514	0.02390	0.01843	0.01009	0.00800	0.00252	0.00760	0.00798	0.00800	0.01305
39	0.00966	0.00690	0.00920	0.01104	0.01150	0.00644	0.00736	0.01104	0.01518	0.02024	0.04371	0.71614	0.05245	0.02484	0.01012	0.00322	0.00460	0.02254	0.00736	0.00644
40	0.00972	0.00763	0.00879	0.00938	0.01115	0.00671	0.00670	0.01173	0.01760	0.02235	0.14392	0.30590	0.36768	0.02130	0.00964	0.00285	0.00419	0.01853	0.00754	0.00671
41	0.01877	0.01625	0.01969	0.10877	0.02572	0.01858	0.04288	0.06640	0.45004	0.03088	0.02941	0.06319	0.02361	0.01132	0.00833	0.00274	0.00727	0.03748	0.00720	0.01148
42	0.77733	0.01534	0.01166	0.01043	0.01534	0.01779	0.00859	0.02331	0.01350	0.03558	0.01104	0.01288	0.00859	0.00736	0.00491	0.00245	0.00613	0.00429	0.00491	0.00859
43	0.01580	0.04851	0.01732	0.03898	0.01934	0.01191	0.01009	0.01913	0.01657	0.02492	0.05452	0.05338	0.04016	0.00828	0.00722	0.00157	0.03344	0.00665	0.00498	0.56722

[dist]
# distance from previous block
# <min> <max>
0	1

[block]
# block no. 1 follows, 24 sequences, length 83
# corresponding to MSA columns:
# 83-165
name=unknown_B
#
# <colnr> <probs for GDERKNQSTAVLIFYWHMCP>
#	G	D	E	R	K	N	Q	S	T	A	V	L	I	F	Y	W	H	M	C	P
0	0.01881	0.01820	0.02546	0.24264	0.23706	0.07931	0.04399	0.05435	0.08544	0.02507	0.01894	0.05585	0.01620	0.00937	0.00813	0.00256	0.00971	0.03363	0.00474	0.01054
1	0.02023	0.04944	0.01848	0.01576	0.01995	0.14309	0.01225	0.03513	0.41862	0.02894	0.07268	0.03179	0.07727	0.01123	0.00796	0.00251	0.00751	0.00903	0.00711	0.01102
2	0.00980	0.00805	0.00863	0.00848	0.01097	0.00688	0.00636	0.01221	0.01909	0.02383	0.21649	0.07236	0.53097	0.01919	0.00937	0.00264	0.00395	0.01618	0.00768	0.00688
3	0.00966	0.00690	0.00920	0.01104	0.01150	0.00644	0.00736	0.01104	0.01518	0.02024	0.04371	0.71614	0.05245	0.02484	0.01012	0.00322	0.00460	0.02254	0.00736	0.00644
4	0.01122	0.00811	0.01060	0.00998	0.01185	0.00748	0.00748	0.01496	0.02245	0.03180	0.66766	0.05923	0.07482	0.01621	0.00935	0.00249	0.00374	0.01434	0.00873	0.00748
5	0.02120	0.72609	0.04155	0.01357	0.02035	0.03138	0.01357	0.02374	0.01611	0.01866	0.01102	0.01272	0.01018	0.00678	0.00509	0.00170	0.00848	0.00424	0.00339	0.01018
6	0.01972	0.01703	0.01793	0.01614	0.02062	0.01972	0.01255	0.04214	0.65752	0.03317	0.03228	0.02959	0.02421	0.01076	0.00807	0.00269	0.00628	0.00897	0.00807	0.01255
7	0.77733	0.01534	0.01166	0.01043	0.01534	0.01779	0.00859	0.02331	0.01350	0.03558	0.01104	0.01288	0.00859	0.00736	0.00491	0.00245	0.00613	0.00429	0.00491	0.00859
8	0.77733	0.01534	0.01166	0.01043	0.01534	0.01779	0.00859	0.02331	0.01350	0.03558	0.01104	0.01288	0.00859	0.00736	0.00491	0.00245	0.00613	0.00429	0.00491	0.00859
9	0.01768	0.01483	0.01711	0.01233	0.01932	0.01184	0.00991	0.07641	0.01832	0.02802	0.01454	0.01668	0.01190	0.00620	0.00606	0.00128	0.00613	0.00492	0.00499	0.70153
10	0.01377	0.00689	0.01033	0.01033	0.01033	0.00689	0.00689	0.01033	0.01033	0.01377	0.01377	0.02410	0.01377	0.02755	0.03099	0.76928	0.00689	0.00689	0.00344	0.00344
11	0.02161	0.69408	0.04075	0.01378	0.02055	0.03107	0.01364	0.05201	0.01708	0.02008	0.01139	0.01301	0.01033	0.00691	0.00522	0.00173	0.00849	0.00437	0.00360	0.01033
12	0.01515	0.01444	0.02488	0.67031	0.05399	0.01773	0.05169	0.02051	0.01599	0.02051	0.01419	0.02115	0.01064	0.00787	0.00800	0.00264	0.01070	0.00716	0.00355	0.00890
13	0.02105	0.57387	0.12172	0.01569	0.02313	0.02832	0.04555	0.02466	0.01661	0.04912	0.01257	0.01428	0.01067	0.00701	0.00573	0.00188	0.00905	0.00486	0.00370	0.01054
14	0.01118	0.00756	0.00882	0.00913	0.00929	0.00745	0.00537	0.01157	0.01261	0.01689	0.05298	0.17286	0.03488	0.56779	0.03368	0.00668	0.00698	0.01364	0.00542	0.00520
15	0.00966	0.00690	0.00920	0.01104	0.01150	0.00644	0.00736	0.01104	0.01518	0.02024	0.04371	0.71614	0.05245	0.02484	0.01012	0.00322	0.00460	0.02254	0.00736	0.00644
16	0.01042	0.00795	0.01138	0.01186	0.01309	0.00737	0.04052	0.01257	0.01692	0.02281	0.16523	0.52151	0.08429	0.02199	0.00990	0.00302	0.00486	0.01998	0.00745	0.00688
17	0.06921	0.04374	0.08509	0.14057	0.17105	0.01727	0.04441	0.07251	0.04918	0.10723	0.02295	0.02850	0.04984	0.00973	0.00795	0.00256	0.00878	0.05303	0.00551	0.01091
18	0.02537	0.02002	0.05037	0.12332	0.14476	0.02045	0.06437	0.30354	0.02690	0.11388	0.01866	0.02049	0.01340	0.00861	0.00801	0.00245	0.00933	0.00733	0.00635	0.01238
19	0.00966	0.00690	0.00920	0.01104	0.01150	0.00644	0.00736	0.01104	0.01518	0.02024	0.04371	0.71614	0.05245	0.02484	0.01012	0.00322	0.00460	0.02254	0.00736	0.00644
20	0.01892	0.02330	0.19388	0.15124	0.36316	0.01806	0.02438	0.02476	0.01765	0.06685	0.01566	0.01963	0.01204	0.00751	0.00779	0.00245	0.01003	0.00682	0.00409	0.01177
21	0.01832	0.23800	0.29589	0.05388	0.13774	0.02246	0.08072	0.02440	0.01692	0.02315	0.01355	0.01665	0.01071	0.00717	0.00705	0.00226	0.01048	0.00596	0.00353	0.01118
22	0.01684	0.01599	0.02715	0.44059	0.30173	0.01811	0.02295	0.02189	0.01674	0.02252	0.01442	0.02053	0.01137	0.00758	0.00790	0.00253	0.01011	0.00705	0.00368	0.01031
23	0.67763	0.05275	0.01419	0.03303	0.01729	0.01882	0.00959	0.05312	0.01485	0.03490	0.01152	0.01343	0.00897	0.00745	0.00516	0.00242	0.00652	0.00452	0.00493	0.00891
24	0.00973	0.00695	0.00926	0.01099	0.01152	0.00649	0.00737	0.01122	0.01551	0.02076	0.07149	0.68689	0.05344	0.02446	0.01009	0.00319	0.00456	0.02218	0.00742	0.00649
25	0.10323	0.16671	0.23766	0.01934	0.05062	0.02222	0.04256	0.13266	0.09898	0.03025	0.01639	0.01778	0.01242	0.00805	0.00698	0.00234	0.00926	0.00615	0.00494	0.01147
26	0.01815	0.01482	0.01830	0.01318	0.02019	0.01178	0.03861	0.05375	0.01792	0.05721	0.01524	0.01729	0.01221	0.00628	0.00624	0.00136	0.00640	0.00519	0.00507	0.66080
27	0.33485	0.10692	0.12822	0.06844	0.02417	0.01857	0.04302	0.02623	0.01640	0.14357	0.01560	0.01702	0.01128	0.00777	0.00634	0.00239	0.00812	0.00564	0.00519	0.01028
28	0.02234	0.63457	0.03910	0.01437	0.02091	0.08753	0.01379	0.05309	0.01763	0.02017	0.01150	0.01315	0.01033	0.00703	0.00540	0.00176	0.00899	0.00445	0.00366	0.01024
29	0.01043	0.00803	0.00953	0.00926	0.01139	0.00713	0.00691	0.01339	0.02043	0.02724	0.41096	0.09359	0.30686	0.01809	0.00939	0.00260	0.00389	0.01563	0.00814	0.00713
30	0.07345	0.14725	0.05885	0.01931	0.02500	0.14919	0.08824	0.17661	0.04596	0.05484	0.01544	0.01735	0.01200	0.00868	0.00891	0.00236	0.07411	0.00635	0.00522	0.01090
31	0.01095	0.00789	0.00987	0.01027	0.01153	0.00747	0.00718	0.01354	0.04227	0.02370	0.24268	0.29732	0.12788	0.08531	0.01384	0.05283	0.00475	0.01668	0.00734	0.00670
32	0.01122	0.00811	0.01060	0.00998	0.01185	0.00748	0.00748	0.01496	0.02245	0.03180	0.66766	0.05923	0.07482	0.01621	0.00935	0.00249	0.00374	0.01434	0.00873	0.00748
33	0.01113	0.00810	0.01047	0.00987	0.01179	0.00744	0.00741	0.01478	0.02222	0.03126	0.63699	0.06013	0.10584	0.01641	0.00935	0.00250	0.00376	0.01447	0.00866	0.00744
34	0.72804	0.01482	0.01138	0.01023	0.01494	0.01712	0.00839	0.02300	0.01370	0.03519	0.01200	0.01396	0.00935	0.00748	0.00495	0.00241	0.00598	0.00449	0.05406	0.00851
35	0.01972	0.01703	0.01793	0.01614	0.02062	0.01972	0.01255	0.04214	0.65752	0.03317	0.03228	0.02959	0.02421	0.01076	0.00807	0.00269	0.00628	0.00897	0.00807	0.01255
36	0.01735	0.01735	0.02429	0.02082	0.02082	0.02429	0.01735	0.01908	0.01214	0.01908	0.01041	0.01735	0.01041	0.01388	0.02602	0.00347	0.70680	0.00694	0.00347	0.00867
37	0.77733	0.01534	0.01166	0.01043	0.01534	0.01779	0.00859	0.02331	0.01350	0.03558	0.01104	0.01288	0.00859	0.00736	0.00491	0.00245	0.00613	0.00429	0.00491	0.00859
38	0.01735	0.01735	0.02429	0.02082	0.02082	0.02429	0.01735	0.01908	0.01214	0.01908	0.01041	0.01735	0.01041	0.01388	0.02602	0.00347	0.70680	0.00694	0.00347	0.00867
39	0.03014	0.02221	0.02380	0.01825	0.02459	0.02459	0.01507	0.64541	0.03728	0.04998	0.01904	0.01904	0.01349	0.00952	0.00793	0.00238	0.00873	0.00714	0.00793	0.01349
40	0.02120	0.72609	0.04155	0.01357	0.02035	0.03138	0.01357	0.02374	0.01611	0.01866	0.01102	0.01272	0.01018	0.00678	0.00509	0.00170	0.00848	0.00424	0.00339	0.01018
41	0.01735	0.01735	0.02429	0.02082	0.02082	0.02429	0.01735	0.01908	0.01214	0.01908	0.01041	0.01735	0.01041	0.01388	0.02602	0.00347	0.70680	0.00694	0.00347	0.00867
42	0.01025	0.00807	0.00924	0.00895	0.01125	0.00707	0.00671	0.01307	0.02014	0.02632	0.35735	0.06826	0.38856	0.01826	0.00936	0.00259	0.00389	0.01561	0.00801	0.00707
43	0.77733	0.01534	0.01166	0.01043	0.01534	0.01779	0.00859	0.02331	0.01350	0.03558	0.01104	0.01288	0.00859	0.00736	0.00491	0.00245	0.00613	0.00429	0.00491	0.00859
44	0.02962	0.03779	0.02247	0.02043	0.02451	0.68948	0.01532	0.03166	0.02247	0.01941	0.01226	0.01430	0.01021	0.00817	0.00715	0.00204	0.01430	0.00511	0.00409	0.00919
45	0.00966	0.00690	0.00920	0.01104	0.01150	0.00644	0.00736	0.01104	0.01518	0.02024	0.04371	0.71614	0.05245	0.02484	0.01012	0.00322	0.00460	0.02254	0.00736	0.00644
46	0.25546	0.02640	0.01935	0.01664	0.02158	0.30463	0.01308	0.17138	0.02320	0.05905	0.01426	0.01550	0.01088	0.00831	0.00669	0.00226	0.01023	0.00545	0.00546	0.01018
47	0.00966	0.00690	0.00920	0.01104	0.01150	0.00644	0.00736	0.01104	0.01518	0.02024	0.04371	0.71614	0.05245	0.02484	0.01012	0.00322	0.00460	0.02254	0.00736	0.00644
48	0.01153	0.00769	0.00865	0.00865	0.00865	0.00769	0.00480	0.01153	0.01153	0.01538	0.02499	0.05189	0.02883	0.72131	0.04036	0.00769	0.00769	0.01153	0.00480	0.00480
49	0.01654	0.01440	0.01772	0.01266	0.01975	0.01097	0.03607	0.02020	0.01654	0.02582	0.01418	0.01665	0.01176	0.00591	0.00602	0.00124	0.00619	0.00489	0.00467	0.73783
50	0.13234	0.04836	0.10671	0.06917	0.02542	0.04604	0.01577	0.19622	0.10251	0.12603	0.01940	0.01998	0.01396	0.00903	0.00799	0.00248	0.03390	0.00671	0.00637	0.01162
51	0.03558	0.01350	0.01840	0.01411	0.02024	0.01166	0.01166	0.03865	0.02270	0.67734	0.03128	0.02699	0.01963	0.00981	0.00797	0.00245	0.00675	0.00797	0.00981	0.01350
52	0.01526	0.01382	0.03870	0.01898	0.10384	0.01374	0.03662	0.02509	0.23586	0.02728	0.10893	0.23802	0.03706	0.01529	0.00895	0.00281	0.00637	0.03649	0.00705	0.00982
53	0.01270	0.01000	0.01183	0.01201	0.01433	0.01011	0.00927	0.01970	0.15808	0.02629	0.17411	0.18767	0.17308	0.01852	0.00952	0.00293	0.00518	0.12870	0.00778	0.00820
54	0.00991	0.00805	0.00878	0.00860	0.01104	0.00692	0.00645	0.01242	0.01934	0.02443	0.25084	0.07136	0.49624	0.01896	0.00937	0.00262	0.00394	0.01604	0.00776	0.00692
55	0.01114	0.00810	0.01048	0.00989	0.01179	0.00745	0.00741	0.01480	0.02224	0.03131	0.64020	0.06003	0.10259	0.01639	0.00935	0.00250	0.00375	0.01445	0.00867	0.00745
56	0.74143	0.01567	0.01224	0.01080	0.01578	0.01812	0.00890	0.05320	0.01464	0.03627	0.01143	0.01318	0.00882	0.00746	0.00505	0.00245	0.00626	0.00443	0.00505	0.00882
57	0.01440	0.01009	0.01291	0.01212	0.01379	0.01158	0.00936	0.06859	0.01565	0.02375	0.02166	0.03058	0.01948	0.10594	0.32422	0.00763	0.07744	0.00826	0.20494	0.00761
58	0.02120	0.72609	0.04155	0.01357	0.02035	0.03138	0.01357	0.02374	0.01611	0.01866	0.01102	0.01272	0.01018	0.00678	0.00509	0.00170	0.00848	0.00424	0.00339	0.01018
59	0.01023	0.00800	0.00929	0.00928	0.01142	0.00706	0.00694	0.01291	0.01952	0.02540	0.30202	0.12483	0.36485	0.01906	0.00949	0.00269	0.00408	0.03803	0.00789	0.00700
60	0.02841	0.02138	0.02191	0.01716	0.02289	0.05741	0.01403	0.54383	0.03422	0.04612	0.01944	0.01996	0.01407	0.00942	0.00763	0.00230	0.00846	0.00706	0.09172	0.01259
61	0.01629	0.05990	0.30463	0.11937	0.06451	0.01803	0.16647	0.02322	0.01777	0.02502	0.09089	0.02334	0.01827	0.00835	0.00812	0.00252	0.01075	0.00780	0.00418	0.01055
62	0.74217	0.01528	0.01221	0.04233	0.01715	0.01778	0.00921	0.02317	0.01360	0.03487	0.01118	0.01326	0.00868	0.00739	0.00505	0.00246	0.00634	0.00442	0.00484	0.00860
63	0.02120	0.72609	0.04155	0.01357	0.02035	0.03138	0.01357	0.02374	0.01611	0.01866	0.01102	0.01272	0.01018	0.00678	0.00509	0.00170	0.00848	0.00424	0.00339	0.01018
64	0.01672	0.01559	0.02029	0.33204	0.06524	0.04906	0.01681	0.02689	0.22260	0.02473	0.02681	0.05471	0.07425	0.01052	0.00814	0.00264	0.00852	0.00901	0.00551	0.00993
65	0.01133	0.00850	0.01274	0.01274	0.01416	0.00991	0.00991	0.01416	0.01274	0.01841	0.02124	0.03115	0.01982	0.05947	0.68989	0.01274	0.02124	0.00850	0.00425	0.00708
66	0.01333	0.01134	0.01747	0.25436	0.02900	0.01272	0.04223	0.04514	0.01680	0.02235	0.05821	0.34532	0.03318	0.01647	0.00994	0.00293	0.04078	0.01468	0.00577	0.00795
67	0.01721	0.04698	0.01737	0.01186	0.01852	0.01200	0.00961	0.04992	0.01744	0.02690	0.01495	0.01724	0.01231	0.00631	0.00591	0.00130	0.00599	0.00497	0.05396	0.64925
68	0.02907	0.03372	0.02241	0.01977	0.02428	0.52947	0.01510	0.14008	0.06612	0.02566	0.01474	0.01612	0.01169	0.00858	0.00735	0.00214	0.01280	0.00571	0.00502	0.01016
69	0.11557	0.02404	0.18742	0.05137	0.15980	0.01862	0.24935	0.02433	0.01734	0.02651	0.01572	0.02155	0.01252	0.00769	0.00807	0.00258	0.01094	0.03165	0.00407	0.01084
70	0.00994	0.00710	0.00953	0.01137	0.01195	0.00669	0.00785	0.01153	0.01546	0.02056	0.04355	0.65915	0.05183	0.02458	0.01020	0.00326	0.00485	0.07674	0.00736	0.00652
71	0.03538	0.01381	0.01860	0.01426	0.02040	0.01213	0.01178	0.06072	0.02323	0.65452	0.03084	0.02670	0.01941	0.00980	0.00797	0.00245	0.00682	0.00794	0.00975	0.01349
72	0.01683	0.11272	0.45417	0.08553	0.03567	0.02004	0.11793	0.02456	0.01688	0.02398	0.01413	0.01738	0.01040	0.00736	0.00757	0.00246	0.01149	0.00631	0.00347	0.01113
73	0.72805	0.01526	0.01244	0.05515	0.01787	0.01778	0.00946	0.02311	0.01365	0.03459	0.01124	0.01342	0.00872	0.00740	0.00510	0.00247	0.00642	0.00447	0.00482	0.00860
74	0.01810	0.02190	0.11463	0.11825	0.06693	0.02052	0.30482	0.04808	0.01747	0.02440	0.01448	0.01979	0.01135	0.00855	0.01221	0.00279	0.15352	0.00794	0.00391	0.01036
75	0.05543	0.01472	0.01682	0.01317	0.01912	0.03787	0.01062	0.02854	0.07844	0.24942	0.02510	0.02577	0.04409	0.00891	0.00711	0.00198	0.00651	0.02526	0.00694	0.32421
76	0.01273	0.01051	0.01523	0.01443	0.01545	0.01313	0.01140	0.01518	0.01255	0.01843	0.01891	0.02889	0.01805	0.07841	0.50762	0.01038	0.17900	0.00827	0.00409	0.00735
77	0.01884	0.01408	0.01611	0.03838	0.01917	0.01409	0.01079	0.12018	0.16718	0.07341	0.10892	0.05875	0.08589	0.01135	0.00780	0.00225	0.00604	0.00946	0.04227	0.17505
78	0.00987	0.00796	0.00879	0.00878	0.01107	0.00688	0.00651	0.01227	0.01896	0.02399	0.22819	0.12444	0.46554	0.01948	0.00943	0.00268	0.00399	0.01660	0.00771	0.00688
79	0.02120	0.72609	0.04155	0.01357	0.02035	0.03138	0.01357	0.02374	0.01611	0.01866	0.01102	0.01272	0.01018	0.00678	0.00509	0.00170	0.00848	0.00424	0.00339	0.01018
80	0.01772	0.24031	0.41238	0.02041	0.03018	0.02206	0.07526	0.02453	0.01671	0.02326	0.01343	0.01593	0.01032	0.00718	0.00690	0.00223	0.01067	0.00563	0.00347	0.04142
81	0.01636	0.01588	0.02284	0.01957	0.02004	0.02137	0.04194	0.01825	0.01242	0.01897	0.01289	0.02173	0.01291	0.07802	0.08770	0.00465	0.55492	0.00758	0.00368	0.00828
82	0.01084	0.00804	0.01011	0.00970	0.01164	0.00730	0.00723	0.01418	0.02137	0.02952	0.54006	0.09363	0.17245	0.01727	0.00939	0.00256	0.00383	0.01513	0.00844	0.00730

[dist]
# distance from previous block
# <min> <max>
0	3

[block]
# block no. 2 follows, 24 sequences, length 78
# corresponding to MSA columns:
# 169-235,237-247
name=unknown_C
#
# <colnr> <probs for GDERKNQSTAVLIFYWHMCP>
#	G	D	E	R	K	N	Q	S	T	A	V	L	I	F	Y	W	H	M	C	P
0	0.02738	0.01880	0.02042	0.01608	0.02150	0.02042	0.01312	0.48546	0.03233	0.08838	0.02198	0.05296	0.01666	0.01020	0.00769	0.00235	0.00768	0.00794	0.11635	0.01229
1	0.01052	0.00808	0.00963	0.00924	0.01142	0.00718	0.00693	0.01361	0.02080	0.02788	0.44598	0.06568	0.29895	0.01767	0.00936	0.00256	0.00385	0.01524	0.00821	0.00718
2	0.01061	0.00799	0.00981	0.00955	0.01152	0.00719	0.00709	0.01370	0.02070	0.02812	0.46170	0.11720	0.22990	0.01794	0.00942	0.00260	0.00388	0.01564	0.00826	0.00719
3	0.01622	0.01381	0.01609	0.01161	0.01834	0.01044	0.00919	0.01959	0.01622	0.02537	0.01458	0.01804	0.01251	0.03802	0.00742	0.00147	0.00595	0.00501	0.00470	0.73541
4	0.02050	0.01695	0.01786	0.01579	0.02030	0.01943	0.01236	0.10436	0.55018	0.03471	0.03046	0.02847	0.02282	0.01053	0.00789	0.00260	0.00637	0.00867	0.05743	0.01231
5	0.01644	0.01409	0.01644	0.01175	0.01879	0.01057	0.00940	0.01997	0.01644	0.02584	0.01409	0.01644	0.01175	0.00587	0.00587	0.00117	0.00587	0.00470	0.00470	0.76979
6	0.77733	0.01534	0.01166	0.01043	0.01534	0.01779	0.00859	0.02331	0.01350	0.03558	0.01104	0.01288	0.00859	0.00736	0.00491	0.00245	0.00613	0.00429	0.00491	0.00859
7	0.01735	0.01735	0.02429	0.02082	0.02082	0.02429	0.01735	0.01908	0.01214	0.01908	0.01041	0.01735	0.01041	0.01388	0.02602	0.00347	0.70680	0.00694	0.00347	0.00867
8	0.02022	0.01692	0.01811	0.01623	0.02068	0.01935	0.01283	0.10195	0.54145	0.03412	0.03171	0.03341	0.02486	0.01155	0.00829	0.00274	0.00661	0.05875	0.00799	0.01222
9	0.75006	0.01504	0.01157	0.01045	0.01520	0.01739	0.00854	0.02287	0.01356	0.03503	0.01220	0.03786	0.01015	0.00798	0.00509	0.00248	0.00608	0.00494	0.00499	0.00851
10	0.01818	0.01889	0.03715	0.26718	0.04492	0.01951	0.38231	0.06578	0.01898	0.02527	0.01556	0.02114	0.01162	0.00731	0.00876	0.00264	0.01207	0.00840	0.00411	0.01022
11	0.02120	0.72609	0.04155	0.01357	0.02035	0.03138	0.01357	0.02374	0.01611	0.01866	0.01102	0.01272	0.01018	0.00678	0.00509	0.00170	0.00848	0.00424	0.00339	0.01018
12	0.01102	0.00810	0.01032	0.00977	0.01172	0.00740	0.00733	0.01458	0.02198	0.03068	0.60457	0.06107	0.13861	0.01663	0.00935	0.00251	0.00377	0.01460	0.00858	0.00740
13	0.03050	0.02164	0.02345	0.01798	0.02431	0.02375	0.01485	0.60585	0.03633	0.09088	0.01984	0.01956	0.01389	0.00954	0.00794	0.00238	0.00860	0.00719	0.00806	0.01349
14	0.01116	0.00806	0.01054	0.01002	0.01183	0.00744	0.00748	0.01480	0.02215	0.03133	0.64213	0.08611	0.07391	0.01656	0.00938	0.00252	0.00378	0.01468	0.00867	0.00744
15	0.01494	0.01535	0.03112	0.02409	0.02896	0.01438	0.37798	0.01941	0.01724	0.02325	0.02758	0.31109	0.02888	0.01426	0.00968	0.00290	0.00971	0.01486	0.00541	0.00892
16	0.01114	0.00810	0.01049	0.00989	0.01180	0.00745	0.00742	0.01481	0.02226	0.03136	0.64271	0.05996	0.10005	0.01638	0.00935	0.00250	0.00375	0.01444	0.00867	0.00745
17	0.01972	0.01810	0.02901	0.11528	0.49095	0.01880	0.02208	0.08306	0.04439	0.02763	0.01702	0.04741	0.01444	0.00823	0.00796	0.00244	0.00917	0.00775	0.00456	0.01199
18	0.69311	0.04951	0.05661	0.01137	0.01680	0.01845	0.01017	0.02345	0.01383	0.03412	0.01125	0.01313	0.00876	0.00735	0.00509	0.00242	0.00661	0.00439	0.00474	0.00886
19	0.01928	0.01631	0.01747	0.01590	0.02011	0.01868	0.01243	0.06479	0.56327	0.03272	0.03282	0.06499	0.02634	0.01203	0.00833	0.00276	0.00636	0.04542	0.00798	0.01199
20	0.02894	0.02076	0.02253	0.01753	0.02355	0.02281	0.01439	0.53908	0.08392	0.08493	0.04532	0.02184	0.01700	0.00989	0.00800	0.00241	0.00823	0.00760	0.00808	0.01319
21	0.09999	0.01308	0.06785	0.01274	0.01676	0.01071	0.01093	0.02321	0.01943	0.22140	0.20036	0.13083	0.03916	0.03923	0.00965	0.00285	0.00608	0.05849	0.00777	0.00949
22	0.77733	0.01534	0.01166	0.01043	0.01534	0.01779	0.00859	0.02331	0.01350	0.03558	0.01104	0.01288	0.00859	0.00736	0.00491	0.00245	0.00613	0.00429	0.00491	0.00859
23	0.01954	0.01620	0.04178	0.01507	0.01957	0.01691	0.01220	0.06300	0.43589	0.08145	0.12978	0.03477	0.05555	0.01170	0.00828	0.00262	0.00615	0.00981	0.00809	0.01163
24	0.01098	0.00803	0.01031	0.00989	0.01174	0.00736	0.00736	0.01445	0.02167	0.03030	0.58441	0.09927	0.12052	0.01703	0.00940	0.00255	0.00381	0.01501	0.00854	0.00736
25	0.00966	0.00690	0.00920	0.01104	0.01150	0.00644	0.00736	0.01104	0.01518	0.02024	0.04371	0.71614	0.05245	0.02484	0.01012	0.00322	0.00460	0.02254	0.00736	0.00644
26	0.01085	0.00809	0.01008	0.00958	0.01162	0.00732	0.00719	0.01424	0.02156	0.02970	0.54870	0.06269	0.19510	0.01700	0.00936	0.00253	0.00380	0.01483	0.00845	0.00732
27	0.03558	0.01350	0.01840	0.01411	0.02024	0.01166	0.01166	0.03865	0.02270	0.67734	0.03128	0.02699	0.01963	0.00981	0.00797	0.00245	0.00675	0.00797	0.00981	0.01350
28	0.77733	0.01534	0.01166	0.01043	0.01534	0.01779	0.00859	0.02331	0.01350	0.03558	0.01104	0.01288	0.00859	0.00736	0.00491	0.00245	0.00613	0.00429	0.00491	0.00859
29	0.02120	0.72609	0.04155	0.01357	0.02035	0.03138	0.01357	0.02374	0.01611	0.01866	0.01102	0.01272	0.01018	0.00678	0.00509	0.00170	0.00848	0.00424	0.00339	0.01018
30	0.00966	0.00690	0.00920	0.01104	0.01150	0.00644	0.00736	0.01104	0.01518	0.02024	0.04371	0.71614	0.05245	0.02484	0.01012	0.00322	0.00460	0.02254	0.00736	0.00644
31	0.01153	0.00769	0.00865	0.00865	0.00865	0.00769	0.00480	0.01153	0.01153	0.01538	0.02499	0.05189	0.02883	0.72131	0.04036	0.00769	0.00769	0.01153	0.00480	0.00480
32	0.01614	0.07099	0.65229	0.02221	0.03371	0.01898	0.02861	0.02505	0.01671	0.02483	0.01409	0.01657	0.01005	0.00750	0.00743	0.00248	0.01158	0.00579	0.00335	0.01165
33	0.04583	0.01646	0.01629	0.16940	0.02466	0.12393	0.01248	0.11933	0.02053	0.02919	0.01939	0.02294	0.01498	0.00875	0.00670	0.00216	0.00786	0.00679	0.32329	0.00900
34	0.01522	0.00926	0.01114	0.01049	0.01195	0.01037	0.00804	0.04128	0.01553	0.02555	0.02136	0.02693	0.01776	0.01752	0.07897	0.11935	0.09533	0.00736	0.44943	0.00716
35	0.02868	0.04406	0.05483	0.01804	0.02410	0.02009	0.05171	0.29688	0.05335	0.23468	0.02193	0.02157	0.01519	0.00966	0.00940	0.00250	0.06566	0.00742	0.00754	0.01269
36	0.07264	0.67773	0.03952	0.01335	0.02001	0.03045	0.01323	0.02372	0.01593	0.01981	0.01103	0.01273	0.01007	0.00682	0.00508	0.00175	0.00832	0.00424	0.00350	0.01007
37	0.01692	0.17187	0.55824	0.02088	0.03165	0.02089	0.02629	0.02485	0.01662	0.02388	0.01362	0.01597	0.01007	0.00739	0.00707	0.00236	0.01110	0.00555	0.00336	0.01142
38	0.02223	0.55055	0.09151	0.01536	0.02223	0.10360	0.01516	0.06136	0.01812	0.02112	0.01190	0.01360	0.01036	0.00716	0.00569	0.00184	0.00942	0.00464	0.00373	0.01039
39	0.07821	0.02037	0.02141	0.01715	0.02291	0.02284	0.01396	0.44285	0.20040	0.04453	0.02201	0.02142	0.01600	0.00970	0.00776	0.00247	0.00790	0.00743	0.00776	0.01290
40	0.01377	0.00689	0.01033	0.01033	0.01033	0.00689	0.00689	0.01033	0.01033	0.01377	0.01377	0.02410	0.01377	0.02755	0.03099	0.76928	0.00689	0.00689	0.00344	0.00344
41	0.01602	0.01532	0.02643	0.54903	0.16896	0.01796	0.05170	0.02126	0.01640	0.02155	0.01434	0.02087	0.01101	0.00771	0.00798	0.00259	0.01049	0.00716	0.00362	0.00960
42	0.04752	0.39801	0.26947	0.01697	0.02535	0.04672	0.01904	0.02516	0.01675	0.05174	0.01315	0.01488	0.01051	0.00726	0.00616	0.00206	0.00968	0.00503	0.00375	0.01080
43	0.00977	0.00698	0.00930	0.01097	0.01153	0.00651	0.00737	0.01131	0.01568	0.02103	0.08616	0.67145	0.05397	0.02426	0.01007	0.00317	0.00454	0.02199	0.00745	0.00651
44	0.03014	0.02221	0.02380	0.01825	0.02459	0.02459	0.01507	0.64541	0.03728	0.04998	0.01904	0.01904	0.01349	0.00952	0.00793	0.00238	0.00873	0.00714	0.00793	0.01349
45	0.01347	0.02216	0.29167	0.01700	0.02268	0.01266	0.01815	0.01953	0.04152	0.02368	0.03047	0.23564	0.03184	0.01629	0.00917	0.00301	0.00834	0.16791	0.00569	0.00911
46	0.02802	0.16872	0.02610	0.01912	0.02372	0.56429	0.01499	0.03016	0.02126	0.01926	0.01202	0.01400	0.01021	0.00791	0.00676	0.00198	0.01319	0.00494	0.00395	0.00938
47	0.01840	0.01452	0.01658	0.01282	0.01877	0.01295	0.01019	0.06807	0.13608	0.05691	0.06157	0.02278	0.01893	0.00800	0.00672	0.00170	0.00596	0.00652	0.03582	0.46671
48	0.02806	0.01935	0.13753	0.01804	0.02513	0.01428	0.09528	0.03395	0.06253	0.41433	0.04969	0.02583	0.01930	0.00931	0.00813	0.00251	0.00832	0.00808	0.00779	0.01255
49	0.01328	0.00835	0.01084	0.01057	0.01257	0.00758	0.00778	0.01614	0.02006	0.09801	0.37394	0.24267	0.11117	0.01827	0.00942	0.00271	0.00433	0.01616	0.00835	0.00778
50	0.01866	0.02122	0.04584	0.03289	0.04057	0.02023	0.61663	0.02513	0.01844	0.02513	0.01580	0.02122	0.01196	0.00699	0.01006	0.00271	0.04265	0.00926	0.00399	0.01061
51	0.01642	0.08453	0.60128	0.02265	0.03383	0.01936	0.06442	0.02504	0.01682	0.02471	0.01413	0.01675	0.01017	0.00744	0.00748	0.00247	0.01161	0.00596	0.00339	0.01156
52	0.01549	0.01066	0.01500	0.05946	0.01812	0.01044	0.04678	0.02063	0.07209	0.10494	0.37281	0.04948	0.07256	0.06021	0.01107	0.00291	0.00573	0.03512	0.00781	0.00867
53	0.08086	0.02707	0.02251	0.01864	0.02370	0.26374	0.01485	0.34430	0.02882	0.03614	0.01553	0.01681	0.01179	0.00914	0.00851	0.00233	0.05167	0.00620	0.00607	0.01132
54	0.01498	0.01409	0.02378	0.70226	0.05462	0.01762	0.02202	0.02026	0.01586	0.02026	0.01409	0.02114	0.01057	0.00793	0.00793	0.00264	0.01057	0.00705	0.00352	0.00881
55	0.01781	0.01957	0.04066	0.18549	0.04364	0.01966	0.47688	0.02398	0.01781	0.02398	0.01538	0.02118	0.01164	0.00725	0.00968	0.00270	0.03989	0.00874	0.00388	0.01019
56	0.04752	0.04548	0.19310	0.09384	0.24411	0.01749	0.04889	0.02433	0.04161	0.05496	0.01911	0.05054	0.01641	0.00938	0.00799	0.00257	0.00954	0.05746	0.00459	0.01106
57	0.03392	0.01313	0.01787	0.01383	0.01967	0.01137	0.01137	0.03703	0.02268	0.63342	0.07458	0.02918	0.02338	0.01025	0.00807	0.00246	0.00654	0.00841	0.00974	0.01309
58	0.00966	0.00690	0.00920	0.01104	0.01150	0.00644	0.00736	0.01104	0.01518	0.02024	0.04371	0.71614	0.05245	0.02484	0.01012	0.00322	0.00460	0.02254	0.00736	0.00644
59	0.01666	0.01862	0.07408	0.28488	0.06300	0.04089	0.20739	0.02192	0.01679	0.02258	0.01677	0.06598	0.01413	0.00911	0.00971	0.00268	0.06324	0.00861	0.03347	0.00950
60	0.01966	0.01797	0.06297	0.01595	0.02061	0.04317	0.01343	0.08478	0.37273	0.05928	0.07519	0.03746	0.05127	0.01224	0.00843	0.00271	0.00704	0.07619	0.00759	0.01134
61	0.03680	0.01588	0.02035	0.01603	0.02218	0.01406	0.01287	0.08646	0.02502	0.60310	0.03211	0.02943	0.02121	0.01139	0.00900	0.00291	0.00773	0.00863	0.01030	0.01457
62	0.02120	0.72609	0.04155	0.01357	0.02035	0.03138	0.01357	0.02374	0.01611	0.01866	0.01102	0.01272	0.01018	0.00678	0.00509	0.00170	0.00848	0.00424	0.00339	0.01018
63	0.01106	0.00810	0.01038	0.00981	0.01175	0.00741	0.00736	0.01466	0.02207	0.03091	0.61724	0.06070	0.12580	0.01654	0.00935	0.00251	0.00376	0.01455	0.00861	0.00741
64	0.00937	0.00803	0.00803	0.00803	0.01071	0.00669	0.00602	0.01138	0.01807	0.02142	0.08033	0.07632	0.66863	0.02008	0.00937	0.00268	0.00402	0.01674	0.00736	0.00669
65	0.00954	0.00804	0.00826	0.00821	0.01081	0.00676	0.00616	0.01170	0.01847	0.02235	0.13279	0.07479	0.61559	0.01974	0.00937	0.00266	0.00399	0.01652	0.00749	0.00676
66	0.01644	0.01409	0.01644	0.01175	0.01879	0.01057	0.00940	0.01997	0.01644	0.02584	0.01409	0.01644	0.01175	0.00587	0.00587	0.00117	0.00587	0.00470	0.00470	0.76979
67	0.77733	0.01534	0.01166	0.01043	0.01534	0.01779	0.00859	0.02331	0.01350	0.03558	0.01104	0.01288	0.00859	0.00736	0.00491	0.00245	0.00613	0.00429	0.00491	0.00859
68	0.01735	0.01735	0.02429	0.02082	0.02082	0.02429	0.01735	0.01908	0.01214	0.01908	0.01041	0.01735	0.01041	0.01388	0.02602	0.00347	0.70680	0.00694	0.00347	0.00867
69	0.77733	0.01534	0.01166	0.01043	0.01534	0.01779	0.00859	0.02331	0.01350	0.03558	0.01104	0.01288	0.00859	0.00736	0.00491	0.00245	0.00613	0.00429	0.00491	0.00859
70	0.01463	0.01000	0.01285	0.03548	0.01607	0.00863	0.00892	0.01703	0.01663	0.09185	0.05486	0.39110	0.03641	0.01681	0.00855	0.00249	0.00538	0.01495	0.00676	0.23060
71	0.01511	0.01268	0.01502	0.01161	0.01736	0.00976	0.00900	0.01821	0.01620	0.02474	0.01992	0.15418	0.01976	0.00961	0.00671	0.00158	0.00562	0.00821	0.00522	0.61953
72	0.01153	0.00769	0.00865	0.00865	0.00865	0.00769	0.00480	0.01153	0.01153	0.01538	0.02499	0.05189	0.02883	0.72131	0.04036	0.00769	0.00769	0.01153	0.00480	0.00480
73	0.01549	0.01462	0.02472	0.62976	0.12308	0.01775	0.02228	0.02071	0.01610	0.02089	0.01419	0.02097	0.01079	0.00783	0.00792	0.00261	0.01044	0.00705	0.00357	0.00923
74	0.01122	0.00811	0.01060	0.00998	0.01185	0.00748	0.00748	0.01496	0.02245	0.03180	0.66766	0.05923	0.07482	0.01621	0.00935	0.00249	0.00374	0.01434	0.00873	0.00748
75	0.01305	0.01135	0.01670	0.04170	0.01809	0.01260	0.06762	0.01660	0.05315	0.02180	0.08370	0.26672	0.07582	0.07206	0.06112	0.00404	0.13595	0.01427	0.00595	0.00771
76	0.01498	0.01409	0.02378	0.70226	0.05462	0.01762	0.02202	0.02026	0.01586	0.02026	0.01409	0.02114	0.01057	0.00793	0.00793	0.00264	0.01057	0.00705	0.00352	0.00881
77	0.06716	0.02818	0.19574	0.02003	0.05349	0.16538	0.01819	0.12418	0.11137	0.05215	0.04724	0.02059	0.01594	0.00912	0.00826	0.00244	0.03712	0.00679	0.00547	0.01116

[dist]
# distance from previous block
# <min> <max>
0	22

# created by:
# /st0/software/busco_prod/Augustus/scripts/msa2prfl.pl ./align_prep/107099.fa
