[name]
unknown

[dist]
# distance from previous block
# <min> <max>
0	20

[block]
# block no. 0 follows, 23 sequences, length 25
# corresponding to MSA columns:
# 50-74
name=unknown_A
#
# <colnr> <probs for GDERKNQSTAVLIFYWHMCP>
#	G	D	E	R	K	N	Q	S	T	A	V	L	I	F	Y	W	H	M	C	P
0	0.02315	0.09082	0.06352	0.03875	0.06101	0.13904	0.04844	0.10247	0.05077	0.10805	0.02562	0.08523	0.04591	0.01180	0.00829	0.00257	0.00943	0.06828	0.00618	0.01067
1	0.01935	0.07872	0.12312	0.07836	0.08559	0.07076	0.03907	0.10888	0.05460	0.02795	0.05068	0.06271	0.07334	0.01094	0.00895	0.00253	0.04473	0.00885	0.04039	0.01047
2	0.01700	0.05039	0.08842	0.17083	0.08205	0.01820	0.03594	0.02388	0.09627	0.02462	0.05069	0.02309	0.01683	0.01203	0.04534	0.00306	0.11016	0.00738	0.00470	0.11911
3	0.02234	0.02319	0.07784	0.06920	0.11153	0.15148	0.01645	0.09953	0.05508	0.05776	0.01782	0.04672	0.01454	0.00863	0.00749	0.00214	0.00946	0.00692	0.00531	0.19659
4	0.01795	0.01451	0.05547	0.04438	0.01993	0.01212	0.01166	0.05414	0.02026	0.10802	0.18986	0.03520	0.08530	0.01133	0.00891	0.00219	0.04277	0.00928	0.00673	0.24999
5	0.05701	0.01408	0.01609	0.01357	0.01785	0.06787	0.04244	0.02045	0.01871	0.07863	0.14467	0.18305	0.03405	0.01307	0.00809	0.00227	0.00653	0.01136	0.00655	0.24364
6	0.01149	0.00874	0.01111	0.01141	0.01343	0.00757	0.00800	0.01350	0.01617	0.02253	0.06672	0.52685	0.04557	0.02074	0.00936	0.00280	0.00495	0.01866	0.00700	0.17342
7	0.06474	0.61194	0.10294	0.01461	0.02194	0.02999	0.01518	0.02441	0.01640	0.02075	0.01161	0.01343	0.01031	0.00705	0.00544	0.00186	0.00887	0.00451	0.00356	0.01047
8	0.01513	0.00756	0.00756	0.00756	0.00945	0.00756	0.00567	0.01891	0.01702	0.03025	0.02647	0.03025	0.02080	0.00945	0.00567	0.00189	0.00378	0.00756	0.75988	0.00756
9	0.01513	0.00756	0.00756	0.00756	0.00945	0.00756	0.00567	0.01891	0.01702	0.03025	0.02647	0.03025	0.02080	0.00945	0.00567	0.00189	0.00378	0.00756	0.75988	0.00756
10	0.68932	0.01754	0.05217	0.01261	0.01820	0.01836	0.04238	0.02407	0.01428	0.03525	0.01175	0.01386	0.00906	0.00751	0.00541	0.00253	0.00699	0.00475	0.00488	0.00909
11	0.77215	0.01569	0.01193	0.01067	0.01569	0.01820	0.00879	0.02385	0.01381	0.03641	0.01130	0.01318	0.00879	0.00753	0.00502	0.00251	0.00628	0.00439	0.00502	0.00879
12	0.01004	0.00713	0.00937	0.01110	0.01153	0.00669	0.00732	0.01134	0.01523	0.02031	0.04316	0.65608	0.05170	0.08157	0.01288	0.00367	0.00496	0.02215	0.00732	0.00645
13	0.12959	0.09283	0.02328	0.01876	0.02346	0.48798	0.01458	0.07564	0.02233	0.02435	0.01278	0.01466	0.01047	0.00823	0.00689	0.00214	0.01257	0.00519	0.00453	0.00974
14	0.02943	0.03701	0.02385	0.02338	0.07993	0.62536	0.01647	0.03176	0.02261	0.02043	0.01278	0.01510	0.01066	0.00826	0.00738	0.00212	0.01420	0.00540	0.00417	0.00970
15	0.01098	0.00802	0.01031	0.01027	0.01194	0.00736	0.00750	0.01413	0.02098	0.02907	0.47710	0.20181	0.12264	0.01884	0.00974	0.00273	0.00404	0.01669	0.00851	0.00736
16	0.02159	0.63749	0.09307	0.01492	0.02216	0.05684	0.01527	0.02473	0.01680	0.01966	0.01160	0.01342	0.01040	0.00706	0.00549	0.00182	0.00918	0.00451	0.00350	0.01050
17	0.01156	0.00845	0.01200	0.01208	0.01318	0.00950	0.00893	0.01378	0.01290	0.01827	0.02360	0.06775	0.02376	0.19595	0.51739	0.01151	0.01805	0.01001	0.00461	0.00673
18	0.02900	0.02275	0.02377	0.01960	0.04713	0.05959	0.01542	0.50288	0.11921	0.04627	0.02079	0.02070	0.01507	0.00975	0.00809	0.00246	0.00892	0.00744	0.00778	0.01340
19	0.01983	0.01999	0.03702	0.04554	0.49426	0.01962	0.19159	0.02520	0.01866	0.02637	0.01558	0.02058	0.01271	0.00712	0.00845	0.00250	0.01074	0.00787	0.00404	0.01233
20	0.01433	0.00936	0.01252	0.01306	0.01541	0.00890	0.01095	0.01786	0.02007	0.08140	0.19306	0.07725	0.11695	0.01977	0.01038	0.00324	0.00620	0.35326	0.00805	0.00799
21	0.02169	0.71972	0.04252	0.01388	0.02083	0.03211	0.01388	0.02430	0.01649	0.01909	0.01128	0.01302	0.01041	0.00694	0.00521	0.00174	0.00868	0.00434	0.00347	0.01041
22	0.01221	0.00832	0.01094	0.01197	0.01347	0.00785	0.00913	0.01468	0.01784	0.05032	0.12486	0.32611	0.10792	0.05444	0.01179	0.00346	0.00560	0.19418	0.00768	0.00724
23	0.02441	0.01874	0.02078	0.01782	0.04395	0.02032	0.01395	0.36809	0.14464	0.04096	0.02796	0.05729	0.05731	0.01189	0.00844	0.00258	0.00779	0.05412	0.00773	0.05124
24	0.01497	0.01064	0.01262	0.01168	0.01452	0.03476	0.00866	0.01785	0.01958	0.08754	0.26966	0.25637	0.05046	0.01670	0.00900	0.00254	0.00519	0.01472	0.00771	0.13481

[dist]
# distance from previous block
# <min> <max>
1	5

[block]
# block no. 1 follows, 23 sequences, length 116
# corresponding to MSA columns:
# 80-195
name=unknown_B
#
# <colnr> <probs for GDERKNQSTAVLIFYWHMCP>
#	G	D	E	R	K	N	Q	S	T	A	V	L	I	F	Y	W	H	M	C	P
0	0.05457	0.18357	0.38145	0.01972	0.02865	0.05656	0.02265	0.02652	0.04230	0.04948	0.01478	0.01689	0.01123	0.00818	0.00819	0.00242	0.05173	0.00580	0.00401	0.01128
1	0.01227	0.00802	0.01009	0.01029	0.01130	0.00760	0.00688	0.01400	0.01683	0.05328	0.22032	0.26027	0.05062	0.25754	0.02059	0.00460	0.00563	0.01602	0.00717	0.00668
2	0.01152	0.00879	0.01207	0.03938	0.01511	0.00856	0.03244	0.01418	0.04038	0.02166	0.07032	0.38329	0.11685	0.08593	0.01386	0.03550	0.00589	0.07040	0.00692	0.00697
3	0.01866	0.01814	0.03159	0.25761	0.29581	0.01967	0.12043	0.04903	0.01828	0.02510	0.01505	0.02071	0.01199	0.00801	0.00951	0.00263	0.05509	0.00759	0.00404	0.01106
4	0.01510	0.01368	0.01894	0.01717	0.01752	0.01801	0.01371	0.01694	0.01319	0.01984	0.01954	0.14106	0.02088	0.06407	0.11353	0.00499	0.41889	0.01036	0.03459	0.00797
5	0.01058	0.00826	0.00959	0.00926	0.01157	0.00727	0.00694	0.01356	0.02083	0.02747	0.38409	0.06896	0.35558	0.01848	0.00958	0.00264	0.00396	0.01584	0.00827	0.00727
6	0.02514	0.40748	0.03337	0.01688	0.02258	0.29689	0.01457	0.02852	0.05003	0.02013	0.01286	0.01452	0.01113	0.00772	0.00622	0.00193	0.01100	0.00494	0.00399	0.01012
7	0.01127	0.00796	0.00986	0.01015	0.01108	0.00749	0.00669	0.01287	0.01614	0.02216	0.19529	0.27521	0.04913	0.27483	0.02132	0.00470	0.00569	0.01608	0.00683	0.03527
8	0.01731	0.01478	0.01868	0.09562	0.02320	0.01784	0.01408	0.06275	0.22430	0.02693	0.02536	0.09051	0.02249	0.01876	0.09007	0.00414	0.15202	0.03606	0.03510	0.00998
9	0.02079	0.50735	0.18105	0.01715	0.02514	0.05909	0.04494	0.02506	0.01705	0.02089	0.01229	0.01439	0.01047	0.00717	0.00605	0.00198	0.00991	0.00498	0.00352	0.01074
10	0.02302	0.01663	0.01904	0.01435	0.02088	0.01541	0.01163	0.20489	0.05113	0.10623	0.05017	0.02152	0.01714	0.00829	0.00714	0.00184	0.00688	0.00659	0.00672	0.39051
11	0.05232	0.02042	0.02527	0.28677	0.03804	0.07508	0.05787	0.28182	0.02611	0.03441	0.01641	0.01985	0.01206	0.00871	0.00803	0.00254	0.01034	0.00713	0.00564	0.01118
12	0.01165	0.00780	0.00890	0.00905	0.00908	0.00776	0.00513	0.01176	0.01210	0.01613	0.02710	0.10570	0.03144	0.65959	0.03882	0.00750	0.00761	0.01270	0.00513	0.00505
13	0.01618	0.00930	0.01059	0.03534	0.01323	0.00965	0.00771	0.08232	0.01810	0.02878	0.02497	0.08709	0.02152	0.01370	0.01043	0.11927	0.00517	0.00879	0.47028	0.00757
14	0.05620	0.00870	0.01008	0.00986	0.01216	0.00805	0.00749	0.01449	0.02038	0.02830	0.37125	0.09615	0.26284	0.01806	0.00942	0.00270	0.00429	0.04408	0.00810	0.00740
15	0.03641	0.01381	0.01883	0.01444	0.02071	0.01193	0.01193	0.03954	0.02322	0.66984	0.03201	0.02762	0.02009	0.01004	0.00816	0.00251	0.00690	0.00816	0.01004	0.01381
16	0.01237	0.00845	0.01109	0.01042	0.01244	0.00777	0.00781	0.01607	0.02266	0.05645	0.60962	0.08705	0.07342	0.01671	0.00955	0.00258	0.00398	0.01478	0.00892	0.00785
17	0.01337	0.00874	0.01002	0.00978	0.01250	0.00752	0.00729	0.01552	0.01875	0.10976	0.09603	0.19808	0.42303	0.01992	0.00955	0.00281	0.00459	0.01700	0.00794	0.00778
18	0.03323	0.01383	0.01815	0.01427	0.02017	0.01243	0.01167	0.03823	0.08383	0.56941	0.03510	0.03088	0.05874	0.01076	0.00825	0.00255	0.00669	0.00879	0.00972	0.01330
19	0.00959	0.00822	0.00822	0.00822	0.01096	0.00685	0.00617	0.01165	0.01850	0.02192	0.08220	0.07809	0.66092	0.02055	0.00959	0.00274	0.00411	0.01713	0.00754	0.00685
20	0.01136	0.00848	0.00933	0.00919	0.01176	0.00733	0.00692	0.01365	0.01891	0.05411	0.14706	0.09760	0.48265	0.04751	0.01088	0.00297	0.00452	0.04083	0.00772	0.00722
21	0.01180	0.00787	0.00885	0.00885	0.00885	0.00787	0.00492	0.01180	0.01180	0.01573	0.02557	0.05310	0.02950	0.71483	0.04130	0.00787	0.00787	0.01180	0.00492	0.00492
22	0.03031	0.03867	0.02299	0.02090	0.02508	0.68226	0.01568	0.03240	0.02299	0.01986	0.01254	0.01463	0.01045	0.00836	0.00732	0.00209	0.01463	0.00523	0.00418	0.00941
23	0.01683	0.01442	0.01683	0.01202	0.01923	0.01082	0.00961	0.02043	0.01683	0.02644	0.01442	0.01683	0.01202	0.00601	0.00601	0.00120	0.00601	0.00481	0.00481	0.76444
24	0.01081	0.00745	0.00914	0.01012	0.01036	0.00721	0.00627	0.01154	0.01373	0.01831	0.03548	0.39270	0.04200	0.35817	0.02529	0.00550	0.00623	0.01763	0.00627	0.00578
25	0.01180	0.00787	0.00885	0.00885	0.00885	0.00787	0.00492	0.01180	0.01180	0.01573	0.02557	0.05310	0.02950	0.71483	0.04130	0.00787	0.00787	0.01180	0.00492	0.00492
26	0.01409	0.00705	0.01057	0.01057	0.01057	0.00705	0.00705	0.01057	0.01057	0.01409	0.01409	0.02467	0.01409	0.02819	0.03171	0.76392	0.00705	0.00705	0.00352	0.00352
27	0.03031	0.03867	0.02299	0.02090	0.02508	0.68226	0.01568	0.03240	0.02299	0.01986	0.01254	0.01463	0.01045	0.00836	0.00732	0.00209	0.01463	0.00523	0.00418	0.00941
28	0.01300	0.00894	0.01152	0.01075	0.01294	0.00841	0.00810	0.01761	0.05269	0.06192	0.57425	0.08532	0.07046	0.01639	0.00947	0.00259	0.00413	0.01446	0.00889	0.00815
29	0.01148	0.00829	0.01085	0.01021	0.01212	0.00766	0.00766	0.01531	0.02297	0.03254	0.65994	0.06061	0.07656	0.01659	0.00957	0.00255	0.00383	0.01467	0.00893	0.00766
30	0.11878	0.01402	0.01806	0.01402	0.02015	0.01263	0.01157	0.03779	0.02217	0.59891	0.02969	0.02600	0.01882	0.00976	0.00781	0.00251	0.00683	0.00774	0.00948	0.01325
31	0.01532	0.01442	0.02434	0.69533	0.05589	0.01803	0.02253	0.02073	0.01622	0.02073	0.01442	0.02163	0.01082	0.00811	0.00811	0.00270	0.01082	0.00721	0.00361	0.00901
32	0.01409	0.00705	0.01057	0.01057	0.01057	0.00705	0.00705	0.01057	0.01057	0.01409	0.01409	0.02467	0.01409	0.02819	0.03171	0.76392	0.00705	0.00705	0.00352	0.00352
33	0.01627	0.04197	0.67279	0.02313	0.03512	0.01884	0.02998	0.02570	0.01713	0.02570	0.01456	0.01713	0.01028	0.00771	0.00771	0.00257	0.01199	0.00600	0.00343	0.01199
34	0.01775	0.01775	0.02485	0.02130	0.02130	0.02485	0.01775	0.01953	0.01243	0.01953	0.01065	0.01775	0.01065	0.01420	0.02663	0.00355	0.69998	0.00710	0.00355	0.00888
35	0.01657	0.01478	0.02354	0.57062	0.04919	0.01824	0.02084	0.06777	0.01741	0.02263	0.01462	0.02147	0.01124	0.00972	0.01039	0.04809	0.04269	0.00720	0.00395	0.00905
36	0.02018	0.01743	0.01835	0.01651	0.02110	0.02018	0.01284	0.04312	0.64956	0.03394	0.03303	0.03027	0.02477	0.01101	0.00826	0.00275	0.00642	0.00917	0.00826	0.01284
37	0.01586	0.01497	0.02531	0.62228	0.12473	0.01817	0.02280	0.02120	0.01648	0.02139	0.01452	0.02146	0.01105	0.00801	0.00810	0.00267	0.01068	0.00721	0.00365	0.00945
38	0.48362	0.01506	0.01516	0.15502	0.02437	0.01751	0.01198	0.04619	0.04151	0.03320	0.07421	0.02034	0.01642	0.00873	0.00634	0.00256	0.00711	0.00625	0.00534	0.00908
39	0.00986	0.00716	0.00931	0.01103	0.01170	0.00661	0.00741	0.01133	0.01580	0.02082	0.04805	0.65349	0.10757	0.02499	0.01029	0.00325	0.00465	0.02254	0.00753	0.00661
40	0.02606	0.02035	0.02166	0.01770	0.02334	0.02293	0.01426	0.37040	0.31271	0.04342	0.02556	0.02433	0.01873	0.01031	0.00818	0.00258	0.00780	0.00814	0.00818	0.01337
41	0.07791	0.01450	0.02311	0.61234	0.05121	0.01780	0.02099	0.02174	0.01631	0.04787	0.01487	0.02118	0.01102	0.00814	0.00786	0.00268	0.01029	0.00702	0.00398	0.00919
42	0.01058	0.00742	0.00979	0.01136	0.01210	0.00702	0.00793	0.01241	0.01624	0.02199	0.08271	0.55416	0.05226	0.05152	0.01146	0.00342	0.00502	0.08062	0.03529	0.00672
43	0.01178	0.00789	0.00895	0.00892	0.00901	0.00786	0.00505	0.01197	0.01234	0.01654	0.05597	0.05346	0.03176	0.68137	0.03978	0.00761	0.00767	0.01194	0.00511	0.00505
44	0.73574	0.01587	0.01294	0.01257	0.04709	0.01826	0.00957	0.02390	0.01404	0.03593	0.01149	0.01352	0.00898	0.00752	0.00517	0.00251	0.00644	0.00453	0.00497	0.00898
45	0.31079	0.01909	0.01856	0.01492	0.02056	0.02139	0.01228	0.36491	0.02756	0.04421	0.01683	0.01779	0.01235	0.00889	0.00679	0.00243	0.00759	0.00622	0.05534	0.01150
46	0.01761	0.01440	0.01691	0.01211	0.01929	0.01086	0.00971	0.02119	0.01708	0.05211	0.01512	0.01726	0.01234	0.00617	0.00610	0.00125	0.00604	0.00494	0.00502	0.73449
47	0.01295	0.00997	0.01443	0.04675	0.01705	0.01174	0.01108	0.04472	0.01432	0.02037	0.02099	0.03112	0.01952	0.08189	0.56383	0.01143	0.04711	0.00862	0.00448	0.00761
48	0.01234	0.00804	0.01058	0.01094	0.01235	0.00743	0.00774	0.01479	0.01891	0.06712	0.29543	0.36867	0.05977	0.05306	0.01134	0.00315	0.00464	0.01814	0.00815	0.00741
49	0.03641	0.01381	0.01883	0.01444	0.02071	0.01193	0.01193	0.03954	0.02322	0.66984	0.03201	0.02762	0.02009	0.01004	0.00816	0.00251	0.00690	0.00816	0.01004	0.01381
50	0.01481	0.00753	0.00767	0.00779	0.00959	0.00750	0.00578	0.01845	0.01693	0.02968	0.02756	0.07074	0.02276	0.01041	0.00595	0.00197	0.00384	0.00849	0.71504	0.00750
51	0.01201	0.00856	0.01240	0.01240	0.01390	0.00984	0.00962	0.01501	0.01351	0.02017	0.02229	0.03169	0.02035	0.05484	0.60344	0.01174	0.01963	0.00856	0.09278	0.00728
52	0.05075	0.01191	0.01238	0.01076	0.01396	0.01256	0.00839	0.17380	0.02205	0.05557	0.02422	0.02813	0.01905	0.05151	0.00846	0.00243	0.00551	0.00764	0.47168	0.00922
53	0.00997	0.00710	0.00939	0.01119	0.01164	0.00665	0.00742	0.01132	0.01537	0.02049	0.04388	0.68055	0.05260	0.05586	0.01172	0.00350	0.00485	0.02257	0.00742	0.00652
54	0.48278	0.01495	0.01464	0.01215	0.01767	0.01573	0.01002	0.03002	0.01751	0.28553	0.01945	0.01886	0.01323	0.00852	0.00626	0.00251	0.00652	0.00588	0.00700	0.01076
55	0.01460	0.01014	0.01142	0.01082	0.01253	0.01026	0.00735	0.05414	0.08991	0.05366	0.06240	0.11731	0.11525	0.36604	0.02522	0.00533	0.00673	0.01301	0.00652	0.00734
56	0.01224	0.00840	0.01071	0.01062	0.01259	0.00755	0.00773	0.01501	0.01976	0.06050	0.33011	0.27328	0.13375	0.01923	0.00962	0.00277	0.00440	0.01702	0.00820	0.03651
57	0.00959	0.00822	0.00822	0.00822	0.01096	0.00685	0.00617	0.01165	0.01850	0.02192	0.08220	0.07809	0.66092	0.02055	0.00959	0.00274	0.00411	0.01713	0.00754	0.00685
58	0.01005	0.00776	0.00918	0.00983	0.01150	0.00689	0.00699	0.01216	0.01809	0.02333	0.17019	0.33244	0.30886	0.02183	0.00990	0.00293	0.00430	0.01911	0.00778	0.00689
59	0.00989	0.00706	0.00942	0.01130	0.01177	0.00659	0.00753	0.01130	0.01554	0.02071	0.04472	0.70954	0.05367	0.02542	0.01036	0.00330	0.00471	0.02307	0.00753	0.00659
60	0.00989	0.00706	0.00942	0.01130	0.01177	0.00659	0.00753	0.01130	0.01554	0.02071	0.04472	0.70954	0.05367	0.02542	0.01036	0.00330	0.00471	0.02307	0.00753	0.00659
61	0.03031	0.03867	0.02299	0.02090	0.02508	0.68226	0.01568	0.03240	0.02299	0.01986	0.01254	0.01463	0.01045	0.00836	0.00732	0.00209	0.01463	0.00523	0.00418	0.00941
62	0.01134	0.00829	0.01065	0.01006	0.01203	0.00759	0.00754	0.01503	0.02263	0.03173	0.61577	0.06195	0.12123	0.01689	0.00957	0.00257	0.00385	0.01486	0.00883	0.00759
63	0.01155	0.00829	0.01158	0.01182	0.01289	0.00916	0.00866	0.01376	0.01329	0.01896	0.02559	0.12277	0.02631	0.17585	0.45013	0.01038	0.01625	0.01107	0.03496	0.00674
64	0.01532	0.01442	0.02434	0.69533	0.05589	0.01803	0.02253	0.02073	0.01622	0.02073	0.01442	0.02163	0.01082	0.00811	0.00811	0.00270	0.01082	0.00721	0.00361	0.00901
65	0.03085	0.02273	0.02435	0.01867	0.02516	0.02516	0.01542	0.63716	0.03815	0.05114	0.01948	0.01948	0.01380	0.00974	0.00812	0.00244	0.00893	0.00731	0.00812	0.01380
66	0.01775	0.01775	0.02485	0.02130	0.02130	0.02485	0.01775	0.01953	0.01243	0.01953	0.01065	0.01775	0.01065	0.01420	0.02663	0.00355	0.69998	0.00710	0.00355	0.00888
67	0.03085	0.02273	0.02435	0.01867	0.02516	0.02516	0.01542	0.63716	0.03815	0.05114	0.01948	0.01948	0.01380	0.00974	0.00812	0.00244	0.00893	0.00731	0.00812	0.01380
68	0.01161	0.00873	0.01087	0.01166	0.01371	0.00818	0.00950	0.01454	0.01873	0.02400	0.13526	0.08048	0.25769	0.06560	0.01238	0.00351	0.00588	0.29302	0.00752	0.00712
69	0.02018	0.01743	0.01835	0.01651	0.02110	0.02018	0.01284	0.04312	0.64956	0.03394	0.03303	0.03027	0.02477	0.01101	0.00826	0.00275	0.00642	0.00917	0.00826	0.01284
70	0.01311	0.01067	0.05090	0.01166	0.01438	0.00870	0.00974	0.01723	0.02220	0.06148	0.52884	0.05961	0.06689	0.01634	0.00956	0.00267	0.00483	0.07448	0.00851	0.00819
71	0.03251	0.01295	0.01758	0.01378	0.01937	0.01126	0.01126	0.03576	0.02318	0.57020	0.13018	0.03278	0.02892	0.01107	0.00838	0.00252	0.00642	0.00918	0.00987	0.01285
72	0.01289	0.00928	0.01282	0.01459	0.01651	0.00921	0.01271	0.01654	0.01867	0.02416	0.04502	0.09083	0.07886	0.02232	0.01112	0.00368	0.00730	0.57858	0.00748	0.00744
73	0.02040	0.02147	0.06300	0.06756	0.57291	0.06190	0.02448	0.02529	0.01863	0.02585	0.01503	0.01964	0.01251	0.00735	0.00797	0.00241	0.01011	0.00704	0.00399	0.01247
74	0.19743	0.01607	0.01773	0.01455	0.02014	0.01679	0.01181	0.09922	0.17988	0.30307	0.02630	0.02419	0.01806	0.00969	0.00747	0.00256	0.00685	0.00748	0.00826	0.01243
75	0.01915	0.02189	0.04788	0.03420	0.04241	0.02052	0.63475	0.02599	0.01915	0.02599	0.01642	0.02189	0.01231	0.00684	0.00958	0.00274	0.01368	0.00958	0.00410	0.01094
76	0.02922	0.01482	0.01865	0.01399	0.02061	0.01274	0.01145	0.08702	0.02239	0.39432	0.02488	0.02320	0.01676	0.00864	0.00742	0.00206	0.00678	0.00694	0.00808	0.27002
77	0.01625	0.01541	0.02584	0.55428	0.15923	0.01854	0.02273	0.02140	0.01645	0.02167	0.01440	0.02119	0.01116	0.00823	0.00892	0.00269	0.04104	0.00721	0.00367	0.00967
78	0.01524	0.00765	0.01083	0.01079	0.01151	0.00749	0.00756	0.01363	0.01283	0.05896	0.02041	0.08512	0.01999	0.02464	0.02485	0.53938	0.00654	0.03766	0.07990	0.00503
79	0.01905	0.15247	0.44902	0.02024	0.03010	0.02081	0.02413	0.08080	0.01910	0.05320	0.01658	0.04947	0.01306	0.00869	0.00746	0.00245	0.01060	0.00672	0.00432	0.01171
80	0.01431	0.00875	0.01159	0.01153	0.01357	0.00794	0.00848	0.01698	0.01932	0.10989	0.25600	0.34021	0.05539	0.01948	0.00968	0.00288	0.00487	0.04497	0.00824	0.03592
81	0.01219	0.00871	0.01206	0.01393	0.01541	0.00858	0.01154	0.01528	0.01781	0.02329	0.04345	0.26276	0.04863	0.02325	0.01097	0.00361	0.00671	0.44709	0.00749	0.00723
82	0.02040	0.37348	0.31534	0.01795	0.02704	0.02487	0.02075	0.02601	0.01725	0.06901	0.01421	0.01586	0.01105	0.00750	0.00651	0.00215	0.00999	0.00534	0.00393	0.01135
83	0.04994	0.01692	0.02353	0.48830	0.04591	0.04686	0.01994	0.13075	0.02060	0.05742	0.01594	0.02091	0.01168	0.00848	0.00796	0.00261	0.01028	0.00708	0.00479	0.01009
84	0.01814	0.01396	0.01586	0.01427	0.01803	0.01489	0.01104	0.06892	0.31087	0.05598	0.14388	0.09695	0.03523	0.01421	0.00986	0.04252	0.00603	0.03645	0.00784	0.06506
85	0.07706	0.16822	0.28468	0.02057	0.02916	0.02031	0.12644	0.02488	0.01728	0.05586	0.01660	0.05857	0.01368	0.00848	0.00742	0.00240	0.01021	0.00722	0.00430	0.04666
86	0.01159	0.00836	0.01099	0.01051	0.01242	0.00776	0.00801	0.01541	0.02269	0.03201	0.62021	0.06260	0.07464	0.01696	0.00968	0.00263	0.00406	0.05298	0.00884	0.00764
87	0.01176	0.00804	0.00974	0.00974	0.01005	0.00835	0.00603	0.01237	0.01206	0.01639	0.02475	0.04859	0.02754	0.57576	0.17769	0.00897	0.01082	0.01114	0.00480	0.00541
88	0.01216	0.00933	0.01460	0.01389	0.01571	0.01056	0.04264	0.01530	0.01355	0.01976	0.02168	0.03128	0.01989	0.05556	0.61498	0.01197	0.02045	0.00869	0.04055	0.00745
89	0.02362	0.01193	0.01513	0.01302	0.01713	0.01128	0.01040	0.02946	0.10537	0.30525	0.17061	0.04417	0.06563	0.03916	0.00992	0.00284	0.00598	0.06331	0.04497	0.01084
90	0.77215	0.01569	0.01193	0.01067	0.01569	0.01820	0.00879	0.02385	0.01381	0.03641	0.01130	0.01318	0.00879	0.00753	0.00502	0.00251	0.00628	0.00439	0.00502	0.00879
91	0.01928	0.01117	0.01369	0.01199	0.01557	0.01053	0.00933	0.05274	0.07956	0.19812	0.26254	0.08920	0.16239	0.01531	0.00906	0.00263	0.00522	0.01307	0.00878	0.00982
92	0.02868	0.01314	0.01693	0.01367	0.01875	0.01206	0.01102	0.07965	0.04719	0.43067	0.12711	0.06845	0.07096	0.01244	0.00857	0.00257	0.00631	0.01039	0.00938	0.01207
93	0.01135	0.00747	0.00998	0.01141	0.01225	0.00692	0.00777	0.01297	0.01629	0.05526	0.07284	0.64347	0.05298	0.02420	0.01020	0.00322	0.00478	0.02189	0.00773	0.00702
94	0.01198	0.00885	0.01161	0.01292	0.01486	0.00848	0.01081	0.01517	0.01866	0.02402	0.09110	0.13766	0.17874	0.02189	0.01069	0.00341	0.00630	0.39799	0.00758	0.00728
95	0.01933	0.01025	0.01327	0.01163	0.01483	0.00938	0.00892	0.02324	0.04589	0.22596	0.34792	0.08101	0.07805	0.05992	0.01117	0.00293	0.00519	0.01279	0.00886	0.00948
96	0.01296	0.00874	0.01115	0.01161	0.01323	0.00830	0.00846	0.04467	0.01892	0.05888	0.17427	0.38416	0.09236	0.04824	0.01119	0.00324	0.00516	0.06900	0.00788	0.00757
97	0.77215	0.01569	0.01193	0.01067	0.01569	0.01820	0.00879	0.02385	0.01381	0.03641	0.01130	0.01318	0.00879	0.00753	0.00502	0.00251	0.00628	0.00439	0.00502	0.00879
98	0.02466	0.01946	0.02067	0.01712	0.02251	0.02187	0.01373	0.32008	0.33213	0.04142	0.02908	0.02755	0.05067	0.01088	0.00826	0.00260	0.00748	0.00869	0.00816	0.01300
99	0.01096	0.00816	0.01027	0.01080	0.01227	0.00768	0.00769	0.01441	0.04910	0.02603	0.28528	0.35933	0.12607	0.02081	0.00987	0.00292	0.00439	0.01853	0.00811	0.00733
100	0.01057	0.00735	0.00921	0.01043	0.01073	0.00704	0.00660	0.01148	0.01421	0.01894	0.03790	0.47584	0.04506	0.27085	0.02137	0.00492	0.00583	0.01906	0.00660	0.00599
101	0.01148	0.00829	0.01085	0.01021	0.01212	0.00766	0.00766	0.01531	0.02297	0.03254	0.65994	0.06061	0.07656	0.01659	0.00957	0.00255	0.00383	0.01467	0.00893	0.00766
102	0.01097	0.00811	0.01012	0.00994	0.01172	0.00739	0.00725	0.01401	0.02074	0.02844	0.45377	0.14373	0.17248	0.05145	0.01117	0.00293	0.00418	0.01600	0.00833	0.00726
103	0.03007	0.02235	0.02392	0.01851	0.02487	0.02480	0.01524	0.59422	0.08234	0.04990	0.02046	0.02026	0.01459	0.00983	0.00813	0.00246	0.00875	0.00744	0.00813	0.01373
104	0.03085	0.02273	0.02435	0.01867	0.02516	0.02516	0.01542	0.63716	0.03815	0.05114	0.01948	0.01948	0.01380	0.00974	0.00812	0.00244	0.00893	0.00731	0.00812	0.01380
105	0.01180	0.00787	0.00885	0.00885	0.00885	0.00787	0.00492	0.01180	0.01180	0.01573	0.02557	0.05310	0.02950	0.71483	0.04130	0.00787	0.00787	0.01180	0.00492	0.00492
106	0.01017	0.00736	0.00978	0.01124	0.01193	0.00711	0.00766	0.01174	0.01520	0.02031	0.04293	0.56136	0.08018	0.06222	0.09514	0.00469	0.00694	0.02044	0.00701	0.00661
107	0.03641	0.01381	0.01883	0.01444	0.02071	0.01193	0.01193	0.03954	0.02322	0.66984	0.03201	0.02762	0.02009	0.01004	0.00816	0.00251	0.00690	0.00816	0.01004	0.01381
108	0.00989	0.00706	0.00942	0.01130	0.01177	0.00659	0.00753	0.01130	0.01554	0.02071	0.04472	0.70954	0.05367	0.02542	0.01036	0.00330	0.00471	0.02307	0.00753	0.00659
109	0.77215	0.01569	0.01193	0.01067	0.01569	0.01820	0.00879	0.02385	0.01381	0.03641	0.01130	0.01318	0.00879	0.00753	0.00502	0.00251	0.00628	0.00439	0.00502	0.00879
110	0.01170	0.00790	0.00891	0.00888	0.00907	0.00782	0.00508	0.01194	0.01253	0.01668	0.05436	0.05438	0.05577	0.65883	0.03875	0.00745	0.00755	0.01213	0.00519	0.00511
111	0.02018	0.01743	0.01835	0.01651	0.02110	0.02018	0.01284	0.04312	0.64956	0.03394	0.03303	0.03027	0.02477	0.01101	0.00826	0.00275	0.00642	0.00917	0.00826	0.01284
112	0.77215	0.01569	0.01193	0.01067	0.01569	0.01820	0.00879	0.02385	0.01381	0.03641	0.01130	0.01318	0.00879	0.00753	0.00502	0.00251	0.00628	0.00439	0.00502	0.00879
113	0.02018	0.01743	0.01835	0.01651	0.02110	0.02018	0.01284	0.04312	0.64956	0.03394	0.03303	0.03027	0.02477	0.01101	0.00826	0.00275	0.00642	0.00917	0.00826	0.01284
114	0.01180	0.00787	0.00885	0.00885	0.00885	0.00787	0.00492	0.01180	0.01180	0.01573	0.02557	0.05310	0.02950	0.71483	0.04130	0.00787	0.00787	0.01180	0.00492	0.00492
115	0.00989	0.00706	0.00942	0.01130	0.01177	0.00659	0.00753	0.01130	0.01554	0.02071	0.04472	0.70954	0.05367	0.02542	0.01036	0.00330	0.00471	0.02307	0.00753	0.00659

[dist]
# distance from previous block
# <min> <max>
0	28

[block]
# block no. 2 follows, 23 sequences, length 66
# corresponding to MSA columns:
# 224-289
name=unknown_C
#
# <colnr> <probs for GDERKNQSTAVLIFYWHMCP>
#	G	D	E	R	K	N	Q	S	T	A	V	L	I	F	Y	W	H	M	C	P
0	0.77215	0.01569	0.01193	0.01067	0.01569	0.01820	0.00879	0.02385	0.01381	0.03641	0.01130	0.01318	0.00879	0.00753	0.00502	0.00251	0.00628	0.00439	0.00502	0.00879
1	0.02169	0.71972	0.04252	0.01388	0.02083	0.03211	0.01388	0.02430	0.01649	0.01909	0.01128	0.01302	0.01041	0.00694	0.00521	0.00174	0.00868	0.00434	0.00347	0.01041
2	0.01192	0.00918	0.01367	0.01348	0.01485	0.01093	0.01055	0.01476	0.01301	0.01887	0.02114	0.03112	0.01977	0.05837	0.64767	0.01253	0.05793	0.00861	0.00430	0.00733
3	0.01180	0.00787	0.00885	0.00885	0.00885	0.00787	0.00492	0.01180	0.01180	0.01573	0.02557	0.05310	0.02950	0.71483	0.04130	0.00787	0.00787	0.01180	0.00492	0.00492
4	0.77215	0.01569	0.01193	0.01067	0.01569	0.01820	0.00879	0.02385	0.01381	0.03641	0.01130	0.01318	0.00879	0.00753	0.00502	0.00251	0.00628	0.00439	0.00502	0.00879
5	0.00960	0.00817	0.00827	0.00834	0.01099	0.00684	0.00622	0.01163	0.01838	0.02187	0.08071	0.10326	0.63672	0.02074	0.00962	0.00276	0.00413	0.01736	0.00753	0.00684
6	0.00989	0.00706	0.00942	0.01130	0.01177	0.00659	0.00753	0.01130	0.01554	0.02071	0.04472	0.70954	0.05367	0.02542	0.01036	0.00330	0.00471	0.02307	0.00753	0.00659
7	0.01326	0.00992	0.01480	0.01582	0.01797	0.00982	0.04655	0.01706	0.01856	0.02421	0.04160	0.11567	0.04515	0.02171	0.01108	0.00366	0.00768	0.55056	0.00729	0.00762
8	0.01914	0.38189	0.33282	0.01944	0.05064	0.02553	0.02170	0.02496	0.01686	0.02240	0.01294	0.01517	0.01044	0.00731	0.00646	0.00214	0.01024	0.00521	0.00347	0.01123
9	0.01751	0.06434	0.42669	0.02733	0.10132	0.02016	0.13227	0.02519	0.01728	0.02513	0.01455	0.01812	0.01093	0.00790	0.00921	0.00261	0.05746	0.00674	0.00362	0.01163
10	0.01977	0.01896	0.03237	0.09256	0.62392	0.01920	0.02475	0.02463	0.01833	0.02613	0.01521	0.02019	0.01272	0.00729	0.00804	0.00243	0.00972	0.00723	0.00399	0.01260
11	0.01136	0.00829	0.01067	0.01008	0.01205	0.00760	0.00756	0.01507	0.02267	0.03184	0.62167	0.06177	0.11527	0.01685	0.00957	0.00256	0.00385	0.01484	0.00884	0.00760
12	0.02121	0.01824	0.01894	0.01773	0.04795	0.05524	0.01323	0.06063	0.51195	0.05793	0.03310	0.03089	0.05445	0.01110	0.00825	0.00268	0.00699	0.00917	0.00789	0.01243
13	0.70757	0.01528	0.01216	0.01080	0.01574	0.01747	0.00887	0.02411	0.01461	0.06225	0.04145	0.01592	0.01231	0.00804	0.00536	0.00251	0.00619	0.00501	0.00540	0.00894
14	0.01180	0.00787	0.00885	0.00885	0.00885	0.00787	0.00492	0.01180	0.01180	0.01573	0.02557	0.05310	0.02950	0.71483	0.04130	0.00787	0.00787	0.01180	0.00492	0.00492
15	0.01683	0.01442	0.01683	0.01202	0.01923	0.01082	0.00961	0.02043	0.01683	0.02644	0.01442	0.01683	0.01202	0.00601	0.00601	0.00120	0.00601	0.00481	0.00481	0.76444
16	0.01180	0.00787	0.00885	0.00885	0.00885	0.00787	0.00492	0.01180	0.01180	0.01573	0.02557	0.05310	0.02950	0.71483	0.04130	0.00787	0.00787	0.01180	0.00492	0.00492
17	0.03041	0.03585	0.02324	0.02051	0.02510	0.56573	0.01563	0.13964	0.02568	0.02541	0.01377	0.01549	0.01105	0.00861	0.00746	0.00215	0.01362	0.00559	0.00488	0.01019
18	0.01051	0.00816	0.00956	0.00941	0.01157	0.00721	0.00698	0.01335	0.02036	0.02683	0.35182	0.12149	0.33545	0.01908	0.00964	0.00270	0.00403	0.01645	0.00819	0.00721
19	0.01504	0.01217	0.01403	0.01402	0.01706	0.01296	0.01132	0.02589	0.26528	0.02779	0.06873	0.08838	0.15075	0.01752	0.00967	0.00311	0.00621	0.22279	0.00785	0.00943
20	0.01821	0.25653	0.43759	0.02162	0.06452	0.02309	0.02458	0.02521	0.01700	0.02364	0.01355	0.01598	0.01046	0.00744	0.00693	0.00230	0.01081	0.00553	0.00347	0.01154
21	0.03031	0.03867	0.02299	0.02090	0.02508	0.68226	0.01568	0.03240	0.02299	0.01986	0.01254	0.01463	0.01045	0.00836	0.00732	0.00209	0.01463	0.00523	0.00418	0.00941
22	0.01683	0.01442	0.01683	0.01202	0.01923	0.01082	0.00961	0.02043	0.01683	0.02644	0.01442	0.01683	0.01202	0.00601	0.00601	0.00120	0.00601	0.00481	0.00481	0.76444
23	0.01308	0.00934	0.01308	0.01494	0.01681	0.00934	0.01308	0.01681	0.01868	0.02428	0.04296	0.09153	0.04670	0.02242	0.01121	0.00374	0.00747	0.60960	0.00747	0.00747
24	0.01159	0.00869	0.01304	0.01304	0.01449	0.01014	0.01014	0.01449	0.01304	0.01884	0.02173	0.03188	0.02029	0.06086	0.68268	0.01304	0.02173	0.00869	0.00435	0.00724
25	0.01409	0.00705	0.01057	0.01057	0.01057	0.00705	0.00705	0.01057	0.01057	0.01409	0.01409	0.02467	0.01409	0.02819	0.03171	0.76392	0.00705	0.00705	0.00352	0.00352
26	0.77215	0.01569	0.01193	0.01067	0.01569	0.01820	0.00879	0.02385	0.01381	0.03641	0.01130	0.01318	0.00879	0.00753	0.00502	0.00251	0.00628	0.00439	0.00502	0.00879
27	0.03085	0.02273	0.02435	0.01867	0.02516	0.02516	0.01542	0.63716	0.03815	0.05114	0.01948	0.01948	0.01380	0.00974	0.00812	0.00244	0.00893	0.00731	0.00812	0.01380
28	0.02082	0.01729	0.01837	0.01643	0.02108	0.01986	0.01281	0.04298	0.62487	0.05900	0.03299	0.03017	0.02458	0.01097	0.00825	0.00274	0.00644	0.00913	0.00833	0.01288
29	0.08372	0.01357	0.01787	0.01402	0.01990	0.01206	0.01148	0.03700	0.02219	0.59324	0.03132	0.06305	0.02113	0.01070	0.00807	0.00255	0.00675	0.00871	0.00958	0.01309
30	0.02919	0.03702	0.02219	0.02022	0.02432	0.64562	0.01516	0.03128	0.02275	0.01997	0.01632	0.01808	0.04574	0.00902	0.00744	0.00213	0.01406	0.00587	0.00436	0.00927
31	0.01159	0.00869	0.01304	0.01304	0.01449	0.01014	0.01014	0.01449	0.01304	0.01884	0.02173	0.03188	0.02029	0.06086	0.68268	0.01304	0.02173	0.00869	0.00435	0.00724
32	0.00989	0.00706	0.00942	0.01130	0.01177	0.00659	0.00753	0.01130	0.01554	0.02071	0.04472	0.70954	0.05367	0.02542	0.01036	0.00330	0.00471	0.02307	0.00753	0.00659
33	0.77215	0.01569	0.01193	0.01067	0.01569	0.01820	0.00879	0.02385	0.01381	0.03641	0.01130	0.01318	0.00879	0.00753	0.00502	0.00251	0.00628	0.00439	0.00502	0.00879
34	0.00989	0.00706	0.00942	0.01130	0.01177	0.00659	0.00753	0.01130	0.01554	0.02071	0.04472	0.70954	0.05367	0.02542	0.01036	0.00330	0.00471	0.02307	0.00753	0.00659
35	0.03641	0.01381	0.01883	0.01444	0.02071	0.01193	0.01193	0.03954	0.02322	0.66984	0.03201	0.02762	0.02009	0.01004	0.00816	0.00251	0.00690	0.00816	0.01004	0.01381
36	0.01004	0.00713	0.00937	0.01110	0.01153	0.00670	0.00732	0.01134	0.01523	0.02030	0.04313	0.65507	0.05166	0.08262	0.01292	0.00367	0.00497	0.02213	0.00732	0.00645
37	0.01111	0.00868	0.01034	0.01108	0.01342	0.00791	0.00908	0.01395	0.01879	0.02341	0.09450	0.08275	0.38001	0.02112	0.01025	0.00314	0.00548	0.26025	0.00758	0.00714
38	0.43181	0.02482	0.01711	0.01538	0.01974	0.27857	0.01208	0.02691	0.01731	0.02881	0.01174	0.01405	0.00956	0.00830	0.00735	0.00242	0.05549	0.00490	0.00460	0.00904
39	0.03590	0.01462	0.01933	0.01482	0.02112	0.01313	0.01224	0.09399	0.02458	0.61347	0.03087	0.02688	0.01951	0.01002	0.00816	0.00250	0.00709	0.00808	0.00987	0.01381
40	0.03085	0.02273	0.02435	0.01867	0.02516	0.02516	0.01542	0.63716	0.03815	0.05114	0.01948	0.01948	0.01380	0.00974	0.00812	0.00244	0.00893	0.00731	0.00812	0.01380
41	0.01683	0.01442	0.01683	0.01202	0.01923	0.01082	0.00961	0.02043	0.01683	0.02644	0.01442	0.01683	0.01202	0.00601	0.00601	0.00120	0.00601	0.00481	0.00481	0.76444
42	0.01633	0.00938	0.01231	0.01096	0.01377	0.00847	0.00844	0.01995	0.02283	0.15806	0.51126	0.05483	0.09024	0.01546	0.00929	0.00255	0.00445	0.01349	0.00909	0.00884
43	0.77215	0.01569	0.01193	0.01067	0.01569	0.01820	0.00879	0.02385	0.01381	0.03641	0.01130	0.01318	0.00879	0.00753	0.00502	0.00251	0.00628	0.00439	0.00502	0.00879
44	0.01025	0.00740	0.00970	0.01091	0.01182	0.00685	0.00750	0.01227	0.01743	0.02358	0.19251	0.52849	0.08492	0.02312	0.01014	0.00310	0.00447	0.02082	0.00787	0.00685
45	0.01134	0.00855	0.01053	0.01019	0.01224	0.00793	0.00758	0.01541	0.04771	0.02949	0.46689	0.12150	0.18460	0.01792	0.00959	0.00266	0.00407	0.01568	0.00851	0.00762
46	0.00989	0.00706	0.00942	0.01130	0.01177	0.00659	0.00753	0.01130	0.01554	0.02071	0.04472	0.70954	0.05367	0.02542	0.01036	0.00330	0.00471	0.02307	0.00753	0.00659
47	0.02071	0.01769	0.01865	0.01662	0.02130	0.02043	0.01297	0.07255	0.61926	0.03480	0.03235	0.02974	0.02423	0.01095	0.00825	0.00274	0.00655	0.00908	0.00825	0.01289
48	0.07129	0.01422	0.01794	0.01430	0.01985	0.01337	0.01162	0.09270	0.05476	0.46945	0.07202	0.06407	0.02461	0.01117	0.00820	0.00256	0.00672	0.00914	0.00930	0.01271
49	0.01144	0.00875	0.01047	0.01020	0.01239	0.00812	0.00774	0.01542	0.04910	0.02801	0.38090	0.06660	0.24689	0.04872	0.01104	0.00294	0.00449	0.06109	0.00819	0.00751
50	0.01148	0.00829	0.01085	0.01021	0.01212	0.00766	0.00766	0.01531	0.02297	0.03254	0.65994	0.06061	0.07656	0.01659	0.00957	0.00255	0.00383	0.01467	0.00893	0.00766
51	0.16102	0.01413	0.01766	0.01380	0.01986	0.01299	0.01139	0.03689	0.02163	0.56255	0.02850	0.02517	0.01817	0.00962	0.00763	0.00251	0.00680	0.00752	0.00919	0.01296
52	0.01381	0.00888	0.01150	0.01140	0.01343	0.00831	0.00847	0.01751	0.04588	0.09132	0.31957	0.26487	0.08453	0.01899	0.00971	0.00286	0.00472	0.04770	0.00843	0.00810
53	0.03040	0.01560	0.01874	0.01478	0.02033	0.01547	0.01207	0.20817	0.05956	0.35650	0.05546	0.02717	0.02109	0.01023	0.00793	0.00243	0.00696	0.00818	0.09616	0.01276
54	0.01159	0.00869	0.01304	0.01304	0.01449	0.01014	0.01014	0.01449	0.01304	0.01884	0.02173	0.03188	0.02029	0.06086	0.68268	0.01304	0.02173	0.00869	0.00435	0.00724
55	0.01987	0.01900	0.03256	0.13120	0.51023	0.01947	0.07003	0.05139	0.01910	0.02680	0.01543	0.02039	0.01259	0.00743	0.00816	0.00247	0.01007	0.00741	0.00415	0.01225
56	0.01130	0.00823	0.01063	0.01015	0.01204	0.00756	0.00757	0.01492	0.02236	0.03138	0.59835	0.09347	0.10713	0.01724	0.00961	0.00260	0.00389	0.01522	0.00879	0.00756
57	0.03641	0.01381	0.01883	0.01444	0.02071	0.01193	0.01193	0.03954	0.02322	0.66984	0.03201	0.02762	0.02009	0.01004	0.00816	0.00251	0.00690	0.00816	0.01004	0.01381
58	0.00965	0.00800	0.00844	0.00880	0.01111	0.00680	0.00642	0.01158	0.01794	0.02169	0.07516	0.19663	0.54692	0.02146	0.00973	0.00284	0.00422	0.01824	0.00753	0.00680
59	0.02174	0.01583	0.02185	0.13302	0.07173	0.04270	0.06868	0.10161	0.04880	0.14593	0.02717	0.03762	0.04789	0.08344	0.01210	0.00326	0.00895	0.09078	0.00649	0.01040
60	0.01174	0.00809	0.00997	0.00997	0.01035	0.00847	0.00631	0.01252	0.01213	0.01656	0.02454	0.04744	0.02704	0.54032	0.21246	0.00925	0.01157	0.01097	0.00476	0.00554
61	0.01627	0.04197	0.67279	0.02313	0.03512	0.01884	0.02998	0.02570	0.01713	0.02570	0.01456	0.01713	0.01028	0.00771	0.00771	0.00257	0.01199	0.00600	0.00343	0.01199
62	0.77215	0.01569	0.01193	0.01067	0.01569	0.01820	0.00879	0.02385	0.01381	0.03641	0.01130	0.01318	0.00879	0.00753	0.00502	0.00251	0.00628	0.00439	0.00502	0.00879
63	0.01779	0.01439	0.01734	0.04903	0.02129	0.01127	0.01044	0.02147	0.01713	0.06046	0.01536	0.01766	0.01238	0.00634	0.00624	0.00135	0.00632	0.00512	0.00502	0.68361
64	0.01210	0.00842	0.00982	0.00959	0.00969	0.00877	0.00575	0.01240	0.01242	0.01682	0.05795	0.05159	0.03095	0.64049	0.03885	0.00736	0.04501	0.01170	0.00505	0.00527
65	0.01926	0.01645	0.01759	0.01615	0.02037	0.01888	0.01257	0.04002	0.58233	0.03272	0.03418	0.07014	0.02748	0.01238	0.00852	0.00283	0.00638	0.04134	0.00818	0.01222

[dist]
# distance from previous block
# <min> <max>
0	32

[block]
# block no. 3 follows, 23 sequences, length 12
# corresponding to MSA columns:
# 323-334
name=unknown_D
#
# <colnr> <probs for GDERKNQSTAVLIFYWHMCP>
#	G	D	E	R	K	N	Q	S	T	A	V	L	I	F	Y	W	H	M	C	P
0	0.01727	0.03349	0.45265	0.02265	0.03133	0.01957	0.06257	0.02451	0.01668	0.04644	0.03786	0.01948	0.01322	0.00942	0.01188	0.00278	0.15626	0.00683	0.00392	0.01118
1	0.01866	0.05873	0.16094	0.04304	0.07814	0.01687	0.18878	0.02385	0.01793	0.09831	0.02316	0.16537	0.02133	0.01162	0.00941	0.00274	0.03434	0.01090	0.00530	0.01056
2	0.00981	0.00823	0.00852	0.00845	0.01109	0.00694	0.00634	0.01207	0.01901	0.02314	0.14878	0.07608	0.59358	0.02009	0.00959	0.00272	0.00408	0.01684	0.00770	0.00694
3	0.01238	0.00990	0.01542	0.15648	0.02319	0.01180	0.01275	0.01580	0.01371	0.01923	0.02020	0.02972	0.01829	0.04977	0.54087	0.01087	0.01944	0.00838	0.00419	0.00762
4	0.01799	0.01724	0.05505	0.31631	0.04044	0.01797	0.13724	0.02717	0.15033	0.06144	0.02152	0.06466	0.01709	0.00960	0.00854	0.00274	0.00991	0.00902	0.00527	0.01045
5	0.02037	0.02948	0.28137	0.05098	0.03649	0.02076	0.25048	0.15417	0.02226	0.03097	0.01628	0.01955	0.01179	0.00783	0.00850	0.00261	0.01193	0.00764	0.00467	0.01187
6	0.01467	0.01368	0.02194	0.47649	0.11654	0.01582	0.01937	0.01930	0.01696	0.02165	0.02877	0.03332	0.14772	0.01063	0.00841	0.00268	0.00927	0.00930	0.00448	0.00900
7	0.02877	0.02067	0.02087	0.01683	0.02239	0.09670	0.01369	0.35338	0.03044	0.16418	0.02879	0.03022	0.08312	0.01140	0.00834	0.00251	0.00863	0.03888	0.00794	0.01225
8	0.02042	0.01818	0.03019	0.08718	0.03152	0.01898	0.25374	0.18001	0.02280	0.03160	0.02039	0.08374	0.01715	0.01009	0.00965	0.00265	0.04905	0.00961	0.09246	0.01060
9	0.02146	0.01473	0.02108	0.26978	0.03286	0.01734	0.01654	0.07302	0.01876	0.16060	0.01933	0.02306	0.01428	0.01007	0.01161	0.00271	0.15052	0.00744	0.10462	0.01018
10	0.02057	0.01683	0.05174	0.13254	0.16059	0.01664	0.01647	0.14086	0.02143	0.06362	0.01911	0.02247	0.01464	0.00865	0.00792	0.00230	0.02902	0.00711	0.17790	0.06960
11	0.02235	0.02000	0.03113	0.04326	0.52987	0.02052	0.02291	0.15362	0.02261	0.03169	0.01615	0.01996	0.01305	0.00776	0.00805	0.00242	0.00949	0.00725	0.00488	0.01305

[dist]
# distance from previous block
# <min> <max>
0	28

# created by:
# /st0/software/busco_prod/Augustus/scripts/msa2prfl.pl ./align_prep/107030.fa
