[name]
unknown

[dist]
# distance from previous block
# <min> <max>
0	38

[block]
# block no. 0 follows, 25 sequences, length 211
# corresponding to MSA columns:
# 38-248
name=unknown_A
#
# <colnr> <probs for GDERKNQSTAVLIFYWHMCP>
#	G	D	E	R	K	N	Q	S	T	A	V	L	I	F	Y	W	H	M	C	P
0	0.00955	0.00685	0.00898	0.01057	0.01113	0.00638	0.00707	0.01095	0.01506	0.02004	0.06391	0.65334	0.07467	0.04818	0.01087	0.00326	0.00455	0.02120	0.00715	0.00628
1	0.00945	0.00675	0.00900	0.01080	0.01125	0.00630	0.00720	0.01080	0.01484	0.01979	0.04274	0.72245	0.05128	0.02429	0.00990	0.00315	0.00450	0.02204	0.00720	0.00630
2	0.03035	0.02032	0.02240	0.01718	0.02335	0.02197	0.01419	0.55231	0.03412	0.15315	0.02058	0.01989	0.01417	0.00936	0.00776	0.00234	0.00821	0.00711	0.00806	0.01319
3	0.01249	0.00892	0.01249	0.01428	0.01606	0.00892	0.01249	0.01606	0.01785	0.02320	0.04105	0.08746	0.04462	0.02142	0.01071	0.00357	0.00714	0.62695	0.00714	0.00714
4	0.03479	0.01320	0.01799	0.01380	0.01979	0.01140	0.01140	0.03779	0.02219	0.68451	0.03059	0.02639	0.01919	0.00960	0.00780	0.00240	0.00660	0.00780	0.00960	0.01320
5	0.03219	0.01261	0.01719	0.01356	0.01905	0.01097	0.01114	0.03517	0.02174	0.61248	0.05340	0.05615	0.02319	0.01081	0.00803	0.00247	0.00644	0.03152	0.00938	0.01251
6	0.01700	0.01619	0.02751	0.36625	0.37761	0.01785	0.02271	0.02188	0.01662	0.02267	0.01420	0.01990	0.01134	0.00731	0.00771	0.00244	0.00975	0.00690	0.00365	0.01051
7	0.01756	0.00937	0.01229	0.01080	0.01383	0.00838	0.00837	0.02081	0.02141	0.21599	0.42154	0.07674	0.10207	0.01469	0.00879	0.00247	0.00455	0.01275	0.00868	0.00889
8	0.01970	0.01099	0.01492	0.01446	0.07248	0.00984	0.01021	0.02295	0.02034	0.23928	0.26880	0.04332	0.08419	0.04042	0.00957	0.00257	0.00555	0.03554	0.00788	0.06698
9	0.01074	0.00763	0.00949	0.00945	0.01059	0.00718	0.00648	0.01292	0.01761	0.02429	0.36341	0.15810	0.08718	0.22003	0.01790	0.00400	0.00490	0.01458	0.00717	0.00638
10	0.01608	0.01378	0.01608	0.01148	0.01837	0.01034	0.00919	0.01952	0.01608	0.02527	0.01378	0.01608	0.01148	0.00574	0.00574	0.00115	0.00574	0.00459	0.00459	0.77491
11	0.01870	0.01710	0.02735	0.09952	0.41066	0.01835	0.02051	0.02264	0.01639	0.05020	0.01424	0.01892	0.01191	0.00827	0.01093	0.00244	0.14392	0.00672	0.00401	0.07722
12	0.11215	0.59594	0.05816	0.01346	0.01993	0.05451	0.01327	0.02351	0.01571	0.02047	0.01093	0.01265	0.00976	0.00678	0.00511	0.00179	0.00834	0.00424	0.00352	0.00978
13	0.01108	0.00828	0.01231	0.01231	0.01364	0.00961	0.00950	0.01375	0.01242	0.01789	0.02091	0.03123	0.01972	0.08356	0.67183	0.01227	0.02027	0.00842	0.00417	0.00684
14	0.01464	0.01378	0.02326	0.70887	0.05340	0.01723	0.02153	0.01981	0.01550	0.01981	0.01378	0.02067	0.01034	0.00775	0.00775	0.00258	0.01034	0.00689	0.00345	0.00861
15	0.01112	0.00812	0.01152	0.01152	0.01258	0.00918	0.00852	0.01324	0.01218	0.01730	0.02163	0.03524	0.02146	0.21587	0.54190	0.01130	0.01765	0.00901	0.00428	0.00640
16	0.72143	0.01487	0.01185	0.01039	0.01532	0.01687	0.00855	0.02327	0.01367	0.06069	0.01172	0.01329	0.00896	0.00724	0.00496	0.00235	0.00601	0.00436	0.00498	0.03921
17	0.01853	0.01600	0.01681	0.01519	0.01944	0.01833	0.01179	0.03895	0.61663	0.03157	0.03508	0.03235	0.07253	0.01120	0.00798	0.00263	0.00597	0.00934	0.00784	0.01184
18	0.02755	0.03178	0.02242	0.01965	0.02353	0.49430	0.01519	0.13869	0.02325	0.02418	0.01292	0.01517	0.01057	0.00892	0.00943	0.00223	0.10040	0.00557	0.00458	0.00966
19	0.01464	0.01378	0.02326	0.70887	0.05340	0.01723	0.02153	0.01981	0.01550	0.01981	0.01378	0.02067	0.01034	0.00775	0.00775	0.00258	0.01034	0.00689	0.00345	0.00861
20	0.01608	0.01378	0.01608	0.01148	0.01837	0.01034	0.00919	0.01952	0.01608	0.02527	0.01378	0.01608	0.01148	0.00574	0.00574	0.00115	0.00574	0.00459	0.00459	0.77491
21	0.01347	0.00673	0.01010	0.01010	0.01010	0.00673	0.00673	0.01010	0.01010	0.01347	0.01347	0.02357	0.01347	0.02694	0.03030	0.77441	0.00673	0.00673	0.00337	0.00337
22	0.02010	0.01706	0.01799	0.01594	0.02047	0.01967	0.01247	0.09042	0.61458	0.03376	0.03052	0.02810	0.02283	0.01042	0.00788	0.00261	0.00633	0.00862	0.00788	0.01235
23	0.01596	0.01491	0.11828	0.01360	0.01832	0.01047	0.05915	0.01977	0.01856	0.13664	0.16340	0.07478	0.20444	0.05473	0.01029	0.00277	0.00648	0.01176	0.00677	0.03891
24	0.03162	0.01519	0.02114	0.01604	0.02220	0.04414	0.08210	0.03499	0.02140	0.54268	0.02711	0.02461	0.01750	0.00896	0.00779	0.00233	0.00761	0.00763	0.00842	0.05656
25	0.03479	0.01320	0.01799	0.01380	0.01979	0.01140	0.01140	0.03779	0.02219	0.68451	0.03059	0.02639	0.01919	0.00960	0.00780	0.00240	0.00660	0.00780	0.00960	0.01320
26	0.01861	0.01811	0.03174	0.12066	0.55565	0.01839	0.07577	0.02343	0.01747	0.02467	0.01459	0.01950	0.01202	0.00697	0.00781	0.00236	0.00966	0.00709	0.00380	0.01172
27	0.01448	0.01342	0.02245	0.65684	0.05061	0.01660	0.02086	0.01953	0.01568	0.02006	0.01582	0.02567	0.01290	0.00878	0.00797	0.00266	0.01010	0.05334	0.00372	0.00850
28	0.01301	0.00958	0.01488	0.11334	0.02061	0.00952	0.06180	0.01562	0.01609	0.07028	0.03681	0.44266	0.06461	0.01899	0.00940	0.00298	0.00635	0.05936	0.00657	0.00755
29	0.02896	0.03695	0.02197	0.01998	0.02397	0.69638	0.01498	0.03096	0.02197	0.01898	0.01199	0.01398	0.00999	0.00799	0.00699	0.00200	0.01398	0.00499	0.00400	0.00899
30	0.01608	0.01378	0.01608	0.01148	0.01837	0.01034	0.00919	0.01952	0.01608	0.02527	0.01378	0.01608	0.01148	0.00574	0.00574	0.00115	0.00574	0.00459	0.00459	0.77491
31	0.01582	0.01351	0.01580	0.01146	0.01810	0.01018	0.00911	0.01918	0.01603	0.02505	0.01492	0.04379	0.01305	0.00647	0.00591	0.00123	0.00569	0.00528	0.00470	0.74475
32	0.78228	0.01499	0.01140	0.01020	0.01499	0.01739	0.00840	0.02279	0.01320	0.03479	0.01080	0.01260	0.00840	0.00720	0.00480	0.00240	0.00600	0.00420	0.00480	0.00840
33	0.01829	0.01740	0.02956	0.09501	0.59381	0.01763	0.02267	0.02275	0.01733	0.02460	0.01615	0.05979	0.01438	0.00797	0.00781	0.00237	0.00902	0.00778	0.00400	0.01166
34	0.01780	0.01749	0.02768	0.28404	0.33635	0.04799	0.04614	0.02302	0.03979	0.02289	0.01457	0.01979	0.01174	0.00776	0.00876	0.00248	0.05041	0.00696	0.00382	0.01051
35	0.01464	0.01378	0.02326	0.70887	0.05340	0.01723	0.02153	0.01981	0.01550	0.01981	0.01378	0.02067	0.01034	0.00775	0.00775	0.00258	0.01034	0.00689	0.00345	0.00861
36	0.01545	0.01488	0.02383	0.63704	0.09932	0.03930	0.02149	0.02047	0.01587	0.02020	0.01378	0.02034	0.01047	0.00770	0.00772	0.00254	0.01037	0.00683	0.00349	0.00890
37	0.01862	0.01775	0.03017	0.07673	0.62084	0.01788	0.02297	0.02321	0.01774	0.02533	0.04340	0.02095	0.01485	0.00734	0.00774	0.00232	0.00902	0.00722	0.00402	0.01189
38	0.01084	0.00792	0.01018	0.00961	0.01150	0.00726	0.00721	0.01437	0.02163	0.03033	0.63037	0.05917	0.11832	0.01613	0.00915	0.00245	0.00368	0.01420	0.00844	0.00726
39	0.01262	0.00819	0.00957	0.00923	0.00950	0.00841	0.00555	0.01283	0.01181	0.04636	0.02409	0.04813	0.02698	0.66289	0.03738	0.00710	0.03831	0.01092	0.00487	0.00526
40	0.01091	0.00792	0.01027	0.00968	0.01154	0.00729	0.00726	0.01450	0.02179	0.03071	0.65263	0.05855	0.09582	0.01599	0.00915	0.00245	0.00367	0.01411	0.00849	0.00729
41	0.01585	0.07995	0.65010	0.02159	0.03277	0.01874	0.02776	0.02448	0.01633	0.02419	0.01373	0.01614	0.00983	0.00732	0.00723	0.00241	0.01128	0.00564	0.00328	0.01137
42	0.01682	0.01512	0.01642	0.01197	0.01870	0.04984	0.00952	0.02018	0.01642	0.02490	0.01368	0.01596	0.01140	0.00587	0.00581	0.00120	0.00622	0.00462	0.00456	0.73081
43	0.00944	0.00782	0.00829	0.00843	0.01080	0.00667	0.00632	0.01154	0.01781	0.02173	0.12121	0.11931	0.56389	0.01973	0.00927	0.00267	0.00405	0.03712	0.00730	0.00661
44	0.05608	0.07140	0.12440	0.01472	0.02166	0.01400	0.01393	0.03239	0.01991	0.44663	0.02422	0.02232	0.01593	0.00858	0.00722	0.00224	0.00739	0.00677	0.00750	0.08273
45	0.02123	0.01939	0.01963	0.01759	0.07233	0.15284	0.01284	0.07938	0.01906	0.07367	0.01536	0.01799	0.01243	0.01131	0.05796	0.00261	0.06598	0.00575	0.00493	0.31771
46	0.01577	0.06188	0.60596	0.04837	0.03320	0.01870	0.02725	0.02403	0.01609	0.02386	0.01361	0.01643	0.00986	0.00767	0.00820	0.00248	0.04643	0.00577	0.00329	0.01115
47	0.02085	0.64548	0.08316	0.01425	0.02106	0.06816	0.01440	0.02375	0.01615	0.01871	0.01106	0.01279	0.00994	0.00676	0.00525	0.00173	0.00883	0.00430	0.00335	0.01000
48	0.01347	0.00673	0.01010	0.01010	0.01010	0.00673	0.00673	0.01010	0.01010	0.01347	0.01347	0.02357	0.01347	0.02694	0.03030	0.77441	0.00673	0.00673	0.00337	0.00337
49	0.02420	0.01910	0.02125	0.04164	0.02333	0.02148	0.01409	0.36866	0.19715	0.03919	0.02077	0.02106	0.01546	0.00965	0.00911	0.00241	0.06644	0.00725	0.00703	0.07070
50	0.01080	0.00782	0.01010	0.00972	0.01141	0.00722	0.00716	0.01410	0.02088	0.02931	0.58292	0.10805	0.09177	0.04194	0.01028	0.00268	0.00387	0.01461	0.00825	0.00712
51	0.01061	0.00726	0.00872	0.00934	0.00957	0.00707	0.00569	0.01123	0.01295	0.01734	0.05551	0.29095	0.03813	0.44947	0.02776	0.00577	0.00629	0.01523	0.00574	0.00537
52	0.01699	0.01618	0.02750	0.36749	0.37644	0.01784	0.02270	0.02187	0.01661	0.02266	0.01420	0.01991	0.01134	0.00732	0.00771	0.00244	0.00976	0.00690	0.00365	0.01051
53	0.78228	0.01499	0.01140	0.01020	0.01499	0.01739	0.00840	0.02279	0.01320	0.03479	0.01080	0.01260	0.00840	0.00720	0.00480	0.00240	0.00600	0.00420	0.00480	0.00840
54	0.02073	0.73217	0.04063	0.01327	0.01990	0.03068	0.01327	0.02322	0.01575	0.01824	0.01078	0.01244	0.00995	0.00663	0.00498	0.00166	0.00829	0.00415	0.00332	0.00995
55	0.01606	0.01350	0.01667	0.06696	0.02098	0.01495	0.03477	0.02931	0.35151	0.02928	0.15585	0.04425	0.03562	0.01318	0.00868	0.00276	0.00640	0.12182	0.00740	0.01004
56	0.01097	0.00793	0.01036	0.00975	0.01158	0.00732	0.00732	0.01463	0.02195	0.03109	0.67505	0.05792	0.07316	0.01585	0.00914	0.00244	0.00366	0.01402	0.00854	0.00732
57	0.01576	0.03867	0.63927	0.02289	0.03408	0.01813	0.07526	0.02458	0.01651	0.02458	0.01405	0.01671	0.00997	0.00730	0.00750	0.00247	0.01158	0.00599	0.00332	0.01138
58	0.00923	0.00786	0.00795	0.00793	0.01051	0.00657	0.00594	0.01126	0.01783	0.02133	0.10105	0.07399	0.65326	0.01949	0.00916	0.00261	0.00392	0.01628	0.00725	0.00657
59	0.00945	0.00675	0.00900	0.01080	0.01125	0.00630	0.00720	0.01080	0.01484	0.01979	0.04274	0.72245	0.05128	0.02429	0.00990	0.00315	0.00450	0.02204	0.00720	0.00630
60	0.03001	0.01793	0.02193	0.01943	0.09285	0.01845	0.01435	0.32836	0.05232	0.28780	0.02322	0.02202	0.01577	0.00920	0.00777	0.00236	0.00778	0.00735	0.00804	0.01306
61	0.72451	0.01449	0.01148	0.01037	0.01491	0.01682	0.00849	0.02212	0.01314	0.03353	0.01154	0.01393	0.00922	0.01101	0.05663	0.00315	0.00710	0.00451	0.00475	0.00829
62	0.01951	0.01903	0.03116	0.04669	0.65764	0.04067	0.02351	0.02403	0.01780	0.02512	0.01450	0.01902	0.01221	0.00694	0.00765	0.00229	0.00937	0.00685	0.00384	0.01217
63	0.02036	0.68279	0.08678	0.01390	0.02088	0.02978	0.01436	0.02331	0.01580	0.01869	0.01100	0.01272	0.00994	0.00669	0.00515	0.00172	0.00852	0.00426	0.00331	0.01006
64	0.01946	0.01958	0.07929	0.06765	0.49473	0.01799	0.05395	0.05320	0.01856	0.05231	0.01748	0.02121	0.03409	0.00760	0.00779	0.00236	0.00931	0.00728	0.00431	0.01187
65	0.78228	0.01499	0.01140	0.01020	0.01499	0.01739	0.00840	0.02279	0.01320	0.03479	0.01080	0.01260	0.00840	0.00720	0.00480	0.00240	0.00600	0.00420	0.00480	0.00840
66	0.01919	0.01842	0.03147	0.04759	0.67914	0.01842	0.02380	0.02380	0.01765	0.02533	0.01458	0.01919	0.01228	0.00691	0.00768	0.00230	0.00921	0.00691	0.00384	0.01228
67	0.01825	0.02077	0.04497	0.03224	0.03981	0.01976	0.62842	0.02462	0.01807	0.02462	0.01549	0.02077	0.01171	0.00679	0.00973	0.00264	0.03798	0.00907	0.00390	0.01039
68	0.78228	0.01499	0.01140	0.01020	0.01499	0.01739	0.00840	0.02279	0.01320	0.03479	0.01080	0.01260	0.00840	0.00720	0.00480	0.00240	0.00600	0.00420	0.00480	0.00840
69	0.01919	0.01842	0.03147	0.04759	0.67914	0.01842	0.02380	0.02380	0.01765	0.02533	0.01458	0.01919	0.01228	0.00691	0.00768	0.00230	0.00921	0.00691	0.00384	0.01228
70	0.01090	0.00792	0.01027	0.00968	0.01154	0.00729	0.00726	0.01450	0.02178	0.03070	0.65177	0.05857	0.09668	0.01600	0.00915	0.00245	0.00367	0.01411	0.00848	0.00729
71	0.01700	0.01280	0.01350	0.01208	0.01568	0.03879	0.00937	0.05411	0.20756	0.10156	0.15624	0.04813	0.25325	0.01428	0.00849	0.00253	0.00543	0.01192	0.00780	0.00949
72	0.01830	0.02092	0.04575	0.03268	0.04052	0.01961	0.65098	0.02484	0.01830	0.02484	0.01569	0.02092	0.01176	0.00654	0.00915	0.00261	0.01307	0.00915	0.00392	0.01046
73	0.01097	0.00793	0.01036	0.00975	0.01158	0.00732	0.00732	0.01463	0.02195	0.03109	0.67505	0.05792	0.07316	0.01585	0.00914	0.00244	0.00366	0.01402	0.00854	0.00732
74	0.01077	0.00754	0.00837	0.00846	0.00899	0.00727	0.00506	0.01122	0.01270	0.01642	0.03589	0.08900	0.15551	0.55445	0.03208	0.00634	0.00667	0.01281	0.00531	0.00514
75	0.01464	0.01378	0.02326	0.70887	0.05340	0.01723	0.02153	0.01981	0.01550	0.01981	0.01378	0.02067	0.01034	0.00775	0.00775	0.00258	0.01034	0.00689	0.00345	0.00861
76	0.01909	0.01745	0.02153	0.18914	0.02821	0.09727	0.01624	0.02202	0.01535	0.07611	0.01403	0.01886	0.01154	0.01033	0.01495	0.00270	0.30984	0.00655	0.04248	0.06632
77	0.01464	0.01378	0.02326	0.70887	0.05340	0.01723	0.02153	0.01981	0.01550	0.01981	0.01378	0.02067	0.01034	0.00775	0.00775	0.00258	0.01034	0.00689	0.00345	0.00861
78	0.02898	0.03639	0.02202	0.01990	0.02397	0.67170	0.01497	0.05381	0.02250	0.02007	0.01223	0.01415	0.01010	0.00804	0.00702	0.00201	0.01378	0.00507	0.00413	0.00914
79	0.01347	0.00673	0.01010	0.01010	0.01010	0.00673	0.00673	0.01010	0.01010	0.01347	0.01347	0.02357	0.01347	0.02694	0.03030	0.77441	0.00673	0.00673	0.00337	0.00337
80	0.01097	0.00793	0.01036	0.00975	0.01158	0.00732	0.00732	0.01463	0.02195	0.03109	0.67505	0.05792	0.07316	0.01585	0.00914	0.00244	0.00366	0.01402	0.00854	0.00732
81	0.00949	0.00793	0.00831	0.00841	0.01093	0.00675	0.00643	0.01165	0.01790	0.02161	0.10573	0.07470	0.60089	0.01957	0.00927	0.00268	0.00414	0.05970	0.00726	0.00663
82	0.00975	0.00703	0.00924	0.01048	0.01129	0.00652	0.00718	0.01160	0.01642	0.02218	0.17532	0.56137	0.07808	0.02237	0.00971	0.00298	0.00430	0.02017	0.00748	0.00652
83	0.01807	0.08595	0.52003	0.02145	0.03170	0.01876	0.07079	0.04826	0.01763	0.07444	0.01524	0.01725	0.01080	0.00749	0.00737	0.00240	0.01088	0.00606	0.00396	0.01147
84	0.78228	0.01499	0.01140	0.01020	0.01499	0.01739	0.00840	0.02279	0.01320	0.03479	0.01080	0.01260	0.00840	0.00720	0.00480	0.00240	0.00600	0.00420	0.00480	0.00840
85	0.00945	0.00675	0.00900	0.01080	0.01125	0.00630	0.00720	0.01080	0.01484	0.01979	0.04274	0.72245	0.05128	0.02429	0.00990	0.00315	0.00450	0.02204	0.00720	0.00630
86	0.02896	0.03695	0.02197	0.01998	0.02397	0.69638	0.01498	0.03096	0.02197	0.01898	0.01199	0.01398	0.00999	0.00799	0.00699	0.00200	0.01398	0.00499	0.00400	0.00899
87	0.02149	0.01616	0.01760	0.01550	0.02011	0.01816	0.01215	0.04072	0.57377	0.12510	0.03142	0.02857	0.02303	0.01039	0.00788	0.00260	0.00620	0.00863	0.00813	0.01240
88	0.01696	0.01696	0.02375	0.02036	0.02036	0.02375	0.01696	0.01866	0.01187	0.01866	0.01018	0.01696	0.01018	0.01357	0.02545	0.00339	0.71332	0.00679	0.00339	0.00848
89	0.01217	0.00962	0.01339	0.01279	0.01356	0.01159	0.00965	0.01401	0.01204	0.01733	0.01987	0.03346	0.02010	0.22769	0.40439	0.00955	0.13919	0.00883	0.00416	0.00661
90	0.01482	0.01377	0.02307	0.60693	0.09784	0.01669	0.02103	0.01983	0.01584	0.02048	0.01588	0.02556	0.01305	0.00871	0.00797	0.00264	0.01001	0.05334	0.00375	0.00878
91	0.01136	0.00865	0.01290	0.06426	0.01632	0.01006	0.01012	0.01406	0.01258	0.01786	0.02058	0.03158	0.01951	0.11543	0.58521	0.01127	0.01878	0.00847	0.00415	0.00685
92	0.00971	0.00788	0.00862	0.00843	0.01081	0.00678	0.00632	0.01219	0.01897	0.02403	0.26001	0.06954	0.49260	0.01849	0.00916	0.00256	0.00385	0.01565	0.00761	0.00678
93	0.78228	0.01499	0.01140	0.01020	0.01499	0.01739	0.00840	0.02279	0.01320	0.03479	0.01080	0.01260	0.00840	0.00720	0.00480	0.00240	0.00600	0.00420	0.00480	0.00840
94	0.01891	0.01878	0.02893	0.19306	0.49046	0.06894	0.02263	0.02344	0.01750	0.02362	0.01421	0.01913	0.01168	0.00718	0.00764	0.00234	0.00982	0.00676	0.00376	0.01122
95	0.02358	0.07146	0.02097	0.01604	0.02125	0.02091	0.01300	0.21837	0.38256	0.08719	0.02615	0.02448	0.01923	0.00980	0.00763	0.00245	0.00703	0.00782	0.00764	0.01244
96	0.33304	0.05319	0.04850	0.03720	0.01964	0.05670	0.01219	0.04727	0.01600	0.09909	0.01495	0.04407	0.01224	0.00905	0.00878	0.00242	0.10710	0.00601	0.00507	0.06748
97	0.02102	0.61852	0.09026	0.01453	0.02133	0.08603	0.01463	0.02398	0.01633	0.01880	0.01113	0.01288	0.00994	0.00681	0.00534	0.00175	0.00902	0.00434	0.00337	0.00999
98	0.01181	0.00877	0.01259	0.01237	0.01384	0.01009	0.00952	0.03874	0.01331	0.01899	0.02096	0.03151	0.01980	0.10637	0.62051	0.01169	0.01930	0.00848	0.00434	0.00700
99	0.01577	0.01436	0.02255	0.54916	0.07124	0.01663	0.01952	0.05162	0.01672	0.02226	0.01405	0.01986	0.01072	0.00751	0.00746	0.00236	0.00955	0.00657	0.00384	0.11827
100	0.78228	0.01499	0.01140	0.01020	0.01499	0.01739	0.00840	0.02279	0.01320	0.03479	0.01080	0.01260	0.00840	0.00720	0.00480	0.00240	0.00600	0.00420	0.00480	0.00840
101	0.01953	0.01668	0.01840	0.01612	0.02055	0.04345	0.04393	0.06045	0.47996	0.05634	0.03344	0.03360	0.07181	0.01133	0.00814	0.00263	0.00677	0.03789	0.00752	0.01146
102	0.01108	0.00831	0.01246	0.01246	0.01385	0.00969	0.00969	0.01385	0.01246	0.01800	0.02077	0.03046	0.01938	0.05815	0.69678	0.01246	0.02077	0.00831	0.00415	0.00692
103	0.00947	0.00782	0.00830	0.00827	0.01068	0.00666	0.00617	0.01168	0.01826	0.02254	0.17329	0.09636	0.55532	0.01920	0.00919	0.00261	0.00391	0.01620	0.00742	0.00666
104	0.03110	0.01355	0.01759	0.01366	0.01939	0.01218	0.01120	0.07803	0.04600	0.53514	0.05373	0.02838	0.04541	0.01002	0.00779	0.00235	0.00647	0.00816	0.00903	0.05081
105	0.02792	0.02277	0.02290	0.06978	0.02609	0.10449	0.01518	0.50803	0.05646	0.04247	0.01793	0.01859	0.01298	0.00908	0.00767	0.00232	0.00924	0.00680	0.00698	0.01230
106	0.01555	0.04011	0.68733	0.02210	0.03356	0.01801	0.02865	0.02455	0.01637	0.02455	0.01391	0.01637	0.00982	0.00737	0.00737	0.00246	0.01146	0.00573	0.00327	0.01146
107	0.03435	0.01498	0.01829	0.01426	0.02011	0.06271	0.01166	0.03728	0.02218	0.63466	0.02920	0.02546	0.01850	0.00948	0.00774	0.00237	0.00715	0.00759	0.00918	0.01288
108	0.01608	0.01378	0.01608	0.01148	0.01837	0.01034	0.00919	0.01952	0.01608	0.02527	0.01378	0.01608	0.01148	0.00574	0.00574	0.00115	0.00574	0.00459	0.00459	0.77491
109	0.00954	0.00701	0.00895	0.01029	0.01116	0.00642	0.00702	0.01117	0.01586	0.02093	0.10202	0.57303	0.14234	0.02290	0.00973	0.00301	0.00434	0.02054	0.00731	0.00642
110	0.00968	0.00691	0.00926	0.01106	0.01161	0.00650	0.00760	0.01119	0.01507	0.02005	0.04261	0.67448	0.05078	0.02407	0.00996	0.00318	0.00470	0.06774	0.00719	0.00636
111	0.00971	0.00707	0.00932	0.01060	0.01142	0.00668	0.00730	0.01145	0.01561	0.02091	0.10915	0.55507	0.09622	0.02562	0.06122	0.00373	0.00559	0.01977	0.00711	0.00647
112	0.01712	0.01663	0.02579	0.40287	0.22113	0.04752	0.04542	0.02366	0.07938	0.02272	0.01572	0.02078	0.01220	0.00775	0.00777	0.00249	0.00988	0.00708	0.00403	0.01007
113	0.02111	0.58109	0.08767	0.01536	0.02228	0.05743	0.05114	0.02431	0.01647	0.04500	0.01212	0.01383	0.01041	0.00686	0.00559	0.00182	0.00899	0.00473	0.00362	0.01018
114	0.01016	0.00789	0.00924	0.00890	0.01109	0.00697	0.00668	0.01306	0.02003	0.02655	0.40812	0.06539	0.34293	0.01755	0.00915	0.00252	0.00378	0.01507	0.00794	0.00697
115	0.03126	0.01704	0.02044	0.03812	0.02274	0.01736	0.01321	0.30439	0.05177	0.36326	0.02489	0.02293	0.01646	0.00945	0.00778	0.00238	0.00754	0.00745	0.00854	0.01301
116	0.00945	0.00675	0.00900	0.01080	0.01125	0.00630	0.00720	0.01080	0.01484	0.01979	0.04274	0.72245	0.05128	0.02429	0.00990	0.00315	0.00450	0.02204	0.00720	0.00630
117	0.00993	0.00788	0.00892	0.00866	0.01094	0.00687	0.00650	0.01262	0.01949	0.02526	0.33203	0.06752	0.41982	0.01803	0.00916	0.00254	0.00381	0.01537	0.00777	0.00687
118	0.02073	0.73217	0.04063	0.01327	0.01990	0.03068	0.01327	0.02322	0.01575	0.01824	0.01078	0.01244	0.00995	0.00663	0.00498	0.00166	0.00829	0.00415	0.00332	0.00995
119	0.01608	0.01378	0.01608	0.01148	0.01837	0.01034	0.00919	0.01952	0.01608	0.02527	0.01378	0.01608	0.01148	0.00574	0.00574	0.00115	0.00574	0.00459	0.00459	0.77491
120	0.02445	0.01771	0.01939	0.01596	0.02107	0.01952	0.01282	0.28950	0.29253	0.10700	0.07436	0.02661	0.02262	0.01033	0.00792	0.00247	0.00698	0.00833	0.00806	0.01237
121	0.02073	0.73217	0.04063	0.01327	0.01990	0.03068	0.01327	0.02322	0.01575	0.01824	0.01078	0.01244	0.00995	0.00663	0.00498	0.00166	0.00829	0.00415	0.00332	0.00995
122	0.01498	0.01413	0.02387	0.65934	0.10027	0.01732	0.02170	0.02011	0.01567	0.02022	0.01384	0.02056	0.01048	0.00769	0.00775	0.00256	0.01025	0.00689	0.00347	0.00889
123	0.01872	0.01818	0.03159	0.04487	0.60425	0.01803	0.07005	0.02336	0.01770	0.02512	0.01725	0.02156	0.03909	0.00740	0.00785	0.00234	0.00929	0.00746	0.00398	0.01191
124	0.01608	0.01378	0.01608	0.01148	0.01837	0.01034	0.00919	0.01952	0.01608	0.02527	0.01378	0.01608	0.01148	0.00574	0.00574	0.00115	0.00574	0.00459	0.00459	0.77491
125	0.01986	0.01653	0.01755	0.01571	0.02015	0.01899	0.01224	0.04107	0.64128	0.05662	0.03152	0.02883	0.02350	0.01049	0.00789	0.00262	0.00615	0.00873	0.00795	0.01231
126	0.01680	0.12047	0.46473	0.02339	0.03345	0.01992	0.16596	0.02445	0.01673	0.02385	0.01393	0.01691	0.01027	0.00709	0.00747	0.00239	0.01143	0.00630	0.00342	0.01105
127	0.01190	0.00926	0.01098	0.01031	0.01269	0.00901	0.00780	0.01805	0.12053	0.02929	0.45756	0.05674	0.18477	0.01578	0.00895	0.00250	0.00409	0.01367	0.00817	0.00793
128	0.06021	0.06101	0.54810	0.02237	0.03284	0.01862	0.10188	0.02444	0.01640	0.02495	0.01384	0.01656	0.00998	0.00723	0.00735	0.00244	0.01123	0.00600	0.00344	0.01111
129	0.01347	0.00673	0.01010	0.01010	0.01010	0.00673	0.00673	0.01010	0.01010	0.01347	0.01347	0.02357	0.01347	0.02694	0.03030	0.77441	0.00673	0.00673	0.00337	0.00337
130	0.01653	0.01570	0.02666	0.43501	0.31254	0.01772	0.02247	0.02146	0.01639	0.02210	0.01411	0.02006	0.01114	0.00740	0.00772	0.00247	0.00987	0.00690	0.00361	0.01013
131	0.01122	0.00776	0.00967	0.00967	0.01009	0.00818	0.00621	0.01205	0.01163	0.01593	0.02332	0.04460	0.02552	0.52469	0.23864	0.00902	0.01153	0.01038	0.00453	0.00537
132	0.01929	0.01666	0.01753	0.01578	0.02016	0.01929	0.01227	0.04120	0.66513	0.03243	0.03156	0.02893	0.02367	0.01052	0.00789	0.00263	0.00614	0.00877	0.00789	0.01227
133	0.01555	0.04011	0.68733	0.02210	0.03356	0.01801	0.02865	0.02455	0.01637	0.02455	0.01391	0.01637	0.00982	0.00737	0.00737	0.00246	0.01146	0.00573	0.00327	0.01146
134	0.01555	0.04011	0.68733	0.02210	0.03356	0.01801	0.02865	0.02455	0.01637	0.02455	0.01391	0.01637	0.00982	0.00737	0.00737	0.00246	0.01146	0.00573	0.00327	0.01146
135	0.78228	0.01499	0.01140	0.01020	0.01499	0.01739	0.00840	0.02279	0.01320	0.03479	0.01080	0.01260	0.00840	0.00720	0.00480	0.00240	0.00600	0.00420	0.00480	0.00840
136	0.01593	0.09021	0.64052	0.02146	0.03257	0.01892	0.02753	0.02446	0.01633	0.02410	0.01369	0.01609	0.00983	0.00731	0.00719	0.00240	0.01123	0.00561	0.00328	0.01135
137	0.01603	0.01519	0.02575	0.50776	0.24370	0.01759	0.02222	0.02102	0.01616	0.02149	0.01403	0.02022	0.01093	0.00750	0.00773	0.00250	0.00999	0.00690	0.00356	0.00973
138	0.01097	0.00793	0.01036	0.00975	0.01158	0.00732	0.00732	0.01463	0.02195	0.03109	0.67505	0.05792	0.07316	0.01585	0.00914	0.00244	0.00366	0.01402	0.00854	0.00732
139	0.01464	0.01378	0.02326	0.70887	0.05340	0.01723	0.02153	0.01981	0.01550	0.01981	0.01378	0.02067	0.01034	0.00775	0.00775	0.00258	0.01034	0.00689	0.00345	0.00861
140	0.01097	0.00793	0.01036	0.00975	0.01158	0.00732	0.00732	0.01463	0.02195	0.03109	0.67505	0.05792	0.07316	0.01585	0.00914	0.00244	0.00366	0.01402	0.00854	0.00732
141	0.02947	0.02172	0.02327	0.01784	0.02404	0.02404	0.01474	0.65329	0.03646	0.04887	0.01862	0.01862	0.01319	0.00931	0.00776	0.00233	0.00853	0.00698	0.00776	0.01319
142	0.01410	0.00936	0.01182	0.01143	0.01360	0.00911	0.00855	0.04010	0.07887	0.08636	0.32395	0.24953	0.05416	0.01730	0.00915	0.00270	0.00470	0.03893	0.00809	0.00819
143	0.01464	0.01378	0.02326	0.70887	0.05340	0.01723	0.02153	0.01981	0.01550	0.01981	0.01378	0.02067	0.01034	0.00775	0.00775	0.00258	0.01034	0.00689	0.00345	0.00861
144	0.01929	0.01666	0.01753	0.01578	0.02016	0.01929	0.01227	0.04120	0.66513	0.03243	0.03156	0.02893	0.02367	0.01052	0.00789	0.00263	0.00614	0.00877	0.00789	0.01227
145	0.78228	0.01499	0.01140	0.01020	0.01499	0.01739	0.00840	0.02279	0.01320	0.03479	0.01080	0.01260	0.00840	0.00720	0.00480	0.00240	0.00600	0.00420	0.00480	0.00840
146	0.01464	0.01356	0.02272	0.68561	0.05193	0.01689	0.02100	0.01975	0.01553	0.02011	0.01416	0.02094	0.01065	0.00779	0.00767	0.00256	0.01011	0.00690	0.02888	0.00857
147	0.00926	0.00781	0.00802	0.00807	0.01056	0.00657	0.00601	0.01127	0.01773	0.02134	0.10294	0.10405	0.62057	0.01969	0.00920	0.00264	0.00394	0.01653	0.00726	0.00657
148	0.00936	0.00786	0.00813	0.00806	0.01059	0.00663	0.00605	0.01151	0.01814	0.02205	0.14323	0.07281	0.61062	0.01923	0.00916	0.00260	0.00390	0.01611	0.00734	0.00663
149	0.01672	0.01494	0.01637	0.01191	0.01865	0.04466	0.00948	0.02010	0.01637	0.02495	0.01369	0.01597	0.01141	0.00585	0.00580	0.00119	0.00615	0.00461	0.00456	0.73658
150	0.01919	0.01842	0.03147	0.04759	0.67914	0.01842	0.02380	0.02380	0.01765	0.02533	0.01458	0.01919	0.01228	0.00691	0.00768	0.00230	0.00921	0.00691	0.00384	0.01228
151	0.01608	0.01378	0.01608	0.01148	0.01837	0.01034	0.00919	0.01952	0.01608	0.02527	0.01378	0.01608	0.01148	0.00574	0.00574	0.00115	0.00574	0.00459	0.00459	0.77491
152	0.01188	0.01033	0.04491	0.01098	0.01364	0.00864	0.00879	0.01655	0.05739	0.02901	0.47750	0.13288	0.05983	0.01540	0.00882	0.00244	0.00445	0.01359	0.00777	0.06518
153	0.01103	0.00776	0.00973	0.00944	0.01056	0.00744	0.00649	0.01330	0.01763	0.02462	0.40245	0.07705	0.05475	0.26603	0.04499	0.00460	0.00566	0.01313	0.00699	0.00635
154	0.01658	0.02811	0.31612	0.02646	0.03539	0.01801	0.33794	0.02395	0.01775	0.02519	0.06432	0.02175	0.01554	0.00759	0.00839	0.00253	0.01168	0.00806	0.00399	0.01065
155	0.01464	0.01378	0.02326	0.70887	0.05340	0.01723	0.02153	0.01981	0.01550	0.01981	0.01378	0.02067	0.01034	0.00775	0.00775	0.00258	0.01034	0.00689	0.00345	0.00861
156	0.01680	0.01552	0.02529	0.46417	0.22312	0.01773	0.02137	0.05738	0.01732	0.02318	0.01428	0.02000	0.01107	0.00754	0.00767	0.00245	0.00977	0.00683	0.00384	0.03469
157	0.02073	0.73217	0.04063	0.01327	0.01990	0.03068	0.01327	0.02322	0.01575	0.01824	0.01078	0.01244	0.00995	0.00663	0.00498	0.00166	0.00829	0.00415	0.00332	0.00995
158	0.78228	0.01499	0.01140	0.01020	0.01499	0.01739	0.00840	0.02279	0.01320	0.03479	0.01080	0.01260	0.00840	0.00720	0.00480	0.00240	0.00600	0.00420	0.00480	0.00840
159	0.00934	0.00786	0.00809	0.00804	0.01058	0.00662	0.00603	0.01146	0.01808	0.02192	0.13554	0.07302	0.61840	0.01928	0.00916	0.00260	0.00390	0.01614	0.00733	0.00662
160	0.01054	0.00791	0.00976	0.00930	0.01132	0.00713	0.00697	0.01379	0.02092	0.02866	0.53207	0.06192	0.21766	0.01676	0.00915	0.00248	0.00372	0.01458	0.00822	0.00713
161	0.01613	0.01390	0.01655	0.05181	0.02046	0.01109	0.01002	0.02042	0.04230	0.02524	0.01450	0.01686	0.01191	0.00605	0.00594	0.00129	0.00602	0.00489	0.00466	0.69993
162	0.01671	0.02651	0.26454	0.02744	0.03600	0.01809	0.38952	0.02372	0.01738	0.02437	0.01703	0.07019	0.01396	0.00811	0.00859	0.00260	0.01189	0.00890	0.00394	0.01050
163	0.01830	0.02092	0.04575	0.03268	0.04052	0.01961	0.65098	0.02484	0.01830	0.02484	0.01569	0.02092	0.01176	0.00654	0.00915	0.00261	0.01307	0.00915	0.00392	0.01046
164	0.01347	0.00673	0.01010	0.01010	0.01010	0.00673	0.00673	0.01010	0.01010	0.01347	0.01347	0.02357	0.01347	0.02694	0.03030	0.77441	0.00673	0.00673	0.00337	0.00337
165	0.01853	0.01811	0.02840	0.04189	0.57431	0.04867	0.02140	0.02272	0.01786	0.02455	0.02157	0.02511	0.08595	0.00837	0.00781	0.00232	0.00885	0.00787	0.00422	0.01149
166	0.02073	0.73217	0.04063	0.01327	0.01990	0.03068	0.01327	0.02322	0.01575	0.01824	0.01078	0.01244	0.00995	0.00663	0.00498	0.00166	0.00829	0.00415	0.00332	0.00995
167	0.78228	0.01499	0.01140	0.01020	0.01499	0.01739	0.00840	0.02279	0.01320	0.03479	0.01080	0.01260	0.00840	0.00720	0.00480	0.00240	0.00600	0.00420	0.00480	0.00840
168	0.01608	0.01378	0.01608	0.01148	0.01837	0.01034	0.00919	0.01952	0.01608	0.02527	0.01378	0.01608	0.01148	0.00574	0.00574	0.00115	0.00574	0.00459	0.00459	0.77491
169	0.01919	0.01842	0.03147	0.04759	0.67914	0.01842	0.02380	0.02380	0.01765	0.02533	0.01458	0.01919	0.01228	0.00691	0.00768	0.00230	0.00921	0.00691	0.00384	0.01228
170	0.02073	0.73217	0.04063	0.01327	0.01990	0.03068	0.01327	0.02322	0.01575	0.01824	0.01078	0.01244	0.00995	0.00663	0.00498	0.00166	0.00829	0.00415	0.00332	0.00995
171	0.01929	0.01666	0.01753	0.01578	0.02016	0.01929	0.01227	0.04120	0.66513	0.03243	0.03156	0.02893	0.02367	0.01052	0.00789	0.00263	0.00614	0.00877	0.00789	0.01227
172	0.02870	0.02126	0.02286	0.01747	0.02372	0.02326	0.01442	0.61680	0.03528	0.04751	0.01834	0.01847	0.01309	0.00910	0.00764	0.00226	0.00837	0.00684	0.00757	0.05705
173	0.01659	0.01400	0.01619	0.01192	0.01839	0.01130	0.00951	0.04822	0.05463	0.02700	0.04811	0.01902	0.01535	0.00668	0.00612	0.00135	0.00578	0.00541	0.00512	0.65931
174	0.01611	0.09198	0.60932	0.02254	0.06072	0.01899	0.02726	0.02442	0.01638	0.02411	0.01370	0.01619	0.00994	0.00729	0.00720	0.00239	0.01112	0.00566	0.00330	0.01138
175	0.02073	0.73217	0.04063	0.01327	0.01990	0.03068	0.01327	0.02322	0.01575	0.01824	0.01078	0.01244	0.00995	0.00663	0.00498	0.00166	0.00829	0.00415	0.00332	0.00995
176	0.02575	0.01521	0.01772	0.01495	0.02001	0.01599	0.01191	0.03978	0.39696	0.30442	0.03115	0.02787	0.02180	0.01013	0.00785	0.00253	0.00633	0.00836	0.00860	0.01266
177	0.00969	0.00693	0.00921	0.01063	0.01130	0.00646	0.00722	0.01140	0.01597	0.02158	0.14271	0.61738	0.05474	0.02296	0.00978	0.00304	0.00437	0.02077	0.00741	0.00646
178	0.01653	0.03309	0.48981	0.02408	0.06516	0.01736	0.12432	0.02426	0.01687	0.04884	0.01650	0.05825	0.01299	0.00827	0.00782	0.00251	0.01102	0.00734	0.00386	0.01111
179	0.01831	0.01749	0.02939	0.04409	0.62030	0.01738	0.02222	0.02268	0.01766	0.02495	0.02021	0.02407	0.07069	0.00803	0.00781	0.00233	0.00875	0.00774	0.00413	0.01178
180	0.01964	0.01683	0.01773	0.01585	0.02030	0.01945	0.01236	0.06235	0.64342	0.03300	0.03111	0.02857	0.02331	0.01048	0.00788	0.00262	0.00622	0.00870	0.00788	0.01230
181	0.01111	0.00818	0.01182	0.01182	0.01299	0.00935	0.00890	0.01344	0.01227	0.01753	0.02135	0.03368	0.02078	0.16453	0.59231	0.01168	0.01866	0.00878	0.00424	0.00657
182	0.01538	0.01185	0.01401	0.01374	0.04197	0.01234	0.01017	0.02545	0.25525	0.06203	0.25029	0.04880	0.13280	0.01419	0.00868	0.00261	0.00523	0.05785	0.00787	0.00949
183	0.01698	0.01389	0.01622	0.01178	0.01852	0.01080	0.00942	0.02127	0.04655	0.05227	0.01529	0.01709	0.01236	0.00612	0.00593	0.00127	0.00580	0.00492	0.00495	0.70858
184	0.02859	0.02111	0.02260	0.01740	0.02345	0.02328	0.01435	0.62523	0.03563	0.04765	0.02123	0.02106	0.04214	0.00976	0.00782	0.00234	0.00833	0.00739	0.00773	0.01290
185	0.00945	0.00675	0.00900	0.01080	0.01125	0.00630	0.00720	0.01080	0.01484	0.01979	0.04274	0.72245	0.05128	0.02429	0.00990	0.00315	0.00450	0.02204	0.00720	0.00630
186	0.01919	0.01842	0.03147	0.04759	0.67914	0.01842	0.02380	0.02380	0.01765	0.02533	0.01458	0.01919	0.01228	0.00691	0.00768	0.00230	0.00921	0.00691	0.00384	0.01228
187	0.01818	0.01554	0.01657	0.01522	0.01916	0.01782	0.01170	0.03777	0.59174	0.03101	0.03282	0.10720	0.02679	0.01207	0.00812	0.00269	0.00595	0.01026	0.00781	0.01160
188	0.00953	0.00678	0.00897	0.01069	0.01112	0.00635	0.00708	0.01082	0.01468	0.01957	0.04188	0.69117	0.05021	0.05703	0.01127	0.00335	0.00464	0.02154	0.00708	0.00622
189	0.01566	0.03934	0.66170	0.02252	0.03384	0.01807	0.05351	0.02457	0.01645	0.02457	0.01399	0.01655	0.00990	0.00733	0.00744	0.00246	0.01152	0.00587	0.00330	0.01142
190	0.01555	0.04011	0.68733	0.02210	0.03356	0.01801	0.02865	0.02455	0.01637	0.02455	0.01391	0.01637	0.00982	0.00737	0.00737	0.00246	0.01146	0.00573	0.00327	0.01146
191	0.01555	0.04011	0.68733	0.02210	0.03356	0.01801	0.02865	0.02455	0.01637	0.02455	0.01391	0.01637	0.00982	0.00737	0.00737	0.00246	0.01146	0.00573	0.00327	0.01146
192	0.01097	0.00793	0.01036	0.00975	0.01158	0.00732	0.00732	0.01463	0.02195	0.03109	0.67505	0.05792	0.07316	0.01585	0.00914	0.00244	0.00366	0.01402	0.00854	0.00732
193	0.01238	0.00884	0.01236	0.01414	0.01588	0.00882	0.01229	0.01586	0.01773	0.02307	0.04112	0.11224	0.04488	0.02153	0.01068	0.00355	0.00704	0.60335	0.00714	0.00711
194	0.01604	0.10597	0.62579	0.02126	0.03226	0.01921	0.02718	0.02443	0.01631	0.02395	0.01362	0.01600	0.00983	0.00730	0.00714	0.00238	0.01116	0.00558	0.00328	0.01132
195	0.02009	0.01812	0.03070	0.04565	0.64118	0.01802	0.02308	0.02460	0.01792	0.06329	0.01551	0.01960	0.01268	0.00706	0.00768	0.00231	0.00906	0.00696	0.00417	0.01233
196	0.01103	0.00788	0.01081	0.01260	0.01374	0.00766	0.00994	0.01353	0.01640	0.02156	0.04186	0.39323	0.04783	0.02280	0.01032	0.00337	0.00587	0.33567	0.00717	0.00673
197	0.63706	0.01923	0.01343	0.01208	0.01672	0.14828	0.00967	0.02437	0.01489	0.03174	0.01103	0.01286	0.00870	0.00735	0.00522	0.00232	0.00754	0.00435	0.00464	0.00851
198	0.00916	0.00785	0.00785	0.00785	0.01047	0.00655	0.00589	0.01113	0.01767	0.02095	0.07855	0.07462	0.67599	0.01964	0.00916	0.00262	0.00393	0.01636	0.00720	0.00655
199	0.01650	0.02000	0.10852	0.05289	0.09550	0.01680	0.37114	0.02250	0.01864	0.02591	0.14573	0.02755	0.02369	0.00855	0.00876	0.00253	0.01056	0.00943	0.00474	0.01006
200	0.01573	0.06369	0.66530	0.02180	0.03309	0.01844	0.02812	0.02451	0.01635	0.02434	0.01381	0.01624	0.00983	0.00734	0.00728	0.00243	0.01135	0.00568	0.00328	0.01141
201	0.02291	0.16977	0.02401	0.01648	0.02138	0.29172	0.01327	0.02951	0.15832	0.02264	0.01616	0.01730	0.01316	0.00813	0.00723	0.00199	0.03409	0.00564	0.00476	0.12154
202	0.01464	0.01378	0.02326	0.70887	0.05340	0.01723	0.02153	0.01981	0.01550	0.01981	0.01378	0.02067	0.01034	0.00775	0.00775	0.00258	0.01034	0.00689	0.00345	0.00861
203	0.01464	0.01378	0.02326	0.70887	0.05340	0.01723	0.02153	0.01981	0.01550	0.01981	0.01378	0.02067	0.01034	0.00775	0.00775	0.00258	0.01034	0.00689	0.00345	0.00861
204	0.02015	0.01942	0.02556	0.02048	0.02386	0.10728	0.12116	0.02307	0.01578	0.07832	0.01364	0.01792	0.01139	0.01016	0.01586	0.00266	0.33875	0.00671	0.00428	0.12355
205	0.01633	0.01627	0.02945	0.41342	0.15518	0.01831	0.15510	0.02149	0.01625	0.02175	0.01411	0.02026	0.01096	0.00769	0.00905	0.00259	0.05120	0.00737	0.00361	0.00962
206	0.04781	0.01635	0.02493	0.29199	0.27986	0.01829	0.02007	0.04968	0.12442	0.02569	0.01709	0.02108	0.01330	0.00793	0.00763	0.00247	0.00898	0.00711	0.00455	0.01076
207	0.02909	0.02153	0.02305	0.01776	0.02390	0.02387	0.01464	0.63028	0.06008	0.04825	0.01910	0.01900	0.01358	0.00935	0.00776	0.00234	0.00844	0.00705	0.00776	0.01315
208	0.01111	0.00818	0.01181	0.01181	0.01297	0.00934	0.00888	0.01343	0.01227	0.01752	0.02136	0.03376	0.02082	0.16699	0.58990	0.01166	0.01861	0.00879	0.00424	0.00656
209	0.01347	0.00673	0.01010	0.01010	0.01010	0.00673	0.00673	0.01010	0.01010	0.01347	0.01347	0.02357	0.01347	0.02694	0.03030	0.77441	0.00673	0.00673	0.00337	0.00337
210	0.01108	0.00831	0.01246	0.01246	0.01385	0.00969	0.00969	0.01385	0.01246	0.01800	0.02077	0.03046	0.01938	0.05815	0.69678	0.01246	0.02077	0.00831	0.00415	0.00692

[dist]
# distance from previous block
# <min> <max>
0	0

# created by:
# /st0/software/busco_prod/Augustus/scripts/msa2prfl.pl ./align_prep/107103.fa
