[name]
unknown

[dist]
# distance from previous block
# <min> <max>
0	0

[block]
# block no. 0 follows, 23 sequences, length 28
# corresponding to MSA columns:
# 0-27
name=unknown_A
#
# <colnr> <probs for GDERKNQSTAVLIFYWHMCP>
#	G	D	E	R	K	N	Q	S	T	A	V	L	I	F	Y	W	H	M	C	P
0	0.01308	0.00934	0.01308	0.01494	0.01681	0.00934	0.01308	0.01681	0.01868	0.02428	0.04296	0.09153	0.04670	0.02242	0.01121	0.00374	0.00747	0.60960	0.00747	0.00747
1	0.03085	0.02273	0.02435	0.01867	0.02516	0.02516	0.01542	0.63716	0.03815	0.05114	0.01948	0.01948	0.01380	0.00974	0.00812	0.00244	0.00893	0.00731	0.00812	0.01380
2	0.03380	0.01405	0.01856	0.01447	0.02040	0.01267	0.01187	0.06495	0.05549	0.57071	0.07029	0.02943	0.02353	0.01048	0.00825	0.00252	0.00678	0.00858	0.00980	0.01338
3	0.01513	0.00756	0.00756	0.00756	0.00945	0.00756	0.00567	0.01891	0.01702	0.03025	0.02647	0.03025	0.02080	0.00945	0.00567	0.00189	0.00378	0.00756	0.75988	0.00756
4	0.26975	0.02139	0.02027	0.01622	0.02211	0.06133	0.01330	0.40412	0.02942	0.04456	0.01644	0.01717	0.01199	0.00895	0.00707	0.00244	0.00841	0.00625	0.00689	0.01193
5	0.02022	0.53526	0.21405	0.01640	0.02472	0.02850	0.01826	0.02468	0.01666	0.02089	0.01217	0.01414	0.01038	0.00715	0.00589	0.00196	0.00958	0.00479	0.00346	0.01084
6	0.01180	0.00787	0.00885	0.00885	0.00885	0.00787	0.00492	0.01180	0.01180	0.01573	0.02557	0.05310	0.02950	0.71483	0.04130	0.00787	0.00787	0.01180	0.00492	0.00492
7	0.03609	0.01431	0.01914	0.01468	0.02097	0.01268	0.01212	0.07340	0.02407	0.63478	0.03130	0.02716	0.01973	0.01003	0.00816	0.00251	0.00702	0.00811	0.00993	0.01381
8	0.01627	0.04197	0.67279	0.02313	0.03512	0.01884	0.02998	0.02570	0.01713	0.02570	0.01456	0.01713	0.01028	0.00771	0.00771	0.00257	0.01199	0.00600	0.00343	0.01199
9	0.01775	0.01775	0.02485	0.02130	0.02130	0.02485	0.01775	0.01953	0.01243	0.01953	0.01065	0.01775	0.01065	0.01420	0.02663	0.00355	0.69998	0.00710	0.00355	0.00888
10	0.01148	0.00829	0.01085	0.01021	0.01212	0.00766	0.00766	0.01531	0.02297	0.03254	0.65994	0.06061	0.07656	0.01659	0.00957	0.00255	0.00383	0.01467	0.00893	0.00766
11	0.01409	0.00705	0.01057	0.01057	0.01057	0.00705	0.00705	0.01057	0.01057	0.01409	0.01409	0.02467	0.01409	0.02819	0.03171	0.76392	0.00705	0.00705	0.00352	0.00352
12	0.02008	0.01928	0.03294	0.04981	0.66422	0.01928	0.02490	0.02490	0.01848	0.02651	0.01526	0.02008	0.01285	0.00723	0.00803	0.00241	0.00964	0.00723	0.00402	0.01285
13	0.01683	0.01442	0.01683	0.01202	0.01923	0.01082	0.00961	0.02043	0.01683	0.02644	0.01442	0.01683	0.01202	0.00601	0.00601	0.00120	0.00601	0.00481	0.00481	0.76444
14	0.77215	0.01569	0.01193	0.01067	0.01569	0.01820	0.00879	0.02385	0.01381	0.03641	0.01130	0.01318	0.00879	0.00753	0.00502	0.00251	0.00628	0.00439	0.00502	0.00879
15	0.03085	0.02273	0.02435	0.01867	0.02516	0.02516	0.01542	0.63716	0.03815	0.05114	0.01948	0.01948	0.01380	0.00974	0.00812	0.00244	0.00893	0.00731	0.00812	0.01380
16	0.01513	0.00756	0.00756	0.00756	0.00945	0.00756	0.00567	0.01891	0.01702	0.03025	0.02647	0.03025	0.02080	0.00945	0.00567	0.00189	0.00378	0.00756	0.75988	0.00756
17	0.02008	0.01928	0.03294	0.04981	0.66422	0.01928	0.02490	0.02490	0.01848	0.02651	0.01526	0.02008	0.01285	0.00723	0.00803	0.00241	0.00964	0.00723	0.00402	0.01285
18	0.03031	0.03867	0.02299	0.02090	0.02508	0.68226	0.01568	0.03240	0.02299	0.01986	0.01254	0.01463	0.01045	0.00836	0.00732	0.00209	0.01463	0.00523	0.00418	0.00941
19	0.01513	0.00756	0.00756	0.00756	0.00945	0.00756	0.00567	0.01891	0.01702	0.03025	0.02647	0.03025	0.02080	0.00945	0.00567	0.00189	0.00378	0.00756	0.75988	0.00756
20	0.01180	0.00787	0.00885	0.00885	0.00885	0.00787	0.00492	0.01180	0.01180	0.01573	0.02557	0.05310	0.02950	0.71483	0.04130	0.00787	0.00787	0.01180	0.00492	0.00492
21	0.01804	0.01830	0.02418	0.02087	0.02114	0.05540	0.01727	0.01989	0.01296	0.01951	0.01129	0.01831	0.01112	0.01625	0.05847	0.00395	0.63351	0.00709	0.00362	0.00882
22	0.01697	0.01488	0.01874	0.01339	0.02066	0.01142	0.04823	0.02077	0.01697	0.02641	0.01455	0.01714	0.01204	0.00606	0.00623	0.00130	0.00648	0.00510	0.00476	0.71790
23	0.01176	0.00949	0.01421	0.23241	0.02587	0.01036	0.01223	0.01438	0.01554	0.02043	0.03380	0.44866	0.03839	0.06013	0.01144	0.00337	0.00687	0.01728	0.00611	0.00728
24	0.03081	0.02365	0.02427	0.01880	0.02516	0.06329	0.01544	0.60207	0.03727	0.04932	0.01908	0.01920	0.01361	0.00966	0.00807	0.00242	0.00926	0.00718	0.00789	0.01354
25	0.03641	0.01381	0.01883	0.01444	0.02071	0.01193	0.01193	0.03954	0.02322	0.66984	0.03201	0.02762	0.02009	0.01004	0.00816	0.00251	0.00690	0.00816	0.01004	0.01381
26	0.01775	0.01775	0.02485	0.02130	0.02130	0.02485	0.01775	0.01953	0.01243	0.01953	0.01065	0.01775	0.01065	0.01420	0.02663	0.00355	0.69998	0.00710	0.00355	0.00888
27	0.10027	0.01735	0.02655	0.20852	0.33057	0.01935	0.02095	0.02483	0.07049	0.02616	0.01576	0.02042	0.01272	0.00836	0.00920	0.00262	0.06338	0.00707	0.00434	0.01110

[dist]
# distance from previous block
# <min> <max>
13	28

[block]
# block no. 1 follows, 23 sequences, length 6
# corresponding to MSA columns:
# 56-61
name=unknown_B
#
# <colnr> <probs for GDERKNQSTAVLIFYWHMCP>
#	G	D	E	R	K	N	Q	S	T	A	V	L	I	F	Y	W	H	M	C	P
0	0.54698	0.01688	0.01771	0.01437	0.02000	0.01855	0.07744	0.08672	0.01771	0.09687	0.01463	0.01612	0.01074	0.00792	0.00612	0.00253	0.00740	0.00560	0.00571	0.01000
1	0.06394	0.42623	0.09097	0.01532	0.02199	0.11675	0.01478	0.02650	0.01805	0.08573	0.01683	0.01784	0.03892	0.00813	0.00619	0.00202	0.00930	0.00554	0.00448	0.01052
2	0.01730	0.17007	0.55366	0.02138	0.03242	0.02135	0.02694	0.02543	0.01701	0.02445	0.01394	0.01635	0.01030	0.00756	0.00724	0.00241	0.01137	0.00568	0.00343	0.01169
3	0.01809	0.26889	0.46176	0.02003	0.03033	0.02329	0.02459	0.02523	0.01692	0.02349	0.01346	0.01575	0.01032	0.00745	0.00687	0.00229	0.01088	0.00544	0.00344	0.01146
4	0.06678	0.36895	0.08933	0.01509	0.02209	0.02414	0.01461	0.06809	0.04571	0.18698	0.01821	0.01820	0.01356	0.00817	0.00648	0.00213	0.00832	0.00584	0.00570	0.01164
5	0.43502	0.08991	0.07713	0.01209	0.01741	0.01730	0.01108	0.02372	0.01577	0.07256	0.04100	0.04513	0.01548	0.00890	0.00595	0.00240	0.00668	0.00624	0.08691	0.00932

[dist]
# distance from previous block
# <min> <max>
1	6

[block]
# block no. 2 follows, 23 sequences, length 23
# corresponding to MSA columns:
# 68-88,90,91
name=unknown_C
#
# <colnr> <probs for GDERKNQSTAVLIFYWHMCP>
#	G	D	E	R	K	N	Q	S	T	A	V	L	I	F	Y	W	H	M	C	P
0	0.01879	0.01542	0.01751	0.01310	0.01954	0.01338	0.01038	0.11235	0.06323	0.02989	0.01719	0.02055	0.01432	0.05394	0.00882	0.00193	0.00659	0.00594	0.00554	0.55157
1	0.02628	0.01932	0.02112	0.01695	0.02220	0.02109	0.01367	0.49780	0.03362	0.04517	0.06750	0.12873	0.02427	0.01263	0.00856	0.00258	0.00793	0.01024	0.00808	0.01226
2	0.01677	0.01440	0.01701	0.01281	0.01914	0.01207	0.01023	0.02178	0.06637	0.02624	0.01624	0.01896	0.01354	0.01049	0.05333	0.00223	0.03485	0.00551	0.00500	0.62305
3	0.01159	0.00869	0.01304	0.01304	0.01449	0.01014	0.01014	0.01449	0.01304	0.01884	0.02173	0.03188	0.02029	0.06086	0.68268	0.01304	0.02173	0.00869	0.00435	0.00724
4	0.02792	0.02029	0.02164	0.01701	0.02274	0.02242	0.01391	0.50914	0.08129	0.04703	0.02144	0.02174	0.01557	0.00980	0.00780	0.00239	0.00805	0.00748	0.10947	0.01289
5	0.02008	0.01928	0.03294	0.04981	0.66422	0.01928	0.02490	0.02490	0.01848	0.02651	0.01526	0.02008	0.01285	0.00723	0.00803	0.00241	0.00964	0.00723	0.00402	0.01285
6	0.01683	0.01442	0.01683	0.01202	0.01923	0.01082	0.00961	0.02043	0.01683	0.02644	0.01442	0.01683	0.01202	0.00601	0.00601	0.00120	0.00601	0.00481	0.00481	0.76444
7	0.02018	0.01743	0.01835	0.01651	0.02110	0.02018	0.01284	0.04312	0.64956	0.03394	0.03303	0.03027	0.02477	0.01101	0.00826	0.00275	0.00642	0.00917	0.00826	0.01284
8	0.00959	0.00822	0.00822	0.00822	0.01096	0.00685	0.00617	0.01165	0.01850	0.02192	0.08220	0.07809	0.66092	0.02055	0.00959	0.00274	0.00411	0.01713	0.00754	0.00685
9	0.03641	0.01381	0.01883	0.01444	0.02071	0.01193	0.01193	0.03954	0.02322	0.66984	0.03201	0.02762	0.02009	0.01004	0.00816	0.00251	0.00690	0.00816	0.01004	0.01381
10	0.01148	0.00829	0.01085	0.01021	0.01212	0.00766	0.00766	0.01531	0.02297	0.03254	0.65994	0.06061	0.07656	0.01659	0.00957	0.00255	0.00383	0.01467	0.00893	0.00766
11	0.01827	0.01743	0.02966	0.29565	0.43254	0.01880	0.02400	0.02331	0.01762	0.02431	0.01494	0.02067	0.01208	0.00757	0.00806	0.00252	0.01009	0.00722	0.00386	0.01139
12	0.01683	0.01442	0.01683	0.01202	0.01923	0.01082	0.00961	0.02043	0.01683	0.02644	0.01442	0.01683	0.01202	0.00601	0.00601	0.00120	0.00601	0.00481	0.00481	0.76444
13	0.02018	0.01743	0.01835	0.01651	0.02110	0.02018	0.01284	0.04312	0.64956	0.03394	0.03303	0.03027	0.02477	0.01101	0.00826	0.00275	0.00642	0.00917	0.00826	0.01284
14	0.01315	0.00967	0.01382	0.06838	0.01959	0.00991	0.01346	0.01702	0.01877	0.02455	0.08165	0.08396	0.04585	0.02090	0.01085	0.00358	0.00749	0.52253	0.00726	0.00761
15	0.01308	0.00934	0.01308	0.01494	0.01681	0.00934	0.01308	0.01681	0.01868	0.02428	0.04296	0.09153	0.04670	0.02242	0.01121	0.00374	0.00747	0.60960	0.00747	0.00747
16	0.02862	0.02603	0.02295	0.01894	0.02403	0.21424	0.01507	0.38905	0.03096	0.03846	0.01878	0.06554	0.01542	0.01064	0.00893	0.00245	0.04361	0.00778	0.00672	0.01179
17	0.01516	0.01175	0.01381	0.01265	0.01587	0.01116	0.00929	0.09044	0.07519	0.02660	0.03177	0.34845	0.03425	0.06367	0.01089	0.00292	0.00590	0.01460	0.00680	0.19881
18	0.02005	0.51357	0.23423	0.01670	0.02517	0.02807	0.01878	0.02472	0.01668	0.02110	0.01228	0.01427	0.01037	0.00718	0.00597	0.00199	0.00969	0.00484	0.00346	0.01089
19	0.02398	0.02028	0.01921	0.01661	0.02145	0.11427	0.01303	0.14280	0.34166	0.08917	0.03198	0.03015	0.07687	0.01117	0.00821	0.00258	0.00788	0.00890	0.00774	0.01207
20	0.08620	0.07889	0.02354	0.01788	0.02338	0.23015	0.01442	0.32343	0.02893	0.03635	0.01914	0.01987	0.04393	0.00946	0.00748	0.00230	0.01026	0.00669	0.00627	0.01144
21	0.01938	0.29129	0.39082	0.01937	0.02908	0.02423	0.02293	0.07117	0.01847	0.02517	0.01372	0.01579	0.01059	0.00758	0.00681	0.00225	0.01054	0.00548	0.00380	0.01154
22	0.01943	0.01448	0.01676	0.01496	0.01917	0.01502	0.01228	0.16362	0.14823	0.05845	0.08392	0.05000	0.07491	0.01463	0.00906	0.00279	0.00691	0.18475	0.00774	0.08287

[dist]
# distance from previous block
# <min> <max>
0	1

[block]
# block no. 3 follows, 23 sequences, length 9
# corresponding to MSA columns:
# 93-101
name=unknown_D
#
# <colnr> <probs for GDERKNQSTAVLIFYWHMCP>
#	G	D	E	R	K	N	Q	S	T	A	V	L	I	F	Y	W	H	M	C	P
0	0.02350	0.01538	0.01954	0.02023	0.11778	0.01586	0.01391	0.03500	0.27946	0.21399	0.03456	0.03604	0.07258	0.01171	0.00851	0.00270	0.00695	0.05201	0.00801	0.01227
1	0.02351	0.50298	0.03674	0.01581	0.02188	0.09618	0.01457	0.10813	0.01978	0.02356	0.01248	0.01442	0.01090	0.00802	0.00744	0.00200	0.06173	0.00504	0.00418	0.01066
2	0.01156	0.01267	0.10026	0.01207	0.01520	0.00891	0.01067	0.01535	0.01970	0.02699	0.31838	0.18927	0.16334	0.01812	0.00956	0.00279	0.00534	0.04434	0.00759	0.00788
3	0.02827	0.03537	0.02318	0.11265	0.02928	0.59189	0.01661	0.03081	0.02207	0.01998	0.01280	0.01559	0.01050	0.00833	0.00742	0.00217	0.01411	0.00550	0.00410	0.00935
4	0.01308	0.00934	0.01308	0.01494	0.01681	0.00934	0.01308	0.01681	0.01868	0.02428	0.04296	0.09153	0.04670	0.02242	0.01121	0.00374	0.00747	0.60960	0.00747	0.00747
5	0.03031	0.03867	0.02299	0.02090	0.02508	0.68226	0.01568	0.03240	0.02299	0.01986	0.01254	0.01463	0.01045	0.00836	0.00732	0.00209	0.01463	0.00523	0.00418	0.00941
6	0.01538	0.01266	0.01313	0.01183	0.01558	0.01287	0.00920	0.11259	0.17748	0.02924	0.06070	0.05754	0.40723	0.01658	0.00904	0.00270	0.00540	0.01370	0.00780	0.00937
7	0.01766	0.21576	0.51118	0.02076	0.03145	0.02225	0.02585	0.02534	0.01697	0.02400	0.01372	0.01608	0.01031	0.00751	0.00707	0.00236	0.01114	0.00557	0.00344	0.01159
8	0.01795	0.01953	0.04041	0.02932	0.03663	0.01799	0.49913	0.02387	0.01852	0.02551	0.01904	0.09065	0.01645	0.00862	0.00924	0.00261	0.01189	0.01038	0.00453	0.09773

[dist]
# distance from previous block
# <min> <max>
6	10

[block]
# block no. 4 follows, 23 sequences, length 15
# corresponding to MSA columns:
# 112-126
name=unknown_E
#
# <colnr> <probs for GDERKNQSTAVLIFYWHMCP>
#	G	D	E	R	K	N	Q	S	T	A	V	L	I	F	Y	W	H	M	C	P
0	0.01083	0.00805	0.01073	0.01275	0.03636	0.00757	0.00871	0.01287	0.01676	0.02217	0.08768	0.47034	0.11544	0.04453	0.01121	0.00336	0.00524	0.10098	0.00741	0.00699
1	0.42858	0.01787	0.05630	0.04916	0.02041	0.01851	0.01195	0.16011	0.01996	0.03746	0.01531	0.01733	0.01154	0.00830	0.00612	0.00243	0.00717	0.00567	0.09583	0.00997
2	0.01089	0.00839	0.01132	0.01245	0.01292	0.00882	0.00876	0.01245	0.01546	0.02105	0.06554	0.60053	0.04945	0.02372	0.01227	0.00330	0.08784	0.02082	0.00711	0.00691
3	0.01968	0.01857	0.03041	0.06778	0.55290	0.01898	0.02314	0.02638	0.08435	0.02700	0.01806	0.02371	0.01522	0.00819	0.00817	0.00250	0.00927	0.02860	0.00457	0.01253
4	0.01983	0.01922	0.03337	0.07591	0.60587	0.01929	0.05713	0.02479	0.01842	0.02624	0.01529	0.02024	0.01274	0.00725	0.00812	0.00244	0.00990	0.00735	0.00400	0.01259
5	0.01052	0.00773	0.00999	0.01141	0.01258	0.00720	0.00834	0.01261	0.01704	0.02229	0.08885	0.45768	0.14855	0.02356	0.01034	0.00324	0.00506	0.12853	0.00761	0.00686
6	0.01078	0.00811	0.01183	0.01294	0.01398	0.00766	0.03961	0.01278	0.01614	0.02146	0.04307	0.59119	0.05065	0.02408	0.01043	0.00333	0.00553	0.10212	0.00735	0.00693
7	0.28483	0.30033	0.08004	0.01474	0.02094	0.13884	0.01373	0.02566	0.01673	0.02581	0.01177	0.01369	0.00984	0.00746	0.00571	0.00214	0.00914	0.00465	0.00413	0.00980
8	0.01017	0.00756	0.00955	0.01103	0.01214	0.00694	0.00783	0.01197	0.01651	0.02136	0.05260	0.50716	0.18359	0.02405	0.01028	0.00322	0.00488	0.08490	0.00753	0.00674
9	0.07645	0.02106	0.02249	0.01763	0.02379	0.02325	0.01447	0.48783	0.10876	0.08935	0.02142	0.02092	0.01522	0.00977	0.00794	0.00248	0.00833	0.00740	0.00807	0.01337
10	0.02288	0.01874	0.02364	0.01741	0.02445	0.01789	0.08678	0.27528	0.02589	0.03657	0.01675	0.01853	0.01279	0.00765	0.00730	0.00189	0.00813	0.00641	0.00609	0.36493
11	0.01042	0.00743	0.00941	0.01052	0.01122	0.00697	0.00697	0.01189	0.01591	0.02128	0.11709	0.47002	0.08996	0.15253	0.01598	0.00402	0.00515	0.01959	0.00721	0.00642
12	0.07586	0.01073	0.01413	0.01343	0.01570	0.01237	0.01058	0.08032	0.01573	0.02365	0.02064	0.02905	0.01867	0.05115	0.55672	0.01107	0.01913	0.00820	0.00480	0.00806
13	0.01066	0.00856	0.00971	0.01028	0.01275	0.00761	0.00828	0.01323	0.01855	0.02264	0.07019	0.08220	0.47299	0.02112	0.01008	0.00304	0.00514	0.19840	0.00752	0.00704
14	0.02169	0.71972	0.04252	0.01388	0.02083	0.03211	0.01388	0.02430	0.01649	0.01909	0.01128	0.01302	0.01041	0.00694	0.00521	0.00174	0.00868	0.00434	0.00347	0.01041

[dist]
# distance from previous block
# <min> <max>
13	58

[block]
# block no. 5 follows, 23 sequences, length 7
# corresponding to MSA columns:
# 186-192
name=unknown_F
#
# <colnr> <probs for GDERKNQSTAVLIFYWHMCP>
#	G	D	E	R	K	N	Q	S	T	A	V	L	I	F	Y	W	H	M	C	P
0	0.19577	0.01608	0.01614	0.01407	0.01873	0.01806	0.01118	0.10412	0.30500	0.07796	0.02548	0.02489	0.01895	0.00978	0.00714	0.00253	0.00636	0.00757	0.10884	0.01137
1	0.02083	0.02365	0.04170	0.03537	0.15788	0.10941	0.43583	0.02665	0.01954	0.02526	0.01568	0.02057	0.01216	0.00712	0.00898	0.00259	0.01304	0.00855	0.00410	0.01110
2	0.02021	0.15684	0.39223	0.02146	0.03124	0.02251	0.06901	0.14132	0.02115	0.02937	0.01505	0.01720	0.01112	0.00789	0.00748	0.00241	0.01095	0.00621	0.00437	0.01198
3	0.12041	0.23613	0.27471	0.02375	0.14743	0.02279	0.02137	0.02488	0.01675	0.02532	0.01328	0.01593	0.01061	0.00737	0.00666	0.00228	0.00979	0.00552	0.00377	0.01125
4	0.44443	0.01501	0.01334	0.01159	0.01622	0.01656	0.00938	0.12924	0.01963	0.03600	0.07083	0.02986	0.13789	0.01101	0.00675	0.00254	0.00617	0.00803	0.00631	0.00923
5	0.01654	0.01451	0.02133	0.34263	0.08850	0.01723	0.01777	0.02469	0.15577	0.02401	0.02050	0.06086	0.01700	0.01135	0.01079	0.05295	0.04902	0.00850	0.03643	0.00961
6	0.37903	0.01488	0.01290	0.01144	0.01563	0.05088	0.00913	0.05870	0.04553	0.07815	0.06552	0.02273	0.01837	0.00913	0.00616	0.00236	0.00618	0.00655	0.17749	0.00926

[dist]
# distance from previous block
# <min> <max>
92	147

[block]
# block no. 6 follows, 23 sequences, length 6
# corresponding to MSA columns:
# 390-395
name=unknown_G
#
# <colnr> <probs for GDERKNQSTAVLIFYWHMCP>
#	G	D	E	R	K	N	Q	S	T	A	V	L	I	F	Y	W	H	M	C	P
0	0.02680	0.02038	0.02237	0.01759	0.02332	0.02234	0.01435	0.46427	0.07742	0.04401	0.02087	0.05832	0.01646	0.01059	0.00907	0.00245	0.04670	0.00806	0.00751	0.08711
1	0.02229	0.01480	0.01589	0.01321	0.01724	0.01606	0.01060	0.31046	0.02670	0.03928	0.02283	0.02529	0.01746	0.01334	0.05619	0.00296	0.00752	0.00752	0.34989	0.01048
2	0.03085	0.02273	0.02435	0.01867	0.02516	0.02516	0.01542	0.63716	0.03815	0.05114	0.01948	0.01948	0.01380	0.00974	0.00812	0.00244	0.00893	0.00731	0.00812	0.01380
3	0.01506	0.01109	0.01449	0.01347	0.01563	0.01252	0.01037	0.12549	0.01736	0.02419	0.02186	0.03257	0.02039	0.14138	0.47410	0.01043	0.01754	0.00887	0.00510	0.00810
4	0.01455	0.01491	0.06533	0.33908	0.03629	0.01575	0.04424	0.01853	0.01498	0.02016	0.01865	0.07287	0.01766	0.13979	0.06230	0.00445	0.07883	0.00919	0.00416	0.00827
5	0.16343	0.02147	0.02213	0.01724	0.02347	0.02392	0.01424	0.52747	0.03380	0.04850	0.01802	0.01835	0.01290	0.00935	0.00756	0.00245	0.00845	0.00678	0.00756	0.01290

[dist]
# distance from previous block
# <min> <max>
0	1

[block]
# block no. 7 follows, 23 sequences, length 8
# corresponding to MSA columns:
# 397-404
name=unknown_H
#
# <colnr> <probs for GDERKNQSTAVLIFYWHMCP>
#	G	D	E	R	K	N	Q	S	T	A	V	L	I	F	Y	W	H	M	C	P
0	0.03085	0.02273	0.02435	0.01867	0.02516	0.02516	0.01542	0.63716	0.03815	0.05114	0.01948	0.01948	0.01380	0.00974	0.00812	0.00244	0.00893	0.00731	0.00812	0.01380
1	0.02197	0.02011	0.01924	0.01713	0.02179	0.09361	0.01332	0.07912	0.54210	0.03346	0.02992	0.02787	0.02250	0.01064	0.00814	0.00266	0.00749	0.00862	0.00780	0.01252
2	0.14066	0.60811	0.03767	0.01337	0.02001	0.02990	0.01308	0.02423	0.01606	0.02184	0.01128	0.01304	0.01016	0.00704	0.00518	0.00186	0.00830	0.00435	0.00372	0.01016
3	0.02920	0.02114	0.02259	0.01750	0.02351	0.02332	0.01440	0.57225	0.03593	0.04895	0.02022	0.02061	0.01453	0.00971	0.00786	0.00238	0.00839	0.00733	0.08704	0.01314
4	0.01037	0.00742	0.00991	0.01140	0.01219	0.00696	0.00796	0.01233	0.01692	0.02281	0.14030	0.56345	0.05672	0.02383	0.01030	0.00321	0.00477	0.06460	0.00775	0.00682
5	0.01941	0.01648	0.01815	0.06900	0.02265	0.03965	0.01211	0.13725	0.14312	0.03152	0.05524	0.02863	0.08570	0.00992	0.00758	0.00210	0.00703	0.00806	0.00643	0.27998
6	0.37981	0.11265	0.01764	0.06271	0.01928	0.01846	0.01064	0.07291	0.01734	0.06160	0.01589	0.01807	0.01227	0.00814	0.00579	0.00230	0.00674	0.00558	0.14275	0.00944
7	0.16572	0.01766	0.04134	0.06608	0.02405	0.01719	0.03383	0.13824	0.09564	0.08985	0.01857	0.01970	0.01381	0.00817	0.00700	0.00219	0.00754	0.00638	0.00616	0.22090

[dist]
# distance from previous block
# <min> <max>
12	39

[block]
# block no. 8 follows, 23 sequences, length 22
# corresponding to MSA columns:
# 446-467
name=unknown_I
#
# <colnr> <probs for GDERKNQSTAVLIFYWHMCP>
#	G	D	E	R	K	N	Q	S	T	A	V	L	I	F	Y	W	H	M	C	P
0	0.06339	0.06215	0.04869	0.01800	0.02316	0.31373	0.01463	0.13819	0.05993	0.02803	0.01894	0.02022	0.04838	0.00930	0.00799	0.00222	0.03465	0.00647	0.00532	0.07659
1	0.41007	0.01535	0.01586	0.04377	0.01946	0.01695	0.04162	0.11777	0.01987	0.03607	0.13246	0.02670	0.05440	0.01014	0.00692	0.00254	0.00672	0.00771	0.00622	0.00939
2	0.04761	0.01879	0.03278	0.06280	0.05888	0.01768	0.30441	0.05947	0.05089	0.02807	0.01650	0.02029	0.01274	0.00709	0.00808	0.00225	0.01022	0.00762	0.00475	0.22909
3	0.10425	0.01827	0.07708	0.01597	0.04703	0.07106	0.01284	0.05261	0.09406	0.09106	0.02821	0.15642	0.06237	0.01240	0.00789	0.00247	0.00739	0.01026	0.00639	0.12196
4	0.02631	0.29635	0.03113	0.01862	0.05759	0.14584	0.01512	0.20298	0.05508	0.05552	0.01596	0.01697	0.01261	0.00834	0.00684	0.00212	0.00970	0.00589	0.00546	0.01159
5	0.10168	0.02090	0.02436	0.02011	0.06184	0.02255	0.04842	0.44861	0.03211	0.10989	0.01956	0.01987	0.01382	0.00926	0.00790	0.00246	0.00876	0.00723	0.00756	0.01311
6	0.01627	0.04197	0.67279	0.02313	0.03512	0.01884	0.02998	0.02570	0.01713	0.02570	0.01456	0.01713	0.01028	0.00771	0.00771	0.00257	0.01199	0.00600	0.00343	0.01199
7	0.01683	0.01442	0.01683	0.01202	0.01923	0.01082	0.00961	0.02043	0.01683	0.02644	0.01442	0.01683	0.01202	0.00601	0.00601	0.00120	0.00601	0.00481	0.00481	0.76444
8	0.00959	0.00822	0.00822	0.00822	0.01096	0.00685	0.00617	0.01165	0.01850	0.02192	0.08220	0.07809	0.66092	0.02055	0.00959	0.00274	0.00411	0.01713	0.00754	0.00685
9	0.01159	0.00869	0.01304	0.01304	0.01449	0.01014	0.01014	0.01449	0.01304	0.01884	0.02173	0.03188	0.02029	0.06086	0.68268	0.01304	0.02173	0.00869	0.00435	0.00724
10	0.03641	0.01381	0.01883	0.01444	0.02071	0.01193	0.01193	0.03954	0.02322	0.66984	0.03201	0.02762	0.02009	0.01004	0.00816	0.00251	0.00690	0.00816	0.01004	0.01381
11	0.01627	0.04197	0.67279	0.02313	0.03512	0.01884	0.02998	0.02570	0.01713	0.02570	0.01456	0.01713	0.01028	0.00771	0.00771	0.00257	0.01199	0.00600	0.00343	0.01199
12	0.03085	0.02273	0.02435	0.01867	0.02516	0.02516	0.01542	0.63716	0.03815	0.05114	0.01948	0.01948	0.01380	0.00974	0.00812	0.00244	0.00893	0.00731	0.00812	0.01380
13	0.02085	0.01776	0.01872	0.01665	0.02135	0.02049	0.01300	0.08025	0.61134	0.03502	0.03218	0.02960	0.02408	0.01093	0.00825	0.00273	0.00658	0.00906	0.00825	0.01290
14	0.02008	0.01928	0.03294	0.04981	0.66422	0.01928	0.02490	0.02490	0.01848	0.02651	0.01526	0.02008	0.01285	0.00723	0.00803	0.00241	0.00964	0.00723	0.00402	0.01285
15	0.01812	0.01728	0.02939	0.31612	0.41325	0.01876	0.02393	0.02318	0.01755	0.02413	0.01492	0.02072	0.01201	0.00759	0.00807	0.00253	0.01013	0.00722	0.00385	0.01127
16	0.02008	0.01928	0.03294	0.04981	0.66422	0.01928	0.02490	0.02490	0.01848	0.02651	0.01526	0.02008	0.01285	0.00723	0.00803	0.00241	0.00964	0.00723	0.00402	0.01285
17	0.01684	0.01556	0.02521	0.50304	0.07914	0.01775	0.05622	0.05574	0.01781	0.02373	0.01486	0.02086	0.01132	0.00783	0.00794	0.00249	0.01023	0.00706	0.00406	0.10231
18	0.01811	0.01601	0.02690	0.44119	0.25701	0.01810	0.02272	0.02319	0.01737	0.05946	0.01570	0.02145	0.01202	0.00793	0.00809	0.00259	0.01020	0.00727	0.00411	0.01057
19	0.02133	0.01626	0.01972	0.01453	0.02147	0.01421	0.03766	0.13164	0.04502	0.09056	0.01772	0.01901	0.01357	0.00726	0.00682	0.00166	0.00695	0.00592	0.00597	0.50273
20	0.09200	0.01741	0.03206	0.02436	0.02984	0.01736	0.33379	0.02294	0.01738	0.06016	0.02113	0.14410	0.01962	0.01117	0.01086	0.00282	0.08391	0.01094	0.00510	0.04304
21	0.20411	0.02010	0.10355	0.04239	0.02196	0.08576	0.03405	0.05631	0.04563	0.10454	0.09823	0.02470	0.02102	0.01071	0.00882	0.05006	0.00818	0.00737	0.04266	0.00983

[dist]
# distance from previous block
# <min> <max>
13	29

[block]
# block no. 9 follows, 23 sequences, length 11
# corresponding to MSA columns:
# 498-508
name=unknown_J
#
# <colnr> <probs for GDERKNQSTAVLIFYWHMCP>
#	G	D	E	R	K	N	Q	S	T	A	V	L	I	F	Y	W	H	M	C	P
0	0.01782	0.13455	0.43136	0.02573	0.08588	0.02105	0.12220	0.02548	0.01747	0.02486	0.01444	0.01753	0.01083	0.00742	0.00767	0.00246	0.01159	0.00642	0.00359	0.01167
1	0.07198	0.02265	0.01988	0.01658	0.02141	0.17673	0.01302	0.26978	0.07080	0.08578	0.02031	0.02293	0.01579	0.06729	0.01029	0.00279	0.00931	0.00722	0.06428	0.01118
2	0.01889	0.02321	0.09735	0.03342	0.07126	0.02053	0.52492	0.02560	0.01862	0.02568	0.01592	0.02121	0.01209	0.00729	0.01018	0.00275	0.04699	0.00905	0.00402	0.01102
3	0.01532	0.01442	0.02434	0.69533	0.05589	0.01803	0.02253	0.02073	0.01622	0.02073	0.01442	0.02163	0.01082	0.00811	0.00811	0.00270	0.01082	0.00721	0.00361	0.00901
4	0.03466	0.01420	0.01878	0.01466	0.02076	0.01282	0.01202	0.03993	0.09075	0.60128	0.03212	0.02790	0.02059	0.01015	0.00817	0.00254	0.00685	0.00827	0.00985	0.01371
5	0.02015	0.01795	0.02242	0.02581	0.20067	0.01993	0.01621	0.03803	0.47334	0.03187	0.02807	0.02743	0.02144	0.00995	0.00819	0.00266	0.00732	0.00863	0.00707	0.01285
6	0.00959	0.00822	0.00822	0.00822	0.01096	0.00685	0.00617	0.01165	0.01850	0.02192	0.08220	0.07809	0.66092	0.02055	0.00959	0.00274	0.00411	0.01713	0.00754	0.00685
7	0.02018	0.01743	0.01835	0.01651	0.02110	0.02018	0.01284	0.04312	0.64956	0.03394	0.03303	0.03027	0.02477	0.01101	0.00826	0.00275	0.00642	0.00917	0.00826	0.01284
8	0.01127	0.00829	0.01055	0.00999	0.01199	0.00757	0.00749	0.01491	0.02247	0.03136	0.59581	0.06255	0.14142	0.01703	0.00957	0.00257	0.00386	0.01495	0.00878	0.00757
9	0.01307	0.00980	0.01397	0.08989	0.02062	0.01009	0.01351	0.01691	0.01861	0.02417	0.07205	0.08157	0.07557	0.02045	0.01070	0.00351	0.00749	0.48330	0.00712	0.00762
10	0.03641	0.01381	0.01883	0.01444	0.02071	0.01193	0.01193	0.03954	0.02322	0.66984	0.03201	0.02762	0.02009	0.01004	0.00816	0.00251	0.00690	0.00816	0.01004	0.01381

[dist]
# distance from previous block
# <min> <max>
4	5

[block]
# block no. 10 follows, 23 sequences, length 17
# corresponding to MSA columns:
# 514-530
name=unknown_K
#
# <colnr> <probs for GDERKNQSTAVLIFYWHMCP>
#	G	D	E	R	K	N	Q	S	T	A	V	L	I	F	Y	W	H	M	C	P
0	0.02994	0.07029	0.02405	0.02038	0.02489	0.59764	0.01557	0.08098	0.02391	0.02235	0.01304	0.01495	0.01072	0.00840	0.00728	0.00210	0.01388	0.00535	0.00447	0.00981
1	0.02934	0.03684	0.02394	0.02364	0.08556	0.61953	0.01655	0.03169	0.02257	0.02049	0.01280	0.01515	0.01068	0.00825	0.00738	0.00212	0.01416	0.00542	0.00417	0.00973
2	0.01554	0.01410	0.02339	0.60845	0.08152	0.01724	0.02128	0.02079	0.01640	0.02178	0.01544	0.02226	0.01172	0.00818	0.00791	0.00262	0.01019	0.00724	0.06486	0.00908
3	0.02018	0.01754	0.01919	0.01843	0.05822	0.02013	0.01354	0.04207	0.61313	0.03351	0.03200	0.02969	0.02408	0.01079	0.00824	0.00273	0.00661	0.00906	0.00801	0.01284
4	0.01180	0.00787	0.00885	0.00885	0.00885	0.00787	0.00492	0.01180	0.01180	0.01573	0.02557	0.05310	0.02950	0.71483	0.04130	0.00787	0.00787	0.01180	0.00492	0.00492
5	0.01162	0.00858	0.01244	0.01244	0.01369	0.00982	0.00940	0.01411	0.01286	0.01839	0.02228	0.03490	0.02160	0.15406	0.59127	0.01230	0.01976	0.00914	0.00443	0.00691
6	0.00989	0.00706	0.00942	0.01130	0.01177	0.00659	0.00753	0.01130	0.01554	0.02071	0.04472	0.70954	0.05367	0.02542	0.01036	0.00330	0.00471	0.02307	0.00753	0.00659
7	0.02908	0.02149	0.02297	0.01793	0.02402	0.02384	0.01471	0.55108	0.09498	0.04850	0.02110	0.02102	0.01518	0.00985	0.00801	0.00244	0.00844	0.00749	0.04446	0.01341
8	0.03085	0.02273	0.02435	0.01867	0.02516	0.02516	0.01542	0.63716	0.03815	0.05114	0.01948	0.01948	0.01380	0.00974	0.00812	0.00244	0.00893	0.00731	0.00812	0.01380
9	0.01683	0.01442	0.01683	0.01202	0.01923	0.01082	0.00961	0.02043	0.01683	0.02644	0.01442	0.01683	0.01202	0.00601	0.00601	0.00120	0.00601	0.00481	0.00481	0.76444
10	0.02169	0.71972	0.04252	0.01388	0.02083	0.03211	0.01388	0.02430	0.01649	0.01909	0.01128	0.01302	0.01041	0.00694	0.00521	0.00174	0.00868	0.00434	0.00347	0.01041
11	0.03085	0.02273	0.02435	0.01867	0.02516	0.02516	0.01542	0.63716	0.03815	0.05114	0.01948	0.01948	0.01380	0.00974	0.00812	0.00244	0.00893	0.00731	0.00812	0.01380
12	0.13569	0.01465	0.01826	0.01421	0.02033	0.01365	0.01173	0.07673	0.02293	0.54335	0.02838	0.02513	0.01814	0.00968	0.00773	0.00251	0.00695	0.00759	0.00924	0.01313
13	0.01095	0.00827	0.01010	0.00964	0.01179	0.00743	0.00723	0.01427	0.02170	0.02952	0.49563	0.06558	0.24275	0.01772	0.00958	0.00261	0.00391	0.01537	0.00853	0.00743
14	0.12171	0.02187	0.02283	0.01769	0.02400	0.02431	0.01461	0.56199	0.03517	0.04933	0.01848	0.01871	0.01318	0.00947	0.00774	0.00244	0.00860	0.00695	0.00774	0.01318
15	0.02018	0.01743	0.01835	0.01651	0.02110	0.02018	0.01284	0.04312	0.64956	0.03394	0.03303	0.03027	0.02477	0.01101	0.00826	0.00275	0.00642	0.00917	0.00826	0.01284
16	0.01826	0.02175	0.09382	0.06272	0.03945	0.01899	0.49708	0.02426	0.01804	0.02459	0.01595	0.02175	0.01224	0.00899	0.01145	0.07474	0.01278	0.00893	0.00397	0.01023

[dist]
# distance from previous block
# <min> <max>
0	1

[block]
# block no. 11 follows, 23 sequences, length 22
# corresponding to MSA columns:
# 532-553
name=unknown_L
#
# <colnr> <probs for GDERKNQSTAVLIFYWHMCP>
#	G	D	E	R	K	N	Q	S	T	A	V	L	I	F	Y	W	H	M	C	P
0	0.01528	0.01010	0.01125	0.00954	0.01332	0.00872	0.00733	0.01888	0.01718	0.02846	0.05643	0.06276	0.02224	0.00940	0.00625	0.00175	0.00465	0.00774	0.40232	0.28639
1	0.01860	0.05468	0.02544	0.02073	0.02144	0.05424	0.01728	0.02122	0.03664	0.02005	0.01159	0.01783	0.01115	0.01345	0.02399	0.00336	0.60847	0.00695	0.00375	0.00913
2	0.01180	0.00787	0.00885	0.00885	0.00885	0.00787	0.00492	0.01180	0.01180	0.01573	0.02557	0.05310	0.02950	0.71483	0.04130	0.00787	0.00787	0.01180	0.00492	0.00492
3	0.03085	0.02273	0.02435	0.01867	0.02516	0.02516	0.01542	0.63716	0.03815	0.05114	0.01948	0.01948	0.01380	0.00974	0.00812	0.00244	0.00893	0.00731	0.00812	0.01380
4	0.01683	0.01442	0.01683	0.01202	0.01923	0.01082	0.00961	0.02043	0.01683	0.02644	0.01442	0.01683	0.01202	0.00601	0.00601	0.00120	0.00601	0.00481	0.00481	0.76444
5	0.02194	0.02029	0.01923	0.01682	0.02173	0.10612	0.01309	0.08106	0.46597	0.03260	0.02767	0.02622	0.02094	0.01011	0.00791	0.00250	0.00763	0.00812	0.00739	0.08265
6	0.03208	0.01610	0.01971	0.01552	0.02146	0.01586	0.01268	0.17143	0.11342	0.42315	0.05065	0.02730	0.02126	0.01033	0.00821	0.00253	0.00718	0.00833	0.00933	0.01346
7	0.01517	0.01323	0.01683	0.23339	0.02824	0.04717	0.01359	0.01970	0.05056	0.02333	0.02774	0.15337	0.07276	0.01281	0.00923	0.00257	0.05159	0.01071	0.10985	0.08816
8	0.02103	0.09544	0.08581	0.04065	0.47942	0.02120	0.02319	0.08720	0.02016	0.02817	0.01521	0.01903	0.01248	0.00749	0.00772	0.00235	0.00966	0.00683	0.00433	0.01262
9	0.02328	0.59410	0.03892	0.01518	0.02161	0.15203	0.01421	0.02579	0.01769	0.01923	0.01151	0.01331	0.01042	0.00720	0.00560	0.00180	0.00978	0.00450	0.00360	0.01023
10	0.01783	0.01529	0.01836	0.01341	0.02044	0.01250	0.03142	0.05242	0.06211	0.02816	0.01604	0.01807	0.01301	0.00657	0.00639	0.00142	0.00644	0.00540	0.00519	0.64953
11	0.10422	0.02111	0.02203	0.07313	0.02592	0.05774	0.01479	0.42400	0.04962	0.07429	0.02095	0.02142	0.03497	0.00972	0.00781	0.00247	0.00879	0.00731	0.00730	0.01240
12	0.08919	0.02180	0.02294	0.01788	0.02412	0.02426	0.01471	0.54681	0.07888	0.04876	0.01977	0.01973	0.01417	0.00965	0.00788	0.00246	0.00854	0.00720	0.00788	0.01333
13	0.01640	0.01395	0.01629	0.01213	0.01871	0.01083	0.00957	0.02056	0.04058	0.02627	0.01754	0.07255	0.01582	0.00775	0.00644	0.00143	0.00592	0.00643	0.00515	0.67569
14	0.03319	0.01555	0.01949	0.01532	0.02137	0.01495	0.01253	0.11981	0.12055	0.49051	0.03049	0.02694	0.01996	0.01015	0.00817	0.00254	0.00710	0.00820	0.00951	0.01366
15	0.01180	0.00787	0.00885	0.00885	0.00885	0.00787	0.00492	0.01180	0.01180	0.01573	0.02557	0.05310	0.02950	0.71483	0.04130	0.00787	0.00787	0.01180	0.00492	0.00492
16	0.01822	0.01650	0.02664	0.27947	0.27103	0.01798	0.04432	0.08642	0.01940	0.02627	0.01894	0.10256	0.01703	0.00997	0.00841	0.00264	0.00957	0.00920	0.00472	0.01072
17	0.01409	0.00705	0.01057	0.01057	0.01057	0.00705	0.00705	0.01057	0.01057	0.01409	0.01409	0.02467	0.01409	0.02819	0.03171	0.76392	0.00705	0.00705	0.00352	0.00352
18	0.01683	0.01442	0.01683	0.01202	0.01923	0.01082	0.00961	0.02043	0.01683	0.02644	0.01442	0.01683	0.01202	0.00601	0.00601	0.00120	0.00601	0.00481	0.00481	0.76444
19	0.02997	0.02229	0.02386	0.01849	0.02483	0.02475	0.01521	0.58820	0.08854	0.04972	0.02060	0.02037	0.01470	0.00985	0.00813	0.00246	0.00872	0.00746	0.00813	0.01372
20	0.02208	0.05545	0.02040	0.01426	0.02109	0.04928	0.01164	0.16812	0.02249	0.06430	0.01625	0.01769	0.01269	0.00727	0.00664	0.00163	0.00732	0.00556	0.00575	0.47008
21	0.02573	0.01902	0.02049	0.01600	0.02185	0.02022	0.01303	0.41124	0.08245	0.04314	0.02072	0.02136	0.01534	0.00923	0.00748	0.00220	0.00759	0.00710	0.10579	0.13001

[dist]
# distance from previous block
# <min> <max>
4	16

[block]
# block no. 12 follows, 23 sequences, length 24
# corresponding to MSA columns:
# 570-593
name=unknown_M
#
# <colnr> <probs for GDERKNQSTAVLIFYWHMCP>
#	G	D	E	R	K	N	Q	S	T	A	V	L	I	F	Y	W	H	M	C	P
0	0.02340	0.01735	0.01863	0.01499	0.02033	0.03943	0.01200	0.23811	0.13316	0.08334	0.08838	0.02640	0.02276	0.00990	0.00766	0.00221	0.00703	0.00792	0.07128	0.15571
1	0.07299	0.01507	0.01744	0.01338	0.01958	0.01342	0.01074	0.12027	0.02110	0.15575	0.02100	0.07778	0.01718	0.00913	0.00706	0.00192	0.00655	0.00737	0.00659	0.38569
2	0.02281	0.01746	0.01824	0.01556	0.02016	0.05765	0.01217	0.21232	0.18276	0.08233	0.02796	0.15149	0.02439	0.01260	0.00825	0.00253	0.00725	0.01045	0.03835	0.07528
3	0.01242	0.00937	0.01120	0.01116	0.01308	0.00894	0.00791	0.04206	0.05910	0.02497	0.15411	0.31938	0.11911	0.10291	0.01331	0.00343	0.00524	0.01669	0.00736	0.05825
4	0.01715	0.01784	0.03253	0.02534	0.02908	0.02011	0.28496	0.02120	0.01567	0.02238	0.01703	0.07941	0.01587	0.01609	0.07606	0.00402	0.28195	0.00967	0.00420	0.00944
5	0.01857	0.01519	0.01709	0.01278	0.01952	0.03587	0.01024	0.02281	0.04085	0.06825	0.01729	0.02083	0.01430	0.00718	0.00648	0.00147	0.00646	0.02856	0.00535	0.63091
6	0.01925	0.01843	0.03143	0.16259	0.55793	0.01906	0.02449	0.02417	0.01808	0.02550	0.01512	0.02035	0.01250	0.00738	0.00805	0.00246	0.00985	0.00723	0.00394	0.01218
7	0.01626	0.01383	0.01623	0.01196	0.01863	0.01047	0.00945	0.01969	0.01672	0.02598	0.01688	0.07291	0.01539	0.00758	0.00636	0.00137	0.00590	0.00629	0.00503	0.70308
8	0.01980	0.02193	0.04658	0.03334	0.04145	0.02078	0.60051	0.05978	0.02020	0.02738	0.01659	0.02175	0.01239	0.00700	0.00950	0.00272	0.01342	0.00945	0.00433	0.01110
9	0.02763	0.02047	0.02142	0.04639	0.02414	0.07002	0.01404	0.35949	0.08311	0.10848	0.02128	0.02150	0.01534	0.00938	0.00774	0.00232	0.00843	0.00721	0.05808	0.07354
10	0.03085	0.02273	0.02435	0.01867	0.02516	0.02516	0.01542	0.63716	0.03815	0.05114	0.01948	0.01948	0.01380	0.00974	0.00812	0.00244	0.00893	0.00731	0.00812	0.01380
11	0.01683	0.01442	0.01683	0.01202	0.01923	0.01082	0.00961	0.02043	0.01683	0.02644	0.01442	0.01683	0.01202	0.00601	0.00601	0.00120	0.00601	0.00481	0.00481	0.76444
12	0.01683	0.01442	0.01683	0.01202	0.01923	0.01082	0.00961	0.02043	0.01683	0.02644	0.01442	0.01683	0.01202	0.00601	0.00601	0.00120	0.00601	0.00481	0.00481	0.76444
13	0.00961	0.00814	0.00830	0.00843	0.01101	0.00683	0.00626	0.01162	0.01830	0.02184	0.07968	0.12051	0.62013	0.02088	0.00964	0.00278	0.00415	0.01752	0.00753	0.00683
14	0.01683	0.01442	0.01683	0.01202	0.01923	0.01082	0.00961	0.02043	0.01683	0.02644	0.01442	0.01683	0.01202	0.00601	0.00601	0.00120	0.00601	0.00481	0.00481	0.76444
15	0.01683	0.01442	0.01683	0.01202	0.01923	0.01082	0.00961	0.02043	0.01683	0.02644	0.01442	0.01683	0.01202	0.00601	0.00601	0.00120	0.00601	0.00481	0.00481	0.76444
16	0.02008	0.01928	0.03294	0.04981	0.66422	0.01928	0.02490	0.02490	0.01848	0.02651	0.01526	0.02008	0.01285	0.00723	0.00803	0.00241	0.00964	0.00723	0.00402	0.01285
17	0.01532	0.01442	0.02434	0.69533	0.05589	0.01803	0.02253	0.02073	0.01622	0.02073	0.01442	0.02163	0.01082	0.00811	0.00811	0.00270	0.01082	0.00721	0.00361	0.00901
18	0.08587	0.02615	0.01947	0.01730	0.02175	0.30668	0.01333	0.10651	0.18403	0.02920	0.02364	0.02389	0.05714	0.00998	0.00755	0.00237	0.01002	0.00729	0.03729	0.01053
19	0.02860	0.02491	0.02287	0.01869	0.02433	0.15778	0.01496	0.39526	0.15747	0.04134	0.02078	0.02066	0.01531	0.00971	0.00798	0.00243	0.00959	0.00726	0.00734	0.01271
20	0.01661	0.01660	0.02616	0.59792	0.05279	0.06144	0.07166	0.02192	0.01690	0.02110	0.01446	0.02120	0.01091	0.00803	0.00818	0.00267	0.01130	0.00727	0.00368	0.00920
21	0.02994	0.02228	0.02384	0.01849	0.02482	0.02474	0.01520	0.58684	0.08994	0.04968	0.02063	0.02040	0.01473	0.00985	0.00813	0.00246	0.00872	0.00746	0.00813	0.01372
22	0.01645	0.01402	0.01642	0.01198	0.01882	0.01059	0.00950	0.01993	0.01676	0.02613	0.01608	0.05470	0.01430	0.00707	0.00625	0.00132	0.00594	0.00581	0.00496	0.72301
23	0.02008	0.01928	0.03294	0.04981	0.66422	0.01928	0.02490	0.02490	0.01848	0.02651	0.01526	0.02008	0.01285	0.00723	0.00803	0.00241	0.00964	0.00723	0.00402	0.01285

[dist]
# distance from previous block
# <min> <max>
12	18

[block]
# block no. 13 follows, 23 sequences, length 6
# corresponding to MSA columns:
# 614-619
name=unknown_N
#
# <colnr> <probs for GDERKNQSTAVLIFYWHMCP>
#	G	D	E	R	K	N	Q	S	T	A	V	L	I	F	Y	W	H	M	C	P
0	0.01757	0.01108	0.01346	0.01284	0.01517	0.01105	0.00932	0.13739	0.02048	0.10811	0.03588	0.40945	0.03872	0.10325	0.01336	0.00358	0.00619	0.01675	0.00765	0.00871
1	0.02233	0.01626	0.01775	0.01374	0.01935	0.01608	0.01111	0.28053	0.02588	0.03780	0.01950	0.02122	0.01491	0.00842	0.00682	0.00189	0.00670	0.00653	0.19025	0.26293
2	0.01343	0.01138	0.01629	0.12377	0.15242	0.01150	0.01243	0.01626	0.01696	0.02235	0.11124	0.04894	0.19686	0.19224	0.01711	0.00395	0.00722	0.01190	0.00570	0.00803
3	0.01779	0.01926	0.02274	0.01957	0.02282	0.17630	0.14757	0.02074	0.01819	0.02178	0.03005	0.24583	0.07563	0.01558	0.01106	0.00288	0.07897	0.03915	0.00556	0.00851
4	0.26109	0.01521	0.01628	0.01368	0.01872	0.01594	0.01100	0.12267	0.07498	0.24046	0.02531	0.10862	0.02025	0.01124	0.00746	0.00262	0.00670	0.00883	0.00771	0.01124
5	0.02109	0.02054	0.06939	0.01677	0.02083	0.13062	0.01397	0.02997	0.20234	0.10160	0.07644	0.08749	0.06004	0.01276	0.01071	0.00273	0.09551	0.00990	0.00674	0.01054

[dist]
# distance from previous block
# <min> <max>
21	42

[block]
# block no. 14 follows, 23 sequences, length 6
# corresponding to MSA columns:
# 662-667
name=unknown_O
#
# <colnr> <probs for GDERKNQSTAVLIFYWHMCP>
#	G	D	E	R	K	N	Q	S	T	A	V	L	I	F	Y	W	H	M	C	P
0	0.01773	0.10036	0.10089	0.39251	0.09420	0.01877	0.02086	0.02297	0.01747	0.06604	0.05874	0.02300	0.01592	0.00856	0.00782	0.00253	0.00987	0.00730	0.00439	0.01007
1	0.01527	0.01186	0.01838	0.35776	0.03471	0.01359	0.01544	0.04528	0.01543	0.02033	0.01712	0.08057	0.01568	0.01587	0.01562	0.24203	0.00879	0.00839	0.00418	0.04369
2	0.01698	0.01668	0.02592	0.24356	0.03438	0.02076	0.07387	0.02060	0.01474	0.02122	0.01280	0.01931	0.01100	0.01068	0.01685	0.00295	0.33913	0.00712	0.00375	0.08771
3	0.01951	0.01936	0.03353	0.04224	0.45539	0.02050	0.10989	0.02405	0.01744	0.02512	0.01456	0.01990	0.01236	0.00848	0.01175	0.00267	0.13992	0.00754	0.00394	0.01184
4	0.01800	0.01580	0.02290	0.02609	0.23149	0.01531	0.03845	0.07276	0.01843	0.02656	0.01948	0.10349	0.01875	0.06799	0.01169	0.00271	0.05066	0.00888	0.00506	0.22550
5	0.01591	0.01433	0.01621	0.01503	0.01665	0.06942	0.01148	0.06887	0.01704	0.02265	0.02962	0.23279	0.07765	0.07828	0.06878	0.00421	0.18805	0.01295	0.00571	0.03437

[dist]
# distance from previous block
# <min> <max>
1	2

[block]
# block no. 15 follows, 23 sequences, length 18
# corresponding to MSA columns:
# 670-687
name=unknown_P
#
# <colnr> <probs for GDERKNQSTAVLIFYWHMCP>
#	G	D	E	R	K	N	Q	S	T	A	V	L	I	F	Y	W	H	M	C	P
0	0.02286	0.02049	0.02482	0.02053	0.02370	0.08161	0.05797	0.13638	0.11230	0.06951	0.01744	0.02053	0.01398	0.01165	0.01657	0.00298	0.32278	0.00751	0.00557	0.01084
1	0.05248	0.02132	0.02221	0.01778	0.02306	0.07060	0.01449	0.37602	0.07434	0.06986	0.02135	0.02195	0.03857	0.01040	0.01004	0.00252	0.08805	0.00745	0.00711	0.05040
2	0.02142	0.01569	0.01956	0.14764	0.02633	0.01695	0.01375	0.26663	0.02354	0.03180	0.01637	0.02106	0.01309	0.01421	0.01455	0.21803	0.00842	0.00692	0.00555	0.09850
3	0.29486	0.02372	0.01851	0.01601	0.02104	0.20816	0.01265	0.14426	0.10979	0.05406	0.01686	0.01761	0.01278	0.00874	0.00680	0.00241	0.00919	0.00596	0.00597	0.01062
4	0.01381	0.00811	0.01305	0.01237	0.01302	0.00794	0.05189	0.01178	0.01194	0.01596	0.01895	0.12939	0.02003	0.02624	0.02686	0.59311	0.00716	0.00968	0.00418	0.00452
5	0.02410	0.03580	0.26050	0.02477	0.10217	0.28889	0.02191	0.09909	0.02210	0.02637	0.01439	0.01673	0.01105	0.00815	0.00763	0.00234	0.01244	0.00598	0.00434	0.01125
6	0.20535	0.01141	0.01093	0.01011	0.01328	0.01238	0.00789	0.04698	0.09040	0.03330	0.09490	0.02900	0.02429	0.00997	0.00634	0.00224	0.00492	0.00775	0.36983	0.00873
7	0.01530	0.01360	0.02232	0.61255	0.05030	0.01677	0.02051	0.02051	0.01632	0.02188	0.01587	0.02267	0.01202	0.00827	0.00782	0.00261	0.00997	0.00725	0.09463	0.00884
8	0.00959	0.00822	0.00822	0.00822	0.01096	0.00685	0.00617	0.01165	0.01850	0.02192	0.08220	0.07809	0.66092	0.02055	0.00959	0.00274	0.00411	0.01713	0.00754	0.00685
9	0.01694	0.15216	0.53646	0.02097	0.03164	0.02049	0.02623	0.02496	0.01731	0.02494	0.04554	0.01858	0.01354	0.00802	0.00739	0.00243	0.01105	0.00615	0.00370	0.01152
