[name]
unknown

[dist]
# distance from previous block
# <min> <max>
0	62

[block]
# block no. 0 follows, 24 sequences, length 6
# corresponding to MSA columns:
# 63-68
name=unknown_A
#
# <colnr> <probs for GDERKNQSTAVLIFYWHMCP>
#	G	D	E	R	K	N	Q	S	T	A	V	L	I	F	Y	W	H	M	C	P
0	0.02457	0.01700	0.01749	0.01592	0.01997	0.12936	0.01317	0.10439	0.02267	0.21855	0.03083	0.04927	0.02784	0.01442	0.00904	0.00286	0.00853	0.25632	0.00756	0.01023
1	0.02833	0.02152	0.19689	0.02071	0.10563	0.01436	0.01796	0.03324	0.02052	0.42154	0.02468	0.02333	0.01618	0.00886	0.00784	0.00246	0.00841	0.00730	0.00735	0.01290
2	0.01833	0.01365	0.05332	0.01376	0.01770	0.01241	0.01165	0.06583	0.14375	0.13586	0.13284	0.09741	0.11586	0.01524	0.00901	0.00279	0.00623	0.11655	0.00790	0.00989
3	0.01833	0.07682	0.06069	0.04335	0.04758	0.01219	0.01165	0.02198	0.02017	0.17191	0.30212	0.07717	0.04350	0.04578	0.00989	0.00270	0.00614	0.01113	0.00744	0.00945
4	0.02560	0.01634	0.01906	0.01525	0.02034	0.01677	0.01223	0.26844	0.05767	0.18983	0.02464	0.09987	0.02013	0.04173	0.01011	0.00263	0.03732	0.00902	0.00760	0.10543
5	0.01554	0.01306	0.01543	0.01144	0.01759	0.01004	0.00907	0.01910	0.01748	0.02687	0.12702	0.02384	0.02264	0.00766	0.00647	0.00140	0.00550	0.00636	0.00539	0.63808

[dist]
# distance from previous block
# <min> <max>
0	1

[block]
# block no. 1 follows, 24 sequences, length 12
# corresponding to MSA columns:
# 70-81
name=unknown_B
#
# <colnr> <probs for GDERKNQSTAVLIFYWHMCP>
#	G	D	E	R	K	N	Q	S	T	A	V	L	I	F	Y	W	H	M	C	P
0	0.01009	0.00806	0.00902	0.00878	0.01115	0.00700	0.00659	0.01276	0.01976	0.02542	0.30655	0.06974	0.43992	0.01859	0.00936	0.00261	0.00391	0.01581	0.00789	0.00700
1	0.01857	0.01603	0.01683	0.01524	0.01952	0.01828	0.01183	0.03872	0.58648	0.03187	0.03761	0.03478	0.09580	0.01179	0.00821	0.00269	0.00602	0.00983	0.00799	0.01190
2	0.01671	0.01692	0.03066	0.37392	0.04459	0.01925	0.21513	0.02312	0.05698	0.02256	0.01545	0.02133	0.01187	0.00838	0.01039	0.00275	0.08852	0.00788	0.00396	0.00962
3	0.01872	0.02139	0.04679	0.03342	0.04144	0.02005	0.64305	0.02540	0.01872	0.02540	0.01604	0.02139	0.01203	0.00668	0.00936	0.00267	0.01337	0.00936	0.00401	0.01070
4	0.01020	0.00807	0.00918	0.00890	0.01122	0.00704	0.00667	0.01298	0.02002	0.02604	0.34168	0.06871	0.40440	0.01836	0.00936	0.00260	0.00389	0.01567	0.00797	0.00704
5	0.02148	0.01836	0.06726	0.10045	0.02561	0.01849	0.01485	0.20220	0.23036	0.07366	0.11650	0.02880	0.02554	0.01056	0.00815	0.00254	0.00754	0.00871	0.00733	0.01162
6	0.01974	0.01742	0.02593	0.29358	0.24722	0.01950	0.02054	0.13757	0.08668	0.02884	0.01714	0.02114	0.01316	0.00823	0.00792	0.00251	0.00942	0.00727	0.00493	0.01127
7	0.12657	0.07547	0.24213	0.01894	0.02622	0.09473	0.04258	0.11504	0.05031	0.06769	0.01573	0.01743	0.01170	0.00847	0.00831	0.00245	0.05412	0.00611	0.00494	0.01107
8	0.02126	0.04419	0.08578	0.07334	0.09687	0.06216	0.16341	0.10415	0.06733	0.07822	0.06061	0.02296	0.01735	0.00869	0.00866	0.00246	0.03088	0.00788	0.00544	0.03835
9	0.01568	0.01453	0.02600	0.17332	0.03191	0.01424	0.22267	0.01970	0.01647	0.02282	0.02152	0.05309	0.06164	0.01103	0.01068	0.08735	0.00920	0.00879	0.05798	0.12139
10	0.11721	0.10083	0.21364	0.02106	0.09170	0.01845	0.06595	0.02704	0.08803	0.09885	0.01971	0.06971	0.01599	0.00918	0.00740	0.00248	0.00886	0.00766	0.00520	0.01106
11	0.02207	0.02107	0.06707	0.01772	0.04832	0.11818	0.01421	0.14954	0.15328	0.07552	0.02958	0.05344	0.10519	0.01146	0.00909	0.00250	0.04965	0.00893	0.00655	0.03662

[dist]
# distance from previous block
# <min> <max>
0	4

[block]
# block no. 2 follows, 24 sequences, length 191
# corresponding to MSA columns:
# 86-276
name=unknown_C
#
# <colnr> <probs for GDERKNQSTAVLIFYWHMCP>
#	G	D	E	R	K	N	Q	S	T	A	V	L	I	F	Y	W	H	M	C	P
0	0.02021	0.04647	0.05594	0.21374	0.09640	0.04446	0.04955	0.05490	0.19230	0.08927	0.02295	0.02468	0.03599	0.00912	0.00792	0.00253	0.00890	0.00784	0.00574	0.01108
1	0.06138	0.01580	0.01867	0.04128	0.02155	0.04847	0.03336	0.08927	0.02095	0.23026	0.04670	0.02223	0.01695	0.00830	0.00708	0.00199	0.00717	0.00670	0.03264	0.26926
2	0.02233	0.01679	0.01982	0.04238	0.02200	0.03913	0.03798	0.19724	0.04527	0.09877	0.04070	0.02329	0.01687	0.05413	0.01030	0.00244	0.04177	0.00714	0.03714	0.22451
3	0.01494	0.00966	0.01262	0.01139	0.01359	0.00957	0.00874	0.01799	0.02035	0.11650	0.41708	0.07441	0.10686	0.05019	0.01230	0.00288	0.07162	0.01311	0.00802	0.00818
4	0.10314	0.39824	0.05572	0.01653	0.02261	0.21074	0.04853	0.02603	0.01776	0.02125	0.01175	0.01379	0.01012	0.00725	0.00596	0.00195	0.01022	0.00482	0.00378	0.00982
5	0.01006	0.00780	0.00889	0.00909	0.01089	0.00693	0.00647	0.01213	0.01781	0.02286	0.19786	0.18932	0.35440	0.09423	0.01278	0.00327	0.00445	0.01674	0.00740	0.00662
6	0.02123	0.10846	0.02446	0.16710	0.02890	0.14557	0.05113	0.11722	0.02042	0.02619	0.01561	0.01916	0.01238	0.00848	0.00831	0.00224	0.05731	0.00640	0.11007	0.04937
7	0.00968	0.00723	0.00900	0.01027	0.01133	0.00656	0.00705	0.01134	0.01626	0.02115	0.08650	0.52915	0.19913	0.02325	0.00990	0.00305	0.00442	0.02072	0.00744	0.00656
8	0.05784	0.02427	0.17526	0.10094	0.15295	0.02041	0.06401	0.21036	0.05988	0.03313	0.01679	0.01933	0.01249	0.00820	0.00779	0.00248	0.00980	0.00695	0.00524	0.01191
9	0.02103	0.43730	0.21829	0.01756	0.05026	0.02535	0.01823	0.02558	0.01700	0.08382	0.01402	0.01549	0.01114	0.00730	0.00616	0.00202	0.00926	0.00517	0.00402	0.01102
10	0.01314	0.00883	0.01141	0.01063	0.01277	0.00827	0.00799	0.04034	0.02234	0.06673	0.54801	0.11872	0.06728	0.01643	0.00930	0.00256	0.00418	0.01450	0.00863	0.00794
11	0.05368	0.06389	0.50159	0.05645	0.06643	0.01924	0.05135	0.05216	0.01757	0.02627	0.01426	0.01704	0.01037	0.00754	0.00743	0.00247	0.01108	0.00604	0.00369	0.01144
12	0.02230	0.58359	0.06938	0.01496	0.02169	0.09633	0.01459	0.06038	0.01800	0.02085	0.01176	0.01344	0.01036	0.00712	0.00558	0.00181	0.00923	0.00457	0.00372	0.01034
13	0.01449	0.00781	0.00865	0.04133	0.01186	0.00811	0.00672	0.01818	0.01625	0.02813	0.02489	0.02930	0.01981	0.01362	0.06625	0.00285	0.00558	0.00747	0.66126	0.00743
14	0.01066	0.00768	0.00978	0.01088	0.01158	0.00754	0.00728	0.01302	0.04623	0.02058	0.07464	0.49336	0.04658	0.15038	0.04726	0.00440	0.00597	0.01877	0.00687	0.00654
15	0.00991	0.00795	0.00885	0.00885	0.01110	0.00689	0.00655	0.01234	0.01902	0.02418	0.23939	0.13094	0.44722	0.01945	0.00944	0.00268	0.00399	0.01661	0.00774	0.00689
16	0.01150	0.00869	0.01263	0.01259	0.01377	0.01010	0.00959	0.01395	0.01272	0.01823	0.02227	0.06607	0.02191	0.11927	0.56838	0.01143	0.04616	0.00941	0.00442	0.00689
17	0.02205	0.65703	0.03964	0.01426	0.02077	0.09740	0.01374	0.02454	0.01675	0.01873	0.01115	0.01288	0.01018	0.00692	0.00530	0.00173	0.00906	0.00433	0.00346	0.01008
18	0.01516	0.01445	0.02489	0.67004	0.05398	0.01774	0.05193	0.02051	0.01599	0.02051	0.01419	0.02115	0.01064	0.00787	0.00800	0.00264	0.01071	0.00716	0.00355	0.00890
19	0.01665	0.01637	0.02370	0.14527	0.02672	0.02245	0.01788	0.01909	0.01285	0.01927	0.01155	0.01864	0.01085	0.01476	0.05134	0.00372	0.54973	0.00703	0.00351	0.00863
20	0.77733	0.01534	0.01166	0.01043	0.01534	0.01779	0.00859	0.02331	0.01350	0.03558	0.01104	0.01288	0.00859	0.00736	0.00491	0.00245	0.00613	0.00429	0.00491	0.00859
21	0.08554	0.05076	0.03888	0.01460	0.05066	0.06247	0.01109	0.02339	0.04624	0.15170	0.24989	0.11644	0.04018	0.01316	0.00822	0.00250	0.00633	0.01112	0.00736	0.00949
22	0.02472	0.01864	0.02232	0.11949	0.06065	0.01991	0.01526	0.37641	0.02884	0.06584	0.04912	0.02127	0.01596	0.00897	0.00770	0.00225	0.00831	0.00715	0.00673	0.12045
23	0.01541	0.01038	0.01328	0.01426	0.07595	0.00996	0.00928	0.01951	0.07534	0.10715	0.15742	0.12891	0.16104	0.14900	0.01487	0.00360	0.00580	0.01326	0.00718	0.00841
24	0.01705	0.01374	0.01606	0.01252	0.01830	0.01168	0.00984	0.05346	0.07665	0.04611	0.02011	0.09616	0.01806	0.01096	0.03522	0.00212	0.00658	0.00745	0.00560	0.52230
25	0.01153	0.00769	0.00865	0.00865	0.00865	0.00769	0.00480	0.01153	0.01153	0.01538	0.02499	0.05189	0.02883	0.72131	0.04036	0.00769	0.00769	0.01153	0.00480	0.00480
26	0.05700	0.01851	0.03011	0.12961	0.45981	0.01925	0.05798	0.08319	0.01942	0.02790	0.01508	0.01954	0.01216	0.00741	0.00781	0.00242	0.00957	0.00707	0.00431	0.01185
27	0.05538	0.05742	0.08190	0.02369	0.12549	0.09290	0.04802	0.32766	0.04935	0.03712	0.01689	0.01837	0.01265	0.00852	0.00763	0.00235	0.00970	0.00673	0.00600	0.01222
28	0.00973	0.00695	0.00926	0.01100	0.01152	0.00649	0.00737	0.01121	0.01550	0.02074	0.07062	0.68781	0.05341	0.02447	0.01009	0.00319	0.00456	0.02219	0.00742	0.00649
29	0.01137	0.00834	0.01193	0.01193	0.01307	0.00947	0.00890	0.01364	0.01250	0.01781	0.02198	0.03527	0.02161	0.19085	0.56095	0.01174	0.01855	0.00910	0.00436	0.00663
30	0.01879	0.05892	0.07765	0.03329	0.10033	0.02044	0.51945	0.02520	0.01842	0.02508	0.01558	0.02053	0.01188	0.00677	0.00890	0.00258	0.01265	0.00869	0.00394	0.01090
31	0.02113	0.49739	0.09304	0.01582	0.02207	0.02858	0.01561	0.08719	0.01781	0.02250	0.01204	0.01435	0.01054	0.00810	0.00845	0.00208	0.10394	0.00505	0.00387	0.01045
32	0.01983	0.01875	0.02558	0.38929	0.10561	0.08340	0.05578	0.12957	0.04660	0.02663	0.01569	0.02034	0.01187	0.00818	0.00793	0.00252	0.01049	0.00709	0.00458	0.01028
33	0.01915	0.01835	0.03132	0.11592	0.60834	0.01872	0.02410	0.02392	0.01783	0.02533	0.01483	0.01978	0.01236	0.00715	0.00786	0.00238	0.00954	0.00706	0.00388	0.01217
34	0.03107	0.01884	0.02149	0.01668	0.02279	0.01984	0.01371	0.39021	0.08552	0.25898	0.02428	0.02261	0.01646	0.00972	0.00796	0.00243	0.00785	0.00758	0.00858	0.01341
35	0.01018	0.00807	0.00916	0.00888	0.01121	0.00704	0.00666	0.01295	0.01999	0.02597	0.33778	0.06883	0.40835	0.01839	0.00936	0.00260	0.00390	0.01569	0.00796	0.00704
36	0.00991	0.00805	0.00878	0.00860	0.01104	0.00692	0.00645	0.01242	0.01934	0.02444	0.25089	0.07136	0.49619	0.01896	0.00937	0.00262	0.00394	0.01604	0.00776	0.00692
37	0.00985	0.00805	0.00869	0.00853	0.01100	0.00690	0.00640	0.01230	0.01920	0.02408	0.23087	0.07194	0.51644	0.01909	0.00937	0.00263	0.00395	0.01612	0.00771	0.00690
38	0.01153	0.00769	0.00865	0.00865	0.00865	0.00769	0.00480	0.01153	0.01153	0.01538	0.02499	0.05189	0.02883	0.72131	0.04036	0.00769	0.00769	0.01153	0.00480	0.00480
39	0.01122	0.00811	0.01060	0.00998	0.01185	0.00748	0.00748	0.01496	0.02245	0.03180	0.66766	0.05923	0.07482	0.01621	0.00935	0.00249	0.00374	0.01434	0.00873	0.00748
40	0.01498	0.01409	0.02378	0.70226	0.05462	0.01762	0.02202	0.02026	0.01586	0.02026	0.01409	0.02114	0.01057	0.00793	0.00793	0.00264	0.01057	0.00705	0.00352	0.00881
41	0.02767	0.03388	0.02282	0.02040	0.02392	0.55580	0.01564	0.05412	0.02140	0.02058	0.01223	0.01498	0.01038	0.00914	0.01022	0.00229	0.12563	0.00548	0.00414	0.00928
42	0.01153	0.00769	0.00865	0.00865	0.00865	0.00769	0.00480	0.01153	0.01153	0.01538	0.02499	0.05189	0.02883	0.72131	0.04036	0.00769	0.00769	0.01153	0.00480	0.00480
43	0.00966	0.00690	0.00920	0.01104	0.01150	0.00644	0.00736	0.01104	0.01518	0.02024	0.04371	0.71614	0.05245	0.02484	0.01012	0.00322	0.00460	0.02254	0.00736	0.00644
44	0.01478	0.00739	0.00739	0.00739	0.00924	0.00739	0.00554	0.01848	0.01663	0.02956	0.02587	0.02956	0.02033	0.00924	0.00554	0.00185	0.00370	0.00739	0.76534	0.00739
45	0.01185	0.00920	0.01350	0.01320	0.01442	0.01101	0.01026	0.01443	0.01263	0.01830	0.02053	0.03112	0.01952	0.09183	0.59804	0.01168	0.07864	0.00853	0.00421	0.00709
46	0.02714	0.01836	0.02030	0.01635	0.02193	0.01984	0.01325	0.32386	0.21353	0.16314	0.02821	0.02641	0.04979	0.01045	0.00805	0.00250	0.00741	0.00830	0.00830	0.01288
47	0.01478	0.00739	0.00739	0.00739	0.00924	0.00739	0.00554	0.01848	0.01663	0.02956	0.02587	0.02956	0.02033	0.00924	0.00554	0.00185	0.00370	0.00739	0.76534	0.00739
48	0.01963	0.01884	0.03219	0.04867	0.67185	0.01884	0.02434	0.02434	0.01806	0.02591	0.01492	0.01963	0.01256	0.00707	0.00785	0.00236	0.00942	0.00707	0.00393	0.01256
49	0.01612	0.06921	0.65395	0.02223	0.03375	0.01895	0.02865	0.02506	0.01672	0.02485	0.01410	0.01658	0.01005	0.00750	0.00743	0.00248	0.01159	0.00579	0.00335	0.01166
50	0.01133	0.00850	0.01274	0.01274	0.01416	0.00991	0.00991	0.01416	0.01274	0.01841	0.02124	0.03115	0.01982	0.05947	0.68989	0.01274	0.02124	0.00850	0.00425	0.00708
51	0.01122	0.00811	0.01060	0.00998	0.01185	0.00748	0.00748	0.01496	0.02245	0.03180	0.66766	0.05923	0.07482	0.01621	0.00935	0.00249	0.00374	0.01434	0.00873	0.00748
52	0.01804	0.31753	0.42244	0.01896	0.02868	0.02365	0.02295	0.02456	0.01649	0.02251	0.01294	0.01512	0.01010	0.00723	0.00655	0.00218	0.01041	0.00521	0.00337	0.01110
53	0.02120	0.72609	0.04155	0.01357	0.02035	0.03138	0.01357	0.02374	0.01611	0.01866	0.01102	0.01272	0.01018	0.00678	0.00509	0.00170	0.00848	0.00424	0.00339	0.01018
54	0.00966	0.00690	0.00920	0.01104	0.01150	0.00644	0.00736	0.01104	0.01518	0.02024	0.04371	0.71614	0.05245	0.02484	0.01012	0.00322	0.00460	0.02254	0.00736	0.00644
55	0.12779	0.01952	0.02103	0.01639	0.02245	0.02113	0.01351	0.43192	0.05079	0.16541	0.02071	0.02006	0.01434	0.00933	0.00755	0.00241	0.00794	0.00698	0.00790	0.01282
56	0.01923	0.01844	0.03147	0.10410	0.61950	0.01874	0.02414	0.02399	0.01787	0.02543	0.01485	0.01975	0.01239	0.00714	0.00786	0.00238	0.00952	0.00706	0.00389	0.01224
57	0.00969	0.00805	0.00848	0.00837	0.01091	0.00683	0.00628	0.01200	0.01883	0.02322	0.18206	0.07336	0.56578	0.01941	0.00937	0.00265	0.00397	0.01632	0.00760	0.00683
58	0.01798	0.01501	0.01727	0.01248	0.01944	0.01215	0.01003	0.09019	0.01878	0.02855	0.01465	0.01673	0.01194	0.00628	0.00610	0.00131	0.00619	0.00497	0.00506	0.68487
59	0.05146	0.01845	0.05698	0.24380	0.17187	0.01827	0.17986	0.05280	0.01830	0.05265	0.01559	0.02027	0.01182	0.00744	0.00803	0.00249	0.01043	0.00740	0.00431	0.04779
60	0.06923	0.13444	0.37886	0.05752	0.06610	0.02092	0.05082	0.05326	0.01727	0.02553	0.01368	0.01662	0.01040	0.00779	0.00808	0.00244	0.04631	0.00591	0.00375	0.01106
61	0.02303	0.01093	0.01446	0.01236	0.01620	0.00996	0.00977	0.02658	0.04012	0.33695	0.19433	0.07413	0.06811	0.05274	0.04365	0.00335	0.00653	0.03795	0.00861	0.01025
62	0.00966	0.00690	0.00920	0.01104	0.01150	0.00644	0.00736	0.01104	0.01518	0.02024	0.04371	0.71614	0.05245	0.02484	0.01012	0.00322	0.00460	0.02254	0.00736	0.00644
63	0.01669	0.02600	0.28090	0.09902	0.13628	0.01766	0.11231	0.02501	0.08059	0.02523	0.01932	0.06139	0.01623	0.00934	0.00825	0.00263	0.01032	0.03741	0.00443	0.01098
64	0.05201	0.45880	0.16232	0.01513	0.02255	0.02525	0.01602	0.02523	0.01708	0.09076	0.03968	0.01686	0.01363	0.00765	0.00604	0.00200	0.00865	0.00535	0.00433	0.01066
65	0.07077	0.01442	0.01859	0.01433	0.02042	0.01319	0.01183	0.09593	0.02365	0.58645	0.02914	0.02555	0.01851	0.00967	0.00782	0.00245	0.00691	0.00772	0.00940	0.01326
66	0.45584	0.13392	0.07305	0.01346	0.01897	0.11626	0.01211	0.02436	0.01544	0.02900	0.01188	0.01411	0.00964	0.00948	0.03280	0.00269	0.00875	0.00470	0.00439	0.00913
67	0.01029	0.00797	0.00937	0.00923	0.01133	0.00705	0.00684	0.01309	0.01995	0.02634	0.36145	0.12231	0.32902	0.01861	0.00943	0.00263	0.00393	0.01607	0.00802	0.00705
68	0.01649	0.01575	0.02405	0.61592	0.07588	0.05030	0.02150	0.04669	0.01714	0.02166	0.01424	0.02067	0.01075	0.00797	0.00789	0.00259	0.01063	0.00696	0.00375	0.00917
69	0.00975	0.00697	0.00928	0.01098	0.01152	0.00650	0.00737	0.01127	0.01560	0.02091	0.07962	0.67833	0.05374	0.02435	0.01008	0.00318	0.00455	0.02207	0.00744	0.00650
70	0.01099	0.00810	0.01028	0.00974	0.01171	0.00738	0.00730	0.01452	0.02190	0.03051	0.59484	0.06135	0.14844	0.01669	0.00936	0.00252	0.00378	0.01464	0.00856	0.00738
71	0.01104	0.00805	0.01039	0.00991	0.01177	0.00739	0.00739	0.01457	0.02185	0.03066	0.60462	0.09100	0.10795	0.01684	0.00939	0.00254	0.00380	0.01486	0.00859	0.00739
72	0.00937	0.00803	0.00803	0.00803	0.01071	0.00669	0.00602	0.01138	0.01807	0.02142	0.08033	0.07632	0.66863	0.02008	0.00937	0.00268	0.00402	0.01674	0.00736	0.00669
73	0.77733	0.01534	0.01166	0.01043	0.01534	0.01779	0.00859	0.02331	0.01350	0.03558	0.01104	0.01288	0.00859	0.00736	0.00491	0.00245	0.00613	0.00429	0.00491	0.00859
74	0.01872	0.02139	0.04679	0.03342	0.04144	0.02005	0.64305	0.02540	0.01872	0.02540	0.01604	0.02139	0.01203	0.00668	0.00936	0.00267	0.01337	0.00936	0.00401	0.01070
75	0.03044	0.02173	0.02350	0.01802	0.02435	0.02388	0.01489	0.61220	0.03649	0.08431	0.01971	0.01947	0.01382	0.00954	0.00794	0.00238	0.00862	0.00719	0.00804	0.01349
76	0.03170	0.01805	0.02110	0.01637	0.02245	0.01857	0.01356	0.36711	0.03043	0.31024	0.02507	0.02521	0.01735	0.01015	0.00807	0.00246	0.00784	0.03233	0.00869	0.01324
77	0.01527	0.01342	0.01831	0.01603	0.01716	0.01689	0.01287	0.01714	0.01283	0.01969	0.01517	0.02385	0.01466	0.08129	0.15697	0.03924	0.36803	0.00742	0.04556	0.08818
78	0.01990	0.01716	0.02436	0.01994	0.02246	0.02102	0.08768	0.11777	0.04048	0.05680	0.01674	0.04868	0.01450	0.01216	0.01755	0.00300	0.37676	0.00805	0.06518	0.00982
79	0.01735	0.01735	0.02429	0.02082	0.02082	0.02429	0.01735	0.01908	0.01214	0.01908	0.01041	0.01735	0.01041	0.01388	0.02602	0.00347	0.70680	0.00694	0.00347	0.00867
80	0.00937	0.00803	0.00803	0.00803	0.01071	0.00669	0.00602	0.01138	0.01807	0.02142	0.08033	0.07632	0.66863	0.02008	0.00937	0.00268	0.00402	0.01674	0.00736	0.00669
81	0.01663	0.03616	0.52733	0.02608	0.07231	0.01874	0.14102	0.02512	0.01718	0.02521	0.01460	0.01776	0.01055	0.00735	0.00789	0.00253	0.01189	0.00657	0.00350	0.01158
82	0.06353	0.01604	0.01850	0.01386	0.02041	0.01470	0.01131	0.18046	0.02299	0.18869	0.01929	0.01944	0.01391	0.00780	0.00684	0.00185	0.00681	0.00607	0.00674	0.36077
83	0.01153	0.00769	0.00865	0.00865	0.00865	0.00769	0.00480	0.01153	0.01153	0.01538	0.02499	0.05189	0.02883	0.72131	0.04036	0.00769	0.00769	0.01153	0.00480	0.00480
84	0.01478	0.00739	0.00739	0.00739	0.00924	0.00739	0.00554	0.01848	0.01663	0.02956	0.02587	0.02956	0.02033	0.00924	0.00554	0.00185	0.00370	0.00739	0.76534	0.00739
85	0.02601	0.01873	0.02112	0.01800	0.04786	0.02032	0.01398	0.45006	0.05709	0.07583	0.02444	0.12114	0.02098	0.01214	0.00837	0.00256	0.00791	0.03353	0.00777	0.01217
86	0.00966	0.00690	0.00920	0.01104	0.01150	0.00644	0.00736	0.01104	0.01518	0.02024	0.04371	0.71614	0.05245	0.02484	0.01012	0.00322	0.00460	0.02254	0.00736	0.00644
87	0.01972	0.01703	0.01793	0.01614	0.02062	0.01972	0.01255	0.04214	0.65752	0.03317	0.03228	0.02959	0.02421	0.01076	0.00807	0.00269	0.00628	0.00897	0.00807	0.01255
88	0.64192	0.01693	0.04500	0.04302	0.05038	0.01813	0.01117	0.04813	0.01492	0.03453	0.01183	0.01399	0.00913	0.00747	0.00543	0.00246	0.00685	0.00474	0.00485	0.00913
89	0.01154	0.00839	0.01223	0.01223	0.01359	0.00965	0.00940	0.01427	0.01291	0.01889	0.02170	0.03213	0.02032	0.09057	0.61715	0.01186	0.01953	0.00859	0.04808	0.00698
90	0.01960	0.01650	0.02283	0.04875	0.02491	0.01493	0.10735	0.11582	0.02003	0.05575	0.01573	0.01827	0.01228	0.00705	0.00752	0.00178	0.02955	0.00609	0.00520	0.45008
91	0.01472	0.01348	0.01925	0.01729	0.01791	0.01801	0.01410	0.01693	0.01241	0.01879	0.01514	0.02338	0.01452	0.03379	0.31593	0.00752	0.40742	0.00762	0.00381	0.00798
92	0.01631	0.09369	0.63112	0.02191	0.03325	0.01941	0.02809	0.02501	0.01669	0.02462	0.01398	0.01643	0.01006	0.00748	0.00735	0.00245	0.01147	0.00574	0.00335	0.01160
93	0.01027	0.00829	0.00929	0.00968	0.01211	0.00731	0.00768	0.01276	0.01837	0.02256	0.10519	0.07840	0.48915	0.02029	0.00974	0.00289	0.00477	0.15694	0.00743	0.00688
94	0.01133	0.00850	0.01274	0.01274	0.01416	0.00991	0.00991	0.01416	0.01274	0.01841	0.02124	0.03115	0.01982	0.05947	0.68989	0.01274	0.02124	0.00850	0.00425	0.00708
95	0.01122	0.00811	0.01060	0.00998	0.01185	0.00748	0.00748	0.01496	0.02245	0.03180	0.66766	0.05923	0.07482	0.01621	0.00935	0.00249	0.00374	0.01434	0.00873	0.00748
96	0.02120	0.72609	0.04155	0.01357	0.02035	0.03138	0.01357	0.02374	0.01611	0.01866	0.01102	0.01272	0.01018	0.00678	0.00509	0.00170	0.00848	0.00424	0.00339	0.01018
97	0.01644	0.01409	0.01644	0.01175	0.01879	0.01057	0.00940	0.01997	0.01644	0.02584	0.01409	0.01644	0.01175	0.00587	0.00587	0.00117	0.00587	0.00470	0.00470	0.76979
98	0.04317	0.06473	0.53932	0.02371	0.07603	0.01878	0.05119	0.02543	0.01698	0.04824	0.01471	0.01719	0.01059	0.00751	0.00745	0.00247	0.01113	0.00603	0.00370	0.01163
99	0.01498	0.01409	0.02378	0.70226	0.05462	0.01762	0.02202	0.02026	0.01586	0.02026	0.01409	0.02114	0.01057	0.00793	0.00793	0.00264	0.01057	0.00705	0.00352	0.00881
100	0.01766	0.01409	0.02118	0.04039	0.02143	0.01553	0.13868	0.09282	0.01851	0.02837	0.02043	0.05229	0.01692	0.01025	0.01082	0.00247	0.14236	0.00828	0.31848	0.00903
101	0.00938	0.00799	0.00808	0.00815	0.01074	0.00668	0.00608	0.01137	0.01796	0.02138	0.07889	0.10154	0.64434	0.02027	0.00940	0.00270	0.00404	0.01696	0.00736	0.00668
102	0.01135	0.00842	0.01238	0.01238	0.01367	0.00972	0.00946	0.01393	0.01264	0.01814	0.02157	0.03298	0.02062	0.11775	0.63269	0.01230	0.02005	0.00876	0.00430	0.00688
103	0.01941	0.01969	0.03699	0.03786	0.31048	0.01951	0.29314	0.05989	0.01911	0.02660	0.01642	0.04351	0.01363	0.00791	0.00934	0.00257	0.03964	0.00858	0.00429	0.01144
104	0.01932	0.01888	0.03053	0.14597	0.55308	0.04541	0.02363	0.02402	0.01790	0.02480	0.01469	0.01964	0.01217	0.00724	0.00783	0.00239	0.00979	0.00698	0.00387	0.01186
105	0.00966	0.00690	0.00920	0.01104	0.01150	0.00644	0.00736	0.01104	0.01518	0.02024	0.04371	0.71614	0.05245	0.02484	0.01012	0.00322	0.00460	0.02254	0.00736	0.00644
106	0.77733	0.01534	0.01166	0.01043	0.01534	0.01779	0.00859	0.02331	0.01350	0.03558	0.01104	0.01288	0.00859	0.00736	0.00491	0.00245	0.00613	0.00429	0.00491	0.00859
107	0.01247	0.00891	0.01242	0.01425	0.01594	0.00886	0.01224	0.01589	0.01795	0.02338	0.04216	0.15181	0.04631	0.02220	0.01087	0.00361	0.00703	0.55917	0.00731	0.00722
108	0.01852	0.01802	0.02843	0.26273	0.41417	0.04739	0.02272	0.02399	0.04232	0.02404	0.01520	0.02029	0.01225	0.00754	0.00785	0.00245	0.00989	0.00705	0.00396	0.01117
109	0.01522	0.01434	0.02422	0.66815	0.08682	0.01768	0.02214	0.02047	0.01597	0.02056	0.01414	0.02106	0.01067	0.00788	0.00792	0.00263	0.01051	0.00705	0.00354	0.00900
110	0.38826	0.05196	0.33154	0.01634	0.02456	0.01855	0.01864	0.02418	0.01513	0.03001	0.01256	0.01472	0.00934	0.00742	0.00617	0.00246	0.00888	0.00504	0.00411	0.01014
111	0.01685	0.03969	0.64836	0.02219	0.03364	0.01809	0.02845	0.02576	0.01703	0.05652	0.01505	0.01724	0.01051	0.00764	0.00756	0.00251	0.01148	0.00596	0.00366	0.01180
112	0.01901	0.01696	0.05167	0.02242	0.16336	0.01691	0.01512	0.05991	0.30146	0.06181	0.06531	0.03490	0.08865	0.01137	0.00830	0.00261	0.00705	0.03473	0.00694	0.01153
113	0.01446	0.00958	0.01116	0.01026	0.01157	0.00966	0.00671	0.06722	0.01459	0.05013	0.02389	0.04422	0.02540	0.52936	0.09652	0.00716	0.00894	0.01037	0.00525	0.04356
114	0.01747	0.01433	0.01596	0.01499	0.01854	0.01604	0.01186	0.05085	0.42083	0.03072	0.08743	0.04532	0.03286	0.04823	0.01035	0.00311	0.00642	0.13621	0.00780	0.01068
115	0.05082	0.26989	0.28716	0.01985	0.02813	0.02289	0.10559	0.02390	0.01668	0.02338	0.03995	0.01761	0.01298	0.00781	0.00777	0.00230	0.04284	0.00611	0.00375	0.01060
116	0.02719	0.02052	0.02200	0.01752	0.02324	0.02284	0.01424	0.49829	0.15945	0.04536	0.02273	0.05120	0.01729	0.01043	0.00805	0.00248	0.00806	0.00817	0.00794	0.01300
117	0.06880	0.01379	0.01787	0.01379	0.01988	0.01218	0.01133	0.03627	0.04811	0.55730	0.02871	0.02541	0.01853	0.00936	0.00763	0.00234	0.00661	0.00753	0.00902	0.08554
118	0.02317	0.02030	0.02462	0.07152	0.05337	0.13194	0.11430	0.15540	0.02219	0.09343	0.01964	0.06869	0.01649	0.04483	0.01116	0.00278	0.06802	0.00847	0.03931	0.01036
119	0.01956	0.01624	0.01925	0.04912	0.08827	0.04596	0.01248	0.08082	0.04147	0.06558	0.04973	0.02039	0.01598	0.00747	0.00680	0.00171	0.00708	0.00613	0.00545	0.44051
120	0.02934	0.02144	0.02294	0.01768	0.02379	0.02369	0.01457	0.61269	0.03621	0.04891	0.01939	0.01959	0.01384	0.00950	0.00781	0.00235	0.00846	0.00715	0.04745	0.01317
121	0.01605	0.01368	0.01603	0.01170	0.01837	0.01033	0.00928	0.01945	0.01637	0.02552	0.01580	0.05671	0.01409	0.00696	0.00612	0.00129	0.00580	0.00573	0.00485	0.72586
122	0.01735	0.01735	0.02429	0.02082	0.02082	0.02429	0.01735	0.01908	0.01214	0.01908	0.01041	0.01735	0.01041	0.01388	0.02602	0.00347	0.70680	0.00694	0.00347	0.00867
123	0.01122	0.00811	0.01060	0.00998	0.01185	0.00748	0.00748	0.01496	0.02245	0.03180	0.66766	0.05923	0.07482	0.01621	0.00935	0.00249	0.00374	0.01434	0.00873	0.00748
124	0.01963	0.01884	0.03219	0.04867	0.67185	0.01884	0.02434	0.02434	0.01806	0.02591	0.01492	0.01963	0.01256	0.00707	0.00785	0.00236	0.00942	0.00707	0.00393	0.01256
125	0.03014	0.02221	0.02380	0.01825	0.02459	0.02459	0.01507	0.64541	0.03728	0.04998	0.01904	0.01904	0.01349	0.00952	0.00793	0.00238	0.00873	0.00714	0.00793	0.01349
126	0.55155	0.01741	0.01532	0.01279	0.01813	0.01984	0.01055	0.21129	0.02068	0.03993	0.01346	0.01474	0.01007	0.00801	0.00582	0.00243	0.00692	0.00515	0.00582	0.01007
127	0.01142	0.00852	0.01088	0.01185	0.01353	0.00822	0.00922	0.01512	0.05132	0.02413	0.15037	0.27437	0.14261	0.02104	0.01005	0.00313	0.00534	0.21403	0.00760	0.00725
128	0.01043	0.00725	0.00908	0.01012	0.01049	0.00695	0.00644	0.01144	0.01428	0.01915	0.07286	0.43846	0.04521	0.27586	0.02100	0.00479	0.00567	0.01809	0.00652	0.00591
129	0.01554	0.01058	0.01356	0.01359	0.01613	0.01069	0.01124	0.05223	0.08219	0.07331	0.17827	0.06712	0.04582	0.05084	0.01133	0.00334	0.00646	0.32148	0.00779	0.00849
130	0.77733	0.01534	0.01166	0.01043	0.01534	0.01779	0.00859	0.02331	0.01350	0.03558	0.01104	0.01288	0.00859	0.00736	0.00491	0.00245	0.00613	0.00429	0.00491	0.00859
131	0.02322	0.02138	0.03559	0.02622	0.03289	0.02225	0.33630	0.27533	0.02566	0.03479	0.01678	0.02010	0.01248	0.00844	0.01020	0.00262	0.07030	0.00826	0.00555	0.01165
132	0.01250	0.00851	0.01139	0.01262	0.01433	0.00812	0.01016	0.01529	0.01776	0.05352	0.07854	0.26839	0.11137	0.02172	0.01032	0.00331	0.00596	0.32137	0.00752	0.00729
133	0.01878	0.01798	0.03066	0.16707	0.56004	0.01862	0.02392	0.02360	0.01766	0.02488	0.01477	0.01990	0.01220	0.00722	0.00786	0.00241	0.00963	0.00706	0.00385	0.01188
134	0.02937	0.02183	0.02336	0.01809	0.02430	0.02423	0.01489	0.60075	0.08320	0.04873	0.02002	0.01982	0.01428	0.00961	0.00794	0.00240	0.00854	0.00727	0.00794	0.01342
135	0.01018	0.00815	0.00924	0.00975	0.01200	0.00720	0.00759	0.01255	0.01806	0.02231	0.09921	0.13980	0.45279	0.02071	0.00976	0.00292	0.00472	0.13879	0.00742	0.00683
136	0.01377	0.00689	0.01033	0.01033	0.01033	0.00689	0.00689	0.01033	0.01033	0.01377	0.01377	0.02410	0.01377	0.02755	0.03099	0.76928	0.00689	0.00689	0.00344	0.00344
137	0.01498	0.01409	0.02378	0.70226	0.05462	0.01762	0.02202	0.02026	0.01586	0.02026	0.01409	0.02114	0.01057	0.00793	0.00793	0.00264	0.01057	0.00705	0.00352	0.00881
138	0.03558	0.01350	0.01840	0.01411	0.02024	0.01166	0.01166	0.03865	0.02270	0.67734	0.03128	0.02699	0.01963	0.00981	0.00797	0.00245	0.00675	0.00797	0.00981	0.01350
139	0.01261	0.00905	0.01254	0.01420	0.01605	0.00898	0.01234	0.01621	0.01843	0.02402	0.07085	0.08771	0.06589	0.02160	0.01083	0.00357	0.00704	0.57342	0.00737	0.00729
140	0.02024	0.01812	0.01817	0.01636	0.02082	0.05467	0.01270	0.04159	0.62439	0.03245	0.03123	0.02879	0.02348	0.01062	0.00802	0.00266	0.00669	0.00876	0.00786	0.01238
141	0.08661	0.02169	0.02288	0.01765	0.02389	0.02408	0.01458	0.59840	0.03549	0.04889	0.01843	0.01857	0.01312	0.00936	0.00770	0.00239	0.00853	0.00692	0.00770	0.01312
142	0.01644	0.01409	0.01644	0.01175	0.01879	0.01057	0.00940	0.01997	0.01644	0.02584	0.01409	0.01644	0.01175	0.00587	0.00587	0.00117	0.00587	0.00470	0.00470	0.76979
143	0.02489	0.01150	0.01545	0.01362	0.04272	0.01013	0.01030	0.02799	0.02161	0.39076	0.19019	0.06490	0.11518	0.01306	0.00855	0.00251	0.00571	0.01108	0.00893	0.01091
144	0.01153	0.00769	0.00865	0.00865	0.00865	0.00769	0.00480	0.01153	0.01153	0.01538	0.02499	0.05189	0.02883	0.72131	0.04036	0.00769	0.00769	0.01153	0.00480	0.00480
145	0.02120	0.72609	0.04155	0.01357	0.02035	0.03138	0.01357	0.02374	0.01611	0.01866	0.01102	0.01272	0.01018	0.00678	0.00509	0.00170	0.00848	0.00424	0.00339	0.01018
146	0.01147	0.00766	0.00867	0.00873	0.00875	0.00764	0.00489	0.01151	0.01166	0.01555	0.02564	0.07528	0.02966	0.69679	0.03930	0.00753	0.00758	0.01192	0.00489	0.00486
147	0.01872	0.02139	0.04679	0.03342	0.04144	0.02005	0.64305	0.02540	0.01872	0.02540	0.01604	0.02139	0.01203	0.00668	0.00936	0.00267	0.01337	0.00936	0.00401	0.01070
148	0.77733	0.01534	0.01166	0.01043	0.01534	0.01779	0.00859	0.02331	0.01350	0.03558	0.01104	0.01288	0.00859	0.00736	0.00491	0.00245	0.00613	0.00429	0.00491	0.00859
149	0.02120	0.72609	0.04155	0.01357	0.02035	0.03138	0.01357	0.02374	0.01611	0.01866	0.01102	0.01272	0.01018	0.00678	0.00509	0.00170	0.00848	0.00424	0.00339	0.01018
150	0.01274	0.01013	0.01250	0.01149	0.01488	0.00835	0.00846	0.01515	0.01585	0.02282	0.03071	0.38634	0.03441	0.01645	0.00830	0.00234	0.00526	0.03787	0.00620	0.33976
151	0.01735	0.01751	0.02113	0.07647	0.02297	0.11284	0.04688	0.04114	0.01581	0.02082	0.01924	0.16164	0.01993	0.01788	0.06931	0.00380	0.29209	0.01014	0.00460	0.00845
152	0.01872	0.02139	0.04679	0.03342	0.04144	0.02005	0.64305	0.02540	0.01872	0.02540	0.01604	0.02139	0.01203	0.00668	0.00936	0.00267	0.01337	0.00936	0.00401	0.01070
153	0.01872	0.02139	0.04679	0.03342	0.04144	0.02005	0.64305	0.02540	0.01872	0.02540	0.01604	0.02139	0.01203	0.00668	0.00936	0.00267	0.01337	0.00936	0.00401	0.01070
154	0.77733	0.01534	0.01166	0.01043	0.01534	0.01779	0.00859	0.02331	0.01350	0.03558	0.01104	0.01288	0.00859	0.00736	0.00491	0.00245	0.00613	0.00429	0.00491	0.00859
155	0.77733	0.01534	0.01166	0.01043	0.01534	0.01779	0.00859	0.02331	0.01350	0.03558	0.01104	0.01288	0.00859	0.00736	0.00491	0.00245	0.00613	0.00429	0.00491	0.00859
156	0.03358	0.01338	0.01780	0.01387	0.01969	0.01190	0.01139	0.03779	0.05892	0.60647	0.03106	0.02727	0.01993	0.00984	0.00785	0.00244	0.00656	0.00800	0.04914	0.01312
157	0.00975	0.00774	0.00882	0.00960	0.01145	0.00681	0.00704	0.01168	0.01711	0.02121	0.06472	0.29486	0.40784	0.02185	0.00976	0.00294	0.00449	0.06832	0.00736	0.00666
158	0.00947	0.00804	0.00817	0.00814	0.01077	0.00674	0.00610	0.01158	0.01831	0.02199	0.11248	0.07538	0.63613	0.01987	0.00937	0.00267	0.00400	0.01660	0.00744	0.00674
159	0.02411	0.01091	0.01468	0.01223	0.01630	0.00965	0.00970	0.02737	0.02220	0.37493	0.29625	0.07634	0.04427	0.01326	0.00866	0.00251	0.00539	0.01138	0.00924	0.01063
160	0.77733	0.01534	0.01166	0.01043	0.01534	0.01779	0.00859	0.02331	0.01350	0.03558	0.01104	0.01288	0.00859	0.00736	0.00491	0.00245	0.00613	0.00429	0.00491	0.00859
161	0.01644	0.01409	0.01644	0.01175	0.01879	0.01057	0.00940	0.01997	0.01644	0.02584	0.01409	0.01644	0.01175	0.00587	0.00587	0.00117	0.00587	0.00470	0.00470	0.76979
162	0.71469	0.04327	0.01313	0.01071	0.01575	0.01805	0.00892	0.02401	0.01401	0.06332	0.01194	0.01350	0.00914	0.00745	0.00505	0.00242	0.00625	0.00445	0.00506	0.00887
163	0.02713	0.01977	0.02159	0.01643	0.02278	0.02071	0.01350	0.47530	0.03185	0.06997	0.01875	0.01916	0.01359	0.00879	0.00745	0.00212	0.00792	0.00669	0.03041	0.16611
164	0.01840	0.13669	0.25371	0.07261	0.05659	0.05345	0.22070	0.02470	0.01735	0.02338	0.01408	0.01791	0.01084	0.00745	0.00851	0.00246	0.03996	0.00686	0.00364	0.01074
165	0.01113	0.00810	0.01048	0.00988	0.01179	0.00744	0.00741	0.01479	0.02224	0.03130	0.63938	0.06006	0.10341	0.01640	0.00935	0.00250	0.00375	0.01446	0.00866	0.00744
166	0.01715	0.01705	0.02390	0.02055	0.02060	0.02381	0.01710	0.01892	0.01216	0.01906	0.01077	0.01781	0.01072	0.01540	0.04818	0.00378	0.68392	0.00699	0.00350	0.00862
167	0.01153	0.00769	0.00865	0.00865	0.00865	0.00769	0.00480	0.01153	0.01153	0.01538	0.02499	0.05189	0.02883	0.72131	0.04036	0.00769	0.00769	0.01153	0.00480	0.00480
168	0.02669	0.01257	0.01541	0.01256	0.01702	0.01201	0.00999	0.09509	0.05511	0.35568	0.05343	0.03009	0.02228	0.06588	0.01003	0.00274	0.00621	0.00834	0.17771	0.01116
169	0.01735	0.01735	0.02429	0.02082	0.02082	0.02429	0.01735	0.01908	0.01214	0.01908	0.01041	0.01735	0.01041	0.01388	0.02602	0.00347	0.70680	0.00694	0.00347	0.00867
170	0.01245	0.00832	0.00936	0.00922	0.00965	0.00840	0.00552	0.04236	0.01328	0.01808	0.02611	0.09768	0.02940	0.60196	0.03492	0.00683	0.00732	0.01192	0.04176	0.00547
171	0.02120	0.72609	0.04155	0.01357	0.02035	0.03138	0.01357	0.02374	0.01611	0.01866	0.01102	0.01272	0.01018	0.00678	0.00509	0.00170	0.00848	0.00424	0.00339	0.01018
172	0.01300	0.00951	0.01282	0.01437	0.01627	0.00967	0.01224	0.01786	0.06644	0.02411	0.04142	0.14568	0.04467	0.02135	0.01065	0.00354	0.00696	0.51445	0.00737	0.00762
173	0.02962	0.03779	0.02247	0.02043	0.02451	0.68948	0.01532	0.03166	0.02247	0.01941	0.01226	0.01430	0.01021	0.00817	0.00715	0.00204	0.01430	0.00511	0.00409	0.00919
174	0.01527	0.01450	0.02385	0.61760	0.05042	0.01845	0.02144	0.02011	0.01540	0.02011	0.01364	0.02067	0.01055	0.00867	0.01018	0.00275	0.09707	0.00703	0.00352	0.00879
175	0.00985	0.00698	0.00914	0.01080	0.01121	0.00657	0.00710	0.01109	0.01481	0.01974	0.04178	0.64779	0.05002	0.09650	0.01323	0.00368	0.00492	0.02141	0.00710	0.00627
176	0.02120	0.72609	0.04155	0.01357	0.02035	0.03138	0.01357	0.02374	0.01611	0.01866	0.01102	0.01272	0.01018	0.00678	0.00509	0.00170	0.00848	0.00424	0.00339	0.01018
177	0.01742	0.01757	0.02552	0.02151	0.02195	0.02406	0.05159	0.01943	0.01250	0.01943	0.01072	0.01757	0.01050	0.01349	0.02511	0.00343	0.66885	0.00707	0.00350	0.00879
178	0.01533	0.00992	0.01342	0.01437	0.01680	0.00981	0.01239	0.01978	0.04995	0.09135	0.04190	0.07959	0.06608	0.02005	0.01044	0.00344	0.00707	0.50252	0.00760	0.00817
179	0.01644	0.01409	0.01644	0.01175	0.01879	0.01057	0.00940	0.01997	0.01644	0.02584	0.01409	0.01644	0.01175	0.00587	0.00587	0.00117	0.00587	0.00470	0.00470	0.76979
180	0.00937	0.00803	0.00803	0.00803	0.01071	0.00669	0.00602	0.01138	0.01807	0.02142	0.08033	0.07632	0.66863	0.02008	0.00937	0.00268	0.00402	0.01674	0.00736	0.00669
181	0.02782	0.03210	0.02194	0.01942	0.02364	0.50003	0.01486	0.07633	0.07767	0.04354	0.01503	0.01661	0.01202	0.00879	0.00835	0.00219	0.05253	0.00577	0.00487	0.03647
182	0.01428	0.00838	0.01408	0.01271	0.01353	0.00824	0.07234	0.01188	0.01119	0.01497	0.01401	0.02383	0.01359	0.02540	0.02877	0.69041	0.00755	0.00714	0.00350	0.00419
183	0.00966	0.00690	0.00920	0.01104	0.01150	0.00644	0.00736	0.01104	0.01518	0.02024	0.04371	0.71614	0.05245	0.02484	0.01012	0.00322	0.00460	0.02254	0.00736	0.00644
184	0.00966	0.00690	0.00920	0.01104	0.01150	0.00644	0.00736	0.01104	0.01518	0.02024	0.04371	0.71614	0.05245	0.02484	0.01012	0.00322	0.00460	0.02254	0.00736	0.00644
185	0.01845	0.02327	0.10753	0.03238	0.04076	0.01990	0.58420	0.02537	0.01853	0.02537	0.01587	0.02094	0.01184	0.00677	0.00918	0.00266	0.01321	0.00902	0.00395	0.01079
186	0.00966	0.00690	0.00920	0.01104	0.01150	0.00644	0.00736	0.01104	0.01518	0.02024	0.04371	0.71614	0.05245	0.02484	0.01012	0.00322	0.00460	0.02254	0.00736	0.00644
187	0.03535	0.01386	0.01863	0.01428	0.02042	0.01219	0.01180	0.06393	0.02330	0.65120	0.03077	0.02666	0.01937	0.00980	0.00797	0.00245	0.00683	0.00794	0.00974	0.01349
188	0.71083	0.05107	0.03905	0.01105	0.01632	0.01848	0.00963	0.02340	0.01375	0.03435	0.01116	0.01302	0.00872	0.00734	0.00502	0.00242	0.00647	0.00435	0.00477	0.00879
189	0.01181	0.00816	0.01065	0.01044	0.01228	0.00752	0.00783	0.01508	0.02091	0.05114	0.48860	0.16121	0.09574	0.01781	0.00951	0.00268	0.00418	0.04856	0.00841	0.00748
190	0.01813	0.02103	0.06712	0.08666	0.04037	0.01945	0.51357	0.02447	0.01806	0.02477	0.01551	0.02079	0.01176	0.00703	0.00957	0.00262	0.03691	0.00871	0.00396	0.04949

[dist]
# distance from previous block
# <min> <max>
6	7

[block]
# block no. 3 follows, 24 sequences, length 7
# corresponding to MSA columns:
# 284-290
name=unknown_D
#
# <colnr> <probs for GDERKNQSTAVLIFYWHMCP>
#	G	D	E	R	K	N	Q	S	T	A	V	L	I	F	Y	W	H	M	C	P
0	0.02037	0.02084	0.07280	0.03670	0.36021	0.02056	0.10997	0.10832	0.01983	0.02808	0.01494	0.01929	0.01214	0.00836	0.01068	0.00257	0.11084	0.00731	0.00438	0.01181
1	0.01760	0.01507	0.01783	0.01320	0.01946	0.01309	0.01067	0.06856	0.01762	0.02701	0.01409	0.01674	0.01174	0.00699	0.00814	0.00151	0.07922	0.00512	0.00482	0.63152
2	0.01961	0.01939	0.03037	0.13938	0.54272	0.06192	0.02343	0.02423	0.01803	0.02469	0.01463	0.01950	0.01213	0.00726	0.00782	0.00238	0.00990	0.00694	0.00388	0.01181
3	0.00966	0.00804	0.00843	0.00833	0.01089	0.00682	0.00625	0.01194	0.01875	0.02303	0.17133	0.07367	0.57663	0.01948	0.00937	0.00265	0.00397	0.01636	0.00758	0.00682
4	0.00975	0.00794	0.00870	0.00920	0.01141	0.00689	0.00692	0.01181	0.01759	0.02144	0.07021	0.18909	0.50054	0.02109	0.00966	0.00287	0.00444	0.07639	0.00736	0.00671
5	0.01916	0.26601	0.02925	0.01751	0.02030	0.07390	0.01520	0.02134	0.01499	0.01984	0.05619	0.01840	0.01477	0.01115	0.01618	0.00268	0.36375	0.00637	0.00385	0.00915
6	0.01063	0.00808	0.00978	0.00936	0.01148	0.00723	0.00702	0.01382	0.02105	0.02849	0.48030	0.06468	0.26425	0.01745	0.00936	0.00255	0.00383	0.01510	0.00829	0.00723

[dist]
# distance from previous block
# <min> <max>
0	0

# created by:
# /st0/software/busco_prod/Augustus/scripts/msa2prfl.pl ./align_prep/107343.fa
