[name]
unknown

[dist]
# distance from previous block
# <min> <max>
17	35

[block]
# block no. 0 follows, 26 sequences, length 13
# corresponding to MSA columns:
# 36-48
name=unknown_A
#
# <colnr> <probs for GDERKNQSTAVLIFYWHMCP>
#	G	D	E	R	K	N	Q	S	T	A	V	L	I	F	Y	W	H	M	C	P
0	0.02267	0.02245	0.02321	0.01938	0.02240	0.18657	0.04367	0.20019	0.02100	0.02680	0.01332	0.01702	0.01115	0.01217	0.04109	0.00301	0.29305	0.00643	0.00470	0.00973
1	0.01872	0.02110	0.03800	0.02984	0.08090	0.08352	0.44618	0.02377	0.01714	0.02279	0.01403	0.01906	0.01112	0.00770	0.01131	0.00261	0.13052	0.00803	0.00375	0.00990
2	0.01866	0.01934	0.02661	0.02080	0.02522	0.11334	0.19446	0.06070	0.01703	0.02292	0.01383	0.01845	0.01162	0.01300	0.07658	0.00328	0.18395	0.00680	0.00409	0.14932
3	0.05318	0.05473	0.02841	0.13529	0.28401	0.01742	0.11941	0.04195	0.01735	0.08542	0.01587	0.01986	0.01242	0.01022	0.05068	0.00291	0.00995	0.00695	0.00439	0.02956
4	0.02636	0.01928	0.02099	0.01604	0.02199	0.02048	0.01312	0.51842	0.03126	0.06457	0.01808	0.01921	0.01337	0.03457	0.00840	0.00228	0.00783	0.00665	0.00707	0.13003
5	0.06660	0.01417	0.02228	0.60397	0.07149	0.01729	0.01991	0.05626	0.01626	0.02217	0.01359	0.01953	0.01021	0.00760	0.00739	0.00249	0.00969	0.00657	0.00371	0.00880
6	0.01432	0.01348	0.02275	0.71520	0.05224	0.01685	0.02107	0.01938	0.01517	0.01938	0.01348	0.02022	0.01011	0.00758	0.00758	0.00253	0.01011	0.00674	0.00337	0.00843
7	0.41052	0.08425	0.06463	0.01264	0.01793	0.01834	0.01123	0.09802	0.08746	0.05816	0.05915	0.01842	0.01520	0.00824	0.00594	0.00230	0.00663	0.00577	0.00553	0.00963
8	0.03549	0.01506	0.02312	0.35051	0.03672	0.06457	0.11300	0.01933	0.01519	0.01996	0.01600	0.06757	0.01402	0.01514	0.08980	0.02971	0.05478	0.00800	0.00383	0.00820
9	0.01956	0.01828	0.01852	0.09464	0.02364	0.12394	0.01210	0.11731	0.01958	0.02658	0.01391	0.01629	0.01112	0.00672	0.00634	0.00159	0.00784	0.00517	0.00474	0.45214
10	0.01516	0.01461	0.02575	0.48333	0.15251	0.01666	0.09405	0.02005	0.01579	0.02083	0.01556	0.06339	0.01304	0.00830	0.00786	0.00252	0.00989	0.00791	0.00371	0.00909
11	0.01804	0.01714	0.08123	0.01582	0.02017	0.03557	0.05289	0.12277	0.01800	0.05117	0.01679	0.02243	0.01430	0.08183	0.09395	0.00385	0.12455	0.00691	0.04870	0.15388
12	0.11232	0.21891	0.07276	0.01597	0.02100	0.21547	0.01410	0.08420	0.01862	0.04427	0.01290	0.01491	0.01052	0.00805	0.00784	0.00211	0.07747	0.00514	0.03389	0.00955

[dist]
# distance from previous block
# <min> <max>
64	128

[block]
# block no. 1 follows, 26 sequences, length 13
# corresponding to MSA columns:
# 186-198
name=unknown_B
#
# <colnr> <probs for GDERKNQSTAVLIFYWHMCP>
#	G	D	E	R	K	N	Q	S	T	A	V	L	I	F	Y	W	H	M	C	P
0	0.48310	0.01599	0.01500	0.03494	0.01837	0.01788	0.01037	0.15974	0.01817	0.03490	0.01261	0.01439	0.00969	0.00758	0.00628	0.00224	0.03351	0.00492	0.00520	0.09512
1	0.01624	0.01287	0.01429	0.01190	0.01661	0.01211	0.00931	0.05103	0.19959	0.06240	0.03589	0.06374	0.17887	0.01131	0.00737	0.00207	0.00541	0.00940	0.00651	0.27306
2	0.07030	0.44116	0.19712	0.01563	0.02271	0.06717	0.01664	0.02327	0.01559	0.02051	0.01135	0.01342	0.00961	0.00710	0.00648	0.00196	0.04212	0.00461	0.00337	0.00987
3	0.34277	0.01763	0.13074	0.05776	0.02067	0.01497	0.01313	0.05078	0.01615	0.10440	0.05302	0.02294	0.01601	0.01009	0.00805	0.05483	0.00723	0.04456	0.00526	0.00902
4	0.01934	0.02221	0.20578	0.01590	0.02332	0.01557	0.01580	0.13240	0.06377	0.07561	0.01654	0.01782	0.01236	0.00748	0.00730	0.00193	0.03087	0.00577	0.00519	0.30503
5	0.02680	0.02964	0.02230	0.05883	0.06535	0.44087	0.01539	0.17926	0.04451	0.02634	0.01411	0.01588	0.01109	0.00812	0.00713	0.00210	0.01169	0.00568	0.00486	0.01004
6	0.01459	0.01015	0.01793	0.01773	0.09398	0.00995	0.11312	0.01376	0.01203	0.01632	0.01365	0.02214	0.01277	0.02085	0.02373	0.56358	0.00787	0.00699	0.00343	0.00543
7	0.01542	0.01784	0.10591	0.39469	0.08651	0.01683	0.15837	0.02060	0.01564	0.02092	0.01393	0.01987	0.01069	0.00849	0.00932	0.05488	0.01051	0.00707	0.00347	0.00903
8	0.04935	0.01548	0.02262	0.51097	0.10836	0.04634	0.01955	0.05154	0.06017	0.02264	0.01474	0.01991	0.01120	0.00774	0.00743	0.00246	0.00962	0.00668	0.00397	0.00923
9	0.12122	0.11301	0.19645	0.01689	0.05308	0.04817	0.01591	0.06099	0.08572	0.06392	0.01730	0.05646	0.01411	0.00839	0.00663	0.00217	0.00811	0.00648	0.00489	0.10010
10	0.05621	0.21537	0.08064	0.01630	0.02157	0.15645	0.01451	0.09482	0.11079	0.02483	0.01482	0.01637	0.01200	0.00831	0.00828	0.00214	0.08364	0.00558	0.00461	0.05277
11	0.19388	0.06235	0.04753	0.10827	0.02186	0.01422	0.05420	0.02078	0.03284	0.07902	0.17995	0.03012	0.04404	0.05055	0.00888	0.00261	0.00681	0.00829	0.00568	0.02813
12	0.23461	0.07209	0.12746	0.11098	0.02538	0.17602	0.01521	0.05302	0.01746	0.02597	0.04908	0.01709	0.01293	0.00781	0.00639	0.00221	0.00924	0.00555	0.00432	0.02718

[dist]
# distance from previous block
# <min> <max>
114	223

[block]
# block no. 2 follows, 26 sequences, length 6
# corresponding to MSA columns:
# 472-477
name=unknown_C
#
# <colnr> <probs for GDERKNQSTAVLIFYWHMCP>
#	G	D	E	R	K	N	Q	S	T	A	V	L	I	F	Y	W	H	M	C	P
0	0.02132	0.01978	0.02520	0.14529	0.28981	0.09385	0.01880	0.16707	0.09119	0.02906	0.01650	0.01935	0.01283	0.00791	0.00749	0.00231	0.00924	0.00676	0.00498	0.01126
1	0.01675	0.01484	0.02262	0.17758	0.02862	0.06241	0.15605	0.08080	0.01720	0.02227	0.06003	0.05493	0.01741	0.01379	0.01395	0.21128	0.00914	0.00821	0.00440	0.00772
2	0.01683	0.31468	0.06387	0.06253	0.02022	0.08416	0.01275	0.02001	0.01743	0.02146	0.15337	0.06007	0.05849	0.01092	0.00700	0.00216	0.00761	0.05289	0.00495	0.00861
3	0.01909	0.15371	0.15197	0.07424	0.25453	0.10417	0.04505	0.02362	0.01673	0.02182	0.01287	0.01647	0.01061	0.00740	0.00811	0.00223	0.05743	0.00591	0.00353	0.01051
4	0.01164	0.00867	0.01129	0.01123	0.01352	0.00793	0.00902	0.01493	0.01876	0.02589	0.31268	0.10940	0.08213	0.01695	0.00913	0.00267	0.00504	0.22437	0.00728	0.09746
5	0.01716	0.01433	0.01650	0.01191	0.01858	0.01158	0.00958	0.08915	0.01790	0.02724	0.01400	0.01600	0.01142	0.00600	0.00583	0.00125	0.00592	0.00475	0.00483	0.69608

[dist]
# distance from previous block
# <min> <max>
0	1

[block]
# block no. 3 follows, 26 sequences, length 61
# corresponding to MSA columns:
# 479-539
name=unknown_D
#
# <colnr> <probs for GDERKNQSTAVLIFYWHMCP>
#	G	D	E	R	K	N	Q	S	T	A	V	L	I	F	Y	W	H	M	C	P
0	0.01756	0.02365	0.20939	0.07030	0.44309	0.01793	0.06169	0.02336	0.01687	0.02430	0.01412	0.01820	0.01125	0.00690	0.00752	0.00232	0.00987	0.00658	0.00359	0.01153
1	0.02880	0.02212	0.02269	0.01757	0.02352	0.06342	0.01443	0.62380	0.03483	0.04609	0.01783	0.01794	0.01272	0.00903	0.00754	0.00226	0.00866	0.00671	0.00737	0.01266
2	0.01933	0.01908	0.03024	0.04497	0.64727	0.05817	0.02277	0.02369	0.01752	0.02442	0.01412	0.01847	0.01188	0.00682	0.00747	0.00224	0.00928	0.00665	0.00376	0.01183
3	0.01537	0.03813	0.65606	0.02223	0.03323	0.01771	0.06499	0.02404	0.01612	0.02404	0.01371	0.01627	0.00972	0.00716	0.00731	0.00241	0.01130	0.00580	0.00324	0.01115
4	0.01887	0.01629	0.01715	0.01544	0.01972	0.01887	0.01201	0.04031	0.67241	0.03173	0.03087	0.02830	0.02315	0.01029	0.00772	0.00257	0.00600	0.00858	0.00772	0.01201
5	0.01766	0.01973	0.04068	0.02969	0.03591	0.01995	0.53708	0.02315	0.01671	0.02315	0.01433	0.01973	0.01122	0.00770	0.01197	0.00270	0.14654	0.00851	0.00374	0.00986
6	0.01887	0.01629	0.01715	0.01544	0.01972	0.01887	0.01201	0.04031	0.67241	0.03173	0.03087	0.02830	0.02315	0.01029	0.00772	0.00257	0.00600	0.00858	0.00772	0.01201
7	0.78701	0.01467	0.01115	0.00997	0.01467	0.01702	0.00821	0.02230	0.01291	0.03403	0.01056	0.01232	0.00821	0.00704	0.00469	0.00235	0.00587	0.00411	0.00469	0.00821
8	0.01414	0.00707	0.00707	0.00707	0.00884	0.00707	0.00530	0.01767	0.01591	0.02828	0.02474	0.02828	0.01944	0.00884	0.00530	0.00177	0.00353	0.00707	0.77554	0.00707
9	0.00924	0.00660	0.00880	0.01056	0.01100	0.00616	0.00704	0.01056	0.01452	0.01936	0.04181	0.72848	0.05017	0.02376	0.00968	0.00308	0.00440	0.02156	0.00704	0.00616
10	0.00896	0.00768	0.00768	0.00768	0.01025	0.00640	0.00576	0.01089	0.01729	0.02049	0.07684	0.07300	0.68304	0.01921	0.00896	0.00256	0.00384	0.01601	0.00704	0.00640
11	0.01521	0.03923	0.69413	0.02162	0.03283	0.01762	0.02802	0.02402	0.01601	0.02402	0.01361	0.01601	0.00961	0.00721	0.00721	0.00240	0.01121	0.00560	0.00320	0.01121
12	0.01790	0.02046	0.04476	0.03197	0.03964	0.01918	0.65857	0.02430	0.01790	0.02430	0.01535	0.02046	0.01151	0.00639	0.00895	0.00256	0.01279	0.00895	0.00384	0.01023
13	0.00924	0.00660	0.00880	0.01056	0.01100	0.00616	0.00704	0.01056	0.01452	0.01936	0.04181	0.72848	0.05017	0.02376	0.00968	0.00308	0.00440	0.02156	0.00704	0.00616
14	0.02561	0.01964	0.02095	0.01680	0.02229	0.02202	0.01364	0.46010	0.24164	0.04260	0.02231	0.02147	0.01622	0.00949	0.00763	0.00237	0.00759	0.00739	0.00763	0.01261
15	0.04621	0.03722	0.62805	0.02092	0.03157	0.01794	0.02645	0.06128	0.01704	0.02581	0.01376	0.01600	0.00975	0.00731	0.00713	0.00239	0.01083	0.00562	0.00352	0.01119
16	0.01521	0.03923	0.69413	0.02162	0.03283	0.01762	0.02802	0.02402	0.01601	0.02402	0.01361	0.01601	0.00961	0.00721	0.00721	0.00240	0.01121	0.00560	0.00320	0.01121
17	0.01877	0.01802	0.03079	0.04656	0.68612	0.01802	0.02328	0.02328	0.01727	0.02478	0.01427	0.01877	0.01201	0.00676	0.00751	0.00225	0.00901	0.00676	0.00375	0.01201
18	0.01084	0.00813	0.01219	0.01219	0.01354	0.00948	0.00948	0.01354	0.01219	0.01761	0.02032	0.02980	0.01896	0.05689	0.70337	0.01219	0.02032	0.00813	0.00406	0.00677
19	0.01521	0.03923	0.69413	0.02162	0.03283	0.01762	0.02802	0.02402	0.01601	0.02402	0.01361	0.01601	0.00961	0.00721	0.00721	0.00240	0.01121	0.00560	0.00320	0.01121
20	0.01414	0.00707	0.00707	0.00707	0.00884	0.00707	0.00530	0.01767	0.01591	0.02828	0.02474	0.02828	0.01944	0.00884	0.00530	0.00177	0.00353	0.00707	0.77554	0.00707
21	0.01222	0.00873	0.01222	0.01397	0.01572	0.00873	0.01222	0.01572	0.01746	0.02270	0.04016	0.08556	0.04365	0.02095	0.01048	0.00349	0.00698	0.63506	0.00698	0.00698
22	0.01074	0.00775	0.01014	0.00954	0.01133	0.00716	0.00716	0.01431	0.02147	0.03042	0.68211	0.05666	0.07157	0.01551	0.00895	0.00239	0.00358	0.01372	0.00835	0.00716
23	0.01414	0.00707	0.00707	0.00707	0.00884	0.00707	0.00530	0.01767	0.01591	0.02828	0.02474	0.02828	0.01944	0.00884	0.00530	0.00177	0.00353	0.00707	0.77554	0.00707
24	0.01414	0.00707	0.00707	0.00707	0.00884	0.00707	0.00530	0.01767	0.01591	0.02828	0.02474	0.02828	0.01944	0.00884	0.00530	0.00177	0.00353	0.00707	0.77554	0.00707
25	0.01870	0.51962	0.24425	0.01568	0.02364	0.02614	0.01768	0.02312	0.01560	0.01978	0.01150	0.01337	0.00969	0.00671	0.00560	0.00187	0.00908	0.00454	0.00323	0.01020
26	0.01021	0.00773	0.00941	0.00899	0.01101	0.00693	0.00675	0.01330	0.02024	0.02749	0.50345	0.06148	0.25206	0.01660	0.00895	0.00244	0.00366	0.01439	0.00796	0.00693
27	0.00907	0.00769	0.00783	0.00779	0.01031	0.00645	0.00584	0.01109	0.01753	0.02107	0.11238	0.07204	0.64714	0.01899	0.00896	0.00255	0.00383	0.01587	0.00712	0.00645
28	0.01432	0.01348	0.02275	0.71520	0.05224	0.01685	0.02107	0.01938	0.01517	0.01938	0.01348	0.02022	0.01011	0.00758	0.00758	0.00253	0.01011	0.00674	0.00337	0.00843
29	0.01022	0.00727	0.00936	0.00974	0.01104	0.00673	0.00696	0.01283	0.01829	0.02550	0.37184	0.31948	0.09054	0.01862	0.00907	0.00264	0.00391	0.01660	0.04264	0.00673
30	0.01216	0.00869	0.01214	0.01379	0.01553	0.00867	0.01201	0.01566	0.01763	0.02302	0.06660	0.08437	0.04480	0.02073	0.01041	0.00345	0.00684	0.60947	0.00704	0.00699
31	0.03380	0.01329	0.01784	0.01368	0.01955	0.01171	0.01130	0.06532	0.02234	0.66212	0.02939	0.02547	0.01851	0.00938	0.00763	0.00234	0.00654	0.00759	0.00931	0.01291
32	0.01573	0.01348	0.01573	0.01123	0.01798	0.01011	0.00899	0.01910	0.01573	0.02472	0.01348	0.01573	0.01123	0.00562	0.00562	0.00112	0.00562	0.00449	0.00449	0.77980
33	0.01074	0.00775	0.01014	0.00954	0.01133	0.00716	0.00716	0.01431	0.02147	0.03042	0.68211	0.05666	0.07157	0.01551	0.00895	0.00239	0.00358	0.01372	0.00835	0.00716
34	0.01318	0.00659	0.00988	0.00988	0.00988	0.00659	0.00659	0.00988	0.00988	0.01318	0.01318	0.02306	0.01318	0.02635	0.02964	0.77931	0.00659	0.00659	0.00329	0.00329
35	0.02883	0.02125	0.02276	0.01745	0.02352	0.02352	0.01442	0.66082	0.03566	0.04780	0.01821	0.01821	0.01290	0.00911	0.00759	0.00228	0.00835	0.00683	0.00759	0.01290
36	0.01414	0.00707	0.00707	0.00707	0.00884	0.00707	0.00530	0.01767	0.01591	0.02828	0.02474	0.02828	0.01944	0.00884	0.00530	0.00177	0.00353	0.00707	0.77554	0.00707
37	0.01658	0.01802	0.03650	0.02710	0.03262	0.01812	0.46749	0.02162	0.01671	0.02310	0.04331	0.08882	0.01732	0.00952	0.01158	0.00272	0.12525	0.00997	0.00424	0.00941
38	0.02879	0.02251	0.02266	0.01763	0.02352	0.08098	0.01444	0.60751	0.03446	0.04533	0.01766	0.01783	0.01263	0.00900	0.00752	0.00225	0.00880	0.00666	0.00728	0.01255
39	0.01414	0.00707	0.00707	0.00707	0.00884	0.00707	0.00530	0.01767	0.01591	0.02828	0.02474	0.02828	0.01944	0.00884	0.00530	0.00177	0.00353	0.00707	0.77554	0.00707
40	0.01100	0.00748	0.00892	0.00892	0.00915	0.00771	0.00540	0.01145	0.01122	0.01519	0.02331	0.04635	0.02615	0.62147	0.14862	0.00815	0.00950	0.01055	0.00451	0.00496
41	0.01659	0.01659	0.02323	0.01991	0.01991	0.02323	0.01659	0.01825	0.01162	0.01825	0.00996	0.01659	0.00996	0.01328	0.02489	0.00332	0.71955	0.00664	0.00332	0.00830
42	0.01074	0.00775	0.01014	0.00954	0.01133	0.00716	0.00716	0.01431	0.02147	0.03042	0.68211	0.05666	0.07157	0.01551	0.00895	0.00239	0.00358	0.01372	0.00835	0.00716
43	0.01103	0.00735	0.00827	0.00827	0.00827	0.00735	0.00460	0.01103	0.01103	0.01471	0.02390	0.04964	0.02758	0.73343	0.03861	0.00735	0.00735	0.01103	0.00460	0.00460
44	0.01659	0.01659	0.02323	0.01991	0.01991	0.02323	0.01659	0.01825	0.01162	0.01825	0.00996	0.01659	0.00996	0.01328	0.02489	0.00332	0.71955	0.00664	0.00332	0.00830
45	0.00924	0.00660	0.00880	0.01056	0.01100	0.00616	0.00704	0.01056	0.01452	0.01936	0.04181	0.72848	0.05017	0.02376	0.00968	0.00308	0.00440	0.02156	0.00704	0.00616
46	0.02836	0.03543	0.02156	0.01944	0.02345	0.66995	0.01464	0.06094	0.02218	0.01999	0.01204	0.01390	0.00992	0.00788	0.00688	0.00197	0.01342	0.00498	0.00409	0.00899
47	0.01414	0.00707	0.00707	0.00707	0.00884	0.00707	0.00530	0.01767	0.01591	0.02828	0.02474	0.02828	0.01944	0.00884	0.00530	0.00177	0.00353	0.00707	0.77554	0.00707
48	0.00907	0.00769	0.00783	0.00779	0.01031	0.00645	0.00584	0.01109	0.01753	0.02107	0.11238	0.07204	0.64714	0.01899	0.00896	0.00255	0.00383	0.01587	0.00712	0.00645
49	0.01877	0.01802	0.03079	0.04656	0.68612	0.01802	0.02328	0.02328	0.01727	0.02478	0.01427	0.01877	0.01201	0.00676	0.00751	0.00225	0.00901	0.00676	0.00375	0.01201
50	0.01877	0.01802	0.03079	0.04656	0.68612	0.01802	0.02328	0.02328	0.01727	0.02478	0.01427	0.01877	0.01201	0.00676	0.00751	0.00225	0.00901	0.00676	0.00375	0.01201
51	0.01318	0.00659	0.00988	0.00988	0.00988	0.00659	0.00659	0.00988	0.00988	0.01318	0.01318	0.02306	0.01318	0.02635	0.02964	0.77931	0.00659	0.00659	0.00329	0.00329
52	0.03403	0.01291	0.01760	0.01350	0.01936	0.01115	0.01115	0.03697	0.02171	0.69137	0.02992	0.02582	0.01878	0.00939	0.00763	0.00235	0.00645	0.00763	0.00939	0.01291
53	0.01432	0.01348	0.02275	0.71520	0.05224	0.01685	0.02107	0.01938	0.01517	0.01938	0.01348	0.02022	0.01011	0.00758	0.00758	0.00253	0.01011	0.00674	0.00337	0.00843
54	0.02883	0.02125	0.02276	0.01745	0.02352	0.02352	0.01442	0.66082	0.03566	0.04780	0.01821	0.01821	0.01290	0.00911	0.00759	0.00228	0.00835	0.00683	0.00759	0.01290
55	0.01573	0.01348	0.01573	0.01123	0.01798	0.01011	0.00899	0.01910	0.01573	0.02472	0.01348	0.01573	0.01123	0.00562	0.00562	0.00112	0.00562	0.00449	0.00449	0.77980
56	0.03403	0.01291	0.01760	0.01350	0.01936	0.01115	0.01115	0.03697	0.02171	0.69137	0.02992	0.02582	0.01878	0.00939	0.00763	0.00235	0.00645	0.00763	0.00939	0.01291
57	0.02883	0.02125	0.02276	0.01745	0.02352	0.02352	0.01442	0.66082	0.03566	0.04780	0.01821	0.01821	0.01290	0.00911	0.00759	0.00228	0.00835	0.00683	0.00759	0.01290
58	0.01790	0.02046	0.04476	0.03197	0.03964	0.01918	0.65857	0.02430	0.01790	0.02430	0.01535	0.02046	0.01151	0.00639	0.00895	0.00256	0.01279	0.00895	0.00384	0.01023
59	0.03403	0.01291	0.01760	0.01350	0.01936	0.01115	0.01115	0.03697	0.02171	0.69137	0.02992	0.02582	0.01878	0.00939	0.00763	0.00235	0.00645	0.00763	0.00939	0.01291
60	0.02006	0.70748	0.06832	0.01336	0.02005	0.02947	0.01364	0.02277	0.01544	0.01812	0.01068	0.01234	0.00973	0.00652	0.00497	0.00166	0.00825	0.00412	0.00324	0.00980

[dist]
# distance from previous block
# <min> <max>
0	1

[block]
# block no. 4 follows, 26 sequences, length 52
# corresponding to MSA columns:
# 541-592
name=unknown_E
#
# <colnr> <probs for GDERKNQSTAVLIFYWHMCP>
#	G	D	E	R	K	N	Q	S	T	A	V	L	I	F	Y	W	H	M	C	P
0	0.01938	0.61454	0.15536	0.01451	0.02183	0.02782	0.01564	0.02294	0.01552	0.01894	0.01109	0.01285	0.00971	0.00662	0.00528	0.00176	0.00866	0.00433	0.00324	0.00999
1	0.22630	0.01865	0.01873	0.01513	0.02053	0.02100	0.01236	0.38428	0.14130	0.04137	0.01842	0.01843	0.01347	0.00877	0.00685	0.00235	0.00728	0.00642	0.00685	0.01151
2	0.12336	0.02072	0.01771	0.01501	0.01977	0.21075	0.01182	0.09732	0.10356	0.19476	0.04334	0.02248	0.04016	0.00914	0.00705	0.00222	0.00836	0.00682	0.00653	0.03910
3	0.09210	0.16332	0.50844	0.01891	0.02862	0.01980	0.02335	0.02361	0.01560	0.02389	0.01276	0.01495	0.00949	0.00706	0.00654	0.00226	0.01012	0.00518	0.00336	0.01065
4	0.78701	0.01467	0.01115	0.00997	0.01467	0.01702	0.00821	0.02230	0.01291	0.03403	0.01056	0.01232	0.00821	0.00704	0.00469	0.00235	0.00587	0.00411	0.00469	0.00821
5	0.01318	0.00659	0.00988	0.00988	0.00988	0.00659	0.00659	0.00988	0.00988	0.01318	0.01318	0.02306	0.01318	0.02635	0.02964	0.77931	0.00659	0.00659	0.00329	0.00329
6	0.01432	0.01348	0.02275	0.71520	0.05224	0.01685	0.02107	0.01938	0.01517	0.01938	0.01348	0.02022	0.01011	0.00758	0.00758	0.00253	0.01011	0.00674	0.00337	0.00843
7	0.01414	0.00707	0.00707	0.00707	0.00884	0.00707	0.00530	0.01767	0.01591	0.02828	0.02474	0.02828	0.01944	0.00884	0.00530	0.00177	0.00353	0.00707	0.77554	0.00707
8	0.01573	0.01348	0.01573	0.01123	0.01798	0.01011	0.00899	0.01910	0.01573	0.02472	0.01348	0.01573	0.01123	0.00562	0.00562	0.00112	0.00562	0.00449	0.00449	0.77980
9	0.03403	0.01291	0.01760	0.01350	0.01936	0.01115	0.01115	0.03697	0.02171	0.69137	0.02992	0.02582	0.01878	0.00939	0.00763	0.00235	0.00645	0.00763	0.00939	0.01291
10	0.01414	0.00707	0.00707	0.00707	0.00884	0.00707	0.00530	0.01767	0.01591	0.02828	0.02474	0.02828	0.01944	0.00884	0.00530	0.00177	0.00353	0.00707	0.77554	0.00707
11	0.01790	0.02046	0.04476	0.03197	0.03964	0.01918	0.65857	0.02430	0.01790	0.02430	0.01535	0.02046	0.01151	0.00639	0.00895	0.00256	0.01279	0.00895	0.00384	0.01023
12	0.02661	0.03327	0.02175	0.01960	0.02293	0.60292	0.01494	0.02852	0.02004	0.01852	0.01146	0.01411	0.00980	0.00862	0.00950	0.00215	0.11758	0.00514	0.00382	0.00872
13	0.01074	0.00775	0.01014	0.00954	0.01133	0.00716	0.00716	0.01431	0.02147	0.03042	0.68211	0.05666	0.07157	0.01551	0.00895	0.00239	0.00358	0.01372	0.00835	0.00716
14	0.02738	0.01571	0.08353	0.01423	0.01996	0.01282	0.01259	0.07460	0.08354	0.43473	0.11226	0.02858	0.02475	0.01003	0.00776	0.00237	0.00663	0.00826	0.00837	0.01191
15	0.01381	0.00887	0.01115	0.01115	0.01295	0.00833	0.00796	0.05220	0.01617	0.08703	0.03401	0.40967	0.03775	0.13666	0.01385	0.00354	0.00558	0.05555	0.00670	0.06707
16	0.01783	0.01738	0.03056	0.17413	0.50282	0.01791	0.08285	0.02262	0.01692	0.02369	0.01422	0.01921	0.01160	0.00688	0.00766	0.00233	0.00958	0.00696	0.00369	0.01115
17	0.02019	0.01510	0.01996	0.01623	0.01942	0.04017	0.05404	0.07723	0.01827	0.15157	0.12130	0.02645	0.02263	0.04635	0.01480	0.00279	0.23738	0.00805	0.00586	0.08222
18	0.01573	0.01348	0.01573	0.01123	0.01798	0.01011	0.00899	0.01910	0.01573	0.02472	0.01348	0.01573	0.01123	0.00562	0.00562	0.00112	0.00562	0.00449	0.00449	0.77980
19	0.02396	0.02233	0.01888	0.01648	0.02089	0.22985	0.01280	0.11583	0.29728	0.08679	0.05821	0.02378	0.01991	0.00957	0.00749	0.00231	0.00859	0.00740	0.00670	0.01095
20	0.02700	0.01904	0.02071	0.01628	0.02191	0.02076	0.01332	0.48052	0.11899	0.10968	0.02411	0.02315	0.04927	0.00981	0.00768	0.00234	0.00761	0.00762	0.00776	0.01245
21	0.01084	0.00813	0.01219	0.01219	0.01354	0.00948	0.00948	0.01354	0.01219	0.01761	0.02032	0.02980	0.01896	0.05689	0.70337	0.01219	0.02032	0.00813	0.00406	0.00677
22	0.01802	0.01453	0.01694	0.01699	0.08089	0.01593	0.01198	0.03309	0.44066	0.06888	0.13423	0.03372	0.05870	0.01112	0.00794	0.00250	0.00583	0.00949	0.00751	0.01104
23	0.01414	0.00707	0.00707	0.00707	0.00884	0.00707	0.00530	0.01767	0.01591	0.02828	0.02474	0.02828	0.01944	0.00884	0.00530	0.00177	0.00353	0.00707	0.77554	0.00707
24	0.01103	0.00735	0.00827	0.00827	0.00827	0.00735	0.00460	0.01103	0.01103	0.01471	0.02390	0.04964	0.02758	0.73343	0.03861	0.00735	0.00735	0.01103	0.00460	0.00460
25	0.01414	0.00707	0.00707	0.00707	0.00884	0.00707	0.00530	0.01767	0.01591	0.02828	0.02474	0.02828	0.01944	0.00884	0.00530	0.00177	0.00353	0.00707	0.77554	0.00707
26	0.78701	0.01467	0.01115	0.00997	0.01467	0.01702	0.00821	0.02230	0.01291	0.03403	0.01056	0.01232	0.00821	0.00704	0.00469	0.00235	0.00587	0.00411	0.00469	0.00821
27	0.01877	0.01802	0.03079	0.04656	0.68612	0.01802	0.02328	0.02328	0.01727	0.02478	0.01427	0.01877	0.01201	0.00676	0.00751	0.00225	0.00901	0.00676	0.00375	0.01201
28	0.01201	0.00804	0.01051	0.00987	0.01177	0.00744	0.00745	0.01536	0.02074	0.06315	0.58488	0.05598	0.06526	0.05399	0.01054	0.00270	0.00408	0.04076	0.00814	0.00731
29	0.01982	0.01765	0.01763	0.01576	0.02009	0.05900	0.01226	0.06454	0.60894	0.03160	0.02925	0.02704	0.02196	0.01010	0.00766	0.00252	0.00654	0.00829	0.00749	0.01185
30	0.02833	0.03615	0.02149	0.01954	0.02345	0.70298	0.01466	0.03029	0.02149	0.01856	0.01172	0.01368	0.00977	0.00782	0.00684	0.00195	0.01368	0.00489	0.00391	0.00879
31	0.01573	0.01348	0.01573	0.01123	0.01798	0.01011	0.00899	0.01910	0.01573	0.02472	0.01348	0.01573	0.01123	0.00562	0.00562	0.00112	0.00562	0.00449	0.00449	0.77980
32	0.01521	0.03923	0.69413	0.02162	0.03283	0.01762	0.02802	0.02402	0.01601	0.02402	0.01361	0.01601	0.00961	0.00721	0.00721	0.00240	0.01121	0.00560	0.00320	0.01121
33	0.01251	0.00691	0.00990	0.00990	0.01007	0.00709	0.00662	0.01054	0.01037	0.01400	0.01591	0.02844	0.01636	0.15064	0.11684	0.55031	0.00846	0.00754	0.00361	0.00396
34	0.01750	0.01947	0.04019	0.06749	0.03725	0.01969	0.52329	0.02308	0.01677	0.02308	0.01440	0.01984	0.01119	0.00754	0.01137	0.00267	0.12315	0.00847	0.00373	0.00983
35	0.01466	0.01394	0.02282	0.61279	0.04748	0.01779	0.02041	0.01921	0.01464	0.01921	0.01296	0.01969	0.01009	0.00842	0.01013	0.00264	0.11460	0.00673	0.00336	0.00841
36	0.10168	0.02060	0.02056	0.01648	0.02198	0.06173	0.01340	0.45202	0.14459	0.04191	0.01931	0.01914	0.01406	0.00904	0.00728	0.00232	0.00800	0.00675	0.00711	0.01204
37	0.01521	0.03923	0.69413	0.02162	0.03283	0.01762	0.02802	0.02402	0.01601	0.02402	0.01361	0.01601	0.00961	0.00721	0.00721	0.00240	0.01121	0.00560	0.00320	0.01121
38	0.00896	0.00768	0.00768	0.00768	0.01025	0.00640	0.00576	0.01089	0.01729	0.02049	0.07684	0.07300	0.68304	0.01921	0.00896	0.00256	0.00384	0.01601	0.00704	0.00640
39	0.01573	0.01348	0.01573	0.01123	0.01798	0.01011	0.00899	0.01910	0.01573	0.02472	0.01348	0.01573	0.01123	0.00562	0.00562	0.00112	0.00562	0.00449	0.00449	0.77980
40	0.01659	0.01659	0.02323	0.01991	0.01991	0.02323	0.01659	0.01825	0.01162	0.01825	0.00996	0.01659	0.00996	0.01328	0.02489	0.00332	0.71955	0.00664	0.00332	0.00830
41	0.02883	0.02125	0.02276	0.01745	0.02352	0.02352	0.01442	0.66082	0.03566	0.04780	0.01821	0.01821	0.01290	0.00911	0.00759	0.00228	0.00835	0.00683	0.00759	0.01290
42	0.01414	0.00707	0.00707	0.00707	0.00884	0.00707	0.00530	0.01767	0.01591	0.02828	0.02474	0.02828	0.01944	0.00884	0.00530	0.00177	0.00353	0.00707	0.77554	0.00707
43	0.78701	0.01467	0.01115	0.00997	0.01467	0.01702	0.00821	0.02230	0.01291	0.03403	0.01056	0.01232	0.00821	0.00704	0.00469	0.00235	0.00587	0.00411	0.00469	0.00821
44	0.01954	0.56819	0.17366	0.01500	0.02236	0.05247	0.01614	0.02326	0.01576	0.01914	0.01122	0.01301	0.00971	0.00669	0.00542	0.00180	0.00896	0.00441	0.00326	0.01000
45	0.01198	0.00856	0.01192	0.01355	0.01523	0.00850	0.01167	0.01535	0.01749	0.02288	0.07162	0.12169	0.04540	0.02085	0.01036	0.00341	0.00667	0.56888	0.00705	0.00694
46	0.01414	0.00707	0.00707	0.00707	0.00884	0.00707	0.00530	0.01767	0.01591	0.02828	0.02474	0.02828	0.01944	0.00884	0.00530	0.00177	0.00353	0.00707	0.77554	0.00707
47	0.78701	0.01467	0.01115	0.00997	0.01467	0.01702	0.00821	0.02230	0.01291	0.03403	0.01056	0.01232	0.00821	0.00704	0.00469	0.00235	0.00587	0.00411	0.00469	0.00821
48	0.01877	0.01802	0.03079	0.04656	0.68612	0.01802	0.02328	0.02328	0.01727	0.02478	0.01427	0.01877	0.01201	0.00676	0.00751	0.00225	0.00901	0.00676	0.00375	0.01201
49	0.01853	0.01777	0.03035	0.08317	0.65141	0.01796	0.02316	0.02307	0.01716	0.02448	0.01422	0.01885	0.01191	0.00680	0.00751	0.00227	0.00907	0.00676	0.00373	0.01182
50	0.01432	0.01348	0.02275	0.71520	0.05224	0.01685	0.02107	0.01938	0.01517	0.01938	0.01348	0.02022	0.01011	0.00758	0.00758	0.00253	0.01011	0.00674	0.00337	0.00843
51	0.06876	0.02010	0.02123	0.01672	0.02243	0.02242	0.01369	0.52688	0.13599	0.04449	0.01981	0.01950	0.01428	0.00918	0.00745	0.00233	0.00784	0.00696	0.00745	0.01250

[dist]
# distance from previous block
# <min> <max>
0	1

[block]
# block no. 5 follows, 26 sequences, length 97
# corresponding to MSA columns:
# 594-690
name=unknown_F
#
# <colnr> <probs for GDERKNQSTAVLIFYWHMCP>
#	G	D	E	R	K	N	Q	S	T	A	V	L	I	F	Y	W	H	M	C	P
0	0.67990	0.01514	0.01251	0.01082	0.01569	0.01726	0.00891	0.07855	0.01537	0.07125	0.01229	0.01357	0.00920	0.00735	0.00511	0.00234	0.00611	0.00454	0.00520	0.00888
1	0.17444	0.01184	0.04258	0.03567	0.01624	0.01080	0.00971	0.02150	0.01857	0.18565	0.26913	0.10998	0.03900	0.01259	0.00772	0.00245	0.00538	0.01057	0.00731	0.00885
2	0.02116	0.54501	0.11416	0.01479	0.02151	0.10628	0.01488	0.02431	0.01644	0.04511	0.01181	0.01333	0.01008	0.00684	0.00548	0.00178	0.00906	0.00448	0.00356	0.00992
3	0.01414	0.00707	0.00707	0.00707	0.00884	0.00707	0.00530	0.01767	0.01591	0.02828	0.02474	0.02828	0.01944	0.00884	0.00530	0.00177	0.00353	0.00707	0.77554	0.00707
4	0.02536	0.03121	0.02138	0.13245	0.02784	0.55320	0.01539	0.02790	0.02015	0.01903	0.01211	0.01486	0.00991	0.00766	0.00689	0.00200	0.01266	0.00517	0.00385	0.05099
5	0.01659	0.01659	0.02323	0.01991	0.01991	0.02323	0.01659	0.01825	0.01162	0.01825	0.00996	0.01659	0.00996	0.01328	0.02489	0.00332	0.71955	0.00664	0.00332	0.00830
6	0.01566	0.01348	0.01606	0.04485	0.01961	0.01043	0.00956	0.01911	0.01570	0.02446	0.01348	0.01594	0.01118	0.00571	0.00571	0.00119	0.00583	0.00460	0.00444	0.74297
7	0.01414	0.00707	0.00707	0.00707	0.00884	0.00707	0.00530	0.01767	0.01591	0.02828	0.02474	0.02828	0.01944	0.00884	0.00530	0.00177	0.00353	0.00707	0.77554	0.00707
8	0.02833	0.03615	0.02149	0.01954	0.02345	0.70298	0.01466	0.03029	0.02149	0.01856	0.01172	0.01368	0.00977	0.00782	0.00684	0.00195	0.01368	0.00489	0.00391	0.00879
9	0.00896	0.00768	0.00768	0.00768	0.01025	0.00640	0.00576	0.01089	0.01729	0.02049	0.07684	0.07300	0.68304	0.01921	0.00896	0.00256	0.00384	0.01601	0.00704	0.00640
10	0.00924	0.00660	0.00880	0.01056	0.01100	0.00616	0.00704	0.01056	0.01452	0.01936	0.04181	0.72848	0.05017	0.02376	0.00968	0.00308	0.00440	0.02156	0.00704	0.00616
11	0.01414	0.00707	0.00707	0.00707	0.00884	0.00707	0.00530	0.01767	0.01591	0.02828	0.02474	0.02828	0.01944	0.00884	0.00530	0.00177	0.00353	0.00707	0.77554	0.00707
12	0.01659	0.01659	0.02323	0.01991	0.01991	0.02323	0.01659	0.01825	0.01162	0.01825	0.00996	0.01659	0.00996	0.01328	0.02489	0.00332	0.71955	0.00664	0.00332	0.00830
13	0.01573	0.01348	0.01573	0.01123	0.01798	0.01011	0.00899	0.01910	0.01573	0.02472	0.01348	0.01573	0.01123	0.00562	0.00562	0.00112	0.00562	0.00449	0.00449	0.77980
14	0.78701	0.01467	0.01115	0.00997	0.01467	0.01702	0.00821	0.02230	0.01291	0.03403	0.01056	0.01232	0.00821	0.00704	0.00469	0.00235	0.00587	0.00411	0.00469	0.00821
15	0.01573	0.01348	0.01573	0.01123	0.01798	0.01011	0.00899	0.01910	0.01573	0.02472	0.01348	0.01573	0.01123	0.00562	0.00562	0.00112	0.00562	0.00449	0.00449	0.77980
16	0.01414	0.00707	0.00707	0.00707	0.00884	0.00707	0.00530	0.01767	0.01591	0.02828	0.02474	0.02828	0.01944	0.00884	0.00530	0.00177	0.00353	0.00707	0.77554	0.00707
17	0.01573	0.01348	0.01573	0.01123	0.01798	0.01011	0.00899	0.01910	0.01573	0.02472	0.01348	0.01573	0.01123	0.00562	0.00562	0.00112	0.00562	0.00449	0.00449	0.77980
18	0.01913	0.01982	0.03937	0.02854	0.03557	0.01914	0.52287	0.12236	0.02047	0.02768	0.01724	0.05891	0.01384	0.00777	0.00878	0.00254	0.01164	0.00931	0.00459	0.01042
19	0.01414	0.00707	0.00707	0.00707	0.00884	0.00707	0.00530	0.01767	0.01591	0.02828	0.02474	0.02828	0.01944	0.00884	0.00530	0.00177	0.00353	0.00707	0.77554	0.00707
20	0.01573	0.01348	0.01573	0.01123	0.01798	0.01011	0.00899	0.01910	0.01573	0.02472	0.01348	0.01573	0.01123	0.00562	0.00562	0.00112	0.00562	0.00449	0.00449	0.77980
21	0.03403	0.01291	0.01760	0.01350	0.01936	0.01115	0.01115	0.03697	0.02171	0.69137	0.02992	0.02582	0.01878	0.00939	0.00763	0.00235	0.00645	0.00763	0.00939	0.01291
22	0.01236	0.00839	0.00936	0.00896	0.00941	0.00856	0.00533	0.05968	0.01287	0.01719	0.02347	0.04728	0.02648	0.67920	0.03628	0.00697	0.00743	0.01072	0.00482	0.00522
23	0.01210	0.00844	0.01041	0.00968	0.01198	0.00779	0.00734	0.01617	0.05173	0.06640	0.49218	0.05681	0.18890	0.01565	0.00882	0.00243	0.00391	0.01358	0.00812	0.00757
24	0.01932	0.01715	0.01717	0.01537	0.01963	0.05501	0.01195	0.06464	0.57940	0.03117	0.03151	0.02923	0.05352	0.01053	0.00773	0.00253	0.00641	0.00866	0.00748	0.01160
25	0.01863	0.01787	0.03053	0.06838	0.66543	0.01798	0.02321	0.02315	0.01720	0.02460	0.01424	0.01882	0.01195	0.00679	0.00751	0.00226	0.00905	0.00676	0.00374	0.01190
26	0.02955	0.02010	0.02205	0.01691	0.02295	0.02182	0.01397	0.57493	0.03374	0.13641	0.01982	0.01926	0.01371	0.00914	0.00759	0.00229	0.00809	0.00694	0.00784	0.01290
27	0.01414	0.00707	0.00707	0.00707	0.00884	0.00707	0.00530	0.01767	0.01591	0.02828	0.02474	0.02828	0.01944	0.00884	0.00530	0.00177	0.00353	0.00707	0.77554	0.00707
28	0.01088	0.00858	0.00992	0.00955	0.01181	0.00808	0.00716	0.01564	0.08914	0.02634	0.35694	0.09549	0.28888	0.01674	0.00886	0.00251	0.00398	0.01442	0.00773	0.00735
29	0.01414	0.00707	0.00707	0.00707	0.00884	0.00707	0.00530	0.01767	0.01591	0.02828	0.02474	0.02828	0.01944	0.00884	0.00530	0.00177	0.00353	0.00707	0.77554	0.00707
30	0.78701	0.01467	0.01115	0.00997	0.01467	0.01702	0.00821	0.02230	0.01291	0.03403	0.01056	0.01232	0.00821	0.00704	0.00469	0.00235	0.00587	0.00411	0.00469	0.00821
31	0.01739	0.01690	0.02740	0.30146	0.42121	0.04072	0.02214	0.02202	0.01661	0.02250	0.01388	0.01916	0.01121	0.00711	0.00751	0.00235	0.00959	0.00669	0.00361	0.01053
32	0.01766	0.01504	0.01617	0.01494	0.01885	0.01714	0.01177	0.03616	0.56734	0.03019	0.03390	0.03696	0.05325	0.01193	0.00810	0.00268	0.00603	0.08312	0.00760	0.01118
33	0.02767	0.02062	0.02276	0.07361	0.02583	0.02299	0.01495	0.60919	0.03401	0.04552	0.01783	0.01837	0.01267	0.00898	0.00759	0.00230	0.00849	0.00682	0.00725	0.01254
34	0.01798	0.01962	0.04062	0.06076	0.19405	0.01882	0.48367	0.02387	0.01765	0.02423	0.01502	0.02005	0.01158	0.00652	0.00856	0.00248	0.01179	0.00835	0.00380	0.01059
35	0.01605	0.01473	0.02129	0.01556	0.02209	0.01222	0.13835	0.02090	0.05119	0.02478	0.01598	0.04752	0.01357	0.00679	0.00657	0.00157	0.00701	0.00632	0.00464	0.55287
36	0.01180	0.00859	0.01145	0.01195	0.01382	0.00842	0.00983	0.01609	0.04681	0.02671	0.34170	0.06957	0.05592	0.01794	0.00964	0.00293	0.00534	0.31656	0.00766	0.00728
37	0.01432	0.01348	0.02275	0.71520	0.05224	0.01685	0.02107	0.01938	0.01517	0.01938	0.01348	0.02022	0.01011	0.00758	0.00758	0.00253	0.01011	0.00674	0.00337	0.00843
38	0.01414	0.00707	0.00707	0.00707	0.00884	0.00707	0.00530	0.01767	0.01591	0.02828	0.02474	0.02828	0.01944	0.00884	0.00530	0.00177	0.00353	0.00707	0.77554	0.00707
39	0.57290	0.01714	0.01438	0.01217	0.01717	0.04672	0.00998	0.17674	0.01875	0.03672	0.01246	0.01380	0.00941	0.00757	0.00548	0.00231	0.00679	0.00480	0.00536	0.00937
40	0.01790	0.02046	0.04476	0.03197	0.03964	0.01918	0.65857	0.02430	0.01790	0.02430	0.01535	0.02046	0.01151	0.00639	0.00895	0.00256	0.01279	0.00895	0.00384	0.01023
41	0.10801	0.01407	0.01662	0.01342	0.01874	0.01375	0.01084	0.06765	0.15344	0.36479	0.02629	0.04862	0.01863	0.00946	0.00722	0.00230	0.00625	0.00761	0.00790	0.08440
42	0.12153	0.01800	0.06651	0.01496	0.02061	0.01748	0.01287	0.21065	0.17698	0.16751	0.05015	0.02273	0.01807	0.00918	0.00721	0.00234	0.00700	0.00717	0.00721	0.04185
43	0.02097	0.01150	0.01454	0.01223	0.01614	0.01069	0.00968	0.10290	0.02193	0.24899	0.23445	0.11901	0.03858	0.01305	0.00821	0.00238	0.00549	0.03032	0.00809	0.07086
44	0.00926	0.00690	0.00863	0.00988	0.01085	0.00627	0.00677	0.01084	0.01551	0.02022	0.08457	0.54804	0.19001	0.02231	0.00948	0.00293	0.00423	0.01992	0.00711	0.00627
45	0.01507	0.01458	0.02657	0.24116	0.03429	0.01599	0.22551	0.01950	0.01561	0.02174	0.01858	0.11558	0.01685	0.01019	0.01021	0.00263	0.09678	0.00947	0.08113	0.00856
46	0.01414	0.00707	0.00707	0.00707	0.00884	0.00707	0.00530	0.01767	0.01591	0.02828	0.02474	0.02828	0.01944	0.00884	0.00530	0.00177	0.00353	0.00707	0.77554	0.00707
47	0.04708	0.41394	0.21624	0.01663	0.02424	0.06129	0.04417	0.05850	0.01703	0.02207	0.01207	0.01399	0.00990	0.00692	0.00593	0.00195	0.00939	0.00488	0.00358	0.01023
48	0.01856	0.05445	0.17400	0.05793	0.24334	0.01919	0.16171	0.07798	0.06954	0.02646	0.01579	0.01902	0.01216	0.00727	0.00767	0.00236	0.01003	0.00702	0.00425	0.01128
49	0.01329	0.01039	0.04522	0.03888	0.01569	0.00882	0.03366	0.01723	0.02085	0.08427	0.54476	0.04937	0.05956	0.01395	0.00870	0.00240	0.00478	0.01237	0.00782	0.00799
50	0.01414	0.00707	0.00707	0.00707	0.00884	0.00707	0.00530	0.01767	0.01591	0.02828	0.02474	0.02828	0.01944	0.00884	0.00530	0.00177	0.00353	0.00707	0.77554	0.00707
51	0.69247	0.01589	0.04902	0.01086	0.01599	0.01664	0.00950	0.02341	0.01369	0.07909	0.01207	0.01346	0.00902	0.00721	0.00504	0.00235	0.00620	0.00443	0.00494	0.00870
52	0.05767	0.01490	0.05467	0.01407	0.02014	0.01252	0.01215	0.06341	0.04488	0.58070	0.02789	0.02458	0.01781	0.00921	0.00751	0.00235	0.00676	0.00740	0.00875	0.01262
53	0.01239	0.01083	0.05028	0.04689	0.01749	0.00944	0.06693	0.01599	0.04126	0.04989	0.14189	0.37418	0.04282	0.04427	0.01021	0.00298	0.00600	0.04210	0.00662	0.00754
54	0.00924	0.00660	0.00880	0.01056	0.01100	0.00616	0.00704	0.01056	0.01452	0.01936	0.04181	0.72848	0.05017	0.02376	0.00968	0.00308	0.00440	0.02156	0.00704	0.00616
55	0.02793	0.03531	0.02131	0.01937	0.02329	0.67402	0.01454	0.03071	0.04905	0.01912	0.01254	0.01430	0.01034	0.00792	0.00688	0.00198	0.01335	0.00504	0.00407	0.00893
56	0.01414	0.00707	0.00707	0.00707	0.00884	0.00707	0.00530	0.01767	0.01591	0.02828	0.02474	0.02828	0.01944	0.00884	0.00530	0.00177	0.00353	0.00707	0.77554	0.00707
57	0.37503	0.04342	0.01674	0.01399	0.04957	0.01667	0.01088	0.10221	0.04642	0.23009	0.01826	0.01801	0.01278	0.00808	0.00617	0.00232	0.00658	0.00579	0.00646	0.01056
58	0.01602	0.03051	0.43000	0.05557	0.15374	0.01746	0.11148	0.02335	0.01668	0.02426	0.04009	0.01888	0.01275	0.00735	0.00758	0.00240	0.01068	0.00663	0.00360	0.01095
59	0.01659	0.01659	0.02323	0.01991	0.01991	0.02323	0.01659	0.01825	0.01162	0.01825	0.00996	0.01659	0.00996	0.01328	0.02489	0.00332	0.71955	0.00664	0.00332	0.00830
60	0.02063	0.01626	0.01672	0.01431	0.01858	0.04863	0.01122	0.17293	0.31344	0.06063	0.05405	0.02853	0.04593	0.04166	0.00881	0.00255	0.00657	0.00829	0.07061	0.03967
61	0.01414	0.00707	0.00707	0.00707	0.00884	0.00707	0.00530	0.01767	0.01591	0.02828	0.02474	0.02828	0.01944	0.00884	0.00530	0.00177	0.00353	0.00707	0.77554	0.00707
62	0.02394	0.01592	0.05324	0.01470	0.01981	0.01538	0.01230	0.08042	0.30560	0.26249	0.08779	0.02863	0.02456	0.01020	0.00776	0.00245	0.00639	0.00843	0.00811	0.01190
63	0.01756	0.01992	0.04335	0.03113	0.03852	0.01867	0.63298	0.02376	0.01777	0.02410	0.01638	0.04826	0.01303	0.00708	0.00898	0.00258	0.01246	0.00945	0.00396	0.01007
64	0.01075	0.00797	0.01046	0.03709	0.01286	0.00748	0.00760	0.01427	0.02092	0.02927	0.61227	0.05641	0.11322	0.01546	0.00889	0.00240	0.00385	0.01361	0.00806	0.00715
65	0.01414	0.00707	0.00707	0.00707	0.00884	0.00707	0.00530	0.01767	0.01591	0.02828	0.02474	0.02828	0.01944	0.00884	0.00530	0.00177	0.00353	0.00707	0.77554	0.00707
66	0.01659	0.01659	0.02323	0.01991	0.01991	0.02323	0.01659	0.01825	0.01162	0.01825	0.00996	0.01659	0.00996	0.01328	0.02489	0.00332	0.71955	0.00664	0.00332	0.00830
67	0.08979	0.01949	0.02376	0.01805	0.02417	0.02080	0.09065	0.44847	0.02980	0.13077	0.01883	0.01903	0.01315	0.00865	0.00752	0.00233	0.00842	0.00697	0.00715	0.01220
68	0.78701	0.01467	0.01115	0.00997	0.01467	0.01702	0.00821	0.02230	0.01291	0.03403	0.01056	0.01232	0.00821	0.00704	0.00469	0.00235	0.00587	0.00411	0.00469	0.00821
69	0.05767	0.01477	0.01789	0.01426	0.01947	0.05034	0.05588	0.02820	0.12367	0.22518	0.08287	0.05148	0.02215	0.00932	0.00727	0.00211	0.00666	0.00788	0.00685	0.19608
70	0.01414	0.00707	0.00707	0.00707	0.00884	0.00707	0.00530	0.01767	0.01591	0.02828	0.02474	0.02828	0.01944	0.00884	0.00530	0.00177	0.00353	0.00707	0.77554	0.00707
71	0.01736	0.02101	0.09467	0.02809	0.03593	0.01773	0.51164	0.02352	0.01743	0.02433	0.01493	0.01940	0.01131	0.00635	0.00832	0.00234	0.01161	0.00802	0.00388	0.12211
72	0.01573	0.01348	0.01573	0.01123	0.01798	0.01011	0.00899	0.01910	0.01573	0.02472	0.01348	0.01573	0.01123	0.00562	0.00562	0.00112	0.00562	0.00449	0.00449	0.77980
73	0.01414	0.00707	0.00707	0.00707	0.00884	0.00707	0.00530	0.01767	0.01591	0.02828	0.02474	0.02828	0.01944	0.00884	0.00530	0.00177	0.00353	0.00707	0.77554	0.00707
74	0.01758	0.01962	0.04157	0.06017	0.03853	0.01838	0.58082	0.02368	0.01762	0.02411	0.01512	0.02009	0.01143	0.00639	0.00864	0.00245	0.01212	0.00851	0.00387	0.06933
75	0.01025	0.00820	0.01224	0.01255	0.01363	0.00799	0.05848	0.01201	0.01477	0.01975	0.03980	0.61100	0.07320	0.02171	0.01030	0.00303	0.03826	0.01964	0.00662	0.00659
76	0.01659	0.01872	0.06336	0.21039	0.08453	0.01794	0.39943	0.02242	0.01694	0.02285	0.01570	0.04658	0.01254	0.00741	0.00845	0.00254	0.01146	0.00856	0.00380	0.00976
77	0.03985	0.00869	0.01072	0.00992	0.01219	0.00826	0.00754	0.01679	0.05564	0.06060	0.54884	0.05332	0.10891	0.01491	0.00867	0.00241	0.00394	0.01298	0.00814	0.00767
78	0.01805	0.05130	0.04029	0.05743	0.12714	0.01940	0.48366	0.02478	0.05347	0.02430	0.01577	0.02028	0.01209	0.00671	0.00845	0.00247	0.01159	0.00833	0.00399	0.01048
79	0.01790	0.02046	0.04476	0.03197	0.03964	0.01918	0.65857	0.02430	0.01790	0.02430	0.01535	0.02046	0.01151	0.00639	0.00895	0.00256	0.01279	0.00895	0.00384	0.01023
80	0.01328	0.03111	0.01185	0.01013	0.01243	0.00859	0.00774	0.01722	0.04217	0.08544	0.56133	0.05149	0.06203	0.04018	0.00973	0.00254	0.00418	0.01264	0.00812	0.00779
81	0.01414	0.00707	0.00707	0.00707	0.00884	0.00707	0.00530	0.01767	0.01591	0.02828	0.02474	0.02828	0.01944	0.00884	0.00530	0.00177	0.00353	0.00707	0.77554	0.00707
82	0.01123	0.00826	0.01162	0.01149	0.01252	0.00949	0.00859	0.01336	0.01206	0.01743	0.02082	0.03336	0.02042	0.19437	0.51212	0.01044	0.04442	0.00863	0.03299	0.00639
83	0.01414	0.00707	0.00707	0.00707	0.00884	0.00707	0.00530	0.01767	0.01591	0.02828	0.02474	0.02828	0.01944	0.00884	0.00530	0.00177	0.00353	0.00707	0.77554	0.00707
84	0.75854	0.01557	0.03634	0.01040	0.01534	0.01704	0.00895	0.02236	0.01302	0.03366	0.01067	0.01246	0.00827	0.00705	0.00479	0.00235	0.00606	0.00416	0.00464	0.00832
85	0.04933	0.00861	0.01091	0.01009	0.01241	0.00809	0.00779	0.01714	0.02065	0.09547	0.52454	0.05190	0.05973	0.01452	0.00855	0.00241	0.00415	0.04558	0.04038	0.00776
86	0.05069	0.01276	0.01430	0.01279	0.01618	0.01376	0.00991	0.07950	0.28233	0.06085	0.27874	0.07004	0.04125	0.01263	0.00813	0.00248	0.00521	0.01076	0.00786	0.00982
87	0.01941	0.01542	0.01772	0.01491	0.01849	0.01732	0.01175	0.17278	0.20738	0.04995	0.04547	0.04699	0.02034	0.09847	0.01410	0.00306	0.12196	0.00827	0.00632	0.08989
88	0.01468	0.01418	0.02495	0.64696	0.05098	0.01708	0.08474	0.01987	0.01544	0.01987	0.01367	0.02025	0.01025	0.00746	0.00772	0.00253	0.01038	0.00696	0.00342	0.00861
89	0.01771	0.14610	0.42923	0.02099	0.07539	0.01973	0.02265	0.04561	0.08340	0.04715	0.01561	0.01724	0.01159	0.00750	0.00693	0.00228	0.00978	0.00585	0.00405	0.01122
90	0.01580	0.00887	0.01176	0.01040	0.01308	0.00802	0.00802	0.01924	0.02152	0.17409	0.54034	0.04995	0.06009	0.01418	0.00866	0.00238	0.00420	0.01239	0.00858	0.00841
