[name]
unknown

[dist]
# distance from previous block
# <min> <max>
0	31

[block]
# block no. 0 follows, 24 sequences, length 90
# corresponding to MSA columns:
# 31-120
name=unknown_A
#
# <colnr> <probs for GDERKNQSTAVLIFYWHMCP>
#	G	D	E	R	K	N	Q	S	T	A	V	L	I	F	Y	W	H	M	C	P
0	0.01278	0.00913	0.01278	0.01460	0.01643	0.00913	0.01278	0.01643	0.01825	0.02373	0.04199	0.08945	0.04564	0.02191	0.01095	0.00365	0.00730	0.61847	0.00730	0.00730
1	0.01865	0.01010	0.01321	0.01147	0.01470	0.00929	0.00893	0.02313	0.05417	0.21748	0.45302	0.04849	0.05643	0.01410	0.00889	0.00249	0.00473	0.01224	0.00901	0.00946
2	0.01866	0.01786	0.03045	0.18417	0.54389	0.01859	0.02386	0.02349	0.01760	0.02474	0.01475	0.01994	0.01215	0.00724	0.00787	0.00241	0.00966	0.00706	0.00384	0.01178
3	0.01963	0.01884	0.03219	0.04867	0.67185	0.01884	0.02434	0.02434	0.01806	0.02591	0.01492	0.01963	0.01256	0.00707	0.00785	0.00236	0.00942	0.00707	0.00393	0.01256
4	0.01963	0.01884	0.03219	0.04867	0.67185	0.01884	0.02434	0.02434	0.01806	0.02591	0.01492	0.01963	0.01256	0.00707	0.00785	0.00236	0.00942	0.00707	0.00393	0.01256
5	0.01553	0.01479	0.02517	0.52141	0.04749	0.01721	0.09344	0.02179	0.05260	0.02243	0.05108	0.02355	0.01507	0.00832	0.00811	0.00259	0.01011	0.00774	0.00416	0.03740
6	0.01038	0.00757	0.00973	0.01052	0.01168	0.00693	0.00728	0.01240	0.01705	0.02321	0.20126	0.45862	0.08892	0.05419	0.01114	0.00314	0.00454	0.01898	0.00749	0.03496
7	0.01498	0.01409	0.02378	0.70226	0.05462	0.01762	0.02202	0.02026	0.01586	0.02026	0.01409	0.02114	0.01057	0.00793	0.00793	0.00264	0.01057	0.00705	0.00352	0.00881
8	0.01107	0.00839	0.01070	0.01119	0.01301	0.00730	0.00778	0.01289	0.01544	0.02140	0.03757	0.57108	0.04401	0.02091	0.00924	0.00280	0.00486	0.01884	0.00681	0.16470
9	0.00937	0.00803	0.00803	0.00803	0.01071	0.00669	0.00602	0.01138	0.01807	0.02142	0.08033	0.07632	0.66863	0.02008	0.00937	0.00268	0.00402	0.01674	0.00736	0.00669
10	0.03558	0.01350	0.01840	0.01411	0.02024	0.01166	0.01166	0.03865	0.02270	0.67734	0.03128	0.02699	0.01963	0.00981	0.00797	0.00245	0.00675	0.00797	0.00981	0.01350
11	0.01590	0.04102	0.68023	0.02260	0.03432	0.01842	0.02930	0.02511	0.01674	0.02511	0.01423	0.01674	0.01005	0.00753	0.00753	0.00251	0.01172	0.00586	0.00335	0.01172
12	0.01243	0.00888	0.01238	0.01421	0.01588	0.00883	0.01218	0.01583	0.01791	0.02334	0.04218	0.15890	0.04639	0.02223	0.01086	0.00360	0.00700	0.55243	0.00731	0.00721
13	0.03558	0.01350	0.01840	0.01411	0.02024	0.01166	0.01166	0.03865	0.02270	0.67734	0.03128	0.02699	0.01963	0.00981	0.00797	0.00245	0.00675	0.00797	0.00981	0.01350
14	0.01498	0.01409	0.02378	0.70226	0.05462	0.01762	0.02202	0.02026	0.01586	0.02026	0.01409	0.02114	0.01057	0.00793	0.00793	0.00264	0.01057	0.00705	0.00352	0.00881
15	0.01963	0.01884	0.03219	0.04867	0.67185	0.01884	0.02434	0.02434	0.01806	0.02591	0.01492	0.01963	0.01256	0.00707	0.00785	0.00236	0.00942	0.00707	0.00393	0.01256
16	0.01000	0.00806	0.00891	0.00869	0.01110	0.00696	0.00652	0.01260	0.01956	0.02495	0.28018	0.07050	0.46657	0.01877	0.00937	0.00262	0.00392	0.01592	0.00783	0.00696
17	0.01498	0.01409	0.02378	0.70226	0.05462	0.01762	0.02202	0.02026	0.01586	0.02026	0.01409	0.02114	0.01057	0.00793	0.00793	0.00264	0.01057	0.00705	0.00352	0.00881
18	0.03110	0.01762	0.12431	0.01525	0.02205	0.01251	0.01426	0.03519	0.02173	0.53752	0.06307	0.02709	0.02108	0.00980	0.00798	0.00247	0.00738	0.00798	0.00872	0.01288
19	0.01133	0.00850	0.01274	0.01274	0.01416	0.00991	0.00991	0.01416	0.01274	0.01841	0.02124	0.03115	0.01982	0.05947	0.68989	0.01274	0.02124	0.00850	0.00425	0.00708
20	0.01513	0.01440	0.02474	0.67450	0.05407	0.01772	0.04779	0.02047	0.01597	0.02047	0.01418	0.02115	0.01063	0.00788	0.00799	0.00264	0.01069	0.00714	0.00354	0.00889
21	0.02019	0.03503	0.53620	0.02075	0.03126	0.01694	0.02546	0.02806	0.01804	0.16705	0.01794	0.01897	0.01213	0.00803	0.00763	0.00250	0.01064	0.00632	0.00476	0.01211
22	0.00979	0.00699	0.00935	0.01119	0.01171	0.00655	0.00759	0.01127	0.01531	0.02039	0.04363	0.69004	0.05216	0.02472	0.01016	0.00324	0.00471	0.04736	0.00736	0.00648
23	0.01963	0.01884	0.03219	0.04867	0.67185	0.01884	0.02434	0.02434	0.01806	0.02591	0.01492	0.01963	0.01256	0.00707	0.00785	0.00236	0.00942	0.00707	0.00393	0.01256
24	0.02769	0.03009	0.12885	0.01963	0.02613	0.23083	0.01744	0.35446	0.02937	0.03645	0.01615	0.01719	0.01191	0.00878	0.00762	0.00230	0.01094	0.00630	0.00600	0.01186
25	0.01555	0.01521	0.02730	0.60001	0.05260	0.01799	0.11696	0.02105	0.01629	0.02105	0.01439	0.02118	0.01079	0.00774	0.00815	0.00265	0.01100	0.00740	0.00360	0.00910
26	0.01644	0.01409	0.01644	0.01175	0.01879	0.01057	0.00940	0.01997	0.01644	0.02584	0.01409	0.01644	0.01175	0.00587	0.00587	0.00117	0.00587	0.00470	0.00470	0.76979
27	0.01536	0.01441	0.02387	0.64696	0.07760	0.01776	0.02171	0.02136	0.04345	0.02104	0.01491	0.02144	0.01123	0.00802	0.00793	0.00263	0.01034	0.00713	0.00373	0.00912
28	0.01842	0.36697	0.37635	0.01830	0.02768	0.02458	0.02181	0.02446	0.01644	0.02204	0.01271	0.01483	0.01011	0.00718	0.00637	0.00212	0.01018	0.00509	0.00337	0.01099
29	0.03014	0.02221	0.02380	0.01825	0.02459	0.02459	0.01507	0.64541	0.03728	0.04998	0.01904	0.01904	0.01349	0.00952	0.00793	0.00238	0.00873	0.00714	0.00793	0.01349
30	0.01846	0.02322	0.10570	0.03242	0.04078	0.01990	0.58597	0.02537	0.01853	0.02537	0.01587	0.02096	0.01185	0.00676	0.00919	0.00266	0.01322	0.00903	0.00395	0.01079
31	0.01845	0.01764	0.03007	0.21358	0.51611	0.01853	0.02375	0.02331	0.01750	0.02448	0.01471	0.02001	0.01206	0.00728	0.00787	0.00243	0.00971	0.00706	0.00382	0.01161
32	0.01133	0.00850	0.01274	0.01274	0.01416	0.00991	0.00991	0.01416	0.01274	0.01841	0.02124	0.03115	0.01982	0.05947	0.68989	0.01274	0.02124	0.00850	0.00425	0.00708
33	0.03417	0.07332	0.02054	0.01422	0.02042	0.01379	0.01194	0.06035	0.02270	0.59862	0.02913	0.02550	0.01861	0.00955	0.00773	0.00239	0.00697	0.00763	0.00921	0.01322
34	0.00966	0.00690	0.00920	0.01104	0.01150	0.00644	0.00736	0.01104	0.01518	0.02024	0.04371	0.71614	0.05245	0.02484	0.01012	0.00322	0.00460	0.02254	0.00736	0.00644
35	0.02120	0.72609	0.04155	0.01357	0.02035	0.03138	0.01357	0.02374	0.01611	0.01866	0.01102	0.01272	0.01018	0.00678	0.00509	0.00170	0.00848	0.00424	0.00339	0.01018
36	0.01124	0.00841	0.01255	0.01265	0.01401	0.00972	0.00977	0.01399	0.01288	0.01851	0.02247	0.06861	0.02161	0.05758	0.65272	0.01222	0.02033	0.00926	0.00442	0.00705
37	0.01870	0.27583	0.39035	0.02066	0.06072	0.06113	0.02283	0.02498	0.01692	0.02260	0.01305	0.01536	0.01023	0.00729	0.00668	0.00220	0.01064	0.00532	0.00343	0.01109
38	0.02014	0.01724	0.01816	0.01622	0.02078	0.01992	0.01265	0.06603	0.63296	0.03384	0.03175	0.02917	0.02378	0.01071	0.00806	0.00268	0.00637	0.00889	0.00806	0.01259
39	0.01266	0.00905	0.01265	0.01447	0.01625	0.00903	0.01258	0.01623	0.01814	0.02360	0.04205	0.11255	0.04589	0.02201	0.01092	0.00364	0.00720	0.59650	0.00730	0.00727
40	0.01877	0.01698	0.02313	0.15853	0.21279	0.01906	0.01775	0.03282	0.35080	0.02860	0.02380	0.02511	0.01824	0.00916	0.00798	0.00259	0.00801	0.00805	0.00601	0.01183
41	0.01498	0.01409	0.02378	0.70226	0.05462	0.01762	0.02202	0.02026	0.01586	0.02026	0.01409	0.02114	0.01057	0.00793	0.00793	0.00264	0.01057	0.00705	0.00352	0.00881
42	0.01644	0.01409	0.01644	0.01175	0.01879	0.01057	0.00940	0.01997	0.01644	0.02584	0.01409	0.01644	0.01175	0.00587	0.00587	0.00117	0.00587	0.00470	0.00470	0.76979
43	0.01172	0.00925	0.01246	0.01266	0.01310	0.01055	0.00912	0.01313	0.01352	0.01879	0.03029	0.34759	0.03483	0.16373	0.12816	0.00566	0.13791	0.01526	0.00564	0.00664
44	0.02131	0.01782	0.01882	0.01646	0.02122	0.02046	0.01293	0.13385	0.56323	0.03573	0.03026	0.02798	0.02258	0.01057	0.00805	0.00264	0.00665	0.00869	0.00805	0.01269
45	0.73596	0.01527	0.01231	0.04797	0.01747	0.01778	0.00932	0.02314	0.01362	0.03475	0.01121	0.01333	0.00870	0.00739	0.00507	0.00246	0.00637	0.00444	0.00483	0.00860
46	0.01937	0.01857	0.03172	0.08537	0.63719	0.01877	0.02421	0.02411	0.01793	0.02559	0.01487	0.01971	0.01245	0.00711	0.00785	0.00237	0.00949	0.00706	0.00390	0.01235
47	0.01538	0.01325	0.02044	0.10405	0.17231	0.01379	0.04752	0.02135	0.08003	0.02469	0.03245	0.05547	0.06567	0.01492	0.00944	0.00304	0.00819	0.28270	0.00600	0.00933
48	0.00966	0.00690	0.00920	0.01104	0.01150	0.00644	0.00736	0.01104	0.01518	0.02024	0.04371	0.71614	0.05245	0.02484	0.01012	0.00322	0.00460	0.02254	0.00736	0.00644
49	0.01644	0.01409	0.01644	0.01175	0.01879	0.01057	0.00940	0.01997	0.01644	0.02584	0.01409	0.01644	0.01175	0.00587	0.00587	0.00117	0.00587	0.00470	0.00470	0.76979
50	0.01204	0.00831	0.01075	0.01002	0.01210	0.00760	0.00756	0.01566	0.02221	0.05562	0.61014	0.05899	0.10656	0.01619	0.00930	0.00250	0.00387	0.01424	0.00869	0.00766
51	0.01016	0.00726	0.00978	0.01161	0.01229	0.00687	0.00823	0.01191	0.01568	0.02080	0.04343	0.61559	0.05135	0.02437	0.01025	0.00329	0.00503	0.11816	0.00735	0.00658
52	0.03558	0.01350	0.01840	0.01411	0.02024	0.01166	0.01166	0.03865	0.02270	0.67734	0.03128	0.02699	0.01963	0.00981	0.00797	0.00245	0.00675	0.00797	0.00981	0.01350
53	0.01377	0.00689	0.01033	0.01033	0.01033	0.00689	0.00689	0.01033	0.01033	0.01377	0.01377	0.02410	0.01377	0.02755	0.03099	0.76928	0.00689	0.00689	0.00344	0.00344
54	0.01795	0.02263	0.13306	0.08920	0.11350	0.01872	0.35434	0.02499	0.04139	0.02529	0.01592	0.02040	0.01210	0.00705	0.00847	0.00250	0.01159	0.00800	0.00406	0.06882
55	0.02120	0.72609	0.04155	0.01357	0.02035	0.03138	0.01357	0.02374	0.01611	0.01866	0.01102	0.01272	0.01018	0.00678	0.00509	0.00170	0.00848	0.00424	0.00339	0.01018
56	0.01261	0.00841	0.01104	0.01021	0.01233	0.00772	0.00772	0.01631	0.02246	0.06857	0.63142	0.05740	0.07168	0.01585	0.00927	0.00249	0.00391	0.01398	0.00879	0.00782
57	0.01553	0.01494	0.02608	0.61247	0.08822	0.01788	0.07145	0.02090	0.01621	0.02099	0.01430	0.02108	0.01080	0.00778	0.00804	0.00263	0.01073	0.00723	0.00358	0.00917
58	0.01548	0.01452	0.02446	0.56488	0.15189	0.01729	0.02171	0.02049	0.01618	0.02117	0.01561	0.05332	0.01284	0.00858	0.00802	0.00262	0.01011	0.00777	0.00377	0.00930
59	0.01590	0.04102	0.68023	0.02260	0.03432	0.01842	0.02930	0.02511	0.01674	0.02511	0.01423	0.01674	0.01005	0.00753	0.00753	0.00251	0.01172	0.00586	0.00335	0.01172
60	0.02672	0.02126	0.02165	0.01744	0.02306	0.06055	0.01410	0.43658	0.18845	0.04296	0.02436	0.02365	0.04205	0.01017	0.00798	0.00245	0.00825	0.00786	0.00772	0.01274
61	0.01534	0.01421	0.02263	0.58845	0.04877	0.01681	0.02006	0.02107	0.04079	0.02147	0.01480	0.02088	0.01125	0.00778	0.00767	0.00246	0.00981	0.00682	0.00385	0.10509
62	0.00966	0.00690	0.00920	0.01104	0.01150	0.00644	0.00736	0.01104	0.01518	0.02024	0.04371	0.71614	0.05245	0.02484	0.01012	0.00322	0.00460	0.02254	0.00736	0.00644
63	0.01153	0.00769	0.00865	0.00865	0.00865	0.00769	0.00480	0.01153	0.01153	0.01538	0.02499	0.05189	0.02883	0.72131	0.04036	0.00769	0.00769	0.01153	0.00480	0.00480
64	0.02803	0.02108	0.02298	0.04615	0.02524	0.02325	0.01489	0.54140	0.08569	0.04626	0.01968	0.01986	0.01415	0.00938	0.00785	0.00236	0.00847	0.00717	0.00761	0.04850
65	0.00972	0.00695	0.00925	0.01100	0.01151	0.00648	0.00737	0.01119	0.01546	0.02068	0.06732	0.69127	0.05329	0.02452	0.01009	0.00319	0.00457	0.02223	0.00741	0.00648
66	0.00988	0.00706	0.00945	0.01129	0.01185	0.00663	0.00774	0.01142	0.01540	0.02049	0.04359	0.67199	0.05197	0.02464	0.01018	0.00325	0.00479	0.06452	0.00736	0.00650
67	0.03304	0.01541	0.01919	0.01481	0.02076	0.01476	0.01220	0.19433	0.02613	0.47981	0.02782	0.02508	0.01808	0.00971	0.00783	0.00240	0.00709	0.00773	0.05064	0.01316
68	0.71404	0.01592	0.01268	0.01109	0.01612	0.01837	0.00914	0.07600	0.01551	0.03680	0.01172	0.01340	0.00900	0.00754	0.00516	0.00245	0.00635	0.00453	0.00516	0.00900
69	0.01181	0.00843	0.01166	0.01349	0.01489	0.00829	0.01109	0.01475	0.01730	0.02264	0.04252	0.28482	0.04776	0.02282	0.01069	0.00352	0.00646	0.43270	0.00732	0.00703
70	0.01536	0.01448	0.02447	0.64886	0.10504	0.01772	0.02221	0.02059	0.01604	0.02072	0.01416	0.02102	0.01073	0.00786	0.00792	0.00262	0.01048	0.00705	0.00356	0.00912
71	0.01099	0.00783	0.01060	0.01235	0.01334	0.00757	0.00940	0.01321	0.01624	0.02141	0.04215	0.43503	0.04863	0.05616	0.01186	0.00360	0.00582	0.25988	0.00722	0.00671
72	0.01153	0.00769	0.00865	0.00865	0.00865	0.00769	0.00480	0.01153	0.01153	0.01538	0.02499	0.05189	0.02883	0.72131	0.04036	0.00769	0.00769	0.01153	0.00480	0.00480
73	0.77733	0.01534	0.01166	0.01043	0.01534	0.01779	0.00859	0.02331	0.01350	0.03558	0.01104	0.01288	0.00859	0.00736	0.00491	0.00245	0.00613	0.00429	0.00491	0.00859
74	0.01094	0.00805	0.01023	0.00979	0.01170	0.00734	0.00730	0.01437	0.02162	0.03007	0.57109	0.08836	0.14556	0.01703	0.00939	0.00255	0.00381	0.01497	0.00851	0.00734
75	0.77733	0.01534	0.01166	0.01043	0.01534	0.01779	0.00859	0.02331	0.01350	0.03558	0.01104	0.01288	0.00859	0.00736	0.00491	0.00245	0.00613	0.00429	0.00491	0.00859
76	0.01510	0.01427	0.02381	0.66528	0.05278	0.01798	0.02177	0.02020	0.01565	0.02020	0.01389	0.02094	0.01056	0.00825	0.00891	0.00269	0.04835	0.00704	0.00352	0.00880
77	0.01048	0.00753	0.00999	0.01159	0.01248	0.00714	0.00843	0.01244	0.01613	0.02132	0.06709	0.49777	0.07724	0.05025	0.01140	0.00344	0.00527	0.15608	0.00730	0.00662
78	0.01153	0.00769	0.00865	0.00865	0.00865	0.00769	0.00480	0.01153	0.01153	0.01538	0.02499	0.05189	0.02883	0.72131	0.04036	0.00769	0.00769	0.01153	0.00480	0.00480
79	0.01972	0.01703	0.01793	0.01614	0.02062	0.01972	0.01255	0.04214	0.65752	0.03317	0.03228	0.02959	0.02421	0.01076	0.00807	0.00269	0.00628	0.00897	0.00807	0.01255
80	0.01498	0.01409	0.02378	0.70226	0.05462	0.01762	0.02202	0.02026	0.01586	0.02026	0.01409	0.02114	0.01057	0.00793	0.00793	0.00264	0.01057	0.00705	0.00352	0.00881
81	0.01963	0.01884	0.03219	0.04867	0.67185	0.01884	0.02434	0.02434	0.01806	0.02591	0.01492	0.01963	0.01256	0.00707	0.00785	0.00236	0.00942	0.00707	0.00393	0.01256
82	0.03014	0.02221	0.02380	0.01825	0.02459	0.02459	0.01507	0.64541	0.03728	0.04998	0.01904	0.01904	0.01349	0.00952	0.00793	0.00238	0.00873	0.00714	0.00793	0.01349
83	0.01377	0.00689	0.01033	0.01033	0.01033	0.00689	0.00689	0.01033	0.01033	0.01377	0.01377	0.02410	0.01377	0.02755	0.03099	0.76928	0.00689	0.00689	0.00344	0.00344
84	0.00964	0.00699	0.00911	0.01081	0.01144	0.00646	0.00726	0.01107	0.01540	0.02033	0.04650	0.66738	0.09941	0.02448	0.01006	0.00318	0.00456	0.02210	0.00736	0.00646
85	0.01718	0.06183	0.44885	0.02169	0.03114	0.01889	0.08397	0.05710	0.08911	0.02674	0.01817	0.05783	0.01437	0.00885	0.00783	0.00255	0.01059	0.00748	0.00439	0.01144
86	0.01811	0.32685	0.41375	0.01883	0.02849	0.02382	0.02274	0.02454	0.01648	0.02242	0.01289	0.01506	0.01010	0.00722	0.00651	0.00217	0.01037	0.00518	0.00337	0.01108
87	0.01735	0.01735	0.02429	0.02082	0.02082	0.02429	0.01735	0.01908	0.01214	0.01908	0.01041	0.01735	0.01041	0.01388	0.02602	0.00347	0.70680	0.00694	0.00347	0.00867
88	0.01999	0.05838	0.05727	0.01735	0.04717	0.04303	0.04465	0.07061	0.27040	0.05355	0.02493	0.02483	0.04501	0.00910	0.00744	0.00222	0.00746	0.00755	0.00630	0.18276
89	0.05928	0.03956	0.64215	0.02191	0.03324	0.01838	0.02812	0.02501	0.01656	0.02571	0.01405	0.01652	0.00996	0.00752	0.00738	0.00251	0.01140	0.00577	0.00344	0.01154

[dist]
# distance from previous block
# <min> <max>
0	1

[block]
# block no. 1 follows, 24 sequences, length 89
# corresponding to MSA columns:
# 122-151,161-219
name=unknown_B
#
# <colnr> <probs for GDERKNQSTAVLIFYWHMCP>
#	G	D	E	R	K	N	Q	S	T	A	V	L	I	F	Y	W	H	M	C	P
0	0.01644	0.01409	0.01644	0.01175	0.01879	0.01057	0.00940	0.01997	0.01644	0.02584	0.01409	0.01644	0.01175	0.00587	0.00587	0.00117	0.00587	0.00470	0.00470	0.76979
1	0.02303	0.01535	0.01620	0.01322	0.01748	0.01663	0.01066	0.35521	0.02772	0.04053	0.02220	0.02391	0.01665	0.00939	0.00683	0.00213	0.00640	0.00726	0.35853	0.01066
2	0.01133	0.00850	0.01274	0.01274	0.01416	0.00991	0.00991	0.01416	0.01274	0.01841	0.02124	0.03115	0.01982	0.05947	0.68989	0.01274	0.02124	0.00850	0.00425	0.00708
3	0.01377	0.00689	0.01033	0.01033	0.01033	0.00689	0.00689	0.01033	0.01033	0.01377	0.01377	0.02410	0.01377	0.02755	0.03099	0.76928	0.00689	0.00689	0.00344	0.00344
4	0.01870	0.02009	0.04045	0.07504	0.21641	0.01976	0.40883	0.02454	0.01809	0.02498	0.01537	0.02071	0.01203	0.00717	0.00958	0.00262	0.04219	0.00849	0.00394	0.01102
5	0.00979	0.00805	0.00861	0.00847	0.01097	0.00687	0.00635	0.01219	0.01906	0.02376	0.21247	0.07247	0.53504	0.01921	0.00937	0.00264	0.00395	0.01620	0.00767	0.00687
6	0.01972	0.01703	0.01793	0.01614	0.02062	0.01972	0.01255	0.04214	0.65752	0.03317	0.03228	0.02959	0.02421	0.01076	0.00807	0.00269	0.00628	0.00897	0.00807	0.01255
7	0.01941	0.01862	0.03180	0.07857	0.64362	0.01879	0.02423	0.02415	0.01796	0.02565	0.01488	0.01970	0.01247	0.00710	0.00785	0.00237	0.00947	0.00706	0.00391	0.01239
8	0.01228	0.00834	0.01094	0.01016	0.01221	0.00766	0.00766	0.01599	0.02246	0.05980	0.64006	0.05784	0.07243	0.01593	0.00929	0.00249	0.00387	0.01406	0.00878	0.00774
9	0.01963	0.01884	0.03219	0.04867	0.67185	0.01884	0.02434	0.02434	0.01806	0.02591	0.01492	0.01963	0.01256	0.00707	0.00785	0.00236	0.00942	0.00707	0.00393	0.01256
10	0.01260	0.00841	0.01104	0.01021	0.01232	0.00772	0.00772	0.01631	0.02246	0.06841	0.63158	0.05741	0.07169	0.01585	0.00927	0.00249	0.00391	0.01398	0.00879	0.00782
11	0.02120	0.72609	0.04155	0.01357	0.02035	0.03138	0.01357	0.02374	0.01611	0.01866	0.01102	0.01272	0.01018	0.00678	0.00509	0.00170	0.00848	0.00424	0.00339	0.01018
12	0.01156	0.00884	0.01319	0.01306	0.01442	0.01047	0.01020	0.01435	0.01272	0.01843	0.02082	0.03061	0.01946	0.05770	0.66402	0.01238	0.04795	0.00844	0.00422	0.00714
13	0.02006	0.01703	0.01807	0.01620	0.02069	0.01961	0.01270	0.07539	0.59867	0.03378	0.03188	0.03121	0.02439	0.01110	0.00817	0.00271	0.00645	0.03144	0.00803	0.01241
14	0.03522	0.01407	0.01876	0.01438	0.02053	0.01251	0.01188	0.07897	0.02367	0.63564	0.03047	0.02646	0.01922	0.00980	0.00797	0.00245	0.00688	0.00792	0.00969	0.01349
15	0.01606	0.03990	0.64431	0.02322	0.03473	0.01851	0.06410	0.02513	0.01685	0.02513	0.01433	0.01701	0.01016	0.00749	0.00764	0.00252	0.01181	0.00606	0.00339	0.01166
16	0.02875	0.10913	0.02445	0.01972	0.02408	0.62128	0.01514	0.03084	0.02181	0.01933	0.01213	0.01414	0.01021	0.00803	0.00694	0.00201	0.01370	0.00502	0.00401	0.00929
17	0.01278	0.00913	0.01278	0.01460	0.01643	0.00913	0.01278	0.01643	0.01825	0.02373	0.04199	0.08945	0.04564	0.02191	0.01095	0.00365	0.00730	0.61847	0.00730	0.00730
18	0.02120	0.72609	0.04155	0.01357	0.02035	0.03138	0.01357	0.02374	0.01611	0.01866	0.01102	0.01272	0.01018	0.00678	0.00509	0.00170	0.00848	0.00424	0.00339	0.01018
19	0.01735	0.01735	0.02429	0.02082	0.02082	0.02429	0.01735	0.01908	0.01214	0.01908	0.01041	0.01735	0.01041	0.01388	0.02602	0.00347	0.70680	0.00694	0.00347	0.00867
20	0.77733	0.01534	0.01166	0.01043	0.01534	0.01779	0.00859	0.02331	0.01350	0.03558	0.01104	0.01288	0.00859	0.00736	0.00491	0.00245	0.00613	0.00429	0.00491	0.00859
21	0.01903	0.01823	0.03110	0.13299	0.59222	0.01868	0.02404	0.02381	0.01777	0.02518	0.01481	0.01982	0.01230	0.00718	0.00786	0.00239	0.00957	0.00706	0.00387	0.01208
22	0.03455	0.01327	0.01807	0.01393	0.01989	0.01148	0.01148	0.03764	0.02269	0.65004	0.05819	0.02835	0.02196	0.01009	0.00803	0.00246	0.00662	0.00824	0.00977	0.01324
23	0.01377	0.00689	0.01033	0.01033	0.01033	0.00689	0.00689	0.01033	0.01033	0.01377	0.01377	0.02410	0.01377	0.02755	0.03099	0.76928	0.00689	0.00689	0.00344	0.00344
24	0.77733	0.01534	0.01166	0.01043	0.01534	0.01779	0.00859	0.02331	0.01350	0.03558	0.01104	0.01288	0.00859	0.00736	0.00491	0.00245	0.00613	0.00429	0.00491	0.00859
25	0.00977	0.00803	0.00850	0.00839	0.01084	0.00687	0.00624	0.01201	0.01862	0.02303	0.18141	0.07249	0.54266	0.04338	0.01043	0.00282	0.00409	0.01614	0.00752	0.00677
26	0.00992	0.00707	0.00941	0.01118	0.01172	0.00665	0.00762	0.01140	0.01525	0.02030	0.04295	0.65350	0.05120	0.04873	0.01122	0.00340	0.00488	0.05989	0.00727	0.00644
27	0.02064	0.01749	0.01845	0.01632	0.02097	0.02015	0.01277	0.09502	0.60315	0.03465	0.03111	0.02866	0.02327	0.01065	0.00806	0.00266	0.00649	0.00881	0.00806	0.01263
28	0.01183	0.00884	0.01188	0.01169	0.01235	0.01005	0.00834	0.01333	0.01236	0.01736	0.02323	0.08168	0.02470	0.32033	0.32680	0.00929	0.07460	0.01047	0.00460	0.00626
29	0.01917	0.01837	0.03135	0.11348	0.61065	0.01872	0.02411	0.02393	0.01784	0.02535	0.01483	0.01978	0.01236	0.00715	0.00786	0.00238	0.00953	0.00706	0.00389	0.01219
30	0.77733	0.01534	0.01166	0.01043	0.01534	0.01779	0.00859	0.02331	0.01350	0.03558	0.01104	0.01288	0.00859	0.00736	0.00491	0.00245	0.00613	0.00429	0.00491	0.00859
31	0.01958	0.01896	0.03287	0.04796	0.64254	0.01890	0.05310	0.02439	0.01809	0.02588	0.01497	0.01971	0.01254	0.00705	0.00792	0.00237	0.00960	0.00717	0.00393	0.01247
32	0.01940	0.05151	0.18617	0.02859	0.12772	0.01932	0.25274	0.05102	0.07411	0.05309	0.01731	0.02034	0.01298	0.00750	0.00817	0.00247	0.01083	0.00763	0.00459	0.04450
33	0.01599	0.07834	0.61309	0.02151	0.03249	0.01865	0.02740	0.02457	0.01697	0.02506	0.04422	0.01848	0.01304	0.00789	0.00748	0.00246	0.01117	0.00616	0.00360	0.01144
34	0.05253	0.06526	0.05515	0.02015	0.10727	0.06422	0.01499	0.24734	0.07555	0.05726	0.02071	0.02166	0.03815	0.00892	0.00731	0.00222	0.00825	0.00697	0.04924	0.07684
35	0.01812	0.03541	0.50393	0.02615	0.13217	0.01919	0.02689	0.09652	0.01931	0.02810	0.01489	0.01745	0.01083	0.00769	0.00763	0.00247	0.01102	0.00619	0.00397	0.01205
36	0.01529	0.01723	0.18436	0.01372	0.01863	0.01079	0.01360	0.02036	0.02100	0.10576	0.42439	0.04449	0.05163	0.01322	0.00872	0.00249	0.00615	0.01141	0.00747	0.00928
37	0.01906	0.01854	0.03247	0.11657	0.55584	0.01881	0.07387	0.02399	0.01788	0.02527	0.01492	0.01993	0.01231	0.00713	0.00798	0.00241	0.00986	0.00725	0.00389	0.01201
38	0.01590	0.04102	0.68023	0.02260	0.03432	0.01842	0.02930	0.02511	0.01674	0.02511	0.01423	0.01674	0.01005	0.00753	0.00753	0.00251	0.01172	0.00586	0.00335	0.01172
39	0.01089	0.00812	0.01017	0.00996	0.01195	0.00740	0.00758	0.01416	0.02090	0.02850	0.46891	0.09035	0.19880	0.01782	0.00951	0.00265	0.00411	0.06267	0.00827	0.00726
40	0.02071	0.60547	0.13266	0.01509	0.02249	0.05076	0.01588	0.02420	0.01641	0.01961	0.01152	0.01335	0.01016	0.00694	0.00551	0.00182	0.00913	0.00450	0.00341	0.01037
41	0.02026	0.02004	0.03157	0.04688	0.63086	0.06130	0.02377	0.02480	0.01834	0.02550	0.01475	0.01929	0.01241	0.00714	0.00781	0.00234	0.00973	0.00694	0.00394	0.01235
42	0.01370	0.00867	0.01131	0.01033	0.01268	0.00789	0.00786	0.01730	0.02230	0.09885	0.57811	0.05654	0.09237	0.01570	0.00921	0.00250	0.00407	0.01377	0.00879	0.00808
43	0.01264	0.00908	0.01258	0.01433	0.01619	0.00903	0.01250	0.01622	0.01825	0.02364	0.04357	0.08891	0.07129	0.02183	0.01089	0.00361	0.00717	0.59369	0.00730	0.00728
44	0.01133	0.00850	0.01274	0.01274	0.01416	0.00991	0.00991	0.01416	0.01274	0.01841	0.02124	0.03115	0.01982	0.05947	0.68989	0.01274	0.02124	0.00850	0.00425	0.00708
45	0.01735	0.01735	0.02429	0.02082	0.02082	0.02429	0.01735	0.01908	0.01214	0.01908	0.01041	0.01735	0.01041	0.01388	0.02602	0.00347	0.70680	0.00694	0.00347	0.00867
46	0.02120	0.72609	0.04155	0.01357	0.02035	0.03138	0.01357	0.02374	0.01611	0.01866	0.01102	0.01272	0.01018	0.00678	0.00509	0.00170	0.00848	0.00424	0.00339	0.01018
47	0.01377	0.00689	0.01033	0.01033	0.01033	0.00689	0.00689	0.01033	0.01033	0.01377	0.01377	0.02410	0.01377	0.02755	0.03099	0.76928	0.00689	0.00689	0.00344	0.00344
48	0.01498	0.01409	0.02378	0.70226	0.05462	0.01762	0.02202	0.02026	0.01586	0.02026	0.01409	0.02114	0.01057	0.00793	0.00793	0.00264	0.01057	0.00705	0.00352	0.00881
49	0.00966	0.00690	0.00920	0.01104	0.01150	0.00644	0.00736	0.01104	0.01518	0.02024	0.04371	0.71614	0.05245	0.02484	0.01012	0.00322	0.00460	0.02254	0.00736	0.00644
50	0.01039	0.00800	0.00950	0.00928	0.01138	0.00711	0.00690	0.01330	0.02026	0.02697	0.39626	0.10757	0.30786	0.01829	0.00941	0.00261	0.00390	0.01581	0.00810	0.00711
51	0.01644	0.01409	0.01644	0.01175	0.01879	0.01057	0.00940	0.01997	0.01644	0.02584	0.01409	0.01644	0.01175	0.00587	0.00587	0.00117	0.00587	0.00470	0.00470	0.76979
52	0.01941	0.01862	0.03180	0.07857	0.64362	0.01879	0.02423	0.02415	0.01796	0.02565	0.01488	0.01970	0.01247	0.00710	0.00785	0.00237	0.00947	0.00706	0.00391	0.01239
53	0.01753	0.09799	0.02576	0.01964	0.02048	0.02448	0.01659	0.01940	0.01262	0.01901	0.01095	0.01742	0.01079	0.01505	0.05243	0.00367	0.59722	0.00670	0.00349	0.00878
54	0.01403	0.02289	0.28811	0.01803	0.02434	0.01345	0.05415	0.02042	0.03915	0.02419	0.03295	0.10207	0.09438	0.01480	0.00913	0.00296	0.00887	0.20118	0.00553	0.00935
55	0.01590	0.04102	0.68023	0.02260	0.03432	0.01842	0.02930	0.02511	0.01674	0.02511	0.01423	0.01674	0.01005	0.00753	0.00753	0.00251	0.01172	0.00586	0.00335	0.01172
56	0.01859	0.05608	0.24188	0.02628	0.03464	0.01910	0.32440	0.02530	0.01810	0.06630	0.04605	0.02147	0.01463	0.00793	0.00929	0.00260	0.04401	0.00807	0.00434	0.01093
57	0.02102	0.06876	0.17194	0.02682	0.03522	0.01908	0.37501	0.02738	0.01879	0.13040	0.01782	0.02079	0.01274	0.00737	0.00849	0.00254	0.01165	0.00809	0.00477	0.01133
58	0.01134	0.00769	0.00908	0.00933	0.00956	0.00767	0.00566	0.01187	0.01262	0.01693	0.05133	0.12792	0.03341	0.56723	0.06032	0.00705	0.00771	0.03272	0.00530	0.00526
59	0.01875	0.01757	0.02770	0.16773	0.42210	0.01878	0.02152	0.02714	0.14639	0.02628	0.01825	0.02192	0.01452	0.00797	0.00791	0.00248	0.00901	0.00744	0.00468	0.01184
60	0.06152	0.31052	0.07693	0.18423	0.02885	0.05353	0.01592	0.04807	0.01703	0.02204	0.01638	0.10088	0.01545	0.00953	0.00679	0.00226	0.00891	0.00744	0.00421	0.00950
61	0.01165	0.00774	0.00894	0.00894	0.00913	0.00786	0.00526	0.01205	0.01185	0.01623	0.02471	0.04922	0.02772	0.63597	0.09297	0.00786	0.00865	0.01110	0.03704	0.00510
62	0.01592	0.02843	0.35678	0.02035	0.02834	0.04110	0.09995	0.02429	0.07462	0.02622	0.11936	0.02791	0.04782	0.01196	0.03966	0.00301	0.01045	0.00840	0.00490	0.01051
63	0.01753	0.01406	0.01655	0.01188	0.01887	0.01063	0.00952	0.02103	0.01680	0.06278	0.01507	0.01704	0.01219	0.00610	0.00599	0.00125	0.00592	0.00488	0.00499	0.72691
64	0.01160	0.00773	0.01024	0.01075	0.01208	0.00713	0.00762	0.01405	0.01859	0.05758	0.30376	0.40761	0.06017	0.02049	0.00969	0.00288	0.00435	0.01840	0.00805	0.00722
65	0.01753	0.01406	0.01655	0.01188	0.01887	0.01063	0.00952	0.02103	0.01680	0.06278	0.01507	0.01704	0.01219	0.00610	0.00599	0.00125	0.00592	0.00488	0.00499	0.72690
66	0.01771	0.13933	0.53102	0.02131	0.03190	0.02007	0.05027	0.02555	0.01700	0.05450	0.01462	0.01681	0.01059	0.00750	0.00727	0.00240	0.01108	0.00586	0.00368	0.01154
67	0.01737	0.01469	0.01693	0.01232	0.01921	0.01179	0.00986	0.05646	0.04723	0.02755	0.01521	0.01720	0.01242	0.00631	0.00609	0.00131	0.00605	0.00503	0.00504	0.69194
68	0.01935	0.01400	0.01711	0.04628	0.02079	0.01109	0.01037	0.02289	0.01739	0.12711	0.01677	0.01832	0.01292	0.00659	0.00630	0.00145	0.00624	0.00533	0.00544	0.61426
69	0.01482	0.01156	0.04541	0.01146	0.01521	0.00940	0.00949	0.01935	0.04990	0.09297	0.34597	0.04996	0.13401	0.01417	0.00864	0.00238	0.00503	0.03553	0.00773	0.11700
70	0.01498	0.01409	0.02378	0.70226	0.05462	0.01762	0.02202	0.02026	0.01586	0.02026	0.01409	0.02114	0.01057	0.00793	0.00793	0.00264	0.01057	0.00705	0.00352	0.00881
71	0.01510	0.01165	0.01541	0.01410	0.01600	0.01370	0.01103	0.11693	0.01652	0.02327	0.02006	0.02995	0.01873	0.12116	0.42894	0.00942	0.09672	0.00844	0.00482	0.00805
72	0.01122	0.00811	0.01060	0.00998	0.01185	0.00748	0.00748	0.01496	0.02245	0.03180	0.66766	0.05923	0.07482	0.01621	0.00935	0.00249	0.00374	0.01434	0.00873	0.00748
73	0.01743	0.01401	0.01707	0.09224	0.02236	0.01303	0.01140	0.07290	0.05456	0.04914	0.02214	0.05730	0.05665	0.00910	0.00764	0.00188	0.03240	0.00737	0.03762	0.40375
74	0.01133	0.00850	0.01274	0.01274	0.01416	0.00991	0.00991	0.01416	0.01274	0.01841	0.02124	0.03115	0.01982	0.05947	0.68989	0.01274	0.02124	0.00850	0.00425	0.00708
75	0.01644	0.01409	0.01644	0.01175	0.01879	0.01057	0.00940	0.01997	0.01644	0.02584	0.01409	0.01644	0.01175	0.00587	0.00587	0.00117	0.00587	0.00470	0.00470	0.76979
76	0.01644	0.01409	0.01644	0.01175	0.01879	0.01057	0.00940	0.01997	0.01644	0.02584	0.01409	0.01644	0.01175	0.00587	0.00587	0.00117	0.00587	0.00470	0.00470	0.76979
77	0.00966	0.00690	0.00920	0.01104	0.01150	0.00644	0.00736	0.01104	0.01518	0.02024	0.04371	0.71614	0.05245	0.02484	0.01012	0.00322	0.00460	0.02254	0.00736	0.00644
78	0.00966	0.00690	0.00920	0.01104	0.01150	0.00644	0.00736	0.01104	0.01518	0.02024	0.04371	0.71614	0.05245	0.02484	0.01012	0.00322	0.00460	0.02254	0.00736	0.00644
79	0.01498	0.01409	0.02378	0.70226	0.05462	0.01762	0.02202	0.02026	0.01586	0.02026	0.01409	0.02114	0.01057	0.00793	0.00793	0.00264	0.01057	0.00705	0.00352	0.00881
80	0.03558	0.01350	0.01840	0.01411	0.02024	0.01166	0.01166	0.03865	0.02270	0.67734	0.03128	0.02699	0.01963	0.00981	0.00797	0.00245	0.00675	0.00797	0.00981	0.01350
81	0.01278	0.00913	0.01278	0.01460	0.01643	0.00913	0.01278	0.01643	0.01825	0.02373	0.04199	0.08945	0.04564	0.02191	0.01095	0.00365	0.00730	0.61847	0.00730	0.00730
82	0.01070	0.00847	0.01047	0.01203	0.03898	0.00773	0.00876	0.01308	0.01742	0.02189	0.05935	0.23136	0.33901	0.02116	0.00988	0.00304	0.00519	0.16726	0.00721	0.00702
83	0.00982	0.00701	0.00938	0.01122	0.01175	0.00657	0.00763	0.01131	0.01533	0.02042	0.04362	0.68513	0.05211	0.02470	0.01016	0.00324	0.00473	0.05203	0.00736	0.00648
84	0.03558	0.01350	0.01840	0.01411	0.02024	0.01166	0.01166	0.03865	0.02270	0.67734	0.03128	0.02699	0.01963	0.00981	0.00797	0.00245	0.00675	0.00797	0.00981	0.01350
85	0.01807	0.02470	0.16521	0.05900	0.06797	0.01959	0.47491	0.02509	0.01820	0.02516	0.01557	0.02042	0.01162	0.00691	0.00889	0.00263	0.01277	0.00850	0.00386	0.01089
86	0.01741	0.01619	0.02910	0.25416	0.07819	0.01801	0.19419	0.02201	0.01624	0.05881	0.01613	0.02293	0.01306	0.04180	0.06431	0.00372	0.11203	0.00803	0.00414	0.00953
87	0.12938	0.01792	0.05817	0.13541	0.24700	0.01770	0.07076	0.04533	0.01817	0.10713	0.03901	0.02108	0.01449	0.00824	0.00833	0.00251	0.03620	0.00716	0.00499	0.01102
88	0.01832	0.01748	0.02968	0.13411	0.49779	0.01797	0.04749	0.02359	0.03946	0.02500	0.01727	0.06435	0.01519	0.00842	0.00807	0.00247	0.00932	0.00820	0.00423	0.01158

[dist]
# distance from previous block
# <min> <max>
0	6

[block]
# block no. 2 follows, 24 sequences, length 27
# corresponding to MSA columns:
# 226-252
name=unknown_C
#
# <colnr> <probs for GDERKNQSTAVLIFYWHMCP>
#	G	D	E	R	K	N	Q	S	T	A	V	L	I	F	Y	W	H	M	C	P
0	0.07682	0.01521	0.01705	0.03750	0.04208	0.03893	0.01153	0.17895	0.03964	0.13576	0.16209	0.03303	0.07542	0.01120	0.00787	0.00235	0.00666	0.00912	0.03997	0.05883
1	0.01875	0.01474	0.06356	0.01514	0.03886	0.01304	0.01208	0.06498	0.15581	0.12913	0.08907	0.20467	0.03263	0.01410	0.00851	0.00261	0.00633	0.02776	0.00741	0.08082
2	0.06717	0.07104	0.01774	0.10648	0.02178	0.01485	0.01178	0.02606	0.15401	0.13906	0.06227	0.12362	0.02618	0.06640	0.05362	0.00361	0.00779	0.01017	0.00663	0.00973
3	0.01661	0.02939	0.37039	0.02601	0.14642	0.01687	0.08123	0.02364	0.01748	0.02581	0.05604	0.02035	0.01504	0.00769	0.00765	0.00231	0.01014	0.00678	0.00404	0.11609
4	0.01590	0.04102	0.68023	0.02260	0.03432	0.01842	0.02930	0.02511	0.01674	0.02511	0.01423	0.01674	0.01005	0.00753	0.00753	0.00251	0.01172	0.00586	0.00335	0.01172
5	0.01644	0.01409	0.01644	0.01175	0.01879	0.01057	0.00940	0.01997	0.01644	0.02584	0.01409	0.01644	0.01175	0.00587	0.00587	0.00117	0.00587	0.00470	0.00470	0.76979
6	0.02396	0.01201	0.01524	0.01333	0.01737	0.01135	0.01045	0.06187	0.08644	0.32854	0.03785	0.21739	0.07399	0.01513	0.00878	0.00274	0.00607	0.03812	0.00860	0.01078
7	0.00962	0.00707	0.00903	0.01060	0.01139	0.00648	0.00717	0.01109	0.01560	0.02041	0.04904	0.62289	0.14226	0.02415	0.01001	0.00314	0.00452	0.02170	0.00736	0.00648
8	0.01772	0.18440	0.02436	0.01356	0.02060	0.01614	0.05067	0.02121	0.01651	0.02410	0.01349	0.01587	0.01139	0.00614	0.00591	0.00139	0.00697	0.00489	0.00434	0.54033
9	0.01060	0.00761	0.00987	0.01137	0.01210	0.00728	0.00772	0.04025	0.01620	0.02161	0.04257	0.68404	0.05065	0.02414	0.01002	0.00318	0.00479	0.02183	0.00739	0.00677
10	0.01879	0.01965	0.05804	0.11972	0.29482	0.01973	0.18546	0.04391	0.04535	0.02546	0.01553	0.02036	0.01240	0.00798	0.00999	0.00260	0.07716	0.00769	0.00414	0.01123
11	0.01556	0.01461	0.02423	0.61971	0.10389	0.01781	0.02181	0.02152	0.04302	0.02127	0.01493	0.02137	0.01131	0.00798	0.00793	0.00262	0.01030	0.00713	0.00375	0.00927
12	0.09077	0.36540	0.05606	0.01733	0.06245	0.06973	0.03427	0.02653	0.11020	0.02395	0.04585	0.01849	0.01535	0.00818	0.00677	0.00212	0.02568	0.00594	0.00457	0.01037
13	0.08224	0.00877	0.01059	0.00994	0.01212	0.00841	0.00752	0.01559	0.02143	0.03172	0.58211	0.05565	0.09356	0.01555	0.00894	0.00250	0.00397	0.01351	0.00832	0.00755
14	0.01376	0.01175	0.01620	0.06380	0.01952	0.01202	0.04630	0.01872	0.08744	0.02409	0.09795	0.29043	0.03530	0.01573	0.01038	0.00268	0.07256	0.01368	0.00628	0.14141
15	0.01020	0.00713	0.00904	0.01035	0.01067	0.00680	0.00662	0.01118	0.01412	0.01883	0.03828	0.52356	0.04560	0.22677	0.01889	0.00452	0.00550	0.01935	0.00662	0.00597
16	0.09596	0.02615	0.02182	0.04927	0.07745	0.28256	0.01518	0.16520	0.13472	0.03053	0.01740	0.01858	0.01342	0.00874	0.00736	0.00232	0.01038	0.00639	0.00566	0.01092
17	0.01908	0.01845	0.03197	0.11879	0.57506	0.01877	0.05342	0.02395	0.01785	0.02527	0.01488	0.01987	0.01232	0.00714	0.00793	0.00240	0.00973	0.00717	0.00389	0.01207
18	0.02082	0.49121	0.21081	0.01603	0.02408	0.02648	0.01764	0.02519	0.01676	0.06802	0.01335	0.01483	0.01082	0.00720	0.00595	0.00197	0.00922	0.00494	0.00384	0.01083
19	0.01136	0.00835	0.01203	0.01203	0.01320	0.00952	0.00902	0.01370	0.01253	0.01788	0.02190	0.03478	0.02140	0.17527	0.57625	0.01186	0.01887	0.00903	0.00435	0.00668
20	0.01207	0.00858	0.01010	0.00978	0.00978	0.00923	0.00597	0.01223	0.01159	0.01572	0.02363	0.04869	0.02712	0.65566	0.03903	0.00730	0.07257	0.01111	0.00468	0.00516
21	0.01457	0.01332	0.02097	0.41702	0.10059	0.01512	0.01794	0.01880	0.01607	0.02136	0.02252	0.11075	0.06365	0.01083	0.00871	0.00258	0.03198	0.00945	0.00442	0.07934
22	0.02092	0.02189	0.11684	0.19806	0.09912	0.06998	0.08614	0.12012	0.04229	0.07469	0.01864	0.02460	0.01461	0.00904	0.00816	0.00256	0.01029	0.04599	0.00515	0.01090
23	0.01732	0.01886	0.03958	0.05457	0.07762	0.01791	0.48930	0.02306	0.01806	0.02450	0.01993	0.12253	0.01790	0.00940	0.00932	0.00273	0.01174	0.01105	0.00448	0.01013
24	0.01846	0.15406	0.47159	0.02134	0.03151	0.02027	0.07577	0.02588	0.01723	0.07120	0.01507	0.01718	0.01092	0.00750	0.00730	0.00238	0.01094	0.00602	0.00388	0.01150
25	0.01846	0.02599	0.22874	0.03239	0.20742	0.01894	0.22547	0.06384	0.01898	0.02679	0.01657	0.04915	0.01341	0.00800	0.00835	0.00254	0.01114	0.00812	0.00418	0.01150
26	0.04610	0.03343	0.47823	0.02447	0.08840	0.01770	0.08188	0.02496	0.01711	0.05541	0.01652	0.05090	0.01284	0.00833	0.00777	0.00254	0.01089	0.00711	0.00401	0.01141

[dist]
# distance from previous block
# <min> <max>
7	13

# created by:
# /st0/software/busco_prod/Augustus/scripts/msa2prfl.pl ./align_prep/107333.fa
