[name]
unknown

[dist]
# distance from previous block
# <min> <max>
0	31

[block]
# block no. 0 follows, 24 sequences, length 15
# corresponding to MSA columns:
# 31-45
name=unknown_A
#
# <colnr> <probs for GDERKNQSTAVLIFYWHMCP>
#	G	D	E	R	K	N	Q	S	T	A	V	L	I	F	Y	W	H	M	C	P
0	0.23422	0.22767	0.05871	0.01377	0.01962	0.04914	0.01258	0.04931	0.01784	0.16614	0.01752	0.02013	0.01367	0.01040	0.03211	0.00265	0.00833	0.03026	0.00557	0.01037
1	0.07599	0.11779	0.02018	0.01395	0.01862	0.04908	0.01141	0.22891	0.10826	0.03348	0.02620	0.02800	0.08266	0.05463	0.00920	0.00262	0.00731	0.00796	0.09332	0.01041
2	0.19181	0.11992	0.07802	0.01599	0.02193	0.11533	0.01414	0.20655	0.06080	0.05321	0.04034	0.01832	0.01432	0.00864	0.00679	0.00229	0.00876	0.00612	0.00581	0.01092
3	0.21964	0.10976	0.22720	0.01890	0.06516	0.02134	0.01819	0.17703	0.02095	0.03325	0.01424	0.01600	0.01068	0.00786	0.00667	0.00236	0.00899	0.00565	0.00493	0.01120
4	0.06584	0.09276	0.52447	0.05178	0.03321	0.01947	0.05679	0.02468	0.01654	0.02507	0.01385	0.01659	0.01008	0.00744	0.00727	0.00246	0.01113	0.00585	0.00349	0.01121
5	0.01377	0.00689	0.01033	0.01033	0.01033	0.00689	0.00689	0.01033	0.01033	0.01377	0.01377	0.02410	0.01377	0.02755	0.03099	0.76928	0.00689	0.00689	0.00344	0.00344
6	0.01831	0.02027	0.04277	0.12010	0.08981	0.01965	0.51780	0.02466	0.01830	0.02478	0.01571	0.02123	0.01188	0.00687	0.00906	0.00265	0.01272	0.00889	0.00394	0.01059
7	0.01425	0.01133	0.01618	0.01558	0.06249	0.01153	0.05035	0.06323	0.02147	0.03054	0.40971	0.08742	0.05277	0.01445	0.01021	0.00257	0.05684	0.01257	0.04801	0.00851
8	0.02395	0.01141	0.01610	0.01307	0.01737	0.01014	0.03642	0.02747	0.02242	0.36046	0.31592	0.04121	0.04405	0.01255	0.00865	0.00248	0.00568	0.01089	0.00908	0.01068
9	0.16944	0.01443	0.02201	0.46326	0.04257	0.01708	0.06275	0.02086	0.01607	0.02458	0.06163	0.02228	0.01499	0.00833	0.00752	0.00260	0.00937	0.00719	0.00422	0.00880
10	0.01498	0.01409	0.02378	0.70226	0.05462	0.01762	0.02202	0.02026	0.01586	0.02026	0.01409	0.02114	0.01057	0.00793	0.00793	0.00264	0.01057	0.00705	0.00352	0.00881
11	0.16391	0.01415	0.02103	0.46963	0.08795	0.01695	0.01846	0.02042	0.01515	0.02318	0.01353	0.01964	0.01056	0.00920	0.00903	0.05891	0.00935	0.00650	0.00382	0.00864
12	0.01994	0.01740	0.02929	0.18392	0.48861	0.01800	0.02282	0.02464	0.01797	0.07757	0.01607	0.02054	0.01271	0.00747	0.00788	0.00242	0.00945	0.00714	0.00432	0.01184
13	0.56520	0.06064	0.01698	0.05127	0.06091	0.01879	0.01144	0.02524	0.01565	0.08601	0.01447	0.01680	0.01126	0.00843	0.00612	0.00265	0.00722	0.00537	0.00551	0.01002
14	0.08091	0.01422	0.02124	0.20387	0.09152	0.01444	0.04064	0.02887	0.01954	0.31552	0.07030	0.02583	0.01948	0.00921	0.00788	0.00251	0.00804	0.00789	0.00687	0.01121

[dist]
# distance from previous block
# <min> <max>
10	17

[block]
# block no. 1 follows, 24 sequences, length 42
# corresponding to MSA columns:
# 64-105
name=unknown_B
#
# <colnr> <probs for GDERKNQSTAVLIFYWHMCP>
#	G	D	E	R	K	N	Q	S	T	A	V	L	I	F	Y	W	H	M	C	P
0	0.08807	0.13944	0.02118	0.01383	0.01854	0.05560	0.05453	0.09972	0.02011	0.09132	0.05550	0.05499	0.01947	0.00943	0.00673	0.00213	0.00711	0.00754	0.18619	0.04856
1	0.08516	0.01300	0.01666	0.01411	0.01726	0.01382	0.05240	0.09165	0.01860	0.07675	0.07803	0.11181	0.06219	0.05501	0.01299	0.02881	0.10133	0.01019	0.08694	0.05329
2	0.01970	0.05887	0.07635	0.02523	0.07060	0.04921	0.27146	0.02467	0.01835	0.08218	0.05092	0.02587	0.01744	0.00906	0.00996	0.00254	0.07089	0.04393	0.00488	0.06788
3	0.10179	0.09743	0.43265	0.02141	0.03115	0.02012	0.09599	0.06412	0.01786	0.02729	0.01410	0.01663	0.01034	0.00747	0.00726	0.00244	0.01081	0.00603	0.00389	0.01122
4	0.02062	0.08720	0.02607	0.01810	0.02356	0.01685	0.14664	0.08685	0.02012	0.12013	0.08908	0.06791	0.02221	0.01007	0.00940	0.00232	0.06723	0.00872	0.00598	0.15096
5	0.05470	0.00988	0.01226	0.01174	0.01428	0.00933	0.00867	0.05530	0.01902	0.12501	0.15598	0.37019	0.04492	0.01806	0.00902	0.00276	0.00516	0.01593	0.00776	0.05001
6	0.02120	0.72609	0.04155	0.01357	0.02035	0.03138	0.01357	0.02374	0.01611	0.01866	0.01102	0.01272	0.01018	0.00678	0.00509	0.00170	0.00848	0.00424	0.00339	0.01018
7	0.01515	0.01142	0.01357	0.06385	0.01761	0.01194	0.01007	0.09141	0.11309	0.03108	0.26286	0.04813	0.12727	0.01408	0.00855	0.00254	0.00543	0.04728	0.09581	0.00887
8	0.19997	0.08991	0.19514	0.09769	0.10237	0.01947	0.01856	0.06095	0.05756	0.02818	0.01501	0.01795	0.01166	0.01039	0.04166	0.00294	0.00964	0.00601	0.00443	0.01051
9	0.01810	0.01694	0.02782	0.22358	0.35114	0.01771	0.05506	0.05862	0.01852	0.02544	0.01888	0.02335	0.05150	0.00815	0.00794	0.00241	0.00939	0.00764	0.00430	0.05351
10	0.01692	0.18498	0.01999	0.01290	0.01676	0.01652	0.01061	0.02447	0.18420	0.06559	0.05657	0.16933	0.12588	0.01468	0.00814	0.00258	0.00616	0.04742	0.00678	0.00951
11	0.01475	0.01522	0.06103	0.10369	0.14724	0.01383	0.12175	0.01994	0.03952	0.02599	0.19185	0.07022	0.11707	0.01213	0.00879	0.00258	0.00787	0.01130	0.00583	0.00940
12	0.01826	0.02327	0.14727	0.19502	0.24499	0.05801	0.15080	0.02415	0.01769	0.02394	0.01467	0.01953	0.01140	0.00734	0.00808	0.00250	0.01120	0.00720	0.00375	0.01094
13	0.01552	0.01465	0.02476	0.62630	0.12635	0.01776	0.02229	0.02073	0.01611	0.02092	0.01419	0.02097	0.01080	0.00783	0.00792	0.00261	0.01044	0.00705	0.00357	0.00925
14	0.00961	0.00790	0.00846	0.00861	0.01093	0.00675	0.00635	0.01173	0.01820	0.02242	0.14047	0.15207	0.52857	0.02023	0.00946	0.00272	0.00406	0.01718	0.00751	0.00675
15	0.01632	0.01483	0.02170	0.33841	0.13308	0.01709	0.01803	0.02573	0.18946	0.02466	0.02477	0.06543	0.05653	0.01024	0.00816	0.00265	0.00851	0.00902	0.00526	0.01012
16	0.01942	0.23821	0.28111	0.01891	0.02670	0.05933	0.05594	0.02539	0.03704	0.05885	0.05281	0.01916	0.01498	0.00841	0.00815	0.00231	0.05195	0.00631	0.00426	0.01075
17	0.07017	0.01607	0.01724	0.01480	0.01958	0.04754	0.01169	0.06699	0.29394	0.23097	0.03197	0.06891	0.05224	0.01134	0.00798	0.00259	0.00671	0.00926	0.00815	0.01186
18	0.01273	0.00959	0.01310	0.01464	0.05321	0.00940	0.01116	0.01716	0.04563	0.02719	0.27815	0.07093	0.08078	0.01835	0.00998	0.00306	0.00590	0.30351	0.00768	0.00787
19	0.02638	0.02302	0.05455	0.01869	0.05760	0.18069	0.01462	0.21918	0.04493	0.12707	0.02115	0.02560	0.01671	0.04328	0.00929	0.00262	0.00948	0.04297	0.05101	0.01114
20	0.01640	0.10462	0.62093	0.02176	0.03302	0.01962	0.02784	0.02499	0.01668	0.02451	0.01393	0.01637	0.01006	0.00746	0.00731	0.00244	0.01142	0.00571	0.00335	0.01158
21	0.00995	0.00719	0.00948	0.01121	0.01194	0.00672	0.00781	0.01159	0.01565	0.02065	0.04568	0.61716	0.08788	0.02428	0.01016	0.00323	0.00483	0.08068	0.00736	0.00654
22	0.04703	0.01510	0.02300	0.49164	0.10266	0.01811	0.01998	0.02469	0.13160	0.02372	0.01732	0.02219	0.01313	0.00834	0.00782	0.00262	0.00951	0.00728	0.00443	0.00981
23	0.10338	0.00867	0.00882	0.00847	0.01085	0.00884	0.00650	0.01887	0.01684	0.05205	0.07890	0.03256	0.05879	0.01256	0.03831	0.00255	0.00493	0.00818	0.51223	0.00770
24	0.01774	0.03802	0.60513	0.02251	0.04933	0.01783	0.02761	0.02629	0.01730	0.08286	0.01576	0.01772	0.01096	0.00772	0.00758	0.00250	0.01122	0.00608	0.00394	0.01190
25	0.05630	0.40880	0.18709	0.01612	0.02366	0.06269	0.01698	0.02646	0.05551	0.06008	0.01431	0.01561	0.01147	0.00748	0.00612	0.00205	0.00923	0.00517	0.00415	0.01075
26	0.01116	0.00765	0.00864	0.00881	0.00911	0.00748	0.00516	0.01147	0.01248	0.01640	0.03191	0.11595	0.09100	0.59082	0.03464	0.00680	0.00706	0.01304	0.00528	0.00513
27	0.01349	0.00698	0.01043	0.01049	0.01059	0.00705	0.00708	0.01058	0.01063	0.01426	0.01522	0.04792	0.01543	0.02931	0.06849	0.69950	0.00764	0.00751	0.00362	0.00376
28	0.06013	0.01647	0.06430	0.06653	0.08829	0.01467	0.21268	0.02042	0.01708	0.02453	0.02374	0.16592	0.02358	0.01219	0.00876	0.00270	0.00914	0.08146	0.00510	0.08231
29	0.01826	0.12172	0.32466	0.02657	0.15107	0.02018	0.09375	0.06356	0.01874	0.02639	0.05020	0.01975	0.01452	0.00785	0.00760	0.00238	0.01042	0.00681	0.00412	0.01144
30	0.01377	0.00689	0.01033	0.01033	0.01033	0.00689	0.00689	0.01033	0.01033	0.01377	0.01377	0.02410	0.01377	0.02755	0.03099	0.76928	0.00689	0.00689	0.00344	0.00344
31	0.01898	0.01849	0.02896	0.20343	0.45871	0.05019	0.02274	0.02462	0.05077	0.02461	0.01549	0.02026	0.01257	0.00752	0.00785	0.00243	0.00977	0.00707	0.00405	0.01150
32	0.01880	0.26185	0.37931	0.02157	0.07913	0.06595	0.02289	0.02503	0.01701	0.02271	0.01311	0.01550	0.01030	0.00729	0.00674	0.00220	0.01065	0.00538	0.00346	0.01112
33	0.01507	0.01729	0.08349	0.08124	0.02819	0.04589	0.21631	0.01955	0.01753	0.02325	0.06796	0.20599	0.05620	0.01388	0.00982	0.00284	0.03287	0.04841	0.00538	0.00882
34	0.01007	0.00717	0.00924	0.01073	0.01127	0.00676	0.00718	0.01138	0.01490	0.01973	0.04232	0.56228	0.07349	0.12823	0.01463	0.00388	0.00516	0.04836	0.00698	0.00625
35	0.05532	0.01208	0.01485	0.01370	0.01662	0.01255	0.03933	0.10285	0.12122	0.06238	0.06810	0.33366	0.03628	0.01665	0.00878	0.00280	0.00591	0.01469	0.05312	0.00913
36	0.12275	0.01847	0.09295	0.04979	0.02127	0.08986	0.01350	0.06359	0.02045	0.14686	0.14816	0.07233	0.03000	0.01208	0.00807	0.00258	0.00776	0.06301	0.00674	0.00979
37	0.02480	0.01326	0.01753	0.13686	0.02439	0.01343	0.01261	0.11902	0.02241	0.28860	0.08261	0.06316	0.02375	0.01069	0.00786	0.00244	0.00694	0.00891	0.10978	0.01094
38	0.07897	0.01196	0.01455	0.03628	0.01765	0.01205	0.01029	0.08077	0.08057	0.20000	0.06253	0.29605	0.03373	0.01579	0.00864	0.00278	0.00599	0.01367	0.00787	0.00983
39	0.03919	0.01636	0.02017	0.05873	0.07960	0.01740	0.01389	0.26608	0.02497	0.09287	0.04392	0.14737	0.02243	0.01215	0.00916	0.00253	0.04661	0.00997	0.00684	0.06976
40	0.15097	0.01610	0.04516	0.01426	0.01903	0.01584	0.01177	0.20997	0.04217	0.16962	0.03779	0.15572	0.02338	0.04097	0.00918	0.00280	0.00700	0.01010	0.00740	0.01074
41	0.07148	0.08544	0.05661	0.01672	0.02228	0.08813	0.05039	0.23730	0.05221	0.07109	0.03707	0.05662	0.05475	0.03426	0.00873	0.00254	0.00863	0.00820	0.00634	0.03121

[dist]
# distance from previous block
# <min> <max>
5	29

[block]
# block no. 2 follows, 24 sequences, length 37
# corresponding to MSA columns:
# 135-171
name=unknown_C
#
# <colnr> <probs for GDERKNQSTAVLIFYWHMCP>
#	G	D	E	R	K	N	Q	S	T	A	V	L	I	F	Y	W	H	M	C	P
0	0.15496	0.01864	0.10674	0.10988	0.05076	0.01640	0.06619	0.05378	0.08851	0.12475	0.04951	0.02264	0.01676	0.00863	0.00734	0.00243	0.00816	0.00718	0.03692	0.04981
1	0.05672	0.07680	0.02074	0.04923	0.06279	0.01676	0.01295	0.09879	0.07280	0.13413	0.05023	0.09149	0.02074	0.01069	0.00898	0.00235	0.06415	0.00848	0.00633	0.13483
2	0.05803	0.08337	0.10569	0.09804	0.02301	0.01557	0.01363	0.10145	0.01966	0.08388	0.05069	0.02729	0.05932	0.03350	0.00814	0.00242	0.00734	0.00763	0.15877	0.04258
3	0.08465	0.05045	0.05116	0.04706	0.02586	0.01656	0.21180	0.10120	0.01923	0.02894	0.01883	0.05710	0.01552	0.00959	0.00860	0.03818	0.00873	0.00814	0.15838	0.04002
4	0.01651	0.01789	0.08547	0.02008	0.02493	0.01637	0.17604	0.06168	0.07079	0.02589	0.05279	0.14791	0.05299	0.01252	0.01126	0.00271	0.11080	0.01099	0.00547	0.07690
5	0.01229	0.00982	0.01523	0.01441	0.01653	0.00931	0.09332	0.01544	0.04207	0.02217	0.03590	0.44570	0.04026	0.02010	0.01051	0.03597	0.00621	0.07137	0.03979	0.04361
6	0.01703	0.18258	0.40333	0.02133	0.03063	0.02055	0.10730	0.02392	0.01687	0.02351	0.01612	0.04918	0.01352	0.00855	0.00750	0.00243	0.01077	0.03027	0.00377	0.01085
7	0.01478	0.00739	0.00739	0.00739	0.00924	0.00739	0.00554	0.01848	0.01663	0.02956	0.02587	0.02956	0.02033	0.00924	0.00554	0.00185	0.00370	0.00739	0.76534	0.00739
8	0.01114	0.00810	0.01048	0.00989	0.01179	0.00745	0.00741	0.01480	0.02224	0.03132	0.64048	0.06002	0.10230	0.01639	0.00935	0.00250	0.00375	0.01445	0.00867	0.00745
9	0.01478	0.00739	0.00739	0.00739	0.00924	0.00739	0.00554	0.01848	0.01663	0.02956	0.02587	0.02956	0.02033	0.00924	0.00554	0.00185	0.00370	0.00739	0.76534	0.00739
10	0.01134	0.00846	0.01256	0.01256	0.01392	0.00981	0.00969	0.01404	0.01269	0.01827	0.02141	0.03207	0.02022	0.08878	0.66113	0.01252	0.02064	0.00863	0.00427	0.00698
11	0.77733	0.01534	0.01166	0.01043	0.01534	0.01779	0.00859	0.02331	0.01350	0.03558	0.01104	0.01288	0.00859	0.00736	0.00491	0.00245	0.00613	0.00429	0.00491	0.00859
12	0.00966	0.00690	0.00920	0.01104	0.01150	0.00644	0.00736	0.01104	0.01518	0.02024	0.04371	0.71614	0.05245	0.02484	0.01012	0.00322	0.00460	0.02254	0.00736	0.00644
13	0.77733	0.01534	0.01166	0.01043	0.01534	0.01779	0.00859	0.02331	0.01350	0.03558	0.01104	0.01288	0.00859	0.00736	0.00491	0.00245	0.00613	0.00429	0.00491	0.00859
14	0.02779	0.02324	0.02302	0.01839	0.02378	0.11281	0.01493	0.44686	0.07235	0.04122	0.01805	0.01884	0.01341	0.00966	0.00934	0.00241	0.06995	0.00688	0.00692	0.04015
15	0.01153	0.00769	0.00865	0.00865	0.00865	0.00769	0.00480	0.01153	0.01153	0.01538	0.02499	0.05189	0.02883	0.72131	0.04036	0.00769	0.00769	0.01153	0.00480	0.00480
16	0.02799	0.02089	0.05106	0.01742	0.02343	0.02156	0.01470	0.50936	0.03311	0.09583	0.02215	0.08595	0.01753	0.01091	0.00813	0.00247	0.00831	0.00862	0.00782	0.01274
17	0.02965	0.02197	0.02352	0.01815	0.02440	0.02436	0.01495	0.61683	0.06667	0.04918	0.01967	0.01954	0.01399	0.00958	0.00794	0.00239	0.00861	0.00723	0.00794	0.01344
18	0.05718	0.01049	0.01046	0.00983	0.01236	0.01054	0.00739	0.07430	0.01929	0.03299	0.02594	0.02989	0.02057	0.01032	0.00652	0.00227	0.00494	0.00774	0.63806	0.00893
19	0.01465	0.00906	0.01186	0.01059	0.01323	0.00816	0.00811	0.01829	0.02224	0.11678	0.55749	0.05326	0.06501	0.01495	0.00903	0.00244	0.00422	0.01311	0.00871	0.03880
20	0.03016	0.02033	0.02241	0.01738	0.02353	0.02203	0.01429	0.49354	0.08750	0.15264	0.02219	0.02125	0.01541	0.00967	0.00795	0.00242	0.00819	0.00743	0.00826	0.01341
21	0.03460	0.01506	0.01937	0.01485	0.02102	0.01397	0.01227	0.14739	0.02531	0.56490	0.02909	0.02557	0.01853	0.00976	0.00797	0.00244	0.00710	0.00782	0.00948	0.01349
22	0.01498	0.01409	0.02378	0.70226	0.05462	0.01762	0.02202	0.02026	0.01586	0.02026	0.01409	0.02114	0.01057	0.00793	0.00793	0.00264	0.01057	0.00705	0.00352	0.00881
23	0.01135	0.00840	0.01226	0.01226	0.01351	0.00965	0.00931	0.01385	0.01260	0.01805	0.02168	0.03360	0.02089	0.13764	0.61318	0.01215	0.01964	0.00885	0.00431	0.00681
24	0.01872	0.02139	0.04679	0.03342	0.04144	0.02005	0.64305	0.02540	0.01872	0.02540	0.01604	0.02139	0.01203	0.00668	0.00936	0.00267	0.01337	0.00936	0.00401	0.01070
25	0.00966	0.00690	0.00920	0.01104	0.01150	0.00644	0.00736	0.01104	0.01518	0.02024	0.04371	0.71614	0.05245	0.02484	0.01012	0.00322	0.00460	0.02254	0.00736	0.00644
26	0.03558	0.01350	0.01840	0.01411	0.02024	0.01166	0.01166	0.03865	0.02270	0.67734	0.03128	0.02699	0.01963	0.00981	0.00797	0.00245	0.00675	0.00797	0.00981	0.01350
27	0.01228	0.00886	0.01216	0.01387	0.01563	0.00873	0.01186	0.01563	0.01797	0.02327	0.04461	0.14396	0.08641	0.02205	0.01078	0.00355	0.00685	0.52703	0.00731	0.00719
28	0.00986	0.00704	0.00943	0.01127	0.01182	0.00661	0.00771	0.01139	0.01538	0.02047	0.04360	0.67573	0.05201	0.02465	0.01018	0.00325	0.00477	0.06097	0.00736	0.00650
29	0.00966	0.00690	0.00920	0.01104	0.01150	0.00644	0.00736	0.01104	0.01518	0.02024	0.04371	0.71614	0.05245	0.02484	0.01012	0.00322	0.00460	0.02254	0.00736	0.00644
30	0.00966	0.00690	0.00920	0.01104	0.01150	0.00644	0.00736	0.01104	0.01518	0.02024	0.04371	0.71614	0.05245	0.02484	0.01012	0.00322	0.00460	0.02254	0.00736	0.00644
31	0.00971	0.00700	0.00921	0.01087	0.01148	0.00649	0.00731	0.01121	0.01560	0.02076	0.07034	0.66162	0.08048	0.02429	0.01006	0.00317	0.00454	0.02196	0.00742	0.00649
32	0.00975	0.00694	0.00918	0.01093	0.01137	0.00650	0.00724	0.01106	0.01501	0.02002	0.04283	0.68510	0.05134	0.05739	0.01153	0.00343	0.00474	0.02203	0.00724	0.00636
33	0.05130	0.36286	0.35025	0.01782	0.02692	0.02450	0.02099	0.02439	0.01630	0.02252	0.01258	0.01468	0.01004	0.00717	0.00627	0.00212	0.00995	0.00503	0.00344	0.01086
34	0.03167	0.01480	0.01865	0.01470	0.02044	0.01413	0.01200	0.11432	0.10707	0.48388	0.06019	0.02786	0.02208	0.01020	0.00805	0.00248	0.00679	0.00830	0.00930	0.01308
35	0.19941	0.01004	0.01153	0.06521	0.01636	0.01047	0.00904	0.01668	0.01565	0.06677	0.05304	0.39784	0.06351	0.01781	0.00848	0.00289	0.00553	0.01543	0.00666	0.00765
36	0.01893	0.02051	0.04175	0.03742	0.22425	0.01985	0.44095	0.02487	0.01829	0.02533	0.01552	0.02073	0.01213	0.00705	0.00950	0.00261	0.03657	0.00861	0.00397	0.01117

[dist]
# distance from previous block
# <min> <max>
0	8

[block]
# block no. 3 follows, 24 sequences, length 98
# corresponding to MSA columns:
# 180-277
name=unknown_D
#
# <colnr> <probs for GDERKNQSTAVLIFYWHMCP>
#	G	D	E	R	K	N	Q	S	T	A	V	L	I	F	Y	W	H	M	C	P
0	0.00957	0.00804	0.00830	0.00824	0.01083	0.00678	0.00618	0.01176	0.01854	0.02252	0.14237	0.07451	0.60591	0.01967	0.00937	0.00266	0.00399	0.01648	0.00751	0.00678
1	0.01769	0.01548	0.05014	0.01312	0.01952	0.01209	0.01103	0.05383	0.01761	0.06020	0.01724	0.06798	0.01506	0.00810	0.00740	0.00163	0.03826	0.00645	0.00521	0.56196
2	0.01178	0.00909	0.01173	0.01167	0.01340	0.00885	0.00859	0.01502	0.04119	0.02508	0.24137	0.34390	0.05189	0.01888	0.01037	0.00279	0.04712	0.03742	0.00733	0.08254
3	0.19709	0.02056	0.09839	0.08952	0.28405	0.01906	0.07212	0.07913	0.01842	0.02969	0.01432	0.01796	0.01122	0.00745	0.00727	0.00245	0.00927	0.00648	0.00442	0.01114
4	0.02057	0.31705	0.03153	0.20107	0.03085	0.09847	0.04359	0.07045	0.01809	0.02165	0.01293	0.01670	0.01079	0.00863	0.00836	0.03718	0.03286	0.00575	0.00388	0.00962
5	0.01478	0.00739	0.00739	0.00739	0.00924	0.00739	0.00554	0.01848	0.01663	0.02956	0.02587	0.02956	0.02033	0.00924	0.00554	0.00185	0.00370	0.00739	0.76534	0.00739
6	0.02222	0.01580	0.01729	0.01440	0.01835	0.01713	0.01126	0.37158	0.02734	0.03760	0.02424	0.12342	0.02206	0.10513	0.03582	0.00347	0.00780	0.00996	0.10477	0.01037
7	0.01094	0.00806	0.01031	0.01032	0.01213	0.00742	0.00782	0.01415	0.02053	0.02815	0.44687	0.14421	0.14991	0.01838	0.00962	0.00273	0.00425	0.07874	0.00823	0.00723
8	0.01138	0.00830	0.01173	0.01173	0.01279	0.00936	0.00865	0.01351	0.01244	0.01766	0.02217	0.03630	0.02206	0.22365	0.52877	0.01149	0.01788	0.00925	0.00439	0.00652
9	0.02120	0.72609	0.04155	0.01357	0.02035	0.03138	0.01357	0.02374	0.01611	0.01866	0.01102	0.01272	0.01018	0.00678	0.00509	0.00170	0.00848	0.00424	0.00339	0.01018
10	0.01644	0.01409	0.01644	0.01175	0.01879	0.01057	0.00940	0.01997	0.01644	0.02584	0.01409	0.01644	0.01175	0.00587	0.00587	0.00117	0.00587	0.00470	0.00470	0.76979
11	0.01875	0.00981	0.01279	0.01107	0.01439	0.00872	0.00864	0.02208	0.02204	0.23554	0.40038	0.05090	0.12332	0.01461	0.00892	0.00250	0.00473	0.01259	0.00892	0.00930
12	0.01153	0.00769	0.00865	0.00865	0.00865	0.00769	0.00480	0.01153	0.01153	0.01538	0.02499	0.05189	0.02883	0.72131	0.04036	0.00769	0.00769	0.01153	0.00480	0.00480
13	0.02867	0.02148	0.02297	0.01795	0.02403	0.02390	0.01472	0.56009	0.12500	0.04760	0.02091	0.02053	0.01500	0.00969	0.00795	0.00242	0.00838	0.00740	0.00795	0.01335
14	0.02452	0.01772	0.01901	0.01497	0.02045	0.05540	0.01200	0.27049	0.04963	0.12457	0.10244	0.02593	0.02249	0.03435	0.00877	0.00233	0.00742	0.00775	0.00728	0.17248
15	0.37759	0.01570	0.01589	0.01307	0.01853	0.01674	0.01072	0.10583	0.07244	0.25021	0.02048	0.01969	0.01414	0.00872	0.00655	0.00246	0.00667	0.00625	0.00717	0.01114
16	0.01590	0.04102	0.68023	0.02260	0.03432	0.01842	0.02930	0.02511	0.01674	0.02511	0.01423	0.01674	0.01005	0.00753	0.00753	0.00251	0.01172	0.00586	0.00335	0.01172
17	0.01600	0.01333	0.02083	0.24161	0.16796	0.01447	0.04946	0.02147	0.05047	0.02513	0.02295	0.02881	0.04983	0.00930	0.00752	0.00241	0.00792	0.02916	0.21201	0.00936
18	0.02092	0.39707	0.14002	0.01982	0.09182	0.12355	0.01748	0.02477	0.01748	0.02088	0.01393	0.01878	0.01247	0.00802	0.00642	0.00206	0.00990	0.04049	0.00377	0.01037
19	0.01364	0.00931	0.01164	0.01086	0.01336	0.00883	0.00838	0.01870	0.07510	0.07850	0.46235	0.05809	0.13187	0.01606	0.00924	0.00260	0.00443	0.05026	0.00851	0.00826
20	0.00966	0.00690	0.00920	0.01104	0.01150	0.00644	0.00736	0.01104	0.01518	0.02024	0.04371	0.71614	0.05245	0.02484	0.01012	0.00322	0.00460	0.02254	0.00736	0.00644
21	0.01666	0.01575	0.02631	0.41905	0.21036	0.01790	0.05405	0.02311	0.06556	0.02311	0.01685	0.02399	0.01353	0.00838	0.00811	0.00261	0.00997	0.03045	0.00414	0.01011
22	0.04794	0.05395	0.36366	0.05930	0.10870	0.01870	0.09189	0.05470	0.01842	0.08551	0.01604	0.01857	0.01157	0.00767	0.00767	0.00248	0.01066	0.00658	0.00436	0.01163
23	0.00984	0.00709	0.00936	0.01111	0.01176	0.00662	0.00762	0.01138	0.01551	0.02051	0.04544	0.64603	0.08301	0.02443	0.01013	0.00322	0.00473	0.05833	0.00736	0.00651
24	0.77733	0.01534	0.01166	0.01043	0.01534	0.01779	0.00859	0.02331	0.01350	0.03558	0.01104	0.01288	0.00859	0.00736	0.00491	0.00245	0.00613	0.00429	0.00491	0.00859
25	0.01032	0.00723	0.00925	0.01060	0.01101	0.00691	0.00697	0.01146	0.01438	0.01914	0.03866	0.50686	0.04583	0.20911	0.01817	0.00443	0.00556	0.05138	0.00668	0.00605
26	0.02141	0.01827	0.01844	0.01637	0.02098	0.05831	0.01277	0.06411	0.56840	0.06241	0.03057	0.02818	0.02278	0.01052	0.00801	0.00263	0.00685	0.00863	0.00791	0.01244
27	0.01122	0.00811	0.01060	0.00998	0.01185	0.00748	0.00748	0.01496	0.02245	0.03180	0.66766	0.05923	0.07482	0.01621	0.00935	0.00249	0.00374	0.01434	0.00873	0.00748
28	0.00966	0.00690	0.00920	0.01104	0.01150	0.00644	0.00736	0.01104	0.01518	0.02024	0.04371	0.71614	0.05245	0.02484	0.01012	0.00322	0.00460	0.02254	0.00736	0.00644
29	0.02121	0.01818	0.01854	0.01625	0.02092	0.04447	0.01274	0.13240	0.51037	0.03469	0.03171	0.02955	0.05147	0.01090	0.00807	0.00262	0.00684	0.00890	0.00787	0.01230
30	0.01590	0.04102	0.68023	0.02260	0.03432	0.01842	0.02930	0.02511	0.01674	0.02511	0.01423	0.01674	0.01005	0.00753	0.00753	0.00251	0.01172	0.00586	0.00335	0.01172
31	0.02962	0.03779	0.02247	0.02043	0.02451	0.68948	0.01532	0.03166	0.02247	0.01941	0.01226	0.01430	0.01021	0.00817	0.00715	0.00204	0.01430	0.00511	0.00409	0.00919
32	0.01590	0.04102	0.68023	0.02260	0.03432	0.01842	0.02930	0.02511	0.01674	0.02511	0.01423	0.01674	0.01005	0.00753	0.00753	0.00251	0.01172	0.00586	0.00335	0.01172
33	0.01590	0.04102	0.68023	0.02260	0.03432	0.01842	0.02930	0.02511	0.01674	0.02511	0.01423	0.01674	0.01005	0.00753	0.00753	0.00251	0.01172	0.00586	0.00335	0.01172
34	0.77733	0.01534	0.01166	0.01043	0.01534	0.01779	0.00859	0.02331	0.01350	0.03558	0.01104	0.01288	0.00859	0.00736	0.00491	0.00245	0.00613	0.00429	0.00491	0.00859
35	0.01963	0.01884	0.03219	0.04867	0.67185	0.01884	0.02434	0.02434	0.01806	0.02591	0.01492	0.01963	0.01256	0.00707	0.00785	0.00236	0.00942	0.00707	0.00393	0.01256
36	0.01507	0.01422	0.02380	0.67651	0.05334	0.01787	0.02185	0.02022	0.01572	0.02022	0.01396	0.02100	0.01056	0.00815	0.00861	0.00267	0.03687	0.00704	0.00352	0.00880
37	0.01864	0.01106	0.01598	0.01383	0.01753	0.00966	0.06093	0.02126	0.01775	0.20278	0.03327	0.35707	0.03357	0.01617	0.00879	0.00264	0.00611	0.01459	0.00734	0.13105
38	0.02071	0.01020	0.01364	0.01159	0.01512	0.00911	0.00911	0.02419	0.02254	0.28319	0.41984	0.04668	0.05333	0.01372	0.00882	0.00248	0.00491	0.01186	0.00915	0.00982
39	0.01916	0.05191	0.04089	0.01530	0.01946	0.01828	0.01256	0.11841	0.32676	0.03131	0.02630	0.05175	0.02109	0.01704	0.09615	0.00386	0.03546	0.00858	0.07474	0.01100
40	0.01815	0.01786	0.03081	0.18797	0.36468	0.01953	0.09376	0.02276	0.01676	0.02357	0.01419	0.01982	0.01174	0.00824	0.01077	0.00262	0.11477	0.00731	0.00378	0.01093
41	0.01644	0.01409	0.01644	0.01175	0.01879	0.01057	0.00940	0.01997	0.01644	0.02584	0.01409	0.01644	0.01175	0.00587	0.00587	0.00117	0.00587	0.00470	0.00470	0.76979
42	0.01972	0.01703	0.01793	0.01614	0.02062	0.01972	0.01255	0.04214	0.65752	0.03317	0.03228	0.02959	0.02421	0.01076	0.00807	0.00269	0.00628	0.00897	0.00807	0.01255
43	0.00986	0.00715	0.00910	0.01047	0.01121	0.00662	0.00702	0.01132	0.01559	0.02059	0.07860	0.56100	0.11841	0.07822	0.01236	0.00347	0.00473	0.02063	0.00723	0.00639
44	0.01153	0.00769	0.00865	0.00865	0.00865	0.00769	0.00480	0.01153	0.01153	0.01538	0.02499	0.05189	0.02883	0.72131	0.04036	0.00769	0.00769	0.01153	0.00480	0.00480
45	0.01133	0.00850	0.01274	0.01274	0.01416	0.00991	0.00991	0.01416	0.01274	0.01841	0.02124	0.03115	0.01982	0.05947	0.68989	0.01274	0.02124	0.00850	0.00425	0.00708
46	0.00977	0.00698	0.00933	0.01117	0.01168	0.00654	0.00756	0.01124	0.01529	0.02037	0.04364	0.69351	0.05220	0.02474	0.01015	0.00324	0.00470	0.04406	0.00736	0.00647
47	0.01227	0.00883	0.01215	0.01388	0.01560	0.00871	0.01185	0.01559	0.01792	0.02324	0.04418	0.15578	0.07897	0.02212	0.01078	0.00355	0.00684	0.52325	0.00731	0.00718
48	0.01735	0.01735	0.02429	0.02082	0.02082	0.02429	0.01735	0.01908	0.01214	0.01908	0.01041	0.01735	0.01041	0.01388	0.02602	0.00347	0.70680	0.00694	0.00347	0.00867
49	0.01478	0.00739	0.00739	0.00739	0.00924	0.00739	0.00554	0.01848	0.01663	0.02956	0.02587	0.02956	0.02033	0.00924	0.00554	0.00185	0.00370	0.00739	0.76534	0.00739
50	0.77733	0.01534	0.01166	0.01043	0.01534	0.01779	0.00859	0.02331	0.01350	0.03558	0.01104	0.01288	0.00859	0.00736	0.00491	0.00245	0.00613	0.00429	0.00491	0.00859
51	0.01964	0.01865	0.03066	0.04519	0.60220	0.01894	0.02308	0.02624	0.08645	0.02668	0.01677	0.02069	0.01381	0.00746	0.00787	0.00239	0.00908	0.00727	0.00437	0.01256
52	0.03558	0.01350	0.01840	0.01411	0.02024	0.01166	0.01166	0.03865	0.02270	0.67734	0.03128	0.02699	0.01963	0.00981	0.00797	0.00245	0.00675	0.00797	0.00981	0.01350
53	0.00966	0.00690	0.00920	0.01104	0.01150	0.00644	0.00736	0.01104	0.01518	0.02024	0.04371	0.71614	0.05245	0.02484	0.01012	0.00322	0.00460	0.02254	0.00736	0.00644
54	0.01133	0.00850	0.01274	0.01274	0.01416	0.00991	0.00991	0.01416	0.01274	0.01841	0.02124	0.03115	0.01982	0.05947	0.68989	0.01274	0.02124	0.00850	0.00425	0.00708
55	0.02962	0.03779	0.02247	0.02043	0.02451	0.68948	0.01532	0.03166	0.02247	0.01941	0.01226	0.01430	0.01021	0.00817	0.00715	0.00204	0.01430	0.00511	0.00409	0.00919
56	0.02962	0.03779	0.02247	0.02043	0.02451	0.68948	0.01532	0.03166	0.02247	0.01941	0.01226	0.01430	0.01021	0.00817	0.00715	0.00204	0.01430	0.00511	0.00409	0.00919
57	0.00964	0.00697	0.00913	0.01087	0.01146	0.00646	0.00728	0.01106	0.01535	0.02031	0.04583	0.67910	0.08812	0.02457	0.01008	0.00319	0.00457	0.02221	0.00736	0.00646
58	0.00966	0.00690	0.00920	0.01104	0.01150	0.00644	0.00736	0.01104	0.01518	0.02024	0.04371	0.71614	0.05245	0.02484	0.01012	0.00322	0.00460	0.02254	0.00736	0.00644
59	0.01377	0.00689	0.01033	0.01033	0.01033	0.00689	0.00689	0.01033	0.01033	0.01377	0.01377	0.02410	0.01377	0.02755	0.03099	0.76928	0.00689	0.00689	0.00344	0.00344
60	0.02058	0.01883	0.03039	0.12760	0.47107	0.01960	0.04595	0.11752	0.02070	0.02879	0.01547	0.01980	0.01242	0.00753	0.00793	0.00241	0.00961	0.00716	0.00448	0.01215
61	0.02962	0.03779	0.02247	0.02043	0.02451	0.68948	0.01532	0.03166	0.02247	0.01941	0.01226	0.01430	0.01021	0.00817	0.00715	0.00204	0.01430	0.00511	0.00409	0.00919
62	0.01377	0.00689	0.01033	0.01033	0.01033	0.00689	0.00689	0.01033	0.01033	0.01377	0.01377	0.02410	0.01377	0.02755	0.03099	0.76928	0.00689	0.00689	0.00344	0.00344
63	0.02931	0.02299	0.02325	0.01825	0.02428	0.07433	0.01490	0.55310	0.08351	0.04639	0.01954	0.01949	0.01406	0.00951	0.00788	0.00238	0.00896	0.00713	0.00765	0.01309
64	0.01905	0.01547	0.02023	0.04210	0.08811	0.01489	0.05064	0.07286	0.15747	0.07145	0.05934	0.02757	0.06615	0.00928	0.00756	0.00212	0.00696	0.00801	0.00625	0.25449
65	0.01863	0.10738	0.03827	0.15363	0.07538	0.04337	0.33904	0.02384	0.01737	0.02289	0.01438	0.01958	0.01136	0.00763	0.00987	0.00258	0.07303	0.00781	0.00379	0.01016
66	0.14620	0.01218	0.01327	0.01310	0.05390	0.01307	0.00949	0.05616	0.09139	0.07752	0.05353	0.02839	0.04952	0.01000	0.00728	0.00228	0.03175	0.00777	0.31393	0.00927
67	0.00966	0.00690	0.00920	0.01104	0.01150	0.00644	0.00736	0.01104	0.01518	0.02024	0.04371	0.71614	0.05245	0.02484	0.01012	0.00322	0.00460	0.02254	0.00736	0.00644
68	0.02105	0.01655	0.01964	0.01456	0.02129	0.01499	0.03557	0.18035	0.05432	0.06253	0.01713	0.01844	0.01319	0.00725	0.00674	0.00167	0.00694	0.00586	0.00590	0.47602
69	0.01364	0.01370	0.05160	0.07158	0.12498	0.04102	0.06860	0.01674	0.01640	0.02181	0.03158	0.42550	0.03539	0.01753	0.00927	0.00290	0.00737	0.01614	0.00588	0.00836
70	0.01069	0.00792	0.01011	0.01094	0.01250	0.00735	0.00830	0.01331	0.01833	0.02428	0.21504	0.28101	0.17879	0.02099	0.00995	0.00301	0.00484	0.14798	0.00771	0.00695
71	0.01458	0.01242	0.01452	0.05102	0.05171	0.01317	0.01096	0.02503	0.26772	0.02690	0.08767	0.09866	0.22838	0.01532	0.00885	0.00275	0.00574	0.04779	0.00734	0.00947
72	0.00963	0.00807	0.00839	0.00840	0.01098	0.00683	0.00635	0.01183	0.01844	0.02235	0.12747	0.07532	0.60048	0.01982	0.00942	0.00269	0.00410	0.03518	0.00747	0.00678
73	0.00983	0.00811	0.00867	0.00869	0.01121	0.00695	0.00663	0.01217	0.01868	0.02296	0.15721	0.07481	0.55084	0.01967	0.00947	0.00271	0.00418	0.05285	0.00754	0.00684
74	0.77733	0.01534	0.01166	0.01043	0.01534	0.01779	0.00859	0.02331	0.01350	0.03558	0.01104	0.01288	0.00859	0.00736	0.00491	0.00245	0.00613	0.00429	0.00491	0.00859
75	0.02962	0.03779	0.02247	0.02043	0.02451	0.68948	0.01532	0.03166	0.02247	0.01941	0.01226	0.01430	0.01021	0.00817	0.00715	0.00204	0.01430	0.00511	0.00409	0.00919
76	0.07224	0.02070	0.02186	0.01697	0.02290	0.02290	0.01398	0.56214	0.03435	0.04760	0.01909	0.01948	0.01372	0.00937	0.00758	0.00234	0.00820	0.00699	0.06484	0.01274
77	0.01153	0.00769	0.00865	0.00865	0.00865	0.00769	0.00480	0.01153	0.01153	0.01538	0.02499	0.05189	0.02883	0.72131	0.04036	0.00769	0.00769	0.01153	0.00480	0.00480
78	0.02286	0.05721	0.02198	0.01740	0.02184	0.17374	0.07958	0.13526	0.08092	0.07483	0.02275	0.11010	0.01975	0.01271	0.03352	0.00277	0.00957	0.00903	0.08403	0.01016
79	0.70095	0.01685	0.01283	0.01134	0.01628	0.05300	0.00926	0.05502	0.01516	0.03546	0.01151	0.01327	0.00892	0.00751	0.00518	0.00243	0.00669	0.00448	0.00502	0.00887
80	0.01041	0.00824	0.00956	0.01030	0.01249	0.00739	0.00817	0.01284	0.01782	0.02198	0.06505	0.14863	0.41814	0.02113	0.00992	0.00302	0.00505	0.19565	0.00735	0.00685
81	0.01726	0.01765	0.03437	0.23163	0.16584	0.01809	0.29154	0.02257	0.01730	0.02335	0.01621	0.04736	0.01330	0.00860	0.00949	0.03159	0.01120	0.00864	0.00396	0.01007
82	0.01765	0.24668	0.45465	0.02044	0.03048	0.02241	0.05642	0.02472	0.01665	0.02318	0.01336	0.01577	0.01019	0.00726	0.00689	0.00227	0.01083	0.00555	0.00340	0.01120
83	0.01577	0.01452	0.02379	0.66646	0.05304	0.01798	0.02166	0.05298	0.01698	0.02182	0.01435	0.02103	0.01072	0.00801	0.00793	0.00263	0.01047	0.00705	0.00375	0.00905
84	0.01825	0.01462	0.01663	0.01579	0.01948	0.01626	0.01291	0.09868	0.34823	0.03146	0.03449	0.05101	0.03111	0.01483	0.00914	0.00302	0.00693	0.23872	0.00776	0.01067
85	0.00992	0.00774	0.00894	0.00954	0.01130	0.00687	0.00691	0.01193	0.01741	0.02206	0.12772	0.27165	0.35774	0.04765	0.01085	0.00307	0.00448	0.05014	0.00741	0.00666
86	0.01858	0.10617	0.33435	0.02533	0.03481	0.02009	0.26159	0.02578	0.01774	0.05839	0.01546	0.01862	0.01132	0.00725	0.00799	0.00248	0.01174	0.00713	0.00394	0.01125
87	0.01558	0.01492	0.02585	0.60911	0.10354	0.01786	0.05981	0.02090	0.01621	0.02103	0.01428	0.02103	0.01082	0.00778	0.00801	0.00262	0.01065	0.00719	0.00359	0.00923
88	0.01605	0.10958	0.50714	0.02021	0.02975	0.01895	0.02469	0.02358	0.01704	0.02482	0.08271	0.02083	0.01692	0.00870	0.00842	0.00247	0.04662	0.00664	0.00393	0.01095
89	0.01044	0.00723	0.00897	0.01005	0.01032	0.00696	0.00630	0.01125	0.01367	0.01822	0.03594	0.44045	0.04265	0.31391	0.02267	0.00507	0.00588	0.01797	0.00630	0.00576
90	0.01912	0.05101	0.15714	0.06238	0.33613	0.05316	0.15688	0.02490	0.01802	0.02484	0.01472	0.01899	0.01169	0.00715	0.00798	0.00242	0.01095	0.00712	0.00381	0.01160
91	0.01517	0.01448	0.02501	0.66662	0.05391	0.01775	0.05511	0.02053	0.01601	0.02053	0.01420	0.02115	0.01065	0.00786	0.00800	0.00264	0.01072	0.00717	0.00355	0.00891
92	0.02060	0.64810	0.11425	0.01460	0.02194	0.02990	0.01536	0.02390	0.01618	0.01939	0.01139	0.01318	0.01016	0.00687	0.00537	0.00179	0.00885	0.00442	0.00339	0.01035
93	0.01133	0.00850	0.01274	0.01274	0.01416	0.00991	0.00991	0.01416	0.01274	0.01841	0.02124	0.03115	0.01982	0.05947	0.68989	0.01274	0.02124	0.00850	0.00425	0.00708
94	0.05591	0.02175	0.02211	0.04876	0.02472	0.07309	0.01459	0.46832	0.08985	0.04316	0.02152	0.02167	0.03868	0.00978	0.00783	0.00241	0.00873	0.00740	0.00732	0.01242
95	0.01138	0.00828	0.01163	0.01163	0.01266	0.00931	0.00852	0.01344	0.01241	0.01758	0.02226	0.03681	0.02228	0.24001	0.51271	0.01136	0.01754	0.00932	0.00440	0.00646
96	0.00963	0.00787	0.00855	0.00903	0.01120	0.00678	0.00669	0.01160	0.01749	0.02131	0.07063	0.20776	0.50671	0.02116	0.00962	0.00284	0.00433	0.05276	0.00736	0.00668
97	0.02986	0.02204	0.02244	0.05351	0.02523	0.10718	0.01476	0.40269	0.05512	0.15584	0.02059	0.02036	0.01441	0.00936	0.00784	0.00238	0.00909	0.00709	0.00755	0.01266

[dist]
# distance from previous block
# <min> <max>
0	6

[block]
# block no. 4 follows, 24 sequences, length 63
# corresponding to MSA columns:
# 284-346
name=unknown_E
#
# <colnr> <probs for GDERKNQSTAVLIFYWHMCP>
#	G	D	E	R	K	N	Q	S	T	A	V	L	I	F	Y	W	H	M	C	P
0	0.02034	0.09386	0.05465	0.03038	0.17425	0.10736	0.22955	0.02560	0.04392	0.02350	0.01463	0.01885	0.01194	0.00816	0.01051	0.00253	0.10795	0.00733	0.00401	0.01069
1	0.02599	0.01145	0.01506	0.01236	0.01699	0.00998	0.00999	0.02902	0.02173	0.42795	0.15598	0.04322	0.13865	0.01311	0.00856	0.00254	0.00576	0.03147	0.00912	0.01105
2	0.01334	0.01016	0.01272	0.04424	0.01587	0.01026	0.00955	0.05542	0.08427	0.03052	0.40882	0.08112	0.09997	0.01605	0.00927	0.00267	0.00502	0.07435	0.00808	0.00829
3	0.07169	0.18617	0.05882	0.05609	0.02243	0.08150	0.01370	0.14139	0.08919	0.06603	0.01802	0.01959	0.01393	0.00937	0.00782	0.03769	0.00831	0.00627	0.08152	0.01045
4	0.01227	0.00813	0.01058	0.01056	0.01226	0.00751	0.00774	0.01508	0.01961	0.06572	0.37729	0.23172	0.08990	0.05346	0.01108	0.00300	0.00452	0.04404	0.00811	0.00739
5	0.01554	0.00813	0.00820	0.00793	0.01000	0.00824	0.00602	0.04953	0.01765	0.03057	0.02553	0.02904	0.01999	0.00925	0.00566	0.00187	0.00394	0.00738	0.72782	0.00769
6	0.01730	0.08554	0.43882	0.02434	0.06928	0.01896	0.12797	0.02489	0.01754	0.04318	0.04717	0.01976	0.01400	0.00780	0.00777	0.00247	0.01109	0.00687	0.00394	0.01132
7	0.01606	0.06105	0.66155	0.02234	0.03391	0.01880	0.02884	0.02507	0.01672	0.02492	0.01414	0.01662	0.01005	0.00751	0.00746	0.00249	0.01162	0.00581	0.00335	0.01167
8	0.01790	0.01543	0.02122	0.29108	0.09270	0.01796	0.01703	0.06342	0.25235	0.02664	0.02110	0.02424	0.01621	0.01070	0.01000	0.07004	0.00846	0.00774	0.00547	0.01032
9	0.01857	0.01633	0.02435	0.02014	0.05619	0.01581	0.15998	0.13730	0.08098	0.02973	0.02335	0.16443	0.02178	0.01119	0.00826	0.00237	0.00811	0.01046	0.00597	0.18469
10	0.00975	0.00694	0.00918	0.01093	0.01137	0.00650	0.00724	0.01106	0.01501	0.02002	0.04284	0.68540	0.05135	0.05707	0.01152	0.00343	0.00474	0.02203	0.00724	0.00637
11	0.01842	0.01476	0.01742	0.04128	0.02084	0.01230	0.01057	0.06459	0.04826	0.05986	0.01614	0.01796	0.01279	0.00663	0.00631	0.00145	0.00633	0.00533	0.00528	0.61350
12	0.01478	0.00739	0.00739	0.00739	0.00924	0.00739	0.00554	0.01848	0.01663	0.02956	0.02587	0.02956	0.02033	0.00924	0.00554	0.00185	0.00370	0.00739	0.76534	0.00739
13	0.02138	0.01702	0.01909	0.01409	0.02088	0.01563	0.01144	0.24544	0.02396	0.03454	0.01588	0.01738	0.01237	0.00719	0.00662	0.00161	0.00690	0.00558	0.00586	0.49714
14	0.02559	0.02015	0.02397	0.01823	0.02467	0.02115	0.07074	0.41624	0.09238	0.04171	0.01916	0.01981	0.01408	0.00872	0.00770	0.00222	0.00839	0.00707	0.00700	0.15101
15	0.01601	0.05659	0.02496	0.47078	0.04313	0.02029	0.02022	0.02013	0.01483	0.01984	0.01288	0.01959	0.01050	0.00953	0.01284	0.00282	0.20585	0.00685	0.00350	0.00885
16	0.01121	0.00811	0.01103	0.01161	0.01245	0.00785	0.03066	0.01275	0.01477	0.01966	0.05329	0.33760	0.04229	0.26372	0.02065	0.00479	0.00642	0.11854	0.00638	0.00621
17	0.01255	0.01071	0.01093	0.01112	0.01337	0.04829	0.00821	0.05214	0.04852	0.02327	0.05587	0.28874	0.31685	0.02005	0.00943	0.00286	0.00537	0.04701	0.00724	0.00747
18	0.06567	0.66064	0.03920	0.01354	0.02020	0.03035	0.01333	0.04485	0.01668	0.02071	0.01130	0.01294	0.01020	0.00691	0.00517	0.00176	0.00835	0.00434	0.00363	0.01020
19	0.01098	0.00810	0.01026	0.00972	0.01169	0.00738	0.00729	0.01448	0.02186	0.03041	0.58892	0.06152	0.15443	0.01673	0.00936	0.00252	0.00378	0.01466	0.00855	0.00738
20	0.01153	0.00769	0.00865	0.00865	0.00865	0.00769	0.00480	0.01153	0.01153	0.01538	0.02499	0.05189	0.02883	0.72131	0.04036	0.00769	0.00769	0.01153	0.00480	0.00480
21	0.08468	0.02978	0.02138	0.01838	0.02314	0.39759	0.01428	0.22419	0.02621	0.03074	0.01495	0.01641	0.01160	0.00859	0.00716	0.00217	0.01144	0.00580	0.04111	0.01042
22	0.02170	0.68489	0.04041	0.01398	0.02060	0.07076	0.01367	0.02422	0.01649	0.01870	0.01110	0.01282	0.01018	0.00687	0.00521	0.00172	0.00883	0.00429	0.00343	0.01012
23	0.02024	0.01729	0.01822	0.01624	0.02082	0.01997	0.01268	0.07210	0.62672	0.03401	0.03162	0.02906	0.02367	0.01070	0.00806	0.00267	0.00640	0.00887	0.00806	0.01260
24	0.03250	0.01311	0.01763	0.01374	0.01937	0.01154	0.01126	0.05408	0.02311	0.58113	0.10714	0.03061	0.02606	0.01057	0.00814	0.00246	0.00645	0.00871	0.00963	0.01277
25	0.01084	0.00793	0.01022	0.01060	0.01200	0.00748	0.00758	0.01424	0.04324	0.02670	0.36494	0.33489	0.07998	0.01974	0.00963	0.00281	0.00421	0.01765	0.00809	0.00721
26	0.00949	0.00790	0.00829	0.00849	0.01086	0.00670	0.00625	0.01151	0.01794	0.02177	0.10377	0.15214	0.56670	0.02047	0.00946	0.00273	0.00407	0.01732	0.00743	0.00670
27	0.01874	0.01739	0.02420	0.12111	0.02937	0.01966	0.12638	0.03497	0.42232	0.02930	0.02580	0.02638	0.01945	0.00974	0.00901	0.00271	0.03680	0.00867	0.00648	0.01151
28	0.01153	0.00769	0.00865	0.00865	0.00865	0.00769	0.00480	0.01153	0.01153	0.01538	0.02499	0.05189	0.02883	0.72131	0.04036	0.00769	0.00769	0.01153	0.00480	0.00480
29	0.01833	0.01841	0.05673	0.01499	0.04768	0.07525	0.01197	0.04710	0.01794	0.02619	0.01417	0.01650	0.01161	0.00638	0.00626	0.00143	0.00726	0.00500	0.00466	0.59214
30	0.02123	0.01484	0.01798	0.09193	0.02305	0.01496	0.01226	0.16217	0.09457	0.12268	0.02433	0.11938	0.02100	0.04455	0.00933	0.00255	0.00712	0.00926	0.00677	0.18001
31	0.09421	0.12006	0.13444	0.01910	0.02516	0.12173	0.07191	0.15778	0.02126	0.02925	0.01445	0.01698	0.01133	0.00865	0.00916	0.00239	0.08898	0.00615	0.03642	0.01060
32	0.05354	0.02012	0.02156	0.13104	0.11573	0.13086	0.01577	0.20325	0.04352	0.03127	0.05923	0.06585	0.05327	0.01052	0.00796	0.00245	0.00908	0.00856	0.00589	0.01052
33	0.00973	0.00696	0.00927	0.01099	0.01152	0.00649	0.00737	0.01123	0.01552	0.02079	0.07301	0.68529	0.05350	0.02444	0.01009	0.00319	0.00456	0.02216	0.00743	0.00649
34	0.02644	0.06757	0.02334	0.05022	0.02458	0.32984	0.04553	0.11398	0.02263	0.09493	0.01760	0.05503	0.01446	0.00953	0.00824	0.00229	0.03961	0.00705	0.03703	0.01012
35	0.05764	0.01997	0.06285	0.17203	0.21999	0.05043	0.04505	0.10058	0.13770	0.02901	0.01812	0.02104	0.01393	0.00830	0.00778	0.00249	0.00936	0.00722	0.00510	0.01140
36	0.01111	0.00731	0.00976	0.01116	0.01198	0.00677	0.00760	0.01269	0.01592	0.05577	0.07192	0.64904	0.05174	0.02364	0.00997	0.00315	0.00468	0.02139	0.00756	0.00686
37	0.01796	0.01578	0.01720	0.01268	0.01946	0.04359	0.01011	0.05697	0.04138	0.02718	0.01496	0.01697	0.01223	0.00637	0.00613	0.00134	0.00645	0.00501	0.00498	0.66325
38	0.01850	0.02438	0.17726	0.02801	0.06142	0.01878	0.36202	0.07849	0.01957	0.02722	0.01743	0.06151	0.01416	0.00818	0.00866	0.00256	0.01156	0.00888	0.00444	0.04694
39	0.02608	0.06205	0.02295	0.01696	0.02214	0.02284	0.01409	0.46435	0.03088	0.04187	0.02136	0.02225	0.04831	0.01037	0.00962	0.00244	0.08302	0.00747	0.05896	0.01199
40	0.01842	0.01607	0.01638	0.01503	0.01879	0.05253	0.01163	0.05006	0.44626	0.03030	0.07157	0.03860	0.06015	0.06002	0.01055	0.00304	0.00667	0.05545	0.00758	0.01089
41	0.01377	0.00689	0.01033	0.01033	0.01033	0.00689	0.00689	0.01033	0.01033	0.01377	0.01377	0.02410	0.01377	0.02755	0.03099	0.76928	0.00689	0.00689	0.00344	0.00344
42	0.05588	0.07780	0.05756	0.01444	0.01987	0.01600	0.01242	0.03384	0.22118	0.26849	0.08995	0.03012	0.04666	0.01057	0.00778	0.00248	0.00664	0.00859	0.00794	0.01180
43	0.01812	0.21793	0.40472	0.05219	0.03025	0.06038	0.02331	0.02454	0.01659	0.02250	0.01304	0.01579	0.01014	0.00777	0.00800	0.00233	0.05262	0.00551	0.00342	0.01085
44	0.02234	0.01537	0.01868	0.01424	0.02047	0.01386	0.03034	0.12311	0.07677	0.15716	0.02134	0.05496	0.01667	0.00861	0.00711	0.00189	0.00669	0.00712	0.00661	0.37666
