[name]
unknown

[dist]
# distance from previous block
# <min> <max>
7	49

[block]
# block no. 0 follows, 26 sequences, length 30
# corresponding to MSA columns:
# 49-78
name=unknown_A
#
# <colnr> <probs for GDERKNQSTAVLIFYWHMCP>
#	G	D	E	R	K	N	Q	S	T	A	V	L	I	F	Y	W	H	M	C	P
0	0.02035	0.01456	0.01682	0.01310	0.01846	0.01368	0.01048	0.20455	0.04076	0.09825	0.10637	0.06677	0.02308	0.00953	0.00713	0.00190	0.00615	0.00784	0.00662	0.31362
1	0.16348	0.01782	0.01633	0.01371	0.01804	0.15012	0.03249	0.11160	0.02065	0.11946	0.09409	0.02310	0.01978	0.00894	0.00668	0.00212	0.00745	0.00683	0.11852	0.04878
2	0.04055	0.14186	0.34843	0.09593	0.12418	0.01990	0.04575	0.05570	0.01699	0.02419	0.01341	0.01639	0.01022	0.00713	0.00692	0.00227	0.01004	0.00578	0.00360	0.01076
3	0.17427	0.30441	0.24800	0.01502	0.02251	0.02163	0.01660	0.02258	0.01537	0.02395	0.03981	0.01546	0.01203	0.00719	0.00580	0.00204	0.00840	0.00500	0.00378	0.03616
4	0.01161	0.00850	0.01104	0.03413	0.01389	0.00865	0.00850	0.07897	0.01652	0.02216	0.03630	0.56211	0.04189	0.02501	0.07838	0.00388	0.00658	0.01821	0.00668	0.00700
5	0.09647	0.01519	0.08279	0.03811	0.04669	0.01351	0.03175	0.11234	0.06649	0.05215	0.17516	0.12500	0.08806	0.01279	0.00799	0.00249	0.00639	0.01090	0.00656	0.00918
6	0.01689	0.01720	0.03118	0.02227	0.02951	0.01494	0.35470	0.02187	0.01689	0.02449	0.01447	0.01825	0.01138	0.00603	0.00739	0.00189	0.00943	0.00687	0.00414	0.37023
7	0.01378	0.00714	0.00739	0.00733	0.00910	0.00708	0.00550	0.01732	0.01649	0.02850	0.09331	0.03124	0.02488	0.00953	0.00568	0.00183	0.00354	0.00776	0.69552	0.00708
8	0.02118	0.02250	0.02441	0.05324	0.30650	0.22363	0.01762	0.05664	0.01905	0.02346	0.01628	0.01932	0.04159	0.00791	0.00781	0.00211	0.03553	0.00638	0.00419	0.09066
9	0.01551	0.01311	0.01449	0.01293	0.01613	0.01448	0.01016	0.08734	0.25791	0.02799	0.10318	0.04385	0.24896	0.01399	0.01003	0.00260	0.07971	0.01119	0.00708	0.00936
10	0.01363	0.00702	0.00725	0.00743	0.00906	0.00697	0.00548	0.01693	0.01576	0.02735	0.02652	0.10131	0.02265	0.01039	0.00576	0.00190	0.00363	0.00858	0.69538	0.00697
11	0.26158	0.01794	0.02257	0.02838	0.32426	0.04307	0.01642	0.12279	0.01908	0.05592	0.01421	0.01675	0.01113	0.00735	0.00662	0.00228	0.00800	0.00590	0.00486	0.01088
12	0.01479	0.01396	0.02359	0.64546	0.11836	0.01697	0.02130	0.01979	0.01539	0.01994	0.01356	0.02007	0.01031	0.00750	0.00758	0.00250	0.01000	0.00674	0.00341	0.00880
13	0.01764	0.01322	0.01446	0.03644	0.01691	0.03231	0.01011	0.17473	0.12806	0.02889	0.02799	0.03282	0.08790	0.06669	0.08044	0.06141	0.00790	0.02745	0.12583	0.00883
14	0.01103	0.00735	0.00827	0.00827	0.00827	0.00735	0.00460	0.01103	0.01103	0.01471	0.02390	0.04964	0.02758	0.73343	0.03861	0.00735	0.00735	0.01103	0.00460	0.00460
15	0.01266	0.01018	0.00961	0.00951	0.00992	0.07647	0.00572	0.01292	0.01225	0.01533	0.02360	0.08045	0.02695	0.62532	0.03398	0.00660	0.00783	0.01095	0.00465	0.00509
16	0.01816	0.01527	0.01722	0.04863	0.02059	0.03259	0.01074	0.13635	0.03805	0.02840	0.01622	0.05281	0.01375	0.00747	0.00638	0.00157	0.00652	0.00602	0.00520	0.51806
17	0.05208	0.01873	0.02677	0.05744	0.45999	0.05351	0.01990	0.08179	0.10402	0.02761	0.01646	0.01948	0.01321	0.00752	0.00739	0.00229	0.00870	0.00679	0.00464	0.01166
18	0.01215	0.00808	0.01051	0.00972	0.01180	0.00738	0.00735	0.01561	0.02131	0.07213	0.61518	0.05538	0.09383	0.01527	0.00886	0.00239	0.00377	0.01343	0.00836	0.00749
19	0.00924	0.00660	0.00880	0.01056	0.01100	0.00616	0.00704	0.01056	0.01452	0.01936	0.04181	0.72848	0.05017	0.02376	0.00968	0.00308	0.00440	0.02156	0.00704	0.00616
20	0.04027	0.02593	0.28884	0.02923	0.24595	0.01756	0.07682	0.02622	0.08215	0.06940	0.01668	0.01906	0.01248	0.00744	0.00746	0.00238	0.00964	0.00666	0.00434	0.01150
21	0.01763	0.01685	0.02871	0.21908	0.52256	0.01772	0.02271	0.02227	0.01673	0.02339	0.01406	0.01915	0.01152	0.00697	0.00753	0.00232	0.00929	0.00675	0.00366	0.01109
22	0.01659	0.01659	0.02323	0.01991	0.01991	0.02323	0.01659	0.01825	0.01162	0.01825	0.00996	0.01659	0.00996	0.01328	0.02489	0.00332	0.71955	0.00664	0.00332	0.00830
23	0.04887	0.01306	0.01592	0.01311	0.01765	0.01289	0.01051	0.08883	0.14206	0.32475	0.19169	0.03287	0.03192	0.01098	0.00788	0.00239	0.00581	0.00914	0.00851	0.01115
24	0.01716	0.01615	0.02612	0.05715	0.35496	0.01507	0.08108	0.02147	0.01699	0.02480	0.04793	0.01996	0.01467	0.00684	0.00714	0.00195	0.00809	0.00662	0.00421	0.25165
25	0.00896	0.00768	0.00768	0.00768	0.01025	0.00640	0.00576	0.01089	0.01729	0.02049	0.07684	0.07300	0.68304	0.01921	0.00896	0.00256	0.00384	0.01601	0.00704	0.00640
26	0.01414	0.00707	0.00707	0.00707	0.00884	0.00707	0.00530	0.01767	0.01591	0.02828	0.02474	0.02828	0.01944	0.00884	0.00530	0.00177	0.00353	0.00707	0.77554	0.00707
27	0.01784	0.02029	0.04378	0.03142	0.03875	0.01937	0.62946	0.02402	0.01762	0.02402	0.01510	0.02029	0.01144	0.00671	0.00967	0.00259	0.04484	0.00885	0.00381	0.01014
28	0.01977	0.01834	0.02999	0.04366	0.62023	0.01857	0.02240	0.08668	0.01910	0.02707	0.01466	0.01872	0.01210	0.00699	0.00752	0.00226	0.00894	0.00677	0.00414	0.01210
29	0.02731	0.01753	0.01930	0.01537	0.02065	0.04613	0.01248	0.31622	0.10636	0.22783	0.08885	0.02525	0.02153	0.00991	0.00772	0.00233	0.00727	0.00787	0.00804	0.01205

[dist]
# distance from previous block
# <min> <max>
0	1

[block]
# block no. 1 follows, 26 sequences, length 28
# corresponding to MSA columns:
# 80-107
name=unknown_B
#
# <colnr> <probs for GDERKNQSTAVLIFYWHMCP>
#	G	D	E	R	K	N	Q	S	T	A	V	L	I	F	Y	W	H	M	C	P
0	0.02861	0.01396	0.01739	0.01395	0.01920	0.01355	0.01131	0.08834	0.16301	0.44644	0.07737	0.02799	0.02313	0.01001	0.00774	0.00239	0.00630	0.00822	0.00880	0.01229
1	0.01877	0.01802	0.03079	0.04656	0.68612	0.01802	0.02328	0.02328	0.01727	0.02478	0.01427	0.01877	0.01201	0.00676	0.00751	0.00225	0.00901	0.00676	0.00375	0.01201
2	0.01651	0.01571	0.02670	0.38640	0.36394	0.01743	0.02215	0.02130	0.01620	0.02204	0.01387	0.01951	0.01105	0.00718	0.00755	0.00239	0.00957	0.00675	0.00356	0.01019
3	0.01432	0.01348	0.02275	0.71520	0.05224	0.01685	0.02107	0.01938	0.01517	0.01938	0.01348	0.02022	0.01011	0.00758	0.00758	0.00253	0.01011	0.00674	0.00337	0.00843
4	0.01827	0.01750	0.02987	0.12285	0.61379	0.01789	0.02303	0.02283	0.01703	0.02416	0.01418	0.01894	0.01180	0.00685	0.00752	0.00228	0.00914	0.00676	0.00371	0.01161
5	0.01363	0.00904	0.01149	0.01047	0.01287	0.00864	0.00798	0.01887	0.08397	0.09058	0.56037	0.05114	0.06213	0.01445	0.00871	0.00240	0.00407	0.01267	0.00838	0.00814
6	0.01103	0.00735	0.00827	0.00827	0.00827	0.00735	0.00460	0.01103	0.01103	0.01471	0.02390	0.04964	0.02758	0.73343	0.03861	0.00735	0.00735	0.01103	0.00460	0.00460
7	0.02073	0.69884	0.03873	0.01334	0.01969	0.06755	0.01307	0.02314	0.01575	0.01789	0.01061	0.01225	0.00974	0.00656	0.00498	0.00164	0.00842	0.00410	0.00328	0.00968
8	0.02883	0.02125	0.02276	0.01745	0.02352	0.02352	0.01442	0.66082	0.03566	0.04780	0.01821	0.01821	0.01290	0.00911	0.00759	0.00228	0.00835	0.00683	0.00759	0.01290
9	0.16092	0.02010	0.02074	0.01615	0.02198	0.02239	0.01334	0.54958	0.03170	0.04540	0.01688	0.01718	0.01208	0.00875	0.00708	0.00229	0.00791	0.00635	0.00708	0.01208
10	0.01432	0.01348	0.02275	0.71520	0.05224	0.01685	0.02107	0.01938	0.01517	0.01938	0.01348	0.02022	0.01011	0.00758	0.00758	0.00253	0.01011	0.00674	0.00337	0.00843
11	0.01790	0.02046	0.04476	0.03197	0.03964	0.01918	0.65857	0.02430	0.01790	0.02430	0.01535	0.02046	0.01151	0.00639	0.00895	0.00256	0.01279	0.00895	0.00384	0.01023
12	0.01432	0.01348	0.02275	0.71520	0.05224	0.01685	0.02107	0.01938	0.01517	0.01938	0.01348	0.02022	0.01011	0.00758	0.00758	0.00253	0.01011	0.00674	0.00337	0.00843
13	0.03403	0.01291	0.01760	0.01350	0.01936	0.01115	0.01115	0.03697	0.02171	0.69137	0.02992	0.02582	0.01878	0.00939	0.00763	0.00235	0.00645	0.00763	0.00939	0.01291
14	0.01617	0.03790	0.65976	0.02121	0.03214	0.01729	0.02717	0.02468	0.01630	0.05792	0.01444	0.01651	0.01007	0.00732	0.00723	0.00240	0.01097	0.00571	0.00352	0.01130
15	0.78701	0.01467	0.01115	0.00997	0.01467	0.01702	0.00821	0.02230	0.01291	0.03403	0.01056	0.01232	0.00821	0.00704	0.00469	0.00235	0.00587	0.00411	0.00469	0.00821
16	0.01887	0.01629	0.01715	0.01544	0.01972	0.01887	0.01201	0.04031	0.67241	0.03173	0.03087	0.02830	0.02315	0.01029	0.00772	0.00257	0.00600	0.00858	0.00772	0.01201
17	0.01956	0.63919	0.13227	0.01420	0.02136	0.02826	0.01511	0.02290	0.01550	0.01872	0.01098	0.01271	0.00972	0.00659	0.00520	0.00173	0.00855	0.00427	0.00324	0.00994
18	0.00896	0.00768	0.00768	0.00768	0.01025	0.00640	0.00576	0.01089	0.01729	0.02049	0.07684	0.07300	0.68304	0.01921	0.00896	0.00256	0.00384	0.01601	0.00704	0.00640
19	0.02065	0.01640	0.01837	0.01357	0.02006	0.01515	0.01103	0.26022	0.02322	0.03339	0.01526	0.01666	0.01186	0.00693	0.00636	0.00156	0.00664	0.00537	0.00566	0.49165
20	0.01634	0.01372	0.01494	0.01358	0.01715	0.01531	0.01049	0.03233	0.47600	0.03092	0.20218	0.03752	0.06303	0.01202	0.00809	0.00252	0.00528	0.01022	0.00785	0.01051
21	0.00954	0.00704	0.00893	0.00987	0.01096	0.00643	0.00687	0.01148	0.01656	0.02209	0.19527	0.47018	0.15462	0.02114	0.00940	0.00284	0.00412	0.01888	0.00734	0.00643
22	0.01877	0.01802	0.03079	0.04656	0.68612	0.01802	0.02328	0.02328	0.01727	0.02478	0.01427	0.01877	0.01201	0.00676	0.00751	0.00225	0.00901	0.00676	0.00375	0.01201
23	0.01573	0.01348	0.01573	0.01123	0.01798	0.01011	0.00899	0.01910	0.01573	0.02472	0.01348	0.01573	0.01123	0.00562	0.00562	0.00112	0.00562	0.00449	0.00449	0.77980
24	0.00920	0.00733	0.00828	0.00900	0.01075	0.00641	0.00650	0.01096	0.01627	0.02016	0.06239	0.31609	0.42290	0.02097	0.00929	0.00279	0.00418	0.04316	0.00704	0.00634
25	0.01878	0.01794	0.03014	0.04508	0.65442	0.01806	0.02274	0.02409	0.04843	0.02511	0.01506	0.01923	0.01254	0.00693	0.00752	0.00227	0.00887	0.00684	0.00394	0.01201
26	0.01651	0.01394	0.01615	0.01160	0.01830	0.01091	0.00931	0.05715	0.01691	0.02609	0.01376	0.01588	0.01133	0.00582	0.00573	0.00119	0.00578	0.00463	0.00468	0.73433
27	0.01822	0.01737	0.02952	0.07776	0.62658	0.01751	0.02249	0.02271	0.01735	0.02475	0.04241	0.02044	0.01443	0.00717	0.00757	0.00227	0.00884	0.00705	0.00393	0.01163

[dist]
# distance from previous block
# <min> <max>
0	12

[block]
# block no. 2 follows, 26 sequences, length 83
# corresponding to MSA columns:
# 120-202
name=unknown_C
#
# <colnr> <probs for GDERKNQSTAVLIFYWHMCP>
#	G	D	E	R	K	N	Q	S	T	A	V	L	I	F	Y	W	H	M	C	P
0	0.02631	0.01315	0.01681	0.01254	0.01878	0.01071	0.01024	0.02943	0.01919	0.41029	0.02299	0.02156	0.01560	0.00780	0.00678	0.00183	0.00610	0.00631	0.00732	0.33625
1	0.01521	0.03923	0.69413	0.02162	0.03283	0.01762	0.02802	0.02402	0.01601	0.02402	0.01361	0.01601	0.00961	0.00721	0.00721	0.00240	0.01121	0.00560	0.00320	0.01121
2	0.01731	0.01457	0.01678	0.01233	0.01906	0.01104	0.00967	0.02014	0.01668	0.02606	0.01509	0.01798	0.01277	0.00675	0.00634	0.00145	0.00618	0.00505	0.00504	0.75973
3	0.01573	0.01348	0.01573	0.01123	0.01798	0.01011	0.00899	0.01910	0.01573	0.02472	0.01348	0.01573	0.01123	0.00562	0.00562	0.00112	0.00562	0.00449	0.00449	0.77980
4	0.01877	0.01802	0.03079	0.04656	0.68612	0.01802	0.02328	0.02328	0.01727	0.02478	0.01427	0.01877	0.01201	0.00676	0.00751	0.00225	0.00901	0.00676	0.00375	0.01201
5	0.01877	0.01802	0.03079	0.04656	0.68612	0.01802	0.02328	0.02328	0.01727	0.02478	0.01427	0.01877	0.01201	0.00676	0.00751	0.00225	0.00901	0.00676	0.00375	0.01201
6	0.01704	0.01628	0.02816	0.02023	0.02716	0.01396	0.29050	0.02171	0.01707	0.04490	0.03968	0.01961	0.01383	0.00644	0.00725	0.00183	0.00867	0.00686	0.00450	0.39434
7	0.02881	0.02198	0.02270	0.01756	0.02352	0.05720	0.01443	0.62957	0.03496	0.04635	0.01789	0.01799	0.01274	0.00904	0.00755	0.00226	0.00861	0.00673	0.00741	0.01270
8	0.02773	0.06092	0.02208	0.01906	0.02318	0.62347	0.01449	0.05913	0.04422	0.02032	0.01263	0.01433	0.01037	0.00791	0.00683	0.00198	0.01296	0.00507	0.00418	0.00913
9	0.01318	0.00659	0.00988	0.00988	0.00988	0.00659	0.00659	0.00988	0.00988	0.01318	0.01318	0.02306	0.01318	0.02635	0.02964	0.77931	0.00659	0.00659	0.00329	0.00329
10	0.01432	0.01348	0.02275	0.71520	0.05224	0.01685	0.02107	0.01938	0.01517	0.01938	0.01348	0.02022	0.01011	0.00758	0.00758	0.00253	0.01011	0.00674	0.00337	0.00843
11	0.01691	0.01612	0.02743	0.32603	0.42118	0.01753	0.02235	0.02165	0.01639	0.02252	0.01394	0.01938	0.01122	0.00710	0.00754	0.00237	0.00947	0.00675	0.00359	0.01051
12	0.01877	0.01802	0.03079	0.04656	0.68612	0.01802	0.02328	0.02328	0.01727	0.02478	0.01427	0.01877	0.01201	0.00676	0.00751	0.00225	0.00901	0.00676	0.00375	0.01201
13	0.01659	0.01659	0.02323	0.01991	0.01991	0.02323	0.01659	0.01825	0.01162	0.01825	0.00996	0.01659	0.00996	0.01328	0.02489	0.00332	0.71955	0.00664	0.00332	0.00830
14	0.01568	0.10368	0.63378	0.02082	0.03160	0.01876	0.02664	0.02390	0.01596	0.02345	0.01333	0.01566	0.00962	0.00714	0.00699	0.00233	0.01092	0.00546	0.00321	0.01107
15	0.01874	0.52524	0.23899	0.01561	0.02354	0.02624	0.01756	0.02311	0.01560	0.01973	0.01148	0.01334	0.00970	0.00671	0.00558	0.00186	0.00905	0.00453	0.00323	0.01018
16	0.01103	0.00735	0.00827	0.00827	0.00827	0.00735	0.00460	0.01103	0.01103	0.01471	0.02390	0.04964	0.02758	0.73343	0.03861	0.00735	0.00735	0.01103	0.00460	0.00460
17	0.00898	0.00762	0.00775	0.00786	0.01029	0.00639	0.00584	0.01087	0.01712	0.02042	0.07467	0.11356	0.64387	0.01949	0.00901	0.00259	0.00388	0.01635	0.00704	0.00639
18	0.03262	0.01322	0.01756	0.01368	0.01940	0.01187	0.01123	0.03728	0.08237	0.62988	0.03001	0.02605	0.01918	0.00947	0.00764	0.00237	0.00641	0.00772	0.00923	0.01282
19	0.02053	0.01574	0.01713	0.01498	0.01959	0.01748	0.01174	0.03879	0.55969	0.11077	0.02985	0.02734	0.02200	0.00994	0.00760	0.00247	0.00604	0.00825	0.00775	0.05233
20	0.00898	0.00762	0.00775	0.00786	0.01029	0.00639	0.00584	0.01087	0.01712	0.02042	0.07467	0.11356	0.64387	0.01949	0.00901	0.00259	0.00388	0.01635	0.00704	0.00639
21	0.01481	0.01429	0.02494	0.59891	0.04898	0.01677	0.09454	0.01994	0.01551	0.02023	0.01370	0.02001	0.01033	0.00734	0.00764	0.00246	0.01019	0.00688	0.00348	0.04904
22	0.03319	0.01330	0.01902	0.01446	0.02042	0.01157	0.04506	0.03630	0.02151	0.65643	0.02916	0.02554	0.01840	0.00923	0.00770	0.00236	0.00679	0.00770	0.00910	0.01277
23	0.03339	0.01394	0.01824	0.01398	0.01988	0.01267	0.01155	0.11382	0.02343	0.61209	0.02848	0.02488	0.01805	0.00935	0.00762	0.00234	0.00669	0.00753	0.00917	0.01291
24	0.01855	0.01780	0.03039	0.07970	0.65469	0.01796	0.02317	0.02309	0.01717	0.02451	0.01423	0.01884	0.01192	0.00680	0.00751	0.00227	0.00907	0.00676	0.00374	0.01184
25	0.36752	0.01622	0.01665	0.01344	0.01880	0.04358	0.03270	0.13059	0.01991	0.24515	0.01819	0.01791	0.01252	0.00813	0.00633	0.00233	0.00700	0.00587	0.00660	0.01056
26	0.01277	0.00859	0.01047	0.01044	0.01243	0.00802	0.00762	0.05944	0.01851	0.07594	0.16764	0.34958	0.19155	0.01903	0.00907	0.00272	0.00456	0.01671	0.00751	0.00740
27	0.04369	0.07596	0.01955	0.01552	0.02007	0.08394	0.01249	0.11054	0.38521	0.06146	0.02592	0.02788	0.02038	0.01023	0.00749	0.00245	0.00727	0.05184	0.00692	0.01120
28	0.01720	0.01916	0.04056	0.07882	0.03831	0.01861	0.55393	0.02304	0.01726	0.02344	0.01616	0.05243	0.01309	0.00759	0.00963	0.00261	0.04514	0.00926	0.00392	0.00983
29	0.05451	0.00960	0.01193	0.01054	0.01354	0.00899	0.00818	0.02055	0.05046	0.17387	0.42624	0.04781	0.10595	0.01383	0.00839	0.00240	0.00445	0.01187	0.00826	0.00862
30	0.01093	0.00814	0.01049	0.01150	0.01333	0.00770	0.00946	0.01384	0.01765	0.02282	0.13196	0.13974	0.20801	0.02008	0.00983	0.00308	0.00551	0.34195	0.00718	0.00678
31	0.01857	0.01782	0.03042	0.07693	0.65732	0.01797	0.02318	0.02310	0.01718	0.02454	0.01423	0.01884	0.01193	0.00680	0.00751	0.00227	0.00906	0.00676	0.00374	0.01185
32	0.01896	0.55562	0.21054	0.01523	0.02295	0.02678	0.01691	0.02305	0.01557	0.01946	0.01135	0.01317	0.00970	0.00668	0.00548	0.00183	0.00892	0.00446	0.00323	0.01012
33	0.78701	0.01467	0.01115	0.00997	0.01467	0.01702	0.00821	0.02230	0.01291	0.03403	0.01056	0.01232	0.00821	0.00704	0.00469	0.00235	0.00587	0.00411	0.00469	0.00821
34	0.66148	0.05032	0.01332	0.01053	0.01545	0.01698	0.00879	0.02402	0.01406	0.10964	0.01281	0.01388	0.00952	0.00729	0.00504	0.00231	0.00605	0.00451	0.00517	0.00884
35	0.01573	0.01348	0.01573	0.01123	0.01798	0.01011	0.00899	0.01910	0.01573	0.02472	0.01348	0.01573	0.01123	0.00562	0.00562	0.00112	0.00562	0.00449	0.00449	0.77980
36	0.00924	0.00660	0.00880	0.01056	0.01100	0.00616	0.00704	0.01056	0.01452	0.01936	0.04181	0.72848	0.05017	0.02376	0.00968	0.00308	0.00440	0.02156	0.00704	0.00616
37	0.01533	0.01306	0.01530	0.01119	0.01754	0.00987	0.00887	0.01857	0.01565	0.02439	0.01523	0.05984	0.01364	0.00674	0.00587	0.00124	0.00554	0.00555	0.00465	0.73192
38	0.01573	0.01348	0.01573	0.01123	0.01798	0.01011	0.00899	0.01910	0.01573	0.02472	0.01348	0.01573	0.01123	0.00562	0.00562	0.00112	0.00562	0.00449	0.00449	0.77980
39	0.01573	0.01348	0.01573	0.01123	0.01798	0.01011	0.00899	0.01910	0.01573	0.02472	0.01348	0.01573	0.01123	0.00562	0.00562	0.00112	0.00562	0.00449	0.00449	0.77980
40	0.01573	0.01348	0.01573	0.01123	0.01798	0.01011	0.00899	0.01910	0.01573	0.02472	0.01348	0.01573	0.01123	0.00562	0.00562	0.00112	0.00562	0.00449	0.00449	0.77980
41	0.01573	0.01348	0.01573	0.01123	0.01798	0.01011	0.00899	0.01910	0.01573	0.02472	0.01348	0.01573	0.01123	0.00562	0.00562	0.00112	0.00562	0.00449	0.00449	0.77980
42	0.01663	0.01345	0.01582	0.01135	0.01804	0.01016	0.00909	0.01998	0.01602	0.05758	0.01429	0.01623	0.01161	0.00580	0.00572	0.00118	0.00566	0.00465	0.00474	0.74200
43	0.02556	0.01962	0.02092	0.01679	0.02227	0.02199	0.01362	0.45689	0.24493	0.04252	0.02237	0.02153	0.01627	0.00949	0.00763	0.00237	0.00758	0.00740	0.00763	0.01261
44	0.01084	0.00810	0.01206	0.01206	0.01336	0.00941	0.00931	0.01346	0.01215	0.01751	0.02044	0.03047	0.01926	0.07995	0.68071	0.01203	0.01988	0.00823	0.00408	0.00670
45	0.02028	0.73799	0.03975	0.01298	0.01947	0.03001	0.01298	0.02271	0.01541	0.01785	0.01055	0.01217	0.00973	0.00649	0.00487	0.00162	0.00811	0.00406	0.00324	0.00973
46	0.01573	0.01348	0.01573	0.01123	0.01798	0.01011	0.00899	0.01910	0.01573	0.02472	0.01348	0.01573	0.01123	0.00562	0.00562	0.00112	0.00562	0.00449	0.00449	0.77980
47	0.02028	0.73799	0.03975	0.01298	0.01947	0.03001	0.01298	0.02271	0.01541	0.01785	0.01055	0.01217	0.00973	0.00649	0.00487	0.00162	0.00811	0.00406	0.00324	0.00973
48	0.01072	0.00802	0.01195	0.01207	0.01336	0.00925	0.00931	0.01333	0.01236	0.01773	0.02184	0.07927	0.02117	0.05454	0.65425	0.01155	0.01919	0.00908	0.00427	0.00673
49	0.00918	0.00769	0.00799	0.00791	0.01038	0.00650	0.00593	0.01131	0.01780	0.02171	0.15117	0.07099	0.60795	0.01876	0.00896	0.00254	0.00381	0.01573	0.00720	0.00650
50	0.01790	0.02046	0.04476	0.03197	0.03964	0.01918	0.65857	0.02430	0.01790	0.02430	0.01535	0.02046	0.01151	0.00639	0.00895	0.00256	0.01279	0.00895	0.00384	0.01023
51	0.01414	0.00707	0.00707	0.00707	0.00884	0.00707	0.00530	0.01767	0.01591	0.02828	0.02474	0.02828	0.01944	0.00884	0.00530	0.00177	0.00353	0.00707	0.77554	0.00707
52	0.01584	0.01385	0.01725	0.01232	0.01911	0.01059	0.04301	0.01937	0.01584	0.02469	0.01358	0.01598	0.01125	0.00566	0.00579	0.00120	0.00599	0.00473	0.00446	0.73950
53	0.01130	0.00826	0.01181	0.01170	0.01292	0.00957	0.00896	0.01380	0.01236	0.01820	0.02063	0.03100	0.01946	0.11195	0.56688	0.01065	0.04142	0.00825	0.06419	0.00665
54	0.01414	0.00707	0.00707	0.00707	0.00884	0.00707	0.00530	0.01767	0.01591	0.02828	0.02474	0.02828	0.01944	0.00884	0.00530	0.00177	0.00353	0.00707	0.77554	0.00707
55	0.01738	0.02210	0.11508	0.07311	0.03967	0.01886	0.54951	0.02396	0.01752	0.02396	0.01504	0.01995	0.01121	0.00656	0.00867	0.00254	0.01245	0.00845	0.00374	0.01023
56	0.01432	0.01348	0.02275	0.71520	0.05224	0.01685	0.02107	0.01938	0.01517	0.01938	0.01348	0.02022	0.01011	0.00758	0.00758	0.00253	0.01011	0.00674	0.00337	0.00843
57	0.01432	0.01348	0.02275	0.71520	0.05224	0.01685	0.02107	0.01938	0.01517	0.01938	0.01348	0.02022	0.01011	0.00758	0.00758	0.00253	0.01011	0.00674	0.00337	0.00843
58	0.01103	0.00735	0.00827	0.00827	0.00827	0.00735	0.00460	0.01103	0.01103	0.01471	0.02390	0.04964	0.02758	0.73343	0.03861	0.00735	0.00735	0.01103	0.00460	0.00460
59	0.09934	0.02836	0.02072	0.01769	0.02244	0.39415	0.01380	0.22367	0.02506	0.06423	0.01456	0.01558	0.01106	0.00822	0.00691	0.00211	0.01094	0.00555	0.00540	0.01022
60	0.01546	0.03751	0.63454	0.02257	0.03345	0.01776	0.08588	0.02405	0.01619	0.02405	0.01377	0.01642	0.00978	0.00713	0.00737	0.00242	0.01135	0.00591	0.00326	0.01112
61	0.06525	0.02805	0.02116	0.01799	0.02278	0.36386	0.01406	0.26898	0.07252	0.03131	0.01548	0.01636	0.01182	0.00844	0.00708	0.00214	0.01073	0.00584	0.00561	0.01054
62	0.03403	0.01291	0.01760	0.01350	0.01936	0.01115	0.01115	0.03697	0.02171	0.69137	0.02992	0.02582	0.01878	0.00939	0.00763	0.00235	0.00645	0.00763	0.00939	0.01291
63	0.03403	0.01291	0.01760	0.01350	0.01936	0.01115	0.01115	0.03697	0.02171	0.69137	0.02992	0.02582	0.01878	0.00939	0.00763	0.00235	0.00645	0.00763	0.00939	0.01291
64	0.01895	0.52746	0.18968	0.01630	0.02395	0.02641	0.06213	0.02312	0.01573	0.01971	0.01159	0.01363	0.00983	0.00665	0.00569	0.00187	0.00915	0.00476	0.00328	0.01011
65	0.06904	0.01357	0.02193	0.66526	0.04958	0.01686	0.02016	0.01959	0.01501	0.02042	0.01327	0.01966	0.00998	0.00755	0.00738	0.00252	0.00981	0.00655	0.00346	0.00841
66	0.01659	0.01659	0.02323	0.01991	0.01991	0.02323	0.01659	0.01825	0.01162	0.01825	0.00996	0.01659	0.00996	0.01328	0.02489	0.00332	0.71955	0.00664	0.00332	0.00830
67	0.00924	0.00773	0.00810	0.00831	0.01073	0.00659	0.00634	0.01127	0.01720	0.02063	0.07250	0.09843	0.60663	0.01952	0.00912	0.00266	0.00412	0.06738	0.00704	0.00644
68	0.02059	0.01936	0.02913	0.04205	0.58450	0.07998	0.02174	0.02476	0.01793	0.06547	0.01500	0.01874	0.01223	0.00702	0.00746	0.00223	0.00928	0.00664	0.00412	0.01178
69	0.01103	0.00735	0.00827	0.00827	0.00827	0.00735	0.00460	0.01103	0.01103	0.01471	0.02390	0.04964	0.02758	0.73343	0.03861	0.00735	0.00735	0.01103	0.00460	0.00460
70	0.01414	0.00707	0.00707	0.00707	0.00884	0.00707	0.00530	0.01767	0.01591	0.02828	0.02474	0.02828	0.01944	0.00884	0.00530	0.00177	0.00353	0.00707	0.77554	0.00707
71	0.01786	0.01861	0.03623	0.11762	0.31743	0.01842	0.31293	0.02329	0.01731	0.02393	0.01467	0.01971	0.01156	0.00669	0.00818	0.00242	0.01086	0.00776	0.00375	0.01078
72	0.01557	0.08872	0.64779	0.02101	0.03188	0.01849	0.02696	0.02393	0.01597	0.02358	0.01339	0.01574	0.00962	0.00716	0.00704	0.00235	0.01099	0.00550	0.00321	0.01111
73	0.01794	0.02036	0.04420	0.03255	0.06538	0.01914	0.63328	0.02426	0.01788	0.02432	0.01530	0.02039	0.01153	0.00641	0.00889	0.00255	0.01264	0.00886	0.00383	0.01030
74	0.03221	0.01329	0.01819	0.01416	0.01942	0.01241	0.01172	0.03501	0.02066	0.62117	0.02784	0.02486	0.01786	0.00979	0.00943	0.00245	0.08082	0.00752	0.00876	0.01243
75	0.03300	0.01457	0.01863	0.01428	0.02019	0.01362	0.01180	0.16136	0.02449	0.56304	0.02759	0.02430	0.01760	0.00933	0.00762	0.00233	0.00683	0.00747	0.00903	0.01291
76	0.01432	0.01348	0.02275	0.71520	0.05224	0.01685	0.02107	0.01938	0.01517	0.01938	0.01348	0.02022	0.01011	0.00758	0.00758	0.00253	0.01011	0.00674	0.00337	0.00843
77	0.01087	0.00826	0.01037	0.01144	0.01346	0.00775	0.00957	0.01369	0.01730	0.02174	0.05432	0.10149	0.28977	0.02037	0.00987	0.00312	0.00569	0.37716	0.00701	0.00673
78	0.11178	0.01596	0.01885	0.01409	0.02041	0.01491	0.05607	0.16415	0.04445	0.03123	0.01497	0.01668	0.01171	0.00680	0.00626	0.00168	0.00678	0.00544	0.00528	0.43250
79	0.02740	0.03400	0.02240	0.01986	0.02402	0.61725	0.04451	0.04922	0.05383	0.02035	0.01303	0.01485	0.01060	0.00791	0.00700	0.00202	0.01310	0.00531	0.00420	0.00914
80	0.01857	0.01781	0.03041	0.07770	0.65659	0.01797	0.02318	0.02310	0.01717	0.02453	0.01423	0.01884	0.01193	0.00680	0.00751	0.00227	0.00906	0.00676	0.00374	0.01185
81	0.35068	0.05206	0.01707	0.01360	0.01848	0.13671	0.01101	0.12297	0.05200	0.11330	0.03611	0.01727	0.01327	0.00818	0.00616	0.00225	0.00771	0.00560	0.00577	0.00983
82	0.01904	0.01871	0.02996	0.07575	0.62452	0.05173	0.02275	0.02345	0.01738	0.02423	0.01411	0.01859	0.01182	0.00685	0.00748	0.00225	0.00929	0.00667	0.00374	0.01169

[dist]
# distance from previous block
# <min> <max>
3	12

[block]
# block no. 3 follows, 26 sequences, length 6
# corresponding to MSA columns:
# 215-220
name=unknown_D
#
# <colnr> <probs for GDERKNQSTAVLIFYWHMCP>
#	G	D	E	R	K	N	Q	S	T	A	V	L	I	F	Y	W	H	M	C	P
0	0.11309	0.01613	0.02456	0.10310	0.38763	0.01654	0.01850	0.02606	0.04645	0.14928	0.01738	0.01988	0.01311	0.00752	0.00721	0.00232	0.00814	0.00668	0.00505	0.01136
1	0.01845	0.01751	0.02879	0.09331	0.57057	0.01802	0.02196	0.02473	0.08417	0.02509	0.01591	0.01986	0.01301	0.00718	0.00754	0.00231	0.00879	0.00694	0.00413	0.01175
2	0.01832	0.01369	0.01587	0.01282	0.01821	0.01255	0.01017	0.02684	0.20909	0.10444	0.02309	0.05871	0.01897	0.00900	0.00688	0.00189	0.00583	0.03497	0.00625	0.39242
3	0.01687	0.01308	0.01561	0.01161	0.01791	0.01009	0.00940	0.02022	0.01632	0.07591	0.01676	0.02177	0.01426	0.00706	0.00614	0.00140	0.00578	0.05223	0.00506	0.66252
4	0.19096	0.01358	0.01603	0.01292	0.01818	0.01321	0.01054	0.06347	0.05872	0.44847	0.02589	0.05733	0.01806	0.00964	0.00711	0.00239	0.00630	0.00759	0.00809	0.01153
5	0.01509	0.01414	0.02317	0.59883	0.11393	0.01711	0.02066	0.02124	0.06131	0.02079	0.01478	0.02064	0.01121	0.00769	0.00759	0.00250	0.00971	0.00687	0.00371	0.00904

[dist]
# distance from previous block
# <min> <max>
6	10

[block]
# block no. 4 follows, 26 sequences, length 7
# corresponding to MSA columns:
# 232-238
name=unknown_E
#
# <colnr> <probs for GDERKNQSTAVLIFYWHMCP>
#	G	D	E	R	K	N	Q	S	T	A	V	L	I	F	Y	W	H	M	C	P
0	0.01238	0.00863	0.01085	0.01030	0.01248	0.00807	0.00767	0.01664	0.06486	0.06371	0.42114	0.17495	0.09718	0.01617	0.00880	0.00249	0.00415	0.01425	0.00789	0.03739
1	0.02156	0.01709	0.02838	0.04053	0.56454	0.01677	0.02107	0.02577	0.01808	0.14633	0.01712	0.02006	0.01325	0.00724	0.00753	0.00227	0.00854	0.00692	0.00478	0.01218
2	0.01877	0.01802	0.03079	0.04656	0.68612	0.01802	0.02328	0.02328	0.01727	0.02478	0.01427	0.01877	0.01201	0.00676	0.00751	0.00225	0.00901	0.00676	0.00375	0.01201
3	0.05586	0.01325	0.01744	0.14132	0.02436	0.01357	0.01269	0.07065	0.09797	0.31629	0.10662	0.02994	0.02430	0.01021	0.00777	0.00245	0.00683	0.03004	0.00757	0.01087
4	0.02501	0.15728	0.02334	0.01656	0.02122	0.35351	0.01325	0.09002	0.09041	0.06490	0.01955	0.02001	0.05592	0.00880	0.00683	0.00205	0.01024	0.00621	0.00509	0.00980
5	0.16436	0.01853	0.01916	0.01506	0.02080	0.02009	0.01233	0.39836	0.09075	0.04065	0.01742	0.01779	0.01282	0.00838	0.00681	0.00216	0.00730	0.00619	0.00666	0.11439
6	0.01869	0.01429	0.01654	0.01238	0.01845	0.01238	0.00995	0.11955	0.04781	0.07357	0.07082	0.02068	0.01745	0.00742	0.00642	0.00155	0.00594	0.00599	0.00575	0.51438

[dist]
# distance from previous block
# <min> <max>
2	11

[block]
# block no. 5 follows, 26 sequences, length 11
# corresponding to MSA columns:
# 250-260
name=unknown_F
#
# <colnr> <probs for GDERKNQSTAVLIFYWHMCP>
#	G	D	E	R	K	N	Q	S	T	A	V	L	I	F	Y	W	H	M	C	P
0	0.02492	0.01864	0.02030	0.01586	0.02137	0.02004	0.01292	0.49366	0.06078	0.04235	0.07155	0.04760	0.01920	0.00986	0.00758	0.00221	0.00745	0.00776	0.00733	0.08861
1	0.02851	0.01554	0.01859	0.01456	0.02008	0.01550	0.01190	0.23499	0.08663	0.34833	0.07382	0.02549	0.02091	0.00969	0.00764	0.00230	0.00677	0.00779	0.00839	0.04258
2	0.02566	0.01886	0.02062	0.01587	0.02189	0.01988	0.01298	0.44650	0.09250	0.07581	0.01915	0.01911	0.01388	0.00857	0.00723	0.00209	0.00750	0.00660	0.00711	0.15818
3	0.02883	0.02125	0.02276	0.01745	0.02352	0.02352	0.01442	0.66082	0.03566	0.04780	0.01821	0.01821	0.01290	0.00911	0.00759	0.00228	0.00835	0.00683	0.00759	0.01290
4	0.01432	0.01348	0.02275	0.71520	0.05224	0.01685	0.02107	0.01938	0.01517	0.01938	0.01348	0.02022	0.01011	0.00758	0.00758	0.00253	0.01011	0.00674	0.00337	0.00843
5	0.00938	0.00671	0.00893	0.01047	0.01103	0.00625	0.00705	0.01091	0.01517	0.02039	0.10153	0.66581	0.05216	0.02299	0.00961	0.00302	0.00432	0.02083	0.00716	0.00625
6	0.01581	0.01378	0.01645	0.01207	0.01816	0.01138	0.00972	0.01902	0.01533	0.02409	0.01314	0.01581	0.01111	0.00636	0.00747	0.00134	0.07441	0.00470	0.00438	0.70546
7	0.01996	0.01950	0.04129	0.02961	0.03706	0.01816	0.57601	0.02591	0.01839	0.10936	0.01720	0.02114	0.01244	0.00678	0.00878	0.00253	0.01198	0.00878	0.00454	0.01057
8	0.01489	0.01406	0.02378	0.62993	0.13307	0.01700	0.02135	0.01988	0.01544	0.02007	0.01358	0.02004	0.01035	0.00748	0.00757	0.00249	0.00997	0.00674	0.00342	0.00888
9	0.07507	0.01857	0.02036	0.01560	0.02163	0.01952	0.01285	0.44394	0.02960	0.14543	0.01900	0.01874	0.01333	0.00859	0.00717	0.00215	0.00756	0.00650	0.00731	0.10709
10	0.31826	0.08321	0.01740	0.01286	0.01735	0.01565	0.04971	0.04675	0.05110	0.14040	0.04469	0.13244	0.02030	0.01057	0.00668	0.00242	0.00639	0.00847	0.00606	0.00928

[dist]
# distance from previous block
# <min> <max>
7	32

[block]
# block no. 6 follows, 26 sequences, length 12
# corresponding to MSA columns:
# 294-305
name=unknown_G
#
# <colnr> <probs for GDERKNQSTAVLIFYWHMCP>
#	G	D	E	R	K	N	Q	S	T	A	V	L	I	F	Y	W	H	M	C	P
0	0.12504	0.02824	0.01898	0.01696	0.02106	0.45277	0.01296	0.06157	0.06732	0.05459	0.05866	0.01819	0.01520	0.00854	0.00684	0.00211	0.01085	0.00586	0.00502	0.00924
1	0.01863	0.01453	0.01653	0.01267	0.01850	0.01309	0.01013	0.13736	0.08472	0.05994	0.04034	0.04291	0.04265	0.00827	0.00663	0.00169	0.00602	0.00671	0.00589	0.45279
2	0.09304	0.01948	0.02080	0.01610	0.02202	0.02116	0.01325	0.50408	0.05295	0.08743	0.01847	0.01840	0.01313	0.00877	0.00722	0.00223	0.00776	0.00656	0.00727	0.05988
3	0.60573	0.01484	0.01356	0.08636	0.01958	0.01702	0.01018	0.06365	0.01519	0.07703	0.01265	0.01444	0.00942	0.00739	0.00538	0.00236	0.00652	0.00480	0.00505	0.00885
4	0.01286	0.00763	0.00990	0.01044	0.01194	0.00697	0.00740	0.01478	0.01641	0.10808	0.10504	0.48561	0.09062	0.01992	0.00904	0.00281	0.00450	0.01777	0.05108	0.00720
5	0.02154	0.01541	0.01720	0.01452	0.01952	0.01629	0.01148	0.05605	0.43476	0.15407	0.02774	0.02567	0.02027	0.00940	0.00739	0.00231	0.00610	0.00774	0.00755	0.12498
6	0.10786	0.02259	0.10816	0.01708	0.02356	0.02179	0.01538	0.47462	0.06681	0.04233	0.01751	0.01787	0.01255	0.00871	0.00724	0.00232	0.00832	0.00648	0.00672	0.01213
7	0.01474	0.01218	0.01439	0.01114	0.01648	0.00961	0.00877	0.01769	0.01531	0.02320	0.01769	0.02761	0.01683	0.10153	0.01041	0.00218	0.00599	0.07300	0.00477	0.59647
8	0.01765	0.01342	0.01593	0.01147	0.01812	0.01022	0.00921	0.02098	0.01636	0.09481	0.01521	0.01679	0.01203	0.00601	0.00583	0.00125	0.00571	0.00482	0.00501	0.69917
9	0.02570	0.01899	0.02054	0.01585	0.02159	0.02032	0.01298	0.52151	0.03132	0.04283	0.01870	0.04081	0.01422	0.00910	0.00727	0.00212	0.00760	0.00700	0.04982	0.11169
10	0.62085	0.01686	0.06157	0.01151	0.01671	0.01738	0.01020	0.09076	0.01569	0.03457	0.01214	0.01382	0.00924	0.00734	0.00521	0.00232	0.00643	0.00462	0.03389	0.00889
11	0.07072	0.00972	0.01185	0.01028	0.01354	0.00877	0.00797	0.01853	0.01971	0.12614	0.39799	0.06121	0.08870	0.01315	0.00803	0.00224	0.00447	0.01127	0.00763	0.10808

[dist]
# distance from previous block
# <min> <max>
21	65

[block]
# block no. 7 follows, 26 sequences, length 12
# corresponding to MSA columns:
# 376-387
name=unknown_H
#
# <colnr> <probs for GDERKNQSTAVLIFYWHMCP>
#	G	D	E	R	K	N	Q	S	T	A	V	L	I	F	Y	W	H	M	C	P
0	0.02160	0.02245	0.02638	0.07376	0.30847	0.20337	0.05582	0.09583	0.02003	0.02482	0.01446	0.01830	0.01185	0.01087	0.05653	0.00291	0.01128	0.00648	0.00423	0.01055
1	0.02548	0.01434	0.05571	0.01349	0.01875	0.01225	0.01151	0.08656	0.06651	0.37308	0.16726	0.03083	0.02896	0.01041	0.00778	0.00230	0.00621	0.00865	0.00827	0.05164
2	0.02035	0.63798	0.09271	0.01409	0.02081	0.06953	0.01432	0.02328	0.01583	0.01840	0.01087	0.01258	0.00973	0.00663	0.00518	0.00171	0.00870	0.00423	0.00328	0.00980
3	0.02400	0.02087	0.01954	0.01763	0.05531	0.16058	0.01320	0.21072	0.21084	0.08556	0.02648	0.02571	0.07568	0.00998	0.00759	0.00232	0.00826	0.00781	0.00676	0.01116
4	0.01681	0.07997	0.01789	0.01427	0.01659	0.11913	0.01143	0.06196	0.01587	0.02099	0.01849	0.02455	0.03495	0.05074	0.26084	0.00603	0.13336	0.00716	0.08103	0.00797
5	0.01848	0.01712	0.01481	0.05257	0.01866	0.19331	0.01104	0.06538	0.01999	0.08079	0.04222	0.04828	0.26414	0.01424	0.00834	0.00250	0.00782	0.10582	0.00624	0.00826
6	0.02490	0.01872	0.02035	0.01617	0.02152	0.02046	0.01312	0.48424	0.10167	0.04153	0.02105	0.06970	0.01677	0.01179	0.03288	0.00265	0.00808	0.00796	0.00725	0.05919
7	0.05817	0.01424	0.02211	0.61382	0.04760	0.01746	0.01976	0.07704	0.01688	0.02273	0.01374	0.01961	0.01026	0.00769	0.00742	0.00250	0.00972	0.00660	0.00382	0.00882
8	0.02581	0.11243	0.06850	0.01831	0.02289	0.54585	0.01489	0.02837	0.02016	0.01936	0.01240	0.01443	0.01026	0.00768	0.00657	0.00194	0.01237	0.00496	0.04386	0.00897
9	0.02025	0.53551	0.15638	0.01513	0.02232	0.06176	0.01587	0.05904	0.01696	0.02068	0.01159	0.01328	0.00989	0.00683	0.00554	0.00182	0.00897	0.00453	0.00351	0.01013
10	0.12731	0.01131	0.01241	0.01113	0.01428	0.03327	0.00873	0.03721	0.05946	0.12320	0.35575	0.04390	0.08063	0.01312	0.00803	0.00242	0.00507	0.03655	0.00764	0.00856
11	0.01959	0.23772	0.02816	0.08585	0.21737	0.05762	0.01591	0.02397	0.05360	0.06727	0.01870	0.02073	0.05325	0.00787	0.00665	0.00203	0.00819	0.00639	0.00443	0.06471

[dist]
# distance from previous block
# <min> <max>
4	21

[block]
# block no. 8 follows, 26 sequences, length 32
# corresponding to MSA columns:
# 409-440
name=unknown_I
#
# <colnr> <probs for GDERKNQSTAVLIFYWHMCP>
#	G	D	E	R	K	N	Q	S	T	A	V	L	I	F	Y	W	H	M	C	P
0	0.55902	0.01594	0.05072	0.06492	0.01921	0.01698	0.01092	0.02426	0.09861	0.03167	0.01462	0.01778	0.01162	0.00800	0.00565	0.00243	0.00654	0.02727	0.00498	0.00884
1	0.01392	0.01223	0.02010	0.01754	0.02119	0.01186	0.16694	0.01947	0.07210	0.02416	0.07148	0.05973	0.08851	0.01551	0.00948	0.00296	0.00779	0.32060	0.00627	0.03816
2	0.14385	0.01564	0.02463	0.03310	0.40980	0.01593	0.05726	0.02112	0.01594	0.02503	0.01659	0.05079	0.01522	0.00996	0.00911	0.06131	0.00822	0.05224	0.00424	0.01003
3	0.04902	0.01922	0.02035	0.01631	0.02174	0.02144	0.01326	0.45345	0.20078	0.04211	0.02356	0.02279	0.04146	0.00974	0.00759	0.00237	0.00748	0.00756	0.00751	0.01227
4	0.01922	0.01901	0.02990	0.06957	0.62043	0.06164	0.02265	0.02358	0.01746	0.02418	0.01408	0.01850	0.01180	0.00686	0.00747	0.00224	0.00935	0.00664	0.00375	0.01168
5	0.01101	0.00738	0.00839	0.00835	0.00847	0.00734	0.00476	0.01124	0.01170	0.01571	0.06585	0.05008	0.03038	0.68767	0.03672	0.00704	0.00711	0.01120	0.00484	0.00476
6	0.01414	0.00707	0.00707	0.00707	0.00884	0.00707	0.00530	0.01767	0.01591	0.02828	0.02474	0.02828	0.01944	0.00884	0.00530	0.00177	0.00353	0.00707	0.77554	0.00707
7	0.01647	0.01642	0.02321	0.05891	0.02173	0.02287	0.01685	0.01832	0.01182	0.01832	0.01015	0.01680	0.00997	0.01296	0.02392	0.00327	0.67975	0.00664	0.00332	0.00830
8	0.06812	0.05300	0.29127	0.01699	0.02499	0.01621	0.01822	0.09995	0.02022	0.28691	0.02018	0.01972	0.01347	0.00823	0.00718	0.00233	0.00861	0.00638	0.00619	0.01183
9	0.01414	0.00707	0.00707	0.00707	0.00884	0.00707	0.00530	0.01767	0.01591	0.02828	0.02474	0.02828	0.01944	0.00884	0.00530	0.00177	0.00353	0.00707	0.77554	0.00707
10	0.78701	0.01467	0.01115	0.00997	0.01467	0.01702	0.00821	0.02230	0.01291	0.03403	0.01056	0.01232	0.00821	0.00704	0.00469	0.00235	0.00587	0.00411	0.00469	0.00821
11	0.02163	0.01608	0.01754	0.01527	0.01989	0.01801	0.01202	0.07508	0.54186	0.12831	0.03002	0.02737	0.02194	0.01009	0.00770	0.00252	0.00620	0.00834	0.00795	0.01219
12	0.01815	0.01750	0.03019	0.13525	0.57945	0.01791	0.04471	0.02279	0.01701	0.02404	0.01420	0.01902	0.01174	0.00686	0.00757	0.00230	0.00929	0.00683	0.00371	0.01147
13	0.01085	0.00807	0.01189	0.01189	0.01314	0.00932	0.00911	0.01335	0.01210	0.01739	0.02059	0.03132	0.01962	0.10880	0.65236	0.01182	0.01932	0.00835	0.00410	0.00661
14	0.01573	0.01348	0.01573	0.01123	0.01798	0.01011	0.00899	0.01910	0.01573	0.02472	0.01348	0.01573	0.01123	0.00562	0.00562	0.00112	0.00562	0.00449	0.00449	0.77980
15	0.01064	0.00775	0.01000	0.00944	0.01127	0.00712	0.00708	0.01412	0.02124	0.02987	0.64854	0.05757	0.10548	0.01571	0.00895	0.00240	0.00359	0.01384	0.00828	0.00712
16	0.01660	0.26038	0.45016	0.01824	0.02746	0.02103	0.02215	0.02310	0.01610	0.02238	0.04718	0.01689	0.01285	0.00741	0.00655	0.00215	0.00983	0.00553	0.00348	0.01053
17	0.02291	0.01639	0.01894	0.06817	0.02178	0.01815	0.01266	0.39998	0.06329	0.03532	0.01720	0.02025	0.01335	0.01375	0.01359	0.21355	0.00787	0.00686	0.00611	0.00990
18	0.03403	0.01291	0.01760	0.01350	0.01936	0.01115	0.01115	0.03697	0.02171	0.69137	0.02992	0.02582	0.01878	0.00939	0.00763	0.00235	0.00645	0.00763	0.00939	0.01291
19	0.01893	0.01852	0.03000	0.08002	0.62669	0.04553	0.02282	0.02336	0.01733	0.02425	0.01412	0.01864	0.01183	0.00684	0.00749	0.00225	0.00926	0.00668	0.00374	0.01170
20	0.01103	0.00735	0.00827	0.00827	0.00827	0.00735	0.00460	0.01103	0.01103	0.01471	0.02390	0.04964	0.02758	0.73343	0.03861	0.00735	0.00735	0.01103	0.00460	0.00460
21	0.01414	0.00707	0.00707	0.00707	0.00884	0.00707	0.00530	0.01767	0.01591	0.02828	0.02474	0.02828	0.01944	0.00884	0.00530	0.00177	0.00353	0.00707	0.77554	0.00707
22	0.01414	0.00707	0.00707	0.00707	0.00884	0.00707	0.00530	0.01767	0.01591	0.02828	0.02474	0.02828	0.01944	0.00884	0.00530	0.00177	0.00353	0.00707	0.77554	0.00707
23	0.01521	0.03923	0.69413	0.02162	0.03283	0.01762	0.02802	0.02402	0.01601	0.02402	0.01361	0.01601	0.00961	0.00721	0.00721	0.00240	0.01121	0.00560	0.00320	0.01121
24	0.01414	0.00707	0.00707	0.00707	0.00884	0.00707	0.00530	0.01767	0.01591	0.02828	0.02474	0.02828	0.01944	0.00884	0.00530	0.00177	0.00353	0.00707	0.77554	0.00707
25	0.78701	0.01467	0.01115	0.00997	0.01467	0.01702	0.00821	0.02230	0.01291	0.03403	0.01056	0.01232	0.00821	0.00704	0.00469	0.00235	0.00587	0.00411	0.00469	0.00821
26	0.01038	0.00768	0.00969	0.00932	0.01115	0.00699	0.00694	0.01358	0.02044	0.02828	0.55387	0.09684	0.16364	0.01653	0.00899	0.00245	0.00366	0.01451	0.00808	0.00699
27	0.01684	0.01448	0.02420	0.50890	0.19490	0.01669	0.02082	0.02161	0.01614	0.07155	0.01491	0.02031	0.01120	0.00753	0.00757	0.00245	0.00958	0.00681	0.00391	0.00959
28	0.01461	0.01377	0.02326	0.67258	0.09264	0.01693	0.02121	0.01963	0.01530	0.01972	0.01353	0.02013	0.01023	0.00753	0.00758	0.00251	0.01004	0.00674	0.00339	0.00865
29	0.01190	0.00850	0.01186	0.01361	0.01521	0.00846	0.01167	0.01517	0.01715	0.02234	0.04034	0.15417	0.04435	0.02125	0.01039	0.00345	0.00671	0.56959	0.00699	0.00690
30	0.01377	0.00817	0.00968	0.06199	0.01314	0.00891	0.00746	0.01704	0.01498	0.02524	0.02263	0.02843	0.01866	0.05499	0.07869	0.00327	0.04294	0.00735	0.55559	0.00707
31	0.00918	0.00763	0.00794	0.00797	0.01029	0.00648	0.00588	0.01114	0.01727	0.02099	0.11937	0.09885	0.58682	0.04410	0.01003	0.00274	0.00397	0.01590	0.00706	0.00639

[dist]
# distance from previous block
# <min> <max>
0	0

# created by:
# /st0/software/busco_prod/Augustus/scripts/msa2prfl.pl ./align_prep/107468.fa
