[name]
unknown

[dist]
# distance from previous block
# <min> <max>
0	57

[block]
# block no. 0 follows, 24 sequences, length 65
# corresponding to MSA columns:
# 57-121
name=unknown_A
#
# <colnr> <probs for GDERKNQSTAVLIFYWHMCP>
#	G	D	E	R	K	N	Q	S	T	A	V	L	I	F	Y	W	H	M	C	P
0	0.01372	0.00983	0.01337	0.01480	0.01687	0.00996	0.01290	0.05037	0.01928	0.02515	0.04075	0.08565	0.04390	0.02124	0.01079	0.00358	0.00738	0.58548	0.00734	0.00764
1	0.02824	0.01563	0.01885	0.01457	0.02073	0.01474	0.01186	0.14162	0.10679	0.33614	0.02539	0.02356	0.01737	0.00900	0.00751	0.00218	0.00684	0.00722	0.00810	0.18365
2	0.05075	0.01531	0.01872	0.04285	0.04038	0.01377	0.01185	0.11911	0.02135	0.22549	0.01992	0.02016	0.01424	0.00777	0.00692	0.00188	0.00687	0.00620	0.00666	0.34982
3	0.00966	0.00690	0.00920	0.01104	0.01150	0.00644	0.00736	0.01104	0.01518	0.02024	0.04371	0.71614	0.05245	0.02484	0.01012	0.00322	0.00460	0.02254	0.00736	0.00644
4	0.01919	0.01859	0.03233	0.10213	0.58426	0.01881	0.05975	0.02406	0.01791	0.02541	0.01491	0.01985	0.01236	0.00712	0.00794	0.00240	0.00974	0.00720	0.00390	0.01214
5	0.01153	0.00769	0.00865	0.00865	0.00865	0.00769	0.00480	0.01153	0.01153	0.01538	0.02499	0.05189	0.02883	0.72131	0.04036	0.00769	0.00769	0.01153	0.00480	0.00480
6	0.01545	0.00803	0.00810	0.00786	0.00990	0.00814	0.00596	0.04564	0.01752	0.03045	0.02557	0.02911	0.02003	0.00925	0.00565	0.00187	0.00391	0.00738	0.73252	0.00766
7	0.03558	0.01350	0.01840	0.01411	0.02024	0.01166	0.01166	0.03865	0.02270	0.67734	0.03128	0.02699	0.01963	0.00981	0.00797	0.00245	0.00675	0.00797	0.00981	0.01350
8	0.02962	0.03779	0.02247	0.02043	0.02451	0.68948	0.01532	0.03166	0.02247	0.01941	0.01226	0.01430	0.01021	0.00817	0.00715	0.00204	0.01430	0.00511	0.00409	0.00919
9	0.00947	0.00766	0.00842	0.00903	0.01097	0.00661	0.00647	0.01127	0.01712	0.02103	0.06825	0.28736	0.46538	0.02165	0.00962	0.00286	0.00421	0.01865	0.00736	0.00661
10	0.02886	0.02157	0.02307	0.01798	0.02410	0.02399	0.01476	0.57084	0.11395	0.04790	0.02067	0.02034	0.01481	0.00967	0.00795	0.00242	0.00842	0.00737	0.00795	0.01337
11	0.01377	0.00689	0.01033	0.01033	0.01033	0.00689	0.00689	0.01033	0.01033	0.01377	0.01377	0.02410	0.01377	0.02755	0.03099	0.76928	0.00689	0.00689	0.00344	0.00344
12	0.00987	0.00705	0.00944	0.01127	0.01182	0.00662	0.00772	0.01139	0.01538	0.02047	0.04359	0.67519	0.05200	0.02465	0.01018	0.00325	0.00478	0.06148	0.00736	0.00650
13	0.01153	0.00769	0.00865	0.00865	0.00865	0.00769	0.00480	0.01153	0.01153	0.01538	0.02499	0.05189	0.02883	0.72131	0.04036	0.00769	0.00769	0.01153	0.00480	0.00480
14	0.02018	0.01726	0.01819	0.01623	0.02079	0.01993	0.01266	0.06828	0.63065	0.03390	0.03170	0.02913	0.02374	0.01070	0.00806	0.00268	0.00638	0.00889	0.00806	0.01259
15	0.01628	0.08955	0.63498	0.02196	0.03333	0.01933	0.02818	0.02502	0.01670	0.02466	0.01400	0.01646	0.01005	0.00748	0.00736	0.00245	0.01149	0.00574	0.00335	0.01161
16	0.01002	0.00747	0.00986	0.01134	0.01191	0.00732	0.00777	0.01145	0.01520	0.02025	0.04420	0.64553	0.08587	0.02404	0.01085	0.00320	0.03853	0.02145	0.00717	0.00656
17	0.01731	0.01525	0.01978	0.01433	0.02133	0.01245	0.07251	0.04365	0.04841	0.02700	0.01534	0.01766	0.01244	0.00632	0.00640	0.00144	0.00674	0.00545	0.00491	0.63130
18	0.06848	0.40541	0.29527	0.01698	0.02562	0.02530	0.01954	0.02426	0.01619	0.02235	0.01231	0.01434	0.01002	0.00712	0.00606	0.00207	0.00962	0.00489	0.00347	0.01069
19	0.01106	0.00754	0.00874	0.00913	0.00933	0.00739	0.00539	0.01142	0.01255	0.01663	0.03102	0.19281	0.05795	0.54807	0.03282	0.00656	0.00690	0.01405	0.00544	0.00522
20	0.02681	0.01994	0.02188	0.01709	0.02300	0.02164	0.01398	0.43489	0.11968	0.07218	0.02052	0.02050	0.01494	0.00944	0.00840	0.00232	0.03479	0.00713	0.00748	0.10340
21	0.01845	0.02148	0.07211	0.06922	0.11223	0.01986	0.49163	0.02479	0.01818	0.02496	0.01554	0.02083	0.01187	0.00707	0.00959	0.00266	0.03608	0.00874	0.00393	0.01079
22	0.01498	0.01409	0.02378	0.70226	0.05462	0.01762	0.02202	0.02026	0.01586	0.02026	0.01409	0.02114	0.01057	0.00793	0.00793	0.00264	0.01057	0.00705	0.00352	0.00881
23	0.01340	0.00879	0.01062	0.01083	0.01338	0.00785	0.00856	0.01584	0.01824	0.10045	0.05955	0.16905	0.34556	0.02001	0.00971	0.00297	0.00524	0.16470	0.00764	0.00762
24	0.01609	0.01416	0.02354	0.11613	0.02733	0.01557	0.15381	0.09145	0.01755	0.02440	0.01902	0.04479	0.01647	0.02932	0.28227	0.00670	0.05242	0.00860	0.03142	0.00896
25	0.03478	0.05285	0.01968	0.01408	0.02025	0.01274	0.01176	0.03782	0.02233	0.64096	0.03017	0.02620	0.01911	0.00965	0.00782	0.00241	0.00684	0.00777	0.00946	0.01331
26	0.03558	0.01350	0.01840	0.01411	0.02024	0.01166	0.01166	0.03865	0.02270	0.67734	0.03128	0.02699	0.01963	0.00981	0.00797	0.00245	0.00675	0.00797	0.00981	0.01350
27	0.03558	0.01350	0.01840	0.01411	0.02024	0.01166	0.01166	0.03865	0.02270	0.67734	0.03128	0.02699	0.01963	0.00981	0.00797	0.00245	0.00675	0.00797	0.00981	0.01350
28	0.03048	0.01567	0.02007	0.10404	0.02538	0.01576	0.01365	0.20084	0.02551	0.39156	0.02547	0.02418	0.01681	0.00946	0.00785	0.00243	0.00764	0.00760	0.04299	0.01261
29	0.03300	0.01292	0.01758	0.01367	0.01935	0.01121	0.01121	0.03614	0.02267	0.60898	0.09868	0.03041	0.02547	0.01049	0.00812	0.00246	0.00643	0.00865	0.00970	0.01286
30	0.77733	0.01534	0.01166	0.01043	0.01534	0.01779	0.00859	0.02331	0.01350	0.03558	0.01104	0.01288	0.00859	0.00736	0.00491	0.00245	0.00613	0.00429	0.00491	0.00859
31	0.01153	0.00769	0.00865	0.00865	0.00865	0.00769	0.00480	0.01153	0.01153	0.01538	0.02499	0.05189	0.02883	0.72131	0.04036	0.00769	0.00769	0.01153	0.00480	0.00480
32	0.01771	0.01935	0.03981	0.19953	0.04359	0.01968	0.45361	0.02377	0.01764	0.02377	0.01525	0.02111	0.01158	0.00739	0.00992	0.00271	0.05097	0.00865	0.00386	0.01011
33	0.03558	0.01350	0.01840	0.01411	0.02024	0.01166	0.01166	0.03865	0.02270	0.67734	0.03128	0.02699	0.01963	0.00981	0.00797	0.00245	0.00675	0.00797	0.00981	0.01350
34	0.01122	0.00811	0.01060	0.00998	0.01185	0.00748	0.00748	0.01496	0.02245	0.03180	0.66766	0.05923	0.07482	0.01621	0.00935	0.00249	0.00374	0.01434	0.00873	0.00748
35	0.01590	0.04102	0.68023	0.02260	0.03432	0.01842	0.02930	0.02511	0.01674	0.02511	0.01423	0.01674	0.01005	0.00753	0.00753	0.00251	0.01172	0.00586	0.00335	0.01172
36	0.03558	0.01350	0.01840	0.01411	0.02024	0.01166	0.01166	0.03865	0.02270	0.67734	0.03128	0.02699	0.01963	0.00981	0.00797	0.00245	0.00675	0.00797	0.00981	0.01350
37	0.09726	0.01365	0.01784	0.01380	0.01983	0.01217	0.01140	0.03737	0.02193	0.62397	0.02960	0.02582	0.01871	0.00961	0.00772	0.00245	0.00670	0.00767	0.00941	0.01309
38	0.01377	0.00689	0.01033	0.01033	0.01033	0.00689	0.00689	0.01033	0.01033	0.01377	0.01377	0.02410	0.01377	0.02755	0.03099	0.76928	0.00689	0.00689	0.00344	0.00344
39	0.01000	0.00751	0.00942	0.01056	0.01178	0.00672	0.00725	0.01161	0.01575	0.02077	0.04833	0.56526	0.15663	0.02293	0.00975	0.00301	0.00457	0.02051	0.00721	0.05041
40	0.01124	0.00841	0.01256	0.01266	0.01402	0.00973	0.00978	0.01400	0.01287	0.01850	0.02242	0.06699	0.02153	0.05766	0.65432	0.01225	0.02037	0.00923	0.00441	0.00705
41	0.05627	0.56183	0.09941	0.01457	0.02169	0.02838	0.01486	0.05876	0.01748	0.04710	0.01255	0.01401	0.01064	0.00715	0.00558	0.00188	0.00863	0.00470	0.00395	0.01056
42	0.02749	0.01861	0.05727	0.01554	0.02128	0.01822	0.01334	0.36219	0.02907	0.17525	0.02263	0.02260	0.01589	0.00941	0.00746	0.00230	0.00751	0.00729	0.15445	0.01221
43	0.02125	0.63881	0.08835	0.01460	0.02162	0.06484	0.01484	0.02426	0.01649	0.01918	0.01133	0.01310	0.01017	0.00691	0.00538	0.00178	0.00903	0.00441	0.00343	0.01024
44	0.01044	0.00790	0.00993	0.01078	0.01228	0.00697	0.00745	0.01215	0.01567	0.02105	0.04442	0.55774	0.11934	0.02201	0.00952	0.00291	0.00469	0.01973	0.00704	0.09798
45	0.07787	0.02044	0.05526	0.07729	0.11789	0.06237	0.22034	0.09627	0.04815	0.08434	0.01867	0.05212	0.01473	0.00860	0.00820	0.00254	0.01029	0.00830	0.00528	0.01103
46	0.01645	0.07029	0.59287	0.02227	0.03326	0.01914	0.05132	0.02593	0.04956	0.02524	0.01508	0.01739	0.01085	0.00763	0.00752	0.00249	0.01136	0.00608	0.00362	0.01165
47	0.00966	0.00690	0.00920	0.01104	0.01150	0.00644	0.00736	0.01104	0.01518	0.02024	0.04371	0.71614	0.05245	0.02484	0.01012	0.00322	0.00460	0.02254	0.00736	0.00644
48	0.01776	0.01883	0.03784	0.16580	0.15479	0.01872	0.37884	0.02367	0.01823	0.02481	0.04879	0.02296	0.01505	0.00748	0.00881	0.00260	0.01163	0.00875	0.00414	0.01049
49	0.01866	0.02041	0.10224	0.31001	0.22022	0.04445	0.02208	0.08312	0.05431	0.02593	0.01575	0.02021	0.01209	0.00796	0.00784	0.00250	0.01011	0.00695	0.00431	0.01087
50	0.02734	0.01218	0.01613	0.01297	0.01772	0.01095	0.01047	0.06194	0.02336	0.43434	0.23858	0.03712	0.03735	0.01189	0.00842	0.00246	0.00587	0.01001	0.00936	0.01153
51	0.01768	0.01596	0.02628	0.33689	0.31702	0.01750	0.02156	0.02311	0.04066	0.04796	0.01878	0.02353	0.04229	0.00828	0.00797	0.00251	0.00947	0.00760	0.00428	0.01065
52	0.04765	0.11228	0.37597	0.06703	0.08221	0.10366	0.02336	0.02611	0.04654	0.02419	0.01437	0.01694	0.01091	0.00766	0.00719	0.00236	0.01096	0.00584	0.00378	0.01103
53	0.02735	0.05743	0.11827	0.08894	0.02884	0.01609	0.09973	0.06400	0.02102	0.36172	0.02333	0.02300	0.01549	0.00870	0.00793	0.00247	0.00893	0.00752	0.00703	0.01221
54	0.02421	0.01602	0.01841	0.01580	0.02052	0.01762	0.01255	0.03988	0.43802	0.21981	0.03081	0.02817	0.02213	0.01065	0.00901	0.00266	0.04422	0.00857	0.00833	0.01262
55	0.69965	0.05363	0.01386	0.04406	0.01751	0.01851	0.00951	0.02319	0.01375	0.03392	0.01119	0.01327	0.00877	0.00736	0.00506	0.00242	0.00648	0.00442	0.00476	0.00868
56	0.01064	0.00766	0.01008	0.01037	0.01172	0.00709	0.00744	0.01350	0.01973	0.02748	0.43434	0.30488	0.06646	0.01944	0.00964	0.00277	0.00406	0.01741	0.00822	0.00709
57	0.01657	0.11540	0.53659	0.06649	0.03440	0.01990	0.05508	0.02466	0.01670	0.02408	0.01394	0.01679	0.01019	0.00744	0.00737	0.00244	0.01136	0.00591	0.00340	0.01131
58	0.01097	0.00785	0.01017	0.01005	0.01149	0.00731	0.00722	0.01394	0.02013	0.02820	0.49525	0.17884	0.06656	0.08162	0.01230	0.00310	0.00426	0.01559	0.00812	0.00705
59	0.01542	0.00905	0.01187	0.01063	0.01327	0.00818	0.00816	0.01898	0.02232	0.14448	0.53381	0.05424	0.08779	0.01524	0.00911	0.00249	0.00428	0.01332	0.00887	0.00851
60	0.00976	0.00698	0.00929	0.01097	0.01152	0.00651	0.00737	0.01130	0.01566	0.02100	0.08447	0.67322	0.05391	0.02428	0.01007	0.00317	0.00454	0.02201	0.00745	0.00651
61	0.00940	0.00792	0.00815	0.00834	0.01079	0.00667	0.00616	0.01135	0.01778	0.02130	0.07654	0.14251	0.60488	0.02058	0.00945	0.00273	0.00408	0.01734	0.00736	0.00667
62	0.02962	0.03779	0.02247	0.02043	0.02451	0.68948	0.01532	0.03166	0.02247	0.01941	0.01226	0.01430	0.01021	0.00817	0.00715	0.00204	0.01430	0.00511	0.00409	0.00919
63	0.02015	0.01725	0.01817	0.01622	0.02078	0.01992	0.01266	0.06695	0.63202	0.03386	0.03173	0.02915	0.02377	0.01071	0.00806	0.00268	0.00638	0.00889	0.00806	0.01259
64	0.01644	0.01409	0.01644	0.01175	0.01879	0.01057	0.00940	0.01997	0.01644	0.02584	0.01409	0.01644	0.01175	0.00587	0.00587	0.00117	0.00587	0.00470	0.00470	0.76979

[dist]
# distance from previous block
# <min> <max>
0	13

[block]
# block no. 1 follows, 24 sequences, length 54
# corresponding to MSA columns:
# 135-188
name=unknown_B
#
# <colnr> <probs for GDERKNQSTAVLIFYWHMCP>
#	G	D	E	R	K	N	Q	S	T	A	V	L	I	F	Y	W	H	M	C	P
0	0.01693	0.01348	0.01597	0.01182	0.01828	0.01030	0.00935	0.02025	0.01668	0.06042	0.01740	0.07322	0.01544	0.00761	0.00633	0.00141	0.00582	0.00631	0.00519	0.66781
1	0.77733	0.01534	0.01166	0.01043	0.01534	0.01779	0.00859	0.02331	0.01350	0.03558	0.01104	0.01288	0.00859	0.00736	0.00491	0.00245	0.00613	0.00429	0.00491	0.00859
2	0.02332	0.55280	0.03675	0.01530	0.02140	0.19706	0.01401	0.02574	0.01771	0.01885	0.01133	0.01312	0.01019	0.00713	0.00561	0.00178	0.00995	0.00446	0.00357	0.00993
3	0.01294	0.00874	0.01084	0.01067	0.01284	0.00811	0.00795	0.01670	0.05328	0.07860	0.29433	0.21807	0.17894	0.01846	0.00942	0.00275	0.00450	0.03690	0.00813	0.00782
4	0.05982	0.01814	0.03001	0.11679	0.51119	0.01874	0.04682	0.02476	0.04938	0.02614	0.01552	0.02000	0.01269	0.00735	0.00777	0.00242	0.00937	0.00710	0.00414	0.01186
5	0.08511	0.01648	0.01902	0.05174	0.02248	0.07203	0.01260	0.08663	0.02289	0.48817	0.02629	0.02393	0.01705	0.00938	0.00768	0.00242	0.00773	0.00735	0.00848	0.01253
6	0.77733	0.01534	0.01166	0.01043	0.01534	0.01779	0.00859	0.02331	0.01350	0.03558	0.01104	0.01288	0.00859	0.00736	0.00491	0.00245	0.00613	0.00429	0.00491	0.00859
7	0.01990	0.55818	0.19809	0.01578	0.02378	0.02820	0.01742	0.02408	0.01627	0.02024	0.01181	0.01371	0.01014	0.00697	0.00569	0.00190	0.00927	0.00464	0.00338	0.01055
8	0.00966	0.00690	0.00920	0.01104	0.01150	0.00644	0.00736	0.01104	0.01518	0.02024	0.04371	0.71614	0.05245	0.02484	0.01012	0.00322	0.00460	0.02254	0.00736	0.00644
9	0.77733	0.01534	0.01166	0.01043	0.01534	0.01779	0.00859	0.02331	0.01350	0.03558	0.01104	0.01288	0.00859	0.00736	0.00491	0.00245	0.00613	0.00429	0.00491	0.00859
10	0.00966	0.00690	0.00920	0.01104	0.01150	0.00644	0.00736	0.01104	0.01518	0.02024	0.04371	0.71614	0.05245	0.02484	0.01012	0.00322	0.00460	0.02254	0.00736	0.00644
11	0.66749	0.01506	0.01265	0.01097	0.01606	0.01688	0.00904	0.02558	0.01486	0.13061	0.01404	0.01497	0.01022	0.00772	0.00536	0.00245	0.00623	0.00484	0.00563	0.00931
12	0.03558	0.01350	0.01840	0.01411	0.02024	0.01166	0.01166	0.03865	0.02270	0.67734	0.03128	0.02699	0.01963	0.00981	0.00797	0.00245	0.00675	0.00797	0.00981	0.01350
13	0.01116	0.00810	0.01051	0.00991	0.01181	0.00745	0.00743	0.01484	0.02229	0.03143	0.64662	0.05985	0.09609	0.01635	0.00935	0.00250	0.00375	0.01443	0.00868	0.00745
14	0.01644	0.01409	0.01644	0.01175	0.01879	0.01057	0.00940	0.01997	0.01644	0.02584	0.01409	0.01644	0.01175	0.00587	0.00587	0.00117	0.00587	0.00470	0.00470	0.76979
15	0.73394	0.01680	0.04975	0.01112	0.01642	0.01782	0.00977	0.02341	0.01368	0.03498	0.01122	0.01310	0.00867	0.00737	0.00506	0.00246	0.00645	0.00438	0.00482	0.00877
16	0.01522	0.01435	0.02423	0.66770	0.08725	0.01768	0.02214	0.02048	0.01597	0.02056	0.01414	0.02106	0.01068	0.00788	0.00792	0.00263	0.01051	0.00705	0.00354	0.00901
17	0.01608	0.03980	0.64108	0.02327	0.03476	0.01852	0.06723	0.02513	0.01686	0.02513	0.01434	0.01703	0.01017	0.00748	0.00765	0.00252	0.01182	0.00608	0.00339	0.01166
18	0.05835	0.02088	0.15697	0.02151	0.05165	0.01554	0.16989	0.02973	0.04204	0.26667	0.02350	0.06945	0.01748	0.00943	0.00823	0.00258	0.00927	0.00871	0.00643	0.01169
19	0.01829	0.35003	0.39214	0.01853	0.02802	0.02426	0.02220	0.02450	0.01646	0.02220	0.01278	0.01493	0.01010	0.00720	0.00643	0.00214	0.01026	0.00513	0.00337	0.01102
20	0.01153	0.00769	0.00865	0.00865	0.00865	0.00769	0.00480	0.01153	0.01153	0.01538	0.02499	0.05189	0.02883	0.72131	0.04036	0.00769	0.00769	0.01153	0.00480	0.00480
21	0.04304	0.01463	0.02421	0.61017	0.11652	0.01775	0.02177	0.02079	0.01600	0.02139	0.01407	0.02069	0.01070	0.00782	0.00781	0.00261	0.01029	0.00695	0.00361	0.00919
22	0.01888	0.02159	0.10492	0.13332	0.11400	0.01893	0.38210	0.02519	0.01822	0.05971	0.01626	0.02098	0.01208	0.00717	0.00871	0.00260	0.01197	0.00832	0.00417	0.01088
23	0.73475	0.01573	0.01235	0.01087	0.01586	0.01818	0.00896	0.05876	0.01485	0.03640	0.01150	0.01323	0.00887	0.00748	0.00508	0.00245	0.00628	0.00446	0.00508	0.00887
24	0.00966	0.00690	0.00920	0.01104	0.01150	0.00644	0.00736	0.01104	0.01518	0.02024	0.04371	0.71614	0.05245	0.02484	0.01012	0.00322	0.00460	0.02254	0.00736	0.00644
25	0.02232	0.49977	0.15335	0.01527	0.02286	0.02620	0.01613	0.02614	0.01718	0.11486	0.01453	0.01550	0.01152	0.00736	0.00595	0.00195	0.00881	0.00507	0.00431	0.01093
26	0.01324	0.01143	0.01911	0.04776	0.02088	0.01112	0.14837	0.05403	0.01774	0.02383	0.06774	0.45389	0.04043	0.01868	0.00968	0.00298	0.00701	0.01755	0.00656	0.00797
27	0.03243	0.01446	0.01850	0.01463	0.02047	0.01361	0.01194	0.06059	0.14151	0.53528	0.03104	0.02720	0.02027	0.00998	0.00799	0.00250	0.00673	0.00813	0.00942	0.01332
28	0.01050	0.00779	0.00982	0.01014	0.01174	0.00711	0.00741	0.01324	0.01937	0.02622	0.35345	0.25457	0.17404	0.01966	0.00965	0.00279	0.00419	0.04324	0.00802	0.00703
29	0.01899	0.07641	0.09585	0.07162	0.30980	0.05148	0.16621	0.02425	0.01804	0.02440	0.01631	0.02337	0.01384	0.00802	0.00812	0.00247	0.01065	0.04495	0.00404	0.01118
30	0.01124	0.00833	0.01217	0.01229	0.01352	0.00951	0.00931	0.01374	0.01279	0.01826	0.02295	0.07527	0.02262	0.11444	0.59183	0.01172	0.01904	0.00963	0.00449	0.00684
31	0.03558	0.01350	0.01840	0.01411	0.02024	0.01166	0.01166	0.03865	0.02270	0.67734	0.03128	0.02699	0.01963	0.00981	0.00797	0.00245	0.00675	0.00797	0.00981	0.01350
32	0.01833	0.01768	0.03059	0.22419	0.47679	0.01857	0.05183	0.02329	0.01749	0.02436	0.01475	0.02012	0.01200	0.00728	0.00794	0.00245	0.00991	0.00716	0.00382	0.01146
33	0.06723	0.01385	0.01784	0.01394	0.01980	0.01261	0.01145	0.06065	0.05303	0.56472	0.03203	0.02827	0.04690	0.01018	0.00790	0.00247	0.00666	0.00820	0.00933	0.01294
34	0.00966	0.00690	0.00920	0.01104	0.01150	0.00644	0.00736	0.01104	0.01518	0.02024	0.04371	0.71614	0.05245	0.02484	0.01012	0.00322	0.00460	0.02254	0.00736	0.00644
35	0.02277	0.42009	0.08082	0.01728	0.02344	0.18010	0.04396	0.04975	0.01833	0.02084	0.01204	0.01427	0.01040	0.00766	0.00723	0.00201	0.05007	0.00505	0.00376	0.01013
36	0.01478	0.00739	0.00739	0.00739	0.00924	0.00739	0.00554	0.01848	0.01663	0.02956	0.02587	0.02956	0.02033	0.00924	0.00554	0.00185	0.00370	0.00739	0.76534	0.00739
37	0.01944	0.05613	0.03050	0.17461	0.47433	0.01963	0.02273	0.06188	0.01870	0.02588	0.01480	0.01952	0.01209	0.00737	0.00772	0.00238	0.00956	0.00691	0.00406	0.01175
38	0.01553	0.01422	0.02328	0.64145	0.05158	0.01753	0.02130	0.04708	0.01689	0.02170	0.01558	0.02416	0.01229	0.00863	0.00807	0.00268	0.01034	0.03486	0.00389	0.00894
39	0.00937	0.00803	0.00803	0.00803	0.01071	0.00669	0.00602	0.01138	0.01807	0.02142	0.08033	0.07632	0.66863	0.02008	0.00937	0.00268	0.00402	0.01674	0.00736	0.00669
40	0.01735	0.01735	0.02429	0.02082	0.02082	0.02429	0.01735	0.01908	0.01214	0.01908	0.01041	0.01735	0.01041	0.01388	0.02602	0.00347	0.70680	0.00694	0.00347	0.00867
41	0.00980	0.00701	0.00933	0.01094	0.01153	0.00654	0.00737	0.01140	0.01585	0.02130	0.10074	0.65609	0.05449	0.02405	0.01005	0.00315	0.00452	0.02179	0.00749	0.00654
42	0.01278	0.00913	0.01278	0.01460	0.01643	0.00913	0.01278	0.01643	0.01825	0.02373	0.04199	0.08945	0.04564	0.02191	0.01095	0.00365	0.00730	0.61847	0.00730	0.00730
43	0.03558	0.01350	0.01840	0.01411	0.02024	0.01166	0.01166	0.03865	0.02270	0.67734	0.03128	0.02699	0.01963	0.00981	0.00797	0.00245	0.00675	0.00797	0.00981	0.01350
44	0.77733	0.01534	0.01166	0.01043	0.01534	0.01779	0.00859	0.02331	0.01350	0.03558	0.01104	0.01288	0.00859	0.00736	0.00491	0.00245	0.00613	0.00429	0.00491	0.00859
45	0.01498	0.01409	0.02378	0.70226	0.05462	0.01762	0.02202	0.02026	0.01586	0.02026	0.01409	0.02114	0.01057	0.00793	0.00793	0.00264	0.01057	0.00705	0.00352	0.00881
46	0.01077	0.00803	0.00986	0.00950	0.01140	0.00728	0.00700	0.01383	0.02060	0.02814	0.47780	0.08416	0.20578	0.05755	0.01115	0.00286	0.00406	0.01499	0.00815	0.00712
47	0.01644	0.01409	0.01644	0.01175	0.01879	0.01057	0.00940	0.01997	0.01644	0.02584	0.01409	0.01644	0.01175	0.00587	0.00587	0.00117	0.00587	0.00470	0.00470	0.76979
48	0.01982	0.01238	0.05187	0.01263	0.01673	0.01012	0.01056	0.02425	0.04829	0.23443	0.28875	0.09698	0.04474	0.01372	0.00866	0.00251	0.00558	0.03281	0.00833	0.05686
49	0.56680	0.21323	0.01998	0.01130	0.01673	0.02157	0.00997	0.02343	0.01422	0.03087	0.01104	0.01284	0.00903	0.00720	0.00496	0.00224	0.00679	0.00428	0.00449	0.00903
50	0.02850	0.01805	0.02194	0.01728	0.02302	0.01882	0.04729	0.35293	0.05667	0.21454	0.02535	0.05948	0.01938	0.01100	0.00832	0.00255	0.00805	0.04608	0.00817	0.01258
51	0.02126	0.30505	0.03457	0.01957	0.02442	0.07266	0.11888	0.04780	0.01697	0.04936	0.01294	0.01642	0.01108	0.00909	0.01204	0.00244	0.20523	0.00618	0.00401	0.01004
52	0.05264	0.01384	0.02255	0.63776	0.05079	0.01714	0.02072	0.02001	0.01571	0.02102	0.01523	0.05100	0.01230	0.00864	0.00787	0.00266	0.01009	0.00759	0.00376	0.00869
53	0.06550	0.01547	0.01977	0.01647	0.04349	0.01548	0.03423	0.11346	0.10378	0.33732	0.04666	0.02537	0.01942	0.00978	0.00857	0.00245	0.03885	0.00783	0.03131	0.04478

[dist]
# distance from previous block
# <min> <max>
0	1

[block]
# block no. 2 follows, 24 sequences, length 66
# corresponding to MSA columns:
# 190-255
name=unknown_C
#
# <colnr> <probs for GDERKNQSTAVLIFYWHMCP>
#	G	D	E	R	K	N	Q	S	T	A	V	L	I	F	Y	W	H	M	C	P
0	0.02494	0.01658	0.08659	0.01490	0.02033	0.01413	0.01303	0.06447	0.17595	0.30014	0.06853	0.07994	0.02528	0.01128	0.00808	0.00254	0.00676	0.00940	0.04527	0.01189
1	0.01363	0.00893	0.01131	0.01037	0.01283	0.00823	0.00790	0.01779	0.04507	0.09198	0.51668	0.05705	0.13591	0.01585	0.00918	0.00252	0.00415	0.01382	0.00865	0.00815
2	0.06725	0.01384	0.01749	0.01371	0.01935	0.01274	0.01124	0.09882	0.02341	0.50077	0.05848	0.03082	0.07400	0.01077	0.00799	0.00247	0.00658	0.00869	0.00914	0.01246
3	0.04956	0.01491	0.02558	0.13952	0.20436	0.01529	0.12819	0.02093	0.01815	0.02549	0.09520	0.04043	0.02664	0.01160	0.00888	0.00278	0.00903	0.14858	0.00524	0.00965
4	0.01680	0.10060	0.60362	0.02175	0.03279	0.04094	0.02748	0.02520	0.01687	0.02437	0.01389	0.01631	0.01006	0.00749	0.00731	0.00243	0.01152	0.00569	0.00338	0.01150
5	0.01278	0.00913	0.01278	0.01460	0.01643	0.00913	0.01278	0.01643	0.01825	0.02373	0.04199	0.08945	0.04564	0.02191	0.01095	0.00365	0.00730	0.61847	0.00730	0.00730
6	0.01590	0.04102	0.68023	0.02260	0.03432	0.01842	0.02930	0.02511	0.01674	0.02511	0.01423	0.01674	0.01005	0.00753	0.00753	0.00251	0.01172	0.00586	0.00335	0.01172
7	0.02963	0.16637	0.07810	0.01531	0.02188	0.04744	0.01391	0.06927	0.05193	0.39014	0.02415	0.02227	0.01631	0.00895	0.00730	0.00229	0.00794	0.00689	0.00750	0.01242
8	0.01533	0.01225	0.01388	0.01259	0.01576	0.01298	0.00969	0.06121	0.26033	0.03245	0.34081	0.04734	0.10480	0.01413	0.00879	0.00258	0.00500	0.01213	0.00832	0.00965
9	0.01153	0.00769	0.00865	0.00865	0.00865	0.00769	0.00480	0.01153	0.01153	0.01538	0.02499	0.05189	0.02883	0.72131	0.04036	0.00769	0.00769	0.01153	0.00480	0.00480
10	0.01060	0.00804	0.00977	0.00943	0.01149	0.00720	0.00704	0.01373	0.02085	0.02822	0.46627	0.08880	0.25420	0.01771	0.00939	0.00258	0.00386	0.01537	0.00826	0.00720
11	0.01939	0.05453	0.04146	0.08859	0.12418	0.01988	0.45137	0.02534	0.01844	0.05344	0.01616	0.02096	0.01223	0.00698	0.00877	0.00257	0.01208	0.00855	0.00418	0.01089
12	0.02962	0.03779	0.02247	0.02043	0.02451	0.68948	0.01532	0.03166	0.02247	0.01941	0.01226	0.01430	0.01021	0.00817	0.00715	0.00204	0.01430	0.00511	0.00409	0.00919
13	0.00966	0.00690	0.00920	0.01104	0.01150	0.00644	0.00736	0.01104	0.01518	0.02024	0.04371	0.71614	0.05245	0.02484	0.01012	0.00322	0.00460	0.02254	0.00736	0.00644
14	0.02133	0.02223	0.06456	0.17830	0.28997	0.11617	0.02102	0.11238	0.04827	0.02739	0.01564	0.01936	0.01228	0.00794	0.00777	0.00240	0.01027	0.00680	0.00457	0.01135
15	0.01271	0.01038	0.01481	0.01402	0.01494	0.01286	0.01092	0.01492	0.01245	0.01816	0.01929	0.03076	0.01889	0.13594	0.45541	0.01000	0.17371	0.00854	0.00415	0.00714
16	0.03558	0.01350	0.01840	0.01411	0.02024	0.01166	0.01166	0.03865	0.02270	0.67734	0.03128	0.02699	0.01963	0.00981	0.00797	0.00245	0.00675	0.00797	0.00981	0.01350
17	0.03558	0.01350	0.01840	0.01411	0.02024	0.01166	0.01166	0.03865	0.02270	0.67734	0.03128	0.02699	0.01963	0.00981	0.00797	0.00245	0.00675	0.00797	0.00981	0.01350
18	0.05814	0.63311	0.03932	0.01630	0.07365	0.02968	0.01421	0.02377	0.01614	0.02008	0.01135	0.01330	0.01029	0.00684	0.00531	0.00179	0.00844	0.00447	0.00351	0.01029
19	0.01087	0.00807	0.01018	0.01010	0.01198	0.00738	0.00764	0.01407	0.02064	0.02818	0.45161	0.12468	0.17938	0.01818	0.00956	0.00269	0.00416	0.06518	0.00824	0.00723
20	0.00966	0.00690	0.00920	0.01104	0.01150	0.00644	0.00736	0.01104	0.01518	0.02024	0.04371	0.71614	0.05245	0.02484	0.01012	0.00322	0.00460	0.02254	0.00736	0.00644
21	0.02968	0.02071	0.02391	0.01835	0.02464	0.02236	0.04645	0.49843	0.07021	0.13106	0.02128	0.02082	0.01485	0.00949	0.00802	0.00242	0.00856	0.00747	0.00799	0.01329
22	0.01932	0.02199	0.11070	0.06926	0.54937	0.04079	0.02456	0.02452	0.01796	0.02538	0.01471	0.01916	0.01210	0.00719	0.00779	0.00237	0.00991	0.00685	0.00384	0.01221
23	0.01612	0.03974	0.64285	0.02411	0.07109	0.01844	0.02901	0.02507	0.01682	0.02516	0.01427	0.01691	0.01019	0.00751	0.00755	0.00250	0.01159	0.00593	0.00338	0.01177
24	0.73855	0.01664	0.04570	0.01105	0.01630	0.01782	0.00964	0.02340	0.01366	0.03505	0.01120	0.01308	0.00866	0.00737	0.00504	0.00246	0.00642	0.00437	0.00483	0.00875
25	0.01000	0.00815	0.00896	0.00941	0.01178	0.00711	0.00732	0.01225	0.01790	0.02175	0.07095	0.12376	0.51471	0.02074	0.00971	0.00289	0.00464	0.12385	0.00735	0.00678
26	0.01667	0.01376	0.01502	0.01432	0.01764	0.01539	0.01092	0.03216	0.43967	0.02939	0.03652	0.18226	0.05248	0.01458	0.00858	0.00281	0.00578	0.04115	0.04034	0.01057
27	0.77733	0.01534	0.01166	0.01043	0.01534	0.01779	0.00859	0.02331	0.01350	0.03558	0.01104	0.01288	0.00859	0.00736	0.00491	0.00245	0.00613	0.00429	0.00491	0.00859
28	0.00980	0.00700	0.00935	0.01119	0.01171	0.00656	0.00759	0.01127	0.01531	0.02039	0.04363	0.68926	0.05216	0.02472	0.01016	0.00324	0.00472	0.04810	0.00736	0.00648
29	0.00945	0.00804	0.00815	0.00812	0.01076	0.00673	0.00609	0.01154	0.01827	0.02188	0.10621	0.07556	0.64247	0.01991	0.00937	0.00267	0.00400	0.01663	0.00742	0.00673
30	0.01590	0.04102	0.68023	0.02260	0.03432	0.01842	0.02930	0.02511	0.01674	0.02511	0.01423	0.01674	0.01005	0.00753	0.00753	0.00251	0.01172	0.00586	0.00335	0.01172
31	0.01644	0.01409	0.01644	0.01175	0.01879	0.01057	0.00940	0.01997	0.01644	0.02584	0.01409	0.01644	0.01175	0.00587	0.00587	0.00117	0.00587	0.00470	0.00470	0.76979
32	0.00937	0.00803	0.00803	0.00803	0.01071	0.00669	0.00602	0.01138	0.01807	0.02142	0.08033	0.07632	0.66863	0.02008	0.00937	0.00268	0.00402	0.01674	0.00736	0.00669
33	0.02962	0.03779	0.02247	0.02043	0.02451	0.68948	0.01532	0.03166	0.02247	0.01941	0.01226	0.01430	0.01021	0.00817	0.00715	0.00204	0.01430	0.00511	0.00409	0.00919
34	0.02058	0.01746	0.01841	0.01631	0.02095	0.02012	0.01276	0.09161	0.60665	0.03455	0.03119	0.02872	0.02333	0.01066	0.00806	0.00266	0.00648	0.00882	0.00806	0.01263
35	0.01498	0.01409	0.02378	0.70226	0.05462	0.01762	0.02202	0.02026	0.01586	0.02026	0.01409	0.02114	0.01057	0.00793	0.00793	0.00264	0.01057	0.00705	0.00352	0.00881
36	0.00964	0.00795	0.00846	0.00853	0.01092	0.00678	0.00632	0.01182	0.01841	0.02268	0.15379	0.12668	0.54068	0.01997	0.00943	0.00270	0.00403	0.01690	0.00754	0.00678
37	0.02033	0.01733	0.01827	0.01626	0.02085	0.02000	0.01270	0.07697	0.62171	0.03414	0.03151	0.02898	0.02359	0.01069	0.00806	0.00267	0.00642	0.00886	0.00806	0.01261
38	0.02120	0.72609	0.04155	0.01357	0.02035	0.03138	0.01357	0.02374	0.01611	0.01866	0.01102	0.01272	0.01018	0.00678	0.00509	0.00170	0.00848	0.00424	0.00339	0.01018
39	0.01805	0.01418	0.01692	0.01230	0.01899	0.01121	0.00990	0.02147	0.01679	0.07911	0.01536	0.01735	0.01234	0.00652	0.00685	0.00137	0.03395	0.00506	0.00507	0.67723
40	0.01721	0.01597	0.02592	0.51292	0.04773	0.05139	0.10307	0.02224	0.01694	0.05880	0.01637	0.04734	0.01285	0.00852	0.00816	0.00263	0.01069	0.00789	0.00412	0.00926
41	0.01133	0.00850	0.01274	0.01274	0.01416	0.00991	0.00991	0.01416	0.01274	0.01841	0.02124	0.03115	0.01982	0.05947	0.68989	0.01274	0.02124	0.00850	0.00425	0.00708
42	0.01152	0.00772	0.00883	0.00883	0.00889	0.00779	0.00503	0.01165	0.01159	0.01551	0.02482	0.05098	0.02843	0.69204	0.06909	0.00791	0.00829	0.01140	0.00478	0.00491
43	0.00966	0.00690	0.00920	0.01104	0.01150	0.00644	0.00736	0.01104	0.01518	0.02024	0.04371	0.71614	0.05245	0.02484	0.01012	0.00322	0.00460	0.02254	0.00736	0.00644
44	0.02305	0.57694	0.03756	0.01486	0.02125	0.11812	0.01392	0.07589	0.01870	0.02133	0.01185	0.01345	0.01045	0.00719	0.00560	0.00180	0.00927	0.00459	0.00386	0.01032
45	0.02964	0.02196	0.02351	0.01814	0.02440	0.02435	0.01495	0.61594	0.06758	0.04916	0.01969	0.01955	0.01401	0.00958	0.00794	0.00239	0.00861	0.00723	0.00794	0.01344
46	0.01644	0.01409	0.01644	0.01175	0.01879	0.01057	0.00940	0.01997	0.01644	0.02584	0.01409	0.01644	0.01175	0.00587	0.00587	0.00117	0.00587	0.00470	0.00470	0.76979
47	0.01735	0.01735	0.02429	0.02082	0.02082	0.02429	0.01735	0.01908	0.01214	0.01908	0.01041	0.01735	0.01041	0.01388	0.02602	0.00347	0.70680	0.00694	0.00347	0.00867
48	0.01880	0.07894	0.04431	0.03064	0.03783	0.02137	0.53433	0.02469	0.01790	0.02427	0.01512	0.02031	0.01173	0.00735	0.01053	0.00267	0.07612	0.00872	0.00391	0.01047
49	0.03558	0.01350	0.01840	0.01411	0.02024	0.01166	0.01166	0.03865	0.02270	0.67734	0.03128	0.02699	0.01963	0.00981	0.00797	0.00245	0.00675	0.00797	0.00981	0.01350
50	0.03400	0.01347	0.01813	0.01401	0.01990	0.01184	0.01153	0.05721	0.02316	0.61950	0.06758	0.02859	0.02261	0.01017	0.00805	0.00245	0.00664	0.00831	0.00969	0.01315
51	0.05244	0.07205	0.09555	0.01489	0.02134	0.01461	0.01360	0.03459	0.07338	0.44708	0.05842	0.02607	0.02054	0.00963	0.00768	0.00242	0.00725	0.00772	0.00823	0.01251
52	0.00946	0.00804	0.00816	0.00813	0.01077	0.00673	0.00609	0.01155	0.01828	0.02192	0.10834	0.07550	0.64032	0.01990	0.00937	0.00267	0.00400	0.01662	0.00743	0.00673
53	0.00966	0.00690	0.00920	0.01104	0.01150	0.00644	0.00736	0.01104	0.01518	0.02024	0.04371	0.71614	0.05245	0.02484	0.01012	0.00322	0.00460	0.02254	0.00736	0.00644
54	0.10352	0.03015	0.35694	0.02567	0.07031	0.01912	0.19839	0.02465	0.01678	0.02613	0.01423	0.01780	0.01060	0.00756	0.00867	0.00259	0.04537	0.00679	0.00375	0.01098
55	0.01947	0.01844	0.03102	0.11743	0.58518	0.01890	0.02379	0.04387	0.01844	0.02608	0.01496	0.01977	0.01238	0.00724	0.00786	0.00239	0.00952	0.00707	0.00401	0.01219
56	0.01122	0.00811	0.01060	0.00998	0.01185	0.00748	0.00748	0.01496	0.02245	0.03180	0.66766	0.05923	0.07482	0.01621	0.00935	0.00249	0.00374	0.01434	0.00873	0.00748
57	0.54778	0.13938	0.01777	0.01146	0.01686	0.01936	0.00986	0.02540	0.01516	0.11683	0.01369	0.01470	0.01031	0.00758	0.00534	0.00232	0.00662	0.00477	0.00529	0.00951
58	0.01844	0.01858	0.02673	0.23282	0.25706	0.07509	0.02100	0.02229	0.01615	0.02183	0.01322	0.01902	0.01119	0.00928	0.01279	0.00272	0.20114	0.00686	0.00369	0.01011
59	0.01917	0.07399	0.01976	0.01300	0.01991	0.01467	0.01071	0.12693	0.01997	0.02937	0.01469	0.01658	0.01191	0.00657	0.00616	0.00142	0.00657	0.00508	0.00514	0.57839
60	0.02967	0.03644	0.02259	0.02024	0.02452	0.63184	0.01530	0.08487	0.02376	0.02206	0.01285	0.01471	0.01050	0.00829	0.00722	0.00207	0.01382	0.00528	0.00442	0.00957
61	0.00984	0.00807	0.00876	0.00917	0.01153	0.00699	0.00703	0.01200	0.01782	0.02161	0.07190	0.13866	0.52962	0.02077	0.00965	0.00286	0.00450	0.09514	0.00736	0.00675
62	0.01910	0.01873	0.03319	0.10500	0.54116	0.01888	0.09849	0.02410	0.01794	0.02534	0.01498	0.01997	0.01232	0.00710	0.00804	0.00242	0.01000	0.00734	0.00390	0.01200
63	0.00999	0.00714	0.00958	0.01142	0.01203	0.00673	0.00794	0.01162	0.01551	0.02062	0.04352	0.64923	0.05172	0.02453	0.01021	0.00327	0.00489	0.08617	0.00735	0.00653
64	0.01872	0.02139	0.04679	0.03342	0.04144	0.02005	0.64305	0.02540	0.01872	0.02540	0.01604	0.02139	0.01203	0.00668	0.00936	0.00267	0.01337	0.00936	0.00401	0.01070
65	0.01260	0.00900	0.01257	0.01440	0.01614	0.00897	0.01247	0.01612	0.01808	0.02353	0.04209	0.12563	0.04603	0.02208	0.01090	0.00363	0.00715	0.58407	0.00731	0.00725

[dist]
# distance from previous block
# <min> <max>
0	3

[block]
# block no. 3 follows, 24 sequences, length 84
# corresponding to MSA columns:
# 259-342
name=unknown_D
#
# <colnr> <probs for GDERKNQSTAVLIFYWHMCP>
#	G	D	E	R	K	N	Q	S	T	A	V	L	I	F	Y	W	H	M	C	P
0	0.02120	0.72609	0.04155	0.01357	0.02035	0.03138	0.01357	0.02374	0.01611	0.01866	0.01102	0.01272	0.01018	0.00678	0.00509	0.00170	0.00848	0.00424	0.00339	0.01018
1	0.01023	0.00795	0.00930	0.00920	0.01130	0.00702	0.00681	0.01295	0.01975	0.02596	0.34007	0.13139	0.34198	0.01881	0.00944	0.00265	0.00395	0.01623	0.00798	0.00702
2	0.01149	0.00785	0.00945	0.00945	0.00972	0.00812	0.00580	0.01204	0.01177	0.01597	0.02425	0.04785	0.02707	0.59219	0.16708	0.00867	0.01033	0.01094	0.00470	0.00525
3	0.01735	0.01735	0.02429	0.02082	0.02082	0.02429	0.01735	0.01908	0.01214	0.01908	0.01041	0.01735	0.01041	0.01388	0.02602	0.00347	0.70680	0.00694	0.00347	0.00867
4	0.01383	0.00692	0.01016	0.01016	0.01027	0.00692	0.00681	0.01079	0.01069	0.01467	0.01446	0.02441	0.01415	0.02651	0.02955	0.72576	0.00671	0.00692	0.04665	0.00367
5	0.01872	0.02139	0.04679	0.03342	0.04144	0.02005	0.64305	0.02540	0.01872	0.02540	0.01604	0.02139	0.01203	0.00668	0.00936	0.00267	0.01337	0.00936	0.00401	0.01070
6	0.00937	0.00803	0.00803	0.00803	0.01071	0.00669	0.00602	0.01138	0.01807	0.02142	0.08033	0.07632	0.66863	0.02008	0.00937	0.00268	0.00402	0.01674	0.00736	0.00669
7	0.01278	0.00913	0.01278	0.01460	0.01643	0.00913	0.01278	0.01643	0.01825	0.02373	0.04199	0.08945	0.04564	0.02191	0.01095	0.00365	0.00730	0.61847	0.00730	0.00730
8	0.02120	0.72609	0.04155	0.01357	0.02035	0.03138	0.01357	0.02374	0.01611	0.01866	0.01102	0.01272	0.01018	0.00678	0.00509	0.00170	0.00848	0.00424	0.00339	0.01018
9	0.74936	0.01559	0.01211	0.01072	0.01568	0.01804	0.00883	0.04659	0.01439	0.03612	0.01134	0.01311	0.00877	0.00744	0.00502	0.00245	0.00623	0.00440	0.00502	0.00877
10	0.02962	0.03779	0.02247	0.02043	0.02451	0.68948	0.01532	0.03166	0.02247	0.01941	0.01226	0.01430	0.01021	0.00817	0.00715	0.00204	0.01430	0.00511	0.00409	0.00919
11	0.00966	0.00690	0.00920	0.01104	0.01150	0.00644	0.00736	0.01104	0.01518	0.02024	0.04371	0.71614	0.05245	0.02484	0.01012	0.00322	0.00460	0.02254	0.00736	0.00644
12	0.02031	0.01733	0.01826	0.01626	0.02085	0.02000	0.01269	0.07635	0.62235	0.03412	0.03152	0.02899	0.02360	0.01069	0.00806	0.00267	0.00641	0.00886	0.00806	0.01260
13	0.01858	0.02250	0.08541	0.03341	0.06828	0.01990	0.57825	0.02534	0.01857	0.02541	0.01588	0.02103	0.01193	0.00675	0.00918	0.00265	0.01310	0.00904	0.00397	0.01084
14	0.02962	0.03779	0.02247	0.02043	0.02451	0.68948	0.01532	0.03166	0.02247	0.01941	0.01226	0.01430	0.01021	0.00817	0.00715	0.00204	0.01430	0.00511	0.00409	0.00919
15	0.00996	0.00807	0.00895	0.00947	0.01173	0.00706	0.00728	0.01215	0.01774	0.02165	0.06954	0.15861	0.49069	0.02097	0.00972	0.00290	0.00462	0.11476	0.00735	0.00676
16	0.01719	0.01922	0.06255	0.11170	0.08152	0.01918	0.32763	0.02230	0.01680	0.02312	0.01865	0.02448	0.05005	0.03202	0.01295	0.00294	0.13498	0.00883	0.00404	0.00986
17	0.01897	0.01803	0.02996	0.13989	0.53675	0.01873	0.02316	0.02503	0.06365	0.02562	0.01604	0.02056	0.01311	0.00745	0.00788	0.00242	0.00936	0.00720	0.00417	0.01202
18	0.01158	0.00842	0.01236	0.01236	0.01381	0.00973	0.00960	0.01447	0.01302	0.01921	0.02157	0.03104	0.01986	0.05587	0.64076	0.01196	0.01998	0.00842	0.05889	0.00710
19	0.01097	0.00750	0.00877	0.00925	0.00946	0.00733	0.00551	0.01140	0.01271	0.01685	0.03178	0.22530	0.05733	0.51588	0.03142	0.00635	0.00676	0.01457	0.00556	0.00530
20	0.01644	0.01409	0.01644	0.01175	0.01879	0.01057	0.00940	0.01997	0.01644	0.02584	0.01409	0.01644	0.01175	0.00587	0.00587	0.00117	0.00587	0.00470	0.00470	0.76979
21	0.01000	0.00764	0.00939	0.01048	0.01193	0.00703	0.00764	0.01194	0.01640	0.02094	0.05509	0.38195	0.26635	0.02485	0.04928	0.00363	0.00566	0.08597	0.00718	0.00666
22	0.01010	0.00843	0.00885	0.00879	0.01136	0.00741	0.00657	0.01327	0.04991	0.02306	0.13958	0.10260	0.54352	0.01943	0.00934	0.00268	0.00413	0.01637	0.00755	0.00706
23	0.73526	0.01523	0.01204	0.01064	0.01561	0.01744	0.00876	0.02418	0.01402	0.07197	0.01219	0.01368	0.00921	0.00750	0.00508	0.00245	0.00617	0.00450	0.00519	0.00887
24	0.01735	0.01735	0.02429	0.02082	0.02082	0.02429	0.01735	0.01908	0.01214	0.01908	0.01041	0.01735	0.01041	0.01388	0.02602	0.00347	0.70680	0.00694	0.00347	0.00867
25	0.01058	0.00808	0.00971	0.00930	0.01145	0.00721	0.00698	0.01372	0.02093	0.02819	0.46357	0.06517	0.28116	0.01756	0.00936	0.00256	0.00384	0.01517	0.00825	0.00721
26	0.01872	0.02139	0.04679	0.03342	0.04144	0.02005	0.64305	0.02540	0.01872	0.02540	0.01604	0.02139	0.01203	0.00668	0.00936	0.00267	0.01337	0.00936	0.00401	0.01070
27	0.00992	0.00805	0.00880	0.00861	0.01105	0.00693	0.00646	0.01245	0.01938	0.02451	0.25531	0.07123	0.49173	0.01893	0.00937	0.00262	0.00393	0.01602	0.00777	0.00693
28	0.03558	0.01350	0.01840	0.01411	0.02024	0.01166	0.01166	0.03865	0.02270	0.67734	0.03128	0.02699	0.01963	0.00981	0.00797	0.00245	0.00675	0.00797	0.00981	0.01350
29	0.01872	0.02139	0.04679	0.03342	0.04144	0.02005	0.64305	0.02540	0.01872	0.02540	0.01604	0.02139	0.01203	0.00668	0.00936	0.00267	0.01337	0.00936	0.00401	0.01070
30	0.01122	0.00811	0.01060	0.00998	0.01185	0.00748	0.00748	0.01496	0.02245	0.03180	0.66766	0.05923	0.07482	0.01621	0.00935	0.00249	0.00374	0.01434	0.00873	0.00748
31	0.01644	0.01409	0.01644	0.01175	0.01879	0.01057	0.00940	0.01997	0.01644	0.02584	0.01409	0.01644	0.01175	0.00587	0.00587	0.00117	0.00587	0.00470	0.00470	0.76979
32	0.45678	0.20079	0.05931	0.01288	0.01874	0.04648	0.01179	0.06941	0.01643	0.03109	0.01185	0.01357	0.00950	0.00741	0.00541	0.00224	0.00755	0.00461	0.00462	0.00956
33	0.01498	0.01409	0.02378	0.70226	0.05462	0.01762	0.02202	0.02026	0.01586	0.02026	0.01409	0.02114	0.01057	0.00793	0.00793	0.00264	0.01057	0.00705	0.00352	0.00881
34	0.02768	0.03455	0.02276	0.02049	0.02393	0.58410	0.01564	0.02967	0.02084	0.01936	0.01196	0.01478	0.01025	0.00908	0.01014	0.00227	0.12401	0.00540	0.00399	0.00911
35	0.01590	0.04102	0.68023	0.02260	0.03432	0.01842	0.02930	0.02511	0.01674	0.02511	0.01423	0.01674	0.01005	0.00753	0.00753	0.00251	0.01172	0.00586	0.00335	0.01172
36	0.01644	0.01409	0.01644	0.01175	0.01879	0.01057	0.00940	0.01997	0.01644	0.02584	0.01409	0.01644	0.01175	0.00587	0.00587	0.00117	0.00587	0.00470	0.00470	0.76979
37	0.02120	0.72609	0.04155	0.01357	0.02035	0.03138	0.01357	0.02374	0.01611	0.01866	0.01102	0.01272	0.01018	0.00678	0.00509	0.00170	0.00848	0.00424	0.00339	0.01018
38	0.02910	0.02169	0.02321	0.01803	0.02419	0.02410	0.01482	0.58470	0.09970	0.04829	0.02037	0.02010	0.01456	0.00964	0.00795	0.00241	0.00848	0.00732	0.00795	0.01339
39	0.06398	0.13383	0.02179	0.01363	0.01999	0.04481	0.01150	0.05535	0.02003	0.30224	0.02085	0.02014	0.01468	0.00802	0.00673	0.00196	0.00717	0.00611	0.00677	0.22041
40	0.77733	0.01534	0.01166	0.01043	0.01534	0.01779	0.00859	0.02331	0.01350	0.03558	0.01104	0.01288	0.00859	0.00736	0.00491	0.00245	0.00613	0.00429	0.00491	0.00859
41	0.01590	0.04102	0.68023	0.02260	0.03432	0.01842	0.02930	0.02511	0.01674	0.02511	0.01423	0.01674	0.01005	0.00753	0.00753	0.00251	0.01172	0.00586	0.00335	0.01172
42	0.00979	0.00721	0.00918	0.01046	0.01142	0.00660	0.00717	0.01154	0.01645	0.02173	0.12005	0.54269	0.15037	0.02313	0.00992	0.00305	0.00441	0.02072	0.00752	0.00660
43	0.02872	0.06075	0.02271	0.01934	0.02370	0.55328	0.01480	0.10616	0.02380	0.02357	0.01363	0.01548	0.01105	0.00833	0.00710	0.00206	0.01294	0.00542	0.03747	0.00968
44	0.01139	0.00826	0.01153	0.01153	0.01252	0.00925	0.00840	0.01338	0.01238	0.01751	0.02235	0.03731	0.02250	0.25608	0.49695	0.01124	0.01721	0.00940	0.00441	0.00640
45	0.02271	0.05164	0.02166	0.07145	0.02431	0.01928	0.01356	0.30424	0.05720	0.03589	0.01803	0.04391	0.01441	0.00895	0.00793	0.00210	0.03294	0.00691	0.00622	0.23668
46	0.01134	0.00845	0.01251	0.01251	0.01385	0.00979	0.00962	0.01401	0.01268	0.01824	0.02145	0.03233	0.02034	0.09701	0.65305	0.01246	0.02047	0.00867	0.00428	0.00695
47	0.00970	0.00708	0.00914	0.01066	0.01143	0.00652	0.00722	0.01127	0.01584	0.02092	0.07739	0.61483	0.12099	0.02391	0.01000	0.00313	0.00450	0.02152	0.00743	0.00652
48	0.01144	0.00755	0.00881	0.00902	0.00908	0.00750	0.00522	0.01141	0.01189	0.01585	0.02651	0.12721	0.03069	0.60052	0.03632	0.05123	0.00728	0.01254	0.00502	0.00492
49	0.08007	0.12053	0.02589	0.07028	0.10264	0.23783	0.01609	0.20077	0.02413	0.02989	0.01436	0.01644	0.01132	0.00816	0.00707	0.00220	0.01052	0.00588	0.00507	0.01086
50	0.01505	0.01155	0.01338	0.01313	0.01577	0.01228	0.00984	0.02543	0.27608	0.05218	0.12084	0.27300	0.06613	0.01714	0.00912	0.00288	0.00535	0.04356	0.00791	0.00936
51	0.00966	0.00690	0.00920	0.01104	0.01150	0.00644	0.00736	0.01104	0.01518	0.02024	0.04371	0.71614	0.05245	0.02484	0.01012	0.00322	0.00460	0.02254	0.00736	0.00644
52	0.01606	0.04007	0.65251	0.02372	0.06159	0.01843	0.02909	0.02508	0.01680	0.02515	0.01426	0.01687	0.01015	0.00751	0.00755	0.00250	0.01162	0.00591	0.00337	0.01176
53	0.01896	0.02668	0.22310	0.09310	0.18705	0.08597	0.04877	0.02804	0.13511	0.02555	0.01744	0.02020	0.01342	0.00830	0.00843	0.00251	0.03455	0.00695	0.00448	0.01139
