[name]
unknown

[dist]
# distance from previous block
# <min> <max>
0	20

[block]
# block no. 0 follows, 19 sequences, length 28
# corresponding to MSA columns:
# 20-47
name=unknown_A
#
# <colnr> <probs for GDERKNQSTAVLIFYWHMCP>
#	G	D	E	R	K	N	Q	S	T	A	V	L	I	F	Y	W	H	M	C	P
0	0.01737	0.03742	0.47597	0.05340	0.06041	0.01881	0.02864	0.02600	0.01877	0.02731	0.02050	0.03129	0.01747	0.04945	0.01113	0.00332	0.01220	0.07402	0.00444	0.01207
1	0.01975	0.03086	0.28486	0.04027	0.34911	0.02025	0.02867	0.02696	0.01957	0.02849	0.01838	0.05869	0.01559	0.00935	0.00886	0.00279	0.01139	0.00841	0.00438	0.01338
2	0.02725	0.34438	0.10626	0.01805	0.02590	0.04870	0.01746	0.14535	0.06166	0.09832	0.01877	0.01935	0.01440	0.00908	0.00735	0.00235	0.00988	0.00649	0.00601	0.01298
3	0.03240	0.02269	0.02478	0.01954	0.02625	0.02487	0.01597	0.42147	0.15465	0.12313	0.02616	0.02496	0.01848	0.01106	0.00899	0.00277	0.00902	0.00858	0.00924	0.01500
4	0.01827	0.01495	0.01724	0.01295	0.01926	0.01213	0.00991	0.05173	0.01871	0.02825	0.01867	0.02673	0.01722	0.14298	0.01455	0.00287	0.00721	0.00699	0.00552	0.55388
5	0.02892	0.01838	0.02122	0.01689	0.02251	0.01911	0.01370	0.31591	0.03381	0.16652	0.20281	0.03669	0.03708	0.01304	0.00943	0.00274	0.00773	0.01065	0.00964	0.01321
6	0.02194	0.02183	0.03962	0.05146	0.51288	0.02153	0.14171	0.02770	0.02052	0.02911	0.01708	0.02254	0.01405	0.00789	0.00920	0.00273	0.01152	0.00849	0.00445	0.01375
7	0.01907	0.01649	0.02002	0.01596	0.02127	0.01610	0.01275	0.05806	0.05486	0.02909	0.02039	0.09382	0.01906	0.01142	0.01201	0.00229	0.13954	0.00852	0.00581	0.42348
8	0.03401	0.02506	0.02685	0.02058	0.02774	0.02774	0.01700	0.59995	0.04206	0.05638	0.02148	0.02148	0.01521	0.01074	0.00895	0.00268	0.00984	0.00805	0.00895	0.01521
9	0.01266	0.00914	0.01196	0.01126	0.01337	0.00844	0.00844	0.01688	0.02532	0.03588	0.62506	0.06683	0.08441	0.01829	0.01055	0.00281	0.00422	0.01618	0.00985	0.00844
10	0.03891	0.01720	0.02198	0.01685	0.02382	0.01608	0.01392	0.15515	0.02891	0.51977	0.03253	0.02865	0.02076	0.01101	0.00899	0.00275	0.00806	0.00881	0.01065	0.01522
11	0.01917	0.03856	0.44697	0.03288	0.15820	0.02110	0.10061	0.02820	0.01946	0.02855	0.01646	0.02018	0.01217	0.00828	0.00882	0.00282	0.01293	0.00736	0.00400	0.01327
12	0.01090	0.00779	0.01038	0.01246	0.01298	0.00727	0.00830	0.01246	0.01713	0.02284	0.04931	0.67975	0.05917	0.02803	0.01142	0.00363	0.00519	0.02543	0.00830	0.00727
13	0.03901	0.01548	0.02073	0.01606	0.02287	0.01372	0.01321	0.04385	0.06269	0.59823	0.03537	0.03064	0.02247	0.01114	0.00900	0.00279	0.00758	0.00907	0.01095	0.01516
14	0.60225	0.02311	0.13868	0.01452	0.02160	0.02021	0.01437	0.02671	0.01596	0.03777	0.01318	0.01541	0.01002	0.00834	0.00613	0.00278	0.00818	0.00520	0.00518	0.01040
15	0.01995	0.01902	0.03235	0.30954	0.39229	0.02068	0.02637	0.02553	0.01933	0.02657	0.01644	0.02286	0.01323	0.00838	0.00889	0.00279	0.01117	0.00796	0.00424	0.01240
16	0.01232	0.00838	0.00996	0.01064	0.01081	0.00821	0.00637	0.01283	0.01436	0.01915	0.03513	0.26260	0.04128	0.46959	0.03433	0.00702	0.00753	0.01709	0.00637	0.00603
17	0.02281	0.02251	0.03567	0.05304	0.59436	0.05822	0.02686	0.02794	0.02066	0.02880	0.01665	0.02179	0.01402	0.00804	0.00881	0.00264	0.01095	0.00784	0.00444	0.01395
18	0.47476	0.01748	0.01488	0.01309	0.01806	0.05480	0.01052	0.05930	0.02003	0.07521	0.13727	0.02648	0.02585	0.01067	0.00710	0.00275	0.00713	0.00761	0.00688	0.01013
19	0.01995	0.02069	0.03363	0.02698	0.02920	0.02623	0.16132	0.02328	0.01552	0.02328	0.01330	0.02069	0.01219	0.01367	0.02475	0.00369	0.50871	0.00850	0.00406	0.01035
20	0.02265	0.01766	0.01566	0.01374	0.01829	0.13788	0.01063	0.02531	0.02252	0.16950	0.05774	0.05492	0.32372	0.01628	0.00947	0.00272	0.00771	0.01311	0.00805	0.05246
21	0.01203	0.00905	0.01202	0.01332	0.01436	0.00879	0.00940	0.01391	0.01723	0.02338	0.04516	0.57090	0.05340	0.02587	0.01213	0.00353	0.04067	0.05463	0.00788	0.05233
22	0.01907	0.01755	0.02542	0.01815	0.02633	0.01407	0.12823	0.02376	0.01907	0.02905	0.01634	0.01967	0.01332	0.00681	0.00741	0.00166	0.00832	0.00635	0.00514	0.59427
23	0.01660	0.01378	0.01555	0.01634	0.01919	0.04993	0.01356	0.02458	0.13963	0.02822	0.04751	0.10213	0.10082	0.02120	0.01124	0.00367	0.00800	0.35039	0.00821	0.00945
24	0.02180	0.01787	0.02028	0.01492	0.02260	0.01551	0.01203	0.13931	0.04726	0.03495	0.01785	0.01974	0.01421	0.00767	0.00719	0.00167	0.00729	0.00605	0.00619	0.56563
25	0.13940	0.15664	0.02571	0.05594	0.04985	0.14192	0.01511	0.03183	0.12776	0.06192	0.05335	0.02815	0.02117	0.01078	0.00792	0.00265	0.00966	0.04271	0.00622	0.01133
26	0.02661	0.02204	0.02373	0.14832	0.03219	0.09568	0.01712	0.24123	0.08388	0.07014	0.02393	0.06399	0.01955	0.01167	0.00900	0.00277	0.01009	0.03233	0.00727	0.05846
27	0.02478	0.06689	0.05782	0.02424	0.09707	0.24055	0.01785	0.03369	0.16563	0.02799	0.06018	0.02964	0.02271	0.01152	0.00987	0.00276	0.04670	0.04235	0.00610	0.01167

[dist]
# distance from previous block
# <min> <max>
2	6

[block]
# block no. 1 follows, 19 sequences, length 19
# corresponding to MSA columns:
# 54-72
name=unknown_B
#
# <colnr> <probs for GDERKNQSTAVLIFYWHMCP>
#	G	D	E	R	K	N	Q	S	T	A	V	L	I	F	Y	W	H	M	C	P
0	0.01612	0.01191	0.01398	0.03334	0.01527	0.01266	0.00887	0.08400	0.01802	0.02437	0.06613	0.05098	0.06362	0.43554	0.03348	0.00652	0.05557	0.01216	0.00612	0.03134
1	0.07454	0.01614	0.02724	0.39245	0.04728	0.01836	0.10982	0.02309	0.01903	0.02651	0.06325	0.03536	0.02187	0.01121	0.00945	0.00309	0.01103	0.07522	0.00511	0.00994
2	0.05887	0.01792	0.02718	0.52192	0.12797	0.05006	0.02397	0.02423	0.01840	0.02456	0.01573	0.02276	0.01206	0.00880	0.00870	0.00290	0.01169	0.00768	0.00415	0.01047
3	0.02107	0.01865	0.02876	0.42367	0.17073	0.02159	0.02395	0.12857	0.02278	0.03024	0.01710	0.02307	0.01298	0.00907	0.00893	0.00286	0.01128	0.00797	0.00497	0.01176
4	0.01998	0.01675	0.01932	0.01393	0.02181	0.01339	0.01119	0.07582	0.02072	0.03167	0.01642	0.01882	0.01343	0.00701	0.00684	0.00145	0.00692	0.00555	0.00564	0.67336
5	0.01889	0.01621	0.01871	0.01371	0.02139	0.01288	0.01093	0.02484	0.07347	0.02992	0.01779	0.01992	0.01455	0.00713	0.00685	0.00148	0.00667	0.00574	0.00565	0.67326
6	0.01941	0.01097	0.01125	0.01027	0.01315	0.01139	0.00795	0.11202	0.02243	0.03698	0.02797	0.03148	0.02172	0.01047	0.00668	0.00218	0.00506	0.00829	0.62091	0.00942
7	0.03114	0.02257	0.02417	0.01885	0.02510	0.02485	0.01533	0.51242	0.03815	0.05178	0.02257	0.02506	0.01706	0.05896	0.01135	0.00307	0.00931	0.00843	0.06585	0.01397
8	0.01090	0.00779	0.01038	0.01246	0.01298	0.00727	0.00830	0.01246	0.01713	0.02284	0.04931	0.67975	0.05917	0.02803	0.01142	0.00363	0.00519	0.02543	0.00830	0.00727
9	0.02215	0.02014	0.03540	0.09808	0.43230	0.02010	0.10160	0.02764	0.02087	0.06653	0.05248	0.02559	0.01837	0.00877	0.00920	0.00275	0.01078	0.00884	0.00512	0.01328
10	0.01133	0.00831	0.00991	0.01098	0.01199	0.00767	0.00724	0.01268	0.01694	0.02185	0.05435	0.38529	0.19155	0.18459	0.01940	0.00469	0.00587	0.02085	0.00761	0.00689
11	0.02198	0.02452	0.04044	0.03044	0.03664	0.09719	0.33746	0.02723	0.01958	0.02614	0.01584	0.02160	0.01285	0.00967	0.01458	0.00301	0.17600	0.00888	0.00445	0.07150
12	0.02786	0.11498	0.02599	0.01999	0.02476	0.37949	0.01583	0.06711	0.02389	0.02480	0.02232	0.02702	0.06485	0.01134	0.00945	0.00249	0.05104	0.03802	0.00529	0.04348
13	0.01996	0.02411	0.10831	0.08416	0.07407	0.01997	0.33795	0.02685	0.02005	0.02827	0.01718	0.02230	0.01316	0.00760	0.00931	0.00263	0.01267	0.00871	0.00455	0.15820
14	0.02378	0.02412	0.06708	0.09755	0.22164	0.10721	0.02129	0.06436	0.15228	0.05420	0.02345	0.02895	0.01897	0.01051	0.00902	0.00283	0.01060	0.04316	0.00614	0.01288
15	0.02418	0.47543	0.09207	0.01924	0.02711	0.03058	0.08690	0.02822	0.01897	0.07096	0.01518	0.01740	0.01257	0.00834	0.00787	0.00228	0.04023	0.00610	0.00448	0.01191
16	0.10953	0.28716	0.20673	0.01930	0.02744	0.07200	0.02026	0.06318	0.01968	0.02770	0.01408	0.01664	0.01148	0.00891	0.00872	0.00251	0.06268	0.00582	0.00440	0.01178
17	0.02429	0.03870	0.26595	0.02420	0.06347	0.28770	0.02287	0.03018	0.02226	0.02647	0.06603	0.02245	0.01809	0.00967	0.00841	0.00257	0.01320	0.00719	0.03484	0.01146
18	0.02164	0.09781	0.29653	0.02477	0.03410	0.02333	0.12238	0.13066	0.02300	0.03204	0.01885	0.06073	0.01542	0.01027	0.01002	0.00286	0.04920	0.00860	0.00514	0.01265

[dist]
# distance from previous block
# <min> <max>
5	12

[block]
# block no. 2 follows, 19 sequences, length 8
# corresponding to MSA columns:
# 85-92
name=unknown_C
#
# <colnr> <probs for GDERKNQSTAVLIFYWHMCP>
#	G	D	E	R	K	N	Q	S	T	A	V	L	I	F	Y	W	H	M	C	P
0	0.02655	0.02545	0.02759	0.02378	0.06744	0.15389	0.07057	0.19824	0.02713	0.03513	0.05300	0.02268	0.01759	0.01045	0.01134	0.00261	0.09716	0.00786	0.00620	0.11533
1	0.01982	0.01677	0.02019	0.01718	0.07238	0.01397	0.01238	0.07969	0.02118	0.03151	0.02190	0.02399	0.05749	0.00830	0.00733	0.00169	0.00713	0.00677	0.00581	0.55452
2	0.01901	0.01582	0.01664	0.01417	0.01849	0.05872	0.01080	0.05726	0.07414	0.04797	0.08204	0.08867	0.08794	0.08538	0.01351	0.00310	0.03859	0.01100	0.03769	0.21906
3	0.02098	0.02006	0.03416	0.08264	0.45840	0.02051	0.07040	0.02767	0.05963	0.02866	0.01879	0.02425	0.01557	0.01325	0.06294	0.00372	0.01194	0.00846	0.00475	0.01324
4	0.05173	0.01139	0.01303	0.01177	0.01537	0.01051	0.00894	0.02178	0.06375	0.11480	0.18205	0.09200	0.24333	0.06248	0.01216	0.00324	0.00563	0.01474	0.00859	0.05273
5	0.02128	0.02038	0.03475	0.15512	0.53632	0.02103	0.02703	0.02670	0.01996	0.02818	0.01668	0.02242	0.01380	0.00813	0.00887	0.00271	0.01084	0.00797	0.00435	0.01347
6	0.01648	0.01259	0.01569	0.04243	0.02011	0.01324	0.01304	0.07540	0.11208	0.03036	0.06915	0.20604	0.07596	0.02121	0.01103	0.00355	0.00732	0.23636	0.00835	0.00961
7	0.02141	0.02031	0.03347	0.13810	0.49269	0.02115	0.02585	0.02867	0.07510	0.02908	0.01852	0.02343	0.01507	0.00850	0.00889	0.00274	0.01048	0.00817	0.00480	0.01357

[dist]
# distance from previous block
# <min> <max>
0	1

[block]
# block no. 3 follows, 19 sequences, length 21
# corresponding to MSA columns:
# 96-116
name=unknown_D
#
# <colnr> <probs for GDERKNQSTAVLIFYWHMCP>
#	G	D	E	R	K	N	Q	S	T	A	V	L	I	F	Y	W	H	M	C	P
0	0.03369	0.03454	0.02604	0.02191	0.02770	0.36332	0.01716	0.29551	0.03305	0.03777	0.01735	0.01859	0.01322	0.00992	0.00847	0.00248	0.01324	0.00682	0.00661	0.01260
1	0.03401	0.02506	0.02685	0.02058	0.02774	0.02774	0.01700	0.59995	0.04206	0.05638	0.02148	0.02148	0.01521	0.01074	0.00895	0.00268	0.00984	0.00805	0.00895	0.01521
2	0.02875	0.01622	0.01999	0.01499	0.02232	0.01372	0.01218	0.06085	0.05164	0.29144	0.02550	0.02452	0.01785	0.00900	0.00788	0.00209	0.00723	0.00726	0.00814	0.35844
3	0.01140	0.00873	0.01057	0.01171	0.01351	0.00790	0.00868	0.01376	0.01932	0.02459	0.09280	0.33205	0.27752	0.02498	0.01120	0.00343	0.00536	0.10654	0.00837	0.00758
4	0.01057	0.00906	0.00906	0.00906	0.01208	0.00755	0.00680	0.01284	0.02039	0.02417	0.09063	0.08610	0.62615	0.02266	0.01057	0.00302	0.00453	0.01888	0.00831	0.00755
5	0.06287	0.04450	0.60075	0.02466	0.03740	0.02073	0.03162	0.02821	0.01866	0.02906	0.01583	0.01862	0.01123	0.00849	0.00832	0.00283	0.01283	0.00650	0.00389	0.01300
6	0.02177	0.02088	0.03565	0.09765	0.58992	0.02116	0.02727	0.02713	0.02020	0.02878	0.01676	0.02226	0.01401	0.00804	0.00886	0.00268	0.01072	0.00797	0.00440	0.01387
7	0.01090	0.00779	0.01038	0.01246	0.01298	0.00727	0.00830	0.01246	0.01713	0.02284	0.04931	0.67975	0.05917	0.02803	0.01142	0.00363	0.00519	0.02543	0.00830	0.00727
8	0.02112	0.02413	0.05279	0.03771	0.04676	0.02262	0.59729	0.02866	0.02112	0.02866	0.01810	0.02413	0.01357	0.00754	0.01056	0.00302	0.01508	0.01056	0.00452	0.01207
9	0.04014	0.01523	0.02076	0.01592	0.02284	0.01315	0.01315	0.04360	0.02561	0.63597	0.03530	0.03045	0.02215	0.01107	0.00900	0.00277	0.00761	0.00900	0.01107	0.01523
10	0.03342	0.04264	0.02535	0.02305	0.02766	0.64967	0.01729	0.03572	0.02535	0.02190	0.01383	0.01613	0.01152	0.00922	0.00807	0.00230	0.01613	0.00576	0.00461	0.01037
11	0.01154	0.00847	0.01107	0.01252	0.01367	0.00766	0.00850	0.01330	0.01725	0.02337	0.04651	0.62433	0.05532	0.02623	0.01102	0.00344	0.00531	0.02375	0.00805	0.06870
12	0.03431	0.01595	0.02010	0.01587	0.02214	0.01495	0.01295	0.11085	0.06850	0.44009	0.06658	0.03593	0.07524	0.01242	0.00921	0.00280	0.00744	0.01013	0.01037	0.01418
13	0.01090	0.00779	0.01038	0.01246	0.01298	0.00727	0.00830	0.01246	0.01713	0.02284	0.04931	0.67975	0.05917	0.02803	0.01142	0.00363	0.00519	0.02543	0.00830	0.00727
14	0.03232	0.02422	0.02590	0.02024	0.02710	0.02696	0.01660	0.52078	0.12397	0.05367	0.02362	0.02318	0.01695	0.01094	0.00897	0.00274	0.00945	0.00835	0.00897	0.01506
15	0.01855	0.01590	0.01855	0.01325	0.02120	0.01193	0.01060	0.02253	0.01855	0.02915	0.01590	0.01855	0.01325	0.00663	0.00663	0.00133	0.00663	0.00530	0.00530	0.74028
16	0.02303	0.01960	0.02067	0.01836	0.02356	0.02262	0.01435	0.08412	0.57577	0.03868	0.03542	0.03259	0.02651	0.01205	0.00909	0.00301	0.00726	0.00998	0.00909	0.01423
17	0.03042	0.01561	0.01924	0.01546	0.02140	0.01476	0.01248	0.08717	0.11185	0.34794	0.09580	0.03757	0.07848	0.01260	0.00914	0.00273	0.00708	0.01038	0.00988	0.06001
18	0.01090	0.00779	0.01038	0.01246	0.01298	0.00727	0.00830	0.01246	0.01713	0.02284	0.04931	0.67975	0.05917	0.02803	0.01142	0.00363	0.00519	0.02543	0.00830	0.00727
19	0.01323	0.00838	0.01121	0.01273	0.01376	0.00773	0.00869	0.01493	0.01780	0.07159	0.04820	0.62812	0.05623	0.02668	0.01123	0.00356	0.00538	0.02413	0.00852	0.00790
20	0.02227	0.02075	0.02037	0.01542	0.02280	0.10762	0.01222	0.08143	0.02187	0.03077	0.01615	0.01848	0.01319	0.00741	0.00707	0.00160	0.00835	0.00564	0.00556	0.56102

[dist]
# distance from previous block
# <min> <max>
0	1

[block]
# block no. 4 follows, 19 sequences, length 9
# corresponding to MSA columns:
# 118-126
name=unknown_E
#
# <colnr> <probs for GDERKNQSTAVLIFYWHMCP>
#	G	D	E	R	K	N	Q	S	T	A	V	L	I	F	Y	W	H	M	C	P
0	0.02349	0.01824	0.02069	0.01550	0.02295	0.01651	0.01250	0.15634	0.07879	0.06710	0.02003	0.02118	0.01544	0.00829	0.00750	0.00186	0.00745	0.00655	0.00677	0.47281
1	0.02323	0.01944	0.03231	0.04664	0.49960	0.01922	0.02453	0.02822	0.02095	0.09349	0.02207	0.03148	0.01903	0.01010	0.00925	0.00283	0.01005	0.06838	0.00554	0.01365
2	0.15002	0.02352	0.02196	0.01786	0.02382	0.09802	0.01444	0.33464	0.05434	0.06764	0.02097	0.02174	0.01540	0.01019	0.00800	0.00261	0.00932	0.00739	0.08519	0.01295
3	0.02028	0.01660	0.01911	0.01433	0.02148	0.01399	0.01140	0.11248	0.02212	0.03286	0.01984	0.07964	0.01777	0.00924	0.00743	0.00175	0.00700	0.00758	0.00615	0.55895
4	0.09720	0.12833	0.49376	0.02268	0.03434	0.02263	0.02820	0.02791	0.01840	0.02864	0.01519	0.01782	0.01118	0.00837	0.00782	0.00270	0.01206	0.00618	0.00397	0.01261
5	0.17481	0.01287	0.01425	0.01265	0.01633	0.01320	0.00989	0.06300	0.04798	0.08331	0.38321	0.04834	0.05654	0.01483	0.00919	0.00280	0.00556	0.01239	0.00892	0.00992
6	0.02320	0.02326	0.03529	0.05193	0.57342	0.08008	0.02650	0.02823	0.02084	0.02854	0.01655	0.02158	0.01392	0.00809	0.00878	0.00262	0.01114	0.00776	0.00445	0.01382
7	0.01678	0.01484	0.02294	0.07941	0.02634	0.01522	0.10729	0.06078	0.01947	0.02694	0.03041	0.30118	0.03267	0.01735	0.01212	0.00311	0.07925	0.01542	0.00644	0.11201
8	0.07479	0.02008	0.03352	0.02481	0.03198	0.01940	0.25698	0.02707	0.06175	0.02956	0.01760	0.02176	0.01397	0.00849	0.01078	0.00254	0.08068	0.00808	0.00512	0.25104

[dist]
# distance from previous block
# <min> <max>
10	20

[block]
# block no. 5 follows, 19 sequences, length 10
# corresponding to MSA columns:
# 147-156
name=unknown_F
#
# <colnr> <probs for GDERKNQSTAVLIFYWHMCP>
#	G	D	E	R	K	N	Q	S	T	A	V	L	I	F	Y	W	H	M	C	P
0	0.01365	0.01098	0.01530	0.01415	0.01712	0.00958	0.04863	0.01632	0.01815	0.02545	0.08036	0.40320	0.04568	0.05103	0.01172	0.00321	0.00629	0.01834	0.00731	0.18353
1	0.03311	0.02461	0.02634	0.02040	0.02740	0.02732	0.01679	0.55756	0.08592	0.05493	0.02263	0.02239	0.01614	0.01085	0.00896	0.00271	0.00963	0.00821	0.00896	0.01513
2	0.02057	0.01729	0.02015	0.01482	0.02217	0.01489	0.01197	0.09531	0.02121	0.03211	0.01634	0.01899	0.01340	0.00771	0.00835	0.00166	0.04861	0.00581	0.00567	0.60297
3	0.06023	0.01915	0.02017	0.01742	0.02304	0.02123	0.01369	0.08667	0.46043	0.03798	0.03134	0.02954	0.02362	0.01111	0.00859	0.00277	0.00723	0.00906	0.00841	0.10832
4	0.01258	0.00993	0.01467	0.01473	0.01667	0.00905	0.05519	0.01496	0.01775	0.02407	0.04374	0.53839	0.05104	0.02431	0.01097	0.00340	0.00626	0.05081	0.00773	0.07376
5	0.01910	0.02020	0.04039	0.33686	0.05385	0.02131	0.32389	0.02589	0.01957	0.02589	0.01705	0.02400	0.01279	0.00821	0.00979	0.00300	0.01358	0.00931	0.00426	0.01105
6	0.01835	0.01561	0.01808	0.01374	0.02076	0.01271	0.01081	0.02452	0.08541	0.02957	0.02093	0.07404	0.01857	0.00899	0.00729	0.00171	0.00656	0.00748	0.00597	0.59889
7	0.02432	0.01833	0.02124	0.01651	0.02279	0.01806	0.01336	0.18736	0.05684	0.08552	0.02417	0.04973	0.04238	0.01075	0.01000	0.00231	0.06721	0.00821	0.00712	0.31376
8	0.02014	0.02111	0.03844	0.02854	0.03485	0.02165	0.31199	0.02538	0.01852	0.02680	0.01587	0.02168	0.01300	0.00959	0.01491	0.00290	0.19386	0.00868	0.00452	0.16759
9	0.01570	0.01456	0.02539	0.07849	0.02825	0.01365	0.18085	0.01968	0.01835	0.02520	0.03095	0.29476	0.03316	0.05278	0.01206	0.00331	0.00908	0.01576	0.00620	0.12180

[dist]
# distance from previous block
# <min> <max>
4	10

[block]
# block no. 6 follows, 19 sequences, length 44
# corresponding to MSA columns:
# 168-211
name=unknown_G
#
# <colnr> <probs for GDERKNQSTAVLIFYWHMCP>
#	G	D	E	R	K	N	Q	S	T	A	V	L	I	F	Y	W	H	M	C	P
0	0.05298	0.04489	0.60921	0.02484	0.03769	0.02074	0.03193	0.02824	0.01871	0.02890	0.01588	0.01868	0.01125	0.00849	0.00836	0.00283	0.01292	0.00653	0.00386	0.01305
1	0.02143	0.27356	0.19207	0.01708	0.02475	0.02229	0.01806	0.02669	0.02099	0.09778	0.16746	0.03039	0.03070	0.01090	0.00804	0.00248	0.00899	0.00857	0.00614	0.01162
2	0.01954	0.01587	0.01903	0.04232	0.02308	0.01234	0.01136	0.02358	0.01887	0.05874	0.01686	0.01937	0.01363	0.00695	0.00685	0.00147	0.00691	0.00560	0.00553	0.67212
3	0.01689	0.01017	0.01279	0.01154	0.01469	0.00904	0.00886	0.02052	0.02421	0.13612	0.39820	0.06512	0.20108	0.01808	0.01029	0.00285	0.00488	0.01558	0.00970	0.00940
4	0.10174	0.02223	0.02340	0.01836	0.02472	0.02453	0.01507	0.46965	0.03692	0.05203	0.06321	0.02465	0.01995	0.01101	0.00857	0.00267	0.00884	0.00832	0.05032	0.01380
5	0.01301	0.00867	0.00976	0.00976	0.00976	0.00867	0.00542	0.01301	0.01301	0.01735	0.02819	0.05855	0.03253	0.68559	0.04554	0.00867	0.00867	0.01301	0.00542	0.00542
6	0.02162	0.35389	0.32459	0.02037	0.03062	0.02813	0.02374	0.05654	0.01972	0.02627	0.01460	0.01685	0.01160	0.00821	0.00720	0.00239	0.01130	0.00581	0.00406	0.01249
7	0.02791	0.02458	0.03367	0.02837	0.09340	0.05654	0.16923	0.29369	0.10624	0.04222	0.02164	0.02348	0.01603	0.00972	0.00934	0.00279	0.01126	0.00885	0.00713	0.01391
8	0.01855	0.01590	0.01855	0.01325	0.02120	0.01193	0.01060	0.02253	0.01855	0.02915	0.01590	0.01855	0.01325	0.00663	0.00663	0.00133	0.00663	0.00530	0.00530	0.74028
9	0.02553	0.01488	0.01857	0.01397	0.02088	0.01196	0.01126	0.02935	0.02184	0.24527	0.09325	0.02836	0.02464	0.00955	0.00792	0.00201	0.00670	0.00787	0.00788	0.39833
10	0.01757	0.04368	0.59540	0.02450	0.03695	0.01992	0.03133	0.02753	0.01934	0.02886	0.05861	0.02224	0.01644	0.00918	0.00864	0.00283	0.01259	0.00728	0.00420	0.01289
11	0.69927	0.01716	0.01368	0.01206	0.01769	0.01959	0.00993	0.02751	0.01595	0.08177	0.01405	0.01565	0.01056	0.00850	0.00578	0.00277	0.00697	0.00513	0.00592	0.01008
12	0.02787	0.02340	0.02140	0.01880	0.02411	0.15217	0.01463	0.04434	0.38258	0.14376	0.03147	0.02923	0.02305	0.01133	0.00887	0.00283	0.00908	0.00900	0.00852	0.01356
13	0.01909	0.01619	0.01826	0.01398	0.02093	0.01391	0.01110	0.05408	0.11455	0.03131	0.02704	0.02793	0.07795	0.00934	0.00754	0.00184	0.00664	0.00758	0.00639	0.51435
14	0.01151	0.00877	0.01293	0.01397	0.01501	0.00819	0.04368	0.01343	0.01737	0.02319	0.04743	0.64037	0.05643	0.02680	0.01137	0.00360	0.00578	0.02454	0.00808	0.00755
15	0.01855	0.01590	0.01855	0.01325	0.02120	0.01193	0.01060	0.02253	0.01855	0.02915	0.01590	0.01855	0.01325	0.00663	0.00663	0.00133	0.00663	0.00530	0.00530	0.74028
16	0.03392	0.02763	0.02663	0.02094	0.02773	0.11870	0.01705	0.51743	0.03962	0.05134	0.02036	0.02070	0.01467	0.01052	0.00882	0.00263	0.01076	0.00772	0.00832	0.01451
17	0.01156	0.00891	0.00934	0.00934	0.01115	0.00800	0.00624	0.01291	0.01742	0.02142	0.06548	0.07500	0.38703	0.28969	0.02466	0.00530	0.00620	0.01652	0.00714	0.00669
18	0.03277	0.04054	0.02554	0.02294	0.02746	0.58505	0.01738	0.06572	0.02569	0.02375	0.01414	0.01659	0.01174	0.00962	0.00917	0.00241	0.04810	0.00599	0.00481	0.01061
19	0.02214	0.02126	0.03631	0.05491	0.62978	0.02126	0.02746	0.02746	0.02037	0.02923	0.01683	0.02214	0.01417	0.00797	0.00886	0.00266	0.01063	0.00797	0.00443	0.01417
20	0.02855	0.02320	0.02372	0.01960	0.02567	0.05481	0.01570	0.31769	0.30553	0.04598	0.02802	0.02673	0.02063	0.01131	0.00898	0.00283	0.00887	0.00890	0.00881	0.01450
21	0.01690	0.01590	0.02683	0.66408	0.06162	0.01988	0.02485	0.02286	0.01789	0.02286	0.01590	0.02385	0.01193	0.00894	0.00894	0.00298	0.01193	0.00795	0.00398	0.00994
22	0.03047	0.01392	0.01838	0.01443	0.02039	0.01187	0.01167	0.03419	0.02446	0.40416	0.16899	0.03706	0.03521	0.01207	0.00899	0.00256	0.00668	0.01010	0.00991	0.12449
23	0.01690	0.01590	0.02683	0.66408	0.06162	0.01988	0.02485	0.02286	0.01789	0.02286	0.01590	0.02385	0.01193	0.00894	0.00894	0.00298	0.01193	0.00795	0.00398	0.00994
24	0.01178	0.00899	0.01211	0.01358	0.01405	0.00932	0.00945	0.01338	0.01678	0.02271	0.04549	0.61257	0.05435	0.02677	0.01324	0.00366	0.07276	0.02364	0.00786	0.00752
25	0.03401	0.02506	0.02685	0.02058	0.02774	0.02774	0.01700	0.59995	0.04206	0.05638	0.02148	0.02148	0.01521	0.01074	0.00895	0.00268	0.00984	0.00805	0.00895	0.01521
26	0.01276	0.00871	0.00969	0.00969	0.00999	0.00856	0.00556	0.01299	0.01376	0.01804	0.03454	0.06135	0.09293	0.61813	0.04198	0.00810	0.00825	0.01361	0.00571	0.00564
27	0.02214	0.02126	0.03631	0.05491	0.62978	0.02126	0.02746	0.02746	0.02037	0.02923	0.01683	0.02214	0.01417	0.00797	0.00886	0.00266	0.01063	0.00797	0.00443	0.01417
28	0.01690	0.01590	0.02683	0.66408	0.06162	0.01988	0.02485	0.02286	0.01789	0.02286	0.01590	0.02385	0.01193	0.00894	0.00894	0.00298	0.01193	0.00795	0.00398	0.00994
29	0.01690	0.01590	0.02683	0.66408	0.06162	0.01988	0.02485	0.02286	0.01789	0.02286	0.01590	0.02385	0.01193	0.00894	0.00894	0.00298	0.01193	0.00795	0.00398	0.00994
30	0.01665	0.01389	0.01652	0.01305	0.01916	0.01077	0.01003	0.02003	0.01820	0.02758	0.02420	0.18270	0.02465	0.01194	0.00782	0.00190	0.00627	0.01030	0.00605	0.55830
31	0.01855	0.01590	0.01855	0.01325	0.02120	0.01193	0.01060	0.02253	0.01855	0.02915	0.01590	0.01855	0.01325	0.00663	0.00663	0.00133	0.00663	0.00530	0.00530	0.74028
32	0.02225	0.01922	0.02023	0.01821	0.02326	0.02225	0.01416	0.04754	0.61361	0.03742	0.03641	0.03338	0.02731	0.01214	0.00910	0.00303	0.00708	0.01011	0.00910	0.01416
33	0.01690	0.01590	0.02683	0.66408	0.06162	0.01988	0.02485	0.02286	0.01789	0.02286	0.01590	0.02385	0.01193	0.00894	0.00894	0.00298	0.01193	0.00795	0.00398	0.00994
34	0.01951	0.02156	0.04612	0.03373	0.04144	0.02021	0.50460	0.02611	0.02049	0.02774	0.02301	0.12731	0.02075	0.01077	0.01069	0.00311	0.01353	0.01290	0.00512	0.01131
35	0.01947	0.01920	0.02650	0.02245	0.02326	0.02583	0.01866	0.02163	0.01419	0.02231	0.01217	0.01947	0.01190	0.01474	0.02705	0.00365	0.60179	0.00757	0.00406	0.08412
36	0.01690	0.01590	0.02683	0.66408	0.06162	0.01988	0.02485	0.02286	0.01789	0.02286	0.01590	0.02385	0.01193	0.00894	0.00894	0.00298	0.01193	0.00795	0.00398	0.00994
37	0.01797	0.01686	0.02881	0.43833	0.17847	0.01933	0.05096	0.02367	0.01885	0.02489	0.01940	0.03134	0.01651	0.01028	0.00935	0.00303	0.01142	0.06522	0.00453	0.01077
38	0.03430	0.02459	0.02656	0.02036	0.02751	0.02704	0.01682	0.57319	0.04127	0.08426	0.02214	0.02191	0.01555	0.01076	0.00895	0.00269	0.00974	0.00810	0.00905	0.01522
39	0.03849	0.01646	0.02135	0.01652	0.02336	0.01516	0.01360	0.10044	0.06099	0.54268	0.03395	0.02971	0.02174	0.01110	0.00900	0.00278	0.00781	0.00897	0.01074	0.01516
40	0.63102	0.01678	0.01340	0.01189	0.01715	0.01925	0.00973	0.05762	0.01709	0.04032	0.01474	0.01693	0.01141	0.00867	0.00580	0.00269	0.00679	0.00540	0.08348	0.00985
41	0.01852	0.10852	0.58204	0.02452	0.03720	0.02219	0.03134	0.02818	0.01882	0.02763	0.01571	0.01845	0.01135	0.00842	0.00823	0.00274	0.01287	0.00643	0.00378	0.01305
42	0.01824	0.07874	0.60940	0.02499	0.03793	0.02151	0.03216	0.02825	0.01885	0.02797	0.01587	0.01866	0.01134	0.00846	0.00836	0.00279	0.01304	0.00652	0.00378	0.01313
43	0.06694	0.06509	0.08101	0.01555	0.02248	0.01548	0.01399	0.03295	0.05780	0.28408	0.08629	0.03156	0.05139	0.01099	0.00838	0.00252	0.00761	0.00885	0.00827	0.12876

[dist]
# distance from previous block
# <min> <max>
1	8

[block]
# block no. 7 follows, 19 sequences, length 8
# corresponding to MSA columns:
# 220-227
name=unknown_H
#
# <colnr> <probs for GDERKNQSTAVLIFYWHMCP>
#	G	D	E	R	K	N	Q	S	T	A	V	L	I	F	Y	W	H	M	C	P
0	0.02079	0.04808	0.02398	0.05765	0.02617	0.11048	0.07541	0.04896	0.17059	0.02847	0.02893	0.18242	0.02752	0.01441	0.01030	0.00293	0.04080	0.01235	0.00672	0.06303
1	0.03067	0.02275	0.02457	0.01893	0.02557	0.02453	0.01538	0.49156	0.03722	0.05033	0.02146	0.02426	0.01645	0.06637	0.01175	0.00304	0.00941	0.00818	0.00828	0.08928
2	0.01950	0.01762	0.02382	0.01760	0.02526	0.01510	0.09690	0.02732	0.11161	0.03037	0.01942	0.02168	0.01549	0.00762	0.00759	0.00184	0.00793	0.00682	0.00578	0.52075
3	0.02195	0.01266	0.01516	0.10683	0.02185	0.01338	0.01133	0.10716	0.02279	0.10570	0.02685	0.02992	0.02012	0.01033	0.00736	0.00238	0.00652	0.00832	0.43903	0.01037
4	0.02124	0.07784	0.46377	0.02299	0.03423	0.02098	0.02761	0.03217	0.08923	0.09571	0.02034	0.02159	0.01440	0.00916	0.00846	0.00280	0.01167	0.00718	0.00521	0.01345
5	0.01849	0.01500	0.01901	0.01644	0.02084	0.01468	0.05086	0.11193	0.10875	0.03193	0.03376	0.29561	0.03467	0.01700	0.00960	0.00286	0.00717	0.01513	0.00761	0.16867
6	0.10599	0.15320	0.11538	0.01804	0.02309	0.05881	0.01679	0.06273	0.01826	0.02691	0.01655	0.02310	0.01480	0.07243	0.08273	0.00451	0.14266	0.00724	0.02637	0.01041
7	0.02895	0.02419	0.02600	0.07391	0.02956	0.11416	0.05539	0.31491	0.03182	0.06979	0.04995	0.02567	0.01889	0.04843	0.01096	0.00296	0.01069	0.00847	0.00737	0.04792

[dist]
# distance from previous block
# <min> <max>
5	12

[block]
# block no. 8 follows, 19 sequences, length 6
# corresponding to MSA columns:
# 252-257
name=unknown_I
#
# <colnr> <probs for GDERKNQSTAVLIFYWHMCP>
#	G	D	E	R	K	N	Q	S	T	A	V	L	I	F	Y	W	H	M	C	P
0	0.02225	0.17485	0.12175	0.07569	0.03998	0.02444	0.31641	0.02873	0.02023	0.06532	0.01751	0.02167	0.01325	0.00802	0.00900	0.00273	0.01291	0.00848	0.00465	0.01213
1	0.06036	0.01068	0.01305	0.01220	0.01505	0.01030	0.00922	0.02226	0.05497	0.11210	0.33671	0.14946	0.05931	0.01723	0.00972	0.00288	0.00512	0.01498	0.07487	0.00952
2	0.01334	0.01251	0.06228	0.01215	0.01474	0.00961	0.00927	0.01537	0.01608	0.02197	0.03753	0.21769	0.09585	0.29742	0.02469	0.00530	0.00742	0.01535	0.00633	0.10509
3	0.06410	0.14877	0.06045	0.02155	0.06392	0.12389	0.05857	0.14684	0.02484	0.03319	0.05331	0.02284	0.01798	0.00990	0.00883	0.00252	0.03911	0.00751	0.08017	0.01172
4	0.19742	0.07080	0.06717	0.07510	0.02654	0.05326	0.01568	0.17962	0.02540	0.08221	0.08084	0.02485	0.02076	0.01219	0.02906	0.00307	0.00960	0.00778	0.00683	0.01183
5	0.01921	0.01507	0.02010	0.08178	0.02488	0.01449	0.03494	0.06381	0.02072	0.06918	0.07822	0.14286	0.02835	0.01310	0.01040	0.00251	0.06126	0.01100	0.00661	0.28151

[dist]
# distance from previous block
# <min> <max>
30	80

[block]
# block no. 9 follows, 19 sequences, length 12
# corresponding to MSA columns:
# 347-358
name=unknown_J
#
# <colnr> <probs for GDERKNQSTAVLIFYWHMCP>
#	G	D	E	R	K	N	Q	S	T	A	V	L	I	F	Y	W	H	M	C	P
0	0.02127	0.06866	0.17903	0.11859	0.06887	0.02316	0.20399	0.08338	0.06497	0.03037	0.01834	0.02243	0.01382	0.00892	0.00988	0.00289	0.03557	0.00843	0.00496	0.01248
1	0.09136	0.14377	0.26284	0.01882	0.02740	0.02159	0.02047	0.06443	0.06800	0.07565	0.06632	0.02434	0.01978	0.00981	0.00789	0.00263	0.00970	0.00750	0.04539	0.01229
2	0.02044	0.02691	0.17526	0.06728	0.12369	0.02150	0.22694	0.06132	0.05063	0.02969	0.01994	0.06120	0.01642	0.00996	0.01066	0.00299	0.04808	0.00970	0.00499	0.01240
3	0.02544	0.02228	0.04761	0.01762	0.02369	0.09446	0.01461	0.17851	0.13553	0.07385	0.02973	0.03245	0.06383	0.01166	0.00867	0.00257	0.00887	0.03897	0.03488	0.13476
4	0.02673	0.02098	0.10171	0.01740	0.02449	0.01714	0.01560	0.14596	0.08746	0.19337	0.05176	0.07826	0.02373	0.01161	0.00876	0.00259	0.00823	0.00953	0.00816	0.14653
5	0.07207	0.07438	0.45400	0.02510	0.08151	0.02071	0.02779	0.02747	0.01867	0.02895	0.01564	0.01855	0.01163	0.00822	0.00798	0.00262	0.01173	0.00636	0.00411	0.08250
6	0.09359	0.16588	0.15159	0.01813	0.02605	0.02279	0.01781	0.08019	0.12613	0.17712	0.02357	0.02304	0.01691	0.00973	0.00791	0.00264	0.00918	0.00736	0.00704	0.01333
7	0.01899	0.01678	0.05769	0.07452	0.02530	0.01590	0.04629	0.17124	0.02485	0.03301	0.03828	0.24282	0.08187	0.01857	0.01039	0.00326	0.00842	0.09381	0.00760	0.01039
8	0.01961	0.03591	0.39246	0.02968	0.13296	0.02124	0.06180	0.03174	0.12859	0.03017	0.02004	0.02239	0.01487	0.00903	0.00879	0.00285	0.01178	0.00771	0.00491	0.01348
9	0.08726	0.04008	0.49232	0.02316	0.03483	0.02095	0.02826	0.08255	0.02075	0.03215	0.01623	0.01872	0.01165	0.00860	0.00818	0.00274	0.01199	0.00652	0.00451	0.04857
10	0.11622	0.10172	0.26826	0.01884	0.02720	0.02073	0.02045	0.11121	0.02316	0.03489	0.14421	0.02830	0.02710	0.01078	0.00831	0.00270	0.00959	0.00841	0.00607	0.01186
11	0.12096	0.02435	0.12677	0.06914	0.12250	0.02042	0.25026	0.02843	0.01999	0.07422	0.01924	0.02554	0.01497	0.00894	0.00919	0.00293	0.01203	0.03283	0.00515	0.01215

[dist]
# distance from previous block
# <min> <max>
9	57

# created by:
# /st0/software/busco_prod/Augustus/scripts/msa2prfl.pl ./align_prep/107562.fa
