[name]
unknown

[dist]
# distance from previous block
# <min> <max>
3	30

[block]
# block no. 0 follows, 26 sequences, length 21
# corresponding to MSA columns:
# 30-50
name=unknown_A
#
# <colnr> <probs for GDERKNQSTAVLIFYWHMCP>
#	G	D	E	R	K	N	Q	S	T	A	V	L	I	F	Y	W	H	M	C	P
0	0.17541	0.01367	0.01602	0.12520	0.04787	0.01467	0.01176	0.04817	0.14594	0.08759	0.02283	0.02519	0.06043	0.04252	0.00943	0.04207	0.00677	0.00723	0.00565	0.09159
1	0.08353	0.01536	0.01945	0.23190	0.02974	0.06063	0.05277	0.05656	0.11949	0.10142	0.05103	0.02951	0.06354	0.01001	0.00770	0.00250	0.00815	0.04137	0.00576	0.00956
2	0.04454	0.00900	0.01146	0.10675	0.01707	0.00943	0.00896	0.01638	0.05916	0.02239	0.02607	0.24207	0.02615	0.01569	0.01066	0.11508	0.00552	0.01130	0.19619	0.04614
3	0.05053	0.00861	0.01057	0.01052	0.01233	0.00821	0.00749	0.01545	0.04866	0.05872	0.17618	0.33561	0.04369	0.08034	0.01212	0.03469	0.00491	0.01488	0.00683	0.05966
4	0.09298	0.00997	0.01121	0.01025	0.01285	0.00994	0.00769	0.07662	0.01856	0.10592	0.16274	0.13445	0.07719	0.09866	0.01126	0.00296	0.00516	0.01125	0.13240	0.00796
5	0.01402	0.00867	0.01082	0.01068	0.01244	0.00823	0.00761	0.05870	0.01727	0.10112	0.11139	0.34636	0.10530	0.10248	0.01336	0.03643	0.00520	0.01560	0.00706	0.00725
6	0.02330	0.01221	0.01517	0.01300	0.01708	0.01187	0.01019	0.07067	0.13758	0.32078	0.08685	0.16953	0.05169	0.01322	0.00820	0.00254	0.00577	0.01129	0.00834	0.01072
7	0.08531	0.00891	0.01086	0.01027	0.01263	0.00842	0.00766	0.01739	0.01839	0.13140	0.29933	0.20551	0.09248	0.04519	0.00973	0.00275	0.00461	0.01375	0.00763	0.00778
8	0.01189	0.00774	0.01002	0.00987	0.01135	0.00733	0.00718	0.01413	0.01752	0.05403	0.33159	0.14033	0.08312	0.09924	0.05067	0.05658	0.00548	0.03857	0.03668	0.00666
9	0.01144	0.00749	0.00900	0.00916	0.00991	0.00715	0.00585	0.01245	0.01404	0.04759	0.11471	0.21025	0.08119	0.39807	0.02479	0.00519	0.00592	0.01402	0.00601	0.00577
10	0.19380	0.01291	0.01461	0.01239	0.01670	0.01308	0.00994	0.09549	0.05518	0.25850	0.12493	0.09300	0.02763	0.01146	0.00745	0.00246	0.00590	0.02680	0.00762	0.01015
11	0.04315	0.00904	0.01169	0.01103	0.01276	0.00903	0.03379	0.04384	0.03724	0.06735	0.02640	0.21930	0.02674	0.11358	0.01616	0.15382	0.00583	0.01150	0.14102	0.00675
12	0.03820	0.00972	0.01088	0.01006	0.01237	0.01009	0.00754	0.08996	0.04691	0.07237	0.02496	0.09454	0.02195	0.09007	0.05949	0.03653	0.00623	0.00890	0.34138	0.00785
13	0.01646	0.00937	0.01183	0.01134	0.01355	0.00900	0.00820	0.02044	0.08947	0.17662	0.10480	0.31797	0.03899	0.11987	0.01306	0.00339	0.00539	0.01454	0.00745	0.00825
14	0.27368	0.08219	0.09518	0.06976	0.06465	0.01690	0.01333	0.08204	0.01765	0.06286	0.08580	0.02083	0.01742	0.00837	0.00632	0.00225	0.00708	0.00632	0.05792	0.00944
15	0.02211	0.01592	0.04496	0.01535	0.02036	0.01522	0.05596	0.21058	0.08877	0.15646	0.10118	0.08558	0.02523	0.03757	0.00902	0.00252	0.00704	0.00927	0.00721	0.06970
16	0.01418	0.01009	0.01199	0.01072	0.01349	0.00986	0.00827	0.08887	0.06696	0.06365	0.42987	0.05162	0.16116	0.01475	0.00865	0.00241	0.00446	0.01268	0.00805	0.00829
17	0.07000	0.04839	0.01927	0.09604	0.02270	0.07841	0.06189	0.12465	0.05223	0.10629	0.02093	0.06869	0.01710	0.03735	0.00827	0.00246	0.00774	0.00786	0.14021	0.00953
18	0.17905	0.01175	0.01294	0.01087	0.01492	0.01177	0.00874	0.07638	0.01938	0.24854	0.09327	0.02644	0.02198	0.00939	0.00651	0.00218	0.00536	0.00734	0.22348	0.00970
19	0.01094	0.00732	0.00830	0.00839	0.00841	0.00729	0.00472	0.01101	0.01121	0.01494	0.02481	0.08419	0.02873	0.69731	0.03713	0.00714	0.00720	0.01157	0.00472	0.00468
20	0.41832	0.01871	0.01628	0.03228	0.01943	0.09464	0.01120	0.20021	0.02084	0.08337	0.01428	0.01529	0.01050	0.00788	0.00602	0.00229	0.00758	0.00527	0.00571	0.00992

[dist]
# distance from previous block
# <min> <max>
1	3

[block]
# block no. 1 follows, 26 sequences, length 104
# corresponding to MSA columns:
# 54-157
name=unknown_B
#
# <colnr> <probs for GDERKNQSTAVLIFYWHMCP>
#	G	D	E	R	K	N	Q	S	T	A	V	L	I	F	Y	W	H	M	C	P
0	0.01731	0.01727	0.06958	0.02501	0.08969	0.01536	0.30845	0.02347	0.07073	0.07977	0.02357	0.18006	0.02168	0.01094	0.00867	0.00262	0.00937	0.01124	0.00529	0.00991
1	0.02079	0.69525	0.03873	0.01325	0.01971	0.02963	0.01306	0.06077	0.01662	0.01963	0.01100	0.01253	0.00992	0.00665	0.00503	0.00166	0.00813	0.00422	0.00350	0.00992
2	0.02755	0.02117	0.02201	0.01727	0.02304	0.04809	0.01412	0.55891	0.11577	0.04469	0.01957	0.01932	0.01408	0.00921	0.00758	0.00230	0.00825	0.00698	0.00747	0.01263
3	0.01521	0.03923	0.69413	0.02162	0.03283	0.01762	0.02802	0.02402	0.01601	0.02402	0.01361	0.01601	0.00961	0.00721	0.00721	0.00240	0.01121	0.00560	0.00320	0.01121
4	0.01053	0.00714	0.00842	0.00891	0.00903	0.00702	0.00527	0.01090	0.01200	0.01600	0.02887	0.23811	0.03385	0.53641	0.03058	0.00617	0.00653	0.01395	0.00527	0.00503
5	0.01887	0.01629	0.01715	0.01544	0.01972	0.01887	0.01201	0.04031	0.67241	0.03173	0.03087	0.02830	0.02315	0.01029	0.00772	0.00257	0.00600	0.00858	0.00772	0.01201
6	0.01102	0.00739	0.00846	0.00846	0.00853	0.00746	0.00483	0.01115	0.01109	0.01485	0.02373	0.04867	0.02716	0.70056	0.07091	0.00759	0.00798	0.01089	0.00457	0.00470
7	0.00981	0.00740	0.01032	0.01121	0.01227	0.00687	0.03133	0.01165	0.01557	0.02066	0.09302	0.56237	0.10293	0.02196	0.00958	0.00299	0.00474	0.05185	0.00702	0.00645
8	0.00924	0.00660	0.00880	0.01056	0.01100	0.00616	0.00704	0.01056	0.01452	0.01936	0.04181	0.72848	0.05017	0.02376	0.00968	0.00308	0.00440	0.02156	0.00704	0.00616
9	0.01593	0.01414	0.01846	0.01319	0.02002	0.01097	0.07019	0.01959	0.01593	0.02468	0.01366	0.01617	0.01126	0.00569	0.00593	0.00126	0.00629	0.00491	0.00443	0.70729
10	0.03314	0.01294	0.01751	0.01339	0.01930	0.01110	0.01104	0.03610	0.02142	0.65898	0.02913	0.02533	0.01841	0.00920	0.00753	0.00229	0.00641	0.00748	0.00915	0.05017
11	0.72041	0.01451	0.01172	0.01029	0.01508	0.01650	0.00847	0.02359	0.01369	0.09217	0.01227	0.01352	0.00915	0.00725	0.00495	0.00235	0.00592	0.00442	0.00511	0.00863
12	0.01846	0.01626	0.02407	0.36740	0.16067	0.01900	0.01942	0.15168	0.04517	0.02658	0.01500	0.01958	0.01153	0.00828	0.00891	0.00249	0.06406	0.00683	0.00447	0.01014
13	0.02493	0.01890	0.02223	0.04741	0.10687	0.02072	0.01518	0.40383	0.13474	0.06631	0.02095	0.02301	0.01582	0.00943	0.00772	0.00238	0.00799	0.03235	0.00701	0.01223
14	0.04570	0.07995	0.62839	0.02065	0.03132	0.01833	0.02635	0.02388	0.01586	0.02404	0.01331	0.01564	0.00956	0.00716	0.00697	0.00235	0.01082	0.00545	0.00326	0.01100
15	0.01414	0.00707	0.00707	0.00707	0.00884	0.00707	0.00530	0.01767	0.01591	0.02828	0.02474	0.02828	0.01944	0.00884	0.00530	0.00177	0.00353	0.00707	0.77554	0.00707
16	0.01103	0.00735	0.00827	0.00827	0.00827	0.00735	0.00460	0.01103	0.01103	0.01471	0.02390	0.04964	0.02758	0.73343	0.03861	0.00735	0.00735	0.01103	0.00460	0.00460
17	0.01096	0.00764	0.00975	0.00975	0.01026	0.00815	0.00643	0.01198	0.01147	0.01580	0.02255	0.04217	0.02434	0.47896	0.28865	0.00917	0.01223	0.00994	0.00440	0.00541
18	0.01790	0.02046	0.04476	0.03197	0.03964	0.01918	0.65857	0.02430	0.01790	0.02430	0.01535	0.02046	0.01151	0.00639	0.00895	0.00256	0.01279	0.00895	0.00384	0.01023
19	0.02090	0.01759	0.01878	0.05739	0.02250	0.03843	0.01292	0.18017	0.41167	0.03373	0.02488	0.02400	0.01861	0.00939	0.00748	0.00236	0.00697	0.00761	0.00705	0.07758
20	0.03156	0.01346	0.01753	0.01381	0.01942	0.01241	0.01129	0.03751	0.12789	0.58373	0.03008	0.02622	0.01949	0.00954	0.00764	0.00238	0.00638	0.00778	0.00912	0.01276
21	0.01655	0.01102	0.01341	0.01154	0.01528	0.01033	0.03240	0.04696	0.10645	0.14897	0.12597	0.07069	0.29991	0.01447	0.00838	0.00245	0.00518	0.01227	0.00752	0.04022
22	0.01824	0.01785	0.03122	0.09536	0.54059	0.01830	0.08677	0.02284	0.01690	0.02401	0.01411	0.01895	0.01172	0.00709	0.00848	0.00236	0.04314	0.00697	0.00371	0.01138
23	0.02833	0.03615	0.02149	0.01954	0.02345	0.70298	0.01466	0.03029	0.02149	0.01856	0.01172	0.01368	0.00977	0.00782	0.00684	0.00195	0.01368	0.00489	0.00391	0.00879
24	0.68274	0.01437	0.01159	0.01038	0.01483	0.01647	0.00844	0.05437	0.01444	0.03387	0.03405	0.05119	0.01266	0.00829	0.00524	0.00238	0.00585	0.00546	0.00508	0.00832
25	0.02096	0.01733	0.01833	0.01586	0.02052	0.01984	0.01251	0.17039	0.53892	0.03510	0.02822	0.02618	0.02100	0.01004	0.00769	0.00251	0.00649	0.00821	0.00769	0.01219
26	0.01180	0.00843	0.01172	0.01336	0.01495	0.00835	0.01137	0.01504	0.01730	0.02267	0.07077	0.16044	0.04575	0.02103	0.01031	0.00339	0.00652	0.53287	0.00706	0.00689
27	0.01521	0.03923	0.69413	0.02162	0.03283	0.01762	0.02802	0.02402	0.01601	0.02402	0.01361	0.01601	0.00961	0.00721	0.00721	0.00240	0.01121	0.00560	0.00320	0.01121
28	0.01049	0.00774	0.00979	0.00928	0.01118	0.00705	0.00696	0.01383	0.02088	0.02902	0.59718	0.05895	0.15737	0.01603	0.00895	0.00241	0.00362	0.01404	0.00817	0.00705
29	0.01521	0.03923	0.69413	0.02162	0.03283	0.01762	0.02802	0.02402	0.01601	0.02402	0.01361	0.01601	0.00961	0.00721	0.00721	0.00240	0.01121	0.00560	0.00320	0.01121
30	0.01084	0.00813	0.01219	0.01219	0.01354	0.00948	0.00948	0.01354	0.01219	0.01761	0.02032	0.02980	0.01896	0.05689	0.70337	0.01219	0.02032	0.00813	0.00406	0.00677
31	0.01790	0.02046	0.04476	0.03197	0.03964	0.01918	0.65857	0.02430	0.01790	0.02430	0.01535	0.02046	0.01151	0.00639	0.00895	0.00256	0.01279	0.00895	0.00384	0.01023
32	0.01066	0.00775	0.01003	0.00946	0.01129	0.00712	0.00710	0.01417	0.02129	0.03000	0.65641	0.05735	0.09754	0.01566	0.00895	0.00239	0.00359	0.01381	0.00829	0.00712
33	0.00896	0.00768	0.00768	0.00768	0.01025	0.00640	0.00576	0.01089	0.01729	0.02049	0.07684	0.07300	0.68304	0.01921	0.00896	0.00256	0.00384	0.01601	0.00704	0.00640
34	0.07876	0.01330	0.01740	0.01342	0.01923	0.01193	0.01109	0.05766	0.02167	0.62991	0.02836	0.02475	0.01794	0.00924	0.00745	0.00234	0.00648	0.00739	0.00905	0.01263
35	0.78701	0.01467	0.01115	0.00997	0.01467	0.01702	0.00821	0.02230	0.01291	0.03403	0.01056	0.01232	0.00821	0.00704	0.00469	0.00235	0.00587	0.00411	0.00469	0.00821
36	0.03403	0.01291	0.01760	0.01350	0.01936	0.01115	0.01115	0.03697	0.02171	0.69137	0.02992	0.02582	0.01878	0.00939	0.00763	0.00235	0.00645	0.00763	0.00939	0.01291
37	0.75514	0.04473	0.01234	0.01010	0.01487	0.01756	0.00841	0.02231	0.01301	0.03336	0.01056	0.01232	0.00828	0.00702	0.00470	0.00232	0.00596	0.00411	0.00463	0.00828
38	0.01222	0.00873	0.01222	0.01397	0.01572	0.00873	0.01222	0.01572	0.01746	0.02270	0.04016	0.08556	0.04365	0.02095	0.01048	0.00349	0.00698	0.63506	0.00698	0.00698
39	0.02028	0.73799	0.03975	0.01298	0.01947	0.03001	0.01298	0.02271	0.01541	0.01785	0.01055	0.01217	0.00973	0.00649	0.00487	0.00162	0.00811	0.00406	0.00324	0.00973
40	0.01074	0.00775	0.01014	0.00954	0.01133	0.00716	0.00716	0.01431	0.02147	0.03042	0.68211	0.05666	0.07157	0.01551	0.00895	0.00239	0.00358	0.01372	0.00835	0.00716
41	0.02070	0.70159	0.03880	0.01332	0.01967	0.06492	0.01307	0.02311	0.01573	0.01788	0.01061	0.01225	0.00974	0.00656	0.00497	0.00164	0.00840	0.00410	0.00328	0.00969
42	0.01102	0.00737	0.00833	0.00831	0.00837	0.00735	0.00467	0.01113	0.01135	0.01519	0.04394	0.04985	0.02892	0.71157	0.03770	0.00720	0.00724	0.01111	0.00471	0.00467
43	0.02166	0.01862	0.05369	0.01620	0.02135	0.01973	0.01341	0.19514	0.45785	0.05631	0.02677	0.02505	0.01974	0.00980	0.00766	0.00248	0.00688	0.00795	0.00750	0.01222
44	0.01121	0.00905	0.00951	0.00932	0.01185	0.00767	0.00685	0.01289	0.01905	0.02391	0.18905	0.07073	0.55147	0.01935	0.00964	0.00284	0.00445	0.01585	0.00780	0.00749
45	0.01043	0.00816	0.01022	0.01148	0.04592	0.00760	0.00764	0.01332	0.04227	0.02275	0.19304	0.30288	0.23044	0.04572	0.01021	0.00287	0.00447	0.01657	0.00710	0.00692
46	0.02841	0.02194	0.02247	0.01750	0.02337	0.06386	0.01434	0.59895	0.05972	0.04543	0.01832	0.01834	0.01311	0.00907	0.00755	0.00227	0.00857	0.00678	0.00737	0.01262
47	0.01573	0.01348	0.01573	0.01123	0.01798	0.01011	0.00899	0.01910	0.01573	0.02472	0.01348	0.01573	0.01123	0.00562	0.00562	0.00112	0.00562	0.00449	0.00449	0.77980
48	0.01614	0.02403	0.23448	0.02336	0.06710	0.03887	0.15001	0.02125	0.01517	0.02171	0.01602	0.02058	0.03803	0.01321	0.06890	0.00346	0.20716	0.00724	0.00364	0.00963
49	0.78701	0.01467	0.01115	0.00997	0.01467	0.01702	0.00821	0.02230	0.01291	0.03403	0.01056	0.01232	0.00821	0.00704	0.00469	0.00235	0.00587	0.00411	0.00469	0.00821
50	0.01293	0.00866	0.01063	0.00990	0.01227	0.00819	0.00751	0.03454	0.01820	0.08669	0.23782	0.05293	0.25741	0.07289	0.13082	0.00448	0.00724	0.01255	0.00699	0.00738
51	0.01612	0.01559	0.02781	0.20736	0.03400	0.01689	0.23000	0.05096	0.01628	0.02229	0.01556	0.02303	0.01300	0.01368	0.07547	0.03575	0.09569	0.03170	0.00399	0.05481
52	0.00938	0.00682	0.00888	0.01039	0.01112	0.00632	0.00712	0.01092	0.01514	0.02000	0.06883	0.62020	0.10812	0.02294	0.00962	0.00302	0.00441	0.04344	0.00709	0.00625
53	0.01056	0.00842	0.00926	0.00886	0.01123	0.00766	0.00662	0.03147	0.04506	0.02443	0.25384	0.06358	0.42082	0.05215	0.01031	0.00273	0.00415	0.01452	0.00736	0.00695
54	0.05011	0.01462	0.01670	0.01416	0.01813	0.01567	0.01134	0.28139	0.06381	0.10676	0.02543	0.05324	0.04329	0.07668	0.07956	0.03287	0.00852	0.07089	0.00684	0.01000
55	0.01574	0.11152	0.62644	0.02073	0.03145	0.01890	0.02647	0.02389	0.01595	0.02338	0.01329	0.01562	0.00962	0.00713	0.00696	0.00232	0.01089	0.00544	0.00321	0.01106
56	0.01965	0.01478	0.01541	0.01298	0.01595	0.03905	0.00955	0.28900	0.06129	0.02989	0.02148	0.03379	0.02047	0.35795	0.02251	0.00473	0.00791	0.00889	0.00603	0.00870
57	0.01432	0.01348	0.02275	0.71520	0.05224	0.01685	0.02107	0.01938	0.01517	0.01938	0.01348	0.02022	0.01011	0.00758	0.00758	0.00253	0.01011	0.00674	0.00337	0.00843
58	0.01490	0.01407	0.02380	0.62807	0.13484	0.01700	0.02135	0.01989	0.01544	0.02008	0.01358	0.02003	0.01036	0.00748	0.00757	0.00249	0.00997	0.00674	0.00342	0.00889
59	0.02883	0.02125	0.02276	0.01745	0.02352	0.02352	0.01442	0.66082	0.03566	0.04780	0.01821	0.01821	0.01290	0.00911	0.00759	0.00228	0.00835	0.00683	0.00759	0.01290
60	0.02028	0.73799	0.03975	0.01298	0.01947	0.03001	0.01298	0.02271	0.01541	0.01785	0.01055	0.01217	0.00973	0.00649	0.00487	0.00162	0.00811	0.00406	0.00324	0.00973
61	0.78701	0.01467	0.01115	0.00997	0.01467	0.01702	0.00821	0.02230	0.01291	0.03403	0.01056	0.01232	0.00821	0.00704	0.00469	0.00235	0.00587	0.00411	0.00469	0.00821
62	0.01048	0.00770	0.00981	0.00938	0.01120	0.00703	0.00700	0.01378	0.02072	0.02886	0.58863	0.08639	0.13823	0.01626	0.00898	0.00243	0.00364	0.01430	0.00815	0.00703
63	0.01666	0.01678	0.02428	0.02050	0.02087	0.02304	0.04779	0.01855	0.01192	0.01855	0.01022	0.01678	0.01003	0.01294	0.02412	0.00328	0.68521	0.00675	0.00334	0.00839
64	0.01266	0.00976	0.01194	0.01180	0.01415	0.00992	0.00941	0.01973	0.15317	0.02778	0.32525	0.06004	0.10379	0.01622	0.00911	0.00274	0.00502	0.18172	0.00774	0.00804
65	0.01074	0.00775	0.01014	0.00954	0.01133	0.00716	0.00716	0.01431	0.02147	0.03042	0.68211	0.05666	0.07157	0.01551	0.00895	0.00239	0.00358	0.01372	0.00835	0.00716
66	0.01521	0.03923	0.69413	0.02162	0.03283	0.01762	0.02802	0.02402	0.01601	0.02402	0.01361	0.01601	0.00961	0.00721	0.00721	0.00240	0.01121	0.00560	0.00320	0.01121
67	0.01644	0.01395	0.01609	0.01171	0.01830	0.01112	0.00937	0.04687	0.05062	0.02604	0.01458	0.01648	0.01192	0.00600	0.00581	0.00125	0.00575	0.00480	0.00479	0.70810
68	0.01844	0.01581	0.01683	0.01534	0.01946	0.01821	0.01202	0.03872	0.63011	0.03115	0.03147	0.03200	0.02448	0.01098	0.00790	0.00263	0.00607	0.04904	0.00767	0.01168
69	0.01495	0.07043	0.54782	0.01985	0.02943	0.01688	0.04353	0.02264	0.01678	0.02458	0.10428	0.02147	0.01809	0.00827	0.00737	0.00236	0.01006	0.00673	0.00392	0.01055
70	0.04649	0.09490	0.49181	0.01961	0.02920	0.01807	0.04205	0.02592	0.04347	0.09628	0.01575	0.01724	0.01117	0.00748	0.00703	0.00234	0.01006	0.00585	0.00413	0.01116
71	0.78701	0.01467	0.01115	0.00997	0.01467	0.01702	0.00821	0.02230	0.01291	0.03403	0.01056	0.01232	0.00821	0.00704	0.00469	0.00235	0.00587	0.00411	0.00469	0.00821
72	0.02028	0.73799	0.03975	0.01298	0.01947	0.03001	0.01298	0.02271	0.01541	0.01785	0.01055	0.01217	0.00973	0.00649	0.00487	0.00162	0.00811	0.00406	0.00324	0.00973
73	0.01084	0.00813	0.01219	0.01219	0.01354	0.00948	0.00948	0.01354	0.01219	0.01761	0.02032	0.02980	0.01896	0.05689	0.70337	0.01219	0.02032	0.00813	0.00406	0.00677
74	0.01689	0.02626	0.25404	0.05604	0.03794	0.01858	0.42890	0.02401	0.01718	0.02401	0.01471	0.01901	0.01084	0.00670	0.00833	0.00251	0.01217	0.00778	0.00361	0.01047
75	0.00923	0.00763	0.00799	0.00800	0.01031	0.00650	0.00591	0.01121	0.01736	0.02121	0.13294	0.09714	0.57337	0.04509	0.01007	0.00274	0.00397	0.01583	0.00708	0.00640
76	0.01414	0.00707	0.00707	0.00707	0.00884	0.00707	0.00530	0.01767	0.01591	0.02828	0.02474	0.02828	0.01944	0.00884	0.00530	0.00177	0.00353	0.00707	0.77554	0.00707
77	0.01103	0.00735	0.00827	0.00827	0.00827	0.00735	0.00460	0.01103	0.01103	0.01471	0.02390	0.04964	0.02758	0.73343	0.03861	0.00735	0.00735	0.01103	0.00460	0.00460
78	0.02028	0.73799	0.03975	0.01298	0.01947	0.03001	0.01298	0.02271	0.01541	0.01785	0.01055	0.01217	0.00973	0.00649	0.00487	0.00162	0.00811	0.00406	0.00324	0.00973
79	0.02833	0.03615	0.02149	0.01954	0.02345	0.70298	0.01466	0.03029	0.02149	0.01856	0.01172	0.01368	0.00977	0.00782	0.00684	0.00195	0.01368	0.00489	0.00391	0.00879
80	0.05342	0.02015	0.02138	0.01684	0.02255	0.02248	0.01378	0.53013	0.14623	0.04451	0.02016	0.01977	0.01453	0.00924	0.00751	0.00233	0.00785	0.00704	0.00751	0.01258
81	0.01103	0.00735	0.00827	0.00827	0.00827	0.00735	0.00460	0.01103	0.01103	0.01471	0.02390	0.04964	0.02758	0.73343	0.03861	0.00735	0.00735	0.01103	0.00460	0.00460
82	0.02883	0.02125	0.02276	0.01745	0.02352	0.02352	0.01442	0.66082	0.03566	0.04780	0.01821	0.01821	0.01290	0.00911	0.00759	0.00228	0.00835	0.00683	0.00759	0.01290
83	0.01492	0.01422	0.02324	0.56817	0.07970	0.01795	0.02046	0.01940	0.01470	0.01948	0.01295	0.01956	0.01018	0.00846	0.01038	0.00264	0.12489	0.00673	0.00338	0.00859
84	0.01103	0.00735	0.00827	0.00827	0.00827	0.00735	0.00460	0.01103	0.01103	0.01471	0.02390	0.04964	0.02758	0.73343	0.03861	0.00735	0.00735	0.01103	0.00460	0.00460
85	0.02883	0.02125	0.02276	0.01745	0.02352	0.02352	0.01442	0.66082	0.03566	0.04780	0.01821	0.01821	0.01290	0.00911	0.00759	0.00228	0.00835	0.00683	0.00759	0.01290
86	0.01521	0.03923	0.69413	0.02162	0.03283	0.01762	0.02802	0.02402	0.01601	0.02402	0.01361	0.01601	0.00961	0.00721	0.00721	0.00240	0.01121	0.00560	0.00320	0.01121
87	0.01877	0.01802	0.03079	0.04656	0.68612	0.01802	0.02328	0.02328	0.01727	0.02478	0.01427	0.01877	0.01201	0.00676	0.00751	0.00225	0.00901	0.00676	0.00375	0.01201
88	0.01228	0.00888	0.01216	0.01368	0.01546	0.00894	0.01175	0.01637	0.04310	0.02321	0.06656	0.11336	0.04433	0.02045	0.01027	0.00339	0.00668	0.55493	0.00707	0.00715
89	0.01066	0.00775	0.01003	0.00946	0.01129	0.00712	0.00710	0.01417	0.02129	0.03000	0.65641	0.05735	0.09754	0.01566	0.00895	0.00239	0.00359	0.01381	0.00829	0.00712
90	0.01103	0.00735	0.00827	0.00827	0.00827	0.00735	0.00460	0.01103	0.01103	0.01471	0.02390	0.04964	0.02758	0.73343	0.03861	0.00735	0.00735	0.01103	0.00460	0.00460
91	0.01103	0.00735	0.00827	0.00827	0.00827	0.00735	0.00460	0.01103	0.01103	0.01471	0.02390	0.04964	0.02758	0.73343	0.03861	0.00735	0.00735	0.01103	0.00460	0.00460
92	0.01521	0.03923	0.69413	0.02162	0.03283	0.01762	0.02802	0.02402	0.01601	0.02402	0.01361	0.01601	0.00961	0.00721	0.00721	0.00240	0.01121	0.00560	0.00320	0.01121
93	0.00970	0.00765	0.00875	0.00861	0.01073	0.00670	0.00641	0.01226	0.01883	0.02447	0.32123	0.10544	0.39629	0.01797	0.00900	0.00252	0.00377	0.01541	0.00758	0.00670
94	0.00910	0.00761	0.00805	0.00821	0.01051	0.00657	0.00610	0.01102	0.01674	0.02022	0.07035	0.12869	0.58717	0.02186	0.05044	0.00318	0.00487	0.01603	0.00687	0.00640
95	0.01005	0.00789	0.00907	0.00954	0.01133	0.00726	0.00697	0.01298	0.05056	0.02152	0.11455	0.25410	0.33521	0.05666	0.01074	0.00301	0.00449	0.06036	0.00707	0.00664
96	0.01566	0.10104	0.63625	0.02085	0.03165	0.01871	0.02669	0.02391	0.01596	0.02347	0.01334	0.01567	0.00962	0.00714	0.00700	0.00233	0.01094	0.00547	0.00321	0.01108
97	0.56086	0.01655	0.01372	0.01193	0.01639	0.07027	0.00970	0.07267	0.01610	0.06710	0.04074	0.01567	0.01202	0.00804	0.00637	0.00236	0.04041	0.00509	0.00519	0.00883
98	0.01889	0.01801	0.03432	0.05859	0.03327	0.01658	0.40928	0.04711	0.01823	0.07673	0.01607	0.01973	0.01199	0.00661	0.00799	0.00221	0.01041	0.00767	0.00453	0.18178
99	0.39306	0.01419	0.01463	0.01184	0.01722	0.01447	0.00975	0.05826	0.01774	0.29992	0.01896	0.01830	0.01292	0.00799	0.00608	0.00226	0.00620	0.00569	0.00672	0.06382
100	0.60143	0.01894	0.01352	0.01206	0.01665	0.15565	0.00964	0.02454	0.01502	0.05882	0.01162	0.01317	0.00898	0.00730	0.00525	0.00227	0.00747	0.00441	0.00473	0.00853
101	0.02002	0.70196	0.07350	0.01342	0.02016	0.02937	0.01375	0.02278	0.01544	0.01816	0.01070	0.01237	0.00973	0.00653	0.00499	0.00166	0.00827	0.00414	0.00324	0.00981
102	0.01668	0.01263	0.07673	0.01199	0.01588	0.00995	0.01037	0.02196	0.06999	0.16321	0.41111	0.04280	0.04897	0.01269	0.00829	0.00234	0.00514	0.01096	0.00787	0.04042
103	0.59418	0.01513	0.01231	0.01097	0.01535	0.04199	0.00886	0.04770	0.06217	0.03345	0.08182	0.01833	0.01608	0.00826	0.00554	0.00235	0.00603	0.00556	0.00537	0.00858

[dist]
# distance from previous block
# <min> <max>
0	1

[block]
# block no. 2 follows, 26 sequences, length 11
# corresponding to MSA columns:
# 159-169
name=unknown_C
#
# <colnr> <probs for GDERKNQSTAVLIFYWHMCP>
#	G	D	E	R	K	N	Q	S	T	A	V	L	I	F	Y	W	H	M	C	P
0	0.01844	0.47516	0.16400	0.01663	0.02388	0.02496	0.09070	0.02263	0.01619	0.02056	0.05330	0.01663	0.01375	0.00717	0.00604	0.00193	0.00897	0.00552	0.00362	0.00992
1	0.01886	0.54246	0.22286	0.01540	0.02321	0.02654	0.01719	0.02308	0.01558	0.01957	0.01140	0.01324	0.00970	0.00669	0.00552	0.00184	0.00898	0.00449	0.00323	0.01015
2	0.01662	0.23347	0.51223	0.01922	0.02911	0.02106	0.02384	0.02366	0.01585	0.02230	0.01276	0.01494	0.00964	0.00701	0.00656	0.00219	0.01035	0.00517	0.00321	0.01080
3	0.01290	0.00669	0.00967	0.00967	0.00967	0.00669	0.00633	0.01003	0.01003	0.01337	0.01457	0.02652	0.01505	0.11849	0.03081	0.67872	0.00669	0.00717	0.00346	0.00346
4	0.02733	0.01462	0.01940	0.01461	0.02077	0.01312	0.05114	0.10454	0.04579	0.38527	0.02361	0.02219	0.01593	0.00827	0.00721	0.00206	0.00684	0.00687	0.00756	0.20286
5	0.53934	0.07963	0.01559	0.01187	0.01670	0.09769	0.00978	0.02522	0.04613	0.08006	0.01311	0.01424	0.01003	0.00741	0.00532	0.00225	0.00702	0.00467	0.00497	0.00895
6	0.00989	0.00718	0.00945	0.01090	0.01186	0.00674	0.00793	0.01182	0.01578	0.02082	0.08623	0.50492	0.10501	0.02229	0.00972	0.00307	0.00479	0.13808	0.00712	0.00640
7	0.16589	0.09411	0.31132	0.01584	0.02338	0.01644	0.01762	0.02452	0.01692	0.13386	0.09323	0.02125	0.01805	0.00842	0.00677	0.00231	0.00823	0.00644	0.00509	0.01030
8	0.01521	0.03923	0.69413	0.02162	0.03283	0.01762	0.02802	0.02402	0.01601	0.02402	0.01361	0.01601	0.00961	0.00721	0.00721	0.00240	0.01121	0.00560	0.00320	0.01121
9	0.01724	0.01375	0.01611	0.01186	0.01830	0.01097	0.00958	0.06157	0.01737	0.05569	0.01572	0.01947	0.01313	0.00670	0.00605	0.00136	0.00589	0.03308	0.00502	0.66112
10	0.01877	0.39311	0.35217	0.01775	0.02649	0.02434	0.02051	0.02392	0.01630	0.02174	0.01306	0.01546	0.01066	0.00752	0.00644	0.00219	0.00990	0.00515	0.00359	0.01093

[dist]
# distance from previous block
# <min> <max>
0	1

[block]
# block no. 3 follows, 26 sequences, length 70
# corresponding to MSA columns:
# 171-240
name=unknown_D
#
# <colnr> <probs for GDERKNQSTAVLIFYWHMCP>
#	G	D	E	R	K	N	Q	S	T	A	V	L	I	F	Y	W	H	M	C	P
0	0.02822	0.02450	0.02219	0.01784	0.02332	0.18286	0.01435	0.48182	0.06407	0.04014	0.01732	0.01765	0.01268	0.00886	0.00742	0.00222	0.00948	0.00646	0.00673	0.01189
1	0.00941	0.00678	0.00896	0.01064	0.01126	0.00633	0.00730	0.01090	0.01484	0.01962	0.04336	0.65760	0.07965	0.02337	0.00970	0.00308	0.00453	0.05940	0.00704	0.00622
2	0.00924	0.00660	0.00880	0.01056	0.01100	0.00616	0.00704	0.01056	0.01452	0.01936	0.04181	0.72848	0.05017	0.02376	0.00968	0.00308	0.00440	0.02156	0.00704	0.00616
3	0.01558	0.06592	0.62773	0.02192	0.03272	0.01821	0.06658	0.02399	0.01611	0.02379	0.01360	0.01614	0.00973	0.00713	0.00722	0.00238	0.01118	0.00575	0.00324	0.01109
4	0.01084	0.00813	0.01219	0.01219	0.01354	0.00948	0.00948	0.01354	0.01219	0.01761	0.02032	0.02980	0.01896	0.05689	0.70337	0.01219	0.02032	0.00813	0.00406	0.00677
5	0.01877	0.01802	0.03079	0.04656	0.68612	0.01802	0.02328	0.02328	0.01727	0.02478	0.01427	0.01877	0.01201	0.00676	0.00751	0.00225	0.00901	0.00676	0.00375	0.01201
6	0.00924	0.00660	0.00880	0.01056	0.01100	0.00616	0.00704	0.01056	0.01452	0.01936	0.04181	0.72848	0.05017	0.02376	0.00968	0.00308	0.00440	0.02156	0.00704	0.00616
7	0.01713	0.28006	0.42718	0.01927	0.02862	0.02201	0.06197	0.02359	0.01592	0.02190	0.01266	0.01496	0.00977	0.00691	0.00650	0.00214	0.01023	0.00528	0.00326	0.01064
8	0.01993	0.71094	0.03873	0.01295	0.01925	0.02925	0.01285	0.02237	0.01529	0.01784	0.01091	0.01282	0.01008	0.00836	0.03076	0.00201	0.00856	0.00421	0.00328	0.00962
9	0.00917	0.00775	0.00797	0.00807	0.01058	0.00655	0.00616	0.01119	0.01730	0.02063	0.07456	0.07378	0.64333	0.01932	0.00906	0.00262	0.00404	0.05445	0.00704	0.00644
10	0.01483	0.01399	0.02366	0.63967	0.12384	0.01698	0.02132	0.01982	0.01540	0.01999	0.01357	0.02006	0.01033	0.00749	0.00758	0.00250	0.00999	0.00674	0.00341	0.00883
11	0.01594	0.13982	0.59993	0.02038	0.03091	0.01940	0.02586	0.02383	0.01593	0.02313	0.01317	0.01546	0.00963	0.00710	0.00687	0.00229	0.01076	0.00538	0.00321	0.01100
12	0.02648	0.01961	0.02139	0.01680	0.02228	0.02179	0.01378	0.56751	0.05444	0.04388	0.01887	0.01985	0.01392	0.01449	0.08548	0.00340	0.00961	0.00703	0.00720	0.01218
13	0.01150	0.00850	0.01122	0.01258	0.01451	0.00822	0.01080	0.01465	0.01742	0.02221	0.04824	0.08279	0.18455	0.02057	0.01014	0.00329	0.00629	0.49865	0.00700	0.00686
14	0.01897	0.55797	0.20834	0.01520	0.02291	0.02682	0.01685	0.02305	0.01557	0.01944	0.01134	0.01316	0.00970	0.00667	0.00547	0.00182	0.00891	0.00445	0.00323	0.01011
15	0.02752	0.02059	0.02202	0.01719	0.02302	0.02291	0.01410	0.57880	0.11983	0.04568	0.01988	0.01954	0.01425	0.00926	0.00761	0.00232	0.00804	0.00706	0.00761	0.01278
16	0.01003	0.00721	0.00951	0.01003	0.01118	0.00669	0.00710	0.01254	0.01818	0.02518	0.37875	0.37496	0.06143	0.01942	0.00929	0.00271	0.00397	0.01743	0.00773	0.00669
17	0.01612	0.01601	0.02349	0.01991	0.02052	0.02164	0.05577	0.01817	0.01206	0.01857	0.01130	0.01812	0.01093	0.01709	0.08997	0.00414	0.60758	0.00693	0.00342	0.00827
18	0.01557	0.01475	0.02500	0.52809	0.22962	0.01718	0.02168	0.02047	0.01576	0.02089	0.01370	0.01982	0.01064	0.00735	0.00756	0.00245	0.00980	0.00675	0.00348	0.00943
19	0.01470	0.01399	0.02283	0.60163	0.04696	0.01789	0.02033	0.01920	0.01459	0.01920	0.01291	0.01963	0.01009	0.00851	0.01041	0.00266	0.12600	0.00672	0.00336	0.00841
20	0.00924	0.00660	0.00880	0.01056	0.01100	0.00616	0.00704	0.01056	0.01452	0.01936	0.04181	0.72848	0.05017	0.02376	0.00968	0.00308	0.00440	0.02156	0.00704	0.00616
21	0.01521	0.03923	0.69413	0.02162	0.03283	0.01762	0.02802	0.02402	0.01601	0.02402	0.01361	0.01601	0.00961	0.00721	0.00721	0.00240	0.01121	0.00560	0.00320	0.01121
22	0.01453	0.01370	0.02313	0.68362	0.08218	0.01691	0.02117	0.01956	0.01527	0.01963	0.01352	0.02015	0.01020	0.00754	0.00758	0.00251	0.01006	0.00674	0.00339	0.00860
23	0.02883	0.02125	0.02276	0.01745	0.02352	0.02352	0.01442	0.66082	0.03566	0.04780	0.01821	0.01821	0.01290	0.00911	0.00759	0.00228	0.00835	0.00683	0.00759	0.01290
24	0.01442	0.01340	0.02197	0.62720	0.04792	0.01666	0.02010	0.01976	0.03534	0.01992	0.01547	0.02421	0.01249	0.00866	0.00838	0.00261	0.03529	0.04402	0.00372	0.00845
25	0.02050	0.02184	0.04414	0.03230	0.03952	0.02058	0.59707	0.02556	0.01914	0.02635	0.01780	0.02397	0.01410	0.00867	0.01084	0.00310	0.04865	0.00959	0.00479	0.01148
26	0.01222	0.00873	0.01222	0.01397	0.01572	0.00873	0.01222	0.01572	0.01746	0.02270	0.04016	0.08556	0.04365	0.02095	0.01048	0.00349	0.00698	0.63506	0.00698	0.00698
27	0.01790	0.02046	0.04476	0.03197	0.03964	0.01918	0.65857	0.02430	0.01790	0.02430	0.01535	0.02046	0.01151	0.00639	0.00895	0.00256	0.01279	0.00895	0.00384	0.01023
28	0.01815	0.01551	0.01657	0.01508	0.01912	0.01781	0.01178	0.03786	0.60930	0.03124	0.06324	0.03242	0.02650	0.01105	0.00791	0.00261	0.00593	0.03867	0.00771	0.01153
29	0.01500	0.00918	0.01187	0.01079	0.01326	0.00864	0.00837	0.04825	0.02135	0.12250	0.47396	0.05260	0.05695	0.04871	0.01023	0.00270	0.00467	0.06470	0.00817	0.00810
30	0.00924	0.00660	0.00880	0.01056	0.01100	0.00616	0.00704	0.01056	0.01452	0.01936	0.04181	0.72848	0.05017	0.02376	0.00968	0.00308	0.00440	0.02156	0.00704	0.00616
31	0.01432	0.01348	0.02275	0.71520	0.05224	0.01685	0.02107	0.01938	0.01517	0.01938	0.01348	0.02022	0.01011	0.00758	0.00758	0.00253	0.01011	0.00674	0.00337	0.00843
32	0.03299	0.01271	0.01735	0.01352	0.01919	0.01103	0.01120	0.03595	0.02151	0.65952	0.03041	0.02866	0.01996	0.00994	0.00776	0.00240	0.00648	0.03751	0.00927	0.01263
33	0.01137	0.00772	0.00899	0.00885	0.00885	0.00800	0.00521	0.01129	0.01100	0.01479	0.02279	0.04696	0.02614	0.66900	0.03759	0.04365	0.03801	0.01063	0.00448	0.00469
34	0.01521	0.03923	0.69413	0.02162	0.03283	0.01762	0.02802	0.02402	0.01601	0.02402	0.01361	0.01601	0.00961	0.00721	0.00721	0.00240	0.01121	0.00560	0.00320	0.01121
35	0.03403	0.01291	0.01760	0.01350	0.01936	0.01115	0.01115	0.03697	0.02171	0.69137	0.02992	0.02582	0.01878	0.00939	0.00763	0.00235	0.00645	0.00763	0.00939	0.01291
36	0.01432	0.01348	0.02275	0.71520	0.05224	0.01685	0.02107	0.01938	0.01517	0.01938	0.01348	0.02022	0.01011	0.00758	0.00758	0.00253	0.01011	0.00674	0.00337	0.00843
37	0.02028	0.73799	0.03975	0.01298	0.01947	0.03001	0.01298	0.02271	0.01541	0.01785	0.01055	0.01217	0.00973	0.00649	0.00487	0.00162	0.00811	0.00406	0.00324	0.00973
38	0.01432	0.01348	0.02275	0.71520	0.05224	0.01685	0.02107	0.01938	0.01517	0.01938	0.01348	0.02022	0.01011	0.00758	0.00758	0.00253	0.01011	0.00674	0.00337	0.00843
39	0.02758	0.03494	0.02109	0.01922	0.02302	0.67310	0.01443	0.02957	0.02109	0.01852	0.01209	0.01437	0.01017	0.00993	0.03685	0.00240	0.01396	0.00502	0.00391	0.00871
40	0.00924	0.00660	0.00880	0.01056	0.01100	0.00616	0.00704	0.01056	0.01452	0.01936	0.04181	0.72848	0.05017	0.02376	0.00968	0.00308	0.00440	0.02156	0.00704	0.00616
41	0.00975	0.00742	0.01093	0.01183	0.01270	0.00693	0.04564	0.01138	0.01472	0.01966	0.04024	0.68653	0.04788	0.02273	0.00964	0.00305	0.00490	0.02082	0.00685	0.00640
42	0.01553	0.08262	0.65350	0.02108	0.03200	0.01839	0.02709	0.02394	0.01598	0.02364	0.01342	0.01578	0.00962	0.00716	0.00706	0.00235	0.01102	0.00551	0.00321	0.01112
43	0.02037	0.67339	0.07159	0.01369	0.02030	0.05794	0.01380	0.02310	0.01570	0.01818	0.01075	0.01242	0.00973	0.00658	0.00507	0.00168	0.00850	0.00417	0.00327	0.00977
44	0.02833	0.03615	0.02149	0.01954	0.02345	0.70298	0.01466	0.03029	0.02149	0.01856	0.01172	0.01368	0.00977	0.00782	0.00684	0.00195	0.01368	0.00489	0.00391	0.00879
45	0.00924	0.00660	0.00880	0.01056	0.01100	0.00616	0.00704	0.01056	0.01452	0.01936	0.04181	0.72848	0.05017	0.02376	0.00968	0.00308	0.00440	0.02156	0.00704	0.00616
46	0.01318	0.00659	0.00988	0.00988	0.00988	0.00659	0.00659	0.00988	0.00988	0.01318	0.01318	0.02306	0.01318	0.02635	0.02964	0.77931	0.00659	0.00659	0.00329	0.00329
47	0.01450	0.01366	0.02307	0.68855	0.07750	0.01690	0.02115	0.01954	0.01525	0.01960	0.01351	0.02016	0.01019	0.00755	0.00758	0.00252	0.01007	0.00674	0.00339	0.00857
48	0.01074	0.00775	0.01014	0.00954	0.01133	0.00716	0.00716	0.01431	0.02147	0.03042	0.68211	0.05666	0.07157	0.01551	0.00895	0.00239	0.00358	0.01372	0.00835	0.00716
49	0.02824	0.02095	0.02243	0.01733	0.02330	0.02325	0.01427	0.62406	0.07339	0.04685	0.01896	0.01881	0.01351	0.00918	0.00760	0.00229	0.00821	0.00693	0.00760	0.01285
50	0.01103	0.00735	0.00827	0.00827	0.00827	0.00735	0.00460	0.01103	0.01103	0.01471	0.02390	0.04964	0.02758	0.73343	0.03861	0.00735	0.00735	0.01103	0.00460	0.00460
51	0.01318	0.00659	0.00988	0.00988	0.00988	0.00659	0.00659	0.00988	0.00988	0.01318	0.01318	0.02306	0.01318	0.02635	0.02964	0.77931	0.00659	0.00659	0.00329	0.00329
52	0.02883	0.02125	0.02276	0.01745	0.02352	0.02352	0.01442	0.66082	0.03566	0.04780	0.01821	0.01821	0.01290	0.00911	0.00759	0.00228	0.00835	0.00683	0.00759	0.01290
53	0.01501	0.00791	0.00800	0.00768	0.00971	0.00804	0.00584	0.05578	0.01708	0.02944	0.02436	0.02768	0.01905	0.00885	0.00544	0.00180	0.00382	0.00706	0.73004	0.00742
54	0.02476	0.01219	0.01543	0.01275	0.01725	0.01157	0.01020	0.03144	0.14948	0.38452	0.18327	0.03513	0.05524	0.01133	0.00800	0.00241	0.00561	0.00952	0.00874	0.01117
55	0.02835	0.02441	0.02227	0.01785	0.02337	0.17579	0.01438	0.49643	0.05602	0.04065	0.01722	0.01757	0.01258	0.00886	0.00742	0.00221	0.00946	0.00646	0.00677	0.01195
56	0.01063	0.00763	0.01023	0.01098	0.01232	0.00723	0.00839	0.01346	0.01823	0.02492	0.31496	0.28031	0.05768	0.01953	0.00957	0.00289	0.00470	0.17198	0.00759	0.00679
57	0.00970	0.00700	0.00921	0.01032	0.01122	0.00650	0.00720	0.01168	0.01645	0.02226	0.20207	0.51609	0.07800	0.02145	0.00950	0.00290	0.00426	0.04035	0.00736	0.00645
58	0.01074	0.00775	0.01014	0.00954	0.01133	0.00716	0.00716	0.01431	0.02147	0.03042	0.68211	0.05666	0.07157	0.01551	0.00895	0.00239	0.00358	0.01372	0.00835	0.00716
59	0.01158	0.00827	0.01149	0.01324	0.01470	0.00818	0.01111	0.01461	0.01683	0.02198	0.04051	0.22375	0.04505	0.02156	0.01031	0.00340	0.00643	0.50320	0.00700	0.00681
60	0.00938	0.00670	0.00896	0.01072	0.01122	0.00628	0.00729	0.01080	0.01466	0.01952	0.04173	0.69811	0.04986	0.02363	0.00972	0.00310	0.00452	0.05054	0.00704	0.00620
61	0.14399	0.01059	0.01054	0.00953	0.01243	0.01130	0.00745	0.09964	0.04646	0.03211	0.10751	0.02807	0.02371	0.00950	0.00607	0.00204	0.00464	0.00748	0.41874	0.00821
62	0.01074	0.00775	0.01014	0.00954	0.01133	0.00716	0.00716	0.01431	0.02147	0.03042	0.68211	0.05666	0.07157	0.01551	0.00895	0.00239	0.00358	0.01372	0.00835	0.00716
63	0.03403	0.01291	0.01760	0.01350	0.01936	0.01115	0.01115	0.03697	0.02171	0.69137	0.02992	0.02582	0.01878	0.00939	0.00763	0.00235	0.00645	0.00763	0.00939	0.01291
64	0.01002	0.00690	0.00868	0.00975	0.01022	0.00658	0.00634	0.01125	0.01416	0.01931	0.08161	0.47462	0.04449	0.20732	0.01697	0.00409	0.00507	0.01765	0.03910	0.00586
65	0.01772	0.01511	0.01620	0.01492	0.01887	0.01724	0.01173	0.03640	0.57445	0.03027	0.03399	0.03627	0.05642	0.01180	0.00806	0.00267	0.00600	0.07304	0.00761	0.01123
66	0.01790	0.02046	0.04476	0.03197	0.03964	0.01918	0.65857	0.02430	0.01790	0.02430	0.01535	0.02046	0.01151	0.00639	0.00895	0.00256	0.01279	0.00895	0.00384	0.01023
67	0.01188	0.00801	0.01050	0.00974	0.01173	0.00735	0.00735	0.01542	0.02148	0.06282	0.65014	0.05515	0.06898	0.01521	0.00888	0.00238	0.00372	0.01342	0.00840	0.00744
68	0.04918	0.00880	0.01281	0.01332	0.03777	0.01016	0.00991	0.01432	0.01241	0.01867	0.01962	0.02855	0.01819	0.05264	0.64411	0.01135	0.01920	0.00788	0.00408	0.00703
69	0.01971	0.01671	0.01763	0.01561	0.02005	0.01926	0.01221	0.09303	0.61831	0.03310	0.02980	0.02744	0.02228	0.01019	0.00771	0.00255	0.00620	0.00843	0.00771	0.01208

[dist]
# distance from previous block
# <min> <max>
0	2

[block]
# block no. 4 follows, 26 sequences, length 6
# corresponding to MSA columns:
# 243-248
name=unknown_E
#
# <colnr> <probs for GDERKNQSTAVLIFYWHMCP>
#	G	D	E	R	K	N	Q	S	T	A	V	L	I	F	Y	W	H	M	C	P
0	0.01471	0.01009	0.01245	0.01143	0.01349	0.01024	0.00852	0.14617	0.02076	0.02846	0.29195	0.16250	0.04356	0.01791	0.01307	0.16285	0.00533	0.01223	0.00691	0.00737
1	0.01670	0.01728	0.02057	0.34619	0.11360	0.15641	0.01711	0.02028	0.01659	0.01985	0.01906	0.16489	0.01854	0.01087	0.00785	0.00249	0.00954	0.00942	0.00429	0.00846
2	0.01710	0.01467	0.02051	0.21524	0.15349	0.01629	0.01595	0.10011	0.15498	0.02863	0.15580	0.02890	0.02618	0.00980	0.00788	0.00243	0.00750	0.00857	0.00587	0.01012
3	0.00924	0.00660	0.00880	0.01056	0.01100	0.00616	0.00704	0.01056	0.01452	0.01936	0.04181	0.72848	0.05017	0.02376	0.00968	0.00308	0.00440	0.02156	0.00704	0.00616
4	0.01029	0.00704	0.00849	0.00922	0.00940	0.00686	0.00561	0.01084	0.01247	0.01663	0.03129	0.32988	0.03690	0.44047	0.02667	0.00559	0.00613	0.01538	0.00561	0.00524
5	0.01672	0.32944	0.13692	0.01775	0.02398	0.02091	0.14737	0.02074	0.01584	0.02046	0.01847	0.16234	0.01843	0.01015	0.00707	0.00224	0.00880	0.00892	0.00414	0.00933

[dist]
# distance from previous block
# <min> <max>
0	4

[block]
# block no. 5 follows, 26 sequences, length 7
# corresponding to MSA columns:
# 253-259
name=unknown_F
#
# <colnr> <probs for GDERKNQSTAVLIFYWHMCP>
#	G	D	E	R	K	N	Q	S	T	A	V	L	I	F	Y	W	H	M	C	P
0	0.01800	0.58706	0.03336	0.01248	0.01772	0.02509	0.01175	0.02021	0.01523	0.01816	0.01700	0.15999	0.01808	0.01005	0.00586	0.00192	0.00735	0.00767	0.00403	0.00900
1	0.01991	0.01773	0.02743	0.18173	0.41555	0.01891	0.02098	0.15402	0.02062	0.02839	0.01492	0.01896	0.01180	0.00742	0.00754	0.00232	0.00911	0.00677	0.00446	0.01144
2	0.01596	0.01436	0.02275	0.63660	0.04901	0.01760	0.02032	0.09164	0.01748	0.02258	0.01401	0.02000	0.01043	0.00775	0.00758	0.00250	0.00991	0.00675	0.00385	0.00893
3	0.01600	0.01639	0.03138	0.41079	0.10272	0.01779	0.25114	0.02149	0.01634	0.02162	0.01422	0.02018	0.01078	0.00708	0.00807	0.00251	0.01098	0.00754	0.00357	0.00939
4	0.01047	0.00774	0.00977	0.00926	0.01117	0.00704	0.00695	0.01380	0.02085	0.02893	0.59160	0.05910	0.16301	0.01606	0.00895	0.00241	0.00362	0.01406	0.00815	0.00704
5	0.01765	0.01306	0.01700	0.23539	0.02723	0.01493	0.01336	0.18985	0.02042	0.02913	0.01877	0.02325	0.01466	0.01551	0.10826	0.00366	0.00935	0.00705	0.21245	0.00902
6	0.02128	0.16628	0.02301	0.01536	0.02048	0.02216	0.01272	0.16888	0.40117	0.03229	0.02398	0.02282	0.01820	0.00925	0.00710	0.00231	0.00694	0.00727	0.00677	0.01173

[dist]
# distance from previous block
# <min> <max>
0	11

# created by:
# /st0/software/busco_prod/Augustus/scripts/msa2prfl.pl ./align_prep/107772.fa
