[name]
unknown

[dist]
# distance from previous block
# <min> <max>
0	6

[block]
# block no. 0 follows, 23 sequences, length 29
# corresponding to MSA columns:
# 6-34
name=unknown_A
#
# <colnr> <probs for GDERKNQSTAVLIFYWHMCP>
#	G	D	E	R	K	N	Q	S	T	A	V	L	I	F	Y	W	H	M	C	P
0	0.16240	0.02248	0.24175	0.01616	0.02262	0.01480	0.01712	0.04720	0.01883	0.06594	0.11215	0.03928	0.05214	0.01235	0.00821	0.00277	0.00820	0.11970	0.00597	0.00991
1	0.02592	0.02653	0.14401	0.05509	0.02811	0.07794	0.01820	0.36489	0.10954	0.04000	0.01944	0.02012	0.01410	0.00932	0.00799	0.00249	0.00976	0.00712	0.00670	0.01272
2	0.12581	0.01187	0.01343	0.01185	0.01564	0.01166	0.00949	0.08286	0.02195	0.14852	0.21655	0.04988	0.17243	0.01472	0.00865	0.00266	0.00560	0.05896	0.00808	0.00937
3	0.01265	0.00714	0.00975	0.01041	0.01079	0.00698	0.00697	0.01184	0.01310	0.01835	0.02668	0.26568	0.02930	0.05199	0.02161	0.38006	0.00588	0.01289	0.09279	0.00512
4	0.01409	0.00705	0.01057	0.01057	0.01057	0.00705	0.00705	0.01057	0.01057	0.01409	0.01409	0.02467	0.01409	0.02819	0.03171	0.76392	0.00705	0.00705	0.00352	0.00352
5	0.01433	0.01264	0.01279	0.01250	0.01512	0.06782	0.00948	0.02113	0.14742	0.02698	0.20915	0.14923	0.18665	0.01738	0.00936	0.00280	0.00577	0.06318	0.00775	0.00851
6	0.01405	0.00910	0.01160	0.01118	0.01335	0.00856	0.00844	0.01785	0.04528	0.08872	0.35339	0.13312	0.10176	0.07473	0.01223	0.00320	0.00502	0.07210	0.00828	0.00802
7	0.01115	0.00812	0.01050	0.01025	0.01201	0.00746	0.00756	0.01454	0.02167	0.03029	0.54142	0.15308	0.10546	0.01805	0.00968	0.00267	0.00397	0.01599	0.00866	0.00746
8	0.01668	0.07847	0.61444	0.02304	0.03461	0.01964	0.05203	0.02563	0.01717	0.02534	0.01445	0.01709	0.01036	0.00763	0.00764	0.00253	0.01187	0.00604	0.00345	0.01187
9	0.04416	0.00904	0.00931	0.00882	0.01103	0.00918	0.00660	0.06045	0.01853	0.03056	0.08437	0.03567	0.05557	0.06801	0.00925	0.00254	0.00458	0.00885	0.51568	0.00780
10	0.03043	0.01405	0.01797	0.01447	0.01987	0.01324	0.01169	0.07678	0.10471	0.45808	0.08222	0.06881	0.02669	0.01154	0.00841	0.00258	0.00661	0.00960	0.00945	0.01278
11	0.01513	0.00756	0.00756	0.00756	0.00945	0.00756	0.00567	0.01891	0.01702	0.03025	0.02647	0.03025	0.02080	0.00945	0.00567	0.00189	0.00378	0.00756	0.75988	0.00756
12	0.01532	0.01442	0.02434	0.69533	0.05589	0.01803	0.02253	0.02073	0.01622	0.02073	0.01442	0.02163	0.01082	0.00811	0.00811	0.00270	0.01082	0.00721	0.00361	0.00901
13	0.01001	0.00817	0.00884	0.00880	0.01125	0.00701	0.00655	0.01241	0.01929	0.02411	0.20303	0.10767	0.50469	0.01996	0.00963	0.00273	0.00408	0.01692	0.00783	0.00701
14	0.01143	0.00816	0.01061	0.01203	0.01295	0.00792	0.00855	0.04148	0.01684	0.02237	0.04223	0.55323	0.04948	0.06216	0.01207	0.00357	0.00547	0.10507	0.00741	0.00696
15	0.77215	0.01569	0.01193	0.01067	0.01569	0.01820	0.00879	0.02385	0.01381	0.03641	0.01130	0.01318	0.00879	0.00753	0.00502	0.00251	0.00628	0.00439	0.00502	0.00879
16	0.01057	0.00826	0.00958	0.00925	0.01156	0.00727	0.00694	0.01355	0.02082	0.02743	0.38219	0.06901	0.35750	0.01849	0.00958	0.00264	0.00396	0.01585	0.00826	0.00727
17	0.03008	0.02199	0.02353	0.01813	0.02439	0.02430	0.01494	0.60687	0.03712	0.05012	0.01982	0.02001	0.01414	0.00973	0.00800	0.00241	0.00868	0.00732	0.04495	0.01349
18	0.02018	0.01743	0.01835	0.01651	0.02110	0.02018	0.01284	0.04312	0.64956	0.03394	0.03303	0.03027	0.02477	0.01101	0.00826	0.00275	0.00642	0.00917	0.00826	0.01284
19	0.03584	0.01472	0.01940	0.01487	0.02117	0.01328	0.01228	0.10065	0.02475	0.60657	0.03073	0.02679	0.01944	0.01001	0.00816	0.00250	0.00711	0.00807	0.00985	0.01381
20	0.02723	0.01538	0.01815	0.01521	0.02050	0.01583	0.01215	0.04017	0.33478	0.32662	0.03459	0.03102	0.04883	0.01096	0.00827	0.00264	0.00655	0.00903	0.00905	0.01304
21	0.11959	0.00935	0.01100	0.01027	0.01263	0.00916	0.00782	0.01653	0.02167	0.03309	0.56775	0.05387	0.06693	0.01530	0.00892	0.00255	0.00418	0.01321	0.00838	0.00782
22	0.01016	0.00718	0.00933	0.01095	0.01135	0.00677	0.00716	0.01137	0.01500	0.02001	0.04200	0.61625	0.05023	0.12340	0.01475	0.00395	0.00516	0.02147	0.00716	0.00635
23	0.01408	0.00746	0.00793	0.00831	0.00991	0.00737	0.00604	0.01739	0.01672	0.02835	0.03010	0.16540	0.02734	0.01263	0.00660	0.00217	0.00397	0.01065	0.61019	0.00737
24	0.13335	0.01780	0.11043	0.01495	0.02165	0.01356	0.01385	0.03422	0.02105	0.45974	0.05778	0.02578	0.01994	0.00969	0.00773	0.00252	0.00739	0.00766	0.00836	0.01256
25	0.01148	0.00829	0.01085	0.01021	0.01212	0.00766	0.00766	0.01531	0.02297	0.03254	0.65994	0.06061	0.07656	0.01659	0.00957	0.00255	0.00383	0.01467	0.00893	0.00766
26	0.66382	0.01447	0.01157	0.01076	0.01513	0.01655	0.00861	0.02207	0.01405	0.03418	0.01605	0.11215	0.01517	0.01007	0.00578	0.00262	0.00605	0.00705	0.00538	0.00848
27	0.01132	0.00843	0.01062	0.01047	0.01255	0.00773	0.00812	0.01477	0.02143	0.02917	0.45253	0.06863	0.19341	0.01824	0.00981	0.00276	0.00440	0.09973	0.00844	0.00746
28	0.01611	0.03708	0.57825	0.02092	0.03147	0.01724	0.02653	0.02473	0.01712	0.02634	0.01625	0.01900	0.01177	0.00796	0.00742	0.00247	0.01083	0.00622	0.11093	0.01136

[dist]
# distance from previous block
# <min> <max>
0	11

[block]
# block no. 1 follows, 23 sequences, length 94
# corresponding to MSA columns:
# 46-49,102-191
name=unknown_B
#
# <colnr> <probs for GDERKNQSTAVLIFYWHMCP>
#	G	D	E	R	K	N	Q	S	T	A	V	L	I	F	Y	W	H	M	C	P
0	0.01034	0.00822	0.00910	0.00890	0.01119	0.00718	0.00656	0.01283	0.01947	0.02489	0.26262	0.07082	0.43177	0.06633	0.01173	0.00303	0.00427	0.01598	0.00780	0.00698
1	0.01148	0.00858	0.01280	0.01292	0.01431	0.00990	0.00997	0.01427	0.01321	0.01896	0.02329	0.07779	0.02255	0.05846	0.63712	0.01238	0.02058	0.00967	0.00456	0.00720
2	0.01168	0.00752	0.01005	0.01151	0.01238	0.00695	0.00783	0.01321	0.01606	0.06470	0.04386	0.66333	0.05139	0.02438	0.01021	0.00324	0.00486	0.02206	0.00770	0.00708
3	0.01036	0.00800	0.01030	0.05694	0.01476	0.00758	0.00841	0.01238	0.01674	0.02156	0.07244	0.44843	0.21344	0.02254	0.01001	0.00310	0.00504	0.04377	0.00731	0.00689
4	0.01494	0.01015	0.01266	0.01164	0.01422	0.00991	0.00883	0.04563	0.08795	0.08065	0.46454	0.11239	0.06221	0.01603	0.00934	0.00263	0.00462	0.01407	0.00878	0.00882
5	0.02981	0.02196	0.02363	0.01822	0.02447	0.02423	0.01501	0.60391	0.03734	0.05014	0.05373	0.02168	0.01716	0.01011	0.00819	0.00244	0.00866	0.00770	0.00816	0.01347
6	0.09108	0.02157	0.02273	0.01763	0.02375	0.02392	0.01447	0.56245	0.03513	0.04855	0.01904	0.02027	0.01400	0.03691	0.00915	0.00265	0.00867	0.00724	0.00774	0.01304
7	0.16531	0.01126	0.01296	0.01153	0.01506	0.01108	0.00899	0.02315	0.04643	0.17634	0.29285	0.09630	0.06923	0.01399	0.00838	0.00261	0.00519	0.01175	0.00823	0.00937
8	0.54575	0.01457	0.01282	0.01127	0.01601	0.01619	0.00915	0.02578	0.04988	0.11091	0.07463	0.02080	0.01763	0.00892	0.00601	0.00250	0.00604	0.00616	0.03554	0.00945
9	0.01081	0.00854	0.00992	0.01034	0.01272	0.00764	0.00826	0.01357	0.01918	0.02406	0.15302	0.07929	0.41079	0.02050	0.01003	0.00299	0.00499	0.17851	0.00771	0.00713
10	0.01582	0.01048	0.01409	0.01499	0.01742	0.01049	0.01288	0.06148	0.02021	0.07201	0.04063	0.11272	0.04285	0.02080	0.01073	0.00354	0.00740	0.49545	0.00770	0.00832
11	0.01106	0.00841	0.01041	0.01132	0.01326	0.00776	0.00897	0.01378	0.01852	0.02370	0.12579	0.19431	0.27430	0.02163	0.01029	0.00316	0.00535	0.22321	0.00767	0.00711
12	0.01159	0.00778	0.00891	0.00912	0.00917	0.00773	0.00520	0.01175	0.01221	0.01627	0.02765	0.12440	0.03213	0.63995	0.03794	0.00737	0.00752	0.01302	0.00520	0.00510
13	0.01627	0.04197	0.67279	0.02313	0.03512	0.01884	0.02998	0.02570	0.01713	0.02570	0.01456	0.01713	0.01028	0.00771	0.00771	0.00257	0.01199	0.00600	0.00343	0.01199
14	0.01096	0.00786	0.01051	0.01150	0.01270	0.00741	0.00847	0.01360	0.01867	0.02547	0.26215	0.38066	0.06065	0.02181	0.01022	0.00310	0.00484	0.11428	0.00802	0.00711
15	0.03543	0.01538	0.01980	0.01518	0.02150	0.01426	0.01254	0.14469	0.02585	0.56098	0.02981	0.02619	0.01898	0.00999	0.00815	0.00250	0.00726	0.00801	0.00970	0.01381
16	0.01194	0.00899	0.01286	0.01268	0.01379	0.01046	0.00956	0.01425	0.01278	0.01830	0.02189	0.03507	0.02150	0.17864	0.53220	0.01162	0.05297	0.00918	0.00441	0.00690
17	0.01179	0.00790	0.00903	0.00903	0.00910	0.00797	0.00514	0.01192	0.01185	0.01587	0.02540	0.05218	0.02910	0.68638	0.06920	0.00809	0.00847	0.01166	0.00489	0.00502
18	0.01314	0.00960	0.01094	0.01158	0.01325	0.03711	0.00820	0.01582	0.04236	0.06849	0.09087	0.45820	0.14634	0.02162	0.00981	0.00303	0.00521	0.01915	0.00769	0.00759
19	0.02154	0.69143	0.04181	0.01418	0.02085	0.03181	0.01404	0.02410	0.01632	0.01911	0.01126	0.01321	0.01042	0.00723	0.00607	0.00181	0.03654	0.00445	0.00347	0.01035
20	0.03031	0.01692	0.02089	0.01833	0.06762	0.01715	0.01380	0.16503	0.17147	0.34617	0.02842	0.02599	0.01934	0.01000	0.00816	0.00254	0.00741	0.00815	0.00879	0.01351
21	0.00989	0.00706	0.00942	0.01130	0.01177	0.00659	0.00753	0.01130	0.01554	0.02071	0.04472	0.70954	0.05367	0.02542	0.01036	0.00330	0.00471	0.02307	0.00753	0.00659
22	0.00989	0.00706	0.00942	0.01130	0.01177	0.00659	0.00753	0.01130	0.01554	0.02071	0.04472	0.70954	0.05367	0.02542	0.01036	0.00330	0.00471	0.02307	0.00753	0.00659
23	0.07729	0.06345	0.02143	0.01573	0.02067	0.01722	0.06263	0.21209	0.02503	0.14616	0.13252	0.05774	0.02796	0.07072	0.01098	0.00295	0.00762	0.00952	0.00743	0.01088
24	0.01573	0.01242	0.01512	0.01526	0.01843	0.01309	0.01275	0.02591	0.23066	0.02768	0.03759	0.06561	0.03685	0.01741	0.00984	0.00322	0.00701	0.36460	0.00755	0.06325
25	0.01513	0.00756	0.00756	0.00756	0.00945	0.00756	0.00567	0.01891	0.01702	0.03025	0.02647	0.03025	0.02080	0.00945	0.00567	0.00189	0.00378	0.00756	0.75988	0.00756
26	0.01003	0.00717	0.00933	0.01099	0.01150	0.00671	0.00727	0.01135	0.01533	0.02034	0.04441	0.63361	0.07228	0.08248	0.01290	0.00366	0.00495	0.02193	0.00732	0.00646
27	0.01588	0.01348	0.01578	0.01180	0.01820	0.01026	0.00928	0.01922	0.01677	0.02572	0.01996	0.08499	0.04150	0.00842	0.00656	0.00146	0.00581	0.00703	0.00517	0.66270
28	0.01583	0.00839	0.00851	0.00821	0.01027	0.00852	0.00616	0.05168	0.01793	0.03078	0.02606	0.03061	0.02078	0.03825	0.00726	0.00216	0.00422	0.00772	0.68887	0.00779
29	0.01683	0.01442	0.01683	0.01202	0.01923	0.01082	0.00961	0.02043	0.01683	0.02644	0.01442	0.01683	0.01202	0.00601	0.00601	0.00120	0.00601	0.00481	0.00481	0.76444
30	0.01783	0.01501	0.01736	0.01249	0.01965	0.01184	0.01003	0.06440	0.01835	0.02820	0.01478	0.01702	0.01215	0.00628	0.00616	0.00129	0.00622	0.00499	0.00504	0.71092
31	0.22827	0.25260	0.05226	0.01711	0.06543	0.09673	0.01391	0.02845	0.12688	0.02730	0.01562	0.01690	0.01264	0.00802	0.00622	0.00225	0.00848	0.00556	0.00485	0.01051
32	0.05573	0.00866	0.01155	0.01108	0.01181	0.00897	0.00764	0.05601	0.01276	0.01800	0.01483	0.02492	0.01446	0.05574	0.02902	0.63591	0.00718	0.00713	0.00399	0.00460
33	0.01816	0.01905	0.03730	0.13828	0.21682	0.01883	0.32567	0.02388	0.01847	0.02505	0.02038	0.02527	0.05753	0.00810	0.00892	0.00264	0.01144	0.00908	0.00424	0.01090
34	0.01253	0.00833	0.01043	0.01053	0.01233	0.00759	0.00764	0.01496	0.01890	0.07083	0.25090	0.24813	0.17197	0.07761	0.01240	0.00329	0.00484	0.04143	0.00795	0.00740
35	0.01198	0.00785	0.00878	0.00878	0.00888	0.00785	0.00496	0.01218	0.01208	0.01651	0.02561	0.05188	0.02903	0.67711	0.03939	0.00755	0.00765	0.01157	0.04529	0.00506
36	0.01171	0.03330	0.01166	0.01034	0.01255	0.00877	0.00781	0.01573	0.04632	0.02918	0.45483	0.12075	0.17184	0.01754	0.00944	0.00263	0.00423	0.01530	0.00834	0.00772
37	0.01013	0.00725	0.00963	0.01113	0.01182	0.00675	0.00755	0.01190	0.01666	0.02250	0.13748	0.61170	0.05712	0.02409	0.01024	0.00318	0.00458	0.02180	0.00774	0.00675
38	0.01409	0.00705	0.01057	0.01057	0.01057	0.00705	0.00705	0.01057	0.01057	0.01409	0.01409	0.02467	0.01409	0.02819	0.03171	0.76392	0.00705	0.00705	0.00352	0.00352
39	0.41960	0.01811	0.04810	0.05597	0.26666	0.01863	0.01644	0.02420	0.01584	0.03149	0.01309	0.01636	0.01050	0.00745	0.00642	0.00248	0.00800	0.00567	0.00451	0.01049
40	0.02008	0.01928	0.03294	0.04981	0.66422	0.01928	0.02490	0.02490	0.01848	0.02651	0.01526	0.02008	0.01285	0.00723	0.00803	0.00241	0.00964	0.00723	0.00402	0.01285
41	0.01438	0.00940	0.01308	0.01450	0.01653	0.00922	0.01238	0.01782	0.01865	0.06991	0.04238	0.15574	0.04558	0.02187	0.01090	0.00360	0.00712	0.50145	0.00766	0.00783
42	0.03602	0.01443	0.01922	0.01473	0.02102	0.01285	0.01217	0.08127	0.02427	0.62663	0.03114	0.02705	0.01965	0.01002	0.00816	0.00251	0.00705	0.00810	0.00991	0.01381
43	0.07033	0.02013	0.02520	0.22377	0.09121	0.12217	0.04356	0.02289	0.01608	0.02197	0.01275	0.01850	0.01081	0.01012	0.01434	0.00287	0.25326	0.00677	0.00383	0.00944
44	0.01071	0.00792	0.01000	0.01020	0.01183	0.00721	0.00737	0.01354	0.02007	0.02735	0.38562	0.25242	0.16620	0.01981	0.00980	0.00280	0.00413	0.01752	0.00829	0.00721
45	0.77215	0.01569	0.01193	0.01067	0.01569	0.01820	0.00879	0.02385	0.01381	0.03641	0.01130	0.01318	0.00879	0.00753	0.00502	0.00251	0.00628	0.00439	0.00502	0.00879
46	0.77215	0.01569	0.01193	0.01067	0.01569	0.01820	0.00879	0.02385	0.01381	0.03641	0.01130	0.01318	0.00879	0.00753	0.00502	0.00251	0.00628	0.00439	0.00502	0.00879
47	0.01180	0.00787	0.00885	0.00885	0.00885	0.00787	0.00492	0.01180	0.01180	0.01573	0.02557	0.05310	0.02950	0.71483	0.04130	0.00787	0.00787	0.01180	0.00492	0.00492
48	0.01846	0.01984	0.03649	0.02782	0.03197	0.02266	0.32948	0.02279	0.01582	0.02279	0.01356	0.01984	0.01149	0.01048	0.01801	0.00314	0.35323	0.00835	0.00383	0.00992
49	0.02008	0.01928	0.03294	0.04981	0.66422	0.01928	0.02490	0.02490	0.01848	0.02651	0.01526	0.02008	0.01285	0.00723	0.00803	0.00241	0.00964	0.00723	0.00402	0.01285
50	0.01180	0.00787	0.00885	0.00885	0.00885	0.00787	0.00492	0.01180	0.01180	0.01573	0.02557	0.05310	0.02950	0.71483	0.04130	0.00787	0.00787	0.01180	0.00492	0.00492
51	0.00989	0.00706	0.00942	0.01130	0.01177	0.00659	0.00753	0.01130	0.01554	0.02071	0.04472	0.70954	0.05367	0.02542	0.01036	0.00330	0.00471	0.02307	0.00753	0.00659
52	0.01234	0.00924	0.01348	0.01326	0.01491	0.01073	0.01035	0.03873	0.01402	0.02009	0.02165	0.03139	0.02003	0.05887	0.65641	0.01263	0.02124	0.00864	0.00449	0.00750
53	0.01159	0.00869	0.01304	0.01304	0.01449	0.01014	0.01014	0.01449	0.01304	0.01884	0.02173	0.03188	0.02029	0.06086	0.68268	0.01304	0.02173	0.00869	0.00435	0.00724
54	0.02549	0.01983	0.02113	0.01733	0.02273	0.02230	0.01387	0.35780	0.29653	0.04230	0.02550	0.02553	0.01914	0.04096	0.00962	0.00281	0.00782	0.00829	0.00804	0.01301
55	0.01074	0.00850	0.00988	0.01062	0.01291	0.00764	0.00850	0.01330	0.01834	0.02260	0.06681	0.12747	0.41852	0.02150	0.01017	0.00310	0.00524	0.20960	0.00751	0.00703
56	0.01308	0.00934	0.01308	0.01494	0.01681	0.00934	0.01308	0.01681	0.01868	0.02428	0.04296	0.09153	0.04670	0.02242	0.01121	0.00374	0.00747	0.60960	0.00747	0.00747
57	0.03123	0.02211	0.02397	0.01837	0.02485	0.02424	0.01518	0.59543	0.03711	0.09434	0.02036	0.02005	0.01424	0.00976	0.00812	0.00244	0.00879	0.00737	0.00825	0.01380
58	0.01140	0.00823	0.01078	0.01026	0.01210	0.00760	0.00765	0.01511	0.02260	0.03195	0.62929	0.09293	0.07542	0.01703	0.00961	0.00259	0.00387	0.01509	0.00886	0.00760
59	0.01163	0.00839	0.01105	0.01064	0.01255	0.00781	0.00815	0.01545	0.02258	0.03179	0.60370	0.06343	0.07384	0.01712	0.00972	0.00266	0.00416	0.06890	0.00880	0.00764
60	0.01513	0.00756	0.00756	0.00756	0.00945	0.00756	0.00567	0.01891	0.01702	0.03025	0.02647	0.03025	0.02080	0.00945	0.00567	0.00189	0.00378	0.00756	0.75988	0.00756
61	0.01180	0.00787	0.00885	0.00885	0.00885	0.00787	0.00492	0.01180	0.01180	0.01573	0.02557	0.05310	0.02950	0.71483	0.04130	0.00787	0.00787	0.01180	0.00492	0.00492
62	0.00989	0.00706	0.00942	0.01130	0.01177	0.00659	0.00753	0.01130	0.01554	0.02071	0.04472	0.70954	0.05367	0.02542	0.01036	0.00330	0.00471	0.02307	0.00753	0.00659
63	0.01775	0.01775	0.02485	0.02130	0.02130	0.02485	0.01775	0.01953	0.01243	0.01953	0.01065	0.01775	0.01065	0.01420	0.02663	0.00355	0.69998	0.00710	0.00355	0.00888
64	0.01683	0.01442	0.01683	0.01202	0.01923	0.01082	0.00961	0.02043	0.01683	0.02644	0.01442	0.01683	0.01202	0.00601	0.00601	0.00120	0.00601	0.00481	0.00481	0.76444
65	0.01148	0.00829	0.01085	0.01021	0.01212	0.00766	0.00766	0.01531	0.02297	0.03254	0.65994	0.06061	0.07656	0.01659	0.00957	0.00255	0.00383	0.01467	0.00893	0.00766
66	0.00989	0.00706	0.00942	0.01130	0.01177	0.00659	0.00753	0.01130	0.01554	0.02071	0.04472	0.70954	0.05367	0.02542	0.01036	0.00330	0.00471	0.02307	0.00753	0.00659
67	0.01312	0.00860	0.01131	0.01058	0.01270	0.00788	0.00795	0.01673	0.02248	0.07624	0.57440	0.10228	0.07107	0.01673	0.00953	0.00260	0.00410	0.01479	0.00891	0.00801
68	0.01409	0.00705	0.01057	0.01057	0.01057	0.00705	0.00705	0.01057	0.01057	0.01409	0.01409	0.02467	0.01409	0.02819	0.03171	0.76392	0.00705	0.00705	0.00352	0.00352
69	0.01775	0.01775	0.02485	0.02130	0.02130	0.02485	0.01775	0.01953	0.01243	0.01953	0.01065	0.01775	0.01065	0.01420	0.02663	0.00355	0.69998	0.00710	0.00355	0.00888
70	0.03472	0.01344	0.01829	0.01415	0.02013	0.01164	0.01164	0.03790	0.02321	0.62666	0.07456	0.02985	0.02391	0.01049	0.00826	0.00251	0.00670	0.00860	0.00997	0.01339
71	0.01123	0.00851	0.01040	0.01011	0.01217	0.00786	0.00751	0.01516	0.04584	0.02896	0.44043	0.12997	0.20542	0.01818	0.00960	0.00268	0.00408	0.01588	0.00844	0.00757
72	0.00959	0.00822	0.00822	0.00822	0.01096	0.00685	0.00617	0.01165	0.01850	0.02192	0.08220	0.07809	0.66092	0.02055	0.00959	0.00274	0.00411	0.01713	0.00754	0.00685
73	0.01683	0.01442	0.01683	0.01202	0.01923	0.01082	0.00961	0.02043	0.01683	0.02644	0.01442	0.01683	0.01202	0.00601	0.00601	0.00120	0.00601	0.00481	0.00481	0.76444
74	0.77215	0.01569	0.01193	0.01067	0.01569	0.01820	0.00879	0.02385	0.01381	0.03641	0.01130	0.01318	0.00879	0.00753	0.00502	0.00251	0.00628	0.00439	0.00502	0.00879
75	0.02018	0.01579	0.01703	0.01486	0.01925	0.01727	0.01166	0.14962	0.33630	0.06015	0.08351	0.06181	0.13114	0.01319	0.00861	0.00268	0.00630	0.01095	0.00821	0.01150
76	0.01308	0.00934	0.01308	0.01494	0.01681	0.00934	0.01308	0.01681	0.01868	0.02428	0.04296	0.09153	0.04670	0.02242	0.01121	0.00374	0.00747	0.60960	0.00747	0.00747
77	0.00989	0.00706	0.00942	0.01130	0.01177	0.00659	0.00753	0.01130	0.01554	0.02071	0.04472	0.70954	0.05367	0.02542	0.01036	0.00330	0.00471	0.02307	0.00753	0.00659
78	0.01016	0.00727	0.00970	0.01135	0.01201	0.00680	0.00777	0.01189	0.01634	0.02194	0.10072	0.62459	0.05546	0.02449	0.01032	0.00325	0.00474	0.04679	0.00766	0.00672
79	0.01108	0.00813	0.01039	0.01013	0.01195	0.00744	0.00748	0.01442	0.02157	0.02994	0.52206	0.14315	0.13581	0.01811	0.00967	0.00266	0.00397	0.01598	0.00861	0.00744
80	0.02018	0.01743	0.01835	0.01651	0.02110	0.02018	0.01284	0.04312	0.64956	0.03394	0.03303	0.03027	0.02477	0.01101	0.00826	0.00275	0.00642	0.00917	0.00826	0.01284
81	0.31822	0.01453	0.01619	0.01299	0.01879	0.01433	0.01072	0.03353	0.01962	0.42721	0.02408	0.02209	0.01576	0.00908	0.00696	0.00251	0.00666	0.00672	0.00812	0.01189
82	0.01250	0.00884	0.01037	0.01025	0.01136	0.00869	0.00680	0.05617	0.01697	0.02278	0.14811	0.19212	0.09152	0.33988	0.02425	0.00516	0.00625	0.01479	0.00662	0.00654
83	0.01490	0.00855	0.01037	0.01011	0.01108	0.00819	0.00641	0.01562	0.01413	0.10900	0.03016	0.17560	0.03281	0.48294	0.03068	0.00623	0.00712	0.01345	0.00614	0.00649
84	0.02825	0.03537	0.02190	0.02004	0.02392	0.60824	0.01507	0.03043	0.02190	0.01975	0.01355	0.01653	0.01153	0.01414	0.08169	0.00330	0.01541	0.00561	0.00420	0.00917
85	0.01180	0.00787	0.00885	0.00885	0.00885	0.00787	0.00492	0.01180	0.01180	0.01573	0.02557	0.05310	0.02950	0.71483	0.04130	0.00787	0.00787	0.01180	0.00492	0.00492
86	0.00984	0.00815	0.00842	0.00847	0.01089	0.00694	0.00619	0.01179	0.01807	0.02185	0.09969	0.10197	0.56720	0.07009	0.01188	0.00312	0.00439	0.01690	0.00740	0.00673
87	0.00989	0.00706	0.00942	0.01130	0.01177	0.00659	0.00753	0.01130	0.01554	0.02071	0.04472	0.70954	0.05367	0.02542	0.01036	0.00330	0.00471	0.02307	0.00753	0.00659
88	0.03085	0.02273	0.02435	0.01867	0.02516	0.02516	0.01542	0.63716	0.03815	0.05114	0.01948	0.01948	0.01380	0.00974	0.00812	0.00244	0.00893	0.00731	0.00812	0.01380
89	0.02008	0.01928	0.03294	0.04981	0.66422	0.01928	0.02490	0.02490	0.01848	0.02651	0.01526	0.02008	0.01285	0.00723	0.00803	0.00241	0.00964	0.00723	0.00402	0.01285
90	0.02098	0.02155	0.03023	0.13517	0.48243	0.11993	0.02317	0.02546	0.01885	0.02469	0.01473	0.01947	0.01220	0.00752	0.00794	0.00240	0.01056	0.00692	0.00398	0.01180
91	0.02418	0.01870	0.02442	0.02924	0.27330	0.06255	0.01744	0.03359	0.20040	0.16627	0.02373	0.02412	0.01762	0.00894	0.00800	0.00246	0.00833	0.00775	0.00657	0.04239
92	0.02064	0.02047	0.05843	0.04444	0.54008	0.01976	0.04920	0.06853	0.04737	0.02850	0.01635	0.02044	0.01331	0.00757	0.00810	0.00245	0.00971	0.00737	0.00447	0.01280
93	0.02503	0.01758	0.01830	0.01529	0.02019	0.07265	0.01214	0.15677	0.19004	0.17431	0.10183	0.03110	0.05038	0.01110	0.00815	0.00247	0.00722	0.00897	0.04092	0.03557

[dist]
# distance from previous block
# <min> <max>
10	22

[block]
# block no. 2 follows, 23 sequences, length 7
# corresponding to MSA columns:
# 214-220
name=unknown_C
#
# <colnr> <probs for GDERKNQSTAVLIFYWHMCP>
#	G	D	E	R	K	N	Q	S	T	A	V	L	I	F	Y	W	H	M	C	P
0	0.01607	0.05858	0.01409	0.01096	0.01401	0.00997	0.00864	0.01953	0.02213	0.13435	0.45695	0.05362	0.11911	0.01523	0.00904	0.00251	0.00469	0.01313	0.00860	0.00877
1	0.02357	0.01903	0.01996	0.01799	0.05243	0.07014	0.01349	0.10340	0.36912	0.10392	0.02707	0.02571	0.02005	0.00986	0.00791	0.00246	0.00750	0.00801	0.00756	0.09085
2	0.02071	0.27178	0.37218	0.01883	0.02836	0.02253	0.02213	0.02698	0.01769	0.10572	0.01566	0.01705	0.01158	0.00774	0.00690	0.00227	0.01020	0.00570	0.00429	0.01168
3	0.14771	0.01763	0.02328	0.21756	0.03339	0.01979	0.07550	0.16592	0.11341	0.07850	0.01918	0.02144	0.01398	0.00882	0.00776	0.00261	0.00899	0.00734	0.00604	0.01114
4	0.26834	0.01801	0.05642	0.08522	0.02393	0.01841	0.01352	0.11606	0.14871	0.09053	0.04252	0.02178	0.01660	0.00911	0.00708	0.00252	0.00745	0.00689	0.00645	0.04045
5	0.17757	0.21299	0.10060	0.01521	0.02187	0.08892	0.01432	0.02986	0.01875	0.22200	0.01812	0.01815	0.01303	0.00824	0.00658	0.00226	0.00866	0.00580	0.00586	0.01120
6	0.02499	0.01899	0.02255	0.06093	0.08703	0.01994	0.01579	0.22438	0.18059	0.07547	0.02661	0.03267	0.02165	0.01197	0.00908	0.00292	0.00854	0.07072	0.00780	0.07738

[dist]
# distance from previous block
# <min> <max>
0	3

[block]
# block no. 3 follows, 23 sequences, length 7
# corresponding to MSA columns:
# 224-230
name=unknown_D
#
# <colnr> <probs for GDERKNQSTAVLIFYWHMCP>
#	G	D	E	R	K	N	Q	S	T	A	V	L	I	F	Y	W	H	M	C	P
0	0.02239	0.05628	0.02047	0.01651	0.02145	0.05031	0.01326	0.18631	0.36810	0.03562	0.03111	0.03168	0.06164	0.01146	0.00823	0.00263	0.00743	0.03524	0.00770	0.01218
1	0.05441	0.03775	0.01297	0.01136	0.01330	0.01139	0.00823	0.08206	0.01718	0.02401	0.08576	0.13470	0.07806	0.25022	0.13749	0.00618	0.00930	0.01227	0.00602	0.00733
2	0.02946	0.02191	0.02361	0.01801	0.02458	0.02375	0.01485	0.57643	0.03605	0.04871	0.01898	0.01922	0.01362	0.00937	0.00791	0.00231	0.00864	0.00706	0.00779	0.08771
3	0.01429	0.00848	0.01003	0.00973	0.01067	0.00813	0.00609	0.01493	0.01395	0.09205	0.03192	0.12536	0.06973	0.51380	0.03207	0.00642	0.00717	0.01297	0.00596	0.00625
4	0.01321	0.00929	0.01119	0.01130	0.01219	0.00977	0.00775	0.05878	0.01591	0.02231	0.03202	0.31433	0.03592	0.25034	0.02106	0.00460	0.05481	0.01527	0.09313	0.00684
5	0.01898	0.09999	0.02860	0.06991	0.05450	0.06383	0.05781	0.02159	0.01450	0.02032	0.01168	0.01767	0.01083	0.01180	0.01976	0.00309	0.45524	0.00684	0.00364	0.00941
6	0.01704	0.01059	0.01349	0.01287	0.01612	0.00973	0.01025	0.02123	0.05863	0.14077	0.08587	0.19077	0.10000	0.01760	0.00942	0.00289	0.00598	0.17301	0.00780	0.09595

[dist]
# distance from previous block
# <min> <max>
37	56

[block]
# block no. 4 follows, 23 sequences, length 7
# corresponding to MSA columns:
# 293-299
name=unknown_E
#
# <colnr> <probs for GDERKNQSTAVLIFYWHMCP>
#	G	D	E	R	K	N	Q	S	T	A	V	L	I	F	Y	W	H	M	C	P
0	0.12208	0.01686	0.05967	0.40331	0.10617	0.01803	0.01991	0.02474	0.06629	0.06312	0.01658	0.02108	0.01235	0.00826	0.00767	0.00263	0.00956	0.00696	0.00458	0.01013
1	0.01512	0.01465	0.01816	0.01649	0.01879	0.08691	0.07459	0.01756	0.01665	0.02165	0.03214	0.32403	0.06655	0.01784	0.01237	0.00299	0.12443	0.04876	0.00593	0.06440
2	0.06020	0.01096	0.01415	0.05819	0.01791	0.01083	0.04595	0.01908	0.08074	0.05176	0.23864	0.09368	0.23511	0.01585	0.00907	0.00269	0.00554	0.01372	0.00751	0.00843
3	0.01661	0.01278	0.01402	0.01295	0.01434	0.06463	0.00972	0.05691	0.01607	0.02264	0.02390	0.07145	0.06209	0.07553	0.01951	0.18339	0.13381	0.00911	0.17349	0.00707
4	0.01274	0.00874	0.01018	0.01028	0.01088	0.00882	0.00656	0.04967	0.01448	0.01927	0.02948	0.15611	0.03360	0.51347	0.03224	0.00652	0.00741	0.05793	0.00571	0.00590
5	0.06219	0.01492	0.02525	0.40152	0.08538	0.01674	0.11134	0.02051	0.01666	0.02270	0.02213	0.02748	0.08368	0.01015	0.00940	0.03821	0.00996	0.00849	0.00423	0.00905
6	0.23596	0.05524	0.15897	0.10072	0.06294	0.09195	0.01754	0.07977	0.01877	0.06386	0.01465	0.01725	0.01104	0.00862	0.00761	0.02449	0.00954	0.00586	0.00480	0.01042

[dist]
# distance from previous block
# <min> <max>
1	6

[block]
# block no. 5 follows, 23 sequences, length 9
# corresponding to MSA columns:
# 306-314
name=unknown_F
#
# <colnr> <probs for GDERKNQSTAVLIFYWHMCP>
#	G	D	E	R	K	N	Q	S	T	A	V	L	I	F	Y	W	H	M	C	P
0	0.07274	0.02541	0.29078	0.16098	0.03253	0.01663	0.02079	0.02527	0.07382	0.07494	0.02622	0.02783	0.09839	0.00995	0.00793	0.00263	0.00939	0.00806	0.00506	0.01066
1	0.09320	0.01670	0.02487	0.25201	0.06638	0.01824	0.09746	0.05834	0.06598	0.02689	0.01585	0.02017	0.01234	0.00823	0.00898	0.00246	0.05920	0.00697	0.00465	0.14106
2	0.01946	0.18561	0.40774	0.02167	0.03129	0.10724	0.06922	0.02628	0.01790	0.02355	0.01373	0.01628	0.01048	0.00756	0.00726	0.00234	0.01174	0.00580	0.00358	0.01124
3	0.01549	0.17170	0.17265	0.01599	0.02133	0.01629	0.01647	0.02031	0.01841	0.02457	0.11106	0.05301	0.03426	0.01485	0.00887	0.00287	0.00830	0.25852	0.00585	0.00919
4	0.01902	0.02754	0.29118	0.01882	0.02658	0.01909	0.01974	0.11162	0.24857	0.03171	0.02792	0.02764	0.07408	0.01032	0.00813	0.00263	0.00887	0.00831	0.00616	0.01208
5	0.01627	0.04197	0.67279	0.02313	0.03512	0.01884	0.02998	0.02570	0.01713	0.02570	0.01456	0.01713	0.01028	0.00771	0.00771	0.00257	0.01199	0.00600	0.00343	0.01199
6	0.01253	0.00916	0.01231	0.01388	0.01589	0.00895	0.01198	0.01600	0.01865	0.02391	0.04916	0.08941	0.14368	0.02212	0.01095	0.00358	0.00694	0.51606	0.00748	0.00737
7	0.05485	0.15493	0.32877	0.04251	0.02933	0.05328	0.07610	0.02365	0.01709	0.02395	0.01786	0.10823	0.01618	0.00987	0.00764	0.00251	0.01039	0.00820	0.00416	0.01051
8	0.17740	0.12259	0.37039	0.04367	0.05168	0.01991	0.02181	0.02441	0.01664	0.02728	0.04477	0.01813	0.01331	0.00800	0.00692	0.00244	0.00982	0.00595	0.00407	0.01082

[dist]
# distance from previous block
# <min> <max>
2	9

[block]
# block no. 6 follows, 23 sequences, length 9
# corresponding to MSA columns:
# 324-332
name=unknown_G
#
# <colnr> <probs for GDERKNQSTAVLIFYWHMCP>
#	G	D	E	R	K	N	Q	S	T	A	V	L	I	F	Y	W	H	M	C	P
0	0.02018	0.01743	0.01835	0.01651	0.02110	0.02018	0.01284	0.04312	0.64956	0.03394	0.03303	0.03027	0.02477	0.01101	0.00826	0.00275	0.00642	0.00917	0.00826	0.01284
1	0.03085	0.02273	0.02435	0.01867	0.02516	0.02516	0.01542	0.63716	0.03815	0.05114	0.01948	0.01948	0.01380	0.00974	0.00812	0.00244	0.00893	0.00731	0.00812	0.01380
2	0.02169	0.71972	0.04252	0.01388	0.02083	0.03211	0.01388	0.02430	0.01649	0.01909	0.01128	0.01302	0.01041	0.00694	0.00521	0.00174	0.00868	0.00434	0.00347	0.01041
3	0.02014	0.01820	0.02439	0.03030	0.28736	0.01981	0.01784	0.03558	0.38828	0.03087	0.02567	0.02605	0.01984	0.00944	0.00816	0.00261	0.00775	0.00837	0.00650	0.01285
4	0.03502	0.01412	0.01879	0.01461	0.02075	0.01263	0.01200	0.03985	0.07655	0.61570	0.03210	0.02784	0.02048	0.01013	0.00817	0.00253	0.00686	0.00825	0.00989	0.01373
5	0.01683	0.01442	0.01683	0.01202	0.01923	0.01082	0.00961	0.02043	0.01683	0.02644	0.01442	0.01683	0.01202	0.00601	0.00601	0.00120	0.00601	0.00481	0.00481	0.76444
6	0.01245	0.00914	0.01221	0.01374	0.01577	0.00890	0.01184	0.01589	0.01865	0.02386	0.04996	0.08913	0.15628	0.02208	0.01092	0.00356	0.00687	0.50390	0.00748	0.00736
7	0.00977	0.00823	0.00847	0.00841	0.01107	0.00693	0.00631	0.01200	0.01892	0.02293	0.13739	0.07642	0.60510	0.02017	0.00959	0.00272	0.00408	0.01689	0.00767	0.00693
8	0.01984	0.01726	0.02161	0.16394	0.09825	0.01951	0.01623	0.08469	0.35975	0.03134	0.02496	0.02567	0.01888	0.00959	0.00806	0.00259	0.00789	0.00814	0.00660	0.05519

[dist]
# distance from previous block
# <min> <max>
1	54

# created by:
# /st0/software/busco_prod/Augustus/scripts/msa2prfl.pl ./align_prep/107811.fa
