[name]
unknown

[dist]
# distance from previous block
# <min> <max>
10	15

[block]
# block no. 0 follows, 23 sequences, length 9
# corresponding to MSA columns:
# 15-23
name=unknown_A
#
# <colnr> <probs for GDERKNQSTAVLIFYWHMCP>
#	G	D	E	R	K	N	Q	S	T	A	V	L	I	F	Y	W	H	M	C	P
0	0.02098	0.01655	0.02041	0.01750	0.02207	0.01774	0.06165	0.24640	0.14599	0.03568	0.03324	0.06964	0.07006	0.01442	0.00926	0.00292	0.00795	0.16895	0.00760	0.01098
1	0.29319	0.01330	0.03776	0.01270	0.01661	0.01292	0.04635	0.02019	0.01673	0.05440	0.12903	0.10363	0.02899	0.01314	0.00889	0.04928	0.00629	0.03908	0.05752	0.04001
2	0.01570	0.01047	0.01304	0.01222	0.01492	0.01037	0.00936	0.02263	0.13576	0.10104	0.36624	0.13320	0.05642	0.01627	0.00937	0.00274	0.00495	0.04748	0.00868	0.00914
3	0.12052	0.01598	0.04678	0.05413	0.02200	0.01666	0.03906	0.05574	0.20975	0.07867	0.02478	0.07175	0.02098	0.01362	0.01183	0.08565	0.05010	0.04549	0.00641	0.01010
4	0.47010	0.01526	0.01538	0.01311	0.01789	0.01679	0.04063	0.06161	0.05689	0.10264	0.01735	0.04814	0.01389	0.01054	0.00832	0.06264	0.00687	0.00657	0.00590	0.00948
5	0.11351	0.08875	0.02077	0.06139	0.02229	0.10112	0.01290	0.24213	0.02477	0.03431	0.02205	0.07523	0.04539	0.01060	0.00733	0.00237	0.00831	0.00810	0.08823	0.01044
6	0.01890	0.01492	0.01717	0.05680	0.02110	0.03582	0.01100	0.09444	0.01956	0.06701	0.02077	0.11687	0.01919	0.03982	0.00869	0.00214	0.00692	0.00834	0.00581	0.41474
7	0.05189	0.05007	0.01889	0.01516	0.01993	0.10264	0.01201	0.11382	0.18343	0.12935	0.04964	0.06877	0.02218	0.01073	0.00768	0.00239	0.00755	0.00856	0.06597	0.05933
8	0.06862	0.01275	0.01568	0.01268	0.01764	0.01158	0.01017	0.05115	0.04533	0.29827	0.18713	0.03650	0.07315	0.01167	0.00813	0.00236	0.00586	0.00968	0.00846	0.11319

[dist]
# distance from previous block
# <min> <max>
7	72

[block]
# block no. 1 follows, 23 sequences, length 57
# corresponding to MSA columns:
# 112-168
name=unknown_B
#
# <colnr> <probs for GDERKNQSTAVLIFYWHMCP>
#	G	D	E	R	K	N	Q	S	T	A	V	L	I	F	Y	W	H	M	C	P
0	0.08095	0.04822	0.13454	0.01530	0.02063	0.03926	0.01432	0.02514	0.11537	0.06314	0.15998	0.05152	0.03096	0.01177	0.00881	0.00253	0.03695	0.04789	0.00639	0.08634
1	0.03941	0.02666	0.27681	0.01914	0.05058	0.04515	0.01916	0.11228	0.05258	0.07447	0.05519	0.06322	0.07253	0.01070	0.00806	0.00251	0.00906	0.00867	0.00579	0.04803
2	0.04740	0.02274	0.20886	0.05311	0.06153	0.01531	0.04448	0.02924	0.05219	0.21817	0.04409	0.02293	0.01681	0.00860	0.00772	0.00236	0.00872	0.00717	0.00617	0.12239
3	0.01936	0.10198	0.26823	0.06415	0.02790	0.01742	0.04157	0.02675	0.07530	0.12294	0.06273	0.09376	0.02187	0.01065	0.00804	0.00257	0.00907	0.00894	0.00568	0.01110
4	0.09190	0.09049	0.37280	0.02220	0.09440	0.01855	0.02272	0.02512	0.01723	0.05682	0.01625	0.02085	0.01281	0.00828	0.00733	0.00242	0.00997	0.03568	0.00427	0.06991
5	0.09258	0.23240	0.15449	0.01517	0.02120	0.01947	0.01507	0.02265	0.01646	0.07750	0.02041	0.14539	0.01953	0.01312	0.03328	0.00281	0.03714	0.00877	0.00502	0.04754
6	0.01696	0.01284	0.06522	0.01280	0.01651	0.01056	0.01089	0.02288	0.08612	0.14002	0.35182	0.07766	0.08155	0.01505	0.00917	0.00267	0.00551	0.04388	0.00842	0.00949
7	0.01430	0.00957	0.01338	0.01492	0.01702	0.00947	0.01302	0.01800	0.01892	0.05804	0.04239	0.08819	0.04531	0.02177	0.01105	0.00367	0.00744	0.57815	0.00761	0.00780
8	0.02713	0.01980	0.12012	0.01625	0.02325	0.01566	0.01492	0.09581	0.13498	0.30520	0.02580	0.02416	0.01766	0.00927	0.00781	0.00237	0.00769	0.00746	0.00778	0.11689
9	0.05819	0.05141	0.02001	0.01728	0.05238	0.01981	0.01305	0.14581	0.35686	0.03594	0.11399	0.03028	0.02781	0.01099	0.00809	0.00259	0.00679	0.00902	0.00772	0.01199
10	0.48546	0.01734	0.05182	0.12760	0.07829	0.01845	0.01386	0.02502	0.06413	0.03223	0.01401	0.01669	0.01078	0.00788	0.00618	0.00256	0.00762	0.00555	0.00487	0.00965
11	0.01726	0.17445	0.44996	0.02158	0.04744	0.02080	0.05513	0.02466	0.01756	0.02490	0.06076	0.01977	0.01528	0.00814	0.00744	0.00240	0.01076	0.00650	0.00388	0.01133
12	0.00989	0.00706	0.00942	0.01130	0.01177	0.00659	0.00753	0.01130	0.01554	0.02071	0.04472	0.70954	0.05367	0.02542	0.01036	0.00330	0.00471	0.02307	0.00753	0.00659
13	0.02785	0.03606	0.05586	0.02004	0.02442	0.58577	0.01569	0.03049	0.02269	0.02133	0.07195	0.01898	0.01650	0.00908	0.00754	0.00216	0.01351	0.00613	0.00458	0.00938
14	0.01695	0.01454	0.01688	0.01219	0.01930	0.01117	0.00974	0.02128	0.04061	0.02672	0.01512	0.01733	0.01250	0.00620	0.00609	0.00126	0.00602	0.00497	0.00494	0.73619
15	0.02692	0.17744	0.02647	0.01787	0.02303	0.25645	0.01462	0.12243	0.11669	0.08109	0.01790	0.01858	0.01390	0.00908	0.00813	0.00227	0.04405	0.00627	0.00568	0.01114
16	0.01646	0.01579	0.02214	0.01935	0.01958	0.02163	0.01588	0.01833	0.01250	0.01923	0.01319	0.02179	0.01315	0.05641	0.13387	0.00530	0.55565	0.00759	0.00375	0.00842
17	0.01161	0.00863	0.01272	0.01272	0.01406	0.00997	0.00975	0.01429	0.01295	0.01860	0.02202	0.03348	0.02098	0.11027	0.63421	0.01265	0.02069	0.00893	0.00439	0.00707
18	0.01669	0.02109	0.17555	0.01471	0.02307	0.01276	0.01454	0.02171	0.01690	0.02626	0.01446	0.01690	0.01160	0.00642	0.00642	0.00153	0.00746	0.00510	0.00447	0.58237
19	0.03641	0.01381	0.01883	0.01444	0.02071	0.01193	0.01193	0.03954	0.02322	0.66984	0.03201	0.02762	0.02009	0.01004	0.00816	0.00251	0.00690	0.00816	0.01004	0.01381
20	0.01698	0.01766	0.03455	0.40841	0.05004	0.01911	0.28823	0.02301	0.01750	0.02301	0.01529	0.02174	0.01147	0.00756	0.00875	0.00272	0.01206	0.00824	0.00382	0.00985
21	0.01532	0.01442	0.02434	0.69533	0.05589	0.01803	0.02253	0.02073	0.01622	0.02073	0.01442	0.02163	0.01082	0.00811	0.00811	0.00270	0.01082	0.00721	0.00361	0.00901
22	0.03641	0.01381	0.01883	0.01444	0.02071	0.01193	0.01193	0.03954	0.02322	0.66984	0.03201	0.02762	0.02009	0.01004	0.00816	0.00251	0.00690	0.00816	0.01004	0.01381
23	0.08427	0.01393	0.01838	0.01419	0.02039	0.01233	0.01172	0.03852	0.02261	0.62863	0.03066	0.02668	0.01935	0.00988	0.00796	0.00251	0.00686	0.00791	0.00972	0.01348
24	0.02071	0.01887	0.02908	0.08217	0.24735	0.06148	0.12208	0.02560	0.04130	0.08973	0.02260	0.02586	0.06783	0.00973	0.01077	0.00266	0.09760	0.00847	0.00501	0.01111
25	0.01597	0.00926	0.01225	0.01101	0.01368	0.00840	0.00843	0.01960	0.02278	0.14819	0.52586	0.07544	0.06555	0.01568	0.00934	0.00257	0.00442	0.01376	0.00909	0.00874
26	0.01722	0.00958	0.01260	0.01112	0.01408	0.00862	0.00859	0.02082	0.02285	0.18064	0.49094	0.05361	0.08632	0.01522	0.00924	0.00255	0.00456	0.01325	0.00914	0.00906
27	0.01756	0.01888	0.03897	0.08094	0.03774	0.01794	0.46527	0.02338	0.01842	0.02510	0.04566	0.06079	0.01795	0.04357	0.01091	0.00293	0.01190	0.01019	0.00453	0.04738
28	0.01646	0.01610	0.02229	0.01936	0.01975	0.02192	0.01601	0.01835	0.01308	0.01971	0.01862	0.02484	0.07596	0.01845	0.07587	0.00421	0.57824	0.00822	0.00401	0.00855
29	0.01186	0.00894	0.01293	0.01279	0.01398	0.01041	0.00972	0.01432	0.01285	0.01844	0.02183	0.03425	0.02118	0.14923	0.56847	0.01195	0.04643	0.00906	0.00439	0.00699
30	0.00986	0.00718	0.00929	0.01098	0.01168	0.00662	0.00739	0.01133	0.01584	0.02084	0.04864	0.64360	0.11708	0.02491	0.01028	0.00324	0.00465	0.02245	0.00753	0.00662
31	0.02963	0.03725	0.02268	0.02061	0.02482	0.63789	0.01549	0.03312	0.06498	0.02080	0.01392	0.01568	0.01141	0.00854	0.00738	0.00213	0.01408	0.00549	0.00445	0.00964
32	0.02225	0.01697	0.01841	0.01625	0.02105	0.01913	0.01273	0.04266	0.56984	0.11488	0.03290	0.02994	0.02417	0.01089	0.00824	0.00272	0.00648	0.00904	0.00848	0.01297
33	0.01501	0.01396	0.02318	0.40608	0.04079	0.01677	0.07015	0.01930	0.01588	0.02136	0.01981	0.14133	0.01875	0.01188	0.01100	0.00289	0.10128	0.01017	0.03174	0.00868
34	0.01375	0.01187	0.01719	0.01594	0.01688	0.01531	0.01281	0.01626	0.01283	0.01908	0.01784	0.02692	0.01690	0.04448	0.45241	0.00971	0.25979	0.00813	0.00407	0.00782
35	0.70982	0.01628	0.01297	0.01134	0.01649	0.01879	0.00935	0.07542	0.01586	0.03764	0.01199	0.01371	0.00921	0.00772	0.00528	0.00250	0.00650	0.00464	0.00528	0.00921
36	0.03002	0.02232	0.02389	0.01850	0.02485	0.02478	0.01522	0.59104	0.08562	0.04980	0.02053	0.02032	0.01465	0.00984	0.00813	0.00246	0.00873	0.00745	0.00813	0.01373
37	0.01683	0.01442	0.01683	0.01202	0.01923	0.01082	0.00961	0.02043	0.01683	0.02644	0.01442	0.01683	0.01202	0.00601	0.00601	0.00120	0.00601	0.00481	0.00481	0.76444
38	0.01196	0.00832	0.01115	0.01115	0.01214	0.00915	0.00798	0.01394	0.01295	0.01874	0.02344	0.03898	0.02347	0.27952	0.40707	0.01034	0.01550	0.00966	0.06806	0.00648
39	0.01723	0.01637	0.02778	0.43667	0.29964	0.01853	0.02348	0.02240	0.01713	0.02305	0.01476	0.02101	0.01163	0.00776	0.00808	0.00259	0.01035	0.00722	0.00377	0.01055
40	0.01183	0.00855	0.01301	0.01264	0.01402	0.00805	0.05617	0.01342	0.01696	0.02318	0.20779	0.34819	0.04945	0.02204	0.01406	0.14478	0.00560	0.01670	0.00691	0.00665
41	0.01145	0.00797	0.00930	0.00953	0.01006	0.00787	0.00599	0.01216	0.01324	0.01742	0.03393	0.10729	0.10183	0.50867	0.07567	0.00708	0.00809	0.04144	0.00550	0.00553
42	0.33695	0.01659	0.04850	0.01478	0.01900	0.01740	0.04243	0.10856	0.01794	0.03195	0.01931	0.08316	0.01840	0.07030	0.01174	0.00322	0.06986	0.05514	0.00560	0.00916
43	0.01033	0.00735	0.00964	0.01091	0.01161	0.00689	0.00735	0.01208	0.01662	0.02251	0.15674	0.53885	0.05601	0.07731	0.01261	0.00351	0.00479	0.02064	0.00759	0.00666
44	0.05611	0.10728	0.12162	0.02609	0.09108	0.02251	0.20124	0.09544	0.06057	0.02823	0.01590	0.01934	0.01246	0.00857	0.01032	0.00262	0.09729	0.00739	0.00463	0.01129
45	0.02369	0.02273	0.07444	0.08288	0.21895	0.05164	0.16737	0.06002	0.09201	0.08352	0.02108	0.02489	0.01636	0.00958	0.00930	0.00296	0.01108	0.00858	0.00594	0.01299
46	0.01133	0.00829	0.01063	0.01004	0.01202	0.00759	0.00753	0.01500	0.02259	0.03165	0.61136	0.06208	0.12569	0.01692	0.00957	0.00257	0.00385	0.01488	0.00881	0.00759
47	0.01858	0.01799	0.02426	0.02042	0.02190	0.05404	0.06400	0.07151	0.01572	0.02243	0.01469	0.04400	0.01430	0.06673	0.05603	0.00410	0.44782	0.00816	0.00428	0.00903
48	0.02603	0.02194	0.02833	0.07594	0.19380	0.05396	0.06647	0.35916	0.02932	0.03918	0.01747	0.01975	0.01307	0.00869	0.00817	0.00245	0.00989	0.00736	0.00624	0.01279
49	0.25025	0.01436	0.01682	0.01334	0.01925	0.01375	0.01101	0.03498	0.02049	0.48573	0.02599	0.02342	0.01680	0.00931	0.00725	0.00251	0.00672	0.00707	0.00858	0.01235
50	0.02294	0.02194	0.02118	0.11465	0.02721	0.16273	0.01531	0.14447	0.24237	0.03059	0.02182	0.02332	0.01682	0.01344	0.05645	0.00330	0.03643	0.00759	0.00624	0.01119
51	0.02640	0.01294	0.01647	0.01393	0.01846	0.01231	0.01098	0.06074	0.11185	0.36527	0.09627	0.15821	0.03233	0.01369	0.00872	0.00269	0.00622	0.01169	0.00912	0.01171
52	0.01664	0.03945	0.59443	0.02452	0.03603	0.01905	0.10581	0.02573	0.01738	0.02573	0.01479	0.01773	0.01053	0.00760	0.00794	0.00259	0.01220	0.00644	0.00351	0.01186
53	0.02177	0.50012	0.17886	0.01621	0.02412	0.05140	0.01736	0.02589	0.01730	0.06291	0.01340	0.01493	0.01101	0.00736	0.00603	0.00198	0.00951	0.00498	0.00391	0.01094
54	0.01252	0.00945	0.01177	0.01147	0.01365	0.00928	0.00878	0.01845	0.10027	0.03036	0.43802	0.11136	0.09664	0.01740	0.00964	0.00277	0.00462	0.07689	0.00851	0.00816
55	0.19596	0.07281	0.10829	0.01514	0.02172	0.04307	0.01400	0.03247	0.08835	0.27410	0.02218	0.02127	0.01535	0.00884	0.00708	0.00243	0.00781	0.00662	0.00692	0.03559
56	0.08609	0.36525	0.19182	0.01720	0.02510	0.05077	0.04757	0.02645	0.01744	0.08445	0.01436	0.01593	0.01126	0.00753	0.00638	0.00214	0.00960	0.00540	0.00428	0.01097

[dist]
# distance from previous block
# <min> <max>
0	1

[block]
# block no. 2 follows, 23 sequences, length 17
# corresponding to MSA columns:
# 170-186
name=unknown_C
#
# <colnr> <probs for GDERKNQSTAVLIFYWHMCP>
#	G	D	E	R	K	N	Q	S	T	A	V	L	I	F	Y	W	H	M	C	P
0	0.68768	0.01523	0.01260	0.04424	0.01772	0.01764	0.00973	0.02326	0.01423	0.03488	0.01344	0.01851	0.01127	0.00849	0.00556	0.00260	0.00657	0.04252	0.00511	0.00872
1	0.01771	0.01531	0.02305	0.50730	0.07479	0.05110	0.02047	0.02257	0.01748	0.07148	0.01872	0.02901	0.01538	0.00974	0.00840	0.00275	0.01031	0.07047	0.00456	0.00942
2	0.01962	0.01880	0.03210	0.11287	0.60479	0.01916	0.02467	0.02450	0.01826	0.02594	0.01518	0.02023	0.01265	0.00732	0.00804	0.00244	0.00975	0.00723	0.00398	0.01248
3	0.01159	0.00869	0.01304	0.01304	0.01449	0.01014	0.01014	0.01449	0.01304	0.01884	0.02173	0.03188	0.02029	0.06086	0.68268	0.01304	0.02173	0.00869	0.00435	0.00724
4	0.01827	0.01849	0.03440	0.02848	0.09292	0.01924	0.32065	0.05912	0.01810	0.02514	0.01832	0.07390	0.01654	0.05146	0.04437	0.00362	0.13246	0.00986	0.00455	0.01012
5	0.01008	0.00721	0.00959	0.01117	0.01181	0.00672	0.00755	0.01177	0.01642	0.02212	0.11775	0.63251	0.05638	0.02437	0.01026	0.00321	0.00460	0.02207	0.00770	0.00672
6	0.01745	0.18564	0.41499	0.02213	0.06391	0.02100	0.05794	0.02456	0.01762	0.02484	0.06386	0.02001	0.01568	0.00815	0.00742	0.00239	0.01060	0.00657	0.00393	0.01130
7	0.01051	0.00773	0.00894	0.00952	0.01058	0.00714	0.00626	0.01176	0.01553	0.01999	0.07913	0.27254	0.22746	0.25234	0.02036	0.00461	0.00554	0.01716	0.00673	0.00616
8	0.02838	0.02127	0.02283	0.01803	0.02399	0.02363	0.01470	0.52370	0.12571	0.04731	0.02255	0.05128	0.01713	0.01061	0.00824	0.00252	0.00838	0.00827	0.00811	0.01334
9	0.01677	0.00944	0.01248	0.01145	0.01420	0.00855	0.00885	0.02014	0.02186	0.16889	0.40209	0.11884	0.08369	0.01655	0.00944	0.00270	0.00482	0.05152	0.00889	0.00885
10	0.01978	0.02159	0.06449	0.03473	0.26114	0.05284	0.18902	0.02667	0.08464	0.02567	0.01655	0.02087	0.01337	0.00872	0.01142	0.00271	0.12201	0.00790	0.00439	0.01148
11	0.01809	0.26868	0.46196	0.02004	0.03034	0.02328	0.02460	0.02523	0.01692	0.02349	0.01346	0.01575	0.01032	0.00745	0.00687	0.00229	0.01088	0.00544	0.00344	0.01146
12	0.07304	0.01021	0.01178	0.01139	0.01386	0.01014	0.00867	0.04770	0.05754	0.05835	0.09678	0.11294	0.19807	0.04880	0.01417	0.12590	0.00585	0.08032	0.00690	0.00758
13	0.01340	0.00909	0.01069	0.01009	0.01301	0.00785	0.00770	0.01604	0.01959	0.09302	0.19299	0.12796	0.34730	0.01837	0.00939	0.00269	0.00464	0.04038	0.00796	0.04786
14	0.06893	0.02107	0.02225	0.05904	0.04533	0.05508	0.01491	0.43743	0.06483	0.04364	0.01950	0.02044	0.01427	0.00942	0.00772	0.00241	0.00867	0.00715	0.06546	0.01245
15	0.06077	0.11445	0.06261	0.02435	0.12988	0.38932	0.01745	0.06581	0.02165	0.02382	0.01331	0.01570	0.01096	0.00802	0.00715	0.00217	0.01223	0.00558	0.00430	0.01047
16	0.02271	0.01786	0.02452	0.05937	0.09099	0.01898	0.09480	0.16063	0.21423	0.09645	0.08962	0.02826	0.02373	0.01014	0.00849	0.00260	0.00824	0.00899	0.00725	0.01215

[dist]
# distance from previous block
# <min> <max>
1	4

[block]
# block no. 3 follows, 23 sequences, length 12
# corresponding to MSA columns:
# 191-202
name=unknown_D
#
# <colnr> <probs for GDERKNQSTAVLIFYWHMCP>
#	G	D	E	R	K	N	Q	S	T	A	V	L	I	F	Y	W	H	M	C	P
0	0.18492	0.02061	0.17854	0.01882	0.06013	0.01535	0.07934	0.02239	0.01619	0.07466	0.05079	0.05616	0.01826	0.05970	0.01287	0.08424	0.02459	0.00804	0.00498	0.00942
1	0.01908	0.01929	0.02580	0.10660	0.21882	0.10309	0.06496	0.02419	0.06104	0.02404	0.01893	0.09892	0.01746	0.01043	0.01015	0.00257	0.08330	0.00887	0.00471	0.07777
2	0.09645	0.00925	0.00907	0.00862	0.01098	0.00963	0.00653	0.05089	0.01767	0.03127	0.04427	0.03007	0.02138	0.04808	0.00780	0.00233	0.00454	0.00767	0.57564	0.00787
3	0.02856	0.02359	0.07247	0.01877	0.02546	0.02413	0.01623	0.52518	0.10448	0.04731	0.02062	0.02050	0.01475	0.00973	0.00810	0.00248	0.00888	0.00741	0.00778	0.01356
4	0.03375	0.01322	0.01798	0.01399	0.01980	0.01147	0.01147	0.03696	0.02320	0.60181	0.09904	0.03114	0.02611	0.01074	0.00831	0.00252	0.00658	0.00886	0.00992	0.01315
5	0.01661	0.10939	0.53993	0.02168	0.03232	0.01952	0.04819	0.02485	0.01753	0.02549	0.05840	0.01984	0.01490	0.00821	0.00764	0.00249	0.01115	0.00654	0.00383	0.01149
6	0.01126	0.00812	0.01064	0.01036	0.01207	0.00751	0.00764	0.01475	0.02192	0.03087	0.57300	0.15231	0.07333	0.01784	0.00968	0.00266	0.00395	0.01586	0.00873	0.00751
7	0.01241	0.00926	0.01215	0.01191	0.01328	0.00900	0.03786	0.05539	0.01682	0.02237	0.07465	0.34957	0.08880	0.22592	0.01919	0.00447	0.00627	0.01707	0.00672	0.00689
8	0.01177	0.00800	0.00954	0.00954	0.00978	0.00824	0.00578	0.01224	0.01200	0.01625	0.02493	0.04960	0.02798	0.60689	0.14716	0.00872	0.01016	0.01129	0.00482	0.00530
9	0.01940	0.01577	0.01882	0.01385	0.02080	0.01341	0.03011	0.09209	0.06296	0.05266	0.01696	0.01859	0.01339	0.00694	0.00659	0.00154	0.00664	0.00566	0.00558	0.57824
10	0.08113	0.01730	0.06011	0.35698	0.14994	0.01832	0.02023	0.06576	0.06124	0.02635	0.01759	0.05847	0.01447	0.00915	0.00795	0.00265	0.00953	0.00792	0.00463	0.01029
11	0.44875	0.01638	0.04446	0.04855	0.06818	0.01676	0.01225	0.02672	0.04630	0.13808	0.01807	0.05347	0.01420	0.00905	0.00646	0.00257	0.00703	0.00663	0.00592	0.01015

[dist]
# distance from previous block
# <min> <max>
7	28

[block]
# block no. 4 follows, 23 sequences, length 7
# corresponding to MSA columns:
# 232-238
name=unknown_E
#
# <colnr> <probs for GDERKNQSTAVLIFYWHMCP>
#	G	D	E	R	K	N	Q	S	T	A	V	L	I	F	Y	W	H	M	C	P
0	0.07168	0.02103	0.02502	0.05308	0.02714	0.02273	0.06723	0.46248	0.03237	0.07705	0.01892	0.01973	0.01348	0.00914	0.00797	0.00243	0.00904	0.00726	0.00733	0.04489
1	0.01546	0.00897	0.01010	0.00978	0.01148	0.00951	0.00734	0.05205	0.01720	0.02825	0.02626	0.11096	0.02319	0.01325	0.00987	0.06452	0.04969	0.00936	0.51520	0.00755
2	0.08126	0.15062	0.33882	0.02343	0.09177	0.02073	0.07881	0.02635	0.01755	0.07648	0.01535	0.01765	0.01139	0.00762	0.00729	0.00242	0.01048	0.00620	0.00421	0.01159
3	0.18908	0.09892	0.29307	0.01918	0.06597	0.01848	0.01948	0.02595	0.01679	0.11012	0.01576	0.01783	0.01163	0.00913	0.00841	0.04951	0.00925	0.00589	0.00469	0.01088
4	0.01207	0.00901	0.01108	0.01164	0.01335	0.00842	0.00819	0.06157	0.01771	0.02370	0.04392	0.53809	0.10595	0.02215	0.00976	0.00301	0.00509	0.01978	0.00736	0.06817
5	0.05197	0.01191	0.01726	0.05330	0.02027	0.01175	0.09157	0.04686	0.05763	0.02500	0.03468	0.38814	0.06034	0.01767	0.00923	0.00288	0.00670	0.01611	0.00659	0.07014
6	0.02256	0.02072	0.03340	0.03369	0.25208	0.07582	0.21912	0.02842	0.05135	0.10841	0.01839	0.02147	0.01394	0.00768	0.00837	0.00244	0.01065	0.00789	0.00509	0.05851

[dist]
# distance from previous block
# <min> <max>
0	1

[block]
# block no. 5 follows, 23 sequences, length 6
# corresponding to MSA columns:
# 240-245
name=unknown_F
#
# <colnr> <probs for GDERKNQSTAVLIFYWHMCP>
#	G	D	E	R	K	N	Q	S	T	A	V	L	I	F	Y	W	H	M	C	P
0	0.02803	0.16026	0.02741	0.02155	0.07123	0.45675	0.01600	0.08381	0.02281	0.02297	0.01312	0.01517	0.01092	0.00814	0.00705	0.00208	0.01267	0.00539	0.00439	0.01023
1	0.02012	0.01507	0.01694	0.04709	0.02085	0.01654	0.01202	0.03584	0.41956	0.11262	0.08154	0.03744	0.10443	0.01230	0.00849	0.00270	0.00623	0.01030	0.00822	0.01170
2	0.02030	0.01844	0.02191	0.04997	0.20261	0.07361	0.01586	0.12902	0.15344	0.03035	0.03245	0.06340	0.13027	0.01173	0.00841	0.00257	0.00812	0.00993	0.00636	0.01124
3	0.02760	0.06712	0.05800	0.02125	0.13367	0.01629	0.01530	0.09200	0.05030	0.31852	0.02573	0.07099	0.01924	0.01014	0.00798	0.00245	0.00778	0.00848	0.00753	0.03963
4	0.01922	0.14682	0.15005	0.03066	0.11163	0.02211	0.35202	0.02552	0.01827	0.02480	0.01507	0.01932	0.01170	0.00705	0.00832	0.00249	0.01204	0.00778	0.00387	0.01125
5	0.01722	0.16033	0.56272	0.02151	0.03262	0.02116	0.02717	0.02545	0.01702	0.02454	0.01399	0.01641	0.01030	0.00758	0.00727	0.00242	0.01141	0.00571	0.00343	0.01172

[dist]
# distance from previous block
# <min> <max>
0	1

[block]
# block no. 6 follows, 23 sequences, length 11
# corresponding to MSA columns:
# 247-257
name=unknown_G
#
# <colnr> <probs for GDERKNQSTAVLIFYWHMCP>
#	G	D	E	R	K	N	Q	S	T	A	V	L	I	F	Y	W	H	M	C	P
0	0.01708	0.08513	0.54673	0.02283	0.03375	0.01994	0.06842	0.02672	0.05709	0.02579	0.01563	0.01800	0.01134	0.00781	0.00770	0.00254	0.01153	0.00632	0.00378	0.01187
1	0.03101	0.06036	0.06395	0.01519	0.02142	0.01470	0.01326	0.07285	0.06539	0.46358	0.02964	0.06867	0.02087	0.01071	0.00809	0.00253	0.00731	0.00873	0.00879	0.01295
2	0.01104	0.00741	0.00926	0.01017	0.01040	0.00718	0.00635	0.01146	0.01352	0.01803	0.03400	0.36968	0.04007	0.32798	0.02555	0.06301	0.00627	0.01691	0.00608	0.00562
3	0.01162	0.00860	0.01256	0.01256	0.01384	0.00988	0.00954	0.01418	0.01290	0.01848	0.02218	0.03433	0.02135	0.13643	0.60856	0.01244	0.02013	0.00905	0.00441	0.00698
4	0.01858	0.02197	0.08094	0.10277	0.08149	0.02027	0.47040	0.02508	0.01840	0.02519	0.01578	0.02129	0.01200	0.00736	0.00994	0.00274	0.04212	0.00886	0.00398	0.01084
5	0.01794	0.01842	0.03528	0.28737	0.20242	0.01927	0.25197	0.02374	0.01788	0.02414	0.01538	0.02134	0.01188	0.00742	0.00864	0.00264	0.01159	0.00810	0.00389	0.01069
6	0.01334	0.01167	0.01435	0.01421	0.01546	0.06206	0.01085	0.01569	0.01432	0.01945	0.02525	0.19235	0.02643	0.04269	0.39005	0.00871	0.09895	0.01171	0.00501	0.00745
7	0.02134	0.01994	0.02787	0.14934	0.36549	0.07063	0.02112	0.12953	0.02183	0.02901	0.01934	0.02303	0.04829	0.00864	0.00809	0.00246	0.00980	0.00763	0.00486	0.01177
8	0.07333	0.08353	0.02072	0.05821	0.02261	0.06073	0.01310	0.08040	0.23831	0.15193	0.07366	0.02858	0.02335	0.01049	0.00784	0.00254	0.00754	0.02413	0.00740	0.01161
9	0.02820	0.02520	0.02458	0.06254	0.08695	0.22516	0.04174	0.21807	0.02638	0.11527	0.01785	0.01917	0.01315	0.00869	0.00781	0.00230	0.01065	0.00672	0.00614	0.05342
10	0.06847	0.19945	0.07077	0.02138	0.05214	0.07305	0.12771	0.05251	0.06128	0.07485	0.01600	0.01853	0.01265	0.00878	0.00999	0.00248	0.10758	0.00671	0.00479	0.01088

[dist]
# distance from previous block
# <min> <max>
1	3

[block]
# block no. 7 follows, 23 sequences, length 103
# corresponding to MSA columns:
# 261-363
name=unknown_H
#
# <colnr> <probs for GDERKNQSTAVLIFYWHMCP>
#	G	D	E	R	K	N	Q	S	T	A	V	L	I	F	Y	W	H	M	C	P
0	0.02582	0.01935	0.02098	0.01701	0.02224	0.02137	0.01372	0.43512	0.13037	0.04347	0.04968	0.05227	0.02173	0.05172	0.01031	0.00289	0.00806	0.03357	0.00794	0.01237
1	0.22274	0.01712	0.05877	0.01446	0.02056	0.01580	0.01256	0.10839	0.04795	0.33674	0.04915	0.02364	0.01821	0.00951	0.00738	0.00252	0.00717	0.00725	0.00797	0.01211
2	0.02107	0.08799	0.05524	0.07336	0.11075	0.10868	0.24656	0.04883	0.01942	0.04746	0.01725	0.06227	0.01461	0.00892	0.00922	0.00256	0.04207	0.00853	0.00454	0.01068
3	0.02143	0.26901	0.02927	0.09024	0.02503	0.13819	0.01543	0.07573	0.01837	0.02218	0.01370	0.01780	0.01198	0.01520	0.09111	0.00361	0.12182	0.00602	0.00412	0.00975
4	0.00974	0.00762	0.00884	0.00983	0.01138	0.00671	0.00688	0.01146	0.01695	0.02129	0.06265	0.40752	0.34412	0.02309	0.00999	0.00303	0.00442	0.02023	0.00753	0.00671
5	0.01683	0.01442	0.01683	0.01202	0.01923	0.01082	0.00961	0.02043	0.01683	0.02644	0.01442	0.01683	0.01202	0.00601	0.00601	0.00120	0.00601	0.00481	0.00481	0.76444
6	0.02169	0.71972	0.04252	0.01388	0.02083	0.03211	0.01388	0.02430	0.01649	0.01909	0.01128	0.01302	0.01041	0.00694	0.00521	0.00174	0.00868	0.00434	0.00347	0.01041
7	0.03013	0.02314	0.02428	0.04880	0.02652	0.05698	0.01575	0.58024	0.03644	0.04826	0.01892	0.01934	0.01350	0.00960	0.00808	0.00243	0.00929	0.00720	0.00772	0.01337
8	0.01486	0.01370	0.01904	0.01691	0.01856	0.05303	0.06260	0.01747	0.01384	0.01936	0.01833	0.02848	0.01749	0.10252	0.36361	0.00869	0.19101	0.00845	0.00417	0.00787
9	0.77215	0.01569	0.01193	0.01067	0.01569	0.01820	0.00879	0.02385	0.01381	0.03641	0.01130	0.01318	0.00879	0.00753	0.00502	0.00251	0.00628	0.00439	0.00502	0.00879
10	0.02084	0.02303	0.02296	0.04420	0.02273	0.21961	0.01633	0.02275	0.01582	0.01955	0.01336	0.04598	0.01314	0.04363	0.02020	0.00326	0.41248	0.00739	0.00396	0.00877
11	0.01121	0.00871	0.01048	0.01127	0.01358	0.00798	0.00927	0.01410	0.01881	0.02351	0.09502	0.08306	0.36174	0.02116	0.01030	0.00317	0.00557	0.27633	0.00758	0.00716
12	0.02247	0.22297	0.30261	0.01989	0.05263	0.02245	0.02105	0.10624	0.02053	0.11214	0.01662	0.01779	0.01217	0.00805	0.00714	0.00231	0.00991	0.00604	0.00494	0.01206
13	0.01687	0.01674	0.06326	0.04105	0.02318	0.01224	0.05026	0.02114	0.01697	0.02614	0.01456	0.01735	0.01187	0.00626	0.00643	0.00145	0.00708	0.00528	0.00462	0.63725
14	0.07920	0.31700	0.33179	0.01804	0.02707	0.02430	0.02091	0.02576	0.04495	0.02421	0.01378	0.01571	0.01086	0.00753	0.00649	0.00223	0.00992	0.00533	0.00379	0.01113
15	0.01366	0.01018	0.01398	0.01538	0.01726	0.01071	0.01333	0.01813	0.04631	0.02444	0.04067	0.08458	0.04366	0.02144	0.01196	0.00368	0.04713	0.54842	0.00728	0.00779
16	0.01770	0.02249	0.16829	0.05698	0.32631	0.01756	0.06381	0.02457	0.05832	0.02653	0.05473	0.02863	0.05480	0.00945	0.00838	0.00258	0.00955	0.03301	0.00475	0.01157
17	0.01705	0.01462	0.01693	0.01232	0.01936	0.01145	0.00983	0.02196	0.05947	0.02695	0.01568	0.01773	0.01288	0.00635	0.00616	0.00131	0.00604	0.00510	0.00504	0.71378
18	0.01117	0.00760	0.00904	0.00966	0.00981	0.00745	0.00578	0.01163	0.01303	0.01738	0.03188	0.26959	0.03747	0.48747	0.03110	0.00636	0.00682	0.01552	0.00578	0.00547
19	0.01409	0.00705	0.01057	0.01057	0.01057	0.00705	0.00705	0.01057	0.01057	0.01409	0.01409	0.02467	0.01409	0.02819	0.03171	0.76392	0.00705	0.00705	0.00352	0.00352
20	0.01668	0.01622	0.02343	0.10026	0.05766	0.02166	0.01749	0.01915	0.01351	0.02008	0.01548	0.02225	0.04037	0.01756	0.08106	0.00420	0.49255	0.00770	0.00383	0.00886
21	0.00989	0.00706	0.00942	0.01130	0.01177	0.00659	0.00753	0.01130	0.01554	0.02071	0.04472	0.70954	0.05367	0.02542	0.01036	0.00330	0.00471	0.02307	0.00753	0.00659
22	0.45579	0.01499	0.01428	0.01198	0.01716	0.01610	0.00983	0.07240	0.01837	0.20472	0.01873	0.01898	0.01321	0.00853	0.00614	0.00245	0.00642	0.00589	0.07368	0.01038
23	0.20002	0.01225	0.01299	0.03803	0.01649	0.01265	0.00939	0.04178	0.01824	0.12025	0.04800	0.04665	0.31732	0.01457	0.00931	0.00269	0.05238	0.01132	0.00689	0.00880
24	0.01555	0.00917	0.01203	0.01088	0.01351	0.00830	0.00831	0.01910	0.02254	0.13928	0.50606	0.08120	0.09009	0.01599	0.00936	0.00258	0.00439	0.01400	0.00901	0.00862
25	0.03606	0.01436	0.01917	0.01470	0.02099	0.01275	0.01214	0.07661	0.02415	0.63147	0.03123	0.02711	0.01970	0.01002	0.00816	0.00251	0.00703	0.00811	0.00992	0.01381
26	0.03227	0.02044	0.02294	0.01758	0.02402	0.02177	0.01453	0.48387	0.03432	0.20984	0.02270	0.02157	0.01541	0.00982	0.00813	0.00245	0.00841	0.00752	0.00861	0.01380
27	0.03029	0.02245	0.02404	0.01856	0.02495	0.02490	0.01529	0.60632	0.06989	0.05025	0.02018	0.02004	0.01437	0.00981	0.00812	0.00245	0.00880	0.00740	0.00812	0.01375
28	0.01179	0.00790	0.00902	0.00902	0.00908	0.00796	0.00513	0.01191	0.01185	0.01586	0.02541	0.05223	0.02912	0.68801	0.06761	0.00808	0.00844	0.01167	0.00489	0.00501
29	0.01052	0.00857	0.00935	0.00910	0.01166	0.00756	0.00684	0.01384	0.04224	0.02547	0.25024	0.07125	0.46657	0.01905	0.00954	0.00269	0.00411	0.01612	0.00797	0.00730
30	0.01308	0.00934	0.01308	0.01494	0.01681	0.00934	0.01308	0.01681	0.01868	0.02428	0.04296	0.09153	0.04670	0.02242	0.01121	0.00374	0.00747	0.60960	0.00747	0.00747
31	0.00989	0.00706	0.00942	0.01130	0.01177	0.00659	0.00753	0.01130	0.01554	0.02071	0.04472	0.70954	0.05367	0.02542	0.01036	0.00330	0.00471	0.02307	0.00753	0.00659
32	0.02394	0.02713	0.05455	0.14179	0.18958	0.28337	0.01964	0.08647	0.02176	0.02515	0.01556	0.02093	0.01293	0.00872	0.00789	0.00240	0.01178	0.03124	0.00453	0.01066
33	0.01652	0.04026	0.61955	0.02407	0.03574	0.01899	0.08151	0.02572	0.01730	0.02572	0.01472	0.01754	0.01045	0.00764	0.00787	0.00258	0.01214	0.00630	0.00348	0.01190
34	0.03085	0.02273	0.02435	0.01867	0.02516	0.02516	0.01542	0.63716	0.03815	0.05114	0.01948	0.01948	0.01380	0.00974	0.00812	0.00244	0.00893	0.00731	0.00812	0.01380
35	0.02502	0.02538	0.02071	0.01829	0.02299	0.24711	0.01415	0.11633	0.35629	0.03136	0.02427	0.02353	0.01846	0.00994	0.00792	0.00248	0.00955	0.00758	0.00685	0.01179
36	0.01640	0.04107	0.64478	0.02362	0.03545	0.01892	0.05709	0.02571	0.01722	0.02571	0.01464	0.01734	0.01037	0.00767	0.00779	0.00258	0.01207	0.00616	0.00346	0.01194
37	0.02953	0.10519	0.02521	0.01981	0.02467	0.50296	0.01545	0.13574	0.02494	0.02517	0.01361	0.01530	0.01102	0.00845	0.00724	0.00211	0.01304	0.00549	0.00479	0.01027
38	0.02018	0.01743	0.01835	0.01651	0.02110	0.02018	0.01284	0.04312	0.64956	0.03394	0.03303	0.03027	0.02477	0.01101	0.00826	0.00275	0.00642	0.00917	0.00826	0.01284
39	0.01081	0.01162	0.09524	0.01271	0.01465	0.00824	0.01031	0.01319	0.01556	0.02112	0.03988	0.58783	0.04687	0.05684	0.01153	0.00342	0.00580	0.02031	0.00687	0.00721
40	0.01162	0.00859	0.01250	0.01250	0.01376	0.00985	0.00947	0.01414	0.01288	0.01843	0.02223	0.03462	0.02148	0.14549	0.59967	0.01237	0.01994	0.00910	0.00442	0.00694
41	0.03031	0.03867	0.02299	0.02090	0.02508	0.68226	0.01568	0.03240	0.02299	0.01986	0.01254	0.01463	0.01045	0.00836	0.00732	0.00209	0.01463	0.00523	0.00418	0.00941
42	0.01253	0.00896	0.01239	0.01387	0.01561	0.00882	0.01172	0.01605	0.01903	0.02519	0.13690	0.14621	0.05191	0.02182	0.01088	0.00351	0.00665	0.46283	0.00770	0.00742
43	0.03641	0.01381	0.01883	0.01444	0.02071	0.01193	0.01193	0.03954	0.02322	0.66984	0.03201	0.02762	0.02009	0.01004	0.00816	0.00251	0.00690	0.00816	0.01004	0.01381
44	0.01915	0.02189	0.04788	0.03420	0.04241	0.02052	0.63475	0.02599	0.01915	0.02599	0.01642	0.02189	0.01231	0.00684	0.00958	0.00274	0.01368	0.00958	0.00410	0.01094
45	0.01148	0.00829	0.01085	0.01021	0.01212	0.00766	0.00766	0.01531	0.02297	0.03254	0.65994	0.06061	0.07656	0.01659	0.00957	0.00255	0.00383	0.01467	0.00893	0.00766
46	0.06576	0.01439	0.01872	0.01454	0.02069	0.01307	0.01197	0.06079	0.05438	0.58974	0.03075	0.02686	0.01962	0.00998	0.00803	0.00252	0.00693	0.00802	0.00968	0.01355
47	0.02903	0.03273	0.02522	0.02360	0.08416	0.45103	0.04196	0.16348	0.02573	0.02755	0.01447	0.01649	0.01148	0.00850	0.00765	0.00222	0.01289	0.00604	0.00502	0.01074
48	0.01036	0.00811	0.00916	0.00914	0.01120	0.00715	0.00662	0.01271	0.01899	0.02444	0.24523	0.12693	0.38046	0.07849	0.01233	0.00317	0.00440	0.01648	0.00773	0.00690
49	0.01983	0.01703	0.01809	0.01644	0.02089	0.01965	0.01285	0.04182	0.61833	0.03347	0.03352	0.03331	0.02585	0.01157	0.00840	0.00280	0.00647	0.03889	0.00822	0.01258
50	0.01915	0.02189	0.04788	0.03420	0.04241	0.02052	0.63475	0.02599	0.01915	0.02599	0.01642	0.02189	0.01231	0.00684	0.00958	0.00274	0.01368	0.00958	0.00410	0.01094
51	0.01170	0.00983	0.01648	0.01557	0.01750	0.00922	0.12002	0.01420	0.01634	0.02183	0.03957	0.55629	0.04593	0.02195	0.01026	0.00322	0.00645	0.04934	0.00692	0.00741
52	0.02075	0.02990	0.38208	0.01992	0.02926	0.01648	0.04928	0.02900	0.06329	0.16048	0.04156	0.02190	0.01584	0.00854	0.00784	0.00246	0.00981	0.00702	0.00548	0.07912
53	0.02354	0.01910	0.02024	0.01719	0.02238	0.02175	0.01366	0.23006	0.45716	0.03935	0.02876	0.02688	0.02132	0.01061	0.00821	0.00265	0.00721	0.00859	0.00821	0.01314
54	0.01872	0.09456	0.43955	0.02195	0.03172	0.05790	0.08050	0.06678	0.01901	0.02682	0.01540	0.01804	0.01138	0.00785	0.00754	0.00243	0.01130	0.00632	0.05076	0.01146
55	0.06181	0.16108	0.13634	0.02164	0.07938	0.30666	0.01807	0.05406	0.04644	0.02395	0.01395	0.01599	0.01126	0.00802	0.00701	0.00219	0.01167	0.00557	0.00428	0.01061
56	0.08874	0.45850	0.12737	0.01900	0.09088	0.05361	0.01695	0.02484	0.01681	0.02241	0.01222	0.01443	0.01051	0.00719	0.00593	0.00201	0.00927	0.00492	0.00369	0.01071
57	0.01839	0.02235	0.09508	0.03044	0.03831	0.01942	0.49702	0.02492	0.01876	0.02603	0.04448	0.02276	0.01491	0.00759	0.00989	0.00266	0.03958	0.00914	0.00428	0.05400
58	0.00987	0.00711	0.00936	0.01116	0.01173	0.00660	0.00747	0.01131	0.01567	0.02077	0.04639	0.68152	0.08061	0.02521	0.01032	0.00327	0.00468	0.02280	0.00753	0.00660
59	0.01801	0.01784	0.05362	0.18241	0.42556	0.01771	0.02306	0.02299	0.01797	0.02495	0.01864	0.02955	0.01670	0.00940	0.00845	0.00265	0.00970	0.08513	0.00435	0.01130
60	0.01145	0.00772	0.00895	0.00929	0.00938	0.00764	0.00539	0.01171	0.01248	0.01664	0.02904	0.17213	0.03388	0.58982	0.03569	0.00704	0.00729	0.01384	0.00539	0.00522
61	0.01950	0.29588	0.25387	0.05643	0.09398	0.05041	0.07619	0.02513	0.01739	0.02280	0.01345	0.01640	0.01080	0.00734	0.00695	0.00224	0.01068	0.00583	0.00360	0.01113
62	0.01611	0.01141	0.01436	0.01317	0.01564	0.01276	0.01027	0.14477	0.01875	0.02695	0.02218	0.03050	0.01963	0.08714	0.40480	0.00893	0.01564	0.00846	0.11005	0.00850
63	0.01620	0.08454	0.04847	0.01795	0.01997	0.01982	0.04001	0.01978	0.04622	0.02245	0.09535	0.13856	0.02641	0.01494	0.01744	0.00310	0.34424	0.01056	0.00510	0.00890
64	0.01157	0.00893	0.01068	0.01039	0.01264	0.00838	0.00784	0.01619	0.06841	0.02858	0.38621	0.10476	0.23466	0.01807	0.00959	0.00272	0.00431	0.03997	0.00834	0.00775
65	0.00989	0.00706	0.00942	0.01130	0.01177	0.00659	0.00753	0.01130	0.01554	0.02071	0.04472	0.70954	0.05367	0.02542	0.01036	0.00330	0.00471	0.02307	0.00753	0.00659
66	0.00989	0.00706	0.00942	0.01130	0.01177	0.00659	0.00753	0.01130	0.01554	0.02071	0.04472	0.70954	0.05367	0.02542	0.01036	0.00330	0.00471	0.02307	0.00753	0.00659
67	0.01775	0.01775	0.02485	0.02130	0.02130	0.02485	0.01775	0.01953	0.01243	0.01953	0.01065	0.01775	0.01065	0.01420	0.02663	0.00355	0.69998	0.00710	0.00355	0.00888
68	0.02026	0.47143	0.24771	0.01718	0.02566	0.05337	0.01921	0.02507	0.01695	0.02128	0.01240	0.01442	0.01037	0.00725	0.00611	0.00202	0.01000	0.00492	0.00348	0.01089
69	0.01258	0.00901	0.01228	0.01386	0.01555	0.00889	0.01170	0.01586	0.01821	0.02376	0.06888	0.12899	0.07189	0.06524	0.01288	0.00387	0.00703	0.48490	0.00738	0.00724
70	0.01160	0.00870	0.01091	0.01007	0.01245	0.00776	0.00759	0.01518	0.02197	0.03075	0.54142	0.05993	0.14808	0.01639	0.00933	0.00249	0.00401	0.01433	0.00847	0.05856
71	0.03085	0.02273	0.02435	0.01867	0.02516	0.02516	0.01542	0.63716	0.03815	0.05114	0.01948	0.01948	0.01380	0.00974	0.00812	0.00244	0.00893	0.00731	0.00812	0.01380
72	0.01915	0.02189	0.04788	0.03420	0.04241	0.02052	0.63475	0.02599	0.01915	0.02599	0.01642	0.02189	0.01231	0.00684	0.00958	0.00274	0.01368	0.00958	0.00410	0.01094
73	0.01627	0.04197	0.67279	0.02313	0.03512	0.01884	0.02998	0.02570	0.01713	0.02570	0.01456	0.01713	0.01028	0.00771	0.00771	0.00257	0.01199	0.00600	0.00343	0.01199
74	0.00959	0.00822	0.00822	0.00822	0.01096	0.00685	0.00617	0.01165	0.01850	0.02192	0.08220	0.07809	0.66092	0.02055	0.00959	0.00274	0.00411	0.01713	0.00754	0.00685
75	0.01148	0.00949	0.01065	0.00980	0.01314	0.00780	0.00733	0.01391	0.01788	0.02349	0.09842	0.17465	0.35986	0.01770	0.00888	0.00246	0.00465	0.01510	0.00698	0.18634
76	0.01808	0.01662	0.02665	0.25583	0.03586	0.01997	0.09900	0.02202	0.01562	0.05867	0.01426	0.02013	0.01158	0.01018	0.01514	0.00289	0.27172	0.00733	0.00412	0.07433
77	0.01409	0.00705	0.01057	0.01057	0.01057	0.00705	0.00705	0.01057	0.01057	0.01409	0.01409	0.02467	0.01409	0.02819	0.03171	0.76392	0.00705	0.00705	0.00352	0.00352
78	0.01941	0.01870	0.03242	0.07294	0.56881	0.01873	0.06177	0.02433	0.01865	0.02654	0.04721	0.02226	0.01589	0.00770	0.00821	0.00245	0.00965	0.00774	0.00425	0.01232
79	0.01073	0.00767	0.01039	0.01226	0.01311	0.00732	0.00900	0.01276	0.01637	0.02166	0.04426	0.54575	0.05182	0.02462	0.01058	0.00341	0.00544	0.17851	0.00752	0.00682
80	0.01096	0.00878	0.01387	0.01395	0.01531	0.00820	0.08012	0.01300	0.01595	0.02132	0.04145	0.62996	0.04888	0.02327	0.01027	0.00323	0.00575	0.02151	0.00714	0.00709
81	0.01436	0.00934	0.01097	0.01015	0.01173	0.00907	0.00689	0.05339	0.01780	0.06710	0.20223	0.05348	0.09499	0.37481	0.02569	0.00529	0.00645	0.01251	0.00677	0.00697
82	0.02376	0.01921	0.02036	0.01724	0.02246	0.02185	0.01371	0.24256	0.44428	0.03972	0.02848	0.02665	0.02109	0.01058	0.00821	0.00265	0.00726	0.00855	0.00821	0.01316
83	0.01409	0.00705	0.01057	0.01057	0.01057	0.00705	0.00705	0.01057	0.01057	0.01409	0.01409	0.02467	0.01409	0.02819	0.03171	0.76392	0.00705	0.00705	0.00352	0.00352
84	0.03065	0.02212	0.02386	0.01839	0.02480	0.02437	0.01516	0.58640	0.06257	0.07776	0.02059	0.02028	0.01453	0.00981	0.00812	0.00245	0.00874	0.00742	0.00821	0.01376
85	0.01754	0.01440	0.01690	0.01211	0.01928	0.01086	0.00970	0.02113	0.01706	0.04982	0.01506	0.01722	0.01231	0.00616	0.00609	0.00125	0.00604	0.00493	0.00500	0.73716
86	0.02967	0.06619	0.08773	0.01613	0.02281	0.01711	0.01448	0.17300	0.05034	0.34366	0.02592	0.05157	0.01829	0.01006	0.00793	0.00244	0.00787	0.00803	0.00813	0.03864
87	0.16309	0.03107	0.40199	0.14304	0.03540	0.01864	0.04852	0.02445	0.01640	0.02689	0.01398	0.01737	0.01017	0.00771	0.00733	0.00259	0.01074	0.00605	0.00380	0.01079
88	0.77215	0.01569	0.01193	0.01067	0.01569	0.01820	0.00879	0.02385	0.01381	0.03641	0.01130	0.01318	0.00879	0.00753	0.00502	0.00251	0.00628	0.00439	0.00502	0.00879
89	0.01148	0.00829	0.01085	0.01021	0.01212	0.00766	0.00766	0.01531	0.02297	0.03254	0.65994	0.06061	0.07656	0.01659	0.00957	0.00255	0.00383	0.01467	0.00893	0.00766
90	0.01973	0.01844	0.03064	0.21018	0.43275	0.01950	0.04773	0.07433	0.01955	0.02705	0.01544	0.02050	0.01239	0.00764	0.00812	0.00250	0.01004	0.00732	0.00425	0.01188
91	0.01270	0.00856	0.01124	0.01042	0.01254	0.00787	0.00787	0.01650	0.02298	0.06370	0.62923	0.05900	0.07380	0.01627	0.00950	0.00255	0.00398	0.01436	0.00899	0.00796
92	0.01205	0.00960	0.01467	0.01435	0.01603	0.00918	0.08103	0.04550	0.01713	0.02291	0.04011	0.59358	0.04678	0.02244	0.01015	0.00319	0.00597	0.02068	0.00716	0.00747
93	0.01943	0.05946	0.10568	0.03032	0.07236	0.02172	0.38826	0.05515	0.01876	0.02596	0.01523	0.02014	0.01188	0.00814	0.01141	0.00275	0.10991	0.00834	0.00412	0.01098
94	0.01758	0.01341	0.01589	0.01549	0.01903	0.01439	0.01276	0.02987	0.30128	0.06066	0.03671	0.05764	0.03403	0.01597	0.00951	0.00312	0.00691	0.28429	0.00783	0.04363
95	0.01727	0.06743	0.49667	0.02657	0.08618	0.01973	0.12217	0.02562	0.01752	0.02551	0.01476	0.01792	0.01081	0.00750	0.00791	0.00255	0.01191	0.00657	0.00358	0.01183
96	0.04534	0.01580	0.02856	0.08422	0.17174	0.01598	0.20622	0.02046	0.01661	0.02344	0.02095	0.14398	0.02056	0.05597	0.01322	0.05441	0.03758	0.01089	0.00467	0.00941
97	0.01377	0.01315	0.02471	0.05907	0.02589	0.01256	0.24232	0.01756	0.01717	0.02288	0.03391	0.36230	0.06052	0.01718	0.00994	0.00305	0.00849	0.04109	0.00603	0.00840
98	0.01679	0.01600	0.05443	0.01266	0.02014	0.01128	0.01078	0.02073	0.01684	0.02640	0.01443	0.01684	0.01192	0.00611	0.00611	0.00128	0.00635	0.00488	0.00473	0.72130
99	0.01745	0.01677	0.02660	0.22279	0.23540	0.02028	0.02096	0.02129	0.01547	0.02205	0.01383	0.02041	0.01195	0.01292	0.05303	0.00349	0.24418	0.00726	0.00376	0.01009
100	0.01595	0.00980	0.01137	0.08664	0.01656	0.01002	0.00858	0.05445	0.01850	0.03021	0.06382	0.02951	0.02210	0.00950	0.00636	0.00200	0.00505	0.00774	0.52364	0.06819
101	0.01893	0.01942	0.05391	0.01880	0.02138	0.07633	0.01592	0.02161	0.01536	0.04670	0.04972	0.02013	0.01500	0.01190	0.01869	0.00286	0.41765	0.00695	0.00438	0.14437
102	0.04954	0.12953	0.17323	0.01814	0.02385	0.07941	0.05518	0.04707	0.05381	0.02586	0.01660	0.01969	0.01326	0.00919	0.00998	0.00245	0.11848	0.00652	0.13806	0.01017

[dist]
# distance from previous block
# <min> <max>
0	16

# created by:
# /st0/software/busco_prod/Augustus/scripts/msa2prfl.pl ./align_prep/107913.fa
