[name]
unknown

[dist]
# distance from previous block
# <min> <max>
0	230

[block]
# block no. 0 follows, 26 sequences, length 11
# corresponding to MSA columns:
# 230-240
name=unknown_A
#
# <colnr> <probs for GDERKNQSTAVLIFYWHMCP>
#	G	D	E	R	K	N	Q	S	T	A	V	L	I	F	Y	W	H	M	C	P
0	0.01371	0.01101	0.01126	0.01088	0.01271	0.05404	0.00783	0.09181	0.01747	0.02211	0.05690	0.14897	0.17411	0.25392	0.01870	0.00423	0.00655	0.07088	0.00613	0.00679
1	0.11593	0.01642	0.01838	0.01588	0.05653	0.01693	0.01200	0.30615	0.02458	0.07673	0.01994	0.10894	0.01713	0.00998	0.00714	0.00218	0.00695	0.00801	0.00649	0.15370
2	0.01549	0.01045	0.01397	0.01554	0.09521	0.01023	0.00999	0.05775	0.05332	0.10428	0.13181	0.29321	0.05513	0.08377	0.01153	0.00310	0.00568	0.01415	0.00696	0.00843
3	0.01297	0.00813	0.01053	0.01057	0.01240	0.00765	0.00786	0.01519	0.01665	0.10160	0.14712	0.24281	0.14538	0.07771	0.09590	0.00426	0.00678	0.06230	0.00699	0.00719
4	0.01762	0.01685	0.02871	0.21914	0.52251	0.01772	0.02271	0.02227	0.01673	0.02339	0.01406	0.01915	0.01152	0.00697	0.00753	0.00232	0.00930	0.00675	0.00366	0.01109
5	0.02639	0.01691	0.01953	0.01549	0.02051	0.01812	0.01265	0.34375	0.08306	0.19878	0.10249	0.02550	0.02217	0.01028	0.00871	0.00239	0.04548	0.00800	0.00790	0.01188
6	0.02488	0.01075	0.01453	0.01214	0.01624	0.00946	0.00960	0.02770	0.02051	0.43666	0.17760	0.14456	0.03557	0.01304	0.00825	0.00247	0.00548	0.01121	0.00878	0.01055
7	0.01451	0.00933	0.01116	0.01017	0.01211	0.00927	0.00741	0.09326	0.01931	0.05579	0.28580	0.07169	0.04198	0.16595	0.01589	0.05313	0.00530	0.01112	0.09955	0.00726
8	0.26036	0.01313	0.01620	0.07842	0.02060	0.01366	0.06004	0.05387	0.01731	0.18883	0.02340	0.09380	0.04485	0.01007	0.00687	0.00241	0.00662	0.00823	0.07197	0.00936
9	0.72722	0.01414	0.01107	0.00994	0.01441	0.01626	0.00813	0.02168	0.01357	0.03375	0.06229	0.01574	0.01309	0.00769	0.00502	0.00235	0.00569	0.00485	0.00498	0.00813
10	0.06027	0.00765	0.00935	0.01036	0.01139	0.00746	0.00732	0.01236	0.01497	0.02100	0.09334	0.41089	0.07510	0.13049	0.01380	0.00366	0.00517	0.09256	0.00662	0.00625

[dist]
# distance from previous block
# <min> <max>
10	20

[block]
# block no. 1 follows, 26 sequences, length 63
# corresponding to MSA columns:
# 263-325
name=unknown_B
#
# <colnr> <probs for GDERKNQSTAVLIFYWHMCP>
#	G	D	E	R	K	N	Q	S	T	A	V	L	I	F	Y	W	H	M	C	P
0	0.14448	0.02349	0.02084	0.01833	0.05118	0.24114	0.03779	0.19570	0.02277	0.07588	0.01513	0.01672	0.01151	0.00845	0.00801	0.00225	0.05687	0.00590	0.03338	0.01018
1	0.01724	0.01537	0.02067	0.01825	0.04080	0.04321	0.04259	0.06303	0.01497	0.04132	0.01468	0.02036	0.01294	0.01948	0.14265	0.00452	0.36159	0.00695	0.06178	0.03759
2	0.01148	0.00770	0.01059	0.05935	0.01468	0.00747	0.00855	0.01333	0.01523	0.06599	0.03964	0.55398	0.06879	0.02243	0.03201	0.00329	0.00555	0.04624	0.00685	0.00685
3	0.01847	0.01776	0.02788	0.05763	0.55297	0.04284	0.02101	0.02400	0.06299	0.02528	0.06126	0.02189	0.01675	0.00766	0.00760	0.00228	0.00863	0.00729	0.00434	0.01147
4	0.01101	0.00829	0.01030	0.01019	0.01208	0.00790	0.00767	0.01538	0.06836	0.02714	0.42065	0.15283	0.14242	0.01713	0.00907	0.00260	0.00414	0.05772	0.00785	0.00727
5	0.00982	0.00693	0.00889	0.01023	0.01108	0.00638	0.00694	0.01140	0.01477	0.02024	0.04092	0.62666	0.07140	0.02185	0.00919	0.00289	0.00436	0.01968	0.06129	0.03507
6	0.02767	0.01679	0.01931	0.01524	0.02079	0.01744	0.01242	0.29571	0.14009	0.25920	0.04997	0.02391	0.01887	0.00953	0.00760	0.00231	0.00702	0.00758	0.00813	0.04039
7	0.03240	0.01386	0.01802	0.01389	0.01962	0.01270	0.01144	0.12217	0.02363	0.57659	0.05392	0.02598	0.02004	0.00959	0.00767	0.00234	0.00660	0.00776	0.00910	0.01268
8	0.78701	0.01467	0.01115	0.00997	0.01467	0.01702	0.00821	0.02230	0.01291	0.03403	0.01056	0.01232	0.00821	0.00704	0.00469	0.00235	0.00587	0.00411	0.00469	0.00821
9	0.00990	0.00707	0.00913	0.01052	0.01119	0.00671	0.00731	0.01136	0.01455	0.01918	0.04086	0.50075	0.08164	0.13036	0.01412	0.00375	0.00517	0.10371	0.00666	0.00605
10	0.01872	0.01823	0.02984	0.09993	0.61371	0.03962	0.02283	0.02318	0.01723	0.02415	0.01412	0.01873	0.01179	0.00686	0.00749	0.00227	0.00925	0.00670	0.00373	0.01162
11	0.01794	0.01549	0.01627	0.01471	0.01884	0.01771	0.01142	0.03757	0.61141	0.03068	0.03515	0.03246	0.08460	0.01112	0.00783	0.00257	0.00580	0.00927	0.00766	0.01148
12	0.01211	0.00919	0.01267	0.01220	0.01361	0.01059	0.00934	0.04995	0.01353	0.01908	0.02233	0.03276	0.04511	0.13996	0.51386	0.01015	0.05359	0.00867	0.00441	0.00690
13	0.01899	0.15939	0.34908	0.01973	0.02846	0.02034	0.08802	0.10483	0.04401	0.05131	0.01509	0.01689	0.01116	0.00738	0.00700	0.00222	0.00989	0.00598	0.00428	0.03594
14	0.01096	0.00913	0.01206	0.01062	0.01354	0.00793	0.05163	0.01389	0.01846	0.02469	0.28096	0.10653	0.29769	0.01589	0.00865	0.00238	0.00459	0.01389	0.00702	0.08949
15	0.01518	0.01293	0.01504	0.01124	0.01731	0.01005	0.00887	0.01906	0.04094	0.02448	0.01815	0.06737	0.03606	0.00749	0.00609	0.00136	0.00549	0.00620	0.00488	0.67180
16	0.01581	0.01374	0.01682	0.01202	0.01879	0.01045	0.03347	0.01929	0.01581	0.02470	0.01355	0.01591	0.01125	0.00565	0.00574	0.00118	0.00589	0.00466	0.00447	0.75079
17	0.02028	0.73799	0.03975	0.01298	0.01947	0.03001	0.01298	0.02271	0.01541	0.01785	0.01055	0.01217	0.00973	0.00649	0.00487	0.00162	0.00811	0.00406	0.00324	0.00973
18	0.01118	0.00838	0.01182	0.01165	0.01261	0.00968	0.00868	0.01319	0.01188	0.01694	0.02064	0.03388	0.02056	0.21711	0.50848	0.01057	0.05351	0.00875	0.00415	0.00633
19	0.02799	0.02083	0.02229	0.01728	0.02320	0.02313	0.01421	0.60823	0.08963	0.04644	0.01928	0.01907	0.01377	0.00921	0.00760	0.00230	0.00815	0.00698	0.00760	0.01282
20	0.22779	0.45005	0.05154	0.01310	0.01901	0.09324	0.01235	0.02340	0.01536	0.02249	0.01077	0.01249	0.00932	0.00679	0.00509	0.00188	0.00816	0.00420	0.00370	0.00928
21	0.01152	0.00793	0.01039	0.00967	0.01160	0.00729	0.00729	0.01507	0.02148	0.05254	0.66028	0.05563	0.06980	0.01530	0.00890	0.00238	0.00367	0.01351	0.00838	0.00735
22	0.01123	0.00948	0.04067	0.01026	0.01242	0.00812	0.00809	0.01549	0.05040	0.02841	0.53525	0.07931	0.07906	0.06543	0.01091	0.00277	0.00433	0.01329	0.00774	0.00733
23	0.00942	0.00686	0.00892	0.01049	0.01125	0.00636	0.00726	0.01095	0.01502	0.01971	0.04544	0.61418	0.11736	0.02308	0.00966	0.00305	0.00452	0.06319	0.00704	0.00624
24	0.01573	0.01348	0.01573	0.01123	0.01798	0.01011	0.00899	0.01910	0.01573	0.02472	0.01348	0.01573	0.01123	0.00562	0.00562	0.00112	0.00562	0.00449	0.00449	0.77980
25	0.01802	0.15813	0.47895	0.02057	0.05964	0.01959	0.02354	0.04776	0.01706	0.06861	0.01437	0.01621	0.01048	0.00728	0.00685	0.00225	0.01014	0.00557	0.00381	0.01116
26	0.01735	0.01657	0.02822	0.25979	0.48397	0.01765	0.02257	0.02204	0.01660	0.02306	0.01402	0.01924	0.01141	0.00702	0.00753	0.00234	0.00936	0.00675	0.00363	0.01087
27	0.05197	0.01392	0.01608	0.04831	0.01984	0.01199	0.01000	0.02219	0.10620	0.02584	0.01575	0.01754	0.01268	0.00643	0.00597	0.00145	0.00592	0.00516	0.00489	0.59789
28	0.01877	0.01802	0.03079	0.04656	0.68612	0.01802	0.02328	0.02328	0.01727	0.02478	0.01427	0.01877	0.01201	0.00676	0.00751	0.00225	0.00901	0.00676	0.00375	0.01201
29	0.00924	0.00660	0.00880	0.01056	0.01100	0.00616	0.00704	0.01056	0.01452	0.01936	0.04181	0.72848	0.05017	0.02376	0.00968	0.00308	0.00440	0.02156	0.00704	0.00616
30	0.01877	0.01802	0.03079	0.04656	0.68612	0.01802	0.02328	0.02328	0.01727	0.02478	0.01427	0.01877	0.01201	0.00676	0.00751	0.00225	0.00901	0.00676	0.00375	0.01201
31	0.01090	0.00739	0.00831	0.00829	0.00850	0.00729	0.00476	0.01115	0.01179	0.01564	0.05230	0.05123	0.06633	0.66534	0.03579	0.00689	0.00701	0.01142	0.00488	0.00480
32	0.01051	0.00760	0.01008	0.01138	0.01259	0.00725	0.00874	0.01287	0.01647	0.02176	0.11579	0.35186	0.09823	0.04221	0.01067	0.00323	0.00528	0.23984	0.00710	0.00654
33	0.02616	0.13326	0.07857	0.01880	0.02366	0.55452	0.01551	0.02873	0.02021	0.01891	0.01171	0.01366	0.00975	0.00758	0.00660	0.00194	0.01271	0.00483	0.00376	0.00912
34	0.01877	0.01802	0.03079	0.04656	0.68612	0.01802	0.02328	0.02328	0.01727	0.02478	0.01427	0.01877	0.01201	0.00676	0.00751	0.00225	0.00901	0.00676	0.00375	0.01201
35	0.01081	0.00780	0.01025	0.00977	0.01156	0.00724	0.00742	0.01439	0.02126	0.03002	0.64878	0.05816	0.07012	0.01579	0.00903	0.00244	0.00376	0.04598	0.00828	0.00715
36	0.01573	0.01348	0.01573	0.01123	0.01798	0.01011	0.00899	0.01910	0.01573	0.02472	0.01348	0.01573	0.01123	0.00562	0.00562	0.00112	0.00562	0.00449	0.00449	0.77980
37	0.02703	0.03341	0.02090	0.01897	0.02293	0.60857	0.01429	0.03167	0.11133	0.02038	0.01437	0.01570	0.01162	0.00816	0.00696	0.00204	0.01262	0.00539	0.00443	0.00924
38	0.00959	0.00675	0.00870	0.01012	0.01047	0.00639	0.00657	0.01065	0.01384	0.01846	0.03833	0.59676	0.04578	0.16147	0.01529	0.00391	0.00497	0.01952	0.00657	0.00586
39	0.01822	0.01744	0.02948	0.04436	0.64791	0.01737	0.02229	0.02258	0.01727	0.02454	0.01780	0.02184	0.04995	0.00746	0.00759	0.00227	0.00872	0.00728	0.00394	0.01170
40	0.01901	0.01909	0.03169	0.06733	0.55163	0.05369	0.09881	0.02362	0.01749	0.02421	0.01424	0.01876	0.01177	0.00680	0.00765	0.00228	0.00974	0.00692	0.00376	0.01151
41	0.02926	0.01225	0.01641	0.01276	0.01814	0.01051	0.01041	0.03232	0.02117	0.54340	0.11853	0.02921	0.02542	0.00991	0.00764	0.00225	0.00599	0.00820	0.00883	0.07740
42	0.01785	0.01709	0.02913	0.18455	0.55530	0.01778	0.02282	0.02247	0.01684	0.02367	0.01411	0.01907	0.01162	0.00693	0.00752	0.00231	0.00924	0.00675	0.00368	0.01127
43	0.01799	0.01722	0.02938	0.16396	0.57482	0.01782	0.02289	0.02259	0.01690	0.02383	0.01413	0.01903	0.01168	0.00690	0.00752	0.00230	0.00920	0.00676	0.00369	0.01138
44	0.01534	0.03836	0.66392	0.02210	0.03315	0.01769	0.05736	0.02403	0.01610	0.02403	0.01369	0.01622	0.00970	0.00717	0.00729	0.00241	0.01128	0.00576	0.00323	0.01116
45	0.01409	0.00985	0.01381	0.05544	0.01839	0.01000	0.01266	0.01756	0.01727	0.06459	0.03527	0.07133	0.03697	0.01827	0.01041	0.00322	0.03445	0.49858	0.00664	0.05118
46	0.01860	0.01785	0.03048	0.07237	0.66164	0.01798	0.02319	0.02313	0.01719	0.02457	0.01424	0.01883	0.01194	0.00679	0.00751	0.00226	0.00905	0.00676	0.00374	0.01188
47	0.01796	0.01801	0.02670	0.30777	0.37072	0.08499	0.02156	0.02243	0.01686	0.02204	0.01371	0.01884	0.01104	0.00719	0.00747	0.00233	0.00990	0.00657	0.00362	0.01028
48	0.00924	0.00660	0.00880	0.01056	0.01100	0.00616	0.00704	0.01056	0.01452	0.01936	0.04181	0.72848	0.05017	0.02376	0.00968	0.00308	0.00440	0.02156	0.00704	0.00616
49	0.01568	0.01398	0.02286	0.43977	0.19084	0.01615	0.01945	0.04439	0.01607	0.02166	0.01457	0.02070	0.01157	0.01075	0.04097	0.04247	0.00984	0.00682	0.03243	0.00903
50	0.02028	0.73799	0.03975	0.01298	0.01947	0.03001	0.01298	0.02271	0.01541	0.01785	0.01055	0.01217	0.00973	0.00649	0.00487	0.00162	0.00811	0.00406	0.00324	0.00973
51	0.00896	0.00768	0.00768	0.00768	0.01025	0.00640	0.00576	0.01089	0.01729	0.02049	0.07684	0.07300	0.68304	0.01921	0.00896	0.00256	0.00384	0.01601	0.00704	0.00640
52	0.01789	0.01910	0.03917	0.08165	0.03754	0.01847	0.52043	0.06704	0.01916	0.02596	0.06153	0.02279	0.01565	0.00730	0.00875	0.00252	0.01164	0.00897	0.00437	0.01006
53	0.78701	0.01467	0.01115	0.00997	0.01467	0.01702	0.00821	0.02230	0.01291	0.03403	0.01056	0.01232	0.00821	0.00704	0.00469	0.00235	0.00587	0.00411	0.00469	0.00821
54	0.01581	0.01373	0.01677	0.01198	0.01875	0.01044	0.03223	0.01928	0.01581	0.02470	0.01355	0.01590	0.01124	0.00565	0.00574	0.00117	0.00587	0.00465	0.00447	0.75227
55	0.02919	0.01736	0.11114	0.01505	0.02145	0.01362	0.01374	0.06340	0.10788	0.48309	0.02728	0.02445	0.01783	0.00919	0.00758	0.00238	0.00713	0.00744	0.00823	0.01255
56	0.01742	0.01669	0.02799	0.18708	0.37389	0.01762	0.08549	0.02431	0.10089	0.02426	0.01721	0.04297	0.01418	0.00789	0.00777	0.00241	0.00911	0.00768	0.00429	0.01086
57	0.14055	0.01504	0.01807	0.09093	0.06819	0.01619	0.01297	0.08793	0.20076	0.20648	0.02379	0.04969	0.01766	0.00943	0.00727	0.00244	0.00690	0.00766	0.00692	0.01114
58	0.13021	0.01496	0.06312	0.01360	0.01926	0.01276	0.01179	0.05510	0.04396	0.46420	0.02665	0.07152	0.01885	0.00994	0.00735	0.00241	0.00662	0.00799	0.00805	0.01167
59	0.02605	0.08694	0.02220	0.01823	0.02248	0.50443	0.01405	0.05497	0.13632	0.02192	0.01525	0.01631	0.01224	0.00820	0.00687	0.00205	0.01169	0.00554	0.00467	0.00959
60	0.07466	0.01669	0.01866	0.01776	0.07569	0.01861	0.01293	0.11967	0.43033	0.09129	0.02631	0.02484	0.01944	0.00953	0.00747	0.00247	0.00660	0.00780	0.00731	0.01194
61	0.01103	0.00735	0.00827	0.00827	0.00827	0.00735	0.00460	0.01103	0.01103	0.01471	0.02390	0.04964	0.02758	0.73343	0.03861	0.00735	0.00735	0.01103	0.00460	0.00460
62	0.01828	0.01540	0.01664	0.03521	0.01984	0.01747	0.01184	0.08602	0.50589	0.03144	0.05494	0.03371	0.07396	0.01136	0.00794	0.00257	0.00611	0.03265	0.00752	0.01120

[dist]
# distance from previous block
# <min> <max>
0	1

[block]
# block no. 2 follows, 26 sequences, length 103
# corresponding to MSA columns:
# 327-429
name=unknown_C
#
# <colnr> <probs for GDERKNQSTAVLIFYWHMCP>
#	G	D	E	R	K	N	Q	S	T	A	V	L	I	F	Y	W	H	M	C	P
0	0.01806	0.01672	0.04194	0.04944	0.13270	0.04208	0.05838	0.07882	0.25238	0.02821	0.07173	0.02620	0.02112	0.01359	0.06351	0.02795	0.00867	0.00810	0.02997	0.01045
1	0.78701	0.01467	0.01115	0.00997	0.01467	0.01702	0.00821	0.02230	0.01291	0.03403	0.01056	0.01232	0.00821	0.00704	0.00469	0.00235	0.00587	0.00411	0.00469	0.00821
2	0.01735	0.02049	0.07724	0.03100	0.08634	0.01853	0.51873	0.02330	0.01734	0.02385	0.01625	0.05448	0.01327	0.00758	0.00939	0.00258	0.03909	0.00912	0.00393	0.01015
3	0.01085	0.00808	0.01197	0.01197	0.01325	0.00936	0.00921	0.01340	0.01213	0.01745	0.02052	0.03090	0.01944	0.09452	0.66639	0.01192	0.01960	0.00829	0.00409	0.00665
4	0.35675	0.01366	0.01484	0.01199	0.01735	0.01366	0.00989	0.03068	0.01794	0.40964	0.02163	0.02003	0.01425	0.00838	0.00637	0.00235	0.00620	0.00612	0.00738	0.01090
5	0.00904	0.00769	0.00779	0.00776	0.01029	0.00644	0.00582	0.01103	0.01747	0.02092	0.10307	0.07229	0.65654	0.01905	0.00896	0.00255	0.00383	0.01591	0.00710	0.00644
6	0.01051	0.00758	0.00994	0.00969	0.01128	0.00701	0.00714	0.01375	0.02043	0.02877	0.58660	0.15687	0.06838	0.01674	0.00906	0.00249	0.00370	0.01489	0.00815	0.00701
7	0.03403	0.01291	0.01760	0.01350	0.01936	0.01115	0.01115	0.03697	0.02171	0.69137	0.02992	0.02582	0.01878	0.00939	0.00763	0.00235	0.00645	0.00763	0.00939	0.01291
8	0.01106	0.00790	0.01089	0.01265	0.01388	0.00773	0.01021	0.01371	0.01632	0.02140	0.04080	0.33535	0.04618	0.02205	0.01017	0.00333	0.00598	0.39671	0.00701	0.00666
9	0.78701	0.01467	0.01115	0.00997	0.01467	0.01702	0.00821	0.02230	0.01291	0.03403	0.01056	0.01232	0.00821	0.00704	0.00469	0.00235	0.00587	0.00411	0.00469	0.00821
10	0.78701	0.01467	0.01115	0.00997	0.01467	0.01702	0.00821	0.02230	0.01291	0.03403	0.01056	0.01232	0.00821	0.00704	0.00469	0.00235	0.00587	0.00411	0.00469	0.00821
11	0.78701	0.01467	0.01115	0.00997	0.01467	0.01702	0.00821	0.02230	0.01291	0.03403	0.01056	0.01232	0.00821	0.00704	0.00469	0.00235	0.00587	0.00411	0.00469	0.00821
12	0.01086	0.00804	0.01176	0.01176	0.01297	0.00925	0.00895	0.01327	0.01206	0.01729	0.02071	0.03197	0.01990	0.13089	0.63066	0.01166	0.01890	0.00844	0.00412	0.00653
13	0.00923	0.00665	0.00875	0.01043	0.01097	0.00617	0.00698	0.01058	0.01465	0.01942	0.04345	0.69780	0.07979	0.02355	0.00965	0.00306	0.00437	0.02130	0.00704	0.00617
14	0.01651	0.01763	0.05325	0.04639	0.02253	0.02258	0.04508	0.01881	0.01221	0.01881	0.01048	0.01687	0.01001	0.01250	0.02279	0.00322	0.63179	0.00670	0.00334	0.00851
15	0.01300	0.00665	0.00975	0.00975	0.00975	0.00665	0.00643	0.00997	0.00997	0.01330	0.01404	0.02519	0.01433	0.08319	0.03036	0.71726	0.00665	0.00694	0.00340	0.00340
16	0.78701	0.01467	0.01115	0.00997	0.01467	0.01702	0.00821	0.02230	0.01291	0.03403	0.01056	0.01232	0.00821	0.00704	0.00469	0.00235	0.00587	0.00411	0.00469	0.00821
17	0.01659	0.01659	0.02323	0.01991	0.01991	0.02323	0.01659	0.01825	0.01162	0.01825	0.00996	0.01659	0.00996	0.01328	0.02489	0.00332	0.71955	0.00664	0.00332	0.00830
18	0.01043	0.00783	0.00968	0.01071	0.01231	0.00731	0.00837	0.01266	0.01626	0.02061	0.05128	0.21234	0.25506	0.08023	0.01215	0.00342	0.00544	0.25069	0.00682	0.00642
19	0.01521	0.03923	0.69413	0.02162	0.03283	0.01762	0.02802	0.02402	0.01601	0.02402	0.01361	0.01601	0.00961	0.00721	0.00721	0.00240	0.01121	0.00560	0.00320	0.01121
20	0.01222	0.00873	0.01222	0.01397	0.01572	0.00873	0.01222	0.01572	0.01746	0.02270	0.04016	0.08556	0.04365	0.02095	0.01048	0.00349	0.00698	0.63506	0.00698	0.00698
21	0.01113	0.00838	0.01070	0.01186	0.01388	0.00795	0.01005	0.01409	0.01740	0.02196	0.05249	0.08134	0.25864	0.02037	0.00997	0.00318	0.00593	0.42692	0.00700	0.00679
22	0.01432	0.01348	0.02275	0.71520	0.05224	0.01685	0.02107	0.01938	0.01517	0.01938	0.01348	0.02022	0.01011	0.00758	0.00758	0.00253	0.01011	0.00674	0.00337	0.00843
23	0.00924	0.00660	0.00880	0.01056	0.01100	0.00616	0.00704	0.01056	0.01452	0.01936	0.04181	0.72848	0.05017	0.02376	0.00968	0.00308	0.00440	0.02156	0.00704	0.00616
24	0.01887	0.01629	0.01715	0.01544	0.01972	0.01887	0.01201	0.04031	0.67241	0.03173	0.03087	0.02830	0.02315	0.01029	0.00772	0.00257	0.00600	0.00858	0.00772	0.01201
25	0.00916	0.00764	0.00798	0.00801	0.01039	0.00647	0.00596	0.01121	0.01758	0.02143	0.13595	0.10204	0.59204	0.01905	0.00900	0.00257	0.00384	0.01604	0.00717	0.00647
26	0.02836	0.03545	0.02155	0.01944	0.02345	0.67118	0.01464	0.05980	0.02216	0.01993	0.01203	0.01389	0.00992	0.00788	0.00687	0.00197	0.01343	0.00498	0.00408	0.00899
27	0.01432	0.01348	0.02275	0.71520	0.05224	0.01685	0.02107	0.01938	0.01517	0.01938	0.01348	0.02022	0.01011	0.00758	0.00758	0.00253	0.01011	0.00674	0.00337	0.00843
28	0.01912	0.01801	0.02738	0.17847	0.37757	0.05167	0.04819	0.09059	0.01878	0.02567	0.01463	0.01906	0.01174	0.00752	0.00812	0.00233	0.03484	0.00677	0.02869	0.01084
29	0.01084	0.00813	0.01039	0.01161	0.01343	0.00768	0.00957	0.01356	0.01702	0.02158	0.05150	0.16759	0.23839	0.02080	0.00991	0.00315	0.00569	0.36545	0.00701	0.00670
30	0.02060	0.70960	0.03901	0.01324	0.01963	0.05724	0.01305	0.02302	0.01566	0.01787	0.01059	0.01223	0.00974	0.00654	0.00495	0.00164	0.00834	0.00409	0.00327	0.00970
31	0.02138	0.01632	0.05067	0.01365	0.02006	0.01390	0.01159	0.17983	0.02136	0.12745	0.01738	0.01849	0.01303	0.00951	0.03914	0.00217	0.00737	0.00575	0.00589	0.40507
32	0.01813	0.01621	0.02502	0.39656	0.15150	0.01883	0.04519	0.14207	0.01929	0.02582	0.01436	0.01937	0.01101	0.00806	0.00876	0.00249	0.05630	0.00684	0.00425	0.00995
33	0.01902	0.01625	0.01760	0.01644	0.04674	0.01849	0.01230	0.08056	0.56754	0.03196	0.03174	0.02957	0.05671	0.01053	0.00777	0.00254	0.00617	0.00877	0.00751	0.01177
34	0.01831	0.01476	0.01627	0.01508	0.01897	0.01667	0.01201	0.03565	0.52416	0.05866	0.03253	0.03869	0.02672	0.01221	0.00822	0.00273	0.00620	0.12337	0.00766	0.01112
35	0.01102	0.00739	0.00848	0.00848	0.00855	0.00747	0.00485	0.01116	0.01109	0.01486	0.02371	0.04859	0.02712	0.69784	0.07358	0.00761	0.00804	0.01088	0.00457	0.00471
36	0.03403	0.01291	0.01760	0.01350	0.01936	0.01115	0.01115	0.03697	0.02171	0.69137	0.02992	0.02582	0.01878	0.00939	0.00763	0.00235	0.00645	0.00763	0.00939	0.01291
37	0.01400	0.01267	0.01861	0.39431	0.03526	0.04169	0.03511	0.01894	0.04513	0.02239	0.13369	0.10055	0.02668	0.01110	0.00804	0.00253	0.00810	0.02692	0.03616	0.00811
38	0.01318	0.00659	0.00988	0.00988	0.00988	0.00659	0.00659	0.00988	0.00988	0.01318	0.01318	0.02306	0.01318	0.02635	0.02964	0.77931	0.00659	0.00659	0.00329	0.00329
39	0.01432	0.01348	0.02275	0.71520	0.05224	0.01685	0.02107	0.01938	0.01517	0.01938	0.01348	0.02022	0.01011	0.00758	0.00758	0.00253	0.01011	0.00674	0.00337	0.00843
40	0.00951	0.00768	0.00829	0.00815	0.01036	0.00664	0.00600	0.01169	0.01783	0.02239	0.21297	0.06762	0.49695	0.06727	0.01099	0.00285	0.00402	0.01514	0.00718	0.00645
41	0.02658	0.05925	0.02424	0.04472	0.04620	0.52264	0.05916	0.08710	0.02197	0.02185	0.01267	0.01489	0.01026	0.00775	0.00702	0.00204	0.01264	0.00543	0.00419	0.00939
42	0.09777	0.01483	0.04069	0.01370	0.01973	0.01304	0.01165	0.09574	0.02171	0.50132	0.02538	0.02285	0.01643	0.00882	0.00721	0.00226	0.00670	0.00696	0.00825	0.06496
43	0.01573	0.01348	0.01573	0.01123	0.01798	0.01011	0.00899	0.01910	0.01573	0.02472	0.01348	0.01573	0.01123	0.00562	0.00562	0.00112	0.00562	0.00449	0.00449	0.77980
44	0.01123	0.00871	0.01295	0.01272	0.01398	0.01042	0.00997	0.01387	0.01215	0.01765	0.01961	0.02889	0.01835	0.05390	0.65690	0.01158	0.06821	0.00802	0.00401	0.00688
45	0.01877	0.01802	0.03079	0.04656	0.68612	0.01802	0.02328	0.02328	0.01727	0.02478	0.01427	0.01877	0.01201	0.00676	0.00751	0.00225	0.00901	0.00676	0.00375	0.01201
46	0.01573	0.01348	0.01573	0.01123	0.01798	0.01011	0.00899	0.01910	0.01573	0.02472	0.01348	0.01573	0.01123	0.00562	0.00562	0.00112	0.00562	0.00449	0.00449	0.77980
47	0.00913	0.00769	0.00792	0.00786	0.01035	0.00648	0.00590	0.01121	0.01769	0.02144	0.13500	0.07143	0.62428	0.01885	0.00896	0.00254	0.00382	0.01579	0.00717	0.00648
48	0.01887	0.01629	0.01715	0.01544	0.01972	0.01887	0.01201	0.04031	0.67241	0.03173	0.03087	0.02830	0.02315	0.01029	0.00772	0.00257	0.00600	0.00858	0.00772	0.01201
49	0.01564	0.01419	0.02275	0.65175	0.04963	0.01746	0.02046	0.07771	0.01703	0.02196	0.01391	0.02004	0.01036	0.00772	0.00758	0.00250	0.00995	0.00675	0.00375	0.00883
50	0.01877	0.01802	0.03079	0.04656	0.68612	0.01802	0.02328	0.02328	0.01727	0.02478	0.01427	0.01877	0.01201	0.00676	0.00751	0.00225	0.00901	0.00676	0.00375	0.01201
51	0.67201	0.01567	0.01291	0.01111	0.01601	0.01800	0.00916	0.11914	0.01636	0.03612	0.01172	0.01321	0.00893	0.00735	0.00513	0.00234	0.00624	0.00452	0.00513	0.00893
52	0.00924	0.00660	0.00880	0.01056	0.01100	0.00616	0.00704	0.01056	0.01452	0.01936	0.04181	0.72848	0.05017	0.02376	0.00968	0.00308	0.00440	0.02156	0.00704	0.00616
53	0.78701	0.01467	0.01115	0.00997	0.01467	0.01702	0.00821	0.02230	0.01291	0.03403	0.01056	0.01232	0.00821	0.00704	0.00469	0.00235	0.00587	0.00411	0.00469	0.00821
54	0.01760	0.01940	0.04063	0.03171	0.09613	0.01869	0.53352	0.02343	0.01751	0.02396	0.01636	0.02374	0.01327	0.00757	0.00968	0.00262	0.04660	0.04347	0.00398	0.01012
55	0.01432	0.01348	0.02275	0.71520	0.05224	0.01685	0.02107	0.01938	0.01517	0.01938	0.01348	0.02022	0.01011	0.00758	0.00758	0.00253	0.01011	0.00674	0.00337	0.00843
56	0.01222	0.00873	0.01222	0.01397	0.01572	0.00873	0.01222	0.01572	0.01746	0.02270	0.04016	0.08556	0.04365	0.02095	0.01048	0.00349	0.00698	0.63506	0.00698	0.00698
57	0.78701	0.01467	0.01115	0.00997	0.01467	0.01702	0.00821	0.02230	0.01291	0.03403	0.01056	0.01232	0.00821	0.00704	0.00469	0.00235	0.00587	0.00411	0.00469	0.00821
58	0.78701	0.01467	0.01115	0.00997	0.01467	0.01702	0.00821	0.02230	0.01291	0.03403	0.01056	0.01232	0.00821	0.00704	0.00469	0.00235	0.00587	0.00411	0.00469	0.00821
59	0.78701	0.01467	0.01115	0.00997	0.01467	0.01702	0.00821	0.02230	0.01291	0.03403	0.01056	0.01232	0.00821	0.00704	0.00469	0.00235	0.00587	0.00411	0.00469	0.00821
60	0.01877	0.01802	0.03079	0.04656	0.68612	0.01802	0.02328	0.02328	0.01727	0.02478	0.01427	0.01877	0.01201	0.00676	0.00751	0.00225	0.00901	0.00676	0.00375	0.01201
61	0.78701	0.01467	0.01115	0.00997	0.01467	0.01702	0.00821	0.02230	0.01291	0.03403	0.01056	0.01232	0.00821	0.00704	0.00469	0.00235	0.00587	0.00411	0.00469	0.00821
62	0.03293	0.01327	0.01772	0.01354	0.01946	0.01159	0.01117	0.06101	0.02198	0.63314	0.02865	0.02502	0.01817	0.00919	0.00753	0.00228	0.00649	0.00744	0.00908	0.05032
63	0.00906	0.00769	0.00781	0.00778	0.01030	0.00644	0.00584	0.01107	0.01751	0.02101	0.10868	0.07214	0.65087	0.01902	0.00896	0.00255	0.00383	0.01589	0.00711	0.00644
64	0.02028	0.73799	0.03975	0.01298	0.01947	0.03001	0.01298	0.02271	0.01541	0.01785	0.01055	0.01217	0.00973	0.00649	0.00487	0.00162	0.00811	0.00406	0.00324	0.00973
65	0.01611	0.01601	0.02393	0.05403	0.02241	0.02129	0.07123	0.01831	0.01233	0.01865	0.01165	0.01911	0.01125	0.04553	0.05267	0.00377	0.56292	0.00710	0.00345	0.00824
66	0.01084	0.00813	0.01219	0.01219	0.01354	0.00948	0.00948	0.01354	0.01219	0.01761	0.02032	0.02980	0.01896	0.05689	0.70337	0.01219	0.02032	0.00813	0.00406	0.00677
67	0.01166	0.00796	0.01044	0.00970	0.01165	0.00732	0.00732	0.01521	0.02148	0.05665	0.65623	0.05543	0.06947	0.01526	0.00889	0.00238	0.00369	0.01348	0.00839	0.00739
68	0.01895	0.01616	0.01710	0.01528	0.01955	0.01859	0.01191	0.06465	0.62053	0.03233	0.05620	0.02901	0.02466	0.01045	0.00776	0.00255	0.00600	0.00871	0.00774	0.01185
69	0.01573	0.01348	0.01573	0.01123	0.01798	0.01011	0.00899	0.01910	0.01573	0.02472	0.01348	0.01573	0.01123	0.00562	0.00562	0.00112	0.00562	0.00449	0.00449	0.77980
70	0.01061	0.00775	0.00997	0.00942	0.01126	0.00711	0.00706	0.01408	0.02118	0.02974	0.64066	0.05778	0.11345	0.01576	0.00895	0.00240	0.00360	0.01387	0.00826	0.00711
71	0.01599	0.01519	0.02577	0.46423	0.29016	0.01729	0.02190	0.02084	0.01596	0.02141	0.01378	0.01968	0.01083	0.00727	0.00756	0.00242	0.00970	0.00675	0.00351	0.00977
72	0.01407	0.00838	0.01040	0.01000	0.01188	0.00898	0.00768	0.04434	0.01524	0.05122	0.02276	0.02917	0.01922	0.05568	0.30301	0.00644	0.01113	0.00768	0.35537	0.00734
73	0.78701	0.01467	0.01115	0.00997	0.01467	0.01702	0.00821	0.02230	0.01291	0.03403	0.01056	0.01232	0.00821	0.00704	0.00469	0.00235	0.00587	0.00411	0.00469	0.00821
74	0.01432	0.01348	0.02275	0.71520	0.05224	0.01685	0.02107	0.01938	0.01517	0.01938	0.01348	0.02022	0.01011	0.00758	0.00758	0.00253	0.01011	0.00674	0.00337	0.00843
75	0.00961	0.00692	0.00895	0.01042	0.01109	0.00649	0.00716	0.01104	0.01468	0.01933	0.04286	0.56902	0.09641	0.08286	0.01212	0.00343	0.00481	0.06984	0.00683	0.00611
76	0.00941	0.00764	0.00834	0.00829	0.01055	0.00657	0.00617	0.01170	0.01816	0.02284	0.22196	0.10352	0.50128	0.01855	0.00900	0.00255	0.00381	0.01574	0.00736	0.00657
77	0.01033	0.00749	0.00975	0.00970	0.01122	0.00691	0.00708	0.01334	0.01976	0.02757	0.51600	0.20792	0.08953	0.01750	0.00911	0.00255	0.00377	0.01556	0.00801	0.00691
78	0.01521	0.03923	0.69413	0.02162	0.03283	0.01762	0.02802	0.02402	0.01601	0.02402	0.01361	0.01601	0.00961	0.00721	0.00721	0.00240	0.01121	0.00560	0.00320	0.01121
79	0.01048	0.00759	0.00996	0.01017	0.01168	0.00707	0.00761	0.01347	0.01930	0.02669	0.44423	0.21339	0.08816	0.01811	0.00928	0.00267	0.00414	0.08128	0.00786	0.00688
80	0.78701	0.01467	0.01115	0.00997	0.01467	0.01702	0.00821	0.02230	0.01291	0.03403	0.01056	0.01232	0.00821	0.00704	0.00469	0.00235	0.00587	0.00411	0.00469	0.00821
81	0.78701	0.01467	0.01115	0.00997	0.01467	0.01702	0.00821	0.02230	0.01291	0.03403	0.01056	0.01232	0.00821	0.00704	0.00469	0.00235	0.00587	0.00411	0.00469	0.00821
82	0.01704	0.01652	0.02787	0.20023	0.35422	0.01834	0.06474	0.02130	0.01588	0.02229	0.01440	0.02136	0.01236	0.00854	0.01062	0.00256	0.12751	0.03027	0.00372	0.01023
83	0.01067	0.00745	0.00919	0.00918	0.01082	0.00687	0.00672	0.01362	0.01898	0.02688	0.40581	0.17658	0.13912	0.01663	0.00862	0.00246	0.00376	0.01459	0.10519	0.00687
84	0.01521	0.03923	0.69413	0.02162	0.03283	0.01762	0.02802	0.02402	0.01601	0.02402	0.01361	0.01601	0.00961	0.00721	0.00721	0.00240	0.01121	0.00560	0.00320	0.01121
85	0.00931	0.00663	0.00878	0.01048	0.01090	0.00620	0.00695	0.01058	0.01439	0.01919	0.04115	0.70373	0.04934	0.04963	0.01074	0.00324	0.00451	0.02118	0.00695	0.00610
86	0.58752	0.01385	0.01233	0.01063	0.01535	0.01520	0.00871	0.02460	0.01521	0.16153	0.06032	0.01798	0.01461	0.00808	0.00556	0.00235	0.00582	0.00545	0.00586	0.00905
87	0.01540	0.03795	0.64966	0.02233	0.03330	0.01772	0.07121	0.02404	0.01614	0.02404	0.01373	0.01632	0.00974	0.00715	0.00733	0.00241	0.01132	0.00583	0.00325	0.01114
88	0.01058	0.00775	0.00993	0.00938	0.01124	0.00709	0.00704	0.01402	0.02111	0.02955	0.62950	0.05808	0.12472	0.01583	0.00895	0.00240	0.00360	0.01392	0.00824	0.00709
89	0.01573	0.03582	0.57967	0.02420	0.06803	0.01783	0.10503	0.02402	0.01631	0.02409	0.01386	0.01670	0.00997	0.00708	0.00744	0.00241	0.01129	0.00608	0.00331	0.01113
90	0.09313	0.01547	0.01959	0.08127	0.02230	0.01766	0.01359	0.08768	0.01659	0.09175	0.01406	0.01740	0.01130	0.00945	0.01311	0.00241	0.26525	0.00600	0.00479	0.19719
91	0.01003	0.00771	0.00909	0.00906	0.01101	0.00691	0.00679	0.01262	0.01857	0.02439	0.31952	0.10046	0.32179	0.05289	0.01054	0.00281	0.00415	0.05751	0.00746	0.00665
92	0.00941	0.00672	0.00899	0.01075	0.01126	0.00630	0.00733	0.01085	0.01469	0.01955	0.04171	0.69271	0.04980	0.02361	0.00973	0.00310	0.00454	0.05569	0.00704	0.00621
93	0.01859	0.01674	0.01989	0.02261	0.18907	0.04689	0.01429	0.07818	0.33479	0.02899	0.03143	0.03088	0.11354	0.01047	0.00780	0.00244	0.00697	0.00888	0.00643	0.01113
94	0.01577	0.03534	0.55941	0.02377	0.03424	0.01794	0.15884	0.02408	0.01641	0.02408	0.01397	0.01694	0.01000	0.00704	0.00757	0.00243	0.01154	0.00630	0.00333	0.01101
95	0.01061	0.00770	0.01000	0.00953	0.01128	0.00709	0.00711	0.01403	0.02101	0.02958	0.63264	0.08863	0.09027	0.01601	0.00898	0.00242	0.00363	0.01416	0.00825	0.00709
96	0.03349	0.01303	0.01759	0.01356	0.01938	0.01142	0.01118	0.03708	0.04502	0.66774	0.02996	0.02591	0.01893	0.00942	0.00763	0.00236	0.00644	0.00766	0.00933	0.01288
97	0.01853	0.01796	0.03122	0.07475	0.62266	0.01804	0.05852	0.02317	0.01722	0.02452	0.01429	0.01893	0.01190	0.00677	0.00759	0.00228	0.00927	0.00688	0.00374	0.01176
98	0.01877	0.01802	0.03079	0.04656	0.68612	0.01802	0.02328	0.02328	0.01727	0.02478	0.01427	0.01877	0.01201	0.00676	0.00751	0.00225	0.00901	0.00676	0.00375	0.01201
99	0.00924	0.00660	0.00880	0.01056	0.01100	0.00616	0.00704	0.01056	0.01452	0.01936	0.04181	0.72848	0.05017	0.02376	0.00968	0.00308	0.00440	0.02156	0.00704	0.00616
100	0.01573	0.01348	0.01573	0.01123	0.01798	0.01011	0.00899	0.01910	0.01573	0.02472	0.01348	0.01573	0.01123	0.00562	0.00562	0.00112	0.00562	0.00449	0.00449	0.77980
101	0.01103	0.00735	0.00827	0.00827	0.00827	0.00735	0.00460	0.01103	0.01103	0.01471	0.02390	0.04964	0.02758	0.73343	0.03861	0.00735	0.00735	0.01103	0.00460	0.00460
102	0.01564	0.01346	0.01629	0.01317	0.05487	0.01039	0.00971	0.01899	0.01577	0.02451	0.01466	0.04436	0.01283	0.00641	0.00588	0.00126	0.00576	0.00530	0.00455	0.70619

[dist]
# distance from previous block
# <min> <max>
0	2

[block]
# block no. 3 follows, 26 sequences, length 65
# corresponding to MSA columns:
# 432-496
name=unknown_D
#
# <colnr> <probs for GDERKNQSTAVLIFYWHMCP>
#	G	D	E	R	K	N	Q	S	T	A	V	L	I	F	Y	W	H	M	C	P
0	0.03403	0.01291	0.01760	0.01350	0.01936	0.01115	0.01115	0.03697	0.02171	0.69137	0.02992	0.02582	0.01878	0.00939	0.00763	0.00235	0.00645	0.00763	0.00939	0.01291
1	0.01843	0.04880	0.09680	0.04190	0.55658	0.01853	0.06191	0.02339	0.01711	0.02440	0.01412	0.01834	0.01166	0.00677	0.00746	0.00226	0.00942	0.00667	0.00369	0.01174
2	0.01074	0.00775	0.01014	0.00954	0.01133	0.00716	0.00716	0.01431	0.02147	0.03042	0.68211	0.05666	0.07157	0.01551	0.00895	0.00239	0.00358	0.01372	0.00835	0.00716
3	0.01149	0.00822	0.01107	0.01167	0.01334	0.00795	0.00953	0.01483	0.01893	0.02576	0.32899	0.07061	0.05540	0.05631	0.01128	0.00320	0.00547	0.32155	0.00747	0.00694
4	0.02840	0.02103	0.02252	0.01736	0.02336	0.02332	0.01431	0.63389	0.06330	0.04711	0.01876	0.01865	0.01334	0.00916	0.00759	0.00229	0.00824	0.00690	0.00759	0.01286
5	0.01506	0.01424	0.02409	0.60411	0.15755	0.01705	0.02143	0.02003	0.01552	0.02028	0.01361	0.01998	0.01043	0.00745	0.00757	0.00248	0.00993	0.00674	0.00343	0.00902
6	0.01621	0.03784	0.65822	0.02119	0.03211	0.01727	0.02713	0.02471	0.01632	0.05945	0.01448	0.01653	0.01010	0.00732	0.00723	0.00240	0.01096	0.00571	0.00353	0.01130
7	0.05404	0.02070	0.02218	0.01705	0.02307	0.02282	0.01408	0.61527	0.03436	0.07261	0.01842	0.01832	0.01298	0.00905	0.00749	0.00228	0.00819	0.00677	0.00756	0.01275
8	0.00956	0.00703	0.00942	0.01096	0.01138	0.00689	0.00745	0.01089	0.01440	0.01932	0.04044	0.69796	0.04844	0.02331	0.01033	0.00309	0.03506	0.02092	0.00688	0.00625
9	0.02964	0.01849	0.15812	0.01524	0.02217	0.01274	0.01468	0.03438	0.04126	0.53172	0.02657	0.02386	0.01701	0.00896	0.00754	0.00237	0.00743	0.00724	0.00805	0.01253
10	0.02353	0.05212	0.21749	0.01580	0.02259	0.01454	0.01595	0.05283	0.08094	0.30358	0.06612	0.05984	0.02083	0.00981	0.00758	0.00239	0.00767	0.00803	0.00689	0.01148
11	0.01144	0.00810	0.01100	0.01253	0.01377	0.00801	0.01016	0.01403	0.01603	0.02098	0.03847	0.21808	0.04302	0.11113	0.01384	0.00389	0.00648	0.42583	0.00670	0.00651
12	0.01641	0.01752	0.03430	0.02588	0.03067	0.01849	0.40143	0.02102	0.01559	0.02186	0.01575	0.05095	0.01364	0.01457	0.09216	0.00386	0.18399	0.00884	0.00387	0.00919
13	0.01797	0.02136	0.10507	0.12109	0.28871	0.04879	0.23826	0.02353	0.01728	0.02358	0.01435	0.01900	0.01125	0.00683	0.00794	0.00239	0.01087	0.00729	0.00368	0.01073
14	0.01854	0.02951	0.36997	0.02777	0.22039	0.06785	0.02368	0.02491	0.01729	0.07500	0.01605	0.02038	0.01248	0.00788	0.00744	0.00237	0.01021	0.03303	0.00405	0.01121
15	0.01772	0.01946	0.06770	0.02756	0.03398	0.01821	0.47719	0.02329	0.01724	0.05283	0.04523	0.02212	0.01458	0.00993	0.04146	0.00304	0.08567	0.00868	0.00421	0.00990
16	0.02891	0.01634	0.07329	0.02058	0.11798	0.01338	0.07472	0.03284	0.02029	0.48275	0.02508	0.02356	0.01643	0.00857	0.00770	0.00236	0.00777	0.00747	0.00759	0.01240
17	0.01821	0.26595	0.42432	0.01836	0.02751	0.04856	0.02185	0.02441	0.01628	0.05100	0.01325	0.01510	0.01006	0.00709	0.00645	0.00213	0.01009	0.00516	0.00352	0.01071
18	0.01442	0.01246	0.02002	0.26220	0.17939	0.01361	0.01775	0.01868	0.01663	0.02203	0.02516	0.04806	0.02500	0.01316	0.00881	0.00288	0.00852	0.27759	0.00501	0.00861
19	0.01602	0.03195	0.52055	0.02047	0.05718	0.01565	0.02367	0.02339	0.01693	0.07244	0.07977	0.05292	0.01811	0.00888	0.00753	0.00242	0.00974	0.00729	0.00434	0.01075
20	0.01936	0.02011	0.12481	0.02435	0.05579	0.01667	0.29545	0.05715	0.04252	0.11390	0.02092	0.05828	0.01726	0.00949	0.00903	0.00261	0.03276	0.06385	0.00522	0.01046
21	0.02833	0.03615	0.02149	0.01954	0.02345	0.70298	0.01466	0.03029	0.02149	0.01856	0.01172	0.01368	0.00977	0.00782	0.00684	0.00195	0.01368	0.00489	0.00391	0.00879
22	0.02833	0.03615	0.02149	0.01954	0.02345	0.70298	0.01466	0.03029	0.02149	0.01856	0.01172	0.01368	0.00977	0.00782	0.00684	0.00195	0.01368	0.00489	0.00391	0.00879
23	0.01790	0.02046	0.04476	0.03197	0.03964	0.01918	0.65857	0.02430	0.01790	0.02430	0.01535	0.02046	0.01151	0.00639	0.00895	0.00256	0.01279	0.00895	0.00384	0.01023
24	0.02833	0.03615	0.02149	0.01954	0.02345	0.70298	0.01466	0.03029	0.02149	0.01856	0.01172	0.01368	0.00977	0.00782	0.00684	0.00195	0.01368	0.00489	0.00391	0.00879
25	0.01573	0.01348	0.01573	0.01123	0.01798	0.01011	0.00899	0.01910	0.01573	0.02472	0.01348	0.01573	0.01123	0.00562	0.00562	0.00112	0.00562	0.00449	0.00449	0.77980
26	0.01318	0.00659	0.00988	0.00988	0.00988	0.00659	0.00659	0.00988	0.00988	0.01318	0.01318	0.02306	0.01318	0.02635	0.02964	0.77931	0.00659	0.00659	0.00329	0.00329
27	0.01937	0.01654	0.01744	0.01554	0.01992	0.01910	0.01213	0.07173	0.64017	0.03254	0.03023	0.02779	0.02263	0.01023	0.00771	0.00256	0.00612	0.00849	0.00771	0.01205
28	0.01102	0.00740	0.00851	0.00851	0.00859	0.00748	0.00489	0.01118	0.01110	0.01488	0.02368	0.04843	0.02705	0.69235	0.07898	0.00765	0.00814	0.01085	0.00456	0.00473
29	0.01846	0.02195	0.13251	0.03773	0.38944	0.01851	0.19142	0.05157	0.01806	0.02555	0.01463	0.01878	0.01156	0.00683	0.00785	0.00236	0.01031	0.00717	0.00386	0.01146
30	0.01574	0.04606	0.08944	0.39531	0.09670	0.01782	0.16528	0.02125	0.01611	0.02139	0.01466	0.02142	0.01153	0.00757	0.00783	0.00249	0.01055	0.02587	0.00360	0.00938
31	0.00904	0.00769	0.00779	0.00777	0.01029	0.00644	0.00582	0.01104	0.01747	0.02093	0.10377	0.07227	0.65584	0.01905	0.00896	0.00255	0.00383	0.01591	0.00710	0.00644
32	0.02702	0.01173	0.01552	0.01249	0.01722	0.01048	0.01009	0.03104	0.05603	0.48170	0.17934	0.03469	0.05577	0.01119	0.00798	0.00238	0.00568	0.00937	0.00898	0.01132
33	0.01658	0.01574	0.02879	0.22563	0.05981	0.01655	0.25620	0.02297	0.07477	0.05286	0.04902	0.08370	0.01846	0.00938	0.00895	0.00259	0.03440	0.00936	0.00475	0.00949
34	0.54681	0.01639	0.01461	0.01217	0.01729	0.01854	0.01004	0.19747	0.01951	0.06657	0.01350	0.01452	0.00996	0.00771	0.00561	0.00233	0.00657	0.00501	0.00569	0.00970
35	0.02833	0.03615	0.02149	0.01954	0.02345	0.70298	0.01466	0.03029	0.02149	0.01856	0.01172	0.01368	0.00977	0.00782	0.00684	0.00195	0.01368	0.00489	0.00391	0.00879
36	0.01222	0.00873	0.01222	0.01397	0.01572	0.00873	0.01222	0.01572	0.01746	0.02270	0.04016	0.08556	0.04365	0.02095	0.01048	0.00349	0.00698	0.63506	0.00698	0.00698
37	0.00979	0.00699	0.00943	0.01118	0.01186	0.00663	0.00799	0.01150	0.01506	0.01997	0.04151	0.61111	0.04898	0.02325	0.00983	0.00316	0.00487	0.13356	0.00703	0.00631
38	0.78701	0.01467	0.01115	0.00997	0.01467	0.01702	0.00821	0.02230	0.01291	0.03403	0.01056	0.01232	0.00821	0.00704	0.00469	0.00235	0.00587	0.00411	0.00469	0.00821
39	0.00974	0.00804	0.00841	0.00833	0.01080	0.00698	0.00622	0.03183	0.01796	0.02195	0.11335	0.11688	0.57525	0.01896	0.00897	0.00258	0.00401	0.01596	0.00715	0.00664
40	0.01432	0.01348	0.02275	0.71520	0.05224	0.01685	0.02107	0.01938	0.01517	0.01938	0.01348	0.02022	0.01011	0.00758	0.00758	0.00253	0.01011	0.00674	0.00337	0.00843
41	0.01873	0.01848	0.02909	0.13898	0.55670	0.05945	0.02244	0.02316	0.01723	0.02364	0.01400	0.01867	0.01161	0.00694	0.00748	0.00227	0.00945	0.00664	0.00371	0.01131
42	0.01219	0.00806	0.01063	0.01005	0.01202	0.00742	0.00763	0.01559	0.02089	0.07149	0.57314	0.09678	0.06567	0.01586	0.00897	0.00247	0.00396	0.04145	0.00828	0.00746
43	0.00931	0.00677	0.00878	0.01022	0.01095	0.00624	0.00693	0.01082	0.01521	0.02014	0.08404	0.62494	0.11204	0.02283	0.00957	0.00299	0.00430	0.02055	0.00712	0.00624
44	0.02883	0.02125	0.02276	0.01745	0.02352	0.02352	0.01442	0.66082	0.03566	0.04780	0.01821	0.01821	0.01290	0.00911	0.00759	0.00228	0.00835	0.00683	0.00759	0.01290
45	0.01573	0.01348	0.01573	0.01123	0.01798	0.01011	0.00899	0.01910	0.01573	0.02472	0.01348	0.01573	0.01123	0.00562	0.00562	0.00112	0.00562	0.00449	0.00449	0.77980
46	0.01185	0.00862	0.01119	0.01311	0.08614	0.00855	0.00740	0.01288	0.01306	0.01773	0.07784	0.08270	0.03124	0.52434	0.02992	0.00598	0.00707	0.03950	0.00504	0.00584
47	0.02028	0.73799	0.03975	0.01298	0.01947	0.03001	0.01298	0.02271	0.01541	0.01785	0.01055	0.01217	0.00973	0.00649	0.00487	0.00162	0.00811	0.00406	0.00324	0.00973
48	0.00931	0.00670	0.00883	0.01041	0.01099	0.00622	0.00700	0.01076	0.01497	0.01996	0.07547	0.67125	0.07365	0.02318	0.00962	0.00303	0.00434	0.02097	0.00711	0.00622
49	0.01606	0.01517	0.02275	0.20899	0.11276	0.01954	0.01773	0.01915	0.01364	0.02020	0.01266	0.01880	0.01103	0.01055	0.01643	0.00284	0.38011	0.00672	0.06615	0.00871
50	0.02404	0.02819	0.02049	0.01835	0.02131	0.45048	0.01406	0.05470	0.04360	0.02003	0.01353	0.01786	0.01193	0.05521	0.04310	0.00302	0.14134	0.00595	0.00416	0.00866
51	0.01900	0.02077	0.02506	0.02105	0.02258	0.15444	0.08067	0.02119	0.01416	0.01892	0.01084	0.01642	0.01008	0.01153	0.01980	0.00298	0.51193	0.00653	0.00348	0.00859
52	0.78701	0.01467	0.01115	0.00997	0.01467	0.01702	0.00821	0.02230	0.01291	0.03403	0.01056	0.01232	0.00821	0.00704	0.00469	0.00235	0.00587	0.00411	0.00469	0.00821
53	0.01463	0.01379	0.02330	0.66979	0.09529	0.01693	0.02122	0.01964	0.01531	0.01975	0.01353	0.02012	0.01024	0.00753	0.00758	0.00251	0.01004	0.00674	0.00340	0.00867
54	0.01094	0.00770	0.01003	0.01003	0.01063	0.00831	0.00678	0.01216	0.01155	0.01601	0.02229	0.04075	0.02372	0.43041	0.33635	0.00952	0.01316	0.00973	0.00436	0.00557
55	0.02154	0.01655	0.01786	0.01549	0.02014	0.01866	0.01221	0.11386	0.53264	0.09848	0.02927	0.02685	0.02150	0.01006	0.00769	0.00252	0.00633	0.00827	0.00787	0.01220
56	0.78701	0.01467	0.01115	0.00997	0.01467	0.01702	0.00821	0.02230	0.01291	0.03403	0.01056	0.01232	0.00821	0.00704	0.00469	0.00235	0.00587	0.00411	0.00469	0.00821
57	0.01877	0.01802	0.03079	0.04656	0.68612	0.01802	0.02328	0.02328	0.01727	0.02478	0.01427	0.01877	0.01201	0.00676	0.00751	0.00225	0.00901	0.00676	0.00375	0.01201
58	0.01103	0.00735	0.00827	0.00827	0.00827	0.00735	0.00460	0.01103	0.01103	0.01471	0.02390	0.04964	0.02758	0.73343	0.03861	0.00735	0.00735	0.01103	0.00460	0.00460
59	0.01354	0.01189	0.01628	0.04610	0.01648	0.01520	0.01162	0.01508	0.01192	0.01724	0.01855	0.03084	0.04185	0.22938	0.15230	0.00605	0.32629	0.00854	0.00397	0.00688
60	0.01593	0.07777	0.01528	0.01302	0.01503	0.20036	0.00954	0.01758	0.01607	0.01864	0.05493	0.26748	0.02999	0.12543	0.08495	0.00419	0.00932	0.01217	0.00524	0.00707
61	0.01663	0.01402	0.01621	0.01166	0.01836	0.01103	0.00936	0.06326	0.01710	0.02631	0.01381	0.01590	0.01135	0.00586	0.00575	0.00120	0.00581	0.00465	0.00471	0.72702
