[name]
unknown

[dist]
# distance from previous block
# <min> <max>
3	87

[block]
# block no. 0 follows, 26 sequences, length 207
# corresponding to MSA columns:
# 91-297
name=unknown_A
#
# <colnr> <probs for GDERKNQSTAVLIFYWHMCP>
#	G	D	E	R	K	N	Q	S	T	A	V	L	I	F	Y	W	H	M	C	P
0	0.05619	0.01953	0.01850	0.05312	0.02209	0.13149	0.01301	0.15122	0.30712	0.05819	0.02419	0.04923	0.01918	0.01020	0.00757	0.00245	0.00792	0.03113	0.00672	0.01093
1	0.01414	0.00707	0.00707	0.00707	0.00884	0.00707	0.00530	0.01767	0.01591	0.02828	0.02474	0.02828	0.01944	0.00884	0.00530	0.00177	0.00353	0.00707	0.77554	0.00707
2	0.02883	0.02125	0.02276	0.01745	0.02352	0.02352	0.01442	0.66082	0.03566	0.04780	0.01821	0.01821	0.01290	0.00911	0.00759	0.00228	0.00835	0.00683	0.00759	0.01290
3	0.01432	0.01348	0.02275	0.71520	0.05224	0.01685	0.02107	0.01938	0.01517	0.01938	0.01348	0.02022	0.01011	0.00758	0.00758	0.00253	0.01011	0.00674	0.00337	0.00843
4	0.02070	0.65492	0.06505	0.01384	0.02032	0.08180	0.01372	0.02335	0.01591	0.01815	0.01076	0.01244	0.00973	0.00662	0.00512	0.00168	0.00867	0.00418	0.00329	0.00972
5	0.05702	0.03361	0.02125	0.01894	0.02313	0.59814	0.01438	0.10326	0.02282	0.02255	0.01243	0.01415	0.01008	0.00794	0.00685	0.00201	0.01276	0.00508	0.00437	0.00925
6	0.01591	0.00884	0.01154	0.01037	0.01298	0.00797	0.00789	0.01894	0.02037	0.18118	0.42237	0.09929	0.09497	0.04105	0.00978	0.00262	0.00446	0.01293	0.00827	0.00827
7	0.00972	0.00687	0.00891	0.01008	0.01065	0.00648	0.00670	0.01116	0.01499	0.02025	0.12995	0.53351	0.04988	0.12684	0.01383	0.00361	0.00472	0.01890	0.00687	0.00607
8	0.01953	0.01827	0.03018	0.04436	0.63617	0.01844	0.02261	0.07133	0.01866	0.02652	0.01456	0.01873	0.01208	0.00694	0.00752	0.00225	0.00896	0.00676	0.00404	0.01208
9	0.01888	0.01683	0.01774	0.06834	0.02231	0.04433	0.01279	0.03835	0.59850	0.03031	0.02884	0.02714	0.02167	0.00999	0.00767	0.00255	0.00660	0.00830	0.00725	0.01162
10	0.01184	0.00905	0.01102	0.01037	0.01256	0.00891	0.00782	0.01803	0.12334	0.02955	0.51507	0.07575	0.10694	0.01523	0.00878	0.00245	0.00401	0.01333	0.00811	0.00783
11	0.01069	0.00773	0.00994	0.00940	0.01110	0.00714	0.00695	0.01399	0.02067	0.02909	0.61995	0.05677	0.08943	0.06114	0.01083	0.00271	0.00383	0.01362	0.00807	0.00697
12	0.01071	0.00722	0.00837	0.00869	0.00877	0.00714	0.00504	0.01095	0.01166	0.01555	0.02713	0.17228	0.03166	0.60522	0.03338	0.00658	0.00682	0.01293	0.00504	0.00488
13	0.01573	0.01348	0.01573	0.01123	0.01798	0.01011	0.00899	0.01910	0.01573	0.02472	0.01348	0.01573	0.01123	0.00562	0.00562	0.00112	0.00562	0.00449	0.00449	0.77980
14	0.01136	0.00789	0.01008	0.00952	0.01150	0.00718	0.00714	0.01463	0.02071	0.05403	0.56050	0.08482	0.13998	0.01604	0.00893	0.00243	0.00375	0.01407	0.00818	0.00725
15	0.00924	0.00660	0.00880	0.01056	0.01100	0.00616	0.00704	0.01056	0.01452	0.01936	0.04181	0.72848	0.05017	0.02376	0.00968	0.00308	0.00440	0.02156	0.00704	0.00616
16	0.01084	0.00813	0.01219	0.01219	0.01354	0.00948	0.00948	0.01354	0.01219	0.01761	0.02032	0.02980	0.01896	0.05689	0.70337	0.01219	0.02032	0.00813	0.00406	0.00677
17	0.02739	0.02053	0.02195	0.01716	0.02297	0.02285	0.01407	0.57090	0.12794	0.04547	0.02005	0.01967	0.01439	0.00928	0.00761	0.00232	0.00801	0.00708	0.00761	0.01277
18	0.01066	0.00724	0.00873	0.00908	0.01020	0.00682	0.00625	0.01274	0.01628	0.02296	0.22122	0.24892	0.10742	0.15439	0.01432	0.00347	0.00456	0.01479	0.11367	0.00629
19	0.00924	0.00660	0.00880	0.01056	0.01100	0.00616	0.00704	0.01056	0.01452	0.01936	0.04181	0.72848	0.05017	0.02376	0.00968	0.00308	0.00440	0.02156	0.00704	0.00616
20	0.01085	0.00728	0.00833	0.00850	0.00854	0.00723	0.00484	0.01098	0.01138	0.01517	0.02568	0.11727	0.02983	0.66273	0.03572	0.00693	0.00706	0.01208	0.00484	0.00475
21	0.00917	0.00689	0.00851	0.00980	0.01080	0.00622	0.00670	0.01065	0.01525	0.01966	0.05105	0.55560	0.21708	0.02256	0.00949	0.00294	0.00425	0.02010	0.00704	0.00622
22	0.01149	0.00787	0.01021	0.01052	0.01192	0.00743	0.00752	0.03875	0.01846	0.04827	0.30370	0.39987	0.05641	0.01929	0.00923	0.00274	0.00429	0.01727	0.00768	0.00707
23	0.72076	0.01448	0.01132	0.01007	0.01465	0.01670	0.00827	0.04327	0.01382	0.03418	0.01157	0.01337	0.00897	0.00721	0.00482	0.00231	0.00583	0.00436	0.04574	0.00831
24	0.00984	0.00713	0.00940	0.01089	0.01180	0.00669	0.00787	0.01172	0.01565	0.02067	0.08048	0.52593	0.09845	0.02245	0.00973	0.00307	0.00477	0.12997	0.00711	0.00638
25	0.02145	0.01536	0.01692	0.01409	0.01804	0.01661	0.01100	0.34051	0.09352	0.05884	0.07517	0.10655	0.02509	0.10702	0.01195	0.00306	0.00690	0.00979	0.03787	0.01028
26	0.00923	0.00664	0.00876	0.01045	0.01097	0.00617	0.00699	0.01057	0.01463	0.01941	0.04319	0.70254	0.07522	0.02358	0.00965	0.00306	0.00438	0.02134	0.00704	0.00617
27	0.02833	0.03615	0.02149	0.01954	0.02345	0.70298	0.01466	0.03029	0.02149	0.01856	0.01172	0.01368	0.00977	0.00782	0.00684	0.00195	0.01368	0.00489	0.00391	0.00879
28	0.33336	0.01535	0.01492	0.01239	0.01718	0.01685	0.01010	0.20521	0.05819	0.10843	0.01987	0.02025	0.03625	0.00869	0.00622	0.00228	0.00631	0.00626	0.09179	0.01008
29	0.01131	0.00746	0.00992	0.01049	0.01178	0.00691	0.00751	0.01363	0.01758	0.06162	0.27514	0.41853	0.05596	0.01982	0.00933	0.00280	0.00432	0.04132	0.00765	0.00694
30	0.03403	0.01291	0.01760	0.01350	0.01936	0.01115	0.01115	0.03697	0.02171	0.69137	0.02992	0.02582	0.01878	0.00939	0.00763	0.00235	0.00645	0.00763	0.00939	0.01291
31	0.02038	0.00993	0.01333	0.01144	0.01490	0.00889	0.00912	0.02369	0.02131	0.30076	0.37389	0.04587	0.04815	0.01335	0.00850	0.00244	0.00497	0.05089	0.00869	0.00950
32	0.01320	0.00704	0.01066	0.04752	0.01237	0.00722	0.00759	0.01062	0.01047	0.01389	0.01429	0.02546	0.01426	0.02513	0.02769	0.70637	0.00679	0.03226	0.00345	0.00372
33	0.01047	0.00774	0.00978	0.00927	0.01117	0.00705	0.00695	0.01381	0.02085	0.02896	0.59299	0.05906	0.16161	0.01605	0.00895	0.00241	0.00362	0.01405	0.00816	0.00705
34	0.01101	0.00738	0.00845	0.00859	0.00867	0.00736	0.00499	0.01120	0.01142	0.01520	0.02522	0.07642	0.02906	0.67854	0.03641	0.00704	0.00723	0.03629	0.00478	0.00475
35	0.01050	0.00713	0.00843	0.00895	0.00908	0.00700	0.00532	0.01089	0.01206	0.01608	0.02917	0.24933	0.03422	0.52467	0.03010	0.00610	0.00648	0.01413	0.00532	0.00506
36	0.01831	0.01631	0.02531	0.41304	0.11346	0.01884	0.06775	0.15921	0.01992	0.02646	0.01460	0.01951	0.01102	0.00795	0.00833	0.00247	0.03630	0.00692	0.00436	0.00992
37	0.00898	0.00764	0.00773	0.00781	0.01028	0.00639	0.00582	0.01087	0.01717	0.02044	0.07528	0.10209	0.65495	0.01941	0.00900	0.00258	0.00387	0.01625	0.00704	0.00639
38	0.01573	0.01348	0.01573	0.01123	0.01798	0.01011	0.00899	0.01910	0.01573	0.02472	0.01348	0.01573	0.01123	0.00562	0.00562	0.00112	0.00562	0.00449	0.00449	0.77980
39	0.02830	0.02098	0.02247	0.01734	0.02332	0.02327	0.01429	0.62786	0.06949	0.04695	0.01888	0.01875	0.01344	0.00917	0.00759	0.00229	0.00822	0.00692	0.00759	0.01285
40	0.01633	0.01570	0.02706	0.36216	0.25187	0.01732	0.09041	0.02223	0.05347	0.02247	0.01582	0.02245	0.01275	0.00779	0.00781	0.00248	0.00971	0.02831	0.00391	0.00993
41	0.02827	0.02097	0.02245	0.01734	0.02331	0.02326	0.01428	0.62565	0.07175	0.04689	0.01893	0.01878	0.01348	0.00917	0.00760	0.00229	0.00821	0.00693	0.00760	0.01285
42	0.01708	0.01748	0.02234	0.01935	0.01974	0.07352	0.01596	0.01884	0.01240	0.01823	0.01081	0.01729	0.01057	0.01588	0.07046	0.00383	0.61798	0.00661	0.00341	0.00823
43	0.01103	0.00735	0.00827	0.00827	0.00827	0.00735	0.00460	0.01103	0.01103	0.01471	0.02390	0.04964	0.02758	0.73343	0.03861	0.00735	0.00735	0.01103	0.00460	0.00460
44	0.00913	0.00769	0.00791	0.00785	0.01034	0.00647	0.00589	0.01120	0.01767	0.02140	0.13208	0.07151	0.62723	0.01887	0.00896	0.00255	0.00382	0.01580	0.00716	0.00647
45	0.00913	0.00757	0.00799	0.00814	0.01041	0.00643	0.00601	0.01111	0.01730	0.02111	0.11862	0.14374	0.56745	0.01943	0.00904	0.00261	0.00388	0.01645	0.00714	0.00643
46	0.01084	0.00813	0.01219	0.01219	0.01354	0.00948	0.00948	0.01354	0.01219	0.01761	0.02032	0.02980	0.01896	0.05689	0.70337	0.01219	0.02032	0.00813	0.00406	0.00677
47	0.00924	0.00660	0.00880	0.01056	0.01100	0.00616	0.00704	0.01056	0.01452	0.01936	0.04181	0.72848	0.05017	0.02376	0.00968	0.00308	0.00440	0.02156	0.00704	0.00616
48	0.01877	0.01802	0.03079	0.04656	0.68612	0.01802	0.02328	0.02328	0.01727	0.02478	0.01427	0.01877	0.01201	0.00676	0.00751	0.00225	0.00901	0.00676	0.00375	0.01201
49	0.02833	0.03615	0.02149	0.01954	0.02345	0.70298	0.01466	0.03029	0.02149	0.01856	0.01172	0.01368	0.00977	0.00782	0.00684	0.00195	0.01368	0.00489	0.00391	0.00879
50	0.00928	0.00770	0.00812	0.00801	0.01044	0.00654	0.00601	0.01149	0.01803	0.02225	0.18440	0.07009	0.57437	0.01855	0.00896	0.00253	0.00380	0.01560	0.00728	0.00654
51	0.01074	0.00775	0.01014	0.00954	0.01133	0.00716	0.00716	0.01431	0.02147	0.03042	0.68211	0.05666	0.07157	0.01551	0.00895	0.00239	0.00358	0.01372	0.00835	0.00716
52	0.01154	0.00795	0.01026	0.00957	0.01157	0.00726	0.00722	0.01497	0.02118	0.05605	0.61291	0.05660	0.11312	0.01553	0.00889	0.00240	0.00371	0.01364	0.00830	0.00733
53	0.03403	0.01291	0.01760	0.01350	0.01936	0.01115	0.01115	0.03697	0.02171	0.69137	0.02992	0.02582	0.01878	0.00939	0.00763	0.00235	0.00645	0.00763	0.00939	0.01291
54	0.02028	0.73799	0.03975	0.01298	0.01947	0.03001	0.01298	0.02271	0.01541	0.01785	0.01055	0.01217	0.00973	0.00649	0.00487	0.00162	0.00811	0.00406	0.00324	0.00973
55	0.01014	0.00753	0.00944	0.00938	0.01107	0.00684	0.00688	0.01300	0.01944	0.02658	0.45411	0.18159	0.18064	0.01769	0.00908	0.00254	0.00378	0.01556	0.00787	0.00684
56	0.00937	0.00736	0.00837	0.00880	0.01054	0.00647	0.00628	0.01126	0.01679	0.02127	0.14603	0.26218	0.38902	0.04832	0.01035	0.00288	0.00411	0.01713	0.00712	0.00636
57	0.01271	0.00928	0.01258	0.01408	0.01601	0.00947	0.01221	0.01751	0.06523	0.02336	0.03948	0.08138	0.04216	0.02018	0.01028	0.00343	0.00691	0.58937	0.00704	0.00735
58	0.01887	0.01629	0.01715	0.01544	0.01972	0.01887	0.01201	0.04031	0.67241	0.03173	0.03087	0.02830	0.02315	0.01029	0.00772	0.00257	0.00600	0.00858	0.00772	0.01201
59	0.00998	0.00691	0.00858	0.00962	0.00988	0.00665	0.00603	0.01075	0.01308	0.01744	0.03442	0.44863	0.04085	0.31632	0.02161	0.00484	0.00562	0.01722	0.00603	0.00552
60	0.01973	0.01632	0.01734	0.01542	0.01982	0.01872	0.01205	0.05884	0.62890	0.05691	0.03046	0.02790	0.02268	0.01022	0.00771	0.00256	0.00609	0.00849	0.00778	0.01207
61	0.01103	0.00735	0.00827	0.00827	0.00827	0.00735	0.00460	0.01103	0.01103	0.01471	0.02390	0.04964	0.02758	0.73343	0.03861	0.00735	0.00735	0.01103	0.00460	0.00460
62	0.01535	0.01315	0.01527	0.01103	0.01754	0.00990	0.00880	0.01863	0.01582	0.02448	0.01707	0.01897	0.04931	0.00639	0.00581	0.00120	0.00552	0.00515	0.00464	0.73596
63	0.01103	0.00735	0.00827	0.00827	0.00827	0.00735	0.00460	0.01103	0.01103	0.01471	0.02390	0.04964	0.02758	0.73343	0.03861	0.00735	0.00735	0.01103	0.00460	0.00460
64	0.01877	0.01802	0.03079	0.04656	0.68612	0.01802	0.02328	0.02328	0.01727	0.02478	0.01427	0.01877	0.01201	0.00676	0.00751	0.00225	0.00901	0.00676	0.00375	0.01201
65	0.01148	0.00806	0.00976	0.00926	0.01156	0.00717	0.00707	0.01442	0.01984	0.06405	0.40553	0.06180	0.28603	0.01668	0.00893	0.00249	0.00396	0.03680	0.00789	0.00721
66	0.00941	0.00672	0.00900	0.01075	0.01127	0.00631	0.00733	0.01085	0.01469	0.01955	0.04171	0.69204	0.04980	0.02360	0.00973	0.00310	0.00455	0.05634	0.00704	0.00621
67	0.02842	0.01957	0.02209	0.06953	0.02514	0.02140	0.01449	0.53059	0.03229	0.13013	0.01939	0.01936	0.01346	0.00903	0.00759	0.00230	0.00823	0.00693	0.00751	0.01256
68	0.02028	0.73799	0.03975	0.01298	0.01947	0.03001	0.01298	0.02271	0.01541	0.01785	0.01055	0.01217	0.00973	0.00649	0.00487	0.00162	0.00811	0.00406	0.00324	0.00973
69	0.02891	0.02042	0.02217	0.01707	0.02307	0.02239	0.01408	0.59087	0.05605	0.09782	0.01956	0.01915	0.01371	0.00917	0.00760	0.00229	0.00812	0.00695	0.00773	0.01287
70	0.02731	0.03421	0.02249	0.02244	0.09449	0.62955	0.01558	0.02954	0.02104	0.01923	0.01200	0.01422	0.01001	0.00770	0.00691	0.00199	0.01318	0.00509	0.00389	0.00914
71	0.01280	0.00858	0.01149	0.01237	0.01414	0.00837	0.01000	0.01626	0.04343	0.06085	0.12067	0.21545	0.06676	0.01990	0.01034	0.02541	0.00580	0.32291	0.00723	0.00724
72	0.14564	0.01317	0.01665	0.01297	0.01867	0.01202	0.01071	0.03479	0.02041	0.59394	0.02705	0.02382	0.01721	0.00904	0.00719	0.00235	0.00637	0.00711	0.00869	0.01221
73	0.02493	0.01880	0.02046	0.01584	0.02164	0.01988	0.01290	0.48212	0.05456	0.04132	0.01915	0.05839	0.01509	0.00934	0.00735	0.00212	0.00753	0.00730	0.00699	0.15431
74	0.01656	0.01334	0.01460	0.01301	0.01655	0.01443	0.01010	0.11869	0.30317	0.03168	0.19532	0.06773	0.12671	0.01317	0.00825	0.00250	0.00538	0.01113	0.00773	0.00993
75	0.47168	0.01467	0.01317	0.01170	0.01568	0.04139	0.00940	0.08266	0.01585	0.03115	0.04105	0.05751	0.01499	0.01429	0.08430	0.00346	0.03161	0.00632	0.00510	0.03401
76	0.00966	0.00821	0.03688	0.01075	0.01200	0.00682	0.00795	0.01159	0.01546	0.02054	0.08738	0.55895	0.11921	0.02193	0.00948	0.00296	0.00466	0.04210	0.00697	0.00649
77	0.01491	0.01412	0.02367	0.61208	0.12177	0.01724	0.02113	0.01977	0.01526	0.01994	0.01343	0.01991	0.01032	0.00772	0.00828	0.00253	0.03896	0.00674	0.00341	0.00882
78	0.00970	0.00771	0.00870	0.00845	0.01069	0.00671	0.00634	0.01230	0.01902	0.02459	0.32710	0.06624	0.43022	0.01768	0.00896	0.00249	0.00373	0.01506	0.00758	0.00671
79	0.01097	0.00733	0.00829	0.00835	0.00836	0.00731	0.00468	0.01101	0.01115	0.01486	0.02449	0.07219	0.02833	0.70985	0.03765	0.00721	0.00726	0.01138	0.00468	0.00465
80	0.01074	0.00775	0.01014	0.00954	0.01133	0.00716	0.00716	0.01431	0.02147	0.03042	0.68211	0.05666	0.07157	0.01551	0.00895	0.00239	0.00358	0.01372	0.00835	0.00716
81	0.01414	0.00707	0.00707	0.00707	0.00884	0.00707	0.00530	0.01767	0.01591	0.02828	0.02474	0.02828	0.01944	0.00884	0.00530	0.00177	0.00353	0.00707	0.77554	0.00707
82	0.01459	0.01401	0.02441	0.66370	0.05129	0.01703	0.06912	0.01975	0.01537	0.01975	0.01362	0.02024	0.01022	0.00749	0.00769	0.00253	0.01031	0.00691	0.00341	0.00856
83	0.05191	0.00810	0.01001	0.00943	0.01134	0.00765	0.00705	0.01446	0.02043	0.02957	0.59445	0.05476	0.09366	0.04262	0.00985	0.00258	0.00386	0.01321	0.00795	0.00708
84	0.02883	0.02125	0.02276	0.01745	0.02352	0.02352	0.01442	0.66082	0.03566	0.04780	0.01821	0.01821	0.01290	0.00911	0.00759	0.00228	0.00835	0.00683	0.00759	0.01290
85	0.02883	0.02125	0.02276	0.01745	0.02352	0.02352	0.01442	0.66082	0.03566	0.04780	0.01821	0.01821	0.01290	0.00911	0.00759	0.00228	0.00835	0.00683	0.00759	0.01290
86	0.01074	0.00775	0.01014	0.00954	0.01133	0.00716	0.00716	0.01431	0.02147	0.03042	0.68211	0.05666	0.07157	0.01551	0.00895	0.00239	0.00358	0.01372	0.00835	0.00716
87	0.00951	0.00690	0.00901	0.01035	0.01116	0.00640	0.00715	0.01123	0.01568	0.02090	0.12112	0.57308	0.10115	0.02232	0.00957	0.00297	0.00436	0.04361	0.00720	0.00633
88	0.01103	0.00735	0.00827	0.00827	0.00827	0.00735	0.00460	0.01103	0.01103	0.01471	0.02390	0.04964	0.02758	0.73343	0.03861	0.00735	0.00735	0.01103	0.00460	0.00460
89	0.01084	0.00813	0.01219	0.01219	0.01354	0.00948	0.00948	0.01354	0.01219	0.01761	0.02032	0.02980	0.01896	0.05689	0.70337	0.01219	0.02032	0.00813	0.00406	0.00677
90	0.00945	0.00669	0.00874	0.01030	0.01069	0.00630	0.00676	0.01062	0.01412	0.01883	0.03975	0.65044	0.04757	0.10534	0.01301	0.00357	0.00474	0.02035	0.00676	0.00598
91	0.01980	0.01676	0.01768	0.01563	0.02008	0.01930	0.01223	0.09871	0.61248	0.03324	0.02968	0.02735	0.02219	0.01018	0.00771	0.00254	0.00622	0.00841	0.00771	0.01209
92	0.01222	0.00873	0.01222	0.01397	0.01572	0.00873	0.01222	0.01572	0.01746	0.02270	0.04016	0.08556	0.04365	0.02095	0.01048	0.00349	0.00698	0.63506	0.00698	0.00698
93	0.01084	0.00813	0.01219	0.01219	0.01354	0.00948	0.00948	0.01354	0.01219	0.01761	0.02032	0.02980	0.01896	0.05689	0.70337	0.01219	0.02032	0.00813	0.00406	0.00677
94	0.00896	0.00768	0.00768	0.00768	0.01025	0.00640	0.00576	0.01089	0.01729	0.02049	0.07684	0.07300	0.68304	0.01921	0.00896	0.00256	0.00384	0.01601	0.00704	0.00640
95	0.02883	0.02125	0.02276	0.01745	0.02352	0.02352	0.01442	0.66082	0.03566	0.04780	0.01821	0.01821	0.01290	0.00911	0.00759	0.00228	0.00835	0.00683	0.00759	0.01290
96	0.00896	0.00768	0.00768	0.00768	0.01025	0.00640	0.00576	0.01089	0.01729	0.02049	0.07684	0.07300	0.68304	0.01921	0.00896	0.00256	0.00384	0.01601	0.00704	0.00640
97	0.00921	0.00672	0.00868	0.01025	0.01092	0.00619	0.00690	0.01060	0.01482	0.01949	0.04563	0.65696	0.11922	0.02327	0.00960	0.00302	0.00434	0.02096	0.00704	0.00619
98	0.01103	0.00735	0.00827	0.00827	0.00827	0.00735	0.00460	0.01103	0.01103	0.01471	0.02390	0.04964	0.02758	0.73343	0.03861	0.00735	0.00735	0.01103	0.00460	0.00460
99	0.01103	0.00735	0.00827	0.00827	0.00827	0.00735	0.00460	0.01103	0.01103	0.01471	0.02390	0.04964	0.02758	0.73343	0.03861	0.00735	0.00735	0.01103	0.00460	0.00460
100	0.78701	0.01467	0.01115	0.00997	0.01467	0.01702	0.00821	0.02230	0.01291	0.03403	0.01056	0.01232	0.00821	0.00704	0.00469	0.00235	0.00587	0.00411	0.00469	0.00821
101	0.00932	0.00663	0.00878	0.01046	0.01088	0.00621	0.00693	0.01058	0.01437	0.01916	0.04101	0.69835	0.04916	0.05526	0.01097	0.00327	0.00453	0.02110	0.00693	0.00609
102	0.00896	0.00768	0.00768	0.00768	0.01025	0.00640	0.00576	0.01089	0.01729	0.02049	0.07684	0.07300	0.68304	0.01921	0.00896	0.00256	0.00384	0.01601	0.00704	0.00640
103	0.02883	0.02125	0.02276	0.01745	0.02352	0.02352	0.01442	0.66082	0.03566	0.04780	0.01821	0.01821	0.01290	0.00911	0.00759	0.00228	0.00835	0.00683	0.00759	0.01290
104	0.00907	0.00765	0.00785	0.00788	0.01033	0.00643	0.00588	0.01106	0.01741	0.02098	0.10778	0.09492	0.62854	0.01917	0.00899	0.00257	0.00385	0.01608	0.00711	0.00643
105	0.02028	0.73799	0.03975	0.01298	0.01947	0.03001	0.01298	0.02271	0.01541	0.01785	0.01055	0.01217	0.00973	0.00649	0.00487	0.00162	0.00811	0.00406	0.00324	0.00973
106	0.01432	0.01348	0.02275	0.71520	0.05224	0.01685	0.02107	0.01938	0.01517	0.01938	0.01348	0.02022	0.01011	0.00758	0.00758	0.00253	0.01011	0.00674	0.00337	0.00843
107	0.01389	0.00715	0.00746	0.00746	0.00919	0.00725	0.00562	0.01736	0.01563	0.02747	0.02441	0.02839	0.01941	0.01246	0.05792	0.00255	0.00480	0.00715	0.71739	0.00705
108	0.01439	0.01377	0.02366	0.58943	0.07202	0.01634	0.06813	0.01930	0.01560	0.02003	0.01807	0.02387	0.05720	0.00827	0.00778	0.00252	0.00983	0.00755	0.00368	0.00855
109	0.01877	0.01802	0.03079	0.04656	0.68612	0.01802	0.02328	0.02328	0.01727	0.02478	0.01427	0.01877	0.01201	0.00676	0.00751	0.00225	0.00901	0.00676	0.00375	0.01201
110	0.01887	0.01629	0.01715	0.01544	0.01972	0.01887	0.01201	0.04031	0.67241	0.03173	0.03087	0.02830	0.02315	0.01029	0.00772	0.00257	0.00600	0.00858	0.00772	0.01201
111	0.00945	0.00685	0.00899	0.01061	0.01131	0.00638	0.00735	0.01099	0.01496	0.01971	0.04432	0.62856	0.09736	0.02320	0.00969	0.00307	0.00456	0.06934	0.00704	0.00624
112	0.01766	0.01616	0.02163	0.13221	0.13743	0.11308	0.08297	0.02081	0.03828	0.04357	0.03809	0.02625	0.01659	0.01477	0.04332	0.16394	0.00976	0.05085	0.00434	0.00828
113	0.01573	0.01348	0.01573	0.01123	0.01798	0.01011	0.00899	0.01910	0.01573	0.02472	0.01348	0.01573	0.01123	0.00562	0.00562	0.00112	0.00562	0.00449	0.00449	0.77980
114	0.01103	0.00735	0.00827	0.00827	0.00827	0.00735	0.00460	0.01103	0.01103	0.01471	0.02390	0.04964	0.02758	0.73343	0.03861	0.00735	0.00735	0.01103	0.00460	0.00460
115	0.01624	0.06783	0.02222	0.20592	0.21493	0.01519	0.01623	0.02106	0.04412	0.06014	0.20592	0.03022	0.02915	0.00973	0.00775	0.00233	0.00743	0.00866	0.00538	0.00956
116	0.61357	0.01464	0.01418	0.13296	0.05679	0.01704	0.01122	0.02185	0.01353	0.03103	0.01126	0.01402	0.00874	0.00712	0.00534	0.00237	0.00676	0.00470	0.00442	0.00845
117	0.02114	0.01642	0.01771	0.01541	0.01994	0.01851	0.01212	0.13181	0.50350	0.08339	0.02931	0.05275	0.02230	0.01055	0.00777	0.00253	0.00633	0.00873	0.00780	0.01199
118	0.06698	0.02991	0.02162	0.02060	0.07259	0.46579	0.01486	0.10669	0.05896	0.02417	0.01366	0.01549	0.01101	0.00821	0.00764	0.00213	0.03995	0.00550	0.00458	0.00967
119	0.02693	0.01518	0.01827	0.01384	0.01996	0.01405	0.01132	0.18039	0.04526	0.32099	0.02236	0.02114	0.01532	0.00825	0.00703	0.00198	0.00664	0.00655	0.00747	0.23706
120	0.05734	0.01507	0.01987	0.04860	0.14622	0.03952	0.01381	0.07442	0.04504	0.36659	0.02496	0.07580	0.01851	0.00976	0.00761	0.00238	0.00729	0.00821	0.00732	0.01167
121	0.09441	0.01589	0.02178	0.52947	0.06840	0.06898	0.01901	0.05472	0.01658	0.02251	0.01333	0.01877	0.01011	0.00760	0.00723	0.00244	0.00982	0.00634	0.00378	0.00880
122	0.00940	0.00671	0.00898	0.01074	0.01125	0.00630	0.00732	0.01084	0.01468	0.01954	0.04172	0.69432	0.04982	0.02361	0.00972	0.00310	0.00454	0.05416	0.00704	0.00620
123	0.06374	0.01266	0.01590	0.03770	0.04325	0.01255	0.01096	0.05022	0.13578	0.29824	0.12684	0.08612	0.04969	0.01161	0.00788	0.00246	0.00595	0.00979	0.00796	0.01072
124	0.07347	0.01432	0.02001	0.32238	0.03237	0.04051	0.01639	0.01853	0.01371	0.01991	0.01343	0.04339	0.01184	0.01136	0.01439	0.06270	0.22832	0.00696	0.02816	0.00786
125	0.01417	0.01322	0.02183	0.62507	0.04744	0.01646	0.01978	0.01894	0.01545	0.02015	0.06369	0.02278	0.01474	0.00848	0.00861	0.00256	0.04731	0.00726	0.00374	0.00832
126	0.01877	0.01802	0.03079	0.04656	0.68612	0.01802	0.02328	0.02328	0.01727	0.02478	0.01427	0.01877	0.01201	0.00676	0.00751	0.00225	0.00901	0.00676	0.00375	0.01201
127	0.00954	0.00690	0.00894	0.01012	0.01092	0.00639	0.00689	0.01124	0.01579	0.02118	0.15357	0.54620	0.09582	0.04569	0.01047	0.00307	0.00432	0.01949	0.00718	0.00630
128	0.00924	0.00660	0.00880	0.01056	0.01100	0.00616	0.00704	0.01056	0.01452	0.01936	0.04181	0.72848	0.05017	0.02376	0.00968	0.00308	0.00440	0.02156	0.00704	0.00616
129	0.02883	0.02125	0.02276	0.01745	0.02352	0.02352	0.01442	0.66082	0.03566	0.04780	0.01821	0.01821	0.01290	0.00911	0.00759	0.00228	0.00835	0.00683	0.00759	0.01290
130	0.52471	0.01360	0.01273	0.01086	0.01550	0.01466	0.00880	0.02533	0.01509	0.20945	0.01638	0.01777	0.01198	0.03554	0.00774	0.03329	0.00611	0.00541	0.00590	0.00915
131	0.05958	0.01191	0.01494	0.01221	0.01642	0.01119	0.00955	0.04921	0.06274	0.40353	0.09656	0.03279	0.02561	0.14350	0.01335	0.00329	0.00632	0.00878	0.00802	0.01050
132	0.00921	0.00769	0.00802	0.00794	0.01039	0.00651	0.00595	0.01136	0.01786	0.02186	0.16008	0.07075	0.59895	0.01870	0.00896	0.00254	0.00381	0.01569	0.00722	0.00651
133	0.01318	0.00659	0.00988	0.00988	0.00988	0.00659	0.00659	0.00988	0.00988	0.01318	0.01318	0.02306	0.01318	0.02635	0.02964	0.77931	0.00659	0.00659	0.00329	0.00329
134	0.05047	0.01299	0.01475	0.01300	0.01693	0.01347	0.01033	0.10512	0.19719	0.16396	0.06482	0.09038	0.11612	0.01305	0.00806	0.00255	0.00585	0.05741	0.03337	0.01018
135	0.01581	0.01103	0.01244	0.01095	0.01317	0.01136	0.00784	0.15661	0.04400	0.04900	0.15744	0.04415	0.07849	0.33017	0.02162	0.00457	0.00650	0.01078	0.00645	0.00761
136	0.00975	0.00722	0.01026	0.01153	0.01231	0.00679	0.02910	0.01141	0.01486	0.01978	0.04080	0.65647	0.04839	0.02297	0.00972	0.00309	0.00487	0.06739	0.00693	0.00636
137	0.00950	0.00673	0.00879	0.01026	0.01070	0.00633	0.00677	0.01076	0.01439	0.01925	0.06375	0.62625	0.04840	0.10403	0.01294	0.00354	0.00471	0.02007	0.00681	0.00602
138	0.04896	0.01203	0.01439	0.01203	0.01619	0.01147	0.00953	0.10881	0.04742	0.28834	0.10113	0.08474	0.16273	0.03593	0.00905	0.00260	0.00574	0.01080	0.00803	0.01009
139	0.00922	0.00668	0.00872	0.01034	0.01094	0.00618	0.00694	0.01059	0.01473	0.01945	0.04445	0.67907	0.09787	0.02342	0.00963	0.00304	0.00436	0.02114	0.00704	0.00618
140	0.02149	0.01366	0.01452	0.01198	0.01583	0.01462	0.00962	0.30755	0.02501	0.06180	0.02200	0.02366	0.01648	0.00898	0.00642	0.00202	0.00581	0.00698	0.40168	0.00991
141	0.00924	0.00660	0.00880	0.01056	0.01100	0.00616	0.00704	0.01056	0.01452	0.01936	0.04181	0.72848	0.05017	0.02376	0.00968	0.00308	0.00440	0.02156	0.00704	0.00616
142	0.01573	0.01348	0.01573	0.01123	0.01798	0.01011	0.00899	0.01910	0.01573	0.02472	0.01348	0.01573	0.01123	0.00562	0.00562	0.00112	0.00562	0.00449	0.00449	0.77980
143	0.02833	0.03615	0.02149	0.01954	0.02345	0.70298	0.01466	0.03029	0.02149	0.01856	0.01172	0.01368	0.00977	0.00782	0.00684	0.00195	0.01368	0.00489	0.00391	0.00879
144	0.01112	0.00807	0.01068	0.01089	0.01271	0.00763	0.00874	0.01458	0.01992	0.02732	0.43709	0.06707	0.09706	0.01750	0.00945	0.00276	0.00471	0.21780	0.00783	0.00706
145	0.00915	0.00768	0.00787	0.00783	0.01025	0.00649	0.00582	0.01112	0.01736	0.02096	0.11569	0.07112	0.62021	0.04272	0.00995	0.00271	0.00394	0.01569	0.00705	0.00639
146	0.00924	0.00660	0.00880	0.01056	0.01100	0.00616	0.00704	0.01056	0.01452	0.01936	0.04181	0.72848	0.05017	0.02376	0.00968	0.00308	0.00440	0.02156	0.00704	0.00616
147	0.01940	0.01656	0.01745	0.01554	0.01993	0.01911	0.01213	0.07327	0.63858	0.03258	0.03020	0.02776	0.02261	0.01023	0.00771	0.00256	0.00613	0.00848	0.00771	0.01205
148	0.04997	0.01774	0.02110	0.08988	0.09629	0.01975	0.01468	0.38996	0.02711	0.03807	0.01761	0.01959	0.01314	0.00875	0.00785	0.00227	0.03619	0.00674	0.11210	0.01120
149	0.01787	0.01831	0.05020	0.19100	0.44966	0.04427	0.02213	0.02234	0.01651	0.02284	0.01366	0.01865	0.01128	0.00747	0.00876	0.00239	0.06160	0.00664	0.00362	0.01080
150	0.01870	0.01481	0.01774	0.13430	0.02462	0.01576	0.01272	0.09298	0.27010	0.07189	0.02507	0.05577	0.04033	0.00961	0.00738	0.00225	0.00676	0.00803	0.00637	0.16481
151	0.01678	0.01550	0.01675	0.01254	0.01855	0.06553	0.01001	0.01991	0.01587	0.02375	0.01308	0.01563	0.01102	0.00637	0.00717	0.00135	0.06006	0.00469	0.00436	0.66107
152	0.02176	0.01677	0.07047	0.04442	0.14297	0.01508	0.01474	0.07043	0.15942	0.19314	0.02666	0.02625	0.06769	0.00923	0.00749	0.00228	0.00715	0.00777	0.00653	0.08979
153	0.05744	0.02100	0.02233	0.01717	0.02319	0.02328	0.01418	0.63673	0.03480	0.04728	0.01792	0.01799	0.01272	0.00903	0.00748	0.00228	0.00825	0.00673	0.00748	0.01272
154	0.01724	0.04912	0.07085	0.10001	0.11607	0.01597	0.03923	0.06795	0.05221	0.02554	0.03688	0.01898	0.01372	0.00753	0.00798	0.00196	0.05573	0.00613	0.00453	0.29236
155	0.01535	0.13225	0.02002	0.06898	0.01928	0.01666	0.01225	0.08543	0.01537	0.02101	0.01672	0.02382	0.01521	0.05548	0.35037	0.00733	0.10500	0.00710	0.00417	0.00818
156	0.01103	0.00735	0.00827	0.00827	0.00827	0.00735	0.00460	0.01103	0.01103	0.01471	0.02390	0.04964	0.02758	0.73343	0.03861	0.00735	0.00735	0.01103	0.00460	0.00460
157	0.01919	0.01820	0.03052	0.04373	0.61129	0.01834	0.04631	0.05216	0.03896	0.02601	0.01501	0.01911	0.01239	0.00696	0.00757	0.00228	0.00903	0.00690	0.00405	0.01199
158	0.01414	0.00707	0.00707	0.00707	0.00884	0.00707	0.00530	0.01767	0.01591	0.02828	0.02474	0.02828	0.01944	0.00884	0.00530	0.00177	0.00353	0.00707	0.77554	0.00707
159	0.08208	0.02016	0.02156	0.01663	0.02259	0.02214	0.01374	0.56929	0.03302	0.09535	0.01856	0.01837	0.01302	0.00898	0.00739	0.00229	0.00803	0.00670	0.00752	0.01257
160	0.02024	0.62991	0.08484	0.01504	0.04555	0.02840	0.01449	0.05115	0.01642	0.01987	0.01124	0.01295	0.00995	0.00667	0.00525	0.00173	0.00837	0.00439	0.00345	0.01006
161	0.00924	0.00660	0.00880	0.01056	0.01100	0.00616	0.00704	0.01056	0.01452	0.01936	0.04181	0.72848	0.05017	0.02376	0.00968	0.00308	0.00440	0.02156	0.00704	0.00616
162	0.01877	0.01802	0.03079	0.04656	0.68612	0.01802	0.02328	0.02328	0.01727	0.02478	0.01427	0.01877	0.01201	0.00676	0.00751	0.00225	0.00901	0.00676	0.00375	0.01201
163	0.02095	0.04183	0.01875	0.01556	0.02024	0.01961	0.01235	0.12834	0.53266	0.05983	0.02832	0.02620	0.02105	0.00995	0.00760	0.00249	0.00643	0.00813	0.00761	0.01209
164	0.01798	0.07598	0.38125	0.02334	0.13133	0.01694	0.04423	0.02434	0.01676	0.09352	0.01632	0.04394	0.01265	0.00780	0.00719	0.00226	0.00958	0.00653	0.00419	0.06387
165	0.05378	0.01281	0.01534	0.05261	0.01859	0.03751	0.01054	0.07975	0.04517	0.29699	0.02800	0.13804	0.02427	0.11163	0.01218	0.00320	0.00688	0.03554	0.00732	0.00985
166	0.78701	0.01467	0.01115	0.00997	0.01467	0.01702	0.00821	0.02230	0.01291	0.03403	0.01056	0.01232	0.00821	0.00704	0.00469	0.00235	0.00587	0.00411	0.00469	0.00821
167	0.00934	0.00667	0.00892	0.01068	0.01116	0.00625	0.00721	0.01073	0.01462	0.01947	0.04175	0.70703	0.04995	0.02367	0.00971	0.00309	0.00449	0.04203	0.00704	0.00619
168	0.01405	0.01236	0.01945	0.12910	0.10307	0.01363	0.07418	0.01943	0.08840	0.02098	0.02138	0.07793	0.02004	0.09687	0.20581	0.00578	0.03551	0.02900	0.00464	0.00837
169	0.01318	0.00659	0.00988	0.00988	0.00988	0.00659	0.00659	0.00988	0.00988	0.01318	0.01318	0.02306	0.01318	0.02635	0.02964	0.77931	0.00659	0.00659	0.00329	0.00329
170	0.01659	0.01659	0.02323	0.01991	0.01991	0.02323	0.01659	0.01825	0.01162	0.01825	0.00996	0.01659	0.00996	0.01328	0.02489	0.00332	0.71955	0.00664	0.00332	0.00830
171	0.04606	0.03763	0.64528	0.02150	0.03233	0.01764	0.04825	0.02396	0.01595	0.02443	0.01355	0.01602	0.00962	0.00717	0.00716	0.00241	0.01105	0.00566	0.00328	0.01106
172	0.01182	0.00791	0.01032	0.00981	0.01171	0.00724	0.00732	0.01504	0.02054	0.06625	0.54946	0.13214	0.08903	0.01624	0.00896	0.00247	0.00385	0.01435	0.00821	0.00734
173	0.01074	0.00775	0.01014	0.00954	0.01133	0.00716	0.00716	0.01431	0.02147	0.03042	0.68211	0.05666	0.07157	0.01551	0.00895	0.00239	0.00358	0.01372	0.00835	0.00716
174	0.02833	0.03615	0.02149	0.01954	0.02345	0.70298	0.01466	0.03029	0.02149	0.01856	0.01172	0.01368	0.00977	0.00782	0.00684	0.00195	0.01368	0.00489	0.00391	0.00879
175	0.01569	0.04201	0.02186	0.01826	0.01875	0.02101	0.01518	0.01757	0.01186	0.01812	0.01185	0.01881	0.01157	0.02089	0.14648	0.00486	0.56690	0.00681	0.00345	0.00808
176	0.01179	0.00856	0.01045	0.00977	0.01203	0.00803	0.00739	0.01638	0.06976	0.05063	0.49756	0.05657	0.18111	0.01561	0.00881	0.00243	0.00391	0.01356	0.00809	0.00757
177	0.01414	0.00707	0.00707	0.00707	0.00884	0.00707	0.00530	0.01767	0.01591	0.02828	0.02474	0.02828	0.01944	0.00884	0.00530	0.00177	0.00353	0.00707	0.77554	0.00707
178	0.01790	0.02046	0.04476	0.03197	0.03964	0.01918	0.65857	0.02430	0.01790	0.02430	0.01535	0.02046	0.01151	0.00639	0.00895	0.00256	0.01279	0.00895	0.00384	0.01023
179	0.01046	0.00773	0.00966	0.00919	0.01103	0.00704	0.00683	0.01362	0.02037	0.02817	0.55687	0.05906	0.17003	0.04453	0.01012	0.00261	0.00377	0.01399	0.00799	0.00693
180	0.00915	0.00769	0.00794	0.00788	0.01036	0.00648	0.00591	0.01124	0.01772	0.02151	0.13911	0.07132	0.62013	0.01883	0.00896	0.00254	0.00381	0.01577	0.00718	0.00648
181	0.01103	0.00735	0.00827	0.00827	0.00827	0.00735	0.00460	0.01103	0.01103	0.01471	0.02390	0.04964	0.02758	0.73343	0.03861	0.00735	0.00735	0.01103	0.00460	0.00460
182	0.01318	0.00659	0.00988	0.00988	0.00988	0.00659	0.00659	0.00988	0.00988	0.01318	0.01318	0.02306	0.01318	0.02635	0.02964	0.77931	0.00659	0.00659	0.00329	0.00329
183	0.61550	0.01486	0.01281	0.01099	0.01582	0.01670	0.00903	0.08328	0.01620	0.09753	0.03819	0.01581	0.01202	0.00777	0.00540	0.00234	0.00607	0.00506	0.00555	0.00906
184	0.02759	0.03506	0.02097	0.01909	0.02295	0.67640	0.01432	0.02955	0.02133	0.01864	0.01421	0.01594	0.03546	0.00825	0.00692	0.00198	0.01330	0.00531	0.00403	0.00870
185	0.00931	0.00663	0.00878	0.01048	0.01090	0.00620	0.00695	0.01058	0.01440	0.01919	0.04115	0.70378	0.04935	0.04959	0.01073	0.00324	0.00451	0.02118	0.00695	0.00610
186	0.01503	0.00908	0.01155	0.01073	0.01323	0.00850	0.00810	0.01930	0.06899	0.14368	0.35598	0.17391	0.10004	0.01583	0.00876	0.00253	0.00444	0.01387	0.00815	0.00829
187	0.01748	0.01363	0.01484	0.01346	0.01723	0.01491	0.01040	0.03225	0.44321	0.08058	0.08512	0.07395	0.12520	0.01263	0.00809	0.00257	0.00546	0.01066	0.00776	0.01059
188	0.01074	0.00775	0.01014	0.00954	0.01133	0.00716	0.00716	0.01431	0.02147	0.03042	0.68211	0.05666	0.07157	0.01551	0.00895	0.00239	0.00358	0.01372	0.00835	0.00716
189	0.01041	0.00835	0.00939	0.00919	0.01152	0.00766	0.00695	0.01437	0.06793	0.02459	0.26706	0.08923	0.38983	0.01757	0.00894	0.00256	0.00405	0.03582	0.00752	0.00708
190	0.01092	0.00785	0.00952	0.00903	0.01102	0.00707	0.00668	0.01374	0.01950	0.04540	0.44215	0.05988	0.24011	0.07050	0.01115	0.00281	0.00402	0.01399	0.00773	0.00692
191	0.01463	0.00754	0.00759	0.00742	0.00933	0.00762	0.00561	0.03911	0.01657	0.02893	0.02453	0.02794	0.01922	0.00885	0.00538	0.00178	0.00370	0.00706	0.74995	0.00726
192	0.01084	0.00813	0.01219	0.01219	0.01354	0.00948	0.00948	0.01354	0.01219	0.01761	0.02032	0.02980	0.01896	0.05689	0.70337	0.01219	0.02032	0.00813	0.00406	0.00677
193	0.06017	0.01567	0.01651	0.01464	0.01896	0.01768	0.01154	0.09592	0.48289	0.05425	0.03232	0.03170	0.07166	0.01101	0.00773	0.00255	0.00611	0.02984	0.00752	0.01133
194	0.00924	0.00660	0.00880	0.01056	0.01100	0.00616	0.00704	0.01056	0.01452	0.01936	0.04181	0.72848	0.05017	0.02376	0.00968	0.00308	0.00440	0.02156	0.00704	0.00616
195	0.00896	0.00768	0.00768	0.00768	0.01025	0.00640	0.00576	0.01089	0.01729	0.02049	0.07684	0.07300	0.68304	0.01921	0.00896	0.00256	0.00384	0.01601	0.00704	0.00640
196	0.02332	0.01768	0.01905	0.01596	0.02096	0.01983	0.01274	0.24588	0.41216	0.08678	0.02660	0.02477	0.01942	0.00983	0.00767	0.00246	0.00681	0.00792	0.00780	0.01237
197	0.01812	0.01735	0.02960	0.14521	0.59260	0.01785	0.02295	0.02270	0.01696	0.02398	0.01415	0.01899	0.01173	0.00688	0.00752	0.00229	0.00917	0.00676	0.00370	0.01149
198	0.01521	0.03923	0.69413	0.02162	0.03283	0.01762	0.02802	0.02402	0.01601	0.02402	0.01361	0.01601	0.00961	0.00721	0.00721	0.00240	0.01121	0.00560	0.00320	0.01121
199	0.00924	0.00660	0.00880	0.01056	0.01100	0.00616	0.00704	0.01056	0.01452	0.01936	0.04181	0.72848	0.05017	0.02376	0.00968	0.00308	0.00440	0.02156	0.00704	0.00616
200	0.01084	0.00809	0.01202	0.01202	0.01331	0.00939	0.00926	0.01343	0.01214	0.01748	0.02048	0.03068	0.01934	0.08692	0.67387	0.01198	0.01974	0.00826	0.00409	0.00668
201	0.01967	0.01746	0.02652	0.19971	0.36719	0.01886	0.02038	0.14736	0.05748	0.02836	0.01579	0.01955	0.01236	0.00761	0.00755	0.00234	0.00898	0.00687	0.00463	0.01132
202	0.02883	0.02125	0.02276	0.01745	0.02352	0.02352	0.01442	0.66082	0.03566	0.04780	0.01821	0.01821	0.01290	0.00911	0.00759	0.00228	0.00835	0.00683	0.00759	0.01290
203	0.01086	0.00804	0.01173	0.01173	0.01293	0.00923	0.00891	0.01325	0.01206	0.01727	0.02073	0.03211	0.01997	0.13569	0.62594	0.01163	0.01881	0.00846	0.00413	0.00652
204	0.03034	0.01645	0.01953	0.01519	0.02090	0.01666	0.01246	0.30841	0.05183	0.36268	0.02526	0.04689	0.01746	0.00980	0.00768	0.00235	0.00719	0.00780	0.00846	0.01264
205	0.01432	0.01348	0.02275	0.71520	0.05224	0.01685	0.02107	0.01938	0.01517	0.01938	0.01348	0.02022	0.01011	0.00758	0.00758	0.00253	0.01011	0.00674	0.00337	0.00843
206	0.01972	0.01621	0.01721	0.01522	0.01963	0.01847	0.01191	0.08431	0.57928	0.05448	0.03167	0.02919	0.04744	0.01051	0.00775	0.00254	0.00611	0.00870	0.00774	0.01189

[dist]
# distance from previous block
# <min> <max>
9	27

[block]
# block no. 1 follows, 26 sequences, length 33
# corresponding to MSA columns:
# 325-357
name=unknown_B
#
# <colnr> <probs for GDERKNQSTAVLIFYWHMCP>
#	G	D	E	R	K	N	Q	S	T	A	V	L	I	F	Y	W	H	M	C	P
0	0.01862	0.01722	0.02680	0.06361	0.47931	0.01796	0.02008	0.06515	0.09364	0.02637	0.01979	0.02288	0.05123	0.00830	0.00827	0.00236	0.03483	0.00749	0.00461	0.01148
1	0.01131	0.00850	0.01135	0.01265	0.03899	0.00808	0.00976	0.01447	0.01843	0.02446	0.23249	0.10792	0.16248	0.01867	0.00961	0.00294	0.00538	0.28816	0.00727	0.00708
2	0.02352	0.02555	0.02455	0.15708	0.09306	0.31230	0.06210	0.13159	0.02152	0.02457	0.01356	0.01680	0.01070	0.00804	0.00816	0.00225	0.04437	0.00611	0.00437	0.00979
3	0.06706	0.01207	0.01521	0.01230	0.01692	0.01114	0.00990	0.05654	0.04861	0.37163	0.21439	0.03311	0.03282	0.01082	0.00773	0.00230	0.00562	0.00901	0.00840	0.05442
4	0.02779	0.03512	0.02202	0.02107	0.06100	0.66417	0.01514	0.02989	0.02126	0.01892	0.01187	0.01397	0.00990	0.00776	0.00688	0.00197	0.01341	0.00499	0.00390	0.00898
5	0.01064	0.00775	0.01001	0.00944	0.01127	0.00712	0.00708	0.01413	0.02125	0.02989	0.64985	0.05753	0.10417	0.01570	0.00895	0.00240	0.00359	0.01384	0.00828	0.00712
6	0.01103	0.00735	0.00827	0.00827	0.00827	0.00735	0.00460	0.01103	0.01103	0.01471	0.02390	0.04964	0.02758	0.73343	0.03861	0.00735	0.00735	0.01103	0.00460	0.00460
7	0.00924	0.00660	0.00880	0.01056	0.01100	0.00616	0.00704	0.01056	0.01452	0.01936	0.04181	0.72848	0.05017	0.02376	0.00968	0.00308	0.00440	0.02156	0.00704	0.00616
8	0.01059	0.00775	0.00994	0.00939	0.01124	0.00710	0.00704	0.01404	0.02113	0.02961	0.63317	0.05798	0.12101	0.01581	0.00895	0.00240	0.00360	0.01390	0.00824	0.00710
9	0.00955	0.00682	0.00916	0.01092	0.01150	0.00643	0.00758	0.01110	0.01483	0.01971	0.04163	0.66115	0.04949	0.02347	0.00976	0.00312	0.00467	0.08581	0.00704	0.00625
10	0.20898	0.01282	0.01535	0.01228	0.01747	0.01214	0.01006	0.03128	0.01961	0.47153	0.08961	0.02568	0.02149	0.00944	0.00707	0.00235	0.00603	0.00740	0.00818	0.01124
11	0.01074	0.00775	0.01014	0.00954	0.01133	0.00716	0.00716	0.01431	0.02147	0.03042	0.68211	0.05666	0.07157	0.01551	0.00895	0.00239	0.00358	0.01372	0.00835	0.00716
12	0.01103	0.00735	0.00827	0.00827	0.00827	0.00735	0.00460	0.01103	0.01103	0.01471	0.02390	0.04964	0.02758	0.73343	0.03861	0.00735	0.00735	0.01103	0.00460	0.00460
13	0.01092	0.00737	0.00824	0.00824	0.00838	0.00730	0.00466	0.01102	0.01138	0.01503	0.02682	0.05093	0.06380	0.69396	0.03697	0.00709	0.00716	0.01131	0.00473	0.00470
14	0.01026	0.00769	0.00951	0.00915	0.01106	0.00694	0.00682	0.01335	0.02020	0.02762	0.51322	0.08856	0.21428	0.01672	0.00898	0.00246	0.00367	0.01458	0.00799	0.00694
15	0.01414	0.00707	0.00707	0.00707	0.00884	0.00707	0.00530	0.01767	0.01591	0.02828	0.02474	0.02828	0.01944	0.00884	0.00530	0.00177	0.00353	0.00707	0.77554	0.00707
16	0.01103	0.00735	0.00827	0.00827	0.00827	0.00735	0.00460	0.01103	0.01103	0.01471	0.02390	0.04964	0.02758	0.73343	0.03861	0.00735	0.00735	0.01103	0.00460	0.00460
17	0.01074	0.00775	0.01014	0.00954	0.01133	0.00716	0.00716	0.01431	0.02147	0.03042	0.68211	0.05666	0.07157	0.01551	0.00895	0.00239	0.00358	0.01372	0.00835	0.00716
18	0.01573	0.01348	0.01573	0.01123	0.01798	0.01011	0.00899	0.01910	0.01573	0.02472	0.01348	0.01573	0.01123	0.00562	0.00562	0.00112	0.00562	0.00449	0.00449	0.77980
19	0.01094	0.00731	0.00830	0.00839	0.00841	0.00729	0.00472	0.01101	0.01121	0.01495	0.02482	0.08454	0.02874	0.69695	0.03712	0.00713	0.00720	0.01157	0.00472	0.00468
20	0.01659	0.01659	0.02323	0.01991	0.01991	0.02323	0.01659	0.01825	0.01162	0.01825	0.00996	0.01659	0.00996	0.01328	0.02489	0.00332	0.71955	0.00664	0.00332	0.00830
21	0.01103	0.00735	0.00827	0.00827	0.00827	0.00735	0.00460	0.01103	0.01103	0.01471	0.02390	0.04964	0.02758	0.73343	0.03861	0.00735	0.00735	0.01103	0.00460	0.00460
22	0.03312	0.01343	0.01781	0.01376	0.01956	0.01205	0.01133	0.06487	0.05162	0.63305	0.02945	0.02559	0.01871	0.00942	0.00763	0.00235	0.00652	0.00763	0.00923	0.01287
23	0.01432	0.01348	0.02275	0.71520	0.05224	0.01685	0.02107	0.01938	0.01517	0.01938	0.01348	0.02022	0.01011	0.00758	0.00758	0.00253	0.01011	0.00674	0.00337	0.00843
24	0.01061	0.00775	0.00997	0.00941	0.01126	0.00711	0.00706	0.01408	0.02118	0.02973	0.64044	0.05778	0.11367	0.01576	0.00895	0.00240	0.00360	0.01388	0.00826	0.00711
25	0.01573	0.01348	0.01573	0.01123	0.01798	0.01011	0.00899	0.01910	0.01573	0.02472	0.01348	0.01573	0.01123	0.00562	0.00562	0.00112	0.00562	0.00449	0.00449	0.77980
26	0.01084	0.00813	0.01219	0.01219	0.01354	0.00948	0.00948	0.01354	0.01219	0.01761	0.02032	0.02980	0.01896	0.05689	0.70337	0.01219	0.02032	0.00813	0.00406	0.00677
27	0.01887	0.01629	0.01715	0.01544	0.01972	0.01887	0.01201	0.04031	0.67241	0.03173	0.03087	0.02830	0.02315	0.01029	0.00772	0.00257	0.00600	0.00858	0.00772	0.01201
28	0.01097	0.00824	0.01054	0.01174	0.01364	0.00780	0.00980	0.01380	0.01718	0.02175	0.05174	0.13244	0.24376	0.02063	0.00994	0.00317	0.00580	0.39334	0.00701	0.00674
29	0.02837	0.02101	0.02250	0.01736	0.02334	0.02330	0.01430	0.63179	0.06546	0.04705	0.01880	0.01868	0.01338	0.00916	0.00759	0.00229	0.00824	0.00691	0.00759	0.01286
30	0.01790	0.02046	0.04476	0.03197	0.03964	0.01918	0.65857	0.02430	0.01790	0.02430	0.01535	0.02046	0.01151	0.00639	0.00895	0.00256	0.01279	0.00895	0.00384	0.01023
31	0.01887	0.01629	0.01715	0.01544	0.01972	0.01887	0.01201	0.04031	0.67241	0.03173	0.03087	0.02830	0.02315	0.01029	0.00772	0.00257	0.00600	0.00858	0.00772	0.01201
32	0.01516	0.01555	0.05518	0.54623	0.10666	0.01737	0.04218	0.02095	0.04287	0.02073	0.01423	0.02012	0.01085	0.00776	0.00819	0.00253	0.03392	0.00684	0.00359	0.00909

[dist]
# distance from previous block
# <min> <max>
0	2

[block]
# block no. 2 follows, 26 sequences, length 20
# corresponding to MSA columns:
# 360-379
name=unknown_C
#
# <colnr> <probs for GDERKNQSTAVLIFYWHMCP>
#	G	D	E	R	K	N	Q	S	T	A	V	L	I	F	Y	W	H	M	C	P
