[name]
unknown

[dist]
# distance from previous block
# <min> <max>
0	2

[block]
# block no. 0 follows, 25 sequences, length 47
# corresponding to MSA columns:
# 2-48
name=unknown_A
#
# <colnr> <probs for GDERKNQSTAVLIFYWHMCP>
#	G	D	E	R	K	N	Q	S	T	A	V	L	I	F	Y	W	H	M	C	P
0	0.01632	0.04450	0.13737	0.05745	0.03327	0.01758	0.35146	0.02201	0.01705	0.02336	0.01973	0.09820	0.01801	0.01014	0.00973	0.00273	0.04789	0.05916	0.00435	0.00971
1	0.02846	0.06743	0.02250	0.01924	0.02346	0.61082	0.01465	0.03128	0.04621	0.04751	0.01346	0.01500	0.01090	0.00809	0.00697	0.00202	0.01311	0.00522	0.00435	0.00934
2	0.01852	0.05213	0.02367	0.01909	0.02080	0.12154	0.06566	0.02080	0.01449	0.02005	0.01310	0.01939	0.01208	0.04451	0.01907	0.00307	0.41602	0.00684	0.08070	0.00848
3	0.01155	0.00788	0.01031	0.01026	0.01195	0.00725	0.00757	0.01454	0.01989	0.05440	0.44720	0.22382	0.08727	0.01803	0.00933	0.00266	0.00412	0.03655	0.00815	0.00727
4	0.02384	0.01793	0.01993	0.01491	0.02141	0.01758	0.01219	0.35340	0.02703	0.06306	0.01697	0.01781	0.01268	0.00777	0.00688	0.00182	0.00724	0.00597	0.00645	0.34513
5	0.78228	0.01499	0.01140	0.01020	0.01499	0.01739	0.00840	0.02279	0.01320	0.03479	0.01080	0.01260	0.00840	0.00720	0.00480	0.00240	0.00600	0.00420	0.00480	0.00840
6	0.01234	0.00887	0.01228	0.01398	0.01580	0.00881	0.01219	0.01583	0.01784	0.02310	0.04280	0.08686	0.07401	0.02134	0.01064	0.00353	0.00699	0.59853	0.00714	0.00711
7	0.01555	0.04011	0.68733	0.02210	0.03356	0.01801	0.02865	0.02455	0.01637	0.02455	0.01391	0.01637	0.00982	0.00737	0.00737	0.00246	0.01146	0.00573	0.00327	0.01146
8	0.02692	0.01559	0.01831	0.01517	0.02038	0.01621	0.01226	0.12356	0.28200	0.30766	0.02975	0.02883	0.02120	0.01041	0.00795	0.00253	0.00670	0.03344	0.00856	0.01258
9	0.02970	0.02135	0.02304	0.01767	0.02386	0.02351	0.01459	0.62704	0.03585	0.07597	0.01913	0.01895	0.01344	0.00932	0.00776	0.00233	0.00845	0.00702	0.00783	0.01319
10	0.03479	0.01320	0.01799	0.01380	0.01979	0.01140	0.01140	0.03779	0.02219	0.68451	0.03059	0.02639	0.01919	0.00960	0.00780	0.00240	0.00660	0.00780	0.00960	0.01320
11	0.01018	0.00789	0.00927	0.00893	0.01110	0.00698	0.00669	0.01310	0.02008	0.02667	0.41481	0.06520	0.33617	0.01750	0.00915	0.00252	0.00378	0.01504	0.00795	0.00698
12	0.02947	0.02172	0.02327	0.01784	0.02404	0.02404	0.01474	0.65329	0.03646	0.04887	0.01862	0.01862	0.01319	0.00931	0.00776	0.00233	0.00853	0.00698	0.00776	0.01319
13	0.01087	0.00792	0.01022	0.00964	0.01152	0.00727	0.00723	0.01443	0.02170	0.03050	0.63997	0.05890	0.10862	0.01607	0.00915	0.00245	0.00367	0.01416	0.00846	0.00727
14	0.00945	0.00675	0.00900	0.01080	0.01125	0.00630	0.00720	0.01080	0.01484	0.01979	0.04274	0.72245	0.05128	0.02429	0.00990	0.00315	0.00450	0.02204	0.00720	0.00630
15	0.01919	0.01842	0.03147	0.04759	0.67914	0.01842	0.02380	0.02380	0.01765	0.02533	0.01458	0.01919	0.01228	0.00691	0.00768	0.00230	0.00921	0.00691	0.00384	0.01228
16	0.01464	0.01378	0.02326	0.70887	0.05340	0.01723	0.02153	0.01981	0.01550	0.01981	0.01378	0.02067	0.01034	0.00775	0.00775	0.00258	0.01034	0.00689	0.00345	0.00861
17	0.03479	0.01320	0.01799	0.01380	0.01979	0.01140	0.01140	0.03779	0.02219	0.68451	0.03059	0.02639	0.01919	0.00960	0.00780	0.00240	0.00660	0.00780	0.00960	0.01320
18	0.01097	0.00793	0.01036	0.00975	0.01158	0.00732	0.00732	0.01463	0.02195	0.03109	0.67505	0.05792	0.07316	0.01585	0.00914	0.00244	0.00366	0.01402	0.00854	0.00732
19	0.01578	0.07055	0.65888	0.02171	0.03296	0.01856	0.02797	0.02450	0.01634	0.02428	0.01378	0.01620	0.00983	0.00733	0.00726	0.00242	0.01132	0.00566	0.00328	0.01139
20	0.00945	0.00675	0.00900	0.01080	0.01125	0.00630	0.00720	0.01080	0.01484	0.01979	0.04274	0.72245	0.05128	0.02429	0.00990	0.00315	0.00450	0.02204	0.00720	0.00630
21	0.02073	0.73217	0.04063	0.01327	0.01990	0.03068	0.01327	0.02322	0.01575	0.01824	0.01078	0.01244	0.00995	0.00663	0.00498	0.00166	0.00829	0.00415	0.00332	0.00995
22	0.01920	0.02184	0.03834	0.02860	0.03432	0.09581	0.44303	0.02418	0.01732	0.02285	0.01408	0.01929	0.01122	0.00822	0.01244	0.00271	0.16469	0.00818	0.00382	0.00987
23	0.05188	0.02018	0.02060	0.01632	0.02184	0.05097	0.01330	0.49695	0.05914	0.04282	0.02624	0.02578	0.09780	0.01055	0.00781	0.00236	0.00800	0.00807	0.00743	0.01195
24	0.37710	0.01964	0.07297	0.01442	0.02040	0.01972	0.01277	0.27267	0.02317	0.07770	0.01531	0.01610	0.01104	0.00819	0.00636	0.00238	0.00749	0.00564	0.00612	0.01083
25	0.01464	0.01378	0.02326	0.70887	0.05340	0.01723	0.02153	0.01981	0.01550	0.01981	0.01378	0.02067	0.01034	0.00775	0.00775	0.00258	0.01034	0.00689	0.00345	0.00861
26	0.01120	0.00749	0.00848	0.00855	0.00857	0.00747	0.00480	0.01126	0.01142	0.01523	0.02518	0.07833	0.02914	0.69862	0.03825	0.00734	0.00739	0.01172	0.00480	0.00476
27	0.01777	0.02007	0.04356	0.03138	0.03878	0.01881	0.61260	0.02400	0.01809	0.02454	0.01730	0.06274	0.01412	0.00759	0.00919	0.00265	0.01256	0.00992	0.00412	0.01021
28	0.01555	0.04011	0.68733	0.02210	0.03356	0.01801	0.02865	0.02455	0.01637	0.02455	0.01391	0.01637	0.00982	0.00737	0.00737	0.00246	0.01146	0.00573	0.00327	0.01146
29	0.03000	0.02088	0.02275	0.01744	0.02362	0.02279	0.01441	0.59245	0.03505	0.11169	0.01980	0.01938	0.01378	0.00934	0.00776	0.00233	0.00834	0.00706	0.00794	0.01319
30	0.00942	0.00687	0.00887	0.01047	0.01116	0.00633	0.00705	0.01083	0.01516	0.01992	0.04672	0.65036	0.12079	0.02377	0.00982	0.00309	0.00443	0.02141	0.00720	0.00633
31	0.01090	0.00792	0.01026	0.00967	0.01154	0.00728	0.00726	0.01448	0.02177	0.03066	0.64962	0.05863	0.09885	0.01601	0.00915	0.00245	0.00367	0.01412	0.00848	0.00728
32	0.01445	0.00723	0.00723	0.00723	0.00903	0.00723	0.00542	0.01807	0.01626	0.02891	0.02529	0.02891	0.01987	0.00903	0.00542	0.00181	0.00361	0.00723	0.77055	0.00723
33	0.01108	0.00831	0.01246	0.01246	0.01385	0.00969	0.00969	0.01385	0.01246	0.01800	0.02077	0.03046	0.01938	0.05815	0.69678	0.01246	0.02077	0.00831	0.00415	0.00692
34	0.01830	0.02092	0.04575	0.03268	0.04052	0.01961	0.65098	0.02484	0.01830	0.02484	0.01569	0.02092	0.01176	0.00654	0.00915	0.00261	0.01307	0.00915	0.00392	0.01046
35	0.01555	0.04011	0.68733	0.02210	0.03356	0.01801	0.02865	0.02455	0.01637	0.02455	0.01391	0.01637	0.00982	0.00737	0.00737	0.00246	0.01146	0.00573	0.00327	0.01146
36	0.78228	0.01499	0.01140	0.01020	0.01499	0.01739	0.00840	0.02279	0.01320	0.03479	0.01080	0.01260	0.00840	0.00720	0.00480	0.00240	0.00600	0.00420	0.00480	0.00840
37	0.00916	0.00785	0.00785	0.00785	0.01047	0.00655	0.00589	0.01113	0.01767	0.02095	0.07855	0.07462	0.67599	0.01964	0.00916	0.00262	0.00393	0.01636	0.00720	0.00655
38	0.01876	0.02095	0.04482	0.03207	0.03984	0.01979	0.62463	0.05086	0.01905	0.02583	0.01581	0.02082	0.01182	0.00665	0.00909	0.00260	0.01288	0.00906	0.00408	0.01057
39	0.00945	0.00675	0.00900	0.01080	0.01125	0.00630	0.00720	0.01080	0.01484	0.01979	0.04274	0.72245	0.05128	0.02429	0.00990	0.00315	0.00450	0.02204	0.00720	0.00630
40	0.00945	0.00675	0.00900	0.01080	0.01125	0.00630	0.00720	0.01080	0.01484	0.01979	0.04274	0.72245	0.05128	0.02429	0.00990	0.00315	0.00450	0.02204	0.00720	0.00630
41	0.01078	0.00801	0.01033	0.01170	0.01328	0.00756	0.00932	0.01330	0.01690	0.02164	0.05048	0.27647	0.19681	0.02186	0.01010	0.00322	0.00558	0.29876	0.00717	0.00674
42	0.02073	0.73217	0.04063	0.01327	0.01990	0.03068	0.01327	0.02322	0.01575	0.01824	0.01078	0.01244	0.00995	0.00663	0.00498	0.00166	0.00829	0.00415	0.00332	0.00995
43	0.01087	0.00792	0.01021	0.00964	0.01152	0.00727	0.00723	0.01442	0.02169	0.03049	0.63949	0.05891	0.10910	0.01608	0.00915	0.00245	0.00367	0.01416	0.00846	0.00727
44	0.01031	0.00783	0.01158	0.01249	0.01353	0.00738	0.04617	0.01222	0.01539	0.02047	0.04094	0.60997	0.04819	0.02291	0.00994	0.00316	0.00530	0.08858	0.00700	0.00664
45	0.01919	0.01842	0.03147	0.04759	0.67914	0.01842	0.02380	0.02380	0.01765	0.02533	0.01458	0.01919	0.01228	0.00691	0.00768	0.00230	0.00921	0.00691	0.00384	0.01228
46	0.03080	0.01231	0.01672	0.01312	0.01842	0.01071	0.01071	0.03391	0.02215	0.57501	0.13859	0.03167	0.02824	0.01064	0.00802	0.00241	0.00611	0.00884	0.00942	0.01221

[dist]
# distance from previous block
# <min> <max>
2	4

[block]
# block no. 1 follows, 25 sequences, length 75
# corresponding to MSA columns:
# 53-127
name=unknown_B
#
# <colnr> <probs for GDERKNQSTAVLIFYWHMCP>
#	G	D	E	R	K	N	Q	S	T	A	V	L	I	F	Y	W	H	M	C	P
0	0.05797	0.39317	0.32114	0.01696	0.02560	0.02446	0.01972	0.02378	0.01589	0.02185	0.01215	0.01416	0.00981	0.00698	0.00601	0.00204	0.00955	0.00484	0.00337	0.01053
1	0.02902	0.05856	0.02417	0.01760	0.02383	0.02439	0.01466	0.62061	0.03538	0.04728	0.01821	0.01830	0.01302	0.00917	0.00761	0.00229	0.00852	0.00683	0.00753	0.01302
2	0.01919	0.01842	0.03147	0.04759	0.67914	0.01842	0.02380	0.02380	0.01765	0.02533	0.01458	0.01919	0.01228	0.00691	0.00768	0.00230	0.00921	0.00691	0.00384	0.01228
3	0.01659	0.01577	0.02677	0.42612	0.32095	0.01774	0.02250	0.02151	0.01642	0.02217	0.01412	0.02004	0.01117	0.00739	0.00772	0.00246	0.00986	0.00690	0.00361	0.01018
4	0.44896	0.01458	0.04717	0.01137	0.01590	0.01464	0.00970	0.02342	0.05559	0.09125	0.16963	0.02563	0.02553	0.00965	0.00640	0.00243	0.00579	0.00718	0.00621	0.00896
5	0.01673	0.01661	0.02323	0.01995	0.02002	0.02311	0.01659	0.01850	0.01226	0.01914	0.03594	0.01855	0.01262	0.01366	0.02481	0.00336	0.68582	0.00707	0.00359	0.00844
6	0.01108	0.00828	0.01231	0.01231	0.01365	0.00961	0.00951	0.01375	0.01242	0.01789	0.02090	0.03121	0.01971	0.08303	0.67235	0.01228	0.02028	0.00842	0.00417	0.00684
7	0.01464	0.01378	0.02326	0.70887	0.05340	0.01723	0.02153	0.01981	0.01550	0.01981	0.01378	0.02067	0.01034	0.00775	0.00775	0.00258	0.01034	0.00689	0.00345	0.00861
8	0.05622	0.12894	0.51550	0.02116	0.03134	0.01978	0.07515	0.02431	0.01628	0.02427	0.01348	0.01602	0.00992	0.00719	0.00706	0.00236	0.01088	0.00571	0.00341	0.01102
9	0.01861	0.01783	0.03042	0.13246	0.59883	0.01827	0.02351	0.02328	0.01738	0.02462	0.01448	0.01938	0.01203	0.00702	0.00769	0.00234	0.00936	0.00691	0.00379	0.01181
10	0.00916	0.00785	0.00785	0.00785	0.01047	0.00655	0.00589	0.01113	0.01767	0.02095	0.07855	0.07462	0.67599	0.01964	0.00916	0.00262	0.00393	0.01636	0.00720	0.00655
11	0.01871	0.01793	0.03061	0.11718	0.61329	0.01830	0.02356	0.02338	0.01743	0.02475	0.01450	0.01935	0.01208	0.00700	0.00768	0.00233	0.00933	0.00691	0.00380	0.01190
12	0.66496	0.01520	0.01245	0.01089	0.01564	0.01741	0.00893	0.08154	0.01591	0.03589	0.05165	0.01590	0.01276	0.00792	0.00534	0.00239	0.00609	0.00505	0.00530	0.00878
13	0.01108	0.00831	0.01246	0.01246	0.01385	0.00969	0.00969	0.01385	0.01246	0.01800	0.02077	0.03046	0.01938	0.05815	0.69678	0.01246	0.02077	0.00831	0.00415	0.00692
14	0.01249	0.00892	0.01249	0.01428	0.01606	0.00892	0.01249	0.01606	0.01785	0.02320	0.04105	0.08746	0.04462	0.02142	0.01071	0.00357	0.00714	0.62695	0.00714	0.00714
15	0.01955	0.57485	0.18764	0.01527	0.02301	0.02780	0.01676	0.02352	0.01589	0.01968	0.01149	0.01333	0.00992	0.00680	0.00552	0.00184	0.00901	0.00451	0.00331	0.01029
16	0.01464	0.01378	0.02326	0.70887	0.05340	0.01723	0.02153	0.01981	0.01550	0.01981	0.01378	0.02067	0.01034	0.00775	0.00775	0.00258	0.01034	0.00689	0.00345	0.00861
17	0.03479	0.01320	0.01799	0.01380	0.01979	0.01140	0.01140	0.03779	0.02219	0.68451	0.03059	0.02639	0.01919	0.00960	0.00780	0.00240	0.00660	0.00780	0.00960	0.01320
18	0.01555	0.04011	0.68733	0.02210	0.03356	0.01801	0.02865	0.02455	0.01637	0.02455	0.01391	0.01637	0.00982	0.00737	0.00737	0.00246	0.01146	0.00573	0.00327	0.01146
19	0.01823	0.02070	0.04456	0.03201	0.03943	0.01983	0.61658	0.02450	0.01795	0.02450	0.01539	0.02070	0.01168	0.00692	0.01003	0.00266	0.05106	0.00902	0.00389	0.01035
20	0.00938	0.00790	0.00816	0.00820	0.01075	0.00668	0.00622	0.01149	0.01787	0.02149	0.10391	0.07439	0.62319	0.01954	0.00923	0.00265	0.00405	0.04105	0.00726	0.00660
21	0.01919	0.01842	0.03147	0.04759	0.67914	0.01842	0.02380	0.02380	0.01765	0.02533	0.01458	0.01919	0.01228	0.00691	0.00768	0.00230	0.00921	0.00691	0.00384	0.01228
22	0.02458	0.07265	0.01841	0.01360	0.01817	0.05549	0.01104	0.12779	0.05672	0.25827	0.17002	0.05609	0.03041	0.01117	0.00780	0.00233	0.00661	0.00914	0.03888	0.01082
23	0.01702	0.01714	0.02474	0.02091	0.02127	0.02356	0.04554	0.01894	0.01216	0.01894	0.01043	0.01714	0.01025	0.01325	0.02471	0.00336	0.68176	0.00689	0.00342	0.00857
24	0.01051	0.00757	0.00995	0.01007	0.01148	0.00701	0.00728	0.01346	0.01979	0.02765	0.48263	0.26014	0.06650	0.01842	0.00937	0.00265	0.00391	0.01646	0.00813	0.00701
25	0.02645	0.06092	0.02231	0.02039	0.06227	0.54502	0.01475	0.04904	0.02193	0.02139	0.07150	0.01831	0.01587	0.00861	0.00717	0.00205	0.01236	0.00595	0.00449	0.00921
26	0.01819	0.01968	0.04033	0.09661	0.19414	0.01911	0.44504	0.02414	0.01790	0.02451	0.01525	0.02048	0.01176	0.00673	0.00867	0.00254	0.01191	0.00841	0.00386	0.01073
27	0.01284	0.01306	0.11250	0.01376	0.01686	0.00946	0.01265	0.01670	0.01787	0.05059	0.15649	0.21765	0.04534	0.01847	0.00961	0.00304	0.00649	0.25181	0.00694	0.00786
28	0.01919	0.01842	0.03147	0.04759	0.67914	0.01842	0.02380	0.02380	0.01765	0.02533	0.01458	0.01919	0.01228	0.00691	0.00768	0.00230	0.00921	0.00691	0.00384	0.01228
29	0.04962	0.03899	0.65729	0.02157	0.03273	0.01798	0.02775	0.02448	0.01623	0.02501	0.01378	0.01620	0.00976	0.00736	0.00725	0.00245	0.01122	0.00566	0.00334	0.01132
30	0.01823	0.39871	0.35223	0.01752	0.02648	0.02457	0.02068	0.02386	0.01605	0.02128	0.01229	0.01433	0.00989	0.00699	0.00613	0.00204	0.00982	0.00491	0.00330	0.01068
31	0.78228	0.01499	0.01140	0.01020	0.01499	0.01739	0.00840	0.02279	0.01320	0.03479	0.01080	0.01260	0.00840	0.00720	0.00480	0.00240	0.00600	0.00420	0.00480	0.00840
32	0.01919	0.01842	0.03147	0.04759	0.67914	0.01842	0.02380	0.02380	0.01765	0.02533	0.01458	0.01919	0.01228	0.00691	0.00768	0.00230	0.00921	0.00691	0.00384	0.01228
33	0.01108	0.00831	0.01246	0.01246	0.01385	0.00969	0.00969	0.01385	0.01246	0.01800	0.02077	0.03046	0.01938	0.05815	0.69678	0.01246	0.02077	0.00831	0.00415	0.00692
34	0.01696	0.01696	0.02375	0.02036	0.02036	0.02375	0.01696	0.01866	0.01187	0.01866	0.01018	0.01696	0.01018	0.01357	0.02545	0.00339	0.71332	0.00679	0.00339	0.00848
35	0.01555	0.04011	0.68733	0.02210	0.03356	0.01801	0.02865	0.02455	0.01637	0.02455	0.01391	0.01637	0.00982	0.00737	0.00737	0.00246	0.01146	0.00573	0.00327	0.01146
36	0.01820	0.02162	0.06935	0.03229	0.04027	0.01955	0.62809	0.02483	0.01823	0.02483	0.01562	0.02075	0.01169	0.00657	0.00908	0.00261	0.01301	0.00902	0.00390	0.01049
37	0.00926	0.00786	0.00799	0.00796	0.01053	0.00659	0.00597	0.01132	0.01790	0.02150	0.11091	0.07371	0.64329	0.01943	0.00916	0.00261	0.00391	0.01624	0.00727	0.00659
38	0.01741	0.01660	0.02825	0.30703	0.43365	0.01795	0.02291	0.02223	0.01681	0.02317	0.01427	0.01977	0.01152	0.00724	0.00771	0.00241	0.00965	0.00690	0.00368	0.01084
39	0.00918	0.00781	0.00790	0.00797	0.01050	0.00654	0.00594	0.01111	0.01756	0.02090	0.07710	0.10088	0.65067	0.01983	0.00919	0.00264	0.00395	0.01659	0.00720	0.00654
40	0.02808	0.01603	0.01900	0.01516	0.02077	0.01614	0.01242	0.21625	0.12817	0.30708	0.02666	0.02747	0.01913	0.01010	0.00783	0.00240	0.00706	0.04488	0.00828	0.06710
41	0.07746	0.16698	0.48369	0.01915	0.02894	0.02005	0.02342	0.02474	0.01626	0.05293	0.01381	0.01577	0.01014	0.00731	0.00673	0.00230	0.01022	0.00540	0.00368	0.01101
42	0.02238	0.54493	0.03519	0.01436	0.02039	0.12340	0.01332	0.07714	0.01840	0.02135	0.01219	0.01384	0.01063	0.00715	0.00551	0.00177	0.00893	0.00463	0.03453	0.00998
43	0.06688	0.04260	0.01882	0.01387	0.01978	0.01331	0.01152	0.06349	0.04825	0.57451	0.02843	0.02498	0.01826	0.00940	0.00755	0.00238	0.00670	0.00749	0.00898	0.01281
44	0.01874	0.01618	0.01701	0.01535	0.01964	0.01859	0.01193	0.03957	0.63000	0.03181	0.03411	0.03141	0.05906	0.01101	0.00796	0.00263	0.00602	0.00918	0.00785	0.01196
45	0.78228	0.01499	0.01140	0.01020	0.01499	0.01739	0.00840	0.02279	0.01320	0.03479	0.01080	0.01260	0.00840	0.00720	0.00480	0.00240	0.00600	0.00420	0.00480	0.00840
46	0.01156	0.00871	0.01213	0.01188	0.01277	0.01008	0.00878	0.01345	0.01208	0.01719	0.02106	0.03531	0.02125	0.24737	0.45926	0.01038	0.06703	0.00905	0.00426	0.00640
47	0.02890	0.02116	0.02265	0.01743	0.02347	0.02340	0.01438	0.62883	0.03568	0.04810	0.01887	0.01901	0.01344	0.00930	0.00767	0.00231	0.00834	0.00699	0.03713	0.01296
48	0.01108	0.00831	0.01246	0.01246	0.01385	0.00969	0.00969	0.01385	0.01246	0.01800	0.02077	0.03046	0.01938	0.05815	0.69678	0.01246	0.02077	0.00831	0.00415	0.00692
49	0.01555	0.04011	0.68733	0.02210	0.03356	0.01801	0.02865	0.02455	0.01637	0.02455	0.01391	0.01637	0.00982	0.00737	0.00737	0.00246	0.01146	0.00573	0.00327	0.01146
50	0.02419	0.01534	0.01800	0.01631	0.05880	0.03985	0.01213	0.10756	0.19856	0.24028	0.15174	0.03132	0.02931	0.01079	0.00804	0.00244	0.00657	0.00900	0.00815	0.01160
51	0.00943	0.00681	0.00893	0.01064	0.01120	0.00631	0.00713	0.01081	0.01500	0.01986	0.04468	0.68730	0.08518	0.02404	0.00986	0.00312	0.00447	0.02173	0.00720	0.00631
52	0.01128	0.00752	0.00846	0.00846	0.00846	0.00752	0.00470	0.01128	0.01128	0.01503	0.02443	0.05074	0.02819	0.72751	0.03946	0.00752	0.00752	0.01128	0.00470	0.00470
53	0.01883	0.01805	0.03082	0.10028	0.62928	0.01833	0.02362	0.02348	0.01748	0.02489	0.01452	0.01931	0.01213	0.00698	0.00768	0.00233	0.00930	0.00691	0.00381	0.01199
54	0.01608	0.01378	0.01608	0.01148	0.01837	0.01034	0.00919	0.01952	0.01608	0.02527	0.01378	0.01608	0.01148	0.00574	0.00574	0.00115	0.00574	0.00459	0.00459	0.77491
55	0.01108	0.00831	0.01246	0.01246	0.01385	0.00969	0.00969	0.01385	0.01246	0.01800	0.02077	0.03046	0.01938	0.05815	0.69678	0.01246	0.02077	0.00831	0.00415	0.00692
56	0.00937	0.00790	0.00814	0.00819	0.01074	0.00667	0.00621	0.01147	0.01786	0.02146	0.10217	0.07443	0.62555	0.01955	0.00922	0.00265	0.00404	0.04051	0.00725	0.00660
57	0.02646	0.02115	0.02304	0.10244	0.05170	0.06324	0.01571	0.46689	0.08244	0.04136	0.01851	0.01943	0.01345	0.00905	0.00772	0.00236	0.00891	0.00699	0.00687	0.01227
58	0.13207	0.05888	0.25208	0.01808	0.02572	0.06382	0.01851	0.25685	0.04595	0.03462	0.01555	0.01676	0.01135	0.00817	0.00703	0.00234	0.00944	0.00596	0.00535	0.01146
59	0.20694	0.01418	0.01542	0.01310	0.01767	0.01490	0.01041	0.08593	0.15308	0.23369	0.05423	0.07509	0.02204	0.03902	0.00856	0.00270	0.00629	0.00849	0.00751	0.01076
60	0.00945	0.00675	0.00900	0.01080	0.01125	0.00630	0.00720	0.01080	0.01484	0.01979	0.04274	0.72245	0.05128	0.02429	0.00990	0.00315	0.00450	0.02204	0.00720	0.00630
61	0.02109	0.01722	0.01887	0.01739	0.05032	0.01953	0.01306	0.11452	0.53574	0.05842	0.02919	0.02714	0.02172	0.01018	0.00786	0.00257	0.00658	0.00843	0.00775	0.01242
62	0.01555	0.04011	0.68733	0.02210	0.03356	0.01801	0.02865	0.02455	0.01637	0.02455	0.01391	0.01637	0.00982	0.00737	0.00737	0.00246	0.01146	0.00573	0.00327	0.01146
63	0.01079	0.00792	0.01012	0.00957	0.01147	0.00724	0.00718	0.01429	0.02153	0.03009	0.61606	0.05957	0.13278	0.01623	0.00915	0.00246	0.00368	0.01425	0.00840	0.00724
64	0.01347	0.00673	0.01010	0.01010	0.01010	0.00673	0.00673	0.01010	0.01010	0.01347	0.01347	0.02357	0.01347	0.02694	0.03030	0.77441	0.00673	0.00673	0.00337	0.00337
65	0.01097	0.00793	0.01036	0.00975	0.01158	0.00732	0.00732	0.01463	0.02195	0.03109	0.67505	0.05792	0.07316	0.01585	0.00914	0.00244	0.00366	0.01402	0.00854	0.00732
66	0.01577	0.03858	0.63635	0.02294	0.03411	0.01813	0.07810	0.02458	0.01652	0.02458	0.01406	0.01673	0.00998	0.00730	0.00751	0.00247	0.01159	0.00600	0.00333	0.01138
67	0.02073	0.73217	0.04063	0.01327	0.01990	0.03068	0.01327	0.02322	0.01575	0.01824	0.01078	0.01244	0.00995	0.00663	0.00498	0.00166	0.00829	0.00415	0.00332	0.00995
68	0.01608	0.01378	0.01608	0.01148	0.01837	0.01034	0.00919	0.01952	0.01608	0.02527	0.01378	0.01608	0.01148	0.00574	0.00574	0.00115	0.00574	0.00459	0.00459	0.77491
69	0.01108	0.00831	0.01246	0.01246	0.01385	0.00969	0.00969	0.01385	0.01246	0.01800	0.02077	0.03046	0.01938	0.05815	0.69678	0.01246	0.02077	0.00831	0.00415	0.00692
70	0.00930	0.00786	0.00805	0.00800	0.01056	0.00660	0.00600	0.01140	0.01800	0.02173	0.12455	0.07333	0.62950	0.01934	0.00916	0.00260	0.00391	0.01618	0.00730	0.00660
71	0.01464	0.01378	0.02326	0.70887	0.05340	0.01723	0.02153	0.01981	0.01550	0.01981	0.01378	0.02067	0.01034	0.00775	0.00775	0.00258	0.01034	0.00689	0.00345	0.00861
72	0.01605	0.01566	0.02199	0.01915	0.01932	0.02159	0.01582	0.01785	0.01205	0.01863	0.01255	0.04572	0.01274	0.01868	0.09549	0.00434	0.61297	0.00754	0.00362	0.00823
73	0.01521	0.01255	0.01377	0.01266	0.01583	0.01362	0.00963	0.02817	0.36358	0.02963	0.22183	0.04402	0.11579	0.05644	0.01031	0.00287	0.00524	0.01133	0.00780	0.00971
74	0.01696	0.01696	0.02375	0.02036	0.02036	0.02375	0.01696	0.01866	0.01187	0.01866	0.01018	0.01696	0.01018	0.01357	0.02545	0.00339	0.71332	0.00679	0.00339	0.00848

[dist]
# distance from previous block
# <min> <max>
0	8

[block]
# block no. 2 follows, 25 sequences, length 31
# corresponding to MSA columns:
# 136-166
name=unknown_C
#
# <colnr> <probs for GDERKNQSTAVLIFYWHMCP>
#	G	D	E	R	K	N	Q	S	T	A	V	L	I	F	Y	W	H	M	C	P
0	0.01830	0.02092	0.04575	0.03268	0.04052	0.01961	0.65098	0.02484	0.01830	0.02484	0.01569	0.02092	0.01176	0.00654	0.00915	0.00261	0.01307	0.00915	0.00392	0.01046
1	0.00945	0.00675	0.00900	0.01080	0.01125	0.00630	0.00720	0.01080	0.01484	0.01979	0.04274	0.72245	0.05128	0.02429	0.00990	0.00315	0.00450	0.02204	0.00720	0.00630
2	0.01108	0.00831	0.01246	0.01246	0.01385	0.00969	0.00969	0.01385	0.01246	0.01800	0.02077	0.03046	0.01938	0.05815	0.69678	0.01246	0.02077	0.00831	0.00415	0.00692
3	0.02896	0.03695	0.02197	0.01998	0.02397	0.69638	0.01498	0.03096	0.02197	0.01898	0.01199	0.01398	0.00999	0.00799	0.00699	0.00200	0.01398	0.00499	0.00400	0.00899
4	0.01119	0.00748	0.00848	0.00857	0.00859	0.00746	0.00482	0.01125	0.01145	0.01526	0.02531	0.08302	0.02930	0.69371	0.03804	0.00731	0.00737	0.01179	0.00482	0.00478
5	0.00966	0.00691	0.00919	0.01065	0.01129	0.00644	0.00721	0.01133	0.01583	0.02136	0.13068	0.63002	0.05432	0.02312	0.00979	0.00305	0.00438	0.02093	0.00738	0.00644
6	0.01464	0.01378	0.02326	0.70887	0.05340	0.01723	0.02153	0.01981	0.01550	0.01981	0.01378	0.02067	0.01034	0.00775	0.00775	0.00258	0.01034	0.00689	0.00345	0.00861
7	0.01128	0.00752	0.00846	0.00846	0.00846	0.00752	0.00470	0.01128	0.01128	0.01503	0.02443	0.05074	0.02819	0.72751	0.03946	0.00752	0.00752	0.01128	0.00470	0.00470
8	0.01445	0.00723	0.00723	0.00723	0.00903	0.00723	0.00542	0.01807	0.01626	0.02891	0.02529	0.02891	0.01987	0.00903	0.00542	0.00181	0.00361	0.00723	0.77055	0.00723
9	0.01555	0.04011	0.68733	0.02210	0.03356	0.01801	0.02865	0.02455	0.01637	0.02455	0.01391	0.01637	0.00982	0.00737	0.00737	0.00246	0.01146	0.00573	0.00327	0.01146
10	0.01249	0.00892	0.01249	0.01428	0.01606	0.00892	0.01249	0.01606	0.01785	0.02320	0.04105	0.08746	0.04462	0.02142	0.01071	0.00357	0.00714	0.62695	0.00714	0.00714
11	0.00945	0.00675	0.00900	0.01080	0.01125	0.00630	0.00720	0.01080	0.01484	0.01979	0.04274	0.72245	0.05128	0.02429	0.00990	0.00315	0.00450	0.02204	0.00720	0.00630
12	0.00999	0.00756	0.01102	0.01191	0.01282	0.00705	0.04146	0.01172	0.01535	0.02058	0.07025	0.65468	0.05018	0.02296	0.00982	0.00309	0.00492	0.02099	0.00708	0.00657
13	0.01919	0.01842	0.03147	0.04759	0.67914	0.01842	0.02380	0.02380	0.01765	0.02533	0.01458	0.01919	0.01228	0.00691	0.00768	0.00230	0.00921	0.00691	0.00384	0.01228
14	0.06377	0.01441	0.01792	0.01408	0.01975	0.01377	0.01154	0.11197	0.08231	0.49544	0.02818	0.02518	0.01844	0.00952	0.00759	0.00239	0.00666	0.00761	0.03679	0.01269
15	0.02009	0.01704	0.05003	0.01815	0.07105	0.01579	0.08184	0.21542	0.02271	0.03288	0.01882	0.04996	0.01521	0.00846	0.00707	0.00202	0.00748	0.00726	0.14146	0.19726
16	0.10541	0.01052	0.00935	0.00882	0.01132	0.04738	0.00677	0.05187	0.01725	0.03006	0.02253	0.02566	0.01765	0.00878	0.00555	0.00191	0.00472	0.00674	0.59995	0.00777
17	0.01993	0.04973	0.03240	0.04269	0.54355	0.07152	0.07914	0.02442	0.01797	0.02450	0.01432	0.01866	0.01196	0.00695	0.00764	0.00228	0.00989	0.00685	0.00384	0.01177
18	0.01097	0.00793	0.01036	0.00975	0.01158	0.00732	0.00732	0.01463	0.02195	0.03109	0.67505	0.05792	0.07316	0.01585	0.00914	0.00244	0.00366	0.01402	0.00854	0.00732
19	0.01988	0.01963	0.03009	0.04403	0.59947	0.06597	0.02259	0.02519	0.05113	0.02525	0.01527	0.01932	0.01270	0.00717	0.00764	0.00230	0.00939	0.00687	0.00406	0.01205
20	0.01817	0.01806	0.02631	0.16311	0.29596	0.07750	0.07409	0.02462	0.09459	0.02407	0.02074	0.04835	0.04290	0.00913	0.00801	0.00248	0.00938	0.02739	0.00462	0.01053
21	0.00925	0.00786	0.00797	0.00794	0.01052	0.00658	0.00596	0.01128	0.01787	0.02140	0.10535	0.07387	0.64891	0.01947	0.00916	0.00261	0.00392	0.01626	0.00726	0.00658
22	0.01802	0.01872	0.02359	0.02032	0.02067	0.08291	0.01679	0.01974	0.01276	0.01869	0.01034	0.01670	0.01016	0.01308	0.02382	0.00327	0.65180	0.00663	0.00345	0.00853
23	0.00945	0.00675	0.00900	0.01080	0.01125	0.00630	0.00720	0.01080	0.01484	0.01979	0.04274	0.72245	0.05128	0.02429	0.00990	0.00315	0.00450	0.02204	0.00720	0.00630
24	0.00943	0.00680	0.00895	0.01067	0.01121	0.00631	0.00714	0.01081	0.01497	0.01984	0.04428	0.69458	0.07815	0.02409	0.00987	0.00313	0.00447	0.02180	0.00720	0.00631
25	0.01929	0.01666	0.01753	0.01578	0.02016	0.01929	0.01227	0.04120	0.66513	0.03243	0.03156	0.02893	0.02367	0.01052	0.00789	0.00263	0.00614	0.00877	0.00789	0.01227
26	0.02847	0.02122	0.02270	0.01764	0.02366	0.02357	0.01449	0.59269	0.09870	0.04724	0.01990	0.01964	0.01422	0.00943	0.00777	0.00236	0.00829	0.00716	0.00777	0.01310
27	0.01857	0.02152	0.07211	0.03074	0.03863	0.01936	0.57068	0.05153	0.01890	0.02587	0.01566	0.02042	0.01173	0.00666	0.00888	0.00254	0.01252	0.00873	0.00408	0.04087
28	0.06248	0.64393	0.08441	0.01372	0.02059	0.02906	0.01408	0.02329	0.01566	0.01960	0.01100	0.01272	0.00986	0.00672	0.00513	0.00176	0.00839	0.00426	0.00340	0.00997
29	0.01671	0.19463	0.54294	0.02013	0.03051	0.02084	0.02521	0.02426	0.01623	0.02315	0.01321	0.01549	0.00985	0.00720	0.00683	0.00228	0.01075	0.00538	0.00328	0.01112
30	0.17335	0.09560	0.04961	0.01494	0.02046	0.01614	0.07540	0.02859	0.08768	0.22997	0.10894	0.02564	0.02261	0.00933	0.00720	0.00237	0.00708	0.00767	0.00678	0.01065

[dist]
# distance from previous block
# <min> <max>
0	2

[block]
# block no. 3 follows, 25 sequences, length 27
# corresponding to MSA columns:
# 169-195
name=unknown_D
#
# <colnr> <probs for GDERKNQSTAVLIFYWHMCP>
#	G	D	E	R	K	N	Q	S	T	A	V	L	I	F	Y	W	H	M	C	P
0	0.02721	0.05850	0.02234	0.01690	0.02231	0.11272	0.01376	0.44107	0.03099	0.07081	0.06356	0.04626	0.01835	0.01000	0.00768	0.00229	0.00869	0.00763	0.00714	0.01180
1	0.15180	0.01810	0.01953	0.01677	0.05446	0.01979	0.01294	0.35191	0.09207	0.10306	0.02003	0.02015	0.01444	0.00897	0.00712	0.00234	0.00738	0.00679	0.06051	0.01184
2	0.01749	0.01927	0.04047	0.02953	0.03644	0.01828	0.55003	0.02442	0.05601	0.02479	0.01928	0.09045	0.01636	0.00852	0.00915	0.00267	0.01182	0.01040	0.00448	0.01015
3	0.01830	0.02092	0.04575	0.03268	0.04052	0.01961	0.65098	0.02484	0.01830	0.02484	0.01569	0.02092	0.01176	0.00654	0.00915	0.00261	0.01307	0.00915	0.00392	0.01046
4	0.02097	0.01772	0.04885	0.05841	0.02218	0.04395	0.01328	0.22296	0.20046	0.05936	0.15102	0.05525	0.02894	0.01124	0.00810	0.00247	0.00717	0.00929	0.00737	0.01101
5	0.09888	0.02269	0.02118	0.01710	0.02247	0.13432	0.01383	0.44579	0.03018	0.04041	0.01693	0.01811	0.01264	0.01230	0.05546	0.00299	0.01006	0.00648	0.00660	0.01160
6	0.03443	0.01378	0.01835	0.01407	0.02008	0.01226	0.01162	0.07980	0.02317	0.64112	0.02977	0.02586	0.01878	0.00958	0.00779	0.00239	0.00673	0.00774	0.00947	0.01319
7	0.00965	0.00690	0.00924	0.01103	0.01157	0.00648	0.00756	0.01116	0.01505	0.02003	0.04262	0.67911	0.05083	0.02410	0.00995	0.00318	0.00468	0.06333	0.00719	0.00636
8	0.02899	0.06534	0.02005	0.01454	0.02012	0.01617	0.01202	0.19562	0.07107	0.36473	0.02909	0.05327	0.05240	0.01047	0.00775	0.00239	0.00697	0.00840	0.00834	0.01229
9	0.01555	0.04011	0.68733	0.02210	0.03356	0.01801	0.02865	0.02455	0.01637	0.02455	0.01391	0.01637	0.00982	0.00737	0.00737	0.00246	0.01146	0.00573	0.00327	0.01146
10	0.00966	0.00739	0.00893	0.01006	0.01146	0.00666	0.00726	0.01146	0.01621	0.02058	0.05590	0.41543	0.28334	0.02226	0.00971	0.00299	0.00456	0.08247	0.00719	0.00648
11	0.01837	0.01833	0.04932	0.14060	0.46758	0.01838	0.05303	0.02508	0.08447	0.02520	0.01626	0.02042	0.01308	0.00740	0.00777	0.00240	0.00932	0.00717	0.00419	0.01162
12	0.01792	0.14092	0.22463	0.02659	0.03525	0.02094	0.37390	0.02450	0.01735	0.02369	0.01440	0.01828	0.01093	0.00678	0.00798	0.00242	0.01185	0.00739	0.00364	0.01066
13	0.02947	0.02172	0.02327	0.01784	0.02404	0.02404	0.01474	0.65329	0.03646	0.04887	0.01862	0.01862	0.01319	0.00931	0.00776	0.00233	0.00853	0.00698	0.00776	0.01319
14	0.00951	0.00680	0.00905	0.01075	0.01126	0.00634	0.00720	0.01096	0.01514	0.02027	0.06936	0.69446	0.05220	0.02394	0.00986	0.00312	0.00446	0.02170	0.00725	0.00634
15	0.10428	0.02010	0.03170	0.05095	0.08651	0.02083	0.26991	0.25708	0.02432	0.03466	0.01608	0.01902	0.01192	0.00771	0.00799	0.00246	0.01020	0.00754	0.00541	0.01133
16	0.10414	0.01866	0.01897	0.05618	0.02263	0.10701	0.01290	0.13875	0.14498	0.26103	0.02330	0.02219	0.01620	0.00916	0.00740	0.00239	0.00798	0.00706	0.00737	0.01171
17	0.01686	0.01799	0.03480	0.06683	0.03284	0.01916	0.38141	0.02146	0.01598	0.02223	0.01636	0.06996	0.01464	0.03632	0.01445	0.00303	0.19294	0.00939	0.00401	0.00934
18	0.62247	0.04407	0.01439	0.05251	0.01846	0.09575	0.01011	0.02357	0.01443	0.03148	0.01111	0.01322	0.00875	0.00730	0.00523	0.00234	0.00725	0.00445	0.00457	0.00854
19	0.01100	0.00799	0.01040	0.00998	0.01185	0.00739	0.00761	0.01457	0.02147	0.03008	0.60344	0.06075	0.09880	0.01641	0.00926	0.00253	0.00391	0.05692	0.00838	0.00727
20	0.05566	0.05678	0.01655	0.01367	0.01769	0.01748	0.01079	0.03467	0.46687	0.03102	0.02808	0.02716	0.02137	0.00984	0.00708	0.00240	0.00576	0.00797	0.15822	0.01095
21	0.00945	0.00675	0.00900	0.01080	0.01125	0.00630	0.00720	0.01080	0.01484	0.01979	0.04274	0.72245	0.05128	0.02429	0.00990	0.00315	0.00450	0.02204	0.00720	0.00630
22	0.02064	0.69008	0.03927	0.01341	0.01992	0.03001	0.01321	0.02428	0.05396	0.01908	0.01200	0.01341	0.01076	0.00686	0.00515	0.00172	0.00817	0.00442	0.00359	0.01009
23	0.00975	0.00745	0.00895	0.00948	0.01106	0.00665	0.00677	0.01192	0.01771	0.02317	0.22141	0.31843	0.27842	0.02043	0.00944	0.00277	0.00408	0.01792	0.00755	0.00665
24	0.01848	0.02434	0.18159	0.03004	0.08609	0.01899	0.40673	0.02500	0.01770	0.05546	0.01565	0.01986	0.01165	0.00723	0.00938	0.00258	0.04631	0.00806	0.00401	0.01085
25	0.01110	0.00820	0.01191	0.01191	0.01310	0.00939	0.00900	0.01349	0.01230	0.01759	0.02127	0.03326	0.02060	0.15052	0.60607	0.01178	0.01894	0.00872	0.00423	0.00662
26	0.02947	0.02172	0.02327	0.01784	0.02404	0.02404	0.01474	0.65329	0.03646	0.04887	0.01862	0.01862	0.01319	0.00931	0.00776	0.00233	0.00853	0.00698	0.00776	0.01319

[dist]
# distance from previous block
# <min> <max>
0	1

[block]
# block no. 4 follows, 25 sequences, length 59
# corresponding to MSA columns:
# 197-255
name=unknown_E
#
# <colnr> <probs for GDERKNQSTAVLIFYWHMCP>
#	G	D	E	R	K	N	Q	S	T	A	V	L	I	F	Y	W	H	M	C	P
0	0.01929	0.01666	0.01753	0.01578	0.02016	0.01929	0.01227	0.04120	0.66513	0.03243	0.03156	0.02893	0.02367	0.01052	0.00789	0.00263	0.00614	0.00877	0.00789	0.01227
1	0.00934	0.00783	0.00791	0.00791	0.01030	0.00663	0.00579	0.01114	0.01714	0.02045	0.07401	0.07262	0.62164	0.07903	0.01171	0.00303	0.00423	0.01594	0.00699	0.00639
2	0.01696	0.01696	0.02375	0.02036	0.02036	0.02375	0.01696	0.01866	0.01187	0.01866	0.01018	0.01696	0.01018	0.01357	0.02545	0.00339	0.71332	0.00679	0.00339	0.00848
3	0.02073	0.73217	0.04063	0.01327	0.01990	0.03068	0.01327	0.02322	0.01575	0.01824	0.01078	0.01244	0.00995	0.00663	0.00498	0.00166	0.00829	0.00415	0.00332	0.00995
4	0.01464	0.01378	0.02326	0.70887	0.05340	0.01723	0.02153	0.01981	0.01550	0.01981	0.01378	0.02067	0.01034	0.00775	0.00775	0.00258	0.01034	0.00689	0.00345	0.00861
5	0.01555	0.04011	0.68733	0.02210	0.03356	0.01801	0.02865	0.02455	0.01637	0.02455	0.01391	0.01637	0.00982	0.00737	0.00737	0.00246	0.01146	0.00573	0.00327	0.01146
6	0.00924	0.00786	0.00796	0.00794	0.01052	0.00658	0.00595	0.01128	0.01786	0.02139	0.10439	0.07390	0.64987	0.01947	0.00916	0.00261	0.00392	0.01626	0.00726	0.00658
7	0.01464	0.01378	0.02326	0.70887	0.05340	0.01723	0.02153	0.01981	0.01550	0.01981	0.01378	0.02067	0.01034	0.00775	0.00775	0.00258	0.01034	0.00689	0.00345	0.00861
8	0.01119	0.00748	0.00848	0.00857	0.00859	0.00746	0.00481	0.01125	0.01144	0.01526	0.02529	0.08214	0.02927	0.69464	0.03808	0.00731	0.00738	0.01178	0.00481	0.00477
9	0.02253	0.58058	0.03656	0.01473	0.02079	0.17584	0.01364	0.02491	0.01711	0.01840	0.01104	0.01277	0.00996	0.00693	0.00541	0.00173	0.00953	0.00433	0.00346	0.00974
10	0.02859	0.03556	0.02184	0.01972	0.02382	0.64388	0.01486	0.05444	0.04871	0.02063	0.01303	0.01476	0.01066	0.00814	0.00706	0.00204	0.01346	0.00522	0.00429	0.00928
11	0.78228	0.01499	0.01140	0.01020	0.01499	0.01739	0.00840	0.02279	0.01320	0.03479	0.01080	0.01260	0.00840	0.00720	0.00480	0.00240	0.00600	0.00420	0.00480	0.00840
12	0.01347	0.00673	0.01010	0.01010	0.01010	0.00673	0.00673	0.01010	0.01010	0.01347	0.01347	0.02357	0.01347	0.02694	0.03030	0.77441	0.00673	0.00673	0.00337	0.00337
13	0.00934	0.00791	0.00809	0.00819	0.01076	0.00667	0.00623	0.01138	0.01768	0.02106	0.07661	0.07528	0.64343	0.01973	0.00924	0.00267	0.00409	0.04786	0.00720	0.00658
14	0.00928	0.00786	0.00801	0.00798	0.01054	0.00659	0.00598	0.01135	0.01794	0.02159	0.11633	0.07356	0.63781	0.01940	0.00916	0.00261	0.00391	0.01622	0.00728	0.00659
15	0.01919	0.01842	0.03147	0.04759	0.67914	0.01842	0.02380	0.02380	0.01765	0.02533	0.01458	0.01919	0.01228	0.00691	0.00768	0.00230	0.00921	0.00691	0.00384	0.01228
16	0.00916	0.00785	0.00785	0.00785	0.01047	0.00655	0.00589	0.01113	0.01767	0.02095	0.07855	0.07462	0.67599	0.01964	0.00916	0.00262	0.00393	0.01636	0.00720	0.00655
17	0.78228	0.01499	0.01140	0.01020	0.01499	0.01739	0.00840	0.02279	0.01320	0.03479	0.01080	0.01260	0.00840	0.00720	0.00480	0.00240	0.00600	0.00420	0.00480	0.00840
18	0.01464	0.01378	0.02326	0.70887	0.05340	0.01723	0.02153	0.01981	0.01550	0.01981	0.01378	0.02067	0.01034	0.00775	0.00775	0.00258	0.01034	0.00689	0.00345	0.00861
19	0.78228	0.01499	0.01140	0.01020	0.01499	0.01739	0.00840	0.02279	0.01320	0.03479	0.01080	0.01260	0.00840	0.00720	0.00480	0.00240	0.00600	0.00420	0.00480	0.00840
20	0.00945	0.00675	0.00900	0.01080	0.01125	0.00630	0.00720	0.01080	0.01484	0.01979	0.04274	0.72245	0.05128	0.02429	0.00990	0.00315	0.00450	0.02204	0.00720	0.00630
21	0.02073	0.73217	0.04063	0.01327	0.01990	0.03068	0.01327	0.02322	0.01575	0.01824	0.01078	0.01244	0.00995	0.00663	0.00498	0.00166	0.00829	0.00415	0.00332	0.00995
22	0.01108	0.00831	0.01246	0.01246	0.01385	0.00969	0.00969	0.01385	0.01246	0.01800	0.02077	0.03046	0.01938	0.05815	0.69678	0.01246	0.02077	0.00831	0.00415	0.00692
23	0.01126	0.00757	0.00871	0.00871	0.00880	0.00765	0.00501	0.01144	0.01135	0.01522	0.02420	0.04946	0.02763	0.68511	0.08110	0.00783	0.00836	0.01109	0.00466	0.00484
24	0.01919	0.01842	0.03147	0.04759	0.67914	0.01842	0.02380	0.02380	0.01765	0.02533	0.01458	0.01919	0.01228	0.00691	0.00768	0.00230	0.00921	0.00691	0.00384	0.01228
25	0.01762	0.01682	0.02863	0.27646	0.46257	0.01801	0.02301	0.02242	0.01691	0.02342	0.01431	0.01970	0.01161	0.00720	0.00770	0.00240	0.00960	0.00690	0.00370	0.01101
26	0.01621	0.01390	0.01614	0.01166	0.01845	0.01071	0.00932	0.02043	0.04316	0.02556	0.01452	0.01661	0.01199	0.00594	0.00583	0.00121	0.00576	0.00477	0.00473	0.74308
27	0.01914	0.01856	0.03227	0.04676	0.64350	0.01849	0.05880	0.02385	0.01769	0.02530	0.01465	0.01929	0.01225	0.00689	0.00776	0.00232	0.00943	0.00703	0.00384	0.01218
28	0.73459	0.01542	0.01215	0.01068	0.01557	0.01782	0.00880	0.06273	0.01467	0.03568	0.01129	0.01298	0.00870	0.00733	0.00499	0.00239	0.00616	0.00437	0.00499	0.00870
29	0.01490	0.01404	0.02371	0.67196	0.08833	0.01729	0.02166	0.02003	0.01562	0.02012	0.01383	0.02059	0.01044	0.00770	0.00775	0.00257	0.01027	0.00689	0.00347	0.00882
30	0.01128	0.00752	0.00846	0.00846	0.00846	0.00752	0.00470	0.01128	0.01128	0.01503	0.02443	0.05074	0.02819	0.72751	0.03946	0.00752	0.00752	0.01128	0.00470	0.00470
31	0.02933	0.02094	0.02267	0.01749	0.02359	0.02302	0.01441	0.58564	0.06499	0.08836	0.01998	0.01959	0.01406	0.00938	0.00777	0.00235	0.00830	0.00712	0.00788	0.01314
32	0.00973	0.00788	0.00864	0.00845	0.01082	0.00679	0.00634	0.01222	0.01901	0.02411	0.26470	0.06941	0.48786	0.01846	0.00916	0.00256	0.00384	0.01563	0.00762	0.00679
33	0.78228	0.01499	0.01140	0.01020	0.01499	0.01739	0.00840	0.02279	0.01320	0.03479	0.01080	0.01260	0.00840	0.00720	0.00480	0.00240	0.00600	0.00420	0.00480	0.00840
34	0.01108	0.00831	0.01246	0.01246	0.01385	0.00969	0.00969	0.01385	0.01246	0.01800	0.02077	0.03046	0.01938	0.05815	0.69678	0.01246	0.02077	0.00831	0.00415	0.00692
35	0.01445	0.00723	0.00723	0.00723	0.00903	0.00723	0.00542	0.01807	0.01626	0.02891	0.02529	0.02891	0.01987	0.00903	0.00542	0.00181	0.00361	0.00723	0.77055	0.00723
36	0.02073	0.73217	0.04063	0.01327	0.01990	0.03068	0.01327	0.02322	0.01575	0.01824	0.01078	0.01244	0.00995	0.00663	0.00498	0.00166	0.00829	0.00415	0.00332	0.00995
37	0.01110	0.00823	0.01205	0.01205	0.01329	0.00947	0.00918	0.01358	0.01234	0.01769	0.02114	0.03254	0.02029	0.12685	0.62932	0.01195	0.01941	0.00861	0.00421	0.00669
38	0.02073	0.73217	0.04063	0.01327	0.01990	0.03068	0.01327	0.02322	0.01575	0.01824	0.01078	0.01244	0.00995	0.00663	0.00498	0.00166	0.00829	0.00415	0.00332	0.00995
39	0.00953	0.00678	0.00897	0.01069	0.01111	0.00636	0.00708	0.01082	0.01468	0.01957	0.04187	0.69067	0.05019	0.05756	0.01130	0.00336	0.00464	0.02153	0.00708	0.00622
40	0.01464	0.01378	0.02326	0.70887	0.05340	0.01723	0.02153	0.01981	0.01550	0.01981	0.01378	0.02067	0.01034	0.00775	0.00775	0.00258	0.01034	0.00689	0.00345	0.00861
41	0.01712	0.02241	0.14934	0.02724	0.03502	0.01753	0.44210	0.02351	0.01758	0.02482	0.01685	0.04880	0.01344	0.00748	0.00845	0.00247	0.01146	0.00869	0.04353	0.06216
42	0.01445	0.00723	0.00723	0.00723	0.00903	0.00723	0.00542	0.01807	0.01626	0.02891	0.02529	0.02891	0.01987	0.00903	0.00542	0.00181	0.00361	0.00723	0.77055	0.00723
43	0.01762	0.01889	0.03449	0.02637	0.03020	0.02173	0.32649	0.02168	0.01501	0.02168	0.01287	0.01889	0.01095	0.01014	0.01749	0.00301	0.37146	0.00794	0.00365	0.00945
44	0.01571	0.03916	0.65864	0.02321	0.06181	0.01803	0.02844	0.02452	0.01643	0.02459	0.01394	0.01649	0.00993	0.00735	0.00738	0.00245	0.01136	0.00578	0.00330	0.01149
45	0.01929	0.01666	0.01753	0.01578	0.02016	0.01929	0.01227	0.04120	0.66513	0.03243	0.03156	0.02893	0.02367	0.01052	0.00789	0.00263	0.00614	0.00877	0.00789	0.01227
46	0.02153	0.01834	0.01876	0.01632	0.02102	0.04522	0.01283	0.15400	0.52509	0.03497	0.02844	0.02647	0.02122	0.01020	0.00783	0.00255	0.00687	0.00830	0.00772	0.01232
47	0.01097	0.00793	0.01036	0.00975	0.01158	0.00732	0.00732	0.01463	0.02195	0.03109	0.67505	0.05792	0.07316	0.01585	0.00914	0.00244	0.00366	0.01402	0.00854	0.00732
48	0.02046	0.69647	0.07399	0.01372	0.02060	0.03003	0.01406	0.02329	0.01579	0.01857	0.01094	0.01264	0.00994	0.00667	0.00510	0.00170	0.00846	0.00423	0.00331	0.01003
49	0.00974	0.00788	0.00866	0.00846	0.01083	0.00679	0.00635	0.01225	0.01904	0.02419	0.26907	0.06928	0.48345	0.01843	0.00916	0.00256	0.00384	0.01562	0.00763	0.00679
50	0.01128	0.00752	0.00846	0.00846	0.00846	0.00752	0.00470	0.01128	0.01128	0.01503	0.02443	0.05074	0.02819	0.72751	0.03946	0.00752	0.00752	0.01128	0.00470	0.00470
51	0.01696	0.01696	0.02375	0.02036	0.02036	0.02375	0.01696	0.01866	0.01187	0.01866	0.01018	0.01696	0.01018	0.01357	0.02545	0.00339	0.71332	0.00679	0.00339	0.00848
52	0.02087	0.01699	0.01865	0.01725	0.04930	0.01927	0.01294	0.09163	0.55364	0.06435	0.02968	0.02752	0.02208	0.01022	0.00786	0.00258	0.00649	0.00849	0.00778	0.01239
53	0.01919	0.01842	0.03147	0.04759	0.67914	0.01842	0.02380	0.02380	0.01765	0.02533	0.01458	0.01919	0.01228	0.00691	0.00768	0.00230	0.00921	0.00691	0.00384	0.01228
54	0.01696	0.01696	0.02375	0.02036	0.02036	0.02375	0.01696	0.01866	0.01187	0.01866	0.01018	0.01696	0.01018	0.01357	0.02545	0.00339	0.71332	0.00679	0.00339	0.00848
55	0.01929	0.01666	0.01753	0.01578	0.02016	0.01929	0.01227	0.04120	0.66513	0.03243	0.03156	0.02893	0.02367	0.01052	0.00789	0.00263	0.00614	0.00877	0.00789	0.01227
56	0.01855	0.01777	0.03032	0.14036	0.59136	0.01825	0.02348	0.02324	0.01735	0.02456	0.01447	0.01940	0.01201	0.00703	0.00769	0.00234	0.00937	0.00691	0.00378	0.01177
