[name]
unknown

[dist]
# distance from previous block
# <min> <max>
0	149

[block]
# block no. 0 follows, 24 sequences, length 11
# corresponding to MSA columns:
# 150-160
name=unknown_A
#
# <colnr> <probs for GDERKNQSTAVLIFYWHMCP>
#	G	D	E	R	K	N	Q	S	T	A	V	L	I	F	Y	W	H	M	C	P
0	0.01278	0.00913	0.01278	0.01460	0.01643	0.00913	0.01278	0.01643	0.01825	0.02373	0.04199	0.08945	0.04564	0.02191	0.01095	0.00365	0.00730	0.61847	0.00730	0.00730
1	0.02198	0.02505	0.02604	0.12992	0.09789	0.27438	0.06494	0.02506	0.01775	0.02058	0.01258	0.01732	0.01071	0.00954	0.01290	0.00262	0.21102	0.00646	0.00380	0.00945
2	0.01110	0.00801	0.01049	0.01006	0.01182	0.00740	0.00747	0.01465	0.02186	0.03086	0.61716	0.11241	0.07301	0.01691	0.00942	0.00255	0.00381	0.01500	0.00862	0.00740
3	0.00966	0.00690	0.00920	0.01104	0.01150	0.00644	0.00736	0.01104	0.01518	0.02024	0.04371	0.71614	0.05245	0.02484	0.01012	0.00322	0.00460	0.02254	0.00736	0.00644
4	0.00966	0.00690	0.00920	0.01104	0.01150	0.00644	0.00736	0.01104	0.01518	0.02024	0.04371	0.71614	0.05245	0.02484	0.01012	0.00322	0.00460	0.02254	0.00736	0.00644
5	0.00966	0.00690	0.00920	0.01104	0.01150	0.00644	0.00736	0.01104	0.01518	0.02024	0.04371	0.71614	0.05245	0.02484	0.01012	0.00322	0.00460	0.02254	0.00736	0.00644
6	0.01963	0.01884	0.03219	0.04867	0.67185	0.01884	0.02434	0.02434	0.01806	0.02591	0.01492	0.01963	0.01256	0.00707	0.00785	0.00236	0.00942	0.00707	0.00393	0.01256
7	0.01632	0.09481	0.63007	0.02189	0.03322	0.01943	0.02806	0.02501	0.01669	0.02461	0.01398	0.01643	0.01006	0.00748	0.00734	0.00245	0.01147	0.00573	0.00335	0.01160
8	0.01755	0.01475	0.01704	0.01227	0.01926	0.01171	0.00986	0.07060	0.01813	0.02779	0.01449	0.01665	0.01189	0.00617	0.00604	0.00127	0.00610	0.00490	0.00496	0.70857
9	0.01697	0.01665	0.02572	0.50456	0.20090	0.05820	0.02218	0.02192	0.01678	0.02156	0.01418	0.02037	0.01103	0.00774	0.00786	0.00254	0.01052	0.00694	0.00365	0.00973
10	0.01986	0.36034	0.33100	0.01773	0.02671	0.02399	0.02060	0.02549	0.01689	0.07097	0.01400	0.01562	0.01083	0.00735	0.00642	0.00212	0.00983	0.00526	0.00385	0.01113

[dist]
# distance from previous block
# <min> <max>
0	1

[block]
# block no. 1 follows, 24 sequences, length 63
# corresponding to MSA columns:
# 162-224
name=unknown_B
#
# <colnr> <probs for GDERKNQSTAVLIFYWHMCP>
#	G	D	E	R	K	N	Q	S	T	A	V	L	I	F	Y	W	H	M	C	P
0	0.13586	0.21397	0.31813	0.01891	0.05494	0.04167	0.02020	0.02552	0.01670	0.06744	0.01398	0.01582	0.01060	0.00746	0.00652	0.00226	0.00966	0.00536	0.00407	0.01091
1	0.02780	0.07789	0.02607	0.01845	0.02465	0.02405	0.05671	0.52479	0.03316	0.04423	0.01847	0.02020	0.01383	0.04180	0.00929	0.00259	0.00897	0.00726	0.00716	0.01263
2	0.63652	0.01910	0.10055	0.01246	0.01834	0.01824	0.01167	0.05711	0.01521	0.03497	0.01189	0.01372	0.00904	0.00750	0.00542	0.00246	0.00701	0.00465	0.00486	0.00927
3	0.02116	0.01514	0.01760	0.01317	0.01958	0.01317	0.01061	0.14362	0.02134	0.11618	0.02063	0.04455	0.03713	0.00825	0.00682	0.00170	0.00644	0.00664	0.00619	0.47010
4	0.02120	0.72609	0.04155	0.01357	0.02035	0.03138	0.01357	0.02374	0.01611	0.01866	0.01102	0.01272	0.01018	0.00678	0.00509	0.00170	0.00848	0.00424	0.00339	0.01018
5	0.01688	0.01435	0.01668	0.01195	0.01898	0.01102	0.00958	0.04004	0.01711	0.02661	0.01425	0.01653	0.01180	0.00599	0.00594	0.00121	0.00596	0.00478	0.00480	0.74552
6	0.01133	0.00850	0.01274	0.01274	0.01416	0.00991	0.00991	0.01416	0.01274	0.01841	0.02124	0.03115	0.01982	0.05947	0.68989	0.01274	0.02124	0.00850	0.00425	0.00708
7	0.01123	0.01009	0.00972	0.00971	0.01225	0.05289	0.00740	0.01355	0.01879	0.02262	0.13861	0.09196	0.48662	0.01914	0.00937	0.00271	0.00496	0.06408	0.00729	0.00699
8	0.01951	0.01909	0.03341	0.04522	0.56084	0.01904	0.10339	0.02529	0.04751	0.02618	0.01586	0.02031	0.01303	0.00719	0.00805	0.00241	0.00978	0.00745	0.00413	0.01232
9	0.01681	0.03975	0.64984	0.02221	0.03367	0.01811	0.02849	0.02573	0.01702	0.05506	0.01501	0.01721	0.01049	0.00764	0.00755	0.00251	0.01149	0.00596	0.00365	0.01180
10	0.00987	0.00705	0.00944	0.01128	0.01183	0.00662	0.00773	0.01140	0.01539	0.02048	0.04359	0.67399	0.05199	0.02465	0.01018	0.00325	0.00478	0.06262	0.00736	0.00650
11	0.10089	0.05038	0.16096	0.01584	0.02298	0.01555	0.01541	0.05585	0.06348	0.38154	0.02444	0.02271	0.01619	0.00901	0.00747	0.00245	0.00787	0.00704	0.00750	0.01244
12	0.02796	0.02083	0.02155	0.01727	0.02280	0.06633	0.01395	0.45178	0.08419	0.09475	0.02275	0.07927	0.01794	0.01085	0.00808	0.00246	0.00839	0.00852	0.00779	0.01252
13	0.01476	0.01222	0.01743	0.09965	0.02064	0.01502	0.03508	0.01767	0.01473	0.02244	0.06253	0.06648	0.02143	0.05961	0.08028	0.00403	0.24402	0.00895	0.17515	0.00788
14	0.77733	0.01534	0.01166	0.01043	0.01534	0.01779	0.00859	0.02331	0.01350	0.03558	0.01104	0.01288	0.00859	0.00736	0.00491	0.00245	0.00613	0.00429	0.00491	0.00859
15	0.01555	0.01498	0.02072	0.01838	0.01861	0.02015	0.01496	0.01723	0.01301	0.01942	0.02012	0.14524	0.05343	0.01617	0.02229	0.00338	0.54356	0.01025	0.00437	0.00817
16	0.02053	0.01947	0.02790	0.08275	0.42253	0.05743	0.02088	0.06857	0.12566	0.02776	0.01774	0.02098	0.01423	0.00817	0.00841	0.00245	0.03037	0.00727	0.00485	0.01206
17	0.06274	0.01356	0.01816	0.01397	0.02006	0.01188	0.01154	0.03808	0.02236	0.65384	0.03054	0.02647	0.01923	0.00972	0.00786	0.00245	0.00673	0.00784	0.00964	0.01332
18	0.02099	0.01675	0.01797	0.01598	0.02059	0.01908	0.01248	0.04186	0.60666	0.08479	0.03220	0.02938	0.02384	0.01068	0.00806	0.00267	0.00631	0.00889	0.00821	0.01263
19	0.00966	0.00690	0.00920	0.01104	0.01150	0.00644	0.00736	0.01104	0.01518	0.02024	0.04371	0.71614	0.05245	0.02484	0.01012	0.00322	0.00460	0.02254	0.00736	0.00644
20	0.00948	0.00792	0.00827	0.00843	0.01084	0.00670	0.00623	0.01150	0.01797	0.02176	0.10270	0.14201	0.57816	0.02040	0.00945	0.00273	0.00406	0.01723	0.00742	0.00670
21	0.01644	0.01409	0.01644	0.01175	0.01879	0.01057	0.00940	0.01997	0.01644	0.02584	0.01409	0.01644	0.01175	0.00587	0.00587	0.00117	0.00587	0.00470	0.00470	0.76979
22	0.01444	0.00882	0.01163	0.01052	0.01296	0.00803	0.00803	0.01809	0.02248	0.11700	0.58367	0.05498	0.06754	0.01537	0.00917	0.00249	0.00414	0.01350	0.00887	0.00828
23	0.00966	0.00690	0.00920	0.01104	0.01150	0.00644	0.00736	0.01104	0.01518	0.02024	0.04371	0.71614	0.05245	0.02484	0.01012	0.00322	0.00460	0.02254	0.00736	0.00644
24	0.03014	0.02221	0.02380	0.01825	0.02459	0.02459	0.01507	0.64541	0.03728	0.04998	0.01904	0.01904	0.01349	0.00952	0.00793	0.00238	0.00873	0.00714	0.00793	0.01349
25	0.01152	0.00772	0.00880	0.00880	0.00885	0.00777	0.00499	0.01163	0.01158	0.01548	0.02485	0.05115	0.02851	0.69752	0.06371	0.00787	0.00818	0.01142	0.00478	0.00489
26	0.01937	0.01913	0.06476	0.13050	0.49669	0.01846	0.02320	0.02534	0.05407	0.04794	0.01632	0.02049	0.01307	0.00751	0.00786	0.00242	0.00943	0.00714	0.00428	0.01205
27	0.01302	0.00885	0.00986	0.00942	0.00993	0.00904	0.00563	0.06232	0.01360	0.01815	0.02451	0.04926	0.02760	0.66428	0.03776	0.00726	0.00777	0.01118	0.00506	0.00550
28	0.01114	0.00810	0.01049	0.00989	0.01180	0.00745	0.00742	0.01481	0.02225	0.03134	0.64155	0.05999	0.10122	0.01638	0.00935	0.00250	0.00375	0.01445	0.00867	0.00745
29	0.03033	0.02191	0.02361	0.01810	0.02444	0.02415	0.01495	0.62447	0.03678	0.07163	0.01946	0.01931	0.01370	0.00953	0.00793	0.00238	0.00866	0.00717	0.00800	0.01349
30	0.01081	0.00719	0.00961	0.01118	0.01189	0.00667	0.00755	0.01227	0.01552	0.04946	0.04315	0.68550	0.05099	0.02418	0.01003	0.00319	0.00470	0.02190	0.00747	0.00675
31	0.02736	0.09325	0.10098	0.02005	0.02533	0.53495	0.01681	0.05137	0.02180	0.02107	0.01262	0.01462	0.01030	0.00803	0.00706	0.00208	0.01334	0.00520	0.00408	0.00972
32	0.01805	0.01910	0.10494	0.05774	0.02357	0.01816	0.01481	0.03576	0.46858	0.03119	0.09449	0.03045	0.02675	0.01073	0.00812	0.00264	0.00699	0.00900	0.00724	0.01169
33	0.00981	0.00696	0.00916	0.01086	0.01128	0.00654	0.00716	0.01108	0.01490	0.01987	0.04227	0.66502	0.05063	0.07844	0.01245	0.00356	0.00484	0.02170	0.00716	0.00632
34	0.02868	0.01981	0.02166	0.01685	0.02255	0.02161	0.01379	0.52746	0.03343	0.09228	0.02000	0.02052	0.01434	0.01061	0.00919	0.04861	0.00819	0.00720	0.05069	0.01254
35	0.01938	0.38959	0.28891	0.01850	0.02715	0.05504	0.05540	0.02472	0.01679	0.02158	0.01261	0.01484	0.01023	0.00713	0.00637	0.00208	0.01027	0.00520	0.00344	0.01076
36	0.01901	0.01821	0.03108	0.13494	0.59038	0.01868	0.02403	0.02380	0.01777	0.02516	0.01481	0.01983	0.01230	0.00718	0.00786	0.00239	0.00957	0.00706	0.00387	0.01207
37	0.00983	0.00709	0.00931	0.01079	0.01151	0.00657	0.00732	0.01150	0.01613	0.02160	0.11588	0.61464	0.08113	0.02366	0.01000	0.00312	0.00448	0.02137	0.00752	0.00657
38	0.01155	0.00799	0.00962	0.05073	0.01171	0.00816	0.00610	0.01201	0.01216	0.01616	0.02622	0.11718	0.03012	0.60788	0.03535	0.00693	0.00755	0.01237	0.00499	0.00521
39	0.01793	0.02192	0.09404	0.05570	0.03910	0.01954	0.51277	0.02430	0.01796	0.02465	0.01658	0.04748	0.01328	0.00788	0.01009	0.00272	0.05021	0.00937	0.00404	0.01044
40	0.01666	0.01429	0.01654	0.01204	0.01892	0.01119	0.00961	0.02146	0.05956	0.02633	0.01532	0.01733	0.01258	0.00620	0.00602	0.00128	0.00590	0.00499	0.00492	0.71886
41	0.01610	0.06630	0.65665	0.02227	0.03381	0.01889	0.02872	0.02506	0.01672	0.02487	0.01411	0.01659	0.01005	0.00751	0.00744	0.00248	0.01160	0.00580	0.00335	0.01166
42	0.01879	0.01955	0.07017	0.13336	0.55193	0.01865	0.02433	0.02385	0.01769	0.02511	0.01477	0.01965	0.01215	0.00721	0.00784	0.00240	0.00971	0.00699	0.00384	0.01201
43	0.01472	0.01327	0.01840	0.01647	0.01683	0.01750	0.01309	0.01641	0.01218	0.01821	0.01591	0.02738	0.01628	0.15891	0.19760	0.00662	0.40055	0.00820	0.00392	0.00754
44	0.73259	0.01522	0.01206	0.01065	0.01563	0.01742	0.00877	0.02424	0.01405	0.07429	0.01226	0.01373	0.00925	0.00751	0.00509	0.00245	0.00617	0.00452	0.00520	0.00888
45	0.77733	0.01534	0.01166	0.01043	0.01534	0.01779	0.00859	0.02331	0.01350	0.03558	0.01104	0.01288	0.00859	0.00736	0.00491	0.00245	0.00613	0.00429	0.00491	0.00859
46	0.00966	0.00690	0.00920	0.01104	0.01150	0.00644	0.00736	0.01104	0.01518	0.02024	0.04371	0.71614	0.05245	0.02484	0.01012	0.00322	0.00460	0.02254	0.00736	0.00644
47	0.00947	0.00804	0.00817	0.00814	0.01077	0.00674	0.00610	0.01157	0.01831	0.02198	0.11202	0.07539	0.63659	0.01987	0.00937	0.00267	0.00400	0.01661	0.00744	0.00674
48	0.01153	0.00769	0.00865	0.00865	0.00865	0.00769	0.00480	0.01153	0.01153	0.01538	0.02499	0.05189	0.02883	0.72131	0.04036	0.00769	0.00769	0.01153	0.00480	0.00480
49	0.02056	0.01745	0.01840	0.01631	0.02094	0.02011	0.01275	0.09047	0.60783	0.03452	0.03121	0.02874	0.02335	0.01066	0.00806	0.00266	0.00647	0.00882	0.00806	0.01263
50	0.03014	0.02221	0.02380	0.01825	0.02459	0.02459	0.01507	0.64541	0.03728	0.04998	0.01904	0.01904	0.01349	0.00952	0.00793	0.00238	0.00873	0.00714	0.00793	0.01349
51	0.01644	0.01409	0.01644	0.01175	0.01879	0.01057	0.00940	0.01997	0.01644	0.02584	0.01409	0.01644	0.01175	0.00587	0.00587	0.00117	0.00587	0.00470	0.00470	0.76979
52	0.01498	0.01409	0.02378	0.70226	0.05462	0.01762	0.02202	0.02026	0.01586	0.02026	0.01409	0.02114	0.01057	0.00793	0.00793	0.00264	0.01057	0.00705	0.00352	0.00881
53	0.03558	0.01350	0.01840	0.01411	0.02024	0.01166	0.01166	0.03865	0.02270	0.67734	0.03128	0.02699	0.01963	0.00981	0.00797	0.00245	0.00675	0.00797	0.00981	0.01350
54	0.01122	0.00811	0.01060	0.00998	0.01185	0.00748	0.00748	0.01496	0.02245	0.03180	0.66766	0.05923	0.07482	0.01621	0.00935	0.00249	0.00374	0.01434	0.00873	0.00748
55	0.01590	0.04102	0.68023	0.02260	0.03432	0.01842	0.02930	0.02511	0.01674	0.02511	0.01423	0.01674	0.01005	0.00753	0.00753	0.00251	0.01172	0.00586	0.00335	0.01172
56	0.03558	0.01350	0.01840	0.01411	0.02024	0.01166	0.01166	0.03865	0.02270	0.67734	0.03128	0.02699	0.01963	0.00981	0.00797	0.00245	0.00675	0.00797	0.00981	0.01350
57	0.01260	0.00841	0.01104	0.01021	0.01232	0.00772	0.00772	0.01631	0.02246	0.06835	0.63163	0.05741	0.07170	0.01585	0.00927	0.00249	0.00391	0.01398	0.00879	0.00782
58	0.01906	0.01898	0.05870	0.19060	0.46753	0.01890	0.02349	0.06093	0.01867	0.02607	0.01495	0.01980	0.01206	0.00743	0.00786	0.00243	0.00974	0.00701	0.00405	0.01175
59	0.01622	0.01155	0.01518	0.01645	0.05263	0.01183	0.01302	0.07051	0.08016	0.06362	0.03863	0.09824	0.06066	0.01844	0.01001	0.00327	0.00716	0.39616	0.00739	0.00887
60	0.01558	0.00816	0.00824	0.00795	0.01003	0.00828	0.00604	0.05099	0.01770	0.03062	0.02551	0.02902	0.01997	0.00925	0.00567	0.00188	0.00396	0.00738	0.72606	0.00771
61	0.00972	0.00700	0.00922	0.01088	0.01149	0.00649	0.00731	0.01122	0.01560	0.02078	0.07160	0.66368	0.07707	0.02429	0.01006	0.00317	0.00454	0.02197	0.00742	0.00649
62	0.09552	0.14451	0.51208	0.01994	0.03019	0.02036	0.02472	0.02471	0.01631	0.02520	0.01340	0.01572	0.00991	0.00740	0.00688	0.00238	0.01064	0.00545	0.00352	0.01116

[dist]
# distance from previous block
# <min> <max>
0	3

[block]
# block no. 2 follows, 24 sequences, length 7
# corresponding to MSA columns:
# 228-234
name=unknown_C
#
# <colnr> <probs for GDERKNQSTAVLIFYWHMCP>
#	G	D	E	R	K	N	Q	S	T	A	V	L	I	F	Y	W	H	M	C	P
0	0.07973	0.08231	0.17252	0.08840	0.13054	0.11829	0.04985	0.07806	0.01975	0.04959	0.04703	0.01952	0.01435	0.00816	0.00739	0.00235	0.01019	0.00657	0.00461	0.01079
1	0.01582	0.01507	0.02541	0.42066	0.16156	0.01766	0.05485	0.02040	0.01601	0.02148	0.01653	0.07980	0.01458	0.00971	0.00990	0.00272	0.07602	0.00849	0.00395	0.00939
2	0.01655	0.01503	0.02428	0.36470	0.16081	0.01697	0.05011	0.04790	0.05824	0.02449	0.04464	0.03105	0.01874	0.00996	0.00841	0.00270	0.00948	0.08138	0.00475	0.00980
3	0.08226	0.08552	0.43730	0.02128	0.03042	0.02030	0.06812	0.05359	0.01709	0.02615	0.01371	0.01661	0.01027	0.00810	0.00903	0.00254	0.07689	0.00602	0.00376	0.01106
4	0.01641	0.03284	0.46601	0.02787	0.18738	0.01759	0.02625	0.02406	0.01754	0.02587	0.06973	0.02104	0.01614	0.00815	0.00776	0.00247	0.01049	0.00687	0.00394	0.01157
5	0.01377	0.00689	0.01033	0.01033	0.01033	0.00689	0.00689	0.01033	0.01033	0.01377	0.01377	0.02410	0.01377	0.02755	0.03099	0.76928	0.00689	0.00689	0.00344	0.00344
6	0.02496	0.23046	0.12535	0.02004	0.05013	0.23656	0.01738	0.08065	0.08789	0.02563	0.01648	0.01853	0.01346	0.00901	0.00744	0.00240	0.01108	0.00612	0.00503	0.01142

[dist]
# distance from previous block
# <min> <max>
0	1

[block]
# block no. 3 follows, 24 sequences, length 48
# corresponding to MSA columns:
# 236-283
name=unknown_D
#
# <colnr> <probs for GDERKNQSTAVLIFYWHMCP>
#	G	D	E	R	K	N	Q	S	T	A	V	L	I	F	Y	W	H	M	C	P
0	0.09041	0.01877	0.01914	0.01534	0.02055	0.07174	0.01232	0.31543	0.02744	0.18033	0.02351	0.02498	0.03984	0.06567	0.01015	0.00279	0.00809	0.00763	0.03427	0.01159
1	0.01290	0.00872	0.01112	0.01080	0.01287	0.00818	0.00808	0.01696	0.05300	0.07157	0.40574	0.18671	0.10561	0.01768	0.00941	0.00270	0.00439	0.03734	0.00835	0.00787
2	0.01913	0.01833	0.03129	0.11878	0.60564	0.01871	0.02409	0.02390	0.01782	0.02530	0.01483	0.01979	0.01235	0.00716	0.00786	0.00239	0.00954	0.00706	0.00388	0.01216
3	0.02081	0.67567	0.08856	0.01423	0.02138	0.03042	0.01473	0.02385	0.01616	0.01913	0.01126	0.01302	0.01017	0.00684	0.00527	0.00176	0.00872	0.00436	0.00339	0.01029
4	0.01919	0.01881	0.03333	0.09330	0.55286	0.01890	0.09791	0.02417	0.01798	0.02545	0.01499	0.01994	0.01236	0.00708	0.00804	0.00241	0.00997	0.00734	0.00391	0.01207
5	0.01377	0.00689	0.01033	0.01033	0.01033	0.00689	0.00689	0.01033	0.01033	0.01377	0.01377	0.02410	0.01377	0.02755	0.03099	0.76928	0.00689	0.00689	0.00344	0.00344
6	0.02919	0.03698	0.02289	0.02164	0.05221	0.66078	0.01571	0.03135	0.02228	0.01969	0.01237	0.01453	0.01031	0.00812	0.00718	0.00206	0.01409	0.00519	0.00408	0.00934
7	0.02372	0.01939	0.04981	0.07366	0.04304	0.09867	0.01465	0.12498	0.17678	0.14930	0.07069	0.03062	0.02311	0.01081	0.00818	0.00256	0.00830	0.05321	0.00716	0.01136
8	0.02012	0.02007	0.03079	0.09278	0.57437	0.07430	0.02343	0.02465	0.01827	0.02497	0.01464	0.01929	0.01223	0.00722	0.00780	0.00235	0.00991	0.00690	0.00391	0.01202
9	0.02615	0.01953	0.02174	0.01716	0.02254	0.02145	0.01401	0.44939	0.05847	0.06159	0.02060	0.06891	0.01650	0.01072	0.00942	0.00244	0.06584	0.00811	0.00731	0.07813
10	0.01119	0.00882	0.01019	0.00972	0.01212	0.00818	0.00732	0.01579	0.07331	0.02780	0.38205	0.06355	0.30619	0.01730	0.00925	0.00258	0.00406	0.01485	0.00813	0.00759
11	0.01133	0.00850	0.01274	0.01274	0.01416	0.00991	0.00991	0.01416	0.01274	0.01841	0.02124	0.03115	0.01982	0.05947	0.68989	0.01274	0.02124	0.00850	0.00425	0.00708
12	0.01122	0.00811	0.01060	0.00998	0.01185	0.00748	0.00748	0.01496	0.02245	0.03180	0.66766	0.05923	0.07482	0.01621	0.00935	0.00249	0.00374	0.01434	0.00873	0.00748
13	0.01122	0.00811	0.01060	0.00998	0.01185	0.00748	0.00748	0.01496	0.02245	0.03180	0.66766	0.05923	0.07482	0.01621	0.00935	0.00249	0.00374	0.01434	0.00873	0.00748
14	0.77733	0.01534	0.01166	0.01043	0.01534	0.01779	0.00859	0.02331	0.01350	0.03558	0.01104	0.01288	0.00859	0.00736	0.00491	0.00245	0.00613	0.00429	0.00491	0.00859
15	0.01945	0.01858	0.03120	0.07203	0.61807	0.01884	0.02370	0.02501	0.04772	0.02603	0.01569	0.02015	0.01303	0.00727	0.00786	0.00238	0.00932	0.00715	0.00410	0.01242
16	0.03558	0.01350	0.01840	0.01411	0.02024	0.01166	0.01166	0.03865	0.02270	0.67734	0.03128	0.02699	0.01963	0.00981	0.00797	0.00245	0.00675	0.00797	0.00981	0.01350
17	0.01972	0.01703	0.01793	0.01614	0.02062	0.01972	0.01255	0.04214	0.65752	0.03317	0.03228	0.02959	0.02421	0.01076	0.00807	0.00269	0.00628	0.00897	0.00807	0.01255
18	0.06162	0.01388	0.01836	0.01413	0.02023	0.01234	0.01167	0.06005	0.02290	0.63194	0.03013	0.02620	0.01902	0.00972	0.00786	0.00245	0.00680	0.00781	0.00957	0.01332
19	0.03414	0.01580	0.01983	0.01520	0.02139	0.01508	0.01256	0.19908	0.02655	0.51145	0.02805	0.02489	0.01800	0.00974	0.00796	0.00243	0.00727	0.00775	0.00932	0.01349
20	0.00966	0.00690	0.00920	0.01104	0.01150	0.00644	0.00736	0.01104	0.01518	0.02024	0.04371	0.71614	0.05245	0.02484	0.01012	0.00322	0.00460	0.02254	0.00736	0.00644
21	0.01122	0.00811	0.01060	0.00998	0.01185	0.00748	0.00748	0.01496	0.02245	0.03180	0.66766	0.05923	0.07482	0.01621	0.00935	0.00249	0.00374	0.01434	0.00873	0.00748
22	0.01635	0.02211	0.17209	0.22861	0.06570	0.01778	0.24391	0.02281	0.01776	0.02442	0.07487	0.02372	0.01696	0.00813	0.00848	0.00260	0.01114	0.00829	0.00415	0.01013
23	0.02537	0.12658	0.10784	0.06818	0.02646	0.24250	0.01663	0.17121	0.02355	0.06125	0.01565	0.01735	0.01192	0.00833	0.00712	0.00219	0.01071	0.00595	0.04045	0.01076
24	0.00971	0.00705	0.00917	0.01075	0.01145	0.00651	0.00726	0.01124	0.01574	0.02085	0.07399	0.63446	0.10446	0.02407	0.01003	0.00314	0.00451	0.02170	0.00742	0.00651
25	0.77733	0.01534	0.01166	0.01043	0.01534	0.01779	0.00859	0.02331	0.01350	0.03558	0.01104	0.01288	0.00859	0.00736	0.00491	0.00245	0.00613	0.00429	0.00491	0.00859
26	0.00966	0.00690	0.00920	0.01104	0.01150	0.00644	0.00736	0.01104	0.01518	0.02024	0.04371	0.71614	0.05245	0.02484	0.01012	0.00322	0.00460	0.02254	0.00736	0.00644
27	0.02171	0.05416	0.04375	0.05202	0.09938	0.25569	0.01507	0.05500	0.12977	0.02603	0.11970	0.02723	0.04686	0.01012	0.00780	0.00233	0.00961	0.00800	0.00567	0.01011
28	0.01808	0.01446	0.01690	0.01218	0.01915	0.01130	0.00979	0.05107	0.01777	0.06027	0.01521	0.01711	0.01223	0.00625	0.00608	0.00130	0.00605	0.00498	0.00512	0.69472
29	0.01148	0.00981	0.03614	0.01358	0.01548	0.00854	0.08043	0.01406	0.01609	0.02242	0.06448	0.51691	0.04417	0.02027	0.00946	0.00297	0.00572	0.01862	0.08214	0.00724
30	0.77733	0.01534	0.01166	0.01043	0.01534	0.01779	0.00859	0.02331	0.01350	0.03558	0.01104	0.01288	0.00859	0.00736	0.00491	0.00245	0.00613	0.00429	0.00491	0.00859
31	0.01590	0.04102	0.68023	0.02260	0.03432	0.01842	0.02930	0.02511	0.01674	0.02511	0.01423	0.01674	0.01005	0.00753	0.00753	0.00251	0.01172	0.00586	0.00335	0.01172
32	0.02148	0.65693	0.04090	0.01491	0.02163	0.06252	0.04579	0.02421	0.01655	0.01904	0.01134	0.01324	0.01027	0.00685	0.00541	0.00176	0.00901	0.00454	0.00346	0.01016
33	0.02323	0.01878	0.01991	0.01685	0.02196	0.02136	0.01340	0.24539	0.44855	0.03883	0.02782	0.02603	0.02059	0.01034	0.00802	0.00259	0.00710	0.00835	0.00802	0.01287
34	0.77733	0.01534	0.01166	0.01043	0.01534	0.01779	0.00859	0.02331	0.01350	0.03558	0.01104	0.01288	0.00859	0.00736	0.00491	0.00245	0.00613	0.00429	0.00491	0.00859
35	0.02054	0.01875	0.01831	0.01649	0.02094	0.07520	0.01278	0.04127	0.60492	0.03203	0.03062	0.02832	0.02305	0.01054	0.00799	0.00264	0.00694	0.00865	0.00774	0.01227
36	0.03558	0.01350	0.01840	0.01411	0.02024	0.01166	0.01166	0.03865	0.02270	0.67734	0.03128	0.02699	0.01963	0.00981	0.00797	0.00245	0.00675	0.00797	0.00981	0.01350
37	0.02034	0.45086	0.18928	0.01648	0.02399	0.02700	0.01752	0.06882	0.04516	0.02305	0.01324	0.01506	0.01099	0.00766	0.00697	0.00206	0.04165	0.00516	0.00391	0.01081
38	0.01430	0.00972	0.01362	0.04056	0.06895	0.00920	0.00983	0.01812	0.02185	0.09014	0.52967	0.05151	0.06209	0.01454	0.00905	0.00248	0.00475	0.01287	0.00823	0.00851
39	0.00966	0.00690	0.00920	0.01104	0.01150	0.00644	0.00736	0.01104	0.01518	0.02024	0.04371	0.71614	0.05245	0.02484	0.01012	0.00322	0.00460	0.02254	0.00736	0.00644
40	0.03064	0.02141	0.02330	0.01787	0.02419	0.02340	0.01476	0.58969	0.03594	0.10759	0.02016	0.01977	0.01405	0.00955	0.00794	0.00239	0.00854	0.00722	0.00811	0.01349
41	0.01484	0.01333	0.02143	0.49973	0.06595	0.01636	0.01899	0.01931	0.01562	0.02113	0.01750	0.08528	0.01528	0.01007	0.00948	0.00269	0.06895	0.00849	0.06698	0.00860
42	0.01145	0.00763	0.00974	0.01032	0.01121	0.00719	0.00693	0.01312	0.01631	0.04612	0.18834	0.37143	0.05085	0.19174	0.01722	0.00411	0.00523	0.01736	0.00716	0.00655
43	0.00937	0.00803	0.00803	0.00803	0.01071	0.00669	0.00602	0.01138	0.01807	0.02142	0.08033	0.07632	0.66863	0.02008	0.00937	0.00268	0.00402	0.01674	0.00736	0.00669
44	0.00990	0.00765	0.00832	0.00885	0.01082	0.00668	0.00637	0.01187	0.01712	0.02176	0.06525	0.25707	0.43713	0.02056	0.00927	0.00277	0.00416	0.01764	0.07014	0.00668
45	0.01629	0.03830	0.59259	0.02410	0.03531	0.01864	0.11421	0.02515	0.01702	0.02515	0.01448	0.01739	0.01032	0.00742	0.00779	0.00253	0.01195	0.00634	0.00344	0.01158
46	0.01622	0.01598	0.02405	0.62570	0.07902	0.06541	0.02165	0.02125	0.01642	0.02044	0.01400	0.02059	0.01063	0.00791	0.00787	0.00259	0.01079	0.00691	0.00358	0.00900
47	0.01730	0.03906	0.63320	0.02200	0.03332	0.01794	0.02804	0.02607	0.01717	0.07146	0.01544	0.01747	0.01073	0.00770	0.00757	0.00251	0.01137	0.00601	0.00381	0.01185

[dist]
# distance from previous block
# <min> <max>
0	2

[block]
# block no. 4 follows, 24 sequences, length 26
# corresponding to MSA columns:
# 286-311
name=unknown_E
#
# <colnr> <probs for GDERKNQSTAVLIFYWHMCP>
#	G	D	E	R	K	N	Q	S	T	A	V	L	I	F	Y	W	H	M	C	P
0	0.06398	0.44413	0.10917	0.01584	0.02253	0.16035	0.01540	0.02601	0.01756	0.04449	0.01238	0.01403	0.01043	0.00729	0.00588	0.00193	0.00983	0.00474	0.00384	0.01019
1	0.01885	0.01585	0.01957	0.06935	0.11508	0.01644	0.01377	0.08669	0.24471	0.03031	0.02305	0.05138	0.01854	0.00925	0.00743	0.00222	0.00694	0.00784	0.05516	0.18758
2	0.05883	0.06526	0.08749	0.06440	0.02799	0.37099	0.06817	0.08793	0.02192	0.05469	0.01429	0.01646	0.01105	0.00807	0.00733	0.00223	0.01222	0.00590	0.00461	0.01016
3	0.01207	0.01043	0.01248	0.01458	0.10856	0.00950	0.00923	0.04965	0.01917	0.02372	0.06721	0.06471	0.53475	0.01757	0.00907	0.00261	0.00508	0.01477	0.00689	0.00795
4	0.01550	0.01420	0.04920	0.04266	0.02055	0.01167	0.04541	0.06928	0.01797	0.02583	0.02423	0.22301	0.02483	0.01248	0.00782	0.00217	0.00668	0.03290	0.00568	0.34793
5	0.01644	0.01409	0.01644	0.01175	0.01879	0.01057	0.00940	0.01997	0.01644	0.02584	0.01409	0.01644	0.01175	0.00587	0.00587	0.00117	0.00587	0.00470	0.00470	0.76979
6	0.00982	0.00697	0.00916	0.01084	0.01127	0.00654	0.00715	0.01108	0.01488	0.01984	0.04217	0.66147	0.05050	0.08217	0.01261	0.00359	0.00485	0.02164	0.00715	0.00631
7	0.01094	0.00744	0.00882	0.00941	0.00955	0.00729	0.00561	0.01138	0.01269	0.01692	0.03091	0.26197	0.03630	0.50105	0.03080	0.00628	0.00671	0.01501	0.00561	0.00532
8	0.01153	0.00769	0.00865	0.00865	0.00865	0.00769	0.00480	0.01153	0.01153	0.01538	0.02499	0.05189	0.02883	0.72131	0.04036	0.00769	0.00769	0.01153	0.00480	0.00480
9	0.01644	0.01409	0.01644	0.01175	0.01879	0.01057	0.00940	0.01997	0.01644	0.02584	0.01409	0.01644	0.01175	0.00587	0.00587	0.00117	0.00587	0.00470	0.00470	0.76979
10	0.01478	0.00739	0.00739	0.00739	0.00924	0.00739	0.00554	0.01848	0.01663	0.02956	0.02587	0.02956	0.02033	0.00924	0.00554	0.00185	0.00370	0.00739	0.76534	0.00739
11	0.77733	0.01534	0.01166	0.01043	0.01534	0.01779	0.00859	0.02331	0.01350	0.03558	0.01104	0.01288	0.00859	0.00736	0.00491	0.00245	0.00613	0.00429	0.00491	0.00859
12	0.03014	0.02221	0.02380	0.01825	0.02459	0.02459	0.01507	0.64541	0.03728	0.04998	0.01904	0.01904	0.01349	0.00952	0.00793	0.00238	0.00873	0.00714	0.00793	0.01349
13	0.00942	0.00785	0.00823	0.00853	0.01084	0.00665	0.00625	0.01132	0.01760	0.02123	0.07427	0.18219	0.56667	0.02087	0.00950	0.00277	0.00411	0.01770	0.00736	0.00665
14	0.01963	0.01884	0.03219	0.04867	0.67185	0.01884	0.02434	0.02434	0.01806	0.02591	0.01492	0.01963	0.01256	0.00707	0.00785	0.00236	0.00942	0.00707	0.00393	0.01256
15	0.01498	0.01409	0.02378	0.70226	0.05462	0.01762	0.02202	0.02026	0.01586	0.02026	0.01409	0.02114	0.01057	0.00793	0.00793	0.00264	0.01057	0.00705	0.00352	0.00881
16	0.01590	0.04102	0.68023	0.02260	0.03432	0.01842	0.02930	0.02511	0.01674	0.02511	0.01423	0.01674	0.01005	0.00753	0.00753	0.00251	0.01172	0.00586	0.00335	0.01172
17	0.01122	0.00811	0.01060	0.00998	0.01185	0.00748	0.00748	0.01496	0.02245	0.03180	0.66766	0.05923	0.07482	0.01621	0.00935	0.00249	0.00374	0.01434	0.00873	0.00748
18	0.00966	0.00690	0.00920	0.01104	0.01150	0.00644	0.00736	0.01104	0.01518	0.02024	0.04371	0.71614	0.05245	0.02484	0.01012	0.00322	0.00460	0.02254	0.00736	0.00644
19	0.01644	0.01409	0.01644	0.01175	0.01879	0.01057	0.00940	0.01997	0.01644	0.02584	0.01409	0.01644	0.01175	0.00587	0.00587	0.00117	0.00587	0.00470	0.00470	0.76979
20	0.01868	0.01599	0.01703	0.01549	0.01969	0.01827	0.01208	0.03877	0.58035	0.03229	0.06209	0.03500	0.05250	0.01179	0.00829	0.00272	0.00612	0.03291	0.00804	0.01190
21	0.03325	0.01401	0.01833	0.01441	0.02030	0.01284	0.01179	0.03916	0.11588	0.58278	0.03143	0.02737	0.02030	0.00995	0.00799	0.00249	0.00668	0.00812	0.00956	0.01336
22	0.00966	0.00690	0.00920	0.01104	0.01150	0.00644	0.00736	0.01104	0.01518	0.02024	0.04371	0.71614	0.05245	0.02484	0.01012	0.00322	0.00460	0.02254	0.00736	0.00644
23	0.01588	0.01501	0.02541	0.57557	0.17425	0.01786	0.02247	0.02105	0.01628	0.02136	0.01425	0.02085	0.01096	0.00776	0.00791	0.00259	0.01035	0.00705	0.00360	0.00954
24	0.04702	0.06284	0.44206	0.02433	0.08237	0.05138	0.08779	0.02478	0.01726	0.02499	0.01570	0.02117	0.01244	0.00823	0.00772	0.00252	0.01122	0.04128	0.00379	0.01112
25	0.02756	0.03223	0.02350	0.02210	0.06743	0.48586	0.01614	0.10327	0.02273	0.02347	0.01303	0.01559	0.01079	0.00894	0.00953	0.00227	0.09554	0.00570	0.00446	0.00987

[dist]
# distance from previous block
# <min> <max>
0	44

[block]
# block no. 5 follows, 24 sequences, length 62
# corresponding to MSA columns:
# 356-417
name=unknown_F
#
# <colnr> <probs for GDERKNQSTAVLIFYWHMCP>
#	G	D	E	R	K	N	Q	S	T	A	V	L	I	F	Y	W	H	M	C	P
0	0.63632	0.01670	0.04532	0.01219	0.01698	0.01823	0.01058	0.02357	0.01387	0.05825	0.01191	0.01406	0.00927	0.00811	0.00726	0.00256	0.07623	0.00478	0.00488	0.00894
1	0.01085	0.00813	0.01008	0.00970	0.01176	0.00736	0.00734	0.01417	0.02125	0.02903	0.50454	0.06444	0.21415	0.01735	0.00942	0.00258	0.00394	0.03827	0.00835	0.00729
2	0.01644	0.01409	0.01644	0.01175	0.01879	0.01057	0.00940	0.01997	0.01644	0.02584	0.01409	0.01644	0.01175	0.00587	0.00587	0.00117	0.00587	0.00470	0.00470	0.76979
3	0.00966	0.00690	0.00920	0.01104	0.01150	0.00644	0.00736	0.01104	0.01518	0.02024	0.04371	0.71614	0.05245	0.02484	0.01012	0.00322	0.00460	0.02254	0.00736	0.00644
4	0.01590	0.04102	0.68023	0.02260	0.03432	0.01842	0.02930	0.02511	0.01674	0.02511	0.01423	0.01674	0.01005	0.00753	0.00753	0.00251	0.01172	0.00586	0.00335	0.01172
5	0.01910	0.01607	0.01703	0.01552	0.01971	0.01847	0.01212	0.03949	0.58832	0.03252	0.03231	0.03228	0.02493	0.01116	0.00804	0.00268	0.00616	0.03630	0.05581	0.01199
6	0.00966	0.00690	0.00920	0.01104	0.01150	0.00644	0.00736	0.01104	0.01518	0.02024	0.04371	0.71614	0.05245	0.02484	0.01012	0.00322	0.00460	0.02254	0.00736	0.00644
7	0.01929	0.01654	0.01761	0.01604	0.02036	0.01906	0.01257	0.04052	0.61719	0.03258	0.03289	0.03336	0.02556	0.01146	0.00825	0.00275	0.00634	0.04742	0.00802	0.01222
8	0.01122	0.00811	0.01060	0.00998	0.01185	0.00748	0.00748	0.01496	0.02245	0.03180	0.66766	0.05923	0.07482	0.01621	0.00935	0.00249	0.00374	0.01434	0.00873	0.00748
9	0.01133	0.00850	0.01274	0.01274	0.01416	0.00991	0.00991	0.01416	0.01274	0.01841	0.02124	0.03115	0.01982	0.05947	0.68989	0.01274	0.02124	0.00850	0.00425	0.00708
10	0.01872	0.02139	0.04679	0.03342	0.04144	0.02005	0.64305	0.02540	0.01872	0.02540	0.01604	0.02139	0.01203	0.00668	0.00936	0.00267	0.01337	0.00936	0.00401	0.01070
11	0.01972	0.01703	0.01793	0.01614	0.02062	0.01972	0.01255	0.04214	0.65752	0.03317	0.03228	0.02959	0.02421	0.01076	0.00807	0.00269	0.00628	0.00897	0.00807	0.01255
12	0.03097	0.01468	0.01849	0.01449	0.02009	0.01398	0.01185	0.15371	0.05032	0.45253	0.10569	0.02944	0.02527	0.01057	0.00814	0.00245	0.00675	0.00862	0.00925	0.01273
13	0.01648	0.03338	0.46317	0.02617	0.08960	0.01811	0.14453	0.02449	0.01757	0.02564	0.05382	0.02043	0.01453	0.00785	0.00802	0.00253	0.01136	0.00714	0.00385	0.01134
14	0.01735	0.01735	0.02429	0.02082	0.02082	0.02429	0.01735	0.01908	0.01214	0.01908	0.01041	0.01735	0.01041	0.01388	0.02602	0.00347	0.70680	0.00694	0.00347	0.00867
15	0.01644	0.01409	0.01644	0.01175	0.01879	0.01057	0.00940	0.01997	0.01644	0.02584	0.01409	0.01644	0.01175	0.00587	0.00587	0.00117	0.00587	0.00470	0.00470	0.76979
16	0.02110	0.63358	0.09806	0.01469	0.02179	0.05983	0.01506	0.02422	0.01646	0.01927	0.01137	0.01315	0.01017	0.00691	0.00540	0.00178	0.00903	0.00442	0.00342	0.01027
17	0.00983	0.00703	0.00935	0.01093	0.01154	0.00655	0.00737	0.01146	0.01595	0.02147	0.10990	0.64645	0.05482	0.02393	0.01004	0.00314	0.00451	0.02167	0.00751	0.00655
18	0.01590	0.03709	0.57697	0.02292	0.03368	0.01792	0.08914	0.02453	0.01728	0.02554	0.05359	0.01975	0.01413	0.00797	0.00782	0.00253	0.01141	0.00672	0.00374	0.01136
19	0.01906	0.02055	0.08888	0.08022	0.58368	0.01874	0.02465	0.02419	0.01783	0.02554	0.01481	0.01945	0.01224	0.00715	0.00783	0.00238	0.00968	0.00696	0.00385	0.01229
20	0.02905	0.03684	0.02256	0.02045	0.02434	0.65843	0.01542	0.03108	0.02199	0.01939	0.01217	0.01444	0.01022	0.00844	0.00803	0.00211	0.04662	0.00519	0.00406	0.00917
21	0.00960	0.00712	0.00897	0.01045	0.01135	0.00649	0.00710	0.01111	0.01575	0.02047	0.05089	0.59069	0.17326	0.02391	0.00997	0.00311	0.00449	0.02140	0.00736	0.00649
22	0.01959	0.01938	0.06700	0.09385	0.31840	0.01932	0.01993	0.06488	0.23556	0.02915	0.02091	0.02292	0.01622	0.00856	0.00792	0.00251	0.00857	0.00764	0.00548	0.01221
23	0.06446	0.20431	0.02662	0.01787	0.02240	0.35423	0.01455	0.05633	0.06015	0.02227	0.01328	0.01530	0.01117	0.00856	0.00843	0.00217	0.07846	0.00536	0.00432	0.00976
24	0.01156	0.00874	0.01280	0.01268	0.01392	0.01023	0.00974	0.01411	0.01262	0.01817	0.02118	0.03244	0.02026	0.11453	0.61089	0.01198	0.04424	0.00870	0.00427	0.00694
25	0.01152	0.00772	0.00879	0.00879	0.00884	0.00777	0.00498	0.01162	0.01157	0.01548	0.02485	0.05117	0.02851	0.69810	0.06314	0.00787	0.00816	0.01143	0.00479	0.00488
26	0.02270	0.01961	0.04530	0.01682	0.02197	0.05218	0.01370	0.13923	0.46237	0.07356	0.02838	0.02647	0.02095	0.01025	0.00798	0.00259	0.00730	0.00830	0.00777	0.01257
27	0.01853	0.06757	0.46504	0.02410	0.05828	0.05112	0.11262	0.02619	0.01767	0.06372	0.01529	0.01782	0.01101	0.00753	0.00770	0.00246	0.01154	0.00641	0.00389	0.01152
28	0.01876	0.02126	0.04604	0.03421	0.07409	0.01999	0.61101	0.02535	0.01868	0.02543	0.01598	0.02130	0.01206	0.00670	0.00928	0.00266	0.01316	0.00924	0.00401	0.01079
29	0.72963	0.06017	0.01354	0.01063	0.01565	0.01865	0.00890	0.02334	0.01366	0.03451	0.01104	0.01287	0.00869	0.00732	0.00492	0.00241	0.00628	0.00429	0.00481	0.00869
30	0.01411	0.01120	0.01293	0.01180	0.01491	0.01124	0.00914	0.04620	0.17437	0.03045	0.32661	0.05213	0.14958	0.01491	0.00886	0.00254	0.00489	0.04161	0.00801	0.05451
31	0.01644	0.01409	0.01644	0.01175	0.01879	0.01057	0.00940	0.01997	0.01644	0.02584	0.01409	0.01644	0.01175	0.00587	0.00587	0.00117	0.00587	0.00470	0.00470	0.76979
32	0.09313	0.01350	0.01769	0.01384	0.01973	0.01205	0.01145	0.03671	0.02183	0.60554	0.03004	0.02792	0.01961	0.01002	0.00783	0.00249	0.00672	0.02764	0.00935	0.01291
33	0.02857	0.02070	0.02212	0.01714	0.02302	0.02283	0.01410	0.58134	0.03517	0.04789	0.01974	0.02011	0.01418	0.00949	0.00769	0.00233	0.00821	0.00717	0.08534	0.01286
34	0.01041	0.00807	0.00947	0.00912	0.01135	0.00714	0.00684	0.01339	0.02053	0.02724	0.40954	0.06674	0.33580	0.01791	0.00936	0.00257	0.00386	0.01539	0.00813	0.00714
35	0.09640	0.01393	0.01802	0.01394	0.01998	0.01258	0.01151	0.05705	0.02241	0.60423	0.02922	0.02557	0.01852	0.00960	0.00772	0.00245	0.00676	0.00764	0.00935	0.01309
36	0.01152	0.00770	0.00873	0.00870	0.00878	0.00768	0.00491	0.01167	0.01197	0.01604	0.05099	0.05219	0.03069	0.69278	0.03911	0.00748	0.00753	0.01165	0.00496	0.00491
37	0.01153	0.00769	0.00865	0.00865	0.00865	0.00769	0.00480	0.01153	0.01153	0.01538	0.02499	0.05189	0.02883	0.72131	0.04036	0.00769	0.00769	0.01153	0.00480	0.00480
38	0.03014	0.02221	0.02380	0.01825	0.02459	0.02459	0.01507	0.64541	0.03728	0.04998	0.01904	0.01904	0.01349	0.00952	0.00793	0.00238	0.00873	0.00714	0.00793	0.01349
39	0.01644	0.01409	0.01644	0.01175	0.01879	0.01057	0.00940	0.01997	0.01644	0.02584	0.01409	0.01644	0.01175	0.00587	0.00587	0.00117	0.00587	0.00470	0.00470	0.76979
40	0.03014	0.02221	0.02380	0.01825	0.02459	0.02459	0.01507	0.64541	0.03728	0.04998	0.01904	0.01904	0.01349	0.00952	0.00793	0.00238	0.00873	0.00714	0.00793	0.01349
41	0.77733	0.01534	0.01166	0.01043	0.01534	0.01779	0.00859	0.02331	0.01350	0.03558	0.01104	0.01288	0.00859	0.00736	0.00491	0.00245	0.00613	0.00429	0.00491	0.00859
42	0.01122	0.00811	0.01060	0.00998	0.01185	0.00748	0.00748	0.01496	0.02245	0.03180	0.66766	0.05923	0.07482	0.01621	0.00935	0.00249	0.00374	0.01434	0.00873	0.00748
43	0.02078	0.02048	0.02994	0.10644	0.51169	0.08640	0.02269	0.05951	0.01937	0.02607	0.01480	0.01920	0.01219	0.00740	0.00779	0.00235	0.00998	0.00687	0.00413	0.01192
44	0.01153	0.00769	0.00865	0.00865	0.00865	0.00769	0.00480	0.01153	0.01153	0.01538	0.02499	0.05189	0.02883	0.72131	0.04036	0.00769	0.00769	0.01153	0.00480	0.00480
45	0.01478	0.00739	0.00739	0.00739	0.00924	0.00739	0.00554	0.01848	0.01663	0.02956	0.02587	0.02956	0.02033	0.00924	0.00554	0.00185	0.00370	0.00739	0.76534	0.00739
46	0.00966	0.00690	0.00920	0.01104	0.01150	0.00644	0.00736	0.01104	0.01518	0.02024	0.04371	0.71614	0.05245	0.02484	0.01012	0.00322	0.00460	0.02254	0.00736	0.00644
47	0.01819	0.19609	0.42243	0.02271	0.07127	0.05399	0.06149	0.02508	0.01708	0.02342	0.01355	0.01616	0.01036	0.00731	0.00708	0.00230	0.01105	0.00574	0.00347	0.01123
48	0.01858	0.01321	0.04310	0.01342	0.01715	0.01247	0.01081	0.02797	0.22163	0.15476	0.22526	0.13757	0.04215	0.01414	0.00872	0.00265	0.00559	0.01225	0.00830	0.01027
49	0.01055	0.00776	0.00987	0.01001	0.01160	0.00709	0.00726	0.01341	0.01987	0.02724	0.41802	0.24252	0.14721	0.01910	0.00957	0.00272	0.00401	0.01692	0.00817	0.00709
50	0.01614	0.01566	0.02779	0.45402	0.17191	0.01766	0.10371	0.02131	0.01663	0.02204	0.01588	0.05293	0.01308	0.00838	0.00820	0.00262	0.01044	0.00807	0.00384	0.00968
51	0.09791	0.05416	0.02347	0.58869	0.04844	0.01841	0.02009	0.02079	0.01561	0.02183	0.01359	0.01977	0.01033	0.00780	0.00744	0.00257	0.00997	0.00659	0.00367	0.00886
52	0.00966	0.00690	0.00920	0.01104	0.01150	0.00644	0.00736	0.01104	0.01518	0.02024	0.04371	0.71614	0.05245	0.02484	0.01012	0.00322	0.00460	0.02254	0.00736	0.00644
53	0.03123	0.02047	0.02272	0.01742	0.02372	0.02201	0.01439	0.52433	0.03437	0.17517	0.02148	0.02063	0.01471	0.00958	0.00794	0.00239	0.00833	0.00731	0.00831	0.01349
54	0.75115	0.01527	0.01189	0.01056	0.01551	0.01757	0.00870	0.02385	0.01382	0.05823	0.01176	0.01338	0.00898	0.00745	0.00502	0.00245	0.00616	0.00442	0.00508	0.00876
55	0.01882	0.17266	0.26449	0.01802	0.04501	0.06169	0.01853	0.05172	0.04884	0.02530	0.01517	0.01723	0.01189	0.00743	0.00664	0.00202	0.00921	0.00559	0.04683	0.15290
56	0.01817	0.05612	0.04002	0.16222	0.10218	0.02018	0.41319	0.02403	0.01777	0.02392	0.01513	0.02060	0.01166	0.00718	0.00922	0.00261	0.03315	0.00836	0.00386	0.01042
57	0.00966	0.00690	0.00920	0.01104	0.01150	0.00644	0.00736	0.01104	0.01518	0.02024	0.04371	0.71614	0.05245	0.02484	0.01012	0.00322	0.00460	0.02254	0.00736	0.00644
58	0.02357	0.09131	0.12898	0.01696	0.02342	0.09317	0.01553	0.08987	0.21522	0.13200	0.02233	0.02181	0.01635	0.00893	0.00740	0.00231	0.00853	0.00693	0.00642	0.06895
59	0.01797	0.02185	0.09818	0.10680	0.07092	0.01996	0.43260	0.02418	0.01760	0.02426	0.01510	0.02050	0.01157	0.00756	0.01046	0.00271	0.07500	0.00846	0.00384	0.01048
60	0.00937	0.00803	0.00803	0.00803	0.01071	0.00669	0.00602	0.01138	0.01807	0.02142	0.08033	0.07632	0.66863	0.02008	0.00937	0.00268	0.00402	0.01674	0.00736	0.00669
61	0.01963	0.01884	0.03219	0.04867	0.67185	0.01884	0.02434	0.02434	0.01806	0.02591	0.01492	0.01963	0.01256	0.00707	0.00785	0.00236	0.00942	0.00707	0.00393	0.01256

[dist]
# distance from previous block
# <min> <max>
0	5

[block]
# block no. 6 follows, 24 sequences, length 39
# corresponding to MSA columns:
# 423-461
name=unknown_G
#
# <colnr> <probs for GDERKNQSTAVLIFYWHMCP>
#	G	D	E	R	K	N	Q	S	T	A	V	L	I	F	Y	W	H	M	C	P
0	0.01135	0.00761	0.00870	0.00888	0.00892	0.00757	0.00505	0.01148	0.01188	0.01585	0.02680	0.11613	0.03111	0.65396	0.03744	0.00726	0.00739	0.01260	0.00505	0.00496
1	0.06468	0.01357	0.01814	0.01396	0.02005	0.01190	0.01153	0.03804	0.02234	0.65216	0.03049	0.02644	0.01920	0.00972	0.00785	0.00245	0.00672	0.00783	0.00962	0.01330
2	0.03498	0.01446	0.01900	0.01456	0.02072	0.01308	0.01203	0.10547	0.02430	0.60825	0.02994	0.02611	0.01895	0.00978	0.00797	0.00245	0.00697	0.00788	0.00961	0.01349
3	0.00953	0.00804	0.00825	0.00820	0.01081	0.00676	0.00615	0.01169	0.01845	0.02232	0.13095	0.07484	0.61745	0.01975	0.00937	0.00266	0.00399	0.01653	0.00748	0.00676
4	0.77733	0.01534	0.01166	0.01043	0.01534	0.01779	0.00859	0.02331	0.01350	0.03558	0.01104	0.01288	0.00859	0.00736	0.00491	0.00245	0.00613	0.00429	0.00491	0.00859
5	0.01715	0.01420	0.01697	0.04905	0.02084	0.01137	0.01028	0.02155	0.04347	0.04807	0.01544	0.01761	0.01247	0.00632	0.00615	0.00136	0.00617	0.00511	0.00495	0.67147
6	0.02039	0.01737	0.01831	0.01627	0.02088	0.02004	0.01271	0.08087	0.61770	0.03425	0.03143	0.02891	0.02352	0.01068	0.00806	0.00267	0.00643	0.00885	0.00806	0.01261
7	0.01972	0.01703	0.01793	0.01614	0.02062	0.01972	0.01255	0.04214	0.65752	0.03317	0.03228	0.02959	0.02421	0.01076	0.00807	0.00269	0.00628	0.00897	0.00807	0.01255
8	0.10426	0.01848	0.09704	0.16299	0.03292	0.01606	0.14792	0.02891	0.01880	0.26346	0.02047	0.02197	0.01392	0.00825	0.00788	0.00255	0.00942	0.00745	0.00605	0.01121
9	0.02047	0.62307	0.11061	0.01484	0.02190	0.02968	0.01544	0.02371	0.01602	0.01938	0.01135	0.01334	0.01017	0.00715	0.00619	0.00186	0.03663	0.00452	0.00339	0.01029
10	0.03558	0.01350	0.01840	0.01411	0.02024	0.01166	0.01166	0.03865	0.02270	0.67734	0.03128	0.02699	0.01963	0.00981	0.00797	0.00245	0.00675	0.00797	0.00981	0.01350
11	0.01165	0.00844	0.01141	0.01307	0.01461	0.00820	0.01074	0.01455	0.01743	0.02260	0.04589	0.25366	0.10350	0.02252	0.01059	0.00345	0.00629	0.40704	0.00732	0.00702
12	0.02303	0.01651	0.07841	0.06573	0.02478	0.01431	0.08279	0.03076	0.14201	0.26473	0.05685	0.06198	0.07979	0.01115	0.00838	0.00260	0.00764	0.00975	0.00745	0.01136
13	0.03444	0.01515	0.04674	0.01470	0.02108	0.01267	0.01260	0.07235	0.02327	0.61427	0.02987	0.02611	0.01888	0.00970	0.00795	0.00245	0.00707	0.00784	0.00943	0.01342
14	0.01863	0.03447	0.51738	0.05779	0.03272	0.01778	0.02582	0.02636	0.01725	0.11379	0.01634	0.01842	0.01141	0.00823	0.00866	0.00256	0.05024	0.00627	0.00425	0.01163
15	0.77733	0.01534	0.01166	0.01043	0.01534	0.01779	0.00859	0.02331	0.01350	0.03558	0.01104	0.01288	0.00859	0.00736	0.00491	0.00245	0.00613	0.00429	0.00491	0.00859
16	0.00966	0.00690	0.00920	0.01104	0.01150	0.00644	0.00736	0.01104	0.01518	0.02024	0.04371	0.71614	0.05245	0.02484	0.01012	0.00322	0.00460	0.02254	0.00736	0.00644
