[name]
unknown

[dist]
# distance from previous block
# <min> <max>
0	5

[block]
# block no. 0 follows, 22 sequences, length 10
# corresponding to MSA columns:
# 5-14
name=unknown_A
#
# <colnr> <probs for GDERKNQSTAVLIFYWHMCP>
#	G	D	E	R	K	N	Q	S	T	A	V	L	I	F	Y	W	H	M	C	P
0	0.08168	0.02148	0.02305	0.36416	0.04059	0.18001	0.01877	0.04830	0.01885	0.02388	0.01405	0.01906	0.01101	0.00854	0.00862	0.00252	0.04445	0.00648	0.00422	0.06028
1	0.53619	0.01619	0.01613	0.17799	0.02679	0.01904	0.01288	0.06127	0.01630	0.03427	0.01288	0.01603	0.00983	0.00800	0.00612	0.00261	0.00774	0.00539	0.00498	0.00937
2	0.44960	0.01830	0.01346	0.01234	0.01606	0.13330	0.00928	0.02295	0.01531	0.02904	0.01539	0.02381	0.01452	0.18012	0.01470	0.00384	0.00836	0.00652	0.00496	0.00814
3	0.01615	0.01031	0.01210	0.01120	0.01266	0.01210	0.00885	0.01951	0.01627	0.02827	0.02312	0.02782	0.01874	0.01087	0.01108	0.00235	0.17334	0.00763	0.56955	0.00807
4	0.08013	0.01936	0.03620	0.25358	0.04467	0.02027	0.32968	0.06538	0.01946	0.02740	0.01590	0.02143	0.01189	0.00770	0.00881	0.00275	0.01206	0.00839	0.00438	0.01055
5	0.01200	0.00863	0.01199	0.01328	0.01453	0.00886	0.01039	0.01464	0.01624	0.02176	0.03768	0.24417	0.04170	0.08946	0.17699	0.00639	0.01049	0.24701	0.00667	0.00713
6	0.02803	0.02948	0.02442	0.02082	0.02475	0.32236	0.01650	0.20666	0.02549	0.02976	0.01447	0.01724	0.01177	0.01045	0.01260	0.00261	0.17998	0.00645	0.00532	0.01083
7	0.71448	0.01658	0.01311	0.01151	0.01675	0.01914	0.00948	0.06735	0.01591	0.03834	0.01216	0.01395	0.00936	0.00787	0.00537	0.00257	0.00662	0.00471	0.00537	0.00936
8	0.54406	0.01742	0.01528	0.01291	0.01825	0.01979	0.01060	0.17253	0.02079	0.04076	0.04911	0.01777	0.01410	0.00878	0.00618	0.00255	0.00696	0.00581	0.00614	0.01019
9	0.51610	0.05342	0.02428	0.01795	0.02412	0.02004	0.18490	0.02507	0.01583	0.03333	0.01306	0.01602	0.01011	0.00748	0.00648	0.00260	0.00871	0.00601	0.00479	0.00971

[dist]
# distance from previous block
# <min> <max>
1	18

[block]
# block no. 1 follows, 22 sequences, length 19
# corresponding to MSA columns:
# 33-51
name=unknown_B
#
# <colnr> <probs for GDERKNQSTAVLIFYWHMCP>
#	G	D	E	R	K	N	Q	S	T	A	V	L	I	F	Y	W	H	M	C	P
0	0.73133	0.01734	0.04301	0.01153	0.01700	0.01867	0.01002	0.02451	0.01430	0.03676	0.01173	0.01369	0.00907	0.00772	0.00527	0.00257	0.00670	0.00458	0.00506	0.00915
1	0.01412	0.00908	0.01175	0.04046	0.01595	0.00919	0.01080	0.01804	0.01868	0.02736	0.07304	0.06679	0.03878	0.01732	0.00925	0.00304	0.00624	0.33246	0.26989	0.00776
2	0.00982	0.00842	0.00842	0.00842	0.01122	0.00701	0.00631	0.01192	0.01894	0.02244	0.08416	0.07995	0.65285	0.02104	0.00982	0.00281	0.00421	0.01753	0.00771	0.00701
3	0.01696	0.01412	0.01557	0.01503	0.01825	0.01577	0.01124	0.03270	0.42149	0.02999	0.03802	0.26700	0.03576	0.01646	0.00921	0.00301	0.00596	0.01439	0.00819	0.01090
4	0.01081	0.00752	0.00944	0.01069	0.01100	0.00721	0.00677	0.01175	0.01456	0.01942	0.03890	0.47483	0.04625	0.26568	0.02174	0.00502	0.00596	0.01956	0.00677	0.00615
5	0.01803	0.03481	0.44317	0.03328	0.25391	0.01945	0.02887	0.02602	0.01802	0.02660	0.01516	0.01860	0.01145	0.00772	0.00801	0.00257	0.01143	0.00658	0.00372	0.01259
6	0.02167	0.46876	0.03484	0.01516	0.02142	0.02858	0.01384	0.03165	0.23626	0.02489	0.01937	0.01953	0.01583	0.00857	0.00643	0.00214	0.00807	0.00618	0.00528	0.01154
7	0.01766	0.01287	0.01501	0.01422	0.01687	0.01343	0.01055	0.22836	0.02404	0.03215	0.03671	0.46274	0.04060	0.02039	0.00980	0.00306	0.00634	0.01795	0.00792	0.00934
8	0.02390	0.03284	0.43810	0.02055	0.03077	0.01680	0.02420	0.03129	0.01973	0.24968	0.02119	0.02131	0.01405	0.00873	0.00805	0.00261	0.01045	0.00692	0.00589	0.01293
9	0.02537	0.01956	0.02427	0.25386	0.03634	0.02234	0.01803	0.35073	0.07604	0.06118	0.01961	0.02184	0.01412	0.00950	0.00832	0.00262	0.00956	0.00762	0.00677	0.01233
10	0.01320	0.00793	0.00870	0.00874	0.00951	0.00789	0.00550	0.01476	0.01452	0.02216	0.05092	0.06886	0.02976	0.41283	0.02714	0.00554	0.00632	0.01107	0.26852	0.00615
11	0.02315	0.01678	0.01875	0.01609	0.02037	0.01811	0.01257	0.33352	0.09007	0.06070	0.03084	0.26121	0.02981	0.01575	0.00913	0.00284	0.00730	0.01337	0.00818	0.01144
12	0.02390	0.03284	0.43810	0.02055	0.03077	0.01680	0.02420	0.03129	0.01973	0.24968	0.02119	0.02131	0.01405	0.00873	0.00805	0.00261	0.01045	0.00692	0.00589	0.01293
13	0.01705	0.35494	0.13373	0.01484	0.02047	0.02146	0.01464	0.02043	0.01665	0.02124	0.02413	0.25623	0.02620	0.01388	0.00760	0.00248	0.00801	0.01146	0.00501	0.00955
14	0.01627	0.01708	0.03518	0.02678	0.03239	0.01600	0.40877	0.02132	0.01831	0.02471	0.02699	0.26143	0.02748	0.01369	0.01008	0.00300	0.01078	0.01466	0.00544	0.00964
15	0.01908	0.01485	0.01926	0.01646	0.02037	0.01509	0.06837	0.23047	0.02449	0.03310	0.03167	0.34763	0.03344	0.01711	0.00939	0.00285	0.00730	0.01525	0.00738	0.06646
16	0.03201	0.02258	0.02451	0.01879	0.02542	0.02474	0.01552	0.58419	0.03791	0.09832	0.02091	0.02057	0.01461	0.01000	0.00831	0.00250	0.00899	0.00755	0.00846	0.01413
17	0.02167	0.46876	0.03484	0.01516	0.02142	0.02858	0.01384	0.03165	0.23626	0.02489	0.01937	0.01953	0.01583	0.00857	0.00643	0.00214	0.00807	0.00618	0.00528	0.01154
18	0.03139	0.02901	0.02444	0.01992	0.02573	0.25379	0.01588	0.41932	0.03361	0.04110	0.01745	0.01820	0.01292	0.00948	0.00802	0.00237	0.01119	0.00673	0.00689	0.01255

[dist]
# distance from previous block
# <min> <max>
10	17

[block]
# block no. 2 follows, 22 sequences, length 162
# corresponding to MSA columns:
# 73-87,100,104-249
name=unknown_C
#
# <colnr> <probs for GDERKNQSTAVLIFYWHMCP>
#	G	D	E	R	K	N	Q	S	T	A	V	L	I	F	Y	W	H	M	C	P
0	0.10205	0.13847	0.17230	0.02357	0.03151	0.10625	0.20725	0.04886	0.04533	0.02701	0.01530	0.01826	0.01180	0.00777	0.00777	0.00248	0.01164	0.00691	0.00438	0.01109
1	0.02358	0.05229	0.06104	0.02662	0.03378	0.05634	0.31072	0.16843	0.02381	0.05843	0.01723	0.02063	0.01291	0.00845	0.01009	0.00263	0.05926	0.00824	0.00536	0.04014
2	0.05844	0.41477	0.14056	0.05052	0.02492	0.09075	0.01671	0.02483	0.01716	0.02149	0.01342	0.01751	0.01194	0.05623	0.00869	0.00248	0.00998	0.00550	0.00381	0.01028
3	0.01551	0.01464	0.02512	0.60683	0.05335	0.01778	0.05357	0.02084	0.01672	0.02151	0.01703	0.06949	0.01421	0.00947	0.00854	0.00281	0.01079	0.00864	0.00400	0.00916
4	0.01026	0.00733	0.00980	0.01172	0.01227	0.00687	0.00795	0.01180	0.01604	0.02136	0.04571	0.67715	0.05465	0.02590	0.01064	0.00339	0.00494	0.04774	0.00771	0.00679
5	0.01026	0.00729	0.00960	0.01139	0.01184	0.00684	0.00753	0.01160	0.01564	0.02085	0.04442	0.65753	0.05322	0.07346	0.01281	0.00370	0.00504	0.02281	0.00753	0.00663
6	0.07096	0.01959	0.02678	0.17398	0.03213	0.08000	0.08398	0.02245	0.01540	0.02222	0.01264	0.01893	0.01098	0.01131	0.01779	0.00314	0.35726	0.00721	0.00387	0.00939
7	0.01324	0.00990	0.01416	0.01375	0.01559	0.01145	0.01076	0.05752	0.01514	0.02159	0.02209	0.03175	0.02031	0.05867	0.62874	0.01260	0.02134	0.00880	0.00472	0.00788
8	0.01443	0.00722	0.01082	0.01082	0.01082	0.00722	0.00722	0.01082	0.01082	0.01443	0.01443	0.02525	0.01443	0.02886	0.03247	0.75830	0.00722	0.00722	0.00361	0.00361
9	0.01888	0.02102	0.04500	0.06668	0.04173	0.01998	0.55195	0.02532	0.01893	0.02560	0.01735	0.02462	0.01375	0.05583	0.01199	0.00316	0.01344	0.00984	0.00423	0.01067
10	0.02071	0.47911	0.18127	0.01791	0.02614	0.02838	0.06039	0.02632	0.04990	0.02234	0.01383	0.01582	0.01154	0.00749	0.00638	0.00209	0.00988	0.00545	0.00385	0.01119
11	0.01400	0.00892	0.01176	0.01093	0.01320	0.00817	0.00823	0.01768	0.02301	0.09046	0.55258	0.10349	0.07142	0.01699	0.00972	0.00266	0.00427	0.01501	0.00915	0.00834
12	0.14896	0.01507	0.01859	0.01449	0.02073	0.01414	0.01197	0.07892	0.02336	0.52359	0.02862	0.02543	0.01834	0.00987	0.00786	0.00257	0.00711	0.00770	0.00936	0.01335
13	0.01542	0.01433	0.02396	0.64094	0.05410	0.01772	0.02201	0.02084	0.01709	0.02207	0.05908	0.02492	0.01576	0.00891	0.00841	0.00276	0.01058	0.00791	0.00407	0.00913
14	0.71422	0.01557	0.01229	0.01109	0.01598	0.01806	0.00909	0.02375	0.01408	0.03602	0.01231	0.01483	0.00982	0.01151	0.05174	0.00332	0.00753	0.00480	0.00509	0.00889
15	0.01800	0.01794	0.02541	0.06815	0.02427	0.02496	0.01852	0.02008	0.01299	0.02008	0.01117	0.01845	0.01092	0.01411	0.02594	0.00357	0.64542	0.00728	0.00364	0.00910
16	0.01814	0.01977	0.04130	0.16837	0.04409	0.01949	0.45841	0.02445	0.01873	0.02512	0.01840	0.06967	0.01523	0.00860	0.00955	0.00283	0.01276	0.01026	0.00434	0.01049
17	0.01167	0.00846	0.01081	0.01024	0.01211	0.00781	0.00756	0.01521	0.02246	0.03150	0.57606	0.06254	0.10768	0.06528	0.01206	0.00300	0.00422	0.01496	0.00878	0.00760
18	0.01891	0.13910	0.52907	0.02167	0.03279	0.02079	0.02699	0.02709	0.01788	0.06953	0.01566	0.01767	0.01124	0.00794	0.00755	0.00250	0.01142	0.00604	0.00399	0.01217
19	0.01314	0.00952	0.01207	0.01105	0.01334	0.00909	0.00839	0.05830	0.02460	0.03464	0.60789	0.05913	0.07392	0.01650	0.00969	0.00260	0.00428	0.01450	0.00909	0.00828
20	0.02369	0.01674	0.01930	0.01464	0.02119	0.01537	0.01180	0.20687	0.02460	0.11685	0.02083	0.06716	0.01690	0.00923	0.00740	0.00194	0.00708	0.00744	0.00684	0.38414
21	0.05727	0.01821	0.05214	0.26056	0.06596	0.01819	0.15596	0.02570	0.09285	0.02633	0.01740	0.02177	0.01331	0.00793	0.00812	0.00250	0.01014	0.00757	0.00467	0.13342
22	0.02109	0.57763	0.16912	0.01613	0.02428	0.03013	0.01754	0.02517	0.01701	0.02091	0.01223	0.01418	0.01063	0.00727	0.00585	0.00195	0.00957	0.00478	0.00354	0.01099
23	0.01316	0.00940	0.01313	0.01504	0.01685	0.00937	0.01299	0.01682	0.01890	0.02461	0.04411	0.13606	0.04831	0.02316	0.01141	0.00379	0.00745	0.56019	0.00765	0.00759
24	0.03703	0.01452	0.01952	0.01496	0.02140	0.01278	0.01236	0.06532	0.02442	0.63623	0.03223	0.02792	0.02029	0.01027	0.00835	0.00257	0.00716	0.00832	0.01020	0.01414
25	0.05633	0.03959	0.59328	0.02225	0.03357	0.01861	0.02825	0.02561	0.01770	0.02729	0.05073	0.01984	0.01428	0.00840	0.00785	0.00263	0.01149	0.00655	0.00391	0.01185
26	0.01723	0.01477	0.01723	0.01230	0.01969	0.01107	0.00984	0.02092	0.01723	0.02707	0.01477	0.01723	0.01230	0.00615	0.00615	0.00123	0.00615	0.00492	0.00492	0.75883
27	0.00982	0.00842	0.00842	0.00842	0.01122	0.00701	0.00631	0.01192	0.01894	0.02244	0.08416	0.07995	0.65285	0.02104	0.00982	0.00281	0.00421	0.01753	0.00771	0.00701
28	0.01946	0.02197	0.04655	0.03363	0.04115	0.02147	0.56237	0.02592	0.01889	0.02592	0.01619	0.02197	0.01243	0.00779	0.01163	0.00289	0.08512	0.00954	0.00414	0.01098
29	0.01961	0.02241	0.04902	0.03501	0.04342	0.02101	0.62605	0.02661	0.01961	0.02661	0.01681	0.02241	0.01261	0.00700	0.00980	0.00280	0.01401	0.00980	0.00420	0.01120
30	0.01006	0.00745	0.00941	0.01098	0.01189	0.00680	0.00745	0.01163	0.01647	0.02144	0.05297	0.58612	0.16682	0.02509	0.01046	0.00327	0.00471	0.02248	0.00771	0.00680
31	0.02310	0.01906	0.02016	0.01740	0.02253	0.02180	0.01374	0.17452	0.50687	0.03868	0.03072	0.02853	0.02285	0.01098	0.00842	0.00275	0.00715	0.00897	0.00842	0.01337
32	0.02791	0.02145	0.02287	0.01837	0.02436	0.02405	0.01490	0.43214	0.24142	0.04644	0.02461	0.02366	0.01790	0.01041	0.00836	0.00260	0.00828	0.00812	0.00836	0.01380
33	0.03071	0.06417	0.02427	0.02114	0.02552	0.65127	0.01598	0.03287	0.02330	0.02030	0.01279	0.01492	0.01070	0.00851	0.00741	0.00213	0.01476	0.00532	0.00425	0.00967
34	0.03056	0.07563	0.02461	0.02102	0.02545	0.64035	0.01595	0.03273	0.02319	0.02029	0.01277	0.01489	0.01070	0.00848	0.00738	0.00212	0.01465	0.00530	0.00424	0.00969
35	0.02250	0.09162	0.10362	0.02678	0.03374	0.20973	0.28901	0.02766	0.01981	0.02363	0.01497	0.01915	0.01189	0.00978	0.03265	0.00290	0.03836	0.00753	0.00408	0.01060
36	0.76672	0.01607	0.01221	0.01092	0.01607	0.01864	0.00900	0.02442	0.01414	0.03727	0.01157	0.01350	0.00900	0.00771	0.00514	0.00257	0.00643	0.00450	0.00514	0.00900
37	0.02010	0.01734	0.02616	0.33211	0.04116	0.02002	0.08947	0.09144	0.15153	0.06076	0.02030	0.02393	0.01507	0.00937	0.00946	0.00279	0.04424	0.00814	0.00558	0.01105
38	0.02557	0.02139	0.02776	0.02180	0.02632	0.02513	0.08362	0.34935	0.02770	0.03820	0.01643	0.01960	0.01283	0.01125	0.01511	0.00293	0.24909	0.00766	0.00622	0.01204
39	0.02311	0.12611	0.06787	0.02159	0.02838	0.07397	0.15513	0.15541	0.11121	0.03143	0.01826	0.02024	0.01409	0.00863	0.00865	0.00240	0.03611	0.00733	0.00559	0.08449
40	0.01569	0.01477	0.02492	0.68808	0.05722	0.01846	0.02307	0.02123	0.01661	0.02123	0.01477	0.02215	0.01107	0.00831	0.00831	0.00277	0.01107	0.00738	0.00369	0.00923
41	0.01693	0.04110	0.60903	0.02471	0.03663	0.01945	0.08479	0.02634	0.01773	0.02634	0.01508	0.01798	0.01071	0.00781	0.00807	0.00265	0.01243	0.00647	0.00357	0.01218
42	0.01977	0.01801	0.02680	0.05677	0.02675	0.02120	0.11400	0.05884	0.08519	0.05403	0.01773	0.04666	0.01517	0.01183	0.01685	0.00302	0.31229	0.00837	0.00509	0.08164
43	0.01146	0.00848	0.01069	0.01014	0.01223	0.00771	0.00760	0.01510	0.02281	0.03164	0.56428	0.06482	0.16699	0.01761	0.00980	0.00264	0.00396	0.01541	0.00892	0.00771
44	0.01723	0.01477	0.01723	0.01230	0.01969	0.01107	0.00984	0.02092	0.01723	0.02707	0.01477	0.01723	0.01230	0.00615	0.00615	0.00123	0.00615	0.00492	0.00492	0.75883
45	0.01309	0.00899	0.01054	0.01023	0.01081	0.00934	0.00640	0.04532	0.01371	0.01851	0.02526	0.04931	0.02795	0.57505	0.13438	0.00854	0.01022	0.01136	0.00512	0.00587
46	0.02121	0.01794	0.01890	0.01673	0.02153	0.02053	0.01309	0.09799	0.55637	0.03587	0.03475	0.03214	0.05239	0.01159	0.00850	0.00279	0.00671	0.00958	0.00841	0.01297
47	0.01039	0.00739	0.00980	0.01162	0.01215	0.00696	0.00786	0.01188	0.01587	0.02112	0.04467	0.63815	0.05329	0.06158	0.01231	0.00364	0.00513	0.05193	0.00757	0.00670
48	0.01016	0.00776	0.00937	0.01061	0.01198	0.00697	0.00746	0.01195	0.01714	0.02181	0.05946	0.45222	0.26888	0.02410	0.01036	0.00319	0.00473	0.04726	0.00771	0.00688
49	0.11752	0.01642	0.01783	0.01539	0.02023	0.01774	0.01236	0.17067	0.20419	0.13045	0.03197	0.08167	0.05726	0.01286	0.00845	0.00279	0.00706	0.05522	0.00812	0.01179
50	0.01568	0.01440	0.02402	0.65246	0.05473	0.01790	0.02217	0.02113	0.01665	0.02174	0.01541	0.02261	0.01161	0.00838	0.00817	0.00272	0.01070	0.00740	0.04298	0.00915
51	0.02056	0.01974	0.03372	0.05099	0.65622	0.01974	0.02550	0.02550	0.01892	0.02714	0.01563	0.02056	0.01316	0.00740	0.00822	0.00247	0.00987	0.00740	0.00411	0.01316
52	0.01687	0.06838	0.64143	0.02332	0.03540	0.01981	0.03007	0.02625	0.01751	0.02605	0.01478	0.01738	0.01053	0.00786	0.00780	0.00260	0.01215	0.00607	0.00351	0.01222
53	0.02056	0.01974	0.03372	0.05099	0.65622	0.01974	0.02550	0.02550	0.01892	0.02714	0.01563	0.02056	0.01316	0.00740	0.00822	0.00247	0.00987	0.00740	0.00411	0.01316
54	0.01621	0.00844	0.00851	0.00825	0.01040	0.00855	0.00625	0.04663	0.01839	0.03193	0.02678	0.03048	0.02097	0.00969	0.00592	0.00196	0.00411	0.00773	0.72076	0.00803
55	0.76672	0.01607	0.01221	0.01092	0.01607	0.01864	0.00900	0.02442	0.01414	0.03727	0.01157	0.01350	0.00900	0.00771	0.00514	0.00257	0.00643	0.00450	0.00514	0.00900
56	0.01832	0.24206	0.38204	0.02012	0.02977	0.02291	0.04843	0.02608	0.05071	0.02452	0.01860	0.02045	0.04507	0.00849	0.00733	0.00240	0.01060	0.00655	0.00403	0.01151
57	0.01168	0.00905	0.01322	0.01254	0.01447	0.00837	0.05229	0.01488	0.02039	0.02817	0.37205	0.28448	0.08720	0.01959	0.01008	0.00290	0.00497	0.01776	0.00823	0.00767
58	0.01111	0.00863	0.01252	0.01323	0.01416	0.00850	0.03927	0.01298	0.01631	0.02203	0.07356	0.59960	0.05170	0.02400	0.01140	0.00332	0.04151	0.02162	0.00739	0.00715
59	0.01190	0.00876	0.01262	0.01262	0.01385	0.00999	0.00947	0.01436	0.01313	0.01874	0.02292	0.03634	0.02238	0.17249	0.56714	0.01245	0.01983	0.00944	0.00455	0.00701
60	0.01666	0.04297	0.66500	0.02368	0.03596	0.01929	0.03069	0.02631	0.01754	0.02631	0.01491	0.01754	0.01052	0.00789	0.00789	0.00263	0.01228	0.00614	0.00351	0.01228
61	0.02057	0.01963	0.03287	0.04905	0.62015	0.01979	0.02479	0.02656	0.05428	0.02757	0.01666	0.02115	0.01385	0.00762	0.00824	0.00249	0.00968	0.00752	0.00436	0.01316
62	0.01569	0.01477	0.02492	0.68808	0.05722	0.01846	0.02307	0.02123	0.01661	0.02123	0.01477	0.02215	0.01107	0.00831	0.00831	0.00277	0.01107	0.00738	0.00369	0.00923
63	0.01901	0.01969	0.02907	0.02381	0.02559	0.04912	0.12031	0.02262	0.04062	0.02174	0.01293	0.01930	0.01179	0.01291	0.02278	0.00340	0.52400	0.00771	0.00396	0.00964
64	0.01187	0.00890	0.01335	0.01335	0.01483	0.01038	0.01038	0.01483	0.01335	0.01928	0.02225	0.03264	0.02077	0.06231	0.67512	0.01335	0.02225	0.00890	0.00445	0.00742
65	0.01698	0.08105	0.62968	0.02314	0.03512	0.02006	0.02976	0.02623	0.01750	0.02592	0.01472	0.01730	0.01053	0.00785	0.00775	0.00258	0.01208	0.00604	0.00351	0.01219
66	0.02056	0.01974	0.03372	0.05099	0.65622	0.01974	0.02550	0.02550	0.01892	0.02714	0.01563	0.02056	0.01316	0.00740	0.00822	0.00247	0.00987	0.00740	0.00411	0.01316
67	0.46387	0.01527	0.01514	0.01253	0.01820	0.01597	0.01033	0.03109	0.01814	0.29664	0.02037	0.01963	0.01380	0.00878	0.00648	0.00257	0.00669	0.00610	0.00728	0.01113
68	0.01808	0.01818	0.02403	0.04594	0.02260	0.05756	0.01742	0.02018	0.01350	0.01998	0.01236	0.01970	0.01195	0.01909	0.09469	0.00456	0.56012	0.00735	0.00376	0.00894
69	0.01443	0.00722	0.01082	0.01082	0.01082	0.00722	0.00722	0.01082	0.01082	0.01443	0.01443	0.02525	0.01443	0.02886	0.03247	0.75830	0.00722	0.00722	0.00361	0.00361
70	0.03727	0.01414	0.01928	0.01478	0.02121	0.01221	0.01221	0.04049	0.02378	0.66198	0.03277	0.02828	0.02056	0.01028	0.00835	0.00257	0.00707	0.00835	0.01028	0.01414
71	0.01598	0.00846	0.00876	0.00851	0.01062	0.00864	0.00646	0.04486	0.01813	0.03128	0.02655	0.03059	0.02096	0.01239	0.04022	0.00254	0.00504	0.00779	0.68423	0.00800
72	0.01047	0.00889	0.00909	0.00896	0.01181	0.00774	0.00674	0.01375	0.05039	0.02367	0.11372	0.07648	0.58892	0.02032	0.00975	0.00279	0.00431	0.01698	0.00783	0.00737
73	0.02036	0.01750	0.01856	0.01684	0.02142	0.02020	0.01316	0.04302	0.61515	0.03434	0.03424	0.03362	0.02630	0.01176	0.00858	0.00286	0.00662	0.03415	0.00842	0.01292
74	0.01242	0.00898	0.01206	0.01283	0.01476	0.00863	0.01055	0.01611	0.02079	0.02804	0.29340	0.10177	0.09272	0.02053	0.01067	0.00326	0.00585	0.31071	0.00826	0.00766
75	0.01766	0.01664	0.02680	0.34975	0.13748	0.01990	0.05334	0.05340	0.01750	0.02382	0.01627	0.05948	0.01408	0.01042	0.01226	0.00292	0.14560	0.00842	0.00424	0.01003
76	0.01682	0.04187	0.63204	0.02428	0.03635	0.01938	0.06255	0.02633	0.01765	0.02633	0.01501	0.01780	0.01063	0.00785	0.00799	0.00264	0.01237	0.00633	0.00354	0.01222
77	0.02038	0.49144	0.24906	0.01734	0.02616	0.02838	0.01966	0.02535	0.01710	0.02178	0.01266	0.01472	0.01062	0.00737	0.00618	0.00206	0.01001	0.00500	0.00354	0.01120
78	0.02060	0.01810	0.02049	0.01793	0.02284	0.02068	0.04779	0.04315	0.60608	0.03429	0.03285	0.03051	0.02464	0.01103	0.00853	0.00282	0.00699	0.00942	0.00821	0.01304
79	0.01187	0.00890	0.01335	0.01335	0.01483	0.01038	0.01038	0.01483	0.01335	0.01928	0.02225	0.03264	0.02077	0.06231	0.67512	0.01335	0.02225	0.00890	0.00445	0.00742
80	0.01666	0.04297	0.66500	0.02368	0.03596	0.01929	0.03069	0.02631	0.01754	0.02631	0.01491	0.01754	0.01052	0.00789	0.00789	0.00263	0.01228	0.00614	0.00351	0.01228
81	0.01961	0.02241	0.04902	0.03501	0.04342	0.02101	0.62605	0.02661	0.01961	0.02661	0.01681	0.02241	0.01261	0.00700	0.00980	0.00280	0.01401	0.00980	0.00420	0.01120
82	0.03158	0.02327	0.02493	0.01911	0.02576	0.02576	0.01579	0.62852	0.03906	0.05236	0.01995	0.01995	0.01413	0.00997	0.00831	0.00249	0.00914	0.00748	0.00831	0.01413
83	0.00982	0.00842	0.00842	0.00842	0.01122	0.00701	0.00631	0.01192	0.01894	0.02244	0.08416	0.07995	0.65285	0.02104	0.00982	0.00281	0.00421	0.01753	0.00771	0.00701
84	0.05818	0.00822	0.00800	0.00792	0.01004	0.00836	0.00599	0.01965	0.01723	0.03133	0.02622	0.02998	0.02059	0.00957	0.00577	0.00197	0.00402	0.00756	0.71159	0.00781
85	0.01210	0.00930	0.01379	0.01370	0.01505	0.01098	0.01065	0.01492	0.01346	0.01943	0.02298	0.06973	0.02217	0.05771	0.60306	0.01227	0.05698	0.00965	0.00459	0.00747
86	0.76672	0.01607	0.01221	0.01092	0.01607	0.01864	0.00900	0.02442	0.01414	0.03727	0.01157	0.01350	0.00900	0.00771	0.00514	0.00257	0.00643	0.00450	0.00514	0.00900
87	0.01208	0.00805	0.00906	0.00906	0.00906	0.00805	0.00503	0.01208	0.01208	0.01611	0.02618	0.05436	0.03020	0.70804	0.04228	0.00805	0.00805	0.01208	0.00503	0.00503
88	0.01339	0.00956	0.01339	0.01530	0.01721	0.00956	0.01339	0.01721	0.01912	0.02486	0.04399	0.09371	0.04781	0.02295	0.01147	0.00382	0.00765	0.60031	0.00765	0.00765
89	0.01795	0.01708	0.02901	0.39175	0.33583	0.01905	0.02420	0.02321	0.01768	0.02398	0.01517	0.02141	0.01204	0.00789	0.00827	0.00263	0.01051	0.00739	0.00389	0.01106
90	0.00988	0.00818	0.00866	0.00905	0.01139	0.00696	0.00659	0.01185	0.01832	0.02219	0.07641	0.20574	0.53206	0.02205	0.00998	0.00292	0.00433	0.01876	0.00771	0.00696
91	0.01339	0.00956	0.01339	0.01530	0.01721	0.00956	0.01339	0.01721	0.01912	0.02486	0.04399	0.09371	0.04781	0.02295	0.01147	0.00382	0.00765	0.60031	0.00765	0.00765
92	0.01615	0.01524	0.02576	0.62730	0.11436	0.01858	0.02330	0.02163	0.01683	0.02179	0.01485	0.02200	0.01127	0.00822	0.00830	0.00274	0.01096	0.00738	0.00373	0.00960
93	0.01187	0.00890	0.01335	0.01335	0.01483	0.01038	0.01038	0.01483	0.01335	0.01928	0.02225	0.03264	0.02077	0.06231	0.67512	0.01335	0.02225	0.00890	0.00445	0.00742
94	0.00982	0.00842	0.00842	0.00842	0.01122	0.00701	0.00631	0.01192	0.01894	0.02244	0.08416	0.07995	0.65285	0.02104	0.00982	0.00281	0.00421	0.01753	0.00771	0.00701
95	0.01549	0.00774	0.00774	0.00774	0.00968	0.00774	0.00581	0.01936	0.01742	0.03097	0.02710	0.03097	0.02129	0.00968	0.00581	0.00194	0.00387	0.00774	0.75416	0.00774
96	0.01950	0.02318	0.07217	0.03459	0.04314	0.02094	0.60367	0.02660	0.01953	0.02660	0.01674	0.02223	0.01253	0.00704	0.00973	0.00279	0.01394	0.00967	0.00418	0.01124
97	0.01971	0.04859	0.04881	0.03423	0.04258	0.02146	0.60286	0.02654	0.01950	0.02634	0.01661	0.02206	0.01253	0.00701	0.00963	0.00276	0.01381	0.00960	0.00418	0.01118
98	0.03103	0.03959	0.02354	0.02140	0.02568	0.67469	0.01605	0.03317	0.02354	0.02033	0.01284	0.01498	0.01070	0.00856	0.00749	0.00214	0.01498	0.00535	0.00428	0.00963
99	0.03220	0.02227	0.02431	0.01864	0.02526	0.02428	0.01540	0.56428	0.03739	0.11896	0.02135	0.02086	0.01483	0.01001	0.00832	0.00250	0.00892	0.00758	0.00853	0.01413
100	0.01663	0.01182	0.01389	0.01341	0.01603	0.01209	0.00991	0.12994	0.08937	0.06176	0.06346	0.39840	0.08983	0.01996	0.00974	0.00304	0.00584	0.01754	0.00809	0.00924
101	0.69836	0.01772	0.04547	0.01191	0.01747	0.01897	0.01037	0.04979	0.01535	0.03735	0.01209	0.01397	0.00929	0.00782	0.00541	0.00257	0.00683	0.00471	0.00519	0.00938
102	0.14258	0.30968	0.02952	0.08042	0.02458	0.10777	0.01425	0.11122	0.02055	0.02751	0.01736	0.01915	0.04744	0.00871	0.00654	0.00221	0.00924	0.00603	0.00483	0.01041
103	0.01188	0.00885	0.01311	0.01311	0.01451	0.01025	0.01008	0.01468	0.01328	0.01911	0.02247	0.03386	0.02130	0.09880	0.63935	0.01305	0.02145	0.00908	0.00448	0.00728
104	0.01012	0.00723	0.00964	0.01157	0.01205	0.00675	0.00771	0.01157	0.01591	0.02121	0.04579	0.70262	0.05495	0.02603	0.01060	0.00337	0.00482	0.02362	0.00771	0.00675
105	0.76672	0.01607	0.01221	0.01092	0.01607	0.01864	0.00900	0.02442	0.01414	0.03727	0.01157	0.01350	0.00900	0.00771	0.00514	0.00257	0.00643	0.00450	0.00514	0.00900
106	0.01303	0.00931	0.01297	0.01489	0.01664	0.00925	0.01276	0.01659	0.01877	0.02446	0.04418	0.16071	0.04860	0.02329	0.01138	0.00378	0.00734	0.53685	0.00766	0.00755
107	0.02153	0.01828	0.01928	0.01708	0.02193	0.02107	0.01336	0.09079	0.59315	0.03616	0.03271	0.03011	0.02446	0.01117	0.00844	0.00279	0.00678	0.00924	0.00844	0.01323
108	0.01000	0.00771	0.00914	0.01028	0.01171	0.00686	0.00714	0.01171	0.01714	0.02171	0.06141	0.44905	0.29843	0.02400	0.01028	0.00314	0.00457	0.02114	0.00771	0.00686
109	0.01723	0.01477	0.01723	0.01230	0.01969	0.01107	0.00984	0.02092	0.01723	0.02707	0.01477	0.01723	0.01230	0.00615	0.00615	0.00123	0.00615	0.00492	0.00492	0.75883
110	0.00982	0.00842	0.00842	0.00842	0.01122	0.00701	0.00631	0.01192	0.01894	0.02244	0.08416	0.07995	0.65285	0.02104	0.00982	0.00281	0.00421	0.01753	0.00771	0.00701
111	0.01129	0.00824	0.01061	0.01050	0.01225	0.00756	0.00769	0.01459	0.02170	0.03013	0.49083	0.18577	0.11976	0.01903	0.00995	0.00277	0.00411	0.01686	0.00876	0.00756
112	0.02066	0.01785	0.01878	0.01691	0.02160	0.02066	0.01315	0.04414	0.64121	0.03475	0.03381	0.03099	0.02536	0.01127	0.00845	0.00282	0.00657	0.00939	0.00845	0.01315
113	0.01158	0.00848	0.01086	0.01027	0.01230	0.00776	0.00770	0.01534	0.02310	0.03234	0.60075	0.06367	0.13009	0.01735	0.00980	0.00263	0.00395	0.01525	0.00902	0.00776
114	0.01158	0.00848	0.01086	0.01026	0.01230	0.00776	0.00770	0.01533	0.02309	0.03231	0.59948	0.06371	0.13137	0.01736	0.00980	0.00263	0.00395	0.01526	0.00901	0.00776
115	0.01676	0.01621	0.02458	0.58969	0.05217	0.04832	0.02200	0.02285	0.04803	0.02180	0.01543	0.02206	0.01176	0.00879	0.00927	0.00279	0.04672	0.00739	0.00395	0.00944
116	0.02025	0.01737	0.01848	0.01681	0.02135	0.02003	0.01316	0.04261	0.60586	0.03419	0.03439	0.03456	0.02664	0.01193	0.00862	0.00287	0.00664	0.04298	0.00841	0.01284
117	0.02299	0.52923	0.11078	0.01644	0.02368	0.13412	0.01638	0.02637	0.01802	0.02044	0.01214	0.01407	0.01065	0.00743	0.00597	0.00193	0.01025	0.00478	0.00366	0.01068
118	0.01856	0.04126	0.59470	0.02308	0.03460	0.05596	0.02889	0.02744	0.01821	0.05949	0.01573	0.01796	0.01106	0.00806	0.00789	0.00260	0.01216	0.00621	0.00391	0.01223
119	0.02836	0.05077	0.02245	0.01866	0.02366	0.27048	0.01483	0.17264	0.11466	0.10091	0.02263	0.02739	0.01824	0.01080	0.00822	0.00252	0.01063	0.06386	0.00677	0.01152
120	0.01837	0.01874	0.02606	0.17946	0.03116	0.06054	0.04109	0.02127	0.01450	0.02054	0.01214	0.01908	0.01099	0.01246	0.02104	0.00332	0.46903	0.00728	0.00371	0.00923
121	0.02853	0.02107	0.02368	0.08810	0.02815	0.02350	0.01595	0.44409	0.12918	0.07831	0.02223	0.02232	0.01589	0.01002	0.00833	0.00258	0.00884	0.00781	0.00796	0.01347
122	0.01790	0.04925	0.01619	0.01309	0.01665	0.01366	0.01030	0.06010	0.17279	0.09114	0.37712	0.04655	0.05314	0.01408	0.00902	0.00261	0.00540	0.01208	0.00874	0.01020
123	0.01044	0.00794	0.00940	0.01040	0.01184	0.00719	0.00735	0.01218	0.01695	0.02148	0.05858	0.35564	0.28233	0.08827	0.01336	0.00363	0.00510	0.06373	0.00746	0.00676
124	0.03212	0.02240	0.02439	0.01870	0.02533	0.02448	0.01545	0.57268	0.03761	0.11025	0.02116	0.02074	0.01474	0.01000	0.00831	0.00250	0.00894	0.00756	0.00850	0.01413
125	0.01852	0.01948	0.03076	0.31666	0.04309	0.07663	0.17497	0.02339	0.01729	0.02252	0.01442	0.02069	0.01145	0.00905	0.01200	0.00282	0.13651	0.00771	0.00391	0.03816
126	0.02403	0.38136	0.14291	0.01645	0.02408	0.02565	0.01670	0.06134	0.07992	0.12757	0.01816	0.01853	0.01385	0.00831	0.00672	0.00219	0.00896	0.00601	0.00536	0.01192
127	0.01176	0.00849	0.01110	0.01045	0.01241	0.00784	0.00784	0.01568	0.02352	0.03331	0.65184	0.06206	0.07839	0.01698	0.00980	0.00261	0.00392	0.01502	0.00914	0.00784
128	0.02041	0.01769	0.01909	0.05056	0.02339	0.02055	0.01365	0.04299	0.60990	0.03407	0.03286	0.03055	0.02464	0.01112	0.00845	0.00282	0.00680	0.00929	0.00821	0.01295
129	0.01155	0.00848	0.01081	0.01023	0.01228	0.00775	0.00767	0.01527	0.02302	0.03213	0.58985	0.06401	0.14111	0.01743	0.00980	0.00263	0.00395	0.01530	0.00899	0.00775
130	0.07574	0.01424	0.01891	0.01458	0.02094	0.01255	0.01204	0.03964	0.02327	0.62904	0.03166	0.02750	0.01995	0.01015	0.00818	0.00257	0.00704	0.00815	0.01001	0.01387
131	0.01187	0.00890	0.01335	0.01335	0.01483	0.01038	0.01038	0.01483	0.01335	0.01928	0.02225	0.03264	0.02077	0.06231	0.67512	0.01335	0.02225	0.00890	0.00445	0.00742
132	0.01209	0.00867	0.01219	0.01219	0.01339	0.00977	0.00906	0.01450	0.01329	0.01922	0.02330	0.03702	0.02273	0.19232	0.51156	0.01169	0.01841	0.00950	0.04216	0.00694
133	0.01012	0.00723	0.00964	0.01157	0.01205	0.00675	0.00771	0.01157	0.01591	0.02121	0.04579	0.70262	0.05495	0.02603	0.01060	0.00337	0.00482	0.02362	0.00771	0.00675
134	0.01799	0.01522	0.01764	0.01267	0.02001	0.01186	0.01016	0.05343	0.01839	0.02842	0.01504	0.01737	0.01240	0.00636	0.00627	0.00130	0.00631	0.00506	0.00510	0.71898
135	0.02051	0.04221	0.05174	0.01464	0.01967	0.01554	0.01222	0.09663	0.18645	0.11166	0.12155	0.08700	0.08164	0.01288	0.00851	0.00255	0.00656	0.01079	0.00783	0.08942
136	0.01864	0.07091	0.39023	0.02259	0.03162	0.11306	0.08997	0.02567	0.01858	0.02487	0.04044	0.05484	0.01600	0.01117	0.03321	0.00297	0.01236	0.00767	0.00416	0.01106
137	0.01761	0.01728	0.02410	0.02080	0.02086	0.02394	0.01717	0.01937	0.01271	0.01976	0.01216	0.02066	0.01231	0.05332	0.05315	0.00425	0.63040	0.00759	0.00374	0.00881
138	0.01961	0.02241	0.04902	0.03501	0.04342	0.02101	0.62605	0.02661	0.01961	0.02661	0.01681	0.02241	0.01261	0.00700	0.00980	0.00280	0.01401	0.00980	0.00420	0.01120
139	0.07453	0.07524	0.02129	0.01475	0.02118	0.01504	0.01240	0.06842	0.02345	0.54182	0.02915	0.02577	0.01876	0.00985	0.00792	0.00250	0.00730	0.00777	0.00932	0.01356
140	0.01924	0.02303	0.07923	0.07134	0.04381	0.02078	0.56146	0.02629	0.01933	0.02629	0.01659	0.02214	0.01241	0.00712	0.00962	0.00279	0.01375	0.00948	0.00414	0.01115
141	0.01723	0.01477	0.01723	0.01230	0.01969	0.01107	0.00984	0.02092	0.01723	0.02707	0.01477	0.01723	0.01230	0.00615	0.00615	0.00123	0.00615	0.00492	0.00492	0.75883
142	0.01723	0.01477	0.01723	0.01230	0.01969	0.01107	0.00984	0.02092	0.01723	0.02707	0.01477	0.01723	0.01230	0.00615	0.00615	0.00123	0.00615	0.00492	0.00492	0.75883
143	0.01837	0.02030	0.04314	0.09368	0.04181	0.01946	0.51285	0.02472	0.01899	0.02561	0.01929	0.08513	0.01637	0.00888	0.00974	0.00285	0.01289	0.01085	0.00448	0.01061
144	0.01723	0.01477	0.01723	0.01230	0.01969	0.01107	0.00984	0.02092	0.01723	0.02707	0.01477	0.01723	0.01230	0.00615	0.00615	0.00123	0.00615	0.00492	0.00492	0.75883
145	0.01621	0.01387	0.01670	0.01540	0.01744	0.04795	0.01204	0.07507	0.06641	0.02384	0.02539	0.06975	0.05413	0.07285	0.31171	0.00791	0.12945	0.00982	0.00537	0.00870
146	0.02221	0.71304	0.04353	0.01421	0.02132	0.03287	0.01421	0.02488	0.01688	0.01955	0.01155	0.01333	0.01066	0.00711	0.00533	0.00178	0.00888	0.00444	0.00355	0.01066
147	0.06456	0.02251	0.02085	0.04538	0.02416	0.14214	0.01391	0.21825	0.15041	0.03540	0.02237	0.02286	0.03977	0.00958	0.00772	0.00231	0.00897	0.00727	0.00664	0.13492
148	0.01969	0.40901	0.32551	0.01851	0.02796	0.02671	0.02169	0.02553	0.01718	0.02261	0.01307	0.01524	0.01060	0.00746	0.00649	0.00216	0.01042	0.00521	0.00353	0.01139
149	0.00982	0.00842	0.00842	0.00842	0.01122	0.00701	0.00631	0.01192	0.01894	0.02244	0.08416	0.07995	0.65285	0.02104	0.00982	0.00281	0.00421	0.01753	0.00771	0.00701
150	0.01431	0.01133	0.01337	0.04792	0.01694	0.01151	0.00970	0.06605	0.11810	0.03120	0.31140	0.08309	0.19986	0.01646	0.00944	0.00272	0.00522	0.01414	0.00828	0.00897
151	0.00992	0.00831	0.00863	0.00879	0.01134	0.00702	0.00650	0.01202	0.01881	0.02271	0.10070	0.13869	0.57540	0.02137	0.00989	0.00285	0.00426	0.01802	0.00777	0.00702
152	0.01666	0.04297	0.66500	0.02368	0.03596	0.01929	0.03069	0.02631	0.01754	0.02631	0.01491	0.01754	0.01052	0.00789	0.00789	0.00263	0.01228	0.00614	0.00351	0.01228
153	0.01403	0.02132	0.21989	0.01790	0.02424	0.01322	0.10652	0.01974	0.01977	0.02713	0.19569	0.04793	0.18842	0.01390	0.00927	0.00274	0.00823	0.03430	0.00624	0.00951
154	0.01443	0.00722	0.01082	0.01082	0.01082	0.00722	0.00722	0.01082	0.01082	0.01443	0.01443	0.02525	0.01443	0.02886	0.03247	0.75830	0.00722	0.00722	0.00361	0.00361
155	0.01818	0.01539	0.01772	0.01293	0.02012	0.01239	0.01035	0.05428	0.05384	0.02884	0.01612	0.01815	0.01314	0.00664	0.00640	0.00139	0.00633	0.00531	0.00530	0.67718
156	0.03727	0.01414	0.01928	0.01478	0.02121	0.01221	0.01221	0.04049	0.02378	0.66198	0.03277	0.02828	0.02056	0.01028	0.00835	0.00257	0.00707	0.00835	0.01028	0.01414
157	0.02819	0.01645	0.01922	0.01607	0.02158	0.01721	0.01284	0.06360	0.35416	0.30497	0.03287	0.02943	0.02289	0.01080	0.00841	0.00270	0.00688	0.00888	0.00923	0.01361
158	0.01535	0.01360	0.01358	0.01265	0.01608	0.04797	0.00966	0.02574	0.25132	0.02894	0.16814	0.05492	0.27749	0.01598	0.00918	0.00274	0.00561	0.01338	0.00807	0.00959
159	0.01134	0.00848	0.01053	0.01002	0.01216	0.00766	0.00751	0.01487	0.02254	0.03099	0.53049	0.06588	0.20118	0.01785	0.00980	0.00265	0.00398	0.01556	0.00884	0.00766
160	0.01188	0.00887	0.01317	0.01317	0.01459	0.01029	0.01016	0.01472	0.01330	0.01915	0.02242	0.03355	0.02116	0.08932	0.64865	0.01313	0.02166	0.00903	0.00447	0.00732
161	0.02297	0.01772	0.01915	0.01679	0.02177	0.02002	0.01318	0.07306	0.54558	0.10211	0.03301	0.03015	0.02429	0.01110	0.00844	0.00278	0.00676	0.00919	0.00864	0.01330

[dist]
# distance from previous block
# <min> <max>
0	16

[block]
# block no. 3 follows, 22 sequences, length 57
# corresponding to MSA columns:
# 266-322
name=unknown_D
#
# <colnr> <probs for GDERKNQSTAVLIFYWHMCP>
#	G	D	E	R	K	N	Q	S	T	A	V	L	I	F	Y	W	H	M	C	P
0	0.01569	0.01477	0.02492	0.68808	0.05722	0.01846	0.02307	0.02123	0.01661	0.02123	0.01477	0.02215	0.01107	0.00831	0.00831	0.00277	0.01107	0.00738	0.00369	0.00923
1	0.05558	0.01513	0.01848	0.01411	0.02070	0.01333	0.01147	0.05823	0.07335	0.33308	0.02508	0.02364	0.01730	0.00878	0.00745	0.00211	0.00676	0.00703	0.00794	0.28044
2	0.01208	0.00805	0.00906	0.00906	0.00906	0.00805	0.00503	0.01208	0.01208	0.01611	0.02618	0.05436	0.03020	0.70804	0.04228	0.00805	0.00805	0.01208	0.00503	0.00503
3	0.08521	0.01822	0.01904	0.01659	0.02165	0.02075	0.01310	0.11682	0.48334	0.06634	0.03014	0.02800	0.02234	0.01076	0.00815	0.00274	0.00691	0.00869	0.00824	0.01297
4	0.76672	0.01607	0.01221	0.01092	0.01607	0.01864	0.00900	0.02442	0.01414	0.03727	0.01157	0.01350	0.00900	0.00771	0.00514	0.00257	0.00643	0.00450	0.00514	0.00900
5	0.02731	0.01445	0.01826	0.01355	0.02045	0.01165	0.01103	0.03076	0.02052	0.34647	0.02383	0.02279	0.01646	0.00823	0.00726	0.00190	0.00661	0.00665	0.00762	0.38420
6	0.02066	0.01785	0.01878	0.01691	0.02160	0.02066	0.01315	0.04414	0.64121	0.03475	0.03381	0.03099	0.02536	0.01127	0.00845	0.00282	0.00657	0.00939	0.00845	0.01315
7	0.03103	0.03959	0.02354	0.02140	0.02568	0.67469	0.01605	0.03317	0.02354	0.02033	0.01284	0.01498	0.01070	0.00856	0.00749	0.00214	0.01498	0.00535	0.00428	0.00963
8	0.01666	0.04297	0.66500	0.02368	0.03596	0.01929	0.03069	0.02631	0.01754	0.02631	0.01491	0.01754	0.01052	0.00789	0.00789	0.00263	0.01228	0.00614	0.00351	0.01228
9	0.01398	0.01154	0.01642	0.01446	0.01698	0.01194	0.06339	0.01995	0.09216	0.03015	0.39284	0.08731	0.05667	0.04305	0.01248	0.00304	0.06305	0.03405	0.00788	0.00867
10	0.02158	0.01830	0.01930	0.01709	0.02195	0.02109	0.01337	0.09300	0.59087	0.03622	0.03265	0.03007	0.02442	0.01116	0.00844	0.00279	0.00679	0.00923	0.00844	0.01323
11	0.00984	0.00832	0.00851	0.00866	0.01129	0.00699	0.00642	0.01189	0.01870	0.02235	0.08116	0.12853	0.60620	0.02143	0.00988	0.00285	0.00426	0.01801	0.00771	0.00699
12	0.01071	0.00842	0.00980	0.01039	0.01255	0.00751	0.00796	0.01321	0.01897	0.02388	0.13436	0.18680	0.38011	0.02177	0.01024	0.00306	0.00488	0.12035	0.00786	0.00717
13	0.05293	0.10275	0.02624	0.01988	0.02475	0.31777	0.04879	0.15607	0.02414	0.02789	0.01507	0.01787	0.01232	0.01341	0.06439	0.00325	0.05054	0.00632	0.00506	0.01055
14	0.01842	0.03070	0.29740	0.03044	0.04041	0.02032	0.38598	0.02649	0.01877	0.02649	0.01604	0.02045	0.01177	0.00736	0.00903	0.00273	0.01331	0.00833	0.00392	0.01164
15	0.00982	0.00842	0.00842	0.00842	0.01122	0.00701	0.00631	0.01192	0.01894	0.02244	0.08416	0.07995	0.65285	0.02104	0.00982	0.00281	0.00421	0.01753	0.00771	0.00701
16	0.05781	0.03304	0.02512	0.02122	0.02646	0.42625	0.05411	0.20024	0.02732	0.03038	0.01505	0.01679	0.01172	0.00883	0.00778	0.00230	0.01296	0.00620	0.00544	0.01097
17	0.02560	0.01455	0.01740	0.01479	0.01959	0.01472	0.01169	0.06807	0.23152	0.27922	0.08997	0.09047	0.05912	0.01300	0.00877	0.00273	0.00642	0.01094	0.00912	0.01231
18	0.01203	0.00859	0.01183	0.01375	0.01507	0.00839	0.01103	0.01487	0.01779	0.02335	0.04473	0.34636	0.05077	0.02423	0.01111	0.00364	0.00648	0.36102	0.00768	0.00728
19	0.03727	0.01414	0.01928	0.01478	0.02121	0.01221	0.01221	0.04049	0.02378	0.66198	0.03277	0.02828	0.02056	0.01028	0.00835	0.00257	0.00707	0.00835	0.01028	0.01414
20	0.01715	0.10150	0.61071	0.02285	0.03468	0.02048	0.02925	0.02618	0.01748	0.02572	0.01461	0.01717	0.01054	0.00782	0.00767	0.00256	0.01198	0.00599	0.00351	0.01214
21	0.01432	0.00947	0.01328	0.01282	0.01518	0.00862	0.04252	0.01699	0.01906	0.09950	0.14998	0.32857	0.15080	0.02055	0.01010	0.00306	0.00556	0.06341	0.00806	0.00816
22	0.01012	0.00723	0.00964	0.01157	0.01205	0.00675	0.00771	0.01157	0.01591	0.02121	0.04579	0.70262	0.05495	0.02603	0.01060	0.00337	0.00482	0.02362	0.00771	0.00675
23	0.04593	0.44759	0.26632	0.01751	0.02641	0.02749	0.01997	0.02538	0.01702	0.02259	0.01276	0.01485	0.01055	0.00741	0.00625	0.00211	0.01002	0.00506	0.00359	0.01119
24	0.02788	0.02069	0.02268	0.05436	0.02555	0.02273	0.01486	0.47402	0.07272	0.04636	0.02085	0.02153	0.01517	0.00973	0.00799	0.00241	0.00848	0.00748	0.07024	0.05427
25	0.01800	0.01438	0.01699	0.01241	0.01942	0.01094	0.00988	0.02156	0.01753	0.06176	0.01720	0.04967	0.01474	0.00730	0.00648	0.00140	0.00614	0.00598	0.00535	0.68289
26	0.45083	0.08908	0.07153	0.01333	0.01935	0.04106	0.01210	0.02740	0.01702	0.14190	0.03803	0.01813	0.01379	0.00846	0.00619	0.00248	0.00748	0.00570	0.00584	0.01031
27	0.04758	0.05534	0.04893	0.01200	0.01500	0.01089	0.01000	0.01705	0.04577	0.02686	0.22405	0.18277	0.17662	0.01837	0.00947	0.00288	0.00554	0.07520	0.00754	0.00814
28	0.01516	0.00938	0.01131	0.06643	0.01508	0.01045	0.00864	0.01858	0.01615	0.02697	0.02417	0.03127	0.02025	0.07511	0.06333	0.00358	0.06761	0.00814	0.50066	0.00772
29	0.01180	0.03548	0.03665	0.01096	0.01329	0.00891	0.00862	0.01508	0.02069	0.02837	0.40088	0.17016	0.14379	0.04483	0.01095	0.00295	0.00477	0.01598	0.00813	0.00771
30	0.02941	0.03236	0.02565	0.02161	0.02687	0.40595	0.06676	0.18307	0.07530	0.03003	0.01659	0.01810	0.01286	0.00900	0.00797	0.00234	0.01278	0.00657	0.00561	0.01117
31	0.02324	0.63471	0.04121	0.01505	0.02183	0.10752	0.01443	0.02584	0.01765	0.01964	0.01170	0.01352	0.01067	0.00728	0.00558	0.00182	0.00959	0.00455	0.00364	0.01054
32	0.02998	0.02247	0.02403	0.01879	0.02515	0.02502	0.01540	0.54288	0.12731	0.04978	0.02198	0.02156	0.01577	0.01016	0.00833	0.00254	0.00877	0.00776	0.00833	0.01398
33	0.01207	0.00810	0.00930	0.00930	0.00938	0.00818	0.00533	0.01223	0.01215	0.01628	0.02596	0.05317	0.02968	0.67261	0.07701	0.00834	0.00883	0.01191	0.00500	0.00516
34	0.01001	0.00848	0.00869	0.00879	0.01155	0.00715	0.00670	0.01221	0.01895	0.02258	0.08195	0.08071	0.61953	0.02114	0.00991	0.00286	0.00440	0.04963	0.00771	0.00705
35	0.01141	0.00848	0.01062	0.01009	0.01220	0.00769	0.00756	0.01500	0.02269	0.03136	0.55007	0.06526	0.18137	0.01771	0.00980	0.00265	0.00397	0.01547	0.00889	0.00769
36	0.03727	0.01414	0.01928	0.01478	0.02121	0.01221	0.01221	0.04049	0.02378	0.66198	0.03277	0.02828	0.02056	0.01028	0.00835	0.00257	0.00707	0.00835	0.01028	0.01414
37	0.70251	0.01670	0.01332	0.01164	0.01691	0.01926	0.00959	0.07719	0.01631	0.03859	0.01230	0.01406	0.00945	0.00791	0.00542	0.00256	0.00666	0.00476	0.00542	0.00945
38	0.01187	0.00890	0.01335	0.01335	0.01483	0.01038	0.01038	0.01483	0.01335	0.01928	0.02225	0.03264	0.02077	0.06231	0.67512	0.01335	0.02225	0.00890	0.00445	0.00742
39	0.02162	0.01832	0.01932	0.01710	0.02197	0.02111	0.01338	0.09519	0.58861	0.03629	0.03260	0.03003	0.02438	0.01116	0.00844	0.00279	0.00680	0.00923	0.00844	0.01323
40	0.03108	0.03817	0.02366	0.02120	0.02569	0.61801	0.01603	0.08518	0.02490	0.02313	0.01346	0.01541	0.01100	0.00868	0.00756	0.00217	0.01447	0.00554	0.00463	0.01002
41	0.01723	0.01477	0.01723	0.01230	0.01969	0.01107	0.00984	0.02092	0.01723	0.02707	0.01477	0.01723	0.01230	0.00615	0.00615	0.00123	0.00615	0.00492	0.00492	0.75883
42	0.03727	0.01414	0.01928	0.01478	0.02121	0.01221	0.01221	0.04049	0.02378	0.66198	0.03277	0.02828	0.02056	0.01028	0.00835	0.00257	0.00707	0.00835	0.01028	0.01414
43	0.02465	0.07711	0.02435	0.01831	0.02117	0.02091	0.01539	0.02710	0.01725	0.23548	0.04557	0.02300	0.01699	0.01257	0.01827	0.00307	0.37414	0.00772	0.00609	0.01086
44	0.03148	0.01773	0.02050	0.01609	0.02193	0.03863	0.01313	0.26294	0.02961	0.32290	0.10958	0.02913	0.02546	0.01100	0.00850	0.00253	0.00771	0.00881	0.00918	0.01315
45	0.02707	0.03306	0.02506	0.02205	0.02532	0.47140	0.04055	0.02931	0.02043	0.02049	0.01247	0.01615	0.01083	0.01014	0.01299	0.00258	0.20044	0.00605	0.00410	0.00954
46	0.01569	0.01477	0.02492	0.68808	0.05722	0.01846	0.02307	0.02123	0.01661	0.02123	0.01477	0.02215	0.01107	0.00831	0.00831	0.00277	0.01107	0.00738	0.00369	0.00923
