[name]
unknown

[dist]
# distance from previous block
# <min> <max>
9	72

[block]
# block no. 0 follows, 25 sequences, length 20
# corresponding to MSA columns:
# 83-102
name=unknown_A
#
# <colnr> <probs for GDERKNQSTAVLIFYWHMCP>
#	G	D	E	R	K	N	Q	S	T	A	V	L	I	F	Y	W	H	M	C	P
0	0.05924	0.02017	0.02118	0.01675	0.02253	0.05039	0.01367	0.42775	0.11714	0.13879	0.02152	0.02071	0.01515	0.00937	0.00763	0.00237	0.00806	0.00714	0.00776	0.01269
1	0.01167	0.00824	0.01073	0.01066	0.01185	0.00884	0.00768	0.01464	0.04209	0.02053	0.10888	0.07370	0.03056	0.22419	0.30954	0.00806	0.01212	0.01046	0.06896	0.00660
2	0.07184	0.01550	0.02263	0.38286	0.08061	0.01807	0.04854	0.05446	0.16184	0.04009	0.01827	0.02189	0.01369	0.00833	0.00764	0.00255	0.00899	0.00725	0.00491	0.01005
3	0.07952	0.44663	0.15578	0.01672	0.02381	0.02596	0.07083	0.02330	0.01566	0.02129	0.01174	0.01416	0.00997	0.00720	0.00694	0.00204	0.04986	0.00502	0.00348	0.01006
4	0.01729	0.01092	0.01021	0.00938	0.01189	0.05129	0.00721	0.10152	0.01924	0.03090	0.02362	0.02666	0.01840	0.00901	0.00582	0.00189	0.00488	0.00706	0.62470	0.00811
5	0.01116	0.00800	0.01029	0.01062	0.01205	0.00761	0.00804	0.01387	0.01824	0.02481	0.31717	0.12107	0.09317	0.14095	0.01483	0.00366	0.00527	0.16516	0.00734	0.00669
6	0.02082	0.12444	0.04103	0.04256	0.01834	0.01583	0.01110	0.13114	0.05054	0.12159	0.02177	0.02430	0.01678	0.03573	0.04952	0.00289	0.00744	0.00700	0.24735	0.00984
7	0.02271	0.07707	0.09653	0.01420	0.01948	0.01507	0.01277	0.15406	0.02272	0.21427	0.13767	0.06259	0.04935	0.05474	0.00980	0.00269	0.00707	0.00930	0.00728	0.01065
8	0.00982	0.00748	0.00913	0.01020	0.01165	0.00678	0.00747	0.01178	0.01652	0.02109	0.07896	0.38209	0.27117	0.02194	0.00972	0.00299	0.00463	0.10278	0.00724	0.00654
9	0.00966	0.00698	0.00892	0.01026	0.01096	0.00648	0.00687	0.01108	0.01520	0.02012	0.07945	0.56739	0.11006	0.08276	0.01228	0.00343	0.00465	0.02015	0.00706	0.00624
10	0.07167	0.12067	0.02686	0.18722	0.19883	0.14849	0.03398	0.02557	0.07209	0.02306	0.01457	0.01802	0.01175	0.00759	0.00705	0.00226	0.00987	0.00618	0.00411	0.01016
11	0.01788	0.01239	0.04074	0.01309	0.01611	0.01154	0.01026	0.16157	0.02088	0.11621	0.03365	0.40859	0.03519	0.01753	0.00882	0.00277	0.00594	0.01537	0.04243	0.00904
12	0.00954	0.00689	0.00887	0.01040	0.01100	0.00640	0.00693	0.01085	0.01486	0.01959	0.04462	0.62452	0.10303	0.06864	0.01172	0.00338	0.00464	0.02087	0.00704	0.00622
13	0.02837	0.01677	0.01939	0.01560	0.02115	0.01757	0.01265	0.21845	0.22840	0.29413	0.02740	0.02492	0.01885	0.00980	0.00781	0.00245	0.00702	0.00786	0.00852	0.01290
14	0.04402	0.36322	0.20862	0.01786	0.02572	0.04022	0.08721	0.02532	0.01689	0.08480	0.01407	0.01579	0.01095	0.00715	0.00638	0.00208	0.00956	0.00549	0.00403	0.01064
15	0.01102	0.00741	0.00853	0.00879	0.00885	0.00735	0.00505	0.01121	0.01178	0.01571	0.02701	0.14544	0.03144	0.62836	0.03530	0.00690	0.00709	0.01279	0.00505	0.00492
16	0.47906	0.05084	0.03870	0.01293	0.01800	0.01939	0.01109	0.16621	0.01907	0.03598	0.04282	0.01635	0.01263	0.00834	0.00671	0.00240	0.03895	0.00545	0.00546	0.00962
17	0.05698	0.01850	0.05623	0.07397	0.21208	0.04647	0.01671	0.14486	0.05390	0.11615	0.05470	0.02235	0.01701	0.00857	0.00747	0.00230	0.00818	0.00718	0.03676	0.03961
18	0.01629	0.03535	0.53635	0.02629	0.10918	0.01824	0.10081	0.02450	0.01674	0.02468	0.01420	0.01723	0.01033	0.00722	0.00761	0.00246	0.01139	0.00627	0.00342	0.01144
19	0.00967	0.00696	0.00920	0.01073	0.01142	0.00649	0.00735	0.01132	0.01565	0.02091	0.09734	0.62057	0.07518	0.02331	0.00984	0.00309	0.00450	0.04274	0.00731	0.00642

[dist]
# distance from previous block
# <min> <max>
0	2

[block]
# block no. 1 follows, 25 sequences, length 14
# corresponding to MSA columns:
# 105-118
name=unknown_B
#
# <colnr> <probs for GDERKNQSTAVLIFYWHMCP>
#	G	D	E	R	K	N	Q	S	T	A	V	L	I	F	Y	W	H	M	C	P
0	0.02082	0.02191	0.02979	0.07784	0.48778	0.15136	0.04993	0.02503	0.01841	0.02376	0.01408	0.01833	0.01170	0.00715	0.00761	0.00227	0.01038	0.00663	0.00385	0.01135
1	0.01242	0.00825	0.01031	0.01080	0.01221	0.00780	0.00755	0.04778	0.01709	0.06483	0.09834	0.46124	0.10781	0.08074	0.01201	0.00331	0.00498	0.01814	0.00729	0.00709
2	0.53949	0.07078	0.01482	0.01146	0.01611	0.07960	0.00943	0.05827	0.01578	0.03231	0.01275	0.01463	0.01004	0.00752	0.00524	0.00224	0.00681	0.00472	0.07927	0.00872
3	0.02207	0.33905	0.12745	0.01476	0.02165	0.04560	0.01462	0.02670	0.04989	0.14717	0.03877	0.01843	0.01465	0.00777	0.00630	0.00196	0.00814	0.00571	0.00505	0.08429
4	0.07629	0.14041	0.05914	0.04757	0.02228	0.04583	0.01337	0.06348	0.08790	0.33215	0.02291	0.02163	0.01575	0.00874	0.00707	0.00229	0.00765	0.00672	0.00706	0.01174
5	0.02478	0.01142	0.01510	0.01232	0.01662	0.01030	0.00987	0.05632	0.02274	0.38753	0.29440	0.03897	0.04106	0.01215	0.00835	0.00241	0.00548	0.01031	0.00908	0.01078
6	0.00945	0.00675	0.00900	0.01080	0.01125	0.00630	0.00720	0.01080	0.01484	0.01979	0.04274	0.72245	0.05128	0.02429	0.00990	0.00315	0.00450	0.02204	0.00720	0.00630
7	0.01928	0.01721	0.02653	0.30808	0.21590	0.01915	0.05912	0.14508	0.06210	0.02806	0.01620	0.02042	0.01236	0.00793	0.00783	0.00246	0.00958	0.00717	0.00470	0.01085
8	0.00960	0.00799	0.00846	0.00869	0.01120	0.00686	0.00675	0.01177	0.01770	0.02124	0.07365	0.07630	0.59349	0.01987	0.00937	0.00274	0.00435	0.09615	0.00719	0.00662
9	0.02044	0.15558	0.21660	0.01850	0.02571	0.06189	0.05856	0.14754	0.11994	0.02937	0.05777	0.02072	0.01665	0.00860	0.00729	0.00229	0.00928	0.00683	0.00526	0.01117
10	0.01977	0.01021	0.01313	0.01124	0.01480	0.00922	0.00883	0.02376	0.04910	0.26757	0.33815	0.04730	0.12705	0.01382	0.00860	0.00246	0.00487	0.01183	0.00873	0.00957
11	0.02754	0.10539	0.02547	0.01979	0.02456	0.50530	0.05301	0.10585	0.02288	0.02291	0.01289	0.01481	0.01048	0.00792	0.00701	0.00204	0.01268	0.00540	0.00438	0.00969
12	0.01581	0.01279	0.01652	0.01386	0.01765	0.01261	0.04942	0.05868	0.10502	0.04688	0.14345	0.10043	0.06558	0.04512	0.01075	0.00259	0.05673	0.03452	0.00645	0.18514
13	0.07482	0.28925	0.05594	0.01703	0.02316	0.15951	0.04886	0.19450	0.02256	0.02833	0.01352	0.01503	0.01082	0.00768	0.00643	0.00204	0.00972	0.00541	0.00478	0.01061

[dist]
# distance from previous block
# <min> <max>
2	8

[block]
# block no. 2 follows, 25 sequences, length 30
# corresponding to MSA columns:
# 127-156
name=unknown_C
#
# <colnr> <probs for GDERKNQSTAVLIFYWHMCP>
#	G	D	E	R	K	N	Q	S	T	A	V	L	I	F	Y	W	H	M	C	P
0	0.02060	0.06153	0.07766	0.02198	0.07590	0.01784	0.18186	0.14529	0.02101	0.06037	0.01590	0.01837	0.01210	0.00708	0.00734	0.00203	0.00908	0.00664	0.00504	0.23237
1	0.02442	0.03757	0.09209	0.01419	0.02087	0.01329	0.01275	0.07059	0.04261	0.29020	0.02236	0.04465	0.01623	0.00852	0.00707	0.00201	0.00695	0.00688	0.00683	0.25992
2	0.07772	0.01731	0.06877	0.03976	0.02260	0.01582	0.01386	0.16203	0.02332	0.40052	0.02384	0.02241	0.01573	0.00939	0.00859	0.00245	0.04852	0.00716	0.00787	0.01233
3	0.03964	0.05158	0.02582	0.08792	0.02578	0.03869	0.08002	0.10686	0.01680	0.02400	0.01331	0.03871	0.01193	0.01139	0.01720	0.00294	0.38655	0.00728	0.00421	0.00935
4	0.01255	0.00856	0.01098	0.01086	0.01287	0.00808	0.00829	0.01650	0.05029	0.06577	0.37713	0.17294	0.10599	0.01763	0.00933	0.00272	0.00453	0.08928	0.00807	0.00764
5	0.01206	0.00963	0.01360	0.01310	0.01395	0.01163	0.01000	0.01409	0.01231	0.01774	0.02087	0.07513	0.02122	0.15994	0.42310	0.00942	0.14172	0.00940	0.00430	0.00679
6	0.14831	0.06270	0.04308	0.04506	0.02212	0.13362	0.01325	0.16678	0.12317	0.10370	0.01904	0.01945	0.01405	0.00866	0.00688	0.00229	0.00839	0.00636	0.04226	0.01083
7	0.01777	0.01043	0.01077	0.00957	0.01235	0.01095	0.00748	0.15853	0.02073	0.03332	0.02382	0.02663	0.01839	0.00909	0.00594	0.00192	0.00470	0.00717	0.60188	0.00854
8	0.00968	0.00702	0.00915	0.01043	0.01125	0.00648	0.00713	0.01145	0.01620	0.02173	0.14908	0.57007	0.09647	0.02259	0.00972	0.00300	0.00432	0.02035	0.00742	0.00648
9	0.01769	0.02160	0.09147	0.03031	0.03766	0.01926	0.54055	0.02391	0.01762	0.02424	0.01619	0.04582	0.01295	0.00769	0.01007	0.00267	0.05686	0.00921	0.00396	0.01026
10	0.03667	0.04916	0.26063	0.18731	0.08585	0.01821	0.17513	0.02279	0.01638	0.02318	0.01415	0.01874	0.01071	0.00796	0.00867	0.03290	0.01098	0.00686	0.00356	0.01016
11	0.01696	0.01696	0.02375	0.02036	0.02036	0.02375	0.01696	0.01866	0.01187	0.01866	0.01018	0.01696	0.01018	0.01357	0.02545	0.00339	0.71332	0.00679	0.00339	0.00848
12	0.00924	0.00786	0.00796	0.00794	0.01052	0.00658	0.00595	0.01128	0.01786	0.02138	0.10400	0.07391	0.65027	0.01948	0.00916	0.00261	0.00392	0.01626	0.00726	0.00658
13	0.02651	0.01808	0.02059	0.01753	0.05256	0.01943	0.01353	0.33802	0.17318	0.15667	0.04561	0.02514	0.03692	0.01001	0.00787	0.00242	0.00740	0.00801	0.00794	0.01257
14	0.01845	0.01797	0.03184	0.04269	0.54111	0.01775	0.10861	0.02325	0.01807	0.02570	0.06460	0.02235	0.01681	0.00753	0.00799	0.00236	0.00932	0.00775	0.00420	0.01166
15	0.00945	0.00675	0.00900	0.01080	0.01125	0.00630	0.00720	0.01080	0.01484	0.01979	0.04274	0.72245	0.05128	0.02429	0.00990	0.00315	0.00450	0.02204	0.00720	0.00630
16	0.01810	0.02234	0.09327	0.03190	0.04001	0.01949	0.60489	0.02482	0.01816	0.02482	0.01556	0.02058	0.01162	0.00660	0.00902	0.00260	0.01295	0.00890	0.00387	0.01053
17	0.02632	0.01330	0.01646	0.01356	0.01828	0.01277	0.01083	0.12432	0.07920	0.36555	0.05953	0.12481	0.07475	0.01263	0.00824	0.00253	0.00625	0.01058	0.00862	0.01144
18	0.01070	0.00791	0.01003	0.00979	0.01166	0.00724	0.00740	0.01397	0.02065	0.02845	0.51162	0.10077	0.16073	0.01724	0.00928	0.00257	0.00395	0.05073	0.00818	0.00713
19	0.02900	0.02023	0.02193	0.01691	0.02284	0.02211	0.01394	0.56962	0.03420	0.09569	0.01991	0.01981	0.01403	0.00931	0.00762	0.00230	0.00810	0.00706	0.05256	0.01284
20	0.02270	0.14997	0.27911	0.02131	0.10607	0.01908	0.02006	0.07444	0.01936	0.18878	0.01793	0.01868	0.01272	0.00788	0.00712	0.00227	0.00921	0.00620	0.00525	0.01186
21	0.06229	0.10257	0.02482	0.04300	0.06762	0.20355	0.01525	0.30274	0.02640	0.03326	0.01489	0.01647	0.01149	0.00850	0.00772	0.00221	0.03454	0.00599	0.00557	0.01110
22	0.00945	0.00675	0.00900	0.01080	0.01125	0.00630	0.00720	0.01080	0.01484	0.01979	0.04274	0.72245	0.05128	0.02429	0.00990	0.00315	0.00450	0.02204	0.00720	0.00630
23	0.01787	0.01730	0.03014	0.23031	0.46279	0.01817	0.06492	0.02276	0.01710	0.02376	0.01443	0.01972	0.01171	0.00712	0.00780	0.00240	0.00978	0.00705	0.00373	0.01114
24	0.01977	0.01695	0.02661	0.06651	0.02795	0.01749	0.21047	0.13997	0.11654	0.06814	0.06393	0.05196	0.04845	0.01027	0.00907	0.00256	0.03367	0.02709	0.00613	0.03646
25	0.00968	0.00709	0.00913	0.01055	0.01144	0.00655	0.00734	0.01138	0.01583	0.02083	0.08594	0.55930	0.13489	0.02299	0.00980	0.00306	0.00453	0.05595	0.00728	0.00644
26	0.01442	0.00993	0.01244	0.01167	0.01414	0.00980	0.00908	0.06514	0.07050	0.06886	0.41039	0.11165	0.05655	0.01599	0.00912	0.00264	0.00486	0.08625	0.00821	0.00836
27	0.04197	0.28263	0.25861	0.02068	0.11422	0.02198	0.01930	0.02445	0.05392	0.02345	0.01456	0.01678	0.01164	0.00733	0.00637	0.00211	0.00901	0.00555	0.05476	0.01070
28	0.02515	0.01772	0.05925	0.07123	0.09836	0.04033	0.01491	0.17256	0.02340	0.23610	0.06296	0.04807	0.01944	0.00952	0.00772	0.00231	0.00785	0.00787	0.00696	0.06829
29	0.01762	0.22376	0.25504	0.03781	0.04805	0.02038	0.01857	0.04591	0.08881	0.02461	0.04517	0.02344	0.01672	0.00877	0.00699	0.00224	0.00882	0.04738	0.00453	0.05537

[dist]
# distance from previous block
# <min> <max>
19	54

[block]
# block no. 3 follows, 25 sequences, length 50
# corresponding to MSA columns:
# 211-260
name=unknown_D
#
# <colnr> <probs for GDERKNQSTAVLIFYWHMCP>
#	G	D	E	R	K	N	Q	S	T	A	V	L	I	F	Y	W	H	M	C	P
0	0.07890	0.01518	0.01780	0.05180	0.04827	0.01601	0.01222	0.22647	0.07531	0.15874	0.08239	0.07493	0.04989	0.01112	0.00777	0.00244	0.00679	0.00910	0.04392	0.01095
1	0.05567	0.02308	0.14425	0.03467	0.38908	0.07888	0.02177	0.04897	0.01837	0.02582	0.01654	0.02389	0.01433	0.00847	0.00769	0.00242	0.00968	0.06094	0.00424	0.01124
2	0.06261	0.01595	0.01842	0.05270	0.04636	0.01733	0.01303	0.18338	0.22413	0.07775	0.02516	0.05682	0.02060	0.01269	0.03531	0.00290	0.00766	0.05679	0.00696	0.06346
3	0.02350	0.01757	0.02767	0.02442	0.12106	0.01777	0.16872	0.10358	0.08185	0.18460	0.02027	0.02175	0.01473	0.00864	0.00966	0.00246	0.07604	0.00768	0.00609	0.06193
4	0.05782	0.03904	0.04325	0.06199	0.02176	0.01428	0.04561	0.04823	0.08841	0.21533	0.13945	0.03045	0.05120	0.01050	0.00859	0.00239	0.03996	0.00866	0.00702	0.06606
5	0.02072	0.66374	0.03795	0.01301	0.01940	0.02860	0.01280	0.02320	0.01613	0.04655	0.01518	0.01629	0.04532	0.00744	0.00531	0.00174	0.00799	0.00494	0.00379	0.00991
6	0.02095	0.66399	0.06800	0.01402	0.02072	0.06632	0.01404	0.02370	0.01612	0.01856	0.01098	0.01269	0.00995	0.00674	0.00519	0.00171	0.00874	0.00426	0.00335	0.00996
7	0.01466	0.04909	0.01548	0.04484	0.01671	0.01265	0.01010	0.09792	0.02104	0.02907	0.32814	0.09994	0.08831	0.01423	0.00991	0.00246	0.06589	0.01183	0.00701	0.06073
8	0.01832	0.01596	0.01579	0.01527	0.01831	0.12501	0.01257	0.14789	0.02242	0.02793	0.06791	0.08448	0.06258	0.01647	0.00931	0.00294	0.00811	0.31329	0.00683	0.00863
9	0.01068	0.00791	0.00995	0.00944	0.01140	0.00719	0.00708	0.01406	0.02124	0.02942	0.57694	0.06067	0.17231	0.01647	0.00915	0.00247	0.00370	0.01441	0.00832	0.00719
10	0.01830	0.02092	0.04575	0.03268	0.04052	0.01961	0.65098	0.02484	0.01830	0.02484	0.01569	0.02092	0.01176	0.00654	0.00915	0.00261	0.01307	0.00915	0.00392	0.01046
11	0.00916	0.00785	0.00785	0.00785	0.01047	0.00655	0.00589	0.01113	0.01767	0.02095	0.07855	0.07462	0.67599	0.01964	0.00916	0.00262	0.00393	0.01636	0.00720	0.00655
12	0.01594	0.01509	0.02535	0.45310	0.26382	0.01715	0.02160	0.02077	0.01633	0.02173	0.01695	0.02258	0.04079	0.00800	0.00779	0.00249	0.00967	0.00732	0.00375	0.00977
13	0.03316	0.01283	0.01747	0.01352	0.01923	0.01112	0.01112	0.03620	0.02218	0.63982	0.07467	0.02855	0.02288	0.01002	0.00789	0.00240	0.00640	0.00822	0.00952	0.01279
14	0.54201	0.01754	0.01509	0.03781	0.04260	0.07356	0.01083	0.09498	0.01724	0.06832	0.01305	0.01463	0.00984	0.00763	0.00568	0.00236	0.00724	0.00496	0.00523	0.00938
15	0.01919	0.01842	0.03147	0.04759	0.67914	0.01842	0.02380	0.02380	0.01765	0.02533	0.01458	0.01919	0.01228	0.00691	0.00768	0.00230	0.00921	0.00691	0.00384	0.01228
16	0.03065	0.01984	0.02210	0.01695	0.02311	0.02125	0.01400	0.51731	0.03330	0.18929	0.02126	0.02033	0.01451	0.00937	0.00777	0.00234	0.00810	0.00716	0.00816	0.01319
17	0.01555	0.04011	0.68733	0.02210	0.03356	0.01801	0.02865	0.02455	0.01637	0.02455	0.01391	0.01637	0.00982	0.00737	0.00737	0.00246	0.01146	0.00573	0.00327	0.01146
18	0.00916	0.00785	0.00785	0.00785	0.01047	0.00655	0.00589	0.01113	0.01767	0.02095	0.07855	0.07462	0.67599	0.01964	0.00916	0.00262	0.00393	0.01636	0.00720	0.00655
19	0.01684	0.21223	0.52650	0.01990	0.03016	0.02116	0.02482	0.02422	0.01622	0.02298	0.01313	0.01539	0.00985	0.00718	0.00677	0.00226	0.01067	0.00534	0.00328	0.01108
20	0.01464	0.01378	0.02326	0.70887	0.05340	0.01723	0.02153	0.01981	0.01550	0.01981	0.01378	0.02067	0.01034	0.00775	0.00775	0.00258	0.01034	0.00689	0.00345	0.00861
21	0.01464	0.01378	0.02326	0.70887	0.05340	0.01723	0.02153	0.01981	0.01550	0.01981	0.01378	0.02067	0.01034	0.00775	0.00775	0.00258	0.01034	0.00689	0.00345	0.00861
22	0.00916	0.00785	0.00785	0.00785	0.01047	0.00655	0.00589	0.01113	0.01767	0.02095	0.07855	0.07462	0.67599	0.01964	0.00916	0.00262	0.00393	0.01636	0.00720	0.00655
23	0.02947	0.02172	0.02327	0.01784	0.02404	0.02404	0.01474	0.65329	0.03646	0.04887	0.01862	0.01862	0.01319	0.00931	0.00776	0.00233	0.00853	0.00698	0.00776	0.01319
24	0.03479	0.01320	0.01799	0.01380	0.01979	0.01140	0.01140	0.03779	0.02219	0.68451	0.03059	0.02639	0.01919	0.00960	0.00780	0.00240	0.00660	0.00780	0.00960	0.01320
25	0.01128	0.00752	0.00846	0.00846	0.00846	0.00752	0.00470	0.01128	0.01128	0.01503	0.02443	0.05074	0.02819	0.72751	0.03946	0.00752	0.00752	0.01128	0.00470	0.00470
26	0.01094	0.00842	0.01032	0.01127	0.01345	0.00781	0.00941	0.01376	0.01777	0.02215	0.05859	0.08145	0.33995	0.02059	0.00999	0.00312	0.00564	0.34134	0.00717	0.00686
27	0.01555	0.04011	0.68733	0.02210	0.03356	0.01801	0.02865	0.02455	0.01637	0.02455	0.01391	0.01637	0.00982	0.00737	0.00737	0.00246	0.01146	0.00573	0.00327	0.01146
28	0.01463	0.01347	0.02249	0.67538	0.05128	0.01675	0.02076	0.01973	0.01554	0.02024	0.01433	0.02106	0.01079	0.00781	0.00764	0.00255	0.01002	0.00691	0.04006	0.00855
29	0.01919	0.01842	0.03147	0.04759	0.67914	0.01842	0.02380	0.02380	0.01765	0.02533	0.01458	0.01919	0.01228	0.00691	0.00768	0.00230	0.00921	0.00691	0.00384	0.01228
30	0.01830	0.02092	0.04575	0.03268	0.04052	0.01961	0.65098	0.02484	0.01830	0.02484	0.01569	0.02092	0.01176	0.00654	0.00915	0.00261	0.01307	0.00915	0.00392	0.01046
31	0.01245	0.00826	0.01135	0.01281	0.01428	0.00797	0.01025	0.01507	0.01684	0.05775	0.04118	0.34663	0.04599	0.02196	0.01022	0.00333	0.00602	0.34323	0.00730	0.00712
32	0.01555	0.04011	0.68733	0.02210	0.03356	0.01801	0.02865	0.02455	0.01637	0.02455	0.01391	0.01637	0.00982	0.00737	0.00737	0.00246	0.01146	0.00573	0.00327	0.01146
33	0.00916	0.00785	0.00785	0.00785	0.01047	0.00655	0.00589	0.01113	0.01767	0.02095	0.07855	0.07462	0.67599	0.01964	0.00916	0.00262	0.00393	0.01636	0.00720	0.00655
34	0.02896	0.03695	0.02197	0.01998	0.02397	0.69638	0.01498	0.03096	0.02197	0.01898	0.01199	0.01398	0.00999	0.00799	0.00699	0.00200	0.01398	0.00499	0.00400	0.00899
35	0.01555	0.04011	0.68733	0.02210	0.03356	0.01801	0.02865	0.02455	0.01637	0.02455	0.01391	0.01637	0.00982	0.00737	0.00737	0.00246	0.01146	0.00573	0.00327	0.01146
36	0.02900	0.03591	0.02206	0.01983	0.02398	0.65039	0.01496	0.07353	0.02296	0.02102	0.01244	0.01430	0.01021	0.00808	0.00704	0.00202	0.01361	0.00513	0.00425	0.00928
37	0.02896	0.03695	0.02197	0.01998	0.02397	0.69638	0.01498	0.03096	0.02197	0.01898	0.01199	0.01398	0.00999	0.00799	0.00699	0.00200	0.01398	0.00499	0.00400	0.00899
38	0.01097	0.00793	0.01036	0.00975	0.01158	0.00732	0.00732	0.01463	0.02195	0.03109	0.67505	0.05792	0.07316	0.01585	0.00914	0.00244	0.00366	0.01402	0.00854	0.00732
39	0.01464	0.01378	0.02326	0.70887	0.05340	0.01723	0.02153	0.01981	0.01550	0.01981	0.01378	0.02067	0.01034	0.00775	0.00775	0.00258	0.01034	0.00689	0.00345	0.00861
40	0.01555	0.04011	0.68733	0.02210	0.03356	0.01801	0.02865	0.02455	0.01637	0.02455	0.01391	0.01637	0.00982	0.00737	0.00737	0.00246	0.01146	0.00573	0.00327	0.01146
41	0.01128	0.00752	0.00846	0.00846	0.00846	0.00752	0.00470	0.01128	0.01128	0.01503	0.02443	0.05074	0.02819	0.72751	0.03946	0.00752	0.00752	0.01128	0.00470	0.00470
42	0.01445	0.00723	0.00723	0.00723	0.00903	0.00723	0.00542	0.01807	0.01626	0.02891	0.02529	0.02891	0.01987	0.00903	0.00542	0.00181	0.00361	0.00723	0.77055	0.00723
43	0.02896	0.03695	0.02197	0.01998	0.02397	0.69638	0.01498	0.03096	0.02197	0.01898	0.01199	0.01398	0.00999	0.00799	0.00699	0.00200	0.01398	0.00499	0.00400	0.00899
44	0.01097	0.00793	0.01036	0.00975	0.01158	0.00732	0.00732	0.01463	0.02195	0.03109	0.67505	0.05792	0.07316	0.01585	0.00914	0.00244	0.00366	0.01402	0.00854	0.00732
45	0.00916	0.00785	0.00785	0.00785	0.01047	0.00655	0.00589	0.01113	0.01767	0.02095	0.07855	0.07462	0.67599	0.01964	0.00916	0.00262	0.00393	0.01636	0.00720	0.00655
46	0.02168	0.65193	0.03848	0.01404	0.02037	0.10751	0.01346	0.02411	0.01647	0.01833	0.01092	0.01262	0.00995	0.00679	0.00521	0.00170	0.00895	0.00424	0.00340	0.00984
47	0.01445	0.00723	0.00723	0.00723	0.00903	0.00723	0.00542	0.01807	0.01626	0.02891	0.02529	0.02891	0.01987	0.00903	0.00542	0.00181	0.00361	0.00723	0.77055	0.00723
48	0.02896	0.03695	0.02197	0.01998	0.02397	0.69638	0.01498	0.03096	0.02197	0.01898	0.01199	0.01398	0.00999	0.00799	0.00699	0.00200	0.01398	0.00499	0.00400	0.00899
49	0.01830	0.02092	0.04575	0.03268	0.04052	0.01961	0.65098	0.02484	0.01830	0.02484	0.01569	0.02092	0.01176	0.00654	0.00915	0.00261	0.01307	0.00915	0.00392	0.01046

[dist]
# distance from previous block
# <min> <max>
0	1

[block]
# block no. 4 follows, 25 sequences, length 22
# corresponding to MSA columns:
# 262-283
name=unknown_E
#
# <colnr> <probs for GDERKNQSTAVLIFYWHMCP>
#	G	D	E	R	K	N	Q	S	T	A	V	L	I	F	Y	W	H	M	C	P
0	0.01578	0.03854	0.63510	0.02296	0.03413	0.01814	0.07931	0.02458	0.01653	0.02458	0.01406	0.01674	0.00998	0.00730	0.00751	0.00247	0.01159	0.00601	0.00333	0.01138
1	0.02736	0.17249	0.02561	0.01867	0.02318	0.56660	0.01465	0.02945	0.02076	0.01883	0.01175	0.01368	0.00998	0.00773	0.00660	0.00193	0.01287	0.00483	0.00386	0.00918
2	0.02947	0.02172	0.02327	0.01784	0.02404	0.02404	0.01474	0.65329	0.03646	0.04887	0.01862	0.01862	0.01319	0.00931	0.00776	0.00233	0.00853	0.00698	0.00776	0.01319
3	0.01445	0.00723	0.00723	0.00723	0.00903	0.00723	0.00542	0.01807	0.01626	0.02891	0.02529	0.02891	0.01987	0.00903	0.00542	0.00181	0.00361	0.00723	0.77055	0.00723
4	0.03479	0.01320	0.01799	0.01380	0.01979	0.01140	0.01140	0.03779	0.02219	0.68451	0.03059	0.02639	0.01919	0.00960	0.00780	0.00240	0.00660	0.00780	0.00960	0.01320
5	0.01464	0.01378	0.02326	0.70887	0.05340	0.01723	0.02153	0.01981	0.01550	0.01981	0.01378	0.02067	0.01034	0.00775	0.00775	0.00258	0.01034	0.00689	0.00345	0.00861
6	0.01929	0.01666	0.01753	0.01578	0.02016	0.01929	0.01227	0.04120	0.66513	0.03243	0.03156	0.02893	0.02367	0.01052	0.00789	0.00263	0.00614	0.00877	0.00789	0.01227
7	0.02073	0.73217	0.04063	0.01327	0.01990	0.03068	0.01327	0.02322	0.01575	0.01824	0.01078	0.01244	0.00995	0.00663	0.00498	0.00166	0.00829	0.00415	0.00332	0.00995
8	0.03479	0.01320	0.01799	0.01380	0.01979	0.01140	0.01140	0.03779	0.02219	0.68451	0.03059	0.02639	0.01919	0.00960	0.00780	0.00240	0.00660	0.00780	0.00960	0.01320
9	0.01072	0.00792	0.01001	0.00949	0.01143	0.00721	0.00711	0.01414	0.02134	0.02966	0.59083	0.06028	0.15827	0.01639	0.00915	0.00246	0.00370	0.01435	0.00835	0.00721
10	0.01128	0.00752	0.00846	0.00846	0.00846	0.00752	0.00470	0.01128	0.01128	0.01503	0.02443	0.05074	0.02819	0.72751	0.03946	0.00752	0.00752	0.01128	0.00470	0.00470
11	0.01929	0.01666	0.01753	0.01578	0.02016	0.01929	0.01227	0.04120	0.66513	0.03243	0.03156	0.02893	0.02367	0.01052	0.00789	0.00263	0.00614	0.00877	0.00789	0.01227
12	0.01608	0.01378	0.01608	0.01148	0.01837	0.01034	0.00919	0.01952	0.01608	0.02527	0.01378	0.01608	0.01148	0.00574	0.00574	0.00115	0.00574	0.00459	0.00459	0.77491
13	0.01110	0.00820	0.01190	0.01190	0.01308	0.00938	0.00899	0.01348	0.01229	0.01758	0.02129	0.03332	0.02063	0.15265	0.60398	0.01176	0.01890	0.00873	0.00423	0.00661
14	0.01608	0.01378	0.01608	0.01148	0.01837	0.01034	0.00919	0.01952	0.01608	0.02527	0.01378	0.01608	0.01148	0.00574	0.00574	0.00115	0.00574	0.00459	0.00459	0.77491
15	0.78228	0.01499	0.01140	0.01020	0.01499	0.01739	0.00840	0.02279	0.01320	0.03479	0.01080	0.01260	0.00840	0.00720	0.00480	0.00240	0.00600	0.00420	0.00480	0.00840
16	0.01113	0.00745	0.00850	0.00865	0.00868	0.00742	0.00490	0.01124	0.01157	0.01542	0.02592	0.10542	0.03007	0.67026	0.03706	0.00716	0.00727	0.01215	0.00490	0.00483
17	0.01875	0.01797	0.03067	0.11211	0.61809	0.01831	0.02358	0.02341	0.01745	0.02479	0.01451	0.01933	0.01209	0.00699	0.00768	0.00233	0.00932	0.00691	0.00380	0.01192
18	0.02947	0.02172	0.02327	0.01784	0.02404	0.02404	0.01474	0.65329	0.03646	0.04887	0.01862	0.01862	0.01319	0.00931	0.00776	0.00233	0.00853	0.00698	0.00776	0.01319
19	0.01696	0.01696	0.02375	0.02036	0.02036	0.02375	0.01696	0.01866	0.01187	0.01866	0.01018	0.01696	0.01018	0.01357	0.02545	0.00339	0.71332	0.00679	0.00339	0.00848
20	0.01087	0.00792	0.01023	0.00965	0.01152	0.00727	0.00724	0.01444	0.02171	0.03053	0.64223	0.05884	0.10633	0.01606	0.00915	0.00245	0.00367	0.01415	0.00846	0.00727
21	0.01875	0.01797	0.03067	0.11211	0.61809	0.01831	0.02358	0.02341	0.01745	0.02479	0.01451	0.01933	0.01209	0.00699	0.00768	0.00233	0.00932	0.00691	0.00380	0.01192

[dist]
# distance from previous block
# <min> <max>
0	3

[block]
# block no. 5 follows, 25 sequences, length 14
# corresponding to MSA columns:
# 287-300
name=unknown_F
#
# <colnr> <probs for GDERKNQSTAVLIFYWHMCP>
#	G	D	E	R	K	N	Q	S	T	A	V	L	I	F	Y	W	H	M	C	P
0	0.01097	0.00793	0.01036	0.00975	0.01158	0.00732	0.00732	0.01463	0.02195	0.03109	0.67505	0.05792	0.07316	0.01585	0.00914	0.00244	0.00366	0.01402	0.00854	0.00732
1	0.01935	0.01635	0.01722	0.01527	0.01967	0.01861	0.01194	0.09620	0.54871	0.03297	0.03449	0.03199	0.08032	0.01121	0.00799	0.00260	0.00617	0.00927	0.00782	0.01185
2	0.01464	0.01378	0.02326	0.70887	0.05340	0.01723	0.02153	0.01981	0.01550	0.01981	0.01378	0.02067	0.01034	0.00775	0.00775	0.00258	0.01034	0.00689	0.00345	0.00861
3	0.01097	0.00793	0.01036	0.00975	0.01158	0.00732	0.00732	0.01463	0.02195	0.03109	0.67505	0.05792	0.07316	0.01585	0.00914	0.00244	0.00366	0.01402	0.00854	0.00732
4	0.01086	0.00792	0.01021	0.00964	0.01151	0.00727	0.00723	0.01441	0.02168	0.03046	0.63808	0.05895	0.11052	0.01609	0.00915	0.00245	0.00367	0.01417	0.00845	0.00727
5	0.02896	0.03695	0.02197	0.01998	0.02397	0.69638	0.01498	0.03096	0.02197	0.01898	0.01199	0.01398	0.00999	0.00799	0.00699	0.00200	0.01398	0.00499	0.00400	0.00899
6	0.02085	0.01686	0.01799	0.01583	0.02044	0.01924	0.01241	0.08735	0.58463	0.06707	0.03053	0.02802	0.02265	0.01038	0.00787	0.00260	0.00634	0.00858	0.00797	0.01239
7	0.01160	0.00907	0.01346	0.01316	0.01442	0.01093	0.01033	0.01427	0.01241	0.01806	0.01983	0.02927	0.01857	0.05421	0.63746	0.01166	0.08196	0.00817	0.00409	0.00706
8	0.78228	0.01499	0.01140	0.01020	0.01499	0.01739	0.00840	0.02279	0.01320	0.03479	0.01080	0.01260	0.00840	0.00720	0.00480	0.00240	0.00600	0.00420	0.00480	0.00840
9	0.01608	0.01378	0.01608	0.01148	0.01837	0.01034	0.00919	0.01952	0.01608	0.02527	0.01378	0.01608	0.01148	0.00574	0.00574	0.00115	0.00574	0.00459	0.00459	0.77491
10	0.01830	0.02092	0.04575	0.03268	0.04052	0.01961	0.65098	0.02484	0.01830	0.02484	0.01569	0.02092	0.01176	0.00654	0.00915	0.00261	0.01307	0.00915	0.00392	0.01046
11	0.01922	0.01724	0.01721	0.01554	0.01980	0.05522	0.01205	0.03888	0.59232	0.03103	0.03325	0.03080	0.06118	0.01092	0.00792	0.00259	0.00643	0.00901	0.00764	0.01176
12	0.05705	0.01346	0.02154	0.58587	0.04657	0.01671	0.01951	0.01924	0.01516	0.02059	0.01564	0.07317	0.01332	0.00924	0.00855	0.00265	0.04162	0.00788	0.00380	0.00842
13	0.31003	0.01549	0.01581	0.03817	0.01931	0.01702	0.01120	0.15772	0.09799	0.09110	0.05808	0.02574	0.01888	0.00980	0.00689	0.00246	0.00669	0.05346	0.00654	0.03762

[dist]
# distance from previous block
# <min> <max>
2	9

[block]
# block no. 6 follows, 25 sequences, length 7
# corresponding to MSA columns:
# 310-316
name=unknown_G
#
# <colnr> <probs for GDERKNQSTAVLIFYWHMCP>
#	G	D	E	R	K	N	Q	S	T	A	V	L	I	F	Y	W	H	M	C	P
0	0.42713	0.01559	0.01528	0.07534	0.02069	0.01774	0.01116	0.07765	0.15024	0.09424	0.01779	0.01844	0.01309	0.00832	0.00621	0.00246	0.00667	0.00594	0.00599	0.01004
1	0.01817	0.22688	0.43990	0.01891	0.02839	0.02120	0.02267	0.02576	0.05102	0.05756	0.01486	0.01648	0.01108	0.00745	0.00676	0.00224	0.01006	0.00557	0.00386	0.01118
2	0.04440	0.01223	0.01722	0.01461	0.01887	0.01145	0.06112	0.02749	0.07750	0.30720	0.05369	0.17542	0.02959	0.01375	0.00856	0.00268	0.00656	0.07762	0.00792	0.03213
3	0.44195	0.01655	0.03938	0.04955	0.05757	0.01724	0.08562	0.02628	0.07405	0.10200	0.01582	0.01739	0.01168	0.00770	0.00628	0.00245	0.00745	0.00590	0.00533	0.00982
4	0.01753	0.25938	0.40602	0.02050	0.02999	0.02225	0.09583	0.02416	0.01640	0.02257	0.01312	0.01564	0.01009	0.00704	0.00681	0.00222	0.01063	0.00562	0.00336	0.01086
5	0.06405	0.01872	0.03392	0.02647	0.06501	0.01899	0.36096	0.02524	0.09186	0.02559	0.01628	0.02027	0.01274	0.00788	0.01042	0.00254	0.10067	0.00794	0.00443	0.08603
6	0.01835	0.01852	0.03608	0.02979	0.12705	0.01753	0.39300	0.02361	0.01762	0.05059	0.01674	0.04956	0.01368	0.00769	0.00924	0.00243	0.04437	0.00860	0.00434	0.11119

[dist]
# distance from previous block
# <min> <max>
2	5

[block]
# block no. 7 follows, 25 sequences, length 24
# corresponding to MSA columns:
# 322-345
name=unknown_H
#
# <colnr> <probs for GDERKNQSTAVLIFYWHMCP>
#	G	D	E	R	K	N	Q	S	T	A	V	L	I	F	Y	W	H	M	C	P
0	0.01744	0.01108	0.01543	0.05178	0.04575	0.01097	0.03359	0.02241	0.08500	0.16028	0.14260	0.12671	0.06799	0.06140	0.04767	0.00352	0.00707	0.07304	0.00721	0.00906
1	0.02258	0.01511	0.01635	0.01391	0.01833	0.06817	0.01096	0.11566	0.09084	0.20184	0.05967	0.13255	0.05945	0.01258	0.00807	0.00241	0.00677	0.03819	0.00748	0.09908
2	0.01522	0.01456	0.02492	0.61194	0.05047	0.01755	0.07617	0.02141	0.05108	0.02094	0.01491	0.02114	0.01119	0.00780	0.00788	0.00259	0.01035	0.00719	0.00373	0.00897
3	0.02093	0.63628	0.03823	0.01421	0.02018	0.06979	0.01365	0.02333	0.01583	0.01832	0.01081	0.01287	0.00997	0.00724	0.00665	0.00181	0.06235	0.00440	0.00336	0.00978
4	0.01418	0.00720	0.00732	0.00742	0.00915	0.00718	0.00552	0.01768	0.01618	0.02842	0.02623	0.06622	0.02156	0.00985	0.00566	0.00188	0.00366	0.00802	0.72948	0.00718
5	0.74267	0.01629	0.04631	0.01081	0.01595	0.01743	0.00944	0.02288	0.01336	0.03426	0.01096	0.01279	0.00847	0.00721	0.00493	0.00240	0.00628	0.00428	0.00472	0.00856
6	0.02896	0.03695	0.02197	0.01998	0.02397	0.69638	0.01498	0.03096	0.02197	0.01898	0.01199	0.01398	0.00999	0.00799	0.00699	0.00200	0.01398	0.00499	0.00400	0.00899
7	0.02556	0.01470	0.01774	0.01370	0.01962	0.01353	0.01110	0.11669	0.09518	0.29391	0.05330	0.02392	0.01900	0.00878	0.00724	0.00204	0.00642	0.00711	0.00759	0.24285
8	0.03351	0.01291	0.01758	0.01358	0.01935	0.01118	0.01118	0.03654	0.02218	0.64942	0.06520	0.02808	0.02209	0.00993	0.00787	0.00240	0.00644	0.00813	0.00954	0.01288
9	0.00989	0.00827	0.00866	0.00849	0.01107	0.00724	0.00639	0.01300	0.04782	0.02293	0.16213	0.07014	0.55961	0.01868	0.00910	0.00259	0.00399	0.01568	0.00742	0.00692
10	0.01555	0.04011	0.68733	0.02210	0.03356	0.01801	0.02865	0.02455	0.01637	0.02455	0.01391	0.01637	0.00982	0.00737	0.00737	0.00246	0.01146	0.00573	0.00327	0.01146
11	0.01555	0.04011	0.68733	0.02210	0.03356	0.01801	0.02865	0.02455	0.01637	0.02455	0.01391	0.01637	0.00982	0.00737	0.00737	0.00246	0.01146	0.00573	0.00327	0.01146
12	0.01464	0.01378	0.02326	0.70887	0.05340	0.01723	0.02153	0.01981	0.01550	0.01981	0.01378	0.02067	0.01034	0.00775	0.00775	0.00258	0.01034	0.00689	0.00345	0.00861
13	0.00945	0.00675	0.00900	0.01080	0.01125	0.00630	0.00720	0.01080	0.01484	0.01979	0.04274	0.72245	0.05128	0.02429	0.00990	0.00315	0.00450	0.02204	0.00720	0.00630
14	0.01861	0.02042	0.03268	0.02542	0.02902	0.08347	0.27886	0.02234	0.01545	0.02124	0.01262	0.01832	0.01082	0.01015	0.01702	0.00294	0.35999	0.00760	0.00367	0.00934
15	0.02896	0.03695	0.02197	0.01998	0.02397	0.69638	0.01498	0.03096	0.02197	0.01898	0.01199	0.01398	0.00999	0.00799	0.00699	0.00200	0.01398	0.00499	0.00400	0.00899
16	0.00964	0.00801	0.00852	0.00878	0.01128	0.00689	0.00684	0.01184	0.01770	0.02127	0.07316	0.07646	0.58528	0.01989	0.00939	0.00275	0.00439	0.10410	0.00719	0.00663
17	0.01555	0.04011	0.68733	0.02210	0.03356	0.01801	0.02865	0.02455	0.01637	0.02455	0.01391	0.01637	0.00982	0.00737	0.00737	0.00246	0.01146	0.00573	0.00327	0.01146
18	0.02559	0.01688	0.04581	0.01533	0.02056	0.03972	0.01264	0.06851	0.31004	0.28388	0.02954	0.05335	0.02143	0.01042	0.00787	0.00252	0.00687	0.00856	0.00819	0.01229
19	0.01696	0.01696	0.02375	0.02036	0.02036	0.02375	0.01696	0.01866	0.01187	0.01866	0.01018	0.01696	0.01018	0.01357	0.02545	0.00339	0.71332	0.00679	0.00339	0.00848
20	0.00945	0.00675	0.00900	0.01080	0.01125	0.00630	0.00720	0.01080	0.01484	0.01979	0.04274	0.72245	0.05128	0.02429	0.00990	0.00315	0.00450	0.02204	0.00720	0.00630
21	0.01852	0.01774	0.03026	0.14487	0.58709	0.01825	0.02346	0.02321	0.01734	0.02452	0.01447	0.01941	0.01200	0.00703	0.00769	0.00234	0.00938	0.00691	0.00378	0.01174
22	0.00945	0.00675	0.00900	0.01080	0.01125	0.00630	0.00720	0.01080	0.01484	0.01979	0.04274	0.72245	0.05128	0.02429	0.00990	0.00315	0.00450	0.02204	0.00720	0.00630
23	0.01772	0.01401	0.01625	0.01236	0.01850	0.01181	0.00980	0.04557	0.09988	0.06598	0.01880	0.05684	0.01572	0.00772	0.00644	0.00156	0.00588	0.00635	0.00557	0.56325

[dist]
# distance from previous block
# <min> <max>
0	1

[block]
# block no. 8 follows, 25 sequences, length 32
# corresponding to MSA columns:
# 347-378
name=unknown_I
#
# <colnr> <probs for GDERKNQSTAVLIFYWHMCP>
#	G	D	E	R	K	N	Q	S	T	A	V	L	I	F	Y	W	H	M	C	P
0	0.06665	0.01618	0.11563	0.01386	0.01974	0.01178	0.01282	0.02921	0.02053	0.38153	0.16655	0.03058	0.02863	0.01034	0.00778	0.00236	0.00661	0.00852	0.00796	0.04274
1	0.78228	0.01499	0.01140	0.01020	0.01499	0.01739	0.00840	0.02279	0.01320	0.03479	0.01080	0.01260	0.00840	0.00720	0.00480	0.00240	0.00600	0.00420	0.00480	0.00840
2	0.01608	0.01378	0.01608	0.01148	0.01837	0.01034	0.00919	0.01952	0.01608	0.02527	0.01378	0.01608	0.01148	0.00574	0.00574	0.00115	0.00574	0.00459	0.00459	0.77491
3	0.01089	0.00792	0.01025	0.00967	0.01153	0.00728	0.00725	0.01447	0.02175	0.03063	0.64764	0.05869	0.10086	0.01603	0.00915	0.00245	0.00367	0.01413	0.00847	0.00728
4	0.01608	0.01378	0.01608	0.01148	0.01837	0.01034	0.00919	0.01952	0.01608	0.02527	0.01378	0.01608	0.01148	0.00574	0.00574	0.00115	0.00574	0.00459	0.00459	0.77491
5	0.01078	0.00897	0.01454	0.01397	0.01567	0.00834	0.10540	0.01296	0.01553	0.02063	0.04058	0.57973	0.07961	0.02133	0.00974	0.00304	0.00578	0.01976	0.00670	0.00695
6	0.06904	0.02462	0.02209	0.01783	0.02337	0.17718	0.01435	0.45049	0.05955	0.04056	0.01725	0.01769	0.01266	0.00895	0.00743	0.00227	0.00954	0.00646	0.00674	0.01193
7	0.01052	0.00791	0.00974	0.00928	0.01131	0.00712	0.00696	0.01375	0.02088	0.02855	0.52569	0.06210	0.22411	0.01680	0.00915	0.00248	0.00373	0.01461	0.00820	0.00712
8	0.01109	0.00827	0.01227	0.01227	0.01359	0.00959	0.00946	0.01372	0.01241	0.01786	0.02094	0.03142	0.01980	0.08974	0.66576	0.01223	0.02014	0.00845	0.00418	0.00682
9	0.01791	0.01996	0.04136	0.06694	0.03829	0.02008	0.52553	0.02367	0.01722	0.02367	0.01479	0.02033	0.01146	0.00762	0.01144	0.00273	0.11442	0.00869	0.00382	0.01007
10	0.01464	0.01378	0.02326	0.70887	0.05340	0.01723	0.02153	0.01981	0.01550	0.01981	0.01378	0.02067	0.01034	0.00775	0.00775	0.00258	0.01034	0.00689	0.00345	0.00861
11	0.00943	0.00681	0.00893	0.01063	0.01120	0.00631	0.00713	0.01081	0.01500	0.01986	0.04471	0.68677	0.08569	0.02404	0.00986	0.00312	0.00447	0.02173	0.00720	0.00631
12	0.01919	0.01842	0.03147	0.04759	0.67914	0.01842	0.02380	0.02380	0.01765	0.02533	0.01458	0.01919	0.01228	0.00691	0.00768	0.00230	0.00921	0.00691	0.00384	0.01228
13	0.01828	0.01749	0.02978	0.13165	0.50689	0.01799	0.05597	0.02378	0.04588	0.02480	0.01634	0.02262	0.01378	0.00774	0.00789	0.00242	0.00935	0.03176	0.00410	0.01149
14	0.00959	0.00685	0.00916	0.01096	0.01147	0.00642	0.00744	0.01104	0.01498	0.01995	0.04266	0.69291	0.05097	0.02416	0.00993	0.00317	0.00462	0.05018	0.00719	0.00634
15	0.01555	0.04011	0.68733	0.02210	0.03356	0.01801	0.02865	0.02455	0.01637	0.02455	0.01391	0.01637	0.00982	0.00737	0.00737	0.00246	0.01146	0.00573	0.00327	0.01146
16	0.02073	0.73217	0.04063	0.01327	0.01990	0.03068	0.01327	0.02322	0.01575	0.01824	0.01078	0.01244	0.00995	0.00663	0.00498	0.00166	0.00829	0.00415	0.00332	0.00995
17	0.01464	0.01378	0.02326	0.70887	0.05340	0.01723	0.02153	0.01981	0.01550	0.01981	0.01378	0.02067	0.01034	0.00775	0.00775	0.00258	0.01034	0.00689	0.00345	0.00861
18	0.00926	0.00786	0.00799	0.00796	0.01053	0.00659	0.00597	0.01132	0.01791	0.02150	0.11101	0.07371	0.64319	0.01943	0.00916	0.00261	0.00391	0.01624	0.00727	0.00659
19	0.00945	0.00675	0.00900	0.01080	0.01125	0.00630	0.00720	0.01080	0.01484	0.01979	0.04274	0.72245	0.05128	0.02429	0.00990	0.00315	0.00450	0.02204	0.00720	0.00630
20	0.01570	0.03905	0.65204	0.02268	0.03394	0.01810	0.06288	0.02457	0.01648	0.02457	0.01401	0.01662	0.00993	0.00732	0.00746	0.00246	0.01155	0.00592	0.00331	0.01140
21	0.00945	0.00675	0.00900	0.01080	0.01125	0.00630	0.00720	0.01080	0.01484	0.01979	0.04274	0.72245	0.05128	0.02429	0.00990	0.00315	0.00450	0.02204	0.00720	0.00630
22	0.01555	0.04011	0.68733	0.02210	0.03356	0.01801	0.02865	0.02455	0.01637	0.02455	0.01391	0.01637	0.00982	0.00737	0.00737	0.00246	0.01146	0.00573	0.00327	0.01146
23	0.78228	0.01499	0.01140	0.01020	0.01499	0.01739	0.00840	0.02279	0.01320	0.03479	0.01080	0.01260	0.00840	0.00720	0.00480	0.00240	0.00600	0.00420	0.00480	0.00840
24	0.00943	0.00680	0.00895	0.01066	0.01121	0.00631	0.00714	0.01081	0.01497	0.01985	0.04435	0.69322	0.07946	0.02408	0.00986	0.00312	0.00447	0.02179	0.00720	0.00631
25	0.02947	0.02172	0.02327	0.01784	0.02404	0.02404	0.01474	0.65329	0.03646	0.04887	0.01862	0.01862	0.01319	0.00931	0.00776	0.00233	0.00853	0.00698	0.00776	0.01319
26	0.01608	0.01378	0.01608	0.01148	0.01837	0.01034	0.00919	0.01952	0.01608	0.02527	0.01378	0.01608	0.01148	0.00574	0.00574	0.00115	0.00574	0.00459	0.00459	0.77491
27	0.01555	0.04011	0.68733	0.02210	0.03356	0.01801	0.02865	0.02455	0.01637	0.02455	0.01391	0.01637	0.00982	0.00737	0.00737	0.00246	0.01146	0.00573	0.00327	0.01146
28	0.01108	0.00831	0.01246	0.01246	0.01385	0.00969	0.00969	0.01385	0.01246	0.01800	0.02077	0.03046	0.01938	0.05815	0.69678	0.01246	0.02077	0.00831	0.00415	0.00692
29	0.01128	0.00752	0.00846	0.00846	0.00846	0.00752	0.00470	0.01128	0.01128	0.01503	0.02443	0.05074	0.02819	0.72751	0.03946	0.00752	0.00752	0.01128	0.00470	0.00470
30	0.01810	0.02031	0.04239	0.03080	0.03744	0.02024	0.55420	0.02389	0.01732	0.02389	0.01485	0.02031	0.01152	0.00761	0.01164	0.00273	0.11996	0.00879	0.00384	0.01016
31	0.02915	0.02106	0.02272	0.01755	0.02364	0.02322	0.01445	0.59205	0.07044	0.07639	0.01986	0.01953	0.01403	0.00939	0.00777	0.00235	0.00831	0.00712	0.00785	0.01314

[dist]
# distance from previous block
# <min> <max>
0	1

[block]
# block no. 9 follows, 25 sequences, length 10
# corresponding to MSA columns:
# 380-389
name=unknown_J
#
# <colnr> <probs for GDERKNQSTAVLIFYWHMCP>
#	G	D	E	R	K	N	Q	S	T	A	V	L	I	F	Y	W	H	M	C	P
0	0.07909	0.02285	0.02127	0.01731	0.02275	0.13130	0.01392	0.40538	0.13973	0.04028	0.01922	0.01921	0.01413	0.00916	0.00745	0.00233	0.00883	0.00677	0.00697	0.01203
1	0.01394	0.01261	0.01791	0.01636	0.01692	0.01658	0.01317	0.01599	0.01243	0.01855	0.01780	0.10264	0.01827	0.03121	0.27081	0.00670	0.37728	0.00909	0.00411	0.00766
2	0.01461	0.01060	0.01527	0.01419	0.01652	0.01034	0.07548	0.09823	0.01851	0.06654	0.03598	0.51269	0.04012	0.01954	0.00940	0.00294	0.00605	0.01782	0.00708	0.00807
3	0.01618	0.01590	0.02221	0.01936	0.01941	0.02193	0.01595	0.01784	0.01218	0.01878	0.01357	0.09042	0.01446	0.01469	0.02383	0.00337	0.63952	0.00837	0.00379	0.00825
4	0.01919	0.01842	0.03147	0.04759	0.67914	0.01842	0.02380	0.02380	0.01765	0.02533	0.01458	0.01919	0.01228	0.00691	0.00768	0.00230	0.00921	0.00691	0.00384	0.01228
5	0.01464	0.01378	0.02326	0.70887	0.05340	0.01723	0.02153	0.01981	0.01550	0.01981	0.01378	0.02067	0.01034	0.00775	0.00775	0.00258	0.01034	0.00689	0.00345	0.00861
6	0.01663	0.01343	0.01817	0.01368	0.01966	0.01075	0.07377	0.02005	0.01655	0.07038	0.01939	0.12089	0.01789	0.00881	0.00684	0.00168	0.00636	0.00784	0.00526	0.53197
7	0.01888	0.01810	0.03090	0.09338	0.63581	0.01834	0.02364	0.02352	0.01751	0.02495	0.01453	0.01929	0.01215	0.00697	0.00768	0.00232	0.00929	0.00691	0.00381	0.01203
8	0.01923	0.01407	0.01594	0.01436	0.01828	0.01519	0.01129	0.05351	0.37546	0.10604	0.07558	0.07021	0.02945	0.04009	0.00950	0.00284	0.00617	0.07538	0.00777	0.03964
9	0.02881	0.02067	0.02237	0.01738	0.02339	0.02277	0.01428	0.55352	0.09758	0.08790	0.02066	0.02013	0.01460	0.00945	0.00777	0.00236	0.00817	0.00721	0.00789	0.01310

[dist]
# distance from previous block
# <min> <max>
0	1

[block]
# block no. 10 follows, 25 sequences, length 29
# corresponding to MSA columns:
# 391-419
name=unknown_K
#
# <colnr> <probs for GDERKNQSTAVLIFYWHMCP>
#	G	D	E	R	K	N	Q	S	T	A	V	L	I	F	Y	W	H	M	C	P
0	0.06136	0.01730	0.01962	0.01524	0.02110	0.01777	0.01248	0.32174	0.06694	0.22495	0.04921	0.02256	0.01764	0.00928	0.00750	0.00225	0.00724	0.00725	0.00787	0.09072
1	0.01830	0.02092	0.04575	0.03268	0.04052	0.01961	0.65098	0.02484	0.01830	0.02484	0.01569	0.02092	0.01176	0.00654	0.00915	0.00261	0.01307	0.00915	0.00392	0.01046
2	0.05292	0.03927	0.06126	0.01512	0.02143	0.05290	0.01310	0.14743	0.02355	0.40454	0.02397	0.02210	0.01586	0.00889	0.00740	0.00226	0.00764	0.00692	0.00787	0.06557
3	0.01311	0.00766	0.00931	0.00931	0.01095	0.00821	0.00712	0.01639	0.01475	0.02457	0.02349	0.02952	0.01968	0.02856	0.28023	0.00604	0.01043	0.00766	0.46592	0.00711
4	0.02823	0.02174	0.02253	0.01768	0.02357	0.05137	0.01445	0.55380	0.11151	0.04565	0.01990	0.01966	0.01431	0.00940	0.00774	0.00235	0.00847	0.00711	0.00762	0.01290
