[name]
unknown

[dist]
# distance from previous block
# <min> <max>
25	50

[block]
# block no. 0 follows, 25 sequences, length 65
# corresponding to MSA columns:
# 67-131
name=unknown_A
#
# <colnr> <probs for GDERKNQSTAVLIFYWHMCP>
#	G	D	E	R	K	N	Q	S	T	A	V	L	I	F	Y	W	H	M	C	P
0	0.01975	0.01549	0.01819	0.01426	0.04553	0.01339	0.01096	0.14486	0.02044	0.06238	0.01559	0.01721	0.01223	0.00668	0.00631	0.00149	0.00647	0.00531	0.00543	0.55803
1	0.17449	0.01107	0.01304	0.03874	0.01644	0.01083	0.00949	0.02084	0.01813	0.14712	0.19659	0.12075	0.03639	0.01320	0.00787	0.00250	0.00556	0.06815	0.00709	0.08170
2	0.01471	0.01389	0.02355	0.61378	0.04946	0.01661	0.05313	0.01973	0.01565	0.02034	0.01494	0.04616	0.01197	0.00820	0.00780	0.00254	0.01004	0.00745	0.00366	0.04639
3	0.01009	0.00730	0.00968	0.01103	0.01196	0.00676	0.00773	0.01189	0.01571	0.02119	0.09159	0.58863	0.05087	0.02264	0.00974	0.00305	0.00470	0.07110	0.00719	0.03714
4	0.00958	0.00701	0.00904	0.01061	0.01141	0.00647	0.00732	0.01112	0.01537	0.02013	0.04721	0.60532	0.13065	0.02354	0.00985	0.00310	0.00457	0.05414	0.00719	0.00638
5	0.02541	0.02300	0.02185	0.08297	0.02568	0.17000	0.01499	0.33019	0.09773	0.03501	0.01968	0.02075	0.03607	0.00961	0.00870	0.00239	0.05144	0.00704	0.00626	0.01122
6	0.01874	0.02057	0.11081	0.25223	0.17152	0.01911	0.13948	0.12373	0.01993	0.02712	0.01509	0.01956	0.01139	0.00755	0.00795	0.00248	0.01047	0.00719	0.00428	0.01079
7	0.01944	0.18986	0.07943	0.09906	0.02904	0.02285	0.13570	0.12138	0.01865	0.02501	0.01387	0.01790	0.01132	0.01091	0.04304	0.00293	0.13866	0.00664	0.00420	0.01010
8	0.01676	0.09980	0.58388	0.02142	0.03214	0.01896	0.04949	0.02489	0.01658	0.04635	0.01427	0.01653	0.01022	0.00735	0.00723	0.00239	0.01107	0.00578	0.00352	0.01135
9	0.00945	0.00675	0.00900	0.01080	0.01125	0.00630	0.00720	0.01080	0.01484	0.01979	0.04274	0.72245	0.05128	0.02429	0.00990	0.00315	0.00450	0.02204	0.00720	0.00630
10	0.02854	0.01987	0.02222	0.05466	0.02475	0.02172	0.01449	0.53154	0.03306	0.11370	0.02045	0.04377	0.01498	0.00977	0.00783	0.00238	0.00829	0.00758	0.00770	0.01270
11	0.01110	0.00896	0.01380	0.08618	0.05195	0.00891	0.04775	0.01326	0.01510	0.02016	0.03580	0.53977	0.04157	0.05378	0.01091	0.00322	0.00600	0.01841	0.00632	0.00702
12	0.01140	0.00855	0.01262	0.01251	0.01387	0.01005	0.00976	0.01417	0.01259	0.01845	0.02060	0.02996	0.01910	0.05476	0.64756	0.01174	0.04268	0.00822	0.03442	0.00699
13	0.02406	0.34537	0.03061	0.05415	0.02360	0.27076	0.01462	0.08493	0.01979	0.02149	0.01209	0.01421	0.01030	0.00772	0.00694	0.00196	0.03865	0.00497	0.00399	0.00977
14	0.73778	0.01489	0.01179	0.01041	0.01528	0.01704	0.00858	0.02368	0.01373	0.07347	0.01197	0.01342	0.00904	0.00734	0.00498	0.00240	0.00603	0.00441	0.00508	0.00868
15	0.07581	0.06237	0.49218	0.05063	0.05511	0.01813	0.04956	0.02494	0.01653	0.06421	0.01463	0.01698	0.01046	0.00742	0.00720	0.00242	0.01056	0.00590	0.00382	0.01114
16	0.04691	0.02559	0.30552	0.02412	0.14696	0.01572	0.07113	0.02304	0.01762	0.05246	0.10763	0.02331	0.01980	0.00834	0.00758	0.00231	0.00914	0.00730	0.00460	0.08089
17	0.50400	0.06956	0.01635	0.01265	0.01768	0.12775	0.01033	0.07222	0.01674	0.03159	0.01176	0.01348	0.00931	0.00736	0.00545	0.00220	0.00762	0.00456	0.00478	0.05460
18	0.02947	0.02172	0.02327	0.01784	0.02404	0.02404	0.01474	0.65329	0.03646	0.04887	0.01862	0.01862	0.01319	0.00931	0.00776	0.00233	0.00853	0.00698	0.00776	0.01319
19	0.01730	0.01651	0.02781	0.26296	0.36934	0.01722	0.05240	0.02207	0.01680	0.02346	0.01429	0.01944	0.01152	0.00705	0.00757	0.00229	0.00941	0.00677	0.00379	0.09200
20	0.78228	0.01499	0.01140	0.01020	0.01499	0.01739	0.00840	0.02279	0.01320	0.03479	0.01080	0.01260	0.00840	0.00720	0.00480	0.00240	0.00600	0.00420	0.00480	0.00840
21	0.00944	0.00679	0.00895	0.01068	0.01122	0.00631	0.00715	0.01081	0.01496	0.01984	0.04414	0.69701	0.07581	0.02411	0.00987	0.00313	0.00448	0.02182	0.00720	0.00631
22	0.01108	0.00831	0.01246	0.01246	0.01385	0.00969	0.00969	0.01385	0.01246	0.01800	0.02077	0.03046	0.01938	0.05815	0.69678	0.01246	0.02077	0.00831	0.00415	0.00692
23	0.00951	0.00686	0.00901	0.01060	0.01123	0.00636	0.00714	0.01101	0.01535	0.02043	0.07729	0.65769	0.08154	0.02364	0.00982	0.00309	0.00443	0.02136	0.00727	0.00636
24	0.06857	0.01499	0.01874	0.01444	0.02042	0.01421	0.01193	0.16049	0.02463	0.52679	0.02727	0.02419	0.01749	0.00943	0.00765	0.00238	0.00696	0.00747	0.00900	0.01297
25	0.00931	0.00764	0.00820	0.00852	0.01068	0.00654	0.00622	0.01124	0.01733	0.02122	0.10099	0.19965	0.52493	0.02035	0.00931	0.00271	0.00403	0.01735	0.00727	0.00654
26	0.00960	0.00686	0.00916	0.01087	0.01141	0.00642	0.00737	0.01112	0.01522	0.02035	0.06784	0.67579	0.05194	0.02386	0.00989	0.00313	0.00455	0.04099	0.00725	0.00637
27	0.78228	0.01499	0.01140	0.01020	0.01499	0.01739	0.00840	0.02279	0.01320	0.03479	0.01080	0.01260	0.00840	0.00720	0.00480	0.00240	0.00600	0.00420	0.00480	0.00840
28	0.01798	0.01999	0.04161	0.07228	0.06475	0.01984	0.52416	0.02387	0.01746	0.02393	0.01497	0.02043	0.01154	0.00734	0.01066	0.00268	0.08377	0.00869	0.00384	0.01022
29	0.01089	0.00792	0.01025	0.00967	0.01153	0.00728	0.00725	0.01447	0.02175	0.03061	0.64692	0.05871	0.10159	0.01603	0.00915	0.00245	0.00367	0.01413	0.00847	0.00728
30	0.01128	0.00752	0.00846	0.00846	0.00846	0.00752	0.00470	0.01128	0.01128	0.01503	0.02443	0.05074	0.02819	0.72751	0.03946	0.00752	0.00752	0.01128	0.00470	0.00470
31	0.02073	0.73217	0.04063	0.01327	0.01990	0.03068	0.01327	0.02322	0.01575	0.01824	0.01078	0.01244	0.00995	0.00663	0.00498	0.00166	0.00829	0.00415	0.00332	0.00995
32	0.01097	0.00793	0.01036	0.00975	0.01158	0.00732	0.00732	0.01463	0.02195	0.03109	0.67505	0.05792	0.07316	0.01585	0.00914	0.00244	0.00366	0.01402	0.00854	0.00732
33	0.09475	0.02432	0.17035	0.01958	0.02470	0.05675	0.04327	0.18460	0.02011	0.02957	0.01355	0.01684	0.01075	0.00991	0.01327	0.00271	0.24348	0.00635	0.00468	0.01045
34	0.01981	0.01973	0.03045	0.06744	0.60650	0.07197	0.02302	0.02423	0.01792	0.02464	0.01435	0.01883	0.01204	0.00702	0.00762	0.00229	0.00963	0.00676	0.00384	0.01190
35	0.78228	0.01499	0.01140	0.01020	0.01499	0.01739	0.00840	0.02279	0.01320	0.03479	0.01080	0.01260	0.00840	0.00720	0.00480	0.00240	0.00600	0.00420	0.00480	0.00840
36	0.01501	0.01643	0.07676	0.22159	0.03237	0.01734	0.10515	0.01925	0.01493	0.02067	0.01857	0.02775	0.04026	0.01655	0.09488	0.00404	0.19126	0.05452	0.00400	0.00867
37	0.01871	0.01809	0.03110	0.09971	0.58047	0.01856	0.04816	0.02334	0.01731	0.02463	0.01441	0.01930	0.01203	0.00719	0.00835	0.00238	0.03368	0.00699	0.00379	0.01178
38	0.01696	0.01696	0.02375	0.02036	0.02036	0.02375	0.01696	0.01866	0.01187	0.01866	0.01018	0.01696	0.01018	0.01357	0.02545	0.00339	0.71332	0.00679	0.00339	0.00848
39	0.01108	0.00831	0.01246	0.01246	0.01385	0.00969	0.00969	0.01385	0.01246	0.01800	0.02077	0.03046	0.01938	0.05815	0.69678	0.01246	0.02077	0.00831	0.00415	0.00692
40	0.78228	0.01499	0.01140	0.01020	0.01499	0.01739	0.00840	0.02279	0.01320	0.03479	0.01080	0.01260	0.00840	0.00720	0.00480	0.00240	0.00600	0.00420	0.00480	0.00840
41	0.01608	0.01378	0.01608	0.01148	0.01837	0.01034	0.00919	0.01952	0.01608	0.02527	0.01378	0.01608	0.01148	0.00574	0.00574	0.00115	0.00574	0.00459	0.00459	0.77491
42	0.64663	0.07087	0.04417	0.01227	0.01767	0.01856	0.04788	0.02302	0.01383	0.03251	0.01122	0.01324	0.00878	0.00712	0.00518	0.00236	0.00682	0.00455	0.00457	0.00877
43	0.78228	0.01499	0.01140	0.01020	0.01499	0.01739	0.00840	0.02279	0.01320	0.03479	0.01080	0.01260	0.00840	0.00720	0.00480	0.00240	0.00600	0.00420	0.00480	0.00840
44	0.34903	0.01398	0.01514	0.01219	0.01772	0.01388	0.01005	0.03075	0.01816	0.38467	0.02158	0.02017	0.01434	0.00843	0.00645	0.00235	0.00631	0.00615	0.00738	0.04128
45	0.01108	0.00831	0.01246	0.01246	0.01385	0.00969	0.00969	0.01385	0.01246	0.01800	0.02077	0.03046	0.01938	0.05815	0.69678	0.01246	0.02077	0.00831	0.00415	0.00692
46	0.01670	0.01668	0.02455	0.11566	0.02570	0.02269	0.04252	0.01906	0.01263	0.01906	0.01089	0.01763	0.01026	0.01249	0.02237	0.00325	0.58898	0.00689	0.00342	0.00858
47	0.01212	0.00809	0.00910	0.00885	0.00929	0.00814	0.00529	0.03704	0.01316	0.01801	0.06453	0.04890	0.03000	0.62171	0.03475	0.00673	0.00714	0.01109	0.04075	0.00531
48	0.01192	0.00826	0.01058	0.01152	0.01246	0.00826	0.00880	0.01379	0.01473	0.01933	0.03317	0.07005	0.03683	0.35626	0.02435	0.00544	0.00732	0.33499	0.00598	0.00598
49	0.02998	0.01465	0.01813	0.01459	0.02012	0.01436	0.01183	0.07079	0.21089	0.46083	0.03025	0.02673	0.02019	0.00985	0.00782	0.00246	0.00656	0.00804	0.00900	0.01293
50	0.78228	0.01499	0.01140	0.01020	0.01499	0.01739	0.00840	0.02279	0.01320	0.03479	0.01080	0.01260	0.00840	0.00720	0.00480	0.00240	0.00600	0.00420	0.00480	0.00840
51	0.01744	0.01664	0.02831	0.30181	0.43858	0.01796	0.02293	0.02226	0.01683	0.02321	0.01428	0.01976	0.01153	0.00723	0.00771	0.00241	0.00964	0.00690	0.00369	0.01087
52	0.02073	0.73217	0.04063	0.01327	0.01990	0.03068	0.01327	0.02322	0.01575	0.01824	0.01078	0.01244	0.00995	0.00663	0.00498	0.00166	0.00829	0.00415	0.00332	0.00995
53	0.03304	0.01314	0.01767	0.01367	0.01939	0.01155	0.01124	0.05710	0.02266	0.61984	0.07274	0.02821	0.02255	0.01000	0.00788	0.00240	0.00647	0.00818	0.00946	0.01281
54	0.02906	0.02151	0.02303	0.01776	0.02389	0.02385	0.01464	0.62813	0.06229	0.04819	0.01915	0.01904	0.01362	0.00936	0.00776	0.00234	0.00843	0.00705	0.00776	0.01315
55	0.01193	0.00997	0.01543	0.22897	0.08489	0.01076	0.01312	0.01475	0.01530	0.02030	0.03127	0.44259	0.03514	0.01762	0.00903	0.00290	0.00672	0.01600	0.00574	0.00755
56	0.03433	0.01394	0.01845	0.01415	0.02016	0.01250	0.01169	0.09130	0.02343	0.62924	0.02955	0.02571	0.01867	0.00957	0.00779	0.00239	0.00677	0.00773	0.00944	0.01319
57	0.01127	0.00755	0.00864	0.00864	0.00871	0.00762	0.00493	0.01140	0.01133	0.01517	0.02426	0.04979	0.02778	0.69631	0.07010	0.00775	0.00813	0.01114	0.00467	0.00480
58	0.00990	0.00788	0.00887	0.00863	0.01092	0.00686	0.00647	0.01255	0.01941	0.02507	0.32090	0.06783	0.43107	0.01810	0.00916	0.00255	0.00382	0.01541	0.00774	0.00686
59	0.01984	0.01693	0.01784	0.01589	0.02037	0.01954	0.01241	0.07441	0.63102	0.03333	0.03086	0.02837	0.02310	0.01045	0.00788	0.00261	0.00627	0.00867	0.00788	0.01232
60	0.78228	0.01499	0.01140	0.01020	0.01499	0.01739	0.00840	0.02279	0.01320	0.03479	0.01080	0.01260	0.00840	0.00720	0.00480	0.00240	0.00600	0.00420	0.00480	0.00840
61	0.02036	0.67472	0.06724	0.01392	0.02049	0.02987	0.01406	0.02309	0.01563	0.01852	0.01089	0.01278	0.00995	0.00694	0.00588	0.00176	0.03629	0.00432	0.00332	0.00996
62	0.01128	0.00752	0.00846	0.00846	0.00846	0.00752	0.00470	0.01128	0.01128	0.01503	0.02443	0.05074	0.02819	0.72751	0.03946	0.00752	0.00752	0.01128	0.00470	0.00470
63	0.01929	0.01666	0.01753	0.01578	0.02016	0.01929	0.01227	0.04120	0.66513	0.03243	0.03156	0.02893	0.02367	0.01052	0.00789	0.00263	0.00614	0.00877	0.00789	0.01227
64	0.01677	0.09068	0.58802	0.02154	0.03229	0.01878	0.05143	0.02496	0.01662	0.04879	0.01437	0.01663	0.01026	0.00736	0.00727	0.00240	0.01110	0.00582	0.00354	0.01137

[dist]
# distance from previous block
# <min> <max>
0	1

[block]
# block no. 1 follows, 25 sequences, length 82
# corresponding to MSA columns:
# 133-214
name=unknown_B
#
# <colnr> <probs for GDERKNQSTAVLIFYWHMCP>
#	G	D	E	R	K	N	Q	S	T	A	V	L	I	F	Y	W	H	M	C	P
0	0.74606	0.04910	0.01279	0.01034	0.01523	0.01803	0.00863	0.02281	0.01332	0.03400	0.01080	0.01259	0.00847	0.00717	0.00481	0.00236	0.00611	0.00420	0.00473	0.00847
1	0.00945	0.00675	0.00900	0.01080	0.01125	0.00630	0.00720	0.01080	0.01484	0.01979	0.04274	0.72245	0.05128	0.02429	0.00990	0.00315	0.00450	0.02204	0.00720	0.00630
2	0.01881	0.01577	0.01689	0.01515	0.01931	0.01789	0.01188	0.08332	0.52106	0.03283	0.08244	0.03421	0.04869	0.01157	0.00813	0.00263	0.00609	0.03388	0.00788	0.01157
3	0.02147	0.67106	0.03907	0.01375	0.02026	0.05832	0.01341	0.05186	0.01695	0.01965	0.01118	0.01278	0.01010	0.00681	0.00518	0.00170	0.00854	0.00431	0.00354	0.01006
4	0.02073	0.73217	0.04063	0.01327	0.01990	0.03068	0.01327	0.02322	0.01575	0.01824	0.01078	0.01244	0.00995	0.00663	0.00498	0.00166	0.00829	0.00415	0.00332	0.00995
5	0.01072	0.00783	0.01007	0.00969	0.01147	0.00718	0.00720	0.01407	0.02108	0.02945	0.58114	0.10924	0.11832	0.01678	0.00920	0.00251	0.00374	0.01481	0.00833	0.00718
6	0.02868	0.02132	0.02282	0.01768	0.02374	0.02368	0.01455	0.60576	0.08527	0.04759	0.01962	0.01942	0.01400	0.00940	0.00777	0.00235	0.00835	0.00712	0.00777	0.01312
7	0.14436	0.22167	0.02633	0.01535	0.02146	0.02489	0.01333	0.37673	0.02697	0.03801	0.01518	0.01593	0.01152	0.00822	0.00651	0.00215	0.00807	0.00575	0.00604	0.01152
8	0.00968	0.00687	0.00901	0.01054	0.01102	0.00645	0.00699	0.01102	0.01486	0.01990	0.07041	0.63330	0.05029	0.08502	0.01243	0.00350	0.00472	0.02074	0.00704	0.00621
9	0.02902	0.02149	0.02301	0.01775	0.02387	0.02383	0.01463	0.62578	0.06471	0.04813	0.01920	0.01908	0.01366	0.00936	0.00776	0.00234	0.00842	0.00706	0.00776	0.01314
10	0.01630	0.04729	0.04563	0.01233	0.01915	0.01206	0.01047	0.01987	0.01592	0.02468	0.01352	0.01596	0.01130	0.00613	0.00649	0.00131	0.03167	0.00470	0.00444	0.68078
11	0.01861	0.01252	0.01593	0.01409	0.01750	0.01248	0.03963	0.14927	0.07100	0.11959	0.03237	0.35577	0.03282	0.01625	0.00874	0.00270	0.00621	0.01437	0.00740	0.05275
12	0.01780	0.02438	0.16171	0.03077	0.03926	0.01932	0.53850	0.02479	0.01795	0.02479	0.01537	0.02009	0.01141	0.00669	0.00883	0.00259	0.01278	0.00853	0.00380	0.01064
13	0.01051	0.00788	0.00979	0.00973	0.01163	0.00716	0.00735	0.01354	0.01995	0.02698	0.42272	0.12259	0.21827	0.01796	0.00934	0.00263	0.00407	0.06289	0.00798	0.00702
14	0.01175	0.00814	0.01059	0.00998	0.01198	0.00748	0.00759	0.01530	0.02160	0.05216	0.60100	0.05880	0.09814	0.01604	0.00916	0.00249	0.00391	0.03798	0.00845	0.00747
15	0.03219	0.01324	0.01759	0.01371	0.01933	0.01184	0.01124	0.05979	0.04545	0.58627	0.08020	0.02863	0.02331	0.01010	0.00790	0.00241	0.00643	0.00828	0.00938	0.01271
16	0.00945	0.00675	0.00900	0.01080	0.01125	0.00630	0.00720	0.01080	0.01484	0.01979	0.04274	0.72245	0.05128	0.02429	0.00990	0.00315	0.00450	0.02204	0.00720	0.00630
17	0.01113	0.00810	0.01140	0.01140	0.01242	0.00911	0.00837	0.01316	0.01215	0.01721	0.02174	0.03584	0.02172	0.23575	0.52238	0.01115	0.01725	0.00909	0.00430	0.00633
18	0.02042	0.67698	0.06757	0.01436	0.02124	0.02974	0.03773	0.02333	0.01588	0.01875	0.01109	0.01292	0.01001	0.00666	0.00523	0.00173	0.00860	0.00440	0.00334	0.01003
19	0.01347	0.00673	0.01010	0.01010	0.01010	0.00673	0.00673	0.01010	0.01010	0.01347	0.01347	0.02357	0.01347	0.02694	0.03030	0.77441	0.00673	0.00673	0.00337	0.00337
20	0.00945	0.00675	0.00900	0.01080	0.01125	0.00630	0.00720	0.01080	0.01484	0.01979	0.04274	0.72245	0.05128	0.02429	0.00990	0.00315	0.00450	0.02204	0.00720	0.00630
21	0.03008	0.03824	0.01979	0.01502	0.02068	0.01626	0.01233	0.21692	0.08968	0.38174	0.02712	0.05613	0.01907	0.01019	0.00780	0.00241	0.00708	0.00820	0.00858	0.01268
22	0.01113	0.00746	0.00850	0.00864	0.00867	0.00742	0.00489	0.01124	0.01155	0.01540	0.02585	0.10289	0.02998	0.67291	0.03717	0.00718	0.00728	0.01211	0.00489	0.00482
23	0.01108	0.00831	0.01246	0.01246	0.01385	0.00969	0.00969	0.01385	0.01246	0.01800	0.02077	0.03046	0.01938	0.05815	0.69678	0.01246	0.02077	0.00831	0.00415	0.00692
24	0.01808	0.01986	0.03985	0.03115	0.08572	0.02042	0.46425	0.02341	0.01685	0.02353	0.01440	0.01992	0.01146	0.00810	0.01258	0.00276	0.16522	0.00846	0.00380	0.01017
25	0.01656	0.01574	0.02672	0.43000	0.31729	0.01773	0.02249	0.02149	0.01641	0.02214	0.01412	0.02005	0.01116	0.00740	0.00772	0.00247	0.00986	0.00690	0.00361	0.01016
26	0.01908	0.46155	0.12783	0.01654	0.02308	0.02612	0.06251	0.02365	0.04596	0.02077	0.03650	0.01641	0.01301	0.00784	0.00768	0.00206	0.07002	0.00554	0.00376	0.01008
27	0.01108	0.00831	0.01246	0.01246	0.01385	0.00969	0.00969	0.01385	0.01246	0.01800	0.02077	0.03046	0.01938	0.05815	0.69678	0.01246	0.02077	0.00831	0.00415	0.00692
28	0.01675	0.01628	0.02770	0.07919	0.13027	0.01660	0.22166	0.02579	0.17256	0.02660	0.09483	0.05577	0.06020	0.01005	0.00854	0.00257	0.00875	0.00995	0.00562	0.01032
29	0.01939	0.01579	0.01816	0.04482	0.02090	0.03952	0.01179	0.09885	0.08928	0.07071	0.01859	0.05859	0.01553	0.00898	0.00879	0.00198	0.08094	0.00688	0.00561	0.36491
30	0.01089	0.00792	0.01025	0.00967	0.01153	0.00728	0.00725	0.01448	0.02176	0.03065	0.64874	0.05865	0.09974	0.01602	0.00915	0.00245	0.00367	0.01413	0.00848	0.00728
31	0.78228	0.01499	0.01140	0.01020	0.01499	0.01739	0.00840	0.02279	0.01320	0.03479	0.01080	0.01260	0.00840	0.00720	0.00480	0.00240	0.00600	0.00420	0.00480	0.00840
32	0.01328	0.01137	0.01761	0.25768	0.11408	0.01245	0.01494	0.01754	0.03968	0.02248	0.09802	0.24008	0.03290	0.01464	0.00877	0.00278	0.00731	0.06049	0.00563	0.00827
33	0.00990	0.00710	0.00941	0.01049	0.01135	0.00660	0.00723	0.01194	0.01697	0.02317	0.23151	0.52406	0.05781	0.02177	0.00967	0.00294	0.00425	0.01965	0.00760	0.00660
34	0.01119	0.01068	0.04807	0.01011	0.01319	0.00884	0.00831	0.01627	0.09081	0.02546	0.24777	0.06127	0.38589	0.01680	0.00892	0.00256	0.00452	0.01422	0.00745	0.00769
35	0.78228	0.01499	0.01140	0.01020	0.01499	0.01739	0.00840	0.02279	0.01320	0.03479	0.01080	0.01260	0.00840	0.00720	0.00480	0.00240	0.00600	0.00420	0.00480	0.00840
36	0.01516	0.01471	0.02564	0.59911	0.05019	0.01784	0.08724	0.02027	0.01559	0.02027	0.01378	0.02049	0.01048	0.00795	0.00890	0.00263	0.05034	0.00712	0.00349	0.00880
37	0.01125	0.00763	0.00905	0.00905	0.00926	0.00784	0.00544	0.01166	0.01145	0.01548	0.02389	0.04772	0.02688	0.62785	0.13733	0.00825	0.00949	0.01083	0.00462	0.00503
38	0.01108	0.00831	0.01246	0.01246	0.01385	0.00969	0.00969	0.01385	0.01246	0.01800	0.02077	0.03046	0.01938	0.05815	0.69678	0.01246	0.02077	0.00831	0.00415	0.00692
39	0.09781	0.06913	0.02211	0.01677	0.02199	0.09436	0.01370	0.33964	0.14855	0.03777	0.01868	0.01900	0.01401	0.00922	0.00807	0.00236	0.04192	0.00664	0.00660	0.01167
40	0.01664	0.11206	0.52319	0.02296	0.08653	0.01949	0.02564	0.02529	0.05307	0.02438	0.01463	0.01689	0.01083	0.00743	0.00716	0.00237	0.01062	0.00583	0.00359	0.01141
41	0.02250	0.05787	0.02011	0.01575	0.02069	0.02021	0.01269	0.23092	0.35692	0.06048	0.07623	0.02690	0.02327	0.01030	0.00778	0.00246	0.00684	0.00832	0.00770	0.01208
42	0.78228	0.01499	0.01140	0.01020	0.01499	0.01739	0.00840	0.02279	0.01320	0.03479	0.01080	0.01260	0.00840	0.00720	0.00480	0.00240	0.00600	0.00420	0.00480	0.00840
43	0.01754	0.02705	0.26933	0.03100	0.15924	0.01880	0.28070	0.02529	0.04742	0.02518	0.01558	0.01934	0.01173	0.00709	0.00818	0.00250	0.01144	0.00749	0.00386	0.01125
44	0.01608	0.01378	0.01608	0.01148	0.01837	0.01034	0.00919	0.01952	0.01608	0.02527	0.01378	0.01608	0.01148	0.00574	0.00574	0.00115	0.00574	0.00459	0.00459	0.77491
45	0.01929	0.01666	0.01753	0.01578	0.02016	0.01929	0.01227	0.04120	0.66513	0.03243	0.03156	0.02893	0.02367	0.01052	0.00789	0.00263	0.00614	0.00877	0.00789	0.01227
46	0.01934	0.25643	0.30349	0.02234	0.10248	0.02174	0.06942	0.02509	0.01692	0.07388	0.01441	0.01655	0.01102	0.00719	0.00680	0.00219	0.00993	0.00578	0.00389	0.01113
47	0.05652	0.01316	0.01670	0.01352	0.01858	0.01249	0.01088	0.03470	0.12623	0.47076	0.05782	0.02896	0.02234	0.04487	0.03358	0.00303	0.00691	0.00828	0.00868	0.01200
48	0.00945	0.00675	0.00900	0.01080	0.01125	0.00630	0.00720	0.01080	0.01484	0.01979	0.04274	0.72245	0.05128	0.02429	0.00990	0.00315	0.00450	0.02204	0.00720	0.00630
49	0.01176	0.00985	0.01580	0.14816	0.05137	0.01013	0.06101	0.01453	0.01556	0.02066	0.03373	0.46072	0.03821	0.01879	0.00938	0.00299	0.00666	0.05721	0.00607	0.00738
50	0.01821	0.02260	0.10438	0.05415	0.06067	0.05220	0.40392	0.02384	0.01707	0.02332	0.01429	0.01938	0.01118	0.00793	0.01151	0.00269	0.13072	0.00804	0.00375	0.01016
51	0.01769	0.00941	0.01252	0.01089	0.01390	0.00847	0.00847	0.02116	0.02202	0.21533	0.49334	0.04903	0.05794	0.01409	0.00876	0.00243	0.00449	0.01227	0.00883	0.00897
52	0.01586	0.03679	0.58410	0.04794	0.03513	0.01818	0.10552	0.02442	0.01658	0.02442	0.01413	0.01709	0.01008	0.00728	0.00760	0.00248	0.01162	0.00619	0.00336	0.01123
53	0.03084	0.01374	0.01875	0.01655	0.07412	0.01253	0.01230	0.06343	0.04569	0.52605	0.07878	0.02797	0.02269	0.00988	0.00789	0.00240	0.00666	0.00820	0.00889	0.01263
54	0.02328	0.01498	0.01738	0.01469	0.01886	0.01569	0.01177	0.29203	0.04866	0.14644	0.05248	0.11489	0.02655	0.07533	0.01120	0.00306	0.00720	0.08719	0.00770	0.01064
55	0.00951	0.00680	0.00905	0.01075	0.01126	0.00634	0.00720	0.01095	0.01514	0.02026	0.06889	0.69496	0.05219	0.02394	0.00987	0.00312	0.00446	0.02171	0.00725	0.00634
56	0.02977	0.01735	0.10732	0.01505	0.02148	0.01340	0.01376	0.10429	0.02302	0.47335	0.07704	0.02662	0.02145	0.00975	0.00784	0.00240	0.00724	0.00791	0.00846	0.01251
57	0.01626	0.06177	0.44601	0.05226	0.08666	0.01830	0.12605	0.02383	0.01698	0.02451	0.04472	0.01926	0.01329	0.00757	0.00767	0.00244	0.01099	0.00674	0.00368	0.01100
58	0.78228	0.01499	0.01140	0.01020	0.01499	0.01739	0.00840	0.02279	0.01320	0.03479	0.01080	0.01260	0.00840	0.00720	0.00480	0.00240	0.00600	0.00420	0.00480	0.00840
59	0.01407	0.01366	0.02555	0.08715	0.07593	0.01356	0.23805	0.01787	0.01624	0.02195	0.02718	0.33050	0.02907	0.01477	0.00982	0.00285	0.03359	0.01438	0.00530	0.00851
60	0.01660	0.01928	0.10663	0.32201	0.21680	0.01829	0.11097	0.02209	0.01641	0.02251	0.01411	0.01962	0.01099	0.00759	0.00872	0.00254	0.04398	0.00707	0.00360	0.01019
61	0.01090	0.00871	0.01271	0.01486	0.07088	0.00819	0.03730	0.01302	0.01586	0.02093	0.04369	0.49247	0.12812	0.02115	0.00964	0.00302	0.00543	0.06927	0.00676	0.00710
62	0.01957	0.01914	0.03111	0.04653	0.65393	0.04451	0.02346	0.02407	0.01782	0.02509	0.01448	0.01899	0.01219	0.00695	0.00765	0.00229	0.00939	0.00683	0.00384	0.01216
63	0.03230	0.06889	0.01976	0.01390	0.01979	0.01362	0.01161	0.06465	0.04385	0.56443	0.04589	0.02589	0.01981	0.00955	0.00762	0.00235	0.00672	0.00768	0.00894	0.01276
64	0.01790	0.02103	0.06924	0.03213	0.06870	0.01899	0.57315	0.02425	0.01806	0.02466	0.01658	0.04686	0.01319	0.00725	0.00904	0.00261	0.01251	0.00939	0.00401	0.01043
65	0.03072	0.01662	0.02014	0.04761	0.02294	0.01692	0.01316	0.26344	0.07629	0.37025	0.02548	0.02346	0.01692	0.00948	0.00779	0.00240	0.00745	0.00753	0.00851	0.01291
66	0.01655	0.06804	0.49484	0.02535	0.07851	0.01893	0.14078	0.02449	0.01678	0.02436	0.01413	0.01720	0.01035	0.00715	0.00760	0.00244	0.01145	0.00636	0.00343	0.01126
67	0.06417	0.01871	0.11116	0.01686	0.05108	0.01521	0.01466	0.15437	0.02342	0.38847	0.02588	0.02409	0.03720	0.00933	0.00763	0.00240	0.00765	0.00742	0.00781	0.01248
68	0.01624	0.11997	0.57399	0.02097	0.03121	0.01982	0.02618	0.02406	0.01604	0.02348	0.01334	0.01594	0.00986	0.00763	0.00811	0.00241	0.05074	0.00560	0.00329	0.01111
69	0.02084	0.01921	0.02341	0.08543	0.24588	0.11404	0.01789	0.15447	0.02207	0.02840	0.02098	0.03391	0.01930	0.01092	0.00829	0.00257	0.00938	0.14706	0.00540	0.01053
70	0.01522	0.01616	0.08426	0.07471	0.07559	0.01381	0.19228	0.02071	0.04516	0.04881	0.16375	0.09423	0.09755	0.01184	0.00873	0.00258	0.00825	0.01131	0.00578	0.00929
71	0.01462	0.01405	0.02439	0.35943	0.06334	0.01619	0.11945	0.01884	0.01550	0.02070	0.01951	0.16046	0.01880	0.01147	0.01035	0.00278	0.08698	0.01027	0.00428	0.00857
72	0.01108	0.00766	0.00953	0.00966	0.01005	0.00798	0.00617	0.01190	0.01185	0.01616	0.02490	0.09722	0.02771	0.50159	0.20590	0.00845	0.01069	0.01134	0.00475	0.00539
73	0.01608	0.01378	0.01608	0.01148	0.01837	0.01034	0.00919	0.01952	0.01608	0.02527	0.01378	0.01608	0.01148	0.00574	0.00574	0.00115	0.00574	0.00459	0.00459	0.77491
74	0.02969	0.01593	0.01923	0.01469	0.02084	0.01524	0.01206	0.21668	0.04825	0.36861	0.02441	0.02254	0.01635	0.00893	0.00746	0.00219	0.00702	0.00708	0.00820	0.13462
75	0.01445	0.00723	0.00723	0.00723	0.00903	0.00723	0.00542	0.01807	0.01626	0.02891	0.02529	0.02891	0.01987	0.00903	0.00542	0.00181	0.00361	0.00723	0.77055	0.00723
76	0.02896	0.03695	0.02197	0.01998	0.02397	0.69638	0.01498	0.03096	0.02197	0.01898	0.01199	0.01398	0.00999	0.00799	0.00699	0.00200	0.01398	0.00499	0.00400	0.00899
77	0.02890	0.02143	0.02295	0.01772	0.02383	0.02378	0.01460	0.61870	0.07198	0.04794	0.01935	0.01920	0.01378	0.00938	0.00776	0.00234	0.00840	0.00708	0.00776	0.01313
78	0.01566	0.03935	0.66215	0.02251	0.03383	0.01807	0.05307	0.02457	0.01645	0.02457	0.01398	0.01655	0.00990	0.00733	0.00744	0.00246	0.01152	0.00586	0.00330	0.01142
79	0.01347	0.00673	0.01010	0.01010	0.01010	0.00673	0.00673	0.01010	0.01010	0.01347	0.01347	0.02357	0.01347	0.02694	0.03030	0.77441	0.00673	0.00673	0.00337	0.00337
80	0.02681	0.02033	0.02279	0.10180	0.02729	0.02282	0.01536	0.52475	0.08672	0.04395	0.01911	0.01973	0.01372	0.00922	0.00777	0.00238	0.00855	0.00712	0.00724	0.01255
81	0.09640	0.01896	0.07738	0.01578	0.02208	0.01758	0.01387	0.24999	0.08085	0.29219	0.02329	0.02180	0.01571	0.00917	0.00749	0.00240	0.00760	0.00710	0.00783	0.01254

[dist]
# distance from previous block
# <min> <max>
0	1

[block]
# block no. 2 follows, 25 sequences, length 30
# corresponding to MSA columns:
# 216-245
name=unknown_C
#
# <colnr> <probs for GDERKNQSTAVLIFYWHMCP>
#	G	D	E	R	K	N	Q	S	T	A	V	L	I	F	Y	W	H	M	C	P
0	0.02081	0.01820	0.07071	0.35031	0.03901	0.01883	0.04700	0.19370	0.05379	0.08553	0.01749	0.02072	0.01254	0.00838	0.00780	0.00249	0.00953	0.00710	0.00536	0.01070
1	0.67473	0.01566	0.01302	0.08362	0.01934	0.04195	0.01001	0.02278	0.01375	0.03265	0.01115	0.01349	0.00866	0.00728	0.00519	0.00240	0.00674	0.00451	0.00463	0.00844
2	0.71329	0.01505	0.01256	0.01194	0.04297	0.01714	0.00919	0.02358	0.01383	0.06666	0.01194	0.01356	0.00910	0.00730	0.00507	0.00240	0.00616	0.00449	0.00500	0.00880
3	0.01464	0.01378	0.02326	0.70887	0.05340	0.01723	0.02153	0.01981	0.01550	0.01981	0.01378	0.02067	0.01034	0.00775	0.00775	0.00258	0.01034	0.00689	0.00345	0.00861
4	0.01100	0.00789	0.01020	0.00964	0.01132	0.00733	0.00709	0.01435	0.02104	0.02973	0.61970	0.05731	0.06933	0.07640	0.01172	0.00287	0.00399	0.01379	0.00821	0.00709
5	0.01347	0.00673	0.01010	0.01010	0.01010	0.00673	0.00673	0.01010	0.01010	0.01347	0.01347	0.02357	0.01347	0.02694	0.03030	0.77441	0.00673	0.00673	0.00337	0.00337
6	0.01445	0.00723	0.00723	0.00723	0.00903	0.00723	0.00542	0.01807	0.01626	0.02891	0.02529	0.02891	0.01987	0.00903	0.00542	0.00181	0.00361	0.00723	0.77055	0.00723
7	0.02875	0.02136	0.02286	0.01769	0.02377	0.02371	0.01456	0.60981	0.08111	0.04770	0.01953	0.01935	0.01393	0.00939	0.00777	0.00235	0.00836	0.00711	0.00777	0.01312
8	0.01978	0.01919	0.05180	0.04426	0.02249	0.06700	0.01361	0.05738	0.51243	0.03079	0.02738	0.02602	0.02060	0.00982	0.00770	0.00250	0.00719	0.00803	0.00705	0.04497
9	0.01851	0.01791	0.03155	0.04298	0.54671	0.01775	0.09726	0.02326	0.01775	0.02509	0.01698	0.02523	0.01498	0.00810	0.00811	0.00245	0.00949	0.06015	0.00413	0.01163
10	0.02947	0.02172	0.02327	0.01784	0.02404	0.02404	0.01474	0.65329	0.03646	0.04887	0.01862	0.01862	0.01319	0.00931	0.00776	0.00233	0.00853	0.00698	0.00776	0.01319
11	0.78228	0.01499	0.01140	0.01020	0.01499	0.01739	0.00840	0.02279	0.01320	0.03479	0.01080	0.01260	0.00840	0.00720	0.00480	0.00240	0.00600	0.00420	0.00480	0.00840
12	0.78228	0.01499	0.01140	0.01020	0.01499	0.01739	0.00840	0.02279	0.01320	0.03479	0.01080	0.01260	0.00840	0.00720	0.00480	0.00240	0.00600	0.00420	0.00480	0.00840
13	0.01082	0.00792	0.01015	0.00959	0.01149	0.00725	0.00719	0.01433	0.02158	0.03023	0.62409	0.05934	0.12466	0.01617	0.00915	0.00245	0.00368	0.01422	0.00842	0.00725
14	0.01503	0.10238	0.09708	0.01937	0.07490	0.01694	0.08916	0.01866	0.01636	0.02235	0.09734	0.08991	0.13118	0.01283	0.01187	0.00265	0.15783	0.01028	0.00497	0.00890
15	0.01464	0.01378	0.02326	0.70887	0.05340	0.01723	0.02153	0.01981	0.01550	0.01981	0.01378	0.02067	0.01034	0.00775	0.00775	0.00258	0.01034	0.00689	0.00345	0.00861
16	0.05128	0.36981	0.08070	0.01651	0.05351	0.04817	0.01470	0.11659	0.01940	0.05169	0.03561	0.01649	0.01305	0.00783	0.00688	0.00199	0.03686	0.00546	0.00457	0.04892
17	0.01347	0.00673	0.01010	0.01010	0.01010	0.00673	0.00673	0.01010	0.01010	0.01347	0.01347	0.02357	0.01347	0.02694	0.03030	0.77441	0.00673	0.00673	0.00337	0.00337
18	0.02297	0.01422	0.01702	0.01511	0.03930	0.01476	0.01153	0.06489	0.29184	0.23378	0.15368	0.03290	0.03092	0.01109	0.00809	0.00250	0.00602	0.00933	0.00841	0.01165
19	0.78228	0.01499	0.01140	0.01020	0.01499	0.01739	0.00840	0.02279	0.01320	0.03479	0.01080	0.01260	0.00840	0.00720	0.00480	0.00240	0.00600	0.00420	0.00480	0.00840
20	0.01179	0.00809	0.01051	0.00988	0.01185	0.00741	0.00742	0.01526	0.02149	0.05633	0.59929	0.08457	0.09445	0.01610	0.00912	0.00247	0.00382	0.01420	0.00847	0.00748
21	0.01608	0.01378	0.01608	0.01148	0.01837	0.01034	0.00919	0.01952	0.01608	0.02527	0.01378	0.01608	0.01148	0.00574	0.00574	0.00115	0.00574	0.00459	0.00459	0.77491
22	0.01464	0.01378	0.02326	0.70887	0.05340	0.01723	0.02153	0.01981	0.01550	0.01981	0.01378	0.02067	0.01034	0.00775	0.00775	0.00258	0.01034	0.00689	0.00345	0.00861
23	0.01761	0.01652	0.02821	0.09622	0.48098	0.01674	0.05243	0.02218	0.01754	0.02448	0.01915	0.03120	0.01769	0.00947	0.00828	0.00256	0.00914	0.11423	0.00438	0.01100
24	0.00990	0.00701	0.00922	0.01082	0.01132	0.00665	0.00735	0.01128	0.01469	0.01953	0.04053	0.59506	0.04814	0.10338	0.01330	0.00368	0.00505	0.07000	0.00691	0.00619
25	0.01125	0.00761	0.00894	0.00894	0.00910	0.00778	0.00530	0.01158	0.01142	0.01539	0.02399	0.04830	0.02713	0.64711	0.11842	0.00811	0.00911	0.01092	0.00463	0.00497
26	0.02809	0.02193	0.02328	0.01911	0.04917	0.05733	0.01508	0.54439	0.06288	0.04450	0.01839	0.01881	0.01335	0.00937	0.00842	0.00237	0.03662	0.00695	0.00725	0.01271
27	0.01996	0.01366	0.01648	0.01196	0.01867	0.01056	0.00965	0.02331	0.01735	0.16196	0.01727	0.01822	0.01308	0.00654	0.00617	0.00141	0.00592	0.00526	0.00563	0.61696
28	0.68085	0.01496	0.01223	0.01071	0.01551	0.01705	0.00880	0.05442	0.01510	0.06353	0.03927	0.01535	0.01176	0.00776	0.00525	0.00240	0.00605	0.00490	0.00531	0.00880
29	0.02879	0.02030	0.02211	0.01718	0.02309	0.02220	0.01410	0.55828	0.05706	0.09805	0.02093	0.04570	0.01545	0.00993	0.00784	0.00237	0.00814	0.00767	0.00789	0.01290

[dist]
# distance from previous block
# <min> <max>
0	1

[block]
# block no. 3 follows, 25 sequences, length 9
# corresponding to MSA columns:
# 247-255
name=unknown_D
#
# <colnr> <probs for GDERKNQSTAVLIFYWHMCP>
#	G	D	E	R	K	N	Q	S	T	A	V	L	I	F	Y	W	H	M	C	P
0	0.17822	0.01846	0.02043	0.08136	0.02377	0.07356	0.04083	0.21359	0.02152	0.03205	0.04272	0.01956	0.01414	0.01297	0.05943	0.00325	0.12221	0.00670	0.00536	0.00987
1	0.02175	0.01412	0.01626	0.01353	0.01785	0.01454	0.01079	0.19618	0.13228	0.16051	0.20576	0.03811	0.09988	0.01238	0.00830	0.00245	0.00598	0.01029	0.00828	0.01078
2	0.01510	0.01467	0.02605	0.62476	0.05180	0.01752	0.09983	0.02044	0.01585	0.02044	0.01402	0.02070	0.01051	0.00760	0.00793	0.00259	0.01068	0.00717	0.00350	0.00884
3	0.01445	0.00723	0.00723	0.00723	0.00903	0.00723	0.00542	0.01807	0.01626	0.02891	0.02529	0.02891	0.01987	0.00903	0.00542	0.00181	0.00361	0.00723	0.77055	0.00723
4	0.01083	0.00792	0.01016	0.00960	0.01149	0.00725	0.00720	0.01435	0.02160	0.03028	0.62717	0.05926	0.12155	0.01616	0.00915	0.00245	0.00368	0.01421	0.00843	0.00725
5	0.01445	0.00723	0.00723	0.00723	0.00903	0.00723	0.00542	0.01807	0.01626	0.02891	0.02529	0.02891	0.01987	0.00903	0.00542	0.00181	0.00361	0.00723	0.77055	0.00723
6	0.01076	0.00799	0.01007	0.00976	0.01173	0.00730	0.00746	0.01410	0.02083	0.02858	0.51382	0.06337	0.18284	0.01700	0.00927	0.00256	0.00399	0.06323	0.00818	0.00716
7	0.01672	0.02396	0.22329	0.18076	0.16759	0.01776	0.16153	0.02308	0.01684	0.02377	0.01440	0.01886	0.01097	0.00707	0.00780	0.00240	0.01073	0.00690	0.00366	0.06192
8	0.06983	0.35608	0.02652	0.01318	0.01782	0.09300	0.01139	0.04599	0.01713	0.02185	0.04523	0.17486	0.02190	0.01123	0.00660	0.00211	0.00760	0.00880	0.00481	0.04408

[dist]
# distance from previous block
# <min> <max>
2	5

[block]
# block no. 4 follows, 25 sequences, length 23
# corresponding to MSA columns:
# 261-283
name=unknown_E
#
# <colnr> <probs for GDERKNQSTAVLIFYWHMCP>
#	G	D	E	R	K	N	Q	S	T	A	V	L	I	F	Y	W	H	M	C	P
0	0.01959	0.07073	0.22843	0.01859	0.05768	0.01759	0.01754	0.18318	0.04978	0.06742	0.02282	0.16888	0.02082	0.01167	0.00791	0.00251	0.00839	0.00974	0.00585	0.01087
1	0.02064	0.19098	0.34013	0.02043	0.05613	0.10304	0.04191	0.02642	0.01765	0.09246	0.01483	0.01653	0.01104	0.00747	0.00690	0.00221	0.01049	0.00567	0.00409	0.01100
2	0.02484	0.28930	0.02953	0.01861	0.05334	0.30940	0.01486	0.09304	0.02044	0.02216	0.01226	0.01432	0.01043	0.00790	0.00742	0.00200	0.05106	0.00509	0.00410	0.00991
3	0.01670	0.01347	0.01656	0.07507	0.02132	0.01088	0.01034	0.02029	0.01663	0.06019	0.04648	0.01906	0.01476	0.00662	0.00620	0.00141	0.00611	0.00543	0.00495	0.62757
4	0.02830	0.03094	0.02192	0.05541	0.02519	0.47557	0.01500	0.14785	0.04558	0.06055	0.01496	0.01636	0.01155	0.00839	0.00725	0.00213	0.01212	0.00574	0.00510	0.01009
5	0.00960	0.00696	0.00911	0.01076	0.01146	0.00647	0.00740	0.01112	0.01524	0.02008	0.04549	0.63461	0.10060	0.02376	0.00988	0.00313	0.00460	0.05617	0.00719	0.00637
6	0.01779	0.01934	0.03993	0.15189	0.12895	0.01904	0.45723	0.02383	0.01773	0.02403	0.01521	0.02064	0.01159	0.00680	0.00871	0.00257	0.01208	0.00846	0.00383	0.01038
7	0.01701	0.03129	0.41782	0.03191	0.26994	0.01823	0.05568	0.02429	0.01693	0.02485	0.01424	0.01761	0.01081	0.00716	0.00756	0.00241	0.01071	0.00632	0.00351	0.01171
8	0.01108	0.00831	0.01246	0.01246	0.01385	0.00969	0.00969	0.01385	0.01246	0.01800	0.02077	0.03046	0.01938	0.05815	0.69678	0.01246	0.02077	0.00831	0.00415	0.00692
9	0.01876	0.32776	0.20214	0.02279	0.13311	0.02390	0.05751	0.02439	0.04707	0.02211	0.01346	0.01606	0.01107	0.00737	0.00739	0.00215	0.04286	0.00565	0.00365	0.01079
10	0.54563	0.18981	0.01914	0.01132	0.01666	0.02064	0.00990	0.04446	0.01491	0.05388	0.01174	0.01324	0.00931	0.00721	0.00504	0.00222	0.00666	0.00440	0.00470	0.00910
11	0.01445	0.00723	0.00723	0.00723	0.00903	0.00723	0.00542	0.01807	0.01626	0.02891	0.02529	0.02891	0.01987	0.00903	0.00542	0.00181	0.00361	0.00723	0.77055	0.00723
12	0.01857	0.01540	0.01802	0.03910	0.02083	0.01374	0.01102	0.13787	0.01968	0.02918	0.01453	0.01676	0.01170	0.00682	0.00705	0.00152	0.03717	0.00522	0.00509	0.57073
13	0.02096	0.01520	0.01758	0.01318	0.01961	0.01343	0.01063	0.12211	0.08053	0.11797	0.01844	0.01905	0.01392	0.00726	0.00653	0.00164	0.00633	0.00578	0.00606	0.48379
14	0.01702	0.12729	0.05769	0.05154	0.02339	0.02072	0.08636	0.05754	0.01588	0.02217	0.05014	0.08143	0.01785	0.01408	0.04776	0.00326	0.28411	0.00840	0.00434	0.00903
15	0.03419	0.01416	0.01859	0.01425	0.02027	0.01283	0.01177	0.10735	0.02380	0.61267	0.02924	0.02551	0.01851	0.00956	0.00779	0.00239	0.00682	0.00770	0.00939	0.01319
16	0.01704	0.26938	0.43629	0.01851	0.02786	0.02168	0.02240	0.02359	0.01645	0.02279	0.04727	0.01722	0.01316	0.00756	0.00666	0.00219	0.01000	0.00563	0.00356	0.01074
17	0.02947	0.02172	0.02327	0.01784	0.02404	0.02404	0.01474	0.65329	0.03646	0.04887	0.01862	0.01862	0.01319	0.00931	0.00776	0.00233	0.00853	0.00698	0.00776	0.01319
18	0.01445	0.00723	0.00723	0.00723	0.00903	0.00723	0.00542	0.01807	0.01626	0.02891	0.02529	0.02891	0.01987	0.00903	0.00542	0.00181	0.00361	0.00723	0.77055	0.00723
19	0.01846	0.01352	0.01739	0.04511	0.02001	0.01414	0.04182	0.14064	0.09805	0.08431	0.02783	0.18001	0.02666	0.04968	0.04047	0.00332	0.03221	0.06925	0.00668	0.07045
20	0.01032	0.00771	0.00959	0.00951	0.01128	0.00698	0.00698	0.01323	0.01983	0.02699	0.43906	0.17226	0.20157	0.01809	0.00927	0.00260	0.00386	0.01587	0.00802	0.00698
21	0.26331	0.01625	0.04038	0.11184	0.04179	0.01735	0.03496	0.10091	0.07789	0.09474	0.05312	0.02251	0.03745	0.00924	0.00792	0.00251	0.04500	0.00702	0.00581	0.00999
22	0.01897	0.08689	0.29183	0.02378	0.11569	0.01952	0.06837	0.11226	0.04089	0.04491	0.01713	0.06037	0.01401	0.00893	0.00841	0.00245	0.04237	0.00737	0.00459	0.01123

[dist]
# distance from previous block
# <min> <max>
0	16

# created by:
# /st0/software/busco_prod/Augustus/scripts/msa2prfl.pl ./align_prep/108862.fa
