[name]
unknown

[dist]
# distance from previous block
# <min> <max>
0	24

[block]
# block no. 0 follows, 25 sequences, length 16
# corresponding to MSA columns:
# 24-39
name=unknown_A
#
# <colnr> <probs for GDERKNQSTAVLIFYWHMCP>
#	G	D	E	R	K	N	Q	S	T	A	V	L	I	F	Y	W	H	M	C	P
0	0.01254	0.00909	0.01243	0.01406	0.01585	0.00917	0.01205	0.01675	0.04638	0.02333	0.04077	0.13730	0.04424	0.02117	0.01052	0.00349	0.00688	0.54950	0.00718	0.00730
1	0.08076	0.01611	0.02438	0.32440	0.25250	0.01819	0.01988	0.05419	0.08683	0.02563	0.01594	0.02030	0.01239	0.00780	0.00750	0.00247	0.00907	0.00688	0.00437	0.01042
2	0.04508	0.00786	0.01000	0.01079	0.01215	0.00733	0.00754	0.01347	0.01614	0.05330	0.12649	0.53854	0.04928	0.02094	0.00930	0.00290	0.00460	0.01878	0.00728	0.03823
3	0.01009	0.00716	0.00928	0.01021	0.01095	0.00673	0.00689	0.01186	0.01621	0.02208	0.20461	0.45840	0.05383	0.11768	0.01372	0.00356	0.00469	0.01849	0.00721	0.00635
4	0.04572	0.00771	0.00925	0.01002	0.01132	0.00728	0.00713	0.01209	0.01548	0.02088	0.08852	0.32576	0.19437	0.08008	0.01364	0.06703	0.00502	0.06582	0.00665	0.00622
5	0.01994	0.01669	0.01915	0.23005	0.03000	0.08922	0.01485	0.03051	0.25609	0.10503	0.08572	0.02725	0.02229	0.00979	0.00786	0.00250	0.00810	0.00817	0.00636	0.01042
6	0.05682	0.00970	0.01166	0.01078	0.01334	0.00948	0.00814	0.01973	0.09011	0.09723	0.39037	0.10291	0.08882	0.04440	0.00994	0.00273	0.00460	0.01292	0.00803	0.00829
7	0.01327	0.00848	0.01062	0.01085	0.01245	0.00823	0.00778	0.05473	0.01755	0.06838	0.11619	0.39055	0.06476	0.05016	0.04795	0.00349	0.00570	0.01624	0.08521	0.00740
8	0.01843	0.01707	0.02795	0.27535	0.40867	0.01846	0.02228	0.07304	0.01842	0.02530	0.01463	0.01966	0.01168	0.00739	0.00771	0.00240	0.00955	0.00691	0.00402	0.01108
9	0.04433	0.01630	0.02885	0.30455	0.03969	0.01781	0.21830	0.05071	0.01756	0.07699	0.01613	0.02096	0.01199	0.00803	0.00922	0.00258	0.05915	0.00760	0.03957	0.00969
10	0.01438	0.00960	0.01131	0.01093	0.01334	0.00936	0.00822	0.04706	0.08522	0.08185	0.14596	0.20449	0.16692	0.04681	0.01007	0.00287	0.00498	0.04789	0.07065	0.00808
11	0.08731	0.01962	0.10574	0.12236	0.02802	0.05096	0.09363	0.05077	0.01607	0.02431	0.01415	0.01887	0.01149	0.01092	0.03672	0.00295	0.19091	0.00664	0.06559	0.04297
12	0.11284	0.01738	0.05396	0.13878	0.29812	0.03450	0.01824	0.05023	0.05304	0.02623	0.02149	0.05718	0.06723	0.00929	0.00754	0.00244	0.00837	0.00806	0.00470	0.01038
13	0.01775	0.01512	0.02043	0.15484	0.17815	0.05101	0.01511	0.02140	0.01711	0.07599	0.02120	0.09104	0.04792	0.00934	0.00739	0.00211	0.00775	0.00815	0.00495	0.23327
14	0.02675	0.01505	0.01812	0.01445	0.02009	0.01456	0.01179	0.13117	0.14382	0.31782	0.02672	0.02734	0.01924	0.00975	0.00763	0.00229	0.00671	0.04159	0.00803	0.13708
15	0.10399	0.01010	0.01319	0.04131	0.01560	0.01059	0.03524	0.01593	0.01634	0.05411	0.17220	0.25759	0.07533	0.07257	0.01245	0.00316	0.06240	0.01397	0.00652	0.00742

[dist]
# distance from previous block
# <min> <max>
11	34

[block]
# block no. 1 follows, 25 sequences, length 199
# corresponding to MSA columns:
# 77-275
name=unknown_B
#
# <colnr> <probs for GDERKNQSTAVLIFYWHMCP>
#	G	D	E	R	K	N	Q	S	T	A	V	L	I	F	Y	W	H	M	C	P
0	0.15629	0.05103	0.04827	0.01514	0.06985	0.01362	0.01131	0.06762	0.01719	0.06106	0.02269	0.21859	0.02276	0.01201	0.00721	0.00228	0.00637	0.01008	0.00569	0.18093
1	0.01896	0.01509	0.07281	0.01627	0.05406	0.01332	0.04240	0.15949	0.02105	0.11011	0.05502	0.22837	0.02874	0.07502	0.01106	0.00302	0.00707	0.01212	0.04642	0.00958
2	0.05930	0.01659	0.04749	0.04057	0.02126	0.04980	0.06076	0.13185	0.07426	0.03009	0.09816	0.10746	0.02482	0.01070	0.00758	0.00223	0.00721	0.00914	0.03595	0.16479
3	0.08539	0.07806	0.05452	0.01680	0.09237	0.01455	0.01242	0.06507	0.04341	0.10246	0.07699	0.09934	0.02469	0.06355	0.03735	0.00311	0.00748	0.03469	0.00596	0.08179
4	0.11055	0.08311	0.10940	0.18596	0.02951	0.03939	0.04204	0.05606	0.05226	0.07535	0.01889	0.09665	0.01618	0.00961	0.00729	0.00242	0.00855	0.00795	0.00501	0.04381
5	0.05491	0.29831	0.16600	0.04124	0.02561	0.05098	0.06038	0.08526	0.01865	0.08657	0.01451	0.01623	0.01118	0.00766	0.00712	0.00216	0.03241	0.00565	0.00447	0.01071
6	0.08102	0.19268	0.12392	0.11586	0.02564	0.01990	0.03864	0.02234	0.04390	0.02348	0.01483	0.01822	0.01198	0.00822	0.00849	0.00225	0.09070	0.00592	0.10919	0.04282
7	0.02239	0.01964	0.14104	0.12029	0.08347	0.01569	0.06610	0.10195	0.02051	0.20871	0.02336	0.05399	0.04442	0.00940	0.00789	0.00244	0.00872	0.00812	0.00607	0.03580
8	0.01131	0.00775	0.01124	0.01138	0.01245	0.00725	0.03363	0.01208	0.01490	0.02030	0.13088	0.38663	0.04194	0.02231	0.01487	0.20196	0.00534	0.01573	0.00619	0.03184
9	0.01024	0.00780	0.00950	0.00997	0.01179	0.00707	0.00756	0.01280	0.01833	0.02395	0.23643	0.20808	0.27785	0.01980	0.00954	0.00282	0.00445	0.10765	0.00757	0.00680
10	0.01346	0.00872	0.01031	0.00966	0.01149	0.00885	0.00728	0.04856	0.01935	0.02945	0.31594	0.06339	0.04438	0.05007	0.01000	0.00252	0.03567	0.01091	0.29253	0.00747
11	0.71607	0.01528	0.01225	0.01072	0.01564	0.01752	0.00883	0.05606	0.01473	0.05910	0.01192	0.01341	0.00904	0.00739	0.00506	0.00240	0.00615	0.00447	0.00513	0.00882
12	0.02878	0.02131	0.02290	0.01751	0.02375	0.02333	0.01445	0.62039	0.03540	0.04764	0.01836	0.01848	0.01310	0.00912	0.00765	0.00227	0.00839	0.00686	0.00759	0.05272
13	0.02866	0.02322	0.02269	0.01795	0.02375	0.10654	0.01459	0.53155	0.08094	0.04397	0.01875	0.01880	0.01356	0.00923	0.00767	0.00231	0.00903	0.00687	0.00730	0.01260
14	0.04655	0.01526	0.04670	0.22385	0.03107	0.01425	0.06357	0.05483	0.01769	0.10427	0.01809	0.06755	0.01473	0.00845	0.00728	0.00214	0.00809	0.00737	0.00510	0.24318
15	0.01799	0.09970	0.45476	0.02098	0.03043	0.01882	0.07737	0.02507	0.01671	0.07932	0.01497	0.01725	0.01087	0.00769	0.00824	0.00239	0.04852	0.00606	0.00392	0.03893
16	0.00996	0.00726	0.00941	0.01040	0.01148	0.00671	0.00734	0.01208	0.01713	0.02305	0.21387	0.45755	0.11488	0.02149	0.00967	0.00293	0.00434	0.04628	0.00755	0.00663
17	0.01048	0.00853	0.03312	0.01062	0.01220	0.00725	0.00800	0.01334	0.01873	0.02606	0.38304	0.33942	0.06166	0.01915	0.00940	0.00274	0.00428	0.01715	0.00778	0.00703
18	0.01854	0.02336	0.16464	0.12472	0.03657	0.01999	0.28179	0.10576	0.01917	0.02651	0.01482	0.01923	0.01118	0.00803	0.01024	0.00263	0.09053	0.00759	0.00417	0.01053
19	0.05129	0.01509	0.02283	0.29697	0.20091	0.01668	0.01838	0.02593	0.10905	0.10466	0.04781	0.02347	0.01650	0.00849	0.00769	0.00248	0.00852	0.00747	0.00520	0.01056
20	0.01018	0.00731	0.00970	0.01059	0.01163	0.00682	0.00753	0.01252	0.01767	0.02422	0.27998	0.43879	0.05913	0.02097	0.00966	0.00291	0.00433	0.05164	0.00770	0.00673
21	0.35742	0.01464	0.01763	0.26729	0.03026	0.01706	0.03709	0.06580	0.01635	0.02954	0.04051	0.01880	0.01269	0.00795	0.00645	0.00245	0.00783	0.00609	0.03532	0.00880
22	0.34862	0.01902	0.05330	0.01434	0.02016	0.01971	0.01235	0.27807	0.05162	0.06183	0.01582	0.01655	0.01156	0.00823	0.00640	0.00233	0.00733	0.00574	0.00620	0.04083
23	0.01801	0.01984	0.03704	0.05294	0.03413	0.05196	0.42615	0.02288	0.01661	0.02251	0.01472	0.02133	0.01217	0.04703	0.01414	0.00302	0.16361	0.00847	0.00384	0.00958
24	0.01097	0.00793	0.01036	0.00975	0.01158	0.00732	0.00732	0.01463	0.02195	0.03109	0.67505	0.05792	0.07316	0.01585	0.00914	0.00244	0.00366	0.01402	0.00854	0.00732
25	0.01608	0.06155	0.58412	0.02313	0.03397	0.01865	0.10661	0.02454	0.01659	0.02437	0.01403	0.01681	0.01007	0.00724	0.00751	0.00245	0.01155	0.00611	0.00336	0.01128
26	0.01097	0.00793	0.01036	0.00975	0.01158	0.00732	0.00732	0.01463	0.02195	0.03109	0.67505	0.05792	0.07316	0.01585	0.00914	0.00244	0.00366	0.01402	0.00854	0.00732
27	0.01554	0.01442	0.02412	0.57726	0.07427	0.01723	0.05453	0.05230	0.01678	0.02179	0.01554	0.05391	0.01259	0.00852	0.00793	0.00259	0.01007	0.00774	0.00389	0.00898
28	0.01743	0.02072	0.14290	0.01870	0.02522	0.01710	0.12163	0.03063	0.30865	0.02806	0.02562	0.02588	0.05254	0.00907	0.00776	0.00238	0.00809	0.00808	0.00587	0.12368
29	0.22294	0.14825	0.07316	0.01555	0.02103	0.22864	0.01355	0.09909	0.01967	0.04777	0.01342	0.01497	0.01055	0.00774	0.00616	0.00212	0.00950	0.00509	0.03107	0.00975
30	0.01128	0.00752	0.00846	0.00846	0.00846	0.00752	0.00470	0.01128	0.01128	0.01503	0.02443	0.05074	0.02819	0.72751	0.03946	0.00752	0.00752	0.01128	0.00470	0.00470
31	0.00918	0.00780	0.00791	0.00801	0.01051	0.00653	0.00596	0.01111	0.01753	0.02089	0.07671	0.10785	0.64395	0.01988	0.00920	0.00265	0.00396	0.01666	0.00720	0.00653
32	0.02357	0.01878	0.01994	0.01665	0.02179	0.02129	0.01331	0.29858	0.40078	0.03934	0.02612	0.02459	0.01926	0.01001	0.00783	0.00250	0.00714	0.00802	0.00783	0.01266
33	0.01586	0.03828	0.63218	0.02424	0.08784	0.01804	0.02824	0.02449	0.01648	0.02462	0.01397	0.01661	0.01003	0.00733	0.00739	0.00244	0.01127	0.00583	0.00332	0.01153
34	0.01685	0.07064	0.59327	0.02118	0.03163	0.01852	0.02652	0.02491	0.01644	0.05784	0.01446	0.01672	0.01032	0.00772	0.00806	0.00246	0.04169	0.00581	0.00361	0.01135
35	0.01555	0.04011	0.68733	0.02210	0.03356	0.01801	0.02865	0.02455	0.01637	0.02455	0.01391	0.01637	0.00982	0.00737	0.00737	0.00246	0.01146	0.00573	0.00327	0.01146
36	0.01570	0.03907	0.65275	0.02267	0.03393	0.01809	0.06220	0.02457	0.01647	0.02457	0.01401	0.01661	0.00993	0.00732	0.00746	0.00246	0.01155	0.00591	0.00331	0.01140
37	0.13152	0.01982	0.04851	0.11723	0.02703	0.14865	0.07662	0.02883	0.01929	0.24349	0.05024	0.02175	0.01604	0.00858	0.00739	0.00237	0.00920	0.00696	0.00607	0.01041
38	0.03111	0.01374	0.04630	0.01368	0.01941	0.01120	0.01166	0.03445	0.02191	0.57772	0.10678	0.02972	0.02522	0.01025	0.00794	0.00241	0.00646	0.00845	0.00919	0.01242
39	0.00994	0.00695	0.00885	0.01017	0.01050	0.00663	0.00653	0.01093	0.01389	0.01851	0.03781	0.54187	0.04507	0.21334	0.01785	0.00432	0.00531	0.01915	0.00653	0.00587
40	0.01017	0.00722	0.00959	0.01116	0.01184	0.00688	0.00789	0.01186	0.01529	0.02035	0.06161	0.53664	0.04894	0.08227	0.01248	0.00356	0.00517	0.12372	0.00702	0.00634
41	0.01796	0.01784	0.03246	0.24692	0.22696	0.01894	0.21227	0.05658	0.01795	0.02444	0.01470	0.02005	0.01148	0.00747	0.00890	0.00253	0.04056	0.00758	0.00393	0.01047
42	0.01555	0.04011	0.68733	0.02210	0.03356	0.01801	0.02865	0.02455	0.01637	0.02455	0.01391	0.01637	0.00982	0.00737	0.00737	0.00246	0.01146	0.00573	0.00327	0.01146
43	0.00956	0.00689	0.00907	0.01059	0.01124	0.00639	0.00716	0.01113	0.01555	0.02078	0.09699	0.64098	0.07815	0.02340	0.00980	0.00307	0.00441	0.02114	0.00731	0.00639
44	0.01620	0.12722	0.60593	0.02099	0.03184	0.01960	0.02671	0.02439	0.01629	0.02376	0.01352	0.01587	0.00984	0.00727	0.00707	0.00236	0.01106	0.00553	0.00328	0.01127
45	0.01669	0.01361	0.01594	0.01174	0.01823	0.01062	0.00933	0.02086	0.04513	0.05113	0.01636	0.04470	0.01388	0.00683	0.00608	0.00134	0.00574	0.00559	0.00504	0.68116
46	0.78228	0.01499	0.01140	0.01020	0.01499	0.01739	0.00840	0.02279	0.01320	0.03479	0.01080	0.01260	0.00840	0.00720	0.00480	0.00240	0.00600	0.00420	0.00480	0.00840
47	0.00945	0.00675	0.00900	0.01080	0.01125	0.00630	0.00720	0.01080	0.01484	0.01979	0.04274	0.72245	0.05128	0.02429	0.00990	0.00315	0.00450	0.02204	0.00720	0.00630
48	0.01773	0.01693	0.02883	0.26058	0.47760	0.01804	0.02307	0.02251	0.01696	0.02355	0.01433	0.01967	0.01166	0.00718	0.00770	0.00239	0.00957	0.00690	0.00371	0.01110
49	0.01863	0.01785	0.03046	0.12939	0.60174	0.01827	0.02352	0.02330	0.01739	0.02465	0.01449	0.01937	0.01204	0.00701	0.00769	0.00234	0.00935	0.00691	0.00379	0.01183
50	0.01919	0.01842	0.03147	0.04759	0.67914	0.01842	0.02380	0.02380	0.01765	0.02533	0.01458	0.01919	0.01228	0.00691	0.00768	0.00230	0.00921	0.00691	0.00384	0.01228
51	0.01464	0.01378	0.02326	0.70887	0.05340	0.01723	0.02153	0.01981	0.01550	0.01981	0.01378	0.02067	0.01034	0.00775	0.00775	0.00258	0.01034	0.00689	0.00345	0.00861
52	0.01108	0.00831	0.01246	0.01246	0.01385	0.00969	0.00969	0.01385	0.01246	0.01800	0.02077	0.03046	0.01938	0.05815	0.69678	0.01246	0.02077	0.00831	0.00415	0.00692
53	0.01555	0.04011	0.68733	0.02210	0.03356	0.01801	0.02865	0.02455	0.01637	0.02455	0.01391	0.01637	0.00982	0.00737	0.00737	0.00246	0.01146	0.00573	0.00327	0.01146
54	0.01202	0.00813	0.00920	0.00897	0.00927	0.00827	0.00527	0.03775	0.01235	0.01652	0.02407	0.04876	0.02728	0.67609	0.05965	0.00747	0.00799	0.01100	0.00481	0.00512
55	0.02073	0.73217	0.04063	0.01327	0.01990	0.03068	0.01327	0.02322	0.01575	0.01824	0.01078	0.01244	0.00995	0.00663	0.00498	0.00166	0.00829	0.00415	0.00332	0.00995
56	0.01696	0.01696	0.02375	0.02036	0.02036	0.02375	0.01696	0.01866	0.01187	0.01866	0.01018	0.01696	0.01018	0.01357	0.02545	0.00339	0.71332	0.00679	0.00339	0.00848
57	0.01347	0.00673	0.01010	0.01010	0.01010	0.00673	0.00673	0.01010	0.01010	0.01347	0.01347	0.02357	0.01347	0.02694	0.03030	0.77441	0.00673	0.00673	0.00337	0.00337
58	0.02073	0.73217	0.04063	0.01327	0.01990	0.03068	0.01327	0.02322	0.01575	0.01824	0.01078	0.01244	0.00995	0.00663	0.00498	0.00166	0.00829	0.00415	0.00332	0.00995
59	0.05090	0.67351	0.03866	0.01344	0.01989	0.05946	0.01315	0.02354	0.01593	0.01892	0.01083	0.01251	0.00989	0.00672	0.00506	0.00170	0.00845	0.00419	0.00340	0.00985
60	0.03479	0.01320	0.01799	0.01380	0.01979	0.01140	0.01140	0.03779	0.02219	0.68451	0.03059	0.02639	0.01919	0.00960	0.00780	0.00240	0.00660	0.00780	0.00960	0.01320
61	0.00916	0.00785	0.00785	0.00785	0.01047	0.00655	0.00589	0.01113	0.01767	0.02095	0.07855	0.07462	0.67599	0.01964	0.00916	0.00262	0.00393	0.01636	0.00720	0.00655
62	0.01696	0.01696	0.02375	0.02036	0.02036	0.02375	0.01696	0.01866	0.01187	0.01866	0.01018	0.01696	0.01018	0.01357	0.02545	0.00339	0.71332	0.00679	0.00339	0.00848
63	0.78228	0.01499	0.01140	0.01020	0.01499	0.01739	0.00840	0.02279	0.01320	0.03479	0.01080	0.01260	0.00840	0.00720	0.00480	0.00240	0.00600	0.00420	0.00480	0.00840
64	0.01111	0.00819	0.01188	0.01188	0.01306	0.00937	0.00896	0.01347	0.01229	0.01757	0.02130	0.03342	0.02067	0.15588	0.60081	0.01174	0.01883	0.00874	0.00423	0.00660
65	0.01464	0.01378	0.02326	0.70887	0.05340	0.01723	0.02153	0.01981	0.01550	0.01981	0.01378	0.02067	0.01034	0.00775	0.00775	0.00258	0.01034	0.00689	0.00345	0.00861
66	0.01555	0.04011	0.68733	0.02210	0.03356	0.01801	0.02865	0.02455	0.01637	0.02455	0.01391	0.01637	0.00982	0.00737	0.00737	0.00246	0.01146	0.00573	0.00327	0.01146
67	0.01929	0.01666	0.01753	0.01578	0.02016	0.01929	0.01227	0.04120	0.66513	0.03243	0.03156	0.02893	0.02367	0.01052	0.00789	0.00263	0.00614	0.00877	0.00789	0.01227
68	0.01555	0.04011	0.68733	0.02210	0.03356	0.01801	0.02865	0.02455	0.01637	0.02455	0.01391	0.01637	0.00982	0.00737	0.00737	0.00246	0.01146	0.00573	0.00327	0.01146
69	0.01464	0.01378	0.02326	0.70887	0.05340	0.01723	0.02153	0.01981	0.01550	0.01981	0.01378	0.02067	0.01034	0.00775	0.00775	0.00258	0.01034	0.00689	0.00345	0.00861
70	0.01345	0.03800	0.01200	0.01111	0.01297	0.00866	0.00813	0.01653	0.04382	0.09423	0.22652	0.39511	0.05153	0.01896	0.00917	0.00278	0.00469	0.01689	0.00772	0.00772
71	0.01825	0.01850	0.05850	0.23163	0.03882	0.01856	0.26284	0.11370	0.04842	0.02697	0.01826	0.02618	0.01470	0.00874	0.00853	0.00264	0.01073	0.05914	0.00474	0.01014
72	0.01347	0.00673	0.01010	0.01010	0.01010	0.00673	0.00673	0.01010	0.01010	0.01347	0.01347	0.02357	0.01347	0.02694	0.03030	0.77441	0.00673	0.00673	0.00337	0.00337
73	0.68636	0.01529	0.01243	0.01092	0.01580	0.01756	0.00896	0.05018	0.04790	0.05770	0.01287	0.01416	0.00975	0.00754	0.00518	0.00241	0.00613	0.00467	0.00524	0.00896
74	0.05870	0.01611	0.07765	0.01495	0.04901	0.01268	0.01241	0.07159	0.02012	0.22994	0.10055	0.02457	0.02130	0.00869	0.00713	0.00201	0.00663	0.00710	0.00670	0.25216
75	0.06353	0.01472	0.07820	0.04062	0.02014	0.01187	0.01223	0.02905	0.04793	0.35669	0.18133	0.03184	0.03028	0.01060	0.00786	0.00239	0.00641	0.00881	0.00802	0.03749
76	0.01581	0.00854	0.00868	0.00819	0.01039	0.00875	0.00626	0.07546	0.01808	0.03071	0.02469	0.02798	0.01927	0.00906	0.00563	0.00185	0.00406	0.00720	0.70163	0.00777
77	0.01827	0.03116	0.45340	0.04985	0.03160	0.01675	0.08388	0.02595	0.04076	0.10850	0.01684	0.01910	0.01192	0.00871	0.00880	0.04207	0.01051	0.00653	0.00433	0.01108
78	0.11359	0.02617	0.29192	0.01903	0.05264	0.04286	0.03961	0.05526	0.04684	0.15493	0.04054	0.02009	0.01464	0.00820	0.00723	0.00237	0.00905	0.00650	0.00539	0.04314
79	0.00979	0.00780	0.00877	0.00870	0.01090	0.00678	0.00646	0.01227	0.01889	0.02423	0.27423	0.11637	0.42997	0.01872	0.00921	0.00260	0.00388	0.01600	0.00764	0.00678
80	0.00952	0.00699	0.00896	0.01051	0.01131	0.00643	0.00721	0.01104	0.01536	0.02008	0.04776	0.60699	0.13979	0.02352	0.00982	0.00309	0.00451	0.04354	0.00720	0.00636
81	0.05133	0.05106	0.08929	0.14898	0.03010	0.20579	0.04504	0.12646	0.07074	0.08302	0.01671	0.01861	0.01239	0.00828	0.00737	0.00232	0.01042	0.00639	0.00519	0.01051
82	0.01464	0.01378	0.02326	0.70887	0.05340	0.01723	0.02153	0.01981	0.01550	0.01981	0.01378	0.02067	0.01034	0.00775	0.00775	0.00258	0.01034	0.00689	0.00345	0.00861
83	0.01062	0.00765	0.01005	0.00999	0.01151	0.00708	0.00729	0.01375	0.02031	0.02849	0.52940	0.21099	0.06812	0.01780	0.00932	0.00260	0.00385	0.01587	0.00823	0.00708
84	0.01464	0.01378	0.02326	0.70887	0.05340	0.01723	0.02153	0.01981	0.01550	0.01981	0.01378	0.02067	0.01034	0.00775	0.00775	0.00258	0.01034	0.00689	0.00345	0.00861
85	0.08836	0.04756	0.02281	0.01685	0.02293	0.02060	0.04598	0.38757	0.05431	0.18395	0.02067	0.02012	0.01433	0.00900	0.00750	0.00235	0.00804	0.00701	0.00756	0.01251
86	0.04734	0.01050	0.01334	0.01171	0.01461	0.01037	0.00915	0.04168	0.04301	0.16889	0.40588	0.07425	0.05122	0.01404	0.00951	0.00251	0.04291	0.01188	0.00823	0.00898
87	0.03479	0.01320	0.01799	0.01380	0.01979	0.01140	0.01140	0.03779	0.02219	0.68451	0.03059	0.02639	0.01919	0.00960	0.00780	0.00240	0.00660	0.00780	0.00960	0.01320
88	0.01128	0.00752	0.00846	0.00846	0.00846	0.00752	0.00470	0.01128	0.01128	0.01503	0.02443	0.05074	0.02819	0.72751	0.03946	0.00752	0.00752	0.01128	0.00470	0.00470
89	0.01906	0.01466	0.01682	0.04141	0.02015	0.03929	0.01033	0.04525	0.01775	0.10627	0.01717	0.04750	0.01407	0.00731	0.00638	0.00152	0.00643	0.00593	0.00536	0.55735
90	0.04860	0.06176	0.42806	0.02201	0.03166	0.01839	0.13338	0.05238	0.01772	0.05969	0.01502	0.01744	0.01081	0.00731	0.00744	0.00238	0.01076	0.00631	0.00403	0.04486
91	0.75035	0.01528	0.01190	0.01052	0.01538	0.01768	0.00867	0.04953	0.01418	0.03538	0.01113	0.01285	0.00860	0.00729	0.00492	0.00240	0.00611	0.00432	0.00492	0.00860
92	0.05456	0.02214	0.05674	0.01766	0.02408	0.02307	0.01512	0.57831	0.03414	0.06911	0.01852	0.01856	0.01306	0.00915	0.00764	0.00234	0.00853	0.00685	0.00749	0.01293
93	0.01854	0.01563	0.02183	0.01595	0.02263	0.01342	0.12043	0.09492	0.01905	0.05523	0.01654	0.04595	0.01365	0.00720	0.00682	0.00167	0.00732	0.00649	0.00516	0.49159
94	0.00991	0.00748	0.01090	0.01193	0.01277	0.00699	0.04061	0.01152	0.01502	0.02005	0.04133	0.68604	0.04923	0.02337	0.00986	0.00312	0.00494	0.02137	0.00703	0.00651
95	0.00945	0.00675	0.00900	0.01080	0.01125	0.00630	0.00720	0.01080	0.01484	0.01979	0.04274	0.72245	0.05128	0.02429	0.00990	0.00315	0.00450	0.02204	0.00720	0.00630
96	0.78228	0.01499	0.01140	0.01020	0.01499	0.01739	0.00840	0.02279	0.01320	0.03479	0.01080	0.01260	0.00840	0.00720	0.00480	0.00240	0.00600	0.00420	0.00480	0.00840
97	0.01608	0.01378	0.01608	0.01148	0.01837	0.01034	0.00919	0.01952	0.01608	0.02527	0.01378	0.01608	0.01148	0.00574	0.00574	0.00115	0.00574	0.00459	0.00459	0.77491
98	0.01089	0.00792	0.01025	0.00967	0.01153	0.00728	0.00725	0.01448	0.02176	0.03064	0.64853	0.05866	0.09996	0.01602	0.00915	0.00245	0.00367	0.01413	0.00848	0.00728
99	0.01696	0.01696	0.02375	0.02036	0.02036	0.02375	0.01696	0.01866	0.01187	0.01866	0.01018	0.01696	0.01018	0.01357	0.02545	0.00339	0.71332	0.00679	0.00339	0.00848
100	0.01060	0.00791	0.00984	0.00936	0.01135	0.00716	0.00702	0.01390	0.02106	0.02898	0.55058	0.06140	0.19895	0.01664	0.00915	0.00248	0.00371	0.01451	0.00826	0.00716
101	0.00944	0.00679	0.00896	0.01070	0.01122	0.00631	0.00715	0.01081	0.01494	0.01983	0.04395	0.70056	0.07239	0.02413	0.00987	0.00313	0.00448	0.02185	0.00720	0.00631
102	0.02073	0.73217	0.04063	0.01327	0.01990	0.03068	0.01327	0.02322	0.01575	0.01824	0.01078	0.01244	0.00995	0.00663	0.00498	0.00166	0.00829	0.00415	0.00332	0.00995
103	0.00945	0.00675	0.00900	0.01080	0.01125	0.00630	0.00720	0.01080	0.01484	0.01979	0.04274	0.72245	0.05128	0.02429	0.00990	0.00315	0.00450	0.02204	0.00720	0.00630
104	0.02073	0.73217	0.04063	0.01327	0.01990	0.03068	0.01327	0.02322	0.01575	0.01824	0.01078	0.01244	0.00995	0.00663	0.00498	0.00166	0.00829	0.00415	0.00332	0.00995
105	0.01887	0.01842	0.03242	0.08008	0.58580	0.01847	0.08383	0.02369	0.01761	0.02500	0.01465	0.01943	0.01213	0.00692	0.00782	0.00235	0.00964	0.00712	0.00383	0.01192
106	0.02765	0.01915	0.05039	0.02016	0.11031	0.09063	0.01470	0.08982	0.14954	0.30787	0.02477	0.02342	0.01718	0.00911	0.00769	0.00238	0.00806	0.00740	0.00742	0.01235
107	0.78228	0.01499	0.01140	0.01020	0.01499	0.01739	0.00840	0.02279	0.01320	0.03479	0.01080	0.01260	0.00840	0.00720	0.00480	0.00240	0.00600	0.00420	0.00480	0.00840
108	0.01114	0.00806	0.01122	0.01122	0.01218	0.00902	0.00815	0.01305	0.01209	0.01708	0.02190	0.03673	0.02210	0.26494	0.49372	0.01093	0.01667	0.00922	0.00432	0.00624
109	0.00916	0.00785	0.00785	0.00785	0.01047	0.00655	0.00589	0.01113	0.01767	0.02095	0.07855	0.07462	0.67599	0.01964	0.00916	0.00262	0.00393	0.01636	0.00720	0.00655
110	0.01919	0.01842	0.03147	0.04759	0.67914	0.01842	0.02380	0.02380	0.01765	0.02533	0.01458	0.01919	0.01228	0.00691	0.00768	0.00230	0.00921	0.00691	0.00384	0.01228
111	0.01783	0.01373	0.01626	0.01170	0.01851	0.01044	0.00939	0.02123	0.01665	0.08698	0.01535	0.01704	0.01221	0.00610	0.00593	0.00127	0.00582	0.00489	0.00506	0.70360
112	0.01696	0.01696	0.02375	0.02036	0.02036	0.02375	0.01696	0.01866	0.01187	0.01866	0.01018	0.01696	0.01018	0.01357	0.02545	0.00339	0.71332	0.00679	0.00339	0.00848
113	0.00965	0.00783	0.00856	0.00848	0.01080	0.00674	0.00632	0.01204	0.01868	0.02357	0.23395	0.09725	0.49137	0.01884	0.00919	0.00259	0.00388	0.01598	0.00755	0.00674
114	0.02073	0.73217	0.04063	0.01327	0.01990	0.03068	0.01327	0.02322	0.01575	0.01824	0.01078	0.01244	0.00995	0.00663	0.00498	0.00166	0.00829	0.00415	0.00332	0.00995
115	0.02947	0.02172	0.02327	0.01784	0.02404	0.02404	0.01474	0.65329	0.03646	0.04887	0.01862	0.01862	0.01319	0.00931	0.00776	0.00233	0.00853	0.00698	0.00776	0.01319
116	0.01089	0.00792	0.01025	0.00967	0.01153	0.00728	0.00725	0.01448	0.02176	0.03064	0.64850	0.05866	0.10000	0.01602	0.00915	0.00245	0.00367	0.01413	0.00848	0.00728
117	0.01919	0.01842	0.03147	0.04759	0.67914	0.01842	0.02380	0.02380	0.01765	0.02533	0.01458	0.01919	0.01228	0.00691	0.00768	0.00230	0.00921	0.00691	0.00384	0.01228
118	0.01128	0.00752	0.00846	0.00846	0.00846	0.00752	0.00470	0.01128	0.01128	0.01503	0.02443	0.05074	0.02819	0.72751	0.03946	0.00752	0.00752	0.01128	0.00470	0.00470
119	0.01445	0.00723	0.00723	0.00723	0.00903	0.00723	0.00542	0.01807	0.01626	0.02891	0.02529	0.02891	0.01987	0.00903	0.00542	0.00181	0.00361	0.00723	0.77055	0.00723
120	0.78228	0.01499	0.01140	0.01020	0.01499	0.01739	0.00840	0.02279	0.01320	0.03479	0.01080	0.01260	0.00840	0.00720	0.00480	0.00240	0.00600	0.00420	0.00480	0.00840
121	0.02891	0.02192	0.02292	0.01779	0.02383	0.04454	0.01461	0.60108	0.06990	0.04706	0.01911	0.01903	0.01365	0.00933	0.00774	0.00233	0.00857	0.00702	0.00765	0.01301
122	0.01929	0.01666	0.01753	0.01578	0.02016	0.01929	0.01227	0.04120	0.66513	0.03243	0.03156	0.02893	0.02367	0.01052	0.00789	0.00263	0.00614	0.00877	0.00789	0.01227
123	0.00916	0.00785	0.00785	0.00785	0.01047	0.00655	0.00589	0.01113	0.01767	0.02095	0.07855	0.07462	0.67599	0.01964	0.00916	0.00262	0.00393	0.01636	0.00720	0.00655
124	0.03386	0.01375	0.01822	0.01407	0.02001	0.01234	0.01159	0.06722	0.05093	0.62581	0.03006	0.02613	0.01910	0.00962	0.00780	0.00241	0.00667	0.00780	0.00943	0.01315
125	0.78228	0.01499	0.01140	0.01020	0.01499	0.01739	0.00840	0.02279	0.01320	0.03479	0.01080	0.01260	0.00840	0.00720	0.00480	0.00240	0.00600	0.00420	0.00480	0.00840
126	0.00951	0.00686	0.00902	0.01061	0.01123	0.00636	0.00715	0.01101	0.01534	0.02043	0.07715	0.65912	0.08023	0.02365	0.00982	0.00309	0.00443	0.02137	0.00727	0.00636
127	0.02943	0.02307	0.02315	0.01803	0.02404	0.08356	0.01476	0.59819	0.03517	0.04622	0.01803	0.01821	0.01290	0.00919	0.00769	0.00230	0.00901	0.00680	0.00742	0.01281
128	0.00945	0.00675	0.00900	0.01080	0.01125	0.00630	0.00720	0.01080	0.01484	0.01979	0.04274	0.72245	0.05128	0.02429	0.00990	0.00315	0.00450	0.02204	0.00720	0.00630
129	0.00945	0.00675	0.00900	0.01080	0.01125	0.00630	0.00720	0.01080	0.01484	0.01979	0.04274	0.72245	0.05128	0.02429	0.00990	0.00315	0.00450	0.02204	0.00720	0.00630
130	0.02947	0.02172	0.02327	0.01784	0.02404	0.02404	0.01474	0.65329	0.03646	0.04887	0.01862	0.01862	0.01319	0.00931	0.00776	0.00233	0.00853	0.00698	0.00776	0.01319
131	0.02135	0.70053	0.03963	0.01329	0.01990	0.02983	0.01318	0.02386	0.01604	0.04756	0.01165	0.01305	0.01036	0.00676	0.00510	0.00169	0.00822	0.00431	0.00359	0.01009
132	0.02881	0.02107	0.02256	0.01737	0.02338	0.02330	0.01432	0.62501	0.03556	0.04798	0.01891	0.01907	0.01348	0.00930	0.00765	0.00230	0.00831	0.00699	0.04171	0.01292
133	0.01035	0.00790	0.00950	0.00910	0.01120	0.00705	0.00683	0.01343	0.02048	0.02761	0.47016	0.06365	0.28022	0.01715	0.00915	0.00250	0.00375	0.01483	0.00808	0.00705
134	0.01249	0.00892	0.01249	0.01428	0.01606	0.00892	0.01249	0.01606	0.01785	0.02320	0.04105	0.08746	0.04462	0.02142	0.01071	0.00357	0.00714	0.62695	0.00714	0.00714
135	0.01474	0.01392	0.02328	0.67967	0.05200	0.01750	0.02134	0.01976	0.01535	0.01976	0.01363	0.02051	0.01033	0.00800	0.00850	0.00262	0.04015	0.00689	0.00344	0.00861
136	0.00943	0.00680	0.00895	0.01067	0.01121	0.00631	0.00714	0.01081	0.01497	0.01984	0.04433	0.69364	0.07906	0.02408	0.00986	0.00313	0.00447	0.02179	0.00720	0.00631
137	0.01095	0.00796	0.01034	0.00985	0.01171	0.00734	0.00746	0.01453	0.02160	0.03033	0.62371	0.05982	0.09885	0.01624	0.00921	0.00249	0.00381	0.03812	0.00842	0.00727
138	0.01886	0.01690	0.02580	0.19486	0.32003	0.01812	0.01975	0.11295	0.01932	0.02686	0.01571	0.04490	0.01320	0.00836	0.00858	0.00237	0.04688	0.00727	0.00447	0.07482
139	0.01643	0.06268	0.60805	0.02217	0.03298	0.04812	0.05492	0.02480	0.01668	0.02411	0.01380	0.01633	0.00992	0.00733	0.00735	0.00242	0.01153	0.00579	0.00334	0.01126
140	0.04603	0.43567	0.12526	0.01675	0.02351	0.16356	0.04829	0.02505	0.01715	0.02013	0.01171	0.01373	0.00998	0.00702	0.00592	0.00191	0.01006	0.00480	0.00353	0.00994
141	0.02536	0.17375	0.10913	0.01876	0.05259	0.21338	0.01613	0.10477	0.04298	0.12435	0.01631	0.01723	0.01231	0.00825	0.00750	0.00217	0.03312	0.00585	0.00517	0.01088
142	0.02059	0.01666	0.01860	0.01605	0.05538	0.04333	0.01212	0.16665	0.12689	0.05748	0.05410	0.02505	0.01903	0.00895	0.00721	0.00199	0.00696	0.03848	0.00631	0.29817
143	0.02470	0.02199	0.08227	0.01910	0.05057	0.10951	0.03614	0.17303	0.13780	0.14433	0.04450	0.02235	0.01718	0.00963	0.00927	0.00247	0.06968	0.00737	0.00655	0.01156
144	0.01725	0.25643	0.44962	0.01923	0.02858	0.02229	0.02321	0.02383	0.01594	0.02226	0.01274	0.01516	0.00988	0.00746	0.00755	0.00225	0.04689	0.00529	0.00329	0.01083
145	0.01357	0.00732	0.01120	0.06851	0.01372	0.00761	0.00797	0.01091	0.01055	0.01400	0.01349	0.02333	0.01321	0.02533	0.02842	0.70990	0.00704	0.00675	0.00337	0.00381
146	0.01136	0.00755	0.01000	0.01054	0.01182	0.00696	0.00746	0.01371	0.01802	0.05874	0.29089	0.42486	0.05822	0.02021	0.00949	0.00283	0.00428	0.01815	0.00785	0.00706
147	0.02136	0.67867	0.03919	0.01378	0.02021	0.08191	0.01340	0.02381	0.01623	0.01830	0.01087	0.01256	0.00995	0.00674	0.00513	0.00168	0.00873	0.00421	0.00337	0.00988
148	0.00958	0.00684	0.00915	0.01095	0.01146	0.00641	0.00743	0.01103	0.01498	0.01994	0.04266	0.69473	0.05099	0.02417	0.00993	0.00317	0.00461	0.04845	0.00719	0.00633
149	0.00974	0.00691	0.00909	0.01073	0.01119	0.00652	0.00719	0.01106	0.01464	0.01950	0.04100	0.63536	0.04891	0.08802	0.01261	0.00356	0.00488	0.04593	0.00697	0.00619
150	0.00945	0.00675	0.00900	0.01080	0.01125	0.00630	0.00720	0.01080	0.01484	0.01979	0.04274	0.72245	0.05128	0.02429	0.00990	0.00315	0.00450	0.02204	0.00720	0.00630
151	0.02020	0.01621	0.01807	0.01399	0.01996	0.01555	0.01120	0.21094	0.11986	0.03308	0.01940	0.05543	0.01589	0.00849	0.00688	0.00183	0.00657	0.00684	0.00617	0.39344
152	0.01500	0.01448	0.02547	0.64232	0.05213	0.01746	0.08349	0.02031	0.01578	0.02031	0.01397	0.02070	0.01048	0.00763	0.00789	0.00259	0.01061	0.00711	0.00349	0.00879
153	0.01435	0.01330	0.02220	0.65081	0.04990	0.01651	0.02035	0.01921	0.01520	0.01954	0.01451	0.02228	0.01143	0.03814	0.03932	0.00321	0.01068	0.00712	0.00353	0.00839
154	0.02947	0.02172	0.02327	0.01784	0.02404	0.02404	0.01474	0.65329	0.03646	0.04887	0.01862	0.01862	0.01319	0.00931	0.00776	0.00233	0.00853	0.00698	0.00776	0.01319
155	0.00945	0.00675	0.00900	0.01080	0.01125	0.00630	0.00720	0.01080	0.01484	0.01979	0.04274	0.72245	0.05128	0.02429	0.00990	0.00315	0.00450	0.02204	0.00720	0.00630
156	0.01108	0.00831	0.01246	0.01246	0.01385	0.00969	0.00969	0.01385	0.01246	0.01800	0.02077	0.03046	0.01938	0.05815	0.69678	0.01246	0.02077	0.00831	0.00415	0.00692
157	0.00916	0.00785	0.00785	0.00785	0.01047	0.00655	0.00589	0.01113	0.01767	0.02095	0.07855	0.07462	0.67599	0.01964	0.00916	0.00262	0.00393	0.01636	0.00720	0.00655
158	0.00967	0.00707	0.00916	0.01073	0.01157	0.00656	0.00749	0.01129	0.01546	0.02023	0.04706	0.58678	0.12861	0.02346	0.00988	0.00312	0.00466	0.07361	0.00719	0.00640
159	0.01464	0.01378	0.02326	0.70887	0.05340	0.01723	0.02153	0.01981	0.01550	0.01981	0.01378	0.02067	0.01034	0.00775	0.00775	0.00258	0.01034	0.00689	0.00345	0.00861
160	0.02047	0.66977	0.06249	0.01542	0.05591	0.02958	0.01437	0.02329	0.01588	0.01884	0.01109	0.01294	0.01007	0.00667	0.00520	0.00172	0.00845	0.00435	0.00334	0.01013
161	0.01798	0.08434	0.20228	0.09173	0.03660	0.02030	0.32215	0.05612	0.01800	0.02471	0.01457	0.01876	0.01100	0.00730	0.00883	0.00251	0.04098	0.00745	0.00384	0.01055
162	0.03365	0.01294	0.01763	0.01360	0.01940	0.01120	0.01120	0.03669	0.02218	0.65342	0.06125	0.02789	0.02176	0.00989	0.00786	0.00240	0.00646	0.00809	0.00955	0.01292
163	0.01464	0.01378	0.02326	0.70887	0.05340	0.01723	0.02153	0.01981	0.01550	0.01981	0.01378	0.02067	0.01034	0.00775	0.00775	0.00258	0.01034	0.00689	0.00345	0.00861
164	0.01113	0.00809	0.01135	0.01135	0.01235	0.00909	0.00830	0.01313	0.01213	0.01718	0.02179	0.03610	0.02183	0.24420	0.51408	0.01109	0.01709	0.00913	0.00431	0.00630
165	0.02260	0.13426	0.05911	0.03112	0.30514	0.19462	0.04057	0.07811	0.02000	0.02452	0.01368	0.01670	0.01128	0.00735	0.00713	0.00214	0.01047	0.00602	0.00410	0.01106
166	0.01125	0.00761	0.00893	0.00893	0.00910	0.00778	0.00529	0.01158	0.01142	0.01539	0.02400	0.04833	0.02714	0.64802	0.11752	0.00810	0.00909	0.01092	0.00463	0.00496
167	0.01963	0.01683	0.01773	0.01585	0.02029	0.01945	0.01236	0.06203	0.64374	0.03299	0.03112	0.02858	0.02331	0.01048	0.00789	0.00262	0.00622	0.00871	0.00789	0.01230
168	0.01696	0.01696	0.02375	0.02036	0.02036	0.02375	0.01696	0.01866	0.01187	0.01866	0.01018	0.01696	0.01018	0.01357	0.02545	0.00339	0.71332	0.00679	0.00339	0.00848
169	0.01580	0.03837	0.62932	0.02306	0.03419	0.01815	0.08492	0.02458	0.01654	0.02458	0.01407	0.01678	0.01000	0.00729	0.00753	0.00247	0.01160	0.00604	0.00333	0.01137
170	0.00950	0.00787	0.00832	0.00821	0.01068	0.00669	0.00616	0.01178	0.01847	0.02283	0.18950	0.07151	0.56386	0.01893	0.00916	0.00258	0.00388	0.01593	0.00745	0.00669
171	0.00961	0.00687	0.00919	0.01098	0.01151	0.00644	0.00748	0.01108	0.01501	0.01998	0.04264	0.68821	0.05092	0.02414	0.00994	0.00317	0.00464	0.05465	0.00719	0.00634
172	0.01896	0.01818	0.03105	0.08151	0.64705	0.01836	0.02368	0.02359	0.01754	0.02505	0.01454	0.01927	0.01218	0.00695	0.00768	0.00232	0.00927	0.00691	0.00382	0.01209
173	0.02033	0.67873	0.09057	0.01395	0.02096	0.02970	0.01445	0.02332	0.01580	0.01873	0.01102	0.01274	0.00994	0.00669	0.00516	0.00172	0.00854	0.00427	0.00331	0.01007
174	0.01948	0.08970	0.46493	0.02165	0.06115	0.01801	0.05024	0.02664	0.01744	0.13469	0.01656	0.01806	0.01160	0.00762	0.00733	0.00238	0.01035	0.00615	0.00439	0.01163
175	0.01694	0.23005	0.45630	0.01975	0.02935	0.02129	0.05009	0.02381	0.01614	0.02258	0.01337	0.01598	0.01029	0.00897	0.03181	0.00260	0.01099	0.00553	0.00335	0.01083
176	0.02947	0.02172	0.02327	0.01784	0.02404	0.02404	0.01474	0.65329	0.03646	0.04887	0.01862	0.01862	0.01319	0.00931	0.00776	0.00233	0.00853	0.00698	0.00776	0.01319
177	0.01092	0.00766	0.00939	0.00930	0.01022	0.00738	0.00619	0.01268	0.01615	0.02223	0.28978	0.11001	0.07180	0.33142	0.04780	0.00511	0.00606	0.01336	0.00652	0.00604
178	0.01128	0.00752	0.00846	0.00846	0.00846	0.00752	0.00470	0.01128	0.01128	0.01503	0.02443	0.05074	0.02819	0.72751	0.03946	0.00752	0.00752	0.01128	0.00470	0.00470
179	0.02731	0.02486	0.02000	0.01719	0.02165	0.30354	0.01332	0.21270	0.02530	0.12567	0.02086	0.11366	0.01791	0.01083	0.00773	0.00231	0.01000	0.00831	0.00636	0.01048
180	0.78228	0.01499	0.01140	0.01020	0.01499	0.01739	0.00840	0.02279	0.01320	0.03479	0.01080	0.01260	0.00840	0.00720	0.00480	0.00240	0.00600	0.00420	0.00480	0.00840
181	0.04908	0.01941	0.06883	0.18466	0.03898	0.01933	0.35045	0.02360	0.04407	0.02373	0.01502	0.02018	0.01153	0.00783	0.01029	0.00268	0.08859	0.00797	0.00393	0.00986
182	0.01553	0.01468	0.02485	0.58016	0.17520	0.01746	0.02197	0.02059	0.01592	0.02089	0.01394	0.02038	0.01071	0.00759	0.00774	0.00253	0.01012	0.00689	0.00352	0.00933
183	0.01072	0.00792	0.01001	0.00949	0.01143	0.00721	0.00711	0.01414	0.02134	0.02966	0.59083	0.06028	0.15827	0.01639	0.00915	0.00246	0.00370	0.01435	0.00835	0.00721
184	0.01608	0.01378	0.01608	0.01148	0.01837	0.01034	0.00919	0.01952	0.01608	0.02527	0.01378	0.01608	0.01148	0.00574	0.00574	0.00115	0.00574	0.00459	0.00459	0.77491
185	0.01464	0.01378	0.02326	0.70887	0.05340	0.01723	0.02153	0.01981	0.01550	0.01981	0.01378	0.02067	0.01034	0.00775	0.00775	0.00258	0.01034	0.00689	0.00345	0.00861
186	0.01762	0.09233	0.03458	0.02459	0.02936	0.04734	0.32881	0.02176	0.01620	0.02181	0.01682	0.10042	0.01571	0.01040	0.01273	0.00274	0.18388	0.00939	0.00411	0.00938
187	0.01464	0.01378	0.02326	0.70887	0.05340	0.01723	0.02153	0.01981	0.01550	0.01981	0.01378	0.02067	0.01034	0.00775	0.00775	0.00258	0.01034	0.00689	0.00345	0.00861
188	0.01464	0.01378	0.02326	0.70887	0.05340	0.01723	0.02153	0.01981	0.01550	0.01981	0.01378	0.02067	0.01034	0.00775	0.00775	0.00258	0.01034	0.00689	0.00345	0.00861
189	0.00916	0.00785	0.00785	0.00785	0.01047	0.00655	0.00589	0.01113	0.01767	0.02095	0.07855	0.07462	0.67599	0.01964	0.00916	0.00262	0.00393	0.01636	0.00720	0.00655
190	0.02996	0.02094	0.02279	0.01747	0.02366	0.02289	0.01443	0.59714	0.03515	0.10685	0.01971	0.01932	0.01373	0.00933	0.00776	0.00233	0.00836	0.00706	0.00792	0.01319
191	0.01097	0.00793	0.01036	0.00975	0.01158	0.00732	0.00732	0.01463	0.02195	0.03109	0.67505	0.05792	0.07316	0.01585	0.00914	0.00244	0.00366	0.01402	0.00854	0.00732
192	0.00916	0.00785	0.00785	0.00785	0.01047	0.00655	0.00589	0.01113	0.01767	0.02095	0.07855	0.07462	0.67599	0.01964	0.00916	0.00262	0.00393	0.01636	0.00720	0.00655
193	0.01445	0.00723	0.00723	0.00723	0.00903	0.00723	0.00542	0.01807	0.01626	0.02891	0.02529	0.02891	0.01987	0.00903	0.00542	0.00181	0.00361	0.00723	0.77055	0.00723
194	0.01464	0.01378	0.02326	0.70887	0.05340	0.01723	0.02153	0.01981	0.01550	0.01981	0.01378	0.02067	0.01034	0.00775	0.00775	0.00258	0.01034	0.00689	0.00345	0.00861
195	0.02896	0.03695	0.02197	0.01998	0.02397	0.69638	0.01498	0.03096	0.02197	0.01898	0.01199	0.01398	0.00999	0.00799	0.00699	0.00200	0.01398	0.00499	0.00400	0.00899
196	0.00967	0.00705	0.00960	0.04040	0.01303	0.00676	0.00781	0.01118	0.01487	0.01979	0.04151	0.69268	0.04955	0.02359	0.00981	0.00312	0.00475	0.02140	0.00704	0.00640
197	0.01608	0.01378	0.01608	0.01148	0.01837	0.01034	0.00919	0.01952	0.01608	0.02527	0.01378	0.01608	0.01148	0.00574	0.00574	0.00115	0.00574	0.00459	0.00459	0.77491
198	0.14580	0.07621	0.07396	0.01300	0.01757	0.01445	0.01150	0.09581	0.02043	0.12676	0.19799	0.09416	0.03350	0.01218	0.00768	0.00246	0.00633	0.03375	0.00691	0.00953

[dist]
# distance from previous block
# <min> <max>
0	41

# created by:
# /st0/software/busco_prod/Augustus/scripts/msa2prfl.pl ./align_prep/108833.fa
