[name]
unknown

[dist]
# distance from previous block
# <min> <max>
4	7

[block]
# block no. 0 follows, 24 sequences, length 88
# corresponding to MSA columns:
# 7-94
name=unknown_A
#
# <colnr> <probs for GDERKNQSTAVLIFYWHMCP>
#	G	D	E	R	K	N	Q	S	T	A	V	L	I	F	Y	W	H	M	C	P
0	0.01071	0.00809	0.00989	0.00944	0.01153	0.00727	0.00708	0.01398	0.02124	0.02894	0.50577	0.06394	0.23850	0.01728	0.00936	0.00254	0.00382	0.01500	0.00835	0.00727
1	0.01028	0.00807	0.00930	0.00899	0.01127	0.00708	0.00674	0.01315	0.02023	0.02654	0.36977	0.06790	0.37600	0.01818	0.00936	0.00259	0.00388	0.01556	0.00804	0.00708
2	0.02269	0.01851	0.01960	0.01674	0.02175	0.02111	0.01327	0.21388	0.48095	0.03796	0.02851	0.02658	0.02115	0.01041	0.00803	0.00260	0.00697	0.00845	0.00803	0.01282
3	0.02727	0.08230	0.02432	0.02252	0.09720	0.51302	0.01579	0.05227	0.02181	0.02165	0.01331	0.01563	0.01103	0.00804	0.00704	0.00206	0.01267	0.00544	0.03688	0.00973
4	0.01644	0.01409	0.01644	0.01175	0.01879	0.01057	0.00940	0.01997	0.01644	0.02584	0.01409	0.01644	0.01175	0.00587	0.00587	0.00117	0.00587	0.00470	0.00470	0.76979
5	0.01595	0.01300	0.01426	0.01297	0.01637	0.01406	0.01001	0.08695	0.26837	0.02890	0.08684	0.04433	0.19818	0.05299	0.09673	0.00415	0.00771	0.01130	0.00728	0.00967
6	0.01122	0.00811	0.01060	0.00998	0.01185	0.00748	0.00748	0.01496	0.02245	0.03180	0.66766	0.05923	0.07482	0.01621	0.00935	0.00249	0.00374	0.01434	0.00873	0.00748
7	0.02557	0.19716	0.06373	0.01767	0.02353	0.20913	0.01522	0.20568	0.11402	0.03019	0.01681	0.01755	0.01309	0.00855	0.00702	0.00217	0.01003	0.00606	0.00553	0.01127
8	0.01111	0.00802	0.01050	0.01005	0.01182	0.00741	0.00747	0.01469	0.02193	0.03098	0.62366	0.10556	0.07324	0.01682	0.00941	0.00255	0.00380	0.01492	0.00863	0.00741
9	0.01496	0.01365	0.02269	0.65577	0.05158	0.01693	0.02092	0.02014	0.01591	0.02088	0.01488	0.02171	0.01122	0.00802	0.00777	0.00259	0.01011	0.00707	0.05449	0.00871
10	0.00991	0.00752	0.00917	0.01006	0.01148	0.00677	0.00715	0.01192	0.01728	0.02245	0.14708	0.39365	0.25078	0.02196	0.00980	0.00296	0.00439	0.04140	0.00756	0.00671
11	0.02010	0.01722	0.01814	0.01621	0.02076	0.01990	0.01264	0.06401	0.63504	0.03378	0.03180	0.02920	0.02382	0.01071	0.00806	0.00268	0.00636	0.00890	0.00806	0.01259
12	0.02968	0.02198	0.02354	0.01815	0.02442	0.02438	0.01496	0.61866	0.06478	0.04923	0.01963	0.01951	0.01396	0.00957	0.00794	0.00239	0.00862	0.00722	0.00794	0.01344
13	0.02118	0.01776	0.01875	0.01643	0.02118	0.02040	0.01290	0.12641	0.57088	0.03552	0.03043	0.02811	0.02271	0.01059	0.00805	0.00265	0.00662	0.00871	0.00805	0.01268
14	0.01080	0.00826	0.00967	0.01025	0.01196	0.00762	0.00730	0.04701	0.01797	0.02310	0.09627	0.39569	0.28182	0.02165	0.00967	0.00292	0.00456	0.01898	0.00748	0.00700
15	0.02934	0.02315	0.02310	0.01808	0.02408	0.08597	0.01477	0.56506	0.03520	0.04608	0.02064	0.02068	0.03703	0.00978	0.00791	0.00236	0.00907	0.00730	0.00755	0.01284
16	0.02649	0.06875	0.05043	0.01735	0.02372	0.02310	0.01479	0.44724	0.12314	0.04274	0.01987	0.01986	0.01455	0.00918	0.00760	0.00230	0.00828	0.00698	0.00723	0.06639
17	0.01418	0.00889	0.01015	0.00955	0.01032	0.00890	0.00584	0.04891	0.01372	0.06160	0.02507	0.04838	0.02735	0.63378	0.03638	0.00704	0.00768	0.01105	0.00532	0.00587
18	0.01650	0.09284	0.58831	0.02262	0.03371	0.01953	0.06914	0.02503	0.01683	0.02463	0.01410	0.01674	0.01019	0.00742	0.00747	0.00246	0.01158	0.00597	0.00340	0.01153
19	0.01833	0.01457	0.01513	0.01333	0.01669	0.07666	0.01031	0.10140	0.13471	0.07348	0.37438	0.04279	0.04880	0.01327	0.00866	0.00247	0.00599	0.01123	0.00814	0.00965
20	0.01954	0.05235	0.07109	0.12626	0.13613	0.20762	0.07663	0.02341	0.01859	0.02183	0.02299	0.09129	0.07781	0.01047	0.00804	0.00244	0.01049	0.00895	0.00452	0.00955
21	0.04862	0.01535	0.02539	0.50785	0.20871	0.01793	0.02203	0.02142	0.01631	0.02234	0.01417	0.02041	0.01099	0.00769	0.00778	0.00256	0.01009	0.00693	0.00368	0.00975
22	0.01539	0.01451	0.02453	0.64463	0.10904	0.01773	0.02223	0.02062	0.01605	0.02076	0.01417	0.02101	0.01075	0.00785	0.00792	0.00262	0.01047	0.00705	0.00356	0.00914
23	0.01152	0.00775	0.00895	0.00895	0.00906	0.00785	0.00518	0.01173	0.01162	0.01560	0.02471	0.05036	0.02816	0.67227	0.08849	0.00806	0.00869	0.01131	0.00476	0.00497
24	0.02771	0.09473	0.02342	0.01943	0.02359	0.58513	0.01499	0.02991	0.02163	0.01965	0.01425	0.01946	0.01271	0.00902	0.00724	0.00213	0.01331	0.04829	0.00425	0.00914
25	0.01520	0.01432	0.02419	0.67091	0.08421	0.01768	0.02213	0.02046	0.01596	0.02053	0.01413	0.02107	0.01067	0.00789	0.00792	0.00263	0.01052	0.00705	0.00354	0.00899
26	0.68808	0.01576	0.01309	0.04415	0.01787	0.01826	0.00969	0.06704	0.01529	0.03586	0.01175	0.01371	0.00903	0.00754	0.00527	0.00246	0.00653	0.00463	0.00505	0.00894
27	0.00953	0.00795	0.00834	0.00861	0.01101	0.00676	0.00642	0.01153	0.01776	0.02138	0.07483	0.14798	0.57692	0.02068	0.00951	0.00277	0.00420	0.03976	0.00736	0.00669
28	0.02155	0.01794	0.01896	0.01651	0.02132	0.02058	0.01299	0.14799	0.54869	0.03612	0.02995	0.02774	0.02233	0.01054	0.00804	0.00264	0.00671	0.00864	0.00804	0.01272
29	0.00954	0.00804	0.00827	0.00821	0.01081	0.00677	0.00616	0.01171	0.01847	0.02237	0.13401	0.07475	0.61436	0.01973	0.00937	0.00266	0.00399	0.01652	0.00749	0.00677
30	0.03521	0.01408	0.01876	0.01439	0.02053	0.01252	0.01188	0.07924	0.02367	0.63537	0.03047	0.02646	0.01922	0.00979	0.00797	0.00245	0.00688	0.00792	0.00969	0.01349
31	0.01698	0.06951	0.62411	0.02185	0.03311	0.01869	0.02786	0.02564	0.01697	0.05287	0.01482	0.01701	0.01046	0.00760	0.00745	0.00247	0.01137	0.00588	0.00363	0.01173
32	0.01038	0.00720	0.00899	0.01012	0.01041	0.00692	0.00638	0.01123	0.01378	0.01838	0.03653	0.46139	0.04339	0.29195	0.02172	0.00493	0.00578	0.01832	0.00638	0.00581
33	0.01963	0.01884	0.03219	0.04867	0.67185	0.01884	0.02434	0.02434	0.01806	0.02591	0.01492	0.01963	0.01256	0.00707	0.00785	0.00236	0.00942	0.00707	0.00393	0.01256
34	0.48429	0.01569	0.01442	0.01235	0.01733	0.01748	0.01017	0.12539	0.04231	0.10319	0.01730	0.02030	0.01335	0.00886	0.00614	0.00248	0.00658	0.03488	0.03755	0.00992
35	0.01837	0.01739	0.02945	0.08883	0.56795	0.01758	0.02257	0.02280	0.01764	0.02499	0.01759	0.08576	0.01621	0.00881	0.00807	0.00246	0.00904	0.00853	0.00422	0.01173
36	0.00966	0.00690	0.00920	0.01104	0.01150	0.00644	0.00736	0.01104	0.01518	0.02024	0.04371	0.71614	0.05245	0.02484	0.01012	0.00322	0.00460	0.02254	0.00736	0.00644
37	0.01590	0.04102	0.68023	0.02260	0.03432	0.01842	0.02930	0.02511	0.01674	0.02511	0.01423	0.01674	0.01005	0.00753	0.00753	0.00251	0.01172	0.00586	0.00335	0.01172
38	0.01237	0.00913	0.01206	0.01352	0.01531	0.00912	0.01119	0.01670	0.06039	0.02349	0.04439	0.21149	0.08952	0.02163	0.01048	0.00343	0.00645	0.41452	0.00737	0.00744
39	0.01203	0.01088	0.01042	0.00998	0.01247	0.07174	0.00749	0.01473	0.02023	0.02536	0.30760	0.06364	0.36991	0.01741	0.00915	0.00254	0.00488	0.01468	0.00760	0.00724
40	0.01141	0.00843	0.01069	0.01007	0.01209	0.00788	0.00757	0.01572	0.04575	0.03110	0.60158	0.05937	0.11586	0.01629	0.00931	0.00251	0.00386	0.01431	0.00861	0.00761
41	0.77733	0.01534	0.01166	0.01043	0.01534	0.01779	0.00859	0.02331	0.01350	0.03558	0.01104	0.01288	0.00859	0.00736	0.00491	0.00245	0.00613	0.00429	0.00491	0.00859
42	0.02242	0.01322	0.01553	0.01327	0.01747	0.01335	0.01047	0.09579	0.17587	0.22062	0.12987	0.07450	0.08356	0.01261	0.00826	0.00253	0.00583	0.01057	0.06330	0.01097
43	0.01887	0.01553	0.01774	0.01289	0.01982	0.01305	0.01040	0.13056	0.02013	0.03011	0.01497	0.01690	0.01205	0.00652	0.00624	0.00139	0.00638	0.00513	0.00527	0.63606
44	0.03454	0.01325	0.01798	0.01387	0.01974	0.01148	0.01136	0.03748	0.02222	0.64888	0.03101	0.02806	0.02002	0.04040	0.00937	0.00268	0.00679	0.00813	0.00960	0.01312
45	0.03026	0.02109	0.02299	0.01773	0.02397	0.02305	0.01461	0.55698	0.06219	0.11412	0.02087	0.02031	0.01458	0.00960	0.00794	0.00240	0.00842	0.00730	0.00813	0.01345
46	0.02170	0.01387	0.01520	0.03773	0.01767	0.01492	0.01036	0.27068	0.02501	0.06383	0.02278	0.02498	0.01718	0.01089	0.02797	0.00245	0.00664	0.00734	0.37868	0.01013
47	0.01278	0.00913	0.01278	0.01460	0.01643	0.00913	0.01278	0.01643	0.01825	0.02373	0.04199	0.08945	0.04564	0.02191	0.01095	0.00365	0.00730	0.61847	0.00730	0.00730
48	0.02011	0.46017	0.24286	0.01692	0.02508	0.07368	0.01868	0.02474	0.01676	0.02076	0.01213	0.01411	0.01014	0.00712	0.00601	0.00198	0.00992	0.00482	0.00343	0.01060
49	0.00966	0.00690	0.00920	0.01104	0.01150	0.00644	0.00736	0.01104	0.01518	0.02024	0.04371	0.71614	0.05245	0.02484	0.01012	0.00322	0.00460	0.02254	0.00736	0.00644
50	0.01828	0.05629	0.42865	0.02484	0.03493	0.01885	0.20538	0.02611	0.01771	0.07098	0.01585	0.01868	0.01130	0.00742	0.00801	0.00253	0.01174	0.00697	0.00400	0.01150
51	0.00967	0.00726	0.00898	0.01021	0.01132	0.00656	0.00702	0.01135	0.01634	0.02120	0.08817	0.51420	0.21268	0.02313	0.00988	0.00304	0.00440	0.02058	0.00744	0.00656
52	0.01133	0.00768	0.00903	0.00921	0.00936	0.00774	0.00546	0.01169	0.01198	0.01609	0.02651	0.11496	0.03042	0.60091	0.08899	0.00765	0.00846	0.01236	0.00501	0.00514
53	0.06224	0.02258	0.02322	0.01800	0.02419	0.05262	0.01480	0.59252	0.03563	0.04806	0.01841	0.01857	0.01314	0.00937	0.00777	0.00237	0.00885	0.00693	0.00764	0.01309
54	0.01692	0.01287	0.01465	0.01294	0.01656	0.01343	0.01004	0.07292	0.25118	0.06288	0.28983	0.04346	0.09012	0.01329	0.00857	0.00251	0.00528	0.01133	0.00821	0.04300
55	0.07719	0.06981	0.02367	0.01735	0.02331	0.02272	0.03948	0.37719	0.16020	0.07684	0.02121	0.02088	0.01541	0.00934	0.00762	0.00242	0.00811	0.00726	0.00738	0.01262
56	0.06402	0.65396	0.03898	0.01371	0.02027	0.06145	0.01337	0.02409	0.01626	0.01964	0.01108	0.01280	0.01009	0.00688	0.00517	0.00175	0.00862	0.00428	0.00351	0.01004
57	0.01892	0.05797	0.03199	0.07268	0.46989	0.01910	0.08986	0.02460	0.05308	0.02536	0.01880	0.02271	0.04365	0.00786	0.00795	0.00240	0.00943	0.00771	0.00427	0.01177
58	0.01145	0.00765	0.00867	0.00875	0.00878	0.00763	0.00492	0.01151	0.01169	0.01559	0.02582	0.08134	0.02988	0.69043	0.03902	0.00749	0.00755	0.01202	0.00492	0.00488
59	0.00986	0.00710	0.00939	0.01115	0.01180	0.00663	0.00767	0.01142	0.01551	0.02053	0.04518	0.64632	0.07868	0.02444	0.01014	0.00323	0.00476	0.06233	0.00736	0.00651
60	0.01835	0.02080	0.04526	0.03251	0.04022	0.01950	0.61708	0.02481	0.01857	0.02519	0.01717	0.04977	0.01368	0.00743	0.00939	0.00270	0.01301	0.00990	0.00415	0.01052
61	0.02100	0.02145	0.03085	0.04479	0.58275	0.11114	0.02310	0.02535	0.01866	0.02501	0.01455	0.01889	0.01224	0.00722	0.00775	0.00231	0.01009	0.00680	0.00395	0.01210
62	0.01060	0.00789	0.01008	0.01148	0.01291	0.00737	0.00880	0.01287	0.01687	0.02166	0.05192	0.35987	0.19778	0.02275	0.01021	0.00323	0.00534	0.21426	0.00734	0.00678
63	0.02009	0.58229	0.17561	0.01546	0.02328	0.02866	0.01687	0.02403	0.01624	0.02001	0.01170	0.01356	0.01015	0.00694	0.00560	0.00187	0.00916	0.00458	0.00338	0.01050
64	0.02378	0.48059	0.05601	0.01599	0.02215	0.21649	0.01463	0.05171	0.01880	0.02037	0.01181	0.01356	0.01032	0.00731	0.00587	0.00185	0.01024	0.00466	0.00377	0.01009
65	0.02708	0.24590	0.02824	0.01835	0.02326	0.49050	0.01479	0.02927	0.02055	0.01918	0.01188	0.01382	0.01020	0.00775	0.00653	0.00194	0.01254	0.00485	0.00388	0.00949
66	0.01776	0.20176	0.50108	0.02038	0.03061	0.05121	0.02498	0.02508	0.01685	0.02334	0.01339	0.01569	0.01008	0.00739	0.00694	0.00230	0.01107	0.00545	0.00339	0.01125
67	0.03558	0.01350	0.01840	0.01411	0.02024	0.01166	0.01166	0.03865	0.02270	0.67734	0.03128	0.02699	0.01963	0.00981	0.00797	0.00245	0.00675	0.00797	0.00981	0.01350
68	0.00966	0.00690	0.00920	0.01104	0.01150	0.00644	0.00736	0.01104	0.01518	0.02024	0.04371	0.71614	0.05245	0.02484	0.01012	0.00322	0.00460	0.02254	0.00736	0.00644
69	0.00992	0.00701	0.00913	0.01072	0.01111	0.00661	0.00701	0.01111	0.01469	0.01958	0.04117	0.62603	0.04924	0.11932	0.01422	0.00383	0.00502	0.02105	0.00701	0.00622
70	0.77733	0.01534	0.01166	0.01043	0.01534	0.01779	0.00859	0.02331	0.01350	0.03558	0.01104	0.01288	0.00859	0.00736	0.00491	0.00245	0.00613	0.00429	0.00491	0.00859
71	0.03014	0.02221	0.02380	0.01825	0.02459	0.02459	0.01507	0.64541	0.03728	0.04998	0.01904	0.01904	0.01349	0.00952	0.00793	0.00238	0.00873	0.00714	0.00793	0.01349
72	0.01135	0.00841	0.01230	0.01230	0.01356	0.00967	0.00935	0.01387	0.01261	0.01808	0.02165	0.03342	0.02081	0.13194	0.61877	0.01219	0.01976	0.00883	0.00431	0.00683
73	0.01725	0.01441	0.01733	0.01278	0.01906	0.01204	0.01031	0.02057	0.01623	0.04937	0.01435	0.01693	0.01190	0.00685	0.00805	0.00146	0.07877	0.00505	0.00476	0.66254
74	0.01112	0.00810	0.01046	0.00987	0.01178	0.00744	0.00740	0.01477	0.02221	0.03123	0.63537	0.06017	0.10747	0.01642	0.00935	0.00250	0.00376	0.01447	0.00865	0.00744
75	0.02120	0.72609	0.04155	0.01357	0.02035	0.03138	0.01357	0.02374	0.01611	0.01866	0.01102	0.01272	0.01018	0.00678	0.00509	0.00170	0.00848	0.00424	0.00339	0.01018
76	0.02227	0.63893	0.03914	0.01444	0.02088	0.11471	0.01379	0.02475	0.01692	0.01875	0.01118	0.01292	0.01018	0.00696	0.00535	0.00174	0.00922	0.00435	0.00348	0.01005
77	0.02161	0.35556	0.16557	0.01715	0.02387	0.19872	0.01699	0.02541	0.01766	0.02016	0.01272	0.01526	0.01084	0.01102	0.05442	0.00273	0.01156	0.00510	0.00362	0.01002
78	0.01563	0.00821	0.00829	0.00799	0.01008	0.00834	0.00607	0.05295	0.01777	0.03069	0.02549	0.02899	0.01995	0.00925	0.00567	0.00188	0.00397	0.00738	0.72369	0.00773
79	0.01591	0.01495	0.02467	0.56924	0.14197	0.01791	0.02183	0.02208	0.05218	0.02180	0.01523	0.02140	0.01162	0.00796	0.00792	0.00260	0.01016	0.00716	0.00384	0.00956
80	0.00938	0.00799	0.00808	0.00816	0.01074	0.00668	0.00608	0.01137	0.01796	0.02137	0.07882	0.10275	0.64317	0.02028	0.00940	0.00270	0.00404	0.01698	0.00736	0.00668
81	0.01802	0.01847	0.02419	0.02080	0.02102	0.06086	0.01724	0.01978	0.01271	0.01910	0.01051	0.01718	0.01040	0.01357	0.02499	0.00339	0.66872	0.00684	0.00350	0.00870
82	0.01114	0.00810	0.01049	0.00989	0.01180	0.00745	0.00742	0.01481	0.02226	0.03135	0.64222	0.05997	0.10054	0.01638	0.00935	0.00250	0.00375	0.01444	0.00867	0.00745
83	0.01083	0.00925	0.00945	0.00919	0.01209	0.00848	0.00695	0.01565	0.10458	0.02334	0.09277	0.06945	0.56246	0.01870	0.00920	0.00267	0.00431	0.01561	0.00750	0.00751
84	0.02120	0.72609	0.04155	0.01357	0.02035	0.03138	0.01357	0.02374	0.01611	0.01866	0.01102	0.01272	0.01018	0.00678	0.00509	0.00170	0.00848	0.00424	0.00339	0.01018
85	0.01612	0.01547	0.02641	0.52608	0.11038	0.01812	0.08179	0.02269	0.06160	0.02221	0.01564	0.02162	0.01187	0.00792	0.00807	0.00262	0.01043	0.00741	0.00393	0.00962
86	0.03014	0.02221	0.02380	0.01825	0.02459	0.02459	0.01507	0.64541	0.03728	0.04998	0.01904	0.01904	0.01349	0.00952	0.00793	0.00238	0.00873	0.00714	0.00793	0.01349
87	0.77733	0.01534	0.01166	0.01043	0.01534	0.01779	0.00859	0.02331	0.01350	0.03558	0.01104	0.01288	0.00859	0.00736	0.00491	0.00245	0.00613	0.00429	0.00491	0.00859

[dist]
# distance from previous block
# <min> <max>
3	4

[block]
# block no. 1 follows, 24 sequences, length 147
# corresponding to MSA columns:
# 99-245
name=unknown_B
#
# <colnr> <probs for GDERKNQSTAVLIFYWHMCP>
#	G	D	E	R	K	N	Q	S	T	A	V	L	I	F	Y	W	H	M	C	P
0	0.01761	0.03863	0.62284	0.02187	0.03310	0.01783	0.02777	0.02629	0.01726	0.08167	0.01571	0.01763	0.01088	0.00773	0.00757	0.00251	0.01129	0.00604	0.00391	0.01187
1	0.01121	0.00759	0.00892	0.00923	0.00937	0.00758	0.00546	0.01156	0.01220	0.01632	0.02796	0.16218	0.03239	0.57587	0.06363	0.00716	0.00776	0.01324	0.00521	0.00518
2	0.05638	0.01807	0.01857	0.01574	0.01990	0.04869	0.01227	0.23885	0.25298	0.03474	0.02374	0.02777	0.01940	0.12916	0.01407	0.00342	0.03993	0.00830	0.00695	0.01107
3	0.02158	0.69502	0.04069	0.01388	0.02054	0.06108	0.01365	0.02410	0.01640	0.01869	0.01108	0.01279	0.01018	0.00685	0.00518	0.00171	0.00874	0.00428	0.00342	0.01013
4	0.01158	0.07058	0.01285	0.01064	0.01248	0.00923	0.00798	0.01443	0.01949	0.02682	0.40346	0.27278	0.06175	0.01825	0.00923	0.00266	0.00444	0.01617	0.00781	0.00737
5	0.02967	0.02198	0.02353	0.01815	0.02441	0.02437	0.01496	0.61789	0.06557	0.04921	0.01964	0.01952	0.01397	0.00958	0.00794	0.00239	0.00861	0.00722	0.00794	0.01344
6	0.01982	0.01886	0.03203	0.08078	0.58164	0.01909	0.05199	0.05220	0.01884	0.02667	0.01511	0.01976	0.01247	0.00720	0.00793	0.00239	0.00963	0.00717	0.00409	0.01232
7	0.01122	0.00811	0.01060	0.00998	0.01185	0.00748	0.00748	0.01496	0.02245	0.03180	0.66766	0.05923	0.07482	0.01621	0.00935	0.00249	0.00374	0.01434	0.00873	0.00748
8	0.01603	0.04016	0.65260	0.02307	0.03463	0.01849	0.05607	0.02513	0.01683	0.02513	0.01431	0.01694	0.01013	0.00750	0.00761	0.00252	0.01179	0.00601	0.00338	0.01167
9	0.01963	0.01884	0.03219	0.04867	0.67185	0.01884	0.02434	0.02434	0.01806	0.02591	0.01492	0.01963	0.01256	0.00707	0.00785	0.00236	0.00942	0.00707	0.00393	0.01256
10	0.01141	0.00782	0.00947	0.00951	0.00986	0.00802	0.00591	0.01212	0.01236	0.01681	0.05309	0.07442	0.03018	0.54816	0.15101	0.00817	0.00976	0.01155	0.00498	0.00538
11	0.01583	0.03856	0.61885	0.02255	0.03364	0.01800	0.05818	0.02466	0.01710	0.02543	0.04412	0.01891	0.01310	0.00789	0.00771	0.00252	0.01144	0.00642	0.00363	0.01148
12	0.00982	0.00754	0.00906	0.01018	0.01162	0.00678	0.00731	0.01165	0.01658	0.02101	0.05787	0.41123	0.29266	0.02273	0.00990	0.00305	0.00461	0.07244	0.00736	0.00662
13	0.02692	0.01926	0.02134	0.01613	0.02265	0.01968	0.01324	0.42360	0.03039	0.09839	0.01878	0.01903	0.01355	0.00856	0.00738	0.00206	0.00778	0.00655	0.00723	0.21748
14	0.02188	0.54443	0.11137	0.01552	0.02257	0.09846	0.01561	0.05277	0.01780	0.02088	0.01188	0.01363	0.01031	0.00714	0.00571	0.00186	0.00947	0.00465	0.00366	0.01040
15	0.01851	0.37777	0.36628	0.01816	0.02745	0.02479	0.02157	0.02444	0.01643	0.02194	0.01265	0.01477	0.01011	0.00717	0.00633	0.00211	0.01013	0.00506	0.00337	0.01096
16	0.03057	0.07988	0.02018	0.01497	0.04594	0.01328	0.01184	0.03374	0.02186	0.50921	0.10722	0.02933	0.02526	0.01021	0.00787	0.00238	0.00665	0.00837	0.00884	0.01240
17	0.01133	0.00850	0.01274	0.01274	0.01416	0.00991	0.00991	0.01416	0.01274	0.01841	0.02124	0.03115	0.01982	0.05947	0.68989	0.01274	0.02124	0.00850	0.00425	0.00708
18	0.08238	0.25423	0.39541	0.01978	0.05427	0.02247	0.02237	0.02450	0.01632	0.02400	0.01298	0.01526	0.01007	0.00726	0.00655	0.00224	0.01013	0.00526	0.00352	0.01100
19	0.01950	0.01918	0.03414	0.04664	0.58762	0.01900	0.10700	0.02448	0.01814	0.02584	0.01507	0.01986	0.01249	0.00701	0.00805	0.00240	0.00995	0.00737	0.00394	0.01231
20	0.01557	0.01470	0.02485	0.61900	0.13324	0.01777	0.02232	0.02078	0.01614	0.02098	0.01420	0.02095	0.01082	0.00782	0.00792	0.00261	0.01042	0.00705	0.00357	0.00929
21	0.05426	0.01834	0.01991	0.01779	0.04912	0.02065	0.01355	0.20687	0.40913	0.06171	0.02698	0.02547	0.01994	0.01009	0.00789	0.00257	0.00710	0.00815	0.00779	0.01268
22	0.05460	0.57945	0.11334	0.01431	0.02135	0.02811	0.01489	0.02347	0.01637	0.02081	0.04265	0.01541	0.01317	0.00735	0.00557	0.00186	0.00853	0.00491	0.00371	0.01016
23	0.02806	0.02118	0.02263	0.01782	0.02380	0.02362	0.01457	0.52491	0.16117	0.04662	0.02168	0.02115	0.01563	0.00977	0.00796	0.00244	0.00824	0.00750	0.00796	0.01330
24	0.02367	0.01089	0.01443	0.01196	0.01610	0.00958	0.00953	0.02693	0.02224	0.36469	0.29311	0.04389	0.09239	0.01321	0.00864	0.00249	0.00532	0.01124	0.00918	0.01053
25	0.01498	0.01409	0.02378	0.70226	0.05462	0.01762	0.02202	0.02026	0.01586	0.02026	0.01409	0.02114	0.01057	0.00793	0.00793	0.00264	0.01057	0.00705	0.00352	0.00881
26	0.02921	0.02315	0.02257	0.01815	0.02364	0.13192	0.01478	0.43427	0.03162	0.09965	0.01982	0.02235	0.01495	0.01010	0.00866	0.00244	0.03653	0.03663	0.00727	0.01229
27	0.01153	0.00769	0.00865	0.00865	0.00865	0.00769	0.00480	0.01153	0.01153	0.01538	0.02499	0.05189	0.02883	0.72131	0.04036	0.00769	0.00769	0.01153	0.00480	0.00480
28	0.01320	0.01027	0.01513	0.01929	0.12302	0.01014	0.01342	0.01654	0.01765	0.02336	0.03934	0.19245	0.06567	0.01994	0.01023	0.00332	0.00703	0.38526	0.00676	0.00798
29	0.01915	0.01825	0.03105	0.07713	0.61825	0.01841	0.02378	0.02384	0.01796	0.02556	0.01593	0.02241	0.01376	0.00768	0.00797	0.00242	0.00939	0.03083	0.00404	0.01219
30	0.02168	0.02265	0.02957	0.04146	0.51069	0.15641	0.02197	0.02662	0.04685	0.02489	0.01513	0.01897	0.01259	0.00745	0.00772	0.00231	0.01028	0.00675	0.00414	0.01187
31	0.01677	0.01680	0.03165	0.08983	0.15853	0.01708	0.26776	0.02153	0.01722	0.02357	0.02081	0.08107	0.01968	0.03937	0.01172	0.00303	0.06402	0.08518	0.00459	0.00977
32	0.05228	0.01755	0.02799	0.26185	0.29707	0.04661	0.07875	0.02289	0.01710	0.02406	0.01481	0.02015	0.01185	0.00770	0.00833	0.00249	0.03245	0.00707	0.03856	0.01044
33	0.01051	0.00758	0.00985	0.01050	0.01168	0.00705	0.00745	0.01293	0.01828	0.02500	0.30298	0.35737	0.08839	0.05407	0.01124	0.00313	0.00448	0.04288	0.00780	0.00684
34	0.77733	0.01534	0.01166	0.01043	0.01534	0.01779	0.00859	0.02331	0.01350	0.03558	0.01104	0.01288	0.00859	0.00736	0.00491	0.00245	0.00613	0.00429	0.00491	0.00859
35	0.01573	0.01496	0.02468	0.52142	0.08340	0.01786	0.04604	0.02057	0.01580	0.02112	0.01388	0.02035	0.01082	0.00822	0.00949	0.00259	0.07452	0.00695	0.00365	0.06795
36	0.01166	0.00845	0.01079	0.01062	0.01121	0.00922	0.00722	0.01280	0.01223	0.01683	0.02514	0.04404	0.04971	0.43231	0.26154	0.00902	0.04623	0.01047	0.00465	0.00585
37	0.02881	0.10405	0.02431	0.01977	0.02411	0.62612	0.01515	0.03090	0.02186	0.01934	0.01214	0.01415	0.01021	0.00804	0.00695	0.00201	0.01374	0.00502	0.00402	0.00929
38	0.01656	0.04086	0.64893	0.02250	0.03385	0.05035	0.02863	0.02542	0.01701	0.02484	0.01414	0.01663	0.01005	0.00756	0.00752	0.00249	0.01184	0.00582	0.00338	0.01160
39	0.01616	0.07362	0.64983	0.02217	0.03366	0.01903	0.02855	0.02505	0.01671	0.02481	0.01408	0.01655	0.01005	0.00750	0.00742	0.00247	0.01157	0.00578	0.00335	0.01165
40	0.06128	0.10154	0.43436	0.05418	0.06248	0.07426	0.02412	0.02592	0.04618	0.02480	0.01443	0.01687	0.01078	0.00765	0.00718	0.00240	0.01089	0.00581	0.00375	0.01113
41	0.01742	0.01331	0.05354	0.06888	0.04001	0.01233	0.01371	0.04717	0.08877	0.11359	0.11933	0.08683	0.03719	0.01564	0.00935	0.00298	0.00712	0.23605	0.00732	0.00944
42	0.03195	0.01547	0.05294	0.01482	0.02088	0.01317	0.01267	0.08962	0.04927	0.52441	0.03007	0.06518	0.02065	0.01057	0.00807	0.00250	0.00704	0.00866	0.00910	0.01296
43	0.01862	0.01898	0.05992	0.16551	0.53162	0.01860	0.02414	0.02364	0.01760	0.02485	0.01474	0.01977	0.01209	0.00724	0.00785	0.00241	0.00973	0.00701	0.00383	0.01185
44	0.01858	0.01913	0.05809	0.16014	0.48210	0.01872	0.07965	0.02375	0.01768	0.02485	0.01485	0.01993	0.01207	0.00720	0.00799	0.00244	0.01007	0.00722	0.00384	0.01171
45	0.04846	0.02727	0.25488	0.03682	0.39503	0.05057	0.02501	0.02491	0.01763	0.02570	0.01440	0.01811	0.01142	0.00729	0.00759	0.00240	0.01032	0.00645	0.00377	0.01195
46	0.03122	0.01959	0.16493	0.01599	0.02336	0.01315	0.01556	0.03565	0.02138	0.53294	0.02751	0.02472	0.01751	0.00931	0.00788	0.00247	0.00785	0.00751	0.00838	0.01310
47	0.01774	0.05877	0.47884	0.02234	0.05990	0.01783	0.05337	0.02607	0.04644	0.07565	0.01806	0.05822	0.01406	0.00876	0.00775	0.00253	0.01053	0.00727	0.00435	0.01153
48	0.01399	0.01267	0.01954	0.01841	0.05630	0.03164	0.12710	0.04470	0.01742	0.02326	0.05774	0.39304	0.06699	0.01799	0.01068	0.00296	0.05476	0.01637	0.00626	0.00818
49	0.02998	0.01710	0.09048	0.01521	0.02159	0.01378	0.01360	0.06401	0.10277	0.46607	0.03122	0.02809	0.04848	0.01014	0.00800	0.00250	0.00720	0.00823	0.00869	0.01287
50	0.02819	0.01553	0.02415	0.02241	0.13045	0.01446	0.10135	0.03357	0.07310	0.39859	0.02862	0.02730	0.04533	0.00944	0.00821	0.00250	0.00796	0.00847	0.00779	0.01259
51	0.01776	0.01620	0.02836	0.40179	0.18308	0.01817	0.10366	0.02282	0.01693	0.05959	0.01534	0.02101	0.01170	0.00796	0.00894	0.00261	0.04252	0.00740	0.00403	0.01013
52	0.01629	0.06930	0.51098	0.02104	0.03087	0.03970	0.05026	0.02472	0.04491	0.02458	0.01926	0.05319	0.04250	0.00901	0.00771	0.00251	0.01079	0.00732	0.00398	0.01108
53	0.01824	0.03787	0.56679	0.02234	0.03307	0.05307	0.05522	0.02649	0.01758	0.07425	0.01550	0.01760	0.01087	0.00770	0.00763	0.00249	0.01155	0.00614	0.00391	0.01168
54	0.01636	0.03803	0.58779	0.02504	0.07131	0.01858	0.08276	0.02509	0.01699	0.02518	0.01443	0.01731	0.01036	0.00743	0.00771	0.00252	0.01173	0.00623	0.00344	0.01168
55	0.04839	0.03111	0.34185	0.02683	0.03628	0.04939	0.30091	0.02546	0.01775	0.02540	0.01482	0.01854	0.01088	0.00718	0.00822	0.00256	0.01235	0.00732	0.00374	0.01102
56	0.01941	0.02002	0.05599	0.04234	0.52653	0.04887	0.05097	0.02492	0.04753	0.02562	0.01702	0.05372	0.01481	0.00815	0.00800	0.00242	0.00953	0.00787	0.00427	0.01199
57	0.03019	0.01342	0.01740	0.01394	0.01931	0.01244	0.01130	0.03639	0.12306	0.49906	0.10677	0.03122	0.02689	0.01072	0.00815	0.00250	0.00632	0.00888	0.00941	0.01263
58	0.03296	0.01283	0.01747	0.01380	0.01936	0.01113	0.01122	0.03586	0.02194	0.61099	0.03254	0.09657	0.02294	0.01133	0.00819	0.00253	0.00653	0.00945	0.00957	0.01278
59	0.03110	0.01310	0.01716	0.01373	0.01905	0.01188	0.01111	0.05886	0.05546	0.52534	0.03163	0.08672	0.02252	0.01112	0.00803	0.00250	0.00644	0.00922	0.05254	0.01249
60	0.05537	0.23744	0.20021	0.01649	0.02417	0.04785	0.01707	0.05761	0.01943	0.22478	0.01851	0.01853	0.01313	0.00812	0.00683	0.00222	0.00896	0.00599	0.00565	0.01165
61	0.03224	0.08712	0.02104	0.01444	0.02041	0.01508	0.01209	0.11316	0.02354	0.50018	0.02822	0.05592	0.01938	0.01015	0.00777	0.00240	0.00708	0.00815	0.00881	0.01283
62	0.00937	0.00803	0.00803	0.00803	0.01071	0.00669	0.00602	0.01138	0.01807	0.02142	0.08033	0.07632	0.66863	0.02008	0.00937	0.00268	0.00402	0.01674	0.00736	0.00669
63	0.05852	0.01828	0.02045	0.01628	0.02208	0.01954	0.01327	0.31054	0.17480	0.22324	0.02524	0.02347	0.01750	0.00980	0.00786	0.00247	0.00750	0.00768	0.00838	0.01308
64	0.01163	0.00861	0.01091	0.01025	0.01230	0.00815	0.00771	0.01637	0.05850	0.03145	0.60733	0.05824	0.09629	0.01606	0.00928	0.00251	0.00390	0.01413	0.00864	0.00774
65	0.77733	0.01534	0.01166	0.01043	0.01534	0.01779	0.00859	0.02331	0.01350	0.03558	0.01104	0.01288	0.00859	0.00736	0.00491	0.00245	0.00613	0.00429	0.00491	0.00859
66	0.05072	0.05725	0.02433	0.02082	0.08001	0.20444	0.01551	0.34668	0.02918	0.07055	0.01688	0.01775	0.01254	0.00877	0.00750	0.00226	0.01011	0.00641	0.00634	0.01195
67	0.01498	0.01409	0.02378	0.70226	0.05462	0.01762	0.02202	0.02026	0.01586	0.02026	0.01409	0.02114	0.01057	0.00793	0.00793	0.00264	0.01057	0.00705	0.00352	0.00881
68	0.01478	0.00739	0.00739	0.00739	0.00924	0.00739	0.00554	0.01848	0.01663	0.02956	0.02587	0.02956	0.02033	0.00924	0.00554	0.00185	0.00370	0.00739	0.76534	0.00739
69	0.01875	0.02117	0.07353	0.06597	0.27630	0.01942	0.35514	0.02478	0.01825	0.02536	0.01545	0.02048	0.01207	0.00692	0.00864	0.00255	0.01170	0.00823	0.00392	0.01137
70	0.01122	0.00811	0.01060	0.00998	0.01185	0.00748	0.00748	0.01496	0.02245	0.03180	0.66766	0.05923	0.07482	0.01621	0.00935	0.00249	0.00374	0.01434	0.00873	0.00748
71	0.01825	0.02511	0.18019	0.06602	0.12238	0.04446	0.29080	0.02437	0.01736	0.02414	0.01455	0.01935	0.01132	0.00793	0.01066	0.00267	0.09819	0.00770	0.00376	0.01077
72	0.01122	0.00811	0.01060	0.00998	0.01185	0.00748	0.00748	0.01496	0.02245	0.03180	0.66766	0.05923	0.07482	0.01621	0.00935	0.00249	0.00374	0.01434	0.00873	0.00748
73	0.01679	0.01168	0.01423	0.01158	0.01625	0.00980	0.00901	0.02095	0.04928	0.11090	0.19394	0.09587	0.06036	0.01163	0.00769	0.00200	0.00525	0.00997	0.00693	0.33587
74	0.74245	0.01550	0.01260	0.01219	0.04556	0.01784	0.00931	0.02336	0.01371	0.03513	0.01122	0.01319	0.00877	0.00735	0.00504	0.00245	0.00629	0.00442	0.00486	0.00877
75	0.01803	0.02029	0.04394	0.03173	0.03917	0.01902	0.59487	0.02431	0.01845	0.02501	0.01814	0.07404	0.01509	0.00806	0.00942	0.00272	0.01270	0.01036	0.00426	0.01037
76	0.01716	0.01407	0.01652	0.01183	0.01885	0.01061	0.00948	0.02067	0.01668	0.05023	0.01474	0.01684	0.01204	0.00602	0.00595	0.00122	0.00591	0.00482	0.00489	0.74148
77	0.01963	0.01678	0.01775	0.01570	0.02033	0.01898	0.01226	0.06616	0.57351	0.03309	0.03251	0.03015	0.04671	0.01079	0.00800	0.00260	0.00628	0.00895	0.00786	0.05197
78	0.01963	0.01884	0.03219	0.04867	0.67185	0.01884	0.02434	0.02434	0.01806	0.02591	0.01492	0.01963	0.01256	0.00707	0.00785	0.00236	0.00942	0.00707	0.00393	0.01256
79	0.00999	0.00769	0.00975	0.04626	0.01356	0.00718	0.00776	0.01194	0.01662	0.02151	0.10313	0.44786	0.22399	0.02193	0.00974	0.00298	0.00468	0.01945	0.00727	0.00672
80	0.77733	0.01534	0.01166	0.01043	0.01534	0.01779	0.00859	0.02331	0.01350	0.03558	0.01104	0.01288	0.00859	0.00736	0.00491	0.00245	0.00613	0.00429	0.00491	0.00859
81	0.02062	0.01748	0.01844	0.01632	0.02096	0.02014	0.01277	0.09409	0.60411	0.03462	0.03114	0.02868	0.02328	0.01065	0.00806	0.00266	0.00649	0.00881	0.00806	0.01263
82	0.01122	0.00811	0.01060	0.00998	0.01185	0.00748	0.00748	0.01496	0.02245	0.03180	0.66766	0.05923	0.07482	0.01621	0.00935	0.00249	0.00374	0.01434	0.00873	0.00748
83	0.01570	0.01125	0.01476	0.01637	0.01841	0.01081	0.01379	0.01838	0.01980	0.02613	0.04346	0.08990	0.04670	0.02312	0.01196	0.00411	0.00820	0.59023	0.00813	0.00880
84	0.01137	0.00833	0.01190	0.01190	0.01302	0.00945	0.00886	0.01362	0.01249	0.01778	0.02201	0.03544	0.02169	0.19634	0.55557	0.01170	0.01844	0.00912	0.00436	0.00661
85	0.01223	0.00833	0.01092	0.01015	0.01219	0.00765	0.00765	0.01594	0.02246	0.05836	0.64148	0.05791	0.07255	0.01595	0.00930	0.00249	0.00386	0.01408	0.00877	0.00773
86	0.77733	0.01534	0.01166	0.01043	0.01534	0.01779	0.00859	0.02331	0.01350	0.03558	0.01104	0.01288	0.00859	0.00736	0.00491	0.00245	0.00613	0.00429	0.00491	0.00859
87	0.01878	0.01609	0.01712	0.01566	0.01977	0.01848	0.01207	0.03924	0.59759	0.03197	0.03334	0.09364	0.02684	0.01207	0.00826	0.00274	0.00612	0.01023	0.00800	0.01198
88	0.02349	0.01537	0.01751	0.01511	0.01985	0.01655	0.01192	0.03911	0.43296	0.21210	0.08015	0.03111	0.02677	0.01091	0.00814	0.00261	0.00621	0.00910	0.00860	0.01243
89	0.01952	0.54215	0.18238	0.01547	0.02308	0.02740	0.01680	0.02350	0.01621	0.02016	0.01316	0.04430	0.01199	0.00774	0.00585	0.00194	0.00903	0.00540	0.00356	0.01036
90	0.01153	0.00769	0.00865	0.00865	0.00865	0.00769	0.00480	0.01153	0.01153	0.01538	0.02499	0.05189	0.02883	0.72131	0.04036	0.00769	0.00769	0.01153	0.00480	0.00480
91	0.01963	0.01884	0.03219	0.04867	0.67185	0.01884	0.02434	0.02434	0.01806	0.02591	0.01492	0.01963	0.01256	0.00707	0.00785	0.00236	0.00942	0.00707	0.00393	0.01256
92	0.01703	0.01444	0.01676	0.01202	0.01904	0.01117	0.00964	0.04651	0.01733	0.02686	0.01430	0.01655	0.01182	0.00603	0.00596	0.00123	0.00599	0.00480	0.00484	0.73769
93	0.74689	0.01562	0.01215	0.01075	0.01571	0.01807	0.00885	0.04865	0.01446	0.03616	0.01137	0.01313	0.00879	0.00745	0.00503	0.00245	0.00624	0.00441	0.00503	0.00879
94	0.01347	0.01165	0.01668	0.01549	0.01629	0.01496	0.01234	0.01573	0.01259	0.01863	0.01841	0.05773	0.01816	0.06514	0.39177	0.00872	0.27189	0.00867	0.00412	0.00755
95	0.01377	0.00689	0.01033	0.01033	0.01033	0.00689	0.00689	0.01033	0.01033	0.01377	0.01377	0.02410	0.01377	0.02755	0.03099	0.76928	0.00689	0.00689	0.00344	0.00344
96	0.01122	0.00811	0.01060	0.00998	0.01185	0.00748	0.00748	0.01496	0.02245	0.03180	0.66766	0.05923	0.07482	0.01621	0.00935	0.00249	0.00374	0.01434	0.00873	0.00748
97	0.77733	0.01534	0.01166	0.01043	0.01534	0.01779	0.00859	0.02331	0.01350	0.03558	0.01104	0.01288	0.00859	0.00736	0.00491	0.00245	0.00613	0.00429	0.00491	0.00859
98	0.01103	0.00810	0.01034	0.00978	0.01173	0.00740	0.00733	0.01460	0.02200	0.03074	0.60767	0.06098	0.13548	0.01661	0.00935	0.00251	0.00377	0.01459	0.00859	0.00740
99	0.01963	0.01884	0.03219	0.04867	0.67185	0.01884	0.02434	0.02434	0.01806	0.02591	0.01492	0.01963	0.01256	0.00707	0.00785	0.00236	0.00942	0.00707	0.00393	0.01256
100	0.01133	0.00850	0.01274	0.01274	0.01416	0.00991	0.00991	0.01416	0.01274	0.01841	0.02124	0.03115	0.01982	0.05947	0.68989	0.01274	0.02124	0.00850	0.00425	0.00708
101	0.02120	0.72609	0.04155	0.01357	0.02035	0.03138	0.01357	0.02374	0.01611	0.01866	0.01102	0.01272	0.01018	0.00678	0.00509	0.00170	0.00848	0.00424	0.00339	0.01018
102	0.01590	0.04102	0.68023	0.02260	0.03432	0.01842	0.02930	0.02511	0.01674	0.02511	0.01423	0.01674	0.01005	0.00753	0.00753	0.00251	0.01172	0.00586	0.00335	0.01172
103	0.01644	0.01409	0.01644	0.01175	0.01879	0.01057	0.00940	0.01997	0.01644	0.02584	0.01409	0.01644	0.01175	0.00587	0.00587	0.00117	0.00587	0.00470	0.00470	0.76979
104	0.00966	0.00690	0.00920	0.01104	0.01150	0.00644	0.00736	0.01104	0.01518	0.02024	0.04371	0.71614	0.05245	0.02484	0.01012	0.00322	0.00460	0.02254	0.00736	0.00644
105	0.77733	0.01534	0.01166	0.01043	0.01534	0.01779	0.00859	0.02331	0.01350	0.03558	0.01104	0.01288	0.00859	0.00736	0.00491	0.00245	0.00613	0.00429	0.00491	0.00859
106	0.01963	0.01884	0.03219	0.04867	0.67185	0.01884	0.02434	0.02434	0.01806	0.02591	0.01492	0.01963	0.01256	0.00707	0.00785	0.00236	0.00942	0.00707	0.00393	0.01256
107	0.02163	0.02448	0.02366	0.02068	0.02211	0.25621	0.01664	0.02347	0.01575	0.01920	0.01105	0.01629	0.01034	0.01189	0.01944	0.00297	0.46535	0.00630	0.00368	0.00886
108	0.02380	0.51371	0.03567	0.01569	0.02164	0.23444	0.01411	0.02619	0.01807	0.01889	0.01140	0.01321	0.01019	0.00721	0.00572	0.00180	0.01028	0.00451	0.00361	0.00987
109	0.77733	0.01534	0.01166	0.01043	0.01534	0.01779	0.00859	0.02331	0.01350	0.03558	0.01104	0.01288	0.00859	0.00736	0.00491	0.00245	0.00613	0.00429	0.00491	0.00859
110	0.02528	0.01965	0.02091	0.01704	0.02252	0.02202	0.01375	0.38413	0.28159	0.04230	0.02649	0.02528	0.04146	0.01039	0.00804	0.00251	0.00759	0.00821	0.00797	0.01287
111	0.01139	0.00807	0.01045	0.00986	0.01173	0.00748	0.00739	0.01512	0.02218	0.03170	0.63839	0.05788	0.07234	0.01589	0.00918	0.00246	0.00374	0.01402	0.04324	0.00748
112	0.05425	0.11109	0.15440	0.02388	0.07742	0.27029	0.12326	0.05142	0.01990	0.02376	0.01354	0.01630	0.01072	0.00758	0.00735	0.00225	0.01207	0.00606	0.00402	0.01044
113	0.71982	0.04239	0.03891	0.01102	0.01626	0.01831	0.00958	0.02340	0.01372	0.03455	0.01117	0.01303	0.00870	0.00735	0.00502	0.00243	0.00644	0.00435	0.00479	0.00877
114	0.01941	0.01862	0.03180	0.07876	0.64343	0.01878	0.02423	0.02415	0.01795	0.02565	0.01488	0.01970	0.01247	0.00711	0.00785	0.00237	0.00947	0.00706	0.00391	0.01239
115	0.01677	0.01702	0.03214	0.40510	0.13225	0.01855	0.21784	0.02242	0.01705	0.02263	0.01482	0.02102	0.01129	0.00742	0.00837	0.00261	0.01130	0.00778	0.00373	0.00990
116	0.01133	0.00850	0.01274	0.01274	0.01416	0.00991	0.00991	0.01416	0.01274	0.01841	0.02124	0.03115	0.01982	0.05947	0.68989	0.01274	0.02124	0.00850	0.00425	0.00708
117	0.01153	0.00769	0.00865	0.00865	0.00865	0.00769	0.00480	0.01153	0.01153	0.01538	0.02499	0.05189	0.02883	0.72131	0.04036	0.00769	0.00769	0.01153	0.00480	0.00480
118	0.01610	0.06585	0.65708	0.02227	0.03381	0.01889	0.02873	0.02506	0.01672	0.02488	0.01411	0.01660	0.01005	0.00751	0.00745	0.00248	0.01160	0.00580	0.00335	0.01166
119	0.01478	0.00739	0.00739	0.00739	0.00924	0.00739	0.00554	0.01848	0.01663	0.02956	0.02587	0.02956	0.02033	0.00924	0.00554	0.00185	0.00370	0.00739	0.76534	0.00739
120	0.08622	0.06571	0.41763	0.02308	0.03291	0.01903	0.16542	0.02474	0.01685	0.02585	0.01419	0.01724	0.01044	0.00722	0.00752	0.00245	0.01119	0.00639	0.00370	0.04222
121	0.02322	0.11753	0.05457	0.01799	0.02375	0.29866	0.06828	0.02652	0.01969	0.04778	0.04795	0.01815	0.01445	0.00779	0.00695	0.00191	0.01058	0.00590	0.00456	0.18376
122	0.02004	0.01982	0.03240	0.04670	0.61389	0.04948	0.05183	0.02472	0.01829	0.02559	0.01485	0.01946	0.01243	0.00710	0.00789	0.00236	0.00982	0.00708	0.00394	0.01232
123	0.01133	0.00850	0.01274	0.01274	0.01416	0.00991	0.00991	0.01416	0.01274	0.01841	0.02124	0.03115	0.01982	0.05947	0.68989	0.01274	0.02124	0.00850	0.00425	0.00708
124	0.77733	0.01534	0.01166	0.01043	0.01534	0.01779	0.00859	0.02331	0.01350	0.03558	0.01104	0.01288	0.00859	0.00736	0.00491	0.00245	0.00613	0.00429	0.00491	0.00859
125	0.06516	0.01371	0.01811	0.01404	0.02006	0.01223	0.01157	0.03816	0.04784	0.62530	0.03050	0.02652	0.01936	0.00975	0.00785	0.00246	0.00670	0.00786	0.00954	0.01326
126	0.01153	0.00769	0.00865	0.00865	0.00865	0.00769	0.00480	0.01153	0.01153	0.01538	0.02499	0.05189	0.02883	0.72131	0.04036	0.00769	0.00769	0.01153	0.00480	0.00480
127	0.01122	0.00811	0.01060	0.00998	0.01185	0.00748	0.00748	0.01496	0.02245	0.03180	0.66766	0.05923	0.07482	0.01621	0.00935	0.00249	0.00374	0.01434	0.00873	0.00748
128	0.01923	0.01844	0.03147	0.10433	0.61928	0.01874	0.02414	0.02399	0.01787	0.02543	0.01485	0.01976	0.01239	0.00714	0.00786	0.00238	0.00952	0.00706	0.00389	0.01224
129	0.01644	0.01409	0.01644	0.01175	0.01879	0.01057	0.00940	0.01997	0.01644	0.02584	0.01409	0.01644	0.01175	0.00587	0.00587	0.00117	0.00587	0.00470	0.00470	0.76979
130	0.01377	0.01109	0.01570	0.01546	0.03768	0.01112	0.06827	0.07544	0.07956	0.02538	0.06105	0.47230	0.04191	0.01946	0.00955	0.00298	0.00609	0.01775	0.00711	0.00832
131	0.02548	0.02289	0.02039	0.01718	0.02159	0.19207	0.01344	0.25736	0.12176	0.05863	0.05380	0.02458	0.01889	0.07154	0.01145	0.00286	0.04085	0.00767	0.00661	0.01096
132	0.01129	0.00815	0.01069	0.01017	0.01204	0.00755	0.00771	0.01503	0.02227	0.03146	0.64111	0.06052	0.07358	0.01645	0.00942	0.00254	0.00389	0.03998	0.00867	0.00747
133	0.01676	0.01430	0.01520	0.01401	0.01786	0.01584	0.01089	0.03304	0.46030	0.03018	0.07625	0.04366	0.16651	0.01351	0.00854	0.00272	0.00570	0.03600	0.00792	0.01081
134	0.01122	0.00811	0.01060	0.00998	0.01185	0.00748	0.00748	0.01496	0.02245	0.03180	0.66766	0.05923	0.07482	0.01621	0.00935	0.00249	0.00374	0.01434	0.00873	0.00748
135	0.77733	0.01534	0.01166	0.01043	0.01534	0.01779	0.00859	0.02331	0.01350	0.03558	0.01104	0.01288	0.00859	0.00736	0.00491	0.00245	0.00613	0.00429	0.00491	0.00859
136	0.02120	0.72609	0.04155	0.01357	0.02035	0.03138	0.01357	0.02374	0.01611	0.01866	0.01102	0.01272	0.01018	0.00678	0.00509	0.00170	0.00848	0.00424	0.00339	0.01018
137	0.01153	0.00769	0.00865	0.00865	0.00865	0.00769	0.00480	0.01153	0.01153	0.01538	0.02499	0.05189	0.02883	0.72131	0.04036	0.00769	0.00769	0.01153	0.00480	0.00480
138	0.01644	0.01409	0.01644	0.01175	0.01879	0.01057	0.00940	0.01997	0.01644	0.02584	0.01409	0.01644	0.01175	0.00587	0.00587	0.00117	0.00587	0.00470	0.00470	0.76979
139	0.01590	0.04102	0.68023	0.02260	0.03432	0.01842	0.02930	0.02511	0.01674	0.02511	0.01423	0.01674	0.01005	0.00753	0.00753	0.00251	0.01172	0.00586	0.00335	0.01172
140	0.01616	0.07437	0.64914	0.02216	0.03364	0.01905	0.02853	0.02505	0.01671	0.02480	0.01407	0.01655	0.01005	0.00750	0.00741	0.00247	0.01156	0.00578	0.00335	0.01164
141	0.02120	0.72609	0.04155	0.01357	0.02035	0.03138	0.01357	0.02374	0.01611	0.01866	0.01102	0.01272	0.01018	0.00678	0.00509	0.00170	0.00848	0.00424	0.00339	0.01018
142	0.01133	0.00850	0.01274	0.01274	0.01416	0.00991	0.00991	0.01416	0.01274	0.01841	0.02124	0.03115	0.01982	0.05947	0.68989	0.01274	0.02124	0.00850	0.00425	0.00708
143	0.73354	0.01485	0.01152	0.01046	0.01512	0.01714	0.00852	0.02261	0.01359	0.03470	0.01291	0.05300	0.01109	0.00836	0.00520	0.00250	0.00605	0.00534	0.00505	0.00847
144	0.01032	0.04793	0.01105	0.01119	0.01201	0.00786	0.00772	0.01177	0.01524	0.02015	0.04184	0.67601	0.05004	0.02381	0.00983	0.00313	0.00482	0.02150	0.00713	0.00665
145	0.02090	0.68700	0.07799	0.01408	0.02115	0.03064	0.01447	0.02382	0.01615	0.01903	0.01121	0.01295	0.01017	0.00683	0.00523	0.00174	0.00867	0.00433	0.00339	0.01026
146	0.01581	0.07496	0.60848	0.02130	0.03224	0.01843	0.02715	0.02426	0.01679	0.02456	0.01783	0.01993	0.04762	0.00821	0.00751	0.00248	0.01111	0.00640	0.00358	0.01135

[dist]
# distance from previous block
# <min> <max>
0	2

# created by:
# /st0/software/busco_prod/Augustus/scripts/msa2prfl.pl ./align_prep/109244.fa
