[name]
unknown

[dist]
# distance from previous block
# <min> <max>
0	78

[block]
# block no. 0 follows, 24 sequences, length 14
# corresponding to MSA columns:
# 78-91
name=unknown_A
#
# <colnr> <probs for GDERKNQSTAVLIFYWHMCP>
#	G	D	E	R	K	N	Q	S	T	A	V	L	I	F	Y	W	H	M	C	P
0	0.01671	0.01387	0.01905	0.18094	0.04990	0.05000	0.06091	0.07153	0.01904	0.05737	0.10966	0.11130	0.04784	0.11050	0.01309	0.00336	0.00829	0.04216	0.00588	0.00861
1	0.01670	0.01271	0.01392	0.01326	0.01579	0.04866	0.01000	0.06925	0.16364	0.05244	0.09205	0.16895	0.06534	0.04503	0.01330	0.11048	0.00648	0.06655	0.00696	0.00850
2	0.05295	0.06623	0.01330	0.01100	0.01347	0.08828	0.00829	0.01616	0.01769	0.02257	0.15390	0.10080	0.22236	0.13283	0.01382	0.00340	0.00641	0.04297	0.00637	0.00718
3	0.01190	0.00883	0.01034	0.01026	0.01170	0.00849	0.00688	0.01500	0.06915	0.02124	0.10514	0.22714	0.08646	0.29059	0.02119	0.00463	0.00590	0.01443	0.00638	0.06436
4	0.01181	0.00776	0.00991	0.01030	0.01133	0.00729	0.00699	0.01362	0.01677	0.05388	0.21983	0.33242	0.05169	0.18931	0.01708	0.00405	0.00520	0.01681	0.00726	0.00669
5	0.00979	0.00701	0.00911	0.01072	0.01125	0.00654	0.00711	0.01109	0.01505	0.01994	0.04403	0.63730	0.07940	0.07604	0.01232	0.00353	0.00480	0.02146	0.00717	0.00633
6	0.07944	0.00907	0.00932	0.00900	0.01116	0.00947	0.00676	0.05841	0.01710	0.02930	0.02522	0.08085	0.02176	0.05182	0.04603	0.00296	0.00549	0.00855	0.51063	0.00766
7	0.02082	0.01486	0.01636	0.01376	0.01729	0.01594	0.01054	0.32908	0.02616	0.03573	0.07873	0.11796	0.02738	0.16516	0.01513	0.00360	0.00719	0.01065	0.06391	0.00977
8	0.01321	0.00786	0.01004	0.01054	0.01154	0.00749	0.00720	0.01438	0.01501	0.07520	0.05470	0.32967	0.03881	0.20545	0.01914	0.06067	0.00582	0.04919	0.05755	0.00653
9	0.02658	0.01180	0.01548	0.01285	0.01741	0.01065	0.01033	0.03072	0.05609	0.42315	0.12830	0.07501	0.05893	0.01253	0.00835	0.00254	0.00591	0.03399	0.04805	0.01131
10	0.19039	0.01117	0.01297	0.01153	0.01514	0.01094	0.00912	0.02311	0.01969	0.20914	0.26182	0.09686	0.04141	0.01346	0.00811	0.00259	0.00535	0.03993	0.00798	0.00929
11	0.27419	0.03935	0.01479	0.01205	0.01622	0.04368	0.00967	0.09454	0.02011	0.12067	0.14979	0.06244	0.02734	0.01079	0.00699	0.00240	0.00618	0.00837	0.07097	0.00946
12	0.04736	0.03772	0.01425	0.01164	0.01520	0.01077	0.00903	0.02515	0.05334	0.26684	0.10762	0.13027	0.06427	0.07771	0.01099	0.00297	0.00574	0.01123	0.08819	0.00969
13	0.08125	0.01594	0.01647	0.01402	0.01803	0.09506	0.01109	0.08215	0.05507	0.22125	0.17802	0.05724	0.03137	0.01173	0.00886	0.00247	0.04178	0.00933	0.03852	0.01036

[dist]
# distance from previous block
# <min> <max>
1	6

[block]
# block no. 1 follows, 24 sequences, length 29
# corresponding to MSA columns:
# 98-126
name=unknown_B
#
# <colnr> <probs for GDERKNQSTAVLIFYWHMCP>
#	G	D	E	R	K	N	Q	S	T	A	V	L	I	F	Y	W	H	M	C	P
0	0.04490	0.05366	0.09648	0.01701	0.05126	0.08501	0.01428	0.16750	0.04834	0.09577	0.02758	0.05942	0.10266	0.01067	0.00766	0.00230	0.00815	0.00847	0.00627	0.09261
1	0.04652	0.07421	0.31720	0.02715	0.18321	0.01869	0.06280	0.02613	0.05192	0.06540	0.04112	0.02025	0.01454	0.00795	0.00759	0.00243	0.00996	0.00683	0.00444	0.01163
2	0.01114	0.00834	0.01041	0.01032	0.01218	0.00782	0.00765	0.01511	0.05049	0.02816	0.42795	0.17531	0.15107	0.01817	0.00948	0.00269	0.00416	0.03393	0.00823	0.00743
3	0.01829	0.06447	0.05949	0.01837	0.05174	0.05853	0.06977	0.03143	0.33414	0.02779	0.03400	0.03488	0.11795	0.01144	0.00820	0.00259	0.00769	0.03177	0.00656	0.01090
4	0.01042	0.00731	0.00956	0.01079	0.01149	0.00679	0.00717	0.01146	0.01458	0.01962	0.03861	0.57473	0.04580	0.09281	0.01421	0.05134	0.00511	0.01965	0.00674	0.04182
5	0.08759	0.07036	0.32168	0.06781	0.13319	0.01994	0.06352	0.06164	0.01768	0.02671	0.01405	0.01735	0.01071	0.00783	0.00836	0.00250	0.04774	0.00625	0.00392	0.01117
6	0.04720	0.04684	0.01800	0.06300	0.05072	0.01290	0.01140	0.05659	0.01891	0.17708	0.06426	0.09863	0.02280	0.04864	0.00918	0.00242	0.00668	0.00873	0.00644	0.22959
7	0.02025	0.63826	0.08109	0.01394	0.02074	0.02909	0.01422	0.02330	0.01654	0.01987	0.05093	0.01579	0.01408	0.00740	0.00550	0.00180	0.00840	0.00496	0.00371	0.01011
8	0.01632	0.01843	0.08691	0.28812	0.14078	0.05781	0.06295	0.02122	0.01738	0.02299	0.05446	0.06179	0.04939	0.00950	0.00806	0.00248	0.00960	0.00853	0.00439	0.05888
9	0.01619	0.01388	0.01605	0.01171	0.01843	0.01071	0.00934	0.02035	0.04099	0.02588	0.01834	0.02015	0.04741	0.00682	0.00614	0.00131	0.00579	0.00551	0.00497	0.70003
10	0.01963	0.01422	0.01612	0.01380	0.01690	0.01548	0.01044	0.29392	0.02349	0.03167	0.02323	0.08786	0.02241	0.23672	0.13266	0.00581	0.01018	0.00996	0.00631	0.00918
11	0.01054	0.01001	0.06555	0.01212	0.01375	0.00771	0.00954	0.01296	0.01625	0.02206	0.10540	0.55106	0.05079	0.02233	0.00988	0.00311	0.00527	0.05747	0.00716	0.00704
12	0.04593	0.04799	0.02482	0.45237	0.07511	0.01823	0.05695	0.07806	0.01782	0.02389	0.01583	0.05281	0.01300	0.00933	0.00864	0.02819	0.00984	0.00768	0.00420	0.00931
13	0.01118	0.00836	0.01077	0.01097	0.03349	0.00771	0.00767	0.01436	0.02062	0.02852	0.49080	0.09532	0.15085	0.06088	0.01128	0.00288	0.00426	0.01470	0.00806	0.00732
14	0.02292	0.01926	0.10062	0.04667	0.12311	0.01580	0.16308	0.05614	0.01987	0.20928	0.02160	0.06524	0.01655	0.00896	0.00818	0.00244	0.00925	0.00849	0.00599	0.07655
15	0.01080	0.00817	0.01082	0.05520	0.01460	0.00772	0.00830	0.01347	0.01831	0.02496	0.28288	0.33824	0.11288	0.01938	0.00948	0.00279	0.00465	0.01728	0.00755	0.03252
16	0.04949	0.06034	0.02103	0.04809	0.02193	0.02006	0.01304	0.36787	0.02727	0.06914	0.02081	0.06864	0.01786	0.10349	0.03020	0.00340	0.03108	0.00850	0.00676	0.01100
17	0.08768	0.13177	0.14632	0.05335	0.02901	0.02025	0.19708	0.02233	0.01588	0.02335	0.01529	0.04392	0.01326	0.03835	0.04485	0.00327	0.09280	0.00758	0.00395	0.00972
18	0.02055	0.04621	0.09728	0.04591	0.10364	0.07019	0.01631	0.11688	0.23798	0.03112	0.06813	0.02467	0.02047	0.00941	0.00774	0.00239	0.00827	0.00771	0.00620	0.05896
19	0.03287	0.01342	0.01791	0.01390	0.01979	0.01178	0.01140	0.03688	0.05185	0.58932	0.06224	0.02829	0.02227	0.01002	0.00796	0.00242	0.00654	0.00821	0.00947	0.04346
20	0.01860	0.04908	0.18661	0.01836	0.04516	0.01775	0.04168	0.13496	0.16126	0.03081	0.09399	0.02841	0.05238	0.01286	0.03305	0.04093	0.00872	0.00847	0.00605	0.01087
21	0.01001	0.00729	0.00947	0.01081	0.01174	0.00675	0.00755	0.01188	0.01658	0.02207	0.12977	0.53551	0.11248	0.02310	0.00999	0.00310	0.00458	0.05312	0.00754	0.00665
22	0.01838	0.02424	0.19533	0.10873	0.18458	0.05877	0.05484	0.05802	0.05972	0.02550	0.01777	0.02499	0.01492	0.03758	0.01019	0.00280	0.04321	0.04518	0.00445	0.01082
23	0.01478	0.00739	0.00739	0.00739	0.00924	0.00739	0.00554	0.01848	0.01663	0.02956	0.02587	0.02956	0.02033	0.00924	0.00554	0.00185	0.00370	0.00739	0.76534	0.00739
24	0.01478	0.00739	0.00739	0.00739	0.00924	0.00739	0.00554	0.01848	0.01663	0.02956	0.02587	0.02956	0.02033	0.00924	0.00554	0.00185	0.00370	0.00739	0.76534	0.00739
25	0.01138	0.00828	0.01163	0.01163	0.01266	0.00931	0.00852	0.01344	0.01241	0.01758	0.02226	0.03681	0.02228	0.23989	0.51283	0.01137	0.01755	0.00932	0.00440	0.00646
26	0.02099	0.05299	0.02568	0.10313	0.19219	0.08477	0.04105	0.08690	0.22051	0.02846	0.02005	0.02200	0.01562	0.00894	0.00863	0.00250	0.04109	0.00743	0.00552	0.01154
27	0.20143	0.01846	0.01662	0.01429	0.01877	0.10935	0.01125	0.13910	0.13734	0.05594	0.08401	0.02365	0.02038	0.01038	0.00816	0.03755	0.00747	0.00716	0.03338	0.04534
28	0.08988	0.02029	0.05433	0.01915	0.09145	0.12515	0.01405	0.03192	0.23031	0.11460	0.02551	0.02543	0.05197	0.01032	0.00844	0.03121	0.00815	0.00763	0.00636	0.03383

[dist]
# distance from previous block
# <min> <max>
2	5

[block]
# block no. 2 follows, 24 sequences, length 11
# corresponding to MSA columns:
# 132-142
name=unknown_C
#
# <colnr> <probs for GDERKNQSTAVLIFYWHMCP>
#	G	D	E	R	K	N	Q	S	T	A	V	L	I	F	Y	W	H	M	C	P
0	0.05662	0.13034	0.09870	0.01928	0.05528	0.17374	0.04213	0.10886	0.04735	0.05179	0.01665	0.04411	0.01402	0.03539	0.00919	0.00247	0.03986	0.00679	0.00498	0.04244
1	0.01786	0.01119	0.01360	0.01179	0.01496	0.01071	0.00886	0.07491	0.06307	0.13567	0.24897	0.09019	0.04176	0.13696	0.01407	0.00333	0.00578	0.01154	0.00765	0.07714
2	0.01839	0.01677	0.01964	0.08424	0.05234	0.05308	0.03995	0.07183	0.29117	0.02812	0.03233	0.03340	0.11664	0.03940	0.01091	0.00287	0.06247	0.00949	0.00646	0.01051
3	0.01377	0.00689	0.01033	0.01033	0.01033	0.00689	0.00689	0.01033	0.01033	0.01377	0.01377	0.02410	0.01377	0.02755	0.03099	0.76928	0.00689	0.00689	0.00344	0.00344
4	0.01291	0.01071	0.04738	0.01085	0.01375	0.00888	0.00885	0.01683	0.05229	0.06795	0.20717	0.08586	0.27414	0.07357	0.04011	0.00349	0.00587	0.04421	0.00735	0.00782
5	0.05844	0.01505	0.02301	0.16566	0.29618	0.01624	0.01806	0.02218	0.05978	0.02563	0.06929	0.06275	0.04792	0.01007	0.00866	0.00253	0.03727	0.00882	0.04222	0.01022
6	0.01894	0.01786	0.02158	0.19800	0.02999	0.10333	0.05623	0.11278	0.07441	0.02598	0.04617	0.09114	0.02006	0.04327	0.04154	0.00332	0.07146	0.00917	0.00532	0.00944
7	0.01659	0.03939	0.01595	0.06878	0.01903	0.04105	0.01079	0.06752	0.06267	0.06242	0.17434	0.08565	0.09364	0.06902	0.01155	0.00288	0.03309	0.03469	0.00668	0.08426
8	0.05139	0.01657	0.02018	0.09893	0.04864	0.06377	0.04076	0.09276	0.03924	0.05881	0.01947	0.02860	0.01701	0.01079	0.00985	0.03347	0.05476	0.09000	0.00541	0.19957
9	0.09017	0.02329	0.07080	0.05190	0.04763	0.19893	0.01441	0.09017	0.12138	0.07724	0.02480	0.02631	0.07655	0.04159	0.00902	0.00264	0.00933	0.00768	0.00586	0.01030
10	0.13495	0.04635	0.02081	0.06919	0.10465	0.05190	0.01415	0.15121	0.10753	0.11449	0.06499	0.02502	0.04206	0.00962	0.00749	0.00243	0.00776	0.00766	0.00657	0.01119

[dist]
# distance from previous block
# <min> <max>
12	23

[block]
# block no. 3 follows, 24 sequences, length 29
# corresponding to MSA columns:
# 168-196
name=unknown_D
#
# <colnr> <probs for GDERKNQSTAVLIFYWHMCP>
#	G	D	E	R	K	N	Q	S	T	A	V	L	I	F	Y	W	H	M	C	P
0	0.01835	0.04788	0.13471	0.07411	0.08692	0.11074	0.05112	0.06256	0.08486	0.02597	0.09097	0.06880	0.05510	0.04196	0.00951	0.00271	0.00918	0.00917	0.00540	0.00998
1	0.06790	0.07889	0.06509	0.05940	0.11533	0.08223	0.04739	0.10058	0.04396	0.13180	0.01892	0.02259	0.01473	0.01043	0.02823	0.00271	0.03482	0.03143	0.00563	0.03797
2	0.18834	0.18470	0.05759	0.03606	0.02272	0.14761	0.04542	0.08508	0.01949	0.04900	0.04557	0.01750	0.01382	0.00802	0.00648	0.00215	0.00913	0.00576	0.00487	0.05069
3	0.33965	0.04240	0.02173	0.02375	0.19961	0.09595	0.04214	0.04640	0.04330	0.03030	0.03742	0.01785	0.01328	0.00786	0.00657	0.00237	0.00839	0.00603	0.00482	0.01019
4	0.01534	0.01581	0.08628	0.02082	0.13895	0.01366	0.04869	0.02290	0.14485	0.02731	0.19961	0.06070	0.08486	0.01353	0.01036	0.06276	0.00693	0.01068	0.00633	0.00962
5	0.05021	0.01792	0.02350	0.02450	0.15476	0.06770	0.06038	0.08880	0.06879	0.02644	0.02154	0.06928	0.03985	0.01422	0.04555	0.00329	0.15943	0.04855	0.00520	0.01009
6	0.01478	0.00739	0.00739	0.00739	0.00924	0.00739	0.00554	0.01848	0.01663	0.02956	0.02587	0.02956	0.02033	0.00924	0.00554	0.00185	0.00370	0.00739	0.76534	0.00739
7	0.22338	0.01846	0.05481	0.01560	0.02003	0.01988	0.01331	0.24479	0.02259	0.03573	0.06645	0.02194	0.01715	0.04286	0.03143	0.00313	0.12522	0.00708	0.00594	0.01024
8	0.01765	0.01437	0.01645	0.01440	0.01828	0.01544	0.03304	0.13033	0.26948	0.03209	0.12158	0.06163	0.14360	0.03889	0.00981	0.00284	0.00625	0.03586	0.00770	0.01029
9	0.00966	0.00690	0.00920	0.01104	0.01150	0.00644	0.00736	0.01104	0.01518	0.02024	0.04371	0.71614	0.05245	0.02484	0.01012	0.00322	0.00460	0.02254	0.00736	0.00644
10	0.01733	0.01746	0.05221	0.01896	0.07550	0.05209	0.04556	0.02842	0.27496	0.02716	0.07982	0.03538	0.12027	0.03153	0.01115	0.00282	0.08272	0.00988	0.00642	0.01035
11	0.01046	0.00747	0.00873	0.00938	0.01005	0.00706	0.00594	0.01133	0.01406	0.01824	0.04205	0.29219	0.15768	0.34215	0.02380	0.00516	0.00590	0.01642	0.00619	0.00574
12	0.01930	0.06295	0.02755	0.12810	0.19579	0.07511	0.10643	0.05003	0.06938	0.04592	0.02130	0.05993	0.04439	0.01201	0.04459	0.00302	0.01029	0.00854	0.00489	0.01050
13	0.02503	0.06550	0.07081	0.02197	0.07949	0.21515	0.06549	0.20470	0.05815	0.03079	0.01599	0.01772	0.01234	0.00817	0.00746	0.00219	0.01058	0.00636	0.00534	0.07679
14	0.01425	0.00916	0.01169	0.01075	0.01322	0.00857	0.00816	0.01880	0.05925	0.10267	0.49348	0.09002	0.09722	0.01585	0.00917	0.00255	0.00429	0.01389	0.00866	0.00835
15	0.02044	0.02097	0.07861	0.13465	0.13408	0.06492	0.18441	0.07881	0.07044	0.06567	0.05351	0.02310	0.01660	0.00838	0.00830	0.00252	0.01038	0.00805	0.00513	0.01103
16	0.01183	0.01157	0.06569	0.01498	0.04826	0.00919	0.04420	0.01470	0.01654	0.02280	0.10945	0.43495	0.04451	0.04070	0.01040	0.00305	0.00602	0.03695	0.00664	0.04760
17	0.02423	0.08516	0.08919	0.01950	0.05601	0.36816	0.01564	0.07155	0.04760	0.02370	0.02013	0.02158	0.06589	0.00918	0.00725	0.00217	0.01119	0.00660	0.04543	0.00984
18	0.02162	0.58288	0.03784	0.01502	0.02081	0.09564	0.01414	0.02403	0.01632	0.01878	0.01108	0.01337	0.01020	0.00767	0.00751	0.00192	0.08315	0.00461	0.00347	0.00992
19	0.02200	0.01733	0.01906	0.05104	0.02270	0.01952	0.01332	0.18986	0.39068	0.06190	0.03067	0.03072	0.05296	0.01110	0.00818	0.00263	0.00705	0.02931	0.00781	0.01217
20	0.71777	0.01581	0.01441	0.01223	0.01739	0.01797	0.05840	0.02347	0.01391	0.03478	0.01143	0.01355	0.00886	0.00731	0.00526	0.00247	0.00670	0.00469	0.00484	0.00875
21	0.01044	0.00740	0.00977	0.01121	0.01182	0.00718	0.00778	0.01198	0.01485	0.01980	0.03921	0.49260	0.04594	0.13656	0.05504	0.00454	0.00641	0.09438	0.00677	0.00633
22	0.01133	0.00850	0.01274	0.01274	0.01416	0.00991	0.00991	0.01416	0.01274	0.01841	0.02124	0.03115	0.01982	0.05947	0.68989	0.01274	0.02124	0.00850	0.00425	0.00708
23	0.01723	0.01792	0.03615	0.21276	0.04131	0.01833	0.39129	0.02272	0.01719	0.02337	0.01563	0.02167	0.01203	0.00844	0.01049	0.04081	0.03731	0.00843	0.03733	0.00960
24	0.01478	0.00739	0.00739	0.00739	0.00924	0.00739	0.00554	0.01848	0.01663	0.02956	0.02587	0.02956	0.02033	0.00924	0.00554	0.00185	0.00370	0.00739	0.76534	0.00739
25	0.01508	0.01121	0.01624	0.04241	0.09168	0.01142	0.03408	0.06554	0.01821	0.05782	0.11693	0.29936	0.03778	0.04229	0.03528	0.04361	0.03179	0.01443	0.00653	0.00833
26	0.00984	0.00707	0.00915	0.01065	0.01127	0.00659	0.00711	0.01126	0.01539	0.02044	0.07014	0.60437	0.08799	0.07361	0.01219	0.00348	0.00475	0.02108	0.00724	0.00638
27	0.05219	0.02891	0.02351	0.11400	0.12174	0.40826	0.01722	0.02873	0.05511	0.02179	0.01385	0.01692	0.01132	0.00838	0.00828	0.00229	0.04759	0.00592	0.00421	0.00977
28	0.11403	0.14163	0.06071	0.01890	0.06618	0.07274	0.01531	0.06792	0.07370	0.05747	0.01545	0.01839	0.01270	0.01253	0.05180	0.00316	0.17609	0.00630	0.00478	0.01022

[dist]
# distance from previous block
# <min> <max>
0	5

[block]
# block no. 4 follows, 24 sequences, length 16
# corresponding to MSA columns:
# 202-217
name=unknown_E
#
# <colnr> <probs for GDERKNQSTAVLIFYWHMCP>
#	G	D	E	R	K	N	Q	S	T	A	V	L	I	F	Y	W	H	M	C	P
0	0.06161	0.03949	0.06214	0.05688	0.12552	0.04185	0.01566	0.14195	0.07429	0.06298	0.01845	0.02293	0.01493	0.01173	0.02915	0.05569	0.03351	0.03163	0.00550	0.09411
1	0.01405	0.04933	0.03519	0.03394	0.01745	0.01249	0.04908	0.06011	0.04209	0.02621	0.21370	0.14860	0.10831	0.07585	0.01261	0.00314	0.04375	0.03920	0.00674	0.00816
2	0.01226	0.01060	0.03560	0.01184	0.01313	0.03800	0.00881	0.01390	0.01404	0.01886	0.06155	0.17183	0.05656	0.21817	0.20793	0.04640	0.03645	0.01232	0.00526	0.00648
3	0.02422	0.01927	0.02046	0.01705	0.02233	0.02182	0.01364	0.30238	0.38996	0.04042	0.02657	0.02504	0.01958	0.01022	0.00801	0.00256	0.00733	0.00818	0.00801	0.01295
4	0.01677	0.01605	0.02175	0.01821	0.01994	0.02021	0.01504	0.01899	0.01318	0.02061	0.01193	0.01799	0.01130	0.01483	0.06225	0.00351	0.50165	0.00651	0.00380	0.18547
5	0.77733	0.01534	0.01166	0.01043	0.01534	0.01779	0.00859	0.02331	0.01350	0.03558	0.01104	0.01288	0.00859	0.00736	0.00491	0.00245	0.00613	0.00429	0.00491	0.00859
6	0.01972	0.01703	0.01793	0.01614	0.02062	0.01972	0.01255	0.04214	0.65752	0.03317	0.03228	0.02959	0.02421	0.01076	0.00807	0.00269	0.00628	0.00897	0.00807	0.01255
7	0.01139	0.00825	0.01148	0.01148	0.01246	0.00923	0.00834	0.01335	0.01237	0.01747	0.02239	0.03754	0.02260	0.26332	0.48984	0.01119	0.01707	0.00943	0.00442	0.00638
8	0.01008	0.00720	0.00968	0.01151	0.01216	0.00680	0.00808	0.01176	0.01559	0.02071	0.04348	0.63288	0.05154	0.02445	0.01023	0.00328	0.00496	0.10172	0.00735	0.00656
9	0.01839	0.01997	0.03951	0.05833	0.11055	0.02071	0.41662	0.02376	0.01715	0.02394	0.01466	0.02033	0.01170	0.00828	0.01262	0.00280	0.15791	0.00850	0.00387	0.01042
10	0.01094	0.00809	0.01021	0.00968	0.01167	0.00736	0.00726	0.01442	0.02178	0.03021	0.57778	0.06185	0.16570	0.01680	0.00936	0.00252	0.00378	0.01471	0.00852	0.00736
11	0.01267	0.00929	0.01274	0.01236	0.01385	0.01051	0.00931	0.05732	0.01421	0.02002	0.02179	0.03420	0.02107	0.18011	0.52094	0.01108	0.01783	0.00897	0.00461	0.00710
12	0.01827	0.02291	0.15209	0.11308	0.28090	0.06649	0.05501	0.02523	0.07552	0.02522	0.04333	0.05230	0.01693	0.00880	0.00801	0.00249	0.00984	0.00796	0.00450	0.01113
13	0.01659	0.01452	0.01803	0.05081	0.05434	0.01283	0.01154	0.02144	0.06274	0.02542	0.01626	0.04296	0.01400	0.00763	0.00779	0.00165	0.05476	0.00605	0.00485	0.55580
14	0.01230	0.00908	0.01136	0.01187	0.01380	0.00878	0.00927	0.05950	0.01956	0.02581	0.16644	0.24799	0.15949	0.02041	0.00993	0.00305	0.00541	0.19086	0.00765	0.00744
15	0.01710	0.02874	0.36890	0.07434	0.09951	0.01766	0.04596	0.02379	0.01704	0.05800	0.04101	0.02473	0.01582	0.00956	0.00986	0.00268	0.08105	0.04910	0.00426	0.01088

[dist]
# distance from previous block
# <min> <max>
0	1

[block]
# block no. 5 follows, 24 sequences, length 34
# corresponding to MSA columns:
# 219-252
name=unknown_F
#
# <colnr> <probs for GDERKNQSTAVLIFYWHMCP>
#	G	D	E	R	K	N	Q	S	T	A	V	L	I	F	Y	W	H	M	C	P
0	0.01487	0.01238	0.01382	0.03597	0.01730	0.01339	0.01029	0.02655	0.31669	0.02701	0.06684	0.13128	0.16951	0.04851	0.01037	0.00305	0.00578	0.05946	0.00749	0.00946
1	0.00991	0.00795	0.00891	0.00957	0.01143	0.00713	0.00683	0.01251	0.04312	0.02143	0.06373	0.32997	0.39610	0.02160	0.00962	0.00290	0.00434	0.01874	0.00739	0.00683
2	0.05735	0.19889	0.02678	0.01942	0.05134	0.44416	0.01489	0.02961	0.05052	0.02083	0.01298	0.01482	0.01091	0.00788	0.00664	0.00202	0.01199	0.00514	0.00414	0.00971
3	0.00968	0.00738	0.00893	0.01013	0.01142	0.00663	0.00710	0.01137	0.01632	0.02079	0.05648	0.46746	0.26816	0.02306	0.00989	0.00305	0.00450	0.04372	0.00736	0.00656
4	0.02934	0.02330	0.02373	0.01938	0.04603	0.08413	0.01531	0.54587	0.05947	0.04576	0.01881	0.01904	0.01358	0.00936	0.00786	0.00236	0.00916	0.00702	0.00746	0.01303
5	0.01590	0.04102	0.68023	0.02260	0.03432	0.01842	0.02930	0.02511	0.01674	0.02511	0.01423	0.01674	0.01005	0.00753	0.00753	0.00251	0.01172	0.00586	0.00335	0.01172
6	0.12516	0.01906	0.02161	0.13741	0.04728	0.02162	0.01535	0.35113	0.11590	0.03982	0.01883	0.02007	0.01379	0.00905	0.00755	0.00248	0.00838	0.00700	0.00666	0.01186
7	0.02202	0.04685	0.01857	0.01520	0.01980	0.01793	0.01204	0.06463	0.43772	0.13496	0.06975	0.02963	0.02518	0.01133	0.00883	0.03035	0.00642	0.00878	0.00801	0.01199
8	0.01963	0.01884	0.03219	0.04867	0.67185	0.01884	0.02434	0.02434	0.01806	0.02591	0.01492	0.01963	0.01256	0.00707	0.00785	0.00236	0.00942	0.00707	0.00393	0.01256
9	0.02962	0.03779	0.02247	0.02043	0.02451	0.68948	0.01532	0.03166	0.02247	0.01941	0.01226	0.01430	0.01021	0.00817	0.00715	0.00204	0.01430	0.00511	0.00409	0.00919
10	0.07160	0.01912	0.02394	0.06703	0.20615	0.05176	0.01713	0.19656	0.08325	0.06639	0.04634	0.02173	0.01634	0.00932	0.00926	0.00251	0.06662	0.00735	0.00594	0.01168
11	0.00940	0.00794	0.00813	0.00828	0.01078	0.00667	0.00614	0.01135	0.01783	0.02132	0.07729	0.12951	0.61740	0.02048	0.00943	0.00272	0.00407	0.01722	0.00736	0.00667
12	0.00958	0.00721	0.00888	0.01022	0.01129	0.00651	0.00700	0.01113	0.01597	0.02056	0.05367	0.54201	0.22014	0.02355	0.00992	0.00307	0.00444	0.02096	0.00736	0.00651
13	0.01634	0.01363	0.01499	0.01405	0.01760	0.01500	0.01104	0.03115	0.40582	0.03032	0.13058	0.04725	0.11432	0.01411	0.00878	0.00278	0.00576	0.08806	0.00798	0.01043
14	0.02794	0.01238	0.01606	0.01319	0.01789	0.01130	0.01043	0.03243	0.08144	0.45571	0.05604	0.08991	0.05519	0.06918	0.01088	0.00297	0.00637	0.01019	0.00889	0.01160
15	0.01627	0.03849	0.59852	0.02400	0.03524	0.01863	0.10847	0.02515	0.01700	0.02515	0.01446	0.01734	0.01030	0.00742	0.00777	0.00253	0.01193	0.00631	0.00343	0.01159
16	0.71566	0.01518	0.01222	0.01073	0.01574	0.01728	0.00884	0.02459	0.01426	0.08894	0.01272	0.01405	0.00951	0.00757	0.00516	0.00245	0.00619	0.00460	0.00532	0.00900
17	0.01057	0.00811	0.00955	0.00938	0.01147	0.00727	0.00705	0.01335	0.01967	0.02592	0.34232	0.06782	0.31735	0.06272	0.01142	0.00297	0.00433	0.05392	0.00782	0.00697
18	0.01001	0.00721	0.00927	0.01077	0.01145	0.00675	0.00733	0.01144	0.01525	0.02007	0.04481	0.55997	0.10095	0.09266	0.01308	0.00364	0.00502	0.05687	0.00711	0.00635
19	0.00966	0.00690	0.00920	0.01104	0.01150	0.00644	0.00736	0.01104	0.01518	0.02024	0.04371	0.71614	0.05245	0.02484	0.01012	0.00322	0.00460	0.02254	0.00736	0.00644
20	0.01038	0.00739	0.00989	0.01163	0.01234	0.00704	0.00831	0.01214	0.01561	0.02069	0.04240	0.55684	0.04987	0.06010	0.01184	0.00354	0.00530	0.14095	0.00722	0.00653
21	0.01032	0.00729	0.00958	0.01116	0.01173	0.00695	0.00769	0.01179	0.01507	0.02001	0.04089	0.54454	0.04831	0.12106	0.01442	0.00389	0.00537	0.09659	0.00700	0.00632
22	0.05581	0.00818	0.00840	0.00814	0.01036	0.00817	0.00618	0.01970	0.01679	0.07103	0.02623	0.05892	0.02109	0.00987	0.00587	0.00198	0.00406	0.00794	0.64350	0.00780
23	0.01113	0.00803	0.01052	0.01004	0.01183	0.00742	0.00747	0.01473	0.02201	0.03110	0.63008	0.09880	0.07347	0.01673	0.00940	0.00254	0.00379	0.01483	0.00865	0.00742
24	0.01011	0.00754	0.00950	0.01078	0.01203	0.00693	0.00781	0.01207	0.01666	0.02158	0.08292	0.44452	0.19798	0.02288	0.01002	0.00312	0.00480	0.10465	0.00742	0.00667
25	0.04959	0.00795	0.00941	0.01014	0.01164	0.00745	0.00724	0.01267	0.01693	0.02311	0.15146	0.35310	0.20254	0.05770	0.01117	0.00318	0.00468	0.04599	0.00732	0.00674
26	0.01650	0.01430	0.01695	0.01233	0.01892	0.01145	0.00991	0.01991	0.01617	0.02541	0.01386	0.01650	0.01166	0.00639	0.00717	0.00132	0.05084	0.00484	0.00462	0.72096
27	0.40055	0.01839	0.01753	0.01418	0.01980	0.02061	0.01170	0.30845	0.02481	0.07260	0.01566	0.01637	0.01135	0.00846	0.00644	0.00242	0.00735	0.00577	0.00652	0.01106
28	0.02299	0.01425	0.01638	0.01407	0.01846	0.01498	0.01103	0.05587	0.31937	0.21716	0.08071	0.03331	0.04610	0.04763	0.00970	0.00281	0.00617	0.00932	0.04807	0.01162
29	0.01748	0.01183	0.01414	0.01355	0.01688	0.01196	0.01109	0.07607	0.13115	0.10993	0.04515	0.09460	0.16748	0.01715	0.00944	0.00300	0.00634	0.22558	0.00782	0.00935
30	0.01000	0.00725	0.00953	0.01123	0.01201	0.00677	0.00789	0.01170	0.01576	0.02074	0.04632	0.59391	0.09906	0.02414	0.01016	0.00323	0.00487	0.09153	0.00735	0.00656
31	0.00961	0.00711	0.00898	0.01048	0.01135	0.00649	0.00711	0.01111	0.01572	0.02046	0.05056	0.59635	0.16781	0.02395	0.00998	0.00312	0.00449	0.02146	0.00736	0.00649
32	0.05976	0.00933	0.01088	0.03917	0.04284	0.00974	0.00755	0.03506	0.01509	0.02376	0.05133	0.03796	0.02450	0.30353	0.05193	0.00488	0.00700	0.00922	0.24958	0.00688
33	0.01958	0.01896	0.03286	0.04797	0.64264	0.01890	0.05300	0.02439	0.01809	0.02588	0.01497	0.01971	0.01254	0.00705	0.00792	0.00237	0.00960	0.00717	0.00393	0.01247

[dist]
# distance from previous block
# <min> <max>
0	1

[block]
# block no. 6 follows, 24 sequences, length 6
# corresponding to MSA columns:
# 254-259
name=unknown_G
#
# <colnr> <probs for GDERKNQSTAVLIFYWHMCP>
#	G	D	E	R	K	N	Q	S	T	A	V	L	I	F	Y	W	H	M	C	P
0	0.02829	0.02176	0.02328	0.02042	0.07861	0.07029	0.01531	0.42889	0.11197	0.08866	0.02076	0.02065	0.01497	0.00939	0.00789	0.00240	0.00873	0.00728	0.00747	0.01298
1	0.02049	0.02110	0.02939	0.14338	0.47649	0.12404	0.02257	0.02487	0.01842	0.02403	0.01437	0.01902	0.01189	0.00737	0.00775	0.00235	0.01036	0.00675	0.00389	0.01146
2	0.08361	0.05455	0.02719	0.22643	0.19646	0.06766	0.06403	0.06094	0.03861	0.02531	0.01447	0.01899	0.01157	0.00822	0.00909	0.00252	0.06900	0.00676	0.00422	0.01036
3	0.01524	0.01749	0.11555	0.01948	0.02395	0.01452	0.16776	0.07201	0.01843	0.02545	0.07089	0.28647	0.03140	0.01517	0.01059	0.00288	0.06397	0.01383	0.00581	0.00908
4	0.02321	0.02475	0.02141	0.02064	0.07986	0.29054	0.01489	0.12332	0.02184	0.02542	0.04623	0.02434	0.07089	0.01416	0.05940	0.00318	0.11370	0.00749	0.00508	0.00967
5	0.01747	0.03072	0.35632	0.09601	0.11389	0.06286	0.13074	0.02461	0.01776	0.02465	0.04029	0.01985	0.01331	0.00776	0.00797	0.00250	0.01146	0.00701	0.00381	0.01102

[dist]
# distance from previous block
# <min> <max>
4	9

[block]
# block no. 7 follows, 24 sequences, length 16
# corresponding to MSA columns:
# 269-284
name=unknown_H
#
# <colnr> <probs for GDERKNQSTAVLIFYWHMCP>
#	G	D	E	R	K	N	Q	S	T	A	V	L	I	F	Y	W	H	M	C	P
0	0.14488	0.02057	0.07768	0.06403	0.36352	0.04980	0.04442	0.02629	0.08413	0.02763	0.01592	0.01921	0.01271	0.00761	0.00739	0.00243	0.00916	0.00671	0.00447	0.01144
1	0.01725	0.01782	0.08390	0.12509	0.26177	0.01598	0.10931	0.02217	0.01776	0.05114	0.02371	0.07715	0.04923	0.01082	0.00864	0.00268	0.00942	0.08086	0.00486	0.01044
2	0.01630	0.03849	0.60299	0.02491	0.07695	0.01853	0.06220	0.02508	0.01694	0.02518	0.01437	0.01718	0.01032	0.00746	0.00765	0.00251	0.01166	0.00613	0.00342	0.01172
3	0.01687	0.03974	0.63553	0.02231	0.03366	0.01884	0.02833	0.06735	0.01814	0.02681	0.01456	0.01690	0.01028	0.00767	0.00756	0.00250	0.01152	0.00595	0.00366	0.01184
4	0.01590	0.04102	0.68023	0.02260	0.03432	0.01842	0.02930	0.02511	0.01674	0.02511	0.01423	0.01674	0.01005	0.00753	0.00753	0.00251	0.01172	0.00586	0.00335	0.01172
5	0.02962	0.03779	0.02247	0.02043	0.02451	0.68948	0.01532	0.03166	0.02247	0.01941	0.01226	0.01430	0.01021	0.00817	0.00715	0.00204	0.01430	0.00511	0.00409	0.00919
6	0.00937	0.00803	0.00803	0.00803	0.01071	0.00669	0.00602	0.01138	0.01807	0.02142	0.08033	0.07632	0.66863	0.02008	0.00937	0.00268	0.00402	0.01674	0.00736	0.00669
7	0.01133	0.00850	0.01274	0.01274	0.01416	0.00991	0.00991	0.01416	0.01274	0.01841	0.02124	0.03115	0.01982	0.05947	0.68989	0.01274	0.02124	0.00850	0.00425	0.00708
8	0.01735	0.03091	0.35398	0.02817	0.03799	0.01926	0.34540	0.02526	0.01776	0.02526	0.01516	0.01914	0.01107	0.00710	0.00847	0.00259	0.01257	0.00766	0.00369	0.01119
9	0.77733	0.01534	0.01166	0.01043	0.01534	0.01779	0.00859	0.02331	0.01350	0.03558	0.01104	0.01288	0.00859	0.00736	0.00491	0.00245	0.00613	0.00429	0.00491	0.00859
10	0.00966	0.00690	0.00920	0.01104	0.01150	0.00644	0.00736	0.01104	0.01518	0.02024	0.04371	0.71614	0.05245	0.02484	0.01012	0.00322	0.00460	0.02254	0.00736	0.00644
11	0.02909	0.08165	0.02369	0.01999	0.02425	0.64755	0.01521	0.03116	0.02207	0.01936	0.01218	0.01420	0.01021	0.00808	0.00702	0.00202	0.01393	0.00505	0.00404	0.00926
12	0.00964	0.00697	0.00913	0.01085	0.01145	0.00646	0.00728	0.01106	0.01536	0.02032	0.04601	0.67584	0.09125	0.02454	0.01007	0.00319	0.00456	0.02218	0.00736	0.00646
13	0.02022	0.59938	0.15968	0.01524	0.02294	0.02898	0.01648	0.02400	0.01623	0.01985	0.01162	0.01346	0.01015	0.00692	0.00554	0.00185	0.00908	0.00454	0.00338	0.01046
14	0.01915	0.46024	0.28940	0.01707	0.02577	0.02635	0.01967	0.02428	0.01636	0.02116	0.01227	0.01428	0.01013	0.00708	0.00604	0.00201	0.00974	0.00487	0.00338	0.01078
15	0.01478	0.00739	0.00739	0.00739	0.00924	0.00739	0.00554	0.01848	0.01663	0.02956	0.02587	0.02956	0.02033	0.00924	0.00554	0.00185	0.00370	0.00739	0.76534	0.00739

[dist]
# distance from previous block
# <min> <max>
0	1

[block]
# block no. 8 follows, 24 sequences, length 21
# corresponding to MSA columns:
# 286-306
name=unknown_I
#
# <colnr> <probs for GDERKNQSTAVLIFYWHMCP>
#	G	D	E	R	K	N	Q	S	T	A	V	L	I	F	Y	W	H	M	C	P
0	0.02673	0.02087	0.08493	0.01707	0.02356	0.01975	0.01495	0.31080	0.15944	0.15653	0.02322	0.02227	0.01637	0.00941	0.00780	0.00239	0.00797	0.00739	0.00765	0.06088
1	0.02476	0.01533	0.01862	0.01737	0.06130	0.01607	0.01300	0.03790	0.34807	0.25742	0.03155	0.03245	0.02344	0.01101	0.00823	0.00266	0.00671	0.05326	0.00836	0.01250
2	0.01133	0.00850	0.01274	0.01274	0.01416	0.00991	0.00991	0.01416	0.01274	0.01841	0.02124	0.03115	0.01982	0.05947	0.68989	0.01274	0.02124	0.00850	0.00425	0.00708
3	0.01988	0.48265	0.03562	0.01606	0.02051	0.02894	0.01487	0.02214	0.01475	0.01880	0.01081	0.01431	0.01026	0.00922	0.01228	0.00231	0.24834	0.00517	0.00342	0.00966
4	0.01866	0.07478	0.09914	0.03106	0.03930	0.02075	0.54572	0.02526	0.01836	0.02488	0.01552	0.02037	0.01173	0.00676	0.00889	0.00259	0.01287	0.00869	0.00391	0.01074
5	0.00949	0.00793	0.00828	0.00842	0.01085	0.00671	0.00623	0.01153	0.01802	0.02184	0.10666	0.13762	0.57853	0.02035	0.00944	0.00272	0.00406	0.01718	0.00743	0.00671
6	0.01753	0.03011	0.35720	0.02497	0.03420	0.01853	0.23870	0.06992	0.01941	0.02760	0.06961	0.02206	0.01638	0.00811	0.00835	0.00256	0.01141	0.00787	0.00436	0.01114
7	0.01521	0.01441	0.02383	0.63604	0.05133	0.01827	0.02157	0.02015	0.01550	0.02015	0.01374	0.02077	0.01056	0.00851	0.00969	0.00272	0.07822	0.00704	0.00352	0.00880
8	0.02632	0.01972	0.02137	0.01691	0.02258	0.02143	0.01371	0.48942	0.08530	0.04399	0.02219	0.08747	0.01804	0.01085	0.00801	0.00240	0.00792	0.00862	0.00766	0.06608
9	0.01768	0.01936	0.03732	0.02953	0.08098	0.04474	0.43235	0.02292	0.01799	0.02404	0.02167	0.09876	0.04913	0.00986	0.01030	0.00273	0.05548	0.01067	0.00450	0.00998
10	0.18503	0.05795	0.01803	0.01367	0.01803	0.01421	0.06639	0.02478	0.07845	0.14015	0.25804	0.03458	0.03663	0.01124	0.00776	0.00246	0.00617	0.00949	0.00725	0.00966
11	0.01913	0.02126	0.03610	0.02751	0.03239	0.08604	0.36206	0.02369	0.01700	0.02277	0.01485	0.02191	0.01257	0.00965	0.01445	0.00290	0.23158	0.03039	0.00397	0.00979
12	0.59482	0.01615	0.04634	0.01159	0.01651	0.01713	0.01002	0.06114	0.01522	0.03425	0.01320	0.01572	0.01042	0.01193	0.06228	0.00328	0.00773	0.00504	0.03836	0.00887
13	0.01710	0.01503	0.02190	0.01620	0.02274	0.01252	0.13331	0.02188	0.04514	0.04714	0.01831	0.07659	0.01600	0.00796	0.00707	0.00175	0.00728	0.00739	0.00510	0.49959
14	0.01133	0.00850	0.01274	0.01274	0.01416	0.00991	0.00991	0.01416	0.01274	0.01841	0.02124	0.03115	0.01982	0.05947	0.68989	0.01274	0.02124	0.00850	0.00425	0.00708
15	0.01769	0.02793	0.26260	0.02916	0.03809	0.01968	0.40514	0.02502	0.01775	0.02502	0.01517	0.01962	0.01128	0.00730	0.00948	0.00265	0.04366	0.00805	0.00376	0.01096
16	0.02120	0.72609	0.04155	0.01357	0.02035	0.03138	0.01357	0.02374	0.01611	0.01866	0.01102	0.01272	0.01018	0.00678	0.00509	0.00170	0.00848	0.00424	0.00339	0.01018
17	0.01122	0.00811	0.01060	0.00998	0.01185	0.00748	0.00748	0.01496	0.02245	0.03180	0.66766	0.05923	0.07482	0.01621	0.00935	0.00249	0.00374	0.01434	0.00873	0.00748
18	0.34538	0.03431	0.01389	0.03711	0.01690	0.01453	0.00942	0.05236	0.01760	0.16156	0.04013	0.02303	0.03692	0.00900	0.00618	0.00232	0.00599	0.00658	0.15728	0.00951
19	0.02783	0.03238	0.02134	0.01908	0.02332	0.51343	0.01450	0.09417	0.09455	0.02454	0.01586	0.01725	0.01261	0.00865	0.00725	0.00214	0.01231	0.00586	0.04301	0.00991
20	0.04715	0.01379	0.01344	0.01279	0.01587	0.09816	0.01001	0.02318	0.08080	0.11734	0.08215	0.11711	0.11855	0.01489	0.00845	0.00265	0.00656	0.10777	0.10050	0.00883

[dist]
# distance from previous block
# <min> <max>
1	11

[block]
# block no. 9 follows, 24 sequences, length 7
# corresponding to MSA columns:
# 318-324
name=unknown_J
#
# <colnr> <probs for GDERKNQSTAVLIFYWHMCP>
#	G	D	E	R	K	N	Q	S	T	A	V	L	I	F	Y	W	H	M	C	P
0	0.01922	0.29368	0.39771	0.01867	0.02817	0.02277	0.02225	0.02553	0.01691	0.06727	0.01420	0.01595	0.01075	0.00741	0.00666	0.00220	0.01018	0.00540	0.00381	0.01127
1	0.01149	0.01059	0.05525	0.00979	0.01293	0.00798	0.00818	0.01403	0.01782	0.05215	0.09541	0.06750	0.47487	0.08277	0.01209	0.00315	0.00516	0.04455	0.00703	0.00725
2	0.01713	0.02151	0.11404	0.02758	0.03481	0.01808	0.43067	0.02311	0.01779	0.02452	0.02113	0.05641	0.05881	0.00892	0.00996	0.00265	0.05128	0.00970	0.00432	0.04758
3	0.00988	0.00699	0.00914	0.01076	0.01117	0.00659	0.00706	0.01110	0.01475	0.01967	0.04151	0.63807	0.04967	0.10670	0.01368	0.00375	0.00496	0.02125	0.00706	0.00625
4	0.01590	0.04102	0.68023	0.02260	0.03432	0.01842	0.02930	0.02511	0.01674	0.02511	0.01423	0.01674	0.01005	0.00753	0.00753	0.00251	0.01172	0.00586	0.00335	0.01172
5	0.02055	0.02059	0.03129	0.04607	0.61217	0.08067	0.02351	0.02501	0.01846	0.02531	0.01467	0.01914	0.01234	0.00717	0.00779	0.00233	0.00987	0.00688	0.00394	0.01225
6	0.01644	0.01409	0.01644	0.01175	0.01879	0.01057	0.00940	0.01997	0.01644	0.02584	0.01409	0.01644	0.01175	0.00587	0.00587	0.00117	0.00587	0.00470	0.00470	0.76979

[dist]
# distance from previous block
# <min> <max>
0	0

# created by:
# /st0/software/busco_prod/Augustus/scripts/msa2prfl.pl ./align_prep/109207.fa
