[name]
unknown

[dist]
# distance from previous block
# <min> <max>
0	50

[block]
# block no. 0 follows, 25 sequences, length 12
# corresponding to MSA columns:
# 50-61
name=unknown_A
#
# <colnr> <probs for GDERKNQSTAVLIFYWHMCP>
#	G	D	E	R	K	N	Q	S	T	A	V	L	I	F	Y	W	H	M	C	P
0	0.01249	0.00892	0.01249	0.01428	0.01606	0.00892	0.01249	0.01606	0.01785	0.02320	0.04105	0.08746	0.04462	0.02142	0.01071	0.00357	0.00714	0.62695	0.00714	0.00714
1	0.01410	0.01318	0.01912	0.01726	0.01784	0.01672	0.04569	0.01591	0.01336	0.01942	0.02317	0.29255	0.02630	0.01739	0.01854	0.00326	0.40069	0.01286	0.00491	0.00773
2	0.01708	0.01705	0.02472	0.02176	0.05235	0.02263	0.04560	0.01923	0.01265	0.01959	0.01082	0.01720	0.01042	0.01254	0.02287	0.00319	0.61254	0.00679	0.00350	0.04747
3	0.01284	0.00834	0.01080	0.01050	0.01259	0.00780	0.00826	0.01637	0.02054	0.06619	0.44194	0.05958	0.08499	0.01605	0.00902	0.00259	0.00446	0.12379	0.07578	0.00758
4	0.01919	0.01842	0.03147	0.04759	0.67914	0.01842	0.02380	0.02380	0.01765	0.02533	0.01458	0.01919	0.01228	0.00691	0.00768	0.00230	0.00921	0.00691	0.00384	0.01228
5	0.00939	0.00786	0.00817	0.00809	0.01061	0.00664	0.00607	0.01157	0.01821	0.02222	0.15355	0.07252	0.60020	0.01916	0.00916	0.00260	0.00389	0.01607	0.00737	0.00664
6	0.01919	0.01842	0.03147	0.04759	0.67914	0.01842	0.02380	0.02380	0.01765	0.02533	0.01458	0.01919	0.01228	0.00691	0.00768	0.00230	0.00921	0.00691	0.00384	0.01228
7	0.02030	0.01608	0.01749	0.01548	0.01983	0.01810	0.01225	0.11214	0.47773	0.06408	0.06933	0.03314	0.02654	0.01136	0.00813	0.00263	0.00637	0.04930	0.00794	0.01179
8	0.01555	0.04011	0.68733	0.02210	0.03356	0.01801	0.02865	0.02455	0.01637	0.02455	0.01391	0.01637	0.00982	0.00737	0.00737	0.00246	0.01146	0.00573	0.00327	0.01146
9	0.01666	0.01584	0.02689	0.41608	0.33046	0.01776	0.02253	0.02158	0.01646	0.02225	0.01414	0.02002	0.01120	0.00738	0.00772	0.00246	0.00984	0.00690	0.00362	0.01024
10	0.01827	0.01497	0.01842	0.01375	0.02024	0.01290	0.04649	0.05476	0.11295	0.06076	0.01759	0.01889	0.01376	0.00686	0.00645	0.00157	0.00640	0.00574	0.00545	0.54378
11	0.02035	0.68177	0.08773	0.01391	0.02090	0.02976	0.01439	0.02331	0.01580	0.01870	0.01101	0.01272	0.00994	0.00669	0.00515	0.00172	0.00852	0.00426	0.00331	0.01006

[dist]
# distance from previous block
# <min> <max>
0	3

[block]
# block no. 1 follows, 25 sequences, length 19
# corresponding to MSA columns:
# 65-83
name=unknown_B
#
# <colnr> <probs for GDERKNQSTAVLIFYWHMCP>
#	G	D	E	R	K	N	Q	S	T	A	V	L	I	F	Y	W	H	M	C	P
0	0.02709	0.01537	0.01812	0.01468	0.01989	0.01569	0.01186	0.17061	0.18760	0.31037	0.07454	0.02934	0.04774	0.01058	0.00796	0.00245	0.00660	0.00862	0.00860	0.01230
1	0.55761	0.01478	0.01307	0.01125	0.01597	0.01650	0.00919	0.08911	0.01733	0.08985	0.08542	0.01930	0.01683	0.00856	0.00583	0.00240	0.00606	0.00586	0.00591	0.00918
2	0.09032	0.01333	0.01750	0.01353	0.01944	0.01184	0.01117	0.03667	0.02152	0.63625	0.02912	0.02537	0.01839	0.00942	0.00757	0.00240	0.00655	0.00753	0.00924	0.01284
3	0.01464	0.01378	0.02326	0.70887	0.05340	0.01723	0.02153	0.01981	0.01550	0.01981	0.01378	0.02067	0.01034	0.00775	0.00775	0.00258	0.01034	0.00689	0.00345	0.00861
4	0.15627	0.02372	0.01982	0.01656	0.02152	0.20438	0.01310	0.30349	0.07417	0.03566	0.01669	0.01848	0.01293	0.03973	0.00842	0.00250	0.00936	0.00628	0.00611	0.01079
5	0.01552	0.01468	0.02484	0.58118	0.17423	0.01746	0.02197	0.02058	0.01592	0.02088	0.01394	0.02039	0.01071	0.00759	0.00774	0.00253	0.01012	0.00689	0.00352	0.00932
6	0.00945	0.00675	0.00900	0.01080	0.01125	0.00630	0.00720	0.01080	0.01484	0.01979	0.04274	0.72245	0.05128	0.02429	0.00990	0.00315	0.00450	0.02204	0.00720	0.00630
7	0.02037	0.68439	0.08528	0.01388	0.02084	0.02980	0.01433	0.02331	0.01580	0.01868	0.01100	0.01271	0.00994	0.00668	0.00514	0.00171	0.00851	0.00426	0.00331	0.01005
8	0.03367	0.04874	0.01953	0.01411	0.02015	0.01338	0.01176	0.08823	0.02307	0.59941	0.02863	0.02507	0.01825	0.00943	0.00766	0.00236	0.00684	0.00755	0.00914	0.01304
9	0.01082	0.00792	0.01016	0.00960	0.01149	0.00725	0.00720	0.01434	0.02159	0.03025	0.62548	0.05931	0.12325	0.01617	0.00915	0.00245	0.00368	0.01422	0.00842	0.00725
10	0.00945	0.00675	0.00900	0.01080	0.01125	0.00630	0.00720	0.01080	0.01484	0.01979	0.04274	0.72245	0.05128	0.02429	0.00990	0.00315	0.00450	0.02204	0.00720	0.00630
11	0.01874	0.01969	0.03875	0.03999	0.35368	0.01903	0.34343	0.02433	0.01798	0.02508	0.01515	0.02007	0.01202	0.00672	0.00843	0.00246	0.01118	0.00805	0.00388	0.01135
12	0.78228	0.01499	0.01140	0.01020	0.01499	0.01739	0.00840	0.02279	0.01320	0.03479	0.01080	0.01260	0.00840	0.00720	0.00480	0.00240	0.00600	0.00420	0.00480	0.00840
13	0.00945	0.00675	0.00900	0.01080	0.01125	0.00630	0.00720	0.01080	0.01484	0.01979	0.04274	0.72245	0.05128	0.02429	0.00990	0.00315	0.00450	0.02204	0.00720	0.00630
14	0.01097	0.00793	0.01036	0.00975	0.01158	0.00732	0.00732	0.01463	0.02195	0.03109	0.67505	0.05792	0.07316	0.01585	0.00914	0.00244	0.00366	0.01402	0.00854	0.00732
15	0.01583	0.07784	0.65207	0.02162	0.03281	0.01870	0.02781	0.02448	0.01634	0.02421	0.01374	0.01616	0.00983	0.00733	0.00724	0.00241	0.01129	0.00564	0.00328	0.01138
16	0.01831	0.01752	0.02988	0.17599	0.55764	0.01819	0.02336	0.02302	0.01724	0.02426	0.01443	0.01948	0.01190	0.00707	0.00769	0.00236	0.00943	0.00690	0.00376	0.01157
17	0.02831	0.02185	0.02256	0.01771	0.02361	0.05456	0.01447	0.55574	0.10645	0.04564	0.01976	0.01956	0.01422	0.00938	0.00774	0.00235	0.00851	0.00709	0.00760	0.01289
18	0.01751	0.30148	0.44309	0.01876	0.02840	0.02279	0.02284	0.02405	0.01614	0.02217	0.01273	0.01488	0.00987	0.00709	0.00646	0.00215	0.01026	0.00513	0.00329	0.01089

[dist]
# distance from previous block
# <min> <max>
14	16

[block]
# block no. 2 follows, 25 sequences, length 11
# corresponding to MSA columns:
# 100-110
name=unknown_C
#
# <colnr> <probs for GDERKNQSTAVLIFYWHMCP>
#	G	D	E	R	K	N	Q	S	T	A	V	L	I	F	Y	W	H	M	C	P
0	0.01950	0.56746	0.19454	0.01537	0.02315	0.02766	0.01693	0.02354	0.01590	0.01974	0.01153	0.01337	0.00992	0.00681	0.00554	0.00185	0.00905	0.00452	0.00331	0.01031
1	0.02608	0.01933	0.02104	0.01636	0.02238	0.02062	0.01335	0.43356	0.12870	0.07152	0.02039	0.02015	0.01480	0.00895	0.00747	0.00219	0.00765	0.00692	0.00737	0.13119
2	0.01227	0.00885	0.01121	0.01215	0.01348	0.00879	0.00888	0.08779	0.01785	0.02375	0.03962	0.54481	0.04578	0.02209	0.00976	0.00311	0.00537	0.10995	0.00726	0.00724
3	0.08498	0.02844	0.02120	0.01810	0.02295	0.36859	0.01412	0.22874	0.06025	0.05718	0.01580	0.01665	0.01199	0.00855	0.00715	0.00218	0.01094	0.00588	0.00568	0.01062
4	0.01919	0.01842	0.03147	0.04759	0.67914	0.01842	0.02380	0.02380	0.01765	0.02533	0.01458	0.01919	0.01228	0.00691	0.00768	0.00230	0.00921	0.00691	0.00384	0.01228
5	0.02010	0.64836	0.11895	0.01434	0.02155	0.02915	0.01513	0.02338	0.01583	0.01901	0.01116	0.01291	0.00993	0.00672	0.00526	0.00175	0.00868	0.00434	0.00331	0.01013
6	0.01192	0.00860	0.01078	0.01156	0.01279	0.00847	0.00810	0.08726	0.01788	0.02399	0.08161	0.59510	0.04821	0.02196	0.00959	0.00300	0.00492	0.01973	0.00735	0.00718
7	0.02947	0.02172	0.02327	0.01784	0.02404	0.02404	0.01474	0.65329	0.03646	0.04887	0.01862	0.01862	0.01319	0.00931	0.00776	0.00233	0.00853	0.00698	0.00776	0.01319
8	0.01608	0.01378	0.01608	0.01148	0.01837	0.01034	0.00919	0.01952	0.01608	0.02527	0.01378	0.01608	0.01148	0.00574	0.00574	0.00115	0.00574	0.00459	0.00459	0.77491
9	0.02569	0.01902	0.02065	0.01659	0.02176	0.02091	0.01338	0.51671	0.06607	0.04328	0.02321	0.13345	0.01992	0.01180	0.00811	0.00248	0.00775	0.00952	0.00767	0.01202
10	0.02824	0.02110	0.02257	0.01759	0.02357	0.02347	0.01444	0.57916	0.11259	0.04688	0.02018	0.01986	0.01446	0.00945	0.00777	0.00236	0.00824	0.00720	0.00777	0.01308

[dist]
# distance from previous block
# <min> <max>
3	6

[block]
# block no. 3 follows, 25 sequences, length 69
# corresponding to MSA columns:
# 117-185
name=unknown_D
#
# <colnr> <probs for GDERKNQSTAVLIFYWHMCP>
#	G	D	E	R	K	N	Q	S	T	A	V	L	I	F	Y	W	H	M	C	P
0	0.01618	0.01410	0.01742	0.01244	0.01938	0.01075	0.03820	0.01976	0.01618	0.02525	0.01387	0.01630	0.01150	0.00578	0.00590	0.00121	0.00607	0.00480	0.00456	0.74036
1	0.02866	0.02124	0.02283	0.01745	0.02370	0.02321	0.01440	0.61477	0.03522	0.04743	0.01832	0.01846	0.01308	0.00909	0.00763	0.00226	0.00836	0.00684	0.00756	0.05948
2	0.03004	0.01795	0.02059	0.01610	0.02198	0.01882	0.01319	0.34798	0.11539	0.27739	0.02469	0.02282	0.01677	0.00957	0.00779	0.00239	0.00751	0.00752	0.00844	0.01307
3	0.01464	0.01378	0.02326	0.70887	0.05340	0.01723	0.02153	0.01981	0.01550	0.01981	0.01378	0.02067	0.01034	0.00775	0.00775	0.00258	0.01034	0.00689	0.00345	0.00861
4	0.01117	0.00747	0.00849	0.00859	0.00862	0.00745	0.00484	0.01125	0.01148	0.01531	0.02550	0.09015	0.02954	0.68625	0.03773	0.00726	0.00734	0.01191	0.00484	0.00479
5	0.01856	0.01473	0.01705	0.01237	0.01913	0.01207	0.00997	0.09813	0.01885	0.05778	0.01513	0.01685	0.01204	0.00635	0.00608	0.00135	0.00612	0.00503	0.00521	0.64719
6	0.01830	0.02092	0.04575	0.03268	0.04052	0.01961	0.65098	0.02484	0.01830	0.02484	0.01569	0.02092	0.01176	0.00654	0.00915	0.00261	0.01307	0.00915	0.00392	0.01046
7	0.01696	0.01696	0.02375	0.02036	0.02036	0.02375	0.01696	0.01866	0.01187	0.01866	0.01018	0.01696	0.01018	0.01357	0.02545	0.00339	0.71332	0.00679	0.00339	0.00848
8	0.01464	0.01378	0.02326	0.70887	0.05340	0.01723	0.02153	0.01981	0.01550	0.01981	0.01378	0.02067	0.01034	0.00775	0.00775	0.00258	0.01034	0.00689	0.00345	0.00861
9	0.01464	0.01378	0.02326	0.70887	0.05340	0.01723	0.02153	0.01981	0.01550	0.01981	0.01378	0.02067	0.01034	0.00775	0.00775	0.00258	0.01034	0.00689	0.00345	0.00861
10	0.01919	0.01842	0.03147	0.04759	0.67914	0.01842	0.02380	0.02380	0.01765	0.02533	0.01458	0.01919	0.01228	0.00691	0.00768	0.00230	0.00921	0.00691	0.00384	0.01228
11	0.01919	0.01842	0.03147	0.04759	0.67914	0.01842	0.02380	0.02380	0.01765	0.02533	0.01458	0.01919	0.01228	0.00691	0.00768	0.00230	0.00921	0.00691	0.00384	0.01228
12	0.01464	0.01378	0.02326	0.70887	0.05340	0.01723	0.02153	0.01981	0.01550	0.01981	0.01378	0.02067	0.01034	0.00775	0.00775	0.00258	0.01034	0.00689	0.00345	0.00861
13	0.01919	0.01842	0.03147	0.04759	0.67914	0.01842	0.02380	0.02380	0.01765	0.02533	0.01458	0.01919	0.01228	0.00691	0.00768	0.00230	0.00921	0.00691	0.00384	0.01228
14	0.01555	0.04011	0.68733	0.02210	0.03356	0.01801	0.02865	0.02455	0.01637	0.02455	0.01391	0.01637	0.00982	0.00737	0.00737	0.00246	0.01146	0.00573	0.00327	0.01146
15	0.01226	0.00876	0.01221	0.01387	0.01559	0.00871	0.01196	0.01572	0.01790	0.02343	0.07305	0.11860	0.04640	0.02129	0.01059	0.00349	0.00683	0.56502	0.00721	0.00711
16	0.02027	0.67129	0.09752	0.01404	0.02110	0.02957	0.01462	0.02333	0.01581	0.01880	0.01106	0.01278	0.00994	0.00670	0.00519	0.00173	0.00857	0.00429	0.00331	0.01008
17	0.01787	0.34989	0.39786	0.01815	0.02744	0.02368	0.02176	0.02396	0.01609	0.02173	0.01251	0.01461	0.00988	0.00704	0.00630	0.00210	0.01004	0.00502	0.00329	0.01078
18	0.51377	0.01739	0.01563	0.01292	0.01822	0.01977	0.01066	0.24768	0.02149	0.03981	0.01359	0.01474	0.01011	0.00795	0.00585	0.00237	0.00690	0.00519	0.00585	0.01011
19	0.00948	0.00747	0.00860	0.00944	0.01113	0.00659	0.00682	0.01129	0.01654	0.02062	0.06178	0.33750	0.38488	0.02163	0.00955	0.00289	0.00435	0.05577	0.00720	0.00648
20	0.02177	0.01558	0.01787	0.01369	0.01988	0.01445	0.01102	0.13593	0.13472	0.12931	0.02026	0.02032	0.01508	0.00778	0.00678	0.00180	0.00642	0.00622	0.00647	0.39465
21	0.01587	0.08216	0.64803	0.02156	0.03273	0.01878	0.02771	0.02447	0.01633	0.02417	0.01372	0.01613	0.00983	0.00732	0.00722	0.00241	0.01127	0.00563	0.00328	0.01137
22	0.05103	0.01887	0.02006	0.01649	0.02181	0.02119	0.01328	0.33118	0.32009	0.06459	0.02466	0.02337	0.01800	0.00979	0.00772	0.00247	0.00729	0.00772	0.00778	0.01261
23	0.02899	0.03606	0.02205	0.01985	0.02397	0.65693	0.01497	0.06747	0.02282	0.02073	0.01237	0.01425	0.01018	0.00807	0.00704	0.00202	0.01366	0.00511	0.00422	0.00924
24	0.01792	0.01983	0.04150	0.02997	0.03732	0.01865	0.56297	0.02491	0.05130	0.02507	0.01737	0.04602	0.01377	0.00733	0.00894	0.00256	0.01204	0.00936	0.00428	0.04888
25	0.01769	0.01818	0.02364	0.02033	0.02058	0.06462	0.01684	0.01941	0.01249	0.01868	0.01029	0.01678	0.01017	0.01323	0.02432	0.00331	0.67082	0.00668	0.00343	0.00851
26	0.01896	0.01818	0.03105	0.08156	0.64699	0.01836	0.02368	0.02359	0.01754	0.02505	0.01454	0.01927	0.01218	0.00695	0.00768	0.00232	0.00927	0.00691	0.00382	0.01209
27	0.01817	0.02050	0.04401	0.03144	0.03922	0.01906	0.61333	0.02452	0.01817	0.02486	0.01557	0.02063	0.01175	0.00649	0.00895	0.00253	0.01264	0.00888	0.00396	0.05531
28	0.02896	0.03695	0.02197	0.01998	0.02397	0.69638	0.01498	0.03096	0.02197	0.01898	0.01199	0.01398	0.00999	0.00799	0.00699	0.00200	0.01398	0.00499	0.00400	0.00899
29	0.03318	0.01451	0.01866	0.01444	0.02037	0.01351	0.01188	0.11851	0.06178	0.56310	0.02908	0.02552	0.01867	0.00961	0.00780	0.00240	0.00682	0.00775	0.00926	0.01314
30	0.01108	0.00831	0.01246	0.01246	0.01385	0.00969	0.00969	0.01385	0.01246	0.01800	0.02077	0.03046	0.01938	0.05815	0.69678	0.01246	0.02077	0.00831	0.00415	0.00692
31	0.00936	0.00786	0.00813	0.00806	0.01060	0.00663	0.00605	0.01151	0.01814	0.02206	0.14428	0.07278	0.60956	0.01922	0.00916	0.00260	0.00390	0.01611	0.00735	0.00663
32	0.00916	0.00785	0.00785	0.00785	0.01047	0.00655	0.00589	0.01113	0.01767	0.02095	0.07855	0.07462	0.67599	0.01964	0.00916	0.00262	0.00393	0.01636	0.00720	0.00655
33	0.01919	0.01842	0.03147	0.04759	0.67914	0.01842	0.02380	0.02380	0.01765	0.02533	0.01458	0.01919	0.01228	0.00691	0.00768	0.00230	0.00921	0.00691	0.00384	0.01228
34	0.00945	0.00675	0.00900	0.01080	0.01125	0.00630	0.00720	0.01080	0.01484	0.01979	0.04274	0.72245	0.05128	0.02429	0.00990	0.00315	0.00450	0.02204	0.00720	0.00630
35	0.01127	0.00756	0.00866	0.00866	0.00873	0.00763	0.00495	0.01140	0.01134	0.01518	0.02425	0.04972	0.02775	0.69381	0.07255	0.00777	0.00818	0.01113	0.00467	0.00481
36	0.02073	0.73217	0.04063	0.01327	0.01990	0.03068	0.01327	0.02322	0.01575	0.01824	0.01078	0.01244	0.00995	0.00663	0.00498	0.00166	0.00829	0.00415	0.00332	0.00995
37	0.01464	0.01378	0.02326	0.70887	0.05340	0.01723	0.02153	0.01981	0.01550	0.01981	0.01378	0.02067	0.01034	0.00775	0.00775	0.00258	0.01034	0.00689	0.00345	0.00861
38	0.02947	0.02172	0.02327	0.01784	0.02404	0.02404	0.01474	0.65329	0.03646	0.04887	0.01862	0.01862	0.01319	0.00931	0.00776	0.00233	0.00853	0.00698	0.00776	0.01319
39	0.01097	0.00793	0.01036	0.00975	0.01158	0.00732	0.00732	0.01463	0.02195	0.03109	0.67505	0.05792	0.07316	0.01585	0.00914	0.00244	0.00366	0.01402	0.00854	0.00732
40	0.02073	0.73217	0.04063	0.01327	0.01990	0.03068	0.01327	0.02322	0.01575	0.01824	0.01078	0.01244	0.00995	0.00663	0.00498	0.00166	0.00829	0.00415	0.00332	0.00995
41	0.00945	0.00675	0.00900	0.01080	0.01125	0.00630	0.00720	0.01080	0.01484	0.01979	0.04274	0.72245	0.05128	0.02429	0.00990	0.00315	0.00450	0.02204	0.00720	0.00630
42	0.03479	0.01320	0.01799	0.01380	0.01979	0.01140	0.01140	0.03779	0.02219	0.68451	0.03059	0.02639	0.01919	0.00960	0.00780	0.00240	0.00660	0.00780	0.00960	0.01320
43	0.01830	0.02092	0.04575	0.03268	0.04052	0.01961	0.65098	0.02484	0.01830	0.02484	0.01569	0.02092	0.01176	0.00654	0.00915	0.00261	0.01307	0.00915	0.00392	0.01046
44	0.01127	0.00755	0.00862	0.00862	0.00868	0.00761	0.00490	0.01138	0.01132	0.01516	0.02428	0.04990	0.02783	0.69989	0.06659	0.00772	0.00806	0.01115	0.00468	0.00479
45	0.02767	0.03040	0.02192	0.01904	0.02347	0.43690	0.01473	0.18547	0.08945	0.02770	0.01551	0.01674	0.01215	0.00878	0.00797	0.00220	0.03835	0.00593	0.00529	0.01034
46	0.02253	0.01829	0.01889	0.01626	0.02108	0.04583	0.01283	0.16516	0.47952	0.06876	0.02812	0.02613	0.02078	0.01013	0.00782	0.00253	0.00695	0.00821	0.00780	0.01238
47	0.08631	0.02268	0.02129	0.01720	0.02273	0.12744	0.01388	0.41379	0.10613	0.06348	0.01893	0.01892	0.01377	0.00909	0.00743	0.00232	0.00884	0.00670	0.00702	0.01205
48	0.01896	0.01628	0.01729	0.01571	0.01997	0.01879	0.01228	0.03999	0.63406	0.03199	0.03201	0.03174	0.02467	0.01104	0.00802	0.00267	0.00618	0.03844	0.00785	0.01203
49	0.01709	0.01438	0.01662	0.01197	0.01880	0.01137	0.00961	0.06749	0.01762	0.02705	0.01415	0.01627	0.01161	0.00601	0.00589	0.00124	0.00595	0.00477	0.00483	0.71726
50	0.00945	0.00675	0.00900	0.01080	0.01125	0.00630	0.00720	0.01080	0.01484	0.01979	0.04274	0.72245	0.05128	0.02429	0.00990	0.00315	0.00450	0.02204	0.00720	0.00630
51	0.01108	0.00831	0.01246	0.01246	0.01385	0.00969	0.00969	0.01385	0.01246	0.01800	0.02077	0.03046	0.01938	0.05815	0.69678	0.01246	0.02077	0.00831	0.00415	0.00692
52	0.01608	0.01378	0.01608	0.01148	0.01837	0.01034	0.00919	0.01952	0.01608	0.02527	0.01378	0.01608	0.01148	0.00574	0.00574	0.00115	0.00574	0.00459	0.00459	0.77491
53	0.00916	0.00785	0.00785	0.00785	0.01047	0.00655	0.00589	0.01113	0.01767	0.02095	0.07855	0.07462	0.67599	0.01964	0.00916	0.00262	0.00393	0.01636	0.00720	0.00655
54	0.01445	0.00723	0.00723	0.00723	0.00903	0.00723	0.00542	0.01807	0.01626	0.02891	0.02529	0.02891	0.01987	0.00903	0.00542	0.00181	0.00361	0.00723	0.77055	0.00723
55	0.01464	0.01378	0.02326	0.70887	0.05340	0.01723	0.02153	0.01981	0.01550	0.01981	0.01378	0.02067	0.01034	0.00775	0.00775	0.00258	0.01034	0.00689	0.00345	0.00861
56	0.03404	0.01439	0.01873	0.01436	0.02039	0.01317	0.01186	0.12398	0.02419	0.59550	0.02891	0.02530	0.01835	0.00956	0.00779	0.00239	0.00687	0.00768	0.00934	0.01319
57	0.01347	0.00673	0.01010	0.01010	0.01010	0.00673	0.00673	0.01010	0.01010	0.01347	0.01347	0.02357	0.01347	0.02694	0.03030	0.77441	0.00673	0.00673	0.00337	0.00337
58	0.01249	0.00892	0.01249	0.01428	0.01606	0.00892	0.01249	0.01606	0.01785	0.02320	0.04105	0.08746	0.04462	0.02142	0.01071	0.00357	0.00714	0.62695	0.00714	0.00714
59	0.01519	0.01434	0.02425	0.62894	0.12904	0.01737	0.02181	0.02029	0.01576	0.02048	0.01388	0.02049	0.01057	0.00765	0.00774	0.00255	0.01020	0.00689	0.00349	0.00906
60	0.02896	0.03695	0.02197	0.01998	0.02397	0.69638	0.01498	0.03096	0.02197	0.01898	0.01199	0.01398	0.00999	0.00799	0.00699	0.00200	0.01398	0.00499	0.00400	0.00899
61	0.02896	0.03695	0.02197	0.01998	0.02397	0.69638	0.01498	0.03096	0.02197	0.01898	0.01199	0.01398	0.00999	0.00799	0.00699	0.00200	0.01398	0.00499	0.00400	0.00899
62	0.01608	0.01378	0.01608	0.01148	0.01837	0.01034	0.00919	0.01952	0.01608	0.02527	0.01378	0.01608	0.01148	0.00574	0.00574	0.00115	0.00574	0.00459	0.00459	0.77491
63	0.05756	0.02020	0.02172	0.01699	0.02291	0.02225	0.01394	0.50859	0.10955	0.09530	0.02078	0.02021	0.01472	0.00939	0.00766	0.00237	0.00800	0.00715	0.00780	0.01289
64	0.01134	0.00829	0.01083	0.01038	0.01197	0.00805	0.00784	0.01457	0.02024	0.02847	0.53669	0.05827	0.06428	0.08392	0.01273	0.00305	0.02929	0.06483	0.00787	0.00709
65	0.01482	0.01412	0.02434	0.67641	0.05278	0.01734	0.05175	0.02005	0.01564	0.02005	0.01387	0.02068	0.01040	0.00769	0.00782	0.00259	0.01047	0.00700	0.00347	0.00870
66	0.01561	0.06876	0.63560	0.02128	0.03219	0.01817	0.02723	0.02415	0.01654	0.02451	0.03712	0.01767	0.01206	0.00763	0.00733	0.00242	0.01105	0.00595	0.00346	0.01125
67	0.01622	0.01481	0.02251	0.33828	0.03700	0.01503	0.07511	0.04880	0.01694	0.02375	0.01418	0.01878	0.01105	0.00691	0.00709	0.00201	0.00869	0.00620	0.00414	0.31250
68	0.02660	0.01370	0.01690	0.01369	0.01882	0.01304	0.01099	0.09111	0.12484	0.37062	0.05410	0.07924	0.05269	0.01118	0.00792	0.00240	0.00627	0.00928	0.00846	0.06816

[dist]
# distance from previous block
# <min> <max>
0	2

[block]
# block no. 4 follows, 25 sequences, length 8
# corresponding to MSA columns:
# 188-195
name=unknown_E
#
# <colnr> <probs for GDERKNQSTAVLIFYWHMCP>
#	G	D	E	R	K	N	Q	S	T	A	V	L	I	F	Y	W	H	M	C	P
0	0.02676	0.01840	0.02037	0.01632	0.02164	0.01996	0.01331	0.42498	0.10710	0.12225	0.02347	0.02721	0.01812	0.05104	0.00977	0.00275	0.00786	0.04871	0.00779	0.01220
1	0.01900	0.01472	0.01705	0.01254	0.01902	0.01244	0.01010	0.12200	0.01998	0.06565	0.04914	0.01918	0.01532	0.00704	0.00635	0.00147	0.00613	0.00563	0.00558	0.57163
2	0.08353	0.01940	0.02109	0.06250	0.02424	0.02165	0.01407	0.48384	0.07134	0.04297	0.02007	0.06424	0.01574	0.01009	0.00768	0.00242	0.00805	0.00785	0.00722	0.01202
3	0.02055	0.01643	0.01848	0.01360	0.02027	0.01491	0.01104	0.23098	0.02288	0.03314	0.01539	0.01692	0.01205	0.00693	0.00641	0.00154	0.00667	0.00539	0.00565	0.52076
4	0.01807	0.01510	0.01711	0.01282	0.01928	0.01317	0.01026	0.09587	0.10861	0.02899	0.01681	0.01816	0.01337	0.00682	0.00627	0.00149	0.00612	0.00545	0.00542	0.58081
5	0.01691	0.01705	0.02682	0.07817	0.02650	0.02092	0.13138	0.01997	0.01382	0.02063	0.01189	0.01788	0.01063	0.01092	0.01878	0.00293	0.44739	0.00697	0.00363	0.09681
6	0.08343	0.02115	0.02041	0.01639	0.02183	0.10065	0.01322	0.39722	0.08235	0.04017	0.06151	0.02090	0.01717	0.00929	0.00741	0.00225	0.00828	0.00699	0.00694	0.06245
7	0.01309	0.00949	0.01245	0.01335	0.01540	0.00948	0.01123	0.06184	0.01932	0.02537	0.10261	0.13720	0.08839	0.02014	0.01016	0.00327	0.00645	0.42595	0.00733	0.00748

[dist]
# distance from previous block
# <min> <max>
0	1

[block]
# block no. 5 follows, 25 sequences, length 49
# corresponding to MSA columns:
# 197-245
name=unknown_F
#
# <colnr> <probs for GDERKNQSTAVLIFYWHMCP>
#	G	D	E	R	K	N	Q	S	T	A	V	L	I	F	Y	W	H	M	C	P
0	0.01614	0.11939	0.61325	0.02109	0.03199	0.01946	0.02689	0.02440	0.01630	0.02383	0.01356	0.01592	0.00984	0.00728	0.00709	0.00236	0.01110	0.00555	0.00328	0.01129
1	0.01624	0.13233	0.60116	0.02092	0.03174	0.01970	0.02660	0.02438	0.01629	0.02371	0.01350	0.01585	0.00984	0.00727	0.00705	0.00235	0.01104	0.00552	0.00328	0.01126
2	0.01555	0.04011	0.68733	0.02210	0.03356	0.01801	0.02865	0.02455	0.01637	0.02455	0.01391	0.01637	0.00982	0.00737	0.00737	0.00246	0.01146	0.00573	0.00327	0.01146
3	0.01350	0.00849	0.01130	0.01084	0.01297	0.00785	0.00838	0.01686	0.02079	0.09697	0.46908	0.12073	0.06191	0.01669	0.00927	0.00264	0.00448	0.09111	0.00834	0.00781
4	0.02268	0.01508	0.01716	0.01464	0.01935	0.01607	0.01158	0.06442	0.39225	0.19474	0.09228	0.03018	0.02644	0.01058	0.00791	0.00249	0.00610	0.00881	0.00825	0.03898
5	0.02073	0.73217	0.04063	0.01327	0.01990	0.03068	0.01327	0.02322	0.01575	0.01824	0.01078	0.01244	0.00995	0.00663	0.00498	0.00166	0.00829	0.00415	0.00332	0.00995
6	0.01337	0.01060	0.01286	0.01428	0.01623	0.04816	0.01219	0.01719	0.03482	0.02299	0.04060	0.10503	0.06566	0.02041	0.01034	0.00340	0.00729	0.53027	0.00698	0.00733
7	0.00987	0.00747	0.00921	0.01030	0.01170	0.00680	0.00754	0.01186	0.01657	0.02128	0.08986	0.38981	0.24960	0.02193	0.00974	0.00300	0.00464	0.10500	0.00727	0.00655
8	0.02896	0.03695	0.02197	0.01998	0.02397	0.69638	0.01498	0.03096	0.02197	0.01898	0.01199	0.01398	0.00999	0.00799	0.00699	0.00200	0.01398	0.00499	0.00400	0.00899
9	0.78228	0.01499	0.01140	0.01020	0.01499	0.01739	0.00840	0.02279	0.01320	0.03479	0.01080	0.01260	0.00840	0.00720	0.00480	0.00240	0.00600	0.00420	0.00480	0.00840
10	0.01920	0.01827	0.03029	0.04489	0.62323	0.01850	0.02282	0.02527	0.07258	0.02593	0.01602	0.02002	0.01325	0.00721	0.00769	0.00233	0.00895	0.00707	0.00418	0.01228
11	0.48341	0.07157	0.07508	0.01277	0.01834	0.04054	0.01154	0.09303	0.01730	0.06190	0.04257	0.01626	0.01259	0.00792	0.00576	0.00233	0.00711	0.00526	0.00523	0.00949
12	0.01826	0.02014	0.04165	0.03003	0.03752	0.01905	0.55983	0.02592	0.07305	0.02551	0.01692	0.02132	0.01276	0.00683	0.00885	0.00253	0.01206	0.00886	0.00430	0.05464
13	0.02694	0.10037	0.02283	0.01858	0.02273	0.59027	0.01425	0.02898	0.02112	0.01903	0.01608	0.01767	0.05210	0.00860	0.00694	0.00200	0.01281	0.00563	0.00413	0.00892
14	0.01072	0.00792	0.01001	0.00949	0.01143	0.00721	0.00712	0.01414	0.02135	0.02967	0.59119	0.06027	0.15791	0.01638	0.00915	0.00246	0.00370	0.01435	0.00835	0.00721
15	0.01142	0.00877	0.01295	0.01276	0.01401	0.01041	0.00992	0.01402	0.01238	0.01793	0.02030	0.03045	0.01919	0.08065	0.63396	0.01176	0.05972	0.00833	0.00413	0.00693
16	0.01573	0.01537	0.02362	0.60878	0.08162	0.05331	0.02110	0.02054	0.01579	0.01999	0.01357	0.02008	0.01041	0.00798	0.00850	0.00258	0.04194	0.00679	0.00349	0.00881
17	0.00951	0.00677	0.00898	0.01071	0.01115	0.00634	0.00711	0.01081	0.01472	0.01962	0.04209	0.69866	0.05046	0.04919	0.01094	0.00330	0.00461	0.02166	0.00711	0.00624
18	0.01608	0.01378	0.01608	0.01148	0.01837	0.01034	0.00919	0.01952	0.01608	0.02527	0.01378	0.01608	0.01148	0.00574	0.00574	0.00115	0.00574	0.00459	0.00459	0.77491
19	0.01835	0.01437	0.01769	0.01277	0.01959	0.01141	0.03378	0.05051	0.01761	0.08162	0.01549	0.01724	0.01222	0.00626	0.00614	0.00136	0.00622	0.00514	0.00513	0.64711
20	0.01608	0.01378	0.01608	0.01148	0.01837	0.01034	0.00919	0.01952	0.01608	0.02527	0.01378	0.01608	0.01148	0.00574	0.00574	0.00115	0.00574	0.00459	0.00459	0.77491
21	0.05285	0.01523	0.01634	0.01447	0.01849	0.01708	0.01130	0.11542	0.40622	0.03399	0.15122	0.05842	0.03201	0.01174	0.00805	0.00256	0.00592	0.00982	0.00783	0.01106
22	0.02531	0.01732	0.01956	0.01483	0.02093	0.01713	0.01205	0.33455	0.02684	0.13663	0.01921	0.02050	0.01427	0.04140	0.00860	0.00221	0.00733	0.00657	0.00692	0.24783
23	0.01720	0.00938	0.00990	0.00889	0.01161	0.00938	0.00690	0.08725	0.01873	0.06539	0.02436	0.02712	0.01876	0.00895	0.00581	0.00187	0.00439	0.00712	0.61567	0.04135
24	0.01837	0.01386	0.01666	0.01217	0.01864	0.01108	0.00981	0.02168	0.01662	0.10416	0.01563	0.01736	0.01235	0.00657	0.00690	0.00140	0.03850	0.00508	0.00514	0.64803
25	0.01106	0.00863	0.01019	0.00999	0.01177	0.02839	0.00735	0.01409	0.02029	0.02765	0.47939	0.16259	0.14486	0.01741	0.00920	0.00256	0.00414	0.01530	0.00801	0.00711
26	0.11867	0.02456	0.02105	0.01721	0.02259	0.21467	0.01377	0.34845	0.02835	0.09257	0.01681	0.01724	0.01221	0.00871	0.00719	0.00225	0.00963	0.00615	0.00649	0.01142
27	0.02253	0.02096	0.11320	0.01586	0.02276	0.03899	0.01434	0.22319	0.08602	0.08899	0.01840	0.01897	0.01357	0.00795	0.00703	0.00198	0.00780	0.00619	0.00612	0.26516
28	0.02761	0.02043	0.02250	0.01767	0.02315	0.02298	0.01453	0.51034	0.09767	0.07239	0.01974	0.01986	0.01426	0.00981	0.00927	0.00245	0.06800	0.00718	0.00748	0.01269
29	0.71715	0.01489	0.01240	0.06947	0.01825	0.01738	0.00951	0.02254	0.01339	0.03352	0.01105	0.01328	0.00856	0.00724	0.00505	0.00241	0.00637	0.00443	0.00468	0.00842
30	0.01635	0.14689	0.58755	0.02074	0.03145	0.01996	0.02627	0.02435	0.01628	0.02358	0.01343	0.01576	0.00984	0.00725	0.00700	0.00233	0.01097	0.00549	0.00328	0.01123
31	0.01637	0.01307	0.01548	0.01153	0.01775	0.01000	0.00910	0.01959	0.01626	0.05765	0.01744	0.08537	0.01574	0.00774	0.00625	0.00141	0.00566	0.00645	0.00510	0.66204
32	0.00991	0.00778	0.00896	0.00888	0.01099	0.00683	0.00658	0.01250	0.01913	0.02491	0.31441	0.12549	0.37890	0.01853	0.00922	0.00259	0.00387	0.01593	0.00773	0.00683
33	0.02901	0.03566	0.02208	0.01979	0.02398	0.63934	0.01496	0.08376	0.02320	0.02151	0.01255	0.01438	0.01026	0.00810	0.00706	0.00203	0.01352	0.00516	0.00431	0.00934
34	0.00945	0.00675	0.00900	0.01080	0.01125	0.00630	0.00720	0.01080	0.01484	0.01979	0.04274	0.72245	0.05128	0.02429	0.00990	0.00315	0.00450	0.02204	0.00720	0.00630
35	0.01464	0.01378	0.02326	0.70887	0.05340	0.01723	0.02153	0.01981	0.01550	0.01981	0.01378	0.02067	0.01034	0.00775	0.00775	0.00258	0.01034	0.00689	0.00345	0.00861
36	0.00934	0.00786	0.00810	0.00804	0.01058	0.00662	0.00603	0.01146	0.01808	0.02192	0.13571	0.07302	0.61823	0.01927	0.00916	0.00260	0.00390	0.01614	0.00733	0.00662
37	0.01608	0.01378	0.01608	0.01148	0.01837	0.01034	0.00919	0.01952	0.01608	0.02527	0.01378	0.01608	0.01148	0.00574	0.00574	0.00115	0.00574	0.00459	0.00459	0.77491
38	0.01602	0.01500	0.02301	0.01703	0.02311	0.01299	0.16466	0.01998	0.01650	0.02461	0.04089	0.06708	0.01651	0.00805	0.00816	0.00182	0.04968	0.00737	0.00469	0.46285
39	0.01586	0.01365	0.01433	0.01327	0.01672	0.03380	0.01028	0.02932	0.37874	0.02931	0.16175	0.04488	0.15061	0.01359	0.00846	0.00262	0.00554	0.03955	0.00774	0.00997
40	0.01575	0.10018	0.59047	0.02060	0.03107	0.01853	0.02604	0.02386	0.01664	0.02437	0.05171	0.01841	0.01348	0.00779	0.00725	0.00238	0.01073	0.00607	0.00358	0.01109
41	0.01919	0.01842	0.03147	0.04759	0.67914	0.01842	0.02380	0.02380	0.01765	0.02533	0.01458	0.01919	0.01228	0.00691	0.00768	0.00230	0.00921	0.00691	0.00384	0.01228
42	0.01966	0.01419	0.01673	0.01241	0.01882	0.01179	0.00998	0.06738	0.05099	0.12138	0.04074	0.01984	0.01549	0.00714	0.00640	0.00153	0.00601	0.00576	0.00583	0.54794
43	0.02131	0.01608	0.01761	0.01500	0.01984	0.01745	0.01185	0.11180	0.42186	0.10313	0.05310	0.02873	0.04229	0.01034	0.00777	0.00244	0.00629	0.00851	0.00778	0.07683
44	0.01344	0.01039	0.04204	0.01166	0.01460	0.00863	0.04060	0.01710	0.02068	0.08863	0.45367	0.09144	0.12592	0.01534	0.00899	0.00250	0.00482	0.01356	0.00795	0.00805
45	0.02466	0.01977	0.02098	0.01859	0.05951	0.05474	0.01407	0.29747	0.30616	0.06372	0.02412	0.02318	0.01775	0.00964	0.00777	0.00244	0.00773	0.00768	0.00747	0.01253
46	0.01833	0.02288	0.15200	0.03954	0.41423	0.01863	0.17154	0.02418	0.01758	0.02508	0.01472	0.01909	0.01172	0.00690	0.00797	0.00240	0.01052	0.00722	0.00376	0.01171
47	0.01689	0.04557	0.01537	0.01256	0.01595	0.01324	0.00962	0.17755	0.04909	0.02955	0.08227	0.24777	0.03178	0.05978	0.01005	0.00272	0.00600	0.01227	0.05077	0.11120
48	0.01938	0.01690	0.01667	0.01473	0.01882	0.06619	0.01143	0.12312	0.38324	0.03152	0.06262	0.03483	0.11435	0.03964	0.00927	0.00272	0.00669	0.00962	0.00740	0.01086

[dist]
# distance from previous block
# <min> <max>
2	24

[block]
# block no. 6 follows, 25 sequences, length 37
# corresponding to MSA columns:
# 270-306
name=unknown_G
#
# <colnr> <probs for GDERKNQSTAVLIFYWHMCP>
#	G	D	E	R	K	N	Q	S	T	A	V	L	I	F	Y	W	H	M	C	P
0	0.11377	0.01112	0.01277	0.01136	0.01444	0.01132	0.00882	0.07762	0.07086	0.08424	0.40701	0.06861	0.05058	0.01356	0.00829	0.00246	0.00485	0.01153	0.00797	0.00879
1	0.02695	0.01876	0.02083	0.01598	0.02215	0.01950	0.01309	0.41050	0.07664	0.12683	0.02024	0.01992	0.01442	0.00877	0.00740	0.00214	0.00759	0.00678	0.00742	0.15409
2	0.45417	0.01791	0.06899	0.01305	0.01866	0.01782	0.01155	0.13759	0.05023	0.09603	0.01750	0.01807	0.03291	0.00838	0.00611	0.00241	0.00689	0.00577	0.00588	0.01007
3	0.02662	0.01907	0.02059	0.01580	0.02198	0.04397	0.01289	0.37369	0.05385	0.12763	0.01936	0.01930	0.01389	0.00851	0.00726	0.00206	0.00772	0.00653	0.00713	0.19215
4	0.00976	0.00709	0.00964	0.03742	0.01286	0.00687	0.00776	0.01126	0.01468	0.01959	0.04032	0.65153	0.04792	0.04592	0.03452	0.00358	0.00538	0.02067	0.00687	0.00636
5	0.01042	0.00814	0.01022	0.04749	0.01439	0.00766	0.00876	0.01284	0.01698	0.02147	0.07561	0.24898	0.29546	0.02058	0.00967	0.00299	0.00521	0.16934	0.00703	0.00676
6	0.04275	0.01072	0.01187	0.01072	0.01299	0.01152	0.00798	0.14568	0.01834	0.02774	0.02242	0.03213	0.02016	0.20254	0.13409	0.00524	0.00867	0.00830	0.25834	0.00778
7	0.02408	0.44930	0.03304	0.01600	0.02156	0.30154	0.01396	0.02637	0.01828	0.01854	0.01127	0.01307	0.00997	0.00719	0.00580	0.00180	0.01061	0.00449	0.00359	0.00956
8	0.01696	0.01696	0.02375	0.02036	0.02036	0.02375	0.01696	0.01866	0.01187	0.01866	0.01018	0.01696	0.01018	0.01357	0.02545	0.00339	0.71332	0.00679	0.00339	0.00848
9	0.01216	0.00882	0.01203	0.01364	0.01550	0.00869	0.01183	0.01557	0.01783	0.02298	0.04481	0.08617	0.10792	0.02124	0.01055	0.00347	0.00682	0.56574	0.00715	0.00708
10	0.01809	0.19670	0.37519	0.02312	0.12923	0.02032	0.02263	0.02439	0.01692	0.05547	0.03932	0.01796	0.01311	0.00756	0.00694	0.00224	0.00983	0.00596	0.00388	0.01116
11	0.01483	0.01403	0.02329	0.65474	0.05080	0.01774	0.02117	0.01972	0.01522	0.01972	0.01350	0.02038	0.01032	0.00821	0.00914	0.00265	0.06561	0.00688	0.00344	0.00860
12	0.01347	0.00673	0.01010	0.01010	0.01010	0.00673	0.00673	0.01010	0.01010	0.01347	0.01347	0.02357	0.01347	0.02694	0.03030	0.77441	0.00673	0.00673	0.00337	0.00337
13	0.01919	0.01842	0.03147	0.04759	0.67914	0.01842	0.02380	0.02380	0.01765	0.02533	0.01458	0.01919	0.01228	0.00691	0.00768	0.00230	0.00921	0.00691	0.00384	0.01228
14	0.01883	0.01806	0.03083	0.09958	0.62994	0.01833	0.02362	0.02348	0.01749	0.02490	0.01452	0.01931	0.01213	0.00697	0.00768	0.00232	0.00930	0.00691	0.00381	0.01199
15	0.00931	0.00786	0.00805	0.00800	0.01056	0.00661	0.00600	0.01140	0.01801	0.02174	0.12544	0.07331	0.62860	0.01934	0.00916	0.00260	0.00391	0.01618	0.00731	0.00661
16	0.01464	0.01378	0.02326	0.70887	0.05340	0.01723	0.02153	0.01981	0.01550	0.01981	0.01378	0.02067	0.01034	0.00775	0.00775	0.00258	0.01034	0.00689	0.00345	0.00861
17	0.01825	0.02077	0.04497	0.03224	0.03980	0.01976	0.62838	0.02462	0.01807	0.02462	0.01549	0.02077	0.01171	0.00679	0.00973	0.00264	0.03804	0.00907	0.00390	0.01039
18	0.01919	0.01842	0.03147	0.04759	0.67914	0.01842	0.02380	0.02380	0.01765	0.02533	0.01458	0.01919	0.01228	0.00691	0.00768	0.00230	0.00921	0.00691	0.00384	0.01228
19	0.01300	0.00704	0.01057	0.01057	0.01084	0.00732	0.00732	0.01084	0.01057	0.01436	0.01491	0.02493	0.01464	0.03310	0.16196	0.62389	0.00951	0.00704	0.00352	0.00407
20	0.16993	0.01775	0.02751	0.04020	0.54794	0.01822	0.02075	0.02360	0.01677	0.02720	0.01384	0.01789	0.01151	0.00697	0.00711	0.00232	0.00858	0.00637	0.00403	0.01151
21	0.01830	0.03647	0.55615	0.02126	0.03168	0.01920	0.02590	0.14876	0.02034	0.02936	0.01484	0.01681	0.01049	0.00775	0.00744	0.00243	0.01088	0.00598	0.00416	0.01180
22	0.02233	0.01030	0.01201	0.01020	0.01373	0.00988	0.00810	0.07256	0.01975	0.24767	0.02654	0.02730	0.01914	0.00924	0.00638	0.00204	0.00497	0.00740	0.46079	0.00965
23	0.02588	0.01891	0.02034	0.01599	0.02097	0.02078	0.01275	0.52646	0.03148	0.04218	0.01976	0.02496	0.01615	0.15118	0.01402	0.00335	0.00833	0.00783	0.00715	0.01151
24	0.08801	0.02973	0.02161	0.01853	0.02318	0.40621	0.01444	0.23127	0.02568	0.02988	0.01398	0.01546	0.01090	0.00851	0.00760	0.00218	0.03166	0.00563	0.00526	0.01029
25	0.01739	0.01659	0.02822	0.30893	0.43184	0.01795	0.02290	0.02222	0.01680	0.02315	0.01427	0.01978	0.01151	0.00724	0.00771	0.00241	0.00966	0.00690	0.00368	0.01083
26	0.02505	0.03121	0.01918	0.01758	0.02130	0.56011	0.01319	0.02704	0.02112	0.01937	0.02513	0.02596	0.14155	0.01029	0.00742	0.00212	0.01200	0.00724	0.00463	0.00851
27	0.02051	0.02107	0.04131	0.02975	0.03727	0.02048	0.52530	0.14898	0.02189	0.02958	0.01626	0.02046	0.01205	0.00708	0.00887	0.00256	0.01218	0.00872	0.00468	0.01100
28	0.01178	0.15012	0.01536	0.01140	0.01311	0.01120	0.00857	0.01342	0.01512	0.01960	0.03637	0.56142	0.04290	0.02071	0.00895	0.00287	0.00533	0.03829	0.00643	0.00705
29	0.01356	0.01261	0.02021	0.57039	0.04492	0.01512	0.01844	0.01810	0.01593	0.02003	0.02658	0.03133	0.14183	0.01010	0.00803	0.00259	0.00907	0.00876	0.00419	0.00820
30	0.01112	0.00815	0.01167	0.01167	0.01278	0.00926	0.00871	0.01334	0.01223	0.01741	0.02149	0.03447	0.02112	0.19038	0.56693	0.01148	0.01815	0.00889	0.00426	0.00648
31	0.06599	0.02220	0.02262	0.01758	0.02360	0.05938	0.01444	0.58968	0.03456	0.04660	0.01788	0.01808	0.01278	0.00914	0.00757	0.00231	0.00870	0.00674	0.00741	0.01273
32	0.01830	0.03647	0.55615	0.02126	0.03168	0.01920	0.02590	0.14876	0.02034	0.02936	0.01484	0.01681	0.01049	0.00775	0.00744	0.00243	0.01088	0.00598	0.00416	0.01180
33	0.02683	0.02015	0.02185	0.01658	0.02292	0.02134	0.01364	0.52809	0.03243	0.04420	0.01766	0.01811	0.01285	0.00860	0.00736	0.00209	0.00798	0.00651	0.00713	0.16366
34	0.01053	0.00903	0.00948	0.00857	0.01203	0.00729	0.00654	0.01279	0.01736	0.02180	0.06575	0.06306	0.54473	0.01689	0.00849	0.00233	0.00429	0.01404	0.00669	0.15833
35	0.01763	0.01630	0.02729	0.07608	0.51497	0.01648	0.02144	0.02206	0.01758	0.02462	0.01977	0.03276	0.01857	0.00982	0.00828	0.00257	0.00886	0.12939	0.00447	0.01107
36	0.01365	0.01363	0.01144	0.01085	0.01349	0.14306	0.00814	0.01615	0.01987	0.02376	0.25365	0.05737	0.35418	0.01614	0.00873	0.00244	0.00583	0.01338	0.00699	0.00727

[dist]
# distance from previous block
# <min> <max>
0	10

# created by:
# /st0/software/busco_prod/Augustus/scripts/msa2prfl.pl ./align_prep/109378.fa
