[name]
unknown

[dist]
# distance from previous block
# <min> <max>
0	206

[block]
# block no. 0 follows, 24 sequences, length 36
# corresponding to MSA columns:
# 221-256
name=unknown_A
#
# <colnr> <probs for GDERKNQSTAVLIFYWHMCP>
#	G	D	E	R	K	N	Q	S	T	A	V	L	I	F	Y	W	H	M	C	P
0	0.11255	0.07176	0.02202	0.07458	0.02454	0.07823	0.01413	0.28229	0.02629	0.14267	0.02002	0.02346	0.01522	0.00966	0.00751	0.00242	0.00864	0.04565	0.00682	0.01152
1	0.05060	0.07548	0.01890	0.01404	0.01809	0.01737	0.01133	0.25806	0.02393	0.09081	0.02255	0.10613	0.01959	0.03180	0.01076	0.05485	0.03846	0.00886	0.11828	0.01014
2	0.11981	0.01007	0.01065	0.01025	0.01244	0.01074	0.00776	0.06720	0.01739	0.02886	0.05827	0.13466	0.02727	0.07542	0.01054	0.00287	0.02884	0.03813	0.32111	0.00772
3	0.06542	0.01125	0.04262	0.01292	0.01546	0.01076	0.04130	0.01707	0.01682	0.04927	0.21286	0.08772	0.03705	0.07127	0.18790	0.00555	0.04134	0.01093	0.05467	0.00782
4	0.00986	0.00704	0.00943	0.01127	0.01182	0.00661	0.00771	0.01139	0.01538	0.02047	0.04360	0.67606	0.05201	0.02466	0.01017	0.00325	0.00477	0.06065	0.00736	0.00650
5	0.05287	0.49990	0.12833	0.01652	0.02378	0.08126	0.05595	0.02466	0.01677	0.02076	0.01189	0.01397	0.01021	0.00702	0.00586	0.00193	0.00962	0.00487	0.00355	0.01028
6	0.01590	0.04102	0.68023	0.02260	0.03432	0.01842	0.02930	0.02511	0.01674	0.02511	0.01423	0.01674	0.01005	0.00753	0.00753	0.00251	0.01172	0.00586	0.00335	0.01172
7	0.01912	0.07787	0.34795	0.05359	0.14048	0.04348	0.07352	0.02580	0.01794	0.08021	0.03596	0.01961	0.01350	0.00784	0.00766	0.00242	0.01062	0.00670	0.00425	0.01148
8	0.05914	0.04012	0.09181	0.02084	0.08668	0.01965	0.05398	0.17594	0.20138	0.13363	0.02294	0.02270	0.01657	0.00912	0.00780	0.00249	0.00827	0.00756	0.00689	0.01247
9	0.01153	0.00769	0.00865	0.00865	0.00865	0.00769	0.00480	0.01153	0.01153	0.01538	0.02499	0.05189	0.02883	0.72131	0.04036	0.00769	0.00769	0.01153	0.00480	0.00480
10	0.01613	0.01416	0.02057	0.30470	0.03289	0.01776	0.01661	0.06601	0.01606	0.02235	0.01714	0.07055	0.01582	0.07317	0.01589	0.00329	0.20713	0.00849	0.05273	0.00853
11	0.01470	0.01368	0.02352	0.16917	0.02946	0.01491	0.16076	0.04097	0.01636	0.02212	0.02421	0.23407	0.02506	0.04831	0.04841	0.00367	0.08457	0.01257	0.00506	0.00842
12	0.01703	0.00985	0.01020	0.00928	0.01171	0.01024	0.00705	0.12093	0.01959	0.03171	0.02467	0.02974	0.01993	0.06997	0.00890	0.00243	0.00486	0.00770	0.57603	0.00817
13	0.01478	0.00739	0.00739	0.00739	0.00924	0.00739	0.00554	0.01848	0.01663	0.02956	0.02587	0.02956	0.02033	0.00924	0.00554	0.00185	0.00370	0.00739	0.76534	0.00739
14	0.05020	0.02153	0.11178	0.12490	0.09376	0.01877	0.37941	0.02383	0.01746	0.02464	0.01516	0.02042	0.01157	0.00790	0.00954	0.03494	0.01187	0.00812	0.00387	0.01031
15	0.01243	0.01023	0.01548	0.07782	0.01937	0.01067	0.06404	0.04235	0.01644	0.02206	0.03532	0.49724	0.04048	0.02025	0.01080	0.00311	0.05108	0.03682	0.00650	0.00751
16	0.01045	0.00729	0.00891	0.00988	0.01024	0.00699	0.00620	0.01127	0.01374	0.01820	0.03724	0.40253	0.06907	0.32430	0.02310	0.00512	0.00590	0.01755	0.00626	0.00575
17	0.00988	0.00707	0.00939	0.01089	0.01155	0.00658	0.00738	0.01158	0.01619	0.02184	0.12988	0.62541	0.05554	0.02365	0.01002	0.00312	0.00448	0.02141	0.00755	0.00658
18	0.01762	0.02106	0.09064	0.05412	0.09610	0.01875	0.43571	0.02362	0.01782	0.02454	0.01785	0.07989	0.01525	0.00868	0.00980	0.00271	0.04140	0.00981	0.00420	0.01044
19	0.01656	0.01679	0.02896	0.08458	0.06106	0.01968	0.19566	0.02019	0.01500	0.02143	0.01659	0.09373	0.01588	0.01415	0.04663	0.00350	0.30700	0.00937	0.00410	0.00915
20	0.03052	0.02162	0.02343	0.01796	0.02429	0.02371	0.01484	0.60400	0.03629	0.09279	0.01987	0.01958	0.01390	0.00954	0.00794	0.00238	0.00859	0.00720	0.00806	0.01349
21	0.01903	0.19471	0.20891	0.06806	0.03109	0.02225	0.16032	0.07800	0.01847	0.02529	0.01457	0.01796	0.01136	0.00785	0.00850	0.00238	0.05487	0.00659	0.03912	0.01068
22	0.02190	0.01887	0.06148	0.06760	0.02994	0.01811	0.22206	0.15661	0.04820	0.11561	0.04956	0.05582	0.01891	0.04007	0.01061	0.00283	0.03558	0.00918	0.00608	0.01099
23	0.00971	0.00704	0.00917	0.01076	0.01145	0.00650	0.00726	0.01123	0.01571	0.02082	0.07298	0.63864	0.10123	0.02411	0.01003	0.00315	0.00452	0.02174	0.00742	0.00650
24	0.15441	0.09877	0.02513	0.23230	0.09517	0.06649	0.06497	0.07799	0.01831	0.02691	0.01449	0.01845	0.01133	0.00776	0.00696	0.00236	0.00931	0.00631	0.05277	0.00979
25	0.02120	0.72609	0.04155	0.01357	0.02035	0.03138	0.01357	0.02374	0.01611	0.01866	0.01102	0.01272	0.01018	0.00678	0.00509	0.00170	0.00848	0.00424	0.00339	0.01018
26	0.77733	0.01534	0.01166	0.01043	0.01534	0.01779	0.00859	0.02331	0.01350	0.03558	0.01104	0.01288	0.00859	0.00736	0.00491	0.00245	0.00613	0.00429	0.00491	0.00859
27	0.01377	0.00689	0.01033	0.01033	0.01033	0.00689	0.00689	0.01033	0.01033	0.01377	0.01377	0.02410	0.01377	0.02755	0.03099	0.76928	0.00689	0.00689	0.00344	0.00344
28	0.02557	0.01803	0.01955	0.01546	0.02068	0.01943	0.01261	0.45249	0.03180	0.07095	0.08046	0.02846	0.07247	0.01093	0.00793	0.00236	0.00734	0.00859	0.08308	0.01182
29	0.01377	0.00689	0.01033	0.01033	0.01033	0.00689	0.00689	0.01033	0.01033	0.01377	0.01377	0.02410	0.01377	0.02755	0.03099	0.76928	0.00689	0.00689	0.00344	0.00344
30	0.06831	0.03640	0.55227	0.02159	0.03206	0.01855	0.04869	0.02652	0.07397	0.02656	0.01569	0.01780	0.01129	0.00778	0.00747	0.00253	0.01091	0.00616	0.00390	0.01154
31	0.05573	0.07904	0.11002	0.06375	0.02551	0.01677	0.08053	0.06632	0.08548	0.13677	0.08267	0.04966	0.02143	0.00954	0.00768	0.00236	0.00811	0.00816	0.00616	0.08433
32	0.01385	0.00863	0.01115	0.01069	0.01278	0.00794	0.00804	0.01677	0.01999	0.10119	0.36893	0.13133	0.10550	0.08119	0.01223	0.00315	0.00486	0.06593	0.00812	0.00773
33	0.02080	0.02286	0.03643	0.03570	0.25405	0.12487	0.29864	0.02691	0.05287	0.02504	0.01592	0.02010	0.01257	0.00726	0.00843	0.00247	0.01179	0.00788	0.00421	0.01120
34	0.64127	0.01818	0.06979	0.01221	0.01784	0.01849	0.01097	0.08272	0.01604	0.03606	0.01208	0.01380	0.00918	0.00758	0.00542	0.00245	0.00686	0.00470	0.00506	0.00932
35	0.02817	0.01999	0.02165	0.01689	0.02266	0.02188	0.01385	0.52238	0.05969	0.07864	0.04951	0.02233	0.01740	0.00986	0.00785	0.00237	0.00798	0.00759	0.05651	0.01279

[dist]
# distance from previous block
# <min> <max>
1	3

[block]
# block no. 1 follows, 24 sequences, length 17
# corresponding to MSA columns:
# 260-276
name=unknown_B
#
# <colnr> <probs for GDERKNQSTAVLIFYWHMCP>
#	G	D	E	R	K	N	Q	S	T	A	V	L	I	F	Y	W	H	M	C	P
0	0.77733	0.01534	0.01166	0.01043	0.01534	0.01779	0.00859	0.02331	0.01350	0.03558	0.01104	0.01288	0.00859	0.00736	0.00491	0.00245	0.00613	0.00429	0.00491	0.00859
1	0.01137	0.00834	0.01194	0.01194	0.01308	0.00947	0.00891	0.01364	0.01251	0.01781	0.02198	0.03524	0.02160	0.18977	0.56202	0.01175	0.01857	0.00909	0.00436	0.00663
2	0.01088	0.00777	0.01060	0.01244	0.01343	0.00749	0.00948	0.01315	0.01638	0.02161	0.04303	0.47094	0.04978	0.02369	0.01045	0.00339	0.00566	0.25571	0.00734	0.00678
3	0.01782	0.01700	0.02893	0.30214	0.43248	0.01837	0.02344	0.02276	0.01720	0.02372	0.01460	0.02021	0.01179	0.00740	0.00788	0.00247	0.00987	0.00706	0.00377	0.01111
4	0.01963	0.01884	0.03219	0.04867	0.67185	0.01884	0.02434	0.02434	0.01806	0.02591	0.01492	0.01963	0.01256	0.00707	0.00785	0.00236	0.00942	0.00707	0.00393	0.01256
5	0.01858	0.01595	0.01688	0.01527	0.01949	0.01820	0.01185	0.03863	0.58052	0.03235	0.07217	0.03424	0.06760	0.01166	0.00823	0.00268	0.00599	0.00977	0.00806	0.01189
6	0.02019	0.01004	0.01316	0.01145	0.01490	0.00889	0.00890	0.02324	0.02131	0.27698	0.29347	0.11554	0.11892	0.01508	0.00890	0.00257	0.00501	0.01301	0.00885	0.00959
7	0.01002	0.00717	0.00957	0.01115	0.01184	0.00672	0.00771	0.01179	0.01615	0.02169	0.10990	0.60735	0.05440	0.02374	0.01009	0.00317	0.00468	0.05875	0.00750	0.00661
8	0.12064	0.01314	0.01908	0.37450	0.09016	0.01506	0.01644	0.01917	0.01676	0.02432	0.09539	0.03198	0.11194	0.01043	0.00786	0.00258	0.00816	0.00886	0.00488	0.00864
9	0.02421	0.01921	0.02041	0.04500	0.02336	0.05762	0.01324	0.27415	0.14607	0.07038	0.02028	0.02058	0.01506	0.00867	0.00738	0.00212	0.00782	0.00677	0.00680	0.21089
10	0.19311	0.01069	0.01227	0.04929	0.01585	0.01092	0.00891	0.02011	0.01965	0.10503	0.36576	0.04078	0.04612	0.01252	0.00784	0.00245	0.00502	0.01043	0.05474	0.00849
11	0.01666	0.01407	0.02056	0.16472	0.18222	0.01400	0.01547	0.04248	0.03766	0.04641	0.13328	0.05486	0.04630	0.00997	0.00786	0.00225	0.00736	0.00882	0.00553	0.16951
12	0.01786	0.03833	0.01434	0.01189	0.01565	0.04979	0.00934	0.09494	0.07024	0.11341	0.10583	0.08472	0.31148	0.01551	0.00867	0.00255	0.00586	0.01282	0.00760	0.00918
13	0.09904	0.17212	0.02521	0.08363	0.05260	0.10573	0.01431	0.20736	0.02301	0.03124	0.01500	0.01705	0.01177	0.00800	0.00665	0.00211	0.00886	0.00580	0.04392	0.06660
14	0.02272	0.01730	0.04499	0.01619	0.02146	0.01706	0.05418	0.24189	0.11957	0.09330	0.05446	0.05446	0.02050	0.01108	0.00907	0.04319	0.00745	0.00840	0.06558	0.07718
15	0.08525	0.01816	0.05016	0.10747	0.06739	0.09265	0.01423	0.09815	0.08177	0.02744	0.02224	0.15856	0.02097	0.01343	0.03356	0.00286	0.00871	0.00965	0.00561	0.08175
16	0.02024	0.07384	0.02338	0.04355	0.05920	0.01781	0.06188	0.15759	0.04185	0.06052	0.02160	0.09987	0.03745	0.01063	0.00934	0.00232	0.07240	0.00868	0.00578	0.17208

[dist]
# distance from previous block
# <min> <max>
15	44

[block]
# block no. 2 follows, 24 sequences, length 10
# corresponding to MSA columns:
# 325-334
name=unknown_C
#
# <colnr> <probs for GDERKNQSTAVLIFYWHMCP>
#	G	D	E	R	K	N	Q	S	T	A	V	L	I	F	Y	W	H	M	C	P
0	0.08797	0.42023	0.11731	0.04783	0.02250	0.02411	0.01490	0.02313	0.01606	0.05361	0.01538	0.06598	0.01396	0.01064	0.03453	0.00252	0.00896	0.00628	0.00417	0.00993
1	0.09725	0.21100	0.24090	0.01558	0.02275	0.01893	0.01687	0.02254	0.01664	0.05580	0.04305	0.04379	0.06338	0.01166	0.03532	0.00272	0.00901	0.02604	0.00464	0.04213
2	0.08400	0.24698	0.14939	0.01585	0.02279	0.02182	0.01576	0.07505	0.06432	0.11916	0.01685	0.01771	0.01276	0.00818	0.00746	0.00219	0.04266	0.00581	0.00521	0.06606
3	0.07415	0.29343	0.26812	0.01652	0.02448	0.02205	0.01834	0.02535	0.04178	0.07089	0.06246	0.01927	0.01596	0.00816	0.00660	0.00220	0.00894	0.00602	0.00452	0.01076
4	0.17998	0.19531	0.23975	0.01573	0.02268	0.02000	0.01684	0.02354	0.05589	0.02494	0.01439	0.01737	0.01166	0.01282	0.05754	0.06243	0.00970	0.00560	0.00407	0.00975
5	0.02053	0.32980	0.21309	0.01665	0.02402	0.08172	0.01749	0.02639	0.06227	0.06301	0.06174	0.01936	0.01633	0.00825	0.00664	0.00213	0.00930	0.00605	0.00454	0.01070
6	0.07471	0.29471	0.04766	0.01658	0.02329	0.06407	0.09939	0.02652	0.01790	0.13585	0.01582	0.01712	0.01218	0.00731	0.00647	0.00198	0.00877	0.00576	0.00492	0.11900
7	0.26520	0.01478	0.04185	0.01288	0.01790	0.01421	0.01081	0.05484	0.06574	0.26013	0.06364	0.07738	0.02176	0.01054	0.00715	0.00251	0.00635	0.00825	0.03341	0.01067
8	0.01706	0.06862	0.05689	0.01255	0.01679	0.01299	0.01074	0.11237	0.02285	0.07864	0.31891	0.06135	0.09948	0.01334	0.00838	0.00236	0.00576	0.01126	0.00751	0.06216
9	0.01729	0.00938	0.01130	0.01009	0.01284	0.00916	0.00787	0.02074	0.01796	0.12586	0.12686	0.03261	0.02784	0.01440	0.06200	0.00293	0.03437	0.00847	0.38670	0.06133

[dist]
# distance from previous block
# <min> <max>
0	8

[block]
# block no. 3 follows, 24 sequences, length 56
# corresponding to MSA columns:
# 343-398
name=unknown_D
#
# <colnr> <probs for GDERKNQSTAVLIFYWHMCP>
#	G	D	E	R	K	N	Q	S	T	A	V	L	I	F	Y	W	H	M	C	P
0	0.24094	0.05450	0.18822	0.04021	0.06815	0.04143	0.01759	0.20228	0.02190	0.03472	0.01453	0.01637	0.01080	0.00802	0.00681	0.00240	0.00900	0.00580	0.00518	0.01114
1	0.11452	0.01774	0.01979	0.11728	0.06335	0.05129	0.01418	0.24261	0.06659	0.07328	0.02305	0.02447	0.06328	0.01041	0.00847	0.03241	0.00812	0.00758	0.03081	0.01078
2	0.02525	0.01956	0.02581	0.08004	0.02829	0.02147	0.10748	0.35395	0.07044	0.07734	0.01948	0.02107	0.01417	0.00935	0.00928	0.00252	0.05632	0.00763	0.03852	0.01202
3	0.04542	0.05833	0.06751	0.07947	0.02624	0.01595	0.11696	0.08573	0.02012	0.19258	0.04240	0.14738	0.02260	0.01170	0.00885	0.00263	0.02873	0.01033	0.00650	0.01057
4	0.01344	0.00847	0.01093	0.01007	0.01227	0.00780	0.00764	0.01713	0.02195	0.08217	0.56130	0.05410	0.06570	0.01510	0.00891	0.00243	0.00397	0.01323	0.07544	0.00795
5	0.01012	0.00746	0.00928	0.01028	0.01138	0.00686	0.00715	0.01191	0.01650	0.02169	0.12845	0.41769	0.17402	0.08399	0.01258	0.00344	0.00478	0.04859	0.00731	0.00652
6	0.01686	0.01755	0.03524	0.24847	0.04241	0.01790	0.37223	0.02277	0.01790	0.02431	0.05427	0.02394	0.01566	0.00778	0.00871	0.00261	0.01142	0.00880	0.04143	0.00973
7	0.01128	0.00826	0.01179	0.01188	0.01298	0.00931	0.00882	0.01350	0.01265	0.01794	0.02314	0.07136	0.02325	0.18213	0.53168	0.01129	0.01781	0.00981	0.00452	0.00662
8	0.01590	0.04102	0.68023	0.02260	0.03432	0.01842	0.02930	0.02511	0.01674	0.02511	0.01423	0.01674	0.01005	0.00753	0.00753	0.00251	0.01172	0.00586	0.00335	0.01172
9	0.01135	0.00843	0.01238	0.01238	0.01367	0.00972	0.00946	0.01393	0.01264	0.01814	0.02157	0.03298	0.02062	0.11775	0.63270	0.01230	0.02005	0.00876	0.00430	0.00688
10	0.01735	0.01735	0.02429	0.02082	0.02082	0.02429	0.01735	0.01908	0.01214	0.01908	0.01041	0.01735	0.01041	0.01388	0.02602	0.00347	0.70680	0.00694	0.00347	0.00867
11	0.01047	0.00808	0.00956	0.00919	0.01139	0.00716	0.00689	0.01351	0.02068	0.02760	0.42973	0.06615	0.31538	0.01778	0.00936	0.00257	0.00385	0.01531	0.00818	0.00716
12	0.01009	0.00722	0.00961	0.01092	0.01172	0.00674	0.00755	0.01204	0.01682	0.02280	0.17626	0.55778	0.05700	0.02292	0.00998	0.00308	0.00450	0.03863	0.00765	0.00669
13	0.01137	0.00831	0.01182	0.01182	0.01292	0.00941	0.00876	0.01357	0.01247	0.01773	0.02208	0.03582	0.02185	0.20831	0.54382	0.01161	0.01819	0.00918	0.00437	0.00657
14	0.03014	0.02221	0.02380	0.01825	0.02459	0.02459	0.01507	0.64541	0.03728	0.04998	0.01904	0.01904	0.01349	0.00952	0.00793	0.00238	0.00873	0.00714	0.00793	0.01349
15	0.01766	0.01107	0.01240	0.05194	0.01566	0.01192	0.00893	0.15202	0.02048	0.03189	0.02326	0.02771	0.01852	0.03789	0.06831	0.00318	0.00688	0.00756	0.46405	0.00866
16	0.03014	0.02221	0.02380	0.01825	0.02459	0.02459	0.01507	0.64541	0.03728	0.04998	0.01904	0.01904	0.01349	0.00952	0.00793	0.00238	0.00873	0.00714	0.00793	0.01349
17	0.01134	0.00845	0.01250	0.01250	0.01383	0.00978	0.00961	0.01400	0.01267	0.01823	0.02147	0.03240	0.02036	0.09920	0.65090	0.01244	0.02043	0.00868	0.00428	0.00694
18	0.14183	0.01877	0.02968	0.10941	0.03265	0.01963	0.24946	0.17967	0.02229	0.05636	0.01769	0.02323	0.01372	0.00858	0.00815	0.00260	0.01014	0.03994	0.00546	0.01074
19	0.02098	0.01389	0.01588	0.01381	0.01807	0.01456	0.01085	0.05210	0.31814	0.17524	0.14757	0.03885	0.10060	0.01246	0.00841	0.00259	0.00577	0.01046	0.00849	0.01128
20	0.01644	0.01409	0.01644	0.01175	0.01879	0.01057	0.00940	0.01997	0.01644	0.02584	0.01409	0.01644	0.01175	0.00587	0.00587	0.00117	0.00587	0.00470	0.00470	0.76979
21	0.01173	0.00864	0.01104	0.01035	0.01237	0.00822	0.00779	0.01660	0.06057	0.03188	0.62952	0.05745	0.07178	0.01588	0.00928	0.00251	0.00389	0.01402	0.00869	0.00779
22	0.00966	0.00690	0.00920	0.01104	0.01150	0.00644	0.00736	0.01104	0.01518	0.02024	0.04371	0.71614	0.05245	0.02484	0.01012	0.00322	0.00460	0.02254	0.00736	0.00644
23	0.01133	0.00850	0.01274	0.01274	0.01416	0.00991	0.00991	0.01416	0.01274	0.01841	0.02124	0.03115	0.01982	0.05947	0.68989	0.01274	0.02124	0.00850	0.00425	0.00708
24	0.01153	0.00769	0.00865	0.00865	0.00865	0.00769	0.00480	0.01153	0.01153	0.01538	0.02499	0.05189	0.02883	0.72131	0.04036	0.00769	0.00769	0.01153	0.00480	0.00480
25	0.01526	0.01427	0.02344	0.66184	0.05261	0.01774	0.02146	0.02155	0.05365	0.02102	0.01517	0.02164	0.01137	0.00809	0.00794	0.00265	0.01032	0.00716	0.00379	0.00903
26	0.03558	0.01350	0.01840	0.01411	0.02024	0.01166	0.01166	0.03865	0.02270	0.67734	0.03128	0.02699	0.01963	0.00981	0.00797	0.00245	0.00675	0.00797	0.00981	0.01350
27	0.02267	0.01647	0.01780	0.01450	0.01835	0.01795	0.01105	0.38276	0.04757	0.03616	0.02175	0.03198	0.01972	0.28247	0.02037	0.00443	0.00825	0.00888	0.00674	0.01013
28	0.02148	0.01708	0.01831	0.01611	0.02082	0.01942	0.01263	0.07687	0.57535	0.08102	0.03144	0.02879	0.02325	0.01062	0.00805	0.00265	0.00645	0.00879	0.00819	0.01267
29	0.01004	0.00751	0.01078	0.01198	0.01276	0.00701	0.03399	0.01164	0.01533	0.02046	0.04255	0.68703	0.05075	0.02408	0.01009	0.00320	0.00497	0.02199	0.00722	0.00662
30	0.01736	0.22919	0.50480	0.02012	0.03048	0.02198	0.02498	0.02474	0.01657	0.02334	0.01335	0.01564	0.01008	0.00733	0.00686	0.00229	0.01083	0.00541	0.00336	0.01130
31	0.77733	0.01534	0.01166	0.01043	0.01534	0.01779	0.00859	0.02331	0.01350	0.03558	0.01104	0.01288	0.00859	0.00736	0.00491	0.00245	0.00613	0.00429	0.00491	0.00859
32	0.01556	0.01469	0.02483	0.62061	0.13172	0.01777	0.02231	0.02077	0.01613	0.02097	0.01420	0.02095	0.01082	0.00782	0.00792	0.00261	0.01043	0.00705	0.00357	0.00928
33	0.02602	0.01943	0.02120	0.01656	0.02237	0.02068	0.01345	0.48970	0.03199	0.04340	0.02101	0.09389	0.01745	0.01066	0.00788	0.00230	0.00788	0.00846	0.00742	0.11824
34	0.00975	0.00697	0.00928	0.01098	0.01152	0.00650	0.00737	0.01127	0.01560	0.02091	0.07990	0.67804	0.05375	0.02434	0.01008	0.00318	0.00455	0.02207	0.00744	0.00650
35	0.07666	0.01939	0.02059	0.01656	0.02207	0.02150	0.01344	0.42190	0.15393	0.06514	0.02272	0.05045	0.01728	0.01026	0.00778	0.00247	0.00769	0.00799	0.02968	0.01251
36	0.00966	0.00690	0.00920	0.01104	0.01150	0.00644	0.00736	0.01104	0.01518	0.02024	0.04371	0.71614	0.05245	0.02484	0.01012	0.00322	0.00460	0.02254	0.00736	0.00644
37	0.01619	0.07733	0.64638	0.02212	0.03358	0.01910	0.02846	0.02504	0.01671	0.02477	0.01406	0.01653	0.01005	0.00749	0.00740	0.00247	0.01155	0.00577	0.00335	0.01164
38	0.01715	0.18209	0.51417	0.02130	0.03180	0.02119	0.05856	0.02484	0.01672	0.02379	0.01366	0.01615	0.01018	0.00733	0.00712	0.00235	0.01113	0.00571	0.00339	0.01135
39	0.01219	0.00850	0.01099	0.01080	0.01292	0.00786	0.00850	0.01567	0.02107	0.05259	0.44632	0.06618	0.14213	0.01759	0.00962	0.00274	0.00459	0.13384	0.00831	0.00757
40	0.01377	0.00689	0.01033	0.01033	0.01033	0.00689	0.00689	0.01033	0.01033	0.01377	0.01377	0.02410	0.01377	0.02755	0.03099	0.76928	0.00689	0.00689	0.00344	0.00344
41	0.10182	0.13652	0.02468	0.08185	0.02553	0.21118	0.01469	0.21187	0.02437	0.07381	0.01540	0.01681	0.01168	0.00836	0.00696	0.00221	0.01005	0.00587	0.00553	0.01082
42	0.14347	0.02079	0.01799	0.01521	0.01961	0.14933	0.01188	0.25541	0.06965	0.03472	0.01869	0.02264	0.01523	0.09144	0.01086	0.00291	0.00866	0.00696	0.07430	0.01026
43	0.01084	0.00809	0.01007	0.00957	0.01161	0.00732	0.00718	0.01422	0.02154	0.02964	0.54565	0.06278	0.19818	0.01702	0.00936	0.00253	0.00380	0.01484	0.00845	0.00732
44	0.01702	0.01690	0.02422	0.11421	0.02545	0.02337	0.01799	0.01925	0.01265	0.01925	0.01091	0.01787	0.01043	0.01306	0.02354	0.00336	0.61138	0.00695	0.00348	0.00869
45	0.01723	0.01637	0.06100	0.01286	0.02017	0.01193	0.01106	0.05785	0.01771	0.02724	0.01440	0.01662	0.01174	0.00620	0.00611	0.00134	0.00643	0.00492	0.00480	0.67401
46	0.02753	0.07240	0.02482	0.02213	0.08104	0.42326	0.01610	0.14436	0.02379	0.02562	0.01356	0.01576	0.01104	0.00862	0.00849	0.00221	0.05851	0.00573	0.00471	0.01031
47	0.01136	0.00792	0.01049	0.01076	0.01157	0.00848	0.00751	0.01305	0.01291	0.01828	0.02610	0.13832	0.02775	0.28150	0.32453	0.00895	0.01307	0.01154	0.04973	0.00621
48	0.01512	0.01438	0.02469	0.67599	0.05410	0.01771	0.04641	0.02046	0.01597	0.02046	0.01417	0.02115	0.01063	0.00788	0.00798	0.00264	0.01068	0.00714	0.00354	0.00888
49	0.01515	0.01568	0.06736	0.04762	0.05662	0.01423	0.18210	0.05265	0.05553	0.02487	0.04664	0.30508	0.03086	0.01507	0.00975	0.00287	0.02867	0.01422	0.00587	0.00916
50	0.04115	0.01439	0.02166	0.39678	0.03898	0.01706	0.05409	0.05851	0.07363	0.02534	0.01769	0.02266	0.01350	0.00868	0.00844	0.00254	0.04313	0.00732	0.12519	0.00928
51	0.01147	0.00825	0.01049	0.01168	0.01265	0.00804	0.00804	0.06690	0.01713	0.02286	0.04153	0.65476	0.04902	0.02349	0.00993	0.00315	0.00496	0.02119	0.00741	0.00706
52	0.01694	0.01688	0.03199	0.05017	0.05268	0.01604	0.34523	0.06237	0.01875	0.02563	0.02277	0.19182	0.02202	0.01133	0.00904	0.00264	0.01000	0.01188	0.00514	0.07667
53	0.07310	0.08622	0.02788	0.05848	0.06428	0.21517	0.11351	0.08558	0.01953	0.02452	0.01333	0.01711	0.01101	0.00936	0.01110	0.02739	0.12196	0.00640	0.00428	0.00980
54	0.14126	0.02065	0.08072	0.05818	0.02393	0.05797	0.01481	0.24312	0.02428	0.13129	0.01839	0.01954	0.01324	0.00914	0.00843	0.00245	0.05479	0.00659	0.05995	0.01129
55	0.01543	0.01304	0.01571	0.05153	0.01955	0.01042	0.00964	0.01864	0.01597	0.02433	0.01743	0.08068	0.01640	0.05521	0.00866	0.00187	0.00615	0.00686	0.00487	0.60759

[dist]
# distance from previous block
# <min> <max>
0	61

[block]
# block no. 4 follows, 24 sequences, length 33
# corresponding to MSA columns:
# 460-492
name=unknown_E
#
# <colnr> <probs for GDERKNQSTAVLIFYWHMCP>
#	G	D	E	R	K	N	Q	S	T	A	V	L	I	F	Y	W	H	M	C	P
0	0.01195	0.00803	0.01116	0.01175	0.01198	0.00852	0.00816	0.01166	0.01307	0.01773	0.02926	0.38149	0.03390	0.04885	0.02002	0.26657	0.07966	0.01513	0.00552	0.00559
1	0.10449	0.29408	0.02842	0.01594	0.02158	0.18282	0.01362	0.13782	0.08400	0.02761	0.01482	0.01589	0.01198	0.00805	0.00635	0.00208	0.00943	0.00543	0.00498	0.01060
2	0.02307	0.01551	0.01755	0.01511	0.01980	0.01677	0.01193	0.06774	0.41077	0.18560	0.09851	0.03159	0.02795	0.01105	0.00818	0.00260	0.00624	0.00921	0.00854	0.01228
3	0.00980	0.00782	0.00879	0.00904	0.01110	0.00680	0.00659	0.01203	0.01836	0.02326	0.19079	0.20367	0.42343	0.02028	0.00952	0.00275	0.00408	0.01744	0.00764	0.00680
4	0.10227	0.01811	0.01869	0.01605	0.02103	0.02070	0.01275	0.18686	0.43867	0.03751	0.02681	0.02526	0.01995	0.01010	0.00770	0.00259	0.00686	0.00803	0.00770	0.01236
5	0.01771	0.01897	0.04018	0.02922	0.03609	0.01783	0.53432	0.02373	0.01827	0.02550	0.01888	0.06749	0.01554	0.00814	0.00901	0.00262	0.01178	0.01001	0.08464	0.01007
6	0.01828	0.02444	0.14505	0.03174	0.04034	0.01980	0.54784	0.02536	0.01841	0.02536	0.01576	0.02067	0.01172	0.00682	0.00908	0.00265	0.01311	0.00882	0.00391	0.01085
7	0.01617	0.07517	0.64839	0.02215	0.03362	0.01906	0.02851	0.02504	0.01671	0.02479	0.01407	0.01654	0.01005	0.00750	0.00741	0.00247	0.01156	0.00578	0.00335	0.01164
8	0.01735	0.01735	0.02429	0.02082	0.02082	0.02429	0.01735	0.01908	0.01214	0.01908	0.01041	0.01735	0.01041	0.01388	0.02602	0.00347	0.70680	0.00694	0.00347	0.00867
9	0.01644	0.01409	0.01644	0.01175	0.01879	0.01057	0.00940	0.01997	0.01644	0.02584	0.01409	0.01644	0.01175	0.00587	0.00587	0.00117	0.00587	0.00470	0.00470	0.76979
10	0.01006	0.00701	0.00915	0.01071	0.01128	0.00659	0.00716	0.01158	0.01539	0.02095	0.06882	0.62493	0.05081	0.05596	0.01127	0.00333	0.00466	0.02097	0.04290	0.00645
11	0.00966	0.00690	0.00920	0.01104	0.01150	0.00644	0.00736	0.01104	0.01518	0.02024	0.04371	0.71614	0.05245	0.02484	0.01012	0.00322	0.00460	0.02254	0.00736	0.00644
12	0.77733	0.01534	0.01166	0.01043	0.01534	0.01779	0.00859	0.02331	0.01350	0.03558	0.01104	0.01288	0.00859	0.00736	0.00491	0.00245	0.00613	0.00429	0.00491	0.00859
13	0.01872	0.02139	0.04679	0.03342	0.04144	0.02005	0.64305	0.02540	0.01872	0.02540	0.01604	0.02139	0.01203	0.00668	0.00936	0.00267	0.01337	0.00936	0.00401	0.01070
14	0.02047	0.01473	0.01732	0.01282	0.01952	0.01226	0.01032	0.06557	0.06055	0.12686	0.01822	0.01907	0.01387	0.00703	0.00647	0.00155	0.00622	0.00564	0.00591	0.55560
15	0.01153	0.00769	0.00865	0.00865	0.00865	0.00769	0.00480	0.01153	0.01153	0.01538	0.02499	0.05189	0.02883	0.72131	0.04036	0.00769	0.00769	0.01153	0.00480	0.00480
16	0.01152	0.00774	0.00892	0.00892	0.00901	0.00783	0.00514	0.01170	0.01161	0.01557	0.02474	0.05054	0.02824	0.67818	0.08269	0.00802	0.00857	0.01133	0.00477	0.00495
17	0.01491	0.00958	0.01320	0.01417	0.04692	0.00932	0.01065	0.01796	0.01833	0.09312	0.17719	0.06372	0.04390	0.12906	0.04989	0.00430	0.00733	0.26141	0.00718	0.00786
18	0.00972	0.00699	0.00912	0.01079	0.01135	0.00650	0.00719	0.01108	0.01518	0.02010	0.04475	0.65711	0.08198	0.05329	0.01133	0.00338	0.00470	0.02180	0.00726	0.00639
19	0.01735	0.01735	0.02429	0.02082	0.02082	0.02429	0.01735	0.01908	0.01214	0.01908	0.01041	0.01735	0.01041	0.01388	0.02602	0.00347	0.70680	0.00694	0.00347	0.00867
20	0.01644	0.01409	0.01644	0.01175	0.01879	0.01057	0.00940	0.01997	0.01644	0.02584	0.01409	0.01644	0.01175	0.00587	0.00587	0.00117	0.00587	0.00470	0.00470	0.76979
21	0.01478	0.00739	0.00739	0.00739	0.00924	0.00739	0.00554	0.01848	0.01663	0.02956	0.02587	0.02956	0.02033	0.00924	0.00554	0.00185	0.00370	0.00739	0.76534	0.00739
22	0.01544	0.01457	0.02462	0.63699	0.11625	0.01774	0.02225	0.02067	0.01608	0.02082	0.01418	0.02099	0.01077	0.00784	0.00792	0.00261	0.01046	0.00705	0.00356	0.00918
23	0.01972	0.01703	0.01793	0.01614	0.02062	0.01972	0.01255	0.04214	0.65752	0.03317	0.03228	0.02959	0.02421	0.01076	0.00807	0.00269	0.00628	0.00897	0.00807	0.01255
24	0.01637	0.03559	0.52780	0.02463	0.05722	0.01814	0.12269	0.02444	0.01679	0.02465	0.01451	0.01791	0.01062	0.00833	0.00893	0.03854	0.01166	0.00649	0.00348	0.01120
25	0.01702	0.16629	0.53179	0.02146	0.03209	0.02088	0.05620	0.02487	0.01672	0.02394	0.01373	0.01623	0.01017	0.00735	0.00717	0.00237	0.01120	0.00573	0.00339	0.01139
26	0.01153	0.00769	0.00865	0.00865	0.00865	0.00769	0.00480	0.01153	0.01153	0.01538	0.02499	0.05189	0.02883	0.72131	0.04036	0.00769	0.00769	0.01153	0.00480	0.00480
27	0.01278	0.00913	0.01278	0.01460	0.01643	0.00913	0.01278	0.01643	0.01825	0.02373	0.04199	0.08945	0.04564	0.02191	0.01095	0.00365	0.00730	0.61847	0.00730	0.00730
28	0.07542	0.01760	0.02532	0.27842	0.17464	0.01976	0.04599	0.16886	0.06310	0.03058	0.01647	0.02029	0.01249	0.00820	0.00776	0.00251	0.00941	0.00710	0.00506	0.01102
29	0.01609	0.01372	0.01607	0.01171	0.01841	0.01036	0.00929	0.01950	0.01638	0.02555	0.01563	0.05273	0.01386	0.00686	0.00609	0.00128	0.00581	0.00562	0.00484	0.73021
30	0.01348	0.00863	0.01090	0.01010	0.01254	0.00774	0.00765	0.01670	0.02128	0.10059	0.45360	0.08940	0.18381	0.01666	0.00924	0.00256	0.00417	0.01449	0.00852	0.00794
31	0.00983	0.00703	0.00935	0.01093	0.01154	0.00655	0.00737	0.01146	0.01595	0.02146	0.10961	0.64676	0.05481	0.02393	0.01004	0.00314	0.00451	0.02168	0.00751	0.00655
32	0.01834	0.05939	0.16681	0.05228	0.05865	0.02011	0.34562	0.02767	0.11866	0.02606	0.01788	0.02125	0.01343	0.00756	0.00847	0.00258	0.01144	0.00818	0.00447	0.01116

[dist]
# distance from previous block
# <min> <max>
0	3

[block]
# block no. 5 follows, 24 sequences, length 36
# corresponding to MSA columns:
# 496-531
name=unknown_F
#
# <colnr> <probs for GDERKNQSTAVLIFYWHMCP>
#	G	D	E	R	K	N	Q	S	T	A	V	L	I	F	Y	W	H	M	C	P
0	0.06979	0.26894	0.11995	0.06679	0.02554	0.08909	0.04857	0.02584	0.01783	0.10828	0.04951	0.01903	0.01486	0.00832	0.00748	0.00222	0.03671	0.00616	0.00472	0.01035
1	0.01770	0.05387	0.30445	0.02909	0.06976	0.01972	0.33917	0.02517	0.01779	0.02507	0.01507	0.01910	0.01118	0.00705	0.00839	0.00256	0.01232	0.00764	0.00371	0.01119
2	0.06832	0.02274	0.02234	0.05061	0.10427	0.22221	0.01601	0.05200	0.01784	0.02325	0.01416	0.04249	0.01268	0.01039	0.01301	0.00260	0.22623	0.00677	0.04001	0.03208
3	0.04976	0.01458	0.02400	0.61164	0.10897	0.01774	0.02163	0.02077	0.01595	0.02146	0.01403	0.02063	0.01066	0.00782	0.00778	0.00261	0.01027	0.00692	0.00362	0.00914
4	0.05109	0.01633	0.02328	0.13083	0.09301	0.01557	0.08269	0.09515	0.01939	0.06203	0.01573	0.01877	0.01215	0.00711	0.00709	0.00196	0.00820	0.00626	0.00501	0.32837
5	0.01100	0.00801	0.01044	0.01065	0.01230	0.00744	0.00805	0.01415	0.02020	0.02779	0.42420	0.18874	0.11009	0.01888	0.00971	0.00280	0.00439	0.09577	0.00818	0.00720
6	0.02962	0.03779	0.02247	0.02043	0.02451	0.68948	0.01532	0.03166	0.02247	0.01941	0.01226	0.01430	0.01021	0.00817	0.00715	0.00204	0.01430	0.00511	0.00409	0.00919
7	0.01134	0.00846	0.01256	0.01256	0.01391	0.00981	0.00968	0.01404	0.01269	0.01827	0.02141	0.03209	0.02023	0.08952	0.66041	0.01251	0.02063	0.00863	0.00427	0.00698
8	0.01044	0.00808	0.00952	0.00916	0.01137	0.00715	0.00687	0.01345	0.02060	0.02742	0.41987	0.06644	0.32534	0.01784	0.00936	0.00257	0.00386	0.01535	0.00815	0.00715
9	0.01189	0.00778	0.01031	0.01083	0.01219	0.00717	0.00768	0.01428	0.01842	0.06622	0.27987	0.42306	0.05887	0.02061	0.00969	0.00290	0.00441	0.01851	0.00804	0.00728
10	0.02323	0.01747	0.01903	0.01611	0.02093	0.01939	0.01277	0.24810	0.32711	0.07869	0.05151	0.08210	0.02429	0.01160	0.00823	0.00260	0.00693	0.00956	0.00810	0.01226
11	0.01377	0.00689	0.01033	0.01033	0.01033	0.00689	0.00689	0.01033	0.01033	0.01377	0.01377	0.02410	0.01377	0.02755	0.03099	0.76928	0.00689	0.00689	0.00344	0.00344
12	0.00966	0.00690	0.00920	0.01104	0.01150	0.00644	0.00736	0.01104	0.01518	0.02024	0.04371	0.71614	0.05245	0.02484	0.01012	0.00322	0.00460	0.02254	0.00736	0.00644
13	0.03014	0.02221	0.02380	0.01825	0.02459	0.02459	0.01507	0.64541	0.03728	0.04998	0.01904	0.01904	0.01349	0.00952	0.00793	0.00238	0.00873	0.00714	0.00793	0.01349
14	0.01270	0.00876	0.01127	0.01055	0.01268	0.00827	0.00793	0.01728	0.05601	0.06038	0.57341	0.08950	0.06850	0.01607	0.00926	0.00254	0.00406	0.01418	0.00867	0.00797
15	0.01131	0.00816	0.01072	0.01022	0.01209	0.00757	0.00776	0.01504	0.02222	0.03137	0.63450	0.06084	0.07328	0.01651	0.00944	0.00256	0.00393	0.04636	0.00865	0.00747
16	0.70960	0.01517	0.01227	0.01076	0.01578	0.01723	0.00887	0.02471	0.01434	0.09418	0.01289	0.01417	0.00960	0.00759	0.00519	0.00245	0.00619	0.00463	0.00536	0.00904
17	0.01644	0.01409	0.01644	0.01175	0.01879	0.01057	0.00940	0.01997	0.01644	0.02584	0.01409	0.01644	0.01175	0.00587	0.00587	0.00117	0.00587	0.00470	0.00470	0.76979
18	0.01372	0.00860	0.01154	0.01167	0.01363	0.00802	0.00904	0.01679	0.01979	0.09444	0.31368	0.22232	0.05729	0.01888	0.00974	0.00292	0.00504	0.14686	0.00820	0.00782
19	0.01113	0.00810	0.01047	0.00988	0.01179	0.00744	0.00741	0.01479	0.02223	0.03129	0.63874	0.06008	0.10406	0.01640	0.00935	0.00250	0.00375	0.01446	0.00866	0.00744
20	0.64373	0.01512	0.01378	0.13167	0.02222	0.01776	0.01094	0.02278	0.01391	0.03289	0.01158	0.01433	0.00894	0.00746	0.00544	0.00249	0.00691	0.00478	0.00466	0.00863
21	0.00966	0.00690	0.00920	0.01104	0.01150	0.00644	0.00736	0.01104	0.01518	0.02024	0.04371	0.71614	0.05245	0.02484	0.01012	0.00322	0.00460	0.02254	0.00736	0.00644
22	0.02010	0.49584	0.12620	0.01525	0.02197	0.02702	0.01561	0.06239	0.01779	0.02252	0.05989	0.01732	0.01510	0.00813	0.00704	0.00201	0.04590	0.00553	0.00407	0.01032
23	0.01094	0.00802	0.01025	0.00985	0.01171	0.00734	0.00733	0.01436	0.02155	0.03003	0.56918	0.10253	0.13305	0.01715	0.00940	0.00256	0.00382	0.01510	0.00851	0.00734
24	0.01802	0.01503	0.01729	0.01249	0.01946	0.01219	0.01005	0.09202	0.01884	0.02862	0.01466	0.01674	0.01195	0.00629	0.00611	0.00131	0.00620	0.00498	0.00507	0.68266
25	0.00978	0.00699	0.00930	0.01096	0.01153	0.00652	0.00737	0.01133	0.01571	0.02109	0.08926	0.66818	0.05408	0.02421	0.01007	0.00317	0.00454	0.02194	0.00746	0.00652
26	0.02472	0.05493	0.09608	0.02719	0.18049	0.04858	0.07641	0.32583	0.02739	0.03687	0.01667	0.01869	0.01250	0.00830	0.00785	0.00237	0.00983	0.00699	0.00580	0.01251
27	0.01134	0.00846	0.01258	0.01258	0.01394	0.00982	0.00971	0.01405	0.01270	0.01829	0.02139	0.03199	0.02019	0.08611	0.66375	0.01254	0.02070	0.00862	0.00427	0.00699
28	0.02343	0.01305	0.01464	0.01209	0.01615	0.01335	0.00970	0.20754	0.02423	0.16875	0.05327	0.02724	0.02057	0.00975	0.00692	0.00216	0.00581	0.00774	0.35317	0.01045
29	0.01846	0.01562	0.01658	0.01506	0.01914	0.01766	0.01164	0.06808	0.51212	0.03188	0.03712	0.08876	0.08784	0.01272	0.00835	0.00272	0.00605	0.01071	0.00794	0.01155
30	0.02111	0.05490	0.11422	0.01887	0.04610	0.03578	0.11902	0.02541	0.01936	0.20793	0.10268	0.14689	0.02832	0.01205	0.00850	0.00258	0.00824	0.01089	0.00667	0.01049
31	0.01634	0.01113	0.01577	0.01359	0.01704	0.01010	0.06529	0.05203	0.01958	0.11705	0.17265	0.26572	0.06594	0.01589	0.00891	0.00259	0.00585	0.01429	0.00740	0.10285
32	0.05238	0.06903	0.02661	0.08155	0.02707	0.01952	0.12659	0.14040	0.01983	0.06235	0.01530	0.01903	0.01210	0.00995	0.01206	0.05096	0.12596	0.00685	0.00498	0.11748
33	0.02096	0.01717	0.07452	0.01701	0.05265	0.01361	0.05882	0.09050	0.01994	0.14340	0.02057	0.08309	0.01697	0.00895	0.00734	0.00199	0.00741	0.00772	0.00600	0.33138
34	0.02343	0.05642	0.07559	0.01509	0.02184	0.06477	0.01320	0.11654	0.06820	0.15200	0.01911	0.01945	0.01406	0.00786	0.00692	0.00190	0.00772	0.00609	0.00615	0.30365
35	0.05164	0.17759	0.05592	0.06608	0.04287	0.02010	0.01431	0.16031	0.04712	0.15924	0.04733	0.02098	0.01634	0.00861	0.00705	0.00217	0.00790	0.00664	0.00626	0.08154

[dist]
# distance from previous block
# <min> <max>
0	38

# created by:
# /st0/software/busco_prod/Augustus/scripts/msa2prfl.pl ./align_prep/109356.fa
