[name]
unknown

[dist]
# distance from previous block
# <min> <max>
0	28

[block]
# block no. 0 follows, 25 sequences, length 14
# corresponding to MSA columns:
# 28-41
name=unknown_A
#
# <colnr> <probs for GDERKNQSTAVLIFYWHMCP>
#	G	D	E	R	K	N	Q	S	T	A	V	L	I	F	Y	W	H	M	C	P
0	0.01212	0.00880	0.01197	0.01356	0.01543	0.00866	0.01175	0.01551	0.01783	0.02295	0.04528	0.08601	0.11574	0.02122	0.01054	0.00346	0.00678	0.55817	0.00715	0.00707
1	0.01168	0.00854	0.01050	0.01131	0.01261	0.00832	0.00792	0.08320	0.01755	0.02318	0.04339	0.58209	0.10589	0.02216	0.00959	0.00301	0.00490	0.01981	0.00726	0.00710
2	0.01149	0.00839	0.01057	0.00996	0.01173	0.00803	0.00731	0.01580	0.05814	0.02936	0.56436	0.05542	0.06522	0.09570	0.01249	0.00302	0.00424	0.01341	0.00807	0.00731
3	0.41180	0.02193	0.03869	0.01411	0.01901	0.19730	0.01156	0.08508	0.01869	0.06920	0.03908	0.01623	0.01248	0.00809	0.00609	0.00229	0.00848	0.00532	0.00524	0.00935
4	0.01108	0.00831	0.01246	0.01246	0.01385	0.00969	0.00969	0.01385	0.01246	0.01800	0.02077	0.03046	0.01938	0.05815	0.69678	0.01246	0.02077	0.00831	0.00415	0.00692
5	0.02947	0.02172	0.02327	0.01784	0.02404	0.02404	0.01474	0.65329	0.03646	0.04887	0.01862	0.01862	0.01319	0.00931	0.00776	0.00233	0.00853	0.00698	0.00776	0.01319
6	0.02947	0.02172	0.02327	0.01784	0.02404	0.02404	0.01474	0.65329	0.03646	0.04887	0.01862	0.01862	0.01319	0.00931	0.00776	0.00233	0.00853	0.00698	0.00776	0.01319
7	0.02947	0.02172	0.02327	0.01784	0.02404	0.02404	0.01474	0.65329	0.03646	0.04887	0.01862	0.01862	0.01319	0.00931	0.00776	0.00233	0.00853	0.00698	0.00776	0.01319
8	0.02816	0.02345	0.08592	0.01824	0.02494	0.02348	0.01605	0.59397	0.03456	0.04657	0.01817	0.01840	0.01287	0.00912	0.00772	0.00234	0.00881	0.00686	0.00733	0.01302
9	0.01809	0.07057	0.54693	0.02097	0.03133	0.01961	0.02562	0.12779	0.01964	0.02824	0.01454	0.01655	0.01038	0.00765	0.00731	0.00240	0.01082	0.00586	0.00401	0.01167
10	0.05320	0.25188	0.45655	0.01882	0.02848	0.02188	0.02296	0.02406	0.01603	0.02309	0.01280	0.01498	0.00979	0.00713	0.00651	0.00221	0.01023	0.00517	0.00336	0.01085
11	0.01753	0.12698	0.54188	0.02057	0.03091	0.02020	0.02537	0.08370	0.01819	0.02604	0.01396	0.01608	0.01016	0.00746	0.00710	0.00234	0.01078	0.00564	0.00370	0.01143
12	0.09663	0.07963	0.31138	0.01880	0.02675	0.11638	0.01994	0.14809	0.06092	0.02954	0.01512	0.01660	0.01122	0.00796	0.00700	0.00232	0.01016	0.00580	0.00469	0.01109
13	0.07884	0.15818	0.34992	0.01802	0.02666	0.02035	0.02035	0.09320	0.05186	0.08945	0.01608	0.01719	0.01169	0.00780	0.00684	0.00230	0.00942	0.00581	0.00471	0.01134

[dist]
# distance from previous block
# <min> <max>
3	42

[block]
# block no. 1 follows, 25 sequences, length 10
# corresponding to MSA columns:
# 84-93
name=unknown_B
#
# <colnr> <probs for GDERKNQSTAVLIFYWHMCP>
#	G	D	E	R	K	N	Q	S	T	A	V	L	I	F	Y	W	H	M	C	P
0	0.20052	0.12508	0.02464	0.09204	0.02533	0.02181	0.06864	0.23017	0.02192	0.03303	0.01503	0.03749	0.01209	0.00871	0.00790	0.00239	0.05103	0.00652	0.00531	0.01035
1	0.10145	0.01426	0.01456	0.01229	0.01641	0.04190	0.00947	0.13141	0.07254	0.02945	0.02095	0.08279	0.01885	0.08759	0.03192	0.00294	0.00693	0.00797	0.10165	0.19468
2	0.08382	0.07432	0.02123	0.05159	0.02223	0.01514	0.06619	0.05996	0.01701	0.02619	0.01447	0.03814	0.01233	0.00727	0.00714	0.00174	0.03897	0.00583	0.00461	0.43181
3	0.08395	0.01438	0.05678	0.08972	0.02175	0.01379	0.03216	0.09581	0.07926	0.09248	0.06418	0.11992	0.07897	0.05326	0.04096	0.00333	0.00771	0.03590	0.00640	0.00928
4	0.08197	0.01845	0.08120	0.33870	0.20631	0.04662	0.02053	0.02266	0.03702	0.02351	0.01424	0.01902	0.01109	0.00747	0.00734	0.00240	0.00961	0.00645	0.00386	0.04157
5	0.01911	0.13858	0.03134	0.03785	0.49555	0.01961	0.02042	0.02323	0.01716	0.02413	0.01385	0.01771	0.01180	0.00673	0.00701	0.00207	0.00868	0.00619	0.00383	0.09515
6	0.22984	0.01554	0.02228	0.19200	0.28751	0.01703	0.01799	0.02189	0.01592	0.02646	0.01564	0.02364	0.01355	0.00845	0.00716	0.00251	0.00841	0.06002	0.00430	0.00988
7	0.03818	0.01724	0.13719	0.01601	0.02159	0.01246	0.08839	0.02173	0.05178	0.10043	0.02983	0.14333	0.09067	0.01422	0.03692	0.00287	0.00805	0.03693	0.00583	0.12634
8	0.08534	0.01627	0.02379	0.08328	0.34319	0.01755	0.01787	0.09082	0.01846	0.02830	0.01594	0.02000	0.01290	0.00814	0.00856	0.00235	0.06629	0.00672	0.12358	0.01066
9	0.01703	0.09287	0.01711	0.01317	0.01681	0.07398	0.01054	0.09663	0.15117	0.02715	0.10085	0.09913	0.18003	0.01429	0.00826	0.00252	0.00652	0.05593	0.00683	0.00917

[dist]
# distance from previous block
# <min> <max>
6	27

[block]
# block no. 2 follows, 25 sequences, length 15
# corresponding to MSA columns:
# 121-135
name=unknown_C
#
# <colnr> <probs for GDERKNQSTAVLIFYWHMCP>
#	G	D	E	R	K	N	Q	S	T	A	V	L	I	F	Y	W	H	M	C	P
0	0.07030	0.01621	0.01775	0.01455	0.01986	0.01704	0.01166	0.15497	0.27679	0.13929	0.02467	0.02355	0.01798	0.00915	0.00724	0.00227	0.00652	0.00729	0.03544	0.12748
1	0.01498	0.01413	0.02387	0.65978	0.09986	0.01732	0.02170	0.02011	0.01566	0.02022	0.01384	0.02056	0.01048	0.00769	0.00775	0.00256	0.01025	0.00689	0.00347	0.00889
2	0.00945	0.00675	0.00900	0.01080	0.01125	0.00630	0.00720	0.01080	0.01484	0.01979	0.04274	0.72245	0.05128	0.02429	0.00990	0.00315	0.00450	0.02204	0.00720	0.00630
3	0.01608	0.01378	0.01608	0.01148	0.01837	0.01034	0.00919	0.01952	0.01608	0.02527	0.01378	0.01608	0.01148	0.00574	0.00574	0.00115	0.00574	0.00459	0.00459	0.77491
4	0.00996	0.00711	0.00933	0.01038	0.01117	0.00664	0.00708	0.01185	0.01653	0.02253	0.21087	0.50454	0.05576	0.06397	0.01146	0.00322	0.00445	0.01925	0.00741	0.00647
5	0.01608	0.01378	0.01608	0.01148	0.01837	0.01034	0.00919	0.01952	0.01608	0.02527	0.01378	0.01608	0.01148	0.00574	0.00574	0.00115	0.00574	0.00459	0.00459	0.77491
6	0.33761	0.16226	0.07088	0.01553	0.05482	0.02085	0.01323	0.08879	0.01719	0.08200	0.01356	0.01524	0.01051	0.00796	0.00725	0.00232	0.05985	0.00521	0.00492	0.01002
7	0.02150	0.01453	0.01530	0.01275	0.01674	0.01582	0.01020	0.29717	0.09323	0.03797	0.02304	0.02443	0.01736	0.00931	0.00670	0.00212	0.00602	0.00728	0.35818	0.01035
8	0.01026	0.00738	0.00973	0.01024	0.01143	0.00684	0.00726	0.01285	0.01865	0.02585	0.38149	0.36643	0.06300	0.01977	0.00949	0.00277	0.00405	0.01775	0.00791	0.00684
9	0.01088	0.00847	0.01259	0.01481	0.06607	0.00805	0.03472	0.01299	0.01581	0.02129	0.07333	0.55603	0.04728	0.02153	0.00971	0.00305	0.00537	0.06409	0.00687	0.00706
10	0.02244	0.21013	0.18206	0.01732	0.02399	0.09777	0.01709	0.08557	0.10041	0.10120	0.01722	0.01805	0.01302	0.00846	0.00797	0.00226	0.05284	0.00603	0.00509	0.01107
11	0.01231	0.00879	0.01228	0.01407	0.01577	0.00877	0.01218	0.01575	0.01767	0.02300	0.04115	0.12568	0.04502	0.02159	0.01066	0.00354	0.00698	0.59054	0.00714	0.00709
12	0.01128	0.00752	0.00846	0.00846	0.00846	0.00752	0.00470	0.01128	0.01128	0.01503	0.02443	0.05074	0.02819	0.72751	0.03946	0.00752	0.00752	0.01128	0.00470	0.00470
13	0.01663	0.01533	0.02255	0.14471	0.07118	0.01425	0.09942	0.02269	0.07964	0.02491	0.01582	0.01903	0.01255	0.00676	0.00691	0.00183	0.00784	0.00619	0.00456	0.40721
14	0.06868	0.43507	0.27250	0.01626	0.02452	0.02523	0.01851	0.02367	0.01581	0.02161	0.01191	0.01387	0.00980	0.00694	0.00583	0.00199	0.00929	0.00472	0.00340	0.01039

[dist]
# distance from previous block
# <min> <max>
0	3

[block]
# block no. 3 follows, 25 sequences, length 146
# corresponding to MSA columns:
# 139-284
name=unknown_D
#
# <colnr> <probs for GDERKNQSTAVLIFYWHMCP>
#	G	D	E	R	K	N	Q	S	T	A	V	L	I	F	Y	W	H	M	C	P
0	0.01879	0.29334	0.39351	0.01846	0.02758	0.05566	0.02172	0.02484	0.01662	0.04520	0.01325	0.01516	0.01021	0.00721	0.00648	0.00214	0.01025	0.00518	0.00355	0.01084
1	0.01950	0.01780	0.06365	0.01922	0.05370	0.01502	0.14592	0.10557	0.03769	0.07417	0.01782	0.05023	0.01436	0.00775	0.00729	0.00196	0.00815	0.00715	0.00531	0.32775
2	0.01757	0.01636	0.02912	0.02246	0.02668	0.04231	0.29856	0.02094	0.01656	0.06139	0.07276	0.07156	0.02001	0.01281	0.01462	0.11439	0.11903	0.00948	0.00471	0.00868
3	0.01719	0.01437	0.01550	0.01409	0.01783	0.01603	0.01087	0.06172	0.45505	0.03128	0.12244	0.07748	0.08734	0.01278	0.00828	0.00262	0.00563	0.01083	0.00787	0.01080
4	0.01756	0.30218	0.40108	0.01810	0.02745	0.02238	0.02163	0.02375	0.01612	0.02219	0.01271	0.01485	0.00997	0.00699	0.00636	0.00207	0.00991	0.00506	0.00337	0.05625
5	0.02047	0.63279	0.04002	0.01736	0.08208	0.02903	0.04392	0.02335	0.01605	0.01921	0.01136	0.01346	0.01025	0.00665	0.00542	0.00176	0.00860	0.00464	0.00339	0.01019
6	0.05125	0.01853	0.02109	0.12774	0.02688	0.02050	0.01451	0.43877	0.02938	0.04063	0.01783	0.01944	0.01301	0.00875	0.00734	0.00226	0.00816	0.00675	0.07013	0.05705
7	0.02704	0.02098	0.08302	0.01712	0.02336	0.02028	0.01507	0.43108	0.06215	0.13140	0.04743	0.02413	0.01778	0.00994	0.00790	0.00241	0.00817	0.03061	0.00761	0.01252
8	0.01273	0.01407	0.07932	0.05726	0.02111	0.04590	0.11218	0.01587	0.01594	0.02099	0.03247	0.46760	0.03661	0.01809	0.00927	0.00291	0.00734	0.01671	0.00593	0.00771
9	0.01696	0.01696	0.02375	0.02036	0.02036	0.02375	0.01696	0.01866	0.01187	0.01866	0.01018	0.01696	0.01018	0.01357	0.02545	0.00339	0.71332	0.00679	0.00339	0.00848
10	0.75159	0.04390	0.01257	0.01032	0.01519	0.01793	0.00859	0.02281	0.01330	0.03412	0.01080	0.01259	0.00846	0.00717	0.00481	0.00237	0.00609	0.00420	0.00474	0.00846
11	0.78228	0.01499	0.01140	0.01020	0.01499	0.01739	0.00840	0.02279	0.01320	0.03479	0.01080	0.01260	0.00840	0.00720	0.00480	0.00240	0.00600	0.00420	0.00480	0.00840
12	0.01464	0.01378	0.02326	0.70887	0.05340	0.01723	0.02153	0.01981	0.01550	0.01981	0.01378	0.02067	0.01034	0.00775	0.00775	0.00258	0.01034	0.00689	0.00345	0.00861
13	0.01044	0.00823	0.01035	0.01011	0.01230	0.00737	0.03247	0.01303	0.01807	0.02364	0.19360	0.17971	0.33948	0.01866	0.00918	0.00269	0.00451	0.05237	0.04691	0.00690
14	0.01464	0.01378	0.02326	0.70887	0.05340	0.01723	0.02153	0.01981	0.01550	0.01981	0.01378	0.02067	0.01034	0.00775	0.00775	0.00258	0.01034	0.00689	0.00345	0.00861
15	0.02907	0.02152	0.02304	0.01776	0.02389	0.02386	0.01464	0.62923	0.06116	0.04822	0.01912	0.01902	0.01360	0.00936	0.00776	0.00234	0.00844	0.00705	0.00776	0.01315
16	0.01128	0.00752	0.00846	0.00846	0.00846	0.00752	0.00470	0.01128	0.01128	0.01503	0.02443	0.05074	0.02819	0.72751	0.03946	0.00752	0.00752	0.01128	0.00470	0.00470
17	0.06423	0.01909	0.03527	0.04016	0.41640	0.01878	0.24216	0.02410	0.01762	0.02572	0.01474	0.01940	0.01187	0.00680	0.00802	0.00242	0.01037	0.00753	0.00392	0.01141
18	0.01696	0.01696	0.02375	0.02036	0.02036	0.02375	0.01696	0.01866	0.01187	0.01866	0.01018	0.01696	0.01018	0.01357	0.02545	0.00339	0.71332	0.00679	0.00339	0.00848
19	0.01555	0.04011	0.68733	0.02210	0.03356	0.01801	0.02865	0.02455	0.01637	0.02455	0.01391	0.01637	0.00982	0.00737	0.00737	0.00246	0.01146	0.00573	0.00327	0.01146
20	0.01537	0.01442	0.02432	0.65088	0.05169	0.01760	0.05112	0.04382	0.01642	0.02114	0.01405	0.02061	0.01051	0.00775	0.00782	0.00258	0.01040	0.00700	0.00363	0.00887
21	0.78228	0.01499	0.01140	0.01020	0.01499	0.01739	0.00840	0.02279	0.01320	0.03479	0.01080	0.01260	0.00840	0.00720	0.00480	0.00240	0.00600	0.00420	0.00480	0.00840
22	0.02896	0.03695	0.02197	0.01998	0.02397	0.69638	0.01498	0.03096	0.02197	0.01898	0.01199	0.01398	0.00999	0.00799	0.00699	0.00200	0.01398	0.00499	0.00400	0.00899
23	0.01347	0.00673	0.01010	0.01010	0.01010	0.00673	0.00673	0.01010	0.01010	0.01347	0.01347	0.02357	0.01347	0.02694	0.03030	0.77441	0.00673	0.00673	0.00337	0.00337
24	0.03460	0.01349	0.01818	0.01394	0.01994	0.01183	0.01151	0.05908	0.02269	0.66252	0.03018	0.02612	0.01899	0.00959	0.00780	0.00240	0.00666	0.00777	0.00953	0.01320
25	0.01965	0.01683	0.01774	0.01585	0.02030	0.01945	0.01236	0.06286	0.64288	0.03302	0.03110	0.02856	0.02330	0.01048	0.00788	0.00262	0.00622	0.00870	0.00788	0.01230
26	0.01124	0.00826	0.01221	0.01221	0.01361	0.00957	0.00949	0.01405	0.01264	0.01852	0.02099	0.03039	0.01941	0.05579	0.66348	0.01195	0.01994	0.00826	0.04107	0.00694
27	0.01085	0.00788	0.01022	0.00973	0.01153	0.00725	0.00726	0.01435	0.02151	0.03028	0.62852	0.08522	0.09362	0.01632	0.00918	0.00247	0.00370	0.01443	0.00843	0.00725
28	0.01111	0.00819	0.01188	0.01188	0.01307	0.00938	0.00897	0.01347	0.01229	0.01757	0.02130	0.03339	0.02066	0.15500	0.60168	0.01175	0.01885	0.00874	0.00423	0.00660
29	0.01096	0.00752	0.00920	0.01000	0.01058	0.00732	0.00649	0.03043	0.01458	0.01986	0.05696	0.41613	0.04153	0.26254	0.01967	0.00452	0.00557	0.01693	0.04318	0.00604
30	0.01608	0.01378	0.01608	0.01148	0.01837	0.01034	0.00919	0.01952	0.01608	0.02527	0.01378	0.01608	0.01148	0.00574	0.00574	0.00115	0.00574	0.00459	0.00459	0.77491
31	0.01135	0.00871	0.01299	0.01283	0.01415	0.01035	0.01003	0.01407	0.01243	0.01803	0.02028	0.02983	0.01896	0.05608	0.66554	0.01204	0.05299	0.00824	0.00412	0.00700
32	0.01830	0.17045	0.08002	0.01688	0.02104	0.04820	0.03673	0.08355	0.05099	0.02362	0.02160	0.05737	0.07208	0.01164	0.01231	0.00258	0.20239	0.03267	0.00477	0.03281
33	0.01623	0.01392	0.01615	0.01169	0.01846	0.01077	0.00934	0.02057	0.04734	0.02561	0.01464	0.01670	0.01207	0.00597	0.00585	0.00122	0.00576	0.00479	0.00475	0.73817
34	0.01645	0.14636	0.56508	0.02110	0.03169	0.02002	0.04794	0.02436	0.01634	0.02359	0.01349	0.01592	0.00991	0.00722	0.00706	0.00234	0.01103	0.00560	0.00330	0.01119
35	0.01632	0.18035	0.52264	0.01975	0.02970	0.02005	0.02448	0.02363	0.01617	0.02304	0.01464	0.04904	0.01181	0.00802	0.00700	0.00233	0.01048	0.00618	0.00347	0.01091
36	0.14844	0.02668	0.35351	0.01691	0.02475	0.01580	0.01908	0.06114	0.01852	0.09016	0.12914	0.02395	0.02156	0.00912	0.00730	0.00243	0.00856	0.00716	0.00529	0.01049
37	0.01128	0.00752	0.00846	0.00846	0.00846	0.00752	0.00470	0.01128	0.01128	0.01503	0.02443	0.05074	0.02819	0.72751	0.03946	0.00752	0.00752	0.01128	0.00470	0.00470
38	0.09708	0.01540	0.14568	0.06518	0.01985	0.01142	0.01311	0.01730	0.04621	0.02352	0.05262	0.37097	0.03445	0.01675	0.00858	0.00285	0.00663	0.03835	0.00595	0.00808
39	0.01600	0.07072	0.60173	0.02100	0.03154	0.01828	0.02643	0.04599	0.01698	0.02489	0.01527	0.04912	0.01188	0.00819	0.00738	0.00245	0.01088	0.00646	0.00362	0.01121
40	0.00956	0.00690	0.00906	0.01057	0.01124	0.00639	0.00715	0.01113	0.01557	0.02079	0.09732	0.63616	0.08273	0.02336	0.00980	0.00306	0.00440	0.02110	0.00731	0.00639
41	0.00989	0.00707	0.00948	0.01113	0.01182	0.00666	0.00781	0.01163	0.01561	0.02085	0.08012	0.61029	0.05182	0.02346	0.00994	0.00315	0.00475	0.09079	0.00727	0.00645
42	0.01947	0.26481	0.32839	0.02039	0.05806	0.08504	0.05099	0.02515	0.01704	0.04498	0.01340	0.01555	0.01041	0.00720	0.00666	0.00215	0.01045	0.00543	0.00363	0.01078
43	0.04269	0.06132	0.51919	0.02161	0.05928	0.01749	0.04653	0.02343	0.01691	0.02537	0.07971	0.02051	0.01627	0.00813	0.00744	0.00242	0.01032	0.00661	0.00390	0.01088
44	0.01071	0.00770	0.01040	0.01203	0.01314	0.00739	0.00926	0.01305	0.01642	0.02163	0.06819	0.42146	0.07161	0.02266	0.01016	0.00327	0.00549	0.26154	0.00723	0.00668
45	0.01435	0.01044	0.01359	0.09636	0.01927	0.01094	0.01087	0.04714	0.10736	0.06376	0.08895	0.30523	0.06417	0.01760	0.00916	0.00291	0.00599	0.09648	0.00711	0.00832
46	0.02345	0.01692	0.04576	0.08937	0.05683	0.01685	0.03984	0.26532	0.02574	0.15181	0.10406	0.08271	0.02437	0.01094	0.00815	0.00246	0.00776	0.00927	0.00718	0.01120
47	0.05431	0.01046	0.01331	0.01163	0.01514	0.00970	0.00905	0.02503	0.04593	0.29351	0.20109	0.15373	0.03867	0.01365	0.00820	0.00250	0.00519	0.01172	0.06741	0.00976
48	0.03215	0.01320	0.01753	0.01382	0.01936	0.01183	0.01126	0.05772	0.05062	0.58692	0.03106	0.07479	0.02142	0.01065	0.00795	0.00246	0.00650	0.00881	0.00929	0.01267
49	0.12131	0.04853	0.13463	0.13421	0.08323	0.01716	0.07733	0.04914	0.04687	0.18583	0.01856	0.02015	0.01311	0.00801	0.00733	0.00243	0.00889	0.00676	0.00550	0.01102
50	0.10876	0.01666	0.01868	0.04780	0.02197	0.04013	0.01254	0.16307	0.14728	0.30448	0.02476	0.02311	0.01693	0.00932	0.00746	0.00242	0.00728	0.00729	0.00789	0.01215
51	0.01574	0.01501	0.02168	0.17141	0.02633	0.02017	0.01657	0.01819	0.01296	0.01918	0.01376	0.05612	0.01341	0.04145	0.02059	0.00331	0.46774	0.00780	0.03036	0.00820
52	0.68052	0.08447	0.01466	0.01078	0.01581	0.01893	0.00911	0.04649	0.01432	0.03372	0.01109	0.01281	0.00873	0.00722	0.00493	0.00232	0.00631	0.00430	0.00477	0.00873
53	0.01038	0.00772	0.00945	0.00935	0.01103	0.00702	0.00676	0.01304	0.01914	0.02593	0.39993	0.15055	0.20487	0.07603	0.01173	0.00299	0.00415	0.01541	0.00774	0.00679
54	0.01683	0.06659	0.01752	0.01301	0.01718	0.01338	0.03810	0.12420	0.04625	0.05317	0.25413	0.06335	0.09120	0.01255	0.00809	0.00226	0.00589	0.02925	0.00705	0.11998
55	0.01045	0.00747	0.00970	0.01114	0.01186	0.00717	0.00764	0.03631	0.01569	0.02090	0.04098	0.63850	0.04856	0.05156	0.01103	0.00331	0.00490	0.04917	0.00712	0.00654
56	0.02070	0.01683	0.01863	0.01746	0.05933	0.01890	0.01292	0.11630	0.48918	0.05981	0.03117	0.02918	0.05344	0.01056	0.00792	0.00256	0.00653	0.00876	0.00767	0.01215
57	0.01535	0.01294	0.01858	0.13679	0.02441	0.01310	0.05369	0.01871	0.01582	0.04621	0.04889	0.13769	0.02114	0.01105	0.00995	0.00227	0.10455	0.00915	0.03884	0.26086
58	0.02419	0.01890	0.03289	0.02421	0.03104	0.01846	0.33470	0.14067	0.07838	0.18263	0.02103	0.02247	0.01477	0.00808	0.00848	0.00251	0.01017	0.00842	0.00626	0.01173
59	0.01676	0.16382	0.51546	0.02063	0.03076	0.02042	0.04936	0.02506	0.04503	0.02377	0.01420	0.01639	0.01053	0.00734	0.00703	0.00232	0.01071	0.00571	0.00351	0.01118
60	0.01555	0.04011	0.68733	0.02210	0.03356	0.01801	0.02865	0.02455	0.01637	0.02455	0.01391	0.01637	0.00982	0.00737	0.00737	0.00246	0.01146	0.00573	0.00327	0.01146
61	0.01128	0.00752	0.00846	0.00846	0.00846	0.00752	0.00470	0.01128	0.01128	0.01503	0.02443	0.05074	0.02819	0.72751	0.03946	0.00752	0.00752	0.01128	0.00470	0.00470
62	0.01696	0.01696	0.02375	0.02036	0.02036	0.02375	0.01696	0.01866	0.01187	0.01866	0.01018	0.01696	0.01018	0.01357	0.02545	0.00339	0.71332	0.00679	0.00339	0.00848
63	0.00953	0.00701	0.00894	0.01027	0.01116	0.00642	0.00701	0.01116	0.01586	0.02090	0.10058	0.57093	0.14599	0.02290	0.00973	0.00301	0.00434	0.02053	0.00731	0.00642
64	0.02947	0.02172	0.02327	0.01784	0.02404	0.02404	0.01474	0.65329	0.03646	0.04887	0.01862	0.01862	0.01319	0.00931	0.00776	0.00233	0.00853	0.00698	0.00776	0.01319
65	0.00981	0.00702	0.00935	0.01077	0.01149	0.00656	0.00743	0.01161	0.01608	0.02170	0.14193	0.59260	0.05445	0.02285	0.00981	0.00305	0.00447	0.04510	0.00741	0.00649
66	0.02947	0.02172	0.02327	0.01784	0.02404	0.02404	0.01474	0.65329	0.03646	0.04887	0.01862	0.01862	0.01319	0.00931	0.00776	0.00233	0.00853	0.00698	0.00776	0.01319
67	0.01834	0.02006	0.04165	0.06520	0.18106	0.01925	0.48629	0.02439	0.01804	0.02473	0.01536	0.02053	0.01182	0.00667	0.00877	0.00254	0.01211	0.00856	0.00388	0.01078
68	0.01929	0.01666	0.01753	0.01578	0.02016	0.01929	0.01227	0.04120	0.66513	0.03243	0.03156	0.02893	0.02367	0.01052	0.00789	0.00263	0.00614	0.00877	0.00789	0.01227
69	0.01097	0.00793	0.01036	0.00975	0.01158	0.00732	0.00732	0.01463	0.02195	0.03109	0.67505	0.05792	0.07316	0.01585	0.00914	0.00244	0.00366	0.01402	0.00854	0.00732
70	0.01199	0.00817	0.01060	0.00985	0.01191	0.00747	0.00744	0.01554	0.02175	0.06100	0.61584	0.05727	0.10018	0.01575	0.00908	0.00245	0.00381	0.01385	0.00852	0.00755
71	0.00945	0.00675	0.00900	0.01080	0.01125	0.00630	0.00720	0.01080	0.01484	0.01979	0.04274	0.72245	0.05128	0.02429	0.00990	0.00315	0.00450	0.02204	0.00720	0.00630
72	0.01493	0.01401	0.02334	0.64563	0.08251	0.01698	0.02110	0.01999	0.01563	0.02032	0.01382	0.02040	0.01048	0.00762	0.00766	0.00251	0.01008	0.00679	0.00352	0.04268
73	0.01696	0.01696	0.02375	0.02036	0.02036	0.02375	0.01696	0.01866	0.01187	0.01866	0.01018	0.01696	0.01018	0.01357	0.02545	0.00339	0.71332	0.00679	0.00339	0.00848
74	0.01696	0.01696	0.02375	0.02036	0.02036	0.02375	0.01696	0.01866	0.01187	0.01866	0.01018	0.01696	0.01018	0.01357	0.02545	0.00339	0.71332	0.00679	0.00339	0.00848
75	0.01347	0.00673	0.01010	0.01010	0.01010	0.00673	0.00673	0.01010	0.01010	0.01347	0.01347	0.02357	0.01347	0.02694	0.03030	0.77441	0.00673	0.00673	0.00337	0.00337
76	0.00916	0.00785	0.00785	0.00785	0.01047	0.00655	0.00589	0.01113	0.01767	0.02095	0.07855	0.07462	0.67599	0.01964	0.00916	0.00262	0.00393	0.01636	0.00720	0.00655
77	0.01845	0.06318	0.04545	0.03153	0.03930	0.02027	0.61308	0.02474	0.01815	0.02444	0.01539	0.02041	0.01166	0.00654	0.00890	0.00256	0.01279	0.00885	0.00389	0.01043
78	0.01622	0.01391	0.01614	0.01167	0.01845	0.01072	0.00932	0.02046	0.04415	0.02558	0.01455	0.01663	0.01201	0.00595	0.00584	0.00121	0.00576	0.00477	0.00474	0.74192
79	0.01221	0.00774	0.00884	0.00867	0.00891	0.00767	0.00496	0.01233	0.01171	0.04168	0.02468	0.04977	0.02783	0.69893	0.03820	0.00731	0.00748	0.01114	0.00489	0.00504
80	0.01446	0.01127	0.01274	0.01179	0.01486	0.01165	0.00909	0.02431	0.25251	0.05217	0.27410	0.05082	0.18177	0.01469	0.00870	0.00258	0.00481	0.03054	0.00801	0.00914
81	0.01697	0.01839	0.03848	0.07380	0.06864	0.01760	0.48749	0.02268	0.01773	0.02396	0.01933	0.09365	0.01709	0.00906	0.00913	0.00269	0.01159	0.03750	0.00436	0.00987
82	0.02945	0.02244	0.02321	0.01794	0.02404	0.05592	0.01475	0.62378	0.03577	0.04745	0.01830	0.01840	0.01303	0.00925	0.00772	0.00231	0.00879	0.00689	0.00758	0.01299
83	0.00942	0.00685	0.00889	0.01052	0.01117	0.00632	0.00708	0.01083	0.01511	0.01990	0.04606	0.66229	0.10930	0.02386	0.00983	0.00310	0.00445	0.02151	0.00720	0.00632
84	0.03878	0.01572	0.02749	0.45846	0.18949	0.01779	0.09897	0.02140	0.01626	0.02210	0.01411	0.02013	0.01089	0.00740	0.00782	0.00252	0.01029	0.00709	0.00363	0.00965
85	0.02548	0.01637	0.02022	0.04319	0.08948	0.01727	0.01401	0.15593	0.23427	0.22978	0.02676	0.02722	0.01949	0.00998	0.00792	0.00250	0.00725	0.03272	0.00777	0.01239
86	0.49521	0.06646	0.05626	0.01300	0.01856	0.05247	0.01142	0.12926	0.01821	0.05898	0.01309	0.01440	0.00987	0.00765	0.00568	0.00232	0.00731	0.00492	0.00524	0.00969
87	0.00960	0.00686	0.00918	0.01098	0.01150	0.00643	0.00747	0.01107	0.01500	0.01997	0.04265	0.68954	0.05094	0.02414	0.00994	0.00317	0.00464	0.05339	0.00719	0.00634
88	0.02835	0.01491	0.01805	0.01464	0.01997	0.01496	0.01183	0.10237	0.22152	0.38674	0.05962	0.02782	0.02245	0.01014	0.00788	0.00246	0.00652	0.00830	0.00883	0.01264
89	0.07136	0.05521	0.02768	0.06823	0.02692	0.06033	0.17127	0.02216	0.03949	0.02247	0.01418	0.04227	0.01246	0.00994	0.01386	0.00269	0.25790	0.00738	0.00405	0.07015
90	0.01525	0.00881	0.00936	0.03261	0.01193	0.00907	0.00677	0.07391	0.01764	0.02870	0.02683	0.03197	0.05186	0.07626	0.00905	0.00245	0.00466	0.00802	0.56733	0.00754
91	0.04100	0.01700	0.02911	0.27807	0.28219	0.01807	0.11705	0.05017	0.01762	0.02461	0.01450	0.01963	0.01140	0.00722	0.00777	0.00241	0.00993	0.00707	0.00394	0.04127
92	0.08509	0.01526	0.02345	0.48840	0.14283	0.01799	0.02014	0.07330	0.01737	0.02440	0.01404	0.01955	0.01070	0.00770	0.00748	0.00250	0.00963	0.00666	0.00398	0.00953
93	0.01139	0.00751	0.00841	0.00841	0.00848	0.00751	0.00472	0.01151	0.01145	0.01551	0.02446	0.04998	0.02790	0.70265	0.03829	0.00732	0.00738	0.01114	0.03119	0.00479
94	0.01248	0.00866	0.01075	0.01045	0.01239	0.00830	0.00790	0.04273	0.01937	0.04647	0.31482	0.10776	0.13562	0.08992	0.04291	0.00356	0.00558	0.07916	0.03390	0.00727
95	0.01558	0.00831	0.00843	0.00802	0.01016	0.00849	0.00612	0.06564	0.01777	0.03040	0.02479	0.02814	0.01937	0.00905	0.00560	0.00185	0.00398	0.00721	0.71342	0.00767
96	0.02021	0.01518	0.01686	0.01442	0.01834	0.01635	0.01130	0.31414	0.10776	0.03659	0.12295	0.18325	0.06087	0.01416	0.00851	0.00258	0.00643	0.01196	0.00774	0.01041
97	0.03479	0.01320	0.01799	0.01380	0.01979	0.01140	0.01140	0.03779	0.02219	0.68451	0.03059	0.02639	0.01919	0.00960	0.00780	0.00240	0.00660	0.00780	0.00960	0.01320
98	0.17980	0.18720	0.18005	0.01652	0.02338	0.02102	0.04892	0.10174	0.01821	0.07377	0.01454	0.01654	0.01116	0.01002	0.03794	0.00273	0.03567	0.00568	0.00467	0.01044
99	0.01663	0.01569	0.02622	0.36355	0.26920	0.01749	0.04908	0.02275	0.06182	0.02303	0.01672	0.02401	0.01369	0.00826	0.00794	0.00254	0.00961	0.03750	0.00410	0.01017
100	0.00960	0.00686	0.00913	0.01069	0.01128	0.00640	0.00721	0.01118	0.01555	0.02092	0.10573	0.65624	0.05346	0.02345	0.00982	0.00308	0.00441	0.02124	0.00733	0.00640
101	0.01945	0.01964	0.02893	0.16415	0.49306	0.09363	0.02241	0.02387	0.01775	0.02363	0.01415	0.01888	0.01167	0.00718	0.00761	0.00232	0.00995	0.00669	0.00378	0.01125
102	0.01077	0.00792	0.01008	0.00954	0.01146	0.00723	0.00715	0.01423	0.02146	0.02993	0.60644	0.05984	0.14249	0.01629	0.00915	0.00246	0.00369	0.01429	0.00838	0.00723
103	0.01108	0.00831	0.01246	0.01246	0.01385	0.00969	0.00969	0.01385	0.01246	0.01800	0.02077	0.03046	0.01938	0.05815	0.69678	0.01246	0.02077	0.00831	0.00415	0.00692
104	0.01964	0.01291	0.01350	0.01162	0.01512	0.01398	0.00919	0.21148	0.11502	0.03538	0.02419	0.02583	0.01841	0.00933	0.00647	0.00208	0.00545	0.00737	0.43330	0.00973
105	0.02896	0.03695	0.02197	0.01998	0.02397	0.69638	0.01498	0.03096	0.02197	0.01898	0.01199	0.01398	0.00999	0.00799	0.00699	0.00200	0.01398	0.00499	0.00400	0.00899
106	0.02914	0.13695	0.02714	0.01734	0.02379	0.01681	0.12784	0.06486	0.02113	0.41899	0.02391	0.02263	0.01597	0.00852	0.00756	0.00231	0.00816	0.00738	0.00741	0.01215
107	0.01625	0.13383	0.59975	0.02090	0.03171	0.01972	0.02656	0.02437	0.01629	0.02370	0.01349	0.01584	0.00984	0.00727	0.00704	0.00235	0.01103	0.00552	0.00328	0.01125
108	0.07444	0.01669	0.02737	0.25511	0.43080	0.01797	0.02193	0.02245	0.01664	0.02428	0.01405	0.01917	0.01137	0.00720	0.00749	0.00240	0.00933	0.00670	0.00378	0.01083
109	0.02127	0.01840	0.01860	0.01629	0.02092	0.05316	0.01277	0.13116	0.54071	0.03420	0.02869	0.02667	0.02145	0.01022	0.00783	0.00255	0.00687	0.00832	0.00768	0.01225
110	0.01464	0.01378	0.02326	0.70887	0.05340	0.01723	0.02153	0.01981	0.01550	0.01981	0.01378	0.02067	0.01034	0.00775	0.00775	0.00258	0.01034	0.00689	0.00345	0.00861
111	0.01929	0.01666	0.01753	0.01578	0.02016	0.01929	0.01227	0.04120	0.66513	0.03243	0.03156	0.02893	0.02367	0.01052	0.00789	0.00263	0.00614	0.00877	0.00789	0.01227
112	0.01128	0.00752	0.00846	0.00846	0.00846	0.00752	0.00470	0.01128	0.01128	0.01503	0.02443	0.05074	0.02819	0.72751	0.03946	0.00752	0.00752	0.01128	0.00470	0.00470
113	0.00943	0.00680	0.00894	0.01066	0.01121	0.00631	0.00714	0.01081	0.01498	0.01985	0.04443	0.69173	0.08090	0.02407	0.00986	0.00312	0.00447	0.02177	0.00720	0.00631
114	0.68455	0.01476	0.01226	0.01067	0.01562	0.01661	0.00879	0.02475	0.01437	0.11973	0.01338	0.01440	0.00981	0.00751	0.00519	0.00240	0.00608	0.00467	0.00543	0.00902
115	0.01204	0.00861	0.01193	0.01346	0.01512	0.00850	0.01143	0.01541	0.01800	0.02372	0.10895	0.14529	0.04831	0.02110	0.01046	0.00341	0.00651	0.50337	0.00729	0.00708
116	0.01555	0.04011	0.68733	0.02210	0.03356	0.01801	0.02865	0.02455	0.01637	0.02455	0.01391	0.01637	0.00982	0.00737	0.00737	0.00246	0.01146	0.00573	0.00327	0.01146
117	0.01137	0.00805	0.01005	0.00947	0.01148	0.00731	0.00706	0.01453	0.02067	0.04783	0.51840	0.05959	0.17620	0.05120	0.01059	0.00272	0.00398	0.01412	0.00814	0.00723
118	0.02605	0.01880	0.02027	0.01594	0.02117	0.02066	0.01299	0.52197	0.03227	0.04413	0.04602	0.02259	0.01694	0.03214	0.02763	0.00271	0.00811	0.00746	0.09026	0.01188
119	0.02140	0.01606	0.01675	0.01461	0.01909	0.04800	0.01145	0.05763	0.41794	0.12717	0.03143	0.02941	0.05512	0.01043	0.00765	0.00245	0.00635	0.00853	0.06003	0.03849
120	0.75297	0.01526	0.01186	0.01049	0.01535	0.01765	0.00864	0.04734	0.01410	0.03534	0.01110	0.01283	0.00858	0.00728	0.00491	0.00240	0.00610	0.00431	0.00491	0.00858
121	0.01724	0.01669	0.02494	0.02170	0.05366	0.02119	0.09544	0.02171	0.07350	0.02188	0.01431	0.01966	0.01253	0.01171	0.01926	0.00304	0.46747	0.00731	0.06762	0.00916
122	0.02828	0.01450	0.01735	0.01374	0.01930	0.04444	0.01109	0.03371	0.10190	0.43196	0.06883	0.02663	0.02166	0.00947	0.00755	0.00223	0.00657	0.00771	0.00831	0.12476
123	0.01819	0.02058	0.04391	0.03165	0.03884	0.01995	0.59796	0.02432	0.01776	0.02432	0.01523	0.02058	0.01163	0.00712	0.01051	0.00268	0.07164	0.00895	0.00388	0.01029
124	0.00945	0.00675	0.00900	0.01080	0.01125	0.00630	0.00720	0.01080	0.01484	0.01979	0.04274	0.72245	0.05128	0.02429	0.00990	0.00315	0.00450	0.02204	0.00720	0.00630
125	0.00965	0.00689	0.00921	0.01088	0.01145	0.00645	0.00741	0.01120	0.01533	0.02051	0.07544	0.66305	0.05215	0.02374	0.00989	0.00313	0.00456	0.04540	0.00726	0.00638
126	0.01850	0.36208	0.35954	0.01790	0.02682	0.05124	0.02094	0.02419	0.01631	0.02139	0.01238	0.01444	0.00989	0.00705	0.00624	0.00207	0.01009	0.00496	0.00332	0.01066
127	0.01072	0.00732	0.00943	0.01042	0.01157	0.00669	0.00724	0.01253	0.01648	0.05024	0.13333	0.52188	0.12938	0.02193	0.00961	0.00295	0.00440	0.01963	0.00749	0.00677
128	0.01304	0.00926	0.01133	0.01051	0.01298	0.00881	0.00810	0.04505	0.05503	0.05815	0.45430	0.05752	0.16436	0.01591	0.00904	0.00253	0.00435	0.04358	0.00822	0.00795
129	0.01717	0.01685	0.03011	0.32091	0.32644	0.01810	0.11325	0.02229	0.01685	0.02296	0.01441	0.02006	0.01140	0.00721	0.00792	0.00246	0.01024	0.00722	0.00369	0.01049
130	0.01635	0.01018	0.01323	0.06883	0.01717	0.00983	0.00951	0.04366	0.04422	0.14794	0.37999	0.04874	0.13102	0.01409	0.00869	0.00247	0.00505	0.01215	0.00808	0.00879
131	0.01065	0.00791	0.00991	0.00941	0.01138	0.00718	0.00706	0.01400	0.02118	0.02927	0.56761	0.06093	0.18174	0.01653	0.00915	0.00247	0.00371	0.01444	0.00829	0.00718
132	0.02073	0.73217	0.04063	0.01327	0.01990	0.03068	0.01327	0.02322	0.01575	0.01824	0.01078	0.01244	0.00995	0.00663	0.00498	0.00166	0.00829	0.00415	0.00332	0.00995
133	0.01777	0.02189	0.16288	0.25185	0.21921	0.01857	0.09199	0.07723	0.01840	0.02537	0.01466	0.01924	0.01118	0.00744	0.00781	0.00246	0.01040	0.00692	0.00394	0.01081
134	0.01933	0.01651	0.01746	0.01563	0.01998	0.01900	0.01217	0.06151	0.61917	0.03296	0.05520	0.02965	0.02516	0.01068	0.00793	0.00261	0.00613	0.00890	0.00791	0.01212
135	0.01210	0.00864	0.01204	0.01383	0.01544	0.00858	0.01181	0.01538	0.01746	0.02276	0.04127	0.16956	0.04548	0.02179	0.01060	0.00352	0.00680	0.54874	0.00715	0.00703
136	0.04808	0.05113	0.13762	0.01920	0.05325	0.01778	0.07874	0.05249	0.26042	0.08495	0.02611	0.02950	0.03914	0.01012	0.00791	0.00257	0.00811	0.05536	0.00626	0.01125
137	0.01621	0.12801	0.60520	0.02098	0.03182	0.01962	0.02669	0.02439	0.01629	0.02375	0.01352	0.01587	0.00984	0.00727	0.00706	0.00235	0.01106	0.00553	0.00328	0.01127
138	0.01128	0.00752	0.00846	0.00846	0.00846	0.00752	0.00470	0.01128	0.01128	0.01503	0.02443	0.05074	0.02819	0.72751	0.03946	0.00752	0.00752	0.01128	0.00470	0.00470
139	0.05061	0.02262	0.02592	0.19910	0.06125	0.22271	0.11826	0.04927	0.01826	0.02221	0.01421	0.04206	0.01198	0.00894	0.00993	0.00250	0.09978	0.00709	0.00405	0.00926
140	0.00945	0.00675	0.00900	0.01080	0.01125	0.00630	0.00720	0.01080	0.01484	0.01979	0.04274	0.72245	0.05128	0.02429	0.00990	0.00315	0.00450	0.02204	0.00720	0.00630
141	0.02260	0.28441	0.17984	0.01703	0.02449	0.02485	0.01723	0.24953	0.05694	0.03135	0.01537	0.01639	0.01179	0.00796	0.00666	0.00213	0.00898	0.00576	0.00513	0.01157
142	0.01960	0.01750	0.01768	0.01578	0.02026	0.05148	0.01226	0.03970	0.60395	0.03145	0.02979	0.02761	0.02244	0.01018	0.00775	0.00253	0.00650	0.00839	0.00755	0.04760
143	0.01128	0.00752	0.00846	0.00846	0.00846	0.00752	0.00470	0.01128	0.01128	0.01503	0.02443	0.05074	0.02819	0.72751	0.03946	0.00752	0.00752	0.01128	0.00470	0.00470
144	0.01108	0.00831	0.01246	0.01246	0.01385	0.00969	0.00969	0.01385	0.01246	0.01800	0.02077	0.03046	0.01938	0.05815	0.69678	0.01246	0.02077	0.00831	0.00415	0.00692
145	0.01868	0.02079	0.08872	0.04198	0.47541	0.01867	0.17219	0.02410	0.01770	0.02515	0.01479	0.01937	0.01196	0.00686	0.00800	0.00239	0.01031	0.00734	0.00381	0.01178

[dist]
# distance from previous block
# <min> <max>
0	2

[block]
# block no. 4 follows, 25 sequences, length 20
# corresponding to MSA columns:
# 287-306
name=unknown_E
#
# <colnr> <probs for GDERKNQSTAVLIFYWHMCP>
#	G	D	E	R	K	N	Q	S	T	A	V	L	I	F	Y	W	H	M	C	P
0	0.02092	0.41933	0.16182	0.01924	0.08428	0.13518	0.01750	0.02479	0.01706	0.02024	0.01193	0.01407	0.01015	0.00702	0.00602	0.00193	0.00991	0.00485	0.00347	0.01030
1	0.01608	0.01378	0.01608	0.01148	0.01837	0.01034	0.00919	0.01952	0.01608	0.02527	0.01378	0.01608	0.01148	0.00574	0.00574	0.00115	0.00574	0.00459	0.00459	0.77491
2	0.02947	0.02172	0.02327	0.01784	0.02404	0.02404	0.01474	0.65329	0.03646	0.04887	0.01862	0.01862	0.01319	0.00931	0.00776	0.00233	0.00853	0.00698	0.00776	0.01319
3	0.01128	0.00752	0.00846	0.00846	0.00846	0.00752	0.00470	0.01128	0.01128	0.01503	0.02443	0.05074	0.02819	0.72751	0.03946	0.00752	0.00752	0.01128	0.00470	0.00470
4	0.01696	0.01696	0.02375	0.02036	0.02036	0.02375	0.01696	0.01866	0.01187	0.01866	0.01018	0.01696	0.01018	0.01357	0.02545	0.00339	0.71332	0.00679	0.00339	0.00848
5	0.01034	0.00782	0.00954	0.00928	0.01124	0.00702	0.00690	0.01335	0.02022	0.02738	0.45875	0.10899	0.24576	0.01753	0.00920	0.00254	0.00379	0.01526	0.00806	0.00702
6	0.02877	0.02137	0.02287	0.01770	0.02377	0.02371	0.01457	0.61069	0.08021	0.04772	0.01952	0.01933	0.01392	0.00939	0.00777	0.00235	0.00837	0.00711	0.00777	0.01312
7	0.00945	0.00675	0.00900	0.01080	0.01125	0.00630	0.00720	0.01080	0.01484	0.01979	0.04274	0.72245	0.05128	0.02429	0.00990	0.00315	0.00450	0.02204	0.00720	0.00630
8	0.08257	0.01331	0.01757	0.01357	0.01949	0.01178	0.01120	0.03683	0.02162	0.64297	0.02932	0.02551	0.01850	0.00944	0.00761	0.00240	0.00656	0.00757	0.00929	0.01289
9	0.01347	0.00673	0.01010	0.01010	0.01010	0.00673	0.00673	0.01010	0.01010	0.01347	0.01347	0.02357	0.01347	0.02694	0.03030	0.77441	0.00673	0.00673	0.00337	0.00337
10	0.01445	0.00723	0.00723	0.00723	0.00903	0.00723	0.00542	0.01807	0.01626	0.02891	0.02529	0.02891	0.01987	0.00903	0.00542	0.00181	0.00361	0.00723	0.77055	0.00723
11	0.01087	0.00792	0.01021	0.00964	0.01152	0.00727	0.00723	0.01442	0.02169	0.03049	0.63956	0.05891	0.10903	0.01608	0.00915	0.00245	0.00367	0.01416	0.00846	0.00727
12	0.78228	0.01499	0.01140	0.01020	0.01499	0.01739	0.00840	0.02279	0.01320	0.03479	0.01080	0.01260	0.00840	0.00720	0.00480	0.00240	0.00600	0.00420	0.00480	0.00840
13	0.02046	0.69572	0.07470	0.01373	0.02062	0.03001	0.01408	0.02329	0.01579	0.01857	0.01094	0.01264	0.00994	0.00667	0.00510	0.00170	0.00846	0.00423	0.00331	0.01003
14	0.01540	0.01358	0.02317	0.01864	0.02233	0.01356	0.21719	0.07874	0.01852	0.02574	0.09256	0.17525	0.02977	0.06599	0.04167	0.00347	0.03831	0.03584	0.06174	0.00852
15	0.01919	0.01575	0.01711	0.03938	0.02053	0.01785	0.01207	0.06740	0.51983	0.05549	0.06030	0.03218	0.06631	0.01114	0.00801	0.00260	0.00617	0.00928	0.00777	0.01165
16	0.01908	0.09079	0.42928	0.01838	0.02730	0.01664	0.02166	0.02579	0.01804	0.14850	0.09201	0.02264	0.01880	0.00869	0.00744	0.00237	0.00939	0.00693	0.00506	0.01118
17	0.01797	0.04382	0.05550	0.11489	0.21957	0.01925	0.25572	0.02392	0.04517	0.02403	0.01513	0.01983	0.01200	0.00748	0.00937	0.00248	0.06210	0.00759	0.00396	0.04022
18	0.01061	0.00790	0.01009	0.01146	0.01277	0.00756	0.00861	0.01347	0.04180	0.02139	0.04753	0.42146	0.14772	0.02224	0.00992	0.00316	0.00518	0.18313	0.00721	0.00680
19	0.01793	0.01875	0.05806	0.17900	0.36732	0.01844	0.15048	0.02393	0.04393	0.02435	0.01531	0.02014	0.01215	0.00717	0.00799	0.00244	0.01019	0.00739	0.00392	0.01112

[dist]
# distance from previous block
# <min> <max>
1	2

[block]
# block no. 5 follows, 25 sequences, length 25
# corresponding to MSA columns:
# 309-333
name=unknown_F
#
# <colnr> <probs for GDERKNQSTAVLIFYWHMCP>
#	G	D	E	R	K	N	Q	S	T	A	V	L	I	F	Y	W	H	M	C	P
0	0.03765	0.00763	0.00782	0.00792	0.00971	0.00753	0.00587	0.01651	0.01593	0.02645	0.03222	0.06203	0.09859	0.07133	0.00906	0.00252	0.00423	0.03518	0.53489	0.00694
1	0.01173	0.00852	0.01044	0.01138	0.01276	0.00847	0.00820	0.04149	0.07232	0.02311	0.04170	0.48890	0.08468	0.02087	0.00935	0.00298	0.00494	0.07070	0.06020	0.00726
2	0.01873	0.02012	0.09948	0.02592	0.12017	0.01758	0.22699	0.11390	0.01942	0.02722	0.01637	0.05101	0.01363	0.00937	0.01023	0.04999	0.04274	0.00792	0.00457	0.10463
3	0.01654	0.09658	0.51588	0.02405	0.06901	0.01933	0.10368	0.02443	0.01663	0.02408	0.01390	0.01674	0.01021	0.00718	0.00740	0.00240	0.01126	0.00608	0.00339	0.01125
4	0.00945	0.00675	0.00900	0.01080	0.01125	0.00630	0.00720	0.01080	0.01484	0.01979	0.04274	0.72245	0.05128	0.02429	0.00990	0.00315	0.00450	0.02204	0.00720	0.00630
5	0.01830	0.02092	0.04575	0.03268	0.04052	0.01961	0.65098	0.02484	0.01830	0.02484	0.01569	0.02092	0.01176	0.00654	0.00915	0.00261	0.01307	0.00915	0.00392	0.01046
6	0.07372	0.03759	0.02012	0.06218	0.02307	0.12695	0.01337	0.31416	0.09232	0.03610	0.02056	0.02142	0.03675	0.00925	0.00723	0.00227	0.00849	0.00694	0.07653	0.01096
7	0.00983	0.00719	0.00929	0.01056	0.01155	0.00665	0.00744	0.01172	0.01634	0.02167	0.13014	0.51113	0.12888	0.02241	0.00977	0.00302	0.00451	0.06401	0.00737	0.00652
8	0.01070	0.00782	0.01004	0.01033	0.01190	0.00727	0.00776	0.01356	0.01907	0.02597	0.36745	0.19167	0.13263	0.04772	0.01075	0.00296	0.00451	0.10324	0.00777	0.00690
9	0.02073	0.73217	0.04063	0.01327	0.01990	0.03068	0.01327	0.02322	0.01575	0.01824	0.01078	0.01244	0.00995	0.00663	0.00498	0.00166	0.00829	0.00415	0.00332	0.00995
10	0.12165	0.11168	0.10086	0.02059	0.10180	0.14005	0.01636	0.15629	0.02137	0.07761	0.01487	0.01656	0.01139	0.00822	0.00784	0.00227	0.04881	0.00582	0.00507	0.01087
11	0.01585	0.01525	0.02327	0.21769	0.02997	0.02002	0.04967	0.01895	0.01346	0.01968	0.01284	0.01965	0.01134	0.01445	0.06526	0.00368	0.39868	0.00706	0.03476	0.00846
12	0.01580	0.07372	0.65593	0.02167	0.03290	0.01862	0.02790	0.02449	0.01634	0.02425	0.01376	0.01618	0.00983	0.00733	0.00725	0.00242	0.01131	0.00565	0.00328	0.01139
13	0.08011	0.49195	0.20931	0.01536	0.02312	0.02627	0.01695	0.02354	0.01571	0.02123	0.01161	0.01349	0.00979	0.00687	0.00559	0.00193	0.00895	0.00457	0.00342	0.01023
14	0.69619	0.01605	0.04343	0.01099	0.01618	0.01702	0.00955	0.02388	0.01395	0.07799	0.01227	0.01370	0.00919	0.00737	0.00512	0.00240	0.00629	0.00451	0.00505	0.00886
15	0.01802	0.01350	0.01600	0.01189	0.01819	0.01080	0.00950	0.02257	0.05718	0.09957	0.06121	0.02083	0.01724	0.00715	0.00633	0.00147	0.00572	0.00584	0.00562	0.59137
16	0.01202	0.00819	0.00947	0.00924	0.00964	0.00843	0.00561	0.03857	0.01245	0.01675	0.02383	0.04740	0.02670	0.63179	0.10241	0.00778	0.00886	0.01080	0.00477	0.00527
17	0.01588	0.01454	0.02381	0.07779	0.02570	0.01511	0.18132	0.07300	0.05149	0.02586	0.09958	0.15403	0.02767	0.01385	0.02992	0.00294	0.07473	0.02662	0.00563	0.06052
18	0.01058	0.00711	0.00933	0.01075	0.01159	0.00654	0.00731	0.01204	0.01535	0.04996	0.04441	0.65073	0.08859	0.02334	0.00976	0.00308	0.00456	0.02104	0.00731	0.00663
19	0.05905	0.01488	0.02048	0.40237	0.03803	0.04921	0.03496	0.05388	0.07864	0.02377	0.04698	0.02668	0.04358	0.01021	0.00887	0.03864	0.00904	0.02724	0.00469	0.00882
20	0.00972	0.00703	0.00924	0.01077	0.01152	0.00654	0.00746	0.01141	0.01568	0.02085	0.08847	0.60100	0.08731	0.02327	0.00985	0.00310	0.00457	0.05847	0.00729	0.00643
21	0.02188	0.39006	0.03075	0.01518	0.02075	0.16691	0.01333	0.04552	0.06121	0.02119	0.01300	0.01475	0.01118	0.00755	0.00692	0.00185	0.04846	0.00493	0.00406	0.10052
22	0.10902	0.00820	0.00781	0.00766	0.00974	0.00850	0.00575	0.01827	0.01561	0.02886	0.02346	0.02810	0.01892	0.04862	0.00723	0.00220	0.00412	0.00708	0.63363	0.00723
23	0.02104	0.01875	0.10943	0.04785	0.06519	0.04577	0.10098	0.04146	0.06196	0.18226	0.11662	0.02852	0.02381	0.04955	0.01082	0.00278	0.04790	0.00858	0.00621	0.01051
24	0.01604	0.08534	0.56256	0.06026	0.03418	0.01895	0.06903	0.02422	0.01641	0.02387	0.01381	0.01664	0.00999	0.00728	0.00734	0.00242	0.01129	0.00591	0.00333	0.01113

[dist]
# distance from previous block
# <min> <max>
0	2

[block]
# block no. 6 follows, 25 sequences, length 14
# corresponding to MSA columns:
# 336-349
name=unknown_G
#
# <colnr> <probs for GDERKNQSTAVLIFYWHMCP>
#	G	D	E	R	K	N	Q	S	T	A	V	L	I	F	Y	W	H	M	C	P
0	0.01049	0.00716	0.00942	0.01065	0.01155	0.00660	0.00730	0.01219	0.01606	0.04400	0.11920	0.59252	0.07863	0.02259	0.00970	0.00302	0.00445	0.02036	0.00744	0.00667
1	0.01400	0.01260	0.02071	0.51221	0.04212	0.01501	0.04502	0.01799	0.01462	0.01889	0.01641	0.02786	0.01466	0.17943	0.01538	0.00376	0.00978	0.00804	0.00377	0.00776
2	0.01427	0.00724	0.00730	0.00730	0.00900	0.00724	0.00538	0.01767	0.01597	0.02811	0.02524	0.03017	0.02035	0.05051	0.00739	0.00214	0.00384	0.00746	0.72634	0.00708
3	0.02033	0.01742	0.02579	0.24474	0.28304	0.01912	0.01997	0.19038	0.02195	0.03003	0.01582	0.01987	0.01221	0.00789	0.00763	0.00238	0.00917	0.00693	0.03414	0.01118
