[name]
unknown

[dist]
# distance from previous block
# <min> <max>
0	29

[block]
# block no. 0 follows, 26 sequences, length 35
# corresponding to MSA columns:
# 30-64
name=unknown_A
#
# <colnr> <probs for GDERKNQSTAVLIFYWHMCP>
#	G	D	E	R	K	N	Q	S	T	A	V	L	I	F	Y	W	H	M	C	P
0	0.01828	0.01431	0.01662	0.01310	0.01856	0.01320	0.01050	0.10325	0.10620	0.06308	0.01996	0.06050	0.01706	0.00887	0.00738	0.00182	0.03092	0.03654	0.00579	0.43407
1	0.01034	0.00827	0.00903	0.00893	0.01124	0.00741	0.00663	0.04678	0.01846	0.02321	0.15412	0.16906	0.46182	0.01884	0.00900	0.00260	0.00414	0.01604	0.00726	0.00683
2	0.01833	0.01925	0.03784	0.03919	0.35968	0.01861	0.34407	0.02379	0.01759	0.02454	0.01481	0.01963	0.01176	0.00657	0.00824	0.00241	0.01092	0.00787	0.00380	0.01111
3	0.00933	0.00668	0.00899	0.01065	0.01114	0.00634	0.00717	0.01072	0.01439	0.01927	0.04063	0.69036	0.04846	0.02557	0.04753	0.00358	0.00527	0.02083	0.00688	0.00619
4	0.01887	0.01629	0.01715	0.01544	0.01972	0.01887	0.01201	0.04031	0.67241	0.03173	0.03087	0.02830	0.02315	0.01029	0.00772	0.00257	0.00600	0.00858	0.00772	0.01201
5	0.02444	0.01906	0.02029	0.01656	0.02185	0.02147	0.01335	0.38749	0.31614	0.04072	0.02379	0.02265	0.01742	0.00963	0.00765	0.00241	0.00731	0.00760	0.00765	0.01251
6	0.01790	0.02046	0.04476	0.03197	0.03964	0.01918	0.65857	0.02430	0.01790	0.02430	0.01535	0.02046	0.01151	0.00639	0.00895	0.00256	0.01279	0.00895	0.00384	0.01023
7	0.03336	0.01306	0.01758	0.01358	0.01938	0.01149	0.01119	0.03711	0.05056	0.66212	0.02997	0.02593	0.01897	0.00943	0.00763	0.00236	0.00643	0.00767	0.00931	0.01287
8	0.01084	0.00813	0.01219	0.01219	0.01354	0.00948	0.00948	0.01354	0.01219	0.01761	0.02032	0.02980	0.01896	0.05689	0.70337	0.01219	0.02032	0.00813	0.00406	0.00677
9	0.01414	0.00707	0.00707	0.00707	0.00884	0.00707	0.00530	0.01767	0.01591	0.02828	0.02474	0.02828	0.01944	0.00884	0.00530	0.00177	0.00353	0.00707	0.77554	0.00707
10	0.01877	0.01802	0.03079	0.04656	0.68612	0.01802	0.02328	0.02328	0.01727	0.02478	0.01427	0.01877	0.01201	0.00676	0.00751	0.00225	0.00901	0.00676	0.00375	0.01201
11	0.01222	0.00873	0.01222	0.01397	0.01572	0.00873	0.01222	0.01572	0.01746	0.02270	0.04016	0.08556	0.04365	0.02095	0.01048	0.00349	0.00698	0.63506	0.00698	0.00698
12	0.00931	0.00666	0.00887	0.01051	0.01102	0.00621	0.00705	0.01074	0.01486	0.01990	0.07277	0.69599	0.05120	0.02336	0.00965	0.00305	0.00436	0.02118	0.00710	0.00621
13	0.00924	0.00660	0.00880	0.01056	0.01100	0.00616	0.00704	0.01056	0.01452	0.01936	0.04181	0.72848	0.05017	0.02376	0.00968	0.00308	0.00440	0.02156	0.00704	0.00616
14	0.01659	0.01659	0.02323	0.01991	0.01991	0.02323	0.01659	0.01825	0.01162	0.01825	0.00996	0.01659	0.00996	0.01328	0.02489	0.00332	0.71955	0.00664	0.00332	0.00830
15	0.03173	0.01342	0.01753	0.01379	0.01942	0.01232	0.01128	0.03747	0.12054	0.59119	0.03007	0.02619	0.01944	0.00953	0.00764	0.00238	0.00639	0.00777	0.00913	0.01277
16	0.03403	0.01291	0.01760	0.01350	0.01936	0.01115	0.01115	0.03697	0.02171	0.69137	0.02992	0.02582	0.01878	0.00939	0.00763	0.00235	0.00645	0.00763	0.00939	0.01291
17	0.01877	0.01802	0.03079	0.04656	0.68612	0.01802	0.02328	0.02328	0.01727	0.02478	0.01427	0.01877	0.01201	0.00676	0.00751	0.00225	0.00901	0.00676	0.00375	0.01201
18	0.01084	0.00813	0.01219	0.01219	0.01354	0.00948	0.00948	0.01354	0.01219	0.01761	0.02032	0.02980	0.01896	0.05689	0.70337	0.01219	0.02032	0.00813	0.00406	0.00677
19	0.01573	0.01348	0.01573	0.01123	0.01798	0.01011	0.00899	0.01910	0.01573	0.02472	0.01348	0.01573	0.01123	0.00562	0.00562	0.00112	0.00562	0.00449	0.00449	0.77980
20	0.01758	0.01824	0.02309	0.01988	0.02021	0.08026	0.01643	0.01926	0.01245	0.01828	0.01011	0.01635	0.00994	0.01282	0.02338	0.00320	0.66033	0.00649	0.00337	0.00834
21	0.01467	0.00823	0.00887	0.00849	0.01045	0.00856	0.00645	0.06300	0.01669	0.02788	0.02370	0.02849	0.01920	0.04011	0.09344	0.00329	0.00610	0.00732	0.59769	0.00736
22	0.03376	0.01335	0.01787	0.01370	0.01958	0.01180	0.01132	0.06983	0.02244	0.65746	0.02931	0.02542	0.01847	0.00937	0.00763	0.00234	0.00655	0.00759	0.00929	0.01291
23	0.01074	0.00775	0.01014	0.00954	0.01133	0.00716	0.00716	0.01431	0.02147	0.03042	0.68211	0.05666	0.07157	0.01551	0.00895	0.00239	0.00358	0.01372	0.00835	0.00716
24	0.02833	0.03615	0.02149	0.01954	0.02345	0.70298	0.01466	0.03029	0.02149	0.01856	0.01172	0.01368	0.00977	0.00782	0.00684	0.00195	0.01368	0.00489	0.00391	0.00879
25	0.78701	0.01467	0.01115	0.00997	0.01467	0.01702	0.00821	0.02230	0.01291	0.03403	0.01056	0.01232	0.00821	0.00704	0.00469	0.00235	0.00587	0.00411	0.00469	0.00821
26	0.00923	0.00665	0.00875	0.01042	0.01097	0.00617	0.00698	0.01058	0.01465	0.01942	0.04347	0.69726	0.08031	0.02355	0.00965	0.00306	0.00437	0.02130	0.00704	0.00617
27	0.00933	0.00664	0.00877	0.01044	0.01086	0.00622	0.00691	0.01059	0.01434	0.01912	0.04088	0.69348	0.04900	0.06035	0.01117	0.00330	0.00455	0.02102	0.00691	0.00608
28	0.01059	0.00775	0.00994	0.00939	0.01124	0.00710	0.00704	0.01404	0.02113	0.02961	0.63313	0.05798	0.12105	0.01581	0.00895	0.00240	0.00360	0.01390	0.00824	0.00710
29	0.03237	0.01338	0.01834	0.01549	0.05768	0.01194	0.01189	0.03635	0.05500	0.61907	0.02907	0.02554	0.01861	0.00928	0.00763	0.00235	0.00658	0.00763	0.00898	0.01281
30	0.01542	0.03802	0.65602	0.02305	0.07036	0.01764	0.02775	0.02398	0.01609	0.02406	0.01365	0.01617	0.00975	0.00718	0.00722	0.00239	0.01108	0.00567	0.00323	0.01126
31	0.01858	0.01782	0.03043	0.07625	0.65797	0.01797	0.02318	0.02311	0.01718	0.02454	0.01423	0.01884	0.01193	0.00679	0.00751	0.00226	0.00906	0.00676	0.00374	0.01186
32	0.01992	0.01765	0.02788	0.02392	0.09392	0.01846	0.21751	0.05666	0.25483	0.08098	0.02171	0.02304	0.01629	0.00863	0.00916	0.00251	0.05662	0.00810	0.00582	0.03638
33	0.01877	0.01802	0.03079	0.04656	0.68612	0.01802	0.02328	0.02328	0.01727	0.02478	0.01427	0.01877	0.01201	0.00676	0.00751	0.00225	0.00901	0.00676	0.00375	0.01201
34	0.04455	0.14296	0.42176	0.05918	0.11209	0.01929	0.02332	0.02394	0.01615	0.05017	0.01376	0.01624	0.01028	0.00714	0.00682	0.00226	0.01001	0.00559	0.00359	0.01089

[dist]
# distance from previous block
# <min> <max>
2	7

[block]
# block no. 1 follows, 26 sequences, length 10
# corresponding to MSA columns:
# 72-81
name=unknown_B
#
# <colnr> <probs for GDERKNQSTAVLIFYWHMCP>
#	G	D	E	R	K	N	Q	S	T	A	V	L	I	F	Y	W	H	M	C	P
0	0.13941	0.01770	0.01904	0.18426	0.02747	0.08157	0.01408	0.19382	0.05995	0.03053	0.01568	0.01848	0.01204	0.01020	0.03678	0.00267	0.02829	0.00617	0.02670	0.07515
1	0.12174	0.25007	0.10504	0.01571	0.02159	0.02119	0.06088	0.06262	0.06624	0.08202	0.06101	0.01933	0.01587	0.00841	0.00769	0.00222	0.05708	0.00625	0.00494	0.01009
2	0.02132	0.01600	0.01796	0.01379	0.01984	0.01464	0.01100	0.19275	0.06138	0.08048	0.02242	0.02332	0.06037	0.00879	0.00712	0.00192	0.00668	0.00675	0.00640	0.40707
3	0.06980	0.01032	0.01289	0.01157	0.01363	0.01116	0.00913	0.01669	0.01829	0.07243	0.36295	0.04605	0.14672	0.01461	0.01165	0.00259	0.14322	0.01158	0.00697	0.00774
4	0.00958	0.00680	0.00864	0.00997	0.01043	0.00640	0.00650	0.01067	0.01398	0.01851	0.04007	0.56384	0.07727	0.16155	0.01527	0.00389	0.00495	0.01924	0.00657	0.00587
5	0.01386	0.00716	0.00750	0.00750	0.00924	0.00727	0.00566	0.01732	0.01559	0.02737	0.02437	0.02841	0.01940	0.01291	0.06451	0.00265	0.00496	0.00716	0.71011	0.00704
6	0.01044	0.00753	0.00988	0.00974	0.01127	0.00696	0.00713	0.01358	0.02012	0.02827	0.55759	0.18731	0.06741	0.01711	0.00909	0.00252	0.00374	0.01524	0.00810	0.00696
7	0.02185	0.60151	0.03620	0.01425	0.02024	0.16089	0.01330	0.02419	0.01659	0.01799	0.01077	0.01246	0.00974	0.00675	0.00525	0.00169	0.00919	0.00422	0.00337	0.00955
8	0.01414	0.00707	0.00707	0.00707	0.00884	0.00707	0.00530	0.01767	0.01591	0.02828	0.02474	0.02828	0.01944	0.00884	0.00530	0.00177	0.00353	0.00707	0.77554	0.00707
9	0.16137	0.00904	0.00992	0.00939	0.01181	0.00892	0.00715	0.01520	0.01890	0.02920	0.43559	0.07842	0.14854	0.01475	0.00815	0.00243	0.00410	0.01251	0.00739	0.00721

[dist]
# distance from previous block
# <min> <max>
0	2

[block]
# block no. 2 follows, 26 sequences, length 42
# corresponding to MSA columns:
# 84-125
name=unknown_C
#
# <colnr> <probs for GDERKNQSTAVLIFYWHMCP>
#	G	D	E	R	K	N	Q	S	T	A	V	L	I	F	Y	W	H	M	C	P
0	0.01103	0.00735	0.00827	0.00827	0.00827	0.00735	0.00460	0.01103	0.01103	0.01471	0.02390	0.04964	0.02758	0.73343	0.03861	0.00735	0.00735	0.01103	0.00460	0.00460
1	0.01659	0.01659	0.02323	0.01991	0.01991	0.02323	0.01659	0.01825	0.01162	0.01825	0.00996	0.01659	0.00996	0.01328	0.02489	0.00332	0.71955	0.00664	0.00332	0.00830
2	0.65776	0.01523	0.01445	0.01613	0.12763	0.01719	0.01075	0.02246	0.01364	0.03248	0.01119	0.01341	0.00885	0.00699	0.00517	0.00233	0.00640	0.00455	0.00454	0.00885
3	0.14944	0.01581	0.01626	0.01414	0.01879	0.01767	0.01118	0.08381	0.42143	0.07573	0.02704	0.02546	0.03884	0.00966	0.00714	0.00243	0.00611	0.00767	0.00715	0.04425
4	0.01245	0.01157	0.01094	0.01207	0.01310	0.12340	0.00832	0.01388	0.01570	0.01923	0.03675	0.60822	0.04337	0.02108	0.00920	0.00289	0.00596	0.01876	0.00651	0.00660
5	0.03043	0.01233	0.01608	0.01261	0.01780	0.01107	0.01032	0.06427	0.02142	0.54830	0.02848	0.02586	0.01860	0.00928	0.00723	0.00225	0.00606	0.00749	0.13820	0.01193
6	0.00919	0.00678	0.00861	0.01008	0.01087	0.00620	0.00683	0.01062	0.01499	0.01955	0.04770	0.61820	0.15664	0.02300	0.00956	0.00299	0.00431	0.02063	0.00704	0.00620
7	0.03110	0.01353	0.01855	0.01458	0.01946	0.01318	0.01206	0.03382	0.02001	0.57812	0.02656	0.02427	0.01729	0.01004	0.01053	0.00251	0.12643	0.00746	0.00837	0.01213
8	0.01489	0.01252	0.01479	0.01095	0.01686	0.00961	0.00868	0.01829	0.01669	0.02568	0.12597	0.02261	0.02139	0.00728	0.00618	0.00134	0.00527	0.00605	0.00514	0.64981
9	0.01167	0.00855	0.01146	0.01291	0.01479	0.00834	0.01114	0.01490	0.01743	0.02233	0.04633	0.08345	0.15122	0.02066	0.01022	0.00334	0.00646	0.53091	0.00699	0.00689
10	0.00924	0.00660	0.00880	0.01056	0.01100	0.00616	0.00704	0.01056	0.01452	0.01936	0.04181	0.72848	0.05017	0.02376	0.00968	0.00308	0.00440	0.02156	0.00704	0.00616
11	0.01581	0.03567	0.58253	0.02581	0.14274	0.01768	0.02723	0.02390	0.01623	0.02415	0.01372	0.01648	0.01001	0.00713	0.00726	0.00238	0.01084	0.00580	0.00330	0.01135
12	0.01048	0.00756	0.00991	0.00971	0.01128	0.00699	0.00714	0.01368	0.02030	0.02856	0.57439	0.16969	0.06797	0.01690	0.00907	0.00250	0.00372	0.01504	0.00813	0.00699
13	0.03011	0.01204	0.01635	0.01283	0.01801	0.01048	0.01048	0.03315	0.02167	0.58017	0.13965	0.03101	0.02766	0.01042	0.00785	0.00235	0.00597	0.00865	0.00921	0.01194
14	0.01048	0.00828	0.01123	0.01213	0.01250	0.00903	0.00865	0.01186	0.01403	0.01918	0.03645	0.60871	0.04340	0.02200	0.01224	0.00312	0.12472	0.01905	0.00641	0.00652
15	0.01837	0.01573	0.01608	0.01447	0.01811	0.04109	0.01097	0.06541	0.50719	0.02919	0.02841	0.03088	0.02293	0.13181	0.01288	0.00334	0.00661	0.00877	0.00705	0.01069
16	0.01083	0.00903	0.01501	0.01432	0.01603	0.00847	0.11689	0.01311	0.01522	0.02034	0.03728	0.58026	0.04337	0.02071	0.00959	0.00301	0.00593	0.04721	0.00650	0.00688
17	0.00896	0.00768	0.00768	0.00768	0.01025	0.00640	0.00576	0.01089	0.01729	0.02049	0.07684	0.07300	0.68304	0.01921	0.00896	0.00256	0.00384	0.01601	0.00704	0.00640
18	0.02028	0.73799	0.03975	0.01298	0.01947	0.03001	0.01298	0.02271	0.01541	0.01785	0.01055	0.01217	0.00973	0.00649	0.00487	0.00162	0.00811	0.00406	0.00324	0.00973
19	0.01979	0.01675	0.01767	0.01562	0.02008	0.01930	0.01223	0.09805	0.61316	0.03323	0.02969	0.02736	0.02220	0.01018	0.00771	0.00255	0.00622	0.00841	0.00771	0.01209
20	0.01318	0.00659	0.00988	0.00988	0.00988	0.00659	0.00659	0.00988	0.00988	0.01318	0.01318	0.02306	0.01318	0.02635	0.02964	0.77931	0.00659	0.00659	0.00329	0.00329
21	0.01414	0.00707	0.00707	0.00707	0.00884	0.00707	0.00530	0.01767	0.01591	0.02828	0.02474	0.02828	0.01944	0.00884	0.00530	0.00177	0.00353	0.00707	0.77554	0.00707
22	0.01877	0.01802	0.03079	0.04656	0.68612	0.01802	0.02328	0.02328	0.01727	0.02478	0.01427	0.01877	0.01201	0.00676	0.00751	0.00225	0.00901	0.00676	0.00375	0.01201
23	0.01521	0.03923	0.69413	0.02162	0.03283	0.01762	0.02802	0.02402	0.01601	0.02402	0.01361	0.01601	0.00961	0.00721	0.00721	0.00240	0.01121	0.00560	0.00320	0.01121
24	0.02833	0.03615	0.02149	0.01954	0.02345	0.70298	0.01466	0.03029	0.02149	0.01856	0.01172	0.01368	0.00977	0.00782	0.00684	0.00195	0.01368	0.00489	0.00391	0.00879
25	0.02181	0.02474	0.02479	0.19943	0.24358	0.31391	0.01901	0.02535	0.01858	0.02076	0.01297	0.01693	0.01058	0.00742	0.00724	0.00219	0.01130	0.00594	0.00373	0.00974
26	0.01084	0.00813	0.01219	0.01219	0.01354	0.00948	0.00948	0.01354	0.01219	0.01761	0.02032	0.02980	0.01896	0.05689	0.70337	0.01219	0.02032	0.00813	0.00406	0.00677
27	0.01037	0.00774	0.00963	0.00916	0.01111	0.00700	0.00687	0.01361	0.02061	0.02837	0.55728	0.06003	0.19768	0.01627	0.00895	0.00242	0.00363	0.01419	0.00808	0.00700
28	0.00898	0.00763	0.00773	0.00781	0.01028	0.00639	0.00582	0.01087	0.01716	0.02044	0.07525	0.10267	0.65439	0.01942	0.00900	0.00258	0.00387	0.01626	0.00704	0.00639
29	0.03048	0.01259	0.01680	0.01313	0.01843	0.01120	0.01075	0.06475	0.02237	0.56600	0.12150	0.02980	0.02594	0.01024	0.00781	0.00235	0.00614	0.00845	0.00915	0.01210
30	0.72614	0.01453	0.01167	0.01026	0.01505	0.01654	0.00845	0.02348	0.01362	0.08717	0.01213	0.01341	0.00907	0.00723	0.00493	0.00235	0.00591	0.00439	0.00507	0.00859
31	0.01084	0.00813	0.01219	0.01219	0.01354	0.00948	0.00948	0.01354	0.01219	0.01761	0.02032	0.02980	0.01896	0.05689	0.70337	0.01219	0.02032	0.00813	0.00406	0.00677
32	0.01084	0.00813	0.01219	0.01219	0.01354	0.00948	0.00948	0.01354	0.01219	0.01761	0.02032	0.02980	0.01896	0.05689	0.70337	0.01219	0.02032	0.00813	0.00406	0.00677
33	0.01790	0.02046	0.04476	0.03197	0.03964	0.01918	0.65857	0.02430	0.01790	0.02430	0.01535	0.02046	0.01151	0.00639	0.00895	0.00256	0.01279	0.00895	0.00384	0.01023
34	0.03403	0.01291	0.01760	0.01350	0.01936	0.01115	0.01115	0.03697	0.02171	0.69137	0.02992	0.02582	0.01878	0.00939	0.00763	0.00235	0.00645	0.00763	0.00939	0.01291
35	0.02833	0.03615	0.02149	0.01954	0.02345	0.70298	0.01466	0.03029	0.02149	0.01856	0.01172	0.01368	0.00977	0.00782	0.00684	0.00195	0.01368	0.00489	0.00391	0.00879
36	0.01535	0.03830	0.66188	0.02213	0.03317	0.01769	0.05934	0.02403	0.01611	0.02403	0.01370	0.01623	0.00970	0.00717	0.00729	0.00241	0.01129	0.00577	0.00323	0.01116
37	0.01463	0.01407	0.02461	0.65743	0.05118	0.01705	0.07497	0.01980	0.01540	0.01980	0.01364	0.02024	0.01023	0.00748	0.00770	0.00253	0.01034	0.00693	0.00341	0.00858
38	0.01495	0.01271	0.01367	0.01309	0.03683	0.01347	0.00971	0.05742	0.32434	0.02757	0.07104	0.04712	0.29944	0.01402	0.00827	0.00254	0.00523	0.01171	0.00733	0.00955
39	0.01873	0.01814	0.03149	0.04582	0.65367	0.01808	0.05516	0.02333	0.01730	0.02476	0.01432	0.01886	0.01199	0.00674	0.00758	0.00227	0.00920	0.00687	0.00376	0.01193
40	0.01927	0.59848	0.17041	0.01470	0.02214	0.02754	0.01598	0.02297	0.01553	0.01908	0.01116	0.01294	0.00971	0.00663	0.00533	0.00178	0.00873	0.00437	0.00324	0.01003
41	0.02232	0.01538	0.01697	0.01378	0.01778	0.01642	0.01071	0.35307	0.04788	0.08830	0.06592	0.03207	0.04998	0.19676	0.01574	0.00362	0.00736	0.00887	0.00699	0.01008

[dist]
# distance from previous block
# <min> <max>
0	2

[block]
# block no. 3 follows, 26 sequences, length 55
# corresponding to MSA columns:
# 128-182
name=unknown_D
#
# <colnr> <probs for GDERKNQSTAVLIFYWHMCP>
#	G	D	E	R	K	N	Q	S	T	A	V	L	I	F	Y	W	H	M	C	P
0	0.04613	0.01372	0.02261	0.65882	0.07680	0.01691	0.02063	0.01966	0.01516	0.02020	0.01339	0.01984	0.01011	0.00753	0.00746	0.00251	0.00989	0.00663	0.00344	0.00857
1	0.01541	0.01315	0.01539	0.01120	0.01764	0.00992	0.00889	0.01868	0.01567	0.02446	0.01486	0.05047	0.01313	0.00650	0.00582	0.00122	0.00556	0.00533	0.00462	0.74209
2	0.02806	0.06195	0.02228	0.01915	0.02330	0.63112	0.01458	0.07284	0.02223	0.02052	0.01212	0.01393	0.00998	0.00785	0.00681	0.00196	0.01310	0.00499	0.00413	0.00911
3	0.01781	0.02020	0.04329	0.03115	0.03830	0.01946	0.61495	0.02389	0.01748	0.02389	0.01498	0.02020	0.01140	0.00686	0.01003	0.00261	0.06080	0.00879	0.00380	0.01010
4	0.01078	0.00769	0.00983	0.00933	0.01083	0.00719	0.00674	0.01378	0.01976	0.02784	0.57435	0.05551	0.06437	0.13305	0.01380	0.00320	0.00420	0.01328	0.00774	0.00674
5	0.03403	0.01291	0.01760	0.01350	0.01936	0.01115	0.01115	0.03697	0.02171	0.69137	0.02992	0.02582	0.01878	0.00939	0.00763	0.00235	0.00645	0.00763	0.00939	0.01291
6	0.01543	0.03774	0.64234	0.02244	0.03337	0.01774	0.07831	0.02404	0.01616	0.02404	0.01375	0.01637	0.00976	0.00714	0.00735	0.00241	0.01134	0.00587	0.00325	0.01113
7	0.01877	0.01802	0.03079	0.04656	0.68612	0.01802	0.02328	0.02328	0.01727	0.02478	0.01427	0.01877	0.01201	0.00676	0.00751	0.00225	0.00901	0.00676	0.00375	0.01201
8	0.01074	0.00775	0.01014	0.00954	0.01133	0.00716	0.00716	0.01431	0.02147	0.03042	0.68211	0.05666	0.07157	0.01551	0.00895	0.00239	0.00358	0.01372	0.00835	0.00716
9	0.06366	0.01298	0.01735	0.01336	0.01918	0.01138	0.01103	0.03639	0.02136	0.66551	0.02916	0.02529	0.01836	0.00930	0.00751	0.00235	0.00643	0.00749	0.00920	0.01272
10	0.03254	0.01388	0.01803	0.01398	0.01976	0.01278	0.01150	0.09290	0.06716	0.58909	0.02894	0.02531	0.01855	0.00942	0.00763	0.00236	0.00659	0.00762	0.00911	0.01285
11	0.01432	0.01348	0.02275	0.71520	0.05224	0.01685	0.02107	0.01938	0.01517	0.01938	0.01348	0.02022	0.01011	0.00758	0.00758	0.00253	0.01011	0.00674	0.00337	0.00843
12	0.00896	0.00768	0.00768	0.00768	0.01025	0.00640	0.00576	0.01089	0.01729	0.02049	0.07684	0.07300	0.68304	0.01921	0.00896	0.00256	0.00384	0.01601	0.00704	0.00640
13	0.02682	0.01818	0.02001	0.01579	0.02112	0.01966	0.01287	0.47709	0.05756	0.12105	0.02214	0.06841	0.01696	0.01017	0.00760	0.00232	0.00746	0.00801	0.05475	0.01205
14	0.01546	0.07329	0.66224	0.02120	0.03218	0.01822	0.02729	0.02396	0.01598	0.02372	0.01346	0.01583	0.00961	0.00717	0.00709	0.00236	0.01106	0.00553	0.00320	0.01114
15	0.02762	0.03469	0.02077	0.01892	0.02272	0.66813	0.01419	0.02966	0.02122	0.01905	0.01238	0.01441	0.01025	0.00787	0.00676	0.00194	0.01317	0.00499	0.04255	0.00871
16	0.01103	0.00735	0.00827	0.00827	0.00827	0.00735	0.00460	0.01103	0.01103	0.01471	0.02390	0.04964	0.02758	0.73343	0.03861	0.00735	0.00735	0.01103	0.00460	0.00460
17	0.02822	0.02222	0.02268	0.01774	0.02335	0.07794	0.01454	0.58008	0.03340	0.04407	0.01730	0.01777	0.01251	0.00920	0.00834	0.00230	0.04223	0.00666	0.00709	0.01235
18	0.01565	0.09885	0.63830	0.02088	0.03169	0.01867	0.02674	0.02391	0.01596	0.02349	0.01335	0.01569	0.00962	0.00715	0.00701	0.00234	0.01095	0.00547	0.00321	0.01108
19	0.03261	0.01323	0.01756	0.01368	0.01940	0.01187	0.01123	0.03728	0.08291	0.62933	0.03001	0.02605	0.01919	0.00947	0.00764	0.00237	0.00641	0.00772	0.00923	0.01282
20	0.03019	0.01270	0.01681	0.01322	0.01850	0.01142	0.01079	0.05775	0.04947	0.55405	0.11375	0.02962	0.02556	0.01021	0.00780	0.00236	0.00614	0.00842	0.00912	0.01213
21	0.01021	0.00788	0.00954	0.01048	0.01238	0.00722	0.00835	0.01260	0.01688	0.02111	0.05739	0.18963	0.34024	0.02063	0.00964	0.00299	0.00509	0.24414	0.00702	0.00658
22	0.00984	0.00772	0.00889	0.00860	0.01078	0.00677	0.00645	0.01257	0.01935	0.02537	0.37447	0.06496	0.38236	0.01739	0.00896	0.00247	0.00371	0.01488	0.00769	0.00677
23	0.01139	0.00842	0.01107	0.01224	0.01416	0.00809	0.01040	0.01455	0.01776	0.02287	0.10206	0.08041	0.18433	0.02012	0.01002	0.00320	0.00602	0.44889	0.00711	0.00687
24	0.01050	0.00757	0.00996	0.00991	0.01143	0.00702	0.00733	0.01364	0.01997	0.02798	0.53366	0.18806	0.06636	0.01731	0.00915	0.00256	0.00387	0.03872	0.00804	0.00696
25	0.02028	0.73799	0.03975	0.01298	0.01947	0.03001	0.01298	0.02271	0.01541	0.01785	0.01055	0.01217	0.00973	0.00649	0.00487	0.00162	0.00811	0.00406	0.00324	0.00973
26	0.02809	0.02923	0.02180	0.01851	0.02330	0.39797	0.01444	0.28394	0.05781	0.03092	0.01523	0.01619	0.01166	0.00845	0.00718	0.00211	0.01118	0.00584	0.00556	0.01059
27	0.05378	0.02171	0.02185	0.04389	0.02404	0.08384	0.01431	0.51365	0.07781	0.04247	0.01808	0.01839	0.01307	0.00894	0.00743	0.00228	0.00864	0.00668	0.00700	0.01213
28	0.01515	0.01432	0.02424	0.59116	0.16983	0.01707	0.02148	0.02010	0.01556	0.02038	0.01363	0.01995	0.01046	0.00743	0.00757	0.00248	0.00991	0.00674	0.00344	0.00909
29	0.01006	0.00695	0.00856	0.00951	0.00975	0.00671	0.00592	0.01078	0.01292	0.01722	0.03358	0.41653	0.03979	0.34988	0.02297	0.00504	0.00576	0.01672	0.00592	0.00544
30	0.01963	0.01739	0.01823	0.01724	0.05339	0.04719	0.01277	0.06274	0.58847	0.03145	0.02877	0.02683	0.02165	0.00997	0.00767	0.00252	0.00656	0.00827	0.00736	0.01191
31	0.01148	0.00833	0.01125	0.01262	0.01432	0.00811	0.01062	0.01461	0.01752	0.02285	0.10168	0.14417	0.11033	0.02056	0.01011	0.00326	0.00611	0.45808	0.00712	0.00686
32	0.24684	0.11602	0.06914	0.01498	0.02107	0.02208	0.01339	0.34547	0.02497	0.03814	0.01464	0.01554	0.01089	0.00802	0.00636	0.00222	0.00780	0.00558	0.00586	0.01100
33	0.01414	0.00707	0.00707	0.00707	0.00884	0.00707	0.00530	0.01767	0.01591	0.02828	0.02474	0.02828	0.01944	0.00884	0.00530	0.00177	0.00353	0.00707	0.77554	0.00707
34	0.01357	0.00969	0.01171	0.04566	0.01354	0.01043	0.00768	0.10012	0.01480	0.01998	0.02193	0.04014	0.02308	0.47067	0.15871	0.00734	0.01008	0.00970	0.00484	0.00633
35	0.01708	0.03333	0.54824	0.01966	0.02938	0.01621	0.02415	0.02532	0.03999	0.09757	0.06328	0.02039	0.01547	0.00814	0.00739	0.00240	0.00997	0.00650	0.00440	0.01114
36	0.01573	0.01348	0.01573	0.01123	0.01798	0.01011	0.00899	0.01910	0.01573	0.02472	0.01348	0.01573	0.01123	0.00562	0.00562	0.00112	0.00562	0.00449	0.00449	0.77980
37	0.01161	0.00860	0.00915	0.00861	0.01149	0.00748	0.00658	0.03968	0.01864	0.06789	0.11405	0.06638	0.56705	0.01786	0.00882	0.00252	0.00419	0.01490	0.00732	0.00717
38	0.01003	0.00732	0.00943	0.00976	0.01111	0.00672	0.00699	0.01262	0.01853	0.02546	0.39207	0.30639	0.11761	0.01888	0.00922	0.00266	0.00391	0.01682	0.00775	0.00672
39	0.01628	0.01200	0.01295	0.01196	0.01452	0.03953	0.00880	0.11131	0.10616	0.07270	0.08429	0.20763	0.10810	0.14220	0.01382	0.00344	0.00610	0.01295	0.00692	0.00832
40	0.00905	0.00769	0.00780	0.00778	0.01030	0.00644	0.00583	0.01105	0.01749	0.02098	0.10652	0.07220	0.65305	0.01903	0.00896	0.00255	0.00383	0.01590	0.00711	0.00644
41	0.01109	0.00837	0.01215	0.01201	0.01314	0.00977	0.00916	0.01342	0.01202	0.01727	0.02034	0.03174	0.01967	0.13968	0.59277	0.01123	0.04706	0.00843	0.00410	0.00656
42	0.01960	0.64498	0.12685	0.01413	0.02125	0.02836	0.01498	0.02289	0.01549	0.01867	0.01095	0.01268	0.00972	0.00658	0.00518	0.00173	0.00852	0.00426	0.00324	0.00993
43	0.01623	0.01609	0.02251	0.01945	0.01947	0.02238	0.01612	0.01787	0.01176	0.01831	0.01155	0.05224	0.01197	0.01380	0.02413	0.00331	0.68374	0.00739	0.00351	0.00819
44	0.01664	0.01580	0.02159	0.01863	0.01914	0.02132	0.01535	0.06117	0.01386	0.02082	0.03929	0.07251	0.01563	0.01388	0.02193	0.00319	0.58869	0.00807	0.00409	0.00840
45	0.01655	0.22363	0.52145	0.01934	0.02930	0.02089	0.02405	0.02368	0.01586	0.02239	0.01280	0.01500	0.00964	0.00702	0.00659	0.00220	0.01039	0.00520	0.00321	0.01082
46	0.02778	0.03523	0.02158	0.01956	0.02328	0.67100	0.01475	0.02972	0.02103	0.01855	0.01164	0.01382	0.00978	0.00807	0.00769	0.00202	0.04689	0.00497	0.00388	0.00877
47	0.01877	0.01802	0.03079	0.04656	0.68612	0.01802	0.02328	0.02328	0.01727	0.02478	0.01427	0.01877	0.01201	0.00676	0.00751	0.00225	0.00901	0.00676	0.00375	0.01201
48	0.01318	0.00659	0.00988	0.00988	0.00988	0.00659	0.00659	0.00988	0.00988	0.01318	0.01318	0.02306	0.01318	0.02635	0.02964	0.77931	0.00659	0.00659	0.00329	0.00329
49	0.01842	0.01766	0.03015	0.09935	0.63607	0.01793	0.02310	0.02297	0.01711	0.02435	0.01421	0.01889	0.01186	0.00682	0.00752	0.00227	0.00910	0.00676	0.00372	0.01173
50	0.02088	0.01638	0.01442	0.01245	0.01589	0.13169	0.00974	0.21399	0.02306	0.03259	0.04719	0.02388	0.01792	0.00901	0.00640	0.00198	0.00673	0.00689	0.37977	0.00913
51	0.01432	0.01348	0.02275	0.71520	0.05224	0.01685	0.02107	0.01938	0.01517	0.01938	0.01348	0.02022	0.01011	0.00758	0.00758	0.00253	0.01011	0.00674	0.00337	0.00843
52	0.01795	0.41624	0.34106	0.01696	0.02562	0.02430	0.01991	0.02332	0.01569	0.02069	0.01196	0.01394	0.00968	0.00682	0.00594	0.00198	0.00954	0.00477	0.00323	0.01041
53	0.01488	0.01061	0.01281	0.01069	0.01430	0.00956	0.00832	0.07553	0.02091	0.05826	0.37677	0.03939	0.04489	0.01167	0.00766	0.00201	0.00465	0.01001	0.06154	0.20553
54	0.02364	0.05185	0.02024	0.01656	0.02130	0.16418	0.01309	0.17064	0.34617	0.05675	0.02322	0.02228	0.01740	0.00932	0.00738	0.00233	0.00823	0.00720	0.00676	0.01146

[dist]
# distance from previous block
# <min> <max>
0	5

[block]
# block no. 4 follows, 26 sequences, length 53
# corresponding to MSA columns:
# 188-240
name=unknown_E
#
# <colnr> <probs for GDERKNQSTAVLIFYWHMCP>
#	G	D	E	R	K	N	Q	S	T	A	V	L	I	F	Y	W	H	M	C	P
0	0.04971	0.01354	0.01577	0.01445	0.04080	0.01427	0.01097	0.15617	0.15058	0.11435	0.10821	0.06007	0.07427	0.05297	0.04021	0.00320	0.00692	0.05625	0.00727	0.00999
1	0.04983	0.59991	0.14113	0.01421	0.02137	0.02756	0.01515	0.02290	0.01541	0.01945	0.01103	0.01278	0.00965	0.00662	0.00523	0.00177	0.00851	0.00430	0.00330	0.00991
2	0.05017	0.01459	0.01562	0.01270	0.01706	0.01551	0.01025	0.30133	0.05008	0.09066	0.02163	0.02266	0.01597	0.00887	0.00657	0.00207	0.00613	0.00687	0.29310	0.03815
3	0.01146	0.00731	0.00811	0.00811	0.00835	0.00731	0.00469	0.01195	0.01171	0.01659	0.02402	0.04667	0.02645	0.63293	0.03399	0.00658	0.00682	0.01048	0.11153	0.00494
4	0.01521	0.03923	0.69413	0.02162	0.03283	0.01762	0.02802	0.02402	0.01601	0.02402	0.01361	0.01601	0.00961	0.00721	0.00721	0.00240	0.01121	0.00560	0.00320	0.01121
5	0.02028	0.73799	0.03975	0.01298	0.01947	0.03001	0.01298	0.02271	0.01541	0.01785	0.01055	0.01217	0.00973	0.00649	0.00487	0.00162	0.00811	0.00406	0.00324	0.00973
6	0.01318	0.00659	0.00988	0.00988	0.00988	0.00659	0.00659	0.00988	0.00988	0.01318	0.01318	0.02306	0.01318	0.02635	0.02964	0.77931	0.00659	0.00659	0.00329	0.00329
7	0.05136	0.01910	0.05108	0.01504	0.01954	0.09913	0.01249	0.24680	0.09143	0.06326	0.05148	0.05659	0.08102	0.01091	0.00823	0.00235	0.03802	0.00843	0.06344	0.01030
8	0.01521	0.03923	0.69413	0.02162	0.03283	0.01762	0.02802	0.02402	0.01601	0.02402	0.01361	0.01601	0.00961	0.00721	0.00721	0.00240	0.01121	0.00560	0.00320	0.01121
9	0.03403	0.01291	0.01760	0.01350	0.01936	0.01115	0.01115	0.03697	0.02171	0.69137	0.02992	0.02582	0.01878	0.00939	0.00763	0.00235	0.00645	0.00763	0.00939	0.01291
10	0.01774	0.02014	0.04375	0.06331	0.04022	0.01907	0.62932	0.02407	0.01778	0.02407	0.01526	0.02045	0.01144	0.00645	0.00889	0.00256	0.01266	0.00885	0.00381	0.01015
11	0.01856	0.01772	0.02979	0.07845	0.62549	0.01800	0.02268	0.02383	0.04577	0.02482	0.01495	0.01926	0.01241	0.00695	0.00752	0.00228	0.00893	0.00684	0.00391	0.01184
12	0.00896	0.00768	0.00768	0.00768	0.01025	0.00640	0.00576	0.01089	0.01729	0.02049	0.07684	0.07300	0.68304	0.01921	0.00896	0.00256	0.00384	0.01601	0.00704	0.00640
13	0.01887	0.01629	0.01715	0.01544	0.01972	0.01887	0.01201	0.04031	0.67241	0.03173	0.03087	0.02830	0.02315	0.01029	0.00772	0.00257	0.00600	0.00858	0.00772	0.01201
14	0.02897	0.01919	0.02129	0.01648	0.02229	0.02064	0.01355	0.52468	0.03235	0.16031	0.02122	0.04793	0.01543	0.00974	0.00768	0.00232	0.00785	0.00756	0.00788	0.01263
15	0.03305	0.01344	0.01781	0.01377	0.01956	0.01207	0.01133	0.06448	0.05468	0.63035	0.02946	0.02561	0.01874	0.00942	0.00763	0.00236	0.00651	0.00764	0.00923	0.01286
16	0.00924	0.00660	0.00880	0.01056	0.01100	0.00616	0.00704	0.01056	0.01452	0.01936	0.04181	0.72848	0.05017	0.02376	0.00968	0.00308	0.00440	0.02156	0.00704	0.00616
17	0.00924	0.00660	0.00880	0.01056	0.01100	0.00616	0.00704	0.01056	0.01452	0.01936	0.04181	0.72848	0.05017	0.02376	0.00968	0.00308	0.00440	0.02156	0.00704	0.00616
18	0.01437	0.03328	0.56465	0.01933	0.02876	0.01564	0.02407	0.02218	0.01705	0.02523	0.14016	0.02371	0.02134	0.00878	0.00754	0.00240	0.00977	0.00714	0.00418	0.01044
19	0.45882	0.01941	0.01601	0.01348	0.01849	0.10622	0.01093	0.21847	0.02095	0.03627	0.01305	0.01429	0.00984	0.00777	0.00585	0.00228	0.00762	0.00504	0.00548	0.00972
20	0.01470	0.01386	0.02342	0.65920	0.10533	0.01695	0.02125	0.01971	0.01534	0.01983	0.01355	0.02010	0.01027	0.00751	0.00758	0.00250	0.01002	0.00674	0.00340	0.00873
21	0.02820	0.02064	0.02209	0.01701	0.02289	0.02282	0.01403	0.63328	0.03482	0.04697	0.01849	0.01864	0.01318	0.00909	0.00749	0.00225	0.00814	0.00684	0.04047	0.01265
22	0.01084	0.00813	0.01219	0.01219	0.01354	0.00948	0.00948	0.01354	0.01219	0.01761	0.02032	0.02980	0.01896	0.05689	0.70337	0.01219	0.02032	0.00813	0.00406	0.00677
23	0.01521	0.03923	0.69413	0.02162	0.03283	0.01762	0.02802	0.02402	0.01601	0.02402	0.01361	0.01601	0.00961	0.00721	0.00721	0.00240	0.01121	0.00560	0.00320	0.01121
24	0.02846	0.03226	0.02183	0.01900	0.02347	0.52565	0.01459	0.19485	0.02519	0.02620	0.01342	0.01486	0.01059	0.00815	0.00703	0.00204	0.01229	0.00539	0.00487	0.00986
25	0.00924	0.00660	0.00880	0.01056	0.01100	0.00616	0.00704	0.01056	0.01452	0.01936	0.04181	0.72848	0.05017	0.02376	0.00968	0.00308	0.00440	0.02156	0.00704	0.00616
26	0.00940	0.00770	0.00829	0.00814	0.01051	0.00659	0.00611	0.01173	0.01832	0.02294	0.22645	0.06896	0.53189	0.01829	0.00896	0.00252	0.00378	0.01544	0.00737	0.00659
27	0.02028	0.73799	0.03975	0.01298	0.01947	0.03001	0.01298	0.02271	0.01541	0.01785	0.01055	0.01217	0.00973	0.00649	0.00487	0.00162	0.00811	0.00406	0.00324	0.00973
28	0.01103	0.00735	0.00827	0.00827	0.00827	0.00735	0.00460	0.01103	0.01103	0.01471	0.02390	0.04964	0.02758	0.73343	0.03861	0.00735	0.00735	0.01103	0.00460	0.00460
29	0.02028	0.73799	0.03975	0.01298	0.01947	0.03001	0.01298	0.02271	0.01541	0.01785	0.01055	0.01217	0.00973	0.00649	0.00487	0.00162	0.00811	0.00406	0.00324	0.00973
30	0.02833	0.03615	0.02149	0.01954	0.02345	0.70298	0.01466	0.03029	0.02149	0.01856	0.01172	0.01368	0.00977	0.00782	0.00684	0.00195	0.01368	0.00489	0.00391	0.00879
31	0.01659	0.01659	0.02323	0.01991	0.01991	0.02323	0.01659	0.01825	0.01162	0.01825	0.00996	0.01659	0.00996	0.01328	0.02489	0.00332	0.71955	0.00664	0.00332	0.00830
32	0.00924	0.00660	0.00880	0.01056	0.01100	0.00616	0.00704	0.01056	0.01452	0.01936	0.04181	0.72848	0.05017	0.02376	0.00968	0.00308	0.00440	0.02156	0.00704	0.00616
33	0.02028	0.73799	0.03975	0.01298	0.01947	0.03001	0.01298	0.02271	0.01541	0.01785	0.01055	0.01217	0.00973	0.00649	0.00487	0.00162	0.00811	0.00406	0.00324	0.00973
34	0.02028	0.73799	0.03975	0.01298	0.01947	0.03001	0.01298	0.02271	0.01541	0.01785	0.01055	0.01217	0.00973	0.00649	0.00487	0.00162	0.00811	0.00406	0.00324	0.00973
35	0.00924	0.00660	0.00880	0.01056	0.01100	0.00616	0.00704	0.01056	0.01452	0.01936	0.04181	0.72848	0.05017	0.02376	0.00968	0.00308	0.00440	0.02156	0.00704	0.00616
36	0.01432	0.01348	0.02275	0.71520	0.05224	0.01685	0.02107	0.01938	0.01517	0.01938	0.01348	0.02022	0.01011	0.00758	0.00758	0.00253	0.01011	0.00674	0.00337	0.00843
37	0.02833	0.03615	0.02149	0.01954	0.02345	0.70298	0.01466	0.03029	0.02149	0.01856	0.01172	0.01368	0.00977	0.00782	0.00684	0.00195	0.01368	0.00489	0.00391	0.00879
38	0.02028	0.73799	0.03975	0.01298	0.01947	0.03001	0.01298	0.02271	0.01541	0.01785	0.01055	0.01217	0.00973	0.00649	0.00487	0.00162	0.00811	0.00406	0.00324	0.00973
39	0.01318	0.00659	0.00988	0.00988	0.00988	0.00659	0.00659	0.00988	0.00988	0.01318	0.01318	0.02306	0.01318	0.02635	0.02964	0.77931	0.00659	0.00659	0.00329	0.00329
40	0.01887	0.01629	0.01715	0.01544	0.01972	0.01887	0.01201	0.04031	0.67241	0.03173	0.03087	0.02830	0.02315	0.01029	0.00772	0.00257	0.00600	0.00858	0.00772	0.01201
41	0.02833	0.03615	0.02149	0.01954	0.02345	0.70298	0.01466	0.03029	0.02149	0.01856	0.01172	0.01368	0.00977	0.00782	0.00684	0.00195	0.01368	0.00489	0.00391	0.00879
42	0.01573	0.01348	0.01573	0.01123	0.01798	0.01011	0.00899	0.01910	0.01573	0.02472	0.01348	0.01573	0.01123	0.00562	0.00562	0.00112	0.00562	0.00449	0.00449	0.77980
43	0.01407	0.02243	0.31800	0.01555	0.02180	0.01249	0.01706	0.02055	0.04288	0.05579	0.28377	0.06055	0.03788	0.01180	0.00814	0.00246	0.00737	0.03207	0.00597	0.00937
44	0.00896	0.00768	0.00768	0.00768	0.01025	0.00640	0.00576	0.01089	0.01729	0.02049	0.07684	0.07300	0.68304	0.01921	0.00896	0.00256	0.00384	0.01601	0.00704	0.00640
45	0.02833	0.03615	0.02149	0.01954	0.02345	0.70298	0.01466	0.03029	0.02149	0.01856	0.01172	0.01368	0.00977	0.00782	0.00684	0.00195	0.01368	0.00489	0.00391	0.00879
46	0.01877	0.01802	0.03079	0.04656	0.68612	0.01802	0.02328	0.02328	0.01727	0.02478	0.01427	0.01877	0.01201	0.00676	0.00751	0.00225	0.00901	0.00676	0.00375	0.01201
47	0.02934	0.02043	0.02226	0.01707	0.02312	0.02232	0.01410	0.60004	0.03430	0.11051	0.01935	0.01895	0.01347	0.00913	0.00759	0.00228	0.00816	0.00691	0.00776	0.01290
48	0.01064	0.00775	0.01001	0.00944	0.01127	0.00712	0.00708	0.01413	0.02125	0.02988	0.64968	0.05753	0.10434	0.01571	0.00895	0.00240	0.00359	0.01384	0.00828	0.00712
49	0.00924	0.00660	0.00880	0.01056	0.01100	0.00616	0.00704	0.01056	0.01452	0.01936	0.04181	0.72848	0.05017	0.02376	0.00968	0.00308	0.00440	0.02156	0.00704	0.00616
50	0.01862	0.41394	0.03233	0.01609	0.01967	0.02697	0.01460	0.02071	0.01371	0.01803	0.01028	0.01416	0.00983	0.00954	0.01386	0.00238	0.32769	0.00522	0.00328	0.00909
51	0.00924	0.00660	0.00880	0.01056	0.01100	0.00616	0.00704	0.01056	0.01452	0.01936	0.04181	0.72848	0.05017	0.02376	0.00968	0.00308	0.00440	0.02156	0.00704	0.00616
52	0.01414	0.00707	0.00707	0.00707	0.00884	0.00707	0.00530	0.01767	0.01591	0.02828	0.02474	0.02828	0.01944	0.00884	0.00530	0.00177	0.00353	0.00707	0.77554	0.00707

[dist]
# distance from previous block
# <min> <max>
0	0

# created by:
# /st0/software/busco_prod/Augustus/scripts/msa2prfl.pl ./align_prep/109565.fa
