[name]
unknown

[dist]
# distance from previous block
# <min> <max>
1	34

[block]
# block no. 0 follows, 24 sequences, length 13
# corresponding to MSA columns:
# 35-47
name=unknown_A
#
# <colnr> <probs for GDERKNQSTAVLIFYWHMCP>
#	G	D	E	R	K	N	Q	S	T	A	V	L	I	F	Y	W	H	M	C	P
0	0.09199	0.01529	0.01711	0.05266	0.02092	0.06503	0.01165	0.03141	0.10320	0.31521	0.06048	0.07709	0.02278	0.01064	0.00772	0.00242	0.00704	0.00868	0.00772	0.07095
1	0.02240	0.01193	0.01496	0.01259	0.01675	0.01111	0.00992	0.06952	0.06679	0.27788	0.20665	0.09802	0.08685	0.01350	0.00855	0.00250	0.00561	0.01149	0.00864	0.04434
2	0.01308	0.00832	0.01106	0.01102	0.01286	0.00768	0.00823	0.01606	0.02002	0.08598	0.37931	0.25116	0.06104	0.01860	0.00958	0.00279	0.00454	0.06265	0.00832	0.00771
3	0.01157	0.00852	0.01143	0.05426	0.01551	0.00850	0.00940	0.04528	0.01728	0.02305	0.08392	0.50710	0.04851	0.02202	0.00993	0.00315	0.00548	0.10070	0.00724	0.00714
4	0.09930	0.01440	0.02094	0.47936	0.04257	0.01732	0.01828	0.07566	0.04055	0.02502	0.01752	0.08298	0.01488	0.00963	0.00780	0.00265	0.00923	0.00822	0.00457	0.00912
5	0.11951	0.01453	0.01794	0.07464	0.02261	0.01450	0.01229	0.07925	0.08999	0.37504	0.02651	0.05479	0.01874	0.00997	0.00763	0.00248	0.00698	0.00803	0.00806	0.03650
6	0.03744	0.00962	0.01111	0.01118	0.01261	0.00973	0.00768	0.10110	0.01736	0.02360	0.03589	0.36904	0.07349	0.22147	0.01827	0.00433	0.00608	0.01631	0.00663	0.00705
7	0.01306	0.01111	0.01755	0.41202	0.03639	0.01299	0.01576	0.01685	0.01566	0.02083	0.02542	0.27059	0.02617	0.01407	0.00857	0.00280	0.00801	0.01262	0.05167	0.00787
8	0.02116	0.01419	0.01608	0.01348	0.01786	0.01442	0.01053	0.14867	0.16116	0.12582	0.06185	0.08257	0.04077	0.06080	0.01004	0.00271	0.00633	0.00948	0.07435	0.10775
9	0.09214	0.01035	0.01299	0.03893	0.01605	0.01044	0.02659	0.06283	0.01667	0.02428	0.03244	0.36666	0.05338	0.04332	0.04196	0.03940	0.00669	0.03803	0.00631	0.06055
10	0.08272	0.01321	0.01831	0.28468	0.03072	0.01609	0.01508	0.04765	0.01652	0.02515	0.06258	0.06054	0.01887	0.01071	0.01070	0.00265	0.13231	0.00818	0.13482	0.00852
11	0.01908	0.01365	0.01695	0.09045	0.02214	0.01268	0.01136	0.09678	0.01920	0.09512	0.01924	0.04559	0.01558	0.01266	0.06699	0.00277	0.00795	0.00681	0.07588	0.34911
12	0.11198	0.01455	0.02034	0.21051	0.02969	0.01590	0.05287	0.02256	0.05184	0.07444	0.01726	0.05562	0.01436	0.01001	0.01036	0.03162	0.08954	0.00736	0.00488	0.15433

[dist]
# distance from previous block
# <min> <max>
5	32

[block]
# block no. 1 follows, 24 sequences, length 53
# corresponding to MSA columns:
# 85-137
name=unknown_B
#
# <colnr> <probs for GDERKNQSTAVLIFYWHMCP>
#	G	D	E	R	K	N	Q	S	T	A	V	L	I	F	Y	W	H	M	C	P
0	0.01961	0.01520	0.01786	0.06411	0.05002	0.01659	0.01272	0.14270	0.26445	0.05812	0.02904	0.16363	0.02557	0.01269	0.00824	0.00262	0.00673	0.01085	0.03574	0.04351
1	0.04604	0.01376	0.01770	0.06144	0.02068	0.01398	0.04870	0.09380	0.03996	0.05204	0.06577	0.02558	0.01946	0.04156	0.03723	0.00278	0.05947	0.00744	0.13613	0.19648
2	0.01829	0.01527	0.01953	0.01429	0.02089	0.01302	0.07065	0.10142	0.01938	0.02925	0.01594	0.01839	0.01274	0.00672	0.00645	0.00153	0.00677	0.00570	0.07109	0.53268
3	0.04872	0.00956	0.01176	0.01074	0.01337	0.00911	0.00814	0.01987	0.05457	0.12452	0.39498	0.08936	0.07928	0.04513	0.01009	0.00274	0.00465	0.01284	0.04208	0.00847
4	0.01498	0.01409	0.02378	0.70226	0.05462	0.01762	0.02202	0.02026	0.01586	0.02026	0.01409	0.02114	0.01057	0.00793	0.00793	0.00264	0.01057	0.00705	0.00352	0.00881
5	0.07766	0.01592	0.01873	0.04627	0.04495	0.01676	0.01274	0.11002	0.24012	0.23345	0.02649	0.02594	0.01907	0.03629	0.00892	0.00268	0.00705	0.00789	0.00777	0.04129
6	0.00987	0.00723	0.00927	0.01049	0.01145	0.00664	0.00721	0.01170	0.01669	0.02219	0.14555	0.53128	0.13549	0.02289	0.00991	0.00304	0.00439	0.02052	0.00757	0.00664
7	0.01740	0.01828	0.03256	0.07621	0.03114	0.02138	0.26550	0.02135	0.01515	0.02173	0.01429	0.04793	0.01279	0.01103	0.01741	0.00308	0.35098	0.00855	0.00385	0.00939
8	0.01389	0.01034	0.01431	0.01338	0.01547	0.01040	0.04691	0.04442	0.04201	0.05311	0.14928	0.36507	0.04411	0.01820	0.01042	0.00285	0.05387	0.01605	0.04033	0.03559
9	0.02066	0.01358	0.01446	0.01232	0.01591	0.01464	0.00972	0.25472	0.06839	0.03649	0.02391	0.05042	0.01893	0.01076	0.00781	0.03327	0.00592	0.00794	0.37029	0.00984
10	0.02344	0.01687	0.01901	0.01446	0.02065	0.01630	0.01174	0.26906	0.04922	0.09515	0.04496	0.02111	0.01646	0.00839	0.00709	0.00190	0.00693	0.00660	0.03445	0.31621
11	0.02603	0.01445	0.01690	0.01344	0.01862	0.05306	0.01078	0.07190	0.02261	0.33611	0.17379	0.03138	0.03010	0.01052	0.00789	0.00222	0.00651	0.00867	0.00824	0.13677
12	0.01243	0.00907	0.01187	0.07102	0.01605	0.00924	0.00901	0.06666	0.01746	0.02347	0.11427	0.41561	0.04425	0.09489	0.01369	0.03426	0.00578	0.01706	0.00682	0.00709
13	0.01604	0.00967	0.01074	0.00991	0.01172	0.01057	0.00754	0.07213	0.01725	0.02835	0.02312	0.02915	0.01920	0.07299	0.01197	0.03675	0.07448	0.00766	0.52310	0.00765
14	0.03558	0.01350	0.01840	0.01411	0.02024	0.01166	0.01166	0.03865	0.02270	0.67734	0.03128	0.02699	0.01963	0.00981	0.00797	0.00245	0.00675	0.00797	0.00981	0.01350
15	0.77733	0.01534	0.01166	0.01043	0.01534	0.01779	0.00859	0.02331	0.01350	0.03558	0.01104	0.01288	0.00859	0.00736	0.00491	0.00245	0.00613	0.00429	0.00491	0.00859
16	0.01735	0.01735	0.02429	0.02082	0.02082	0.02429	0.01735	0.01908	0.01214	0.01908	0.01041	0.01735	0.01041	0.01388	0.02602	0.00347	0.70680	0.00694	0.00347	0.00867
17	0.02962	0.03779	0.02247	0.02043	0.02451	0.68948	0.01532	0.03166	0.02247	0.01941	0.01226	0.01430	0.01021	0.00817	0.00715	0.00204	0.01430	0.00511	0.00409	0.00919
18	0.01963	0.01884	0.03219	0.04867	0.67185	0.01884	0.02434	0.02434	0.01806	0.02591	0.01492	0.01963	0.01256	0.00707	0.00785	0.00236	0.00942	0.00707	0.00393	0.01256
19	0.01377	0.00689	0.01033	0.01033	0.01033	0.00689	0.00689	0.01033	0.01033	0.01377	0.01377	0.02410	0.01377	0.02755	0.03099	0.76928	0.00689	0.00689	0.00344	0.00344
20	0.03014	0.02221	0.02380	0.01825	0.02459	0.02459	0.01507	0.64541	0.03728	0.04998	0.01904	0.01904	0.01349	0.00952	0.00793	0.00238	0.00873	0.00714	0.00793	0.01349
21	0.01963	0.01884	0.03219	0.04867	0.67185	0.01884	0.02434	0.02434	0.01806	0.02591	0.01492	0.01963	0.01256	0.00707	0.00785	0.00236	0.00942	0.00707	0.00393	0.01256
22	0.01122	0.00811	0.01060	0.00998	0.01185	0.00748	0.00748	0.01496	0.02245	0.03180	0.66766	0.05923	0.07482	0.01621	0.00935	0.00249	0.00374	0.01434	0.00873	0.00748
23	0.01884	0.01804	0.03076	0.15957	0.56712	0.01863	0.02394	0.02365	0.01768	0.02495	0.01478	0.01988	0.01222	0.00721	0.00786	0.00240	0.00962	0.00706	0.00386	0.01192
24	0.02078	0.15158	0.02664	0.01908	0.02149	0.16420	0.01590	0.02416	0.05966	0.02005	0.01242	0.01671	0.01128	0.01117	0.01700	0.00279	0.38566	0.00620	0.00390	0.00933
25	0.00973	0.00805	0.00853	0.00841	0.01093	0.00685	0.00631	0.01208	0.01893	0.02345	0.19485	0.07299	0.55285	0.01933	0.00937	0.00264	0.00396	0.01627	0.00763	0.00685
26	0.01963	0.01884	0.03219	0.04867	0.67185	0.01884	0.02434	0.02434	0.01806	0.02591	0.01492	0.01963	0.01256	0.00707	0.00785	0.00236	0.00942	0.00707	0.00393	0.01256
27	0.58338	0.01349	0.01074	0.00982	0.01417	0.01499	0.00794	0.02030	0.01465	0.03200	0.02854	0.02890	0.17528	0.01057	0.00603	0.00251	0.00560	0.00744	0.00553	0.00811
28	0.01644	0.01409	0.01644	0.01175	0.01879	0.01057	0.00940	0.01997	0.01644	0.02584	0.01409	0.01644	0.01175	0.00587	0.00587	0.00117	0.00587	0.00470	0.00470	0.76979
29	0.01930	0.01851	0.03161	0.09387	0.62917	0.01876	0.02418	0.02405	0.01790	0.02552	0.01486	0.01973	0.01242	0.00713	0.00786	0.00238	0.00950	0.00706	0.00390	0.01230
30	0.02120	0.72609	0.04155	0.01357	0.02035	0.03138	0.01357	0.02374	0.01611	0.01866	0.01102	0.01272	0.01018	0.00678	0.00509	0.00170	0.00848	0.00424	0.00339	0.01018
31	0.06688	0.05376	0.29001	0.01731	0.02541	0.01588	0.01867	0.03083	0.05753	0.28095	0.04929	0.02293	0.01730	0.00894	0.00757	0.00246	0.00867	0.00708	0.00647	0.01204
32	0.03401	0.01317	0.01778	0.01374	0.01967	0.01136	0.01132	0.03701	0.02242	0.63801	0.03423	0.02995	0.05855	0.01043	0.00806	0.00247	0.00658	0.00850	0.00967	0.01309
33	0.01498	0.01409	0.02378	0.70226	0.05462	0.01762	0.02202	0.02026	0.01586	0.02026	0.01409	0.02114	0.01057	0.00793	0.00793	0.00264	0.01057	0.00705	0.00352	0.00881
34	0.21849	0.01638	0.01791	0.01418	0.01989	0.01699	0.01168	0.22071	0.02463	0.29639	0.02222	0.02112	0.01501	0.00909	0.00709	0.00241	0.00707	0.00677	0.03996	0.01201
35	0.01690	0.01616	0.02743	0.42151	0.24253	0.01826	0.05944	0.02306	0.05298	0.02304	0.01549	0.02117	0.01204	0.00775	0.00800	0.00256	0.01014	0.00730	0.00393	0.01029
36	0.01266	0.00946	0.01224	0.01320	0.01527	0.00947	0.01096	0.01777	0.07926	0.02526	0.13147	0.12573	0.10859	0.02011	0.01024	0.00327	0.00619	0.37359	0.00758	0.00770
37	0.01106	0.00788	0.00878	0.00890	0.00972	0.00753	0.00567	0.01183	0.01368	0.01751	0.04037	0.06076	0.19421	0.49296	0.03037	0.00612	0.00672	0.05484	0.00563	0.00546
38	0.02037	0.01195	0.01513	0.01454	0.01765	0.03845	0.01220	0.02348	0.01929	0.22266	0.03783	0.09008	0.06772	0.01723	0.01062	0.00314	0.04667	0.31398	0.00773	0.00928
39	0.01963	0.01884	0.03219	0.04867	0.67185	0.01884	0.02434	0.02434	0.01806	0.02591	0.01492	0.01963	0.01256	0.00707	0.00785	0.00236	0.00942	0.00707	0.00393	0.01256
40	0.01088	0.00758	0.00958	0.01019	0.01060	0.00769	0.00658	0.01185	0.01295	0.01753	0.03046	0.26654	0.03495	0.37089	0.14954	0.00715	0.00916	0.01460	0.00554	0.00576
41	0.33563	0.01555	0.01460	0.01304	0.01748	0.04570	0.01045	0.02946	0.19230	0.10856	0.08411	0.02771	0.02258	0.01024	0.00698	0.00257	0.00644	0.03971	0.00681	0.01010
42	0.01341	0.01046	0.01299	0.01461	0.01644	0.04513	0.01245	0.01678	0.01822	0.02320	0.04055	0.13933	0.04434	0.02143	0.01068	0.00353	0.00744	0.53457	0.00714	0.00733
43	0.01155	0.00825	0.01137	0.01320	0.01449	0.00807	0.01065	0.01431	0.01704	0.02236	0.04266	0.33620	0.04832	0.02306	0.01063	0.00348	0.00624	0.38383	0.00733	0.00696
44	0.00952	0.00801	0.00828	0.00846	0.01098	0.00677	0.00636	0.01155	0.01792	0.02144	0.07679	0.11299	0.60989	0.02042	0.00948	0.00275	0.00418	0.04016	0.00736	0.00670
45	0.01606	0.01520	0.02574	0.55033	0.19809	0.01790	0.02256	0.02121	0.01637	0.02157	0.01429	0.02079	0.01103	0.00773	0.00791	0.00258	0.01030	0.00705	0.00362	0.00968
46	0.01175	0.00830	0.00983	0.00960	0.01186	0.00737	0.00719	0.01435	0.01935	0.06185	0.27419	0.12107	0.32298	0.04681	0.01066	0.00289	0.00441	0.04040	0.00787	0.00728
47	0.03558	0.01350	0.01840	0.01411	0.02024	0.01166	0.01166	0.03865	0.02270	0.67734	0.03128	0.02699	0.01963	0.00981	0.00797	0.00245	0.00675	0.00797	0.00981	0.01350
48	0.01122	0.00811	0.01060	0.00998	0.01185	0.00748	0.00748	0.01496	0.02245	0.03180	0.66766	0.05923	0.07482	0.01621	0.00935	0.00249	0.00374	0.01434	0.00873	0.00748
49	0.01843	0.01762	0.03003	0.21647	0.51338	0.01853	0.02374	0.02329	0.01749	0.02446	0.01471	0.02002	0.01205	0.00729	0.00787	0.00243	0.00972	0.00706	0.00382	0.01160
50	0.01590	0.04102	0.68023	0.02260	0.03432	0.01842	0.02930	0.02511	0.01674	0.02511	0.01423	0.01674	0.01005	0.00753	0.00753	0.00251	0.01172	0.00586	0.00335	0.01172
51	0.77733	0.01534	0.01166	0.01043	0.01534	0.01779	0.00859	0.02331	0.01350	0.03558	0.01104	0.01288	0.00859	0.00736	0.00491	0.00245	0.00613	0.00429	0.00491	0.00859
52	0.77733	0.01534	0.01166	0.01043	0.01534	0.01779	0.00859	0.02331	0.01350	0.03558	0.01104	0.01288	0.00859	0.00736	0.00491	0.00245	0.00613	0.00429	0.00491	0.00859

[dist]
# distance from previous block
# <min> <max>
0	1

[block]
# block no. 2 follows, 24 sequences, length 33
# corresponding to MSA columns:
# 139-171
name=unknown_C
#
# <colnr> <probs for GDERKNQSTAVLIFYWHMCP>
#	G	D	E	R	K	N	Q	S	T	A	V	L	I	F	Y	W	H	M	C	P
0	0.02518	0.01757	0.01984	0.01518	0.02153	0.01733	0.01235	0.27526	0.09488	0.13535	0.02065	0.02050	0.01498	0.00846	0.00725	0.00201	0.00719	0.00663	0.00713	0.27072
1	0.02898	0.03658	0.02309	0.02224	0.06599	0.64651	0.01590	0.03120	0.02219	0.01982	0.01243	0.01464	0.01036	0.00810	0.00720	0.00206	0.01399	0.00523	0.00408	0.00941
2	0.01644	0.01409	0.01644	0.01175	0.01879	0.01057	0.00940	0.01997	0.01644	0.02584	0.01409	0.01644	0.01175	0.00587	0.00587	0.00117	0.00587	0.00470	0.00470	0.76979
3	0.05498	0.24366	0.45721	0.01931	0.02923	0.02224	0.02360	0.02462	0.01639	0.02371	0.01312	0.01535	0.01001	0.00730	0.00668	0.00227	0.01048	0.00530	0.00344	0.01111
4	0.01142	0.00815	0.01081	0.04197	0.01398	0.00822	0.00880	0.01323	0.01480	0.01959	0.03503	0.27228	0.03985	0.24625	0.04798	0.00513	0.00728	0.18270	0.00623	0.00629
5	0.02962	0.03779	0.02247	0.02043	0.02451	0.68948	0.01532	0.03166	0.02247	0.01941	0.01226	0.01430	0.01021	0.00817	0.00715	0.00204	0.01430	0.00511	0.00409	0.00919
6	0.01403	0.00969	0.01161	0.01106	0.01371	0.00913	0.00825	0.01912	0.10018	0.08737	0.22024	0.21378	0.18473	0.01743	0.00911	0.00268	0.00470	0.01517	0.00795	0.04007
7	0.06904	0.02783	0.02282	0.01923	0.02427	0.36630	0.06381	0.08362	0.07230	0.14784	0.01818	0.01875	0.01340	0.00863	0.00750	0.00227	0.01129	0.00641	0.00583	0.01070
8	0.00966	0.00690	0.00920	0.01104	0.01150	0.00644	0.00736	0.01104	0.01518	0.02024	0.04371	0.71614	0.05245	0.02484	0.01012	0.00322	0.00460	0.02254	0.00736	0.00644
9	0.09694	0.01365	0.01784	0.01380	0.01984	0.01216	0.01140	0.03738	0.02194	0.62425	0.02961	0.02582	0.01872	0.00961	0.00772	0.00245	0.00670	0.00767	0.00941	0.01309
10	0.02122	0.02379	0.03241	0.02542	0.02967	0.17551	0.25487	0.05051	0.01807	0.02285	0.01334	0.01826	0.01111	0.00965	0.01459	0.00279	0.25473	0.00745	0.00400	0.00976
11	0.00976	0.00769	0.00881	0.00929	0.01114	0.00674	0.00668	0.01184	0.01785	0.02269	0.16146	0.27530	0.38071	0.02097	0.00961	0.00282	0.00416	0.01819	0.00758	0.00674
12	0.01005	0.00745	0.00941	0.01047	0.01168	0.00682	0.00742	0.01208	0.01716	0.02263	0.15662	0.44356	0.17700	0.02228	0.00989	0.00301	0.00449	0.05367	0.00759	0.00672
13	0.01603	0.04016	0.65265	0.02307	0.03463	0.01849	0.05602	0.02513	0.01683	0.02513	0.01431	0.01694	0.01013	0.00750	0.00761	0.00252	0.01179	0.00601	0.00338	0.01167
14	0.01829	0.02064	0.04475	0.03210	0.03977	0.01934	0.60715	0.02481	0.01893	0.02576	0.05285	0.02353	0.01558	0.00722	0.00936	0.00266	0.01283	0.00964	0.00428	0.01051
15	0.01478	0.00739	0.00739	0.00739	0.00924	0.00739	0.00554	0.01848	0.01663	0.02956	0.02587	0.02956	0.02033	0.00924	0.00554	0.00185	0.00370	0.00739	0.76534	0.00739
16	0.01498	0.01409	0.02378	0.70226	0.05462	0.01762	0.02202	0.02026	0.01586	0.02026	0.01409	0.02114	0.01057	0.00793	0.00793	0.00264	0.01057	0.00705	0.00352	0.00881
17	0.10089	0.02501	0.02227	0.07465	0.02616	0.19967	0.01509	0.37088	0.02929	0.03802	0.01606	0.01736	0.01190	0.00882	0.00743	0.00232	0.01011	0.00632	0.00626	0.01149
18	0.01963	0.01884	0.03219	0.04867	0.67185	0.01884	0.02434	0.02434	0.01806	0.02591	0.01492	0.01963	0.01256	0.00707	0.00785	0.00236	0.00942	0.00707	0.00393	0.01256
19	0.02969	0.03588	0.02263	0.02016	0.02452	0.60790	0.01529	0.10697	0.02429	0.02316	0.01309	0.01488	0.01062	0.00834	0.00725	0.00208	0.01362	0.00536	0.00456	0.00972
20	0.01178	0.00863	0.01148	0.01293	0.01471	0.00833	0.01081	0.01488	0.01799	0.02322	0.07230	0.16835	0.14503	0.02179	0.01054	0.00340	0.00630	0.42306	0.00737	0.00710
21	0.01644	0.01409	0.01644	0.01175	0.01879	0.01057	0.00940	0.01997	0.01644	0.02584	0.01409	0.01644	0.01175	0.00587	0.00587	0.00117	0.00587	0.00470	0.00470	0.76979
22	0.01963	0.01884	0.03219	0.04867	0.67185	0.01884	0.02434	0.02434	0.01806	0.02591	0.01492	0.01963	0.01256	0.00707	0.00785	0.00236	0.00942	0.00707	0.00393	0.01256
23	0.03230	0.01560	0.01932	0.01516	0.02109	0.01519	0.01241	0.15026	0.11675	0.46973	0.02918	0.02591	0.01916	0.00990	0.00798	0.00247	0.00704	0.00796	0.00922	0.01336
24	0.02644	0.01987	0.02134	0.01726	0.02290	0.02218	0.01397	0.39037	0.27120	0.07142	0.02459	0.02338	0.01781	0.01000	0.00799	0.00250	0.00771	0.00787	0.00807	0.01313
25	0.00965	0.00804	0.00842	0.00832	0.01088	0.00681	0.00624	0.01191	0.01873	0.02297	0.16794	0.07377	0.58006	0.01951	0.00937	0.00265	0.00398	0.01638	0.00757	0.00681
26	0.01786	0.29335	0.44498	0.01927	0.02918	0.02319	0.02350	0.02461	0.01651	0.02273	0.01305	0.01526	0.01009	0.00726	0.00663	0.00221	0.01053	0.00526	0.00336	0.01115
27	0.07218	0.01936	0.01945	0.01574	0.02135	0.13574	0.01267	0.11691	0.07153	0.39429	0.02525	0.02311	0.01688	0.00942	0.00766	0.00239	0.00829	0.00723	0.00815	0.01239
28	0.03526	0.01401	0.01872	0.01435	0.02050	0.01241	0.01186	0.07422	0.02355	0.64056	0.03057	0.02652	0.01927	0.00980	0.00797	0.00245	0.00686	0.00793	0.00970	0.01349
29	0.00959	0.00798	0.00838	0.00841	0.01088	0.00677	0.00626	0.01176	0.01840	0.02250	0.14315	0.10857	0.57027	0.01991	0.00941	0.00269	0.00402	0.01678	0.00751	0.00677
30	0.02045	0.02041	0.03138	0.04634	0.61830	0.07432	0.02359	0.02494	0.01842	0.02537	0.01470	0.01919	0.01237	0.00716	0.00779	0.00233	0.00982	0.00690	0.00394	0.01228
31	0.36059	0.02106	0.01827	0.01505	0.02049	0.10228	0.01223	0.29574	0.02496	0.03990	0.01468	0.01574	0.01092	0.00840	0.00650	0.00237	0.00826	0.00563	0.00613	0.01080
32	0.14341	0.01353	0.01708	0.01339	0.01916	0.01238	0.01103	0.03538	0.02134	0.55541	0.05565	0.02630	0.02038	0.00973	0.00758	0.00246	0.00653	0.00771	0.00905	0.01252

[dist]
# distance from previous block
# <min> <max>
1	3

[block]
# block no. 3 follows, 24 sequences, length 63
# corresponding to MSA columns:
# 175-237
name=unknown_D
#
# <colnr> <probs for GDERKNQSTAVLIFYWHMCP>
#	G	D	E	R	K	N	Q	S	T	A	V	L	I	F	Y	W	H	M	C	P
0	0.01963	0.01884	0.03219	0.04867	0.67185	0.01884	0.02434	0.02434	0.01806	0.02591	0.01492	0.01963	0.01256	0.00707	0.00785	0.00236	0.00942	0.00707	0.00393	0.01256
1	0.06665	0.01376	0.01644	0.01251	0.01873	0.01150	0.01004	0.02613	0.04592	0.21655	0.02120	0.05474	0.01643	0.00827	0.00674	0.00179	0.00610	0.00670	0.00648	0.43332
2	0.25959	0.01354	0.01512	0.01249	0.01739	0.01353	0.01013	0.06738	0.02046	0.31666	0.12257	0.05209	0.02551	0.01057	0.00731	0.00248	0.00614	0.00829	0.00793	0.01080
3	0.02574	0.01868	0.02041	0.01657	0.02189	0.02053	0.01336	0.37300	0.20216	0.08975	0.06310	0.05417	0.02212	0.01092	0.00815	0.00251	0.00745	0.00877	0.00813	0.01258
4	0.01822	0.01976	0.04069	0.02977	0.03642	0.01939	0.50904	0.04624	0.01839	0.02518	0.01710	0.04784	0.01398	0.01133	0.05335	0.00338	0.06586	0.00954	0.00425	0.01026
5	0.01707	0.01475	0.02245	0.01895	0.02069	0.01815	0.09033	0.01974	0.01437	0.06196	0.01816	0.05514	0.01714	0.04874	0.08870	0.00433	0.36631	0.03872	0.05566	0.00864
6	0.01299	0.01003	0.01227	0.01280	0.01486	0.01033	0.00989	0.02015	0.16347	0.02601	0.14333	0.26162	0.07807	0.01926	0.00971	0.00307	0.00551	0.17069	0.00773	0.00823
7	0.01134	0.00808	0.01082	0.01090	0.01167	0.00880	0.00760	0.01289	0.01233	0.01719	0.02388	0.07152	0.02520	0.34262	0.37925	0.01013	0.01465	0.01045	0.00463	0.00607
8	0.01603	0.04014	0.65178	0.02309	0.03464	0.01849	0.05686	0.02513	0.01683	0.02513	0.01431	0.01695	0.01013	0.00750	0.00762	0.00252	0.01179	0.00602	0.00338	0.01167
9	0.07675	0.01241	0.01624	0.01296	0.01807	0.01111	0.01053	0.03241	0.02206	0.49336	0.17164	0.03328	0.03122	0.01108	0.00809	0.00246	0.00604	0.00916	0.00926	0.01185
10	0.01526	0.01427	0.02344	0.66149	0.05260	0.01774	0.02146	0.02156	0.05398	0.02103	0.01517	0.02164	0.01138	0.00810	0.00794	0.00265	0.01032	0.00716	0.00379	0.00903
11	0.77733	0.01534	0.01166	0.01043	0.01534	0.01779	0.00859	0.02331	0.01350	0.03558	0.01104	0.01288	0.00859	0.00736	0.00491	0.00245	0.00613	0.00429	0.00491	0.00859
12	0.01644	0.01409	0.01644	0.01175	0.01879	0.01057	0.00940	0.01997	0.01644	0.02584	0.01409	0.01644	0.01175	0.00587	0.00587	0.00117	0.00587	0.00470	0.00470	0.76979
13	0.72076	0.01586	0.01257	0.01102	0.01604	0.01830	0.00908	0.07041	0.01530	0.03667	0.01165	0.01335	0.00896	0.00752	0.00514	0.00245	0.00633	0.00451	0.00514	0.00896
14	0.73039	0.01577	0.01242	0.01092	0.01592	0.01822	0.00900	0.06239	0.01499	0.03648	0.01154	0.01327	0.00890	0.00750	0.00510	0.00245	0.00630	0.00447	0.00510	0.00890
15	0.01676	0.00956	0.01004	0.00925	0.01171	0.00999	0.00716	0.10740	0.01934	0.03181	0.02462	0.02816	0.01932	0.01224	0.04619	0.00257	0.00544	0.00742	0.61277	0.00824
16	0.01391	0.00987	0.01317	0.01473	0.05337	0.00980	0.01044	0.05560	0.04590	0.04908	0.09850	0.35116	0.04465	0.02025	0.01044	0.02672	0.00589	0.15124	0.00731	0.00797
17	0.01117	0.00736	0.00967	0.01104	0.01197	0.00676	0.00753	0.01269	0.01580	0.05902	0.04515	0.63753	0.08712	0.02368	0.00995	0.00314	0.00469	0.02134	0.00751	0.00687
18	0.00966	0.00690	0.00920	0.01104	0.01150	0.00644	0.00736	0.01104	0.01518	0.02024	0.04371	0.71614	0.05245	0.02484	0.01012	0.00322	0.00460	0.02254	0.00736	0.00644
19	0.00987	0.00805	0.00872	0.00855	0.01101	0.00690	0.00641	0.01233	0.01924	0.02419	0.23674	0.07177	0.51050	0.01905	0.00937	0.00263	0.00394	0.01610	0.00773	0.00690
20	0.01627	0.08829	0.63615	0.02198	0.03336	0.01931	0.02821	0.02502	0.01670	0.02467	0.01401	0.01646	0.01005	0.00748	0.00737	0.00246	0.01150	0.00575	0.00335	0.01161
21	0.01228	0.00869	0.01082	0.01020	0.01249	0.00803	0.00778	0.01637	0.04508	0.05681	0.48802	0.06098	0.17698	0.01665	0.00931	0.00258	0.00414	0.03657	0.00845	0.00777
22	0.00964	0.00697	0.00913	0.01086	0.01146	0.00646	0.00728	0.01106	0.01535	0.02031	0.04586	0.67845	0.08874	0.02456	0.01008	0.00319	0.00457	0.02220	0.00736	0.00646
23	0.02051	0.01743	0.01837	0.01630	0.02092	0.02009	0.01274	0.08781	0.61057	0.03444	0.03127	0.02879	0.02339	0.01066	0.00806	0.00267	0.00646	0.00883	0.00806	0.01262
24	0.02010	0.58341	0.17457	0.01545	0.02326	0.02868	0.01684	0.02403	0.01624	0.02000	0.01169	0.01356	0.01015	0.00694	0.00560	0.00187	0.00915	0.00458	0.00338	0.01050
25	0.02966	0.03651	0.02258	0.02025	0.02452	0.63484	0.01530	0.08210	0.02369	0.02192	0.01281	0.01469	0.01048	0.00828	0.00721	0.00207	0.01384	0.00527	0.00440	0.00955
26	0.02662	0.03014	0.02126	0.04735	0.02429	0.45136	0.01452	0.13176	0.02401	0.02549	0.04456	0.05237	0.01585	0.00946	0.00750	0.00216	0.01183	0.00679	0.00511	0.04757
27	0.02268	0.01855	0.01840	0.01625	0.02068	0.09086	0.01298	0.15625	0.30689	0.07403	0.02840	0.03375	0.02297	0.01160	0.00820	0.00263	0.00767	0.09040	0.04534	0.01147
28	0.04714	0.01431	0.02330	0.63923	0.05128	0.01796	0.02123	0.02033	0.01557	0.02085	0.01378	0.02061	0.01048	0.00820	0.00870	0.00268	0.04506	0.00693	0.00358	0.00879
29	0.02519	0.01828	0.01984	0.01643	0.02170	0.02028	0.01318	0.26676	0.33608	0.10938	0.02701	0.02536	0.01957	0.01014	0.00793	0.00252	0.00716	0.00812	0.03222	0.01284
30	0.04807	0.02100	0.02466	0.05470	0.02507	0.16727	0.10739	0.02323	0.04811	0.02160	0.01673	0.09743	0.01602	0.01212	0.01502	0.00289	0.27658	0.00867	0.00441	0.00903
31	0.01934	0.02204	0.04109	0.07311	0.03885	0.08071	0.49000	0.02506	0.01827	0.02396	0.01506	0.02036	0.01163	0.00756	0.01060	0.00269	0.07687	0.00861	0.00394	0.01026
32	0.01885	0.17774	0.43386	0.01984	0.02904	0.02100	0.02348	0.02550	0.01674	0.08061	0.01474	0.01687	0.01095	0.00813	0.00866	0.00242	0.07054	0.00580	0.00394	0.01130
33	0.00987	0.00806	0.00875	0.00880	0.01122	0.00694	0.00666	0.01223	0.01872	0.02325	0.17670	0.09765	0.51425	0.01969	0.00947	0.00271	0.00415	0.04643	0.00759	0.00685
34	0.01815	0.01733	0.02952	0.25628	0.47578	0.01845	0.02360	0.02304	0.01736	0.02411	0.01466	0.02011	0.01193	0.00734	0.00788	0.00245	0.00979	0.00706	0.00380	0.01137
35	0.05318	0.01518	0.02300	0.36819	0.06705	0.01950	0.01900	0.01976	0.01434	0.02062	0.01325	0.02088	0.01142	0.04536	0.01565	0.00316	0.25099	0.00710	0.00365	0.00872
36	0.00966	0.00728	0.00894	0.01013	0.01129	0.00656	0.00699	0.01133	0.01636	0.02115	0.08473	0.50129	0.22947	0.02306	0.00987	0.00303	0.00439	0.02048	0.00743	0.00656
37	0.00989	0.00713	0.00941	0.01108	0.01177	0.00665	0.00763	0.01152	0.01576	0.02092	0.06800	0.62563	0.08114	0.02414	0.01011	0.00319	0.00470	0.05738	0.00741	0.00654
38	0.02529	0.02391	0.02086	0.01780	0.02257	0.23788	0.03642	0.18222	0.15157	0.07156	0.02639	0.02816	0.07268	0.01069	0.00801	0.00243	0.00964	0.03439	0.00660	0.01094
39	0.01940	0.01861	0.03178	0.08069	0.64161	0.01878	0.02422	0.02414	0.01795	0.02563	0.01488	0.01970	0.01246	0.00711	0.00785	0.00237	0.00948	0.00706	0.00391	0.01238
40	0.02528	0.03062	0.02237	0.05133	0.04276	0.47961	0.01580	0.02755	0.01962	0.01950	0.01279	0.01653	0.01106	0.01295	0.06199	0.00312	0.12831	0.00581	0.00397	0.00903
41	0.69132	0.01520	0.01302	0.08848	0.01977	0.01777	0.01010	0.02297	0.01376	0.03385	0.01139	0.01381	0.00881	0.00743	0.00525	0.00248	0.00663	0.00460	0.00475	0.00861
42	0.61132	0.01463	0.01279	0.01108	0.01598	0.01621	0.00906	0.02545	0.01499	0.14857	0.01476	0.01589	0.01078	0.00870	0.00662	0.03689	0.00628	0.00506	0.00571	0.00923
43	0.02010	0.01105	0.01426	0.01329	0.01685	0.01051	0.01099	0.02525	0.08399	0.23204	0.11240	0.05874	0.11368	0.01611	0.00935	0.00293	0.00623	0.22416	0.00834	0.00973
44	0.01083	0.00783	0.01025	0.01138	0.01267	0.00724	0.00833	0.01270	0.01626	0.02165	0.08041	0.44145	0.10112	0.02257	0.01091	0.03827	0.00516	0.12927	0.00712	0.04457
45	0.02462	0.01727	0.01886	0.05561	0.02175	0.01900	0.01262	0.41956	0.02979	0.04207	0.02080	0.02233	0.01537	0.00934	0.00721	0.00224	0.00732	0.00721	0.23566	0.01137
46	0.01909	0.45266	0.29646	0.01717	0.02593	0.02620	0.01985	0.02429	0.01636	0.02123	0.01230	0.01433	0.01012	0.00708	0.00606	0.00202	0.00977	0.00489	0.00337	0.01079
47	0.68664	0.01529	0.01316	0.01330	0.06489	0.01742	0.00973	0.02302	0.01423	0.03468	0.03990	0.01541	0.01177	0.00772	0.00532	0.00245	0.00628	0.00494	0.00500	0.00884
48	0.06374	0.01304	0.01706	0.01344	0.01885	0.01174	0.01098	0.05709	0.02281	0.52227	0.13193	0.03124	0.02776	0.01072	0.00806	0.00246	0.00631	0.00880	0.00936	0.01232
49	0.01526	0.01449	0.02384	0.62041	0.05056	0.01842	0.02146	0.02012	0.01541	0.02012	0.01365	0.02069	0.01055	0.00864	0.01010	0.00274	0.09420	0.00703	0.00352	0.00879
50	0.01776	0.01815	0.02340	0.06077	0.02269	0.07335	0.01701	0.01980	0.01318	0.01914	0.01145	0.01821	0.01100	0.01596	0.06522	0.00390	0.56994	0.00691	0.00357	0.00862
51	0.06637	0.03169	0.02236	0.01937	0.02392	0.45234	0.01501	0.19239	0.02548	0.02825	0.01390	0.01561	0.01100	0.00873	0.00806	0.00221	0.04222	0.00568	0.00511	0.01027
52	0.01153	0.00769	0.00865	0.00865	0.00865	0.00769	0.00480	0.01153	0.01153	0.01538	0.02499	0.05189	0.02883	0.72131	0.04036	0.00769	0.00769	0.01153	0.00480	0.00480
53	0.02093	0.11734	0.10692	0.01781	0.02366	0.12371	0.06807	0.13880	0.09788	0.02874	0.05789	0.02963	0.09447	0.01058	0.00786	0.00240	0.00919	0.02782	0.00579	0.01051
54	0.01577	0.01517	0.02645	0.57945	0.12178	0.01794	0.06929	0.02110	0.01632	0.02127	0.01433	0.02099	0.01090	0.00774	0.00803	0.00261	0.01066	0.00722	0.00360	0.00937
55	0.01856	0.01737	0.02897	0.21613	0.46266	0.01838	0.02296	0.04643	0.01822	0.02527	0.01586	0.02259	0.01331	0.00793	0.00799	0.00248	0.00961	0.02975	0.00410	0.01143
56	0.74100	0.01525	0.01199	0.01061	0.01558	0.01749	0.00874	0.02406	0.01395	0.06701	0.01203	0.01357	0.00913	0.00748	0.00506	0.00245	0.00616	0.00447	0.00515	0.00883
57	0.01312	0.00855	0.01127	0.01046	0.01265	0.00786	0.00799	0.01681	0.02231	0.08038	0.59679	0.05789	0.06959	0.01593	0.00931	0.00253	0.00410	0.03577	0.00876	0.00793
58	0.01114	0.00810	0.01049	0.00989	0.01180	0.00745	0.00742	0.01481	0.02226	0.03135	0.64239	0.05997	0.10037	0.01638	0.00935	0.00250	0.00375	0.01444	0.00867	0.00745
59	0.01455	0.00970	0.01234	0.01149	0.01404	0.00940	0.00894	0.02032	0.09351	0.09000	0.47813	0.05586	0.06130	0.01556	0.00924	0.00262	0.00464	0.07116	0.00862	0.00858
60	0.09622	0.01186	0.01481	0.01244	0.01665	0.01117	0.00997	0.05742	0.02203	0.31708	0.24854	0.06434	0.03932	0.01272	0.00833	0.00253	0.00569	0.02968	0.00871	0.01049
61	0.02119	0.03838	0.04809	0.01508	0.02080	0.01532	0.03524	0.17730	0.05993	0.10342	0.02340	0.13990	0.02070	0.01091	0.00766	0.00219	0.00709	0.00921	0.00660	0.23759
62	0.47148	0.01475	0.01585	0.19916	0.02667	0.01693	0.01265	0.02452	0.01536	0.11656	0.01456	0.01700	0.01059	0.00784	0.00614	0.00251	0.00742	0.00553	0.00518	0.00930

[dist]
# distance from previous block
# <min> <max>
0	5

[block]
# block no. 4 follows, 24 sequences, length 27
# corresponding to MSA columns:
# 243-269
name=unknown_E
#
# <colnr> <probs for GDERKNQSTAVLIFYWHMCP>
#	G	D	E	R	K	N	Q	S	T	A	V	L	I	F	Y	W	H	M	C	P
0	0.10059	0.10148	0.16380	0.05993	0.09805	0.02103	0.20666	0.02376	0.01642	0.02469	0.01365	0.01786	0.01083	0.00796	0.00994	0.00258	0.09964	0.00688	0.00380	0.01045
1	0.16357	0.15985	0.02444	0.01691	0.02193	0.27970	0.04243	0.07361	0.06452	0.02635	0.04659	0.01772	0.01443	0.00837	0.00668	0.00217	0.01015	0.00587	0.00489	0.00980
2	0.01055	0.00807	0.00973	0.00969	0.01175	0.00724	0.00734	0.01348	0.02001	0.02657	0.36098	0.11515	0.28765	0.01868	0.00954	0.00270	0.00417	0.06154	0.00802	0.00711
3	0.02846	0.02159	0.02233	0.01774	0.02360	0.05848	0.01442	0.46576	0.15207	0.07999	0.02184	0.02121	0.01566	0.00970	0.00792	0.00242	0.00845	0.00742	0.00786	0.01308
4	0.02325	0.01691	0.01873	0.01606	0.02077	0.01859	0.01283	0.22880	0.29830	0.10051	0.02963	0.08936	0.02427	0.01226	0.00839	0.00268	0.00703	0.05149	0.00808	0.01205
5	0.01657	0.12698	0.60009	0.02147	0.03257	0.02004	0.02732	0.02494	0.01666	0.02430	0.01383	0.01624	0.01006	0.00744	0.00723	0.00241	0.01131	0.00566	0.00335	0.01153
6	0.01640	0.01582	0.02760	0.49059	0.20569	0.01810	0.06961	0.02165	0.01661	0.02204	0.01444	0.02079	0.01117	0.00762	0.00802	0.00257	0.01050	0.00723	0.00366	0.00988
7	0.03558	0.01350	0.01840	0.01411	0.02024	0.01166	0.01166	0.03865	0.02270	0.67734	0.03128	0.02699	0.01963	0.00981	0.00797	0.00245	0.00675	0.00797	0.00981	0.01350
8	0.00966	0.00690	0.00920	0.01104	0.01150	0.00644	0.00736	0.01104	0.01518	0.02024	0.04371	0.71614	0.05245	0.02484	0.01012	0.00322	0.00460	0.02254	0.00736	0.00644
9	0.01631	0.09288	0.63188	0.02192	0.03326	0.01940	0.02811	0.02501	0.01669	0.02462	0.01399	0.01644	0.01006	0.00748	0.00735	0.00245	0.01147	0.00574	0.00335	0.01160
10	0.00997	0.00712	0.00956	0.01139	0.01199	0.00671	0.00790	0.01157	0.01549	0.02059	0.04354	0.65410	0.05177	0.02455	0.01020	0.00326	0.00487	0.08154	0.00736	0.00653
11	0.03558	0.01350	0.01840	0.01411	0.02024	0.01166	0.01166	0.03865	0.02270	0.67734	0.03128	0.02699	0.01963	0.00981	0.00797	0.00245	0.00675	0.00797	0.00981	0.01350
12	0.00937	0.00803	0.00803	0.00803	0.01071	0.00669	0.00602	0.01138	0.01807	0.02142	0.08033	0.07632	0.66863	0.02008	0.00937	0.00268	0.00402	0.01674	0.00736	0.00669
13	0.01590	0.04102	0.68023	0.02260	0.03432	0.01842	0.02930	0.02511	0.01674	0.02511	0.01423	0.01674	0.01005	0.00753	0.00753	0.00251	0.01172	0.00586	0.00335	0.01172
14	0.07159	0.01504	0.01897	0.01462	0.02072	0.01412	0.01207	0.13909	0.02467	0.54076	0.02823	0.02496	0.01806	0.00964	0.00781	0.00244	0.00705	0.00765	0.00926	0.01325
15	0.77733	0.01534	0.01166	0.01043	0.01534	0.01779	0.00859	0.02331	0.01350	0.03558	0.01104	0.01288	0.00859	0.00736	0.00491	0.00245	0.00613	0.00429	0.00491	0.00859
16	0.03558	0.01350	0.01840	0.01411	0.02024	0.01166	0.01166	0.03865	0.02270	0.67734	0.03128	0.02699	0.01963	0.00981	0.00797	0.00245	0.00675	0.00797	0.00981	0.01350
17	0.01707	0.03877	0.61962	0.02258	0.03385	0.01812	0.05283	0.02585	0.01714	0.05996	0.01521	0.01747	0.01064	0.00762	0.00763	0.00251	0.01152	0.00611	0.00372	0.01177
18	0.02120	0.72609	0.04155	0.01357	0.02035	0.03138	0.01357	0.02374	0.01611	0.01866	0.01102	0.01272	0.01018	0.00678	0.00509	0.00170	0.00848	0.00424	0.00339	0.01018
19	0.01112	0.00810	0.01046	0.00987	0.01178	0.00744	0.00740	0.01477	0.02220	0.03122	0.63508	0.06018	0.10776	0.01643	0.00935	0.00250	0.00376	0.01447	0.00865	0.00744
20	0.01853	0.02038	0.04201	0.06770	0.11888	0.02012	0.48450	0.02450	0.01796	0.02470	0.01535	0.02083	0.01189	0.00738	0.01045	0.00270	0.06875	0.00876	0.00393	0.01067
21	0.01666	0.04084	0.64416	0.02248	0.03378	0.05521	0.02853	0.02547	0.01706	0.02480	0.01412	0.01661	0.01005	0.00757	0.00751	0.00249	0.01186	0.00582	0.00339	0.01158
22	0.02068	0.01605	0.01749	0.01558	0.02003	0.01792	0.01235	0.08796	0.46960	0.08320	0.03453	0.03597	0.06005	0.01201	0.00836	0.00272	0.00648	0.05898	0.00809	0.01195
23	0.01627	0.07330	0.62451	0.02259	0.03393	0.01911	0.05266	0.02506	0.01679	0.02481	0.01415	0.01673	0.01013	0.00746	0.00749	0.00248	0.01163	0.00592	0.00338	0.01160
24	0.02089	0.68635	0.07860	0.01409	0.02116	0.03063	0.01448	0.02382	0.01615	0.01903	0.01121	0.01295	0.01017	0.00683	0.00523	0.00174	0.00867	0.00433	0.00339	0.01027
25	0.01590	0.04102	0.68023	0.02260	0.03432	0.01842	0.02930	0.02511	0.01674	0.02511	0.01423	0.01674	0.01005	0.00753	0.00753	0.00251	0.01172	0.00586	0.00335	0.01172
26	0.01658	0.12833	0.59883	0.02145	0.03254	0.02007	0.02729	0.02494	0.01666	0.02429	0.01382	0.01623	0.01006	0.00744	0.00722	0.00241	0.01131	0.00565	0.00335	0.01152

[dist]
# distance from previous block
# <min> <max>
0	1

[block]
# block no. 5 follows, 24 sequences, length 75
# corresponding to MSA columns:
# 271-345
name=unknown_F
#
# <colnr> <probs for GDERKNQSTAVLIFYWHMCP>
#	G	D	E	R	K	N	Q	S	T	A	V	L	I	F	Y	W	H	M	C	P
0	0.05697	0.11894	0.50458	0.02007	0.03030	0.01927	0.02463	0.02620	0.01709	0.08938	0.01537	0.01708	0.01094	0.00766	0.00715	0.00241	0.01056	0.00580	0.00407	0.01155
1	0.02003	0.01976	0.03390	0.14051	0.32366	0.05958	0.20284	0.02516	0.01840	0.05566	0.01574	0.02040	0.01230	0.00729	0.00826	0.00248	0.01091	0.00765	0.00418	0.01129
2	0.01818	0.01398	0.01631	0.01217	0.01849	0.01136	0.00969	0.07004	0.01840	0.06589	0.01777	0.05941	0.01514	0.00767	0.00640	0.00150	0.00598	0.00626	0.03874	0.58663
3	0.01111	0.00959	0.01469	0.01363	0.01604	0.00873	0.10299	0.01363	0.01684	0.02161	0.05146	0.36459	0.24826	0.02037	0.00981	0.00299	0.00589	0.05369	0.00685	0.00722
4	0.00979	0.00700	0.00935	0.01119	0.01171	0.00656	0.00759	0.01127	0.01531	0.02039	0.04363	0.68949	0.05216	0.02472	0.01016	0.00324	0.00472	0.04789	0.00736	0.00648
5	0.01870	0.01981	0.03944	0.09966	0.26977	0.01940	0.36373	0.02455	0.01822	0.02512	0.01546	0.02073	0.01209	0.00693	0.00869	0.00256	0.01169	0.00832	0.00394	0.01120
6	0.01153	0.00769	0.00865	0.00865	0.00865	0.00769	0.00480	0.01153	0.01153	0.01538	0.02499	0.05189	0.02883	0.72131	0.04036	0.00769	0.00769	0.01153	0.00480	0.00480
7	0.00979	0.00795	0.00857	0.00860	0.01087	0.00685	0.00631	0.01196	0.01832	0.02281	0.17300	0.11843	0.49840	0.04960	0.01074	0.00290	0.00417	0.01653	0.00748	0.00673
8	0.01478	0.00739	0.00739	0.00739	0.00924	0.00739	0.00554	0.01848	0.01663	0.02956	0.02587	0.02956	0.02033	0.00924	0.00554	0.00185	0.00370	0.00739	0.76534	0.00739
9	0.09950	0.41241	0.12997	0.01505	0.02212	0.05522	0.01524	0.02660	0.03383	0.10374	0.01464	0.01563	0.01154	0.00750	0.00597	0.00203	0.00872	0.00512	0.00449	0.01068
10	0.01570	0.01214	0.01373	0.01348	0.01632	0.04352	0.01089	0.02325	0.16056	0.06376	0.19395	0.06064	0.10053	0.01657	0.00944	0.00293	0.00622	0.21969	0.00781	0.00888
11	0.04622	0.01723	0.01863	0.01547	0.02044	0.04071	0.01243	0.22551	0.19570	0.13734	0.10916	0.03051	0.02617	0.01100	0.00809	0.00249	0.00709	0.03116	0.00802	0.03664
12	0.02185	0.36209	0.19003	0.01790	0.02583	0.02610	0.05271	0.16675	0.02126	0.02775	0.01391	0.01561	0.01101	0.00758	0.00656	0.00210	0.00958	0.00558	0.00446	0.01133
13	0.01217	0.00945	0.01282	0.01329	0.01501	0.00946	0.03645	0.01731	0.10498	0.02392	0.09532	0.41487	0.04749	0.02081	0.00990	0.00314	0.00565	0.13283	0.00742	0.00772
14	0.05921	0.02164	0.02745	0.16158	0.27830	0.15101	0.05481	0.05080	0.01864	0.02447	0.01391	0.01842	0.01135	0.00810	0.00915	0.00246	0.06736	0.00666	0.00407	0.01060
15	0.10953	0.05776	0.02718	0.03501	0.41750	0.04902	0.01921	0.02628	0.05713	0.07419	0.04110	0.02085	0.01544	0.00791	0.00740	0.00235	0.00861	0.00695	0.00488	0.01169
16	0.01115	0.00805	0.01053	0.01003	0.01183	0.00743	0.00748	0.01477	0.02209	0.03124	0.63728	0.09122	0.07373	0.01663	0.00939	0.00253	0.00378	0.01474	0.00866	0.00743
17	0.01537	0.01486	0.02620	0.63214	0.05324	0.01787	0.08713	0.02080	0.01616	0.02080	0.01430	0.02117	0.01072	0.00780	0.00808	0.00265	0.01086	0.00729	0.00357	0.00901
18	0.13915	0.01578	0.01890	0.01558	0.02082	0.01652	0.04834	0.09176	0.21816	0.23609	0.04776	0.02833	0.02128	0.01026	0.00779	0.00259	0.00700	0.03418	0.00788	0.01184
19	0.03110	0.02044	0.06061	0.01713	0.02373	0.01995	0.01478	0.40839	0.03125	0.25587	0.02280	0.02153	0.01531	0.00950	0.00792	0.00241	0.00825	0.00734	0.00829	0.01338
20	0.00966	0.00690	0.00920	0.01104	0.01150	0.00644	0.00736	0.01104	0.01518	0.02024	0.04371	0.71614	0.05245	0.02484	0.01012	0.00322	0.00460	0.02254	0.00736	0.00644
21	0.04894	0.07435	0.46088	0.02534	0.10824	0.01906	0.08427	0.02463	0.01706	0.02548	0.03133	0.01824	0.01218	0.00758	0.00754	0.00246	0.01097	0.00640	0.00369	0.01139
22	0.06810	0.06820	0.19132	0.05315	0.13827	0.05351	0.04819	0.14465	0.02175	0.11320	0.01704	0.01878	0.01240	0.00808	0.00750	0.00239	0.00975	0.00656	0.00532	0.01185
23	0.01139	0.00989	0.04217	0.01295	0.01456	0.00852	0.03766	0.04440	0.01653	0.02220	0.03986	0.61750	0.04671	0.02246	0.00986	0.00312	0.00553	0.02041	0.00706	0.00723
24	0.77733	0.01534	0.01166	0.01043	0.01534	0.01779	0.00859	0.02331	0.01350	0.03558	0.01104	0.01288	0.00859	0.00736	0.00491	0.00245	0.00613	0.00429	0.00491	0.00859
25	0.01149	0.00823	0.01118	0.01225	0.01374	0.00792	0.00974	0.01457	0.01874	0.02530	0.23446	0.24362	0.05637	0.02092	0.01024	0.00318	0.00550	0.27764	0.00776	0.00713
26	0.01766	0.02043	0.10750	0.11615	0.06298	0.01971	0.17804	0.05147	0.05495	0.02506	0.05141	0.02203	0.01548	0.00964	0.01279	0.00276	0.18459	0.00791	0.00443	0.03500
27	0.01447	0.01222	0.01304	0.01210	0.01549	0.01287	0.00929	0.02623	0.31574	0.02852	0.15086	0.05191	0.27548	0.01514	0.00876	0.00265	0.00502	0.01275	0.00791	0.00954
28	0.01589	0.01250	0.01563	0.01427	0.01742	0.01311	0.04518	0.05165	0.24389	0.05298	0.15122	0.21508	0.06928	0.01581	0.00904	0.00280	0.00583	0.03104	0.00778	0.00961
29	0.02948	0.02097	0.02279	0.01766	0.02371	0.02297	0.01451	0.57985	0.03538	0.08496	0.02093	0.05284	0.01571	0.01027	0.00804	0.00242	0.00841	0.00792	0.00801	0.01315
30	0.02834	0.01511	0.01836	0.01467	0.01984	0.01507	0.01186	0.19387	0.08869	0.33223	0.11102	0.02926	0.02545	0.01152	0.00926	0.03914	0.00683	0.00864	0.00870	0.01213
31	0.60226	0.05104	0.04700	0.01201	0.01752	0.01868	0.01053	0.07466	0.01622	0.07115	0.01297	0.01435	0.00975	0.00765	0.00546	0.00241	0.00676	0.00480	0.00528	0.00949
32	0.01188	0.00857	0.01080	0.01134	0.01282	0.00812	0.00818	0.04292	0.01692	0.02271	0.09134	0.37991	0.08296	0.08735	0.01350	0.03602	0.00548	0.09125	0.00693	0.05100
33	0.01590	0.04102	0.68023	0.02260	0.03432	0.01842	0.02930	0.02511	0.01674	0.02511	0.01423	0.01674	0.01005	0.00753	0.00753	0.00251	0.01172	0.00586	0.00335	0.01172
34	0.01161	0.00794	0.00992	0.00992	0.01047	0.00840	0.00650	0.01270	0.01216	0.01701	0.02381	0.04414	0.02552	0.47388	0.24983	0.00907	0.01191	0.01036	0.03921	0.00566
35	0.01173	0.00824	0.01037	0.00983	0.01194	0.00745	0.00737	0.01504	0.02137	0.05342	0.51267	0.08883	0.17800	0.01703	0.00934	0.00256	0.00394	0.01488	0.00847	0.00752
36	0.02340	0.01544	0.01821	0.01356	0.02019	0.01352	0.01100	0.13187	0.04279	0.18383	0.01960	0.01981	0.01432	0.00759	0.00679	0.00173	0.00658	0.00603	0.00657	0.43719
37	0.01819	0.01714	0.02048	0.33548	0.03535	0.10675	0.01682	0.04682	0.08258	0.02391	0.01735	0.02194	0.01354	0.00914	0.00935	0.00252	0.08220	0.00703	0.12422	0.00918
38	0.02460	0.02155	0.01954	0.04782	0.02249	0.19880	0.01346	0.11609	0.15358	0.12571	0.05865	0.02768	0.07049	0.01082	0.00904	0.00247	0.05148	0.00820	0.00672	0.01079
39	0.01608	0.01401	0.01620	0.01445	0.01735	0.04272	0.01125	0.04774	0.12500	0.02552	0.08653	0.15118	0.02928	0.04170	0.03479	0.00313	0.12747	0.03828	0.00613	0.15119
40	0.02361	0.01581	0.01786	0.01506	0.01968	0.01680	0.01193	0.22472	0.19993	0.15216	0.06388	0.11986	0.05766	0.01278	0.00841	0.00261	0.00667	0.01065	0.00825	0.01167
41	0.02175	0.01767	0.02187	0.01688	0.02260	0.05011	0.09653	0.22407	0.02393	0.05550	0.02020	0.08483	0.01706	0.00947	0.00752	0.00210	0.00797	0.00814	0.06838	0.22342
42	0.00966	0.00690	0.00920	0.01104	0.01150	0.00644	0.00736	0.01104	0.01518	0.02024	0.04371	0.71614	0.05245	0.02484	0.01012	0.00322	0.00460	0.02254	0.00736	0.00644
43	0.06657	0.33075	0.02805	0.01420	0.01988	0.08680	0.01239	0.08680	0.04342	0.06455	0.01739	0.08126	0.01566	0.00915	0.00641	0.00201	0.00808	0.00679	0.00509	0.09473
44	0.01855	0.05917	0.25282	0.06000	0.03773	0.01950	0.35171	0.02563	0.01800	0.05650	0.01587	0.01973	0.01159	0.00718	0.00843	0.00256	0.01215	0.00779	0.00402	0.01106
45	0.09796	0.27674	0.24287	0.01629	0.02409	0.02164	0.01769	0.02641	0.04130	0.11356	0.01691	0.04331	0.01340	0.00834	0.00657	0.00224	0.00884	0.00616	0.00474	0.01093
46	0.01798	0.02146	0.07975	0.03060	0.03777	0.01963	0.52239	0.02412	0.01787	0.02459	0.01686	0.05589	0.01382	0.00826	0.01070	0.00276	0.07146	0.00962	0.00410	0.01037
