[name]
unknown

[dist]
# distance from previous block
# <min> <max>
12	127

[block]
# block no. 0 follows, 24 sequences, length 14
# corresponding to MSA columns:
# 190-203
name=unknown_A
#
# <colnr> <probs for GDERKNQSTAVLIFYWHMCP>
#	G	D	E	R	K	N	Q	S	T	A	V	L	I	F	Y	W	H	M	C	P
0	0.02241	0.08010	0.08662	0.02540	0.17432	0.19684	0.01774	0.04680	0.15335	0.02584	0.01991	0.02482	0.01677	0.03572	0.00911	0.00270	0.01022	0.03482	0.00529	0.01123
1	0.01999	0.05146	0.23326	0.01992	0.04338	0.01772	0.07707	0.12718	0.06759	0.07375	0.10608	0.05384	0.05092	0.01089	0.00846	0.00264	0.00905	0.00913	0.00622	0.01143
2	0.02151	0.05076	0.11581	0.03072	0.07435	0.05086	0.38653	0.02610	0.02012	0.02733	0.02144	0.09013	0.01885	0.01103	0.01024	0.00326	0.01276	0.01061	0.00546	0.01213
3	0.09236	0.02026	0.05773	0.03544	0.38098	0.05635	0.07610	0.02747	0.07854	0.07294	0.01726	0.02018	0.01349	0.00768	0.00768	0.00242	0.00936	0.00709	0.00481	0.01186
4	0.04972	0.06155	0.35018	0.02090	0.05787	0.04757	0.02182	0.06982	0.01868	0.11547	0.01703	0.03719	0.01287	0.00902	0.00922	0.00254	0.07567	0.00669	0.00480	0.01140
5	0.05133	0.01138	0.01489	0.04859	0.06268	0.01124	0.04521	0.01970	0.01639	0.02746	0.02085	0.04293	0.01710	0.00879	0.00711	0.00198	0.03676	0.00721	0.39764	0.15077
6	0.01238	0.01195	0.07317	0.01096	0.01340	0.00975	0.00875	0.01680	0.08314	0.02303	0.18672	0.05189	0.13936	0.30029	0.02158	0.00464	0.00639	0.01223	0.00635	0.00720
7	0.01287	0.07696	0.01397	0.01083	0.01390	0.01104	0.00850	0.01785	0.08955	0.02617	0.25423	0.11497	0.21647	0.01601	0.00869	0.00250	0.00488	0.03159	0.00733	0.06167
8	0.02374	0.01553	0.01894	0.01656	0.06575	0.01495	0.01228	0.13078	0.12808	0.19397	0.08374	0.02592	0.02205	0.00932	0.00756	0.00215	0.00668	0.00769	0.00739	0.20692
9	0.01865	0.02374	0.12124	0.02855	0.06743	0.07236	0.38914	0.02462	0.01834	0.02472	0.01649	0.05075	0.01344	0.00767	0.00855	0.00246	0.01188	0.00857	0.00415	0.08726
10	0.01792	0.02659	0.25648	0.07236	0.27015	0.01889	0.14148	0.02538	0.04649	0.02555	0.01563	0.01950	0.01201	0.00737	0.00804	0.00250	0.01087	0.00717	0.00391	0.01171
11	0.01991	0.02101	0.05505	0.08954	0.41386	0.09771	0.02113	0.02663	0.09772	0.02539	0.01919	0.02242	0.03883	0.00824	0.00785	0.00240	0.00959	0.00739	0.00454	0.01161
12	0.01973	0.06239	0.33486	0.02325	0.10436	0.01872	0.04503	0.07600	0.09467	0.08368	0.04719	0.02151	0.01605	0.00853	0.00773	0.00246	0.00970	0.00707	0.00515	0.01191
13	0.01927	0.12088	0.12380	0.02075	0.12010	0.01860	0.01649	0.02797	0.16777	0.07426	0.02337	0.02640	0.04180	0.00967	0.00836	0.00239	0.04323	0.03481	0.03185	0.06824

[dist]
# distance from previous block
# <min> <max>
8	12

[block]
# block no. 1 follows, 24 sequences, length 112
# corresponding to MSA columns:
# 216-327
name=unknown_B
#
# <colnr> <probs for GDERKNQSTAVLIFYWHMCP>
#	G	D	E	R	K	N	Q	S	T	A	V	L	I	F	Y	W	H	M	C	P
0	0.01851	0.01699	0.02752	0.34563	0.32613	0.01884	0.02238	0.08245	0.01890	0.02564	0.01494	0.02026	0.01174	0.00770	0.00789	0.00249	0.00988	0.00706	0.00413	0.01093
1	0.01715	0.01671	0.02649	0.45703	0.25635	0.04777	0.02249	0.02211	0.01687	0.02208	0.01428	0.02034	0.01121	0.00766	0.00787	0.00252	0.01036	0.00697	0.00368	0.01006
2	0.01675	0.01590	0.02698	0.45344	0.28960	0.01808	0.02290	0.02181	0.01669	0.02241	0.01441	0.02056	0.01133	0.00760	0.00790	0.00253	0.01013	0.00705	0.00368	0.01024
3	0.01963	0.01884	0.03219	0.04867	0.67185	0.01884	0.02434	0.02434	0.01806	0.02591	0.01492	0.01963	0.01256	0.00707	0.00785	0.00236	0.00942	0.00707	0.00393	0.01256
4	0.01963	0.01884	0.03219	0.04867	0.67185	0.01884	0.02434	0.02434	0.01806	0.02591	0.01492	0.01963	0.01256	0.00707	0.00785	0.00236	0.00942	0.00707	0.00393	0.01256
5	0.01963	0.01884	0.03219	0.04867	0.67185	0.01884	0.02434	0.02434	0.01806	0.02591	0.01492	0.01963	0.01256	0.00707	0.00785	0.00236	0.00942	0.00707	0.00393	0.01256
6	0.01997	0.01812	0.01927	0.01928	0.08344	0.05730	0.01365	0.03891	0.54078	0.03134	0.03088	0.02914	0.04135	0.01053	0.00803	0.00262	0.00697	0.00879	0.00742	0.01219
7	0.00937	0.00803	0.00803	0.00803	0.01071	0.00669	0.00602	0.01138	0.01807	0.02142	0.08033	0.07632	0.66863	0.02008	0.00937	0.00268	0.00402	0.01674	0.00736	0.00669
8	0.01972	0.01703	0.01793	0.01614	0.02062	0.01972	0.01255	0.04214	0.65752	0.03317	0.03228	0.02959	0.02421	0.01076	0.00807	0.00269	0.00628	0.00897	0.00807	0.01255
9	0.02081	0.63805	0.06068	0.01575	0.02280	0.02991	0.07482	0.02394	0.01638	0.01950	0.01160	0.01368	0.01035	0.00680	0.00557	0.00181	0.00905	0.00478	0.00345	0.01027
10	0.01261	0.00841	0.01104	0.01021	0.01232	0.00772	0.00772	0.01631	0.02246	0.06847	0.63152	0.05740	0.07169	0.01585	0.00927	0.00249	0.00391	0.01398	0.00879	0.00782
11	0.00966	0.00690	0.00920	0.01104	0.01150	0.00644	0.00736	0.01104	0.01518	0.02024	0.04371	0.71614	0.05245	0.02484	0.01012	0.00322	0.00460	0.02254	0.00736	0.00644
12	0.03363	0.01481	0.01900	0.01476	0.02078	0.01384	0.01213	0.11019	0.07673	0.55057	0.02993	0.02627	0.01929	0.00986	0.00798	0.00246	0.00694	0.00796	0.00945	0.01342
13	0.02676	0.01821	0.02021	0.01646	0.02188	0.01978	0.01326	0.31137	0.23114	0.15642	0.02672	0.05926	0.01999	0.01075	0.00809	0.00253	0.00738	0.00865	0.00829	0.01283
14	0.02937	0.02135	0.02300	0.01787	0.02403	0.02358	0.01469	0.56167	0.09657	0.07470	0.02083	0.02039	0.01478	0.00965	0.00795	0.00241	0.00841	0.00735	0.00802	0.01340
15	0.01830	0.03379	0.48162	0.02390	0.08410	0.01810	0.05326	0.02780	0.07930	0.07877	0.01749	0.01925	0.01248	0.00795	0.00773	0.00252	0.01068	0.00659	0.00440	0.01197
16	0.01618	0.01382	0.01617	0.01172	0.01851	0.01041	0.00932	0.01963	0.01640	0.02563	0.01523	0.04325	0.01330	0.00660	0.00604	0.00125	0.00582	0.00538	0.00480	0.74054
17	0.01985	0.01703	0.02830	0.04090	0.53428	0.01680	0.02115	0.02430	0.01900	0.07965	0.09989	0.02530	0.02111	0.00846	0.00805	0.00238	0.00848	0.00807	0.00502	0.01199
18	0.01862	0.01438	0.01691	0.01221	0.01915	0.01124	0.00982	0.04719	0.01783	0.08173	0.01575	0.01744	0.01248	0.00635	0.00613	0.00133	0.00606	0.00507	0.00526	0.67504
19	0.77733	0.01534	0.01166	0.01043	0.01534	0.01779	0.00859	0.02331	0.01350	0.03558	0.01104	0.01288	0.00859	0.00736	0.00491	0.00245	0.00613	0.00429	0.00491	0.00859
20	0.02093	0.01455	0.01509	0.04356	0.01796	0.03753	0.01043	0.23471	0.07611	0.03606	0.02308	0.02509	0.01753	0.00936	0.00673	0.00214	0.00629	0.00734	0.38551	0.01001
21	0.01972	0.01399	0.01678	0.01215	0.01904	0.01076	0.00978	0.02316	0.01751	0.13738	0.01704	0.01825	0.01310	0.00655	0.00623	0.00139	0.00602	0.00526	0.00557	0.64031
22	0.13437	0.04569	0.01816	0.01353	0.01917	0.01394	0.01120	0.06114	0.04452	0.46159	0.07360	0.02651	0.02161	0.00983	0.00753	0.00243	0.00659	0.00777	0.00863	0.01220
23	0.02120	0.72609	0.04155	0.01357	0.02035	0.03138	0.01357	0.02374	0.01611	0.01866	0.01102	0.01272	0.01018	0.00678	0.00509	0.00170	0.00848	0.00424	0.00339	0.01018
24	0.00973	0.00696	0.00926	0.01099	0.01152	0.00649	0.00737	0.01122	0.01551	0.02076	0.07186	0.68650	0.05346	0.02445	0.01009	0.00319	0.00456	0.02217	0.00742	0.00649
25	0.01721	0.01801	0.03745	0.11442	0.03785	0.01750	0.45053	0.02249	0.01769	0.02383	0.04455	0.02593	0.01604	0.00987	0.01133	0.07674	0.01173	0.03312	0.00423	0.00948
26	0.08670	0.15664	0.06265	0.08337	0.02617	0.18906	0.01559	0.18558	0.05204	0.04854	0.01541	0.01696	0.01184	0.00830	0.00694	0.00222	0.01004	0.00589	0.00526	0.01081
27	0.01053	0.00756	0.00985	0.01122	0.01201	0.00719	0.00765	0.03463	0.01656	0.02223	0.09137	0.63942	0.05276	0.02361	0.00998	0.00313	0.00469	0.02134	0.00749	0.00678
28	0.01117	0.00786	0.00990	0.01006	0.01166	0.00716	0.00722	0.01371	0.01901	0.04458	0.33365	0.26519	0.15744	0.05114	0.01095	0.00298	0.00432	0.01696	0.00794	0.00709
29	0.01861	0.01745	0.08356	0.08334	0.07818	0.01643	0.04391	0.04814	0.26787	0.08000	0.02827	0.15053	0.02449	0.01214	0.00841	0.00271	0.00759	0.01068	0.00667	0.01103
30	0.01937	0.06412	0.15583	0.06820	0.06026	0.05030	0.24721	0.09975	0.04754	0.02730	0.01821	0.07179	0.01513	0.00889	0.00835	0.00255	0.01096	0.00868	0.00472	0.01085
31	0.01422	0.01290	0.02001	0.01747	0.01895	0.01597	0.07351	0.01690	0.01305	0.01919	0.01700	0.02617	0.01609	0.06777	0.35567	0.00820	0.26691	0.00816	0.00397	0.00790
32	0.01196	0.00867	0.01089	0.01060	0.01093	0.00957	0.00702	0.01276	0.01186	0.01638	0.02292	0.04424	0.02522	0.50951	0.18982	0.00851	0.06845	0.01045	0.00457	0.00565
33	0.06186	0.02005	0.02315	0.02128	0.10911	0.02177	0.01536	0.44637	0.05787	0.07972	0.02048	0.05086	0.01568	0.00985	0.00789	0.00243	0.00830	0.00781	0.00735	0.01279
34	0.08457	0.51048	0.03648	0.01535	0.02188	0.06100	0.06496	0.02560	0.01703	0.08017	0.01333	0.01482	0.01106	0.00717	0.00579	0.00192	0.00883	0.00505	0.00418	0.01034
35	0.02024	0.01851	0.02813	0.03638	0.41114	0.01921	0.05165	0.08777	0.15930	0.02962	0.02155	0.02391	0.03922	0.00857	0.00804	0.00246	0.00867	0.00796	0.00535	0.01234
36	0.01456	0.01353	0.02237	0.60322	0.04883	0.01681	0.02036	0.01930	0.01562	0.02021	0.01685	0.08963	0.01470	0.00987	0.00896	0.00274	0.04140	0.00857	0.00390	0.00857
37	0.03014	0.02221	0.02380	0.01825	0.02459	0.02459	0.01507	0.64541	0.03728	0.04998	0.01904	0.01904	0.01349	0.00952	0.00793	0.00238	0.00873	0.00714	0.00793	0.01349
38	0.01347	0.00862	0.01121	0.01027	0.01259	0.00784	0.00780	0.01705	0.02222	0.09355	0.57285	0.05709	0.10322	0.01581	0.00922	0.00250	0.00405	0.01386	0.00876	0.00802
39	0.00937	0.00803	0.00803	0.00803	0.01071	0.00669	0.00602	0.01138	0.01807	0.02142	0.08033	0.07632	0.66863	0.02008	0.00937	0.00268	0.00402	0.01674	0.00736	0.00669
40	0.01590	0.04102	0.68023	0.02260	0.03432	0.01842	0.02930	0.02511	0.01674	0.02511	0.01423	0.01674	0.01005	0.00753	0.00753	0.00251	0.01172	0.00586	0.00335	0.01172
41	0.01522	0.01541	0.03071	0.08501	0.03165	0.01489	0.34497	0.01997	0.01741	0.02331	0.02628	0.22651	0.02670	0.01346	0.00960	0.00292	0.01003	0.07174	0.00524	0.00898
42	0.01614	0.07136	0.65194	0.02220	0.03370	0.01899	0.02860	0.02505	0.01671	0.02483	0.01409	0.01656	0.01005	0.00750	0.00743	0.00248	0.01158	0.00579	0.00335	0.01165
43	0.01611	0.06743	0.65560	0.02225	0.03378	0.01892	0.02869	0.02506	0.01672	0.02486	0.01411	0.01659	0.01005	0.00751	0.00744	0.00248	0.01159	0.00580	0.00335	0.01166
44	0.00982	0.00701	0.00938	0.01122	0.01175	0.00658	0.00764	0.01132	0.01534	0.02042	0.04362	0.68429	0.05210	0.02469	0.01016	0.00324	0.00474	0.05283	0.00736	0.00648
45	0.05403	0.04665	0.05208	0.06116	0.31817	0.05389	0.16007	0.05461	0.07161	0.02709	0.01628	0.01996	0.01291	0.00750	0.00794	0.00244	0.01019	0.00738	0.00447	0.01158
46	0.00973	0.00695	0.00926	0.01100	0.01152	0.00648	0.00737	0.01120	0.01548	0.02072	0.06925	0.68924	0.05336	0.02449	0.01009	0.00319	0.00457	0.02221	0.00742	0.00648
47	0.01934	0.01930	0.06053	0.02379	0.05678	0.01714	0.27000	0.07210	0.01904	0.05205	0.01574	0.01927	0.01217	0.00727	0.00898	0.00218	0.05428	0.00721	0.00470	0.25814
48	0.04503	0.43699	0.14279	0.01651	0.02346	0.17558	0.01643	0.02573	0.01756	0.02041	0.01183	0.01375	0.01012	0.00724	0.00595	0.00193	0.01025	0.00470	0.00359	0.01017
49	0.02968	0.02198	0.02354	0.01815	0.02441	0.02437	0.01496	0.61846	0.06498	0.04923	0.01963	0.01951	0.01396	0.00957	0.00794	0.00239	0.00862	0.00722	0.00794	0.01344
50	0.01588	0.00859	0.00876	0.00831	0.01045	0.00878	0.00628	0.06854	0.01808	0.03062	0.02528	0.02963	0.02012	0.03842	0.00716	0.00213	0.00426	0.00754	0.67337	0.00777
51	0.01153	0.00769	0.00865	0.00865	0.00865	0.00769	0.00480	0.01153	0.01153	0.01538	0.02499	0.05189	0.02883	0.72131	0.04036	0.00769	0.00769	0.01153	0.00480	0.00480
52	0.00973	0.00695	0.00926	0.01100	0.01152	0.00648	0.00737	0.01120	0.01548	0.02072	0.06929	0.68920	0.05337	0.02449	0.01009	0.00319	0.00457	0.02221	0.00742	0.00648
53	0.02576	0.01852	0.02142	0.04589	0.05265	0.01950	0.01420	0.33999	0.10749	0.10873	0.02176	0.02353	0.01625	0.00947	0.00777	0.00231	0.00786	0.02952	0.00731	0.12008
54	0.02466	0.01729	0.01886	0.05383	0.02167	0.01902	0.01260	0.42110	0.02985	0.04214	0.02081	0.02233	0.01538	0.00934	0.00721	0.00223	0.00732	0.00721	0.23577	0.01138
55	0.02962	0.03779	0.02247	0.02043	0.02451	0.68948	0.01532	0.03166	0.02247	0.01941	0.01226	0.01430	0.01021	0.00817	0.00715	0.00204	0.01430	0.00511	0.00409	0.00919
56	0.02120	0.72609	0.04155	0.01357	0.02035	0.03138	0.01357	0.02374	0.01611	0.01866	0.01102	0.01272	0.01018	0.00678	0.00509	0.00170	0.00848	0.00424	0.00339	0.01018
57	0.00966	0.00690	0.00920	0.01104	0.01150	0.00644	0.00736	0.01104	0.01518	0.02024	0.04371	0.71614	0.05245	0.02484	0.01012	0.00322	0.00460	0.02254	0.00736	0.00644
58	0.02032	0.01733	0.01826	0.01626	0.02085	0.02000	0.01269	0.07640	0.62229	0.03413	0.03152	0.02899	0.02360	0.01069	0.00806	0.00267	0.00641	0.00886	0.00806	0.01260
59	0.01735	0.01735	0.02429	0.02082	0.02082	0.02429	0.01735	0.01908	0.01214	0.01908	0.01041	0.01735	0.01041	0.01388	0.02602	0.00347	0.70680	0.00694	0.00347	0.00867
60	0.02772	0.02101	0.02244	0.01776	0.02367	0.02346	0.01449	0.50532	0.18131	0.04607	0.02211	0.02149	0.01598	0.00981	0.00796	0.00245	0.00816	0.00756	0.00796	0.01327
61	0.00966	0.00690	0.00920	0.01104	0.01150	0.00644	0.00736	0.01104	0.01518	0.02024	0.04371	0.71614	0.05245	0.02484	0.01012	0.00322	0.00460	0.02254	0.00736	0.00644
62	0.03014	0.02221	0.02380	0.01825	0.02459	0.02459	0.01507	0.64541	0.03728	0.04998	0.01904	0.01904	0.01349	0.00952	0.00793	0.00238	0.00873	0.00714	0.00793	0.01349
63	0.03014	0.02221	0.02380	0.01825	0.02459	0.02459	0.01507	0.64541	0.03728	0.04998	0.01904	0.01904	0.01349	0.00952	0.00793	0.00238	0.00873	0.00714	0.00793	0.01349
64	0.01136	0.00839	0.01220	0.01220	0.01343	0.00962	0.00923	0.01381	0.01258	0.01800	0.02174	0.03392	0.02102	0.14766	0.60334	0.01207	0.01943	0.00890	0.00432	0.00678
65	0.00966	0.00690	0.00920	0.01104	0.01150	0.00644	0.00736	0.01104	0.01518	0.02024	0.04371	0.71614	0.05245	0.02484	0.01012	0.00322	0.00460	0.02254	0.00736	0.00644
66	0.01963	0.01884	0.03219	0.04867	0.67185	0.01884	0.02434	0.02434	0.01806	0.02591	0.01492	0.01963	0.01256	0.00707	0.00785	0.00236	0.00942	0.00707	0.00393	0.01256
67	0.01725	0.03102	0.36237	0.02745	0.03695	0.01943	0.30809	0.02497	0.01743	0.02497	0.01488	0.01888	0.01097	0.00743	0.00920	0.00263	0.04380	0.00750	0.00366	0.01112
68	0.01033	0.00807	0.00935	0.00903	0.01130	0.00710	0.00678	0.01323	0.02033	0.02676	0.38267	0.06752	0.36296	0.01809	0.00936	0.00258	0.00387	0.01550	0.00807	0.00710
69	0.01563	0.00764	0.00784	0.00767	0.00969	0.00757	0.00579	0.01930	0.01688	0.05609	0.02609	0.02946	0.02030	0.00926	0.00564	0.00187	0.00382	0.00741	0.73440	0.00764
70	0.01644	0.01409	0.01644	0.01175	0.01879	0.01057	0.00940	0.01997	0.01644	0.02584	0.01409	0.01644	0.01175	0.00587	0.00587	0.00117	0.00587	0.00470	0.00470	0.76979
71	0.01963	0.01884	0.03219	0.04867	0.67185	0.01884	0.02434	0.02434	0.01806	0.02591	0.01492	0.01963	0.01256	0.00707	0.00785	0.00236	0.00942	0.00707	0.00393	0.01256
72	0.01377	0.00689	0.01033	0.01033	0.01033	0.00689	0.00689	0.01033	0.01033	0.01377	0.01377	0.02410	0.01377	0.02755	0.03099	0.76928	0.00689	0.00689	0.00344	0.00344
73	0.03558	0.01350	0.01840	0.01411	0.02024	0.01166	0.01166	0.03865	0.02270	0.67734	0.03128	0.02699	0.01963	0.00981	0.00797	0.00245	0.00675	0.00797	0.00981	0.01350
74	0.01963	0.01884	0.03219	0.04867	0.67185	0.01884	0.02434	0.02434	0.01806	0.02591	0.01492	0.01963	0.01256	0.00707	0.00785	0.00236	0.00942	0.00707	0.00393	0.01256
75	0.01008	0.00799	0.00909	0.00917	0.01136	0.00700	0.00686	0.01260	0.01906	0.02440	0.24467	0.13374	0.41102	0.01950	0.00951	0.00272	0.00413	0.04241	0.00775	0.00692
76	0.01817	0.01971	0.04195	0.06105	0.03893	0.01872	0.55349	0.02450	0.01839	0.02557	0.01690	0.02217	0.01277	0.00699	0.00893	0.00259	0.01231	0.00906	0.07751	0.01029
77	0.01996	0.01963	0.03139	0.07122	0.61630	0.05288	0.02379	0.02456	0.01820	0.02537	0.01475	0.01941	0.01237	0.00715	0.00782	0.00235	0.00971	0.00697	0.00392	0.01225
78	0.02032	0.02286	0.04269	0.03227	0.07111	0.08403	0.52341	0.05392	0.01988	0.02596	0.01576	0.02052	0.01195	0.00697	0.00901	0.00258	0.01305	0.00874	0.00419	0.01077
79	0.01753	0.04975	0.02508	0.02049	0.02080	0.02461	0.01718	0.01930	0.01233	0.01906	0.01044	0.01714	0.01040	0.01355	0.02507	0.00339	0.67488	0.00682	0.00347	0.00874
80	0.02137	0.01727	0.01889	0.01734	0.04423	0.01958	0.01310	0.08458	0.55404	0.07071	0.03065	0.02832	0.02276	0.01048	0.00805	0.00264	0.00659	0.00871	0.00801	0.01267
81	0.03928	0.09239	0.35675	0.02252	0.03155	0.01861	0.17881	0.02417	0.01759	0.04395	0.04804	0.02304	0.05112	0.00842	0.00790	0.00248	0.01074	0.00761	0.00422	0.01081
82	0.01984	0.01838	0.02850	0.07015	0.48282	0.01919	0.02141	0.05168	0.15265	0.02810	0.01867	0.02176	0.01495	0.00797	0.00790	0.00244	0.00879	0.00747	0.00493	0.01243
83	0.09030	0.01926	0.02349	0.11348	0.14255	0.02126	0.01665	0.36889	0.02800	0.03955	0.01726	0.01937	0.01282	0.00867	0.00755	0.00239	0.00864	0.00688	0.04099	0.01200
84	0.03014	0.02221	0.02380	0.01825	0.02459	0.02459	0.01507	0.64541	0.03728	0.04998	0.01904	0.01904	0.01349	0.00952	0.00793	0.00238	0.00873	0.00714	0.00793	0.01349
85	0.01225	0.00833	0.01093	0.01015	0.01220	0.00766	0.00766	0.01596	0.02246	0.05891	0.64094	0.05788	0.07250	0.01594	0.00929	0.00249	0.00387	0.01407	0.00877	0.00773
86	0.01088	0.00809	0.01012	0.00961	0.01163	0.00733	0.00721	0.01429	0.02163	0.02986	0.55762	0.06243	0.18608	0.01694	0.00936	0.00253	0.00379	0.01479	0.00847	0.00733
87	0.01010	0.00749	0.00946	0.01041	0.01167	0.00685	0.00740	0.01223	0.01747	0.02314	0.18522	0.41814	0.17690	0.02191	0.00985	0.00298	0.00444	0.04993	0.00765	0.00676
88	0.00966	0.00690	0.00920	0.01104	0.01150	0.00644	0.00736	0.01104	0.01518	0.02024	0.04371	0.71614	0.05245	0.02484	0.01012	0.00322	0.00460	0.02254	0.00736	0.00644
89	0.00971	0.00805	0.00850	0.00839	0.01092	0.00684	0.00629	0.01203	0.01887	0.02331	0.18733	0.07320	0.56045	0.01938	0.00937	0.00264	0.00397	0.01630	0.00761	0.00684
90	0.01090	0.00809	0.01016	0.00964	0.01165	0.00735	0.00723	0.01435	0.02169	0.03001	0.56649	0.06218	0.17711	0.01688	0.00936	0.00253	0.00379	0.01475	0.00849	0.00735
91	0.01478	0.00739	0.00739	0.00739	0.00924	0.00739	0.00554	0.01848	0.01663	0.02956	0.02587	0.02956	0.02033	0.00924	0.00554	0.00185	0.00370	0.00739	0.76534	0.00739
92	0.12510	0.02134	0.02225	0.01725	0.02342	0.02373	0.01425	0.56635	0.03426	0.04815	0.01802	0.01826	0.01286	0.00924	0.00755	0.00239	0.00840	0.00678	0.00755	0.01286
93	0.03037	0.02185	0.02358	0.01808	0.02441	0.02406	0.01493	0.62052	0.03669	0.07570	0.01954	0.01936	0.01374	0.00953	0.00793	0.00238	0.00864	0.00717	0.00801	0.01349
94	0.03558	0.01350	0.01840	0.01411	0.02024	0.01166	0.01166	0.03865	0.02270	0.67734	0.03128	0.02699	0.01963	0.00981	0.00797	0.00245	0.00675	0.00797	0.00981	0.01350
95	0.01047	0.00796	0.01072	0.01194	0.01242	0.00821	0.00833	0.01199	0.01521	0.02064	0.06812	0.61956	0.04938	0.02340	0.01162	0.00321	0.07238	0.02067	0.00705	0.00670
96	0.01498	0.01409	0.02378	0.70226	0.05462	0.01762	0.02202	0.02026	0.01586	0.02026	0.01409	0.02114	0.01057	0.00793	0.00793	0.00264	0.01057	0.00705	0.00352	0.00881
97	0.02194	0.01555	0.01735	0.01519	0.01974	0.01708	0.01192	0.03898	0.47932	0.15469	0.09044	0.03182	0.02799	0.01108	0.00817	0.00263	0.00613	0.00927	0.00846	0.01226
98	0.00940	0.00792	0.00815	0.00832	0.01079	0.00667	0.00615	0.01135	0.01780	0.02131	0.07679	0.13811	0.60912	0.02054	0.00944	0.00273	0.00407	0.01730	0.00736	0.00667
99	0.01701	0.18427	0.54667	0.02071	0.03140	0.02113	0.02601	0.02483	0.01661	0.02376	0.01356	0.01590	0.01007	0.00738	0.00702	0.00234	0.01104	0.00552	0.00336	0.01140
100	0.00974	0.00696	0.00927	0.01099	0.01152	0.00649	0.00737	0.01124	0.01555	0.02083	0.07542	0.68275	0.05358	0.02440	0.01008	0.00318	0.00456	0.02213	0.00743	0.00649
101	0.00939	0.00795	0.00812	0.00825	0.01077	0.00668	0.00612	0.01136	0.01787	0.02134	0.07770	0.12237	0.62428	0.02043	0.00943	0.00272	0.00406	0.01715	0.00736	0.00668
102	0.02059	0.02067	0.03125	0.04595	0.60933	0.08361	0.02347	0.02504	0.01848	0.02528	0.01466	0.01911	0.01233	0.00717	0.00778	0.00233	0.00989	0.00688	0.00394	0.01224
103	0.01760	0.01950	0.04184	0.03043	0.03748	0.01847	0.55375	0.02368	0.01798	0.02450	0.01777	0.05310	0.01457	0.01259	0.07511	0.00367	0.01374	0.00986	0.00418	0.01016
104	0.01001	0.00716	0.00955	0.01106	0.01177	0.00670	0.00762	0.01181	0.01630	0.02196	0.12779	0.59929	0.05516	0.02355	0.01006	0.00314	0.00461	0.04829	0.00754	0.00662
105	0.01795	0.01543	0.01627	0.01477	0.01890	0.01743	0.01145	0.03679	0.54325	0.03151	0.06607	0.03722	0.11409	0.01226	0.00830	0.00268	0.00586	0.01025	0.00800	0.01154
106	0.02388	0.01550	0.01780	0.01551	0.02027	0.01666	0.01243	0.06338	0.39404	0.21190	0.03240	0.03421	0.02457	0.01152	0.00832	0.00270	0.00661	0.06748	0.00847	0.01234
107	0.01150	0.00773	0.00884	0.00878	0.00896	0.00767	0.00506	0.01186	0.01259	0.01696	0.08705	0.05260	0.03327	0.65322	0.03737	0.00719	0.00731	0.01180	0.00518	0.00506
108	0.01937	0.01891	0.03329	0.07119	0.58831	0.01891	0.08400	0.02429	0.01804	0.02565	0.01499	0.01985	0.01244	0.00706	0.00800	0.00240	0.00984	0.00729	0.00392	0.01224
109	0.70431	0.08398	0.01454	0.01073	0.01582	0.01910	0.00907	0.02335	0.01375	0.03394	0.01104	0.01287	0.00874	0.00731	0.00492	0.00238	0.00636	0.00429	0.00476	0.00874
110	0.01719	0.06498	0.48004	0.02244	0.05955	0.01783	0.07598	0.02492	0.01715	0.05046	0.01605	0.01871	0.01169	0.00766	0.00741	0.00241	0.01064	0.00636	0.07727	0.01125
111	0.10195	0.01315	0.01702	0.01337	0.01898	0.01182	0.01097	0.03494	0.02182	0.55554	0.09087	0.02880	0.02394	0.01021	0.00782	0.00246	0.00640	0.00825	0.00926	0.01246

[dist]
# distance from previous block
# <min> <max>
0	5

[block]
# block no. 2 follows, 24 sequences, length 76
# corresponding to MSA columns:
# 333-408
name=unknown_C
#
# <colnr> <probs for GDERKNQSTAVLIFYWHMCP>
#	G	D	E	R	K	N	Q	S	T	A	V	L	I	F	Y	W	H	M	C	P
0	0.01233	0.06666	0.01135	0.00905	0.00961	0.00963	0.00552	0.01253	0.01191	0.01565	0.02384	0.04868	0.02730	0.66266	0.03747	0.00720	0.00775	0.01093	0.00469	0.00525
1	0.03428	0.01379	0.01836	0.01428	0.02027	0.01232	0.01173	0.03893	0.07481	0.62446	0.03137	0.02720	0.02001	0.00989	0.00798	0.00247	0.00671	0.00806	0.00967	0.01342
2	0.01963	0.01884	0.03219	0.04867	0.67185	0.01884	0.02434	0.02434	0.01806	0.02591	0.01492	0.01963	0.01256	0.00707	0.00785	0.00236	0.00942	0.00707	0.00393	0.01256
3	0.01754	0.01747	0.02494	0.02311	0.07426	0.02384	0.01792	0.01952	0.01263	0.01964	0.01078	0.01754	0.01059	0.01332	0.02453	0.00338	0.64955	0.00695	0.00351	0.00899
4	0.01021	0.00892	0.01002	0.01137	0.06498	0.00769	0.00753	0.01244	0.01807	0.02179	0.07496	0.07166	0.61477	0.01901	0.00925	0.00265	0.00446	0.01594	0.00708	0.00718
5	0.01963	0.01884	0.03219	0.04867	0.67185	0.01884	0.02434	0.02434	0.01806	0.02591	0.01492	0.01963	0.01256	0.00707	0.00785	0.00236	0.00942	0.00707	0.00393	0.01256
6	0.01153	0.00834	0.00989	0.00946	0.01187	0.00737	0.00720	0.01448	0.02040	0.05535	0.36053	0.06634	0.33249	0.01782	0.00935	0.00261	0.00411	0.03531	0.00813	0.00739
7	0.01616	0.07437	0.64913	0.02216	0.03364	0.01905	0.02853	0.02505	0.01671	0.02480	0.01407	0.01655	0.01005	0.00750	0.00741	0.00247	0.01156	0.00578	0.00335	0.01164
8	0.01690	0.13888	0.53550	0.02218	0.03288	0.02043	0.07740	0.02494	0.01681	0.02420	0.01391	0.01654	0.01023	0.00736	0.00733	0.00241	0.01138	0.00591	0.00341	0.01141
9	0.01866	0.02122	0.04585	0.03290	0.04058	0.02023	0.61695	0.02514	0.01844	0.02514	0.01581	0.02122	0.01196	0.00698	0.01005	0.00271	0.04229	0.00926	0.00399	0.01061
10	0.01158	0.00845	0.01110	0.01137	0.01330	0.00797	0.00915	0.01513	0.02060	0.02807	0.39886	0.07115	0.12091	0.01852	0.00990	0.00291	0.00498	0.22060	0.00811	0.00735
11	0.01956	0.01897	0.03274	0.04595	0.59061	0.01898	0.07459	0.02523	0.04706	0.02619	0.01579	0.02022	0.01304	0.00720	0.00798	0.00240	0.00960	0.00734	0.00412	0.01241
12	0.01123	0.00846	0.01111	0.01217	0.01286	0.00874	0.00853	0.04070	0.01594	0.02151	0.03985	0.62691	0.04722	0.02324	0.01133	0.00320	0.06243	0.02056	0.00707	0.00695
13	0.00966	0.00690	0.00920	0.01104	0.01150	0.00644	0.00736	0.01104	0.01518	0.02024	0.04371	0.71614	0.05245	0.02484	0.01012	0.00322	0.00460	0.02254	0.00736	0.00644
14	0.02168	0.02375	0.11873	0.02779	0.03580	0.02065	0.39500	0.17437	0.02306	0.05357	0.01706	0.02044	0.01239	0.00758	0.00874	0.00258	0.01183	0.00835	0.00507	0.01159
15	0.02008	0.01963	0.03121	0.04616	0.61783	0.04924	0.02348	0.02534	0.04252	0.02589	0.01545	0.01976	0.01290	0.00726	0.00783	0.00235	0.00952	0.00705	0.00409	0.01241
16	0.58879	0.01747	0.01447	0.01236	0.01752	0.04915	0.01012	0.13125	0.01832	0.05995	0.01319	0.01450	0.00989	0.00786	0.00564	0.00242	0.00697	0.00495	0.00556	0.00963
17	0.01109	0.00810	0.01042	0.00984	0.01177	0.00743	0.00738	0.01471	0.02214	0.03106	0.62599	0.06045	0.11696	0.01649	0.00935	0.00251	0.00376	0.01451	0.00863	0.00743
18	0.02146	0.01475	0.01678	0.01494	0.01917	0.01596	0.01171	0.05852	0.38840	0.15683	0.06437	0.10214	0.02916	0.01269	0.00844	0.00272	0.00621	0.03576	0.00833	0.01168
19	0.01735	0.01735	0.02429	0.02082	0.02082	0.02429	0.01735	0.01908	0.01214	0.01908	0.01041	0.01735	0.01041	0.01388	0.02602	0.00347	0.70680	0.00694	0.00347	0.00867
20	0.00937	0.00803	0.00803	0.00803	0.01071	0.00669	0.00602	0.01138	0.01807	0.02142	0.08033	0.07632	0.66863	0.02008	0.00937	0.00268	0.00402	0.01674	0.00736	0.00669
21	0.67321	0.01508	0.01260	0.01094	0.01602	0.01693	0.00902	0.02546	0.01479	0.12566	0.01388	0.01486	0.01014	0.00771	0.00534	0.00245	0.00622	0.00481	0.00560	0.00928
22	0.01113	0.00810	0.01047	0.00988	0.01179	0.00744	0.00741	0.01479	0.02223	0.03129	0.63908	0.06007	0.10372	0.01640	0.00935	0.00250	0.00375	0.01446	0.00866	0.00744
23	0.77733	0.01534	0.01166	0.01043	0.01534	0.01779	0.00859	0.02331	0.01350	0.03558	0.01104	0.01288	0.00859	0.00736	0.00491	0.00245	0.00613	0.00429	0.00491	0.00859
24	0.01972	0.01703	0.01793	0.01614	0.02062	0.01972	0.01255	0.04214	0.65752	0.03317	0.03228	0.02959	0.02421	0.01076	0.00807	0.00269	0.00628	0.00897	0.00807	0.01255
25	0.01644	0.01409	0.01644	0.01175	0.01879	0.01057	0.00940	0.01997	0.01644	0.02584	0.01409	0.01644	0.01175	0.00587	0.00587	0.00117	0.00587	0.00470	0.00470	0.76979
26	0.73986	0.01495	0.01145	0.01028	0.01504	0.01728	0.00844	0.02307	0.01365	0.03528	0.01177	0.01370	0.00916	0.00745	0.00494	0.00242	0.00601	0.00445	0.04228	0.00853
27	0.01498	0.01409	0.02378	0.70226	0.05462	0.01762	0.02202	0.02026	0.01586	0.02026	0.01409	0.02114	0.01057	0.00793	0.00793	0.00264	0.01057	0.00705	0.00352	0.00881
28	0.00966	0.00790	0.00853	0.00868	0.01097	0.00677	0.00640	0.01183	0.01830	0.02269	0.15620	0.15580	0.50839	0.02016	0.00947	0.00272	0.00405	0.01715	0.00755	0.00677
29	0.06024	0.01897	0.02200	0.02118	0.12414	0.04322	0.01484	0.31175	0.05656	0.12537	0.02045	0.02119	0.01489	0.00918	0.00805	0.00237	0.02758	0.00714	0.07866	0.01222
30	0.03339	0.04660	0.01942	0.01428	0.02028	0.01334	0.01183	0.03830	0.08367	0.58488	0.03045	0.02659	0.01964	0.00977	0.00785	0.00244	0.00678	0.00790	0.00935	0.01325
31	0.00966	0.00690	0.00920	0.01104	0.01150	0.00644	0.00736	0.01104	0.01518	0.02024	0.04371	0.71614	0.05245	0.02484	0.01012	0.00322	0.00460	0.02254	0.00736	0.00644
32	0.00949	0.00779	0.00836	0.00874	0.01092	0.00666	0.00636	0.01142	0.01758	0.02148	0.09023	0.21439	0.51713	0.02100	0.00953	0.00279	0.00413	0.01792	0.00740	0.00666
33	0.01663	0.09252	0.56945	0.02363	0.06289	0.01953	0.05800	0.02498	0.01685	0.02466	0.01410	0.01679	0.01027	0.00741	0.00745	0.00245	0.01144	0.00596	0.00341	0.01159
34	0.01916	0.01868	0.03035	0.16347	0.53922	0.04272	0.02360	0.02388	0.01782	0.02467	0.01467	0.01970	0.01212	0.00726	0.00784	0.00239	0.00980	0.00699	0.00386	0.01178
35	0.05453	0.28259	0.42160	0.01881	0.02845	0.02298	0.02272	0.02454	0.01636	0.02333	0.01294	0.01513	0.01002	0.00726	0.00654	0.00222	0.01030	0.00521	0.00344	0.01102
36	0.74027	0.01498	0.01148	0.01031	0.01511	0.01725	0.00846	0.02273	0.01372	0.03490	0.01439	0.01594	0.04044	0.00797	0.00512	0.00246	0.00603	0.00489	0.00503	0.00850
37	0.00998	0.00713	0.00956	0.01140	0.01200	0.00671	0.00791	0.01159	0.01549	0.02060	0.04353	0.65270	0.05176	0.02455	0.01021	0.00326	0.00487	0.08287	0.00736	0.00653
38	0.02409	0.02407	0.01986	0.01746	0.02204	0.23349	0.01353	0.13629	0.32238	0.03097	0.02604	0.02524	0.04908	0.01018	0.00782	0.00243	0.00913	0.00781	0.00674	0.01135
39	0.01039	0.00759	0.00993	0.01127	0.01211	0.00736	0.00775	0.01309	0.04705	0.02192	0.10338	0.58511	0.05170	0.02498	0.04275	0.00358	0.00540	0.02040	0.00738	0.00687
40	0.05707	0.04865	0.06761	0.03008	0.05966	0.07621	0.41060	0.05555	0.02091	0.02865	0.01803	0.02331	0.01435	0.00895	0.00960	0.00300	0.01286	0.00885	0.00521	0.04086
41	0.17789	0.01652	0.01921	0.01546	0.02142	0.01542	0.01234	0.08518	0.02324	0.45005	0.02779	0.02672	0.01906	0.01098	0.00847	0.00292	0.00770	0.00790	0.00925	0.04247
42	0.01278	0.00916	0.01138	0.01300	0.01374	0.00828	0.00865	0.01328	0.01690	0.02285	0.04512	0.68635	0.05320	0.02593	0.01118	0.00370	0.00564	0.02266	0.00819	0.00800
43	0.01904	0.01723	0.02744	0.50164	0.21458	0.01923	0.02320	0.02311	0.01811	0.02433	0.01715	0.02450	0.01386	0.00961	0.00908	0.00308	0.01103	0.00792	0.00465	0.01123
44	0.01137	0.00835	0.01200	0.01200	0.01316	0.00951	0.00898	0.01368	0.01252	0.01786	0.02192	0.03492	0.02146	0.17976	0.57184	0.01183	0.01878	0.00905	0.00435	0.00667
45	0.01021	0.00735	0.00954	0.01047	0.01143	0.00682	0.00721	0.01225	0.01731	0.02352	0.23121	0.45822	0.08589	0.05594	0.01133	0.00320	0.00447	0.01929	0.00765	0.00668
46	0.01091	0.00809	0.01017	0.00965	0.01166	0.00735	0.00724	0.01436	0.02171	0.03005	0.56892	0.06211	0.17466	0.01686	0.00936	0.00252	0.00379	0.01474	0.00850	0.00735
47	0.00977	0.00698	0.00930	0.01097	0.01153	0.00651	0.00737	0.01131	0.01568	0.02104	0.08659	0.67100	0.05399	0.02425	0.01007	0.00317	0.00454	0.02198	0.00746	0.00651
48	0.02120	0.72609	0.04155	0.01357	0.02035	0.03138	0.01357	0.02374	0.01611	0.01866	0.01102	0.01272	0.01018	0.00678	0.00509	0.00170	0.00848	0.00424	0.00339	0.01018
49	0.01377	0.00689	0.01033	0.01033	0.01033	0.00689	0.00689	0.01033	0.01033	0.01377	0.01377	0.02410	0.01377	0.02755	0.03099	0.76928	0.00689	0.00689	0.00344	0.00344
50	0.02962	0.03779	0.02247	0.02043	0.02451	0.68948	0.01532	0.03166	0.02247	0.01941	0.01226	0.01430	0.01021	0.00817	0.00715	0.00204	0.01430	0.00511	0.00409	0.00919
51	0.01345	0.00766	0.01142	0.01126	0.01154	0.00824	0.00794	0.01146	0.01088	0.01491	0.01509	0.02519	0.01481	0.03319	0.15967	0.58762	0.04047	0.00720	0.00360	0.00438
52	0.01498	0.01409	0.02378	0.70226	0.05462	0.01762	0.02202	0.02026	0.01586	0.02026	0.01409	0.02114	0.01057	0.00793	0.00793	0.00264	0.01057	0.00705	0.00352	0.00881
53	0.02156	0.69680	0.04074	0.01386	0.02053	0.05938	0.01364	0.02408	0.01638	0.01869	0.01108	0.01279	0.01018	0.00684	0.00518	0.00171	0.00873	0.00428	0.00342	0.01013
54	0.01855	0.02106	0.04577	0.06326	0.04203	0.01994	0.61535	0.02517	0.01859	0.02517	0.01596	0.02138	0.01197	0.00674	0.00929	0.00267	0.01324	0.00926	0.00399	0.01061
55	0.01963	0.01884	0.03219	0.04867	0.67185	0.01884	0.02434	0.02434	0.01806	0.02591	0.01492	0.01963	0.01256	0.00707	0.00785	0.00236	0.00942	0.00707	0.00393	0.01256
56	0.01202	0.01020	0.01702	0.01561	0.01756	0.00996	0.12911	0.01454	0.01578	0.02163	0.03593	0.51575	0.04111	0.02008	0.01052	0.00306	0.04042	0.01852	0.04378	0.00741
57	0.01498	0.01409	0.02378	0.70226	0.05462	0.01762	0.02202	0.02026	0.01586	0.02026	0.01409	0.02114	0.01057	0.00793	0.00793	0.00264	0.01057	0.00705	0.00352	0.00881
58	0.01498	0.01409	0.02378	0.70226	0.05462	0.01762	0.02202	0.02026	0.01586	0.02026	0.01409	0.02114	0.01057	0.00793	0.00793	0.00264	0.01057	0.00705	0.00352	0.00881
59	0.01239	0.00890	0.01231	0.01407	0.01581	0.00882	0.01208	0.01580	0.01800	0.02336	0.04356	0.14040	0.06955	0.02208	0.01083	0.00358	0.00696	0.54700	0.00731	0.00721
60	0.07125	0.00914	0.01107	0.01032	0.01288	0.00858	0.00798	0.01711	0.02094	0.08318	0.44901	0.05709	0.14829	0.01586	0.00899	0.00257	0.00440	0.04515	0.00826	0.00794
61	0.02098	0.69694	0.06873	0.01395	0.02095	0.03083	0.01424	0.02380	0.01614	0.01893	0.01116	0.01289	0.01017	0.00682	0.00519	0.00173	0.00862	0.00431	0.00339	0.01024
62	0.00954	0.00804	0.00827	0.00821	0.01082	0.00677	0.00616	0.01171	0.01848	0.02237	0.13418	0.07475	0.61419	0.01973	0.00937	0.00266	0.00399	0.01652	0.00749	0.00677
63	0.01705	0.01446	0.01677	0.01204	0.01905	0.01120	0.00965	0.04787	0.01737	0.02692	0.01431	0.01656	0.01182	0.00604	0.00596	0.00123	0.00600	0.00481	0.00484	0.73606
64	0.01590	0.04102	0.68023	0.02260	0.03432	0.01842	0.02930	0.02511	0.01674	0.02511	0.01423	0.01674	0.01005	0.00753	0.00753	0.00251	0.01172	0.00586	0.00335	0.01172
65	0.01033	0.00802	0.00940	0.00915	0.01133	0.00709	0.00683	0.01320	0.02019	0.02669	0.37975	0.09425	0.33867	0.01830	0.00939	0.00261	0.00390	0.01575	0.00806	0.00709
66	0.01909	0.01829	0.03122	0.12418	0.60054	0.01870	0.02407	0.02387	0.01780	0.02525	0.01482	0.01980	0.01233	0.00717	0.00786	0.00239	0.00955	0.00706	0.00388	0.01213
67	0.24895	0.01113	0.01318	0.01374	0.04660	0.01149	0.03282	0.01790	0.01589	0.06082	0.06957	0.33971	0.03489	0.01647	0.00824	0.00285	0.00579	0.03539	0.00652	0.00803
68	0.02129	0.60228	0.12085	0.01474	0.02211	0.02871	0.01545	0.02470	0.01654	0.05409	0.01249	0.01398	0.01066	0.00704	0.00555	0.00184	0.00880	0.00464	0.00372	0.01055
69	0.01093	0.00763	0.00973	0.01071	0.01138	0.00738	0.00739	0.01245	0.01520	0.02037	0.10072	0.33160	0.04587	0.25281	0.02013	0.00469	0.00596	0.11226	0.00665	0.00614
70	0.01139	0.00811	0.01105	0.01279	0.01394	0.00791	0.01007	0.01389	0.01661	0.02183	0.04189	0.35540	0.04772	0.05753	0.01204	0.00367	0.00617	0.33399	0.00720	0.00681
71	0.02011	0.01976	0.03172	0.04731	0.64061	0.05120	0.02390	0.02469	0.01827	0.02559	0.01479	0.01937	0.01245	0.00712	0.00782	0.00234	0.00966	0.00697	0.00393	0.01240
72	0.01023	0.00731	0.00986	0.01169	0.01240	0.00693	0.00835	0.01203	0.01574	0.02088	0.04339	0.60154	0.05120	0.02431	0.01027	0.00330	0.00509	0.13152	0.00735	0.00660
73	0.01052	0.00751	0.01019	0.01202	0.01286	0.00718	0.00885	0.01253	0.01603	0.02120	0.04323	0.54348	0.05057	0.02403	0.01035	0.00334	0.00534	0.18673	0.00734	0.00668
74	0.01751	0.24890	0.48643	0.01986	0.03008	0.02235	0.02453	0.02470	0.01655	0.02315	0.01326	0.01552	0.01009	0.00731	0.00679	0.00226	0.01074	0.00537	0.00336	0.01125
75	0.02407	0.02086	0.02185	0.01930	0.05389	0.12246	0.04296	0.24104	0.12783	0.06299	0.02627	0.03026	0.06571	0.01126	0.00912	0.00257	0.04287	0.05665	0.00677	0.01127

[dist]
# distance from previous block
# <min> <max>
0	1

[block]
# block no. 3 follows, 24 sequences, length 7
# corresponding to MSA columns:
# 410-416
name=unknown_D
#
# <colnr> <probs for GDERKNQSTAVLIFYWHMCP>
#	G	D	E	R	K	N	Q	S	T	A	V	L	I	F	Y	W	H	M	C	P
0	0.00977	0.00790	0.00868	0.00881	0.01104	0.00681	0.00648	0.01203	0.01853	0.02327	0.18883	0.15830	0.47187	0.01997	0.00947	0.00271	0.00404	0.01705	0.00763	0.00681
1	0.01020	0.00792	0.00919	0.01002	0.01152	0.00732	0.00698	0.01286	0.05038	0.02109	0.05596	0.39596	0.28459	0.06362	0.01152	0.00325	0.00465	0.01895	0.00725	0.00677
2	0.02242	0.05809	0.02988	0.07134	0.24849	0.04650	0.12125	0.09622	0.06543	0.10285	0.01942	0.02382	0.01525	0.00856	0.00809	0.00247	0.00959	0.03316	0.00545	0.01175
3	0.29494	0.01729	0.01901	0.08090	0.10900	0.05761	0.01375	0.08193	0.04698	0.17966	0.01815	0.01910	0.01302	0.00832	0.00681	0.00244	0.00784	0.00625	0.00612	0.01089
4	0.01613	0.00869	0.00883	0.00834	0.01058	0.00890	0.00638	0.07342	0.01844	0.03135	0.02527	0.02864	0.01973	0.00926	0.00575	0.00189	0.00414	0.00737	0.69896	0.00793
5	0.01757	0.01705	0.02991	0.32528	0.35317	0.01843	0.07848	0.02270	0.01718	0.02346	0.01467	0.02043	0.01167	0.00740	0.00802	0.00251	0.01026	0.00726	0.00376	0.01080
6	0.08828	0.12248	0.41840	0.02059	0.06210	0.01919	0.02286	0.02647	0.01720	0.10916	0.01576	0.01734	0.01129	0.00769	0.00705	0.00239	0.01004	0.00584	0.00436	0.01151

[dist]
# distance from previous block
# <min> <max>
0	2

[block]
# block no. 4 follows, 24 sequences, length 6
# corresponding to MSA columns:
# 419-424
name=unknown_E
#
# <colnr> <probs for GDERKNQSTAVLIFYWHMCP>
#	G	D	E	R	K	N	Q	S	T	A	V	L	I	F	Y	W	H	M	C	P
0	0.01098	0.00806	0.01008	0.00959	0.01143	0.00739	0.00706	0.01418	0.02095	0.02900	0.53232	0.06110	0.15627	0.07290	0.01182	0.00293	0.00409	0.01446	0.00822	0.00716
1	0.01963	0.01884	0.03219	0.04867	0.67185	0.01884	0.02434	0.02434	0.01806	0.02591	0.01492	0.01963	0.01256	0.00707	0.00785	0.00236	0.00942	0.00707	0.00393	0.01256
2	0.00963	0.00779	0.00856	0.00890	0.01100	0.00672	0.00647	0.01168	0.01788	0.02223	0.13289	0.21707	0.46999	0.02074	0.00954	0.00278	0.00412	0.01778	0.00750	0.00672
3	0.69830	0.01514	0.01237	0.01082	0.01586	0.01714	0.00891	0.02494	0.01448	0.10396	0.01320	0.01439	0.00976	0.00762	0.00523	0.00245	0.00620	0.00469	0.00543	0.00911
4	0.00966	0.00690	0.00920	0.01104	0.01150	0.00644	0.00736	0.01104	0.01518	0.02024	0.04371	0.71614	0.05245	0.02484	0.01012	0.00322	0.00460	0.02254	0.00736	0.00644
5	0.01151	0.00779	0.00915	0.00915	0.00932	0.00796	0.00543	0.01185	0.01168	0.01575	0.02453	0.04936	0.02773	0.64048	0.11970	0.00831	0.00934	0.01116	0.00474	0.00508

[dist]
# distance from previous block
# <min> <max>
0	0

# created by:
# /st0/software/busco_prod/Augustus/scripts/msa2prfl.pl ./align_prep/109797.fa
