[name]
unknown

[dist]
# distance from previous block
# <min> <max>
26	173

[block]
# block no. 0 follows, 25 sequences, length 9
# corresponding to MSA columns:
# 181-189
name=unknown_A
#
# <colnr> <probs for GDERKNQSTAVLIFYWHMCP>
#	G	D	E	R	K	N	Q	S	T	A	V	L	I	F	Y	W	H	M	C	P
0	0.05147	0.11119	0.05717	0.04763	0.01660	0.01311	0.01051	0.06603	0.01444	0.01982	0.01728	0.11234	0.01731	0.01926	0.01855	0.38108	0.00724	0.00823	0.00428	0.00645
1	0.01726	0.22807	0.45760	0.02172	0.08146	0.02151	0.02404	0.02413	0.01630	0.02289	0.01311	0.01552	0.01005	0.00713	0.00674	0.00222	0.01041	0.00539	0.00333	0.01111
2	0.01276	0.00692	0.01013	0.01056	0.01078	0.00685	0.00729	0.01071	0.01149	0.01527	0.02033	0.13748	0.02196	0.02606	0.02549	0.58987	0.00642	0.06121	0.00428	0.00414
3	0.78228	0.01499	0.01140	0.01020	0.01499	0.01739	0.00840	0.02279	0.01320	0.03479	0.01080	0.01260	0.00840	0.00720	0.00480	0.00240	0.00600	0.00420	0.00480	0.00840
4	0.02947	0.02172	0.02327	0.01784	0.02404	0.02404	0.01474	0.65329	0.03646	0.04887	0.01862	0.01862	0.01319	0.00931	0.00776	0.00233	0.00853	0.00698	0.00776	0.01319
5	0.78228	0.01499	0.01140	0.01020	0.01499	0.01739	0.00840	0.02279	0.01320	0.03479	0.01080	0.01260	0.00840	0.00720	0.00480	0.00240	0.00600	0.00420	0.00480	0.00840
6	0.02029	0.01475	0.01641	0.01411	0.01751	0.01584	0.01074	0.34883	0.02561	0.03428	0.02697	0.23916	0.02736	0.13478	0.01375	0.00345	0.00713	0.01231	0.00707	0.00965
7	0.02313	0.02039	0.07568	0.01932	0.02486	0.02022	0.10496	0.31228	0.02512	0.06462	0.01739	0.02123	0.01365	0.06475	0.01269	0.00286	0.10588	0.00739	0.00593	0.05769
8	0.01519	0.06246	0.18661	0.01481	0.01980	0.09385	0.01403	0.01883	0.01599	0.02121	0.02364	0.24352	0.02503	0.08099	0.01079	0.00285	0.00811	0.01109	0.00495	0.12625

[dist]
# distance from previous block
# <min> <max>
8	16

[block]
# block no. 1 follows, 25 sequences, length 21
# corresponding to MSA columns:
# 206-226
name=unknown_B
#
# <colnr> <probs for GDERKNQSTAVLIFYWHMCP>
#	G	D	E	R	K	N	Q	S	T	A	V	L	I	F	Y	W	H	M	C	P
0	0.01848	0.01372	0.01626	0.01202	0.01842	0.01091	0.00960	0.05276	0.01771	0.10027	0.01754	0.05697	0.01467	0.00739	0.00631	0.00146	0.00591	0.00605	0.00546	0.60809
1	0.01332	0.00911	0.01012	0.00951	0.01021	0.00938	0.00583	0.08347	0.01411	0.01884	0.02378	0.04713	0.02650	0.64675	0.03590	0.00693	0.00763	0.01079	0.00504	0.00565
2	0.01405	0.00936	0.01182	0.04011	0.01473	0.00892	0.00851	0.01868	0.06912	0.10193	0.39464	0.08575	0.16126	0.01545	0.00888	0.00252	0.00455	0.01341	0.00810	0.00823
3	0.02271	0.01697	0.01921	0.05383	0.07442	0.05120	0.01351	0.08748	0.34055	0.15231	0.02956	0.02810	0.05478	0.01018	0.00786	0.00250	0.00716	0.00841	0.00741	0.01186
4	0.01701	0.03896	0.61620	0.02176	0.03254	0.05484	0.02717	0.05834	0.01774	0.02555	0.01406	0.01636	0.01001	0.00750	0.00737	0.00242	0.01144	0.00576	0.00355	0.01142
5	0.02162	0.01788	0.02065	0.02052	0.11555	0.01983	0.01429	0.21030	0.35977	0.03545	0.02794	0.02703	0.05364	0.01014	0.00789	0.00250	0.00714	0.00840	0.00723	0.01223
6	0.01808	0.01435	0.01672	0.01209	0.01888	0.01143	0.00972	0.06826	0.01794	0.06199	0.01504	0.01682	0.01202	0.00622	0.00600	0.00130	0.00600	0.00494	0.00510	0.67712
7	0.40563	0.07818	0.18449	0.01543	0.05360	0.01786	0.01471	0.02295	0.01474	0.02937	0.01210	0.01425	0.00942	0.00702	0.00571	0.00221	0.00768	0.00476	0.00423	0.09567
8	0.10496	0.06093	0.08749	0.06679	0.29433	0.07333	0.03503	0.02448	0.05105	0.02507	0.01424	0.01773	0.01162	0.00763	0.00816	0.00231	0.05261	0.00621	0.00409	0.05194
9	0.06000	0.01503	0.01809	0.01347	0.01988	0.01315	0.04122	0.09325	0.05337	0.06594	0.03615	0.01894	0.01447	0.00704	0.00642	0.00161	0.00643	0.00575	0.00550	0.50431
10	0.01802	0.00955	0.01261	0.01129	0.01426	0.00866	0.00888	0.02120	0.02078	0.21923	0.35409	0.05237	0.07742	0.05472	0.01063	0.00285	0.00513	0.08108	0.00842	0.00883
11	0.02896	0.03695	0.02197	0.01998	0.02397	0.69638	0.01498	0.03096	0.02197	0.01898	0.01199	0.01398	0.00999	0.00799	0.00699	0.00200	0.01398	0.00499	0.00400	0.00899
12	0.01445	0.00723	0.00723	0.00723	0.00903	0.00723	0.00542	0.01807	0.01626	0.02891	0.02529	0.02891	0.01987	0.00903	0.00542	0.00181	0.00361	0.00723	0.77055	0.00723
13	0.02261	0.01831	0.01941	0.01645	0.02143	0.02084	0.01308	0.24115	0.45976	0.03780	0.02733	0.02556	0.02024	0.01012	0.00785	0.00253	0.00692	0.00818	0.00785	0.01257
14	0.01765	0.01988	0.04306	0.03108	0.03838	0.01863	0.60391	0.02381	0.01805	0.02447	0.01766	0.07221	0.01465	0.00783	0.00920	0.00265	0.01245	0.01009	0.00416	0.01015
15	0.01660	0.01695	0.02411	0.54653	0.04685	0.09423	0.04718	0.02118	0.01605	0.01984	0.01337	0.01963	0.01034	0.00820	0.00917	0.00259	0.06818	0.00676	0.00352	0.00872
16	0.01114	0.00746	0.00850	0.00863	0.00866	0.00743	0.00488	0.01124	0.01154	0.01538	0.02577	0.09985	0.02988	0.67609	0.03730	0.00720	0.00730	0.01206	0.00488	0.00482
17	0.01326	0.00705	0.01057	0.03609	0.01182	0.00714	0.00733	0.01070	0.01103	0.01477	0.04661	0.04775	0.01748	0.02560	0.02778	0.68320	0.00665	0.00759	0.00375	0.00385
18	0.00945	0.00675	0.00900	0.01080	0.01125	0.00630	0.00720	0.01080	0.01484	0.01979	0.04274	0.72245	0.05128	0.02429	0.00990	0.00315	0.00450	0.02204	0.00720	0.00630
19	0.01608	0.01378	0.01608	0.01148	0.01837	0.01034	0.00919	0.01952	0.01608	0.02527	0.01378	0.01608	0.01148	0.00574	0.00574	0.00115	0.00574	0.00459	0.00459	0.77491
20	0.02038	0.01633	0.01839	0.01353	0.02020	0.01474	0.01097	0.22303	0.02262	0.03284	0.01533	0.01689	0.01203	0.00689	0.00639	0.00153	0.00664	0.00536	0.00561	0.53031

[dist]
# distance from previous block
# <min> <max>
1	3

[block]
# block no. 2 follows, 25 sequences, length 40
# corresponding to MSA columns:
# 230-269
name=unknown_C
#
# <colnr> <probs for GDERKNQSTAVLIFYWHMCP>
#	G	D	E	R	K	N	Q	S	T	A	V	L	I	F	Y	W	H	M	C	P
0	0.01943	0.09258	0.01983	0.01346	0.03769	0.01401	0.01070	0.05693	0.04578	0.09314	0.01621	0.01751	0.01274	0.00666	0.00612	0.00149	0.00637	0.00524	0.00525	0.51884
1	0.01177	0.00869	0.01009	0.00951	0.01202	0.00794	0.00721	0.01586	0.06180	0.05503	0.35211	0.06178	0.32381	0.01684	0.00901	0.00253	0.00406	0.01441	0.00797	0.00756
2	0.01445	0.00723	0.00723	0.00723	0.00903	0.00723	0.00542	0.01807	0.01626	0.02891	0.02529	0.02891	0.01987	0.00903	0.00542	0.00181	0.00361	0.00723	0.77055	0.00723
3	0.01347	0.00673	0.01010	0.01010	0.01010	0.00673	0.00673	0.01010	0.01010	0.01347	0.01347	0.02357	0.01347	0.02694	0.03030	0.77441	0.00673	0.00673	0.00337	0.00337
4	0.06460	0.27636	0.42344	0.01833	0.02772	0.02232	0.02211	0.02399	0.01596	0.02302	0.01264	0.01479	0.00978	0.00710	0.00639	0.00218	0.01003	0.00509	0.00338	0.01075
5	0.02508	0.28059	0.02856	0.01740	0.02220	0.37672	0.01438	0.05013	0.04250	0.02024	0.01239	0.01429	0.01058	0.00795	0.00733	0.00199	0.04912	0.00499	0.00399	0.00957
6	0.01145	0.00811	0.00947	0.00918	0.01153	0.00709	0.00686	0.01398	0.01909	0.06718	0.26995	0.13381	0.36765	0.01822	0.00915	0.00260	0.00407	0.01563	0.00780	0.00721
7	0.03101	0.01236	0.01678	0.01315	0.01849	0.01075	0.01075	0.03411	0.02215	0.58076	0.13291	0.03140	0.02776	0.01059	0.00801	0.00241	0.00613	0.00879	0.00943	0.01226
8	0.58181	0.01820	0.11335	0.04630	0.01944	0.01679	0.01201	0.02217	0.01389	0.03159	0.01338	0.05733	0.01135	0.00830	0.00564	0.00246	0.00694	0.00566	0.00465	0.00874
9	0.01619	0.01413	0.01754	0.01253	0.01947	0.01079	0.04091	0.01979	0.01619	0.02524	0.01388	0.01632	0.01150	0.00578	0.00591	0.00122	0.00610	0.00482	0.00456	0.73712
10	0.01581	0.03858	0.64131	0.02389	0.07886	0.01804	0.02831	0.02450	0.01646	0.02461	0.01396	0.01657	0.00999	0.00733	0.00739	0.00244	0.01130	0.00581	0.00331	0.01152
11	0.01555	0.04011	0.68733	0.02210	0.03356	0.01801	0.02865	0.02455	0.01637	0.02455	0.01391	0.01637	0.00982	0.00737	0.00737	0.00246	0.01146	0.00573	0.00327	0.01146
12	0.01114	0.00746	0.00850	0.00863	0.00866	0.00743	0.00488	0.01124	0.01154	0.01538	0.02577	0.09977	0.02987	0.67618	0.03731	0.00720	0.00730	0.01206	0.00488	0.00481
13	0.02701	0.02413	0.27892	0.01725	0.02538	0.01465	0.01829	0.06574	0.02069	0.39333	0.02345	0.02207	0.01522	0.00871	0.00763	0.00242	0.00859	0.00695	0.00704	0.01252
14	0.01736	0.01926	0.07639	0.23300	0.25939	0.01841	0.21610	0.02301	0.01715	0.02353	0.01465	0.01996	0.01140	0.00707	0.00813	0.00249	0.01087	0.00751	0.00371	0.01060
15	0.02595	0.01921	0.02047	0.01631	0.02170	0.02134	0.01327	0.47051	0.15163	0.04365	0.02175	0.02165	0.01586	0.00950	0.00753	0.00233	0.00755	0.00734	0.09006	0.01237
16	0.01464	0.01378	0.02326	0.70887	0.05340	0.01723	0.02153	0.01981	0.01550	0.01981	0.01378	0.02067	0.01034	0.00775	0.00775	0.00258	0.01034	0.00689	0.00345	0.00861
17	0.01029	0.00793	0.01188	0.01244	0.01356	0.00742	0.05437	0.01224	0.01565	0.02100	0.08166	0.60775	0.04960	0.02236	0.00982	0.00308	0.00515	0.04006	0.00704	0.00669
18	0.00964	0.00686	0.00909	0.01080	0.01127	0.00645	0.00725	0.01100	0.01477	0.01968	0.04178	0.66797	0.04992	0.05870	0.01137	0.00338	0.00474	0.04201	0.00707	0.00625
19	0.01455	0.00869	0.01134	0.01033	0.01279	0.00786	0.00786	0.01787	0.02133	0.13336	0.50029	0.08975	0.10248	0.01556	0.00897	0.00248	0.00419	0.01362	0.00855	0.00814
20	0.00945	0.00675	0.00900	0.01080	0.01125	0.00630	0.00720	0.01080	0.01484	0.01979	0.04274	0.72245	0.05128	0.02429	0.00990	0.00315	0.00450	0.02204	0.00720	0.00630
21	0.01830	0.02092	0.04575	0.03268	0.04052	0.01961	0.65098	0.02484	0.01830	0.02484	0.01569	0.02092	0.01176	0.00654	0.00915	0.00261	0.01307	0.00915	0.00392	0.01046
22	0.02896	0.03695	0.02197	0.01998	0.02397	0.69638	0.01498	0.03096	0.02197	0.01898	0.01199	0.01398	0.00999	0.00799	0.00699	0.00200	0.01398	0.00499	0.00400	0.00899
23	0.01464	0.01378	0.02326	0.70887	0.05340	0.01723	0.02153	0.01981	0.01550	0.01981	0.01378	0.02067	0.01034	0.00775	0.00775	0.00258	0.01034	0.00689	0.00345	0.00861
24	0.03479	0.01320	0.01799	0.01380	0.01979	0.01140	0.01140	0.03779	0.02219	0.68451	0.03059	0.02639	0.01919	0.00960	0.00780	0.00240	0.00660	0.00780	0.00960	0.01320
25	0.03479	0.01320	0.01799	0.01380	0.01979	0.01140	0.01140	0.03779	0.02219	0.68451	0.03059	0.02639	0.01919	0.00960	0.00780	0.00240	0.00660	0.00780	0.00960	0.01320
26	0.00945	0.00675	0.00900	0.01080	0.01125	0.00630	0.00720	0.01080	0.01484	0.01979	0.04274	0.72245	0.05128	0.02429	0.00990	0.00315	0.00450	0.02204	0.00720	0.00630
27	0.01776	0.02161	0.08999	0.08444	0.04026	0.01946	0.53226	0.02419	0.01770	0.02419	0.01520	0.02041	0.01145	0.00696	0.00953	0.00263	0.03920	0.00863	0.00382	0.01031
28	0.03479	0.01320	0.01799	0.01380	0.01979	0.01140	0.01140	0.03779	0.02219	0.68451	0.03059	0.02639	0.01919	0.00960	0.00780	0.00240	0.00660	0.00780	0.00960	0.01320
29	0.01079	0.00779	0.01020	0.00988	0.01154	0.00720	0.00730	0.01418	0.02111	0.02975	0.60008	0.13671	0.07057	0.01685	0.00923	0.00252	0.00376	0.01497	0.00838	0.00720
30	0.02733	0.01879	0.02060	0.01618	0.02154	0.02040	0.01306	0.46610	0.07790	0.11768	0.02159	0.02383	0.01631	0.08895	0.01128	0.00293	0.00802	0.00768	0.00764	0.01218
31	0.01993	0.10831	0.10070	0.01744	0.02301	0.01925	0.07333	0.07642	0.27227	0.08013	0.02480	0.08733	0.02026	0.01050	0.00828	0.00252	0.02916	0.00883	0.00634	0.01119
32	0.02765	0.01678	0.01943	0.01564	0.02088	0.01750	0.01274	0.34802	0.05431	0.23034	0.02633	0.10006	0.02099	0.01164	0.00815	0.00251	0.00737	0.03933	0.00821	0.01212
33	0.02838	0.02066	0.02210	0.01707	0.02295	0.02282	0.01406	0.60692	0.03498	0.04741	0.01910	0.01937	0.01367	0.00929	0.00759	0.00229	0.00817	0.00700	0.06343	0.01275
34	0.70217	0.01762	0.08202	0.01144	0.01693	0.01746	0.01051	0.02298	0.01353	0.03372	0.01112	0.01299	0.00855	0.00722	0.00507	0.00241	0.00657	0.00436	0.00464	0.00872
35	0.01076	0.00775	0.01022	0.01026	0.01180	0.00721	0.00763	0.01393	0.02022	0.02825	0.50339	0.19708	0.06679	0.01796	0.00940	0.00266	0.00406	0.05538	0.00817	0.00709
36	0.04667	0.06892	0.47789	0.02151	0.03087	0.01861	0.04963	0.02551	0.01880	0.05286	0.08633	0.02500	0.01968	0.01022	0.00865	0.00294	0.01090	0.00762	0.00520	0.01221
37	0.01792	0.22101	0.44519	0.01871	0.02814	0.02051	0.02258	0.02459	0.01680	0.06385	0.04242	0.01772	0.01315	0.00767	0.00683	0.00224	0.00998	0.00579	0.00390	0.01099
38	0.58413	0.01763	0.08301	0.01217	0.01771	0.01719	0.01106	0.02561	0.06942	0.07991	0.01429	0.01536	0.01061	0.00767	0.00554	0.00242	0.00662	0.00500	0.00524	0.00939
39	0.72457	0.01594	0.03889	0.01081	0.01592	0.01720	0.00932	0.02340	0.01365	0.05766	0.01163	0.01324	0.00884	0.00729	0.00501	0.00240	0.00624	0.00439	0.00491	0.00869

[dist]
# distance from previous block
# <min> <max>
0	3

[block]
# block no. 3 follows, 25 sequences, length 43
# corresponding to MSA columns:
# 273-315
name=unknown_D
#
# <colnr> <probs for GDERKNQSTAVLIFYWHMCP>
#	G	D	E	R	K	N	Q	S	T	A	V	L	I	F	Y	W	H	M	C	P
0	0.01849	0.01043	0.01337	0.03645	0.01630	0.00961	0.00945	0.05421	0.02030	0.21006	0.18398	0.15584	0.13792	0.01527	0.00870	0.00257	0.00541	0.04274	0.00795	0.04095
1	0.02885	0.02135	0.02293	0.01754	0.02378	0.02340	0.01448	0.62360	0.03550	0.04776	0.01839	0.01850	0.01311	0.00914	0.00766	0.00227	0.00840	0.00687	0.00761	0.04886
2	0.01189	0.00950	0.01250	0.01241	0.01377	0.03985	0.00944	0.01435	0.01277	0.01776	0.02073	0.03169	0.01982	0.12057	0.60280	0.01152	0.01919	0.00845	0.00420	0.00680
3	0.02204	0.24459	0.19904	0.02054	0.05896	0.25523	0.05059	0.02633	0.01827	0.02080	0.01243	0.01474	0.01014	0.00730	0.00663	0.00206	0.01135	0.00523	0.00360	0.01015
4	0.01630	0.01895	0.08709	0.05850	0.02913	0.01940	0.23756	0.02049	0.01497	0.02146	0.01592	0.08261	0.01475	0.01286	0.03994	0.00330	0.28472	0.00895	0.00394	0.00918
5	0.01835	0.02078	0.04500	0.03347	0.07433	0.01955	0.61778	0.02478	0.01827	0.02486	0.01563	0.02082	0.01179	0.00656	0.00907	0.00260	0.01287	0.00903	0.00392	0.01055
6	0.03479	0.01320	0.01799	0.01380	0.01979	0.01140	0.01140	0.03779	0.02219	0.68451	0.03059	0.02639	0.01919	0.00960	0.00780	0.00240	0.00660	0.00780	0.00960	0.01320
7	0.01505	0.01353	0.02167	0.48972	0.10392	0.01591	0.01911	0.05093	0.01688	0.02199	0.02019	0.09299	0.03700	0.01036	0.00813	0.00265	0.00923	0.03755	0.00435	0.00883
8	0.01623	0.11723	0.53043	0.02155	0.03171	0.01918	0.07521	0.02403	0.01652	0.02378	0.01496	0.01959	0.01161	0.00787	0.00739	0.00243	0.01102	0.03476	0.00351	0.01100
9	0.01764	0.19204	0.44448	0.01914	0.02819	0.08022	0.02260	0.02404	0.01643	0.02210	0.01366	0.01731	0.01095	0.04965	0.00869	0.00254	0.01074	0.00564	0.00343	0.01051
10	0.01061	0.00784	0.00994	0.00975	0.01157	0.00717	0.00730	0.01378	0.02043	0.02810	0.49531	0.12591	0.16277	0.01748	0.00929	0.00258	0.00393	0.04100	0.00814	0.00709
11	0.01709	0.02000	0.07175	0.09886	0.03915	0.01823	0.50571	0.02320	0.01765	0.02391	0.01756	0.07657	0.01467	0.00811	0.00898	0.00265	0.01203	0.00978	0.00410	0.00999
12	0.68221	0.01449	0.01189	0.01047	0.01522	0.01640	0.00859	0.02361	0.01437	0.08789	0.04580	0.01600	0.01254	0.00783	0.00526	0.00240	0.00593	0.00499	0.00538	0.00874
13	0.00996	0.00789	0.00896	0.00869	0.01096	0.00688	0.00652	0.01267	0.01955	0.02541	0.34110	0.06727	0.41066	0.01797	0.00916	0.00254	0.00381	0.01533	0.00779	0.00688
14	0.01545	0.01541	0.02567	0.27297	0.03560	0.05083	0.17972	0.01940	0.01589	0.02069	0.01956	0.15850	0.01887	0.01202	0.01096	0.03528	0.07008	0.01035	0.00433	0.00842
15	0.02884	0.06325	0.10341	0.01689	0.02370	0.01996	0.01535	0.35789	0.02858	0.23199	0.02112	0.02028	0.01436	0.00900	0.00756	0.00232	0.00830	0.00690	0.00749	0.01279
16	0.02027	0.67077	0.09801	0.01405	0.02111	0.02956	0.01463	0.02334	0.01581	0.01880	0.01106	0.01279	0.00994	0.00670	0.00519	0.00173	0.00857	0.00429	0.00331	0.01008
17	0.01640	0.01613	0.02266	0.01959	0.01973	0.02239	0.01626	0.01819	0.01193	0.01860	0.01120	0.01827	0.01107	0.01788	0.09027	0.00427	0.64644	0.00693	0.00347	0.00833
18	0.01571	0.04556	0.02960	0.05711	0.02851	0.01539	0.31895	0.05639	0.01771	0.02368	0.02473	0.25077	0.02525	0.04090	0.01026	0.00292	0.00944	0.01299	0.00520	0.00892
19	0.06259	0.02667	0.05260	0.02313	0.13287	0.26892	0.01642	0.21863	0.02501	0.07718	0.01578	0.01718	0.01191	0.00826	0.00731	0.00222	0.01052	0.00611	0.00551	0.01119
20	0.01438	0.00921	0.01146	0.01056	0.01325	0.00848	0.00826	0.04336	0.02126	0.10854	0.38001	0.05878	0.19587	0.01615	0.00907	0.00257	0.00459	0.06787	0.00821	0.00809
21	0.01824	0.01697	0.11740	0.04000	0.04959	0.01404	0.01398	0.05602	0.17829	0.11787	0.21195	0.03690	0.05294	0.01173	0.00826	0.00252	0.00666	0.02896	0.00722	0.01045
22	0.01700	0.08542	0.39168	0.02549	0.03519	0.01959	0.26651	0.02456	0.01706	0.02418	0.01436	0.01782	0.01058	0.00699	0.00787	0.00246	0.01184	0.00692	0.00353	0.01096
23	0.02021	0.01642	0.01750	0.01551	0.02000	0.01868	0.01213	0.06855	0.58177	0.06582	0.03247	0.02984	0.04464	0.01072	0.00792	0.00260	0.00620	0.00889	0.00795	0.01217
24	0.01627	0.01015	0.01304	0.01264	0.01543	0.00993	0.01025	0.02188	0.10056	0.13504	0.21814	0.09333	0.07575	0.01661	0.00932	0.00288	0.00566	0.21633	0.00804	0.00876
25	0.01784	0.21280	0.21341	0.02422	0.06518	0.02161	0.23620	0.02350	0.01673	0.02265	0.01481	0.04642	0.01239	0.00776	0.00803	0.00235	0.03268	0.00726	0.00370	0.01045
26	0.02061	0.01706	0.01806	0.01577	0.02025	0.01951	0.01232	0.14274	0.52754	0.03435	0.02903	0.02825	0.02212	0.04519	0.00940	0.00282	0.00661	0.00859	0.00771	0.01206
27	0.01232	0.00887	0.01226	0.01395	0.01578	0.00880	0.01215	0.01581	0.01784	0.02309	0.04299	0.08680	0.07718	0.02133	0.01063	0.00352	0.00697	0.59546	0.00714	0.00711
28	0.01689	0.06831	0.40369	0.02577	0.03557	0.01929	0.27064	0.02460	0.01709	0.02434	0.01444	0.01794	0.01059	0.00700	0.00794	0.00248	0.01192	0.00698	0.00353	0.01099
29	0.02002	0.02017	0.06688	0.07067	0.44728	0.04150	0.02142	0.08290	0.10037	0.02782	0.01691	0.02009	0.01347	0.00768	0.00767	0.00236	0.00911	0.00701	0.00465	0.01203
30	0.01097	0.00793	0.01036	0.00975	0.01158	0.00732	0.00732	0.01463	0.02195	0.03109	0.67505	0.05792	0.07316	0.01585	0.00914	0.00244	0.00366	0.01402	0.00854	0.00732
31	0.01128	0.00752	0.00846	0.00846	0.00846	0.00752	0.00470	0.01128	0.01128	0.01503	0.02443	0.05074	0.02819	0.72751	0.03946	0.00752	0.00752	0.01128	0.00470	0.00470
32	0.01372	0.04107	0.01367	0.01185	0.01416	0.04971	0.03117	0.01721	0.04613	0.05720	0.29710	0.21802	0.09303	0.04800	0.01026	0.00281	0.00545	0.01444	0.00731	0.00771
33	0.05462	0.10508	0.02397	0.01679	0.02265	0.07394	0.01396	0.42108	0.09212	0.07186	0.01875	0.01870	0.01370	0.00895	0.00728	0.00226	0.00850	0.00661	0.00695	0.01223
34	0.00945	0.00675	0.00900	0.01080	0.01125	0.00630	0.00720	0.01080	0.01484	0.01979	0.04274	0.72245	0.05128	0.02429	0.00990	0.00315	0.00450	0.02204	0.00720	0.00630
35	0.01881	0.13497	0.39004	0.02182	0.05847	0.01899	0.09662	0.02551	0.01740	0.09798	0.03754	0.01895	0.01334	0.00767	0.00734	0.00234	0.01028	0.00646	0.00427	0.01121
36	0.01586	0.03816	0.62649	0.02397	0.07180	0.01809	0.04993	0.02452	0.01651	0.02461	0.01402	0.01669	0.01003	0.00731	0.00745	0.00245	0.01138	0.00592	0.00333	0.01147
37	0.01902	0.01815	0.03043	0.07194	0.62057	0.01842	0.02311	0.02454	0.05096	0.02548	0.01543	0.01975	0.01279	0.00713	0.00769	0.00233	0.00910	0.00700	0.00403	0.01214
38	0.01464	0.01378	0.02326	0.70887	0.05340	0.01723	0.02153	0.01981	0.01550	0.01981	0.01378	0.02067	0.01034	0.00775	0.00775	0.00258	0.01034	0.00689	0.00345	0.00861
39	0.01861	0.01783	0.03042	0.13234	0.59895	0.01827	0.02351	0.02329	0.01738	0.02462	0.01448	0.01938	0.01203	0.00702	0.00769	0.00234	0.00936	0.00691	0.00379	0.01181
40	0.01616	0.10354	0.59717	0.02177	0.03262	0.01926	0.05637	0.02444	0.01640	0.02398	0.01371	0.01622	0.00992	0.00726	0.00723	0.00239	0.01124	0.00574	0.00331	0.01127
41	0.74941	0.01492	0.01169	0.01035	0.01521	0.01713	0.00853	0.02345	0.01359	0.06336	0.01167	0.01320	0.00887	0.00730	0.00493	0.00240	0.00602	0.00436	0.00501	0.00861
42	0.12932	0.01958	0.08548	0.03269	0.36773	0.01845	0.03482	0.02747	0.15555	0.02814	0.01764	0.02011	0.01392	0.00776	0.00731	0.00241	0.00839	0.00686	0.00480	0.01160

[dist]
# distance from previous block
# <min> <max>
0	1

[block]
# block no. 4 follows, 25 sequences, length 51
# corresponding to MSA columns:
# 317-367
name=unknown_E
#
# <colnr> <probs for GDERKNQSTAVLIFYWHMCP>
#	G	D	E	R	K	N	Q	S	T	A	V	L	I	F	Y	W	H	M	C	P
0	0.01624	0.10375	0.57841	0.02206	0.03280	0.01932	0.07386	0.02445	0.01646	0.02398	0.01375	0.01634	0.00998	0.00724	0.00728	0.00239	0.01128	0.00584	0.00333	0.01124
1	0.06736	0.01849	0.05832	0.04483	0.02924	0.01967	0.28270	0.02114	0.01521	0.02270	0.01556	0.07830	0.01421	0.01067	0.01463	0.00292	0.26191	0.00886	0.00403	0.00925
2	0.31563	0.04118	0.01367	0.05724	0.01680	0.01355	0.00963	0.01882	0.01387	0.05897	0.04824	0.05312	0.01740	0.02301	0.17414	0.09525	0.00985	0.00711	0.00486	0.00763
3	0.01627	0.01146	0.01323	0.01226	0.01539	0.01177	0.00933	0.02571	0.24827	0.10663	0.18197	0.15117	0.13453	0.01510	0.00866	0.00264	0.00506	0.01302	0.00803	0.00950
4	0.01042	0.00716	0.00871	0.00955	0.00976	0.00695	0.00586	0.01105	0.01294	0.01725	0.03295	0.36349	0.03894	0.40009	0.02570	0.00548	0.00611	0.01629	0.00586	0.00544
5	0.02501	0.01914	0.01981	0.01651	0.02167	0.05688	0.01318	0.25236	0.34328	0.10746	0.02591	0.02427	0.01881	0.00986	0.00778	0.00247	0.00744	0.00784	0.00782	0.01251
6	0.06266	0.02016	0.02271	0.12555	0.02821	0.02266	0.01550	0.52448	0.03208	0.04366	0.01749	0.01865	0.01251	0.00896	0.00762	0.00237	0.00869	0.00684	0.00694	0.01224
7	0.01071	0.00776	0.01020	0.01147	0.01272	0.00738	0.00877	0.01307	0.01679	0.02213	0.11650	0.33831	0.11193	0.05315	0.01133	0.00335	0.00538	0.22519	0.00722	0.00665
8	0.01936	0.01901	0.03047	0.09029	0.60579	0.05112	0.02322	0.02388	0.01772	0.02466	0.01441	0.01904	0.01204	0.00702	0.00765	0.00231	0.00952	0.00681	0.00382	0.01188
9	0.01642	0.07162	0.57671	0.04431	0.03353	0.04428	0.05898	0.02459	0.01662	0.02390	0.01378	0.01646	0.00995	0.00732	0.00734	0.00241	0.01145	0.00584	0.00334	0.01115
10	0.01781	0.01892	0.02958	0.14003	0.03193	0.07050	0.19912	0.02156	0.01522	0.02088	0.01262	0.01847	0.01069	0.00989	0.01575	0.00285	0.31789	0.00727	0.00364	0.03538
11	0.00952	0.00721	0.00883	0.01007	0.01127	0.00652	0.00708	0.01119	0.01589	0.02034	0.05385	0.48528	0.24635	0.02268	0.00971	0.00301	0.00446	0.05314	0.00720	0.00642
12	0.09200	0.01597	0.07596	0.01411	0.01986	0.01356	0.01234	0.05336	0.10746	0.40117	0.02933	0.02786	0.05130	0.03947	0.00889	0.00266	0.00688	0.00799	0.00802	0.01182
13	0.02537	0.02868	0.02223	0.02116	0.07301	0.40734	0.01534	0.09844	0.07710	0.02436	0.03941	0.01818	0.01410	0.00922	0.00944	0.00229	0.09341	0.00623	0.00484	0.00987
14	0.02104	0.01795	0.01790	0.01596	0.02042	0.06953	0.01242	0.04021	0.57439	0.07454	0.03003	0.02764	0.02235	0.01027	0.00782	0.00257	0.00676	0.00842	0.00771	0.01209
15	0.01550	0.01412	0.02279	0.42419	0.16788	0.01629	0.01994	0.02142	0.05925	0.02226	0.01941	0.03144	0.01700	0.00992	0.00821	0.00269	0.00933	0.10463	0.00440	0.00934
16	0.08715	0.46123	0.11866	0.01476	0.02160	0.05388	0.01486	0.05110	0.04965	0.04551	0.01329	0.01459	0.01094	0.00724	0.00571	0.00194	0.00858	0.00487	0.00410	0.01033
17	0.10334	0.04686	0.02020	0.01521	0.02078	0.01893	0.01257	0.32200	0.06389	0.20626	0.04618	0.02230	0.01723	0.01135	0.03528	0.00276	0.00795	0.00722	0.00764	0.01205
18	0.01126	0.00816	0.00920	0.00939	0.01181	0.00709	0.00717	0.01337	0.01756	0.06489	0.06593	0.17045	0.47018	0.01987	0.00935	0.00279	0.00454	0.08265	0.00735	0.00701
19	0.08808	0.20413	0.06778	0.01599	0.02065	0.11893	0.04180	0.02440	0.04345	0.08084	0.06390	0.01995	0.01628	0.01027	0.01058	0.05335	0.09919	0.00636	0.00472	0.00935
20	0.39029	0.08865	0.01791	0.07574	0.04281	0.05479	0.01150	0.07036	0.01701	0.07358	0.05106	0.01796	0.01390	0.00878	0.00693	0.03145	0.00729	0.00567	0.00515	0.00916
21	0.01541	0.01456	0.02464	0.59732	0.15896	0.01743	0.02191	0.02048	0.01587	0.02074	0.01392	0.02042	0.01066	0.00761	0.00774	0.00254	0.01015	0.00689	0.00351	0.00923
22	0.04535	0.15749	0.42035	0.01995	0.02926	0.05227	0.05440	0.05736	0.01782	0.05670	0.01430	0.01626	0.01053	0.00743	0.00697	0.00229	0.01053	0.00570	0.00394	0.01109
23	0.05700	0.03924	0.14996	0.07452	0.02719	0.05841	0.09464	0.02210	0.01524	0.05504	0.01509	0.06257	0.01328	0.01076	0.01418	0.00282	0.26681	0.00760	0.00410	0.00945
24	0.01363	0.01005	0.01385	0.04173	0.01708	0.01001	0.04024	0.01886	0.09137	0.06075	0.16414	0.20278	0.09227	0.01768	0.00944	0.00293	0.00591	0.17186	0.00734	0.00807
25	0.03316	0.01284	0.01747	0.01352	0.01923	0.01112	0.01112	0.03620	0.02218	0.63984	0.07464	0.02855	0.02288	0.01002	0.00789	0.00240	0.00640	0.00822	0.00952	0.01279
26	0.06504	0.08476	0.02207	0.01680	0.02173	0.28273	0.01349	0.10390	0.02227	0.22952	0.01828	0.01833	0.01315	0.00877	0.00800	0.00222	0.04595	0.00608	0.00612	0.01081
27	0.01570	0.01350	0.01422	0.04888	0.01716	0.09939	0.01051	0.04767	0.01741	0.06509	0.03686	0.33793	0.12758	0.01772	0.01085	0.00283	0.08773	0.01480	0.00634	0.00784
28	0.00945	0.00675	0.00900	0.01080	0.01125	0.00630	0.00720	0.01080	0.01484	0.01979	0.04274	0.72245	0.05128	0.02429	0.00990	0.00315	0.00450	0.02204	0.00720	0.00630
29	0.01555	0.04011	0.68733	0.02210	0.03356	0.01801	0.02865	0.02455	0.01637	0.02455	0.01391	0.01637	0.00982	0.00737	0.00737	0.00246	0.01146	0.00573	0.00327	0.01146
30	0.02019	0.04635	0.10718	0.18312	0.14961	0.11666	0.11959	0.09529	0.04081	0.02563	0.01500	0.01875	0.01153	0.00763	0.00772	0.00238	0.01082	0.00682	0.00427	0.01062
31	0.01804	0.01875	0.04938	0.13174	0.10755	0.02081	0.20129	0.06333	0.01669	0.02354	0.01348	0.01902	0.01109	0.00944	0.01434	0.00282	0.25742	0.00748	0.00389	0.00990
32	0.01040	0.00724	0.00862	0.00933	0.00971	0.00696	0.00577	0.01108	0.01316	0.01735	0.03571	0.31741	0.08587	0.39713	0.02553	0.00543	0.00606	0.01590	0.00587	0.00547
33	0.02677	0.01876	0.02053	0.01622	0.02147	0.02042	0.01307	0.48759	0.05788	0.09364	0.02192	0.06076	0.01750	0.07402	0.01070	0.00285	0.00797	0.00832	0.00760	0.01202
34	0.02157	0.07239	0.02059	0.04497	0.04873	0.10675	0.01327	0.10803	0.30178	0.06350	0.09412	0.02678	0.02372	0.01002	0.00766	0.00239	0.00766	0.00808	0.00683	0.01115
35	0.00945	0.00675	0.00900	0.01080	0.01125	0.00630	0.00720	0.01080	0.01484	0.01979	0.04274	0.72245	0.05128	0.02429	0.00990	0.00315	0.00450	0.02204	0.00720	0.00630
36	0.01594	0.09200	0.63884	0.02144	0.03253	0.01896	0.02749	0.02445	0.01632	0.02408	0.01368	0.01608	0.00983	0.00731	0.00719	0.00240	0.01122	0.00561	0.00328	0.01135
37	0.08376	0.06665	0.06072	0.24700	0.23392	0.08179	0.05171	0.02358	0.01697	0.04308	0.01402	0.01833	0.01102	0.00737	0.00728	0.00236	0.00991	0.00639	0.00392	0.01022
38	0.02439	0.02212	0.01995	0.01696	0.02166	0.16057	0.01328	0.24953	0.27853	0.03439	0.02263	0.02344	0.01745	0.04854	0.00937	0.00266	0.00867	0.00750	0.00686	0.01150
39	0.00942	0.00684	0.00890	0.01054	0.01118	0.00632	0.00709	0.01082	0.01509	0.01989	0.04580	0.66702	0.10473	0.02389	0.00983	0.00310	0.00445	0.02156	0.00720	0.00632
40	0.01394	0.06646	0.01575	0.01303	0.01495	0.07221	0.03931	0.01598	0.01593	0.02085	0.07807	0.25721	0.10196	0.08662	0.01346	0.00316	0.08723	0.01347	0.06312	0.00727
41	0.02067	0.02301	0.01812	0.01649	0.01955	0.29825	0.01266	0.02676	0.15142	0.02260	0.05842	0.05344	0.12081	0.01205	0.01034	0.00248	0.10956	0.00880	0.00553	0.00904
42	0.01242	0.00930	0.01163	0.01244	0.01450	0.00919	0.01021	0.03965	0.05115	0.02371	0.06462	0.13047	0.17548	0.05426	0.01141	0.00340	0.00616	0.34555	0.00714	0.00732
43	0.01822	0.02066	0.04435	0.03189	0.03924	0.01987	0.61056	0.02444	0.01789	0.02444	0.01534	0.02066	0.01166	0.00698	0.01019	0.00266	0.05772	0.00900	0.00389	0.01033
44	0.01189	0.01017	0.01264	0.01314	0.01363	0.03840	0.00953	0.01330	0.01442	0.01941	0.03413	0.52773	0.04032	0.03822	0.01378	0.00326	0.15513	0.01785	0.00620	0.00683
45	0.01492	0.01432	0.02494	0.65817	0.05244	0.01741	0.06873	0.02019	0.01571	0.02019	0.01392	0.02069	0.01044	0.00766	0.00786	0.00259	0.01054	0.00706	0.00348	0.00875
46	0.00943	0.00680	0.00894	0.01065	0.01121	0.00631	0.00713	0.01081	0.01499	0.01985	0.04454	0.68982	0.08274	0.02406	0.00986	0.00312	0.00447	0.02176	0.00720	0.00631
47	0.06660	0.08040	0.02304	0.03776	0.02312	0.14955	0.04353	0.13617	0.04906	0.23734	0.01978	0.01986	0.01404	0.00897	0.00848	0.00234	0.05559	0.00664	0.00650	0.01125
48	0.01788	0.01861	0.06577	0.20138	0.47026	0.01817	0.04944	0.02294	0.01711	0.02397	0.01440	0.01946	0.01167	0.00712	0.00774	0.00239	0.00976	0.00693	0.00372	0.01130
49	0.00973	0.00687	0.00891	0.01044	0.01082	0.00649	0.00681	0.01087	0.01430	0.01906	0.03992	0.61900	0.04773	0.13259	0.01445	0.00382	0.00496	0.02038	0.00681	0.00605
50	0.06896	0.00960	0.00992	0.01011	0.01219	0.03069	0.00745	0.01475	0.04796	0.02273	0.10816	0.18893	0.27905	0.09324	0.01216	0.00326	0.00523	0.06190	0.00680	0.00691

[dist]
# distance from previous block
# <min> <max>
0	14

# created by:
# /st0/software/busco_prod/Augustus/scripts/msa2prfl.pl ./align_prep/109739.fa
