[name]
unknown

[dist]
# distance from previous block
# <min> <max>
0	52

[block]
# block no. 0 follows, 25 sequences, length 17
# corresponding to MSA columns:
# 52-68
name=unknown_A
#
# <colnr> <probs for GDERKNQSTAVLIFYWHMCP>
#	G	D	E	R	K	N	Q	S	T	A	V	L	I	F	Y	W	H	M	C	P
0	0.02512	0.02458	0.02039	0.01772	0.02205	0.26815	0.01410	0.25002	0.07384	0.03123	0.02204	0.02882	0.04109	0.01104	0.00851	0.00244	0.03320	0.08916	0.00614	0.01037
1	0.01802	0.01617	0.02314	0.23607	0.03167	0.03645	0.05354	0.07772	0.01680	0.05080	0.01540	0.05840	0.01337	0.01065	0.01377	0.00274	0.24716	0.00766	0.00442	0.06606
2	0.00983	0.00703	0.00941	0.01104	0.01171	0.00661	0.00769	0.01154	0.01561	0.02089	0.08654	0.61863	0.05220	0.02344	0.00992	0.00314	0.00468	0.07638	0.00729	0.00644
3	0.33147	0.01959	0.01683	0.05536	0.02076	0.12985	0.01180	0.19233	0.02175	0.03463	0.06300	0.01875	0.01520	0.00862	0.00647	0.00231	0.00801	0.00605	0.02754	0.00968
4	0.01088	0.00842	0.01186	0.03748	0.06255	0.00845	0.00922	0.01275	0.01538	0.02089	0.09066	0.52918	0.04602	0.05419	0.01164	0.00322	0.03505	0.01858	0.00666	0.00692
5	0.00962	0.00687	0.00919	0.01099	0.01152	0.00645	0.00750	0.01109	0.01501	0.01998	0.04264	0.68678	0.05091	0.02413	0.00994	0.00317	0.00465	0.05602	0.00719	0.00635
6	0.01486	0.01421	0.02460	0.66859	0.05263	0.01737	0.05903	0.02011	0.01567	0.02011	0.01389	0.02069	0.01042	0.00768	0.00784	0.00259	0.01050	0.00703	0.00347	0.00872
7	0.02042	0.01511	0.01779	0.03603	0.02069	0.01308	0.01081	0.13256	0.02030	0.10124	0.01646	0.01780	0.01259	0.00685	0.00639	0.00154	0.00648	0.00544	0.00566	0.53277
8	0.01795	0.00926	0.01225	0.01145	0.01406	0.00828	0.00844	0.02016	0.01804	0.22820	0.13376	0.33250	0.04159	0.06299	0.01087	0.00301	0.00527	0.01499	0.00788	0.03904
9	0.01020	0.00738	0.01037	0.07410	0.01499	0.00732	0.00847	0.01157	0.01457	0.01935	0.03807	0.61018	0.04494	0.02297	0.01112	0.05671	0.00518	0.01960	0.00659	0.00630
10	0.07371	0.01058	0.01107	0.00999	0.01269	0.01132	0.00775	0.13371	0.01909	0.03121	0.02249	0.02701	0.01814	0.04805	0.07884	0.00332	0.00665	0.00726	0.45890	0.00825
11	0.01555	0.01570	0.03015	0.35067	0.04259	0.01696	0.26077	0.02077	0.01609	0.02134	0.01568	0.02313	0.01259	0.04652	0.07469	0.00376	0.01223	0.00810	0.00375	0.00897
12	0.02356	0.01710	0.01853	0.01471	0.01993	0.01803	0.01187	0.36378	0.09395	0.06791	0.02626	0.02679	0.07772	0.03262	0.00850	0.00238	0.00706	0.00797	0.06398	0.09735
13	0.01054	0.00798	0.01132	0.11019	0.01755	0.00814	0.00960	0.01258	0.01505	0.01989	0.03765	0.53494	0.04382	0.05327	0.01099	0.00330	0.00570	0.07430	0.00655	0.00663
14	0.01733	0.01140	0.01405	0.03566	0.01681	0.01080	0.00972	0.10848	0.02129	0.12045	0.19584	0.16019	0.09592	0.01452	0.00847	0.00244	0.00556	0.03667	0.00749	0.10691
15	0.01992	0.01575	0.02342	0.20531	0.03195	0.01623	0.11020	0.08430	0.11570	0.11002	0.04104	0.02287	0.01618	0.00826	0.00768	0.00229	0.00845	0.00746	0.00572	0.14726
16	0.01708	0.01330	0.02187	0.12642	0.02638	0.01345	0.13594	0.02076	0.01725	0.11577	0.09173	0.17033	0.02707	0.01239	0.01005	0.00259	0.07293	0.01111	0.00583	0.08775

[dist]
# distance from previous block
# <min> <max>
20	31

[block]
# block no. 1 follows, 25 sequences, length 13
# corresponding to MSA columns:
# 104-116
name=unknown_B
#
# <colnr> <probs for GDERKNQSTAVLIFYWHMCP>
#	G	D	E	R	K	N	Q	S	T	A	V	L	I	F	Y	W	H	M	C	P
0	0.02568	0.01367	0.01692	0.01303	0.01875	0.01203	0.01044	0.06319	0.06775	0.34355	0.02424	0.02471	0.01743	0.06186	0.00951	0.00240	0.00646	0.00707	0.00742	0.25389
1	0.02745	0.01450	0.01666	0.01310	0.01850	0.05980	0.01056	0.05746	0.02098	0.38784	0.05065	0.02476	0.01905	0.00893	0.00714	0.00207	0.00660	0.00714	0.09141	0.15539
2	0.01350	0.00932	0.01317	0.01187	0.01409	0.00939	0.06862	0.04033	0.01693	0.02583	0.11508	0.12640	0.03067	0.05054	0.13166	0.00431	0.00805	0.01069	0.29206	0.00749
3	0.01811	0.01219	0.01432	0.01344	0.04335	0.01243	0.00993	0.06966	0.18458	0.12092	0.19006	0.04130	0.13213	0.01265	0.00809	0.00243	0.00530	0.01067	0.08856	0.00988
4	0.01464	0.01378	0.02326	0.70887	0.05340	0.01723	0.02153	0.01981	0.01550	0.01981	0.01378	0.02067	0.01034	0.00775	0.00775	0.00258	0.01034	0.00689	0.00345	0.00861
5	0.01286	0.01098	0.01472	0.01404	0.01421	0.01351	0.01049	0.01403	0.01283	0.01823	0.02553	0.28526	0.02957	0.18471	0.02299	0.00427	0.28643	0.01347	0.00510	0.00679
6	0.01108	0.00831	0.01246	0.01246	0.01385	0.00969	0.00969	0.01385	0.01246	0.01800	0.02077	0.03046	0.01938	0.05815	0.69678	0.01246	0.02077	0.00831	0.00415	0.00692
7	0.11375	0.01339	0.01730	0.01342	0.01929	0.01203	0.01108	0.03620	0.02124	0.61588	0.02850	0.02493	0.01805	0.00934	0.00748	0.00240	0.00653	0.00742	0.00909	0.01269
8	0.02063	0.01826	0.01823	0.01619	0.02068	0.06049	0.01262	0.08614	0.57954	0.03285	0.02941	0.02726	0.02206	0.01028	0.00783	0.00257	0.00679	0.00841	0.00764	0.01214
9	0.01919	0.01842	0.03147	0.04759	0.67914	0.01842	0.02380	0.02380	0.01765	0.02533	0.01458	0.01919	0.01228	0.00691	0.00768	0.00230	0.00921	0.00691	0.00384	0.01228
10	0.01919	0.01842	0.03147	0.04759	0.67914	0.01842	0.02380	0.02380	0.01765	0.02533	0.01458	0.01919	0.01228	0.00691	0.00768	0.00230	0.00921	0.00691	0.00384	0.01228
11	0.03040	0.09380	0.02327	0.01595	0.02213	0.02035	0.01342	0.37272	0.02931	0.26664	0.02195	0.02067	0.01493	0.00913	0.00748	0.00228	0.00783	0.00697	0.00793	0.01285
12	0.01919	0.01842	0.03147	0.04759	0.67914	0.01842	0.02380	0.02380	0.01765	0.02533	0.01458	0.01919	0.01228	0.00691	0.00768	0.00230	0.00921	0.00691	0.00384	0.01228

[dist]
# distance from previous block
# <min> <max>
5	9

[block]
# block no. 2 follows, 25 sequences, length 102
# corresponding to MSA columns:
# 127-228
name=unknown_C
#
# <colnr> <probs for GDERKNQSTAVLIFYWHMCP>
#	G	D	E	R	K	N	Q	S	T	A	V	L	I	F	Y	W	H	M	C	P
0	0.21118	0.01399	0.01615	0.01297	0.01827	0.01381	0.01062	0.08368	0.04396	0.39325	0.08304	0.02536	0.02113	0.00959	0.00720	0.00240	0.00633	0.00746	0.00813	0.01148
1	0.01919	0.01842	0.03147	0.04759	0.67914	0.01842	0.02380	0.02380	0.01765	0.02533	0.01458	0.01919	0.01228	0.00691	0.00768	0.00230	0.00921	0.00691	0.00384	0.01228
2	0.01089	0.00786	0.01029	0.00981	0.01157	0.00726	0.00731	0.01443	0.02157	0.03049	0.64123	0.09346	0.07199	0.01630	0.00919	0.00248	0.00370	0.01445	0.00846	0.00726
3	0.02742	0.03092	0.02381	0.02420	0.13389	0.45364	0.01641	0.14917	0.02403	0.02578	0.01369	0.01575	0.01099	0.00806	0.00725	0.00211	0.01214	0.00570	0.00469	0.01035
4	0.00933	0.00791	0.00808	0.00817	0.01075	0.00666	0.00621	0.01137	0.01768	0.02106	0.07671	0.07525	0.64512	0.01972	0.00924	0.00266	0.00408	0.04622	0.00720	0.00657
5	0.02898	0.03642	0.02202	0.01990	0.02397	0.67298	0.01497	0.05262	0.02248	0.02002	0.01222	0.01414	0.01010	0.00804	0.00702	0.00201	0.01379	0.00506	0.00413	0.00913
6	0.02994	0.01860	0.02105	0.01640	0.02234	0.01972	0.01346	0.40059	0.10208	0.23772	0.02365	0.02209	0.01615	0.00953	0.00778	0.00238	0.00769	0.00742	0.00832	0.01309
7	0.03156	0.01791	0.09648	0.01552	0.02218	0.01453	0.01402	0.15173	0.02419	0.48884	0.02641	0.02377	0.01698	0.00928	0.00774	0.00239	0.00752	0.00740	0.00852	0.01299
8	0.00945	0.00675	0.00900	0.01080	0.01125	0.00630	0.00720	0.01080	0.01484	0.01979	0.04274	0.72245	0.05128	0.02429	0.00990	0.00315	0.00450	0.02204	0.00720	0.00630
9	0.04869	0.00827	0.01041	0.00978	0.01175	0.00781	0.00737	0.01503	0.02152	0.03127	0.64257	0.05570	0.06999	0.01543	0.00893	0.00244	0.00377	0.01354	0.00835	0.00737
10	0.01916	0.03876	0.58593	0.02410	0.03441	0.01997	0.05070	0.02611	0.01817	0.02709	0.01719	0.02138	0.01331	0.01005	0.01000	0.00315	0.05610	0.00704	0.00455	0.01283
11	0.02138	0.67708	0.03915	0.01380	0.02022	0.08344	0.01340	0.02383	0.01625	0.01830	0.01087	0.01256	0.00995	0.00674	0.00513	0.00169	0.00874	0.00421	0.00337	0.00987
12	0.00923	0.00786	0.00795	0.00793	0.01051	0.00657	0.00594	0.01126	0.01783	0.02133	0.10096	0.07399	0.65334	0.01949	0.00916	0.00261	0.00392	0.01628	0.00725	0.00657
13	0.00918	0.00779	0.00793	0.00804	0.01052	0.00653	0.00597	0.01111	0.01750	0.02087	0.07632	0.11498	0.63708	0.01993	0.00921	0.00265	0.00396	0.01672	0.00720	0.00653
14	0.02930	0.02682	0.02284	0.01855	0.02402	0.24903	0.01482	0.44504	0.03161	0.03886	0.01640	0.01707	0.01212	0.00887	0.00750	0.00222	0.01036	0.00632	0.00650	0.01178
15	0.00945	0.00675	0.00900	0.01080	0.01125	0.00630	0.00720	0.01080	0.01484	0.01979	0.04274	0.72245	0.05128	0.02429	0.00990	0.00315	0.00450	0.02204	0.00720	0.00630
16	0.01745	0.27360	0.43386	0.01967	0.02930	0.02239	0.05673	0.02412	0.01626	0.02243	0.01295	0.01528	0.00997	0.00707	0.00665	0.00219	0.01047	0.00538	0.00332	0.01089
17	0.01555	0.04011	0.68733	0.02210	0.03356	0.01801	0.02865	0.02455	0.01637	0.02455	0.01391	0.01637	0.00982	0.00737	0.00737	0.00246	0.01146	0.00573	0.00327	0.01146
18	0.01092	0.00788	0.01031	0.00979	0.01157	0.00728	0.00731	0.01449	0.02168	0.03066	0.65093	0.08327	0.07232	0.01617	0.00917	0.00247	0.00369	0.01433	0.00848	0.00728
19	0.01873	0.01805	0.03130	0.06652	0.59595	0.01808	0.05985	0.02343	0.01763	0.02504	0.01566	0.02201	0.01346	0.00748	0.00788	0.00238	0.00939	0.03134	0.00396	0.01186
20	0.11173	0.08654	0.48858	0.01975	0.02939	0.01841	0.04369	0.02445	0.01625	0.04914	0.01482	0.01838	0.01117	0.00779	0.00705	0.00243	0.01028	0.02546	0.00384	0.01086
21	0.06698	0.52829	0.18758	0.01511	0.02274	0.02694	0.01650	0.02350	0.01574	0.02073	0.01150	0.01335	0.00982	0.00684	0.00551	0.00189	0.00888	0.00451	0.00340	0.01020
22	0.01249	0.00892	0.01249	0.01428	0.01606	0.00892	0.01249	0.01606	0.01785	0.02320	0.04105	0.08746	0.04462	0.02142	0.01071	0.00357	0.00714	0.62695	0.00714	0.00714
23	0.02745	0.01858	0.05381	0.01542	0.02085	0.10351	0.01285	0.03624	0.21347	0.34371	0.02928	0.02673	0.04253	0.00990	0.00775	0.00243	0.00759	0.00792	0.00793	0.01204
24	0.03203	0.01554	0.01859	0.01471	0.02041	0.04701	0.01197	0.09126	0.10677	0.51232	0.02877	0.02544	0.01880	0.00961	0.00777	0.00240	0.00707	0.00772	0.00894	0.01287
25	0.01079	0.00792	0.01011	0.00956	0.01147	0.00724	0.00717	0.01428	0.02152	0.03008	0.61548	0.05959	0.13336	0.01623	0.00915	0.00246	0.00368	0.01426	0.00840	0.00724
26	0.00974	0.00697	0.00926	0.01060	0.01131	0.00649	0.00722	0.01153	0.01620	0.02195	0.16356	0.59547	0.05546	0.02268	0.00975	0.00301	0.00434	0.02051	0.00745	0.00649
27	0.02493	0.08462	0.07586	0.01613	0.02143	0.14350	0.01388	0.15597	0.06811	0.16957	0.04799	0.06546	0.01918	0.01255	0.04335	0.00284	0.00937	0.00785	0.00651	0.01092
28	0.05280	0.01574	0.01760	0.01465	0.01960	0.04273	0.01178	0.14544	0.16068	0.28819	0.03058	0.06547	0.05309	0.01131	0.00796	0.00251	0.00691	0.03304	0.00817	0.01174
29	0.00945	0.00675	0.00900	0.01080	0.01125	0.00630	0.00720	0.01080	0.01484	0.01979	0.04274	0.72245	0.05128	0.02429	0.00990	0.00315	0.00450	0.02204	0.00720	0.00630
30	0.01976	0.01950	0.03092	0.04598	0.64094	0.05795	0.02328	0.02421	0.01791	0.02496	0.01443	0.01889	0.01215	0.00697	0.00764	0.00229	0.00949	0.00680	0.00385	0.01209
31	0.02000	0.57729	0.16401	0.01517	0.02265	0.04952	0.01627	0.02372	0.01607	0.01948	0.01142	0.01324	0.00993	0.00682	0.00550	0.00182	0.00908	0.00448	0.00333	0.01021
32	0.01903	0.50446	0.25341	0.01617	0.02439	0.02651	0.01833	0.02366	0.01596	0.02032	0.01181	0.01373	0.00991	0.00687	0.00576	0.00192	0.00933	0.00467	0.00330	0.01045
33	0.01124	0.00764	0.00908	0.00908	0.00930	0.00786	0.00548	0.01168	0.01146	0.01550	0.02386	0.04757	0.02681	0.62289	0.14220	0.00829	0.00959	0.01081	0.00461	0.00505
34	0.02426	0.01913	0.02034	0.01679	0.02206	0.02161	0.01348	0.34025	0.35798	0.04046	0.02523	0.02389	0.01855	0.00993	0.00782	0.00248	0.00731	0.00789	0.00782	0.01272
35	0.01464	0.01378	0.02326	0.70887	0.05340	0.01723	0.02153	0.01981	0.01550	0.01981	0.01378	0.02067	0.01034	0.00775	0.00775	0.00258	0.01034	0.00689	0.00345	0.00861
36	0.02908	0.03356	0.02226	0.01950	0.02399	0.54648	0.01493	0.16971	0.02520	0.02564	0.01346	0.01502	0.01070	0.00828	0.00716	0.00207	0.01277	0.00544	0.00483	0.00992
37	0.00945	0.00675	0.00900	0.01080	0.01125	0.00630	0.00720	0.01080	0.01484	0.01979	0.04274	0.72245	0.05128	0.02429	0.00990	0.00315	0.00450	0.02204	0.00720	0.00630
38	0.16528	0.02429	0.02080	0.01699	0.02239	0.19009	0.01365	0.38463	0.02865	0.03889	0.01555	0.01638	0.01153	0.00860	0.00703	0.00226	0.00943	0.00598	0.00629	0.01128
39	0.00932	0.00778	0.00803	0.00812	0.01048	0.00659	0.00598	0.01123	0.01740	0.02099	0.09414	0.11352	0.59267	0.04640	0.01035	0.00283	0.00409	0.01645	0.00715	0.00649
40	0.01464	0.01378	0.02326	0.70887	0.05340	0.01723	0.02153	0.01981	0.01550	0.01981	0.01378	0.02067	0.01034	0.00775	0.00775	0.00258	0.01034	0.00689	0.00345	0.00861
41	0.01929	0.01666	0.01753	0.01578	0.02016	0.01929	0.01227	0.04120	0.66513	0.03243	0.03156	0.02893	0.02367	0.01052	0.00789	0.00263	0.00614	0.00877	0.00789	0.01227
42	0.02905	0.02169	0.02413	0.01841	0.02467	0.02388	0.03901	0.62931	0.03576	0.04795	0.01850	0.01870	0.01313	0.00920	0.00781	0.00234	0.00871	0.00706	0.00761	0.01308
43	0.01850	0.01398	0.01646	0.01210	0.01861	0.01120	0.00969	0.06329	0.01798	0.08968	0.01685	0.04492	0.01390	0.00708	0.00624	0.00143	0.00596	0.00574	0.00539	0.62101
44	0.78228	0.01499	0.01140	0.01020	0.01499	0.01739	0.00840	0.02279	0.01320	0.03479	0.01080	0.01260	0.00840	0.00720	0.00480	0.00240	0.00600	0.00420	0.00480	0.00840
45	0.03354	0.01349	0.01800	0.01387	0.01972	0.01197	0.01143	0.07277	0.02301	0.62184	0.05515	0.02717	0.02096	0.00982	0.00785	0.00240	0.00660	0.00799	0.00945	0.01296
46	0.00945	0.00675	0.00900	0.01080	0.01125	0.00630	0.00720	0.01080	0.01484	0.01979	0.04274	0.72245	0.05128	0.02429	0.00990	0.00315	0.00450	0.02204	0.00720	0.00630
47	0.02073	0.73217	0.04063	0.01327	0.01990	0.03068	0.01327	0.02322	0.01575	0.01824	0.01078	0.01244	0.00995	0.00663	0.00498	0.00166	0.00829	0.00415	0.00332	0.00995
48	0.01696	0.01696	0.02375	0.02036	0.02036	0.02375	0.01696	0.01866	0.01187	0.01866	0.01018	0.01696	0.01018	0.01357	0.02545	0.00339	0.71332	0.00679	0.00339	0.00848
49	0.00923	0.00786	0.00795	0.00792	0.01051	0.00657	0.00594	0.01126	0.01783	0.02132	0.10061	0.07400	0.65370	0.01950	0.00916	0.00261	0.00392	0.01628	0.00725	0.00657
50	0.01394	0.01160	0.01272	0.01192	0.01453	0.04407	0.00914	0.02203	0.18372	0.02989	0.41543	0.05091	0.08739	0.01462	0.00881	0.00254	0.00499	0.04516	0.00801	0.00860
51	0.01097	0.00793	0.01036	0.00975	0.01158	0.00732	0.00732	0.01463	0.02195	0.03109	0.67505	0.05792	0.07316	0.01585	0.00914	0.00244	0.00366	0.01402	0.00854	0.00732
52	0.02336	0.01766	0.01912	0.01602	0.02115	0.01960	0.01277	0.21133	0.40913	0.09329	0.02719	0.02534	0.01989	0.00992	0.00776	0.00247	0.00683	0.00803	0.00788	0.04126
53	0.01929	0.01666	0.01753	0.01578	0.02016	0.01929	0.01227	0.04120	0.66513	0.03243	0.03156	0.02893	0.02367	0.01052	0.00789	0.00263	0.00614	0.00877	0.00789	0.01227
54	0.01906	0.01790	0.05081	0.09833	0.26204	0.01700	0.18296	0.02519	0.05805	0.07252	0.01748	0.02110	0.01342	0.00735	0.00782	0.00234	0.00948	0.00748	0.04437	0.06530
55	0.02138	0.61132	0.07618	0.01456	0.02117	0.10702	0.01436	0.02419	0.01651	0.01870	0.01110	0.01285	0.00995	0.00683	0.00535	0.00174	0.00914	0.00434	0.00339	0.00993
56	0.78228	0.01499	0.01140	0.01020	0.01499	0.01739	0.00840	0.02279	0.01320	0.03479	0.01080	0.01260	0.00840	0.00720	0.00480	0.00240	0.00600	0.00420	0.00480	0.00840
57	0.01919	0.01842	0.03147	0.04759	0.67914	0.01842	0.02380	0.02380	0.01765	0.02533	0.01458	0.01919	0.01228	0.00691	0.00768	0.00230	0.00921	0.00691	0.00384	0.01228
58	0.01124	0.00756	0.00868	0.00861	0.00882	0.00749	0.00500	0.01166	0.01251	0.01689	0.09976	0.05157	0.03340	0.64511	0.03595	0.00693	0.00707	0.01159	0.00514	0.00500
59	0.01608	0.01378	0.01608	0.01148	0.01837	0.01034	0.00919	0.01952	0.01608	0.02527	0.01378	0.01608	0.01148	0.00574	0.00574	0.00115	0.00574	0.00459	0.00459	0.77491
60	0.00945	0.00675	0.00900	0.01080	0.01125	0.00630	0.00720	0.01080	0.01484	0.01979	0.04274	0.72245	0.05128	0.02429	0.00990	0.00315	0.00450	0.02204	0.00720	0.00630
61	0.02717	0.03355	0.02372	0.02505	0.14446	0.57170	0.01660	0.02964	0.02118	0.02014	0.01246	0.01494	0.01041	0.00779	0.00712	0.00205	0.01311	0.00535	0.00397	0.00959
62	0.01808	0.02168	0.07781	0.03141	0.03899	0.01977	0.58167	0.02446	0.01783	0.02446	0.01527	0.02045	0.01157	0.00699	0.01001	0.00265	0.05382	0.00883	0.00386	0.01039
63	0.00945	0.00675	0.00900	0.01080	0.01125	0.00630	0.00720	0.01080	0.01484	0.01979	0.04274	0.72245	0.05128	0.02429	0.00990	0.00315	0.00450	0.02204	0.00720	0.00630
64	0.78228	0.01499	0.01140	0.01020	0.01499	0.01739	0.00840	0.02279	0.01320	0.03479	0.01080	0.01260	0.00840	0.00720	0.00480	0.00240	0.00600	0.00420	0.00480	0.00840
65	0.01830	0.02092	0.04575	0.03268	0.04052	0.01961	0.65098	0.02484	0.01830	0.02484	0.01569	0.02092	0.01176	0.00654	0.00915	0.00261	0.01307	0.00915	0.00392	0.01046
66	0.00946	0.00787	0.00826	0.00816	0.01065	0.00667	0.00612	0.01169	0.01836	0.02258	0.17460	0.07193	0.57892	0.01903	0.00916	0.00259	0.00388	0.01599	0.00742	0.00667
67	0.02947	0.02172	0.02327	0.01784	0.02404	0.02404	0.01474	0.65329	0.03646	0.04887	0.01862	0.01862	0.01319	0.00931	0.00776	0.00233	0.00853	0.00698	0.00776	0.01319
68	0.01249	0.00892	0.01249	0.01428	0.01606	0.00892	0.01249	0.01606	0.01785	0.02320	0.04105	0.08746	0.04462	0.02142	0.01071	0.00357	0.00714	0.62695	0.00714	0.00714
69	0.01919	0.01842	0.03147	0.04759	0.67914	0.01842	0.02380	0.02380	0.01765	0.02533	0.01458	0.01919	0.01228	0.00691	0.00768	0.00230	0.00921	0.00691	0.00384	0.01228
70	0.02947	0.02172	0.02327	0.01784	0.02404	0.02404	0.01474	0.65329	0.03646	0.04887	0.01862	0.01862	0.01319	0.00931	0.00776	0.00233	0.00853	0.00698	0.00776	0.01319
71	0.01779	0.01543	0.01696	0.01239	0.01911	0.03935	0.00992	0.07636	0.01813	0.02711	0.01414	0.01622	0.01158	0.00615	0.00597	0.00129	0.00632	0.00482	0.00485	0.67612
72	0.01816	0.02050	0.04343	0.03138	0.03840	0.02004	0.58412	0.02419	0.01762	0.02419	0.01511	0.02050	0.01160	0.00728	0.01087	0.00270	0.08692	0.00890	0.00387	0.01025
73	0.00960	0.00687	0.00914	0.01069	0.01128	0.00640	0.00721	0.01118	0.01556	0.02094	0.10667	0.65525	0.05349	0.02344	0.00982	0.00308	0.00441	0.02123	0.00733	0.00640
74	0.00920	0.00772	0.00799	0.00821	0.01057	0.00652	0.00605	0.01109	0.01733	0.02081	0.07423	0.15279	0.60062	0.02020	0.00925	0.00268	0.00400	0.01705	0.00720	0.00652
75	0.01127	0.00825	0.01084	0.01152	0.01333	0.00783	0.00933	0.01450	0.01910	0.02554	0.27818	0.12279	0.13842	0.01936	0.00987	0.00300	0.00524	0.27690	0.00766	0.00706
76	0.01057	0.00791	0.00980	0.00933	0.01133	0.00714	0.00699	0.01384	0.02098	0.02880	0.54037	0.06169	0.20926	0.01671	0.00915	0.00248	0.00372	0.01455	0.00823	0.00714
77	0.02896	0.03695	0.02197	0.01998	0.02397	0.69638	0.01498	0.03096	0.02197	0.01898	0.01199	0.01398	0.00999	0.00799	0.00699	0.00200	0.01398	0.00499	0.00400	0.00899
78	0.01249	0.00892	0.01249	0.01428	0.01606	0.00892	0.01249	0.01606	0.01785	0.02320	0.04105	0.08746	0.04462	0.02142	0.01071	0.00357	0.00714	0.62695	0.00714	0.00714
79	0.02573	0.01897	0.02050	0.01668	0.02212	0.02109	0.01346	0.35397	0.29266	0.09251	0.02486	0.02345	0.01795	0.00983	0.00781	0.00246	0.00740	0.00778	0.00796	0.01281
80	0.25615	0.02019	0.01945	0.01551	0.02117	0.05654	0.01273	0.40986	0.02821	0.06514	0.01633	0.01683	0.01179	0.00861	0.00683	0.00233	0.00799	0.00607	0.00673	0.01153
81	0.01406	0.00989	0.01162	0.01077	0.01204	0.01055	0.00733	0.11155	0.01544	0.02093	0.02274	0.04139	0.02397	0.47219	0.17572	0.00777	0.01052	0.00997	0.00506	0.00649
82	0.01608	0.01378	0.01608	0.01148	0.01837	0.01034	0.00919	0.01952	0.01608	0.02527	0.01378	0.01608	0.01148	0.00574	0.00574	0.00115	0.00574	0.00459	0.00459	0.77491
83	0.01555	0.04011	0.68733	0.02210	0.03356	0.01801	0.02865	0.02455	0.01637	0.02455	0.01391	0.01637	0.00982	0.00737	0.00737	0.00246	0.01146	0.00573	0.00327	0.01146
84	0.02945	0.01202	0.01629	0.01289	0.01795	0.01048	0.01048	0.03260	0.02214	0.53817	0.17492	0.03345	0.03128	0.01100	0.00810	0.00241	0.00594	0.00919	0.00936	0.01188
85	0.01732	0.01488	0.01649	0.01505	0.01859	0.01715	0.01186	0.03363	0.47540	0.02992	0.08903	0.03718	0.06636	0.01250	0.00966	0.00274	0.06190	0.05197	0.00750	0.01086
86	0.05511	0.01459	0.04114	0.06903	0.02245	0.01314	0.01259	0.06926	0.05515	0.44843	0.06874	0.02646	0.02091	0.00959	0.00769	0.00238	0.00691	0.00782	0.00827	0.04034
87	0.09402	0.01334	0.01747	0.01351	0.01941	0.01187	0.01116	0.03660	0.02148	0.63302	0.02902	0.02530	0.01834	0.00941	0.00756	0.00240	0.00655	0.00751	0.00922	0.01282
88	0.03167	0.01288	0.01732	0.01333	0.01912	0.01103	0.01094	0.03475	0.02169	0.58738	0.07353	0.02774	0.02229	0.00972	0.00773	0.00230	0.00633	0.00797	0.00913	0.07316
89	0.02132	0.01503	0.01784	0.01716	0.07125	0.01617	0.01240	0.03585	0.40674	0.16078	0.10988	0.03125	0.02802	0.01071	0.00801	0.00253	0.00616	0.00908	0.00799	0.01184
90	0.01546	0.01429	0.02328	0.64810	0.05067	0.01782	0.02102	0.05074	0.01639	0.02119	0.01388	0.02043	0.01047	0.00806	0.00845	0.00260	0.03780	0.00689	0.00365	0.00883
91	0.03442	0.01378	0.01835	0.01407	0.02008	0.01226	0.01162	0.07984	0.02317	0.64108	0.02977	0.02586	0.01878	0.00958	0.00779	0.00239	0.00673	0.00774	0.00947	0.01319
92	0.00957	0.00684	0.00911	0.01071	0.01127	0.00638	0.00721	0.01110	0.01541	0.02069	0.09284	0.66978	0.05302	0.02362	0.00984	0.00309	0.00443	0.02141	0.00730	0.00638
93	0.01515	0.01463	0.02574	0.62105	0.07180	0.01750	0.08401	0.02043	0.01585	0.02048	0.01400	0.02065	0.01054	0.00760	0.00789	0.00258	0.01057	0.00712	0.00350	0.00891
94	0.01577	0.10447	0.54797	0.07527	0.03302	0.01878	0.02584	0.02357	0.01619	0.02340	0.01460	0.04085	0.01132	0.00791	0.00725	0.00241	0.01082	0.00623	0.00343	0.01091
95	0.02763	0.02021	0.02160	0.01683	0.02257	0.02236	0.01382	0.56462	0.07143	0.04624	0.01993	0.02008	0.01435	0.00936	0.00757	0.00230	0.00798	0.00711	0.07138	0.01264
96	0.05868	0.02115	0.02167	0.01704	0.02257	0.06160	0.01386	0.54049	0.03258	0.04375	0.01750	0.01849	0.01283	0.01054	0.00938	0.06350	0.00860	0.00673	0.00707	0.01197
97	0.01365	0.00980	0.01313	0.01434	0.01640	0.00996	0.01234	0.06623	0.01914	0.02503	0.03938	0.12156	0.04255	0.02064	0.01042	0.00345	0.00709	0.54014	0.00719	0.00757
98	0.13617	0.02779	0.06110	0.10351	0.14738	0.35278	0.01719	0.02677	0.01880	0.02291	0.01261	0.01565	0.01021	0.00761	0.00690	0.00221	0.01135	0.00549	0.00398	0.00961
99	0.00957	0.00684	0.00911	0.01071	0.01127	0.00638	0.00721	0.01110	0.01541	0.02069	0.09284	0.66978	0.05302	0.02362	0.00984	0.00309	0.00443	0.02141	0.00730	0.00638
100	0.02781	0.03460	0.02080	0.01896	0.02279	0.64177	0.01422	0.02994	0.02152	0.01976	0.01304	0.01517	0.01077	0.00807	0.00687	0.00198	0.01316	0.00517	0.06474	0.00885
101	0.01714	0.01441	0.01665	0.01199	0.01882	0.01142	0.00963	0.06975	0.01769	0.02714	0.01416	0.01628	0.01162	0.00602	0.00590	0.00124	0.00596	0.00478	0.00484	0.71454

[dist]
# distance from previous block
# <min> <max>
0	3

[block]
# block no. 3 follows, 25 sequences, length 88
# corresponding to MSA columns:
# 232-319
name=unknown_D
#
# <colnr> <probs for GDERKNQSTAVLIFYWHMCP>
#	G	D	E	R	K	N	Q	S	T	A	V	L	I	F	Y	W	H	M	C	P
0	0.74182	0.01632	0.04706	0.01082	0.01597	0.01743	0.00947	0.02289	0.01336	0.03425	0.01096	0.01279	0.00847	0.00721	0.00493	0.00240	0.00629	0.00428	0.00472	0.00856
1	0.02131	0.01766	0.01867	0.01619	0.02093	0.02023	0.01276	0.16298	0.54005	0.03570	0.02898	0.02688	0.02158	0.01028	0.00786	0.00257	0.00661	0.00841	0.00786	0.01245
2	0.00935	0.00786	0.00811	0.00805	0.01059	0.00663	0.00604	0.01149	0.01812	0.02200	0.14036	0.07289	0.61353	0.01924	0.00916	0.00260	0.00390	0.01612	0.00734	0.00663
3	0.00937	0.00786	0.00815	0.00807	0.01060	0.00663	0.00606	0.01153	0.01817	0.02212	0.14757	0.07269	0.60624	0.01920	0.00916	0.00260	0.00390	0.01609	0.00735	0.00663
4	0.01674	0.01592	0.02705	0.40370	0.34217	0.01778	0.02258	0.02165	0.01650	0.02236	0.01415	0.01999	0.01123	0.00736	0.00772	0.00245	0.00982	0.00690	0.00363	0.01031
5	0.01097	0.00793	0.01036	0.00975	0.01158	0.00732	0.00732	0.01463	0.02195	0.03109	0.67505	0.05792	0.07316	0.01585	0.00914	0.00244	0.00366	0.01402	0.00854	0.00732
6	0.01691	0.01376	0.01616	0.01159	0.01844	0.01038	0.00929	0.02033	0.01635	0.05447	0.01453	0.01653	0.01183	0.00591	0.00583	0.00120	0.00578	0.00474	0.00482	0.74117
7	0.01031	0.00788	0.00932	0.00897	0.01100	0.00704	0.00664	0.01314	0.01978	0.02644	0.41701	0.06380	0.29687	0.05482	0.01075	0.00277	0.00396	0.01476	0.00783	0.00689
8	0.01608	0.01378	0.01608	0.01148	0.01837	0.01034	0.00919	0.01952	0.01608	0.02527	0.01378	0.01608	0.01148	0.00574	0.00574	0.00115	0.00574	0.00459	0.00459	0.77491
9	0.01880	0.01634	0.02721	0.06724	0.51072	0.01634	0.02092	0.02306	0.01772	0.06610	0.01968	0.06361	0.01792	0.00948	0.00811	0.00249	0.00864	0.06957	0.00469	0.01136
10	0.01097	0.00793	0.01036	0.00975	0.01158	0.00732	0.00732	0.01463	0.02195	0.03109	0.67505	0.05792	0.07316	0.01585	0.00914	0.00244	0.00366	0.01402	0.00854	0.00732
11	0.01977	0.01690	0.01781	0.01588	0.02035	0.01951	0.01239	0.07054	0.63499	0.03322	0.03094	0.02843	0.02317	0.01046	0.00788	0.00262	0.00625	0.00868	0.00788	0.01232
12	0.01464	0.01378	0.02326	0.70887	0.05340	0.01723	0.02153	0.01981	0.01550	0.01981	0.01378	0.02067	0.01034	0.00775	0.00775	0.00258	0.01034	0.00689	0.00345	0.00861
13	0.01555	0.04011	0.68733	0.02210	0.03356	0.01801	0.02865	0.02455	0.01637	0.02455	0.01391	0.01637	0.00982	0.00737	0.00737	0.00246	0.01146	0.00573	0.00327	0.01146
14	0.01696	0.01696	0.02375	0.02036	0.02036	0.02375	0.01696	0.01866	0.01187	0.01866	0.01018	0.01696	0.01018	0.01357	0.02545	0.00339	0.71332	0.00679	0.00339	0.00848
15	0.01464	0.01378	0.02326	0.70887	0.05340	0.01723	0.02153	0.01981	0.01550	0.01981	0.01378	0.02067	0.01034	0.00775	0.00775	0.00258	0.01034	0.00689	0.00345	0.00861
16	0.01555	0.04011	0.68733	0.02210	0.03356	0.01801	0.02865	0.02455	0.01637	0.02455	0.01391	0.01637	0.00982	0.00737	0.00737	0.00246	0.01146	0.00573	0.00327	0.01146
17	0.02896	0.03695	0.02197	0.01998	0.02397	0.69638	0.01498	0.03096	0.02197	0.01898	0.01199	0.01398	0.00999	0.00799	0.00699	0.00200	0.01398	0.00499	0.00400	0.00899
18	0.00945	0.00675	0.00900	0.01080	0.01125	0.00630	0.00720	0.01080	0.01484	0.01979	0.04274	0.72245	0.05128	0.02429	0.00990	0.00315	0.00450	0.02204	0.00720	0.00630
19	0.03018	0.01349	0.01726	0.01366	0.01901	0.01260	0.01113	0.08488	0.08034	0.49341	0.07630	0.02842	0.02307	0.01008	0.00778	0.00239	0.00634	0.00824	0.04904	0.01237
20	0.01890	0.01813	0.03095	0.08922	0.63975	0.01835	0.02365	0.02354	0.01752	0.02498	0.01453	0.01928	0.01216	0.00696	0.00768	0.00232	0.00928	0.00691	0.00381	0.01205
21	0.01033	0.00761	0.00976	0.01110	0.01196	0.00738	0.00760	0.01344	0.06577	0.02163	0.09013	0.61800	0.05081	0.02258	0.00968	0.00305	0.00456	0.02040	0.00735	0.00684
22	0.03479	0.01320	0.01799	0.01380	0.01979	0.01140	0.01140	0.03779	0.02219	0.68451	0.03059	0.02639	0.01919	0.00960	0.00780	0.00240	0.00660	0.00780	0.00960	0.01320
23	0.01919	0.01842	0.03147	0.04759	0.67914	0.01842	0.02380	0.02380	0.01765	0.02533	0.01458	0.01919	0.01228	0.00691	0.00768	0.00230	0.00921	0.00691	0.00384	0.01228
24	0.01787	0.02391	0.14595	0.03103	0.03944	0.01936	0.55379	0.02479	0.01800	0.02479	0.01541	0.02021	0.01146	0.00667	0.00887	0.00259	0.01282	0.00862	0.00382	0.01061
25	0.01084	0.00733	0.00859	0.00902	0.00912	0.00723	0.00529	0.01116	0.01213	0.01617	0.02880	0.21114	0.03370	0.55958	0.03240	0.00647	0.00680	0.01385	0.00529	0.00508
26	0.11720	0.02033	0.02138	0.01668	0.02262	0.02251	0.01374	0.52360	0.06513	0.07202	0.01884	0.01875	0.01340	0.00913	0.00742	0.00235	0.00804	0.00678	0.00749	0.01258
27	0.02758	0.03465	0.02218	0.02002	0.02355	0.61884	0.01521	0.02954	0.02081	0.01894	0.01178	0.01433	0.01001	0.00863	0.00912	0.00216	0.09460	0.00520	0.00393	0.00893
28	0.01919	0.01842	0.03147	0.04759	0.67914	0.01842	0.02380	0.02380	0.01765	0.02533	0.01458	0.01919	0.01228	0.00691	0.00768	0.00230	0.00921	0.00691	0.00384	0.01228
29	0.03433	0.01394	0.01845	0.01415	0.02016	0.01250	0.01169	0.09133	0.02343	0.62921	0.02955	0.02571	0.01867	0.00957	0.00779	0.00239	0.00677	0.00773	0.00944	0.01319
30	0.01919	0.01842	0.03147	0.04759	0.67914	0.01842	0.02380	0.02380	0.01765	0.02533	0.01458	0.01919	0.01228	0.00691	0.00768	0.00230	0.00921	0.00691	0.00384	0.01228
31	0.01835	0.41449	0.33749	0.01732	0.02617	0.02486	0.02033	0.02383	0.01604	0.02114	0.01222	0.01424	0.00989	0.00697	0.00607	0.00202	0.00975	0.00487	0.00330	0.01064
32	0.02947	0.02172	0.02327	0.01784	0.02404	0.02404	0.01474	0.65329	0.03646	0.04887	0.01862	0.01862	0.01319	0.00931	0.00776	0.00233	0.00853	0.00698	0.00776	0.01319
33	0.00976	0.00699	0.00928	0.01058	0.01131	0.00651	0.00722	0.01158	0.01630	0.02210	0.17185	0.58676	0.05575	0.02257	0.00974	0.00300	0.00433	0.02040	0.00747	0.00651
34	0.01464	0.01378	0.02326	0.70887	0.05340	0.01723	0.02153	0.01981	0.01550	0.01981	0.01378	0.02067	0.01034	0.00775	0.00775	0.00258	0.01034	0.00689	0.00345	0.00861
35	0.01677	0.01564	0.02567	0.45565	0.23265	0.01816	0.02168	0.05129	0.01699	0.02276	0.01410	0.01999	0.01103	0.00782	0.00844	0.00252	0.03828	0.00690	0.00376	0.00989
36	0.01097	0.00793	0.01036	0.00975	0.01158	0.00732	0.00732	0.01463	0.02195	0.03109	0.67505	0.05792	0.07316	0.01585	0.00914	0.00244	0.00366	0.01402	0.00854	0.00732
37	0.01464	0.01378	0.02326	0.70887	0.05340	0.01723	0.02153	0.01981	0.01550	0.01981	0.01378	0.02067	0.01034	0.00775	0.00775	0.00258	0.01034	0.00689	0.00345	0.00861
38	0.02775	0.02044	0.02199	0.01730	0.02315	0.02267	0.01415	0.51438	0.15470	0.06978	0.02151	0.02086	0.01539	0.00955	0.00778	0.00239	0.00801	0.00735	0.00785	0.01301
39	0.10357	0.07733	0.02219	0.01841	0.02283	0.53404	0.01420	0.07849	0.02184	0.02285	0.01231	0.01411	0.01008	0.00793	0.00671	0.00204	0.01240	0.00502	0.00433	0.00932
40	0.03440	0.01382	0.01838	0.01409	0.02010	0.01232	0.01164	0.08270	0.02323	0.63813	0.02972	0.02582	0.01875	0.00958	0.00779	0.00239	0.00674	0.00774	0.00946	0.01319
41	0.01276	0.00949	0.01125	0.01123	0.01312	0.00841	0.00804	0.01469	0.02054	0.02796	0.37158	0.21096	0.20840	0.01988	0.01024	0.00307	0.00482	0.01679	0.00858	0.00818
42	0.06763	0.02007	0.01962	0.01617	0.02146	0.11725	0.01294	0.21313	0.18788	0.20697	0.02365	0.02227	0.01669	0.00939	0.00753	0.00238	0.00808	0.00721	0.00757	0.01210
43	0.01825	0.02012	0.04166	0.05484	0.08767	0.01957	0.52633	0.02523	0.05178	0.02488	0.01617	0.02105	0.01232	0.00707	0.00951	0.00262	0.03747	0.00880	0.00409	0.01056
44	0.01249	0.00813	0.01071	0.01022	0.01214	0.00745	0.00760	0.01573	0.02081	0.07774	0.52440	0.16365	0.06560	0.01676	0.00917	0.00255	0.00401	0.01486	0.00840	0.00759
45	0.01919	0.01842	0.03147	0.04759	0.67914	0.01842	0.02380	0.02380	0.01765	0.02533	0.01458	0.01919	0.01228	0.00691	0.00768	0.00230	0.00921	0.00691	0.00384	0.01228
46	0.01861	0.01783	0.03043	0.13155	0.59970	0.01827	0.02351	0.02329	0.01738	0.02463	0.01448	0.01938	0.01203	0.00702	0.00769	0.00234	0.00935	0.00691	0.00379	0.01182
47	0.03066	0.01570	0.01911	0.01488	0.02057	0.01550	0.01221	0.23722	0.05003	0.40314	0.07621	0.02636	0.02154	0.01002	0.00789	0.00239	0.00699	0.00804	0.00885	0.01271
48	0.01919	0.01842	0.03147	0.04759	0.67914	0.01842	0.02380	0.02380	0.01765	0.02533	0.01458	0.01919	0.01228	0.00691	0.00768	0.00230	0.00921	0.00691	0.00384	0.01228
49	0.01703	0.23815	0.50227	0.01957	0.02965	0.02163	0.02425	0.02417	0.01619	0.02275	0.01302	0.01524	0.00986	0.00716	0.00668	0.00223	0.01055	0.00528	0.00329	0.01103
50	0.57258	0.01551	0.01349	0.01172	0.01664	0.01762	0.00956	0.06617	0.10566	0.08455	0.01566	0.01628	0.01163	0.00797	0.00564	0.00243	0.00622	0.00528	0.00578	0.00960
51	0.01513	0.01450	0.01845	0.01589	0.01770	0.07453	0.05560	0.01816	0.01822	0.02530	0.34158	0.03735	0.04161	0.01373	0.01459	0.00274	0.25042	0.01039	0.00604	0.00808
52	0.02947	0.02172	0.02327	0.01784	0.02404	0.02404	0.01474	0.65329	0.03646	0.04887	0.01862	0.01862	0.01319	0.00931	0.00776	0.00233	0.00853	0.00698	0.00776	0.01319
53	0.01576	0.06755	0.66169	0.02175	0.03302	0.01851	0.02804	0.02450	0.01635	0.02430	0.01379	0.01621	0.00983	0.00734	0.00727	0.00242	0.01133	0.00567	0.00328	0.01140
54	0.02073	0.73217	0.04063	0.01327	0.01990	0.03068	0.01327	0.02322	0.01575	0.01824	0.01078	0.01244	0.00995	0.00663	0.00498	0.00166	0.00829	0.00415	0.00332	0.00995
55	0.01880	0.01623	0.01707	0.01540	0.01970	0.01867	0.01197	0.03976	0.63409	0.03188	0.03381	0.03112	0.05494	0.01096	0.00795	0.00263	0.00603	0.00913	0.00786	0.01200
56	0.00938	0.00762	0.00832	0.00866	0.01074	0.00656	0.00630	0.01135	0.01741	0.02156	0.12145	0.21577	0.48719	0.02034	0.00932	0.00272	0.00403	0.01741	0.00731	0.00656
57	0.01522	0.01426	0.02319	0.52567	0.07763	0.01796	0.02021	0.01939	0.01475	0.01962	0.01318	0.02008	0.01054	0.00955	0.01179	0.03619	0.13189	0.00687	0.00345	0.00855
58	0.00943	0.00680	0.00894	0.01066	0.01121	0.00631	0.00714	0.01081	0.01498	0.01985	0.04443	0.69178	0.08086	0.02407	0.00986	0.00312	0.00447	0.02177	0.00720	0.00631
59	0.01000	0.00789	0.00901	0.00873	0.01098	0.00690	0.00655	0.01274	0.01964	0.02562	0.35346	0.06692	0.39816	0.01789	0.00916	0.00254	0.00380	0.01528	0.00782	0.00690
60	0.01555	0.04011	0.68733	0.02210	0.03356	0.01801	0.02865	0.02455	0.01637	0.02455	0.01391	0.01637	0.00982	0.00737	0.00737	0.00246	0.01146	0.00573	0.00327	0.01146
61	0.01909	0.01871	0.03312	0.04587	0.60552	0.01856	0.09610	0.02392	0.01773	0.02527	0.01471	0.01939	0.01222	0.00687	0.00785	0.00234	0.00966	0.00717	0.00385	0.01207
62	0.01823	0.02071	0.04460	0.03203	0.03947	0.01982	0.61780	0.02451	0.01796	0.02451	0.01540	0.02071	0.01168	0.00690	0.01000	0.00266	0.04972	0.00903	0.00389	0.01035
63	0.00968	0.00787	0.00856	0.00839	0.01079	0.00676	0.00629	0.01212	0.01888	0.02381	0.24701	0.06990	0.50574	0.01857	0.00916	0.00257	0.00385	0.01570	0.00758	0.00676
64	0.05225	0.05151	0.04401	0.03084	0.03850	0.01999	0.59486	0.02468	0.01796	0.02499	0.01526	0.02018	0.01154	0.00657	0.00878	0.00256	0.01255	0.00871	0.00393	0.01034
65	0.01788	0.02024	0.04400	0.03164	0.03913	0.01897	0.62025	0.02417	0.01814	0.02460	0.01698	0.05440	0.01365	0.00738	0.00919	0.00264	0.01266	0.00977	0.00408	0.01026
66	0.01222	0.00878	0.01215	0.01388	0.01562	0.00871	0.01199	0.01562	0.01769	0.02295	0.04245	0.11931	0.06711	0.02150	0.01061	0.00352	0.00689	0.57477	0.00714	0.00708
67	0.02895	0.01441	0.01795	0.01468	0.01997	0.01412	0.01204	0.10271	0.15375	0.42088	0.03049	0.03187	0.02187	0.01088	0.00809	0.00255	0.00676	0.06677	0.00882	0.01243
68	0.02033	0.67895	0.09036	0.01395	0.02095	0.02971	0.01445	0.02332	0.01580	0.01873	0.01102	0.01274	0.00994	0.00669	0.00516	0.00172	0.00854	0.00427	0.00331	0.01007
69	0.11331	0.08668	0.04470	0.01710	0.02255	0.23851	0.01414	0.24551	0.05573	0.06700	0.01602	0.01674	0.01204	0.00842	0.00693	0.00219	0.00986	0.00587	0.00579	0.01092
70	0.01080	0.00831	0.01011	0.01013	0.01166	0.00828	0.00753	0.01277	0.01546	0.02013	0.10358	0.05898	0.26158	0.19066	0.13965	0.00563	0.03356	0.07876	0.00605	0.00639
71	0.02855	0.01427	0.01763	0.01431	0.01959	0.01403	0.01155	0.06671	0.20916	0.42432	0.07064	0.02873	0.02358	0.01024	0.00791	0.00247	0.00637	0.00843	0.00895	0.01256
72	0.02683	0.01272	0.01633	0.01323	0.01797	0.01190	0.01065	0.08767	0.06364	0.40824	0.18122	0.05835	0.03275	0.01163	0.00819	0.00244	0.00598	0.00976	0.00899	0.01151
73	0.02032	0.67679	0.09238	0.01397	0.02099	0.02967	0.01450	0.02332	0.01580	0.01875	0.01103	0.01275	0.00994	0.00669	0.00517	0.00172	0.00855	0.00427	0.00331	0.01007
74	0.00958	0.00784	0.00847	0.00851	0.01086	0.00673	0.00639	0.01184	0.01825	0.02266	0.17617	0.10513	0.52436	0.01929	0.00924	0.00264	0.00400	0.03392	0.00742	0.00668
75	0.02018	0.65859	0.10939	0.01421	0.02135	0.02933	0.01490	0.02336	0.01582	0.01891	0.01111	0.01286	0.00994	0.00671	0.00523	0.00174	0.00863	0.00431	0.00331	0.01011
76	0.01940	0.01907	0.03047	0.08781	0.60643	0.05283	0.02321	0.02391	0.01774	0.02466	0.01440	0.01902	0.01204	0.00702	0.00765	0.00230	0.00952	0.00681	0.00382	0.01188
77	0.01723	0.01920	0.04129	0.03002	0.03697	0.01799	0.57288	0.02313	0.01788	0.02422	0.01897	0.10602	0.01656	0.00869	0.00924	0.00268	0.01203	0.01071	0.00432	0.00995
78	0.00974	0.00681	0.00896	0.01059	0.01115	0.00638	0.00712	0.01128	0.01517	0.02064	0.06492	0.66515	0.05058	0.02326	0.00966	0.00306	0.00443	0.02104	0.04368	0.00638
79	0.03410	0.01335	0.01797	0.01388	0.01981	0.01175	0.01143	0.03794	0.05067	0.65563	0.03063	0.02650	0.01939	0.00964	0.00780	0.00241	0.00658	0.00784	0.00952	0.01315
80	0.02650	0.01344	0.01661	0.01370	0.01856	0.01307	0.01097	0.06655	0.17111	0.38218	0.08517	0.06452	0.05919	0.01151	0.00809	0.00250	0.00612	0.00959	0.00878	0.01184
81	0.01919	0.01842	0.03147	0.04759	0.67914	0.01842	0.02380	0.02380	0.01765	0.02533	0.01458	0.01919	0.01228	0.00691	0.00768	0.00230	0.00921	0.00691	0.00384	0.01228
82	0.02022	0.01667	0.01772	0.01576	0.02026	0.01911	0.01231	0.05933	0.62008	0.05959	0.03113	0.02852	0.02317	0.01045	0.00788	0.00261	0.00623	0.00867	0.00796	0.01234
83	0.01919	0.01842	0.03147	0.04759	0.67914	0.01842	0.02380	0.02380	0.01765	0.02533	0.01458	0.01919	0.01228	0.00691	0.00768	0.00230	0.00921	0.00691	0.00384	0.01228
84	0.01633	0.03902	0.66034	0.02176	0.03300	0.01774	0.02795	0.02509	0.01660	0.05117	0.01459	0.01677	0.01020	0.00746	0.00738	0.00245	0.01126	0.00581	0.00353	0.01153
85	0.00945	0.00675	0.00900	0.01080	0.01125	0.00630	0.00720	0.01080	0.01484	0.01979	0.04274	0.72245	0.05128	0.02429	0.00990	0.00315	0.00450	0.02204	0.00720	0.00630
86	0.00945	0.00675	0.00900	0.01080	0.01125	0.00630	0.00720	0.01080	0.01484	0.01979	0.04274	0.72245	0.05128	0.02429	0.00990	0.00315	0.00450	0.02204	0.00720	0.00630
87	0.78228	0.01499	0.01140	0.01020	0.01499	0.01739	0.00840	0.02279	0.01320	0.03479	0.01080	0.01260	0.00840	0.00720	0.00480	0.00240	0.00600	0.00420	0.00480	0.00840

[dist]
# distance from previous block
# <min> <max>
0	2

# created by:
# /st0/software/busco_prod/Augustus/scripts/msa2prfl.pl ./align_prep/109784.fa
