[name]
unknown

[dist]
# distance from previous block
# <min> <max>
16	58

[block]
# block no. 0 follows, 24 sequences, length 27
# corresponding to MSA columns:
# 59-85
name=unknown_A
#
# <colnr> <probs for GDERKNQSTAVLIFYWHMCP>
#	G	D	E	R	K	N	Q	S	T	A	V	L	I	F	Y	W	H	M	C	P
0	0.01707	0.01752	0.07726	0.05500	0.02880	0.01532	0.25421	0.02271	0.05286	0.06291	0.02277	0.15099	0.02115	0.04623	0.01092	0.00287	0.03524	0.01084	0.00522	0.09011
1	0.01905	0.02131	0.18153	0.02043	0.02708	0.01542	0.17751	0.08372	0.02097	0.11109	0.14710	0.08812	0.02838	0.01098	0.00868	0.00259	0.00906	0.01024	0.00618	0.01057
2	0.07357	0.25057	0.02361	0.05574	0.04944	0.01800	0.01285	0.01972	0.01709	0.02308	0.05404	0.04429	0.07729	0.01295	0.00773	0.00252	0.00741	0.19351	0.00535	0.05125
3	0.05881	0.16329	0.08014	0.01250	0.01582	0.01368	0.01085	0.01631	0.01637	0.02278	0.11283	0.37342	0.03973	0.01721	0.00840	0.00269	0.00608	0.01492	0.00617	0.00800
4	0.02088	0.04577	0.01534	0.01264	0.01636	0.01097	0.00995	0.02471	0.06096	0.25509	0.06578	0.21031	0.06438	0.04123	0.00983	0.00286	0.00601	0.06361	0.00789	0.05543
5	0.02114	0.01475	0.04247	0.05485	0.02156	0.01181	0.01148	0.02570	0.04971	0.19802	0.02351	0.02376	0.05359	0.00820	0.00694	0.00182	0.00652	0.00668	0.00625	0.41124
6	0.01615	0.01376	0.01612	0.01165	0.01840	0.01040	0.00929	0.01969	0.01678	0.02617	0.05068	0.01884	0.01528	0.00645	0.00607	0.00125	0.00575	0.00524	0.00492	0.72712
7	0.07746	0.01459	0.01966	0.01749	0.05220	0.01505	0.07265	0.07449	0.14038	0.18315	0.04705	0.14720	0.02554	0.03854	0.01016	0.00287	0.03279	0.01075	0.00725	0.01073
8	0.01787	0.02813	0.26638	0.06626	0.06875	0.04528	0.28911	0.02472	0.01747	0.02433	0.01467	0.01907	0.01108	0.00767	0.00973	0.00263	0.06477	0.00753	0.00371	0.01083
9	0.01198	0.00818	0.01061	0.01019	0.01211	0.00748	0.00757	0.01529	0.02126	0.05796	0.52501	0.14509	0.10264	0.01728	0.00939	0.00260	0.00400	0.01527	0.00852	0.00756
10	0.01675	0.02124	0.17161	0.32975	0.13983	0.01785	0.05136	0.05691	0.01790	0.02437	0.01671	0.02495	0.01362	0.00879	0.00812	0.00263	0.01043	0.05281	0.00410	0.01027
11	0.01153	0.00769	0.00865	0.00865	0.00865	0.00769	0.00480	0.01153	0.01153	0.01538	0.02499	0.05189	0.02883	0.72131	0.04036	0.00769	0.00769	0.01153	0.00480	0.00480
12	0.01928	0.22748	0.08015	0.06389	0.10638	0.07051	0.08144	0.02298	0.01637	0.02145	0.03664	0.01821	0.01312	0.00909	0.01158	0.00248	0.17865	0.00649	0.00379	0.01002
13	0.03014	0.02221	0.02380	0.01825	0.02459	0.02459	0.01507	0.64541	0.03728	0.04998	0.01904	0.01904	0.01349	0.00952	0.00793	0.00238	0.00873	0.00714	0.00793	0.01349
14	0.01339	0.00954	0.01185	0.01170	0.01377	0.00950	0.00866	0.01955	0.12884	0.05880	0.31316	0.26111	0.05561	0.01787	0.00936	0.00279	0.00469	0.03331	0.00819	0.00830
15	0.02219	0.64543	0.03932	0.01437	0.02084	0.10850	0.01377	0.02467	0.01686	0.01874	0.01117	0.01291	0.01018	0.00695	0.00533	0.00174	0.00916	0.00434	0.00347	0.01006
16	0.01140	0.00822	0.01134	0.01134	0.01227	0.00915	0.00816	0.01326	0.01233	0.01737	0.02253	0.03827	0.02292	0.28664	0.46695	0.01101	0.01659	0.00954	0.00444	0.00630
17	0.01812	0.01676	0.02752	0.28712	0.37225	0.01818	0.02210	0.05951	0.01861	0.02554	0.04671	0.02209	0.01492	0.00798	0.00796	0.00247	0.00953	0.00742	0.00425	0.01098
18	0.02800	0.03463	0.02208	0.02000	0.02393	0.58729	0.01513	0.03217	0.08892	0.02084	0.01428	0.01606	0.01170	0.00872	0.00814	0.00218	0.04634	0.00560	0.00448	0.00952
19	0.01109	0.00875	0.01008	0.00963	0.01203	0.00808	0.00726	0.01552	0.06852	0.02757	0.37448	0.06413	0.31897	0.01742	0.00926	0.00259	0.00405	0.01494	0.00811	0.00754
20	0.00984	0.00704	0.00937	0.01092	0.01154	0.00656	0.00738	0.01150	0.01603	0.02160	0.11681	0.63918	0.05507	0.02383	0.01003	0.00314	0.00450	0.02158	0.00752	0.00656
21	0.01862	0.01685	0.02351	0.07887	0.02391	0.04280	0.04379	0.02115	0.01449	0.07005	0.04063	0.02070	0.01425	0.01248	0.02027	0.00314	0.48460	0.00740	0.03344	0.00906
22	0.01377	0.00689	0.01033	0.01033	0.01033	0.00689	0.00689	0.01033	0.01033	0.01377	0.01377	0.02410	0.01377	0.02755	0.03099	0.76928	0.00689	0.00689	0.00344	0.00344
23	0.02063	0.01709	0.02377	0.06276	0.27672	0.01828	0.01767	0.05554	0.26958	0.07716	0.02455	0.02802	0.01943	0.00968	0.00813	0.00258	0.00790	0.04203	0.00630	0.01218
24	0.01819	0.01562	0.02076	0.01610	0.02146	0.03946	0.08876	0.02250	0.04808	0.07243	0.01911	0.09208	0.01704	0.00950	0.00935	0.00204	0.08685	0.00787	0.00527	0.38754
25	0.01917	0.01613	0.02325	0.01769	0.02305	0.01576	0.11386	0.06885	0.01795	0.07633	0.01684	0.05286	0.01427	0.00911	0.01096	0.00216	0.14646	0.00721	0.00511	0.34299
26	0.02460	0.01855	0.02098	0.01799	0.05388	0.07071	0.03290	0.13367	0.18320	0.15876	0.02266	0.02244	0.01659	0.00911	0.00841	0.00229	0.03980	0.00722	0.00692	0.14934

[dist]
# distance from previous block
# <min> <max>
0	9

[block]
# block no. 1 follows, 24 sequences, length 55
# corresponding to MSA columns:
# 95-149
name=unknown_B
#
# <colnr> <probs for GDERKNQSTAVLIFYWHMCP>
#	G	D	E	R	K	N	Q	S	T	A	V	L	I	F	Y	W	H	M	C	P
0	0.02688	0.02409	0.01936	0.01695	0.02141	0.28973	0.01307	0.08594	0.13807	0.16450	0.02547	0.07438	0.04361	0.01080	0.00786	0.00239	0.00965	0.00833	0.00673	0.01079
1	0.02589	0.02240	0.02403	0.01901	0.02479	0.13109	0.08452	0.29073	0.11379	0.06940	0.04527	0.02175	0.01684	0.00916	0.00789	0.00232	0.00933	0.00745	0.00676	0.06758
2	0.08061	0.09511	0.07349	0.02201	0.11430	0.10708	0.01674	0.26210	0.06682	0.03435	0.01637	0.01788	0.01257	0.00868	0.00803	0.00234	0.03769	0.00639	0.00570	0.01173
3	0.06399	0.13980	0.02428	0.06682	0.02412	0.14011	0.01405	0.27299	0.02591	0.03371	0.04819	0.01931	0.01516	0.00877	0.00705	0.00216	0.00910	0.00641	0.03635	0.04171
4	0.01156	0.00955	0.01507	0.01409	0.01622	0.00873	0.09552	0.01406	0.01645	0.02246	0.09641	0.50650	0.04595	0.02012	0.00963	0.00293	0.00583	0.01863	0.00683	0.06347
5	0.01686	0.01706	0.03141	0.05266	0.14303	0.01768	0.26550	0.02213	0.04259	0.02449	0.06725	0.11322	0.02216	0.01107	0.01156	0.00279	0.11319	0.01057	0.00484	0.00994
6	0.01135	0.00841	0.01233	0.01233	0.01360	0.00969	0.00939	0.01389	0.01262	0.01810	0.02162	0.03326	0.02074	0.12678	0.62384	0.01223	0.01986	0.00880	0.00430	0.00685
7	0.01561	0.09496	0.01748	0.01419	0.04056	0.06470	0.01027	0.04800	0.01523	0.01993	0.04532	0.03388	0.02196	0.26534	0.20191	0.00693	0.06283	0.00878	0.00462	0.00749
8	0.01115	0.00810	0.01050	0.00990	0.01180	0.00745	0.00742	0.01482	0.02227	0.03138	0.64384	0.05993	0.09891	0.01637	0.00935	0.00250	0.00375	0.01444	0.00867	0.00745
9	0.01872	0.02139	0.04679	0.03342	0.04144	0.02005	0.64305	0.02540	0.01872	0.02540	0.01604	0.02139	0.01203	0.00668	0.00936	0.00267	0.01337	0.00936	0.00401	0.01070
10	0.01294	0.00806	0.01200	0.01184	0.01242	0.00898	0.00864	0.01234	0.01141	0.01594	0.01669	0.02668	0.01611	0.04005	0.30243	0.42013	0.04682	0.00755	0.00378	0.00520
11	0.01963	0.01884	0.03219	0.04867	0.67185	0.01884	0.02434	0.02434	0.01806	0.02591	0.01492	0.01963	0.01256	0.00707	0.00785	0.00236	0.00942	0.00707	0.00393	0.01256
12	0.00980	0.00805	0.00862	0.00848	0.01097	0.00688	0.00636	0.01220	0.01908	0.02380	0.21505	0.07240	0.53242	0.01919	0.00937	0.00264	0.00395	0.01619	0.00768	0.00688
13	0.01162	0.00893	0.01331	0.01314	0.01448	0.01061	0.01027	0.01440	0.01272	0.01844	0.02071	0.03048	0.01937	0.05726	0.65763	0.01229	0.05456	0.00842	0.00421	0.00716
14	0.77733	0.01534	0.01166	0.01043	0.01534	0.01779	0.00859	0.02331	0.01350	0.03558	0.01104	0.01288	0.00859	0.00736	0.00491	0.00245	0.00613	0.00429	0.00491	0.00859
15	0.01817	0.28311	0.37684	0.02133	0.05807	0.02318	0.06877	0.02461	0.01672	0.02286	0.01325	0.01578	0.01035	0.00718	0.00681	0.00223	0.01058	0.00559	0.00344	0.01113
16	0.01982	0.01608	0.02484	0.03030	0.32931	0.01472	0.04111	0.02390	0.01817	0.10160	0.03915	0.04888	0.01676	0.00803	0.00748	0.00207	0.00783	0.00742	0.00514	0.23740
17	0.01797	0.12799	0.22284	0.02728	0.10784	0.02095	0.22575	0.02402	0.01729	0.02412	0.03934	0.01971	0.01354	0.00796	0.00943	0.00251	0.06942	0.00733	0.00386	0.01084
18	0.01377	0.00689	0.01033	0.01033	0.01033	0.00689	0.00689	0.01033	0.01033	0.01377	0.01377	0.02410	0.01377	0.02755	0.03099	0.76928	0.00689	0.00689	0.00344	0.00344
19	0.01775	0.01279	0.01509	0.04401	0.01839	0.01357	0.01080	0.13060	0.16661	0.07771	0.08081	0.28557	0.06051	0.01632	0.00894	0.00280	0.00603	0.01421	0.00773	0.00976
20	0.02287	0.41831	0.03246	0.01690	0.04973	0.23515	0.01403	0.02539	0.01858	0.01998	0.04740	0.01802	0.03561	0.00816	0.00622	0.00191	0.00996	0.00557	0.00404	0.00972
21	0.02080	0.01102	0.01408	0.01188	0.01550	0.01031	0.00938	0.07821	0.02354	0.23815	0.37581	0.04395	0.04912	0.01324	0.00860	0.00244	0.00513	0.01133	0.04761	0.00991
22	0.02081	0.20476	0.16001	0.05475	0.10999	0.02087	0.01792	0.09459	0.05306	0.08110	0.06460	0.02120	0.01719	0.00845	0.00714	0.00222	0.00868	0.00672	0.00518	0.04077
23	0.15483	0.10360	0.05179	0.01839	0.05031	0.04804	0.04689	0.13939	0.01926	0.02911	0.01558	0.06770	0.01395	0.01028	0.01097	0.00255	0.15632	0.00723	0.00497	0.04884
24	0.01478	0.00739	0.00739	0.00739	0.00924	0.00739	0.00554	0.01848	0.01663	0.02956	0.02587	0.02956	0.02033	0.00924	0.00554	0.00185	0.00370	0.00739	0.76534	0.00739
25	0.01799	0.02015	0.04306	0.03124	0.03836	0.01923	0.56957	0.02407	0.01818	0.02475	0.01785	0.07250	0.01495	0.00833	0.01012	0.00275	0.04215	0.01023	0.00424	0.01030
26	0.61815	0.01618	0.01351	0.03822	0.01793	0.05057	0.00983	0.02552	0.01518	0.11400	0.01374	0.01503	0.01012	0.00773	0.00552	0.00244	0.00679	0.00490	0.00542	0.00924
27	0.00983	0.00838	0.00850	0.00841	0.01113	0.00722	0.00632	0.01268	0.04284	0.02221	0.09766	0.07396	0.62443	0.01960	0.00932	0.00267	0.00409	0.01636	0.00744	0.00695
28	0.01849	0.01800	0.05054	0.19194	0.05644	0.01936	0.13311	0.11245	0.06623	0.02678	0.01738	0.04766	0.01432	0.01165	0.03802	0.00310	0.12201	0.00813	0.00481	0.03959
29	0.01753	0.05011	0.15780	0.16941	0.24694	0.01872	0.08562	0.02479	0.07356	0.02468	0.01724	0.04767	0.01411	0.00831	0.00796	0.00251	0.01000	0.00772	0.00422	0.01110
30	0.01408	0.01233	0.01679	0.04180	0.01842	0.01343	0.03357	0.01735	0.04791	0.02173	0.02590	0.28600	0.02822	0.04405	0.01427	0.00298	0.18279	0.01282	0.00551	0.16003
31	0.01813	0.02036	0.08076	0.02571	0.05229	0.02147	0.23111	0.05395	0.01637	0.02358	0.01464	0.04850	0.01296	0.01094	0.01669	0.00302	0.32722	0.00836	0.00406	0.00989
32	0.01478	0.00739	0.00739	0.00739	0.00924	0.00739	0.00554	0.01848	0.01663	0.02956	0.02587	0.02956	0.02033	0.00924	0.00554	0.00185	0.00370	0.00739	0.76534	0.00739
33	0.02120	0.72609	0.04155	0.01357	0.02035	0.03138	0.01357	0.02374	0.01611	0.01866	0.01102	0.01272	0.01018	0.00678	0.00509	0.00170	0.00848	0.00424	0.00339	0.01018
34	0.00966	0.00690	0.00920	0.01104	0.01150	0.00644	0.00736	0.01104	0.01518	0.02024	0.04371	0.71614	0.05245	0.02484	0.01012	0.00322	0.00460	0.02254	0.00736	0.00644
35	0.02838	0.02133	0.02280	0.01789	0.02392	0.02377	0.01464	0.54304	0.14253	0.04712	0.02128	0.02083	0.01530	0.00973	0.00796	0.00243	0.00831	0.00745	0.00796	0.01333
36	0.05479	0.04726	0.10784	0.07927	0.09309	0.04509	0.25739	0.07169	0.04569	0.09402	0.01748	0.02046	0.01283	0.00769	0.00817	0.00251	0.01084	0.00768	0.00495	0.01123
37	0.01539	0.02187	0.26991	0.01650	0.02280	0.01271	0.04923	0.02133	0.01996	0.08011	0.31401	0.03932	0.04147	0.01205	0.00859	0.00254	0.00764	0.02836	0.00647	0.00975
38	0.01972	0.01703	0.01793	0.01614	0.02062	0.01972	0.01255	0.04214	0.65752	0.03317	0.03228	0.02959	0.02421	0.01076	0.00807	0.00269	0.00628	0.00897	0.00807	0.01255
39	0.02995	0.02174	0.02391	0.01926	0.04940	0.02386	0.01529	0.59747	0.03597	0.07383	0.01936	0.01938	0.01369	0.00944	0.00793	0.00238	0.00867	0.00717	0.00785	0.01345
40	0.02030	0.51285	0.16064	0.01666	0.04839	0.02683	0.01677	0.02423	0.01643	0.04552	0.01296	0.01502	0.01098	0.00909	0.03220	0.00233	0.00956	0.00497	0.00369	0.01057
41	0.01657	0.01334	0.01602	0.06297	0.02039	0.01160	0.01038	0.04546	0.06394	0.05157	0.04984	0.08016	0.06791	0.00966	0.00709	0.00182	0.00607	0.00811	0.00575	0.45136
42	0.01649	0.01493	0.02338	0.60152	0.04993	0.01831	0.02083	0.07054	0.06184	0.02347	0.01574	0.02156	0.01174	0.00825	0.00794	0.00263	0.01013	0.00719	0.00418	0.00943
43	0.01605	0.04002	0.64791	0.02315	0.03468	0.01850	0.06061	0.02513	0.01684	0.02513	0.01432	0.01698	0.01015	0.00749	0.00763	0.00252	0.01180	0.00604	0.00338	0.01167
44	0.01385	0.00692	0.01011	0.01011	0.01025	0.00692	0.00679	0.01093	0.01080	0.01494	0.01467	0.02451	0.01426	0.02620	0.02911	0.71264	0.00665	0.00692	0.05968	0.00373
45	0.01133	0.00850	0.01274	0.01274	0.01416	0.00991	0.00991	0.01416	0.01274	0.01841	0.02124	0.03115	0.01982	0.05947	0.68989	0.01274	0.02124	0.00850	0.00425	0.00708
46	0.01133	0.00850	0.01274	0.01274	0.01416	0.00991	0.00991	0.01416	0.01274	0.01841	0.02124	0.03115	0.01982	0.05947	0.68989	0.01274	0.02124	0.00850	0.00425	0.00708
47	0.03558	0.01350	0.01840	0.01411	0.02024	0.01166	0.01166	0.03865	0.02270	0.67734	0.03128	0.02699	0.01963	0.00981	0.00797	0.00245	0.00675	0.00797	0.00981	0.01350
48	0.01498	0.01409	0.02378	0.70226	0.05462	0.01762	0.02202	0.02026	0.01586	0.02026	0.01409	0.02114	0.01057	0.00793	0.00793	0.00264	0.01057	0.00705	0.00352	0.00881
49	0.01115	0.00805	0.01054	0.01002	0.01183	0.00744	0.00748	0.01479	0.02213	0.03129	0.64011	0.08824	0.07383	0.01659	0.00939	0.00253	0.00378	0.01470	0.00867	0.00744
50	0.04670	0.01733	0.03052	0.23874	0.03792	0.01973	0.22831	0.04602	0.01670	0.02348	0.01530	0.05072	0.01292	0.00965	0.01249	0.00285	0.16869	0.00838	0.00407	0.00948
51	0.03036	0.01445	0.01821	0.01438	0.01987	0.01378	0.01172	0.13292	0.07186	0.44502	0.11256	0.03012	0.02620	0.01067	0.00815	0.00246	0.00664	0.00875	0.00924	0.01264
52	0.02604	0.01515	0.01814	0.04947	0.02108	0.01551	0.01207	0.23698	0.04906	0.24475	0.07809	0.06317	0.04947	0.03939	0.00940	0.00268	0.00705	0.00935	0.04166	0.01152
53	0.02533	0.01901	0.02106	0.01702	0.02181	0.02135	0.01379	0.45615	0.06248	0.04191	0.02232	0.10737	0.01892	0.01187	0.00969	0.00257	0.06840	0.00916	0.03790	0.01189
54	0.05232	0.06916	0.02090	0.01546	0.02035	0.05073	0.03620	0.18257	0.04356	0.12894	0.04691	0.09600	0.02085	0.03921	0.00989	0.00256	0.04378	0.00876	0.00664	0.10521

[dist]
# distance from previous block
# <min> <max>
0	2

[block]
# block no. 2 follows, 24 sequences, length 30
# corresponding to MSA columns:
# 152-181
name=unknown_C
#
# <colnr> <probs for GDERKNQSTAVLIFYWHMCP>
#	G	D	E	R	K	N	Q	S	T	A	V	L	I	F	Y	W	H	M	C	P
0	0.21826	0.06201	0.10798	0.01925	0.08883	0.02119	0.01578	0.28192	0.02453	0.03801	0.01573	0.01725	0.01175	0.00829	0.00684	0.00235	0.00832	0.00608	0.03415	0.01148
1	0.20165	0.01901	0.04669	0.01535	0.02091	0.01988	0.01287	0.29447	0.11875	0.09478	0.02032	0.02175	0.01524	0.05301	0.00923	0.00278	0.00766	0.00703	0.00702	0.01160
2	0.01629	0.01626	0.05660	0.13118	0.20765	0.01598	0.10021	0.04340	0.01705	0.02346	0.02127	0.13265	0.02100	0.07964	0.01277	0.00322	0.05220	0.03489	0.00472	0.00960
3	0.03014	0.02221	0.02380	0.01825	0.02459	0.02459	0.01507	0.64541	0.03728	0.04998	0.01904	0.01904	0.01349	0.00952	0.00793	0.00238	0.00873	0.00714	0.00793	0.01349
4	0.06067	0.04566	0.04756	0.01438	0.02095	0.01531	0.01230	0.13517	0.05289	0.25995	0.02161	0.02093	0.01514	0.00830	0.00707	0.00204	0.00706	0.00649	0.00711	0.23943
5	0.01377	0.00689	0.01033	0.01033	0.01033	0.00689	0.00689	0.01033	0.01033	0.01377	0.01377	0.02410	0.01377	0.02755	0.03099	0.76928	0.00689	0.00689	0.00344	0.00344
6	0.02411	0.01224	0.01540	0.01290	0.01725	0.01154	0.01024	0.05459	0.10265	0.32971	0.19249	0.07026	0.08586	0.01299	0.00853	0.00254	0.00571	0.01099	0.00895	0.01104
7	0.01055	0.00796	0.00987	0.01103	0.01232	0.00757	0.00787	0.01363	0.05592	0.02208	0.07955	0.47637	0.16390	0.02246	0.00989	0.00309	0.00477	0.06672	0.00747	0.00698
8	0.02950	0.02189	0.02344	0.01812	0.02435	0.02429	0.01492	0.60822	0.07552	0.04894	0.01985	0.01969	0.01415	0.00960	0.00794	0.00240	0.00857	0.00725	0.00794	0.01343
9	0.02064	0.01593	0.02001	0.10171	0.02475	0.01640	0.01353	0.11528	0.05895	0.09669	0.01716	0.01948	0.01324	0.00867	0.01002	0.00213	0.11926	0.00632	0.00558	0.31425
10	0.01498	0.01409	0.02378	0.70226	0.05462	0.01762	0.02202	0.02026	0.01586	0.02026	0.01409	0.02114	0.01057	0.00793	0.00793	0.00264	0.01057	0.00705	0.00352	0.00881
11	0.01142	0.00764	0.00868	0.00880	0.00882	0.00761	0.00496	0.01150	0.01176	0.01568	0.02614	0.09287	0.03029	0.67835	0.03850	0.00741	0.00750	0.01221	0.00496	0.00491
12	0.02448	0.02202	0.02108	0.01768	0.02176	0.16433	0.01415	0.30393	0.02641	0.03374	0.05377	0.02201	0.01690	0.01801	0.11758	0.00408	0.09409	0.00730	0.00604	0.01064
13	0.01732	0.01461	0.01691	0.01216	0.01916	0.01147	0.00976	0.06004	0.01778	0.02739	0.01441	0.01661	0.01186	0.00611	0.00600	0.00125	0.00606	0.00485	0.00491	0.72133
14	0.01653	0.01650	0.03114	0.35525	0.11174	0.01782	0.22600	0.02204	0.01692	0.02281	0.01559	0.02184	0.01205	0.00983	0.03951	0.00306	0.01160	0.00789	0.03219	0.00969
15	0.01377	0.00689	0.01033	0.01033	0.01033	0.00689	0.00689	0.01033	0.01033	0.01377	0.01377	0.02410	0.01377	0.02755	0.03099	0.76928	0.00689	0.00689	0.00344	0.00344
16	0.01978	0.42360	0.28037	0.01726	0.02587	0.02607	0.01957	0.06409	0.01771	0.02309	0.01274	0.01464	0.01034	0.00724	0.00619	0.00205	0.00971	0.00503	0.00367	0.01097
17	0.02134	0.01784	0.01884	0.01646	0.02123	0.02048	0.01294	0.13550	0.56153	0.03577	0.03023	0.02795	0.02255	0.01057	0.00805	0.00264	0.00665	0.00868	0.00805	0.01270
18	0.02263	0.02036	0.02808	0.10100	0.18077	0.05458	0.10938	0.21132	0.12997	0.03323	0.01896	0.02126	0.01436	0.00850	0.00810	0.00248	0.00964	0.00764	0.00578	0.01199
19	0.01034	0.00784	0.00879	0.00886	0.01043	0.00709	0.00609	0.01205	0.01680	0.02156	0.17040	0.12886	0.32183	0.21332	0.01799	0.00408	0.00504	0.01542	0.00691	0.00629
20	0.02958	0.02193	0.02348	0.01813	0.02438	0.02433	0.01494	0.61293	0.07067	0.04907	0.01975	0.01961	0.01406	0.00959	0.00794	0.00240	0.00859	0.00724	0.00794	0.01344
21	0.01940	0.01437	0.01701	0.01232	0.01922	0.01132	0.00992	0.04956	0.01812	0.10724	0.01643	0.01786	0.01279	0.00652	0.00622	0.00138	0.00611	0.00521	0.00547	0.64352
22	0.01644	0.01409	0.01644	0.01175	0.01879	0.01057	0.00940	0.01997	0.01644	0.02584	0.01409	0.01644	0.01175	0.00587	0.00587	0.00117	0.00587	0.00470	0.00470	0.76979
23	0.02092	0.01704	0.02368	0.01972	0.04623	0.05733	0.14875	0.10489	0.13044	0.10907	0.15246	0.07994	0.03050	0.01141	0.00866	0.00257	0.00816	0.01044	0.00707	0.01073
24	0.01009	0.00767	0.00936	0.01019	0.01173	0.00693	0.00742	0.01226	0.01758	0.02280	0.15561	0.34203	0.26046	0.02161	0.00982	0.00296	0.00451	0.07261	0.00758	0.00677
25	0.01748	0.01665	0.02832	0.34982	0.38745	0.01828	0.02327	0.02246	0.01704	0.02331	0.01454	0.02032	0.01164	0.00746	0.00789	0.00249	0.00995	0.00706	0.00374	0.01083
26	0.01127	0.00742	0.00989	0.01106	0.01202	0.00687	0.00761	0.01308	0.01660	0.05723	0.13021	0.58727	0.05381	0.02283	0.00990	0.00308	0.00460	0.02061	0.00768	0.00697
27	0.02570	0.05796	0.02289	0.09256	0.02683	0.40388	0.01561	0.08205	0.11939	0.02409	0.01595	0.01783	0.01267	0.00885	0.00818	0.00228	0.04223	0.00612	0.00490	0.01004
28	0.01714	0.01099	0.01346	0.01200	0.01507	0.01079	0.00932	0.08226	0.07712	0.12237	0.35398	0.07700	0.08752	0.03530	0.00991	0.00274	0.00520	0.04023	0.00843	0.00918
29	0.02197	0.01754	0.01925	0.05537	0.02319	0.02000	0.01346	0.14021	0.48673	0.06772	0.02901	0.02724	0.02143	0.01035	0.00803	0.00262	0.00695	0.00851	0.00788	0.01254

[dist]
# distance from previous block
# <min> <max>
3	4

[block]
# block no. 3 follows, 24 sequences, length 16
# corresponding to MSA columns:
# 187-202
name=unknown_D
#
# <colnr> <probs for GDERKNQSTAVLIFYWHMCP>
#	G	D	E	R	K	N	Q	S	T	A	V	L	I	F	Y	W	H	M	C	P
0	0.01013	0.00808	0.00913	0.00923	0.01152	0.00708	0.00703	0.01266	0.01899	0.02407	0.21709	0.10769	0.43828	0.01956	0.00954	0.00275	0.00426	0.06829	0.00769	0.00692
1	0.01346	0.01072	0.01456	0.01495	0.07303	0.01049	0.02952	0.04185	0.07654	0.03062	0.44007	0.08464	0.09796	0.01506	0.00909	0.00255	0.00502	0.01337	0.00791	0.00860
2	0.01111	0.00810	0.01044	0.00986	0.01178	0.00743	0.00739	0.01474	0.02218	0.03116	0.63151	0.06029	0.11138	0.01645	0.00935	0.00251	0.00376	0.01449	0.00865	0.00743
3	0.01741	0.01695	0.02943	0.29080	0.03934	0.01970	0.18673	0.06005	0.01685	0.02292	0.01407	0.02036	0.01127	0.01001	0.01356	0.04037	0.16930	0.00764	0.00391	0.00932
4	0.01069	0.00791	0.00984	0.00969	0.01143	0.00721	0.00706	0.01360	0.02011	0.02750	0.44266	0.14995	0.17983	0.05362	0.01102	0.00289	0.00411	0.01574	0.00809	0.00706
5	0.01753	0.01670	0.02839	0.34379	0.39314	0.01829	0.02329	0.02250	0.01706	0.02336	0.01455	0.02031	0.01166	0.00745	0.00789	0.00248	0.00994	0.00706	0.00374	0.01087
6	0.05428	0.01473	0.01709	0.01272	0.01934	0.01246	0.01025	0.06352	0.05499	0.13141	0.01802	0.01886	0.01367	0.00707	0.00642	0.00160	0.00622	0.00559	0.00591	0.52584
7	0.01939	0.01584	0.01803	0.01314	0.02004	0.01359	0.01062	0.15460	0.02093	0.03104	0.01516	0.01700	0.01212	0.00666	0.00632	0.00143	0.00649	0.00522	0.00539	0.60698
8	0.01627	0.01562	0.02641	0.49191	0.12348	0.01841	0.07496	0.02256	0.05779	0.02216	0.01538	0.02136	0.01181	0.00817	0.00885	0.00265	0.04129	0.00737	0.00391	0.00966
9	0.04774	0.01652	0.03405	0.01529	0.02025	0.01683	0.01261	0.18315	0.12129	0.16595	0.10023	0.04217	0.02392	0.01078	0.00941	0.00244	0.06705	0.00840	0.00748	0.09443
10	0.01396	0.01094	0.01444	0.01280	0.01611	0.00976	0.03020	0.01639	0.01586	0.04854	0.02936	0.36568	0.03226	0.01603	0.00950	0.00244	0.05095	0.01402	0.00613	0.28462
11	0.01403	0.00946	0.01257	0.01191	0.01404	0.00937	0.00915	0.01685	0.01837	0.09046	0.25441	0.18291	0.08779	0.02204	0.08668	0.00386	0.05729	0.04630	0.00732	0.04519
12	0.01617	0.01578	0.02748	0.48847	0.12389	0.01862	0.09345	0.02124	0.01613	0.02143	0.01410	0.02066	0.01096	0.00819	0.00964	0.00268	0.07071	0.00731	0.00362	0.00946
13	0.15982	0.01798	0.02612	0.18263	0.38724	0.04765	0.02051	0.02358	0.01692	0.02619	0.01390	0.01847	0.01129	0.00736	0.00729	0.00242	0.00927	0.00646	0.00403	0.01086
14	0.01421	0.01245	0.03993	0.11608	0.04566	0.01193	0.06818	0.01807	0.01760	0.04509	0.06869	0.13838	0.08830	0.01630	0.01006	0.00301	0.03059	0.21629	0.00619	0.03297
15	0.01840	0.04284	0.02459	0.14132	0.07328	0.12403	0.05604	0.02122	0.01550	0.02003	0.01487	0.05969	0.01423	0.05725	0.01692	0.00317	0.27588	0.00793	0.00395	0.00885

[dist]
# distance from previous block
# <min> <max>
1	10

[block]
# block no. 4 follows, 24 sequences, length 14
# corresponding to MSA columns:
# 213-226
name=unknown_E
#
# <colnr> <probs for GDERKNQSTAVLIFYWHMCP>
#	G	D	E	R	K	N	Q	S	T	A	V	L	I	F	Y	W	H	M	C	P
0	0.07951	0.05960	0.02648	0.16618	0.16518	0.15084	0.06102	0.10228	0.06510	0.02724	0.01552	0.01876	0.01215	0.00800	0.00749	0.00237	0.01028	0.00662	0.00471	0.01068
1	0.01022	0.00738	0.00974	0.01118	0.01210	0.00691	0.00797	0.01219	0.01659	0.02213	0.12075	0.52473	0.08840	0.02318	0.01009	0.00316	0.00480	0.09427	0.00752	0.00669
2	0.01740	0.10022	0.01987	0.01480	0.01798	0.03926	0.02772	0.09794	0.12037	0.02613	0.07282	0.09756	0.08591	0.06826	0.06464	0.00378	0.09971	0.01035	0.00604	0.00924
3	0.01279	0.01046	0.01214	0.01198	0.01314	0.06082	0.00864	0.01463	0.01308	0.01749	0.02179	0.03669	0.02205	0.27307	0.42456	0.01027	0.01626	0.00924	0.00442	0.00649
4	0.02031	0.02118	0.02484	0.22259	0.20533	0.16372	0.01935	0.02724	0.12065	0.02358	0.01658	0.02035	0.01320	0.00862	0.00903	0.00250	0.05903	0.00693	0.00448	0.01049
5	0.00997	0.00793	0.00895	0.00896	0.01115	0.00691	0.00662	0.01244	0.01910	0.02447	0.25619	0.14146	0.41899	0.01942	0.00945	0.00268	0.00400	0.01664	0.00778	0.00691
6	0.01181	0.00897	0.01272	0.01247	0.01348	0.01049	0.00938	0.01397	0.01244	0.01782	0.02124	0.03452	0.02104	0.19596	0.50411	0.01100	0.06852	0.00902	0.00431	0.00672
7	0.01073	0.00795	0.01006	0.01058	0.01199	0.00750	0.00753	0.01408	0.04800	0.02559	0.29716	0.36292	0.11562	0.02030	0.00965	0.00286	0.00428	0.01810	0.00794	0.00716
8	0.01326	0.01080	0.01275	0.01342	0.03761	0.01092	0.01019	0.02078	0.17149	0.02573	0.09911	0.09956	0.24919	0.01784	0.00946	0.00294	0.00562	0.17332	0.00750	0.00851
9	0.01979	0.02133	0.02753	0.02561	0.10349	0.13170	0.08933	0.02250	0.01530	0.02069	0.01191	0.01759	0.01083	0.01129	0.01881	0.00301	0.42920	0.00693	0.00369	0.00947
10	0.05714	0.16875	0.10502	0.01597	0.02240	0.12974	0.01460	0.07375	0.08607	0.11285	0.01939	0.01980	0.03128	0.00840	0.00684	0.00210	0.00884	0.00618	0.00551	0.10537
11	0.21378	0.14744	0.06930	0.01644	0.02221	0.21973	0.01426	0.15902	0.02191	0.03025	0.01333	0.01486	0.01049	0.00797	0.00643	0.00219	0.00989	0.00524	0.00494	0.01031
12	0.42683	0.01262	0.01222	0.01232	0.04637	0.01369	0.00918	0.01982	0.01681	0.03234	0.19927	0.03534	0.07164	0.01160	0.00698	0.00256	0.00558	0.05033	0.00624	0.00827
13	0.01900	0.08332	0.28288	0.02533	0.15091	0.01859	0.07062	0.08317	0.01941	0.06277	0.02140	0.05064	0.05867	0.00920	0.00784	0.00245	0.00977	0.00790	0.00475	0.01138

[dist]
# distance from previous block
# <min> <max>
0	2

[block]
# block no. 5 follows, 24 sequences, length 6
# corresponding to MSA columns:
# 229-234
name=unknown_F
#
# <colnr> <probs for GDERKNQSTAVLIFYWHMCP>
#	G	D	E	R	K	N	Q	S	T	A	V	L	I	F	Y	W	H	M	C	P
0	0.02009	0.11461	0.36612	0.02285	0.08480	0.01926	0.06543	0.02797	0.06125	0.11708	0.01766	0.01914	0.01273	0.00789	0.00749	0.00242	0.01017	0.00652	0.00468	0.01184
1	0.01412	0.01500	0.09253	0.01761	0.08610	0.01239	0.04423	0.02142	0.12321	0.02852	0.28957	0.10671	0.08812	0.01398	0.00885	0.00260	0.00624	0.01242	0.00704	0.00933
2	0.01329	0.01033	0.01338	0.01281	0.01361	0.01192	0.00932	0.05313	0.01431	0.01991	0.02531	0.18450	0.02785	0.25967	0.16425	0.00667	0.13545	0.01221	0.00520	0.00688
3	0.01596	0.10965	0.44132	0.02119	0.05642	0.01819	0.05742	0.02314	0.01750	0.02495	0.08577	0.02432	0.05259	0.00897	0.00767	0.00243	0.01011	0.00740	0.00419	0.01081
4	0.01249	0.00971	0.01170	0.01204	0.01424	0.00973	0.00936	0.01880	0.13381	0.02602	0.17804	0.19282	0.16065	0.01896	0.00965	0.00298	0.00526	0.15797	0.00776	0.00801
5	0.10013	0.25174	0.14006	0.01715	0.05009	0.09004	0.01577	0.05137	0.07365	0.05988	0.01890	0.04466	0.03790	0.00890	0.00669	0.00223	0.00885	0.00660	0.00486	0.01053

[dist]
# distance from previous block
# <min> <max>
8	10

[block]
# block no. 6 follows, 24 sequences, length 18
# corresponding to MSA columns:
# 245-262
name=unknown_G
#
# <colnr> <probs for GDERKNQSTAVLIFYWHMCP>
#	G	D	E	R	K	N	Q	S	T	A	V	L	I	F	Y	W	H	M	C	P
0	0.01070	0.00835	0.01273	0.01305	0.01434	0.00782	0.06303	0.01282	0.01618	0.02174	0.09022	0.57879	0.05041	0.02246	0.01003	0.00313	0.00541	0.04469	0.00717	0.00693
1	0.05565	0.07386	0.04982	0.07792	0.22951	0.19347	0.01868	0.15584	0.02268	0.02873	0.01458	0.01738	0.01158	0.00794	0.00737	0.00226	0.01049	0.00622	0.00476	0.01125
2	0.01666	0.01524	0.01974	0.06467	0.02209	0.01591	0.01311	0.01968	0.01489	0.02306	0.01280	0.01710	0.01119	0.00884	0.01312	0.00209	0.25323	0.00566	0.00418	0.44676
3	0.06584	0.01967	0.07776	0.25883	0.32186	0.04743	0.04971	0.02335	0.01716	0.02428	0.01428	0.01933	0.01134	0.00744	0.00770	0.00247	0.01015	0.00681	0.00382	0.01078
4	0.02162	0.01884	0.07802	0.01715	0.02266	0.01846	0.04058	0.03942	0.48247	0.12460	0.02984	0.02773	0.02178	0.01016	0.00806	0.00264	0.00713	0.00856	0.00773	0.01253
5	0.02007	0.01911	0.05285	0.06009	0.27221	0.03794	0.01841	0.03247	0.29578	0.05134	0.02275	0.02394	0.01754	0.00907	0.00847	0.00255	0.02955	0.00781	0.00588	0.01217
6	0.01135	0.00841	0.01231	0.01231	0.01358	0.00968	0.00937	0.01388	0.01262	0.01809	0.02164	0.03335	0.02078	0.12956	0.62111	0.01221	0.01981	0.00882	0.00431	0.00684
7	0.01478	0.00739	0.00739	0.00739	0.00924	0.00739	0.00554	0.01848	0.01663	0.02956	0.02587	0.02956	0.02033	0.00924	0.00554	0.00185	0.00370	0.00739	0.76534	0.00739
8	0.01026	0.00733	0.00913	0.01008	0.01079	0.00688	0.00665	0.01164	0.01542	0.02053	0.11491	0.42496	0.10477	0.18861	0.01714	0.00415	0.00518	0.01846	0.00691	0.00620
9	0.01878	0.02112	0.04498	0.03234	0.04013	0.02003	0.60340	0.02645	0.05889	0.02589	0.01706	0.02191	0.01280	0.00694	0.00928	0.00267	0.01292	0.00933	0.00427	0.01081
10	0.03345	0.01303	0.01772	0.01375	0.01951	0.01129	0.01129	0.03658	0.02267	0.62104	0.08679	0.02980	0.02444	0.01037	0.00809	0.00246	0.00649	0.00853	0.00972	0.01297
11	0.01654	0.02457	0.22151	0.02623	0.03413	0.01730	0.35100	0.02331	0.01842	0.02577	0.08928	0.05215	0.02109	0.00920	0.00892	0.00266	0.01129	0.03168	0.00458	0.01035
12	0.02319	0.01691	0.01850	0.01571	0.02061	0.01863	0.01247	0.16888	0.38706	0.11916	0.05891	0.03030	0.05158	0.01101	0.00814	0.00258	0.00666	0.00902	0.00826	0.01240
13	0.01277	0.01056	0.01458	0.11068	0.04648	0.01131	0.01131	0.01711	0.04812	0.02684	0.34372	0.08829	0.11813	0.01530	0.01058	0.00270	0.06656	0.02987	0.00704	0.00806
14	0.01266	0.00962	0.01155	0.01241	0.04188	0.00924	0.00857	0.01762	0.10690	0.05185	0.11112	0.28075	0.25762	0.01903	0.00932	0.00282	0.00486	0.01660	0.00754	0.00805
15	0.01699	0.01381	0.01800	0.01510	0.04645	0.01250	0.03682	0.02077	0.04274	0.06208	0.01917	0.08225	0.01772	0.07308	0.01178	0.00242	0.07591	0.00775	0.00520	0.41945
16	0.01410	0.01213	0.01854	0.17555	0.02625	0.01286	0.06753	0.04255	0.01629	0.02225	0.02612	0.30063	0.02796	0.01571	0.01100	0.03355	0.06073	0.01321	0.00543	0.09761
17	0.01750	0.01682	0.02933	0.06272	0.02887	0.01801	0.26059	0.09303	0.01837	0.02519	0.02065	0.14299	0.02000	0.06182	0.01455	0.00323	0.14103	0.01095	0.00498	0.00938

[dist]
# distance from previous block
# <min> <max>
0	2

[block]
# block no. 7 follows, 24 sequences, length 14
# corresponding to MSA columns:
# 265-278
name=unknown_H
#
# <colnr> <probs for GDERKNQSTAVLIFYWHMCP>
#	G	D	E	R	K	N	Q	S	T	A	V	L	I	F	Y	W	H	M	C	P
0	0.01637	0.01543	0.02645	0.35469	0.26439	0.01701	0.05523	0.02121	0.01690	0.02274	0.01794	0.06305	0.01594	0.00940	0.00830	0.00264	0.00978	0.04839	0.00415	0.00999
1	0.02344	0.01883	0.02124	0.10126	0.05372	0.03961	0.01483	0.33388	0.14913	0.03836	0.05998	0.02719	0.06198	0.01048	0.00811	0.00249	0.00809	0.00844	0.00714	0.01180
2	0.08405	0.02172	0.02292	0.01768	0.02392	0.02410	0.01460	0.60052	0.03557	0.04894	0.01846	0.01859	0.01313	0.00936	0.00771	0.00239	0.00854	0.00693	0.00771	0.01313
3	0.02203	0.05708	0.01872	0.01523	0.04986	0.01486	0.01155	0.12070	0.10397	0.17250	0.09676	0.08851	0.06383	0.01158	0.00791	0.00232	0.00643	0.00967	0.00744	0.11903
4	0.01451	0.01346	0.02250	0.64160	0.05083	0.01664	0.02074	0.01945	0.01580	0.02026	0.01669	0.08213	0.01425	0.00941	0.00812	0.00269	0.01005	0.00841	0.00386	0.00860
5	0.13705	0.02123	0.02206	0.01713	0.02327	0.02362	0.01414	0.55639	0.03388	0.04792	0.01789	0.01816	0.01278	0.00921	0.00750	0.00239	0.00836	0.00673	0.00750	0.01278
6	0.02281	0.01981	0.02329	0.01887	0.05496	0.06647	0.07479	0.24225	0.07214	0.03433	0.01728	0.01881	0.01324	0.00782	0.00729	0.00198	0.00841	0.00647	0.00593	0.28306
7	0.02008	0.01493	0.04123	0.06240	0.15134	0.01394	0.01440	0.09151	0.04727	0.13818	0.06314	0.17548	0.02642	0.01232	0.00826	0.00248	0.00714	0.01082	0.00661	0.09206
8	0.02191	0.01930	0.06854	0.03127	0.31871	0.01853	0.01906	0.06538	0.21326	0.10785	0.02233	0.02331	0.01682	0.00868	0.00792	0.00248	0.00826	0.00767	0.00607	0.01267
9	0.01478	0.00739	0.00739	0.00739	0.00924	0.00739	0.00554	0.01848	0.01663	0.02956	0.02587	0.02956	0.02033	0.00924	0.00554	0.00185	0.00370	0.00739	0.76534	0.00739
10	0.01143	0.05583	0.01170	0.00953	0.01210	0.00923	0.00730	0.01490	0.04635	0.02547	0.30021	0.06219	0.33258	0.05393	0.01065	0.00280	0.00449	0.01438	0.00753	0.00738
11	0.02007	0.01767	0.01818	0.01694	0.04597	0.05367	0.01267	0.09624	0.46547	0.03246	0.03473	0.03269	0.09547	0.01142	0.00815	0.00261	0.00680	0.00940	0.00760	0.01180
12	0.01939	0.01510	0.01669	0.01526	0.01929	0.01688	0.01195	0.03667	0.48890	0.08142	0.06487	0.07569	0.02969	0.01266	0.00847	0.00277	0.00617	0.05837	0.00813	0.01160
13	0.01464	0.03594	0.01646	0.09812	0.05811	0.01186	0.01163	0.01723	0.01576	0.05609	0.02762	0.31590	0.02979	0.04011	0.01083	0.00277	0.05861	0.01326	0.00578	0.15950

[dist]
# distance from previous block
# <min> <max>
0	0

# created by:
# /st0/software/busco_prod/Augustus/scripts/msa2prfl.pl ./align_prep/109741.fa
