[name]
unknown

[dist]
# distance from previous block
# <min> <max>
0	56

[block]
# block no. 0 follows, 26 sequences, length 22
# corresponding to MSA columns:
# 56-77
name=unknown_A
#
# <colnr> <probs for GDERKNQSTAVLIFYWHMCP>
#	G	D	E	R	K	N	Q	S	T	A	V	L	I	F	Y	W	H	M	C	P
0	0.02072	0.01344	0.04487	0.01481	0.01880	0.01256	0.01299	0.12763	0.04984	0.19181	0.03251	0.05439	0.03016	0.01512	0.00904	0.00293	0.00722	0.32382	0.00754	0.00981
1	0.02462	0.37313	0.03104	0.01534	0.02153	0.05359	0.01372	0.32312	0.02518	0.03196	0.01420	0.01507	0.01122	0.00777	0.00622	0.00194	0.00844	0.00539	0.00531	0.01119
2	0.00924	0.00660	0.00880	0.01056	0.01100	0.00616	0.00704	0.01056	0.01452	0.01936	0.04181	0.72848	0.05017	0.02376	0.00968	0.00308	0.00440	0.02156	0.00704	0.00616
3	0.02961	0.01193	0.01619	0.01275	0.01784	0.01039	0.01039	0.03267	0.02166	0.56605	0.15358	0.03166	0.02879	0.01055	0.00788	0.00235	0.00591	0.00878	0.00919	0.01182
4	0.03168	0.01668	0.01994	0.01528	0.02124	0.01674	0.01263	0.31905	0.02802	0.40037	0.02463	0.02238	0.01612	0.00926	0.00761	0.00232	0.00731	0.00727	0.00857	0.01290
5	0.01822	0.01746	0.02980	0.12900	0.60796	0.01788	0.02301	0.02280	0.01701	0.02411	0.01417	0.01895	0.01178	0.00686	0.00752	0.00229	0.00915	0.00676	0.00371	0.01157
6	0.01760	0.53071	0.03192	0.01275	0.01779	0.02418	0.01199	0.02011	0.01450	0.01778	0.01332	0.01717	0.01235	0.02080	0.20325	0.00462	0.01158	0.00521	0.00348	0.00889
7	0.05338	0.14114	0.07021	0.01523	0.02107	0.01997	0.01353	0.30517	0.02551	0.14751	0.04426	0.07250	0.01788	0.00982	0.00720	0.00225	0.00763	0.00766	0.00673	0.01136
8	0.01084	0.00813	0.01219	0.01219	0.01354	0.00948	0.00948	0.01354	0.01219	0.01761	0.02032	0.02980	0.01896	0.05689	0.70337	0.01219	0.02032	0.00813	0.00406	0.00677
9	0.00942	0.00729	0.00842	0.00921	0.01069	0.00652	0.00653	0.01104	0.01572	0.01971	0.05686	0.32797	0.34744	0.07791	0.01169	0.00320	0.00452	0.05280	0.00684	0.00620
10	0.01741	0.06352	0.19385	0.02856	0.03699	0.01941	0.47868	0.02415	0.01733	0.02388	0.01469	0.01899	0.01098	0.00659	0.00833	0.00247	0.01217	0.00792	0.00366	0.01043
11	0.01913	0.01786	0.02947	0.10403	0.58014	0.01833	0.02242	0.07049	0.01846	0.02602	0.01449	0.01886	0.01191	0.00701	0.00752	0.00228	0.00906	0.00676	0.00401	0.01176
12	0.00992	0.00692	0.00875	0.00984	0.01016	0.00670	0.00630	0.01084	0.01323	0.01769	0.03480	0.46731	0.04116	0.26935	0.04694	0.00491	0.00604	0.01741	0.00608	0.00565
13	0.03038	0.01372	0.01749	0.01396	0.01945	0.01301	0.01135	0.03777	0.17827	0.53266	0.03015	0.02641	0.01983	0.00961	0.00765	0.00240	0.00635	0.00786	0.00899	0.01269
14	0.02365	0.01859	0.02321	0.24116	0.07014	0.02109	0.01703	0.42062	0.02810	0.03746	0.01648	0.01888	0.01196	0.00849	0.00758	0.00236	0.00895	0.00680	0.00603	0.01143
15	0.01844	0.01768	0.03019	0.09644	0.63883	0.01793	0.02311	0.02299	0.01711	0.02438	0.01421	0.01888	0.01187	0.00682	0.00751	0.00227	0.00909	0.00676	0.00373	0.01175
16	0.01200	0.00997	0.04807	0.06020	0.01565	0.00849	0.00940	0.01579	0.02029	0.05313	0.53318	0.09431	0.06055	0.01481	0.00875	0.00244	0.00461	0.01307	0.00767	0.00761
17	0.01177	0.00721	0.00798	0.00807	0.00895	0.00703	0.00523	0.01291	0.01339	0.01968	0.03098	0.08080	0.10727	0.33693	0.02264	0.05930	0.00555	0.01071	0.23803	0.00556
18	0.02358	0.01759	0.01945	0.01584	0.01975	0.05545	0.01274	0.31203	0.04292	0.10498	0.09419	0.02573	0.02103	0.06973	0.01307	0.00287	0.12379	0.00795	0.00673	0.01057
19	0.02128	0.02023	0.03500	0.02576	0.03220	0.02084	0.37902	0.22458	0.05210	0.03156	0.01653	0.01981	0.01235	0.00794	0.00967	0.00253	0.06436	0.00809	0.00515	0.01100
20	0.01630	0.01991	0.11456	0.19952	0.03728	0.01833	0.27089	0.02170	0.01584	0.02212	0.01369	0.01889	0.01066	0.00780	0.01059	0.00254	0.12036	0.00728	0.00361	0.06812
21	0.01926	0.18892	0.16472	0.02201	0.11048	0.07783	0.08669	0.04971	0.10668	0.02426	0.01553	0.01750	0.01225	0.00732	0.00683	0.00211	0.00936	0.00606	0.00428	0.06818

[dist]
# distance from previous block
# <min> <max>
0	2

[block]
# block no. 1 follows, 26 sequences, length 15
# corresponding to MSA columns:
# 80-94
name=unknown_B
#
# <colnr> <probs for GDERKNQSTAVLIFYWHMCP>
#	G	D	E	R	K	N	Q	S	T	A	V	L	I	F	Y	W	H	M	C	P
0	0.01718	0.03249	0.50303	0.08064	0.06048	0.01710	0.07113	0.02479	0.01664	0.08390	0.01522	0.01768	0.01071	0.00736	0.00741	0.00241	0.01071	0.00617	0.00384	0.01109
1	0.01622	0.01369	0.01625	0.06529	0.02037	0.01177	0.01012	0.05335	0.06370	0.02536	0.01565	0.01930	0.01315	0.05346	0.00816	0.00180	0.00624	0.00550	0.00481	0.57580
2	0.01730	0.01652	0.02813	0.26776	0.47642	0.01764	0.02255	0.02199	0.01658	0.02299	0.01401	0.01925	0.01138	0.00703	0.00753	0.00234	0.00938	0.00675	0.00363	0.01083
3	0.06839	0.02091	0.09669	0.09394	0.41643	0.06250	0.06751	0.02392	0.03346	0.02459	0.01422	0.01822	0.01146	0.00702	0.00737	0.00231	0.00962	0.00655	0.00384	0.01105
4	0.01533	0.01466	0.02292	0.56753	0.11153	0.03838	0.02007	0.02009	0.01563	0.02034	0.01350	0.01949	0.01038	0.00734	0.00739	0.00236	0.00974	0.00650	0.00352	0.07328
5	0.04852	0.01526	0.06195	0.07876	0.02299	0.01233	0.06069	0.02143	0.03710	0.07809	0.01628	0.02045	0.01329	0.06732	0.00911	0.00216	0.00718	0.00603	0.00477	0.41628
6	0.01098	0.00756	0.00933	0.00933	0.00970	0.00793	0.00592	0.01171	0.01134	0.01549	0.02293	0.04427	0.02524	0.55027	0.21858	0.00866	0.01086	0.01024	0.00445	0.00519
7	0.08790	0.00955	0.01190	0.01047	0.01344	0.00896	0.00815	0.02012	0.02073	0.17851	0.47407	0.04565	0.05389	0.01335	0.00826	0.00237	0.00443	0.01147	0.00824	0.00854
8	0.01647	0.01560	0.01751	0.01410	0.01836	0.07723	0.01130	0.01923	0.01488	0.02177	0.01339	0.01754	0.01180	0.01412	0.09939	0.00312	0.17039	0.00548	0.00412	0.43421
9	0.01120	0.00785	0.00938	0.00921	0.00993	0.00772	0.00577	0.01192	0.01186	0.01627	0.02431	0.10747	0.02734	0.52670	0.11744	0.00709	0.00859	0.01114	0.00475	0.06406
10	0.01709	0.01609	0.02855	0.15960	0.32755	0.01656	0.14349	0.02204	0.04241	0.02318	0.01543	0.02058	0.01248	0.00872	0.00955	0.06731	0.00935	0.00725	0.04273	0.01003
11	0.56212	0.01782	0.01394	0.01210	0.01689	0.10882	0.00978	0.06788	0.01644	0.09577	0.01309	0.01419	0.00975	0.00751	0.00546	0.00229	0.00714	0.00473	0.00523	0.00906
12	0.14283	0.01727	0.02406	0.19681	0.27825	0.06155	0.03861	0.04443	0.01736	0.08706	0.01493	0.01845	0.01144	0.00738	0.00709	0.00233	0.00894	0.00636	0.00447	0.01038
13	0.13828	0.01919	0.05128	0.12385	0.04741	0.05432	0.01488	0.27159	0.05028	0.12952	0.01786	0.01882	0.01269	0.00842	0.00711	0.00234	0.00832	0.00644	0.00626	0.01117
14	0.07561	0.25724	0.09611	0.01764	0.08199	0.11253	0.01466	0.06453	0.01813	0.05444	0.06776	0.01936	0.01615	0.01168	0.05945	0.00280	0.00961	0.00602	0.00452	0.00978

[dist]
# distance from previous block
# <min> <max>
0	6

[block]
# block no. 2 follows, 26 sequences, length 7
# corresponding to MSA columns:
# 101-107
name=unknown_C
#
# <colnr> <probs for GDERKNQSTAVLIFYWHMCP>
#	G	D	E	R	K	N	Q	S	T	A	V	L	I	F	Y	W	H	M	C	P
0	0.08941	0.16491	0.02184	0.01422	0.01948	0.14323	0.01176	0.06657	0.12040	0.12900	0.02056	0.02046	0.04226	0.00842	0.00651	0.00203	0.00789	0.00620	0.00571	0.09916
1	0.47334	0.12968	0.01933	0.01301	0.01826	0.06715	0.04554	0.06215	0.01616	0.07751	0.01274	0.01415	0.00977	0.00726	0.00549	0.00221	0.00733	0.00483	0.00487	0.00922
2	0.01807	0.01264	0.01529	0.01154	0.01745	0.00985	0.00914	0.02114	0.01659	0.13493	0.01929	0.09484	0.01672	0.00822	0.00639	0.00154	0.00562	0.00687	0.00558	0.56830
3	0.01813	0.01379	0.01808	0.04695	0.05655	0.01271	0.03713	0.10142	0.01862	0.08791	0.02078	0.14752	0.01921	0.01014	0.00773	0.00199	0.02896	0.00867	0.00565	0.33808
4	0.02108	0.02262	0.06295	0.03387	0.37547	0.14346	0.04717	0.07618	0.09386	0.02617	0.01601	0.01881	0.01279	0.00754	0.00746	0.00226	0.00975	0.00666	0.00451	0.01138
5	0.02052	0.02133	0.02909	0.04163	0.56529	0.14291	0.02171	0.02456	0.01804	0.02365	0.01380	0.01784	0.01161	0.00695	0.00739	0.00220	0.00986	0.00642	0.00378	0.01143
6	0.02004	0.02084	0.02823	0.11324	0.49740	0.14278	0.02147	0.02414	0.01782	0.02307	0.01372	0.01800	0.01140	0.00704	0.00740	0.00223	0.00998	0.00641	0.00374	0.01104

[dist]
# distance from previous block
# <min> <max>
44	64

[block]
# block no. 3 follows, 26 sequences, length 27
# corresponding to MSA columns:
# 174-200
name=unknown_D
#
# <colnr> <probs for GDERKNQSTAVLIFYWHMCP>
#	G	D	E	R	K	N	Q	S	T	A	V	L	I	F	Y	W	H	M	C	P
0	0.13751	0.02100	0.02062	0.05380	0.15075	0.17898	0.01470	0.08103	0.14207	0.07360	0.01757	0.01879	0.01343	0.00808	0.00692	0.00224	0.00877	0.00624	0.00539	0.03852
1	0.01933	0.07294	0.02065	0.01844	0.11846	0.03362	0.04171	0.09733	0.04779	0.11391	0.21271	0.03201	0.05378	0.01038	0.00768	0.00219	0.00667	0.00893	0.00656	0.07490
2	0.12115	0.14979	0.15724	0.01892	0.06502	0.06649	0.04805	0.18388	0.05022	0.03025	0.01460	0.01619	0.01117	0.00760	0.00663	0.00217	0.00898	0.00574	0.00485	0.03106
3	0.08018	0.09541	0.06309	0.09824	0.04821	0.02012	0.04106	0.23534	0.10949	0.07695	0.02051	0.02133	0.03968	0.00876	0.00718	0.00231	0.00810	0.00697	0.00599	0.01108
4	0.02253	0.13462	0.18280	0.02124	0.09954	0.12775	0.01827	0.20779	0.06321	0.02961	0.01532	0.01677	0.01170	0.00788	0.00697	0.00217	0.00974	0.00592	0.00491	0.01124
5	0.01103	0.00735	0.00827	0.00827	0.00827	0.00735	0.00460	0.01103	0.01103	0.01471	0.02390	0.04964	0.02758	0.73343	0.03861	0.00735	0.00735	0.01103	0.00460	0.00460
6	0.02692	0.05202	0.02221	0.01707	0.02240	0.13759	0.01379	0.45624	0.07548	0.03905	0.01793	0.01930	0.01361	0.04117	0.00874	0.00244	0.00903	0.00670	0.00666	0.01164
7	0.05807	0.01452	0.01741	0.01420	0.01948	0.01461	0.01147	0.06361	0.25060	0.40687	0.02901	0.02584	0.01965	0.00960	0.00754	0.00242	0.00635	0.00779	0.00854	0.01241
8	0.01134	0.00841	0.01083	0.03202	0.01292	0.00816	0.00772	0.01578	0.05856	0.02917	0.58233	0.05342	0.06409	0.05944	0.01067	0.00271	0.00416	0.01303	0.00792	0.00732
9	0.02072	0.69960	0.03875	0.01334	0.01969	0.06683	0.01307	0.02313	0.01574	0.01788	0.01061	0.01225	0.00974	0.00656	0.00497	0.00164	0.00842	0.00410	0.00328	0.00968
10	0.01048	0.00781	0.00895	0.00874	0.01100	0.00680	0.00652	0.01294	0.01861	0.04803	0.27220	0.11901	0.40569	0.01800	0.00897	0.00254	0.00390	0.01540	0.00756	0.00687
11	0.00924	0.00660	0.00880	0.01056	0.01100	0.00616	0.00704	0.01056	0.01452	0.01936	0.04181	0.72848	0.05017	0.02376	0.00968	0.00308	0.00440	0.02156	0.00704	0.00616
12	0.01459	0.01375	0.02323	0.67546	0.08991	0.01692	0.02120	0.01961	0.01529	0.01970	0.01353	0.02014	0.01022	0.00753	0.00758	0.00251	0.01005	0.00674	0.00339	0.00864
13	0.01834	0.05157	0.03564	0.07086	0.40377	0.01892	0.24147	0.02342	0.01731	0.02405	0.01443	0.01912	0.01165	0.00666	0.00789	0.00234	0.01032	0.00739	0.00374	0.01113
14	0.01482	0.01399	0.02365	0.64012	0.12342	0.01698	0.02131	0.01982	0.01540	0.01999	0.01357	0.02006	0.01032	0.00749	0.00758	0.00250	0.00999	0.00674	0.00341	0.00883
15	0.00924	0.00660	0.00880	0.01056	0.01100	0.00616	0.00704	0.01056	0.01452	0.01936	0.04181	0.72848	0.05017	0.02376	0.00968	0.00308	0.00440	0.02156	0.00704	0.00616
16	0.01659	0.01659	0.02323	0.01991	0.01991	0.02323	0.01659	0.01825	0.01162	0.01825	0.00996	0.01659	0.00996	0.01328	0.02489	0.00332	0.71955	0.00664	0.00332	0.00830
17	0.01577	0.03532	0.55864	0.02378	0.03425	0.01794	0.15958	0.02408	0.01641	0.02408	0.01397	0.01694	0.01000	0.00704	0.00757	0.00243	0.01154	0.00630	0.00333	0.01101
18	0.01877	0.01802	0.03079	0.04656	0.68612	0.01802	0.02328	0.02328	0.01727	0.02478	0.01427	0.01877	0.01201	0.00676	0.00751	0.00225	0.00901	0.00676	0.00375	0.01201
19	0.00896	0.00768	0.00768	0.00768	0.01025	0.00640	0.00576	0.01089	0.01729	0.02049	0.07684	0.07300	0.68304	0.01921	0.00896	0.00256	0.00384	0.01601	0.00704	0.00640
20	0.01521	0.03923	0.69413	0.02162	0.03283	0.01762	0.02802	0.02402	0.01601	0.02402	0.01361	0.01601	0.00961	0.00721	0.00721	0.00240	0.01121	0.00560	0.00320	0.01121
21	0.01761	0.03388	0.53924	0.02326	0.08468	0.01704	0.05468	0.02534	0.01680	0.09456	0.01547	0.01748	0.01086	0.00736	0.00736	0.00239	0.01060	0.00607	0.00393	0.01141
22	0.02857	0.02044	0.02212	0.01709	0.02304	0.02248	0.01407	0.58600	0.07191	0.08675	0.01967	0.01927	0.01386	0.00919	0.00760	0.00230	0.00809	0.00698	0.00771	0.01285
23	0.01451	0.01373	0.02279	0.65884	0.04962	0.01737	0.02070	0.01929	0.01488	0.01929	0.01320	0.01993	0.01010	0.00804	0.00899	0.00259	0.06762	0.00673	0.00337	0.00842
24	0.69560	0.01446	0.01193	0.01040	0.01524	0.01630	0.00857	0.02408	0.01398	0.11383	0.01291	0.01396	0.00950	0.00733	0.00505	0.00235	0.00594	0.00453	0.00526	0.00878
25	0.01771	0.01990	0.03913	0.02877	0.03496	0.04939	0.51743	0.02306	0.01714	0.02305	0.01610	0.06097	0.01350	0.00827	0.01075	0.00265	0.09430	0.00924	0.00397	0.00970
26	0.68239	0.07293	0.01341	0.01019	0.01488	0.01753	0.00854	0.02189	0.01358	0.03252	0.04730	0.01473	0.01180	0.00746	0.00494	0.00229	0.00592	0.00463	0.00478	0.00828

[dist]
# distance from previous block
# <min> <max>
3	5

[block]
# block no. 4 follows, 26 sequences, length 29
# corresponding to MSA columns:
# 206-234
name=unknown_E
#
# <colnr> <probs for GDERKNQSTAVLIFYWHMCP>
#	G	D	E	R	K	N	Q	S	T	A	V	L	I	F	Y	W	H	M	C	P
0	0.02144	0.01580	0.01758	0.01479	0.01890	0.01690	0.01161	0.40734	0.02746	0.03691	0.02632	0.26786	0.02594	0.01412	0.00825	0.00251	0.00685	0.01192	0.00728	0.04021
1	0.02922	0.02063	0.02238	0.01716	0.02322	0.02261	0.01418	0.61475	0.03463	0.09534	0.01908	0.01877	0.01333	0.00913	0.00759	0.00228	0.00821	0.00689	0.00772	0.01290
2	0.01551	0.07522	0.62823	0.02068	0.03144	0.01793	0.02635	0.02373	0.01597	0.02372	0.01344	0.01580	0.00969	0.00710	0.00701	0.00230	0.01079	0.00547	0.00326	0.04636
3	0.02548	0.07700	0.29002	0.01671	0.02476	0.01513	0.01804	0.03073	0.01896	0.37452	0.02196	0.02089	0.01444	0.00830	0.00726	0.00232	0.00848	0.00655	0.00646	0.01199
4	0.01208	0.00828	0.01109	0.05636	0.01431	0.00786	0.00816	0.01518	0.01982	0.06301	0.48688	0.10213	0.10496	0.01594	0.00962	0.03159	0.00436	0.01341	0.00770	0.00728
5	0.01750	0.01776	0.07497	0.02888	0.17893	0.01561	0.28285	0.02246	0.01745	0.07288	0.02169	0.11604	0.01988	0.01029	0.00864	0.00261	0.00976	0.06684	0.00488	0.01009
6	0.02582	0.01462	0.02256	0.07586	0.26807	0.01397	0.01640	0.02952	0.01938	0.36132	0.02350	0.02599	0.01698	0.00890	0.00773	0.00239	0.00769	0.04062	0.00675	0.01194
7	0.01804	0.01728	0.02947	0.15617	0.58220	0.01783	0.02292	0.02264	0.01693	0.02390	0.01414	0.01901	0.01170	0.00689	0.00752	0.00230	0.00919	0.00676	0.00369	0.01143
8	0.01456	0.01394	0.02421	0.67003	0.05141	0.01701	0.06321	0.01970	0.01535	0.01970	0.01360	0.02024	0.01020	0.00750	0.00767	0.00253	0.01029	0.00689	0.00340	0.00855
9	0.02804	0.02030	0.19658	0.01684	0.02423	0.01337	0.05837	0.03274	0.01997	0.47249	0.02469	0.02290	0.01589	0.00862	0.00760	0.00238	0.00812	0.00719	0.00740	0.01229
10	0.01735	0.01656	0.02821	0.26116	0.48267	0.01765	0.02257	0.02203	0.01660	0.02305	0.01402	0.01924	0.01140	0.00702	0.00753	0.00234	0.00936	0.00675	0.00363	0.01086
11	0.01432	0.01348	0.02275	0.71520	0.05224	0.01685	0.02107	0.01938	0.01517	0.01938	0.01348	0.02022	0.01011	0.00758	0.00758	0.00253	0.01011	0.00674	0.00337	0.00843
12	0.01877	0.01802	0.03079	0.04656	0.68612	0.01802	0.02328	0.02328	0.01727	0.02478	0.01427	0.01877	0.01201	0.00676	0.00751	0.00225	0.00901	0.00676	0.00375	0.01201
13	0.01376	0.01368	0.02682	0.02131	0.02553	0.01283	0.32953	0.01780	0.01656	0.02213	0.03014	0.29509	0.05852	0.01474	0.00936	0.00283	0.00874	0.06693	0.00545	0.00825
14	0.01549	0.07677	0.65898	0.02115	0.03211	0.01828	0.02722	0.02395	0.01598	0.02369	0.01345	0.01581	0.00962	0.00717	0.00708	0.00236	0.01104	0.00552	0.00321	0.01113
15	0.01432	0.01348	0.02275	0.71520	0.05224	0.01685	0.02107	0.01938	0.01517	0.01938	0.01348	0.02022	0.01011	0.00758	0.00758	0.00253	0.01011	0.00674	0.00337	0.00843
16	0.01521	0.03923	0.69413	0.02162	0.03283	0.01762	0.02802	0.02402	0.01601	0.02402	0.01361	0.01601	0.00961	0.00721	0.00721	0.00240	0.01121	0.00560	0.00320	0.01121
17	0.01432	0.01348	0.02275	0.71520	0.05224	0.01685	0.02107	0.01938	0.01517	0.01938	0.01348	0.02022	0.01011	0.00758	0.00758	0.00253	0.01011	0.00674	0.00337	0.00843
18	0.01816	0.01740	0.02968	0.13848	0.59897	0.01786	0.02297	0.02274	0.01698	0.02404	0.01416	0.01897	0.01175	0.00687	0.00752	0.00229	0.00916	0.00676	0.00370	0.01152
19	0.01877	0.01802	0.03079	0.04656	0.68612	0.01802	0.02328	0.02328	0.01727	0.02478	0.01427	0.01877	0.01201	0.00676	0.00751	0.00225	0.00901	0.00676	0.00375	0.01201
20	0.01432	0.01348	0.02275	0.71520	0.05224	0.01685	0.02107	0.01938	0.01517	0.01938	0.01348	0.02022	0.01011	0.00758	0.00758	0.00253	0.01011	0.00674	0.00337	0.00843
21	0.01877	0.01802	0.03079	0.04656	0.68612	0.01802	0.02328	0.02328	0.01727	0.02478	0.01427	0.01877	0.01201	0.00676	0.00751	0.00225	0.00901	0.00676	0.00375	0.01201
22	0.01541	0.01495	0.02354	0.61461	0.11730	0.04718	0.02101	0.02027	0.01567	0.01991	0.01349	0.01978	0.01030	0.00751	0.00754	0.00247	0.01015	0.00666	0.00343	0.00882
23	0.01877	0.01802	0.03079	0.04656	0.68612	0.01802	0.02328	0.02328	0.01727	0.02478	0.01427	0.01877	0.01201	0.00676	0.00751	0.00225	0.00901	0.00676	0.00375	0.01201
24	0.01619	0.03795	0.64619	0.02132	0.03216	0.01804	0.02705	0.06950	0.01742	0.02572	0.01394	0.01617	0.00984	0.00734	0.00723	0.00239	0.01101	0.00569	0.00352	0.01133
25	0.01078	0.00739	0.00820	0.00820	0.00851	0.00724	0.00474	0.01101	0.01178	0.01540	0.03024	0.05243	0.10603	0.64795	0.03506	0.00678	0.00693	0.01163	0.00489	0.00481
26	0.01385	0.01331	0.02373	0.42877	0.04061	0.01491	0.13806	0.01835	0.01566	0.02035	0.02171	0.14955	0.04735	0.01077	0.00828	0.00263	0.00931	0.01022	0.00428	0.00827
27	0.01289	0.00852	0.01150	0.01265	0.01453	0.00818	0.01051	0.01577	0.01720	0.06960	0.04355	0.19978	0.10957	0.02047	0.00997	0.00324	0.00614	0.41158	0.00717	0.00719
28	0.01877	0.01802	0.03079	0.04656	0.68612	0.01802	0.02328	0.02328	0.01727	0.02478	0.01427	0.01877	0.01201	0.00676	0.00751	0.00225	0.00901	0.00676	0.00375	0.01201

[dist]
# distance from previous block
# <min> <max>
0	1

[block]
# block no. 5 follows, 26 sequences, length 16
# corresponding to MSA columns:
# 236-251
name=unknown_F
#
# <colnr> <probs for GDERKNQSTAVLIFYWHMCP>
#	G	D	E	R	K	N	Q	S	T	A	V	L	I	F	Y	W	H	M	C	P
0	0.01835	0.01791	0.07077	0.09403	0.46894	0.01666	0.04277	0.02306	0.01730	0.06074	0.01758	0.02566	0.01514	0.00837	0.00784	0.00242	0.00903	0.06794	0.00431	0.01117
1	0.01233	0.00798	0.01079	0.01168	0.01273	0.00787	0.00843	0.01401	0.01529	0.08496	0.03863	0.56546	0.04420	0.02151	0.01045	0.00306	0.04719	0.06938	0.00704	0.00701
2	0.03040	0.01698	0.10616	0.01488	0.02136	0.01310	0.01357	0.06826	0.06026	0.53134	0.02724	0.02428	0.01753	0.00914	0.00758	0.00236	0.00715	0.00738	0.00839	0.01263
3	0.01811	0.13178	0.44966	0.02101	0.03057	0.01893	0.10896	0.02513	0.01674	0.08813	0.01500	0.01703	0.01077	0.00721	0.00715	0.00231	0.01053	0.00603	0.00390	0.01104
4	0.02068	0.02205	0.14141	0.03215	0.27660	0.01830	0.17401	0.10684	0.01999	0.08911	0.01637	0.01930	0.01223	0.00729	0.00783	0.00236	0.00996	0.00718	0.00470	0.01165
5	0.02913	0.02059	0.01997	0.01627	0.02153	0.15563	0.01313	0.25970	0.06191	0.25546	0.02257	0.02363	0.01627	0.00957	0.00760	0.00231	0.00860	0.03696	0.00743	0.01174
6	0.30450	0.11056	0.05509	0.01609	0.08331	0.01818	0.01256	0.08513	0.05400	0.13814	0.04398	0.01858	0.01446	0.00805	0.00621	0.00225	0.00698	0.00591	0.00569	0.01030
7	0.01675	0.01989	0.17013	0.02145	0.07243	0.01463	0.17719	0.02346	0.07800	0.07891	0.05834	0.12272	0.04537	0.01051	0.00815	0.00247	0.00864	0.00992	0.00534	0.05569
8	0.06080	0.06466	0.43210	0.02000	0.02919	0.01736	0.08121	0.02658	0.04354	0.12909	0.01671	0.01807	0.01170	0.00755	0.00721	0.00237	0.00996	0.00620	0.00450	0.01118
9	0.01614	0.01918	0.18840	0.01665	0.02285	0.01291	0.10231	0.02205	0.05205	0.09015	0.13597	0.05575	0.06137	0.01227	0.04044	0.00272	0.00830	0.00893	0.00561	0.12596
10	0.04666	0.01863	0.14859	0.05817	0.14279	0.01414	0.06950	0.02167	0.05287	0.04095	0.12823	0.06261	0.02389	0.00931	0.00753	0.00223	0.00776	0.00833	0.00508	0.13107
11	0.08133	0.08108	0.08417	0.01694	0.08441	0.01453	0.04333	0.02372	0.05952	0.12328	0.08806	0.04089	0.05190	0.00903	0.00699	0.00208	0.00689	0.00755	0.00567	0.16865
12	0.01618	0.03378	0.50660	0.02267	0.09349	0.07253	0.02439	0.02349	0.01713	0.02429	0.08008	0.02014	0.01602	0.00804	0.00738	0.00235	0.01044	0.00647	0.00383	0.01069
13	0.01599	0.11220	0.15516	0.01705	0.05587	0.04042	0.06683	0.07918	0.04696	0.02490	0.07371	0.06383	0.19370	0.01172	0.00778	0.00236	0.00773	0.00986	0.00540	0.00936
14	0.04921	0.02583	0.27434	0.03279	0.34957	0.01817	0.02341	0.05902	0.04861	0.02646	0.01487	0.01791	0.01154	0.00723	0.00730	0.00233	0.00952	0.00631	0.00398	0.01161
15	0.01695	0.07915	0.14083	0.04406	0.23650	0.01736	0.12353	0.02306	0.05598	0.02428	0.04338	0.02262	0.04921	0.00785	0.00744	0.00221	0.00897	0.00734	0.00428	0.08500

[dist]
# distance from previous block
# <min> <max>
2	10

[block]
# block no. 6 follows, 26 sequences, length 21
# corresponding to MSA columns:
# 262-282
name=unknown_G
#
# <colnr> <probs for GDERKNQSTAVLIFYWHMCP>
#	G	D	E	R	K	N	Q	S	T	A	V	L	I	F	Y	W	H	M	C	P
0	0.07944	0.01541	0.02199	0.01732	0.02242	0.01569	0.16055	0.04869	0.20521	0.08216	0.05630	0.02722	0.06187	0.00937	0.00809	0.00235	0.02861	0.00834	0.03576	0.09319
1	0.12846	0.01630	0.06946	0.01571	0.06292	0.01437	0.01259	0.07875	0.09830	0.23924	0.04989	0.02375	0.03722	0.00885	0.00702	0.00221	0.00670	0.00706	0.00678	0.11440
2	0.02151	0.06890	0.01973	0.01398	0.01998	0.01686	0.01145	0.19093	0.15195	0.08397	0.01924	0.01940	0.01452	0.00781	0.00665	0.00184	0.00665	0.00612	0.00623	0.31228
3	0.17132	0.01487	0.06581	0.04112	0.06987	0.01287	0.01245	0.02760	0.01875	0.32110	0.11440	0.02570	0.02238	0.00922	0.00713	0.00231	0.00658	0.00744	0.00704	0.04203
4	0.08362	0.01512	0.03508	0.01298	0.01890	0.01352	0.01083	0.13872	0.04277	0.20915	0.02436	0.02379	0.06934	0.00869	0.00683	0.00196	0.00637	0.00685	0.00666	0.26445
5	0.06529	0.11094	0.02242	0.07195	0.06016	0.09422	0.01352	0.17507	0.02251	0.17932	0.04933	0.02019	0.01563	0.00840	0.00694	0.00212	0.00812	0.00646	0.00616	0.06123
6	0.07897	0.02170	0.15247	0.03903	0.51155	0.01787	0.02297	0.02334	0.01669	0.02537	0.01385	0.01775	0.01127	0.00686	0.00723	0.00229	0.00917	0.00633	0.00373	0.01156
7	0.07656	0.01741	0.10130	0.40290	0.18797	0.01692	0.02103	0.02089	0.01564	0.02241	0.01442	0.02118	0.01156	0.00780	0.00740	0.00247	0.00954	0.02942	0.00367	0.00949
8	0.05008	0.23209	0.14905	0.01703	0.02316	0.21353	0.04281	0.02558	0.01812	0.07419	0.04566	0.01997	0.01480	0.00829	0.00667	0.00210	0.00998	0.03280	0.00439	0.00972
9	0.01529	0.02330	0.27455	0.02338	0.14707	0.01533	0.05625	0.02330	0.10624	0.02490	0.06051	0.12271	0.02287	0.01093	0.00803	0.00255	0.00859	0.03896	0.00497	0.01027
10	0.02354	0.01900	0.02016	0.01679	0.02181	0.06755	0.03769	0.21665	0.36800	0.08687	0.02523	0.02389	0.01848	0.00956	0.00766	0.00243	0.00751	0.00776	0.00740	0.01204
11	0.05822	0.01507	0.01758	0.01422	0.01925	0.01547	0.01139	0.16554	0.17495	0.32288	0.02643	0.02614	0.01883	0.06677	0.00997	0.00278	0.00679	0.00781	0.00805	0.01185
12	0.00934	0.00746	0.00827	0.00855	0.01048	0.00649	0.00617	0.01130	0.01708	0.02143	0.15218	0.20207	0.44568	0.04625	0.01021	0.00282	0.00405	0.01662	0.00713	0.00639
13	0.01043	0.00769	0.00976	0.00935	0.01118	0.00701	0.00697	0.01369	0.02059	0.02859	0.57256	0.09149	0.14970	0.01639	0.00898	0.00244	0.00365	0.01440	0.00812	0.00701
14	0.01101	0.00743	0.00867	0.00867	0.00881	0.00757	0.00510	0.01129	0.01115	0.01501	0.02353	0.04760	0.02669	0.66398	0.10685	0.00785	0.00868	0.01073	0.00454	0.00482
15	0.02837	0.03506	0.02159	0.01939	0.02345	0.65338	0.01464	0.07632	0.02253	0.02070	0.01220	0.01401	0.01000	0.00791	0.00689	0.00198	0.01329	0.00503	0.00418	0.00909
16	0.01966	0.01952	0.02859	0.04101	0.55962	0.08108	0.02138	0.02560	0.08212	0.02489	0.01567	0.01924	0.01290	0.00720	0.00747	0.00226	0.00914	0.00676	0.00416	0.01172
17	0.01063	0.00780	0.00989	0.00959	0.01140	0.00719	0.00726	0.01382	0.02014	0.02778	0.52090	0.06085	0.15022	0.04748	0.01035	0.00271	0.00405	0.06310	0.00790	0.00693
18	0.01657	0.19795	0.50710	0.02104	0.06649	0.02048	0.02431	0.02368	0.01595	0.02265	0.01295	0.01529	0.00977	0.00702	0.00669	0.00222	0.01038	0.00532	0.00324	0.01092
19	0.01494	0.01102	0.01295	0.01227	0.01507	0.01149	0.00945	0.02435	0.24866	0.07141	0.23883	0.13655	0.08033	0.01502	0.00865	0.00264	0.00503	0.06445	0.00784	0.00905
20	0.28247	0.01270	0.03868	0.04131	0.01606	0.01271	0.00951	0.06890	0.01913	0.03232	0.34101	0.03503	0.03982	0.01139	0.00723	0.00237	0.00533	0.00921	0.00660	0.00819

[dist]
# distance from previous block
# <min> <max>
0	1

[block]
# block no. 7 follows, 26 sequences, length 13
# corresponding to MSA columns:
# 284-296
name=unknown_H
#
# <colnr> <probs for GDERKNQSTAVLIFYWHMCP>
#	G	D	E	R	K	N	Q	S	T	A	V	L	I	F	Y	W	H	M	C	P
0	0.11136	0.06891	0.38905	0.02279	0.13624	0.01790	0.02183	0.05105	0.01636	0.02548	0.01405	0.01809	0.01116	0.05435	0.00887	0.00264	0.00964	0.00593	0.00377	0.01054
1	0.28841	0.11046	0.24457	0.03890	0.02217	0.01739	0.01570	0.02245	0.01519	0.04389	0.04318	0.01746	0.01295	0.00763	0.00597	0.00224	0.00781	0.00546	0.06879	0.00939
2	0.01087	0.00798	0.01146	0.01146	0.01256	0.00908	0.00857	0.01307	0.01197	0.01707	0.02099	0.03351	0.02057	0.18350	0.57896	0.01129	0.01789	0.00867	0.00416	0.00637
3	0.01179	0.01415	0.14019	0.01463	0.05937	0.00967	0.01235	0.01585	0.01824	0.02559	0.31213	0.19874	0.07147	0.01565	0.00878	0.00260	0.00575	0.04838	0.00667	0.00798
4	0.02239	0.43134	0.03151	0.01477	0.02062	0.08342	0.01325	0.14936	0.11937	0.02580	0.01521	0.01591	0.01238	0.00768	0.00599	0.00192	0.00830	0.00535	0.00482	0.01061
5	0.01847	0.01980	0.08633	0.04447	0.63141	0.01799	0.02368	0.02334	0.01717	0.02472	0.01421	0.01854	0.01181	0.00680	0.00748	0.00227	0.00920	0.00666	0.00371	0.01195
6	0.12853	0.01588	0.14546	0.01431	0.04150	0.01155	0.01311	0.01936	0.01720	0.08756	0.11739	0.08945	0.12270	0.01386	0.00815	0.00266	0.00661	0.12989	0.00621	0.00861
7	0.01696	0.01789	0.03489	0.02605	0.03223	0.01740	0.45231	0.02542	0.13398	0.02509	0.02299	0.07378	0.04104	0.00926	0.00884	0.00263	0.01048	0.03376	0.00497	0.01001
8	0.01885	0.01660	0.02864	0.03856	0.49454	0.01633	0.07997	0.02315	0.01749	0.07407	0.01878	0.06932	0.01672	0.00882	0.00796	0.00241	0.00876	0.04319	0.00458	0.01125
9	0.01735	0.01619	0.02719	0.04047	0.56654	0.01615	0.02087	0.02149	0.01705	0.02412	0.01901	0.08621	0.01820	0.00952	0.00797	0.00244	0.00843	0.06542	0.00433	0.01105
10	0.01677	0.01570	0.02631	0.07562	0.47984	0.01574	0.04351	0.02090	0.01694	0.02352	0.02198	0.03107	0.06590	0.03883	0.00925	0.00264	0.00855	0.07208	0.00435	0.01051
11	0.01903	0.05740	0.37059	0.05049	0.07899	0.16631	0.03686	0.02503	0.01751	0.04769	0.01524	0.03463	0.01220	0.00815	0.00729	0.00232	0.01100	0.02503	0.00386	0.01038
12	0.01848	0.01772	0.03026	0.09071	0.64426	0.01794	0.02313	0.02302	0.01713	0.02442	0.01422	0.01887	0.01189	0.00681	0.00751	0.00227	0.00908	0.00676	0.00373	0.01178

[dist]
# distance from previous block
# <min> <max>
0	2

[block]
# block no. 8 follows, 26 sequences, length 136
# corresponding to MSA columns:
# 299-434
name=unknown_I
#
# <colnr> <probs for GDERKNQSTAVLIFYWHMCP>
#	G	D	E	R	K	N	Q	S	T	A	V	L	I	F	Y	W	H	M	C	P
0	0.01843	0.01767	0.03016	0.09850	0.63688	0.01793	0.02311	0.02298	0.01711	0.02436	0.01421	0.01889	0.01187	0.00682	0.00751	0.00227	0.00910	0.00676	0.00372	0.01174
1	0.01840	0.01976	0.03301	0.16440	0.21729	0.09309	0.26852	0.02343	0.01759	0.02281	0.01517	0.02151	0.01233	0.00739	0.00812	0.00243	0.01113	0.02966	0.00384	0.01010
2	0.09537	0.01822	0.02331	0.13430	0.20926	0.04370	0.01713	0.23895	0.02280	0.03232	0.04268	0.01947	0.01395	0.00846	0.00824	0.00237	0.04660	0.00674	0.00526	0.01087
3	0.01188	0.01034	0.05440	0.01067	0.01344	0.00834	0.00890	0.01591	0.04637	0.05376	0.32781	0.10700	0.22064	0.01650	0.00891	0.00258	0.00469	0.06278	0.00749	0.00758
4	0.01877	0.01802	0.03079	0.04656	0.68612	0.01802	0.02328	0.02328	0.01727	0.02478	0.01427	0.01877	0.01201	0.00676	0.00751	0.00225	0.00901	0.00676	0.00375	0.01201
5	0.75459	0.01462	0.01164	0.03956	0.01625	0.01701	0.00875	0.02217	0.01300	0.03342	0.01068	0.01265	0.00829	0.00706	0.00482	0.00235	0.00605	0.00422	0.00464	0.00822
6	0.14384	0.02314	0.05520	0.02395	0.09414	0.18112	0.20912	0.02779	0.12025	0.02570	0.01597	0.01841	0.01236	0.00752	0.00735	0.00235	0.01038	0.00679	0.00456	0.01007
7	0.00936	0.00714	0.00863	0.00959	0.01093	0.00641	0.00678	0.01114	0.01612	0.02069	0.10126	0.42458	0.27490	0.02145	0.00940	0.00286	0.00424	0.04103	0.00714	0.00635
8	0.01887	0.01629	0.01715	0.01544	0.01972	0.01887	0.01201	0.04031	0.67241	0.03173	0.03087	0.02830	0.02315	0.01029	0.00772	0.00257	0.00600	0.00858	0.00772	0.01201
9	0.01573	0.01348	0.01573	0.01123	0.01798	0.01011	0.00899	0.01910	0.01573	0.02472	0.01348	0.01573	0.01123	0.00562	0.00562	0.00112	0.00562	0.00449	0.00449	0.77980
10	0.00924	0.00660	0.00880	0.01056	0.01100	0.00616	0.00704	0.01056	0.01452	0.01936	0.04181	0.72848	0.05017	0.02376	0.00968	0.00308	0.00440	0.02156	0.00704	0.00616
11	0.01803	0.01514	0.01627	0.01465	0.01857	0.01720	0.01135	0.06916	0.53402	0.03184	0.10292	0.06514	0.02929	0.01146	0.00794	0.00256	0.00578	0.00969	0.00775	0.01123
12	0.78701	0.01467	0.01115	0.00997	0.01467	0.01702	0.00821	0.02230	0.01291	0.03403	0.01056	0.01232	0.00821	0.00704	0.00469	0.00235	0.00587	0.00411	0.00469	0.00821
13	0.01772	0.01695	0.02889	0.20418	0.53669	0.01775	0.02276	0.02236	0.01678	0.02351	0.01408	0.01911	0.01157	0.00695	0.00753	0.00232	0.00927	0.00675	0.00366	0.01117
14	0.02833	0.03615	0.02149	0.01954	0.02345	0.70298	0.01466	0.03029	0.02149	0.01856	0.01172	0.01368	0.00977	0.00782	0.00684	0.00195	0.01368	0.00489	0.00391	0.00879
15	0.01083	0.00811	0.01210	0.01208	0.01345	0.00938	0.00938	0.01358	0.01258	0.01815	0.04808	0.03093	0.02117	0.05515	0.67424	0.01178	0.01961	0.00836	0.00424	0.00679
16	0.01877	0.01802	0.03079	0.04656	0.68612	0.01802	0.02328	0.02328	0.01727	0.02478	0.01427	0.01877	0.01201	0.00676	0.00751	0.00225	0.00901	0.00676	0.00375	0.01201
17	0.01790	0.02046	0.04476	0.03197	0.03964	0.01918	0.65857	0.02430	0.01790	0.02430	0.01535	0.02046	0.01151	0.00639	0.00895	0.00256	0.01279	0.00895	0.00384	0.01023
18	0.00924	0.00660	0.00880	0.01056	0.01100	0.00616	0.00704	0.01056	0.01452	0.01936	0.04181	0.72848	0.05017	0.02376	0.00968	0.00308	0.00440	0.02156	0.00704	0.00616
19	0.00924	0.00660	0.00880	0.01056	0.01100	0.00616	0.00704	0.01056	0.01452	0.01936	0.04181	0.72848	0.05017	0.02376	0.00968	0.00308	0.00440	0.02156	0.00704	0.00616
20	0.08958	0.04982	0.04699	0.01643	0.02211	0.05044	0.01382	0.38958	0.17598	0.03965	0.01968	0.01948	0.01444	0.00897	0.00722	0.00231	0.00793	0.00676	0.00688	0.01194
21	0.01432	0.01348	0.02275	0.71520	0.05224	0.01685	0.02107	0.01938	0.01517	0.01938	0.01348	0.02022	0.01011	0.00758	0.00758	0.00253	0.01011	0.00674	0.00337	0.00843
22	0.01059	0.00775	0.00993	0.00939	0.01124	0.00709	0.00704	0.01403	0.02112	0.02958	0.63134	0.05803	0.12286	0.01582	0.00895	0.00240	0.00360	0.01391	0.00824	0.00709
23	0.01558	0.03670	0.60636	0.02302	0.03375	0.01783	0.11325	0.02406	0.01627	0.02406	0.01385	0.01662	0.00987	0.00710	0.00744	0.00242	0.01142	0.00606	0.00329	0.01108
24	0.03231	0.01402	0.04182	0.01381	0.01974	0.01176	0.01175	0.06185	0.02208	0.61707	0.05192	0.02624	0.02007	0.00951	0.00766	0.00235	0.00660	0.00774	0.00905	0.01264
25	0.01450	0.01382	0.02383	0.68179	0.05163	0.01697	0.05224	0.01962	0.01530	0.01962	0.01357	0.02023	0.01018	0.00753	0.00765	0.00253	0.01024	0.00685	0.00339	0.00851
26	0.01963	0.01965	0.02995	0.04413	0.62658	0.07957	0.02250	0.02391	0.01765	0.02422	0.01404	0.01832	0.01181	0.00685	0.00745	0.00223	0.00943	0.00659	0.00377	0.01173
27	0.02900	0.05523	0.09493	0.01516	0.02154	0.01399	0.03322	0.03474	0.09352	0.48651	0.02673	0.02411	0.01754	0.00900	0.00748	0.00235	0.00722	0.00736	0.00801	0.01237
28	0.01808	0.01738	0.02923	0.12094	0.55760	0.01833	0.02246	0.02241	0.01656	0.02361	0.01382	0.01876	0.01162	0.00740	0.00898	0.00237	0.06874	0.00675	0.00367	0.01129
29	0.00949	0.00679	0.00902	0.01039	0.01106	0.00632	0.00706	0.01118	0.01566	0.02118	0.14699	0.61812	0.05368	0.02241	0.00956	0.00297	0.00427	0.02027	0.00726	0.00632
30	0.01632	0.09890	0.60459	0.02067	0.03122	0.01898	0.02606	0.05505	0.01692	0.02465	0.01357	0.01579	0.00978	0.00724	0.00702	0.00233	0.01080	0.00553	0.00342	0.01116
31	0.05182	0.05885	0.29138	0.05112	0.12015	0.01873	0.25186	0.02373	0.01666	0.02424	0.01404	0.01777	0.01057	0.00683	0.00767	0.00241	0.01107	0.00686	0.00358	0.01067
32	0.00924	0.00660	0.00880	0.01056	0.01100	0.00616	0.00704	0.01056	0.01452	0.01936	0.04181	0.72848	0.05017	0.02376	0.00968	0.00308	0.00440	0.02156	0.00704	0.00616
33	0.01479	0.01396	0.02360	0.64483	0.11895	0.01698	0.02130	0.01979	0.01539	0.01995	0.01356	0.02007	0.01031	0.00750	0.00758	0.00250	0.01000	0.00674	0.00341	0.00880
34	0.07783	0.03653	0.61211	0.02051	0.03099	0.01781	0.02588	0.04959	0.01656	0.02579	0.01355	0.01581	0.00963	0.00727	0.00702	0.00239	0.01066	0.00553	0.00350	0.01104
35	0.01842	0.01753	0.02979	0.04481	0.65026	0.01753	0.02269	0.02287	0.01728	0.02467	0.01565	0.02235	0.01371	0.00752	0.00767	0.00232	0.00890	0.04036	0.00393	0.01175
36	0.02028	0.73799	0.03975	0.01298	0.01947	0.03001	0.01298	0.02271	0.01541	0.01785	0.01055	0.01217	0.00973	0.00649	0.00487	0.00162	0.00811	0.00406	0.00324	0.00973
37	0.01594	0.03711	0.63868	0.02085	0.03166	0.01704	0.02655	0.02429	0.01621	0.04896	0.01421	0.01637	0.01002	0.00722	0.00715	0.00234	0.01078	0.00563	0.00349	0.04550
38	0.24665	0.08122	0.14302	0.01639	0.04945	0.01632	0.05998	0.02640	0.01708	0.20849	0.05280	0.01988	0.01526	0.00806	0.00661	0.00231	0.00770	0.00630	0.00567	0.01042
39	0.01877	0.01802	0.03079	0.04656	0.68612	0.01802	0.02328	0.02328	0.01727	0.02478	0.01427	0.01877	0.01201	0.00676	0.00751	0.00225	0.00901	0.00676	0.00375	0.01201
40	0.03403	0.01291	0.01760	0.01350	0.01936	0.01115	0.01115	0.03697	0.02171	0.69137	0.02992	0.02582	0.01878	0.00939	0.00763	0.00235	0.00645	0.00763	0.00939	0.01291
41	0.01739	0.01666	0.05458	0.24260	0.32267	0.01692	0.02007	0.08479	0.01816	0.02512	0.01682	0.07215	0.01452	0.00860	0.00761	0.00239	0.00884	0.00782	0.03192	0.01036
42	0.01659	0.08891	0.40222	0.02793	0.21515	0.01845	0.05103	0.02337	0.01659	0.02396	0.03726	0.01810	0.01257	0.00728	0.00723	0.00230	0.01013	0.00623	0.00357	0.01113
43	0.01284	0.01663	0.17966	0.01625	0.02050	0.01125	0.06255	0.01743	0.01659	0.02269	0.06514	0.13559	0.03385	0.04417	0.03355	0.00348	0.00841	0.28562	0.00573	0.00807
44	0.01530	0.03861	0.67259	0.02196	0.03305	0.01767	0.04894	0.02403	0.01608	0.02403	0.01367	0.01616	0.00967	0.00718	0.00726	0.00241	0.01126	0.00572	0.00322	0.01118
45	0.01853	0.03301	0.43951	0.02514	0.14562	0.09962	0.02419	0.02584	0.03747	0.05943	0.01491	0.01712	0.01096	0.00741	0.00725	0.00232	0.01070	0.00592	0.00385	0.01118
46	0.01854	0.01778	0.03036	0.08232	0.65221	0.01796	0.02316	0.02307	0.01716	0.02449	0.01423	0.01885	0.01191	0.00680	0.00751	0.00227	0.00907	0.00676	0.00373	0.01182
47	0.01112	0.00838	0.01069	0.01184	0.01386	0.00794	0.01004	0.01408	0.01740	0.02195	0.05257	0.08131	0.25997	0.02036	0.00997	0.00318	0.00592	0.42563	0.00700	0.00679
48	0.01784	0.01709	0.02939	0.14666	0.54506	0.01756	0.04370	0.02246	0.01698	0.02387	0.01508	0.02135	0.01280	0.00736	0.00767	0.00235	0.00923	0.02850	0.00381	0.01124
49	0.01318	0.00659	0.00988	0.00988	0.00988	0.00659	0.00659	0.00988	0.00988	0.01318	0.01318	0.02306	0.01318	0.02635	0.02964	0.77931	0.00659	0.00659	0.00329	0.00329
50	0.01928	0.01650	0.01738	0.01552	0.01988	0.01906	0.01211	0.06597	0.64608	0.03239	0.03035	0.02788	0.02273	0.01024	0.00771	0.00256	0.00610	0.00850	0.00771	0.01204
51	0.02833	0.03615	0.02149	0.01954	0.02345	0.70298	0.01466	0.03029	0.02149	0.01856	0.01172	0.01368	0.00977	0.00782	0.00684	0.00195	0.01368	0.00489	0.00391	0.00879
52	0.01185	0.00794	0.01054	0.01088	0.01256	0.00742	0.00836	0.01473	0.01871	0.06095	0.32617	0.23431	0.07917	0.01858	0.00939	0.00280	0.00467	0.14611	0.00774	0.00715
53	0.00924	0.00660	0.00880	0.01056	0.01100	0.00616	0.00704	0.01056	0.01452	0.01936	0.04181	0.72848	0.05017	0.02376	0.00968	0.00308	0.00440	0.02156	0.00704	0.00616
54	0.01084	0.00813	0.01219	0.01219	0.01354	0.00948	0.00948	0.01354	0.01219	0.01761	0.02032	0.02980	0.01896	0.05689	0.70337	0.01219	0.02032	0.00813	0.00406	0.00677
55	0.01877	0.01802	0.03079	0.04656	0.68612	0.01802	0.02328	0.02328	0.01727	0.02478	0.01427	0.01877	0.01201	0.00676	0.00751	0.00225	0.00901	0.00676	0.00375	0.01201
56	0.03403	0.01291	0.01760	0.01350	0.01936	0.01115	0.01115	0.03697	0.02171	0.69137	0.02992	0.02582	0.01878	0.00939	0.00763	0.00235	0.00645	0.00763	0.00939	0.01291
57	0.01521	0.03923	0.69413	0.02162	0.03283	0.01762	0.02802	0.02402	0.01601	0.02402	0.01361	0.01601	0.00961	0.00721	0.00721	0.00240	0.01121	0.00560	0.00320	0.01121
58	0.78701	0.01467	0.01115	0.00997	0.01467	0.01702	0.00821	0.02230	0.01291	0.03403	0.01056	0.01232	0.00821	0.00704	0.00469	0.00235	0.00587	0.00411	0.00469	0.00821
59	0.00964	0.00745	0.00889	0.00979	0.01142	0.00671	0.00729	0.01165	0.01645	0.02078	0.07994	0.31517	0.32856	0.02102	0.00946	0.00289	0.00453	0.11485	0.00708	0.00643
60	0.01877	0.01802	0.03079	0.04656	0.68612	0.01802	0.02328	0.02328	0.01727	0.02478	0.01427	0.01877	0.01201	0.00676	0.00751	0.00225	0.00901	0.00676	0.00375	0.01201
61	0.00896	0.00768	0.00768	0.00768	0.01025	0.00640	0.00576	0.01089	0.01729	0.02049	0.07684	0.07300	0.68304	0.01921	0.00896	0.00256	0.00384	0.01601	0.00704	0.00640
62	0.01877	0.01802	0.03079	0.04656	0.68612	0.01802	0.02328	0.02328	0.01727	0.02478	0.01427	0.01877	0.01201	0.00676	0.00751	0.00225	0.00901	0.00676	0.00375	0.01201
63	0.02028	0.73799	0.03975	0.01298	0.01947	0.03001	0.01298	0.02271	0.01541	0.01785	0.01055	0.01217	0.00973	0.00649	0.00487	0.00162	0.00811	0.00406	0.00324	0.00973
64	0.02379	0.43205	0.03179	0.01584	0.02120	0.32337	0.01371	0.02601	0.01806	0.01816	0.01106	0.01283	0.00975	0.00707	0.00573	0.00177	0.01054	0.00442	0.00353	0.00932
65	0.01521	0.03923	0.69413	0.02162	0.03283	0.01762	0.02802	0.02402	0.01601	0.02402	0.01361	0.01601	0.00961	0.00721	0.00721	0.00240	0.01121	0.00560	0.00320	0.01121
66	0.04958	0.45955	0.14319	0.01814	0.07573	0.07667	0.04007	0.02358	0.01611	0.02032	0.01161	0.01375	0.00991	0.00674	0.00575	0.00189	0.00919	0.00477	0.00341	0.01004
67	0.01127	0.00831	0.01200	0.01326	0.01471	0.00809	0.03206	0.01402	0.01634	0.02147	0.03996	0.33121	0.04508	0.02154	0.01012	0.00330	0.00618	0.37740	0.00690	0.00678
68	0.00924	0.00660	0.00880	0.01056	0.01100	0.00616	0.00704	0.01056	0.01452	0.01936	0.04181	0.72848	0.05017	0.02376	0.00968	0.00308	0.00440	0.02156	0.00704	0.00616
69	0.01461	0.01355	0.02248	0.62657	0.07730	0.01677	0.02032	0.01944	0.01514	0.01994	0.01383	0.02034	0.01058	0.00784	0.00822	0.00252	0.03996	0.00675	0.03532	0.00852
70	0.02776	0.01488	0.04101	0.04262	0.02115	0.01394	0.01235	0.06629	0.18076	0.42407	0.05269	0.02664	0.02086	0.00967	0.00768	0.00241	0.00664	0.00794	0.00840	0.01223
71	0.02928	0.01923	0.02172	0.04577	0.02388	0.02074	0.01403	0.50763	0.03198	0.17704	0.02039	0.01984	0.01397	0.00910	0.00760	0.00230	0.00804	0.00699	0.00778	0.01271
72	0.00924	0.00660	0.00880	0.01056	0.01100	0.00616	0.00704	0.01056	0.01452	0.01936	0.04181	0.72848	0.05017	0.02376	0.00968	0.00308	0.00440	0.02156	0.00704	0.00616
73	0.01935	0.01740	0.02939	0.04358	0.62563	0.01731	0.02222	0.02373	0.01752	0.06036	0.01606	0.02162	0.01355	0.00742	0.00763	0.00230	0.00880	0.03007	0.00418	0.01188
74	0.01740	0.01742	0.02578	0.38723	0.29761	0.08264	0.02132	0.02194	0.01659	0.02142	0.01362	0.01903	0.01082	0.00728	0.00748	0.00237	0.01002	0.00657	0.00357	0.00987
75	0.01877	0.01802	0.03079	0.04656	0.68612	0.01802	0.02328	0.02328	0.01727	0.02478	0.01427	0.01877	0.01201	0.00676	0.00751	0.00225	0.00901	0.00676	0.00375	0.01201
76	0.01521	0.03923	0.69413	0.02162	0.03283	0.01762	0.02802	0.02402	0.01601	0.02402	0.01361	0.01601	0.00961	0.00721	0.00721	0.00240	0.01121	0.00560	0.00320	0.01121
77	0.01873	0.01813	0.03142	0.04590	0.65682	0.01807	0.05207	0.02332	0.01730	0.02476	0.01432	0.01885	0.01199	0.00674	0.00757	0.00227	0.00918	0.00686	0.00376	0.01193
78	0.03612	0.01302	0.01925	0.31119	0.12206	0.03669	0.01714	0.01876	0.01648	0.02169	0.02514	0.04425	0.04801	0.01254	0.00852	0.00280	0.00864	0.22450	0.00487	0.00834
79	0.05360	0.01515	0.02449	0.41845	0.22460	0.01787	0.02058	0.02049	0.01526	0.02149	0.01318	0.01904	0.01054	0.00794	0.00928	0.00253	0.08596	0.00661	0.00354	0.00941
80	0.02665	0.06966	0.01910	0.01425	0.01936	0.05216	0.01160	0.09627	0.17057	0.33454	0.02909	0.05311	0.04882	0.01026	0.00753	0.00235	0.00686	0.00826	0.00788	0.01169
