[name]
unknown

[dist]
# distance from previous block
# <min> <max>
0	29

[block]
# block no. 0 follows, 25 sequences, length 22
# corresponding to MSA columns:
# 29-50
name=unknown_A
#
# <colnr> <probs for GDERKNQSTAVLIFYWHMCP>
#	G	D	E	R	K	N	Q	S	T	A	V	L	I	F	Y	W	H	M	C	P
0	0.01442	0.01328	0.02215	0.63781	0.04958	0.01638	0.02061	0.01943	0.01574	0.02016	0.01657	0.02751	0.01384	0.00915	0.00805	0.00268	0.01001	0.07033	0.00382	0.00846
1	0.62131	0.01515	0.01418	0.01442	0.08348	0.01683	0.01031	0.02456	0.01465	0.10587	0.01338	0.01480	0.00999	0.00743	0.00543	0.00239	0.00639	0.00487	0.00523	0.00933
2	0.02843	0.02120	0.02268	0.01763	0.02365	0.02356	0.01449	0.59066	0.10078	0.04718	0.01994	0.01967	0.01426	0.00943	0.00777	0.00236	0.00829	0.00716	0.00777	0.01309
3	0.26675	0.04103	0.04596	0.01853	0.07471	0.19401	0.03540	0.02762	0.05149	0.10487	0.01511	0.01672	0.01155	0.00824	0.00779	0.00236	0.05725	0.00570	0.00502	0.00988
4	0.01472	0.01378	0.02285	0.66948	0.05142	0.01684	0.02084	0.01979	0.01554	0.02012	0.01378	0.02041	0.01040	0.00764	0.00764	0.00250	0.01008	0.00676	0.00351	0.05190
5	0.02539	0.05579	0.04106	0.01499	0.04285	0.03607	0.01203	0.05694	0.07217	0.31966	0.07209	0.05130	0.02180	0.00965	0.00744	0.00218	0.00680	0.00791	0.00744	0.13642
6	0.02623	0.01653	0.01910	0.01481	0.02068	0.01643	0.01206	0.25967	0.09198	0.21684	0.05681	0.02337	0.01873	0.00914	0.00745	0.00215	0.00694	0.00728	0.00768	0.16615
7	0.07680	0.01931	0.02025	0.01652	0.02193	0.02176	0.01335	0.37421	0.27742	0.04157	0.02308	0.02218	0.01690	0.00963	0.00761	0.00245	0.00744	0.00748	0.00761	0.01251
8	0.01701	0.01665	0.02768	0.08118	0.33229	0.03981	0.12544	0.02120	0.01713	0.02358	0.01989	0.15224	0.01930	0.01015	0.00820	0.00245	0.00899	0.00992	0.00452	0.06239
9	0.15620	0.01534	0.04068	0.04510	0.04967	0.01480	0.01239	0.03245	0.16470	0.29417	0.02625	0.02483	0.03878	0.00928	0.00724	0.00241	0.00671	0.00739	0.00735	0.04425
10	0.01572	0.01341	0.01608	0.04845	0.01991	0.01083	0.01003	0.01989	0.04131	0.02496	0.01678	0.04699	0.01488	0.00743	0.00631	0.00146	0.00601	0.03297	0.00487	0.64168
11	0.10126	0.02304	0.02287	0.09787	0.18034	0.21066	0.01662	0.15207	0.04500	0.02874	0.01706	0.01940	0.03516	0.00840	0.00727	0.00228	0.00992	0.00650	0.00499	0.01054
12	0.21424	0.01311	0.01687	0.23135	0.07838	0.01455	0.01387	0.03988	0.01619	0.02606	0.04504	0.10719	0.05408	0.01108	0.00740	0.00254	0.00737	0.04360	0.00506	0.05214
13	0.08224	0.01820	0.02952	0.09155	0.44220	0.03693	0.08911	0.02470	0.01763	0.07180	0.01539	0.01932	0.01218	0.00718	0.00760	0.00236	0.00941	0.00694	0.00430	0.01145
14	0.19023	0.02275	0.04983	0.02289	0.17410	0.21603	0.01521	0.02719	0.04303	0.09428	0.06022	0.01984	0.01594	0.00833	0.00695	0.00227	0.00924	0.00635	0.00514	0.01018
15	0.08571	0.04466	0.04745	0.22773	0.21406	0.04236	0.04424	0.08421	0.04071	0.04512	0.01520	0.01895	0.01175	0.00759	0.00732	0.00235	0.00925	0.00655	0.00448	0.04033
16	0.21958	0.04326	0.06913	0.10855	0.18554	0.04661	0.01695	0.13483	0.05362	0.03108	0.01482	0.01744	0.01144	0.00777	0.00682	0.00236	0.00855	0.00606	0.00489	0.01071
17	0.08268	0.04474	0.07257	0.06170	0.33258	0.04438	0.06271	0.08994	0.06664	0.04472	0.01610	0.01905	0.01261	0.00758	0.00743	0.00235	0.00920	0.00676	0.00470	0.01154
18	0.01962	0.01627	0.02442	0.05694	0.24498	0.01658	0.07352	0.05298	0.16965	0.08614	0.09419	0.02645	0.02222	0.00902	0.00793	0.00238	0.00782	0.00829	0.00600	0.05460
19	0.11549	0.05797	0.06499	0.09192	0.14299	0.01665	0.03999	0.02492	0.03921	0.14234	0.05440	0.02187	0.01640	0.01034	0.03268	0.00273	0.05801	0.00695	0.00530	0.05483
20	0.04510	0.01902	0.03765	0.09818	0.09789	0.13466	0.11212	0.04195	0.09111	0.02492	0.08963	0.09692	0.02385	0.04145	0.00946	0.00270	0.00919	0.00950	0.00530	0.00942
21	0.04104	0.01792	0.06125	0.08715	0.12131	0.01732	0.15980	0.06883	0.11907	0.07418	0.06303	0.02588	0.04446	0.00911	0.00865	0.00249	0.03220	0.00839	0.00556	0.03236

[dist]
# distance from previous block
# <min> <max>
19	43

[block]
# block no. 1 follows, 25 sequences, length 41
# corresponding to MSA columns:
# 102-142
name=unknown_B
#
# <colnr> <probs for GDERKNQSTAVLIFYWHMCP>
#	G	D	E	R	K	N	Q	S	T	A	V	L	I	F	Y	W	H	M	C	P
0	0.06468	0.01765	0.05548	0.03900	0.08072	0.01682	0.04987	0.23704	0.02478	0.10760	0.13028	0.02574	0.02325	0.00948	0.00769	0.00227	0.00759	0.00794	0.00670	0.08540
1	0.04128	0.01471	0.01954	0.01938	0.11282	0.06467	0.06785	0.02427	0.05304	0.15529	0.18609	0.03595	0.05529	0.01383	0.04645	0.00297	0.00802	0.03743	0.00670	0.03441
2	0.07619	0.01565	0.03785	0.11420	0.02454	0.01503	0.01299	0.14130	0.05706	0.16543	0.04987	0.04434	0.01770	0.00895	0.00721	0.00216	0.00717	0.00725	0.00646	0.18864
3	0.08163	0.01798	0.02423	0.24030	0.25126	0.07319	0.01900	0.05415	0.05708	0.02524	0.01486	0.01902	0.01180	0.00777	0.00788	0.00237	0.03151	0.00652	0.00427	0.04994
4	0.06510	0.01829	0.04900	0.11464	0.51617	0.01826	0.02216	0.02424	0.05102	0.02566	0.01513	0.01937	0.01235	0.00722	0.00751	0.00236	0.00905	0.00680	0.00405	0.01162
5	0.07042	0.01120	0.01443	0.06257	0.06054	0.01126	0.01066	0.07071	0.02031	0.10396	0.25123	0.10418	0.10378	0.01551	0.03054	0.00287	0.00617	0.03366	0.00722	0.00878
6	0.09170	0.01814	0.02765	0.09174	0.50149	0.03751	0.02107	0.02486	0.06420	0.02614	0.01532	0.01924	0.01252	0.00729	0.00740	0.00235	0.00890	0.00673	0.00420	0.01154
7	0.34932	0.01617	0.04578	0.01213	0.01654	0.07015	0.01018	0.05741	0.01857	0.09140	0.18507	0.02825	0.05014	0.01026	0.00680	0.00238	0.00644	0.00776	0.00630	0.00895
8	0.01765	0.01830	0.03588	0.12574	0.08166	0.01787	0.39839	0.05523	0.01841	0.02507	0.01728	0.07003	0.01445	0.00808	0.00861	0.00252	0.01110	0.00918	0.00432	0.06023
9	0.07707	0.20491	0.29686	0.05586	0.17375	0.02118	0.02183	0.02370	0.01622	0.02373	0.01303	0.01592	0.01032	0.00709	0.00666	0.00222	0.00969	0.00553	0.00354	0.01090
10	0.07007	0.07437	0.02551	0.02733	0.24047	0.21415	0.01706	0.11688	0.09100	0.02769	0.01574	0.01779	0.01258	0.00795	0.00715	0.00221	0.00989	0.00621	0.00490	0.01106
11	0.01335	0.00726	0.01102	0.06221	0.01339	0.00749	0.00786	0.01086	0.01075	0.01427	0.01501	0.05951	0.01519	0.02537	0.02757	0.67699	0.00689	0.00754	0.00357	0.00391
12	0.05088	0.01788	0.02773	0.11510	0.41351	0.05473	0.05869	0.02425	0.01811	0.07482	0.05630	0.02185	0.01603	0.00781	0.00772	0.00236	0.00917	0.00733	0.00457	0.01117
13	0.01447	0.01268	0.01797	0.08495	0.02229	0.01095	0.07413	0.01798	0.01635	0.02390	0.06120	0.16532	0.02345	0.01048	0.00736	0.00194	0.00656	0.00947	0.00519	0.41336
14	0.01056	0.00775	0.01013	0.01156	0.01289	0.00733	0.00892	0.01288	0.01660	0.02154	0.06541	0.36712	0.15065	0.02225	0.01005	0.00320	0.00535	0.24192	0.00721	0.00667
15	0.02254	0.03807	0.02207	0.01635	0.02248	0.01709	0.07636	0.20758	0.11537	0.10242	0.02046	0.04127	0.01570	0.00852	0.00729	0.00205	0.00747	0.00719	0.00648	0.24323
16	0.09967	0.01840	0.08456	0.16222	0.21664	0.01708	0.08560	0.04319	0.04275	0.04723	0.04722	0.02096	0.01479	0.00776	0.00747	0.00236	0.00898	0.00704	0.00456	0.06155
17	0.02804	0.02313	0.05761	0.01786	0.02425	0.06035	0.01520	0.55394	0.03357	0.04475	0.01776	0.01811	0.01275	0.00895	0.00759	0.00226	0.00885	0.00668	0.00715	0.05117
18	0.02737	0.02044	0.02196	0.01720	0.02297	0.02266	0.01408	0.55063	0.10817	0.04608	0.05312	0.02178	0.01741	0.00978	0.00784	0.00237	0.00801	0.00754	0.00781	0.01279
19	0.00952	0.00775	0.00842	0.00851	0.01075	0.00666	0.00628	0.01171	0.01813	0.02262	0.18064	0.14143	0.50163	0.01947	0.00924	0.00264	0.00394	0.01656	0.00744	0.00666
20	0.02147	0.01532	0.01820	0.01524	0.01972	0.03929	0.05627	0.11897	0.21478	0.15259	0.05880	0.08924	0.09797	0.01213	0.00819	0.00253	0.00678	0.01033	0.03135	0.01084
21	0.03076	0.04933	0.05948	0.01424	0.02023	0.01286	0.01245	0.03469	0.04144	0.54398	0.02795	0.02548	0.01833	0.01279	0.05645	0.00309	0.00797	0.00756	0.00847	0.01246
22	0.00997	0.00728	0.00945	0.01062	0.01167	0.00675	0.00757	0.01201	0.01670	0.02227	0.16058	0.47644	0.11970	0.02202	0.00976	0.00300	0.00453	0.07566	0.00743	0.00659
23	0.01766	0.19332	0.46461	0.05101	0.03071	0.02125	0.02388	0.06859	0.01762	0.02464	0.01354	0.01584	0.01011	0.00736	0.00687	0.00227	0.01049	0.00551	0.00361	0.01111
24	0.02631	0.06813	0.07139	0.02343	0.11328	0.48837	0.01705	0.06175	0.02144	0.02176	0.01276	0.01502	0.01045	0.00780	0.00705	0.00207	0.01259	0.00537	0.00409	0.00988
25	0.01156	0.00896	0.01088	0.01148	0.01377	0.00859	0.00944	0.01585	0.06411	0.02391	0.12578	0.07520	0.28138	0.01936	0.00976	0.00302	0.00548	0.28679	0.00737	0.00730
26	0.01067	0.00766	0.01024	0.01186	0.01290	0.00736	0.00902	0.01282	0.01596	0.02092	0.04303	0.42018	0.07851	0.05492	0.01151	0.00348	0.00560	0.24974	0.00706	0.00656
27	0.11378	0.42232	0.03098	0.01436	0.02026	0.10870	0.01293	0.09226	0.05265	0.04893	0.01358	0.01468	0.01117	0.00746	0.00575	0.00194	0.00857	0.00493	0.00452	0.01023
28	0.00995	0.00720	0.00934	0.01076	0.01162	0.00674	0.00758	0.01166	0.01565	0.02065	0.07800	0.52197	0.10715	0.05776	0.01134	0.00333	0.00486	0.09091	0.00714	0.00639
29	0.03059	0.01816	0.02089	0.01609	0.02204	0.01891	0.01326	0.41064	0.03084	0.27189	0.04954	0.02295	0.01774	0.00968	0.00783	0.00236	0.00765	0.00755	0.00844	0.01295
30	0.00965	0.00778	0.00859	0.00860	0.01082	0.00672	0.00637	0.01199	0.01851	0.02343	0.22739	0.12751	0.46727	0.01908	0.00922	0.00262	0.00391	0.01627	0.00754	0.00672
31	0.00962	0.00687	0.00919	0.01099	0.01151	0.00644	0.00749	0.01109	0.01501	0.01998	0.04264	0.68720	0.05091	0.02413	0.00994	0.00317	0.00465	0.05562	0.00719	0.00634
32	0.02990	0.01836	0.04745	0.01611	0.02223	0.01803	0.01364	0.30262	0.10330	0.30774	0.02487	0.02293	0.01675	0.00949	0.00777	0.00240	0.00757	0.00747	0.00835	0.01301
33	0.01712	0.01258	0.01449	0.01301	0.01644	0.01342	0.01006	0.02945	0.32980	0.09113	0.30849	0.04118	0.04457	0.01273	0.00842	0.00253	0.00511	0.01094	0.00832	0.01022
34	0.00953	0.00685	0.00904	0.01064	0.01124	0.00637	0.00716	0.01104	0.01537	0.02052	0.08240	0.66150	0.07233	0.02363	0.00983	0.00309	0.00443	0.02137	0.00728	0.00637
35	0.09499	0.01554	0.01808	0.01452	0.02009	0.01577	0.01180	0.13399	0.17665	0.35223	0.02670	0.02425	0.01814	0.00945	0.00749	0.00241	0.00672	0.00749	0.00833	0.03537
36	0.07107	0.00898	0.01092	0.01180	0.01340	0.00906	0.00890	0.05889	0.01724	0.02462	0.06074	0.42056	0.04310	0.02023	0.00928	0.00303	0.00540	0.15085	0.04472	0.00721
37	0.01887	0.01805	0.02853	0.24659	0.39176	0.04489	0.04532	0.06749	0.01852	0.02504	0.01456	0.01946	0.01164	0.00737	0.00773	0.00239	0.00984	0.00692	0.00400	0.01103
38	0.01601	0.01471	0.02433	0.43452	0.10199	0.01692	0.07875	0.04478	0.06815	0.02256	0.01707	0.05658	0.01403	0.00960	0.00909	0.03986	0.00962	0.00801	0.00422	0.00922
39	0.02110	0.01741	0.02500	0.03215	0.36191	0.01823	0.01825	0.05276	0.24522	0.09295	0.02222	0.02328	0.01697	0.00852	0.00777	0.00243	0.00786	0.00765	0.00595	0.01240
40	0.07389	0.25841	0.33781	0.02088	0.09707	0.02189	0.02115	0.02433	0.01626	0.04402	0.01327	0.01545	0.01032	0.00714	0.00646	0.00218	0.00965	0.00530	0.00366	0.01089

[dist]
# distance from previous block
# <min> <max>
0	1

[block]
# block no. 2 follows, 25 sequences, length 30
# corresponding to MSA columns:
# 144-173
name=unknown_C
#
# <colnr> <probs for GDERKNQSTAVLIFYWHMCP>
#	G	D	E	R	K	N	Q	S	T	A	V	L	I	F	Y	W	H	M	C	P
0	0.01769	0.06043	0.31458	0.03385	0.34612	0.01884	0.02499	0.02473	0.04064	0.02493	0.01474	0.01802	0.01153	0.00723	0.00743	0.00235	0.01003	0.00634	0.00372	0.01182
1	0.01549	0.03772	0.62530	0.02208	0.03293	0.01761	0.05882	0.02413	0.01671	0.02486	0.04325	0.01844	0.01272	0.00770	0.00753	0.00246	0.01119	0.00627	0.00354	0.01123
2	0.02398	0.01708	0.01857	0.01507	0.01986	0.01853	0.01214	0.40423	0.08604	0.06525	0.05896	0.07740	0.04700	0.01125	0.00781	0.00238	0.00701	0.00905	0.08699	0.01141
3	0.01810	0.02030	0.04348	0.07956	0.07435	0.01938	0.57570	0.02444	0.01808	0.02452	0.01550	0.02081	0.01169	0.00664	0.00898	0.00260	0.01269	0.00888	0.00388	0.01043
4	0.01682	0.02836	0.34800	0.11711	0.23805	0.01815	0.04918	0.02436	0.04151	0.02451	0.01485	0.01845	0.01126	0.00736	0.00760	0.00244	0.01047	0.00649	0.00367	0.01135
5	0.01706	0.01726	0.02538	0.02127	0.02185	0.02344	0.06406	0.01912	0.01235	0.01912	0.01059	0.01726	0.01030	0.01305	0.02423	0.00333	0.66130	0.00696	0.00343	0.00863
6	0.00945	0.00675	0.00900	0.01080	0.01125	0.00630	0.00720	0.01080	0.01484	0.01979	0.04274	0.72245	0.05128	0.02429	0.00990	0.00315	0.00450	0.02204	0.00720	0.00630
7	0.02862	0.03546	0.02240	0.02091	0.04884	0.63596	0.01530	0.06280	0.02256	0.02076	0.01243	0.01442	0.01024	0.00802	0.00706	0.00203	0.01352	0.00517	0.00418	0.00933
8	0.01452	0.01270	0.01480	0.01659	0.11306	0.04553	0.01073	0.06014	0.09348	0.02653	0.17088	0.11267	0.24762	0.01514	0.00866	0.00254	0.00577	0.01298	0.00692	0.00874
9	0.01060	0.00849	0.01204	0.01195	0.01383	0.00779	0.05532	0.01306	0.01713	0.02241	0.13654	0.34352	0.20656	0.02032	0.00965	0.00293	0.00518	0.08865	0.00713	0.00691
10	0.01894	0.01817	0.03102	0.08407	0.64463	0.01836	0.02367	0.02358	0.01754	0.02503	0.01454	0.01927	0.01217	0.00695	0.00768	0.00232	0.00927	0.00691	0.00382	0.01208
11	0.02368	0.21312	0.05755	0.01999	0.08277	0.26922	0.01549	0.07042	0.13035	0.02387	0.01577	0.01702	0.01272	0.00802	0.00675	0.00209	0.01024	0.00575	0.00468	0.01049
12	0.04433	0.01499	0.02463	0.52735	0.06451	0.01767	0.07603	0.06739	0.01737	0.02325	0.01526	0.02274	0.01196	0.00823	0.00788	0.00259	0.01013	0.03053	0.00401	0.00915
13	0.01119	0.00748	0.00848	0.00857	0.00859	0.00746	0.00482	0.01125	0.01145	0.01526	0.02531	0.08317	0.02930	0.69356	0.03804	0.00731	0.00737	0.01180	0.00482	0.00478
14	0.00982	0.00709	0.00936	0.01094	0.01171	0.00663	0.00767	0.01154	0.01565	0.02075	0.07506	0.58974	0.08612	0.02333	0.00990	0.00313	0.00470	0.08316	0.00726	0.00645
15	0.11540	0.05191	0.01900	0.01388	0.01968	0.01522	0.01156	0.14866	0.02333	0.43297	0.02705	0.02462	0.04268	0.00952	0.00736	0.00236	0.00687	0.00740	0.00830	0.01222
16	0.01864	0.07815	0.08892	0.02720	0.18318	0.05628	0.09208	0.05087	0.01668	0.02301	0.01617	0.02035	0.04424	0.00984	0.01338	0.00265	0.23705	0.00718	0.00397	0.01016
17	0.01422	0.00720	0.00731	0.00739	0.00914	0.00718	0.00550	0.01773	0.01620	0.02849	0.02610	0.06082	0.02132	0.00974	0.00563	0.00187	0.00365	0.00791	0.73542	0.00718
18	0.03205	0.01374	0.01790	0.01402	0.01970	0.01262	0.01148	0.06893	0.08351	0.56267	0.05723	0.02756	0.02158	0.00993	0.00786	0.00242	0.00653	0.00811	0.00930	0.01286
19	0.01856	0.02358	0.11889	0.02993	0.06201	0.05485	0.45841	0.02567	0.05138	0.02465	0.01582	0.02018	0.01201	0.00723	0.00939	0.00258	0.04194	0.00831	0.00403	0.01058
20	0.00945	0.00675	0.00900	0.01080	0.01125	0.00630	0.00720	0.01080	0.01484	0.01979	0.04274	0.72245	0.05128	0.02429	0.00990	0.00315	0.00450	0.02204	0.00720	0.00630
21	0.02035	0.01762	0.02780	0.03659	0.44830	0.01755	0.04504	0.08364	0.04949	0.06450	0.05109	0.02187	0.01638	0.00782	0.00771	0.00227	0.00850	0.00736	0.00501	0.06111
22	0.01450	0.00871	0.01149	0.01035	0.01280	0.00792	0.00792	0.01806	0.02198	0.12782	0.57964	0.05325	0.06517	0.01493	0.00895	0.00243	0.00409	0.01310	0.00869	0.00819
23	0.01608	0.01378	0.01608	0.01148	0.01837	0.01034	0.00919	0.01952	0.01608	0.02527	0.01378	0.01608	0.01148	0.00574	0.00574	0.00115	0.00574	0.00459	0.00459	0.77491
24	0.05631	0.01249	0.01472	0.01310	0.04092	0.01206	0.00968	0.13708	0.02191	0.05553	0.25571	0.06618	0.06713	0.05151	0.00963	0.00249	0.00566	0.01024	0.00700	0.15067
25	0.01731	0.01819	0.03267	0.17088	0.06792	0.04314	0.31196	0.02370	0.06529	0.02365	0.04195	0.04796	0.01596	0.00881	0.01012	0.00266	0.07484	0.00883	0.00436	0.00979
26	0.01992	0.01980	0.03077	0.04554	0.63047	0.06878	0.02314	0.02433	0.01798	0.02486	0.01439	0.01880	0.01211	0.00699	0.00763	0.00228	0.00957	0.00677	0.00385	0.01204
27	0.01818	0.01908	0.03677	0.06232	0.03469	0.01946	0.42029	0.06321	0.01806	0.02498	0.01580	0.04566	0.01297	0.00850	0.01142	0.00266	0.12298	0.00876	0.00422	0.04998
28	0.26126	0.04908	0.08942	0.02607	0.25790	0.07969	0.01689	0.02439	0.01683	0.05681	0.04391	0.01817	0.01360	0.00766	0.00664	0.00231	0.00845	0.00601	0.00455	0.01039
29	0.04942	0.19038	0.07055	0.08000	0.02416	0.11733	0.01483	0.12245	0.05581	0.05898	0.04612	0.01992	0.01529	0.01245	0.06082	0.00301	0.03694	0.00639	0.00504	0.01012

[dist]
# distance from previous block
# <min> <max>
4	7

[block]
# block no. 3 follows, 25 sequences, length 19
# corresponding to MSA columns:
# 181-199
name=unknown_D
#
# <colnr> <probs for GDERKNQSTAVLIFYWHMCP>
#	G	D	E	R	K	N	Q	S	T	A	V	L	I	F	Y	W	H	M	C	P
0	0.01566	0.01607	0.02804	0.20973	0.03462	0.04601	0.23967	0.02000	0.01615	0.02135	0.01977	0.15295	0.01892	0.01316	0.03936	0.00317	0.08171	0.01051	0.00437	0.00876
1	0.01493	0.01388	0.01886	0.07681	0.05256	0.03212	0.01377	0.01681	0.01300	0.01846	0.01878	0.05120	0.04799	0.16205	0.07309	0.00469	0.35052	0.00875	0.00406	0.00764
2	0.01836	0.01999	0.04087	0.07912	0.07131	0.01988	0.50105	0.04531	0.01816	0.02481	0.01514	0.02040	0.01161	0.00732	0.01029	0.00265	0.07081	0.00861	0.00397	0.01035
3	0.01705	0.06181	0.39479	0.01793	0.02608	0.01620	0.02055	0.02575	0.09395	0.08355	0.13978	0.02622	0.02400	0.00947	0.00768	0.00243	0.00882	0.00773	0.00534	0.01087
4	0.01555	0.04011	0.68733	0.02210	0.03356	0.01801	0.02865	0.02455	0.01637	0.02455	0.01391	0.01637	0.00982	0.00737	0.00737	0.00246	0.01146	0.00573	0.00327	0.01146
5	0.02399	0.01755	0.02045	0.05765	0.06397	0.01927	0.01404	0.25619	0.25448	0.11177	0.05920	0.02542	0.02058	0.00988	0.00788	0.00246	0.00735	0.00807	0.00757	0.01223
6	0.01758	0.01875	0.07178	0.15101	0.41121	0.01773	0.11098	0.02265	0.01716	0.02401	0.01603	0.05620	0.01377	0.00793	0.00799	0.00245	0.00983	0.00794	0.00393	0.01106
7	0.01853	0.01762	0.02994	0.09278	0.60162	0.01786	0.02307	0.02313	0.01751	0.02483	0.01585	0.02271	0.01376	0.00769	0.00783	0.00239	0.00919	0.03794	0.00398	0.01176
8	0.02375	0.01544	0.01781	0.01462	0.01896	0.01625	0.01166	0.31772	0.02683	0.15197	0.08226	0.13096	0.06321	0.03650	0.00990	0.00269	0.03024	0.01060	0.00779	0.01087
9	0.08983	0.06740	0.19983	0.01863	0.07699	0.07742	0.01666	0.02649	0.08569	0.11300	0.10072	0.05327	0.02221	0.00971	0.00741	0.00238	0.00834	0.00783	0.00566	0.01051
10	0.01600	0.04743	0.05149	0.01435	0.01713	0.01441	0.01213	0.05039	0.07316	0.07141	0.16556	0.12561	0.07523	0.01513	0.01216	0.00281	0.15006	0.07016	0.00656	0.00882
11	0.70432	0.01614	0.04452	0.04818	0.01794	0.01741	0.01007	0.02272	0.01347	0.03349	0.01111	0.01321	0.00857	0.00724	0.00508	0.00241	0.00649	0.00442	0.00465	0.00856
12	0.01859	0.02091	0.09561	0.14307	0.46063	0.05218	0.04986	0.02367	0.01744	0.02408	0.01431	0.01895	0.01161	0.00712	0.00768	0.00236	0.01001	0.00679	0.00373	0.01140
13	0.01936	0.02148	0.09044	0.06019	0.36944	0.06063	0.12756	0.05816	0.04020	0.02588	0.01633	0.04506	0.01362	0.00787	0.00795	0.00240	0.01009	0.00768	0.00426	0.01140
14	0.01934	0.01738	0.01922	0.05604	0.11377	0.07234	0.01407	0.05493	0.38160	0.02937	0.02638	0.04599	0.02106	0.01024	0.00775	0.00251	0.00732	0.02877	0.06076	0.01116
15	0.00942	0.00684	0.00890	0.01055	0.01118	0.00632	0.00709	0.01082	0.01508	0.01989	0.04572	0.66853	0.10327	0.02390	0.00984	0.00310	0.00445	0.02157	0.00720	0.00632
16	0.02154	0.13197	0.17298	0.04645	0.06177	0.04472	0.07636	0.20685	0.06536	0.03050	0.01587	0.01794	0.01209	0.00835	0.00846	0.00236	0.05354	0.00651	0.00501	0.01137
17	0.02511	0.01639	0.01967	0.01797	0.07876	0.01713	0.01327	0.24026	0.14504	0.19211	0.07361	0.03016	0.05314	0.01074	0.00805	0.00246	0.00708	0.02915	0.00788	0.01201
18	0.00972	0.00710	0.00946	0.01078	0.01157	0.00684	0.00746	0.01142	0.01502	0.02012	0.06981	0.55029	0.09202	0.02835	0.10632	0.00439	0.00671	0.01936	0.00683	0.00645

[dist]
# distance from previous block
# <min> <max>
0	25

[block]
# block no. 4 follows, 25 sequences, length 36
# corresponding to MSA columns:
# 225-260
name=unknown_E
#
# <colnr> <probs for GDERKNQSTAVLIFYWHMCP>
#	G	D	E	R	K	N	Q	S	T	A	V	L	I	F	Y	W	H	M	C	P
0	0.01550	0.03444	0.54544	0.02384	0.10377	0.01709	0.02606	0.02343	0.01662	0.02467	0.04932	0.01957	0.01391	0.01022	0.04077	0.00292	0.01124	0.00642	0.00366	0.01111
1	0.01854	0.08333	0.49170	0.04276	0.07767	0.01809	0.02486	0.02591	0.01712	0.10604	0.01581	0.01767	0.01119	0.00757	0.00728	0.00239	0.01044	0.00599	0.00411	0.01154
2	0.02361	0.28468	0.11621	0.01848	0.02487	0.25740	0.05902	0.08852	0.02020	0.02278	0.01271	0.01466	0.01039	0.00745	0.00654	0.00201	0.01101	0.00526	0.00403	0.01017
3	0.01249	0.00921	0.01171	0.01189	0.01333	0.00939	0.00879	0.07616	0.01872	0.02551	0.19394	0.37335	0.04950	0.04837	0.01148	0.00312	0.03755	0.07086	0.00730	0.00734
4	0.07891	0.01777	0.02475	0.21432	0.24191	0.01967	0.01890	0.20348	0.05109	0.03160	0.01599	0.01936	0.01223	0.00801	0.00751	0.00241	0.00894	0.00680	0.00511	0.01125
5	0.02919	0.01761	0.08463	0.01521	0.02139	0.01516	0.01350	0.17514	0.06783	0.38447	0.02591	0.02398	0.01725	0.00933	0.00758	0.00236	0.00728	0.00743	0.06221	0.01254
6	0.01087	0.00792	0.01022	0.00964	0.01152	0.00727	0.00723	0.01442	0.02169	0.03049	0.63970	0.05891	0.10888	0.01608	0.00915	0.00245	0.00367	0.01416	0.00846	0.00727
7	0.03744	0.00793	0.01012	0.00999	0.01163	0.00745	0.00733	0.01412	0.02017	0.02888	0.52080	0.19420	0.06637	0.01730	0.00915	0.00258	0.00391	0.01534	0.00813	0.00714
8	0.06263	0.01880	0.02362	0.18082	0.07685	0.05062	0.06428	0.29996	0.02546	0.03425	0.02111	0.02330	0.06548	0.00923	0.00778	0.00242	0.00909	0.00764	0.00581	0.01087
9	0.02569	0.01467	0.01911	0.01867	0.10732	0.01461	0.01302	0.09551	0.15415	0.31020	0.06562	0.07989	0.02414	0.01088	0.00803	0.00249	0.00672	0.00924	0.00805	0.01202
10	0.00945	0.00675	0.00900	0.01080	0.01125	0.00630	0.00720	0.01080	0.01484	0.01979	0.04274	0.72245	0.05128	0.02429	0.00990	0.00315	0.00450	0.02204	0.00720	0.00630
11	0.01555	0.04011	0.68733	0.02210	0.03356	0.01801	0.02865	0.02455	0.01637	0.02455	0.01391	0.01637	0.00982	0.00737	0.00737	0.00246	0.01146	0.00573	0.00327	0.01146
12	0.01886	0.02366	0.16600	0.10281	0.18884	0.04145	0.16015	0.08211	0.03806	0.02614	0.01506	0.01905	0.01165	0.00788	0.00929	0.00252	0.06416	0.00715	0.00415	0.01101
13	0.04013	0.01229	0.01410	0.01435	0.03138	0.04220	0.01096	0.02400	0.17561	0.09024	0.07566	0.21246	0.03705	0.01658	0.00902	0.00292	0.00630	0.16834	0.00738	0.00903
14	0.01582	0.03821	0.62385	0.02315	0.03425	0.01817	0.09023	0.02458	0.01656	0.02458	0.01409	0.01682	0.01001	0.00728	0.00754	0.00247	0.01162	0.00607	0.00334	0.01136
15	0.20079	0.02436	0.29455	0.04623	0.05984	0.01573	0.04668	0.02188	0.01686	0.02824	0.14869	0.02449	0.02269	0.00902	0.00722	0.00244	0.00844	0.00732	0.00479	0.00975
16	0.01771	0.02332	0.16260	0.08226	0.11909	0.01894	0.34080	0.02589	0.08180	0.02522	0.01664	0.02060	0.01253	0.00723	0.00839	0.00254	0.01138	0.00800	0.00414	0.01092
17	0.01545	0.01281	0.01764	0.18775	0.09120	0.01407	0.01451	0.02373	0.17844	0.04514	0.05358	0.09377	0.09294	0.01339	0.00862	0.00277	0.00722	0.11137	0.00622	0.00936
18	0.01949	0.24141	0.17539	0.01556	0.02185	0.09780	0.01555	0.04254	0.05481	0.06529	0.13240	0.02533	0.04294	0.00944	0.00702	0.00216	0.00850	0.00727	0.00519	0.01004
19	0.02418	0.01836	0.02069	0.08902	0.02487	0.02035	0.01406	0.44277	0.07939	0.04097	0.06734	0.04721	0.05428	0.01070	0.00800	0.00243	0.00784	0.00855	0.00732	0.01167
20	0.00945	0.00675	0.00900	0.01080	0.01125	0.00630	0.00720	0.01080	0.01484	0.01979	0.04274	0.72245	0.05128	0.02429	0.00990	0.00315	0.00450	0.02204	0.00720	0.00630
21	0.01702	0.06348	0.38297	0.02722	0.07900	0.01919	0.25115	0.02454	0.01712	0.02442	0.01445	0.01801	0.01069	0.00700	0.00792	0.00247	0.01174	0.00697	0.00355	0.01109
22	0.01729	0.09492	0.21006	0.06500	0.05099	0.04166	0.14614	0.02227	0.01546	0.02161	0.01335	0.01871	0.01117	0.03787	0.01358	0.00285	0.19687	0.00684	0.00355	0.00983
23	0.01875	0.02335	0.19429	0.07463	0.15225	0.01844	0.11242	0.07460	0.15384	0.04671	0.02080	0.02275	0.03465	0.00843	0.00792	0.00249	0.00949	0.00765	0.00509	0.01146
24	0.01620	0.01038	0.00949	0.00894	0.01128	0.05497	0.00681	0.06673	0.01828	0.02919	0.02765	0.03035	0.06506	0.00973	0.00597	0.00192	0.00471	0.00770	0.60689	0.00775
25	0.02244	0.01788	0.02310	0.26611	0.08349	0.02031	0.01732	0.34548	0.02622	0.03492	0.01689	0.02109	0.01289	0.04659	0.00943	0.00269	0.00917	0.00717	0.00576	0.01104
26	0.01657	0.01495	0.01591	0.06135	0.03610	0.08227	0.02626	0.08945	0.14935	0.02674	0.08715	0.10708	0.17916	0.03466	0.00941	0.00273	0.00694	0.03819	0.00668	0.00903
27	0.01002	0.00716	0.00965	0.01145	0.01215	0.00679	0.00819	0.01178	0.01541	0.02043	0.04242	0.60354	0.05004	0.02375	0.01005	0.00323	0.00499	0.13532	0.00719	0.00646
28	0.01583	0.01456	0.02381	0.62329	0.09389	0.01771	0.02128	0.05762	0.01689	0.02190	0.01412	0.02045	0.01064	0.00779	0.00775	0.00255	0.01015	0.00690	0.00373	0.00913
29	0.08622	0.23341	0.08821	0.01821	0.05439	0.09867	0.04873	0.15595	0.02117	0.02834	0.06021	0.01843	0.01518	0.00836	0.00735	0.00217	0.03353	0.00617	0.00488	0.01043
30	0.01729	0.02068	0.11511	0.13675	0.25840	0.01801	0.23426	0.02302	0.01726	0.02397	0.01611	0.05359	0.01339	0.00781	0.00825	0.00251	0.01073	0.00824	0.00390	0.01073
31	0.01045	0.00815	0.01188	0.01206	0.01352	0.00755	0.05284	0.01271	0.01669	0.02233	0.15147	0.47241	0.10819	0.02105	0.00969	0.00296	0.00503	0.04699	0.00719	0.00683
32	0.01687	0.03630	0.57796	0.02275	0.05364	0.01782	0.05485	0.02585	0.04297	0.05677	0.01553	0.01766	0.01100	0.00755	0.00750	0.00246	0.01101	0.00614	0.00381	0.01156
33	0.01714	0.13750	0.39216	0.02286	0.07561	0.02071	0.07124	0.02461	0.05067	0.02351	0.01419	0.01705	0.01094	0.00796	0.00902	0.00244	0.08169	0.00610	0.00363	0.01096
34	0.01591	0.03224	0.45523	0.02434	0.03398	0.01764	0.20577	0.02366	0.01682	0.02430	0.01646	0.06757	0.01331	0.00832	0.00806	0.00255	0.01143	0.00786	0.00374	0.01081
35	0.01555	0.04011	0.68733	0.02210	0.03356	0.01801	0.02865	0.02455	0.01637	0.02455	0.01391	0.01637	0.00982	0.00737	0.00737	0.00246	0.01146	0.00573	0.00327	0.01146

[dist]
# distance from previous block
# <min> <max>
0	2

[block]
# block no. 5 follows, 25 sequences, length 10
# corresponding to MSA columns:
# 263-272
name=unknown_F
#
# <colnr> <probs for GDERKNQSTAVLIFYWHMCP>
#	G	D	E	R	K	N	Q	S	T	A	V	L	I	F	Y	W	H	M	C	P
0	0.04472	0.10633	0.40447	0.10062	0.08984	0.05267	0.02377	0.02454	0.01670	0.04739	0.01403	0.01680	0.01041	0.00740	0.00709	0.00235	0.01055	0.00578	0.00367	0.01088
1	0.02126	0.02230	0.08220	0.06014	0.31654	0.12695	0.01925	0.11898	0.02082	0.02796	0.01590	0.01919	0.01262	0.00776	0.00730	0.00223	0.00948	0.00655	0.09150	0.01109
2	0.02871	0.01527	0.01724	0.01411	0.01908	0.07116	0.01129	0.07216	0.09548	0.41483	0.06598	0.05727	0.02309	0.01052	0.00779	0.00239	0.00689	0.00857	0.04637	0.01179
3	0.01883	0.02153	0.12031	0.03390	0.23611	0.01797	0.30978	0.02465	0.01794	0.06422	0.01717	0.05032	0.01382	0.00771	0.00841	0.00251	0.01091	0.00849	0.00429	0.01114
4	0.01738	0.07279	0.31738	0.02866	0.10884	0.01948	0.27493	0.02450	0.01725	0.02436	0.01450	0.01826	0.01088	0.00694	0.00796	0.00245	0.01165	0.00713	0.00360	0.01106
5	0.01112	0.00840	0.00953	0.00929	0.01134	0.00775	0.00684	0.04036	0.01866	0.02446	0.22869	0.09725	0.31917	0.10975	0.01301	0.00323	0.00467	0.04027	0.02935	0.00684
6	0.01058	0.00779	0.00980	0.01109	0.01189	0.00769	0.00748	0.01385	0.07892	0.02063	0.04005	0.59582	0.04656	0.08361	0.01225	0.00347	0.00492	0.01980	0.00705	0.00675
7	0.01763	0.02063	0.08130	0.08439	0.07680	0.01819	0.45002	0.02375	0.01766	0.02450	0.01514	0.01995	0.01152	0.00662	0.00845	0.00242	0.01169	0.00810	0.00391	0.09734
8	0.01257	0.01104	0.01672	0.17707	0.08093	0.01143	0.04959	0.01650	0.04069	0.02162	0.04033	0.21645	0.18933	0.01600	0.00898	0.00280	0.00691	0.06723	0.00587	0.00795
9	0.02276	0.01646	0.02113	0.12788	0.10991	0.01722	0.01491	0.22289	0.06500	0.12231	0.02178	0.02406	0.03939	0.04277	0.00908	0.00252	0.00795	0.00747	0.00631	0.09819

[dist]
# distance from previous block
# <min> <max>
0	1

[block]
# block no. 6 follows, 25 sequences, length 14
# corresponding to MSA columns:
# 274-287
name=unknown_G
#
# <colnr> <probs for GDERKNQSTAVLIFYWHMCP>
#	G	D	E	R	K	N	Q	S	T	A	V	L	I	F	Y	W	H	M	C	P
0	0.01723	0.05591	0.06854	0.19251	0.04048	0.01879	0.38571	0.02311	0.01723	0.02331	0.01474	0.01982	0.01121	0.00681	0.00824	0.00243	0.01151	0.00782	0.00380	0.07080
1	0.17215	0.01619	0.06888	0.01355	0.01895	0.01490	0.01182	0.08795	0.12041	0.25849	0.02378	0.02295	0.01660	0.00900	0.00687	0.00235	0.00657	0.00694	0.11048	0.01118
2	0.01341	0.00935	0.01125	0.01034	0.01261	0.03164	0.00784	0.01687	0.02176	0.08210	0.57122	0.05470	0.09644	0.01527	0.00896	0.00243	0.00427	0.01333	0.00840	0.00780
3	0.00945	0.00675	0.00900	0.01080	0.01125	0.00630	0.00720	0.01080	0.01484	0.01979	0.04274	0.72245	0.05128	0.02429	0.00990	0.00315	0.00450	0.02204	0.00720	0.00630
4	0.02092	0.02152	0.02616	0.10587	0.13880	0.16524	0.06834	0.05227	0.01742	0.04466	0.01325	0.01785	0.01109	0.00968	0.01371	0.00267	0.25005	0.00667	0.00406	0.00978
5	0.00942	0.00686	0.00888	0.01049	0.01117	0.00632	0.00706	0.01083	0.01514	0.01991	0.04648	0.65474	0.11657	0.02381	0.00982	0.00309	0.00444	0.02145	0.00720	0.00632
6	0.01738	0.01483	0.01753	0.01298	0.01909	0.01297	0.01050	0.07647	0.01747	0.02670	0.01384	0.01640	0.01150	0.00688	0.00798	0.00149	0.07994	0.00504	0.00475	0.62625
7	0.02088	0.01463	0.01864	0.10621	0.02374	0.01462	0.03616	0.14684	0.07254	0.12834	0.02133	0.05103	0.01734	0.08394	0.01069	0.00269	0.00741	0.00780	0.02878	0.18640
8	0.01132	0.00926	0.01427	0.01359	0.01502	0.00933	0.07521	0.01361	0.01584	0.02172	0.13543	0.42983	0.04506	0.05331	0.04522	0.00364	0.05761	0.01718	0.00653	0.00701
9	0.01643	0.01385	0.01748	0.04847	0.02056	0.01182	0.04076	0.07421	0.01794	0.02654	0.04666	0.06696	0.01768	0.03555	0.00791	0.00183	0.00646	0.00698	0.00514	0.51677
10	0.02034	0.01480	0.01791	0.01386	0.01960	0.01340	0.03022	0.16830	0.02145	0.09944	0.02105	0.10462	0.01849	0.00971	0.00718	0.00191	0.00660	0.02701	0.00623	0.37787
11	0.04539	0.01837	0.09529	0.24637	0.03571	0.01809	0.14083	0.05298	0.01643	0.02334	0.01517	0.04768	0.01267	0.01101	0.03786	0.00303	0.12191	0.00765	0.00402	0.04621
12	0.02158	0.02006	0.05844	0.05942	0.34284	0.05208	0.03538	0.14110	0.06321	0.05616	0.01717	0.01987	0.01332	0.00781	0.00757	0.00229	0.00899	0.00691	0.02643	0.03938
13	0.10897	0.36795	0.16339	0.01458	0.02119	0.02288	0.01509	0.02357	0.01565	0.07719	0.01415	0.01761	0.01198	0.06461	0.00905	0.00249	0.03022	0.00543	0.00412	0.00988

[dist]
# distance from previous block
# <min> <max>
4	6

[block]
# block no. 7 follows, 25 sequences, length 13
# corresponding to MSA columns:
# 295-307
name=unknown_H
#
# <colnr> <probs for GDERKNQSTAVLIFYWHMCP>
#	G	D	E	R	K	N	Q	S	T	A	V	L	I	F	Y	W	H	M	C	P
0	0.02425	0.02613	0.26109	0.02022	0.07121	0.05723	0.01921	0.11426	0.08274	0.21474	0.02086	0.02075	0.01441	0.00856	0.00759	0.00240	0.00918	0.00681	0.00618	0.01217
1	0.01631	0.05198	0.02880	0.23260	0.07083	0.01770	0.20270	0.02140	0.05405	0.02159	0.01680	0.06545	0.01451	0.01073	0.01168	0.07205	0.06924	0.00847	0.00409	0.00901
2	0.01097	0.00801	0.01119	0.04998	0.01548	0.00796	0.01013	0.01342	0.01610	0.02118	0.04049	0.42643	0.04636	0.02223	0.01011	0.00329	0.00589	0.26706	0.00697	0.00677
3	0.01411	0.01136	0.01754	0.26441	0.09654	0.01232	0.01512	0.01786	0.01721	0.04617	0.11159	0.09150	0.08098	0.01413	0.00946	0.02670	0.00758	0.13155	0.00564	0.00821
4	0.06685	0.01918	0.02823	0.10233	0.38036	0.06109	0.07253	0.06738	0.07679	0.02714	0.01599	0.01958	0.01275	0.00753	0.00761	0.00237	0.00942	0.00698	0.00450	0.01139
5	0.01405	0.01042	0.01314	0.01268	0.01542	0.01025	0.03299	0.04518	0.09823	0.06067	0.07225	0.15208	0.21461	0.03716	0.01020	0.00304	0.00589	0.17630	0.00729	0.00814
6	0.01022	0.00782	0.00941	0.00943	0.01139	0.00701	0.00707	0.01299	0.01935	0.02567	0.35066	0.14156	0.28884	0.01850	0.00932	0.00265	0.00404	0.04934	0.00782	0.00691
7	0.01637	0.01458	0.01922	0.06005	0.02274	0.01215	0.06581	0.02133	0.05610	0.02531	0.01504	0.01759	0.01218	0.00624	0.00630	0.00146	0.00671	0.00540	0.00466	0.61077
8	0.12077	0.19675	0.18569	0.01655	0.02302	0.12769	0.01647	0.06671	0.01844	0.05988	0.05255	0.01772	0.01417	0.00833	0.00747	0.00222	0.04513	0.00577	0.00455	0.01012
9	0.16647	0.01915	0.06450	0.05660	0.04654	0.05273	0.01334	0.20289	0.02173	0.03334	0.01516	0.01712	0.01160	0.00761	0.00649	0.00202	0.00770	0.00566	0.04621	0.20312
10	0.12286	0.23335	0.12033	0.01740	0.04817	0.02130	0.05281	0.05801	0.01739	0.11659	0.01493	0.01662	0.01148	0.00791	0.00797	0.00221	0.06879	0.00568	0.00474	0.05143
11	0.02351	0.01356	0.01707	0.07375	0.02074	0.01382	0.01162	0.14526	0.02210	0.24462	0.09230	0.02978	0.04589	0.04809	0.01036	0.00262	0.04842	0.00841	0.07619	0.05189
12	0.01760	0.02634	0.35931	0.01945	0.06417	0.01488	0.02030	0.02522	0.06319	0.11401	0.14119	0.02943	0.02538	0.01002	0.00795	0.00249	0.00868	0.03393	0.00561	0.01084

[dist]
# distance from previous block
# <min> <max>
0	6

[block]
# block no. 8 follows, 25 sequences, length 14
# corresponding to MSA columns:
# 314-327
name=unknown_I
#
# <colnr> <probs for GDERKNQSTAVLIFYWHMCP>
#	G	D	E	R	K	N	Q	S	T	A	V	L	I	F	Y	W	H	M	C	P
0	0.37282	0.01490	0.07443	0.01192	0.01656	0.01358	0.01073	0.02186	0.01656	0.10522	0.10852	0.03416	0.07924	0.01128	0.00698	0.00256	0.00622	0.07753	0.00616	0.00879
1	0.05401	0.04378	0.16201	0.07409	0.31175	0.01799	0.11044	0.02434	0.01739	0.06702	0.01703	0.02041	0.02980	0.00752	0.00766	0.00239	0.00978	0.00709	0.00420	0.01129
2	0.02184	0.01179	0.01406	0.01195	0.01628	0.01108	0.00948	0.02821	0.14603	0.29875	0.07700	0.04494	0.24868	0.01352	0.00835	0.00252	0.00545	0.01122	0.00839	0.01045
3	0.00942	0.00684	0.00890	0.01055	0.01118	0.00632	0.00709	0.01082	0.01509	0.01989	0.04579	0.66714	0.10462	0.02389	0.00983	0.00310	0.00445	0.02156	0.00720	0.00632
4	0.01806	0.01969	0.04116	0.03155	0.08419	0.01901	0.53068	0.02401	0.01777	0.02477	0.01587	0.02105	0.01220	0.00711	0.00974	0.00259	0.05164	0.00874	0.04991	0.01029
5	0.06821	0.02207	0.07281	0.02619	0.21493	0.14769	0.03918	0.07226	0.03749	0.09452	0.01847	0.02426	0.01521	0.00888	0.00757	0.00234	0.00946	0.05932	0.00520	0.05394
6	0.02461	0.01743	0.01936	0.01523	0.02089	0.01802	0.01246	0.35234	0.08049	0.09453	0.02138	0.02400	0.01634	0.00937	0.00739	0.00216	0.00724	0.04038	0.05437	0.16199
7	0.06447	0.02107	0.19225	0.06461	0.15241	0.01488	0.01800	0.02421	0.03947	0.10545	0.01857	0.07018	0.01523	0.00859	0.00723	0.00222	0.00822	0.00727	0.00496	0.16070
8	0.02016	0.01912	0.17055	0.01501	0.02107	0.01369	0.01448	0.06485	0.11347	0.17826	0.18897	0.03114	0.03041	0.01047	0.00788	0.00235	0.00695	0.00873	0.00709	0.07536
9	0.01449	0.01325	0.05183	0.01306	0.01611	0.03161	0.01065	0.08322	0.12652	0.02700	0.11918	0.23161	0.13231	0.01702	0.00900	0.00279	0.00595	0.07859	0.00721	0.00861
10	0.05621	0.02474	0.22747	0.14145	0.10332	0.01862	0.25021	0.02355	0.01677	0.02432	0.01434	0.01883	0.01079	0.00724	0.00845	0.00254	0.02978	0.00722	0.00367	0.01047
11	0.09768	0.35485	0.13249	0.01850	0.06123	0.10518	0.05071	0.02419	0.01638	0.02175	0.01186	0.01432	0.01002	0.00733	0.00700	0.00207	0.04577	0.00506	0.00361	0.00999
12	0.02065	0.04335	0.03503	0.01480	0.05514	0.01185	0.01150	0.02580	0.07852	0.24235	0.21458	0.04413	0.06550	0.01305	0.00848	0.00255	0.00604	0.08862	0.00795	0.01014
13	0.01713	0.01832	0.05294	0.14395	0.06894	0.05217	0.26430	0.02316	0.05703	0.02356	0.01890	0.06593	0.01627	0.00948	0.00967	0.00264	0.06183	0.03550	0.04869	0.00958

[dist]
# distance from previous block
# <min> <max>
0	1

[block]
# block no. 9 follows, 25 sequences, length 12
# corresponding to MSA columns:
# 329-340
name=unknown_J
#
# <colnr> <probs for GDERKNQSTAVLIFYWHMCP>
#	G	D	E	R	K	N	Q	S	T	A	V	L	I	F	Y	W	H	M	C	P
0	0.01101	0.00833	0.01076	0.01131	0.01156	0.00897	0.00769	0.01198	0.01333	0.01814	0.03269	0.41800	0.03861	0.24482	0.02127	0.00456	0.09835	0.01664	0.00591	0.00608
1	0.01340	0.00843	0.01222	0.01250	0.01412	0.00779	0.03986	0.01537	0.01617	0.10738	0.03970	0.55535	0.04469	0.02130	0.00964	0.00305	0.00537	0.05884	0.00735	0.00746
2	0.06567	0.02057	0.22511	0.04390	0.02274	0.01348	0.01572	0.04311	0.05936	0.06830	0.04183	0.20038	0.02401	0.01216	0.00778	0.00247	0.00754	0.01033	0.00557	0.10998
3	0.01683	0.01989	0.08182	0.09542	0.06354	0.10473	0.21453	0.02118	0.01723	0.02220	0.03949	0.17982	0.02189	0.01167	0.00965	0.00266	0.05277	0.01090	0.00467	0.00909
4	0.06166	0.01304	0.01679	0.01356	0.01871	0.01202	0.01094	0.06571	0.05332	0.50510	0.03078	0.11676	0.02286	0.01145	0.00795	0.00251	0.00638	0.00952	0.00890	0.01204
5	0.01662	0.01673	0.02589	0.06621	0.02473	0.02190	0.09979	0.01924	0.01299	0.01950	0.01180	0.01857	0.01098	0.01508	0.06448	0.00381	0.53232	0.00720	0.00351	0.00865
6	0.01825	0.04540	0.10258	0.11499	0.44348	0.01881	0.09697	0.02354	0.01729	0.02433	0.01442	0.01902	0.01166	0.00700	0.00773	0.00236	0.00999	0.00695	0.00373	0.01149
7	0.01812	0.01955	0.03161	0.05929	0.02958	0.06592	0.24765	0.02177	0.01505	0.02098	0.01248	0.01839	0.01075	0.01036	0.01743	0.00298	0.37769	0.00753	0.00363	0.00924
8	0.07576	0.01250	0.01507	0.01230	0.01700	0.03295	0.00990	0.02915	0.02097	0.42230	0.14463	0.03677	0.11345	0.01177	0.00798	0.00242	0.00595	0.00965	0.00861	0.01087
9	0.02151	0.52511	0.07967	0.01593	0.02231	0.13622	0.04094	0.02448	0.01679	0.01906	0.01136	0.01342	0.01003	0.00710	0.00622	0.00185	0.03001	0.00467	0.00345	0.00987
10	0.07337	0.01955	0.04965	0.20928	0.03459	0.10665	0.18551	0.02295	0.01677	0.04918	0.01614	0.06796	0.01372	0.00930	0.00998	0.00262	0.09120	0.00809	0.00424	0.00924
11	0.01109	0.00742	0.00993	0.01123	0.01221	0.00698	0.00811	0.01267	0.01570	0.04230	0.06767	0.49095	0.07885	0.02293	0.01122	0.05325	0.00508	0.11881	0.00707	0.00653

[dist]
# distance from previous block
# <min> <max>
0	32

# created by:
# /st0/software/busco_prod/Augustus/scripts/msa2prfl.pl ./align_prep/110305.fa
