[name]
unknown

[dist]
# distance from previous block
# <min> <max>
0	51

[block]
# block no. 0 follows, 26 sequences, length 13
# corresponding to MSA columns:
# 51-63
name=unknown_A
#
# <colnr> <probs for GDERKNQSTAVLIFYWHMCP>
#	G	D	E	R	K	N	Q	S	T	A	V	L	I	F	Y	W	H	M	C	P
0	0.01222	0.00873	0.01222	0.01397	0.01572	0.00873	0.01222	0.01572	0.01746	0.02270	0.04016	0.08556	0.04365	0.02095	0.01048	0.00349	0.00698	0.63506	0.00698	0.00698
1	0.00942	0.00674	0.00868	0.01015	0.01066	0.00631	0.00670	0.01063	0.01429	0.01891	0.04175	0.61825	0.08215	0.10144	0.01282	0.00352	0.00469	0.02010	0.00677	0.00600
2	0.01405	0.01291	0.02168	0.55853	0.04437	0.01566	0.04637	0.01825	0.01471	0.01908	0.01558	0.06303	0.01346	0.04389	0.01073	0.03508	0.03307	0.00790	0.00366	0.00797
3	0.01034	0.00767	0.01002	0.01015	0.01143	0.00782	0.00735	0.01242	0.01459	0.01982	0.13704	0.13399	0.14180	0.15595	0.27728	0.00707	0.01072	0.01252	0.00570	0.00632
4	0.01388	0.00858	0.01037	0.01006	0.01196	0.00829	0.00726	0.01777	0.07179	0.09320	0.19761	0.20199	0.07975	0.11395	0.01244	0.00316	0.00479	0.01332	0.11230	0.00752
5	0.07370	0.00960	0.01193	0.01062	0.01372	0.00889	0.00837	0.02027	0.02022	0.19415	0.36840	0.04909	0.11728	0.01406	0.00839	0.00246	0.00469	0.04745	0.00812	0.00858
6	0.02732	0.01257	0.01600	0.01295	0.01783	0.01159	0.01043	0.07984	0.06395	0.45453	0.05597	0.08338	0.09555	0.01176	0.00797	0.00244	0.00604	0.00977	0.00868	0.01145
7	0.00978	0.00697	0.00922	0.01053	0.01124	0.00656	0.00730	0.01152	0.01556	0.02096	0.13446	0.54362	0.05152	0.06314	0.01130	0.00325	0.00464	0.06505	0.00709	0.00628
8	0.01563	0.00867	0.00888	0.00829	0.01045	0.00892	0.00629	0.08914	0.01788	0.02980	0.02397	0.02818	0.01910	0.04380	0.00716	0.00209	0.00426	0.00723	0.65265	0.00760
9	0.00976	0.00708	0.00893	0.00974	0.01069	0.00656	0.00665	0.01154	0.01608	0.02158	0.19482	0.42070	0.12334	0.10082	0.01267	0.00334	0.00448	0.01791	0.00708	0.00625
10	0.01212	0.00741	0.00990	0.01078	0.01195	0.00681	0.00750	0.01384	0.01602	0.09427	0.10572	0.58290	0.04890	0.02134	0.00938	0.00293	0.00454	0.01923	0.00743	0.00700
11	0.03403	0.01291	0.01760	0.01350	0.01936	0.01115	0.01115	0.03697	0.02171	0.69137	0.02992	0.02582	0.01878	0.00939	0.00763	0.00235	0.00645	0.00763	0.00939	0.01291
12	0.09969	0.01225	0.01321	0.01248	0.01547	0.01335	0.00945	0.06613	0.26011	0.02908	0.12787	0.21860	0.06278	0.01458	0.00813	0.00264	0.00527	0.01250	0.00726	0.00915

[dist]
# distance from previous block
# <min> <max>
5	13

[block]
# block no. 1 follows, 26 sequences, length 121
# corresponding to MSA columns:
# 80-200
name=unknown_B
#
# <colnr> <probs for GDERKNQSTAVLIFYWHMCP>
#	G	D	E	R	K	N	Q	S	T	A	V	L	I	F	Y	W	H	M	C	P
0	0.01414	0.00707	0.00707	0.00707	0.00884	0.00707	0.00530	0.01767	0.01591	0.02828	0.02474	0.02828	0.01944	0.00884	0.00530	0.00177	0.00353	0.00707	0.77554	0.00707
1	0.01750	0.01843	0.03745	0.02804	0.05472	0.01754	0.49476	0.06497	0.01937	0.02642	0.09543	0.05016	0.02013	0.00829	0.00884	0.00253	0.01098	0.00976	0.00473	0.00995
2	0.01062	0.00775	0.00998	0.00942	0.01126	0.00711	0.00706	0.01409	0.02119	0.02976	0.64181	0.05775	0.11229	0.01575	0.00895	0.00240	0.00360	0.01387	0.00826	0.00711
3	0.06921	0.07406	0.06702	0.01607	0.02245	0.01711	0.05622	0.19549	0.02375	0.34798	0.02229	0.02105	0.01489	0.00862	0.00731	0.00229	0.00778	0.00691	0.00741	0.01212
4	0.02728	0.03356	0.05831	0.01987	0.02463	0.54247	0.04200	0.11865	0.02305	0.02322	0.01289	0.01472	0.01028	0.00791	0.00705	0.00205	0.01276	0.00537	0.00439	0.00956
5	0.00969	0.00766	0.00815	0.00822	0.01011	0.00678	0.00588	0.01129	0.01596	0.01958	0.08307	0.06759	0.47357	0.18773	0.01604	0.00374	0.00483	0.04758	0.00651	0.00603
6	0.01829	0.01902	0.03601	0.02599	0.03317	0.03655	0.45697	0.02434	0.04135	0.04582	0.01587	0.01971	0.01205	0.00651	0.00809	0.00223	0.01083	0.00782	0.00430	0.17510
7	0.01117	0.00821	0.01051	0.00986	0.01178	0.00778	0.00741	0.01569	0.05599	0.03049	0.64758	0.05516	0.06900	0.01523	0.00888	0.00240	0.00371	0.01344	0.00832	0.00741
8	0.01418	0.01168	0.01839	0.02351	0.20497	0.01161	0.03577	0.01805	0.01761	0.02369	0.06169	0.06335	0.03501	0.01624	0.00952	0.00306	0.00758	0.40954	0.00604	0.00851
9	0.01761	0.02266	0.12359	0.03124	0.06253	0.01895	0.55821	0.02423	0.01765	0.02428	0.01509	0.01986	0.01130	0.00651	0.00869	0.00253	0.01246	0.00846	0.00376	0.01042
10	0.05717	0.26084	0.02693	0.01704	0.02181	0.45827	0.01385	0.02752	0.01918	0.01897	0.01130	0.01314	0.00969	0.00736	0.00612	0.00186	0.01157	0.00459	0.00373	0.00907
11	0.01103	0.00735	0.00827	0.00827	0.00827	0.00735	0.00460	0.01103	0.01103	0.01471	0.02390	0.04964	0.02758	0.73343	0.03861	0.00735	0.00735	0.01103	0.00460	0.00460
12	0.02160	0.59176	0.03580	0.01419	0.02016	0.14417	0.01323	0.02465	0.04080	0.01848	0.01150	0.01302	0.01024	0.00686	0.00531	0.00171	0.00898	0.00436	0.00352	0.00966
13	0.01661	0.01581	0.02687	0.37230	0.37731	0.01745	0.02220	0.02138	0.01625	0.02215	0.01388	0.01948	0.01109	0.00716	0.00755	0.00239	0.00955	0.00675	0.00357	0.01027
14	0.01942	0.01712	0.01815	0.01605	0.01952	0.07248	0.01276	0.13078	0.31156	0.02907	0.02349	0.02644	0.01895	0.01805	0.12031	0.00413	0.09465	0.03037	0.00626	0.01044
15	0.01445	0.01352	0.02274	0.65879	0.08035	0.01661	0.02085	0.01943	0.01535	0.01975	0.01448	0.02252	0.01141	0.00803	0.00768	0.00255	0.00995	0.02947	0.00352	0.00854
16	0.01088	0.00796	0.01136	0.01136	0.01243	0.00903	0.00845	0.01301	0.01194	0.01699	0.02107	0.03399	0.02078	0.19994	0.56281	0.01117	0.01758	0.00874	0.00418	0.00631
17	0.02878	0.01483	0.02271	0.01729	0.02327	0.01379	0.13450	0.03503	0.11471	0.46939	0.02729	0.02515	0.01802	0.00895	0.00789	0.00242	0.00759	0.00802	0.00809	0.01227
18	0.78701	0.01467	0.01115	0.00997	0.01467	0.01702	0.00821	0.02230	0.01291	0.03403	0.01056	0.01232	0.00821	0.00704	0.00469	0.00235	0.00587	0.00411	0.00469	0.00821
19	0.01824	0.01579	0.01884	0.03838	0.04523	0.01772	0.04827	0.06411	0.49102	0.03129	0.09982	0.02992	0.02654	0.01038	0.00790	0.00252	0.00646	0.00896	0.00729	0.01131
20	0.01318	0.00659	0.00988	0.00988	0.00988	0.00659	0.00659	0.00988	0.00988	0.01318	0.01318	0.02306	0.01318	0.02635	0.02964	0.77931	0.00659	0.00659	0.00329	0.00329
21	0.01084	0.00813	0.01219	0.01219	0.01354	0.00948	0.00948	0.01354	0.01219	0.01761	0.02032	0.02980	0.01896	0.05689	0.70337	0.01219	0.02032	0.00813	0.00406	0.00677
22	0.03403	0.01291	0.01760	0.01350	0.01936	0.01115	0.01115	0.03697	0.02171	0.69137	0.02992	0.02582	0.01878	0.00939	0.00763	0.00235	0.00645	0.00763	0.00939	0.01291
23	0.01160	0.00794	0.01042	0.00969	0.01163	0.00730	0.00730	0.01515	0.02148	0.05491	0.65794	0.05552	0.06961	0.01528	0.00890	0.00238	0.00369	0.01349	0.00839	0.00737
24	0.32918	0.01360	0.01507	0.01212	0.01752	0.01345	0.01000	0.03122	0.01826	0.43371	0.02233	0.02053	0.01464	0.00847	0.00648	0.00235	0.00622	0.00625	0.00755	0.01107
25	0.01877	0.01802	0.03079	0.04656	0.68612	0.01802	0.02328	0.02328	0.01727	0.02478	0.01427	0.01877	0.01201	0.00676	0.00751	0.00225	0.00901	0.00676	0.00375	0.01201
26	0.01877	0.01802	0.03079	0.04656	0.68612	0.01802	0.02328	0.02328	0.01727	0.02478	0.01427	0.01877	0.01201	0.00676	0.00751	0.00225	0.00901	0.00676	0.00375	0.01201
27	0.02028	0.73799	0.03975	0.01298	0.01947	0.03001	0.01298	0.02271	0.01541	0.01785	0.01055	0.01217	0.00973	0.00649	0.00487	0.00162	0.00811	0.00406	0.00324	0.00973
28	0.01573	0.01348	0.01573	0.01123	0.01798	0.01011	0.00899	0.01910	0.01573	0.02472	0.01348	0.01573	0.01123	0.00562	0.00562	0.00112	0.00562	0.00449	0.00449	0.77980
29	0.01530	0.08971	0.30611	0.01597	0.02263	0.01557	0.01741	0.07034	0.05394	0.02753	0.22561	0.05566	0.03156	0.01067	0.00769	0.00235	0.00778	0.00885	0.00554	0.00979
30	0.78701	0.01467	0.01115	0.00997	0.01467	0.01702	0.00821	0.02230	0.01291	0.03403	0.01056	0.01232	0.00821	0.00704	0.00469	0.00235	0.00587	0.00411	0.00469	0.00821
31	0.00922	0.00667	0.00873	0.01037	0.01095	0.00618	0.00696	0.01058	0.01471	0.01944	0.04414	0.68483	0.09231	0.02346	0.00963	0.00305	0.00436	0.02119	0.00704	0.00618
32	0.01103	0.00735	0.00827	0.00827	0.00827	0.00735	0.00460	0.01103	0.01103	0.01471	0.02390	0.04964	0.02758	0.73343	0.03861	0.00735	0.00735	0.01103	0.00460	0.00460
33	0.00924	0.00660	0.00880	0.01056	0.01100	0.00616	0.00704	0.01056	0.01452	0.01936	0.04181	0.72848	0.05017	0.02376	0.00968	0.00308	0.00440	0.02156	0.00704	0.00616
34	0.00921	0.00674	0.00866	0.01020	0.01091	0.00619	0.00688	0.01060	0.01487	0.01951	0.04625	0.64543	0.13036	0.02319	0.00959	0.00301	0.00433	0.02086	0.00704	0.00619
35	0.02028	0.73799	0.03975	0.01298	0.01947	0.03001	0.01298	0.02271	0.01541	0.01785	0.01055	0.01217	0.00973	0.00649	0.00487	0.00162	0.00811	0.00406	0.00324	0.00973
36	0.02796	0.06853	0.02234	0.01924	0.02327	0.67194	0.01458	0.02994	0.02121	0.01853	0.01167	0.01361	0.00977	0.00776	0.00675	0.00194	0.01342	0.00485	0.00388	0.00884
37	0.00979	0.00772	0.00882	0.00855	0.01075	0.00675	0.00641	0.01247	0.01923	0.02509	0.35734	0.06543	0.39967	0.01749	0.00896	0.00248	0.00372	0.01495	0.00765	0.00675
38	0.01301	0.00983	0.03672	0.01211	0.04555	0.00838	0.00909	0.01666	0.02067	0.07967	0.51361	0.05301	0.10215	0.01474	0.00876	0.00243	0.00447	0.03333	0.00789	0.00793
39	0.03348	0.01303	0.01759	0.01357	0.01938	0.01143	0.01118	0.03709	0.04526	0.66750	0.02996	0.02591	0.01893	0.00942	0.00763	0.00236	0.00644	0.00766	0.00933	0.01288
40	0.01995	0.02460	0.12436	0.04365	0.02931	0.14977	0.21407	0.07875	0.11725	0.02558	0.01964	0.02187	0.04523	0.00857	0.00870	0.00243	0.04365	0.00763	0.00476	0.01025
41	0.01086	0.00758	0.00927	0.00941	0.00996	0.00777	0.00615	0.01177	0.01210	0.01623	0.02794	0.06890	0.07027	0.48778	0.17500	0.00775	0.00976	0.04134	0.00483	0.00534
42	0.02025	0.02112	0.02134	0.02348	0.18269	0.22137	0.04043	0.06738	0.09225	0.02517	0.10231	0.02838	0.07360	0.03660	0.00884	0.00244	0.00905	0.00823	0.00535	0.00972
43	0.01005	0.00773	0.00920	0.00883	0.01091	0.00687	0.00662	0.01300	0.01986	0.02660	0.44954	0.06294	0.30652	0.01693	0.00895	0.00245	0.00368	0.01460	0.00785	0.00687
44	0.07045	0.28682	0.31514	0.01669	0.02500	0.02154	0.01895	0.04595	0.01687	0.09729	0.01426	0.01554	0.01069	0.00724	0.00625	0.00211	0.00911	0.00521	0.00415	0.01072
45	0.01815	0.23100	0.40883	0.01889	0.02798	0.02077	0.05113	0.02519	0.04286	0.06706	0.01462	0.01629	0.01089	0.00724	0.00668	0.00219	0.00989	0.00558	0.00384	0.01090
46	0.02160	0.55013	0.07987	0.01462	0.02116	0.08605	0.01429	0.09576	0.01827	0.02171	0.01172	0.01324	0.01009	0.00695	0.00550	0.00178	0.00882	0.00454	0.00379	0.01011
47	0.74678	0.01581	0.01170	0.01048	0.01513	0.05339	0.00856	0.02272	0.01336	0.03321	0.01062	0.01239	0.00830	0.00708	0.00481	0.00233	0.00628	0.00415	0.00465	0.00825
48	0.01752	0.01603	0.02479	0.12366	0.28868	0.01697	0.06842	0.06807	0.13648	0.02609	0.02251	0.05717	0.05318	0.01098	0.03365	0.00280	0.00879	0.00852	0.00504	0.01067
49	0.01259	0.00915	0.01250	0.01405	0.01594	0.00929	0.01221	0.01708	0.05392	0.02320	0.03964	0.08237	0.04251	0.02036	0.01032	0.00344	0.00693	0.60019	0.00703	0.00726
50	0.01905	0.01809	0.04874	0.01588	0.02047	0.04417	0.01285	0.03918	0.61781	0.03088	0.02936	0.02719	0.02203	0.01006	0.00766	0.00254	0.00653	0.00830	0.00737	0.01185
51	0.03403	0.01291	0.01760	0.01350	0.01936	0.01115	0.01115	0.03697	0.02171	0.69137	0.02992	0.02582	0.01878	0.00939	0.00763	0.00235	0.00645	0.00763	0.00939	0.01291
52	0.01970	0.01723	0.01796	0.04822	0.02164	0.04389	0.01269	0.08251	0.57363	0.03181	0.02848	0.02669	0.02134	0.00999	0.00767	0.00253	0.00664	0.00823	0.00737	0.01179
53	0.03403	0.01291	0.01760	0.01350	0.01936	0.01115	0.01115	0.03697	0.02171	0.69137	0.02992	0.02582	0.01878	0.00939	0.00763	0.00235	0.00645	0.00763	0.00939	0.01291
54	0.01570	0.01762	0.10213	0.09182	0.31238	0.01550	0.06701	0.02038	0.01677	0.02353	0.07418	0.02833	0.06358	0.01290	0.06179	0.00318	0.03144	0.02738	0.00437	0.01002
55	0.78701	0.01467	0.01115	0.00997	0.01467	0.01702	0.00821	0.02230	0.01291	0.03403	0.01056	0.01232	0.00821	0.00704	0.00469	0.00235	0.00587	0.00411	0.00469	0.00821
56	0.01432	0.01348	0.02275	0.71520	0.05224	0.01685	0.02107	0.01938	0.01517	0.01938	0.01348	0.02022	0.01011	0.00758	0.00758	0.00253	0.01011	0.00674	0.00337	0.00843
57	0.01074	0.00775	0.01014	0.00954	0.01133	0.00716	0.00716	0.01431	0.02147	0.03042	0.68211	0.05666	0.07157	0.01551	0.00895	0.00239	0.00358	0.01372	0.00835	0.00716
58	0.01085	0.00972	0.01043	0.01131	0.05619	0.03958	0.00773	0.01320	0.01774	0.02182	0.14546	0.06211	0.49059	0.01947	0.04743	0.00303	0.00552	0.01414	0.00668	0.00701
59	0.00898	0.00761	0.00776	0.00788	0.01030	0.00639	0.00585	0.01086	0.01710	0.02042	0.07451	0.11665	0.64090	0.01951	0.00901	0.00260	0.00388	0.01638	0.00704	0.00639
60	0.00955	0.00673	0.00871	0.01016	0.01052	0.00637	0.00661	0.01064	0.01391	0.01855	0.03867	0.60949	0.04621	0.14816	0.01475	0.00383	0.00492	0.01972	0.00661	0.00589
61	0.06433	0.05949	0.02217	0.02034	0.05977	0.60722	0.01476	0.02924	0.02062	0.01963	0.01177	0.01384	0.00982	0.00767	0.00670	0.00198	0.01284	0.00492	0.00391	0.00898
62	0.02736	0.03459	0.02098	0.01913	0.02290	0.66437	0.01437	0.02936	0.02098	0.01851	0.01220	0.01458	0.01028	0.01055	0.04562	0.00252	0.01405	0.00507	0.00392	0.00868
63	0.01303	0.00664	0.00977	0.00977	0.00977	0.00664	0.00645	0.00996	0.00996	0.01328	0.01389	0.02483	0.01413	0.07343	0.03024	0.72791	0.00664	0.00688	0.00338	0.00338
64	0.01582	0.03909	0.66310	0.02152	0.03240	0.04923	0.02741	0.02431	0.01627	0.02377	0.01352	0.01591	0.00962	0.00723	0.00719	0.00238	0.01132	0.00557	0.00324	0.01110
65	0.01298	0.00988	0.01248	0.01335	0.01538	0.01032	0.01084	0.01992	0.15911	0.02441	0.07422	0.20188	0.04208	0.01891	0.00963	0.00315	0.00606	0.34024	0.00723	0.00792
66	0.01414	0.00707	0.00707	0.00707	0.00884	0.00707	0.00530	0.01767	0.01591	0.02828	0.02474	0.02828	0.01944	0.00884	0.00530	0.00177	0.00353	0.00707	0.77554	0.00707
67	0.03403	0.01291	0.01760	0.01350	0.01936	0.01115	0.01115	0.03697	0.02171	0.69137	0.02992	0.02582	0.01878	0.00939	0.00763	0.00235	0.00645	0.00763	0.00939	0.01291
68	0.02116	0.14654	0.05060	0.05280	0.02424	0.27243	0.06282	0.02384	0.01691	0.01910	0.01411	0.01750	0.03718	0.00936	0.01157	0.00237	0.19881	0.00607	0.00371	0.00890
69	0.01222	0.00873	0.01222	0.01397	0.01572	0.00873	0.01222	0.01572	0.01746	0.02270	0.04016	0.08556	0.04365	0.02095	0.01048	0.00349	0.00698	0.63506	0.00698	0.00698
70	0.01084	0.00769	0.00926	0.04798	0.01142	0.00778	0.00609	0.01155	0.01225	0.01610	0.02990	0.11512	0.09044	0.52519	0.06213	0.00644	0.00749	0.01215	0.00497	0.00523
71	0.29269	0.01351	0.01539	0.01229	0.01775	0.01316	0.01014	0.03193	0.01869	0.46556	0.02327	0.02118	0.01515	0.00858	0.00662	0.00235	0.00625	0.00642	0.00778	0.01130
72	0.02008	0.01690	0.01784	0.01568	0.02019	0.01944	0.01230	0.11612	0.59461	0.03369	0.02933	0.02707	0.02190	0.01015	0.00770	0.00254	0.00629	0.00836	0.00770	0.01212
73	0.01088	0.00729	0.00832	0.00846	0.00850	0.00726	0.00480	0.01099	0.01132	0.01509	0.02536	0.10513	0.02942	0.67542	0.03624	0.00700	0.00711	0.01189	0.00480	0.00472
74	0.01528	0.03814	0.66158	0.02154	0.03220	0.01789	0.02747	0.02374	0.01580	0.02374	0.01343	0.01604	0.00963	0.00750	0.00806	0.00245	0.04558	0.00566	0.00321	0.01107
75	0.04233	0.41574	0.29473	0.01616	0.02428	0.02395	0.01854	0.02293	0.01578	0.02121	0.03468	0.01520	0.01175	0.00710	0.00592	0.00198	0.00910	0.00500	0.00345	0.01018
76	0.02020	0.01696	0.01790	0.01571	0.02023	0.01949	0.01233	0.12352	0.58702	0.03389	0.02917	0.02695	0.02178	0.01013	0.00770	0.00253	0.00632	0.00834	0.00770	0.01213
77	0.05462	0.10036	0.09013	0.01359	0.02007	0.01562	0.01232	0.08581	0.08302	0.08192	0.04758	0.01940	0.01551	0.00752	0.00637	0.00178	0.00678	0.00586	0.00542	0.32633
78	0.02034	0.56293	0.13537	0.01493	0.02186	0.09623	0.01539	0.02367	0.01612	0.01884	0.01112	0.01289	0.00972	0.00673	0.00541	0.00177	0.00914	0.00437	0.00331	0.00986
79	0.01573	0.01348	0.01573	0.01123	0.01798	0.01011	0.00899	0.01910	0.01573	0.02472	0.01348	0.01573	0.01123	0.00562	0.00562	0.00112	0.00562	0.00449	0.00449	0.77980
80	0.03362	0.01357	0.01801	0.01381	0.01969	0.01213	0.01141	0.08639	0.02282	0.64038	0.02900	0.02521	0.01831	0.00937	0.00762	0.00234	0.00660	0.00756	0.00925	0.01291
81	0.01854	0.01778	0.03036	0.08201	0.65250	0.01796	0.02316	0.02307	0.01716	0.02449	0.01423	0.01885	0.01191	0.00680	0.00751	0.00227	0.00907	0.00676	0.00373	0.01182
82	0.01080	0.00726	0.00834	0.00857	0.00863	0.00720	0.00491	0.01097	0.01148	0.01531	0.02621	0.13739	0.03050	0.64169	0.03487	0.00680	0.00697	0.01239	0.00491	0.00480
83	0.01785	0.01708	0.02912	0.18489	0.55498	0.01778	0.02282	0.02247	0.01684	0.02366	0.01410	0.01907	0.01162	0.00693	0.00752	0.00231	0.00924	0.00675	0.00368	0.01127
84	0.01186	0.00847	0.01180	0.01355	0.01514	0.00842	0.01159	0.01509	0.01710	0.02229	0.04036	0.16412	0.04445	0.02130	0.01038	0.00344	0.00667	0.56010	0.00699	0.00688
85	0.01782	0.01692	0.02806	0.18784	0.50117	0.01783	0.02198	0.02369	0.06484	0.02413	0.01532	0.01978	0.01242	0.00719	0.00754	0.00234	0.00903	0.00689	0.00396	0.01124
86	0.01084	0.00813	0.01219	0.01219	0.01354	0.00948	0.00948	0.01354	0.01219	0.01761	0.02032	0.02980	0.01896	0.05689	0.70337	0.01219	0.02032	0.00813	0.00406	0.00677
87	0.01318	0.00659	0.00988	0.00988	0.00988	0.00659	0.00659	0.00988	0.00988	0.01318	0.01318	0.02306	0.01318	0.02635	0.02964	0.77931	0.00659	0.00659	0.00329	0.00329
88	0.78701	0.01467	0.01115	0.00997	0.01467	0.01702	0.00821	0.02230	0.01291	0.03403	0.01056	0.01232	0.00821	0.00704	0.00469	0.00235	0.00587	0.00411	0.00469	0.00821
89	0.03110	0.01226	0.01666	0.01300	0.01835	0.01065	0.01065	0.03411	0.02168	0.60820	0.11199	0.02970	0.02542	0.01016	0.00779	0.00235	0.00609	0.00839	0.00926	0.01218
90	0.03304	0.01353	0.01787	0.01381	0.01961	0.01220	0.01137	0.07185	0.05270	0.62491	0.02932	0.02551	0.01865	0.00941	0.00763	0.00235	0.00654	0.00763	0.00921	0.01287
91	0.03034	0.01799	0.02064	0.01592	0.02184	0.01880	0.01312	0.40699	0.05630	0.28311	0.02302	0.02141	0.01547	0.00926	0.00761	0.00231	0.00756	0.00719	0.00825	0.01287
92	0.01211	0.01016	0.01344	0.01315	0.01446	0.04418	0.01023	0.01461	0.01272	0.01781	0.02017	0.06673	0.01945	0.04875	0.57008	0.01039	0.08185	0.00858	0.00415	0.00697
93	0.00924	0.00660	0.00880	0.01056	0.01100	0.00616	0.00704	0.01056	0.01452	0.01936	0.04181	0.72848	0.05017	0.02376	0.00968	0.00308	0.00440	0.02156	0.00704	0.00616
94	0.01772	0.02171	0.08800	0.03128	0.03919	0.01908	0.61658	0.02428	0.01778	0.02428	0.01523	0.02016	0.01138	0.00645	0.00884	0.00255	0.01268	0.00873	0.00379	0.01030
95	0.02173	0.02048	0.05161	0.01658	0.02153	0.09043	0.01356	0.16712	0.44133	0.03333	0.02543	0.02410	0.01899	0.00964	0.00758	0.00244	0.00753	0.00769	0.00708	0.01182
96	0.78701	0.01467	0.01115	0.00997	0.01467	0.01702	0.00821	0.02230	0.01291	0.03403	0.01056	0.01232	0.00821	0.00704	0.00469	0.00235	0.00587	0.00411	0.00469	0.00821
97	0.01926	0.02162	0.01667	0.01573	0.01831	0.34332	0.01197	0.02160	0.01667	0.01807	0.01618	0.02204	0.01454	0.03327	0.36807	0.00726	0.01712	0.00657	0.00399	0.00775
98	0.02028	0.73799	0.03975	0.01298	0.01947	0.03001	0.01298	0.02271	0.01541	0.01785	0.01055	0.01217	0.00973	0.00649	0.00487	0.00162	0.00811	0.00406	0.00324	0.00973
99	0.01971	0.51056	0.19714	0.01562	0.02304	0.08239	0.01677	0.02365	0.01606	0.01940	0.01139	0.01323	0.00971	0.00677	0.00560	0.00184	0.00932	0.00450	0.00329	0.01001
100	0.01659	0.01659	0.02323	0.01991	0.01991	0.02323	0.01659	0.01825	0.01162	0.01825	0.00996	0.01659	0.00996	0.01328	0.02489	0.00332	0.71955	0.00664	0.00332	0.00830
101	0.01318	0.00659	0.00988	0.00988	0.00988	0.00659	0.00659	0.00988	0.00988	0.01318	0.01318	0.02306	0.01318	0.02635	0.02964	0.77931	0.00659	0.00659	0.00329	0.00329
102	0.01129	0.00793	0.01001	0.00938	0.01145	0.00718	0.00707	0.01458	0.02080	0.05275	0.56006	0.05820	0.16909	0.01589	0.00890	0.00241	0.00373	0.01387	0.00817	0.00724
103	0.00913	0.00769	0.00791	0.00786	0.01035	0.00647	0.00589	0.01121	0.01768	0.02142	0.13334	0.07147	0.62596	0.01886	0.00896	0.00254	0.00382	0.01579	0.00717	0.00647
104	0.02028	0.73799	0.03975	0.01298	0.01947	0.03001	0.01298	0.02271	0.01541	0.01785	0.01055	0.01217	0.00973	0.00649	0.00487	0.00162	0.00811	0.00406	0.00324	0.00973
105	0.01887	0.01629	0.01715	0.01544	0.01972	0.01887	0.01201	0.04031	0.67241	0.03173	0.03087	0.02830	0.02315	0.01029	0.00772	0.00257	0.00600	0.00858	0.00772	0.01201
106	0.02028	0.73799	0.03975	0.01298	0.01947	0.03001	0.01298	0.02271	0.01541	0.01785	0.01055	0.01217	0.00973	0.00649	0.00487	0.00162	0.00811	0.00406	0.00324	0.00973
107	0.01084	0.00813	0.01219	0.01219	0.01354	0.00948	0.00948	0.01354	0.01219	0.01761	0.02032	0.02980	0.01896	0.05689	0.70337	0.01219	0.02032	0.00813	0.00406	0.00677
108	0.01980	0.67164	0.10188	0.01380	0.02074	0.02884	0.01441	0.02284	0.01547	0.01843	0.01084	0.01253	0.00972	0.00656	0.00509	0.00170	0.00841	0.00420	0.00324	0.00987
109	0.02833	0.03615	0.02149	0.01954	0.02345	0.70298	0.01466	0.03029	0.02149	0.01856	0.01172	0.01368	0.00977	0.00782	0.00684	0.00195	0.01368	0.00489	0.00391	0.00879
110	0.01084	0.00813	0.01219	0.01219	0.01354	0.00948	0.00948	0.01354	0.01219	0.01761	0.02032	0.02980	0.01896	0.05689	0.70337	0.01219	0.02032	0.00813	0.00406	0.00677
111	0.03403	0.01291	0.01760	0.01350	0.01936	0.01115	0.01115	0.03697	0.02171	0.69137	0.02992	0.02582	0.01878	0.00939	0.00763	0.00235	0.00645	0.00763	0.00939	0.01291
112	0.00963	0.00767	0.00863	0.00847	0.01067	0.00667	0.00632	0.01214	0.01874	0.02412	0.29939	0.08961	0.43512	0.01800	0.00898	0.00251	0.00376	0.01535	0.00753	0.00667
113	0.01659	0.01659	0.02323	0.01991	0.01991	0.02323	0.01659	0.01825	0.01162	0.01825	0.00996	0.01659	0.00996	0.01328	0.02489	0.00332	0.71955	0.00664	0.00332	0.00830
114	0.01085	0.00808	0.01193	0.01193	0.01319	0.00934	0.00916	0.01338	0.01211	0.01741	0.02056	0.03112	0.01954	0.10194	0.65911	0.01187	0.01945	0.00832	0.00410	0.00663
115	0.02967	0.01991	0.02194	0.01682	0.02286	0.02154	0.01389	0.56097	0.03343	0.15081	0.02009	0.01943	0.01384	0.00915	0.00759	0.00229	0.00804	0.00696	0.00788	0.01290
116	0.01414	0.00707	0.00707	0.00707	0.00884	0.00707	0.00530	0.01767	0.01591	0.02828	0.02474	0.02828	0.01944	0.00884	0.00530	0.00177	0.00353	0.00707	0.77554	0.00707
117	0.01432	0.01348	0.02275	0.71520	0.05224	0.01685	0.02107	0.01938	0.01517	0.01938	0.01348	0.02022	0.01011	0.00758	0.00758	0.00253	0.01011	0.00674	0.00337	0.00843
118	0.01494	0.01992	0.22214	0.01959	0.06058	0.01291	0.12446	0.01988	0.01692	0.07074	0.09232	0.23717	0.02934	0.01306	0.00847	0.00262	0.00817	0.01204	0.00547	0.00927
119	0.01067	0.00881	0.03532	0.01093	0.01259	0.00766	0.00840	0.01413	0.04195	0.02503	0.31962	0.34045	0.05658	0.01887	0.00925	0.00276	0.00453	0.05792	0.00749	0.00705
120	0.02015	0.64541	0.06458	0.01394	0.02017	0.05239	0.01384	0.02278	0.01544	0.01814	0.01068	0.01262	0.00974	0.00694	0.00614	0.00176	0.04803	0.00429	0.00327	0.00968

[dist]
# distance from previous block
# <min> <max>
0	1

[block]
# block no. 2 follows, 26 sequences, length 47
# corresponding to MSA columns:
# 202-248
name=unknown_C
#
# <colnr> <probs for GDERKNQSTAVLIFYWHMCP>
#	G	D	E	R	K	N	Q	S	T	A	V	L	I	F	Y	W	H	M	C	P
0	0.01995	0.05755	0.11987	0.01470	0.01980	0.01494	0.01344	0.09606	0.14413	0.15737	0.11590	0.07566	0.02725	0.01417	0.05120	0.00305	0.00774	0.02984	0.00688	0.01049
1	0.02077	0.65308	0.03735	0.01356	0.01976	0.07609	0.01305	0.02412	0.04886	0.01859	0.01165	0.01308	0.01041	0.00677	0.00515	0.00169	0.00839	0.00434	0.00352	0.00978
2	0.78701	0.01467	0.01115	0.00997	0.01467	0.01702	0.00821	0.02230	0.01291	0.03403	0.01056	0.01232	0.00821	0.00704	0.00469	0.00235	0.00587	0.00411	0.00469	0.00821
3	0.01934	0.01653	0.01742	0.01553	0.01991	0.01909	0.01212	0.06992	0.64203	0.03250	0.03027	0.02782	0.02266	0.01023	0.00771	0.00256	0.00611	0.00849	0.00771	0.01205
4	0.01414	0.00707	0.00707	0.00707	0.00884	0.00707	0.00530	0.01767	0.01591	0.02828	0.02474	0.02828	0.01944	0.00884	0.00530	0.00177	0.00353	0.00707	0.77554	0.00707
5	0.01137	0.00752	0.01035	0.01230	0.04034	0.00701	0.00802	0.01293	0.01514	0.06616	0.03981	0.64956	0.04637	0.02204	0.00945	0.00299	0.00474	0.01997	0.00706	0.00688
6	0.02028	0.73799	0.03975	0.01298	0.01947	0.03001	0.01298	0.02271	0.01541	0.01785	0.01055	0.01217	0.00973	0.00649	0.00487	0.00162	0.00811	0.00406	0.00324	0.00973
7	0.29645	0.01859	0.01846	0.01465	0.02023	0.02073	0.01210	0.41037	0.02707	0.06899	0.01599	0.01644	0.01148	0.00839	0.00657	0.00230	0.00740	0.00590	0.00664	0.01125
8	0.01084	0.00813	0.01219	0.01219	0.01354	0.00948	0.00948	0.01354	0.01219	0.01761	0.02032	0.02980	0.01896	0.05689	0.70337	0.01219	0.02032	0.00813	0.00406	0.00677
9	0.02883	0.02125	0.02276	0.01745	0.02352	0.02352	0.01442	0.66082	0.03566	0.04780	0.01821	0.01821	0.01290	0.00911	0.00759	0.00228	0.00835	0.00683	0.00759	0.01290
10	0.01095	0.00732	0.00830	0.00837	0.00839	0.00730	0.00470	0.01101	0.01118	0.01491	0.02469	0.07957	0.02857	0.70214	0.03733	0.00717	0.00722	0.01149	0.00470	0.00467
11	0.00933	0.00770	0.00819	0.00807	0.01047	0.00656	0.00605	0.01160	0.01816	0.02255	0.20239	0.06961	0.55620	0.01844	0.00896	0.00252	0.00379	0.01553	0.00731	0.00656
12	0.01103	0.00735	0.00827	0.00827	0.00827	0.00735	0.00460	0.01103	0.01103	0.01471	0.02390	0.04964	0.02758	0.73343	0.03861	0.00735	0.00735	0.01103	0.00460	0.00460
13	0.02883	0.02125	0.02276	0.01745	0.02352	0.02352	0.01442	0.66082	0.03566	0.04780	0.01821	0.01821	0.01290	0.00911	0.00759	0.00228	0.00835	0.00683	0.00759	0.01290
14	0.01432	0.01348	0.02275	0.71520	0.05224	0.01685	0.02107	0.01938	0.01517	0.01938	0.01348	0.02022	0.01011	0.00758	0.00758	0.00253	0.01011	0.00674	0.00337	0.00843
15	0.01607	0.01585	0.02221	0.01922	0.01930	0.02199	0.01592	0.01776	0.01175	0.01827	0.01163	0.04471	0.01190	0.01553	0.05310	0.00369	0.66219	0.00728	0.00349	0.00815
16	0.01690	0.01496	0.06245	0.01221	0.01862	0.01098	0.01046	0.05203	0.01716	0.07034	0.01945	0.05925	0.04596	0.00782	0.00635	0.00153	0.00605	0.00641	0.00515	0.55592
17	0.04507	0.06970	0.04360	0.01534	0.02038	0.04529	0.01269	0.08006	0.42096	0.12376	0.02643	0.02460	0.01941	0.00950	0.00735	0.00242	0.00686	0.00761	0.00722	0.01176
18	0.78701	0.01467	0.01115	0.00997	0.01467	0.01702	0.00821	0.02230	0.01291	0.03403	0.01056	0.01232	0.00821	0.00704	0.00469	0.00235	0.00587	0.00411	0.00469	0.00821
19	0.00924	0.00660	0.00880	0.01056	0.01100	0.00616	0.00704	0.01056	0.01452	0.01936	0.04181	0.72848	0.05017	0.02376	0.00968	0.00308	0.00440	0.02156	0.00704	0.00616
20	0.01432	0.01348	0.02275	0.71520	0.05224	0.01685	0.02107	0.01938	0.01517	0.01938	0.01348	0.02022	0.01011	0.00758	0.00758	0.00253	0.01011	0.00674	0.00337	0.00843
21	0.01926	0.01288	0.01566	0.01168	0.01779	0.01006	0.00932	0.02239	0.01694	0.16923	0.01902	0.06731	0.01557	0.00769	0.00634	0.00152	0.00571	0.00636	0.00573	0.55952
22	0.01521	0.03923	0.69413	0.02162	0.03283	0.01762	0.02802	0.02402	0.01601	0.02402	0.01361	0.01601	0.00961	0.00721	0.00721	0.00240	0.01121	0.00560	0.00320	0.01121
23	0.02028	0.73799	0.03975	0.01298	0.01947	0.03001	0.01298	0.02271	0.01541	0.01785	0.01055	0.01217	0.00973	0.00649	0.00487	0.00162	0.00811	0.00406	0.00324	0.00973
24	0.01665	0.01826	0.03847	0.02807	0.03447	0.01738	0.53319	0.02230	0.01785	0.02442	0.08391	0.06367	0.01968	0.00854	0.00957	0.00260	0.03684	0.01006	0.00445	0.00962
25	0.01967	0.01425	0.02238	0.07921	0.14973	0.01308	0.09668	0.02357	0.01799	0.17143	0.06708	0.05062	0.04457	0.00880	0.00752	0.00212	0.00749	0.00808	0.00571	0.19002
26	0.01206	0.01166	0.01260	0.01235	0.04576	0.06604	0.04572	0.01529	0.04671	0.02162	0.08497	0.05986	0.50458	0.01639	0.00866	0.00249	0.00551	0.01382	0.00652	0.00737
27	0.01048	0.00774	0.00978	0.00927	0.01117	0.00705	0.00695	0.01381	0.02086	0.02897	0.59375	0.05904	0.16083	0.01605	0.00895	0.00241	0.00362	0.01405	0.00816	0.00705
28	0.01882	0.01617	0.01850	0.01609	0.02045	0.01827	0.04805	0.08027	0.54119	0.03192	0.05588	0.05391	0.02474	0.01069	0.00790	0.00256	0.00639	0.00916	0.00749	0.01156
29	0.01899	0.04453	0.06792	0.02827	0.03548	0.04257	0.51494	0.02474	0.01799	0.06988	0.01712	0.05028	0.01346	0.00743	0.00861	0.00251	0.01180	0.00895	0.00431	0.01022
30	0.01817	0.01725	0.02930	0.07827	0.61516	0.01742	0.02252	0.02264	0.01718	0.02439	0.01574	0.02274	0.01376	0.00763	0.00769	0.00234	0.00895	0.04339	0.00392	0.01154
31	0.01877	0.01802	0.03079	0.04656	0.68612	0.01802	0.02328	0.02328	0.01727	0.02478	0.01427	0.01877	0.01201	0.00676	0.00751	0.00225	0.00901	0.00676	0.00375	0.01201
32	0.01850	0.01666	0.02780	0.09363	0.07483	0.01755	0.22553	0.08203	0.12290	0.05817	0.02162	0.05866	0.01833	0.01015	0.00961	0.00266	0.05854	0.06721	0.00540	0.01020
33	0.01738	0.31987	0.37153	0.01798	0.02631	0.02311	0.02095	0.02299	0.01539	0.02103	0.01206	0.01451	0.00969	0.00744	0.00779	0.00217	0.07115	0.00507	0.00323	0.01036
34	0.00934	0.00708	0.00864	0.00970	0.01093	0.00638	0.00681	0.01105	0.01590	0.02048	0.09023	0.45975	0.25252	0.02174	0.00944	0.00289	0.00426	0.03942	0.00712	0.00632
35	0.01414	0.00707	0.00707	0.00707	0.00884	0.00707	0.00530	0.01767	0.01591	0.02828	0.02474	0.02828	0.01944	0.00884	0.00530	0.00177	0.00353	0.00707	0.77554	0.00707
36	0.00960	0.00675	0.00869	0.01010	0.01045	0.00640	0.00655	0.01066	0.01382	0.01842	0.03820	0.59161	0.04561	0.16685	0.01551	0.00394	0.00500	0.01944	0.00655	0.00585
37	0.01143	0.00788	0.01136	0.01180	0.01314	0.00725	0.04378	0.01318	0.01537	0.06627	0.04154	0.60187	0.08272	0.02153	0.00946	0.00297	0.00498	0.01957	0.00702	0.00687
38	0.70023	0.01713	0.01233	0.01107	0.01567	0.09548	0.00895	0.02321	0.01389	0.03226	0.01069	0.01248	0.00839	0.00713	0.00494	0.00230	0.00676	0.00420	0.00460	0.00828
39	0.01877	0.01802	0.03079	0.04656	0.68612	0.01802	0.02328	0.02328	0.01727	0.02478	0.01427	0.01877	0.01201	0.00676	0.00751	0.00225	0.00901	0.00676	0.00375	0.01201
40	0.01084	0.00813	0.01219	0.01219	0.01354	0.00948	0.00948	0.01354	0.01219	0.01761	0.02032	0.02980	0.01896	0.05689	0.70337	0.01219	0.02032	0.00813	0.00406	0.00677
41	0.01432	0.01348	0.02275	0.71520	0.05224	0.01685	0.02107	0.01938	0.01517	0.01938	0.01348	0.02022	0.01011	0.00758	0.00758	0.00253	0.01011	0.00674	0.00337	0.00843
42	0.01432	0.01348	0.02275	0.71520	0.05224	0.01685	0.02107	0.01938	0.01517	0.01938	0.01348	0.02022	0.01011	0.00758	0.00758	0.00253	0.01011	0.00674	0.00337	0.00843
43	0.01074	0.00775	0.01014	0.00954	0.01133	0.00716	0.00716	0.01431	0.02147	0.03042	0.68211	0.05666	0.07157	0.01551	0.00895	0.00239	0.00358	0.01372	0.00835	0.00716
44	0.05328	0.05841	0.05309	0.01437	0.02024	0.01586	0.01236	0.14937	0.10945	0.29783	0.05150	0.02335	0.01846	0.00901	0.00722	0.00221	0.00686	0.00714	0.00750	0.08252
45	0.01659	0.01659	0.02323	0.01991	0.01991	0.02323	0.01659	0.01825	0.01162	0.01825	0.00996	0.01659	0.00996	0.01328	0.02489	0.00332	0.71955	0.00664	0.00332	0.00830
46	0.02286	0.02497	0.01894	0.01717	0.02119	0.32743	0.01311	0.03483	0.35506	0.02528	0.02185	0.02175	0.01696	0.01083	0.03202	0.00263	0.00998	0.00689	0.00587	0.01037

[dist]
# distance from previous block
# <min> <max>
4	26

# created by:
# /st0/software/busco_prod/Augustus/scripts/msa2prfl.pl ./align_prep/110347.fa
