[name]
unknown

[dist]
# distance from previous block
# <min> <max>
0	38

[block]
# block no. 0 follows, 19 sequences, length 7
# corresponding to MSA columns:
# 38-44
name=unknown_A
#
# <colnr> <probs for GDERKNQSTAVLIFYWHMCP>
#	G	D	E	R	K	N	Q	S	T	A	V	L	I	F	Y	W	H	M	C	P
0	0.01442	0.01030	0.01442	0.01648	0.01854	0.01030	0.01442	0.01854	0.02060	0.02677	0.04737	0.10092	0.05149	0.02471	0.01236	0.00412	0.00824	0.56956	0.00824	0.00824
1	0.74878	0.01730	0.01315	0.01177	0.01730	0.02007	0.00969	0.02630	0.01523	0.04014	0.01246	0.01453	0.00969	0.00830	0.00554	0.00277	0.00692	0.00484	0.00554	0.00969
2	0.01643	0.00821	0.00906	0.00906	0.01069	0.00821	0.00658	0.01885	0.01722	0.02948	0.02622	0.03202	0.02132	0.01491	0.01250	0.16246	0.00495	0.00821	0.57624	0.00737
3	0.33443	0.01519	0.01476	0.01294	0.01744	0.01648	0.01031	0.10863	0.02239	0.07339	0.15200	0.07086	0.03167	0.01240	0.00775	0.00276	0.00646	0.00960	0.07026	0.01028
4	0.07498	0.02479	0.02310	0.01906	0.02495	0.11661	0.01525	0.32202	0.16063	0.04462	0.02354	0.02363	0.01747	0.01065	0.00846	0.00267	0.00961	0.00798	0.05652	0.01347
5	0.03121	0.02486	0.03249	0.02431	0.03188	0.02663	0.14317	0.47574	0.03751	0.05036	0.02074	0.02206	0.01486	0.01004	0.00930	0.00276	0.01098	0.00860	0.00799	0.01453
6	0.02618	0.02137	0.02661	0.13924	0.12435	0.02397	0.01926	0.27016	0.17962	0.04149	0.02357	0.02502	0.01754	0.01035	0.00897	0.00282	0.00963	0.00855	0.00742	0.01385

[dist]
# distance from previous block
# <min> <max>
2	4

[block]
# block no. 1 follows, 19 sequences, length 6
# corresponding to MSA columns:
# 49-54
name=unknown_B
#
# <colnr> <probs for GDERKNQSTAVLIFYWHMCP>
#	G	D	E	R	K	N	Q	S	T	A	V	L	I	F	Y	W	H	M	C	P
0	0.02023	0.01144	0.01453	0.01322	0.01662	0.01072	0.01007	0.02566	0.08134	0.18829	0.26044	0.17583	0.09888	0.01805	0.01018	0.00300	0.00560	0.01574	0.00967	0.01047
1	0.01674	0.01572	0.01459	0.01357	0.01617	0.13427	0.01018	0.02058	0.02533	0.03313	0.50512	0.05688	0.07011	0.01651	0.01006	0.00271	0.00656	0.01414	0.00882	0.00882
2	0.01791	0.02215	0.12399	0.08453	0.11415	0.01885	0.19593	0.02352	0.01876	0.02615	0.02402	0.17392	0.02352	0.01338	0.01192	0.00317	0.07539	0.01257	0.00517	0.01101
3	0.01971	0.01811	0.02557	0.01893	0.02658	0.01586	0.12636	0.02817	0.12476	0.03052	0.01998	0.02228	0.01581	0.00778	0.00784	0.00196	0.00837	0.00719	0.00582	0.46840
4	0.01422	0.00890	0.01171	0.01225	0.01374	0.00823	0.00856	0.01654	0.01978	0.08222	0.19998	0.40876	0.06045	0.07451	0.01359	0.00372	0.00542	0.02050	0.00875	0.00817
5	0.07853	0.02209	0.08253	0.10126	0.20244	0.02141	0.02076	0.08607	0.19271	0.06710	0.02339	0.02508	0.01763	0.00978	0.00867	0.00284	0.00947	0.00829	0.00652	0.01342

[dist]
# distance from previous block
# <min> <max>
6	23

[block]
# block no. 2 follows, 19 sequences, length 27
# corresponding to MSA columns:
# 78-104
name=unknown_C
#
# <colnr> <probs for GDERKNQSTAVLIFYWHMCP>
#	G	D	E	R	K	N	Q	S	T	A	V	L	I	F	Y	W	H	M	C	P
0	0.02099	0.15878	0.20561	0.01704	0.02411	0.01940	0.01765	0.06743	0.02127	0.08766	0.10850	0.03221	0.02673	0.09708	0.01294	0.00333	0.00926	0.00890	0.04987	0.01122
1	0.02436	0.06375	0.02323	0.01780	0.02340	0.02072	0.04417	0.13315	0.28331	0.10092	0.07266	0.03696	0.09068	0.01274	0.00916	0.00286	0.00775	0.01062	0.00865	0.01311
2	0.31880	0.01606	0.04265	0.12216	0.02550	0.01632	0.01342	0.02607	0.01971	0.12156	0.16162	0.03096	0.02963	0.01118	0.00792	0.00282	0.00749	0.00872	0.00702	0.01038
3	0.03164	0.02323	0.02799	0.02356	0.07210	0.06631	0.07270	0.33072	0.03339	0.14983	0.05893	0.02571	0.02009	0.01063	0.00914	0.00271	0.01012	0.00878	0.00831	0.01409
4	0.05939	0.01988	0.03337	0.13300	0.35949	0.02053	0.09716	0.06015	0.02090	0.02997	0.01929	0.07054	0.01691	0.00971	0.00911	0.00283	0.01074	0.00942	0.00499	0.01261
5	0.22713	0.06348	0.01870	0.01476	0.01883	0.01577	0.06621	0.05212	0.01919	0.03136	0.06056	0.22163	0.08871	0.01606	0.00870	0.00297	0.00706	0.01367	0.04378	0.00931
6	0.43572	0.07318	0.01894	0.01398	0.01978	0.02215	0.01169	0.17298	0.02269	0.04210	0.01639	0.01812	0.01253	0.00908	0.00650	0.00261	0.00762	0.00600	0.07682	0.01112
7	0.25815	0.05383	0.01913	0.01491	0.02022	0.05021	0.01211	0.17375	0.02481	0.10428	0.04943	0.07118	0.02093	0.01134	0.00765	0.00268	0.00782	0.00852	0.07759	0.01146
8	0.01688	0.01538	0.02555	0.61847	0.05806	0.01907	0.02355	0.02272	0.01795	0.02359	0.01683	0.02451	0.01269	0.00905	0.00876	0.00292	0.01139	0.00798	0.05484	0.00983
9	0.67813	0.02010	0.07367	0.01309	0.01937	0.02014	0.01195	0.02650	0.01558	0.03900	0.01281	0.01495	0.00985	0.00832	0.00582	0.00277	0.00753	0.00502	0.00537	0.01003
10	0.07374	0.56405	0.07132	0.01615	0.02336	0.03305	0.01608	0.02644	0.01768	0.02276	0.01256	0.01496	0.01137	0.00833	0.00759	0.00216	0.05804	0.00510	0.00395	0.01131
11	0.03401	0.02506	0.02685	0.02058	0.02774	0.02774	0.01700	0.59995	0.04206	0.05638	0.02148	0.02148	0.01521	0.01074	0.00895	0.00268	0.00984	0.00805	0.00895	0.01521
12	0.04014	0.01523	0.02076	0.01592	0.02284	0.01315	0.01315	0.04360	0.02561	0.63597	0.03530	0.03045	0.02215	0.01107	0.00900	0.00277	0.00761	0.00900	0.01107	0.01523
13	0.05008	0.00993	0.01264	0.04713	0.01614	0.00960	0.00930	0.01742	0.02407	0.03458	0.52428	0.06311	0.11324	0.01756	0.01021	0.00283	0.00480	0.01533	0.00920	0.00853
14	0.03401	0.02506	0.02685	0.02058	0.02774	0.02774	0.01700	0.59995	0.04206	0.05638	0.02148	0.02148	0.01521	0.01074	0.00895	0.00268	0.00984	0.00805	0.00895	0.01521
15	0.02214	0.02126	0.03631	0.05491	0.62978	0.02126	0.02746	0.02746	0.02037	0.02923	0.01683	0.02214	0.01417	0.00797	0.00886	0.00266	0.01063	0.00797	0.00443	0.01417
16	0.24011	0.01728	0.04976	0.11391	0.06253	0.01871	0.01633	0.02356	0.01695	0.05461	0.02126	0.06371	0.02011	0.04511	0.01373	0.00349	0.12330	0.08005	0.00558	0.00991
17	0.02225	0.01922	0.02023	0.01821	0.02326	0.02225	0.01416	0.04754	0.61361	0.03742	0.03641	0.03338	0.02731	0.01214	0.00910	0.00303	0.00708	0.01011	0.00910	0.01416
18	0.02481	0.01820	0.01988	0.01735	0.02266	0.02011	0.01364	0.07153	0.45432	0.13041	0.03918	0.03591	0.06639	0.01262	0.00918	0.00298	0.00713	0.01043	0.00935	0.01393
19	0.02392	0.69097	0.04688	0.01531	0.02296	0.03540	0.01531	0.02679	0.01818	0.02105	0.01244	0.01435	0.01148	0.00765	0.00574	0.00191	0.00957	0.00478	0.00383	0.01148
20	0.03401	0.02506	0.02685	0.02058	0.02774	0.02774	0.01700	0.59995	0.04206	0.05638	0.02148	0.02148	0.01521	0.01074	0.00895	0.00268	0.00984	0.00805	0.00895	0.01521
21	0.74878	0.01730	0.01315	0.01177	0.01730	0.02007	0.00969	0.02630	0.01523	0.04014	0.01246	0.01453	0.00969	0.00830	0.00554	0.00277	0.00692	0.00484	0.00554	0.00969
22	0.01208	0.00870	0.01144	0.01165	0.01324	0.00805	0.00840	0.01542	0.02262	0.03157	0.43494	0.26922	0.07608	0.02151	0.01084	0.00308	0.00454	0.01924	0.00934	0.00805
23	0.29448	0.01434	0.01445	0.01293	0.01699	0.01543	0.01034	0.09528	0.02338	0.03962	0.28366	0.04308	0.04541	0.01389	0.00855	0.00285	0.00619	0.04136	0.00801	0.00977
24	0.01303	0.00956	0.01276	0.01412	0.01596	0.00891	0.01094	0.01583	0.01863	0.02500	0.04531	0.38746	0.05170	0.02465	0.01133	0.00360	0.00653	0.23816	0.00799	0.07851
25	0.01998	0.26007	0.40349	0.02135	0.03239	0.02513	0.02576	0.02746	0.01863	0.02595	0.01484	0.01735	0.01150	0.00810	0.00746	0.00243	0.01160	0.00592	0.00389	0.05670
26	0.03527	0.02808	0.02392	0.01983	0.02585	0.25622	0.01568	0.17421	0.05811	0.23716	0.02397	0.02306	0.01675	0.01035	0.00864	0.00259	0.01132	0.00761	0.00804	0.01335

[dist]
# distance from previous block
# <min> <max>
0	5

[block]
# block no. 3 follows, 19 sequences, length 14
# corresponding to MSA columns:
# 112-125
name=unknown_D
#
# <colnr> <probs for GDERKNQSTAVLIFYWHMCP>
#	G	D	E	R	K	N	Q	S	T	A	V	L	I	F	Y	W	H	M	C	P
0	0.10892	0.09583	0.02009	0.01442	0.01947	0.03670	0.01176	0.05530	0.08812	0.10408	0.13941	0.07561	0.05646	0.01323	0.00852	0.00263	0.00709	0.03441	0.00769	0.10026
1	0.01088	0.00787	0.01029	0.01222	0.01292	0.00729	0.00820	0.01248	0.01735	0.02293	0.05214	0.63906	0.09803	0.02766	0.01136	0.00359	0.00515	0.02498	0.00830	0.00729
2	0.01988	0.01643	0.01897	0.01409	0.02140	0.01352	0.01122	0.09247	0.02132	0.03202	0.01904	0.06756	0.01687	0.00870	0.00726	0.00166	0.00691	0.00712	0.00597	0.59759
3	0.74878	0.01730	0.01315	0.01177	0.01730	0.02007	0.00969	0.02630	0.01523	0.04014	0.01246	0.01453	0.00969	0.00830	0.00554	0.00277	0.00692	0.00484	0.00554	0.00969
4	0.09224	0.01591	0.01926	0.01583	0.02174	0.01559	0.01289	0.06539	0.13482	0.37371	0.05796	0.03603	0.04654	0.01237	0.00900	0.00289	0.00735	0.03691	0.00986	0.01370
5	0.10385	0.01021	0.01227	0.01177	0.01426	0.00990	0.00881	0.01861	0.02266	0.06447	0.41861	0.16676	0.06766	0.01842	0.01001	0.00295	0.00489	0.01606	0.00911	0.00873
6	0.02332	0.01747	0.02024	0.01481	0.02252	0.01487	0.01198	0.12765	0.02341	0.09054	0.01870	0.02018	0.01443	0.00777	0.00726	0.00170	0.00729	0.00614	0.00649	0.54320
7	0.02181	0.05264	0.05300	0.43562	0.04900	0.07248	0.02207	0.02829	0.05302	0.09879	0.01909	0.02387	0.01396	0.00933	0.00871	0.00284	0.01142	0.00781	0.00517	0.01108
8	0.01950	0.01805	0.02937	0.04060	0.40604	0.01801	0.04366	0.02570	0.06133	0.02958	0.08258	0.07528	0.06155	0.01207	0.00952	0.00286	0.00916	0.03675	0.00590	0.01247
9	0.01113	0.00800	0.01019	0.01184	0.01251	0.00746	0.00783	0.01256	0.01690	0.02228	0.05017	0.55423	0.10317	0.10807	0.01552	0.00420	0.00556	0.02337	0.00795	0.00706
10	0.01832	0.01513	0.01770	0.01365	0.02021	0.01226	0.01066	0.06321	0.02003	0.03003	0.02228	0.13690	0.02160	0.01075	0.00765	0.00184	0.00661	0.00910	0.00611	0.55597
11	0.02015	0.01726	0.02145	0.01545	0.02340	0.01406	0.04757	0.07669	0.02090	0.03166	0.01656	0.01917	0.01345	0.00707	0.00709	0.00156	0.00745	0.00588	0.00559	0.62759
12	0.01090	0.00779	0.01038	0.01246	0.01298	0.00727	0.00830	0.01246	0.01713	0.02284	0.04931	0.67975	0.05917	0.02803	0.01142	0.00363	0.00519	0.02543	0.00830	0.00727
13	0.02402	0.01800	0.02560	0.18124	0.03529	0.01916	0.07982	0.08000	0.17623	0.13293	0.02674	0.03072	0.02018	0.01073	0.00915	0.00286	0.00949	0.03718	0.00728	0.07336

[dist]
# distance from previous block
# <min> <max>
7	32

[block]
# block no. 4 follows, 19 sequences, length 21
# corresponding to MSA columns:
# 158-178
name=unknown_E
#
# <colnr> <probs for GDERKNQSTAVLIFYWHMCP>
#	G	D	E	R	K	N	Q	S	T	A	V	L	I	F	Y	W	H	M	C	P
0	0.07561	0.02143	0.08192	0.02660	0.11021	0.01929	0.15486	0.08491	0.09310	0.03466	0.12525	0.03053	0.02726	0.01040	0.00915	0.00274	0.00972	0.00973	0.00649	0.06615
1	0.09782	0.03796	0.44538	0.02510	0.03654	0.02044	0.11400	0.02781	0.01881	0.02971	0.01596	0.01918	0.01161	0.00822	0.00837	0.00276	0.01242	0.00693	0.00417	0.05680
2	0.01690	0.01590	0.02683	0.66408	0.06162	0.01988	0.02485	0.02286	0.01789	0.02286	0.01590	0.02385	0.01193	0.00894	0.00894	0.00298	0.01193	0.00795	0.00398	0.00994
3	0.02108	0.01854	0.03259	0.02390	0.03147	0.01616	0.26141	0.02629	0.02022	0.09009	0.02216	0.08827	0.01889	0.00961	0.00903	0.00243	0.01020	0.00994	0.00586	0.28189
4	0.02242	0.06423	0.18414	0.04218	0.38771	0.08998	0.02711	0.02853	0.02043	0.02779	0.01609	0.02029	0.01305	0.00822	0.00852	0.00262	0.01181	0.00723	0.00426	0.01339
5	0.03401	0.02506	0.02685	0.02058	0.02774	0.02774	0.01700	0.59995	0.04206	0.05638	0.02148	0.02148	0.01521	0.01074	0.00895	0.00268	0.00984	0.00805	0.00895	0.01521
6	0.03040	0.02275	0.02526	0.02006	0.02588	0.02571	0.01661	0.47344	0.03654	0.04966	0.02237	0.02670	0.01743	0.01212	0.01126	0.00288	0.08141	0.04238	0.04329	0.01387
7	0.02027	0.16969	0.42468	0.02399	0.06759	0.02273	0.02700	0.02822	0.01949	0.05880	0.04545	0.02106	0.01557	0.00890	0.00810	0.00264	0.01163	0.00691	0.00449	0.01281
8	0.01057	0.00906	0.00906	0.00906	0.01208	0.00755	0.00680	0.01284	0.02039	0.02417	0.09063	0.08610	0.62615	0.02266	0.01057	0.00302	0.00453	0.01888	0.00831	0.00755
9	0.01090	0.00779	0.01038	0.01246	0.01298	0.00727	0.00830	0.01246	0.01713	0.02284	0.04931	0.67975	0.05917	0.02803	0.01142	0.00363	0.00519	0.02543	0.00830	0.00727
10	0.01869	0.04157	0.52113	0.02982	0.10484	0.02099	0.08187	0.02826	0.01925	0.02846	0.01632	0.01971	0.01184	0.00836	0.00872	0.00283	0.01310	0.00711	0.00392	0.01323
11	0.01904	0.03863	0.43677	0.02971	0.04150	0.02141	0.22784	0.02844	0.01966	0.02844	0.01676	0.02070	0.01211	0.00817	0.00921	0.00290	0.01386	0.00797	0.00404	0.01282
12	0.01090	0.00779	0.01038	0.01246	0.01298	0.00727	0.00830	0.01246	0.01713	0.02284	0.04931	0.67975	0.05917	0.02803	0.01142	0.00363	0.00519	0.02543	0.00830	0.00727
13	0.01186	0.00840	0.01176	0.06151	0.01650	0.00827	0.00949	0.01315	0.01659	0.02205	0.04312	0.55942	0.05087	0.02692	0.01379	0.08351	0.00598	0.02220	0.00750	0.00710
14	0.08412	0.02680	0.02250	0.01909	0.02409	0.22166	0.01504	0.23401	0.02919	0.06336	0.04629	0.05565	0.01942	0.01152	0.00946	0.00265	0.04366	0.00836	0.05125	0.01187
15	0.02053	0.02292	0.04943	0.03585	0.04428	0.02154	0.54622	0.02777	0.02107	0.02849	0.02066	0.03086	0.01690	0.00905	0.01072	0.00311	0.01448	0.05953	0.00485	0.01173
16	0.74878	0.01730	0.01315	0.01177	0.01730	0.02007	0.00969	0.02630	0.01523	0.04014	0.01246	0.01453	0.00969	0.00830	0.00554	0.00277	0.00692	0.00484	0.00554	0.00969
17	0.01060	0.00897	0.00916	0.00931	0.01215	0.00753	0.00691	0.01281	0.02016	0.02407	0.08767	0.12863	0.58553	0.02304	0.01063	0.00306	0.00458	0.01935	0.00831	0.00753
18	0.01057	0.00906	0.00906	0.00906	0.01208	0.00755	0.00680	0.01284	0.02039	0.02417	0.09063	0.08610	0.62615	0.02266	0.01057	0.00302	0.00453	0.01888	0.00831	0.00755
19	0.02133	0.01720	0.02219	0.01626	0.02399	0.01437	0.06272	0.05102	0.06294	0.07662	0.01926	0.02112	0.01504	0.00761	0.00743	0.00176	0.00761	0.00650	0.00610	0.53892
20	0.02678	0.05421	0.09897	0.02064	0.06008	0.01732	0.06001	0.08233	0.06689	0.23655	0.11813	0.06343	0.03014	0.01210	0.00924	0.00281	0.00866	0.01043	0.00830	0.01301

[dist]
# distance from previous block
# <min> <max>
4	9

[block]
# block no. 5 follows, 19 sequences, length 10
# corresponding to MSA columns:
# 188-197
name=unknown_F
#
# <colnr> <probs for GDERKNQSTAVLIFYWHMCP>
#	G	D	E	R	K	N	Q	S	T	A	V	L	I	F	Y	W	H	M	C	P
0	0.19379	0.13271	0.10982	0.15608	0.03145	0.02156	0.01785	0.07074	0.01977	0.05274	0.02097	0.06338	0.03386	0.01084	0.00786	0.00278	0.00945	0.02795	0.00549	0.01092
1	0.03218	0.02391	0.02508	0.02148	0.06005	0.08552	0.01643	0.34828	0.09647	0.13585	0.04621	0.02525	0.01964	0.01091	0.00894	0.00270	0.00968	0.00848	0.00863	0.01432
2	0.59759	0.01878	0.06314	0.01292	0.01874	0.01876	0.01144	0.02511	0.01539	0.03671	0.01315	0.01608	0.01046	0.01007	0.00818	0.06180	0.00748	0.00524	0.00525	0.04371
3	0.02075	0.03648	0.42511	0.02607	0.07707	0.01918	0.06705	0.02918	0.01978	0.08949	0.01816	0.02060	0.01299	0.00845	0.00851	0.00266	0.01187	0.00707	0.00478	0.09476
4	0.03937	0.01646	0.02153	0.01650	0.02345	0.01498	0.01363	0.11342	0.02767	0.56323	0.03356	0.02932	0.02128	0.01103	0.00899	0.00276	0.00789	0.00888	0.01081	0.01522
5	0.01281	0.00948	0.01386	0.01386	0.01528	0.01090	0.01054	0.01564	0.01423	0.02039	0.02444	0.03776	0.02350	0.13630	0.58249	0.01374	0.02225	0.00997	0.00486	0.00770
6	0.02945	0.09205	0.02510	0.01848	0.02416	0.16865	0.01498	0.29116	0.05807	0.04022	0.02078	0.02206	0.01583	0.01009	0.00799	0.00244	0.01020	0.00734	0.12841	0.01253
7	0.01095	0.00897	0.00966	0.00971	0.01237	0.00768	0.00720	0.01349	0.02096	0.02604	0.17765	0.13045	0.48911	0.02235	0.01064	0.00304	0.00453	0.01895	0.00857	0.00768
8	0.01507	0.01141	0.01587	0.08054	0.02285	0.01202	0.01506	0.02091	0.06734	0.02700	0.04350	0.12268	0.04610	0.02235	0.01170	0.00389	0.00833	0.43667	0.00789	0.00882
9	0.01371	0.08566	0.01623	0.01354	0.01561	0.01227	0.01064	0.01639	0.01936	0.02558	0.14411	0.30808	0.10903	0.02233	0.01170	0.00334	0.04228	0.11406	0.00781	0.00827

[dist]
# distance from previous block
# <min> <max>
3	10

[block]
# block no. 6 follows, 19 sequences, length 20
# corresponding to MSA columns:
# 210-229
name=unknown_G
#
# <colnr> <probs for GDERKNQSTAVLIFYWHMCP>
#	G	D	E	R	K	N	Q	S	T	A	V	L	I	F	Y	W	H	M	C	P
0	0.18197	0.05011	0.07278	0.10609	0.16860	0.05846	0.01897	0.03032	0.08300	0.08668	0.04627	0.02370	0.01768	0.00946	0.00805	0.00274	0.00953	0.00760	0.00590	0.01208
1	0.01959	0.04498	0.01946	0.01425	0.01993	0.01241	0.04594	0.02357	0.02187	0.11728	0.20500	0.04081	0.09155	0.01227	0.00868	0.00226	0.00652	0.01058	0.00763	0.27542
2	0.01838	0.01502	0.02338	0.18384	0.19510	0.01587	0.01899	0.02420	0.05120	0.06093	0.13742	0.07980	0.03539	0.01392	0.00984	0.00305	0.00878	0.08732	0.00666	0.01093
3	0.01813	0.01711	0.02921	0.57499	0.05859	0.02052	0.07688	0.05185	0.01938	0.02504	0.01638	0.02376	0.01224	0.00890	0.00909	0.00297	0.01211	0.00819	0.00427	0.01039
4	0.06181	0.01663	0.02803	0.57535	0.05776	0.02010	0.06870	0.02352	0.01798	0.02436	0.01586	0.02331	0.01192	0.00880	0.00886	0.00297	0.01187	0.00797	0.00411	0.01009
5	0.01803	0.01549	0.01878	0.06412	0.02394	0.01231	0.01160	0.02204	0.01843	0.02834	0.01761	0.05284	0.01550	0.00790	0.00705	0.00157	0.00697	0.00654	0.00535	0.64560
6	0.01855	0.01590	0.01855	0.01325	0.02120	0.01193	0.01060	0.02253	0.01855	0.02915	0.01590	0.01855	0.01325	0.00663	0.00663	0.00133	0.00663	0.00530	0.00530	0.74028
7	0.03298	0.01545	0.02003	0.01503	0.02230	0.01274	0.01230	0.03662	0.02327	0.43484	0.02887	0.02651	0.01920	0.00960	0.00821	0.00229	0.00729	0.00777	0.00916	0.25555
8	0.01706	0.01612	0.02687	0.62570	0.05933	0.02033	0.02453	0.02278	0.01764	0.02278	0.01565	0.02360	0.01192	0.00935	0.01017	0.00304	0.05131	0.00794	0.00397	0.00993
9	0.01090	0.00779	0.01038	0.01246	0.01298	0.00727	0.00830	0.01246	0.01713	0.02284	0.04931	0.67975	0.05917	0.02803	0.01142	0.00363	0.00519	0.02543	0.00830	0.00727
10	0.01846	0.04292	0.55344	0.02818	0.07092	0.02097	0.08442	0.02832	0.01917	0.02841	0.01628	0.01954	0.01169	0.00838	0.00871	0.00284	0.01325	0.00704	0.00388	0.01317
11	0.03294	0.02472	0.02770	0.02369	0.08217	0.02716	0.01795	0.54819	0.04010	0.05393	0.02106	0.02154	0.01512	0.01049	0.00894	0.00268	0.00992	0.00805	0.00854	0.01512
12	0.01090	0.00779	0.01038	0.01246	0.01298	0.00727	0.00830	0.01246	0.01713	0.02284	0.04931	0.67975	0.05917	0.02803	0.01142	0.00363	0.00519	0.02543	0.00830	0.00727
13	0.02229	0.02037	0.03303	0.07640	0.49318	0.02080	0.02520	0.07886	0.02226	0.03120	0.01997	0.02928	0.01754	0.00978	0.00919	0.00281	0.01040	0.05874	0.00517	0.01354
14	0.17116	0.01463	0.01697	0.01427	0.01962	0.01435	0.01156	0.03393	0.08519	0.30883	0.11217	0.03918	0.07230	0.01296	0.00878	0.00288	0.00679	0.03283	0.00930	0.01231
15	0.02011	0.01912	0.03198	0.22399	0.39567	0.02083	0.02554	0.02531	0.01918	0.02673	0.01755	0.02595	0.01502	0.00957	0.01057	0.00291	0.06013	0.03303	0.00443	0.01238
16	0.02209	0.02146	0.03457	0.18060	0.40303	0.04812	0.07045	0.05928	0.02134	0.02904	0.01687	0.02237	0.01359	0.00836	0.00898	0.00274	0.01144	0.00808	0.00460	0.01300
17	0.06443	0.10155	0.21349	0.01837	0.02598	0.04754	0.01904	0.02974	0.04041	0.15766	0.10975	0.03490	0.02800	0.01190	0.00875	0.00280	0.00949	0.05729	0.00689	0.01203
18	0.02199	0.02628	0.10504	0.03502	0.04429	0.02292	0.49231	0.08027	0.02280	0.03113	0.01821	0.02340	0.01351	0.00792	0.01022	0.00297	0.01444	0.00996	0.00486	0.01246
19	0.09288	0.02698	0.12231	0.02080	0.02791	0.08003	0.05082	0.21990	0.09108	0.08611	0.02397	0.02463	0.04030	0.01073	0.00961	0.00281	0.04073	0.00819	0.00710	0.01310

[dist]
# distance from previous block
# <min> <max>
3	4

[block]
# block no. 7 follows, 19 sequences, length 15
# corresponding to MSA columns:
# 234-248
name=unknown_H
#
# <colnr> <probs for GDERKNQSTAVLIFYWHMCP>
#	G	D	E	R	K	N	Q	S	T	A	V	L	I	F	Y	W	H	M	C	P
0	0.01799	0.10597	0.51602	0.02302	0.03455	0.02094	0.02876	0.02700	0.01948	0.02839	0.07865	0.02340	0.01890	0.00943	0.00844	0.00274	0.01193	0.00742	0.00441	0.01256
1	0.02210	0.49481	0.22712	0.01841	0.02776	0.03095	0.02071	0.02726	0.01839	0.02326	0.01354	0.01573	0.01144	0.00791	0.00658	0.00219	0.01068	0.00534	0.00381	0.01201
2	0.01120	0.00905	0.00979	0.01018	0.01263	0.00791	0.00760	0.01341	0.01951	0.02375	0.07729	0.13713	0.46719	0.07925	0.01378	0.00366	0.00532	0.07588	0.00806	0.00742
3	0.01935	0.19767	0.50013	0.02311	0.03502	0.02421	0.02889	0.02797	0.01872	0.02662	0.01521	0.01782	0.01137	0.00830	0.00785	0.00262	0.01236	0.00618	0.00379	0.01281
4	0.01830	0.03964	0.50063	0.02630	0.07737	0.02011	0.02975	0.02899	0.06508	0.02898	0.02011	0.02661	0.01589	0.01000	0.00887	0.00294	0.01218	0.05070	0.00458	0.01297
5	0.02002	0.01909	0.03248	0.30103	0.40023	0.02070	0.02640	0.02560	0.01937	0.02665	0.01645	0.02283	0.01326	0.00836	0.00889	0.00279	0.01115	0.00796	0.00425	0.01246
6	0.01373	0.01008	0.01346	0.01515	0.01738	0.00981	0.01306	0.01752	0.02056	0.02631	0.05510	0.09827	0.15415	0.02435	0.01204	0.00392	0.00758	0.47118	0.00825	0.00812
7	0.01865	0.01828	0.02677	0.49521	0.11626	0.07197	0.02369	0.02409	0.01899	0.02376	0.01826	0.02898	0.01519	0.01008	0.00913	0.00298	0.01185	0.05116	0.00441	0.01030
8	0.01724	0.01486	0.02641	0.07149	0.02830	0.01511	0.18258	0.02106	0.01861	0.06737	0.03295	0.32755	0.03497	0.01818	0.01258	0.00337	0.07420	0.01686	0.00663	0.00968
9	0.02965	0.01290	0.01740	0.01414	0.01922	0.01135	0.01135	0.03340	0.02550	0.40694	0.26039	0.04433	0.04591	0.01383	0.00959	0.00279	0.00632	0.01174	0.01061	0.01264
10	0.01854	0.11009	0.58059	0.02449	0.03716	0.02222	0.03130	0.02818	0.01882	0.02761	0.01570	0.01844	0.01135	0.00842	0.00823	0.00274	0.01286	0.00643	0.00378	0.01305
11	0.08997	0.04342	0.57753	0.02415	0.03661	0.02071	0.03075	0.02813	0.01853	0.02950	0.01570	0.01846	0.01117	0.00848	0.00821	0.00283	0.01260	0.00644	0.00395	0.01287
12	0.01700	0.01904	0.09013	0.59808	0.05925	0.01997	0.02569	0.02342	0.01799	0.02342	0.01592	0.02334	0.01186	0.00890	0.00890	0.00297	0.01206	0.00781	0.00395	0.01028
13	0.01690	0.01590	0.02683	0.66408	0.06162	0.01988	0.02485	0.02286	0.01789	0.02286	0.01590	0.02385	0.01193	0.00894	0.00894	0.00298	0.01193	0.00795	0.00398	0.00994
14	0.02206	0.02150	0.03769	0.05347	0.58100	0.02137	0.07513	0.02756	0.02043	0.02918	0.01693	0.02231	0.01412	0.00794	0.00900	0.00269	0.01100	0.00819	0.00444	0.01400

[dist]
# distance from previous block
# <min> <max>
0	3

[block]
# block no. 8 follows, 19 sequences, length 24
# corresponding to MSA columns:
# 252-260,264-278
name=unknown_I
#
# <colnr> <probs for GDERKNQSTAVLIFYWHMCP>
#	G	D	E	R	K	N	Q	S	T	A	V	L	I	F	Y	W	H	M	C	P
0	0.02112	0.30724	0.36939	0.02125	0.03180	0.05733	0.02510	0.02807	0.01892	0.02507	0.01448	0.01692	0.01140	0.00819	0.00736	0.00243	0.01188	0.00583	0.00384	0.01238
1	0.01837	0.10201	0.49959	0.02505	0.06205	0.02120	0.02944	0.02725	0.01905	0.02755	0.01862	0.02612	0.01515	0.00988	0.00861	0.00286	0.01231	0.05803	0.00422	0.01265
2	0.01165	0.00855	0.01182	0.05236	0.01653	0.00836	0.00997	0.01375	0.01755	0.02327	0.04708	0.57702	0.05547	0.02651	0.01137	0.00365	0.00593	0.08361	0.00804	0.00753
3	0.02250	0.02257	0.03395	0.13602	0.49359	0.08128	0.02612	0.02761	0.02051	0.02765	0.01641	0.02180	0.01361	0.00823	0.00879	0.00267	0.01134	0.00776	0.00438	0.01322
4	0.02207	0.01950	0.02342	0.11859	0.02999	0.08682	0.06869	0.07944	0.17479	0.06236	0.13594	0.03923	0.03293	0.01281	0.00959	0.00294	0.00937	0.05240	0.00756	0.01156
5	0.01896	0.01895	0.02756	0.54690	0.11037	0.08035	0.02436	0.02451	0.01883	0.02335	0.01579	0.02296	0.01209	0.00888	0.00885	0.00289	0.01221	0.00774	0.00408	0.01037
6	0.01090	0.00779	0.01038	0.01246	0.01298	0.00727	0.00830	0.01246	0.01713	0.02284	0.04931	0.67975	0.05917	0.02803	0.01142	0.00363	0.00519	0.02543	0.00830	0.00727
7	0.01688	0.01526	0.02527	0.60867	0.05729	0.01890	0.02327	0.02269	0.01796	0.02375	0.01702	0.02466	0.01286	0.00907	0.00872	0.00291	0.01127	0.00798	0.06577	0.00980
8	0.02465	0.01768	0.01957	0.01666	0.02226	0.01873	0.01316	0.07937	0.36234	0.13794	0.03829	0.03556	0.08013	0.01231	0.00897	0.00280	0.00708	0.01014	0.00899	0.08337
9	0.02348	0.02310	0.03334	0.04746	0.49809	0.08931	0.02505	0.05551	0.02198	0.02959	0.01858	0.02623	0.01619	0.00926	0.00899	0.00271	0.01105	0.04175	0.00490	0.01345
10	0.03273	0.02442	0.02613	0.02033	0.02726	0.02715	0.01669	0.53981	0.10428	0.05432	0.02311	0.02277	0.01653	0.01089	0.00897	0.00272	0.00954	0.00828	0.00897	0.01510
11	0.03947	0.01630	0.02142	0.01643	0.02337	0.01474	0.01357	0.10416	0.02740	0.57288	0.03379	0.02947	0.02139	0.01104	0.00899	0.00276	0.00786	0.00889	0.01084	0.01522
12	0.08748	0.01693	0.02835	0.53339	0.05575	0.02019	0.08571	0.02382	0.01799	0.02515	0.01581	0.02299	0.01189	0.00873	0.00879	0.00296	0.01179	0.00794	0.00418	0.01015
13	0.12996	0.01178	0.01294	0.01129	0.01505	0.01100	0.00857	0.01939	0.02036	0.03265	0.26707	0.04538	0.07165	0.07480	0.01175	0.00297	0.00559	0.01120	0.06901	0.16760
14	0.01802	0.01603	0.02520	0.50941	0.05153	0.01995	0.02223	0.05238	0.01882	0.02542	0.01701	0.02419	0.01309	0.00982	0.01065	0.00297	0.07409	0.00798	0.07117	0.01005
15	0.15014	0.14382	0.02616	0.15709	0.03013	0.04663	0.04233	0.09635	0.02185	0.03175	0.10936	0.02821	0.02410	0.04517	0.00992	0.00295	0.00930	0.00838	0.00588	0.01050
16	0.02461	0.01556	0.01941	0.06562	0.02421	0.01375	0.01257	0.07909	0.02319	0.19374	0.07760	0.03059	0.05883	0.01033	0.00822	0.00219	0.00727	0.00849	0.00764	0.31709
17	0.03123	0.05021	0.07975	0.01640	0.02292	0.01497	0.01452	0.03721	0.07769	0.40006	0.07426	0.08621	0.02849	0.01269	0.00911	0.00283	0.00776	0.01055	0.00952	0.01361
18	0.02257	0.01637	0.02120	0.12952	0.02889	0.01566	0.01454	0.05383	0.04715	0.12961	0.02104	0.04262	0.01652	0.00949	0.00936	0.00225	0.05358	0.00752	0.00636	0.35192
19	0.01998	0.01332	0.01769	0.01492	0.01898	0.01293	0.03826	0.02537	0.07243	0.14916	0.21618	0.07457	0.13517	0.01564	0.01139	0.00286	0.06214	0.01309	0.00855	0.07735
20	0.05476	0.02356	0.05209	0.02380	0.08236	0.04923	0.06598	0.30500	0.08469	0.07043	0.02248	0.02584	0.01737	0.06743	0.01202	0.00325	0.01020	0.00864	0.00746	0.01344
21	0.02685	0.02613	0.16063	0.07106	0.03084	0.02194	0.01981	0.23201	0.13719	0.11775	0.02689	0.02680	0.03954	0.01083	0.00894	0.00283	0.00977	0.00862	0.00768	0.01388
22	0.10193	0.11354	0.09967	0.01932	0.02605	0.02243	0.06916	0.08807	0.20581	0.06247	0.04379	0.06506	0.02236	0.01122	0.00848	0.00281	0.00895	0.00930	0.00699	0.01256
23	0.15604	0.06395	0.32784	0.04527	0.02986	0.03969	0.02238	0.02623	0.03603	0.03017	0.06578	0.07794	0.02124	0.01098	0.00823	0.00284	0.01034	0.00865	0.00516	0.01140

[dist]
# distance from previous block
# <min> <max>
0	9

[block]
# block no. 9 follows, 19 sequences, length 8
# corresponding to MSA columns:
# 288-295
name=unknown_J
#
# <colnr> <probs for GDERKNQSTAVLIFYWHMCP>
#	G	D	E	R	K	N	Q	S	T	A	V	L	I	F	Y	W	H	M	C	P
0	0.02149	0.17836	0.05539	0.02321	0.12066	0.02145	0.05382	0.08565	0.05507	0.04641	0.02729	0.10033	0.06720	0.01177	0.00841	0.00252	0.00885	0.01001	0.00603	0.09606
1	0.01743	0.01724	0.12454	0.01550	0.01990	0.01234	0.01390	0.07479	0.02169	0.09004	0.09512	0.32930	0.09234	0.01988	0.01027	0.00319	0.00716	0.01740	0.00798	0.01001
2	0.02369	0.17723	0.20543	0.02088	0.02862	0.09628	0.02091	0.09321	0.13866	0.03027	0.01927	0.02077	0.01498	0.00991	0.00964	0.00268	0.06236	0.00706	0.00549	0.01265
3	0.09484	0.01703	0.04346	0.01463	0.02086	0.01504	0.01220	0.09082	0.06947	0.09320	0.15403	0.03143	0.03068	0.01076	0.00814	0.00228	0.00689	0.00875	0.00752	0.26796
4	0.01523	0.01362	0.04434	0.01324	0.01778	0.01091	0.01069	0.02062	0.05968	0.03136	0.26551	0.14055	0.04954	0.01502	0.00918	0.00246	0.00579	0.01312	0.00775	0.25360
5	0.05729	0.19997	0.25612	0.01900	0.02722	0.04452	0.02049	0.07735	0.02129	0.02956	0.07671	0.08876	0.02342	0.01140	0.00816	0.00264	0.01010	0.00896	0.00541	0.01163
6	0.02415	0.01531	0.01931	0.08832	0.02510	0.01516	0.01345	0.11753	0.06800	0.17434	0.06924	0.16345	0.03065	0.01417	0.00924	0.00276	0.00754	0.01212	0.00827	0.12190
7	0.08469	0.01631	0.01727	0.08769	0.02344	0.07405	0.01250	0.07835	0.02063	0.02901	0.02908	0.27865	0.03086	0.01611	0.00904	0.00278	0.00791	0.01379	0.00666	0.16118

[dist]
# distance from previous block
# <min> <max>
19	93

[block]
# block no. 10 follows, 19 sequences, length 7
# corresponding to MSA columns:
# 394-400
name=unknown_K
#
# <colnr> <probs for GDERKNQSTAVLIFYWHMCP>
#	G	D	E	R	K	N	Q	S	T	A	V	L	I	F	Y	W	H	M	C	P
0	0.02346	0.05622	0.02132	0.01912	0.05394	0.16334	0.01393	0.08066	0.14121	0.05835	0.13137	0.11319	0.03443	0.01449	0.01001	0.02593	0.00905	0.01139	0.00748	0.01110
1	0.09179	0.06460	0.02000	0.01490	0.01985	0.01715	0.01196	0.13031	0.06275	0.19929	0.13108	0.03619	0.03143	0.09112	0.03539	0.00380	0.00816	0.00996	0.00846	0.01182
2	0.02305	0.01505	0.01704	0.01459	0.01835	0.01547	0.01097	0.21906	0.02607	0.10986	0.03710	0.13888	0.09731	0.19359	0.01921	0.00446	0.00795	0.01334	0.00811	0.01055
3	0.15070	0.01845	0.07776	0.01555	0.02176	0.01567	0.01366	0.10037	0.02315	0.20945	0.07875	0.06972	0.02482	0.01266	0.00979	0.04237	0.00775	0.00919	0.00785	0.09057
4	0.01534	0.02929	0.35432	0.01954	0.02745	0.01534	0.02217	0.02247	0.01953	0.02840	0.15176	0.11377	0.03426	0.01976	0.08285	0.00425	0.01152	0.01136	0.00576	0.01085
5	0.01228	0.00956	0.01233	0.01283	0.01423	0.00961	0.00949	0.01480	0.01958	0.02634	0.19109	0.33162	0.15955	0.02342	0.01274	0.00339	0.06494	0.05603	0.00828	0.00789
6	0.02182	0.04085	0.53112	0.02382	0.03594	0.01944	0.02958	0.03100	0.02006	0.13455	0.01942	0.02091	0.01322	0.00895	0.00859	0.00282	0.01224	0.00703	0.00505	0.01357

[dist]
# distance from previous block
# <min> <max>
0	25

# created by:
# /st0/software/busco_prod/Augustus/scripts/msa2prfl.pl ./align_prep/110670.fa
