[name]
unknown

[dist]
# distance from previous block
# <min> <max>
9	51

[block]
# block no. 0 follows, 25 sequences, length 195
# corresponding to MSA columns:
# 53-247
name=unknown_A
#
# <colnr> <probs for GDERKNQSTAVLIFYWHMCP>
#	G	D	E	R	K	N	Q	S	T	A	V	L	I	F	Y	W	H	M	C	P
0	0.10996	0.16771	0.33149	0.04925	0.08722	0.02073	0.02118	0.02433	0.04584	0.02454	0.01363	0.01618	0.01058	0.00759	0.00744	0.00233	0.04001	0.00558	0.00374	0.01066
1	0.14524	0.01907	0.02100	0.01622	0.02212	0.02048	0.03907	0.42250	0.02882	0.07784	0.01772	0.01900	0.01304	0.03103	0.00818	0.00242	0.00796	0.00662	0.00688	0.07481
2	0.06137	0.08652	0.01855	0.01189	0.01853	0.01292	0.00984	0.02245	0.01668	0.11078	0.01550	0.01686	0.01216	0.00641	0.00588	0.00143	0.00613	0.00494	0.00513	0.55601
3	0.10279	0.07659	0.11036	0.06902	0.02412	0.01557	0.04939	0.02912	0.06466	0.27536	0.08560	0.02497	0.02054	0.00917	0.00740	0.00239	0.00766	0.00753	0.00672	0.01105
4	0.05104	0.01599	0.06187	0.01546	0.05669	0.01245	0.03642	0.04963	0.01772	0.10767	0.01755	0.05398	0.01437	0.00759	0.00660	0.00171	0.00676	0.00635	0.00534	0.45479
5	0.04880	0.14423	0.51652	0.02190	0.07281	0.01996	0.02511	0.02423	0.01623	0.02406	0.01334	0.01579	0.00994	0.00722	0.00691	0.00232	0.01060	0.00550	0.00338	0.01115
6	0.08634	0.52939	0.09739	0.06212	0.02323	0.05166	0.01493	0.02335	0.01580	0.02041	0.01133	0.01345	0.00983	0.00688	0.00545	0.00187	0.00874	0.00452	0.00348	0.00983
7	0.36056	0.04577	0.01668	0.04184	0.01930	0.01733	0.01090	0.15214	0.02039	0.16437	0.04723	0.02076	0.03518	0.00886	0.00644	0.00237	0.00674	0.00639	0.00646	0.01028
8	0.07112	0.01874	0.02462	0.09806	0.12507	0.08755	0.04992	0.02143	0.01476	0.02157	0.01191	0.01727	0.01052	0.01021	0.01583	0.00279	0.34370	0.00648	0.00371	0.04476
9	0.01888	0.01728	0.02689	0.03818	0.49561	0.01783	0.02013	0.02703	0.15241	0.02706	0.01886	0.02189	0.01518	0.00781	0.00756	0.00234	0.00818	0.00732	0.05763	0.01193
10	0.01447	0.00768	0.00833	0.05568	0.01210	0.00792	0.00653	0.01819	0.01621	0.02828	0.02450	0.02834	0.01921	0.00894	0.00558	0.00186	0.00408	0.00720	0.71757	0.00732
11	0.01439	0.01106	0.01629	0.35022	0.03158	0.01318	0.01418	0.01848	0.01550	0.02317	0.01978	0.06933	0.01661	0.00972	0.00823	0.00238	0.05596	0.00800	0.29400	0.00793
12	0.38709	0.01207	0.01148	0.01045	0.01386	0.01317	0.00813	0.02084	0.06106	0.05322	0.22331	0.03131	0.03168	0.05784	0.00954	0.02689	0.00541	0.00827	0.00630	0.00809
13	0.01445	0.00723	0.00723	0.00723	0.00903	0.00723	0.00542	0.01807	0.01626	0.02891	0.02529	0.02891	0.01987	0.00903	0.00542	0.00181	0.00361	0.00723	0.77055	0.00723
14	0.01463	0.01351	0.02258	0.67939	0.05154	0.01681	0.02086	0.01974	0.01554	0.02019	0.01426	0.02102	0.01074	0.00781	0.00765	0.00255	0.01005	0.00690	0.03568	0.00856
15	0.01128	0.00752	0.00846	0.00846	0.00846	0.00752	0.00470	0.01128	0.01128	0.01503	0.02443	0.05074	0.02819	0.72751	0.03946	0.00752	0.00752	0.01128	0.00470	0.00470
16	0.01608	0.01378	0.01608	0.01148	0.01837	0.01034	0.00919	0.01952	0.01608	0.02527	0.01378	0.01608	0.01148	0.00574	0.00574	0.00115	0.00574	0.00459	0.00459	0.77491
17	0.00951	0.00680	0.00905	0.01075	0.01126	0.00634	0.00720	0.01095	0.01513	0.02025	0.06832	0.69556	0.05217	0.02395	0.00987	0.00312	0.00446	0.02172	0.00725	0.00634
18	0.00956	0.00689	0.00895	0.01047	0.01109	0.00640	0.00701	0.01097	0.01513	0.02007	0.06650	0.62862	0.09185	0.05324	0.01106	0.00327	0.00456	0.02094	0.00714	0.00628
19	0.01017	0.00782	0.00930	0.00909	0.01113	0.00695	0.00676	0.01301	0.01981	0.02639	0.40098	0.11026	0.30450	0.01790	0.00920	0.00256	0.00382	0.01548	0.00793	0.00695
20	0.03479	0.01320	0.01799	0.01380	0.01979	0.01140	0.01140	0.03779	0.02219	0.68451	0.03059	0.02639	0.01919	0.00960	0.00780	0.00240	0.00660	0.00780	0.00960	0.01320
21	0.01065	0.00792	0.01001	0.01104	0.01217	0.00749	0.00753	0.01341	0.05717	0.02073	0.03899	0.59124	0.04545	0.06102	0.01111	0.00322	0.00486	0.01938	0.00692	0.05968
22	0.01029	0.00738	0.00960	0.01109	0.01179	0.00705	0.00752	0.03799	0.01576	0.02102	0.04171	0.69266	0.04967	0.02366	0.00981	0.00311	0.00467	0.02140	0.00722	0.00659
23	0.01830	0.02092	0.04575	0.03268	0.04052	0.01961	0.65098	0.02484	0.01830	0.02484	0.01569	0.02092	0.01176	0.00654	0.00915	0.00261	0.01307	0.00915	0.00392	0.01046
24	0.00945	0.00675	0.00900	0.01080	0.01125	0.00630	0.00720	0.01080	0.01484	0.01979	0.04274	0.72245	0.05128	0.02429	0.00990	0.00315	0.00450	0.02204	0.00720	0.00630
25	0.00953	0.00689	0.00902	0.01057	0.01123	0.00638	0.00713	0.01106	0.01546	0.02059	0.08598	0.64323	0.08727	0.02348	0.00981	0.00307	0.00441	0.02120	0.00728	0.00638
26	0.00952	0.00678	0.00898	0.01071	0.01114	0.00634	0.00710	0.01081	0.01471	0.01961	0.04203	0.69652	0.05039	0.05144	0.01104	0.00332	0.00461	0.02163	0.00710	0.00624
27	0.73314	0.01543	0.01217	0.01070	0.01559	0.01783	0.00881	0.06394	0.01471	0.03571	0.01131	0.01299	0.00871	0.00734	0.00499	0.00239	0.00616	0.00438	0.00499	0.00871
28	0.01212	0.00865	0.01058	0.00979	0.01212	0.00797	0.00744	0.04099	0.02159	0.05127	0.49137	0.05903	0.20543	0.01623	0.00905	0.00247	0.00402	0.01405	0.00824	0.00758
29	0.05827	0.01542	0.01882	0.01473	0.02056	0.01510	0.01209	0.16692	0.09292	0.45916	0.02748	0.02454	0.01803	0.00955	0.00769	0.00241	0.00693	0.00760	0.00886	0.01293
30	0.01112	0.00858	0.01024	0.00970	0.01194	0.00803	0.00731	0.01573	0.07051	0.02844	0.46316	0.06022	0.23319	0.01647	0.00905	0.00250	0.00392	0.01425	0.00812	0.00749
31	0.02538	0.01435	0.01711	0.01456	0.01943	0.01472	0.01170	0.03711	0.31844	0.31973	0.03322	0.03305	0.04344	0.01111	0.00807	0.00259	0.00634	0.04892	0.00857	0.01217
32	0.02170	0.01101	0.01418	0.01198	0.01584	0.01020	0.00947	0.02687	0.08701	0.30418	0.31562	0.04248	0.07047	0.01285	0.00845	0.00245	0.00515	0.01098	0.00886	0.01025
33	0.01110	0.00801	0.01054	0.01013	0.01195	0.00745	0.00774	0.01475	0.02161	0.03045	0.62313	0.06034	0.07082	0.01631	0.00927	0.00253	0.00394	0.06421	0.00842	0.00730
34	0.03479	0.01320	0.01799	0.01380	0.01979	0.01140	0.01140	0.03779	0.02219	0.68451	0.03059	0.02639	0.01919	0.00960	0.00780	0.00240	0.00660	0.00780	0.00960	0.01320
35	0.01128	0.00752	0.00846	0.00846	0.00846	0.00752	0.00470	0.01128	0.01128	0.01503	0.02443	0.05074	0.02819	0.72751	0.03946	0.00752	0.00752	0.01128	0.00470	0.00470
36	0.00958	0.00702	0.00890	0.01021	0.01104	0.00645	0.00691	0.01111	0.01557	0.02050	0.08844	0.55745	0.14229	0.05211	0.01096	0.00321	0.00449	0.02025	0.00718	0.00633
37	0.01285	0.00942	0.01269	0.01417	0.01616	0.00956	0.01226	0.01764	0.06254	0.02377	0.04165	0.08299	0.06427	0.02061	0.01046	0.00347	0.00696	0.56386	0.00719	0.00747
38	0.01587	0.00924	0.01191	0.01170	0.01392	0.00878	0.00857	0.01995	0.08001	0.15966	0.15356	0.39267	0.04600	0.01842	0.00914	0.00282	0.00493	0.01639	0.00800	0.00847
39	0.07112	0.01451	0.01750	0.01407	0.01933	0.01435	0.01133	0.10380	0.14293	0.41263	0.02795	0.02683	0.01936	0.05646	0.00971	0.00277	0.00675	0.00792	0.00849	0.01220
40	0.00916	0.00785	0.00785	0.00785	0.01047	0.00655	0.00589	0.01113	0.01767	0.02095	0.07855	0.07462	0.67599	0.01964	0.00916	0.00262	0.00393	0.01636	0.00720	0.00655
41	0.02877	0.02137	0.02287	0.01770	0.02378	0.02372	0.01457	0.61102	0.07987	0.04773	0.01951	0.01933	0.01391	0.00939	0.00777	0.00235	0.00837	0.00710	0.00777	0.01312
42	0.01939	0.01575	0.01786	0.01306	0.01978	0.01373	0.01056	0.17639	0.02112	0.03111	0.01498	0.01671	0.01191	0.00662	0.00624	0.00144	0.00643	0.00518	0.00538	0.58636
43	0.02947	0.02172	0.02327	0.01784	0.02404	0.02404	0.01474	0.65329	0.03646	0.04887	0.01862	0.01862	0.01319	0.00931	0.00776	0.00233	0.00853	0.00698	0.00776	0.01319
44	0.00945	0.00675	0.00900	0.01080	0.01125	0.00630	0.00720	0.01080	0.01484	0.01979	0.04274	0.72245	0.05128	0.02429	0.00990	0.00315	0.00450	0.02204	0.00720	0.00630
45	0.01093	0.00836	0.01174	0.01261	0.01385	0.00814	0.03810	0.01421	0.05945	0.02134	0.04050	0.55866	0.04670	0.02215	0.00983	0.00314	0.00536	0.10083	0.00708	0.00701
46	0.03123	0.01356	0.01761	0.01396	0.01952	0.01255	0.01138	0.03742	0.12968	0.54904	0.05683	0.02809	0.02213	0.01000	0.00787	0.00244	0.00640	0.00821	0.00927	0.01280
47	0.01464	0.01378	0.02326	0.70887	0.05340	0.01723	0.02153	0.01981	0.01550	0.01981	0.01378	0.02067	0.01034	0.00775	0.00775	0.00258	0.01034	0.00689	0.00345	0.00861
48	0.01555	0.04011	0.68733	0.02210	0.03356	0.01801	0.02865	0.02455	0.01637	0.02455	0.01391	0.01637	0.00982	0.00737	0.00737	0.00246	0.01146	0.00573	0.00327	0.01146
49	0.01929	0.01666	0.01753	0.01578	0.02016	0.01929	0.01227	0.04120	0.66513	0.03243	0.03156	0.02893	0.02367	0.01052	0.00789	0.00263	0.00614	0.00877	0.00789	0.01227
50	0.01608	0.01378	0.01608	0.01148	0.01837	0.01034	0.00919	0.01952	0.01608	0.02527	0.01378	0.01608	0.01148	0.00574	0.00574	0.00115	0.00574	0.00459	0.00459	0.77491
51	0.01658	0.01640	0.02301	0.01984	0.01993	0.02283	0.01649	0.01835	0.01191	0.01862	0.01087	0.01784	0.01078	0.01648	0.06926	0.00398	0.66812	0.00688	0.00344	0.00838
52	0.01347	0.00673	0.01010	0.01010	0.01010	0.00673	0.00673	0.01010	0.01010	0.01347	0.01347	0.02357	0.01347	0.02694	0.03030	0.77441	0.00673	0.00673	0.00337	0.00337
53	0.03479	0.01320	0.01799	0.01380	0.01979	0.01140	0.01140	0.03779	0.02219	0.68451	0.03059	0.02639	0.01919	0.00960	0.00780	0.00240	0.00660	0.00780	0.00960	0.01320
54	0.78228	0.01499	0.01140	0.01020	0.01499	0.01739	0.00840	0.02279	0.01320	0.03479	0.01080	0.01260	0.00840	0.00720	0.00480	0.00240	0.00600	0.00420	0.00480	0.00840
55	0.00916	0.00785	0.00785	0.00785	0.01047	0.00655	0.00589	0.01113	0.01767	0.02095	0.07855	0.07462	0.67599	0.01964	0.00916	0.00262	0.00393	0.01636	0.00720	0.00655
56	0.00951	0.00816	0.00819	0.00813	0.01080	0.00698	0.00611	0.01216	0.03980	0.02134	0.07694	0.07306	0.65370	0.01933	0.00912	0.00262	0.00400	0.01610	0.00722	0.00674
57	0.00996	0.00714	0.00950	0.01073	0.01157	0.00667	0.00750	0.01197	0.01668	0.02264	0.19189	0.53298	0.05610	0.02215	0.00976	0.00300	0.00444	0.05123	0.00751	0.00658
58	0.01397	0.00728	0.00734	0.00734	0.00907	0.00721	0.00540	0.01727	0.01601	0.02759	0.02797	0.03268	0.05413	0.05647	0.00783	0.00222	0.00388	0.00796	0.68135	0.00703
59	0.00998	0.00714	0.00940	0.01039	0.01126	0.00665	0.00715	0.01200	0.01693	0.02315	0.23859	0.49353	0.05731	0.04517	0.01065	0.00307	0.00434	0.01919	0.00753	0.00656
60	0.01097	0.00793	0.01036	0.00975	0.01158	0.00732	0.00732	0.01463	0.02195	0.03109	0.67505	0.05792	0.07316	0.01585	0.00914	0.00244	0.00366	0.01402	0.00854	0.00732
61	0.02995	0.02096	0.02280	0.01748	0.02367	0.02292	0.01444	0.59870	0.03519	0.10524	0.01968	0.01931	0.01372	0.00933	0.00776	0.00233	0.00836	0.00705	0.00792	0.01319
62	0.00939	0.00756	0.00829	0.00872	0.01065	0.00655	0.00625	0.01121	0.01692	0.02091	0.09506	0.24033	0.46395	0.04551	0.01042	0.00292	0.00419	0.01754	0.00717	0.00645
63	0.01006	0.00722	0.00954	0.01038	0.01138	0.00671	0.00724	0.01233	0.01769	0.02431	0.29564	0.45666	0.06003	0.02092	0.00960	0.00286	0.00416	0.01883	0.00773	0.00671
64	0.78228	0.01499	0.01140	0.01020	0.01499	0.01739	0.00840	0.02279	0.01320	0.03479	0.01080	0.01260	0.00840	0.00720	0.00480	0.00240	0.00600	0.00420	0.00480	0.00840
65	0.01109	0.00744	0.00851	0.00870	0.00874	0.00739	0.00495	0.01123	0.01164	0.01552	0.02630	0.11948	0.03055	0.65554	0.03644	0.00707	0.00721	0.01238	0.00495	0.00486
66	0.01003	0.00781	0.00905	0.00897	0.01094	0.00702	0.00657	0.01242	0.01818	0.02365	0.26606	0.10669	0.35687	0.06877	0.04930	0.00347	0.00505	0.01517	0.00730	0.00668
67	0.00945	0.00675	0.00900	0.01080	0.01125	0.00630	0.00720	0.01080	0.01484	0.01979	0.04274	0.72245	0.05128	0.02429	0.00990	0.00315	0.00450	0.02204	0.00720	0.00630
68	0.01146	0.00815	0.01167	0.01167	0.01303	0.00930	0.00896	0.01418	0.01282	0.01906	0.02146	0.03133	0.01989	0.08706	0.58583	0.01102	0.01817	0.00834	0.08974	0.00684
69	0.01411	0.00722	0.00735	0.00743	0.00911	0.00720	0.00547	0.01748	0.01600	0.02795	0.02601	0.05977	0.02157	0.03885	0.00699	0.00210	0.00381	0.00803	0.70648	0.00708
70	0.00984	0.00814	0.00866	0.00848	0.01100	0.00710	0.00637	0.01276	0.03863	0.02333	0.19625	0.06986	0.53531	0.01860	0.00912	0.00258	0.00394	0.01566	0.00749	0.00688
71	0.02115	0.01927	0.01815	0.01627	0.02066	0.11043	0.01261	0.03970	0.55514	0.05409	0.02888	0.02682	0.02166	0.01014	0.00776	0.00254	0.00721	0.00822	0.00743	0.01186
72	0.01253	0.00951	0.01376	0.04861	0.01658	0.01107	0.01065	0.05831	0.01427	0.02022	0.02026	0.02914	0.01849	0.05219	0.61380	0.01125	0.01939	0.00814	0.00437	0.00744
73	0.01231	0.01082	0.01784	0.06338	0.02018	0.01099	0.12120	0.01538	0.01679	0.02281	0.14892	0.32584	0.06741	0.01742	0.01066	0.00290	0.05992	0.04134	0.00632	0.00758
74	0.01608	0.01378	0.01608	0.01148	0.01837	0.01034	0.00919	0.01952	0.01608	0.02527	0.01378	0.01608	0.01148	0.00574	0.00574	0.00115	0.00574	0.00459	0.00459	0.77491
75	0.02073	0.73217	0.04063	0.01327	0.01990	0.03068	0.01327	0.02322	0.01575	0.01824	0.01078	0.01244	0.00995	0.00663	0.00498	0.00166	0.00829	0.00415	0.00332	0.00995
76	0.01555	0.04011	0.68733	0.02210	0.03356	0.01801	0.02865	0.02455	0.01637	0.02455	0.01391	0.01637	0.00982	0.00737	0.00737	0.00246	0.01146	0.00573	0.00327	0.01146
77	0.01542	0.01458	0.02466	0.59574	0.16046	0.01743	0.02192	0.02049	0.01587	0.02075	0.01392	0.02042	0.01067	0.00761	0.00774	0.00254	0.01014	0.00689	0.00351	0.00924
78	0.02143	0.01772	0.01874	0.01621	0.02098	0.02029	0.01279	0.17025	0.53258	0.03590	0.02883	0.02675	0.02146	0.01026	0.00786	0.00257	0.00664	0.00839	0.00786	0.01247
79	0.02519	0.01878	0.02027	0.01620	0.02121	0.02081	0.01298	0.47109	0.11081	0.04135	0.02104	0.02438	0.01661	0.10078	0.03968	0.00342	0.00860	0.00779	0.00725	0.01176
80	0.01673	0.01111	0.01509	0.04409	0.07091	0.01108	0.01223	0.04208	0.06859	0.12088	0.06457	0.15078	0.08179	0.01677	0.00931	0.00297	0.00658	0.23828	0.00723	0.00894
81	0.01830	0.02092	0.04575	0.03268	0.04052	0.01961	0.65098	0.02484	0.01830	0.02484	0.01569	0.02092	0.01176	0.00654	0.00915	0.00261	0.01307	0.00915	0.00392	0.01046
82	0.01126	0.00757	0.00873	0.00873	0.00883	0.00767	0.00504	0.01145	0.01136	0.01524	0.02418	0.04934	0.02758	0.68128	0.08486	0.00786	0.00843	0.01107	0.00466	0.00485
83	0.01065	0.00877	0.00907	0.00874	0.01149	0.00777	0.00661	0.05560	0.01901	0.02322	0.09589	0.09811	0.57995	0.01898	0.00910	0.00261	0.00426	0.01587	0.00729	0.00702
84	0.03947	0.00914	0.01148	0.01025	0.01307	0.00833	0.00791	0.01910	0.02103	0.15726	0.43631	0.05134	0.12988	0.01458	0.00862	0.00243	0.00433	0.01255	0.03451	0.00840
85	0.01919	0.01842	0.03147	0.04759	0.67914	0.01842	0.02380	0.02380	0.01765	0.02533	0.01458	0.01919	0.01228	0.00691	0.00768	0.00230	0.00921	0.00691	0.00384	0.01228
86	0.00973	0.00694	0.00917	0.01056	0.01119	0.00649	0.00712	0.01136	0.01573	0.02123	0.13228	0.60346	0.05357	0.04841	0.01085	0.00320	0.00449	0.02051	0.00730	0.00639
87	0.01090	0.00784	0.01006	0.01116	0.01211	0.00755	0.00770	0.05310	0.01694	0.02277	0.10180	0.61278	0.05089	0.02250	0.00968	0.00303	0.00468	0.02029	0.00736	0.00684
88	0.01108	0.00831	0.01246	0.01246	0.01385	0.00969	0.00969	0.01385	0.01246	0.01800	0.02077	0.03046	0.01938	0.05815	0.69678	0.01246	0.02077	0.00831	0.00415	0.00692
89	0.01128	0.00752	0.00846	0.00846	0.00846	0.00752	0.00470	0.01128	0.01128	0.01503	0.02443	0.05074	0.02819	0.72751	0.03946	0.00752	0.00752	0.01128	0.00470	0.00470
90	0.01017	0.00782	0.00922	0.00968	0.01129	0.00720	0.00687	0.01299	0.04457	0.02275	0.18055	0.30565	0.26486	0.05657	0.01093	0.00303	0.00436	0.01739	0.00737	0.00676
91	0.00959	0.00685	0.00916	0.01096	0.01147	0.00642	0.00744	0.01104	0.01498	0.01995	0.04266	0.69300	0.05097	0.02416	0.00993	0.00317	0.00462	0.05009	0.00719	0.00634
92	0.01445	0.00723	0.00723	0.00723	0.00903	0.00723	0.00542	0.01807	0.01626	0.02891	0.02529	0.02891	0.01987	0.00903	0.00542	0.00181	0.00361	0.00723	0.77055	0.00723
93	0.02136	0.01640	0.01796	0.01554	0.02005	0.01828	0.01239	0.17807	0.38972	0.07160	0.08340	0.03256	0.02651	0.01133	0.00814	0.00259	0.00657	0.04780	0.00796	0.01179
94	0.01148	0.00898	0.01059	0.01047	0.01265	0.00869	0.00787	0.01685	0.10839	0.02643	0.29739	0.16219	0.22198	0.01771	0.00917	0.00268	0.00438	0.04665	0.00781	0.00763
95	0.78228	0.01499	0.01140	0.01020	0.01499	0.01739	0.00840	0.02279	0.01320	0.03479	0.01080	0.01260	0.00840	0.00720	0.00480	0.00240	0.00600	0.00420	0.00480	0.00840
96	0.00958	0.00685	0.00911	0.01071	0.01127	0.00638	0.00721	0.01112	0.01545	0.02075	0.09618	0.66628	0.05313	0.02358	0.00983	0.00309	0.00443	0.02136	0.00731	0.00638
97	0.01086	0.00792	0.01020	0.00963	0.01151	0.00727	0.00722	0.01440	0.02167	0.03043	0.63612	0.05901	0.11250	0.01610	0.00915	0.00245	0.00368	0.01418	0.00845	0.00727
98	0.00946	0.00765	0.00842	0.00869	0.01077	0.00660	0.00634	0.01153	0.01769	0.02208	0.15177	0.19943	0.47237	0.02004	0.00930	0.00270	0.00400	0.01716	0.00738	0.00660
99	0.02947	0.02172	0.02327	0.01784	0.02404	0.02404	0.01474	0.65329	0.03646	0.04887	0.01862	0.01862	0.01319	0.00931	0.00776	0.00233	0.00853	0.00698	0.00776	0.01319
100	0.01216	0.00851	0.01055	0.00991	0.01215	0.00785	0.00747	0.01616	0.04814	0.06245	0.48241	0.08235	0.17791	0.01631	0.00905	0.00250	0.00399	0.01420	0.00827	0.00765
101	0.00951	0.00685	0.00902	0.01062	0.01123	0.00636	0.00715	0.01101	0.01532	0.02042	0.07668	0.66202	0.07776	0.02367	0.00983	0.00309	0.00443	0.02140	0.00727	0.00636
102	0.01432	0.00867	0.01143	0.01032	0.01274	0.00789	0.00789	0.01788	0.02198	0.12277	0.58463	0.05349	0.06559	0.01497	0.00896	0.00243	0.00407	0.01315	0.00868	0.00814
103	0.01064	0.00811	0.00991	0.01001	0.01211	0.00737	0.00788	0.01368	0.01957	0.02584	0.33102	0.06998	0.28273	0.01835	0.00947	0.00274	0.00447	0.14135	0.00777	0.00700
104	0.03463	0.01344	0.01815	0.01391	0.01992	0.01176	0.01149	0.05557	0.02260	0.66614	0.03024	0.02617	0.01902	0.00959	0.00780	0.00240	0.00665	0.00777	0.00954	0.01320
105	0.01128	0.00752	0.00846	0.00846	0.00846	0.00752	0.00470	0.01128	0.01128	0.01503	0.02443	0.05074	0.02819	0.72751	0.03946	0.00752	0.00752	0.01128	0.00470	0.00470
106	0.02957	0.01597	0.02430	0.01819	0.02444	0.01503	0.14759	0.13442	0.02344	0.41330	0.02525	0.02407	0.01667	0.00888	0.00798	0.00241	0.00816	0.00793	0.04006	0.01236
107	0.60222	0.01454	0.01226	0.01067	0.01536	0.01639	0.00874	0.06460	0.01569	0.08369	0.01420	0.01561	0.01064	0.00769	0.00528	0.00234	0.00598	0.00495	0.08020	0.00895
108	0.01564	0.01502	0.02122	0.01858	0.01889	0.02059	0.01533	0.01758	0.01201	0.01851	0.01256	0.01999	0.01224	0.02358	0.17613	0.00543	0.55787	0.00713	0.00356	0.00813
109	0.01696	0.01696	0.02375	0.02036	0.02036	0.02375	0.01696	0.01866	0.01187	0.01866	0.01018	0.01696	0.01018	0.01357	0.02545	0.00339	0.71332	0.00679	0.00339	0.00848
110	0.01257	0.01050	0.01533	0.01447	0.01550	0.01326	0.01154	0.01507	0.01231	0.01817	0.01808	0.02703	0.01705	0.04684	0.52638	0.01016	0.19655	0.00792	0.00396	0.00732
111	0.02830	0.01925	0.04361	0.01658	0.02256	0.01979	0.01391	0.35975	0.15587	0.20140	0.02395	0.02248	0.01661	0.00955	0.00778	0.00241	0.00768	0.00749	0.00808	0.01295
112	0.01573	0.01681	0.03510	0.02634	0.03204	0.01575	0.46437	0.02077	0.01730	0.02337	0.02353	0.22426	0.02322	0.01168	0.00937	0.00277	0.01059	0.01289	0.00487	0.00925
113	0.02035	0.01439	0.01581	0.01384	0.01822	0.01538	0.01087	0.05792	0.38962	0.14805	0.04072	0.03764	0.15898	0.01221	0.00813	0.00257	0.00585	0.01011	0.00805	0.01128
114	0.05362	0.02720	0.02196	0.01829	0.02345	0.29065	0.01445	0.34275	0.07334	0.03539	0.01661	0.01729	0.01248	0.00880	0.00736	0.00222	0.01045	0.00622	0.00617	0.01130
115	0.33003	0.01839	0.01778	0.01432	0.01986	0.04214	0.01177	0.29773	0.02477	0.12863	0.01691	0.01712	0.01199	0.00846	0.00656	0.00235	0.00744	0.00592	0.00670	0.01114
116	0.01115	0.00751	0.00870	0.00880	0.00890	0.00755	0.00511	0.01138	0.01155	0.01548	0.02535	0.09053	0.02914	0.65037	0.07144	0.00751	0.00801	0.01178	0.00482	0.00491
117	0.02387	0.01721	0.01851	0.03802	0.02104	0.04140	0.01234	0.30783	0.11860	0.11865	0.05598	0.03245	0.13667	0.01151	0.00806	0.00243	0.00720	0.00921	0.00766	0.01135
118	0.01445	0.00723	0.00723	0.00723	0.00903	0.00723	0.00542	0.01807	0.01626	0.02891	0.02529	0.02891	0.01987	0.00903	0.00542	0.00181	0.00361	0.00723	0.77055	0.00723
119	0.04254	0.02337	0.23021	0.10612	0.11254	0.01687	0.15488	0.05663	0.01761	0.02513	0.01883	0.12396	0.01695	0.00982	0.00814	0.00258	0.01000	0.00920	0.00439	0.01023
120	0.01640	0.02675	0.30072	0.09372	0.06156	0.01729	0.21670	0.02330	0.01695	0.02423	0.01541	0.02078	0.01197	0.00745	0.00791	0.00241	0.01098	0.02863	0.00379	0.09304
121	0.01980	0.06944	0.10225	0.05089	0.11062	0.01441	0.01508	0.02554	0.07366	0.17735	0.13793	0.03612	0.05466	0.01131	0.00808	0.00249	0.00725	0.06599	0.00663	0.01048
122	0.59316	0.01724	0.05080	0.01318	0.04381	0.04532	0.01075	0.02496	0.01493	0.10634	0.01340	0.01468	0.00992	0.00750	0.00549	0.00238	0.00683	0.00483	0.00518	0.00929
123	0.08279	0.10211	0.42339	0.01979	0.02915	0.04233	0.06609	0.02473	0.01659	0.05240	0.01409	0.01629	0.01036	0.00723	0.00693	0.00227	0.01028	0.00566	0.00383	0.06369
124	0.02297	0.54365	0.03455	0.01359	0.01974	0.05381	0.01284	0.02554	0.01694	0.13188	0.01472	0.01581	0.01201	0.00984	0.04108	0.00235	0.00888	0.00502	0.00446	0.01031
125	0.01445	0.00723	0.00723	0.00723	0.00903	0.00723	0.00542	0.01807	0.01626	0.02891	0.02529	0.02891	0.01987	0.00903	0.00542	0.00181	0.00361	0.00723	0.77055	0.00723
126	0.01381	0.01053	0.03410	0.01105	0.01382	0.00941	0.00881	0.05827	0.04801	0.06793	0.35700	0.08864	0.15764	0.04883	0.01037	0.00279	0.00492	0.03817	0.00782	0.00809
127	0.01445	0.00723	0.00723	0.00723	0.00903	0.00723	0.00542	0.01807	0.01626	0.02891	0.02529	0.02891	0.01987	0.00903	0.00542	0.00181	0.00361	0.00723	0.77055	0.00723
128	0.01696	0.01458	0.01699	0.03998	0.07601	0.01616	0.01226	0.03223	0.43018	0.03031	0.14208	0.03614	0.07939	0.01170	0.00817	0.00257	0.00596	0.01000	0.00745	0.01088
129	0.01096	0.00865	0.01197	0.01261	0.01359	0.00885	0.03304	0.01395	0.05969	0.02079	0.03879	0.60143	0.04517	0.02196	0.01074	0.00311	0.05120	0.01963	0.00687	0.00701
130	0.01963	0.52120	0.21450	0.01581	0.02373	0.02703	0.01747	0.04511	0.01663	0.02099	0.01189	0.01371	0.01003	0.00692	0.00572	0.00190	0.00915	0.00467	0.00346	0.01047
131	0.01760	0.01710	0.04409	0.03946	0.06648	0.03695	0.09415	0.04643	0.04472	0.02602	0.01495	0.01762	0.01201	0.00645	0.00663	0.00164	0.00765	0.00572	0.00462	0.48970
132	0.04932	0.08166	0.33550	0.04981	0.02995	0.06795	0.08719	0.08595	0.01885	0.02630	0.03478	0.02096	0.01374	0.00851	0.00803	0.00245	0.03107	0.03315	0.00424	0.01060
133	0.02073	0.73217	0.04063	0.01327	0.01990	0.03068	0.01327	0.02322	0.01575	0.01824	0.01078	0.01244	0.00995	0.00663	0.00498	0.00166	0.00829	0.00415	0.00332	0.00995
134	0.01654	0.01395	0.01620	0.01179	0.01842	0.01090	0.00940	0.05179	0.01708	0.02629	0.01502	0.04042	0.01294	0.00656	0.00599	0.00128	0.00584	0.00531	0.00485	0.70942
135	0.00917	0.00782	0.00789	0.00796	0.01050	0.00654	0.00594	0.01112	0.01758	0.02091	0.07732	0.09683	0.65458	0.01980	0.00919	0.00264	0.00395	0.01656	0.00720	0.00654
136	0.08641	0.01332	0.01754	0.01355	0.01946	0.01181	0.01119	0.03675	0.02157	0.63964	0.02922	0.02544	0.01845	0.00943	0.00759	0.00240	0.00656	0.00755	0.00927	0.01286
137	0.01464	0.01378	0.02326	0.70887	0.05340	0.01723	0.02153	0.01981	0.01550	0.01981	0.01378	0.02067	0.01034	0.00775	0.00775	0.00258	0.01034	0.00689	0.00345	0.00861
138	0.01929	0.01666	0.01753	0.01578	0.02016	0.01929	0.01227	0.04120	0.66513	0.03243	0.03156	0.02893	0.02367	0.01052	0.00789	0.00263	0.00614	0.00877	0.00789	0.01227
139	0.01128	0.00752	0.00846	0.00846	0.00846	0.00752	0.00470	0.01128	0.01128	0.01503	0.02443	0.05074	0.02819	0.72751	0.03946	0.00752	0.00752	0.01128	0.00470	0.00470
140	0.01800	0.06332	0.01747	0.04408	0.01947	0.03967	0.01146	0.05132	0.35639	0.05489	0.07139	0.10967	0.08504	0.01263	0.00806	0.00257	0.00631	0.01061	0.00722	0.01045
141	0.01108	0.00831	0.01246	0.01246	0.01385	0.00969	0.00969	0.01385	0.01246	0.01800	0.02077	0.03046	0.01938	0.05815	0.69678	0.01246	0.02077	0.00831	0.00415	0.00692
142	0.02117	0.02504	0.28250	0.06889	0.09770	0.01656	0.02029	0.09402	0.05028	0.16377	0.06673	0.02287	0.01765	0.00877	0.00771	0.00243	0.00901	0.00724	0.00572	0.01163
143	0.44046	0.11030	0.13900	0.01433	0.02066	0.06329	0.03635	0.02442	0.01523	0.05758	0.01246	0.01424	0.00954	0.00729	0.00571	0.00230	0.00807	0.00485	0.00446	0.00946
144	0.01184	0.00812	0.01064	0.00990	0.01188	0.00746	0.00746	0.01548	0.02196	0.05491	0.65156	0.05677	0.07119	0.01562	0.00910	0.00244	0.00377	0.01380	0.00857	0.00753
145	0.07481	0.09877	0.02353	0.04560	0.02358	0.02269	0.01399	0.41458	0.08855	0.08920	0.01913	0.01916	0.01382	0.00894	0.00728	0.00230	0.00806	0.00671	0.00704	0.01225
146	0.02132	0.63573	0.03783	0.01395	0.02025	0.08448	0.01335	0.02485	0.05219	0.01909	0.01203	0.01348	0.01071	0.00696	0.00530	0.00174	0.00864	0.00447	0.00363	0.01000
147	0.01445	0.00723	0.00723	0.00723	0.00903	0.00723	0.00542	0.01807	0.01626	0.02891	0.02529	0.02891	0.01987	0.00903	0.00542	0.00181	0.00361	0.00723	0.77055	0.00723
148	0.14205	0.05403	0.24570	0.01896	0.05265	0.01910	0.04485	0.17387	0.04705	0.06213	0.01658	0.01933	0.01260	0.04779	0.00886	0.00267	0.00908	0.00644	0.00519	0.01105
149	0.02256	0.04516	0.08057	0.01392	0.01880	0.01303	0.01230	0.06208	0.07774	0.27181	0.16359	0.03375	0.03020	0.01495	0.05628	0.02609	0.00758	0.03138	0.00760	0.01062
150	0.00973	0.00780	0.00869	0.00863	0.01086	0.00676	0.00641	0.01216	0.01876	0.02391	0.25523	0.11434	0.45180	0.01882	0.00921	0.00260	0.00389	0.01605	0.00760	0.00676
151	0.01856	0.01587	0.01695	0.01540	0.01954	0.01822	0.01203	0.03875	0.60411	0.03197	0.06503	0.03295	0.02712	0.01126	0.00808	0.00266	0.00605	0.03575	0.00789	0.01180
152	0.37818	0.05118	0.09422	0.01412	0.02001	0.05627	0.01284	0.16017	0.02010	0.07979	0.03759	0.01694	0.01277	0.00816	0.00622	0.00234	0.00767	0.00561	0.00561	0.01018
153	0.01939	0.06607	0.01913	0.01561	0.02014	0.02007	0.01234	0.03996	0.62029	0.03145	0.03012	0.02779	0.02272	0.01025	0.00769	0.00256	0.00629	0.00845	0.00757	0.01211
154	0.00986	0.00731	0.00981	0.01133	0.01175	0.00726	0.00774	0.01123	0.01468	0.01973	0.04093	0.68341	0.04901	0.02370	0.01076	0.00316	0.04372	0.02120	0.00699	0.00642
155	0.01902	0.01475	0.02009	0.08059	0.17214	0.01497	0.01492	0.02770	0.19017	0.10293	0.02623	0.03235	0.04383	0.01025	0.00787	0.00241	0.00723	0.08060	0.00618	0.12578
156	0.01025	0.00731	0.00940	0.01076	0.01149	0.00696	0.00753	0.01177	0.01489	0.01958	0.04154	0.45662	0.08685	0.14875	0.01525	0.00396	0.00543	0.11875	0.00674	0.00617
157	0.01110	0.00822	0.01201	0.01201	0.01324	0.00945	0.00913	0.01356	0.01233	0.01767	0.02118	0.03274	0.02037	0.13331	0.62298	0.01191	0.01928	0.00864	0.00421	0.00667
158	0.01138	0.00801	0.00981	0.00977	0.01003	0.00850	0.00620	0.01200	0.01170	0.01595	0.02422	0.08304	0.02721	0.54508	0.14850	0.00794	0.03946	0.01118	0.00469	0.00532
159	0.00945	0.00675	0.00900	0.01080	0.01125	0.00630	0.00720	0.01080	0.01484	0.01979	0.04274	0.72245	0.05128	0.02429	0.00990	0.00315	0.00450	0.02204	0.00720	0.00630
160	0.00960	0.00709	0.00899	0.01015	0.01116	0.00648	0.00699	0.01137	0.01628	0.02151	0.13388	0.52254	0.16082	0.02236	0.00967	0.00296	0.00429	0.01999	0.00738	0.00648
161	0.01830	0.02092	0.04575	0.03268	0.04052	0.01961	0.65098	0.02484	0.01830	0.02484	0.01569	0.02092	0.01176	0.00654	0.00915	0.00261	0.01307	0.00915	0.00392	0.01046
162	0.01020	0.00815	0.00929	0.00972	0.01206	0.00724	0.00777	0.01272	0.01805	0.02234	0.11483	0.07676	0.46008	0.01982	0.00958	0.00286	0.00477	0.17971	0.00729	0.00676
163	0.04040	0.00900	0.01126	0.01094	0.01323	0.00849	0.00831	0.01775	0.04159	0.11209	0.26986	0.19290	0.11394	0.04162	0.01013	0.00289	0.00489	0.07497	0.00784	0.00790
164	0.00945	0.00675	0.00900	0.01080	0.01125	0.00630	0.00720	0.01080	0.01484	0.01979	0.04274	0.72245	0.05128	0.02429	0.00990	0.00315	0.00450	0.02204	0.00720	0.00630
165	0.02896	0.03695	0.02197	0.01998	0.02397	0.69638	0.01498	0.03096	0.02197	0.01898	0.01199	0.01398	0.00999	0.00799	0.00699	0.00200	0.01398	0.00499	0.00400	0.00899
166	0.00967	0.00691	0.00923	0.01087	0.01146	0.00647	0.00742	0.01126	0.01543	0.02067	0.08393	0.65338	0.05244	0.02362	0.00988	0.00312	0.00455	0.04600	0.00728	0.00640
167	0.02719	0.01202	0.01581	0.01295	0.01757	0.01093	0.01032	0.03167	0.07560	0.45826	0.13120	0.08358	0.03058	0.03416	0.00916	0.00264	0.00598	0.01000	0.00896	0.01143
168	0.01830	0.02092	0.04575	0.03268	0.04052	0.01961	0.65098	0.02484	0.01830	0.02484	0.01569	0.02092	0.01176	0.00654	0.00915	0.00261	0.01307	0.00915	0.00392	0.01046
169	0.03479	0.01320	0.01799	0.01380	0.01979	0.01140	0.01140	0.03779	0.02219	0.68451	0.03059	0.02639	0.01919	0.00960	0.00780	0.00240	0.00660	0.00780	0.00960	0.01320
170	0.01093	0.00736	0.00932	0.01033	0.01148	0.00671	0.00711	0.01249	0.01582	0.05694	0.06839	0.52374	0.15500	0.05217	0.01088	0.00318	0.00462	0.01957	0.00727	0.00669
171	0.01084	0.00790	0.01008	0.00955	0.01136	0.00726	0.00709	0.01421	0.02116	0.02961	0.60028	0.05894	0.11899	0.04627	0.01043	0.00267	0.00384	0.01409	0.00827	0.00714
172	0.01445	0.00723	0.00723	0.00723	0.00903	0.00723	0.00542	0.01807	0.01626	0.02891	0.02529	0.02891	0.01987	0.00903	0.00542	0.00181	0.00361	0.00723	0.77055	0.00723
173	0.02639	0.01112	0.01511	0.01293	0.01712	0.00979	0.01020	0.02893	0.01985	0.46115	0.03460	0.23420	0.02971	0.01442	0.00854	0.00267	0.00600	0.03757	0.00879	0.01091
174	0.01684	0.01040	0.01290	0.01169	0.01462	0.01005	0.00901	0.06204	0.07915	0.14514	0.31272	0.14280	0.09203	0.01545	0.00886	0.00259	0.00496	0.03150	0.00829	0.00898
175	0.69925	0.01479	0.01213	0.01060	0.01553	0.01673	0.00873	0.02446	0.01419	0.10696	0.01299	0.01413	0.00960	0.00746	0.00513	0.00240	0.00606	0.00460	0.00533	0.00893
176	0.03129	0.01224	0.01635	0.01281	0.01812	0.01071	0.01049	0.03440	0.02144	0.57652	0.05601	0.02798	0.02146	0.00978	0.00756	0.00233	0.00611	0.00798	0.10421	0.01222
177	0.01116	0.00747	0.00849	0.00861	0.00864	0.00744	0.00486	0.01124	0.01151	0.01534	0.02562	0.09458	0.02970	0.68161	0.03753	0.00723	0.00732	0.01198	0.00486	0.00480
178	0.00947	0.00781	0.00832	0.00831	0.01069	0.00666	0.00619	0.01168	0.01822	0.02253	0.17311	0.10520	0.54647	0.01926	0.00920	0.00262	0.00391	0.01628	0.00742	0.00666
179	0.01269	0.00919	0.01260	0.01424	0.01609	0.00929	0.01232	0.01699	0.04573	0.02350	0.04070	0.10477	0.04393	0.02104	0.01056	0.00352	0.00701	0.58133	0.00717	0.00734
180	0.01347	0.00673	0.01010	0.01010	0.01010	0.00673	0.00673	0.01010	0.01010	0.01347	0.01347	0.02357	0.01347	0.02694	0.03030	0.77441	0.00673	0.00673	0.00337	0.00337
181	0.01858	0.01762	0.02992	0.07095	0.61171	0.01776	0.02297	0.02314	0.01758	0.02498	0.01628	0.02370	0.01432	0.00789	0.00788	0.00240	0.00912	0.04737	0.00404	0.01180
182	0.01710	0.07286	0.02504	0.06735	0.02260	0.02384	0.01699	0.01910	0.01243	0.01871	0.01047	0.01686	0.01017	0.01262	0.02262	0.00320	0.60945	0.00659	0.00339	0.00861
183	0.01464	0.01378	0.02326	0.70887	0.05340	0.01723	0.02153	0.01981	0.01550	0.01981	0.01378	0.02067	0.01034	0.00775	0.00775	0.00258	0.01034	0.00689	0.00345	0.00861
184	0.01108	0.00831	0.01246	0.01246	0.01385	0.00969	0.00969	0.01385	0.01246	0.01800	0.02077	0.03046	0.01938	0.05815	0.69678	0.01246	0.02077	0.00831	0.00415	0.00692
185	0.01830	0.02092	0.04575	0.03268	0.04052	0.01961	0.65098	0.02484	0.01830	0.02484	0.01569	0.02092	0.01176	0.00654	0.00915	0.00261	0.01307	0.00915	0.00392	0.01046
186	0.01114	0.00803	0.01060	0.01025	0.01207	0.00749	0.00788	0.01479	0.02150	0.03024	0.60627	0.06112	0.07006	0.01646	0.00931	0.00256	0.00404	0.08052	0.00838	0.00730
187	0.01128	0.00752	0.00846	0.00846	0.00846	0.00752	0.00470	0.01128	0.01128	0.01503	0.02443	0.05074	0.02819	0.72751	0.03946	0.00752	0.00752	0.01128	0.00470	0.00470
188	0.01128	0.00752	0.00846	0.00846	0.00846	0.00752	0.00470	0.01128	0.01128	0.01503	0.02443	0.05074	0.02819	0.72751	0.03946	0.00752	0.00752	0.01128	0.00470	0.00470
189	0.02773	0.01370	0.01722	0.01365	0.01866	0.01308	0.01109	0.16321	0.02517	0.38649	0.18835	0.03258	0.03134	0.01109	0.00812	0.00239	0.00628	0.00917	0.00894	0.01173
190	0.78228	0.01499	0.01140	0.01020	0.01499	0.01739	0.00840	0.02279	0.01320	0.03479	0.01080	0.01260	0.00840	0.00720	0.00480	0.00240	0.00600	0.00420	0.00480	0.00840
191	0.00994	0.00724	0.00943	0.01105	0.01177	0.00690	0.00759	0.01216	0.03877	0.02045	0.04337	0.64745	0.06951	0.02351	0.00984	0.00313	0.00466	0.04943	0.00722	0.00656
192	0.01830	0.02092	0.04575	0.03268	0.04052	0.01961	0.65098	0.02484	0.01830	0.02484	0.01569	0.02092	0.01176	0.00654	0.00915	0.00261	0.01307	0.00915	0.00392	0.01046
193	0.01124	0.00929	0.01098	0.04688	0.04113	0.00866	0.00867	0.04252	0.01848	0.02298	0.08965	0.10349	0.45628	0.01831	0.00917	0.00271	0.00505	0.08028	0.00695	0.00728
194	0.52750	0.01563	0.01475	0.06171	0.01962	0.01757	0.01061	0.11331	0.01777	0.11720	0.01459	0.01575	0.01056	0.00784	0.00580	0.00240	0.00674	0.00523	0.00572	0.00969

[dist]
# distance from previous block
# <min> <max>
5	13

# created by:
# /st0/software/busco_prod/Augustus/scripts/msa2prfl.pl ./align_prep/111022.fa
