[name]
unknown

[dist]
# distance from previous block
# <min> <max>
0	60

[block]
# block no. 0 follows, 26 sequences, length 59
# corresponding to MSA columns:
# 92-150
name=unknown_A
#
# <colnr> <probs for GDERKNQSTAVLIFYWHMCP>
#	G	D	E	R	K	N	Q	S	T	A	V	L	I	F	Y	W	H	M	C	P
0	0.01155	0.00799	0.00999	0.00965	0.01150	0.00736	0.00724	0.01437	0.01910	0.05231	0.41399	0.05994	0.16133	0.10673	0.01277	0.00314	0.00453	0.07199	0.00758	0.00692
1	0.02495	0.01786	0.01992	0.01500	0.02127	0.01787	0.01229	0.38725	0.02768	0.10117	0.01774	0.01810	0.01290	0.00797	0.00693	0.00190	0.00726	0.00612	0.00673	0.26909
2	0.01877	0.01802	0.03079	0.04656	0.68612	0.01802	0.02328	0.02328	0.01727	0.02478	0.01427	0.01877	0.01201	0.00676	0.00751	0.00225	0.00901	0.00676	0.00375	0.01201
3	0.01573	0.01348	0.01573	0.01123	0.01798	0.01011	0.00899	0.01910	0.01573	0.02472	0.01348	0.01573	0.01123	0.00562	0.00562	0.00112	0.00562	0.00449	0.00449	0.77980
4	0.01095	0.00956	0.03616	0.01323	0.01518	0.00834	0.07283	0.01374	0.01668	0.02268	0.17032	0.42154	0.04864	0.01946	0.00947	0.00291	0.00559	0.08883	0.00686	0.00703
5	0.01201	0.00858	0.01196	0.01360	0.01528	0.00853	0.01173	0.01540	0.01750	0.02290	0.07014	0.11555	0.04527	0.02084	0.01037	0.00342	0.00670	0.57622	0.00705	0.00695
6	0.01521	0.03923	0.69413	0.02162	0.03283	0.01762	0.02802	0.02402	0.01601	0.02402	0.01361	0.01601	0.00961	0.00721	0.00721	0.00240	0.01121	0.00560	0.00320	0.01121
7	0.01857	0.01781	0.03042	0.07717	0.65709	0.01797	0.02318	0.02310	0.01717	0.02453	0.01423	0.01884	0.01193	0.00680	0.00751	0.00227	0.00906	0.00676	0.00374	0.01185
8	0.01432	0.01348	0.02275	0.71520	0.05224	0.01685	0.02107	0.01938	0.01517	0.01938	0.01348	0.02022	0.01011	0.00758	0.00758	0.00253	0.01011	0.00674	0.00337	0.00843
9	0.01432	0.01348	0.02275	0.71520	0.05224	0.01685	0.02107	0.01938	0.01517	0.01938	0.01348	0.02022	0.01011	0.00758	0.00758	0.00253	0.01011	0.00674	0.00337	0.00843
10	0.01432	0.01348	0.02275	0.71520	0.05224	0.01685	0.02107	0.01938	0.01517	0.01938	0.01348	0.02022	0.01011	0.00758	0.00758	0.00253	0.01011	0.00674	0.00337	0.00843
11	0.01718	0.31087	0.43974	0.01826	0.02763	0.02243	0.02218	0.02351	0.01578	0.02162	0.01242	0.01452	0.00966	0.00693	0.00630	0.00210	0.01001	0.00500	0.00322	0.01064
12	0.01432	0.01348	0.02275	0.71520	0.05224	0.01685	0.02107	0.01938	0.01517	0.01938	0.01348	0.02022	0.01011	0.00758	0.00758	0.00253	0.01011	0.00674	0.00337	0.00843
13	0.00896	0.00768	0.00768	0.00768	0.01025	0.00640	0.00576	0.01089	0.01729	0.02049	0.07684	0.07300	0.68304	0.01921	0.00896	0.00256	0.00384	0.01601	0.00704	0.00640
14	0.02833	0.03615	0.02149	0.01954	0.02345	0.70298	0.01466	0.03029	0.02149	0.01856	0.01172	0.01368	0.00977	0.00782	0.00684	0.00195	0.01368	0.00489	0.00391	0.00879
15	0.01994	0.01985	0.02665	0.04909	0.02553	0.08971	0.12633	0.12803	0.01784	0.02431	0.01258	0.01738	0.01070	0.01063	0.01679	0.00285	0.38125	0.00690	0.00418	0.00945
16	0.02880	0.02224	0.02268	0.01759	0.02352	0.06902	0.01443	0.61860	0.03471	0.04585	0.01778	0.01791	0.01269	0.00902	0.00754	0.00225	0.00870	0.00670	0.00734	0.01262
17	0.00924	0.00660	0.00880	0.01056	0.01100	0.00616	0.00704	0.01056	0.01452	0.01936	0.04181	0.72848	0.05017	0.02376	0.00968	0.00308	0.00440	0.02156	0.00704	0.00616
18	0.01521	0.03923	0.69413	0.02162	0.03283	0.01762	0.02802	0.02402	0.01601	0.02402	0.01361	0.01601	0.00961	0.00721	0.00721	0.00240	0.01121	0.00560	0.00320	0.01121
19	0.01929	0.01580	0.01678	0.01504	0.01929	0.01810	0.01171	0.03930	0.62127	0.05776	0.03060	0.02820	0.02284	0.01020	0.00762	0.00253	0.00593	0.00848	0.03741	0.01185
20	0.00924	0.00660	0.00880	0.01056	0.01100	0.00616	0.00704	0.01056	0.01452	0.01936	0.04181	0.72848	0.05017	0.02376	0.00968	0.00308	0.00440	0.02156	0.00704	0.00616
21	0.01432	0.01348	0.02275	0.71520	0.05224	0.01685	0.02107	0.01938	0.01517	0.01938	0.01348	0.02022	0.01011	0.00758	0.00758	0.00253	0.01011	0.00674	0.00337	0.00843
22	0.00959	0.00692	0.00911	0.01050	0.01129	0.00645	0.00731	0.01134	0.01568	0.02095	0.12057	0.57485	0.08480	0.02237	0.00960	0.00300	0.00443	0.05771	0.00720	0.00634
23	0.00924	0.00660	0.00880	0.01056	0.01100	0.00616	0.00704	0.01056	0.01452	0.01936	0.04181	0.72848	0.05017	0.02376	0.00968	0.00308	0.00440	0.02156	0.00704	0.00616
24	0.01088	0.00777	0.01069	0.01244	0.01360	0.00758	0.00990	0.01340	0.01614	0.02120	0.04090	0.37408	0.04658	0.02221	0.01012	0.00331	0.00582	0.35975	0.00701	0.00661
25	0.01208	0.00779	0.01015	0.01112	0.01224	0.00738	0.00771	0.04400	0.01609	0.07204	0.03976	0.64052	0.04597	0.02196	0.00942	0.00299	0.00475	0.01979	0.00725	0.00700
26	0.01542	0.03799	0.65507	0.02309	0.07130	0.01764	0.02775	0.02398	0.01609	0.02407	0.01365	0.01618	0.00975	0.00718	0.00722	0.00239	0.01108	0.00567	0.00324	0.01126
27	0.02750	0.03085	0.02283	0.01953	0.02396	0.47217	0.04059	0.18927	0.02449	0.02619	0.01343	0.01523	0.01064	0.00834	0.00794	0.00212	0.04461	0.00562	0.00481	0.00987
28	0.01816	0.01548	0.01647	0.01500	0.01895	0.01780	0.01164	0.03766	0.60799	0.03044	0.03095	0.03206	0.02434	0.04787	0.00943	0.00286	0.00612	0.03788	0.00752	0.01139
29	0.06475	0.10109	0.02666	0.06995	0.08065	0.11877	0.11933	0.05776	0.01704	0.02339	0.01368	0.01770	0.01131	0.00863	0.01072	0.00240	0.16238	0.00639	0.07811	0.00930
30	0.02538	0.18994	0.02492	0.01759	0.02190	0.50728	0.01394	0.02749	0.01952	0.01834	0.01204	0.01442	0.01038	0.01081	0.05304	0.00257	0.01289	0.00492	0.00377	0.00887
31	0.01543	0.09431	0.59498	0.02040	0.03059	0.01803	0.02574	0.02336	0.01606	0.02343	0.01514	0.02036	0.01190	0.00807	0.00723	0.00241	0.01067	0.04763	0.00346	0.01081
32	0.01919	0.01900	0.02975	0.07903	0.60924	0.06383	0.02259	0.02355	0.01745	0.02409	0.01406	0.01851	0.01177	0.00687	0.00747	0.00225	0.00938	0.00663	0.00375	0.01161
33	0.00924	0.00660	0.00880	0.01056	0.01100	0.00616	0.00704	0.01056	0.01452	0.01936	0.04181	0.72848	0.05017	0.02376	0.00968	0.00308	0.00440	0.02156	0.00704	0.00616
34	0.01860	0.01853	0.02908	0.15665	0.46944	0.06355	0.05929	0.02382	0.04320	0.02369	0.01469	0.01916	0.01195	0.00709	0.00757	0.00231	0.00961	0.00683	0.00386	0.01108
35	0.02836	0.03543	0.02156	0.01944	0.02345	0.67015	0.01464	0.06076	0.02218	0.01998	0.01204	0.01390	0.00992	0.00788	0.00688	0.00197	0.01342	0.00498	0.00409	0.00899
36	0.01573	0.01348	0.01573	0.01123	0.01798	0.01011	0.00899	0.01910	0.01573	0.02472	0.01348	0.01573	0.01123	0.00562	0.00562	0.00112	0.00562	0.00449	0.00449	0.77980
37	0.01877	0.01802	0.03079	0.04656	0.68612	0.01802	0.02328	0.02328	0.01727	0.02478	0.01427	0.01877	0.01201	0.00676	0.00751	0.00225	0.00901	0.00676	0.00375	0.01201
38	0.01250	0.00814	0.01070	0.00984	0.01194	0.00746	0.00746	0.01602	0.02149	0.08034	0.63285	0.05433	0.06758	0.01504	0.00885	0.00238	0.00380	0.01326	0.00843	0.00759
39	0.06066	0.03779	0.65391	0.02093	0.03176	0.01758	0.02686	0.02392	0.01583	0.02461	0.01343	0.01580	0.00953	0.00720	0.00706	0.00240	0.01090	0.00552	0.00329	0.01103
40	0.01860	0.01785	0.03048	0.07182	0.66217	0.01798	0.02319	0.02313	0.01719	0.02458	0.01424	0.01883	0.01194	0.00679	0.00751	0.00226	0.00905	0.00676	0.00374	0.01188
41	0.03403	0.01291	0.01760	0.01350	0.01936	0.01115	0.01115	0.03697	0.02171	0.69137	0.02992	0.02582	0.01878	0.00939	0.00763	0.00235	0.00645	0.00763	0.00939	0.01291
42	0.01521	0.03923	0.69413	0.02162	0.03283	0.01762	0.02802	0.02402	0.01601	0.02402	0.01361	0.01601	0.00961	0.00721	0.00721	0.00240	0.01121	0.00560	0.00320	0.01121
43	0.00896	0.00768	0.00768	0.00768	0.01025	0.00640	0.00576	0.01089	0.01729	0.02049	0.07684	0.07300	0.68304	0.01921	0.00896	0.00256	0.00384	0.01601	0.00704	0.00640
44	0.00924	0.00660	0.00880	0.01056	0.01100	0.00616	0.00704	0.01056	0.01452	0.01936	0.04181	0.72848	0.05017	0.02376	0.00968	0.00308	0.00440	0.02156	0.00704	0.00616
45	0.01521	0.03923	0.69413	0.02162	0.03283	0.01762	0.02802	0.02402	0.01601	0.02402	0.01361	0.01601	0.00961	0.00721	0.00721	0.00240	0.01121	0.00560	0.00320	0.01121
46	0.02830	0.02073	0.02219	0.01708	0.02299	0.02293	0.01409	0.63749	0.03495	0.04710	0.01845	0.01858	0.01314	0.00910	0.00750	0.00226	0.00817	0.00684	0.03545	0.01269
47	0.01187	0.00800	0.01050	0.00974	0.01172	0.00735	0.00735	0.01542	0.02148	0.06263	0.65032	0.05516	0.06900	0.01521	0.00888	0.00238	0.00372	0.01342	0.00840	0.00744
48	0.01062	0.00775	0.00997	0.00942	0.01126	0.00711	0.00706	0.01408	0.02119	0.02975	0.64158	0.05775	0.11252	0.01575	0.00895	0.00240	0.00360	0.01387	0.00826	0.00711
49	0.01967	0.10575	0.17685	0.04813	0.02678	0.19282	0.07863	0.02367	0.01623	0.02019	0.01193	0.01575	0.00996	0.00893	0.01203	0.00248	0.21141	0.00590	0.00348	0.00942
50	0.01103	0.00735	0.00827	0.00827	0.00827	0.00735	0.00460	0.01103	0.01103	0.01471	0.02390	0.04964	0.02758	0.73343	0.03861	0.00735	0.00735	0.01103	0.00460	0.00460
51	0.00924	0.00660	0.00880	0.01056	0.01100	0.00616	0.00704	0.01056	0.01452	0.01936	0.04181	0.72848	0.05017	0.02376	0.00968	0.00308	0.00440	0.02156	0.00704	0.00616
52	0.01785	0.01713	0.02963	0.22859	0.42231	0.01802	0.08449	0.04690	0.01746	0.02413	0.01431	0.01932	0.01147	0.00704	0.00767	0.00236	0.00966	0.00697	0.00380	0.01088
53	0.06201	0.01452	0.01731	0.04268	0.02061	0.01518	0.01219	0.10959	0.21758	0.27194	0.02847	0.03227	0.02164	0.01089	0.00786	0.00256	0.00673	0.08657	0.00789	0.01148
54	0.06788	0.16632	0.46556	0.06039	0.03047	0.01990	0.04363	0.02340	0.01570	0.02327	0.01288	0.01544	0.00963	0.00706	0.00668	0.00226	0.01026	0.00539	0.00334	0.01054
55	0.01710	0.01769	0.03050	0.08163	0.24036	0.05889	0.24418	0.02179	0.01769	0.02356	0.05412	0.06128	0.04917	0.00926	0.00837	0.00248	0.00988	0.03769	0.00446	0.00990
56	0.10089	0.12088	0.27049	0.04115	0.07687	0.01877	0.09178	0.06079	0.01741	0.04667	0.03968	0.01793	0.01283	0.00740	0.00688	0.00223	0.00932	0.00613	0.00420	0.04770
57	0.08446	0.04290	0.07534	0.07266	0.02076	0.01364	0.03339	0.08138	0.01901	0.05963	0.16742	0.10789	0.03354	0.01342	0.00890	0.00265	0.03511	0.11297	0.00624	0.00867
58	0.13494	0.07813	0.15575	0.14904	0.14702	0.01683	0.03846	0.02138	0.01542	0.04597	0.01573	0.05382	0.01350	0.00950	0.00836	0.04814	0.00870	0.02574	0.00410	0.00945

[dist]
# distance from previous block
# <min> <max>
9	43

[block]
# block no. 1 follows, 26 sequences, length 31
# corresponding to MSA columns:
# 196-226
name=unknown_B
#
# <colnr> <probs for GDERKNQSTAVLIFYWHMCP>
#	G	D	E	R	K	N	Q	S	T	A	V	L	I	F	Y	W	H	M	C	P
0	0.01701	0.01831	0.08307	0.18630	0.08373	0.03877	0.05894	0.06207	0.01614	0.02279	0.01394	0.03572	0.01181	0.00943	0.01244	0.00256	0.21545	0.00688	0.02679	0.07784
1	0.01670	0.01813	0.06784	0.14619	0.07412	0.01771	0.28575	0.04531	0.07513	0.02391	0.01808	0.02269	0.02969	0.01251	0.07437	0.00346	0.04621	0.00813	0.00427	0.00981
2	0.01763	0.02017	0.07559	0.04386	0.03067	0.05541	0.31904	0.04104	0.01682	0.02322	0.01463	0.03531	0.01208	0.00948	0.02916	0.00273	0.13667	0.00770	0.00397	0.10481
3	0.02458	0.13888	0.08363	0.01735	0.02270	0.21835	0.01514	0.18350	0.06398	0.07108	0.01659	0.01914	0.01314	0.00889	0.00798	0.00221	0.04922	0.02775	0.00532	0.01055
4	0.01199	0.05571	0.01485	0.01282	0.01433	0.01201	0.01019	0.01448	0.01230	0.01758	0.01885	0.02816	0.01784	0.07463	0.57022	0.01050	0.08472	0.00783	0.00396	0.00702
5	0.01713	0.06435	0.05215	0.33861	0.03682	0.03703	0.05847	0.07369	0.01631	0.02183	0.01282	0.01825	0.01034	0.00907	0.01207	0.00264	0.19900	0.00659	0.00374	0.00908
6	0.01829	0.42094	0.15409	0.08155	0.04493	0.05695	0.01637	0.02228	0.01639	0.02048	0.07115	0.01785	0.01531	0.00760	0.00609	0.00195	0.00876	0.00557	0.00375	0.00968
7	0.71443	0.01396	0.01077	0.00970	0.01412	0.01608	0.00794	0.02186	0.01319	0.03349	0.01189	0.01382	0.00927	0.00721	0.00475	0.00229	0.00565	0.00439	0.07709	0.00811
8	0.01194	0.00891	0.01233	0.05901	0.01740	0.00896	0.01197	0.01533	0.01729	0.02220	0.04314	0.07967	0.12387	0.01985	0.01009	0.00331	0.00678	0.51419	0.00676	0.00700
9	0.01473	0.01334	0.02211	0.58956	0.10792	0.01609	0.01987	0.01959	0.01543	0.02068	0.01455	0.02080	0.01112	0.00762	0.00737	0.00243	0.00942	0.00677	0.07194	0.00864
10	0.02456	0.01954	0.02286	0.01807	0.02370	0.02160	0.07079	0.39887	0.24493	0.04039	0.02215	0.02175	0.01617	0.00926	0.00775	0.00240	0.00796	0.00760	0.00730	0.01237
11	0.01414	0.00707	0.00707	0.00707	0.00884	0.00707	0.00530	0.01767	0.01591	0.02828	0.02474	0.02828	0.01944	0.00884	0.00530	0.00177	0.00353	0.00707	0.77554	0.00707
12	0.00924	0.00660	0.00880	0.01056	0.01100	0.00616	0.00704	0.01056	0.01452	0.01936	0.04181	0.72848	0.05017	0.02376	0.00968	0.00308	0.00440	0.02156	0.00704	0.00616
13	0.01006	0.00735	0.01058	0.03925	0.01345	0.00705	0.02846	0.01130	0.01433	0.01901	0.03834	0.59505	0.06314	0.02265	0.01132	0.07192	0.00508	0.01907	0.00646	0.00614
14	0.01535	0.01453	0.02380	0.52925	0.14292	0.01766	0.02068	0.02059	0.03805	0.02052	0.01389	0.01997	0.01084	0.00806	0.00911	0.00256	0.07277	0.00680	0.00357	0.00908
15	0.01051	0.00774	0.00982	0.00930	0.01119	0.00706	0.00698	0.01387	0.02093	0.02913	0.60371	0.05878	0.15077	0.01599	0.00895	0.00241	0.00361	0.01401	0.00818	0.00706
16	0.19014	0.01944	0.01986	0.10623	0.02511	0.06202	0.01382	0.36733	0.06255	0.03849	0.01626	0.01749	0.01191	0.00845	0.00692	0.00232	0.00823	0.00621	0.00620	0.01101
17	0.01923	0.06753	0.02615	0.18711	0.03078	0.16423	0.09709	0.04762	0.01656	0.02048	0.01255	0.01753	0.01054	0.01069	0.03475	0.00288	0.21518	0.00647	0.00371	0.00890
18	0.01103	0.00735	0.00827	0.00827	0.00827	0.00735	0.00460	0.01103	0.01103	0.01471	0.02390	0.04964	0.02758	0.73343	0.03861	0.00735	0.00735	0.01103	0.00460	0.00460
19	0.00907	0.00764	0.00786	0.00790	0.01033	0.00643	0.00589	0.01105	0.01740	0.02097	0.10735	0.09845	0.62539	0.01920	0.00899	0.00257	0.00385	0.01611	0.00711	0.00643
20	0.02971	0.01536	0.01858	0.01473	0.02030	0.01537	0.01201	0.16716	0.16374	0.41676	0.02770	0.02477	0.01849	0.00952	0.00764	0.00238	0.00675	0.00766	0.00866	0.01271
21	0.04875	0.01995	0.02007	0.01648	0.02129	0.08448	0.01322	0.38655	0.12382	0.06002	0.02138	0.08231	0.01735	0.01057	0.00833	0.00241	0.03642	0.00815	0.00701	0.01146
22	0.06106	0.06359	0.02952	0.10517	0.54659	0.01863	0.02157	0.02282	0.01671	0.02434	0.01375	0.01813	0.01148	0.00683	0.00719	0.00224	0.00888	0.00644	0.00374	0.01132
23	0.04544	0.02298	0.06434	0.05141	0.02443	0.11906	0.01498	0.42054	0.05516	0.03811	0.01837	0.05716	0.01446	0.00953	0.00750	0.00231	0.00900	0.00728	0.00647	0.01145
24	0.01744	0.05291	0.03363	0.18656	0.03668	0.01971	0.31943	0.06258	0.01721	0.02327	0.01478	0.03935	0.01204	0.00841	0.01084	0.00262	0.12100	0.00806	0.00395	0.00954
25	0.09566	0.09754	0.40129	0.02109	0.08932	0.01892	0.02188	0.05622	0.05983	0.04844	0.01497	0.01677	0.01106	0.00745	0.00683	0.00231	0.00953	0.00574	0.00412	0.01103
26	0.05382	0.01311	0.03945	0.01336	0.01615	0.01311	0.01052	0.16487	0.01922	0.04671	0.02793	0.33748	0.02994	0.05997	0.01170	0.00299	0.06942	0.01338	0.00636	0.05052
27	0.17141	0.06311	0.30736	0.01632	0.02316	0.06008	0.01772	0.04526	0.01669	0.02608	0.05434	0.08871	0.01894	0.01016	0.00711	0.00245	0.00868	0.04833	0.00461	0.00946
28	0.16201	0.06265	0.17194	0.10844	0.02913	0.01717	0.14922	0.02368	0.04853	0.06299	0.07773	0.02152	0.01680	0.00806	0.00722	0.00240	0.00897	0.00709	0.00469	0.00975
29	0.13812	0.11842	0.04129	0.01416	0.01955	0.03366	0.03722	0.10072	0.13240	0.06381	0.01963	0.08112	0.01661	0.00913	0.00665	0.00213	0.00698	0.00726	0.00568	0.14546
30	0.08356	0.03990	0.04142	0.01636	0.05224	0.04913	0.02855	0.19598	0.02235	0.11451	0.04239	0.09161	0.02142	0.01116	0.00763	0.00237	0.00748	0.08159	0.00644	0.08389

[dist]
# distance from previous block
# <min> <max>
42	113

[block]
# block no. 2 follows, 26 sequences, length 12
# corresponding to MSA columns:
# 367-378
name=unknown_C
#
# <colnr> <probs for GDERKNQSTAVLIFYWHMCP>
#	G	D	E	R	K	N	Q	S	T	A	V	L	I	F	Y	W	H	M	C	P
0	0.02005	0.01600	0.05499	0.01466	0.01963	0.01500	0.04424	0.20006	0.03747	0.08264	0.07373	0.02434	0.01922	0.03738	0.03931	0.00271	0.04363	0.00731	0.08612	0.16153
1	0.08757	0.01110	0.01417	0.01368	0.04922	0.01055	0.00997	0.02392	0.05788	0.24981	0.09974	0.22184	0.03272	0.01403	0.00811	0.00256	0.00563	0.03887	0.00753	0.04112
2	0.01794	0.02241	0.19253	0.01779	0.02287	0.08139	0.03609	0.06860	0.05360	0.05798	0.02277	0.06572	0.04450	0.01194	0.01087	0.00267	0.12735	0.10022	0.00513	0.03763
3	0.01813	0.01467	0.01580	0.03098	0.01785	0.04893	0.01077	0.22606	0.04383	0.03052	0.10071	0.10983	0.12297	0.05362	0.01057	0.00271	0.03754	0.03336	0.00665	0.06451
4	0.12522	0.01583	0.01561	0.01358	0.01751	0.07891	0.01060	0.14380	0.09360	0.06642	0.02427	0.15396	0.04033	0.01306	0.02825	0.00264	0.02994	0.00935	0.02635	0.09074
5	0.01966	0.42066	0.07387	0.14676	0.02759	0.02457	0.04492	0.05613	0.05269	0.04869	0.01380	0.01604	0.01114	0.00719	0.00611	0.00200	0.00872	0.00541	0.00401	0.01002
6	0.02142	0.01484	0.04733	0.01298	0.01897	0.01226	0.01091	0.08359	0.06829	0.20553	0.02419	0.05046	0.05243	0.00882	0.00691	0.00188	0.00623	0.00720	0.00651	0.33926
7	0.01091	0.00786	0.01044	0.01044	0.01213	0.00738	0.00810	0.01432	0.02024	0.02821	0.51777	0.10792	0.06486	0.01709	0.00928	0.00264	0.00427	0.13105	0.00800	0.00706
8	0.01244	0.00659	0.00968	0.01001	0.01009	0.00651	0.00667	0.01001	0.01075	0.01434	0.01856	0.15566	0.02013	0.02586	0.02589	0.63341	0.00618	0.00940	0.00400	0.00383
9	0.01337	0.01219	0.02013	0.58275	0.04449	0.01484	0.01843	0.01772	0.01505	0.01938	0.01881	0.15335	0.01764	0.01062	0.00798	0.00263	0.00904	0.00953	0.00406	0.00800
10	0.01589	0.01407	0.01714	0.01287	0.01834	0.01258	0.01042	0.01894	0.01496	0.02350	0.01282	0.01589	0.01099	0.00706	0.00924	0.00154	0.13982	0.00490	0.00427	0.63478
11	0.01318	0.00659	0.00988	0.00988	0.00988	0.00659	0.00659	0.00988	0.00988	0.01318	0.01318	0.02306	0.01318	0.02635	0.02964	0.77931	0.00659	0.00659	0.00329	0.00329

[dist]
# distance from previous block
# <min> <max>
0	332

# created by:
# /st0/software/busco_prod/Augustus/scripts/msa2prfl.pl ./align_prep/111238.fa
