[name]
unknown

[dist]
# distance from previous block
# <min> <max>
0	88

[block]
# block no. 0 follows, 26 sequences, length 28
# corresponding to MSA columns:
# 88-115
name=unknown_A
#
# <colnr> <probs for GDERKNQSTAVLIFYWHMCP>
#	G	D	E	R	K	N	Q	S	T	A	V	L	I	F	Y	W	H	M	C	P
0	0.09658	0.02023	0.12703	0.07162	0.02525	0.01782	0.03987	0.26482	0.02406	0.13604	0.01939	0.02222	0.01427	0.00893	0.00731	0.00237	0.00826	0.03412	0.04866	0.01115
1	0.13401	0.01542	0.01853	0.03751	0.02097	0.01587	0.03677	0.20039	0.06013	0.28714	0.02340	0.05509	0.01691	0.00952	0.00728	0.00237	0.00703	0.00764	0.03259	0.01144
2	0.00924	0.00660	0.00880	0.01056	0.01100	0.00616	0.00704	0.01056	0.01452	0.01936	0.04181	0.72848	0.05017	0.02376	0.00968	0.00308	0.00440	0.02156	0.00704	0.00616
3	0.01101	0.00744	0.00870	0.00870	0.00885	0.00759	0.00513	0.01131	0.01116	0.01502	0.02351	0.04747	0.02663	0.65941	0.11134	0.00788	0.00877	0.01071	0.00454	0.00483
4	0.06229	0.06572	0.04651	0.03780	0.02096	0.06947	0.01276	0.16645	0.17081	0.13576	0.11012	0.02577	0.02309	0.00977	0.00740	0.00232	0.00731	0.00775	0.00697	0.01095
5	0.01414	0.00707	0.00707	0.00707	0.00884	0.00707	0.00530	0.01767	0.01591	0.02828	0.02474	0.02828	0.01944	0.00884	0.00530	0.00177	0.00353	0.00707	0.77554	0.00707
6	0.10987	0.03342	0.52709	0.02057	0.05430	0.01740	0.02407	0.04573	0.01666	0.06278	0.01432	0.01629	0.01015	0.00735	0.00695	0.00238	0.01013	0.00562	0.00389	0.01103
7	0.01827	0.42465	0.25915	0.01747	0.02537	0.02483	0.06282	0.02308	0.01563	0.02038	0.01188	0.01421	0.00982	0.00700	0.00674	0.00202	0.03817	0.00502	0.00327	0.01021
8	0.01793	0.01341	0.01595	0.01151	0.01814	0.01024	0.00925	0.02125	0.01645	0.10508	0.01546	0.01694	0.01214	0.00607	0.00586	0.00127	0.00572	0.00487	0.00508	0.68736
9	0.03118	0.01564	0.05309	0.01550	0.04341	0.03302	0.01271	0.05750	0.06482	0.54821	0.02766	0.02461	0.01789	0.00919	0.00758	0.00235	0.00704	0.00745	0.00854	0.01261
10	0.01608	0.01249	0.01420	0.01281	0.01603	0.01346	0.00987	0.07078	0.30615	0.04909	0.30443	0.07273	0.04398	0.01302	0.00832	0.00249	0.00508	0.01121	0.00799	0.00977
11	0.01318	0.00659	0.00988	0.00988	0.00988	0.00659	0.00659	0.00988	0.00988	0.01318	0.01318	0.02306	0.01318	0.02635	0.02964	0.77931	0.00659	0.00659	0.00329	0.00329
12	0.01494	0.01394	0.02258	0.62042	0.07699	0.01709	0.02031	0.02151	0.07675	0.02077	0.01514	0.02091	0.01142	0.00780	0.00759	0.00252	0.00968	0.00691	0.00379	0.00892
13	0.15284	0.01549	0.02056	0.17118	0.16858	0.01689	0.01562	0.09061	0.09640	0.12713	0.01848	0.02039	0.01360	0.00810	0.00702	0.00237	0.00773	0.00666	0.02969	0.01066
14	0.01128	0.00788	0.01002	0.00966	0.01161	0.00717	0.00728	0.01439	0.02011	0.05269	0.48775	0.11532	0.15947	0.01673	0.00902	0.00251	0.00392	0.03799	0.00803	0.00717
15	0.01209	0.01095	0.04146	0.01377	0.01510	0.01225	0.01119	0.01456	0.01230	0.01792	0.01960	0.07414	0.01940	0.08931	0.44644	0.00906	0.16047	0.00881	0.00411	0.00708
16	0.24625	0.17103	0.15766	0.01852	0.08791	0.04952	0.05101	0.02478	0.01603	0.09361	0.01382	0.01555	0.01051	0.00717	0.00614	0.00219	0.00849	0.00532	0.00440	0.01012
17	0.02022	0.01891	0.02947	0.09729	0.46419	0.04224	0.06348	0.12174	0.02012	0.02763	0.01479	0.01875	0.01188	0.00720	0.00760	0.00229	0.00941	0.00685	0.00432	0.01162
18	0.01084	0.00813	0.01219	0.01219	0.01354	0.00948	0.00948	0.01354	0.01219	0.01761	0.02032	0.02980	0.01896	0.05689	0.70337	0.01219	0.02032	0.00813	0.00406	0.00677
19	0.01318	0.00659	0.00988	0.00988	0.00988	0.00659	0.00659	0.00988	0.00988	0.01318	0.01318	0.02306	0.01318	0.02635	0.02964	0.77931	0.00659	0.00659	0.00329	0.00329
20	0.02092	0.39421	0.15222	0.04856	0.02375	0.04740	0.01594	0.05014	0.07145	0.08779	0.01517	0.01621	0.01185	0.00742	0.00610	0.00199	0.00863	0.00532	0.00441	0.01053
21	0.01064	0.00775	0.01000	0.00944	0.01127	0.00712	0.00708	0.01413	0.02124	0.02987	0.64901	0.05755	0.10502	0.01571	0.00895	0.00240	0.00359	0.01384	0.00828	0.00712
22	0.01063	0.00767	0.01005	0.00961	0.01131	0.00709	0.00715	0.01405	0.02099	0.02965	0.63783	0.10312	0.07009	0.01608	0.00900	0.00243	0.00364	0.01426	0.00826	0.00709
23	0.06631	0.03761	0.64892	0.02085	0.03163	0.01758	0.02671	0.02391	0.01581	0.02468	0.01341	0.01577	0.00952	0.00720	0.00704	0.00240	0.01086	0.00551	0.00330	0.01101
24	0.02880	0.01236	0.01631	0.01320	0.01809	0.01119	0.01061	0.06672	0.04142	0.51323	0.05569	0.12854	0.02514	0.01172	0.00798	0.00246	0.00614	0.00986	0.00886	0.01168
25	0.01820	0.01744	0.02949	0.12759	0.55469	0.01795	0.04056	0.02370	0.05069	0.02445	0.01505	0.01949	0.01234	0.00703	0.00757	0.00231	0.00910	0.00691	0.00391	0.01152
26	0.02879	0.01698	0.01973	0.01552	0.02108	0.01762	0.01281	0.36138	0.05135	0.27255	0.04666	0.02627	0.01903	0.01012	0.00781	0.00238	0.00736	0.04199	0.00822	0.01235
27	0.02150	0.01511	0.02304	0.07528	0.27771	0.01509	0.03872	0.04797	0.08130	0.19343	0.02537	0.04834	0.05398	0.00973	0.00790	0.00244	0.00775	0.03801	0.00609	0.01124

[dist]
# distance from previous block
# <min> <max>
2	7

[block]
# block no. 1 follows, 26 sequences, length 9
# corresponding to MSA columns:
# 123-131
name=unknown_B
#
# <colnr> <probs for GDERKNQSTAVLIFYWHMCP>
#	G	D	E	R	K	N	Q	S	T	A	V	L	I	F	Y	W	H	M	C	P
0	0.02128	0.01626	0.02060	0.01772	0.08096	0.01564	0.04214	0.16696	0.08053	0.10069	0.01788	0.01902	0.01352	0.00765	0.00751	0.00189	0.03374	0.00621	0.00585	0.32395
1	0.63574	0.01481	0.01397	0.04823	0.01827	0.01650	0.04369	0.02196	0.01355	0.03190	0.01123	0.01348	0.00876	0.00691	0.00516	0.00226	0.00644	0.00454	0.00456	0.07806
2	0.01964	0.01967	0.02994	0.04410	0.62594	0.08022	0.02250	0.02392	0.01765	0.02422	0.01404	0.01831	0.01181	0.00685	0.00745	0.00223	0.00943	0.00659	0.00377	0.01172
3	0.00924	0.00660	0.00880	0.01056	0.01100	0.00616	0.00704	0.01056	0.01452	0.01936	0.04181	0.72848	0.05017	0.02376	0.00968	0.00308	0.00440	0.02156	0.00704	0.00616
4	0.00991	0.00660	0.00898	0.01045	0.01081	0.00623	0.00696	0.01045	0.01374	0.01832	0.03697	0.60922	0.04391	0.02420	0.01306	0.13432	0.00477	0.01903	0.00641	0.00568
5	0.02084	0.06917	0.09517	0.02243	0.10951	0.14919	0.10809	0.05541	0.07133	0.07292	0.01912	0.05244	0.03286	0.00876	0.00791	0.00225	0.02935	0.00742	0.00489	0.06095
6	0.01048	0.00829	0.01124	0.01214	0.01251	0.00905	0.00866	0.01186	0.01403	0.01918	0.03642	0.60812	0.04337	0.02199	0.01225	0.00312	0.12531	0.01904	0.00641	0.00652
7	0.01820	0.45184	0.30772	0.01652	0.02494	0.02494	0.01914	0.02325	0.01566	0.02037	0.01180	0.01374	0.00968	0.00678	0.00582	0.00194	0.00938	0.00469	0.00323	0.01034
8	0.01825	0.01718	0.02752	0.12164	0.49729	0.01802	0.02111	0.02569	0.12778	0.02531	0.01698	0.02056	0.01367	0.00745	0.00755	0.00234	0.00863	0.00706	0.00438	0.01158

[dist]
# distance from previous block
# <min> <max>
0	8

[block]
# block no. 2 follows, 26 sequences, length 32
# corresponding to MSA columns:
# 140-171
name=unknown_C
#
# <colnr> <probs for GDERKNQSTAVLIFYWHMCP>
#	G	D	E	R	K	N	Q	S	T	A	V	L	I	F	Y	W	H	M	C	P
0	0.01324	0.00696	0.01057	0.04771	0.01215	0.00714	0.00736	0.01039	0.01016	0.01351	0.01319	0.02290	0.01301	0.02534	0.02846	0.73765	0.00678	0.00660	0.00330	0.00357
1	0.01087	0.00799	0.01148	0.01148	0.01259	0.00910	0.00860	0.01309	0.01198	0.01708	0.02096	0.03338	0.02052	0.17911	0.58328	0.01132	0.01798	0.00865	0.00416	0.00638
2	0.01790	0.02046	0.04476	0.03197	0.03964	0.01918	0.65857	0.02430	0.01790	0.02430	0.01535	0.02046	0.01151	0.00639	0.00895	0.00256	0.01279	0.00895	0.00384	0.01023
3	0.01613	0.10847	0.54259	0.02200	0.05118	0.01905	0.06867	0.02437	0.03572	0.02366	0.01395	0.01637	0.01023	0.00716	0.00711	0.00233	0.01078	0.00580	0.00340	0.01104
4	0.01563	0.09651	0.64050	0.02091	0.03173	0.01863	0.02679	0.02391	0.01596	0.02351	0.01336	0.01570	0.00962	0.00715	0.00701	0.00234	0.01096	0.00548	0.00321	0.01109
5	0.00924	0.00660	0.00880	0.01056	0.01100	0.00616	0.00704	0.01056	0.01452	0.01936	0.04181	0.72848	0.05017	0.02376	0.00968	0.00308	0.00440	0.02156	0.00704	0.00616
6	0.01573	0.01348	0.01573	0.01123	0.01798	0.01011	0.00899	0.01910	0.01573	0.02472	0.01348	0.01573	0.01123	0.00562	0.00562	0.00112	0.00562	0.00449	0.00449	0.77980
7	0.02710	0.01417	0.01860	0.01726	0.08759	0.01376	0.01256	0.09480	0.11526	0.38736	0.08013	0.02940	0.02330	0.01014	0.00784	0.00241	0.00663	0.03146	0.00822	0.01200
8	0.01926	0.01029	0.01459	0.01285	0.01586	0.00967	0.03880	0.02178	0.01829	0.26521	0.13281	0.27437	0.06283	0.01574	0.00960	0.00268	0.04485	0.01370	0.00774	0.00907
9	0.00896	0.00768	0.00768	0.00768	0.01025	0.00640	0.00576	0.01089	0.01729	0.02049	0.07684	0.07300	0.68304	0.01921	0.00896	0.00256	0.00384	0.01601	0.00704	0.00640
10	0.02766	0.01796	0.02016	0.01591	0.02135	0.01917	0.01296	0.44207	0.06268	0.17798	0.02339	0.08399	0.01797	0.01054	0.00779	0.00238	0.00748	0.00840	0.00792	0.01225
11	0.05956	0.04859	0.04820	0.01631	0.02238	0.05629	0.01389	0.40341	0.02911	0.19656	0.01986	0.01922	0.01369	0.00884	0.00732	0.00226	0.00818	0.00665	0.00736	0.01231
12	0.01432	0.01348	0.02275	0.71520	0.05224	0.01685	0.02107	0.01938	0.01517	0.01938	0.01348	0.02022	0.01011	0.00758	0.00758	0.00253	0.01011	0.00674	0.00337	0.00843
13	0.01951	0.01444	0.01729	0.01314	0.01905	0.01286	0.02883	0.08731	0.10672	0.10942	0.01892	0.02084	0.01481	0.04558	0.00818	0.00195	0.00634	0.00614	0.00582	0.44284
14	0.01717	0.31510	0.31062	0.01847	0.02664	0.02210	0.08534	0.02269	0.01566	0.02106	0.01309	0.01603	0.01060	0.01079	0.06186	0.00288	0.01085	0.00553	0.00335	0.01016
15	0.01679	0.01582	0.02603	0.28432	0.37474	0.01663	0.02073	0.02135	0.01632	0.02282	0.01389	0.01892	0.01123	0.00692	0.00730	0.00221	0.00899	0.00647	0.00371	0.10480
16	0.01629	0.01414	0.01854	0.01609	0.01707	0.01810	0.01281	0.10127	0.01475	0.02132	0.01538	0.02563	0.01530	0.17449	0.11058	0.00517	0.38310	0.00780	0.00426	0.00791
17	0.00984	0.00735	0.00914	0.00947	0.01098	0.00665	0.00681	0.01229	0.01820	0.02449	0.33214	0.28607	0.20055	0.01911	0.00920	0.00266	0.00391	0.01686	0.00762	0.00665
18	0.01923	0.01668	0.01857	0.01623	0.02074	0.01907	0.03991	0.06504	0.61817	0.03207	0.02969	0.02755	0.02223	0.01007	0.00777	0.00256	0.00639	0.00852	0.00755	0.01197
19	0.01424	0.01350	0.02185	0.05694	0.02201	0.01597	0.13077	0.01696	0.01401	0.02013	0.02148	0.22805	0.02280	0.01618	0.04020	0.00332	0.28645	0.01153	0.03569	0.00792
20	0.02402	0.05631	0.01987	0.01451	0.02012	0.01740	0.01189	0.29942	0.06912	0.13403	0.05556	0.05176	0.01865	0.00934	0.00722	0.00208	0.00692	0.00744	0.00702	0.16733
21	0.01521	0.03923	0.69413	0.02162	0.03283	0.01762	0.02802	0.02402	0.01601	0.02402	0.01361	0.01601	0.00961	0.00721	0.00721	0.00240	0.01121	0.00560	0.00320	0.01121
22	0.00931	0.00665	0.00886	0.01052	0.01102	0.00620	0.00705	0.01072	0.01482	0.01983	0.06913	0.69981	0.05108	0.02341	0.00965	0.00305	0.00437	0.02123	0.00710	0.00620
23	0.01242	0.00941	0.01273	0.01353	0.07583	0.00904	0.00908	0.05066	0.02153	0.03032	0.55180	0.08294	0.06168	0.01472	0.00877	0.00240	0.00439	0.01305	0.00781	0.00789
24	0.01866	0.01824	0.02873	0.08823	0.57033	0.05593	0.02205	0.02300	0.01738	0.02396	0.01546	0.02217	0.01346	0.00763	0.00764	0.00232	0.00924	0.04035	0.00391	0.01132
25	0.00934	0.00681	0.00880	0.01017	0.01095	0.00627	0.00692	0.01091	0.01541	0.02042	0.09987	0.60189	0.11915	0.02258	0.00954	0.00297	0.00427	0.02031	0.00715	0.00627
26	0.01222	0.00873	0.01222	0.01397	0.01572	0.00873	0.01222	0.01572	0.01746	0.02270	0.04016	0.08556	0.04365	0.02095	0.01048	0.00349	0.00698	0.63506	0.00698	0.00698
27	0.01639	0.03690	0.62645	0.02164	0.03238	0.01732	0.05589	0.02476	0.01642	0.06152	0.01461	0.01677	0.01021	0.00729	0.00731	0.00241	0.01101	0.00587	0.00358	0.01126
28	0.01318	0.00659	0.00988	0.00988	0.00988	0.00659	0.00659	0.00988	0.00988	0.01318	0.01318	0.02306	0.01318	0.02635	0.02964	0.77931	0.00659	0.00659	0.00329	0.00329
29	0.01877	0.01802	0.03079	0.04656	0.68612	0.01802	0.02328	0.02328	0.01727	0.02478	0.01427	0.01877	0.01201	0.00676	0.00751	0.00225	0.00901	0.00676	0.00375	0.01201
30	0.00924	0.00660	0.00880	0.01056	0.01100	0.00616	0.00704	0.01056	0.01452	0.01936	0.04181	0.72848	0.05017	0.02376	0.00968	0.00308	0.00440	0.02156	0.00704	0.00616
31	0.01834	0.01584	0.01665	0.01503	0.01922	0.01821	0.01168	0.03875	0.63775	0.03114	0.03330	0.03066	0.05807	0.01076	0.00778	0.00257	0.00589	0.00897	0.00768	0.01171

[dist]
# distance from previous block
# <min> <max>
0	22

[block]
# block no. 3 follows, 26 sequences, length 112
# corresponding to MSA columns:
# 194-305
name=unknown_D
#
# <colnr> <probs for GDERKNQSTAVLIFYWHMCP>
#	G	D	E	R	K	N	Q	S	T	A	V	L	I	F	Y	W	H	M	C	P
0	0.01474	0.01391	0.02351	0.65211	0.11205	0.01696	0.02127	0.01975	0.01537	0.01989	0.01356	0.02009	0.01029	0.00751	0.00758	0.00250	0.01001	0.00674	0.00341	0.00876
1	0.78701	0.01467	0.01115	0.00997	0.01467	0.01702	0.00821	0.02230	0.01291	0.03403	0.01056	0.01232	0.00821	0.00704	0.00469	0.00235	0.00587	0.00411	0.00469	0.00821
2	0.01861	0.01785	0.03049	0.07121	0.66274	0.01798	0.02320	0.02313	0.01719	0.02458	0.01424	0.01883	0.01194	0.00679	0.00751	0.00226	0.00905	0.00676	0.00374	0.01188
3	0.01103	0.00735	0.00827	0.00827	0.00827	0.00735	0.00460	0.01103	0.01103	0.01471	0.02390	0.04964	0.02758	0.73343	0.03861	0.00735	0.00735	0.01103	0.00460	0.00460
4	0.01432	0.01348	0.02275	0.71520	0.05224	0.01685	0.02107	0.01938	0.01517	0.01938	0.01348	0.02022	0.01011	0.00758	0.00758	0.00253	0.01011	0.00674	0.00337	0.00843
5	0.01573	0.01348	0.01573	0.01123	0.01798	0.01011	0.00899	0.01910	0.01573	0.02472	0.01348	0.01573	0.01123	0.00562	0.00562	0.00112	0.00562	0.00449	0.00449	0.77980
6	0.01432	0.01348	0.02275	0.71520	0.05224	0.01685	0.02107	0.01938	0.01517	0.01938	0.01348	0.02022	0.01011	0.00758	0.00758	0.00253	0.01011	0.00674	0.00337	0.00843
7	0.00924	0.00660	0.00880	0.01056	0.01100	0.00616	0.00704	0.01056	0.01452	0.01936	0.04181	0.72848	0.05017	0.02376	0.00968	0.00308	0.00440	0.02156	0.00704	0.00616
8	0.01795	0.02033	0.04398	0.03278	0.07548	0.01912	0.62335	0.02424	0.01787	0.02432	0.01529	0.02037	0.01154	0.00641	0.00887	0.00254	0.01258	0.00883	0.00383	0.01033
9	0.01790	0.02046	0.04476	0.03197	0.03964	0.01918	0.65857	0.02430	0.01790	0.02430	0.01535	0.02046	0.01151	0.00639	0.00895	0.00256	0.01279	0.00895	0.00384	0.01023
10	0.00924	0.00660	0.00880	0.01056	0.01100	0.00616	0.00704	0.01056	0.01452	0.01936	0.04181	0.72848	0.05017	0.02376	0.00968	0.00308	0.00440	0.02156	0.00704	0.00616
11	0.01253	0.00821	0.01034	0.00954	0.01186	0.00738	0.00725	0.01572	0.02068	0.08913	0.50412	0.05702	0.18608	0.01567	0.00883	0.00242	0.00389	0.01361	0.00819	0.00754
12	0.20718	0.01493	0.05003	0.01323	0.01910	0.01328	0.01143	0.05572	0.01990	0.48244	0.02420	0.02193	0.01566	0.00873	0.00693	0.00235	0.00662	0.00668	0.00793	0.01174
13	0.02702	0.02034	0.02174	0.01709	0.02283	0.02267	0.01398	0.54787	0.15157	0.04488	0.02052	0.02005	0.01477	0.00932	0.00761	0.00233	0.00792	0.00715	0.00761	0.01274
14	0.02833	0.03615	0.02149	0.01954	0.02345	0.70298	0.01466	0.03029	0.02149	0.01856	0.01172	0.01368	0.00977	0.00782	0.00684	0.00195	0.01368	0.00489	0.00391	0.00879
15	0.13380	0.01931	0.01946	0.01533	0.02105	0.05378	0.01249	0.38132	0.07498	0.05953	0.01740	0.01776	0.01277	0.00834	0.00687	0.00213	0.00764	0.00616	0.00661	0.12329
16	0.01803	0.05874	0.49539	0.01952	0.02895	0.01793	0.02333	0.11644	0.01948	0.06093	0.05772	0.01928	0.01451	0.00810	0.00731	0.00235	0.00996	0.00635	0.00448	0.01123
17	0.01910	0.39879	0.31013	0.01660	0.02501	0.02359	0.01911	0.02422	0.01609	0.06583	0.01313	0.01469	0.01029	0.00698	0.00603	0.00200	0.00929	0.00494	0.00364	0.01056
18	0.02302	0.01469	0.04058	0.01426	0.01899	0.01440	0.01175	0.03477	0.32084	0.26667	0.10203	0.03218	0.02719	0.01082	0.00790	0.00250	0.00612	0.03151	0.00820	0.01158
19	0.01074	0.00775	0.01014	0.00954	0.01133	0.00716	0.00716	0.01431	0.02147	0.03042	0.68211	0.05666	0.07157	0.01551	0.00895	0.00239	0.00358	0.01372	0.00835	0.00716
20	0.01542	0.05483	0.39127	0.02374	0.07457	0.01689	0.16225	0.02217	0.01629	0.02328	0.01773	0.11324	0.01567	0.00921	0.00786	0.00249	0.01038	0.00851	0.00390	0.01031
21	0.02029	0.01802	0.02777	0.14449	0.44189	0.01905	0.02099	0.16252	0.02098	0.02899	0.01501	0.01888	0.01191	0.00740	0.00754	0.00230	0.00904	0.00677	0.00454	0.01165
22	0.01652	0.00967	0.01036	0.04304	0.01331	0.01020	0.00754	0.12158	0.01906	0.03100	0.02314	0.02626	0.01793	0.00882	0.00578	0.00189	0.00463	0.00701	0.61418	0.00808
23	0.02560	0.01964	0.02094	0.01680	0.02229	0.02201	0.01363	0.45931	0.24245	0.04258	0.02232	0.02149	0.01623	0.00949	0.00763	0.00237	0.00759	0.00740	0.00763	0.01261
24	0.01759	0.01583	0.02498	0.43231	0.22397	0.01811	0.02075	0.11010	0.01861	0.02485	0.01436	0.01954	0.01103	0.00757	0.00756	0.00242	0.00956	0.00676	0.00407	0.01005
25	0.01844	0.01854	0.05493	0.07461	0.60014	0.01799	0.02281	0.02395	0.04886	0.02484	0.01501	0.01920	0.01238	0.00698	0.00751	0.00229	0.00900	0.00680	0.00391	0.01182
26	0.03403	0.01291	0.01760	0.01350	0.01936	0.01115	0.01115	0.03697	0.02171	0.69137	0.02992	0.02582	0.01878	0.00939	0.00763	0.00235	0.00645	0.00763	0.00939	0.01291
27	0.01094	0.00732	0.00830	0.00838	0.00840	0.00730	0.00471	0.01101	0.01120	0.01493	0.02477	0.08251	0.02867	0.69906	0.03721	0.00715	0.00721	0.01154	0.00471	0.00467
28	0.15824	0.05284	0.02116	0.05068	0.02301	0.06909	0.01345	0.41159	0.02805	0.07630	0.01651	0.01713	0.01192	0.00848	0.00692	0.00225	0.00827	0.00614	0.00653	0.01144
29	0.00932	0.00664	0.00878	0.01046	0.01088	0.00622	0.00693	0.01058	0.01436	0.01915	0.04099	0.69751	0.04914	0.05614	0.01100	0.00328	0.00454	0.02108	0.00693	0.00609
30	0.00924	0.00660	0.00880	0.01056	0.01100	0.00616	0.00704	0.01056	0.01452	0.01936	0.04181	0.72848	0.05017	0.02376	0.00968	0.00308	0.00440	0.02156	0.00704	0.00616
31	0.01573	0.01348	0.01573	0.01123	0.01798	0.01011	0.00899	0.01910	0.01573	0.02472	0.01348	0.01573	0.01123	0.00562	0.00562	0.00112	0.00562	0.00449	0.00449	0.77980
32	0.02092	0.68213	0.03829	0.01350	0.01978	0.08358	0.01311	0.02332	0.01590	0.01790	0.01064	0.01229	0.00974	0.00659	0.00502	0.00165	0.00855	0.00412	0.00330	0.00966
33	0.01080	0.00809	0.01006	0.00950	0.01151	0.00752	0.00714	0.01486	0.04746	0.02897	0.56411	0.05797	0.16190	0.01585	0.00890	0.00242	0.00372	0.01385	0.00813	0.00724
34	0.01806	0.01893	0.03884	0.09665	0.07682	0.01826	0.48746	0.02381	0.01747	0.04809	0.01540	0.02020	0.01162	0.00678	0.00895	0.00248	0.03041	0.00828	0.00401	0.04748
35	0.03333	0.01403	0.01830	0.01403	0.01992	0.01282	0.01159	0.12121	0.02359	0.60447	0.02834	0.02479	0.01798	0.00935	0.00762	0.00234	0.00671	0.00752	0.00914	0.01291
36	0.03386	0.01319	0.01778	0.01363	0.01950	0.01157	0.01126	0.05808	0.02218	0.66959	0.02953	0.02556	0.01858	0.00938	0.00763	0.00234	0.00652	0.00760	0.00933	0.01291
37	0.00919	0.00769	0.00800	0.00792	0.01039	0.00650	0.00594	0.01133	0.01783	0.02177	0.15474	0.07089	0.60434	0.01873	0.00896	0.00254	0.00381	0.01571	0.00721	0.00650
38	0.02661	0.01435	0.01787	0.01583	0.05246	0.01441	0.01198	0.05737	0.25134	0.37287	0.02962	0.05814	0.02122	0.01022	0.00775	0.00245	0.00639	0.00853	0.00835	0.01224
39	0.01518	0.03826	0.66866	0.04793	0.03357	0.01759	0.02776	0.02385	0.01598	0.02385	0.01361	0.01617	0.00963	0.00722	0.00722	0.00241	0.01117	0.00565	0.00321	0.01110
40	0.00924	0.00660	0.00880	0.01056	0.01100	0.00616	0.00704	0.01056	0.01452	0.01936	0.04181	0.72848	0.05017	0.02376	0.00968	0.00308	0.00440	0.02156	0.00704	0.00616
41	0.02635	0.01911	0.02039	0.01598	0.02138	0.02111	0.01309	0.54202	0.06837	0.04435	0.01977	0.02009	0.01433	0.00914	0.00730	0.00223	0.00759	0.00696	0.10837	0.01208
42	0.06234	0.01850	0.02102	0.01893	0.08417	0.02027	0.01402	0.36714	0.16743	0.09236	0.02119	0.02110	0.01544	0.01050	0.02841	0.00265	0.00800	0.00717	0.00715	0.01221
43	0.00935	0.00668	0.00892	0.01068	0.01117	0.00625	0.00722	0.01074	0.01462	0.01948	0.04175	0.70606	0.04994	0.02367	0.00971	0.00309	0.00449	0.04296	0.00704	0.00619
44	0.01877	0.01802	0.03079	0.04656	0.68612	0.01802	0.02328	0.02328	0.01727	0.02478	0.01427	0.01877	0.01201	0.00676	0.00751	0.00225	0.00901	0.00676	0.00375	0.01201
45	0.62252	0.01428	0.01256	0.01074	0.01569	0.01573	0.00886	0.02550	0.01483	0.17762	0.01479	0.01527	0.01052	0.00755	0.00533	0.00235	0.00600	0.00488	0.00572	0.00924
46	0.01029	0.00749	0.00972	0.00990	0.01137	0.00691	0.00727	0.01316	0.01916	0.02648	0.44307	0.23838	0.10394	0.01820	0.00921	0.00263	0.00397	0.04417	0.00785	0.00683
47	0.78701	0.01467	0.01115	0.00997	0.01467	0.01702	0.00821	0.02230	0.01291	0.03403	0.01056	0.01232	0.00821	0.00704	0.00469	0.00235	0.00587	0.00411	0.00469	0.00821
48	0.01638	0.01387	0.01608	0.01154	0.01825	0.01078	0.00926	0.05106	0.01672	0.02587	0.01372	0.01585	0.01132	0.00579	0.00572	0.00118	0.00575	0.00461	0.00465	0.74160
49	0.03403	0.01291	0.01760	0.01350	0.01936	0.01115	0.01115	0.03697	0.02171	0.69137	0.02992	0.02582	0.01878	0.00939	0.00763	0.00235	0.00645	0.00763	0.00939	0.01291
50	0.01887	0.01629	0.01715	0.01544	0.01972	0.01887	0.01201	0.04031	0.67241	0.03173	0.03087	0.02830	0.02315	0.01029	0.00772	0.00257	0.00600	0.00858	0.00772	0.01201
51	0.03403	0.01291	0.01760	0.01350	0.01936	0.01115	0.01115	0.03697	0.02171	0.69137	0.02992	0.02582	0.01878	0.00939	0.00763	0.00235	0.00645	0.00763	0.00939	0.01291
52	0.02883	0.02125	0.02276	0.01745	0.02352	0.02352	0.01442	0.66082	0.03566	0.04780	0.01821	0.01821	0.01290	0.00911	0.00759	0.00228	0.00835	0.00683	0.00759	0.01290
53	0.03403	0.01291	0.01760	0.01350	0.01936	0.01115	0.01115	0.03697	0.02171	0.69137	0.02992	0.02582	0.01878	0.00939	0.00763	0.00235	0.00645	0.00763	0.00939	0.01291
54	0.01070	0.00778	0.01009	0.00960	0.01143	0.00717	0.00726	0.01419	0.02112	0.02965	0.62955	0.05848	0.10108	0.01588	0.00900	0.00243	0.00371	0.03550	0.00824	0.00711
55	0.00924	0.00660	0.00880	0.01056	0.01100	0.00616	0.00704	0.01056	0.01452	0.01936	0.04181	0.72848	0.05017	0.02376	0.00968	0.00308	0.00440	0.02156	0.00704	0.00616
56	0.03203	0.01305	0.01736	0.01350	0.01910	0.01166	0.01108	0.05416	0.05179	0.60961	0.06211	0.02724	0.02143	0.00973	0.00770	0.00236	0.00635	0.00795	0.00921	0.01258
57	0.03403	0.01291	0.01760	0.01350	0.01936	0.01115	0.01115	0.03697	0.02171	0.69137	0.02992	0.02582	0.01878	0.00939	0.00763	0.00235	0.00645	0.00763	0.00939	0.01291
58	0.71300	0.01450	0.01178	0.01032	0.01513	0.01644	0.00850	0.02374	0.01377	0.09864	0.01246	0.01365	0.00925	0.00727	0.00498	0.00235	0.00593	0.00445	0.00516	0.00868
59	0.03304	0.04955	0.01901	0.01370	0.01961	0.01281	0.01143	0.07284	0.02221	0.62004	0.02827	0.02469	0.01798	0.00923	0.00749	0.00231	0.00665	0.00740	0.00898	0.01275
60	0.05074	0.01354	0.01552	0.01118	0.01783	0.01042	0.00895	0.01924	0.01560	0.02514	0.01335	0.01557	0.01110	0.00568	0.00558	0.00118	0.00563	0.00448	0.00450	0.74477
61	0.08025	0.17005	0.39752	0.01888	0.02766	0.02017	0.05319	0.05170	0.01674	0.05682	0.01374	0.01577	0.01021	0.00738	0.00718	0.00227	0.03039	0.00553	0.00386	0.01070
62	0.01486	0.02129	0.19975	0.02413	0.06218	0.01512	0.28584	0.02038	0.01645	0.02289	0.02217	0.21512	0.02174	0.01142	0.00864	0.00265	0.00988	0.01148	0.00456	0.00944
63	0.02330	0.01252	0.01546	0.01301	0.01731	0.01235	0.01033	0.03187	0.21349	0.31936	0.20538	0.03483	0.03425	0.01130	0.00801	0.00242	0.00555	0.00954	0.00862	0.01110
64	0.03403	0.01291	0.01760	0.01350	0.01936	0.01115	0.01115	0.03697	0.02171	0.69137	0.02992	0.02582	0.01878	0.00939	0.00763	0.00235	0.00645	0.00763	0.00939	0.01291
65	0.01103	0.00735	0.00827	0.00827	0.00827	0.00735	0.00460	0.01103	0.01103	0.01471	0.02390	0.04964	0.02758	0.73343	0.03861	0.00735	0.00735	0.01103	0.00460	0.00460
66	0.01222	0.00873	0.01222	0.01397	0.01572	0.00873	0.01222	0.01572	0.01746	0.02270	0.04016	0.08556	0.04365	0.02095	0.01048	0.00349	0.00698	0.63506	0.00698	0.00698
67	0.03140	0.01713	0.02022	0.01550	0.02147	0.01742	0.01280	0.35312	0.02878	0.36523	0.02399	0.02196	0.01580	0.00924	0.00761	0.00231	0.00741	0.00722	0.00848	0.01290
68	0.02028	0.73799	0.03975	0.01298	0.01947	0.03001	0.01298	0.02271	0.01541	0.01785	0.01055	0.01217	0.00973	0.00649	0.00487	0.00162	0.00811	0.00406	0.00324	0.00973
69	0.01521	0.03923	0.69413	0.02162	0.03283	0.01762	0.02802	0.02402	0.01601	0.02402	0.01361	0.01601	0.00961	0.00721	0.00721	0.00240	0.01121	0.00560	0.00320	0.01121
70	0.03229	0.01334	0.01763	0.01362	0.01928	0.01199	0.01121	0.08954	0.02290	0.59920	0.06507	0.02687	0.02120	0.00970	0.00770	0.00234	0.00646	0.00790	0.00918	0.01259
71	0.01224	0.00830	0.01106	0.01124	0.01320	0.00783	0.00906	0.01560	0.01961	0.05881	0.37112	0.09069	0.08890	0.01761	0.00945	0.00281	0.00496	0.23241	0.00781	0.00730
72	0.01521	0.03923	0.69413	0.02162	0.03283	0.01762	0.02802	0.02402	0.01601	0.02402	0.01361	0.01601	0.00961	0.00721	0.00721	0.00240	0.01121	0.00560	0.00320	0.01121
73	0.02795	0.02135	0.02201	0.01717	0.02294	0.05576	0.01406	0.58408	0.06348	0.04511	0.01866	0.01873	0.01340	0.00909	0.00749	0.00226	0.00836	0.00682	0.02878	0.01250
74	0.00974	0.00767	0.00878	0.00859	0.01074	0.00672	0.00641	0.01235	0.01898	0.02471	0.33564	0.09084	0.39624	0.01779	0.00898	0.00251	0.00375	0.01523	0.00760	0.00672
75	0.01907	0.01338	0.01638	0.04216	0.01972	0.01060	0.00991	0.02244	0.01682	0.14852	0.01654	0.01780	0.01259	0.00640	0.00608	0.00141	0.00597	0.00517	0.00536	0.60369
76	0.52981	0.07665	0.14680	0.01262	0.01853	0.01773	0.01253	0.02215	0.01367	0.02983	0.01173	0.01406	0.00924	0.00995	0.04618	0.00288	0.00794	0.00463	0.00425	0.00884
77	0.00924	0.00660	0.00880	0.01056	0.01100	0.00616	0.00704	0.01056	0.01452	0.01936	0.04181	0.72848	0.05017	0.02376	0.00968	0.00308	0.00440	0.02156	0.00704	0.00616
78	0.04516	0.01610	0.02648	0.23685	0.33262	0.01731	0.07008	0.02346	0.07593	0.02427	0.01597	0.02039	0.01262	0.00740	0.00746	0.00237	0.00900	0.00701	0.03908	0.01045
79	0.01587	0.01361	0.01579	0.01142	0.01805	0.01050	0.00912	0.02004	0.04498	0.02503	0.01426	0.01629	0.01177	0.00583	0.00571	0.00119	0.00563	0.00468	0.00464	0.74559
80	0.00964	0.00771	0.00862	0.00839	0.01066	0.00669	0.00630	0.01219	0.01889	0.02428	0.30797	0.06676	0.44954	0.01780	0.00896	0.00249	0.00374	0.01513	0.00754	0.00669
81	0.01769	0.02212	0.10540	0.03165	0.06835	0.01898	0.57023	0.02422	0.01770	0.02429	0.01513	0.01996	0.01135	0.00649	0.00872	0.00253	0.01247	0.00854	0.00377	0.01040
82	0.01084	0.00813	0.01219	0.01219	0.01354	0.00948	0.00948	0.01354	0.01219	0.01761	0.02032	0.02980	0.01896	0.05689	0.70337	0.01219	0.02032	0.00813	0.00406	0.00677
83	0.01887	0.01629	0.01715	0.01544	0.01972	0.01887	0.01201	0.04031	0.67241	0.03173	0.03087	0.02830	0.02315	0.01029	0.00772	0.00257	0.00600	0.00858	0.00772	0.01201
84	0.06231	0.04886	0.01800	0.01305	0.01873	0.01209	0.01084	0.03388	0.02081	0.57372	0.06009	0.02576	0.02025	0.00932	0.00736	0.00227	0.00634	0.00750	0.00866	0.04019
85	0.01846	0.01770	0.03021	0.09422	0.64093	0.01794	0.02312	0.02300	0.01712	0.02440	0.01421	0.01888	0.01188	0.00682	0.00751	0.00227	0.00909	0.00676	0.00373	0.01176
86	0.01695	0.01718	0.02318	0.01990	0.02002	0.04364	0.01654	0.01862	0.01191	0.01826	0.01001	0.01651	0.00995	0.01311	0.02435	0.00328	0.69836	0.00659	0.00334	0.00831
87	0.01085	0.00808	0.01197	0.01197	0.01325	0.00936	0.00921	0.01341	0.01213	0.01745	0.02052	0.03090	0.01944	0.09439	0.66652	0.01192	0.01960	0.00829	0.00409	0.00665
88	0.03007	0.01549	0.01868	0.01458	0.02023	0.01532	0.01196	0.23007	0.07289	0.40993	0.02869	0.02598	0.05038	0.00986	0.00769	0.00235	0.00688	0.00787	0.00859	0.01252
89	0.00929	0.00664	0.00885	0.01053	0.01101	0.00620	0.00705	0.01070	0.01477	0.01976	0.06471	0.70445	0.05093	0.02347	0.00966	0.00306	0.00437	0.02128	0.00709	0.00620
90	0.01087	0.00799	0.01149	0.01149	0.01260	0.00910	0.00860	0.01309	0.01198	0.01709	0.02096	0.03336	0.02051	0.17838	0.58399	0.01132	0.01799	0.00865	0.00416	0.00638
91	0.00924	0.00660	0.00880	0.01056	0.01100	0.00616	0.00704	0.01056	0.01452	0.01936	0.04181	0.72848	0.05017	0.02376	0.00968	0.00308	0.00440	0.02156	0.00704	0.00616
92	0.08912	0.22971	0.11386	0.01999	0.02682	0.09159	0.19410	0.04467	0.05020	0.05104	0.01441	0.01666	0.01121	0.00712	0.00681	0.00217	0.00999	0.00615	0.00421	0.01016
93	0.01884	0.01777	0.02971	0.10456	0.59964	0.01817	0.02268	0.05202	0.01792	0.02535	0.01438	0.01888	0.01189	0.00694	0.00752	0.00228	0.00908	0.00676	0.00390	0.01174
94	0.01103	0.00826	0.01055	0.01139	0.01338	0.00779	0.00948	0.01408	0.01811	0.02341	0.16249	0.07691	0.23268	0.01950	0.00977	0.00303	0.00549	0.34858	0.00724	0.00685
95	0.01450	0.00957	0.01172	0.01101	0.01349	0.00928	0.00827	0.04500	0.09277	0.10288	0.29668	0.20426	0.11795	0.01625	0.00877	0.00258	0.00459	0.01421	0.00793	0.00828
96	0.01921	0.08319	0.29617	0.01992	0.04906	0.04792	0.06712	0.02494	0.04036	0.11971	0.01713	0.04458	0.01339	0.00965	0.01005	0.04113	0.07470	0.00687	0.00453	0.01037
97	0.01614	0.01552	0.02763	0.22855	0.21106	0.01666	0.15967	0.02078	0.01634	0.02290	0.04019	0.04842	0.01538	0.00851	0.00909	0.00248	0.06145	0.00807	0.06161	0.00954
98	0.02411	0.01671	0.01848	0.01549	0.02049	0.01834	0.01237	0.17648	0.40140	0.16765	0.02789	0.02558	0.02001	0.00985	0.00767	0.00246	0.00661	0.00800	0.00802	0.01238
99	0.02066	0.06691	0.16609	0.05086	0.11446	0.04862	0.09256	0.08478	0.01889	0.12260	0.01732	0.01987	0.01294	0.01062	0.04653	0.00286	0.03595	0.00674	0.05006	0.01070
100	0.02010	0.01947	0.06244	0.05747	0.30110	0.03897	0.13428	0.06368	0.09639	0.07109	0.01739	0.02031	0.01341	0.00781	0.00856	0.00241	0.04167	0.00731	0.00479	0.01137
101	0.00923	0.00664	0.00876	0.01046	0.01097	0.00617	0.00700	0.01057	0.01462	0.01940	0.04306	0.70503	0.07281	0.02360	0.00966	0.00306	0.00438	0.02136	0.00704	0.00617
102	0.02783	0.03440	0.02131	0.01922	0.02325	0.63561	0.01450	0.05817	0.05819	0.02056	0.01307	0.01469	0.01065	0.00801	0.00692	0.00200	0.01302	0.00517	0.00428	0.00915
103	0.01731	0.02023	0.12828	0.17715	0.38864	0.01782	0.04211	0.02389	0.06537	0.02406	0.01527	0.01942	0.01208	0.00725	0.00754	0.00236	0.00946	0.00678	0.00389	0.01110
104	0.01555	0.01064	0.05179	0.01123	0.01435	0.00862	0.00940	0.01930	0.02100	0.15662	0.48562	0.04979	0.05640	0.01412	0.00867	0.00243	0.00475	0.04305	0.00818	0.00849
105	0.01992	0.69513	0.03783	0.01263	0.01884	0.02867	0.01253	0.02242	0.01544	0.01846	0.01138	0.01311	0.01030	0.00663	0.00489	0.00163	0.00784	0.00423	0.04854	0.00958
106	0.05522	0.01517	0.01692	0.01279	0.01870	0.01416	0.01037	0.20954	0.02196	0.08403	0.01710	0.01829	0.01296	0.00731	0.00628	0.00167	0.00630	0.00565	0.07941	0.38618
107	0.01580	0.01940	0.11218	0.05536	0.08529	0.01617	0.37193	0.02135	0.01722	0.02373	0.05802	0.12713	0.02053	0.00968	0.00868	0.00258	0.01040	0.01044	0.00448	0.00963
108	0.01721	0.01779	0.03458	0.10814	0.03514	0.01742	0.41171	0.03923	0.01731	0.02429	0.01522	0.02003	0.01173	0.00704	0.00901	0.00237	0.05011	0.00784	0.04919	0.10466
109	0.02061	0.67231	0.06090	0.01353	0.02016	0.02921	0.01357	0.06018	0.01662	0.01981	0.01110	0.01265	0.00992	0.00667	0.00511	0.00169	0.00823	0.00427	0.00350	0.00997
110	0.01409	0.00745	0.01064	0.01033	0.01068	0.00758	0.00705	0.04806	0.01139	0.01521	0.01347	0.02277	0.01316	0.02534	0.02835	0.73374	0.00669	0.00660	0.00355	0.00386
111	0.01830	0.01573	0.01666	0.01515	0.01921	0.01812	0.01171	0.03856	0.63383	0.03100	0.03151	0.06937	0.02474	0.01108	0.00783	0.00260	0.00591	0.00934	0.00768	0.01166

[dist]
# distance from previous block
# <min> <max>
3	11

[block]
# block no. 4 follows, 26 sequences, length 18
# corresponding to MSA columns:
# 317-334
name=unknown_E
#
# <colnr> <probs for GDERKNQSTAVLIFYWHMCP>
#	G	D	E	R	K	N	Q	S	T	A	V	L	I	F	Y	W	H	M	C	P
0	0.01496	0.00834	0.01113	0.01080	0.01287	0.00757	0.00794	0.01744	0.01857	0.16345	0.27433	0.33549	0.05148	0.01774	0.00898	0.00267	0.00453	0.01578	0.00801	0.00793
1	0.01397	0.03243	0.55132	0.01931	0.02828	0.01523	0.02365	0.02122	0.01570	0.02305	0.01949	0.16448	0.01806	0.01066	0.00772	0.00254	0.00979	0.00893	0.00400	0.01016
2	0.01063	0.00865	0.01361	0.04073	0.01617	0.00826	0.08133	0.01287	0.01529	0.02023	0.03934	0.53882	0.07532	0.02073	0.00954	0.00301	0.00574	0.06643	0.00653	0.00678
3	0.01720	0.01002	0.01034	0.00923	0.01190	0.01050	0.00720	0.15170	0.02002	0.03235	0.02338	0.02618	0.01808	0.00889	0.00578	0.00187	0.00454	0.00702	0.61551	0.00828
4	0.01154	0.15901	0.01525	0.01107	0.01277	0.01113	0.00828	0.01309	0.01471	0.01905	0.03529	0.57921	0.04174	0.02016	0.00868	0.00278	0.00517	0.01791	0.00625	0.00691
5	0.01318	0.00659	0.00988	0.00988	0.00988	0.00659	0.00659	0.00988	0.00988	0.01318	0.01318	0.02306	0.01318	0.02635	0.02964	0.77931	0.00659	0.00659	0.00329	0.00329
6	0.02856	0.01340	0.01716	0.01324	0.01911	0.01178	0.01079	0.03361	0.09174	0.48020	0.02660	0.02399	0.01768	0.00870	0.00722	0.00212	0.00623	0.00708	0.00819	0.17262
7	0.01344	0.00884	0.01257	0.01246	0.01400	0.00878	0.04091	0.01597	0.06754	0.05070	0.03001	0.24019	0.03181	0.05419	0.01592	0.20295	0.00624	0.13857	0.02837	0.00653
8	0.02755	0.01639	0.01892	0.01526	0.02066	0.01721	0.01236	0.21514	0.24061	0.29082	0.02691	0.02448	0.01855	0.00961	0.00765	0.00240	0.00684	0.00771	0.00833	0.01261
9	0.04996	0.01279	0.01389	0.01225	0.01579	0.01349	0.00965	0.15445	0.16800	0.03198	0.21017	0.04508	0.18337	0.01367	0.00826	0.00248	0.00539	0.03248	0.00755	0.00930
10	0.06454	0.01288	0.01647	0.01260	0.01845	0.01100	0.01032	0.03141	0.01986	0.49215	0.02764	0.02515	0.04580	0.00892	0.00713	0.00210	0.00614	0.00718	0.00804	0.17221
11	0.04690	0.02193	0.04515	0.02225	0.12673	0.13314	0.04564	0.19433	0.20155	0.05538	0.01986	0.02042	0.01493	0.00860	0.00745	0.00232	0.00886	0.00698	0.00607	0.01151
12	0.01589	0.01649	0.03124	0.07416	0.17222	0.01570	0.31407	0.02072	0.01736	0.02330	0.02772	0.03081	0.15145	0.00919	0.00840	0.00242	0.00961	0.00960	0.00449	0.04516
13	0.01451	0.01525	0.03067	0.02326	0.02844	0.01417	0.40603	0.01902	0.01700	0.02255	0.03069	0.19927	0.11862	0.01246	0.00913	0.00268	0.00946	0.01303	0.00508	0.00869
14	0.01690	0.01850	0.03857	0.22391	0.04318	0.01853	0.47947	0.02292	0.01713	0.02292	0.01482	0.02039	0.01112	0.00673	0.00857	0.00255	0.01204	0.00833	0.00371	0.00972
15	0.01283	0.01037	0.01219	0.01160	0.01450	0.00979	0.00849	0.01888	0.15205	0.02331	0.03430	0.37429	0.06653	0.01626	0.00824	0.00247	0.00501	0.01437	0.00655	0.19796
16	0.03944	0.01396	0.01731	0.01348	0.01858	0.01292	0.05102	0.15843	0.02126	0.03081	0.15596	0.07734	0.02696	0.00986	0.00723	0.00191	0.00616	0.00845	0.00613	0.32278
17	0.01181	0.00959	0.01442	0.01958	0.18268	0.00927	0.01106	0.01396	0.01532	0.02093	0.05773	0.49100	0.04019	0.05251	0.01046	0.00305	0.00568	0.01701	0.00614	0.00761

[dist]
# distance from previous block
# <min> <max>
8	29

[block]
# block no. 5 follows, 26 sequences, length 8
# corresponding to MSA columns:
# 364-371
name=unknown_F
#
# <colnr> <probs for GDERKNQSTAVLIFYWHMCP>
#	G	D	E	R	K	N	Q	S	T	A	V	L	I	F	Y	W	H	M	C	P
0	0.11106	0.01452	0.01650	0.03344	0.04128	0.01500	0.01120	0.08752	0.20802	0.18325	0.02552	0.02471	0.04211	0.00913	0.00698	0.00224	0.00623	0.00730	0.05699	0.09700
1	0.05847	0.26986	0.12156	0.12161	0.04888	0.08402	0.01674	0.12678	0.04152	0.02534	0.01357	0.01579	0.01074	0.00746	0.00639	0.00209	0.00923	0.00544	0.00426	0.01025
2	0.08713	0.09165	0.16398	0.12628	0.05873	0.01986	0.20789	0.02235	0.01558	0.02301	0.01308	0.01742	0.01027	0.00771	0.00964	0.00250	0.10294	0.00665	0.00359	0.00974
3	0.01807	0.01681	0.05183	0.36754	0.21666	0.01767	0.06117	0.08033	0.01813	0.05703	0.01506	0.01978	0.01137	0.00750	0.00764	0.00242	0.00969	0.00689	0.00418	0.01024
4	0.02283	0.01452	0.01734	0.01282	0.01922	0.01247	0.01043	0.12323	0.02047	0.21335	0.01878	0.01891	0.01359	0.00720	0.00648	0.00164	0.00627	0.00572	0.00633	0.44839
5	0.04425	0.01474	0.01930	0.03709	0.08399	0.01509	0.04076	0.15123	0.11707	0.20594	0.08549	0.10362	0.02505	0.01111	0.00794	0.00246	0.00687	0.00956	0.00736	0.01105
6	0.01828	0.01752	0.02990	0.12035	0.61616	0.01789	0.02303	0.02285	0.01704	0.02418	0.01418	0.01893	0.01180	0.00685	0.00752	0.00228	0.00913	0.00676	0.00371	0.01162
7	0.01530	0.01432	0.02406	0.42752	0.25714	0.01622	0.02045	0.01982	0.01580	0.02116	0.01645	0.08748	0.01457	0.00886	0.00776	0.00249	0.00920	0.00816	0.00385	0.00939

[dist]
# distance from previous block
# <min> <max>
3	32

# created by:
# /st0/software/busco_prod/Augustus/scripts/msa2prfl.pl ./align_prep/111255.fa
