[name]
unknown

[dist]
# distance from previous block
# <min> <max>
42	146

[block]
# block no. 0 follows, 25 sequences, length 6
# corresponding to MSA columns:
# 171-176
name=unknown_A
#
# <colnr> <probs for GDERKNQSTAVLIFYWHMCP>
#	G	D	E	R	K	N	Q	S	T	A	V	L	I	F	Y	W	H	M	C	P
0	0.01811	0.10003	0.01729	0.01258	0.01671	0.04686	0.01015	0.08333	0.17630	0.08194	0.09858	0.04260	0.23828	0.01320	0.00801	0.00242	0.00608	0.01074	0.00712	0.00969
1	0.06885	0.02113	0.12584	0.18015	0.16190	0.01935	0.05832	0.15636	0.07915	0.03012	0.01650	0.01954	0.01241	0.00799	0.00759	0.00245	0.00941	0.00687	0.00492	0.01116
2	0.06957	0.05980	0.01703	0.01292	0.01775	0.01456	0.01043	0.05066	0.19666	0.18219	0.10827	0.03193	0.08319	0.01069	0.00749	0.00229	0.00591	0.00871	0.00741	0.10256
3	0.01142	0.00945	0.01040	0.04520	0.01378	0.04683	0.00804	0.01307	0.01551	0.01937	0.04406	0.29758	0.18834	0.16468	0.01556	0.00386	0.00606	0.07410	0.00631	0.00638
4	0.01829	0.02027	0.04209	0.03338	0.11540	0.01983	0.51971	0.02417	0.01766	0.02435	0.01507	0.02036	0.01169	0.00720	0.01041	0.00265	0.07444	0.00867	0.00386	0.01050
5	0.01315	0.01042	0.01475	0.01391	0.01544	0.01261	0.01104	0.05868	0.01404	0.02022	0.01917	0.02779	0.01769	0.04867	0.55717	0.01052	0.11484	0.00801	0.00430	0.00757

[dist]
# distance from previous block
# <min> <max>
7	12

[block]
# block no. 1 follows, 25 sequences, length 198
# corresponding to MSA columns:
# 189-386
name=unknown_B
#
# <colnr> <probs for GDERKNQSTAVLIFYWHMCP>
#	G	D	E	R	K	N	Q	S	T	A	V	L	I	F	Y	W	H	M	C	P
0	0.13316	0.01473	0.02350	0.51872	0.07750	0.01749	0.06620	0.02084	0.01546	0.02276	0.01350	0.01937	0.01024	0.00754	0.00740	0.00254	0.00982	0.00664	0.00371	0.00890
1	0.01819	0.01733	0.02910	0.19249	0.51458	0.01819	0.02284	0.02361	0.04297	0.02439	0.01508	0.01991	0.01231	0.00724	0.00770	0.00238	0.00934	0.00698	0.00391	0.01147
2	0.00999	0.00724	0.00975	0.04314	0.01312	0.00703	0.00783	0.01147	0.01465	0.01947	0.03954	0.59945	0.04687	0.09173	0.01270	0.00356	0.00517	0.04423	0.00678	0.00628
3	0.01086	0.00753	0.00947	0.01013	0.01059	0.00758	0.00672	0.01190	0.01300	0.01745	0.03050	0.23557	0.03491	0.38709	0.11077	0.00658	0.00831	0.06987	0.00554	0.00564
4	0.01128	0.00752	0.00846	0.00846	0.00846	0.00752	0.00470	0.01128	0.01128	0.01503	0.02443	0.05074	0.02819	0.72751	0.03946	0.00752	0.00752	0.01128	0.00470	0.00470
5	0.02073	0.73217	0.04063	0.01327	0.01990	0.03068	0.01327	0.02322	0.01575	0.01824	0.01078	0.01244	0.00995	0.00663	0.00498	0.00166	0.00829	0.00415	0.00332	0.00995
6	0.01929	0.01666	0.01753	0.01578	0.02016	0.01929	0.01227	0.04120	0.66513	0.03243	0.03156	0.02893	0.02367	0.01052	0.00789	0.00263	0.00614	0.00877	0.00789	0.01227
7	0.01687	0.01684	0.02373	0.04717	0.02164	0.02349	0.01714	0.01870	0.01202	0.01870	0.01032	0.01711	0.01018	0.01334	0.02476	0.00336	0.68594	0.00679	0.00339	0.00849
8	0.03479	0.01320	0.01799	0.01380	0.01979	0.01140	0.01140	0.03779	0.02219	0.68451	0.03059	0.02639	0.01919	0.00960	0.00780	0.00240	0.00660	0.00780	0.00960	0.01320
9	0.01110	0.00804	0.01061	0.01071	0.01246	0.00755	0.00834	0.01450	0.02037	0.02815	0.46870	0.11578	0.08976	0.01783	0.00953	0.00274	0.00447	0.14411	0.00808	0.00717
10	0.01106	0.00787	0.01003	0.00951	0.01128	0.00729	0.00705	0.01446	0.02100	0.02978	0.59076	0.05706	0.09411	0.05093	0.01049	0.00267	0.00386	0.01370	0.03993	0.00715
11	0.01551	0.01541	0.02802	0.53845	0.04935	0.01799	0.15421	0.02083	0.01595	0.02083	0.01404	0.02057	0.01063	0.00773	0.00876	0.00262	0.03918	0.00736	0.00354	0.00900
12	0.00952	0.00687	0.00912	0.01076	0.01134	0.00648	0.00727	0.01096	0.01484	0.01975	0.04307	0.66259	0.07442	0.02578	0.04384	0.00359	0.00528	0.02114	0.00705	0.00634
13	0.01002	0.00701	0.00890	0.01010	0.01049	0.00668	0.00651	0.01109	0.01415	0.01894	0.06391	0.50830	0.04578	0.21924	0.01808	0.00433	0.00530	0.01872	0.00656	0.00590
14	0.01555	0.04011	0.68733	0.02210	0.03356	0.01801	0.02865	0.02455	0.01637	0.02455	0.01391	0.01637	0.00982	0.00737	0.00737	0.00246	0.01146	0.00573	0.00327	0.01146
15	0.01791	0.08346	0.55934	0.02095	0.03123	0.07244	0.02571	0.02563	0.01706	0.05634	0.01438	0.01642	0.01031	0.00748	0.00720	0.00236	0.01121	0.00567	0.00365	0.01125
16	0.02801	0.03190	0.02275	0.04946	0.05672	0.49447	0.01563	0.16076	0.02454	0.02559	0.01358	0.01548	0.01078	0.00820	0.00722	0.00211	0.01246	0.00558	0.00475	0.01001
17	0.78228	0.01499	0.01140	0.01020	0.01499	0.01739	0.00840	0.02279	0.01320	0.03479	0.01080	0.01260	0.00840	0.00720	0.00480	0.00240	0.00600	0.00420	0.00480	0.00840
18	0.01114	0.00746	0.00850	0.00862	0.00866	0.00743	0.00488	0.01124	0.01153	0.01538	0.02575	0.09901	0.02985	0.67698	0.03734	0.00720	0.00730	0.01205	0.00488	0.00481
19	0.02153	0.01824	0.01903	0.01713	0.04082	0.05271	0.01314	0.18023	0.41762	0.03497	0.05307	0.02889	0.02299	0.01063	0.00797	0.00255	0.00711	0.03190	0.00754	0.01193
20	0.05598	0.01697	0.01780	0.01533	0.02012	0.01905	0.01211	0.14828	0.46019	0.03465	0.02931	0.02756	0.04790	0.01028	0.00766	0.00249	0.00645	0.00833	0.00752	0.05203
21	0.01849	0.02245	0.09534	0.03131	0.03938	0.01964	0.57906	0.04756	0.01881	0.02568	0.01565	0.02047	0.01166	0.00670	0.00896	0.00259	0.01278	0.00880	0.00401	0.01063
22	0.01830	0.02092	0.04575	0.03268	0.04052	0.01961	0.65098	0.02484	0.01830	0.02484	0.01569	0.02092	0.01176	0.00654	0.00915	0.00261	0.01307	0.00915	0.00392	0.01046
23	0.03402	0.01443	0.01876	0.01438	0.02041	0.01323	0.01188	0.12686	0.02426	0.59252	0.02886	0.02527	0.01832	0.00955	0.00779	0.00239	0.00688	0.00768	0.00933	0.01319
24	0.01555	0.04011	0.68733	0.02210	0.03356	0.01801	0.02865	0.02455	0.01637	0.02455	0.01391	0.01637	0.00982	0.00737	0.00737	0.00246	0.01146	0.00573	0.00327	0.01146
25	0.04183	0.00885	0.01125	0.01019	0.01269	0.00816	0.00780	0.01769	0.02145	0.11370	0.53966	0.05310	0.09378	0.01493	0.00882	0.00244	0.00413	0.01299	0.00847	0.00806
26	0.01023	0.00786	0.00951	0.01023	0.01206	0.00714	0.00787	0.01266	0.01769	0.02263	0.14632	0.21828	0.31019	0.02053	0.00967	0.00293	0.00474	0.15534	0.00737	0.00673
27	0.01088	0.00792	0.01024	0.00966	0.01153	0.00728	0.00725	0.01446	0.02174	0.03059	0.64554	0.05874	0.10298	0.01604	0.00915	0.00245	0.00367	0.01414	0.00847	0.00728
28	0.05195	0.02119	0.02745	0.12828	0.24805	0.12198	0.08583	0.13728	0.05238	0.02843	0.01558	0.01890	0.01216	0.00777	0.00765	0.00235	0.01011	0.00685	0.00474	0.01107
29	0.01390	0.00904	0.01151	0.01096	0.01338	0.00844	0.00860	0.04056	0.02092	0.09204	0.37374	0.09514	0.14232	0.01683	0.00925	0.00267	0.00475	0.10988	0.00814	0.00792
30	0.01017	0.00726	0.00983	0.01162	0.01239	0.00692	0.00845	0.01205	0.01556	0.02060	0.04234	0.57190	0.04970	0.02361	0.01009	0.00325	0.00512	0.16545	0.00718	0.00650
31	0.01054	0.00769	0.00998	0.01028	0.01180	0.00712	0.00762	0.01343	0.01930	0.02649	0.39836	0.24323	0.11352	0.01895	0.00949	0.00275	0.00422	0.07034	0.00794	0.00696
32	0.07001	0.02128	0.02403	0.28564	0.16169	0.19667	0.03792	0.02533	0.06181	0.02265	0.01454	0.01866	0.01145	0.00777	0.00740	0.00237	0.01059	0.00641	0.00407	0.00971
33	0.01544	0.01262	0.01440	0.01421	0.01739	0.01376	0.01155	0.02789	0.33845	0.02749	0.04108	0.05685	0.11384	0.01580	0.00912	0.00298	0.00624	0.24376	0.00752	0.00961
34	0.01982	0.01692	0.01783	0.01589	0.02037	0.01954	0.01240	0.07331	0.63215	0.03330	0.03088	0.02839	0.02312	0.01046	0.00788	0.00261	0.00626	0.00867	0.00788	0.01232
35	0.02686	0.03266	0.02291	0.06614	0.02644	0.54637	0.04477	0.05508	0.06645	0.02141	0.01389	0.01597	0.01117	0.00813	0.00723	0.00212	0.01294	0.00565	0.00437	0.00942
36	0.02918	0.02112	0.02277	0.01757	0.02368	0.02330	0.01448	0.59820	0.06698	0.07368	0.01974	0.01944	0.01395	0.00938	0.00776	0.00234	0.00834	0.00710	0.00784	0.01314
37	0.02793	0.03426	0.02150	0.01941	0.02344	0.60793	0.01466	0.06338	0.04824	0.02105	0.01345	0.01545	0.01106	0.01006	0.03313	0.00244	0.01364	0.00537	0.00435	0.00926
38	0.01249	0.00892	0.01249	0.01428	0.01606	0.00892	0.01249	0.01606	0.01785	0.02320	0.04105	0.08746	0.04462	0.02142	0.01071	0.00357	0.00714	0.62695	0.00714	0.00714
39	0.05993	0.59426	0.13281	0.01439	0.02162	0.02815	0.01524	0.02339	0.01571	0.02002	0.01123	0.01302	0.00985	0.00677	0.00531	0.00181	0.00863	0.00438	0.00339	0.01009
40	0.01112	0.00849	0.01030	0.00998	0.01202	0.00802	0.00742	0.01566	0.07212	0.02797	0.43654	0.13170	0.18542	0.01709	0.00913	0.00257	0.00400	0.01494	0.00807	0.00745
41	0.00999	0.00808	0.00901	0.00934	0.01173	0.00710	0.00738	0.01242	0.01802	0.02215	0.11354	0.07611	0.50017	0.01974	0.00949	0.00281	0.00458	0.14434	0.00728	0.00673
42	0.01177	0.00881	0.01287	0.01266	0.01423	0.01023	0.00988	0.03801	0.01337	0.01917	0.02069	0.03001	0.01915	0.05631	0.67074	0.01208	0.02031	0.00826	0.00429	0.00716
43	0.15311	0.02148	0.02138	0.01939	0.08576	0.10759	0.01429	0.34531	0.04863	0.08370	0.01733	0.01796	0.01265	0.00862	0.00717	0.00231	0.00867	0.00637	0.00653	0.01174
44	0.02073	0.73217	0.04063	0.01327	0.01990	0.03068	0.01327	0.02322	0.01575	0.01824	0.01078	0.01244	0.00995	0.00663	0.00498	0.00166	0.00829	0.00415	0.00332	0.00995
45	0.01239	0.00889	0.01234	0.01407	0.01588	0.00885	0.01228	0.01590	0.01784	0.02313	0.04227	0.08704	0.06520	0.02136	0.01066	0.00354	0.00703	0.60706	0.00714	0.00712
46	0.01283	0.00834	0.01096	0.01007	0.01222	0.00763	0.00763	0.01644	0.02197	0.08204	0.62480	0.05546	0.06895	0.01536	0.00904	0.00244	0.00389	0.01354	0.00862	0.00777
47	0.01929	0.01666	0.01753	0.01578	0.02016	0.01929	0.01227	0.04120	0.66513	0.03243	0.03156	0.02893	0.02367	0.01052	0.00789	0.00263	0.00614	0.00877	0.00789	0.01227
48	0.01919	0.01842	0.03147	0.04759	0.67914	0.01842	0.02380	0.02380	0.01765	0.02533	0.01458	0.01919	0.01228	0.00691	0.00768	0.00230	0.00921	0.00691	0.00384	0.01228
49	0.01345	0.01053	0.01250	0.01155	0.01414	0.01088	0.00879	0.02255	0.21352	0.03149	0.48338	0.04928	0.05842	0.01426	0.00877	0.00250	0.00440	0.01246	0.00834	0.00879
50	0.01830	0.02092	0.04575	0.03268	0.04052	0.01961	0.65098	0.02484	0.01830	0.02484	0.01569	0.02092	0.01176	0.00654	0.00915	0.00261	0.01307	0.00915	0.00392	0.01046
51	0.01823	0.02072	0.04466	0.03207	0.03953	0.01981	0.61962	0.02453	0.01798	0.02453	0.01541	0.02072	0.01169	0.00688	0.00996	0.00265	0.04771	0.00903	0.00390	0.01036
52	0.01555	0.04011	0.68733	0.02210	0.03356	0.01801	0.02865	0.02455	0.01637	0.02455	0.01391	0.01637	0.00982	0.00737	0.00737	0.00246	0.01146	0.00573	0.00327	0.01146
53	0.00926	0.00786	0.00799	0.00795	0.01053	0.00659	0.00597	0.01131	0.01790	0.02148	0.10984	0.07374	0.64437	0.01944	0.00916	0.00261	0.00391	0.01624	0.00727	0.00659
54	0.01433	0.00965	0.01321	0.01439	0.01657	0.00965	0.01252	0.04223	0.01881	0.05891	0.03962	0.08155	0.04205	0.02032	0.01044	0.00346	0.00717	0.57012	0.00729	0.00769
55	0.00965	0.00687	0.00911	0.01083	0.01131	0.00646	0.00729	0.01103	0.01480	0.01971	0.04182	0.66570	0.04994	0.05685	0.01130	0.00337	0.00474	0.04587	0.00708	0.00626
56	0.01795	0.02036	0.04431	0.03182	0.03937	0.01909	0.62570	0.02429	0.01816	0.02464	0.01675	0.04846	0.01332	0.00723	0.00918	0.00264	0.01274	0.00966	0.00405	0.01029
57	0.01662	0.01625	0.02864	0.39715	0.21193	0.01801	0.12064	0.02268	0.04837	0.02265	0.01516	0.02073	0.01172	0.00748	0.00796	0.00252	0.01027	0.00734	0.00384	0.01003
58	0.01091	0.00788	0.01031	0.00980	0.01157	0.00727	0.00731	0.01448	0.02166	0.03063	0.64939	0.08488	0.07227	0.01619	0.00918	0.00247	0.00369	0.01435	0.00848	0.00727
59	0.01240	0.00882	0.01218	0.01383	0.01548	0.00882	0.01190	0.01570	0.01735	0.02258	0.03978	0.08465	0.04336	0.07556	0.01291	0.00387	0.00717	0.57974	0.00695	0.00695
60	0.02947	0.02172	0.02327	0.01784	0.02404	0.02404	0.01474	0.65329	0.03646	0.04887	0.01862	0.01862	0.01319	0.00931	0.00776	0.00233	0.00853	0.00698	0.00776	0.01319
61	0.01837	0.01917	0.03570	0.06257	0.13551	0.02059	0.32874	0.04813	0.01709	0.02401	0.01408	0.01949	0.01141	0.00863	0.01313	0.00276	0.19851	0.00798	0.00390	0.01024
62	0.01259	0.01022	0.01034	0.01026	0.01299	0.00853	0.00742	0.01354	0.01930	0.02370	0.07690	0.10038	0.62049	0.02127	0.01040	0.00319	0.00512	0.01703	0.00811	0.00823
63	0.03251	0.01392	0.01941	0.01497	0.02091	0.01254	0.04503	0.03742	0.08049	0.59057	0.02990	0.02633	0.01921	0.00952	0.00788	0.00243	0.00690	0.00796	0.00914	0.01297
64	0.03163	0.01541	0.01905	0.01482	0.02062	0.01499	0.01217	0.19291	0.06864	0.45878	0.04884	0.02563	0.01975	0.00979	0.00784	0.00240	0.00696	0.00786	0.00898	0.01294
65	0.01085	0.00783	0.01026	0.00984	0.01156	0.00723	0.00731	0.01433	0.02138	0.03019	0.62460	0.11093	0.07141	0.01652	0.00920	0.00250	0.00373	0.01466	0.00843	0.00723
66	0.01919	0.01842	0.03147	0.04759	0.67914	0.01842	0.02380	0.02380	0.01765	0.02533	0.01458	0.01919	0.01228	0.00691	0.00768	0.00230	0.00921	0.00691	0.00384	0.01228
67	0.01919	0.01842	0.03147	0.04759	0.67914	0.01842	0.02380	0.02380	0.01765	0.02533	0.01458	0.01919	0.01228	0.00691	0.00768	0.00230	0.00921	0.00691	0.00384	0.01228
68	0.02038	0.68601	0.08377	0.01386	0.02081	0.02983	0.01429	0.02331	0.01580	0.01866	0.01099	0.01270	0.00994	0.00668	0.00513	0.00171	0.00850	0.00425	0.00331	0.01005
69	0.01249	0.00892	0.01249	0.01428	0.01606	0.00892	0.01249	0.01606	0.01785	0.02320	0.04105	0.08746	0.04462	0.02142	0.01071	0.00357	0.00714	0.62695	0.00714	0.00714
70	0.00963	0.00783	0.00853	0.00845	0.01078	0.00673	0.00630	0.01199	0.01862	0.02343	0.22562	0.09675	0.50055	0.01888	0.00919	0.00260	0.00388	0.01601	0.00753	0.00673
71	0.00916	0.00785	0.00785	0.00785	0.01047	0.00655	0.00589	0.01113	0.01767	0.02095	0.07855	0.07462	0.67599	0.01964	0.00916	0.00262	0.00393	0.01636	0.00720	0.00655
72	0.00945	0.00675	0.00900	0.01080	0.01125	0.00630	0.00720	0.01080	0.01484	0.01979	0.04274	0.72245	0.05128	0.02429	0.00990	0.00315	0.00450	0.02204	0.00720	0.00630
73	0.01555	0.04011	0.68733	0.02210	0.03356	0.01801	0.02865	0.02455	0.01637	0.02455	0.01391	0.01637	0.00982	0.00737	0.00737	0.00246	0.01146	0.00573	0.00327	0.01146
74	0.01897	0.01819	0.03107	0.08003	0.64844	0.01836	0.02368	0.02360	0.01755	0.02506	0.01455	0.01926	0.01219	0.00695	0.00768	0.00232	0.00927	0.00691	0.00382	0.01210
75	0.02947	0.02172	0.02327	0.01784	0.02404	0.02404	0.01474	0.65329	0.03646	0.04887	0.01862	0.01862	0.01319	0.00931	0.00776	0.00233	0.00853	0.00698	0.00776	0.01319
76	0.01555	0.04011	0.68733	0.02210	0.03356	0.01801	0.02865	0.02455	0.01637	0.02455	0.01391	0.01637	0.00982	0.00737	0.00737	0.00246	0.01146	0.00573	0.00327	0.01146
77	0.01128	0.00752	0.00846	0.00846	0.00846	0.00752	0.00470	0.01128	0.01128	0.01503	0.02443	0.05074	0.02819	0.72751	0.03946	0.00752	0.00752	0.01128	0.00470	0.00470
78	0.02947	0.02172	0.02327	0.01784	0.02404	0.02404	0.01474	0.65329	0.03646	0.04887	0.01862	0.01862	0.01319	0.00931	0.00776	0.00233	0.00853	0.00698	0.00776	0.01319
79	0.02496	0.01491	0.01737	0.01481	0.01967	0.01569	0.01173	0.03866	0.38808	0.28683	0.03162	0.05538	0.02301	0.01070	0.00793	0.00256	0.00625	0.00891	0.00853	0.01240
80	0.00945	0.00675	0.00900	0.01080	0.01125	0.00630	0.00720	0.01080	0.01484	0.01979	0.04274	0.72245	0.05128	0.02429	0.00990	0.00315	0.00450	0.02204	0.00720	0.00630
81	0.00945	0.00675	0.00900	0.01080	0.01125	0.00630	0.00720	0.01080	0.01484	0.01979	0.04274	0.72245	0.05128	0.02429	0.00990	0.00315	0.00450	0.02204	0.00720	0.00630
82	0.03031	0.01459	0.04447	0.01426	0.02001	0.01277	0.01204	0.03670	0.12797	0.51902	0.06108	0.02792	0.02215	0.00996	0.00786	0.00244	0.00658	0.00817	0.00901	0.01269
83	0.01602	0.10257	0.62897	0.02130	0.03233	0.01915	0.02726	0.02443	0.01631	0.02399	0.01363	0.01602	0.00983	0.00730	0.00715	0.00238	0.01117	0.00559	0.00328	0.01132
84	0.02898	0.03634	0.02202	0.01989	0.02397	0.66934	0.01497	0.05599	0.02255	0.02018	0.01225	0.01417	0.01012	0.00804	0.00702	0.00201	0.01376	0.00507	0.00415	0.00916
85	0.01581	0.07434	0.65535	0.02166	0.03288	0.01863	0.02789	0.02449	0.01634	0.02424	0.01376	0.01618	0.00983	0.00733	0.00725	0.00242	0.01130	0.00565	0.00328	0.01138
86	0.01858	0.01780	0.03038	0.13561	0.59585	0.01826	0.02349	0.02327	0.01737	0.02460	0.01448	0.01939	0.01202	0.00702	0.00769	0.00234	0.00936	0.00691	0.00379	0.01179
87	0.00957	0.00717	0.00888	0.00993	0.01109	0.00649	0.00689	0.01136	0.01645	0.02151	0.13169	0.47602	0.21063	0.02206	0.00962	0.00293	0.00425	0.01960	0.00737	0.00649
88	0.01919	0.01842	0.03147	0.04759	0.67914	0.01842	0.02380	0.02380	0.01765	0.02533	0.01458	0.01919	0.01228	0.00691	0.00768	0.00230	0.00921	0.00691	0.00384	0.01228
89	0.01083	0.00902	0.00966	0.00938	0.01158	0.03488	0.00699	0.01356	0.01972	0.02557	0.35380	0.09549	0.33627	0.01761	0.00910	0.00253	0.00424	0.01508	0.00770	0.00699
90	0.01688	0.03012	0.35922	0.02684	0.03605	0.01904	0.31253	0.02437	0.01702	0.02437	0.01453	0.01848	0.01073	0.00731	0.00913	0.00258	0.04902	0.00735	0.00358	0.01084
91	0.01045	0.00750	0.00973	0.01107	0.01186	0.00717	0.00755	0.04084	0.01620	0.02170	0.07263	0.65714	0.05059	0.02318	0.00976	0.00308	0.00464	0.02095	0.00729	0.00667
92	0.01392	0.00973	0.01309	0.01272	0.01462	0.00952	0.03931	0.09100	0.01815	0.05663	0.06333	0.45494	0.05899	0.04359	0.01126	0.03411	0.00572	0.03475	0.00704	0.00758
93	0.01791	0.02022	0.04347	0.03135	0.03860	0.01927	0.60093	0.02406	0.01791	0.02440	0.01648	0.04727	0.01319	0.00749	0.00984	0.00267	0.04116	0.00954	0.00402	0.01022
94	0.00970	0.00699	0.00924	0.01087	0.01155	0.00653	0.00750	0.01132	0.01546	0.02054	0.07071	0.62582	0.07711	0.02356	0.00989	0.00313	0.00462	0.06182	0.00725	0.00641
95	0.01900	0.01857	0.03008	0.12881	0.57576	0.04467	0.02317	0.02358	0.01756	0.02440	0.01438	0.01917	0.01195	0.00706	0.00766	0.00233	0.00954	0.00683	0.00380	0.01170
96	0.03603	0.00947	0.03605	0.00995	0.01253	0.00792	0.00811	0.01417	0.01960	0.02673	0.36463	0.06314	0.27900	0.01703	0.00907	0.00259	0.00442	0.06473	0.00762	0.00723
97	0.01819	0.02167	0.07114	0.03226	0.04025	0.01954	0.62636	0.02483	0.01822	0.02483	0.01562	0.02074	0.01169	0.00657	0.00908	0.00261	0.01301	0.00901	0.00390	0.01050
98	0.01067	0.00706	0.00943	0.01094	0.01166	0.00654	0.00740	0.01209	0.01520	0.05177	0.04215	0.68897	0.04974	0.02358	0.00980	0.00311	0.00460	0.02136	0.00731	0.00663
99	0.05498	0.01454	0.01731	0.01396	0.01916	0.04604	0.01121	0.06077	0.08101	0.48305	0.02896	0.06068	0.02051	0.04005	0.00909	0.00265	0.00691	0.00845	0.00861	0.01205
100	0.02103	0.70701	0.03995	0.01351	0.02005	0.05478	0.01333	0.02350	0.01598	0.01827	0.01082	0.01249	0.00995	0.00668	0.00505	0.00167	0.00850	0.00418	0.00334	0.00992
101	0.01171	0.01113	0.06772	0.01131	0.01414	0.00885	0.00968	0.01650	0.05058	0.02892	0.47504	0.05735	0.11982	0.01576	0.00908	0.00257	0.00478	0.06943	0.00781	0.00781
102	0.01213	0.00881	0.01198	0.01357	0.01545	0.00866	0.01176	0.01552	0.01783	0.02295	0.04520	0.08604	0.11443	0.02122	0.01054	0.00346	0.00678	0.55945	0.00715	0.00707
103	0.02860	0.03563	0.02239	0.02097	0.04948	0.64358	0.01531	0.05512	0.02237	0.02040	0.01235	0.01437	0.01020	0.00800	0.00705	0.00202	0.01358	0.00515	0.00414	0.00928
104	0.01919	0.01837	0.03108	0.04671	0.66081	0.01845	0.02348	0.02428	0.03566	0.02553	0.01506	0.01946	0.01260	0.00701	0.00768	0.00231	0.00913	0.00696	0.00395	0.01228
105	0.01100	0.00825	0.01110	0.06429	0.01475	0.00794	0.00834	0.01444	0.02044	0.02845	0.52370	0.13053	0.09480	0.01635	0.00912	0.00254	0.00429	0.01448	0.00792	0.00727
106	0.01477	0.01376	0.02339	0.65484	0.05107	0.01689	0.04364	0.01992	0.01564	0.02038	0.01434	0.02103	0.01079	0.00776	0.00770	0.00255	0.01015	0.00699	0.03577	0.00862
107	0.02612	0.01769	0.01968	0.01565	0.02066	0.01897	0.01257	0.44592	0.03031	0.11815	0.05496	0.08281	0.02120	0.06599	0.01044	0.00281	0.00765	0.00901	0.00773	0.01167
108	0.02034	0.64780	0.06462	0.01368	0.02020	0.05100	0.01367	0.02313	0.01627	0.01912	0.04181	0.01476	0.01288	0.00714	0.00533	0.00174	0.00839	0.00470	0.00358	0.00986
109	0.02543	0.02686	0.01958	0.01754	0.02179	0.37978	0.01340	0.03428	0.24036	0.08215	0.02281	0.02246	0.04085	0.00943	0.00745	0.00227	0.01028	0.00696	0.00593	0.01038
110	0.01332	0.01045	0.01354	0.01623	0.12705	0.00968	0.01027	0.04026	0.01833	0.05765	0.05561	0.13722	0.37984	0.01720	0.00898	0.00268	0.00547	0.06130	0.00676	0.00816
111	0.00957	0.00684	0.00914	0.01094	0.01144	0.00640	0.00741	0.01101	0.01497	0.01993	0.04267	0.69668	0.05101	0.02417	0.00993	0.00317	0.00461	0.04659	0.00720	0.00633
112	0.01982	0.63486	0.10221	0.01398	0.02088	0.02848	0.01451	0.02299	0.01607	0.01939	0.03867	0.01471	0.01256	0.00709	0.00538	0.00177	0.00841	0.00471	0.00353	0.00999
113	0.01146	0.00824	0.01125	0.01287	0.01432	0.00804	0.01055	0.01435	0.01718	0.02250	0.06969	0.26160	0.07246	0.02191	0.01036	0.00337	0.00614	0.40961	0.00722	0.00689
114	0.02896	0.03695	0.02197	0.01998	0.02397	0.69638	0.01498	0.03096	0.02197	0.01898	0.01199	0.01398	0.00999	0.00799	0.00699	0.00200	0.01398	0.00499	0.00400	0.00899
115	0.01227	0.00844	0.01055	0.01122	0.01262	0.00811	0.00796	0.06281	0.01734	0.04937	0.06783	0.50519	0.10057	0.04949	0.01075	0.00317	0.00504	0.04280	0.00729	0.00715
116	0.01555	0.04011	0.68733	0.02210	0.03356	0.01801	0.02865	0.02455	0.01637	0.02455	0.01391	0.01637	0.00982	0.00737	0.00737	0.00246	0.01146	0.00573	0.00327	0.01146
117	0.01919	0.01842	0.03147	0.04759	0.67914	0.01842	0.02380	0.02380	0.01765	0.02533	0.01458	0.01919	0.01228	0.00691	0.00768	0.00230	0.00921	0.00691	0.00384	0.01228
118	0.02945	0.02243	0.02321	0.01794	0.02404	0.05528	0.01475	0.62437	0.03578	0.04748	0.01831	0.01840	0.01304	0.00925	0.00772	0.00231	0.00879	0.00689	0.00758	0.01299
119	0.01548	0.01450	0.02507	0.53889	0.04724	0.01699	0.10388	0.04358	0.01666	0.02192	0.01577	0.04748	0.01256	0.00832	0.00793	0.00257	0.01014	0.00778	0.03437	0.00889
120	0.01356	0.00894	0.01160	0.01072	0.01303	0.00841	0.00831	0.04233	0.02224	0.07838	0.55287	0.05633	0.06462	0.01556	0.00911	0.00252	0.00434	0.06068	0.00847	0.00796
121	0.01919	0.01842	0.03147	0.04759	0.67914	0.01842	0.02380	0.02380	0.01765	0.02533	0.01458	0.01919	0.01228	0.00691	0.00768	0.00230	0.00921	0.00691	0.00384	0.01228
122	0.01533	0.03764	0.62582	0.02178	0.03263	0.01747	0.05254	0.02386	0.01652	0.02438	0.01738	0.01961	0.04485	0.00798	0.00753	0.00247	0.01113	0.00643	0.00351	0.01116
123	0.01079	0.00782	0.01081	0.03489	0.01448	0.00767	0.00971	0.01312	0.01602	0.02111	0.04114	0.45486	0.04738	0.02265	0.01014	0.00329	0.00571	0.25468	0.00705	0.00670
124	0.01836	0.01719	0.02878	0.07565	0.56467	0.01753	0.02190	0.02329	0.04280	0.02454	0.01548	0.02036	0.01303	0.01032	0.04170	0.03227	0.00961	0.00704	0.00398	0.01150
125	0.03042	0.01316	0.01714	0.01355	0.01896	0.01199	0.01105	0.05801	0.07501	0.52946	0.08276	0.03074	0.05022	0.01056	0.00796	0.00243	0.00629	0.00868	0.00921	0.01239
126	0.07273	0.17093	0.48803	0.01994	0.02984	0.02047	0.04864	0.02418	0.01609	0.02410	0.01315	0.01551	0.00982	0.00718	0.00679	0.00230	0.01051	0.00545	0.00342	0.01090
127	0.01794	0.01859	0.02235	0.01938	0.01986	0.10204	0.01577	0.01954	0.01302	0.01841	0.01150	0.01924	0.01156	0.06858	0.02436	0.00355	0.57557	0.00692	0.00357	0.00825
128	0.05726	0.16817	0.50548	0.01974	0.02966	0.04622	0.02419	0.02446	0.01630	0.02370	0.01309	0.01535	0.00978	0.00724	0.00677	0.00229	0.01068	0.00532	0.00339	0.01092
129	0.01791	0.01711	0.02915	0.23411	0.50265	0.01809	0.02316	0.02267	0.01705	0.02377	0.01436	0.01961	0.01173	0.00715	0.00770	0.00238	0.00953	0.00690	0.00373	0.01125
130	0.01799	0.01701	0.02881	0.12115	0.55177	0.01739	0.02238	0.02248	0.01730	0.02438	0.01675	0.05077	0.01500	0.00832	0.00790	0.00242	0.00906	0.03363	0.00407	0.01140
131	0.00951	0.00685	0.00902	0.01062	0.01123	0.00636	0.00715	0.01100	0.01531	0.02040	0.07526	0.66256	0.07867	0.02368	0.00983	0.00309	0.00443	0.02141	0.00726	0.00636
132	0.00989	0.00748	0.01052	0.01158	0.01254	0.00695	0.03318	0.01158	0.01532	0.02021	0.04438	0.62016	0.09816	0.02311	0.00984	0.00310	0.00490	0.04353	0.00706	0.00652
133	0.07638	0.03613	0.57857	0.02115	0.03169	0.01769	0.04875	0.02508	0.01648	0.05774	0.01455	0.01673	0.01024	0.00743	0.00725	0.00245	0.01085	0.00584	0.00373	0.01127
134	0.02173	0.01626	0.01735	0.01540	0.01978	0.04389	0.01210	0.06034	0.45258	0.13535	0.03113	0.06363	0.02433	0.01140	0.00806	0.00263	0.00658	0.03776	0.00793	0.01180
135	0.01464	0.01378	0.02326	0.70887	0.05340	0.01723	0.02153	0.01981	0.01550	0.01981	0.01378	0.02067	0.01034	0.00775	0.00775	0.00258	0.01034	0.00689	0.00345	0.00861
136	0.02147	0.02161	0.01895	0.05320	0.02286	0.18939	0.01344	0.03750	0.46937	0.02839	0.02571	0.02474	0.01953	0.00974	0.00766	0.00247	0.00833	0.00772	0.00668	0.01126
137	0.01609	0.08435	0.58477	0.02196	0.03243	0.01917	0.05766	0.02423	0.01623	0.02390	0.01363	0.01636	0.00994	0.00754	0.00806	0.00245	0.04089	0.00584	0.00331	0.01118
138	0.01043	0.00838	0.00949	0.01003	0.01228	0.00766	0.00783	0.01363	0.04850	0.02186	0.06349	0.15589	0.42641	0.02017	0.00954	0.00290	0.00482	0.15255	0.00722	0.00692
139	0.01132	0.00825	0.01102	0.01247	0.01406	0.00796	0.01022	0.01419	0.01735	0.02253	0.07669	0.22629	0.12772	0.02157	0.01026	0.00330	0.00597	0.38471	0.00723	0.00688
140	0.01555	0.04011	0.68733	0.02210	0.03356	0.01801	0.02865	0.02455	0.01637	0.02455	0.01391	0.01637	0.00982	0.00737	0.00737	0.00246	0.01146	0.00573	0.00327	0.01146
141	0.01249	0.00892	0.01249	0.01428	0.01606	0.00892	0.01249	0.01606	0.01785	0.02320	0.04105	0.08746	0.04462	0.02142	0.01071	0.00357	0.00714	0.62695	0.00714	0.00714
142	0.02103	0.01956	0.01814	0.01637	0.01993	0.15601	0.01263	0.06134	0.32686	0.06177	0.02652	0.11652	0.02264	0.01200	0.00951	0.00261	0.06984	0.00946	0.00669	0.01056
143	0.06375	0.01575	0.01882	0.01462	0.02052	0.04230	0.01201	0.14469	0.02432	0.51936	0.02692	0.02396	0.01732	0.00938	0.00764	0.00237	0.00722	0.00739	0.00885	0.01283
144	0.01575	0.06705	0.66215	0.02176	0.03303	0.01850	0.02805	0.02450	0.01635	0.02431	0.01379	0.01622	0.00983	0.00734	0.00727	0.00242	0.01134	0.00567	0.00328	0.01140
145	0.01863	0.02126	0.04310	0.03122	0.03830	0.04721	0.57658	0.02461	0.01795	0.02413	0.01511	0.02033	0.01157	0.00714	0.01032	0.00265	0.06697	0.00880	0.00388	0.01025
146	0.05132	0.62216	0.09044	0.01410	0.02095	0.05384	0.01436	0.02359	0.01593	0.01944	0.01108	0.01282	0.00988	0.00677	0.00523	0.00176	0.00866	0.00431	0.00340	0.00997
147	0.08480	0.01359	0.02143	0.61241	0.04783	0.01678	0.01958	0.02000	0.01533	0.02160	0.01404	0.02032	0.01060	0.00776	0.00737	0.00253	0.00963	0.00666	0.03921	0.00853
148	0.01716	0.01592	0.02336	0.05595	0.02238	0.02116	0.04729	0.01945	0.01294	0.05098	0.01271	0.01919	0.01165	0.01732	0.09195	0.00420	0.53683	0.00711	0.00380	0.00865
149	0.00989	0.00715	0.00935	0.01034	0.01131	0.00661	0.00717	0.01196	0.01711	0.02323	0.23387	0.49164	0.08848	0.02154	0.00964	0.00291	0.00422	0.01936	0.00760	0.00661
150	0.01971	0.01687	0.01777	0.01586	0.02032	0.01948	0.01237	0.06662	0.63903	0.03312	0.03102	0.02850	0.02323	0.01047	0.00788	0.00262	0.00624	0.00869	0.00788	0.01231
151	0.01778	0.01981	0.04195	0.05699	0.06491	0.01908	0.55054	0.02378	0.01777	0.02422	0.01648	0.04981	0.01331	0.00761	0.00971	0.00265	0.03996	0.00942	0.00402	0.01021
152	0.02067	0.01971	0.01790	0.01608	0.02030	0.13548	0.01242	0.06009	0.48350	0.03029	0.05518	0.02864	0.04439	0.01055	0.00782	0.00250	0.00741	0.00851	0.00722	0.01135
153	0.02717	0.03387	0.02147	0.02031	0.04949	0.60447	0.01477	0.03019	0.05148	0.01995	0.01620	0.01780	0.04275	0.00862	0.00717	0.00207	0.01294	0.00579	0.00432	0.00916
154	0.01216	0.00875	0.01203	0.01343	0.01525	0.00862	0.01155	0.01568	0.01839	0.02417	0.12690	0.08303	0.07301	0.02061	0.01044	0.00338	0.00655	0.52159	0.00733	0.00714
155	0.01970	0.01939	0.03097	0.04614	0.64477	0.05399	0.02333	0.02417	0.01788	0.02500	0.01445	0.01892	0.01216	0.00697	0.00764	0.00229	0.00946	0.00681	0.00385	0.01211
156	0.00955	0.00819	0.00822	0.00815	0.01084	0.00703	0.00613	0.01226	0.04214	0.02138	0.07677	0.07289	0.65134	0.01929	0.00912	0.00262	0.00401	0.01608	0.00723	0.00676
157	0.02073	0.73217	0.04063	0.01327	0.01990	0.03068	0.01327	0.02322	0.01575	0.01824	0.01078	0.01244	0.00995	0.00663	0.00498	0.00166	0.00829	0.00415	0.00332	0.00995
158	0.01929	0.01666	0.01753	0.01578	0.02016	0.01929	0.01227	0.04120	0.66513	0.03243	0.03156	0.02893	0.02367	0.01052	0.00789	0.00263	0.00614	0.00877	0.00789	0.01227
159	0.01555	0.04011	0.68733	0.02210	0.03356	0.01801	0.02865	0.02455	0.01637	0.02455	0.01391	0.01637	0.00982	0.00737	0.00737	0.00246	0.01146	0.00573	0.00327	0.01146
160	0.01092	0.00792	0.01029	0.00970	0.01155	0.00729	0.00728	0.01453	0.02183	0.03080	0.65797	0.05840	0.09042	0.01596	0.00915	0.00244	0.00367	0.01409	0.00850	0.00729
161	0.03479	0.01320	0.01799	0.01380	0.01979	0.01140	0.01140	0.03779	0.02219	0.68451	0.03059	0.02639	0.01919	0.00960	0.00780	0.00240	0.00660	0.00780	0.00960	0.01320
162	0.78228	0.01499	0.01140	0.01020	0.01499	0.01739	0.00840	0.02279	0.01320	0.03479	0.01080	0.01260	0.00840	0.00720	0.00480	0.00240	0.00600	0.00420	0.00480	0.00840
163	0.00945	0.00675	0.00900	0.01080	0.01125	0.00630	0.00720	0.01080	0.01484	0.01979	0.04274	0.72245	0.05128	0.02429	0.00990	0.00315	0.00450	0.02204	0.00720	0.00630
164	0.01919	0.01842	0.03147	0.04759	0.67914	0.01842	0.02380	0.02380	0.01765	0.02533	0.01458	0.01919	0.01228	0.00691	0.00768	0.00230	0.00921	0.00691	0.00384	0.01228
165	0.01929	0.01666	0.01753	0.01578	0.02016	0.01929	0.01227	0.04120	0.66513	0.03243	0.03156	0.02893	0.02367	0.01052	0.00789	0.00263	0.00614	0.00877	0.00789	0.01227
166	0.01234	0.00882	0.01232	0.01411	0.01583	0.00880	0.01223	0.01581	0.01770	0.02304	0.04114	0.11861	0.04495	0.02156	0.01067	0.00355	0.00701	0.59728	0.00714	0.00710
167	0.00945	0.00675	0.00900	0.01080	0.01125	0.00630	0.00720	0.01080	0.01484	0.01979	0.04274	0.72245	0.05128	0.02429	0.00990	0.00315	0.00450	0.02204	0.00720	0.00630
168	0.01555	0.04011	0.68733	0.02210	0.03356	0.01801	0.02865	0.02455	0.01637	0.02455	0.01391	0.01637	0.00982	0.00737	0.00737	0.00246	0.01146	0.00573	0.00327	0.01146
169	0.03026	0.02046	0.02249	0.01724	0.02342	0.02218	0.01425	0.56274	0.03436	0.14237	0.02038	0.01976	0.01407	0.00935	0.00776	0.00234	0.00825	0.00710	0.00803	0.01319
170	0.01696	0.01696	0.02375	0.02036	0.02036	0.02375	0.01696	0.01866	0.01187	0.01866	0.01018	0.01696	0.01018	0.01357	0.02545	0.00339	0.71332	0.00679	0.00339	0.00848
171	0.01919	0.01842	0.03147	0.04759	0.67914	0.01842	0.02380	0.02380	0.01765	0.02533	0.01458	0.01919	0.01228	0.00691	0.00768	0.00230	0.00921	0.00691	0.00384	0.01228
172	0.00945	0.00675	0.00900	0.01080	0.01125	0.00630	0.00720	0.01080	0.01484	0.01979	0.04274	0.72245	0.05128	0.02429	0.00990	0.00315	0.00450	0.02204	0.00720	0.00630
173	0.02073	0.73217	0.04063	0.01327	0.01990	0.03068	0.01327	0.02322	0.01575	0.01824	0.01078	0.01244	0.00995	0.00663	0.00498	0.00166	0.00829	0.00415	0.00332	0.00995
174	0.02104	0.01753	0.01852	0.01613	0.02083	0.02011	0.01270	0.14689	0.55658	0.03527	0.02932	0.02715	0.02186	0.01031	0.00787	0.00258	0.00655	0.00846	0.00787	0.01243
175	0.00925	0.00786	0.00798	0.00795	0.01053	0.00658	0.00596	0.01130	0.01788	0.02144	0.10781	0.07380	0.64642	0.01945	0.00916	0.00261	0.00391	0.01625	0.00727	0.00658
176	0.01919	0.01842	0.03147	0.04759	0.67914	0.01842	0.02380	0.02380	0.01765	0.02533	0.01458	0.01919	0.01228	0.00691	0.00768	0.00230	0.00921	0.00691	0.00384	0.01228
177	0.01108	0.00831	0.01246	0.01246	0.01385	0.00969	0.00969	0.01385	0.01246	0.01800	0.02077	0.03046	0.01938	0.05815	0.69678	0.01246	0.02077	0.00831	0.00415	0.00692
178	0.00952	0.00680	0.00906	0.01075	0.01126	0.00635	0.00720	0.01097	0.01517	0.02032	0.07212	0.69157	0.05230	0.02390	0.00986	0.00312	0.00446	0.02167	0.00726	0.00635
179	0.03479	0.01320	0.01799	0.01380	0.01979	0.01140	0.01140	0.03779	0.02219	0.68451	0.03059	0.02639	0.01919	0.00960	0.00780	0.00240	0.00660	0.00780	0.00960	0.01320
180	0.78228	0.01499	0.01140	0.01020	0.01499	0.01739	0.00840	0.02279	0.01320	0.03479	0.01080	0.01260	0.00840	0.00720	0.00480	0.00240	0.00600	0.00420	0.00480	0.00840
181	0.02812	0.02079	0.02224	0.01717	0.02314	0.02288	0.01415	0.61045	0.03520	0.04700	0.02261	0.02235	0.05740	0.01000	0.00785	0.00235	0.00822	0.00761	0.00772	0.01274
182	0.01215	0.00884	0.01115	0.01024	0.01238	0.00841	0.00777	0.05712	0.02279	0.03197	0.61310	0.05581	0.08752	0.01553	0.00905	0.00244	0.00399	0.01362	0.00844	0.00768
183	0.06270	0.00802	0.00865	0.00857	0.00889	0.00818	0.00494	0.01204	0.01140	0.01635	0.02352	0.04820	0.02687	0.67946	0.03715	0.00718	0.00742	0.01080	0.00470	0.00494
184	0.01898	0.01646	0.01791	0.06201	0.02238	0.01915	0.01289	0.03977	0.62180	0.03159	0.03037	0.02838	0.02278	0.01033	0.00788	0.00263	0.00642	0.00864	0.00759	0.01203
185	0.07181	0.00778	0.00766	0.00769	0.00963	0.00793	0.00576	0.01794	0.01594	0.02874	0.02537	0.07394	0.02111	0.00991	0.00567	0.00194	0.00385	0.00799	0.66210	0.00725
186	0.00989	0.00722	0.00947	0.01084	0.01172	0.00657	0.00733	0.01138	0.01493	0.02016	0.04080	0.67533	0.04863	0.02305	0.00962	0.00302	0.00458	0.02088	0.00702	0.05757
187	0.01883	0.01614	0.01720	0.01568	0.01989	0.01859	0.01229	0.03952	0.62196	0.03182	0.03219	0.03283	0.02507	0.01125	0.00808	0.00269	0.00620	0.05000	0.00784	0.01193
188	0.01078	0.00784	0.01014	0.00972	0.01150	0.00721	0.00723	0.01419	0.02125	0.02981	0.60158	0.10312	0.10333	0.01661	0.00920	0.00250	0.00373	0.01468	0.00838	0.00721
189	0.01177	0.00817	0.01025	0.00959	0.01177	0.00736	0.00724	0.01508	0.02114	0.06058	0.53003	0.05959	0.18579	0.01627	0.00908	0.00247	0.00385	0.01417	0.00833	0.00745
190	0.00979	0.00722	0.00995	0.05736	0.01406	0.00703	0.00815	0.01140	0.01489	0.01979	0.04080	0.67564	0.04855	0.02319	0.00975	0.00311	0.00489	0.02103	0.00695	0.00645
191	0.73203	0.01646	0.01210	0.01085	0.01559	0.06268	0.00884	0.02334	0.01378	0.03373	0.01088	0.01269	0.00850	0.00725	0.00494	0.00237	0.00653	0.00425	0.00474	0.00844
192	0.01246	0.00948	0.00936	0.00922	0.00949	0.05347	0.00538	0.01259	0.01199	0.01530	0.02360	0.04829	0.02697	0.67951	0.03730	0.00715	0.00795	0.01086	0.00465	0.00498
193	0.01119	0.00828	0.01210	0.01222	0.01350	0.00944	0.00942	0.01376	0.01271	0.01807	0.02246	0.03612	0.02187	0.11700	0.59082	0.01142	0.01865	0.04984	0.00440	0.00673
194	0.01480	0.01399	0.02329	0.66295	0.05120	0.01766	0.02123	0.01973	0.01526	0.01973	0.01354	0.02042	0.01033	0.00814	0.00893	0.00264	0.05723	0.00688	0.00344	0.00860
195	0.00995	0.00835	0.00872	0.00874	0.01124	0.00741	0.00650	0.01327	0.06081	0.02210	0.10093	0.12820	0.54810	0.01926	0.00914	0.00266	0.00411	0.01625	0.00731	0.00694
196	0.01320	0.00673	0.01003	0.01015	0.01018	0.00670	0.00676	0.01015	0.01042	0.01389	0.01542	0.07019	0.01599	0.02676	0.02894	0.72297	0.00658	0.00776	0.00362	0.00356
197	0.01363	0.00978	0.01321	0.01452	0.01660	0.00993	0.01264	0.05857	0.01909	0.02492	0.03956	0.08287	0.04253	0.02061	0.01051	0.00349	0.00723	0.58560	0.00718	0.00754

[dist]
# distance from previous block
# <min> <max>
0	12

# created by:
# /st0/software/busco_prod/Augustus/scripts/msa2prfl.pl ./align_prep/111451.fa
