[name]
unknown

[dist]
# distance from previous block
# <min> <max>
0	69

[block]
# block no. 0 follows, 23 sequences, length 7
# corresponding to MSA columns:
# 69-75
name=unknown_A
#
# <colnr> <probs for GDERKNQSTAVLIFYWHMCP>
#	G	D	E	R	K	N	Q	S	T	A	V	L	I	F	Y	W	H	M	C	P
0	0.02334	0.05603	0.25532	0.01901	0.02679	0.04875	0.01957	0.15519	0.11089	0.12428	0.02234	0.02566	0.01689	0.00990	0.00805	0.00258	0.00953	0.04730	0.00632	0.01226
1	0.09765	0.04886	0.04199	0.01520	0.02117	0.01863	0.01282	0.26170	0.06966	0.09129	0.09684	0.02446	0.02163	0.00966	0.00751	0.00225	0.00732	0.00752	0.00717	0.13665
2	0.02047	0.07486	0.03845	0.01466	0.01925	0.01698	0.01194	0.16510	0.15562	0.07569	0.04875	0.15916	0.05204	0.04448	0.00975	0.00279	0.00692	0.01113	0.00726	0.06470
3	0.01837	0.02127	0.13181	0.10640	0.26316	0.04944	0.02053	0.08213	0.01954	0.02662	0.02137	0.16086	0.02054	0.01144	0.00844	0.00264	0.00933	0.01018	0.00500	0.01091
4	0.07469	0.01484	0.01697	0.01329	0.01912	0.01341	0.01056	0.13154	0.02100	0.10862	0.02168	0.12008	0.01920	0.01012	0.00721	0.00198	0.00647	0.00831	0.00645	0.37446
5	0.01724	0.01315	0.01540	0.01219	0.01782	0.01089	0.00952	0.02221	0.07695	0.08007	0.02796	0.10888	0.08252	0.01059	0.00728	0.00186	0.00578	0.00892	0.00617	0.46460
6	0.01721	0.01223	0.01593	0.01713	0.09402	0.01225	0.01138	0.08056	0.09225	0.09019	0.20341	0.21774	0.07014	0.01606	0.00917	0.00275	0.00585	0.01416	0.00786	0.00972

[dist]
# distance from previous block
# <min> <max>
0	1

[block]
# block no. 1 follows, 23 sequences, length 9
# corresponding to MSA columns:
# 77-85
name=unknown_B
#
# <colnr> <probs for GDERKNQSTAVLIFYWHMCP>
#	G	D	E	R	K	N	Q	S	T	A	V	L	I	F	Y	W	H	M	C	P
0	0.06130	0.01650	0.02632	0.41457	0.24249	0.01884	0.02208	0.05772	0.01805	0.02520	0.01480	0.02054	0.01151	0.00790	0.00791	0.00259	0.01008	0.00706	0.00408	0.01048
1	0.07276	0.01523	0.02451	0.45640	0.18724	0.01768	0.02112	0.02157	0.01697	0.02393	0.05421	0.02306	0.01518	0.00839	0.00795	0.00261	0.00978	0.00747	0.00413	0.00978
2	0.01308	0.00934	0.01308	0.01494	0.01681	0.00934	0.01308	0.01681	0.01868	0.02428	0.04296	0.09153	0.04670	0.02242	0.01121	0.00374	0.00747	0.60960	0.00747	0.00747
3	0.02008	0.01928	0.03294	0.04981	0.66422	0.01928	0.02490	0.02490	0.01848	0.02651	0.01526	0.02008	0.01285	0.00723	0.00803	0.00241	0.00964	0.00723	0.00402	0.01285
4	0.09171	0.01439	0.01751	0.01396	0.01952	0.01368	0.01133	0.07894	0.08642	0.38117	0.10345	0.02921	0.02531	0.01039	0.00791	0.00244	0.00652	0.00841	0.00877	0.06897
5	0.01669	0.01621	0.02730	0.40574	0.10727	0.01877	0.09026	0.02155	0.01631	0.02221	0.01421	0.02057	0.01127	0.00855	0.01065	0.00267	0.10589	0.00726	0.00380	0.07282
6	0.03641	0.01381	0.01883	0.01444	0.02071	0.01193	0.01193	0.03954	0.02322	0.66984	0.03201	0.02762	0.02009	0.01004	0.00816	0.00251	0.00690	0.00816	0.01004	0.01381
7	0.01683	0.01442	0.01683	0.01202	0.01923	0.01082	0.00961	0.02043	0.01683	0.02644	0.01442	0.01683	0.01202	0.00601	0.00601	0.00120	0.00601	0.00481	0.00481	0.76444
8	0.01731	0.01444	0.01678	0.01246	0.01905	0.01155	0.00988	0.06659	0.01834	0.02784	0.01735	0.07523	0.01565	0.00792	0.00653	0.00147	0.00612	0.00653	0.00529	0.64365

[dist]
# distance from previous block
# <min> <max>
0	5

[block]
# block no. 2 follows, 23 sequences, length 9
# corresponding to MSA columns:
# 91-99
name=unknown_C
#
# <colnr> <probs for GDERKNQSTAVLIFYWHMCP>
#	G	D	E	R	K	N	Q	S	T	A	V	L	I	F	Y	W	H	M	C	P
0	0.01683	0.01442	0.01683	0.01202	0.01923	0.01082	0.00961	0.02043	0.01683	0.02644	0.01442	0.01683	0.01202	0.00601	0.00601	0.00120	0.00601	0.00481	0.00481	0.76444
1	0.01865	0.02197	0.07888	0.03034	0.03812	0.01966	0.49271	0.02496	0.01835	0.02560	0.01572	0.02080	0.01206	0.00728	0.01019	0.00261	0.05735	0.00870	0.00410	0.09195
2	0.01625	0.01376	0.01618	0.01182	0.01846	0.01048	0.00940	0.01988	0.01749	0.02710	0.08388	0.02154	0.01896	0.00715	0.00639	0.00135	0.00577	0.00587	0.00525	0.68300
3	0.03566	0.01501	0.01957	0.01501	0.02131	0.01370	0.01240	0.11977	0.02523	0.58678	0.03033	0.02653	0.01924	0.01000	0.00815	0.00250	0.00718	0.00805	0.00978	0.01381
4	0.01871	0.01554	0.01784	0.01291	0.02003	0.01274	0.01039	0.10322	0.01969	0.02976	0.01510	0.01718	0.01226	0.00651	0.00629	0.00137	0.00640	0.00514	0.00525	0.66367
5	0.01532	0.01442	0.02434	0.69533	0.05589	0.01803	0.02253	0.02073	0.01622	0.02073	0.01442	0.02163	0.01082	0.00811	0.00811	0.00270	0.01082	0.00721	0.00361	0.00901
6	0.01911	0.01978	0.02580	0.14780	0.12753	0.09796	0.01949	0.02205	0.01526	0.02086	0.01226	0.01846	0.01100	0.01135	0.01819	0.00305	0.38983	0.00693	0.00370	0.00958
7	0.00977	0.00803	0.00844	0.00872	0.01095	0.00688	0.00629	0.01160	0.01763	0.02135	0.07305	0.17035	0.53073	0.06520	0.01171	0.00315	0.00444	0.01767	0.00737	0.00669
8	0.01180	0.00787	0.00885	0.00885	0.00885	0.00787	0.00492	0.01180	0.01180	0.01573	0.02557	0.05310	0.02950	0.71483	0.04130	0.00787	0.00787	0.01180	0.00492	0.00492

[dist]
# distance from previous block
# <min> <max>
10	19

[block]
# block no. 3 follows, 23 sequences, length 7
# corresponding to MSA columns:
# 122-128
name=unknown_D
#
# <colnr> <probs for GDERKNQSTAVLIFYWHMCP>
#	G	D	E	R	K	N	Q	S	T	A	V	L	I	F	Y	W	H	M	C	P
0	0.21231	0.01229	0.01389	0.05428	0.04463	0.01290	0.01133	0.02029	0.06102	0.02825	0.07492	0.05156	0.13269	0.01471	0.00842	0.00286	0.00651	0.18207	0.00647	0.04859
1	0.02082	0.61049	0.14410	0.01537	0.02313	0.02997	0.01648	0.02452	0.01659	0.02016	0.01181	0.01368	0.01039	0.00707	0.00561	0.00187	0.00921	0.00461	0.00346	0.01067
2	0.02762	0.01434	0.01821	0.01601	0.04800	0.01402	0.01232	0.08890	0.12664	0.34859	0.09540	0.03430	0.02740	0.01143	0.00838	0.00259	0.00671	0.04463	0.04217	0.01232
3	0.02008	0.01928	0.03294	0.04981	0.66422	0.01928	0.02490	0.02490	0.01848	0.02651	0.01526	0.02008	0.01285	0.00723	0.00803	0.00241	0.00964	0.00723	0.00402	0.01285
4	0.01694	0.12479	0.59577	0.02200	0.03337	0.02047	0.02801	0.02553	0.01705	0.02489	0.01416	0.01663	0.01030	0.00762	0.00740	0.00247	0.01159	0.00579	0.00343	0.01180
5	0.03031	0.03867	0.02299	0.02090	0.02508	0.68226	0.01568	0.03240	0.02299	0.01986	0.01254	0.01463	0.01045	0.00836	0.00732	0.00209	0.01463	0.00523	0.00418	0.00941
6	0.01430	0.01010	0.01259	0.01296	0.01551	0.00993	0.01058	0.01984	0.09625	0.06625	0.11631	0.12188	0.16870	0.01947	0.01009	0.00318	0.00603	0.26979	0.00791	0.00835

[dist]
# distance from previous block
# <min> <max>
0	1

[block]
# block no. 4 follows, 23 sequences, length 83
# corresponding to MSA columns:
# 130-212
name=unknown_E
#
# <colnr> <probs for GDERKNQSTAVLIFYWHMCP>
#	G	D	E	R	K	N	Q	S	T	A	V	L	I	F	Y	W	H	M	C	P
0	0.01779	0.01603	0.02520	0.43643	0.15216	0.01895	0.02120	0.09034	0.01870	0.02497	0.01535	0.02151	0.01202	0.01142	0.04699	0.00325	0.04606	0.00730	0.00422	0.01010
1	0.02133	0.01604	0.01876	0.01443	0.02049	0.01513	0.01165	0.13566	0.08247	0.09210	0.01900	0.02046	0.01470	0.01077	0.04230	0.00243	0.04398	0.00632	0.00615	0.40582
2	0.02022	0.01528	0.01726	0.01563	0.01968	0.01704	0.01254	0.11732	0.33369	0.06540	0.03120	0.03864	0.02587	0.01756	0.07655	0.00385	0.00837	0.10523	0.04736	0.01132
3	0.01140	0.00829	0.01073	0.01012	0.01207	0.00762	0.00759	0.01515	0.02277	0.03206	0.63392	0.06140	0.10288	0.01677	0.00957	0.00256	0.00384	0.01478	0.00887	0.00762
4	0.02176	0.57182	0.07190	0.01477	0.02137	0.05617	0.01458	0.02475	0.01722	0.04616	0.04152	0.01619	0.01378	0.00785	0.00646	0.00192	0.03216	0.00517	0.00401	0.01041
5	0.01060	0.00740	0.00934	0.01045	0.01088	0.00707	0.00672	0.01174	0.01488	0.01998	0.08207	0.45735	0.04768	0.24160	0.02003	0.00468	0.00564	0.01893	0.00681	0.00614
6	0.01690	0.01839	0.05679	0.09938	0.05887	0.01930	0.25285	0.02137	0.01630	0.02283	0.01864	0.12202	0.01773	0.01185	0.01420	0.00302	0.20519	0.01038	0.00437	0.00963
7	0.01002	0.00765	0.00921	0.01007	0.01154	0.00684	0.00708	0.01202	0.01767	0.02289	0.14934	0.39363	0.26796	0.02241	0.00997	0.00299	0.00437	0.01975	0.00774	0.00684
8	0.02114	0.01759	0.01880	0.01670	0.02136	0.02011	0.01321	0.12222	0.52271	0.03562	0.03187	0.03303	0.02479	0.01162	0.00844	0.00278	0.00684	0.05038	0.00818	0.01260
9	0.00989	0.00706	0.00942	0.01130	0.01177	0.00659	0.00753	0.01130	0.01554	0.02071	0.04472	0.70954	0.05367	0.02542	0.01036	0.00330	0.00471	0.02307	0.00753	0.00659
10	0.01683	0.01442	0.01683	0.01202	0.01923	0.01082	0.00961	0.02043	0.01683	0.02644	0.01442	0.01683	0.01202	0.00601	0.00601	0.00120	0.00601	0.00481	0.00481	0.76444
11	0.06348	0.09428	0.03603	0.05230	0.03282	0.06739	0.31216	0.05202	0.07735	0.04989	0.01700	0.02051	0.01309	0.00826	0.00980	0.00262	0.06744	0.00796	0.00479	0.01081
12	0.73931	0.01561	0.01223	0.01084	0.01592	0.01792	0.00893	0.02455	0.01423	0.06468	0.01222	0.01383	0.00929	0.00764	0.00516	0.00251	0.00630	0.00456	0.00525	0.00901
13	0.01305	0.01054	0.01420	0.01344	0.01482	0.03455	0.03083	0.01538	0.01343	0.01886	0.02155	0.03467	0.02112	0.19615	0.43215	0.01021	0.05893	0.00915	0.02993	0.00705
14	0.01882	0.02302	0.09023	0.05601	0.04236	0.02032	0.57208	0.02579	0.01891	0.02579	0.01622	0.02155	0.01212	0.00694	0.00940	0.00272	0.01347	0.00925	0.00404	0.01095
15	0.01762	0.01483	0.01593	0.01452	0.01830	0.01662	0.01111	0.03483	0.47235	0.03179	0.13072	0.03956	0.07685	0.05544	0.01056	0.00303	0.00596	0.01071	0.00811	0.01116
16	0.02325	0.05669	0.02091	0.05060	0.02274	0.01973	0.01349	0.27356	0.16045	0.07436	0.02641	0.07297	0.04032	0.01712	0.08613	0.00378	0.00939	0.00915	0.00728	0.01169
17	0.10109	0.01041	0.01179	0.01095	0.01363	0.01042	0.00835	0.05494	0.05370	0.03222	0.40818	0.09565	0.12663	0.01586	0.00894	0.00262	0.00464	0.01358	0.00814	0.00826
18	0.02099	0.01913	0.01872	0.01686	0.02142	0.07312	0.01307	0.04226	0.59946	0.03282	0.03139	0.02902	0.02362	0.01080	0.00818	0.00270	0.00708	0.00886	0.00793	0.01257
19	0.01467	0.02713	0.37023	0.01785	0.02538	0.01453	0.02038	0.02260	0.05480	0.02841	0.23723	0.03722	0.03590	0.01182	0.00859	0.00265	0.00862	0.04592	0.00582	0.01029
20	0.02237	0.63058	0.04111	0.01522	0.02210	0.05495	0.03973	0.05582	0.01794	0.02103	0.01196	0.01377	0.01067	0.00713	0.00561	0.00183	0.00911	0.00474	0.00376	0.01057
21	0.77215	0.01569	0.01193	0.01067	0.01569	0.01820	0.00879	0.02385	0.01381	0.03641	0.01130	0.01318	0.00879	0.00753	0.00502	0.00251	0.00628	0.00439	0.00502	0.00879
22	0.02727	0.02082	0.02435	0.17435	0.03223	0.02352	0.01706	0.49534	0.03311	0.04414	0.01832	0.01998	0.01311	0.00937	0.00812	0.00250	0.00936	0.00728	0.00708	0.01270
23	0.02008	0.01928	0.03294	0.04981	0.66422	0.01928	0.02490	0.02490	0.01848	0.02651	0.01526	0.02008	0.01285	0.00723	0.00803	0.00241	0.00964	0.00723	0.00402	0.01285
24	0.03476	0.01386	0.01866	0.01423	0.02059	0.01183	0.01173	0.03794	0.02269	0.61589	0.03054	0.02671	0.01941	0.00970	0.00798	0.00240	0.00683	0.00788	0.00960	0.07675
25	0.00989	0.00706	0.00942	0.01130	0.01177	0.00659	0.00753	0.01130	0.01554	0.02071	0.04472	0.70954	0.05367	0.02542	0.01036	0.00330	0.00471	0.02307	0.00753	0.00659
26	0.01308	0.00934	0.01308	0.01494	0.01681	0.00934	0.01308	0.01681	0.01868	0.02428	0.04296	0.09153	0.04670	0.02242	0.01121	0.00374	0.00747	0.60960	0.00747	0.00747
27	0.02169	0.71972	0.04252	0.01388	0.02083	0.03211	0.01388	0.02430	0.01649	0.01909	0.01128	0.01302	0.01041	0.00694	0.00521	0.00174	0.00868	0.00434	0.00347	0.01041
28	0.01008	0.00721	0.00959	0.01117	0.01181	0.00672	0.00755	0.01179	0.01644	0.02215	0.11958	0.63058	0.05645	0.02435	0.01026	0.00320	0.00460	0.02205	0.00770	0.00672
29	0.00989	0.00706	0.00942	0.01130	0.01177	0.00659	0.00753	0.01130	0.01554	0.02071	0.04472	0.70954	0.05367	0.02542	0.01036	0.00330	0.00471	0.02307	0.00753	0.00659
30	0.01148	0.00829	0.01085	0.01021	0.01212	0.00766	0.00766	0.01531	0.02297	0.03254	0.65994	0.06061	0.07656	0.01659	0.00957	0.00255	0.00383	0.01467	0.00893	0.00766
31	0.01943	0.43631	0.30607	0.01775	0.02680	0.02656	0.02061	0.02488	0.01676	0.02185	0.01265	0.01474	0.01036	0.00726	0.00625	0.00208	0.01006	0.00503	0.00345	0.01107
32	0.01000	0.00715	0.00952	0.01122	0.01179	0.00667	0.00754	0.01158	0.01606	0.02154	0.08788	0.66402	0.05527	0.02480	0.01030	0.00324	0.00465	0.02248	0.00763	0.00667
33	0.01513	0.00756	0.00756	0.00756	0.00945	0.00756	0.00567	0.01891	0.01702	0.03025	0.02647	0.03025	0.02080	0.00945	0.00567	0.00189	0.00378	0.00756	0.75988	0.00756
34	0.13602	0.02112	0.02221	0.01725	0.02352	0.02327	0.01424	0.50920	0.03368	0.09178	0.01919	0.01915	0.01352	0.00945	0.00768	0.00245	0.00841	0.00695	0.00781	0.01309
35	0.01668	0.01691	0.03101	0.43048	0.04804	0.01953	0.19395	0.02207	0.01660	0.02207	0.01454	0.02125	0.01122	0.00847	0.01070	0.00281	0.09254	0.00786	0.00374	0.00954
36	0.01318	0.01098	0.01590	0.01499	0.01602	0.01382	0.01189	0.01568	0.01284	0.01889	0.01905	0.02908	0.01817	0.07393	0.49037	0.01042	0.19467	0.00841	0.00416	0.00757
37	0.01776	0.01791	0.02641	0.04796	0.02407	0.02430	0.06005	0.02002	0.01303	0.02002	0.01119	0.01818	0.01077	0.01347	0.02476	0.00346	0.62678	0.00727	0.00359	0.00902
38	0.01000	0.00711	0.00938	0.01115	0.01159	0.00667	0.00737	0.01133	0.01531	0.02041	0.04355	0.66950	0.05219	0.06747	0.01224	0.00357	0.00490	0.02238	0.00737	0.00649
39	0.03031	0.03867	0.02299	0.02090	0.02508	0.68226	0.01568	0.03240	0.02299	0.01986	0.01254	0.01463	0.01045	0.00836	0.00732	0.00209	0.01463	0.00523	0.00418	0.00941
40	0.01683	0.01442	0.01683	0.01202	0.01923	0.01082	0.00961	0.02043	0.01683	0.02644	0.01442	0.01683	0.01202	0.00601	0.00601	0.00120	0.00601	0.00481	0.00481	0.76444
41	0.03277	0.01477	0.01894	0.01472	0.02057	0.01377	0.01208	0.14098	0.02580	0.49388	0.09708	0.02974	0.02504	0.01069	0.00830	0.00250	0.00693	0.00871	0.00959	0.01315
42	0.01201	0.01102	0.05737	0.01316	0.01494	0.01010	0.01050	0.01551	0.04343	0.02165	0.03283	0.36672	0.03588	0.03163	0.19412	0.00581	0.04899	0.01552	0.05119	0.00761
43	0.01738	0.01720	0.02413	0.02080	0.02089	0.02396	0.01729	0.01922	0.01246	0.01949	0.01133	0.01861	0.01124	0.01705	0.06664	0.00413	0.65861	0.00720	0.00360	0.00878
44	0.02018	0.01743	0.01835	0.01651	0.02110	0.02018	0.01284	0.04312	0.64956	0.03394	0.03303	0.03027	0.02477	0.01101	0.00826	0.00275	0.00642	0.00917	0.00826	0.01284
45	0.00989	0.00706	0.00942	0.01130	0.01177	0.00659	0.00753	0.01130	0.01554	0.02071	0.04472	0.70954	0.05367	0.02542	0.01036	0.00330	0.00471	0.02307	0.00753	0.00659
46	0.01656	0.07763	0.63963	0.02264	0.03437	0.01954	0.02913	0.02562	0.01710	0.02535	0.01439	0.01691	0.01029	0.00767	0.00758	0.00253	0.01182	0.00591	0.00343	0.01191
47	0.00994	0.00711	0.00947	0.01126	0.01178	0.00663	0.00754	0.01144	0.01580	0.02113	0.06645	0.68661	0.05448	0.02511	0.01033	0.00327	0.00468	0.02277	0.00758	0.00663
48	0.01103	0.00785	0.01005	0.01139	0.01208	0.00767	0.00763	0.01350	0.05867	0.02077	0.04031	0.56122	0.04706	0.08723	0.01433	0.05007	0.00526	0.02011	0.00710	0.00668
49	0.03028	0.02245	0.02404	0.01856	0.02495	0.02490	0.01529	0.60590	0.07032	0.05023	0.02019	0.02005	0.01438	0.00981	0.00812	0.00245	0.00880	0.00740	0.00812	0.01375
50	0.02089	0.01563	0.01817	0.01327	0.02028	0.01312	0.01073	0.11677	0.02072	0.09307	0.01692	0.01829	0.01308	0.00697	0.00654	0.00152	0.00654	0.00552	0.00583	0.57612
51	0.01868	0.20010	0.48747	0.02046	0.03094	0.02158	0.02517	0.02615	0.01732	0.06038	0.01477	0.01675	0.01086	0.00766	0.00714	0.00237	0.01092	0.00573	0.00381	0.01172
52	0.61628	0.01529	0.01339	0.01147	0.01676	0.01687	0.00945	0.02718	0.01580	0.17060	0.01569	0.01624	0.01118	0.00806	0.00569	0.00251	0.00641	0.00519	0.00609	0.00985
53	0.01711	0.01761	0.03049	0.06463	0.02913	0.02080	0.21908	0.02072	0.01524	0.02186	0.01692	0.10369	0.01645	0.01279	0.01795	0.00320	0.34897	0.00987	0.00422	0.00928
54	0.02322	0.01793	0.01948	0.01498	0.02127	0.04172	0.01204	0.24353	0.04314	0.07341	0.01960	0.06098	0.01599	0.00901	0.00727	0.00193	0.00737	0.00716	0.00655	0.35344
55	0.01052	0.00755	0.00998	0.01087	0.01191	0.00701	0.00758	0.01289	0.01849	0.02541	0.28895	0.45192	0.06276	0.02191	0.01004	0.00300	0.00436	0.01974	0.00809	0.00701
56	0.35682	0.01549	0.01561	0.01258	0.01834	0.01575	0.01030	0.09333	0.01942	0.18818	0.02055	0.02056	0.03878	0.00864	0.00646	0.00229	0.00658	0.00620	0.00663	0.13748
57	0.01179	0.00792	0.00911	0.00911	0.00919	0.00801	0.00524	0.01196	0.01188	0.01592	0.02533	0.05181	0.02894	0.67495	0.08042	0.00818	0.00871	0.01161	0.00488	0.00506
58	0.02008	0.01928	0.03294	0.04981	0.66422	0.01928	0.02490	0.02490	0.01848	0.02651	0.01526	0.02008	0.01285	0.00723	0.00803	0.00241	0.00964	0.00723	0.00402	0.01285
59	0.01761	0.01440	0.01691	0.01212	0.01929	0.01086	0.00971	0.02120	0.01708	0.05222	0.01513	0.01726	0.01234	0.00617	0.00610	0.00125	0.00605	0.00494	0.00502	0.73436
60	0.03031	0.03867	0.02299	0.02090	0.02508	0.68226	0.01568	0.03240	0.02299	0.01986	0.01254	0.01463	0.01045	0.00836	0.00732	0.00209	0.01463	0.00523	0.00418	0.00941
61	0.03309	0.01452	0.01874	0.01482	0.02068	0.01352	0.01208	0.07530	0.09893	0.53069	0.03186	0.05392	0.02157	0.01074	0.00825	0.00257	0.00688	0.00881	0.00961	0.01341
62	0.00987	0.00714	0.00933	0.01109	0.01171	0.00661	0.00744	0.01132	0.01574	0.02080	0.04731	0.66593	0.09560	0.02508	0.01030	0.00326	0.00467	0.02266	0.00753	0.00661
63	0.00998	0.00714	0.00950	0.01123	0.01179	0.00665	0.00754	0.01154	0.01598	0.02142	0.08152	0.67072	0.05504	0.02489	0.01031	0.00325	0.00466	0.02257	0.00762	0.00665
64	0.72598	0.01520	0.01166	0.01048	0.01531	0.01755	0.00860	0.02355	0.01400	0.03603	0.01222	0.01422	0.00952	0.00765	0.00506	0.00247	0.00612	0.00459	0.05106	0.00871
65	0.02914	0.01952	0.02176	0.01735	0.02324	0.02108	0.01425	0.39921	0.13222	0.15866	0.02523	0.02673	0.01854	0.01071	0.00832	0.00257	0.00808	0.04164	0.00845	0.01329
66	0.01005	0.00713	0.00937	0.01109	0.01152	0.00670	0.00731	0.01134	0.01522	0.02029	0.04309	0.65368	0.05161	0.08409	0.01299	0.00368	0.00498	0.02211	0.00731	0.00645
67	0.07099	0.25989	0.02888	0.01801	0.02286	0.38326	0.01482	0.02833	0.01957	0.02057	0.01192	0.01423	0.01035	0.00825	0.00782	0.00210	0.05950	0.00501	0.00395	0.00966
68	0.01148	0.00829	0.01085	0.01021	0.01212	0.00766	0.00766	0.01531	0.02297	0.03254	0.65994	0.06061	0.07656	0.01659	0.00957	0.00255	0.00383	0.01467	0.00893	0.00766
69	0.03041	0.05149	0.02146	0.09416	0.02530	0.01645	0.01380	0.17260	0.02549	0.38022	0.06430	0.02632	0.02051	0.00999	0.00808	0.00248	0.00773	0.00806	0.00845	0.01270
70	0.04698	0.01067	0.01299	0.06006	0.06899	0.01113	0.00976	0.05771	0.01838	0.06911	0.02378	0.02744	0.01849	0.01205	0.04440	0.00271	0.00636	0.00747	0.48264	0.00888
71	0.01710	0.00956	0.01252	0.01106	0.01403	0.00859	0.00855	0.02066	0.02275	0.17851	0.48026	0.05409	0.09918	0.01532	0.00925	0.00255	0.00455	0.01333	0.00910	0.00902
72	0.01124	0.00805	0.01030	0.01165	0.01246	0.00778	0.00790	0.04946	0.01676	0.02236	0.04239	0.64030	0.05024	0.05301	0.01150	0.00343	0.00510	0.02164	0.00746	0.00696
73	0.00961	0.00815	0.00829	0.00840	0.01101	0.00683	0.00625	0.01162	0.01832	0.02185	0.07996	0.11586	0.62460	0.02084	0.00964	0.00277	0.00415	0.01748	0.00753	0.00683
74	0.01979	0.01898	0.03241	0.08914	0.62714	0.01920	0.02476	0.02465	0.01834	0.02616	0.01521	0.02018	0.01273	0.00728	0.00804	0.00243	0.00971	0.00723	0.00399	0.01262
75	0.01717	0.04071	0.64360	0.02274	0.03448	0.01854	0.02917	0.02632	0.01740	0.05445	0.01534	0.01760	0.01072	0.00781	0.00773	0.00257	0.01176	0.00609	0.00372	0.01207
76	0.01899	0.01816	0.03096	0.19832	0.52426	0.01899	0.02436	0.02394	0.01796	0.02518	0.01507	0.02044	0.01238	0.00743	0.00805	0.00248	0.00991	0.00723	0.00392	0.01197
77	0.04455	0.00945	0.01172	0.01083	0.01322	0.00912	0.00823	0.01853	0.06587	0.05754	0.56541	0.05527	0.06799	0.01557	0.00924	0.00256	0.00423	0.01362	0.00877	0.00830
78	0.01785	0.01144	0.01425	0.04063	0.01728	0.01103	0.00987	0.08399	0.04805	0.11322	0.10560	0.21298	0.06594	0.01645	0.01069	0.06894	0.00596	0.01275	0.03651	0.09657
79	0.01645	0.04075	0.63471	0.02380	0.03556	0.01895	0.06684	0.02571	0.01725	0.02571	0.01467	0.01742	0.01040	0.00766	0.00782	0.00258	0.01209	0.00621	0.00347	0.01193
80	0.05956	0.13599	0.54680	0.02112	0.03201	0.02068	0.02652	0.02540	0.01685	0.02537	0.01392	0.01633	0.01021	0.00759	0.00721	0.00245	0.01120	0.00567	0.00352	0.01159
81	0.01832	0.01748	0.02975	0.28914	0.43868	0.01882	0.02402	0.02336	0.01764	0.02437	0.01495	0.02066	0.01210	0.00756	0.00806	0.00252	0.01008	0.00722	0.00386	0.01143
82	0.01270	0.00914	0.01300	0.01169	0.01401	0.00842	0.04080	0.01652	0.02233	0.05466	0.56644	0.09619	0.06976	0.01637	0.00957	0.00260	0.00451	0.01467	0.00863	0.00799

[dist]
# distance from previous block
# <min> <max>
0	1

[block]
# block no. 5 follows, 23 sequences, length 10
# corresponding to MSA columns:
# 214-223
name=unknown_F
#
# <colnr> <probs for GDERKNQSTAVLIFYWHMCP>
#	G	D	E	R	K	N	Q	S	T	A	V	L	I	F	Y	W	H	M	C	P
0	0.01691	0.01546	0.02505	0.59003	0.10362	0.01868	0.02218	0.06857	0.01810	0.02355	0.01488	0.02134	0.01121	0.00817	0.00811	0.00266	0.01057	0.00722	0.00399	0.00970
1	0.01729	0.01643	0.02789	0.42833	0.30750	0.01855	0.02351	0.02246	0.01716	0.02312	0.01477	0.02099	0.01166	0.00775	0.00808	0.00258	0.01033	0.00722	0.00378	0.01060
2	0.01628	0.01384	0.01624	0.01196	0.01864	0.01048	0.00945	0.01971	0.01672	0.02599	0.01681	0.07146	0.01530	0.00754	0.00635	0.00137	0.00591	0.00625	0.00502	0.70467
3	0.02672	0.01350	0.01721	0.01348	0.01935	0.01148	0.01081	0.03090	0.05449	0.36890	0.02794	0.09515	0.02133	0.01044	0.00773	0.00220	0.00637	0.00872	0.00807	0.24523
4	0.01683	0.01442	0.01683	0.01202	0.01923	0.01082	0.00961	0.02043	0.01683	0.02644	0.01442	0.01683	0.01202	0.00601	0.00601	0.00120	0.00601	0.00481	0.00481	0.76444
5	0.01904	0.01822	0.03106	0.19076	0.53139	0.01901	0.02439	0.02399	0.01798	0.02525	0.01508	0.02042	0.01241	0.00742	0.00805	0.00247	0.00990	0.00723	0.00393	0.01201
6	0.01148	0.00829	0.01085	0.01021	0.01212	0.00766	0.00766	0.01531	0.02297	0.03254	0.65994	0.06061	0.07656	0.01659	0.00957	0.00255	0.00383	0.01467	0.00893	0.00766
7	0.01683	0.01442	0.01683	0.01202	0.01923	0.01082	0.00961	0.02043	0.01683	0.02644	0.01442	0.01683	0.01202	0.00601	0.00601	0.00120	0.00601	0.00481	0.00481	0.76444
8	0.01627	0.04197	0.67279	0.02313	0.03512	0.01884	0.02998	0.02570	0.01713	0.02570	0.01456	0.01713	0.01028	0.00771	0.00771	0.00257	0.01199	0.00600	0.00343	0.01199
9	0.02000	0.01950	0.03419	0.04849	0.61188	0.01938	0.07623	0.02499	0.01853	0.02647	0.01536	0.02023	0.01281	0.00720	0.00816	0.00244	0.00998	0.00743	0.00402	0.01269

[dist]
# distance from previous block
# <min> <max>
0	13

[block]
# block no. 6 follows, 23 sequences, length 88
# corresponding to MSA columns:
# 237-324
name=unknown_G
#
# <colnr> <probs for GDERKNQSTAVLIFYWHMCP>
#	G	D	E	R	K	N	Q	S	T	A	V	L	I	F	Y	W	H	M	C	P
0	0.02066	0.01767	0.01862	0.01661	0.02128	0.02041	0.01296	0.06984	0.62205	0.03472	0.03242	0.02979	0.02428	0.01095	0.00825	0.00274	0.00653	0.00909	0.00825	0.01289
1	0.01148	0.00829	0.01085	0.01021	0.01212	0.00766	0.00766	0.01531	0.02297	0.03254	0.65994	0.06061	0.07656	0.01659	0.00957	0.00255	0.00383	0.01467	0.00893	0.00766
2	0.01532	0.01442	0.02434	0.69533	0.05589	0.01803	0.02253	0.02073	0.01622	0.02073	0.01442	0.02163	0.01082	0.00811	0.00811	0.00270	0.01082	0.00721	0.00361	0.00901
3	0.00989	0.00706	0.00942	0.01130	0.01177	0.00659	0.00753	0.01130	0.01554	0.02071	0.04472	0.70954	0.05367	0.02542	0.01036	0.00330	0.00471	0.02307	0.00753	0.00659
4	0.01214	0.00878	0.01181	0.01266	0.01452	0.00845	0.01043	0.01570	0.02007	0.02699	0.27050	0.11134	0.09147	0.02034	0.01048	0.00323	0.00582	0.32981	0.00801	0.00746
5	0.01140	0.00829	0.01073	0.01012	0.01207	0.00762	0.00759	0.01515	0.02277	0.03207	0.63425	0.06139	0.10254	0.01676	0.00957	0.00256	0.00384	0.01478	0.00887	0.00762
6	0.03031	0.03867	0.02299	0.02090	0.02508	0.68226	0.01568	0.03240	0.02299	0.01986	0.01254	0.01463	0.01045	0.00836	0.00732	0.00209	0.01463	0.00523	0.00418	0.00941
7	0.01164	0.00851	0.01213	0.01213	0.01326	0.00965	0.00900	0.01390	0.01277	0.01816	0.02257	0.03651	0.02230	0.20366	0.54262	0.01191	0.01871	0.00937	0.00447	0.00674
8	0.01775	0.01775	0.02485	0.02130	0.02130	0.02485	0.01775	0.01953	0.01243	0.01953	0.01065	0.01775	0.01065	0.01420	0.02663	0.00355	0.69998	0.00710	0.00355	0.00888
9	0.42398	0.01564	0.01882	0.20178	0.06042	0.01818	0.04783	0.02264	0.01531	0.03019	0.03908	0.01844	0.01258	0.00829	0.00735	0.00262	0.03696	0.00612	0.00463	0.00913
10	0.12398	0.02483	0.02117	0.01777	0.02309	0.19185	0.01410	0.28112	0.15658	0.03769	0.01943	0.01964	0.01455	0.00936	0.00754	0.00242	0.00954	0.00678	0.00674	0.01183
11	0.01915	0.02189	0.04788	0.03420	0.04241	0.02052	0.63475	0.02599	0.01915	0.02599	0.01642	0.02189	0.01231	0.00684	0.00958	0.00274	0.01368	0.00958	0.00410	0.01094
12	0.02008	0.01928	0.03294	0.04981	0.66422	0.01928	0.02490	0.02490	0.01848	0.02651	0.01526	0.02008	0.01285	0.00723	0.00803	0.00241	0.00964	0.00723	0.00402	0.01285
13	0.03579	0.01395	0.01881	0.01452	0.02073	0.01224	0.01196	0.03968	0.04707	0.64562	0.03205	0.02772	0.02026	0.01008	0.00816	0.00252	0.00689	0.00820	0.00997	0.01377
14	0.01138	0.00829	0.01071	0.01010	0.01206	0.00761	0.00758	0.01512	0.02273	0.03197	0.62921	0.06154	0.10764	0.01680	0.00957	0.00256	0.00384	0.01480	0.00886	0.00761
15	0.01127	0.00813	0.01065	0.01036	0.01207	0.00751	0.00764	0.01477	0.02197	0.03094	0.57699	0.14810	0.07348	0.01778	0.00968	0.00265	0.00395	0.01581	0.00874	0.00751
16	0.01532	0.01442	0.02434	0.69533	0.05589	0.01803	0.02253	0.02073	0.01622	0.02073	0.01442	0.02163	0.01082	0.00811	0.00811	0.00270	0.01082	0.00721	0.00361	0.00901
17	0.01148	0.00829	0.01085	0.01021	0.01212	0.00766	0.00766	0.01531	0.02297	0.03254	0.65994	0.06061	0.07656	0.01659	0.00957	0.00255	0.00383	0.01467	0.00893	0.00766
18	0.03039	0.03632	0.02319	0.02057	0.02510	0.58535	0.01564	0.12159	0.02523	0.02447	0.01357	0.01535	0.01095	0.00857	0.00743	0.00214	0.01379	0.00553	0.00476	0.01005
19	0.01683	0.01442	0.01683	0.01202	0.01923	0.01082	0.00961	0.02043	0.01683	0.02644	0.01442	0.01683	0.01202	0.00601	0.00601	0.00120	0.00601	0.00481	0.00481	0.76444
20	0.01155	0.00867	0.01209	0.01272	0.01387	0.00833	0.03896	0.04533	0.01675	0.02237	0.04112	0.60953	0.04842	0.05432	0.01157	0.00343	0.00552	0.02106	0.00728	0.00712
21	0.01231	0.00845	0.01096	0.01033	0.01239	0.00773	0.00775	0.01589	0.02237	0.05702	0.57340	0.09361	0.10303	0.01698	0.00956	0.00260	0.00401	0.01497	0.00883	0.00781
22	0.01903	0.01480	0.01736	0.01254	0.01965	0.01164	0.01009	0.05346	0.01840	0.07663	0.01602	0.01778	0.01272	0.00651	0.00628	0.00136	0.00623	0.00519	0.00538	0.66892
23	0.00989	0.00706	0.00942	0.01130	0.01177	0.00659	0.00753	0.01130	0.01554	0.02071	0.04472	0.70954	0.05367	0.02542	0.01036	0.00330	0.00471	0.02307	0.00753	0.00659
24	0.09704	0.02411	0.14119	0.02906	0.03694	0.02033	0.42907	0.02525	0.01779	0.02656	0.01517	0.01993	0.01150	0.00759	0.01005	0.00275	0.06261	0.00829	0.00405	0.01073
25	0.02926	0.05444	0.02137	0.01630	0.02206	0.04864	0.01328	0.17770	0.21284	0.27462	0.02747	0.02519	0.01910	0.01003	0.00799	0.00251	0.00767	0.00794	0.00846	0.01315
26	0.00989	0.00706	0.00942	0.01130	0.01177	0.00659	0.00753	0.01130	0.01554	0.02071	0.04472	0.70954	0.05367	0.02542	0.01036	0.00330	0.00471	0.02307	0.00753	0.00659
27	0.01175	0.00939	0.01066	0.01024	0.01278	0.00889	0.00770	0.01719	0.10157	0.02777	0.31092	0.09284	0.31246	0.01791	0.00944	0.00269	0.00432	0.01536	0.00820	0.00794
28	0.01769	0.01493	0.01729	0.01243	0.01959	0.01170	0.00997	0.05837	0.01814	0.02796	0.01473	0.01699	0.01213	0.00624	0.00614	0.00128	0.00619	0.00496	0.00501	0.71826
29	0.01686	0.00974	0.01272	0.01138	0.01423	0.00899	0.00873	0.02122	0.04827	0.16215	0.47882	0.08149	0.06190	0.01542	0.00926	0.00258	0.00460	0.01349	0.00907	0.00908
30	0.00968	0.00822	0.00834	0.00831	0.01101	0.00689	0.00623	0.01181	0.01870	0.02240	0.10833	0.07730	0.63449	0.02037	0.00959	0.00273	0.00410	0.01701	0.00760	0.00689
31	0.01513	0.00756	0.00756	0.00756	0.00945	0.00756	0.00567	0.01891	0.01702	0.03025	0.02647	0.03025	0.02080	0.00945	0.00567	0.00189	0.00378	0.00756	0.75988	0.00756
32	0.01947	0.28693	0.28215	0.02187	0.03098	0.02435	0.15090	0.05021	0.01818	0.02436	0.01394	0.01671	0.01090	0.00733	0.00720	0.00229	0.01100	0.00619	0.00378	0.01126
33	0.02008	0.01928	0.03294	0.04981	0.66422	0.01928	0.02490	0.02490	0.01848	0.02651	0.01526	0.02008	0.01285	0.00723	0.00803	0.00241	0.00964	0.00723	0.00402	0.01285
34	0.01513	0.00756	0.00756	0.00756	0.00945	0.00756	0.00567	0.01891	0.01702	0.03025	0.02647	0.03025	0.02080	0.00945	0.00567	0.00189	0.00378	0.00756	0.75988	0.00756
35	0.01801	0.25839	0.47153	0.02018	0.03056	0.02308	0.02484	0.02525	0.01693	0.02359	0.01351	0.01582	0.01032	0.00746	0.00691	0.00230	0.01093	0.00547	0.00344	0.01149
36	0.01162	0.00779	0.00890	0.00908	0.00912	0.00775	0.00516	0.01175	0.01215	0.01620	0.02737	0.11481	0.03177	0.65003	0.03839	0.00744	0.00757	0.01286	0.00516	0.00507
37	0.02164	0.61810	0.08681	0.01599	0.04203	0.06032	0.01547	0.02479	0.01689	0.01983	0.01170	0.01361	0.01048	0.00707	0.00557	0.00183	0.00922	0.00459	0.00352	0.01056
38	0.01683	0.01442	0.01683	0.01202	0.01923	0.01082	0.00961	0.02043	0.01683	0.02644	0.01442	0.01683	0.01202	0.00601	0.00601	0.00120	0.00601	0.00481	0.00481	0.76444
39	0.03008	0.05087	0.04504	0.05701	0.02343	0.01546	0.01356	0.09319	0.08860	0.41449	0.06154	0.02738	0.02156	0.01010	0.00807	0.00251	0.00740	0.00820	0.00864	0.01285
40	0.01697	0.01634	0.02310	0.08523	0.02353	0.02234	0.01705	0.01919	0.01320	0.02027	0.01360	0.05442	0.01342	0.01394	0.02290	0.00337	0.56098	0.00796	0.04348	0.00870
41	0.01132	0.00829	0.01062	0.01003	0.01202	0.00759	0.00753	0.01499	0.02258	0.03161	0.60940	0.06214	0.12767	0.01694	0.00957	0.00257	0.00385	0.01489	0.00881	0.00759
42	0.01041	0.00810	0.01131	0.01193	0.01326	0.00742	0.04025	0.01233	0.01660	0.02180	0.08114	0.53538	0.15329	0.02318	0.01015	0.00314	0.00503	0.02094	0.00742	0.00692
43	0.01022	0.00724	0.00951	0.01119	0.01167	0.00684	0.00749	0.01158	0.01527	0.02034	0.04262	0.61435	0.05082	0.09816	0.01366	0.00380	0.00516	0.04637	0.00725	0.00645
44	0.01004	0.00713	0.00937	0.01110	0.01153	0.00670	0.00732	0.01134	0.01523	0.02031	0.04315	0.65572	0.05169	0.08194	0.01289	0.00367	0.00497	0.02214	0.00732	0.00645
45	0.01983	0.01916	0.03312	0.07856	0.61273	0.01927	0.04816	0.02475	0.01840	0.02623	0.01527	0.02022	0.01274	0.00725	0.00810	0.00244	0.00985	0.00732	0.00400	0.01261
46	0.02169	0.71972	0.04252	0.01388	0.02083	0.03211	0.01388	0.02430	0.01649	0.01909	0.01128	0.01302	0.01041	0.00694	0.00521	0.00174	0.00868	0.00434	0.00347	0.01041
47	0.14285	0.02722	0.02141	0.01795	0.02319	0.27282	0.01420	0.29469	0.02802	0.03636	0.01583	0.01703	0.01199	0.00887	0.00726	0.00230	0.01052	0.00608	0.03023	0.01117
48	0.01155	0.00929	0.01020	0.00977	0.01245	0.00855	0.00738	0.03708	0.05917	0.02665	0.23801	0.09037	0.41288	0.01863	0.00948	0.00270	0.00437	0.01580	0.00799	0.00769
49	0.06901	0.02301	0.02366	0.01835	0.02467	0.05124	0.01509	0.58124	0.03629	0.04912	0.01878	0.01896	0.01341	0.00957	0.00793	0.00243	0.00902	0.00707	0.00780	0.01336
50	0.02043	0.02094	0.02643	0.35128	0.04134	0.14327	0.07910	0.08891	0.01963	0.02417	0.01434	0.01965	0.01119	0.00896	0.01038	0.00267	0.09624	0.00707	0.00423	0.00977
51	0.01783	0.01826	0.03031	0.06029	0.06737	0.02247	0.16568	0.02124	0.01463	0.02153	0.01300	0.01971	0.01162	0.01377	0.04963	0.00366	0.42792	0.00778	0.00375	0.00955
52	0.01692	0.03783	0.55316	0.02508	0.06801	0.01908	0.07838	0.02661	0.05100	0.02620	0.01573	0.01838	0.01135	0.00779	0.00791	0.00258	0.01171	0.00652	0.00377	0.01200
53	0.01021	0.00734	0.00975	0.01157	0.01227	0.00689	0.00806	0.01189	0.01597	0.02113	0.04589	0.62246	0.07477	0.02493	0.01042	0.00332	0.00497	0.08395	0.00753	0.00669
54	0.01893	0.28186	0.05786	0.01631	0.04658	0.02023	0.06006	0.02270	0.01695	0.02361	0.01343	0.01591	0.01139	0.00654	0.00613	0.00162	0.00799	0.00514	0.00416	0.36258
55	0.01020	0.00739	0.00975	0.01133	0.01211	0.00678	0.00763	0.01171	0.01559	0.02097	0.04335	0.67820	0.05178	0.02454	0.01016	0.00320	0.00477	0.02224	0.00741	0.04087
56	0.02116	0.52448	0.09662	0.04180	0.02378	0.02927	0.01613	0.06156	0.01750	0.02177	0.01215	0.01455	0.01065	0.00789	0.00766	0.00206	0.07161	0.00503	0.00377	0.01057
57	0.01998	0.01958	0.03464	0.04803	0.59332	0.01942	0.09444	0.02503	0.01855	0.02645	0.01539	0.02029	0.01279	0.00719	0.00821	0.00245	0.01010	0.00750	0.00403	0.01264
58	0.02896	0.02117	0.02262	0.01761	0.02362	0.02341	0.01446	0.55416	0.06766	0.04848	0.02077	0.02095	0.01496	0.00978	0.00792	0.00241	0.00836	0.00742	0.07207	0.01322
59	0.00987	0.00713	0.00934	0.01111	0.01172	0.00661	0.00745	0.01132	0.01572	0.02079	0.04703	0.67070	0.09102	0.02512	0.01031	0.00326	0.00467	0.02270	0.00753	0.00661
60	0.02732	0.02024	0.02111	0.01734	0.02291	0.05718	0.01392	0.28329	0.28008	0.12849	0.02627	0.02467	0.01888	0.01022	0.00814	0.00255	0.00795	0.00806	0.00823	0.01318
61	0.01796	0.22180	0.43722	0.02113	0.03095	0.02281	0.05678	0.02502	0.01682	0.02362	0.01358	0.01631	0.01044	0.00779	0.00811	0.00240	0.04663	0.00580	0.00348	0.01135
62	0.00989	0.00706	0.00942	0.01130	0.01177	0.00659	0.00753	0.01130	0.01554	0.02071	0.04472	0.70954	0.05367	0.02542	0.01036	0.00330	0.00471	0.02307	0.00753	0.00659
63	0.64205	0.04606	0.07272	0.01237	0.01805	0.04899	0.01119	0.02442	0.01463	0.03403	0.01165	0.01359	0.00906	0.00756	0.00537	0.00247	0.00726	0.00457	0.00478	0.00916
64	0.00969	0.00822	0.00836	0.00833	0.01102	0.00689	0.00625	0.01185	0.01874	0.02250	0.11372	0.07714	0.62905	0.02033	0.00959	0.00273	0.00409	0.01699	0.00761	0.00689
65	0.01787	0.01702	0.02894	0.34996	0.38136	0.01870	0.02380	0.02296	0.01743	0.02382	0.01487	0.02080	0.01191	0.00764	0.00807	0.00255	0.01019	0.00722	0.00383	0.01107
66	0.01655	0.07667	0.64052	0.02265	0.03439	0.01952	0.02916	0.02563	0.01710	0.02536	0.01439	0.01692	0.01029	0.00767	0.00758	0.00253	0.01182	0.00591	0.00343	0.01191
67	0.00987	0.00712	0.00935	0.01113	0.01172	0.00660	0.00746	0.01132	0.01570	0.02078	0.04677	0.67509	0.08679	0.02516	0.01032	0.00327	0.00468	0.02274	0.00753	0.00660
68	0.01159	0.00869	0.01304	0.01304	0.01449	0.01014	0.01014	0.01449	0.01304	0.01884	0.02173	0.03188	0.02029	0.06086	0.68268	0.01304	0.02173	0.00869	0.00435	0.00724
69	0.01355	0.00875	0.01151	0.01056	0.01283	0.00801	0.00801	0.01732	0.02299	0.08539	0.60787	0.05788	0.07188	0.01605	0.00945	0.00255	0.00408	0.01413	0.00902	0.00817
70	0.01550	0.01498	0.01994	0.01807	0.01882	0.05166	0.04052	0.01737	0.01443	0.02027	0.02382	0.27818	0.02691	0.01781	0.01877	0.00334	0.37323	0.01312	0.00511	0.00813
71	0.02106	0.68235	0.04072	0.01359	0.02031	0.03078	0.01348	0.02363	0.01659	0.01924	0.01500	0.01643	0.04457	0.00766	0.00544	0.00179	0.00844	0.00501	0.00368	0.01023
72	0.01914	0.02123	0.04486	0.06160	0.13146	0.02025	0.52460	0.02564	0.01894	0.02587	0.01618	0.02162	0.01233	0.00694	0.00930	0.00269	0.01300	0.00915	0.00407	0.01114
73	0.02640	0.02013	0.02374	0.08024	0.09336	0.02229	0.01633	0.36858	0.16104	0.07047	0.02200	0.02235	0.01601	0.00962	0.00814	0.00253	0.00855	0.00772	0.00741	0.01308
74	0.01071	0.00830	0.01238	0.05459	0.01611	0.00803	0.04181	0.01266	0.01577	0.02100	0.04135	0.63066	0.04883	0.02337	0.01018	0.00323	0.00556	0.02137	0.00711	0.00697
75	0.01354	0.00875	0.01151	0.01056	0.01283	0.00801	0.00801	0.01731	0.02299	0.08514	0.60811	0.05789	0.07190	0.01605	0.00945	0.00255	0.00408	0.01414	0.00902	0.00816
76	0.01052	0.00755	0.00994	0.04041	0.01308	0.00735	0.00764	0.01181	0.01480	0.01969	0.03946	0.54450	0.04683	0.16671	0.01663	0.00421	0.00562	0.02006	0.00682	0.00635
77	0.01878	0.02094	0.04390	0.06093	0.04054	0.02020	0.53927	0.02509	0.01850	0.02539	0.01588	0.02137	0.01213	0.00731	0.01038	0.00271	0.05539	0.00908	0.00408	0.04812
78	0.01923	0.01518	0.01785	0.01328	0.01978	0.01294	0.01067	0.08963	0.01930	0.06376	0.01692	0.04386	0.01416	0.00774	0.00745	0.00159	0.03755	0.00606	0.00551	0.57752
79	0.02008	0.01928	0.03294	0.04981	0.66422	0.01928	0.02490	0.02490	0.01848	0.02651	0.01526	0.02008	0.01285	0.00723	0.00803	0.00241	0.00964	0.00723	0.00402	0.01285
80	0.01311	0.00952	0.01348	0.04551	0.01837	0.00966	0.01326	0.01692	0.01876	0.02449	0.06943	0.08698	0.04642	0.02151	0.01099	0.00364	0.00746	0.55559	0.00736	0.00755
81	0.03378	0.01419	0.01905	0.01493	0.02056	0.01314	0.01226	0.06668	0.02295	0.56962	0.03065	0.05762	0.02072	0.01098	0.00939	0.00261	0.04954	0.00873	0.00943	0.01318
82	0.03085	0.02273	0.02435	0.01867	0.02516	0.02516	0.01542	0.63716	0.03815	0.05114	0.01948	0.01948	0.01380	0.00974	0.00812	0.00244	0.00893	0.00731	0.00812	0.01380
83	0.03422	0.01430	0.01877	0.01472	0.02077	0.01304	0.01205	0.04002	0.10746	0.58431	0.03215	0.02798	0.02072	0.01017	0.00817	0.00254	0.00684	0.00830	0.00980	0.01368
84	0.01683	0.01442	0.01683	0.01202	0.01923	0.01082	0.00961	0.02043	0.01683	0.02644	0.01442	0.01683	0.01202	0.00601	0.00601	0.00120	0.00601	0.00481	0.00481	0.76444
85	0.02696	0.01225	0.01619	0.01311	0.01779	0.01105	0.01054	0.06202	0.02391	0.40327	0.26199	0.03931	0.04050	0.01243	0.00868	0.00252	0.00588	0.01051	0.00953	0.01155
86	0.00989	0.00706	0.00942	0.01130	0.01177	0.00659	0.00753	0.01130	0.01554	0.02071	0.04472	0.70954	0.05367	0.02542	0.01036	0.00330	0.00471	0.02307	0.00753	0.00659
87	0.02965	0.03762	0.02264	0.02063	0.02471	0.65859	0.01548	0.03177	0.02264	0.01982	0.01287	0.01524	0.01080	0.01021	0.03110	0.00248	0.01488	0.00535	0.00419	0.00933

[dist]
# distance from previous block
# <min> <max>
7	14

[block]
# block no. 7 follows, 23 sequences, length 8
# corresponding to MSA columns:
# 339-346
name=unknown_H
#
# <colnr> <probs for GDERKNQSTAVLIFYWHMCP>
#	G	D	E	R	K	N	Q	S	T	A	V	L	I	F	Y	W	H	M	C	P
0	0.22689	0.01625	0.02065	0.27713	0.06609	0.01845	0.01635	0.12216	0.02010	0.11762	0.01679	0.01972	0.01209	0.00843	0.00727	0.00257	0.00869	0.00659	0.00560	0.01055
1	0.11440	0.01828	0.05033	0.01628	0.02268	0.01723	0.05405	0.17610	0.08907	0.15326	0.04697	0.02256	0.01746	0.00892	0.00749	0.00228	0.00765	0.00721	0.00702	0.16076
2	0.01813	0.08498	0.45620	0.02457	0.03507	0.02052	0.15719	0.06154	0.01875	0.02678	0.01501	0.01799	0.01093	0.00759	0.00795	0.00254	0.01194	0.00672	0.00385	0.01176
3	0.02012	0.01993	0.03104	0.13850	0.53484	0.06467	0.02394	0.02483	0.01847	0.02524	0.01496	0.01993	0.01240	0.00743	0.00799	0.00243	0.01015	0.00709	0.00397	0.01208
4	0.02008	0.01928	0.03294	0.04981	0.66422	0.01928	0.02490	0.02490	0.01848	0.02651	0.01526	0.02008	0.01285	0.00723	0.00803	0.00241	0.00964	0.00723	0.00402	0.01285
5	0.58542	0.01746	0.01506	0.01269	0.01808	0.01996	0.01046	0.17834	0.01994	0.04012	0.01336	0.01477	0.01005	0.00809	0.00580	0.00249	0.00694	0.00513	0.00580	0.01005
6	0.01039	0.00727	0.00927	0.01066	0.01100	0.00693	0.00685	0.01143	0.01456	0.01941	0.03970	0.53730	0.04733	0.20631	0.01848	0.00449	0.00554	0.02011	0.00685	0.00615
7	0.00989	0.00706	0.00942	0.01130	0.01177	0.00659	0.00753	0.01130	0.01554	0.02071	0.04472	0.70954	0.05367	0.02542	0.01036	0.00330	0.00471	0.02307	0.00753	0.00659

[dist]
# distance from previous block
# <min> <max>
27	53

[block]
# block no. 8 follows, 23 sequences, length 30
# corresponding to MSA columns:
# 400-429
name=unknown_I
#
# <colnr> <probs for GDERKNQSTAVLIFYWHMCP>
#	G	D	E	R	K	N	Q	S	T	A	V	L	I	F	Y	W	H	M	C	P
0	0.01914	0.01601	0.01774	0.05004	0.02138	0.01821	0.01257	0.06878	0.41619	0.03194	0.03115	0.03045	0.05774	0.01111	0.00907	0.00262	0.04823	0.00891	0.07579	0.05294
1	0.01008	0.00720	0.00964	0.01152	0.01207	0.00676	0.00787	0.01163	0.01572	0.02093	0.04462	0.67225	0.05325	0.02524	0.01041	0.00332	0.00487	0.05845	0.00753	0.00664
2	0.59506	0.06431	0.08818	0.01275	0.01876	0.01959	0.01187	0.06109	0.01582	0.03499	0.01215	0.01399	0.00936	0.00765	0.00552	0.00246	0.00723	0.00474	0.00493	0.00955
3	0.01896	0.02098	0.04350	0.03280	0.07491	0.02011	0.51868	0.02514	0.01852	0.02562	0.01584	0.02118	0.01221	0.00730	0.01040	0.00267	0.05872	0.00897	0.00411	0.05937
4	0.03085	0.02273	0.02435	0.01867	0.02516	0.02516	0.01542	0.63716	0.03815	0.05114	0.01948	0.01948	0.01380	0.00974	0.00812	0.00244	0.00893	0.00731	0.00812	0.01380
5	0.01900	0.02143	0.04531	0.03276	0.04005	0.02100	0.56577	0.02527	0.01840	0.02527	0.01577	0.02143	0.01213	0.00766	0.01148	0.00283	0.09040	0.00930	0.00404	0.01071
6	0.03085	0.02273	0.02435	0.01867	0.02516	0.02516	0.01542	0.63716	0.03815	0.05114	0.01948	0.01948	0.01380	0.00974	0.00812	0.00244	0.00893	0.00731	0.00812	0.01380
7	0.01680	0.00941	0.01232	0.01095	0.01358	0.00858	0.00826	0.02005	0.02178	0.16566	0.45634	0.05279	0.05936	0.09290	0.01280	0.00313	0.00493	0.01297	0.00872	0.00865
8	0.01790	0.01263	0.01542	0.01522	0.01852	0.01328	0.01271	0.05761	0.19564	0.08644	0.03980	0.06443	0.06459	0.01739	0.00988	0.00324	0.00705	0.33046	0.00796	0.00983
9	0.02754	0.17356	0.02647	0.01889	0.02363	0.46874	0.01498	0.07008	0.02212	0.02173	0.01327	0.01561	0.01123	0.01116	0.04539	0.00267	0.01345	0.00538	0.00431	0.00978
