[name]
unknown

[dist]
# distance from previous block
# <min> <max>
0	39

[block]
# block no. 0 follows, 26 sequences, length 41
# corresponding to MSA columns:
# 39-79
name=unknown_A
#
# <colnr> <probs for GDERKNQSTAVLIFYWHMCP>
#	G	D	E	R	K	N	Q	S	T	A	V	L	I	F	Y	W	H	M	C	P
0	0.01615	0.01484	0.03777	0.06079	0.23684	0.01494	0.04992	0.02395	0.14946	0.02514	0.02667	0.04412	0.02514	0.01246	0.00866	0.00278	0.00800	0.22674	0.00565	0.00997
1	0.01877	0.01926	0.06710	0.12573	0.31585	0.01851	0.17518	0.09929	0.01922	0.02655	0.01551	0.03588	0.01252	0.00749	0.00791	0.00239	0.01000	0.00758	0.00423	0.01103
2	0.04855	0.05903	0.02213	0.23255	0.05357	0.06274	0.04846	0.10968	0.03068	0.06464	0.01792	0.08319	0.01545	0.01283	0.04965	0.01921	0.04758	0.00797	0.00488	0.00928
3	0.08666	0.02306	0.23663	0.09020	0.04261	0.01622	0.01746	0.13522	0.01920	0.02863	0.01801	0.02002	0.05188	0.00795	0.00686	0.00212	0.00838	0.00623	0.00467	0.17799
4	0.11783	0.02113	0.01987	0.01607	0.02135	0.10681	0.01299	0.41884	0.07734	0.03960	0.02102	0.02105	0.05385	0.00940	0.00724	0.00228	0.00827	0.00695	0.00675	0.01136
5	0.02076	0.01868	0.10092	0.03490	0.02786	0.01498	0.23142	0.06292	0.01860	0.16091	0.01774	0.02002	0.01286	0.00810	0.00868	0.04080	0.00913	0.00705	0.00523	0.17844
6	0.01414	0.00707	0.00707	0.00707	0.00884	0.00707	0.00530	0.01767	0.01591	0.02828	0.02474	0.02828	0.01944	0.00884	0.00530	0.00177	0.00353	0.00707	0.77554	0.00707
7	0.01618	0.01613	0.07795	0.03766	0.10482	0.01535	0.01403	0.02880	0.32689	0.02903	0.17714	0.03535	0.03240	0.01126	0.00807	0.00252	0.00646	0.04272	0.00679	0.01045
8	0.01298	0.01259	0.02433	0.01981	0.02337	0.01178	0.28841	0.01649	0.01598	0.02149	0.03038	0.42272	0.03347	0.01626	0.00937	0.00285	0.00802	0.01612	0.00566	0.00792
9	0.01738	0.01889	0.08474	0.12592	0.25568	0.01757	0.18184	0.02490	0.10070	0.02496	0.01713	0.02096	0.01330	0.00739	0.00775	0.00239	0.00959	0.00747	0.05073	0.01071
10	0.01873	0.05711	0.01728	0.06039	0.01995	0.01638	0.01169	0.06467	0.35462	0.06853	0.02670	0.03003	0.02117	0.01138	0.00881	0.05015	0.00639	0.05422	0.09151	0.01028
11	0.01205	0.00815	0.00991	0.00923	0.01162	0.00723	0.00701	0.01501	0.02006	0.08151	0.42130	0.05971	0.27639	0.01627	0.00884	0.00244	0.00391	0.01400	0.00799	0.00737
12	0.02516	0.01854	0.02011	0.01613	0.02163	0.02028	0.01306	0.37200	0.24378	0.08889	0.02298	0.02196	0.01663	0.00931	0.00752	0.00231	0.00727	0.00733	0.00758	0.05751
13	0.00924	0.00660	0.00880	0.01056	0.01100	0.00616	0.00704	0.01056	0.01452	0.01936	0.04181	0.72848	0.05017	0.02376	0.00968	0.00308	0.00440	0.02156	0.00704	0.00616
14	0.01352	0.05695	0.05299	0.01826	0.11007	0.01202	0.06701	0.01763	0.05515	0.02225	0.02912	0.36573	0.03140	0.01531	0.00829	0.00258	0.00645	0.01395	0.05170	0.04960
15	0.02809	0.02088	0.02235	0.01730	0.02324	0.02318	0.01424	0.61479	0.08290	0.04661	0.01915	0.01896	0.01366	0.00919	0.00760	0.00230	0.00817	0.00696	0.00760	0.01283
16	0.01573	0.01348	0.01573	0.01123	0.01798	0.01011	0.00899	0.01910	0.01573	0.02472	0.01348	0.01573	0.01123	0.00562	0.00562	0.00112	0.00562	0.00449	0.00449	0.77980
17	0.00956	0.00692	0.00904	0.01016	0.01103	0.00640	0.00699	0.01143	0.01625	0.02192	0.18802	0.53884	0.09205	0.02164	0.00947	0.00289	0.00418	0.01947	0.00734	0.00640
18	0.78701	0.01467	0.01115	0.00997	0.01467	0.01702	0.00821	0.02230	0.01291	0.03403	0.01056	0.01232	0.00821	0.00704	0.00469	0.00235	0.00587	0.00411	0.00469	0.00821
19	0.01629	0.02196	0.21219	0.11610	0.10624	0.01701	0.05081	0.02738	0.22860	0.02557	0.02188	0.08508	0.01808	0.00965	0.00777	0.00253	0.00858	0.00846	0.00513	0.01068
20	0.00916	0.00751	0.00807	0.00831	0.01046	0.00643	0.00609	0.01112	0.01718	0.02112	0.12100	0.17892	0.52907	0.01965	0.00908	0.00263	0.00391	0.01673	0.00715	0.00643
21	0.01539	0.01766	0.08024	0.08252	0.07164	0.01623	0.31591	0.02017	0.01617	0.02225	0.02047	0.17906	0.01985	0.01110	0.01022	0.00271	0.07378	0.01102	0.00442	0.00917
22	0.01161	0.00776	0.00991	0.00983	0.01162	0.00703	0.00719	0.01428	0.01893	0.06980	0.37269	0.24749	0.14730	0.01796	0.00907	0.00260	0.00404	0.01586	0.00787	0.00715
23	0.02643	0.07871	0.02332	0.07209	0.02485	0.02229	0.01439	0.46010	0.08861	0.08438	0.01912	0.01928	0.01373	0.00889	0.00738	0.00227	0.00813	0.00680	0.00703	0.01220
24	0.65687	0.01511	0.01272	0.01094	0.01585	0.01712	0.00901	0.08083	0.01568	0.08945	0.01284	0.01396	0.00951	0.00742	0.00520	0.00234	0.00614	0.00464	0.00534	0.00902
25	0.01414	0.00707	0.00707	0.00707	0.00884	0.00707	0.00530	0.01767	0.01591	0.02828	0.02474	0.02828	0.01944	0.00884	0.00530	0.00177	0.00353	0.00707	0.77554	0.00707
26	0.06700	0.09184	0.50155	0.08364	0.06475	0.01855	0.02461	0.02335	0.01574	0.02380	0.01318	0.01597	0.00969	0.00715	0.00690	0.00234	0.01039	0.00554	0.00335	0.01068
27	0.02314	0.02711	0.12494	0.02631	0.21191	0.26307	0.01840	0.07886	0.02044	0.07357	0.01785	0.01970	0.04479	0.00821	0.00731	0.00219	0.01052	0.00644	0.00462	0.01060
28	0.78701	0.01467	0.01115	0.00997	0.01467	0.01702	0.00821	0.02230	0.01291	0.03403	0.01056	0.01232	0.00821	0.00704	0.00469	0.00235	0.00587	0.00411	0.00469	0.00821
29	0.01147	0.00852	0.01077	0.01007	0.01209	0.00821	0.00759	0.01665	0.07991	0.03053	0.62364	0.05411	0.06722	0.01504	0.00884	0.00240	0.00380	0.01326	0.00829	0.00759
30	0.01659	0.01659	0.02323	0.01991	0.01991	0.02323	0.01659	0.01825	0.01162	0.01825	0.00996	0.01659	0.00996	0.01328	0.02489	0.00332	0.71955	0.00664	0.00332	0.00830
31	0.02096	0.06154	0.01890	0.01533	0.01977	0.06932	0.01216	0.07277	0.44900	0.08428	0.02668	0.02553	0.02010	0.01283	0.05367	0.00307	0.00783	0.00781	0.00705	0.01141
32	0.00911	0.00769	0.00789	0.00784	0.01033	0.00647	0.00588	0.01117	0.01763	0.02131	0.12673	0.07165	0.63263	0.01890	0.00896	0.00255	0.00382	0.01582	0.00715	0.00647
33	0.01993	0.06336	0.03323	0.09783	0.03335	0.06098	0.32045	0.11296	0.12719	0.02745	0.01757	0.02051	0.01324	0.00762	0.00805	0.00243	0.01056	0.00783	0.00490	0.01058
34	0.00900	0.00756	0.00781	0.00802	0.01033	0.00638	0.00591	0.01085	0.01697	0.02036	0.07277	0.14914	0.60952	0.01974	0.00905	0.00262	0.00391	0.01665	0.00704	0.00638
35	0.01537	0.01339	0.01973	0.01973	0.09892	0.01415	0.09445	0.07766	0.12463	0.02514	0.02885	0.32161	0.02990	0.01520	0.00995	0.00278	0.05970	0.01362	0.00612	0.00910
36	0.01534	0.01256	0.05883	0.01414	0.01753	0.01098	0.01244	0.06656	0.05682	0.06601	0.03340	0.13984	0.03425	0.01679	0.00918	0.00294	0.00684	0.34117	0.00675	0.07765
37	0.06604	0.57902	0.10571	0.01410	0.02083	0.06852	0.01438	0.02328	0.01569	0.01950	0.01094	0.01267	0.00963	0.00668	0.00522	0.00177	0.00864	0.00427	0.00337	0.00974
38	0.07299	0.01149	0.01285	0.01165	0.01478	0.01219	0.00901	0.02568	0.24499	0.07485	0.30521	0.03899	0.04197	0.01207	0.00779	0.00239	0.00477	0.01023	0.07681	0.00928
39	0.02549	0.10206	0.05526	0.05697	0.02184	0.01543	0.01275	0.08673	0.06926	0.32694	0.06668	0.02401	0.01934	0.00894	0.00719	0.00218	0.00700	0.00717	0.00719	0.07759
40	0.01517	0.01573	0.07870	0.05925	0.10003	0.01297	0.01365	0.01881	0.01531	0.02294	0.01706	0.11311	0.01626	0.00928	0.00868	0.00195	0.08165	0.00754	0.00444	0.38748

[dist]
# distance from previous block
# <min> <max>
6	18

[block]
# block no. 1 follows, 26 sequences, length 41
# corresponding to MSA columns:
# 98-138
name=unknown_B
#
# <colnr> <probs for GDERKNQSTAVLIFYWHMCP>
#	G	D	E	R	K	N	Q	S	T	A	V	L	I	F	Y	W	H	M	C	P
0	0.01650	0.11092	0.02916	0.01964	0.02550	0.01607	0.26134	0.04634	0.01712	0.02360	0.01929	0.15005	0.01847	0.00956	0.00765	0.00216	0.00861	0.00944	0.00468	0.20390
1	0.02436	0.02307	0.23186	0.01807	0.02555	0.01601	0.06972	0.15290	0.02234	0.26080	0.06193	0.02274	0.01745	0.00879	0.00768	0.00237	0.00865	0.00733	0.00658	0.01180
2	0.06505	0.08435	0.48848	0.01951	0.02885	0.08974	0.02317	0.02540	0.01676	0.07111	0.01418	0.01597	0.01020	0.00737	0.00688	0.00229	0.01059	0.00547	0.00381	0.01079
3	0.01340	0.01053	0.01261	0.01280	0.01506	0.01117	0.00991	0.02233	0.23597	0.02619	0.14953	0.22915	0.04338	0.01718	0.00908	0.00288	0.00539	0.15747	0.00748	0.00848
4	0.05806	0.02026	0.02139	0.01684	0.02219	0.09333	0.05764	0.36217	0.06637	0.03630	0.01771	0.02054	0.01390	0.06758	0.00981	0.00258	0.00861	0.00685	0.00624	0.09162
5	0.07505	0.01465	0.01676	0.01269	0.01855	0.01339	0.01028	0.14443	0.02040	0.11197	0.06282	0.02008	0.01645	0.00771	0.00683	0.00172	0.02169	0.00599	0.00595	0.41259
6	0.01565	0.03615	0.58757	0.02332	0.03395	0.01787	0.13150	0.02407	0.01632	0.02407	0.01390	0.01674	0.00992	0.00707	0.00749	0.00243	0.01147	0.00615	0.00331	0.01105
7	0.00989	0.00681	0.00894	0.01056	0.01121	0.00645	0.00733	0.01157	0.01488	0.02037	0.04028	0.61825	0.04712	0.02231	0.00939	0.00301	0.00454	0.07097	0.06984	0.00630
8	0.01689	0.01859	0.03931	0.11132	0.03883	0.01792	0.52959	0.02290	0.01787	0.02421	0.06961	0.02339	0.01625	0.00728	0.00879	0.00254	0.01172	0.00908	0.00415	0.00976
9	0.01526	0.01399	0.02241	0.31774	0.08053	0.01578	0.08577	0.07073	0.01765	0.02343	0.06979	0.07075	0.08787	0.01072	0.00941	0.00258	0.06273	0.00935	0.00475	0.00879
10	0.03670	0.00729	0.00719	0.00715	0.00901	0.00736	0.00539	0.01781	0.01582	0.02845	0.02433	0.02781	0.01911	0.00878	0.00528	0.00178	0.00360	0.00698	0.75304	0.00710
11	0.01425	0.00942	0.01184	0.01073	0.01328	0.00912	0.00821	0.02011	0.10727	0.09979	0.52802	0.04969	0.05966	0.01418	0.00865	0.00241	0.00420	0.01240	0.00838	0.00840
12	0.01781	0.23501	0.30754	0.01768	0.02550	0.02112	0.03975	0.06936	0.10087	0.02459	0.01706	0.06111	0.01419	0.00853	0.00683	0.00224	0.00907	0.00672	0.00436	0.01066
13	0.01318	0.00659	0.00988	0.00988	0.00988	0.00659	0.00659	0.00988	0.00988	0.01318	0.01318	0.02306	0.01318	0.02635	0.02964	0.77931	0.00659	0.00659	0.00329	0.00329
14	0.00923	0.00666	0.00874	0.01041	0.01096	0.00617	0.00697	0.01058	0.01467	0.01942	0.04364	0.69409	0.08337	0.02352	0.00964	0.00305	0.00437	0.02127	0.00704	0.00617
15	0.01654	0.01778	0.03661	0.13157	0.09133	0.01738	0.44453	0.02205	0.01709	0.02310	0.01775	0.09442	0.01539	0.00842	0.00871	0.00258	0.01121	0.00977	0.00410	0.00968
16	0.03069	0.01472	0.01807	0.01401	0.01955	0.01426	0.01152	0.21143	0.02511	0.44714	0.02613	0.02390	0.01718	0.00926	0.00740	0.00227	0.00671	0.00735	0.08095	0.01236
17	0.01084	0.00813	0.01219	0.01219	0.01354	0.00948	0.00948	0.01354	0.01219	0.01761	0.02032	0.02980	0.01896	0.05689	0.70337	0.01219	0.02032	0.00813	0.00406	0.00677
18	0.01103	0.00735	0.00827	0.00827	0.00827	0.00735	0.00460	0.01103	0.01103	0.01471	0.02390	0.04964	0.02758	0.73343	0.03861	0.00735	0.00735	0.01103	0.00460	0.00460
19	0.02335	0.01768	0.02268	0.09937	0.02662	0.01920	0.08164	0.36866	0.05383	0.06423	0.02081	0.02635	0.01638	0.00980	0.00787	0.00243	0.00843	0.06626	0.05326	0.01115
20	0.02171	0.11880	0.27748	0.02136	0.08247	0.16222	0.02015	0.15895	0.02131	0.02720	0.01387	0.01575	0.01055	0.00761	0.00695	0.00217	0.01055	0.00562	0.00432	0.01095
21	0.01898	0.01338	0.01606	0.01164	0.01822	0.01030	0.00937	0.02228	0.01679	0.14329	0.01641	0.01752	0.01258	0.00629	0.00597	0.00134	0.00577	0.00505	0.00536	0.64339
22	0.01736	0.06531	0.09528	0.20385	0.03741	0.07403	0.29189	0.02229	0.01655	0.02128	0.01394	0.01911	0.01084	0.00842	0.00958	0.06158	0.01126	0.00725	0.00358	0.00918
23	0.02312	0.01760	0.01902	0.01577	0.02070	0.01964	0.01263	0.29749	0.33140	0.06748	0.07189	0.02599	0.02212	0.01013	0.00775	0.00243	0.00683	0.00817	0.00778	0.01207
24	0.01805	0.01058	0.01285	0.01145	0.01481	0.01014	0.00885	0.02418	0.13934	0.20675	0.20578	0.11650	0.16050	0.01445	0.00844	0.00252	0.00494	0.01237	0.00813	0.00936
25	0.33434	0.01980	0.10806	0.01639	0.02201	0.01898	0.08097	0.11408	0.10403	0.03203	0.01517	0.01694	0.01151	0.00822	0.00793	0.00248	0.06598	0.00599	0.00510	0.00998
26	0.02470	0.01854	0.02353	0.07686	0.18156	0.02002	0.01644	0.33176	0.10106	0.09890	0.01946	0.02036	0.01420	0.00860	0.00759	0.00233	0.00819	0.00708	0.00654	0.01225
27	0.09067	0.00745	0.00905	0.01050	0.01139	0.00730	0.00716	0.01179	0.01435	0.02090	0.03853	0.65350	0.04577	0.02201	0.00916	0.00300	0.00455	0.01974	0.00680	0.00638
28	0.01601	0.01398	0.01660	0.01240	0.01829	0.01203	0.00997	0.02033	0.05618	0.02448	0.01420	0.01660	0.01184	0.00671	0.00777	0.00144	0.08039	0.00497	0.00457	0.65123
29	0.01352	0.00995	0.01220	0.01213	0.01427	0.00973	0.00911	0.11093	0.01814	0.02451	0.03385	0.38995	0.03788	0.06538	0.01097	0.00311	0.00577	0.12477	0.00669	0.08714
30	0.01573	0.01348	0.01573	0.01123	0.01798	0.01011	0.00899	0.01910	0.01573	0.02472	0.01348	0.01573	0.01123	0.00562	0.00562	0.00112	0.00562	0.00449	0.00449	0.77980
31	0.03035	0.01254	0.01649	0.01302	0.01829	0.01131	0.01063	0.03487	0.07446	0.56109	0.05843	0.02756	0.02151	0.00969	0.00753	0.00233	0.00608	0.00793	0.06373	0.01217
32	0.00998	0.00717	0.00833	0.00892	0.00962	0.00675	0.00567	0.01084	0.01355	0.01751	0.04126	0.28374	0.17534	0.34122	0.02251	0.00489	0.00561	0.01565	0.00594	0.00551
33	0.01659	0.01659	0.02323	0.01991	0.01991	0.02323	0.01659	0.01825	0.01162	0.01825	0.00996	0.01659	0.00996	0.01328	0.02489	0.00332	0.71955	0.00664	0.00332	0.00830
34	0.01795	0.01886	0.02303	0.01987	0.02032	0.10182	0.01637	0.01965	0.01276	0.01829	0.01016	0.01626	0.00994	0.01264	0.02280	0.00316	0.63794	0.00644	0.00339	0.00835
35	0.01764	0.01342	0.01592	0.01147	0.01812	0.01022	0.00921	0.02097	0.01635	0.09451	0.01520	0.01678	0.01202	0.00601	0.00583	0.00125	0.00570	0.00482	0.00501	0.69951
36	0.01792	0.00974	0.01220	0.01122	0.01436	0.00888	0.00870	0.02157	0.06059	0.23241	0.11219	0.18701	0.19669	0.01622	0.00871	0.00265	0.00510	0.05702	0.00795	0.00887
37	0.00976	0.00690	0.00905	0.01058	0.01109	0.00656	0.00721	0.01111	0.01434	0.01906	0.03929	0.57855	0.04658	0.11701	0.01357	0.00368	0.00503	0.07789	0.00671	0.00603
38	0.04811	0.01939	0.08148	0.04191	0.03270	0.01813	0.41634	0.02181	0.01628	0.02321	0.01701	0.09340	0.01504	0.00928	0.01091	0.00270	0.10927	0.00947	0.00408	0.00948
39	0.40082	0.02124	0.17480	0.01430	0.02066	0.01777	0.01410	0.08575	0.10325	0.05963	0.01548	0.01641	0.01139	0.00780	0.00608	0.00238	0.00741	0.00545	0.00521	0.01006
40	0.08200	0.58491	0.08218	0.01314	0.01953	0.02668	0.01331	0.02226	0.01562	0.02037	0.05146	0.01515	0.01335	0.00713	0.00527	0.00178	0.00787	0.00476	0.00367	0.00956

[dist]
# distance from previous block
# <min> <max>
0	21

[block]
# block no. 2 follows, 26 sequences, length 46
# corresponding to MSA columns:
# 160-205
name=unknown_C
#
# <colnr> <probs for GDERKNQSTAVLIFYWHMCP>
#	G	D	E	R	K	N	Q	S	T	A	V	L	I	F	Y	W	H	M	C	P
0	0.05586	0.01686	0.01923	0.01529	0.02085	0.01771	0.01247	0.27350	0.16676	0.28192	0.02499	0.02298	0.01711	0.00939	0.00753	0.00237	0.00705	0.00740	0.00818	0.01254
1	0.01119	0.00730	0.00839	0.00839	0.00839	0.00730	0.00474	0.01095	0.01095	0.01459	0.02311	0.04768	0.02651	0.68132	0.03795	0.06424	0.00730	0.01070	0.00450	0.00450
2	0.01992	0.01702	0.01933	0.01926	0.09748	0.01927	0.01357	0.10472	0.52824	0.03264	0.02759	0.02611	0.02076	0.00975	0.00768	0.00250	0.00660	0.00818	0.00724	0.01210
3	0.03075	0.01818	0.02086	0.01599	0.02199	0.01897	0.01321	0.43109	0.03052	0.28479	0.02252	0.02101	0.01506	0.00921	0.00760	0.00230	0.00765	0.00712	0.00825	0.01290
4	0.01495	0.01362	0.02313	0.45466	0.04093	0.01613	0.10055	0.01965	0.01534	0.02134	0.01522	0.02123	0.01177	0.00811	0.00886	0.00248	0.06961	0.00707	0.12692	0.00843
5	0.01102	0.00805	0.01038	0.00975	0.01162	0.00757	0.00733	0.01522	0.04419	0.03046	0.65939	0.05567	0.06988	0.01532	0.00890	0.00239	0.00366	0.01354	0.00833	0.00733
6	0.00924	0.00660	0.00880	0.01056	0.01100	0.00616	0.00704	0.01056	0.01452	0.01936	0.04181	0.72848	0.05017	0.02376	0.00968	0.00308	0.00440	0.02156	0.00704	0.00616
7	0.01662	0.01688	0.02820	0.22353	0.07225	0.04306	0.18179	0.02035	0.01482	0.02021	0.01285	0.01902	0.01070	0.01008	0.01448	0.04805	0.22764	0.00720	0.00351	0.00877
8	0.01435	0.01175	0.01316	0.01217	0.01518	0.01258	0.00931	0.02613	0.32842	0.02969	0.29354	0.06630	0.10906	0.01367	0.00839	0.00251	0.00478	0.01177	0.00788	0.00934
9	0.00924	0.00660	0.00880	0.01056	0.01100	0.00616	0.00704	0.01056	0.01452	0.01936	0.04181	0.72848	0.05017	0.02376	0.00968	0.00308	0.00440	0.02156	0.00704	0.00616
10	0.01229	0.01124	0.02056	0.01733	0.02013	0.01057	0.22012	0.01521	0.01551	0.02087	0.05058	0.41310	0.03604	0.08425	0.01213	0.00329	0.00740	0.01621	0.00580	0.00738
11	0.01903	0.09389	0.02737	0.31605	0.19261	0.01995	0.04545	0.14756	0.01985	0.02631	0.01436	0.01863	0.01113	0.00752	0.00733	0.00232	0.00940	0.00657	0.00430	0.01037
12	0.01809	0.34741	0.16068	0.15202	0.02956	0.06410	0.05526	0.02248	0.01586	0.01974	0.01248	0.01580	0.01028	0.00907	0.03611	0.00248	0.01023	0.00539	0.00337	0.00961
13	0.01074	0.00775	0.01014	0.00954	0.01133	0.00716	0.00716	0.01431	0.02147	0.03042	0.68211	0.05666	0.07157	0.01551	0.00895	0.00239	0.00358	0.01372	0.00835	0.00716
14	0.10768	0.01666	0.02576	0.06021	0.39597	0.01696	0.06393	0.05376	0.03706	0.02718	0.01530	0.01898	0.01234	0.00710	0.00702	0.00221	0.00823	0.00655	0.06108	0.05601
15	0.01194	0.00771	0.00948	0.00931	0.01039	0.00730	0.00621	0.01353	0.01576	0.06035	0.24073	0.15320	0.06773	0.32814	0.02185	0.00465	0.00552	0.01345	0.00654	0.00621
16	0.78701	0.01467	0.01115	0.00997	0.01467	0.01702	0.00821	0.02230	0.01291	0.03403	0.01056	0.01232	0.00821	0.00704	0.00469	0.00235	0.00587	0.00411	0.00469	0.00821
17	0.01621	0.03279	0.48136	0.02711	0.12945	0.01795	0.13987	0.02396	0.01653	0.02418	0.01402	0.01721	0.01030	0.00700	0.00756	0.00241	0.01117	0.00637	0.00340	0.01115
18	0.01887	0.01629	0.01715	0.01544	0.01972	0.01887	0.01201	0.04031	0.67241	0.03173	0.03087	0.02830	0.02315	0.01029	0.00772	0.00257	0.00600	0.00858	0.00772	0.01201
19	0.01066	0.00775	0.01003	0.00946	0.01129	0.00712	0.00710	0.01417	0.02129	0.02999	0.65619	0.05736	0.09775	0.01567	0.00895	0.00239	0.00359	0.01382	0.00829	0.00712
20	0.02883	0.02125	0.02276	0.01745	0.02352	0.02352	0.01442	0.66082	0.03566	0.04780	0.01821	0.01821	0.01290	0.00911	0.00759	0.00228	0.00835	0.00683	0.00759	0.01290
21	0.01084	0.00813	0.01219	0.01219	0.01354	0.00948	0.00948	0.01354	0.01219	0.01761	0.02032	0.02980	0.01896	0.05689	0.70337	0.01219	0.02032	0.00813	0.00406	0.00677
22	0.01968	0.01743	0.02943	0.07645	0.60633	0.01746	0.02228	0.02410	0.01750	0.07364	0.01538	0.01936	0.01242	0.00699	0.00752	0.00227	0.00888	0.00682	0.00415	0.01191
23	0.01517	0.01661	0.07433	0.46114	0.08316	0.01718	0.12579	0.02050	0.01594	0.02125	0.04104	0.02124	0.01292	0.00783	0.00843	0.00253	0.03489	0.00731	0.00366	0.00908
24	0.00924	0.00660	0.00880	0.01056	0.01100	0.00616	0.00704	0.01056	0.01452	0.01936	0.04181	0.72848	0.05017	0.02376	0.00968	0.00308	0.00440	0.02156	0.00704	0.00616
25	0.03366	0.01350	0.01797	0.01378	0.01966	0.01203	0.01138	0.08156	0.02271	0.64536	0.02909	0.02527	0.01836	0.00937	0.00762	0.00234	0.00659	0.00757	0.00926	0.01291
26	0.01562	0.03661	0.60738	0.02384	0.07164	0.01775	0.07421	0.02400	0.01623	0.02409	0.01378	0.01650	0.00989	0.00712	0.00735	0.00240	0.01120	0.00592	0.00328	0.01118
27	0.01227	0.00895	0.01273	0.01505	0.04275	0.00892	0.01229	0.01564	0.01724	0.02254	0.03922	0.13021	0.04284	0.02058	0.01030	0.00341	0.00688	0.56419	0.00686	0.00713
28	0.03008	0.01244	0.01639	0.01283	0.01818	0.01094	0.01051	0.05762	0.02174	0.56447	0.05835	0.03210	0.09755	0.01074	0.00783	0.00237	0.00612	0.00879	0.00901	0.01195
29	0.78701	0.01467	0.01115	0.00997	0.01467	0.01702	0.00821	0.02230	0.01291	0.03403	0.01056	0.01232	0.00821	0.00704	0.00469	0.00235	0.00587	0.00411	0.00469	0.00821
30	0.02689	0.03361	0.02140	0.07063	0.02541	0.62239	0.01501	0.02992	0.04960	0.01920	0.01269	0.01480	0.01038	0.00791	0.00693	0.00202	0.01308	0.00518	0.00404	0.00891
31	0.01557	0.01603	0.08790	0.01227	0.01912	0.01107	0.01095	0.04119	0.01658	0.02510	0.01886	0.02055	0.06627	0.00702	0.00613	0.00142	0.00616	0.00564	0.00467	0.60749
32	0.01672	0.01674	0.02450	0.49197	0.19709	0.08369	0.02096	0.02135	0.01627	0.02056	0.01349	0.01925	0.01052	0.00741	0.00749	0.00241	0.01020	0.00656	0.00351	0.00930
33	0.03403	0.01291	0.01760	0.01350	0.01936	0.01115	0.01115	0.03697	0.02171	0.69137	0.02992	0.02582	0.01878	0.00939	0.00763	0.00235	0.00645	0.00763	0.00939	0.01291
34	0.01678	0.00909	0.01207	0.01057	0.01341	0.00819	0.00819	0.02019	0.02153	0.20180	0.51301	0.04866	0.05788	0.01392	0.00860	0.00238	0.00432	0.01214	0.00862	0.00865
35	0.01448	0.01379	0.02372	0.68521	0.05169	0.01695	0.04905	0.01960	0.01529	0.01960	0.01356	0.02023	0.01017	0.00753	0.00764	0.00253	0.01023	0.00684	0.00339	0.00851
36	0.03403	0.01291	0.01760	0.01350	0.01936	0.01115	0.01115	0.03697	0.02171	0.69137	0.02992	0.02582	0.01878	0.00939	0.00763	0.00235	0.00645	0.00763	0.00939	0.01291
37	0.01074	0.00775	0.01014	0.00954	0.01133	0.00716	0.00716	0.01431	0.02147	0.03042	0.68211	0.05666	0.07157	0.01551	0.00895	0.00239	0.00358	0.01372	0.00835	0.00716
38	0.78701	0.01467	0.01115	0.00997	0.01467	0.01702	0.00821	0.02230	0.01291	0.03403	0.01056	0.01232	0.00821	0.00704	0.00469	0.00235	0.00587	0.00411	0.00469	0.00821
39	0.64481	0.01590	0.01333	0.01138	0.01633	0.01824	0.00938	0.14206	0.01718	0.03661	0.01200	0.01343	0.00909	0.00743	0.00524	0.00233	0.00633	0.00462	0.00524	0.00909
40	0.03237	0.01254	0.01707	0.01321	0.01879	0.01086	0.01086	0.03535	0.02169	0.64412	0.07654	0.02802	0.02255	0.00983	0.00772	0.00235	0.00625	0.00806	0.00931	0.01250
41	0.01222	0.00873	0.01222	0.01397	0.01572	0.00873	0.01222	0.01572	0.01746	0.02270	0.04016	0.08556	0.04365	0.02095	0.01048	0.00349	0.00698	0.63506	0.00698	0.00698
42	0.01516	0.01433	0.02426	0.58979	0.17113	0.01707	0.02148	0.02011	0.01556	0.02039	0.01363	0.01995	0.01047	0.00743	0.00757	0.00248	0.00990	0.00674	0.00344	0.00910
43	0.01623	0.01611	0.02554	0.50265	0.17547	0.05724	0.05794	0.02107	0.01611	0.02069	0.01364	0.01957	0.01055	0.00736	0.00760	0.00244	0.01026	0.00676	0.00350	0.00926
44	0.02833	0.03615	0.02149	0.01954	0.02345	0.70298	0.01466	0.03029	0.02149	0.01856	0.01172	0.01368	0.00977	0.00782	0.00684	0.00195	0.01368	0.00489	0.00391	0.00879
45	0.01573	0.01348	0.01573	0.01123	0.01798	0.01011	0.00899	0.01910	0.01573	0.02472	0.01348	0.01573	0.01123	0.00562	0.00562	0.00112	0.00562	0.00449	0.00449	0.77980

[dist]
# distance from previous block
# <min> <max>
0	22

[block]
# block no. 3 follows, 26 sequences, length 38
# corresponding to MSA columns:
# 228-265
name=unknown_D
#
# <colnr> <probs for GDERKNQSTAVLIFYWHMCP>
#	G	D	E	R	K	N	Q	S	T	A	V	L	I	F	Y	W	H	M	C	P
0	0.01040	0.00768	0.00972	0.00934	0.01116	0.00699	0.00695	0.01362	0.02048	0.02839	0.56029	0.09774	0.15605	0.01650	0.00899	0.00245	0.00366	0.01449	0.00809	0.00699
1	0.01573	0.01348	0.01573	0.01123	0.01798	0.01011	0.00899	0.01910	0.01573	0.02472	0.01348	0.01573	0.01123	0.00562	0.00562	0.00112	0.00562	0.00449	0.00449	0.77980
2	0.00924	0.00660	0.00880	0.01056	0.01100	0.00616	0.00704	0.01056	0.01452	0.01936	0.04181	0.72848	0.05017	0.02376	0.00968	0.00308	0.00440	0.02156	0.00704	0.00616
3	0.00918	0.00683	0.00856	0.00995	0.01084	0.00621	0.00677	0.01063	0.01511	0.01960	0.04928	0.58866	0.18517	0.02279	0.00953	0.00297	0.00428	0.02038	0.00704	0.00621
4	0.00936	0.00770	0.00823	0.00810	0.01049	0.00657	0.00607	0.01165	0.01822	0.02269	0.21124	0.06937	0.54726	0.01839	0.00896	0.00252	0.00378	0.01550	0.00733	0.00657
5	0.01573	0.01348	0.01573	0.01123	0.01798	0.01011	0.00899	0.01910	0.01573	0.02472	0.01348	0.01573	0.01123	0.00562	0.00562	0.00112	0.00562	0.00449	0.00449	0.77980
6	0.01414	0.00707	0.00707	0.00707	0.00884	0.00707	0.00530	0.01767	0.01591	0.02828	0.02474	0.02828	0.01944	0.00884	0.00530	0.00177	0.00353	0.00707	0.77554	0.00707
7	0.01659	0.01659	0.02323	0.01991	0.01991	0.02323	0.01659	0.01825	0.01162	0.01825	0.00996	0.01659	0.00996	0.01328	0.02489	0.00332	0.71955	0.00664	0.00332	0.00830
8	0.01432	0.01348	0.02275	0.71520	0.05224	0.01685	0.02107	0.01938	0.01517	0.01938	0.01348	0.02022	0.01011	0.00758	0.00758	0.00253	0.01011	0.00674	0.00337	0.00843
9	0.01074	0.00775	0.01014	0.00954	0.01133	0.00716	0.00716	0.01431	0.02147	0.03042	0.68211	0.05666	0.07157	0.01551	0.00895	0.00239	0.00358	0.01372	0.00835	0.00716
10	0.00939	0.00736	0.00794	0.00841	0.01035	0.00638	0.00607	0.01126	0.01646	0.02071	0.06404	0.24393	0.47048	0.01972	0.00891	0.00265	0.00397	0.01688	0.05871	0.00638
11	0.02223	0.01563	0.01779	0.04772	0.02011	0.01724	0.01205	0.35900	0.02616	0.06510	0.02264	0.12545	0.01950	0.01141	0.00850	0.00238	0.04800	0.00907	0.13959	0.01042
12	0.07187	0.02015	0.02130	0.01650	0.02227	0.02232	0.01360	0.59147	0.03335	0.04602	0.01810	0.01838	0.01296	0.00897	0.00731	0.00225	0.00796	0.00668	0.04621	0.01233
13	0.02906	0.02261	0.02232	0.01749	0.02328	0.10595	0.01426	0.54899	0.03315	0.08003	0.01807	0.01808	0.01284	0.00896	0.00750	0.00224	0.00889	0.00664	0.00724	0.01240
14	0.76804	0.01571	0.01230	0.01108	0.01582	0.01775	0.00890	0.02323	0.01392	0.03510	0.01222	0.01463	0.00981	0.00811	0.00542	0.00264	0.00641	0.00466	0.00522	0.00903
15	0.07150	0.05397	0.07076	0.02626	0.03329	0.01867	0.44404	0.02535	0.01753	0.10592	0.01625	0.01977	0.01193	0.00716	0.00895	0.00250	0.04336	0.00796	0.00449	0.01036
16	0.02263	0.01656	0.01790	0.01442	0.01948	0.01753	0.01165	0.34750	0.12731	0.08142	0.03335	0.03198	0.15964	0.01130	0.00780	0.00232	0.00673	0.00901	0.00744	0.05402
17	0.78701	0.01467	0.01115	0.00997	0.01467	0.01702	0.00821	0.02230	0.01291	0.03403	0.01056	0.01232	0.00821	0.00704	0.00469	0.00235	0.00587	0.00411	0.00469	0.00821
18	0.11406	0.01775	0.01753	0.04905	0.02076	0.11704	0.01160	0.08164	0.01820	0.06480	0.01494	0.01853	0.01222	0.00781	0.00755	0.00188	0.05543	0.02711	0.00495	0.33715
19	0.01086	0.00803	0.01171	0.01171	0.01290	0.00922	0.00888	0.01324	0.01205	0.01725	0.02075	0.03222	0.02002	0.13961	0.62209	0.01160	0.01873	0.00848	0.00413	0.00651
20	0.01222	0.00873	0.01222	0.01397	0.01572	0.00873	0.01222	0.01572	0.01746	0.02270	0.04016	0.08556	0.04365	0.02095	0.01048	0.00349	0.00698	0.63506	0.00698	0.00698
21	0.48545	0.01701	0.01576	0.03705	0.01918	0.01937	0.01091	0.25369	0.02124	0.03852	0.01344	0.01473	0.00998	0.00781	0.00584	0.00233	0.00691	0.00518	0.00570	0.00992
22	0.78701	0.01467	0.01115	0.00997	0.01467	0.01702	0.00821	0.02230	0.01291	0.03403	0.01056	0.01232	0.00821	0.00704	0.00469	0.00235	0.00587	0.00411	0.00469	0.00821
23	0.01780	0.01723	0.02946	0.16238	0.50117	0.01822	0.05001	0.02230	0.01655	0.02337	0.01389	0.01896	0.01152	0.00733	0.00875	0.00239	0.05714	0.00684	0.00366	0.01105
24	0.78701	0.01467	0.01115	0.00997	0.01467	0.01702	0.00821	0.02230	0.01291	0.03403	0.01056	0.01232	0.00821	0.00704	0.00469	0.00235	0.00587	0.00411	0.00469	0.00821
25	0.02321	0.45740	0.03201	0.01496	0.02057	0.21244	0.01327	0.02674	0.05906	0.05862	0.01330	0.01441	0.01113	0.00726	0.00575	0.00182	0.00940	0.00478	0.00407	0.00981
26	0.01774	0.12880	0.06959	0.01976	0.02217	0.05776	0.05983	0.02031	0.01339	0.01898	0.01073	0.01600	0.01000	0.01112	0.01875	0.00288	0.48372	0.00625	0.00336	0.00885
27	0.00933	0.00701	0.00870	0.00999	0.01106	0.00637	0.00699	0.01093	0.01542	0.01985	0.05101	0.51877	0.21775	0.02240	0.00954	0.00297	0.00440	0.05422	0.00704	0.00627
28	0.01877	0.01802	0.03079	0.04656	0.68612	0.01802	0.02328	0.02328	0.01727	0.02478	0.01427	0.01877	0.01201	0.00676	0.00751	0.00225	0.00901	0.00676	0.00375	0.01201
29	0.01527	0.01565	0.03171	0.06799	0.03104	0.01495	0.40643	0.02027	0.01735	0.02391	0.08235	0.14912	0.02426	0.01052	0.00879	0.00259	0.00977	0.01137	0.04772	0.00894
30	0.01318	0.00659	0.00988	0.00988	0.00988	0.00659	0.00659	0.00988	0.00988	0.01318	0.01318	0.02306	0.01318	0.02635	0.02964	0.77931	0.00659	0.00659	0.00329	0.00329
31	0.00924	0.00660	0.00880	0.01056	0.01100	0.00616	0.00704	0.01056	0.01452	0.01936	0.04181	0.72848	0.05017	0.02376	0.00968	0.00308	0.00440	0.02156	0.00704	0.00616
32	0.00924	0.00660	0.00880	0.01056	0.01100	0.00616	0.00704	0.01056	0.01452	0.01936	0.04181	0.72848	0.05017	0.02376	0.00968	0.00308	0.00440	0.02156	0.00704	0.00616
33	0.02204	0.01918	0.06665	0.01789	0.02339	0.05729	0.09227	0.06728	0.37172	0.13880	0.02592	0.02476	0.01881	0.00926	0.00776	0.00247	0.00782	0.00797	0.00699	0.01174
34	0.01659	0.01659	0.02323	0.01991	0.01991	0.02323	0.01659	0.01825	0.01162	0.01825	0.00996	0.01659	0.00996	0.01328	0.02489	0.00332	0.71955	0.00664	0.00332	0.00830
35	0.01521	0.03923	0.69413	0.02162	0.03283	0.01762	0.02802	0.02402	0.01601	0.02402	0.01361	0.01601	0.00961	0.00721	0.00721	0.00240	0.01121	0.00560	0.00320	0.01121
36	0.06272	0.01572	0.02403	0.37908	0.22560	0.01792	0.01980	0.08061	0.05573	0.02510	0.01498	0.01963	0.01155	0.00761	0.00740	0.00242	0.00915	0.00671	0.00420	0.01005
37	0.02003	0.01733	0.02924	0.05003	0.12277	0.06125	0.26516	0.02415	0.01790	0.12772	0.04147	0.05747	0.01668	0.00937	0.00939	0.04815	0.00966	0.00846	0.00501	0.05876

[dist]
# distance from previous block
# <min> <max>
0	36

# created by:
# /st0/software/busco_prod/Augustus/scripts/msa2prfl.pl ./align_prep/111683.fa
