[name]
unknown

[dist]
# distance from previous block
# <min> <max>
0	4

[block]
# block no. 0 follows, 25 sequences, length 8
# corresponding to MSA columns:
# 4-11
name=unknown_A
#
# <colnr> <probs for GDERKNQSTAVLIFYWHMCP>
#	G	D	E	R	K	N	Q	S	T	A	V	L	I	F	Y	W	H	M	C	P
0	0.01162	0.00770	0.01017	0.01131	0.01245	0.00726	0.00826	0.01355	0.01606	0.05585	0.07515	0.44359	0.07259	0.07649	0.01216	0.00347	0.00531	0.14305	0.00719	0.00677
1	0.02661	0.01403	0.01797	0.07350	0.02184	0.01388	0.01213	0.17153	0.02482	0.33888	0.16804	0.03106	0.02892	0.01075	0.00808	0.00241	0.00671	0.00890	0.00842	0.01151
2	0.04255	0.01437	0.05966	0.08595	0.01995	0.05155	0.03290	0.05985	0.01783	0.07926	0.02092	0.02428	0.01608	0.01105	0.03830	0.00262	0.03769	0.00699	0.36943	0.00878
3	0.01297	0.00918	0.01343	0.04229	0.01640	0.00893	0.05192	0.01625	0.05322	0.07358	0.03802	0.52069	0.04246	0.02031	0.00951	0.00302	0.00571	0.04745	0.00705	0.00760
4	0.02383	0.01264	0.01561	0.01333	0.01767	0.01223	0.01071	0.08523	0.11256	0.31020	0.08201	0.09363	0.09714	0.01338	0.00846	0.00261	0.00610	0.06331	0.00846	0.01088
5	0.01919	0.01842	0.03147	0.04759	0.67914	0.01842	0.02380	0.02380	0.01765	0.02533	0.01458	0.01919	0.01228	0.00691	0.00768	0.00230	0.00921	0.00691	0.00384	0.01228
6	0.01608	0.01378	0.01608	0.01148	0.01837	0.01034	0.00919	0.01952	0.01608	0.02527	0.01378	0.01608	0.01148	0.00574	0.00574	0.00115	0.00574	0.00459	0.00459	0.77491
7	0.01065	0.00791	0.00991	0.00941	0.01138	0.00718	0.00706	0.01400	0.02117	0.02926	0.56714	0.06094	0.18221	0.01654	0.00915	0.00247	0.00371	0.01445	0.00829	0.00718

[dist]
# distance from previous block
# <min> <max>
0	1

[block]
# block no. 1 follows, 25 sequences, length 38
# corresponding to MSA columns:
# 13-50
name=unknown_B
#
# <colnr> <probs for GDERKNQSTAVLIFYWHMCP>
#	G	D	E	R	K	N	Q	S	T	A	V	L	I	F	Y	W	H	M	C	P
0	0.00945	0.00675	0.00900	0.01080	0.01125	0.00630	0.00720	0.01080	0.01484	0.01979	0.04274	0.72245	0.05128	0.02429	0.00990	0.00315	0.00450	0.02204	0.00720	0.00630
1	0.01470	0.01364	0.01941	0.01732	0.01785	0.01835	0.01417	0.01681	0.01210	0.01841	0.01425	0.02215	0.01372	0.03070	0.28342	0.00688	0.44719	0.00737	0.00369	0.00788
2	0.73272	0.01544	0.01218	0.01070	0.01559	0.01783	0.00881	0.06430	0.01473	0.03571	0.01131	0.01299	0.00871	0.00734	0.00499	0.00239	0.00616	0.00438	0.00499	0.00871
3	0.01108	0.00831	0.01246	0.01246	0.01385	0.00969	0.00969	0.01385	0.01246	0.01800	0.02077	0.03046	0.01938	0.05815	0.69678	0.01246	0.02077	0.00831	0.00415	0.00692
4	0.01126	0.00756	0.00868	0.00868	0.00875	0.00764	0.00497	0.01142	0.01134	0.01520	0.02423	0.04963	0.02771	0.69079	0.07552	0.00779	0.00824	0.01111	0.00467	0.00482
5	0.01464	0.01378	0.02326	0.70887	0.05340	0.01723	0.02153	0.01981	0.01550	0.01981	0.01378	0.02067	0.01034	0.00775	0.00775	0.00258	0.01034	0.00689	0.00345	0.00861
6	0.02947	0.02172	0.02327	0.01784	0.02404	0.02404	0.01474	0.65329	0.03646	0.04887	0.01862	0.01862	0.01319	0.00931	0.00776	0.00233	0.00853	0.00698	0.00776	0.01319
7	0.02947	0.02172	0.02327	0.01784	0.02404	0.02404	0.01474	0.65329	0.03646	0.04887	0.01862	0.01862	0.01319	0.00931	0.00776	0.00233	0.00853	0.00698	0.00776	0.01319
8	0.01445	0.00723	0.00723	0.00723	0.00903	0.00723	0.00542	0.01807	0.01626	0.02891	0.02529	0.02891	0.01987	0.00903	0.00542	0.00181	0.00361	0.00723	0.77055	0.00723
9	0.02947	0.02172	0.02327	0.01784	0.02404	0.02404	0.01474	0.65329	0.03646	0.04887	0.01862	0.01862	0.01319	0.00931	0.00776	0.00233	0.00853	0.00698	0.00776	0.01319
10	0.01347	0.00673	0.01010	0.01010	0.01010	0.00673	0.00673	0.01010	0.01010	0.01347	0.01347	0.02357	0.01347	0.02694	0.03030	0.77441	0.00673	0.00673	0.00337	0.00337
11	0.01464	0.01378	0.02326	0.70887	0.05340	0.01723	0.02153	0.01981	0.01550	0.01981	0.01378	0.02067	0.01034	0.00775	0.00775	0.00258	0.01034	0.00689	0.00345	0.00861
12	0.01097	0.00793	0.01036	0.00975	0.01158	0.00732	0.00732	0.01463	0.02195	0.03109	0.67505	0.05792	0.07316	0.01585	0.00914	0.00244	0.00366	0.01402	0.00854	0.00732
13	0.01464	0.01378	0.02326	0.70887	0.05340	0.01723	0.02153	0.01981	0.01550	0.01981	0.01378	0.02067	0.01034	0.00775	0.00775	0.00258	0.01034	0.00689	0.00345	0.00861
14	0.00967	0.00829	0.00834	0.00825	0.01095	0.00718	0.00621	0.01262	0.04982	0.02152	0.07621	0.07235	0.64360	0.01918	0.00910	0.00262	0.00404	0.01599	0.00723	0.00683
15	0.03479	0.01320	0.01799	0.01380	0.01979	0.01140	0.01140	0.03779	0.02219	0.68451	0.03059	0.02639	0.01919	0.00960	0.00780	0.00240	0.00660	0.00780	0.00960	0.01320
16	0.01117	0.00747	0.00849	0.00860	0.00862	0.00744	0.00485	0.01125	0.01149	0.01532	0.02553	0.09110	0.02958	0.68525	0.03769	0.00725	0.00734	0.01192	0.00485	0.00479
17	0.03286	0.01345	0.01785	0.01392	0.01960	0.01205	0.01140	0.08285	0.02283	0.59635	0.03041	0.06763	0.02067	0.01046	0.00792	0.00244	0.00662	0.00859	0.00931	0.01278
18	0.00945	0.00675	0.00900	0.01080	0.01125	0.00630	0.00720	0.01080	0.01484	0.01979	0.04274	0.72245	0.05128	0.02429	0.00990	0.00315	0.00450	0.02204	0.00720	0.00630
19	0.01919	0.01842	0.03147	0.04759	0.67914	0.01842	0.02380	0.02380	0.01765	0.02533	0.01458	0.01919	0.01228	0.00691	0.00768	0.00230	0.00921	0.00691	0.00384	0.01228
20	0.74898	0.01466	0.01122	0.01007	0.01474	0.01695	0.00827	0.02259	0.01333	0.03453	0.01142	0.01330	0.00889	0.00728	0.00483	0.00237	0.00589	0.00433	0.03800	0.00835
21	0.00957	0.00795	0.00842	0.00852	0.01101	0.00680	0.00653	0.01179	0.01802	0.02191	0.12166	0.07436	0.57873	0.01949	0.00929	0.00268	0.00416	0.06517	0.00730	0.00665
22	0.01737	0.12737	0.56406	0.02047	0.03098	0.01924	0.02564	0.02518	0.01664	0.06340	0.01451	0.01647	0.01040	0.00741	0.00709	0.00235	0.01076	0.00565	0.00366	0.01137
23	0.01113	0.00811	0.01147	0.01147	0.01252	0.00916	0.00846	0.01321	0.01217	0.01727	0.02167	0.03546	0.02156	0.22322	0.53468	0.01124	0.01750	0.00904	0.00429	0.00637
24	0.01997	0.59666	0.12275	0.01666	0.06504	0.02825	0.01593	0.02343	0.01596	0.01952	0.01143	0.01339	0.01009	0.00675	0.00546	0.00180	0.00876	0.00453	0.00335	0.01030
25	0.01772	0.01998	0.04333	0.03124	0.03860	0.01873	0.60860	0.02391	0.01807	0.02450	0.01747	0.06709	0.01437	0.00770	0.00920	0.00265	0.01251	0.01000	0.00414	0.01018
26	0.01269	0.00909	0.01261	0.01352	0.07469	0.00849	0.00903	0.01631	0.02127	0.05753	0.56052	0.07961	0.06429	0.01509	0.00898	0.00245	0.00434	0.01341	0.00808	0.00799
27	0.01990	0.01547	0.01718	0.01268	0.01928	0.04345	0.01018	0.07666	0.01878	0.10012	0.01598	0.01734	0.01242	0.00658	0.00620	0.00143	0.00646	0.00517	0.00539	0.58931
28	0.01080	0.00792	0.01012	0.00957	0.01148	0.00724	0.00718	0.01430	0.02154	0.03012	0.61814	0.05951	0.13067	0.01621	0.00915	0.00246	0.00368	0.01425	0.00841	0.00724
29	0.02845	0.03610	0.02205	0.01999	0.02382	0.66780	0.01507	0.03044	0.02154	0.01896	0.01191	0.01411	0.01000	0.00823	0.00778	0.00206	0.04370	0.00507	0.00397	0.00897
30	0.00945	0.00675	0.00900	0.01080	0.01125	0.00630	0.00720	0.01080	0.01484	0.01979	0.04274	0.72245	0.05128	0.02429	0.00990	0.00315	0.00450	0.02204	0.00720	0.00630
31	0.00941	0.00786	0.00820	0.00811	0.01062	0.00665	0.00609	0.01161	0.01826	0.02233	0.16002	0.07234	0.59366	0.01912	0.00916	0.00259	0.00389	0.01604	0.00738	0.00665
32	0.01915	0.01853	0.03208	0.04696	0.65200	0.01847	0.05045	0.02384	0.01768	0.02531	0.01463	0.01926	0.01226	0.00689	0.00774	0.00232	0.00938	0.00700	0.00384	0.01220
33	0.02073	0.73217	0.04063	0.01327	0.01990	0.03068	0.01327	0.02322	0.01575	0.01824	0.01078	0.01244	0.00995	0.00663	0.00498	0.00166	0.00829	0.00415	0.00332	0.00995
34	0.78228	0.01499	0.01140	0.01020	0.01499	0.01739	0.00840	0.02279	0.01320	0.03479	0.01080	0.01260	0.00840	0.00720	0.00480	0.00240	0.00600	0.00420	0.00480	0.00840
35	0.78228	0.01499	0.01140	0.01020	0.01499	0.01739	0.00840	0.02279	0.01320	0.03479	0.01080	0.01260	0.00840	0.00720	0.00480	0.00240	0.00600	0.00420	0.00480	0.00840
36	0.01817	0.02182	0.07586	0.03218	0.04020	0.01953	0.62177	0.02482	0.01821	0.02482	0.01560	0.02070	0.01167	0.00657	0.00907	0.00261	0.01300	0.00899	0.00389	0.01050
37	0.01830	0.02092	0.04575	0.03268	0.04052	0.01961	0.65098	0.02484	0.01830	0.02484	0.01569	0.02092	0.01176	0.00654	0.00915	0.00261	0.01307	0.00915	0.00392	0.01046

[dist]
# distance from previous block
# <min> <max>
0	2

[block]
# block no. 2 follows, 25 sequences, length 68
# corresponding to MSA columns:
# 53-120
name=unknown_C
#
# <colnr> <probs for GDERKNQSTAVLIFYWHMCP>
#	G	D	E	R	K	N	Q	S	T	A	V	L	I	F	Y	W	H	M	C	P
0	0.01085	0.00850	0.01178	0.04253	0.01451	0.00921	0.00933	0.01267	0.01481	0.02019	0.06487	0.51431	0.04346	0.02376	0.05154	0.00368	0.09106	0.03971	0.00646	0.00677
1	0.01980	0.01691	0.01782	0.01588	0.02036	0.01952	0.01240	0.07188	0.63363	0.03326	0.03091	0.02841	0.02314	0.01046	0.00788	0.00261	0.00626	0.00868	0.00788	0.01232
2	0.01740	0.26451	0.40852	0.01905	0.02851	0.02178	0.04959	0.02384	0.01624	0.02254	0.01296	0.01526	0.01005	0.00700	0.00657	0.00213	0.01016	0.00529	0.00339	0.05524
3	0.01773	0.04625	0.09180	0.03011	0.03781	0.01920	0.54974	0.02405	0.01789	0.02433	0.01675	0.05574	0.01355	0.00750	0.00891	0.00260	0.01235	0.00937	0.00402	0.01030
4	0.01111	0.00817	0.01176	0.01176	0.01290	0.00931	0.00882	0.01340	0.01225	0.01748	0.02141	0.03400	0.02092	0.17509	0.58194	0.01160	0.01845	0.00883	0.00425	0.00653
5	0.05750	0.01810	0.03055	0.07832	0.59171	0.01835	0.04501	0.02358	0.01734	0.02551	0.01439	0.01899	0.01197	0.00695	0.00759	0.00233	0.00924	0.00685	0.00387	0.01184
6	0.02264	0.02034	0.14794	0.05030	0.05820	0.01672	0.04905	0.03438	0.26645	0.21180	0.02545	0.02455	0.01799	0.00915	0.00781	0.00251	0.00798	0.00776	0.00688	0.01212
7	0.00955	0.00694	0.00902	0.01046	0.01121	0.00641	0.00710	0.01115	0.01569	0.02086	0.10015	0.61159	0.10488	0.02318	0.00977	0.00304	0.00438	0.02088	0.00731	0.00641
8	0.02896	0.03695	0.02197	0.01998	0.02397	0.69638	0.01498	0.03096	0.02197	0.01898	0.01199	0.01398	0.00999	0.00799	0.00699	0.00200	0.01398	0.00499	0.00400	0.00899
9	0.01608	0.01378	0.01608	0.01148	0.01837	0.01034	0.00919	0.01952	0.01608	0.02527	0.01378	0.01608	0.01148	0.00574	0.00574	0.00115	0.00574	0.00459	0.00459	0.77491
10	0.01249	0.00892	0.01249	0.01428	0.01606	0.00892	0.01249	0.01606	0.01785	0.02320	0.04105	0.08746	0.04462	0.02142	0.01071	0.00357	0.00714	0.62695	0.00714	0.00714
11	0.01815	0.02025	0.04311	0.07658	0.09612	0.01936	0.55751	0.02443	0.01807	0.02456	0.01547	0.02075	0.01172	0.00664	0.00894	0.00259	0.01257	0.00882	0.00388	0.01050
12	0.01830	0.02092	0.04575	0.03268	0.04052	0.01961	0.65098	0.02484	0.01830	0.02484	0.01569	0.02092	0.01176	0.00654	0.00915	0.00261	0.01307	0.00915	0.00392	0.01046
13	0.01097	0.00793	0.01036	0.00975	0.01158	0.00732	0.00732	0.01463	0.02195	0.03109	0.67505	0.05792	0.07316	0.01585	0.00914	0.00244	0.00366	0.01402	0.00854	0.00732
14	0.01608	0.01378	0.01608	0.01148	0.01837	0.01034	0.00919	0.01952	0.01608	0.02527	0.01378	0.01608	0.01148	0.00574	0.00574	0.00115	0.00574	0.00459	0.00459	0.77491
15	0.03381	0.01341	0.01796	0.01392	0.01982	0.01189	0.01145	0.03800	0.06271	0.64341	0.03065	0.02655	0.01948	0.00965	0.00780	0.00241	0.00657	0.00786	0.00949	0.01314
16	0.01105	0.00798	0.01047	0.00999	0.01181	0.00740	0.00758	0.01471	0.02174	0.03069	0.64242	0.05944	0.07169	0.01614	0.00923	0.00250	0.00384	0.04557	0.00846	0.00731
17	0.01788	0.02887	0.36009	0.02311	0.10222	0.01858	0.04204	0.08220	0.11939	0.02796	0.01761	0.01967	0.01316	0.00836	0.00840	0.00247	0.04591	0.00669	0.04397	0.01143
18	0.00928	0.00789	0.00801	0.00807	0.01066	0.00663	0.00611	0.01129	0.01768	0.02102	0.07729	0.07505	0.65489	0.01970	0.00922	0.00265	0.00403	0.03677	0.00720	0.00657
19	0.02073	0.73217	0.04063	0.01327	0.01990	0.03068	0.01327	0.02322	0.01575	0.01824	0.01078	0.01244	0.00995	0.00663	0.00498	0.00166	0.00829	0.00415	0.00332	0.00995
20	0.74777	0.04749	0.01272	0.01034	0.01522	0.01800	0.00862	0.02281	0.01331	0.03404	0.01080	0.01259	0.00847	0.00717	0.00481	0.00237	0.00610	0.00420	0.00473	0.00847
21	0.00997	0.00797	0.00889	0.00894	0.01120	0.00699	0.00682	0.01238	0.01832	0.02306	0.19748	0.07146	0.45755	0.04832	0.01057	0.00288	0.00435	0.07878	0.00737	0.00669
22	0.01876	0.01620	0.01703	0.01537	0.01966	0.01863	0.01194	0.03965	0.63179	0.03184	0.03398	0.03128	0.05727	0.01099	0.00796	0.00263	0.00602	0.00916	0.00785	0.01198
23	0.00951	0.00684	0.00891	0.01053	0.01109	0.00636	0.00702	0.01084	0.01486	0.01966	0.04406	0.65704	0.08659	0.05312	0.01108	0.00330	0.00459	0.02127	0.00709	0.00625
24	0.02796	0.02026	0.02165	0.01677	0.02253	0.02235	0.01380	0.58935	0.03442	0.04686	0.01929	0.01965	0.01386	0.00928	0.00752	0.00227	0.00804	0.00701	0.08454	0.01259
25	0.01830	0.02092	0.04575	0.03268	0.04052	0.01961	0.65098	0.02484	0.01830	0.02484	0.01569	0.02092	0.01176	0.00654	0.00915	0.00261	0.01307	0.00915	0.00392	0.01046
26	0.02947	0.02172	0.02327	0.01784	0.02404	0.02404	0.01474	0.65329	0.03646	0.04887	0.01862	0.01862	0.01319	0.00931	0.00776	0.00233	0.00853	0.00698	0.00776	0.01319
27	0.00959	0.00685	0.00916	0.01096	0.01147	0.00642	0.00744	0.01104	0.01498	0.01995	0.04266	0.69290	0.05097	0.02416	0.00993	0.00317	0.00462	0.05019	0.00719	0.00634
28	0.03389	0.01340	0.01797	0.01391	0.01981	0.01185	0.01145	0.03798	0.05952	0.64666	0.03065	0.02654	0.01945	0.00965	0.00780	0.00241	0.00657	0.00785	0.00950	0.01314
29	0.01022	0.00790	0.00932	0.00896	0.01112	0.00699	0.00672	0.01317	0.02016	0.02686	0.42611	0.06489	0.32474	0.01743	0.00915	0.00251	0.00377	0.01500	0.00798	0.00699
30	0.00925	0.00786	0.00797	0.00794	0.01052	0.00658	0.00596	0.01129	0.01787	0.02142	0.10630	0.07384	0.64795	0.01946	0.00916	0.00261	0.00391	0.01625	0.00726	0.00658
31	0.01813	0.02212	0.08619	0.03201	0.04008	0.01951	0.61176	0.02482	0.01818	0.02482	0.01557	0.02063	0.01164	0.00659	0.00904	0.00260	0.01297	0.00893	0.00388	0.01052
32	0.01108	0.00831	0.01246	0.01246	0.01385	0.00969	0.00969	0.01385	0.01246	0.01800	0.02077	0.03046	0.01938	0.05815	0.69678	0.01246	0.02077	0.00831	0.00415	0.00692
33	0.00921	0.00769	0.00802	0.00829	0.01059	0.00651	0.00608	0.01108	0.01726	0.02078	0.07330	0.16955	0.58445	0.02032	0.00927	0.00270	0.00401	0.01720	0.00720	0.00651
34	0.01887	0.48363	0.27288	0.01644	0.02481	0.02613	0.01879	0.02370	0.01598	0.02051	0.01191	0.01385	0.00990	0.00690	0.00583	0.00194	0.00943	0.00471	0.00330	0.01049
35	0.01555	0.04011	0.68733	0.02210	0.03356	0.01801	0.02865	0.02455	0.01637	0.02455	0.01391	0.01637	0.00982	0.00737	0.00737	0.00246	0.01146	0.00573	0.00327	0.01146
36	0.01929	0.01666	0.01753	0.01578	0.02016	0.01929	0.01227	0.04120	0.66513	0.03243	0.03156	0.02893	0.02367	0.01052	0.00789	0.00263	0.00614	0.00877	0.00789	0.01227
37	0.01464	0.01378	0.02326	0.70887	0.05340	0.01723	0.02153	0.01981	0.01550	0.01981	0.01378	0.02067	0.01034	0.00775	0.00775	0.00258	0.01034	0.00689	0.00345	0.00861
38	0.01608	0.01378	0.01608	0.01148	0.01837	0.01034	0.00919	0.01952	0.01608	0.02527	0.01378	0.01608	0.01148	0.00574	0.00574	0.00115	0.00574	0.00459	0.00459	0.77491
39	0.64483	0.01837	0.09149	0.01208	0.01774	0.01789	0.01117	0.06274	0.01503	0.03447	0.01166	0.01342	0.00887	0.00735	0.00529	0.00240	0.00680	0.00455	0.00481	0.00906
40	0.01677	0.01360	0.01592	0.01180	0.01821	0.01071	0.00937	0.02117	0.05397	0.05415	0.01689	0.05014	0.01438	0.00705	0.00615	0.00138	0.00574	0.00579	0.00512	0.66169
41	0.01562	0.01367	0.02154	0.53821	0.04465	0.01590	0.01872	0.02030	0.01573	0.04384	0.01459	0.02031	0.01109	0.00774	0.00794	0.00237	0.03138	0.00659	0.02653	0.12329
42	0.00945	0.00675	0.00900	0.01080	0.01125	0.00630	0.00720	0.01080	0.01484	0.01979	0.04274	0.72245	0.05128	0.02429	0.00990	0.00315	0.00450	0.02204	0.00720	0.00630
43	0.00945	0.00675	0.00900	0.01080	0.01125	0.00630	0.00720	0.01080	0.01484	0.01979	0.04274	0.72245	0.05128	0.02429	0.00990	0.00315	0.00450	0.02204	0.00720	0.00630
44	0.01608	0.01378	0.01608	0.01148	0.01837	0.01034	0.00919	0.01952	0.01608	0.02527	0.01378	0.01608	0.01148	0.00574	0.00574	0.00115	0.00574	0.00459	0.00459	0.77491
45	0.05978	0.01312	0.01724	0.01351	0.01904	0.01178	0.01106	0.06285	0.02224	0.57088	0.06715	0.05144	0.02277	0.01037	0.00784	0.00242	0.00642	0.00848	0.00919	0.01244
46	0.02101	0.65178	0.07282	0.01401	0.02086	0.02961	0.01415	0.06300	0.01709	0.02050	0.01143	0.01303	0.01015	0.00684	0.00527	0.00174	0.00847	0.00441	0.00359	0.01023
47	0.01645	0.01390	0.01617	0.01169	0.01837	0.01080	0.00935	0.04558	0.01713	0.02645	0.03751	0.01767	0.01375	0.00625	0.00595	0.00124	0.00578	0.00503	0.00486	0.71608
48	0.01837	0.01781	0.03149	0.04225	0.53175	0.01761	0.10600	0.02314	0.01797	0.02547	0.04986	0.02429	0.01671	0.00793	0.00808	0.00240	0.00935	0.03371	0.00423	0.01157
49	0.02146	0.01806	0.03165	0.03509	0.34034	0.01770	0.18477	0.02806	0.08372	0.13126	0.01914	0.02177	0.01440	0.00760	0.00810	0.00243	0.00949	0.00782	0.00519	0.01195
50	0.01464	0.01378	0.02326	0.70887	0.05340	0.01723	0.02153	0.01981	0.01550	0.01981	0.01378	0.02067	0.01034	0.00775	0.00775	0.00258	0.01034	0.00689	0.00345	0.00861
51	0.06377	0.01296	0.01728	0.01341	0.01912	0.01140	0.01104	0.03583	0.02181	0.62018	0.06720	0.02766	0.02189	0.00986	0.00775	0.00240	0.00640	0.00801	0.00934	0.01266
52	0.01831	0.02024	0.04193	0.03364	0.12516	0.01980	0.51181	0.02417	0.01766	0.02437	0.01507	0.02034	0.01170	0.00719	0.01035	0.00264	0.07258	0.00864	0.00386	0.01053
53	0.01097	0.00793	0.01036	0.00975	0.01158	0.00732	0.00732	0.01463	0.02195	0.03109	0.67505	0.05792	0.07316	0.01585	0.00914	0.00244	0.00366	0.01402	0.00854	0.00732
54	0.01464	0.01378	0.02326	0.70887	0.05340	0.01723	0.02153	0.01981	0.01550	0.01981	0.01378	0.02067	0.01034	0.00775	0.00775	0.00258	0.01034	0.00689	0.00345	0.00861
55	0.01198	0.00872	0.01180	0.01336	0.01521	0.00854	0.01150	0.01528	0.01773	0.02281	0.04584	0.10555	0.12460	0.02128	0.01049	0.00344	0.00665	0.53103	0.00715	0.00704
56	0.00926	0.00786	0.00798	0.00795	0.01053	0.00659	0.00596	0.01131	0.01789	0.02147	0.10927	0.07376	0.64495	0.01944	0.00916	0.00261	0.00391	0.01624	0.00727	0.00659
57	0.02461	0.01703	0.01808	0.01440	0.01919	0.01860	0.01172	0.44767	0.02992	0.04241	0.02078	0.02195	0.01535	0.00922	0.00700	0.00216	0.00694	0.00706	0.25467	0.01126
58	0.02073	0.73217	0.04063	0.01327	0.01990	0.03068	0.01327	0.02322	0.01575	0.01824	0.01078	0.01244	0.00995	0.00663	0.00498	0.00166	0.00829	0.00415	0.00332	0.00995
59	0.00976	0.00755	0.00947	0.01055	0.01152	0.00726	0.00737	0.01128	0.01540	0.02002	0.05007	0.52315	0.20634	0.02257	0.01051	0.00303	0.04084	0.01983	0.00700	0.00647
60	0.00916	0.00785	0.00785	0.00785	0.01047	0.00655	0.00589	0.01113	0.01767	0.02095	0.07855	0.07462	0.67599	0.01964	0.00916	0.00262	0.00393	0.01636	0.00720	0.00655
61	0.03206	0.01259	0.01712	0.01333	0.01885	0.01093	0.01093	0.03514	0.02216	0.60970	0.10438	0.03000	0.02537	0.01031	0.00795	0.00240	0.00626	0.00851	0.00948	0.01252
62	0.02947	0.02172	0.02327	0.01784	0.02404	0.02404	0.01474	0.65329	0.03646	0.04887	0.01862	0.01862	0.01319	0.00931	0.00776	0.00233	0.00853	0.00698	0.00776	0.01319
63	0.78228	0.01499	0.01140	0.01020	0.01499	0.01739	0.00840	0.02279	0.01320	0.03479	0.01080	0.01260	0.00840	0.00720	0.00480	0.00240	0.00600	0.00420	0.00480	0.00840
64	0.00923	0.00786	0.00795	0.00792	0.01051	0.00657	0.00594	0.01126	0.01783	0.02132	0.10049	0.07401	0.65382	0.01950	0.00916	0.00261	0.00392	0.01628	0.00725	0.00657
65	0.01830	0.02092	0.04575	0.03268	0.04052	0.01961	0.65098	0.02484	0.01830	0.02484	0.01569	0.02092	0.01176	0.00654	0.00915	0.00261	0.01307	0.00915	0.00392	0.01046
66	0.01608	0.01378	0.01608	0.01148	0.01837	0.01034	0.00919	0.01952	0.01608	0.02527	0.01378	0.01608	0.01148	0.00574	0.00574	0.00115	0.00574	0.00459	0.00459	0.77491
67	0.00956	0.00690	0.00905	0.01056	0.01123	0.00639	0.00714	0.01113	0.01557	0.02078	0.09633	0.63554	0.08438	0.02337	0.00980	0.00306	0.00440	0.02110	0.00731	0.00639

[dist]
# distance from previous block
# <min> <max>
0	3

[block]
# block no. 3 follows, 25 sequences, length 59
# corresponding to MSA columns:
# 124-182
name=unknown_D
#
# <colnr> <probs for GDERKNQSTAVLIFYWHMCP>
#	G	D	E	R	K	N	Q	S	T	A	V	L	I	F	Y	W	H	M	C	P
0	0.01830	0.02092	0.04575	0.03268	0.04052	0.01961	0.65098	0.02484	0.01830	0.02484	0.01569	0.02092	0.01176	0.00654	0.00915	0.00261	0.01307	0.00915	0.00392	0.01046
1	0.02896	0.03695	0.02197	0.01998	0.02397	0.69638	0.01498	0.03096	0.02197	0.01898	0.01199	0.01398	0.00999	0.00799	0.00699	0.00200	0.01398	0.00499	0.00400	0.00899
2	0.00943	0.00682	0.00892	0.01061	0.01120	0.00631	0.00711	0.01082	0.01502	0.01987	0.04500	0.68146	0.09081	0.02400	0.00985	0.00312	0.00446	0.02168	0.00720	0.00631
3	0.01431	0.01050	0.01461	0.01362	0.01545	0.01238	0.01081	0.06695	0.01487	0.04826	0.02000	0.02779	0.01788	0.04546	0.51289	0.00983	0.09510	0.00797	0.03347	0.00787
4	0.01089	0.00786	0.01029	0.00981	0.01157	0.00726	0.00731	0.01443	0.02157	0.03049	0.64136	0.09332	0.07199	0.01630	0.00918	0.00248	0.00370	0.01445	0.00846	0.00726
5	0.00932	0.00724	0.00849	0.00948	0.01090	0.00641	0.00661	0.01094	0.01611	0.02031	0.05876	0.43251	0.33087	0.02221	0.00957	0.00291	0.00424	0.01950	0.00720	0.00641
6	0.01836	0.02076	0.04487	0.03360	0.07994	0.01953	0.61227	0.02477	0.01826	0.02487	0.01562	0.02081	0.01180	0.00656	0.00906	0.00260	0.01283	0.00901	0.00392	0.01057
7	0.01919	0.01842	0.03147	0.04759	0.67914	0.01842	0.02380	0.02380	0.01765	0.02533	0.01458	0.01919	0.01228	0.00691	0.00768	0.00230	0.00921	0.00691	0.00384	0.01228
8	0.00962	0.00793	0.00852	0.00878	0.01118	0.00683	0.00675	0.01180	0.01773	0.02153	0.09514	0.10326	0.55518	0.01990	0.00937	0.00274	0.00430	0.08555	0.00724	0.00663
9	0.78228	0.01499	0.01140	0.01020	0.01499	0.01739	0.00840	0.02279	0.01320	0.03479	0.01080	0.01260	0.00840	0.00720	0.00480	0.00240	0.00600	0.00420	0.00480	0.00840
10	0.02763	0.05895	0.18996	0.01619	0.02349	0.01522	0.01608	0.05509	0.07588	0.40313	0.02495	0.02304	0.01649	0.00894	0.00754	0.00239	0.00795	0.00713	0.00744	0.01250
11	0.01718	0.25796	0.48376	0.01932	0.02926	0.02200	0.02381	0.02413	0.01618	0.02257	0.01293	0.01513	0.00986	0.00714	0.00661	0.00220	0.01046	0.00523	0.00329	0.01098
12	0.01919	0.01842	0.03147	0.04759	0.67914	0.01842	0.02380	0.02380	0.01765	0.02533	0.01458	0.01919	0.01228	0.00691	0.00768	0.00230	0.00921	0.00691	0.00384	0.01228
13	0.01403	0.01045	0.05304	0.01151	0.01423	0.00845	0.00951	0.01759	0.02027	0.10730	0.41409	0.15110	0.05729	0.01624	0.00911	0.00263	0.00489	0.06210	0.00803	0.00812
14	0.01918	0.02133	0.09529	0.02581	0.03300	0.01884	0.37596	0.12310	0.02038	0.02821	0.01668	0.04821	0.01334	0.00798	0.00910	0.00246	0.03919	0.00846	0.00465	0.08884
15	0.01347	0.00673	0.01010	0.01010	0.01010	0.00673	0.00673	0.01010	0.01010	0.01347	0.01347	0.02357	0.01347	0.02694	0.03030	0.77441	0.00673	0.00673	0.00337	0.00337
16	0.03425	0.01406	0.01853	0.01421	0.02022	0.01268	0.01173	0.10019	0.02364	0.62006	0.02938	0.02560	0.01858	0.00957	0.00779	0.00239	0.00679	0.00771	0.00941	0.01319
17	0.01896	0.02191	0.04428	0.03190	0.03950	0.06138	0.61172	0.02521	0.01853	0.02447	0.01546	0.02049	0.01166	0.00663	0.00902	0.00258	0.01313	0.00889	0.00393	0.01037
18	0.01652	0.01631	0.02289	0.01976	0.01986	0.02268	0.01641	0.01829	0.01192	0.01861	0.01098	0.01799	0.01088	0.01696	0.07650	0.00408	0.66065	0.00690	0.00345	0.00836
19	0.01128	0.00752	0.00846	0.00846	0.00846	0.00752	0.00470	0.01128	0.01128	0.01503	0.02443	0.05074	0.02819	0.72751	0.03946	0.00752	0.00752	0.01128	0.00470	0.00470
20	0.00916	0.00785	0.00785	0.00785	0.01047	0.00655	0.00589	0.01113	0.01767	0.02095	0.07855	0.07462	0.67599	0.01964	0.00916	0.00262	0.00393	0.01636	0.00720	0.00655
21	0.02113	0.20486	0.05452	0.01821	0.02336	0.25496	0.10226	0.02481	0.04013	0.02056	0.02270	0.02424	0.10923	0.00945	0.00789	0.00218	0.03861	0.00727	0.00436	0.00926
22	0.01493	0.01407	0.02378	0.66703	0.09299	0.01730	0.02168	0.02006	0.01564	0.02016	0.01383	0.02058	0.01046	0.00770	0.00775	0.00257	0.01026	0.00689	0.00347	0.00885
23	0.78228	0.01499	0.01140	0.01020	0.01499	0.01739	0.00840	0.02279	0.01320	0.03479	0.01080	0.01260	0.00840	0.00720	0.00480	0.00240	0.00600	0.00420	0.00480	0.00840
24	0.01128	0.00752	0.00846	0.00846	0.00846	0.00752	0.00470	0.01128	0.01128	0.01503	0.02443	0.05074	0.02819	0.72751	0.03946	0.00752	0.00752	0.01128	0.00470	0.00470
25	0.01723	0.02584	0.23218	0.02951	0.07762	0.01853	0.40005	0.02424	0.01785	0.02506	0.04383	0.02108	0.01390	0.00721	0.00853	0.00254	0.01194	0.00821	0.00393	0.01073
26	0.03479	0.01320	0.01799	0.01380	0.01979	0.01140	0.01140	0.03779	0.02219	0.68451	0.03059	0.02639	0.01919	0.00960	0.00780	0.00240	0.00660	0.00780	0.00960	0.01320
27	0.00945	0.00675	0.00900	0.01080	0.01125	0.00630	0.00720	0.01080	0.01484	0.01979	0.04274	0.72245	0.05128	0.02429	0.00990	0.00315	0.00450	0.02204	0.00720	0.00630
28	0.01555	0.04011	0.68733	0.02210	0.03356	0.01801	0.02865	0.02455	0.01637	0.02455	0.01391	0.01637	0.00982	0.00737	0.00737	0.00246	0.01146	0.00573	0.00327	0.01146
29	0.01817	0.01581	0.01715	0.01260	0.01927	0.04687	0.01008	0.08782	0.01856	0.02747	0.01421	0.01624	0.01159	0.00624	0.00602	0.00132	0.00646	0.00487	0.00490	0.65437
30	0.00929	0.00764	0.00817	0.00851	0.01067	0.00652	0.00620	0.01119	0.01727	0.02109	0.09315	0.20254	0.53011	0.02042	0.00931	0.00272	0.00403	0.01741	0.00725	0.00652
31	0.00945	0.00675	0.00900	0.01080	0.01125	0.00630	0.00720	0.01080	0.01484	0.01979	0.04274	0.72245	0.05128	0.02429	0.00990	0.00315	0.00450	0.02204	0.00720	0.00630
32	0.01914	0.01855	0.03220	0.04683	0.64650	0.01848	0.05585	0.02385	0.01769	0.02531	0.01464	0.01928	0.01226	0.00689	0.00775	0.00232	0.00941	0.00702	0.00384	0.01219
33	0.01748	0.02681	0.24575	0.02997	0.06396	0.01906	0.43127	0.02471	0.01767	0.02477	0.01509	0.01942	0.01118	0.00681	0.00853	0.00255	0.01241	0.00799	0.00372	0.01084
34	0.01929	0.01666	0.01753	0.01578	0.02016	0.01929	0.01227	0.04120	0.66513	0.03243	0.03156	0.02893	0.02367	0.01052	0.00789	0.00263	0.00614	0.00877	0.00789	0.01227
35	0.03319	0.01575	0.01958	0.01501	0.02107	0.01519	0.01240	0.22255	0.02647	0.49370	0.02700	0.02406	0.01739	0.00951	0.00779	0.00238	0.00718	0.00755	0.00904	0.01319
36	0.75234	0.01526	0.01187	0.01050	0.01535	0.01766	0.00865	0.04786	0.01412	0.03535	0.01111	0.01283	0.00859	0.00728	0.00492	0.00240	0.00610	0.00431	0.00492	0.00859
37	0.01870	0.01753	0.02822	0.04082	0.54598	0.01786	0.02117	0.02566	0.10827	0.02668	0.05772	0.02294	0.01763	0.00796	0.00780	0.00236	0.00844	0.00761	0.00469	0.01197
38	0.01109	0.00827	0.01225	0.01225	0.01356	0.00958	0.00943	0.01371	0.01240	0.01784	0.02096	0.03154	0.01985	0.09381	0.66176	0.01220	0.02006	0.00847	0.00418	0.00680
39	0.01445	0.00723	0.00723	0.00723	0.00903	0.00723	0.00542	0.01807	0.01626	0.02891	0.02529	0.02891	0.01987	0.00903	0.00542	0.00181	0.00361	0.00723	0.77055	0.00723
40	0.01086	0.00789	0.01007	0.00954	0.01131	0.00727	0.00705	0.01417	0.02097	0.02936	0.59156	0.05865	0.11309	0.06115	0.01106	0.00277	0.00392	0.01401	0.00820	0.00710
41	0.74913	0.04621	0.01267	0.01033	0.01521	0.01797	0.00861	0.02281	0.01331	0.03407	0.01080	0.01259	0.00846	0.00717	0.00481	0.00237	0.00610	0.00420	0.00473	0.00846
42	0.02240	0.52167	0.07604	0.01543	0.02173	0.19056	0.01463	0.02517	0.01729	0.01881	0.01126	0.01305	0.00995	0.00701	0.00561	0.00179	0.00986	0.00445	0.00348	0.00981
43	0.01555	0.04011	0.68733	0.02210	0.03356	0.01801	0.02865	0.02455	0.01637	0.02455	0.01391	0.01637	0.00982	0.00737	0.00737	0.00246	0.01146	0.00573	0.00327	0.01146
44	0.00916	0.00785	0.00785	0.00785	0.01047	0.00655	0.00589	0.01113	0.01767	0.02095	0.07855	0.07462	0.67599	0.01964	0.00916	0.00262	0.00393	0.01636	0.00720	0.00655
45	0.02947	0.02172	0.02327	0.01784	0.02404	0.02404	0.01474	0.65329	0.03646	0.04887	0.01862	0.01862	0.01319	0.00931	0.00776	0.00233	0.00853	0.00698	0.00776	0.01319
46	0.01249	0.00892	0.01249	0.01428	0.01606	0.00892	0.01249	0.01606	0.01785	0.02320	0.04105	0.08746	0.04462	0.02142	0.01071	0.00357	0.00714	0.62695	0.00714	0.00714
47	0.03479	0.01320	0.01799	0.01380	0.01979	0.01140	0.01140	0.03779	0.02219	0.68451	0.03059	0.02639	0.01919	0.00960	0.00780	0.00240	0.00660	0.00780	0.00960	0.01320
48	0.02073	0.73217	0.04063	0.01327	0.01990	0.03068	0.01327	0.02322	0.01575	0.01824	0.01078	0.01244	0.00995	0.00663	0.00498	0.00166	0.00829	0.00415	0.00332	0.00995
49	0.00969	0.00784	0.00825	0.00815	0.01060	0.00670	0.00611	0.01201	0.01833	0.02299	0.17627	0.06986	0.54676	0.01855	0.00900	0.00255	0.00387	0.01558	0.04020	0.00670
50	0.01445	0.00723	0.00723	0.00723	0.00903	0.00723	0.00542	0.01807	0.01626	0.02891	0.02529	0.02891	0.01987	0.00903	0.00542	0.00181	0.00361	0.00723	0.77055	0.00723
51	0.00945	0.00675	0.00900	0.01080	0.01125	0.00630	0.00720	0.01080	0.01484	0.01979	0.04274	0.72245	0.05128	0.02429	0.00990	0.00315	0.00450	0.02204	0.00720	0.00630
52	0.01299	0.00837	0.01101	0.01010	0.01228	0.00766	0.00766	0.01659	0.02197	0.08632	0.62058	0.05525	0.06860	0.01532	0.00903	0.00244	0.00391	0.01350	0.00862	0.00781
53	0.01608	0.01378	0.01608	0.01148	0.01837	0.01034	0.00919	0.01952	0.01608	0.02527	0.01378	0.01608	0.01148	0.00574	0.00574	0.00115	0.00574	0.00459	0.00459	0.77491
54	0.01830	0.02092	0.04575	0.03268	0.04052	0.01961	0.65098	0.02484	0.01830	0.02484	0.01569	0.02092	0.01176	0.00654	0.00915	0.00261	0.01307	0.00915	0.00392	0.01046
55	0.01097	0.00793	0.01036	0.00975	0.01158	0.00732	0.00732	0.01463	0.02195	0.03109	0.67505	0.05792	0.07316	0.01585	0.00914	0.00244	0.00366	0.01402	0.00854	0.00732
56	0.01108	0.00831	0.01246	0.01246	0.01385	0.00969	0.00969	0.01385	0.01246	0.01800	0.02077	0.03046	0.01938	0.05815	0.69678	0.01246	0.02077	0.00831	0.00415	0.00692
57	0.02896	0.03695	0.02197	0.01998	0.02397	0.69638	0.01498	0.03096	0.02197	0.01898	0.01199	0.01398	0.00999	0.00799	0.00699	0.00200	0.01398	0.00499	0.00400	0.00899
58	0.03479	0.01320	0.01799	0.01380	0.01979	0.01140	0.01140	0.03779	0.02219	0.68451	0.03059	0.02639	0.01919	0.00960	0.00780	0.00240	0.00660	0.00780	0.00960	0.01320

[dist]
# distance from previous block
# <min> <max>
0	1

[block]
# block no. 4 follows, 25 sequences, length 38
# corresponding to MSA columns:
# 184-221
name=unknown_E
#
# <colnr> <probs for GDERKNQSTAVLIFYWHMCP>
#	G	D	E	R	K	N	Q	S	T	A	V	L	I	F	Y	W	H	M	C	P
0	0.01595	0.09313	0.63779	0.02142	0.03251	0.01898	0.02747	0.02445	0.01632	0.02407	0.01367	0.01607	0.00983	0.00731	0.00718	0.00239	0.01122	0.00561	0.00328	0.01134
1	0.01464	0.01378	0.02326	0.70887	0.05340	0.01723	0.02153	0.01981	0.01550	0.01981	0.01378	0.02067	0.01034	0.00775	0.00775	0.00258	0.01034	0.00689	0.00345	0.00861
2	0.01128	0.00752	0.00846	0.00846	0.00846	0.00752	0.00470	0.01128	0.01128	0.01503	0.02443	0.05074	0.02819	0.72751	0.03946	0.00752	0.00752	0.01128	0.00470	0.00470
3	0.01922	0.06063	0.03296	0.04458	0.59805	0.01922	0.06468	0.02383	0.01759	0.02488	0.01443	0.01891	0.01211	0.00687	0.00761	0.00229	0.00941	0.00689	0.00381	0.01202
4	0.01097	0.00793	0.01036	0.00975	0.01158	0.00732	0.00732	0.01463	0.02195	0.03109	0.67505	0.05792	0.07316	0.01585	0.00914	0.00244	0.00366	0.01402	0.00854	0.00732
5	0.02127	0.68617	0.03940	0.01371	0.02017	0.07473	0.01338	0.02373	0.01617	0.01829	0.01086	0.01254	0.00995	0.00672	0.00511	0.00168	0.00867	0.00420	0.00336	0.00989
6	0.01094	0.00800	0.01046	0.01108	0.01274	0.00752	0.00868	0.01395	0.01892	0.02549	0.30065	0.19102	0.12943	0.01950	0.00975	0.00293	0.00489	0.19932	0.00772	0.00699
7	0.18280	0.17454	0.17161	0.04291	0.02420	0.04812	0.01626	0.15076	0.06964	0.03045	0.01481	0.01623	0.01131	0.00784	0.00643	0.00225	0.00869	0.00557	0.00489	0.01069
8	0.01738	0.01871	0.03788	0.06386	0.08740	0.01795	0.45233	0.02292	0.01746	0.02409	0.01693	0.06665	0.01427	0.00801	0.00938	0.00254	0.03863	0.00926	0.00414	0.07022
9	0.01114	0.00804	0.01113	0.01113	0.01205	0.00897	0.00803	0.01299	0.01207	0.01701	0.02199	0.03722	0.02232	0.28113	0.47781	0.01081	0.01635	0.00930	0.00434	0.00618
10	0.01608	0.01378	0.01608	0.01148	0.01837	0.01034	0.00919	0.01952	0.01608	0.02527	0.01378	0.01608	0.01148	0.00574	0.00574	0.00115	0.00574	0.00459	0.00459	0.77491
11	0.01929	0.01666	0.01753	0.01578	0.02016	0.01929	0.01227	0.04120	0.66513	0.03243	0.03156	0.02893	0.02367	0.01052	0.00789	0.00263	0.00614	0.00877	0.00789	0.01227
12	0.00916	0.00785	0.00785	0.00785	0.01047	0.00655	0.00589	0.01113	0.01767	0.02095	0.07855	0.07462	0.67599	0.01964	0.00916	0.00262	0.00393	0.01636	0.00720	0.00655
13	0.01861	0.01805	0.03147	0.12274	0.56484	0.01836	0.06504	0.02341	0.01745	0.02466	0.01456	0.01947	0.01202	0.00698	0.00778	0.00236	0.00960	0.00705	0.00380	0.01174
14	0.04688	0.01401	0.02308	0.65406	0.07606	0.01728	0.02107	0.02009	0.01549	0.02065	0.01369	0.02028	0.01033	0.00770	0.00763	0.00257	0.01011	0.00678	0.00352	0.00875
15	0.00940	0.00694	0.00880	0.01028	0.01111	0.00634	0.00697	0.01085	0.01534	0.02000	0.04903	0.60862	0.16105	0.02347	0.00977	0.00306	0.00440	0.02104	0.00720	0.00634
16	0.02896	0.03695	0.02197	0.01998	0.02397	0.69638	0.01498	0.03096	0.02197	0.01898	0.01199	0.01398	0.00999	0.00799	0.00699	0.00200	0.01398	0.00499	0.00400	0.00899
17	0.01825	0.02595	0.22631	0.02946	0.06243	0.01876	0.42289	0.02526	0.01789	0.05259	0.01577	0.01979	0.01155	0.00692	0.00853	0.00255	0.01219	0.00803	0.00397	0.01093
18	0.01997	0.01650	0.01755	0.01569	0.02015	0.01894	0.01223	0.04105	0.63686	0.06111	0.03152	0.02882	0.02347	0.01048	0.00789	0.00262	0.00616	0.00872	0.00796	0.01231
19	0.00945	0.00675	0.00900	0.01080	0.01125	0.00630	0.00720	0.01080	0.01484	0.01979	0.04274	0.72245	0.05128	0.02429	0.00990	0.00315	0.00450	0.02204	0.00720	0.00630
20	0.01154	0.00944	0.01101	0.03628	0.01434	0.04798	0.00902	0.01387	0.01716	0.02221	0.14114	0.38634	0.10009	0.02054	0.00962	0.00298	0.00556	0.12693	0.00707	0.00687
21	0.01741	0.03489	0.51529	0.02447	0.09702	0.04049	0.05499	0.02593	0.04410	0.05119	0.01540	0.01771	0.01112	0.00752	0.00751	0.00244	0.01098	0.00619	0.00383	0.01152
22	0.00998	0.00799	0.00901	0.00943	0.01147	0.00717	0.00700	0.01277	0.04036	0.02218	0.12138	0.22256	0.40960	0.02016	0.00939	0.00279	0.00433	0.05829	0.00734	0.00680
23	0.01712	0.24941	0.49175	0.01943	0.02943	0.02184	0.02400	0.02415	0.01618	0.02265	0.01297	0.01518	0.00986	0.00714	0.00664	0.00221	0.01050	0.00525	0.00329	0.01100
24	0.03479	0.01320	0.01799	0.01380	0.01979	0.01140	0.01140	0.03779	0.02219	0.68451	0.03059	0.02639	0.01919	0.00960	0.00780	0.00240	0.00660	0.00780	0.00960	0.01320
25	0.01128	0.00752	0.00846	0.00846	0.00846	0.00752	0.00470	0.01128	0.01128	0.01503	0.02443	0.05074	0.02819	0.72751	0.03946	0.00752	0.00752	0.01128	0.00470	0.00470
26	0.01886	0.01847	0.03293	0.12523	0.45026	0.01873	0.14622	0.04869	0.01827	0.02549	0.01486	0.01969	0.01198	0.00704	0.00798	0.00240	0.01008	0.00735	0.00396	0.01151
27	0.04667	0.00960	0.01177	0.01091	0.01340	0.00942	0.00828	0.01972	0.09726	0.08437	0.46397	0.10595	0.05823	0.01505	0.00876	0.00252	0.00436	0.01314	0.00827	0.00835
28	0.02861	0.02129	0.02278	0.01767	0.02372	0.02364	0.01453	0.60148	0.08967	0.04747	0.01971	0.01949	0.01407	0.00941	0.00777	0.00235	0.00833	0.00713	0.00777	0.01311
29	0.01714	0.04990	0.02453	0.02003	0.02034	0.02407	0.01679	0.01887	0.01205	0.01864	0.01021	0.01676	0.01017	0.01325	0.02450	0.00331	0.68085	0.00666	0.00339	0.00855
30	0.01608	0.01378	0.01608	0.01148	0.01837	0.01034	0.00919	0.01952	0.01608	0.02527	0.01378	0.01608	0.01148	0.00574	0.00574	0.00115	0.00574	0.00459	0.00459	0.77491
31	0.02873	0.02100	0.02247	0.01731	0.02330	0.02321	0.01427	0.62174	0.03545	0.04787	0.01895	0.01913	0.01352	0.00929	0.00764	0.00230	0.00829	0.00699	0.04564	0.01289
32	0.01665	0.01237	0.01632	0.18106	0.02424	0.03493	0.05694	0.07513	0.01803	0.02748	0.02027	0.02454	0.01574	0.00869	0.00720	0.00216	0.03125	0.00717	0.41140	0.00842
33	0.01830	0.02092	0.04575	0.03268	0.04052	0.01961	0.65098	0.02484	0.01830	0.02484	0.01569	0.02092	0.01176	0.00654	0.00915	0.00261	0.01307	0.00915	0.00392	0.01046
34	0.01608	0.01378	0.01608	0.01148	0.01837	0.01034	0.00919	0.01952	0.01608	0.02527	0.01378	0.01608	0.01148	0.00574	0.00574	0.00115	0.00574	0.00459	0.00459	0.77491
35	0.02073	0.73217	0.04063	0.01327	0.01990	0.03068	0.01327	0.02322	0.01575	0.01824	0.01078	0.01244	0.00995	0.00663	0.00498	0.00166	0.00829	0.00415	0.00332	0.00995
36	0.02020	0.01645	0.01756	0.01566	0.02014	0.01882	0.01222	0.04100	0.62726	0.07084	0.03150	0.02878	0.02341	0.01047	0.00788	0.00262	0.00616	0.00871	0.00799	0.01233
37	0.01608	0.01378	0.01608	0.01148	0.01837	0.01034	0.00919	0.01952	0.01608	0.02527	0.01378	0.01608	0.01148	0.00574	0.00574	0.00115	0.00574	0.00459	0.00459	0.77491

[dist]
# distance from previous block
# <min> <max>
0	6

# created by:
# /st0/software/busco_prod/Augustus/scripts/msa2prfl.pl ./align_prep/111890.fa
