[name]
unknown

[dist]
# distance from previous block
# <min> <max>
13	37

[block]
# block no. 0 follows, 20 sequences, length 11
# corresponding to MSA columns:
# 41-51
name=unknown_A
#
# <colnr> <probs for GDERKNQSTAVLIFYWHMCP>
#	G	D	E	R	K	N	Q	S	T	A	V	L	I	F	Y	W	H	M	C	P
0	0.18948	0.03672	0.46248	0.02119	0.03197	0.01964	0.02576	0.02808	0.01799	0.06839	0.01600	0.01813	0.01133	0.00840	0.00765	0.00274	0.01113	0.00619	0.00452	0.01221
1	0.20388	0.01812	0.01962	0.06918	0.09010	0.09060	0.03726	0.04999	0.04205	0.03009	0.04807	0.18153	0.02600	0.01337	0.00839	0.00281	0.00848	0.01124	0.00611	0.04311
2	0.01966	0.01932	0.03456	0.26628	0.35028	0.02045	0.11143	0.02538	0.01913	0.02626	0.01628	0.02245	0.01297	0.00804	0.00891	0.00275	0.01144	0.00814	0.00418	0.01208
3	0.01626	0.00813	0.00813	0.00813	0.01016	0.00813	0.00610	0.02033	0.01829	0.03252	0.02846	0.03252	0.02236	0.01016	0.00610	0.00203	0.00407	0.00813	0.74187	0.00813
4	0.02605	0.50527	0.03953	0.01715	0.02374	0.21816	0.01549	0.02868	0.01978	0.02077	0.01253	0.01450	0.01121	0.00791	0.00626	0.00198	0.01121	0.00494	0.00396	0.01088
5	0.01268	0.00846	0.00951	0.00951	0.00951	0.00846	0.00529	0.01268	0.01268	0.01691	0.02748	0.05708	0.03171	0.69345	0.04440	0.00846	0.00846	0.01268	0.00529	0.00529
6	0.01222	0.00897	0.01180	0.01127	0.01332	0.00856	0.00851	0.01605	0.02277	0.03198	0.50486	0.06197	0.11344	0.02515	0.10585	0.00442	0.00697	0.01502	0.00877	0.00810
7	0.01667	0.00960	0.01226	0.01086	0.01354	0.00946	0.06339	0.02105	0.01851	0.03208	0.02743	0.03166	0.02149	0.00989	0.00650	0.00212	0.00508	0.00834	0.67160	0.00848
8	0.02469	0.60187	0.04262	0.01604	0.02306	0.12644	0.01521	0.02740	0.01875	0.02064	0.01233	0.01425	0.01120	0.00769	0.00593	0.00192	0.01027	0.00480	0.00384	0.01103
9	0.01626	0.00813	0.00813	0.00813	0.01016	0.00813	0.00610	0.02033	0.01829	0.03252	0.02846	0.03252	0.02236	0.01016	0.00610	0.00203	0.00407	0.00813	0.74187	0.00813
10	0.05038	0.05353	0.05095	0.01968	0.06710	0.01870	0.04024	0.09494	0.21096	0.03277	0.02832	0.14769	0.02554	0.01282	0.00866	0.00271	0.00779	0.01103	0.00705	0.10913

[dist]
# distance from previous block
# <min> <max>
0	1

[block]
# block no. 1 follows, 20 sequences, length 12
# corresponding to MSA columns:
# 53-64
name=unknown_B
#
# <colnr> <probs for GDERKNQSTAVLIFYWHMCP>
#	G	D	E	R	K	N	Q	S	T	A	V	L	I	F	Y	W	H	M	C	P
0	0.02404	0.64776	0.04408	0.01551	0.02274	0.08288	0.01507	0.02679	0.01827	0.02059	0.01223	0.01413	0.01120	0.00758	0.00577	0.00190	0.00982	0.00474	0.00379	0.01111
1	0.01616	0.00808	0.00842	0.00842	0.01027	0.00808	0.00623	0.01952	0.01767	0.03096	0.02726	0.03198	0.02171	0.01197	0.00861	0.06886	0.00438	0.00808	0.67559	0.00774
2	0.08689	0.05564	0.06094	0.04817	0.02711	0.02476	0.01652	0.43554	0.03404	0.04692	0.02377	0.02424	0.05531	0.01071	0.00839	0.00263	0.00930	0.00807	0.00767	0.01339
3	0.02332	0.69869	0.04571	0.01493	0.02239	0.03451	0.01493	0.02612	0.01772	0.02052	0.01213	0.01399	0.01119	0.00746	0.00560	0.00187	0.00933	0.00466	0.00373	0.01119
4	0.01750	0.04512	0.64825	0.02486	0.03775	0.02026	0.03223	0.02762	0.01842	0.02762	0.01565	0.01842	0.01105	0.00829	0.00829	0.00276	0.01289	0.00645	0.00368	0.01289
5	0.01809	0.06720	0.11227	0.02729	0.03411	0.01939	0.31823	0.02394	0.01906	0.02594	0.02420	0.14171	0.02329	0.01263	0.01095	0.00308	0.04569	0.05711	0.00517	0.01065
6	0.13848	0.42155	0.03394	0.01523	0.02149	0.13973	0.01375	0.02650	0.01867	0.02382	0.01843	0.01989	0.06056	0.00899	0.00634	0.00215	0.00966	0.00593	0.00447	0.01043
7	0.01626	0.00813	0.00813	0.00813	0.01016	0.00813	0.00610	0.02033	0.01829	0.03252	0.02846	0.03252	0.02236	0.01016	0.00610	0.00203	0.00407	0.00813	0.74187	0.00813
8	0.75506	0.01687	0.01282	0.01147	0.01687	0.01957	0.00945	0.02564	0.01484	0.03914	0.01215	0.01417	0.00945	0.00810	0.00540	0.00270	0.00675	0.00472	0.00540	0.00945
9	0.01299	0.01012	0.01503	0.01473	0.01616	0.01217	0.01156	0.01601	0.01397	0.02031	0.02241	0.03306	0.02098	0.06142	0.60856	0.01320	0.07558	0.00921	0.00460	0.00793
10	0.05896	0.01942	0.02420	0.24793	0.03708	0.07638	0.04219	0.12495	0.05862	0.16029	0.02263	0.05128	0.01696	0.01033	0.00868	0.00278	0.01014	0.00859	0.00673	0.01186
11	0.75506	0.01687	0.01282	0.01147	0.01687	0.01957	0.00945	0.02564	0.01484	0.03914	0.01215	0.01417	0.00945	0.00810	0.00540	0.00270	0.00675	0.00472	0.00540	0.00945

[dist]
# distance from previous block
# <min> <max>
0	1

[block]
# block no. 2 follows, 20 sequences, length 9
# corresponding to MSA columns:
# 66-74
name=unknown_C
#
# <colnr> <probs for GDERKNQSTAVLIFYWHMCP>
#	G	D	E	R	K	N	Q	S	T	A	V	L	I	F	Y	W	H	M	C	P
0	0.01984	0.02142	0.07857	0.19513	0.26438	0.05870	0.02255	0.02619	0.05059	0.02671	0.01831	0.02535	0.01526	0.00899	0.00849	0.00259	0.01043	0.03600	0.00470	0.10580
1	0.22575	0.17046	0.12588	0.06149	0.06658	0.02374	0.06598	0.05642	0.07432	0.03118	0.01620	0.01862	0.01264	0.00841	0.00719	0.00257	0.00961	0.00644	0.00501	0.01151
2	0.01268	0.00846	0.00951	0.00951	0.00951	0.00846	0.00529	0.01268	0.01268	0.01691	0.02748	0.05708	0.03171	0.69345	0.04440	0.00846	0.00846	0.01268	0.00529	0.00529
3	0.01458	0.02032	0.18566	0.05372	0.02524	0.01331	0.07255	0.02055	0.02185	0.03076	0.33389	0.04786	0.09579	0.01411	0.00967	0.00279	0.00790	0.01253	0.00710	0.00982
4	0.01626	0.00813	0.00813	0.00813	0.01016	0.00813	0.00610	0.02033	0.01829	0.03252	0.02846	0.03252	0.02236	0.01016	0.00610	0.00203	0.00407	0.00813	0.74187	0.00813
5	0.02332	0.69869	0.04571	0.01493	0.02239	0.03451	0.01493	0.02612	0.01772	0.02052	0.01213	0.01399	0.01119	0.00746	0.00560	0.00187	0.00933	0.00466	0.00373	0.01119
6	0.01268	0.00846	0.00951	0.00951	0.00951	0.00846	0.00529	0.01268	0.01268	0.01691	0.02748	0.05708	0.03171	0.69345	0.04440	0.00846	0.00846	0.01268	0.00529	0.00529
7	0.01750	0.04512	0.64825	0.02486	0.03775	0.02026	0.03223	0.02762	0.01842	0.02762	0.01565	0.01842	0.01105	0.00829	0.00829	0.00276	0.01289	0.00645	0.00368	0.01289
8	0.02173	0.47353	0.08965	0.06097	0.02798	0.03055	0.06590	0.02557	0.01751	0.02185	0.01300	0.01628	0.01141	0.00846	0.00893	0.00231	0.08369	0.00579	0.00380	0.01109

[dist]
# distance from previous block
# <min> <max>
0	1

[block]
# block no. 3 follows, 20 sequences, length 10
# corresponding to MSA columns:
# 76-85
name=unknown_D
#
# <colnr> <probs for GDERKNQSTAVLIFYWHMCP>
#	G	D	E	R	K	N	Q	S	T	A	V	L	I	F	Y	W	H	M	C	P
0	0.56061	0.09474	0.01813	0.05762	0.02092	0.02070	0.01137	0.02688	0.01620	0.08650	0.01424	0.01607	0.01081	0.00829	0.00593	0.00262	0.00744	0.00526	0.00555	0.01011
1	0.01704	0.01274	0.01929	0.04890	0.08657	0.01254	0.05799	0.02221	0.05469	0.07950	0.13913	0.14245	0.07663	0.01789	0.01045	0.00323	0.00758	0.17367	0.00774	0.00977
2	0.01626	0.00813	0.00813	0.00813	0.01016	0.00813	0.00610	0.02033	0.01829	0.03252	0.02846	0.03252	0.02236	0.01016	0.00610	0.00203	0.00407	0.00813	0.74187	0.00813
3	0.75506	0.01687	0.01282	0.01147	0.01687	0.01957	0.00945	0.02564	0.01484	0.03914	0.01215	0.01417	0.00945	0.00810	0.00540	0.00270	0.00675	0.00472	0.00540	0.00945
4	0.01515	0.00758	0.01136	0.01136	0.01136	0.00758	0.00758	0.01136	0.01136	0.01515	0.01515	0.02652	0.01515	0.03030	0.03409	0.74621	0.00758	0.00758	0.00379	0.00379
5	0.02186	0.01847	0.02335	0.11017	0.06293	0.02086	0.05056	0.04070	0.43952	0.06682	0.03062	0.02999	0.02282	0.01087	0.00892	0.00292	0.00822	0.00942	0.00779	0.01318
6	0.07323	0.35816	0.09472	0.01540	0.02215	0.06036	0.01496	0.02661	0.01969	0.09066	0.09228	0.02595	0.05367	0.01003	0.00712	0.00228	0.00880	0.00738	0.00556	0.01102
7	0.06322	0.05606	0.17900	0.06969	0.11136	0.02137	0.16477	0.05537	0.05316	0.08081	0.01855	0.02179	0.01380	0.00882	0.00966	0.00280	0.04424	0.00796	0.00516	0.01240
8	0.03201	0.02277	0.02488	0.01897	0.02602	0.02435	0.01564	0.50512	0.03738	0.09633	0.02137	0.02129	0.01514	0.01007	0.00849	0.00248	0.00910	0.00764	0.00850	0.09244
9	0.04775	0.05041	0.07246	0.01661	0.02150	0.01565	0.05728	0.09289	0.07556	0.10806	0.09315	0.18731	0.06813	0.03993	0.01064	0.00312	0.00769	0.01344	0.00766	0.01075

[dist]
# distance from previous block
# <min> <max>
0	2

[block]
# block no. 4 follows, 20 sequences, length 12
# corresponding to MSA columns:
# 88-99
name=unknown_E
#
# <colnr> <probs for GDERKNQSTAVLIFYWHMCP>
#	G	D	E	R	K	N	Q	S	T	A	V	L	I	F	Y	W	H	M	C	P
0	0.20054	0.05933	0.17998	0.02110	0.04772	0.02085	0.08507	0.09313	0.06595	0.11723	0.01946	0.02070	0.01399	0.00892	0.00785	0.00271	0.00982	0.00714	0.00609	0.01242
1	0.18027	0.01860	0.08933	0.01728	0.02333	0.01597	0.06473	0.03108	0.08820	0.20741	0.04775	0.10129	0.02501	0.01246	0.00861	0.00292	0.00812	0.03830	0.00762	0.01170
2	0.01298	0.01011	0.01501	0.01471	0.01615	0.01214	0.01154	0.01600	0.01397	0.02031	0.02244	0.03308	0.02100	0.06151	0.60972	0.01322	0.07438	0.00921	0.00461	0.00792
3	0.02205	0.01836	0.02476	0.09427	0.14329	0.01991	0.04170	0.17197	0.14878	0.03562	0.04898	0.06645	0.02571	0.01277	0.00941	0.00296	0.00900	0.08459	0.00715	0.01227
4	0.01515	0.00758	0.01136	0.01136	0.01136	0.00758	0.00758	0.01136	0.01136	0.01515	0.01515	0.02652	0.01515	0.03030	0.03409	0.74621	0.00758	0.00758	0.00379	0.00379
5	0.01821	0.03922	0.49118	0.02712	0.03841	0.02101	0.14611	0.02728	0.01854	0.02728	0.01579	0.01948	0.01151	0.00853	0.00993	0.00286	0.05396	0.00729	0.00384	0.01246
6	0.01677	0.01547	0.02463	0.56517	0.05346	0.01902	0.02223	0.02450	0.08590	0.02389	0.01941	0.05780	0.01565	0.01001	0.00886	0.00294	0.01076	0.00885	0.00465	0.01002
7	0.01748	0.01655	0.02775	0.39869	0.04635	0.01961	0.09790	0.04720	0.01880	0.02513	0.05931	0.05963	0.01913	0.01103	0.01171	0.00304	0.09651	0.00950	0.00475	0.00993
8	0.02023	0.02283	0.04926	0.09227	0.04685	0.02182	0.55644	0.02745	0.02031	0.02745	0.01746	0.02351	0.01309	0.00747	0.01016	0.00294	0.01444	0.01007	0.00436	0.01158
9	0.22169	0.01685	0.02249	0.41936	0.04458	0.02027	0.01932	0.08724	0.01929	0.03049	0.01517	0.02050	0.01138	0.00874	0.00781	0.00282	0.01006	0.00693	0.00482	0.01018
10	0.67167	0.02006	0.08467	0.01299	0.01923	0.01965	0.01202	0.02587	0.01525	0.03783	0.01254	0.01465	0.00963	0.00812	0.00572	0.00271	0.00744	0.00492	0.00520	0.00984
11	0.07400	0.30642	0.05749	0.02015	0.07707	0.08622	0.01644	0.05571	0.06668	0.05149	0.01603	0.01801	0.01321	0.00887	0.00851	0.00233	0.06089	0.00607	0.00497	0.04944

[dist]
# distance from previous block
# <min> <max>
0	2

[block]
# block no. 5 follows, 20 sequences, length 76
# corresponding to MSA columns:
# 102-130,132-178
name=unknown_F
#
# <colnr> <probs for GDERKNQSTAVLIFYWHMCP>
#	G	D	E	R	K	N	Q	S	T	A	V	L	I	F	Y	W	H	M	C	P
0	0.01978	0.01678	0.01933	0.01455	0.02153	0.01480	0.01167	0.07182	0.09524	0.03121	0.01825	0.02017	0.01472	0.00785	0.00796	0.00172	0.03747	0.00608	0.00585	0.56322
1	0.06287	0.34504	0.14238	0.01856	0.02588	0.11253	0.01836	0.08631	0.02066	0.02637	0.01376	0.01607	0.01147	0.00871	0.00833	0.00233	0.05880	0.00564	0.00442	0.01150
2	0.03233	0.02402	0.02571	0.01990	0.02674	0.02667	0.01638	0.56936	0.08294	0.05364	0.02199	0.02178	0.01568	0.01057	0.00874	0.00264	0.00940	0.00800	0.00874	0.01476
3	0.75506	0.01687	0.01282	0.01147	0.01687	0.01957	0.00945	0.02564	0.01484	0.03914	0.01215	0.01417	0.00945	0.00810	0.00540	0.00270	0.00675	0.00472	0.00540	0.00945
4	0.01809	0.01550	0.01809	0.01292	0.02067	0.01163	0.01034	0.02196	0.01809	0.02842	0.01550	0.01809	0.01292	0.00646	0.00646	0.00129	0.00646	0.00517	0.00517	0.74677
5	0.02978	0.02245	0.02415	0.01905	0.02549	0.02467	0.01551	0.47266	0.12551	0.04957	0.02399	0.05053	0.01830	0.01119	0.00874	0.00264	0.00886	0.00873	0.00855	0.04964
6	0.03157	0.02315	0.02475	0.01921	0.02579	0.02561	0.01579	0.54730	0.06575	0.05272	0.02207	0.02220	0.01584	0.01051	0.00857	0.00260	0.00913	0.00796	0.05513	0.01436
7	0.02332	0.69869	0.04571	0.01493	0.02239	0.03451	0.01493	0.02612	0.01772	0.02052	0.01213	0.01399	0.01119	0.00746	0.00560	0.00187	0.00933	0.00466	0.00373	0.01119
8	0.01253	0.00907	0.01261	0.01261	0.01368	0.01014	0.00914	0.01467	0.01360	0.01920	0.02466	0.04142	0.02491	0.26218	0.46636	0.01228	0.01869	0.01039	0.00486	0.00700
9	0.02170	0.01874	0.01972	0.01775	0.02268	0.02170	0.01381	0.04635	0.62327	0.03649	0.03550	0.03254	0.02663	0.01183	0.00888	0.00296	0.00690	0.00986	0.00888	0.01381
10	0.01696	0.01448	0.01528	0.01409	0.01809	0.01559	0.01085	0.03211	0.36368	0.03190	0.10531	0.05308	0.24136	0.01589	0.00949	0.00294	0.00581	0.01332	0.00867	0.01110
11	0.75506	0.01687	0.01282	0.01147	0.01687	0.01957	0.00945	0.02564	0.01484	0.03914	0.01215	0.01417	0.00945	0.00810	0.00540	0.00270	0.00675	0.00472	0.00540	0.00945
12	0.02170	0.01874	0.01972	0.01775	0.02268	0.02170	0.01381	0.04635	0.62327	0.03649	0.03550	0.03254	0.02663	0.01183	0.00888	0.00296	0.00690	0.00986	0.00888	0.01381
13	0.03613	0.06134	0.02385	0.01701	0.02388	0.01898	0.01422	0.23219	0.02990	0.40722	0.02848	0.02576	0.01866	0.01048	0.00856	0.00262	0.00827	0.00820	0.00965	0.01461
14	0.02402	0.01765	0.01937	0.01691	0.02201	0.01940	0.01342	0.10711	0.39783	0.11733	0.03855	0.03824	0.07606	0.01298	0.00912	0.00293	0.00713	0.03769	0.00901	0.01325
15	0.75506	0.01687	0.01282	0.01147	0.01687	0.01957	0.00945	0.02564	0.01484	0.03914	0.01215	0.01417	0.00945	0.00810	0.00540	0.00270	0.00675	0.00472	0.00540	0.00945
16	0.01522	0.00796	0.01208	0.04323	0.01371	0.00814	0.00838	0.01189	0.01166	0.01550	0.01517	0.02636	0.01498	0.02926	0.03287	0.71038	0.00777	0.00758	0.00379	0.00407
17	0.01268	0.00846	0.00951	0.00951	0.00951	0.00846	0.00529	0.01268	0.01268	0.01691	0.02748	0.05708	0.03171	0.69345	0.04440	0.00846	0.00846	0.01268	0.00529	0.00529
18	0.01406	0.01004	0.01406	0.01606	0.01807	0.01004	0.01406	0.01807	0.02008	0.02610	0.04618	0.09839	0.05020	0.02410	0.01205	0.00402	0.00803	0.58032	0.00803	0.00803
19	0.37800	0.01626	0.01701	0.01382	0.01994	0.01669	0.01140	0.06138	0.02093	0.33009	0.02323	0.02192	0.01552	0.00950	0.00717	0.00270	0.00721	0.00681	0.00814	0.01229
20	0.01235	0.00892	0.01166	0.01097	0.01303	0.00823	0.00823	0.01646	0.02469	0.03498	0.63443	0.06516	0.08230	0.01783	0.01029	0.00274	0.00412	0.01578	0.00960	0.00823
21	0.02646	0.02111	0.02241	0.01872	0.02450	0.02392	0.01496	0.28073	0.38113	0.04418	0.02945	0.02772	0.02172	0.01127	0.00881	0.00282	0.00802	0.00903	0.00881	0.01423
22	0.03325	0.02327	0.16619	0.01836	0.02656	0.01666	0.01786	0.12361	0.02584	0.41454	0.02807	0.02578	0.01815	0.01017	0.00865	0.00270	0.00901	0.00810	0.00884	0.01439
23	0.01277	0.00936	0.01203	0.01128	0.01347	0.00885	0.00849	0.01783	0.05204	0.03505	0.60707	0.06367	0.07976	0.01756	0.01022	0.00275	0.00424	0.01550	0.00957	0.00849
24	0.05885	0.08342	0.02850	0.05248	0.24504	0.19002	0.01949	0.03140	0.11879	0.02740	0.01961	0.02465	0.01651	0.00958	0.00823	0.00258	0.01089	0.03531	0.00527	0.01198
25	0.09505	0.02096	0.05030	0.01781	0.02459	0.02093	0.01513	0.28243	0.10692	0.23633	0.02606	0.02449	0.01784	0.01045	0.00845	0.00270	0.00847	0.00807	0.00889	0.01416
26	0.05615	0.23986	0.28391	0.02217	0.03145	0.02491	0.10395	0.02647	0.01801	0.02567	0.01441	0.01758	0.01142	0.00824	0.00874	0.00251	0.05159	0.00636	0.00395	0.04266
27	0.06738	0.02133	0.02490	0.01945	0.02582	0.02288	0.05739	0.40707	0.05688	0.07304	0.02371	0.08428	0.01914	0.01159	0.00879	0.00269	0.00904	0.00946	0.00811	0.04705
28	0.01828	0.01357	0.01718	0.01392	0.01918	0.01154	0.03390	0.05789	0.02061	0.08205	0.08194	0.17430	0.07423	0.01376	0.00857	0.00230	0.00642	0.01198	0.00707	0.33128
29	0.02234	0.02168	0.05877	0.15609	0.06734	0.04574	0.09981	0.16759	0.02352	0.03197	0.01788	0.04896	0.01473	0.01046	0.01174	0.00281	0.10969	0.00846	0.00546	0.07497
30	0.02333	0.01905	0.02235	0.05185	0.09498	0.02141	0.01593	0.08782	0.44695	0.07028	0.03119	0.02978	0.02326	0.01106	0.00882	0.00287	0.00776	0.00931	0.00822	0.01376
31	0.03717	0.01605	0.02075	0.01612	0.02275	0.01487	0.01325	0.09565	0.07498	0.54078	0.03325	0.02911	0.02137	0.01085	0.00878	0.00271	0.00758	0.00877	0.01045	0.01476
32	0.01378	0.01011	0.01249	0.01168	0.01408	0.00965	0.00879	0.06677	0.02484	0.03436	0.47157	0.12597	0.12549	0.01855	0.01024	0.00283	0.00471	0.01625	0.00923	0.00860
33	0.01083	0.00774	0.01036	0.01238	0.01298	0.00726	0.00846	0.01250	0.01690	0.02250	0.04796	0.65218	0.05724	0.02713	0.01119	0.00357	0.00524	0.05833	0.00809	0.00714
34	0.01570	0.01307	0.04217	0.01547	0.05573	0.01173	0.01151	0.02265	0.11651	0.06702	0.22612	0.11606	0.18899	0.01759	0.00995	0.00295	0.00589	0.04274	0.00840	0.00975
35	0.03316	0.02443	0.02618	0.02007	0.02705	0.02705	0.01658	0.60995	0.04101	0.05497	0.02094	0.02094	0.01483	0.01047	0.00873	0.00262	0.00960	0.00785	0.00873	0.01483
36	0.01809	0.01550	0.01809	0.01292	0.02067	0.01163	0.01034	0.02196	0.01809	0.02842	0.01550	0.01809	0.01292	0.00646	0.00646	0.00129	0.00646	0.00517	0.00517	0.74677
37	0.01684	0.02870	0.32462	0.02166	0.06015	0.01689	0.02243	0.02680	0.10794	0.02956	0.11166	0.07002	0.03067	0.01301	0.00928	0.00297	0.00966	0.07955	0.00607	0.01153
38	0.01245	0.00943	0.01188	0.01316	0.01540	0.00886	0.01094	0.01563	0.01977	0.02491	0.06160	0.13560	0.26269	0.02360	0.01135	0.00359	0.00651	0.33683	0.00806	0.00772
39	0.02194	0.02112	0.03359	0.19617	0.33861	0.04989	0.09204	0.08735	0.02180	0.02939	0.01668	0.02189	0.01321	0.00829	0.00882	0.00270	0.01133	0.00797	0.00469	0.01252
40	0.05598	0.02640	0.10068	0.03208	0.04002	0.07696	0.42602	0.02782	0.01987	0.02730	0.01633	0.02157	0.01253	0.00827	0.01119	0.00293	0.06921	0.00905	0.00435	0.01143
41	0.03315	0.02335	0.02537	0.01957	0.02644	0.02558	0.01613	0.53529	0.06627	0.10495	0.02277	0.02223	0.01596	0.01056	0.00874	0.00264	0.00929	0.00802	0.00891	0.01479
42	0.03422	0.02274	0.02513	0.01926	0.02620	0.02453	0.01591	0.50957	0.03817	0.15936	0.02333	0.02249	0.01603	0.01053	0.00873	0.00263	0.00921	0.00802	0.00909	0.01484
43	0.02204	0.01538	0.01880	0.01438	0.02103	0.01305	0.01168	0.02666	0.04646	0.14503	0.02167	0.02598	0.01741	0.00911	0.00859	0.00194	0.04411	0.04195	0.00650	0.48823
44	0.02239	0.01908	0.02011	0.01789	0.02295	0.02202	0.01397	0.08037	0.58812	0.03761	0.03462	0.03184	0.02592	0.01175	0.00887	0.00294	0.00707	0.00974	0.00887	0.01387
45	0.01626	0.00813	0.00813	0.00813	0.01016	0.00813	0.00610	0.02033	0.01829	0.03252	0.02846	0.03252	0.02236	0.01016	0.00610	0.00203	0.00407	0.00813	0.74187	0.00813
46	0.01677	0.01608	0.02799	0.62670	0.05903	0.01957	0.06622	0.02269	0.01767	0.02269	0.01566	0.02328	0.01174	0.00862	0.00883	0.00291	0.01185	0.00794	0.00391	0.00984
47	0.01104	0.00800	0.01047	0.01199	0.01297	0.00743	0.00837	0.01310	0.01819	0.02427	0.12815	0.52663	0.10209	0.02550	0.01102	0.00342	0.00507	0.05668	0.00829	0.00731
48	0.01736	0.01587	0.02378	0.38114	0.04222	0.01976	0.01999	0.06283	0.01839	0.02446	0.02332	0.06943	0.06846	0.01264	0.01347	0.00313	0.15951	0.00973	0.00484	0.00966
49	0.01063	0.00759	0.01012	0.01215	0.01265	0.00709	0.00810	0.01215	0.01670	0.02227	0.04808	0.68775	0.05769	0.02733	0.01113	0.00354	0.00506	0.02480	0.00810	0.00709
50	0.01641	0.01539	0.02552	0.59472	0.05525	0.01937	0.02316	0.02183	0.01699	0.02209	0.01568	0.02360	0.01218	0.01229	0.04617	0.00358	0.05442	0.00783	0.00392	0.00957
51	0.01246	0.00935	0.01402	0.01402	0.01558	0.01090	0.01090	0.01558	0.01402	0.02025	0.02336	0.03427	0.02181	0.06542	0.65888	0.01402	0.02336	0.00935	0.00467	0.00779
52	0.01364	0.00929	0.01069	0.01040	0.01087	0.00955	0.00630	0.04121	0.01414	0.01900	0.02682	0.05341	0.03006	0.60702	0.09563	0.00866	0.00979	0.01217	0.00540	0.00595
53	0.01073	0.00816	0.00993	0.01127	0.01270	0.00736	0.00797	0.01264	0.01798	0.02294	0.06155	0.44751	0.25207	0.02536	0.01091	0.00337	0.00503	0.05717	0.00809	0.00724
54	0.01503	0.00762	0.01127	0.01127	0.01127	0.00762	0.00747	0.01143	0.01143	0.01524	0.01575	0.02799	0.01595	0.06227	0.03459	0.71065	0.00762	0.00782	0.00386	0.00386
55	0.02332	0.69869	0.04571	0.01493	0.02239	0.03451	0.01493	0.02612	0.01772	0.02052	0.01213	0.01399	0.01119	0.00746	0.00560	0.00187	0.00933	0.00466	0.00373	0.01119
56	0.03225	0.02389	0.02569	0.01964	0.02667	0.02612	0.01620	0.57445	0.03963	0.05337	0.02061	0.02077	0.01472	0.01023	0.00859	0.00254	0.00941	0.00769	0.00851	0.05902
57	0.70948	0.01699	0.01325	0.01186	0.01723	0.01970	0.00972	0.02693	0.05266	0.03897	0.01360	0.01531	0.01051	0.00833	0.00561	0.00272	0.00676	0.00504	0.00561	0.00972
58	0.01814	0.01823	0.02286	0.04595	0.02315	0.10193	0.07059	0.02066	0.01611	0.02129	0.02052	0.10588	0.02109	0.10518	0.11396	0.00550	0.24485	0.01054	0.00478	0.00877
59	0.02258	0.01964	0.02301	0.01959	0.02503	0.02219	0.06516	0.09307	0.52147	0.03734	0.03272	0.03077	0.02446	0.01133	0.00899	0.00293	0.00781	0.00973	0.00848	0.01372
60	0.60978	0.10861	0.01702	0.01177	0.01730	0.02083	0.01001	0.02489	0.01555	0.03565	0.01688	0.01848	0.04859	0.00888	0.00573	0.00260	0.00695	0.00557	0.00534	0.00955
61	0.01099	0.00779	0.01023	0.01205	0.01257	0.00736	0.00807	0.01246	0.01643	0.02188	0.04587	0.59677	0.05468	0.09600	0.01461	0.00407	0.00554	0.04790	0.00780	0.00694
62	0.59953	0.07913	0.09536	0.01345	0.01996	0.02094	0.01278	0.02593	0.01554	0.03609	0.01258	0.01469	0.00980	0.00807	0.00578	0.00264	0.00774	0.00493	0.00504	0.01003
63	0.07449	0.09010	0.05339	0.01906	0.02543	0.12447	0.01621	0.29605	0.02914	0.03892	0.01688	0.01848	0.01297	0.00962	0.00925	0.00244	0.05826	0.00664	0.00642	0.09178
64	0.02885	0.01774	0.02039	0.01683	0.02243	0.01856	0.01347	0.20024	0.19413	0.22757	0.03454	0.08715	0.05223	0.01293	0.00906	0.00283	0.00755	0.01063	0.00932	0.01354
65	0.02034	0.01549	0.01819	0.01331	0.02050	0.01231	0.01058	0.05216	0.01951	0.08220	0.01807	0.02140	0.01481	0.04527	0.00888	0.00188	0.00681	0.00603	0.00583	0.60643
66	0.01063	0.00759	0.01012	0.01215	0.01265	0.00709	0.00810	0.01215	0.01670	0.02227	0.04808	0.68775	0.05769	0.02733	0.01113	0.00354	0.00506	0.02480	0.00810	0.00709
67	0.01491	0.00758	0.01130	0.01140	0.01143	0.00755	0.00760	0.01140	0.01165	0.01553	0.01689	0.06143	0.01740	0.03015	0.03288	0.70699	0.00744	0.00849	0.00402	0.00396
68	0.22205	0.01461	0.01722	0.01389	0.01968	0.01399	0.01136	0.03479	0.02230	0.40947	0.10522	0.03018	0.02618	0.01099	0.00809	0.00270	0.00682	0.00861	0.00924	0.01260
69	0.03120	0.02523	0.06428	0.02017	0.02734	0.02617	0.01731	0.52522	0.08975	0.05168	0.02187	0.02178	0.01561	0.01045	0.00871	0.00266	0.00957	0.00794	0.00843	0.01462
70	0.01170	0.00889	0.01076	0.01029	0.01263	0.00795	0.00772	0.01521	0.02316	0.03135	0.46086	0.07113	0.25814	0.01919	0.01029	0.00281	0.00421	0.01661	0.00912	0.00795
71	0.01315	0.01004	0.01544	0.09018	0.02033	0.01042	0.04377	0.01517	0.01704	0.02312	0.11648	0.32746	0.04329	0.02511	0.05379	0.11572	0.02873	0.01670	0.00662	0.00743
72	0.06489	0.01824	0.03069	0.16613	0.03606	0.02121	0.18204	0.02445	0.05434	0.02523	0.01699	0.02353	0.01401	0.01684	0.09021	0.00444	0.18738	0.00855	0.00451	0.01025
73	0.01843	0.02357	0.15021	0.04850	0.03333	0.01778	0.21810	0.02679	0.08379	0.02821	0.02307	0.06159	0.04092	0.00955	0.00887	0.00256	0.01058	0.00937	0.00525	0.17952
74	0.17234	0.46481	0.07473	0.01547	0.02260	0.08262	0.01505	0.02684	0.01777	0.02481	0.01246	0.01445	0.01083	0.00777	0.00591	0.00212	0.00956	0.00487	0.00413	0.01085
75	0.20701	0.07108	0.05458	0.07389	0.02735	0.02447	0.01599	0.31530	0.06051	0.04346	0.01819	0.01947	0.01341	0.00948	0.00767	0.00263	0.00907	0.00688	0.00689	0.01266

[dist]
# distance from previous block
# <min> <max>
0	1

[block]
# block no. 6 follows, 20 sequences, length 61
# corresponding to MSA columns:
# 180-240
name=unknown_G
#
# <colnr> <probs for GDERKNQSTAVLIFYWHMCP>
#	G	D	E	R	K	N	Q	S	T	A	V	L	I	F	Y	W	H	M	C	P
0	0.01890	0.02731	0.20764	0.09201	0.04058	0.01951	0.28897	0.02627	0.01925	0.02738	0.01652	0.02116	0.01242	0.00759	0.00893	0.00261	0.01249	0.00810	0.00429	0.13809
1	0.02138	0.03549	0.30626	0.02927	0.09751	0.13167	0.13809	0.02935	0.04613	0.02676	0.01640	0.01990	0.01248	0.00866	0.00962	0.00275	0.04447	0.00738	0.00426	0.01217
2	0.03766	0.01454	0.01966	0.01518	0.02173	0.01254	0.01250	0.04098	0.02471	0.61332	0.03717	0.03246	0.05295	0.01137	0.00885	0.00271	0.00727	0.00926	0.01066	0.01446
3	0.01339	0.01005	0.01255	0.01193	0.01423	0.00984	0.00893	0.01989	0.10005	0.03409	0.50857	0.11387	0.07314	0.01788	0.01018	0.00284	0.00455	0.01579	0.00938	0.00884
4	0.01220	0.00880	0.01153	0.01107	0.01300	0.00813	0.00822	0.01609	0.02401	0.03390	0.58450	0.11817	0.08021	0.01864	0.01036	0.00281	0.00420	0.01654	0.00947	0.00813
5	0.01515	0.00758	0.01136	0.01136	0.01136	0.00758	0.00758	0.01136	0.01136	0.01515	0.01515	0.02652	0.01515	0.03030	0.03409	0.74621	0.00758	0.00758	0.00379	0.00379
6	0.01647	0.01550	0.02616	0.67248	0.06008	0.01938	0.02422	0.02229	0.01744	0.02229	0.01550	0.02326	0.01163	0.00872	0.00872	0.00291	0.01163	0.00775	0.00388	0.00969
7	0.01809	0.01550	0.01809	0.01292	0.02067	0.01163	0.01034	0.02196	0.01809	0.02842	0.01550	0.01809	0.01292	0.00646	0.00646	0.00129	0.00646	0.00517	0.00517	0.74677
8	0.01911	0.04287	0.60152	0.02417	0.03660	0.01970	0.03078	0.02873	0.01890	0.07357	0.01705	0.01926	0.01183	0.00847	0.00832	0.00276	0.01248	0.00662	0.00421	0.01304
9	0.03212	0.01918	0.02165	0.01696	0.02333	0.04723	0.01380	0.23429	0.05976	0.28483	0.07191	0.02783	0.02282	0.01081	0.00864	0.00255	0.00820	0.00858	0.00913	0.07641
10	0.02658	0.02074	0.02203	0.01809	0.02390	0.02309	0.01455	0.33797	0.25924	0.04489	0.03308	0.03153	0.08031	0.01213	0.00894	0.00278	0.00807	0.00965	0.00872	0.01371
11	0.03316	0.02443	0.02618	0.02007	0.02705	0.02705	0.01658	0.60995	0.04101	0.05497	0.02094	0.02094	0.01483	0.01047	0.00873	0.00262	0.00960	0.00785	0.00873	0.01483
12	0.01377	0.00962	0.01172	0.01097	0.01337	0.00896	0.00813	0.01806	0.05120	0.06153	0.41049	0.06468	0.17898	0.08416	0.01349	0.00335	0.00490	0.01535	0.00891	0.00837
13	0.01647	0.01550	0.02616	0.67248	0.06008	0.01938	0.02422	0.02229	0.01744	0.02229	0.01550	0.02326	0.01163	0.00872	0.00872	0.00291	0.01163	0.00775	0.00388	0.00969
14	0.44934	0.01789	0.01714	0.01408	0.02010	0.01949	0.01162	0.14398	0.02229	0.18129	0.01898	0.01906	0.01329	0.00918	0.00682	0.00268	0.00746	0.00627	0.00729	0.01174
15	0.01515	0.00758	0.01136	0.01136	0.01136	0.00758	0.00758	0.01136	0.01136	0.01515	0.01515	0.02652	0.01515	0.03030	0.03409	0.74621	0.00758	0.00758	0.00379	0.00379
16	0.01647	0.01550	0.02616	0.67248	0.06008	0.01938	0.02422	0.02229	0.01744	0.02229	0.01550	0.02326	0.01163	0.00872	0.00872	0.00291	0.01163	0.00775	0.00388	0.00969
17	0.01750	0.04512	0.64825	0.02486	0.03775	0.02026	0.03223	0.02762	0.01842	0.02762	0.01565	0.01842	0.01105	0.00829	0.00829	0.00276	0.01289	0.00645	0.00368	0.01289
18	0.07457	0.11379	0.02394	0.01556	0.02235	0.01735	0.01322	0.08149	0.02458	0.47926	0.02903	0.02596	0.01895	0.01015	0.00813	0.00257	0.00782	0.00790	0.00934	0.01403
19	0.02069	0.01840	0.01857	0.01692	0.02139	0.05214	0.01305	0.04096	0.50364	0.03437	0.07030	0.06248	0.06256	0.01318	0.00907	0.00293	0.00700	0.01102	0.00862	0.01270
20	0.01101	0.00886	0.00981	0.00957	0.01221	0.00766	0.00718	0.01388	0.02154	0.02750	0.27665	0.07747	0.44475	0.02062	0.01030	0.00288	0.00431	0.01750	0.00862	0.00766
21	0.01266	0.00855	0.00999	0.00999	0.01016	0.00872	0.00589	0.01299	0.01283	0.01727	0.02704	0.05465	0.03066	0.62641	0.10999	0.00905	0.01005	0.01233	0.00522	0.00555
22	0.01077	0.00770	0.01025	0.01205	0.01268	0.00718	0.00811	0.01251	0.01738	0.02335	0.09801	0.63474	0.05979	0.02652	0.01106	0.00347	0.00498	0.02403	0.00823	0.00718
23	0.75506	0.01687	0.01282	0.01147	0.01687	0.01957	0.00945	0.02564	0.01484	0.03914	0.01215	0.01417	0.00945	0.00810	0.00540	0.00270	0.00675	0.00472	0.00540	0.00945
24	0.01756	0.01547	0.02588	0.64109	0.05827	0.01907	0.02368	0.02325	0.01780	0.05204	0.01641	0.02356	0.01210	0.00882	0.00872	0.00290	0.01143	0.00780	0.00421	0.00994
25	0.01338	0.01274	0.01129	0.01089	0.01401	0.07609	0.00819	0.01686	0.05007	0.02503	0.12913	0.07258	0.48903	0.01983	0.00998	0.00285	0.00569	0.01641	0.00790	0.00804
26	0.02445	0.01768	0.02034	0.01518	0.02247	0.01592	0.01229	0.16305	0.05724	0.11277	0.02024	0.02100	0.01521	0.00823	0.00741	0.00187	0.00734	0.00650	0.00691	0.44389
27	0.23296	0.02093	0.05289	0.01669	0.02311	0.02151	0.01420	0.21845	0.15432	0.09659	0.02226	0.02204	0.01616	0.00983	0.00770	0.00267	0.00806	0.00729	0.00759	0.04474
28	0.02331	0.01712	0.02055	0.08339	0.02614	0.01626	0.01350	0.10666	0.11969	0.11475	0.02197	0.02288	0.01641	0.00867	0.00769	0.00209	0.00761	0.00703	0.00685	0.35742
29	0.01268	0.00846	0.00951	0.00951	0.00951	0.00846	0.00529	0.01268	0.01268	0.01691	0.02748	0.05708	0.03171	0.69345	0.04440	0.00846	0.00846	0.01268	0.00529	0.00529
30	0.01915	0.02206	0.07118	0.20793	0.04520	0.05477	0.32577	0.02553	0.01919	0.02526	0.01729	0.02381	0.01341	0.01356	0.07319	0.00397	0.01467	0.00904	0.00426	0.01077
31	0.01098	0.00876	0.00990	0.01031	0.01266	0.00768	0.00775	0.01350	0.02004	0.02513	0.15206	0.17906	0.41534	0.02253	0.01060	0.00311	0.00481	0.07000	0.00830	0.00750
32	0.01853	0.01953	0.06073	0.25949	0.04212	0.02103	0.17003	0.05037	0.01915	0.02630	0.06817	0.02570	0.01814	0.01056	0.01335	0.00307	0.14958	0.00900	0.00470	0.01045
33	0.01096	0.00773	0.01002	0.01173	0.01215	0.00730	0.00765	0.01223	0.01606	0.02141	0.04479	0.58712	0.05355	0.13362	0.01644	0.00433	0.00560	0.02286	0.00765	0.00680
34	0.01897	0.01926	0.02564	0.07042	0.02593	0.07535	0.04796	0.02168	0.01508	0.02135	0.01424	0.02189	0.01328	0.02227	0.13026	0.00529	0.42976	0.00790	0.00405	0.00942
35	0.03316	0.02443	0.02618	0.02007	0.02705	0.02705	0.01658	0.60995	0.04101	0.05497	0.02094	0.02094	0.01483	0.01047	0.00873	0.00262	0.00960	0.00785	0.00873	0.01483
36	0.02094	0.02060	0.06118	0.16495	0.06196	0.04671	0.25191	0.02662	0.01987	0.08647	0.02189	0.05625	0.01840	0.01071	0.01060	0.00302	0.04336	0.05814	0.00532	0.01107
37	0.01646	0.01512	0.02521	0.63752	0.05745	0.01879	0.02327	0.02218	0.01749	0.02283	0.01619	0.02374	0.01219	0.00880	0.00858	0.00286	0.01123	0.00777	0.04271	0.00961
38	0.02704	0.02291	0.05696	0.12561	0.03384	0.02391	0.07652	0.38075	0.05837	0.04357	0.02131	0.05094	0.01636	0.01057	0.00897	0.00276	0.01027	0.00884	0.00727	0.01324
39	0.01872	0.03608	0.45879	0.02604	0.08961	0.01859	0.05582	0.02665	0.01871	0.05792	0.04154	0.02200	0.01510	0.01034	0.01044	0.05808	0.01173	0.00733	0.00438	0.01215
40	0.75506	0.01687	0.01282	0.01147	0.01687	0.01957	0.00945	0.02564	0.01484	0.03914	0.01215	0.01417	0.00945	0.00810	0.00540	0.00270	0.00675	0.00472	0.00540	0.00945
41	0.01838	0.01915	0.06378	0.34992	0.13617	0.01956	0.13219	0.05049	0.01946	0.02603	0.01872	0.07215	0.01579	0.00977	0.00916	0.00289	0.01150	0.00943	0.00457	0.01089
42	0.08851	0.02036	0.03038	0.27549	0.16116	0.05303	0.10705	0.10628	0.02176	0.03034	0.01634	0.02145	0.01252	0.00853	0.00859	0.00276	0.01131	0.00776	0.00488	0.01151
43	0.69410	0.01670	0.01345	0.01182	0.01733	0.01899	0.00973	0.02708	0.01571	0.09073	0.01404	0.01549	0.01048	0.00833	0.00569	0.00270	0.00681	0.00507	0.00586	0.00991
44	0.02332	0.69869	0.04571	0.01493	0.02239	0.03451	0.01493	0.02612	0.01772	0.02052	0.01213	0.01399	0.01119	0.00746	0.00560	0.00187	0.00933	0.00466	0.00373	0.01119
45	0.01205	0.00890	0.01125	0.01066	0.01285	0.00810	0.00800	0.01589	0.02399	0.03331	0.55470	0.06790	0.16307	0.01845	0.01029	0.00277	0.00416	0.01616	0.00938	0.00810
46	0.03882	0.01535	0.02055	0.01576	0.02252	0.01356	0.01302	0.07219	0.02581	0.61421	0.03371	0.02923	0.02124	0.01078	0.00877	0.00269	0.00754	0.00872	0.01069	0.01484
47	0.01084	0.00870	0.00968	0.00977	0.01219	0.00753	0.00720	0.01341	0.02062	0.02612	0.21344	0.15707	0.42928	0.02175	0.01041	0.00297	0.00443	0.01860	0.00846	0.00753
48	0.02332	0.69869	0.04571	0.01493	0.02239	0.03451	0.01493	0.02612	0.01772	0.02052	0.01213	0.01399	0.01119	0.00746	0.00560	0.00187	0.00933	0.00466	0.00373	0.01119
49	0.02059	0.02353	0.05147	0.03676	0.04559	0.02206	0.60735	0.02794	0.02059	0.02794	0.01765	0.02353	0.01324	0.00735	0.01029	0.00294	0.01471	0.01029	0.00441	0.01176
50	0.01099	0.00785	0.01054	0.01256	0.01323	0.00740	0.00873	0.01278	0.01706	0.02268	0.04787	0.62485	0.05689	0.02698	0.01123	0.00359	0.00538	0.08409	0.00809	0.00719
51	0.01776	0.04197	0.56943	0.02521	0.03683	0.02089	0.05606	0.02707	0.01808	0.02707	0.01538	0.01869	0.01118	0.00884	0.01011	0.00286	0.06956	0.00671	0.00373	0.01256
52	0.01268	0.00846	0.00951	0.00951	0.00951	0.00846	0.00529	0.01268	0.01268	0.01691	0.02748	0.05708	0.03171	0.69345	0.04440	0.00846	0.00846	0.01268	0.00529	0.00529
53	0.01271	0.01030	0.01696	0.01613	0.01800	0.00972	0.10389	0.01497	0.01707	0.02280	0.04063	0.49097	0.04701	0.05301	0.01360	0.03966	0.00703	0.05072	0.00717	0.00764
54	0.05750	0.54096	0.04039	0.01623	0.02266	0.09828	0.01523	0.02657	0.01795	0.02150	0.01221	0.01462	0.01114	0.00832	0.00779	0.00211	0.06677	0.00502	0.00389	0.01086
55	0.01626	0.00813	0.00813	0.00813	0.01016	0.00813	0.00610	0.02033	0.01829	0.03252	0.02846	0.03252	0.02236	0.01016	0.00610	0.00203	0.00407	0.00813	0.74187	0.00813
56	0.03886	0.01529	0.02052	0.01573	0.02249	0.01348	0.01299	0.06874	0.02571	0.61780	0.03379	0.02929	0.02128	0.01078	0.00877	0.00270	0.00752	0.00873	0.01070	0.01484
57	0.01118	0.00818	0.01071	0.01220	0.01325	0.00742	0.00826	0.01288	0.01680	0.02273	0.04565	0.63792	0.05436	0.02578	0.01079	0.00338	0.00516	0.02334	0.00788	0.06213
58	0.01809	0.01550	0.01809	0.01292	0.02067	0.01163	0.01034	0.02196	0.01809	0.02842	0.01550	0.01809	0.01292	0.00646	0.00646	0.00129	0.00646	0.00517	0.00517	0.74677
59	0.02133	0.01390	0.01829	0.04392	0.02105	0.01395	0.03896	0.15224	0.02566	0.13240	0.18525	0.21775	0.04458	0.01682	0.00986	0.00295	0.00694	0.01479	0.00870	0.01066
60	0.01944	0.01550	0.01817	0.01334	0.02065	0.01218	0.01064	0.05012	0.01943	0.05924	0.01830	0.05223	0.01567	0.00790	0.00691	0.00153	0.00658	0.00645	0.00575	0.63995

[dist]
# distance from previous block
# <min> <max>
0	5

[block]
# block no. 7 follows, 20 sequences, length 38
# corresponding to MSA columns:
# 246-283
name=unknown_H
#
# <colnr> <probs for GDERKNQSTAVLIFYWHMCP>
#	G	D	E	R	K	N	Q	S	T	A	V	L	I	F	Y	W	H	M	C	P
0	0.23296	0.02567	0.19265	0.02766	0.18325	0.01961	0.04846	0.02913	0.04583	0.09095	0.01763	0.01997	0.01311	0.00846	0.00771	0.00271	0.00977	0.00685	0.00529	0.01231
1	0.13807	0.05577	0.13213	0.01923	0.05224	0.05135	0.01706	0.16356	0.05609	0.12207	0.08742	0.02556	0.02188	0.01031	0.00813	0.00264	0.00902	0.00796	0.00708	0.01245
2	0.01602	0.00821	0.00850	0.00850	0.01050	0.00830	0.00640	0.02003	0.01802	0.03175	0.02814	0.03263	0.02232	0.01363	0.04706	0.00278	0.00528	0.00821	0.69561	0.00811
3	0.23835	0.01778	0.04804	0.01409	0.02071	0.01603	0.01193	0.07687	0.04684	0.08485	0.01934	0.05753	0.01589	0.00919	0.00700	0.00222	0.00715	0.00698	0.00627	0.29293
4	0.02908	0.01964	0.10788	0.05316	0.05563	0.01520	0.05066	0.06048	0.02359	0.34489	0.09001	0.02983	0.02440	0.01052	0.00883	0.00266	0.00865	0.00896	0.00832	0.04759
5	0.52968	0.12591	0.04838	0.01358	0.01957	0.06008	0.01200	0.02732	0.04447	0.03452	0.01348	0.01529	0.01070	0.00823	0.00587	0.00256	0.00798	0.00509	0.00517	0.01012
6	0.01519	0.04249	0.01532	0.01491	0.01701	0.01169	0.01236	0.05216	0.01941	0.02543	0.03853	0.12887	0.04171	0.08966	0.04769	0.04763	0.00870	0.35604	0.00720	0.00798
7	0.01208	0.00997	0.03909	0.01201	0.01348	0.00848	0.00892	0.01451	0.01829	0.02506	0.20545	0.30622	0.05612	0.17546	0.01841	0.00443	0.00609	0.05095	0.00768	0.00731
8	0.02319	0.02337	0.12846	0.10142	0.19070	0.01955	0.15257	0.03119	0.07663	0.13322	0.02131	0.02411	0.01554	0.00875	0.00900	0.00278	0.01103	0.00849	0.00572	0.01295
9	0.01626	0.00813	0.00813	0.00813	0.01016	0.00813	0.00610	0.02033	0.01829	0.03252	0.02846	0.03252	0.02236	0.01016	0.00610	0.00203	0.00407	0.00813	0.74187	0.00813
10	0.13107	0.02265	0.06309	0.11542	0.24143	0.07823	0.02096	0.08155	0.02091	0.06609	0.01643	0.02022	0.01286	0.00910	0.00968	0.00273	0.06326	0.00711	0.00514	0.01207
11	0.05556	0.02466	0.02390	0.29405	0.03909	0.24350	0.01901	0.02627	0.01956	0.02298	0.01577	0.04914	0.01350	0.01000	0.00982	0.00267	0.06502	0.00746	0.00442	0.05360
12	0.26492	0.05914	0.29215	0.07001	0.02965	0.01953	0.02086	0.02650	0.01779	0.06006	0.05204	0.02049	0.01530	0.00891	0.00738	0.00271	0.00980	0.00656	0.00496	0.01122
13	0.60845	0.01645	0.01434	0.01230	0.01797	0.01819	0.01014	0.02910	0.01692	0.16323	0.01671	0.01735	0.01193	0.00865	0.00609	0.00270	0.00689	0.00555	0.00650	0.01055
14	0.01602	0.00821	0.00850	0.00850	0.01050	0.00830	0.00640	0.02003	0.01802	0.03175	0.02814	0.03263	0.02232	0.01363	0.04706	0.00278	0.00528	0.00821	0.69561	0.00811
15	0.01235	0.00892	0.01166	0.01097	0.01303	0.00823	0.00823	0.01646	0.02469	0.03498	0.63443	0.06516	0.08230	0.01783	0.01029	0.00274	0.00412	0.01578	0.00960	0.00823
16	0.01994	0.04088	0.53972	0.02546	0.06577	0.02048	0.02982	0.07443	0.02058	0.05841	0.01698	0.01929	0.01197	0.00855	0.00836	0.00274	0.01225	0.00673	0.00444	0.01318
17	0.06362	0.06103	0.15764	0.02969	0.03884	0.02123	0.37409	0.02827	0.01986	0.06492	0.01758	0.02168	0.01299	0.00774	0.00914	0.00276	0.01285	0.00866	0.00471	0.04272
18	0.01732	0.01486	0.02486	0.45412	0.04742	0.01765	0.05463	0.02232	0.01752	0.05946	0.01993	0.07721	0.01694	0.01597	0.07245	0.00405	0.03939	0.00946	0.00473	0.00972
19	0.02146	0.02062	0.04080	0.03259	0.09518	0.02022	0.38355	0.02722	0.02006	0.08342	0.04927	0.02708	0.01814	0.04076	0.01333	0.00321	0.07625	0.01004	0.00522	0.01156
20	0.01585	0.01065	0.01494	0.01619	0.07933	0.00996	0.01086	0.01976	0.02326	0.09257	0.43020	0.11684	0.06549	0.01726	0.01012	0.00285	0.00535	0.04022	0.00896	0.00935
21	0.01626	0.00813	0.00813	0.00813	0.01016	0.00813	0.00610	0.02033	0.01829	0.03252	0.02846	0.03252	0.02236	0.01016	0.00610	0.00203	0.00407	0.00813	0.74187	0.00813
22	0.02332	0.69869	0.04571	0.01493	0.02239	0.03451	0.01493	0.02612	0.01772	0.02052	0.01213	0.01399	0.01119	0.00746	0.00560	0.00187	0.00933	0.00466	0.00373	0.01119
23	0.69832	0.01671	0.01341	0.01179	0.01730	0.01903	0.00971	0.02698	0.01565	0.08716	0.01391	0.01540	0.01041	0.00831	0.00567	0.00270	0.00680	0.00504	0.00583	0.00987
24	0.02537	0.02056	0.02179	0.01849	0.02408	0.02341	0.01470	0.22707	0.43657	0.04242	0.03083	0.02882	0.02285	0.01140	0.00883	0.00285	0.00777	0.00922	0.00883	0.01414
25	0.02332	0.69869	0.04571	0.01493	0.02239	0.03451	0.01493	0.02612	0.01772	0.02052	0.01213	0.01399	0.01119	0.00746	0.00560	0.00187	0.00933	0.00466	0.00373	0.01119
26	0.02386	0.66055	0.04449	0.01536	0.02265	0.07074	0.01504	0.02663	0.01813	0.02057	0.01221	0.01409	0.01120	0.00755	0.00573	0.00189	0.00970	0.00472	0.00378	0.01113
27	0.01626	0.00813	0.00813	0.00813	0.01016	0.00813	0.00610	0.02033	0.01829	0.03252	0.02846	0.03252	0.02236	0.01016	0.00610	0.00203	0.00407	0.00813	0.74187	0.00813
28	0.75506	0.01687	0.01282	0.01147	0.01687	0.01957	0.00945	0.02564	0.01484	0.03914	0.01215	0.01417	0.00945	0.00810	0.00540	0.00270	0.00675	0.00472	0.00540	0.00945
29	0.02332	0.69869	0.04571	0.01493	0.02239	0.03451	0.01493	0.02612	0.01772	0.02052	0.01213	0.01399	0.01119	0.00746	0.00560	0.00187	0.00933	0.00466	0.00373	0.01119
30	0.57723	0.01641	0.01563	0.04527	0.08283	0.01860	0.01176	0.02452	0.01578	0.03598	0.04191	0.01829	0.01366	0.00957	0.00744	0.03711	0.00726	0.00582	0.00534	0.00959
31	0.02569	0.02088	0.02322	0.02140	0.07306	0.02349	0.01580	0.24158	0.37215	0.04231	0.02891	0.02763	0.02149	0.01104	0.00880	0.00281	0.00812	0.00900	0.00846	0.01417
32	0.02332	0.69869	0.04571	0.01493	0.02239	0.03451	0.01493	0.02612	0.01772	0.02052	0.01213	0.01399	0.01119	0.00746	0.00560	0.00187	0.00933	0.00466	0.00373	0.01119
33	0.01750	0.04512	0.64825	0.02486	0.03775	0.02026	0.03223	0.02762	0.01842	0.02762	0.01565	0.01842	0.01105	0.00829	0.00829	0.00276	0.01289	0.00645	0.00368	0.01289
34	0.02087	0.03078	0.34165	0.02505	0.06799	0.01764	0.10414	0.02816	0.01977	0.12754	0.02339	0.08845	0.01932	0.01102	0.00909	0.00289	0.01115	0.03317	0.00558	0.01235
35	0.03004	0.03632	0.02522	0.07524	0.06471	0.51211	0.01770	0.05970	0.02432	0.02373	0.01425	0.01702	0.01166	0.00885	0.00795	0.00229	0.01439	0.00600	0.00466	0.04381
36	0.01626	0.00813	0.00813	0.00813	0.01016	0.00813	0.00610	0.02033	0.01829	0.03252	0.02846	0.03252	0.02236	0.01016	0.00610	0.00203	0.00407	0.00813	0.74187	0.00813
37	0.23095	0.21993	0.20633	0.01677	0.02478	0.02331	0.01788	0.02754	0.04736	0.05337	0.04712	0.01946	0.01546	0.00876	0.00684	0.00249	0.00916	0.00618	0.00502	0.01130

[dist]
# distance from previous block
# <min> <max>
1	3

[block]
# block no. 8 follows, 20 sequences, length 12
# corresponding to MSA columns:
# 287-298
name=unknown_I
#
# <colnr> <probs for GDERKNQSTAVLIFYWHMCP>
#	G	D	E	R	K	N	Q	S	T	A	V	L	I	F	Y	W	H	M	C	P
0	0.01508	0.05688	0.01738	0.01501	0.01703	0.06296	0.01182	0.01791	0.01499	0.02025	0.02141	0.03168	0.02017	0.08129	0.50662	0.01154	0.05642	0.00881	0.00458	0.00818
1	0.01834	0.01765	0.02707	0.11624	0.03075	0.06683	0.14983	0.02150	0.01732	0.02272	0.02107	0.06316	0.02038	0.01623	0.01755	0.11716	0.14627	0.09618	0.00484	0.00889
