[name]
unknown

[dist]
# distance from previous block
# <min> <max>
0	46

[block]
# block no. 0 follows, 23 sequences, length 61
# corresponding to MSA columns:
# 46-82,84-107
name=unknown_A
#
# <colnr> <probs for GDERKNQSTAVLIFYWHMCP>
#	G	D	E	R	K	N	Q	S	T	A	V	L	I	F	Y	W	H	M	C	P
0	0.01516	0.00974	0.01359	0.01490	0.01716	0.00957	0.01297	0.01884	0.01908	0.08187	0.04199	0.08583	0.04432	0.02131	0.01094	0.00363	0.00742	0.55595	0.00770	0.00804
1	0.02134	0.52495	0.14437	0.01627	0.02355	0.08227	0.01684	0.02500	0.01696	0.02026	0.01190	0.01401	0.01040	0.00747	0.00664	0.00197	0.03695	0.00479	0.00352	0.01053
2	0.02143	0.01453	0.01736	0.07527	0.02233	0.01552	0.01238	0.03420	0.32187	0.17043	0.09151	0.06416	0.05880	0.01202	0.00844	0.00266	0.00648	0.01017	0.00813	0.03229
3	0.01947	0.01887	0.03285	0.12410	0.55515	0.01921	0.06205	0.02448	0.01826	0.02580	0.01524	0.02037	0.01258	0.00731	0.00814	0.00246	0.01002	0.00737	0.00397	0.01229
4	0.06376	0.06943	0.51432	0.06165	0.03417	0.01918	0.04960	0.02578	0.01716	0.05115	0.01495	0.01755	0.01069	0.00774	0.00754	0.00254	0.01128	0.00611	0.00382	0.01158
5	0.01036	0.00819	0.00910	0.00907	0.01125	0.00720	0.00666	0.01269	0.01890	0.02401	0.21758	0.09552	0.42049	0.08173	0.01249	0.00320	0.00449	0.03252	0.00765	0.00688
6	0.08554	0.01200	0.01302	0.01186	0.01524	0.01230	0.00915	0.07625	0.13286	0.05762	0.20890	0.09933	0.20339	0.01558	0.00879	0.00268	0.00524	0.01309	0.00796	0.00919
7	0.01681	0.01880	0.08463	0.11756	0.02853	0.04646	0.10197	0.02072	0.01511	0.02160	0.01537	0.02258	0.01342	0.04333	0.10199	0.00444	0.25973	0.00768	0.05021	0.00905
8	0.04028	0.00972	0.01200	0.01178	0.01321	0.01097	0.00909	0.01625	0.01534	0.02388	0.03143	0.14434	0.08457	0.04391	0.12363	0.00459	0.11740	0.03809	0.24207	0.00746
9	0.02971	0.01364	0.01751	0.01436	0.01958	0.01284	0.01151	0.03655	0.14362	0.45837	0.06351	0.09055	0.02670	0.01192	0.00844	0.00263	0.00647	0.01000	0.00942	0.01268
10	0.01255	0.01056	0.01507	0.01449	0.01615	0.01112	0.05769	0.01641	0.06624	0.02299	0.07904	0.40505	0.09419	0.02044	0.01201	0.00316	0.08921	0.03889	0.00693	0.00781
11	0.01880	0.02120	0.04570	0.09536	0.04365	0.02029	0.57811	0.02551	0.01888	0.02551	0.01623	0.02186	0.01217	0.00696	0.00944	0.00273	0.01342	0.00936	0.00406	0.01077
12	0.01057	0.00844	0.00962	0.01006	0.01244	0.00748	0.00794	0.01314	0.01882	0.02336	0.12322	0.10525	0.44340	0.02082	0.00999	0.00297	0.00488	0.15290	0.00765	0.00705
13	0.01744	0.12383	0.50635	0.02506	0.09684	0.02061	0.04989	0.02545	0.01726	0.02496	0.01429	0.01709	0.01063	0.00753	0.00750	0.00246	0.01140	0.00605	0.00352	0.01184
14	0.01932	0.01850	0.03155	0.15375	0.56626	0.01908	0.02452	0.02423	0.01811	0.02558	0.01513	0.02033	0.01253	0.00737	0.00805	0.00246	0.00983	0.00723	0.00395	0.01223
15	0.01200	0.00868	0.01092	0.05287	0.01466	0.00864	0.00833	0.04935	0.01675	0.02250	0.04101	0.44022	0.09760	0.11657	0.01398	0.00370	0.00566	0.01818	0.05135	0.00702
16	0.05418	0.01824	0.02139	0.01796	0.02172	0.09785	0.06098	0.11485	0.04054	0.13425	0.02168	0.08452	0.01851	0.01929	0.11362	0.00432	0.13077	0.00891	0.00611	0.01031
17	0.02785	0.01987	0.10798	0.08268	0.10209	0.04219	0.01746	0.05408	0.03931	0.34386	0.02364	0.02347	0.01605	0.00943	0.00918	0.00258	0.05114	0.00750	0.00712	0.01252
18	0.11431	0.21347	0.31621	0.01795	0.02633	0.04228	0.02034	0.02501	0.01710	0.04932	0.01650	0.02274	0.01387	0.00895	0.00704	0.00243	0.00987	0.06125	0.00429	0.01074
19	0.34223	0.01599	0.02238	0.26160	0.03452	0.01814	0.12049	0.02291	0.01571	0.02874	0.01387	0.01836	0.01057	0.00770	0.00694	0.00260	0.00909	0.00641	0.03258	0.00919
20	0.05810	0.02781	0.02339	0.04346	0.02549	0.27651	0.01573	0.30214	0.02822	0.03456	0.01550	0.01729	0.01192	0.00948	0.00940	0.00242	0.07500	0.00637	0.00590	0.01129
21	0.01216	0.00902	0.01259	0.01237	0.01342	0.01042	0.00924	0.01437	0.01288	0.01864	0.02212	0.03576	0.02181	0.20430	0.46940	0.01083	0.05947	0.00925	0.03511	0.00683
22	0.32004	0.14223	0.21092	0.01663	0.02415	0.02085	0.05446	0.05377	0.01702	0.03034	0.03466	0.01672	0.01222	0.00785	0.00641	0.00241	0.00883	0.00565	0.00452	0.01032
23	0.02415	0.34897	0.09178	0.01719	0.02357	0.19570	0.01586	0.10368	0.03924	0.02435	0.01394	0.01580	0.01161	0.00977	0.03057	0.00242	0.01094	0.00539	0.00440	0.01068
24	0.01056	0.00831	0.00956	0.00938	0.01173	0.00731	0.00713	0.01344	0.02039	0.02652	0.32429	0.07135	0.38464	0.01897	0.00966	0.00271	0.00415	0.04456	0.00812	0.00722
25	0.01570	0.01732	0.13444	0.01567	0.02019	0.01318	0.03475	0.12908	0.02127	0.02854	0.06358	0.22196	0.12066	0.01722	0.00944	0.00295	0.00743	0.11054	0.00682	0.00925
26	0.02091	0.08124	0.02004	0.01485	0.01969	0.01864	0.01198	0.19734	0.20662	0.03545	0.11192	0.07022	0.02786	0.01138	0.00791	0.00239	0.00671	0.00932	0.04125	0.08428
27	0.01040	0.00773	0.01037	0.01186	0.01234	0.00770	0.00814	0.01190	0.01557	0.02100	0.06111	0.64932	0.05181	0.02450	0.01129	0.00329	0.04570	0.02187	0.00734	0.00676
28	0.00989	0.00706	0.00942	0.01130	0.01177	0.00659	0.00753	0.01130	0.01554	0.02071	0.04472	0.70954	0.05367	0.02542	0.01036	0.00330	0.00471	0.02307	0.00753	0.00659
29	0.22689	0.01958	0.05848	0.07981	0.05812	0.07704	0.01434	0.05623	0.15791	0.11984	0.02059	0.02128	0.01511	0.00892	0.00713	0.00252	0.00812	0.00678	0.03027	0.01104
30	0.02176	0.41793	0.09991	0.08125	0.08290	0.02573	0.01704	0.02664	0.05113	0.08433	0.01542	0.01719	0.01236	0.00767	0.00643	0.00210	0.00900	0.00566	0.00442	0.01112
31	0.01243	0.00778	0.01020	0.01132	0.01240	0.00716	0.00774	0.01395	0.01618	0.08055	0.04421	0.58308	0.07654	0.06056	0.01177	0.00344	0.00505	0.02082	0.00763	0.00718
32	0.09022	0.30826	0.17972	0.02005	0.08180	0.05046	0.03513	0.06931	0.01832	0.02541	0.01365	0.01623	0.01119	0.00988	0.03686	0.00266	0.01028	0.00557	0.00408	0.01092
33	0.06003	0.02330	0.10599	0.04875	0.21705	0.15010	0.01904	0.04578	0.01930	0.02532	0.02173	0.03201	0.04287	0.01363	0.04803	0.00322	0.01095	0.09769	0.00484	0.01037
34	0.06685	0.01503	0.01687	0.01440	0.01832	0.01621	0.01126	0.20330	0.10260	0.12233	0.02862	0.12769	0.04267	0.07551	0.01200	0.00312	0.04015	0.01049	0.06192	0.01065
35	0.01958	0.04078	0.03988	0.07938	0.02589	0.07539	0.09167	0.04692	0.01734	0.04737	0.01573	0.02018	0.01286	0.00983	0.01316	0.00256	0.21964	0.00695	0.10725	0.10765
36	0.01087	0.00823	0.00980	0.00963	0.01160	0.00743	0.00711	0.01364	0.01995	0.02657	0.35552	0.09123	0.27027	0.08310	0.01261	0.00318	0.00448	0.03972	0.00797	0.00708
37	0.02147	0.01807	0.01907	0.01677	0.02159	0.02078	0.01315	0.11458	0.57601	0.03601	0.03140	0.02898	0.02345	0.01086	0.00824	0.00271	0.00672	0.00895	0.00824	0.01296
38	0.02163	0.01079	0.01409	0.01246	0.01610	0.00963	0.00954	0.02501	0.04002	0.28012	0.12618	0.24808	0.03857	0.01559	0.00882	0.00266	0.00556	0.01361	0.03697	0.06459
39	0.04449	0.03981	0.61141	0.02332	0.03483	0.01892	0.06487	0.02565	0.01713	0.02611	0.01455	0.01727	0.01034	0.00765	0.00772	0.00258	0.01188	0.00615	0.00353	0.01181
40	0.01868	0.02305	0.10013	0.03126	0.03856	0.02103	0.48733	0.02499	0.01795	0.02499	0.01538	0.02084	0.01188	0.00803	0.01199	0.00284	0.11750	0.00888	0.00396	0.01072
41	0.00996	0.00717	0.00944	0.01112	0.01176	0.00666	0.00748	0.01153	0.01605	0.02139	0.07902	0.65004	0.07882	0.02476	0.01028	0.00323	0.00464	0.02239	0.00761	0.00666
42	0.01814	0.03400	0.39541	0.02731	0.03741	0.05489	0.26411	0.02617	0.01823	0.02550	0.01517	0.01885	0.01108	0.00741	0.00841	0.00261	0.01279	0.00735	0.00373	0.01145
43	0.04888	0.06116	0.09537	0.07971	0.02578	0.01991	0.01582	0.08840	0.33922	0.05551	0.02647	0.02913	0.02061	0.01057	0.00805	0.00268	0.00790	0.04610	0.00687	0.01187
44	0.02117	0.01792	0.01890	0.01671	0.02148	0.02064	0.01308	0.09807	0.59300	0.03553	0.03177	0.02928	0.02375	0.01089	0.00824	0.00272	0.00665	0.00900	0.00824	0.01293
45	0.19791	0.53155	0.05643	0.01344	0.02010	0.02839	0.01322	0.02424	0.01588	0.02338	0.01139	0.01319	0.01003	0.00711	0.00525	0.00195	0.00822	0.00441	0.00383	0.01008
46	0.00989	0.00809	0.00873	0.00887	0.01122	0.00693	0.00654	0.01211	0.01875	0.02324	0.15731	0.15314	0.50581	0.02060	0.00968	0.00278	0.00414	0.01752	0.00773	0.00693
47	0.08920	0.01356	0.07231	0.01284	0.01714	0.01090	0.01124	0.02376	0.02142	0.20653	0.33381	0.04512	0.04713	0.01351	0.00869	0.00261	0.00584	0.04626	0.00830	0.00982
48	0.05082	0.01843	0.02948	0.06554	0.47521	0.01853	0.04329	0.02595	0.07436	0.02734	0.01661	0.02053	0.01357	0.00749	0.00780	0.00236	0.00906	0.00714	0.00450	0.08200
49	0.01291	0.01028	0.01189	0.01119	0.01335	0.03883	0.00839	0.01797	0.06846	0.03165	0.56325	0.07936	0.06900	0.01612	0.00940	0.00257	0.00453	0.01415	0.00862	0.00808
50	0.01009	0.00728	0.00955	0.01101	0.01178	0.00675	0.00749	0.01185	0.01667	0.02236	0.12908	0.59398	0.08402	0.02402	0.01022	0.00317	0.00456	0.02167	0.00772	0.00675
51	0.01312	0.01111	0.01417	0.01389	0.01520	0.05072	0.01066	0.01558	0.01373	0.01896	0.02242	0.09113	0.02228	0.08517	0.48796	0.01037	0.08180	0.00979	0.00458	0.00734
52	0.15351	0.01568	0.02502	0.38440	0.11257	0.01788	0.09170	0.02188	0.01635	0.02484	0.01580	0.05665	0.01314	0.00868	0.00783	0.00267	0.00987	0.00783	0.00418	0.00950
53	0.01277	0.00837	0.01091	0.01155	0.01293	0.00796	0.00821	0.01464	0.01710	0.08186	0.09893	0.48855	0.12178	0.02221	0.01067	0.00311	0.03365	0.01961	0.00772	0.00747
54	0.01026	0.00713	0.00935	0.01103	0.01164	0.00668	0.00742	0.01189	0.01586	0.02168	0.06322	0.64717	0.05238	0.02416	0.01004	0.00319	0.00462	0.02185	0.05374	0.00668
55	0.01860	0.01776	0.03025	0.25144	0.47420	0.01889	0.02416	0.02360	0.01777	0.02470	0.01500	0.02057	0.01222	0.00751	0.00806	0.00250	0.01001	0.00722	0.00389	0.01165
56	0.02479	0.02046	0.02069	0.01735	0.02251	0.06078	0.01375	0.28299	0.33865	0.03939	0.02601	0.02586	0.01965	0.03808	0.00945	0.00279	0.00798	0.00828	0.00783	0.01272
57	0.01653	0.00892	0.00906	0.00855	0.01085	0.00913	0.00654	0.07406	0.01890	0.03211	0.02585	0.02929	0.02017	0.00948	0.00589	0.00194	0.00424	0.00754	0.69282	0.00812
58	0.02104	0.02002	0.08039	0.03991	0.05595	0.01728	0.05272	0.18965	0.06587	0.03335	0.01723	0.01910	0.01323	0.00769	0.00727	0.00196	0.00816	0.00637	0.00569	0.33711
59	0.06729	0.32263	0.07468	0.01428	0.01989	0.05340	0.01339	0.02459	0.01877	0.10695	0.15334	0.02568	0.02574	0.00987	0.00768	0.00221	0.03650	0.00733	0.00561	0.01016
60	0.04641	0.07412	0.02258	0.01703	0.02189	0.06436	0.06161	0.12472	0.14165	0.15291	0.05098	0.11253	0.02379	0.01187	0.00892	0.00261	0.03364	0.00984	0.00724	0.01131

[dist]
# distance from previous block
# <min> <max>
0	1

[block]
# block no. 1 follows, 23 sequences, length 27
# corresponding to MSA columns:
# 109-135
name=unknown_B
#
# <colnr> <probs for GDERKNQSTAVLIFYWHMCP>
#	G	D	E	R	K	N	Q	S	T	A	V	L	I	F	Y	W	H	M	C	P
0	0.07161	0.08119	0.05365	0.01743	0.02347	0.08568	0.01481	0.35924	0.06334	0.08104	0.02033	0.05618	0.01588	0.01008	0.00773	0.00242	0.00895	0.00763	0.00705	0.01228
1	0.01372	0.00877	0.01139	0.01070	0.01299	0.00798	0.00811	0.01715	0.02194	0.09346	0.48768	0.11141	0.11192	0.01711	0.00954	0.00266	0.00433	0.03223	0.00878	0.00811
2	0.01786	0.01720	0.02982	0.34346	0.35309	0.01878	0.05677	0.02306	0.01749	0.02385	0.01494	0.02089	0.01189	0.00761	0.00815	0.00256	0.01039	0.00735	0.00383	0.01100
3	0.01961	0.02083	0.08277	0.06477	0.51290	0.01933	0.04165	0.02666	0.08060	0.02698	0.01697	0.02095	0.01374	0.00766	0.00808	0.00248	0.00966	0.00739	0.00438	0.01260
4	0.05980	0.01735	0.02088	0.06275	0.15402	0.05666	0.01539	0.03278	0.25548	0.11944	0.02894	0.03156	0.05321	0.01075	0.00821	0.00265	0.00783	0.04371	0.00688	0.01172
5	0.06845	0.01166	0.01486	0.01272	0.01680	0.01085	0.00999	0.02813	0.05830	0.32685	0.20761	0.13115	0.04011	0.01392	0.00868	0.00265	0.00568	0.01189	0.00898	0.01073
6	0.01939	0.01858	0.03169	0.14329	0.57611	0.01910	0.02456	0.02430	0.01815	0.02567	0.01514	0.02031	0.01256	0.00736	0.00804	0.00245	0.00981	0.00723	0.00396	0.01230
7	0.26205	0.01838	0.04919	0.01523	0.02068	0.01898	0.04625	0.23410	0.06129	0.03926	0.05255	0.02168	0.01684	0.00919	0.00698	0.00244	0.00743	0.00698	0.09971	0.01080
8	0.00995	0.00727	0.00936	0.01087	0.01169	0.00668	0.00738	0.01158	0.01633	0.02156	0.08564	0.59641	0.12680	0.02432	0.01022	0.00319	0.00458	0.02187	0.00762	0.00668
9	0.01012	0.00716	0.00935	0.01100	0.01141	0.00675	0.00721	0.01136	0.01507	0.02010	0.04235	0.62836	0.05068	0.11068	0.01418	0.00386	0.00510	0.02167	0.00721	0.00638
10	0.03033	0.02071	0.02276	0.01776	0.02398	0.02253	0.01457	0.47144	0.11363	0.14233	0.02309	0.02208	0.01614	0.00995	0.00814	0.00249	0.00830	0.00767	0.00843	0.01368
11	0.01891	0.01901	0.05338	0.19025	0.50903	0.01899	0.02456	0.02402	0.01794	0.02522	0.01505	0.02032	0.01232	0.00744	0.00804	0.00248	0.00998	0.00718	0.00391	0.01198
12	0.01409	0.00705	0.01057	0.01057	0.01057	0.00705	0.00705	0.01057	0.01057	0.01409	0.01409	0.02467	0.01409	0.02819	0.03171	0.76392	0.00705	0.00705	0.00352	0.00352
13	0.01924	0.01842	0.03141	0.16399	0.55661	0.01906	0.02448	0.02416	0.01808	0.02549	0.01511	0.02036	0.01249	0.00739	0.00805	0.00246	0.00985	0.00723	0.00394	0.01217
14	0.05305	0.01641	0.02626	0.37849	0.24763	0.01896	0.02187	0.02331	0.04921	0.02396	0.01528	0.02094	0.01209	0.00831	0.00905	0.00265	0.05087	0.00718	0.00404	0.01044
15	0.05954	0.01619	0.07659	0.07500	0.02830	0.01415	0.22971	0.01932	0.01702	0.02405	0.02798	0.28945	0.02940	0.01495	0.00942	0.00297	0.00912	0.04237	0.00555	0.00890
16	0.01387	0.01085	0.01512	0.01425	0.01585	0.01297	0.01119	0.06469	0.01491	0.02133	0.02044	0.03035	0.01912	0.08635	0.51629	0.01079	0.10066	0.00856	0.00458	0.00784
17	0.26764	0.02110	0.02068	0.01973	0.09612	0.08390	0.01418	0.25832	0.08076	0.03904	0.01690	0.01802	0.01273	0.00872	0.00705	0.00245	0.00847	0.00633	0.00628	0.01157
18	0.02127	0.06315	0.09745	0.07089	0.18950	0.07665	0.01873	0.15622	0.02202	0.02960	0.01880	0.08728	0.01660	0.01026	0.00892	0.00251	0.04735	0.00834	0.04331	0.01116
19	0.15807	0.07900	0.14985	0.01643	0.02272	0.05007	0.01567	0.14824	0.02040	0.03107	0.01664	0.05847	0.01418	0.01273	0.05191	0.00307	0.04690	0.00692	0.00518	0.09250
20	0.13737	0.01663	0.05586	0.09837	0.06295	0.01739	0.04439	0.05545	0.04925	0.10242	0.04615	0.02294	0.01633	0.01425	0.04978	0.06451	0.12334	0.00742	0.00536	0.00984
21	0.11467	0.05902	0.06139	0.11555	0.07047	0.01875	0.05382	0.06318	0.04984	0.05788	0.05119	0.06261	0.01849	0.01062	0.01056	0.00269	0.11523	0.00823	0.04578	0.01005
22	0.20394	0.01452	0.03583	0.01721	0.08607	0.01555	0.01240	0.02145	0.05294	0.05684	0.06240	0.06347	0.08500	0.01350	0.01264	0.06356	0.12534	0.00889	0.03950	0.00895
23	0.10057	0.01647	0.01866	0.01984	0.12760	0.06887	0.01312	0.12556	0.05162	0.06775	0.23062	0.06558	0.03621	0.01203	0.00830	0.00251	0.00713	0.01011	0.00712	0.01034
24	0.02304	0.09049	0.02747	0.03050	0.30434	0.01948	0.01805	0.13573	0.05393	0.10644	0.02164	0.09423	0.01859	0.01012	0.00803	0.00247	0.00840	0.00884	0.00600	0.01221
25	0.09873	0.02144	0.12218	0.05064	0.08719	0.11052	0.01583	0.04121	0.04756	0.02627	0.02133	0.02477	0.05248	0.01561	0.08833	0.00370	0.04542	0.00734	0.10977	0.00968
26	0.06500	0.06309	0.02709	0.02615	0.15695	0.12333	0.06615	0.05956	0.08924	0.06967	0.01935	0.02296	0.01572	0.01119	0.01163	0.03712	0.08832	0.00762	0.02814	0.01172

[dist]
# distance from previous block
# <min> <max>
22	357

[block]
# block no. 2 follows, 23 sequences, length 29
# corresponding to MSA columns:
# 503-531
name=unknown_C
#
# <colnr> <probs for GDERKNQSTAVLIFYWHMCP>
#	G	D	E	R	K	N	Q	S	T	A	V	L	I	F	Y	W	H	M	C	P
0	0.01751	0.02196	0.15456	0.01776	0.04859	0.07127	0.03243	0.02676	0.17185	0.02715	0.07638	0.04929	0.07179	0.03471	0.00910	0.00254	0.00815	0.00887	0.00587	0.14346
1	0.04087	0.01820	0.04542	0.01807	0.02399	0.05514	0.13244	0.12180	0.02135	0.07962	0.02148	0.10864	0.01867	0.01004	0.00785	0.00225	0.00845	0.00897	0.05556	0.20118
2	0.01952	0.01953	0.12564	0.01679	0.02228	0.01643	0.03681	0.11543	0.12246	0.08080	0.12118	0.06790	0.05338	0.01191	0.00985	0.00258	0.06383	0.00969	0.00678	0.07719
3	0.04694	0.01614	0.04096	0.10878	0.08062	0.01667	0.01416	0.16409	0.11369	0.05550	0.02787	0.04801	0.07401	0.01068	0.00775	0.00248	0.00734	0.00879	0.14479	0.01074
4	0.02245	0.01527	0.01983	0.05230	0.10289	0.01614	0.01403	0.14423	0.12854	0.15040	0.08067	0.06966	0.02525	0.01799	0.09874	0.00399	0.00933	0.00954	0.00729	0.01144
5	0.02791	0.06086	0.02532	0.01865	0.02461	0.08677	0.04663	0.36218	0.02945	0.09162	0.01813	0.01908	0.01334	0.00930	0.00909	0.00235	0.05882	0.00688	0.00680	0.08222
6	0.02485	0.01841	0.05254	0.02012	0.10754	0.01762	0.01471	0.21165	0.10186	0.14343	0.02261	0.02383	0.01678	0.03387	0.00885	0.00250	0.00776	0.00749	0.06364	0.09992
7	0.02583	0.29331	0.02947	0.01596	0.02177	0.10190	0.01374	0.22898	0.02464	0.07637	0.01762	0.04336	0.01483	0.04801	0.00881	0.00246	0.00914	0.00678	0.00579	0.01123
8	0.01994	0.11058	0.06784	0.01640	0.05285	0.01802	0.01322	0.21886	0.02329	0.03112	0.02775	0.13092	0.08168	0.08022	0.01121	0.00294	0.00773	0.01036	0.00624	0.06884
9	0.02163	0.18852	0.02501	0.01626	0.04445	0.02116	0.01316	0.19729	0.11056	0.03200	0.02410	0.06330	0.05119	0.01056	0.00744	0.00224	0.00757	0.03413	0.00627	0.12315
10	0.06647	0.01687	0.01828	0.01430	0.02015	0.04251	0.01155	0.18710	0.05063	0.16293	0.04738	0.02280	0.01774	0.00889	0.00721	0.00207	0.00707	0.00693	0.06549	0.22362
11	0.01218	0.00826	0.01077	0.01121	0.01269	0.00777	0.00799	0.01542	0.04228	0.05729	0.28619	0.39561	0.06000	0.02066	0.00986	0.00294	0.00453	0.01852	0.00823	0.00759
12	0.01532	0.01442	0.02434	0.69533	0.05589	0.01803	0.02253	0.02073	0.01622	0.02073	0.01442	0.02163	0.01082	0.00811	0.00811	0.00270	0.01082	0.00721	0.00361	0.00901
13	0.02688	0.01940	0.02151	0.04732	0.02452	0.02151	0.01439	0.32337	0.26016	0.11412	0.02567	0.02447	0.01842	0.01017	0.00817	0.00257	0.00786	0.00809	0.00819	0.01324
14	0.01965	0.01909	0.03334	0.09867	0.57253	0.01927	0.06844	0.02466	0.01835	0.02602	0.01528	0.02033	0.01266	0.00727	0.00815	0.00246	0.01002	0.00740	0.00399	0.01242
15	0.01513	0.00756	0.00756	0.00756	0.00945	0.00756	0.00567	0.01891	0.01702	0.03025	0.02647	0.03025	0.02080	0.00945	0.00567	0.00189	0.00378	0.00756	0.75988	0.00756
16	0.01593	0.01151	0.01358	0.01204	0.01515	0.01155	0.00932	0.10245	0.09717	0.06083	0.41342	0.05207	0.12217	0.01517	0.00917	0.00258	0.00497	0.01304	0.00864	0.00925
17	0.01770	0.02529	0.19739	0.12848	0.04007	0.02025	0.31871	0.02436	0.01741	0.02436	0.01497	0.02017	0.01138	0.00813	0.01094	0.00279	0.09513	0.00803	0.00379	0.01067
18	0.00989	0.00706	0.00942	0.01130	0.01177	0.00659	0.00753	0.01130	0.01554	0.02071	0.04472	0.70954	0.05367	0.02542	0.01036	0.00330	0.00471	0.02307	0.00753	0.00659
19	0.00982	0.00731	0.00915	0.01063	0.01159	0.00665	0.00723	0.01137	0.01618	0.02098	0.05290	0.57168	0.18624	0.02436	0.01019	0.00317	0.00458	0.02177	0.00753	0.00665
20	0.01078	0.00807	0.01032	0.01132	0.01185	0.00816	0.00767	0.01201	0.01485	0.01980	0.04166	0.48878	0.09362	0.15211	0.01720	0.00412	0.05510	0.01937	0.00676	0.00646
21	0.12016	0.04580	0.03103	0.02251	0.02929	0.01958	0.25656	0.12078	0.07903	0.16258	0.02070	0.02201	0.01472	0.00839	0.00821	0.00258	0.00981	0.00806	0.00638	0.01183
22	0.03641	0.01381	0.01883	0.01444	0.02071	0.01193	0.01193	0.03954	0.02322	0.66984	0.03201	0.02762	0.02009	0.01004	0.00816	0.00251	0.00690	0.00816	0.01004	0.01381
23	0.00987	0.00713	0.00934	0.01111	0.01172	0.00661	0.00745	0.01132	0.01571	0.02079	0.04697	0.67161	0.09015	0.02513	0.01031	0.00326	0.00467	0.02271	0.00753	0.00661
24	0.06151	0.06655	0.01945	0.05829	0.02073	0.04594	0.01270	0.15304	0.07640	0.03061	0.02557	0.05971	0.07382	0.01175	0.01050	0.00257	0.11796	0.00865	0.13436	0.00989
25	0.01719	0.01527	0.01965	0.01585	0.04517	0.01353	0.04639	0.02273	0.08042	0.02639	0.01747	0.04889	0.01506	0.00809	0.00830	0.00176	0.06030	0.00658	0.00511	0.52584
26	0.02047	0.12183	0.34120	0.02137	0.03045	0.11406	0.07574	0.07798	0.01981	0.02628	0.01443	0.01685	0.01093	0.00767	0.00740	0.00229	0.01137	0.00601	0.00410	0.06975
27	0.05796	0.01876	0.07484	0.02070	0.06159	0.01636	0.14211	0.06313	0.12127	0.05517	0.02139	0.08063	0.01793	0.00934	0.00790	0.00232	0.00844	0.00858	0.00573	0.20585
28	0.02016	0.01624	0.02149	0.01862	0.07405	0.01527	0.06501	0.11702	0.09275	0.06449	0.07002	0.02760	0.02119	0.00926	0.00773	0.00211	0.00740	0.04139	0.00631	0.30189

[dist]
# distance from previous block
# <min> <max>
3	11

[block]
# block no. 3 follows, 23 sequences, length 131
# corresponding to MSA columns:
# 543-673
name=unknown_D
#
# <colnr> <probs for GDERKNQSTAVLIFYWHMCP>
#	G	D	E	R	K	N	Q	S	T	A	V	L	I	F	Y	W	H	M	C	P
0	0.02490	0.01275	0.01661	0.01518	0.04528	0.01237	0.01132	0.05776	0.06969	0.32007	0.03431	0.18143	0.05247	0.01398	0.00934	0.00271	0.03632	0.01176	0.06058	0.01115
1	0.02600	0.01719	0.04696	0.13369	0.09234	0.04328	0.05882	0.07849	0.02184	0.28668	0.05427	0.06238	0.02050	0.01018	0.00837	0.00257	0.00871	0.00885	0.00712	0.01178
2	0.01996	0.13172	0.20881	0.02414	0.09631	0.01966	0.14026	0.02730	0.06947	0.09023	0.07581	0.02376	0.01908	0.00867	0.00798	0.00246	0.00988	0.00783	0.00517	0.01149
3	0.01012	0.00729	0.00962	0.01125	0.01198	0.00679	0.00772	0.01183	0.01630	0.02173	0.08880	0.61260	0.07956	0.02448	0.01031	0.00324	0.00474	0.04728	0.00763	0.00671
4	0.03553	0.01401	0.01880	0.01455	0.02073	0.01237	0.01198	0.03974	0.05714	0.63540	0.03207	0.02776	0.02034	0.01010	0.00817	0.00252	0.00688	0.00821	0.00995	0.01376
5	0.11991	0.02379	0.24360	0.06509	0.02709	0.01726	0.06806	0.02356	0.01635	0.05396	0.01669	0.02029	0.01273	0.00899	0.00982	0.00259	0.10655	0.00669	0.14689	0.01007
6	0.07461	0.26909	0.07567	0.01491	0.02103	0.08627	0.01374	0.05060	0.02025	0.18077	0.09817	0.02322	0.02104	0.00924	0.00696	0.00220	0.00833	0.00688	0.00608	0.01093
7	0.00959	0.00822	0.00822	0.00822	0.01096	0.00685	0.00617	0.01165	0.01850	0.02192	0.08220	0.07809	0.66092	0.02055	0.00959	0.00274	0.00411	0.01713	0.00754	0.00685
8	0.01627	0.04197	0.67279	0.02313	0.03512	0.01884	0.02998	0.02570	0.01713	0.02570	0.01456	0.01713	0.01028	0.00771	0.00771	0.00257	0.01199	0.00600	0.00343	0.01199
9	0.01764	0.02511	0.21171	0.14981	0.11287	0.05400	0.13236	0.02541	0.07195	0.02529	0.04124	0.06062	0.01712	0.00920	0.00840	0.00263	0.01076	0.00851	0.00453	0.01084
10	0.01772	0.01781	0.02582	0.04645	0.02347	0.02442	0.04427	0.01985	0.01285	0.01985	0.01104	0.01807	0.01073	0.01367	0.02523	0.00348	0.64553	0.00721	0.00358	0.00897
11	0.01013	0.00824	0.00897	0.00879	0.01129	0.00708	0.00659	0.01269	0.01977	0.02494	0.24662	0.07312	0.49461	0.01942	0.00958	0.00269	0.00403	0.01643	0.00793	0.00708
12	0.01642	0.04483	0.02181	0.01810	0.01847	0.02103	0.01466	0.01794	0.01251	0.01873	0.01421	0.02526	0.01486	0.15397	0.06414	0.00484	0.49832	0.00799	0.00386	0.00808
13	0.02541	0.07295	0.17302	0.04410	0.04894	0.01616	0.04184	0.02954	0.02092	0.25698	0.05691	0.03114	0.06489	0.01130	0.00873	0.00284	0.00886	0.00884	0.06413	0.01249
14	0.01004	0.00715	0.00945	0.01114	0.01165	0.00669	0.00741	0.01148	0.01566	0.02096	0.06874	0.65217	0.05345	0.05769	0.01179	0.00348	0.00482	0.02219	0.00747	0.00655
15	0.01782	0.01795	0.02594	0.02191	0.02230	0.02465	0.04695	0.01983	0.01275	0.01983	0.01092	0.01795	0.01073	0.01385	0.02582	0.00351	0.66750	0.00722	0.00358	0.00897
16	0.27597	0.01832	0.02106	0.07541	0.20951	0.06049	0.01564	0.07168	0.06317	0.03157	0.01576	0.01855	0.01243	0.00799	0.00681	0.00240	0.00821	0.00621	0.04075	0.03807
17	0.05933	0.01964	0.02783	0.11877	0.07576	0.04912	0.14442	0.16982	0.06987	0.10146	0.01900	0.02133	0.01393	0.00869	0.00877	0.00254	0.03270	0.00765	0.00597	0.04342
18	0.03001	0.03555	0.02357	0.02165	0.04894	0.55864	0.01598	0.12313	0.02511	0.02481	0.01369	0.01557	0.01105	0.00853	0.00746	0.00215	0.01359	0.00561	0.00477	0.01020
19	0.07456	0.05278	0.14217	0.07513	0.03579	0.01939	0.33316	0.02407	0.01770	0.02561	0.01862	0.02273	0.04657	0.00812	0.00912	0.00261	0.03719	0.00831	0.00419	0.04217
20	0.01499	0.01146	0.01687	0.09639	0.02151	0.01162	0.05783	0.01927	0.04680	0.07462	0.22096	0.19354	0.07012	0.01557	0.01018	0.00275	0.04521	0.01372	0.00707	0.04954
21	0.01969	0.01888	0.03223	0.10290	0.61418	0.01918	0.02471	0.02456	0.01829	0.02603	0.01519	0.02021	0.01269	0.00730	0.00804	0.00243	0.00974	0.00723	0.00398	0.01254
22	0.01159	0.00869	0.01304	0.01304	0.01449	0.01014	0.01014	0.01449	0.01304	0.01884	0.02173	0.03188	0.02029	0.06086	0.68268	0.01304	0.02173	0.00869	0.00435	0.00724
23	0.02008	0.01928	0.03294	0.04981	0.66422	0.01928	0.02490	0.02490	0.01848	0.02651	0.01526	0.02008	0.01285	0.00723	0.00803	0.00241	0.00964	0.00723	0.00402	0.01285
24	0.02989	0.01853	0.01972	0.01590	0.02135	0.07937	0.01273	0.20779	0.09528	0.29608	0.02855	0.02802	0.04678	0.04996	0.01000	0.00279	0.00809	0.00835	0.00834	0.01248
25	0.01527	0.00814	0.00853	0.00833	0.01012	0.00853	0.00635	0.01894	0.01676	0.02965	0.02558	0.02955	0.02023	0.00972	0.00685	0.00198	0.04289	0.00754	0.71739	0.00764
26	0.01086	0.00827	0.01001	0.00979	0.01192	0.00742	0.00739	0.01400	0.02101	0.02819	0.41703	0.09138	0.27046	0.01849	0.00968	0.00269	0.00411	0.04161	0.00835	0.00734
27	0.01532	0.01442	0.02434	0.69533	0.05589	0.01803	0.02253	0.02073	0.01622	0.02073	0.01442	0.02163	0.01082	0.00811	0.00811	0.00270	0.01082	0.00721	0.00361	0.00901
28	0.02966	0.02159	0.02309	0.01783	0.02398	0.02384	0.01469	0.59059	0.03656	0.04957	0.02001	0.02029	0.01433	0.00972	0.00793	0.00239	0.00854	0.00732	0.06475	0.01333
29	0.01969	0.01888	0.03223	0.10266	0.61441	0.01918	0.02471	0.02456	0.01829	0.02604	0.01519	0.02021	0.01269	0.00730	0.00804	0.00243	0.00974	0.00723	0.00398	0.01254
30	0.01138	0.00829	0.01070	0.01010	0.01206	0.00761	0.00758	0.01511	0.02273	0.03196	0.62865	0.06156	0.10821	0.01680	0.00957	0.00256	0.00384	0.01481	0.00886	0.00761
31	0.03346	0.01482	0.01906	0.01492	0.02080	0.01378	0.01219	0.13948	0.02519	0.51527	0.03083	0.07760	0.02154	0.01115	0.00832	0.00256	0.00708	0.00914	0.00952	0.01326
32	0.03031	0.03867	0.02299	0.02090	0.02508	0.68226	0.01568	0.03240	0.02299	0.01986	0.01254	0.01463	0.01045	0.00836	0.00732	0.00209	0.01463	0.00523	0.00418	0.00941
33	0.00994	0.00711	0.00947	0.01126	0.01178	0.00663	0.00754	0.01144	0.01581	0.02115	0.06718	0.68585	0.05450	0.02510	0.01033	0.00327	0.00468	0.02276	0.00758	0.00663
34	0.01685	0.01598	0.02709	0.48858	0.25072	0.01843	0.02329	0.02207	0.01695	0.02258	0.01469	0.02114	0.01147	0.00783	0.00809	0.00261	0.01044	0.00722	0.00374	0.01024
35	0.03031	0.03867	0.02299	0.02090	0.02508	0.68226	0.01568	0.03240	0.02299	0.01986	0.01254	0.01463	0.01045	0.00836	0.00732	0.00209	0.01463	0.00523	0.00418	0.00941
36	0.01754	0.01440	0.01690	0.01211	0.01928	0.01086	0.00970	0.02113	0.01706	0.04980	0.01506	0.01722	0.01231	0.00616	0.00609	0.00125	0.00604	0.00493	0.00500	0.73719
37	0.02049	0.02019	0.03207	0.07151	0.60632	0.05648	0.02430	0.02517	0.01865	0.02593	0.01508	0.01983	0.01264	0.00733	0.00800	0.00240	0.00996	0.00712	0.00401	0.01252
38	0.02879	0.03050	0.02325	0.01992	0.02454	0.37618	0.01556	0.22415	0.07040	0.03074	0.01602	0.01750	0.01252	0.00944	0.00915	0.00236	0.06601	0.00631	0.00566	0.01100
39	0.28478	0.01584	0.01625	0.01413	0.04543	0.01596	0.01073	0.11039	0.05160	0.03344	0.01921	0.04849	0.04128	0.00883	0.00650	0.00212	0.00656	0.00664	0.00573	0.25608
40	0.01805	0.07063	0.02618	0.02074	0.02127	0.02540	0.01746	0.01989	0.01273	0.01949	0.01070	0.01740	0.01063	0.01366	0.02502	0.00341	0.64791	0.00689	0.00354	0.00899
41	0.01018	0.00706	0.00950	0.01125	0.01169	0.00662	0.00750	0.01125	0.01519	0.02025	0.04260	0.66207	0.05092	0.02561	0.01184	0.05601	0.00487	0.02196	0.00725	0.00638
42	0.01514	0.01375	0.02289	0.53813	0.04712	0.01666	0.04603	0.02006	0.01624	0.02168	0.01763	0.07403	0.01490	0.00967	0.00876	0.00271	0.03272	0.00853	0.06455	0.00879
43	0.01841	0.02160	0.07756	0.10897	0.04239	0.01968	0.50878	0.02511	0.01863	0.02552	0.01645	0.02190	0.01233	0.00713	0.00917	0.00269	0.01290	0.00904	0.03109	0.01066
44	0.59247	0.02174	0.12484	0.01349	0.01964	0.06433	0.01286	0.02476	0.01501	0.03344	0.01194	0.01395	0.00916	0.00762	0.00564	0.00249	0.00783	0.00472	0.00469	0.00937
45	0.00994	0.00711	0.00947	0.01126	0.01178	0.00663	0.00754	0.01144	0.01580	0.02114	0.06696	0.68608	0.05449	0.02510	0.01033	0.00327	0.00468	0.02276	0.00758	0.00663
46	0.00983	0.00726	0.00921	0.01076	0.01163	0.00664	0.00729	0.01136	0.01605	0.02092	0.05128	0.59911	0.15987	0.02457	0.01022	0.00320	0.00460	0.02203	0.00753	0.00664
47	0.14114	0.02147	0.02072	0.04128	0.02351	0.08596	0.01387	0.35820	0.10587	0.04158	0.01940	0.02001	0.01431	0.00935	0.00746	0.00243	0.00857	0.00690	0.04597	0.01200
48	0.73934	0.01600	0.01248	0.01102	0.01611	0.01851	0.00908	0.05099	0.01489	0.03706	0.01166	0.01346	0.00901	0.00763	0.00516	0.00251	0.00639	0.00452	0.00516	0.00901
49	0.02613	0.02345	0.10848	0.02068	0.02755	0.02203	0.09448	0.33267	0.10550	0.09375	0.02081	0.02142	0.01490	0.00949	0.00907	0.00258	0.03941	0.00772	0.00700	0.01288
50	0.00989	0.00706	0.00942	0.01130	0.01177	0.00659	0.00753	0.01130	0.01554	0.02071	0.04472	0.70954	0.05367	0.02542	0.01036	0.00330	0.00471	0.02307	0.00753	0.00659
51	0.09205	0.01711	0.01900	0.01551	0.02078	0.01810	0.01247	0.27171	0.11241	0.17017	0.04960	0.09652	0.02265	0.01158	0.00810	0.00256	0.00721	0.00935	0.00813	0.03498
52	0.01931	0.01434	0.01708	0.01233	0.01942	0.01096	0.00991	0.02286	0.01764	0.10816	0.01666	0.01820	0.01304	0.00652	0.00628	0.00137	0.00612	0.00523	0.00547	0.66910
53	0.05017	0.10479	0.45458	0.02444	0.07672	0.04693	0.08155	0.02572	0.01744	0.02535	0.01423	0.01709	0.01060	0.00754	0.00752	0.00247	0.01151	0.00614	0.00363	0.01156
54	0.02293	0.03787	0.01666	0.04799	0.01893	0.01193	0.01083	0.04977	0.04819	0.28292	0.30661	0.04111	0.04409	0.01274	0.00867	0.00252	0.00587	0.01085	0.00884	0.01069
55	0.01180	0.00787	0.00885	0.00885	0.00885	0.00787	0.00492	0.01180	0.01180	0.01573	0.02557	0.05310	0.02950	0.71483	0.04130	0.00787	0.00787	0.01180	0.00492	0.00492
56	0.03456	0.01508	0.01941	0.01506	0.02124	0.01402	0.01238	0.10641	0.07207	0.55299	0.03069	0.02691	0.01974	0.01008	0.00816	0.00252	0.00709	0.00814	0.00969	0.01374
57	0.06505	0.01742	0.07192	0.38864	0.06740	0.01764	0.13870	0.02208	0.01718	0.02434	0.05009	0.02322	0.01497	0.00828	0.00814	0.00264	0.01045	0.00782	0.03442	0.00959
58	0.01308	0.00934	0.01308	0.01494	0.01681	0.00934	0.01308	0.01681	0.01868	0.02428	0.04296	0.09153	0.04670	0.02242	0.01121	0.00374	0.00747	0.60960	0.00747	0.00747
59	0.03085	0.02273	0.02435	0.01867	0.02516	0.02516	0.01542	0.63716	0.03815	0.05114	0.01948	0.01948	0.01380	0.00974	0.00812	0.00244	0.00893	0.00731	0.00812	0.01380
60	0.02331	0.01183	0.01527	0.01274	0.01685	0.01101	0.01011	0.05903	0.05779	0.29838	0.33197	0.04313	0.04705	0.01321	0.00884	0.00254	0.00551	0.01129	0.00932	0.01081
61	0.01699	0.06686	0.48720	0.02125	0.03098	0.01760	0.05085	0.02466	0.01749	0.05821	0.01963	0.07499	0.01667	0.01011	0.00813	0.00267	0.01078	0.04930	0.00439	0.01125
62	0.01665	0.08934	0.62874	0.02248	0.03412	0.01977	0.02885	0.02560	0.01709	0.02524	0.01433	0.01684	0.01029	0.00766	0.00753	0.00251	0.01176	0.00588	0.00343	0.01188
63	0.01285	0.00918	0.01282	0.01469	0.01646	0.00915	0.01269	0.01643	0.01846	0.02404	0.04308	0.13436	0.04718	0.02262	0.01115	0.00371	0.00728	0.56895	0.00748	0.00741
64	0.03641	0.01381	0.01883	0.01444	0.02071	0.01193	0.01193	0.03954	0.02322	0.66984	0.03201	0.02762	0.02009	0.01004	0.00816	0.00251	0.00690	0.00816	0.01004	0.01381
65	0.32638	0.02099	0.01864	0.01530	0.02080	0.08877	0.01244	0.30800	0.02611	0.04130	0.01576	0.01686	0.01171	0.00871	0.00671	0.00241	0.00826	0.00594	0.03377	0.01112
66	0.02170	0.10208	0.22868	0.01976	0.07401	0.01688	0.03709	0.02712	0.01845	0.16309	0.01801	0.01921	0.01309	0.00763	0.00718	0.00211	0.00889	0.00617	0.00526	0.20360
67	0.01698	0.10214	0.57971	0.02379	0.06917	0.02007	0.02824	0.02553	0.01715	0.02514	0.01430	0.01692	0.01044	0.00761	0.00750	0.00249	0.01156	0.00592	0.00346	0.01190
68	0.00989	0.00706	0.00942	0.01130	0.01177	0.00659	0.00753	0.01130	0.01554	0.02071	0.04472	0.70954	0.05367	0.02542	0.01036	0.00330	0.00471	0.02307	0.00753	0.00659
69	0.01674	0.01631	0.02896	0.48524	0.17515	0.01858	0.09872	0.02221	0.01703	0.02253	0.01484	0.02136	0.01141	0.00778	0.00828	0.00265	0.01094	0.00751	0.00375	0.01002
70	0.01884	0.02147	0.08677	0.20910	0.04409	0.02010	0.37585	0.07337	0.01973	0.02657	0.01599	0.02127	0.01188	0.00748	0.00893	0.00269	0.01241	0.00849	0.00424	0.01073
71	0.00989	0.00706	0.00942	0.01130	0.01177	0.00659	0.00753	0.01130	0.01554	0.02071	0.04472	0.70954	0.05367	0.02542	0.01036	0.00330	0.00471	0.02307	0.00753	0.00659
72	0.01532	0.01442	0.02434	0.69533	0.05589	0.01803	0.02253	0.02073	0.01622	0.02073	0.01442	0.02163	0.01082	0.00811	0.00811	0.00270	0.01082	0.00721	0.00361	0.00901
73	0.02037	0.03350	0.43638	0.02419	0.05643	0.01865	0.10893	0.06984	0.01969	0.10934	0.01740	0.01938	0.01214	0.00801	0.00806	0.00257	0.01128	0.00689	0.00471	0.01224
74	0.20113	0.02964	0.35781	0.01959	0.02857	0.01811	0.06611	0.02780	0.05269	0.10090	0.01690	0.01844	0.01198	0.00805	0.00728	0.00257	0.00986	0.00629	0.00487	0.01139
75	0.01153	0.00862	0.01257	0.01257	0.01397	0.00986	0.00963	0.01420	0.01318	0.01875	0.02442	0.03516	0.04660	0.10312	0.61264	0.01228	0.02010	0.00924	0.00451	0.00707
76	0.02502	0.01927	0.02047	0.01675	0.02213	0.02145	0.01349	0.36176	0.24925	0.04228	0.02883	0.02774	0.06275	0.01092	0.00817	0.00255	0.00751	0.00865	0.03828	0.01273
77	0.02545	0.02245	0.10177	0.02176	0.09837	0.02113	0.01719	0.36199	0.08273	0.06534	0.02102	0.05339	0.01635	0.01084	0.00917	0.03460	0.00881	0.00807	0.00694	0.01262
78	0.02077	0.01691	0.02863	0.26951	0.03936	0.01796	0.18261	0.11289	0.02110	0.10608	0.02078	0.06380	0.01675	0.00984	0.00877	0.00273	0.01034	0.03499	0.00557	0.01061
79	0.52176	0.01554	0.01457	0.01218	0.01764	0.01679	0.01004	0.06155	0.01782	0.21821	0.01766	0.01765	0.01229	0.00837	0.00609	0.00251	0.00660	0.00563	0.00662	0.01049
80	0.01069	0.00826	0.00975	0.00938	0.01164	0.00732	0.00703	0.01378	0.02110	0.02810	0.41834	0.06792	0.32093	0.01825	0.00958	0.00263	0.00395	0.01570	0.00835	0.00732
81	0.02888	0.02368	0.02418	0.10194	0.02892	0.10541	0.01633	0.48689	0.03359	0.04355	0.01800	0.01915	0.01302	0.00937	0.00802	0.00243	0.00986	0.00704	0.00708	0.01267
82	0.01664	0.03942	0.59342	0.02453	0.03605	0.01906	0.10679	0.02573	0.01739	0.02573	0.01480	0.01774	0.01054	0.00760	0.00795	0.00259	0.01221	0.00645	0.00351	0.01186
83	0.01634	0.01581	0.02455	0.41347	0.04142	0.02088	0.02053	0.02023	0.01464	0.02023	0.01285	0.02001	0.01075	0.01066	0.01586	0.00306	0.29901	0.00717	0.00358	0.00896
84	0.01915	0.02189	0.04788	0.03420	0.04241	0.02052	0.63475	0.02599	0.01915	0.02599	0.01642	0.02189	0.01231	0.00684	0.00958	0.00274	0.01368	0.00958	0.00410	0.01094
85	0.00989	0.00706	0.00942	0.01130	0.01177	0.00659	0.00753	0.01130	0.01554	0.02071	0.04472	0.70954	0.05367	0.02542	0.01036	0.00330	0.00471	0.02307	0.00753	0.00659
86	0.01683	0.01442	0.01683	0.01202	0.01923	0.01082	0.00961	0.02043	0.01683	0.02644	0.01442	0.01683	0.01202	0.00601	0.00601	0.00120	0.00601	0.00481	0.00481	0.76444
87	0.01803	0.02250	0.10634	0.05527	0.03986	0.01921	0.50516	0.02467	0.01857	0.02537	0.01829	0.07321	0.01517	0.00837	0.00940	0.00276	0.01273	0.01015	0.00428	0.01065
88	0.39348	0.01607	0.01715	0.06085	0.02157	0.01737	0.03598	0.05841	0.05236	0.07982	0.01540	0.01729	0.01169	0.00809	0.00712	0.00237	0.03774	0.00569	0.00551	0.13605
89	0.01284	0.00935	0.01150	0.01038	0.01332	0.00808	0.00785	0.01609	0.02063	0.05430	0.38163	0.10624	0.16945	0.01611	0.00903	0.00243	0.00441	0.01399	0.00798	0.12440
90	0.06887	0.03888	0.59104	0.02376	0.06912	0.01882	0.02823	0.02552	0.01698	0.02648	0.01437	0.01702	0.01032	0.00767	0.00754	0.00256	0.01146	0.00595	0.00357	0.01182
91	0.77215	0.01569	0.01193	0.01067	0.01569	0.01820	0.00879	0.02385	0.01381	0.03641	0.01130	0.01318	0.00879	0.00753	0.00502	0.00251	0.00628	0.00439	0.00502	0.00879
92	0.02018	0.01743	0.01835	0.01651	0.02110	0.02018	0.01284	0.04312	0.64956	0.03394	0.03303	0.03027	0.02477	0.01101	0.00826	0.00275	0.00642	0.00917	0.00826	0.01284
93	0.01940	0.01742	0.02729	0.04343	0.05516	0.01575	0.19117	0.05673	0.06971	0.05505	0.01753	0.02025	0.01355	0.00713	0.00757	0.00199	0.00875	0.00698	0.00520	0.35992
94	0.02018	0.01743	0.01835	0.01651	0.02110	0.02018	0.01284	0.04312	0.64956	0.03394	0.03303	0.03027	0.02477	0.01101	0.00826	0.00275	0.00642	0.00917	0.00826	0.01284
95	0.02087	0.07238	0.05688	0.09283	0.03544	0.13690	0.29945	0.02827	0.09609	0.02460	0.01690	0.02066	0.01309	0.00810	0.00926	0.00258	0.04265	0.00794	0.00449	0.01062
96	0.02008	0.01928	0.03294	0.04981	0.66422	0.01928	0.02490	0.02490	0.01848	0.02651	0.01526	0.02008	0.01285	0.00723	0.00803	0.00241	0.00964	0.00723	0.00402	0.01285
97	0.01043	0.00816	0.00945	0.00933	0.01153	0.00717	0.00692	0.01319	0.02017	0.02637	0.32686	0.12310	0.35981	0.01926	0.00965	0.00271	0.00404	0.01657	0.00813	0.00717
98	0.01661	0.01551	0.02499	0.54214	0.09265	0.01923	0.02183	0.04762	0.01689	0.02231	0.01426	0.02098	0.01107	0.00884	0.01028	0.00277	0.09153	0.00720	0.00382	0.00947
99	0.01513	0.00756	0.00756	0.00756	0.00945	0.00756	0.00567	0.01891	0.01702	0.03025	0.02647	0.03025	0.02080	0.00945	0.00567	0.00189	0.00378	0.00756	0.75988	0.00756
100	0.01838	0.01734	0.02924	0.34192	0.33054	0.01904	0.04901	0.05203	0.01841	0.02502	0.01513	0.02084	0.01195	0.00773	0.00814	0.00256	0.01031	0.00732	0.00403	0.01107
101	0.01651	0.01621	0.02622	0.58358	0.09736	0.04624	0.05681	0.02182	0.01684	0.02140	0.01452	0.02124	0.01103	0.00799	0.00816	0.00266	0.01105	0.00726	0.00369	0.00941
102	0.01513	0.00756	0.00756	0.00756	0.00945	0.00756	0.00567	0.01891	0.01702	0.03025	0.02647	0.03025	0.02080	0.00945	0.00567	0.00189	0.00378	0.00756	0.75988	0.00756
103	0.35326	0.10247	0.23158	0.01862	0.05278	0.02018	0.06711	0.02471	0.01580	0.02979	0.01293	0.01543	0.00991	0.00746	0.00640	0.00246	0.00912	0.00544	0.00422	0.01035
104	0.57362	0.01657	0.01498	0.05950	0.02014	0.01894	0.01088	0.11643	0.01808	0.06751	0.01372	0.01540	0.01022	0.00802	0.00585	0.00251	0.00702	0.00520	0.00563	0.00979
105	0.02191	0.01613	0.01800	0.01553	0.01944	0.01752	0.01235	0.31867	0.08009	0.03629	0.02739	0.07066	0.02581	0.15136	0.01533	0.00381	0.00805	0.12383	0.00735	0.01046
106	0.02324	0.54855	0.06637	0.01575	0.02234	0.16629	0.01497	0.02604	0.01786	0.01954	0.01169	0.01353	0.01042	0.00727	0.00575	0.00185	0.01006	0.00460	0.00362	0.01027
107	0.01513	0.00756	0.00756	0.00756	0.00945	0.00756	0.00567	0.01891	0.01702	0.03025	0.02647	0.03025	0.02080	0.00945	0.00567	0.00189	0.00378	0.00756	0.75988	0.00756
108	0.01716	0.01556	0.02369	0.53350	0.04789	0.01916	0.02067	0.06961	0.08861	0.02444	0.01669	0.02224	0.01260	0.00887	0.00909	0.00273	0.04580	0.00743	0.00446	0.00980
109	0.01154	0.00833	0.01093	0.01038	0.01230	0.00772	0.00786	0.01537	0.02281	0.03223	0.63692	0.06177	0.07545	0.01681	0.00963	0.00260	0.00396	0.03687	0.00888	0.00765
110	0.02063	0.01765	0.01860	0.01660	0.02127	0.02039	0.01295	0.06814	0.62380	0.03467	0.03246	0.02982	0.02431	0.01096	0.00825	0.00274	0.00653	0.00910	0.00825	0.01288
111	0.01761	0.01936	0.04110	0.06506	0.03867	0.01838	0.51239	0.02359	0.01848	0.02496	0.02041	0.12133	0.01822	0.00959	0.00961	0.00282	0.01223	0.01141	0.00457	0.01021
112	0.01084	0.00827	0.00996	0.00954	0.01173	0.00738	0.00715	0.01407	0.02146	0.02895	0.46471	0.06652	0.27402	0.01793	0.00958	0.00262	0.00392	0.01550	0.00846	0.00738
113	0.02955	0.02196	0.02366	0.01806	0.02462	0.02384	0.01489	0.58030	0.03618	0.04886	0.01901	0.01924	0.01364	0.00940	0.00792	0.00232	0.00866	0.00708	0.00781	0.08301
114	0.01532	0.01442	0.02434	0.69533	0.05589	0.01803	0.02253	0.02073	0.01622	0.02073	0.01442	0.02163	0.01082	0.00811	0.00811	0.00270	0.01082	0.00721	0.00361	0.00901
115	0.71550	0.01596	0.01351	0.01362	0.06455	0.01828	0.01000	0.02393	0.01416	0.03566	0.01160	0.01370	0.00909	0.00751	0.00525	0.00250	0.00653	0.00461	0.00495	0.00909
116	0.02652	0.01516	0.01798	0.01513	0.02024	0.01564	0.01205	0.03942	0.33030	0.30875	0.08108	0.03147	0.02675	0.01102	0.00832	0.00263	0.00643	0.00916	0.00908	0.01286
117	0.00989	0.00706	0.00942	0.01130	0.01177	0.00659	0.00753	0.01130	0.01554	0.02071	0.04472	0.70954	0.05367	0.02542	0.01036	0.00330	0.00471	0.02307	0.00753	0.00659
118	0.01180	0.00787	0.00885	0.00885	0.00885	0.00787	0.00492	0.01180	0.01180	0.01573	0.02557	0.05310	0.02950	0.71483	0.04130	0.00787	0.00787	0.01180	0.00492	0.00492
119	0.00989	0.00706	0.00942	0.01130	0.01177	0.00659	0.00753	0.01130	0.01554	0.02071	0.04472	0.70954	0.05367	0.02542	0.01036	0.00330	0.00471	0.02307	0.00753	0.00659
120	0.01683	0.01442	0.01683	0.01202	0.01923	0.01082	0.00961	0.02043	0.01683	0.02644	0.01442	0.01683	0.01202	0.00601	0.00601	0.00120	0.00601	0.00481	0.00481	0.76444
121	0.06963	0.01625	0.01938	0.01516	0.02093	0.01619	0.01243	0.23633	0.02771	0.35436	0.10085	0.02804	0.02406	0.01058	0.00815	0.00249	0.00719	0.00845	0.00901	0.01282
