[name]
unknown

[dist]
# distance from previous block
# <min> <max>
4	32

[block]
# block no. 0 follows, 25 sequences, length 77
# corresponding to MSA columns:
# 37-113
name=unknown_A
#
# <colnr> <probs for GDERKNQSTAVLIFYWHMCP>
#	G	D	E	R	K	N	Q	S	T	A	V	L	I	F	Y	W	H	M	C	P
0	0.01786	0.16952	0.45434	0.01910	0.02841	0.01920	0.02299	0.02468	0.01684	0.07628	0.01682	0.02209	0.01338	0.00853	0.00720	0.00239	0.01011	0.05521	0.00410	0.01096
1	0.01837	0.01576	0.01701	0.01517	0.01951	0.01780	0.01182	0.03727	0.56082	0.03071	0.02927	0.02802	0.02235	0.01394	0.06274	0.00330	0.00727	0.00839	0.00733	0.07316
2	0.08155	0.25576	0.02677	0.07059	0.02190	0.02285	0.01394	0.07729	0.01651	0.07324	0.01407	0.01833	0.01210	0.04471	0.03750	0.00302	0.18986	0.00606	0.00443	0.00952
3	0.03294	0.01418	0.01888	0.01464	0.02018	0.01340	0.01211	0.08574	0.02251	0.58022	0.02800	0.02501	0.01799	0.00989	0.00920	0.00247	0.06320	0.00765	0.00895	0.01282
4	0.01258	0.00929	0.01287	0.01243	0.01404	0.01059	0.00952	0.06496	0.01425	0.02014	0.02102	0.03186	0.01991	0.13186	0.56515	0.01107	0.01825	0.00854	0.00451	0.00717
5	0.02100	0.59639	0.03577	0.01312	0.01899	0.02708	0.01254	0.02331	0.01581	0.07156	0.01345	0.01675	0.01216	0.06465	0.00853	0.00223	0.02790	0.00508	0.00393	0.00975
6	0.01594	0.01474	0.02428	0.43483	0.10600	0.01651	0.07328	0.05574	0.01713	0.02287	0.01661	0.07612	0.01417	0.00881	0.00787	0.00247	0.00952	0.00812	0.00416	0.07082
7	0.01457	0.01348	0.02243	0.62431	0.07689	0.01650	0.02029	0.01930	0.01526	0.01967	0.01467	0.02301	0.01185	0.06521	0.01028	0.00297	0.01006	0.00724	0.00356	0.00846
8	0.01594	0.01794	0.06518	0.04768	0.07545	0.01610	0.40283	0.02114	0.01723	0.02346	0.02216	0.19390	0.02143	0.01102	0.00911	0.00272	0.01054	0.01196	0.00468	0.00954
9	0.01586	0.01403	0.02223	0.50231	0.10715	0.01659	0.01937	0.07034	0.01738	0.02308	0.01706	0.07677	0.01444	0.00917	0.00782	0.00255	0.00932	0.00812	0.03732	0.00910
10	0.01437	0.01328	0.02207	0.65293	0.04981	0.01645	0.02019	0.01913	0.01517	0.01943	0.01463	0.02307	0.01176	0.06524	0.01029	0.00298	0.01011	0.00724	0.00355	0.00830
11	0.02653	0.03074	0.01985	0.01776	0.02183	0.53334	0.01343	0.02884	0.02078	0.05215	0.01434	0.01642	0.01161	0.00943	0.02690	0.00224	0.01234	0.00537	0.06555	0.07057
12	0.01781	0.01472	0.02082	0.01866	0.04049	0.01554	0.11483	0.02991	0.30249	0.06524	0.05063	0.04483	0.02867	0.01300	0.00892	0.00287	0.00757	0.18553	0.00704	0.01042
13	0.02655	0.01969	0.02145	0.01670	0.02243	0.02144	0.01365	0.52269	0.06120	0.04353	0.01868	0.01955	0.01378	0.01173	0.03539	0.03554	0.00860	0.00691	0.00718	0.07333
14	0.01429	0.00726	0.00738	0.00735	0.00916	0.00723	0.00551	0.01790	0.01653	0.02901	0.05644	0.03030	0.02243	0.00936	0.00560	0.00184	0.00362	0.00755	0.73402	0.00723
15	0.02109	0.01093	0.01395	0.01192	0.01553	0.01022	0.00929	0.04285	0.07282	0.27867	0.27777	0.07396	0.06559	0.04751	0.00998	0.00272	0.00534	0.01137	0.00857	0.00991
16	0.00945	0.00675	0.00900	0.01080	0.01125	0.00630	0.00720	0.01080	0.01484	0.01979	0.04274	0.72245	0.05128	0.02429	0.00990	0.00315	0.00450	0.02204	0.00720	0.00630
17	0.01086	0.00721	0.00856	0.00922	0.00953	0.00704	0.00568	0.01164	0.01300	0.01791	0.03126	0.29720	0.03605	0.40988	0.02580	0.00544	0.00609	0.01493	0.06720	0.00549
18	0.01015	0.00712	0.00880	0.00977	0.01021	0.00679	0.00624	0.01113	0.01396	0.01856	0.06227	0.42310	0.07309	0.27836	0.02054	0.00468	0.00553	0.01757	0.00634	0.00577
19	0.06886	0.01796	0.01988	0.01587	0.02097	0.01972	0.01293	0.44106	0.02919	0.09294	0.01970	0.02198	0.01495	0.04308	0.12067	0.00417	0.01018	0.00726	0.00704	0.01159
20	0.00959	0.00681	0.00895	0.01061	0.01102	0.00640	0.00700	0.01083	0.01456	0.01941	0.04127	0.66879	0.04944	0.08046	0.01226	0.00350	0.00474	0.02118	0.00700	0.00617
21	0.01156	0.00842	0.01057	0.01153	0.01267	0.00831	0.00802	0.06716	0.03944	0.02315	0.06378	0.61335	0.04787	0.02222	0.00962	0.00303	0.00487	0.01999	0.00732	0.00713
22	0.01608	0.01378	0.01608	0.01148	0.01837	0.01034	0.00919	0.01952	0.01608	0.02527	0.01378	0.01608	0.01148	0.00574	0.00574	0.00115	0.00574	0.00459	0.00459	0.77491
23	0.01128	0.00752	0.00846	0.00846	0.00846	0.00752	0.00470	0.01128	0.01128	0.01503	0.02443	0.05074	0.02819	0.72751	0.03946	0.00752	0.00752	0.01128	0.00470	0.00470
24	0.01119	0.00753	0.00843	0.00843	0.00854	0.00748	0.00475	0.01127	0.01155	0.01529	0.02674	0.05176	0.05579	0.69735	0.03817	0.00731	0.00736	0.01149	0.00480	0.00478
25	0.01461	0.00806	0.01083	0.01141	0.01299	0.00734	0.00805	0.01630	0.01634	0.15529	0.04026	0.58056	0.04474	0.02130	0.00947	0.00300	0.00493	0.01914	0.00769	0.00770
26	0.02852	0.01827	0.02031	0.01579	0.02133	0.01951	0.01290	0.45421	0.03096	0.16995	0.02174	0.02235	0.01555	0.04042	0.00895	0.00252	0.00771	0.00735	0.06931	0.01234
27	0.02472	0.01559	0.01750	0.01441	0.01933	0.01645	0.01158	0.20466	0.21645	0.20057	0.03123	0.02936	0.07532	0.01060	0.00772	0.00241	0.00650	0.00855	0.07520	0.01182
28	0.03057	0.01293	0.01690	0.01346	0.01875	0.01178	0.01105	0.06423	0.04959	0.52562	0.04788	0.02996	0.02179	0.01028	0.00778	0.00241	0.00637	0.03592	0.07048	0.01224
29	0.01447	0.00835	0.01084	0.01075	0.01282	0.00751	0.00784	0.01673	0.01818	0.14615	0.18840	0.36085	0.12875	0.01906	0.00924	0.00278	0.00463	0.01686	0.00795	0.00784
30	0.01108	0.00828	0.01231	0.01231	0.01365	0.00961	0.00951	0.01375	0.01242	0.01789	0.02090	0.03120	0.01971	0.08268	0.67269	0.01228	0.02028	0.00842	0.00417	0.00684
31	0.01103	0.00741	0.00853	0.00877	0.00883	0.00735	0.00503	0.01121	0.01175	0.01567	0.02687	0.14011	0.03126	0.63394	0.03553	0.00694	0.00712	0.01271	0.00503	0.00491
32	0.01196	0.00972	0.01525	0.01424	0.01588	0.01138	0.04657	0.01485	0.01274	0.01844	0.01963	0.02884	0.01821	0.05165	0.60389	0.01117	0.07601	0.00823	0.00408	0.00725
33	0.00978	0.00699	0.00938	0.01118	0.01178	0.00659	0.00778	0.01138	0.01518	0.02017	0.04255	0.65257	0.05055	0.02398	0.00999	0.00320	0.00479	0.08861	0.00719	0.00639
34	0.01305	0.00702	0.01036	0.03627	0.01183	0.00709	0.00730	0.01083	0.01110	0.01502	0.01749	0.10957	0.01822	0.02527	0.02609	0.62397	0.00649	0.00864	0.03035	0.00406
35	0.01493	0.06967	0.01508	0.01218	0.01574	0.01427	0.00953	0.04393	0.28669	0.02622	0.04810	0.11605	0.26720	0.01498	0.00833	0.00259	0.00539	0.01254	0.00719	0.00937
36	0.01608	0.01378	0.01608	0.01148	0.01837	0.01034	0.00919	0.01952	0.01608	0.02527	0.01378	0.01608	0.01148	0.00574	0.00574	0.00115	0.00574	0.00459	0.00459	0.77491
37	0.01927	0.53735	0.22269	0.01575	0.02375	0.02711	0.01760	0.02359	0.01593	0.02002	0.01166	0.01354	0.00991	0.00684	0.00565	0.00188	0.00918	0.00459	0.00330	0.01037
38	0.02614	0.01873	0.02039	0.01599	0.02136	0.02024	0.01287	0.46137	0.07758	0.07920	0.02067	0.02346	0.01597	0.09368	0.01138	0.00290	0.00797	0.00753	0.00733	0.05523
39	0.02496	0.01605	0.01909	0.01559	0.04573	0.01552	0.01210	0.22094	0.06607	0.20137	0.06478	0.02322	0.01890	0.00885	0.00733	0.00206	0.00684	0.00713	0.00729	0.21616
40	0.07121	0.01412	0.01649	0.01234	0.01872	0.01186	0.01002	0.06449	0.01844	0.15322	0.01793	0.02013	0.01386	0.00728	0.00635	0.00162	0.00615	0.02411	0.00585	0.50581
41	0.02947	0.02172	0.02327	0.01784	0.02404	0.02404	0.01474	0.65329	0.03646	0.04887	0.01862	0.01862	0.01319	0.00931	0.00776	0.00233	0.00853	0.00698	0.00776	0.01319
42	0.01113	0.00868	0.01015	0.00986	0.01227	0.00774	0.00737	0.03670	0.01878	0.02482	0.21770	0.19771	0.28809	0.01818	0.00904	0.00259	0.00441	0.03867	0.00736	0.06874
43	0.01192	0.00831	0.01066	0.01142	0.01288	0.00804	0.00866	0.01496	0.04130	0.04250	0.13680	0.25729	0.09265	0.11113	0.01362	0.00364	0.00561	0.19450	0.00716	0.00694
44	0.05835	0.01616	0.01907	0.01505	0.02062	0.01634	0.01228	0.26835	0.05162	0.34629	0.02623	0.07335	0.01901	0.01050	0.00782	0.00243	0.00714	0.00842	0.00848	0.01248
45	0.03479	0.01320	0.01799	0.01380	0.01979	0.01140	0.01140	0.03779	0.02219	0.68451	0.03059	0.02639	0.01919	0.00960	0.00780	0.00240	0.00660	0.00780	0.00960	0.01320
46	0.53226	0.01439	0.01360	0.01140	0.01660	0.01539	0.00940	0.02781	0.01620	0.25211	0.01742	0.01721	0.01201	0.00800	0.00580	0.00240	0.00620	0.00540	0.00640	0.01000
47	0.01368	0.00846	0.01088	0.01018	0.01248	0.00763	0.00766	0.01674	0.02053	0.11429	0.43418	0.14051	0.13969	0.01658	0.00907	0.00255	0.00419	0.01452	0.00834	0.00786
48	0.01919	0.01842	0.03147	0.04759	0.67914	0.01842	0.02380	0.02380	0.01765	0.02533	0.01458	0.01919	0.01228	0.00691	0.00768	0.00230	0.00921	0.00691	0.00384	0.01228
49	0.02860	0.01743	0.01966	0.01541	0.02095	0.01838	0.01262	0.37264	0.07196	0.22094	0.02352	0.02258	0.01628	0.00944	0.00752	0.00231	0.00730	0.00735	0.09264	0.01247
50	0.09253	0.01329	0.01695	0.01326	0.01886	0.01209	0.01090	0.06334	0.02191	0.54669	0.05435	0.02838	0.05150	0.01010	0.00767	0.00241	0.00640	0.00811	0.00897	0.01227
51	0.01608	0.01378	0.01608	0.01148	0.01837	0.01034	0.00919	0.01952	0.01608	0.02527	0.01378	0.01608	0.01148	0.00574	0.00574	0.00115	0.00574	0.00459	0.00459	0.77491
52	0.01685	0.01080	0.01302	0.01159	0.01482	0.01061	0.00898	0.02424	0.16436	0.14657	0.34695	0.04783	0.12368	0.01400	0.00863	0.00250	0.00476	0.01202	0.00842	0.00937
53	0.00938	0.00700	0.00874	0.01013	0.01107	0.00635	0.00690	0.01087	0.01549	0.02005	0.05087	0.57537	0.19312	0.02323	0.00973	0.00303	0.00437	0.02075	0.00720	0.00635
54	0.01729	0.01248	0.01449	0.01332	0.01608	0.01319	0.01007	0.25098	0.02310	0.03137	0.05557	0.36444	0.03468	0.01961	0.04774	0.00328	0.00685	0.01468	0.04180	0.00898
55	0.00945	0.00675	0.00900	0.01080	0.01125	0.00630	0.00720	0.01080	0.01484	0.01979	0.04274	0.72245	0.05128	0.02429	0.00990	0.00315	0.00450	0.02204	0.00720	0.00630
56	0.03247	0.01310	0.01755	0.01362	0.01926	0.01159	0.01118	0.06239	0.02279	0.59962	0.08667	0.02882	0.02367	0.01013	0.00791	0.00240	0.00642	0.00831	0.00942	0.01268
57	0.02202	0.01004	0.01354	0.01221	0.01546	0.00896	0.00931	0.02432	0.01879	0.34372	0.07241	0.30275	0.03590	0.04196	0.00992	0.00291	0.00566	0.03208	0.00835	0.00968
58	0.01352	0.00838	0.01099	0.01089	0.01293	0.00768	0.00827	0.01637	0.01936	0.10618	0.31459	0.22768	0.10586	0.01818	0.00935	0.00276	0.00466	0.08660	0.00806	0.00769
59	0.01097	0.00793	0.01036	0.00975	0.01158	0.00732	0.00732	0.01463	0.02195	0.03109	0.67505	0.05792	0.07316	0.01585	0.00914	0.00244	0.00366	0.01402	0.00854	0.00732
60	0.00950	0.00679	0.00905	0.01076	0.01126	0.00634	0.00720	0.01094	0.01511	0.02022	0.06643	0.69755	0.05210	0.02398	0.00987	0.00312	0.00447	0.02174	0.00725	0.00634
61	0.02648	0.01976	0.02054	0.01627	0.02154	0.05017	0.01327	0.50865	0.03188	0.04326	0.01931	0.02041	0.01426	0.01198	0.04642	0.00282	0.00883	0.00700	0.10528	0.01189
62	0.01253	0.00779	0.01183	0.05063	0.01412	0.00856	0.00881	0.01222	0.01139	0.01572	0.01654	0.02629	0.01576	0.03890	0.30764	0.41221	0.01280	0.00740	0.00370	0.00515
63	0.02723	0.03388	0.02430	0.02402	0.10639	0.57947	0.04657	0.02977	0.02126	0.02005	0.01249	0.01496	0.01036	0.00779	0.00718	0.00207	0.01334	0.00543	0.00397	0.00947
64	0.78228	0.01499	0.01140	0.01020	0.01499	0.01739	0.00840	0.02279	0.01320	0.03479	0.01080	0.01260	0.00840	0.00720	0.00480	0.00240	0.00600	0.00420	0.00480	0.00840
65	0.67997	0.01520	0.03749	0.01072	0.01537	0.01638	0.00907	0.02174	0.01347	0.03298	0.01391	0.07930	0.01247	0.00881	0.00538	0.00247	0.00607	0.00593	0.00496	0.00832
66	0.06002	0.01716	0.03313	0.22272	0.03907	0.01805	0.34237	0.02172	0.01615	0.02266	0.01433	0.02033	0.01120	0.00898	0.01122	0.06339	0.05673	0.00788	0.00376	0.00913
67	0.06351	0.02141	0.02273	0.01749	0.02364	0.02374	0.01445	0.62478	0.03540	0.04823	0.01826	0.01834	0.01297	0.00921	0.00762	0.00233	0.00842	0.00685	0.00762	0.01297
68	0.01079	0.00748	0.00973	0.01029	0.01159	0.00687	0.00729	0.01314	0.01804	0.04438	0.29303	0.39836	0.09948	0.02023	0.00949	0.00281	0.00419	0.01809	0.00780	0.00692
69	0.01044	0.00708	0.00949	0.01055	0.01122	0.00669	0.00725	0.01162	0.01546	0.02091	0.15122	0.45771	0.04900	0.05601	0.01380	0.10222	0.00488	0.04156	0.00683	0.00606
70	0.78228	0.01499	0.01140	0.01020	0.01499	0.01739	0.00840	0.02279	0.01320	0.03479	0.01080	0.01260	0.00840	0.00720	0.00480	0.00240	0.00600	0.00420	0.00480	0.00840
71	0.01097	0.00793	0.01036	0.00975	0.01158	0.00732	0.00732	0.01463	0.02195	0.03109	0.67505	0.05792	0.07316	0.01585	0.00914	0.00244	0.00366	0.01402	0.00854	0.00732
72	0.02859	0.01182	0.01601	0.01274	0.01766	0.01033	0.01033	0.03176	0.02213	0.51436	0.19841	0.03460	0.03325	0.01123	0.00815	0.00241	0.00583	0.00942	0.00932	0.01166
73	0.78228	0.01499	0.01140	0.01020	0.01499	0.01739	0.00840	0.02279	0.01320	0.03479	0.01080	0.01260	0.00840	0.00720	0.00480	0.00240	0.00600	0.00420	0.00480	0.00840
74	0.78228	0.01499	0.01140	0.01020	0.01499	0.01739	0.00840	0.02279	0.01320	0.03479	0.01080	0.01260	0.00840	0.00720	0.00480	0.00240	0.00600	0.00420	0.00480	0.00840
75	0.00945	0.00675	0.00900	0.01080	0.01125	0.00630	0.00720	0.01080	0.01484	0.01979	0.04274	0.72245	0.05128	0.02429	0.00990	0.00315	0.00450	0.02204	0.00720	0.00630
76	0.00997	0.00741	0.00930	0.00984	0.01123	0.00673	0.00699	0.01232	0.01808	0.02431	0.28980	0.34635	0.17882	0.02020	0.00947	0.00278	0.00407	0.01791	0.00771	0.00673

[dist]
# distance from previous block
# <min> <max>
0	3

[block]
# block no. 1 follows, 25 sequences, length 13
# corresponding to MSA columns:
# 117-129
name=unknown_B
#
# <colnr> <probs for GDERKNQSTAVLIFYWHMCP>
#	G	D	E	R	K	N	Q	S	T	A	V	L	I	F	Y	W	H	M	C	P
0	0.01325	0.00902	0.01046	0.01097	0.01155	0.00860	0.00705	0.01351	0.01434	0.01966	0.03210	0.21848	0.03625	0.43243	0.02767	0.00600	0.00719	0.06983	0.04506	0.00660
1	0.02947	0.02172	0.02327	0.01784	0.02404	0.02404	0.01474	0.65329	0.03646	0.04887	0.01862	0.01862	0.01319	0.00931	0.00776	0.00233	0.00853	0.00698	0.00776	0.01319
2	0.03439	0.01384	0.01839	0.01410	0.02011	0.01235	0.01165	0.08403	0.02326	0.63675	0.02969	0.02581	0.01874	0.00957	0.00779	0.00239	0.00674	0.00774	0.00946	0.01319
3	0.28874	0.01088	0.01125	0.01023	0.01348	0.01121	0.00800	0.01932	0.01834	0.09054	0.32460	0.06773	0.07247	0.01273	0.00750	0.00246	0.00481	0.01040	0.00718	0.00815
4	0.78228	0.01499	0.01140	0.01020	0.01499	0.01739	0.00840	0.02279	0.01320	0.03479	0.01080	0.01260	0.00840	0.00720	0.00480	0.00240	0.00600	0.00420	0.00480	0.00840
5	0.02073	0.73217	0.04063	0.01327	0.01990	0.03068	0.01327	0.02322	0.01575	0.01824	0.01078	0.01244	0.00995	0.00663	0.00498	0.00166	0.00829	0.00415	0.00332	0.00995
6	0.01563	0.00876	0.00982	0.00923	0.01154	0.00856	0.00688	0.01941	0.07476	0.09188	0.03544	0.03814	0.15072	0.04859	0.01156	0.10403	0.00481	0.00938	0.33334	0.00753
7	0.01445	0.00723	0.00723	0.00723	0.00903	0.00723	0.00542	0.01807	0.01626	0.02891	0.02529	0.02891	0.01987	0.00903	0.00542	0.00181	0.00361	0.00723	0.77055	0.00723
8	0.00945	0.00675	0.00900	0.01080	0.01125	0.00630	0.00720	0.01080	0.01484	0.01979	0.04274	0.72245	0.05128	0.02429	0.00990	0.00315	0.00450	0.02204	0.00720	0.00630
9	0.00984	0.00788	0.00880	0.00857	0.01089	0.00684	0.00643	0.01244	0.01928	0.02476	0.30270	0.06834	0.44947	0.01821	0.00916	0.00255	0.00383	0.01548	0.00770	0.00684
10	0.01347	0.00673	0.01010	0.01010	0.01010	0.00673	0.00673	0.01010	0.01010	0.01347	0.01347	0.02357	0.01347	0.02694	0.03030	0.77441	0.00673	0.00673	0.00337	0.00337
11	0.01704	0.01450	0.01699	0.01241	0.01887	0.01201	0.01000	0.06255	0.01723	0.02650	0.01391	0.01630	0.01153	0.00642	0.00697	0.00135	0.04513	0.00488	0.00474	0.68068
12	0.13042	0.11492	0.45136	0.01914	0.02801	0.01991	0.02278	0.02360	0.01542	0.02481	0.01275	0.01540	0.00966	0.00782	0.00834	0.00244	0.07373	0.00541	0.00352	0.01056

[dist]
# distance from previous block
# <min> <max>
0	1

[block]
# block no. 2 follows, 25 sequences, length 29
# corresponding to MSA columns:
# 131-159
name=unknown_C
#
# <colnr> <probs for GDERKNQSTAVLIFYWHMCP>
#	G	D	E	R	K	N	Q	S	T	A	V	L	I	F	Y	W	H	M	C	P
0	0.01085	0.00824	0.01152	0.06469	0.01571	0.00861	0.00967	0.01289	0.01503	0.02007	0.03712	0.47787	0.04293	0.04682	0.04012	0.00372	0.04162	0.11933	0.00650	0.00669
1	0.01128	0.00752	0.00846	0.00846	0.00846	0.00752	0.00470	0.01128	0.01128	0.01503	0.02443	0.05074	0.02819	0.72751	0.03946	0.00752	0.00752	0.01128	0.00470	0.00470
2	0.00934	0.00717	0.00856	0.00968	0.01095	0.00639	0.00670	0.01092	0.01592	0.02023	0.05633	0.47644	0.28851	0.02252	0.00962	0.00295	0.00428	0.01989	0.00720	0.00639
3	0.01587	0.01541	0.02164	0.01893	0.01910	0.02118	0.01559	0.01767	0.01212	0.01866	0.01329	0.06113	0.01366	0.01902	0.09682	0.00435	0.59581	0.00787	0.00371	0.00818
4	0.78228	0.01499	0.01140	0.01020	0.01499	0.01739	0.00840	0.02279	0.01320	0.03479	0.01080	0.01260	0.00840	0.00720	0.00480	0.00240	0.00600	0.00420	0.00480	0.00840
5	0.01217	0.00869	0.01212	0.01390	0.01555	0.00864	0.01192	0.01550	0.01753	0.02284	0.04123	0.15586	0.04534	0.02173	0.01062	0.00352	0.00686	0.56180	0.00715	0.00705
6	0.44428	0.01424	0.01384	0.01178	0.01669	0.01531	0.00959	0.02848	0.08646	0.21608	0.05879	0.02096	0.01698	0.00875	0.00623	0.00243	0.00604	0.00629	0.00670	0.01009
7	0.02580	0.01202	0.01493	0.01233	0.01653	0.01136	0.00974	0.10706	0.02130	0.35834	0.02892	0.10253	0.02263	0.05983	0.00970	0.00270	0.00609	0.00935	0.15812	0.01070
8	0.01128	0.00752	0.00846	0.00846	0.00846	0.00752	0.00470	0.01128	0.01128	0.01503	0.02443	0.05074	0.02819	0.72751	0.03946	0.00752	0.00752	0.01128	0.00470	0.00470
9	0.09138	0.01333	0.01749	0.01352	0.01943	0.01185	0.01117	0.03665	0.02151	0.63532	0.02909	0.02535	0.01838	0.00942	0.00757	0.00240	0.00655	0.00752	0.00923	0.01283
10	0.01377	0.00842	0.01121	0.01089	0.01294	0.00775	0.00826	0.01682	0.02005	0.11007	0.39837	0.20340	0.05902	0.01742	0.00928	0.00269	0.00452	0.06907	0.00825	0.00781
11	0.03452	0.01363	0.01826	0.01400	0.02001	0.01204	0.01157	0.06925	0.02292	0.65202	0.02998	0.02599	0.01889	0.00958	0.00780	0.00240	0.00670	0.00776	0.00950	0.01319
12	0.01696	0.01696	0.02375	0.02036	0.02036	0.02375	0.01696	0.01866	0.01187	0.01866	0.01018	0.01696	0.01018	0.01357	0.02545	0.00339	0.71332	0.00679	0.00339	0.00848
13	0.00961	0.00687	0.00914	0.01068	0.01128	0.00641	0.00721	0.01121	0.01561	0.02101	0.11084	0.65087	0.05364	0.02338	0.00982	0.00307	0.00441	0.02118	0.00734	0.00641
14	0.00979	0.00699	0.00916	0.01076	0.01133	0.00658	0.00732	0.01121	0.01486	0.01968	0.04228	0.60509	0.06854	0.07998	0.01229	0.00351	0.00490	0.06251	0.00699	0.00624
15	0.01108	0.00831	0.01246	0.01246	0.01385	0.00969	0.00969	0.01385	0.01246	0.01800	0.02077	0.03046	0.01938	0.05815	0.69678	0.01246	0.02077	0.00831	0.00415	0.00692
16	0.02856	0.02027	0.02184	0.01687	0.02273	0.02225	0.01389	0.57967	0.03433	0.07372	0.01962	0.01972	0.01394	0.00930	0.00758	0.00229	0.00808	0.00703	0.06558	0.01274
17	0.01449	0.00820	0.01072	0.01084	0.01250	0.00751	0.00764	0.01629	0.01674	0.14259	0.11818	0.41072	0.06577	0.10435	0.01292	0.00343	0.00512	0.01696	0.00751	0.00751
18	0.02541	0.01735	0.01914	0.01575	0.02095	0.01895	0.01266	0.24935	0.30390	0.15752	0.02668	0.02493	0.01909	0.00987	0.00772	0.00245	0.00693	0.00791	0.04089	0.01254
19	0.01128	0.00752	0.00846	0.00846	0.00846	0.00752	0.00470	0.01128	0.01128	0.01503	0.02443	0.05074	0.02819	0.72751	0.03946	0.00752	0.00752	0.01128	0.00470	0.00470
20	0.00945	0.00675	0.00900	0.01080	0.01125	0.00630	0.00720	0.01080	0.01484	0.01979	0.04274	0.72245	0.05128	0.02429	0.00990	0.00315	0.00450	0.02204	0.00720	0.00630
21	0.02852	0.02124	0.02273	0.01765	0.02368	0.02360	0.01451	0.59609	0.09521	0.04733	0.01982	0.01958	0.01417	0.00942	0.00777	0.00236	0.00831	0.00715	0.00777	0.01310
22	0.04837	0.02157	0.05299	0.01913	0.02491	0.02307	0.06348	0.47206	0.05129	0.04180	0.01747	0.01867	0.01281	0.00945	0.00967	0.00248	0.08476	0.00705	0.00672	0.01223
23	0.01536	0.01494	0.02319	0.67440	0.05193	0.05121	0.02121	0.02037	0.01583	0.01977	0.01369	0.02034	0.01032	0.00776	0.00771	0.00255	0.01052	0.00680	0.00347	0.00863
24	0.01109	0.00827	0.01226	0.01226	0.01358	0.00958	0.00944	0.01372	0.01240	0.01785	0.02095	0.03147	0.01982	0.09156	0.66397	0.01221	0.02011	0.00846	0.00418	0.00681
25	0.02595	0.01864	0.04216	0.01611	0.02178	0.01905	0.01341	0.35563	0.13249	0.13988	0.04281	0.05757	0.01928	0.01024	0.00782	0.00238	0.00746	0.00819	0.00775	0.05140
26	0.02375	0.01698	0.04360	0.01610	0.04084	0.01649	0.01290	0.19001	0.17325	0.16922	0.02402	0.04832	0.01810	0.01158	0.03712	0.00270	0.00764	0.00775	0.00721	0.13243
27	0.03723	0.03657	0.07055	0.01594	0.04278	0.03528	0.01300	0.02247	0.08729	0.09335	0.02129	0.07671	0.01883	0.04381	0.19703	0.00535	0.10175	0.00836	0.00524	0.06718
28	0.02771	0.02003	0.02181	0.01678	0.02293	0.02150	0.01378	0.50887	0.07334	0.08376	0.01964	0.01947	0.01403	0.00902	0.00755	0.00222	0.00796	0.00689	0.00754	0.09518

[dist]
# distance from previous block
# <min> <max>
0	4

[block]
# block no. 3 follows, 25 sequences, length 82
# corresponding to MSA columns:
# 164-245
name=unknown_D
#
# <colnr> <probs for GDERKNQSTAVLIFYWHMCP>
#	G	D	E	R	K	N	Q	S	T	A	V	L	I	F	Y	W	H	M	C	P
0	0.02873	0.02128	0.02287	0.01749	0.02373	0.02328	0.01443	0.61814	0.03533	0.04756	0.01835	0.01847	0.01309	0.00911	0.00764	0.00226	0.00838	0.00685	0.00758	0.05543
1	0.02165	0.01570	0.01768	0.01555	0.05154	0.01688	0.01166	0.35571	0.02707	0.03737	0.07916	0.03014	0.06233	0.07252	0.04413	0.00321	0.00771	0.00862	0.11097	0.01040
2	0.10789	0.00986	0.01148	0.01103	0.01278	0.01041	0.00798	0.07333	0.05569	0.02387	0.06299	0.15694	0.02526	0.04361	0.01721	0.28985	0.00597	0.01010	0.05720	0.00654
3	0.01780	0.01538	0.01580	0.01484	0.05326	0.07402	0.01051	0.12636	0.12887	0.02749	0.06245	0.06059	0.11975	0.13694	0.01338	0.00320	0.00709	0.00986	0.00627	0.09613
4	0.03906	0.01111	0.01653	0.32074	0.03089	0.01298	0.01418	0.01759	0.04695	0.02110	0.06389	0.11194	0.05227	0.05438	0.14827	0.00486	0.01056	0.01004	0.00484	0.00782
5	0.01058	0.00747	0.00886	0.00919	0.00985	0.00724	0.00586	0.01155	0.01375	0.01820	0.08455	0.19442	0.12175	0.39498	0.06340	0.00584	0.00685	0.01425	0.00582	0.00560
6	0.01014	0.00696	0.00886	0.01014	0.01066	0.00661	0.00668	0.01152	0.01469	0.02012	0.06887	0.53661	0.04656	0.13858	0.01444	0.00375	0.00490	0.01896	0.05482	0.00614
7	0.01468	0.01094	0.01456	0.01348	0.01571	0.01260	0.01067	0.12952	0.01690	0.02396	0.02023	0.02788	0.01802	0.04637	0.52942	0.01001	0.03795	0.00799	0.03100	0.00811
8	0.00975	0.00724	0.00921	0.01046	0.01151	0.00653	0.00714	0.01128	0.01526	0.02021	0.04574	0.60562	0.12735	0.02277	0.00959	0.00298	0.00449	0.02045	0.00707	0.04533
9	0.01141	0.00829	0.00947	0.00933	0.01183	0.00708	0.00687	0.01350	0.01747	0.06338	0.10660	0.22867	0.39272	0.01903	0.00905	0.00263	0.00433	0.01634	0.00729	0.05472
10	0.00997	0.00747	0.01072	0.01171	0.01249	0.00700	0.03785	0.01149	0.01481	0.01977	0.04043	0.65164	0.04811	0.06244	0.01150	0.00337	0.00508	0.02083	0.00690	0.00641
11	0.01218	0.00745	0.00978	0.00989	0.01034	0.00740	0.00650	0.01218	0.03515	0.01769	0.10628	0.13177	0.03079	0.21945	0.02655	0.32922	0.00623	0.01111	0.00508	0.00495
12	0.10571	0.00883	0.01042	0.01080	0.01286	0.00855	0.00818	0.01541	0.01718	0.06602	0.15368	0.29339	0.13699	0.01874	0.00902	0.00287	0.00495	0.10181	0.00728	0.00732
13	0.01241	0.00916	0.01064	0.01048	0.01250	0.00897	0.00756	0.01756	0.11922	0.04769	0.19147	0.20336	0.19095	0.10704	0.01288	0.00331	0.00489	0.01495	0.00738	0.00757
14	0.63269	0.01470	0.01231	0.01089	0.01560	0.01671	0.00888	0.02498	0.07029	0.07685	0.04410	0.01696	0.01336	0.00803	0.00546	0.00242	0.00594	0.00527	0.00555	0.00899
15	0.53210	0.01362	0.01211	0.01067	0.01512	0.01499	0.00865	0.02369	0.04045	0.11001	0.10085	0.02343	0.04937	0.00927	0.00602	0.00242	0.00568	0.00660	0.00606	0.00889
16	0.47235	0.01388	0.01306	0.01120	0.01595	0.01500	0.00913	0.02699	0.05687	0.19235	0.04034	0.01966	0.01498	0.00841	0.00591	0.00237	0.00591	0.00591	0.06004	0.00969
17	0.01309	0.00827	0.01028	0.01000	0.01143	0.00789	0.00707	0.01494	0.01627	0.07831	0.19767	0.08077	0.09321	0.30695	0.04789	0.00503	0.00652	0.07117	0.00661	0.00663
18	0.01108	0.00831	0.01246	0.01246	0.01385	0.00969	0.00969	0.01385	0.01246	0.01800	0.02077	0.03046	0.01938	0.05815	0.69678	0.01246	0.02077	0.00831	0.00415	0.00692
19	0.01602	0.00967	0.01173	0.01071	0.01371	0.00899	0.00830	0.01994	0.06381	0.16217	0.17368	0.05451	0.25784	0.06267	0.05397	0.00351	0.00605	0.04662	0.00766	0.00843
20	0.01258	0.01053	0.01385	0.01337	0.01461	0.04236	0.01035	0.01496	0.01273	0.01788	0.01946	0.02982	0.01863	0.10512	0.53579	0.01055	0.09805	0.00822	0.00410	0.00701
21	0.00959	0.00706	0.00904	0.01055	0.01142	0.00650	0.00732	0.01118	0.01547	0.02019	0.04823	0.58162	0.14861	0.02338	0.00983	0.00309	0.00457	0.05875	0.00719	0.00639
22	0.01081	0.00774	0.01048	0.01095	0.01178	0.00817	0.00778	0.01258	0.01337	0.01845	0.05806	0.19897	0.03274	0.22886	0.29722	0.00811	0.01201	0.04037	0.00534	0.00620
23	0.01659	0.01409	0.01635	0.01173	0.01859	0.01086	0.00940	0.04383	0.01686	0.02617	0.01397	0.01618	0.01155	0.00588	0.00582	0.00119	0.00585	0.00469	0.00472	0.74569
24	0.01335	0.01027	0.01079	0.01036	0.01118	0.05161	0.00673	0.04853	0.01353	0.01765	0.02272	0.04329	0.02476	0.53142	0.14521	0.00771	0.01018	0.01015	0.00473	0.00581
25	0.00954	0.00682	0.00908	0.01073	0.01127	0.00636	0.00720	0.01104	0.01529	0.02050	0.08247	0.68068	0.05266	0.02376	0.00985	0.00310	0.00445	0.02154	0.00728	0.00636
26	0.01800	0.01985	0.04165	0.10847	0.11506	0.01921	0.51019	0.02417	0.01792	0.02434	0.01535	0.02069	0.01167	0.00671	0.00883	0.00258	0.01233	0.00865	0.00386	0.01046
27	0.01938	0.01973	0.02826	0.06075	0.44554	0.10658	0.06002	0.02415	0.04264	0.02404	0.01750	0.08328	0.01588	0.00878	0.00789	0.00238	0.00957	0.00825	0.00431	0.01106
28	0.02494	0.12373	0.05383	0.01584	0.02141	0.05957	0.05250	0.10512	0.06275	0.24551	0.09846	0.02859	0.02339	0.01009	0.00769	0.00235	0.00783	0.03816	0.00709	0.01116
29	0.01614	0.01556	0.05827	0.01324	0.03934	0.01106	0.01084	0.01997	0.01614	0.02522	0.01381	0.01619	0.01141	0.00588	0.00590	0.00126	0.00620	0.00473	0.00449	0.70435
30	0.02166	0.37814	0.16443	0.01691	0.02363	0.20973	0.01680	0.02536	0.01765	0.01988	0.01277	0.01621	0.01112	0.00766	0.00620	0.00198	0.01045	0.02591	0.00362	0.00989
31	0.02916	0.01716	0.02005	0.01523	0.02147	0.01694	0.01253	0.31342	0.02760	0.28295	0.02227	0.02109	0.01514	0.00880	0.00742	0.00215	0.00733	0.00688	0.00790	0.14451
32	0.13325	0.43592	0.10152	0.01436	0.02083	0.05739	0.01424	0.02472	0.01615	0.07691	0.01280	0.01427	0.01049	0.00734	0.00624	0.00199	0.03268	0.00476	0.00409	0.01006
33	0.00997	0.00732	0.00935	0.01005	0.01127	0.00670	0.00708	0.01224	0.01779	0.02407	0.27831	0.39886	0.13711	0.02063	0.00953	0.00282	0.00412	0.01840	0.00769	0.00670
34	0.00962	0.00705	0.00889	0.01017	0.01097	0.00656	0.00686	0.01100	0.01491	0.01951	0.04622	0.53434	0.15006	0.08526	0.03676	0.00377	0.00524	0.01970	0.00687	0.00622
35	0.01440	0.01160	0.01329	0.01222	0.01515	0.01233	0.00935	0.02569	0.29261	0.03127	0.38133	0.04635	0.07533	0.01375	0.00862	0.00253	0.00471	0.01190	0.00821	0.00937
36	0.01567	0.01334	0.01564	0.01144	0.01793	0.01008	0.00906	0.01898	0.01600	0.02493	0.01558	0.05998	0.01396	0.00690	0.00600	0.00127	0.00566	0.00568	0.00476	0.72713
37	0.34029	0.01393	0.01530	0.01232	0.01783	0.01385	0.01017	0.03166	0.01852	0.41897	0.02250	0.02075	0.01478	0.00862	0.00657	0.00240	0.00635	0.00633	0.00764	0.01123
38	0.01081	0.00792	0.01014	0.00958	0.01148	0.00725	0.00719	0.01431	0.02156	0.03017	0.62056	0.05944	0.12823	0.01620	0.00915	0.00246	0.00368	0.01424	0.00841	0.00725
39	0.64738	0.01467	0.01259	0.01085	0.01586	0.01631	0.00894	0.02550	0.01482	0.15204	0.01437	0.01509	0.01035	0.00763	0.00534	0.00240	0.00611	0.00485	0.00566	0.00926
40	0.18870	0.01013	0.01098	0.00995	0.01309	0.00993	0.00775	0.01847	0.01914	0.10538	0.33184	0.04727	0.17124	0.01391	0.00800	0.00246	0.00458	0.01153	0.00754	0.00809
41	0.01108	0.00831	0.01246	0.01246	0.01385	0.00969	0.00969	0.01385	0.01246	0.01800	0.02077	0.03046	0.01938	0.05815	0.69678	0.01246	0.02077	0.00831	0.00415	0.00692
42	0.01469	0.01049	0.01209	0.01108	0.01388	0.01050	0.00835	0.02215	0.18026	0.08232	0.27726	0.05074	0.17355	0.08415	0.01168	0.00301	0.00495	0.01240	0.00782	0.00863
43	0.03772	0.00820	0.01006	0.01015	0.01166	0.00769	0.00702	0.01496	0.01605	0.09701	0.12823	0.30696	0.10207	0.18708	0.01633	0.00392	0.00533	0.01563	0.00699	0.00694
44	0.00960	0.00686	0.00917	0.01097	0.01149	0.00643	0.00747	0.01106	0.01500	0.01997	0.04265	0.69022	0.05094	0.02415	0.00994	0.00317	0.00463	0.05274	0.00719	0.00634
45	0.00918	0.00780	0.00791	0.00800	0.01051	0.00653	0.00596	0.01111	0.01753	0.02089	0.07679	0.10644	0.64531	0.01987	0.00920	0.00264	0.00396	0.01664	0.00720	0.00653
46	0.01789	0.01267	0.01474	0.01294	0.01646	0.01330	0.01008	0.08200	0.24373	0.10032	0.33073	0.04130	0.04540	0.01281	0.00845	0.00249	0.00524	0.01096	0.00835	0.01013
47	0.01145	0.00882	0.01066	0.01118	0.01280	0.00879	0.00799	0.01691	0.12981	0.02444	0.17494	0.40496	0.10807	0.01972	0.00932	0.00286	0.00456	0.01755	0.00760	0.00757
48	0.01249	0.00892	0.01249	0.01428	0.01606	0.00892	0.01249	0.01606	0.01785	0.02320	0.04105	0.08746	0.04462	0.02142	0.01071	0.00357	0.00714	0.62695	0.00714	0.00714
49	0.31215	0.01386	0.01555	0.01246	0.01801	0.01362	0.01028	0.03222	0.01885	0.44343	0.02324	0.02127	0.01519	0.00871	0.00668	0.00240	0.00638	0.00646	0.00782	0.01141
50	0.02192	0.01393	0.01606	0.01394	0.01823	0.01467	0.01107	0.06413	0.31506	0.19828	0.10334	0.03519	0.05045	0.01154	0.00804	0.00254	0.00594	0.03732	0.04704	0.01132
51	0.00974	0.00696	0.00933	0.01113	0.01171	0.00655	0.00770	0.01130	0.01513	0.02012	0.04257	0.66165	0.05064	0.02402	0.00997	0.00319	0.00475	0.07996	0.00719	0.00638
52	0.09912	0.01335	0.01743	0.01349	0.01938	0.01191	0.01114	0.03650	0.02142	0.62859	0.02889	0.02520	0.01826	0.00939	0.00754	0.00240	0.00655	0.00749	0.00918	0.01278
53	0.01595	0.00911	0.01104	0.00994	0.01299	0.00795	0.00762	0.01851	0.01953	0.18480	0.21708	0.08723	0.31010	0.04079	0.00990	0.00271	0.00466	0.01376	0.00804	0.00829
54	0.01460	0.01368	0.02302	0.66491	0.07097	0.01689	0.02111	0.01962	0.01555	0.01998	0.01480	0.04463	0.01180	0.00829	0.00782	0.00259	0.01010	0.00741	0.00359	0.00865
55	0.01967	0.01685	0.01775	0.01586	0.02031	0.01947	0.01237	0.06455	0.64115	0.03306	0.03106	0.02853	0.02327	0.01047	0.00788	0.00262	0.00623	0.00870	0.00788	0.01231
56	0.10829	0.01433	0.02188	0.53650	0.04454	0.01807	0.01936	0.02003	0.01476	0.02149	0.01296	0.01922	0.01008	0.00842	0.00964	0.00266	0.09905	0.00655	0.00360	0.00857
57	0.01682	0.01718	0.02482	0.36194	0.03832	0.07172	0.06089	0.02058	0.01487	0.01966	0.01246	0.01883	0.01035	0.00980	0.01420	0.00283	0.26565	0.00686	0.00350	0.00872
58	0.01806	0.01291	0.01510	0.01235	0.01721	0.01175	0.00978	0.05384	0.12302	0.10848	0.08921	0.03435	0.07422	0.04682	0.00905	0.00231	0.00589	0.04781	0.00664	0.30120
59	0.01704	0.01058	0.01303	0.01196	0.01504	0.00985	0.00891	0.05913	0.06255	0.14748	0.05701	0.33253	0.06758	0.04073	0.00965	0.00276	0.00546	0.01438	0.00735	0.10697
60	0.01595	0.01353	0.01447	0.01324	0.01688	0.01487	0.01022	0.03102	0.43521	0.02988	0.13844	0.04268	0.16487	0.01319	0.00834	0.00260	0.00531	0.01112	0.00785	0.01035
61	0.05865	0.00776	0.00962	0.01078	0.01189	0.00751	0.00770	0.01264	0.01577	0.02211	0.10830	0.45731	0.07936	0.06546	0.01140	0.00332	0.00498	0.09188	0.00703	0.00655
62	0.01127	0.00732	0.00982	0.01125	0.01214	0.00682	0.00786	0.01289	0.01553	0.06182	0.04185	0.63109	0.04877	0.02315	0.00983	0.00313	0.00483	0.06650	0.00734	0.00679
63	0.78228	0.01499	0.01140	0.01020	0.01499	0.01739	0.00840	0.02279	0.01320	0.03479	0.01080	0.01260	0.00840	0.00720	0.00480	0.00240	0.00600	0.00420	0.00480	0.00840
64	0.18469	0.02033	0.02082	0.01626	0.02218	0.02267	0.01343	0.52329	0.03166	0.04596	0.01700	0.01737	0.01220	0.00887	0.00715	0.00234	0.00801	0.00641	0.00715	0.01220
65	0.00945	0.00675	0.00900	0.01080	0.01125	0.00630	0.00720	0.01080	0.01484	0.01979	0.04274	0.72245	0.05128	0.02429	0.00990	0.00315	0.00450	0.02204	0.00720	0.00630
66	0.01467	0.01111	0.01248	0.01108	0.01394	0.01116	0.00843	0.14060	0.06213	0.03031	0.28023	0.05211	0.21415	0.08889	0.01194	0.00300	0.00524	0.01265	0.00759	0.00830
67	0.01128	0.00752	0.00846	0.00846	0.00846	0.00752	0.00470	0.01128	0.01128	0.01503	0.02443	0.05074	0.02819	0.72751	0.03946	0.00752	0.00752	0.01128	0.00470	0.00470
68	0.01186	0.00859	0.01167	0.01313	0.01489	0.00840	0.01115	0.01512	0.01788	0.02328	0.08774	0.13281	0.10360	0.02110	0.01040	0.00338	0.00641	0.48431	0.00724	0.00703
69	0.01578	0.00954	0.01216	0.01092	0.01369	0.00896	0.00838	0.02067	0.07434	0.14716	0.46018	0.07143	0.08620	0.01473	0.00883	0.00248	0.00443	0.01284	0.00857	0.00871
70	0.02947	0.02172	0.02327	0.01784	0.02404	0.02404	0.01474	0.65329	0.03646	0.04887	0.01862	0.01862	0.01319	0.00931	0.00776	0.00233	0.00853	0.00698	0.00776	0.01319
71	0.02073	0.73217	0.04063	0.01327	0.01990	0.03068	0.01327	0.02322	0.01575	0.01824	0.01078	0.01244	0.00995	0.00663	0.00498	0.00166	0.00829	0.00415	0.00332	0.00995
72	0.01345	0.00826	0.01074	0.01115	0.01276	0.00773	0.00799	0.01619	0.04174	0.10697	0.13784	0.44349	0.06581	0.04540	0.01049	0.00308	0.00487	0.03685	0.00764	0.00754
73	0.02489	0.01741	0.01897	0.01553	0.02055	0.01909	0.01245	0.30354	0.24462	0.11523	0.02511	0.02485	0.01844	0.03273	0.00864	0.00256	0.00707	0.00784	0.06835	0.01213
74	0.00942	0.00685	0.00889	0.01053	0.01118	0.00632	0.00708	0.01083	0.01510	0.01990	0.04601	0.66326	0.10835	0.02387	0.00983	0.00310	0.00445	0.02152	0.00720	0.00632
75	0.03403	0.01441	0.01875	0.01437	0.02040	0.01320	0.01187	0.12577	0.02423	0.59365	0.02888	0.02528	0.01833	0.00956	0.00779	0.00239	0.00687	0.00768	0.00933	0.01319
76	0.00952	0.00681	0.00907	0.01074	0.01126	0.00635	0.00720	0.01099	0.01521	0.02037	0.07482	0.68872	0.05239	0.02386	0.00986	0.00311	0.00446	0.02164	0.00727	0.00635
77	0.01821	0.02018	0.04207	0.06435	0.03930	0.01946	0.56171	0.02608	0.07726	0.02528	0.01704	0.02164	0.01278	0.00696	0.00897	0.00261	0.01230	0.00900	0.00426	0.01053
78	0.01350	0.01159	0.01689	0.01673	0.07638	0.01222	0.05527	0.01843	0.07275	0.02716	0.34573	0.10686	0.07186	0.01458	0.01112	0.00265	0.09848	0.01248	0.00688	0.00843
79	0.01128	0.00752	0.00846	0.00846	0.00846	0.00752	0.00470	0.01128	0.01128	0.01503	0.02443	0.05074	0.02819	0.72751	0.03946	0.00752	0.00752	0.01128	0.00470	0.00470
80	0.05508	0.02075	0.03026	0.04148	0.52639	0.10372	0.06140	0.02472	0.01804	0.02493	0.01415	0.01834	0.01178	0.00703	0.00755	0.00229	0.00991	0.00669	0.00391	0.01158
81	0.01268	0.00834	0.01101	0.01031	0.01242	0.00769	0.00791	0.01629	0.02171	0.07479	0.59206	0.05762	0.06774	0.01577	0.00915	0.00251	0.00407	0.05170	0.00852	0.00770

[dist]
# distance from previous block
# <min> <max>
2	3

[block]
# block no. 4 follows, 25 sequences, length 27
# corresponding to MSA columns:
# 249-275
name=unknown_E
#
# <colnr> <probs for GDERKNQSTAVLIFYWHMCP>
#	G	D	E	R	K	N	Q	S	T	A	V	L	I	F	Y	W	H	M	C	P
0	0.01488	0.01022	0.01348	0.01296	0.01554	0.01003	0.03372	0.06149	0.05523	0.07813	0.13663	0.20670	0.09889	0.01767	0.00931	0.00289	0.00582	0.17241	0.03577	0.00823
1	0.01700	0.07107	0.38324	0.02479	0.07639	0.01885	0.16656	0.02540	0.06139	0.02488	0.01539	0.01822	0.01146	0.00725	0.00762	0.00239	0.01086	0.00665	0.00384	0.04677
2	0.06951	0.01572	0.02086	0.01796	0.01973	0.05958	0.05684	0.01966	0.01366	0.05099	0.01461	0.02096	0.01314	0.02459	0.20851	0.00567	0.34839	0.00713	0.00406	0.00842
3	0.61155	0.01516	0.01395	0.01469	0.09257	0.01702	0.01026	0.04603	0.01491	0.03327	0.01619	0.01785	0.05487	0.00810	0.00555	0.00240	0.00633	0.00546	0.00496	0.00891
4	0.01978	0.02128	0.02737	0.27429	0.07746	0.17152	0.13586	0.04733	0.05281	0.02253	0.01463	0.01921	0.01144	0.00817	0.00917	0.00249	0.06399	0.00698	0.00407	0.00961
5	0.01758	0.01338	0.01706	0.01503	0.01729	0.01568	0.01211	0.04196	0.11035	0.10892	0.10006	0.07759	0.12084	0.01455	0.01452	0.00290	0.25131	0.03323	0.00644	0.00919
6	0.01025	0.00782	0.00932	0.00908	0.01105	0.00699	0.00670	0.01304	0.01964	0.02625	0.40252	0.09899	0.28808	0.04339	0.01029	0.00272	0.00394	0.01519	0.00784	0.00689
7	0.01076	0.00792	0.01007	0.00953	0.01145	0.00723	0.00715	0.01422	0.02145	0.02991	0.60541	0.05987	0.14354	0.01629	0.00915	0.00246	0.00369	0.01430	0.00838	0.00723
8	0.01249	0.00892	0.01249	0.01428	0.01606	0.00892	0.01249	0.01606	0.01785	0.02320	0.04105	0.08746	0.04462	0.02142	0.01071	0.00357	0.00714	0.62695	0.00714	0.00714
9	0.01439	0.01023	0.01239	0.01131	0.01402	0.01023	0.00865	0.02201	0.16482	0.07590	0.46691	0.04989	0.07949	0.01437	0.00877	0.00248	0.00442	0.01251	0.00842	0.00879
10	0.01929	0.01666	0.01753	0.01578	0.02016	0.01929	0.01227	0.04120	0.66513	0.03243	0.03156	0.02893	0.02367	0.01052	0.00789	0.00263	0.00614	0.00877	0.00789	0.01227
11	0.01108	0.00831	0.01246	0.01246	0.01385	0.00969	0.00969	0.01385	0.01246	0.01800	0.02077	0.03046	0.01938	0.05815	0.69678	0.01246	0.02077	0.00831	0.00415	0.00692
12	0.01108	0.00831	0.01246	0.01246	0.01385	0.00969	0.00969	0.01385	0.01246	0.01800	0.02077	0.03046	0.01938	0.05815	0.69678	0.01246	0.02077	0.00831	0.00415	0.00692
13	0.01051	0.00754	0.00975	0.01117	0.01193	0.00724	0.00760	0.04492	0.01599	0.02134	0.04145	0.68506	0.04926	0.02350	0.00978	0.00311	0.00471	0.02124	0.00723	0.00666
14	0.03479	0.01320	0.01799	0.01380	0.01979	0.01140	0.01140	0.03779	0.02219	0.68451	0.03059	0.02639	0.01919	0.00960	0.00780	0.00240	0.00660	0.00780	0.00960	0.01320
15	0.01830	0.02092	0.04575	0.03268	0.04052	0.01961	0.65098	0.02484	0.01830	0.02484	0.01569	0.02092	0.01176	0.00654	0.00915	0.00261	0.01307	0.00915	0.00392	0.01046
16	0.00972	0.00691	0.00917	0.01087	0.01137	0.00651	0.00737	0.01112	0.01483	0.01973	0.04166	0.65020	0.04967	0.06171	0.01152	0.00341	0.00481	0.05609	0.00706	0.00626
17	0.00980	0.00700	0.00941	0.01120	0.01181	0.00660	0.00782	0.01141	0.01520	0.02019	0.04254	0.64831	0.05050	0.02396	0.00999	0.00320	0.00481	0.09267	0.00719	0.00640
18	0.00916	0.00785	0.00785	0.00785	0.01047	0.00655	0.00589	0.01113	0.01767	0.02095	0.07855	0.07462	0.67599	0.01964	0.00916	0.00262	0.00393	0.01636	0.00720	0.00655
19	0.03450	0.01366	0.01828	0.01402	0.02003	0.01209	0.01158	0.07141	0.02297	0.64979	0.02994	0.02597	0.01887	0.00958	0.00780	0.00240	0.00670	0.00775	0.00950	0.01319
20	0.01053	0.00778	0.00983	0.00959	0.01138	0.00708	0.00709	0.01366	0.02048	0.02826	0.51209	0.13800	0.16069	0.01740	0.00924	0.00255	0.00380	0.01531	0.00818	0.00708
21	0.78228	0.01499	0.01140	0.01020	0.01499	0.01739	0.00840	0.02279	0.01320	0.03479	0.01080	0.01260	0.00840	0.00720	0.00480	0.00240	0.00600	0.00420	0.00480	0.00840
22	0.02073	0.73217	0.04063	0.01327	0.01990	0.03068	0.01327	0.02322	0.01575	0.01824	0.01078	0.01244	0.00995	0.00663	0.00498	0.00166	0.00829	0.00415	0.00332	0.00995
23	0.01063	0.00801	0.00988	0.00971	0.01175	0.00727	0.00747	0.01379	0.02029	0.02736	0.43750	0.06584	0.24091	0.01753	0.00932	0.00261	0.00411	0.08092	0.00801	0.00708
24	0.01892	0.01909	0.06639	0.14611	0.39148	0.01875	0.05536	0.06835	0.08839	0.02676	0.01658	0.02037	0.01309	0.00760	0.00778	0.00241	0.00935	0.00716	0.00445	0.01161
25	0.03411	0.01335	0.01797	0.01388	0.01981	0.01174	0.01143	0.03794	0.05029	0.65601	0.03063	0.02650	0.01939	0.00964	0.00780	0.00241	0.00658	0.00784	0.00952	0.01316
26	0.06729	0.04675	0.06052	0.01367	0.04085	0.01295	0.01103	0.05700	0.11296	0.03106	0.38012	0.04292	0.04782	0.01295	0.00827	0.00245	0.00551	0.02955	0.00732	0.00902

[dist]
# distance from previous block
# <min> <max>
1	4

[block]
# block no. 5 follows, 25 sequences, length 10
# corresponding to MSA columns:
# 280-289
name=unknown_F
#
# <colnr> <probs for GDERKNQSTAVLIFYWHMCP>
#	G	D	E	R	K	N	Q	S	T	A	V	L	I	F	Y	W	H	M	C	P
0	0.21734	0.01961	0.08279	0.02342	0.19727	0.06054	0.01593	0.02902	0.11225	0.14131	0.01861	0.01957	0.01376	0.00808	0.00692	0.00239	0.00801	0.00641	0.00562	0.01116
1	0.12142	0.47069	0.14462	0.01483	0.02185	0.07421	0.01534	0.02394	0.01596	0.02155	0.01140	0.01323	0.00973	0.00693	0.00550	0.00192	0.00893	0.00448	0.00355	0.00993
2	0.16098	0.35346	0.23545	0.01573	0.02341	0.05327	0.01722	0.02389	0.01574	0.02331	0.01181	0.01376	0.00962	0.00703	0.00577	0.00206	0.00910	0.00468	0.00361	0.01009
3	0.01062	0.00731	0.00858	0.00910	0.00938	0.00711	0.00549	0.01113	0.01269	0.01676	0.03295	0.24685	0.07339	0.48161	0.02909	0.00596	0.00643	0.01470	0.00557	0.00527
4	0.16773	0.01740	0.01998	0.06451	0.02300	0.01954	0.01362	0.27014	0.02416	0.17804	0.01826	0.01910	0.01298	0.00946	0.00966	0.00252	0.10526	0.00661	0.00670	0.01133
5	0.01919	0.01842	0.03147	0.04759	0.67914	0.01842	0.02380	0.02380	0.01765	0.02533	0.01458	0.01919	0.01228	0.00691	0.00768	0.00230	0.00921	0.00691	0.00384	0.01228
6	0.01350	0.00811	0.01241	0.13980	0.01801	0.00875	0.00931	0.01200	0.01120	0.01478	0.01445	0.02533	0.01413	0.08266	0.02689	0.56610	0.00747	0.00715	0.00349	0.00445
7	0.01919	0.01842	0.03147	0.04759	0.67914	0.01842	0.02380	0.02380	0.01765	0.02533	0.01458	0.01919	0.01228	0.00691	0.00768	0.00230	0.00921	0.00691	0.00384	0.01228
