[name]
unknown

[dist]
# distance from previous block
# <min> <max>
0	77

[block]
# block no. 0 follows, 23 sequences, length 14
# corresponding to MSA columns:
# 77-90
name=unknown_A
#
# <colnr> <probs for GDERKNQSTAVLIFYWHMCP>
#	G	D	E	R	K	N	Q	S	T	A	V	L	I	F	Y	W	H	M	C	P
0	0.01308	0.00934	0.01308	0.01494	0.01681	0.00934	0.01308	0.01681	0.01868	0.02428	0.04296	0.09153	0.04670	0.02242	0.01121	0.00374	0.00747	0.60960	0.00747	0.00747
1	0.03066	0.02827	0.02388	0.01945	0.02514	0.25363	0.01551	0.42689	0.03288	0.04026	0.01707	0.01780	0.01264	0.00926	0.00784	0.00232	0.01091	0.00658	0.00675	0.01227
2	0.01586	0.02083	0.16717	0.44150	0.04580	0.01844	0.02295	0.02169	0.01609	0.02205	0.01409	0.01998	0.01075	0.00849	0.00968	0.00267	0.07721	0.00679	0.00363	0.05432
3	0.01437	0.00868	0.01361	0.16182	0.02058	0.00947	0.01047	0.01282	0.01182	0.01556	0.01417	0.02400	0.01337	0.02375	0.02650	0.59579	0.00788	0.00708	0.00354	0.00474
4	0.01663	0.01635	0.02700	0.39558	0.06732	0.02047	0.07744	0.02100	0.01538	0.02106	0.01344	0.02037	0.01098	0.00989	0.01412	0.00296	0.22967	0.00739	0.00365	0.00930
5	0.01710	0.17076	0.02984	0.48730	0.07119	0.02131	0.05069	0.02194	0.01651	0.02085	0.01386	0.01968	0.01088	0.00776	0.00754	0.00248	0.01044	0.00669	0.00362	0.00957
6	0.19424	0.02055	0.02108	0.01663	0.02269	0.02285	0.01369	0.44763	0.06387	0.07110	0.01886	0.01897	0.01351	0.00933	0.00744	0.00247	0.00813	0.00679	0.00752	0.01264
7	0.17949	0.00993	0.01108	0.01031	0.01291	0.00999	0.00791	0.01720	0.02095	0.03339	0.51667	0.05014	0.06159	0.01459	0.00857	0.00254	0.00437	0.01240	0.00807	0.00791
8	0.24024	0.20304	0.19731	0.01576	0.02278	0.08496	0.01631	0.02452	0.01708	0.02721	0.07012	0.01856	0.01580	0.00832	0.00641	0.00229	0.00900	0.00580	0.00447	0.01002
9	0.01606	0.03589	0.52957	0.17160	0.03971	0.01866	0.02834	0.02460	0.01693	0.02460	0.01453	0.01813	0.01040	0.00780	0.00780	0.00260	0.01173	0.00626	0.00347	0.01133
10	0.01572	0.00898	0.01117	0.01095	0.01350	0.00790	0.00807	0.01784	0.01854	0.16503	0.08260	0.32457	0.24372	0.02004	0.00959	0.00291	0.00496	0.01746	0.00815	0.00832
11	0.02141	0.01826	0.03433	0.02528	0.03211	0.01716	0.36387	0.02878	0.08506	0.14056	0.08276	0.02719	0.02114	0.00872	0.00898	0.00259	0.01034	0.00950	0.00608	0.05588
12	0.02654	0.01985	0.16220	0.01612	0.02287	0.01408	0.01551	0.03394	0.11014	0.35771	0.10734	0.02983	0.02569	0.01049	0.00825	0.00256	0.00757	0.00864	0.00819	0.01250
13	0.06408	0.01374	0.02175	0.52643	0.04590	0.01644	0.01925	0.02161	0.01615	0.07863	0.01576	0.02193	0.01183	0.01018	0.01020	0.07603	0.00982	0.00710	0.00426	0.00890

[dist]
# distance from previous block
# <min> <max>
0	4

[block]
# block no. 1 follows, 23 sequences, length 51
# corresponding to MSA columns:
# 95-145
name=unknown_B
#
# <colnr> <probs for GDERKNQSTAVLIFYWHMCP>
#	G	D	E	R	K	N	Q	S	T	A	V	L	I	F	Y	W	H	M	C	P
0	0.01340	0.01210	0.02170	0.01775	0.02120	0.01128	0.19749	0.01753	0.01993	0.02756	0.30906	0.21347	0.05130	0.01588	0.00977	0.00280	0.00703	0.01526	0.00712	0.00838
1	0.06666	0.01744	0.01958	0.07710	0.02399	0.06438	0.01352	0.15567	0.09730	0.24489	0.04549	0.07410	0.02115	0.01110	0.00867	0.00260	0.02789	0.00886	0.00777	0.01182
2	0.01632	0.03774	0.56875	0.10396	0.06429	0.01877	0.02888	0.02507	0.01708	0.02514	0.01457	0.01779	0.01045	0.00774	0.00777	0.00258	0.01175	0.00619	0.00347	0.01168
3	0.01469	0.00765	0.00795	0.00788	0.00977	0.00757	0.00591	0.01848	0.01772	0.03052	0.10157	0.03385	0.02741	0.01030	0.00613	0.00197	0.00379	0.00841	0.67085	0.00757
4	0.01809	0.03343	0.43553	0.02477	0.07320	0.01907	0.09582	0.02889	0.11880	0.04698	0.01831	0.02029	0.01330	0.00818	0.00805	0.00261	0.01099	0.00706	0.00452	0.01212
5	0.01815	0.01704	0.02907	0.45648	0.08846	0.01940	0.13078	0.09502	0.01949	0.02564	0.01543	0.02133	0.01157	0.00802	0.00837	0.00266	0.01103	0.00764	0.00426	0.01017
6	0.03388	0.01307	0.01749	0.01362	0.01938	0.01141	0.01118	0.03710	0.02249	0.59401	0.03135	0.02793	0.02017	0.00997	0.00786	0.00244	0.00653	0.00809	0.09894	0.01307
7	0.01700	0.01818	0.03796	0.02804	0.03421	0.01710	0.47373	0.02229	0.01778	0.02405	0.02140	0.12026	0.02004	0.09334	0.01344	0.00342	0.01176	0.01170	0.00467	0.00963
8	0.02491	0.11421	0.18152	0.01917	0.02660	0.07582	0.09045	0.05270	0.02094	0.22467	0.07164	0.02377	0.01904	0.00908	0.00788	0.00242	0.00965	0.00756	0.00624	0.01172
9	0.03308	0.01501	0.01910	0.01499	0.02095	0.01417	0.01227	0.10254	0.09906	0.50818	0.05118	0.02814	0.02181	0.01034	0.00821	0.00253	0.00696	0.00840	0.00959	0.01349
10	0.01020	0.00719	0.00932	0.01090	0.01130	0.00680	0.00711	0.01138	0.01493	0.01991	0.04162	0.60307	0.04975	0.13724	0.01538	0.00404	0.00522	0.02124	0.00711	0.00632
11	0.02484	0.01889	0.01994	0.01607	0.02114	0.04128	0.01297	0.40781	0.07183	0.04329	0.14567	0.03110	0.05799	0.01160	0.00836	0.00246	0.00756	0.00925	0.03609	0.01185
12	0.01728	0.01642	0.02787	0.42998	0.30594	0.01854	0.02351	0.02245	0.01715	0.02311	0.01477	0.02100	0.01165	0.00775	0.00808	0.00258	0.01033	0.00722	0.00377	0.01059
13	0.06623	0.00862	0.01069	0.01042	0.01232	0.00824	0.00772	0.01526	0.02106	0.03084	0.51026	0.16557	0.06784	0.01741	0.00937	0.00267	0.00415	0.01533	0.00842	0.00756
14	0.02096	0.01726	0.01837	0.01641	0.02108	0.01979	0.01280	0.04295	0.61962	0.06434	0.03298	0.03015	0.02455	0.01096	0.00825	0.00274	0.00644	0.00913	0.00834	0.01289
15	0.03371	0.01813	0.02150	0.01649	0.02287	0.01833	0.01362	0.32883	0.03045	0.37034	0.02595	0.02368	0.01704	0.00990	0.00814	0.00247	0.00788	0.00775	0.00911	0.01380
16	0.01513	0.00756	0.00756	0.00756	0.00945	0.00756	0.00567	0.01891	0.01702	0.03025	0.02647	0.03025	0.02080	0.00945	0.00567	0.00189	0.00378	0.00756	0.75988	0.00756
17	0.01165	0.00784	0.00905	0.00919	0.00927	0.00786	0.00530	0.01187	0.01212	0.01621	0.02681	0.09977	0.03090	0.64023	0.06332	0.00773	0.00816	0.01250	0.00508	0.00513
18	0.02094	0.02292	0.04809	0.03477	0.04291	0.02130	0.61526	0.02701	0.02018	0.02756	0.01825	0.02439	0.01412	0.00815	0.01031	0.00308	0.01409	0.01007	0.00477	0.01185
19	0.01848	0.02082	0.04510	0.03254	0.04019	0.01951	0.58938	0.02493	0.01889	0.02561	0.01846	0.07162	0.01530	0.00818	0.00963	0.00278	0.01303	0.01055	0.00435	0.01063
20	0.01149	0.00886	0.01323	0.01390	0.01544	0.00842	0.05448	0.01401	0.01685	0.02220	0.04377	0.44989	0.07478	0.02298	0.01052	0.00336	0.00615	0.19524	0.00727	0.00718
21	0.03089	0.01298	0.01735	0.01370	0.01906	0.01153	0.01115	0.05770	0.02375	0.51008	0.16515	0.03432	0.03186	0.01142	0.00846	0.00252	0.00633	0.00951	0.00973	0.01250
22	0.02384	0.01490	0.01746	0.01501	0.01965	0.01553	0.01207	0.10871	0.24486	0.20857	0.10817	0.03940	0.05402	0.01269	0.00870	0.00272	0.00657	0.06656	0.00871	0.01188
23	0.02603	0.01808	0.01920	0.01526	0.02035	0.01977	0.01243	0.44761	0.03167	0.04473	0.02162	0.02278	0.01594	0.00965	0.00737	0.00227	0.00735	0.00738	0.23859	0.01189
24	0.01011	0.00735	0.00954	0.01088	0.01176	0.00678	0.00744	0.01196	0.01694	0.02266	0.14419	0.55710	0.10601	0.02365	0.01017	0.00313	0.00452	0.02127	0.00775	0.00678
25	0.77215	0.01569	0.01193	0.01067	0.01569	0.01820	0.00879	0.02385	0.01381	0.03641	0.01130	0.01318	0.00879	0.00753	0.00502	0.00251	0.00628	0.00439	0.00502	0.00879
26	0.07790	0.02228	0.02356	0.01816	0.02456	0.02472	0.01500	0.59823	0.03661	0.05020	0.01896	0.01908	0.01348	0.00960	0.00792	0.00244	0.00876	0.00712	0.00792	0.01348
27	0.03065	0.02845	0.02386	0.01947	0.02514	0.26116	0.01551	0.41996	0.03271	0.03990	0.01699	0.01774	0.01260	0.00925	0.00783	0.00231	0.01098	0.00656	0.00670	0.01222
28	0.02963	0.01613	0.01933	0.01565	0.02125	0.01635	0.01273	0.15993	0.17731	0.34488	0.05456	0.02998	0.02301	0.01087	0.00833	0.00260	0.00710	0.02814	0.00909	0.01313
29	0.02169	0.71972	0.04252	0.01388	0.02083	0.03211	0.01388	0.02430	0.01649	0.01909	0.01128	0.01302	0.01041	0.00694	0.00521	0.00174	0.00868	0.00434	0.00347	0.01041
30	0.30153	0.01539	0.01370	0.01184	0.01605	0.04427	0.00950	0.16314	0.02092	0.03689	0.01862	0.02075	0.01428	0.00876	0.00606	0.00226	0.00635	0.00622	0.27395	0.00953
31	0.06295	0.02213	0.02310	0.01793	0.02423	0.05471	0.01474	0.51136	0.03462	0.12237	0.02029	0.01995	0.01417	0.00962	0.00795	0.00243	0.00885	0.00718	0.00803	0.01338
32	0.05179	0.01134	0.01383	0.13201	0.01983	0.01240	0.00975	0.09700	0.01636	0.02257	0.02302	0.07294	0.02427	0.42819	0.02775	0.00575	0.00830	0.01058	0.00524	0.00709
33	0.00989	0.00706	0.00942	0.01130	0.01177	0.00659	0.00753	0.01130	0.01554	0.02071	0.04472	0.70954	0.05367	0.02542	0.01036	0.00330	0.00471	0.02307	0.00753	0.00659
34	0.01532	0.01442	0.02434	0.69533	0.05589	0.01803	0.02253	0.02073	0.01622	0.02073	0.01442	0.02163	0.01082	0.00811	0.00811	0.00270	0.01082	0.00721	0.00361	0.00901
35	0.01750	0.20651	0.43986	0.10054	0.03404	0.02203	0.02511	0.02476	0.01686	0.02347	0.01373	0.01665	0.01038	0.00757	0.00714	0.00238	0.01103	0.00573	0.00346	0.01125
36	0.01647	0.04079	0.63958	0.02451	0.06777	0.01887	0.02972	0.02566	0.01720	0.02574	0.01460	0.01728	0.01041	0.00768	0.00773	0.00256	0.01187	0.00606	0.00346	0.01204
37	0.01145	0.00860	0.01089	0.01222	0.01381	0.00828	0.00943	0.01489	0.05008	0.02284	0.05071	0.34329	0.16637	0.02272	0.01039	0.00331	0.00562	0.22030	0.00755	0.00726
38	0.02239	0.30790	0.25619	0.01745	0.02574	0.05709	0.01906	0.02747	0.01838	0.13061	0.03630	0.01847	0.01406	0.00810	0.00682	0.00220	0.00969	0.00593	0.00476	0.01139
39	0.01819	0.23534	0.38542	0.02135	0.05603	0.02343	0.02363	0.02452	0.01644	0.02308	0.01317	0.01613	0.01047	0.00824	0.00924	0.00244	0.09250	0.00570	0.00348	0.01120
40	0.01933	0.01575	0.01699	0.01527	0.01953	0.01770	0.01187	0.03814	0.51798	0.06024	0.10970	0.03608	0.06161	0.01209	0.00847	0.00272	0.00602	0.01017	0.00838	0.01198
41	0.01532	0.01442	0.02434	0.69533	0.05589	0.01803	0.02253	0.02073	0.01622	0.02073	0.01442	0.02163	0.01082	0.00811	0.00811	0.00270	0.01082	0.00721	0.00361	0.00901
42	0.06601	0.01348	0.01756	0.04652	0.02102	0.01272	0.01180	0.03476	0.08491	0.45854	0.07484	0.07249	0.02563	0.01136	0.00825	0.00260	0.00666	0.00943	0.00908	0.01235
43	0.01143	0.00889	0.01321	0.01483	0.05498	0.00840	0.03933	0.01387	0.01739	0.02365	0.15262	0.48511	0.05287	0.02162	0.01007	0.00310	0.00543	0.04838	0.00739	0.00743
44	0.03641	0.01381	0.01883	0.01444	0.02071	0.01193	0.01193	0.03954	0.02322	0.66984	0.03201	0.02762	0.02009	0.01004	0.00816	0.00251	0.00690	0.00816	0.01004	0.01381
45	0.01778	0.01732	0.02357	0.02038	0.02099	0.02367	0.01684	0.02211	0.08799	0.02121	0.01378	0.01985	0.01274	0.01583	0.05272	0.00386	0.58853	0.00742	0.00414	0.00928
46	0.02000	0.02031	0.02676	0.35306	0.15056	0.12556	0.05029	0.06808	0.01918	0.02396	0.01449	0.01986	0.01139	0.00844	0.00922	0.00259	0.05497	0.00701	0.00411	0.01017
47	0.00997	0.00800	0.00891	0.00919	0.01132	0.00693	0.00670	0.01220	0.01865	0.02348	0.17304	0.20391	0.43745	0.02087	0.00974	0.00282	0.00418	0.01792	0.00777	0.00693
48	0.01861	0.00946	0.01038	0.00945	0.01217	0.00948	0.00734	0.06586	0.01909	0.10704	0.02639	0.02924	0.02018	0.01204	0.03902	0.00255	0.00540	0.00767	0.57991	0.00874
49	0.02508	0.02123	0.02066	0.01761	0.02271	0.09960	0.01400	0.23469	0.32979	0.05743	0.02655	0.02735	0.02025	0.01072	0.00822	0.00260	0.00827	0.03292	0.00775	0.01256
50	0.77215	0.01569	0.01193	0.01067	0.01569	0.01820	0.00879	0.02385	0.01381	0.03641	0.01130	0.01318	0.00879	0.00753	0.00502	0.00251	0.00628	0.00439	0.00502	0.00879

[dist]
# distance from previous block
# <min> <max>
0	3

[block]
# block no. 2 follows, 23 sequences, length 12
# corresponding to MSA columns:
# 149-160
name=unknown_C
#
# <colnr> <probs for GDERKNQSTAVLIFYWHMCP>
#	G	D	E	R	K	N	Q	S	T	A	V	L	I	F	Y	W	H	M	C	P
0	0.01032	0.00737	0.00992	0.01180	0.01246	0.00697	0.00829	0.01206	0.01597	0.02120	0.04448	0.62460	0.05271	0.02501	0.01047	0.00336	0.00509	0.10368	0.00752	0.00671
1	0.02345	0.02064	0.02926	0.02280	0.02713	0.02411	0.14032	0.27633	0.02442	0.03390	0.01546	0.01930	0.01229	0.01088	0.01556	0.00293	0.27669	0.00768	0.00555	0.01133
2	0.06714	0.04304	0.04854	0.35747	0.15626	0.01857	0.01999	0.05061	0.01744	0.02515	0.01537	0.02077	0.01202	0.00833	0.00842	0.00255	0.04168	0.00690	0.06977	0.00996
3	0.01586	0.01506	0.02490	0.58603	0.08842	0.01882	0.02217	0.02085	0.01596	0.02095	0.01408	0.02113	0.01092	0.00870	0.01006	0.00278	0.08325	0.00720	0.00362	0.00923
4	0.00989	0.00706	0.00942	0.01130	0.01177	0.00659	0.00753	0.01130	0.01554	0.02071	0.04472	0.70954	0.05367	0.02542	0.01036	0.00330	0.00471	0.02307	0.00753	0.00659
5	0.01329	0.01050	0.01241	0.01228	0.01464	0.01060	0.00898	0.02099	0.18157	0.02725	0.18418	0.31326	0.07958	0.01832	0.00935	0.00284	0.00499	0.01621	0.00789	0.05086
6	0.05921	0.01786	0.05138	0.18346	0.03052	0.01867	0.01629	0.13386	0.11210	0.12532	0.02008	0.02193	0.01470	0.00943	0.00954	0.00255	0.07473	0.00721	0.00618	0.08498
7	0.01019	0.00728	0.00976	0.01164	0.01224	0.00685	0.00805	0.01182	0.01583	0.02105	0.04456	0.65129	0.05301	0.02514	0.01044	0.00334	0.00497	0.07835	0.00753	0.00667
8	0.00989	0.00706	0.00942	0.01130	0.01177	0.00659	0.00753	0.01130	0.01554	0.02071	0.04472	0.70954	0.05367	0.02542	0.01036	0.00330	0.00471	0.02307	0.00753	0.00659
9	0.02571	0.01777	0.01975	0.01627	0.02155	0.01919	0.01317	0.28409	0.20960	0.13538	0.05949	0.03227	0.05851	0.01165	0.00845	0.00262	0.00733	0.03622	0.00842	0.01256
10	0.06971	0.19065	0.34559	0.02054	0.02973	0.06040	0.07989	0.02659	0.01770	0.06709	0.01481	0.01693	0.01106	0.00763	0.00714	0.00236	0.01084	0.00595	0.00409	0.01129
11	0.13892	0.01357	0.01457	0.03882	0.01810	0.01477	0.01071	0.10278	0.14386	0.07482	0.02828	0.03419	0.04998	0.01194	0.00821	0.02611	0.00632	0.07163	0.18253	0.00988

[dist]
# distance from previous block
# <min> <max>
4	10

[block]
# block no. 3 follows, 23 sequences, length 39
# corresponding to MSA columns:
# 171-209
name=unknown_D
#
# <colnr> <probs for GDERKNQSTAVLIFYWHMCP>
#	G	D	E	R	K	N	Q	S	T	A	V	L	I	F	Y	W	H	M	C	P
0	0.05923	0.06538	0.43641	0.02190	0.03171	0.08318	0.07257	0.02754	0.01824	0.08718	0.01587	0.01788	0.01132	0.00789	0.00761	0.00249	0.01145	0.00626	0.00427	0.01160
1	0.04721	0.55206	0.14089	0.01561	0.02315	0.06323	0.01637	0.02493	0.01683	0.02078	0.01187	0.01376	0.01034	0.00716	0.00571	0.00191	0.00943	0.00465	0.00355	0.01056
2	0.01585	0.01496	0.02529	0.62361	0.12348	0.01817	0.02280	0.02120	0.01648	0.02137	0.01452	0.02146	0.01104	0.00801	0.00810	0.00267	0.01069	0.00721	0.00365	0.00944
3	0.01779	0.07674	0.21683	0.06374	0.03343	0.01874	0.23945	0.02406	0.01829	0.05140	0.07941	0.05395	0.01980	0.00938	0.00935	0.00265	0.04077	0.00895	0.00467	0.01061
4	0.04273	0.02145	0.15657	0.05248	0.10452	0.01642	0.22002	0.02399	0.01925	0.07171	0.13665	0.05177	0.02564	0.00979	0.00875	0.00263	0.00992	0.00965	0.00539	0.01066
5	0.01820	0.01206	0.01461	0.01281	0.01610	0.01191	0.00987	0.15633	0.02470	0.09818	0.30794	0.17478	0.04992	0.01575	0.00913	0.00262	0.00553	0.01366	0.00843	0.03745
6	0.01627	0.04197	0.67279	0.02313	0.03512	0.01884	0.02998	0.02570	0.01713	0.02570	0.01456	0.01713	0.01028	0.00771	0.00771	0.00257	0.01199	0.00600	0.00343	0.01199
7	0.01561	0.01498	0.02609	0.64602	0.05488	0.01821	0.06819	0.02112	0.01644	0.02112	0.01457	0.02165	0.01093	0.00802	0.00822	0.00271	0.01103	0.00739	0.00364	0.00916
8	0.01240	0.00893	0.01139	0.01239	0.01370	0.00879	0.00897	0.07288	0.01855	0.02479	0.07827	0.52981	0.05031	0.02302	0.01020	0.00322	0.00540	0.09187	0.00766	0.00746
9	0.01409	0.00705	0.01057	0.01057	0.01057	0.00705	0.00705	0.01057	0.01057	0.01409	0.01409	0.02467	0.01409	0.02819	0.03171	0.76392	0.00705	0.00705	0.00352	0.00352
10	0.01148	0.00829	0.01085	0.01021	0.01212	0.00766	0.00766	0.01531	0.02297	0.03254	0.65994	0.06061	0.07656	0.01659	0.00957	0.00255	0.00383	0.01467	0.00893	0.00766
11	0.01103	0.00864	0.01141	0.01229	0.01289	0.00912	0.00871	0.01256	0.01543	0.02082	0.06024	0.52882	0.09276	0.04713	0.01352	0.00342	0.09753	0.01986	0.00695	0.00689
12	0.01161	0.00779	0.00890	0.00909	0.00913	0.00774	0.00517	0.01175	0.01216	0.01622	0.02742	0.11675	0.03184	0.64799	0.03830	0.00742	0.00756	0.01289	0.00517	0.00508
13	0.00989	0.00706	0.00942	0.01130	0.01177	0.00659	0.00753	0.01130	0.01554	0.02071	0.04472	0.70954	0.05367	0.02542	0.01036	0.00330	0.00471	0.02307	0.00753	0.00659
14	0.02685	0.01947	0.02072	0.01648	0.02195	0.02152	0.01342	0.45932	0.10701	0.04547	0.02230	0.02263	0.01632	0.00984	0.00771	0.00238	0.00774	0.00757	0.13869	0.01260
15	0.22467	0.01498	0.01724	0.01371	0.01946	0.01477	0.01128	0.09955	0.02241	0.40544	0.05786	0.02471	0.01941	0.00970	0.00742	0.00250	0.00680	0.00743	0.00848	0.01219
16	0.01083	0.00790	0.01029	0.01163	0.01260	0.00761	0.00815	0.01383	0.04964	0.02325	0.12956	0.54769	0.05494	0.02327	0.01019	0.00319	0.00484	0.05570	0.00776	0.00712
17	0.01660	0.08251	0.63509	0.02257	0.03426	0.01964	0.02902	0.02561	0.01709	0.02530	0.01437	0.01689	0.01029	0.00766	0.00756	0.00252	0.01179	0.00590	0.00343	0.01190
18	0.02540	0.02876	0.02049	0.01843	0.02226	0.40629	0.01406	0.09893	0.06675	0.02462	0.02259	0.06382	0.06691	0.01324	0.03799	0.00284	0.04360	0.00800	0.00537	0.00966
19	0.01157	0.00777	0.00892	0.00914	0.00920	0.00772	0.00523	0.01174	0.01224	0.01632	0.02784	0.13097	0.03237	0.63305	0.03763	0.00732	0.00749	0.01314	0.00523	0.00512
20	0.01435	0.01420	0.02794	0.02233	0.02653	0.01330	0.30961	0.01837	0.01728	0.02326	0.03109	0.37836	0.03375	0.01647	0.00998	0.00303	0.00903	0.01657	0.00588	0.00869
21	0.02262	0.02065	0.03381	0.06595	0.05567	0.02192	0.26963	0.24085	0.02475	0.03365	0.01703	0.02101	0.01297	0.01114	0.04134	0.00317	0.07860	0.00827	0.00545	0.01154
22	0.02152	0.62594	0.10282	0.01507	0.02239	0.05761	0.01552	0.02477	0.01682	0.01976	0.01165	0.01348	0.01040	0.00707	0.00554	0.00183	0.00924	0.00454	0.00350	0.01052
23	0.00989	0.00706	0.00942	0.01130	0.01177	0.00659	0.00753	0.01130	0.01554	0.02071	0.04472	0.70954	0.05367	0.02542	0.01036	0.00330	0.00471	0.02307	0.00753	0.00659
24	0.01673	0.01627	0.02781	0.34038	0.14931	0.01912	0.09293	0.02139	0.01606	0.02199	0.01470	0.02149	0.01202	0.01280	0.06177	0.00357	0.13056	0.00758	0.00378	0.00974
25	0.01942	0.01852	0.03113	0.13899	0.55232	0.01914	0.02407	0.02507	0.04422	0.02601	0.01588	0.02072	0.01306	0.00751	0.00805	0.00247	0.00967	0.00731	0.00413	0.01231
26	0.02180	0.01178	0.01476	0.01253	0.01647	0.01112	0.00975	0.02783	0.11388	0.25859	0.25139	0.04297	0.06575	0.06529	0.01112	0.00292	0.00570	0.01108	0.00873	0.03654
27	0.12549	0.01936	0.02187	0.02240	0.13578	0.04405	0.01507	0.20678	0.08627	0.07556	0.04945	0.02785	0.04553	0.01320	0.03636	0.00327	0.00904	0.00843	0.04174	0.01249
28	0.02242	0.33765	0.05639	0.01392	0.01968	0.02138	0.01282	0.07163	0.02020	0.14812	0.09600	0.08002	0.04670	0.01086	0.00717	0.00223	0.00746	0.00851	0.00618	0.01064
29	0.00989	0.00706	0.00942	0.01130	0.01177	0.00659	0.00753	0.01130	0.01554	0.02071	0.04472	0.70954	0.05367	0.02542	0.01036	0.00330	0.00471	0.02307	0.00753	0.00659
30	0.01477	0.01499	0.02608	0.02010	0.02535	0.01406	0.27265	0.02109	0.08656	0.02493	0.04910	0.04919	0.31835	0.01373	0.00944	0.00274	0.00840	0.01308	0.00616	0.00922
31	0.29536	0.13572	0.25270	0.01582	0.02352	0.01963	0.01727	0.02502	0.01652	0.06751	0.05188	0.01822	0.01424	0.00819	0.00646	0.00241	0.00859	0.00579	0.00474	0.01042
32	0.01570	0.01472	0.02603	0.13957	0.05256	0.01490	0.21411	0.04547	0.04051	0.02466	0.02901	0.18773	0.07130	0.04065	0.01042	0.00300	0.00913	0.01267	0.03870	0.00916
33	0.01180	0.00787	0.00885	0.00885	0.00885	0.00787	0.00492	0.01180	0.01180	0.01573	0.02557	0.05310	0.02950	0.71483	0.04130	0.00787	0.00787	0.01180	0.00492	0.00492
34	0.01683	0.01442	0.01683	0.01202	0.01923	0.01082	0.00961	0.02043	0.01683	0.02644	0.01442	0.01683	0.01202	0.00601	0.00601	0.00120	0.00601	0.00481	0.00481	0.76444
35	0.00986	0.00717	0.00930	0.01100	0.01169	0.00662	0.00740	0.01133	0.01582	0.02083	0.04836	0.64832	0.11254	0.02495	0.01028	0.00324	0.00465	0.02249	0.00753	0.00662
36	0.12506	0.01736	0.02080	0.02217	0.14831	0.01885	0.01471	0.07191	0.31208	0.12455	0.02560	0.02491	0.01891	0.00957	0.00775	0.00260	0.00726	0.00788	0.00722	0.01249
37	0.01828	0.02149	0.07285	0.03137	0.03914	0.01920	0.54630	0.02494	0.01943	0.02661	0.07872	0.02542	0.01845	0.00782	0.00949	0.00271	0.01265	0.00991	0.00454	0.01067
38	0.01667	0.01612	0.02731	0.38545	0.09072	0.01756	0.11552	0.02175	0.01676	0.02295	0.01460	0.02049	0.01141	0.00778	0.00891	0.00246	0.04605	0.00714	0.00393	0.14642

[dist]
# distance from previous block
# <min> <max>
0	1

[block]
# block no. 4 follows, 23 sequences, length 13
# corresponding to MSA columns:
# 211-223
name=unknown_E
#
# <colnr> <probs for GDERKNQSTAVLIFYWHMCP>
#	G	D	E	R	K	N	Q	S	T	A	V	L	I	F	Y	W	H	M	C	P
0	0.07103	0.53262	0.03662	0.01498	0.02139	0.12061	0.01392	0.06794	0.01872	0.02252	0.01203	0.01370	0.01055	0.00737	0.00569	0.00188	0.00937	0.00467	0.00399	0.01041
1	0.01565	0.01476	0.02494	0.65046	0.09818	0.01811	0.02270	0.02102	0.01638	0.02113	0.01448	0.02153	0.01096	0.00805	0.00811	0.00268	0.01073	0.00721	0.00363	0.00928
2	0.01711	0.01602	0.02596	0.47219	0.04638	0.01905	0.07363	0.06420	0.01763	0.02354	0.01453	0.02077	0.01121	0.00866	0.01018	0.00269	0.08764	0.00726	0.00403	0.05732
3	0.03014	0.01698	0.02015	0.01617	0.02183	0.01735	0.01328	0.27482	0.07235	0.30185	0.02848	0.05933	0.02139	0.01160	0.00848	0.00262	0.00762	0.05379	0.00885	0.01294
4	0.00989	0.00706	0.00942	0.01130	0.01177	0.00659	0.00753	0.01130	0.01554	0.02071	0.04472	0.70954	0.05367	0.02542	0.01036	0.00330	0.00471	0.02307	0.00753	0.00659
5	0.01086	0.00814	0.01007	0.00987	0.01181	0.00735	0.00730	0.01400	0.02107	0.02871	0.45497	0.13920	0.20978	0.01852	0.00967	0.00268	0.00399	0.01621	0.00845	0.00735
6	0.02748	0.03354	0.02491	0.02606	0.13809	0.51133	0.01748	0.03003	0.02134	0.02101	0.01287	0.01585	0.01089	0.00864	0.00901	0.00227	0.06940	0.00573	0.00410	0.00997
7	0.02111	0.01789	0.01887	0.01670	0.02145	0.02062	0.01307	0.09498	0.59617	0.03544	0.03184	0.02933	0.02381	0.01090	0.00824	0.00272	0.00664	0.00901	0.00824	0.01293
8	0.77215	0.01569	0.01193	0.01067	0.01569	0.01820	0.00879	0.02385	0.01381	0.03641	0.01130	0.01318	0.00879	0.00753	0.00502	0.00251	0.00628	0.00439	0.00502	0.00879
9	0.11470	0.01047	0.01203	0.01070	0.01413	0.01038	0.00843	0.02461	0.01790	0.21321	0.02652	0.05954	0.02059	0.01576	0.08060	0.00343	0.00700	0.00819	0.33238	0.00943
10	0.02262	0.01530	0.01725	0.01466	0.01926	0.01604	0.01171	0.18590	0.18865	0.14215	0.08957	0.06358	0.12601	0.01345	0.00872	0.00267	0.00656	0.03606	0.00841	0.01145
11	0.34092	0.36845	0.02817	0.01288	0.01897	0.02568	0.01184	0.07021	0.01698	0.02885	0.01191	0.01357	0.00998	0.00740	0.00535	0.00212	0.00768	0.00459	0.00448	0.00998
12	0.58378	0.05326	0.09321	0.06791	0.02152	0.01895	0.01268	0.02384	0.01453	0.03301	0.01194	0.01433	0.00921	0.00757	0.00560	0.00250	0.00744	0.00481	0.00464	0.00927

[dist]
# distance from previous block
# <min> <max>
1	5

[block]
# block no. 5 follows, 23 sequences, length 16
# corresponding to MSA columns:
# 229-244
name=unknown_F
#
# <colnr> <probs for GDERKNQSTAVLIFYWHMCP>
#	G	D	E	R	K	N	Q	S	T	A	V	L	I	F	Y	W	H	M	C	P
0	0.50278	0.02321	0.18976	0.01614	0.02330	0.01859	0.07238	0.02454	0.01518	0.03261	0.01263	0.01503	0.00951	0.00751	0.00615	0.00255	0.00847	0.00530	0.00452	0.00983
1	0.01140	0.00822	0.01081	0.01051	0.01229	0.00763	0.00787	0.01501	0.02210	0.03110	0.57731	0.12166	0.07320	0.01765	0.00971	0.00267	0.00406	0.04051	0.00874	0.00755
2	0.03092	0.01363	0.01778	0.01413	0.01959	0.01251	0.01148	0.06158	0.07587	0.49084	0.12982	0.03265	0.02904	0.01113	0.00839	0.00253	0.00647	0.00923	0.00964	0.01277
3	0.18129	0.01442	0.01743	0.01383	0.01974	0.01371	0.01136	0.03667	0.06261	0.50230	0.02797	0.02493	0.01815	0.00961	0.00754	0.00253	0.00675	0.00748	0.00893	0.01275
4	0.01563	0.01502	0.02624	0.64195	0.05480	0.01823	0.07197	0.02116	0.01646	0.02116	0.01458	0.02165	0.01094	0.00801	0.00823	0.00271	0.01105	0.00740	0.00365	0.00917
5	0.02278	0.01079	0.01447	0.01213	0.01602	0.00959	0.00959	0.02630	0.02308	0.32148	0.37525	0.04565	0.05096	0.01362	0.00893	0.00253	0.00522	0.01172	0.00944	0.01045
6	0.03447	0.01424	0.01877	0.01468	0.02076	0.01291	0.01204	0.03997	0.09801	0.59391	0.03213	0.02794	0.02065	0.01016	0.00817	0.00254	0.00685	0.00828	0.00983	0.01369
7	0.09008	0.01529	0.01690	0.01524	0.01910	0.01663	0.01220	0.25122	0.09530	0.03568	0.03055	0.19915	0.03010	0.01574	0.00894	0.00292	0.00712	0.11989	0.00759	0.01035
8	0.01611	0.01074	0.01332	0.01181	0.01473	0.01052	0.00912	0.07149	0.07485	0.09346	0.49771	0.05168	0.06191	0.01496	0.00921	0.00255	0.00475	0.01301	0.00891	0.00916
9	0.01874	0.02054	0.04250	0.07668	0.08084	0.01938	0.49758	0.02506	0.01870	0.02572	0.01603	0.02129	0.01222	0.00687	0.00905	0.00257	0.01252	0.00883	0.00413	0.08075
10	0.01659	0.01203	0.01414	0.01316	0.01639	0.01228	0.01050	0.09489	0.13050	0.06616	0.21287	0.07908	0.14209	0.01649	0.00944	0.00285	0.00582	0.12708	0.00824	0.00941
11	0.01683	0.01442	0.01683	0.01202	0.01923	0.01082	0.00961	0.02043	0.01683	0.02644	0.01442	0.01683	0.01202	0.00601	0.00601	0.00120	0.00601	0.00481	0.00481	0.76444
12	0.01409	0.00705	0.01057	0.01057	0.01057	0.00705	0.00705	0.01057	0.01057	0.01409	0.01409	0.02467	0.01409	0.02819	0.03171	0.76392	0.00705	0.00705	0.00352	0.00352
13	0.05361	0.00979	0.01217	0.01178	0.01398	0.00938	0.00865	0.01504	0.01718	0.02523	0.17730	0.35592	0.04643	0.01828	0.01016	0.00273	0.04920	0.01588	0.00698	0.14030
14	0.08239	0.01676	0.02156	0.02195	0.13398	0.01779	0.04802	0.08922	0.24487	0.10257	0.09120	0.02984	0.04315	0.01046	0.00818	0.00259	0.00733	0.00898	0.00725	0.01190
15	0.08443	0.01557	0.07534	0.01426	0.01826	0.01423	0.01197	0.08530	0.16933	0.05830	0.13530	0.21722	0.03722	0.01510	0.00869	0.00279	0.00629	0.01294	0.00750	0.00997

[dist]
# distance from previous block
# <min> <max>
1	4

[block]
# block no. 6 follows, 23 sequences, length 45
# corresponding to MSA columns:
# 249-293
name=unknown_G
#
# <colnr> <probs for GDERKNQSTAVLIFYWHMCP>
#	G	D	E	R	K	N	Q	S	T	A	V	L	I	F	Y	W	H	M	C	P
0	0.12141	0.05851	0.27303	0.01598	0.02291	0.01512	0.01727	0.02370	0.01812	0.10377	0.11993	0.08871	0.02612	0.01103	0.00769	0.00254	0.00805	0.00895	0.04690	0.01027
1	0.08567	0.02876	0.33638	0.05693	0.02977	0.01884	0.04417	0.05685	0.07569	0.05851	0.05296	0.02150	0.01596	0.00929	0.00949	0.00267	0.07332	0.00709	0.00491	0.01123
2	0.01799	0.01733	0.06047	0.06587	0.05609	0.01412	0.15343	0.02274	0.01793	0.06036	0.04108	0.04213	0.01609	0.00770	0.00752	0.00196	0.00848	0.00734	0.00498	0.37636
3	0.02355	0.02194	0.08139	0.04212	0.11275	0.08095	0.01617	0.26959	0.02629	0.03594	0.02070	0.02259	0.03683	0.00917	0.00755	0.00228	0.00877	0.00724	0.12467	0.04950
4	0.01881	0.01560	0.01789	0.01296	0.02007	0.01285	0.01044	0.10784	0.01985	0.02994	0.01514	0.01720	0.01227	0.00654	0.00631	0.00138	0.00642	0.00516	0.00528	0.65805
5	0.09044	0.63108	0.06199	0.01392	0.02086	0.03036	0.01399	0.02431	0.01626	0.02091	0.01140	0.01318	0.01026	0.00702	0.00528	0.00184	0.00857	0.00440	0.00361	0.01032
6	0.00997	0.00712	0.00949	0.01124	0.01179	0.00664	0.00754	0.01150	0.01591	0.02130	0.07540	0.67718	0.05481	0.02498	0.01032	0.00326	0.00466	0.02265	0.00760	0.00664
7	0.08773	0.01931	0.02777	0.02971	0.23274	0.04336	0.11602	0.06337	0.17687	0.08890	0.02118	0.02277	0.01600	0.00856	0.00806	0.00255	0.00909	0.00786	0.00594	0.01220
8	0.06470	0.08229	0.08265	0.02007	0.06681	0.21872	0.01599	0.05829	0.15927	0.05897	0.02126	0.02205	0.04052	0.00958	0.00845	0.00243	0.04442	0.00700	0.00556	0.01097
9	0.01796	0.01838	0.02835	0.02326	0.02450	0.02420	0.11135	0.02051	0.01345	0.02051	0.01153	0.01838	0.01090	0.01309	0.02404	0.00343	0.59587	0.00748	0.00363	0.00919
10	0.00980	0.00812	0.00859	0.00870	0.01115	0.00691	0.00644	0.01198	0.01867	0.02286	0.13594	0.13436	0.54731	0.02061	0.00966	0.00277	0.00414	0.01743	0.00767	0.00691
11	0.02445	0.01836	0.04378	0.01646	0.02147	0.07697	0.03784	0.10582	0.19106	0.19330	0.06436	0.09663	0.04878	0.01215	0.00849	0.00263	0.00771	0.01019	0.00791	0.01166
12	0.24590	0.02320	0.17445	0.06634	0.02974	0.01873	0.16112	0.08026	0.01891	0.03151	0.06273	0.02082	0.01562	0.00833	0.00754	0.00259	0.00969	0.00720	0.00492	0.01042
13	0.01001	0.00759	0.00928	0.01055	0.01185	0.00686	0.00747	0.01179	0.01671	0.02135	0.05675	0.46287	0.24995	0.02364	0.01017	0.00315	0.00470	0.06107	0.00753	0.00673
14	0.01810	0.27077	0.46002	0.02001	0.03029	0.02332	0.02455	0.02522	0.01691	0.02347	0.01345	0.01574	0.01032	0.00745	0.00686	0.00229	0.01087	0.00544	0.00344	0.01146
15	0.06071	0.04293	0.06644	0.04967	0.02322	0.01646	0.01394	0.12243	0.11254	0.30040	0.08370	0.02758	0.02295	0.01024	0.00801	0.00252	0.00745	0.00826	0.00815	0.01239
16	0.01209	0.00904	0.01330	0.01442	0.01603	0.00878	0.04124	0.01504	0.01744	0.02293	0.04237	0.33689	0.04782	0.02286	0.01079	0.00351	0.00666	0.34417	0.00733	0.00729
17	0.01402	0.00838	0.01117	0.01197	0.01358	0.00772	0.00873	0.01609	0.01746	0.11233	0.07341	0.48253	0.07758	0.02228	0.01008	0.00318	0.00527	0.08853	0.00794	0.00776
18	0.06008	0.02277	0.09190	0.02826	0.11993	0.02115	0.23248	0.20542	0.02418	0.06583	0.01733	0.02023	0.01280	0.00825	0.00900	0.00259	0.03229	0.00786	0.00553	0.01211
19	0.01725	0.13713	0.54897	0.02324	0.06672	0.02075	0.02742	0.02546	0.01711	0.02480	0.01413	0.01670	0.01044	0.00757	0.00737	0.00244	0.01139	0.00583	0.00346	0.01181
20	0.01253	0.00895	0.01245	0.01432	0.01595	0.00887	0.01213	0.01587	0.01814	0.02367	0.04326	0.19688	0.04789	0.02293	0.01106	0.00366	0.00700	0.50962	0.00748	0.00732
21	0.01433	0.01405	0.02740	0.02189	0.02596	0.01318	0.30115	0.01821	0.01703	0.02292	0.03044	0.35238	0.03301	0.05357	0.01165	0.00328	0.00908	0.01615	0.00579	0.00854
22	0.01554	0.01586	0.03176	0.08491	0.03254	0.01528	0.34900	0.02035	0.01770	0.02374	0.02660	0.24766	0.02712	0.01367	0.00977	0.00296	0.01024	0.04080	0.00532	0.00921
23	0.01691	0.01591	0.02620	0.47872	0.21410	0.01850	0.02250	0.02336	0.05993	0.02316	0.01591	0.02181	0.01230	0.00808	0.00810	0.00263	0.01021	0.00735	0.00403	0.01029
24	0.01140	0.00829	0.01073	0.01012	0.01207	0.00762	0.00759	0.01515	0.02277	0.03206	0.63387	0.06140	0.10292	0.01677	0.00957	0.00256	0.00384	0.01478	0.00887	0.00762
25	0.02407	0.02502	0.02030	0.01642	0.02235	0.27317	0.01280	0.11388	0.02229	0.02745	0.01442	0.01636	0.01167	0.00746	0.00682	0.00172	0.00977	0.00533	0.00504	0.36366
26	0.01115	0.00828	0.01038	0.00985	0.01191	0.00751	0.00739	0.01466	0.02217	0.03064	0.55648	0.06374	0.18120	0.01730	0.00957	0.00259	0.00388	0.01511	0.00868	0.00751
27	0.02502	0.01417	0.01766	0.01303	0.01985	0.01128	0.01058	0.02843	0.01950	0.29569	0.02178	0.02134	0.01539	0.00770	0.00691	0.00175	0.00638	0.00621	0.00700	0.45031
28	0.01123	0.00773	0.00908	0.00947	0.00985	0.00751	0.00577	0.01192	0.01376	0.01834	0.07601	0.20608	0.07005	0.47355	0.03042	0.00619	0.00667	0.01486	0.00592	0.00559
29	0.01409	0.00705	0.01057	0.01057	0.01057	0.00705	0.00705	0.01057	0.01057	0.01409	0.01409	0.02467	0.01409	0.02819	0.03171	0.76392	0.00705	0.00705	0.00352	0.00352
30	0.03064	0.02153	0.02343	0.01813	0.02447	0.02358	0.01492	0.54074	0.07837	0.10792	0.02158	0.02098	0.01513	0.00986	0.00813	0.00246	0.00857	0.00751	0.00831	0.01374
31	0.01148	0.00829	0.01085	0.01021	0.01212	0.00766	0.00766	0.01531	0.02297	0.03254	0.65994	0.06061	0.07656	0.01659	0.00957	0.00255	0.00383	0.01467	0.00893	0.00766
32	0.01627	0.04197	0.67279	0.02313	0.03512	0.01884	0.02998	0.02570	0.01713	0.02570	0.01456	0.01713	0.01028	0.00771	0.00771	0.00257	0.01199	0.00600	0.00343	0.01199
33	0.03180	0.01534	0.01933	0.01465	0.02114	0.01382	0.01204	0.13097	0.02438	0.44914	0.02668	0.02427	0.01755	0.00923	0.00774	0.00225	0.00706	0.00739	0.00874	0.15647
34	0.02018	0.01718	0.01828	0.01651	0.02101	0.01977	0.01295	0.06329	0.59293	0.03404	0.03307	0.03322	0.02557	0.01158	0.00841	0.00279	0.00657	0.04183	0.00821	0.01259
35	0.01901	0.02287	0.07843	0.03366	0.04205	0.02044	0.60518	0.02598	0.01905	0.02598	0.01633	0.02166	0.01221	0.00688	0.00948	0.00273	0.01360	0.00940	0.00407	0.01100
36	0.01774	0.05392	0.24300	0.01950	0.06134	0.04523	0.05121	0.02345	0.01740	0.02558	0.01441	0.01713	0.01136	0.00684	0.00691	0.00187	0.00914	0.00560	0.00418	0.36421
37	0.03492	0.01414	0.01879	0.01463	0.02075	0.01268	0.01201	0.03987	0.08076	0.61143	0.03211	0.02786	0.02052	0.01013	0.00817	0.00253	0.00686	0.00825	0.00988	0.01372
38	0.01563	0.00849	0.01184	0.01131	0.01191	0.00871	0.00782	0.06813	0.01310	0.01750	0.01459	0.02419	0.01407	0.02649	0.02955	0.69397	0.00722	0.00707	0.00395	0.00447
39	0.12920	0.05144	0.01728	0.01318	0.01819	0.01322	0.01068	0.03066	0.04964	0.36544	0.08224	0.11031	0.02685	0.01187	0.00789	0.00254	0.00634	0.00974	0.00835	0.03492
40	0.01656	0.07767	0.63960	0.02264	0.03437	0.01954	0.02913	0.02562	0.01710	0.02535	0.01439	0.01691	0.01029	0.00767	0.00758	0.00253	0.01182	0.00591	0.00343	0.01191
41	0.30175	0.01345	0.01412	0.01192	0.01662	0.01370	0.00963	0.05820	0.02004	0.22611	0.14344	0.03253	0.08479	0.01126	0.00738	0.00254	0.00596	0.00874	0.00765	0.01018
42	0.07020	0.01375	0.01760	0.07706	0.02151	0.01512	0.03990	0.07840	0.11221	0.09238	0.12195	0.09814	0.02947	0.01250	0.00981	0.00267	0.06880	0.01027	0.09838	0.00989
43	0.17097	0.11681	0.08583	0.02114	0.09339	0.05361	0.07841	0.16502	0.02177	0.03251	0.01671	0.05233	0.01386	0.00888	0.00720	0.00240	0.00910	0.00713	0.03195	0.01099
44	0.01949	0.11539	0.38528	0.01968	0.02861	0.04431	0.02231	0.05707	0.10922	0.05903	0.01837	0.02075	0.01394	0.04132	0.00908	0.00272	0.01030	0.00667	0.00478	0.01168

[dist]
# distance from previous block
# <min> <max>
30	45

# created by:
# /st0/software/busco_prod/Augustus/scripts/msa2prfl.pl ./align_prep/112177.fa
