[name]
unknown

[dist]
# distance from previous block
# <min> <max>
0	0

[block]
# block no. 0 follows, 21 sequences, length 27
# corresponding to MSA columns:
# 0-26
name=unknown_A
#
# <colnr> <probs for GDERKNQSTAVLIFYWHMCP>
#	G	D	E	R	K	N	Q	S	T	A	V	L	I	F	Y	W	H	M	C	P
0	0.01371	0.00980	0.01371	0.01567	0.01763	0.00980	0.01371	0.01763	0.01959	0.02547	0.04506	0.09599	0.04898	0.02351	0.01175	0.00392	0.00784	0.59056	0.00784	0.00784
1	0.76103	0.01646	0.01251	0.01119	0.01646	0.01909	0.00922	0.02502	0.01448	0.03818	0.01185	0.01382	0.00922	0.00790	0.00527	0.00263	0.00658	0.00461	0.00527	0.00922
2	0.01051	0.00854	0.00917	0.00919	0.01163	0.00735	0.00674	0.01280	0.01959	0.02434	0.16847	0.11673	0.48735	0.05532	0.01177	0.00315	0.00450	0.01767	0.00800	0.00720
3	0.02446	0.03201	0.38718	0.02076	0.03060	0.01762	0.02376	0.07596	0.02165	0.21849	0.02254	0.02500	0.01589	0.00968	0.00843	0.00272	0.01051	0.03341	0.00626	0.01308
4	0.02057	0.45185	0.27967	0.01828	0.02760	0.02833	0.02104	0.02605	0.01755	0.02268	0.01315	0.01531	0.01087	0.00759	0.00647	0.00216	0.01044	0.00522	0.00362	0.01156
5	0.01707	0.04402	0.65683	0.02426	0.03683	0.01976	0.03144	0.02695	0.01797	0.02695	0.01527	0.01797	0.01078	0.00809	0.00809	0.00270	0.01258	0.00629	0.00359	0.01258
6	0.03000	0.01543	0.01893	0.01560	0.02119	0.01532	0.01252	0.04091	0.24580	0.38153	0.08030	0.03261	0.02736	0.01142	0.00871	0.00273	0.00681	0.00946	0.00976	0.01362
7	0.02275	0.70604	0.04459	0.01456	0.02184	0.03367	0.01456	0.02548	0.01729	0.02002	0.01183	0.01365	0.01092	0.00728	0.00546	0.00182	0.00910	0.00455	0.00364	0.01092
8	0.01645	0.01551	0.02621	0.63272	0.10339	0.01901	0.02382	0.02208	0.01720	0.02220	0.01519	0.02257	0.01151	0.00844	0.00850	0.00281	0.01125	0.00756	0.00381	0.00976
9	0.02117	0.01828	0.01924	0.01732	0.02213	0.02117	0.01347	0.04522	0.63246	0.03560	0.03464	0.03175	0.02598	0.01155	0.00866	0.00289	0.00673	0.00962	0.00866	0.01347
10	0.01046	0.00748	0.00996	0.01178	0.01236	0.00698	0.00791	0.01209	0.01674	0.02243	0.08104	0.65921	0.05766	0.02613	0.01081	0.00341	0.00488	0.02369	0.00798	0.00698
11	0.01238	0.00825	0.00928	0.00928	0.00928	0.00825	0.00516	0.01238	0.01238	0.01650	0.02681	0.05569	0.03094	0.70092	0.04331	0.00825	0.00825	0.01238	0.00516	0.00516
12	0.01095	0.00866	0.00986	0.00956	0.01204	0.00757	0.00717	0.01395	0.02151	0.02801	0.33762	0.07363	0.38984	0.01968	0.01005	0.00278	0.00418	0.01680	0.00856	0.00757
13	0.30484	0.01564	0.02048	0.42104	0.04227	0.01898	0.01805	0.02301	0.01603	0.02812	0.01386	0.01925	0.01052	0.00827	0.00725	0.00276	0.00950	0.00642	0.00436	0.00936
14	0.03179	0.04056	0.02412	0.02192	0.02631	0.66676	0.01644	0.03398	0.02412	0.02083	0.01315	0.01535	0.01096	0.00877	0.00767	0.00219	0.01535	0.00548	0.00438	0.00987
15	0.01035	0.00748	0.00979	0.01164	0.01229	0.00693	0.00781	0.01187	0.01649	0.02180	0.04941	0.65634	0.09370	0.02634	0.01081	0.00342	0.00490	0.02380	0.00790	0.00693
16	0.02275	0.70604	0.04459	0.01456	0.02184	0.03367	0.01456	0.02548	0.01729	0.02002	0.01183	0.01365	0.01092	0.00728	0.00546	0.00182	0.00910	0.00455	0.00364	0.01092
17	0.02482	0.01927	0.02234	0.01735	0.02398	0.01953	0.03963	0.23934	0.17481	0.07016	0.02274	0.02284	0.01694	0.00920	0.00793	0.00225	0.00788	0.00747	0.00739	0.24413
18	0.01841	0.01837	0.03376	0.35406	0.22236	0.01988	0.16088	0.02425	0.01839	0.02473	0.01586	0.02229	0.01231	0.00794	0.00884	0.00276	0.01169	0.00814	0.00402	0.01106
19	0.01204	0.00870	0.01138	0.01071	0.01271	0.00803	0.00803	0.01606	0.02409	0.03413	0.64335	0.06357	0.08030	0.01740	0.01004	0.00268	0.00401	0.01539	0.00937	0.00803
20	0.02279	0.01908	0.02015	0.01765	0.02275	0.02192	0.01386	0.12831	0.54673	0.03821	0.03258	0.03011	0.02431	0.01135	0.00864	0.00284	0.00712	0.00934	0.00864	0.01362
21	0.01610	0.03872	0.56321	0.02246	0.03329	0.01790	0.02804	0.02477	0.01772	0.02619	0.01985	0.11599	0.01736	0.01077	0.00849	0.00281	0.01147	0.00888	0.00422	0.01176
22	0.01707	0.04402	0.65683	0.02426	0.03683	0.01976	0.03144	0.02695	0.01797	0.02695	0.01527	0.01797	0.01078	0.00809	0.00809	0.00270	0.01258	0.00629	0.00359	0.01258
23	0.01061	0.00759	0.01009	0.01168	0.01240	0.00707	0.00792	0.01246	0.01742	0.02352	0.13321	0.60395	0.05976	0.02532	0.01074	0.00334	0.00480	0.02292	0.00811	0.00707
24	0.01066	0.00753	0.00979	0.01148	0.01190	0.00711	0.00750	0.01193	0.01573	0.02097	0.04400	0.60281	0.05262	0.12423	0.01556	0.00415	0.00542	0.02248	0.00750	0.00666
25	0.01328	0.00975	0.01171	0.01117	0.01117	0.01083	0.00710	0.01355	0.01247	0.01708	0.02455	0.05033	0.02808	0.60165	0.04109	0.00760	0.10623	0.01166	0.00495	0.00576
26	0.01789	0.13982	0.56824	0.02285	0.03466	0.02178	0.02900	0.02674	0.01787	0.02595	0.01477	0.01734	0.01080	0.00797	0.00771	0.00257	0.01207	0.00604	0.00360	0.01234

[dist]
# distance from previous block
# <min> <max>
0	3

[block]
# block no. 1 follows, 21 sequences, length 63
# corresponding to MSA columns:
# 30-75,84-100
name=unknown_B
#
# <colnr> <probs for GDERKNQSTAVLIFYWHMCP>
#	G	D	E	R	K	N	Q	S	T	A	V	L	I	F	Y	W	H	M	C	P
0	0.01070	0.00744	0.00976	0.01161	0.01220	0.00697	0.00778	0.01234	0.01639	0.02233	0.04574	0.65495	0.05419	0.02564	0.01056	0.00337	0.00488	0.02320	0.05299	0.00697
1	0.01236	0.00828	0.00941	0.00937	0.00949	0.00824	0.00533	0.01260	0.01309	0.01757	0.06436	0.05617	0.03395	0.65929	0.04129	0.00791	0.00799	0.01256	0.00541	0.00533
2	0.01037	0.00741	0.00987	0.01185	0.01234	0.00691	0.00790	0.01185	0.01629	0.02172	0.04690	0.69537	0.05629	0.02666	0.01086	0.00346	0.00494	0.02419	0.00790	0.00691
3	0.02009	0.02296	0.05022	0.03587	0.04448	0.02152	0.61693	0.02726	0.02009	0.02726	0.01722	0.02296	0.01291	0.00717	0.01004	0.00287	0.01435	0.01004	0.00430	0.01148
4	0.10893	0.01468	0.01904	0.01475	0.02121	0.01315	0.01219	0.03986	0.02339	0.59349	0.03145	0.02748	0.01991	0.01028	0.00824	0.00263	0.00718	0.00817	0.01002	0.01397
5	0.76103	0.01646	0.01251	0.01119	0.01646	0.01909	0.00922	0.02502	0.01448	0.03818	0.01185	0.01382	0.00922	0.00790	0.00527	0.00263	0.00658	0.00461	0.00527	0.00922
6	0.01765	0.01513	0.01765	0.01260	0.02017	0.01134	0.01008	0.02143	0.01765	0.02773	0.01513	0.01765	0.01260	0.00630	0.00630	0.00126	0.00630	0.00504	0.00504	0.75295
7	0.01065	0.00761	0.01017	0.01199	0.01265	0.00713	0.00822	0.01241	0.01694	0.02267	0.08262	0.62530	0.05734	0.02594	0.01086	0.00343	0.00504	0.05402	0.00798	0.00703
8	0.01121	0.00896	0.01005	0.00991	0.01233	0.00813	0.00734	0.01459	0.04354	0.02580	0.21803	0.10175	0.39222	0.05318	0.04177	0.00359	0.00539	0.01663	0.00802	0.00756
9	0.02029	0.02000	0.03136	0.22870	0.44331	0.05867	0.02483	0.02535	0.01899	0.02566	0.01559	0.02118	0.01272	0.00792	0.00840	0.00259	0.01077	0.00745	0.00410	0.01212
10	0.01711	0.01402	0.01575	0.01438	0.01795	0.01533	0.01105	0.03227	0.36221	0.03494	0.30503	0.04588	0.05011	0.01415	0.00927	0.00279	0.00553	0.01218	0.00897	0.01105
11	0.02077	0.01993	0.03402	0.08858	0.61375	0.02014	0.02597	0.02586	0.01924	0.02745	0.01596	0.02116	0.01336	0.00764	0.00843	0.00255	0.01018	0.00758	0.00419	0.01325
12	0.01006	0.00862	0.00862	0.00862	0.01149	0.00718	0.00647	0.01221	0.01940	0.02299	0.08621	0.08190	0.64438	0.02155	0.01006	0.00287	0.00431	0.01796	0.00790	0.00718
13	0.01765	0.01513	0.01765	0.01260	0.02017	0.01134	0.01008	0.02143	0.01765	0.02773	0.01513	0.01765	0.01260	0.00630	0.00630	0.00126	0.00630	0.00504	0.00504	0.75295
14	0.02106	0.02022	0.03454	0.05223	0.64784	0.02022	0.02612	0.02612	0.01938	0.02780	0.01601	0.02106	0.01348	0.00758	0.00842	0.00253	0.01011	0.00758	0.00421	0.01348
15	0.06410	0.66742	0.04280	0.01437	0.02154	0.03286	0.01426	0.02546	0.01713	0.02104	0.01183	0.01366	0.01083	0.00732	0.00545	0.00187	0.00896	0.00455	0.00373	0.01083
16	0.02642	0.02561	0.02151	0.01976	0.06015	0.26598	0.01434	0.11272	0.06146	0.08003	0.05482	0.05067	0.02012	0.03903	0.00954	0.00255	0.01044	0.00796	0.00626	0.11062
17	0.02212	0.63277	0.11235	0.01563	0.02350	0.03213	0.01643	0.02564	0.01737	0.02079	0.01221	0.01413	0.01091	0.00737	0.00575	0.00192	0.00949	0.00474	0.00364	0.01110
18	0.76103	0.01646	0.01251	0.01119	0.01646	0.01909	0.00922	0.02502	0.01448	0.03818	0.01185	0.01382	0.00922	0.00790	0.00527	0.00263	0.00658	0.00461	0.00527	0.00922
19	0.01999	0.01970	0.03082	0.26622	0.40794	0.05876	0.02468	0.02509	0.01885	0.02530	0.01553	0.02128	0.01259	0.00797	0.00841	0.00261	0.01085	0.00745	0.00407	0.01188
20	0.02240	0.02145	0.03761	0.06428	0.03697	0.02088	0.34088	0.16760	0.02428	0.03333	0.01753	0.02147	0.01315	0.00783	0.00898	0.00253	0.01167	0.00852	0.00540	0.13325
21	0.02106	0.02022	0.03454	0.05223	0.64784	0.02022	0.02612	0.02612	0.01938	0.02780	0.01601	0.02106	0.01348	0.00758	0.00842	0.00253	0.01011	0.00758	0.00421	0.01348
22	0.02284	0.01943	0.02862	0.02240	0.02876	0.02019	0.18998	0.07141	0.32641	0.09025	0.02745	0.02742	0.02024	0.00978	0.00891	0.00274	0.00914	0.00926	0.00733	0.05744
23	0.01238	0.00825	0.00928	0.00928	0.00928	0.00825	0.00516	0.01238	0.01238	0.01650	0.02681	0.05569	0.03094	0.70092	0.04331	0.00825	0.00825	0.01238	0.00516	0.00516
24	0.56465	0.01592	0.01448	0.01226	0.01789	0.01730	0.01011	0.02949	0.01717	0.20541	0.01775	0.01794	0.01244	0.00862	0.00616	0.00263	0.00676	0.00568	0.00670	0.01065
25	0.01238	0.00825	0.00928	0.00928	0.00928	0.00825	0.00516	0.01238	0.01238	0.01650	0.02681	0.05569	0.03094	0.70092	0.04331	0.00825	0.00825	0.01238	0.00516	0.00516
26	0.02482	0.01155	0.01530	0.01273	0.01707	0.01018	0.01012	0.02832	0.02384	0.33985	0.29640	0.04793	0.09673	0.01434	0.00931	0.00267	0.00564	0.01222	0.00983	0.01115
27	0.01936	0.01987	0.01556	0.01441	0.01725	0.24040	0.01081	0.02273	0.02353	0.02922	0.36474	0.04365	0.05049	0.01367	0.00883	0.00244	0.00801	0.01121	0.07517	0.00867
28	0.01224	0.00878	0.01196	0.01196	0.01289	0.00971	0.00850	0.01409	0.01317	0.01848	0.02436	0.04213	0.02505	0.31268	0.42350	0.01156	0.01711	0.01039	0.00479	0.00664
29	0.02081	0.01997	0.03409	0.08350	0.61851	0.02015	0.02599	0.02590	0.01926	0.02750	0.01596	0.02114	0.01337	0.00763	0.00843	0.00254	0.01017	0.00758	0.00419	0.01328
30	0.01862	0.01862	0.02607	0.02234	0.02234	0.02607	0.01862	0.02048	0.01303	0.02048	0.01117	0.01862	0.01117	0.01489	0.02793	0.00372	0.68535	0.00745	0.00372	0.00931
31	0.01801	0.15345	0.55563	0.02265	0.03435	0.02206	0.02865	0.02671	0.01786	0.02581	0.01470	0.01725	0.01080	0.00795	0.00765	0.00255	0.01200	0.00600	0.00360	0.01230
32	0.01204	0.00870	0.01138	0.01071	0.01271	0.00803	0.00803	0.01606	0.02409	0.03413	0.64335	0.06357	0.08030	0.01740	0.01004	0.00268	0.00401	0.01539	0.00937	0.00803
33	0.03235	0.02384	0.02554	0.01958	0.02639	0.02639	0.01618	0.61946	0.04001	0.05363	0.02043	0.02043	0.01447	0.01022	0.00851	0.00255	0.00936	0.00766	0.00851	0.01447
34	0.01727	0.00985	0.01305	0.01159	0.01451	0.00892	0.00892	0.02114	0.02414	0.15790	0.52154	0.05666	0.06847	0.01603	0.00974	0.00267	0.00466	0.01403	0.00960	0.00932
35	0.01765	0.01513	0.01765	0.01260	0.02017	0.01134	0.01008	0.02143	0.01765	0.02773	0.01513	0.01765	0.01260	0.00630	0.00630	0.00126	0.00630	0.00504	0.00504	0.75295
36	0.01216	0.00912	0.01368	0.01368	0.01520	0.01064	0.01064	0.01520	0.01368	0.01976	0.02279	0.03343	0.02127	0.06382	0.66720	0.01368	0.02279	0.00912	0.00456	0.00760
37	0.24332	0.01575	0.01773	0.01414	0.02015	0.01568	0.01164	0.09870	0.02292	0.38166	0.02564	0.02384	0.01699	0.00971	0.00748	0.00259	0.00712	0.00730	0.04498	0.01265
38	0.01346	0.00963	0.01336	0.01493	0.01689	0.00953	0.01286	0.01740	0.02026	0.02677	0.13472	0.09113	0.05367	0.02259	0.01150	0.00373	0.00726	0.50436	0.00807	0.00787
39	0.02354	0.10686	0.06363	0.02806	0.03508	0.17185	0.31852	0.05993	0.02125	0.02593	0.01539	0.01954	0.01213	0.00822	0.00989	0.00262	0.05410	0.00793	0.00441	0.01111
40	0.01037	0.00741	0.00987	0.01185	0.01234	0.00691	0.00790	0.01185	0.01629	0.02172	0.04690	0.69537	0.05629	0.02666	0.01086	0.00346	0.00494	0.02419	0.00790	0.00691
41	0.01037	0.00741	0.00987	0.01185	0.01234	0.00691	0.00790	0.01185	0.01629	0.02172	0.04690	0.69537	0.05629	0.02666	0.01086	0.00346	0.00494	0.02419	0.00790	0.00691
42	0.03040	0.14428	0.02742	0.02062	0.02561	0.52850	0.01613	0.06795	0.02400	0.02268	0.01338	0.01539	0.01117	0.00862	0.00738	0.00216	0.01400	0.00547	0.00452	0.01031
43	0.76103	0.01646	0.01251	0.01119	0.01646	0.01909	0.00922	0.02502	0.01448	0.03818	0.01185	0.01382	0.00922	0.00790	0.00527	0.00263	0.00658	0.00461	0.00527	0.00922
44	0.01969	0.01654	0.04558	0.01523	0.02000	0.01664	0.01241	0.03547	0.38606	0.08917	0.07468	0.04329	0.16145	0.01375	0.00899	0.00284	0.00639	0.01146	0.00847	0.01189
45	0.02298	0.01854	0.02306	0.17795	0.06513	0.02066	0.01709	0.24859	0.13407	0.03692	0.02369	0.06397	0.01945	0.01118	0.00868	0.00271	0.00892	0.03445	0.00691	0.05504
46	0.01037	0.00741	0.00987	0.01185	0.01234	0.00691	0.00790	0.01185	0.01629	0.02172	0.04690	0.69537	0.05629	0.02666	0.01086	0.00346	0.00494	0.02419	0.00790	0.00691
47	0.01258	0.00905	0.01170	0.01153	0.01210	0.00996	0.00783	0.01381	0.01289	0.01790	0.02459	0.04564	0.02640	0.43031	0.27682	0.01008	0.04475	0.01093	0.00487	0.00626
48	0.71794	0.01638	0.01326	0.04991	0.01890	0.01908	0.01005	0.02483	0.01463	0.03723	0.01204	0.01434	0.00934	0.00793	0.00545	0.00264	0.00686	0.00478	0.00518	0.00923
49	0.01689	0.01597	0.02701	0.57679	0.15585	0.01912	0.02404	0.02247	0.01741	0.02274	0.01527	0.02242	0.01170	0.00836	0.00849	0.00279	0.01114	0.00757	0.00385	0.01012
50	0.02428	0.02530	0.02743	0.02201	0.02808	0.19373	0.14174	0.08538	0.20075	0.03034	0.02118	0.02250	0.01628	0.00902	0.00834	0.00244	0.01083	0.00778	0.00607	0.11654
51	0.01023	0.00796	0.00931	0.01039	0.01196	0.00704	0.00725	0.01201	0.01770	0.02230	0.06467	0.41802	0.32216	0.02435	0.01050	0.00319	0.00465	0.02138	0.00790	0.00704
52	0.02158	0.02309	0.03124	0.03254	0.20478	0.12506	0.09608	0.02508	0.01749	0.02349	0.01363	0.01935	0.01202	0.01086	0.01688	0.00303	0.30137	0.00750	0.00404	0.01087
53	0.01129	0.00854	0.01041	0.01023	0.01232	0.00766	0.00756	0.01449	0.02188	0.02955	0.41690	0.13774	0.24114	0.01961	0.01013	0.00282	0.00420	0.01709	0.00878	0.00766
54	0.02009	0.02296	0.05022	0.03587	0.04448	0.02152	0.61693	0.02726	0.02009	0.02726	0.01722	0.02296	0.01291	0.00717	0.01004	0.00287	0.01435	0.01004	0.00430	0.01148
55	0.01234	0.00839	0.00998	0.00998	0.01022	0.00863	0.00602	0.01282	0.01258	0.01702	0.02618	0.05217	0.02941	0.60024	0.14190	0.00911	0.01055	0.01186	0.00506	0.00554
56	0.01607	0.01513	0.02552	0.68047	0.05861	0.01891	0.02363	0.02174	0.01702	0.02174	0.01513	0.02269	0.01134	0.00851	0.00851	0.00284	0.01134	0.00756	0.00378	0.00945
57	0.03263	0.02042	0.02306	0.01801	0.02450	0.02170	0.01477	0.37901	0.11038	0.22561	0.02604	0.02434	0.01784	0.01048	0.00854	0.00262	0.00842	0.00817	0.00912	0.01435
58	0.76103	0.01646	0.01251	0.01119	0.01646	0.01909	0.00922	0.02502	0.01448	0.03818	0.01185	0.01382	0.00922	0.00790	0.00527	0.00263	0.00658	0.00461	0.00527	0.00922
59	0.03235	0.02384	0.02554	0.01958	0.02639	0.02639	0.01618	0.61946	0.04001	0.05363	0.02043	0.02043	0.01447	0.01022	0.00851	0.00255	0.00936	0.00766	0.00851	0.01447
60	0.03117	0.02325	0.02487	0.01934	0.02594	0.02584	0.01589	0.55866	0.10275	0.05172	0.02194	0.02163	0.01569	0.01036	0.00853	0.00259	0.00909	0.00787	0.00853	0.01437
61	0.01862	0.01862	0.02607	0.02234	0.02234	0.02607	0.01862	0.02048	0.01303	0.02048	0.01117	0.01862	0.01117	0.01489	0.02793	0.00372	0.68535	0.00745	0.00372	0.00931
62	0.20198	0.01460	0.01501	0.05276	0.01948	0.01570	0.01099	0.14476	0.05072	0.03476	0.07246	0.04399	0.19855	0.01394	0.00831	0.00275	0.00663	0.04300	0.03987	0.00974

[dist]
# distance from previous block
# <min> <max>
1	9

[block]
# block no. 2 follows, 21 sequences, length 13
# corresponding to MSA columns:
# 110-122
name=unknown_C
#
# <colnr> <probs for GDERKNQSTAVLIFYWHMCP>
#	G	D	E	R	K	N	Q	S	T	A	V	L	I	F	Y	W	H	M	C	P
0	0.03032	0.02449	0.02301	0.01864	0.02429	0.14277	0.01483	0.36957	0.07737	0.09460	0.02176	0.02388	0.01656	0.06545	0.01116	0.00297	0.01001	0.00786	0.00766	0.01279
1	0.02340	0.02119	0.04353	0.03144	0.03931	0.02003	0.47924	0.02963	0.02059	0.14379	0.02001	0.02390	0.01436	0.00812	0.01051	0.00286	0.04105	0.00966	0.00544	0.01195
2	0.02780	0.03359	0.02784	0.02354	0.02850	0.45741	0.12767	0.06056	0.02350	0.02377	0.01717	0.07527	0.01539	0.01008	0.00843	0.00245	0.01396	0.00805	0.00488	0.01015
3	0.02296	0.01894	0.02489	0.02518	0.16531	0.01896	0.04277	0.22770	0.05474	0.03633	0.02155	0.09267	0.01876	0.01040	0.00831	0.00237	0.00845	0.00900	0.00649	0.18424
4	0.03175	0.02354	0.02520	0.01946	0.02616	0.02611	0.01603	0.58844	0.07201	0.05266	0.02120	0.02104	0.01509	0.01029	0.00852	0.00257	0.00922	0.00777	0.00852	0.01442
5	0.01951	0.01632	0.01862	0.01374	0.02100	0.01377	0.01102	0.08729	0.07122	0.03115	0.01732	0.01912	0.01392	0.00716	0.00673	0.00153	0.00667	0.00570	0.00571	0.61250
6	0.08905	0.01457	0.01691	0.01444	0.01917	0.01486	0.01154	0.09527	0.13717	0.24151	0.08223	0.08251	0.02901	0.01270	0.00848	0.00273	0.00661	0.03376	0.07560	0.01188
7	0.10803	0.16128	0.02676	0.01929	0.02443	0.44924	0.01531	0.05913	0.02257	0.02408	0.01311	0.01511	0.01093	0.00847	0.00704	0.00219	0.01296	0.00532	0.00454	0.01021
8	0.02273	0.01870	0.01975	0.01708	0.02218	0.02115	0.01348	0.17173	0.44651	0.03858	0.03585	0.03350	0.07636	0.01210	0.00875	0.00281	0.00712	0.00989	0.00856	0.01316
9	0.01629	0.01369	0.01620	0.01246	0.01871	0.01052	0.00968	0.01964	0.01739	0.02661	0.02105	0.14402	0.02075	0.01010	0.00715	0.00167	0.00605	0.00861	0.00557	0.61384
10	0.08301	0.15567	0.02688	0.01857	0.02427	0.24988	0.01513	0.19233	0.09869	0.03264	0.01734	0.01825	0.01356	0.00915	0.00743	0.00234	0.01088	0.00633	0.00594	0.01170
11	0.01636	0.01437	0.01843	0.06384	0.02198	0.01397	0.01235	0.01948	0.01644	0.02474	0.02028	0.14458	0.02038	0.01195	0.01156	0.00227	0.13967	0.00927	0.00522	0.41284
12	0.01828	0.01840	0.02854	0.15293	0.03182	0.02418	0.08351	0.02145	0.01457	0.02145	0.01259	0.01988	0.01139	0.01282	0.02221	0.00346	0.48141	0.00775	0.00380	0.00957

[dist]
# distance from previous block
# <min> <max>
0	7

[block]
# block no. 3 follows, 21 sequences, length 13
# corresponding to MSA columns:
# 130-142
name=unknown_D
#
# <colnr> <probs for GDERKNQSTAVLIFYWHMCP>
#	G	D	E	R	K	N	Q	S	T	A	V	L	I	F	Y	W	H	M	C	P
0	0.01714	0.08387	0.02815	0.56295	0.10344	0.02048	0.02294	0.02247	0.01724	0.02207	0.01487	0.02166	0.01148	0.00831	0.00820	0.00271	0.01102	0.00727	0.00380	0.00993
1	0.02246	0.01898	0.01950	0.08241	0.02481	0.09960	0.01412	0.10611	0.23873	0.07600	0.09672	0.08220	0.03010	0.01294	0.00895	0.00280	0.00826	0.03610	0.00773	0.01148
2	0.01765	0.01501	0.01751	0.01315	0.02015	0.01196	0.01057	0.02293	0.06285	0.02816	0.01849	0.02374	0.01593	0.00780	0.00683	0.00155	0.00643	0.04315	0.00549	0.65066
3	0.01981	0.38775	0.05265	0.01324	0.01903	0.02253	0.01247	0.02291	0.01928	0.07582	0.11769	0.03567	0.14716	0.01184	0.00737	0.00225	0.00740	0.00914	0.00587	0.01013
4	0.01864	0.02235	0.08780	0.03100	0.03813	0.02024	0.44639	0.02485	0.01880	0.02594	0.01974	0.09640	0.01737	0.01017	0.01179	0.00301	0.08086	0.01107	0.00459	0.01084
5	0.01277	0.00891	0.01161	0.01289	0.01395	0.00884	0.00989	0.01497	0.01659	0.02179	0.03893	0.16704	0.04369	0.26141	0.02269	0.00537	0.00757	0.30740	0.00691	0.00677
6	0.37086	0.02087	0.01914	0.01568	0.02158	0.05014	0.01283	0.29238	0.05374	0.04424	0.01676	0.01764	0.01239	0.00914	0.00697	0.00259	0.00821	0.00623	0.00683	0.01179
7	0.03114	0.02312	0.02489	0.01901	0.02588	0.02516	0.01568	0.57040	0.03818	0.05151	0.02000	0.02020	0.01432	0.00989	0.00833	0.00245	0.00911	0.00745	0.00823	0.07506
8	0.01792	0.01599	0.02124	0.01517	0.02285	0.01247	0.07710	0.02207	0.01792	0.02768	0.01536	0.01823	0.01264	0.00640	0.00672	0.00144	0.00719	0.00559	0.00496	0.67107
9	0.02173	0.01695	0.01907	0.01514	0.02091	0.01660	0.01205	0.23072	0.07648	0.03754	0.09109	0.09187	0.02615	0.01134	0.00813	0.00222	0.00702	0.00937	0.00731	0.27831
10	0.01402	0.01060	0.01451	0.01385	0.01537	0.01230	0.01054	0.05708	0.01523	0.02157	0.02261	0.03560	0.02190	0.17234	0.46711	0.01128	0.06197	0.00950	0.00489	0.00774
11	0.02758	0.02041	0.02410	0.01936	0.02540	0.02223	0.05662	0.30636	0.23012	0.10399	0.02725	0.02851	0.02032	0.01106	0.00882	0.00275	0.00857	0.03446	0.00844	0.01364
12	0.01843	0.01597	0.01841	0.01409	0.02069	0.01415	0.01123	0.02636	0.14610	0.02901	0.01901	0.02065	0.01533	0.00784	0.00790	0.00173	0.04119	0.00612	0.00573	0.56005

[dist]
# distance from previous block
# <min> <max>
0	4

[block]
# block no. 4 follows, 21 sequences, length 6
# corresponding to MSA columns:
# 147-152
name=unknown_E
#
# <colnr> <probs for GDERKNQSTAVLIFYWHMCP>
#	G	D	E	R	K	N	Q	S	T	A	V	L	I	F	Y	W	H	M	C	P
0	0.01973	0.01996	0.03845	0.17366	0.04271	0.02021	0.36505	0.09148	0.02132	0.02853	0.01973	0.08185	0.01656	0.00953	0.00961	0.00288	0.01230	0.01048	0.00498	0.01097
1	0.01642	0.01513	0.02379	0.53361	0.05016	0.01724	0.02065	0.02167	0.01716	0.02306	0.01513	0.02158	0.01162	0.00802	0.00802	0.00249	0.01024	0.00701	0.00406	0.17295
2	0.02693	0.01980	0.02141	0.01683	0.02219	0.02135	0.01333	0.44410	0.03237	0.04365	0.02146	0.02799	0.01796	0.16183	0.01601	0.00372	0.00891	0.00851	0.00753	0.06412
3	0.01278	0.00911	0.01113	0.01087	0.01111	0.00986	0.00695	0.01338	0.01262	0.01728	0.02510	0.04965	0.02806	0.55435	0.13885	0.00877	0.05780	0.01153	0.00496	0.00582
4	0.03054	0.02284	0.02455	0.01893	0.02566	0.02497	0.01556	0.53739	0.07992	0.05056	0.02105	0.02103	0.01515	0.01003	0.00837	0.00249	0.00897	0.00762	0.00828	0.06610
5	0.10955	0.02036	0.02207	0.01723	0.02334	0.02198	0.01413	0.34014	0.05872	0.04239	0.01817	0.01947	0.01374	0.00957	0.00938	0.00240	0.06780	0.00682	0.00697	0.17577

[dist]
# distance from previous block
# <min> <max>
0	1

[block]
# block no. 5 follows, 21 sequences, length 10
# corresponding to MSA columns:
# 154-163
name=unknown_F
#
# <colnr> <probs for GDERKNQSTAVLIFYWHMCP>
#	G	D	E	R	K	N	Q	S	T	A	V	L	I	F	Y	W	H	M	C	P
0	0.07207	0.62044	0.04124	0.01478	0.02176	0.07080	0.01432	0.02596	0.01752	0.02127	0.01191	0.01376	0.01081	0.00741	0.00558	0.00190	0.00931	0.00461	0.00379	0.01074
1	0.03027	0.03131	0.02457	0.02087	0.02577	0.34101	0.01639	0.24828	0.05986	0.03359	0.01674	0.01834	0.01303	0.00999	0.00986	0.00250	0.07320	0.00667	0.00606	0.01169
2	0.01119	0.00827	0.01075	0.01193	0.01322	0.00741	0.00815	0.01293	0.01645	0.02240	0.04333	0.61910	0.05137	0.02437	0.01035	0.00321	0.00509	0.02204	0.00758	0.09087
3	0.01969	0.02170	0.04498	0.03213	0.04057	0.01989	0.51938	0.02632	0.01969	0.02734	0.01688	0.02210	0.01286	0.00703	0.00944	0.00261	0.01305	0.00924	0.00442	0.13066
4	0.01910	0.01822	0.03100	0.29901	0.41639	0.01970	0.02514	0.02440	0.01845	0.02542	0.01566	0.02170	0.01264	0.00795	0.00846	0.00265	0.01059	0.00757	0.00404	0.01190
5	0.02161	0.02437	0.03540	0.02769	0.03195	0.14123	0.25834	0.02567	0.01789	0.02326	0.01396	0.01976	0.01183	0.01068	0.01705	0.00310	0.29371	0.00813	0.00408	0.01028
6	0.02781	0.01219	0.01643	0.01338	0.01815	0.01073	0.01073	0.03139	0.02425	0.40782	0.27558	0.04270	0.04457	0.01326	0.00915	0.00265	0.00596	0.01127	0.01007	0.01192
7	0.01599	0.00999	0.01381	0.01483	0.01716	0.00967	0.01253	0.01960	0.02014	0.09647	0.09113	0.14736	0.04905	0.02189	0.01117	0.00363	0.00717	0.42163	0.00827	0.00850
8	0.01392	0.01072	0.01551	0.07688	0.06440	0.01086	0.01394	0.01801	0.02029	0.02702	0.16923	0.07655	0.07770	0.01964	0.01078	0.00341	0.00734	0.34787	0.00754	0.00839
9	0.03183	0.03927	0.02423	0.02174	0.02631	0.61750	0.01642	0.07902	0.02534	0.02335	0.01371	0.01574	0.01123	0.00888	0.00774	0.00222	0.01489	0.00565	0.00470	0.01022

[dist]
# distance from previous block
# <min> <max>
20	44

[block]
# block no. 6 follows, 21 sequences, length 9
# corresponding to MSA columns:
# 211-219
name=unknown_G
#
# <colnr> <probs for GDERKNQSTAVLIFYWHMCP>
#	G	D	E	R	K	N	Q	S	T	A	V	L	I	F	Y	W	H	M	C	P
0	0.21912	0.01896	0.02264	0.17703	0.03173	0.05773	0.06608	0.15028	0.02165	0.03344	0.01611	0.02012	0.01248	0.01332	0.06497	0.00355	0.01089	0.00689	0.00539	0.04762
1	0.54251	0.01700	0.01539	0.01292	0.01861	0.01879	0.01065	0.09996	0.01935	0.15101	0.01680	0.01735	0.01199	0.00865	0.00625	0.00262	0.00704	0.00569	0.00661	0.01080
2	0.29913	0.08786	0.04929	0.01534	0.02152	0.06063	0.01325	0.20316	0.02390	0.03853	0.04986	0.01909	0.01531	0.00901	0.00687	0.00241	0.00830	0.00627	0.00617	0.06412
3	0.02339	0.01920	0.02004	0.01594	0.02186	0.06341	0.01263	0.26026	0.02685	0.03666	0.02215	0.12613	0.02017	0.01128	0.00801	0.00219	0.00796	0.00916	0.00684	0.28589
4	0.01550	0.01134	0.01820	0.34984	0.03508	0.01326	0.01553	0.01703	0.01451	0.01936	0.01577	0.02462	0.01348	0.01768	0.01902	0.32600	0.00918	0.00751	0.05022	0.00688
5	0.01988	0.02234	0.04679	0.03395	0.04134	0.02217	0.53204	0.02630	0.01909	0.02630	0.01636	0.02234	0.01267	0.00827	0.01258	0.00299	0.10955	0.00967	0.00422	0.01117
6	0.01870	0.02167	0.08763	0.02820	0.06939	0.02127	0.24899	0.02361	0.01708	0.02472	0.01630	0.05523	0.01439	0.01083	0.01558	0.00303	0.24016	0.00903	0.00429	0.06992
7	0.02196	0.40399	0.21592	0.01847	0.02666	0.07191	0.01979	0.05348	0.01876	0.02362	0.01326	0.01557	0.01106	0.00815	0.00770	0.00223	0.04675	0.00541	0.00391	0.01140
8	0.09307	0.07441	0.02531	0.01922	0.02522	0.21482	0.01556	0.35658	0.03163	0.04039	0.01698	0.01792	0.01275	0.00940	0.00778	0.00240	0.01087	0.00655	0.00669	0.01243

[dist]
# distance from previous block
# <min> <max>
6	20

[block]
# block no. 7 follows, 21 sequences, length 9
# corresponding to MSA columns:
# 241-249
name=unknown_H
#
# <colnr> <probs for GDERKNQSTAVLIFYWHMCP>
#	G	D	E	R	K	N	Q	S	T	A	V	L	I	F	Y	W	H	M	C	P
0	0.31790	0.01842	0.01650	0.01500	0.01879	0.10557	0.01192	0.04781	0.07122	0.03006	0.01717	0.02134	0.01442	0.02351	0.17992	0.00555	0.06350	0.00668	0.00527	0.00947
1	0.51383	0.01843	0.01661	0.01379	0.01957	0.02078	0.01137	0.19409	0.02226	0.07756	0.01551	0.01655	0.01138	0.00870	0.00637	0.00261	0.00741	0.00570	0.00648	0.01100
2	0.01828	0.01631	0.02553	0.59099	0.05425	0.01992	0.02262	0.10267	0.02013	0.02606	0.01584	0.02238	0.01177	0.00874	0.00851	0.00280	0.01108	0.00758	0.00442	0.01013
3	0.02462	0.22009	0.09754	0.10853	0.03017	0.19030	0.01818	0.10424	0.07988	0.02692	0.01622	0.01833	0.01284	0.00869	0.00741	0.00234	0.01119	0.00625	0.00493	0.01132
4	0.11979	0.02017	0.03632	0.02678	0.03354	0.02016	0.34978	0.02503	0.01792	0.02785	0.01529	0.02023	0.01211	0.00822	0.01132	0.00269	0.10722	0.00812	0.00447	0.13298
5	0.08656	0.01570	0.02437	0.53324	0.05000	0.01984	0.02163	0.02189	0.01627	0.02313	0.01431	0.02133	0.01112	0.00927	0.01069	0.00293	0.09712	0.00727	0.00391	0.00941
6	0.01506	0.01355	0.01872	0.05243	0.02047	0.04855	0.04254	0.01792	0.01448	0.02016	0.01966	0.03032	0.01861	0.09790	0.38859	0.00957	0.15013	0.00883	0.00438	0.00814
7	0.20918	0.01980	0.02507	0.08157	0.02885	0.05648	0.12488	0.14413	0.02299	0.10382	0.03857	0.02134	0.01516	0.00882	0.00783	0.00256	0.00948	0.00737	0.00624	0.06586
8	0.08610	0.40910	0.12802	0.01671	0.02423	0.06297	0.01676	0.07607	0.06275	0.02649	0.01472	0.01623	0.01211	0.00807	0.00643	0.00217	0.00959	0.00547	0.00456	0.01143

[dist]
# distance from previous block
# <min> <max>
6	15

[block]
# block no. 8 follows, 21 sequences, length 8
# corresponding to MSA columns:
# 265-272
name=unknown_I
#
# <colnr> <probs for GDERKNQSTAVLIFYWHMCP>
#	G	D	E	R	K	N	Q	S	T	A	V	L	I	F	Y	W	H	M	C	P
0	0.01949	0.02121	0.04047	0.03041	0.03555	0.02335	0.37551	0.02452	0.01724	0.02452	0.01478	0.02121	0.01221	0.01029	0.01726	0.00321	0.28510	0.00900	0.00407	0.01060
1	0.19885	0.01916	0.02235	0.30792	0.03817	0.05601	0.01781	0.18363	0.02297	0.03417	0.01566	0.01957	0.01166	0.00884	0.00769	0.00268	0.00989	0.00677	0.00544	0.01077
2	0.14087	0.01961	0.10857	0.31082	0.03868	0.01873	0.01941	0.10361	0.01918	0.02871	0.01529	0.02064	0.01175	0.01106	0.01083	0.09086	0.00999	0.00689	0.00464	0.00985
3	0.02261	0.39685	0.25243	0.01797	0.02699	0.02640	0.02013	0.02787	0.01835	0.09690	0.01557	0.01694	0.01207	0.00794	0.00673	0.00222	0.01008	0.00562	0.00443	0.01191
4	0.10905	0.02030	0.01955	0.01710	0.02014	0.13593	0.01339	0.14170	0.02064	0.02861	0.01764	0.02551	0.01604	0.11506	0.13081	0.00544	0.14043	0.00777	0.00533	0.00957
5	0.01262	0.00993	0.01452	0.01438	0.01559	0.01182	0.01114	0.01532	0.01397	0.02011	0.02483	0.12290	0.02498	0.05332	0.50645	0.01117	0.09332	0.01101	0.00493	0.00769
6	0.01989	0.02040	0.03083	0.02478	0.02761	0.05933	0.16411	0.05309	0.01681	0.02379	0.01418	0.02079	0.01257	0.01640	0.07331	0.00418	0.39560	0.00812	0.00422	0.01000
7	0.01951	0.11418	0.03394	0.02426	0.02716	0.02611	0.15006	0.02266	0.01518	0.02191	0.01260	0.01889	0.01152	0.01214	0.02089	0.00327	0.44424	0.00762	0.00384	0.01001

[dist]
# distance from previous block
# <min> <max>
7	14

[block]
# block no. 9 follows, 21 sequences, length 8
# corresponding to MSA columns:
# 288-295
name=unknown_J
#
# <colnr> <probs for GDERKNQSTAVLIFYWHMCP>
#	G	D	E	R	K	N	Q	S	T	A	V	L	I	F	Y	W	H	M	C	P
0	0.06928	0.26237	0.03363	0.24895	0.03628	0.02543	0.06954	0.02359	0.01664	0.02253	0.01335	0.01832	0.01116	0.00883	0.01012	0.00259	0.10695	0.00649	0.00387	0.01011
1	0.05566	0.17335	0.05821	0.01862	0.02491	0.17105	0.01597	0.22707	0.11433	0.03460	0.01841	0.01908	0.01419	0.00926	0.00755	0.00237	0.01033	0.00660	0.00620	0.01224
2	0.01627	0.01512	0.02551	0.38542	0.13125	0.01781	0.04950	0.02118	0.01660	0.02239	0.01679	0.02456	0.01383	0.02040	0.14977	0.00515	0.04670	0.00801	0.00403	0.00973
3	0.39779	0.07784	0.01838	0.01324	0.01932	0.06857	0.01093	0.06480	0.01801	0.03359	0.01338	0.01537	0.01074	0.00765	0.00596	0.00216	0.00759	0.00499	0.00522	0.20448
4	0.38308	0.09859	0.09811	0.01442	0.02095	0.01990	0.01363	0.07527	0.01816	0.03392	0.01592	0.02162	0.01348	0.00907	0.00653	0.00249	0.00792	0.05013	0.00532	0.09148
5	0.02249	0.09815	0.03053	0.18165	0.08280	0.16262	0.10419	0.08230	0.02099	0.02544	0.01573	0.02058	0.01275	0.01328	0.06527	0.00350	0.03532	0.00727	0.00452	0.01062
6	0.01717	0.01520	0.02361	0.44081	0.07386	0.01752	0.01989	0.04401	0.01741	0.02346	0.01515	0.02188	0.01203	0.01033	0.01124	0.06717	0.04216	0.00719	0.00415	0.11575
7	0.01629	0.01542	0.02235	0.27359	0.03455	0.01883	0.01779	0.01990	0.01604	0.02220	0.02391	0.02913	0.10204	0.01235	0.01527	0.00296	0.24591	0.00871	0.00450	0.09825

[dist]
# distance from previous block
# <min> <max>
3	18

[block]
# block no. 10 follows, 21 sequences, length 6
# corresponding to MSA columns:
# 315-320
name=unknown_K
#
# <colnr> <probs for GDERKNQSTAVLIFYWHMCP>
#	G	D	E	R	K	N	Q	S	T	A	V	L	I	F	Y	W	H	M	C	P
0	0.01723	0.01634	0.02860	0.33576	0.08649	0.01835	0.13985	0.04375	0.01778	0.02376	0.01742	0.02634	0.01459	0.07561	0.07365	0.00433	0.03746	0.00864	0.00428	0.00977
1	0.02230	0.43436	0.06489	0.01522	0.02177	0.02682	0.01443	0.02942	0.13051	0.06999	0.07620	0.02288	0.02081	0.00927	0.00682	0.00219	0.00823	0.00685	0.00558	0.01145
2	0.18379	0.02473	0.02208	0.05718	0.02546	0.18095	0.01518	0.21818	0.02575	0.08044	0.01661	0.01837	0.01249	0.00973	0.00942	0.00261	0.07282	0.00652	0.00624	0.01146
3	0.01578	0.01441	0.02376	0.50221	0.10303	0.01704	0.02101	0.02110	0.01852	0.02454	0.12963	0.02999	0.02409	0.01004	0.00878	0.00278	0.00990	0.00899	0.00484	0.00955
4	0.01369	0.00754	0.01091	0.01126	0.01144	0.00754	0.00753	0.01153	0.01226	0.01643	0.02180	0.15001	0.02367	0.07082	0.06566	0.53000	0.00787	0.01084	0.00460	0.00459
5	0.01729	0.01675	0.02802	0.45750	0.11207	0.02050	0.05811	0.02229	0.01672	0.02247	0.01462	0.02179	0.01163	0.00950	0.01213	0.00297	0.13416	0.00769	0.00385	0.00996

[dist]
# distance from previous block
# <min> <max>
0	13

# created by:
# /st0/software/busco_prod/Augustus/scripts/msa2prfl.pl ./align_prep/112214.fa
