[name]
unknown

[dist]
# distance from previous block
# <min> <max>
1	12

[block]
# block no. 0 follows, 24 sequences, length 16
# corresponding to MSA columns:
# 12-27
name=unknown_A
#
# <colnr> <probs for GDERKNQSTAVLIFYWHMCP>
#	G	D	E	R	K	N	Q	S	T	A	V	L	I	F	Y	W	H	M	C	P
0	0.00992	0.00717	0.00939	0.01070	0.01152	0.00664	0.00731	0.01175	0.01661	0.02233	0.15512	0.56739	0.08860	0.02308	0.00995	0.00306	0.00442	0.02080	0.00760	0.00664
1	0.01775	0.01267	0.01446	0.01295	0.01578	0.01327	0.00975	0.23825	0.02398	0.03286	0.13475	0.24576	0.03771	0.08848	0.01202	0.00317	0.00619	0.01357	0.05764	0.00902
2	0.02266	0.01226	0.01701	0.01819	0.12387	0.01159	0.01172	0.05560	0.01938	0.26973	0.04425	0.16308	0.02703	0.10230	0.01233	0.00320	0.00672	0.01117	0.05757	0.01033
3	0.02412	0.01849	0.12626	0.01516	0.02088	0.01470	0.01396	0.17976	0.02398	0.22596	0.09792	0.07353	0.02530	0.03303	0.00900	0.00261	0.00736	0.00917	0.06751	0.01130
4	0.01578	0.01180	0.01390	0.01262	0.01564	0.01151	0.00938	0.16059	0.02102	0.02891	0.08949	0.34522	0.03755	0.05177	0.01033	0.00284	0.00584	0.01472	0.00705	0.13403
5	0.01012	0.00724	0.00969	0.01128	0.01201	0.00681	0.00790	0.01196	0.01622	0.02177	0.10764	0.58832	0.05409	0.02367	0.01012	0.00319	0.00477	0.07907	0.00750	0.00663
6	0.01738	0.01303	0.01748	0.01906	0.12385	0.04050	0.04466	0.05051	0.01787	0.06886	0.02617	0.19385	0.02497	0.01403	0.02422	0.00274	0.05724	0.01108	0.22345	0.00905
7	0.07250	0.01389	0.05790	0.01314	0.01701	0.01300	0.03483	0.04504	0.16790	0.08437	0.02811	0.13082	0.02399	0.01167	0.00734	0.00244	0.00593	0.00985	0.25059	0.00966
8	0.02795	0.01435	0.01784	0.01401	0.01976	0.01328	0.01136	0.07867	0.11450	0.38371	0.07420	0.02740	0.02257	0.00975	0.00774	0.00227	0.00646	0.00798	0.00850	0.13769
9	0.05434	0.12072	0.43001	0.02571	0.13718	0.02015	0.05557	0.02474	0.01682	0.02496	0.01388	0.01676	0.01050	0.00731	0.00724	0.00239	0.01074	0.00595	0.00356	0.01146
10	0.05862	0.01511	0.01963	0.12822	0.02629	0.01532	0.01376	0.10904	0.09189	0.39793	0.02628	0.02479	0.01746	0.00947	0.00785	0.00250	0.00754	0.00768	0.00817	0.01243
11	0.23305	0.01311	0.01528	0.01243	0.01752	0.01263	0.01013	0.03057	0.02016	0.39651	0.13077	0.02848	0.02574	0.01020	0.00737	0.00246	0.00609	0.00802	0.00830	0.01117
12	0.01748	0.01543	0.02379	0.58941	0.04966	0.01877	0.02088	0.12339	0.01939	0.02516	0.01491	0.02079	0.01105	0.00819	0.00793	0.00260	0.01027	0.00706	0.00425	0.00958
13	0.19596	0.02006	0.02072	0.01622	0.02223	0.02215	0.01339	0.46401	0.03097	0.09193	0.01815	0.01825	0.01284	0.00906	0.00727	0.00240	0.00801	0.00657	0.00740	0.01240
14	0.01746	0.01599	0.02801	0.48304	0.09777	0.01817	0.12393	0.04902	0.01770	0.05018	0.01541	0.02122	0.01147	0.00780	0.00816	0.00261	0.01070	0.00747	0.00409	0.00981
15	0.01841	0.01672	0.02505	0.26208	0.25563	0.01831	0.01975	0.06096	0.13674	0.02667	0.01802	0.02173	0.01403	0.00810	0.00778	0.00243	0.00893	0.00724	0.00484	0.06658

[dist]
# distance from previous block
# <min> <max>
0	27

[block]
# block no. 1 follows, 24 sequences, length 12
# corresponding to MSA columns:
# 55-66
name=unknown_B
#
# <colnr> <probs for GDERKNQSTAVLIFYWHMCP>
#	G	D	E	R	K	N	Q	S	T	A	V	L	I	F	Y	W	H	M	C	P
0	0.17478	0.02142	0.02254	0.01766	0.02366	0.05555	0.05121	0.43705	0.05124	0.04365	0.01740	0.01809	0.01264	0.00890	0.00739	0.00241	0.00869	0.00668	0.00692	0.01212
1	0.17865	0.02266	0.01853	0.01538	0.02083	0.20732	0.01212	0.13097	0.07328	0.03067	0.01526	0.01661	0.01197	0.00784	0.00656	0.00201	0.00882	0.00549	0.00539	0.20962
2	0.17534	0.16304	0.03716	0.02378	0.03081	0.02216	0.34798	0.06163	0.01823	0.02759	0.01418	0.01775	0.01104	0.00701	0.00750	0.00241	0.01062	0.00715	0.00430	0.01032
3	0.14088	0.03130	0.02113	0.01850	0.02317	0.45485	0.01427	0.15483	0.02414	0.02801	0.01345	0.01505	0.01064	0.00832	0.00698	0.00217	0.01196	0.00540	0.00499	0.00997
4	0.13891	0.02102	0.02665	0.02016	0.02663	0.02266	0.14140	0.42725	0.02998	0.04285	0.01724	0.01860	0.01246	0.00862	0.00777	0.00245	0.00928	0.00717	0.00669	0.01219
5	0.16629	0.00909	0.00935	0.00948	0.01067	0.00944	0.00614	0.01381	0.01292	0.02069	0.02804	0.18100	0.05323	0.40795	0.02583	0.00553	0.00660	0.01251	0.00544	0.00598
6	0.01567	0.01480	0.02503	0.60509	0.14638	0.01780	0.02237	0.02087	0.01618	0.02110	0.01422	0.02092	0.01087	0.00780	0.00792	0.00260	0.01040	0.00705	0.00358	0.00937
7	0.01525	0.01437	0.02428	0.66370	0.09103	0.01769	0.02216	0.02050	0.01599	0.02059	0.01414	0.02105	0.01069	0.00788	0.00792	0.00263	0.01050	0.00705	0.00355	0.00903
8	0.02870	0.01197	0.01620	0.01294	0.01787	0.01048	0.01048	0.03196	0.02263	0.49512	0.21092	0.03609	0.03521	0.01162	0.00836	0.00247	0.00590	0.00977	0.00951	0.01180
9	0.03159	0.01907	0.15255	0.01583	0.02310	0.01303	0.01523	0.03590	0.02149	0.54514	0.02783	0.02491	0.01769	0.00935	0.00789	0.00247	0.00776	0.00755	0.00850	0.01314
10	0.02698	0.03445	0.15614	0.02031	0.02652	0.38300	0.01809	0.18768	0.02511	0.02840	0.01440	0.01601	0.01102	0.00839	0.00743	0.00222	0.01235	0.00578	0.00492	0.01081
11	0.51751	0.01446	0.01367	0.01153	0.01668	0.01547	0.00948	0.02763	0.01669	0.23132	0.04584	0.01921	0.01485	0.00850	0.00604	0.00246	0.00622	0.00586	0.00657	0.01004

[dist]
# distance from previous block
# <min> <max>
0	1

[block]
# block no. 2 follows, 24 sequences, length 9
# corresponding to MSA columns:
# 68-76
name=unknown_C
#
# <colnr> <probs for GDERKNQSTAVLIFYWHMCP>
#	G	D	E	R	K	N	Q	S	T	A	V	L	I	F	Y	W	H	M	C	P
0	0.01086	0.00805	0.01175	0.01227	0.01341	0.00894	0.00920	0.01328	0.01343	0.01892	0.02755	0.22367	0.02899	0.04974	0.49884	0.01007	0.01656	0.01244	0.00512	0.00690
1	0.02334	0.01883	0.03692	0.02693	0.03375	0.01805	0.41290	0.02859	0.01928	0.20809	0.01985	0.02262	0.01403	0.00817	0.01037	0.00268	0.06991	0.00877	0.00560	0.01131
2	0.02529	0.01589	0.01829	0.01558	0.02060	0.01695	0.01249	0.09037	0.36563	0.24063	0.03139	0.03124	0.02305	0.01098	0.00819	0.00264	0.00669	0.04289	0.00857	0.01264
3	0.00966	0.00690	0.00920	0.01104	0.01150	0.00644	0.00736	0.01104	0.01518	0.02024	0.04371	0.71614	0.05245	0.02484	0.01012	0.00322	0.00460	0.02254	0.00736	0.00644
4	0.02583	0.01805	0.01919	0.01519	0.02028	0.01976	0.01239	0.46921	0.03148	0.04424	0.02096	0.02200	0.01541	0.00944	0.00726	0.00223	0.00731	0.00721	0.22080	0.01177
5	0.03002	0.02587	0.02349	0.01876	0.02457	0.18064	0.01513	0.50136	0.03381	0.04280	0.01745	0.01793	0.01272	0.00920	0.00775	0.00230	0.01003	0.00666	0.00703	0.01248
6	0.01276	0.00837	0.01014	0.00954	0.01135	0.00770	0.00676	0.01507	0.01858	0.07286	0.32970	0.05800	0.16943	0.21463	0.01797	0.00399	0.00512	0.01353	0.00745	0.00703
7	0.01087	0.00741	0.00884	0.00950	0.00966	0.00725	0.00571	0.01136	0.01283	0.01710	0.03163	0.28758	0.03721	0.47419	0.02963	0.00610	0.00659	0.01544	0.00571	0.00539
8	0.56734	0.01727	0.01507	0.01263	0.01794	0.01970	0.01041	0.19815	0.02018	0.03962	0.01329	0.01461	0.00996	0.00797	0.00576	0.00243	0.00686	0.00509	0.00576	0.00996

[dist]
# distance from previous block
# <min> <max>
0	1

[block]
# block no. 3 follows, 24 sequences, length 147
# corresponding to MSA columns:
# 78-224
name=unknown_D
#
# <colnr> <probs for GDERKNQSTAVLIFYWHMCP>
#	G	D	E	R	K	N	Q	S	T	A	V	L	I	F	Y	W	H	M	C	P
0	0.01564	0.03913	0.64152	0.02203	0.03315	0.01792	0.02817	0.02448	0.01651	0.02472	0.01464	0.01758	0.01061	0.01055	0.04711	0.00310	0.01227	0.00601	0.00340	0.01145
1	0.01958	0.56182	0.15394	0.01504	0.02234	0.02761	0.01602	0.02325	0.01617	0.01990	0.01349	0.05423	0.01260	0.00797	0.00582	0.00193	0.00883	0.00559	0.00361	0.01024
2	0.02869	0.03536	0.02232	0.02011	0.02418	0.60454	0.01521	0.05535	0.05955	0.02136	0.01362	0.01546	0.01116	0.00855	0.00782	0.00214	0.03514	0.00547	0.00444	0.00954
3	0.01102	0.00839	0.00882	0.00864	0.01148	0.00708	0.00661	0.01315	0.01835	0.05955	0.07602	0.07396	0.60717	0.01956	0.00935	0.00270	0.00430	0.03924	0.00750	0.00711
4	0.01706	0.01497	0.02509	0.53678	0.17121	0.01751	0.02187	0.02211	0.01668	0.05945	0.01525	0.02119	0.01148	0.00787	0.00792	0.00258	0.01013	0.00710	0.00397	0.00980
5	0.44717	0.01434	0.01417	0.01189	0.01703	0.01514	0.00974	0.02885	0.04182	0.25741	0.05694	0.02109	0.01685	0.00885	0.00635	0.00247	0.00621	0.00633	0.00695	0.01037
6	0.01085	0.00779	0.01005	0.01146	0.01226	0.00749	0.00781	0.04783	0.01646	0.02197	0.04228	0.67571	0.05019	0.02395	0.00999	0.00317	0.00484	0.02165	0.00739	0.00685
7	0.01195	0.00946	0.01392	0.01361	0.01480	0.01143	0.01066	0.01457	0.01281	0.01860	0.02125	0.06922	0.02059	0.05200	0.57093	0.01108	0.10241	0.00912	0.00434	0.00723
8	0.06340	0.01847	0.03070	0.06987	0.61166	0.01874	0.02334	0.02413	0.01771	0.02627	0.01466	0.01929	0.01226	0.00711	0.00768	0.00237	0.00927	0.00690	0.00397	0.01220
9	0.01153	0.00769	0.00865	0.00865	0.00865	0.00769	0.00480	0.01153	0.01153	0.01538	0.02499	0.05189	0.02883	0.72131	0.04036	0.00769	0.00769	0.01153	0.00480	0.00480
10	0.01153	0.00769	0.00865	0.00865	0.00865	0.00769	0.00480	0.01153	0.01153	0.01538	0.02499	0.05189	0.02883	0.72131	0.04036	0.00769	0.00769	0.01153	0.00480	0.00480
11	0.03014	0.02221	0.02380	0.01825	0.02459	0.02459	0.01507	0.64541	0.03728	0.04998	0.01904	0.01904	0.01349	0.00952	0.00793	0.00238	0.00873	0.00714	0.00793	0.01349
12	0.01911	0.01832	0.03126	0.12103	0.60351	0.01871	0.02408	0.02389	0.01781	0.02528	0.01483	0.01979	0.01234	0.00716	0.00786	0.00239	0.00955	0.00706	0.00388	0.01215
13	0.02420	0.01604	0.01806	0.01557	0.02051	0.01745	0.01230	0.04115	0.47839	0.21494	0.03200	0.02885	0.02292	0.01049	0.00804	0.00262	0.00641	0.00869	0.00856	0.01282
14	0.02082	0.01933	0.01843	0.01661	0.02105	0.09387	0.01286	0.04098	0.58721	0.03165	0.03006	0.02789	0.02266	0.01047	0.00797	0.00262	0.00716	0.00854	0.00763	0.01218
15	0.01614	0.07115	0.65214	0.02220	0.03371	0.01899	0.02861	0.02505	0.01671	0.02483	0.01409	0.01657	0.01005	0.00750	0.00743	0.00248	0.01158	0.00579	0.00335	0.01165
16	0.01498	0.01409	0.02378	0.70226	0.05462	0.01762	0.02202	0.02026	0.01586	0.02026	0.01409	0.02114	0.01057	0.00793	0.00793	0.00264	0.01057	0.00705	0.00352	0.00881
17	0.01153	0.00769	0.00865	0.00865	0.00865	0.00769	0.00480	0.01153	0.01153	0.01538	0.02499	0.05189	0.02883	0.72131	0.04036	0.00769	0.00769	0.01153	0.00480	0.00480
18	0.01122	0.00811	0.01060	0.00998	0.01185	0.00748	0.00748	0.01496	0.02245	0.03180	0.66766	0.05923	0.07482	0.01621	0.00935	0.00249	0.00374	0.01434	0.00873	0.00748
19	0.01688	0.01677	0.02454	0.02081	0.02141	0.02273	0.05295	0.01900	0.01258	0.01939	0.01173	0.01885	0.01136	0.01763	0.08579	0.00427	0.60387	0.00722	0.00357	0.00865
20	0.77733	0.01534	0.01166	0.01043	0.01534	0.01779	0.00859	0.02331	0.01350	0.03558	0.01104	0.01288	0.00859	0.00736	0.00491	0.00245	0.00613	0.00429	0.00491	0.00859
21	0.01122	0.00811	0.01060	0.00998	0.01185	0.00748	0.00748	0.01496	0.02245	0.03180	0.66766	0.05923	0.07482	0.01621	0.00935	0.00249	0.00374	0.01434	0.00873	0.00748
22	0.02120	0.72609	0.04155	0.01357	0.02035	0.03138	0.01357	0.02374	0.01611	0.01866	0.01102	0.01272	0.01018	0.00678	0.00509	0.00170	0.00848	0.00424	0.00339	0.01018
23	0.03059	0.02150	0.02336	0.01791	0.02423	0.02353	0.01479	0.59561	0.03609	0.10146	0.02004	0.01969	0.01399	0.00954	0.00794	0.00239	0.00856	0.00721	0.00809	0.01349
24	0.01111	0.00751	0.00877	0.00918	0.00929	0.00741	0.00538	0.01142	0.01235	0.01647	0.02918	0.20061	0.03412	0.56538	0.03359	0.00669	0.00700	0.01400	0.00538	0.00517
25	0.01001	0.00725	0.00952	0.01109	0.01191	0.00676	0.00776	0.01177	0.01607	0.02127	0.07982	0.57667	0.09817	0.02376	0.01010	0.00318	0.00476	0.07610	0.00743	0.00659
26	0.02103	0.70342	0.06268	0.01387	0.02081	0.03095	0.01409	0.02379	0.01613	0.01887	0.01113	0.01285	0.01017	0.00681	0.00517	0.00172	0.00859	0.00429	0.00339	0.01023
27	0.02011	0.01723	0.01815	0.01622	0.02077	0.01991	0.01265	0.06472	0.63430	0.03380	0.03178	0.02919	0.02381	0.01071	0.00806	0.00268	0.00637	0.00890	0.00806	0.01259
28	0.00981	0.00779	0.00884	0.00931	0.01128	0.00682	0.00681	0.01193	0.01788	0.02250	0.14257	0.24046	0.41116	0.02090	0.00962	0.00283	0.00426	0.04095	0.00753	0.00675
29	0.01377	0.00689	0.01033	0.01033	0.01033	0.00689	0.00689	0.01033	0.01033	0.01377	0.01377	0.02410	0.01377	0.02755	0.03099	0.76928	0.00689	0.00689	0.00344	0.00344
30	0.01911	0.01832	0.03126	0.12103	0.60351	0.01871	0.02408	0.02389	0.01781	0.02528	0.01483	0.01979	0.01234	0.00716	0.00786	0.00239	0.00955	0.00706	0.00388	0.01215
31	0.01183	0.00948	0.01009	0.00964	0.01242	0.00870	0.00728	0.08178	0.02016	0.02514	0.10873	0.14279	0.48502	0.01920	0.00930	0.00270	0.00459	0.01618	0.00752	0.00747
32	0.01389	0.00694	0.01001	0.01001	0.01021	0.00694	0.00674	0.01123	0.01103	0.01552	0.01511	0.02471	0.01450	0.02552	0.02817	0.68432	0.00653	0.00694	0.08779	0.00388
33	0.02325	0.01810	0.01954	0.01620	0.02116	0.02017	0.01297	0.31361	0.28207	0.04064	0.11857	0.02908	0.02667	0.01099	0.00819	0.00252	0.00703	0.00891	0.00810	0.01224
34	0.02120	0.72609	0.04155	0.01357	0.02035	0.03138	0.01357	0.02374	0.01611	0.01866	0.01102	0.01272	0.01018	0.00678	0.00509	0.00170	0.00848	0.00424	0.00339	0.01018
35	0.00979	0.00695	0.00916	0.01088	0.01131	0.00653	0.00719	0.01107	0.01493	0.01991	0.04243	0.67100	0.05084	0.07217	0.01218	0.00352	0.00481	0.02179	0.00719	0.00633
36	0.00966	0.00690	0.00920	0.01104	0.01150	0.00644	0.00736	0.01104	0.01518	0.02024	0.04371	0.71614	0.05245	0.02484	0.01012	0.00322	0.00460	0.02254	0.00736	0.00644
37	0.02120	0.72609	0.04155	0.01357	0.02035	0.03138	0.01357	0.02374	0.01611	0.01866	0.01102	0.01272	0.01018	0.00678	0.00509	0.00170	0.00848	0.00424	0.00339	0.01018
38	0.01381	0.00870	0.01131	0.01032	0.01271	0.00790	0.00786	0.01738	0.02222	0.10267	0.56315	0.05666	0.10315	0.01573	0.00920	0.00250	0.00409	0.01377	0.00877	0.00810
39	0.01202	0.00863	0.01188	0.01365	0.01522	0.00849	0.01143	0.01515	0.01762	0.02293	0.04363	0.21824	0.06796	0.02245	0.01073	0.00353	0.00663	0.47538	0.00732	0.00710
40	0.77733	0.01534	0.01166	0.01043	0.01534	0.01779	0.00859	0.02331	0.01350	0.03558	0.01104	0.01288	0.00859	0.00736	0.00491	0.00245	0.00613	0.00429	0.00491	0.00859
41	0.00940	0.00791	0.00816	0.00837	0.01080	0.00667	0.00617	0.01134	0.01775	0.02129	0.07628	0.14715	0.60041	0.02061	0.00946	0.00274	0.00408	0.01738	0.00736	0.00667
42	0.02061	0.65024	0.11226	0.01457	0.02190	0.02994	0.01531	0.02390	0.01618	0.01937	0.01138	0.01317	0.01016	0.00687	0.00536	0.00179	0.00884	0.00442	0.00339	0.01035
43	0.03087	0.02104	0.02308	0.01769	0.02401	0.02286	0.01461	0.56415	0.03533	0.13400	0.02068	0.02010	0.01431	0.00956	0.00794	0.00239	0.00846	0.00725	0.00818	0.01349
44	0.03014	0.02221	0.02380	0.01825	0.02459	0.02459	0.01507	0.64541	0.03728	0.04998	0.01904	0.01904	0.01349	0.00952	0.00793	0.00238	0.00873	0.00714	0.00793	0.01349
45	0.02853	0.03550	0.02197	0.01995	0.02408	0.61533	0.01502	0.03282	0.09278	0.02093	0.01447	0.01599	0.01176	0.00846	0.00725	0.00211	0.01341	0.00553	0.00453	0.00956
46	0.00983	0.00703	0.00936	0.01092	0.01154	0.00656	0.00737	0.01148	0.01599	0.02152	0.11279	0.64341	0.05492	0.02389	0.01004	0.00314	0.00451	0.02164	0.00751	0.00656
47	0.02744	0.02087	0.02228	0.01770	0.02356	0.02333	0.01442	0.48885	0.19824	0.04562	0.02247	0.02178	0.01627	0.00984	0.00797	0.00246	0.00809	0.00761	0.00797	0.01324
48	0.01716	0.01722	0.02540	0.02136	0.02202	0.02328	0.06334	0.01931	0.01266	0.01952	0.01135	0.01832	0.01099	0.01556	0.05698	0.00386	0.62220	0.00719	0.00355	0.00875
49	0.01154	0.00881	0.01316	0.01303	0.01440	0.01043	0.01018	0.01434	0.01272	0.01843	0.02085	0.03066	0.01949	0.05784	0.66611	0.01241	0.04580	0.00844	0.00422	0.00714
50	0.01153	0.00769	0.00865	0.00865	0.00865	0.00769	0.00480	0.01153	0.01153	0.01538	0.02499	0.05189	0.02883	0.72131	0.04036	0.00769	0.00769	0.01153	0.00480	0.00480
51	0.03014	0.02221	0.02380	0.01825	0.02459	0.02459	0.01507	0.64541	0.03728	0.04998	0.01904	0.01904	0.01349	0.00952	0.00793	0.00238	0.00873	0.00714	0.00793	0.01349
52	0.01480	0.01254	0.01590	0.01228	0.01767	0.00999	0.03941	0.01811	0.01706	0.02548	0.10013	0.09960	0.04646	0.03192	0.00811	0.00188	0.00583	0.00863	0.00554	0.50865
53	0.02553	0.01715	0.01915	0.01604	0.02128	0.01868	0.01281	0.15475	0.38667	0.19280	0.02955	0.02697	0.02108	0.01030	0.00802	0.00257	0.00685	0.00838	0.00847	0.01296
54	0.03101	0.02082	0.02294	0.01759	0.02390	0.02253	0.01453	0.54881	0.03496	0.14985	0.02099	0.02030	0.01446	0.00957	0.00794	0.00239	0.00841	0.00727	0.00823	0.01349
55	0.01035	0.00741	0.00991	0.01120	0.01212	0.00697	0.00799	0.01250	0.01712	0.02318	0.18117	0.50184	0.05663	0.02261	0.01004	0.00311	0.00471	0.08671	0.00766	0.00677
56	0.02485	0.01905	0.02042	0.01693	0.02227	0.02139	0.01357	0.29569	0.36682	0.07053	0.02666	0.02503	0.01948	0.01019	0.00801	0.00255	0.00733	0.00815	0.00809	0.01299
57	0.02960	0.02910	0.02303	0.01917	0.02444	0.32497	0.01511	0.35034	0.04875	0.03567	0.01636	0.01721	0.01232	0.00895	0.00758	0.00224	0.01117	0.00627	0.00620	0.01152
58	0.02910	0.02259	0.02298	0.01800	0.02391	0.06903	0.01465	0.55970	0.05910	0.04611	0.01928	0.02021	0.01418	0.03302	0.00896	0.00254	0.00898	0.00722	0.00757	0.01287
59	0.01644	0.01409	0.01644	0.01175	0.01879	0.01057	0.00940	0.01997	0.01644	0.02584	0.01409	0.01644	0.01175	0.00587	0.00587	0.00117	0.00587	0.00470	0.00470	0.76979
60	0.03412	0.01465	0.01897	0.01468	0.02074	0.01352	0.01208	0.10601	0.05849	0.57321	0.02998	0.02625	0.01920	0.00983	0.00797	0.00246	0.00694	0.00794	0.00951	0.01344
61	0.01498	0.01409	0.02378	0.70226	0.05462	0.01762	0.02202	0.02026	0.01586	0.02026	0.01409	0.02114	0.01057	0.00793	0.00793	0.00264	0.01057	0.00705	0.00352	0.00881
62	0.03244	0.01312	0.01753	0.01374	0.01930	0.01165	0.01117	0.03635	0.05297	0.58224	0.06531	0.02995	0.02323	0.04149	0.00948	0.00270	0.00660	0.00852	0.00945	0.01274
63	0.01000	0.00715	0.00955	0.01112	0.01181	0.00670	0.00767	0.01177	0.01615	0.02171	0.11269	0.60968	0.05456	0.02373	0.01008	0.00316	0.00465	0.05372	0.00751	0.00660
64	0.01021	0.00745	0.00977	0.01103	0.01202	0.00678	0.00751	0.01186	0.01566	0.02125	0.07528	0.63323	0.05089	0.02309	0.00979	0.00304	0.00464	0.02089	0.00725	0.05837
65	0.00966	0.00690	0.00920	0.01104	0.01150	0.00644	0.00736	0.01104	0.01518	0.02024	0.04371	0.71614	0.05245	0.02484	0.01012	0.00322	0.00460	0.02254	0.00736	0.00644
66	0.01201	0.00827	0.01064	0.01037	0.01236	0.00757	0.00784	0.01526	0.02086	0.05716	0.46007	0.13457	0.13669	0.01772	0.00949	0.00267	0.00424	0.05630	0.00837	0.00753
67	0.11741	0.01417	0.01795	0.01392	0.01993	0.01303	0.01150	0.06961	0.02246	0.57252	0.02838	0.02500	0.01808	0.00953	0.00763	0.00245	0.00679	0.00752	0.00917	0.01295
68	0.08490	0.01386	0.01794	0.01392	0.01984	0.01256	0.01147	0.06623	0.02277	0.58160	0.05072	0.02673	0.02044	0.00985	0.00781	0.00245	0.00670	0.00790	0.00935	0.01296
69	0.04008	0.00858	0.01092	0.01034	0.01247	0.00798	0.00775	0.01629	0.02113	0.07408	0.50705	0.13562	0.08432	0.01663	0.00919	0.00258	0.00414	0.01462	0.00846	0.00778
70	0.01003	0.00708	0.00918	0.01062	0.01108	0.00668	0.00697	0.01131	0.01497	0.02005	0.07106	0.58154	0.04988	0.13216	0.01476	0.00388	0.00504	0.02044	0.00703	0.00624
71	0.01214	0.00791	0.01047	0.01076	0.01226	0.00728	0.00771	0.01473	0.01905	0.07024	0.33134	0.36560	0.06056	0.01983	0.00962	0.00283	0.00435	0.01776	0.00816	0.00740
72	0.03288	0.01290	0.01754	0.01365	0.01931	0.01119	0.01119	0.03602	0.02267	0.60587	0.10174	0.03056	0.02574	0.01052	0.00813	0.00246	0.00641	0.00868	0.00969	0.01283
73	0.01121	0.00839	0.01250	0.01263	0.01398	0.00968	0.00974	0.01395	0.01291	0.01853	0.02277	0.07770	0.02204	0.05712	0.64369	0.01210	0.02011	0.00945	0.00446	0.00704
74	0.01364	0.00697	0.01046	0.01046	0.01054	0.00705	0.00705	0.01054	0.01046	0.01402	0.01418	0.02448	0.01410	0.02927	0.06646	0.72856	0.00766	0.00697	0.00349	0.00364
75	0.01121	0.00758	0.00881	0.00909	0.00924	0.00748	0.00532	0.01158	0.01255	0.01680	0.05258	0.16075	0.03445	0.58055	0.03423	0.00676	0.00703	0.01344	0.00537	0.00517
76	0.00992	0.00707	0.00933	0.01082	0.01141	0.00661	0.00726	0.01150	0.01583	0.02131	0.11196	0.61420	0.05389	0.05452	0.01137	0.00334	0.00464	0.02115	0.00740	0.00648
77	0.03044	0.02174	0.02351	0.01802	0.02436	0.02390	0.01489	0.61274	0.03650	0.08375	0.01970	0.01947	0.01382	0.00954	0.00793	0.00238	0.00862	0.00718	0.00803	0.01349
78	0.01113	0.00801	0.01081	0.01230	0.01357	0.00769	0.00959	0.01374	0.01738	0.02303	0.11361	0.35664	0.07561	0.02248	0.01036	0.00330	0.00561	0.27073	0.00749	0.00693
79	0.01150	0.00773	0.00886	0.00880	0.00900	0.00767	0.00510	0.01191	0.01274	0.01719	0.09614	0.05271	0.03392	0.64325	0.03693	0.00711	0.00725	0.01184	0.00524	0.00510
80	0.00980	0.00700	0.00936	0.01119	0.01171	0.00656	0.00759	0.01127	0.01531	0.02039	0.04363	0.68920	0.05215	0.02472	0.01016	0.00324	0.00472	0.04816	0.00736	0.00648
81	0.67842	0.01541	0.01252	0.01103	0.01578	0.01773	0.00900	0.07074	0.01517	0.03552	0.01181	0.01396	0.00925	0.00861	0.00655	0.04373	0.00638	0.00465	0.00506	0.00869
82	0.71295	0.01538	0.01219	0.01078	0.01564	0.01772	0.00885	0.05224	0.01496	0.03611	0.03649	0.01494	0.01135	0.00780	0.00522	0.00245	0.00616	0.00481	0.00520	0.00878
83	0.01123	0.00768	0.00913	0.00923	0.00968	0.00749	0.00569	0.01219	0.01428	0.01944	0.16204	0.13792	0.04147	0.48497	0.03002	0.00603	0.00647	0.01352	0.00595	0.00557
84	0.01167	0.00785	0.00911	0.00931	0.00951	0.00785	0.00569	0.01207	0.01228	0.01630	0.02687	0.05605	0.03069	0.64388	0.03711	0.00724	0.00765	0.07873	0.00508	0.00508
85	0.01114	0.00832	0.01235	0.01256	0.01387	0.00953	0.00963	0.01382	0.01301	0.01861	0.02373	0.10699	0.02344	0.05564	0.61463	0.01169	0.01940	0.01005	0.00459	0.00701
86	0.00999	0.00726	0.00943	0.01057	0.01152	0.00670	0.00729	0.01195	0.01705	0.02294	0.18736	0.51839	0.10517	0.02253	0.00989	0.00301	0.00436	0.02024	0.00767	0.00670
87	0.00966	0.00690	0.00920	0.01104	0.01150	0.00644	0.00736	0.01104	0.01518	0.02024	0.04371	0.71614	0.05245	0.02484	0.01012	0.00322	0.00460	0.02254	0.00736	0.00644
88	0.01710	0.01721	0.02627	0.12946	0.02804	0.02285	0.07533	0.01985	0.01333	0.01985	0.01151	0.01832	0.01058	0.01228	0.02164	0.00327	0.53355	0.00718	0.00353	0.00888
89	0.05602	0.01182	0.01538	0.01253	0.01730	0.01046	0.01008	0.03011	0.02148	0.44948	0.14046	0.06915	0.09567	0.01252	0.00833	0.00252	0.00585	0.01045	0.00909	0.01130
90	0.01319	0.00840	0.01100	0.01069	0.01271	0.00769	0.00800	0.01626	0.02051	0.09010	0.41598	0.19775	0.09551	0.01789	0.00945	0.00270	0.00438	0.04158	0.00841	0.00779
91	0.01132	0.00760	0.00871	0.00891	0.00896	0.00755	0.00509	0.01148	0.01194	0.01591	0.02706	0.12543	0.03144	0.64421	0.03701	0.00719	0.00735	0.01275	0.00509	0.00499
92	0.77733	0.01534	0.01166	0.01043	0.01534	0.01779	0.00859	0.02331	0.01350	0.03558	0.01104	0.01288	0.00859	0.00736	0.00491	0.00245	0.00613	0.00429	0.00491	0.00859
93	0.01498	0.01409	0.02378	0.70226	0.05462	0.01762	0.02202	0.02026	0.01586	0.02026	0.01409	0.02114	0.01057	0.00793	0.00793	0.00264	0.01057	0.00705	0.00352	0.00881
94	0.01153	0.00769	0.00865	0.00865	0.00865	0.00769	0.00480	0.01153	0.01153	0.01538	0.02499	0.05189	0.02883	0.72131	0.04036	0.00769	0.00769	0.01153	0.00480	0.00480
95	0.01153	0.00769	0.00865	0.00865	0.00865	0.00769	0.00480	0.01153	0.01153	0.01538	0.02499	0.05189	0.02883	0.72131	0.04036	0.00769	0.00769	0.01153	0.00480	0.00480
96	0.01377	0.00689	0.01033	0.01033	0.01033	0.00689	0.00689	0.01033	0.01033	0.01377	0.01377	0.02410	0.01377	0.02755	0.03099	0.76928	0.00689	0.00689	0.00344	0.00344
97	0.01259	0.00768	0.01027	0.01134	0.01248	0.00706	0.00784	0.01424	0.01629	0.09342	0.06569	0.61525	0.04965	0.02286	0.00985	0.00311	0.00481	0.02062	0.00768	0.00726
98	0.03117	0.01252	0.01699	0.01336	0.01872	0.01090	0.01090	0.03436	0.02265	0.56048	0.14649	0.03283	0.02962	0.01097	0.00822	0.00246	0.00620	0.00913	0.00962	0.01241
99	0.01498	0.01409	0.02378	0.70226	0.05462	0.01762	0.02202	0.02026	0.01586	0.02026	0.01409	0.02114	0.01057	0.00793	0.00793	0.00264	0.01057	0.00705	0.00352	0.00881
100	0.01122	0.00811	0.01060	0.00998	0.01185	0.00748	0.00748	0.01496	0.02245	0.03180	0.66766	0.05923	0.07482	0.01621	0.00935	0.00249	0.00374	0.01434	0.00873	0.00748
101	0.01994	0.01287	0.01502	0.01342	0.01718	0.01325	0.01037	0.06473	0.23660	0.16793	0.11194	0.15834	0.09552	0.01452	0.00868	0.00269	0.00571	0.01243	0.00832	0.01057
102	0.00986	0.00704	0.00909	0.01064	0.01115	0.00659	0.00702	0.01111	0.01491	0.01976	0.04324	0.61446	0.07693	0.10174	0.01344	0.00369	0.00492	0.02107	0.00708	0.00627
103	0.01140	0.00763	0.00869	0.00881	0.00884	0.00760	0.00498	0.01150	0.01178	0.01571	0.02626	0.09703	0.03043	0.67398	0.03831	0.00738	0.00748	0.01228	0.00498	0.00492
104	0.03558	0.01350	0.01840	0.01411	0.02024	0.01166	0.01166	0.03865	0.02270	0.67734	0.03128	0.02699	0.01963	0.00981	0.00797	0.00245	0.00675	0.00797	0.00981	0.01350
105	0.00987	0.00705	0.00944	0.01128	0.01184	0.00662	0.00773	0.01141	0.01539	0.02048	0.04359	0.67355	0.05198	0.02464	0.01018	0.00325	0.00478	0.06304	0.00736	0.00650
106	0.03012	0.02143	0.02321	0.01789	0.02415	0.02353	0.01475	0.58159	0.05951	0.09198	0.02037	0.01997	0.01430	0.00959	0.00794	0.00240	0.00850	0.00726	0.00807	0.01345
107	0.01478	0.00739	0.00739	0.00739	0.00924	0.00739	0.00554	0.01848	0.01663	0.02956	0.02587	0.02956	0.02033	0.00924	0.00554	0.00185	0.00370	0.00739	0.76534	0.00739
108	0.00966	0.00690	0.00920	0.01104	0.01150	0.00644	0.00736	0.01104	0.01518	0.02024	0.04371	0.71614	0.05245	0.02484	0.01012	0.00322	0.00460	0.02254	0.00736	0.00644
109	0.01133	0.00850	0.01274	0.01274	0.01416	0.00991	0.00991	0.01416	0.01274	0.01841	0.02124	0.03115	0.01982	0.05947	0.68989	0.01274	0.02124	0.00850	0.00425	0.00708
110	0.00970	0.00805	0.00849	0.00838	0.01091	0.00684	0.00629	0.01202	0.01886	0.02328	0.18527	0.07326	0.56254	0.01939	0.00937	0.00264	0.00397	0.01631	0.00761	0.00684
111	0.00966	0.00690	0.00920	0.01104	0.01150	0.00644	0.00736	0.01104	0.01518	0.02024	0.04371	0.71614	0.05245	0.02484	0.01012	0.00322	0.00460	0.02254	0.00736	0.00644
112	0.01844	0.02078	0.04440	0.07162	0.04124	0.02011	0.57761	0.02481	0.01824	0.02481	0.01566	0.02119	0.01187	0.00709	0.01006	0.00271	0.04581	0.00911	0.00396	0.01049
113	0.01963	0.01884	0.03219	0.04867	0.67185	0.01884	0.02434	0.02434	0.01806	0.02591	0.01492	0.01963	0.01256	0.00707	0.00785	0.00236	0.00942	0.00707	0.00393	0.01256
114	0.01153	0.00769	0.00865	0.00865	0.00865	0.00769	0.00480	0.01153	0.01153	0.01538	0.02499	0.05189	0.02883	0.72131	0.04036	0.00769	0.00769	0.01153	0.00480	0.00480
115	0.01590	0.04102	0.68023	0.02260	0.03432	0.01842	0.02930	0.02511	0.01674	0.02511	0.01423	0.01674	0.01005	0.00753	0.00753	0.00251	0.01172	0.00586	0.00335	0.01172
116	0.77733	0.01534	0.01166	0.01043	0.01534	0.01779	0.00859	0.02331	0.01350	0.03558	0.01104	0.01288	0.00859	0.00736	0.00491	0.00245	0.00613	0.00429	0.00491	0.00859
117	0.02120	0.72609	0.04155	0.01357	0.02035	0.03138	0.01357	0.02374	0.01611	0.01866	0.01102	0.01272	0.01018	0.00678	0.00509	0.00170	0.00848	0.00424	0.00339	0.01018
118	0.01644	0.01409	0.01644	0.01175	0.01879	0.01057	0.00940	0.01997	0.01644	0.02584	0.01409	0.01644	0.01175	0.00587	0.00587	0.00117	0.00587	0.00470	0.00470	0.76979
119	0.01590	0.04102	0.68023	0.02260	0.03432	0.01842	0.02930	0.02511	0.01674	0.02511	0.01423	0.01674	0.01005	0.00753	0.00753	0.00251	0.01172	0.00586	0.00335	0.01172
120	0.01629	0.01544	0.02617	0.51697	0.22960	0.01796	0.02268	0.02142	0.01648	0.02186	0.01433	0.02071	0.01113	0.00768	0.00791	0.00256	0.01024	0.00705	0.00364	0.00987
121	0.03427	0.01321	0.01798	0.01389	0.01979	0.01143	0.01143	0.03737	0.02268	0.64259	0.06554	0.02873	0.02260	0.01016	0.00805	0.00246	0.00659	0.00832	0.00976	0.01317
122	0.01112	0.00802	0.01050	0.01005	0.01182	0.00741	0.00747	0.01470	0.02195	0.03101	0.62526	0.10388	0.07330	0.01680	0.00941	0.00254	0.00380	0.01490	0.00864	0.00741
123	0.00989	0.00714	0.00944	0.01107	0.01175	0.00658	0.00743	0.01134	0.01522	0.02043	0.04271	0.69267	0.05108	0.02421	0.00998	0.00315	0.00464	0.02194	0.00727	0.03204
124	0.01644	0.01409	0.01644	0.01175	0.01879	0.01057	0.00940	0.01997	0.01644	0.02584	0.01409	0.01644	0.01175	0.00587	0.00587	0.00117	0.00587	0.00470	0.00470	0.76979
125	0.00966	0.00690	0.00920	0.01104	0.01150	0.00644	0.00736	0.01104	0.01518	0.02024	0.04371	0.71614	0.05245	0.02484	0.01012	0.00322	0.00460	0.02254	0.00736	0.00644
126	0.01422	0.00734	0.00759	0.00780	0.00949	0.00729	0.00574	0.01765	0.01647	0.02853	0.02784	0.10558	0.02388	0.01097	0.00605	0.00200	0.00380	0.00907	0.68142	0.00729
127	0.01261	0.00804	0.00946	0.00914	0.00977	0.00784	0.00561	0.01342	0.01401	0.04944	0.14011	0.05203	0.03661	0.56188	0.03330	0.00651	0.00694	0.01187	0.00574	0.00569
128	0.00973	0.00805	0.00852	0.00840	0.01093	0.00684	0.00630	0.01207	0.01891	0.02341	0.19263	0.07305	0.55510	0.01934	0.00937	0.00264	0.00396	0.01628	0.00762	0.00684
129	0.01278	0.00913	0.01278	0.01460	0.01643	0.00913	0.01278	0.01643	0.01825	0.02373	0.04199	0.08945	0.04564	0.02191	0.01095	0.00365	0.00730	0.61847	0.00730	0.00730
130	0.03476	0.01331	0.01814	0.01397	0.01996	0.01151	0.01151	0.03785	0.02269	0.65563	0.05269	0.02807	0.02149	0.01003	0.00802	0.00246	0.00665	0.00819	0.00978	0.01329
131	0.01113	0.00803	0.01055	0.01026	0.01199	0.00744	0.00767	0.01464	0.02158	0.03037	0.58343	0.12392	0.07154	0.01726	0.00949	0.00261	0.00396	0.03820	0.00854	0.00737
132	0.01133	0.00850	0.01274	0.01274	0.01416	0.00991	0.00991	0.01416	0.01274	0.01841	0.02124	0.03115	0.01982	0.05947	0.68989	0.01274	0.02124	0.00850	0.00425	0.00708
133	0.01153	0.00769	0.00865	0.00865	0.00865	0.00769	0.00480	0.01153	0.01153	0.01538	0.02499	0.05189	0.02883	0.72131	0.04036	0.00769	0.00769	0.01153	0.00480	0.00480
134	0.01263	0.00908	0.01257	0.01431	0.01618	0.00902	0.01248	0.01621	0.01825	0.02363	0.04367	0.08887	0.07303	0.02183	0.01088	0.00361	0.00716	0.59201	0.00730	0.00728
135	0.01972	0.01703	0.01793	0.01614	0.02062	0.01972	0.01255	0.04214	0.65752	0.03317	0.03228	0.02959	0.02421	0.01076	0.00807	0.00269	0.00628	0.00897	0.00807	0.01255
136	0.77733	0.01534	0.01166	0.01043	0.01534	0.01779	0.00859	0.02331	0.01350	0.03558	0.01104	0.01288	0.00859	0.00736	0.00491	0.00245	0.00613	0.00429	0.00491	0.00859
137	0.01644	0.01409	0.01644	0.01175	0.01879	0.01057	0.00940	0.01997	0.01644	0.02584	0.01409	0.01644	0.01175	0.00587	0.00587	0.00117	0.00587	0.00470	0.00470	0.76979
138	0.01122	0.00811	0.01060	0.00998	0.01185	0.00748	0.00748	0.01496	0.02245	0.03180	0.66766	0.05923	0.07482	0.01621	0.00935	0.00249	0.00374	0.01434	0.00873	0.00748
139	0.69461	0.01610	0.01300	0.01129	0.01636	0.01854	0.00931	0.09218	0.01613	0.03717	0.01193	0.01356	0.00913	0.00760	0.00524	0.00245	0.00642	0.00461	0.00524	0.00913
140	0.03316	0.01366	0.01812	0.01409	0.01990	0.01225	0.01157	0.06657	0.04351	0.58264	0.07397	0.02888	0.02323	0.01027	0.00807	0.00246	0.00662	0.00840	0.00959	0.01306
141	0.01161	0.00891	0.01329	0.01312	0.01447	0.01059	0.01026	0.01439	0.01272	0.01844	0.02073	0.03050	0.01938	0.05733	0.65867	0.01231	0.05348	0.00842	0.00421	0.00716
142	0.01377	0.00689	0.01033	0.01033	0.01033	0.00689	0.00689	0.01033	0.01033	0.01377	0.01377	0.02410	0.01377	0.02755	0.03099	0.76928	0.00689	0.00689	0.00344	0.00344
143	0.01498	0.01409	0.02378	0.70226	0.05462	0.01762	0.02202	0.02026	0.01586	0.02026	0.01409	0.02114	0.01057	0.00793	0.00793	0.00264	0.01057	0.00705	0.00352	0.00881
144	0.01616	0.01531	0.02593	0.53519	0.21239	0.01793	0.02261	0.02130	0.01642	0.02170	0.01430	0.02075	0.01108	0.00771	0.00791	0.00257	0.01028	0.00705	0.00363	0.00977
145	0.69334	0.01601	0.01555	0.01297	0.01823	0.01804	0.07883	0.02354	0.01407	0.03445	0.01160	0.01382	0.00897	0.00729	0.00540	0.00248	0.00694	0.00485	0.00481	0.00882
146	0.63251	0.01606	0.01345	0.01167	0.01673	0.01840	0.00957	0.08490	0.05982	0.05535	0.01384	0.01502	0.01044	0.00787	0.00550	0.00246	0.00641	0.00499	0.00556	0.00947

[dist]
# distance from previous block
# <min> <max>
0	2

[block]
# block no. 4 follows, 24 sequences, length 33
# corresponding to MSA columns:
# 227-259
name=unknown_E
#
# <colnr> <probs for GDERKNQSTAVLIFYWHMCP>
#	G	D	E	R	K	N	Q	S	T	A	V	L	I	F	Y	W	H	M	C	P
0	0.42732	0.01903	0.01683	0.01393	0.01933	0.06921	0.01138	0.22165	0.02240	0.08963	0.01526	0.01605	0.01113	0.00830	0.00627	0.00240	0.00761	0.00554	0.00619	0.01057
1	0.02698	0.02064	0.02202	0.01761	0.02339	0.02311	0.01431	0.46231	0.22553	0.04488	0.02306	0.02224	0.01674	0.00990	0.00797	0.00247	0.00798	0.00769	0.00797	0.01320
2	0.00966	0.00690	0.00920	0.01104	0.01150	0.00644	0.00736	0.01104	0.01518	0.02024	0.04371	0.71614	0.05245	0.02484	0.01012	0.00322	0.00460	0.02254	0.00736	0.00644
3	0.01590	0.04102	0.68023	0.02260	0.03432	0.01842	0.02930	0.02511	0.01674	0.02511	0.01423	0.01674	0.01005	0.00753	0.00753	0.00251	0.01172	0.00586	0.00335	0.01172
4	0.01664	0.13555	0.59210	0.02136	0.03239	0.02020	0.02713	0.02492	0.01666	0.02422	0.01379	0.01619	0.01006	0.00743	0.00720	0.00240	0.01127	0.00564	0.00335	0.01151
5	0.01963	0.01884	0.03219	0.04867	0.67185	0.01884	0.02434	0.02434	0.01806	0.02591	0.01492	0.01963	0.01256	0.00707	0.00785	0.00236	0.00942	0.00707	0.00393	0.01256
6	0.00937	0.00803	0.00803	0.00803	0.01071	0.00669	0.00602	0.01138	0.01807	0.02142	0.08033	0.07632	0.66863	0.02008	0.00937	0.00268	0.00402	0.01674	0.00736	0.00669
7	0.02200	0.66097	0.03975	0.01422	0.02075	0.09364	0.01373	0.02449	0.01671	0.01873	0.01114	0.01287	0.01018	0.00692	0.00528	0.00173	0.00903	0.00432	0.00346	0.01008
8	0.01820	0.01886	0.02541	0.02148	0.02218	0.06610	0.05151	0.02023	0.01316	0.01945	0.01083	0.01738	0.01049	0.01312	0.02392	0.00334	0.62503	0.00696	0.00354	0.00882
9	0.00966	0.00690	0.00920	0.01104	0.01150	0.00644	0.00736	0.01104	0.01518	0.02024	0.04371	0.71614	0.05245	0.02484	0.01012	0.00322	0.00460	0.02254	0.00736	0.00644
10	0.02064	0.65306	0.10963	0.01453	0.02184	0.03000	0.01525	0.02389	0.01618	0.01934	0.01137	0.01315	0.01016	0.00686	0.00535	0.00178	0.00883	0.00441	0.00339	0.01034
11	0.07638	0.01691	0.01746	0.01571	0.02023	0.01958	0.01226	0.04073	0.60936	0.03335	0.03069	0.02834	0.02304	0.01050	0.00783	0.00267	0.00627	0.00862	0.00783	0.01226
12	0.01872	0.02139	0.04679	0.03342	0.04144	0.02005	0.64305	0.02540	0.01872	0.02540	0.01604	0.02139	0.01203	0.00668	0.00936	0.00267	0.01337	0.00936	0.00401	0.01070
13	0.00994	0.00806	0.00882	0.00863	0.01106	0.00694	0.00647	0.01248	0.01942	0.02462	0.26133	0.07105	0.48564	0.01889	0.00937	0.00262	0.00393	0.01600	0.00778	0.00694
14	0.01498	0.01409	0.02378	0.70226	0.05462	0.01762	0.02202	0.02026	0.01586	0.02026	0.01409	0.02114	0.01057	0.00793	0.00793	0.00264	0.01057	0.00705	0.00352	0.00881
15	0.00966	0.00690	0.00920	0.01104	0.01150	0.00644	0.00736	0.01104	0.01518	0.02024	0.04371	0.71614	0.05245	0.02484	0.01012	0.00322	0.00460	0.02254	0.00736	0.00644
16	0.00966	0.00690	0.00920	0.01104	0.01150	0.00644	0.00736	0.01104	0.01518	0.02024	0.04371	0.71614	0.05245	0.02484	0.01012	0.00322	0.00460	0.02254	0.00736	0.00644
17	0.02962	0.03779	0.02247	0.02043	0.02451	0.68948	0.01532	0.03166	0.02247	0.01941	0.01226	0.01430	0.01021	0.00817	0.00715	0.00204	0.01430	0.00511	0.00409	0.00919
18	0.00937	0.00803	0.00803	0.00803	0.01071	0.00669	0.00602	0.01138	0.01807	0.02142	0.08033	0.07632	0.66863	0.02008	0.00937	0.00268	0.00402	0.01674	0.00736	0.00669
19	0.01498	0.01409	0.02378	0.70226	0.05462	0.01762	0.02202	0.02026	0.01586	0.02026	0.01409	0.02114	0.01057	0.00793	0.00793	0.00264	0.01057	0.00705	0.00352	0.00881
20	0.00966	0.00690	0.00920	0.01104	0.01150	0.00644	0.00736	0.01104	0.01518	0.02024	0.04371	0.71614	0.05245	0.02484	0.01012	0.00322	0.00460	0.02254	0.00736	0.00644
21	0.02964	0.02196	0.02352	0.01814	0.02440	0.02436	0.01495	0.61643	0.06707	0.04917	0.01967	0.01955	0.01400	0.00958	0.00794	0.00239	0.00861	0.00723	0.00794	0.01344
22	0.01498	0.01409	0.02378	0.70226	0.05462	0.01762	0.02202	0.02026	0.01586	0.02026	0.01409	0.02114	0.01057	0.00793	0.00793	0.00264	0.01057	0.00705	0.00352	0.00881
23	0.01113	0.00810	0.01048	0.00988	0.01179	0.00744	0.00741	0.01479	0.02224	0.03130	0.63941	0.06006	0.10339	0.01640	0.00935	0.00250	0.00375	0.01446	0.00866	0.00744
24	0.00953	0.00808	0.00826	0.00834	0.01098	0.00681	0.00634	0.01162	0.01808	0.02153	0.07853	0.07693	0.63939	0.02017	0.00945	0.00272	0.00417	0.04498	0.00736	0.00672
25	0.02031	0.61027	0.14953	0.01510	0.02271	0.02919	0.01623	0.02398	0.01622	0.01975	0.01157	0.01340	0.01015	0.00691	0.00550	0.00183	0.00903	0.00451	0.00338	0.01044
26	0.16754	0.02348	0.02099	0.01708	0.02265	0.14358	0.01378	0.38616	0.06419	0.04085	0.01706	0.01762	0.01258	0.00894	0.00724	0.00235	0.00912	0.00635	0.00668	0.01175
27	0.00966	0.00690	0.00920	0.01104	0.01150	0.00644	0.00736	0.01104	0.01518	0.02024	0.04371	0.71614	0.05245	0.02484	0.01012	0.00322	0.00460	0.02254	0.00736	0.00644
28	0.01630	0.09225	0.63246	0.02193	0.03328	0.01939	0.02812	0.02501	0.01669	0.02463	0.01399	0.01644	0.01006	0.00748	0.00735	0.00245	0.01148	0.00574	0.00335	0.01160
29	0.01524	0.01446	0.02384	0.62635	0.05085	0.01836	0.02150	0.02013	0.01544	0.02013	0.01368	0.02072	0.01055	0.00859	0.00994	0.00273	0.08812	0.00704	0.00352	0.00879
30	0.10992	0.01779	0.01918	0.01554	0.02115	0.01900	0.01267	0.27618	0.16492	0.10744	0.02295	0.02481	0.01738	0.00980	0.00755	0.00239	0.00729	0.03838	0.00742	0.09823
31	0.39035	0.05335	0.01784	0.01346	0.01910	0.01922	0.01123	0.19938	0.02199	0.16006	0.01709	0.01725	0.01212	0.00840	0.00634	0.00239	0.00709	0.00578	0.00660	0.01096
32	0.01789	0.29830	0.44037	0.01921	0.02908	0.02328	0.02339	0.02460	0.01651	0.02269	0.01303	0.01523	0.01009	0.00725	0.00662	0.00221	0.01050	0.00525	0.00336	0.01114

[dist]
# distance from previous block
# <min> <max>
0	1

# created by:
# /st0/software/busco_prod/Augustus/scripts/msa2prfl.pl ./align_prep/112566.fa
