[name]
unknown

[dist]
# distance from previous block
# <min> <max>
0	19

[block]
# block no. 0 follows, 24 sequences, length 6
# corresponding to MSA columns:
# 19-24
name=unknown_A
#
# <colnr> <probs for GDERKNQSTAVLIFYWHMCP>
#	G	D	E	R	K	N	Q	S	T	A	V	L	I	F	Y	W	H	M	C	P
0	0.01517	0.01359	0.02232	0.41752	0.14598	0.01563	0.02002	0.01994	0.01684	0.02208	0.02143	0.03853	0.01995	0.01140	0.00870	0.00286	0.00954	0.16492	0.00457	0.00904
1	0.01751	0.01812	0.03006	0.08034	0.02893	0.02264	0.17929	0.02081	0.01415	0.02081	0.01217	0.01871	0.01084	0.01153	0.02023	0.00320	0.47027	0.00757	0.00361	0.00921
2	0.01386	0.01273	0.02158	0.47854	0.04259	0.01490	0.06025	0.01823	0.01588	0.02060	0.02187	0.20061	0.02148	0.01221	0.00859	0.00279	0.00922	0.01120	0.00455	0.00833
3	0.02365	0.01634	0.01894	0.01577	0.02031	0.01791	0.01269	0.31014	0.10535	0.10869	0.02376	0.05657	0.01894	0.02331	0.18414	0.00514	0.01124	0.00852	0.00718	0.01139
4	0.01057	0.00797	0.01130	0.09720	0.01725	0.00804	0.00961	0.01262	0.01551	0.02052	0.03989	0.57996	0.04670	0.02251	0.00992	0.00318	0.00556	0.06800	0.00688	0.00680
5	0.01364	0.01242	0.02232	0.01863	0.02166	0.01350	0.17389	0.01740	0.01425	0.02026	0.01917	0.02770	0.01718	0.04276	0.46926	0.00952	0.06559	0.00861	0.00413	0.00812

[dist]
# distance from previous block
# <min> <max>
0	1

[block]
# block no. 1 follows, 24 sequences, length 34
# corresponding to MSA columns:
# 26-59
name=unknown_B
#
# <colnr> <probs for GDERKNQSTAVLIFYWHMCP>
#	G	D	E	R	K	N	Q	S	T	A	V	L	I	F	Y	W	H	M	C	P
0	0.52115	0.01521	0.01541	0.07638	0.08629	0.01712	0.01164	0.04530	0.01602	0.05412	0.06400	0.01861	0.01488	0.00823	0.00603	0.00246	0.00679	0.00583	0.00525	0.00926
1	0.02033	0.02036	0.08631	0.01682	0.02237	0.03879	0.01436	0.09237	0.47512	0.03295	0.02745	0.02600	0.02056	0.00991	0.00783	0.00252	0.00726	0.00809	0.00723	0.06338
2	0.02181	0.01681	0.01826	0.01577	0.02072	0.01860	0.01241	0.07994	0.50863	0.09976	0.03008	0.02774	0.02220	0.01025	0.00790	0.00254	0.00646	0.00846	0.00801	0.06363
3	0.01709	0.01397	0.01627	0.01216	0.01856	0.01134	0.00967	0.02255	0.08272	0.04966	0.06051	0.02103	0.01754	0.00721	0.00640	0.00146	0.00580	0.00590	0.00549	0.61466
4	0.01681	0.01401	0.01633	0.01199	0.01846	0.01118	0.00957	0.06056	0.01843	0.02804	0.08136	0.02100	0.01832	0.00717	0.00636	0.00139	0.00584	0.00585	0.00532	0.64201
5	0.01377	0.00689	0.01033	0.01033	0.01033	0.00689	0.00689	0.01033	0.01033	0.01377	0.01377	0.02410	0.01377	0.02755	0.03099	0.76928	0.00689	0.00689	0.00344	0.00344
6	0.01883	0.02069	0.09781	0.10426	0.55154	0.01869	0.02464	0.02405	0.01773	0.02532	0.01477	0.01947	0.01213	0.00719	0.00783	0.00240	0.00976	0.00694	0.00383	0.01214
7	0.01613	0.07020	0.65302	0.02222	0.03373	0.01897	0.02863	0.02505	0.01672	0.02484	0.01409	0.01657	0.01005	0.00750	0.00743	0.00248	0.01158	0.00579	0.00335	0.01165
8	0.01959	0.01640	0.01969	0.02098	0.12932	0.01816	0.01405	0.03658	0.46785	0.05775	0.08595	0.03045	0.02658	0.01059	0.00814	0.00261	0.00660	0.00909	0.00750	0.01214
9	0.01327	0.00983	0.01351	0.01294	0.01474	0.01122	0.00999	0.07858	0.01515	0.02137	0.02135	0.03176	0.01998	0.11335	0.56215	0.01123	0.01875	0.00863	0.00468	0.00753
10	0.09305	0.01422	0.02254	0.63140	0.05059	0.01764	0.02065	0.02057	0.01561	0.02183	0.01378	0.02030	0.01037	0.00787	0.00762	0.00262	0.01012	0.00677	0.00367	0.00879
11	0.01797	0.01727	0.03024	0.14395	0.43218	0.01766	0.09672	0.02252	0.01713	0.02389	0.01596	0.02338	0.01385	0.08030	0.01137	0.00298	0.00990	0.00780	0.00396	0.01096
12	0.01498	0.01409	0.02378	0.70226	0.05462	0.01762	0.02202	0.02026	0.01586	0.02026	0.01409	0.02114	0.01057	0.00793	0.00793	0.00264	0.01057	0.00705	0.00352	0.00881
13	0.01478	0.00739	0.00739	0.00739	0.00924	0.00739	0.00554	0.01848	0.01663	0.02956	0.02587	0.02956	0.02033	0.00924	0.00554	0.00185	0.00370	0.00739	0.76534	0.00739
14	0.01123	0.00805	0.01051	0.01029	0.01192	0.00753	0.00766	0.01453	0.02085	0.02923	0.53234	0.11221	0.06796	0.06470	0.01161	0.00298	0.00432	0.05661	0.00826	0.00721
15	0.01927	0.47641	0.27432	0.01686	0.02544	0.02665	0.01930	0.02424	0.01634	0.02101	0.01219	0.01419	0.01013	0.00706	0.00598	0.00199	0.00966	0.00483	0.00338	0.01074
16	0.01498	0.01409	0.02378	0.70226	0.05462	0.01762	0.02202	0.02026	0.01586	0.02026	0.01409	0.02114	0.01057	0.00793	0.00793	0.00264	0.01057	0.00705	0.00352	0.00881
17	0.00966	0.00690	0.00920	0.01104	0.01150	0.00644	0.00736	0.01104	0.01518	0.02024	0.04371	0.71614	0.05245	0.02484	0.01012	0.00322	0.00460	0.02254	0.00736	0.00644
18	0.01932	0.01853	0.03163	0.09163	0.63128	0.01876	0.02418	0.02407	0.01791	0.02554	0.01486	0.01973	0.01243	0.00712	0.00786	0.00237	0.00950	0.00706	0.00390	0.01231
19	0.02802	0.03405	0.02237	0.02007	0.02397	0.56039	0.01528	0.06095	0.06509	0.02178	0.01379	0.01579	0.01133	0.00886	0.00873	0.00221	0.06765	0.00561	0.00449	0.00959
20	0.07962	0.02258	0.02288	0.05084	0.02541	0.07580	0.01499	0.52546	0.03349	0.04519	0.01773	0.01836	0.01276	0.00919	0.00767	0.00237	0.00908	0.00678	0.00722	0.01260
21	0.01498	0.01409	0.02378	0.70226	0.05462	0.01762	0.02202	0.02026	0.01586	0.02026	0.01409	0.02114	0.01057	0.00793	0.00793	0.00264	0.01057	0.00705	0.00352	0.00881
22	0.02974	0.02115	0.02293	0.01777	0.02395	0.02324	0.01462	0.55270	0.08470	0.09573	0.02099	0.02046	0.01479	0.00964	0.00795	0.00241	0.00839	0.00734	0.00808	0.01341
23	0.01546	0.01473	0.02532	0.62810	0.09882	0.01780	0.04707	0.02076	0.01613	0.02088	0.01423	0.02104	0.01077	0.00782	0.00798	0.00262	0.01060	0.00714	0.00357	0.00916
24	0.00966	0.00690	0.00920	0.01104	0.01150	0.00644	0.00736	0.01104	0.01518	0.02024	0.04371	0.71614	0.05245	0.02484	0.01012	0.00322	0.00460	0.02254	0.00736	0.00644
25	0.00980	0.00701	0.00933	0.01095	0.01153	0.00653	0.00737	0.01139	0.01583	0.02127	0.09933	0.65758	0.05444	0.02407	0.01005	0.00316	0.00452	0.02181	0.00748	0.00653
26	0.01746	0.24226	0.49262	0.01995	0.03022	0.02222	0.02468	0.02471	0.01656	0.02322	0.01329	0.01556	0.01008	0.00731	0.00682	0.00227	0.01077	0.00538	0.00336	0.01127
27	0.01655	0.01570	0.02663	0.48060	0.26394	0.01803	0.02281	0.02164	0.01660	0.02218	0.01437	0.02063	0.01125	0.00764	0.00790	0.00255	0.01018	0.00705	0.00366	0.01008
28	0.01134	0.00844	0.01246	0.01246	0.01378	0.00976	0.00956	0.01398	0.01266	0.01820	0.02150	0.03257	0.02044	0.10472	0.64548	0.01240	0.02031	0.00870	0.00429	0.00692
29	0.01498	0.01409	0.02378	0.70226	0.05462	0.01762	0.02202	0.02026	0.01586	0.02026	0.01409	0.02114	0.01057	0.00793	0.00793	0.00264	0.01057	0.00705	0.00352	0.00881
30	0.01853	0.02105	0.04268	0.03105	0.03829	0.05123	0.56310	0.02458	0.01862	0.02471	0.01802	0.07538	0.01511	0.00818	0.00931	0.00269	0.01273	0.01018	0.00428	0.01029
31	0.01586	0.01089	0.01555	0.14610	0.02404	0.01151	0.01399	0.02082	0.06005	0.09356	0.03499	0.11474	0.03525	0.01743	0.00980	0.00323	0.00759	0.34917	0.00690	0.00853
32	0.61322	0.01635	0.01408	0.03659	0.01828	0.01884	0.01016	0.11387	0.04143	0.03702	0.01311	0.01470	0.00996	0.00782	0.00557	0.00246	0.00667	0.00498	0.00542	0.00945
33	0.12950	0.19973	0.36938	0.01806	0.02695	0.02156	0.02098	0.02604	0.07323	0.02582	0.01460	0.01635	0.01112	0.00762	0.00661	0.00232	0.00963	0.00552	0.00401	0.01096

[dist]
# distance from previous block
# <min> <max>
1	8

[block]
# block no. 2 follows, 24 sequences, length 21
# corresponding to MSA columns:
# 68-88
name=unknown_C
#
# <colnr> <probs for GDERKNQSTAVLIFYWHMCP>
#	G	D	E	R	K	N	Q	S	T	A	V	L	I	F	Y	W	H	M	C	P
0	0.35601	0.01820	0.05565	0.02375	0.21363	0.01833	0.01544	0.08441	0.04176	0.05419	0.01579	0.01973	0.01270	0.00826	0.00667	0.00248	0.00774	0.02941	0.00519	0.01067
1	0.17160	0.01641	0.02002	0.04939	0.09878	0.01710	0.01379	0.13900	0.06193	0.25126	0.02129	0.02121	0.01488	0.00893	0.00787	0.00244	0.03000	0.00688	0.00706	0.04014
2	0.11675	0.01982	0.02074	0.01638	0.02201	0.02193	0.01340	0.50557	0.03222	0.04562	0.01979	0.05705	0.01538	0.01009	0.00757	0.00241	0.00794	0.00766	0.04545	0.01221
3	0.04449	0.01166	0.01284	0.01186	0.01471	0.01193	0.00891	0.14785	0.06711	0.02941	0.12215	0.20852	0.19240	0.06598	0.01113	0.00306	0.00561	0.01442	0.00743	0.00852
4	0.01021	0.00782	0.00935	0.01019	0.01183	0.00708	0.00754	0.01229	0.01717	0.02185	0.10078	0.28646	0.30234	0.05186	0.01119	0.00321	0.00485	0.10998	0.00734	0.00668
5	0.01122	0.00811	0.01060	0.00998	0.01185	0.00748	0.00748	0.01496	0.02245	0.03180	0.66766	0.05923	0.07482	0.01621	0.00935	0.00249	0.00374	0.01434	0.00873	0.00748
6	0.01852	0.06234	0.12153	0.03105	0.03944	0.02048	0.53585	0.02528	0.01834	0.02500	0.01555	0.02036	0.01170	0.00679	0.00891	0.00260	0.01291	0.00866	0.00390	0.01079
7	0.01590	0.04102	0.68023	0.02260	0.03432	0.01842	0.02930	0.02511	0.01674	0.02511	0.01423	0.01674	0.01005	0.00753	0.00753	0.00251	0.01172	0.00586	0.00335	0.01172
8	0.01100	0.00810	0.01030	0.00975	0.01171	0.00739	0.00731	0.01454	0.02193	0.03057	0.59810	0.06126	0.14516	0.01667	0.00936	0.00252	0.00377	0.01462	0.00857	0.00739
9	0.01278	0.00913	0.01278	0.01460	0.01643	0.00913	0.01278	0.01643	0.01825	0.02373	0.04199	0.08945	0.04564	0.02191	0.01095	0.00365	0.00730	0.61847	0.00730	0.00730
10	0.01624	0.03869	0.60520	0.02388	0.03516	0.01861	0.10199	0.02515	0.01698	0.02515	0.01445	0.01729	0.01028	0.00743	0.00775	0.00253	0.01191	0.00627	0.00343	0.01160
11	0.01543	0.03682	0.59322	0.02137	0.03180	0.01714	0.02693	0.02392	0.01711	0.02527	0.04388	0.02495	0.01589	0.00917	0.00791	0.00261	0.01100	0.06050	0.00392	0.01115
12	0.01590	0.04102	0.68023	0.02260	0.03432	0.01842	0.02930	0.02511	0.01674	0.02511	0.01423	0.01674	0.01005	0.00753	0.00753	0.00251	0.01172	0.00586	0.00335	0.01172
13	0.01377	0.00689	0.01033	0.01033	0.01033	0.00689	0.00689	0.01033	0.01033	0.01377	0.01377	0.02410	0.01377	0.02755	0.03099	0.76928	0.00689	0.00689	0.00344	0.00344
14	0.02656	0.02328	0.02268	0.05166	0.06984	0.15357	0.01543	0.30340	0.16438	0.05792	0.02042	0.02076	0.01514	0.00929	0.00780	0.00239	0.00937	0.00715	0.00678	0.01216
15	0.03214	0.01426	0.01830	0.01455	0.02032	0.01341	0.01185	0.03940	0.16049	0.53752	0.03150	0.02755	0.02062	0.01002	0.00799	0.00250	0.00665	0.00819	0.00944	0.01329
16	0.00966	0.00690	0.00920	0.01104	0.01150	0.00644	0.00736	0.01104	0.01518	0.02024	0.04371	0.71614	0.05245	0.02484	0.01012	0.00322	0.00460	0.02254	0.00736	0.00644
17	0.01835	0.02024	0.04251	0.11724	0.10552	0.01963	0.50533	0.02466	0.01830	0.02482	0.01569	0.02119	0.01190	0.00688	0.00903	0.00264	0.01263	0.00885	0.00394	0.01065
18	0.02758	0.01864	0.02065	0.01597	0.02181	0.01963	0.01308	0.43684	0.03137	0.12505	0.05309	0.02255	0.01765	0.00954	0.00766	0.00225	0.00762	0.00740	0.06043	0.08118
19	0.02395	0.05884	0.28115	0.01821	0.02632	0.01814	0.01925	0.15055	0.06690	0.19463	0.04871	0.02231	0.01691	0.00906	0.00773	0.00245	0.00901	0.00715	0.00643	0.01232
20	0.05705	0.26562	0.12757	0.01789	0.02390	0.23918	0.01668	0.06921	0.01929	0.02283	0.01241	0.01464	0.01035	0.00812	0.00796	0.00215	0.06586	0.00518	0.00400	0.01013

[dist]
# distance from previous block
# <min> <max>
2	4

[block]
# block no. 3 follows, 24 sequences, length 8
# corresponding to MSA columns:
# 93-100
name=unknown_D
#
# <colnr> <probs for GDERKNQSTAVLIFYWHMCP>
#	G	D	E	R	K	N	Q	S	T	A	V	L	I	F	Y	W	H	M	C	P
0	0.01927	0.01374	0.01642	0.01235	0.01861	0.01104	0.00982	0.05302	0.01827	0.12114	0.01959	0.08326	0.01677	0.00839	0.00668	0.00161	0.00602	0.00696	0.00585	0.55118
1	0.02881	0.02142	0.02308	0.01761	0.02403	0.02322	0.01452	0.58438	0.03525	0.04762	0.01856	0.01879	0.01332	0.00916	0.00773	0.00226	0.00845	0.00690	0.00762	0.08728
2	0.01065	0.00795	0.01025	0.01114	0.01256	0.00704	0.00766	0.01234	0.01537	0.02106	0.03941	0.61452	0.04654	0.02209	0.00950	0.00292	0.00479	0.01995	0.00697	0.11730
3	0.01397	0.00806	0.01252	0.12308	0.01755	0.00864	0.00935	0.01195	0.01123	0.01483	0.01383	0.02362	0.01325	0.02435	0.02723	0.64436	0.00749	0.00691	0.00346	0.00432
4	0.44327	0.02080	0.01736	0.04922	0.06419	0.14909	0.01248	0.10951	0.01889	0.03302	0.01277	0.01484	0.00993	0.00782	0.00610	0.00237	0.00850	0.00516	0.00503	0.00965
5	0.08215	0.01912	0.02140	0.08106	0.16562	0.11294	0.01486	0.05672	0.01851	0.02654	0.01402	0.01708	0.01143	0.00696	0.00670	0.00186	0.00845	0.00558	0.00453	0.32447
6	0.08781	0.17180	0.11357	0.08072	0.02580	0.07503	0.05940	0.05777	0.04339	0.05234	0.10959	0.02330	0.02068	0.00923	0.00798	0.00235	0.03692	0.00722	0.00510	0.01002
7	0.44160	0.01752	0.01358	0.01196	0.01630	0.11458	0.00934	0.04885	0.01610	0.03056	0.01422	0.01863	0.01210	0.07723	0.00895	0.00275	0.00740	0.00549	0.05798	0.07484

[dist]
# distance from previous block
# <min> <max>
1	16

[block]
# block no. 4 follows, 24 sequences, length 53
# corresponding to MSA columns:
# 117-169
name=unknown_E
#
# <colnr> <probs for GDERKNQSTAVLIFYWHMCP>
#	G	D	E	R	K	N	Q	S	T	A	V	L	I	F	Y	W	H	M	C	P
0	0.01835	0.30918	0.34822	0.02039	0.02970	0.02374	0.10031	0.02461	0.01674	0.02260	0.01319	0.01574	0.01035	0.00713	0.00680	0.00221	0.01065	0.00566	0.00345	0.01098
1	0.01390	0.00910	0.01254	0.01353	0.01556	0.00883	0.01141	0.01735	0.01902	0.07124	0.14408	0.12906	0.04911	0.02034	0.01041	0.00334	0.00647	0.42929	0.00772	0.00770
2	0.05080	0.01159	0.04959	0.01241	0.01440	0.01137	0.00977	0.05931	0.01486	0.02158	0.04651	0.07540	0.02465	0.24697	0.28245	0.00811	0.03810	0.00995	0.00498	0.00721
3	0.22401	0.02027	0.01955	0.04238	0.02266	0.06577	0.01324	0.31750	0.13181	0.04024	0.01849	0.01893	0.01364	0.00901	0.00711	0.00244	0.00808	0.00656	0.00674	0.01158
4	0.01664	0.09224	0.01712	0.01217	0.01577	0.01151	0.04513	0.01995	0.02063	0.13864	0.33369	0.06907	0.14748	0.01436	0.00865	0.00246	0.00542	0.01243	0.00777	0.00885
5	0.01332	0.01084	0.01618	0.01524	0.01810	0.01053	0.08327	0.01838	0.06525	0.02555	0.14409	0.12333	0.08878	0.01798	0.00994	0.00309	0.00682	0.28827	0.00714	0.03391
6	0.01889	0.02072	0.06273	0.06994	0.27789	0.04202	0.24478	0.02414	0.01772	0.02465	0.01476	0.01968	0.01187	0.00750	0.00967	0.00250	0.06551	0.00763	0.00392	0.05348
7	0.01657	0.09754	0.57656	0.02268	0.03369	0.01964	0.07597	0.02502	0.01684	0.02459	0.01410	0.01676	0.01021	0.00740	0.00747	0.00245	0.01157	0.00600	0.00340	0.01151
8	0.01471	0.14058	0.01854	0.03612	0.01634	0.01510	0.01066	0.03638	0.01450	0.02049	0.01918	0.02809	0.01787	0.10878	0.32297	0.00758	0.06594	0.00771	0.09064	0.00781
9	0.02091	0.68788	0.07718	0.01407	0.02113	0.03065	0.01445	0.02382	0.01615	0.01902	0.01120	0.01294	0.01017	0.00683	0.00522	0.00174	0.00866	0.00433	0.00339	0.01026
10	0.01590	0.04102	0.68023	0.02260	0.03432	0.01842	0.02930	0.02511	0.01674	0.02511	0.01423	0.01674	0.01005	0.00753	0.00753	0.00251	0.01172	0.00586	0.00335	0.01172
11	0.01019	0.00758	0.01075	0.01180	0.01255	0.00711	0.03407	0.01169	0.01505	0.02008	0.04107	0.63478	0.04889	0.07855	0.01245	0.00355	0.00521	0.02112	0.00702	0.00649
12	0.03308	0.01481	0.01893	0.01474	0.02060	0.01386	0.01208	0.15432	0.02510	0.51950	0.02961	0.06389	0.02027	0.01060	0.00809	0.00248	0.00701	0.00863	0.00931	0.01310
13	0.01388	0.00872	0.01130	0.01030	0.01273	0.00790	0.00785	0.01741	0.02214	0.10522	0.54968	0.05683	0.11379	0.01577	0.00920	0.00250	0.00411	0.01379	0.00875	0.00811
14	0.00991	0.00701	0.00913	0.01072	0.01112	0.00661	0.00702	0.01111	0.01469	0.01959	0.04118	0.62647	0.04926	0.11887	0.01420	0.00382	0.00502	0.02106	0.00702	0.00622
15	0.01729	0.09666	0.55253	0.02237	0.03318	0.01940	0.07533	0.02551	0.01706	0.04816	0.01472	0.01713	0.01056	0.00749	0.00748	0.00245	0.01139	0.00607	0.00364	0.01157
16	0.01590	0.04102	0.68023	0.02260	0.03432	0.01842	0.02930	0.02511	0.01674	0.02511	0.01423	0.01674	0.01005	0.00753	0.00753	0.00251	0.01172	0.00586	0.00335	0.01172
17	0.00937	0.00803	0.00803	0.00803	0.01071	0.00669	0.00602	0.01138	0.01807	0.02142	0.08033	0.07632	0.66863	0.02008	0.00937	0.00268	0.00402	0.01674	0.00736	0.00669
18	0.01856	0.02093	0.04424	0.03199	0.03910	0.02053	0.57197	0.02468	0.01797	0.02468	0.01540	0.02093	0.01185	0.00750	0.01125	0.00276	0.09214	0.00908	0.00395	0.01047
19	0.01856	0.02108	0.04581	0.06186	0.04200	0.01995	0.61664	0.02518	0.01859	0.02518	0.01596	0.02138	0.01197	0.00674	0.00930	0.00267	0.01325	0.00926	0.00399	0.01061
20	0.01590	0.04102	0.68023	0.02260	0.03432	0.01842	0.02930	0.02511	0.01674	0.02511	0.01423	0.01674	0.01005	0.00753	0.00753	0.00251	0.01172	0.00586	0.00335	0.01172
21	0.00966	0.00690	0.00920	0.01104	0.01150	0.00644	0.00736	0.01104	0.01518	0.02024	0.04371	0.71614	0.05245	0.02484	0.01012	0.00322	0.00460	0.02254	0.00736	0.00644
22	0.01219	0.00867	0.01165	0.03717	0.01570	0.00841	0.01058	0.01502	0.01745	0.04240	0.04701	0.25190	0.14108	0.02155	0.01029	0.00331	0.00617	0.32495	0.00727	0.00722
23	0.03026	0.01980	0.02199	0.01696	0.02295	0.02124	0.01389	0.49623	0.03317	0.16942	0.02170	0.02223	0.01545	0.04547	0.00958	0.00266	0.00829	0.00752	0.00814	0.01305
24	0.01813	0.02368	0.14171	0.03091	0.08202	0.02035	0.40845	0.02433	0.01737	0.02444	0.01483	0.01993	0.01151	0.00793	0.01148	0.00275	0.11741	0.00828	0.00382	0.01068
25	0.01590	0.04102	0.68023	0.02260	0.03432	0.01842	0.02930	0.02511	0.01674	0.02511	0.01423	0.01674	0.01005	0.00753	0.00753	0.00251	0.01172	0.00586	0.00335	0.01172
26	0.01262	0.01036	0.01564	0.06901	0.06523	0.01065	0.04278	0.01561	0.01670	0.02209	0.03856	0.28800	0.08637	0.01952	0.01078	0.00320	0.04209	0.21668	0.00645	0.00768
27	0.02882	0.01932	0.02110	0.01672	0.02230	0.04014	0.01357	0.44216	0.03162	0.16239	0.02391	0.09940	0.01895	0.01127	0.00817	0.00248	0.00806	0.00898	0.00810	0.01256
28	0.00939	0.00795	0.00812	0.00825	0.01077	0.00668	0.00612	0.01136	0.01787	0.02134	0.07773	0.12179	0.62484	0.02042	0.00943	0.00272	0.00406	0.01715	0.00736	0.00668
29	0.00974	0.00789	0.00869	0.00915	0.01131	0.00685	0.00682	0.01180	0.01768	0.02173	0.09150	0.20024	0.48412	0.02099	0.00963	0.00285	0.00435	0.06054	0.00741	0.00672
30	0.01701	0.14016	0.52200	0.02311	0.06476	0.02043	0.05693	0.02489	0.01681	0.02421	0.01388	0.01652	0.01029	0.00736	0.00728	0.00239	0.01121	0.00585	0.00342	0.01148
31	0.01632	0.09460	0.63028	0.02190	0.03323	0.01943	0.02807	0.02501	0.01669	0.02461	0.01398	0.01643	0.01006	0.00748	0.00734	0.00245	0.01147	0.00573	0.00335	0.01160
32	0.01134	0.00847	0.01260	0.01260	0.01397	0.00983	0.00973	0.01407	0.01270	0.01830	0.02137	0.03189	0.02014	0.08288	0.66692	0.01257	0.02076	0.00860	0.00427	0.00700
33	0.01776	0.03608	0.47794	0.02201	0.03059	0.09670	0.02538	0.02470	0.01651	0.02329	0.01327	0.01658	0.01014	0.00883	0.01106	0.00264	0.14625	0.00598	0.00346	0.01084
34	0.01896	0.01824	0.02781	0.30451	0.35264	0.05717	0.02237	0.05890	0.01854	0.02468	0.01468	0.01989	0.01169	0.00761	0.00785	0.00245	0.01012	0.00695	0.00401	0.01093
35	0.02957	0.05435	0.02371	0.01923	0.02441	0.37261	0.01515	0.30319	0.02881	0.03292	0.01522	0.01634	0.01166	0.00872	0.00743	0.00218	0.01163	0.00598	0.00577	0.01113
36	0.01277	0.01085	0.01861	0.01718	0.01978	0.01037	0.14582	0.01614	0.01709	0.02266	0.03712	0.33205	0.04122	0.01984	0.01027	0.00326	0.00750	0.24316	0.00662	0.00768
37	0.01738	0.01903	0.03998	0.14590	0.04139	0.01859	0.48820	0.02342	0.01796	0.02413	0.01783	0.07470	0.01489	0.00829	0.00917	0.00271	0.01222	0.00998	0.00418	0.01005
38	0.01137	0.00794	0.01017	0.01026	0.01080	0.00844	0.00680	0.01247	0.01215	0.01672	0.02454	0.07701	0.02670	0.44518	0.27623	0.00932	0.01249	0.01096	0.00473	0.00572
39	0.01590	0.04102	0.68023	0.02260	0.03432	0.01842	0.02930	0.02511	0.01674	0.02511	0.01423	0.01674	0.01005	0.00753	0.00753	0.00251	0.01172	0.00586	0.00335	0.01172
40	0.01652	0.03118	0.39324	0.02587	0.03539	0.01818	0.25960	0.02422	0.01738	0.02488	0.01701	0.06821	0.01381	0.00844	0.00841	0.00262	0.01184	0.00837	0.00388	0.01096
41	0.01768	0.01921	0.04043	0.05978	0.07349	0.01828	0.50579	0.02363	0.01818	0.02488	0.01867	0.08338	0.01586	0.00845	0.00916	0.00268	0.01195	0.01024	0.02803	0.01024
42	0.01339	0.00883	0.01293	0.01259	0.01440	0.00993	0.00984	0.01629	0.01371	0.07049	0.02225	0.03075	0.01983	0.05315	0.60330	0.01141	0.01925	0.00840	0.04167	0.00760
43	0.00980	0.00754	0.00903	0.01012	0.01159	0.00677	0.00727	0.01163	0.01661	0.02101	0.05835	0.40544	0.30069	0.02268	0.00989	0.00304	0.00459	0.06996	0.00736	0.00662
44	0.02721	0.13324	0.02505	0.01778	0.02303	0.24920	0.01440	0.30026	0.02755	0.03286	0.01721	0.06405	0.01454	0.00969	0.00739	0.00222	0.01029	0.00706	0.00590	0.01105
45	0.02990	0.01922	0.02160	0.01670	0.02266	0.02044	0.01374	0.46375	0.03294	0.18667	0.07123	0.02386	0.01952	0.01010	0.00805	0.00240	0.00791	0.00787	0.00841	0.01303
46	0.01201	0.00825	0.01081	0.01057	0.01246	0.00762	0.00801	0.01536	0.02106	0.05355	0.49326	0.14053	0.09051	0.01764	0.00953	0.00268	0.00427	0.06590	0.00843	0.00754
47	0.01104	0.00797	0.01044	0.01010	0.01181	0.00736	0.00747	0.01451	0.02161	0.03047	0.59593	0.13475	0.07225	0.01720	0.00944	0.00258	0.00384	0.01528	0.00857	0.00736
48	0.01693	0.15462	0.54923	0.02207	0.05591	0.02060	0.02648	0.02486	0.01669	0.02406	0.01372	0.01618	0.01016	0.00739	0.00714	0.00237	0.01109	0.00563	0.00338	0.01149
49	0.62046	0.05049	0.01619	0.08561	0.02109	0.01855	0.04226	0.02311	0.01414	0.03260	0.01162	0.01418	0.00905	0.00736	0.00546	0.00245	0.00709	0.00484	0.00464	0.00880
50	0.01239	0.00909	0.01294	0.06286	0.01828	0.00926	0.01249	0.01576	0.01755	0.02287	0.04030	0.19417	0.04434	0.02143	0.01059	0.00350	0.00706	0.47082	0.00704	0.00726
51	0.05477	0.28036	0.42344	0.01884	0.02849	0.02294	0.02277	0.02454	0.01636	0.02335	0.01295	0.01514	0.01002	0.00726	0.00655	0.00222	0.01031	0.00521	0.00344	0.01103
52	0.08166	0.08726	0.43604	0.02052	0.02991	0.01904	0.05911	0.02601	0.01694	0.09445	0.01544	0.01749	0.01108	0.00797	0.00819	0.00249	0.04478	0.00608	0.00421	0.01132

[dist]
# distance from previous block
# <min> <max>
0	4

[block]
# block no. 5 follows, 24 sequences, length 31
# corresponding to MSA columns:
# 174-204
name=unknown_F
#
# <colnr> <probs for GDERKNQSTAVLIFYWHMCP>
#	G	D	E	R	K	N	Q	S	T	A	V	L	I	F	Y	W	H	M	C	P
0	0.21710	0.04034	0.01880	0.06635	0.07733	0.06406	0.04711	0.02295	0.04616	0.05231	0.06132	0.03982	0.02474	0.01217	0.00798	0.00276	0.00801	0.17581	0.00578	0.00910
1	0.05723	0.01608	0.02597	0.10438	0.08689	0.01908	0.12935	0.01981	0.01487	0.02206	0.01754	0.12821	0.01742	0.01262	0.01556	0.00303	0.28684	0.00971	0.00430	0.00906
2	0.00994	0.00795	0.00890	0.00888	0.01112	0.00690	0.00658	0.01241	0.01910	0.02437	0.25013	0.13035	0.43666	0.01938	0.00944	0.00267	0.00399	0.01657	0.00777	0.00690
3	0.00948	0.00804	0.00818	0.00815	0.01078	0.00674	0.00611	0.01159	0.01833	0.02203	0.11470	0.07532	0.63388	0.01986	0.00937	0.00267	0.00400	0.01660	0.00744	0.00674
4	0.01478	0.00739	0.00739	0.00739	0.00924	0.00739	0.00554	0.01848	0.01663	0.02956	0.02587	0.02956	0.02033	0.00924	0.00554	0.00185	0.00370	0.00739	0.76534	0.00739
5	0.01644	0.01409	0.01644	0.01175	0.01879	0.01057	0.00940	0.01997	0.01644	0.02584	0.01409	0.01644	0.01175	0.00587	0.00587	0.00117	0.00587	0.00470	0.00470	0.76979
6	0.01150	0.00884	0.01063	0.01025	0.01242	0.00840	0.00765	0.01646	0.08230	0.02862	0.42133	0.12157	0.19560	0.01733	0.00930	0.00262	0.00413	0.01510	0.00824	0.00771
7	0.01478	0.00739	0.00739	0.00739	0.00924	0.00739	0.00554	0.01848	0.01663	0.02956	0.02587	0.02956	0.02033	0.00924	0.00554	0.00185	0.00370	0.00739	0.76534	0.00739
8	0.01608	0.01551	0.02317	0.28530	0.03325	0.02071	0.01843	0.01910	0.01355	0.01932	0.01271	0.02087	0.01156	0.05338	0.01983	0.00340	0.39452	0.00725	0.00357	0.00850
9	0.01801	0.01115	0.01415	0.01333	0.01651	0.01110	0.01084	0.02513	0.14152	0.15451	0.23640	0.05645	0.04580	0.01565	0.00932	0.00287	0.00587	0.19345	0.00839	0.00955
10	0.02819	0.03409	0.02303	0.05178	0.04709	0.55917	0.01598	0.07836	0.02278	0.02204	0.01288	0.01527	0.01057	0.00845	0.00801	0.00216	0.04072	0.00549	0.00433	0.00960
11	0.02857	0.03604	0.02263	0.02046	0.02420	0.63229	0.01550	0.03058	0.02158	0.01938	0.01210	0.01456	0.01023	0.00866	0.00877	0.00217	0.07384	0.00526	0.00403	0.00915
12	0.00998	0.00714	0.00954	0.01116	0.01182	0.00669	0.00769	0.01170	0.01600	0.02146	0.09827	0.62155	0.05401	0.02391	0.01010	0.00318	0.00469	0.05705	0.00748	0.00658
13	0.02510	0.05093	0.02131	0.01741	0.02241	0.16742	0.01378	0.18566	0.31748	0.05896	0.02380	0.02291	0.01780	0.00970	0.00771	0.00242	0.00873	0.00745	0.00705	0.01199
14	0.01026	0.00804	0.00913	0.00887	0.01106	0.00708	0.00655	0.01287	0.01950	0.02535	0.31939	0.06784	0.38623	0.05952	0.01118	0.00290	0.00412	0.01544	0.00778	0.00691
15	0.02913	0.03387	0.02243	0.01980	0.02430	0.53468	0.01511	0.13863	0.06257	0.02552	0.01462	0.01602	0.01161	0.00856	0.00734	0.00214	0.01286	0.00569	0.00499	0.01014
16	0.02840	0.02237	0.02320	0.05504	0.02586	0.06819	0.01525	0.51890	0.08847	0.04489	0.01946	0.01974	0.01403	0.00945	0.00789	0.00240	0.00899	0.00716	0.00745	0.01287
17	0.01760	0.01483	0.02088	0.01793	0.01934	0.01884	0.03914	0.05574	0.01493	0.06073	0.01671	0.04690	0.01543	0.04422	0.13724	0.00497	0.39351	0.00810	0.04419	0.00878
18	0.01264	0.00855	0.00955	0.00922	0.00960	0.00870	0.00542	0.04931	0.01307	0.01744	0.02463	0.04993	0.02791	0.67889	0.03843	0.00737	0.00775	0.01127	0.00499	0.00532
19	0.01265	0.01071	0.01125	0.01065	0.01378	0.01064	0.00812	0.02090	0.20811	0.02606	0.13173	0.06055	0.41124	0.01689	0.00898	0.00266	0.00466	0.01416	0.00773	0.00852
20	0.02694	0.01956	0.02108	0.01663	0.02198	0.02150	0.01353	0.52867	0.03309	0.04475	0.02086	0.02527	0.01648	0.07119	0.01070	0.00285	0.00828	0.03170	0.05278	0.01213
21	0.01478	0.00739	0.00739	0.00739	0.00924	0.00739	0.00554	0.01848	0.01663	0.02956	0.02587	0.02956	0.02033	0.00924	0.00554	0.00185	0.00370	0.00739	0.76534	0.00739
22	0.01730	0.01733	0.07674	0.04254	0.02361	0.01329	0.06877	0.07023	0.01868	0.02781	0.05580	0.02000	0.01569	0.00711	0.00679	0.00166	0.00733	0.00611	0.00498	0.49823
23	0.01478	0.00739	0.00739	0.00739	0.00924	0.00739	0.00554	0.01848	0.01663	0.02956	0.02587	0.02956	0.02033	0.00924	0.00554	0.00185	0.00370	0.00739	0.76534	0.00739
24	0.77733	0.01534	0.01166	0.01043	0.01534	0.01779	0.00859	0.02331	0.01350	0.03558	0.01104	0.01288	0.00859	0.00736	0.00491	0.00245	0.00613	0.00429	0.00491	0.00859
25	0.01008	0.00722	0.00957	0.01076	0.01159	0.00672	0.00739	0.01209	0.01712	0.02332	0.20978	0.54130	0.05840	0.02255	0.00992	0.00303	0.00437	0.02036	0.00773	0.00672
26	0.01216	0.00972	0.01434	0.01386	0.01508	0.01190	0.01094	0.01484	0.01266	0.01850	0.01974	0.02925	0.01852	0.05318	0.59819	0.01146	0.11594	0.00828	0.00414	0.00730
27	0.00959	0.00793	0.00842	0.00853	0.01091	0.00675	0.00631	0.01172	0.01825	0.02239	0.13835	0.13767	0.54551	0.02015	0.00944	0.00271	0.00405	0.01706	0.00751	0.00675
28	0.02893	0.09616	0.02418	0.01973	0.02416	0.59822	0.01516	0.06300	0.02270	0.02094	0.01251	0.01441	0.01038	0.00812	0.00701	0.00203	0.01351	0.00514	0.00423	0.00950
29	0.02017	0.01725	0.01818	0.01623	0.02079	0.01993	0.01266	0.06778	0.63116	0.03389	0.03171	0.02914	0.02375	0.01071	0.00806	0.00268	0.00638	0.00889	0.00806	0.01259
30	0.04660	0.01487	0.02326	0.13657	0.33822	0.01544	0.01822	0.02143	0.04655	0.02569	0.09739	0.07199	0.06984	0.01087	0.00827	0.00255	0.00794	0.02881	0.00519	0.01029

[dist]
# distance from previous block
# <min> <max>
0	2

[block]
# block no. 6 follows, 24 sequences, length 20
# corresponding to MSA columns:
# 207-226
name=unknown_G
#
# <colnr> <probs for GDERKNQSTAVLIFYWHMCP>
#	G	D	E	R	K	N	Q	S	T	A	V	L	I	F	Y	W	H	M	C	P
0	0.02909	0.03563	0.05178	0.02020	0.02496	0.56135	0.01590	0.12223	0.02441	0.02419	0.01335	0.01511	0.01069	0.00834	0.00728	0.00211	0.01336	0.00544	0.00462	0.00994
1	0.01044	0.00819	0.00952	0.00952	0.01181	0.00727	0.00736	0.01326	0.01965	0.02539	0.28440	0.07183	0.38230	0.01893	0.00956	0.00273	0.00432	0.08863	0.00784	0.00705
2	0.02211	0.01822	0.01928	0.01662	0.02153	0.02084	0.01313	0.18044	0.51533	0.03702	0.02924	0.02717	0.02175	0.01047	0.00804	0.00262	0.00684	0.00855	0.00804	0.01277
3	0.02061	0.01384	0.01664	0.01263	0.01877	0.01140	0.01006	0.06888	0.01911	0.15797	0.02092	0.08978	0.01759	0.00886	0.00688	0.00173	0.00613	0.00735	0.00623	0.48462
4	0.07450	0.27375	0.33727	0.01765	0.02655	0.02212	0.02040	0.02601	0.01695	0.09606	0.01478	0.01621	0.01105	0.00751	0.00655	0.00222	0.00964	0.00542	0.00419	0.01116
5	0.05328	0.01122	0.01368	0.01214	0.01463	0.03118	0.03119	0.04723	0.02135	0.03025	0.44752	0.05087	0.12277	0.01508	0.01021	0.00257	0.05644	0.01272	0.00765	0.00800
6	0.00966	0.00690	0.00920	0.01104	0.01150	0.00644	0.00736	0.01104	0.01518	0.02024	0.04371	0.71614	0.05245	0.02484	0.01012	0.00322	0.00460	0.02254	0.00736	0.00644
7	0.01776	0.01838	0.03628	0.25195	0.08255	0.01888	0.36030	0.04254	0.01824	0.02465	0.01577	0.02141	0.01192	0.00729	0.00862	0.00261	0.01173	0.00832	0.03061	0.01016
8	0.05407	0.06276	0.02290	0.09836	0.02481	0.10873	0.01565	0.09200	0.08886	0.02541	0.01528	0.01906	0.01266	0.01067	0.01427	0.00275	0.27321	0.00670	0.04212	0.00974
9	0.00980	0.00696	0.00916	0.01087	0.01129	0.00653	0.00717	0.01108	0.01491	0.01988	0.04233	0.66721	0.05071	0.07615	0.01235	0.00355	0.00483	0.02173	0.00717	0.00632
10	0.00966	0.00690	0.00920	0.01104	0.01150	0.00644	0.00736	0.01104	0.01518	0.02024	0.04371	0.71614	0.05245	0.02484	0.01012	0.00322	0.00460	0.02254	0.00736	0.00644
11	0.01590	0.04102	0.68023	0.02260	0.03432	0.01842	0.02930	0.02511	0.01674	0.02511	0.01423	0.01674	0.01005	0.00753	0.00753	0.00251	0.01172	0.00586	0.00335	0.01172
12	0.02416	0.01844	0.02532	0.15362	0.03131	0.01991	0.10405	0.32761	0.02761	0.08884	0.05355	0.05104	0.01800	0.00981	0.00830	0.00252	0.00916	0.00851	0.00668	0.01157
13	0.01658	0.01550	0.02524	0.53555	0.04785	0.01902	0.05886	0.06636	0.01719	0.02263	0.01417	0.02058	0.01086	0.00863	0.01003	0.00272	0.08793	0.00718	0.00387	0.00925
14	0.01113	0.00817	0.01047	0.01009	0.01205	0.00751	0.00770	0.01466	0.02165	0.03005	0.55630	0.06333	0.13999	0.01706	0.00947	0.00260	0.00403	0.05791	0.00847	0.00738
15	0.02457	0.02029	0.02049	0.01728	0.02237	0.07045	0.01389	0.30672	0.29022	0.03892	0.02563	0.02808	0.01996	0.01082	0.00815	0.00257	0.00803	0.05156	0.00766	0.01234
16	0.01645	0.08870	0.56047	0.02174	0.03180	0.02002	0.02682	0.02434	0.01619	0.02397	0.01357	0.01651	0.01010	0.00818	0.00941	0.00256	0.08868	0.00586	0.00337	0.01127
17	0.01735	0.01735	0.02429	0.02082	0.02082	0.02429	0.01735	0.01908	0.01214	0.01908	0.01041	0.01735	0.01041	0.01388	0.02602	0.00347	0.70680	0.00694	0.00347	0.00867
18	0.01339	0.01002	0.01344	0.03876	0.01772	0.01038	0.01247	0.01909	0.08935	0.02511	0.08594	0.10379	0.04443	0.01987	0.01037	0.00341	0.00693	0.46028	0.00736	0.00792
19	0.01649	0.11710	0.60930	0.02160	0.03277	0.01986	0.02755	0.02496	0.01667	0.02440	0.01387	0.01630	0.01006	0.00745	0.00726	0.00242	0.01136	0.00568	0.00335	0.01155

[dist]
# distance from previous block
# <min> <max>
0	1

[block]
# block no. 7 follows, 24 sequences, length 34
# corresponding to MSA columns:
# 228-261
name=unknown_H
#
# <colnr> <probs for GDERKNQSTAVLIFYWHMCP>
#	G	D	E	R	K	N	Q	S	T	A	V	L	I	F	Y	W	H	M	C	P
0	0.01894	0.25341	0.19643	0.02084	0.06286	0.04638	0.08264	0.02605	0.09389	0.02318	0.01561	0.01825	0.01262	0.01039	0.03964	0.00279	0.05492	0.00630	0.00411	0.01077
1	0.01478	0.00739	0.00739	0.00739	0.00924	0.00739	0.00554	0.01848	0.01663	0.02956	0.02587	0.02956	0.02033	0.00924	0.00554	0.00185	0.00370	0.00739	0.76534	0.00739
2	0.01242	0.00959	0.01248	0.01159	0.01423	0.00831	0.03100	0.01458	0.01534	0.02200	0.03117	0.37849	0.03494	0.09613	0.01202	0.00304	0.00558	0.01490	0.04913	0.22305
3	0.01789	0.10475	0.03137	0.02380	0.06213	0.02239	0.17628	0.02129	0.01484	0.02138	0.01332	0.01912	0.01178	0.01302	0.05245	0.00342	0.34222	0.00733	0.03177	0.00946
4	0.02729	0.11532	0.02487	0.01962	0.04478	0.38378	0.01505	0.15221	0.09396	0.02704	0.01572	0.01689	0.01246	0.00852	0.00718	0.00215	0.01146	0.00589	0.00519	0.01063
5	0.01644	0.01409	0.01644	0.01175	0.01879	0.01057	0.00940	0.01997	0.01644	0.02584	0.01409	0.01644	0.01175	0.00587	0.00587	0.00117	0.00587	0.00470	0.00470	0.76979
6	0.01398	0.00968	0.01190	0.01076	0.01337	0.00922	0.00824	0.05994	0.04511	0.06865	0.49482	0.05565	0.13655	0.01566	0.00913	0.00251	0.00437	0.01358	0.00855	0.00832
7	0.01153	0.00769	0.00865	0.00865	0.00865	0.00769	0.00480	0.01153	0.01153	0.01538	0.02499	0.05189	0.02883	0.72131	0.04036	0.00769	0.00769	0.01153	0.00480	0.00480
8	0.03014	0.02221	0.02380	0.01825	0.02459	0.02459	0.01507	0.64541	0.03728	0.04998	0.01904	0.01904	0.01349	0.00952	0.00793	0.00238	0.00873	0.00714	0.00793	0.01349
9	0.01132	0.00826	0.01068	0.01105	0.01279	0.00777	0.00863	0.01444	0.01958	0.02649	0.33785	0.12309	0.13413	0.05619	0.01150	0.00317	0.00504	0.18307	0.00785	0.00711
10	0.03108	0.01395	0.01791	0.01432	0.01989	0.01310	0.01163	0.03816	0.15323	0.51194	0.06396	0.02917	0.02339	0.01034	0.00806	0.00250	0.00650	0.00850	0.00940	0.01299
11	0.02447	0.01813	0.01863	0.01469	0.02033	0.08085	0.01173	0.21343	0.05336	0.13596	0.02312	0.02404	0.04835	0.03439	0.00845	0.00223	0.00761	0.00714	0.03161	0.22149
12	0.16145	0.10252	0.02278	0.01754	0.02247	0.37993	0.01390	0.14197	0.02294	0.02781	0.01316	0.01475	0.01052	0.00813	0.00668	0.00214	0.01122	0.00525	0.00487	0.00998
13	0.04542	0.01443	0.01634	0.01451	0.01881	0.01551	0.01151	0.03502	0.37215	0.16278	0.09932	0.03771	0.05209	0.01218	0.00834	0.00269	0.00610	0.05528	0.00831	0.01149
14	0.01867	0.37190	0.33561	0.01788	0.02683	0.02477	0.02079	0.02535	0.05026	0.02241	0.01363	0.01547	0.01086	0.00734	0.00638	0.00213	0.00986	0.00524	0.00362	0.01102
15	0.34280	0.01895	0.01944	0.09815	0.02491	0.04810	0.03558	0.26037	0.02340	0.03819	0.01469	0.01659	0.01088	0.00826	0.00668	0.00244	0.00825	0.00592	0.00583	0.01058
16	0.06047	0.01852	0.02004	0.01571	0.02099	0.02002	0.01270	0.42711	0.02947	0.06026	0.01930	0.02250	0.01507	0.07827	0.01117	0.00280	0.02910	0.00725	0.05030	0.07896
17	0.02243	0.01571	0.01824	0.01366	0.02024	0.01400	0.01105	0.14083	0.06661	0.14008	0.01918	0.01962	0.01427	0.00756	0.00676	0.00172	0.00658	0.00600	0.00639	0.44906
18	0.11758	0.02755	0.01977	0.01747	0.02190	0.36164	0.01355	0.14060	0.08517	0.02891	0.01708	0.01995	0.01377	0.00911	0.00715	0.00226	0.01069	0.02730	0.04849	0.01005
19	0.00966	0.00690	0.00920	0.01104	0.01150	0.00644	0.00736	0.01104	0.01518	0.02024	0.04371	0.71614	0.05245	0.02484	0.01012	0.00322	0.00460	0.02254	0.00736	0.00644
20	0.01202	0.00852	0.01158	0.01319	0.01452	0.00843	0.01075	0.01478	0.01684	0.02204	0.04027	0.20800	0.04495	0.10691	0.01434	0.00405	0.00682	0.42817	0.00701	0.00683
21	0.01134	0.00846	0.00944	0.00940	0.01207	0.00735	0.00735	0.01379	0.01876	0.05620	0.12972	0.07388	0.49527	0.01943	0.00951	0.00278	0.00457	0.09589	0.00761	0.00720
22	0.03014	0.02221	0.02380	0.01825	0.02459	0.02459	0.01507	0.64541	0.03728	0.04998	0.01904	0.01904	0.01349	0.00952	0.00793	0.00238	0.00873	0.00714	0.00793	0.01349
23	0.01478	0.00739	0.00739	0.00739	0.00924	0.00739	0.00554	0.01848	0.01663	0.02956	0.02587	0.02956	0.02033	0.00924	0.00554	0.00185	0.00370	0.00739	0.76534	0.00739
24	0.05737	0.01833	0.03237	0.06965	0.39604	0.01810	0.16618	0.02374	0.01779	0.02592	0.01613	0.02275	0.01360	0.00764	0.00808	0.00244	0.00993	0.03510	0.00417	0.05468
25	0.02111	0.01029	0.01377	0.01165	0.01525	0.00918	0.00918	0.02457	0.02255	0.29374	0.40944	0.04615	0.05243	0.01362	0.00879	0.00248	0.00496	0.01176	0.00917	0.00992
26	0.01528	0.00914	0.01039	0.09212	0.01582	0.00982	0.00821	0.02099	0.07871	0.02879	0.02507	0.02855	0.01952	0.00923	0.00608	0.00203	0.00478	0.00750	0.59992	0.00806
27	0.02160	0.57225	0.03775	0.01490	0.02082	0.02986	0.01417	0.08349	0.01769	0.02175	0.01173	0.01389	0.01053	0.00791	0.00789	0.00198	0.09280	0.00485	0.00384	0.01032
28	0.10589	0.01105	0.01421	0.01337	0.01562	0.01294	0.01059	0.07672	0.01519	0.02357	0.01930	0.02714	0.01743	0.04627	0.51089	0.01008	0.04935	0.00779	0.00465	0.00796
29	0.01045	0.00801	0.01105	0.09439	0.01691	0.00797	0.00931	0.01249	0.01572	0.02056	0.04359	0.53445	0.10678	0.02217	0.00983	0.00312	0.00542	0.05408	0.00689	0.00680
30	0.02805	0.02203	0.02180	0.01739	0.02293	0.10228	0.01407	0.45032	0.06188	0.07686	0.08240	0.02327	0.01986	0.01008	0.00798	0.00237	0.00870	0.00772	0.00765	0.01234
31	0.01226	0.00899	0.01057	0.00958	0.01234	0.00778	0.00713	0.01500	0.01920	0.05257	0.30229	0.05779	0.26059	0.08440	0.01189	0.00290	0.00460	0.01345	0.00745	0.09922
32	0.01416	0.00876	0.01154	0.01048	0.01286	0.00799	0.00799	0.01782	0.02248	0.10972	0.59085	0.05534	0.06816	0.01544	0.00919	0.00249	0.00410	0.01357	0.00886	0.00821
33	0.10272	0.00820	0.00992	0.01125	0.01246	0.00813	0.00804	0.01327	0.01569	0.02309	0.07494	0.53325	0.04776	0.02196	0.00953	0.00313	0.00500	0.07768	0.00714	0.00684

[dist]
# distance from previous block
# <min> <max>
0	11

# created by:
# /st0/software/busco_prod/Augustus/scripts/msa2prfl.pl ./align_prep/112561.fa
