[name]
unknown

[dist]
# distance from previous block
# <min> <max>
0	35

[block]
# block no. 0 follows, 25 sequences, length 9
# corresponding to MSA columns:
# 35-43
name=unknown_A
#
# <colnr> <probs for GDERKNQSTAVLIFYWHMCP>
#	G	D	E	R	K	N	Q	S	T	A	V	L	I	F	Y	W	H	M	C	P
0	0.01249	0.00892	0.01249	0.01428	0.01606	0.00892	0.01249	0.01606	0.01785	0.02320	0.04105	0.08746	0.04462	0.02142	0.01071	0.00357	0.00714	0.62695	0.00714	0.00714
1	0.03004	0.02081	0.02271	0.01741	0.02359	0.02270	0.01438	0.58789	0.03494	0.11641	0.01989	0.01944	0.01382	0.00934	0.00776	0.00233	0.00833	0.00707	0.00795	0.01319
2	0.01347	0.00673	0.01010	0.01010	0.01010	0.00673	0.00673	0.01010	0.01010	0.01347	0.01347	0.02357	0.01347	0.02694	0.03030	0.77441	0.00673	0.00673	0.00337	0.00337
3	0.01168	0.00799	0.01035	0.01028	0.01201	0.00738	0.00766	0.01463	0.01964	0.05393	0.41795	0.17910	0.10508	0.04630	0.01056	0.00287	0.00437	0.06304	0.00798	0.00720
4	0.01880	0.01803	0.03077	0.10392	0.62584	0.01832	0.02360	0.02346	0.01747	0.02486	0.01452	0.01932	0.01212	0.00698	0.00768	0.00233	0.00931	0.00691	0.00380	0.01197
5	0.02932	0.01512	0.01853	0.01491	0.02026	0.01496	0.01222	0.19951	0.07544	0.38408	0.02881	0.06408	0.02134	0.01116	0.00810	0.00252	0.00701	0.05160	0.00868	0.01235
6	0.01569	0.00924	0.01188	0.01095	0.01361	0.00853	0.00841	0.01964	0.04985	0.15506	0.37098	0.12961	0.10840	0.01593	0.00898	0.00258	0.00460	0.03918	0.00839	0.00849
7	0.02397	0.01716	0.02066	0.01581	0.02154	0.01716	0.05145	0.32197	0.02614	0.10692	0.02002	0.04985	0.01605	0.06492	0.00993	0.00251	0.00770	0.00758	0.00671	0.19196
8	0.02034	0.01720	0.01908	0.01604	0.01996	0.08190	0.05612	0.24563	0.07860	0.03131	0.04884	0.09309	0.04598	0.07694	0.10878	0.00430	0.01010	0.00966	0.00633	0.00981

[dist]
# distance from previous block
# <min> <max>
0	1

[block]
# block no. 1 follows, 25 sequences, length 83
# corresponding to MSA columns:
# 45-68,77-135
name=unknown_B
#
# <colnr> <probs for GDERKNQSTAVLIFYWHMCP>
#	G	D	E	R	K	N	Q	S	T	A	V	L	I	F	Y	W	H	M	C	P
0	0.43485	0.01874	0.05395	0.01379	0.01939	0.01974	0.01191	0.23001	0.07092	0.03862	0.01511	0.01602	0.01121	0.00815	0.00615	0.00240	0.00714	0.00554	0.00591	0.01043
1	0.04160	0.31628	0.38344	0.01857	0.02776	0.02313	0.04454	0.02397	0.01609	0.02235	0.01262	0.01484	0.00990	0.00704	0.00639	0.00214	0.01008	0.00517	0.00336	0.01072
2	0.02051	0.70252	0.06834	0.01365	0.02049	0.03014	0.01393	0.02327	0.01578	0.01851	0.01091	0.01261	0.00994	0.00666	0.00508	0.00169	0.00843	0.00421	0.00331	0.01001
3	0.01097	0.00793	0.01036	0.00975	0.01158	0.00732	0.00732	0.01463	0.02195	0.03109	0.67505	0.05792	0.07316	0.01585	0.00914	0.00244	0.00366	0.01402	0.00854	0.00732
4	0.01128	0.00752	0.00846	0.00846	0.00846	0.00752	0.00470	0.01128	0.01128	0.01503	0.02443	0.05074	0.02819	0.72751	0.03946	0.00752	0.00752	0.01128	0.00470	0.00470
5	0.02033	0.67914	0.09019	0.01394	0.02095	0.02971	0.01445	0.02332	0.01580	0.01873	0.01102	0.01274	0.00994	0.00669	0.00516	0.00172	0.00853	0.00427	0.00331	0.01007
6	0.01601	0.08022	0.62152	0.02264	0.05980	0.01878	0.02753	0.02444	0.01639	0.02421	0.01376	0.01626	0.00993	0.00730	0.00724	0.00240	0.01118	0.00569	0.00330	0.01140
7	0.02256	0.30149	0.05744	0.01685	0.02238	0.22014	0.04623	0.08389	0.03980	0.02257	0.01806	0.01946	0.06182	0.00861	0.00710	0.00205	0.02919	0.00613	0.00440	0.00983
8	0.09600	0.01503	0.08183	0.01367	0.01910	0.01208	0.01219	0.03013	0.04641	0.38694	0.14173	0.03263	0.02818	0.01085	0.00785	0.00248	0.00651	0.03701	0.00816	0.01122
9	0.02044	0.69305	0.07719	0.01377	0.02067	0.02996	0.01414	0.02329	0.01579	0.01860	0.01096	0.01266	0.00994	0.00667	0.00511	0.00170	0.00847	0.00424	0.00331	0.01004
10	0.01834	0.41270	0.33916	0.01734	0.02621	0.02483	0.02037	0.02383	0.01604	0.02116	0.01223	0.01425	0.00989	0.00697	0.00608	0.00203	0.00975	0.00488	0.00330	0.01065
11	0.01009	0.00773	0.00936	0.01046	0.01180	0.00724	0.00741	0.01289	0.05254	0.02101	0.05182	0.47151	0.22045	0.02208	0.00963	0.00300	0.00458	0.05243	0.00723	0.00675
12	0.02799	0.08039	0.02557	0.02159	0.07779	0.20636	0.01601	0.29933	0.04435	0.03461	0.01777	0.02025	0.01421	0.01150	0.02850	0.00291	0.04542	0.00692	0.00635	0.01219
13	0.00964	0.00699	0.00913	0.01066	0.01141	0.00648	0.00733	0.01125	0.01557	0.02064	0.07958	0.61028	0.10006	0.02336	0.00983	0.00309	0.00452	0.04652	0.00727	0.00641
14	0.01836	0.02066	0.07217	0.02879	0.03580	0.01904	0.48908	0.07179	0.01919	0.02615	0.01783	0.04650	0.01476	0.00846	0.00975	0.00269	0.04169	0.04252	0.00444	0.01032
15	0.02753	0.07284	0.02533	0.04283	0.06224	0.18396	0.04696	0.32604	0.02782	0.08483	0.01687	0.01789	0.01244	0.00851	0.00745	0.00223	0.01000	0.00647	0.00614	0.01162
16	0.01897	0.01820	0.03107	0.07993	0.64854	0.01836	0.02369	0.02360	0.01755	0.02506	0.01455	0.01926	0.01219	0.00695	0.00768	0.00232	0.00927	0.00691	0.00382	0.01210
17	0.01555	0.04011	0.68733	0.02210	0.03356	0.01801	0.02865	0.02455	0.01637	0.02455	0.01391	0.01637	0.00982	0.00737	0.00737	0.00246	0.01146	0.00573	0.00327	0.01146
18	0.01347	0.00673	0.01010	0.01010	0.01010	0.00673	0.00673	0.01010	0.01010	0.01347	0.01347	0.02357	0.01347	0.02694	0.03030	0.77441	0.00673	0.00673	0.00337	0.00337
19	0.02316	0.01771	0.02229	0.12124	0.18929	0.07820	0.01641	0.06109	0.15612	0.17579	0.02373	0.02440	0.03759	0.00903	0.00775	0.00242	0.00836	0.00764	0.00626	0.01153
20	0.02038	0.01429	0.01628	0.01385	0.01749	0.01569	0.01105	0.27597	0.05119	0.05772	0.02570	0.07987	0.05233	0.01936	0.12390	0.00407	0.03733	0.00897	0.14459	0.00997
21	0.02813	0.03554	0.02149	0.01969	0.02357	0.66170	0.01486	0.03021	0.02176	0.01919	0.01345	0.01769	0.01173	0.00867	0.00718	0.00208	0.01364	0.03637	0.00415	0.00890
22	0.01233	0.00887	0.01226	0.01396	0.01578	0.00880	0.01216	0.01582	0.01784	0.02309	0.04294	0.08681	0.07647	0.02133	0.01063	0.00352	0.00698	0.59615	0.00714	0.00711
23	0.01787	0.02628	0.26901	0.03836	0.44532	0.01827	0.02555	0.02407	0.01719	0.02505	0.01434	0.01817	0.01139	0.00707	0.00756	0.00236	0.01003	0.00648	0.00363	0.01198
24	0.01862	0.01784	0.03044	0.13061	0.60058	0.01827	0.02351	0.02330	0.01738	0.02464	0.01448	0.01938	0.01204	0.00701	0.00769	0.00234	0.00935	0.00691	0.00379	0.01182
25	0.01464	0.01378	0.02326	0.70887	0.05340	0.01723	0.02153	0.01981	0.01550	0.01981	0.01378	0.02067	0.01034	0.00775	0.00775	0.00258	0.01034	0.00689	0.00345	0.00861
26	0.01335	0.00847	0.01052	0.00983	0.01229	0.00753	0.00743	0.01626	0.02019	0.10993	0.37482	0.11493	0.23134	0.01682	0.00904	0.00254	0.00418	0.01456	0.00819	0.00776
27	0.01730	0.01640	0.02781	0.28509	0.42908	0.01764	0.02257	0.02208	0.01689	0.02326	0.01526	0.02221	0.01276	0.00774	0.00781	0.00245	0.00954	0.02952	0.00382	0.01077
28	0.05893	0.66680	0.06644	0.01348	0.02023	0.02948	0.01367	0.02325	0.01565	0.01934	0.01091	0.01261	0.00987	0.00669	0.00507	0.00173	0.00831	0.00422	0.00339	0.00994
29	0.78228	0.01499	0.01140	0.01020	0.01499	0.01739	0.00840	0.02279	0.01320	0.03479	0.01080	0.01260	0.00840	0.00720	0.00480	0.00240	0.00600	0.00420	0.00480	0.00840
30	0.01110	0.00820	0.01193	0.01193	0.01313	0.00940	0.00903	0.01351	0.01230	0.01761	0.02125	0.03314	0.02055	0.14664	0.60989	0.01181	0.01902	0.00870	0.00423	0.00663
31	0.01205	0.00977	0.01432	0.23057	0.02475	0.01041	0.01174	0.01611	0.01971	0.02706	0.43854	0.04692	0.08116	0.01347	0.00871	0.00249	0.00578	0.01188	0.00687	0.00769
32	0.02051	0.70252	0.06834	0.01365	0.02049	0.03014	0.01393	0.02327	0.01578	0.01851	0.01091	0.01261	0.00994	0.00666	0.00508	0.00169	0.00843	0.00421	0.00331	0.01001
33	0.78228	0.01499	0.01140	0.01020	0.01499	0.01739	0.00840	0.02279	0.01320	0.03479	0.01080	0.01260	0.00840	0.00720	0.00480	0.00240	0.00600	0.00420	0.00480	0.00840
34	0.01543	0.00993	0.01232	0.01121	0.01403	0.00943	0.00882	0.07820	0.02216	0.10790	0.37046	0.07297	0.14446	0.01580	0.00903	0.00258	0.00488	0.07375	0.00822	0.00842
35	0.04776	0.66602	0.03851	0.01356	0.01997	0.06962	0.01320	0.02366	0.01603	0.01886	0.01085	0.01253	0.00990	0.00673	0.00509	0.00170	0.00855	0.00420	0.00341	0.00984
36	0.03132	0.03966	0.01968	0.01480	0.02030	0.01483	0.01225	0.09947	0.07305	0.49939	0.02735	0.02466	0.01799	0.00981	0.00891	0.00245	0.05517	0.00759	0.00863	0.01269
37	0.78228	0.01499	0.01140	0.01020	0.01499	0.01739	0.00840	0.02279	0.01320	0.03479	0.01080	0.01260	0.00840	0.00720	0.00480	0.00240	0.00600	0.00420	0.00480	0.00840
38	0.01704	0.02849	0.34845	0.03298	0.31082	0.01774	0.04509	0.02378	0.01706	0.02482	0.01572	0.02157	0.01282	0.00790	0.00774	0.00245	0.01031	0.03992	0.00375	0.01155
39	0.05479	0.16468	0.53599	0.01990	0.03015	0.02028	0.02484	0.02422	0.01610	0.02392	0.01319	0.01547	0.00977	0.00722	0.00680	0.00231	0.01061	0.00537	0.00336	0.01103
40	0.03315	0.01381	0.01817	0.01401	0.01984	0.01248	0.01154	0.09851	0.02361	0.59050	0.05916	0.02707	0.02108	0.00986	0.00786	0.00239	0.00666	0.00800	0.00936	0.01292
41	0.02957	0.02032	0.02218	0.01706	0.02310	0.02212	0.01407	0.56549	0.03424	0.11780	0.02014	0.01980	0.01406	0.00933	0.00769	0.00232	0.00816	0.00708	0.03249	0.01300
42	0.00945	0.00675	0.00900	0.01080	0.01125	0.00630	0.00720	0.01080	0.01484	0.01979	0.04274	0.72245	0.05128	0.02429	0.00990	0.00315	0.00450	0.02204	0.00720	0.00630
43	0.01809	0.02239	0.09492	0.03187	0.03999	0.01949	0.60329	0.02482	0.01815	0.02482	0.01555	0.02057	0.01162	0.00660	0.00901	0.00260	0.01295	0.00889	0.00387	0.01053
44	0.01656	0.03102	0.03559	0.04720	0.01732	0.01119	0.01071	0.01975	0.01891	0.14638	0.26885	0.12219	0.06931	0.01439	0.01024	0.00257	0.07526	0.02918	0.00722	0.04616
45	0.78228	0.01499	0.01140	0.01020	0.01499	0.01739	0.00840	0.02279	0.01320	0.03479	0.01080	0.01260	0.00840	0.00720	0.00480	0.00240	0.00600	0.00420	0.00480	0.00840
46	0.01128	0.00752	0.00846	0.00846	0.00846	0.00752	0.00470	0.01128	0.01128	0.01503	0.02443	0.05074	0.02819	0.72751	0.03946	0.00752	0.00752	0.01128	0.00470	0.00470
47	0.02743	0.05617	0.02379	0.02338	0.10946	0.58706	0.01608	0.02978	0.02121	0.01978	0.01229	0.01461	0.01029	0.00781	0.00702	0.00203	0.01318	0.00522	0.00395	0.00945
48	0.01401	0.01481	0.09802	0.01805	0.02217	0.01163	0.16178	0.01810	0.01700	0.05044	0.03391	0.26292	0.06546	0.01662	0.00949	0.00298	0.00801	0.16016	0.00606	0.00838
49	0.78228	0.01499	0.01140	0.01020	0.01499	0.01739	0.00840	0.02279	0.01320	0.03479	0.01080	0.01260	0.00840	0.00720	0.00480	0.00240	0.00600	0.00420	0.00480	0.00840
50	0.01118	0.00788	0.01030	0.01030	0.01094	0.00852	0.00700	0.01246	0.01182	0.01640	0.02274	0.04141	0.02414	0.41942	0.34201	0.00979	0.01362	0.00991	0.00445	0.00572
51	0.01570	0.01495	0.02553	0.46500	0.16729	0.01713	0.06903	0.02136	0.04331	0.02177	0.01639	0.05868	0.01359	0.00851	0.00797	0.00257	0.00984	0.00796	0.00395	0.00948
52	0.01584	0.07923	0.65078	0.02160	0.03279	0.01872	0.02778	0.02448	0.01634	0.02420	0.01374	0.01615	0.00983	0.00733	0.00723	0.00241	0.01128	0.00564	0.00328	0.01137
53	0.78228	0.01499	0.01140	0.01020	0.01499	0.01739	0.00840	0.02279	0.01320	0.03479	0.01080	0.01260	0.00840	0.00720	0.00480	0.00240	0.00600	0.00420	0.00480	0.00840
54	0.03479	0.01320	0.01799	0.01380	0.01979	0.01140	0.01140	0.03779	0.02219	0.68451	0.03059	0.02639	0.01919	0.00960	0.00780	0.00240	0.00660	0.00780	0.00960	0.01320
55	0.06494	0.01415	0.04069	0.01365	0.01902	0.01268	0.01144	0.03402	0.12796	0.43621	0.08817	0.03051	0.05027	0.01051	0.00782	0.00245	0.00630	0.00860	0.00866	0.01196
56	0.01837	0.01867	0.03559	0.09804	0.29072	0.01849	0.29276	0.04380	0.01836	0.02527	0.01655	0.02374	0.01366	0.00769	0.00848	0.00253	0.01084	0.04138	0.00414	0.01092
57	0.01669	0.01376	0.01555	0.01507	0.01846	0.01541	0.01211	0.03185	0.43056	0.02893	0.03507	0.07947	0.03157	0.01460	0.00887	0.00295	0.00638	0.20471	0.00762	0.01037
58	0.01617	0.01075	0.01471	0.01590	0.09958	0.01032	0.01058	0.02116	0.07511	0.12698	0.34833	0.09823	0.07221	0.01427	0.00876	0.00253	0.00521	0.03222	0.00784	0.00915
59	0.02824	0.01276	0.01652	0.01307	0.01830	0.01144	0.01061	0.06078	0.04945	0.46706	0.11802	0.03252	0.06303	0.01082	0.00795	0.00236	0.00608	0.00894	0.00889	0.05316
60	0.01039	0.00785	0.00949	0.00917	0.01111	0.00706	0.00678	0.01331	0.01999	0.02701	0.44822	0.08684	0.25003	0.04591	0.01040	0.00272	0.00392	0.01490	0.00793	0.00694
61	0.78228	0.01499	0.01140	0.01020	0.01499	0.01739	0.00840	0.02279	0.01320	0.03479	0.01080	0.01260	0.00840	0.00720	0.00480	0.00240	0.00600	0.00420	0.00480	0.00840
62	0.01609	0.01660	0.03213	0.44213	0.04832	0.01817	0.26984	0.02179	0.01661	0.02179	0.01453	0.02077	0.01090	0.00727	0.00830	0.00260	0.01142	0.00778	0.00363	0.00934
63	0.00945	0.00675	0.00900	0.01080	0.01125	0.00630	0.00720	0.01080	0.01484	0.01979	0.04274	0.72245	0.05128	0.02429	0.00990	0.00315	0.00450	0.02204	0.00720	0.00630
64	0.01830	0.01752	0.02987	0.17675	0.55693	0.01819	0.02335	0.02302	0.01723	0.02425	0.01443	0.01948	0.01190	0.00707	0.00769	0.00236	0.00943	0.00690	0.00376	0.01157
65	0.78228	0.01499	0.01140	0.01020	0.01499	0.01739	0.00840	0.02279	0.01320	0.03479	0.01080	0.01260	0.00840	0.00720	0.00480	0.00240	0.00600	0.00420	0.00480	0.00840
66	0.00953	0.00795	0.00837	0.00850	0.01102	0.00679	0.00654	0.01170	0.01784	0.02152	0.09670	0.07518	0.59707	0.01966	0.00930	0.00270	0.00421	0.07155	0.00724	0.00663
67	0.01061	0.00786	0.00995	0.00997	0.01176	0.00720	0.00753	0.01367	0.01993	0.02717	0.43281	0.14819	0.17230	0.01809	0.00939	0.00266	0.00413	0.07175	0.00801	0.00704
68	0.05129	0.02015	0.02139	0.01669	0.02242	0.02232	0.01371	0.55502	0.06493	0.04609	0.01952	0.01972	0.01406	0.00928	0.00749	0.00230	0.00796	0.00700	0.06613	0.01254
69	0.03479	0.01320	0.01799	0.01380	0.01979	0.01140	0.01140	0.03779	0.02219	0.68451	0.03059	0.02639	0.01919	0.00960	0.00780	0.00240	0.00660	0.00780	0.00960	0.01320
70	0.01000	0.00762	0.00927	0.00988	0.01153	0.00688	0.00730	0.01232	0.01776	0.02315	0.20167	0.28225	0.27102	0.02044	0.00955	0.00284	0.00437	0.07794	0.00750	0.00670
71	0.07470	0.01340	0.02331	0.10881	0.02613	0.01383	0.20237	0.04967	0.01516	0.02187	0.01500	0.02185	0.01267	0.01702	0.05314	0.27793	0.00980	0.00740	0.02859	0.00738
72	0.01538	0.00833	0.00867	0.00825	0.01021	0.00851	0.00616	0.06598	0.01723	0.02892	0.02414	0.02903	0.01949	0.04878	0.00868	0.04075	0.00436	0.00740	0.63238	0.00735
73	0.01347	0.00673	0.01010	0.01010	0.01010	0.00673	0.00673	0.01010	0.01010	0.01347	0.01347	0.02357	0.01347	0.02694	0.03030	0.77441	0.00673	0.00673	0.00337	0.00337
74	0.01386	0.00738	0.00797	0.00797	0.00963	0.00756	0.00594	0.01718	0.01552	0.02680	0.02466	0.03018	0.02022	0.05059	0.09743	0.00348	0.00605	0.00757	0.63294	0.00706
75	0.01801	0.02155	0.07618	0.06079	0.04073	0.01943	0.59389	0.02461	0.01809	0.02461	0.01552	0.02068	0.01161	0.00663	0.00900	0.00261	0.01288	0.00889	0.00387	0.01043
76	0.01383	0.01114	0.01360	0.03988	0.01637	0.01114	0.03586	0.10341	0.07541	0.02714	0.15039	0.14494	0.26715	0.04202	0.01000	0.00280	0.00556	0.01397	0.00717	0.00822
77	0.04300	0.02329	0.14142	0.03143	0.10432	0.01931	0.44649	0.02440	0.01754	0.02496	0.01495	0.01962	0.01135	0.00697	0.00915	0.00258	0.03660	0.00814	0.00382	0.01067
78	0.01744	0.01652	0.02233	0.06584	0.02287	0.05317	0.05089	0.01993	0.01424	0.04690	0.01491	0.07734	0.01430	0.01216	0.01763	0.00285	0.40386	0.00787	0.00419	0.11478
79	0.01690	0.01390	0.01664	0.06571	0.02085	0.01220	0.01063	0.10611	0.01868	0.02736	0.01847	0.11492	0.01716	0.00897	0.00675	0.00170	0.00631	0.00752	0.00531	0.50390
80	0.13903	0.17773	0.32442	0.08036	0.06167	0.04914	0.02076	0.02381	0.01596	0.02424	0.01270	0.01537	0.00980	0.00722	0.00649	0.00226	0.00982	0.00529	0.00360	0.01034
81	0.02243	0.01988	0.02259	0.02289	0.15696	0.09784	0.03462	0.24515	0.06893	0.03271	0.02168	0.07501	0.04410	0.00986	0.00771	0.00226	0.00849	0.00822	0.00600	0.09266
82	0.01910	0.01594	0.01737	0.01281	0.01943	0.04641	0.01027	0.10234	0.01921	0.05097	0.01490	0.01666	0.01190	0.00645	0.00614	0.00139	0.00654	0.00503	0.00515	0.61201

[dist]
# distance from previous block
# <min> <max>
2	5

[block]
# block no. 2 follows, 25 sequences, length 19
# corresponding to MSA columns:
# 141-159
name=unknown_C
#
# <colnr> <probs for GDERKNQSTAVLIFYWHMCP>
#	G	D	E	R	K	N	Q	S	T	A	V	L	I	F	Y	W	H	M	C	P
0	0.01927	0.01584	0.01808	0.10502	0.02398	0.01809	0.01317	0.09533	0.43983	0.05072	0.06919	0.03010	0.04578	0.01065	0.00798	0.00258	0.00670	0.00890	0.00737	0.01142
1	0.01908	0.32722	0.24902	0.01936	0.02730	0.02429	0.10114	0.06467	0.01741	0.02317	0.01291	0.01548	0.01037	0.00744	0.00767	0.00219	0.05133	0.00565	0.00368	0.01063
2	0.00945	0.00675	0.00900	0.01080	0.01125	0.00630	0.00720	0.01080	0.01484	0.01979	0.04274	0.72245	0.05128	0.02429	0.00990	0.00315	0.00450	0.02204	0.00720	0.00630
3	0.00965	0.00689	0.00922	0.01102	0.01156	0.00647	0.00754	0.01114	0.01504	0.02002	0.04263	0.68105	0.05085	0.02410	0.00995	0.00318	0.00467	0.06148	0.00719	0.00635
4	0.01765	0.01950	0.04033	0.05738	0.05611	0.01939	0.50694	0.02329	0.01728	0.02372	0.01610	0.05049	0.01324	0.00817	0.01097	0.00272	0.09344	0.00928	0.00398	0.01003
5	0.01642	0.10293	0.02692	0.35125	0.03834	0.01809	0.12311	0.06499	0.01734	0.02231	0.01919	0.06324	0.04873	0.00998	0.00886	0.03725	0.00957	0.00831	0.00423	0.00893
6	0.01209	0.00815	0.01040	0.00983	0.01192	0.00739	0.00737	0.01531	0.02087	0.06917	0.50977	0.10776	0.14743	0.01659	0.00912	0.00251	0.00394	0.01455	0.00833	0.00750
7	0.01916	0.06896	0.06837	0.01467	0.01951	0.01762	0.01263	0.19086	0.21183	0.03400	0.17549	0.03398	0.07688	0.01155	0.00798	0.00242	0.00659	0.00948	0.00728	0.01074
8	0.01807	0.01995	0.06518	0.11258	0.20846	0.01893	0.33868	0.02519	0.06600	0.02494	0.01628	0.02083	0.01254	0.00711	0.00843	0.00252	0.01115	0.00812	0.00411	0.01091
9	0.01605	0.01581	0.02336	0.01991	0.02063	0.02106	0.06106	0.01817	0.01257	0.01911	0.01357	0.06197	0.01369	0.01790	0.08617	0.00417	0.55469	0.00804	0.00374	0.00834
10	0.01555	0.04011	0.68733	0.02210	0.03356	0.01801	0.02865	0.02455	0.01637	0.02455	0.01391	0.01637	0.00982	0.00737	0.00737	0.00246	0.01146	0.00573	0.00327	0.01146
11	0.01920	0.39446	0.23819	0.01877	0.02702	0.02503	0.10353	0.05122	0.01718	0.02239	0.01274	0.01504	0.01029	0.00696	0.00639	0.00206	0.00991	0.00542	0.00358	0.01062
12	0.07673	0.07032	0.05186	0.05320	0.11261	0.01923	0.10130	0.14989	0.10512	0.15233	0.02005	0.02091	0.01451	0.00834	0.00754	0.00239	0.00857	0.00719	0.00618	0.01174
13	0.01011	0.00791	0.00929	0.00995	0.01195	0.00710	0.00772	0.01246	0.01757	0.02206	0.11077	0.18633	0.38004	0.02053	0.00964	0.00291	0.00473	0.15494	0.00729	0.00670
14	0.01224	0.00883	0.01107	0.01129	0.01331	0.00853	0.00873	0.01678	0.07567	0.04727	0.25919	0.19449	0.13980	0.01852	0.00946	0.00285	0.00489	0.14170	0.00778	0.00760
15	0.03941	0.16737	0.43884	0.05941	0.03046	0.06511	0.02322	0.02490	0.01670	0.04760	0.01372	0.01599	0.01020	0.00737	0.00686	0.00228	0.01063	0.00548	0.00362	0.01082
16	0.37027	0.07135	0.04248	0.05007	0.02042	0.05653	0.01176	0.06393	0.01787	0.20379	0.01682	0.01723	0.01189	0.00799	0.00616	0.00233	0.00737	0.00555	0.00595	0.01022
17	0.01096	0.00859	0.01021	0.01098	0.01314	0.00806	0.00883	0.01447	0.05028	0.02225	0.05834	0.14512	0.34045	0.02033	0.00976	0.00303	0.00530	0.24567	0.00721	0.00703
18	0.01746	0.01804	0.06377	0.36278	0.17454	0.05199	0.05450	0.06682	0.01814	0.02377	0.01625	0.02439	0.01341	0.00858	0.00796	0.00254	0.01014	0.05089	0.00414	0.00988

[dist]
# distance from previous block
# <min> <max>
3	7

[block]
# block no. 3 follows, 25 sequences, length 19
# corresponding to MSA columns:
# 168-186
name=unknown_D
#
# <colnr> <probs for GDERKNQSTAVLIFYWHMCP>
#	G	D	E	R	K	N	Q	S	T	A	V	L	I	F	Y	W	H	M	C	P
0	0.01529	0.01321	0.01702	0.01273	0.01860	0.01044	0.05511	0.01852	0.01576	0.02397	0.01725	0.08041	0.01624	0.06291	0.00894	0.00192	0.00630	0.00695	0.00478	0.59365
1	0.01526	0.01328	0.01678	0.01283	0.01864	0.01090	0.05111	0.01995	0.06065	0.02522	0.04402	0.05478	0.07851	0.00896	0.00686	0.00168	0.00601	0.02651	0.00532	0.52271
2	0.01984	0.01317	0.01612	0.01203	0.01826	0.01043	0.00965	0.02309	0.01723	0.17286	0.01874	0.03928	0.01475	0.00981	0.04160	0.00206	0.00667	0.00600	0.00577	0.54263
3	0.02896	0.02465	0.02277	0.01820	0.02387	0.16223	0.01469	0.50045	0.05889	0.04205	0.01777	0.01808	0.01295	0.00909	0.00760	0.00227	0.00956	0.00664	0.00699	0.01229
4	0.01281	0.00833	0.01095	0.01007	0.01221	0.00763	0.00763	0.01641	0.02197	0.08134	0.62549	0.05549	0.06901	0.01537	0.00904	0.00244	0.00388	0.01354	0.00862	0.00777
5	0.18420	0.02098	0.02019	0.06159	0.02376	0.09235	0.01369	0.36490	0.08053	0.03954	0.01704	0.01786	0.01253	0.00873	0.00707	0.00235	0.00850	0.00633	0.00647	0.01137
6	0.02097	0.55042	0.11967	0.01463	0.02170	0.02730	0.01509	0.06654	0.01764	0.04730	0.02898	0.01503	0.01208	0.00725	0.00568	0.00185	0.00853	0.00493	0.00399	0.01042
7	0.01053	0.00799	0.00975	0.00953	0.01160	0.00721	0.00729	0.01365	0.02026	0.02724	0.43475	0.06562	0.26086	0.01750	0.00928	0.00259	0.00403	0.06527	0.00800	0.00706
8	0.02606	0.01766	0.01971	0.01585	0.02108	0.01909	0.01281	0.34687	0.17350	0.14418	0.07738	0.02555	0.02145	0.01066	0.00854	0.02404	0.00723	0.00809	0.00802	0.01222
9	0.08034	0.22022	0.46116	0.01879	0.02843	0.02129	0.02292	0.02406	0.01595	0.02374	0.01283	0.01502	0.00974	0.00716	0.00652	0.00224	0.01017	0.00519	0.00341	0.01081
10	0.08982	0.10803	0.02108	0.01477	0.01960	0.04168	0.01229	0.26365	0.08804	0.06790	0.02298	0.02341	0.06194	0.00988	0.00820	0.00232	0.05354	0.00722	0.07281	0.01083
11	0.01140	0.00836	0.01109	0.01248	0.01419	0.00805	0.01034	0.01437	0.01754	0.02269	0.07826	0.18533	0.14756	0.02132	0.01026	0.00330	0.00604	0.40327	0.00723	0.00692
12	0.01701	0.07205	0.59835	0.02130	0.03207	0.01915	0.02669	0.07906	0.01808	0.02636	0.01417	0.01637	0.01012	0.00750	0.00728	0.00241	0.01105	0.00576	0.00367	0.01154
13	0.02106	0.65031	0.08347	0.01389	0.02082	0.02888	0.01422	0.02401	0.01611	0.05096	0.01195	0.01338	0.01039	0.00683	0.00527	0.00175	0.00842	0.00443	0.00362	0.01021
14	0.00980	0.00700	0.00941	0.01121	0.01181	0.00661	0.00782	0.01142	0.01520	0.02019	0.04254	0.64784	0.05050	0.02395	0.00999	0.00320	0.00481	0.09312	0.00719	0.00640
15	0.20244	0.10403	0.26575	0.01672	0.02427	0.07480	0.01773	0.08017	0.01843	0.09174	0.02817	0.01686	0.01200	0.00785	0.00658	0.00230	0.00914	0.00561	0.00481	0.01060
16	0.01134	0.00841	0.01070	0.01054	0.01246	0.00799	0.00808	0.01563	0.05347	0.02866	0.47653	0.10645	0.11205	0.01712	0.00932	0.00265	0.00428	0.08877	0.00814	0.00742
17	0.12168	0.06718	0.31230	0.03352	0.04058	0.01676	0.07436	0.02443	0.01648	0.10771	0.01693	0.02154	0.01306	0.00951	0.00878	0.05305	0.00947	0.03781	0.00455	0.01030
18	0.06719	0.01920	0.07396	0.07634	0.03314	0.01764	0.34084	0.02255	0.01672	0.02454	0.01559	0.02226	0.01274	0.00794	0.00963	0.00248	0.07170	0.03774	0.00411	0.12366

[dist]
# distance from previous block
# <min> <max>
4	14

[block]
# block no. 4 follows, 25 sequences, length 9
# corresponding to MSA columns:
# 203-211
name=unknown_E
#
# <colnr> <probs for GDERKNQSTAVLIFYWHMCP>
#	G	D	E	R	K	N	Q	S	T	A	V	L	I	F	Y	W	H	M	C	P
0	0.16776	0.23746	0.21473	0.01940	0.09491	0.06435	0.01790	0.02371	0.01614	0.02433	0.01369	0.01819	0.01161	0.00781	0.00633	0.00222	0.00915	0.03630	0.00389	0.01013
1	0.08997	0.01713	0.02015	0.02068	0.13626	0.01837	0.01404	0.14764	0.27015	0.03326	0.02239	0.02431	0.01755	0.00915	0.00738	0.00234	0.00710	0.02940	0.00643	0.10629
2	0.10113	0.45614	0.10090	0.01430	0.02081	0.06732	0.01418	0.06755	0.01740	0.02336	0.01245	0.01421	0.01050	0.00716	0.00555	0.00189	0.00852	0.00472	0.04196	0.00998
3	0.07085	0.00780	0.00753	0.00744	0.00947	0.00797	0.00564	0.01841	0.01604	0.02934	0.02423	0.02771	0.01903	0.00890	0.00537	0.00185	0.00379	0.00700	0.71431	0.00731
4	0.01724	0.01087	0.01181	0.01027	0.01313	0.01142	0.00809	0.12231	0.01925	0.03113	0.02211	0.02523	0.01734	0.00910	0.00723	0.00194	0.05419	0.00692	0.52300	0.07743
5	0.06505	0.01555	0.02530	0.37612	0.23131	0.01708	0.04912	0.02138	0.01617	0.02311	0.01392	0.01932	0.01095	0.00723	0.00743	0.00236	0.00944	0.00662	0.00377	0.07878
6	0.08248	0.01996	0.09455	0.15395	0.19020	0.01975	0.01918	0.15033	0.07724	0.02974	0.01596	0.01917	0.01234	0.00854	0.00906	0.00251	0.07240	0.00672	0.00489	0.01103
7	0.25322	0.23066	0.15782	0.01413	0.02091	0.02061	0.01442	0.05501	0.01686	0.09416	0.01708	0.01799	0.04253	0.00801	0.00603	0.00220	0.00786	0.00558	0.00480	0.01011
8	0.27885	0.04642	0.19044	0.01976	0.06153	0.01944	0.09270	0.07139	0.03798	0.02948	0.01360	0.01629	0.01045	0.00797	0.00832	0.00250	0.07238	0.00592	0.00440	0.01018

[dist]
# distance from previous block
# <min> <max>
10	27

[block]
# block no. 5 follows, 25 sequences, length 32
# corresponding to MSA columns:
# 239-270
name=unknown_F
#
# <colnr> <probs for GDERKNQSTAVLIFYWHMCP>
#	G	D	E	R	K	N	Q	S	T	A	V	L	I	F	Y	W	H	M	C	P
0	0.30102	0.02220	0.17120	0.06094	0.02375	0.04759	0.01540	0.11939	0.04334	0.05846	0.01647	0.05886	0.01325	0.00888	0.00668	0.00245	0.00822	0.00658	0.00523	0.01009
1	0.06835	0.03285	0.44305	0.02090	0.02992	0.07167	0.08020	0.02554	0.06257	0.02577	0.05471	0.01972	0.01470	0.00806	0.00747	0.00244	0.01060	0.00659	0.00413	0.01077
2	0.17307	0.05093	0.04570	0.05220	0.07453	0.06097	0.01399	0.25346	0.06731	0.03504	0.02084	0.02184	0.05889	0.00915	0.00702	0.00233	0.00799	0.00691	0.02704	0.01078
3	0.00957	0.00680	0.00896	0.01063	0.01105	0.00638	0.00702	0.01083	0.01459	0.01946	0.04145	0.67539	0.04966	0.07356	0.01197	0.00345	0.00471	0.02129	0.00702	0.00619
4	0.06154	0.09363	0.14778	0.04732	0.10172	0.12733	0.01780	0.12304	0.04867	0.10681	0.01657	0.01803	0.01235	0.00828	0.00782	0.00231	0.03650	0.00618	0.00519	0.01115
5	0.01448	0.01632	0.09056	0.02045	0.02508	0.01396	0.25238	0.01913	0.01736	0.02454	0.13705	0.16662	0.03076	0.01378	0.02843	0.00294	0.05644	0.01194	0.04902	0.00877
6	0.00945	0.00675	0.00900	0.01080	0.01125	0.00630	0.00720	0.01080	0.01484	0.01979	0.04274	0.72245	0.05128	0.02429	0.00990	0.00315	0.00450	0.02204	0.00720	0.00630
7	0.01030	0.00768	0.01089	0.01155	0.01268	0.00718	0.03188	0.01251	0.01683	0.02286	0.19299	0.50507	0.05469	0.02145	0.00973	0.00298	0.00475	0.04987	0.00739	0.00674
8	0.01899	0.02015	0.04005	0.03434	0.17820	0.01950	0.45059	0.05022	0.05778	0.02634	0.01651	0.02093	0.01265	0.00697	0.00870	0.00254	0.01163	0.00855	0.00429	0.01107
9	0.01844	0.01629	0.05791	0.28908	0.03297	0.01752	0.01654	0.17381	0.05294	0.02904	0.01848	0.04884	0.01470	0.00947	0.00864	0.00247	0.05491	0.00758	0.12063	0.00976
10	0.01466	0.00763	0.00767	0.00759	0.00951	0.00775	0.00571	0.01906	0.04418	0.02906	0.02556	0.02891	0.02004	0.00910	0.00553	0.00184	0.00372	0.00729	0.73773	0.00744
11	0.01619	0.01051	0.01377	0.06141	0.01804	0.01056	0.01095	0.04823	0.07126	0.11859	0.17357	0.13370	0.07849	0.01645	0.00922	0.00286	0.00603	0.18388	0.00762	0.00867
12	0.02061	0.46849	0.15350	0.01719	0.02446	0.10816	0.06707	0.02452	0.01682	0.01998	0.01187	0.01400	0.01008	0.00692	0.00598	0.00192	0.00992	0.00493	0.00344	0.01014
13	0.00979	0.00732	0.00910	0.00983	0.01116	0.00663	0.00692	0.01191	0.01742	0.02311	0.22178	0.39191	0.20294	0.02093	0.00952	0.00283	0.00414	0.01855	0.00756	0.00663
14	0.01456	0.00871	0.01130	0.01020	0.01261	0.00791	0.00772	0.01782	0.02115	0.13026	0.50687	0.05354	0.09445	0.05568	0.01067	0.00273	0.00435	0.01303	0.00841	0.00803
15	0.02472	0.01814	0.04650	0.01604	0.02134	0.01868	0.01337	0.30067	0.18730	0.13470	0.05307	0.04256	0.02053	0.01322	0.04989	0.00306	0.00820	0.00827	0.00768	0.01207
16	0.01555	0.04011	0.68733	0.02210	0.03356	0.01801	0.02865	0.02455	0.01637	0.02455	0.01391	0.01637	0.00982	0.00737	0.00737	0.00246	0.01146	0.00573	0.00327	0.01146
17	0.00977	0.00694	0.00921	0.01091	0.01143	0.00655	0.00743	0.01119	0.01485	0.01976	0.04157	0.63945	0.04950	0.06420	0.01164	0.00343	0.00486	0.06399	0.00705	0.00627
18	0.59876	0.06110	0.08201	0.01187	0.01755	0.01779	0.01098	0.02419	0.01439	0.08457	0.01269	0.01407	0.00950	0.00737	0.00531	0.00236	0.00674	0.00464	0.00494	0.00918
19	0.00976	0.00694	0.00920	0.01088	0.01140	0.00655	0.00740	0.01118	0.01483	0.01973	0.04151	0.63934	0.04943	0.06696	0.01175	0.00344	0.00486	0.06156	0.00704	0.00626
20	0.01664	0.01411	0.01638	0.01175	0.01861	0.01091	0.00942	0.04616	0.01693	0.02626	0.01398	0.01618	0.01156	0.00589	0.00583	0.00120	0.00586	0.00469	0.00473	0.74289
21	0.01666	0.02661	0.28126	0.02484	0.03366	0.01720	0.30065	0.02349	0.01713	0.02464	0.01559	0.04060	0.01224	0.00729	0.00799	0.00235	0.01110	0.00759	0.00388	0.12523
22	0.06949	0.06882	0.61150	0.02088	0.03166	0.01852	0.02655	0.02437	0.01612	0.02499	0.01356	0.01593	0.00973	0.00732	0.00708	0.00242	0.01094	0.00555	0.00338	0.01118
23	0.00952	0.00692	0.00883	0.01031	0.01099	0.00640	0.00689	0.01086	0.01496	0.01964	0.04586	0.60565	0.12357	0.06604	0.01159	0.00335	0.00461	0.02073	0.00705	0.00623
24	0.01395	0.01095	0.01310	0.01379	0.05856	0.01095	0.00967	0.05119	0.14139	0.04463	0.13092	0.16788	0.23516	0.01667	0.00892	0.00270	0.00525	0.04832	0.00737	0.00862
25	0.09006	0.05381	0.06664	0.03258	0.02063	0.04571	0.03353	0.13580	0.01915	0.08009	0.03430	0.06871	0.01742	0.06126	0.01329	0.00293	0.15506	0.00800	0.05145	0.00956
26	0.01640	0.01614	0.02283	0.04789	0.02119	0.02236	0.01657	0.01832	0.01207	0.01865	0.01117	0.01819	0.01092	0.01689	0.07827	0.00408	0.62932	0.00691	0.00346	0.00836
27	0.00949	0.00781	0.00838	0.00862	0.01093	0.00670	0.00648	0.01159	0.01767	0.02158	0.10932	0.13667	0.54312	0.01996	0.00932	0.00271	0.00415	0.05160	0.00728	0.00660
28	0.01808	0.02748	0.24414	0.02833	0.10552	0.08152	0.27022	0.02435	0.01754	0.02379	0.01559	0.04866	0.01267	0.00803	0.00891	0.00253	0.04035	0.00788	0.00383	0.01058
29	0.01777	0.03088	0.37481	0.02604	0.03562	0.01914	0.27930	0.07482	0.01875	0.02661	0.01501	0.01839	0.01088	0.00719	0.00812	0.00251	0.01188	0.00721	0.00389	0.01119
30	0.00945	0.00675	0.00900	0.01080	0.01125	0.00630	0.00720	0.01080	0.01484	0.01979	0.04274	0.72245	0.05128	0.02429	0.00990	0.00315	0.00450	0.02204	0.00720	0.00630
31	0.10872	0.01727	0.06808	0.18269	0.23073	0.05300	0.01816	0.02097	0.01650	0.02381	0.02093	0.02970	0.05910	0.01047	0.00861	0.03279	0.00882	0.07579	0.00441	0.00944

[dist]
# distance from previous block
# <min> <max>
0	9

# created by:
# /st0/software/busco_prod/Augustus/scripts/msa2prfl.pl ./align_prep/112816.fa
