[name]
unknown

[dist]
# distance from previous block
# <min> <max>
0	14

[block]
# block no. 0 follows, 26 sequences, length 108
# corresponding to MSA columns:
# 14-121
name=unknown_A
#
# <colnr> <probs for GDERKNQSTAVLIFYWHMCP>
#	G	D	E	R	K	N	Q	S	T	A	V	L	I	F	Y	W	H	M	C	P
0	0.01222	0.00873	0.01222	0.01397	0.01572	0.00873	0.01222	0.01572	0.01746	0.02270	0.04016	0.08556	0.04365	0.02095	0.01048	0.00349	0.00698	0.63506	0.00698	0.00698
1	0.04446	0.00805	0.01018	0.00956	0.01148	0.00759	0.00720	0.01466	0.02110	0.03057	0.65294	0.05473	0.06882	0.01514	0.00876	0.00238	0.00368	0.01330	0.00819	0.00720
2	0.01013	0.00697	0.00854	0.00943	0.00965	0.00675	0.00583	0.01079	0.01280	0.01706	0.03296	0.39304	0.03900	0.37443	0.02397	0.00519	0.00586	0.01636	0.00583	0.00539
3	0.00932	0.00663	0.00878	0.01046	0.01088	0.00621	0.00693	0.01058	0.01437	0.01916	0.04102	0.69858	0.04917	0.05502	0.01096	0.00327	0.00453	0.02110	0.00693	0.00609
4	0.01887	0.01629	0.01715	0.01544	0.01972	0.01887	0.01201	0.04031	0.67241	0.03173	0.03087	0.02830	0.02315	0.01029	0.00772	0.00257	0.00600	0.00858	0.00772	0.01201
5	0.02169	0.01599	0.01797	0.04687	0.02142	0.01745	0.01231	0.10477	0.42564	0.12778	0.02715	0.02545	0.01984	0.00953	0.00751	0.00239	0.00648	0.00783	0.00749	0.07444
6	0.01877	0.01802	0.03079	0.04656	0.68612	0.01802	0.02328	0.02328	0.01727	0.02478	0.01427	0.01877	0.01201	0.00676	0.00751	0.00225	0.00901	0.00676	0.00375	0.01201
7	0.01123	0.00833	0.01029	0.01087	0.01262	0.00794	0.00848	0.03735	0.01764	0.02297	0.13878	0.18270	0.20359	0.07870	0.01197	0.00331	0.00537	0.21409	0.00703	0.00675
8	0.01179	0.00845	0.01162	0.01269	0.01445	0.00828	0.01076	0.01531	0.01862	0.02493	0.22562	0.07721	0.05172	0.01938	0.01003	0.00317	0.00600	0.45556	0.00738	0.00703
9	0.01726	0.02495	0.20000	0.02949	0.03801	0.01881	0.50783	0.02423	0.01745	0.02423	0.01493	0.01940	0.01105	0.00659	0.00853	0.00252	0.01241	0.00815	0.00368	0.01046
10	0.01465	0.01381	0.02333	0.66672	0.09820	0.01694	0.02123	0.01966	0.01532	0.01977	0.01354	0.02012	0.01025	0.00752	0.00758	0.00251	0.01003	0.00674	0.00340	0.00869
11	0.01979	0.01399	0.01593	0.01418	0.01813	0.01515	0.01120	0.07532	0.36732	0.12951	0.11594	0.06719	0.03092	0.01219	0.00816	0.00259	0.00592	0.05771	0.00795	0.01092
12	0.03278	0.01492	0.01885	0.01445	0.02037	0.01413	0.01194	0.18752	0.02508	0.53605	0.02710	0.02398	0.01736	0.00932	0.00762	0.00233	0.00691	0.00744	0.00895	0.01291
13	0.00960	0.00681	0.00890	0.01020	0.01075	0.00640	0.00679	0.01104	0.01495	0.02014	0.11336	0.57929	0.05022	0.09821	0.01267	0.00345	0.00462	0.01954	0.00693	0.00611
14	0.01095	0.00732	0.00830	0.00838	0.00840	0.00730	0.00471	0.01101	0.01119	0.01492	0.02471	0.08052	0.02860	0.70115	0.03729	0.00716	0.00722	0.01151	0.00471	0.00467
15	0.01041	0.00761	0.00978	0.00952	0.01120	0.00698	0.00703	0.01358	0.02029	0.02828	0.55578	0.13953	0.11807	0.01681	0.00904	0.00248	0.00370	0.01485	0.00809	0.00698
16	0.02300	0.01782	0.01904	0.01587	0.02086	0.01997	0.01270	0.28725	0.36902	0.06102	0.02758	0.02593	0.04477	0.01013	0.00771	0.00245	0.00687	0.00813	0.00770	0.01218
17	0.01099	0.00740	0.00850	0.00843	0.00865	0.00733	0.00491	0.01143	0.01231	0.01663	0.10449	0.05050	0.03296	0.64553	0.03497	0.00675	0.00689	0.01136	0.00506	0.00491
18	0.72736	0.01414	0.01107	0.00994	0.01441	0.01626	0.00813	0.02168	0.01357	0.03375	0.06216	0.01573	0.01308	0.00769	0.00502	0.00235	0.00569	0.00485	0.00497	0.00813
19	0.67421	0.01565	0.01288	0.01109	0.01599	0.01798	0.00914	0.11729	0.01629	0.03608	0.01170	0.01320	0.00891	0.00735	0.00512	0.00234	0.00624	0.00451	0.00512	0.00891
20	0.01005	0.00683	0.00892	0.01006	0.01041	0.00660	0.00656	0.01073	0.01324	0.01771	0.03441	0.48651	0.04058	0.18229	0.04719	0.07300	0.00592	0.01734	0.00604	0.00559
21	0.01053	0.00775	0.00986	0.00933	0.01121	0.00707	0.00700	0.01393	0.02100	0.02929	0.61346	0.05851	0.14092	0.01593	0.00895	0.00241	0.00361	0.01398	0.00820	0.00707
22	0.01852	0.01584	0.01666	0.01493	0.01916	0.01810	0.01163	0.06411	0.59533	0.03154	0.03387	0.03131	0.07343	0.01093	0.00781	0.00256	0.00594	0.00907	0.00766	0.01161
23	0.02314	0.01773	0.01882	0.01556	0.02045	0.01991	0.01249	0.33340	0.30417	0.03904	0.02424	0.02350	0.01790	0.00958	0.00742	0.00235	0.00687	0.00759	0.08389	0.01194
24	0.01025	0.00695	0.00844	0.00936	0.00983	0.00667	0.00598	0.01129	0.01349	0.01843	0.03545	0.40669	0.06419	0.27612	0.01966	0.00449	0.00537	0.01647	0.06522	0.00568
25	0.01057	0.00808	0.00976	0.00938	0.01149	0.00742	0.00712	0.01431	0.04390	0.02727	0.45706	0.06149	0.24754	0.01660	0.00896	0.00249	0.00387	0.03767	0.00789	0.00711
26	0.01824	0.01564	0.01661	0.01498	0.01908	0.01797	0.01163	0.03831	0.62240	0.03163	0.08091	0.03048	0.02687	0.01069	0.00781	0.00256	0.00582	0.00897	0.00777	0.01163
27	0.01921	0.01505	0.01641	0.01483	0.01885	0.01698	0.01159	0.03687	0.54240	0.08229	0.03112	0.03321	0.02448	0.04609	0.00941	0.00285	0.00617	0.05317	0.00765	0.01136
28	0.01103	0.00735	0.00827	0.00827	0.00827	0.00735	0.00460	0.01103	0.01103	0.01471	0.02390	0.04964	0.02758	0.73343	0.03861	0.00735	0.00735	0.01103	0.00460	0.00460
29	0.00930	0.00684	0.00875	0.01024	0.01104	0.00628	0.00702	0.01078	0.01504	0.01964	0.04705	0.60799	0.14560	0.02298	0.00960	0.00302	0.00440	0.04117	0.00704	0.00622
30	0.01573	0.01348	0.01573	0.01123	0.01798	0.01011	0.00899	0.01910	0.01573	0.02472	0.01348	0.01573	0.01123	0.00562	0.00562	0.00112	0.00562	0.00449	0.00449	0.77980
31	0.00967	0.00699	0.00918	0.01059	0.01096	0.00682	0.00706	0.01085	0.01403	0.01880	0.03879	0.62919	0.04636	0.10439	0.01345	0.00358	0.02670	0.01990	0.00665	0.00605
32	0.01318	0.00659	0.00988	0.00988	0.00988	0.00659	0.00659	0.00988	0.00988	0.01318	0.01318	0.02306	0.01318	0.02635	0.02964	0.77931	0.00659	0.00659	0.00329	0.00329
33	0.01877	0.01802	0.03079	0.04656	0.68612	0.01802	0.02328	0.02328	0.01727	0.02478	0.01427	0.01877	0.01201	0.00676	0.00751	0.00225	0.00901	0.00676	0.00375	0.01201
34	0.01887	0.01629	0.01715	0.01544	0.01972	0.01887	0.01201	0.04031	0.67241	0.03173	0.03087	0.02830	0.02315	0.01029	0.00772	0.00257	0.00600	0.00858	0.00772	0.01201
35	0.01139	0.00813	0.01126	0.01301	0.01439	0.00801	0.01077	0.01427	0.01664	0.02176	0.04062	0.26592	0.04548	0.02174	0.01025	0.00338	0.00626	0.46295	0.00700	0.00675
36	0.02833	0.03615	0.02149	0.01954	0.02345	0.70298	0.01466	0.03029	0.02149	0.01856	0.01172	0.01368	0.00977	0.00782	0.00684	0.00195	0.01368	0.00489	0.00391	0.00879
37	0.02840	0.02019	0.02190	0.01698	0.02288	0.02218	0.01396	0.56089	0.08795	0.09591	0.02017	0.01964	0.01421	0.00923	0.00760	0.00231	0.00800	0.00704	0.00774	0.01283
38	0.01915	0.58216	0.18568	0.01491	0.02245	0.02725	0.01633	0.02300	0.01555	0.01922	0.01123	0.01303	0.00971	0.00665	0.00539	0.00180	0.00880	0.00440	0.00324	0.01006
39	0.00924	0.00660	0.00880	0.01056	0.01100	0.00616	0.00704	0.01056	0.01452	0.01936	0.04181	0.72848	0.05017	0.02376	0.00968	0.00308	0.00440	0.02156	0.00704	0.00616
40	0.02833	0.03615	0.02149	0.01954	0.02345	0.70298	0.01466	0.03029	0.02149	0.01856	0.01172	0.01368	0.00977	0.00782	0.00684	0.00195	0.01368	0.00489	0.00391	0.00879
41	0.01521	0.03923	0.69413	0.02162	0.03283	0.01762	0.02802	0.02402	0.01601	0.02402	0.01361	0.01601	0.00961	0.00721	0.00721	0.00240	0.01121	0.00560	0.00320	0.01121
42	0.01143	0.00821	0.01112	0.01162	0.01339	0.00790	0.00953	0.01497	0.01959	0.02680	0.38095	0.07022	0.05847	0.01806	0.00966	0.00290	0.00518	0.30521	0.00771	0.00708
43	0.01521	0.03923	0.69413	0.02162	0.03283	0.01762	0.02802	0.02402	0.01601	0.02402	0.01361	0.01601	0.00961	0.00721	0.00721	0.00240	0.01121	0.00560	0.00320	0.01121
44	0.02833	0.03615	0.02149	0.01954	0.02345	0.70298	0.01466	0.03029	0.02149	0.01856	0.01172	0.01368	0.00977	0.00782	0.00684	0.00195	0.01368	0.00489	0.00391	0.00879
45	0.01318	0.00659	0.00988	0.00988	0.00988	0.00659	0.00659	0.00988	0.00988	0.01318	0.01318	0.02306	0.01318	0.02635	0.02964	0.77931	0.00659	0.00659	0.00329	0.00329
46	0.01091	0.00784	0.01074	0.01074	0.01160	0.00870	0.00768	0.01262	0.01176	0.01654	0.02164	0.03712	0.02214	0.30671	0.45790	0.01040	0.01553	0.00920	0.00426	0.00597
47	0.02336	0.02848	0.29263	0.01913	0.02726	0.02115	0.01989	0.40485	0.02776	0.03824	0.01636	0.01733	0.01158	0.00834	0.00743	0.00233	0.00950	0.00634	0.00583	0.01222
48	0.78701	0.01467	0.01115	0.00997	0.01467	0.01702	0.00821	0.02230	0.01291	0.03403	0.01056	0.01232	0.00821	0.00704	0.00469	0.00235	0.00587	0.00411	0.00469	0.00821
49	0.01134	0.00812	0.01027	0.01189	0.01252	0.00740	0.00791	0.01207	0.01569	0.02113	0.04281	0.70816	0.05074	0.02453	0.01041	0.00341	0.00511	0.02167	0.00761	0.00721
50	0.01302	0.00664	0.00977	0.00977	0.00977	0.00664	0.00645	0.00996	0.00996	0.01328	0.01394	0.02495	0.01420	0.07663	0.03028	0.72442	0.00664	0.00690	0.00339	0.00339
51	0.01517	0.01466	0.02044	0.01810	0.01819	0.01993	0.01474	0.01676	0.01218	0.01847	0.01613	0.15448	0.01775	0.01531	0.02195	0.00327	0.58103	0.00953	0.00404	0.00788
52	0.01654	0.01346	0.01526	0.01470	0.01808	0.01494	0.01195	0.05853	0.38215	0.02877	0.03544	0.05019	0.05594	0.01442	0.00875	0.00289	0.00638	0.23415	0.00742	0.01002
53	0.01414	0.00707	0.00707	0.00707	0.00884	0.00707	0.00530	0.01767	0.01591	0.02828	0.02474	0.02828	0.01944	0.00884	0.00530	0.00177	0.00353	0.00707	0.77554	0.00707
54	0.00910	0.00715	0.00824	0.00911	0.01062	0.00628	0.00640	0.01072	0.01591	0.01993	0.05942	0.39896	0.36832	0.02147	0.00932	0.00282	0.00412	0.01877	0.00704	0.00628
55	0.01091	0.00782	0.01066	0.01066	0.01149	0.00865	0.00757	0.01256	0.01174	0.01647	0.02172	0.03755	0.02233	0.32117	0.44370	0.01030	0.01525	0.00926	0.00427	0.00592
56	0.01939	0.01648	0.01929	0.01663	0.02124	0.01859	0.06165	0.03894	0.59661	0.05702	0.02964	0.02760	0.02209	0.00996	0.00781	0.00256	0.00654	0.00857	0.00749	0.01190
57	0.01618	0.17277	0.56908	0.01997	0.03028	0.01998	0.02515	0.02377	0.01590	0.02284	0.01303	0.01528	0.00963	0.00707	0.00676	0.00225	0.01062	0.00531	0.00321	0.01093
58	0.01521	0.03923	0.69413	0.02162	0.03283	0.01762	0.02802	0.02402	0.01601	0.02402	0.01361	0.01601	0.00961	0.00721	0.00721	0.00240	0.01121	0.00560	0.00320	0.01121
59	0.01171	0.00907	0.01287	0.03800	0.08999	0.00868	0.00947	0.01533	0.02044	0.02886	0.55164	0.08369	0.06160	0.01463	0.00877	0.00241	0.00446	0.01306	0.00759	0.00771
60	0.75430	0.01459	0.01143	0.01013	0.01487	0.01676	0.00834	0.02293	0.01329	0.06259	0.01140	0.01291	0.00867	0.00714	0.00482	0.00235	0.00589	0.00426	0.00490	0.00842
61	0.00930	0.00743	0.00836	0.00888	0.01075	0.00648	0.00648	0.01124	0.01684	0.02101	0.11153	0.25642	0.43370	0.02028	0.00922	0.00273	0.00410	0.04167	0.00714	0.00642
62	0.01759	0.01953	0.03956	0.02906	0.03488	0.02016	0.50364	0.02284	0.01639	0.02284	0.01404	0.01953	0.01113	0.00805	0.01280	0.00274	0.18335	0.00839	0.00371	0.00976
63	0.01414	0.00707	0.00707	0.00707	0.00884	0.00707	0.00530	0.01767	0.01591	0.02828	0.02474	0.02828	0.01944	0.00884	0.00530	0.00177	0.00353	0.00707	0.77554	0.00707
64	0.01877	0.01802	0.03079	0.04656	0.68612	0.01802	0.02328	0.02328	0.01727	0.02478	0.01427	0.01877	0.01201	0.00676	0.00751	0.00225	0.00901	0.00676	0.00375	0.01201
65	0.03403	0.01291	0.01760	0.01350	0.01936	0.01115	0.01115	0.03697	0.02171	0.69137	0.02992	0.02582	0.01878	0.00939	0.00763	0.00235	0.00645	0.00763	0.00939	0.01291
66	0.01092	0.00780	0.01053	0.01053	0.01131	0.00858	0.00741	0.01248	0.01170	0.01638	0.02184	0.03823	0.02262	0.34426	0.42100	0.01014	0.01481	0.00936	0.00429	0.00585
67	0.01823	0.45507	0.30471	0.01648	0.02488	0.02499	0.01907	0.02324	0.01566	0.02035	0.01179	0.01372	0.00968	0.00678	0.00581	0.00194	0.00937	0.00468	0.00323	0.01033
68	0.02851	0.02109	0.02258	0.01739	0.02340	0.02337	0.01434	0.64080	0.05621	0.04728	0.01862	0.01854	0.01323	0.00914	0.00759	0.00229	0.00827	0.00689	0.00759	0.01287
69	0.01026	0.00765	0.00918	0.00964	0.01091	0.00723	0.00666	0.01294	0.04794	0.02180	0.18166	0.31277	0.17576	0.13366	0.01390	0.00349	0.00466	0.01648	0.00696	0.00646
70	0.01073	0.00769	0.01018	0.01166	0.01264	0.00746	0.00859	0.03695	0.01606	0.02128	0.04049	0.54419	0.04714	0.02251	0.00979	0.00315	0.00518	0.17066	0.00705	0.00662
71	0.40176	0.01441	0.01484	0.01208	0.01739	0.01497	0.00997	0.07773	0.01848	0.32055	0.01956	0.01863	0.01316	0.00822	0.00619	0.00234	0.00631	0.00585	0.00695	0.01061
72	0.00924	0.00660	0.00880	0.01056	0.01100	0.00616	0.00704	0.01056	0.01452	0.01936	0.04181	0.72848	0.05017	0.02376	0.00968	0.00308	0.00440	0.02156	0.00704	0.00616
73	0.01636	0.01386	0.01607	0.01154	0.01824	0.01076	0.00925	0.05026	0.01670	0.02584	0.01371	0.01585	0.01132	0.00579	0.00571	0.00118	0.00575	0.00461	0.00464	0.74257
74	0.01708	0.01111	0.01394	0.01262	0.01615	0.01043	0.01032	0.09265	0.02038	0.11890	0.14889	0.09878	0.05996	0.01479	0.00862	0.00257	0.00595	0.20204	0.00725	0.12755
75	0.07814	0.60202	0.03429	0.01237	0.01820	0.02650	0.01197	0.02176	0.01589	0.02047	0.08448	0.01708	0.01642	0.00752	0.00530	0.00176	0.00744	0.00512	0.00392	0.00933
76	0.01180	0.00921	0.01169	0.01309	0.04551	0.00935	0.00881	0.01752	0.14260	0.02379	0.14121	0.45113	0.04654	0.01901	0.00908	0.00283	0.00480	0.01708	0.00722	0.00773
77	0.01386	0.01402	0.02763	0.02151	0.02591	0.01309	0.34998	0.01784	0.01636	0.02184	0.02977	0.27531	0.07744	0.04552	0.01052	0.00295	0.00891	0.01403	0.00525	0.00825
78	0.01908	0.00976	0.01188	0.01019	0.01397	0.00836	0.00805	0.02158	0.01949	0.28703	0.12425	0.05255	0.35355	0.01492	0.00843	0.00246	0.00485	0.01244	0.00811	0.00906
79	0.06223	0.02096	0.02225	0.01712	0.02313	0.02324	0.01414	0.63270	0.03466	0.04720	0.01787	0.01795	0.01269	0.00901	0.00746	0.00228	0.00824	0.00671	0.00746	0.01269
80	0.01432	0.01348	0.02275	0.71520	0.05224	0.01685	0.02107	0.01938	0.01517	0.01938	0.01348	0.02022	0.01011	0.00758	0.00758	0.00253	0.01011	0.00674	0.00337	0.00843
81	0.01167	0.00800	0.01023	0.00953	0.01160	0.00727	0.00720	0.01504	0.02102	0.06141	0.58381	0.05696	0.13632	0.01562	0.00888	0.00240	0.00375	0.01367	0.00826	0.00735
82	0.00924	0.00660	0.00880	0.01056	0.01100	0.00616	0.00704	0.01056	0.01452	0.01936	0.04181	0.72848	0.05017	0.02376	0.00968	0.00308	0.00440	0.02156	0.00704	0.00616
83	0.01240	0.00899	0.01228	0.01369	0.01555	0.00906	0.01181	0.01671	0.04720	0.02371	0.09038	0.08071	0.04493	0.02004	0.01023	0.00336	0.00667	0.55791	0.00713	0.00722
84	0.01547	0.01069	0.01201	0.01128	0.01358	0.01103	0.00834	0.18305	0.02026	0.02825	0.03345	0.29733	0.08111	0.07832	0.01074	0.00295	0.00549	0.01355	0.15513	0.00799
85	0.01106	0.00785	0.00934	0.00903	0.01104	0.00701	0.00663	0.01357	0.01864	0.05484	0.33414	0.11088	0.28630	0.07235	0.01123	0.00288	0.00416	0.01465	0.00754	0.00687
86	0.02883	0.02125	0.02276	0.01745	0.02352	0.02352	0.01442	0.66082	0.03566	0.04780	0.01821	0.01821	0.01290	0.00911	0.00759	0.00228	0.00835	0.00683	0.00759	0.01290
87	0.01043	0.06661	0.01104	0.00891	0.01159	0.00861	0.00708	0.01280	0.01787	0.02215	0.17247	0.06626	0.47481	0.01768	0.00875	0.00253	0.00438	0.06222	0.00696	0.00685
88	0.55309	0.01351	0.01216	0.01051	0.01510	0.01475	0.00859	0.02434	0.01538	0.16026	0.06644	0.01893	0.01554	0.00821	0.00561	0.00233	0.00572	0.00564	0.03491	0.00900
89	0.01879	0.01523	0.01643	0.01476	0.01888	0.01718	0.01158	0.05874	0.53470	0.06001	0.06200	0.03360	0.05363	0.01131	0.00794	0.00259	0.00595	0.03752	0.00775	0.01139
90	0.78701	0.01467	0.01115	0.00997	0.01467	0.01702	0.00821	0.02230	0.01291	0.03403	0.01056	0.01232	0.00821	0.00704	0.00469	0.00235	0.00587	0.00411	0.00469	0.00821
91	0.25893	0.01146	0.01244	0.01100	0.01475	0.01144	0.00860	0.02328	0.01640	0.24774	0.02920	0.11863	0.07849	0.08903	0.01051	0.00304	0.00591	0.03340	0.00683	0.00893
92	0.01096	0.00777	0.00975	0.01073	0.01151	0.00761	0.00729	0.05252	0.01536	0.02047	0.03688	0.52748	0.04327	0.15509	0.01498	0.00384	0.00532	0.04621	0.00662	0.00634
93	0.21499	0.01455	0.01680	0.01322	0.01884	0.01437	0.01092	0.12450	0.02162	0.43878	0.02354	0.02145	0.01537	0.00878	0.00691	0.00234	0.00659	0.00666	0.00799	0.01177
94	0.01078	0.00801	0.01122	0.01100	0.01266	0.00749	0.02995	0.01391	0.01930	0.02681	0.44305	0.21765	0.06164	0.01770	0.00927	0.00267	0.00443	0.07771	0.00775	0.00701
95	0.01667	0.00961	0.01214	0.01165	0.01401	0.00926	0.00866	0.06793	0.04362	0.15999	0.10575	0.36132	0.04004	0.03659	0.00955	0.00284	0.00521	0.03456	0.04218	0.00841
96	0.02101	0.01119	0.01421	0.01205	0.01578	0.01066	0.00950	0.05276	0.09789	0.27537	0.31829	0.06008	0.04331	0.01261	0.00828	0.00241	0.00515	0.01081	0.00859	0.01006
97	0.06424	0.01290	0.01699	0.01326	0.01883	0.01155	0.01089	0.03550	0.04866	0.60714	0.05748	0.02669	0.02081	0.00959	0.00756	0.00236	0.00629	0.00778	0.00907	0.01242
98	0.01096	0.00733	0.00829	0.00836	0.00838	0.00731	0.00469	0.01101	0.01116	0.01488	0.02457	0.07520	0.02843	0.70671	0.03752	0.00719	0.00724	0.01143	0.00469	0.00465
99	0.01314	0.01026	0.01197	0.00993	0.01327	0.00858	0.00700	0.01500	0.01395	0.02047	0.04438	0.08794	0.02313	0.29999	0.01932	0.00383	0.00614	0.00883	0.00488	0.37798
100	0.75318	0.01459	0.01144	0.01013	0.01488	0.01675	0.00835	0.02296	0.01330	0.06356	0.01143	0.01293	0.00869	0.00715	0.00483	0.00235	0.00589	0.00427	0.00490	0.00843
101	0.00924	0.00660	0.00880	0.01056	0.01100	0.00616	0.00704	0.01056	0.01452	0.01936	0.04181	0.72848	0.05017	0.02376	0.00968	0.00308	0.00440	0.02156	0.00704	0.00616
102	0.01629	0.17728	0.50844	0.05084	0.03127	0.02012	0.04907	0.02357	0.01593	0.02259	0.01306	0.01560	0.00973	0.00705	0.00682	0.00226	0.01060	0.00547	0.00324	0.01075
103	0.78701	0.01467	0.01115	0.00997	0.01467	0.01702	0.00821	0.02230	0.01291	0.03403	0.01056	0.01232	0.00821	0.00704	0.00469	0.00235	0.00587	0.00411	0.00469	0.00821
104	0.01060	0.00775	0.00995	0.00940	0.01125	0.00710	0.00705	0.01405	0.02115	0.02965	0.63561	0.05791	0.11855	0.01579	0.00895	0.00240	0.00360	0.01389	0.00825	0.00710
105	0.07678	0.13097	0.41258	0.04652	0.05851	0.10520	0.02229	0.02429	0.01641	0.02311	0.01275	0.01519	0.00967	0.00717	0.00667	0.00223	0.01054	0.00528	0.00344	0.01041
106	0.01028	0.00774	0.00968	0.01045	0.01214	0.00714	0.00812	0.01282	0.01751	0.02278	0.17690	0.22534	0.23999	0.02002	0.00955	0.00290	0.00479	0.18793	0.00728	0.00665
107	0.41232	0.01102	0.00930	0.00870	0.01178	0.01223	0.00673	0.01934	0.01384	0.02978	0.01734	0.02235	0.01453	0.08593	0.00857	0.00267	0.00515	0.00597	0.29505	0.00739

[dist]
# distance from previous block
# <min> <max>
0	3

[block]
# block no. 1 follows, 26 sequences, length 86
# corresponding to MSA columns:
# 125-210
name=unknown_B
#
# <colnr> <probs for GDERKNQSTAVLIFYWHMCP>
#	G	D	E	R	K	N	Q	S	T	A	V	L	I	F	Y	W	H	M	C	P
0	0.01674	0.01690	0.03095	0.20242	0.16660	0.01793	0.23309	0.02135	0.01593	0.02209	0.01381	0.01937	0.01110	0.00819	0.01074	0.02633	0.09869	0.00733	0.00366	0.05679
1	0.01637	0.04472	0.18256	0.07499	0.02576	0.01379	0.05768	0.02130	0.01597	0.05444	0.01468	0.01761	0.01149	0.00924	0.04482	0.00233	0.00875	0.00558	0.00420	0.37373
2	0.26867	0.04206	0.04610	0.19188	0.07446	0.04455	0.04508	0.06896	0.01658	0.06376	0.01351	0.01678	0.01032	0.00787	0.00781	0.00242	0.05946	0.00583	0.00449	0.00942
3	0.01174	0.00912	0.01223	0.04093	0.05132	0.00898	0.00960	0.01598	0.06757	0.02467	0.23735	0.27220	0.07044	0.01754	0.00906	0.00274	0.00510	0.09605	0.00709	0.03029
4	0.01853	0.01777	0.03035	0.08332	0.65126	0.01796	0.02316	0.02306	0.01716	0.02448	0.01422	0.01885	0.01191	0.00680	0.00751	0.00227	0.00907	0.00676	0.00373	0.01182
5	0.01464	0.01381	0.02333	0.66723	0.09772	0.01694	0.02122	0.01966	0.01532	0.01977	0.01354	0.02012	0.01025	0.00752	0.00758	0.00251	0.01003	0.00674	0.00340	0.00868
6	0.32007	0.01711	0.01742	0.06747	0.06852	0.08614	0.03234	0.07772	0.06318	0.10270	0.01698	0.04022	0.01353	0.03711	0.00773	0.00255	0.00771	0.00646	0.00546	0.00959
7	0.00933	0.00668	0.00873	0.01033	0.01082	0.00624	0.00686	0.01060	0.01443	0.01915	0.04208	0.66759	0.07168	0.06262	0.01125	0.00330	0.00454	0.02078	0.00691	0.00608
8	0.00931	0.00663	0.00878	0.01048	0.01090	0.00621	0.00695	0.01058	0.01439	0.01919	0.04113	0.70296	0.04932	0.05044	0.01077	0.00324	0.00451	0.02117	0.00695	0.00610
9	0.00921	0.00769	0.00803	0.00794	0.01040	0.00651	0.00596	0.01137	0.01788	0.02188	0.16168	0.07071	0.59733	0.01869	0.00896	0.00254	0.00381	0.01569	0.00723	0.00651
10	0.01108	0.00793	0.00972	0.01034	0.01119	0.00782	0.00692	0.03958	0.04193	0.02095	0.10085	0.42207	0.04370	0.20962	0.01710	0.00409	0.00533	0.01683	0.00658	0.00637
11	0.42402	0.01747	0.01650	0.01339	0.01874	0.01961	0.01105	0.30199	0.02322	0.06765	0.01472	0.01546	0.01071	0.00804	0.00608	0.00232	0.00698	0.00544	0.00616	0.01046
12	0.78701	0.01467	0.01115	0.00997	0.01467	0.01702	0.00821	0.02230	0.01291	0.03403	0.01056	0.01232	0.00821	0.00704	0.00469	0.00235	0.00587	0.00411	0.00469	0.00821
13	0.01072	0.00778	0.01011	0.00961	0.01142	0.00718	0.00725	0.01423	0.02121	0.02985	0.64245	0.05806	0.09209	0.01579	0.00899	0.00242	0.00369	0.03176	0.00826	0.00713
14	0.00963	0.00683	0.00900	0.01058	0.01107	0.00646	0.00717	0.01098	0.01439	0.01914	0.03990	0.61447	0.04745	0.09433	0.01262	0.00354	0.00488	0.06470	0.00679	0.00606
15	0.02235	0.01608	0.01751	0.01437	0.01912	0.01723	0.01155	0.30826	0.17092	0.09669	0.07249	0.03355	0.14305	0.01164	0.00796	0.00241	0.00654	0.00939	0.00773	0.01116
16	0.01282	0.00673	0.00971	0.00972	0.01002	0.00665	0.00659	0.01078	0.01156	0.01598	0.08173	0.05631	0.02090	0.02420	0.02540	0.62649	0.00603	0.00795	0.04642	0.00401
17	0.01055	0.00775	0.00988	0.00934	0.01122	0.00708	0.00701	0.01395	0.02102	0.02935	0.61728	0.05841	0.13706	0.01590	0.00895	0.00240	0.00361	0.01396	0.00821	0.00708
18	0.02912	0.02079	0.02248	0.01723	0.02329	0.02284	0.01424	0.62652	0.03490	0.08319	0.01885	0.01863	0.01322	0.00912	0.00759	0.00228	0.00824	0.00687	0.00769	0.01290
19	0.78701	0.01467	0.01115	0.00997	0.01467	0.01702	0.00821	0.02230	0.01291	0.03403	0.01056	0.01232	0.00821	0.00704	0.00469	0.00235	0.00587	0.00411	0.00469	0.00821
20	0.00946	0.00714	0.00875	0.00954	0.01085	0.00643	0.00670	0.01141	0.01671	0.02190	0.18038	0.40669	0.23489	0.02081	0.00933	0.00279	0.00408	0.01840	0.00730	0.00643
21	0.02015	0.01601	0.01719	0.01527	0.01969	0.01821	0.01193	0.04002	0.61717	0.08773	0.03079	0.02809	0.02278	0.01021	0.00771	0.00255	0.00604	0.00850	0.00786	0.01208
22	0.01887	0.01629	0.01715	0.01544	0.01972	0.01887	0.01201	0.04031	0.67241	0.03173	0.03087	0.02830	0.02315	0.01029	0.00772	0.00257	0.00600	0.00858	0.00772	0.01201
23	0.00924	0.00660	0.00880	0.01056	0.01100	0.00616	0.00704	0.01056	0.01452	0.01936	0.04181	0.72848	0.05017	0.02376	0.00968	0.00308	0.00440	0.02156	0.00704	0.00616
24	0.02706	0.01133	0.01536	0.01255	0.01711	0.01003	0.01009	0.02985	0.02017	0.49708	0.08842	0.09441	0.05407	0.01504	0.05790	0.00313	0.00691	0.00980	0.00861	0.01109
25	0.01732	0.01375	0.01611	0.01161	0.01827	0.01069	0.00932	0.04480	0.01685	0.06534	0.01464	0.01643	0.01175	0.00598	0.00581	0.00124	0.00577	0.00477	0.00490	0.70464
26	0.01031	0.00774	0.00955	0.00910	0.01107	0.00698	0.00682	0.01350	0.02047	0.02805	0.53799	0.06055	0.21717	0.01639	0.00895	0.00243	0.00364	0.01426	0.00804	0.00698
27	0.02883	0.02125	0.02276	0.01745	0.02352	0.02352	0.01442	0.66082	0.03566	0.04780	0.01821	0.01821	0.01290	0.00911	0.00759	0.00228	0.00835	0.00683	0.00759	0.01290
28	0.00955	0.00717	0.00856	0.00927	0.01050	0.00650	0.00638	0.01120	0.01589	0.02061	0.13356	0.35900	0.24803	0.10260	0.01268	0.00332	0.00446	0.01761	0.00693	0.00619
29	0.01070	0.00784	0.01009	0.00979	0.01166	0.00724	0.00752	0.01410	0.02064	0.02861	0.55512	0.06124	0.13241	0.01644	0.00910	0.00251	0.00395	0.07592	0.00808	0.00706
30	0.03403	0.01291	0.01760	0.01350	0.01936	0.01115	0.01115	0.03697	0.02171	0.69137	0.02992	0.02582	0.01878	0.00939	0.00763	0.00235	0.00645	0.00763	0.00939	0.01291
31	0.01084	0.00813	0.01219	0.01219	0.01354	0.00948	0.00948	0.01354	0.01219	0.01761	0.02032	0.02980	0.01896	0.05689	0.70337	0.01219	0.02032	0.00813	0.00406	0.00677
32	0.01526	0.01255	0.01407	0.01316	0.01631	0.01375	0.01021	0.02864	0.38393	0.02968	0.21652	0.07113	0.06596	0.01352	0.00842	0.00261	0.00525	0.06148	0.00778	0.00978
33	0.01751	0.01475	0.01615	0.01514	0.01891	0.01680	0.01205	0.03529	0.53895	0.02989	0.03276	0.03997	0.02733	0.01246	0.00828	0.00276	0.00620	0.13624	0.00757	0.01098
34	0.01068	0.00771	0.01009	0.00958	0.01132	0.00712	0.00715	0.01418	0.02123	0.03003	0.65957	0.08032	0.07082	0.01580	0.00897	0.00241	0.00361	0.01399	0.00830	0.00712
35	0.01074	0.00775	0.01014	0.00954	0.01133	0.00716	0.00716	0.01431	0.02147	0.03042	0.68211	0.05666	0.07157	0.01551	0.00895	0.00239	0.00358	0.01372	0.00835	0.00716
36	0.01627	0.13436	0.53692	0.02290	0.09612	0.01938	0.02546	0.02376	0.01606	0.02324	0.01325	0.01575	0.00987	0.00706	0.00691	0.00228	0.01056	0.00550	0.00326	0.01108
37	0.01103	0.00735	0.00827	0.00827	0.00827	0.00735	0.00460	0.01103	0.01103	0.01471	0.02390	0.04964	0.02758	0.73343	0.03861	0.00735	0.00735	0.01103	0.00460	0.00460
38	0.01318	0.00659	0.00988	0.00988	0.00988	0.00659	0.00659	0.00988	0.00988	0.01318	0.01318	0.02306	0.01318	0.02635	0.02964	0.77931	0.00659	0.00659	0.00329	0.00329
39	0.02060	0.71014	0.03902	0.01324	0.01963	0.05672	0.01305	0.02301	0.01565	0.01787	0.01059	0.01223	0.00974	0.00654	0.00495	0.00164	0.00833	0.00409	0.00327	0.00970
40	0.04300	0.12622	0.45392	0.02340	0.08712	0.01944	0.09685	0.02376	0.01615	0.02365	0.01336	0.01612	0.01000	0.00698	0.00704	0.00230	0.01061	0.00583	0.00338	0.01087
41	0.45407	0.06353	0.01697	0.01344	0.01829	0.16866	0.01090	0.12642	0.01858	0.03190	0.01204	0.01355	0.00940	0.00751	0.00564	0.00221	0.00810	0.00471	0.00490	0.00918
42	0.01065	0.00759	0.00947	0.05112	0.01203	0.00755	0.00655	0.01179	0.01365	0.01826	0.10781	0.22221	0.06412	0.39586	0.02469	0.00520	0.00618	0.01397	0.00569	0.00560
43	0.01573	0.01348	0.01573	0.01123	0.01798	0.01011	0.00899	0.01910	0.01573	0.02472	0.01348	0.01573	0.01123	0.00562	0.00562	0.00112	0.00562	0.00449	0.00449	0.77980
44	0.01961	0.64621	0.12570	0.01411	0.02122	0.02838	0.01495	0.02288	0.01549	0.01866	0.01095	0.01267	0.00972	0.00658	0.00517	0.00172	0.00852	0.00426	0.00324	0.00993
45	0.01142	0.00793	0.01022	0.00955	0.01153	0.00724	0.00720	0.01486	0.02118	0.05276	0.61594	0.05676	0.11360	0.01556	0.00890	0.00240	0.00370	0.01367	0.00829	0.00730
46	0.01182	0.00847	0.01166	0.01278	0.01454	0.00831	0.01086	0.01534	0.01854	0.02477	0.21278	0.07779	0.05116	0.01949	0.01007	0.00319	0.00607	0.46798	0.00735	0.00703
47	0.01573	0.01348	0.01573	0.01123	0.01798	0.01011	0.00899	0.01910	0.01573	0.02472	0.01348	0.01573	0.01123	0.00562	0.00562	0.00112	0.00562	0.00449	0.00449	0.77980
48	0.06038	0.01355	0.02206	0.67316	0.05000	0.01686	0.02030	0.01955	0.01503	0.02025	0.01331	0.01975	0.01000	0.00755	0.00741	0.00252	0.00986	0.00658	0.00345	0.00841
49	0.01318	0.00659	0.00988	0.00988	0.00988	0.00659	0.00659	0.00988	0.00988	0.01318	0.01318	0.02306	0.01318	0.02635	0.02964	0.77931	0.00659	0.00659	0.00329	0.00329
50	0.01521	0.03923	0.69413	0.02162	0.03283	0.01762	0.02802	0.02402	0.01601	0.02402	0.01361	0.01601	0.00961	0.00721	0.00721	0.00240	0.01121	0.00560	0.00320	0.01121
51	0.01093	0.00789	0.01094	0.01094	0.01204	0.00879	0.00807	0.01301	0.01222	0.01740	0.02328	0.03589	0.04415	0.21202	0.49977	0.01037	0.01614	0.00904	0.03086	0.00626
52	0.78701	0.01467	0.01115	0.00997	0.01467	0.01702	0.00821	0.02230	0.01291	0.03403	0.01056	0.01232	0.00821	0.00704	0.00469	0.00235	0.00587	0.00411	0.00469	0.00821
53	0.01521	0.03923	0.69413	0.02162	0.03283	0.01762	0.02802	0.02402	0.01601	0.02402	0.01361	0.01601	0.00961	0.00721	0.00721	0.00240	0.01121	0.00560	0.00320	0.01121
54	0.03403	0.01291	0.01760	0.01350	0.01936	0.01115	0.01115	0.03697	0.02171	0.69137	0.02992	0.02582	0.01878	0.00939	0.00763	0.00235	0.00645	0.00763	0.00939	0.01291
55	0.01174	0.00838	0.01167	0.01342	0.01495	0.00831	0.01138	0.01488	0.01698	0.02216	0.04043	0.18994	0.04471	0.02141	0.01035	0.00343	0.00656	0.53546	0.00699	0.00685
56	0.01103	0.00735	0.00827	0.00827	0.00827	0.00735	0.00460	0.01103	0.01103	0.01471	0.02390	0.04964	0.02758	0.73343	0.03861	0.00735	0.00735	0.01103	0.00460	0.00460
57	0.02921	0.02065	0.02239	0.01717	0.02322	0.02263	0.01418	0.61607	0.03466	0.09398	0.01905	0.01876	0.01332	0.00913	0.00759	0.00228	0.00821	0.00689	0.00772	0.01290
58	0.63357	0.01431	0.01246	0.01069	0.01563	0.01582	0.00881	0.02529	0.01470	0.16798	0.01451	0.01507	0.01037	0.00752	0.00529	0.00235	0.00599	0.00482	0.00565	0.00917
59	0.01318	0.00659	0.00988	0.00988	0.00988	0.00659	0.00659	0.00988	0.00988	0.01318	0.01318	0.02306	0.01318	0.02635	0.02964	0.77931	0.00659	0.00659	0.00329	0.00329
60	0.01087	0.00738	0.00823	0.00823	0.00843	0.00728	0.00469	0.01102	0.01153	0.01516	0.02808	0.05148	0.07938	0.67698	0.03626	0.00697	0.00708	0.01142	0.00479	0.00474
61	0.42955	0.01631	0.01573	0.01281	0.01812	0.01792	0.01057	0.21457	0.02121	0.15354	0.01623	0.01644	0.01146	0.00807	0.00607	0.00233	0.00671	0.00553	0.00638	0.01043
62	0.78701	0.01467	0.01115	0.00997	0.01467	0.01702	0.00821	0.02230	0.01291	0.03403	0.01056	0.01232	0.00821	0.00704	0.00469	0.00235	0.00587	0.00411	0.00469	0.00821
63	0.00937	0.00666	0.00876	0.01040	0.01080	0.00625	0.00686	0.01060	0.01427	0.01903	0.04051	0.67949	0.04854	0.07498	0.01177	0.00339	0.00461	0.02080	0.00686	0.00605
64	0.16365	0.01044	0.01209	0.01090	0.01400	0.01012	0.00815	0.02184	0.01616	0.24982	0.03029	0.20156	0.05696	0.14452	0.01327	0.00345	0.00588	0.01138	0.00696	0.00857
65	0.00987	0.00760	0.01139	0.01210	0.01306	0.00710	0.05397	0.01155	0.01477	0.01972	0.03990	0.67748	0.04738	0.02251	0.00963	0.00304	0.00500	0.02065	0.00681	0.00645
66	0.01209	0.00801	0.01036	0.00976	0.01178	0.00729	0.00732	0.01532	0.02060	0.07452	0.53887	0.11125	0.11181	0.01604	0.00892	0.00245	0.00387	0.01412	0.00822	0.00742
67	0.01062	0.00872	0.00950	0.00936	0.01178	0.00817	0.00698	0.01537	0.10488	0.02360	0.17319	0.13722	0.41726	0.01788	0.00888	0.00259	0.00415	0.01524	0.00736	0.00725
68	0.78701	0.01467	0.01115	0.00997	0.01467	0.01702	0.00821	0.02230	0.01291	0.03403	0.01056	0.01232	0.00821	0.00704	0.00469	0.00235	0.00587	0.00411	0.00469	0.00821
69	0.78701	0.01467	0.01115	0.00997	0.01467	0.01702	0.00821	0.02230	0.01291	0.03403	0.01056	0.01232	0.00821	0.00704	0.00469	0.00235	0.00587	0.00411	0.00469	0.00821
70	0.02311	0.01824	0.01937	0.01605	0.02110	0.02052	0.01287	0.32885	0.34755	0.03876	0.02689	0.02546	0.04607	0.01011	0.00771	0.00243	0.00701	0.00807	0.00763	0.01219
71	0.00997	0.00691	0.00859	0.00963	0.00989	0.00665	0.00605	0.01075	0.01310	0.01747	0.03452	0.45235	0.04098	0.31244	0.02145	0.00482	0.00560	0.01728	0.00605	0.00552
72	0.01044	0.00723	0.00832	0.00870	0.00906	0.00700	0.00524	0.01092	0.01242	0.01630	0.03321	0.19606	0.10057	0.50859	0.02939	0.00595	0.00636	0.01378	0.00537	0.00512
73	0.01103	0.00735	0.00827	0.00827	0.00827	0.00735	0.00460	0.01103	0.01103	0.01471	0.02390	0.04964	0.02758	0.73343	0.03861	0.00735	0.00735	0.01103	0.00460	0.00460
74	0.01045	0.00774	0.00975	0.00925	0.01116	0.00704	0.00693	0.01377	0.02080	0.02883	0.58526	0.05927	0.16941	0.01610	0.00895	0.00241	0.00362	0.01408	0.00814	0.00704
75	0.03302	0.01453	0.01860	0.01426	0.02017	0.01355	0.01178	0.15794	0.02442	0.56657	0.02765	0.02434	0.01764	0.00933	0.00762	0.00233	0.00682	0.00747	0.00904	0.01291
76	0.01056	0.00762	0.00998	0.00966	0.01129	0.00704	0.00714	0.01388	0.02067	0.02914	0.60793	0.13449	0.06909	0.01646	0.00903	0.00247	0.00367	0.01463	0.00820	0.00704
77	0.01414	0.00707	0.00707	0.00707	0.00884	0.00707	0.00530	0.01767	0.01591	0.02828	0.02474	0.02828	0.01944	0.00884	0.00530	0.00177	0.00353	0.00707	0.77554	0.00707
78	0.01222	0.00873	0.01222	0.01397	0.01572	0.00873	0.01222	0.01572	0.01746	0.02270	0.04016	0.08556	0.04365	0.02095	0.01048	0.00349	0.00698	0.63506	0.00698	0.00698
79	0.47213	0.04686	0.03707	0.13902	0.02300	0.01667	0.01184	0.02411	0.01489	0.13201	0.01418	0.01595	0.01030	0.00748	0.00576	0.00235	0.00700	0.00517	0.00507	0.00914
80	0.02115	0.66241	0.03778	0.01369	0.01990	0.10249	0.01316	0.02353	0.01607	0.01792	0.01067	0.01233	0.00974	0.00663	0.00508	0.00166	0.00871	0.00415	0.00332	0.00963
81	0.01417	0.01252	0.01525	0.01410	0.01509	0.06293	0.01101	0.01623	0.01287	0.01847	0.01741	0.02705	0.01672	0.12297	0.29811	0.00719	0.22930	0.00772	0.07380	0.00713
82	0.04910	0.30627	0.27756	0.01626	0.02410	0.02237	0.01805	0.10310	0.01823	0.02477	0.01741	0.01873	0.05833	0.00802	0.00637	0.00209	0.00890	0.00584	0.00411	0.01038
83	0.04365	0.01662	0.10650	0.07844	0.02598	0.01422	0.16359	0.02147	0.03912	0.10065	0.06274	0.19228	0.02503	0.01231	0.00959	0.00267	0.05929	0.01115	0.00553	0.00920
84	0.01863	0.01771	0.05563	0.22472	0.19748	0.01754	0.14983	0.08991	0.01884	0.05648	0.01614	0.02159	0.01262	0.00769	0.00783	0.00239	0.00978	0.02631	0.00444	0.04445
85	0.01626	0.01508	0.02465	0.09562	0.06357	0.01471	0.19468	0.07567	0.06114	0.02534	0.02301	0.15314	0.04209	0.01055	0.00805	0.00235	0.00829	0.01015	0.00518	0.15048

[dist]
# distance from previous block
# <min> <max>
0	11

[block]
# block no. 2 follows, 26 sequences, length 8
# corresponding to MSA columns:
# 222-229
name=unknown_C
#
# <colnr> <probs for GDERKNQSTAVLIFYWHMCP>
#	G	D	E	R	K	N	Q	S	T	A	V	L	I	F	Y	W	H	M	C	P
0	0.05606	0.02037	0.02170	0.10787	0.02662	0.15320	0.06762	0.08259	0.07521	0.07452	0.10379	0.02661	0.02228	0.01030	0.00831	0.00259	0.00930	0.00796	0.00635	0.11674
1	0.09214	0.05318	0.01959	0.01490	0.01990	0.05916	0.01208	0.35031	0.07486	0.09227	0.02092	0.02256	0.03237	0.05912	0.00926	0.00260	0.00771	0.00708	0.03896	0.01104
2	0.01936	0.01648	0.02283	0.01710	0.02320	0.01572	0.13001	0.12441	0.09963	0.05542	0.01716	0.01898	0.01324	0.00745	0.00793	0.00191	0.04647	0.00642	0.00539	0.35090
3	0.08051	0.02369	0.23485	0.02464	0.07545	0.01722	0.23857	0.02222	0.01626	0.02431	0.01733	0.05452	0.01510	0.00922	0.00918	0.00263	0.05719	0.06315	0.00409	0.00990
4	0.01436	0.04316	0.12810	0.01679	0.02150	0.01295	0.13109	0.02028	0.07542	0.04419	0.16439	0.19323	0.03506	0.01336	0.00851	0.00257	0.00732	0.03326	0.00603	0.02843
5	0.01757	0.01660	0.02674	0.16189	0.31826	0.01769	0.08455	0.02620	0.16685	0.02521	0.01921	0.02444	0.01560	0.00833	0.00785	0.00247	0.00882	0.03604	0.00474	0.01093
6	0.01682	0.05023	0.02380	0.09643	0.02616	0.01532	0.12824	0.05728	0.01672	0.02423	0.01393	0.01769	0.01138	0.00889	0.03569	0.00225	0.06763	0.00599	0.00425	0.37709
7	0.08255	0.01414	0.02271	0.57192	0.12621	0.01701	0.02021	0.02011	0.01523	0.02132	0.01332	0.01935	0.01018	0.00744	0.00732	0.00248	0.00961	0.00651	0.00353	0.00884

[dist]
# distance from previous block
# <min> <max>
0	1

[block]
# block no. 3 follows, 26 sequences, length 9
# corresponding to MSA columns:
# 231-239
name=unknown_D
#
# <colnr> <probs for GDERKNQSTAVLIFYWHMCP>
#	G	D	E	R	K	N	Q	S	T	A	V	L	I	F	Y	W	H	M	C	P
0	0.01706	0.01798	0.03115	0.18968	0.13005	0.06477	0.27814	0.02195	0.01701	0.02243	0.01659	0.07831	0.01433	0.00822	0.00813	0.00242	0.01053	0.00860	0.00403	0.05863
1	0.01854	0.02120	0.05480	0.02014	0.02202	0.15729	0.05711	0.02097	0.01423	0.01892	0.01156	0.01717	0.01064	0.01457	0.06775	0.00359	0.45092	0.00649	0.00352	0.00855
2	0.01084	0.00813	0.01219	0.01219	0.01354	0.00948	0.00948	0.01354	0.01219	0.01761	0.02032	0.02980	0.01896	0.05689	0.70337	0.01219	0.02032	0.00813	0.00406	0.00677
3	0.01095	0.00904	0.01425	0.17246	0.02221	0.00942	0.05143	0.01344	0.01488	0.01968	0.03368	0.52235	0.03860	0.01898	0.00916	0.00292	0.00623	0.01739	0.00600	0.00693
4	0.01877	0.01802	0.03079	0.04656	0.68612	0.01802	0.02328	0.02328	0.01727	0.02478	0.01427	0.01877	0.01201	0.00676	0.00751	0.00225	0.00901	0.00676	0.00375	0.01201
5	0.01887	0.01629	0.01715	0.01544	0.01972	0.01887	0.01201	0.04031	0.67241	0.03173	0.03087	0.02830	0.02315	0.01029	0.00772	0.00257	0.00600	0.00858	0.00772	0.01201
6	0.01521	0.03923	0.69413	0.02162	0.03283	0.01762	0.02802	0.02402	0.01601	0.02402	0.01361	0.01601	0.00961	0.00721	0.00721	0.00240	0.01121	0.00560	0.00320	0.01121
7	0.01042	0.00780	0.00971	0.00940	0.01136	0.00708	0.00716	0.01361	0.02025	0.02763	0.50110	0.06229	0.21101	0.01671	0.00905	0.00250	0.00386	0.05414	0.00796	0.00697
8	0.00920	0.00677	0.00863	0.01013	0.01089	0.00620	0.00685	0.01061	0.01494	0.01953	0.04712	0.62910	0.14612	0.02307	0.00957	0.00300	0.00432	0.02072	0.00704	0.00620

[dist]
# distance from previous block
# <min> <max>
0	0

# created by:
# /st0/software/busco_prod/Augustus/scripts/msa2prfl.pl ./align_prep/112814.fa
