[name]
unknown

[dist]
# distance from previous block
# <min> <max>
0	48

[block]
# block no. 0 follows, 25 sequences, length 29
# corresponding to MSA columns:
# 48-76
name=unknown_A
#
# <colnr> <probs for GDERKNQSTAVLIFYWHMCP>
#	G	D	E	R	K	N	Q	S	T	A	V	L	I	F	Y	W	H	M	C	P
0	0.01249	0.00892	0.01249	0.01428	0.01606	0.00892	0.01249	0.01606	0.01785	0.02320	0.04105	0.08746	0.04462	0.02142	0.01071	0.00357	0.00714	0.62695	0.00714	0.00714
1	0.01608	0.01378	0.01608	0.01148	0.01837	0.01034	0.00919	0.01952	0.01608	0.02527	0.01378	0.01608	0.01148	0.00574	0.00574	0.00115	0.00574	0.00459	0.00459	0.77491
2	0.02947	0.02172	0.02327	0.01784	0.02404	0.02404	0.01474	0.65329	0.03646	0.04887	0.01862	0.01862	0.01319	0.00931	0.00776	0.00233	0.00853	0.00698	0.00776	0.01319
3	0.04383	0.01459	0.01697	0.12031	0.02357	0.01634	0.01260	0.09030	0.31556	0.06911	0.03289	0.09468	0.09212	0.01206	0.00807	0.00262	0.00665	0.01013	0.00706	0.01057
4	0.01824	0.02013	0.12400	0.09219	0.19301	0.01757	0.10645	0.02804	0.18115	0.05448	0.04339	0.02593	0.01820	0.00891	0.00807	0.00254	0.00902	0.03214	0.00529	0.01122
5	0.01919	0.01842	0.03147	0.04759	0.67914	0.01842	0.02380	0.02380	0.01765	0.02533	0.01458	0.01919	0.01228	0.00691	0.00768	0.00230	0.00921	0.00691	0.00384	0.01228
6	0.01411	0.01117	0.01219	0.01157	0.01467	0.01140	0.00888	0.03753	0.22863	0.04885	0.08922	0.11990	0.30045	0.01640	0.00881	0.00269	0.00504	0.04205	0.00759	0.00884
7	0.01115	0.00745	0.00961	0.01067	0.01189	0.00681	0.00752	0.01291	0.01618	0.06076	0.07857	0.52721	0.13753	0.02220	0.00967	0.00301	0.00463	0.04798	0.00741	0.00684
8	0.01385	0.01182	0.01644	0.01508	0.01578	0.01523	0.01203	0.01601	0.01266	0.01928	0.01817	0.06882	0.01788	0.06556	0.26465	0.00669	0.31753	0.00855	0.07649	0.00748
9	0.01128	0.00752	0.00846	0.00846	0.00846	0.00752	0.00470	0.01128	0.01128	0.01503	0.02443	0.05074	0.02819	0.72751	0.03946	0.00752	0.00752	0.01128	0.00470	0.00470
10	0.01032	0.00754	0.00972	0.01113	0.01205	0.00723	0.00790	0.01276	0.03938	0.02086	0.05943	0.52222	0.08877	0.05542	0.01123	0.00334	0.00500	0.10197	0.00713	0.00660
11	0.15351	0.01783	0.01873	0.01499	0.02017	0.01948	0.01217	0.40772	0.02829	0.09268	0.02029	0.06497	0.01610	0.03376	0.00835	0.00255	0.00744	0.00770	0.04188	0.01139
12	0.14113	0.01835	0.01906	0.01512	0.02038	0.02026	0.01238	0.45199	0.03002	0.04359	0.06971	0.02169	0.01776	0.00948	0.00721	0.00230	0.00734	0.00713	0.07361	0.01148
13	0.03160	0.01374	0.01764	0.01388	0.01947	0.01278	0.01135	0.07415	0.09302	0.53720	0.02967	0.02634	0.01936	0.00965	0.00767	0.00239	0.00649	0.00782	0.05302	0.01275
14	0.06415	0.00841	0.01106	0.01154	0.01299	0.00813	0.02982	0.01446	0.01526	0.06134	0.03641	0.47779	0.04117	0.07911	0.01168	0.00336	0.00540	0.05592	0.04505	0.00697
15	0.01882	0.00961	0.01236	0.01124	0.01398	0.00882	0.00839	0.03940	0.01897	0.23448	0.15707	0.22742	0.06176	0.08895	0.01181	0.00311	0.00537	0.01349	0.04617	0.00878
16	0.02237	0.01750	0.01853	0.01566	0.02043	0.01977	0.01246	0.25279	0.38188	0.03783	0.02642	0.02532	0.01963	0.00995	0.00760	0.00244	0.00673	0.00799	0.08259	0.01210
17	0.05706	0.01379	0.01699	0.01387	0.01906	0.01336	0.01132	0.07686	0.13103	0.42221	0.03166	0.03138	0.04824	0.01073	0.00786	0.00249	0.00646	0.04369	0.02987	0.01206
18	0.08359	0.00908	0.01008	0.00949	0.01235	0.00828	0.00723	0.01621	0.01846	0.10628	0.19041	0.12207	0.34440	0.01690	0.00866	0.00258	0.00444	0.01424	0.00756	0.00768
19	0.24617	0.01773	0.01790	0.01431	0.01967	0.01954	0.01176	0.36244	0.02670	0.09297	0.01793	0.01846	0.01291	0.00869	0.00668	0.00230	0.00718	0.00626	0.07915	0.01124
20	0.01274	0.00830	0.01059	0.00981	0.01185	0.00760	0.00728	0.01587	0.02063	0.08027	0.51749	0.05602	0.11044	0.08292	0.01191	0.00293	0.00427	0.01345	0.00815	0.00747
21	0.41012	0.01412	0.01390	0.01174	0.01653	0.01498	0.00955	0.08477	0.01848	0.20105	0.06079	0.04993	0.04551	0.00973	0.00649	0.00243	0.00610	0.00719	0.00673	0.00985
22	0.01008	0.00755	0.00940	0.01003	0.01154	0.00687	0.00733	0.01245	0.01793	0.02376	0.24230	0.31095	0.21258	0.02036	0.00955	0.00284	0.00431	0.06586	0.00760	0.00673
23	0.01026	0.00754	0.00971	0.01103	0.01195	0.00724	0.00766	0.01311	0.05307	0.02175	0.10284	0.57767	0.06959	0.02246	0.00972	0.00305	0.00459	0.04262	0.00736	0.00678
24	0.67803	0.01454	0.01150	0.01024	0.01481	0.01671	0.00838	0.04887	0.01446	0.03482	0.01250	0.01439	0.00968	0.00746	0.00498	0.00234	0.00588	0.00460	0.07731	0.00849
25	0.01105	0.00809	0.01124	0.01124	0.01233	0.00900	0.00826	0.01307	0.01238	0.01737	0.02415	0.03751	0.04947	0.22742	0.49981	0.01078	0.01667	0.00941	0.00442	0.00634
26	0.43679	0.01570	0.01513	0.01261	0.01783	0.01717	0.01033	0.11679	0.08011	0.18189	0.01829	0.01807	0.01293	0.00835	0.00618	0.00241	0.00650	0.00583	0.00658	0.01051
27	0.01197	0.00855	0.01190	0.01369	0.01524	0.00848	0.01159	0.01517	0.01734	0.02262	0.04134	0.19571	0.04576	0.02191	0.01057	0.00350	0.00669	0.52383	0.00715	0.00700
28	0.02989	0.02105	0.02285	0.01752	0.02371	0.02305	0.01447	0.60481	0.03533	0.09893	0.01956	0.01923	0.01366	0.00933	0.00776	0.00233	0.00838	0.00705	0.00790	0.01319

[dist]
# distance from previous block
# <min> <max>
0	1

[block]
# block no. 1 follows, 25 sequences, length 14
# corresponding to MSA columns:
# 78-91
name=unknown_B
#
# <colnr> <probs for GDERKNQSTAVLIFYWHMCP>
#	G	D	E	R	K	N	Q	S	T	A	V	L	I	F	Y	W	H	M	C	P
0	0.02201	0.06316	0.02137	0.01661	0.02170	0.01868	0.06304	0.03813	0.45899	0.14468	0.02877	0.02677	0.02104	0.00979	0.00778	0.00252	0.00691	0.00833	0.00757	0.01214
1	0.02059	0.10701	0.12938	0.02345	0.08219	0.08717	0.18508	0.02715	0.07652	0.08516	0.01796	0.02167	0.01403	0.00797	0.00765	0.00231	0.01013	0.02896	0.00479	0.06082
2	0.01347	0.00673	0.01010	0.01010	0.01010	0.00673	0.00673	0.01010	0.01010	0.01347	0.01347	0.02357	0.01347	0.02694	0.03030	0.77441	0.00673	0.00673	0.00337	0.00337
3	0.03072	0.01407	0.01797	0.01401	0.01951	0.01318	0.01148	0.14747	0.02477	0.48327	0.11209	0.02906	0.02510	0.01036	0.00796	0.00239	0.00657	0.00846	0.00912	0.01243
4	0.01942	0.11262	0.06724	0.02051	0.11130	0.01816	0.07149	0.10000	0.11263	0.07122	0.11324	0.02880	0.04728	0.04093	0.00962	0.00260	0.02787	0.00852	0.00597	0.01058
5	0.02191	0.01631	0.01829	0.01646	0.04535	0.01794	0.01254	0.20733	0.30597	0.08077	0.05119	0.06569	0.02370	0.01117	0.00795	0.00252	0.00668	0.02791	0.04867	0.01166
6	0.01801	0.01886	0.11030	0.05661	0.09047	0.01724	0.01553	0.09725	0.29243	0.03055	0.08499	0.05805	0.05405	0.01090	0.00803	0.00254	0.00728	0.00923	0.00658	0.01111
7	0.01184	0.00847	0.01170	0.01324	0.01482	0.00833	0.01110	0.01506	0.01778	0.02346	0.10665	0.18814	0.04865	0.02131	0.01042	0.00338	0.00635	0.46500	0.00729	0.00702
8	0.05607	0.17251	0.27497	0.01873	0.06712	0.01895	0.01870	0.06512	0.01798	0.08376	0.04593	0.05366	0.01633	0.01143	0.04400	0.00283	0.00958	0.00697	0.00472	0.01064
9	0.01445	0.00723	0.00723	0.00723	0.00903	0.00723	0.00542	0.01807	0.01626	0.02891	0.02529	0.02891	0.01987	0.00903	0.00542	0.00181	0.00361	0.00723	0.77055	0.00723
10	0.06873	0.05769	0.11020	0.05334	0.02418	0.01705	0.01498	0.17122	0.04492	0.32514	0.02266	0.02159	0.01518	0.00888	0.00742	0.00237	0.00793	0.00693	0.00735	0.01225
11	0.14341	0.01733	0.07423	0.24462	0.05763	0.01639	0.07001	0.06340	0.01729	0.05562	0.01455	0.01818	0.01097	0.00728	0.00696	0.00223	0.00871	0.00614	0.00449	0.16055
12	0.04187	0.04616	0.05754	0.04300	0.09338	0.08221	0.07497	0.10669	0.07176	0.02658	0.02402	0.14935	0.04684	0.04108	0.00923	0.00264	0.00838	0.00999	0.00551	0.05883
13	0.36631	0.10606	0.06460	0.01397	0.04946	0.06861	0.01155	0.02264	0.01641	0.05732	0.10602	0.02289	0.04877	0.00904	0.00623	0.00229	0.00704	0.00655	0.00523	0.00902

[dist]
# distance from previous block
# <min> <max>
0	8

[block]
# block no. 2 follows, 25 sequences, length 20
# corresponding to MSA columns:
# 100-119
name=unknown_C
#
# <colnr> <probs for GDERKNQSTAVLIFYWHMCP>
#	G	D	E	R	K	N	Q	S	T	A	V	L	I	F	Y	W	H	M	C	P
0	0.01644	0.04356	0.07341	0.01439	0.01770	0.15708	0.03902	0.02093	0.08487	0.02138	0.07667	0.11709	0.08870	0.17716	0.01532	0.00362	0.00837	0.01082	0.00550	0.00798
1	0.08919	0.01124	0.01161	0.01105	0.01271	0.04250	0.00769	0.04012	0.08578	0.02154	0.04846	0.06251	0.02557	0.36335	0.12880	0.00644	0.00933	0.00989	0.00529	0.00690
2	0.02766	0.03349	0.02142	0.01930	0.02345	0.57345	0.01460	0.06028	0.11074	0.02216	0.01496	0.01624	0.01201	0.00840	0.00715	0.00210	0.01266	0.00560	0.00470	0.00963
3	0.70839	0.01565	0.01256	0.01095	0.01588	0.01805	0.00902	0.08467	0.01548	0.03617	0.01156	0.01319	0.00887	0.00740	0.00509	0.00239	0.00625	0.00447	0.00509	0.00887
4	0.02438	0.01918	0.02040	0.01681	0.02210	0.02166	0.01350	0.34698	0.35107	0.04064	0.02509	0.02378	0.01843	0.00991	0.00782	0.00248	0.00733	0.00787	0.00782	0.01273
5	0.07799	0.01436	0.01826	0.01409	0.02004	0.01333	0.01164	0.11367	0.02344	0.56711	0.02793	0.02461	0.01781	0.00942	0.00762	0.00239	0.00680	0.00748	0.00909	0.01291
6	0.01782	0.05816	0.18978	0.01582	0.02140	0.03822	0.01547	0.11255	0.08572	0.05643	0.16833	0.05898	0.06977	0.01167	0.00887	0.00248	0.04279	0.00940	0.00624	0.01012
7	0.00977	0.00774	0.00878	0.00882	0.01092	0.00676	0.00650	0.01218	0.01865	0.02398	0.26068	0.15143	0.40824	0.01904	0.00925	0.00263	0.00392	0.01635	0.00762	0.00676
8	0.01812	0.01730	0.05419	0.04590	0.11862	0.01761	0.05567	0.06387	0.35408	0.02978	0.05703	0.05479	0.05723	0.01064	0.00810	0.00257	0.00729	0.00933	0.00661	0.01129
9	0.01145	0.00815	0.01101	0.01189	0.01308	0.00838	0.00901	0.01406	0.04329	0.01996	0.03492	0.24959	0.06765	0.06700	0.16588	0.08133	0.00916	0.16161	0.00603	0.00654
10	0.41736	0.08252	0.06230	0.01675	0.06351	0.04153	0.06271	0.06994	0.06775	0.03157	0.01386	0.01567	0.01075	0.00753	0.00603	0.00235	0.00777	0.00544	0.00487	0.00981
11	0.00954	0.00679	0.00897	0.01067	0.01110	0.00636	0.00707	0.01082	0.01466	0.01954	0.04177	0.68691	0.05006	0.06149	0.01146	0.00338	0.00466	0.02147	0.00707	0.00621
12	0.01128	0.00752	0.00846	0.00846	0.00846	0.00752	0.00470	0.01128	0.01128	0.01503	0.02443	0.05074	0.02819	0.72751	0.03946	0.00752	0.00752	0.01128	0.00470	0.00470
13	0.02480	0.11456	0.05179	0.05179	0.11789	0.21202	0.01637	0.16941	0.08646	0.05732	0.01659	0.01797	0.01278	0.00825	0.00718	0.00220	0.01001	0.00621	0.00531	0.01111
14	0.63556	0.01415	0.01200	0.01079	0.01536	0.01589	0.00885	0.02340	0.01439	0.09731	0.01569	0.04854	0.01319	0.00891	0.00562	0.00249	0.00605	0.03762	0.00549	0.00871
15	0.01827	0.04810	0.12213	0.04715	0.08630	0.07040	0.01515	0.06726	0.15247	0.05591	0.10213	0.05531	0.07710	0.03736	0.00907	0.00262	0.00786	0.00918	0.00604	0.01021
16	0.08687	0.01481	0.14796	0.01247	0.01612	0.01010	0.01158	0.01542	0.01599	0.02324	0.09078	0.27402	0.14656	0.05879	0.01046	0.00306	0.00620	0.04182	0.00612	0.00763
17	0.01757	0.08312	0.08763	0.04704	0.05515	0.06107	0.01397	0.08838	0.15957	0.02765	0.10859	0.12284	0.04978	0.01242	0.00804	0.00251	0.00741	0.03108	0.00627	0.00991
18	0.01626	0.01498	0.02479	0.41083	0.19926	0.01694	0.04641	0.05728	0.01731	0.02307	0.01718	0.08908	0.01505	0.00921	0.00800	0.00256	0.00950	0.00848	0.00418	0.00962
19	0.07304	0.16238	0.04857	0.04383	0.01970	0.10426	0.01210	0.10061	0.06821	0.02710	0.14818	0.02975	0.05454	0.06461	0.00962	0.00262	0.00778	0.00816	0.00570	0.00923

[dist]
# distance from previous block
# <min> <max>
9	17

[block]
# block no. 3 follows, 25 sequences, length 12
# corresponding to MSA columns:
# 137-148
name=unknown_D
#
# <colnr> <probs for GDERKNQSTAVLIFYWHMCP>
#	G	D	E	R	K	N	Q	S	T	A	V	L	I	F	Y	W	H	M	C	P
0	0.06045	0.06986	0.15547	0.02663	0.18433	0.01805	0.14003	0.07022	0.01876	0.06519	0.02069	0.02300	0.06655	0.00826	0.00762	0.00234	0.00937	0.00753	0.00470	0.04095
1	0.01351	0.00886	0.01132	0.01037	0.01259	0.00838	0.00779	0.01796	0.05905	0.08593	0.54117	0.05307	0.06281	0.05996	0.01087	0.00277	0.00430	0.01301	0.00835	0.00794
2	0.01055	0.00750	0.00839	0.00862	0.00929	0.00713	0.00530	0.01118	0.01323	0.01703	0.03939	0.14394	0.18174	0.47125	0.02857	0.00581	0.00629	0.01386	0.00561	0.00534
3	0.01790	0.05424	0.21690	0.01717	0.02468	0.04679	0.05376	0.04945	0.01750	0.04509	0.03189	0.01779	0.01275	0.00744	0.00793	0.00194	0.05313	0.00578	0.00440	0.31348
4	0.06912	0.01598	0.02494	0.13453	0.29979	0.01649	0.04812	0.02672	0.07171	0.14513	0.02009	0.02508	0.01576	0.00865	0.00779	0.00248	0.00851	0.04243	0.00541	0.01126
5	0.00942	0.00684	0.00890	0.01055	0.01118	0.00632	0.00709	0.01082	0.01508	0.01989	0.04574	0.66815	0.10364	0.02390	0.00984	0.00310	0.00445	0.02157	0.00720	0.00632
6	0.02178	0.02027	0.14946	0.02165	0.11768	0.01615	0.05129	0.10266	0.10738	0.16676	0.08406	0.02894	0.02238	0.00996	0.00807	0.00250	0.00818	0.04271	0.00657	0.01157
7	0.05626	0.17769	0.13131	0.02523	0.20633	0.07339	0.03896	0.02598	0.01779	0.12357	0.01681	0.04432	0.01354	0.00807	0.00700	0.00222	0.00915	0.00663	0.00470	0.01106
8	0.01541	0.01258	0.01512	0.05857	0.01893	0.01312	0.03782	0.07573	0.20627	0.04670	0.07642	0.10614	0.25629	0.01473	0.00861	0.00263	0.00589	0.01259	0.00719	0.00927
9	0.52372	0.01872	0.09990	0.01505	0.06318	0.01766	0.01264	0.05191	0.05190	0.06306	0.01386	0.01533	0.01040	0.00759	0.00576	0.00241	0.00705	0.00512	0.00506	0.00969
10	0.44493	0.01569	0.03495	0.01164	0.01619	0.05319	0.00967	0.02420	0.06792	0.08628	0.08962	0.02525	0.07384	0.00967	0.00633	0.00242	0.00627	0.00702	0.00595	0.00897
11	0.02386	0.04052	0.01771	0.01350	0.01869	0.01426	0.01095	0.12348	0.12145	0.24712	0.11447	0.03044	0.06028	0.01041	0.00766	0.00224	0.00622	0.00853	0.00784	0.12035

[dist]
# distance from previous block
# <min> <max>
0	2

[block]
# block no. 4 follows, 25 sequences, length 77
# corresponding to MSA columns:
# 151-227
name=unknown_E
#
# <colnr> <probs for GDERKNQSTAVLIFYWHMCP>
#	G	D	E	R	K	N	Q	S	T	A	V	L	I	F	Y	W	H	M	C	P
0	0.04250	0.00990	0.01354	0.01230	0.01469	0.00964	0.05157	0.01550	0.01764	0.05406	0.21509	0.23275	0.16099	0.01700	0.01017	0.00269	0.05692	0.01471	0.00696	0.04137
1	0.06100	0.00971	0.01147	0.01011	0.01353	0.00868	0.00791	0.01990	0.01982	0.20180	0.22914	0.05349	0.29310	0.01518	0.00854	0.00250	0.00468	0.01272	0.00808	0.00864
2	0.00950	0.00679	0.00904	0.01076	0.01126	0.00633	0.00720	0.01093	0.01509	0.02019	0.06493	0.69912	0.05205	0.02400	0.00987	0.00312	0.00447	0.02176	0.00724	0.00633
3	0.01645	0.01644	0.02500	0.02088	0.02194	0.02168	0.08907	0.01882	0.01268	0.01930	0.01201	0.01895	0.01140	0.01782	0.09968	0.00433	0.55426	0.00723	0.00354	0.00853
4	0.37816	0.01379	0.01362	0.01148	0.01602	0.01468	0.00927	0.08994	0.01854	0.18385	0.07314	0.02304	0.01848	0.04061	0.00773	0.00258	0.00610	0.00667	0.06266	0.00966
5	0.01034	0.00760	0.00981	0.01117	0.01211	0.00732	0.00785	0.01323	0.05310	0.02164	0.08990	0.56630	0.07059	0.02252	0.00976	0.00308	0.00471	0.06485	0.00733	0.00679
6	0.01284	0.00919	0.01133	0.01044	0.01264	0.00896	0.00792	0.06286	0.04683	0.03191	0.53571	0.07527	0.06246	0.01500	0.00877	0.00242	0.00414	0.01312	0.06029	0.00790
7	0.01050	0.00777	0.00984	0.00982	0.01155	0.00710	0.00729	0.01352	0.01994	0.02731	0.45056	0.17000	0.16362	0.01806	0.00934	0.00263	0.00399	0.04210	0.00805	0.00702
8	0.17711	0.01260	0.01270	0.01108	0.01469	0.01338	0.00871	0.15369	0.04093	0.06343	0.06576	0.05797	0.09999	0.04334	0.00834	0.00254	0.00562	0.00886	0.19029	0.00895
9	0.00981	0.00690	0.00889	0.01033	0.01070	0.00654	0.00670	0.01089	0.01414	0.01885	0.03912	0.58976	0.04672	0.16320	0.01574	0.00401	0.00509	0.01992	0.00670	0.00598
10	0.00945	0.00675	0.00900	0.01080	0.01125	0.00630	0.00720	0.01080	0.01484	0.01979	0.04274	0.72245	0.05128	0.02429	0.00990	0.00315	0.00450	0.02204	0.00720	0.00630
11	0.02330	0.01093	0.01419	0.01186	0.01587	0.00983	0.00940	0.04997	0.02162	0.35106	0.22252	0.08100	0.08486	0.01301	0.00831	0.00244	0.00536	0.01105	0.04310	0.01030
12	0.01082	0.00731	0.00932	0.01031	0.01127	0.00683	0.00710	0.01252	0.01576	0.04069	0.10461	0.46883	0.09441	0.09545	0.01265	0.00344	0.00481	0.04048	0.03687	0.00652
13	0.02162	0.01115	0.01248	0.01058	0.01410	0.01118	0.00841	0.13714	0.02121	0.17621	0.02525	0.02650	0.01852	0.00921	0.00636	0.00203	0.00516	0.00731	0.46597	0.00961
14	0.00965	0.00683	0.00894	0.01054	0.01094	0.00643	0.00692	0.01085	0.01445	0.01926	0.04070	0.64778	0.04872	0.10246	0.01318	0.00363	0.00483	0.02085	0.00692	0.00612
15	0.00970	0.00712	0.00911	0.01020	0.01121	0.00653	0.00705	0.01158	0.01659	0.02212	0.16915	0.50800	0.13903	0.02205	0.00965	0.00294	0.00426	0.01974	0.00746	0.00653
16	0.17643	0.01174	0.01191	0.01069	0.01330	0.01264	0.00771	0.08522	0.07981	0.06436	0.02213	0.03361	0.02067	0.31524	0.02043	0.00453	0.00670	0.00848	0.08655	0.00785
17	0.02825	0.02111	0.02258	0.01759	0.02358	0.02347	0.01444	0.57969	0.11205	0.04689	0.02017	0.01986	0.01445	0.00945	0.00777	0.00236	0.00824	0.00720	0.00777	0.01308
18	0.03390	0.01300	0.01771	0.01364	0.01949	0.01124	0.01124	0.03692	0.02218	0.66014	0.05462	0.02757	0.02121	0.00983	0.00785	0.00240	0.00649	0.00803	0.00956	0.01298
19	0.46392	0.01204	0.01071	0.01002	0.01357	0.01324	0.00787	0.02029	0.01512	0.05952	0.08770	0.12126	0.02320	0.01088	0.00619	0.00244	0.00527	0.00831	0.10043	0.00805
20	0.02884	0.02200	0.02287	0.01780	0.02381	0.04953	0.01460	0.59246	0.07388	0.04673	0.01914	0.01906	0.01370	0.00933	0.00774	0.00233	0.00860	0.00701	0.00762	0.01297
21	0.00933	0.00778	0.00795	0.00802	0.01036	0.00661	0.00586	0.01112	0.01708	0.02046	0.07307	0.10017	0.60218	0.07173	0.01142	0.00300	0.00421	0.01623	0.00702	0.00640
22	0.00954	0.00688	0.00888	0.01044	0.01102	0.00639	0.00695	0.01085	0.01484	0.01959	0.04425	0.63438	0.09569	0.06643	0.01163	0.00337	0.00464	0.02098	0.00705	0.00622
23	0.00940	0.00781	0.00822	0.00822	0.01064	0.00663	0.00612	0.01155	0.01808	0.02215	0.15063	0.10114	0.57398	0.01937	0.00919	0.00262	0.00392	0.01633	0.00736	0.00663
24	0.02500	0.01879	0.02016	0.01649	0.02179	0.02099	0.01328	0.35006	0.29962	0.06996	0.02479	0.02360	0.01806	0.00982	0.00775	0.00244	0.00730	0.00778	0.02969	0.01263
25	0.00985	0.00698	0.00920	0.01082	0.01132	0.00661	0.00734	0.01123	0.01471	0.01957	0.04081	0.60976	0.04852	0.09332	0.01287	0.00361	0.00499	0.06533	0.00695	0.00620
26	0.01108	0.00831	0.01246	0.01246	0.01385	0.00969	0.00969	0.01385	0.01246	0.01800	0.02077	0.03046	0.01938	0.05815	0.69678	0.01246	0.02077	0.00831	0.00415	0.00692
27	0.02896	0.03695	0.02197	0.01998	0.02397	0.69638	0.01498	0.03096	0.02197	0.01898	0.01199	0.01398	0.00999	0.00799	0.00699	0.00200	0.01398	0.00499	0.00400	0.00899
28	0.02935	0.02101	0.02272	0.01752	0.02364	0.02312	0.01444	0.59208	0.06213	0.08475	0.01985	0.01950	0.01397	0.00938	0.00776	0.00234	0.00832	0.00710	0.00787	0.01315
29	0.01074	0.00788	0.00986	0.00938	0.01118	0.00722	0.00691	0.01387	0.02052	0.02841	0.53961	0.05977	0.15625	0.07089	0.01147	0.00285	0.00399	0.01415	0.00805	0.00700
30	0.02947	0.02172	0.02327	0.01784	0.02404	0.02404	0.01474	0.65329	0.03646	0.04887	0.01862	0.01862	0.01319	0.00931	0.00776	0.00233	0.00853	0.00698	0.00776	0.01319
31	0.02896	0.03695	0.02197	0.01998	0.02397	0.69638	0.01498	0.03096	0.02197	0.01898	0.01199	0.01398	0.00999	0.00799	0.00699	0.00200	0.01398	0.00499	0.00400	0.00899
32	0.01608	0.01378	0.01608	0.01148	0.01837	0.01034	0.00919	0.01952	0.01608	0.02527	0.01378	0.01608	0.01148	0.00574	0.00574	0.00115	0.00574	0.00459	0.00459	0.77491
33	0.01108	0.00831	0.01246	0.01246	0.01385	0.00969	0.00969	0.01385	0.01246	0.01800	0.02077	0.03046	0.01938	0.05815	0.69678	0.01246	0.02077	0.00831	0.00415	0.00692
34	0.01653	0.03326	0.45838	0.02588	0.03604	0.01858	0.25073	0.02466	0.01706	0.02466	0.01455	0.01799	0.01052	0.00707	0.00800	0.00251	0.01203	0.00695	0.00351	0.01110
35	0.01929	0.01666	0.01753	0.01578	0.02016	0.01929	0.01227	0.04120	0.66513	0.03243	0.03156	0.02893	0.02367	0.01052	0.00789	0.00263	0.00614	0.00877	0.00789	0.01227
36	0.01186	0.00919	0.01344	0.01308	0.01433	0.01109	0.01028	0.01455	0.01257	0.01855	0.01983	0.02894	0.01842	0.05120	0.59422	0.01102	0.09434	0.00810	0.03789	0.00710
37	0.01194	0.00853	0.01186	0.01365	0.01519	0.00845	0.01154	0.01511	0.01731	0.02259	0.04136	0.20217	0.04583	0.02194	0.01056	0.00349	0.00666	0.51768	0.00715	0.00699
38	0.78228	0.01499	0.01140	0.01020	0.01499	0.01739	0.00840	0.02279	0.01320	0.03479	0.01080	0.01260	0.00840	0.00720	0.00480	0.00240	0.00600	0.00420	0.00480	0.00840
39	0.01586	0.01354	0.01592	0.01153	0.01818	0.01031	0.00921	0.01927	0.01592	0.02494	0.01409	0.01671	0.01183	0.00805	0.03623	0.00165	0.00641	0.00476	0.00457	0.74102
40	0.04272	0.01021	0.01059	0.00995	0.01268	0.03464	0.00755	0.05303	0.01989	0.05046	0.22395	0.10777	0.35402	0.01705	0.00882	0.00255	0.00474	0.01436	0.00746	0.00755
41	0.78228	0.01499	0.01140	0.01020	0.01499	0.01739	0.00840	0.02279	0.01320	0.03479	0.01080	0.01260	0.00840	0.00720	0.00480	0.00240	0.00600	0.00420	0.00480	0.00840
42	0.01030	0.00754	0.00969	0.01006	0.01149	0.00693	0.00729	0.01297	0.01889	0.02584	0.37196	0.29278	0.12771	0.01937	0.00946	0.00274	0.00409	0.03614	0.00788	0.00687
43	0.01110	0.00820	0.01193	0.01193	0.01313	0.00940	0.00903	0.01351	0.01230	0.01761	0.02125	0.03314	0.02055	0.14650	0.61002	0.01181	0.01902	0.00870	0.00423	0.00663
44	0.01972	0.01353	0.01540	0.01356	0.01758	0.01435	0.01060	0.03277	0.36154	0.15418	0.16888	0.03791	0.08200	0.01214	0.00823	0.00255	0.00554	0.01025	0.00829	0.01099
45	0.01567	0.00840	0.00853	0.00809	0.01025	0.00859	0.00618	0.06957	0.01790	0.03053	0.02475	0.02807	0.01933	0.00906	0.00561	0.00185	0.00401	0.00721	0.70870	0.00771
46	0.05741	0.02113	0.02180	0.01698	0.02279	0.04697	0.01394	0.56835	0.03382	0.04604	0.01848	0.01884	0.01329	0.00916	0.00747	0.00229	0.00833	0.00682	0.05358	0.01249
47	0.22367	0.01852	0.01899	0.01501	0.02064	0.02036	0.01237	0.40260	0.02818	0.10693	0.01806	0.01827	0.01283	0.00878	0.00690	0.00233	0.00748	0.00635	0.04003	0.01169
48	0.03429	0.00754	0.00875	0.00948	0.01102	0.00691	0.00672	0.01218	0.01664	0.02253	0.12714	0.36780	0.25478	0.02031	0.00914	0.00279	0.00421	0.01778	0.05339	0.00662
49	0.06422	0.02084	0.02209	0.01707	0.02304	0.02308	0.01408	0.59896	0.03458	0.04743	0.01851	0.01873	0.01322	0.00920	0.00753	0.00231	0.00822	0.00686	0.03733	0.01273
50	0.08462	0.01249	0.01609	0.01286	0.01795	0.01139	0.01046	0.03256	0.04614	0.49171	0.14769	0.03127	0.02850	0.01061	0.00783	0.00242	0.00600	0.00872	0.00898	0.01173
51	0.01582	0.00990	0.01019	0.00925	0.01195	0.01001	0.00712	0.12696	0.01994	0.03023	0.03577	0.03777	0.16263	0.03271	0.00766	0.00224	0.00465	0.00930	0.44784	0.00804
52	0.01265	0.00873	0.01066	0.01092	0.01238	0.00853	0.00763	0.05711	0.04239	0.05016	0.11041	0.40030	0.08754	0.12654	0.01390	0.00358	0.00524	0.01702	0.00713	0.00717
53	0.02838	0.01687	0.01918	0.01498	0.02049	0.01746	0.01228	0.36358	0.02900	0.24134	0.02726	0.02597	0.06419	0.01013	0.00768	0.00233	0.00719	0.00794	0.07153	0.01221
54	0.04208	0.00871	0.01048	0.00991	0.01149	0.00847	0.00687	0.01629	0.03986	0.08044	0.27441	0.09953	0.04541	0.28911	0.02054	0.00445	0.00563	0.01248	0.00689	0.00695
55	0.00976	0.00702	0.00927	0.01069	0.01144	0.00654	0.00737	0.01152	0.01600	0.02149	0.12970	0.58984	0.07274	0.02290	0.00980	0.00305	0.00446	0.04255	0.00738	0.00647
56	0.02285	0.01095	0.01446	0.01197	0.01593	0.00991	0.00953	0.05165	0.02266	0.33689	0.34723	0.04159	0.04550	0.01266	0.00846	0.00242	0.00523	0.01083	0.00900	0.01030
57	0.00960	0.00695	0.00912	0.01080	0.01147	0.00647	0.00741	0.01112	0.01521	0.02007	0.04508	0.64180	0.09343	0.02381	0.00989	0.00314	0.00461	0.05647	0.00719	0.00636
58	0.00957	0.00787	0.00841	0.00828	0.01072	0.00672	0.00621	0.01191	0.01862	0.02320	0.21123	0.07090	0.54190	0.01879	0.00916	0.00258	0.00387	0.01584	0.00750	0.00672
59	0.00958	0.00715	0.00880	0.00989	0.01097	0.00649	0.00678	0.01121	0.01597	0.02080	0.10208	0.48140	0.20601	0.05132	0.01087	0.00314	0.00441	0.01955	0.00720	0.00638
60	0.01120	0.00781	0.00992	0.00992	0.01043	0.00831	0.00653	0.01222	0.01171	0.01612	0.02309	0.04331	0.02496	0.48223	0.28033	0.00933	0.01237	0.01019	0.00450	0.00551
61	0.01492	0.00863	0.01145	0.01069	0.01298	0.00784	0.00802	0.01799	0.02055	0.14551	0.43157	0.18720	0.05908	0.01645	0.00906	0.00258	0.00435	0.01454	0.00845	0.00816
62	0.01174	0.00872	0.01060	0.01023	0.01226	0.00824	0.00759	0.06208	0.02079	0.02822	0.38248	0.19561	0.17661	0.01780	0.00920	0.00261	0.00426	0.01558	0.00795	0.00741
63	0.02923	0.03589	0.02179	0.01970	0.02378	0.66559	0.01482	0.03127	0.02198	0.04889	0.01282	0.01454	0.01040	0.00806	0.00703	0.00202	0.01365	0.00512	0.00425	0.00918
64	0.01236	0.00802	0.01044	0.01020	0.01197	0.00736	0.00745	0.01520	0.01965	0.07735	0.42267	0.21986	0.08440	0.04465	0.01038	0.00281	0.00425	0.01551	0.00809	0.00739
65	0.04373	0.01676	0.06589	0.01545	0.01909	0.07880	0.05498	0.10072	0.08200	0.02527	0.02600	0.10011	0.04836	0.11577	0.11820	0.00480	0.01031	0.05940	0.00563	0.00871
66	0.06263	0.01005	0.01271	0.01124	0.01434	0.00940	0.00863	0.02234	0.04033	0.22587	0.32853	0.11455	0.04743	0.04485	0.00984	0.00272	0.00501	0.01215	0.00831	0.00908
67	0.07627	0.01559	0.01786	0.01554	0.01993	0.01738	0.05795	0.03445	0.47564	0.03086	0.06111	0.03289	0.08878	0.01111	0.00793	0.00260	0.00631	0.00943	0.00732	0.01106
68	0.02409	0.06087	0.09519	0.03922	0.10524	0.27473	0.01681	0.12355	0.06601	0.04684	0.01740	0.01890	0.03105	0.00839	0.00726	0.00217	0.01056	0.00627	0.00498	0.04046
69	0.01137	0.00826	0.01107	0.01234	0.01396	0.00796	0.01010	0.01437	0.01783	0.02343	0.13384	0.20252	0.11331	0.02101	0.01018	0.00324	0.00583	0.36508	0.00735	0.00694
70	0.11972	0.01376	0.01790	0.01409	0.01902	0.01322	0.05350	0.09409	0.02003	0.34727	0.02352	0.02599	0.01723	0.09864	0.01272	0.04963	0.00726	0.00762	0.00728	0.03752
71	0.01767	0.03341	0.48439	0.02487	0.07096	0.01784	0.13975	0.02553	0.01722	0.07304	0.01550	0.01809	0.01100	0.00735	0.00774	0.00247	0.01127	0.00657	0.00389	0.01145
72	0.05148	0.24398	0.14786	0.04699	0.04146	0.02200	0.03547	0.10966	0.08863	0.11508	0.01761	0.01836	0.01312	0.00800	0.00677	0.00221	0.00861	0.00612	0.00531	0.01128
73	0.01033	0.00767	0.00967	0.01080	0.01196	0.00728	0.00771	0.01304	0.04406	0.02170	0.10265	0.46283	0.13422	0.04311	0.01061	0.00317	0.00477	0.08045	0.00727	0.00672
74	0.01265	0.00830	0.01057	0.00988	0.01210	0.00749	0.00745	0.01587	0.02093	0.08453	0.49625	0.09593	0.15583	0.01636	0.00908	0.00250	0.00400	0.01430	0.00835	0.00764
75	0.01552	0.01621	0.06708	0.10201	0.20493	0.03786	0.06096	0.02022	0.04448	0.02292	0.02606	0.14253	0.06945	0.04336	0.00964	0.00274	0.00824	0.03929	0.00498	0.06152
76	0.11488	0.02404	0.05897	0.01765	0.02258	0.20564	0.03652	0.17188	0.08563	0.08051	0.01814	0.04828	0.01441	0.00956	0.00852	0.00240	0.05702	0.00698	0.00581	0.01057

[dist]
# distance from previous block
# <min> <max>
2	6

[block]
# block no. 5 follows, 25 sequences, length 60
# corresponding to MSA columns:
# 234-293
name=unknown_F
#
# <colnr> <probs for GDERKNQSTAVLIFYWHMCP>
#	G	D	E	R	K	N	Q	S	T	A	V	L	I	F	Y	W	H	M	C	P
0	0.02145	0.09111	0.11397	0.01747	0.07424	0.09381	0.01452	0.04903	0.01879	0.13972	0.02059	0.04135	0.04698	0.00846	0.00692	0.00197	0.00815	0.00670	0.00536	0.21941
1	0.01490	0.00914	0.01158	0.01051	0.01321	0.00840	0.00812	0.01897	0.04807	0.13339	0.44517	0.05484	0.14576	0.01532	0.00892	0.00250	0.00436	0.03003	0.00845	0.00834
2	0.01923	0.19796	0.15940	0.01808	0.05167	0.08654	0.01666	0.07779	0.08262	0.02489	0.05276	0.02382	0.01760	0.01238	0.04994	0.00294	0.04993	0.04083	0.00478	0.01020
3	0.00970	0.00697	0.00923	0.01076	0.01145	0.00650	0.00739	0.01135	0.01567	0.02095	0.09906	0.62083	0.07011	0.02331	0.00984	0.00309	0.00452	0.04554	0.00731	0.00643
4	0.04595	0.01699	0.05911	0.25960	0.24941	0.01739	0.06665	0.02324	0.07398	0.02378	0.01625	0.02124	0.01294	0.01186	0.06614	0.00332	0.01057	0.00719	0.00411	0.01027
5	0.05729	0.22167	0.04546	0.01961	0.08336	0.32868	0.01495	0.02615	0.01861	0.02059	0.01374	0.01589	0.02825	0.00784	0.00697	0.00198	0.03176	0.00527	0.00391	0.04802
6	0.05956	0.01808	0.07272	0.05710	0.31817	0.05279	0.03519	0.02216	0.01799	0.05814	0.07302	0.02944	0.11059	0.00961	0.00777	0.00235	0.00822	0.00847	0.00498	0.03364
7	0.02172	0.12960	0.09651	0.12166	0.09392	0.02099	0.04286	0.16428	0.12796	0.07704	0.01868	0.02014	0.01393	0.00833	0.00736	0.00234	0.00879	0.00683	0.00558	0.01149
8	0.02062	0.01558	0.01623	0.01421	0.01801	0.07205	0.01117	0.18670	0.10848	0.09999	0.11927	0.11746	0.08627	0.01490	0.02711	0.00283	0.00720	0.04438	0.00751	0.01004
9	0.01847	0.02668	0.26313	0.02183	0.07959	0.07552	0.05805	0.05709	0.16743	0.02644	0.03896	0.02143	0.01574	0.00981	0.00977	0.04646	0.04085	0.00710	0.00487	0.01080
10	0.01142	0.00815	0.01080	0.01214	0.01341	0.00796	0.00963	0.01388	0.01630	0.02132	0.05982	0.21667	0.07882	0.13137	0.01487	0.00401	0.00635	0.34973	0.00682	0.00655
11	0.05989	0.03854	0.09415	0.10343	0.07289	0.07349	0.14447	0.02078	0.01650	0.02259	0.02074	0.13440	0.02020	0.01346	0.03699	0.00309	0.04913	0.06163	0.00459	0.00903
12	0.01406	0.00890	0.01115	0.01106	0.01297	0.00853	0.00796	0.01804	0.07966	0.10649	0.18609	0.32608	0.07910	0.07858	0.01174	0.00319	0.00495	0.01594	0.00766	0.00785
13	0.71730	0.01489	0.01179	0.01031	0.01528	0.01680	0.00846	0.02251	0.01344	0.03398	0.01105	0.01289	0.00866	0.00707	0.00488	0.00229	0.00598	0.00423	0.00478	0.07340
14	0.01116	0.00794	0.01058	0.01055	0.01133	0.00862	0.00735	0.01273	0.01232	0.01721	0.04967	0.04070	0.02558	0.35673	0.37320	0.00983	0.01411	0.00988	0.00458	0.00594
15	0.01111	0.00794	0.01053	0.01053	0.01133	0.00863	0.00734	0.01261	0.01207	0.01675	0.02403	0.04081	0.04169	0.35801	0.38204	0.00996	0.01434	0.00987	0.00448	0.00591
16	0.00970	0.00691	0.00916	0.01087	0.01137	0.00650	0.00736	0.01111	0.01483	0.01974	0.04172	0.65402	0.04976	0.05948	0.01143	0.00339	0.00479	0.05452	0.00707	0.00626
17	0.01004	0.00731	0.00948	0.01029	0.01144	0.00675	0.00728	0.01230	0.01762	0.02389	0.26373	0.42034	0.11101	0.02091	0.00960	0.00287	0.00424	0.03656	0.00766	0.00669
18	0.00929	0.00765	0.00817	0.00848	0.01066	0.00653	0.00619	0.01121	0.01733	0.02116	0.09679	0.19348	0.53559	0.02034	0.00930	0.00271	0.00402	0.01731	0.00726	0.00653
19	0.01570	0.01338	0.01567	0.01145	0.01797	0.01011	0.00907	0.01903	0.01601	0.02495	0.01543	0.05631	0.01375	0.00680	0.00598	0.00126	0.00567	0.00559	0.00474	0.73113
20	0.01311	0.00864	0.01254	0.01218	0.01383	0.00962	0.00935	0.01563	0.01317	0.07423	0.02196	0.03209	0.02022	0.11918	0.57438	0.01113	0.01828	0.00855	0.00467	0.00724
21	0.01620	0.01102	0.01257	0.01181	0.01490	0.01103	0.00906	0.02372	0.19571	0.12075	0.04722	0.11715	0.22900	0.07630	0.01139	0.00314	0.00557	0.06698	0.00752	0.00897
22	0.09377	0.00876	0.01016	0.00975	0.01205	0.00835	0.00733	0.01593	0.01907	0.06508	0.35368	0.14643	0.14713	0.01596	0.00851	0.00252	0.00423	0.01374	0.05004	0.00750
23	0.01214	0.00888	0.01115	0.01173	0.01322	0.00882	0.00854	0.06786	0.04884	0.02523	0.15683	0.45430	0.05024	0.02057	0.00955	0.00296	0.00498	0.06920	0.00752	0.00742
24	0.02934	0.02584	0.02292	0.01842	0.02402	0.20579	0.01480	0.48506	0.03254	0.04079	0.01682	0.01736	0.01232	0.00895	0.00755	0.00224	0.01001	0.00644	0.00674	0.01205
25	0.01061	0.00761	0.00991	0.01129	0.01213	0.00731	0.00786	0.04145	0.01626	0.02171	0.06153	0.63211	0.04980	0.02316	0.00982	0.00311	0.00481	0.05553	0.00726	0.00670
26	0.01387	0.00793	0.01002	0.01030	0.01200	0.00729	0.00736	0.01601	0.01686	0.11447	0.10134	0.39212	0.09117	0.03944	0.00969	0.00287	0.00463	0.01639	0.11877	0.00746
27	0.03457	0.01354	0.01821	0.01396	0.01996	0.01191	0.01153	0.06257	0.02277	0.65891	0.03011	0.02608	0.01895	0.00959	0.00780	0.00240	0.00668	0.00776	0.00952	0.01320
28	0.00928	0.00786	0.00802	0.00798	0.01055	0.00660	0.00598	0.01136	0.01795	0.02161	0.11768	0.07352	0.63644	0.01939	0.00916	0.00261	0.00391	0.01621	0.00729	0.00660
29	0.16648	0.00983	0.01142	0.01106	0.01364	0.00966	0.00821	0.01905	0.01681	0.15641	0.11685	0.33561	0.03863	0.03917	0.00931	0.00290	0.00520	0.01430	0.00730	0.00817
30	0.01087	0.00796	0.00995	0.01029	0.01173	0.00748	0.00733	0.03904	0.01861	0.02520	0.28059	0.35063	0.12965	0.04099	0.01033	0.00292	0.00438	0.01745	0.00764	0.00694
31	0.01007	0.00816	0.00897	0.00872	0.01114	0.00720	0.00655	0.01322	0.03996	0.02455	0.26713	0.06782	0.46279	0.01814	0.00912	0.00256	0.00391	0.01537	0.00765	0.00698
32	0.01110	0.00818	0.01182	0.01179	0.01301	0.00929	0.00891	0.01354	0.01275	0.01822	0.05206	0.03449	0.02310	0.14657	0.57564	0.01132	0.01817	0.00898	0.00443	0.00664
33	0.01114	0.00831	0.01110	0.01287	0.04028	0.00807	0.00898	0.01425	0.04534	0.02270	0.13221	0.40339	0.06829	0.04798	0.01087	0.00322	0.00524	0.13155	0.00717	0.00706
34	0.01108	0.00831	0.01246	0.01246	0.01385	0.00969	0.00969	0.01385	0.01246	0.01800	0.02077	0.03046	0.01938	0.05815	0.69678	0.01246	0.02077	0.00831	0.00415	0.00692
35	0.02049	0.26213	0.15248	0.01761	0.02440	0.05872	0.10548	0.02496	0.01835	0.11505	0.10796	0.02277	0.02033	0.00854	0.00710	0.00217	0.00899	0.00709	0.00504	0.01033
36	0.01769	0.01822	0.02431	0.02071	0.02117	0.06194	0.03596	0.01955	0.01264	0.01886	0.01045	0.01691	0.01022	0.01304	0.02390	0.00329	0.65238	0.00675	0.00344	0.00857
37	0.02969	0.01270	0.01666	0.01326	0.01852	0.01144	0.01078	0.03439	0.07933	0.52664	0.09601	0.03231	0.06053	0.01083	0.00801	0.00244	0.00613	0.00896	0.00921	0.01218
38	0.03128	0.05323	0.01952	0.01438	0.02012	0.01425	0.01200	0.10867	0.05991	0.49945	0.02873	0.02824	0.01965	0.01011	0.00781	0.00243	0.00692	0.04187	0.00880	0.01263
39	0.01205	0.00986	0.01298	0.01287	0.01440	0.04700	0.00998	0.01478	0.01298	0.01805	0.02029	0.02957	0.01887	0.05543	0.65930	0.01189	0.02040	0.00813	0.00415	0.00704
40	0.01902	0.01665	0.01905	0.05635	0.07879	0.01910	0.01377	0.03853	0.57385	0.03113	0.02912	0.02764	0.02196	0.01006	0.00786	0.00260	0.00663	0.00850	0.00730	0.01207
41	0.01680	0.01927	0.08416	0.11246	0.02963	0.02162	0.13966	0.02049	0.01396	0.02049	0.01202	0.01815	0.01047	0.01094	0.01850	0.00306	0.42855	0.00716	0.00349	0.00913
42	0.01602	0.01552	0.02729	0.49467	0.19256	0.01773	0.08330	0.02119	0.01626	0.02154	0.01415	0.02036	0.01091	0.00744	0.00787	0.00252	0.01035	0.00711	0.00358	0.00962
43	0.01663	0.01622	0.02878	0.40296	0.26310	0.01792	0.09922	0.02177	0.01657	0.02229	0.01429	0.02020	0.01117	0.00732	0.00790	0.00249	0.01029	0.00717	0.00364	0.01008
44	0.01652	0.03649	0.55470	0.02512	0.08862	0.03939	0.08234	0.02472	0.01682	0.02447	0.01407	0.01693	0.01021	0.00727	0.00754	0.00244	0.01149	0.00611	0.00340	0.01136
45	0.01834	0.02080	0.04512	0.03334	0.06886	0.01956	0.62315	0.02479	0.01827	0.02486	0.01564	0.02084	0.01179	0.00655	0.00908	0.00260	0.01290	0.00905	0.00392	0.01054
46	0.01696	0.03026	0.35830	0.02753	0.03713	0.01883	0.34780	0.02470	0.01736	0.02470	0.01482	0.01870	0.01082	0.00694	0.00828	0.00254	0.01229	0.00748	0.00361	0.01095
47	0.01638	0.01555	0.02639	0.45628	0.29241	0.01768	0.02240	0.02133	0.01633	0.02192	0.01409	0.02011	0.01108	0.00743	0.00772	0.00248	0.00991	0.00690	0.00360	0.01001
48	0.01608	0.01378	0.01608	0.01148	0.01837	0.01034	0.00919	0.01952	0.01608	0.02527	0.01378	0.01608	0.01148	0.00574	0.00574	0.00115	0.00574	0.00459	0.00459	0.77491
49	0.01929	0.01666	0.01753	0.01578	0.02016	0.01929	0.01227	0.04120	0.66513	0.03243	0.03156	0.02893	0.02367	0.01052	0.00789	0.00263	0.00614	0.00877	0.00789	0.01227
50	0.01555	0.04011	0.68733	0.02210	0.03356	0.01801	0.02865	0.02455	0.01637	0.02455	0.01391	0.01637	0.00982	0.00737	0.00737	0.00246	0.01146	0.00573	0.00327	0.01146
51	0.02029	0.67348	0.09547	0.01402	0.02106	0.02961	0.01457	0.02333	0.01581	0.01878	0.01105	0.01277	0.00994	0.00670	0.00518	0.00173	0.00856	0.00428	0.00331	0.01008
52	0.03479	0.01320	0.01799	0.01380	0.01979	0.01140	0.01140	0.03779	0.02219	0.68451	0.03059	0.02639	0.01919	0.00960	0.00780	0.00240	0.00660	0.00780	0.00960	0.01320
53	0.01608	0.01378	0.01608	0.01148	0.01837	0.01034	0.00919	0.01952	0.01608	0.02527	0.01378	0.01608	0.01148	0.00574	0.00574	0.00115	0.00574	0.00459	0.00459	0.77491
54	0.01808	0.01705	0.02859	0.04264	0.58729	0.01698	0.02187	0.02245	0.01767	0.02491	0.02032	0.02790	0.05174	0.00881	0.00801	0.00242	0.00875	0.05867	0.00430	0.01154
55	0.01658	0.17747	0.55897	0.02035	0.03085	0.02052	0.02559	0.02429	0.01625	0.02330	0.01329	0.01559	0.00985	0.00722	0.00689	0.00230	0.01083	0.00542	0.00328	0.01116
56	0.00972	0.00815	0.00849	0.00845	0.01097	0.00709	0.00631	0.01256	0.04269	0.02219	0.12574	0.10019	0.57220	0.01917	0.00915	0.00263	0.00401	0.01613	0.00734	0.00682
57	0.01263	0.00915	0.01253	0.01416	0.01598	0.00924	0.01220	0.01689	0.04640	0.02343	0.04072	0.11952	0.04406	0.02109	0.01054	0.00351	0.00695	0.56651	0.00718	0.00732
58	0.01233	0.00880	0.01230	0.01409	0.01580	0.00878	0.01220	0.01577	0.01768	0.02301	0.04115	0.12265	0.04499	0.02158	0.01066	0.00355	0.00699	0.59343	0.00714	0.00709
59	0.01111	0.00819	0.01184	0.01184	0.01302	0.00936	0.00892	0.01345	0.01228	0.01754	0.02133	0.03359	0.02074	0.16132	0.59547	0.01170	0.01873	0.00876	0.00424	0.00658

[dist]
# distance from previous block
# <min> <max>
0	0

# created by:
# /st0/software/busco_prod/Augustus/scripts/msa2prfl.pl ./align_prep/112996.fa
