[name]
unknown

[dist]
# distance from previous block
# <min> <max>
0	65

[block]
# block no. 0 follows, 25 sequences, length 25
# corresponding to MSA columns:
# 65-89
name=unknown_A
#
# <colnr> <probs for GDERKNQSTAVLIFYWHMCP>
#	G	D	E	R	K	N	Q	S	T	A	V	L	I	F	Y	W	H	M	C	P
0	0.01889	0.41120	0.20352	0.01779	0.02536	0.04753	0.08200	0.02351	0.01652	0.02088	0.01415	0.01939	0.01243	0.00785	0.00646	0.00210	0.00970	0.04690	0.00365	0.01017
1	0.02480	0.05750	0.02325	0.01726	0.02283	0.02151	0.05608	0.41212	0.12941	0.04100	0.06154	0.02299	0.01862	0.00956	0.00770	0.00234	0.00791	0.00770	0.04386	0.01203
2	0.02894	0.02054	0.02230	0.01732	0.02333	0.02256	0.01423	0.54509	0.09502	0.09900	0.02082	0.02023	0.01467	0.00945	0.00777	0.00236	0.00815	0.00722	0.00792	0.01310
3	0.00966	0.00691	0.00918	0.01065	0.01129	0.00644	0.00721	0.01132	0.01582	0.02134	0.12920	0.63158	0.05427	0.02314	0.00979	0.00305	0.00438	0.02095	0.00738	0.00644
4	0.02107	0.01611	0.02258	0.33901	0.06940	0.01865	0.01787	0.16168	0.07624	0.10775	0.01820	0.02131	0.01325	0.00887	0.00888	0.00255	0.05322	0.00717	0.00552	0.01065
5	0.01701	0.21768	0.49238	0.02029	0.03034	0.02134	0.05207	0.02422	0.01630	0.02294	0.01318	0.01556	0.00994	0.00714	0.00683	0.00226	0.01071	0.00547	0.00331	0.01103
6	0.57411	0.01467	0.01461	0.19966	0.02541	0.01735	0.01196	0.02198	0.01382	0.03073	0.01161	0.01479	0.00892	0.00735	0.00560	0.00245	0.00717	0.00493	0.00443	0.00846
7	0.01021	0.00872	0.02787	0.00973	0.01202	0.00727	0.00767	0.01295	0.01862	0.02420	0.25137	0.14631	0.34517	0.01885	0.00933	0.00270	0.00440	0.06819	0.00749	0.00694
8	0.01585	0.03801	0.61718	0.02326	0.03432	0.01818	0.09669	0.02459	0.01658	0.02459	0.01411	0.01687	0.01003	0.00728	0.00756	0.00247	0.01164	0.00610	0.00334	0.01135
9	0.02579	0.01562	0.01970	0.01556	0.02071	0.01574	0.05123	0.25436	0.04792	0.24344	0.10898	0.06836	0.05417	0.01138	0.00822	0.00245	0.00708	0.00957	0.00815	0.01158
10	0.01016	0.00734	0.00977	0.01145	0.01236	0.00695	0.00839	0.01209	0.01574	0.02069	0.04455	0.52934	0.08834	0.02331	0.01005	0.00322	0.00510	0.16746	0.00718	0.00652
11	0.49538	0.06160	0.04623	0.01199	0.01720	0.05073	0.01040	0.02526	0.01591	0.13743	0.05266	0.01769	0.01414	0.00810	0.00578	0.00234	0.00676	0.00546	0.00559	0.00938
12	0.01148	0.00843	0.01085	0.01030	0.01226	0.00802	0.00783	0.01609	0.05531	0.03077	0.60969	0.05789	0.06915	0.01585	0.00916	0.00251	0.00396	0.04447	0.00843	0.00757
13	0.16891	0.01870	0.05455	0.18516	0.28362	0.06018	0.01899	0.05304	0.01753	0.02680	0.03371	0.01892	0.01271	0.00763	0.00712	0.00238	0.00904	0.00642	0.00425	0.01033
14	0.06131	0.41893	0.29420	0.01658	0.02502	0.02494	0.01906	0.02372	0.01585	0.02166	0.01202	0.01400	0.00981	0.00695	0.00591	0.00201	0.00941	0.00477	0.00338	0.01046
15	0.02312	0.06413	0.06248	0.05887	0.10411	0.05571	0.07907	0.13842	0.15799	0.12046	0.02069	0.02142	0.01520	0.00849	0.00762	0.00235	0.00874	0.00724	0.00612	0.03779
16	0.01724	0.20678	0.45382	0.02287	0.10447	0.02115	0.02433	0.02414	0.01637	0.02310	0.01323	0.01573	0.01014	0.00713	0.00682	0.00224	0.01043	0.00548	0.00335	0.01118
17	0.02028	0.09892	0.10927	0.03614	0.40247	0.06200	0.07550	0.02509	0.01786	0.05844	0.01486	0.01833	0.01191	0.00711	0.00744	0.00226	0.00987	0.00659	0.00403	0.01162
18	0.02263	0.01717	0.02076	0.05493	0.10079	0.01787	0.01410	0.19451	0.20433	0.09771	0.02178	0.02197	0.01614	0.00864	0.00741	0.00221	0.00732	0.00710	0.00669	0.15595
19	0.06770	0.08590	0.10584	0.01949	0.10410	0.01745	0.01564	0.11995	0.05654	0.29703	0.02194	0.02123	0.01510	0.00859	0.00730	0.00233	0.00791	0.00683	0.00689	0.01225
20	0.10117	0.02319	0.23110	0.01841	0.06211	0.01614	0.01752	0.07216	0.08666	0.23278	0.02095	0.02070	0.01446	0.00841	0.00727	0.00238	0.00828	0.00664	0.00626	0.04343
21	0.16325	0.08886	0.09550	0.07442	0.11031	0.01594	0.01451	0.02339	0.03443	0.11738	0.09400	0.06479	0.02205	0.03929	0.00846	0.00260	0.00743	0.00803	0.00555	0.00982
22	0.03915	0.02714	0.29137	0.07121	0.14543	0.03773	0.04356	0.10134	0.08190	0.02813	0.01748	0.02194	0.01369	0.00849	0.00768	0.00248	0.00990	0.03543	0.00464	0.01131
23	0.01788	0.09151	0.39514	0.02759	0.17606	0.01968	0.07399	0.06320	0.01800	0.02572	0.01423	0.01716	0.01074	0.00726	0.00740	0.00236	0.01063	0.00620	0.00373	0.01154
24	0.11396	0.11665	0.31627	0.02170	0.06860	0.04272	0.09441	0.05805	0.05097	0.02662	0.01448	0.01680	0.01093	0.00741	0.00701	0.00235	0.01009	0.00601	0.00408	0.01087

[dist]
# distance from previous block
# <min> <max>
18	32

[block]
# block no. 1 follows, 25 sequences, length 11
# corresponding to MSA columns:
# 122-132
name=unknown_B
#
# <colnr> <probs for GDERKNQSTAVLIFYWHMCP>
#	G	D	E	R	K	N	Q	S	T	A	V	L	I	F	Y	W	H	M	C	P
0	0.24513	0.06969	0.22503	0.02064	0.11543	0.01764	0.04540	0.02497	0.01652	0.10174	0.03959	0.01827	0.01326	0.00774	0.00669	0.00237	0.00856	0.00603	0.00474	0.01057
1	0.09043	0.22641	0.14564	0.06348	0.11298	0.15926	0.01800	0.02462	0.01693	0.02209	0.01224	0.01510	0.01014	0.00755	0.00738	0.00217	0.04661	0.00528	0.00366	0.01003
2	0.17518	0.01498	0.01936	0.02145	0.16023	0.01599	0.05106	0.02658	0.19893	0.04338	0.04564	0.07551	0.05064	0.01110	0.00772	0.00261	0.00699	0.05635	0.00607	0.01020
3	0.05826	0.33086	0.16862	0.01829	0.06605	0.02269	0.05748	0.05997	0.01800	0.02464	0.09106	0.02000	0.01778	0.00808	0.00657	0.00210	0.00867	0.00632	0.00434	0.01025
4	0.16213	0.10368	0.05161	0.01692	0.08622	0.01720	0.01294	0.09810	0.05081	0.20555	0.06278	0.02359	0.01851	0.04710	0.00865	0.00258	0.00724	0.00706	0.00646	0.01087
5	0.03357	0.05977	0.09446	0.06104	0.13211	0.01456	0.01536	0.04098	0.07234	0.08872	0.09514	0.13044	0.02921	0.01278	0.00829	0.00262	0.00737	0.08525	0.00612	0.00987
6	0.05979	0.13282	0.37214	0.02084	0.09066	0.01807	0.02137	0.02231	0.01648	0.02422	0.04877	0.06770	0.01781	0.00954	0.00735	0.00243	0.00938	0.04382	0.00416	0.01035
7	0.37350	0.02093	0.16327	0.05895	0.02232	0.04803	0.01437	0.02469	0.05816	0.06498	0.06971	0.01961	0.01590	0.00838	0.00639	0.00242	0.00771	0.00606	0.00511	0.00954
8	0.04466	0.15839	0.45652	0.05985	0.05259	0.02026	0.02384	0.02475	0.04693	0.02394	0.01410	0.01647	0.01056	0.00739	0.00691	0.00232	0.01031	0.00564	0.00358	0.01098
9	0.09431	0.02270	0.23791	0.01973	0.08724	0.01554	0.03782	0.05593	0.05759	0.14168	0.08151	0.02619	0.02025	0.04325	0.00909	0.00270	0.00843	0.02154	0.00574	0.01083
10	0.01862	0.01934	0.06005	0.02836	0.09290	0.01902	0.35142	0.02472	0.05672	0.06167	0.01769	0.05461	0.01453	0.00910	0.01165	0.00273	0.13303	0.00892	0.00452	0.01039

[dist]
# distance from previous block
# <min> <max>
12	20

[block]
# block no. 2 follows, 25 sequences, length 69
# corresponding to MSA columns:
# 153-221
name=unknown_C
#
# <colnr> <probs for GDERKNQSTAVLIFYWHMCP>
#	G	D	E	R	K	N	Q	S	T	A	V	L	I	F	Y	W	H	M	C	P
0	0.02338	0.01966	0.13328	0.04979	0.08140	0.01552	0.13928	0.05847	0.05205	0.25200	0.07573	0.02524	0.01970	0.00889	0.00809	0.00246	0.00884	0.00814	0.00649	0.01159
1	0.07768	0.11690	0.15890	0.02300	0.10700	0.01797	0.15904	0.02476	0.01804	0.11064	0.09333	0.02308	0.01910	0.00829	0.00755	0.00235	0.00916	0.00755	0.00504	0.01064
2	0.11192	0.09235	0.22797	0.01665	0.05213	0.01591	0.01625	0.02409	0.05897	0.09905	0.15206	0.05479	0.02627	0.01011	0.00737	0.00239	0.00762	0.00821	0.00571	0.01016
3	0.05471	0.37013	0.29247	0.01692	0.02518	0.04402	0.01910	0.02483	0.04793	0.02223	0.01307	0.01485	0.01050	0.00718	0.00611	0.00207	0.00949	0.00502	0.00361	0.01056
4	0.21117	0.20651	0.27252	0.04481	0.02613	0.04850	0.04520	0.02385	0.01569	0.02514	0.01233	0.01469	0.00960	0.00714	0.00619	0.00223	0.00941	0.00510	0.00373	0.01005
5	0.01694	0.22601	0.51361	0.01973	0.02989	0.02141	0.02452	0.02420	0.01620	0.02286	0.01307	0.01531	0.00986	0.00717	0.00672	0.00224	0.01061	0.00530	0.00329	0.01105
6	0.01347	0.00673	0.01010	0.01010	0.01010	0.00673	0.00673	0.01010	0.01010	0.01347	0.01347	0.02357	0.01347	0.02694	0.03030	0.77441	0.00673	0.00673	0.00337	0.00337
7	0.01537	0.03830	0.64825	0.02165	0.03255	0.01748	0.02771	0.02406	0.01646	0.02448	0.01549	0.02049	0.01184	0.00818	0.00756	0.00252	0.01121	0.04170	0.00350	0.01121
8	0.00953	0.00751	0.00860	0.00908	0.01089	0.00658	0.00652	0.01155	0.01742	0.02211	0.15711	0.27892	0.38560	0.02055	0.00939	0.00276	0.00407	0.01782	0.00740	0.00658
9	0.02080	0.01347	0.01637	0.01217	0.01850	0.01083	0.00979	0.02488	0.04400	0.19604	0.04953	0.02120	0.01683	0.00740	0.00652	0.00159	0.00588	0.00603	0.00620	0.51197
10	0.01131	0.00823	0.01210	0.01210	0.01352	0.00952	0.00940	0.01413	0.01272	0.01874	0.02108	0.03035	0.01942	0.05481	0.64973	0.01174	0.01960	0.00823	0.05631	0.00694
11	0.02947	0.02172	0.02327	0.01784	0.02404	0.02404	0.01474	0.65329	0.03646	0.04887	0.01862	0.01862	0.01319	0.00931	0.00776	0.00233	0.00853	0.00698	0.00776	0.01319
12	0.02073	0.73217	0.04063	0.01327	0.01990	0.03068	0.01327	0.02322	0.01575	0.01824	0.01078	0.01244	0.00995	0.00663	0.00498	0.00166	0.00829	0.00415	0.00332	0.00995
13	0.01602	0.10263	0.62890	0.02130	0.03232	0.01915	0.02726	0.02443	0.01631	0.02398	0.01363	0.01601	0.00983	0.00730	0.00715	0.00238	0.01117	0.00559	0.00328	0.01132
14	0.01581	0.07483	0.65488	0.02166	0.03287	0.01864	0.02788	0.02449	0.01634	0.02424	0.01376	0.01617	0.00983	0.00733	0.00725	0.00242	0.01130	0.00565	0.00328	0.01138
15	0.01147	0.00855	0.01110	0.01240	0.01436	0.00818	0.01049	0.01452	0.01768	0.02246	0.05132	0.10868	0.21665	0.02105	0.01026	0.00329	0.00616	0.43729	0.00716	0.00695
16	0.05318	0.03887	0.65416	0.02152	0.03265	0.01798	0.02765	0.02447	0.01621	0.02506	0.01376	0.01618	0.00975	0.00736	0.00724	0.00245	0.01119	0.00565	0.00335	0.01131
17	0.02076	0.66385	0.07732	0.01405	0.02086	0.05700	0.01423	0.02361	0.01604	0.01864	0.01101	0.01273	0.00994	0.00673	0.00520	0.00172	0.00871	0.00427	0.00334	0.01000
18	0.01720	0.01402	0.01638	0.01178	0.01861	0.01082	0.00945	0.04078	0.01696	0.05024	0.01456	0.01654	0.01182	0.00600	0.00588	0.00123	0.00586	0.00479	0.00488	0.72220
19	0.01910	0.01868	0.03296	0.04604	0.61252	0.01855	0.08923	0.02390	0.01772	0.02528	0.01470	0.01937	0.01223	0.00687	0.00783	0.00234	0.00961	0.00714	0.00385	0.01209
20	0.02822	0.03337	0.02177	0.01936	0.02366	0.55652	0.01473	0.10925	0.07716	0.02381	0.01443	0.01580	0.01152	0.00836	0.00716	0.00209	0.01265	0.00555	0.00479	0.00978
21	0.01347	0.00673	0.01010	0.01010	0.01010	0.00673	0.00673	0.01010	0.01010	0.01347	0.01347	0.02357	0.01347	0.02694	0.03030	0.77441	0.00673	0.00673	0.00337	0.00337
22	0.01303	0.00969	0.01275	0.01398	0.01609	0.00990	0.01197	0.01856	0.08950	0.02441	0.06514	0.07930	0.07308	0.01993	0.01027	0.00338	0.00675	0.50732	0.00728	0.00769
23	0.01608	0.01378	0.01608	0.01148	0.01837	0.01034	0.00919	0.01952	0.01608	0.02527	0.01378	0.01608	0.01148	0.00574	0.00574	0.00115	0.00574	0.00459	0.00459	0.77491
24	0.02058	0.01504	0.01854	0.01354	0.02025	0.01267	0.03734	0.10515	0.01970	0.12210	0.01688	0.01808	0.01282	0.00679	0.00644	0.00154	0.00654	0.00555	0.00569	0.53474
25	0.01634	0.01401	0.01620	0.01183	0.01852	0.01106	0.00944	0.02128	0.06876	0.02585	0.01522	0.01712	0.01247	0.00613	0.00592	0.00127	0.00577	0.00493	0.00486	0.71300
26	0.02244	0.04690	0.12491	0.01642	0.02258	0.01467	0.06666	0.04673	0.11596	0.24002	0.04536	0.09701	0.02161	0.01042	0.00783	0.00240	0.00757	0.00898	0.00688	0.07464
27	0.01555	0.04011	0.68733	0.02210	0.03356	0.01801	0.02865	0.02455	0.01637	0.02455	0.01391	0.01637	0.00982	0.00737	0.00737	0.00246	0.01146	0.00573	0.00327	0.01146
28	0.00929	0.00786	0.00803	0.00798	0.01055	0.00660	0.00599	0.01137	0.01796	0.02164	0.11914	0.07348	0.63497	0.01938	0.00916	0.00261	0.00391	0.01620	0.00729	0.00660
29	0.01919	0.01842	0.03147	0.04759	0.67914	0.01842	0.02380	0.02380	0.01765	0.02533	0.01458	0.01919	0.01228	0.00691	0.00768	0.00230	0.00921	0.00691	0.00384	0.01228
30	0.01474	0.01392	0.02328	0.67978	0.05201	0.01750	0.02134	0.01976	0.01535	0.01976	0.01363	0.02052	0.01033	0.00800	0.00850	0.00262	0.04004	0.00689	0.00344	0.00861
31	0.00945	0.00675	0.00900	0.01080	0.01125	0.00630	0.00720	0.01080	0.01484	0.01979	0.04274	0.72245	0.05128	0.02429	0.00990	0.00315	0.00450	0.02204	0.00720	0.00630
32	0.01108	0.00831	0.01246	0.01246	0.01385	0.00969	0.00969	0.01385	0.01246	0.01800	0.02077	0.03046	0.01938	0.05815	0.69678	0.01246	0.02077	0.00831	0.00415	0.00692
33	0.01574	0.06487	0.66419	0.02178	0.03307	0.01846	0.02810	0.02451	0.01635	0.02433	0.01380	0.01623	0.00983	0.00734	0.00728	0.00243	0.01135	0.00567	0.00328	0.01140
34	0.00950	0.00706	0.00886	0.01011	0.01111	0.00642	0.00693	0.01114	0.01595	0.02085	0.09582	0.53942	0.18313	0.02271	0.00969	0.00299	0.00432	0.02028	0.00729	0.00642
35	0.00945	0.00675	0.00900	0.01080	0.01125	0.00630	0.00720	0.01080	0.01484	0.01979	0.04274	0.72245	0.05128	0.02429	0.00990	0.00315	0.00450	0.02204	0.00720	0.00630
36	0.03409	0.01431	0.01868	0.01432	0.02035	0.01305	0.01183	0.11827	0.02406	0.60140	0.02902	0.02537	0.01841	0.00956	0.00779	0.00239	0.00685	0.00769	0.00936	0.01319
37	0.01919	0.01842	0.03147	0.04759	0.67914	0.01842	0.02380	0.02380	0.01765	0.02533	0.01458	0.01919	0.01228	0.00691	0.00768	0.00230	0.00921	0.00691	0.00384	0.01228
38	0.78228	0.01499	0.01140	0.01020	0.01499	0.01739	0.00840	0.02279	0.01320	0.03479	0.01080	0.01260	0.00840	0.00720	0.00480	0.00240	0.00600	0.00420	0.00480	0.00840
39	0.01611	0.11533	0.61704	0.02114	0.03207	0.01938	0.02698	0.02441	0.01630	0.02387	0.01357	0.01594	0.00984	0.00729	0.00711	0.00237	0.01111	0.00556	0.00328	0.01129
40	0.06625	0.01393	0.08199	0.01770	0.07781	0.01205	0.01462	0.01999	0.07111	0.02501	0.03435	0.06379	0.05510	0.01677	0.00941	0.00315	0.00749	0.39460	0.00636	0.00853
41	0.00945	0.00675	0.00900	0.01080	0.01125	0.00630	0.00720	0.01080	0.01484	0.01979	0.04274	0.72245	0.05128	0.02429	0.00990	0.00315	0.00450	0.02204	0.00720	0.00630
42	0.01605	0.07237	0.59860	0.02261	0.03351	0.01877	0.08317	0.02451	0.01651	0.02427	0.01392	0.01658	0.01000	0.00726	0.00741	0.00243	0.01145	0.00596	0.00333	0.01130
43	0.00969	0.00692	0.00928	0.01107	0.01163	0.00651	0.00762	0.01122	0.01508	0.02006	0.04260	0.67185	0.05075	0.02406	0.00996	0.00318	0.00471	0.07024	0.00719	0.00636
44	0.02634	0.03339	0.05189	0.02491	0.12286	0.52860	0.05368	0.02928	0.02089	0.02049	0.01267	0.01526	0.01043	0.00772	0.00723	0.00210	0.01312	0.00555	0.00394	0.00966
45	0.01206	0.00724	0.00905	0.00905	0.00905	0.00724	0.00543	0.01086	0.01086	0.01447	0.02051	0.04102	0.02292	0.47678	0.03619	0.28198	0.00724	0.00965	0.00422	0.00422
46	0.01127	0.01181	0.09201	0.01098	0.01409	0.00850	0.00970	0.01534	0.02067	0.02888	0.51123	0.05523	0.15011	0.01535	0.00893	0.00247	0.00464	0.01335	0.00771	0.00771
47	0.01608	0.01378	0.01608	0.01148	0.01837	0.01034	0.00919	0.01952	0.01608	0.02527	0.01378	0.01608	0.01148	0.00574	0.00574	0.00115	0.00574	0.00459	0.00459	0.77491
48	0.00945	0.00675	0.00900	0.01080	0.01125	0.00630	0.00720	0.01080	0.01484	0.01979	0.04274	0.72245	0.05128	0.02429	0.00990	0.00315	0.00450	0.02204	0.00720	0.00630
49	0.01608	0.01378	0.01608	0.01148	0.01837	0.01034	0.00919	0.01952	0.01608	0.02527	0.01378	0.01608	0.01148	0.00574	0.00574	0.00115	0.00574	0.00459	0.00459	0.77491
50	0.01464	0.01378	0.02326	0.70887	0.05340	0.01723	0.02153	0.01981	0.01550	0.01981	0.01378	0.02067	0.01034	0.00775	0.00775	0.00258	0.01034	0.00689	0.00345	0.00861
51	0.01464	0.01378	0.02326	0.70887	0.05340	0.01723	0.02153	0.01981	0.01550	0.01981	0.01378	0.02067	0.01034	0.00775	0.00775	0.00258	0.01034	0.00689	0.00345	0.00861
52	0.01741	0.01457	0.01679	0.01212	0.01894	0.01170	0.00974	0.08243	0.01810	0.02761	0.01426	0.01633	0.01165	0.00610	0.00594	0.00127	0.00602	0.00483	0.00491	0.69930
53	0.01563	0.01330	0.01560	0.01144	0.01789	0.01006	0.00905	0.01893	0.01599	0.02489	0.01575	0.06415	0.01419	0.00700	0.00602	0.00128	0.00566	0.00578	0.00477	0.72260
54	0.01929	0.01666	0.01753	0.01578	0.02016	0.01929	0.01227	0.04120	0.66513	0.03243	0.03156	0.02893	0.02367	0.01052	0.00789	0.00263	0.00614	0.00877	0.00789	0.01227
55	0.01608	0.01378	0.01608	0.01148	0.01837	0.01034	0.00919	0.01952	0.01608	0.02527	0.01378	0.01608	0.01148	0.00574	0.00574	0.00115	0.00574	0.00459	0.00459	0.77491
56	0.01620	0.05968	0.42401	0.02028	0.03001	0.01680	0.09195	0.02329	0.01649	0.02450	0.01395	0.01664	0.01045	0.00684	0.00706	0.00212	0.01009	0.00576	0.00367	0.20018
57	0.01426	0.01327	0.02225	0.53960	0.04491	0.01629	0.04253	0.01885	0.01506	0.01974	0.01581	0.05461	0.01331	0.01435	0.08491	0.00374	0.04659	0.00784	0.00372	0.00838
58	0.02002	0.01696	0.01796	0.01576	0.02042	0.01928	0.01234	0.09338	0.58038	0.03353	0.02961	0.02744	0.02219	0.01019	0.00778	0.00253	0.00633	0.00842	0.00773	0.04775
59	0.01613	0.01382	0.01715	0.01266	0.01903	0.01094	0.03944	0.04241	0.01683	0.02566	0.01646	0.07512	0.01487	0.00745	0.00632	0.00143	0.00609	0.00635	0.00490	0.64694
60	0.02904	0.02150	0.02303	0.01775	0.02388	0.02384	0.01463	0.62743	0.06301	0.04817	0.01916	0.01905	0.01363	0.00936	0.00776	0.00234	0.00843	0.00706	0.00776	0.01315
61	0.01608	0.01378	0.01608	0.01148	0.01837	0.01034	0.00919	0.01952	0.01608	0.02527	0.01378	0.01608	0.01148	0.00574	0.00574	0.00115	0.00574	0.00459	0.00459	0.77491
62	0.01555	0.04011	0.68733	0.02210	0.03356	0.01801	0.02865	0.02455	0.01637	0.02455	0.01391	0.01637	0.00982	0.00737	0.00737	0.00246	0.01146	0.00573	0.00327	0.01146
63	0.05910	0.01385	0.02257	0.66841	0.05118	0.01724	0.02077	0.01998	0.01537	0.02068	0.01361	0.02020	0.01022	0.00772	0.00758	0.00257	0.01008	0.00673	0.00352	0.00860
64	0.02063	0.64272	0.09599	0.01432	0.02126	0.05770	0.01467	0.02366	0.01607	0.01882	0.01110	0.01284	0.00994	0.00675	0.00527	0.00174	0.00881	0.00432	0.00334	0.01004
65	0.21493	0.32289	0.17348	0.03833	0.02280	0.02272	0.01557	0.02428	0.01567	0.06926	0.01293	0.01458	0.01017	0.00718	0.00574	0.00211	0.00836	0.00485	0.00412	0.01006
66	0.06909	0.10991	0.54505	0.02001	0.03028	0.01902	0.02492	0.02486	0.01634	0.05258	0.01408	0.01613	0.01014	0.00737	0.00696	0.00237	0.01055	0.00555	0.00365	0.01117
67	0.01896	0.42525	0.30142	0.01710	0.02558	0.05147	0.01955	0.02406	0.01625	0.02082	0.01209	0.01409	0.00990	0.00698	0.00602	0.00199	0.00979	0.00482	0.00333	0.01052
68	0.02117	0.07514	0.37749	0.01951	0.02843	0.02037	0.02175	0.21467	0.06020	0.06298	0.01694	0.01800	0.01208	0.00819	0.00738	0.00237	0.00985	0.00628	0.00519	0.01201

[dist]
# distance from previous block
# <min> <max>
2	5

[block]
# block no. 3 follows, 25 sequences, length 19
# corresponding to MSA columns:
# 227-245
name=unknown_D
#
# <colnr> <probs for GDERKNQSTAVLIFYWHMCP>
#	G	D	E	R	K	N	Q	S	T	A	V	L	I	F	Y	W	H	M	C	P
0	0.01682	0.06134	0.47102	0.02695	0.17471	0.01869	0.02585	0.02547	0.06082	0.02501	0.01514	0.01769	0.01131	0.00745	0.00738	0.00240	0.01047	0.00613	0.00371	0.01164
1	0.01556	0.01880	0.12054	0.47604	0.08268	0.01775	0.11595	0.02144	0.01616	0.02152	0.01413	0.02002	0.01058	0.00747	0.00790	0.00256	0.01084	0.00706	0.00351	0.00949
2	0.01544	0.09351	0.42561	0.02208	0.08181	0.01729	0.05796	0.02207	0.01627	0.02327	0.01865	0.13561	0.01714	0.01007	0.00770	0.00250	0.00991	0.00863	0.00402	0.01046
3	0.01632	0.11707	0.57049	0.02182	0.03249	0.01955	0.06930	0.02442	0.01643	0.02386	0.01368	0.01623	0.00997	0.00723	0.00722	0.00238	0.01121	0.00578	0.00332	0.01122
4	0.02046	0.02043	0.07370	0.36385	0.09535	0.11239	0.01975	0.10855	0.01993	0.06972	0.01541	0.01940	0.01140	0.00802	0.00761	0.00242	0.01033	0.00661	0.00454	0.01012
5	0.01711	0.11424	0.34773	0.02571	0.08214	0.01967	0.21042	0.02409	0.01715	0.02416	0.03603	0.01884	0.01270	0.00728	0.00769	0.00240	0.01113	0.00692	0.00369	0.01091
6	0.01606	0.01541	0.02198	0.43608	0.03964	0.05814	0.01866	0.02003	0.01503	0.02022	0.01372	0.02002	0.01107	0.00934	0.01199	0.00269	0.18769	0.00678	0.06697	0.00849
7	0.01942	0.01931	0.02983	0.11946	0.55956	0.06961	0.02288	0.02389	0.01774	0.02423	0.01430	0.01896	0.01189	0.00708	0.00763	0.00231	0.00970	0.00676	0.00381	0.01162
8	0.02170	0.04670	0.01806	0.01290	0.01909	0.01348	0.01052	0.09571	0.06889	0.17056	0.02269	0.02258	0.05028	0.00813	0.00673	0.00177	0.00629	0.00649	0.00636	0.39106
9	0.01411	0.01175	0.01392	0.01108	0.01618	0.00916	0.00852	0.01704	0.01614	0.02412	0.05006	0.16987	0.05747	0.01080	0.00694	0.00170	0.00530	0.00928	0.00544	0.54113
10	0.02271	0.01836	0.01946	0.01647	0.02147	0.02088	0.01310	0.24680	0.45396	0.03795	0.02721	0.02546	0.02015	0.01011	0.00784	0.00253	0.00694	0.00817	0.00784	0.01258
11	0.01608	0.01378	0.01608	0.01148	0.01837	0.01034	0.00919	0.01952	0.01608	0.02527	0.01378	0.01608	0.01148	0.00574	0.00574	0.00115	0.00574	0.00459	0.00459	0.77491
12	0.01929	0.01666	0.01753	0.01578	0.02016	0.01929	0.01227	0.04120	0.66513	0.03243	0.03156	0.02893	0.02367	0.01052	0.00789	0.00263	0.00614	0.00877	0.00789	0.01227
13	0.01555	0.04011	0.68733	0.02210	0.03356	0.01801	0.02865	0.02455	0.01637	0.02455	0.01391	0.01637	0.00982	0.00737	0.00737	0.00246	0.01146	0.00573	0.00327	0.01146
14	0.01128	0.00752	0.00846	0.00846	0.00846	0.00752	0.00470	0.01128	0.01128	0.01503	0.02443	0.05074	0.02819	0.72751	0.03946	0.00752	0.00752	0.01128	0.00470	0.00470
15	0.02073	0.73217	0.04063	0.01327	0.01990	0.03068	0.01327	0.02322	0.01575	0.01824	0.01078	0.01244	0.00995	0.00663	0.00498	0.00166	0.00829	0.00415	0.00332	0.00995
16	0.01128	0.00752	0.00846	0.00846	0.00846	0.00752	0.00470	0.01128	0.01128	0.01503	0.02443	0.05074	0.02819	0.72751	0.03946	0.00752	0.00752	0.01128	0.00470	0.00470
17	0.02159	0.66122	0.03881	0.01384	0.02032	0.06630	0.01343	0.05328	0.01706	0.01972	0.01121	0.01281	0.01010	0.00683	0.00521	0.00171	0.00861	0.00433	0.00356	0.01005
18	0.01650	0.16744	0.56835	0.02047	0.03105	0.02034	0.02582	0.02431	0.01626	0.02339	0.01334	0.01565	0.00985	0.00723	0.00693	0.00231	0.01088	0.00544	0.00328	0.01118

[dist]
# distance from previous block
# <min> <max>
1	5

[block]
# block no. 4 follows, 25 sequences, length 17
# corresponding to MSA columns:
# 251-267
name=unknown_E
#
# <colnr> <probs for GDERKNQSTAVLIFYWHMCP>
#	G	D	E	R	K	N	Q	S	T	A	V	L	I	F	Y	W	H	M	C	P
0	0.02717	0.01639	0.01977	0.01610	0.02111	0.03855	0.03360	0.17213	0.12756	0.29498	0.02699	0.05323	0.02028	0.01099	0.00899	0.00256	0.04382	0.04584	0.00798	0.01195
1	0.02040	0.01641	0.01757	0.01564	0.02014	0.01872	0.01221	0.04096	0.61909	0.07913	0.03149	0.02875	0.02335	0.01045	0.00788	0.00261	0.00617	0.00870	0.00801	0.01234
2	0.01608	0.01378	0.01608	0.01148	0.01837	0.01034	0.00919	0.01952	0.01608	0.02527	0.01378	0.01608	0.01148	0.00574	0.00574	0.00115	0.00574	0.00459	0.00459	0.77491
3	0.01893	0.01815	0.03099	0.08605	0.64274	0.01835	0.02366	0.02356	0.01753	0.02501	0.01454	0.01928	0.01217	0.00696	0.00768	0.00232	0.00928	0.00691	0.00382	0.01207
4	0.02902	0.03541	0.02210	0.01976	0.02398	0.62835	0.01496	0.09393	0.02344	0.02200	0.01266	0.01445	0.01031	0.00812	0.00707	0.00203	0.01343	0.00519	0.00438	0.00941
5	0.03010	0.01582	0.01908	0.01499	0.02080	0.01569	0.01224	0.18269	0.13566	0.39553	0.02724	0.02457	0.01823	0.00953	0.00772	0.00237	0.00694	0.00764	0.00866	0.04450
6	0.01125	0.00762	0.00900	0.00900	0.00918	0.00781	0.00537	0.01162	0.01144	0.01543	0.02394	0.04800	0.02700	0.63717	0.12817	0.00818	0.00931	0.01087	0.00462	0.00500
7	0.00960	0.00758	0.00870	0.00933	0.01116	0.00668	0.00683	0.01160	0.01710	0.02146	0.10804	0.27795	0.39504	0.02094	0.00949	0.00283	0.00430	0.05751	0.00729	0.00656
8	0.02724	0.03097	0.02117	0.01866	0.02295	0.48445	0.01427	0.14147	0.07241	0.02603	0.05494	0.01859	0.01542	0.00889	0.00733	0.00213	0.01180	0.00618	0.00523	0.00988
9	0.01464	0.01378	0.02326	0.70887	0.05340	0.01723	0.02153	0.01981	0.01550	0.01981	0.01378	0.02067	0.01034	0.00775	0.00775	0.00258	0.01034	0.00689	0.00345	0.00861
10	0.01464	0.01378	0.02326	0.70887	0.05340	0.01723	0.02153	0.01981	0.01550	0.01981	0.01378	0.02067	0.01034	0.00775	0.00775	0.00258	0.01034	0.00689	0.00345	0.00861
11	0.01464	0.01378	0.02326	0.70887	0.05340	0.01723	0.02153	0.01981	0.01550	0.01981	0.01378	0.02067	0.01034	0.00775	0.00775	0.00258	0.01034	0.00689	0.00345	0.00861
12	0.01850	0.01588	0.01692	0.01524	0.01951	0.01800	0.01179	0.03816	0.59046	0.03126	0.03135	0.07220	0.02479	0.01115	0.00791	0.00259	0.00601	0.00939	0.00768	0.05123
13	0.01608	0.01378	0.01608	0.01148	0.01837	0.01034	0.00919	0.01952	0.01608	0.02527	0.01378	0.01608	0.01148	0.00574	0.00574	0.00115	0.00574	0.00459	0.00459	0.77491
14	0.78228	0.01499	0.01140	0.01020	0.01499	0.01739	0.00840	0.02279	0.01320	0.03479	0.01080	0.01260	0.00840	0.00720	0.00480	0.00240	0.00600	0.00420	0.00480	0.00840
15	0.02806	0.02065	0.02237	0.01754	0.02338	0.02279	0.01455	0.60019	0.03491	0.04673	0.02048	0.02435	0.01581	0.01032	0.00800	0.00243	0.00842	0.05864	0.00771	0.01268
16	0.02863	0.02130	0.02279	0.01767	0.02372	0.02365	0.01453	0.60229	0.08884	0.04750	0.01969	0.01947	0.01406	0.00941	0.00777	0.00235	0.00833	0.00713	0.00777	0.01311

[dist]
# distance from previous block
# <min> <max>
0	4

[block]
# block no. 5 follows, 25 sequences, length 41
# corresponding to MSA columns:
# 272-312
name=unknown_F
#
# <colnr> <probs for GDERKNQSTAVLIFYWHMCP>
#	G	D	E	R	K	N	Q	S	T	A	V	L	I	F	Y	W	H	M	C	P
0	0.18803	0.01356	0.01664	0.01306	0.01881	0.01263	0.01078	0.03471	0.02035	0.55131	0.02653	0.02356	0.01698	0.00910	0.00718	0.00240	0.00647	0.00706	0.00861	0.01221
1	0.01464	0.01378	0.02326	0.70887	0.05340	0.01723	0.02153	0.01981	0.01550	0.01981	0.01378	0.02067	0.01034	0.00775	0.00775	0.00258	0.01034	0.00689	0.00345	0.00861
2	0.02866	0.02124	0.02283	0.01746	0.02370	0.02322	0.01440	0.61495	0.03522	0.04744	0.01832	0.01846	0.01308	0.00909	0.00763	0.00226	0.00836	0.00684	0.00757	0.05926
3	0.02689	0.01976	0.02131	0.01701	0.02268	0.02192	0.01383	0.44129	0.21510	0.08262	0.02304	0.02203	0.01654	0.00967	0.00780	0.00242	0.00773	0.00754	0.00791	0.01293
4	0.01090	0.00792	0.01026	0.00968	0.01154	0.00728	0.00726	0.01449	0.02177	0.03068	0.65073	0.05860	0.09773	0.01601	0.00915	0.00245	0.00367	0.01412	0.00848	0.00728
5	0.01811	0.01732	0.02951	0.20534	0.52987	0.01814	0.02326	0.02285	0.01714	0.02401	0.01439	0.01954	0.01182	0.00711	0.00769	0.00237	0.00948	0.00690	0.00374	0.01141
6	0.01464	0.01378	0.02326	0.70887	0.05340	0.01723	0.02153	0.01981	0.01550	0.01981	0.01378	0.02067	0.01034	0.00775	0.00775	0.00258	0.01034	0.00689	0.00345	0.00861
7	0.01583	0.03837	0.63780	0.02163	0.03257	0.01810	0.02744	0.02579	0.06435	0.02514	0.01522	0.01730	0.01085	0.00760	0.00741	0.00247	0.01107	0.00595	0.00362	0.01152
8	0.03479	0.01320	0.01799	0.01380	0.01979	0.01140	0.01140	0.03779	0.02219	0.68451	0.03059	0.02639	0.01919	0.00960	0.00780	0.00240	0.00660	0.00780	0.00960	0.01320
9	0.01491	0.01431	0.02492	0.65887	0.05245	0.01740	0.06808	0.02018	0.01571	0.02018	0.01392	0.02069	0.01044	0.00766	0.00786	0.00259	0.01054	0.00706	0.00348	0.00875
10	0.00971	0.00693	0.00930	0.01110	0.01166	0.00652	0.00765	0.01125	0.01510	0.02009	0.04259	0.66797	0.05071	0.02405	0.00997	0.00319	0.00473	0.07394	0.00719	0.00637
11	0.02073	0.73217	0.04063	0.01327	0.01990	0.03068	0.01327	0.02322	0.01575	0.01824	0.01078	0.01244	0.00995	0.00663	0.00498	0.00166	0.00829	0.00415	0.00332	0.00995
12	0.01919	0.01842	0.03147	0.04759	0.67914	0.01842	0.02380	0.02380	0.01765	0.02533	0.01458	0.01919	0.01228	0.00691	0.00768	0.00230	0.00921	0.00691	0.00384	0.01228
13	0.01097	0.00793	0.01036	0.00975	0.01158	0.00732	0.00732	0.01463	0.02195	0.03109	0.67505	0.05792	0.07316	0.01585	0.00914	0.00244	0.00366	0.01402	0.00854	0.00732
14	0.00945	0.00675	0.00900	0.01080	0.01125	0.00630	0.00720	0.01080	0.01484	0.01979	0.04274	0.72245	0.05128	0.02429	0.00990	0.00315	0.00450	0.02204	0.00720	0.00630
15	0.02947	0.02172	0.02327	0.01784	0.02404	0.02404	0.01474	0.65329	0.03646	0.04887	0.01862	0.01862	0.01319	0.00931	0.00776	0.00233	0.00853	0.00698	0.00776	0.01319
16	0.02073	0.73217	0.04063	0.01327	0.01990	0.03068	0.01327	0.02322	0.01575	0.01824	0.01078	0.01244	0.00995	0.00663	0.00498	0.00166	0.00829	0.00415	0.00332	0.00995
17	0.01221	0.00883	0.01210	0.01373	0.01558	0.00872	0.01193	0.01564	0.01783	0.02301	0.04427	0.08636	0.09879	0.02127	0.01058	0.00349	0.00686	0.57456	0.00714	0.00709
18	0.01913	0.01860	0.03250	0.04651	0.63294	0.01851	0.06917	0.02387	0.01770	0.02530	0.01466	0.01931	0.01224	0.00688	0.00778	0.00233	0.00949	0.00707	0.00384	0.01215
19	0.01464	0.01378	0.02326	0.70887	0.05340	0.01723	0.02153	0.01981	0.01550	0.01981	0.01378	0.02067	0.01034	0.00775	0.00775	0.00258	0.01034	0.00689	0.00345	0.00861
20	0.01696	0.01696	0.02375	0.02036	0.02036	0.02375	0.01696	0.01866	0.01187	0.01866	0.01018	0.01696	0.01018	0.01357	0.02545	0.00339	0.71332	0.00679	0.00339	0.00848
21	0.01491	0.01431	0.02492	0.65887	0.05245	0.01740	0.06808	0.02018	0.01571	0.02018	0.01392	0.02069	0.01044	0.00766	0.00786	0.00259	0.01054	0.00706	0.00348	0.00875
22	0.01919	0.01842	0.03147	0.04759	0.67914	0.01842	0.02380	0.02380	0.01765	0.02533	0.01458	0.01919	0.01228	0.00691	0.00768	0.00230	0.00921	0.00691	0.00384	0.01228
23	0.00938	0.00784	0.00822	0.00846	0.01086	0.00667	0.00638	0.01140	0.01747	0.02100	0.07366	0.12329	0.59218	0.02009	0.00931	0.00271	0.00416	0.05317	0.00720	0.00656
24	0.01600	0.09949	0.63185	0.02134	0.03239	0.01909	0.02733	0.02444	0.01632	0.02401	0.01365	0.01603	0.00983	0.00730	0.00716	0.00239	0.01119	0.00559	0.00328	0.01133
25	0.01555	0.04011	0.68733	0.02210	0.03356	0.01801	0.02865	0.02455	0.01637	0.02455	0.01391	0.01637	0.00982	0.00737	0.00737	0.00246	0.01146	0.00573	0.00327	0.01146
26	0.01763	0.01892	0.03466	0.02647	0.03035	0.02170	0.33126	0.02172	0.01506	0.02172	0.01291	0.01892	0.01096	0.01008	0.01737	0.00301	0.36619	0.00796	0.00365	0.00946
27	0.00919	0.00776	0.00795	0.00811	0.01054	0.00652	0.00600	0.01110	0.01743	0.02085	0.07547	0.13020	0.62239	0.02004	0.00923	0.00266	0.00398	0.01685	0.00720	0.00652
28	0.01082	0.00802	0.01130	0.07286	0.01638	0.00804	0.01004	0.01317	0.01581	0.02082	0.03970	0.46998	0.04570	0.02198	0.00995	0.00323	0.00580	0.20280	0.00685	0.00675
29	0.01464	0.01378	0.02326	0.70887	0.05340	0.01723	0.02153	0.01981	0.01550	0.01981	0.01378	0.02067	0.01034	0.00775	0.00775	0.00258	0.01034	0.00689	0.00345	0.00861
30	0.02065	0.01733	0.01830	0.01605	0.02068	0.01992	0.01260	0.12291	0.58120	0.03463	0.02983	0.02755	0.02227	0.01036	0.00787	0.00259	0.00646	0.00853	0.00787	0.01239
31	0.74637	0.01532	0.01196	0.01056	0.01543	0.01771	0.00870	0.05287	0.01430	0.03546	0.01117	0.01288	0.00863	0.00730	0.00494	0.00240	0.00612	0.00433	0.00494	0.00863
32	0.01464	0.01378	0.02326	0.70887	0.05340	0.01723	0.02153	0.01981	0.01550	0.01981	0.01378	0.02067	0.01034	0.00775	0.00775	0.00258	0.01034	0.00689	0.00345	0.00861
33	0.02073	0.73217	0.04063	0.01327	0.01990	0.03068	0.01327	0.02322	0.01575	0.01824	0.01078	0.01244	0.00995	0.00663	0.00498	0.00166	0.00829	0.00415	0.00332	0.00995
34	0.00954	0.00679	0.00897	0.01067	0.01110	0.00636	0.00706	0.01082	0.01465	0.01954	0.04176	0.68658	0.05005	0.06184	0.01148	0.00338	0.00466	0.02147	0.00706	0.00621
35	0.01128	0.00752	0.00846	0.00846	0.00846	0.00752	0.00470	0.01128	0.01128	0.01503	0.02443	0.05074	0.02819	0.72751	0.03946	0.00752	0.00752	0.01128	0.00470	0.00470
36	0.01876	0.01799	0.03070	0.10990	0.62018	0.01831	0.02358	0.02342	0.01745	0.02481	0.01451	0.01933	0.01210	0.00699	0.00768	0.00233	0.00932	0.00691	0.00380	0.01194
37	0.02723	0.02118	0.02169	0.01724	0.02287	0.05857	0.01401	0.49620	0.13929	0.04384	0.02064	0.02044	0.01499	0.00943	0.00766	0.00234	0.00825	0.00718	0.03435	0.01260
38	0.01724	0.26572	0.47651	0.01922	0.02911	0.02214	0.02363	0.02412	0.01617	0.02250	0.01289	0.01509	0.00986	0.00713	0.00659	0.00220	0.01043	0.00521	0.00329	0.01097
39	0.01864	0.01787	0.03049	0.12699	0.60401	0.01828	0.02352	0.02332	0.01740	0.02467	0.01449	0.01937	0.01205	0.00701	0.00769	0.00234	0.00935	0.00691	0.00379	0.01184
40	0.06758	0.01803	0.02568	0.03212	0.37002	0.01814	0.01826	0.16294	0.02164	0.07477	0.01621	0.01876	0.01261	0.00749	0.00729	0.00218	0.00827	0.00654	0.00523	0.10626

[dist]
# distance from previous block
# <min> <max>
0	5

[block]
# block no. 6 follows, 25 sequences, length 12
# corresponding to MSA columns:
# 318-329
name=unknown_G
#
# <colnr> <probs for GDERKNQSTAVLIFYWHMCP>
#	G	D	E	R	K	N	Q	S	T	A	V	L	I	F	Y	W	H	M	C	P
0	0.05739	0.01188	0.01427	0.03308	0.03633	0.01082	0.00963	0.02039	0.08566	0.06420	0.07030	0.19553	0.05743	0.01248	0.00755	0.00217	0.00556	0.01076	0.00621	0.28835
1	0.10125	0.12194	0.35584	0.02374	0.08552	0.01992	0.13831	0.02418	0.01640	0.02498	0.01355	0.01652	0.01025	0.00706	0.00713	0.00236	0.01055	0.00608	0.00361	0.01081
2	0.06274	0.03453	0.53544	0.02295	0.08782	0.01747	0.02562	0.02546	0.01677	0.07904	0.01515	0.01721	0.01072	0.00750	0.00728	0.00243	0.01054	0.00591	0.00393	0.01149
3	0.02306	0.01480	0.01866	0.18248	0.02752	0.04820	0.01355	0.02911	0.10306	0.25541	0.05820	0.02466	0.01880	0.00887	0.00748	0.00224	0.00751	0.00735	0.00668	0.14237
4	0.01158	0.00834	0.01052	0.01155	0.01261	0.00819	0.00800	0.07929	0.01715	0.02289	0.04016	0.64742	0.04722	0.02269	0.00967	0.00306	0.00493	0.02044	0.00726	0.00703
5	0.02815	0.02106	0.02252	0.01757	0.02354	0.02343	0.01442	0.57373	0.11816	0.04673	0.02030	0.01996	0.01455	0.00947	0.00777	0.00237	0.00822	0.00721	0.00777	0.01307
6	0.01649	0.01415	0.01627	0.01204	0.01861	0.01150	0.00959	0.02234	0.10044	0.02620	0.01609	0.01775	0.01307	0.00636	0.00602	0.00134	0.00579	0.00514	0.00502	0.67579
7	0.02805	0.03330	0.02167	0.01933	0.02360	0.55715	0.01469	0.09832	0.08769	0.02351	0.01464	0.01597	0.01169	0.00838	0.00716	0.00210	0.01262	0.00558	0.00478	0.00976
8	0.02947	0.02172	0.02327	0.01784	0.02404	0.02404	0.01474	0.65329	0.03646	0.04887	0.01862	0.01862	0.01319	0.00931	0.00776	0.00233	0.00853	0.00698	0.00776	0.01319
9	0.01830	0.02092	0.04575	0.03268	0.04052	0.01961	0.65098	0.02484	0.01830	0.02484	0.01569	0.02092	0.01176	0.00654	0.00915	0.00261	0.01307	0.00915	0.00392	0.01046
10	0.01746	0.01666	0.02835	0.29902	0.44123	0.01797	0.02294	0.02228	0.01684	0.02323	0.01428	0.01975	0.01154	0.00723	0.00770	0.00241	0.00964	0.00690	0.00369	0.01089
11	0.01578	0.03849	0.63317	0.02299	0.03415	0.01814	0.08118	0.02458	0.01653	0.02458	0.01406	0.01675	0.00999	0.00730	0.00752	0.00247	0.01160	0.00602	0.00333	0.01137

[dist]
# distance from previous block
# <min> <max>
0	4

[block]
# block no. 7 follows, 25 sequences, length 18
# corresponding to MSA columns:
# 334-351
name=unknown_H
#
# <colnr> <probs for GDERKNQSTAVLIFYWHMCP>
#	G	D	E	R	K	N	Q	S	T	A	V	L	I	F	Y	W	H	M	C	P
0	0.01492	0.01406	0.02376	0.66846	0.09164	0.01730	0.02167	0.02005	0.01564	0.02015	0.01383	0.02058	0.01045	0.00770	0.00775	0.00257	0.01027	0.00689	0.00347	0.00884
1	0.01555	0.04011	0.68733	0.02210	0.03356	0.01801	0.02865	0.02455	0.01637	0.02455	0.01391	0.01637	0.00982	0.00737	0.00737	0.00246	0.01146	0.00573	0.00327	0.01146
2	0.01464	0.01378	0.02326	0.70887	0.05340	0.01723	0.02153	0.01981	0.01550	0.01981	0.01378	0.02067	0.01034	0.00775	0.00775	0.00258	0.01034	0.00689	0.00345	0.00861
3	0.02073	0.73217	0.04063	0.01327	0.01990	0.03068	0.01327	0.02322	0.01575	0.01824	0.01078	0.01244	0.00995	0.00663	0.00498	0.00166	0.00829	0.00415	0.00332	0.00995
4	0.02879	0.02150	0.02381	0.01982	0.06758	0.02367	0.01534	0.61145	0.03521	0.04730	0.01835	0.01865	0.01313	0.00915	0.00775	0.00233	0.00858	0.00698	0.00750	0.01313
5	0.02535	0.34195	0.03016	0.01703	0.02218	0.40434	0.01423	0.02756	0.01924	0.01865	0.01146	0.01330	0.00997	0.00739	0.00611	0.00185	0.01149	0.00462	0.00370	0.00941
6	0.01608	0.01378	0.01608	0.01148	0.01837	0.01034	0.00919	0.01952	0.01608	0.02527	0.01378	0.01608	0.01148	0.00574	0.00574	0.00115	0.00574	0.00459	0.00459	0.77491
7	0.02878	0.06560	0.02355	0.01862	0.02380	0.34373	0.01478	0.32520	0.02851	0.03309	0.01506	0.01610	0.01150	0.00854	0.00725	0.00214	0.01111	0.00589	0.00574	0.01103
8	0.02010	0.01663	0.01879	0.01848	0.07825	0.01879	0.01324	0.03948	0.57374	0.06660	0.03001	0.02793	0.02243	0.01015	0.00787	0.00259	0.00643	0.00855	0.00762	0.01232
9	0.00957	0.00787	0.00842	0.00828	0.01072	0.00672	0.00621	0.01192	0.01864	0.02324	0.21325	0.07085	0.53986	0.01878	0.00916	0.00258	0.00387	0.01584	0.00750	0.00672
10	0.01128	0.00752	0.00846	0.00846	0.00846	0.00752	0.00470	0.01128	0.01128	0.01503	0.02443	0.05074	0.02819	0.72751	0.03946	0.00752	0.00752	0.01128	0.00470	0.00470
11	0.02947	0.02172	0.02327	0.01784	0.02404	0.02404	0.01474	0.65329	0.03646	0.04887	0.01862	0.01862	0.01319	0.00931	0.00776	0.00233	0.00853	0.00698	0.00776	0.01319
12	0.01608	0.01378	0.01608	0.01148	0.01837	0.01034	0.00919	0.01952	0.01608	0.02527	0.01378	0.01608	0.01148	0.00574	0.00574	0.00115	0.00574	0.00459	0.00459	0.77491
13	0.01464	0.01378	0.02326	0.70887	0.05340	0.01723	0.02153	0.01981	0.01550	0.01981	0.01378	0.02067	0.01034	0.00775	0.00775	0.00258	0.01034	0.00689	0.00345	0.00861
14	0.01830	0.02092	0.04575	0.03268	0.04052	0.01961	0.65098	0.02484	0.01830	0.02484	0.01569	0.02092	0.01176	0.00654	0.00915	0.00261	0.01307	0.00915	0.00392	0.01046
15	0.01464	0.01378	0.02326	0.70887	0.05340	0.01723	0.02153	0.01981	0.01550	0.01981	0.01378	0.02067	0.01034	0.00775	0.00775	0.00258	0.01034	0.00689	0.00345	0.00861
16	0.01464	0.01378	0.02326	0.70887	0.05340	0.01723	0.02153	0.01981	0.01550	0.01981	0.01378	0.02067	0.01034	0.00775	0.00775	0.00258	0.01034	0.00689	0.00345	0.00861
17	0.01108	0.00831	0.01246	0.01246	0.01385	0.00969	0.00969	0.01385	0.01246	0.01800	0.02077	0.03046	0.01938	0.05815	0.69678	0.01246	0.02077	0.00831	0.00415	0.00692

[dist]
# distance from previous block
# <min> <max>
0	0

# created by:
# /st0/software/busco_prod/Augustus/scripts/msa2prfl.pl ./align_prep/112980.fa
