[name]
unknown

[dist]
# distance from previous block
# <min> <max>
0	36

[block]
# block no. 0 follows, 22 sequences, length 22
# corresponding to MSA columns:
# 44-65
name=unknown_A
#
# <colnr> <probs for GDERKNQSTAVLIFYWHMCP>
#	G	D	E	R	K	N	Q	S	T	A	V	L	I	F	Y	W	H	M	C	P
0	0.01762	0.01040	0.01369	0.01284	0.01590	0.00967	0.01025	0.02197	0.04748	0.15385	0.28682	0.11443	0.05296	0.01707	0.00974	0.00289	0.00567	0.14562	0.00869	0.04243
1	0.08091	0.01763	0.01925	0.01548	0.02088	0.01860	0.01246	0.30509	0.07589	0.10337	0.02296	0.06042	0.01798	0.01128	0.00889	0.03651	0.00747	0.00815	0.06927	0.08751
2	0.04696	0.58120	0.05991	0.01416	0.02094	0.02907	0.01401	0.02489	0.01763	0.04990	0.06234	0.01792	0.01630	0.00806	0.00589	0.00193	0.00845	0.00550	0.00434	0.01059
3	0.02730	0.02267	0.02132	0.01727	0.02281	0.12382	0.01383	0.35591	0.08624	0.04099	0.02060	0.02138	0.01539	0.00953	0.00770	0.00230	0.00891	0.00715	0.10452	0.07035
4	0.01484	0.06441	0.01661	0.01372	0.01631	0.01098	0.05482	0.01757	0.01837	0.07547	0.13505	0.26383	0.07985	0.08105	0.01275	0.00348	0.00651	0.09894	0.00731	0.00814
5	0.03158	0.02327	0.02493	0.01911	0.02576	0.02576	0.01579	0.62852	0.03906	0.05236	0.01995	0.01995	0.01413	0.00997	0.00831	0.00249	0.00914	0.00748	0.00831	0.01413
6	0.01141	0.00884	0.01200	0.01318	0.01369	0.00943	0.00948	0.01306	0.01568	0.02128	0.04100	0.57210	0.04859	0.02429	0.01289	0.00344	0.09713	0.05825	0.00716	0.00712
7	0.02325	0.01694	0.01940	0.01460	0.02145	0.01550	0.01181	0.16601	0.08084	0.10905	0.01987	0.02044	0.01492	0.00800	0.00713	0.00183	0.00699	0.00634	0.00667	0.42897
8	0.03158	0.02327	0.02493	0.01911	0.02576	0.02576	0.01579	0.62852	0.03906	0.05236	0.01995	0.01995	0.01413	0.00997	0.00831	0.00249	0.00914	0.00748	0.00831	0.01413
9	0.01187	0.00890	0.01335	0.01335	0.01483	0.01038	0.01038	0.01483	0.01335	0.01928	0.02225	0.03264	0.02077	0.06231	0.67512	0.01335	0.02225	0.00890	0.00445	0.00742
10	0.02232	0.02212	0.07513	0.07840	0.35593	0.05693	0.02189	0.09132	0.11235	0.05314	0.01910	0.02187	0.01485	0.00850	0.00821	0.00254	0.00975	0.00753	0.00534	0.01278
11	0.02025	0.31740	0.31994	0.01874	0.02793	0.02473	0.02145	0.02796	0.07362	0.05295	0.01602	0.01749	0.01237	0.00798	0.00690	0.00229	0.01012	0.00583	0.00428	0.01177
12	0.01187	0.00890	0.01335	0.01335	0.01483	0.01038	0.01038	0.01483	0.01335	0.01928	0.02225	0.03264	0.02077	0.06231	0.67512	0.01335	0.02225	0.00890	0.00445	0.00742
13	0.01723	0.01477	0.01723	0.01230	0.01969	0.01107	0.00984	0.02092	0.01723	0.02707	0.01477	0.01723	0.01230	0.00615	0.00615	0.00123	0.00615	0.00492	0.00492	0.75883
14	0.02982	0.01281	0.01707	0.01394	0.01900	0.01149	0.01116	0.03410	0.05765	0.46907	0.12548	0.10172	0.03285	0.01292	0.00880	0.00267	0.00635	0.01094	0.00975	0.01240
15	0.13355	0.08936	0.06152	0.05676	0.02439	0.02317	0.04148	0.02193	0.01446	0.02382	0.01204	0.01725	0.01075	0.01108	0.01721	0.00297	0.36291	0.00643	0.00397	0.06495
16	0.01652	0.01382	0.02123	0.48833	0.04451	0.01658	0.01882	0.06544	0.01837	0.02514	0.01893	0.06194	0.01546	0.00966	0.00803	0.00265	0.00939	0.00837	0.12761	0.00921
17	0.01674	0.01424	0.01688	0.01240	0.01925	0.01101	0.00989	0.02037	0.01688	0.02637	0.01544	0.01861	0.01307	0.01120	0.06629	0.00232	0.00760	0.00528	0.00488	0.69128
18	0.01382	0.00929	0.01047	0.01020	0.01101	0.00945	0.00642	0.06797	0.01541	0.02115	0.02831	0.13634	0.03141	0.50232	0.03229	0.00647	0.00741	0.01289	0.06109	0.00628
19	0.01172	0.00940	0.01013	0.00980	0.01254	0.00848	0.00736	0.05800	0.02074	0.02600	0.15241	0.13616	0.46724	0.02018	0.00978	0.00281	0.00460	0.01707	0.00795	0.00762
20	0.02892	0.03462	0.02429	0.02316	0.06910	0.51062	0.01674	0.07007	0.04852	0.02341	0.01419	0.01659	0.01170	0.00915	0.00917	0.00233	0.06657	0.00594	0.00465	0.01026
21	0.02282	0.01772	0.01956	0.04157	0.02317	0.01963	0.01346	0.10044	0.45533	0.09185	0.03020	0.02828	0.02229	0.01056	0.00825	0.00264	0.00702	0.00870	0.00816	0.06834

[dist]
# distance from previous block
# <min> <max>
2	16

[block]
# block no. 1 follows, 22 sequences, length 37
# corresponding to MSA columns:
# 82-118
name=unknown_B
#
# <colnr> <probs for GDERKNQSTAVLIFYWHMCP>
#	G	D	E	R	K	N	Q	S	T	A	V	L	I	F	Y	W	H	M	C	P
0	0.02225	0.01637	0.02006	0.04162	0.02313	0.01512	0.03428	0.11854	0.09640	0.11511	0.02132	0.04389	0.01662	0.00867	0.00741	0.00198	0.00721	0.00720	0.00659	0.37624
1	0.02757	0.01861	0.02112	0.04520	0.02376	0.05215	0.01387	0.21213	0.07311	0.20263	0.05491	0.02448	0.01919	0.01013	0.00935	0.00244	0.05472	0.00775	0.00768	0.11921
2	0.02476	0.01940	0.02431	0.13166	0.11999	0.02136	0.01738	0.36664	0.02965	0.03981	0.02167	0.10469	0.01853	0.01131	0.00858	0.00264	0.00903	0.00945	0.00688	0.01228
3	0.01922	0.01510	0.01793	0.01332	0.02006	0.01256	0.01070	0.02412	0.06011	0.08129	0.01740	0.01916	0.01383	0.00728	0.00758	0.00158	0.04149	0.00564	0.00555	0.60609
4	0.02460	0.01738	0.01927	0.01548	0.02043	0.01852	0.01252	0.37718	0.03211	0.07076	0.19104	0.03515	0.06538	0.01240	0.00865	0.00252	0.00714	0.01005	0.04765	0.01176
5	0.01984	0.01888	0.03134	0.07767	0.56418	0.01915	0.02384	0.02567	0.05214	0.02705	0.01969	0.02390	0.04289	0.00827	0.00831	0.00252	0.00949	0.00797	0.00449	0.01269
6	0.10069	0.01431	0.01866	0.01445	0.02076	0.01277	0.01193	0.03909	0.02294	0.60766	0.03093	0.02699	0.01956	0.01006	0.00807	0.00257	0.00701	0.00802	0.00984	0.01369
7	0.01185	0.00819	0.00980	0.00987	0.01030	0.00836	0.00614	0.01254	0.01281	0.01719	0.02929	0.07501	0.06278	0.53369	0.15042	0.00854	0.01022	0.01223	0.00517	0.00562
8	0.01723	0.01477	0.01723	0.01230	0.01969	0.01107	0.00984	0.02092	0.01723	0.02707	0.01477	0.01723	0.01230	0.00615	0.00615	0.00123	0.00615	0.00492	0.00492	0.75883
9	0.01666	0.04297	0.66500	0.02368	0.03596	0.01929	0.03069	0.02631	0.01754	0.02631	0.01491	0.01754	0.01052	0.00789	0.00789	0.00263	0.01228	0.00614	0.00351	0.01228
10	0.02732	0.02260	0.02244	0.01846	0.02415	0.08021	0.01479	0.35130	0.27003	0.04278	0.02468	0.02378	0.01816	0.01035	0.00829	0.00259	0.00866	0.00803	0.00802	0.01336
11	0.03096	0.02480	0.02524	0.02099	0.05814	0.09363	0.01632	0.53500	0.03639	0.04770	0.01898	0.01946	0.01372	0.00969	0.00822	0.00245	0.00979	0.00725	0.00767	0.01361
12	0.15344	0.02208	0.02282	0.01776	0.02416	0.02458	0.01466	0.52838	0.03493	0.04986	0.01856	0.01888	0.01328	0.00960	0.00779	0.00251	0.00869	0.00699	0.00779	0.01328
13	0.06638	0.01596	0.05354	0.01520	0.02180	0.01331	0.01311	0.03923	0.05555	0.56826	0.03097	0.02721	0.01979	0.01010	0.00820	0.00259	0.00729	0.00813	0.00960	0.01377
14	0.03462	0.01355	0.01843	0.01433	0.02029	0.01176	0.01176	0.03791	0.02375	0.59661	0.09714	0.03179	0.02658	0.01098	0.00850	0.00257	0.00674	0.00905	0.01016	0.01348
15	0.00982	0.00842	0.00842	0.00842	0.01122	0.00701	0.00631	0.01192	0.01894	0.02244	0.08416	0.07995	0.65285	0.02104	0.00982	0.00281	0.00421	0.01753	0.00771	0.00701
16	0.01010	0.00731	0.00956	0.01135	0.01199	0.00677	0.00762	0.01159	0.01611	0.02129	0.04840	0.66015	0.09572	0.02569	0.01055	0.00334	0.00478	0.02320	0.00771	0.00677
17	0.03158	0.02327	0.02493	0.01911	0.02576	0.02576	0.01579	0.62852	0.03906	0.05236	0.01995	0.01995	0.01413	0.00997	0.00831	0.00249	0.00914	0.00748	0.00831	0.01413
18	0.03727	0.01414	0.01928	0.01478	0.02121	0.01221	0.01221	0.04049	0.02378	0.66198	0.03277	0.02828	0.02056	0.01028	0.00835	0.00257	0.00707	0.00835	0.01028	0.01414
19	0.01012	0.00723	0.00964	0.01157	0.01205	0.00675	0.00771	0.01157	0.01591	0.02121	0.04579	0.70262	0.05495	0.02603	0.01060	0.00337	0.00482	0.02362	0.00771	0.00675
20	0.01666	0.01578	0.02684	0.46228	0.14907	0.01850	0.05598	0.02185	0.01714	0.02270	0.01703	0.02711	0.01427	0.00952	0.00961	0.00285	0.04649	0.05239	0.00408	0.00985
21	0.02991	0.03773	0.02371	0.02144	0.02535	0.61825	0.01624	0.03203	0.02260	0.02030	0.01267	0.01526	0.01072	0.00908	0.00921	0.00227	0.07391	0.00552	0.00422	0.00958
22	0.01012	0.00723	0.00964	0.01157	0.01205	0.00675	0.00771	0.01157	0.01591	0.02121	0.04579	0.70262	0.05495	0.02603	0.01060	0.00337	0.00482	0.02362	0.00771	0.00675
23	0.01961	0.02241	0.04902	0.03501	0.04342	0.02101	0.62605	0.02661	0.01961	0.02661	0.01681	0.02241	0.01261	0.00700	0.00980	0.00280	0.01401	0.00980	0.00420	0.01120
24	0.01666	0.04297	0.66500	0.02368	0.03596	0.01929	0.03069	0.02631	0.01754	0.02631	0.01491	0.01754	0.01052	0.00789	0.00789	0.00263	0.01228	0.00614	0.00351	0.01228
25	0.02056	0.01974	0.03372	0.05099	0.65622	0.01974	0.02550	0.02550	0.01892	0.02714	0.01563	0.02056	0.01316	0.00740	0.00822	0.00247	0.00987	0.00740	0.00411	0.01316
26	0.01013	0.00846	0.00873	0.00883	0.01144	0.00721	0.00664	0.01222	0.01859	0.02225	0.07895	0.07940	0.58729	0.05639	0.01158	0.00313	0.00460	0.04963	0.00757	0.00695
27	0.01606	0.01510	0.02465	0.61898	0.05355	0.01895	0.02232	0.02225	0.04625	0.02180	0.01546	0.02235	0.01175	0.00879	0.00937	0.00282	0.04874	0.00747	0.00392	0.00941
28	0.01754	0.01733	0.02608	0.51909	0.13681	0.06375	0.02268	0.02257	0.01720	0.02193	0.01455	0.02123	0.01133	0.00852	0.00922	0.00273	0.04659	0.00724	0.00379	0.00980
29	0.01012	0.00723	0.00964	0.01157	0.01205	0.00675	0.00771	0.01157	0.01591	0.02121	0.04579	0.70262	0.05495	0.02603	0.01060	0.00337	0.00482	0.02362	0.00771	0.00675
30	0.01666	0.04297	0.66500	0.02368	0.03596	0.01929	0.03069	0.02631	0.01754	0.02631	0.01491	0.01754	0.01052	0.00789	0.00789	0.00263	0.01228	0.00614	0.00351	0.01228
31	0.01218	0.00970	0.01465	0.05266	0.07896	0.00952	0.03685	0.01443	0.01625	0.02179	0.03820	0.48404	0.04425	0.07916	0.01290	0.00364	0.00646	0.04998	0.00677	0.00760
32	0.01885	0.07413	0.55418	0.02284	0.03420	0.01944	0.05023	0.02748	0.01812	0.08124	0.01636	0.01844	0.01148	0.00803	0.00787	0.00259	0.01171	0.00638	0.00412	0.01232
33	0.01961	0.01956	0.02947	0.29208	0.37230	0.07619	0.02375	0.02453	0.01844	0.02429	0.01505	0.02068	0.01215	0.00785	0.00819	0.00255	0.01077	0.00722	0.00397	0.01135
34	0.31130	0.01834	0.08933	0.05160	0.07658	0.01696	0.01418	0.06632	0.04443	0.08808	0.01872	0.05733	0.01519	0.01052	0.00832	0.04308	0.00769	0.00721	0.04458	0.01024
35	0.08308	0.10340	0.08802	0.11103	0.05534	0.02123	0.17546	0.02311	0.01688	0.02479	0.04713	0.02185	0.01521	0.01206	0.04631	0.00331	0.12969	0.00775	0.00424	0.01012
36	0.09582	0.01590	0.05115	0.01472	0.02099	0.01371	0.01260	0.03664	0.08709	0.45578	0.03225	0.02909	0.05241	0.01047	0.00807	0.00257	0.00705	0.00839	0.00899	0.03631

[dist]
# distance from previous block
# <min> <max>
14	58

[block]
# block no. 2 follows, 22 sequences, length 36
# corresponding to MSA columns:
# 177-212
name=unknown_C
#
# <colnr> <probs for GDERKNQSTAVLIFYWHMCP>
#	G	D	E	R	K	N	Q	S	T	A	V	L	I	F	Y	W	H	M	C	P
0	0.19707	0.15794	0.10018	0.03900	0.02502	0.08321	0.06776	0.08083	0.01968	0.08111	0.01749	0.06451	0.01463	0.00933	0.00715	0.00246	0.00939	0.00722	0.00532	0.01069
1	0.10599	0.02000	0.06468	0.04422	0.08208	0.02004	0.20098	0.06491	0.01795	0.02748	0.01465	0.01965	0.01192	0.01015	0.01345	0.04718	0.14885	0.00748	0.00445	0.07388
2	0.02521	0.01889	0.02299	0.13264	0.06332	0.02013	0.01600	0.27878	0.09988	0.09075	0.02071	0.02191	0.01512	0.00912	0.00798	0.00238	0.00856	0.00735	0.00694	0.13134
3	0.02380	0.04723	0.04822	0.07645	0.02608	0.30950	0.01571	0.06798	0.02177	0.02509	0.08760	0.02203	0.01901	0.00985	0.00964	0.00232	0.07868	0.00694	0.00503	0.09705
4	0.05013	0.01183	0.01506	0.13477	0.07622	0.01271	0.01183	0.02292	0.08455	0.02959	0.06657	0.02930	0.02222	0.00968	0.00701	0.00227	0.00618	0.00807	0.35967	0.03942
5	0.02945	0.03577	0.02382	0.02250	0.06466	0.55335	0.01620	0.06358	0.02364	0.02293	0.01353	0.01575	0.01115	0.00840	0.00749	0.00212	0.01374	0.00556	0.00453	0.06183
6	0.01990	0.02114	0.04109	0.07209	0.03870	0.02207	0.42355	0.06651	0.01937	0.02672	0.01571	0.02137	0.01227	0.00881	0.01313	0.00295	0.15045	0.00898	0.00434	0.01086
7	0.01790	0.18792	0.10181	0.01354	0.01857	0.01597	0.01278	0.02214	0.02116	0.10145	0.34235	0.04053	0.04647	0.01263	0.00829	0.00240	0.00656	0.01052	0.00719	0.00982
8	0.01026	0.00734	0.00977	0.01147	0.01208	0.00684	0.00772	0.01192	0.01656	0.02225	0.09816	0.64727	0.05697	0.02525	0.01053	0.00331	0.00474	0.02287	0.00784	0.00684
9	0.01284	0.01024	0.01140	0.01097	0.01369	0.00988	0.00823	0.04966	0.09845	0.02798	0.20385	0.15375	0.32007	0.01897	0.00967	0.00282	0.00478	0.01624	0.00818	0.00832
10	0.02414	0.02202	0.06059	0.01758	0.02314	0.07325	0.01468	0.23297	0.29474	0.03820	0.02803	0.02719	0.04464	0.01072	0.00821	0.00260	0.00821	0.00847	0.04802	0.01260
11	0.01968	0.02166	0.03771	0.02872	0.03339	0.06130	0.33731	0.02424	0.01698	0.02349	0.01412	0.02021	0.01179	0.01023	0.01693	0.00311	0.29644	0.00849	0.00397	0.01023
12	0.01012	0.00723	0.00964	0.01157	0.01205	0.00675	0.00771	0.01157	0.01591	0.02121	0.04579	0.70262	0.05495	0.02603	0.01060	0.00337	0.00482	0.02362	0.00771	0.00675
13	0.03647	0.01542	0.02007	0.01539	0.02185	0.01411	0.01271	0.12299	0.02592	0.57644	0.03097	0.02711	0.01966	0.01024	0.00835	0.00256	0.00736	0.00823	0.01001	0.01414
14	0.03698	0.01461	0.01957	0.01500	0.02144	0.01291	0.01240	0.07087	0.02457	0.63047	0.03211	0.02785	0.02023	0.01027	0.00835	0.00257	0.00718	0.00831	0.01018	0.01414
15	0.03623	0.01437	0.01925	0.01491	0.02123	0.01274	0.01227	0.04071	0.06239	0.62275	0.03284	0.02845	0.02086	0.01034	0.00836	0.00259	0.00704	0.00842	0.01017	0.01408
16	0.01666	0.04297	0.66500	0.02368	0.03596	0.01929	0.03069	0.02631	0.01754	0.02631	0.01491	0.01754	0.01052	0.00789	0.00789	0.00263	0.01228	0.00614	0.00351	0.01228
17	0.03251	0.02141	0.02298	0.01795	0.02429	0.05829	0.01469	0.40363	0.06648	0.21540	0.02378	0.02253	0.01629	0.01005	0.00828	0.00251	0.00877	0.00770	0.00863	0.01382
18	0.01626	0.01534	0.02594	0.61387	0.12699	0.01861	0.02335	0.02172	0.01688	0.02191	0.01487	0.02196	0.01132	0.00820	0.00830	0.00273	0.01093	0.00739	0.00374	0.00969
19	0.01549	0.00774	0.00774	0.00774	0.00968	0.00774	0.00581	0.01936	0.01742	0.03097	0.02710	0.03097	0.02129	0.00968	0.00581	0.00194	0.00387	0.00774	0.75416	0.00774
20	0.02186	0.02101	0.11477	0.02088	0.09179	0.05218	0.01669	0.14271	0.06242	0.09802	0.12740	0.07880	0.02908	0.01242	0.00990	0.00271	0.05115	0.02790	0.00693	0.01137
21	0.01676	0.01562	0.02382	0.12563	0.32483	0.04339	0.01867	0.02047	0.01776	0.02399	0.02569	0.25363	0.02704	0.01394	0.00902	0.00281	0.00853	0.01285	0.00529	0.01026
22	0.01012	0.00723	0.00964	0.01157	0.01205	0.00675	0.00771	0.01157	0.01591	0.02121	0.04579	0.70262	0.05495	0.02603	0.01060	0.00337	0.00482	0.02362	0.00771	0.00675
23	0.01705	0.08925	0.62208	0.02302	0.03494	0.02023	0.02956	0.02621	0.01749	0.02584	0.01468	0.01725	0.01053	0.00784	0.00772	0.00257	0.01204	0.00602	0.00351	0.01217
24	0.05999	0.01695	0.02794	0.37968	0.30907	0.01901	0.02331	0.02322	0.01745	0.02464	0.01495	0.02099	0.01184	0.00789	0.00809	0.00263	0.01030	0.00723	0.00395	0.01088
25	0.01961	0.02241	0.04902	0.03501	0.04342	0.02101	0.62605	0.02661	0.01961	0.02661	0.01681	0.02241	0.01261	0.00700	0.00980	0.00280	0.01401	0.00980	0.00420	0.01120
26	0.01012	0.00723	0.00964	0.01157	0.01205	0.00675	0.00771	0.01157	0.01591	0.02121	0.04579	0.70262	0.05495	0.02603	0.01060	0.00337	0.00482	0.02362	0.00771	0.00675
27	0.02060	0.35109	0.29495	0.01962	0.02865	0.08227	0.04861	0.02625	0.01785	0.02268	0.01326	0.01559	0.01070	0.00755	0.00676	0.00220	0.01102	0.00545	0.00363	0.01125
28	0.01559	0.01481	0.02414	0.02027	0.02241	0.01775	0.12507	0.01881	0.01500	0.02184	0.05538	0.06878	0.02100	0.02889	0.22355	0.00643	0.27725	0.00972	0.00457	0.00873
29	0.01419	0.01048	0.01398	0.01548	0.01770	0.01079	0.01336	0.02019	0.08786	0.02595	0.04286	0.08678	0.04533	0.02166	0.01114	0.00371	0.00753	0.53502	0.00774	0.00826
30	0.01695	0.01605	0.02719	0.52359	0.21187	0.01879	0.02370	0.02233	0.01721	0.02275	0.01499	0.02174	0.01161	0.00807	0.00828	0.00269	0.01076	0.00739	0.00380	0.01024
31	0.04332	0.01797	0.02880	0.29823	0.34514	0.01972	0.02318	0.07589	0.01960	0.02731	0.01553	0.02091	0.01229	0.00799	0.00817	0.00259	0.01017	0.00731	0.00434	0.01156
32	0.01645	0.01125	0.01449	0.01514	0.01780	0.01156	0.01260	0.02364	0.13584	0.08136	0.04131	0.14457	0.04205	0.02001	0.01054	0.00348	0.00708	0.37366	0.00803	0.00914
33	0.01091	0.00784	0.01035	0.01103	0.01222	0.00727	0.00777	0.01355	0.01957	0.02704	0.33793	0.39384	0.06624	0.02167	0.01022	0.00301	0.00439	0.01947	0.00840	0.00727
34	0.01715	0.01488	0.02418	0.58172	0.05146	0.01798	0.02148	0.02229	0.01690	0.05919	0.01566	0.02206	0.01169	0.00857	0.00901	0.00271	0.03999	0.00730	0.00415	0.05166
35	0.06346	0.03155	0.02358	0.05763	0.02705	0.38625	0.01604	0.23580	0.02804	0.03210	0.01532	0.01702	0.01182	0.00899	0.00771	0.00232	0.01238	0.00615	0.00566	0.01112

[dist]
# distance from previous block
# <min> <max>
20	34

[block]
# block no. 3 follows, 22 sequences, length 66
# corresponding to MSA columns:
# 247-312
name=unknown_D
#
# <colnr> <probs for GDERKNQSTAVLIFYWHMCP>
#	G	D	E	R	K	N	Q	S	T	A	V	L	I	F	Y	W	H	M	C	P
0	0.01818	0.01896	0.03701	0.11309	0.13601	0.01919	0.33162	0.02387	0.01908	0.02636	0.09601	0.02675	0.02067	0.00908	0.01076	0.00279	0.06559	0.00959	0.00470	0.01068
1	0.01272	0.00931	0.01195	0.01269	0.01374	0.00966	0.00917	0.05176	0.01754	0.02406	0.06218	0.47666	0.04660	0.05453	0.01293	0.00348	0.05563	0.06093	0.04700	0.00746
2	0.01731	0.07116	0.53119	0.02415	0.03492	0.02055	0.08456	0.02581	0.01735	0.02555	0.01463	0.01784	0.01075	0.00826	0.00936	0.00268	0.06200	0.00648	0.00358	0.01187
3	0.02056	0.01974	0.03372	0.05099	0.65622	0.01974	0.02550	0.02550	0.01892	0.02714	0.01563	0.02056	0.01316	0.00740	0.00822	0.00247	0.00987	0.00740	0.00411	0.01316
4	0.01041	0.00744	0.00994	0.01171	0.01236	0.00697	0.00804	0.01214	0.01656	0.02217	0.08359	0.62825	0.05601	0.02529	0.01060	0.00335	0.00492	0.05557	0.00780	0.00687
5	0.01978	0.23472	0.33665	0.02165	0.06826	0.02217	0.04325	0.02605	0.01787	0.07053	0.01707	0.05603	0.01404	0.00880	0.00741	0.00241	0.01038	0.00699	0.00431	0.01164
6	0.01554	0.01421	0.02352	0.27943	0.16673	0.01577	0.04902	0.01984	0.01749	0.02367	0.06863	0.16476	0.02658	0.01307	0.01000	0.00290	0.04355	0.03065	0.00514	0.00949
7	0.01012	0.00723	0.00964	0.01157	0.01205	0.00675	0.00771	0.01157	0.01591	0.02121	0.04579	0.70262	0.05495	0.02603	0.01060	0.00337	0.00482	0.02362	0.00771	0.00675
8	0.01666	0.04297	0.66500	0.02368	0.03596	0.01929	0.03069	0.02631	0.01754	0.02631	0.01491	0.01754	0.01052	0.00789	0.00789	0.00263	0.01228	0.00614	0.00351	0.01228
9	0.01862	0.02248	0.08891	0.10836	0.04338	0.02010	0.49285	0.02545	0.01899	0.02578	0.01744	0.04561	0.01375	0.00788	0.00952	0.00281	0.01323	0.00974	0.00422	0.01090
10	0.01722	0.10991	0.60291	0.02273	0.03449	0.02065	0.02905	0.02617	0.01747	0.02563	0.01457	0.01712	0.01054	0.00781	0.00764	0.00255	0.01194	0.00597	0.00351	0.01212
11	0.01233	0.00958	0.01423	0.01397	0.01534	0.01148	0.01095	0.01521	0.01331	0.01934	0.02142	0.03158	0.02005	0.05882	0.62779	0.01264	0.07124	0.00878	0.00439	0.00754
12	0.01291	0.01115	0.01757	0.07485	0.02075	0.01208	0.07860	0.01536	0.01567	0.02133	0.03334	0.41948	0.03801	0.05464	0.03866	0.00388	0.10048	0.01736	0.00617	0.00772
13	0.01640	0.01538	0.02535	0.59420	0.10792	0.01869	0.02273	0.02289	0.05201	0.02251	0.01591	0.02251	0.01206	0.00839	0.00831	0.00274	0.01071	0.00750	0.00400	0.00980
14	0.01025	0.00732	0.00979	0.01172	0.01226	0.00686	0.00794	0.01180	0.01604	0.02136	0.04571	0.67776	0.05465	0.02590	0.01064	0.00339	0.00494	0.04716	0.00771	0.00678
15	0.01997	0.01724	0.01897	0.06480	0.02394	0.01999	0.01387	0.04125	0.56759	0.03332	0.03293	0.03328	0.02538	0.01160	0.00858	0.00286	0.00695	0.03678	0.00808	0.01261
16	0.01653	0.01765	0.09346	0.35827	0.09510	0.01791	0.02069	0.02169	0.01651	0.02369	0.01630	0.02236	0.01281	0.00926	0.01047	0.00271	0.10399	0.00729	0.12364	0.00965
17	0.02185	0.01758	0.01882	0.01675	0.02157	0.02006	0.01308	0.04388	0.59708	0.07958	0.03374	0.03080	0.02502	0.01120	0.00845	0.00280	0.00661	0.00932	0.00858	0.01322
18	0.01961	0.02241	0.04902	0.03501	0.04342	0.02101	0.62605	0.02661	0.01961	0.02661	0.01681	0.02241	0.01261	0.00700	0.00980	0.00280	0.01401	0.00980	0.00420	0.01120
19	0.02705	0.02683	0.02446	0.07251	0.13564	0.27289	0.01728	0.16121	0.05064	0.06544	0.02078	0.02240	0.04715	0.00952	0.00807	0.00241	0.01118	0.00730	0.00578	0.01146
20	0.02286	0.04767	0.02213	0.01982	0.05393	0.25837	0.04833	0.04578	0.06587	0.04766	0.02344	0.08357	0.04838	0.01471	0.05126	0.00320	0.06424	0.00888	0.06011	0.00980
21	0.03661	0.01616	0.01981	0.01540	0.02170	0.05429	0.01262	0.06804	0.02449	0.59281	0.03092	0.02705	0.01964	0.01016	0.00830	0.00254	0.00766	0.00812	0.00981	0.01386
22	0.01679	0.04211	0.63913	0.02415	0.03627	0.01937	0.05569	0.02632	0.01763	0.02632	0.01499	0.01774	0.01061	0.00786	0.00797	0.00264	0.01235	0.00629	0.00354	0.01223
23	0.04774	0.01266	0.01748	0.20626	0.02882	0.01383	0.01508	0.04733	0.06402	0.08097	0.06798	0.07554	0.06273	0.01537	0.00949	0.00310	0.00803	0.20742	0.00682	0.00932
24	0.02056	0.01974	0.03372	0.05099	0.65622	0.01974	0.02550	0.02550	0.01892	0.02714	0.01563	0.02056	0.01316	0.00740	0.00822	0.00247	0.00987	0.00740	0.00411	0.01316
25	0.00982	0.00842	0.00842	0.00842	0.01122	0.00701	0.00631	0.01192	0.01894	0.02244	0.08416	0.07995	0.65285	0.02104	0.00982	0.00281	0.00421	0.01753	0.00771	0.00701
26	0.01596	0.01484	0.02450	0.33873	0.03898	0.01787	0.08779	0.02028	0.01615	0.02242	0.01896	0.10316	0.01731	0.01166	0.01241	0.00295	0.14918	0.00960	0.06825	0.00900
27	0.01853	0.03518	0.44740	0.02599	0.03642	0.01965	0.17881	0.02681	0.01815	0.05855	0.01611	0.01934	0.01158	0.00810	0.00930	0.00272	0.04415	0.00723	0.00403	0.01195
28	0.01012	0.00723	0.00964	0.01157	0.01205	0.00675	0.00771	0.01157	0.01591	0.02121	0.04579	0.70262	0.05495	0.02603	0.01060	0.00337	0.00482	0.02362	0.00771	0.00675
29	0.01666	0.04297	0.66500	0.02368	0.03596	0.01929	0.03069	0.02631	0.01754	0.02631	0.01491	0.01754	0.01052	0.00789	0.00789	0.00263	0.01228	0.00614	0.00351	0.01228
30	0.06739	0.01153	0.01719	0.22885	0.02915	0.01266	0.04258	0.01790	0.01703	0.02395	0.03181	0.22128	0.04939	0.01651	0.00935	0.00310	0.00789	0.13857	0.04569	0.00816
31	0.02056	0.01974	0.03372	0.05099	0.65622	0.01974	0.02550	0.02550	0.01892	0.02714	0.01563	0.02056	0.01316	0.00740	0.00822	0.00247	0.00987	0.00740	0.00411	0.01316
32	0.01022	0.00738	0.00968	0.01133	0.01203	0.00684	0.00765	0.01188	0.01660	0.02214	0.09106	0.62504	0.08715	0.02513	0.01051	0.00329	0.00472	0.02269	0.00781	0.00684
33	0.01885	0.02269	0.08412	0.08869	0.03997	0.05311	0.43008	0.02504	0.01886	0.02513	0.01832	0.07433	0.01545	0.00902	0.01014	0.00283	0.03833	0.01009	0.00436	0.01060
34	0.01694	0.07656	0.63385	0.02320	0.03522	0.01997	0.02987	0.02624	0.01751	0.02597	0.01474	0.01733	0.01053	0.00785	0.00776	0.00259	0.01211	0.00605	0.00351	0.01220
35	0.01666	0.04297	0.66500	0.02368	0.03596	0.01929	0.03069	0.02631	0.01754	0.02631	0.01491	0.01754	0.01052	0.00789	0.00789	0.00263	0.01228	0.00614	0.00351	0.01228
36	0.01666	0.04297	0.66500	0.02368	0.03596	0.01929	0.03069	0.02631	0.01754	0.02631	0.01491	0.01754	0.01052	0.00789	0.00789	0.00263	0.01228	0.00614	0.00351	0.01228
37	0.01798	0.01804	0.02659	0.02237	0.02306	0.02440	0.06222	0.02023	0.01326	0.02044	0.01188	0.01917	0.01150	0.01626	0.05684	0.00404	0.61130	0.00753	0.00372	0.00916
38	0.01953	0.02218	0.04777	0.03431	0.04227	0.02124	0.59378	0.02626	0.01924	0.02626	0.01649	0.02218	0.01251	0.00740	0.01073	0.00285	0.05004	0.00967	0.00417	0.01109
39	0.01569	0.01477	0.02492	0.68808	0.05722	0.01846	0.02307	0.02123	0.01661	0.02123	0.01477	0.02215	0.01107	0.00831	0.00831	0.00277	0.01107	0.00738	0.00369	0.00923
40	0.01944	0.01860	0.03170	0.19743	0.51853	0.01944	0.02494	0.02451	0.01839	0.02578	0.01543	0.02093	0.01268	0.00761	0.00824	0.00254	0.01015	0.00740	0.00402	0.01226
41	0.01053	0.00778	0.01076	0.06099	0.01535	0.00760	0.00883	0.01227	0.01596	0.02121	0.04352	0.65291	0.05174	0.02473	0.01044	0.00333	0.00528	0.02243	0.00742	0.00693
42	0.01117	0.00861	0.01029	0.01028	0.01260	0.00774	0.00799	0.01430	0.02093	0.02746	0.32205	0.07426	0.31880	0.01957	0.01005	0.00287	0.00458	0.10068	0.00832	0.00746
43	0.01883	0.02370	0.10905	0.03267	0.04106	0.02011	0.53451	0.02581	0.01921	0.02630	0.01810	0.05665	0.01456	0.00806	0.00965	0.00281	0.01336	0.01014	0.00431	0.01108
44	0.02311	0.59894	0.06670	0.01553	0.02249	0.11461	0.01513	0.02600	0.01776	0.01993	0.01185	0.01371	0.01066	0.00733	0.00571	0.00186	0.00981	0.00463	0.00364	0.01060
45	0.02053	0.01971	0.03325	0.04786	0.58512	0.01986	0.04884	0.02690	0.06441	0.02768	0.01700	0.02140	0.01403	0.00767	0.00830	0.00251	0.00980	0.00764	0.00443	0.01308
46	0.03623	0.01437	0.01925	0.01491	0.02123	0.01274	0.01227	0.04071	0.06239	0.62275	0.03284	0.02845	0.02086	0.01034	0.00836	0.00259	0.00704	0.00842	0.01017	0.01408
47	0.03090	0.06103	0.02371	0.02044	0.06873	0.28292	0.01514	0.12515	0.02516	0.20781	0.02239	0.02226	0.03819	0.00958	0.00789	0.00235	0.01076	0.00709	0.00668	0.01181
48	0.01845	0.02056	0.04421	0.03215	0.03959	0.01927	0.55058	0.02477	0.01916	0.02595	0.02034	0.10543	0.01777	0.00932	0.00990	0.00287	0.01288	0.01149	0.00463	0.01066
49	0.01012	0.00723	0.00964	0.01157	0.01205	0.00675	0.00771	0.01157	0.01591	0.02121	0.04579	0.70262	0.05495	0.02603	0.01060	0.00337	0.00482	0.02362	0.00771	0.00675
50	0.01955	0.02223	0.04803	0.03446	0.04251	0.02119	0.60052	0.02633	0.01932	0.02633	0.01656	0.02223	0.01253	0.00732	0.01054	0.00284	0.04251	0.00970	0.00418	0.01112
51	0.02243	0.01783	0.01984	0.06480	0.02433	0.02025	0.01396	0.13422	0.43820	0.06797	0.06145	0.03003	0.02499	0.01109	0.00848	0.00274	0.00720	0.00918	0.00822	0.01281
52	0.72016	0.05966	0.01417	0.01113	0.01639	0.01953	0.00932	0.02445	0.01431	0.03616	0.01157	0.01348	0.00910	0.00767	0.00515	0.00252	0.00658	0.00449	0.00504	0.00910
53	0.01052	0.00752	0.01010	0.01202	0.01268	0.00709	0.00841	0.01226	0.01630	0.02165	0.04557	0.62801	0.05407	0.02565	0.01071	0.00343	0.00517	0.09428	0.00770	0.00686
54	0.01666	0.04297	0.66500	0.02368	0.03596	0.01929	0.03069	0.02631	0.01754	0.02631	0.01491	0.01754	0.01052	0.00789	0.00789	0.00263	0.01228	0.00614	0.00351	0.01228
55	0.03460	0.01446	0.01893	0.01475	0.02089	0.01302	0.01210	0.06854	0.05550	0.56366	0.03508	0.03091	0.05611	0.01092	0.00844	0.00259	0.00699	0.00888	0.00995	0.01369
56	0.03108	0.03821	0.02366	0.02121	0.02569	0.61959	0.01603	0.08373	0.02486	0.02305	0.01344	0.01540	0.01099	0.00868	0.00756	0.00217	0.01449	0.00553	0.00462	0.01001
57	0.01569	0.01477	0.02492	0.68808	0.05722	0.01846	0.02307	0.02123	0.01661	0.02123	0.01477	0.02215	0.01107	0.00831	0.00831	0.00277	0.01107	0.00738	0.00369	0.00923
58	0.01032	0.00841	0.00920	0.00957	0.01198	0.00729	0.00726	0.01262	0.01886	0.02313	0.10600	0.14891	0.49533	0.02157	0.01007	0.00296	0.00461	0.07704	0.00778	0.00709
59	0.01012	0.00723	0.00964	0.01157	0.01205	0.00675	0.00771	0.01157	0.01591	0.02121	0.04579	0.70262	0.05495	0.02603	0.01060	0.00337	0.00482	0.02362	0.00771	0.00675
60	0.01004	0.00755	0.00930	0.01071	0.01182	0.00682	0.00733	0.01166	0.01673	0.02154	0.05628	0.53242	0.21838	0.02466	0.01039	0.00322	0.00465	0.02195	0.00771	0.00682
61	0.01883	0.02337	0.10676	0.12045	0.06371	0.02046	0.46841	0.02584	0.01899	0.02589	0.01631	0.02183	0.01221	0.00728	0.00937	0.00277	0.01332	0.00904	0.00406	0.01111
62	0.03158	0.02327	0.02493	0.01911	0.02576	0.02576	0.01579	0.62852	0.03906	0.05236	0.01995	0.01995	0.01413	0.00997	0.00831	0.00249	0.00914	0.00748	0.00831	0.01413
63	0.01320	0.00881	0.01157	0.01070	0.01291	0.00808	0.00808	0.01707	0.02353	0.06873	0.61696	0.06015	0.07513	0.01661	0.00972	0.00261	0.00410	0.01465	0.00921	0.00819
64	0.03158	0.02327	0.02493	0.01911	0.02576	0.02576	0.01579	0.62852	0.03906	0.05236	0.01995	0.01995	0.01413	0.00997	0.00831	0.00249	0.00914	0.00748	0.00831	0.01413
65	0.01785	0.01506	0.01739	0.01286	0.01979	0.01215	0.01023	0.05251	0.05140	0.02852	0.01729	0.04576	0.01481	0.00742	0.00656	0.00147	0.00627	0.00604	0.00539	0.65121

[dist]
# distance from previous block
# <min> <max>
15	25

[block]
# block no. 4 follows, 22 sequences, length 21
# corresponding to MSA columns:
# 339-359
name=unknown_E
#
# <colnr> <probs for GDERKNQSTAVLIFYWHMCP>
#	G	D	E	R	K	N	Q	S	T	A	V	L	I	F	Y	W	H	M	C	P
0	0.02155	0.04180	0.02427	0.01824	0.02361	0.01807	0.10596	0.19244	0.05581	0.05798	0.05223	0.06853	0.02119	0.05895	0.03528	0.00319	0.04267	0.00915	0.00642	0.14267
1	0.02588	0.02032	0.02426	0.02063	0.06419	0.02206	0.04589	0.39563	0.07021	0.04216	0.02432	0.06301	0.04820	0.01126	0.00947	0.00259	0.04405	0.00900	0.00737	0.04949
2	0.01699	0.01541	0.02239	0.04332	0.02241	0.01852	0.06228	0.05071	0.01572	0.02334	0.01683	0.04806	0.01558	0.02329	0.16307	0.00527	0.30071	0.00820	0.03168	0.09620
3	0.02082	0.01721	0.01863	0.01603	0.02101	0.01883	0.01252	0.09677	0.44523	0.03400	0.02827	0.02744	0.02155	0.01155	0.00970	0.05305	0.00681	0.00838	0.00758	0.12461
4	0.01803	0.03345	0.37980	0.02893	0.03941	0.02009	0.30635	0.02645	0.01850	0.02645	0.01579	0.01979	0.01149	0.00748	0.00878	0.00271	0.01308	0.00784	0.00383	0.01178
5	0.01723	0.01477	0.01723	0.01230	0.01969	0.01107	0.00984	0.02092	0.01723	0.02707	0.01477	0.01723	0.01230	0.00615	0.00615	0.00123	0.00615	0.00492	0.00492	0.75883
6	0.01818	0.01818	0.02545	0.02181	0.02181	0.02545	0.01818	0.01999	0.01272	0.01999	0.01091	0.01818	0.01091	0.01454	0.02726	0.00364	0.69284	0.00727	0.00364	0.00909
7	0.01187	0.00890	0.01335	0.01335	0.01483	0.01038	0.01038	0.01483	0.01335	0.01928	0.02225	0.03264	0.02077	0.06231	0.67512	0.01335	0.02225	0.00890	0.00445	0.00742
8	0.01621	0.01535	0.02563	0.60014	0.10162	0.01896	0.02298	0.02149	0.01657	0.02161	0.01461	0.02180	0.01123	0.00860	0.00940	0.00280	0.05040	0.00738	0.00372	0.00953
9	0.01027	0.00729	0.00959	0.01137	0.01182	0.00685	0.00750	0.01161	0.01561	0.02081	0.04427	0.65235	0.05303	0.07892	0.01306	0.00374	0.00507	0.02272	0.00750	0.00661
10	0.02787	0.02243	0.02283	0.09512	0.02756	0.09817	0.01553	0.42092	0.03224	0.04265	0.01933	0.02087	0.01419	0.00958	0.00793	0.00242	0.00945	0.00725	0.09133	0.01232
11	0.01012	0.00723	0.00964	0.01157	0.01205	0.00675	0.00771	0.01157	0.01591	0.02121	0.04579	0.70262	0.05495	0.02603	0.01060	0.00337	0.00482	0.02362	0.00771	0.00675
12	0.26633	0.01602	0.02114	0.38645	0.07164	0.01907	0.01803	0.06310	0.01741	0.02893	0.01409	0.01905	0.01069	0.00817	0.00725	0.00267	0.00934	0.00643	0.00450	0.00968
13	0.02221	0.71304	0.04353	0.01421	0.02132	0.03287	0.01421	0.02488	0.01688	0.01955	0.01155	0.01333	0.01066	0.00711	0.00533	0.00178	0.00888	0.00444	0.00355	0.01066
14	0.01164	0.00849	0.01093	0.01032	0.01234	0.00779	0.00774	0.01544	0.02323	0.03263	0.61599	0.06319	0.11466	0.01724	0.00980	0.00262	0.00394	0.01518	0.00905	0.00779
15	0.01723	0.01477	0.01723	0.01230	0.01969	0.01107	0.00984	0.02092	0.01723	0.02707	0.01477	0.01723	0.01230	0.00615	0.00615	0.00123	0.00615	0.00492	0.00492	0.75883
16	0.01208	0.00805	0.00906	0.00906	0.00906	0.00805	0.00503	0.01208	0.01208	0.01611	0.02618	0.05436	0.03020	0.70804	0.04228	0.00805	0.00805	0.01208	0.00503	0.00503
17	0.01176	0.00849	0.01110	0.01045	0.01241	0.00784	0.00784	0.01568	0.02352	0.03331	0.65184	0.06206	0.07839	0.01698	0.00980	0.00261	0.00392	0.01502	0.00914	0.00784
18	0.03217	0.01528	0.01913	0.01543	0.02133	0.01481	0.01250	0.04161	0.21334	0.46941	0.03309	0.02911	0.02204	0.01059	0.00838	0.00265	0.00692	0.00867	0.00972	0.01383
19	0.76672	0.01607	0.01221	0.01092	0.01607	0.01864	0.00900	0.02442	0.01414	0.03727	0.01157	0.01350	0.00900	0.00771	0.00514	0.00257	0.00643	0.00450	0.00514	0.00900
20	0.02134	0.01846	0.02134	0.02200	0.11405	0.02085	0.01511	0.07848	0.51265	0.03476	0.03029	0.02878	0.02288	0.01063	0.00841	0.00275	0.00722	0.00898	0.00781	0.01321

[dist]
# distance from previous block
# <min> <max>
0	1

[block]
# block no. 5 follows, 22 sequences, length 38
# corresponding to MSA columns:
# 361-398
name=unknown_F
#
# <colnr> <probs for GDERKNQSTAVLIFYWHMCP>
#	G	D	E	R	K	N	Q	S	T	A	V	L	I	F	Y	W	H	M	C	P
0	0.03158	0.02327	0.02493	0.01911	0.02576	0.02576	0.01579	0.62852	0.03906	0.05236	0.01995	0.01995	0.01413	0.00997	0.00831	0.00249	0.00914	0.00748	0.00831	0.01413
1	0.01826	0.01221	0.01468	0.01308	0.01654	0.01244	0.01012	0.02812	0.21439	0.12612	0.36995	0.04750	0.05351	0.01423	0.00917	0.00267	0.00520	0.01230	0.00910	0.01040
2	0.60618	0.01576	0.01352	0.01171	0.01686	0.01767	0.00960	0.05689	0.01701	0.10155	0.05481	0.01842	0.01485	0.00868	0.00593	0.00257	0.00647	0.00571	0.00608	0.00971
3	0.09533	0.01462	0.01406	0.01236	0.01615	0.04860	0.00972	0.12675	0.11377	0.06571	0.02490	0.02644	0.01890	0.00974	0.00676	0.00226	0.00614	0.00753	0.37013	0.01014
4	0.03158	0.02327	0.02493	0.01911	0.02576	0.02576	0.01579	0.62852	0.03906	0.05236	0.01995	0.01995	0.01413	0.00997	0.00831	0.00249	0.00914	0.00748	0.00831	0.01413
5	0.01818	0.01818	0.02545	0.02181	0.02181	0.02545	0.01818	0.01999	0.01272	0.01999	0.01091	0.01818	0.01091	0.01454	0.02726	0.00364	0.69284	0.00727	0.00364	0.00909
6	0.03158	0.02327	0.02493	0.01911	0.02576	0.02576	0.01579	0.62852	0.03906	0.05236	0.01995	0.01995	0.01413	0.00997	0.00831	0.00249	0.00914	0.00748	0.00831	0.01413
7	0.01176	0.00849	0.01110	0.01045	0.01241	0.00784	0.00784	0.01568	0.02352	0.03331	0.65184	0.06206	0.07839	0.01698	0.00980	0.00261	0.00392	0.01502	0.00914	0.00784
8	0.01569	0.01477	0.02492	0.68808	0.05722	0.01846	0.02307	0.02123	0.01661	0.02123	0.01477	0.02215	0.01107	0.00831	0.00831	0.00277	0.01107	0.00738	0.00369	0.00923
9	0.03727	0.01414	0.01928	0.01478	0.02121	0.01221	0.01221	0.04049	0.02378	0.66198	0.03277	0.02828	0.02056	0.01028	0.00835	0.00257	0.00707	0.00835	0.01028	0.01414
10	0.03103	0.03959	0.02354	0.02140	0.02568	0.67469	0.01605	0.03317	0.02354	0.02033	0.01284	0.01498	0.01070	0.00856	0.00749	0.00214	0.01498	0.00535	0.00428	0.00963
11	0.01176	0.00849	0.01110	0.01045	0.01241	0.00784	0.00784	0.01568	0.02352	0.03331	0.65184	0.06206	0.07839	0.01698	0.00980	0.00261	0.00392	0.01502	0.00914	0.00784
12	0.01961	0.02241	0.04902	0.03501	0.04342	0.02101	0.62605	0.02661	0.01961	0.02661	0.01681	0.02241	0.01261	0.00700	0.00980	0.00280	0.01401	0.00980	0.00420	0.01120
13	0.02886	0.01941	0.02368	0.01886	0.02340	0.02228	0.01563	0.29357	0.02710	0.19470	0.02036	0.02148	0.01474	0.01146	0.01418	0.00287	0.21985	0.00763	0.00736	0.01257
14	0.01176	0.00849	0.01110	0.01045	0.01241	0.00784	0.00784	0.01568	0.02352	0.03331	0.65184	0.06206	0.07839	0.01698	0.00980	0.00261	0.00392	0.01502	0.00914	0.00784
15	0.01012	0.00723	0.00964	0.01157	0.01205	0.00675	0.00771	0.01157	0.01591	0.02121	0.04579	0.70262	0.05495	0.02603	0.01060	0.00337	0.00482	0.02362	0.00771	0.00675
16	0.02744	0.02170	0.02509	0.01995	0.02454	0.02566	0.01653	0.44052	0.03092	0.04236	0.01715	0.01940	0.01313	0.01138	0.01417	0.00285	0.22036	0.00741	0.00687	0.01257
17	0.01059	0.00797	0.01157	0.01272	0.01359	0.00745	0.03806	0.01231	0.01609	0.02147	0.04437	0.66924	0.05287	0.02509	0.01056	0.00335	0.00527	0.02294	0.00754	0.00697
18	0.01080	0.00771	0.01042	0.01234	0.01312	0.00733	0.00889	0.01274	0.01657	0.02196	0.04541	0.57633	0.05347	0.02539	0.01078	0.00347	0.00541	0.14323	0.00770	0.00693
19	0.02056	0.01974	0.03372	0.05099	0.65622	0.01974	0.02550	0.02550	0.01892	0.02714	0.01563	0.02056	0.01316	0.00740	0.00822	0.00247	0.00987	0.00740	0.00411	0.01316
20	0.01792	0.01815	0.03630	0.21284	0.04235	0.01837	0.36791	0.02406	0.01846	0.02575	0.01774	0.02358	0.01344	0.00776	0.00881	0.00267	0.01171	0.00883	0.11323	0.01015
21	0.01818	0.01818	0.02545	0.02181	0.02181	0.02545	0.01818	0.01999	0.01272	0.01999	0.01091	0.01818	0.01091	0.01454	0.02726	0.00364	0.69284	0.00727	0.00364	0.00909
22	0.02171	0.02537	0.04169	0.03104	0.03781	0.14996	0.44634	0.02725	0.01970	0.02473	0.01545	0.02053	0.01206	0.00805	0.01107	0.00275	0.08096	0.00868	0.00416	0.01069
23	0.01706	0.01495	0.01877	0.10977	0.02518	0.01290	0.01218	0.02091	0.01690	0.02586	0.01456	0.01798	0.01205	0.00691	0.00758	0.00158	0.04334	0.00540	0.00468	0.61145
24	0.01831	0.01857	0.03247	0.06274	0.03065	0.02176	0.24197	0.02245	0.01593	0.02354	0.01482	0.02116	0.01252	0.01095	0.01774	0.00312	0.33919	0.00826	0.07411	0.00975
25	0.01012	0.00723	0.00964	0.01157	0.01205	0.00675	0.00771	0.01157	0.01591	0.02121	0.04579	0.70262	0.05495	0.02603	0.01060	0.00337	0.00482	0.02362	0.00771	0.00675
26	0.01549	0.00774	0.00774	0.00774	0.00968	0.00774	0.00581	0.01936	0.01742	0.03097	0.02710	0.03097	0.02129	0.00968	0.00581	0.00194	0.00387	0.00774	0.75416	0.00774
27	0.03103	0.03959	0.02354	0.02140	0.02568	0.67469	0.01605	0.03317	0.02354	0.02033	0.01284	0.01498	0.01070	0.00856	0.00749	0.00214	0.01498	0.00535	0.00428	0.00963
28	0.02488	0.09231	0.16158	0.09026	0.05860	0.04626	0.01925	0.25574	0.02629	0.08002	0.01834	0.02003	0.01336	0.00892	0.00777	0.00244	0.00981	0.00688	0.04489	0.01234
29	0.01629	0.05403	0.02656	0.57193	0.05175	0.01885	0.05991	0.02167	0.01686	0.02200	0.01538	0.02215	0.01170	0.00823	0.00810	0.00267	0.01075	0.00739	0.04442	0.00935
30	0.01176	0.00849	0.01110	0.01045	0.01241	0.00784	0.00784	0.01568	0.02352	0.03331	0.65184	0.06206	0.07839	0.01698	0.00980	0.00261	0.00392	0.01502	0.00914	0.00784
31	0.01012	0.00723	0.00964	0.01157	0.01205	0.00675	0.00771	0.01157	0.01591	0.02121	0.04579	0.70262	0.05495	0.02603	0.01060	0.00337	0.00482	0.02362	0.00771	0.00675
32	0.11192	0.01988	0.02215	0.08530	0.02670	0.02193	0.01500	0.41108	0.03131	0.10227	0.02107	0.05724	0.01605	0.01045	0.00808	0.00258	0.00861	0.00809	0.00764	0.01265
33	0.10266	0.11478	0.05426	0.10873	0.02674	0.13540	0.01620	0.05235	0.04856	0.05913	0.01565	0.01891	0.01255	0.00977	0.01113	0.00261	0.14860	0.00642	0.04540	0.01016
34	0.07167	0.08622	0.05594	0.02295	0.11529	0.18172	0.01672	0.03238	0.16337	0.08027	0.01952	0.02080	0.01519	0.00950	0.00938	0.00254	0.07253	0.00692	0.00562	0.01147
35	0.02171	0.01566	0.01901	0.01735	0.07849	0.01481	0.01242	0.06242	0.17011	0.12220	0.04669	0.02512	0.01984	0.00893	0.00744	0.00208	0.00666	0.00741	0.05437	0.28729
36	0.02151	0.13955	0.02317	0.01777	0.05114	0.11749	0.01356	0.14326	0.09232	0.02881	0.02572	0.17299	0.02514	0.01615	0.04298	0.00317	0.00938	0.03914	0.00633	0.01042
37	0.22143	0.01777	0.01909	0.08257	0.02429	0.04992	0.01338	0.11168	0.08473	0.19604	0.02093	0.02129	0.01488	0.00938	0.00823	0.00257	0.03939	0.00687	0.00696	0.04860

[dist]
# distance from previous block
# <min> <max>
5	21

[block]
# block no. 6 follows, 22 sequences, length 41
# corresponding to MSA columns:
# 422-462
name=unknown_G
#
# <colnr> <probs for GDERKNQSTAVLIFYWHMCP>
#	G	D	E	R	K	N	Q	S	T	A	V	L	I	F	Y	W	H	M	C	P
0	0.03001	0.02222	0.02382	0.01842	0.02485	0.02444	0.01514	0.55766	0.07038	0.04989	0.02074	0.02078	0.01489	0.00990	0.00817	0.00245	0.00874	0.00750	0.03062	0.03939
1	0.14415	0.02126	0.02213	0.01746	0.02367	0.02363	0.01434	0.45336	0.09630	0.07110	0.02055	0.02039	0.01473	0.00977	0.00784	0.00254	0.00838	0.00725	0.00791	0.01324
2	0.02978	0.02204	0.02378	0.01838	0.02478	0.02405	0.01508	0.56586	0.03676	0.04949	0.02088	0.05197	0.01595	0.01052	0.00830	0.00246	0.00877	0.00810	0.00809	0.05494
3	0.03203	0.02255	0.02448	0.01877	0.02540	0.02469	0.01551	0.58193	0.03785	0.10065	0.02096	0.02061	0.01464	0.01000	0.00831	0.00250	0.00898	0.00755	0.00847	0.01413
4	0.02903	0.02022	0.02191	0.01720	0.02300	0.02204	0.01406	0.49663	0.03463	0.08213	0.02267	0.05286	0.01718	0.01069	0.00812	0.00247	0.00821	0.00830	0.09560	0.01304
5	0.05475	0.01862	0.02104	0.01649	0.02243	0.01958	0.01351	0.35519	0.05580	0.21665	0.07149	0.02603	0.02127	0.01055	0.00824	0.00252	0.00779	0.00827	0.03656	0.01321
6	0.12063	0.01777	0.01484	0.01317	0.01695	0.12847	0.01027	0.12729	0.07112	0.03388	0.02191	0.02404	0.01695	0.00940	0.00664	0.00222	0.00723	0.00699	0.34049	0.00974
7	0.38282	0.02388	0.15130	0.01611	0.02320	0.02099	0.01560	0.21269	0.02259	0.03969	0.01486	0.01634	0.01091	0.00845	0.00670	0.00256	0.00848	0.00577	0.00579	0.01127
8	0.07689	0.13732	0.52380	0.02130	0.03227	0.02120	0.02660	0.02595	0.01717	0.02620	0.01416	0.01661	0.01042	0.00777	0.00731	0.00250	0.01133	0.00576	0.00364	0.01178
9	0.06414	0.10509	0.56497	0.02198	0.03332	0.02054	0.02777	0.02605	0.01726	0.02635	0.01438	0.01689	0.01044	0.00781	0.00748	0.00255	0.01159	0.00587	0.00361	0.01192
10	0.01011	0.00728	0.00959	0.01144	0.01202	0.00676	0.00765	0.01158	0.01603	0.02126	0.04736	0.67717	0.07939	0.02582	0.01057	0.00335	0.00479	0.02337	0.00771	0.00676
11	0.03203	0.02255	0.02448	0.01877	0.02540	0.02469	0.01551	0.58193	0.03785	0.10065	0.02096	0.02061	0.01464	0.01000	0.00831	0.00250	0.00898	0.00755	0.00847	0.01413
12	0.01734	0.12490	0.58901	0.02252	0.03417	0.02095	0.02868	0.02613	0.01746	0.02548	0.01450	0.01702	0.01054	0.00780	0.00758	0.00253	0.01186	0.00593	0.00351	0.01208
13	0.01012	0.00723	0.00964	0.01157	0.01205	0.00675	0.00771	0.01157	0.01591	0.02121	0.04579	0.70262	0.05495	0.02603	0.01060	0.00337	0.00482	0.02362	0.00771	0.00675
