[name]
unknown

[dist]
# distance from previous block
# <min> <max>
0	0

[block]
# block no. 0 follows, 24 sequences, length 7
# corresponding to MSA columns:
# 0-6
name=unknown_A
#
# <colnr> <probs for GDERKNQSTAVLIFYWHMCP>
#	G	D	E	R	K	N	Q	S	T	A	V	L	I	F	Y	W	H	M	C	P
0	0.01278	0.00913	0.01278	0.01460	0.01643	0.00913	0.01278	0.01643	0.01825	0.02373	0.04199	0.08945	0.04564	0.02191	0.01095	0.00365	0.00730	0.61847	0.00730	0.00730
1	0.02120	0.72609	0.04155	0.01357	0.02035	0.03138	0.01357	0.02374	0.01611	0.01866	0.01102	0.01272	0.01018	0.00678	0.00509	0.00170	0.00848	0.00424	0.00339	0.01018
2	0.01900	0.01821	0.03106	0.13601	0.58937	0.01868	0.02403	0.02379	0.01776	0.02515	0.01481	0.01983	0.01229	0.00718	0.00786	0.00239	0.00957	0.00706	0.00387	0.01206
3	0.01153	0.00769	0.00865	0.00865	0.00865	0.00769	0.00480	0.01153	0.01153	0.01538	0.02499	0.05189	0.02883	0.72131	0.04036	0.00769	0.00769	0.01153	0.00480	0.00480
4	0.01098	0.00810	0.01026	0.00972	0.01170	0.00738	0.00729	0.01449	0.02187	0.03043	0.59043	0.06148	0.15290	0.01672	0.00936	0.00252	0.00378	0.01466	0.00855	0.00738
5	0.01099	0.00810	0.01028	0.00974	0.01171	0.00738	0.00730	0.01452	0.02191	0.03052	0.59507	0.06135	0.14822	0.01669	0.00936	0.00252	0.00378	0.01464	0.00856	0.00738
6	0.01632	0.01597	0.02811	0.47286	0.14367	0.01854	0.10374	0.02148	0.01633	0.02171	0.01424	0.02071	0.01105	0.00801	0.00925	0.00266	0.05475	0.00735	0.00364	0.00961

[dist]
# distance from previous block
# <min> <max>
7	10

[block]
# block no. 1 follows, 24 sequences, length 74
# corresponding to MSA columns:
# 19-92
name=unknown_B
#
# <colnr> <probs for GDERKNQSTAVLIFYWHMCP>
#	G	D	E	R	K	N	Q	S	T	A	V	L	I	F	Y	W	H	M	C	P
0	0.09353	0.02296	0.17008	0.02837	0.18255	0.01795	0.17558	0.02537	0.07341	0.02701	0.01901	0.02193	0.04129	0.00792	0.00782	0.00244	0.00983	0.00754	0.00449	0.06093
1	0.06017	0.01784	0.08138	0.01587	0.04536	0.01586	0.01315	0.18201	0.09729	0.07452	0.02912	0.06103	0.10744	0.01168	0.00870	0.03380	0.00714	0.00883	0.00655	0.12226
2	0.02026	0.01985	0.02857	0.11111	0.45655	0.08164	0.02147	0.05211	0.01896	0.02576	0.01469	0.01897	0.01209	0.00726	0.00762	0.00225	0.00965	0.00667	0.00415	0.08036
3	0.08363	0.01932	0.02212	0.01984	0.08493	0.02132	0.01473	0.32926	0.11354	0.03877	0.01848	0.01962	0.01400	0.00930	0.00918	0.00240	0.07333	0.00688	0.00657	0.09278
4	0.09457	0.15294	0.07562	0.01978	0.07685	0.11168	0.04778	0.05372	0.11130	0.12198	0.01835	0.01926	0.01387	0.00855	0.00789	0.00234	0.04045	0.00645	0.00550	0.01113
5	0.12130	0.06623	0.53231	0.02000	0.03016	0.01845	0.02485	0.02439	0.01650	0.02655	0.04033	0.01777	0.01249	0.00783	0.00714	0.00247	0.01048	0.00592	0.00379	0.01105
6	0.01823	0.01742	0.02967	0.24462	0.48680	0.01847	0.02364	0.02311	0.01740	0.02421	0.01467	0.02008	0.01196	0.00732	0.00787	0.00244	0.00977	0.00706	0.00380	0.01144
7	0.01339	0.01184	0.01257	0.05640	0.01615	0.07460	0.00922	0.01777	0.05540	0.02815	0.42697	0.05372	0.16307	0.01526	0.00898	0.00250	0.00539	0.01309	0.00767	0.00787
8	0.01133	0.00850	0.01274	0.01274	0.01416	0.00991	0.00991	0.01416	0.01274	0.01841	0.02124	0.03115	0.01982	0.05947	0.68989	0.01274	0.02124	0.00850	0.00425	0.00708
9	0.01736	0.01653	0.02810	0.36662	0.37158	0.01825	0.02321	0.02235	0.01699	0.02316	0.01452	0.02036	0.01159	0.00749	0.00789	0.00250	0.00998	0.00706	0.00373	0.01074
10	0.01872	0.02139	0.04679	0.03342	0.04144	0.02005	0.64305	0.02540	0.01872	0.02540	0.01604	0.02139	0.01203	0.00668	0.00936	0.00267	0.01337	0.00936	0.00401	0.01070
11	0.02760	0.01479	0.01785	0.01481	0.02003	0.01498	0.01186	0.03911	0.29862	0.36854	0.06011	0.02956	0.02408	0.01051	0.00808	0.00256	0.00641	0.00869	0.00901	0.01282
12	0.01972	0.01703	0.01793	0.01614	0.02062	0.01972	0.01255	0.04214	0.65752	0.03317	0.03228	0.02959	0.02421	0.01076	0.00807	0.00269	0.00628	0.00897	0.00807	0.01255
13	0.00952	0.00783	0.00838	0.00868	0.01091	0.00669	0.00635	0.01151	0.01778	0.02175	0.10447	0.19227	0.52492	0.02075	0.00951	0.00277	0.00411	0.01767	0.00743	0.00669
14	0.01590	0.04102	0.68023	0.02260	0.03432	0.01842	0.02930	0.02511	0.01674	0.02511	0.01423	0.01674	0.01005	0.00753	0.00753	0.00251	0.01172	0.00586	0.00335	0.01172
15	0.03014	0.02221	0.02380	0.01825	0.02459	0.02459	0.01507	0.64541	0.03728	0.04998	0.01904	0.01904	0.01349	0.00952	0.00793	0.00238	0.00873	0.00714	0.00793	0.01349
16	0.00966	0.00690	0.00920	0.01104	0.01150	0.00644	0.00736	0.01104	0.01518	0.02024	0.04371	0.71614	0.05245	0.02484	0.01012	0.00322	0.00460	0.02254	0.00736	0.00644
17	0.01580	0.01494	0.02528	0.58627	0.16415	0.01784	0.02243	0.02098	0.01625	0.02126	0.01424	0.02087	0.01092	0.00778	0.00791	0.00259	0.01037	0.00705	0.00359	0.00947
18	0.01498	0.01409	0.02378	0.70226	0.05462	0.01762	0.02202	0.02026	0.01586	0.02026	0.01409	0.02114	0.01057	0.00793	0.00793	0.00264	0.01057	0.00705	0.00352	0.00881
19	0.01122	0.00811	0.01060	0.00998	0.01185	0.00748	0.00748	0.01496	0.02245	0.03180	0.66766	0.05923	0.07482	0.01621	0.00935	0.00249	0.00374	0.01434	0.00873	0.00748
20	0.01122	0.00811	0.01060	0.00998	0.01185	0.00748	0.00748	0.01496	0.02245	0.03180	0.66766	0.05923	0.07482	0.01621	0.00935	0.00249	0.00374	0.01434	0.00873	0.00748
21	0.01122	0.00811	0.01060	0.00998	0.01185	0.00748	0.00748	0.01496	0.02245	0.03180	0.66766	0.05923	0.07482	0.01621	0.00935	0.00249	0.00374	0.01434	0.00873	0.00748
22	0.00937	0.00803	0.00803	0.00803	0.01071	0.00669	0.00602	0.01138	0.01807	0.02142	0.08033	0.07632	0.66863	0.02008	0.00937	0.00268	0.00402	0.01674	0.00736	0.00669
23	0.01625	0.08595	0.63833	0.02201	0.03340	0.01927	0.02827	0.02502	0.01670	0.02469	0.01402	0.01648	0.01005	0.00748	0.00737	0.00246	0.01151	0.00575	0.00335	0.01162
24	0.02120	0.72609	0.04155	0.01357	0.02035	0.03138	0.01357	0.02374	0.01611	0.01866	0.01102	0.01272	0.01018	0.00678	0.00509	0.00170	0.00848	0.00424	0.00339	0.01018
25	0.00937	0.00803	0.00803	0.00803	0.01071	0.00669	0.00602	0.01138	0.01807	0.02142	0.08033	0.07632	0.66863	0.02008	0.00937	0.00268	0.00402	0.01674	0.00736	0.00669
26	0.01339	0.02324	0.31766	0.01715	0.02331	0.01271	0.01886	0.01904	0.01696	0.02354	0.03211	0.17582	0.07150	0.01576	0.00912	0.00298	0.00859	0.18362	0.00551	0.00912
27	0.01498	0.01409	0.02378	0.70226	0.05462	0.01762	0.02202	0.02026	0.01586	0.02026	0.01409	0.02114	0.01057	0.00793	0.00793	0.00264	0.01057	0.00705	0.00352	0.00881
28	0.01214	0.00884	0.01231	0.01208	0.01325	0.01025	0.00917	0.01459	0.01297	0.01927	0.02159	0.03306	0.02056	0.14639	0.47569	0.01018	0.06228	0.00871	0.08978	0.00689
29	0.01939	0.01860	0.03175	0.08248	0.63992	0.01878	0.02422	0.02413	0.01794	0.02561	0.01487	0.01970	0.01246	0.00711	0.00785	0.00237	0.00948	0.00706	0.00390	0.01237
30	0.03079	0.02118	0.02316	0.01776	0.02408	0.02306	0.01467	0.57375	0.03556	0.12406	0.02048	0.01998	0.01421	0.00955	0.00794	0.00239	0.00849	0.00724	0.00815	0.01349
31	0.01533	0.01098	0.01335	0.01346	0.01638	0.01108	0.01122	0.04681	0.12253	0.06868	0.04755	0.06977	0.18183	0.01838	0.00981	0.00314	0.00641	0.31698	0.00763	0.00867
32	0.00966	0.00690	0.00920	0.01104	0.01150	0.00644	0.00736	0.01104	0.01518	0.02024	0.04371	0.71614	0.05245	0.02484	0.01012	0.00322	0.00460	0.02254	0.00736	0.00644
33	0.01590	0.04102	0.68023	0.02260	0.03432	0.01842	0.02930	0.02511	0.01674	0.02511	0.01423	0.01674	0.01005	0.00753	0.00753	0.00251	0.01172	0.00586	0.00335	0.01172
34	0.00966	0.00690	0.00920	0.01104	0.01150	0.00644	0.00736	0.01104	0.01518	0.02024	0.04371	0.71614	0.05245	0.02484	0.01012	0.00322	0.00460	0.02254	0.00736	0.00644
35	0.01708	0.01447	0.01678	0.01205	0.01906	0.01122	0.00966	0.04899	0.01741	0.02696	0.01432	0.01656	0.01183	0.00604	0.00597	0.00123	0.00601	0.00481	0.00485	0.73470
36	0.40782	0.08301	0.22136	0.01563	0.02299	0.01890	0.04341	0.02480	0.01542	0.06419	0.01330	0.01517	0.00990	0.00746	0.00609	0.00242	0.00840	0.00519	0.00452	0.01003
37	0.01872	0.02139	0.04679	0.03342	0.04144	0.02005	0.64305	0.02540	0.01872	0.02540	0.01604	0.02139	0.01203	0.00668	0.00936	0.00267	0.01337	0.00936	0.00401	0.01070
38	0.02373	0.01941	0.02053	0.04485	0.02356	0.04353	0.01374	0.28067	0.29886	0.03820	0.02378	0.02322	0.01767	0.00958	0.00776	0.00239	0.00767	0.00761	0.00737	0.08586
39	0.01907	0.01966	0.06636	0.09797	0.58970	0.01872	0.02442	0.02406	0.01781	0.02543	0.01482	0.01959	0.01227	0.00716	0.00784	0.00239	0.00963	0.00700	0.00386	0.01222
40	0.01778	0.28324	0.45441	0.01941	0.02938	0.02300	0.02374	0.02463	0.01652	0.02283	0.01310	0.01532	0.01009	0.00727	0.00667	0.00222	0.01057	0.00529	0.00336	0.01117
41	0.05844	0.03580	0.02180	0.01981	0.02395	0.62712	0.01491	0.03190	0.05625	0.02078	0.01329	0.01507	0.01090	0.00828	0.00711	0.00209	0.01355	0.00528	0.00433	0.00935
42	0.01082	0.00779	0.01050	0.01225	0.01332	0.00746	0.00934	0.01309	0.01647	0.02161	0.04469	0.45165	0.07738	0.02353	0.01040	0.00336	0.00559	0.24665	0.00734	0.00678
43	0.00991	0.00721	0.00941	0.01107	0.01187	0.00671	0.00772	0.01156	0.01574	0.02067	0.04709	0.59821	0.11140	0.02412	0.01012	0.00321	0.00479	0.07531	0.00736	0.00654
44	0.05128	0.02181	0.08229	0.01710	0.02188	0.13134	0.01476	0.18265	0.13354	0.03157	0.02572	0.08772	0.02346	0.01280	0.00842	0.00270	0.00884	0.12505	0.00658	0.01050
45	0.03327	0.01330	0.01787	0.01393	0.01971	0.01174	0.01142	0.03725	0.05116	0.60609	0.07307	0.02922	0.02346	0.01028	0.00807	0.00247	0.00653	0.00844	0.00967	0.01306
46	0.00966	0.00690	0.00920	0.01104	0.01150	0.00644	0.00736	0.01104	0.01518	0.02024	0.04371	0.71614	0.05245	0.02484	0.01012	0.00322	0.00460	0.02254	0.00736	0.00644
47	0.02097	0.01664	0.02076	0.02280	0.15961	0.01815	0.01499	0.03662	0.42174	0.09758	0.02897	0.03033	0.02237	0.01046	0.00816	0.00264	0.00705	0.04045	0.00732	0.01238
48	0.01636	0.09937	0.62583	0.02183	0.03313	0.01952	0.02796	0.02500	0.01669	0.02456	0.01396	0.01640	0.01006	0.00747	0.00733	0.00244	0.01144	0.00572	0.00335	0.01159
49	0.00966	0.00690	0.00920	0.01104	0.01150	0.00644	0.00736	0.01104	0.01518	0.02024	0.04371	0.71614	0.05245	0.02484	0.01012	0.00322	0.00460	0.02254	0.00736	0.00644
50	0.11875	0.18765	0.02638	0.05312	0.02407	0.07711	0.01432	0.34129	0.02708	0.03685	0.01538	0.01654	0.01169	0.00842	0.00683	0.00222	0.00889	0.00594	0.00596	0.01152
51	0.01937	0.01872	0.03236	0.07897	0.61809	0.01883	0.04836	0.02419	0.01798	0.02562	0.01492	0.01977	0.01245	0.00709	0.00791	0.00238	0.00963	0.00715	0.00391	0.01231
52	0.01963	0.01884	0.03219	0.04867	0.67185	0.01884	0.02434	0.02434	0.01806	0.02591	0.01492	0.01963	0.01256	0.00707	0.00785	0.00236	0.00942	0.00707	0.00393	0.01256
53	0.01089	0.00841	0.01014	0.01061	0.01283	0.00766	0.00855	0.01381	0.01907	0.02441	0.19409	0.07695	0.33642	0.01985	0.00989	0.00296	0.00504	0.21372	0.00764	0.00706
54	0.01644	0.01409	0.01644	0.01175	0.01879	0.01057	0.00940	0.01997	0.01644	0.02584	0.01409	0.01644	0.01175	0.00587	0.00587	0.00117	0.00587	0.00470	0.00470	0.76979
55	0.03014	0.02221	0.02380	0.01825	0.02459	0.02459	0.01507	0.64541	0.03728	0.04998	0.01904	0.01904	0.01349	0.00952	0.00793	0.00238	0.00873	0.00714	0.00793	0.01349
56	0.01733	0.01766	0.05741	0.34695	0.36045	0.01826	0.02350	0.02250	0.01699	0.02328	0.01451	0.02019	0.01154	0.00748	0.00787	0.00249	0.01005	0.00700	0.00372	0.01080
57	0.01606	0.03996	0.64618	0.02318	0.03470	0.01850	0.06228	0.02513	0.01685	0.02513	0.01433	0.01699	0.01015	0.00749	0.00763	0.00252	0.01181	0.00605	0.00338	0.01166
58	0.01122	0.00811	0.01060	0.00998	0.01185	0.00748	0.00748	0.01496	0.02245	0.03180	0.66766	0.05923	0.07482	0.01621	0.00935	0.00249	0.00374	0.01434	0.00873	0.00748
59	0.00966	0.00690	0.00920	0.01104	0.01150	0.00644	0.00736	0.01104	0.01518	0.02024	0.04371	0.71614	0.05245	0.02484	0.01012	0.00322	0.00460	0.02254	0.00736	0.00644
60	0.01806	0.01724	0.02936	0.26852	0.46423	0.01843	0.02356	0.02297	0.01732	0.02401	0.01464	0.02014	0.01189	0.00736	0.00788	0.00245	0.00981	0.00706	0.00379	0.01130
61	0.02873	0.02151	0.02300	0.01796	0.02405	0.02393	0.01473	0.56354	0.12145	0.04770	0.02083	0.02047	0.01494	0.00969	0.00795	0.00242	0.00839	0.00739	0.00795	0.01336
62	0.01972	0.01703	0.01793	0.01614	0.02062	0.01972	0.01255	0.04214	0.65752	0.03317	0.03228	0.02959	0.02421	0.01076	0.00807	0.00269	0.00628	0.00897	0.00807	0.01255
63	0.01835	0.01754	0.02988	0.22829	0.50222	0.01851	0.02370	0.02322	0.01745	0.02436	0.01469	0.02004	0.01201	0.00730	0.00787	0.00243	0.00974	0.00706	0.00381	0.01153
64	0.00937	0.00803	0.00803	0.00803	0.01071	0.00669	0.00602	0.01138	0.01807	0.02142	0.08033	0.07632	0.66863	0.02008	0.00937	0.00268	0.00402	0.01674	0.00736	0.00669
65	0.77733	0.01534	0.01166	0.01043	0.01534	0.01779	0.00859	0.02331	0.01350	0.03558	0.01104	0.01288	0.00859	0.00736	0.00491	0.00245	0.00613	0.00429	0.00491	0.00859
66	0.01703	0.01692	0.02367	0.02042	0.02044	0.02356	0.01694	0.01875	0.01227	0.01913	0.01178	0.04601	0.01213	0.01433	0.02537	0.00346	0.67800	0.00758	0.00363	0.00858
67	0.02000	0.01600	0.01730	0.01545	0.01980	0.01809	0.01203	0.03945	0.55850	0.07530	0.08961	0.03209	0.02848	0.01119	0.00818	0.00266	0.00608	0.00939	0.00824	0.01216
68	0.01122	0.00811	0.01060	0.00998	0.01185	0.00748	0.00748	0.01496	0.02245	0.03180	0.66766	0.05923	0.07482	0.01621	0.00935	0.00249	0.00374	0.01434	0.00873	0.00748
69	0.02962	0.03779	0.02247	0.02043	0.02451	0.68948	0.01532	0.03166	0.02247	0.01941	0.01226	0.01430	0.01021	0.00817	0.00715	0.00204	0.01430	0.00511	0.00409	0.00919
70	0.02153	0.02236	0.02967	0.04177	0.51809	0.14630	0.02207	0.02657	0.04911	0.02502	0.01523	0.01909	0.01267	0.00745	0.00773	0.00231	0.01020	0.00678	0.00415	0.01192
71	0.01244	0.00870	0.01140	0.01246	0.01417	0.00843	0.00981	0.01603	0.04742	0.04733	0.10573	0.29548	0.09877	0.02126	0.01014	0.00322	0.00570	0.25647	0.00759	0.00744
72	0.01498	0.01409	0.02378	0.70226	0.05462	0.01762	0.02202	0.02026	0.01586	0.02026	0.01409	0.02114	0.01057	0.00793	0.00793	0.00264	0.01057	0.00705	0.00352	0.00881
73	0.01963	0.01884	0.03219	0.04867	0.67185	0.01884	0.02434	0.02434	0.01806	0.02591	0.01492	0.01963	0.01256	0.00707	0.00785	0.00236	0.00942	0.00707	0.00393	0.01256

[dist]
# distance from previous block
# <min> <max>
0	1

[block]
# block no. 2 follows, 24 sequences, length 118
# corresponding to MSA columns:
# 94-166,181-225
name=unknown_C
#
# <colnr> <probs for GDERKNQSTAVLIFYWHMCP>
#	G	D	E	R	K	N	Q	S	T	A	V	L	I	F	Y	W	H	M	C	P
0	0.01913	0.01886	0.02415	0.02057	0.02135	0.05954	0.01704	0.07528	0.01492	0.02184	0.01127	0.01734	0.01067	0.01319	0.02342	0.00330	0.60824	0.00686	0.00390	0.00913
1	0.05345	0.04413	0.04990	0.01456	0.01992	0.01312	0.06297	0.04622	0.05879	0.06049	0.02364	0.19204	0.02289	0.01152	0.00755	0.00217	0.00676	0.01009	0.00581	0.29400
2	0.02089	0.68605	0.07888	0.01410	0.02117	0.03062	0.01449	0.02382	0.01615	0.01903	0.01121	0.01296	0.01017	0.00683	0.00523	0.00174	0.00867	0.00433	0.00339	0.01027
3	0.01950	0.01454	0.01734	0.01310	0.01932	0.01256	0.01053	0.02500	0.08959	0.11596	0.01830	0.01944	0.01416	0.00744	0.00759	0.00166	0.04713	0.00576	0.00571	0.53538
4	0.01697	0.17906	0.55154	0.02078	0.03151	0.02103	0.02613	0.02484	0.01662	0.02381	0.01358	0.01593	0.01007	0.00738	0.00704	0.00235	0.01107	0.00553	0.00336	0.01141
5	0.01106	0.00810	0.01037	0.00980	0.01175	0.00741	0.00735	0.01465	0.02206	0.03088	0.61559	0.06075	0.12747	0.01655	0.00935	0.00251	0.00377	0.01455	0.00861	0.00741
6	0.02598	0.02049	0.02570	0.10557	0.17461	0.02247	0.01799	0.43133	0.03041	0.04103	0.01752	0.01942	0.01293	0.00878	0.00791	0.00241	0.00910	0.00711	0.00651	0.01273
7	0.03014	0.02012	0.02283	0.06172	0.02575	0.02181	0.01491	0.49569	0.03327	0.16107	0.02093	0.02061	0.01440	0.00947	0.00794	0.00241	0.00849	0.00728	0.00799	0.01319
8	0.01431	0.00868	0.01195	0.01336	0.03607	0.00815	0.00950	0.01643	0.01682	0.11376	0.04010	0.45677	0.04447	0.04184	0.01078	0.00329	0.00567	0.13279	0.00750	0.00776
9	0.03558	0.01350	0.01840	0.01411	0.02024	0.01166	0.01166	0.03865	0.02270	0.67734	0.03128	0.02699	0.01963	0.00981	0.00797	0.00245	0.00675	0.00797	0.00981	0.01350
10	0.11404	0.01546	0.01988	0.11199	0.08604	0.04641	0.01411	0.03271	0.02028	0.42200	0.02419	0.02330	0.01603	0.00894	0.00757	0.00245	0.00782	0.00721	0.00757	0.01201
11	0.01739	0.02621	0.26655	0.08955	0.27696	0.01816	0.09871	0.02394	0.01749	0.02497	0.01632	0.02300	0.01336	0.00813	0.00810	0.00255	0.01069	0.04263	0.00389	0.01142
12	0.01109	0.00801	0.01048	0.01006	0.01182	0.00740	0.00747	0.01464	0.02185	0.03084	0.61601	0.11362	0.07297	0.01693	0.00942	0.00255	0.00381	0.01502	0.00862	0.00740
13	0.01133	0.00850	0.01274	0.01274	0.01416	0.00991	0.00991	0.01416	0.01274	0.01841	0.02124	0.03115	0.01982	0.05947	0.68989	0.01274	0.02124	0.00850	0.00425	0.00708
14	0.01959	0.01785	0.02135	0.07688	0.08240	0.04091	0.04785	0.03753	0.49358	0.03061	0.02773	0.02708	0.02095	0.00990	0.00808	0.00263	0.00754	0.00854	0.00698	0.01204
15	0.02003	0.27034	0.09945	0.05580	0.05867	0.02233	0.04666	0.02378	0.01681	0.09150	0.04233	0.02353	0.01633	0.00984	0.01032	0.00246	0.12906	0.04594	0.00462	0.01022
16	0.01377	0.00689	0.01033	0.01033	0.01033	0.00689	0.00689	0.01033	0.01033	0.01377	0.01377	0.02410	0.01377	0.02755	0.03099	0.76928	0.00689	0.00689	0.00344	0.00344
17	0.01536	0.01449	0.02448	0.64815	0.10571	0.01772	0.02221	0.02060	0.01604	0.02073	0.01416	0.02102	0.01074	0.00786	0.00792	0.00262	0.01048	0.00705	0.00356	0.00912
18	0.02190	0.01809	0.01950	0.04409	0.02289	0.02075	0.01350	0.17853	0.49070	0.03648	0.02854	0.02685	0.02122	0.01036	0.00803	0.00262	0.00701	0.00847	0.00786	0.01261
19	0.01274	0.00863	0.00963	0.00927	0.00968	0.00878	0.00547	0.05251	0.01320	0.01761	0.02460	0.04977	0.02784	0.67530	0.03826	0.00734	0.00775	0.01125	0.00501	0.00537
20	0.00960	0.00804	0.00835	0.00827	0.01085	0.00679	0.00620	0.01182	0.01861	0.02270	0.15262	0.07421	0.59554	0.01961	0.00937	0.00266	0.00398	0.01644	0.00753	0.00679
21	0.01614	0.03939	0.62779	0.02350	0.03491	0.01855	0.08011	0.02514	0.01691	0.02514	0.01438	0.01713	0.01021	0.00746	0.00768	0.00252	0.01186	0.00615	0.00340	0.01163
22	0.01590	0.04102	0.68023	0.02260	0.03432	0.01842	0.02930	0.02511	0.01674	0.02511	0.01423	0.01674	0.01005	0.00753	0.00753	0.00251	0.01172	0.00586	0.00335	0.01172
23	0.02680	0.03309	0.02289	0.02052	0.02366	0.53639	0.01579	0.02877	0.02010	0.01933	0.01183	0.01500	0.01026	0.00949	0.01149	0.00237	0.17367	0.00553	0.00394	0.00907
24	0.03123	0.01884	0.02154	0.01665	0.02272	0.01974	0.01369	0.42521	0.03176	0.25431	0.02389	0.04537	0.01682	0.01014	0.00802	0.00243	0.00794	0.00794	0.00853	0.01325
25	0.02966	0.03679	0.02256	0.02029	0.02452	0.64650	0.01531	0.07134	0.02343	0.02138	0.01270	0.01461	0.01043	0.00826	0.00720	0.00206	0.01394	0.00524	0.00433	0.00947
26	0.01933	0.01853	0.03164	0.09092	0.63195	0.01876	0.02419	0.02407	0.01791	0.02554	0.01486	0.01972	0.01243	0.00712	0.00786	0.00237	0.00949	0.00706	0.00390	0.01232
27	0.01644	0.01409	0.01644	0.01175	0.01879	0.01057	0.00940	0.01997	0.01644	0.02584	0.01409	0.01644	0.01175	0.00587	0.00587	0.00117	0.00587	0.00470	0.00470	0.76979
28	0.02755	0.01994	0.02127	0.01666	0.02230	0.02201	0.01365	0.53104	0.06383	0.04639	0.02060	0.02098	0.01493	0.00954	0.00761	0.00232	0.00792	0.00726	0.11159	0.01261
29	0.00937	0.00803	0.00803	0.00803	0.01071	0.00669	0.00602	0.01138	0.01807	0.02142	0.08033	0.07632	0.66863	0.02008	0.00937	0.00268	0.00402	0.01674	0.00736	0.00669
30	0.01614	0.03939	0.62779	0.02350	0.03491	0.01855	0.08011	0.02514	0.01691	0.02514	0.01438	0.01713	0.01021	0.00746	0.00768	0.00252	0.01186	0.00615	0.00340	0.01163
31	0.01122	0.00811	0.01060	0.00998	0.01185	0.00748	0.00748	0.01496	0.02245	0.03180	0.66766	0.05923	0.07482	0.01621	0.00935	0.00249	0.00374	0.01434	0.00873	0.00748
32	0.01498	0.01409	0.02378	0.70226	0.05462	0.01762	0.02202	0.02026	0.01586	0.02026	0.01409	0.02114	0.01057	0.00793	0.00793	0.00264	0.01057	0.00705	0.00352	0.00881
33	0.02223	0.01511	0.01668	0.07016	0.02042	0.01655	0.01151	0.32172	0.02655	0.03866	0.02159	0.02378	0.01621	0.00927	0.00690	0.00217	0.00670	0.00724	0.33610	0.01045
34	0.02120	0.72609	0.04155	0.01357	0.02035	0.03138	0.01357	0.02374	0.01611	0.01866	0.01102	0.01272	0.01018	0.00678	0.00509	0.00170	0.00848	0.00424	0.00339	0.01018
35	0.01945	0.01830	0.03055	0.14357	0.54975	0.01894	0.02355	0.05358	0.01866	0.02623	0.01499	0.01982	0.01231	0.00731	0.00787	0.00240	0.00956	0.00707	0.00406	0.01205
36	0.01872	0.02139	0.04679	0.03342	0.04144	0.02005	0.64305	0.02540	0.01872	0.02540	0.01604	0.02139	0.01203	0.00668	0.00936	0.00267	0.01337	0.00936	0.00401	0.01070
37	0.02581	0.02006	0.02136	0.01737	0.02294	0.02257	0.01402	0.39453	0.29521	0.04299	0.02454	0.02342	0.01794	0.01003	0.00799	0.00251	0.00771	0.00790	0.00799	0.01310
38	0.01604	0.04007	0.64979	0.02312	0.03466	0.01849	0.05879	0.02513	0.01684	0.02513	0.01432	0.01697	0.01014	0.00749	0.00762	0.00252	0.01180	0.00603	0.00338	0.01167
39	0.41661	0.01908	0.10649	0.01349	0.01937	0.01747	0.01253	0.11000	0.04031	0.08869	0.03407	0.01826	0.01343	0.00835	0.00621	0.00243	0.00711	0.00582	0.05016	0.01013
40	0.00966	0.00690	0.00920	0.01104	0.01150	0.00644	0.00736	0.01104	0.01518	0.02024	0.04371	0.71614	0.05245	0.02484	0.01012	0.00322	0.00460	0.02254	0.00736	0.00644
41	0.01498	0.01409	0.02378	0.70226	0.05462	0.01762	0.02202	0.02026	0.01586	0.02026	0.01409	0.02114	0.01057	0.00793	0.00793	0.00264	0.01057	0.00705	0.00352	0.00881
42	0.02862	0.02513	0.02504	0.01982	0.02547	0.16210	0.05584	0.44495	0.03168	0.04042	0.01698	0.01812	0.01255	0.00929	0.00882	0.00239	0.04715	0.00685	0.00665	0.01216
43	0.02921	0.03701	0.02287	0.02159	0.05120	0.66183	0.01569	0.03136	0.02229	0.01968	0.01237	0.01452	0.01031	0.00813	0.00718	0.00206	0.01410	0.00519	0.00408	0.00933
44	0.03558	0.01350	0.01840	0.01411	0.02024	0.01166	0.01166	0.03865	0.02270	0.67734	0.03128	0.02699	0.01963	0.00981	0.00797	0.00245	0.00675	0.00797	0.00981	0.01350
45	0.01530	0.01424	0.02383	0.55474	0.13570	0.01694	0.02112	0.02038	0.01671	0.02200	0.06884	0.02412	0.01621	0.00850	0.00804	0.00259	0.00984	0.00766	0.00401	0.00921
46	0.01655	0.01570	0.02663	0.48068	0.26387	0.01803	0.02281	0.02164	0.01660	0.02217	0.01437	0.02063	0.01125	0.00764	0.00790	0.00255	0.01018	0.00705	0.00366	0.01008
47	0.01030	0.00735	0.00993	0.01177	0.01250	0.00699	0.00846	0.01214	0.01581	0.02095	0.04336	0.58873	0.05106	0.02425	0.01029	0.00331	0.00515	0.14370	0.00735	0.00662
48	0.01053	0.00753	0.01018	0.01190	0.01278	0.00718	0.00875	0.01261	0.01632	0.02169	0.07353	0.52421	0.05179	0.02367	0.01030	0.00330	0.00525	0.17436	0.00741	0.00671
49	0.03207	0.01912	0.02189	0.01678	0.02305	0.02001	0.01386	0.43032	0.03211	0.27237	0.02338	0.02186	0.01566	0.00962	0.00795	0.00241	0.00802	0.00744	0.00860	0.01349
50	0.01895	0.10849	0.51839	0.02084	0.03111	0.06185	0.02534	0.02651	0.01754	0.07809	0.01519	0.01702	0.01086	0.00769	0.00730	0.00239	0.01114	0.00582	0.00394	0.01155
51	0.03438	0.01542	0.01960	0.01502	0.02121	0.01452	0.01241	0.17290	0.02592	0.53853	0.02857	0.02523	0.01827	0.00975	0.00797	0.00244	0.00719	0.00779	0.00940	0.01349
52	0.01079	0.00801	0.01025	0.01169	0.01292	0.00769	0.00863	0.01374	0.04664	0.02177	0.04736	0.46602	0.12657	0.02294	0.01011	0.00322	0.00520	0.15211	0.00738	0.00695
53	0.27950	0.03130	0.42863	0.03922	0.02837	0.01817	0.02191	0.02434	0.01559	0.02859	0.01312	0.01554	0.00956	0.00749	0.00664	0.00250	0.00975	0.00535	0.00389	0.01055
54	0.01097	0.00799	0.01046	0.01064	0.01224	0.00732	0.00775	0.01384	0.01936	0.02700	0.38518	0.29652	0.06256	0.01909	0.00953	0.00274	0.00430	0.04181	0.00799	0.04273
55	0.01809	0.02774	0.28733	0.03719	0.36985	0.01878	0.07750	0.02473	0.01760	0.02555	0.01474	0.01864	0.01153	0.00722	0.00785	0.00244	0.01065	0.00678	0.00371	0.01208
56	0.01734	0.02734	0.36206	0.02173	0.10230	0.01539	0.02140	0.02471	0.04442	0.09002	0.16456	0.02820	0.02649	0.00979	0.00805	0.00249	0.00895	0.00825	0.00545	0.01106
57	0.05758	0.54499	0.12125	0.01506	0.02227	0.05298	0.01550	0.05325	0.01729	0.02180	0.01186	0.01360	0.01024	0.00709	0.00561	0.00188	0.00901	0.00462	0.00370	0.01042
58	0.02455	0.07752	0.02310	0.01695	0.02115	0.02226	0.01417	0.32416	0.02579	0.07091	0.01768	0.01981	0.01360	0.01038	0.01200	0.00254	0.18550	0.00692	0.09978	0.01124
59	0.59771	0.01659	0.04018	0.01168	0.01669	0.03677	0.00993	0.02485	0.04973	0.06513	0.05578	0.01766	0.01435	0.00827	0.00569	0.00246	0.00649	0.00546	0.00547	0.00911
60	0.00966	0.00690	0.00920	0.01104	0.01150	0.00644	0.00736	0.01104	0.01518	0.02024	0.04371	0.71614	0.05245	0.02484	0.01012	0.00322	0.00460	0.02254	0.00736	0.00644
61	0.01119	0.00882	0.01019	0.00972	0.01212	0.00818	0.00733	0.01580	0.07329	0.02781	0.38267	0.06354	0.30559	0.01729	0.00925	0.00258	0.00406	0.01484	0.00813	0.00759
62	0.01894	0.43395	0.31391	0.01742	0.02631	0.02585	0.02028	0.02433	0.01638	0.02141	0.01239	0.01444	0.01012	0.00710	0.00613	0.00204	0.00986	0.00493	0.00337	0.01083
63	0.02831	0.03440	0.02167	0.01945	0.02359	0.58620	0.01470	0.08119	0.02357	0.02251	0.04184	0.01837	0.03255	0.00897	0.00737	0.00211	0.01310	0.00600	0.00469	0.00940
64	0.01040	0.00865	0.00920	0.00919	0.01184	0.00771	0.00706	0.01388	0.05583	0.02317	0.12426	0.07317	0.53162	0.01935	0.00942	0.00274	0.00438	0.06345	0.00752	0.00715
65	0.01590	0.04102	0.68023	0.02260	0.03432	0.01842	0.02930	0.02511	0.01674	0.02511	0.01423	0.01674	0.01005	0.00753	0.00753	0.00251	0.01172	0.00586	0.00335	0.01172
66	0.01529	0.01470	0.02569	0.64689	0.05353	0.01782	0.07343	0.02069	0.01609	0.02069	0.01426	0.02116	0.01069	0.00783	0.00805	0.00265	0.01080	0.00724	0.00356	0.00897
67	0.01608	0.06431	0.65851	0.02229	0.03385	0.01886	0.02876	0.02507	0.01672	0.02489	0.01412	0.01661	0.01005	0.00751	0.00745	0.00248	0.01161	0.00580	0.00335	0.01167
68	0.01113	0.00810	0.01046	0.00987	0.01179	0.00744	0.00741	0.01477	0.02222	0.03125	0.63656	0.06014	0.10627	0.01642	0.00935	0.00250	0.00376	0.01447	0.00866	0.00744
69	0.01153	0.00769	0.00865	0.00865	0.00865	0.00769	0.00480	0.01153	0.01153	0.01538	0.02499	0.05189	0.02883	0.72131	0.04036	0.00769	0.00769	0.01153	0.00480	0.00480
70	0.01735	0.01735	0.02429	0.02082	0.02082	0.02429	0.01735	0.01908	0.01214	0.01908	0.01041	0.01735	0.01041	0.01388	0.02602	0.00347	0.70680	0.00694	0.00347	0.00867
71	0.01810	0.02029	0.04361	0.08803	0.04152	0.01939	0.57002	0.02449	0.01836	0.02480	0.01682	0.04499	0.01329	0.00740	0.00927	0.00269	0.01284	0.00962	0.00408	0.01039
72	0.02721	0.02004	0.02063	0.01628	0.02168	0.04874	0.01328	0.50124	0.03276	0.04485	0.02005	0.02084	0.01465	0.00941	0.00745	0.00227	0.00800	0.00710	0.15138	0.01215
73	0.07313	0.02083	0.02280	0.06106	0.02573	0.02307	0.01495	0.53717	0.03376	0.08046	0.01891	0.01923	0.01334	0.00931	0.00776	0.00240	0.00859	0.00701	0.00758	0.01290
74	0.01498	0.01409	0.02378	0.70226	0.05462	0.01762	0.02202	0.02026	0.01586	0.02026	0.01409	0.02114	0.01057	0.00793	0.00793	0.00264	0.01057	0.00705	0.00352	0.00881
75	0.00966	0.00690	0.00920	0.01104	0.01150	0.00644	0.00736	0.01104	0.01518	0.02024	0.04371	0.71614	0.05245	0.02484	0.01012	0.00322	0.00460	0.02254	0.00736	0.00644
76	0.01089	0.00805	0.01016	0.00971	0.01166	0.00733	0.00725	0.01428	0.02153	0.02981	0.55614	0.08419	0.16536	0.01710	0.00938	0.00255	0.00381	0.01499	0.00847	0.00733
77	0.07049	0.02339	0.02301	0.01804	0.02408	0.09051	0.01475	0.55059	0.03452	0.04615	0.01793	0.01823	0.01289	0.00927	0.00769	0.00235	0.00914	0.00678	0.00739	0.01279
78	0.42787	0.01657	0.01607	0.05026	0.02020	0.01857	0.01127	0.18187	0.03960	0.09127	0.04622	0.01871	0.01440	0.00865	0.00639	0.00245	0.00697	0.00607	0.00627	0.01031
79	0.06890	0.01942	0.02128	0.01655	0.02242	0.02095	0.01361	0.47317	0.03270	0.13723	0.07459	0.02321	0.01923	0.01001	0.00790	0.00240	0.00789	0.00771	0.00811	0.01273
80	0.01133	0.00850	0.01274	0.01274	0.01416	0.00991	0.00991	0.01416	0.01274	0.01841	0.02124	0.03115	0.01982	0.05947	0.68989	0.01274	0.02124	0.00850	0.00425	0.00708
81	0.01498	0.01409	0.02378	0.70226	0.05462	0.01762	0.02202	0.02026	0.01586	0.02026	0.01409	0.02114	0.01057	0.00793	0.00793	0.00264	0.01057	0.00705	0.00352	0.00881
82	0.01498	0.01409	0.02378	0.70226	0.05462	0.01762	0.02202	0.02026	0.01586	0.02026	0.01409	0.02114	0.01057	0.00793	0.00793	0.00264	0.01057	0.00705	0.00352	0.00881
83	0.02029	0.01731	0.01825	0.01625	0.02084	0.01999	0.01269	0.07475	0.62399	0.03408	0.03156	0.02902	0.02363	0.01069	0.00806	0.00267	0.00641	0.00887	0.00806	0.01260
84	0.01121	0.00852	0.01037	0.00983	0.01201	0.00790	0.00740	0.01546	0.05225	0.02950	0.50283	0.06169	0.20786	0.01683	0.00929	0.00255	0.00393	0.01463	0.00839	0.00755
85	0.01498	0.01409	0.02378	0.70226	0.05462	0.01762	0.02202	0.02026	0.01586	0.02026	0.01409	0.02114	0.01057	0.00793	0.00793	0.00264	0.01057	0.00705	0.00352	0.00881
86	0.03115	0.01436	0.01913	0.04922	0.04807	0.01365	0.01282	0.03780	0.13393	0.50599	0.02997	0.02687	0.01971	0.00978	0.00798	0.00250	0.00696	0.00807	0.00897	0.01306
87	0.00966	0.00690	0.00920	0.01104	0.01150	0.00644	0.00736	0.01104	0.01518	0.02024	0.04371	0.71614	0.05245	0.02484	0.01012	0.00322	0.00460	0.02254	0.00736	0.00644
88	0.01122	0.00811	0.01060	0.00998	0.01185	0.00748	0.00748	0.01496	0.02245	0.03180	0.66766	0.05923	0.07482	0.01621	0.00935	0.00249	0.00374	0.01434	0.00873	0.00748
89	0.01153	0.00769	0.00865	0.00865	0.00865	0.00769	0.00480	0.01153	0.01153	0.01538	0.02499	0.05189	0.02883	0.72131	0.04036	0.00769	0.00769	0.01153	0.00480	0.00480
90	0.05525	0.01401	0.01800	0.01405	0.01987	0.01290	0.01154	0.07664	0.05740	0.55191	0.02969	0.02632	0.01919	0.00975	0.00777	0.00243	0.00669	0.00784	0.04576	0.01301
91	0.01063	0.00731	0.00891	0.00980	0.01002	0.00709	0.00603	0.01130	0.01329	0.01771	0.03398	0.37106	0.04018	0.38666	0.02583	0.00554	0.00620	0.01682	0.00603	0.00559
92	0.01913	0.01833	0.03129	0.11857	0.60584	0.01871	0.02409	0.02390	0.01782	0.02530	0.01483	0.01979	0.01235	0.00716	0.00786	0.00239	0.00954	0.00706	0.00388	0.01216
93	0.01779	0.01813	0.02417	0.06062	0.02297	0.05540	0.01753	0.01975	0.01285	0.01917	0.01071	0.01743	0.01041	0.01326	0.02407	0.00335	0.63331	0.00686	0.00350	0.00871
94	0.02370	0.02738	0.02834	0.09680	0.25214	0.32805	0.08089	0.02743	0.01995	0.02232	0.01372	0.01749	0.01124	0.00762	0.00768	0.00227	0.01217	0.00639	0.00397	0.01046
95	0.01852	0.01488	0.01720	0.01259	0.01942	0.01221	0.01011	0.07356	0.04879	0.05504	0.01607	0.01772	0.01280	0.00657	0.00623	0.00140	0.00616	0.00524	0.00534	0.64014
96	0.01852	0.34774	0.34032	0.01943	0.02862	0.02439	0.07303	0.02452	0.01662	0.02223	0.01294	0.01532	0.01027	0.00713	0.00658	0.00216	0.01040	0.00542	0.00342	0.01094
97	0.01061	0.00809	0.00978	0.00980	0.01169	0.00738	0.00718	0.01389	0.03736	0.02651	0.35465	0.19478	0.24137	0.01891	0.00948	0.00270	0.00406	0.01653	0.00804	0.00719
98	0.01535	0.01358	0.02145	0.56714	0.04669	0.01664	0.01938	0.02187	0.06906	0.02238	0.01693	0.02279	0.01280	0.00831	0.00767	0.00256	0.00944	0.00724	0.08975	0.00896
99	0.14674	0.01494	0.01670	0.01387	0.01888	0.01551	0.01117	0.10667	0.17339	0.25696	0.09577	0.02936	0.04457	0.01061	0.00769	0.00251	0.00637	0.00847	0.00819	0.01163
100	0.01866	0.05677	0.08547	0.03179	0.03998	0.02050	0.57479	0.02530	0.01847	0.02506	0.01569	0.02068	0.01182	0.00674	0.00904	0.00262	0.01303	0.00890	0.00394	0.01073
101	0.01147	0.00837	0.01084	0.01039	0.01227	0.00789	0.00782	0.01571	0.04351	0.03092	0.58980	0.09757	0.07087	0.01671	0.00940	0.00258	0.00399	0.03373	0.00858	0.00759
102	0.01941	0.01862	0.03179	0.07922	0.64300	0.01878	0.02423	0.02415	0.01795	0.02564	0.01488	0.01970	0.01247	0.00711	0.00785	0.00237	0.00947	0.00706	0.00391	0.01239
103	0.02157	0.57999	0.06395	0.05495	0.02338	0.10373	0.01489	0.02448	0.01683	0.01909	0.01147	0.01355	0.01020	0.00704	0.00558	0.00182	0.00938	0.00457	0.00348	0.01005
104	0.30474	0.06434	0.02006	0.01559	0.02092	0.17292	0.01265	0.24106	0.02393	0.03593	0.01409	0.01533	0.01075	0.00826	0.00648	0.00229	0.00902	0.00546	0.00568	0.01052
105	0.01940	0.07656	0.02818	0.07064	0.36968	0.02037	0.01971	0.02859	0.19106	0.02658	0.01900	0.02171	0.01529	0.00849	0.00875	0.00247	0.04931	0.00734	0.00496	0.01193
106	0.01197	0.00891	0.01109	0.01183	0.01375	0.00855	0.00930	0.05034	0.01884	0.02447	0.10712	0.25574	0.19634	0.02106	0.01002	0.00312	0.00552	0.21723	0.00750	0.00729
107	0.02477	0.01806	0.02021	0.01522	0.02178	0.01772	0.01243	0.32513	0.04573	0.09197	0.01845	0.01896	0.01361	0.00811	0.00711	0.00191	0.00734	0.00628	0.00679	0.31844
108	0.01196	0.00832	0.01055	0.00987	0.01203	0.00754	0.00745	0.01543	0.02183	0.05693	0.55749	0.06035	0.15741	0.01650	0.00930	0.00252	0.00390	0.01442	0.00858	0.00762
109	0.07681	0.05367	0.04344	0.02003	0.05037	0.47631	0.01523	0.06678	0.02203	0.06134	0.01389	0.01555	0.01099	0.00811	0.00704	0.00210	0.01227	0.00541	0.00467	0.03395
110	0.01638	0.02063	0.13900	0.12140	0.08314	0.01695	0.23684	0.02378	0.07000	0.02593	0.10624	0.02902	0.05559	0.00933	0.00863	0.00260	0.01006	0.00929	0.00495	0.01026
111	0.01020	0.00716	0.00918	0.01042	0.01088	0.00680	0.00679	0.01143	0.01487	0.01996	0.08358	0.51937	0.04868	0.18186	0.01691	0.00418	0.00524	0.01947	0.00688	0.00614
112	0.01195	0.00827	0.01083	0.01010	0.01210	0.00761	0.00761	0.01567	0.02245	0.05102	0.64872	0.05827	0.07318	0.01602	0.00931	0.00249	0.00383	0.01415	0.00876	0.00766
113	0.02733	0.02066	0.02336	0.02055	0.08455	0.02264	0.01533	0.51688	0.06385	0.04498	0.02088	0.06467	0.01643	0.01034	0.00807	0.00245	0.00841	0.00822	0.00752	0.01290
114	0.02267	0.11775	0.03041	0.03453	0.37946	0.10999	0.01989	0.11458	0.04672	0.02779	0.01532	0.01830	0.01253	0.00767	0.00740	0.00224	0.00971	0.00651	0.00461	0.01192
115	0.01397	0.01238	0.01781	0.01629	0.01708	0.01623	0.01318	0.01632	0.01248	0.01871	0.01648	0.02509	0.01569	0.03945	0.39831	0.00867	0.32234	0.00781	0.00391	0.00778
116	0.01963	0.01884	0.03219	0.04867	0.67185	0.01884	0.02434	0.02434	0.01806	0.02591	0.01492	0.01963	0.01256	0.00707	0.00785	0.00236	0.00942	0.00707	0.00393	0.01256
117	0.01984	0.01948	0.03122	0.08550	0.60438	0.05130	0.02376	0.02445	0.01814	0.02526	0.01474	0.01946	0.01233	0.00717	0.00782	0.00236	0.00972	0.00697	0.00391	0.01218

[dist]
# distance from previous block
# <min> <max>
0	27

# created by:
# /st0/software/busco_prod/Augustus/scripts/msa2prfl.pl ./align_prep/113131.fa
