[name]
unknown

[dist]
# distance from previous block
# <min> <max>
4	32

[block]
# block no. 0 follows, 24 sequences, length 49
# corresponding to MSA columns:
# 82-130
name=unknown_A
#
# <colnr> <probs for GDERKNQSTAVLIFYWHMCP>
#	G	D	E	R	K	N	Q	S	T	A	V	L	I	F	Y	W	H	M	C	P
0	0.05722	0.01451	0.01851	0.01516	0.02011	0.01461	0.01253	0.08078	0.08591	0.41472	0.02882	0.03142	0.02093	0.01137	0.00984	0.00268	0.07193	0.06832	0.00847	0.01215
1	0.01886	0.02004	0.02447	0.11644	0.02734	0.14037	0.06487	0.02171	0.01562	0.02025	0.01482	0.02479	0.01401	0.01227	0.01736	0.00306	0.36345	0.06745	0.00401	0.00880
2	0.01040	0.01019	0.07169	0.01201	0.01366	0.00766	0.00941	0.01274	0.01605	0.02184	0.10284	0.58602	0.05073	0.02238	0.00980	0.00308	0.00518	0.02018	0.00712	0.00703
3	0.01972	0.01703	0.01793	0.01614	0.02062	0.01972	0.01255	0.04214	0.65752	0.03317	0.03228	0.02959	0.02421	0.01076	0.00807	0.00269	0.00628	0.00897	0.00807	0.01255
4	0.01159	0.01136	0.07441	0.01349	0.01577	0.01036	0.01146	0.01487	0.01336	0.01921	0.02282	0.09774	0.02215	0.05121	0.55908	0.01085	0.01871	0.00964	0.00447	0.00745
5	0.02741	0.01454	0.07761	0.01393	0.01937	0.01105	0.01217	0.03075	0.02073	0.45537	0.05805	0.13538	0.06230	0.01272	0.00839	0.00259	0.00662	0.01074	0.00866	0.01165
6	0.02875	0.03432	0.02218	0.01981	0.02416	0.56132	0.01504	0.09350	0.08295	0.02372	0.01479	0.01619	0.01184	0.00855	0.00731	0.00214	0.01300	0.00567	0.00484	0.00993
7	0.02455	0.01521	0.01667	0.01433	0.01871	0.07544	0.01134	0.03142	0.16751	0.26802	0.05597	0.03329	0.04438	0.01295	0.01042	0.07854	0.00713	0.05487	0.00765	0.05158
8	0.02065	0.43513	0.09307	0.01583	0.02234	0.02472	0.06241	0.02407	0.01699	0.08535	0.02011	0.02132	0.07244	0.00876	0.00744	0.00211	0.04609	0.00645	0.00445	0.01028
9	0.01740	0.01554	0.01794	0.01509	0.01953	0.06517	0.07292	0.05828	0.17391	0.02790	0.05096	0.06853	0.11413	0.01181	0.00797	0.00235	0.00699	0.03832	0.07699	0.13828
10	0.01714	0.06469	0.48973	0.02224	0.06644	0.08025	0.02490	0.02461	0.01789	0.02502	0.07875	0.02072	0.01663	0.00840	0.00759	0.00242	0.01090	0.00663	0.00398	0.01105
11	0.02337	0.01895	0.01923	0.01492	0.02071	0.08307	0.01184	0.26220	0.02488	0.06062	0.01754	0.02096	0.01418	0.07414	0.01009	0.00238	0.00801	0.00645	0.00611	0.30032
12	0.01293	0.01086	0.01170	0.01095	0.01302	0.07085	0.00821	0.01652	0.02245	0.03065	0.60677	0.05506	0.06882	0.01546	0.00915	0.00245	0.00472	0.01348	0.00830	0.00764
13	0.01574	0.03513	0.55213	0.02038	0.03050	0.01654	0.02523	0.02317	0.01608	0.02406	0.01417	0.01744	0.01057	0.00936	0.00971	0.07842	0.01070	0.00585	0.00348	0.08133
14	0.70161	0.01450	0.01152	0.01042	0.01484	0.01671	0.00842	0.02202	0.01318	0.03342	0.01131	0.01399	0.00910	0.00936	0.00749	0.07849	0.00621	0.00455	0.00476	0.00808
15	0.01085	0.00798	0.01016	0.00985	0.01168	0.00729	0.00730	0.01415	0.02121	0.02943	0.53648	0.12639	0.14268	0.01752	0.00943	0.00259	0.00386	0.01544	0.00843	0.00729
16	0.01153	0.00769	0.00865	0.00865	0.00865	0.00769	0.00480	0.01153	0.01153	0.01538	0.02499	0.05189	0.02883	0.72131	0.04036	0.00769	0.00769	0.01153	0.00480	0.00480
17	0.01116	0.00810	0.01052	0.00991	0.01181	0.00746	0.00743	0.01485	0.02230	0.03146	0.64862	0.05979	0.09407	0.01634	0.00935	0.00250	0.00375	0.01442	0.00868	0.00746
18	0.01133	0.00850	0.01274	0.01274	0.01416	0.00991	0.00991	0.01416	0.01274	0.01841	0.02124	0.03115	0.01982	0.05947	0.68989	0.01274	0.02124	0.00850	0.00425	0.00708
19	0.01644	0.01409	0.01644	0.01175	0.01879	0.01057	0.00940	0.01997	0.01644	0.02584	0.01409	0.01644	0.01175	0.00587	0.00587	0.00117	0.00587	0.00470	0.00470	0.76979
20	0.00990	0.00707	0.00947	0.01131	0.01188	0.00665	0.00778	0.01145	0.01542	0.02051	0.04357	0.66824	0.05193	0.02462	0.01019	0.00325	0.00481	0.06809	0.00736	0.00651
21	0.50695	0.01674	0.05294	0.16095	0.02637	0.01771	0.04680	0.02337	0.01476	0.05222	0.01280	0.01579	0.00964	0.00754	0.00604	0.00251	0.00780	0.00536	0.00464	0.00908
22	0.01590	0.04102	0.68023	0.02260	0.03432	0.01842	0.02930	0.02511	0.01674	0.02511	0.01423	0.01674	0.01005	0.00753	0.00753	0.00251	0.01172	0.00586	0.00335	0.01172
23	0.01811	0.01715	0.02832	0.21773	0.42734	0.01853	0.02247	0.02377	0.05159	0.02445	0.01619	0.02241	0.01349	0.00820	0.00875	0.00253	0.03945	0.02416	0.00412	0.01125
24	0.01590	0.04102	0.68023	0.02260	0.03432	0.01842	0.02930	0.02511	0.01674	0.02511	0.01423	0.01674	0.01005	0.00753	0.00753	0.00251	0.01172	0.00586	0.00335	0.01172
25	0.01105	0.00810	0.01036	0.00980	0.01174	0.00741	0.00735	0.01463	0.02204	0.03084	0.61309	0.06082	0.13000	0.01657	0.00935	0.00251	0.00377	0.01456	0.00860	0.00741
26	0.01122	0.00811	0.01060	0.00998	0.01185	0.00748	0.00748	0.01496	0.02245	0.03180	0.66766	0.05923	0.07482	0.01621	0.00935	0.00249	0.00374	0.01434	0.00873	0.00748
27	0.01122	0.00811	0.01060	0.00998	0.01185	0.00748	0.00748	0.01496	0.02245	0.03180	0.66766	0.05923	0.07482	0.01621	0.00935	0.00249	0.00374	0.01434	0.00873	0.00748
28	0.74308	0.04753	0.01301	0.01057	0.01556	0.01840	0.00881	0.02333	0.01361	0.03481	0.01104	0.01287	0.00866	0.00733	0.00492	0.00242	0.00624	0.00429	0.00484	0.00866
29	0.01152	0.00773	0.00885	0.00885	0.00892	0.00780	0.00505	0.01166	0.01159	0.01552	0.02480	0.05088	0.02839	0.68910	0.07197	0.00793	0.00835	0.01138	0.00478	0.00492
30	0.01607	0.04001	0.65087	0.02378	0.06320	0.01844	0.02907	0.02508	0.01680	0.02515	0.01426	0.01687	0.01016	0.00751	0.00755	0.00250	0.01162	0.00591	0.00337	0.01176
31	0.03558	0.01350	0.01840	0.01411	0.02024	0.01166	0.01166	0.03865	0.02270	0.67734	0.03128	0.02699	0.01963	0.00981	0.00797	0.00245	0.00675	0.00797	0.00981	0.01350
32	0.01506	0.00994	0.01251	0.01172	0.01424	0.00969	0.00896	0.04084	0.08791	0.09559	0.39260	0.14655	0.05715	0.01631	0.00923	0.00267	0.00479	0.04711	0.00847	0.00866
33	0.00993	0.00806	0.00881	0.00862	0.01105	0.00693	0.00647	0.01247	0.01940	0.02456	0.25817	0.07114	0.48884	0.01891	0.00937	0.00262	0.00393	0.01601	0.00778	0.00693
34	0.03412	0.01584	0.01985	0.01522	0.02141	0.01514	0.01257	0.20191	0.02662	0.50853	0.02799	0.02485	0.01798	0.00974	0.00796	0.00243	0.00728	0.00775	0.00931	0.01349
35	0.71011	0.01595	0.01275	0.01113	0.01617	0.01840	0.00917	0.07927	0.01564	0.03687	0.01176	0.01344	0.00903	0.00756	0.00518	0.00245	0.00637	0.00455	0.00518	0.00903
36	0.01516	0.01434	0.02382	0.65017	0.05203	0.01813	0.02167	0.02017	0.01557	0.02017	0.01381	0.02085	0.01056	0.00838	0.00931	0.00271	0.06379	0.00704	0.00352	0.00880
37	0.01134	0.00769	0.01007	0.01142	0.01261	0.00714	0.00828	0.01323	0.01634	0.05182	0.04685	0.51444	0.11713	0.02315	0.01007	0.00319	0.00507	0.11575	0.00747	0.00694
38	0.01095	0.00789	0.01039	0.01044	0.01199	0.00733	0.00771	0.01416	0.02062	0.02883	0.49803	0.20724	0.06841	0.01841	0.00960	0.00271	0.00411	0.04557	0.00835	0.00724
39	0.49957	0.01749	0.01616	0.04662	0.02023	0.01997	0.01133	0.22353	0.02127	0.03947	0.01377	0.01527	0.01026	0.00808	0.00603	0.00244	0.00718	0.00534	0.00581	0.01018
40	0.01122	0.00811	0.01060	0.00998	0.01185	0.00748	0.00748	0.01496	0.02245	0.03180	0.66766	0.05923	0.07482	0.01621	0.00935	0.00249	0.00374	0.01434	0.00873	0.00748
41	0.01811	0.02431	0.15700	0.03090	0.07325	0.02017	0.42685	0.02457	0.01758	0.02466	0.01501	0.02000	0.01152	0.00768	0.01085	0.00272	0.09193	0.00833	0.00383	0.01075
42	0.00953	0.00783	0.00839	0.00868	0.01092	0.00669	0.00635	0.01152	0.01780	0.02179	0.10678	0.19010	0.52475	0.02072	0.00951	0.00276	0.00411	0.01764	0.00744	0.00669
43	0.01851	0.02286	0.09436	0.03261	0.04091	0.01993	0.59695	0.02538	0.01857	0.02538	0.01591	0.02104	0.01188	0.00675	0.00922	0.00266	0.01325	0.00910	0.00396	0.01077
44	0.03011	0.02312	0.02372	0.01837	0.02459	0.06319	0.01509	0.60978	0.03642	0.04820	0.01864	0.01876	0.01330	0.00944	0.00789	0.00236	0.00905	0.00702	0.00771	0.01324
45	0.01496	0.01358	0.02253	0.64914	0.05115	0.01684	0.02076	0.02012	0.01592	0.02097	0.01499	0.02179	0.01132	0.00803	0.00775	0.00258	0.01005	0.00707	0.06175	0.00870
46	0.64515	0.01518	0.01283	0.01118	0.01622	0.01708	0.00917	0.02619	0.04497	0.11901	0.01467	0.01550	0.01076	0.00784	0.00546	0.00246	0.00622	0.00499	0.00569	0.00941
47	0.02019	0.01991	0.03164	0.04709	0.63546	0.05654	0.02383	0.02475	0.01830	0.02554	0.01477	0.01933	0.01243	0.00713	0.00781	0.00234	0.00969	0.00696	0.00393	0.01237
48	0.01105	0.00726	0.00970	0.01121	0.01197	0.00672	0.00759	0.01252	0.01559	0.05555	0.04304	0.67911	0.05068	0.02404	0.01001	0.00318	0.00472	0.02176	0.00749	0.00682

[dist]
# distance from previous block
# <min> <max>
0	1

[block]
# block no. 1 follows, 24 sequences, length 9
# corresponding to MSA columns:
# 132-140
name=unknown_B
#
# <colnr> <probs for GDERKNQSTAVLIFYWHMCP>
#	G	D	E	R	K	N	Q	S	T	A	V	L	I	F	Y	W	H	M	C	P
0	0.01958	0.51629	0.23714	0.01633	0.02463	0.02741	0.01839	0.02416	0.01631	0.02063	0.01201	0.01395	0.01014	0.00701	0.00584	0.00195	0.00947	0.00474	0.00338	0.01065
1	0.01478	0.00739	0.00739	0.00739	0.00924	0.00739	0.00554	0.01848	0.01663	0.02956	0.02587	0.02956	0.02033	0.00924	0.00554	0.00185	0.00370	0.00739	0.76534	0.00739
2	0.01481	0.00840	0.00987	0.11248	0.01610	0.00894	0.00804	0.01875	0.01651	0.02816	0.02409	0.02829	0.01885	0.00904	0.00590	0.00197	0.00474	0.00734	0.65013	0.00761
3	0.01152	0.00851	0.01078	0.01152	0.01300	0.00789	0.00801	0.04761	0.01656	0.02250	0.03923	0.60388	0.04601	0.02200	0.00955	0.00296	0.00497	0.01981	0.00711	0.08658
4	0.02161	0.59378	0.09587	0.01508	0.02202	0.09899	0.01514	0.02469	0.01683	0.01930	0.01144	0.01324	0.01017	0.00700	0.00552	0.00180	0.00937	0.00447	0.00346	0.01021
5	0.01426	0.00756	0.00820	0.00820	0.00998	0.00777	0.00620	0.01782	0.01604	0.02788	0.02517	0.02980	0.02025	0.01684	0.10904	0.00350	0.00635	0.00756	0.65023	0.00734
6	0.01449	0.00749	0.00785	0.00785	0.00966	0.00761	0.00591	0.01811	0.01630	0.02861	0.02547	0.02970	0.02028	0.01351	0.06376	0.00277	0.00519	0.00749	0.70059	0.00736
7	0.01910	0.01493	0.01735	0.01259	0.01950	0.01214	0.01014	0.08803	0.01906	0.06887	0.01569	0.01738	0.01242	0.00651	0.00622	0.00138	0.00623	0.00516	0.00536	0.64194
8	0.38409	0.01494	0.04237	0.01202	0.01646	0.01536	0.01031	0.08494	0.03955	0.05585	0.05208	0.02758	0.01904	0.01003	0.00649	0.00249	0.00630	0.07007	0.12086	0.00915

[dist]
# distance from previous block
# <min> <max>
4	9

[block]
# block no. 2 follows, 24 sequences, length 6
# corresponding to MSA columns:
# 150-155
name=unknown_C
#
# <colnr> <probs for GDERKNQSTAVLIFYWHMCP>
#	G	D	E	R	K	N	Q	S	T	A	V	L	I	F	Y	W	H	M	C	P
0	0.55332	0.01612	0.01388	0.01183	0.01679	0.01835	0.00971	0.15528	0.01882	0.03813	0.01401	0.01561	0.01063	0.00798	0.00561	0.00239	0.00648	0.00516	0.07038	0.00953
1	0.01744	0.01674	0.02867	0.17046	0.23326	0.01775	0.13438	0.04829	0.01760	0.02439	0.01803	0.10106	0.01650	0.00993	0.01002	0.00263	0.07487	0.00917	0.00442	0.04438
2	0.01762	0.22472	0.44472	0.02122	0.03124	0.02209	0.08553	0.02477	0.01677	0.02339	0.01354	0.01611	0.01028	0.00725	0.00705	0.00231	0.01100	0.00577	0.00343	0.01120
3	0.01394	0.00697	0.00984	0.00984	0.01015	0.00697	0.00666	0.01168	0.01137	0.01639	0.01578	0.02501	0.01486	0.02452	0.02678	0.64220	0.00636	0.00697	0.12961	0.00410
4	0.32895	0.01921	0.01749	0.04846	0.02121	0.07719	0.01212	0.24064	0.05814	0.03794	0.01612	0.01746	0.01208	0.00851	0.00651	0.00238	0.00782	0.00593	0.05134	0.01050
5	0.01478	0.00739	0.00739	0.00739	0.00924	0.00739	0.00554	0.01848	0.01663	0.02956	0.02587	0.02956	0.02033	0.00924	0.00554	0.00185	0.00370	0.00739	0.76534	0.00739

[dist]
# distance from previous block
# <min> <max>
0	1

[block]
# block no. 3 follows, 24 sequences, length 70
# corresponding to MSA columns:
# 157-226
name=unknown_D
#
# <colnr> <probs for GDERKNQSTAVLIFYWHMCP>
#	G	D	E	R	K	N	Q	S	T	A	V	L	I	F	Y	W	H	M	C	P
0	0.01478	0.00739	0.00739	0.00739	0.00924	0.00739	0.00554	0.01848	0.01663	0.02956	0.02587	0.02956	0.02033	0.00924	0.00554	0.00185	0.00370	0.00739	0.76534	0.00739
1	0.74241	0.01561	0.01327	0.01149	0.01654	0.01789	0.03779	0.02341	0.01374	0.03511	0.01127	0.01327	0.00875	0.00733	0.00511	0.00246	0.00647	0.00453	0.00487	0.00868
2	0.21721	0.01847	0.01795	0.05132	0.02189	0.07425	0.01304	0.21117	0.12144	0.03552	0.02177	0.02975	0.01845	0.01089	0.00758	0.00263	0.00802	0.10158	0.00653	0.01052
3	0.06629	0.02065	0.02121	0.01675	0.02244	0.04917	0.01355	0.45398	0.09049	0.04284	0.01959	0.02120	0.01485	0.04965	0.00946	0.00262	0.00834	0.00717	0.00724	0.06251
4	0.31436	0.02100	0.01906	0.01547	0.02106	0.08174	0.01263	0.35359	0.02690	0.04175	0.01539	0.01627	0.01133	0.00858	0.00671	0.00238	0.00824	0.00587	0.00644	0.01124
5	0.01216	0.01049	0.01642	0.09692	0.02061	0.01120	0.07618	0.01455	0.01522	0.02045	0.03409	0.42596	0.06081	0.05601	0.01306	0.00333	0.08239	0.01683	0.00600	0.00733
6	0.10537	0.61619	0.06670	0.01362	0.02042	0.02928	0.01371	0.02376	0.01585	0.02083	0.01117	0.01292	0.00999	0.00688	0.00518	0.00182	0.00836	0.00432	0.00356	0.01007
7	0.01137	0.00852	0.01073	0.01175	0.01367	0.00804	0.00962	0.01419	0.01791	0.02283	0.08889	0.11628	0.24442	0.05784	0.01186	0.00346	0.00593	0.32846	0.00727	0.00694
8	0.01852	0.02188	0.06940	0.03222	0.03988	0.02026	0.58042	0.02499	0.01823	0.02499	0.01562	0.02096	0.01185	0.00717	0.01034	0.00272	0.05692	0.00907	0.00395	0.01061
9	0.01478	0.00739	0.00739	0.00739	0.00924	0.00739	0.00554	0.01848	0.01663	0.02956	0.02587	0.02956	0.02033	0.00924	0.00554	0.00185	0.00370	0.00739	0.76534	0.00739
10	0.02129	0.01752	0.01849	0.01614	0.02083	0.02004	0.01269	0.14335	0.52617	0.03587	0.02977	0.02780	0.02223	0.01049	0.00794	0.00260	0.00658	0.00859	0.03912	0.01250
11	0.02923	0.03642	0.02292	0.02151	0.05129	0.63644	0.01569	0.05472	0.02285	0.02084	0.01263	0.01470	0.01044	0.00818	0.00721	0.00207	0.01389	0.00527	0.00423	0.00950
12	0.77733	0.01534	0.01166	0.01043	0.01534	0.01779	0.00859	0.02331	0.01350	0.03558	0.01104	0.01288	0.00859	0.00736	0.00491	0.00245	0.00613	0.00429	0.00491	0.00859
13	0.01735	0.01735	0.02429	0.02082	0.02082	0.02429	0.01735	0.01908	0.01214	0.01908	0.01041	0.01735	0.01041	0.01388	0.02602	0.00347	0.70680	0.00694	0.00347	0.00867
14	0.00971	0.00709	0.00914	0.01065	0.01143	0.00652	0.00722	0.01128	0.01589	0.02098	0.08046	0.61006	0.12268	0.02386	0.01000	0.00312	0.00449	0.02146	0.00743	0.00652
15	0.00994	0.00783	0.00897	0.00917	0.01118	0.00686	0.00669	0.01229	0.01869	0.02402	0.23364	0.19949	0.38310	0.01998	0.00952	0.00274	0.00406	0.01724	0.00774	0.00686
16	0.00966	0.00690	0.00920	0.01104	0.01150	0.00644	0.00736	0.01104	0.01518	0.02024	0.04371	0.71614	0.05245	0.02484	0.01012	0.00322	0.00460	0.02254	0.00736	0.00644
17	0.02120	0.72609	0.04155	0.01357	0.02035	0.03138	0.01357	0.02374	0.01611	0.01866	0.01102	0.01272	0.01018	0.00678	0.00509	0.00170	0.00848	0.00424	0.00339	0.01018
18	0.01609	0.03993	0.64835	0.02388	0.06568	0.01844	0.02905	0.02507	0.01681	0.02515	0.01426	0.01688	0.01017	0.00751	0.00755	0.00250	0.01161	0.00592	0.00338	0.01176
19	0.02120	0.72609	0.04155	0.01357	0.02035	0.03138	0.01357	0.02374	0.01611	0.01866	0.01102	0.01272	0.01018	0.00678	0.00509	0.00170	0.00848	0.00424	0.00339	0.01018
20	0.01006	0.00754	0.01085	0.01202	0.01281	0.00704	0.03524	0.01167	0.01534	0.02047	0.04249	0.68567	0.05067	0.02405	0.01009	0.00320	0.00499	0.02196	0.00721	0.00663
21	0.01590	0.04102	0.68023	0.02260	0.03432	0.01842	0.02930	0.02511	0.01674	0.02511	0.01423	0.01674	0.01005	0.00753	0.00753	0.00251	0.01172	0.00586	0.00335	0.01172
22	0.01498	0.01409	0.02378	0.70226	0.05462	0.01762	0.02202	0.02026	0.01586	0.02026	0.01409	0.02114	0.01057	0.00793	0.00793	0.00264	0.01057	0.00705	0.00352	0.00881
23	0.06250	0.01736	0.01806	0.01599	0.02065	0.02001	0.01254	0.08982	0.57179	0.03466	0.03003	0.02781	0.02248	0.01047	0.00788	0.00265	0.00647	0.00856	0.00788	0.01241
24	0.01994	0.01774	0.01795	0.01629	0.02065	0.05196	0.01270	0.04064	0.60194	0.03214	0.03167	0.03115	0.02435	0.01106	0.00814	0.00270	0.00671	0.03226	0.00785	0.01219
25	0.01153	0.00769	0.00865	0.00865	0.00865	0.00769	0.00480	0.01153	0.01153	0.01538	0.02499	0.05189	0.02883	0.72131	0.04036	0.00769	0.00769	0.01153	0.00480	0.00480
26	0.00945	0.00804	0.00815	0.00812	0.01076	0.00673	0.00609	0.01154	0.01827	0.02188	0.10609	0.07557	0.64258	0.01991	0.00937	0.00267	0.00400	0.01663	0.00742	0.00673
27	0.01173	0.00865	0.01108	0.01069	0.01272	0.00822	0.00823	0.01630	0.05278	0.03058	0.54580	0.06172	0.09360	0.01671	0.00946	0.00263	0.00426	0.07867	0.00849	0.00768
28	0.53960	0.04946	0.01605	0.01248	0.01786	0.01959	0.01040	0.16077	0.01932	0.07155	0.01386	0.01496	0.01031	0.00794	0.00574	0.00240	0.00684	0.00511	0.00576	0.00999
29	0.01879	0.01520	0.01593	0.01448	0.01846	0.01738	0.01122	0.03764	0.53580	0.03249	0.03106	0.02958	0.02347	0.01047	0.00759	0.00253	0.00579	0.00867	0.15190	0.01157
30	0.77733	0.01534	0.01166	0.01043	0.01534	0.01779	0.00859	0.02331	0.01350	0.03558	0.01104	0.01288	0.00859	0.00736	0.00491	0.00245	0.00613	0.00429	0.00491	0.00859
31	0.01169	0.00902	0.01227	0.01153	0.01359	0.00857	0.03605	0.01618	0.06055	0.02878	0.44516	0.18796	0.09331	0.01736	0.00943	0.00267	0.00452	0.01554	0.00814	0.00770
32	0.00937	0.00803	0.00803	0.00803	0.01071	0.00669	0.00602	0.01138	0.01807	0.02142	0.08033	0.07632	0.66863	0.02008	0.00937	0.00268	0.00402	0.01674	0.00736	0.00669
33	0.54518	0.01476	0.01377	0.01158	0.01687	0.01587	0.00955	0.02811	0.01638	0.23643	0.01738	0.01730	0.01204	0.00813	0.00587	0.00245	0.00633	0.00545	0.00644	0.01012
34	0.01858	0.01487	0.01725	0.01248	0.01942	0.01199	0.01005	0.08225	0.01875	0.05516	0.01529	0.01713	0.01224	0.00639	0.00616	0.00135	0.00619	0.00507	0.00523	0.66414
35	0.01246	0.00890	0.01242	0.01424	0.01593	0.00886	0.01223	0.01588	0.01794	0.02338	0.04216	0.15299	0.04633	0.02220	0.01087	0.00361	0.00703	0.55805	0.00731	0.00721
36	0.02025	0.51005	0.20831	0.01630	0.02424	0.06248	0.01779	0.02452	0.01661	0.02039	0.01193	0.01386	0.01014	0.00705	0.00584	0.00193	0.00964	0.00471	0.00342	0.01053
37	0.01028	0.00846	0.00981	0.01083	0.03978	0.00745	0.00763	0.01260	0.01811	0.02254	0.11995	0.15005	0.46670	0.01991	0.00952	0.00279	0.00456	0.06468	0.00733	0.00703
38	0.01122	0.00811	0.01060	0.00998	0.01185	0.00748	0.00748	0.01496	0.02245	0.03180	0.66766	0.05923	0.07482	0.01621	0.00935	0.00249	0.00374	0.01434	0.00873	0.00748
39	0.02835	0.02132	0.02279	0.01788	0.02391	0.02375	0.01464	0.54157	0.14404	0.04708	0.02132	0.02085	0.01533	0.00973	0.00796	0.00243	0.00830	0.00745	0.00796	0.01332
40	0.01076	0.00809	0.00996	0.00949	0.01156	0.00728	0.00712	0.01407	0.02135	0.02920	0.52053	0.06351	0.22358	0.01718	0.00936	0.00254	0.00381	0.01494	0.00839	0.00728
41	0.01129	0.00907	0.00997	0.00946	0.01212	0.00831	0.00717	0.03818	0.05366	0.02642	0.26225	0.06627	0.42124	0.01796	0.00924	0.00261	0.00423	0.01520	0.00786	0.00751
42	0.00962	0.00798	0.00846	0.00877	0.01116	0.00682	0.00660	0.01166	0.01777	0.02144	0.07392	0.14696	0.56221	0.02072	0.00955	0.00280	0.00429	0.05521	0.00736	0.00670
43	0.03012	0.02307	0.02372	0.01837	0.02459	0.06139	0.01509	0.61144	0.03646	0.04828	0.01866	0.01878	0.01330	0.00944	0.00789	0.00236	0.00903	0.00703	0.00772	0.01325
44	0.01972	0.01703	0.01793	0.01614	0.02062	0.01972	0.01255	0.04214	0.65752	0.03317	0.03228	0.02959	0.02421	0.01076	0.00807	0.00269	0.00628	0.00897	0.00807	0.01255
45	0.01972	0.01703	0.01793	0.01614	0.02062	0.01972	0.01255	0.04214	0.65752	0.03317	0.03228	0.02959	0.02421	0.01076	0.00807	0.00269	0.00628	0.00897	0.00807	0.01255
46	0.01076	0.00813	0.01195	0.01284	0.01401	0.00769	0.04346	0.01291	0.01621	0.02161	0.06871	0.54361	0.05002	0.02297	0.01019	0.00323	0.00551	0.12210	0.00722	0.00687
47	0.01590	0.04102	0.68023	0.02260	0.03432	0.01842	0.02930	0.02511	0.01674	0.02511	0.01423	0.01674	0.01005	0.00753	0.00753	0.00251	0.01172	0.00586	0.00335	0.01172
48	0.01015	0.00738	0.00970	0.01097	0.01190	0.00675	0.00747	0.01188	0.01598	0.02169	0.10553	0.61511	0.05271	0.02304	0.00983	0.00305	0.00458	0.02083	0.00737	0.04409
49	0.06535	0.01464	0.01653	0.01229	0.01880	0.01224	0.00982	0.08302	0.01830	0.02862	0.01586	0.05090	0.01372	0.00727	0.00623	0.00148	0.00612	0.00580	0.00517	0.60785
50	0.01972	0.01703	0.01793	0.01614	0.02062	0.01972	0.01255	0.04214	0.65752	0.03317	0.03228	0.02959	0.02421	0.01076	0.00807	0.00269	0.00628	0.00897	0.00807	0.01255
51	0.00980	0.00700	0.00937	0.01121	0.01173	0.00656	0.00761	0.01129	0.01532	0.02040	0.04363	0.68729	0.05213	0.02471	0.01016	0.00324	0.00473	0.04997	0.00736	0.00648
52	0.01633	0.06359	0.59488	0.02330	0.06052	0.01921	0.02789	0.02471	0.01653	0.02460	0.01394	0.01675	0.01018	0.00782	0.00843	0.00253	0.04795	0.00591	0.00338	0.01154
53	0.02967	0.03636	0.02259	0.02023	0.02452	0.62819	0.01530	0.08824	0.02384	0.02223	0.01288	0.01474	0.01052	0.00830	0.00722	0.00207	0.01379	0.00529	0.00444	0.00959
54	0.77733	0.01534	0.01166	0.01043	0.01534	0.01779	0.00859	0.02331	0.01350	0.03558	0.01104	0.01288	0.00859	0.00736	0.00491	0.00245	0.00613	0.00429	0.00491	0.00859
55	0.03558	0.01350	0.01840	0.01411	0.02024	0.01166	0.01166	0.03865	0.02270	0.67734	0.03128	0.02699	0.01963	0.00981	0.00797	0.00245	0.00675	0.00797	0.00981	0.01350
56	0.00966	0.00804	0.00843	0.00834	0.01089	0.00682	0.00625	0.01194	0.01876	0.02304	0.17213	0.07365	0.57582	0.01948	0.00937	0.00265	0.00397	0.01636	0.00758	0.00682
57	0.01571	0.01510	0.02394	0.49256	0.04422	0.01967	0.02058	0.01990	0.01471	0.01990	0.01296	0.01997	0.01052	0.00976	0.01350	0.00290	0.22482	0.00701	0.00351	0.00877
58	0.00976	0.00760	0.00890	0.00978	0.01142	0.00675	0.00704	0.01164	0.01698	0.02140	0.08241	0.35528	0.34431	0.02213	0.00979	0.00296	0.00445	0.05336	0.00741	0.00665
59	0.01095	0.00838	0.01009	0.00975	0.01187	0.00770	0.00727	0.01483	0.04701	0.02819	0.43574	0.10416	0.23957	0.01763	0.00935	0.00260	0.00398	0.01531	0.00823	0.00740
60	0.01135	0.00841	0.01230	0.01230	0.01357	0.00967	0.00936	0.01388	0.01261	0.01808	0.02164	0.03339	0.02079	0.13081	0.61988	0.01220	0.01978	0.00882	0.00431	0.00683
61	0.01644	0.01409	0.01644	0.01175	0.01879	0.01057	0.00940	0.01997	0.01644	0.02584	0.01409	0.01644	0.01175	0.00587	0.00587	0.00117	0.00587	0.00470	0.00470	0.76979
62	0.02320	0.01891	0.01953	0.01673	0.02171	0.04482	0.01323	0.18781	0.46045	0.06091	0.02831	0.02638	0.02093	0.01033	0.00800	0.00258	0.00718	0.00835	0.00796	0.01269
63	0.01184	0.00788	0.01042	0.01064	0.01214	0.00726	0.00765	0.01455	0.01940	0.06072	0.37186	0.33391	0.06252	0.01951	0.00960	0.00280	0.00426	0.01746	0.00821	0.00736
64	0.00976	0.00694	0.00917	0.01092	0.01135	0.00651	0.00723	0.01107	0.01499	0.01999	0.04272	0.68131	0.05121	0.06136	0.01171	0.00345	0.00476	0.02197	0.00723	0.00636
65	0.02032	0.01733	0.01826	0.01626	0.02085	0.02000	0.01269	0.07640	0.62229	0.03413	0.03152	0.02899	0.02360	0.01069	0.00806	0.00267	0.00641	0.00886	0.00806	0.01260
66	0.01644	0.01409	0.01644	0.01175	0.01879	0.01057	0.00940	0.01997	0.01644	0.02584	0.01409	0.01644	0.01175	0.00587	0.00587	0.00117	0.00587	0.00470	0.00470	0.76979
67	0.00975	0.00790	0.00865	0.00878	0.01102	0.00680	0.00646	0.01199	0.01849	0.02316	0.18237	0.15642	0.48052	0.02000	0.00947	0.00271	0.00404	0.01706	0.00761	0.00680
68	0.01340	0.00860	0.01122	0.01028	0.01258	0.00784	0.00781	0.01701	0.02230	0.09091	0.58664	0.05691	0.09234	0.01577	0.00923	0.00250	0.00403	0.01385	0.00878	0.00801
69	0.01892	0.01649	0.02094	0.25615	0.05519	0.01936	0.01646	0.08300	0.36178	0.02980	0.02428	0.02545	0.01819	0.00955	0.00800	0.00264	0.00808	0.00808	0.00633	0.01133

[dist]
# distance from previous block
# <min> <max>
3	4

[block]
# block no. 4 follows, 24 sequences, length 13
# corresponding to MSA columns:
# 231-243
name=unknown_E
#
# <colnr> <probs for GDERKNQSTAVLIFYWHMCP>
#	G	D	E	R	K	N	Q	S	T	A	V	L	I	F	Y	W	H	M	C	P
0	0.02450	0.01562	0.02114	0.01567	0.02236	0.01371	0.07867	0.09174	0.04374	0.24267	0.02111	0.02117	0.01499	0.00780	0.00723	0.00193	0.00727	0.00668	0.00676	0.33525
1	0.08277	0.02169	0.02175	0.01730	0.02314	0.07532	0.01408	0.43730	0.10219	0.09416	0.02037	0.02002	0.01455	0.00942	0.00767	0.00240	0.00855	0.00704	0.00757	0.01269
2	0.01895	0.01815	0.03096	0.14414	0.58169	0.01866	0.02400	0.02374	0.01773	0.02508	0.01480	0.01985	0.01227	0.00719	0.00786	0.00240	0.00959	0.00706	0.00387	0.01201
3	0.10843	0.02370	0.02183	0.01762	0.02329	0.13549	0.01423	0.42910	0.08059	0.04199	0.01808	0.01841	0.01325	0.00916	0.00749	0.00236	0.00920	0.00664	0.00697	0.01217
4	0.01649	0.11689	0.60950	0.02160	0.03277	0.01985	0.02756	0.02496	0.01667	0.02440	0.01388	0.01630	0.01006	0.00745	0.00726	0.00242	0.01136	0.00568	0.00335	0.01155
5	0.02685	0.03043	0.02259	0.01982	0.02359	0.42739	0.01539	0.11986	0.07549	0.02495	0.01460	0.01676	0.01188	0.00952	0.01046	0.00238	0.12713	0.00603	0.00487	0.01001
6	0.67999	0.01623	0.01324	0.01145	0.01654	0.01868	0.00943	0.10436	0.01659	0.03745	0.01208	0.01368	0.00923	0.00764	0.00530	0.00244	0.00647	0.00466	0.00530	0.00923
7	0.54995	0.01618	0.06469	0.01150	0.01644	0.01611	0.01015	0.02347	0.03881	0.05290	0.03415	0.04784	0.01438	0.00875	0.00573	0.00245	0.00627	0.00604	0.06528	0.00891
8	0.01749	0.01666	0.02833	0.34900	0.38822	0.01828	0.02327	0.02246	0.01705	0.02331	0.01454	0.02032	0.01165	0.00746	0.00789	0.00249	0.00995	0.00706	0.00374	0.01084
9	0.02453	0.01723	0.01904	0.01546	0.01992	0.01879	0.01231	0.43775	0.02935	0.03992	0.02072	0.07673	0.01723	0.01370	0.01172	0.12899	0.00767	0.00836	0.06983	0.01076
10	0.01926	0.33463	0.35435	0.01856	0.02756	0.07694	0.02145	0.02504	0.01692	0.02189	0.01270	0.01482	0.01011	0.00726	0.00645	0.00212	0.01053	0.00511	0.00343	0.01086
11	0.01624	0.08450	0.63969	0.02203	0.03343	0.01924	0.02830	0.02503	0.01670	0.02470	0.01403	0.01649	0.01005	0.00749	0.00738	0.00246	0.01151	0.00576	0.00335	0.01162
12	0.02244	0.02243	0.01900	0.01665	0.02133	0.20352	0.01288	0.08339	0.33712	0.02939	0.02631	0.02558	0.05071	0.00993	0.00765	0.00234	0.00853	0.00772	0.00659	0.08650

[dist]
# distance from previous block
# <min> <max>
7	34

[block]
# block no. 5 follows, 24 sequences, length 395
# corresponding to MSA columns:
# 278-672
name=unknown_F
#
# <colnr> <probs for GDERKNQSTAVLIFYWHMCP>
#	G	D	E	R	K	N	Q	S	T	A	V	L	I	F	Y	W	H	M	C	P
0	0.74797	0.01633	0.03743	0.01090	0.01607	0.01781	0.00939	0.02338	0.01362	0.03517	0.01116	0.01303	0.00864	0.00737	0.00501	0.00246	0.00635	0.00435	0.00485	0.00871
1	0.01963	0.01884	0.03219	0.04867	0.67185	0.01884	0.02434	0.02434	0.01806	0.02591	0.01492	0.01963	0.01256	0.00707	0.00785	0.00236	0.00942	0.00707	0.00393	0.01256
2	0.01953	0.02072	0.04423	0.03164	0.03953	0.01928	0.58751	0.02591	0.01885	0.05994	0.01678	0.02151	0.01242	0.00682	0.00916	0.00261	0.01276	0.00912	0.00434	0.03733
3	0.07158	0.39190	0.28035	0.01703	0.02530	0.02527	0.01931	0.02406	0.01602	0.02229	0.01222	0.01442	0.01002	0.00737	0.00676	0.00212	0.03493	0.00495	0.00348	0.01059
4	0.01593	0.01507	0.02551	0.56801	0.18139	0.01787	0.02250	0.02110	0.01631	0.02142	0.01426	0.02083	0.01098	0.00775	0.00791	0.00258	0.01033	0.00705	0.00361	0.00958
5	0.01915	0.01116	0.01414	0.01253	0.01621	0.01029	0.00989	0.04644	0.05908	0.19409	0.18741	0.14269	0.06176	0.01488	0.00878	0.00259	0.00563	0.08121	0.00808	0.09400
6	0.01262	0.00947	0.01184	0.01188	0.01408	0.00871	0.00868	0.05804	0.01768	0.02435	0.07867	0.45430	0.04369	0.01970	0.00925	0.00279	0.00526	0.06400	0.00703	0.13794
7	0.29840	0.28206	0.12090	0.01430	0.02057	0.02315	0.01423	0.02405	0.01521	0.05320	0.01229	0.01431	0.00998	0.00777	0.00709	0.00226	0.06132	0.00486	0.00421	0.00984
8	0.02494	0.01831	0.02021	0.01621	0.02122	0.01997	0.01320	0.46863	0.03215	0.04336	0.12083	0.03062	0.02546	0.04039	0.03336	0.00303	0.00828	0.04038	0.00777	0.01168
9	0.06726	0.07585	0.37569	0.02057	0.02908	0.11683	0.04335	0.05908	0.01853	0.05979	0.01454	0.01676	0.01076	0.00814	0.00836	0.00244	0.05185	0.00592	0.00417	0.01104
10	0.01795	0.02337	0.13546	0.06967	0.03981	0.01910	0.47946	0.02473	0.01813	0.02509	0.01555	0.02040	0.01164	0.00683	0.00880	0.00256	0.01251	0.00843	0.00393	0.05658
11	0.01846	0.02061	0.04303	0.03104	0.03830	0.01987	0.55070	0.02453	0.01800	0.02487	0.01543	0.02074	0.01187	0.00727	0.01063	0.00266	0.07420	0.00887	0.00400	0.05492
12	0.01478	0.00739	0.00739	0.00739	0.00924	0.00739	0.00554	0.01848	0.01663	0.02956	0.02587	0.02956	0.02033	0.00924	0.00554	0.00185	0.00370	0.00739	0.76534	0.00739
13	0.02669	0.01396	0.01704	0.01377	0.01863	0.01360	0.01103	0.14126	0.08328	0.33525	0.12585	0.03486	0.06679	0.04880	0.00997	0.00276	0.00650	0.00957	0.00874	0.01165
14	0.01713	0.01703	0.02387	0.02053	0.02058	0.02377	0.01708	0.01890	0.01217	0.01906	0.01080	0.01785	0.01075	0.01554	0.05016	0.00381	0.68188	0.00700	0.00350	0.00862
15	0.11448	0.01555	0.01861	0.01481	0.02040	0.01569	0.01214	0.12540	0.10112	0.41069	0.02658	0.02422	0.01772	0.00977	0.00832	0.00251	0.03328	0.00753	0.00854	0.01265
16	0.00968	0.00777	0.00854	0.00890	0.01091	0.00674	0.00640	0.01162	0.01756	0.02183	0.12120	0.21658	0.45545	0.04722	0.01070	0.00297	0.00426	0.01763	0.00739	0.00664
17	0.01142	0.00764	0.00868	0.00880	0.00883	0.00761	0.00496	0.01150	0.01176	0.01568	0.02614	0.09296	0.03029	0.67826	0.03849	0.00741	0.00750	0.01221	0.00496	0.00491
18	0.02195	0.01903	0.01958	0.01786	0.04411	0.06161	0.01359	0.14765	0.46333	0.03474	0.02840	0.02847	0.02176	0.01063	0.00808	0.00262	0.00735	0.02928	0.00763	0.01233
19	0.05433	0.02268	0.02169	0.01726	0.02284	0.11117	0.01400	0.48447	0.03259	0.04353	0.01849	0.01917	0.01351	0.00924	0.00750	0.00229	0.00891	0.00679	0.07734	0.01218
20	0.01762	0.01521	0.01882	0.01371	0.02063	0.01255	0.04821	0.06026	0.05537	0.02773	0.01558	0.01767	0.01260	0.00643	0.00634	0.00143	0.00653	0.00538	0.00505	0.63289
21	0.03558	0.01350	0.01840	0.01411	0.02024	0.01166	0.01166	0.03865	0.02270	0.67734	0.03128	0.02699	0.01963	0.00981	0.00797	0.00245	0.00675	0.00797	0.00981	0.01350
22	0.02521	0.01516	0.01771	0.01490	0.01983	0.01586	0.01186	0.07454	0.32607	0.26659	0.09598	0.03104	0.02707	0.01090	0.00816	0.00257	0.00634	0.00905	0.00876	0.01243
23	0.02907	0.03524	0.02231	0.01999	0.02429	0.59354	0.01513	0.08352	0.06207	0.02279	0.01403	0.01562	0.01133	0.00844	0.00727	0.00211	0.01335	0.00551	0.00465	0.00975
24	0.01144	0.00841	0.01070	0.01183	0.01290	0.00840	0.00823	0.04643	0.05500	0.02248	0.04041	0.59797	0.04679	0.02521	0.04964	0.00370	0.00589	0.02009	0.00725	0.00722
25	0.03051	0.01337	0.01744	0.01406	0.01924	0.01225	0.01131	0.10355	0.02308	0.49268	0.03201	0.14422	0.02455	0.01236	0.00834	0.00258	0.00661	0.01038	0.00918	0.01228
26	0.01644	0.01409	0.01644	0.01175	0.01879	0.01057	0.00940	0.01997	0.01644	0.02584	0.01409	0.01644	0.01175	0.00587	0.00587	0.00117	0.00587	0.00470	0.00470	0.76979
27	0.01133	0.00850	0.01274	0.01274	0.01416	0.00991	0.00991	0.01416	0.01274	0.01841	0.02124	0.03115	0.01982	0.05947	0.68989	0.01274	0.02124	0.00850	0.00425	0.00708
28	0.01608	0.03980	0.64107	0.02327	0.03476	0.01852	0.06724	0.02513	0.01686	0.02513	0.01434	0.01703	0.01017	0.00748	0.00765	0.00252	0.01182	0.00608	0.00339	0.01166
29	0.00987	0.00699	0.00914	0.01077	0.01118	0.00658	0.00708	0.01110	0.01478	0.01970	0.04162	0.64211	0.04982	0.10246	0.01349	0.00372	0.00494	0.02132	0.00708	0.00626
30	0.02937	0.03103	0.02276	0.01942	0.02437	0.41081	0.01510	0.26120	0.05694	0.03144	0.01570	0.01677	0.01207	0.00879	0.00748	0.00220	0.01185	0.00604	0.00570	0.01095
31	0.01153	0.00769	0.00865	0.00865	0.00865	0.00769	0.00480	0.01153	0.01153	0.01538	0.02499	0.05189	0.02883	0.72131	0.04036	0.00769	0.00769	0.01153	0.00480	0.00480
32	0.01855	0.02258	0.08505	0.03277	0.04101	0.01995	0.60598	0.02538	0.01860	0.02538	0.01593	0.02111	0.01191	0.00674	0.00925	0.00266	0.01327	0.00915	0.00397	0.01076
33	0.00966	0.00690	0.00920	0.01104	0.01150	0.00644	0.00736	0.01104	0.01518	0.02024	0.04371	0.71614	0.05245	0.02484	0.01012	0.00322	0.00460	0.02254	0.00736	0.00644
34	0.00972	0.00694	0.00925	0.01100	0.01151	0.00648	0.00737	0.01118	0.01545	0.02066	0.06639	0.69226	0.05326	0.02453	0.01009	0.00319	0.00457	0.02225	0.00741	0.00648
35	0.01122	0.00811	0.01060	0.00998	0.01185	0.00748	0.00748	0.01496	0.02245	0.03180	0.66766	0.05923	0.07482	0.01621	0.00935	0.00249	0.00374	0.01434	0.00873	0.00748
36	0.01513	0.01425	0.02407	0.68022	0.07542	0.01766	0.02210	0.02040	0.01593	0.02045	0.01412	0.02109	0.01064	0.00790	0.00793	0.00263	0.01053	0.00705	0.00354	0.00894
37	0.72289	0.01520	0.01215	0.01070	0.01570	0.01734	0.00881	0.02444	0.01417	0.08268	0.01253	0.01392	0.00940	0.00754	0.00513	0.00245	0.00618	0.00456	0.00527	0.00895
38	0.03558	0.01350	0.01840	0.01411	0.02024	0.01166	0.01166	0.03865	0.02270	0.67734	0.03128	0.02699	0.01963	0.00981	0.00797	0.00245	0.00675	0.00797	0.00981	0.01350
39	0.01478	0.00739	0.00739	0.00739	0.00924	0.00739	0.00554	0.01848	0.01663	0.02956	0.02587	0.02956	0.02033	0.00924	0.00554	0.00185	0.00370	0.00739	0.76534	0.00739
40	0.00966	0.00690	0.00920	0.01104	0.01150	0.00644	0.00736	0.01104	0.01518	0.02024	0.04371	0.71614	0.05245	0.02484	0.01012	0.00322	0.00460	0.02254	0.00736	0.00644
41	0.00966	0.00690	0.00920	0.01104	0.01150	0.00644	0.00736	0.01104	0.01518	0.02024	0.04371	0.71614	0.05245	0.02484	0.01012	0.00322	0.00460	0.02254	0.00736	0.00644
42	0.03558	0.01350	0.01840	0.01411	0.02024	0.01166	0.01166	0.03865	0.02270	0.67734	0.03128	0.02699	0.01963	0.00981	0.00797	0.00245	0.00675	0.00797	0.00981	0.01350
43	0.77733	0.01534	0.01166	0.01043	0.01534	0.01779	0.00859	0.02331	0.01350	0.03558	0.01104	0.01288	0.00859	0.00736	0.00491	0.00245	0.00613	0.00429	0.00491	0.00859
44	0.00966	0.00690	0.00920	0.01104	0.01150	0.00644	0.00736	0.01104	0.01518	0.02024	0.04371	0.71614	0.05245	0.02484	0.01012	0.00322	0.00460	0.02254	0.00736	0.00644
45	0.01590	0.04102	0.68023	0.02260	0.03432	0.01842	0.02930	0.02511	0.01674	0.02511	0.01423	0.01674	0.01005	0.00753	0.00753	0.00251	0.01172	0.00586	0.00335	0.01172
46	0.03014	0.02221	0.02380	0.01825	0.02459	0.02459	0.01507	0.64541	0.03728	0.04998	0.01904	0.01904	0.01349	0.00952	0.00793	0.00238	0.00873	0.00714	0.00793	0.01349
47	0.01644	0.01409	0.01644	0.01175	0.01879	0.01057	0.00940	0.01997	0.01644	0.02584	0.01409	0.01644	0.01175	0.00587	0.00587	0.00117	0.00587	0.00470	0.00470	0.76979
48	0.01972	0.01703	0.01793	0.01614	0.02062	0.01972	0.01255	0.04214	0.65752	0.03317	0.03228	0.02959	0.02421	0.01076	0.00807	0.00269	0.00628	0.00897	0.00807	0.01255
49	0.01735	0.01735	0.02429	0.02082	0.02082	0.02429	0.01735	0.01908	0.01214	0.01908	0.01041	0.01735	0.01041	0.01388	0.02602	0.00347	0.70680	0.00694	0.00347	0.00867
50	0.03457	0.01353	0.01830	0.01398	0.02017	0.01160	0.01154	0.03766	0.02237	0.64284	0.03037	0.02643	0.01921	0.00961	0.00786	0.00239	0.00670	0.00780	0.00954	0.05354
51	0.00983	0.00702	0.00939	0.01123	0.01176	0.00658	0.00765	0.01133	0.01534	0.02043	0.04362	0.68296	0.05209	0.02469	0.01017	0.00324	0.00474	0.05410	0.00736	0.00649
52	0.01498	0.01409	0.02378	0.70226	0.05462	0.01762	0.02202	0.02026	0.01586	0.02026	0.01409	0.02114	0.01057	0.00793	0.00793	0.00264	0.01057	0.00705	0.00352	0.00881
53	0.03558	0.01350	0.01840	0.01411	0.02024	0.01166	0.01166	0.03865	0.02270	0.67734	0.03128	0.02699	0.01963	0.00981	0.00797	0.00245	0.00675	0.00797	0.00981	0.01350
54	0.02120	0.72609	0.04155	0.01357	0.02035	0.03138	0.01357	0.02374	0.01611	0.01866	0.01102	0.01272	0.01018	0.00678	0.00509	0.00170	0.00848	0.00424	0.00339	0.01018
55	0.03558	0.01350	0.01840	0.01411	0.02024	0.01166	0.01166	0.03865	0.02270	0.67734	0.03128	0.02699	0.01963	0.00981	0.00797	0.00245	0.00675	0.00797	0.00981	0.01350
56	0.02095	0.69374	0.07171	0.01400	0.02101	0.03077	0.01431	0.02381	0.01614	0.01896	0.01118	0.01291	0.01017	0.00682	0.00520	0.00173	0.00863	0.00432	0.00339	0.01025
57	0.01644	0.01409	0.01644	0.01175	0.01879	0.01057	0.00940	0.01997	0.01644	0.02584	0.01409	0.01644	0.01175	0.00587	0.00587	0.00117	0.00587	0.00470	0.00470	0.76979
58	0.09989	0.02238	0.02259	0.01763	0.02372	0.05867	0.01448	0.55527	0.03429	0.04704	0.01794	0.01822	0.01286	0.00925	0.00761	0.00237	0.00877	0.00677	0.00745	0.01280
59	0.03558	0.01350	0.01840	0.01411	0.02024	0.01166	0.01166	0.03865	0.02270	0.67734	0.03128	0.02699	0.01963	0.00981	0.00797	0.00245	0.00675	0.00797	0.00981	0.01350
60	0.01880	0.02115	0.04539	0.03489	0.10209	0.01994	0.58353	0.02530	0.01865	0.02545	0.01593	0.02122	0.01208	0.00672	0.00921	0.00264	0.01299	0.00914	0.00400	0.01087
61	0.03014	0.02221	0.02380	0.01825	0.02459	0.02459	0.01507	0.64541	0.03728	0.04998	0.01904	0.01904	0.01349	0.00952	0.00793	0.00238	0.00873	0.00714	0.00793	0.01349
62	0.03558	0.01350	0.01840	0.01411	0.02024	0.01166	0.01166	0.03865	0.02270	0.67734	0.03128	0.02699	0.01963	0.00981	0.00797	0.00245	0.00675	0.00797	0.00981	0.01350
63	0.03014	0.02221	0.02380	0.01825	0.02459	0.02459	0.01507	0.64541	0.03728	0.04998	0.01904	0.01904	0.01349	0.00952	0.00793	0.00238	0.00873	0.00714	0.00793	0.01349
64	0.03258	0.01320	0.01768	0.01385	0.01951	0.01171	0.01133	0.03672	0.05603	0.58597	0.08804	0.03000	0.02479	0.01043	0.00810	0.00247	0.00645	0.00859	0.00963	0.01291
65	0.01972	0.01703	0.01793	0.01614	0.02062	0.01972	0.01255	0.04214	0.65752	0.03317	0.03228	0.02959	0.02421	0.01076	0.00807	0.00269	0.00628	0.00897	0.00807	0.01255
66	0.01151	0.00844	0.01246	0.01246	0.01390	0.00978	0.00968	0.01439	0.01295	0.01900	0.02149	0.03107	0.01985	0.05681	0.65365	0.01217	0.02031	0.00844	0.04455	0.00710
67	0.00937	0.00803	0.00803	0.00803	0.01071	0.00669	0.00602	0.01138	0.01807	0.02142	0.08033	0.07632	0.66863	0.02008	0.00937	0.00268	0.00402	0.01674	0.00736	0.00669
68	0.01972	0.01703	0.01793	0.01614	0.02062	0.01972	0.01255	0.04214	0.65752	0.03317	0.03228	0.02959	0.02421	0.01076	0.00807	0.00269	0.00628	0.00897	0.00807	0.01255
69	0.00966	0.00690	0.00920	0.01104	0.01150	0.00644	0.00736	0.01104	0.01518	0.02024	0.04371	0.71614	0.05245	0.02484	0.01012	0.00322	0.00460	0.02254	0.00736	0.00644
70	0.03558	0.01350	0.01840	0.01411	0.02024	0.01166	0.01166	0.03865	0.02270	0.67734	0.03128	0.02699	0.01963	0.00981	0.00797	0.00245	0.00675	0.00797	0.00981	0.01350
71	0.01750	0.02985	0.31993	0.02876	0.03837	0.01935	0.37840	0.02528	0.01787	0.02528	0.01526	0.01939	0.01118	0.00705	0.00857	0.00260	0.01266	0.00785	0.00373	0.01114
72	0.01662	0.10325	0.58182	0.02334	0.07153	0.01964	0.02754	0.02494	0.01676	0.02456	0.01397	0.01654	0.01021	0.00744	0.00733	0.00243	0.01128	0.00578	0.00339	0.01163
73	0.01735	0.01735	0.02429	0.02082	0.02082	0.02429	0.01735	0.01908	0.01214	0.01908	0.01041	0.01735	0.01041	0.01388	0.02602	0.00347	0.70680	0.00694	0.00347	0.00867
74	0.01640	0.01432	0.01802	0.01328	0.01991	0.01142	0.04863	0.02100	0.05020	0.02591	0.01672	0.05397	0.01454	0.00717	0.00643	0.00145	0.00629	0.00614	0.00497	0.64322
75	0.01154	0.00843	0.01241	0.01241	0.01386	0.00976	0.00964	0.01443	0.01298	0.01910	0.02153	0.03105	0.01986	0.05637	0.64758	0.01207	0.02016	0.00843	0.05130	0.00710
76	0.02147	0.70403	0.04094	0.01379	0.02049	0.05247	0.01362	0.02400	0.01632	0.01868	0.01106	0.01277	0.01018	0.00683	0.00515	0.00171	0.00867	0.00427	0.00341	0.01014
77	0.01498	0.01409	0.02378	0.70226	0.05462	0.01762	0.02202	0.02026	0.01586	0.02026	0.01409	0.02114	0.01057	0.00793	0.00793	0.00264	0.01057	0.00705	0.00352	0.00881
78	0.01774	0.01795	0.02452	0.02070	0.02151	0.04466	0.03776	0.01975	0.01295	0.01970	0.01087	0.01733	0.01054	0.01299	0.02368	0.00326	0.62040	0.00683	0.00358	0.05328
79	0.00977	0.00775	0.00878	0.00915	0.01111	0.00677	0.00662	0.01191	0.01808	0.02291	0.17240	0.23866	0.40680	0.02064	0.00956	0.00279	0.00412	0.01782	0.00760	0.00677
80	0.01590	0.04102	0.68023	0.02260	0.03432	0.01842	0.02930	0.02511	0.01674	0.02511	0.01423	0.01674	0.01005	0.00753	0.00753	0.00251	0.01172	0.00586	0.00335	0.01172
81	0.00947	0.00804	0.00817	0.00814	0.01077	0.00674	0.00610	0.01157	0.01831	0.02197	0.11143	0.07541	0.63719	0.01988	0.00937	0.00267	0.00400	0.01661	0.00744	0.00674
82	0.00938	0.00799	0.00808	0.00815	0.01074	0.00668	0.00608	0.01137	0.01796	0.02138	0.07892	0.10098	0.64487	0.02027	0.00940	0.00270	0.00404	0.01696	0.00736	0.00668
83	0.00966	0.00690	0.00920	0.01104	0.01150	0.00644	0.00736	0.01104	0.01518	0.02024	0.04371	0.71614	0.05245	0.02484	0.01012	0.00322	0.00460	0.02254	0.00736	0.00644
84	0.01735	0.01735	0.02429	0.02082	0.02082	0.02429	0.01735	0.01908	0.01214	0.01908	0.01041	0.01735	0.01041	0.01388	0.02602	0.00347	0.70680	0.00694	0.00347	0.00867
85	0.00966	0.00690	0.00920	0.01104	0.01150	0.00644	0.00736	0.01104	0.01518	0.02024	0.04371	0.71614	0.05245	0.02484	0.01012	0.00322	0.00460	0.02254	0.00736	0.00644
86	0.03014	0.02221	0.02380	0.01825	0.02459	0.02459	0.01507	0.64541	0.03728	0.04998	0.01904	0.01904	0.01349	0.00952	0.00793	0.00238	0.00873	0.00714	0.00793	0.01349
87	0.01605	0.04018	0.65582	0.02358	0.05833	0.01843	0.02911	0.02508	0.01679	0.02514	0.01426	0.01685	0.01014	0.00752	0.00755	0.00251	0.01163	0.00591	0.00337	0.01175
88	0.01809	0.01457	0.01698	0.01225	0.01921	0.01148	0.00984	0.05941	0.01799	0.05440	0.01511	0.01704	0.01218	0.00626	0.00609	0.00130	0.00609	0.00499	0.00511	0.69161
