[name]
unknown

[dist]
# distance from previous block
# <min> <max>
15	33

[block]
# block no. 0 follows, 25 sequences, length 19
# corresponding to MSA columns:
# 52-70
name=unknown_A
#
# <colnr> <probs for GDERKNQSTAVLIFYWHMCP>
#	G	D	E	R	K	N	Q	S	T	A	V	L	I	F	Y	W	H	M	C	P
0	0.01975	0.07157	0.16507	0.02141	0.08132	0.04060	0.08540	0.07769	0.16777	0.05310	0.01879	0.02020	0.01426	0.00827	0.00819	0.00232	0.03952	0.00687	0.00522	0.09268
1	0.01661	0.18629	0.35872	0.10009	0.07886	0.01982	0.02210	0.02292	0.01649	0.02315	0.04519	0.01868	0.01351	0.00769	0.00691	0.00226	0.00977	0.00605	0.03440	0.01049
2	0.15612	0.22066	0.05559	0.02455	0.21391	0.02099	0.06158	0.02425	0.04717	0.04828	0.01563	0.05117	0.01348	0.00799	0.00661	0.00223	0.00827	0.00661	0.00441	0.01050
3	0.02320	0.01484	0.01849	0.20103	0.02787	0.06721	0.01386	0.04884	0.07265	0.26213	0.14009	0.02949	0.02594	0.01016	0.00797	0.00244	0.00768	0.00850	0.00711	0.01050
4	0.01436	0.01005	0.04322	0.01058	0.01341	0.00830	0.00864	0.01813	0.02113	0.11115	0.49361	0.05029	0.07852	0.01426	0.00860	0.00239	0.00440	0.01240	0.06837	0.00821
5	0.04993	0.01518	0.09986	0.01302	0.01774	0.01188	0.01170	0.09376	0.02210	0.12897	0.33736	0.03808	0.04239	0.01190	0.00810	0.00231	0.00592	0.01004	0.00745	0.07230
6	0.01790	0.01577	0.02549	0.28030	0.31907	0.01641	0.02015	0.02245	0.01688	0.05801	0.01502	0.01964	0.01182	0.00718	0.00742	0.00224	0.00897	0.00660	0.00411	0.12455
7	0.08056	0.01553	0.02334	0.43167	0.14860	0.01802	0.01958	0.08828	0.03345	0.04625	0.01513	0.01993	0.01139	0.00785	0.00750	0.00249	0.00939	0.00676	0.00437	0.00991
8	0.10471	0.30951	0.02713	0.13123	0.02418	0.02262	0.01353	0.08607	0.01723	0.02365	0.01826	0.02174	0.06561	0.04307	0.00920	0.00245	0.05975	0.00645	0.00436	0.00925
9	0.65469	0.01504	0.01237	0.01084	0.01553	0.01719	0.00888	0.07815	0.01595	0.03575	0.06379	0.01670	0.01392	0.00807	0.00540	0.00240	0.00604	0.00522	0.00536	0.00874
10	0.04318	0.00861	0.01089	0.01028	0.01254	0.00796	0.00771	0.01676	0.02013	0.10504	0.42451	0.16565	0.10404	0.01648	0.00895	0.00257	0.00425	0.01443	0.00819	0.00782
11	0.01014	0.00724	0.00907	0.00985	0.01064	0.00679	0.00657	0.01170	0.01569	0.02110	0.16901	0.39250	0.09553	0.17831	0.01625	0.00394	0.00496	0.01762	0.00691	0.00617
12	0.02293	0.01702	0.02189	0.23744	0.03202	0.01948	0.01630	0.24260	0.09050	0.11229	0.01903	0.02108	0.01379	0.00926	0.00926	0.00251	0.06960	0.00716	0.00617	0.02967
13	0.02749	0.01887	0.02091	0.01660	0.02220	0.02059	0.01354	0.41832	0.14859	0.13869	0.02287	0.02224	0.01630	0.01196	0.04144	0.00289	0.00840	0.00749	0.00788	0.01271
14	0.01058	0.00771	0.00978	0.00987	0.01138	0.00714	0.00719	0.01332	0.01905	0.02612	0.40333	0.18743	0.13087	0.07514	0.01180	0.00306	0.00434	0.04732	0.00775	0.00682
15	0.01020	0.00715	0.00914	0.01029	0.01079	0.00683	0.00683	0.01148	0.01459	0.01955	0.08420	0.46448	0.04649	0.20761	0.01762	0.00426	0.00537	0.05048	0.00664	0.00600
16	0.07810	0.01182	0.01637	0.36194	0.03258	0.01386	0.01421	0.04776	0.01653	0.02569	0.01800	0.02296	0.01382	0.00825	0.00665	0.00227	0.00742	0.00680	0.28668	0.00829
17	0.37502	0.01461	0.01773	0.32466	0.03267	0.01784	0.01500	0.02112	0.01412	0.02674	0.01209	0.01658	0.00941	0.00797	0.00782	0.00256	0.06587	0.00562	0.00408	0.00850
18	0.00956	0.00714	0.00889	0.01000	0.01111	0.00647	0.00691	0.01131	0.01631	0.02136	0.12391	0.49708	0.19720	0.02225	0.00964	0.00295	0.00427	0.01981	0.00735	0.00647

[dist]
# distance from previous block
# <min> <max>
0	2

[block]
# block no. 1 follows, 25 sequences, length 26
# corresponding to MSA columns:
# 73-98
name=unknown_B
#
# <colnr> <probs for GDERKNQSTAVLIFYWHMCP>
#	G	D	E	R	K	N	Q	S	T	A	V	L	I	F	Y	W	H	M	C	P
0	0.01302	0.00921	0.01053	0.01022	0.01124	0.00946	0.00666	0.06890	0.05578	0.02099	0.07255	0.16316	0.03371	0.44964	0.02753	0.00566	0.00673	0.01280	0.00586	0.00637
1	0.01347	0.00673	0.01010	0.01010	0.01010	0.00673	0.00673	0.01010	0.01010	0.01347	0.01347	0.02357	0.01347	0.02694	0.03030	0.77441	0.00673	0.00673	0.00337	0.00337
2	0.01608	0.01378	0.01608	0.01148	0.01837	0.01034	0.00919	0.01952	0.01608	0.02527	0.01378	0.01608	0.01148	0.00574	0.00574	0.00115	0.00574	0.00459	0.00459	0.77491
3	0.01096	0.00762	0.00934	0.00925	0.01010	0.00731	0.00609	0.01269	0.01628	0.02251	0.30995	0.12004	0.05007	0.34790	0.02333	0.00487	0.00554	0.01353	0.00662	0.00600
4	0.25673	0.01583	0.01793	0.21632	0.02834	0.01832	0.01384	0.18770	0.05324	0.03348	0.01600	0.01875	0.01197	0.00824	0.00665	0.00240	0.00773	0.00620	0.07053	0.00981
5	0.01176	0.00833	0.00986	0.00996	0.01168	0.00776	0.00706	0.04506	0.01767	0.04660	0.14839	0.28815	0.22634	0.10934	0.01313	0.00337	0.00487	0.01653	0.00721	0.00692
6	0.01348	0.00932	0.01177	0.01122	0.01348	0.00911	0.00856	0.01919	0.10376	0.07069	0.43739	0.12779	0.05897	0.01609	0.00909	0.00262	0.00450	0.05650	0.00827	0.00820
7	0.05967	0.00861	0.01095	0.01088	0.01288	0.00834	0.00864	0.01549	0.02041	0.02941	0.47965	0.06224	0.06218	0.01666	0.00925	0.00271	0.00465	0.16208	0.00796	0.00734
8	0.01566	0.01540	0.02277	0.58594	0.04751	0.06464	0.02029	0.02027	0.01558	0.01960	0.01369	0.02034	0.01066	0.01017	0.03623	0.00299	0.05937	0.00681	0.00351	0.00856
9	0.15519	0.01269	0.01550	0.01255	0.01753	0.01198	0.01020	0.03127	0.04613	0.43283	0.14264	0.02982	0.02722	0.01035	0.00754	0.00242	0.00595	0.00835	0.00853	0.01130
10	0.01102	0.00757	0.00992	0.01038	0.01122	0.00790	0.00724	0.01281	0.01352	0.01927	0.05190	0.22196	0.03219	0.21389	0.25157	0.00729	0.01071	0.01285	0.08058	0.00623
11	0.01800	0.01706	0.02318	0.50944	0.04465	0.07740	0.01975	0.10422	0.01857	0.02349	0.01401	0.01956	0.01067	0.00839	0.00894	0.00256	0.06010	0.00673	0.00406	0.00924
12	0.57620	0.01530	0.01426	0.09298	0.02060	0.01752	0.01069	0.07717	0.01607	0.07945	0.01319	0.01501	0.00978	0.00761	0.00561	0.00241	0.00676	0.00500	0.00523	0.00916
13	0.01211	0.00761	0.00946	0.00990	0.01061	0.00726	0.00638	0.01311	0.01419	0.06435	0.07207	0.33467	0.04010	0.33614	0.02288	0.00500	0.00594	0.01577	0.00633	0.00612
14	0.01466	0.00805	0.01105	0.01064	0.01124	0.00823	0.00733	0.06517	0.01273	0.01722	0.01556	0.04722	0.01532	0.04516	0.02719	0.63664	0.00674	0.00741	0.02796	0.00446
15	0.08723	0.00902	0.01309	0.01193	0.01321	0.00920	0.05176	0.03314	0.01238	0.01824	0.03815	0.04482	0.01616	0.02260	0.02431	0.57152	0.00698	0.00740	0.00398	0.00488
16	0.01045	0.00746	0.00983	0.01065	0.01170	0.00703	0.00765	0.01277	0.01745	0.02386	0.26633	0.36947	0.05673	0.06991	0.01178	0.00325	0.00470	0.08484	0.00749	0.00664
17	0.01204	0.00877	0.01092	0.01144	0.01231	0.00902	0.00793	0.06618	0.01583	0.02125	0.03487	0.45222	0.04054	0.18324	0.01725	0.00410	0.03965	0.03928	0.00649	0.00665
18	0.68075	0.01483	0.01296	0.10260	0.02007	0.01737	0.01013	0.02240	0.01350	0.03281	0.01119	0.01366	0.00865	0.00727	0.00519	0.00242	0.00657	0.00455	0.00462	0.00843
19	0.01297	0.00937	0.01115	0.01040	0.01163	0.00959	0.00696	0.05717	0.01386	0.01909	0.02357	0.09157	0.02578	0.45970	0.11248	0.00677	0.03088	0.01070	0.00498	0.07138
20	0.02158	0.01679	0.02415	0.25287	0.03440	0.01822	0.09048	0.21874	0.04298	0.08649	0.01748	0.02062	0.01279	0.00910	0.00885	0.03875	0.00916	0.00715	0.00558	0.06383
21	0.10933	0.01915	0.07218	0.04720	0.08935	0.01781	0.17182	0.11022	0.05894	0.02967	0.03557	0.01977	0.01390	0.00776	0.00804	0.00228	0.03342	0.00700	0.00496	0.14162
22	0.08353	0.01364	0.01592	0.03741	0.01918	0.01179	0.00998	0.06193	0.01768	0.09923	0.01854	0.08692	0.01606	0.00842	0.00650	0.00172	0.00608	0.00687	0.00558	0.47301
23	0.13513	0.04406	0.12104	0.11185	0.11399	0.01774	0.14444	0.02216	0.01631	0.02553	0.05464	0.02008	0.01448	0.00797	0.00857	0.00241	0.05802	0.00692	0.00418	0.07050
24	0.01704	0.04998	0.33083	0.02515	0.17618	0.01622	0.04369	0.02325	0.01770	0.07044	0.07707	0.02632	0.07419	0.00915	0.00776	0.00241	0.00924	0.00784	0.00465	0.01090
25	0.02153	0.01681	0.06341	0.07868	0.13383	0.03077	0.03089	0.09845	0.07475	0.17069	0.09326	0.06296	0.04665	0.01043	0.00800	0.00242	0.00764	0.00899	0.00662	0.03322

[dist]
# distance from previous block
# <min> <max>
0	11

[block]
# block no. 2 follows, 25 sequences, length 46
# corresponding to MSA columns:
# 110-155
name=unknown_C
#
# <colnr> <probs for GDERKNQSTAVLIFYWHMCP>
#	G	D	E	R	K	N	Q	S	T	A	V	L	I	F	Y	W	H	M	C	P
0	0.02660	0.01890	0.02091	0.01594	0.02209	0.01963	0.01308	0.45146	0.03067	0.09825	0.04342	0.02027	0.01563	0.00888	0.00742	0.00211	0.00763	0.00685	0.00732	0.16297
1	0.01942	0.01594	0.01753	0.01395	0.03979	0.05659	0.01068	0.07675	0.03937	0.07458	0.04057	0.01896	0.01480	0.00704	0.00640	0.00153	0.00662	0.00561	0.00541	0.52847
2	0.23591	0.01662	0.08847	0.01361	0.01991	0.01370	0.01235	0.03148	0.01884	0.40749	0.02266	0.02110	0.01490	0.00853	0.00684	0.00235	0.00692	0.00645	0.00739	0.04447
3	0.01477	0.01378	0.02264	0.64886	0.05039	0.01663	0.02047	0.01979	0.01555	0.02028	0.01378	0.02028	0.01043	0.00758	0.00758	0.00246	0.00994	0.00669	0.00354	0.07456
4	0.01732	0.01790	0.03284	0.02421	0.03021	0.01747	0.35769	0.02303	0.05174	0.02401	0.01586	0.02132	0.01300	0.04512	0.01208	0.00265	0.10362	0.00793	0.00426	0.17774
5	0.02156	0.01588	0.01673	0.07325	0.02034	0.05652	0.01167	0.27797	0.02458	0.03523	0.02014	0.02260	0.01532	0.00917	0.00753	0.00217	0.03734	0.00695	0.31512	0.00993
6	0.01159	0.00949	0.01393	0.22267	0.02465	0.00996	0.01172	0.01428	0.01515	0.02027	0.03146	0.44872	0.03543	0.01768	0.00889	0.00281	0.00638	0.01594	0.00583	0.07314
7	0.02391	0.01666	0.01838	0.01547	0.02046	0.01820	0.01233	0.16710	0.38178	0.15977	0.03080	0.02836	0.05015	0.01050	0.00790	0.00252	0.00663	0.00855	0.00816	0.01238
8	0.53486	0.01390	0.01319	0.07075	0.01858	0.01551	0.00981	0.02367	0.01552	0.11977	0.08402	0.01993	0.01686	0.00848	0.00591	0.00242	0.00620	0.00595	0.00572	0.00894
9	0.01464	0.01378	0.02326	0.70887	0.05340	0.01723	0.02153	0.01981	0.01550	0.01981	0.01378	0.02067	0.01034	0.00775	0.00775	0.00258	0.01034	0.00689	0.00345	0.00861
10	0.01919	0.01842	0.03147	0.04759	0.67914	0.01842	0.02380	0.02380	0.01765	0.02533	0.01458	0.01919	0.01228	0.00691	0.00768	0.00230	0.00921	0.00691	0.00384	0.01228
11	0.01490	0.01428	0.02481	0.66205	0.05251	0.01739	0.06512	0.02016	0.01570	0.02016	0.01391	0.02069	0.01043	0.00767	0.00785	0.00259	0.01053	0.00705	0.00348	0.00874
12	0.00945	0.00675	0.00900	0.01080	0.01125	0.00630	0.00720	0.01080	0.01484	0.01979	0.04274	0.72245	0.05128	0.02429	0.00990	0.00315	0.00450	0.02204	0.00720	0.00630
13	0.04253	0.01508	0.02145	0.24940	0.03047	0.01930	0.01677	0.08549	0.01560	0.02229	0.01299	0.01934	0.01113	0.01382	0.04208	0.07400	0.28901	0.00681	0.00395	0.00850
14	0.06761	0.01239	0.01936	0.48339	0.04013	0.01473	0.01698	0.01797	0.01423	0.01975	0.01351	0.02052	0.01091	0.01165	0.01219	0.16453	0.00908	0.00657	0.00357	0.04092
15	0.01687	0.00950	0.01200	0.01064	0.01372	0.00857	0.00823	0.02057	0.04244	0.19389	0.35566	0.07315	0.17358	0.01509	0.00879	0.00249	0.00456	0.01298	0.00848	0.00879
16	0.02169	0.01785	0.01888	0.01626	0.02108	0.02041	0.01285	0.18542	0.51701	0.03631	0.02851	0.02650	0.02120	0.01023	0.00786	0.00256	0.00670	0.00835	0.00786	0.01249
17	0.01464	0.01378	0.02326	0.70887	0.05340	0.01723	0.02153	0.01981	0.01550	0.01981	0.01378	0.02067	0.01034	0.00775	0.00775	0.00258	0.01034	0.00689	0.00345	0.00861
18	0.01187	0.00760	0.00995	0.01091	0.01220	0.00697	0.00774	0.01370	0.01638	0.07806	0.08811	0.52516	0.10494	0.02188	0.00964	0.00301	0.00471	0.05264	0.00749	0.00703
19	0.00975	0.00693	0.00910	0.01051	0.01107	0.00650	0.00702	0.01124	0.01534	0.02065	0.10913	0.60113	0.05190	0.07585	0.01202	0.00340	0.00463	0.02038	0.00715	0.00629
20	0.00945	0.00675	0.00900	0.01080	0.01125	0.00630	0.00720	0.01080	0.01484	0.01979	0.04274	0.72245	0.05128	0.02429	0.00990	0.00315	0.00450	0.02204	0.00720	0.00630
21	0.02817	0.01587	0.01857	0.04015	0.02094	0.04465	0.01213	0.21550	0.02504	0.32879	0.06614	0.02719	0.02077	0.06131	0.03598	0.00310	0.00804	0.00806	0.00797	0.01164
22	0.01007	0.00774	0.00876	0.00870	0.01049	0.00692	0.00617	0.01214	0.01760	0.02275	0.23820	0.10717	0.34880	0.14325	0.01453	0.00346	0.00452	0.01516	0.00714	0.00643
23	0.01004	0.00733	0.00952	0.01100	0.01173	0.00703	0.00747	0.01259	0.04915	0.02107	0.07651	0.65016	0.05103	0.02311	0.00975	0.00308	0.00454	0.02091	0.00731	0.00666
24	0.01608	0.01378	0.01608	0.01148	0.01837	0.01034	0.00919	0.01952	0.01608	0.02527	0.01378	0.01608	0.01148	0.00574	0.00574	0.00115	0.00574	0.00459	0.00459	0.77491
25	0.01475	0.01366	0.02247	0.53380	0.04464	0.01693	0.04103	0.01929	0.01520	0.02035	0.01558	0.05732	0.01302	0.00930	0.00977	0.00266	0.08867	0.00777	0.04534	0.00847
26	0.01410	0.01031	0.01664	0.36299	0.03194	0.01205	0.01416	0.01530	0.01306	0.01725	0.01407	0.02230	0.01213	0.01658	0.01798	0.35564	0.00844	0.00683	0.03207	0.00616
27	0.01396	0.00850	0.01115	0.01066	0.01287	0.00775	0.00809	0.01701	0.02020	0.11782	0.39719	0.17401	0.09796	0.01707	0.00919	0.00264	0.00445	0.05333	0.00827	0.00788
28	0.01830	0.02092	0.04575	0.03268	0.04052	0.01961	0.65098	0.02484	0.01830	0.02484	0.01569	0.02092	0.01176	0.00654	0.00915	0.00261	0.01307	0.00915	0.00392	0.01046
29	0.28087	0.01796	0.01874	0.06748	0.02280	0.01996	0.01278	0.32877	0.02556	0.10933	0.01690	0.01758	0.01200	0.00851	0.00677	0.00238	0.00762	0.00613	0.00663	0.01124
30	0.03128	0.01337	0.01792	0.01494	0.04383	0.01203	0.01162	0.07717	0.02237	0.54898	0.03160	0.07364	0.04299	0.01080	0.00798	0.00245	0.00660	0.00895	0.00901	0.01247
31	0.00976	0.00694	0.00921	0.01091	0.01143	0.00655	0.00743	0.01119	0.01486	0.01977	0.04162	0.64198	0.04957	0.06231	0.01156	0.00342	0.00485	0.06334	0.00706	0.00627
32	0.78228	0.01499	0.01140	0.01020	0.01499	0.01739	0.00840	0.02279	0.01320	0.03479	0.01080	0.01260	0.00840	0.00720	0.00480	0.00240	0.00600	0.00420	0.00480	0.00840
33	0.01111	0.00818	0.01179	0.01179	0.01295	0.00933	0.00886	0.01342	0.01226	0.01751	0.02138	0.03384	0.02085	0.16954	0.58739	0.01164	0.01856	0.00880	0.00424	0.00655
34	0.01628	0.01397	0.01617	0.01176	0.01849	0.01091	0.00939	0.02091	0.05771	0.02573	0.01492	0.01690	0.01227	0.00605	0.00588	0.00124	0.00577	0.00486	0.00481	0.72599
35	0.07728	0.00848	0.01039	0.00984	0.01186	0.00814	0.00740	0.01517	0.02088	0.03092	0.59031	0.08300	0.06663	0.01547	0.00880	0.00247	0.00390	0.01353	0.00816	0.00736
36	0.01987	0.01333	0.01425	0.01169	0.01562	0.01372	0.00922	0.24707	0.02318	0.03468	0.02133	0.02504	0.01695	0.05845	0.00866	0.00230	0.00594	0.00708	0.34288	0.10874
37	0.02506	0.01857	0.02007	0.01651	0.02182	0.02068	0.01327	0.30782	0.33565	0.09571	0.02583	0.02421	0.01871	0.00991	0.00782	0.00248	0.00722	0.00790	0.00798	0.01275
38	0.02884	0.02205	0.02275	0.03992	0.02466	0.07316	0.01474	0.53875	0.05569	0.07287	0.01893	0.01903	0.01348	0.00921	0.00771	0.00232	0.00883	0.00693	0.00742	0.01270
39	0.00918	0.00778	0.00793	0.00804	0.01052	0.00653	0.00597	0.01111	0.01749	0.02087	0.07625	0.11617	0.63593	0.01994	0.00921	0.00265	0.00396	0.01673	0.00720	0.00653
40	0.78228	0.01499	0.01140	0.01020	0.01499	0.01739	0.00840	0.02279	0.01320	0.03479	0.01080	0.01260	0.00840	0.00720	0.00480	0.00240	0.00600	0.00420	0.00480	0.00840
41	0.01523	0.01154	0.01700	0.26052	0.02837	0.01278	0.05355	0.06541	0.01801	0.02643	0.07720	0.07535	0.02222	0.01008	0.00730	0.00232	0.00705	0.00883	0.27248	0.00831
42	0.02956	0.01850	0.02083	0.01623	0.02208	0.01966	0.01332	0.41204	0.08749	0.21984	0.02322	0.02196	0.01595	0.00948	0.00771	0.00236	0.00764	0.00737	0.03183	0.01292
43	0.01012	0.00727	0.00960	0.01034	0.01139	0.00675	0.00725	0.01248	0.01797	0.02477	0.32105	0.42996	0.06091	0.02058	0.00957	0.00284	0.00413	0.01851	0.00779	0.00675
44	0.02901	0.02149	0.02301	0.01775	0.02387	0.02383	0.01463	0.62559	0.06491	0.04812	0.01920	0.01908	0.01366	0.00936	0.00776	0.00234	0.00842	0.00706	0.00776	0.01314
45	0.01605	0.01515	0.05109	0.01204	0.01917	0.01074	0.01020	0.01979	0.01609	0.02523	0.01379	0.01609	0.01140	0.00583	0.00583	0.00122	0.00604	0.00465	0.00452	0.73508

[dist]
# distance from previous block
# <min> <max>
0	1

[block]
# block no. 3 follows, 25 sequences, length 23
# corresponding to MSA columns:
# 157-179
name=unknown_D
#
# <colnr> <probs for GDERKNQSTAVLIFYWHMCP>
#	G	D	E	R	K	N	Q	S	T	A	V	L	I	F	Y	W	H	M	C	P
0	0.01600	0.10019	0.63119	0.02133	0.03237	0.01911	0.02731	0.02444	0.01632	0.02401	0.01364	0.01603	0.00983	0.00730	0.00716	0.00239	0.01118	0.00559	0.00328	0.01133
1	0.01044	0.00789	0.00966	0.00944	0.01142	0.00711	0.00710	0.01349	0.02021	0.02732	0.44813	0.09613	0.24419	0.01757	0.00925	0.00257	0.00391	0.03910	0.00803	0.00704
2	0.01661	0.01449	0.02250	0.50399	0.04387	0.01718	0.04273	0.11395	0.01872	0.02466	0.01711	0.07211	0.01415	0.00920	0.00788	0.00256	0.00950	0.00811	0.03154	0.00915
3	0.07144	0.01098	0.01217	0.01079	0.01375	0.01124	0.00842	0.13809	0.02234	0.03281	0.30125	0.04323	0.11593	0.01465	0.03060	0.00266	0.00535	0.01090	0.13498	0.00841
4	0.02947	0.02172	0.02327	0.01784	0.02404	0.02404	0.01474	0.65329	0.03646	0.04887	0.01862	0.01862	0.01319	0.00931	0.00776	0.00233	0.00853	0.00698	0.00776	0.01319
5	0.01608	0.01378	0.01608	0.01148	0.01837	0.01034	0.00919	0.01952	0.01608	0.02527	0.01378	0.01608	0.01148	0.00574	0.00574	0.00115	0.00574	0.00459	0.00459	0.77491
6	0.02008	0.01648	0.01756	0.01568	0.02014	0.01888	0.01223	0.04103	0.63201	0.06602	0.03151	0.02880	0.02344	0.01047	0.00788	0.00262	0.00616	0.00872	0.00798	0.01232
7	0.01919	0.01842	0.03147	0.04759	0.67914	0.01842	0.02380	0.02380	0.01765	0.02533	0.01458	0.01919	0.01228	0.00691	0.00768	0.00230	0.00921	0.00691	0.00384	0.01228
8	0.01489	0.01252	0.01481	0.01136	0.01710	0.00961	0.00883	0.01796	0.01586	0.02429	0.01895	0.14228	0.01859	0.00906	0.00648	0.00151	0.00552	0.00771	0.00506	0.63759
9	0.01466	0.00862	0.00974	0.00927	0.01081	0.00962	0.00720	0.01797	0.01549	0.02702	0.02301	0.02732	0.01851	0.01176	0.03766	0.00248	0.10268	0.00721	0.63159	0.00739
10	0.78228	0.01499	0.01140	0.01020	0.01499	0.01739	0.00840	0.02279	0.01320	0.03479	0.01080	0.01260	0.00840	0.00720	0.00480	0.00240	0.00600	0.00420	0.00480	0.00840
11	0.01919	0.01842	0.03147	0.04759	0.67914	0.01842	0.02380	0.02380	0.01765	0.02533	0.01458	0.01919	0.01228	0.00691	0.00768	0.00230	0.00921	0.00691	0.00384	0.01228
12	0.78228	0.01499	0.01140	0.01020	0.01499	0.01739	0.00840	0.02279	0.01320	0.03479	0.01080	0.01260	0.00840	0.00720	0.00480	0.00240	0.00600	0.00420	0.00480	0.00840
13	0.02758	0.02209	0.02115	0.01685	0.02222	0.11597	0.01364	0.48940	0.03199	0.04227	0.01850	0.01921	0.01355	0.00909	0.00737	0.00222	0.00870	0.00673	0.09960	0.01188
14	0.01919	0.01842	0.03147	0.04759	0.67914	0.01842	0.02380	0.02380	0.01765	0.02533	0.01458	0.01919	0.01228	0.00691	0.00768	0.00230	0.00921	0.00691	0.00384	0.01228
15	0.01464	0.01378	0.02326	0.70887	0.05340	0.01723	0.02153	0.01981	0.01550	0.01981	0.01378	0.02067	0.01034	0.00775	0.00775	0.00258	0.01034	0.00689	0.00345	0.00861
16	0.01919	0.01842	0.03147	0.04759	0.67914	0.01842	0.02380	0.02380	0.01765	0.02533	0.01458	0.01919	0.01228	0.00691	0.00768	0.00230	0.00921	0.00691	0.00384	0.01228
17	0.01723	0.01913	0.04108	0.02987	0.03679	0.01807	0.56489	0.02318	0.01766	0.02403	0.01771	0.06441	0.01473	0.01139	0.05939	0.00337	0.01311	0.00988	0.00414	0.00995
18	0.06748	0.62761	0.06908	0.01352	0.02025	0.02852	0.01364	0.02381	0.01587	0.04506	0.01169	0.01317	0.01020	0.00682	0.00519	0.00177	0.00824	0.00437	0.00365	0.01005
19	0.01914	0.48117	0.22469	0.01599	0.02384	0.02621	0.01761	0.02491	0.06333	0.02109	0.01320	0.01477	0.01091	0.00713	0.00587	0.00196	0.00904	0.00494	0.00364	0.01055
20	0.01079	0.06019	0.01176	0.01076	0.01221	0.00850	0.00792	0.01294	0.01691	0.02252	0.18474	0.43215	0.09852	0.02058	0.00937	0.00287	0.00472	0.05847	0.00721	0.00687
21	0.01952	0.56989	0.19228	0.01534	0.02310	0.02771	0.01687	0.02353	0.01590	0.01972	0.01151	0.01336	0.00992	0.00681	0.00554	0.00185	0.00903	0.00452	0.00331	0.01030
22	0.01864	0.26243	0.42868	0.01863	0.02812	0.02163	0.02240	0.02509	0.01660	0.07088	0.01412	0.01583	0.01055	0.00729	0.00662	0.00219	0.01008	0.00537	0.00375	0.01110

[dist]
# distance from previous block
# <min> <max>
1	9

[block]
# block no. 4 follows, 25 sequences, length 15
# corresponding to MSA columns:
# 189-203
name=unknown_E
#
# <colnr> <probs for GDERKNQSTAVLIFYWHMCP>
#	G	D	E	R	K	N	Q	S	T	A	V	L	I	F	Y	W	H	M	C	P
0	0.01788	0.19661	0.49965	0.01959	0.02962	0.02051	0.02410	0.02504	0.01658	0.06249	0.01419	0.01607	0.01041	0.00733	0.00685	0.00227	0.01045	0.00549	0.00366	0.01122
1	0.01836	0.02038	0.07441	0.02526	0.02962	0.02174	0.27372	0.06943	0.01661	0.02381	0.01328	0.01865	0.01102	0.01002	0.01639	0.00294	0.33295	0.00769	0.00393	0.00982
2	0.01696	0.01697	0.02963	0.07356	0.03057	0.01539	0.28487	0.02178	0.01681	0.02439	0.01444	0.01853	0.01146	0.00657	0.00819	0.00198	0.03940	0.00681	0.00417	0.35752
3	0.02407	0.01903	0.02022	0.01675	0.02198	0.02152	0.01343	0.32843	0.37012	0.04015	0.02548	0.02409	0.01875	0.00995	0.00783	0.00249	0.00726	0.00793	0.00783	0.01270
4	0.01347	0.00673	0.01010	0.01010	0.01010	0.00673	0.00673	0.01010	0.01010	0.01347	0.01347	0.02357	0.01347	0.02694	0.03030	0.77441	0.00673	0.00673	0.00337	0.00337
5	0.01097	0.00793	0.01036	0.00975	0.01158	0.00732	0.00732	0.01463	0.02195	0.03109	0.67505	0.05792	0.07316	0.01585	0.00914	0.00244	0.00366	0.01402	0.00854	0.00732
6	0.01584	0.07834	0.65161	0.02161	0.03280	0.01871	0.02780	0.02448	0.01634	0.02421	0.01374	0.01615	0.00983	0.00733	0.00723	0.00241	0.01128	0.00564	0.00328	0.01138
7	0.02953	0.01235	0.01652	0.01311	0.01824	0.01098	0.01066	0.03352	0.05164	0.52984	0.15367	0.03253	0.02970	0.01083	0.00806	0.00242	0.00602	0.00903	0.00932	0.01203
8	0.00945	0.00675	0.00900	0.01080	0.01125	0.00630	0.00720	0.01080	0.01484	0.01979	0.04274	0.72245	0.05128	0.02429	0.00990	0.00315	0.00450	0.02204	0.00720	0.00630
9	0.02435	0.02328	0.01959	0.01697	0.02152	0.21901	0.01324	0.18862	0.27764	0.03232	0.02218	0.02197	0.01679	0.00938	0.00743	0.00232	0.00888	0.00711	0.05619	0.01121
10	0.01830	0.02127	0.06848	0.03193	0.07163	0.01946	0.55290	0.02583	0.06016	0.02534	0.01659	0.02117	0.01249	0.00685	0.00892	0.00259	0.01236	0.00888	0.00415	0.01071
11	0.01590	0.13076	0.54926	0.01998	0.03006	0.01890	0.02497	0.02363	0.01671	0.02420	0.06339	0.01898	0.01462	0.00791	0.00718	0.00235	0.01044	0.00614	0.00368	0.01094
12	0.00976	0.00693	0.00900	0.01062	0.01131	0.00646	0.00727	0.01133	0.01520	0.02037	0.04420	0.62755	0.08867	0.02327	0.00971	0.00308	0.00454	0.04657	0.03778	0.00639
13	0.05313	0.03630	0.01765	0.01353	0.01894	0.01328	0.01098	0.05938	0.10866	0.38872	0.04759	0.06680	0.02157	0.01016	0.00754	0.00230	0.00634	0.00833	0.00817	0.10063
14	0.01979	0.57411	0.14523	0.01487	0.02216	0.02789	0.01573	0.02456	0.05632	0.02016	0.01259	0.01411	0.01078	0.00700	0.00555	0.00185	0.00868	0.00469	0.00359	0.01034

[dist]
# distance from previous block
# <min> <max>
2	4

[block]
# block no. 5 follows, 25 sequences, length 12
# corresponding to MSA columns:
# 208-219
name=unknown_F
#
# <colnr> <probs for GDERKNQSTAVLIFYWHMCP>
#	G	D	E	R	K	N	Q	S	T	A	V	L	I	F	Y	W	H	M	C	P
0	0.01986	0.05699	0.04797	0.01439	0.01997	0.01689	0.01226	0.18113	0.06768	0.03103	0.01688	0.01877	0.01331	0.00817	0.00829	0.00192	0.07448	0.00598	0.07860	0.30545
1	0.02039	0.05195	0.32661	0.02103	0.06349	0.01719	0.07194	0.07307	0.04695	0.13628	0.04169	0.02060	0.01489	0.00811	0.00754	0.00235	0.00951	0.00682	0.00520	0.05438
2	0.08122	0.10520	0.25572	0.01721	0.04345	0.01636	0.03595	0.02407	0.05286	0.09539	0.13413	0.06160	0.02491	0.01001	0.00746	0.00240	0.00808	0.00825	0.00549	0.01025
3	0.02073	0.73217	0.04063	0.01327	0.01990	0.03068	0.01327	0.02322	0.01575	0.01824	0.01078	0.01244	0.00995	0.00663	0.00498	0.00166	0.00829	0.00415	0.00332	0.00995
4	0.01608	0.01378	0.01608	0.01148	0.01837	0.01034	0.00919	0.01952	0.01608	0.02527	0.01378	0.01608	0.01148	0.00574	0.00574	0.00115	0.00574	0.00459	0.00459	0.77491
5	0.02141	0.67435	0.03908	0.01382	0.02024	0.08605	0.01341	0.02386	0.01627	0.01830	0.01088	0.01257	0.00995	0.00675	0.00514	0.00169	0.00877	0.00422	0.00337	0.00987
6	0.01110	0.00823	0.01207	0.01207	0.01332	0.00948	0.00920	0.01359	0.01234	0.01771	0.02113	0.03245	0.02025	0.12397	0.63214	0.01197	0.01947	0.00860	0.00421	0.00670
7	0.01587	0.03812	0.63052	0.02156	0.03242	0.01812	0.02726	0.02597	0.07140	0.02522	0.01541	0.01744	0.01100	0.00763	0.00741	0.00247	0.01101	0.00599	0.00367	0.01153
8	0.01570	0.01335	0.01566	0.01136	0.01787	0.01011	0.00905	0.01916	0.01651	0.02570	0.06259	0.01917	0.01604	0.00649	0.00599	0.00124	0.00559	0.00529	0.00488	0.71825
9	0.02771	0.02084	0.02227	0.01748	0.02337	0.02322	0.01431	0.54714	0.14548	0.04602	0.02086	0.02040	0.01500	0.00952	0.00778	0.00238	0.00812	0.00729	0.00778	0.01303
10	0.02565	0.07808	0.02125	0.01574	0.02119	0.01996	0.01289	0.21636	0.29135	0.17442	0.02584	0.02400	0.01852	0.00964	0.00758	0.00241	0.00711	0.00765	0.00783	0.01254
11	0.01169	0.01114	0.06174	0.01184	0.01476	0.00899	0.03484	0.01622	0.04439	0.02816	0.43568	0.08357	0.14222	0.01581	0.00909	0.00257	0.00496	0.04693	0.00763	0.00778

[dist]
# distance from previous block
# <min> <max>
0	1

[block]
# block no. 6 follows, 25 sequences, length 24
# corresponding to MSA columns:
# 221-244
name=unknown_G
#
# <colnr> <probs for GDERKNQSTAVLIFYWHMCP>
#	G	D	E	R	K	N	Q	S	T	A	V	L	I	F	Y	W	H	M	C	P
0	0.01796	0.08306	0.54549	0.02098	0.03124	0.05039	0.02557	0.09051	0.01869	0.02643	0.01411	0.01624	0.01019	0.00755	0.00723	0.00237	0.01106	0.00572	0.00378	0.01143
1	0.01929	0.01666	0.01753	0.01578	0.02016	0.01929	0.01227	0.04120	0.66513	0.03243	0.03156	0.02893	0.02367	0.01052	0.00789	0.00263	0.00614	0.00877	0.00789	0.01227
2	0.01992	0.49315	0.22885	0.01588	0.02389	0.02599	0.01768	0.02435	0.01626	0.05380	0.01270	0.01430	0.01038	0.00700	0.00582	0.00193	0.00913	0.00479	0.00362	0.01056
3	0.02901	0.02149	0.02301	0.01775	0.02387	0.02383	0.01462	0.62527	0.06524	0.04811	0.01921	0.01909	0.01367	0.00936	0.00776	0.00234	0.00842	0.00706	0.00776	0.01314
4	0.09597	0.06903	0.58716	0.02045	0.03099	0.01852	0.02583	0.02431	0.01601	0.02534	0.01345	0.01580	0.00968	0.00732	0.00699	0.00241	0.01074	0.00550	0.00344	0.01107
5	0.01555	0.04011	0.68733	0.02210	0.03356	0.01801	0.02865	0.02455	0.01637	0.02455	0.01391	0.01637	0.00982	0.00737	0.00737	0.00246	0.01146	0.00573	0.00327	0.01146
6	0.01200	0.00965	0.01248	0.01238	0.01374	0.04389	0.00939	0.01441	0.01280	0.01771	0.02075	0.03194	0.01992	0.13192	0.58726	0.01137	0.01892	0.00848	0.00421	0.00677
7	0.02060	0.01597	0.01956	0.26735	0.04740	0.08423	0.01538	0.08926	0.01916	0.11371	0.01833	0.02181	0.01367	0.00887	0.00862	0.00238	0.06397	0.00689	0.15328	0.00956
8	0.02644	0.02002	0.02145	0.01711	0.02269	0.02230	0.01390	0.49293	0.17462	0.04410	0.02242	0.04830	0.01699	0.01016	0.00787	0.00243	0.00785	0.00796	0.00776	0.01272
9	0.01698	0.01711	0.02579	0.07142	0.04670	0.02276	0.06980	0.01943	0.01286	0.01948	0.01104	0.01763	0.01039	0.01235	0.02224	0.00323	0.58156	0.00699	0.00346	0.00878
10	0.02896	0.03695	0.02197	0.01998	0.02397	0.69638	0.01498	0.03096	0.02197	0.01898	0.01199	0.01398	0.00999	0.00799	0.00699	0.00200	0.01398	0.00499	0.00400	0.00899
11	0.07773	0.38079	0.03068	0.01572	0.02132	0.24622	0.01364	0.09160	0.01977	0.02284	0.01199	0.01360	0.01019	0.00740	0.00591	0.00189	0.01001	0.00472	0.00411	0.00987
12	0.01929	0.01666	0.01753	0.01578	0.02016	0.01929	0.01227	0.04120	0.66513	0.03243	0.03156	0.02893	0.02367	0.01052	0.00789	0.00263	0.00614	0.00877	0.00789	0.01227
13	0.06864	0.03497	0.56888	0.01978	0.02984	0.01677	0.02485	0.02303	0.01628	0.02490	0.02045	0.02220	0.07939	0.00864	0.00737	0.00247	0.01029	0.00673	0.00379	0.01073
14	0.02898	0.05926	0.02401	0.01783	0.02383	0.09469	0.01469	0.55633	0.03389	0.04419	0.01753	0.01782	0.01269	0.00903	0.00754	0.00226	0.00909	0.00663	0.00714	0.01258
15	0.02039	0.59681	0.13450	0.01478	0.02210	0.02851	0.01559	0.05359	0.01684	0.02063	0.01161	0.01331	0.01009	0.00687	0.00546	0.00181	0.00877	0.00451	0.00352	0.01033
16	0.01009	0.00799	0.00904	0.00967	0.01139	0.00738	0.00683	0.01310	0.06160	0.02100	0.05779	0.34239	0.33885	0.05271	0.01074	0.00306	0.00448	0.01799	0.00714	0.00676
17	0.01731	0.06683	0.55657	0.02209	0.03238	0.08955	0.06047	0.02519	0.01704	0.02373	0.01368	0.01621	0.00995	0.00736	0.00733	0.00238	0.01168	0.00577	0.00339	0.01108
18	0.01377	0.04069	0.01229	0.01036	0.01313	0.00927	0.00812	0.01788	0.05547	0.09070	0.37183	0.05679	0.21129	0.01575	0.00884	0.00251	0.00450	0.04078	0.00798	0.00807
19	0.02029	0.02678	0.28041	0.02002	0.02804	0.01861	0.08297	0.17604	0.02131	0.06122	0.01571	0.01784	0.01155	0.00809	0.00879	0.00231	0.06306	0.00638	0.00493	0.12565
20	0.16430	0.09581	0.13962	0.02360	0.16594	0.04795	0.08176	0.02341	0.04859	0.02526	0.01713	0.02009	0.04265	0.00921	0.00858	0.05647	0.00892	0.00657	0.00421	0.00993
21	0.31745	0.01583	0.02151	0.02737	0.30293	0.01676	0.04522	0.02241	0.01575	0.02902	0.03402	0.01889	0.01330	0.00984	0.03955	0.00282	0.00824	0.00625	0.04284	0.01001
22	0.27715	0.01820	0.11681	0.01412	0.01904	0.01649	0.01308	0.08429	0.04654	0.07515	0.12474	0.02388	0.02175	0.00989	0.00871	0.00250	0.08062	0.00714	0.03028	0.00961
23	0.05206	0.01375	0.06008	0.01385	0.05105	0.06358	0.01065	0.01833	0.05034	0.02798	0.37684	0.08650	0.09660	0.01441	0.00859	0.00250	0.00573	0.03185	0.00712	0.00817

[dist]
# distance from previous block
# <min> <max>
0	2

[block]
# block no. 7 follows, 25 sequences, length 6
# corresponding to MSA columns:
# 247-252
name=unknown_H
#
# <colnr> <probs for GDERKNQSTAVLIFYWHMCP>
#	G	D	E	R	K	N	Q	S	T	A	V	L	I	F	Y	W	H	M	C	P
0	0.01339	0.05318	0.01476	0.08408	0.01840	0.01210	0.01046	0.02039	0.15321	0.02615	0.23427	0.18657	0.06908	0.01564	0.00876	0.00268	0.00557	0.05580	0.00714	0.00839
1	0.01374	0.01165	0.01423	0.01641	0.13346	0.01108	0.01034	0.10070	0.02022	0.02553	0.05881	0.05697	0.46566	0.01593	0.00870	0.00252	0.00551	0.01338	0.00667	0.00849
2	0.01807	0.06096	0.14097	0.09491	0.21470	0.01933	0.15153	0.02713	0.14372	0.02557	0.01773	0.02075	0.01367	0.00768	0.00783	0.00245	0.00984	0.00739	0.00449	0.01129
3	0.15704	0.37948	0.24349	0.01555	0.02341	0.02419	0.01734	0.02357	0.01549	0.02327	0.01179	0.01373	0.00963	0.00697	0.00571	0.00205	0.00890	0.00467	0.00357	0.01015
4	0.01462	0.01415	0.13367	0.01283	0.01659	0.00952	0.01170	0.01851	0.01900	0.11558	0.29225	0.23047	0.04828	0.01581	0.00885	0.00263	0.00570	0.01390	0.00736	0.00858
5	0.02171	0.05810	0.09320	0.02672	0.20070	0.26277	0.04996	0.02659	0.05592	0.02276	0.01568	0.04966	0.01347	0.00824	0.00733	0.00217	0.01068	0.00673	0.00426	0.06334

[dist]
# distance from previous block
# <min> <max>
0	62

# created by:
# /st0/software/busco_prod/Augustus/scripts/msa2prfl.pl ./align_prep/113135.fa
