[name]
unknown

[dist]
# distance from previous block
# <min> <max>
0	37

[block]
# block no. 0 follows, 26 sequences, length 15
# corresponding to MSA columns:
# 39-53
name=unknown_A
#
# <colnr> <probs for GDERKNQSTAVLIFYWHMCP>
#	G	D	E	R	K	N	Q	S	T	A	V	L	I	F	Y	W	H	M	C	P
0	0.01367	0.01123	0.06311	0.01451	0.01719	0.00953	0.01333	0.01753	0.01759	0.06052	0.03761	0.07703	0.03972	0.01928	0.01007	0.00335	0.00727	0.55297	0.00684	0.00763
1	0.01666	0.21972	0.49338	0.01987	0.02968	0.02091	0.05412	0.02369	0.01595	0.02243	0.01290	0.01523	0.00973	0.00698	0.00668	0.00221	0.01048	0.00536	0.00324	0.01078
2	0.01103	0.00735	0.00827	0.00827	0.00827	0.00735	0.00460	0.01103	0.01103	0.01471	0.02390	0.04964	0.02758	0.73343	0.03861	0.00735	0.00735	0.01103	0.00460	0.00460
3	0.01573	0.01348	0.01573	0.01123	0.01798	0.01011	0.00899	0.01910	0.01573	0.02472	0.01348	0.01573	0.01123	0.00562	0.00562	0.00112	0.00562	0.00449	0.00449	0.77980
4	0.01572	0.10855	0.62921	0.02076	0.03150	0.01885	0.02653	0.02389	0.01595	0.02341	0.01331	0.01563	0.00962	0.00714	0.00697	0.00232	0.01090	0.00545	0.00321	0.01106
5	0.19511	0.52049	0.03199	0.01263	0.01868	0.02658	0.01200	0.06996	0.01635	0.02375	0.01112	0.01265	0.00962	0.00681	0.00503	0.00184	0.00762	0.00427	0.00390	0.00962
6	0.01103	0.00735	0.00827	0.00827	0.00827	0.00735	0.00460	0.01103	0.01103	0.01471	0.02390	0.04964	0.02758	0.73343	0.03861	0.00735	0.00735	0.01103	0.00460	0.00460
7	0.02782	0.08091	0.02266	0.01912	0.02320	0.66006	0.01455	0.02981	0.02111	0.01852	0.01165	0.01358	0.00977	0.00773	0.00671	0.00193	0.01332	0.00483	0.00387	0.00885
8	0.01782	0.02023	0.04346	0.03124	0.03845	0.01943	0.61976	0.02393	0.01752	0.02393	0.01502	0.02023	0.01142	0.00681	0.00991	0.00260	0.05551	0.00881	0.00381	0.01011
9	0.00924	0.00660	0.00880	0.01056	0.01100	0.00616	0.00704	0.01056	0.01452	0.01936	0.04181	0.72848	0.05017	0.02376	0.00968	0.00308	0.00440	0.02156	0.00704	0.00616
10	0.01577	0.11567	0.62255	0.02067	0.03137	0.01897	0.02638	0.02388	0.01595	0.02335	0.01328	0.01559	0.00962	0.00713	0.00695	0.00232	0.01087	0.00544	0.00321	0.01105
11	0.00924	0.00660	0.00880	0.01056	0.01100	0.00616	0.00704	0.01056	0.01452	0.01936	0.04181	0.72848	0.05017	0.02376	0.00968	0.00308	0.00440	0.02156	0.00704	0.00616
12	0.00924	0.00660	0.00880	0.01056	0.01100	0.00616	0.00704	0.01056	0.01452	0.01936	0.04181	0.72848	0.05017	0.02376	0.00968	0.00308	0.00440	0.02156	0.00704	0.00616
13	0.02085	0.24242	0.16966	0.02287	0.11247	0.19767	0.08694	0.02517	0.01761	0.02090	0.01248	0.01510	0.01021	0.00700	0.00664	0.00205	0.01080	0.00547	0.00354	0.01015
14	0.01997	0.01678	0.01779	0.01548	0.02012	0.01902	0.01216	0.11772	0.55922	0.03341	0.02841	0.02640	0.02126	0.00991	0.00760	0.00246	0.00628	0.00815	0.00754	0.05031

[dist]
# distance from previous block
# <min> <max>
0	2

[block]
# block no. 1 follows, 26 sequences, length 17
# corresponding to MSA columns:
# 56-72
name=unknown_B
#
# <colnr> <probs for GDERKNQSTAVLIFYWHMCP>
#	G	D	E	R	K	N	Q	S	T	A	V	L	I	F	Y	W	H	M	C	P
0	0.01669	0.09159	0.02439	0.01882	0.01952	0.02327	0.01584	0.01842	0.01213	0.01825	0.01126	0.04393	0.01150	0.01298	0.02221	0.00313	0.61728	0.00695	0.00346	0.00836
1	0.01013	0.00740	0.01020	0.04536	0.01391	0.00722	0.00870	0.01217	0.01550	0.02062	0.07675	0.53475	0.04822	0.02198	0.00969	0.00309	0.00512	0.13577	0.00693	0.00648
2	0.00910	0.00769	0.00787	0.00782	0.01033	0.00646	0.00587	0.01114	0.01760	0.02124	0.12242	0.07177	0.63699	0.01893	0.00896	0.00255	0.00382	0.01584	0.00714	0.00646
3	0.01573	0.01348	0.01573	0.01123	0.01798	0.01011	0.00899	0.01910	0.01573	0.02472	0.01348	0.01573	0.01123	0.00562	0.00562	0.00112	0.00562	0.00449	0.00449	0.77980
4	0.01314	0.01136	0.01760	0.35811	0.03268	0.01334	0.01537	0.01728	0.01711	0.02307	0.21923	0.03946	0.03307	0.01215	0.00968	0.00267	0.06115	0.09036	0.00534	0.00784
5	0.68473	0.01447	0.01233	0.05374	0.01733	0.01658	0.00922	0.02318	0.01369	0.08080	0.01215	0.01379	0.00910	0.00724	0.00509	0.00236	0.00617	0.00453	0.00495	0.00857
6	0.05867	0.01501	0.01726	0.01426	0.01937	0.01554	0.01143	0.08730	0.29847	0.27563	0.04402	0.02587	0.02060	0.00959	0.00745	0.00237	0.00627	0.00779	0.00802	0.05509
7	0.04655	0.02237	0.11722	0.12741	0.06034	0.09517	0.05986	0.20896	0.04046	0.02992	0.01678	0.03660	0.01342	0.00900	0.00835	0.00241	0.04406	0.02444	0.02628	0.01041
8	0.06166	0.02046	0.02170	0.01676	0.02262	0.02266	0.01382	0.61019	0.03397	0.04651	0.01810	0.01830	0.01292	0.00901	0.00738	0.00226	0.00807	0.00672	0.03439	0.01249
9	0.10126	0.01340	0.01574	0.01418	0.01735	0.05184	0.05849	0.10113	0.06631	0.07926	0.05127	0.31227	0.03166	0.01536	0.00836	0.00269	0.00658	0.03742	0.00671	0.00872
10	0.01325	0.00704	0.01073	0.05665	0.01269	0.00727	0.00755	0.01051	0.01023	0.01359	0.01320	0.02287	0.01297	0.02511	0.02818	0.72781	0.00682	0.00660	0.00330	0.00363
11	0.01989	0.06215	0.07208	0.01485	0.02050	0.01741	0.01280	0.11595	0.30048	0.06875	0.05414	0.02378	0.01965	0.00895	0.00714	0.00216	0.00670	0.00724	0.00658	0.15883
12	0.26349	0.09524	0.32818	0.01605	0.02406	0.01780	0.01814	0.02499	0.01569	0.11134	0.01442	0.01572	0.01034	0.00736	0.00624	0.00230	0.00861	0.00524	0.00447	0.01033
13	0.07854	0.06531	0.27986	0.01797	0.02592	0.02020	0.01886	0.28928	0.02435	0.08455	0.01637	0.01719	0.01157	0.00811	0.00709	0.00230	0.00911	0.00607	0.00560	0.01174
14	0.05006	0.07358	0.28260	0.03092	0.31404	0.01868	0.02292	0.02477	0.06583	0.02495	0.01486	0.01773	0.01162	0.00719	0.00711	0.00230	0.00943	0.00616	0.00385	0.01139
15	0.11487	0.33938	0.29658	0.01632	0.02436	0.05114	0.01845	0.02349	0.01559	0.02237	0.01182	0.01378	0.00949	0.00690	0.00586	0.00204	0.00930	0.00471	0.00344	0.01009
16	0.09822	0.12670	0.44208	0.01932	0.02847	0.04783	0.04708	0.06322	0.01712	0.02551	0.01316	0.01533	0.00976	0.00721	0.00671	0.00227	0.01023	0.00542	0.00369	0.01067

[dist]
# distance from previous block
# <min> <max>
0	11

[block]
# block no. 2 follows, 26 sequences, length 19
# corresponding to MSA columns:
# 84-102
name=unknown_C
#
# <colnr> <probs for GDERKNQSTAVLIFYWHMCP>
#	G	D	E	R	K	N	Q	S	T	A	V	L	I	F	Y	W	H	M	C	P
0	0.01700	0.32293	0.30192	0.11423	0.02913	0.02220	0.01998	0.02243	0.01587	0.02109	0.04004	0.01670	0.01230	0.00731	0.00636	0.00210	0.00946	0.00546	0.00346	0.01004
1	0.01535	0.03659	0.61450	0.05967	0.03433	0.01768	0.06986	0.02379	0.01609	0.02379	0.01372	0.01654	0.00976	0.00717	0.00734	0.00242	0.01126	0.00589	0.00325	0.01099
2	0.39513	0.01892	0.16046	0.06237	0.02108	0.01560	0.01344	0.02320	0.04078	0.06714	0.01568	0.04082	0.01229	0.00811	0.00595	0.00235	0.00710	0.00586	0.07459	0.00912
3	0.01800	0.10984	0.18552	0.09548	0.02762	0.01695	0.09790	0.04896	0.05220	0.09211	0.03624	0.04860	0.01741	0.01150	0.04063	0.00286	0.00949	0.04314	0.03556	0.00999
4	0.01577	0.01519	0.02086	0.23528	0.02877	0.05128	0.01644	0.01862	0.01370	0.01942	0.01434	0.06609	0.01338	0.01162	0.01619	0.00288	0.36484	0.00762	0.05956	0.00813
5	0.15585	0.01793	0.01839	0.01492	0.02019	0.01989	0.01211	0.33961	0.18481	0.03950	0.01998	0.01992	0.01476	0.00884	0.00692	0.00228	0.00701	0.00667	0.03749	0.05295
6	0.01521	0.03923	0.69413	0.02162	0.03283	0.01762	0.02802	0.02402	0.01601	0.02402	0.01361	0.01601	0.00961	0.00721	0.00721	0.00240	0.01121	0.00560	0.00320	0.01121
7	0.01521	0.03923	0.69413	0.02162	0.03283	0.01762	0.02802	0.02402	0.01601	0.02402	0.01361	0.01601	0.00961	0.00721	0.00721	0.00240	0.01121	0.00560	0.00320	0.01121
8	0.01318	0.00659	0.00988	0.00988	0.00988	0.00659	0.00659	0.00988	0.00988	0.01318	0.01318	0.02306	0.01318	0.02635	0.02964	0.77931	0.00659	0.00659	0.00329	0.00329
9	0.01117	0.00857	0.01262	0.01243	0.01363	0.01015	0.00963	0.01368	0.01210	0.01749	0.01991	0.03008	0.01890	0.08952	0.63023	0.01143	0.05946	0.00819	0.00405	0.00675
10	0.01430	0.01746	0.10898	0.02263	0.02798	0.01407	0.33637	0.01906	0.01640	0.02240	0.02515	0.28793	0.02591	0.01307	0.00902	0.00274	0.00942	0.01332	0.00497	0.00881
11	0.04302	0.02713	0.29521	0.02715	0.06936	0.01808	0.32861	0.02463	0.01714	0.05422	0.01510	0.01861	0.01101	0.00688	0.00799	0.00246	0.01146	0.00731	0.00386	0.01076
12	0.01801	0.02051	0.09101	0.06244	0.37937	0.01836	0.24972	0.02357	0.01732	0.02436	0.01457	0.01919	0.01157	0.00669	0.00800	0.00238	0.01058	0.00744	0.00372	0.01119
13	0.01521	0.03923	0.69413	0.02162	0.03283	0.01762	0.02802	0.02402	0.01601	0.02402	0.01361	0.01601	0.00961	0.00721	0.00721	0.00240	0.01121	0.00560	0.00320	0.01121
14	0.06911	0.04414	0.23775	0.07200	0.02665	0.01524	0.10644	0.05505	0.01724	0.05140	0.06848	0.13105	0.02189	0.03930	0.00903	0.00270	0.00877	0.00942	0.00492	0.00942
15	0.02226	0.01795	0.05079	0.15177	0.10016	0.07587	0.01594	0.11860	0.07418	0.16161	0.02099	0.07842	0.01677	0.00995	0.00867	0.00246	0.04894	0.00808	0.00594	0.01064
16	0.00969	0.00706	0.00968	0.04252	0.01320	0.00683	0.00805	0.01133	0.01476	0.01961	0.04041	0.65002	0.04789	0.02283	0.00964	0.00309	0.00484	0.06534	0.00687	0.00632
17	0.01785	0.02130	0.13904	0.08083	0.34678	0.01794	0.12998	0.05195	0.04501	0.02537	0.01736	0.02099	0.03555	0.00751	0.00777	0.00237	0.00975	0.00734	0.00410	0.01118
18	0.02109	0.57693	0.08021	0.01409	0.02053	0.02725	0.01407	0.04832	0.01651	0.06823	0.01242	0.01386	0.01051	0.00717	0.00628	0.00183	0.04206	0.00465	0.00386	0.01012

[dist]
# distance from previous block
# <min> <max>
0	4

[block]
# block no. 3 follows, 26 sequences, length 15
# corresponding to MSA columns:
# 107-121
name=unknown_D
#
# <colnr> <probs for GDERKNQSTAVLIFYWHMCP>
#	G	D	E	R	K	N	Q	S	T	A	V	L	I	F	Y	W	H	M	C	P
0	0.01938	0.01971	0.05299	0.10474	0.32540	0.09330	0.01891	0.07381	0.11648	0.02593	0.01838	0.06426	0.01559	0.00876	0.00760	0.00236	0.00895	0.00771	0.00480	0.01094
1	0.01573	0.01348	0.01573	0.01123	0.01798	0.01011	0.00899	0.01910	0.01573	0.02472	0.01348	0.01573	0.01123	0.00562	0.00562	0.00112	0.00562	0.00449	0.00449	0.77980
2	0.08454	0.04608	0.11846	0.02267	0.16792	0.04564	0.03803	0.08441	0.06202	0.16976	0.06955	0.02242	0.01796	0.00854	0.00732	0.00231	0.00815	0.00712	0.00589	0.01121
3	0.01595	0.03583	0.61448	0.02042	0.03075	0.01661	0.02580	0.02411	0.01667	0.06056	0.05653	0.01910	0.01400	0.00785	0.00734	0.00240	0.01047	0.00622	0.00386	0.01105
4	0.00924	0.00660	0.00880	0.01056	0.01100	0.00616	0.00704	0.01056	0.01452	0.01936	0.04181	0.72848	0.05017	0.02376	0.00968	0.00308	0.00440	0.02156	0.00704	0.00616
5	0.01039	0.00798	0.00973	0.01041	0.01240	0.00732	0.00836	0.01305	0.01771	0.02257	0.14570	0.12833	0.31911	0.01968	0.00956	0.00291	0.00497	0.23593	0.00721	0.00670
6	0.00924	0.00660	0.00880	0.01056	0.01100	0.00616	0.00704	0.01056	0.01452	0.01936	0.04181	0.72848	0.05017	0.02376	0.00968	0.00308	0.00440	0.02156	0.00704	0.00616
7	0.01318	0.00659	0.00988	0.00988	0.00988	0.00659	0.00659	0.00988	0.00988	0.01318	0.01318	0.02306	0.01318	0.02635	0.02964	0.77931	0.00659	0.00659	0.00329	0.00329
8	0.03403	0.01291	0.01760	0.01350	0.01936	0.01115	0.01115	0.03697	0.02171	0.69137	0.02992	0.02582	0.01878	0.00939	0.00763	0.00235	0.00645	0.00763	0.00939	0.01291
9	0.03403	0.01291	0.01760	0.01350	0.01936	0.01115	0.01115	0.03697	0.02171	0.69137	0.02992	0.02582	0.01878	0.00939	0.00763	0.00235	0.00645	0.00763	0.00939	0.01291
10	0.01521	0.03923	0.69413	0.02162	0.03283	0.01762	0.02802	0.02402	0.01601	0.02402	0.01361	0.01601	0.00961	0.00721	0.00721	0.00240	0.01121	0.00560	0.00320	0.01121
11	0.02304	0.02721	0.02301	0.16081	0.10388	0.40621	0.01714	0.02586	0.01856	0.01939	0.01215	0.01591	0.01012	0.00832	0.00926	0.00227	0.09846	0.00568	0.00371	0.00903
12	0.02784	0.07935	0.02262	0.01914	0.02320	0.66156	0.01455	0.02982	0.02112	0.01852	0.01165	0.01359	0.00977	0.00773	0.00672	0.00193	0.01334	0.00483	0.00387	0.00885
13	0.01432	0.01348	0.02275	0.71520	0.05224	0.01685	0.02107	0.01938	0.01517	0.01938	0.01348	0.02022	0.01011	0.00758	0.00758	0.00253	0.01011	0.00674	0.00337	0.00843
14	0.00970	0.00685	0.00886	0.01009	0.01091	0.00637	0.00691	0.01151	0.01578	0.02155	0.13990	0.55877	0.08321	0.02153	0.00931	0.00288	0.00420	0.01937	0.04592	0.00637

[dist]
# distance from previous block
# <min> <max>
0	3

[block]
# block no. 4 follows, 26 sequences, length 97
# corresponding to MSA columns:
# 125-221
name=unknown_E
#
# <colnr> <probs for GDERKNQSTAVLIFYWHMCP>
#	G	D	E	R	K	N	Q	S	T	A	V	L	I	F	Y	W	H	M	C	P
0	0.02858	0.01690	0.02128	0.01614	0.02225	0.01674	0.05573	0.28304	0.04546	0.30329	0.02264	0.02148	0.01531	0.00872	0.00750	0.00222	0.00754	0.00711	0.00775	0.09032
1	0.01836	0.01578	0.01671	0.01518	0.01926	0.01820	0.01174	0.03874	0.63769	0.03108	0.03145	0.06526	0.02458	0.01100	0.00782	0.00260	0.00592	0.00926	0.00768	0.01170
2	0.01025	0.00765	0.00952	0.00923	0.01108	0.00692	0.00686	0.01332	0.02008	0.02751	0.50752	0.11012	0.19818	0.01690	0.00900	0.00247	0.00369	0.01478	0.00798	0.00692
3	0.01670	0.02062	0.12208	0.10187	0.13071	0.04555	0.19552	0.02143	0.01583	0.02193	0.01572	0.07796	0.01403	0.00960	0.01155	0.00266	0.15438	0.00834	0.00385	0.00965
4	0.01640	0.01481	0.02303	0.55594	0.06499	0.01820	0.01997	0.09744	0.01744	0.02291	0.01380	0.01965	0.01049	0.00819	0.00894	0.00255	0.06555	0.00674	0.00389	0.00907
5	0.01015	0.00728	0.00955	0.01097	0.01174	0.00695	0.00763	0.03260	0.01572	0.02100	0.06854	0.63328	0.04942	0.02274	0.00963	0.00305	0.00467	0.06148	0.00711	0.00648
6	0.01050	0.00701	0.00924	0.01053	0.01139	0.00646	0.00719	0.01202	0.01529	0.05248	0.07043	0.63598	0.07799	0.02251	0.00952	0.00299	0.00444	0.02030	0.00721	0.00654
7	0.02542	0.01573	0.06841	0.01437	0.01975	0.01395	0.01233	0.08480	0.18040	0.34466	0.03162	0.06936	0.06266	0.01089	0.00782	0.00246	0.00658	0.00899	0.00807	0.01175
8	0.02492	0.03333	0.03903	0.01344	0.01815	0.01273	0.01113	0.10766	0.06489	0.34785	0.11952	0.12020	0.02920	0.01198	0.00799	0.00244	0.00620	0.01009	0.00823	0.01103
9	0.02142	0.58072	0.07131	0.01436	0.02085	0.08104	0.01404	0.08201	0.01778	0.02098	0.01150	0.01304	0.01002	0.00687	0.00539	0.00175	0.00873	0.00446	0.00369	0.01003
10	0.05251	0.01394	0.01669	0.04397	0.02003	0.01180	0.01028	0.06533	0.01807	0.15579	0.01686	0.01791	0.01263	0.00673	0.00619	0.00155	0.00618	0.00534	0.00561	0.51259
11	0.02186	0.01707	0.05736	0.01526	0.01984	0.01692	0.01265	0.33766	0.08497	0.08086	0.02667	0.22374	0.02475	0.01333	0.00818	0.00255	0.00704	0.01121	0.00731	0.01078
12	0.00931	0.00665	0.00886	0.01052	0.01102	0.00620	0.00705	0.01072	0.01482	0.01984	0.06943	0.69950	0.05109	0.02341	0.00965	0.00305	0.00437	0.02122	0.00710	0.00620
13	0.05996	0.00894	0.01118	0.01014	0.01274	0.00829	0.00777	0.01805	0.02039	0.13665	0.46559	0.08271	0.09885	0.01466	0.00852	0.00242	0.00424	0.01270	0.00815	0.00805
14	0.10296	0.02227	0.04941	0.05931	0.02243	0.21249	0.01551	0.02208	0.01505	0.02041	0.01216	0.04401	0.01132	0.01089	0.01524	0.00273	0.34304	0.00643	0.00378	0.00847
15	0.04528	0.01000	0.01014	0.00924	0.01193	0.01051	0.00717	0.10812	0.06433	0.03098	0.02679	0.02891	0.05739	0.00952	0.00598	0.00196	0.00448	0.00756	0.54150	0.00822
16	0.01689	0.01333	0.01889	0.23339	0.02827	0.01533	0.06170	0.10390	0.05661	0.02704	0.01869	0.02281	0.01444	0.00878	0.00850	0.00232	0.07170	0.00713	0.26139	0.00889
17	0.02028	0.73799	0.03975	0.01298	0.01947	0.03001	0.01298	0.02271	0.01541	0.01785	0.01055	0.01217	0.00973	0.00649	0.00487	0.00162	0.00811	0.00406	0.00324	0.00973
18	0.01799	0.21551	0.42053	0.01861	0.02769	0.02142	0.02187	0.08226	0.06123	0.02509	0.01439	0.01604	0.01084	0.00740	0.00667	0.00220	0.00981	0.00551	0.00391	0.01104
19	0.02028	0.73799	0.03975	0.01298	0.01947	0.03001	0.01298	0.02271	0.01541	0.01785	0.01055	0.01217	0.00973	0.00649	0.00487	0.00162	0.00811	0.00406	0.00324	0.00973
20	0.60056	0.01705	0.05271	0.01163	0.01675	0.04219	0.01012	0.06717	0.01552	0.06836	0.01272	0.01415	0.00954	0.00739	0.00529	0.00231	0.00661	0.00468	0.02629	0.00895
21	0.01084	0.00813	0.01219	0.01219	0.01354	0.00948	0.00948	0.01354	0.01219	0.01761	0.02032	0.02980	0.01896	0.05689	0.70337	0.01219	0.02032	0.00813	0.00406	0.00677
22	0.01926	0.01649	0.01738	0.01552	0.01988	0.01905	0.01210	0.06507	0.64700	0.03237	0.03037	0.02790	0.02274	0.01024	0.00771	0.00256	0.00610	0.00851	0.00771	0.01204
23	0.01651	0.01346	0.01581	0.01133	0.01803	0.01016	0.00908	0.01986	0.01598	0.05312	0.01418	0.01616	0.01156	0.00578	0.00570	0.00118	0.00565	0.00463	0.00470	0.74713
24	0.00924	0.00660	0.00880	0.01056	0.01100	0.00616	0.00704	0.01056	0.01452	0.01936	0.04181	0.72848	0.05017	0.02376	0.00968	0.00308	0.00440	0.02156	0.00704	0.00616
25	0.01659	0.01659	0.02323	0.01991	0.01991	0.02323	0.01659	0.01825	0.01162	0.01825	0.00996	0.01659	0.00996	0.01328	0.02489	0.00332	0.71955	0.00664	0.00332	0.00830
26	0.01432	0.01348	0.02275	0.71520	0.05224	0.01685	0.02107	0.01938	0.01517	0.01938	0.01348	0.02022	0.01011	0.00758	0.00758	0.00253	0.01011	0.00674	0.00337	0.00843
27	0.03403	0.01291	0.01760	0.01350	0.01936	0.01115	0.01115	0.03697	0.02171	0.69137	0.02992	0.02582	0.01878	0.00939	0.00763	0.00235	0.00645	0.00763	0.00939	0.01291
28	0.03333	0.01341	0.01784	0.01374	0.01958	0.01198	0.01133	0.06732	0.04166	0.64062	0.02938	0.02552	0.01862	0.00940	0.00763	0.00235	0.00653	0.00762	0.00925	0.01288
29	0.01084	0.00813	0.01219	0.01219	0.01354	0.00948	0.00948	0.01354	0.01219	0.01761	0.02032	0.02980	0.01896	0.05689	0.70337	0.01219	0.02032	0.00813	0.00406	0.00677
30	0.22321	0.02162	0.01922	0.01564	0.02097	0.14015	0.01265	0.34537	0.02643	0.08189	0.01589	0.01641	0.01154	0.00837	0.00672	0.00224	0.00852	0.00584	0.00632	0.01098
31	0.74696	0.01580	0.01169	0.01048	0.01513	0.05322	0.00855	0.02272	0.01336	0.03322	0.01062	0.01239	0.00830	0.00708	0.00481	0.00233	0.00628	0.00415	0.00465	0.00825
32	0.01659	0.01659	0.02323	0.01991	0.01991	0.02323	0.01659	0.01825	0.01162	0.01825	0.00996	0.01659	0.00996	0.01328	0.02489	0.00332	0.71955	0.00664	0.00332	0.00830
33	0.01357	0.00919	0.01183	0.01116	0.01318	0.00916	0.00842	0.04079	0.04558	0.08229	0.35809	0.19661	0.07108	0.01825	0.04112	0.00303	0.03720	0.01396	0.00764	0.00784
34	0.07010	0.24634	0.24336	0.01639	0.02355	0.02055	0.03454	0.07183	0.01765	0.07441	0.04567	0.05201	0.01533	0.00861	0.00713	0.00221	0.02894	0.00653	0.00455	0.01027
35	0.01471	0.00916	0.01159	0.01043	0.01308	0.00857	0.00801	0.01939	0.06985	0.12932	0.48497	0.05124	0.11063	0.01450	0.00866	0.00241	0.00422	0.01260	0.00835	0.00832
36	0.05262	0.01006	0.01312	0.01117	0.01467	0.00913	0.00879	0.02356	0.02098	0.29396	0.37243	0.06472	0.04713	0.01298	0.00827	0.00239	0.00485	0.01114	0.00857	0.00946
37	0.02335	0.01681	0.02056	0.10601	0.04419	0.01832	0.04102	0.37013	0.02697	0.07219	0.01995	0.04736	0.01524	0.00925	0.00735	0.00227	0.00774	0.00754	0.13277	0.01098
38	0.02605	0.01191	0.01527	0.01268	0.01714	0.01106	0.01012	0.03115	0.10348	0.43204	0.05893	0.07372	0.04961	0.04644	0.00936	0.00268	0.00600	0.03005	0.04123	0.01107
39	0.00924	0.00660	0.00880	0.01056	0.01100	0.00616	0.00704	0.01056	0.01452	0.01936	0.04181	0.72848	0.05017	0.02376	0.00968	0.00308	0.00440	0.02156	0.00704	0.00616
40	0.00996	0.00746	0.00933	0.01054	0.01162	0.00709	0.00738	0.01273	0.05401	0.02086	0.07301	0.53816	0.13949	0.02185	0.00947	0.00296	0.00449	0.04581	0.00713	0.00662
41	0.02609	0.15454	0.02524	0.01743	0.05109	0.04975	0.05122	0.07409	0.05753	0.29576	0.02058	0.02049	0.01465	0.00898	0.00929	0.00233	0.09651	0.00673	0.00641	0.01129
42	0.07148	0.01490	0.01902	0.01504	0.01982	0.01547	0.01245	0.12470	0.02146	0.43909	0.02354	0.02229	0.01574	0.00992	0.01057	0.00251	0.13526	0.00714	0.00777	0.01182
43	0.72452	0.01436	0.01166	0.03882	0.01616	0.01671	0.00879	0.02183	0.01297	0.03278	0.01107	0.01334	0.00872	0.00905	0.03269	0.00275	0.00662	0.00438	0.00461	0.00817
44	0.03050	0.01700	0.01994	0.01546	0.02130	0.01742	0.01272	0.32440	0.07681	0.34577	0.02460	0.02250	0.01640	0.00933	0.00762	0.00233	0.00729	0.00733	0.00843	0.01284
45	0.04929	0.15918	0.21093	0.05295	0.19290	0.10088	0.04107	0.02344	0.01689	0.02270	0.03325	0.03637	0.01320	0.00771	0.00689	0.00219	0.00976	0.00629	0.00378	0.01033
46	0.01002	0.00732	0.00941	0.00974	0.01111	0.00672	0.00698	0.01261	0.01853	0.02542	0.38976	0.30422	0.12222	0.01888	0.00922	0.00266	0.00390	0.01681	0.00775	0.00672
47	0.02305	0.09089	0.06829	0.01923	0.02261	0.38409	0.01601	0.02541	0.01748	0.01877	0.01119	0.01463	0.00982	0.00939	0.01241	0.00239	0.23645	0.00542	0.00362	0.00888
48	0.02671	0.01479	0.01786	0.01367	0.01942	0.03846	0.01115	0.07672	0.02030	0.37094	0.02208	0.02111	0.01514	0.00834	0.00794	0.00200	0.04681	0.00643	0.00717	0.25295
49	0.01451	0.01380	0.02349	0.67271	0.05090	0.01711	0.04204	0.01951	0.01516	0.01951	0.01344	0.02013	0.01015	0.00771	0.00812	0.00255	0.03048	0.00681	0.00338	0.00848
50	0.01887	0.01629	0.01715	0.01544	0.01972	0.01887	0.01201	0.04031	0.67241	0.03173	0.03087	0.02830	0.02315	0.01029	0.00772	0.00257	0.00600	0.00858	0.00772	0.01201
51	0.01500	0.00940	0.01149	0.01040	0.01318	0.00881	0.00804	0.01850	0.04883	0.14888	0.26053	0.08617	0.26870	0.01573	0.00938	0.00252	0.03525	0.01322	0.00778	0.00819
52	0.02028	0.73799	0.03975	0.01298	0.01947	0.03001	0.01298	0.02271	0.01541	0.01785	0.01055	0.01217	0.00973	0.00649	0.00487	0.00162	0.00811	0.00406	0.00324	0.00973
53	0.70165	0.09519	0.01433	0.01031	0.01520	0.01846	0.00874	0.02234	0.01319	0.03223	0.01056	0.01230	0.00838	0.00698	0.00471	0.00227	0.00612	0.00410	0.00453	0.00838
54	0.01318	0.00659	0.00988	0.00988	0.00988	0.00659	0.00659	0.00988	0.00988	0.01318	0.01318	0.02306	0.01318	0.02635	0.02964	0.77931	0.00659	0.00659	0.00329	0.00329
55	0.01827	0.01561	0.01671	0.01530	0.01936	0.01795	0.01203	0.03809	0.61328	0.03091	0.03171	0.03347	0.02500	0.01125	0.00797	0.00266	0.00609	0.06514	0.00765	0.01155
56	0.01573	0.01348	0.01573	0.01123	0.01798	0.01011	0.00899	0.01910	0.01573	0.02472	0.01348	0.01573	0.01123	0.00562	0.00562	0.00112	0.00562	0.00449	0.00449	0.77980
57	0.00924	0.00660	0.00880	0.01056	0.01100	0.00616	0.00704	0.01056	0.01452	0.01936	0.04181	0.72848	0.05017	0.02376	0.00968	0.00308	0.00440	0.02156	0.00704	0.00616
58	0.01659	0.01659	0.02323	0.01991	0.01991	0.02323	0.01659	0.01825	0.01162	0.01825	0.00996	0.01659	0.00996	0.01328	0.02489	0.00332	0.71955	0.00664	0.00332	0.00830
59	0.02786	0.02030	0.02172	0.01676	0.02255	0.02243	0.01381	0.61811	0.03435	0.04651	0.01864	0.01888	0.01333	0.00909	0.00744	0.00224	0.00803	0.00685	0.05859	0.01251
60	0.03403	0.01291	0.01760	0.01350	0.01936	0.01115	0.01115	0.03697	0.02171	0.69137	0.02992	0.02582	0.01878	0.00939	0.00763	0.00235	0.00645	0.00763	0.00939	0.01291
61	0.01597	0.00884	0.00903	0.00837	0.01067	0.00912	0.00644	0.09796	0.01837	0.03072	0.02393	0.02702	0.01862	0.00887	0.00559	0.00183	0.00414	0.00704	0.67968	0.00780
62	0.01458	0.01344	0.02246	0.64155	0.08740	0.01645	0.02043	0.01953	0.01533	0.02013	0.01407	0.02053	0.01068	0.00760	0.00747	0.00247	0.00973	0.00676	0.04084	0.00857
63	0.01318	0.00659	0.00988	0.00988	0.00988	0.00659	0.00659	0.00988	0.00988	0.01318	0.01318	0.02306	0.01318	0.02635	0.02964	0.77931	0.00659	0.00659	0.00329	0.00329
64	0.28819	0.06902	0.01949	0.01483	0.02005	0.14584	0.01212	0.26103	0.02341	0.05945	0.01432	0.01524	0.01073	0.00800	0.00628	0.00220	0.00839	0.00539	0.00570	0.01033
65	0.01841	0.01996	0.02432	0.25044	0.03281	0.16346	0.06568	0.02160	0.01533	0.01914	0.01190	0.01747	0.01008	0.00973	0.01419	0.00271	0.28418	0.00648	0.00350	0.00859
66	0.01572	0.00978	0.01226	0.01094	0.01379	0.00939	0.00844	0.02154	0.10931	0.14241	0.46063	0.04821	0.07908	0.01390	0.00856	0.00241	0.00440	0.01208	0.00839	0.00876
67	0.07716	0.01605	0.01951	0.01678	0.04942	0.04620	0.05006	0.05248	0.23010	0.32004	0.02627	0.02435	0.01820	0.00915	0.00750	0.00241	0.00713	0.00759	0.00768	0.01193
68	0.01194	0.00834	0.01067	0.01016	0.01226	0.00781	0.00784	0.01597	0.04337	0.05539	0.52299	0.05849	0.11657	0.01590	0.00899	0.00251	0.00412	0.07108	0.00813	0.00748
69	0.03337	0.01276	0.01739	0.01338	0.01913	0.01104	0.01104	0.03632	0.02170	0.67262	0.04842	0.02669	0.02027	0.00956	0.00767	0.00235	0.00637	0.00780	0.00936	0.01275
70	0.02831	0.02098	0.02247	0.01735	0.02332	0.02328	0.01429	0.62807	0.06927	0.04695	0.01888	0.01874	0.01344	0.00917	0.00759	0.00229	0.00822	0.00692	0.00759	0.01285
71	0.01231	0.00757	0.00899	0.00936	0.01062	0.00771	0.00667	0.03549	0.01510	0.02324	0.02913	0.24860	0.02956	0.09367	0.11024	0.00425	0.00676	0.01213	0.32192	0.00669
72	0.00924	0.00660	0.00880	0.01056	0.01100	0.00616	0.00704	0.01056	0.01452	0.01936	0.04181	0.72848	0.05017	0.02376	0.00968	0.00308	0.00440	0.02156	0.00704	0.00616
73	0.00929	0.00670	0.00881	0.01040	0.01098	0.00621	0.00699	0.01073	0.01493	0.01988	0.07022	0.67231	0.07803	0.02322	0.00962	0.00303	0.00434	0.02100	0.00710	0.00621
74	0.01713	0.01850	0.03450	0.26304	0.07003	0.04958	0.35191	0.02254	0.01678	0.02207	0.01422	0.01980	0.01090	0.00724	0.00917	0.00255	0.04906	0.00780	0.00365	0.00953
75	0.01633	0.01505	0.02416	0.12455	0.02639	0.01832	0.12952	0.04205	0.01422	0.02059	0.01315	0.01951	0.01141	0.01245	0.01813	0.10407	0.32005	0.00709	0.05486	0.00810
76	0.74699	0.01502	0.01176	0.01037	0.01514	0.01736	0.00854	0.05600	0.01411	0.03476	0.01097	0.01263	0.00846	0.00715	0.00485	0.00234	0.00600	0.00425	0.00485	0.00846
77	0.03355	0.01369	0.01808	0.01386	0.01975	0.01230	0.01145	0.09524	0.02301	0.63125	0.02883	0.02511	0.01823	0.00936	0.00762	0.00234	0.00663	0.00755	0.00922	0.01291
78	0.01763	0.13659	0.39308	0.02164	0.05580	0.01981	0.09771	0.09153	0.01824	0.02552	0.01507	0.04627	0.01201	0.00789	0.00722	0.00231	0.01026	0.00662	0.00394	0.01088
79	0.00984	0.00719	0.00925	0.00986	0.01107	0.00660	0.00697	0.01216	0.01770	0.02410	0.31342	0.38433	0.11966	0.01987	0.00930	0.00274	0.00400	0.01774	0.00759	0.00660
80	0.02833	0.03615	0.02149	0.01954	0.02345	0.70298	0.01466	0.03029	0.02149	0.01856	0.01172	0.01368	0.00977	0.00782	0.00684	0.00195	0.01368	0.00489	0.00391	0.00879
81	0.03369	0.01346	0.01795	0.01376	0.01964	0.01197	0.01137	0.07840	0.02264	0.64863	0.02915	0.02531	0.01839	0.00937	0.00763	0.00234	0.00658	0.00757	0.00927	0.01291
82	0.01676	0.01811	0.03773	0.02784	0.03429	0.01717	0.51910	0.02317	0.04453	0.02444	0.04320	0.06027	0.01888	0.00902	0.00908	0.00266	0.01126	0.06816	0.00459	0.00971
83	0.01953	0.01662	0.01752	0.01557	0.01998	0.01918	0.01217	0.08151	0.63013	0.03280	0.03003	0.02763	0.02247	0.01021	0.00771	0.00255	0.00616	0.00846	0.00771	0.01207
84	0.02719	0.03110	0.02145	0.06615	0.05189	0.54269	0.01502	0.03024	0.04406	0.08009	0.01427	0.01594	0.01117	0.00799	0.00702	0.00206	0.01233	0.00546	0.00450	0.00939
85	0.78701	0.01467	0.01115	0.00997	0.01467	0.01702	0.00821	0.02230	0.01291	0.03403	0.01056	0.01232	0.00821	0.00704	0.00469	0.00235	0.00587	0.00411	0.00469	0.00821
86	0.50955	0.01388	0.01527	0.10077	0.02110	0.01563	0.06773	0.02042	0.01387	0.02921	0.01584	0.11676	0.01476	0.00945	0.00615	0.00249	0.00681	0.00737	0.00479	0.00813
87	0.00924	0.00660	0.00880	0.01056	0.01100	0.00616	0.00704	0.01056	0.01452	0.01936	0.04181	0.72848	0.05017	0.02376	0.00968	0.00308	0.00440	0.02156	0.00704	0.00616
88	0.01887	0.01629	0.01715	0.01544	0.01972	0.01887	0.01201	0.04031	0.67241	0.03173	0.03087	0.02830	0.02315	0.01029	0.00772	0.00257	0.00600	0.00858	0.00772	0.01201
89	0.01789	0.01341	0.01595	0.01150	0.01814	0.01023	0.00924	0.02121	0.01643	0.10334	0.01542	0.01692	0.01212	0.00606	0.00585	0.00127	0.00572	0.00486	0.00507	0.68935
90	0.00924	0.00660	0.00880	0.01056	0.01100	0.00616	0.00704	0.01056	0.01452	0.01936	0.04181	0.72848	0.05017	0.02376	0.00968	0.00308	0.00440	0.02156	0.00704	0.00616
91	0.01688	0.01743	0.02786	0.02251	0.02416	0.02236	0.15469	0.01955	0.01297	0.01955	0.01112	0.01743	0.01029	0.01180	0.02146	0.00316	0.56751	0.00714	0.00343	0.00871
92	0.00924	0.00660	0.00880	0.01056	0.01100	0.00616	0.00704	0.01056	0.01452	0.01936	0.04181	0.72848	0.05017	0.02376	0.00968	0.00308	0.00440	0.02156	0.00704	0.00616
93	0.03403	0.01291	0.01760	0.01350	0.01936	0.01115	0.01115	0.03697	0.02171	0.69137	0.02992	0.02582	0.01878	0.00939	0.00763	0.00235	0.00645	0.00763	0.00939	0.01291
94	0.03373	0.01340	0.01791	0.01373	0.01961	0.01188	0.01134	0.07364	0.02253	0.65353	0.02924	0.02537	0.01843	0.00937	0.00763	0.00234	0.00657	0.00758	0.00928	0.01291
95	0.31916	0.01873	0.01832	0.01459	0.02013	0.02103	0.01204	0.41632	0.02695	0.04253	0.01528	0.01596	0.01111	0.00831	0.00648	0.00230	0.00740	0.00579	0.00648	0.01111
96	0.02225	0.05542	0.02144	0.01801	0.02083	0.31787	0.01427	0.08932	0.01866	0.02132	0.01320	0.01733	0.01156	0.01688	0.11880	0.00391	0.19997	0.00601	0.00413	0.00882

[dist]
# distance from previous block
# <min> <max>
0	5

[block]
# block no. 5 follows, 26 sequences, length 52
# corresponding to MSA columns:
# 227-278
name=unknown_F
#
# <colnr> <probs for GDERKNQSTAVLIFYWHMCP>
#	G	D	E	R	K	N	Q	S	T	A	V	L	I	F	Y	W	H	M	C	P
0	0.01882	0.01428	0.01605	0.01280	0.01823	0.01353	0.01016	0.07650	0.21438	0.08617	0.02456	0.02435	0.05432	0.00852	0.00675	0.00186	0.00583	0.00693	0.03820	0.34775
1	0.18803	0.27852	0.02509	0.04346	0.02042	0.09743	0.01213	0.05091	0.01778	0.17883	0.01559	0.01611	0.01165	0.00757	0.00591	0.00205	0.00797	0.00521	0.00522	0.01011
2	0.02834	0.01679	0.01932	0.01512	0.02043	0.01752	0.01229	0.36512	0.05167	0.25098	0.02263	0.02273	0.01593	0.03754	0.00969	0.03669	0.00740	0.00731	0.03055	0.01196
3	0.17532	0.01312	0.01677	0.11937	0.05110	0.01318	0.01210	0.02763	0.03609	0.31506	0.05283	0.05885	0.01887	0.00939	0.00710	0.00235	0.00671	0.00762	0.00685	0.04969
4	0.01669	0.01747	0.02850	0.10304	0.05578	0.05397	0.21164	0.02027	0.01496	0.02061	0.01544	0.08921	0.01454	0.01104	0.01493	0.00286	0.28755	0.00876	0.00390	0.00886
5	0.01854	0.01553	0.01641	0.01453	0.01873	0.01750	0.01137	0.10669	0.49882	0.03217	0.05725	0.03349	0.10286	0.01140	0.00789	0.00253	0.00593	0.00944	0.00764	0.01127
6	0.00922	0.00669	0.00871	0.01032	0.01094	0.00618	0.00693	0.01059	0.01475	0.01946	0.04472	0.67392	0.10285	0.02338	0.00962	0.00304	0.00435	0.02110	0.00704	0.00618
7	0.01521	0.03923	0.69413	0.02162	0.03283	0.01762	0.02802	0.02402	0.01601	0.02402	0.01361	0.01601	0.00961	0.00721	0.00721	0.00240	0.01121	0.00560	0.00320	0.01121
8	0.00943	0.00668	0.00875	0.01032	0.01072	0.00628	0.00679	0.01061	0.01416	0.01888	0.03995	0.65815	0.04783	0.09729	0.01268	0.00352	0.00471	0.02047	0.00679	0.00600
9	0.00924	0.00660	0.00880	0.01056	0.01100	0.00616	0.00704	0.01056	0.01452	0.01936	0.04181	0.72848	0.05017	0.02376	0.00968	0.00308	0.00440	0.02156	0.00704	0.00616
10	0.00924	0.00660	0.00880	0.01056	0.01100	0.00616	0.00704	0.01056	0.01452	0.01936	0.04181	0.72848	0.05017	0.02376	0.00968	0.00308	0.00440	0.02156	0.00704	0.00616
11	0.02523	0.01864	0.02051	0.01670	0.02187	0.02049	0.01390	0.51122	0.05854	0.04232	0.02295	0.03156	0.01923	0.01143	0.00815	0.00252	0.00799	0.12757	0.00748	0.01173
12	0.01847	0.01992	0.04053	0.03334	0.14878	0.01934	0.49564	0.05115	0.01830	0.02514	0.01506	0.01992	0.01159	0.00686	0.00931	0.00252	0.04122	0.00839	0.00396	0.01057
13	0.01407	0.01313	0.02204	0.67932	0.05014	0.01631	0.02035	0.01893	0.01513	0.01938	0.01492	0.05629	0.01215	0.00841	0.00769	0.00256	0.00982	0.00750	0.00356	0.00831
14	0.01890	0.01830	0.02308	0.01980	0.04483	0.06868	0.05871	0.07989	0.10897	0.02418	0.01469	0.01843	0.01239	0.01053	0.01576	0.00269	0.35135	0.00672	0.00455	0.09756
15	0.00926	0.00676	0.00872	0.01021	0.01093	0.00622	0.00690	0.01071	0.01505	0.01983	0.06563	0.63482	0.12107	0.02300	0.00958	0.00300	0.00431	0.02070	0.00708	0.00622
16	0.01754	0.02012	0.08286	0.08586	0.28517	0.08834	0.14541	0.02209	0.01726	0.02278	0.01942	0.10133	0.03910	0.00927	0.00800	0.00242	0.00981	0.00891	0.00420	0.01011
17	0.02376	0.01301	0.01620	0.01263	0.01822	0.01128	0.01014	0.02891	0.09348	0.32255	0.04926	0.05606	0.02002	0.00904	0.00707	0.00197	0.00590	0.00749	0.00731	0.28570
18	0.44901	0.02187	0.19890	0.01447	0.02098	0.03162	0.03684	0.04343	0.01552	0.05481	0.04133	0.01622	0.01199	0.00759	0.00595	0.00236	0.00773	0.00533	0.00466	0.00939
19	0.01034	0.00771	0.00975	0.01112	0.01200	0.00761	0.00761	0.01396	0.08959	0.02077	0.04056	0.64859	0.04708	0.02223	0.00946	0.00302	0.00458	0.02008	0.00712	0.00683
20	0.01546	0.01448	0.02406	0.45036	0.21943	0.01690	0.02050	0.01999	0.01552	0.02098	0.01483	0.04675	0.01236	0.00834	0.00860	0.00250	0.05070	0.00731	0.02164	0.00927
21	0.02868	0.02596	0.02236	0.01811	0.02350	0.23861	0.01449	0.46123	0.03118	0.03855	0.01616	0.01678	0.01191	0.00870	0.00735	0.00217	0.01003	0.00621	0.00642	0.01160
22	0.06570	0.02135	0.02021	0.01617	0.02139	0.11487	0.01309	0.46810	0.03030	0.04085	0.01767	0.01844	0.01298	0.00879	0.00708	0.00218	0.00841	0.00645	0.09456	0.01143
23	0.02989	0.01956	0.02172	0.01665	0.02268	0.02102	0.01376	0.53452	0.03284	0.17809	0.02058	0.01975	0.01409	0.00916	0.00760	0.00229	0.00796	0.00699	0.00795	0.01290
24	0.76335	0.01449	0.01118	0.01010	0.01470	0.01676	0.00834	0.02210	0.01305	0.03369	0.01147	0.01456	0.00930	0.00747	0.00487	0.00238	0.00590	0.02337	0.00476	0.00818
25	0.01579	0.11897	0.61946	0.02063	0.03130	0.01903	0.02631	0.02387	0.01595	0.02332	0.01326	0.01558	0.00962	0.00712	0.00694	0.00231	0.01086	0.00543	0.00321	0.01104
26	0.01943	0.01643	0.01743	0.01555	0.01989	0.01890	0.01220	0.08846	0.60055	0.03270	0.03018	0.02939	0.02302	0.01055	0.00780	0.00258	0.00622	0.02911	0.00768	0.01191
27	0.03403	0.01291	0.01760	0.01350	0.01936	0.01115	0.01115	0.03697	0.02171	0.69137	0.02992	0.02582	0.01878	0.00939	0.00763	0.00235	0.00645	0.00763	0.00939	0.01291
28	0.19472	0.01623	0.09218	0.04910	0.01971	0.01495	0.01234	0.14228	0.01843	0.09156	0.01870	0.04731	0.01565	0.07778	0.12417	0.00440	0.00959	0.00723	0.03443	0.00924
29	0.01987	0.36986	0.28336	0.01689	0.02512	0.02286	0.03888	0.02488	0.01644	0.09722	0.01406	0.01543	0.01077	0.00709	0.00619	0.00203	0.00924	0.00520	0.00395	0.01067
30	0.00969	0.00766	0.00873	0.00856	0.01072	0.00670	0.00638	0.01226	0.01886	0.02446	0.32042	0.09523	0.40755	0.01791	0.00899	0.00251	0.00376	0.01532	0.00757	0.00670
31	0.03317	0.01428	0.01845	0.01415	0.02005	0.01319	0.01169	0.13992	0.02401	0.58516	0.02799	0.02456	0.01781	0.00934	0.00762	0.00234	0.00677	0.00750	0.00909	0.01291
32	0.01489	0.01408	0.02300	0.41694	0.03906	0.01723	0.07097	0.03746	0.01522	0.02040	0.01646	0.10390	0.01505	0.01058	0.01136	0.00274	0.14960	0.00867	0.00396	0.00841
33	0.01432	0.01319	0.02203	0.68255	0.05024	0.01640	0.02034	0.01930	0.01520	0.01979	0.01400	0.02059	0.01054	0.00764	0.00748	0.00249	0.00981	0.00676	0.03898	0.00836
34	0.02395	0.01958	0.02067	0.01815	0.05569	0.05112	0.01383	0.33010	0.31161	0.03834	0.02324	0.02244	0.01719	0.00945	0.00761	0.00239	0.00759	0.00750	0.00729	0.01228
35	0.41737	0.01762	0.01652	0.01351	0.01879	0.01995	0.01111	0.30150	0.05649	0.03992	0.01493	0.01570	0.01102	0.00811	0.00611	0.00233	0.00695	0.00552	0.00611	0.01045
36	0.02010	0.01569	0.07404	0.01664	0.09546	0.01170	0.01263	0.02385	0.01730	0.18348	0.01881	0.05137	0.01478	0.00762	0.00663	0.00174	0.00661	0.00638	0.00559	0.40956
37	0.01450	0.01364	0.01916	0.01718	0.01748	0.01831	0.01393	0.01628	0.01216	0.01832	0.01660	0.12855	0.01766	0.02217	0.13580	0.00476	0.49258	0.00919	0.00402	0.00771
38	0.01406	0.01282	0.01816	0.01630	0.01683	0.01705	0.01321	0.01605	0.01181	0.01782	0.01471	0.02344	0.01437	0.06706	0.29047	0.00699	0.41022	0.00744	0.00367	0.00751
39	0.05348	0.01114	0.01374	0.12358	0.01899	0.01260	0.00991	0.06123	0.08957	0.02179	0.05463	0.03601	0.02318	0.33391	0.07053	0.00535	0.03887	0.00917	0.00506	0.00724
40	0.00943	0.00674	0.00902	0.01078	0.01130	0.00633	0.00737	0.01089	0.01471	0.01958	0.04170	0.68725	0.04975	0.02358	0.00973	0.00311	0.00457	0.06090	0.00704	0.00621
41	0.01103	0.00735	0.00827	0.00827	0.00827	0.00735	0.00460	0.01103	0.01103	0.01471	0.02390	0.04964	0.02758	0.73343	0.03861	0.00735	0.00735	0.01103	0.00460	0.00460
42	0.01552	0.03709	0.62004	0.02280	0.03361	0.01779	0.09997	0.02405	0.01623	0.02405	0.01381	0.01652	0.00983	0.00711	0.00741	0.00242	0.01139	0.00599	0.00328	0.01110
43	0.01116	0.00839	0.01075	0.01193	0.01394	0.00797	0.01012	0.01415	0.01741	0.02198	0.05208	0.08148	0.25138	0.02039	0.00999	0.00319	0.00596	0.43394	0.00700	0.00680
44	0.01459	0.01012	0.01276	0.01228	0.03892	0.00997	0.00894	0.02123	0.13561	0.09217	0.46013	0.04792	0.07720	0.01382	0.00855	0.00242	0.00449	0.01206	0.00812	0.00871
45	0.01560	0.06887	0.58740	0.02103	0.03074	0.01883	0.02603	0.02330	0.01548	0.02308	0.01305	0.01590	0.00965	0.00787	0.00912	0.00247	0.09189	0.00565	0.00322	0.01081
46	0.01810	0.34636	0.10072	0.01364	0.02047	0.02099	0.01322	0.02370	0.09055	0.02231	0.01414	0.01557	0.01173	0.00672	0.00569	0.00166	0.00741	0.00488	0.00415	0.25799
47	0.01432	0.00819	0.00907	0.00869	0.01024	0.00899	0.00672	0.01762	0.01531	0.02682	0.02292	0.02699	0.01834	0.01078	0.02839	0.00226	0.08574	0.00705	0.66438	0.00720
48	0.02043	0.02218	0.01597	0.01458	0.01767	0.35525	0.01098	0.02305	0.02119	0.05286	0.27402	0.03500	0.08294	0.01166	0.00784	0.00218	0.00878	0.00920	0.00608	0.00817
49	0.05693	0.03003	0.02189	0.01970	0.05155	0.44107	0.01471	0.22126	0.02529	0.02830	0.01376	0.01522	0.01076	0.00813	0.00701	0.00208	0.01156	0.00553	0.00505	0.01016
50	0.01222	0.00890	0.01081	0.01006	0.01241	0.00852	0.00763	0.01755	0.09508	0.05298	0.48588	0.05495	0.16335	0.01529	0.00876	0.00243	0.00400	0.01328	0.00810	0.00780
51	0.03677	0.00939	0.01215	0.01158	0.01310	0.01010	0.00878	0.01566	0.01626	0.07256	0.19768	0.20567	0.08454	0.05140	0.07024	0.00371	0.11427	0.01302	0.04579	0.00735

[dist]
# distance from previous block
# <min> <max>
0	6

# created by:
# /st0/software/busco_prod/Augustus/scripts/msa2prfl.pl ./align_prep/113442.fa
