[name]
unknown

[dist]
# distance from previous block
# <min> <max>
0	31

[block]
# block no. 0 follows, 22 sequences, length 7
# corresponding to MSA columns:
# 31-37
name=unknown_A
#
# <colnr> <probs for GDERKNQSTAVLIFYWHMCP>
#	G	D	E	R	K	N	Q	S	T	A	V	L	I	F	Y	W	H	M	C	P
0	0.01901	0.07930	0.04016	0.02774	0.03510	0.01992	0.40873	0.02467	0.01864	0.02568	0.01733	0.02473	0.01436	0.00814	0.00972	0.00255	0.04300	0.04278	0.00444	0.13398
1	0.01096	0.00812	0.01054	0.01165	0.01295	0.00726	0.00796	0.01267	0.01606	0.02190	0.04212	0.62149	0.04990	0.02367	0.01008	0.00312	0.00498	0.02140	0.00738	0.09577
2	0.01821	0.01879	0.03126	0.11065	0.03174	0.02344	0.17038	0.02180	0.01494	0.02180	0.01287	0.01974	0.01135	0.01186	0.02048	0.00332	0.43603	0.00792	0.00378	0.00963
3	0.01373	0.00912	0.01010	0.00969	0.01030	0.00930	0.00586	0.05686	0.01441	0.01980	0.02580	0.05018	0.02840	0.60678	0.03717	0.00721	0.00783	0.01143	0.06015	0.00588
4	0.01830	0.01381	0.01506	0.01376	0.01766	0.01459	0.01059	0.05739	0.30669	0.08656	0.04889	0.12374	0.20722	0.01566	0.00908	0.00284	0.00585	0.01322	0.00831	0.01077
5	0.02435	0.02214	0.03026	0.04169	0.47549	0.12180	0.02230	0.02863	0.02027	0.10758	0.01739	0.02067	0.01372	0.00795	0.00813	0.00243	0.01031	0.00720	0.00493	0.01273
6	0.02145	0.62149	0.12844	0.01551	0.02332	0.03102	0.01647	0.02507	0.01697	0.02047	0.01201	0.01390	0.01064	0.00721	0.00568	0.00189	0.00935	0.00467	0.00355	0.01088

[dist]
# distance from previous block
# <min> <max>
0	1

[block]
# block no. 1 follows, 22 sequences, length 190
# corresponding to MSA columns:
# 39-228
name=unknown_B
#
# <colnr> <probs for GDERKNQSTAVLIFYWHMCP>
#	G	D	E	R	K	N	Q	S	T	A	V	L	I	F	Y	W	H	M	C	P
0	0.01028	0.00735	0.00978	0.01146	0.01208	0.00685	0.00772	0.01197	0.01665	0.02239	0.10519	0.63984	0.05724	0.02514	0.01052	0.00330	0.00473	0.02277	0.00785	0.00685
1	0.01723	0.01477	0.01723	0.01230	0.01969	0.01107	0.00984	0.02092	0.01723	0.02707	0.01477	0.01723	0.01230	0.00615	0.00615	0.00123	0.00615	0.00492	0.00492	0.75883
2	0.02171	0.64040	0.07057	0.01511	0.02201	0.03180	0.01520	0.02464	0.01666	0.01988	0.01166	0.01381	0.01067	0.00760	0.00678	0.00193	0.05067	0.00469	0.00356	0.01064
3	0.03119	0.02354	0.02336	0.01839	0.02450	0.09955	0.01497	0.47373	0.03473	0.10256	0.02065	0.02070	0.01468	0.00982	0.00809	0.00243	0.00936	0.00732	0.04718	0.01327
4	0.01183	0.00854	0.01120	0.01065	0.01261	0.00791	0.00807	0.01574	0.02333	0.03296	0.62657	0.06337	0.07711	0.01723	0.00987	0.00266	0.00407	0.03935	0.00908	0.00783
5	0.08875	0.02206	0.02341	0.01819	0.02462	0.02438	0.01498	0.52917	0.06371	0.07703	0.02048	0.02031	0.01452	0.00987	0.00807	0.00252	0.00872	0.00737	0.00816	0.01368
6	0.07312	0.02110	0.02060	0.01726	0.02273	0.10113	0.01374	0.18666	0.26377	0.15204	0.02622	0.02470	0.01887	0.01021	0.00808	0.00259	0.00834	0.00793	0.00803	0.01289
7	0.02221	0.71304	0.04353	0.01421	0.02132	0.03287	0.01421	0.02488	0.01688	0.01955	0.01155	0.01333	0.01066	0.00711	0.00533	0.00178	0.00888	0.00444	0.00355	0.01066
8	0.01208	0.00805	0.00906	0.00906	0.00906	0.00805	0.00503	0.01208	0.01208	0.01611	0.02618	0.05436	0.03020	0.70804	0.04228	0.00805	0.00805	0.01208	0.00503	0.00503
9	0.01897	0.02125	0.04438	0.03223	0.03941	0.02083	0.52712	0.02515	0.01879	0.02566	0.01940	0.02472	0.04342	0.00854	0.01178	0.00290	0.09050	0.00989	0.00431	0.01076
10	0.02813	0.03360	0.02291	0.02175	0.05440	0.49159	0.01582	0.03537	0.16715	0.02401	0.01786	0.01897	0.01423	0.00914	0.00775	0.00231	0.01278	0.00639	0.00524	0.01062
11	0.01012	0.00723	0.00964	0.01157	0.01205	0.00675	0.00771	0.01157	0.01591	0.02121	0.04579	0.70262	0.05495	0.02603	0.01060	0.00337	0.00482	0.02362	0.00771	0.00675
12	0.03103	0.03959	0.02354	0.02140	0.02568	0.67469	0.01605	0.03317	0.02354	0.02033	0.01284	0.01498	0.01070	0.00856	0.00749	0.00214	0.01498	0.00535	0.00428	0.00963
13	0.02023	0.01940	0.03312	0.09469	0.61514	0.01965	0.02533	0.02520	0.01876	0.02673	0.01557	0.02067	0.01302	0.00746	0.00823	0.00249	0.00995	0.00740	0.00408	0.01289
14	0.01159	0.00789	0.00934	0.00976	0.01001	0.00773	0.00587	0.01220	0.01378	0.01851	0.07378	0.20994	0.03943	0.49752	0.03248	0.00656	0.00700	0.01504	0.00596	0.00564
15	0.03088	0.03154	0.02397	0.02022	0.02556	0.36248	0.01582	0.29696	0.05416	0.03505	0.01679	0.01779	0.01278	0.00929	0.00789	0.00232	0.01207	0.00645	0.00622	0.01176
16	0.01693	0.04138	0.62170	0.02555	0.07850	0.01932	0.03034	0.02625	0.01763	0.02637	0.01496	0.01775	0.01070	0.00786	0.00792	0.00262	0.01211	0.00623	0.00355	0.01234
17	0.01961	0.02241	0.04902	0.03501	0.04342	0.02101	0.62605	0.02661	0.01961	0.02661	0.01681	0.02241	0.01261	0.00700	0.00980	0.00280	0.01401	0.00980	0.00420	0.01120
18	0.01941	0.02382	0.09127	0.03424	0.04291	0.02089	0.58521	0.02659	0.01947	0.02659	0.01668	0.02207	0.01246	0.00706	0.00967	0.00279	0.01389	0.00955	0.00415	0.01128
19	0.01207	0.00809	0.00926	0.00926	0.00933	0.00816	0.00529	0.01221	0.01214	0.01626	0.02599	0.05334	0.02976	0.67766	0.07206	0.00830	0.00872	0.01193	0.00501	0.00515
20	0.01436	0.01123	0.01403	0.04417	0.01690	0.01161	0.01008	0.04193	0.07345	0.02941	0.27362	0.14275	0.08125	0.01576	0.01051	0.00267	0.06105	0.01331	0.05880	0.07310
21	0.05302	0.01758	0.02279	0.29819	0.03674	0.02067	0.01777	0.24915	0.02475	0.03443	0.01749	0.02153	0.01310	0.00947	0.00924	0.00264	0.05623	0.00733	0.07700	0.01091
22	0.01012	0.00723	0.00964	0.01157	0.01205	0.00675	0.00771	0.01157	0.01591	0.02121	0.04579	0.70262	0.05495	0.02603	0.01060	0.00337	0.00482	0.02362	0.00771	0.00675
23	0.01627	0.01283	0.01382	0.01268	0.01641	0.01331	0.00978	0.02790	0.28918	0.06473	0.12527	0.05379	0.27929	0.01574	0.00914	0.00278	0.00536	0.01320	0.00834	0.01016
24	0.01804	0.18947	0.49579	0.02219	0.03312	0.02237	0.05832	0.02601	0.01750	0.02484	0.01427	0.01687	0.01066	0.00767	0.00743	0.00245	0.01162	0.00596	0.00355	0.01187
25	0.00985	0.00827	0.00856	0.00879	0.01132	0.00698	0.00648	0.01188	0.01857	0.02229	0.07957	0.15434	0.58142	0.02164	0.00991	0.00287	0.00428	0.01826	0.00771	0.00698
26	0.01012	0.00723	0.00964	0.01157	0.01205	0.00675	0.00771	0.01157	0.01591	0.02121	0.04579	0.70262	0.05495	0.02603	0.01060	0.00337	0.00482	0.02362	0.00771	0.00675
27	0.01203	0.00826	0.01009	0.01009	0.01044	0.00861	0.00631	0.01274	0.01238	0.01687	0.02524	0.04918	0.02795	0.55385	0.19340	0.00932	0.01144	0.01132	0.00489	0.00560
28	0.01990	0.02309	0.07585	0.12529	0.04346	0.04510	0.45746	0.05523	0.02016	0.02685	0.01642	0.02172	0.01228	0.00744	0.00933	0.00275	0.01330	0.00899	0.00430	0.01107
29	0.01201	0.00802	0.00908	0.00915	0.00917	0.00801	0.00513	0.01206	0.01222	0.01629	0.02688	0.07757	0.03109	0.68363	0.04115	0.00789	0.00794	0.01249	0.00513	0.00510
30	0.01012	0.00723	0.00964	0.01157	0.01205	0.00675	0.00771	0.01157	0.01591	0.02121	0.04579	0.70262	0.05495	0.02603	0.01060	0.00337	0.00482	0.02362	0.00771	0.00675
31	0.01031	0.00745	0.00979	0.01150	0.01223	0.00693	0.00787	0.01200	0.01654	0.02196	0.07435	0.61455	0.08905	0.02522	0.01056	0.00333	0.00486	0.04687	0.00777	0.00685
32	0.01713	0.09999	0.61212	0.02287	0.03471	0.02045	0.02929	0.02619	0.01748	0.02573	0.01462	0.01718	0.01054	0.00783	0.00767	0.00256	0.01199	0.00599	0.00351	0.01214
33	0.01723	0.01477	0.01723	0.01230	0.01969	0.01107	0.00984	0.02092	0.01723	0.02707	0.01477	0.01723	0.01230	0.00615	0.00615	0.00123	0.00615	0.00492	0.00492	0.75883
34	0.02036	0.02096	0.06687	0.04956	0.62365	0.01972	0.02577	0.02554	0.01884	0.02710	0.01559	0.02040	0.01302	0.00743	0.00821	0.00248	0.01000	0.00734	0.00408	0.01311
35	0.01666	0.04297	0.66500	0.02368	0.03596	0.01929	0.03069	0.02631	0.01754	0.02631	0.01491	0.01754	0.01052	0.00789	0.00789	0.00263	0.01228	0.00614	0.00351	0.01228
36	0.02402	0.01700	0.01899	0.01637	0.02131	0.01862	0.01304	0.12819	0.37680	0.13857	0.07446	0.03417	0.02766	0.01189	0.00866	0.00277	0.00691	0.03901	0.00874	0.01282
37	0.01844	0.22352	0.45277	0.02298	0.07452	0.02301	0.02586	0.02586	0.01745	0.02453	0.01404	0.01660	0.01074	0.00765	0.00722	0.00239	0.01119	0.00576	0.00356	0.01190
38	0.01599	0.01507	0.02545	0.64929	0.09368	0.01854	0.02322	0.02149	0.01675	0.02159	0.01482	0.02205	0.01120	0.00825	0.00830	0.00275	0.01100	0.00738	0.00372	0.00947
39	0.01187	0.00796	0.00912	0.00933	0.00939	0.00791	0.00533	0.01202	0.01250	0.01667	0.02832	0.12522	0.03291	0.63350	0.03882	0.00754	0.00770	0.01334	0.00533	0.00522
40	0.01190	0.00851	0.01164	0.01333	0.01466	0.00825	0.01056	0.01476	0.01820	0.02413	0.09976	0.34031	0.05350	0.02367	0.01097	0.00353	0.00615	0.31105	0.00781	0.00730
41	0.02058	0.01871	0.03528	0.08328	0.03547	0.01881	0.34222	0.02782	0.08188	0.10194	0.02230	0.08165	0.01820	0.01011	0.01072	0.00288	0.06117	0.01038	0.00557	0.01105
42	0.01941	0.02202	0.04781	0.06783	0.04411	0.02088	0.59575	0.02634	0.01946	0.02634	0.01670	0.02240	0.01253	0.00707	0.00973	0.00280	0.01386	0.00968	0.00418	0.01111
43	0.01012	0.00723	0.00964	0.01157	0.01205	0.00675	0.00771	0.01157	0.01591	0.02121	0.04579	0.70262	0.05495	0.02603	0.01060	0.00337	0.00482	0.02362	0.00771	0.00675
44	0.06465	0.02105	0.01995	0.01718	0.02216	0.11424	0.01349	0.17232	0.28126	0.09451	0.02718	0.07106	0.02141	0.01132	0.00825	0.00265	0.00829	0.00899	0.00777	0.01230
45	0.04454	0.16617	0.52648	0.02147	0.03253	0.02179	0.02686	0.02598	0.01730	0.02545	0.01417	0.01661	0.01049	0.00774	0.00732	0.00247	0.01144	0.00577	0.00357	0.01186
46	0.01208	0.00805	0.00906	0.00906	0.00906	0.00805	0.00503	0.01208	0.01208	0.01611	0.02618	0.05436	0.03020	0.70804	0.04228	0.00805	0.00805	0.01208	0.00503	0.00503
47	0.03727	0.01414	0.01928	0.01478	0.02121	0.01221	0.01221	0.04049	0.02378	0.66198	0.03277	0.02828	0.02056	0.01028	0.00835	0.00257	0.00707	0.00835	0.01028	0.01414
48	0.61531	0.01684	0.01423	0.01229	0.01763	0.01922	0.01009	0.09022	0.05221	0.06604	0.01462	0.01580	0.01096	0.00826	0.00580	0.00258	0.00675	0.00526	0.00589	0.01000
49	0.01712	0.07874	0.59848	0.02375	0.03554	0.02013	0.06105	0.02625	0.01761	0.02595	0.01482	0.01756	0.01064	0.00780	0.00785	0.00259	0.01218	0.00624	0.00355	0.01213
50	0.02374	0.02752	0.02569	0.02223	0.02444	0.30281	0.04466	0.02593	0.01766	0.02044	0.01200	0.01700	0.01089	0.01164	0.01802	0.00296	0.37246	0.00656	0.00394	0.00942
51	0.69307	0.01626	0.01347	0.05246	0.01894	0.01890	0.01011	0.04718	0.01524	0.03687	0.01208	0.01427	0.00932	0.00783	0.00545	0.00258	0.00681	0.00479	0.00517	0.00921
52	0.01322	0.00951	0.01315	0.01498	0.01693	0.00944	0.01305	0.01696	0.01912	0.02475	0.04588	0.09306	0.07628	0.02286	0.01140	0.00378	0.00749	0.57289	0.00765	0.00762
53	0.15800	0.02203	0.02274	0.01771	0.02409	0.02454	0.01462	0.52463	0.03477	0.04976	0.01850	0.01884	0.01325	0.00958	0.00777	0.00251	0.00867	0.00697	0.00777	0.01325
54	0.03401	0.01500	0.01936	0.01508	0.02137	0.01372	0.01235	0.06630	0.09410	0.52795	0.03131	0.02759	0.02036	0.01015	0.00824	0.00252	0.00706	0.00824	0.00969	0.05560
55	0.76672	0.01607	0.01221	0.01092	0.01607	0.01864	0.00900	0.02442	0.01414	0.03727	0.01157	0.01350	0.00900	0.00771	0.00514	0.00257	0.00643	0.00450	0.00514	0.00900
56	0.01687	0.01439	0.01685	0.01227	0.01930	0.01086	0.00974	0.02045	0.01716	0.02678	0.01632	0.05166	0.01445	0.00715	0.00638	0.00134	0.00609	0.00586	0.00506	0.72104
57	0.01012	0.00723	0.00964	0.01157	0.01205	0.00675	0.00771	0.01157	0.01591	0.02121	0.04579	0.70262	0.05495	0.02603	0.01060	0.00337	0.00482	0.02362	0.00771	0.00675
58	0.01669	0.01579	0.02673	0.55711	0.18036	0.01872	0.02357	0.02210	0.01709	0.02244	0.01494	0.02182	0.01150	0.00812	0.00829	0.00271	0.01083	0.00739	0.00378	0.01004
59	0.11888	0.03184	0.02177	0.01915	0.02399	0.43740	0.01473	0.10107	0.05817	0.07430	0.01613	0.01723	0.01242	0.00890	0.00742	0.00230	0.01225	0.00594	0.00552	0.01059
60	0.01012	0.00723	0.00964	0.01157	0.01205	0.00675	0.00771	0.01157	0.01591	0.02121	0.04579	0.70262	0.05495	0.02603	0.01060	0.00337	0.00482	0.02362	0.00771	0.00675
61	0.01316	0.00941	0.01306	0.01462	0.01653	0.00932	0.01260	0.01700	0.01974	0.02605	0.12976	0.08924	0.05212	0.02211	0.01124	0.00365	0.00712	0.51772	0.00786	0.00768
62	0.02023	0.01940	0.03312	0.09469	0.61514	0.01965	0.02533	0.02520	0.01876	0.02673	0.01557	0.02067	0.01302	0.00746	0.00823	0.00249	0.00995	0.00740	0.00408	0.01289
63	0.07199	0.02359	0.02417	0.01876	0.02523	0.05374	0.01543	0.56927	0.03701	0.05013	0.01917	0.01937	0.01370	0.00979	0.00810	0.00248	0.00925	0.00722	0.00796	0.01365
64	0.01246	0.00868	0.01089	0.01031	0.01256	0.00783	0.00774	0.01590	0.02232	0.05903	0.48880	0.09196	0.18470	0.01785	0.00977	0.00268	0.00416	0.01558	0.00886	0.00792
65	0.01017	0.00736	0.00963	0.01133	0.01201	0.00681	0.00763	0.01177	0.01642	0.02180	0.07419	0.63716	0.09235	0.02533	0.01052	0.00331	0.00474	0.02288	0.00777	0.00681
66	0.01012	0.00723	0.00964	0.01157	0.01205	0.00675	0.00771	0.01157	0.01591	0.02121	0.04579	0.70262	0.05495	0.02603	0.01060	0.00337	0.00482	0.02362	0.00771	0.00675
67	0.01121	0.00814	0.01057	0.01066	0.01225	0.00750	0.00773	0.01436	0.02119	0.02945	0.45709	0.23971	0.09974	0.01968	0.01002	0.00283	0.00418	0.01752	0.00868	0.00750
68	0.01821	0.01535	0.01776	0.01277	0.02010	0.01208	0.01025	0.06259	0.01872	0.02880	0.01512	0.01741	0.01243	0.00641	0.00630	0.00132	0.00636	0.00510	0.00515	0.70775
69	0.01978	0.02200	0.03998	0.02999	0.03545	0.05893	0.39568	0.02484	0.01760	0.02412	0.01468	0.02063	0.01195	0.00952	0.01531	0.00303	0.23330	0.00874	0.00402	0.01043
70	0.72547	0.01755	0.04811	0.01163	0.01716	0.01867	0.01019	0.02452	0.01432	0.03667	0.01175	0.01372	0.00908	0.00772	0.00529	0.00257	0.00675	0.00459	0.00505	0.00918
71	0.03727	0.01414	0.01928	0.01478	0.02121	0.01221	0.01221	0.04049	0.02378	0.66198	0.03277	0.02828	0.02056	0.01028	0.00835	0.00257	0.00707	0.00835	0.01028	0.01414
72	0.01076	0.00750	0.00992	0.01174	0.01246	0.00709	0.00820	0.01258	0.01632	0.02212	0.04457	0.60242	0.05235	0.02481	0.01043	0.00334	0.00506	0.08266	0.04876	0.00690
73	0.02031	0.01948	0.03326	0.08444	0.62477	0.01967	0.02537	0.02527	0.01880	0.02683	0.01558	0.02064	0.01305	0.00745	0.00823	0.00248	0.00993	0.00740	0.00409	0.01295
74	0.02045	0.02052	0.03069	0.19536	0.45637	0.08323	0.02402	0.02526	0.01883	0.02511	0.01516	0.02038	0.01244	0.00772	0.00817	0.00251	0.01065	0.00720	0.00403	0.01191
75	0.02978	0.06794	0.02388	0.02044	0.02489	0.58985	0.01556	0.05795	0.02373	0.02178	0.01604	0.01780	0.03735	0.00907	0.00753	0.00217	0.01401	0.00591	0.00457	0.00977
76	0.01021	0.00730	0.00972	0.01151	0.01207	0.00680	0.00772	0.01178	0.01630	0.02184	0.07761	0.66899	0.05618	0.02555	0.01056	0.00333	0.00477	0.02317	0.00779	0.00680
77	0.02317	0.02071	0.02009	0.01765	0.02257	0.08506	0.01379	0.12342	0.49827	0.03577	0.02986	0.02792	0.02239	0.01083	0.00834	0.00271	0.00775	0.00874	0.00803	0.01294
78	0.10242	0.01556	0.04253	0.01472	0.02122	0.01333	0.01252	0.03766	0.04583	0.52590	0.02931	0.02608	0.01890	0.00979	0.00794	0.00252	0.00714	0.00779	0.00923	0.04962
79	0.01798	0.20246	0.51708	0.02143	0.03247	0.02252	0.02677	0.02597	0.01738	0.02470	0.01411	0.01654	0.01056	0.00771	0.00728	0.00243	0.01147	0.00573	0.00352	0.01189
80	0.01961	0.02241	0.04902	0.03501	0.04342	0.02101	0.62605	0.02661	0.01961	0.02661	0.01681	0.02241	0.01261	0.00700	0.00980	0.00280	0.01401	0.00980	0.00420	0.01120
81	0.01118	0.00847	0.01039	0.01052	0.01258	0.00768	0.00802	0.01427	0.02076	0.02765	0.33846	0.13844	0.25072	0.01991	0.01009	0.00290	0.00455	0.08758	0.00837	0.00745
82	0.02063	0.02050	0.06063	0.11462	0.52199	0.02000	0.02481	0.06644	0.01999	0.02821	0.01580	0.02055	0.01289	0.00770	0.00822	0.00251	0.01005	0.00735	0.00433	0.01277
83	0.01881	0.03599	0.49450	0.02478	0.06554	0.01835	0.08062	0.02709	0.01832	0.08578	0.01790	0.04388	0.01339	0.00867	0.00822	0.00266	0.01155	0.00737	0.00439	0.01220
84	0.02221	0.71304	0.04353	0.01421	0.02132	0.03287	0.01421	0.02488	0.01688	0.01955	0.01155	0.01333	0.01066	0.00711	0.00533	0.00178	0.00888	0.00444	0.00355	0.01066
85	0.01025	0.00732	0.00978	0.01171	0.01225	0.00685	0.00793	0.01178	0.01603	0.02135	0.04572	0.67948	0.05467	0.02591	0.01064	0.00339	0.00493	0.04553	0.00771	0.00678
86	0.01261	0.00985	0.01348	0.01334	0.01531	0.00951	0.04618	0.04708	0.04460	0.02557	0.12164	0.41832	0.11495	0.02159	0.01021	0.00314	0.00566	0.05134	0.00774	0.00788
87	0.02463	0.02001	0.02127	0.01931	0.05607	0.05098	0.01450	0.18109	0.40377	0.07237	0.02856	0.02695	0.02113	0.01058	0.00836	0.00268	0.00776	0.00859	0.00810	0.01328
88	0.01012	0.00723	0.00964	0.01157	0.01205	0.00675	0.00771	0.01157	0.01591	0.02121	0.04579	0.70262	0.05495	0.02603	0.01060	0.00337	0.00482	0.02362	0.00771	0.00675
89	0.76672	0.01607	0.01221	0.01092	0.01607	0.01864	0.00900	0.02442	0.01414	0.03727	0.01157	0.01350	0.00900	0.00771	0.00514	0.00257	0.00643	0.00450	0.00514	0.00900
90	0.01026	0.00733	0.00976	0.01148	0.01208	0.00684	0.00772	0.01191	0.01653	0.02221	0.09577	0.64979	0.05688	0.02528	0.01054	0.00331	0.00475	0.02291	0.00783	0.00684
91	0.07034	0.03370	0.02303	0.02033	0.02475	0.47731	0.01563	0.11828	0.05117	0.02648	0.01458	0.01650	0.01174	0.00920	0.00872	0.00233	0.05457	0.00590	0.00505	0.01036
92	0.01735	0.10427	0.57873	0.02403	0.06254	0.02058	0.02893	0.02614	0.01754	0.02572	0.01463	0.01728	0.01066	0.00780	0.00767	0.00254	0.01185	0.00604	0.00354	0.01217
93	0.02152	0.62918	0.12131	0.01540	0.02315	0.03117	0.01628	0.02505	0.01696	0.02039	0.01197	0.01385	0.01064	0.00721	0.00565	0.00188	0.00931	0.00465	0.00355	0.01086
94	0.02056	0.01974	0.03372	0.05099	0.65622	0.01974	0.02550	0.02550	0.01892	0.02714	0.01563	0.02056	0.01316	0.00740	0.00822	0.00247	0.00987	0.00740	0.00411	0.01316
95	0.03704	0.01450	0.01951	0.01495	0.02139	0.01275	0.01235	0.06404	0.02439	0.63756	0.03226	0.02794	0.02031	0.01027	0.00835	0.00257	0.00715	0.00832	0.01020	0.01414
96	0.02595	0.07537	0.02080	0.01529	0.02037	0.01769	0.01255	0.12721	0.14717	0.23545	0.09334	0.03321	0.07650	0.01194	0.00943	0.00262	0.04519	0.00944	0.00834	0.01216
97	0.01651	0.01577	0.02223	0.01960	0.01993	0.02150	0.01609	0.01854	0.01301	0.01991	0.01493	0.05546	0.01509	0.02466	0.15590	0.00556	0.52425	0.00842	0.00400	0.00864
98	0.01207	0.00807	0.00914	0.00911	0.00919	0.00805	0.00514	0.01222	0.01251	0.01676	0.04989	0.05466	0.03203	0.68185	0.04105	0.00785	0.00790	0.01219	0.00519	0.00514
99	0.03054	0.02249	0.02419	0.01875	0.02510	0.02484	0.01540	0.59864	0.03794	0.05085	0.02120	0.05301	0.01610	0.01075	0.00842	0.00254	0.00893	0.00826	0.00828	0.01377
100	0.02251	0.15705	0.03932	0.02806	0.08897	0.08932	0.28856	0.10376	0.02177	0.02776	0.01685	0.04666	0.01398	0.00836	0.00840	0.00249	0.01175	0.00835	0.00475	0.01131
101	0.01967	0.02223	0.04797	0.03611	0.08545	0.02092	0.58486	0.02653	0.01956	0.02665	0.01673	0.02228	0.01264	0.00703	0.00970	0.00278	0.01372	0.00964	0.00420	0.01134
102	0.01443	0.00722	0.01082	0.01082	0.01082	0.00722	0.00722	0.01082	0.01082	0.01443	0.01443	0.02525	0.01443	0.02886	0.03247	0.75830	0.00722	0.00722	0.00361	0.00361
103	0.26599	0.01642	0.02081	0.15070	0.14478	0.01785	0.01582	0.07778	0.01964	0.13077	0.05058	0.02189	0.01606	0.00885	0.00735	0.00259	0.00817	0.00701	0.00595	0.01100
104	0.01571	0.02635	0.33740	0.01821	0.02570	0.01415	0.04288	0.02228	0.01963	0.06329	0.20679	0.08862	0.05886	0.01260	0.00884	0.00269	0.00871	0.01083	0.00605	0.01040
105	0.01878	0.01918	0.02536	0.02179	0.02199	0.05599	0.01808	0.02061	0.01323	0.02001	0.01100	0.01802	0.01090	0.01426	0.02633	0.00356	0.66095	0.00718	0.00367	0.00911
106	0.01391	0.01204	0.01459	0.05476	0.01787	0.07273	0.01117	0.01667	0.01438	0.01919	0.02130	0.03246	0.02015	0.11669	0.51070	0.01114	0.01951	0.00879	0.00444	0.00750
107	0.02835	0.01442	0.01837	0.01368	0.02053	0.01170	0.01116	0.03178	0.02086	0.37937	0.02476	0.02336	0.01689	0.00844	0.00737	0.00197	0.00666	0.00683	0.00790	0.34561
108	0.02382	0.01216	0.01548	0.01326	0.01745	0.01133	0.01052	0.06085	0.06079	0.29518	0.18885	0.10696	0.09359	0.01490	0.00918	0.00274	0.00595	0.03683	0.00921	0.01096
109	0.01010	0.00730	0.00957	0.01139	0.01200	0.00676	0.00763	0.01159	0.01607	0.02128	0.04793	0.66786	0.08832	0.02575	0.01056	0.00334	0.00479	0.02328	0.00771	0.00676
110	0.03158	0.02234	0.02425	0.01869	0.02524	0.02451	0.01541	0.55943	0.06199	0.09901	0.02150	0.02103	0.01508	0.01005	0.00832	0.00251	0.00888	0.00762	0.00847	0.01409
111	0.01602	0.01511	0.02552	0.64438	0.09830	0.01854	0.02324	0.02152	0.01677	0.02163	0.01482	0.02204	0.01122	0.00824	0.00830	0.00275	0.01099	0.00738	0.00372	0.00950
112	0.01156	0.00929	0.01404	0.05085	0.01719	0.00936	0.05150	0.01374	0.01638	0.02207	0.06778	0.55514	0.04848	0.02276	0.01122	0.00328	0.04032	0.02057	0.00711	0.00736
113	0.03727	0.01414	0.01928	0.01478	0.02121	0.01221	0.01221	0.04049	0.02378	0.66198	0.03277	0.02828	0.02056	0.01028	0.00835	0.00257	0.00707	0.00835	0.01028	0.01414
114	0.01211	0.00899	0.01136	0.01080	0.01289	0.00852	0.00808	0.01700	0.06047	0.03219	0.55236	0.09629	0.10273	0.01734	0.00976	0.00268	0.00414	0.01528	0.00895	0.00806
115	0.55196	0.01719	0.05060	0.11297	0.02373	0.01810	0.01256	0.02540	0.01551	0.08693	0.01402	0.01625	0.01037	0.00803	0.00604	0.00260	0.00750	0.00534	0.00527	0.00965
116	0.01954	0.02220	0.04788	0.03437	0.04237	0.02122	0.59661	0.02629	0.01927	0.02629	0.01652	0.02220	0.01252	0.00737	0.01065	0.00284	0.04688	0.00968	0.00417	0.01110
117	0.02012	0.01737	0.01826	0.01648	0.02108	0.01998	0.01281	0.04252	0.60995	0.03413	0.03634	0.03345	0.05689	0.01176	0.00852	0.00282	0.00646	0.00980	0.00842	0.01284
118	0.01012	0.00723	0.00964	0.01157	0.01205	0.00675	0.00771	0.01157	0.01591	0.02121	0.04579	0.70262	0.05495	0.02603	0.01060	0.00337	0.00482	0.02362	0.00771	0.00675
119	0.01524	0.01145	0.01569	0.01804	0.06174	0.01175	0.01432	0.05013	0.05798	0.02700	0.04021	0.08117	0.04237	0.02052	0.01091	0.00360	0.00781	0.49388	0.00749	0.00869
120	0.01176	0.00849	0.01110	0.01045	0.01241	0.00784	0.00784	0.01568	0.02352	0.03331	0.65184	0.06206	0.07839	0.01698	0.00980	0.00261	0.00392	0.01502	0.00914	0.00784
121	0.03045	0.03863	0.02363	0.02142	0.02551	0.64544	0.01615	0.03258	0.02305	0.02032	0.01275	0.01513	0.01071	0.00883	0.00838	0.00221	0.04552	0.00544	0.00425	0.00961
122	0.01937	0.02194	0.04755	0.07477	0.04426	0.02085	0.58934	0.02628	0.01943	0.02628	0.01668	0.02239	0.01251	0.00708	0.00971	0.00280	0.01383	0.00966	0.00417	0.01108
123	0.01012	0.00723	0.00964	0.01157	0.01205	0.00675	0.00771	0.01157	0.01591	0.02121	0.04579	0.70262	0.05495	0.02603	0.01060	0.00337	0.00482	0.02362	0.00771	0.00675
124	0.01166	0.00849	0.01097	0.01035	0.01235	0.00780	0.00776	0.01550	0.02329	0.03279	0.62434	0.06292	0.10621	0.01718	0.00980	0.00262	0.00393	0.01515	0.00908	0.00780
125	0.02221	0.71304	0.04353	0.01421	0.02132	0.03287	0.01421	0.02488	0.01688	0.01955	0.01155	0.01333	0.01066	0.00711	0.00533	0.00178	0.00888	0.00444	0.00355	0.01066
126	0.01339	0.00956	0.01339	0.01530	0.01721	0.00956	0.01339	0.01721	0.01912	0.02486	0.04399	0.09371	0.04781	0.02295	0.01147	0.00382	0.00765	0.60031	0.00765	0.00765
127	0.01666	0.04297	0.66500	0.02368	0.03596	0.01929	0.03069	0.02631	0.01754	0.02631	0.01491	0.01754	0.01052	0.00789	0.00789	0.00263	0.01228	0.00614	0.00351	0.01228
128	0.01443	0.00722	0.01082	0.01082	0.01082	0.00722	0.00722	0.01082	0.01082	0.01443	0.01443	0.02525	0.01443	0.02886	0.03247	0.75830	0.00722	0.00722	0.00361	0.00361
129	0.02056	0.01974	0.03372	0.05099	0.65622	0.01974	0.02550	0.02550	0.01892	0.02714	0.01563	0.02056	0.01316	0.00740	0.00822	0.00247	0.00987	0.00740	0.00411	0.01316
130	0.01208	0.00805	0.00906	0.00906	0.00906	0.00805	0.00503	0.01208	0.01208	0.01611	0.02618	0.05436	0.03020	0.70804	0.04228	0.00805	0.00805	0.01208	0.00503	0.00503
131	0.76672	0.01607	0.01221	0.01092	0.01607	0.01864	0.00900	0.02442	0.01414	0.03727	0.01157	0.01350	0.00900	0.00771	0.00514	0.00257	0.00643	0.00450	0.00514	0.00900
132	0.01176	0.00849	0.01110	0.01045	0.01241	0.00784	0.00784	0.01568	0.02352	0.03331	0.65184	0.06206	0.07839	0.01698	0.00980	0.00261	0.00392	0.01502	0.00914	0.00784
133	0.02066	0.01785	0.01878	0.01691	0.02160	0.02066	0.01315	0.04414	0.64121	0.03475	0.03381	0.03099	0.02536	0.01127	0.00845	0.00282	0.00657	0.00939	0.00845	0.01315
134	0.01318	0.00881	0.01156	0.01069	0.01290	0.00808	0.00808	0.01706	0.02353	0.06841	0.61728	0.06017	0.07516	0.01661	0.00972	0.00261	0.00410	0.01465	0.00921	0.00819
135	0.76672	0.01607	0.01221	0.01092	0.01607	0.01864	0.00900	0.02442	0.01414	0.03727	0.01157	0.01350	0.00900	0.00771	0.00514	0.00257	0.00643	0.00450	0.00514	0.00900
136	0.02066	0.01785	0.01878	0.01691	0.02160	0.02066	0.01315	0.04414	0.64121	0.03475	0.03381	0.03099	0.02536	0.01127	0.00845	0.00282	0.00657	0.00939	0.00845	0.01315
137	0.03158	0.02327	0.02493	0.01911	0.02576	0.02576	0.01579	0.62852	0.03906	0.05236	0.01995	0.01995	0.01413	0.00997	0.00831	0.00249	0.00914	0.00748	0.00831	0.01413
138	0.01666	0.04297	0.66500	0.02368	0.03596	0.01929	0.03069	0.02631	0.01754	0.02631	0.01491	0.01754	0.01052	0.00789	0.00789	0.00263	0.01228	0.00614	0.00351	0.01228
139	0.01083	0.00840	0.00992	0.01053	0.01230	0.00773	0.00751	0.01405	0.04973	0.02446	0.16547	0.33601	0.26890	0.02193	0.01008	0.00301	0.00453	0.01924	0.00800	0.00736
140	0.01888	0.02226	0.07261	0.03257	0.04029	0.02035	0.53607	0.02544	0.01898	0.02598	0.01806	0.05996	0.01480	0.00847	0.01061	0.00287	0.04629	0.01029	0.00434	0.01090
141	0.02036	0.01953	0.03336	0.07728	0.63150	0.01969	0.02540	0.02532	0.01882	0.02690	0.01559	0.02063	0.01307	0.00744	0.00823	0.00248	0.00992	0.00740	0.00409	0.01300
142	0.01868	0.01086	0.01392	0.01263	0.01580	0.01038	0.00981	0.02453	0.09629	0.17753	0.34001	0.11334	0.05457	0.01597	0.00948	0.00277	0.00528	0.04925	0.00910	0.00982
143	0.72197	0.01650	0.01298	0.01142	0.01666	0.01907	0.00941	0.06119	0.01565	0.03819	0.01208	0.01389	0.00931	0.00785	0.00533	0.00257	0.00659	0.00468	0.00533	0.00931
144	0.03074	0.03506	0.02366	0.02071	0.02554	0.50283	0.01588	0.16725	0.05177	0.02810	0.01528	0.01674	0.01206	0.00899	0.00771	0.00225	0.01333	0.00599	0.00535	0.01078
145	0.01047	0.00878	0.00915	0.00899	0.01176	0.00763	0.00676	0.01360	0.04267	0.02430	0.15516	0.07583	0.55576	0.02016	0.00976	0.00278	0.00426	0.01691	0.00793	0.00735
146	0.01208	0.00805	0.00906	0.00906	0.00906	0.00805	0.00503	0.01208	0.01208	0.01611	0.02618	0.05436	0.03020	0.70804	0.04228	0.00805	0.00805	0.01208	0.00503	0.00503
147	0.01012	0.00723	0.00964	0.01157	0.01205	0.00675	0.00771	0.01157	0.01591	0.02121	0.04579	0.70262	0.05495	0.02603	0.01060	0.00337	0.00482	0.02362	0.00771	0.00675
148	0.01961	0.02241	0.04902	0.03501	0.04342	0.02101	0.62605	0.02661	0.01961	0.02661	0.01681	0.02241	0.01261	0.00700	0.00980	0.00280	0.01401	0.00980	0.00420	0.01120
149	0.01012	0.00723	0.00964	0.01157	0.01205	0.00675	0.00771	0.01157	0.01591	0.02121	0.04579	0.70262	0.05495	0.02603	0.01060	0.00337	0.00482	0.02362	0.00771	0.00675
150	0.02056	0.01974	0.03372	0.05099	0.65622	0.01974	0.02550	0.02550	0.01892	0.02714	0.01563	0.02056	0.01316	0.00740	0.00822	0.00247	0.00987	0.00740	0.00411	0.01316
151	0.01012	0.00723	0.00964	0.01157	0.01205	0.00675	0.00771	0.01157	0.01591	0.02121	0.04579	0.70262	0.05495	0.02603	0.01060	0.00337	0.00482	0.02362	0.00771	0.00675
152	0.01178	0.00856	0.01114	0.01069	0.01269	0.00792	0.00815	0.01561	0.02301	0.03224	0.58444	0.06504	0.10230	0.01758	0.00991	0.00270	0.00419	0.05528	0.00898	0.00779
153	0.01151	0.00893	0.01053	0.01015	0.01249	0.00821	0.00760	0.01577	0.05558	0.02911	0.39533	0.09409	0.27325	0.01846	0.00977	0.00272	0.00420	0.01595	0.00855	0.00780
154	0.01639	0.01571	0.02723	0.58746	0.11360	0.01873	0.06001	0.02196	0.01701	0.02212	0.01497	0.02201	0.01137	0.00814	0.00839	0.00274	0.01114	0.00753	0.00376	0.00972
155	0.02001	0.01933	0.03343	0.11684	0.56840	0.01966	0.05003	0.02510	0.01870	0.02650	0.01559	0.02080	0.01292	0.00748	0.00830	0.00251	0.01017	0.00750	0.00407	0.01267
156	0.76672	0.01607	0.01221	0.01092	0.01607	0.01864	0.00900	0.02442	0.01414	0.03727	0.01157	0.01350	0.00900	0.00771	0.00514	0.00257	0.00643	0.00450	0.00514	0.00900
157	0.03066	0.06932	0.02450	0.02099	0.02549	0.62117	0.01596	0.05537	0.02383	0.02151	0.01305	0.01509	0.01083	0.00855	0.00742	0.00214	0.01449	0.00539	0.00440	0.00985
158	0.02830	0.02116	0.02270	0.01811	0.02404	0.02352	0.01482	0.47623	0.14571	0.04732	0.02360	0.02505	0.01766	0.01066	0.00835	0.00258	0.00841	0.02925	0.03909	0.01345
159	0.02007	0.01725	0.01827	0.01661	0.02107	0.01989	0.01285	0.04233	0.60631	0.03400	0.03448	0.06849	0.02701	0.01209	0.00857	0.00285	0.00648	0.01019	0.00841	0.01279
160	0.01698	0.04077	0.59906	0.02489	0.03675	0.01948	0.09442	0.02634	0.01776	0.02634	0.01511	0.01806	0.01075	0.00780	0.00810	0.00265	0.01246	0.00653	0.00358	0.01216
161	0.03103	0.03959	0.02354	0.02140	0.02568	0.67469	0.01605	0.03317	0.02354	0.02033	0.01284	0.01498	0.01070	0.00856	0.00749	0.00214	0.01498	0.00535	0.00428	0.00963
162	0.01134	0.00832	0.01063	0.01038	0.01224	0.00761	0.00766	0.01474	0.02204	0.03058	0.51235	0.14691	0.13711	0.01859	0.00990	0.00273	0.00407	0.01641	0.00881	0.00761
163	0.01189	0.00880	0.01282	0.01282	0.01412	0.01010	0.00972	0.01449	0.01319	0.01889	0.02274	0.03532	0.02193	0.14208	0.59694	0.01270	0.02050	0.00929	0.00452	0.00712
164	0.01339	0.00956	0.01339	0.01530	0.01721	0.00956	0.01339	0.01721	0.01912	0.02486	0.04399	0.09371	0.04781	0.02295	0.01147	0.00382	0.00765	0.60031	0.00765	0.00765
165	0.01666	0.04297	0.66500	0.02368	0.03596	0.01929	0.03069	0.02631	0.01754	0.02631	0.01491	0.01754	0.01052	0.00789	0.00789	0.00263	0.01228	0.00614	0.00351	0.01228
166	0.01012	0.00723	0.00964	0.01157	0.01205	0.00675	0.00771	0.01157	0.01591	0.02121	0.04579	0.70262	0.05495	0.02603	0.01060	0.00337	0.00482	0.02362	0.00771	0.00675
167	0.02066	0.01785	0.01878	0.01691	0.02160	0.02066	0.01315	0.04414	0.64121	0.03475	0.03381	0.03099	0.02536	0.01127	0.00845	0.00282	0.00657	0.00939	0.00845	0.01315
168	0.01012	0.00723	0.00964	0.01157	0.01205	0.00675	0.00771	0.01157	0.01591	0.02121	0.04579	0.70262	0.05495	0.02603	0.01060	0.00337	0.00482	0.02362	0.00771	0.00675
169	0.01817	0.01474	0.01732	0.01242	0.01976	0.01113	0.00996	0.02184	0.01753	0.05694	0.01561	0.01775	0.01269	0.00635	0.00626	0.00129	0.00620	0.00508	0.00517	0.72379
170	0.01961	0.02241	0.04902	0.03501	0.04342	0.02101	0.62605	0.02661	0.01961	0.02661	0.01681	0.02241	0.01261	0.00700	0.00980	0.00280	0.01401	0.00980	0.00420	0.01120
171	0.01208	0.00805	0.00906	0.00906	0.00906	0.00805	0.00503	0.01208	0.01208	0.01611	0.02618	0.05436	0.03020	0.70804	0.04228	0.00805	0.00805	0.01208	0.00503	0.00503
172	0.01187	0.00890	0.01335	0.01335	0.01483	0.01038	0.01038	0.01483	0.01335	0.01928	0.02225	0.03264	0.02077	0.06231	0.67512	0.01335	0.02225	0.00890	0.00445	0.00742
173	0.03182	0.03538	0.02598	0.02425	0.06173	0.46874	0.01758	0.11906	0.02615	0.02802	0.01691	0.02044	0.01422	0.01106	0.01024	0.00287	0.06092	0.00689	0.00583	0.01190
174	0.01208	0.00805	0.00906	0.00906	0.00906	0.00805	0.00503	0.01208	0.01208	0.01611	0.02618	0.05436	0.03020	0.70804	0.04228	0.00805	0.00805	0.01208	0.00503	0.00503
175	0.01012	0.00723	0.00964	0.01157	0.01205	0.00675	0.00771	0.01157	0.01591	0.02121	0.04579	0.70262	0.05495	0.02603	0.01060	0.00337	0.00482	0.02362	0.00771	0.00675
176	0.01818	0.01818	0.02545	0.02181	0.02181	0.02545	0.01818	0.01999	0.01272	0.01999	0.01091	0.01818	0.01091	0.01454	0.02726	0.00364	0.69284	0.00727	0.00364	0.00909
177	0.01666	0.04297	0.66500	0.02368	0.03596	0.01929	0.03069	0.02631	0.01754	0.02631	0.01491	0.01754	0.01052	0.00789	0.00789	0.00263	0.01228	0.00614	0.00351	0.01228
178	0.01339	0.00956	0.01339	0.01530	0.01721	0.00956	0.01339	0.01721	0.01912	0.02486	0.04399	0.09371	0.04781	0.02295	0.01147	0.00382	0.00765	0.60031	0.00765	0.00765
179	0.01666	0.04297	0.66500	0.02368	0.03596	0.01929	0.03069	0.02631	0.01754	0.02631	0.01491	0.01754	0.01052	0.00789	0.00789	0.00263	0.01228	0.00614	0.00351	0.01228
180	0.01593	0.01502	0.02536	0.65607	0.08731	0.01852	0.02319	0.02144	0.01673	0.02152	0.01481	0.02207	0.01118	0.00826	0.00830	0.00275	0.01101	0.00738	0.00371	0.00943
181	0.03727	0.01414	0.01928	0.01478	0.02121	0.01221	0.01221	0.04049	0.02378	0.66198	0.03277	0.02828	0.02056	0.01028	0.00835	0.00257	0.00707	0.00835	0.01028	0.01414
182	0.01999	0.02032	0.06014	0.10302	0.57952	0.01961	0.02552	0.02517	0.01866	0.02661	0.01552	0.02056	0.01287	0.00750	0.00822	0.00250	0.01007	0.00735	0.00405	0.01279
183	0.03701	0.01455	0.01953	0.01498	0.02141	0.01282	0.01237	0.06711	0.02447	0.63437	0.03219	0.02790	0.02027	0.01027	0.00835	0.00257	0.00716	0.00831	0.01019	0.01414
184	0.03178	0.02468	0.02452	0.01917	0.02555	0.09757	0.01566	0.53545	0.03664	0.07639	0.01973	0.01977	0.01404	0.00983	0.00822	0.00246	0.00970	0.00728	0.00795	0.01363
185	0.01290	0.00933	0.01275	0.01450	0.01641	0.00919	0.01247	0.01645	0.01893	0.02445	0.04751	0.12653	0.09981	0.02296	0.01128	0.00371	0.00720	0.51841	0.00766	0.00755
186	0.01996	0.44165	0.29524	0.01805	0.02725	0.02737	0.02089	0.02546	0.01715	0.02228	0.01291	0.01503	0.01061	0.00743	0.00637	0.00212	0.01026	0.00513	0.00354	0.01132
187	0.01823	0.01039	0.01068	0.00968	0.01242	0.01082	0.00751	0.12336	0.02112	0.03462	0.02588	0.02909	0.02007	0.00973	0.00623	0.00203	0.00477	0.00770	0.62682	0.00883
188	0.01208	0.00805	0.00906	0.00906	0.00906	0.00805	0.00503	0.01208	0.01208	0.01611	0.02618	0.05436	0.03020	0.70804	0.04228	0.00805	0.00805	0.01208	0.00503	0.00503
189	0.03203	0.02361	0.02436	0.01890	0.02537	0.06912	0.01550	0.53765	0.03669	0.10203	0.02055	0.02031	0.01444	0.00990	0.00826	0.00248	0.00937	0.00741	0.00820	0.01382

[dist]
# distance from previous block
# <min> <max>
0	2

# created by:
# /st0/software/busco_prod/Augustus/scripts/msa2prfl.pl ./align_prep/113413.fa
