[name]
unknown

[dist]
# distance from previous block
# <min> <max>
0	30

[block]
# block no. 0 follows, 25 sequences, length 8
# corresponding to MSA columns:
# 30-37
name=unknown_A
#
# <colnr> <probs for GDERKNQSTAVLIFYWHMCP>
#	G	D	E	R	K	N	Q	S	T	A	V	L	I	F	Y	W	H	M	C	P
0	0.31038	0.01127	0.01207	0.01270	0.01565	0.01220	0.01091	0.01867	0.01605	0.02769	0.02934	0.05849	0.03060	0.01592	0.00842	0.00312	0.00670	0.38596	0.00623	0.00763
1	0.02879	0.01453	0.01782	0.01456	0.01994	0.01445	0.01174	0.03911	0.27100	0.43217	0.03096	0.02737	0.02093	0.00995	0.00783	0.00249	0.00642	0.00817	0.00894	0.01284
2	0.01925	0.00924	0.01248	0.01196	0.01455	0.00827	0.00882	0.02124	0.01769	0.27702	0.03803	0.45309	0.03886	0.01860	0.00908	0.00286	0.00531	0.01653	0.00813	0.00897
3	0.01101	0.00807	0.01118	0.01080	0.01246	0.00824	0.00824	0.01433	0.01828	0.02603	0.42186	0.04729	0.05235	0.03222	0.27525	0.00632	0.01028	0.01181	0.00684	0.00716
4	0.01654	0.01612	0.02714	0.01965	0.02652	0.01368	0.25743	0.02106	0.01686	0.02477	0.01625	0.06014	0.01397	0.00716	0.00731	0.00184	0.00850	0.00740	0.00449	0.43318
5	0.01820	0.01350	0.01664	0.01454	0.01779	0.01525	0.01164	0.26130	0.02175	0.02994	0.01994	0.02588	0.01699	0.03925	0.43014	0.00854	0.01603	0.00779	0.00555	0.00935
6	0.01528	0.17490	0.13170	0.01167	0.01621	0.01433	0.01156	0.01958	0.01741	0.02626	0.16218	0.02943	0.02759	0.00970	0.00647	0.00202	0.00601	0.00777	0.30135	0.00858
7	0.06725	0.07270	0.55934	0.07126	0.03305	0.01857	0.02596	0.02402	0.01606	0.02456	0.01353	0.01623	0.00977	0.00735	0.00710	0.00242	0.01084	0.00563	0.00339	0.01097

[dist]
# distance from previous block
# <min> <max>
0	2

[block]
# block no. 1 follows, 25 sequences, length 80
# corresponding to MSA columns:
# 40-119
name=unknown_B
#
# <colnr> <probs for GDERKNQSTAVLIFYWHMCP>
#	G	D	E	R	K	N	Q	S	T	A	V	L	I	F	Y	W	H	M	C	P
0	0.02932	0.03475	0.02183	0.01951	0.02374	0.61916	0.01477	0.06770	0.02283	0.05758	0.01340	0.01494	0.01068	0.00816	0.00708	0.00204	0.01326	0.00527	0.00453	0.00947
1	0.01758	0.01297	0.01640	0.01310	0.01769	0.01205	0.03966	0.12721	0.02121	0.06871	0.18439	0.05928	0.03039	0.01374	0.05540	0.00272	0.00698	0.00890	0.04316	0.24845
2	0.00962	0.00694	0.00914	0.01074	0.01141	0.00646	0.00734	0.01120	0.01544	0.02052	0.07446	0.63457	0.08288	0.02355	0.00986	0.00311	0.00453	0.04460	0.00726	0.00639
3	0.01612	0.01394	0.01646	0.01192	0.01847	0.01100	0.00957	0.01948	0.01587	0.02494	0.01360	0.01612	0.01142	0.00613	0.00671	0.00126	0.04064	0.00470	0.00453	0.73711
4	0.02964	0.01298	0.01682	0.01325	0.01842	0.01179	0.01074	0.09174	0.02278	0.49747	0.09111	0.03222	0.05840	0.04433	0.00947	0.00265	0.00641	0.00891	0.00897	0.01191
5	0.00952	0.00678	0.00897	0.01070	0.01113	0.00635	0.00709	0.01082	0.01469	0.01959	0.04196	0.69397	0.05030	0.05410	0.01115	0.00333	0.00463	0.02159	0.00709	0.00623
6	0.02977	0.02125	0.02298	0.01762	0.02381	0.02334	0.01455	0.61920	0.03567	0.08407	0.01928	0.01905	0.01352	0.00932	0.00776	0.00233	0.00842	0.00703	0.00786	0.01319
7	0.01892	0.01815	0.03099	0.08623	0.64258	0.01835	0.02366	0.02356	0.01753	0.02501	0.01454	0.01928	0.01217	0.00696	0.00768	0.00232	0.00928	0.00691	0.00382	0.01207
8	0.00958	0.00688	0.00888	0.01041	0.01097	0.00641	0.00691	0.01086	0.01473	0.01948	0.04354	0.62542	0.08964	0.08187	0.01228	0.00347	0.00471	0.02079	0.00699	0.00618
9	0.01743	0.01792	0.02552	0.05952	0.02404	0.04982	0.07089	0.01974	0.01302	0.01926	0.01092	0.01739	0.01031	0.01243	0.02235	0.00323	0.58718	0.00692	0.00346	0.00868
10	0.02627	0.13138	0.06563	0.01974	0.02528	0.37738	0.06579	0.15075	0.02331	0.02551	0.01352	0.01536	0.01074	0.00790	0.00705	0.00209	0.01189	0.00563	0.00459	0.01021
11	0.02812	0.02029	0.02198	0.01713	0.02299	0.02231	0.01406	0.54142	0.09178	0.07997	0.04560	0.02146	0.01675	0.00968	0.00782	0.00236	0.00803	0.00745	0.00789	0.01288
12	0.02938	0.02102	0.02273	0.01752	0.02364	0.02312	0.01444	0.59284	0.06076	0.08535	0.01983	0.01948	0.01396	0.00937	0.00776	0.00234	0.00832	0.00710	0.00787	0.01315
13	0.03280	0.01275	0.01736	0.01346	0.01911	0.01105	0.01105	0.03585	0.02217	0.62984	0.08451	0.02903	0.02371	0.01012	0.00791	0.00240	0.00635	0.00832	0.00951	0.01270
14	0.01691	0.03238	0.42129	0.05683	0.03445	0.05229	0.16646	0.02420	0.01665	0.02361	0.01389	0.01753	0.01032	0.00777	0.00933	0.00256	0.07275	0.00661	0.00347	0.01072
15	0.01128	0.00752	0.00846	0.00846	0.00846	0.00752	0.00470	0.01128	0.01128	0.01503	0.02443	0.05074	0.02819	0.72751	0.03946	0.00752	0.00752	0.01128	0.00470	0.00470
16	0.01623	0.04182	0.02245	0.35480	0.03584	0.04761	0.01777	0.02136	0.07054	0.02021	0.01487	0.02153	0.01254	0.04550	0.03429	0.00328	0.19964	0.00710	0.00391	0.00872
17	0.01113	0.00746	0.00850	0.00864	0.00868	0.00742	0.00490	0.01124	0.01156	0.01541	0.02588	0.10386	0.03002	0.67189	0.03713	0.00717	0.00728	0.01213	0.00490	0.00482
18	0.03291	0.01270	0.01717	0.01331	0.01895	0.01104	0.01094	0.03596	0.02187	0.62775	0.05245	0.02761	0.02108	0.00978	0.00772	0.00237	0.00634	0.00798	0.04939	0.01268
19	0.07144	0.08333	0.05540	0.01914	0.02423	0.44374	0.03847	0.12885	0.02292	0.02510	0.01312	0.01490	0.01046	0.00797	0.00694	0.00209	0.01208	0.00539	0.00456	0.00987
20	0.01638	0.01633	0.02529	0.22367	0.03162	0.02151	0.06697	0.01947	0.01343	0.01947	0.01166	0.01836	0.01035	0.01132	0.01899	0.00310	0.45295	0.00700	0.00345	0.00867
21	0.01966	0.29487	0.08078	0.21579	0.03131	0.10324	0.01741	0.05394	0.01715	0.02081	0.01236	0.01598	0.01023	0.00789	0.00807	0.00221	0.06951	0.00552	0.00366	0.00960
22	0.00966	0.00718	0.00888	0.00989	0.01098	0.00654	0.00680	0.01137	0.01620	0.02124	0.12892	0.46062	0.19435	0.05587	0.01105	0.00315	0.00441	0.01924	0.00725	0.00640
23	0.01654	0.01523	0.02184	0.50771	0.04334	0.05278	0.01891	0.07055	0.01763	0.02298	0.04579	0.02209	0.01397	0.00870	0.00878	0.00254	0.05380	0.00715	0.04081	0.00886
24	0.00940	0.00691	0.00883	0.01036	0.01113	0.00633	0.00700	0.01085	0.01526	0.01996	0.04803	0.62675	0.14357	0.02360	0.00979	0.00307	0.00441	0.02120	0.00720	0.00633
25	0.02894	0.01631	0.01920	0.01525	0.02080	0.01672	0.01242	0.23513	0.14663	0.32434	0.06065	0.02601	0.02092	0.01000	0.00787	0.00242	0.00698	0.00804	0.00863	0.01271
26	0.01830	0.02092	0.04575	0.03268	0.04052	0.01961	0.65098	0.02484	0.01830	0.02484	0.01569	0.02092	0.01176	0.00654	0.00915	0.00261	0.01307	0.00915	0.00392	0.01046
27	0.02073	0.73217	0.04063	0.01327	0.01990	0.03068	0.01327	0.02322	0.01575	0.01824	0.01078	0.01244	0.00995	0.00663	0.00498	0.00166	0.00829	0.00415	0.00332	0.00995
28	0.01347	0.00673	0.01010	0.01010	0.01010	0.00673	0.00673	0.01010	0.01010	0.01347	0.01347	0.02357	0.01347	0.02694	0.03030	0.77441	0.00673	0.00673	0.00337	0.00337
29	0.06675	0.02440	0.02570	0.12453	0.31537	0.26707	0.01935	0.02583	0.01869	0.02281	0.01330	0.01709	0.01095	0.00744	0.00727	0.00223	0.01093	0.00604	0.00390	0.01035
30	0.05404	0.01718	0.02650	0.29657	0.29294	0.04503	0.05180	0.02401	0.07137	0.02397	0.01548	0.02015	0.01219	0.00758	0.00763	0.00245	0.00961	0.00696	0.00408	0.01046
31	0.04616	0.00714	0.00911	0.01077	0.01142	0.00682	0.00725	0.01137	0.01477	0.02051	0.04122	0.68872	0.04924	0.02348	0.00965	0.00311	0.00457	0.02119	0.00708	0.00640
32	0.78228	0.01499	0.01140	0.01020	0.01499	0.01739	0.00840	0.02279	0.01320	0.03479	0.01080	0.01260	0.00840	0.00720	0.00480	0.00240	0.00600	0.00420	0.00480	0.00840
33	0.01097	0.00793	0.01036	0.00975	0.01158	0.00732	0.00732	0.01463	0.02195	0.03109	0.67505	0.05792	0.07316	0.01585	0.00914	0.00244	0.00366	0.01402	0.00854	0.00732
34	0.03479	0.01320	0.01799	0.01380	0.01979	0.01140	0.01140	0.03779	0.02219	0.68451	0.03059	0.02639	0.01919	0.00960	0.00780	0.00240	0.00660	0.00780	0.00960	0.01320
35	0.03479	0.01320	0.01799	0.01380	0.01979	0.01140	0.01140	0.03779	0.02219	0.68451	0.03059	0.02639	0.01919	0.00960	0.00780	0.00240	0.00660	0.00780	0.00960	0.01320
36	0.01097	0.00793	0.01036	0.00975	0.01158	0.00732	0.00732	0.01463	0.02195	0.03109	0.67505	0.05792	0.07316	0.01585	0.00914	0.00244	0.00366	0.01402	0.00854	0.00732
37	0.01097	0.00793	0.01036	0.00975	0.01158	0.00732	0.00732	0.01463	0.02195	0.03109	0.67505	0.05792	0.07316	0.01585	0.00914	0.00244	0.00366	0.01402	0.00854	0.00732
38	0.01347	0.00673	0.01010	0.01010	0.01010	0.00673	0.00673	0.01010	0.01010	0.01347	0.01347	0.02357	0.01347	0.02694	0.03030	0.77441	0.00673	0.00673	0.00337	0.00337
39	0.02073	0.73217	0.04063	0.01327	0.01990	0.03068	0.01327	0.02322	0.01575	0.01824	0.01078	0.01244	0.00995	0.00663	0.00498	0.00166	0.00829	0.00415	0.00332	0.00995
40	0.03479	0.01320	0.01799	0.01380	0.01979	0.01140	0.01140	0.03779	0.02219	0.68451	0.03059	0.02639	0.01919	0.00960	0.00780	0.00240	0.00660	0.00780	0.00960	0.01320
41	0.03479	0.01320	0.01799	0.01380	0.01979	0.01140	0.01140	0.03779	0.02219	0.68451	0.03059	0.02639	0.01919	0.00960	0.00780	0.00240	0.00660	0.00780	0.00960	0.01320
42	0.01088	0.00792	0.01023	0.00966	0.01153	0.00728	0.00724	0.01445	0.02172	0.03056	0.64383	0.05879	0.10471	0.01605	0.00915	0.00245	0.00367	0.01414	0.00847	0.00728
43	0.01097	0.00793	0.01036	0.00975	0.01158	0.00732	0.00732	0.01463	0.02195	0.03109	0.67505	0.05792	0.07316	0.01585	0.00914	0.00244	0.00366	0.01402	0.00854	0.00732
44	0.01108	0.00791	0.01087	0.01266	0.01382	0.00770	0.01003	0.01361	0.01645	0.02162	0.04184	0.38285	0.04772	0.02276	0.01033	0.00337	0.00591	0.34556	0.00717	0.00675
45	0.01445	0.00723	0.00723	0.00723	0.00903	0.00723	0.00542	0.01807	0.01626	0.02891	0.02529	0.02891	0.01987	0.00903	0.00542	0.00181	0.00361	0.00723	0.77055	0.00723
46	0.01208	0.00874	0.01192	0.01333	0.01519	0.00858	0.01147	0.01553	0.01822	0.02377	0.10393	0.08363	0.09841	0.02075	0.01044	0.00339	0.00655	0.51968	0.00728	0.00711
47	0.01109	0.00824	0.01214	0.01214	0.01342	0.00952	0.00930	0.01364	0.01237	0.01776	0.02106	0.03206	0.02008	0.11109	0.64480	0.01207	0.01972	0.00854	0.00420	0.00675
48	0.00962	0.00687	0.00919	0.01099	0.01151	0.00644	0.00749	0.01109	0.01501	0.01998	0.04264	0.68728	0.05091	0.02413	0.00994	0.00317	0.00464	0.05554	0.00719	0.00634
49	0.01555	0.04011	0.68733	0.02210	0.03356	0.01801	0.02865	0.02455	0.01637	0.02455	0.01391	0.01637	0.00982	0.00737	0.00737	0.00246	0.01146	0.00573	0.00327	0.01146
50	0.00993	0.00709	0.00955	0.01135	0.01201	0.00671	0.00803	0.01163	0.01532	0.02033	0.04247	0.62238	0.05023	0.02384	0.01002	0.00322	0.00491	0.11737	0.00719	0.00643
51	0.78228	0.01499	0.01140	0.01020	0.01499	0.01739	0.00840	0.02279	0.01320	0.03479	0.01080	0.01260	0.00840	0.00720	0.00480	0.00240	0.00600	0.00420	0.00480	0.00840
52	0.01903	0.01997	0.09425	0.09940	0.21674	0.01886	0.17941	0.02477	0.04426	0.07447	0.01600	0.02013	0.01242	0.00830	0.01071	0.00261	0.11601	0.00749	0.00431	0.01088
53	0.01083	0.00790	0.01004	0.00952	0.01131	0.00726	0.00705	0.01414	0.02098	0.02931	0.58670	0.05899	0.12354	0.05560	0.01083	0.00274	0.00390	0.01408	0.00821	0.00710
54	0.01703	0.23762	0.50277	0.01958	0.02966	0.02162	0.02426	0.02417	0.01619	0.02275	0.01302	0.01525	0.00986	0.00716	0.00668	0.00223	0.01056	0.00528	0.00329	0.01103
55	0.00950	0.00679	0.00905	0.01076	0.01126	0.00634	0.00720	0.01094	0.01511	0.02021	0.06632	0.69766	0.05210	0.02398	0.00987	0.00312	0.00447	0.02174	0.00725	0.00634
56	0.01960	0.01941	0.02946	0.04011	0.50618	0.07544	0.05794	0.02430	0.03887	0.02453	0.01490	0.01918	0.01243	0.00781	0.00848	0.03188	0.00948	0.00682	0.00401	0.04917
57	0.68016	0.01675	0.03355	0.04972	0.01812	0.04966	0.01007	0.02307	0.01384	0.03289	0.01111	0.01323	0.00862	0.00727	0.00515	0.00239	0.00679	0.00443	0.00464	0.00853
58	0.01860	0.01782	0.03041	0.13306	0.59827	0.01827	0.02350	0.02328	0.01738	0.02462	0.01448	0.01938	0.01203	0.00702	0.00769	0.00234	0.00936	0.00691	0.00379	0.01181
59	0.01702	0.01740	0.10047	0.15622	0.13365	0.01591	0.01693	0.04915	0.17020	0.05024	0.16165	0.03000	0.02768	0.01008	0.00803	0.00249	0.00767	0.00877	0.00600	0.01045
60	0.02437	0.01136	0.01490	0.01219	0.01647	0.01023	0.00976	0.05704	0.02257	0.37713	0.27498	0.04016	0.07003	0.01241	0.00837	0.00242	0.00546	0.01050	0.00900	0.01067
61	0.00924	0.00786	0.00796	0.00794	0.01052	0.00658	0.00595	0.01128	0.01785	0.02138	0.10383	0.07391	0.65044	0.01948	0.00916	0.00261	0.00392	0.01626	0.00726	0.00658
62	0.01555	0.04011	0.68733	0.02210	0.03356	0.01801	0.02865	0.02455	0.01637	0.02455	0.01391	0.01637	0.00982	0.00737	0.00737	0.00246	0.01146	0.00573	0.00327	0.01146
63	0.00945	0.00675	0.00900	0.01080	0.01125	0.00630	0.00720	0.01080	0.01484	0.01979	0.04274	0.72245	0.05128	0.02429	0.00990	0.00315	0.00450	0.02204	0.00720	0.00630
64	0.78228	0.01499	0.01140	0.01020	0.01499	0.01739	0.00840	0.02279	0.01320	0.03479	0.01080	0.01260	0.00840	0.00720	0.00480	0.00240	0.00600	0.00420	0.00480	0.00840
65	0.03479	0.01320	0.01799	0.01380	0.01979	0.01140	0.01140	0.03779	0.02219	0.68451	0.03059	0.02639	0.01919	0.00960	0.00780	0.00240	0.00660	0.00780	0.00960	0.01320
66	0.78228	0.01499	0.01140	0.01020	0.01499	0.01739	0.00840	0.02279	0.01320	0.03479	0.01080	0.01260	0.00840	0.00720	0.00480	0.00240	0.00600	0.00420	0.00480	0.00840
67	0.01929	0.01666	0.01753	0.01578	0.02016	0.01929	0.01227	0.04120	0.66513	0.03243	0.03156	0.02893	0.02367	0.01052	0.00789	0.00263	0.00614	0.00877	0.00789	0.01227
68	0.78228	0.01499	0.01140	0.01020	0.01499	0.01739	0.00840	0.02279	0.01320	0.03479	0.01080	0.01260	0.00840	0.00720	0.00480	0.00240	0.00600	0.00420	0.00480	0.00840
69	0.00945	0.00675	0.00900	0.01080	0.01125	0.00630	0.00720	0.01080	0.01484	0.01979	0.04274	0.72245	0.05128	0.02429	0.00990	0.00315	0.00450	0.02204	0.00720	0.00630
70	0.01097	0.00793	0.01036	0.00975	0.01158	0.00732	0.00732	0.01463	0.02195	0.03109	0.67505	0.05792	0.07316	0.01585	0.00914	0.00244	0.00366	0.01402	0.00854	0.00732
71	0.78228	0.01499	0.01140	0.01020	0.01499	0.01739	0.00840	0.02279	0.01320	0.03479	0.01080	0.01260	0.00840	0.00720	0.00480	0.00240	0.00600	0.00420	0.00480	0.00840
72	0.00941	0.00791	0.00820	0.00825	0.01079	0.00670	0.00628	0.01153	0.01788	0.02154	0.10507	0.07444	0.61712	0.01954	0.00924	0.00266	0.00407	0.04550	0.00726	0.00661
73	0.01097	0.00793	0.01036	0.00975	0.01158	0.00732	0.00732	0.01463	0.02195	0.03109	0.67505	0.05792	0.07316	0.01585	0.00914	0.00244	0.00366	0.01402	0.00854	0.00732
74	0.03417	0.01333	0.01798	0.01387	0.01981	0.01171	0.01143	0.03792	0.04790	0.65843	0.03063	0.02649	0.01937	0.00963	0.00780	0.00241	0.00658	0.00784	0.00953	0.01316
75	0.03388	0.01340	0.01797	0.01391	0.01981	0.01186	0.01145	0.03799	0.05976	0.64641	0.03065	0.02654	0.01945	0.00965	0.00780	0.00241	0.00657	0.00785	0.00950	0.01314
76	0.00945	0.00675	0.00900	0.01080	0.01125	0.00630	0.00720	0.01080	0.01484	0.01979	0.04274	0.72245	0.05128	0.02429	0.00990	0.00315	0.00450	0.02204	0.00720	0.00630
77	0.00957	0.00683	0.00914	0.01093	0.01144	0.00640	0.00741	0.01101	0.01496	0.01993	0.04267	0.69717	0.05102	0.02418	0.00993	0.00317	0.00460	0.04613	0.00720	0.00633
78	0.78228	0.01499	0.01140	0.01020	0.01499	0.01739	0.00840	0.02279	0.01320	0.03479	0.01080	0.01260	0.00840	0.00720	0.00480	0.00240	0.00600	0.00420	0.00480	0.00840
79	0.06984	0.01328	0.01768	0.01363	0.01957	0.01168	0.01126	0.03708	0.02177	0.65405	0.02966	0.02574	0.01869	0.00948	0.00766	0.00240	0.00657	0.00763	0.00937	0.01297

[dist]
# distance from previous block
# <min> <max>
0	1

[block]
# block no. 2 follows, 25 sequences, length 28
# corresponding to MSA columns:
# 121-148
name=unknown_C
#
# <colnr> <probs for GDERKNQSTAVLIFYWHMCP>
#	G	D	E	R	K	N	Q	S	T	A	V	L	I	F	Y	W	H	M	C	P
0	0.01938	0.06813	0.02760	0.13224	0.29791	0.11889	0.03736	0.02366	0.03776	0.02226	0.01493	0.04541	0.01309	0.00879	0.00979	0.00245	0.09891	0.00713	0.00397	0.01034
1	0.01105	0.00797	0.01047	0.00997	0.01180	0.00739	0.00756	0.01470	0.02175	0.03072	0.64491	0.05932	0.07180	0.01612	0.00922	0.00249	0.00382	0.04316	0.00847	0.00731
2	0.01929	0.01666	0.01753	0.01578	0.02016	0.01929	0.01227	0.04120	0.66513	0.03243	0.03156	0.02893	0.02367	0.01052	0.00789	0.00263	0.00614	0.00877	0.00789	0.01227
3	0.00918	0.00780	0.00791	0.00801	0.01051	0.00653	0.00596	0.01111	0.01753	0.02089	0.07669	0.10815	0.64366	0.01988	0.00920	0.00265	0.00396	0.01666	0.00720	0.00653
4	0.01929	0.01666	0.01753	0.01578	0.02016	0.01929	0.01227	0.04120	0.66513	0.03243	0.03156	0.02893	0.02367	0.01052	0.00789	0.00263	0.00614	0.00877	0.00789	0.01227
5	0.02073	0.73217	0.04063	0.01327	0.01990	0.03068	0.01327	0.02322	0.01575	0.01824	0.01078	0.01244	0.00995	0.00663	0.00498	0.00166	0.00829	0.00415	0.00332	0.00995
6	0.01464	0.01378	0.02326	0.70887	0.05340	0.01723	0.02153	0.01981	0.01550	0.01981	0.01378	0.02067	0.01034	0.00775	0.00775	0.00258	0.01034	0.00689	0.00345	0.00861
7	0.01965	0.02756	0.34796	0.06581	0.11745	0.01678	0.04482	0.06797	0.01873	0.12808	0.01863	0.05971	0.01433	0.00876	0.00773	0.00247	0.00979	0.00743	0.00489	0.01145
8	0.01688	0.01392	0.01602	0.01165	0.01819	0.01107	0.00933	0.06232	0.01747	0.02709	0.01481	0.01704	0.01211	0.00619	0.00586	0.00127	0.00580	0.00492	0.05182	0.67625
9	0.03479	0.01320	0.01799	0.01380	0.01979	0.01140	0.01140	0.03779	0.02219	0.68451	0.03059	0.02639	0.01919	0.00960	0.00780	0.00240	0.00660	0.00780	0.00960	0.01320
10	0.00956	0.00689	0.00909	0.01080	0.01141	0.00642	0.00736	0.01103	0.01510	0.01999	0.04431	0.66642	0.07976	0.02396	0.00990	0.00314	0.00458	0.04676	0.00720	0.00634
11	0.04880	0.44404	0.28231	0.01646	0.02484	0.02540	0.01885	0.02370	0.01588	0.02126	0.01196	0.01392	0.00984	0.00693	0.00587	0.00199	0.00939	0.00474	0.00336	0.01046
12	0.01219	0.00836	0.00927	0.00896	0.00949	0.00841	0.00536	0.04839	0.01316	0.01739	0.02776	0.05050	0.07115	0.63808	0.03558	0.00689	0.00733	0.01137	0.00504	0.00531
13	0.00945	0.00675	0.00900	0.01080	0.01125	0.00630	0.00720	0.01080	0.01484	0.01979	0.04274	0.72245	0.05128	0.02429	0.00990	0.00315	0.00450	0.02204	0.00720	0.00630
14	0.02647	0.02055	0.06744	0.05345	0.02548	0.02058	0.04235	0.41083	0.07450	0.11318	0.02046	0.02072	0.01445	0.00908	0.00770	0.00237	0.00841	0.00721	0.04238	0.01238
15	0.03261	0.01535	0.01840	0.01454	0.02026	0.05476	0.01184	0.06198	0.08951	0.55090	0.02908	0.02559	0.01886	0.00958	0.00776	0.00240	0.00708	0.00769	0.00900	0.01284
16	0.02896	0.03695	0.02197	0.01998	0.02397	0.69638	0.01498	0.03096	0.02197	0.01898	0.01199	0.01398	0.00999	0.00799	0.00699	0.00200	0.01398	0.00499	0.00400	0.00899
17	0.01097	0.00793	0.01036	0.00975	0.01158	0.00732	0.00732	0.01463	0.02195	0.03109	0.67505	0.05792	0.07316	0.01585	0.00914	0.00244	0.00366	0.01402	0.00854	0.00732
18	0.01953	0.01975	0.05995	0.14502	0.42171	0.06803	0.02196	0.02396	0.01733	0.05264	0.01461	0.01905	0.01183	0.00777	0.00899	0.00242	0.06356	0.00674	0.00398	0.01117
19	0.02552	0.04961	0.23890	0.01810	0.05248	0.01522	0.01774	0.06642	0.02007	0.33695	0.02239	0.02207	0.01514	0.01160	0.04983	0.00300	0.00935	0.00693	0.00660	0.01208
20	0.02896	0.03695	0.02197	0.01998	0.02397	0.69638	0.01498	0.03096	0.02197	0.01898	0.01199	0.01398	0.00999	0.00799	0.00699	0.00200	0.01398	0.00499	0.00400	0.00899
21	0.00960	0.00721	0.00891	0.00988	0.01110	0.00651	0.00688	0.01146	0.01664	0.02179	0.14683	0.45521	0.21616	0.02182	0.00959	0.00291	0.00422	0.01937	0.00740	0.00651
22	0.01696	0.01390	0.01622	0.01178	0.01852	0.01081	0.00942	0.02127	0.04764	0.05106	0.01529	0.01710	0.01237	0.00612	0.00593	0.00127	0.00579	0.00492	0.00495	0.70870
23	0.01956	0.01495	0.01925	0.01409	0.02064	0.01263	0.06126	0.09417	0.01899	0.09298	0.01615	0.01805	0.01254	0.00735	0.00732	0.02900	0.00677	0.00563	0.00536	0.52332
24	0.07333	0.37493	0.16718	0.03974	0.02480	0.02340	0.05915	0.02454	0.01643	0.07883	0.01369	0.01547	0.01082	0.00707	0.00610	0.00201	0.00891	0.00524	0.00405	0.04429
25	0.01786	0.01432	0.02074	0.06921	0.05132	0.01454	0.10776	0.15983	0.04774	0.05754	0.02963	0.24739	0.06381	0.01394	0.00864	0.00263	0.00751	0.01264	0.00642	0.04655
26	0.05140	0.01795	0.03540	0.10744	0.03595	0.01772	0.42497	0.05856	0.01804	0.02501	0.01726	0.07190	0.01453	0.00942	0.01007	0.04999	0.01116	0.00933	0.00433	0.00957
27	0.33147	0.12863	0.16874	0.01793	0.06705	0.01986	0.06234	0.05394	0.01636	0.05132	0.01313	0.01521	0.01004	0.00726	0.00614	0.00231	0.00842	0.00533	0.00442	0.01010

[dist]
# distance from previous block
# <min> <max>
0	1

[block]
# block no. 3 follows, 25 sequences, length 16
# corresponding to MSA columns:
# 150-165
name=unknown_D
#
# <colnr> <probs for GDERKNQSTAVLIFYWHMCP>
#	G	D	E	R	K	N	Q	S	T	A	V	L	I	F	Y	W	H	M	C	P
0	0.01657	0.00914	0.01203	0.01069	0.01350	0.00822	0.00823	0.01988	0.02148	0.18796	0.46193	0.08152	0.08789	0.01491	0.00885	0.00247	0.00442	0.01300	0.00867	0.00865
1	0.01511	0.01541	0.10567	0.05011	0.02218	0.01225	0.11370	0.02093	0.06800	0.07533	0.24953	0.09954	0.06863	0.03674	0.00973	0.00273	0.00712	0.01168	0.00659	0.00902
2	0.01097	0.00793	0.01036	0.00975	0.01158	0.00732	0.00732	0.01463	0.02195	0.03109	0.67505	0.05792	0.07316	0.01585	0.00914	0.00244	0.00366	0.01402	0.00854	0.00732
3	0.02856	0.02143	0.02399	0.02047	0.08198	0.02355	0.01554	0.59762	0.03479	0.04678	0.01826	0.01867	0.01311	0.00910	0.00775	0.00232	0.00859	0.00697	0.00741	0.01311
4	0.01588	0.08442	0.64593	0.02153	0.03268	0.01882	0.02766	0.02447	0.01633	0.02415	0.01371	0.01612	0.00983	0.00732	0.00721	0.00240	0.01126	0.00563	0.00328	0.01136
5	0.00945	0.00675	0.00900	0.01080	0.01125	0.00630	0.00720	0.01080	0.01484	0.01979	0.04274	0.72245	0.05128	0.02429	0.00990	0.00315	0.00450	0.02204	0.00720	0.00630
6	0.02094	0.01663	0.01778	0.01555	0.02016	0.01878	0.01222	0.10638	0.52982	0.07433	0.03204	0.02954	0.04930	0.01071	0.00792	0.00258	0.00633	0.00883	0.00795	0.01219
7	0.01347	0.00673	0.01010	0.01010	0.01010	0.00673	0.00673	0.01010	0.01010	0.01347	0.01347	0.02357	0.01347	0.02694	0.03030	0.77441	0.00673	0.00673	0.00337	0.00337
8	0.78228	0.01499	0.01140	0.01020	0.01499	0.01739	0.00840	0.02279	0.01320	0.03479	0.01080	0.01260	0.00840	0.00720	0.00480	0.00240	0.00600	0.00420	0.00480	0.00840
9	0.01607	0.03156	0.44074	0.02553	0.09028	0.01749	0.15529	0.02373	0.01734	0.02522	0.06881	0.02098	0.01566	0.00785	0.00791	0.00247	0.01095	0.00723	0.00389	0.01098
10	0.47903	0.02042	0.01532	0.04527	0.01955	0.19164	0.01099	0.02624	0.01645	0.09425	0.01320	0.01469	0.00996	0.00766	0.00580	0.00230	0.00831	0.00488	0.00500	0.00903
11	0.00945	0.00675	0.00900	0.01080	0.01125	0.00630	0.00720	0.01080	0.01484	0.01979	0.04274	0.72245	0.05128	0.02429	0.00990	0.00315	0.00450	0.02204	0.00720	0.00630
12	0.01789	0.19089	0.42388	0.01992	0.02881	0.02112	0.04513	0.02435	0.01616	0.05505	0.01374	0.01620	0.01041	0.00787	0.00864	0.00237	0.07736	0.00570	0.00363	0.01089
13	0.04521	0.01289	0.02078	0.47888	0.04115	0.01556	0.03972	0.01827	0.01516	0.02052	0.01919	0.15784	0.01833	0.01128	0.00916	0.00274	0.05105	0.00983	0.00425	0.00821
14	0.01110	0.00820	0.01191	0.01191	0.01310	0.00939	0.00900	0.01349	0.01230	0.01759	0.02128	0.03327	0.02060	0.15077	0.60583	0.01178	0.01893	0.00872	0.00423	0.00661
15	0.05536	0.01563	0.04167	0.01566	0.05235	0.01251	0.06749	0.02240	0.03869	0.06695	0.01550	0.01757	0.01223	0.00640	0.00634	0.00157	0.00683	0.00547	0.00489	0.53449

[dist]
# distance from previous block
# <min> <max>
5	9

[block]
# block no. 4 follows, 25 sequences, length 74
# corresponding to MSA columns:
# 175-248
name=unknown_E
#
# <colnr> <probs for GDERKNQSTAVLIFYWHMCP>
#	G	D	E	R	K	N	Q	S	T	A	V	L	I	F	Y	W	H	M	C	P
0	0.03479	0.01320	0.01799	0.01380	0.01979	0.01140	0.01140	0.03779	0.02219	0.68451	0.03059	0.02639	0.01919	0.00960	0.00780	0.00240	0.00660	0.00780	0.00960	0.01320
1	0.02073	0.73217	0.04063	0.01327	0.01990	0.03068	0.01327	0.02322	0.01575	0.01824	0.01078	0.01244	0.00995	0.00663	0.00498	0.00166	0.00829	0.00415	0.00332	0.00995
2	0.00916	0.00785	0.00785	0.00785	0.01047	0.00655	0.00589	0.01113	0.01767	0.02095	0.07855	0.07462	0.67599	0.01964	0.00916	0.00262	0.00393	0.01636	0.00720	0.00655
3	0.01069	0.00791	0.00998	0.00946	0.01141	0.00720	0.00710	0.01409	0.02129	0.02953	0.58305	0.06049	0.16613	0.01644	0.00915	0.00247	0.00370	0.01438	0.00833	0.00720
4	0.01108	0.00831	0.01246	0.01246	0.01385	0.00969	0.00969	0.01385	0.01246	0.01800	0.02077	0.03046	0.01938	0.05815	0.69678	0.01246	0.02077	0.00831	0.00415	0.00692
5	0.00945	0.00675	0.00900	0.01080	0.01125	0.00630	0.00720	0.01080	0.01484	0.01979	0.04274	0.72245	0.05128	0.02429	0.00990	0.00315	0.00450	0.02204	0.00720	0.00630
6	0.01555	0.04011	0.68733	0.02210	0.03356	0.01801	0.02865	0.02455	0.01637	0.02455	0.01391	0.01637	0.00982	0.00737	0.00737	0.00246	0.01146	0.00573	0.00327	0.01146
7	0.01901	0.41965	0.30210	0.01716	0.02563	0.05599	0.01958	0.02411	0.01629	0.02084	0.01211	0.01410	0.00990	0.00699	0.00604	0.00200	0.00984	0.00483	0.00333	0.01052
8	0.01929	0.01666	0.01753	0.01578	0.02016	0.01929	0.01227	0.04120	0.66513	0.03243	0.03156	0.02893	0.02367	0.01052	0.00789	0.00263	0.00614	0.00877	0.00789	0.01227
9	0.01128	0.00752	0.00846	0.00846	0.00846	0.00752	0.00470	0.01128	0.01128	0.01503	0.02443	0.05074	0.02819	0.72751	0.03946	0.00752	0.00752	0.01128	0.00470	0.00470
10	0.01729	0.01375	0.03640	0.01286	0.01832	0.01124	0.03408	0.07179	0.01975	0.08251	0.18012	0.05163	0.02882	0.00956	0.00724	0.00183	0.00593	0.00818	0.00626	0.38244
11	0.02780	0.04496	0.01972	0.01416	0.02048	0.01506	0.01171	0.18622	0.02384	0.31908	0.02222	0.02107	0.01522	0.00836	0.00711	0.00201	0.00692	0.00657	0.00752	0.21998
12	0.00945	0.00675	0.00900	0.01080	0.01125	0.00630	0.00720	0.01080	0.01484	0.01979	0.04274	0.72245	0.05128	0.02429	0.00990	0.00315	0.00450	0.02204	0.00720	0.00630
13	0.00954	0.00692	0.00904	0.01069	0.01137	0.00642	0.00729	0.01102	0.01518	0.02001	0.04554	0.64654	0.10114	0.02381	0.00987	0.00312	0.00455	0.04440	0.00720	0.00635
14	0.01843	0.01894	0.05800	0.19458	0.09874	0.01852	0.35138	0.02410	0.01747	0.06671	0.01580	0.02073	0.01182	0.00741	0.00926	0.00259	0.04300	0.00809	0.00413	0.01030
15	0.01929	0.01666	0.01753	0.01578	0.02016	0.01929	0.01227	0.04120	0.66513	0.03243	0.03156	0.02893	0.02367	0.01052	0.00789	0.00263	0.00614	0.00877	0.00789	0.01227
16	0.00985	0.00704	0.00946	0.01126	0.01188	0.00665	0.00790	0.01149	0.01524	0.02024	0.04251	0.63843	0.05040	0.02391	0.01000	0.00320	0.00485	0.10208	0.00719	0.00641
17	0.01631	0.06819	0.56037	0.02147	0.03160	0.05456	0.05302	0.02415	0.01665	0.02374	0.01522	0.05234	0.01204	0.00820	0.00745	0.00244	0.01117	0.00660	0.00354	0.01095
18	0.01641	0.01614	0.02268	0.01961	0.01974	0.02242	0.01627	0.01820	0.01193	0.01860	0.01118	0.01824	0.01105	0.01780	0.08906	0.00425	0.64769	0.00693	0.00346	0.00833
19	0.00945	0.00675	0.00900	0.01080	0.01125	0.00630	0.00720	0.01080	0.01484	0.01979	0.04274	0.72245	0.05128	0.02429	0.00990	0.00315	0.00450	0.02204	0.00720	0.00630
20	0.02109	0.01362	0.01431	0.01191	0.01566	0.01465	0.00953	0.29852	0.02518	0.03772	0.02235	0.02436	0.01692	0.00915	0.00645	0.00204	0.00578	0.00712	0.43378	0.00986
21	0.02906	0.02111	0.02307	0.01779	0.02367	0.02348	0.01471	0.59427	0.03458	0.07478	0.01870	0.01887	0.01329	0.00954	0.00866	0.00238	0.04446	0.00701	0.00761	0.01295
22	0.07340	0.41418	0.22608	0.01627	0.02393	0.08843	0.01759	0.02430	0.01634	0.02132	0.01181	0.01374	0.00981	0.00701	0.00585	0.00198	0.00959	0.00469	0.00347	0.01019
23	0.07412	0.04405	0.02123	0.07154	0.07398	0.10210	0.01440	0.16417	0.21870	0.10427	0.02160	0.02163	0.01593	0.00901	0.00741	0.00239	0.00827	0.00708	0.00657	0.01155
24	0.07119	0.01694	0.01777	0.01555	0.02023	0.01932	0.01224	0.10585	0.52568	0.06361	0.02876	0.02663	0.02133	0.01013	0.00767	0.00257	0.00641	0.00823	0.00775	0.01216
25	0.04685	0.01128	0.06347	0.01120	0.01412	0.00925	0.00939	0.01768	0.05026	0.05453	0.51505	0.07738	0.06021	0.01468	0.00874	0.00247	0.00462	0.01280	0.00792	0.00809
26	0.01089	0.00792	0.01025	0.00967	0.01153	0.00728	0.00725	0.01448	0.02176	0.03064	0.64851	0.05866	0.09998	0.01602	0.00915	0.00245	0.00367	0.01413	0.00848	0.00728
27	0.00958	0.00683	0.00902	0.01065	0.01113	0.00639	0.00709	0.01096	0.01494	0.01999	0.06503	0.66802	0.05105	0.05553	0.01120	0.00332	0.00460	0.02127	0.00713	0.00626
28	0.00945	0.00675	0.00900	0.01080	0.01125	0.00630	0.00720	0.01080	0.01484	0.01979	0.04274	0.72245	0.05128	0.02429	0.00990	0.00315	0.00450	0.02204	0.00720	0.00630
29	0.03312	0.01587	0.01965	0.01507	0.02113	0.01537	0.01245	0.23115	0.02667	0.48482	0.02683	0.02395	0.01731	0.00951	0.00778	0.00238	0.00721	0.00754	0.00902	0.01319
30	0.01445	0.00723	0.00723	0.00723	0.00903	0.00723	0.00542	0.01807	0.01626	0.02891	0.02529	0.02891	0.01987	0.00903	0.00542	0.00181	0.00361	0.00723	0.77055	0.00723
31	0.01704	0.01623	0.02759	0.35964	0.38387	0.01786	0.02273	0.02192	0.01664	0.02273	0.01421	0.01989	0.01136	0.00731	0.00771	0.00244	0.00974	0.00690	0.00365	0.01055
32	0.00920	0.00771	0.00801	0.00825	0.01058	0.00651	0.00607	0.01108	0.01729	0.02079	0.07370	0.16221	0.59153	0.02027	0.00926	0.00269	0.00400	0.01713	0.00720	0.00651
33	0.01464	0.01378	0.02326	0.70887	0.05340	0.01723	0.02153	0.01981	0.01550	0.01981	0.01378	0.02067	0.01034	0.00775	0.00775	0.00258	0.01034	0.00689	0.00345	0.00861
34	0.01108	0.00831	0.01246	0.01246	0.01385	0.00969	0.00969	0.01385	0.01246	0.01800	0.02077	0.03046	0.01938	0.05815	0.69678	0.01246	0.02077	0.00831	0.00415	0.00692
35	0.01586	0.03828	0.63201	0.02425	0.08801	0.01804	0.02824	0.02449	0.01648	0.02462	0.01397	0.01661	0.01003	0.00733	0.00739	0.00244	0.01127	0.00583	0.00332	0.01153
36	0.01464	0.01378	0.02326	0.70887	0.05340	0.01723	0.02153	0.01981	0.01550	0.01981	0.01378	0.02067	0.01034	0.00775	0.00775	0.00258	0.01034	0.00689	0.00345	0.00861
37	0.02073	0.73217	0.04063	0.01327	0.01990	0.03068	0.01327	0.02322	0.01575	0.01824	0.01078	0.01244	0.00995	0.00663	0.00498	0.00166	0.00829	0.00415	0.00332	0.00995
38	0.01872	0.02125	0.14686	0.06447	0.02732	0.01867	0.09372	0.03456	0.39897	0.05269	0.02512	0.02497	0.01859	0.00923	0.00793	0.00258	0.00827	0.00809	0.00631	0.01169
39	0.04612	0.05022	0.02332	0.23959	0.12239	0.24118	0.01741	0.02606	0.01851	0.09469	0.01520	0.01866	0.01171	0.00960	0.03117	0.00263	0.01111	0.00623	0.00443	0.00974
40	0.01128	0.00752	0.00846	0.00846	0.00846	0.00752	0.00470	0.01128	0.01128	0.01503	0.02443	0.05074	0.02819	0.72751	0.03946	0.00752	0.00752	0.01128	0.00470	0.00470
41	0.00945	0.00675	0.00900	0.01080	0.01125	0.00630	0.00720	0.01080	0.01484	0.01979	0.04274	0.72245	0.05128	0.02429	0.00990	0.00315	0.00450	0.02204	0.00720	0.00630
42	0.05039	0.14121	0.02403	0.07657	0.02424	0.05817	0.01407	0.30097	0.07583	0.07753	0.02099	0.02312	0.03823	0.00950	0.00731	0.00230	0.00833	0.02948	0.00640	0.01131
43	0.01371	0.01118	0.05996	0.01407	0.01679	0.00937	0.01270	0.01736	0.01782	0.06633	0.04147	0.11971	0.08993	0.01970	0.01011	0.00331	0.00698	0.45473	0.00704	0.00774
44	0.00951	0.00678	0.00898	0.01071	0.01115	0.00634	0.00711	0.01081	0.01472	0.01962	0.04208	0.69830	0.05045	0.04957	0.01096	0.00331	0.00461	0.02166	0.00711	0.00624
45	0.12671	0.01755	0.05985	0.26735	0.31074	0.01789	0.04608	0.02236	0.01624	0.02473	0.01378	0.01868	0.01091	0.00725	0.00733	0.00243	0.00941	0.00654	0.00382	0.01035
46	0.01804	0.02081	0.09462	0.16979	0.06102	0.04647	0.28810	0.04728	0.07326	0.02498	0.01656	0.02086	0.01255	0.00772	0.00881	0.00254	0.03540	0.00784	0.03313	0.01023
47	0.04461	0.01587	0.02470	0.45076	0.06653	0.05348	0.09864	0.04352	0.01726	0.02277	0.04886	0.04748	0.01531	0.00864	0.00793	0.00254	0.01006	0.00790	0.00415	0.00900
48	0.01128	0.00752	0.00846	0.00846	0.00846	0.00752	0.00470	0.01128	0.01128	0.01503	0.02443	0.05074	0.02819	0.72751	0.03946	0.00752	0.00752	0.01128	0.00470	0.00470
49	0.04553	0.01557	0.01874	0.07276	0.04729	0.01681	0.01325	0.19165	0.14312	0.15139	0.06167	0.03212	0.07401	0.01128	0.00869	0.00255	0.03323	0.04185	0.00732	0.01113
50	0.01123	0.00821	0.01058	0.01003	0.01190	0.00773	0.00750	0.01549	0.04612	0.03069	0.62536	0.08332	0.07041	0.01599	0.00913	0.00247	0.00379	0.01414	0.00846	0.00746
51	0.01660	0.03238	0.43271	0.02588	0.03565	0.01878	0.25418	0.02446	0.01692	0.02446	0.01444	0.01804	0.01054	0.00727	0.00861	0.00254	0.03502	0.00701	0.00351	0.01100
52	0.01573	0.03885	0.64520	0.02279	0.03402	0.01811	0.06952	0.02457	0.01650	0.02457	0.01403	0.01667	0.00995	0.00731	0.00748	0.00247	0.01156	0.00595	0.00332	0.01139
53	0.01088	0.00792	0.01023	0.00965	0.01152	0.00727	0.00724	0.01444	0.02172	0.03055	0.64294	0.05882	0.10561	0.01606	0.00915	0.00245	0.00367	0.01415	0.00846	0.00727
54	0.01470	0.01359	0.01924	0.01716	0.01764	0.01824	0.01397	0.01671	0.01206	0.01829	0.01440	0.02294	0.01406	0.05622	0.25941	0.00670	0.44567	0.00749	0.00371	0.00780
55	0.01110	0.00823	0.01208	0.01208	0.01333	0.00948	0.00921	0.01360	0.01235	0.01771	0.02112	0.03241	0.02023	0.12238	0.63371	0.01199	0.01950	0.00859	0.00421	0.00671
56	0.06136	0.53914	0.10421	0.01483	0.02129	0.06220	0.01493	0.02343	0.01574	0.01985	0.01113	0.01323	0.00987	0.00726	0.00666	0.00191	0.05509	0.00453	0.00343	0.00988
57	0.02162	0.01942	0.08266	0.06420	0.34810	0.01762	0.07591	0.09568	0.02043	0.12090	0.04433	0.02171	0.01551	0.00796	0.00787	0.00238	0.00911	0.00743	0.00522	0.01192
58	0.01790	0.07695	0.22836	0.07211	0.03718	0.04901	0.35720	0.02458	0.01754	0.02371	0.01454	0.01869	0.01090	0.00693	0.00815	0.00247	0.01213	0.00748	0.00366	0.01053
59	0.06540	0.01421	0.02310	0.61301	0.09817	0.01733	0.02084	0.02031	0.01551	0.02121	0.01365	0.02003	0.01036	0.00765	0.00755	0.00255	0.00997	0.00672	0.00356	0.00888
60	0.02073	0.73217	0.04063	0.01327	0.01990	0.03068	0.01327	0.02322	0.01575	0.01824	0.01078	0.01244	0.00995	0.00663	0.00498	0.00166	0.00829	0.00415	0.00332	0.00995
61	0.00936	0.00786	0.00812	0.00806	0.01059	0.00663	0.00604	0.01150	0.01813	0.02203	0.14218	0.07284	0.61169	0.01923	0.00916	0.00260	0.00390	0.01611	0.00734	0.00663
62	0.01622	0.01591	0.02305	0.14661	0.02609	0.02179	0.01741	0.01861	0.01257	0.01884	0.01141	0.01837	0.01070	0.01490	0.05833	0.00373	0.54669	0.00689	0.00344	0.00842
63	0.00981	0.00776	0.00882	0.00881	0.01093	0.00678	0.00651	0.01227	0.01881	0.02425	0.27607	0.13826	0.40569	0.01886	0.00924	0.00261	0.00390	0.01618	0.00765	0.00678
64	0.01109	0.00827	0.01228	0.01228	0.01360	0.00959	0.00946	0.01373	0.01241	0.01786	0.02094	0.03139	0.01979	0.08877	0.66672	0.01223	0.02016	0.00844	0.00418	0.00682
65	0.01736	0.01656	0.02817	0.31335	0.42766	0.01794	0.02289	0.02219	0.01679	0.02311	0.01426	0.01979	0.01150	0.00725	0.00771	0.00242	0.00966	0.00690	0.00368	0.01081
66	0.03458	0.01353	0.01820	0.01395	0.01996	0.01190	0.01153	0.06209	0.02276	0.65941	0.03012	0.02608	0.01896	0.00959	0.00780	0.00240	0.00667	0.00777	0.00952	0.01320
67	0.04918	0.01128	0.01505	0.03860	0.01701	0.01159	0.04830	0.10175	0.04267	0.05744	0.20968	0.09849	0.03498	0.01695	0.03771	0.12507	0.00665	0.01055	0.05897	0.00808
68	0.01820	0.01741	0.02968	0.19195	0.54254	0.01816	0.02330	0.02293	0.01719	0.02413	0.01441	0.01951	0.01186	0.00709	0.00769	0.00236	0.00946	0.00690	0.00375	0.01148
69	0.01368	0.01245	0.01561	0.09508	0.02059	0.05945	0.05786	0.01928	0.11856	0.02264	0.06129	0.35047	0.08781	0.01701	0.00898	0.00281	0.00666	0.01524	0.00645	0.00807
70	0.01773	0.04457	0.02204	0.12004	0.12486	0.01557	0.04678	0.02539	0.14943	0.05048	0.01941	0.05085	0.01590	0.00821	0.00717	0.00206	0.00747	0.00722	0.00520	0.25963
71	0.11416	0.01563	0.01929	0.04065	0.02167	0.04530	0.08739	0.07009	0.14550	0.09317	0.04929	0.08235	0.04528	0.01233	0.03580	0.00280	0.00790	0.00888	0.00627	0.09625
72	0.01757	0.02141	0.12263	0.35325	0.21796	0.09128	0.02248	0.02280	0.01692	0.02192	0.01383	0.01891	0.01075	0.00749	0.00759	0.00242	0.01059	0.00652	0.00359	0.01007
73	0.05681	0.08578	0.02168	0.31410	0.03366	0.01756	0.01563	0.07809	0.08596	0.05211	0.01866	0.07660	0.01564	0.00925	0.00731	0.00236	0.00822	0.00771	0.00502	0.08787

[dist]
# distance from previous block
# <min> <max>
0	5

# created by:
# /st0/software/busco_prod/Augustus/scripts/msa2prfl.pl ./align_prep/113676.fa
