[name]
unknown

[dist]
# distance from previous block
# <min> <max>
20	157

[block]
# block no. 0 follows, 24 sequences, length 217
# corresponding to MSA columns:
# 202-418
name=unknown_A
#
# <colnr> <probs for GDERKNQSTAVLIFYWHMCP>
#	G	D	E	R	K	N	Q	S	T	A	V	L	I	F	Y	W	H	M	C	P
0	0.01848	0.04701	0.08954	0.10844	0.03560	0.02002	0.30597	0.05821	0.05576	0.02564	0.01583	0.02019	0.01221	0.00803	0.01027	0.00258	0.08693	0.00784	0.00432	0.06715
1	0.05901	0.04387	0.02603	0.12201	0.02818	0.05292	0.09887	0.02121	0.01484	0.02186	0.01232	0.01777	0.01070	0.01012	0.01571	0.00276	0.32415	0.00665	0.00381	0.10721
2	0.04211	0.01764	0.08337	0.37362	0.15669	0.01761	0.05762	0.02294	0.06364	0.02348	0.01721	0.05853	0.01418	0.00877	0.00799	0.00261	0.00984	0.00797	0.00420	0.00999
3	0.04642	0.02380	0.18654	0.08854	0.05704	0.01885	0.19874	0.07044	0.01821	0.02653	0.01461	0.01865	0.01122	0.00788	0.00968	0.00248	0.08047	0.00702	0.00417	0.10871
4	0.07230	0.04300	0.01932	0.01430	0.02023	0.01467	0.01183	0.11998	0.04702	0.45781	0.05059	0.02545	0.01972	0.00965	0.00766	0.00238	0.00690	0.00766	0.00874	0.04079
5	0.01017	0.00717	0.00935	0.01087	0.01163	0.00663	0.00733	0.01175	0.01530	0.02094	0.04173	0.65509	0.04932	0.02335	0.00973	0.00308	0.00459	0.02111	0.04839	0.03247
6	0.01134	0.00847	0.01260	0.01260	0.01397	0.00984	0.00974	0.01407	0.01270	0.01831	0.02137	0.03186	0.02013	0.08199	0.66779	0.01257	0.02078	0.00860	0.00427	0.00700
7	0.02962	0.03779	0.02247	0.02043	0.02451	0.68948	0.01532	0.03166	0.02247	0.01941	0.01226	0.01430	0.01021	0.00817	0.00715	0.00204	0.01430	0.00511	0.00409	0.00919
8	0.00996	0.00703	0.00911	0.01066	0.01104	0.00664	0.00695	0.01112	0.01459	0.01946	0.04068	0.60887	0.04863	0.13732	0.01500	0.00394	0.00510	0.02076	0.00695	0.00618
9	0.04664	0.01464	0.02407	0.53930	0.14717	0.01741	0.02139	0.02083	0.01622	0.02193	0.01544	0.02386	0.01249	0.00844	0.00794	0.00264	0.01005	0.03639	0.00382	0.00931
10	0.01133	0.00850	0.01274	0.01274	0.01416	0.00991	0.00991	0.01416	0.01274	0.01841	0.02124	0.03115	0.01982	0.05947	0.68989	0.01274	0.02124	0.00850	0.00425	0.00708
11	0.01169	0.00897	0.00987	0.00987	0.01225	0.00833	0.00722	0.01581	0.08751	0.04611	0.08659	0.20046	0.39093	0.05451	0.01088	0.00303	0.00466	0.01642	0.00746	0.00746
12	0.04233	0.01003	0.01170	0.01148	0.01407	0.00965	0.00844	0.01853	0.10372	0.02523	0.05648	0.34643	0.03661	0.01668	0.00836	0.00259	0.00506	0.03529	0.09786	0.13946
13	0.02094	0.01764	0.01861	0.01638	0.02108	0.02029	0.01285	0.11239	0.58530	0.03513	0.03073	0.02836	0.02296	0.01061	0.00805	0.00265	0.00656	0.00875	0.00805	0.01266
14	0.05723	0.02125	0.06774	0.01734	0.02374	0.02127	0.01497	0.40720	0.11149	0.14306	0.02198	0.02122	0.01537	0.00950	0.00781	0.00244	0.00822	0.00730	0.00781	0.01306
15	0.01498	0.01409	0.02378	0.70226	0.05462	0.01762	0.02202	0.02026	0.01586	0.02026	0.01409	0.02114	0.01057	0.00793	0.00793	0.00264	0.01057	0.00705	0.00352	0.00881
16	0.68836	0.01511	0.01246	0.01087	0.01592	0.01705	0.00896	0.02515	0.01460	0.11255	0.01347	0.01457	0.00991	0.00766	0.00528	0.00245	0.00621	0.00474	0.00550	0.00918
17	0.00959	0.00749	0.00870	0.00956	0.01114	0.00660	0.00673	0.01136	0.01686	0.02128	0.08657	0.38453	0.34694	0.02222	0.00973	0.00293	0.00429	0.01944	0.00742	0.00660
18	0.01478	0.00739	0.00739	0.00739	0.00924	0.00739	0.00554	0.01848	0.01663	0.02956	0.02587	0.02956	0.02033	0.00924	0.00554	0.00185	0.00370	0.00739	0.76534	0.00739
19	0.01872	0.02139	0.04679	0.03342	0.04144	0.02005	0.64305	0.02540	0.01872	0.02540	0.01604	0.02139	0.01203	0.00668	0.00936	0.00267	0.01337	0.00936	0.00401	0.01070
20	0.04297	0.00837	0.00972	0.01012	0.01224	0.00757	0.00745	0.01416	0.01728	0.07150	0.07603	0.31404	0.30849	0.02058	0.00945	0.00290	0.00469	0.04773	0.00749	0.00724
21	0.01351	0.00933	0.01266	0.01406	0.01596	0.00932	0.01180	0.01773	0.05114	0.04943	0.04135	0.19012	0.04465	0.02135	0.01054	0.00348	0.00677	0.46166	0.00745	0.00767
22	0.04245	0.03774	0.57990	0.02350	0.03454	0.01859	0.10351	0.02509	0.01687	0.02551	0.01434	0.01718	0.01024	0.00742	0.00767	0.00253	0.01173	0.00623	0.00348	0.01149
23	0.01197	0.00813	0.00982	0.00960	0.01132	0.00751	0.00691	0.01442	0.01844	0.04990	0.29875	0.10728	0.17545	0.15789	0.01541	0.00363	0.00489	0.03643	0.04531	0.00694
24	0.01488	0.00917	0.01061	0.00998	0.01104	0.00917	0.00632	0.04018	0.04013	0.08324	0.02658	0.07924	0.02827	0.56058	0.03312	0.00654	0.00743	0.01143	0.00568	0.00640
25	0.01059	0.00761	0.01006	0.01059	0.01184	0.00708	0.00759	0.01329	0.01914	0.02649	0.37539	0.34757	0.06413	0.02016	0.00974	0.00285	0.00423	0.03655	0.00809	0.00702
26	0.05752	0.03575	0.02217	0.01989	0.02418	0.61281	0.01505	0.07902	0.02329	0.02238	0.01274	0.01462	0.01041	0.00825	0.00713	0.00208	0.01356	0.00523	0.00442	0.00950
27	0.01032	0.00737	0.00996	0.01180	0.01255	0.00701	0.00851	0.01219	0.01583	0.02098	0.04334	0.58302	0.05100	0.02422	0.01030	0.00331	0.00517	0.14913	0.00735	0.00662
28	0.00965	0.00696	0.00914	0.01089	0.01146	0.00645	0.00729	0.01106	0.01533	0.02030	0.04561	0.68287	0.08448	0.02460	0.01008	0.00319	0.00457	0.02224	0.00736	0.00645
29	0.00958	0.00797	0.00840	0.00870	0.01109	0.00679	0.00652	0.01161	0.01777	0.02142	0.07442	0.14550	0.57027	0.02069	0.00953	0.00279	0.00425	0.04864	0.00736	0.00670
30	0.01084	0.00845	0.00989	0.00946	0.01176	0.00768	0.00711	0.01468	0.04728	0.02773	0.40737	0.06479	0.30899	0.01752	0.00931	0.00258	0.00396	0.01507	0.00816	0.00738
31	0.00937	0.00803	0.00803	0.00803	0.01071	0.00669	0.00602	0.01138	0.01807	0.02142	0.08033	0.07632	0.66863	0.02008	0.00937	0.00268	0.00402	0.01674	0.00736	0.00669
32	0.01478	0.00739	0.00739	0.00739	0.00924	0.00739	0.00554	0.01848	0.01663	0.02956	0.02587	0.02956	0.02033	0.00924	0.00554	0.00185	0.00370	0.00739	0.76534	0.00739
33	0.03518	0.01414	0.01880	0.01441	0.02056	0.01261	0.01191	0.08356	0.02378	0.63090	0.03038	0.02640	0.01917	0.00979	0.00797	0.00245	0.00689	0.00791	0.00968	0.01349
34	0.74838	0.01526	0.01192	0.01057	0.01553	0.01755	0.00871	0.02391	0.01385	0.06063	0.01183	0.01343	0.00902	0.00746	0.00503	0.00245	0.00616	0.00444	0.00510	0.00878
35	0.01122	0.00811	0.01060	0.00998	0.01185	0.00748	0.00748	0.01496	0.02245	0.03180	0.66766	0.05923	0.07482	0.01621	0.00935	0.00249	0.00374	0.01434	0.00873	0.00748
36	0.02100	0.01868	0.01876	0.01429	0.02075	0.09272	0.01140	0.15497	0.04457	0.03048	0.01558	0.01722	0.01238	0.00709	0.00654	0.00159	0.00747	0.00542	0.00544	0.49364
37	0.01202	0.00952	0.01407	0.01367	0.01493	0.01157	0.01077	0.01473	0.01268	0.01849	0.01999	0.02956	0.01874	0.05422	0.61347	0.01168	0.10016	0.00832	0.00416	0.00726
38	0.03005	0.02493	0.02357	0.01863	0.02458	0.14040	0.01512	0.53850	0.03470	0.04465	0.01786	0.01821	0.01292	0.00928	0.00780	0.00232	0.00970	0.00679	0.00726	0.01274
39	0.02904	0.03357	0.02194	0.01956	0.02395	0.54715	0.01487	0.07598	0.08224	0.05564	0.01553	0.01668	0.01221	0.00859	0.00733	0.00215	0.01279	0.00575	0.00501	0.01002
40	0.02776	0.05482	0.02476	0.02405	0.14185	0.29754	0.01639	0.17456	0.04913	0.08907	0.01680	0.01807	0.01281	0.00848	0.00749	0.00223	0.01087	0.00632	0.00561	0.01138
41	0.72392	0.01525	0.01250	0.05889	0.01809	0.01778	0.00953	0.02310	0.01366	0.03451	0.01126	0.01346	0.00873	0.00740	0.00512	0.00247	0.00645	0.00449	0.00481	0.00860
42	0.45924	0.01504	0.01687	0.14043	0.02461	0.01715	0.05859	0.02349	0.06023	0.03149	0.07127	0.02029	0.01614	0.00843	0.00641	0.00253	0.00729	0.00639	0.00514	0.00897
43	0.01133	0.00850	0.01274	0.01274	0.01416	0.00991	0.00991	0.01416	0.01274	0.01841	0.02124	0.03115	0.01982	0.05947	0.68989	0.01274	0.02124	0.00850	0.00425	0.00708
44	0.01645	0.01611	0.02472	0.56121	0.07242	0.05437	0.05100	0.02281	0.06139	0.02157	0.01539	0.02132	0.01165	0.00805	0.00796	0.00260	0.01057	0.00719	0.00391	0.00932
45	0.02155	0.69728	0.04076	0.01386	0.02053	0.05892	0.01364	0.02408	0.01638	0.01869	0.01108	0.01279	0.01018	0.00684	0.00517	0.00171	0.00872	0.00428	0.00342	0.01014
46	0.00961	0.00710	0.00900	0.01052	0.01136	0.00648	0.00713	0.01110	0.01568	0.02045	0.05005	0.60538	0.15912	0.02402	0.00999	0.00313	0.00450	0.02154	0.00736	0.00648
47	0.03558	0.01350	0.01840	0.01411	0.02024	0.01166	0.01166	0.03865	0.02270	0.67734	0.03128	0.02699	0.01963	0.00981	0.00797	0.00245	0.00675	0.00797	0.00981	0.01350
48	0.09741	0.02159	0.02271	0.01754	0.02376	0.02398	0.01449	0.58941	0.03514	0.04868	0.01832	0.01848	0.01304	0.00932	0.00766	0.00239	0.00849	0.00688	0.00766	0.01304
49	0.00973	0.00697	0.00934	0.01111	0.01161	0.00658	0.00746	0.01117	0.01508	0.02017	0.04280	0.68855	0.05113	0.02624	0.03750	0.00360	0.00527	0.02198	0.00724	0.00647
50	0.77733	0.01534	0.01166	0.01043	0.01534	0.01779	0.00859	0.02331	0.01350	0.03558	0.01104	0.01288	0.00859	0.00736	0.00491	0.00245	0.00613	0.00429	0.00491	0.00859
51	0.77733	0.01534	0.01166	0.01043	0.01534	0.01779	0.00859	0.02331	0.01350	0.03558	0.01104	0.01288	0.00859	0.00736	0.00491	0.00245	0.00613	0.00429	0.00491	0.00859
52	0.00985	0.00753	0.00904	0.00977	0.01128	0.00672	0.00691	0.01189	0.01756	0.02281	0.17249	0.36596	0.27652	0.02154	0.00971	0.00289	0.00423	0.01895	0.00762	0.00672
53	0.01133	0.00850	0.01274	0.01274	0.01416	0.00991	0.00991	0.01416	0.01274	0.01841	0.02124	0.03115	0.01982	0.05947	0.68989	0.01274	0.02124	0.00850	0.00425	0.00708
54	0.02174	0.01352	0.02205	0.01771	0.02209	0.01359	0.13273	0.04952	0.01812	0.23862	0.02304	0.02688	0.01764	0.02915	0.28061	0.00663	0.04162	0.00837	0.00616	0.01021
55	0.01133	0.00850	0.01274	0.01274	0.01416	0.00991	0.00991	0.01416	0.01274	0.01841	0.02124	0.03115	0.01982	0.05947	0.68989	0.01274	0.02124	0.00850	0.00425	0.00708
56	0.01318	0.01130	0.01704	0.01563	0.01692	0.01407	0.03527	0.01587	0.01281	0.01884	0.01820	0.02716	0.01706	0.04554	0.49021	0.00993	0.20118	0.00812	0.00403	0.00763
57	0.01144	0.00806	0.01052	0.01052	0.01117	0.00871	0.00714	0.01273	0.01209	0.01676	0.02327	0.04240	0.02471	0.41843	0.33761	0.01000	0.01389	0.01014	0.00455	0.00585
58	0.77733	0.01534	0.01166	0.01043	0.01534	0.01779	0.00859	0.02331	0.01350	0.03558	0.01104	0.01288	0.00859	0.00736	0.00491	0.00245	0.00613	0.00429	0.00491	0.00859
59	0.77733	0.01534	0.01166	0.01043	0.01534	0.01779	0.00859	0.02331	0.01350	0.03558	0.01104	0.01288	0.00859	0.00736	0.00491	0.00245	0.00613	0.00429	0.00491	0.00859
60	0.03424	0.01354	0.01827	0.01394	0.02014	0.01158	0.01150	0.03734	0.02226	0.63170	0.03008	0.02625	0.01908	0.00954	0.00783	0.00236	0.00669	0.00774	0.00946	0.06648
61	0.18215	0.02835	0.02562	0.02101	0.02630	0.35268	0.15033	0.07675	0.02096	0.02646	0.01336	0.01592	0.01053	0.00779	0.00723	0.00229	0.01197	0.00602	0.00454	0.00973
62	0.03558	0.01350	0.01840	0.01411	0.02024	0.01166	0.01166	0.03865	0.02270	0.67734	0.03128	0.02699	0.01963	0.00981	0.00797	0.00245	0.00675	0.00797	0.00981	0.01350
63	0.01153	0.00769	0.00865	0.00865	0.00865	0.00769	0.00480	0.01153	0.01153	0.01538	0.02499	0.05189	0.02883	0.72131	0.04036	0.00769	0.00769	0.01153	0.00480	0.00480
64	0.02032	0.01706	0.01909	0.01674	0.02143	0.01941	0.03750	0.04133	0.60664	0.05881	0.03159	0.02916	0.02354	0.01056	0.00812	0.00268	0.00658	0.00894	0.00798	0.01252
65	0.66969	0.01537	0.01258	0.01113	0.01607	0.01759	0.00910	0.02580	0.06849	0.07308	0.01403	0.01512	0.01056	0.00779	0.00535	0.00247	0.00618	0.00491	0.00546	0.00921
66	0.03316	0.01463	0.02247	0.01688	0.02328	0.01286	0.10214	0.03675	0.02213	0.58392	0.02910	0.02619	0.01854	0.00937	0.00817	0.00249	0.00770	0.00817	0.00898	0.01309
67	0.01913	0.45785	0.29162	0.01711	0.02582	0.02630	0.01973	0.02428	0.01636	0.02118	0.01228	0.01430	0.01013	0.00708	0.00605	0.00202	0.00975	0.00487	0.00338	0.01078
68	0.03558	0.01350	0.01840	0.01411	0.02024	0.01166	0.01166	0.03865	0.02270	0.67734	0.03128	0.02699	0.01963	0.00981	0.00797	0.00245	0.00675	0.00797	0.00981	0.01350
69	0.02057	0.31357	0.11395	0.01811	0.04915	0.02185	0.08724	0.02581	0.05298	0.10305	0.10035	0.02313	0.02070	0.00868	0.00706	0.00219	0.00855	0.00715	0.00520	0.01071
70	0.01629	0.01564	0.02712	0.50858	0.19963	0.01805	0.05906	0.02153	0.01654	0.02190	0.01440	0.02080	0.01113	0.00765	0.00799	0.00258	0.01046	0.00719	0.00365	0.00981
71	0.01100	0.00810	0.01029	0.00974	0.01171	0.00739	0.00731	0.01453	0.02192	0.03055	0.59722	0.06128	0.14604	0.01668	0.00936	0.00252	0.00377	0.01463	0.00857	0.00739
72	0.02067	0.02146	0.03169	0.04140	0.47740	0.11490	0.09523	0.02518	0.01878	0.02482	0.01580	0.02199	0.01355	0.00780	0.00806	0.00240	0.01050	0.03264	0.00410	0.01164
73	0.01832	0.03576	0.49382	0.02532	0.03552	0.01912	0.15414	0.02566	0.01833	0.02674	0.01824	0.05562	0.01471	0.00970	0.00895	0.00298	0.01224	0.00811	0.00447	0.01225
74	0.00966	0.00690	0.00920	0.01104	0.01150	0.00644	0.00736	0.01104	0.01518	0.02024	0.04371	0.71614	0.05245	0.02484	0.01012	0.00322	0.00460	0.02254	0.00736	0.00644
75	0.02163	0.69218	0.04070	0.01379	0.02056	0.03105	0.01364	0.05369	0.01713	0.02017	0.01141	0.01302	0.01034	0.00692	0.00523	0.00173	0.00849	0.00438	0.00361	0.01034
76	0.01835	0.17410	0.03343	0.17746	0.08189	0.02100	0.19661	0.04700	0.06320	0.02478	0.07066	0.02297	0.01754	0.00821	0.00784	0.00240	0.00988	0.00784	0.00459	0.01025
77	0.01260	0.01161	0.02141	0.01831	0.02123	0.01086	0.21386	0.01571	0.01633	0.02192	0.03472	0.49045	0.03932	0.01894	0.00987	0.00304	0.00745	0.01826	0.00627	0.00782
78	0.01153	0.00769	0.00865	0.00865	0.00865	0.00769	0.00480	0.01153	0.01153	0.01538	0.02499	0.05189	0.02883	0.72131	0.04036	0.00769	0.00769	0.01153	0.00480	0.00480
79	0.01569	0.01510	0.01914	0.01729	0.01822	0.06980	0.01397	0.01793	0.01321	0.01882	0.01525	0.02310	0.01448	0.03321	0.31248	0.00738	0.35561	0.00747	0.00386	0.00802
80	0.01845	0.02343	0.11572	0.03297	0.07103	0.01982	0.54578	0.02532	0.01847	0.02539	0.01579	0.02079	0.01184	0.00680	0.00909	0.00264	0.01300	0.00886	0.00393	0.01090
81	0.00983	0.00709	0.00935	0.01109	0.01175	0.00661	0.00761	0.01138	0.01551	0.02051	0.04551	0.64605	0.08408	0.02442	0.01013	0.00322	0.00473	0.05725	0.00736	0.00650
82	0.01959	0.01893	0.03272	0.04811	0.64871	0.01889	0.04705	0.02438	0.01808	0.02589	0.01496	0.01969	0.01254	0.00705	0.00791	0.00237	0.00957	0.00715	0.00393	0.01249
83	0.01289	0.01118	0.01804	0.27145	0.08294	0.01220	0.03901	0.01633	0.01620	0.02154	0.06312	0.33827	0.03327	0.01593	0.00905	0.00287	0.00751	0.01456	0.00560	0.00805
84	0.01644	0.01409	0.01644	0.01175	0.01879	0.01057	0.00940	0.01997	0.01644	0.02584	0.01409	0.01644	0.01175	0.00587	0.00587	0.00117	0.00587	0.00470	0.00470	0.76979
85	0.01826	0.01447	0.01684	0.01241	0.01905	0.01180	0.00994	0.05865	0.05021	0.06318	0.04021	0.01939	0.01521	0.00692	0.00635	0.00144	0.00603	0.00559	0.00548	0.61858
86	0.01227	0.00918	0.01330	0.01302	0.01468	0.01064	0.01017	0.04565	0.01397	0.01998	0.02113	0.03055	0.01951	0.05698	0.65587	0.01223	0.02062	0.00843	0.00443	0.00740
87	0.01513	0.00952	0.01132	0.01025	0.01333	0.00859	0.00790	0.01915	0.05802	0.13795	0.28232	0.05894	0.30434	0.01638	0.00905	0.00257	0.00452	0.01391	0.00832	0.00849
88	0.01368	0.00977	0.01123	0.01106	0.01210	0.04256	0.00762	0.01497	0.01350	0.05293	0.02523	0.06927	0.02665	0.40234	0.21379	0.00815	0.01158	0.04214	0.00511	0.00631
89	0.02600	0.01768	0.01967	0.01624	0.02150	0.01922	0.01301	0.25631	0.27888	0.16303	0.02793	0.06099	0.02094	0.01086	0.00811	0.00256	0.00716	0.00882	0.00832	0.01275
90	0.01278	0.00913	0.01278	0.01460	0.01643	0.00913	0.01278	0.01643	0.01825	0.02373	0.04199	0.08945	0.04564	0.02191	0.01095	0.00365	0.00730	0.61847	0.00730	0.00730
91	0.03307	0.01320	0.01777	0.01386	0.01960	0.01162	0.01136	0.03691	0.04613	0.60267	0.08147	0.02963	0.02415	0.01035	0.00809	0.00247	0.00649	0.00851	0.00966	0.01299
92	0.01496	0.00804	0.00866	0.00853	0.01030	0.00809	0.00619	0.01867	0.03950	0.05249	0.02701	0.06972	0.02329	0.10635	0.03415	0.00313	0.00509	0.00888	0.53953	0.00742
93	0.69527	0.01513	0.01240	0.01084	0.01588	0.01711	0.00893	0.02501	0.01451	0.10657	0.01328	0.01444	0.00981	0.00763	0.00525	0.00245	0.00620	0.00470	0.00545	0.00913
94	0.77733	0.01534	0.01166	0.01043	0.01534	0.01779	0.00859	0.02331	0.01350	0.03558	0.01104	0.01288	0.00859	0.00736	0.00491	0.00245	0.00613	0.00429	0.00491	0.00859
95	0.02462	0.01104	0.01439	0.01194	0.01626	0.00965	0.00952	0.02761	0.02139	0.39092	0.17048	0.07037	0.13520	0.01337	0.00849	0.00251	0.00550	0.01126	0.03481	0.01068
96	0.00986	0.00711	0.00921	0.01064	0.01133	0.00660	0.00715	0.01140	0.01575	0.02098	0.09444	0.58857	0.09254	0.06006	0.01158	0.00336	0.00466	0.02095	0.00734	0.00645
97	0.01262	0.00901	0.01259	0.01442	0.01617	0.00899	0.01250	0.01615	0.01810	0.02355	0.04208	0.12203	0.04599	0.02206	0.01091	0.00363	0.00716	0.58749	0.00731	0.00726
98	0.12682	0.01155	0.01289	0.01126	0.01491	0.01131	0.00875	0.06533	0.04369	0.17153	0.16397	0.06946	0.17716	0.06406	0.01050	0.00292	0.00556	0.01146	0.00771	0.00916
99	0.01133	0.00850	0.01274	0.01274	0.01416	0.00991	0.00991	0.01416	0.01274	0.01841	0.02124	0.03115	0.01982	0.05947	0.68989	0.01274	0.02124	0.00850	0.00425	0.00708
100	0.03428	0.01345	0.01815	0.01405	0.02000	0.01180	0.01156	0.03804	0.04453	0.63528	0.05093	0.02807	0.02149	0.01004	0.00802	0.00246	0.00664	0.00820	0.00972	0.01328
101	0.07422	0.00794	0.00823	0.00854	0.01017	0.00804	0.00613	0.01668	0.01566	0.02686	0.02853	0.18081	0.02712	0.06930	0.00927	0.00266	0.00441	0.01080	0.47756	0.00707
102	0.06466	0.01036	0.01324	0.01145	0.01495	0.00947	0.00896	0.02346	0.02146	0.25846	0.34996	0.08140	0.07158	0.01404	0.00865	0.00252	0.00500	0.01204	0.00876	0.00958
103	0.01592	0.01106	0.01430	0.01536	0.01761	0.01064	0.01273	0.01934	0.04358	0.05355	0.08053	0.10823	0.06892	0.02165	0.01132	0.00380	0.00750	0.46692	0.00816	0.00887
104	0.00995	0.00702	0.00912	0.01068	0.01106	0.00663	0.00697	0.01112	0.01462	0.01950	0.04084	0.61437	0.04883	0.13155	0.01475	0.00390	0.00507	0.02086	0.00697	0.00619
105	0.13301	0.01204	0.01488	0.01241	0.01692	0.01121	0.00986	0.02928	0.01981	0.40194	0.08481	0.11450	0.02732	0.03907	0.00908	0.00273	0.00607	0.00994	0.03424	0.01087
106	0.00973	0.00693	0.00918	0.01096	0.01140	0.00649	0.00727	0.01106	0.01505	0.02007	0.04303	0.69231	0.05160	0.04983	0.01121	0.00338	0.00471	0.02215	0.00727	0.00638
107	0.77733	0.01534	0.01166	0.01043	0.01534	0.01779	0.00859	0.02331	0.01350	0.03558	0.01104	0.01288	0.00859	0.00736	0.00491	0.00245	0.00613	0.00429	0.00491	0.00859
108	0.01058	0.00797	0.00978	0.00956	0.01151	0.00717	0.00708	0.01363	0.02058	0.02791	0.45061	0.12631	0.23213	0.01807	0.00943	0.00261	0.00390	0.01576	0.00823	0.00717
109	0.01120	0.00755	0.00875	0.00907	0.00915	0.00747	0.00526	0.01145	0.01218	0.01623	0.02829	0.16910	0.03300	0.59843	0.03503	0.00690	0.00714	0.01347	0.00526	0.00509
110	0.01498	0.01409	0.02378	0.70226	0.05462	0.01762	0.02202	0.02026	0.01586	0.02026	0.01409	0.02114	0.01057	0.00793	0.00793	0.00264	0.01057	0.00705	0.00352	0.00881
111	0.01219	0.00839	0.01099	0.01047	0.01253	0.00776	0.00806	0.01584	0.02191	0.05452	0.56505	0.06143	0.09279	0.01664	0.00945	0.00260	0.00419	0.06894	0.00859	0.00766
112	0.01753	0.01478	0.01701	0.01238	0.01927	0.01192	0.00992	0.06417	0.04471	0.02782	0.01520	0.01717	0.01239	0.00633	0.00611	0.00132	0.00609	0.00505	0.00506	0.68577
113	0.01139	0.00825	0.01150	0.01150	0.01248	0.00923	0.00836	0.01336	0.01237	0.01748	0.02238	0.03747	0.02257	0.26105	0.49207	0.01120	0.01711	0.00942	0.00442	0.00639
114	0.01498	0.01409	0.02378	0.70226	0.05462	0.01762	0.02202	0.02026	0.01586	0.02026	0.01409	0.02114	0.01057	0.00793	0.00793	0.00264	0.01057	0.00705	0.00352	0.00881
115	0.01422	0.00859	0.01073	0.03797	0.01228	0.03456	0.00734	0.01276	0.01199	0.01644	0.01697	0.02865	0.01668	0.13340	0.02749	0.49397	0.00707	0.00762	0.09668	0.00458
116	0.01644	0.01409	0.01644	0.01175	0.01879	0.01057	0.00940	0.01997	0.01644	0.02584	0.01409	0.01644	0.01175	0.00587	0.00587	0.00117	0.00587	0.00470	0.00470	0.76979
117	0.01750	0.01231	0.01492	0.01173	0.01715	0.00975	0.00916	0.02056	0.01748	0.11689	0.05652	0.13612	0.04826	0.01058	0.00717	0.00181	0.00561	0.00901	0.00616	0.47131
118	0.01303	0.00922	0.01170	0.01127	0.01343	0.00897	0.00858	0.01849	0.09008	0.05521	0.45548	0.13252	0.06243	0.01679	0.00937	0.00268	0.00450	0.05968	0.00844	0.00813
119	0.00966	0.00690	0.00920	0.01104	0.01150	0.00644	0.00736	0.01104	0.01518	0.02024	0.04371	0.71614	0.05245	0.02484	0.01012	0.00322	0.00460	0.02254	0.00736	0.00644
120	0.01046	0.00778	0.01000	0.01094	0.01227	0.00695	0.00753	0.01222	0.01583	0.02152	0.07586	0.57992	0.07413	0.02216	0.00960	0.00294	0.00467	0.01996	0.00715	0.08813
121	0.32101	0.01217	0.01260	0.01093	0.01497	0.01243	0.00871	0.02247	0.01863	0.14020	0.26869	0.03334	0.03621	0.01112	0.00718	0.00241	0.00530	0.00881	0.00719	0.04564
122	0.01590	0.04102	0.68023	0.02260	0.03432	0.01842	0.02930	0.02511	0.01674	0.02511	0.01423	0.01674	0.01005	0.00753	0.00753	0.00251	0.01172	0.00586	0.00335	0.01172
123	0.07274	0.01349	0.01727	0.01364	0.01934	0.01227	0.01116	0.03618	0.07125	0.54647	0.03370	0.02988	0.06485	0.01047	0.00791	0.00249	0.00649	0.00847	0.00924	0.01268
124	0.01013	0.00739	0.00954	0.01042	0.01154	0.00680	0.00728	0.01232	0.01776	0.02403	0.24574	0.44784	0.11655	0.02166	0.00981	0.00294	0.00427	0.01939	0.00780	0.00680
125	0.01006	0.00725	0.00955	0.01086	0.01172	0.00675	0.00754	0.01199	0.01676	0.02257	0.16089	0.54496	0.08076	0.02294	0.00998	0.00308	0.00452	0.04353	0.00761	0.00668
126	0.02736	0.22567	0.02788	0.01829	0.02338	0.43277	0.01481	0.09906	0.02240	0.02267	0.01269	0.01440	0.01057	0.00794	0.00667	0.00199	0.01206	0.00510	0.00433	0.00995
127	0.11295	0.01015	0.01197	0.01091	0.01362	0.00973	0.00796	0.02068	0.01701	0.20163	0.10075	0.16281	0.06632	0.19907	0.01665	0.00397	0.00606	0.01223	0.00721	0.00833
128	0.00979	0.00697	0.00924	0.01092	0.01142	0.00652	0.00728	0.01121	0.01533	0.02052	0.06687	0.66822	0.05249	0.04848	0.01113	0.00335	0.00467	0.02185	0.00733	0.00642
129	0.00952	0.00804	0.00823	0.00818	0.01080	0.00676	0.00614	0.01166	0.01841	0.02223	0.12602	0.07499	0.62244	0.01978	0.00937	0.00266	0.00400	0.01655	0.00747	0.00676
130	0.52469	0.01669	0.01517	0.01261	0.01799	0.01865	0.01040	0.16626	0.01993	0.11066	0.01512	0.01586	0.01094	0.00813	0.00594	0.00244	0.00679	0.00535	0.00614	0.01025
131	0.00966	0.00690	0.00920	0.01104	0.01150	0.00644	0.00736	0.01104	0.01518	0.02024	0.04371	0.71614	0.05245	0.02484	0.01012	0.00322	0.00460	0.02254	0.00736	0.00644
132	0.73848	0.01569	0.01229	0.01083	0.01582	0.01814	0.00893	0.05565	0.01473	0.03633	0.01146	0.01320	0.00884	0.00747	0.00506	0.00245	0.00627	0.00444	0.00506	0.00884
133	0.01157	0.00876	0.01285	0.01272	0.01398	0.01027	0.00979	0.01414	0.01263	0.01820	0.02113	0.03226	0.02018	0.10940	0.61471	0.01201	0.04551	0.00868	0.00426	0.00696
134	0.00956	0.00786	0.00841	0.00864	0.01092	0.00672	0.00634	0.01160	0.01797	0.02204	0.11972	0.17336	0.52839	0.02052	0.00949	0.00275	0.00409	0.01745	0.00747	0.00672
135	0.01748	0.01350	0.01606	0.01177	0.01827	0.01037	0.00940	0.02099	0.01749	0.07805	0.07534	0.02120	0.01815	0.00713	0.00636	0.00140	0.00575	0.00584	0.00547	0.63997
136	0.15337	0.01345	0.01684	0.01336	0.01900	0.01237	0.01094	0.03475	0.02083	0.54010	0.02868	0.06055	0.01956	0.01020	0.00759	0.00249	0.00654	0.00814	0.00890	0.01234
137	0.01036	0.00754	0.00979	0.01056	0.01178	0.00697	0.00753	0.01278	0.01829	0.02486	0.28320	0.39176	0.10773	0.02108	0.00981	0.00292	0.00434	0.04393	0.00788	0.00689
138	0.03225	0.01325	0.01766	0.01387	0.01951	0.01184	0.01134	0.03673	0.06715	0.57346	0.08928	0.03011	0.02497	0.01046	0.00811	0.00247	0.00644	0.00862	0.00959	0.01288
139	0.01145	0.00770	0.00862	0.00862	0.00873	0.00765	0.00485	0.01153	0.01179	0.01561	0.02717	0.05286	0.05408	0.69364	0.03914	0.00749	0.00754	0.01174	0.00491	0.00488
140	0.01135	0.00842	0.01234	0.01234	0.01362	0.00969	0.00941	0.01390	0.01262	0.01811	0.02161	0.03319	0.02071	0.12459	0.62598	0.01225	0.01991	0.00879	0.00430	0.00686
141	0.01153	0.00769	0.00865	0.00865	0.00865	0.00769	0.00480	0.01153	0.01153	0.01538	0.02499	0.05189	0.02883	0.72131	0.04036	0.00769	0.00769	0.01153	0.00480	0.00480
142	0.00955	0.00792	0.00836	0.00851	0.01089	0.00673	0.00628	0.01163	0.01812	0.02212	0.12328	0.14292	0.55582	0.02028	0.00945	0.00272	0.00406	0.01716	0.00747	0.00673
143	0.01943	0.01999	0.06588	0.04732	0.63870	0.01882	0.02459	0.02438	0.01799	0.02587	0.01488	0.01948	0.01243	0.00709	0.00783	0.00236	0.00954	0.00700	0.00390	0.01252
144	0.00975	0.00707	0.00924	0.01094	0.01162	0.00656	0.00746	0.01127	0.01552	0.02046	0.04643	0.64437	0.09902	0.02437	0.01010	0.00320	0.00466	0.04412	0.00736	0.00649
145	0.01869	0.02073	0.04379	0.06354	0.13002	0.01978	0.53067	0.02504	0.01850	0.02526	0.01580	0.02113	0.01204	0.00679	0.00909	0.00263	0.01270	0.00894	0.00398	0.01088
146	0.01866	0.11026	0.52244	0.02106	0.03155	0.01912	0.04425	0.02642	0.01737	0.09424	0.01577	0.01755	0.01114	0.00767	0.00738	0.00242	0.01089	0.00602	0.00407	0.01171
147	0.01985	0.01684	0.01652	0.01469	0.01882	0.07921	0.01141	0.07570	0.35388	0.06895	0.10155	0.03748	0.12637	0.01237	0.00830	0.00257	0.00662	0.01016	0.00775	0.01094
148	0.01133	0.00850	0.01274	0.01274	0.01416	0.00991	0.00991	0.01416	0.01274	0.01841	0.02124	0.03115	0.01982	0.05947	0.68989	0.01274	0.02124	0.00850	0.00425	0.00708
149	0.02739	0.18137	0.02888	0.01885	0.02475	0.22007	0.06444	0.24900	0.02607	0.06346	0.01566	0.01684	0.01199	0.00831	0.00719	0.00216	0.01058	0.00612	0.00559	0.01128
150	0.02718	0.10555	0.02441	0.01862	0.02347	0.34227	0.01481	0.18825	0.10133	0.02877	0.01618	0.01729	0.01273	0.00889	0.00796	0.00222	0.03775	0.00606	0.00545	0.01078
151	0.02194	0.05046	0.01889	0.01317	0.01982	0.01369	0.01077	0.08717	0.05305	0.15511	0.01873	0.01925	0.01402	0.00730	0.00656	0.00165	0.00648	0.00578	0.00613	0.47004
152	0.01001	0.00806	0.00891	0.00870	0.01110	0.00696	0.00652	0.01261	0.01957	0.02497	0.28115	0.07048	0.46560	0.01876	0.00937	0.00261	0.00392	0.01592	0.00783	0.00696
153	0.01478	0.00739	0.00739	0.00739	0.00924	0.00739	0.00554	0.01848	0.01663	0.02956	0.02587	0.02956	0.02033	0.00924	0.00554	0.00185	0.00370	0.00739	0.76534	0.00739
154	0.01855	0.01805	0.03105	0.03919	0.43854	0.01800	0.12646	0.02510	0.08229	0.02609	0.02141	0.05193	0.04936	0.00876	0.00830	0.00249	0.00930	0.00877	0.00467	0.01169
155	0.01635	0.03794	0.58090	0.02430	0.03544	0.01867	0.12554	0.02516	0.01705	0.02516	0.01451	0.01747	0.01036	0.00740	0.00782	0.00254	0.01198	0.00641	0.00345	0.01156
156	0.01498	0.01409	0.02378	0.70226	0.05462	0.01762	0.02202	0.02026	0.01586	0.02026	0.01409	0.02114	0.01057	0.00793	0.00793	0.00264	0.01057	0.00705	0.00352	0.00881
157	0.01610	0.03964	0.63585	0.02336	0.03482	0.01853	0.07230	0.02513	0.01688	0.02513	0.01436	0.01707	0.01018	0.00747	0.00766	0.00252	0.01183	0.00610	0.00339	0.01165
158	0.02193	0.08185	0.13096	0.05262	0.03469	0.01891	0.34347	0.02781	0.01894	0.16200	0.01849	0.02116	0.01313	0.00752	0.00839	0.00252	0.01121	0.00804	0.00507	0.01131
159	0.01226	0.00876	0.01218	0.01401	0.01561	0.00868	0.01188	0.01553	0.01774	0.02315	0.04227	0.19379	0.04677	0.02239	0.01081	0.00358	0.00685	0.51925	0.00731	0.00716
160	0.01133	0.00850	0.01274	0.01274	0.01416	0.00991	0.00991	0.01416	0.01274	0.01841	0.02124	0.03115	0.01982	0.05947	0.68989	0.01274	0.02124	0.00850	0.00425	0.00708
161	0.01941	0.02031	0.07523	0.12613	0.40329	0.04335	0.05886	0.07199	0.01924	0.02645	0.01644	0.05304	0.01400	0.00828	0.00802	0.00245	0.00986	0.00779	0.00432	0.01155
162	0.03014	0.02221	0.02380	0.01825	0.02459	0.02459	0.01507	0.64541	0.03728	0.04998	0.01904	0.01904	0.01349	0.00952	0.00793	0.00238	0.00873	0.00714	0.00793	0.01349
163	0.01963	0.01884	0.03219	0.04867	0.67185	0.01884	0.02434	0.02434	0.01806	0.02591	0.01492	0.01963	0.01256	0.00707	0.00785	0.00236	0.00942	0.00707	0.00393	0.01256
164	0.70354	0.01515	0.01233	0.01079	0.01582	0.01718	0.00889	0.02484	0.01441	0.09942	0.01306	0.01429	0.00969	0.00761	0.00521	0.00245	0.00620	0.00466	0.00540	0.00908
165	0.01550	0.01486	0.02065	0.01831	0.01860	0.02001	0.01493	0.01728	0.01288	0.01931	0.01906	0.11609	0.04849	0.01886	0.06957	0.00405	0.52952	0.00964	0.00424	0.00816
166	0.01857	0.01884	0.03559	0.09246	0.36738	0.01864	0.24021	0.02396	0.01813	0.02517	0.01671	0.02415	0.01401	0.00780	0.00855	0.00256	0.01078	0.04103	0.00411	0.01133
167	0.73232	0.01491	0.01159	0.01040	0.01513	0.01718	0.00852	0.02282	0.01402	0.03536	0.04962	0.01561	0.01248	0.00788	0.00517	0.00246	0.00599	0.00488	0.00513	0.00852
168	0.05717	0.00879	0.01001	0.00974	0.01048	0.00924	0.00619	0.03569	0.01277	0.01829	0.02337	0.04519	0.02569	0.55094	0.13773	0.00797	0.00973	0.01048	0.00484	0.00570
169	0.05960	0.24186	0.40584	0.01936	0.02890	0.02206	0.04632	0.02510	0.01667	0.04717	0.01378	0.01588	0.01043	0.00735	0.00675	0.00227	0.01034	0.00550	0.00370	0.01111
170	0.01478	0.00739	0.00739	0.00739	0.00924	0.00739	0.00554	0.01848	0.01663	0.02956	0.02587	0.02956	0.02033	0.00924	0.00554	0.00185	0.00370	0.00739	0.76534	0.00739
171	0.06629	0.02068	0.03168	0.05629	0.16006	0.07168	0.23591	0.12567	0.04516	0.05290	0.01929	0.02224	0.03832	0.00821	0.00824	0.00249	0.01050	0.00804	0.00515	0.01121
172	0.01085	0.00753	0.00939	0.01007	0.01057	0.00735	0.00655	0.01202	0.01439	0.01943	0.10356	0.29814	0.04291	0.33372	0.05030	0.00551	0.00663	0.03894	0.00625	0.00589
173	0.02369	0.02609	0.02441	0.02085	0.02370	0.28522	0.04735	0.09216	0.04290	0.02335	0.01314	0.01698	0.01125	0.01070	0.01519	0.00272	0.29985	0.00644	0.00438	0.00964
174	0.72536	0.01521	0.01213	0.01069	0.01568	0.01736	0.00880	0.02438	0.01414	0.08054	0.01246	0.01387	0.00936	0.00753	0.00512	0.00245	0.00618	0.00455	0.00525	0.00893
175	0.03331	0.01400	0.01834	0.01440	0.02030	0.01281	0.01178	0.03915	0.11367	0.58503	0.03143	0.02736	0.02029	0.00995	0.00799	0.00249	0.00668	0.00812	0.00956	0.01336
176	0.02120	0.72609	0.04155	0.01357	0.02035	0.03138	0.01357	0.02374	0.01611	0.01866	0.01102	0.01272	0.01018	0.00678	0.00509	0.00170	0.00848	0.00424	0.00339	0.01018
177	0.00956	0.00804	0.00829	0.00823	0.01083	0.00677	0.00617	0.01174	0.01851	0.02247	0.13942	0.07460	0.60889	0.01969	0.00937	0.00266	0.00399	0.01649	0.00750	0.00677
178	0.03308	0.01276	0.01708	0.01330	0.01892	0.01114	0.01092	0.03623	0.02197	0.59964	0.03063	0.02730	0.01971	0.00975	0.00768	0.00238	0.00638	0.00790	0.10043	0.01276
179	0.61612	0.01656	0.03932	0.01176	0.01697	0.01776	0.01007	0.06787	0.03581	0.06141	0.03553	0.01612	0.01216	0.00802	0.00559	0.00246	0.00648	0.00519	0.00548	0.00933
180	0.77733	0.01534	0.01166	0.01043	0.01534	0.01779	0.00859	0.02331	0.01350	0.03558	0.01104	0.01288	0.00859	0.00736	0.00491	0.00245	0.00613	0.00429	0.00491	0.00859
181	0.00972	0.00705	0.00906	0.01064	0.01129	0.00653	0.00711	0.01110	0.01528	0.02012	0.04629	0.62327	0.10993	0.05794	0.01151	0.00338	0.00469	0.02146	0.00724	0.00639
182	0.01140	0.00763	0.00869	0.00882	0.00885	0.00760	0.00498	0.01150	0.01179	0.01572	0.02630	0.09843	0.03048	0.67252	0.03824	0.00737	0.00747	0.01230	0.00498	0.00492
183	0.70105	0.01515	0.01235	0.01081	0.01584	0.01716	0.00890	0.02489	0.01444	0.10157	0.01312	0.01433	0.00972	0.00761	0.00522	0.00245	0.00620	0.00467	0.00541	0.00909
184	0.01449	0.00883	0.01165	0.01053	0.01297	0.00804	0.00804	0.01814	0.02248	0.11846	0.58224	0.05491	0.06741	0.01535	0.00917	0.00249	0.00414	0.01349	0.00887	0.00829
185	0.01585	0.00896	0.01179	0.01197	0.01389	0.00836	0.00869	0.04043	0.01784	0.15277	0.06578	0.47534	0.04436	0.04179	0.01053	0.00316	0.00537	0.04710	0.00785	0.00814
186	0.73253	0.01487	0.01140	0.01025	0.01498	0.01718	0.00841	0.02303	0.01368	0.03523	0.01191	0.01386	0.00928	0.00747	0.00494	0.00242	0.00599	0.00448	0.04958	0.00852
187	0.01259	0.00844	0.01054	0.00982	0.01203	0.00764	0.00734	0.01574	0.02099	0.07408	0.47334	0.05980	0.18147	0.05793	0.01108	0.00283	0.00424	0.01419	0.00831	0.00760
188	0.01201	0.00821	0.00908	0.00884	0.01034	0.00754	0.00582	0.01319	0.01478	0.04488	0.04420	0.09257	0.24027	0.36050	0.02413	0.00504	0.00600	0.01325	0.04552	0.03382
189	0.01498	0.00887	0.01139	0.01055	0.01309	0.00795	0.00797	0.01803	0.02086	0.14114	0.38503	0.14380	0.15177	0.01683	0.00922	0.00261	0.00442	0.01469	0.00853	0.00827
190	0.01153	0.00769	0.00865	0.00865	0.00865	0.00769	0.00480	0.01153	0.01153	0.01538	0.02499	0.05189	0.02883	0.72131	0.04036	0.00769	0.00769	0.01153	0.00480	0.00480
191	0.01404	0.00971	0.01123	0.01025	0.01380	0.00814	0.00798	0.01652	0.01809	0.10093	0.05636	0.12219	0.36642	0.01704	0.00882	0.00253	0.00500	0.06613	0.00720	0.13761
192	0.01287	0.00909	0.01034	0.00985	0.01094	0.00915	0.00641	0.05754	0.03791	0.02170	0.13673	0.07565	0.07377	0.46200	0.02885	0.00581	0.00672	0.01231	0.00604	0.00630
193	0.51550	0.01741	0.01571	0.01301	0.01842	0.01968	0.01073	0.21828	0.02128	0.06461	0.01431	0.01534	0.01054	0.00813	0.00597	0.00243	0.00697	0.00532	0.00604	0.01031
194	0.09197	0.01449	0.01810	0.01434	0.02012	0.01375	0.01181	0.08931	0.06889	0.50230	0.02908	0.02761	0.01949	0.01010	0.00784	0.00251	0.00686	0.02959	0.00905	0.01281
195	0.01124	0.00808	0.01049	0.00990	0.01167	0.00749	0.00734	0.01478	0.02185	0.03091	0.63280	0.05884	0.07233	0.05446	0.01103	0.00278	0.00396	0.01419	0.00852	0.00734
196	0.01004	0.00711	0.00926	0.01065	0.01118	0.00669	0.00706	0.01146	0.01540	0.02071	0.09897	0.57362	0.05160	0.10993	0.01378	0.00370	0.00490	0.02043	0.00717	0.00634
197	0.03418	0.01381	0.01836	0.01429	0.02028	0.01237	0.01173	0.03895	0.07885	0.62036	0.03137	0.02722	0.02003	0.00990	0.00798	0.00247	0.00671	0.00806	0.00966	0.01341
198	0.01052	0.00800	0.00958	0.00933	0.01132	0.00717	0.00688	0.01341	0.02017	0.02704	0.41072	0.10039	0.27345	0.04406	0.01055	0.00279	0.00403	0.01549	0.00805	0.00706
199	0.01566	0.01499	0.02597	0.59811	0.11508	0.01788	0.05874	0.02097	0.01624	0.02112	0.01429	0.02101	0.01085	0.00777	0.00800	0.00262	0.01062	0.00718	0.00359	0.00929
200	0.09044	0.01363	0.01790	0.01384	0.01988	0.01211	0.01143	0.03751	0.02202	0.62987	0.02979	0.02595	0.01881	0.00963	0.00775	0.00245	0.00670	0.00770	0.00945	0.01313
201	0.01140	0.00763	0.00869	0.00882	0.00885	0.00760	0.00498	0.01150	0.01179	0.01572	0.02630	0.09843	0.03048	0.67252	0.03824	0.00737	0.00747	0.01230	0.00498	0.00492
202	0.01506	0.01416	0.02345	0.56065	0.12738	0.01682	0.02092	0.01999	0.01632	0.02106	0.01997	0.02576	0.06816	0.00888	0.00804	0.00261	0.00986	0.00789	0.00391	0.00909
203	0.02727	0.01936	0.06751	0.10757	0.02751	0.01901	0.01571	0.27142	0.11110	0.21577	0.02319	0.02275	0.01598	0.00942	0.00793	0.00249	0.00831	0.00751	0.00757	0.01262
204	0.01155	0.00857	0.01161	0.05865	0.01502	0.00826	0.00871	0.01539	0.02182	0.03068	0.59746	0.05774	0.06918	0.01585	0.00932	0.00255	0.00436	0.03741	0.00831	0.00757
205	0.01482	0.01375	0.02301	0.65408	0.05194	0.01702	0.02137	0.01999	0.01602	0.02050	0.01605	0.02593	0.01303	0.00891	0.00814	0.00271	0.01034	0.04988	0.00379	0.00870
206	0.01728	0.03066	0.38015	0.07181	0.24033	0.01864	0.07953	0.02460	0.01728	0.02511	0.01460	0.01832	0.01105	0.00733	0.00781	0.00248	0.01106	0.00661	0.00360	0.01173
207	0.01229	0.00991	0.01468	0.07633	0.06420	0.00998	0.03606	0.01582	0.04097	0.02222	0.03914	0.37014	0.07512	0.01991	0.00982	0.00314	0.00648	0.15943	0.00666	0.00769
208	0.02019	0.01890	0.03129	0.07070	0.60369	0.01920	0.02360	0.06770	0.01932	0.02738	0.01517	0.01964	0.01255	0.00727	0.00786	0.00237	0.00941	0.00707	0.00419	0.01249
209	0.01908	0.01911	0.03230	0.11179	0.33829	0.04528	0.15912	0.04466	0.01811	0.02488	0.01511	0.02037	0.01237	0.01030	0.04347	0.00304	0.06003	0.00756	0.00403	0.01109
210	0.01832	0.02167	0.09165	0.08254	0.03921	0.01939	0.47008	0.04663	0.05072	0.02603	0.01765	0.04626	0.01387	0.00780	0.00902	0.00267	0.01219	0.00928	0.00438	0.01067
211	0.01845	0.06596	0.02538	0.36963	0.08881	0.04272	0.05088	0.04624	0.03972	0.05587	0.01564	0.02008	0.01194	0.00770	0.00750	0.00232	0.00959	0.00671	0.00438	0.11046
212	0.02189	0.02118	0.13903	0.06858	0.02575	0.03981	0.01590	0.07918	0.20524	0.13769	0.02258	0.02255	0.01636	0.00877	0.00752	0.00230	0.00806	0.00707	0.00642	0.14413
213	0.02481	0.06195	0.09526	0.05490	0.02494	0.28904	0.01572	0.06009	0.02094	0.11673	0.01913	0.04948	0.01608	0.00982	0.00760	0.00229	0.01067	0.05182	0.00536	0.06338
214	0.01656	0.18618	0.44063	0.01977	0.02908	0.02004	0.04914	0.02344	0.01680	0.02364	0.04157	0.06674	0.01569	0.00889	0.00733	0.00239	0.01027	0.00716	0.00388	0.01080
215	0.02055	0.33417	0.11154	0.01552	0.02151	0.17223	0.01459	0.02367	0.01742	0.02015	0.01687	0.05341	0.03772	0.04728	0.00824	0.00228	0.00961	0.00644	0.00405	0.06276
216	0.02425	0.15816	0.07390	0.05185	0.02429	0.33739	0.01533	0.05183	0.02011	0.05518	0.01622	0.06547	0.01431	0.01195	0.04415	0.00274	0.01193	0.00674	0.00457	0.00963

[dist]
# distance from previous block
# <min> <max>
0	14

# created by:
# /st0/software/busco_prod/Augustus/scripts/msa2prfl.pl ./align_prep/113998.fa
