[name]
unknown

[dist]
# distance from previous block
# <min> <max>
1	41

[block]
# block no. 0 follows, 25 sequences, length 26
# corresponding to MSA columns:
# 41-66
name=unknown_A
#
# <colnr> <probs for GDERKNQSTAVLIFYWHMCP>
#	G	D	E	R	K	N	Q	S	T	A	V	L	I	F	Y	W	H	M	C	P
0	0.09239	0.05586	0.05428	0.01591	0.04015	0.01712	0.01320	0.14552	0.14220	0.27560	0.03812	0.02470	0.01847	0.00953	0.00746	0.00241	0.00718	0.02021	0.00762	0.01207
1	0.01921	0.32690	0.10925	0.04388	0.25349	0.02392	0.01909	0.02373	0.03402	0.02190	0.01308	0.01615	0.01115	0.00732	0.00745	0.00212	0.04719	0.00563	0.00363	0.01089
2	0.11894	0.29105	0.04291	0.06290	0.02282	0.11185	0.01391	0.07872	0.05980	0.07285	0.01462	0.01614	0.01162	0.00802	0.00712	0.00214	0.04429	0.00542	0.00473	0.01015
3	0.01913	0.01437	0.01625	0.01356	0.01753	0.01502	0.01068	0.26145	0.08825	0.03657	0.26552	0.07161	0.03883	0.03292	0.00917	0.00251	0.00606	0.01052	0.00773	0.06233
4	0.25133	0.01829	0.01813	0.01473	0.02008	0.02046	0.01203	0.35388	0.10426	0.04105	0.02137	0.02136	0.05197	0.00943	0.00697	0.00240	0.00722	0.00692	0.00686	0.01126
5	0.01092	0.00747	0.00863	0.00882	0.00914	0.00730	0.00527	0.01145	0.01283	0.01711	0.07701	0.13753	0.06708	0.55076	0.03198	0.00635	0.00667	0.01310	0.00542	0.00519
6	0.01012	0.00689	0.00899	0.01030	0.01063	0.00656	0.00669	0.01083	0.01378	0.01838	0.03688	0.53865	0.04382	0.15635	0.01713	0.06782	0.00525	0.01876	0.00641	0.00576
7	0.68270	0.01424	0.01133	0.01010	0.01469	0.01625	0.00827	0.02305	0.01386	0.06315	0.01293	0.01462	0.00987	0.00746	0.00499	0.00235	0.00582	0.00462	0.07120	0.00851
8	0.66072	0.01550	0.01295	0.01116	0.01617	0.01760	0.00919	0.08244	0.01598	0.08092	0.01289	0.01411	0.00959	0.00756	0.00528	0.00239	0.00627	0.00471	0.00540	0.00917
9	0.08067	0.01354	0.02133	0.60729	0.04756	0.01661	0.01948	0.01956	0.01543	0.02117	0.01733	0.02314	0.04928	0.00840	0.00758	0.00257	0.00958	0.00721	0.00378	0.00847
10	0.01208	0.00881	0.00977	0.00922	0.01201	0.00787	0.00702	0.01576	0.05954	0.07244	0.20758	0.06444	0.45022	0.01747	0.00898	0.00256	0.00420	0.01473	0.00772	0.00757
11	0.01550	0.01317	0.01547	0.01142	0.01776	0.00999	0.00902	0.01877	0.01597	0.02479	0.01628	0.07713	0.01492	0.00735	0.00610	0.00132	0.00563	0.00610	0.00482	0.70847
12	0.02287	0.01422	0.01747	0.05088	0.02089	0.01295	0.01121	0.10367	0.05884	0.22273	0.06316	0.03977	0.01948	0.00879	0.00715	0.00196	0.00645	0.00721	0.00690	0.30342
13	0.01591	0.08786	0.64271	0.02149	0.03262	0.01888	0.02759	0.02446	0.01633	0.02412	0.01370	0.01610	0.00983	0.00732	0.00720	0.00240	0.01124	0.00562	0.00328	0.01135
14	0.01011	0.00789	0.00917	0.00885	0.01105	0.00695	0.00664	0.01296	0.01991	0.02626	0.39082	0.06588	0.36041	0.01766	0.00915	0.00252	0.00379	0.01514	0.00790	0.00695
15	0.01634	0.14897	0.49910	0.02077	0.03067	0.01960	0.07046	0.02382	0.01671	0.02391	0.04938	0.01832	0.01342	0.00765	0.00721	0.00234	0.01064	0.00617	0.00361	0.01092
16	0.02232	0.01653	0.01979	0.01588	0.02087	0.01730	0.05855	0.33363	0.06017	0.07847	0.06297	0.03768	0.15753	0.01241	0.00841	0.00251	0.00735	0.04922	0.00748	0.01090
17	0.01173	0.00838	0.01162	0.01340	0.01485	0.00826	0.01116	0.01474	0.01709	0.02235	0.04148	0.24697	0.04630	0.02214	0.01051	0.00346	0.00648	0.47500	0.00715	0.00693
18	0.02669	0.01571	0.01849	0.01478	0.01979	0.01633	0.01204	0.29741	0.04351	0.23825	0.06855	0.02587	0.02051	0.01516	0.08243	0.00343	0.00858	0.00792	0.05281	0.01173
19	0.01813	0.01734	0.02956	0.20122	0.53377	0.01814	0.02327	0.02287	0.01716	0.02405	0.01440	0.01953	0.01183	0.00710	0.00769	0.00237	0.00947	0.00690	0.00375	0.01143
20	0.02091	0.09110	0.02337	0.01859	0.02109	0.27628	0.03158	0.02300	0.01647	0.01892	0.01402	0.06088	0.01350	0.01514	0.07314	0.00345	0.25904	0.00701	0.00393	0.00859
21	0.00943	0.00682	0.00892	0.01061	0.01120	0.00631	0.00711	0.01082	0.01502	0.01987	0.04502	0.68120	0.09106	0.02400	0.00985	0.00312	0.00446	0.02168	0.00720	0.00631
22	0.01828	0.01750	0.02983	0.17943	0.55439	0.01818	0.02334	0.02300	0.01723	0.02423	0.01442	0.01949	0.01189	0.00708	0.00769	0.00236	0.00944	0.00690	0.00376	0.01155
23	0.02165	0.48576	0.13320	0.01597	0.02278	0.16594	0.01591	0.02501	0.01713	0.01933	0.01150	0.01334	0.00994	0.00702	0.00575	0.00185	0.00994	0.00456	0.00345	0.00998
24	0.01000	0.00717	0.00949	0.01042	0.01137	0.00666	0.00724	0.01218	0.01740	0.02386	0.27037	0.48321	0.05916	0.02125	0.00963	0.00289	0.00420	0.01916	0.00768	0.00666
25	0.02079	0.62555	0.09750	0.01449	0.02139	0.07213	0.01476	0.02383	0.01621	0.01886	0.01114	0.01289	0.00994	0.00679	0.00532	0.00175	0.00894	0.00434	0.00336	0.01002

[dist]
# distance from previous block
# <min> <max>
0	2

[block]
# block no. 1 follows, 25 sequences, length 56
# corresponding to MSA columns:
# 69-124
name=unknown_B
#
# <colnr> <probs for GDERKNQSTAVLIFYWHMCP>
#	G	D	E	R	K	N	Q	S	T	A	V	L	I	F	Y	W	H	M	C	P
0	0.01788	0.01862	0.03589	0.15776	0.25533	0.01899	0.29803	0.02329	0.01727	0.02380	0.01471	0.02010	0.01161	0.00722	0.00920	0.00254	0.04546	0.00788	0.00378	0.01064
1	0.01675	0.17232	0.51652	0.02115	0.03142	0.02057	0.07028	0.02432	0.01639	0.02336	0.01344	0.01594	0.00999	0.00717	0.00703	0.00231	0.01096	0.00567	0.00333	0.01110
2	0.01305	0.01058	0.01374	0.01370	0.01586	0.01099	0.04353	0.02077	0.19979	0.02406	0.03879	0.40130	0.05548	0.01901	0.00936	0.00301	0.00570	0.08575	0.00721	0.00831
3	0.01109	0.00744	0.00851	0.00870	0.00874	0.00739	0.00495	0.01123	0.01164	0.01552	0.02630	0.11932	0.03055	0.65571	0.03645	0.00707	0.00721	0.01237	0.00495	0.00486
4	0.01651	0.01481	0.02282	0.58537	0.04787	0.01808	0.02013	0.08612	0.06727	0.02374	0.01563	0.02109	0.01165	0.00812	0.00776	0.00256	0.00983	0.00704	0.00422	0.00936
5	0.01952	0.01922	0.03461	0.04227	0.48445	0.01902	0.18021	0.05762	0.01882	0.02646	0.01508	0.01959	0.01220	0.00694	0.00805	0.00238	0.01014	0.00747	0.00407	0.01187
6	0.00959	0.00762	0.00869	0.00944	0.01129	0.00671	0.00698	0.01153	0.01680	0.02081	0.06346	0.27963	0.41511	0.02128	0.00955	0.00288	0.00443	0.08049	0.00719	0.00653
7	0.00959	0.00685	0.00916	0.01095	0.01147	0.00642	0.00744	0.01104	0.01498	0.01995	0.04266	0.69350	0.05098	0.02416	0.00993	0.00317	0.00462	0.04961	0.00719	0.00634
8	0.01989	0.01840	0.03001	0.09507	0.56446	0.01891	0.02270	0.08776	0.01941	0.02731	0.01493	0.01924	0.01223	0.00722	0.00769	0.00233	0.00923	0.00691	0.00421	0.01209
9	0.02759	0.01160	0.01569	0.01257	0.01731	0.01016	0.01016	0.03079	0.02212	0.48699	0.22541	0.03592	0.03551	0.01149	0.00820	0.00241	0.00571	0.00968	0.00928	0.01142
10	0.01222	0.00820	0.01076	0.00997	0.01201	0.00753	0.00753	0.01584	0.02196	0.06522	0.64139	0.05627	0.07034	0.01552	0.00907	0.00244	0.00381	0.01370	0.00859	0.00762
11	0.01082	0.00781	0.01022	0.00986	0.01155	0.00721	0.00730	0.01424	0.02122	0.02994	0.61049	0.12576	0.07093	0.01671	0.00922	0.00251	0.00374	0.01484	0.00840	0.00721
12	0.09525	0.07864	0.02317	0.08792	0.02589	0.20283	0.01481	0.31723	0.02676	0.03430	0.01505	0.01657	0.01136	0.00840	0.00707	0.00222	0.00992	0.00597	0.00570	0.01092
13	0.03372	0.01377	0.01821	0.01409	0.02001	0.01239	0.01160	0.06602	0.05713	0.62076	0.03010	0.02617	0.01916	0.00963	0.00780	0.00241	0.00666	0.00781	0.00942	0.01315
14	0.00990	0.00733	0.00927	0.01019	0.01143	0.00671	0.00726	0.01200	0.01713	0.02273	0.19155	0.41834	0.17304	0.02137	0.00963	0.00291	0.00434	0.05077	0.00750	0.00662
15	0.07465	0.10884	0.56967	0.02029	0.03075	0.01925	0.02553	0.02428	0.01606	0.02469	0.01336	0.01568	0.00973	0.00728	0.00693	0.00237	0.01072	0.00545	0.00339	0.01107
16	0.72733	0.01679	0.05984	0.01105	0.01633	0.01744	0.00985	0.02292	0.01342	0.03405	0.01102	0.01287	0.00850	0.00721	0.00498	0.00240	0.00639	0.00431	0.00469	0.00862
17	0.01784	0.01713	0.02975	0.08478	0.52234	0.01720	0.06987	0.02229	0.01728	0.02438	0.01749	0.09121	0.01610	0.00871	0.00802	0.00243	0.00910	0.00862	0.00416	0.01130
18	0.02036	0.68257	0.08698	0.01390	0.02088	0.02977	0.01437	0.02331	0.01580	0.01869	0.01100	0.01272	0.00994	0.00669	0.00515	0.00172	0.00852	0.00426	0.00331	0.01006
19	0.06332	0.00772	0.00749	0.00742	0.00941	0.00787	0.00561	0.01837	0.01607	0.02928	0.02437	0.02787	0.01914	0.00892	0.00538	0.00184	0.00377	0.00703	0.72181	0.00730
20	0.05428	0.01374	0.01981	0.44794	0.03932	0.01635	0.01705	0.09365	0.04014	0.02604	0.04643	0.02308	0.01512	0.00853	0.00737	0.00244	0.00859	0.00720	0.10390	0.00902
21	0.05055	0.13811	0.48309	0.01919	0.02871	0.01936	0.02332	0.05223	0.01745	0.02565	0.06091	0.01870	0.01447	0.00795	0.00704	0.00233	0.01006	0.00608	0.00393	0.01088
22	0.05189	0.01453	0.01733	0.01405	0.01889	0.01459	0.01132	0.20677	0.06074	0.28994	0.13232	0.08095	0.02854	0.01160	0.00807	0.00245	0.00647	0.00957	0.00847	0.01151
23	0.01174	0.00839	0.01159	0.01311	0.01464	0.00824	0.01090	0.01489	0.01772	0.02342	0.11156	0.20645	0.04906	0.02136	0.01038	0.00336	0.00625	0.44263	0.00731	0.00700
24	0.01820	0.01615	0.02466	0.31075	0.27835	0.05254	0.01997	0.02269	0.01773	0.07051	0.07714	0.02366	0.01756	0.00834	0.00782	0.00242	0.00922	0.00753	0.00454	0.01021
25	0.02295	0.06883	0.08200	0.01519	0.02048	0.01695	0.01340	0.24214	0.05179	0.14960	0.11162	0.09926	0.02715	0.01186	0.00804	0.00246	0.00723	0.03063	0.00737	0.01106
26	0.00949	0.00787	0.00830	0.00819	0.01067	0.00668	0.00615	0.01175	0.01844	0.02276	0.18514	0.07163	0.56826	0.01896	0.00916	0.00259	0.00388	0.01595	0.00744	0.00668
27	0.06919	0.01507	0.01854	0.01438	0.02015	0.01454	0.01184	0.18484	0.02519	0.46363	0.06108	0.02551	0.02008	0.00974	0.00771	0.00238	0.00688	0.00775	0.00886	0.01264
28	0.01666	0.06600	0.57683	0.02248	0.03322	0.01847	0.08749	0.02496	0.01672	0.04587	0.01450	0.01697	0.01032	0.00733	0.00745	0.00244	0.01132	0.00606	0.00354	0.01136
29	0.06394	0.07544	0.02335	0.01751	0.02309	0.17377	0.01425	0.40639	0.06464	0.03845	0.01690	0.01741	0.01258	0.00879	0.00725	0.00223	0.00948	0.00630	0.00647	0.01174
30	0.26614	0.01962	0.01847	0.01511	0.02049	0.06886	0.01228	0.30419	0.09907	0.07718	0.01784	0.01801	0.01299	0.00870	0.00679	0.00236	0.00774	0.00621	0.00668	0.01127
31	0.01788	0.03364	0.01549	0.01285	0.01667	0.01329	0.01002	0.12495	0.13702	0.08424	0.16516	0.15743	0.06989	0.01367	0.00823	0.00243	0.00566	0.01168	0.00749	0.09231
32	0.00988	0.00762	0.00895	0.00916	0.01095	0.00677	0.00661	0.01220	0.01824	0.02382	0.26398	0.21410	0.31827	0.04131	0.01026	0.00283	0.00408	0.01672	0.00756	0.00668
33	0.02133	0.01698	0.01887	0.01422	0.02064	0.01621	0.01152	0.25663	0.08052	0.03465	0.01713	0.01815	0.01318	0.00748	0.00668	0.00172	0.00681	0.00585	0.00606	0.42537
34	0.01649	0.06042	0.34650	0.02490	0.03361	0.01866	0.26047	0.02348	0.01679	0.02383	0.01612	0.06287	0.01321	0.00836	0.00884	0.00256	0.04051	0.00803	0.00377	0.01056
35	0.01679	0.20573	0.53257	0.01999	0.03029	0.02104	0.02497	0.02423	0.01622	0.02304	0.01316	0.01543	0.00985	0.00719	0.00679	0.00226	0.01070	0.00535	0.00328	0.01110
36	0.01896	0.01706	0.02663	0.31924	0.24199	0.01924	0.04239	0.13424	0.01982	0.02684	0.01477	0.01966	0.01149	0.00803	0.00870	0.00249	0.04647	0.00698	0.00435	0.01063
37	0.00971	0.00686	0.00892	0.01045	0.01084	0.00648	0.00683	0.01087	0.01432	0.01910	0.04006	0.62415	0.04790	0.12720	0.01422	0.00379	0.00494	0.02047	0.00683	0.00606
38	0.11077	0.02305	0.02101	0.01696	0.02241	0.14260	0.01369	0.43191	0.05117	0.04078	0.01723	0.01782	0.01266	0.00887	0.00722	0.00227	0.00898	0.00639	0.03252	0.01168
39	0.01571	0.06618	0.02338	0.08320	0.02287	0.02017	0.04849	0.01813	0.01317	0.01909	0.01509	0.08417	0.01514	0.01833	0.09790	0.00418	0.41430	0.00832	0.00386	0.00832
40	0.01226	0.00842	0.00956	0.00897	0.01172	0.00725	0.00683	0.01478	0.01927	0.09140	0.23265	0.06524	0.44825	0.01760	0.00902	0.00255	0.00413	0.01487	0.00780	0.00743
41	0.01054	0.00798	0.00977	0.00953	0.01159	0.00721	0.00728	0.01368	0.02034	0.02743	0.44662	0.06521	0.25288	0.01742	0.00927	0.00258	0.00401	0.06155	0.00803	0.00707
42	0.03379	0.01480	0.01899	0.01456	0.02059	0.01378	0.01202	0.15363	0.02488	0.56487	0.02834	0.02493	0.01806	0.00954	0.00779	0.00239	0.00696	0.00764	0.00925	0.01319
43	0.78228	0.01499	0.01140	0.01020	0.01499	0.01739	0.00840	0.02279	0.01320	0.03479	0.01080	0.01260	0.00840	0.00720	0.00480	0.00240	0.00600	0.00420	0.00480	0.00840
44	0.01169	0.00839	0.01154	0.01327	0.01478	0.00825	0.01106	0.01470	0.01716	0.02235	0.04270	0.23176	0.06746	0.02201	0.01047	0.00344	0.00643	0.46846	0.00715	0.00693
45	0.01242	0.01010	0.01431	0.01355	0.01440	0.01246	0.01048	0.01449	0.01213	0.01765	0.01902	0.03083	0.01880	0.15962	0.43794	0.00962	0.17274	0.00846	0.00407	0.00690
46	0.08790	0.01652	0.06904	0.35473	0.06968	0.01661	0.01819	0.07612	0.01866	0.17215	0.01771	0.02069	0.01243	0.00817	0.00747	0.00248	0.00900	0.00678	0.00529	0.01037
47	0.00989	0.00709	0.00940	0.01049	0.01134	0.00660	0.00723	0.01192	0.01693	0.02310	0.22804	0.52770	0.05769	0.02182	0.00968	0.00294	0.00425	0.01969	0.00759	0.00660
48	0.00945	0.00675	0.00900	0.01080	0.01125	0.00630	0.00720	0.01080	0.01484	0.01979	0.04274	0.72245	0.05128	0.02429	0.00990	0.00315	0.00450	0.02204	0.00720	0.00630
49	0.02296	0.01940	0.02731	0.06743	0.36677	0.02058	0.01969	0.26856	0.05163	0.03448	0.01681	0.01944	0.01301	0.00803	0.00772	0.00234	0.00888	0.00701	0.00551	0.01245
50	0.05560	0.03879	0.65203	0.02148	0.03259	0.01797	0.02759	0.02446	0.01620	0.02509	0.01375	0.01617	0.00975	0.00736	0.00723	0.00245	0.01117	0.00565	0.00335	0.01130
51	0.03479	0.01320	0.01799	0.01380	0.01979	0.01140	0.01140	0.03779	0.02219	0.68451	0.03059	0.02639	0.01919	0.00960	0.00780	0.00240	0.00660	0.00780	0.00960	0.01320
52	0.01009	0.00776	0.00932	0.01032	0.01166	0.00729	0.00720	0.01309	0.06046	0.02132	0.07104	0.48188	0.21634	0.02185	0.00954	0.00295	0.00443	0.01937	0.00729	0.00681
53	0.01461	0.01261	0.02039	0.58364	0.04548	0.01544	0.01866	0.01950	0.01564	0.02143	0.01584	0.02214	0.01204	0.00798	0.00734	0.00245	0.00914	0.00695	0.14036	0.00837
54	0.01020	0.00839	0.01141	0.01110	0.01306	0.00754	0.05574	0.01227	0.01652	0.02113	0.09442	0.33261	0.29994	0.05530	0.01096	0.00307	0.00502	0.01773	0.00691	0.00670
55	0.01693	0.01429	0.01654	0.01189	0.01874	0.01121	0.00954	0.05986	0.01738	0.02677	0.01409	0.01624	0.01159	0.00597	0.00587	0.00122	0.00592	0.00475	0.00480	0.72643

[dist]
# distance from previous block
# <min> <max>
0	2

[block]
# block no. 2 follows, 25 sequences, length 122
# corresponding to MSA columns:
# 127-248
name=unknown_C
#
# <colnr> <probs for GDERKNQSTAVLIFYWHMCP>
#	G	D	E	R	K	N	Q	S	T	A	V	L	I	F	Y	W	H	M	C	P
0	0.02451	0.01812	0.01980	0.01616	0.02099	0.01984	0.01293	0.48151	0.05950	0.04159	0.02462	0.17748	0.02223	0.01273	0.00824	0.00253	0.00752	0.01045	0.00764	0.01160
1	0.00966	0.00689	0.00911	0.01061	0.01118	0.00644	0.00712	0.01117	0.01538	0.02068	0.10109	0.63621	0.05249	0.04885	0.01089	0.00324	0.00453	0.02091	0.00723	0.00634
2	0.01866	0.01789	0.03052	0.12414	0.60670	0.01828	0.02353	0.02333	0.01741	0.02469	0.01449	0.01936	0.01206	0.00701	0.00768	0.00234	0.00934	0.00691	0.00379	0.01186
3	0.01821	0.02065	0.04425	0.03184	0.03914	0.01989	0.60766	0.02441	0.01786	0.02441	0.01531	0.02065	0.01166	0.00702	0.01026	0.00267	0.06092	0.00899	0.00389	0.01032
4	0.01555	0.04011	0.68733	0.02210	0.03356	0.01801	0.02865	0.02455	0.01637	0.02455	0.01391	0.01637	0.00982	0.00737	0.00737	0.00246	0.01146	0.00573	0.00327	0.01146
5	0.07837	0.01154	0.01431	0.01199	0.01595	0.01099	0.00953	0.06182	0.04502	0.27796	0.32297	0.03942	0.04287	0.01229	0.00819	0.00242	0.00531	0.01036	0.00859	0.01012
6	0.01128	0.00752	0.00846	0.00846	0.00846	0.00752	0.00470	0.01128	0.01128	0.01503	0.02443	0.05074	0.02819	0.72751	0.03946	0.00752	0.00752	0.01128	0.00470	0.00470
7	0.02010	0.02112	0.06934	0.04171	0.52082	0.05809	0.06588	0.06218	0.01901	0.02630	0.01471	0.01881	0.01203	0.00712	0.00772	0.00232	0.00984	0.00689	0.00406	0.01197
8	0.01646	0.16105	0.57432	0.02056	0.03117	0.02022	0.02596	0.02432	0.01626	0.02345	0.01337	0.01568	0.00984	0.00724	0.00695	0.00232	0.01091	0.00545	0.00328	0.01120
9	0.02075	0.64944	0.08634	0.01422	0.02108	0.06125	0.01446	0.02368	0.01609	0.01873	0.01106	0.01279	0.00994	0.00675	0.00524	0.00173	0.00879	0.00430	0.00335	0.01001
10	0.00945	0.00675	0.00900	0.01080	0.01125	0.00630	0.00720	0.01080	0.01484	0.01979	0.04274	0.72245	0.05128	0.02429	0.00990	0.00315	0.00450	0.02204	0.00720	0.00630
11	0.01480	0.01395	0.02355	0.68544	0.07557	0.01727	0.02161	0.01995	0.01558	0.02001	0.01381	0.02062	0.01040	0.00772	0.00775	0.00257	0.01030	0.00689	0.00346	0.00874
12	0.01926	0.06467	0.50921	0.01987	0.02975	0.01701	0.02416	0.02665	0.01748	0.14724	0.01787	0.02066	0.01285	0.00826	0.00746	0.00245	0.01025	0.02874	0.00460	0.01156
13	0.00945	0.00675	0.00900	0.01080	0.01125	0.00630	0.00720	0.01080	0.01484	0.01979	0.04274	0.72245	0.05128	0.02429	0.00990	0.00315	0.00450	0.02204	0.00720	0.00630
14	0.01515	0.01429	0.02416	0.63572	0.12263	0.01736	0.02178	0.02025	0.01574	0.02042	0.01387	0.02051	0.01055	0.00766	0.00774	0.00255	0.01021	0.00689	0.00349	0.00902
15	0.00939	0.00790	0.00817	0.00820	0.01074	0.00668	0.00621	0.01151	0.01793	0.02162	0.11173	0.07412	0.61801	0.01948	0.00922	0.00264	0.00403	0.03854	0.00728	0.00661
16	0.02256	0.01762	0.01956	0.01456	0.02112	0.01697	0.01187	0.32613	0.02594	0.03668	0.01612	0.01731	0.01231	0.00747	0.00672	0.00172	0.00709	0.00575	0.00612	0.40639
17	0.01574	0.06545	0.66365	0.02178	0.03306	0.01847	0.02808	0.02451	0.01635	0.02432	0.01380	0.01623	0.00983	0.00734	0.00728	0.00243	0.01134	0.00567	0.00328	0.01140
18	0.01774	0.33323	0.41343	0.01836	0.02777	0.02337	0.02213	0.02399	0.01611	0.02188	0.01259	0.01470	0.00988	0.00706	0.00635	0.00212	0.01012	0.00506	0.00329	0.01082
19	0.01138	0.00745	0.00841	0.00851	0.00866	0.00742	0.00490	0.01171	0.01183	0.01627	0.02559	0.08964	0.02901	0.63612	0.03536	0.00686	0.00707	0.01165	0.05718	0.00497
20	0.00938	0.00780	0.00820	0.00824	0.01064	0.00661	0.00613	0.01149	0.01797	0.02198	0.14149	0.11176	0.57264	0.01950	0.00921	0.00263	0.00393	0.01645	0.00735	0.00661
21	0.02454	0.01616	0.01819	0.01542	0.02042	0.01752	0.01225	0.09637	0.42839	0.21559	0.03010	0.02728	0.02146	0.01015	0.00785	0.00254	0.00648	0.00833	0.00835	0.01261
22	0.02073	0.73217	0.04063	0.01327	0.01990	0.03068	0.01327	0.02322	0.01575	0.01824	0.01078	0.01244	0.00995	0.00663	0.00498	0.00166	0.00829	0.00415	0.00332	0.00995
23	0.01095	0.00753	0.00854	0.00861	0.00899	0.00734	0.00511	0.01143	0.01271	0.01680	0.06833	0.09157	0.09406	0.57867	0.03313	0.00651	0.00678	0.01253	0.00530	0.00512
24	0.02835	0.01721	0.01954	0.01525	0.02072	0.01803	0.01250	0.38885	0.02982	0.21651	0.06194	0.02405	0.01905	0.00975	0.00763	0.00230	0.00725	0.00765	0.08133	0.01226
25	0.02750	0.02043	0.02249	0.05732	0.02499	0.02264	0.01468	0.57824	0.03437	0.04612	0.05781	0.02110	0.01663	0.00961	0.00784	0.00235	0.00834	0.00740	0.00755	0.01257
26	0.01219	0.00818	0.01061	0.00992	0.01198	0.00747	0.00747	0.01563	0.02145	0.06794	0.58006	0.08140	0.10410	0.01602	0.00910	0.00247	0.00387	0.01409	0.00847	0.00757
27	0.01097	0.00793	0.01036	0.00975	0.01158	0.00732	0.00732	0.01463	0.02195	0.03109	0.67505	0.05792	0.07316	0.01585	0.00914	0.00244	0.00366	0.01402	0.00854	0.00732
28	0.01127	0.00755	0.00862	0.00862	0.00867	0.00760	0.00490	0.01138	0.01132	0.01515	0.02429	0.04994	0.02784	0.70104	0.06546	0.00771	0.00804	0.01116	0.00468	0.00479
29	0.78228	0.01499	0.01140	0.01020	0.01499	0.01739	0.00840	0.02279	0.01320	0.03479	0.01080	0.01260	0.00840	0.00720	0.00480	0.00240	0.00600	0.00420	0.00480	0.00840
30	0.02905	0.03435	0.02219	0.01961	0.02398	0.58166	0.01494	0.13715	0.02444	0.02408	0.01312	0.01477	0.01053	0.00821	0.00712	0.00205	0.01305	0.00533	0.00464	0.00970
31	0.05904	0.01385	0.02257	0.66846	0.05118	0.01724	0.02077	0.01998	0.01537	0.02068	0.01361	0.02020	0.01022	0.00772	0.00758	0.00257	0.01009	0.00673	0.00352	0.00860
32	0.01507	0.01462	0.02591	0.62904	0.05188	0.01751	0.09585	0.02040	0.01583	0.02040	0.01401	0.02070	0.01050	0.00761	0.00792	0.00259	0.01066	0.00716	0.00350	0.00883
33	0.02696	0.01528	0.01829	0.01496	0.02027	0.01537	0.01225	0.15984	0.16517	0.30747	0.02847	0.03100	0.02110	0.01072	0.00799	0.00248	0.00689	0.07073	0.00831	0.05643
34	0.02849	0.01364	0.01725	0.01377	0.01891	0.01298	0.01117	0.10679	0.08835	0.43106	0.14070	0.03118	0.02826	0.01074	0.00803	0.00242	0.00627	0.00887	0.00902	0.01209
35	0.00961	0.00694	0.00914	0.01084	0.01149	0.00647	0.00744	0.01113	0.01519	0.02006	0.04471	0.64674	0.08707	0.02385	0.00990	0.00314	0.00462	0.05809	0.00719	0.00636
36	0.01838	0.09016	0.50229	0.02140	0.03108	0.13832	0.04465	0.02559	0.01737	0.02312	0.01340	0.01580	0.00992	0.00740	0.00718	0.00232	0.01172	0.00559	0.00342	0.01088
37	0.02794	0.01460	0.05484	0.01405	0.01957	0.01246	0.01206	0.05296	0.09620	0.44781	0.07133	0.03298	0.06129	0.01099	0.00806	0.00249	0.00657	0.03312	0.00868	0.01201
38	0.07665	0.01374	0.01741	0.01363	0.01914	0.01280	0.01118	0.10573	0.02328	0.50390	0.09503	0.02794	0.02346	0.01007	0.00775	0.00239	0.00648	0.00813	0.00898	0.01229
39	0.07453	0.09846	0.01875	0.01342	0.01790	0.01607	0.01092	0.10677	0.13642	0.19405	0.10603	0.06781	0.02632	0.04034	0.03533	0.00298	0.00701	0.00893	0.00732	0.01062
40	0.02530	0.01719	0.02023	0.01860	0.08245	0.01840	0.01360	0.24313	0.22170	0.16630	0.02555	0.04589	0.01892	0.00997	0.00778	0.00244	0.00718	0.00816	0.03480	0.01240
41	0.04343	0.01922	0.03793	0.02815	0.03416	0.01956	0.46370	0.02408	0.04768	0.02447	0.01685	0.02417	0.01383	0.00869	0.01158	0.00278	0.12183	0.04366	0.00424	0.00998
42	0.02092	0.02254	0.03066	0.11669	0.13817	0.17228	0.21081	0.07728	0.01969	0.02442	0.01534	0.04431	0.01274	0.00837	0.00910	0.00246	0.05211	0.00771	0.00427	0.01015
43	0.31366	0.37870	0.02749	0.01259	0.01823	0.02353	0.03556	0.02253	0.01529	0.02576	0.05636	0.01593	0.01374	0.00748	0.00535	0.00203	0.00727	0.00503	0.00427	0.00919
44	0.01630	0.01398	0.01618	0.01178	0.01850	0.01095	0.00940	0.02100	0.06043	0.02576	0.01500	0.01696	0.01232	0.00607	0.00589	0.00125	0.00577	0.00488	0.00482	0.72280
45	0.01723	0.01666	0.02613	0.25927	0.03467	0.02070	0.10292	0.05935	0.05331	0.02250	0.01390	0.01956	0.01141	0.01019	0.01508	0.00290	0.29366	0.00726	0.00400	0.00929
46	0.00955	0.00679	0.00897	0.01066	0.01109	0.00637	0.00706	0.01082	0.01464	0.01952	0.04170	0.68432	0.04997	0.06421	0.01157	0.00340	0.00467	0.02143	0.00706	0.00621
47	0.01829	0.01371	0.01630	0.01176	0.01854	0.01046	0.00945	0.02168	0.01680	0.10310	0.01577	0.01730	0.01239	0.00620	0.00598	0.00130	0.00584	0.00497	0.00518	0.68498
48	0.05083	0.01814	0.02136	0.02165	0.13694	0.02001	0.01480	0.20627	0.32335	0.06664	0.02419	0.02365	0.01800	0.00938	0.00770	0.00247	0.00736	0.00773	0.00711	0.01243
49	0.00978	0.00746	0.00902	0.00977	0.01130	0.00671	0.00705	0.01186	0.01723	0.02232	0.16278	0.34346	0.27647	0.02104	0.00955	0.00286	0.00430	0.05300	0.00742	0.00661
50	0.01696	0.05504	0.44040	0.02535	0.09557	0.04253	0.11927	0.02488	0.03562	0.02445	0.01555	0.02000	0.01199	0.00779	0.00771	0.00247	0.01117	0.02842	0.00372	0.01112
51	0.01918	0.37935	0.26424	0.01857	0.02698	0.02478	0.08387	0.05961	0.01740	0.02284	0.01281	0.01502	0.01027	0.00703	0.00639	0.00207	0.00989	0.00537	0.00362	0.01071
52	0.01066	0.00726	0.00864	0.00924	0.00939	0.00711	0.00554	0.01111	0.01247	0.01663	0.03056	0.27584	0.03593	0.49185	0.02956	0.00605	0.00651	0.01488	0.00554	0.00523
53	0.01751	0.01687	0.02879	0.27830	0.35961	0.01816	0.07422	0.02366	0.06119	0.02382	0.01555	0.02052	0.01233	0.00742	0.00784	0.00245	0.00972	0.00721	0.00398	0.01083
54	0.01347	0.00673	0.01010	0.01010	0.01010	0.00673	0.00673	0.01010	0.01010	0.01347	0.01347	0.02357	0.01347	0.02694	0.03030	0.77441	0.00673	0.00673	0.00337	0.00337
55	0.01464	0.01378	0.02326	0.70887	0.05340	0.01723	0.02153	0.01981	0.01550	0.01981	0.01378	0.02067	0.01034	0.00775	0.00775	0.00258	0.01034	0.00689	0.00345	0.00861
56	0.01097	0.00793	0.01036	0.00975	0.01158	0.00732	0.00732	0.01463	0.02195	0.03109	0.67505	0.05792	0.07316	0.01585	0.00914	0.00244	0.00366	0.01402	0.00854	0.00732
57	0.02073	0.73217	0.04063	0.01327	0.01990	0.03068	0.01327	0.02322	0.01575	0.01824	0.01078	0.01244	0.00995	0.00663	0.00498	0.00166	0.00829	0.00415	0.00332	0.00995
58	0.01097	0.00793	0.01036	0.00975	0.01158	0.00732	0.00732	0.01463	0.02195	0.03109	0.67505	0.05792	0.07316	0.01585	0.00914	0.00244	0.00366	0.01402	0.00854	0.00732
59	0.03425	0.01405	0.01853	0.01420	0.02022	0.01267	0.01173	0.09979	0.02363	0.62048	0.02938	0.02561	0.01859	0.00957	0.00779	0.00239	0.00679	0.00772	0.00941	0.01319
60	0.00916	0.00785	0.00785	0.00785	0.01047	0.00655	0.00589	0.01113	0.01767	0.02095	0.07855	0.07462	0.67599	0.01964	0.00916	0.00262	0.00393	0.01636	0.00720	0.00655
61	0.02947	0.02172	0.02327	0.01784	0.02404	0.02404	0.01474	0.65329	0.03646	0.04887	0.01862	0.01862	0.01319	0.00931	0.00776	0.00233	0.00853	0.00698	0.00776	0.01319
62	0.01929	0.01666	0.01753	0.01578	0.02016	0.01929	0.01227	0.04120	0.66513	0.03243	0.03156	0.02893	0.02367	0.01052	0.00789	0.00263	0.00614	0.00877	0.00789	0.01227
63	0.06289	0.02142	0.02274	0.01750	0.02364	0.02375	0.01446	0.62530	0.03542	0.04824	0.01827	0.01835	0.01297	0.00921	0.00763	0.00233	0.00842	0.00686	0.00763	0.01297
64	0.02978	0.02123	0.02297	0.01761	0.02380	0.02333	0.01455	0.61835	0.03565	0.08495	0.01930	0.01906	0.01353	0.00932	0.00776	0.00233	0.00842	0.00703	0.00786	0.01319
65	0.00943	0.00682	0.00892	0.01060	0.01119	0.00631	0.00711	0.01082	0.01504	0.01987	0.04518	0.67818	0.09397	0.02397	0.00985	0.00311	0.00446	0.02165	0.00720	0.00631
66	0.03048	0.01613	0.01939	0.01509	0.02080	0.01613	0.01238	0.26549	0.05291	0.37488	0.07262	0.02587	0.02102	0.00998	0.00788	0.00238	0.00709	0.00798	0.00877	0.01273
67	0.01481	0.01395	0.02355	0.68504	0.07596	0.01727	0.02161	0.01995	0.01558	0.02001	0.01381	0.02062	0.01041	0.00772	0.00775	0.00257	0.01030	0.00689	0.00346	0.00875
68	0.03479	0.01320	0.01799	0.01380	0.01979	0.01140	0.01140	0.03779	0.02219	0.68451	0.03059	0.02639	0.01919	0.00960	0.00780	0.00240	0.00660	0.00780	0.00960	0.01320
69	0.00945	0.00675	0.00900	0.01080	0.01125	0.00630	0.00720	0.01080	0.01484	0.01979	0.04274	0.72245	0.05128	0.02429	0.00990	0.00315	0.00450	0.02204	0.00720	0.00630
70	0.01813	0.02058	0.04469	0.06465	0.04113	0.01950	0.62122	0.02460	0.01817	0.02460	0.01560	0.02090	0.01170	0.00659	0.00908	0.00261	0.01294	0.00904	0.00390	0.01037
71	0.01671	0.01416	0.01642	0.01178	0.01864	0.01098	0.00945	0.04949	0.01704	0.02638	0.01401	0.01620	0.01156	0.00591	0.00584	0.00120	0.00587	0.00471	0.00474	0.73889
72	0.02889	0.02143	0.02294	0.01772	0.02382	0.02377	0.01459	0.61788	0.07282	0.04792	0.01936	0.01921	0.01379	0.00938	0.00776	0.00234	0.00839	0.00708	0.00776	0.01313
73	0.01032	0.00790	0.00946	0.00907	0.01118	0.00704	0.00680	0.01337	0.02041	0.02743	0.45991	0.06394	0.29059	0.01722	0.00915	0.00250	0.00376	0.01487	0.00805	0.00704
74	0.00945	0.00675	0.00900	0.01080	0.01125	0.00630	0.00720	0.01080	0.01484	0.01979	0.04274	0.72245	0.05128	0.02429	0.00990	0.00315	0.00450	0.02204	0.00720	0.00630
75	0.01321	0.00974	0.01302	0.01444	0.01649	0.01001	0.01247	0.01870	0.08573	0.02417	0.04006	0.08132	0.04243	0.02028	0.01041	0.00347	0.00703	0.56213	0.00722	0.00768
76	0.01806	0.02034	0.04323	0.05781	0.03950	0.01983	0.57910	0.02418	0.01771	0.02418	0.01520	0.02061	0.01159	0.00711	0.01032	0.00267	0.06557	0.00889	0.00386	0.01024
77	0.01154	0.00835	0.01122	0.01277	0.01431	0.00814	0.01055	0.01439	0.01700	0.02202	0.04429	0.20745	0.10514	0.04899	0.01151	0.00355	0.00634	0.42854	0.00706	0.00683
78	0.01913	0.01859	0.03245	0.04657	0.63550	0.01850	0.06665	0.02387	0.01770	0.02530	0.01466	0.01931	0.01225	0.00688	0.00778	0.00232	0.00948	0.00706	0.00384	0.01216
79	0.00945	0.00675	0.00900	0.01080	0.01125	0.00630	0.00720	0.01080	0.01484	0.01979	0.04274	0.72245	0.05128	0.02429	0.00990	0.00315	0.00450	0.02204	0.00720	0.00630
80	0.02910	0.02153	0.02306	0.01776	0.02390	0.02387	0.01465	0.63081	0.05954	0.04826	0.01909	0.01899	0.01357	0.00935	0.00776	0.00234	0.00844	0.00705	0.00776	0.01315
81	0.02073	0.73217	0.04063	0.01327	0.01990	0.03068	0.01327	0.02322	0.01575	0.01824	0.01078	0.01244	0.00995	0.00663	0.00498	0.00166	0.00829	0.00415	0.00332	0.00995
82	0.73024	0.06400	0.01339	0.01041	0.01533	0.01830	0.00873	0.02282	0.01337	0.03366	0.01080	0.01258	0.00850	0.00716	0.00481	0.00235	0.00615	0.00419	0.00470	0.00850
83	0.02383	0.02051	0.02283	0.06845	0.08950	0.08454	0.01586	0.30734	0.11257	0.03478	0.01809	0.02003	0.01390	0.01139	0.03631	0.00287	0.09259	0.00705	0.00608	0.01147
84	0.01496	0.00988	0.01194	0.05818	0.01498	0.01009	0.00811	0.04214	0.07622	0.08833	0.05448	0.12291	0.08304	0.34476	0.02287	0.00491	0.00674	0.01199	0.00616	0.00730
85	0.01721	0.01739	0.02755	0.02335	0.05292	0.02211	0.13480	0.02001	0.01350	0.02050	0.01198	0.01826	0.01094	0.01179	0.02085	0.00314	0.52443	0.00725	0.03305	0.00897
86	0.01645	0.01540	0.02748	0.40594	0.04313	0.01710	0.18925	0.05692	0.01754	0.02387	0.01590	0.02157	0.01199	0.00766	0.00786	0.00249	0.01020	0.00754	0.09251	0.00921
87	0.01128	0.00752	0.00846	0.00846	0.00846	0.00752	0.00470	0.01128	0.01128	0.01503	0.02443	0.05074	0.02819	0.72751	0.03946	0.00752	0.00752	0.01128	0.00470	0.00470
88	0.01555	0.04011	0.68733	0.02210	0.03356	0.01801	0.02865	0.02455	0.01637	0.02455	0.01391	0.01637	0.00982	0.00737	0.00737	0.00246	0.01146	0.00573	0.00327	0.01146
89	0.01079	0.00788	0.01014	0.00966	0.01150	0.00723	0.00721	0.01425	0.02139	0.02998	0.61107	0.08346	0.11355	0.01642	0.00917	0.00248	0.00371	0.01448	0.00839	0.00723
90	0.01766	0.01477	0.01738	0.05186	0.02107	0.01243	0.01058	0.09823	0.01858	0.02789	0.01438	0.01665	0.01163	0.00630	0.00611	0.00138	0.00635	0.00502	0.00492	0.63684
91	0.01119	0.00819	0.01065	0.01031	0.01228	0.00753	0.00792	0.01465	0.02077	0.02906	0.52598	0.09188	0.08989	0.01667	0.00924	0.00256	0.00418	0.08440	0.00812	0.03452
92	0.02891	0.02010	0.02202	0.01698	0.02292	0.02187	0.01399	0.55738	0.03425	0.10867	0.05779	0.02164	0.01723	0.00971	0.00784	0.00234	0.00806	0.00747	0.00798	0.01285
93	0.01893	0.01816	0.03101	0.08513	0.64362	0.01835	0.02367	0.02357	0.01753	0.02502	0.01454	0.01927	0.01217	0.00696	0.00768	0.00232	0.00928	0.00691	0.00382	0.01207
94	0.01128	0.00752	0.00846	0.00846	0.00846	0.00752	0.00470	0.01128	0.01128	0.01503	0.02443	0.05074	0.02819	0.72751	0.03946	0.00752	0.00752	0.01128	0.00470	0.00470
95	0.01821	0.02064	0.04421	0.03182	0.03911	0.01990	0.60659	0.02440	0.01785	0.02440	0.01530	0.02064	0.01165	0.00703	0.01029	0.00267	0.06210	0.00898	0.00388	0.01032
96	0.01624	0.13175	0.60170	0.02093	0.03175	0.01969	0.02661	0.02438	0.01629	0.02372	0.01350	0.01585	0.00984	0.00727	0.00705	0.00235	0.01104	0.00552	0.00328	0.01126
97	0.00945	0.00675	0.00900	0.01080	0.01125	0.00630	0.00720	0.01080	0.01484	0.01979	0.04274	0.72245	0.05128	0.02429	0.00990	0.00315	0.00450	0.02204	0.00720	0.00630
98	0.01464	0.01378	0.02326	0.70887	0.05340	0.01723	0.02153	0.01981	0.01550	0.01981	0.01378	0.02067	0.01034	0.00775	0.00775	0.00258	0.01034	0.00689	0.00345	0.00861
99	0.01108	0.00831	0.01246	0.01246	0.01385	0.00969	0.00969	0.01385	0.01246	0.01800	0.02077	0.03046	0.01938	0.05815	0.69678	0.01246	0.02077	0.00831	0.00415	0.00692
100	0.02896	0.03695	0.02197	0.01998	0.02397	0.69638	0.01498	0.03096	0.02197	0.01898	0.01199	0.01398	0.00999	0.00799	0.00699	0.00200	0.01398	0.00499	0.00400	0.00899
101	0.01141	0.00837	0.01077	0.01018	0.01213	0.00793	0.00771	0.01593	0.05223	0.03091	0.62471	0.05747	0.06992	0.01577	0.00913	0.00248	0.00388	0.03302	0.00846	0.00754
102	0.03416	0.01420	0.01862	0.01427	0.02030	0.01289	0.01179	0.11045	0.02388	0.60946	0.02918	0.02547	0.01848	0.00956	0.00779	0.00239	0.00683	0.00770	0.00938	0.01319
103	0.00945	0.00675	0.00900	0.01080	0.01125	0.00630	0.00720	0.01080	0.01484	0.01979	0.04274	0.72245	0.05128	0.02429	0.00990	0.00315	0.00450	0.02204	0.00720	0.00630
104	0.00916	0.00785	0.00785	0.00785	0.01047	0.00655	0.00589	0.01113	0.01767	0.02095	0.07855	0.07462	0.67599	0.01964	0.00916	0.00262	0.00393	0.01636	0.00720	0.00655
105	0.00945	0.00675	0.00900	0.01080	0.01125	0.00630	0.00720	0.01080	0.01484	0.01979	0.04274	0.72245	0.05128	0.02429	0.00990	0.00315	0.00450	0.02204	0.00720	0.00630
106	0.01919	0.01842	0.03147	0.04759	0.67914	0.01842	0.02380	0.02380	0.01765	0.02533	0.01458	0.01919	0.01228	0.00691	0.00768	0.00230	0.00921	0.00691	0.00384	0.01228
107	0.01555	0.04011	0.68733	0.02210	0.03356	0.01801	0.02865	0.02455	0.01637	0.02455	0.01391	0.01637	0.00982	0.00737	0.00737	0.00246	0.01146	0.00573	0.00327	0.01146
108	0.01249	0.00892	0.01249	0.01428	0.01606	0.00892	0.01249	0.01606	0.01785	0.02320	0.04105	0.08746	0.04462	0.02142	0.01071	0.00357	0.00714	0.62695	0.00714	0.00714
109	0.02896	0.03695	0.02197	0.01998	0.02397	0.69638	0.01498	0.03096	0.02197	0.01898	0.01199	0.01398	0.00999	0.00799	0.00699	0.00200	0.01398	0.00499	0.00400	0.00899
110	0.02073	0.73217	0.04063	0.01327	0.01990	0.03068	0.01327	0.02322	0.01575	0.01824	0.01078	0.01244	0.00995	0.00663	0.00498	0.00166	0.00829	0.00415	0.00332	0.00995
111	0.00947	0.00692	0.00892	0.01041	0.01117	0.00637	0.00705	0.01099	0.01546	0.02038	0.07197	0.61968	0.12590	0.02341	0.00978	0.00306	0.00440	0.02105	0.00725	0.00637
112	0.01555	0.04011	0.68733	0.02210	0.03356	0.01801	0.02865	0.02455	0.01637	0.02455	0.01391	0.01637	0.00982	0.00737	0.00737	0.00246	0.01146	0.00573	0.00327	0.01146
113	0.01919	0.01842	0.03147	0.04759	0.67914	0.01842	0.02380	0.02380	0.01765	0.02533	0.01458	0.01919	0.01228	0.00691	0.00768	0.00230	0.00921	0.00691	0.00384	0.01228
114	0.01491	0.01396	0.02346	0.58578	0.12924	0.01674	0.02099	0.01979	0.01573	0.02050	0.01556	0.06108	0.01295	0.00860	0.00787	0.00258	0.00986	0.00777	0.00371	0.00894
115	0.02942	0.02344	0.02312	0.01808	0.02404	0.09983	0.01476	0.58314	0.03482	0.04550	0.01787	0.01809	0.01283	0.00916	0.00767	0.00229	0.00915	0.00676	0.00733	0.01271
116	0.00944	0.00787	0.00824	0.00815	0.01064	0.00666	0.00611	0.01166	0.01833	0.02250	0.16988	0.07206	0.58369	0.01906	0.00916	0.00259	0.00389	0.01601	0.00740	0.00666
117	0.00945	0.00675	0.00900	0.01080	0.01125	0.00630	0.00720	0.01080	0.01484	0.01979	0.04274	0.72245	0.05128	0.02429	0.00990	0.00315	0.00450	0.02204	0.00720	0.00630
118	0.01890	0.01861	0.03319	0.06902	0.56698	0.01855	0.11200	0.02380	0.01767	0.02507	0.01471	0.01949	0.01214	0.00689	0.00789	0.00236	0.00979	0.00722	0.00384	0.01189
119	0.00916	0.00785	0.00785	0.00785	0.01047	0.00655	0.00589	0.01113	0.01767	0.02095	0.07855	0.07462	0.67599	0.01964	0.00916	0.00262	0.00393	0.01636	0.00720	0.00655
120	0.01830	0.02092	0.04575	0.03268	0.04052	0.01961	0.65098	0.02484	0.01830	0.02484	0.01569	0.02092	0.01176	0.00654	0.00915	0.00261	0.01307	0.00915	0.00392	0.01046
121	0.04855	0.64176	0.03795	0.01366	0.02011	0.05342	0.01324	0.05924	0.01706	0.02059	0.01127	0.01285	0.01008	0.00685	0.00520	0.00173	0.00843	0.00434	0.00365	0.01004

[dist]
# distance from previous block
# <min> <max>
0	4

# created by:
# /st0/software/busco_prod/Augustus/scripts/msa2prfl.pl ./align_prep/114093.fa
