[name]
unknown

[dist]
# distance from previous block
# <min> <max>
0	35

[block]
# block no. 0 follows, 26 sequences, length 7
# corresponding to MSA columns:
# 37-43
name=unknown_A
#
# <colnr> <probs for GDERKNQSTAVLIFYWHMCP>
#	G	D	E	R	K	N	Q	S	T	A	V	L	I	F	Y	W	H	M	C	P
0	0.08899	0.01944	0.01705	0.01471	0.01876	0.16883	0.01150	0.20727	0.08316	0.07233	0.02045	0.07260	0.01684	0.01157	0.02534	0.02653	0.00836	0.00752	0.09890	0.00985
1	0.01598	0.01236	0.02015	0.53211	0.04229	0.01464	0.01781	0.01981	0.01533	0.08981	0.01695	0.06510	0.01380	0.01051	0.00976	0.07429	0.00904	0.00774	0.00423	0.00828
2	0.18100	0.02197	0.01919	0.06781	0.02306	0.17849	0.01322	0.27963	0.05782	0.03451	0.01570	0.01702	0.01179	0.00832	0.00674	0.00223	0.00890	0.00592	0.03629	0.01038
3	0.09351	0.00854	0.01011	0.00961	0.01179	0.00820	0.00724	0.01554	0.01938	0.05445	0.45465	0.11659	0.10405	0.01521	0.00839	0.00244	0.00403	0.01316	0.03577	0.00733
4	0.01540	0.01336	0.02148	0.52734	0.09296	0.01595	0.01882	0.05616	0.01607	0.02127	0.01428	0.02061	0.01111	0.00940	0.00952	0.07421	0.00931	0.00675	0.03759	0.00843
5	0.01188	0.01009	0.01660	0.01473	0.01718	0.00959	0.13269	0.01575	0.04362	0.02424	0.22585	0.33457	0.04769	0.01731	0.00928	0.00277	0.00596	0.04585	0.00684	0.00751
6	0.01094	0.01132	0.08409	0.01334	0.01550	0.00866	0.05786	0.01345	0.01478	0.01998	0.03481	0.47875	0.04008	0.09669	0.01253	0.00346	0.00626	0.06447	0.00613	0.00689

[dist]
# distance from previous block
# <min> <max>
5	28

[block]
# block no. 1 follows, 26 sequences, length 7
# corresponding to MSA columns:
# 72-78
name=unknown_B
#
# <colnr> <probs for GDERKNQSTAVLIFYWHMCP>
#	G	D	E	R	K	N	Q	S	T	A	V	L	I	F	Y	W	H	M	C	P
0	0.07201	0.01215	0.01517	0.01233	0.01689	0.01139	0.00995	0.07278	0.04382	0.38322	0.19471	0.03472	0.06497	0.01130	0.00785	0.00237	0.00568	0.00935	0.00854	0.01081
1	0.01456	0.01348	0.02309	0.61121	0.04795	0.01625	0.06518	0.01960	0.01542	0.02043	0.01450	0.02087	0.01094	0.00760	0.00750	0.00247	0.00979	0.00692	0.06381	0.00845
2	0.01796	0.01204	0.01431	0.04423	0.08326	0.01273	0.01028	0.18232	0.02095	0.03178	0.02298	0.08407	0.01924	0.00991	0.00658	0.00209	0.00568	0.00820	0.40234	0.00904
3	0.01292	0.00936	0.01232	0.03203	0.01530	0.00973	0.01014	0.06966	0.04603	0.02350	0.07351	0.25775	0.03848	0.02359	0.08110	0.05240	0.00748	0.21088	0.00654	0.00726
4	0.02647	0.02136	0.02181	0.01745	0.02270	0.07669	0.01419	0.47332	0.13347	0.04113	0.01918	0.01934	0.01409	0.00945	0.00862	0.00236	0.05224	0.00694	0.00705	0.01215
5	0.01649	0.01819	0.03785	0.07113	0.03593	0.01754	0.51034	0.02202	0.01729	0.02322	0.02140	0.05524	0.07026	0.00857	0.00951	0.00261	0.03879	0.00987	0.00420	0.00954
6	0.03052	0.01422	0.01793	0.01409	0.01962	0.01357	0.01152	0.12323	0.09770	0.49666	0.05798	0.02644	0.02085	0.00973	0.00769	0.00236	0.00654	0.00790	0.00890	0.01254

[dist]
# distance from previous block
# <min> <max>
4	8

[block]
# block no. 2 follows, 26 sequences, length 63
# corresponding to MSA columns:
# 87-149
name=unknown_C
#
# <colnr> <probs for GDERKNQSTAVLIFYWHMCP>
#	G	D	E	R	K	N	Q	S	T	A	V	L	I	F	Y	W	H	M	C	P
0	0.01828	0.05045	0.14278	0.01557	0.02095	0.01586	0.05411	0.15287	0.11559	0.05118	0.07159	0.08149	0.05117	0.01066	0.00751	0.00235	0.00724	0.00897	0.11122	0.01014
1	0.05050	0.06904	0.04257	0.04267	0.01771	0.01206	0.01036	0.05294	0.01935	0.17122	0.18674	0.07896	0.10641	0.01196	0.00764	0.00224	0.00579	0.00999	0.00690	0.09493
2	0.02307	0.20389	0.15257	0.01770	0.02366	0.32781	0.01639	0.07133	0.02000	0.02209	0.04563	0.01622	0.01303	0.00785	0.00659	0.00200	0.01098	0.00540	0.00410	0.00969
3	0.04910	0.23545	0.33848	0.01830	0.02614	0.02135	0.04879	0.02257	0.01547	0.02225	0.03058	0.01611	0.01145	0.00778	0.00839	0.00224	0.08517	0.00555	0.00349	0.03133
4	0.02702	0.09732	0.02261	0.01844	0.02253	0.59048	0.01417	0.02908	0.02055	0.03936	0.01256	0.01463	0.01045	0.00990	0.03729	0.00239	0.01325	0.00504	0.00403	0.00892
5	0.01544	0.06994	0.66537	0.02124	0.03224	0.01816	0.02736	0.02396	0.01599	0.02375	0.01348	0.01585	0.00961	0.00717	0.00710	0.00237	0.01107	0.00554	0.00320	0.01115
6	0.02710	0.18453	0.06536	0.01412	0.02018	0.01736	0.01278	0.11753	0.02180	0.35137	0.07380	0.02338	0.01941	0.00901	0.00705	0.00217	0.00718	0.00703	0.00724	0.01161
7	0.01028	0.00774	0.00951	0.00907	0.01105	0.00696	0.00680	0.01344	0.02040	0.02788	0.52753	0.06083	0.22774	0.01645	0.00895	0.00243	0.00365	0.01430	0.00802	0.00696
8	0.02808	0.02854	0.02253	0.01995	0.05647	0.36311	0.01498	0.31369	0.02766	0.03203	0.01477	0.01597	0.01129	0.00834	0.00721	0.00211	0.01105	0.00585	0.00556	0.01080
9	0.01653	0.01858	0.11653	0.02262	0.19111	0.01359	0.04442	0.02109	0.01626	0.02462	0.01378	0.01676	0.01122	0.00617	0.00647	0.00166	0.00759	0.00543	0.00409	0.44149
10	0.01941	0.01867	0.09054	0.01841	0.07326	0.01819	0.01455	0.03703	0.51077	0.07119	0.02767	0.02609	0.02056	0.00963	0.00764	0.00252	0.00682	0.00806	0.00703	0.01198
11	0.01103	0.00735	0.00827	0.00827	0.00827	0.00735	0.00460	0.01103	0.01103	0.01471	0.02390	0.04964	0.02758	0.73343	0.03861	0.00735	0.00735	0.01103	0.00460	0.00460
12	0.01132	0.01110	0.07414	0.01242	0.04681	0.00854	0.00977	0.01515	0.01999	0.02807	0.49949	0.09445	0.10939	0.01511	0.00876	0.00244	0.00463	0.01329	0.00746	0.00765
13	0.02833	0.03615	0.02149	0.01954	0.02345	0.70298	0.01466	0.03029	0.02149	0.01856	0.01172	0.01368	0.00977	0.00782	0.00684	0.00195	0.01368	0.00489	0.00391	0.00879
14	0.01432	0.01348	0.02275	0.71520	0.05224	0.01685	0.02107	0.01938	0.01517	0.01938	0.01348	0.02022	0.01011	0.00758	0.00758	0.00253	0.01011	0.00674	0.00337	0.00843
15	0.02833	0.03615	0.02149	0.01954	0.02345	0.70298	0.01466	0.03029	0.02149	0.01856	0.01172	0.01368	0.00977	0.00782	0.00684	0.00195	0.01368	0.00489	0.00391	0.00879
16	0.01573	0.01348	0.01573	0.01123	0.01798	0.01011	0.00899	0.01910	0.01573	0.02472	0.01348	0.01573	0.01123	0.00562	0.00562	0.00112	0.00562	0.00449	0.00449	0.77980
17	0.01432	0.01348	0.02275	0.71520	0.05224	0.01685	0.02107	0.01938	0.01517	0.01938	0.01348	0.02022	0.01011	0.00758	0.00758	0.00253	0.01011	0.00674	0.00337	0.00843
18	0.02839	0.03449	0.02164	0.01931	0.02346	0.62710	0.01463	0.10070	0.02308	0.02183	0.01245	0.01418	0.01012	0.00796	0.00692	0.00199	0.01308	0.00510	0.00432	0.00925
19	0.00924	0.00660	0.00880	0.01056	0.01100	0.00616	0.00704	0.01056	0.01452	0.01936	0.04181	0.72848	0.05017	0.02376	0.00968	0.00308	0.00440	0.02156	0.00704	0.00616
20	0.01521	0.03923	0.69413	0.02162	0.03283	0.01762	0.02802	0.02402	0.01601	0.02402	0.01361	0.01601	0.00961	0.00721	0.00721	0.00240	0.01121	0.00560	0.00320	0.01121
21	0.01684	0.01863	0.03975	0.06359	0.03708	0.01769	0.55614	0.02258	0.01729	0.02338	0.01758	0.07674	0.01495	0.02971	0.00983	0.00274	0.01183	0.00989	0.00409	0.00965
22	0.01181	0.00844	0.01175	0.01350	0.01507	0.00838	0.01151	0.01501	0.01706	0.02224	0.04039	0.17363	0.04455	0.02134	0.01037	0.00344	0.00663	0.55102	0.00699	0.00687
23	0.06551	0.01298	0.01733	0.01335	0.01917	0.01139	0.01103	0.03635	0.02134	0.66389	0.02911	0.02525	0.01833	0.00929	0.00751	0.00235	0.00643	0.00748	0.00919	0.01271
24	0.00921	0.00672	0.00868	0.01025	0.01092	0.00619	0.00690	0.01060	0.01482	0.01948	0.04554	0.65853	0.11770	0.02328	0.00960	0.00303	0.00434	0.02097	0.00704	0.00619
25	0.03371	0.01342	0.01792	0.01374	0.01962	0.01191	0.01135	0.07558	0.02257	0.65154	0.02920	0.02535	0.01841	0.00937	0.00763	0.00234	0.00657	0.00758	0.00928	0.01291
26	0.01105	0.00817	0.01106	0.05410	0.01417	0.00786	0.00834	0.01472	0.02083	0.02925	0.60042	0.05616	0.06598	0.01535	0.00896	0.00246	0.00420	0.05174	0.00795	0.00723
27	0.01877	0.01802	0.03079	0.04656	0.68612	0.01802	0.02328	0.02328	0.01727	0.02478	0.01427	0.01877	0.01201	0.00676	0.00751	0.00225	0.00901	0.00676	0.00375	0.01201
28	0.02028	0.73799	0.03975	0.01298	0.01947	0.03001	0.01298	0.02271	0.01541	0.01785	0.01055	0.01217	0.00973	0.00649	0.00487	0.00162	0.00811	0.00406	0.00324	0.00973
29	0.01432	0.01348	0.02275	0.71520	0.05224	0.01685	0.02107	0.01938	0.01517	0.01938	0.01348	0.02022	0.01011	0.00758	0.00758	0.00253	0.01011	0.00674	0.00337	0.00843
30	0.78701	0.01467	0.01115	0.00997	0.01467	0.01702	0.00821	0.02230	0.01291	0.03403	0.01056	0.01232	0.00821	0.00704	0.00469	0.00235	0.00587	0.00411	0.00469	0.00821
31	0.01318	0.00659	0.00988	0.00988	0.00988	0.00659	0.00659	0.00988	0.00988	0.01318	0.01318	0.02306	0.01318	0.02635	0.02964	0.77931	0.00659	0.00659	0.00329	0.00329
32	0.05600	0.01845	0.06708	0.10884	0.34466	0.04363	0.01931	0.05469	0.01871	0.16920	0.01743	0.01977	0.01289	0.00761	0.00738	0.00231	0.00874	0.00668	0.00511	0.01150
33	0.01887	0.01629	0.01715	0.01544	0.01972	0.01887	0.01201	0.04031	0.67241	0.03173	0.03087	0.02830	0.02315	0.01029	0.00772	0.00257	0.00600	0.00858	0.00772	0.01201
34	0.01593	0.01304	0.01416	0.01267	0.01586	0.03613	0.00979	0.08880	0.25020	0.03192	0.34643	0.04196	0.06589	0.01290	0.00831	0.00243	0.00525	0.01101	0.00786	0.00946
35	0.01318	0.00659	0.00988	0.00988	0.00988	0.00659	0.00659	0.00988	0.00988	0.01318	0.01318	0.02306	0.01318	0.02635	0.02964	0.77931	0.00659	0.00659	0.00329	0.00329
36	0.01573	0.01348	0.01573	0.01123	0.01798	0.01011	0.00899	0.01910	0.01573	0.02472	0.01348	0.01573	0.01123	0.00562	0.00562	0.00112	0.00562	0.00449	0.00449	0.77980
37	0.02132	0.01814	0.02254	0.01948	0.05081	0.02228	0.01543	0.27340	0.04672	0.03084	0.01685	0.02000	0.03829	0.01145	0.01598	0.00280	0.35078	0.00716	0.00534	0.01035
38	0.01697	0.01770	0.02759	0.44077	0.11584	0.09068	0.13944	0.02189	0.01658	0.02080	0.01373	0.01941	0.01054	0.00730	0.00775	0.00244	0.01087	0.00696	0.00356	0.00919
39	0.01735	0.02785	0.32980	0.02707	0.10962	0.01842	0.21070	0.02397	0.01651	0.05150	0.01451	0.01811	0.01087	0.00762	0.00955	0.00252	0.08259	0.00691	0.00372	0.01079
40	0.01141	0.00831	0.01062	0.01036	0.01077	0.00924	0.00700	0.01235	0.01142	0.01586	0.02173	0.04109	0.02361	0.47396	0.23711	0.00849	0.06699	0.00981	0.00434	0.00554
41	0.01121	0.00829	0.01238	0.01227	0.01347	0.00971	0.00949	0.01342	0.01199	0.01728	0.01941	0.02883	0.01821	0.05304	0.62796	0.07194	0.04262	0.00796	0.00398	0.00655
42	0.01659	0.01659	0.02323	0.01991	0.01991	0.02323	0.01659	0.01825	0.01162	0.01825	0.00996	0.01659	0.00996	0.01328	0.02489	0.00332	0.71955	0.00664	0.00332	0.00830
43	0.01432	0.01348	0.02275	0.71520	0.05224	0.01685	0.02107	0.01938	0.01517	0.01938	0.01348	0.02022	0.01011	0.00758	0.00758	0.00253	0.01011	0.00674	0.00337	0.00843
44	0.00936	0.00669	0.00891	0.01048	0.01103	0.00624	0.00705	0.01086	0.01507	0.02023	0.09192	0.67590	0.05184	0.02312	0.00962	0.00303	0.00434	0.02095	0.00714	0.00624
45	0.01120	0.00941	0.04132	0.01117	0.01339	0.00809	0.00933	0.01485	0.01952	0.02707	0.43359	0.06062	0.08956	0.01913	0.05220	0.00326	0.00575	0.15582	0.00747	0.00724
46	0.01073	0.00728	0.00860	0.00889	0.00905	0.00729	0.00530	0.01111	0.01167	0.01565	0.02659	0.15879	0.03071	0.57556	0.07562	0.00696	0.00769	0.01256	0.00496	0.00499
47	0.02391	0.01871	0.02259	0.09631	0.07324	0.02051	0.03939	0.43648	0.05639	0.03902	0.02304	0.02385	0.07249	0.00961	0.00776	0.00235	0.00826	0.00778	0.00666	0.01163
48	0.01432	0.01348	0.02275	0.71520	0.05224	0.01685	0.02107	0.01938	0.01517	0.01938	0.01348	0.02022	0.01011	0.00758	0.00758	0.00253	0.01011	0.00674	0.00337	0.00843
49	0.02518	0.01943	0.02071	0.01671	0.02213	0.02182	0.01353	0.43342	0.26902	0.04191	0.02285	0.02191	0.01666	0.00954	0.00764	0.00238	0.00749	0.00747	0.00764	0.01257
50	0.01794	0.02035	0.04413	0.03262	0.06866	0.01913	0.63005	0.02425	0.01787	0.02432	0.01530	0.02038	0.01153	0.00641	0.00889	0.00254	0.01262	0.00885	0.00383	0.01031
51	0.01949	0.01988	0.02422	0.02414	0.13232	0.11608	0.01728	0.06874	0.01572	0.02160	0.01154	0.01668	0.01050	0.01112	0.01820	0.00287	0.45005	0.00643	0.00379	0.00933
52	0.01518	0.01451	0.02052	0.01802	0.01835	0.01985	0.01485	0.01710	0.01176	0.01810	0.01250	0.01984	0.01217	0.02400	0.19167	0.00550	0.54767	0.00700	0.00350	0.00792
53	0.01063	0.00807	0.00983	0.00933	0.01140	0.00744	0.00701	0.01452	0.04621	0.02809	0.51125	0.05945	0.21626	0.01619	0.00890	0.00244	0.00374	0.01406	0.00801	0.00717
54	0.02009	0.01690	0.01784	0.01568	0.02019	0.01944	0.01230	0.11620	0.59454	0.03370	0.02932	0.02707	0.02190	0.01015	0.00770	0.00254	0.00629	0.00836	0.00770	0.01212
55	0.03403	0.01291	0.01760	0.01350	0.01936	0.01115	0.01115	0.03697	0.02171	0.69137	0.02992	0.02582	0.01878	0.00939	0.00763	0.00235	0.00645	0.00763	0.00939	0.01291
56	0.01798	0.03136	0.43722	0.02361	0.03323	0.01781	0.19648	0.05366	0.01784	0.07580	0.01552	0.01806	0.01097	0.00724	0.00773	0.00243	0.01115	0.00672	0.00404	0.01115
57	0.01044	0.00774	0.00972	0.00923	0.01115	0.00703	0.00692	0.01374	0.02077	0.02874	0.58002	0.05941	0.17471	0.01613	0.00895	0.00242	0.00362	0.01410	0.00813	0.00703
58	0.01086	0.00743	0.00899	0.00913	0.00940	0.00763	0.00563	0.01143	0.01150	0.01557	0.02468	0.09935	0.02786	0.56118	0.15102	0.00785	0.00936	0.01135	0.00470	0.00509
59	0.02898	0.01923	0.02138	0.01634	0.02241	0.02041	0.01348	0.50595	0.03185	0.16516	0.02008	0.01946	0.01388	0.00894	0.00747	0.00222	0.00783	0.00683	0.00773	0.06037
60	0.08050	0.01610	0.01835	0.13591	0.02455	0.04027	0.01312	0.25658	0.02253	0.03234	0.01672	0.01985	0.01297	0.01307	0.07596	0.00315	0.03134	0.00643	0.08812	0.09213
61	0.08149	0.25808	0.02616	0.01500	0.02003	0.02388	0.01301	0.20213	0.13724	0.03020	0.01660	0.01763	0.01316	0.00872	0.00826	0.00221	0.08347	0.00599	0.02604	0.01067
62	0.02714	0.07640	0.02353	0.01662	0.02277	0.02298	0.01388	0.56095	0.03253	0.04367	0.01724	0.01755	0.01252	0.00863	0.00722	0.00214	0.00811	0.00643	0.00701	0.07268

[dist]
# distance from previous block
# <min> <max>
0	3

[block]
# block no. 3 follows, 26 sequences, length 82
# corresponding to MSA columns:
# 153-234
name=unknown_D
#
# <colnr> <probs for GDERKNQSTAVLIFYWHMCP>
#	G	D	E	R	K	N	Q	S	T	A	V	L	I	F	Y	W	H	M	C	P
0	0.01995	0.04377	0.01828	0.01344	0.01924	0.04067	0.01086	0.17189	0.08872	0.05186	0.06828	0.02086	0.01763	0.00791	0.00663	0.00173	0.00656	0.00627	0.00593	0.37952
1	0.01428	0.15695	0.04836	0.07823	0.01871	0.01446	0.01099	0.05181	0.05288	0.02601	0.29184	0.04155	0.14021	0.01255	0.00779	0.00228	0.00586	0.01049	0.00635	0.00841
2	0.01573	0.01348	0.01573	0.01123	0.01798	0.01011	0.00899	0.01910	0.01573	0.02472	0.01348	0.01573	0.01123	0.00562	0.00562	0.00112	0.00562	0.00449	0.00449	0.77980
3	0.01074	0.00775	0.01014	0.00954	0.01133	0.00716	0.00716	0.01431	0.02147	0.03042	0.68211	0.05666	0.07157	0.01551	0.00895	0.00239	0.00358	0.01372	0.00835	0.00716
4	0.00940	0.00688	0.00884	0.01009	0.01096	0.00632	0.00691	0.01109	0.01575	0.02093	0.12883	0.56490	0.12687	0.02216	0.00950	0.00293	0.00423	0.01990	0.00721	0.00632
5	0.02529	0.01948	0.02077	0.01673	0.02217	0.02187	0.01356	0.43998	0.26228	0.04208	0.02272	0.02180	0.01655	0.00953	0.00763	0.00238	0.00751	0.00745	0.00763	0.01258
6	0.01603	0.00762	0.00807	0.00768	0.00984	0.00746	0.00586	0.01951	0.01646	0.09127	0.02524	0.02804	0.01938	0.00889	0.00552	0.00182	0.00381	0.00712	0.70276	0.00762
7	0.02883	0.02125	0.02276	0.01745	0.02352	0.02352	0.01442	0.66082	0.03566	0.04780	0.01821	0.01821	0.01290	0.00911	0.00759	0.00228	0.00835	0.00683	0.00759	0.01290
8	0.01939	0.01655	0.01745	0.01554	0.01992	0.01911	0.01213	0.07304	0.63883	0.03258	0.03020	0.02777	0.02261	0.01023	0.00771	0.00256	0.00613	0.00848	0.00771	0.01205
9	0.01822	0.01809	0.03225	0.09371	0.41884	0.01828	0.17478	0.02477	0.07737	0.02487	0.01599	0.02017	0.01276	0.00706	0.00788	0.00238	0.00973	0.00745	0.00411	0.01130
10	0.01521	0.03923	0.69413	0.02162	0.03283	0.01762	0.02802	0.02402	0.01601	0.02402	0.01361	0.01601	0.00961	0.00721	0.00721	0.00240	0.01121	0.00560	0.00320	0.01121
11	0.01318	0.00659	0.00988	0.00988	0.00988	0.00659	0.00659	0.00988	0.00988	0.01318	0.01318	0.02306	0.01318	0.02635	0.02964	0.77931	0.00659	0.00659	0.00329	0.00329
12	0.03403	0.01291	0.01760	0.01350	0.01936	0.01115	0.01115	0.03697	0.02171	0.69137	0.02992	0.02582	0.01878	0.00939	0.00763	0.00235	0.00645	0.00763	0.00939	0.01291
13	0.00961	0.00698	0.00907	0.01009	0.01103	0.00644	0.00698	0.01156	0.01652	0.02231	0.21013	0.50728	0.10132	0.02130	0.00944	0.00286	0.00415	0.01913	0.00738	0.00644
14	0.01877	0.01802	0.03079	0.04656	0.68612	0.01802	0.02328	0.02328	0.01727	0.02478	0.01427	0.01877	0.01201	0.00676	0.00751	0.00225	0.00901	0.00676	0.00375	0.01201
15	0.01660	0.01580	0.02686	0.37338	0.37629	0.01745	0.02220	0.02137	0.01624	0.02214	0.01388	0.01948	0.01108	0.00716	0.00755	0.00239	0.00955	0.00675	0.00357	0.01026
16	0.01576	0.05679	0.54750	0.02219	0.03185	0.01868	0.08741	0.02346	0.01576	0.02331	0.01334	0.01638	0.00983	0.00768	0.00898	0.00248	0.07856	0.00598	0.00328	0.01079
17	0.00924	0.00660	0.00880	0.01056	0.01100	0.00616	0.00704	0.01056	0.01452	0.01936	0.04181	0.72848	0.05017	0.02376	0.00968	0.00308	0.00440	0.02156	0.00704	0.00616
18	0.19769	0.01562	0.01727	0.01375	0.01889	0.01636	0.01126	0.17301	0.04231	0.17142	0.01786	0.01856	0.01304	0.00987	0.02903	0.00249	0.06552	0.00603	0.00628	0.15374
19	0.02759	0.02051	0.02210	0.01686	0.02300	0.02225	0.01390	0.59986	0.03377	0.04561	0.01776	0.01797	0.01274	0.00877	0.00740	0.00217	0.00809	0.00661	0.00729	0.08575
20	0.01848	0.01585	0.01686	0.01535	0.01949	0.01828	0.01202	0.03887	0.63425	0.03120	0.03141	0.03164	0.02435	0.01091	0.00788	0.00263	0.00606	0.04508	0.00768	0.01171
21	0.01971	0.02016	0.02049	0.29806	0.06037	0.21736	0.01633	0.06166	0.04143	0.02262	0.01523	0.01932	0.01193	0.00819	0.00773	0.00227	0.03722	0.00631	0.10472	0.00889
22	0.09411	0.01367	0.01410	0.01173	0.01563	0.01475	0.00943	0.27685	0.02374	0.05866	0.02095	0.02264	0.01573	0.00879	0.00624	0.00205	0.00578	0.00671	0.36872	0.00971
23	0.01074	0.00775	0.01014	0.00954	0.01133	0.00716	0.00716	0.01431	0.02147	0.03042	0.68211	0.05666	0.07157	0.01551	0.00895	0.00239	0.00358	0.01372	0.00835	0.00716
24	0.03149	0.01443	0.01829	0.01413	0.01980	0.01363	0.01163	0.17301	0.02477	0.50990	0.06655	0.02600	0.02065	0.00969	0.00770	0.00233	0.00670	0.00782	0.00893	0.01256
25	0.03403	0.01291	0.01760	0.01350	0.01936	0.01115	0.01115	0.03697	0.02171	0.69137	0.02992	0.02582	0.01878	0.00939	0.00763	0.00235	0.00645	0.00763	0.00939	0.01291
26	0.01665	0.00950	0.00976	0.00885	0.01135	0.00989	0.00686	0.12774	0.01929	0.03162	0.02363	0.02656	0.01832	0.00888	0.00569	0.00185	0.00436	0.00703	0.64411	0.00807
27	0.01737	0.02085	0.10101	0.17019	0.04089	0.01874	0.44110	0.05005	0.01791	0.02425	0.01492	0.01989	0.01110	0.00683	0.00845	0.00252	0.01190	0.00809	0.00384	0.01007
28	0.03349	0.01512	0.01797	0.01407	0.01975	0.07687	0.01148	0.03633	0.02169	0.62746	0.02820	0.02466	0.01792	0.00924	0.00755	0.00231	0.00714	0.00737	0.00887	0.01252
29	0.01057	0.00775	0.00991	0.00937	0.01123	0.00709	0.00702	0.01399	0.02107	0.02947	0.62462	0.05821	0.12966	0.01586	0.00895	0.00240	0.00360	0.01394	0.00823	0.00709
30	0.78701	0.01467	0.01115	0.00997	0.01467	0.01702	0.00821	0.02230	0.01291	0.03403	0.01056	0.01232	0.00821	0.00704	0.00469	0.00235	0.00587	0.00411	0.00469	0.00821
31	0.01564	0.10789	0.56376	0.08663	0.03331	0.01880	0.02583	0.02345	0.01587	0.02295	0.01329	0.01602	0.00967	0.00717	0.00700	0.00233	0.01079	0.00556	0.00322	0.01080
32	0.01074	0.00775	0.01014	0.00954	0.01133	0.00716	0.00716	0.01431	0.02147	0.03042	0.68211	0.05666	0.07157	0.01551	0.00895	0.00239	0.00358	0.01372	0.00835	0.00716
33	0.00924	0.00660	0.00880	0.01056	0.01100	0.00616	0.00704	0.01056	0.01452	0.01936	0.04181	0.72848	0.05017	0.02376	0.00968	0.00308	0.00440	0.02156	0.00704	0.00616
34	0.03403	0.01291	0.01760	0.01350	0.01936	0.01115	0.01115	0.03697	0.02171	0.69137	0.02992	0.02582	0.01878	0.00939	0.00763	0.00235	0.00645	0.00763	0.00939	0.01291
35	0.01794	0.01834	0.03598	0.05013	0.03311	0.01912	0.42323	0.02276	0.01636	0.05668	0.01584	0.04922	0.01307	0.00896	0.01268	0.00275	0.18125	0.00878	0.00411	0.00968
36	0.01432	0.01348	0.02275	0.71520	0.05224	0.01685	0.02107	0.01938	0.01517	0.01938	0.01348	0.02022	0.01011	0.00758	0.00758	0.00253	0.01011	0.00674	0.00337	0.00843
37	0.01414	0.00707	0.00707	0.00707	0.00884	0.00707	0.00530	0.01767	0.01591	0.02828	0.02474	0.02828	0.01944	0.00884	0.00530	0.00177	0.00353	0.00707	0.77554	0.00707
38	0.01470	0.01383	0.02454	0.21696	0.06702	0.01501	0.18101	0.01890	0.01588	0.02218	0.04919	0.13928	0.02082	0.01095	0.00985	0.00261	0.07973	0.01009	0.07895	0.00851
39	0.06165	0.02757	0.30026	0.02658	0.03549	0.01843	0.37068	0.02407	0.01686	0.02475	0.01438	0.01822	0.01056	0.00675	0.00801	0.00248	0.01176	0.00734	0.00364	0.01050
40	0.03403	0.01291	0.01760	0.01350	0.01936	0.01115	0.01115	0.03697	0.02171	0.69137	0.02992	0.02582	0.01878	0.00939	0.00763	0.00235	0.00645	0.00763	0.00939	0.01291
41	0.78701	0.01467	0.01115	0.00997	0.01467	0.01702	0.00821	0.02230	0.01291	0.03403	0.01056	0.01232	0.00821	0.00704	0.00469	0.00235	0.00587	0.00411	0.00469	0.00821
42	0.00909	0.00761	0.00777	0.00787	0.01018	0.00644	0.00577	0.01088	0.01682	0.02013	0.07228	0.10637	0.61605	0.05606	0.01052	0.00283	0.00405	0.01605	0.00692	0.00630
43	0.01801	0.01620	0.01867	0.08260	0.02339	0.04180	0.04585	0.03485	0.49945	0.02879	0.02860	0.06524	0.02288	0.01077	0.00792	0.00260	0.00696	0.02749	0.00691	0.01100
44	0.01462	0.01389	0.02281	0.62310	0.04796	0.01770	0.02047	0.01923	0.01470	0.01923	0.01301	0.01974	0.01009	0.00834	0.00988	0.00263	0.10408	0.00673	0.00336	0.00841
45	0.01333	0.00854	0.01157	0.01263	0.01452	0.00817	0.01039	0.01613	0.01715	0.08525	0.04241	0.23200	0.09215	0.02039	0.00990	0.00321	0.00608	0.38164	0.00723	0.00731
46	0.01314	0.00930	0.01168	0.01077	0.01311	0.00923	0.00821	0.01927	0.11711	0.06375	0.51390	0.04932	0.05864	0.01683	0.04916	0.00298	0.00506	0.01232	0.00806	0.00815
47	0.01088	0.00794	0.01124	0.01124	0.01226	0.00896	0.00829	0.01293	0.01191	0.01690	0.02119	0.03463	0.02106	0.22165	0.54148	0.01101	0.01716	0.00883	0.00419	0.00624
48	0.01472	0.01392	0.02332	0.64039	0.09443	0.01720	0.02103	0.01960	0.01516	0.01970	0.01339	0.01997	0.01024	0.00776	0.00830	0.00254	0.03952	0.00674	0.00339	0.00867
49	0.02128	0.04617	0.33269	0.01728	0.02483	0.01511	0.01901	0.02691	0.01817	0.24709	0.08826	0.02344	0.01914	0.00918	0.00865	0.00242	0.05629	0.00715	0.00581	0.01112
50	0.00952	0.00771	0.00846	0.00827	0.01059	0.00664	0.00620	0.01197	0.01861	0.02362	0.26764	0.06785	0.49029	0.01804	0.00896	0.00251	0.00376	0.01529	0.00746	0.00664
51	0.01573	0.01348	0.01573	0.01123	0.01798	0.01011	0.00899	0.01910	0.01573	0.02472	0.01348	0.01573	0.01123	0.00562	0.00562	0.00112	0.00562	0.00449	0.00449	0.77980
52	0.01318	0.00659	0.00988	0.00988	0.00988	0.00659	0.00659	0.00988	0.00988	0.01318	0.01318	0.02306	0.01318	0.02635	0.02964	0.77931	0.00659	0.00659	0.00329	0.00329
53	0.01995	0.01744	0.08336	0.01790	0.04970	0.01636	0.05718	0.05717	0.33461	0.12228	0.02818	0.06173	0.02263	0.01096	0.00806	0.00260	0.00725	0.06438	0.00700	0.01127
54	0.01093	0.00775	0.01028	0.01028	0.01097	0.00844	0.00710	0.01232	0.01162	0.01619	0.02206	0.03948	0.02317	0.38699	0.37902	0.00983	0.01399	0.00954	0.00432	0.00571
55	0.01432	0.01348	0.02275	0.71520	0.05224	0.01685	0.02107	0.01938	0.01517	0.01938	0.01348	0.02022	0.01011	0.00758	0.00758	0.00253	0.01011	0.00674	0.00337	0.00843
56	0.02811	0.02089	0.02236	0.01731	0.02325	0.02318	0.01424	0.61583	0.08183	0.04664	0.01913	0.01894	0.01364	0.00919	0.00760	0.00230	0.00818	0.00696	0.00760	0.01283
57	0.01868	0.37389	0.23077	0.02016	0.06499	0.04750	0.10209	0.02360	0.01623	0.02092	0.01233	0.01481	0.01006	0.00675	0.00631	0.00202	0.00987	0.00533	0.00336	0.01033
58	0.09907	0.01676	0.01931	0.01493	0.02079	0.01716	0.01234	0.31224	0.02711	0.34726	0.02300	0.02124	0.01523	0.00905	0.00735	0.00232	0.00724	0.00696	0.00817	0.01248
59	0.01239	0.01060	0.01112	0.01042	0.01248	0.07693	0.00782	0.01569	0.02120	0.02858	0.57524	0.05341	0.10537	0.01498	0.00874	0.00235	0.00461	0.01298	0.00782	0.00727
60	0.01774	0.01968	0.04186	0.03269	0.10582	0.01860	0.56371	0.02381	0.01782	0.02428	0.01634	0.02318	0.01299	0.00708	0.00887	0.00257	0.01214	0.03660	0.00397	0.01027
61	0.02493	0.01641	0.02082	0.02118	0.15255	0.01707	0.01425	0.20277	0.15263	0.20384	0.02403	0.04788	0.01784	0.00946	0.00759	0.00236	0.00720	0.00790	0.03723	0.01208
62	0.01103	0.00735	0.00827	0.00827	0.00827	0.00735	0.00460	0.01103	0.01103	0.01471	0.02390	0.04964	0.02758	0.73343	0.03861	0.00735	0.00735	0.01103	0.00460	0.00460
63	0.01403	0.01172	0.01946	0.53482	0.04141	0.01423	0.01736	0.01695	0.01382	0.01779	0.01340	0.02095	0.01089	0.01238	0.01323	0.20118	0.00921	0.00670	0.00335	0.00711
64	0.02211	0.08422	0.02114	0.05898	0.09721	0.03717	0.01372	0.07191	0.23027	0.16965	0.05928	0.02803	0.02147	0.00985	0.00757	0.00240	0.00718	0.03980	0.00682	0.01123
65	0.05905	0.01329	0.01759	0.01353	0.01937	0.01183	0.01118	0.06079	0.02196	0.64427	0.02882	0.02507	0.01819	0.00930	0.00753	0.00234	0.00651	0.00748	0.00916	0.01275
66	0.01150	0.00822	0.01138	0.01303	0.01449	0.00810	0.01086	0.01451	0.01698	0.02228	0.06720	0.22681	0.04626	0.02135	0.01024	0.00336	0.00627	0.47331	0.00705	0.00681
67	0.01874	0.01812	0.03133	0.04599	0.66092	0.01807	0.04804	0.02332	0.01730	0.02476	0.01431	0.01884	0.01200	0.00674	0.00757	0.00226	0.00916	0.00684	0.00376	0.01195
68	0.09707	0.12500	0.43097	0.02109	0.05851	0.01916	0.07971	0.02402	0.01599	0.04272	0.01353	0.01592	0.01001	0.00706	0.00682	0.00230	0.01016	0.00565	0.00362	0.01070
69	0.78701	0.01467	0.01115	0.00997	0.01467	0.01702	0.00821	0.02230	0.01291	0.03403	0.01056	0.01232	0.00821	0.00704	0.00469	0.00235	0.00587	0.00411	0.00469	0.00821
70	0.78701	0.01467	0.01115	0.00997	0.01467	0.01702	0.00821	0.02230	0.01291	0.03403	0.01056	0.01232	0.00821	0.00704	0.00469	0.00235	0.00587	0.00411	0.00469	0.00821
71	0.00972	0.00761	0.00880	0.00873	0.01077	0.00669	0.00646	0.01227	0.01875	0.02449	0.32372	0.12851	0.37015	0.01811	0.00903	0.00254	0.00379	0.01559	0.00758	0.00669
72	0.01211	0.01019	0.01237	0.01390	0.08265	0.00995	0.00926	0.01790	0.13128	0.02417	0.13706	0.12946	0.32186	0.01645	0.00874	0.00260	0.00491	0.04011	0.00699	0.00806
73	0.00924	0.00660	0.00880	0.01056	0.01100	0.00616	0.00704	0.01056	0.01452	0.01936	0.04181	0.72848	0.05017	0.02376	0.00968	0.00308	0.00440	0.02156	0.00704	0.00616
74	0.05918	0.02036	0.02057	0.01618	0.02162	0.06113	0.01322	0.53032	0.03182	0.04349	0.01819	0.01875	0.01320	0.00892	0.00718	0.00221	0.00805	0.00663	0.08713	0.01186
75	0.01521	0.03923	0.69413	0.02162	0.03283	0.01762	0.02802	0.02402	0.01601	0.02402	0.01361	0.01601	0.00961	0.00721	0.00721	0.00240	0.01121	0.00560	0.00320	0.01121
76	0.01573	0.01348	0.01573	0.01123	0.01798	0.01011	0.00899	0.01910	0.01573	0.02472	0.01348	0.01573	0.01123	0.00562	0.00562	0.00112	0.00562	0.00449	0.00449	0.77980
77	0.01475	0.01392	0.02353	0.65059	0.11349	0.01697	0.02128	0.01976	0.01537	0.01990	0.01356	0.02008	0.01030	0.00750	0.00758	0.00250	0.01000	0.00674	0.00341	0.00877
78	0.01492	0.01465	0.02644	0.60077	0.05013	0.01724	0.12783	0.02020	0.01563	0.02020	0.01379	0.02026	0.01035	0.00738	0.00781	0.00253	0.01056	0.00711	0.00345	0.00873
79	0.01784	0.01704	0.02859	0.04286	0.62191	0.01692	0.02161	0.02210	0.01727	0.02437	0.02021	0.02392	0.07576	0.00794	0.00765	0.00228	0.00852	0.00764	0.00407	0.01148
80	0.01110	0.00818	0.01134	0.01123	0.01211	0.00929	0.00820	0.01292	0.01181	0.01672	0.02108	0.03556	0.02135	0.26751	0.47152	0.01037	0.04039	0.00899	0.00420	0.00614
81	0.01052	0.00863	0.01070	0.01209	0.07474	0.00776	0.00787	0.01310	0.01823	0.02369	0.25299	0.08926	0.38261	0.04223	0.00989	0.00267	0.00440	0.01448	0.00705	0.00709

[dist]
# distance from previous block
# <min> <max>
0	2

# created by:
# /st0/software/busco_prod/Augustus/scripts/msa2prfl.pl ./align_prep/114226.fa
