[name]
unknown

[dist]
# distance from previous block
# <min> <max>
0	20

[block]
# block no. 0 follows, 25 sequences, length 11
# corresponding to MSA columns:
# 20-30
name=unknown_A
#
# <colnr> <probs for GDERKNQSTAVLIFYWHMCP>
#	G	D	E	R	K	N	Q	S	T	A	V	L	I	F	Y	W	H	M	C	P
0	0.12520	0.01316	0.01591	0.01410	0.01844	0.01319	0.01190	0.12032	0.02156	0.26175	0.02997	0.04564	0.02612	0.01354	0.00845	0.00281	0.00701	0.23280	0.00779	0.01035
1	0.02874	0.01198	0.01524	0.01216	0.01698	0.01092	0.00989	0.06629	0.02130	0.46373	0.02843	0.02667	0.01905	0.00942	0.00712	0.00223	0.00586	0.00759	0.22490	0.01151
2	0.07540	0.03450	0.01676	0.01395	0.01719	0.01499	0.01107	0.04038	0.13251	0.15637	0.03928	0.06532	0.02099	0.07928	0.10451	0.00433	0.11444	0.00859	0.00625	0.04390
3	0.01183	0.00892	0.01146	0.01137	0.01263	0.00952	0.00865	0.01439	0.01708	0.02438	0.21948	0.23125	0.10986	0.01760	0.01140	0.00278	0.11069	0.05115	0.10844	0.00712
4	0.02362	0.01620	0.01798	0.01485	0.01931	0.01762	0.01172	0.28024	0.18284	0.11766	0.02445	0.02745	0.01911	0.10765	0.04834	0.00361	0.00801	0.00817	0.03992	0.01125
5	0.06098	0.07353	0.18874	0.02321	0.03098	0.04956	0.23569	0.15265	0.05686	0.02988	0.01599	0.01851	0.01187	0.00762	0.00777	0.00242	0.01073	0.00710	0.00477	0.01114
6	0.01610	0.07092	0.35876	0.21864	0.08234	0.01872	0.08147	0.02311	0.01635	0.02291	0.01389	0.01795	0.01032	0.00733	0.00751	0.00245	0.01095	0.00635	0.00342	0.01053
7	0.01887	0.17335	0.02793	0.11056	0.02632	0.12388	0.07049	0.02171	0.01552	0.01938	0.01472	0.01921	0.03839	0.01151	0.03485	0.00289	0.25118	0.00661	0.00370	0.00893
8	0.01213	0.00894	0.01075	0.01024	0.01024	0.00995	0.00654	0.01238	0.01137	0.01558	0.02229	0.04567	0.02548	0.62029	0.03736	0.00690	0.11352	0.01060	0.00450	0.00527
9	0.02125	0.08388	0.02175	0.01739	0.04475	0.03984	0.01354	0.23189	0.17167	0.03213	0.02303	0.12579	0.02050	0.01203	0.01018	0.00259	0.10119	0.00931	0.00646	0.01086
10	0.02809	0.05373	0.02562	0.01951	0.02509	0.20746	0.09872	0.23059	0.02558	0.15802	0.01809	0.01883	0.01304	0.00866	0.00822	0.00230	0.03410	0.00675	0.00623	0.01137

[dist]
# distance from previous block
# <min> <max>
5	31

[block]
# block no. 1 follows, 25 sequences, length 16
# corresponding to MSA columns:
# 71-86
name=unknown_B
#
# <colnr> <probs for GDERKNQSTAVLIFYWHMCP>
#	G	D	E	R	K	N	Q	S	T	A	V	L	I	F	Y	W	H	M	C	P
0	0.01905	0.01850	0.03192	0.04561	0.61605	0.01872	0.05776	0.02363	0.01744	0.02502	0.01446	0.01919	0.01216	0.00717	0.00852	0.00237	0.03957	0.00703	0.00382	0.01202
1	0.03479	0.01320	0.01799	0.01380	0.01979	0.01140	0.01140	0.03779	0.02219	0.68451	0.03059	0.02639	0.01919	0.00960	0.00780	0.00240	0.00660	0.00780	0.00960	0.01320
2	0.01778	0.01479	0.01699	0.01229	0.01910	0.01208	0.00989	0.10020	0.01867	0.02827	0.01440	0.01640	0.01170	0.00620	0.00600	0.00130	0.00610	0.00490	0.00500	0.67795
3	0.02894	0.02145	0.02297	0.01773	0.02384	0.02379	0.01461	0.62095	0.06967	0.04800	0.01930	0.01916	0.01374	0.00937	0.00776	0.00234	0.00841	0.00708	0.00776	0.01314
4	0.01919	0.01842	0.03147	0.04759	0.67914	0.01842	0.02380	0.02380	0.01765	0.02533	0.01458	0.01919	0.01228	0.00691	0.00768	0.00230	0.00921	0.00691	0.00384	0.01228
5	0.02011	0.64930	0.11807	0.01432	0.02154	0.02916	0.01511	0.02338	0.01583	0.01900	0.01115	0.01291	0.00993	0.00672	0.00526	0.00175	0.00867	0.00434	0.00331	0.01013
6	0.02562	0.01111	0.01482	0.01208	0.01625	0.00984	0.00951	0.02843	0.02082	0.43002	0.20178	0.03772	0.03467	0.09723	0.01195	0.00302	0.00592	0.00987	0.00873	0.01061
7	0.01097	0.00793	0.01036	0.00975	0.01158	0.00732	0.00732	0.01463	0.02195	0.03109	0.67505	0.05792	0.07316	0.01585	0.00914	0.00244	0.00366	0.01402	0.00854	0.00732
8	0.01519	0.01434	0.02424	0.62969	0.12833	0.01737	0.02180	0.02029	0.01576	0.02047	0.01388	0.02049	0.01057	0.00765	0.00774	0.00255	0.01020	0.00689	0.00349	0.00905
9	0.01797	0.22845	0.19775	0.02367	0.03173	0.02184	0.29165	0.02373	0.01696	0.02267	0.01497	0.04634	0.01241	0.00750	0.00756	0.00232	0.01096	0.00742	0.00373	0.01038
10	0.01053	0.00770	0.00999	0.01060	0.01208	0.00716	0.00795	0.01325	0.01854	0.02508	0.30440	0.27634	0.12907	0.01986	0.00964	0.00287	0.00452	0.11580	0.00773	0.00688
11	0.01401	0.00732	0.00763	0.00755	0.00936	0.00724	0.00566	0.01763	0.01698	0.02919	0.10800	0.03260	0.02666	0.00990	0.00589	0.00189	0.00362	0.00809	0.67355	0.00724
12	0.01603	0.01179	0.01789	0.03876	0.04118	0.01155	0.09189	0.02209	0.09229	0.10092	0.32873	0.04753	0.04637	0.01348	0.00895	0.00261	0.00628	0.08505	0.00750	0.00910
13	0.04975	0.17830	0.09049	0.14634	0.03551	0.02164	0.28524	0.02314	0.01652	0.02254	0.01361	0.01806	0.01072	0.00725	0.00854	0.00242	0.04935	0.00702	0.00366	0.00990
14	0.02756	0.01987	0.02123	0.01649	0.02213	0.02190	0.01355	0.57243	0.03388	0.04633	0.01947	0.01993	0.01404	0.00927	0.00746	0.00226	0.00791	0.00701	0.10485	0.01243
15	0.01432	0.01270	0.01759	0.01542	0.01579	0.01602	0.03655	0.01554	0.01190	0.01733	0.01695	0.03210	0.01833	0.31842	0.06294	0.00555	0.35280	0.00886	0.00400	0.00688

[dist]
# distance from previous block
# <min> <max>
4	7

[block]
# block no. 2 follows, 25 sequences, length 117
# corresponding to MSA columns:
# 94-210
name=unknown_C
#
# <colnr> <probs for GDERKNQSTAVLIFYWHMCP>
#	G	D	E	R	K	N	Q	S	T	A	V	L	I	F	Y	W	H	M	C	P
0	0.05893	0.01424	0.02453	0.48983	0.04459	0.01648	0.11394	0.02001	0.01608	0.02204	0.06332	0.02313	0.01525	0.00883	0.00870	0.03007	0.00987	0.00760	0.00397	0.00859
1	0.01773	0.01460	0.02244	0.36969	0.03787	0.01654	0.07012	0.13725	0.01989	0.05141	0.04481	0.09845	0.01837	0.01078	0.00892	0.02857	0.00907	0.00906	0.00513	0.00931
2	0.00950	0.00683	0.00901	0.01065	0.01123	0.00635	0.00716	0.01096	0.01523	0.02028	0.06888	0.67300	0.07463	0.02379	0.00984	0.00310	0.00444	0.02152	0.00725	0.00635
3	0.02132	0.01258	0.01497	0.01305	0.01720	0.01258	0.01038	0.03052	0.23351	0.24327	0.11958	0.04245	0.13178	0.01298	0.00839	0.00259	0.00569	0.04804	0.00838	0.01075
4	0.01706	0.21313	0.47635	0.02066	0.03064	0.02132	0.07129	0.02424	0.01636	0.02298	0.01326	0.01572	0.01000	0.00712	0.00690	0.00227	0.01078	0.00559	0.00333	0.01100
5	0.06207	0.02426	0.05866	0.05095	0.07384	0.18293	0.01566	0.21586	0.17815	0.03264	0.01894	0.01967	0.01429	0.00882	0.00743	0.00234	0.00944	0.00671	0.00600	0.01135
6	0.02295	0.01584	0.01764	0.01531	0.02007	0.01742	0.01207	0.04039	0.51312	0.18661	0.03133	0.02833	0.02261	0.01030	0.00787	0.00258	0.00625	0.00854	0.00829	0.01249
7	0.03479	0.01320	0.01799	0.01380	0.01979	0.01140	0.01140	0.03779	0.02219	0.68451	0.03059	0.02639	0.01919	0.00960	0.00780	0.00240	0.00660	0.00780	0.00960	0.01320
8	0.11103	0.01809	0.05762	0.05070	0.02392	0.06630	0.06298	0.07084	0.06917	0.35469	0.02344	0.02240	0.01575	0.00881	0.00749	0.00241	0.00813	0.00716	0.00731	0.01175
9	0.02526	0.01648	0.01856	0.01647	0.04728	0.04313	0.01253	0.09078	0.32200	0.24755	0.03046	0.02797	0.04535	0.01021	0.00785	0.00249	0.00685	0.00836	0.00809	0.01231
10	0.00990	0.00694	0.00886	0.01022	0.01056	0.00660	0.00658	0.01091	0.01397	0.01862	0.03824	0.55753	0.04561	0.19695	0.01716	0.00422	0.00524	0.01940	0.00658	0.00591
11	0.05163	0.04797	0.02319	0.01714	0.02330	0.02316	0.01425	0.56476	0.03392	0.09480	0.01898	0.01878	0.01337	0.00917	0.00757	0.00231	0.00830	0.00685	0.00764	0.01292
12	0.01007	0.00789	0.00911	0.00880	0.01103	0.00693	0.00660	0.01288	0.01981	0.02601	0.37633	0.06628	0.37505	0.01775	0.00915	0.00253	0.00379	0.01519	0.00787	0.00693
13	0.02443	0.01879	0.02054	0.01561	0.02194	0.01923	0.01275	0.40659	0.06811	0.04007	0.01781	0.01841	0.01326	0.00820	0.00710	0.00196	0.00746	0.00630	0.00672	0.26471
14	0.07340	0.01856	0.08799	0.01549	0.02125	0.04025	0.01372	0.15756	0.06039	0.30058	0.08194	0.02510	0.02078	0.00988	0.00835	0.00243	0.03522	0.00767	0.00763	0.01180
15	0.10535	0.01684	0.05829	0.01436	0.02020	0.04098	0.01236	0.11615	0.04796	0.39165	0.02887	0.02657	0.06571	0.00991	0.00754	0.00240	0.00717	0.00777	0.00801	0.01191
16	0.01691	0.03065	0.37128	0.02731	0.03699	0.01880	0.33522	0.02469	0.01732	0.02469	0.01479	0.01861	0.01078	0.00696	0.00825	0.00253	0.01225	0.00741	0.00359	0.01097
17	0.03446	0.01372	0.01832	0.01404	0.02005	0.01217	0.01160	0.07537	0.02306	0.64570	0.02986	0.02592	0.01883	0.00958	0.00779	0.00239	0.00672	0.00775	0.00948	0.01319
18	0.02672	0.01428	0.02297	0.02044	0.09427	0.01302	0.11613	0.03056	0.02052	0.39822	0.05307	0.03354	0.02251	0.01052	0.00842	0.00257	0.00788	0.08498	0.00770	0.01167
19	0.01777	0.02313	0.12959	0.06161	0.04018	0.01929	0.54045	0.02457	0.01792	0.02457	0.01537	0.02030	0.01144	0.00670	0.00885	0.00259	0.01274	0.00860	0.00381	0.01051
20	0.00964	0.00690	0.00917	0.01066	0.01129	0.00643	0.00721	0.01129	0.01575	0.02124	0.12345	0.63762	0.05407	0.02321	0.00980	0.00306	0.00439	0.02102	0.00737	0.00643
21	0.06821	0.00839	0.00994	0.01013	0.01192	0.00810	0.00737	0.01454	0.04352	0.02632	0.31105	0.27999	0.13537	0.01833	0.00903	0.00271	0.00425	0.01609	0.00761	0.00715
22	0.01756	0.01741	0.05499	0.17719	0.03386	0.01779	0.21873	0.02679	0.17054	0.04858	0.02075	0.05432	0.01645	0.00920	0.00924	0.00263	0.04994	0.00873	0.03512	0.01018
23	0.03199	0.01768	0.02077	0.01592	0.02203	0.01805	0.01315	0.36171	0.02970	0.34999	0.02429	0.02230	0.01603	0.00944	0.00778	0.00236	0.00762	0.00737	0.00863	0.01319
24	0.00975	0.00687	0.00891	0.01041	0.01079	0.00650	0.00679	0.01088	0.01426	0.01901	0.03972	0.61192	0.04748	0.14000	0.01476	0.00387	0.00500	0.02027	0.00679	0.00603
25	0.01685	0.01689	0.02462	0.07233	0.02366	0.02309	0.04354	0.01900	0.01241	0.01900	0.01068	0.01740	0.01026	0.01284	0.02345	0.00330	0.63179	0.00689	0.00342	0.00857
26	0.01840	0.01363	0.01504	0.01387	0.01730	0.04031	0.01076	0.02993	0.31350	0.11178	0.15087	0.12190	0.03657	0.01377	0.00853	0.00267	0.00592	0.05709	0.00793	0.01024
27	0.00945	0.00675	0.00900	0.01080	0.01125	0.00630	0.00720	0.01080	0.01484	0.01979	0.04274	0.72245	0.05128	0.02429	0.00990	0.00315	0.00450	0.02204	0.00720	0.00630
28	0.02891	0.02144	0.02295	0.01772	0.02383	0.02378	0.01460	0.61915	0.07152	0.04795	0.01934	0.01919	0.01377	0.00938	0.00776	0.00234	0.00840	0.00708	0.00776	0.01314
29	0.01677	0.01644	0.02321	0.12880	0.02556	0.02238	0.01733	0.02053	0.06128	0.01987	0.01235	0.01844	0.01121	0.01242	0.02134	0.00321	0.54938	0.00695	0.00374	0.00879
30	0.01659	0.01641	0.02303	0.01985	0.01994	0.02286	0.01650	0.01835	0.01191	0.01862	0.01085	0.01782	0.01076	0.01640	0.06810	0.00397	0.66931	0.00688	0.00344	0.00838
31	0.01069	0.00791	0.00997	0.00945	0.01141	0.00719	0.00709	0.01407	0.02127	0.02948	0.58019	0.06057	0.16903	0.01645	0.00915	0.00247	0.00370	0.01439	0.00832	0.00719
32	0.01015	0.00735	0.00959	0.01018	0.01137	0.00679	0.00720	0.01262	0.01831	0.02516	0.34203	0.38265	0.08743	0.02012	0.00951	0.00279	0.00408	0.01803	0.00783	0.00679
33	0.01113	0.00759	0.00910	0.00921	0.00945	0.00778	0.00562	0.01164	0.01168	0.01578	0.02499	0.08865	0.02825	0.58193	0.13845	0.00801	0.00936	0.01148	0.00477	0.00514
34	0.01615	0.01612	0.02288	0.01946	0.02093	0.05796	0.08379	0.01869	0.01332	0.01916	0.01385	0.02100	0.01292	0.02498	0.21071	0.00577	0.40296	0.00737	0.00370	0.00829
35	0.11240	0.03299	0.02093	0.01868	0.02298	0.55357	0.01423	0.09268	0.02246	0.02373	0.01252	0.01430	0.01013	0.00803	0.00683	0.00208	0.01255	0.00511	0.00446	0.00935
36	0.00954	0.00679	0.00897	0.01068	0.01111	0.00636	0.00707	0.01082	0.01467	0.01956	0.04183	0.68911	0.05014	0.05919	0.01136	0.00337	0.00465	0.02151	0.00707	0.00622
37	0.02504	0.01842	0.01951	0.01615	0.02128	0.04597	0.01293	0.25966	0.29861	0.12495	0.05486	0.02559	0.02098	0.01010	0.00785	0.00246	0.00726	0.00808	0.00795	0.01237
38	0.02886	0.01891	0.02111	0.01648	0.02229	0.02029	0.01351	0.44066	0.09399	0.17887	0.04812	0.02278	0.01781	0.00974	0.00783	0.00238	0.00771	0.00760	0.00818	0.01287
39	0.01706	0.01397	0.01626	0.01190	0.01856	0.01105	0.00951	0.02187	0.06484	0.05190	0.01578	0.01745	0.01270	0.00625	0.00598	0.00131	0.00581	0.00503	0.00504	0.68774
40	0.01589	0.08552	0.64490	0.02152	0.03266	0.01884	0.02764	0.02447	0.01633	0.02414	0.01371	0.01611	0.00983	0.00732	0.00721	0.00240	0.01125	0.00563	0.00328	0.01136
41	0.01810	0.02235	0.09371	0.03189	0.04000	0.01949	0.60446	0.02482	0.01816	0.02482	0.01555	0.02058	0.01162	0.00660	0.00902	0.00260	0.01295	0.00889	0.00387	0.01053
42	0.00930	0.00786	0.00804	0.00800	0.01056	0.00660	0.00600	0.01139	0.01799	0.02170	0.12314	0.07337	0.63093	0.01935	0.00916	0.00260	0.00391	0.01619	0.00730	0.00660
43	0.00986	0.00753	0.01074	0.01166	0.01264	0.00698	0.03905	0.01152	0.01523	0.02013	0.04407	0.63920	0.09602	0.02306	0.00980	0.00308	0.00488	0.02098	0.00704	0.00652
44	0.07604	0.05796	0.02211	0.01603	0.02195	0.04468	0.05993	0.18009	0.02435	0.35556	0.04648	0.02310	0.01756	0.00914	0.00756	0.00234	0.00780	0.00738	0.00781	0.01213
45	0.00995	0.00747	0.00922	0.00966	0.01118	0.00674	0.00691	0.01232	0.01823	0.02434	0.29000	0.30864	0.21713	0.01994	0.00943	0.00275	0.00404	0.01759	0.00770	0.00674
46	0.01128	0.00752	0.00846	0.00846	0.00846	0.00752	0.00470	0.01128	0.01128	0.01503	0.02443	0.05074	0.02819	0.72751	0.03946	0.00752	0.00752	0.01128	0.00470	0.00470
47	0.01608	0.01378	0.01608	0.01148	0.01837	0.01034	0.00919	0.01952	0.01608	0.02527	0.01378	0.01608	0.01148	0.00574	0.00574	0.00115	0.00574	0.00459	0.00459	0.77491
48	0.01835	0.23667	0.40541	0.01968	0.05116	0.02143	0.02223	0.02575	0.05375	0.05596	0.01487	0.01655	0.01121	0.00743	0.00674	0.00223	0.00992	0.00559	0.00389	0.01119
49	0.07359	0.01963	0.02062	0.01650	0.02203	0.04420	0.01343	0.40732	0.13392	0.10707	0.02129	0.02100	0.01533	0.01127	0.03454	0.00277	0.00846	0.00717	0.00751	0.01236
50	0.01128	0.00752	0.00846	0.00846	0.00846	0.00752	0.00470	0.01128	0.01128	0.01503	0.02443	0.05074	0.02819	0.72751	0.03946	0.00752	0.00752	0.01128	0.00470	0.00470
51	0.01696	0.01696	0.02375	0.02036	0.02036	0.02375	0.01696	0.01866	0.01187	0.01866	0.01018	0.01696	0.01018	0.01357	0.02545	0.00339	0.71332	0.00679	0.00339	0.00848
52	0.02533	0.01919	0.02240	0.01680	0.02328	0.01958	0.04960	0.42152	0.02931	0.06289	0.01753	0.01832	0.01284	0.00818	0.00728	0.00202	0.00796	0.00648	0.00673	0.22276
53	0.02933	0.02606	0.02290	0.01845	0.02402	0.21582	0.01481	0.47578	0.03232	0.04034	0.01672	0.01729	0.01227	0.00893	0.00754	0.00223	0.01009	0.00641	0.00668	0.01199
54	0.00945	0.00675	0.00900	0.01080	0.01125	0.00630	0.00720	0.01080	0.01484	0.01979	0.04274	0.72245	0.05128	0.02429	0.00990	0.00315	0.00450	0.02204	0.00720	0.00630
55	0.01919	0.01842	0.03147	0.04759	0.67914	0.01842	0.02380	0.02380	0.01765	0.02533	0.01458	0.01919	0.01228	0.00691	0.00768	0.00230	0.00921	0.00691	0.00384	0.01228
56	0.02896	0.03695	0.02197	0.01998	0.02397	0.69638	0.01498	0.03096	0.02197	0.01898	0.01199	0.01398	0.00999	0.00799	0.00699	0.00200	0.01398	0.00499	0.00400	0.00899
57	0.00945	0.00675	0.00900	0.01080	0.01125	0.00630	0.00720	0.01080	0.01484	0.01979	0.04274	0.72245	0.05128	0.02429	0.00990	0.00315	0.00450	0.02204	0.00720	0.00630
58	0.00943	0.00758	0.00846	0.00910	0.01102	0.00660	0.00665	0.01130	0.01683	0.02073	0.06572	0.26958	0.45346	0.02113	0.00947	0.00283	0.00428	0.05212	0.00720	0.00650
59	0.01929	0.01666	0.01753	0.01578	0.02016	0.01929	0.01227	0.04120	0.66513	0.03243	0.03156	0.02893	0.02367	0.01052	0.00789	0.00263	0.00614	0.00877	0.00789	0.01227
60	0.01919	0.01842	0.03147	0.04759	0.67914	0.01842	0.02380	0.02380	0.01765	0.02533	0.01458	0.01919	0.01228	0.00691	0.00768	0.00230	0.00921	0.00691	0.00384	0.01228
61	0.00922	0.00786	0.00794	0.00792	0.01051	0.00657	0.00594	0.01124	0.01781	0.02128	0.09828	0.07407	0.65605	0.01951	0.00916	0.00261	0.00392	0.01629	0.00724	0.00657
62	0.00966	0.00696	0.00921	0.01094	0.01157	0.00650	0.00754	0.01120	0.01519	0.02010	0.04408	0.64824	0.07650	0.02388	0.00993	0.00316	0.00467	0.06709	0.00719	0.00637
63	0.00945	0.00675	0.00900	0.01080	0.01125	0.00630	0.00720	0.01080	0.01484	0.01979	0.04274	0.72245	0.05128	0.02429	0.00990	0.00315	0.00450	0.02204	0.00720	0.00630
64	0.01606	0.09111	0.61691	0.02230	0.05427	0.01897	0.02733	0.02443	0.01637	0.02411	0.01370	0.01617	0.00991	0.00730	0.00720	0.00239	0.01115	0.00565	0.00330	0.01137
65	0.02417	0.02923	0.02767	0.02286	0.02711	0.40464	0.16376	0.02785	0.04110	0.02075	0.01321	0.01660	0.01089	0.00866	0.01057	0.00239	0.12878	0.00639	0.00401	0.00936
66	0.05780	0.02058	0.02214	0.04074	0.02407	0.02286	0.01434	0.58066	0.03399	0.04650	0.01842	0.01888	0.01318	0.00916	0.00754	0.00232	0.00829	0.00688	0.03905	0.01260
67	0.02007	0.01586	0.01699	0.01309	0.01903	0.06329	0.01041	0.07399	0.06990	0.10154	0.06711	0.02143	0.01797	0.00776	0.00665	0.00166	0.00655	0.00621	0.00591	0.45459
68	0.02364	0.01708	0.04476	0.01691	0.04674	0.01751	0.01330	0.07639	0.41471	0.19633	0.02917	0.02679	0.02092	0.00995	0.00783	0.00253	0.00673	0.00822	0.00797	0.01253
69	0.01347	0.00673	0.01010	0.01010	0.01010	0.00673	0.00673	0.01010	0.01010	0.01347	0.01347	0.02357	0.01347	0.02694	0.03030	0.77441	0.00673	0.00673	0.00337	0.00337
70	0.01529	0.01438	0.02395	0.61385	0.11975	0.01743	0.02146	0.02097	0.03796	0.02084	0.01448	0.02079	0.01100	0.00776	0.00775	0.00256	0.01007	0.00696	0.00364	0.00913
71	0.02390	0.02449	0.01960	0.01729	0.02173	0.26849	0.01336	0.12497	0.31060	0.02939	0.02443	0.02383	0.04411	0.00979	0.00759	0.00235	0.00928	0.00743	0.00641	0.01096
72	0.01614	0.11924	0.61339	0.02109	0.03200	0.01946	0.02689	0.02440	0.01630	0.02383	0.01356	0.01592	0.00984	0.00728	0.00709	0.00236	0.01110	0.00555	0.00328	0.01129
73	0.03272	0.01311	0.01760	0.01363	0.01931	0.01156	0.01120	0.05963	0.02272	0.60888	0.08063	0.02856	0.02319	0.01008	0.00790	0.00240	0.00644	0.00825	0.00944	0.01273
74	0.01135	0.00753	0.00996	0.01086	0.01205	0.00687	0.00753	0.01316	0.01621	0.05957	0.12092	0.57152	0.05069	0.02167	0.00952	0.00294	0.00456	0.01955	0.00741	0.03612
75	0.17406	0.04339	0.02022	0.01529	0.02110	0.04763	0.01264	0.33038	0.02711	0.20418	0.01960	0.01902	0.01354	0.00883	0.00708	0.00232	0.00778	0.00648	0.00735	0.01199
76	0.02566	0.06481	0.02256	0.03610	0.02330	0.37630	0.01466	0.15300	0.04986	0.02615	0.05197	0.01843	0.01484	0.00928	0.00904	0.00225	0.08062	0.00625	0.00506	0.00986
77	0.01891	0.02184	0.04439	0.03195	0.03957	0.05844	0.61449	0.02519	0.01851	0.02450	0.01547	0.02052	0.01166	0.00662	0.00903	0.00258	0.01312	0.00891	0.00393	0.01037
78	0.00999	0.00821	0.00883	0.00862	0.01111	0.00722	0.00648	0.01313	0.04340	0.02385	0.22200	0.06881	0.50435	0.01837	0.00911	0.00257	0.00395	0.01550	0.00755	0.00695
79	0.02980	0.02120	0.02295	0.01759	0.02379	0.02327	0.01453	0.61570	0.03558	0.08768	0.01935	0.01909	0.01355	0.00933	0.00776	0.00233	0.00841	0.00703	0.00787	0.01319
80	0.00972	0.00704	0.00929	0.01082	0.01154	0.00646	0.00728	0.01116	0.01490	0.02002	0.04154	0.69337	0.04964	0.02353	0.00973	0.00307	0.00455	0.02132	0.00709	0.03793
81	0.01608	0.01378	0.01608	0.01148	0.01837	0.01034	0.00919	0.01952	0.01608	0.02527	0.01378	0.01608	0.01148	0.00574	0.00574	0.00115	0.00574	0.00459	0.00459	0.77491
82	0.01728	0.01835	0.03666	0.17655	0.13778	0.01857	0.37620	0.02286	0.01725	0.02344	0.01595	0.04720	0.01299	0.00778	0.00924	0.00261	0.03654	0.00874	0.00391	0.01011
83	0.00945	0.00675	0.00900	0.01080	0.01125	0.00630	0.00720	0.01080	0.01484	0.01979	0.04274	0.72245	0.05128	0.02429	0.00990	0.00315	0.00450	0.02204	0.00720	0.00630
84	0.01511	0.01333	0.02109	0.02736	0.30007	0.01315	0.03986	0.02011	0.05615	0.02731	0.26486	0.10503	0.03955	0.01219	0.00852	0.00247	0.00664	0.01128	0.00616	0.00975
85	0.01945	0.35509	0.30177	0.01732	0.02549	0.02367	0.01961	0.02459	0.01626	0.07065	0.01350	0.01534	0.01060	0.00755	0.00734	0.00214	0.04991	0.00522	0.00377	0.01072
86	0.01090	0.00780	0.01062	0.01208	0.01327	0.00751	0.00938	0.01347	0.01704	0.02272	0.12792	0.37213	0.05153	0.02197	0.01013	0.00322	0.00547	0.26870	0.00736	0.00678
87	0.02049	0.52355	0.17006	0.01572	0.02307	0.09337	0.01656	0.02425	0.01649	0.01960	0.01153	0.01339	0.00993	0.00692	0.00566	0.00185	0.00949	0.00455	0.00337	0.01016
88	0.01347	0.00673	0.01010	0.01010	0.01010	0.00673	0.00673	0.01010	0.01010	0.01347	0.01347	0.02357	0.01347	0.02694	0.03030	0.77441	0.00673	0.00673	0.00337	0.00337
89	0.05746	0.01385	0.02259	0.66990	0.05126	0.01724	0.02080	0.01998	0.01538	0.02065	0.01361	0.02022	0.01023	0.00772	0.00759	0.00257	0.01009	0.00674	0.00352	0.00860
90	0.01097	0.00793	0.01036	0.00975	0.01158	0.00732	0.00732	0.01463	0.02195	0.03109	0.67505	0.05792	0.07316	0.01585	0.00914	0.00244	0.00366	0.01402	0.00854	0.00732
91	0.02073	0.73217	0.04063	0.01327	0.01990	0.03068	0.01327	0.02322	0.01575	0.01824	0.01078	0.01244	0.00995	0.00663	0.00498	0.00166	0.00829	0.00415	0.00332	0.00995
92	0.01141	0.00816	0.01120	0.01273	0.01412	0.00795	0.01032	0.01432	0.01740	0.02305	0.11174	0.27562	0.04979	0.02167	0.01029	0.00332	0.00596	0.37674	0.00731	0.00691
93	0.01487	0.01290	0.02036	0.02768	0.32782	0.01258	0.01512	0.01897	0.01991	0.02836	0.36217	0.03957	0.04432	0.01161	0.00845	0.00237	0.00629	0.01065	0.00631	0.00967
94	0.02129	0.01707	0.01873	0.05576	0.02262	0.01948	0.01312	0.13011	0.50319	0.06650	0.02858	0.02681	0.02113	0.01014	0.00786	0.00257	0.00675	0.00835	0.00770	0.01224
95	0.24374	0.01517	0.01664	0.01326	0.01873	0.01552	0.01092	0.16209	0.02232	0.33048	0.02218	0.02100	0.01492	0.00883	0.00681	0.00235	0.00667	0.00658	0.05029	0.01150
96	0.02947	0.02172	0.02327	0.01784	0.02404	0.02404	0.01474	0.65329	0.03646	0.04887	0.01862	0.01862	0.01319	0.00931	0.00776	0.00233	0.00853	0.00698	0.00776	0.01319
97	0.02052	0.70369	0.06725	0.01363	0.02046	0.03016	0.01390	0.02327	0.01578	0.01850	0.01091	0.01260	0.00994	0.00666	0.00507	0.00169	0.00842	0.00421	0.00331	0.01001
98	0.02925	0.02077	0.02252	0.01741	0.02349	0.02281	0.01434	0.56990	0.07378	0.09538	0.02030	0.01983	0.01428	0.00940	0.00777	0.00235	0.00824	0.00715	0.00790	0.01313
99	0.01181	0.00788	0.01032	0.01021	0.01191	0.00723	0.00746	0.01471	0.01980	0.06398	0.43903	0.24541	0.08471	0.01803	0.00928	0.00264	0.00407	0.01603	0.00817	0.00733
100	0.11463	0.02189	0.02185	0.01711	0.02302	0.06435	0.01403	0.54394	0.03294	0.04545	0.01733	0.01765	0.01245	0.00899	0.00737	0.00231	0.00858	0.00654	0.00719	0.01239
101	0.01478	0.01396	0.02328	0.66936	0.05151	0.01760	0.02127	0.01974	0.01530	0.01974	0.01357	0.02046	0.01033	0.00809	0.00877	0.00263	0.05067	0.00688	0.00344	0.00861
102	0.01226	0.00876	0.01219	0.01381	0.01554	0.00870	0.01190	0.01574	0.01802	0.02364	0.08727	0.11158	0.04698	0.02113	0.01056	0.00347	0.00678	0.55731	0.00724	0.00712
103	0.03175	0.01518	0.01870	0.01446	0.02020	0.01470	0.01190	0.21204	0.02582	0.45403	0.02677	0.02436	0.01753	0.00947	0.00761	0.00233	0.00693	0.00752	0.06595	0.01275
104	0.01096	0.00796	0.01034	0.00984	0.01170	0.00734	0.00744	0.01455	0.02164	0.03043	0.63047	0.05957	0.09516	0.01619	0.00920	0.00248	0.00379	0.03523	0.00844	0.00728
105	0.01608	0.01378	0.01608	0.01148	0.01837	0.01034	0.00919	0.01952	0.01608	0.02527	0.01378	0.01608	0.01148	0.00574	0.00574	0.00115	0.00574	0.00459	0.00459	0.77491
106	0.01985	0.01694	0.01785	0.01589	0.02038	0.01955	0.01241	0.07534	0.63007	0.03335	0.03084	0.02835	0.02308	0.01045	0.00788	0.00261	0.00627	0.00867	0.00788	0.01232
107	0.01445	0.00723	0.00723	0.00723	0.00903	0.00723	0.00542	0.01807	0.01626	0.02891	0.02529	0.02891	0.01987	0.00903	0.00542	0.00181	0.00361	0.00723	0.77055	0.00723
108	0.00950	0.00689	0.00898	0.01052	0.01120	0.00637	0.00710	0.01101	0.01542	0.02044	0.07691	0.63892	0.10111	0.02351	0.00980	0.00307	0.00441	0.02120	0.00726	0.00637
109	0.01052	0.00757	0.00995	0.01007	0.01148	0.00701	0.00728	0.01348	0.01982	0.02770	0.48541	0.25722	0.06660	0.01838	0.00937	0.00265	0.00391	0.01643	0.00813	0.00701
110	0.01822	0.02007	0.03661	0.02759	0.03235	0.04770	0.38963	0.02277	0.01605	0.02230	0.01349	0.01917	0.01110	0.00922	0.01514	0.00288	0.27420	0.00811	0.00373	0.00966
111	0.01107	0.00785	0.01060	0.01222	0.01325	0.00766	0.00946	0.01334	0.01592	0.02094	0.04013	0.35530	0.04585	0.09238	0.01320	0.00378	0.00605	0.30754	0.00692	0.00654
112	0.01888	0.02011	0.07899	0.04492	0.59652	0.01846	0.06013	0.02391	0.01760	0.02525	0.01460	0.01909	0.01208	0.00692	0.00774	0.00233	0.00959	0.00695	0.00380	0.01212
113	0.01207	0.00942	0.01275	0.01265	0.01495	0.00915	0.03819	0.01674	0.06715	0.02557	0.22371	0.11755	0.15160	0.01830	0.00968	0.00295	0.00564	0.23690	0.00746	0.00756
114	0.01636	0.05383	0.38858	0.02464	0.03394	0.01820	0.24687	0.02387	0.01745	0.02493	0.06349	0.02093	0.01521	0.00768	0.00805	0.00248	0.01135	0.00750	0.00389	0.01075
115	0.02062	0.70028	0.04086	0.01414	0.02083	0.03018	0.04187	0.02329	0.01587	0.01854	0.01100	0.01282	0.01003	0.00663	0.00516	0.00170	0.00851	0.00437	0.00334	0.00997
116	0.05903	0.05923	0.01898	0.01373	0.01914	0.01621	0.01120	0.17178	0.07026	0.09309	0.06714	0.02257	0.01840	0.03322	0.00877	0.00216	0.03831	0.00676	0.00623	0.26377

[dist]
# distance from previous block
# <min> <max>
3	8

[block]
# block no. 3 follows, 25 sequences, length 35
# corresponding to MSA columns:
# 219-253
name=unknown_D
#
# <colnr> <probs for GDERKNQSTAVLIFYWHMCP>
#	G	D	E	R	K	N	Q	S	T	A	V	L	I	F	Y	W	H	M	C	P
0	0.12707	0.24227	0.21391	0.01569	0.02331	0.02136	0.01655	0.08162	0.04242	0.05318	0.01427	0.01569	0.01104	0.00734	0.00618	0.00206	0.00848	0.00523	0.00447	0.08786
1	0.07689	0.01735	0.01882	0.01464	0.02024	0.01814	0.01198	0.37381	0.02793	0.11454	0.01968	0.02010	0.01419	0.00869	0.00699	0.00212	0.00713	0.00660	0.10676	0.11339
2	0.01330	0.06987	0.10724	0.01234	0.01591	0.01156	0.01107	0.05866	0.01988	0.02745	0.33228	0.15944	0.07219	0.04252	0.00978	0.00270	0.00573	0.01297	0.00692	0.00819
3	0.02889	0.06943	0.02444	0.01753	0.02377	0.02449	0.01464	0.61098	0.03507	0.04681	0.01809	0.01820	0.01297	0.00913	0.00757	0.00228	0.00852	0.00679	0.00746	0.01297
4	0.06296	0.01750	0.01876	0.01566	0.02064	0.01949	0.01253	0.25066	0.32545	0.08324	0.06913	0.02627	0.02225	0.01022	0.00776	0.00248	0.00683	0.00820	0.00784	0.01212
5	0.01221	0.00820	0.01076	0.00996	0.01201	0.00753	0.00753	0.01583	0.02196	0.06503	0.64158	0.05628	0.07036	0.01553	0.00907	0.00244	0.00381	0.01370	0.00859	0.00762
6	0.01929	0.01666	0.01753	0.01578	0.02016	0.01929	0.01227	0.04120	0.66513	0.03243	0.03156	0.02893	0.02367	0.01052	0.00789	0.00263	0.00614	0.00877	0.00789	0.01227
7	0.01119	0.00807	0.01066	0.01039	0.01221	0.00754	0.00804	0.01483	0.02137	0.02998	0.58584	0.06207	0.06914	0.01663	0.00937	0.00260	0.00415	0.10026	0.00834	0.00729
8	0.01555	0.04011	0.68733	0.02210	0.03356	0.01801	0.02865	0.02455	0.01637	0.02455	0.01391	0.01637	0.00982	0.00737	0.00737	0.00246	0.01146	0.00573	0.00327	0.01146
9	0.00945	0.00675	0.00900	0.01080	0.01125	0.00630	0.00720	0.01080	0.01484	0.01979	0.04274	0.72245	0.05128	0.02429	0.00990	0.00315	0.00450	0.02204	0.00720	0.00630
10	0.02947	0.02172	0.02327	0.01784	0.02404	0.02404	0.01474	0.65329	0.03646	0.04887	0.01862	0.01862	0.01319	0.00931	0.00776	0.00233	0.00853	0.00698	0.00776	0.01319
11	0.01650	0.01567	0.02660	0.43931	0.30848	0.01771	0.02246	0.02144	0.01638	0.02206	0.01411	0.02007	0.01113	0.00741	0.00772	0.00247	0.00988	0.00690	0.00361	0.01011
12	0.01555	0.04011	0.68733	0.02210	0.03356	0.01801	0.02865	0.02455	0.01637	0.02455	0.01391	0.01637	0.00982	0.00737	0.00737	0.00246	0.01146	0.00573	0.00327	0.01146
13	0.02478	0.01938	0.02063	0.01689	0.02226	0.02185	0.01360	0.37118	0.32621	0.04129	0.02458	0.02337	0.01802	0.00987	0.00782	0.00247	0.00743	0.00780	0.00782	0.01277
14	0.00945	0.00675	0.00900	0.01080	0.01125	0.00630	0.00720	0.01080	0.01484	0.01979	0.04274	0.72245	0.05128	0.02429	0.00990	0.00315	0.00450	0.02204	0.00720	0.00630
15	0.02029	0.67280	0.09611	0.01402	0.02107	0.02959	0.01459	0.02333	0.01581	0.01878	0.01105	0.01278	0.00994	0.00670	0.00518	0.00173	0.00856	0.00428	0.00331	0.01008
16	0.01929	0.01666	0.01753	0.01578	0.02016	0.01929	0.01227	0.04120	0.66513	0.03243	0.03156	0.02893	0.02367	0.01052	0.00789	0.00263	0.00614	0.00877	0.00789	0.01227
17	0.01145	0.00859	0.01104	0.01226	0.01431	0.00818	0.01042	0.01451	0.01779	0.02249	0.05285	0.08342	0.24320	0.02086	0.01022	0.00327	0.00613	0.43491	0.00716	0.00695
18	0.00942	0.00686	0.00888	0.01050	0.01117	0.00632	0.00707	0.01083	0.01513	0.01991	0.04635	0.65708	0.11432	0.02382	0.00982	0.00310	0.00444	0.02147	0.00720	0.00632
19	0.02073	0.73217	0.04063	0.01327	0.01990	0.03068	0.01327	0.02322	0.01575	0.01824	0.01078	0.01244	0.00995	0.00663	0.00498	0.00166	0.00829	0.00415	0.00332	0.00995
20	0.78228	0.01499	0.01140	0.01020	0.01499	0.01739	0.00840	0.02279	0.01320	0.03479	0.01080	0.01260	0.00840	0.00720	0.00480	0.00240	0.00600	0.00420	0.00480	0.00840
21	0.00945	0.00675	0.00900	0.01080	0.01125	0.00630	0.00720	0.01080	0.01484	0.01979	0.04274	0.72245	0.05128	0.02429	0.00990	0.00315	0.00450	0.02204	0.00720	0.00630
22	0.74269	0.01535	0.01202	0.01060	0.01547	0.01774	0.00873	0.05595	0.01442	0.03553	0.01121	0.01291	0.00865	0.00731	0.00495	0.00240	0.00613	0.00434	0.00495	0.00865
23	0.01464	0.01378	0.02326	0.70887	0.05340	0.01723	0.02153	0.01981	0.01550	0.01981	0.01378	0.02067	0.01034	0.00775	0.00775	0.00258	0.01034	0.00689	0.00345	0.00861
24	0.00916	0.00785	0.00785	0.00785	0.01047	0.00655	0.00589	0.01113	0.01767	0.02095	0.07855	0.07462	0.67599	0.01964	0.00916	0.00262	0.00393	0.01636	0.00720	0.00655
25	0.01464	0.01378	0.02326	0.70887	0.05340	0.01723	0.02153	0.01981	0.01550	0.01981	0.01378	0.02067	0.01034	0.00775	0.00775	0.00258	0.01034	0.00689	0.00345	0.00861
26	0.02073	0.73217	0.04063	0.01327	0.01990	0.03068	0.01327	0.02322	0.01575	0.01824	0.01078	0.01244	0.00995	0.00663	0.00498	0.00166	0.00829	0.00415	0.00332	0.00995
27	0.01830	0.02092	0.04575	0.03268	0.04052	0.01961	0.65098	0.02484	0.01830	0.02484	0.01569	0.02092	0.01176	0.00654	0.00915	0.00261	0.01307	0.00915	0.00392	0.01046
28	0.00945	0.00675	0.00900	0.01080	0.01125	0.00630	0.00720	0.01080	0.01484	0.01979	0.04274	0.72245	0.05128	0.02429	0.00990	0.00315	0.00450	0.02204	0.00720	0.00630
29	0.02973	0.02131	0.02302	0.01765	0.02384	0.02345	0.01458	0.62412	0.03578	0.07899	0.01918	0.01898	0.01347	0.00932	0.00776	0.00233	0.00844	0.00702	0.00784	0.01319
30	0.01791	0.01040	0.01320	0.01156	0.01475	0.00994	0.00899	0.02389	0.10968	0.19039	0.43040	0.04629	0.05327	0.01360	0.00865	0.00246	0.00471	0.01179	0.00871	0.00942
31	0.01097	0.00793	0.01036	0.00975	0.01158	0.00732	0.00732	0.01463	0.02195	0.03109	0.67505	0.05792	0.07316	0.01585	0.00914	0.00244	0.00366	0.01402	0.00854	0.00732
32	0.03479	0.01320	0.01799	0.01380	0.01979	0.01140	0.01140	0.03779	0.02219	0.68451	0.03059	0.02639	0.01919	0.00960	0.00780	0.00240	0.00660	0.00780	0.00960	0.01320
33	0.57967	0.01722	0.05914	0.08224	0.02100	0.01807	0.01170	0.08430	0.01592	0.03397	0.01207	0.01425	0.00916	0.00747	0.00556	0.00241	0.00705	0.00485	0.00485	0.00909
34	0.01919	0.01842	0.03147	0.04759	0.67914	0.01842	0.02380	0.02380	0.01765	0.02533	0.01458	0.01919	0.01228	0.00691	0.00768	0.00230	0.00921	0.00691	0.00384	0.01228

[dist]
# distance from previous block
# <min> <max>
0	0

# created by:
# /st0/software/busco_prod/Augustus/scripts/msa2prfl.pl ./align_prep/114489.fa
