[name]
unknown

[dist]
# distance from previous block
# <min> <max>
12	37

[block]
# block no. 0 follows, 25 sequences, length 28
# corresponding to MSA columns:
# 48-75
name=unknown_A
#
# <colnr> <probs for GDERKNQSTAVLIFYWHMCP>
#	G	D	E	R	K	N	Q	S	T	A	V	L	I	F	Y	W	H	M	C	P
0	0.07591	0.06067	0.02504	0.30411	0.06018	0.09936	0.06653	0.05342	0.01701	0.02287	0.01312	0.01797	0.01048	0.00829	0.00957	0.00247	0.10061	0.00637	0.00391	0.04211
1	0.32063	0.03795	0.02054	0.19773	0.06028	0.06236	0.05328	0.05721	0.01662	0.06075	0.01352	0.01679	0.01031	0.00779	0.00720	0.00244	0.03484	0.00581	0.00459	0.00935
2	0.28753	0.10904	0.25053	0.01704	0.05463	0.01913	0.01714	0.07033	0.01708	0.02966	0.05197	0.01734	0.01346	0.00785	0.00633	0.00232	0.00837	0.00564	0.00449	0.01012
3	0.01625	0.06900	0.51871	0.02265	0.03305	0.01840	0.12127	0.02423	0.01662	0.02434	0.01402	0.01685	0.01022	0.00711	0.00743	0.00236	0.01121	0.00611	0.00345	0.05671
4	0.05903	0.53365	0.03522	0.01418	0.02063	0.02851	0.01338	0.16896	0.02042	0.02611	0.01259	0.01387	0.01062	0.00728	0.00561	0.00185	0.00824	0.00480	0.00441	0.01062
5	0.01545	0.01435	0.02343	0.45859	0.17898	0.01615	0.01993	0.02010	0.01598	0.02153	0.01561	0.06022	0.01322	0.00832	0.00765	0.00241	0.00930	0.00753	0.00386	0.08740
6	0.02073	0.73217	0.04063	0.01327	0.01990	0.03068	0.01327	0.02322	0.01575	0.01824	0.01078	0.01244	0.00995	0.00663	0.00498	0.00166	0.00829	0.00415	0.00332	0.00995
7	0.01142	0.00836	0.01080	0.01029	0.01223	0.00793	0.00785	0.01586	0.04925	0.03067	0.60868	0.05848	0.06929	0.01596	0.00919	0.00252	0.00398	0.05131	0.00842	0.00752
8	0.01616	0.01461	0.02358	0.43240	0.04095	0.01763	0.07619	0.05765	0.01659	0.02286	0.01504	0.02099	0.01168	0.00868	0.01005	0.00260	0.10652	0.00713	0.08982	0.00888
9	0.00945	0.00675	0.00900	0.01080	0.01125	0.00630	0.00720	0.01080	0.01484	0.01979	0.04274	0.72245	0.05128	0.02429	0.00990	0.00315	0.00450	0.02204	0.00720	0.00630
10	0.02947	0.02172	0.02327	0.01784	0.02404	0.02404	0.01474	0.65329	0.03646	0.04887	0.01862	0.01862	0.01319	0.00931	0.00776	0.00233	0.00853	0.00698	0.00776	0.01319
11	0.01864	0.01786	0.03048	0.12721	0.60380	0.01828	0.02352	0.02332	0.01740	0.02467	0.01449	0.01937	0.01205	0.00701	0.00769	0.00234	0.00935	0.00691	0.00379	0.01184
12	0.02841	0.01983	0.02221	0.05808	0.02488	0.02170	0.01452	0.52948	0.03297	0.11103	0.02043	0.04519	0.01502	0.00979	0.00784	0.00238	0.00829	0.00761	0.00767	0.01267
13	0.01101	0.00792	0.01076	0.01248	0.01370	0.00766	0.00988	0.01353	0.01651	0.02160	0.04327	0.36916	0.07231	0.02263	0.01029	0.00335	0.00584	0.33420	0.00717	0.00674
14	0.02729	0.02037	0.02175	0.01711	0.02286	0.02265	0.01399	0.53189	0.13575	0.04550	0.02093	0.02065	0.01511	0.00949	0.00769	0.00236	0.00797	0.00727	0.03658	0.01282
15	0.01111	0.00817	0.01178	0.01178	0.01293	0.00932	0.00884	0.01341	0.01226	0.01749	0.02139	0.03392	0.02088	0.17222	0.58476	0.01162	0.01851	0.00881	0.00425	0.00654
16	0.02472	0.01097	0.01477	0.01209	0.01632	0.00967	0.00967	0.02800	0.02209	0.40834	0.30297	0.03972	0.04200	0.01224	0.00837	0.00242	0.00536	0.01043	0.00915	0.01071
17	0.00945	0.00675	0.00900	0.01080	0.01125	0.00630	0.00720	0.01080	0.01484	0.01979	0.04274	0.72245	0.05128	0.02429	0.00990	0.00315	0.00450	0.02204	0.00720	0.00630
18	0.01464	0.01378	0.02326	0.70887	0.05340	0.01723	0.02153	0.01981	0.01550	0.01981	0.01378	0.02067	0.01034	0.00775	0.00775	0.00258	0.01034	0.00689	0.00345	0.00861
19	0.01696	0.01696	0.02375	0.02036	0.02036	0.02375	0.01696	0.01866	0.01187	0.01866	0.01018	0.01696	0.01018	0.01357	0.02545	0.00339	0.71332	0.00679	0.00339	0.00848
20	0.78228	0.01499	0.01140	0.01020	0.01499	0.01739	0.00840	0.02279	0.01320	0.03479	0.01080	0.01260	0.00840	0.00720	0.00480	0.00240	0.00600	0.00420	0.00480	0.00840
21	0.03479	0.01320	0.01799	0.01380	0.01979	0.01140	0.01140	0.03779	0.02219	0.68451	0.03059	0.02639	0.01919	0.00960	0.00780	0.00240	0.00660	0.00780	0.00960	0.01320
22	0.06982	0.04183	0.02238	0.05288	0.04982	0.15330	0.04490	0.20489	0.09312	0.12866	0.01933	0.02017	0.01421	0.01081	0.03702	0.00275	0.00978	0.00681	0.00629	0.01122
23	0.01865	0.02018	0.03795	0.11534	0.21937	0.05265	0.37072	0.02426	0.01798	0.02409	0.01497	0.02006	0.01165	0.00685	0.00847	0.00249	0.01172	0.00805	0.00385	0.01068
24	0.01187	0.00848	0.01177	0.01356	0.01507	0.00838	0.01140	0.01498	0.01723	0.02250	0.04140	0.21839	0.04600	0.02201	0.01054	0.00348	0.00660	0.50222	0.00715	0.00697
25	0.70188	0.04909	0.01347	0.05049	0.01744	0.01802	0.00938	0.02264	0.01345	0.03314	0.01097	0.01305	0.00858	0.00720	0.00498	0.00237	0.00636	0.00435	0.00465	0.00848
26	0.00963	0.00683	0.00894	0.01056	0.01096	0.00642	0.00694	0.01085	0.01448	0.01931	0.04086	0.65360	0.04892	0.09637	0.01293	0.00360	0.00481	0.02094	0.00694	0.00613
27	0.02012	0.06261	0.07354	0.02544	0.03076	0.15921	0.29709	0.02449	0.01725	0.02178	0.01323	0.01782	0.01081	0.00858	0.01231	0.00262	0.18163	0.00726	0.00374	0.00971

[dist]
# distance from previous block
# <min> <max>
0	1

[block]
# block no. 1 follows, 25 sequences, length 40
# corresponding to MSA columns:
# 77-116
name=unknown_B
#
# <colnr> <probs for GDERKNQSTAVLIFYWHMCP>
#	G	D	E	R	K	N	Q	S	T	A	V	L	I	F	Y	W	H	M	C	P
0	0.30770	0.02073	0.01806	0.01507	0.02025	0.11178	0.01215	0.26877	0.09421	0.03782	0.01623	0.01688	0.01212	0.00848	0.00657	0.00234	0.00807	0.00587	0.00617	0.01074
1	0.02382	0.01982	0.04596	0.01838	0.05958	0.02061	0.01443	0.33790	0.22926	0.03907	0.02177	0.02153	0.01612	0.00911	0.00757	0.00230	0.00764	0.00724	0.00709	0.09080
2	0.07648	0.67967	0.03849	0.01304	0.01954	0.02971	0.01291	0.02319	0.01557	0.01945	0.01078	0.01245	0.00984	0.00667	0.00496	0.00171	0.00812	0.00415	0.00343	0.00984
3	0.78228	0.01499	0.01140	0.01020	0.01499	0.01739	0.00840	0.02279	0.01320	0.03479	0.01080	0.01260	0.00840	0.00720	0.00480	0.00240	0.00600	0.00420	0.00480	0.00840
4	0.01127	0.00756	0.00867	0.00867	0.00874	0.00763	0.00496	0.01141	0.01134	0.01519	0.02424	0.04968	0.02773	0.69261	0.07373	0.00777	0.00821	0.01112	0.00467	0.00481
5	0.01000	0.00743	0.00935	0.01000	0.01138	0.00678	0.00717	0.01231	0.01785	0.02387	0.25862	0.35433	0.17988	0.02049	0.00953	0.00283	0.00420	0.03963	0.00764	0.00671
6	0.01333	0.00923	0.01065	0.01024	0.01116	0.00955	0.00676	0.08361	0.01476	0.01975	0.02542	0.07169	0.02801	0.53357	0.06989	0.00678	0.00825	0.05607	0.00527	0.00601
7	0.01090	0.00787	0.01030	0.00981	0.01157	0.00727	0.00731	0.01444	0.02159	0.03053	0.64358	0.09099	0.07207	0.01627	0.00918	0.00247	0.00370	0.01442	0.00847	0.00727
8	0.01857	0.24964	0.43970	0.01878	0.02836	0.02139	0.02266	0.02513	0.01662	0.07188	0.01420	0.01592	0.01056	0.00731	0.00667	0.00221	0.01013	0.00540	0.00376	0.01113
9	0.01816	0.38937	0.36096	0.01764	0.02667	0.02440	0.02089	0.02388	0.01606	0.02137	0.01233	0.01439	0.00989	0.00700	0.00616	0.00205	0.00986	0.00493	0.00330	0.01070
10	0.00951	0.00689	0.00898	0.01053	0.01121	0.00637	0.00711	0.01102	0.01542	0.02047	0.07832	0.64037	0.09816	0.02351	0.00980	0.00307	0.00441	0.02121	0.00727	0.00637
11	0.00945	0.00675	0.00900	0.01080	0.01125	0.00630	0.00720	0.01080	0.01484	0.01979	0.04274	0.72245	0.05128	0.02429	0.00990	0.00315	0.00450	0.02204	0.00720	0.00630
12	0.03274	0.01571	0.01946	0.01500	0.02100	0.01523	0.01237	0.21080	0.04940	0.48243	0.02726	0.02430	0.01767	0.00955	0.00779	0.00239	0.00712	0.00760	0.00902	0.01316
13	0.01709	0.01693	0.02279	0.07105	0.02236	0.04627	0.01663	0.01915	0.01273	0.01929	0.01130	0.01776	0.01069	0.01270	0.02243	0.00320	0.59903	0.00675	0.04341	0.00844
14	0.06310	0.01496	0.01836	0.01442	0.03887	0.01334	0.03400	0.05282	0.03982	0.04632	0.01480	0.01709	0.01198	0.00693	0.00755	0.00162	0.05811	0.00533	0.00489	0.53568
15	0.01830	0.02092	0.04575	0.03268	0.04052	0.01961	0.65098	0.02484	0.01830	0.02484	0.01569	0.02092	0.01176	0.00654	0.00915	0.00261	0.01307	0.00915	0.00392	0.01046
16	0.01128	0.00752	0.00846	0.00846	0.00846	0.00752	0.00470	0.01128	0.01128	0.01503	0.02443	0.05074	0.02819	0.72751	0.03946	0.00752	0.00752	0.01128	0.00470	0.00470
17	0.01753	0.01575	0.02337	0.44730	0.04146	0.01975	0.01944	0.12141	0.01808	0.02423	0.01377	0.01953	0.01076	0.00927	0.01162	0.00272	0.16368	0.00688	0.00413	0.00932
18	0.08232	0.01860	0.02012	0.01598	0.02134	0.02024	0.01300	0.47402	0.03101	0.09175	0.04552	0.08990	0.01927	0.01090	0.00781	0.00242	0.00762	0.00859	0.00765	0.01194
19	0.01128	0.00793	0.01085	0.01085	0.01165	0.00872	0.00769	0.01269	0.01189	0.01665	0.02170	0.03753	0.02229	0.30263	0.41735	0.05364	0.01510	0.00931	0.00431	0.00590
20	0.02599	0.01960	0.02204	0.01945	0.08069	0.02154	0.01452	0.47453	0.10273	0.04296	0.02078	0.04120	0.01577	0.00966	0.00770	0.00235	0.00793	0.00763	0.05046	0.01246
21	0.01012	0.00732	0.00939	0.01048	0.01157	0.00666	0.00719	0.01188	0.01563	0.02133	0.08804	0.57452	0.08044	0.02178	0.00939	0.00290	0.00445	0.01960	0.03528	0.05201
22	0.01747	0.10240	0.57729	0.02066	0.03126	0.01869	0.02593	0.02542	0.01675	0.07323	0.01487	0.01675	0.01053	0.00746	0.00718	0.00238	0.01080	0.00574	0.00375	0.01145
23	0.02073	0.73217	0.04063	0.01327	0.01990	0.03068	0.01327	0.02322	0.01575	0.01824	0.01078	0.01244	0.00995	0.00663	0.00498	0.00166	0.00829	0.00415	0.00332	0.00995
24	0.01041	0.00783	0.00964	0.00934	0.01128	0.00705	0.00695	0.01349	0.02039	0.02777	0.48155	0.10614	0.22497	0.01737	0.00920	0.00253	0.00378	0.01515	0.00811	0.00705
25	0.01610	0.03435	0.52089	0.07739	0.12792	0.01807	0.04950	0.02410	0.01656	0.02432	0.01406	0.01726	0.01028	0.00730	0.00750	0.00245	0.01111	0.00611	0.00339	0.01133
26	0.01556	0.01443	0.02386	0.63318	0.09805	0.01758	0.02143	0.04511	0.01649	0.02136	0.01403	0.02048	0.01059	0.00775	0.00775	0.00255	0.01018	0.00690	0.00364	0.00906
27	0.01097	0.00793	0.01036	0.00975	0.01158	0.00732	0.00732	0.01463	0.02195	0.03109	0.67505	0.05792	0.07316	0.01585	0.00914	0.00244	0.00366	0.01402	0.00854	0.00732
28	0.01097	0.00793	0.01036	0.00975	0.01158	0.00732	0.00732	0.01463	0.02195	0.03109	0.67505	0.05792	0.07316	0.01585	0.00914	0.00244	0.00366	0.01402	0.00854	0.00732
29	0.03190	0.01774	0.10604	0.01521	0.02187	0.03340	0.01388	0.05769	0.02193	0.55534	0.02742	0.02443	0.01747	0.00925	0.00772	0.00239	0.00753	0.00741	0.00853	0.01284
30	0.02106	0.01827	0.01834	0.01629	0.02070	0.06903	0.01290	0.13978	0.45276	0.03331	0.02885	0.03159	0.02288	0.01115	0.00806	0.00262	0.00721	0.06599	0.00751	0.01170
31	0.02799	0.07720	0.02259	0.01915	0.02323	0.63398	0.01456	0.03007	0.02141	0.01926	0.01236	0.01439	0.01031	0.00794	0.00682	0.00197	0.01330	0.00502	0.02945	0.00899
32	0.02054	0.70689	0.06426	0.01359	0.02040	0.03022	0.01383	0.02327	0.01578	0.01847	0.01089	0.01258	0.00995	0.00666	0.00506	0.00169	0.00841	0.00420	0.00332	0.01001
33	0.01919	0.01842	0.03147	0.04759	0.67914	0.01842	0.02380	0.02380	0.01765	0.02533	0.01458	0.01919	0.01228	0.00691	0.00768	0.00230	0.00921	0.00691	0.00384	0.01228
34	0.01830	0.02092	0.04575	0.03268	0.04052	0.01961	0.65098	0.02484	0.01830	0.02484	0.01569	0.02092	0.01176	0.00654	0.00915	0.00261	0.01307	0.00915	0.00392	0.01046
35	0.01464	0.01378	0.02326	0.70887	0.05340	0.01723	0.02153	0.01981	0.01550	0.01981	0.01378	0.02067	0.01034	0.00775	0.00775	0.00258	0.01034	0.00689	0.00345	0.00861
36	0.01117	0.00747	0.00849	0.00860	0.00862	0.00744	0.00485	0.01125	0.01149	0.01532	0.02552	0.09058	0.02956	0.68580	0.03771	0.00726	0.00734	0.01191	0.00485	0.00479
37	0.01885	0.01808	0.03086	0.09695	0.63244	0.01833	0.02363	0.02350	0.01749	0.02492	0.01452	0.01930	0.01214	0.00697	0.00768	0.00232	0.00930	0.00691	0.00381	0.01201
38	0.00945	0.00675	0.00900	0.01080	0.01125	0.00630	0.00720	0.01080	0.01484	0.01979	0.04274	0.72245	0.05128	0.02429	0.00990	0.00315	0.00450	0.02204	0.00720	0.00630
39	0.01642	0.01447	0.02349	0.34068	0.03701	0.01660	0.11169	0.08335	0.01774	0.02451	0.01749	0.05660	0.01443	0.01098	0.03465	0.00291	0.05710	0.00808	0.10281	0.00898

[dist]
# distance from previous block
# <min> <max>
0	1

[block]
# block no. 2 follows, 25 sequences, length 139
# corresponding to MSA columns:
# 118-256
name=unknown_C
#
# <colnr> <probs for GDERKNQSTAVLIFYWHMCP>
#	G	D	E	R	K	N	Q	S	T	A	V	L	I	F	Y	W	H	M	C	P
0	0.01711	0.01707	0.02300	0.09319	0.02360	0.04989	0.01693	0.01926	0.01284	0.01918	0.01121	0.01769	0.01055	0.01255	0.02205	0.00319	0.58307	0.00674	0.03240	0.00847
1	0.01707	0.01380	0.01616	0.01179	0.01838	0.01075	0.00941	0.04414	0.01705	0.05172	0.01570	0.04287	0.01333	0.00672	0.00605	0.00132	0.00584	0.00546	0.00501	0.68742
2	0.07001	0.12810	0.52509	0.01992	0.03004	0.01990	0.02459	0.05337	0.01700	0.02556	0.01351	0.01570	0.00990	0.00735	0.00689	0.00234	0.01053	0.00547	0.00359	0.01113
3	0.02421	0.35526	0.03013	0.01647	0.02172	0.32251	0.01392	0.02841	0.08289	0.01997	0.01337	0.01475	0.01133	0.00762	0.00615	0.00190	0.01058	0.00498	0.00407	0.00976
4	0.74695	0.04826	0.01275	0.01034	0.01522	0.01801	0.00862	0.02281	0.01331	0.03402	0.01080	0.01259	0.00847	0.00717	0.00481	0.00236	0.00610	0.00420	0.00473	0.00847
5	0.01509	0.01424	0.02437	0.52503	0.07896	0.01699	0.07310	0.01994	0.01566	0.02082	0.01544	0.04940	0.01260	0.00864	0.00880	0.00261	0.04733	0.00771	0.03450	0.00880
6	0.00945	0.00675	0.00900	0.01080	0.01125	0.00630	0.00720	0.01080	0.01484	0.01979	0.04274	0.72245	0.05128	0.02429	0.00990	0.00315	0.00450	0.02204	0.00720	0.00630
7	0.01787	0.02392	0.14613	0.03102	0.03943	0.01936	0.55362	0.02479	0.01800	0.02479	0.01541	0.02020	0.01146	0.00667	0.00887	0.00259	0.01282	0.00862	0.00382	0.01061
8	0.00930	0.00786	0.00804	0.00799	0.01055	0.00660	0.00599	0.01138	0.01798	0.02168	0.12185	0.07341	0.63223	0.01936	0.00916	0.00261	0.00391	0.01619	0.00730	0.00660
9	0.01464	0.01378	0.02326	0.70887	0.05340	0.01723	0.02153	0.01981	0.01550	0.01981	0.01378	0.02067	0.01034	0.00775	0.00775	0.00258	0.01034	0.00689	0.00345	0.00861
10	0.03479	0.01320	0.01799	0.01380	0.01979	0.01140	0.01140	0.03779	0.02219	0.68451	0.03059	0.02639	0.01919	0.00960	0.00780	0.00240	0.00660	0.00780	0.00960	0.01320
11	0.02902	0.03533	0.02211	0.01975	0.02398	0.62479	0.01496	0.09722	0.02351	0.02216	0.01269	0.01448	0.01033	0.00813	0.00707	0.00203	0.01340	0.00521	0.00440	0.00944
12	0.01830	0.02092	0.04575	0.03268	0.04052	0.01961	0.65098	0.02484	0.01830	0.02484	0.01569	0.02092	0.01176	0.00654	0.00915	0.00261	0.01307	0.00915	0.00392	0.01046
13	0.78228	0.01499	0.01140	0.01020	0.01499	0.01739	0.00840	0.02279	0.01320	0.03479	0.01080	0.01260	0.00840	0.00720	0.00480	0.00240	0.00600	0.00420	0.00480	0.00840
14	0.01696	0.01696	0.02375	0.02036	0.02036	0.02375	0.01696	0.01866	0.01187	0.01866	0.01018	0.01696	0.01018	0.01357	0.02545	0.00339	0.71332	0.00679	0.00339	0.00848
15	0.02758	0.02078	0.02220	0.01746	0.02332	0.02316	0.01428	0.53955	0.15327	0.04581	0.02102	0.02053	0.01513	0.00953	0.00778	0.00238	0.00809	0.00731	0.00778	0.01302
16	0.01051	0.00775	0.00971	0.00952	0.01122	0.00708	0.00695	0.01345	0.01990	0.02734	0.47221	0.14258	0.16372	0.05045	0.01064	0.00279	0.00398	0.01526	0.00798	0.00695
17	0.01797	0.02024	0.04368	0.03239	0.06501	0.01902	0.59947	0.02422	0.01813	0.02465	0.01675	0.04949	0.01340	0.00728	0.00912	0.00262	0.01257	0.00959	0.00405	0.01036
18	0.01097	0.00793	0.01036	0.00975	0.01158	0.00732	0.00732	0.01463	0.02195	0.03109	0.67505	0.05792	0.07316	0.01585	0.00914	0.00244	0.00366	0.01402	0.00854	0.00732
19	0.01817	0.06494	0.07071	0.03935	0.07339	0.01495	0.04238	0.05073	0.12859	0.09574	0.12077	0.04078	0.03019	0.01223	0.00833	0.00262	0.00727	0.13332	0.03551	0.01004
20	0.02131	0.68324	0.03932	0.01374	0.02019	0.07753	0.01339	0.02376	0.01619	0.01829	0.01086	0.01255	0.00995	0.00673	0.00512	0.00168	0.00869	0.00421	0.00336	0.00988
21	0.00945	0.00675	0.00900	0.01080	0.01125	0.00630	0.00720	0.01080	0.01484	0.01979	0.04274	0.72245	0.05128	0.02429	0.00990	0.00315	0.00450	0.02204	0.00720	0.00630
22	0.01597	0.09584	0.63526	0.02139	0.03246	0.01903	0.02741	0.02445	0.01632	0.02405	0.01366	0.01605	0.00983	0.00731	0.00717	0.00239	0.01120	0.00560	0.00328	0.01134
23	0.00945	0.00675	0.00900	0.01080	0.01125	0.00630	0.00720	0.01080	0.01484	0.01979	0.04274	0.72245	0.05128	0.02429	0.00990	0.00315	0.00450	0.02204	0.00720	0.00630
24	0.01731	0.01628	0.02624	0.25796	0.37272	0.01765	0.02101	0.02396	0.09072	0.02416	0.01887	0.02305	0.04005	0.00811	0.00779	0.00244	0.00901	0.00750	0.00431	0.01085
25	0.02078	0.01737	0.11370	0.01427	0.02137	0.01186	0.03298	0.02492	0.01776	0.19951	0.01940	0.04562	0.01480	0.00772	0.00679	0.00179	0.00698	0.00641	0.00581	0.41016
26	0.01071	0.00787	0.01002	0.00958	0.01144	0.00719	0.00715	0.01408	0.02117	0.02948	0.58170	0.08695	0.14051	0.01662	0.00918	0.00249	0.00372	0.01461	0.00833	0.00719
27	0.01484	0.04830	0.01548	0.04841	0.01714	0.01139	0.03396	0.04680	0.04217	0.08410	0.13059	0.36653	0.04120	0.01751	0.00974	0.00280	0.03845	0.01541	0.00698	0.00820
28	0.02358	0.01274	0.01700	0.01363	0.01869	0.01122	0.03977	0.05071	0.04539	0.31630	0.03010	0.15259	0.04984	0.01175	0.00787	0.00230	0.00628	0.01014	0.00760	0.17250
29	0.47532	0.24448	0.05681	0.01205	0.01783	0.02186	0.01122	0.04344	0.01493	0.02944	0.01121	0.01294	0.00912	0.00710	0.00509	0.00216	0.00710	0.00435	0.00434	0.00921
30	0.02980	0.09048	0.02381	0.01648	0.02268	0.02186	0.01384	0.45218	0.03119	0.18878	0.02053	0.01975	0.01422	0.00911	0.00749	0.00228	0.00807	0.00688	0.00773	0.01287
31	0.01702	0.06421	0.01943	0.01283	0.01972	0.01270	0.03945	0.04424	0.01694	0.02566	0.01385	0.01615	0.01146	0.00598	0.00592	0.00130	0.00637	0.00487	0.00459	0.65733
32	0.02187	0.65463	0.03841	0.01375	0.02018	0.07603	0.01331	0.02435	0.01645	0.04550	0.01167	0.01311	0.01033	0.00685	0.00523	0.00171	0.00862	0.00435	0.00362	0.01002
33	0.01371	0.00740	0.00803	0.00799	0.00966	0.00749	0.00594	0.01705	0.01601	0.02724	0.06983	0.03223	0.02396	0.05238	0.07625	0.00321	0.00553	0.00802	0.60101	0.00707
34	0.01625	0.01393	0.01615	0.01171	0.01847	0.01081	0.00935	0.02067	0.05039	0.02564	0.01472	0.01676	0.01213	0.00599	0.00586	0.00123	0.00576	0.00481	0.00477	0.73459
35	0.02392	0.01509	0.02376	0.12323	0.05852	0.01480	0.12467	0.07182	0.04712	0.27186	0.06901	0.02793	0.02047	0.00942	0.00815	0.00246	0.00830	0.03154	0.00686	0.04107
36	0.01548	0.03783	0.64020	0.02107	0.03186	0.01726	0.02704	0.02411	0.01636	0.02486	0.01470	0.01724	0.01052	0.00748	0.00723	0.00241	0.01092	0.00583	0.05645	0.01117
37	0.06302	0.01326	0.01774	0.01366	0.01961	0.01162	0.01128	0.03722	0.02185	0.65997	0.02984	0.02587	0.01879	0.00951	0.00768	0.00240	0.00658	0.00766	0.00942	0.01301
38	0.01088	0.00792	0.01023	0.00965	0.01152	0.00728	0.00724	0.01445	0.02172	0.03056	0.64351	0.05880	0.10503	0.01605	0.00915	0.00245	0.00367	0.01415	0.00846	0.00728
39	0.01696	0.01696	0.02375	0.02036	0.02036	0.02375	0.01696	0.01866	0.01187	0.01866	0.01018	0.01696	0.01018	0.01357	0.02545	0.00339	0.71332	0.00679	0.00339	0.00848
40	0.78228	0.01499	0.01140	0.01020	0.01499	0.01739	0.00840	0.02279	0.01320	0.03479	0.01080	0.01260	0.00840	0.00720	0.00480	0.00240	0.00600	0.00420	0.00480	0.00840
41	0.02797	0.02097	0.02242	0.01754	0.02347	0.02334	0.01437	0.56309	0.12910	0.04644	0.02052	0.02014	0.01473	0.00949	0.00778	0.00237	0.00818	0.00724	0.00778	0.01305
42	0.01108	0.00828	0.01230	0.01230	0.01364	0.00961	0.00950	0.01375	0.01241	0.01788	0.02091	0.03125	0.01973	0.08430	0.67110	0.01227	0.02025	0.00842	0.00417	0.00684
43	0.01018	0.00728	0.00983	0.01153	0.01233	0.00692	0.00838	0.01211	0.01578	0.02098	0.06653	0.55594	0.05064	0.02333	0.01005	0.00322	0.00505	0.15616	0.00724	0.00652
44	0.01687	0.01569	0.02551	0.39018	0.18925	0.01814	0.05256	0.04784	0.05112	0.02339	0.01532	0.02070	0.01196	0.00814	0.00893	0.00254	0.05701	0.00712	0.02786	0.00987
45	0.02177	0.02473	0.02392	0.02319	0.09367	0.27920	0.01696	0.02390	0.01635	0.01951	0.01135	0.01607	0.01034	0.01072	0.01648	0.00274	0.37024	0.00612	0.00367	0.00909
46	0.01347	0.00673	0.01010	0.01010	0.01010	0.00673	0.00673	0.01010	0.01010	0.01347	0.01347	0.02357	0.01347	0.02694	0.03030	0.77441	0.00673	0.00673	0.00337	0.00337
47	0.02411	0.01936	0.06584	0.01538	0.02202	0.03655	0.01324	0.26693	0.05025	0.11962	0.01846	0.01885	0.01345	0.00798	0.00701	0.00194	0.00758	0.00618	0.00648	0.27878
48	0.03028	0.02043	0.02247	0.01723	0.02340	0.02214	0.01423	0.56035	0.03430	0.14484	0.02042	0.01979	0.01409	0.00935	0.00776	0.00234	0.00824	0.00710	0.00803	0.01319
49	0.00916	0.00785	0.00785	0.00785	0.01047	0.00655	0.00589	0.01113	0.01767	0.02095	0.07855	0.07462	0.67599	0.01964	0.00916	0.00262	0.00393	0.01636	0.00720	0.00655
50	0.01667	0.01718	0.03313	0.35770	0.13043	0.01831	0.26799	0.02230	0.01688	0.02250	0.01463	0.02057	0.01115	0.00717	0.00829	0.00256	0.01126	0.00778	0.00368	0.00982
51	0.02220	0.02093	0.05797	0.02367	0.03023	0.02082	0.27723	0.26494	0.08802	0.03478	0.04504	0.02203	0.01585	0.00860	0.00890	0.00252	0.03055	0.00828	0.00591	0.01153
52	0.01791	0.01983	0.04087	0.07856	0.06327	0.01992	0.50337	0.02367	0.01727	0.02373	0.01482	0.02033	0.01149	0.00752	0.01105	0.00270	0.10111	0.00861	0.00382	0.01015
53	0.78228	0.01499	0.01140	0.01020	0.01499	0.01739	0.00840	0.02279	0.01320	0.03479	0.01080	0.01260	0.00840	0.00720	0.00480	0.00240	0.00600	0.00420	0.00480	0.00840
54	0.00943	0.00681	0.00894	0.01064	0.01121	0.00631	0.00713	0.01081	0.01499	0.01985	0.04464	0.68805	0.08445	0.02404	0.00986	0.00312	0.00447	0.02174	0.00720	0.00631
55	0.02836	0.05729	0.02344	0.01713	0.02316	0.02363	0.01425	0.59282	0.03450	0.04641	0.01851	0.01876	0.01332	0.00916	0.00751	0.00227	0.00830	0.00685	0.04157	0.01276
56	0.01463	0.01352	0.02261	0.68066	0.05162	0.01682	0.02089	0.01974	0.01553	0.02018	0.01424	0.02100	0.01072	0.00780	0.00766	0.00255	0.01007	0.00690	0.03429	0.00856
57	0.01249	0.00892	0.01249	0.01428	0.01606	0.00892	0.01249	0.01606	0.01785	0.02320	0.04105	0.08746	0.04462	0.02142	0.01071	0.00357	0.00714	0.62695	0.00714	0.00714
58	0.06485	0.05710	0.02540	0.07922	0.19391	0.28349	0.03559	0.08915	0.02096	0.05853	0.01438	0.01698	0.01135	0.00776	0.00720	0.00220	0.01086	0.00601	0.00458	0.01049
59	0.01464	0.01378	0.02326	0.70887	0.05340	0.01723	0.02153	0.01981	0.01550	0.01981	0.01378	0.02067	0.01034	0.00775	0.00775	0.00258	0.01034	0.00689	0.00345	0.00861
60	0.01907	0.01641	0.01737	0.01573	0.02003	0.01895	0.01228	0.04040	0.64447	0.03214	0.03186	0.03080	0.02434	0.01087	0.00798	0.00266	0.00617	0.02850	0.00787	0.01211
61	0.01696	0.01696	0.02375	0.02036	0.02036	0.02375	0.01696	0.01866	0.01187	0.01866	0.01018	0.01696	0.01018	0.01357	0.02545	0.00339	0.71332	0.00679	0.00339	0.00848
62	0.00934	0.00791	0.00810	0.00820	0.01077	0.00667	0.00624	0.01139	0.01768	0.02107	0.07656	0.07530	0.64247	0.01973	0.00925	0.00267	0.00410	0.04879	0.00720	0.00658
63	0.01696	0.01696	0.02375	0.02036	0.02036	0.02375	0.01696	0.01866	0.01187	0.01866	0.01018	0.01696	0.01018	0.01357	0.02545	0.00339	0.71332	0.00679	0.00339	0.00848
64	0.00945	0.00675	0.00900	0.01080	0.01125	0.00630	0.00720	0.01080	0.01484	0.01979	0.04274	0.72245	0.05128	0.02429	0.00990	0.00315	0.00450	0.02204	0.00720	0.00630
65	0.03424	0.01407	0.01854	0.01421	0.02023	0.01270	0.01174	0.10130	0.02366	0.61892	0.02935	0.02559	0.01857	0.00957	0.00779	0.00239	0.00680	0.00771	0.00941	0.01319
66	0.01985	0.01595	0.01815	0.03967	0.02109	0.01487	0.01127	0.19330	0.06811	0.03209	0.01670	0.01823	0.01302	0.00722	0.00651	0.00165	0.00664	0.00570	0.02789	0.46206
67	0.78228	0.01499	0.01140	0.01020	0.01499	0.01739	0.00840	0.02279	0.01320	0.03479	0.01080	0.01260	0.00840	0.00720	0.00480	0.00240	0.00600	0.00420	0.00480	0.00840
68	0.00945	0.00675	0.00900	0.01080	0.01125	0.00630	0.00720	0.01080	0.01484	0.01979	0.04274	0.72245	0.05128	0.02429	0.00990	0.00315	0.00450	0.02204	0.00720	0.00630
69	0.01678	0.01376	0.01615	0.01157	0.01843	0.01038	0.00927	0.02021	0.01631	0.05010	0.01441	0.01647	0.01177	0.00589	0.00582	0.00120	0.00577	0.00471	0.00478	0.74621
70	0.71628	0.01639	0.04407	0.01164	0.01687	0.01751	0.03498	0.02296	0.01355	0.03392	0.01114	0.01310	0.00860	0.00718	0.00509	0.00241	0.00653	0.00447	0.00469	0.00862
71	0.01802	0.10051	0.55877	0.02043	0.03088	0.01848	0.02545	0.02581	0.01692	0.09251	0.01536	0.01705	0.01081	0.00753	0.00719	0.00238	0.01066	0.00580	0.00393	0.01150
72	0.15902	0.32046	0.17966	0.01629	0.02369	0.02400	0.04975	0.10086	0.01810	0.02679	0.01271	0.01456	0.01013	0.00722	0.00605	0.00211	0.00887	0.00513	0.00415	0.01043
73	0.53901	0.01695	0.05148	0.08329	0.02309	0.01776	0.08871	0.02369	0.04439	0.03146	0.01281	0.01535	0.00978	0.00733	0.00589	0.00246	0.00757	0.00536	0.00462	0.00900
74	0.01086	0.00792	0.01020	0.00963	0.01151	0.00727	0.00722	0.01440	0.02167	0.03043	0.63626	0.05900	0.11236	0.01610	0.00915	0.00245	0.00368	0.01417	0.00845	0.00727
75	0.00929	0.00786	0.00803	0.00799	0.01055	0.00660	0.00599	0.01137	0.01797	0.02165	0.11989	0.07346	0.63421	0.01937	0.00916	0.00261	0.00391	0.01620	0.00729	0.00660
76	0.02947	0.02172	0.02327	0.01784	0.02404	0.02404	0.01474	0.65329	0.03646	0.04887	0.01862	0.01862	0.01319	0.00931	0.00776	0.00233	0.00853	0.00698	0.00776	0.01319
77	0.78228	0.01499	0.01140	0.01020	0.01499	0.01739	0.00840	0.02279	0.01320	0.03479	0.01080	0.01260	0.00840	0.00720	0.00480	0.00240	0.00600	0.00420	0.00480	0.00840
78	0.01249	0.00892	0.01249	0.01428	0.01606	0.00892	0.01249	0.01606	0.01785	0.02320	0.04105	0.08746	0.04462	0.02142	0.01071	0.00357	0.00714	0.62695	0.00714	0.00714
79	0.01464	0.01378	0.02326	0.70887	0.05340	0.01723	0.02153	0.01981	0.01550	0.01981	0.01378	0.02067	0.01034	0.00775	0.00775	0.00258	0.01034	0.00689	0.00345	0.00861
80	0.11841	0.01864	0.05419	0.08037	0.29436	0.01831	0.15968	0.02386	0.04114	0.02601	0.01465	0.01882	0.01173	0.00731	0.00832	0.00241	0.04094	0.00695	0.00411	0.04979
81	0.04982	0.30863	0.02911	0.01681	0.02209	0.34556	0.01407	0.08956	0.02068	0.02217	0.01213	0.01379	0.01024	0.00756	0.00620	0.00191	0.01094	0.00483	0.00413	0.00977
82	0.01445	0.00723	0.00723	0.00723	0.00903	0.00723	0.00542	0.01807	0.01626	0.02891	0.02529	0.02891	0.01987	0.00903	0.00542	0.00181	0.00361	0.00723	0.77055	0.00723
83	0.02126	0.64646	0.03825	0.01371	0.02020	0.02964	0.01332	0.06780	0.05029	0.02109	0.01238	0.01371	0.01087	0.00702	0.00532	0.00175	0.00820	0.00458	0.00386	0.01029
84	0.00945	0.00675	0.00900	0.01080	0.01125	0.00630	0.00720	0.01080	0.01484	0.01979	0.04274	0.72245	0.05128	0.02429	0.00990	0.00315	0.00450	0.02204	0.00720	0.00630
85	0.03353	0.01292	0.01759	0.01358	0.01936	0.01118	0.01118	0.03656	0.02218	0.64997	0.06466	0.02806	0.02205	0.00993	0.00787	0.00240	0.00644	0.00813	0.00954	0.01288
86	0.01046	0.00791	0.00965	0.00921	0.01127	0.00710	0.00691	0.01363	0.02073	0.02820	0.50491	0.06268	0.24511	0.01693	0.00915	0.00249	0.00373	0.01469	0.00815	0.00710
87	0.01117	0.00792	0.01052	0.01052	0.01123	0.00864	0.00727	0.01260	0.01189	0.01656	0.02254	0.04030	0.02365	0.38283	0.37794	0.01006	0.01434	0.00975	0.00442	0.00584
88	0.00941	0.00786	0.00820	0.00812	0.01063	0.00665	0.00609	0.01161	0.01826	0.02234	0.16063	0.07232	0.59304	0.01912	0.00916	0.00259	0.00389	0.01604	0.00738	0.00665
89	0.02141	0.67457	0.03908	0.01382	0.02024	0.08583	0.01341	0.02386	0.01627	0.01830	0.01088	0.01257	0.00995	0.00675	0.00514	0.00169	0.00876	0.00422	0.00337	0.00987
90	0.01090	0.00792	0.01026	0.00968	0.01154	0.00728	0.00726	0.01449	0.02178	0.03068	0.65106	0.05859	0.09740	0.01600	0.00915	0.00245	0.00367	0.01412	0.00848	0.00728
91	0.01811	0.01426	0.01750	0.01360	0.01906	0.01297	0.03631	0.08427	0.07368	0.06256	0.01982	0.08455	0.01715	0.00897	0.00762	0.00183	0.03776	0.00739	0.04108	0.42152
92	0.09367	0.01740	0.02820	0.08450	0.54706	0.01786	0.02168	0.02313	0.01709	0.02582	0.01524	0.02142	0.01310	0.00758	0.00752	0.00238	0.00888	0.03196	0.00404	0.01146
93	0.03479	0.01320	0.01799	0.01380	0.01979	0.01140	0.01140	0.03779	0.02219	0.68451	0.03059	0.02639	0.01919	0.00960	0.00780	0.00240	0.00660	0.00780	0.00960	0.01320
94	0.00955	0.00701	0.00899	0.01053	0.01136	0.00646	0.00725	0.01109	0.01540	0.02012	0.04791	0.59790	0.14268	0.02347	0.00983	0.00309	0.00454	0.04927	0.00720	0.00637
95	0.03157	0.01644	0.02152	0.01640	0.02254	0.01606	0.05677	0.22510	0.04495	0.42559	0.02593	0.02371	0.01697	0.00932	0.00788	0.00240	0.00762	0.00767	0.00859	0.01298
96	0.04891	0.68393	0.05968	0.01343	0.02014	0.02979	0.01356	0.02324	0.01568	0.01905	0.01088	0.01257	0.00989	0.00668	0.00504	0.00171	0.00831	0.00420	0.00337	0.00994
97	0.75789	0.01521	0.01178	0.01044	0.01529	0.01761	0.00860	0.04321	0.01395	0.03524	0.01105	0.01279	0.00855	0.00727	0.00489	0.00240	0.00608	0.00429	0.00489	0.00855
98	0.00960	0.00816	0.00831	0.00822	0.01086	0.00702	0.00618	0.01233	0.03983	0.02185	0.10736	0.07222	0.62316	0.01913	0.00912	0.00261	0.00399	0.01599	0.00729	0.00678
99	0.01663	0.02771	0.32838	0.05932	0.12903	0.04396	0.07041	0.02296	0.01678	0.02413	0.01538	0.04991	0.01259	0.00778	0.00739	0.00224	0.00996	0.00676	0.00386	0.14483
100	0.01128	0.00752	0.00846	0.00846	0.00846	0.00752	0.00470	0.01128	0.01128	0.01503	0.02443	0.05074	0.02819	0.72751	0.03946	0.00752	0.00752	0.01128	0.00470	0.00470
101	0.01125	0.00761	0.00894	0.00894	0.00911	0.00778	0.00530	0.01159	0.01142	0.01539	0.02399	0.04828	0.02712	0.64648	0.11904	0.00812	0.00912	0.01092	0.00463	0.00497
102	0.01352	0.00702	0.01064	0.03864	0.01187	0.00716	0.00734	0.01050	0.01032	0.01373	0.01348	0.02345	0.01334	0.02615	0.02938	0.74289	0.00688	0.00674	0.00337	0.00358
103	0.02947	0.02172	0.02327	0.01784	0.02404	0.02404	0.01474	0.65329	0.03646	0.04887	0.01862	0.01862	0.01319	0.00931	0.00776	0.00233	0.00853	0.00698	0.00776	0.01319
104	0.01741	0.19243	0.51027	0.01993	0.03005	0.02112	0.02453	0.05631	0.01726	0.02440	0.01346	0.01561	0.01002	0.00730	0.00686	0.00227	0.01061	0.00544	0.00351	0.01121
105	0.02896	0.03695	0.02197	0.01998	0.02397	0.69638	0.01498	0.03096	0.02197	0.01898	0.01199	0.01398	0.00999	0.00799	0.00699	0.00200	0.01398	0.00499	0.00400	0.00899
106	0.68889	0.04212	0.01387	0.03987	0.04635	0.01793	0.00979	0.02273	0.01358	0.03314	0.01108	0.01321	0.00871	0.00719	0.00505	0.00237	0.00640	0.00442	0.00465	0.00864
107	0.01097	0.00793	0.01036	0.00975	0.01158	0.00732	0.00732	0.01463	0.02195	0.03109	0.67505	0.05792	0.07316	0.01585	0.00914	0.00244	0.00366	0.01402	0.00854	0.00732
108	0.00943	0.00682	0.00892	0.01059	0.01119	0.00631	0.00711	0.01082	0.01504	0.01987	0.04522	0.67755	0.09458	0.02397	0.00985	0.00311	0.00446	0.02165	0.00720	0.00631
109	0.00945	0.00675	0.00900	0.01080	0.01125	0.00630	0.00720	0.01080	0.01484	0.01979	0.04274	0.72245	0.05128	0.02429	0.00990	0.00315	0.00450	0.02204	0.00720	0.00630
110	0.01929	0.01666	0.01753	0.01578	0.02016	0.01929	0.01227	0.04120	0.66513	0.03243	0.03156	0.02893	0.02367	0.01052	0.00789	0.00263	0.00614	0.00877	0.00789	0.01227
111	0.02248	0.01489	0.04423	0.01302	0.01961	0.01172	0.01096	0.02749	0.07011	0.24324	0.02075	0.02052	0.01494	0.00746	0.00666	0.00173	0.00629	0.00603	0.00645	0.43141
112	0.78228	0.01499	0.01140	0.01020	0.01499	0.01739	0.00840	0.02279	0.01320	0.03479	0.01080	0.01260	0.00840	0.00720	0.00480	0.00240	0.00600	0.00420	0.00480	0.00840
113	0.02315	0.52776	0.03514	0.01524	0.02110	0.22641	0.01377	0.02549	0.01758	0.01846	0.01113	0.01289	0.00996	0.00703	0.00557	0.00176	0.00997	0.00440	0.00352	0.00967
114	0.02910	0.04164	0.01951	0.01570	0.04522	0.01522	0.01229	0.11201	0.14320	0.40828	0.02986	0.02704	0.04489	0.00992	0.00775	0.00241	0.00681	0.00805	0.00850	0.01260
115	0.01813	0.12680	0.53723	0.02013	0.03043	0.01899	0.02495	0.02570	0.01687	0.08939	0.01517	0.01686	0.01077	0.00749	0.00710	0.00235	0.01057	0.00573	0.00391	0.01144
116	0.78228	0.01499	0.01140	0.01020	0.01499	0.01739	0.00840	0.02279	0.01320	0.03479	0.01080	0.01260	0.00840	0.00720	0.00480	0.00240	0.00600	0.00420	0.00480	0.00840
117	0.01646	0.01515	0.02500	0.11459	0.43307	0.01542	0.01965	0.02062	0.01740	0.02412	0.05155	0.08378	0.05156	0.01068	0.00827	0.00254	0.00829	0.06668	0.00472	0.01043
118	0.00944	0.00679	0.00895	0.01069	0.01122	0.00631	0.00715	0.01081	0.01495	0.01984	0.04408	0.69804	0.07482	0.02412	0.00987	0.00313	0.00448	0.02183	0.00720	0.00631
119	0.05163	0.01034	0.01374	0.01234	0.01568	0.00918	0.03281	0.01996	0.01704	0.18970	0.03438	0.36237	0.05728	0.01630	0.00848	0.00260	0.00558	0.01443	0.00720	0.11897
120	0.01837	0.01414	0.01661	0.01201	0.01879	0.01113	0.00966	0.05341	0.01764	0.08331	0.01548	0.01710	0.01224	0.00626	0.00602	0.00132	0.00596	0.00499	0.00519	0.67040
121	0.01741	0.01576	0.02638	0.10817	0.39652	0.01610	0.07140	0.02261	0.04296	0.02524	0.01833	0.05721	0.01563	0.00832	0.00758	0.00234	0.00844	0.00799	0.12094	0.01066
122	0.01108	0.00831	0.01246	0.01246	0.01385	0.00969	0.00969	0.01385	0.01246	0.01800	0.02077	0.03046	0.01938	0.05815	0.69678	0.01246	0.02077	0.00831	0.00415	0.00692
123	0.01128	0.00752	0.00846	0.00846	0.00846	0.00752	0.00470	0.01128	0.01128	0.01503	0.02443	0.05074	0.02819	0.72751	0.03946	0.00752	0.00752	0.01128	0.00470	0.00470
124	0.02356	0.01679	0.01818	0.01489	0.01973	0.01818	0.01197	0.34343	0.15005	0.08380	0.03014	0.05954	0.09104	0.01134	0.00785	0.00242	0.00686	0.00910	0.06964	0.01149
125	0.01483	0.01386	0.02331	0.63520	0.05003	0.01716	0.03930	0.01985	0.01548	0.02027	0.01415	0.02086	0.01074	0.00799	0.00838	0.00259	0.03701	0.00697	0.03343	0.00861
126	0.03479	0.01320	0.01799	0.01380	0.01979	0.01140	0.01140	0.03779	0.02219	0.68451	0.03059	0.02639	0.01919	0.00960	0.00780	0.00240	0.00660	0.00780	0.00960	0.01320
127	0.01179	0.01021	0.01746	0.01553	0.01798	0.00954	0.14942	0.01478	0.01699	0.02289	0.13665	0.40475	0.07056	0.01872	0.00963	0.00292	0.00638	0.04970	0.00668	0.00743
128	0.01531	0.01493	0.02666	0.59242	0.07281	0.01760	0.10915	0.02064	0.01597	0.02070	0.01407	0.02066	0.01060	0.00755	0.00794	0.00258	0.01068	0.00721	0.00352	0.00899
129	0.00945	0.00675	0.00900	0.01080	0.01125	0.00630	0.00720	0.01080	0.01484	0.01979	0.04274	0.72245	0.05128	0.02429	0.00990	0.00315	0.00450	0.02204	0.00720	0.00630
130	0.01771	0.01678	0.02782	0.26154	0.42894	0.01809	0.02226	0.02370	0.06183	0.02402	0.01550	0.02035	0.01243	0.00743	0.00772	0.00242	0.00937	0.00703	0.00399	0.01108
131	0.01604	0.01561	0.06260	0.01222	0.01943	0.01087	0.01054	0.01987	0.01610	0.02522	0.01379	0.01610	0.01137	0.00585	0.00585	0.00124	0.00614	0.00467	0.00450	0.72199
132	0.02130	0.01734	0.01855	0.01580	0.02065	0.01932	0.01248	0.20031	0.42358	0.03570	0.02742	0.05747	0.02133	0.01051	0.00780	0.00247	0.00667	0.00862	0.00759	0.06509
133	0.01723	0.01626	0.02436	0.46397	0.04376	0.04870	0.07612	0.08131	0.01813	0.02368	0.01433	0.01962	0.01086	0.00755	0.00760	0.00236	0.01002	0.00673	0.00407	0.10335
134	0.02155	0.01569	0.05169	0.06145	0.02014	0.01566	0.01195	0.28428	0.02463	0.06138	0.02084	0.02306	0.01560	0.00971	0.00775	0.03297	0.00679	0.00702	0.29772	0.01012
135	0.01413	0.08487	0.21370	0.01430	0.01973	0.03521	0.01461	0.05136	0.01821	0.02394	0.09019	0.13657	0.20052	0.01431	0.00827	0.00254	0.00730	0.03570	0.00572	0.00879
136	0.00982	0.00738	0.00968	0.01106	0.01167	0.00725	0.00761	0.01124	0.01492	0.01983	0.04400	0.63083	0.10133	0.02333	0.01066	0.00312	0.04209	0.02076	0.00700	0.00643
137	0.01710	0.04974	0.10081	0.01511	0.05554	0.01334	0.01283	0.05418	0.01726	0.02612	0.01396	0.01625	0.01134	0.00623	0.00612	0.00146	0.00689	0.00496	0.00450	0.56624
138	0.00992	0.00750	0.01095	0.01196	0.01280	0.00700	0.04138	0.01154	0.01503	0.02006	0.04130	0.68520	0.04918	0.02335	0.00986	0.00312	0.00495	0.02136	0.00702	0.00652

[dist]
# distance from previous block
# <min> <max>
0	17

# created by:
# /st0/software/busco_prod/Augustus/scripts/msa2prfl.pl ./align_prep/114650.fa
