[name]
unknown

[dist]
# distance from previous block
# <min> <max>
0	40

[block]
# block no. 0 follows, 24 sequences, length 188
# corresponding to MSA columns:
# 45-232
name=unknown_A
#
# <colnr> <probs for GDERKNQSTAVLIFYWHMCP>
#	G	D	E	R	K	N	Q	S	T	A	V	L	I	F	Y	W	H	M	C	P
0	0.01278	0.00913	0.01278	0.01460	0.01643	0.00913	0.01278	0.01643	0.01825	0.02373	0.04199	0.08945	0.04564	0.02191	0.01095	0.00365	0.00730	0.61847	0.00730	0.00730
1	0.03164	0.01262	0.01714	0.01344	0.01889	0.01098	0.01098	0.03482	0.02266	0.57304	0.13411	0.03220	0.02855	0.01085	0.00820	0.00246	0.00626	0.00900	0.00964	0.01252
2	0.01946	0.01674	0.01774	0.01608	0.02046	0.01932	0.01256	0.04117	0.63338	0.03282	0.03264	0.03185	0.02502	0.01118	0.00818	0.00273	0.00631	0.03199	0.00804	0.01235
3	0.01590	0.04102	0.68023	0.02260	0.03432	0.01842	0.02930	0.02511	0.01674	0.02511	0.01423	0.01674	0.01005	0.00753	0.00753	0.00251	0.01172	0.00586	0.00335	0.01172
4	0.77733	0.01534	0.01166	0.01043	0.01534	0.01779	0.00859	0.02331	0.01350	0.03558	0.01104	0.01288	0.00859	0.00736	0.00491	0.00245	0.00613	0.00429	0.00491	0.00859
5	0.01808	0.28038	0.38508	0.02061	0.03018	0.02317	0.09155	0.02466	0.01674	0.02287	0.01330	0.01584	0.01031	0.00718	0.00687	0.00224	0.01076	0.00568	0.00344	0.01106
6	0.01644	0.01409	0.01644	0.01175	0.01879	0.01057	0.00940	0.01997	0.01644	0.02584	0.01409	0.01644	0.01175	0.00587	0.00587	0.00117	0.00587	0.00470	0.00470	0.76979
7	0.02150	0.01725	0.01844	0.01619	0.02092	0.01965	0.01270	0.09105	0.56975	0.07236	0.03114	0.02857	0.02306	0.01060	0.00805	0.00265	0.00650	0.00876	0.00816	0.01268
8	0.06596	0.60599	0.07917	0.01398	0.02094	0.02879	0.01418	0.02454	0.01632	0.05234	0.01222	0.01368	0.01054	0.00701	0.00537	0.00183	0.00846	0.00453	0.00379	0.01034
9	0.01315	0.00792	0.01042	0.01129	0.01243	0.00738	0.00784	0.01468	0.01575	0.09723	0.03959	0.50764	0.04496	0.11778	0.01404	0.00376	0.00543	0.05431	0.00730	0.00710
10	0.01187	0.00835	0.01022	0.00960	0.01192	0.00745	0.00725	0.01506	0.02116	0.06035	0.46184	0.06273	0.24868	0.01705	0.00929	0.00255	0.00397	0.01474	0.00838	0.00754
11	0.01963	0.01884	0.03219	0.04867	0.67185	0.01884	0.02434	0.02434	0.01806	0.02591	0.01492	0.01963	0.01256	0.00707	0.00785	0.00236	0.00942	0.00707	0.00393	0.01256
12	0.01122	0.00811	0.01060	0.00998	0.01185	0.00748	0.00748	0.01496	0.02245	0.03180	0.66766	0.05923	0.07482	0.01621	0.00935	0.00249	0.00374	0.01434	0.00873	0.00748
13	0.00984	0.00700	0.00922	0.01085	0.01133	0.00656	0.00720	0.01122	0.01523	0.02037	0.06627	0.64901	0.05180	0.06868	0.01201	0.00348	0.00476	0.02153	0.00725	0.00638
14	0.01735	0.01735	0.02429	0.02082	0.02082	0.02429	0.01735	0.01908	0.01214	0.01908	0.01041	0.01735	0.01041	0.01388	0.02602	0.00347	0.70680	0.00694	0.00347	0.00867
15	0.00966	0.00690	0.00920	0.01104	0.01150	0.00644	0.00736	0.01104	0.01518	0.02024	0.04371	0.71614	0.05245	0.02484	0.01012	0.00322	0.00460	0.02254	0.00736	0.00644
16	0.00966	0.00690	0.00920	0.01104	0.01150	0.00644	0.00736	0.01104	0.01518	0.02024	0.04371	0.71614	0.05245	0.02484	0.01012	0.00322	0.00460	0.02254	0.00736	0.00644
17	0.01376	0.00882	0.01152	0.01091	0.01310	0.00824	0.00826	0.01776	0.04265	0.09323	0.47996	0.13925	0.06372	0.01672	0.00934	0.00264	0.00437	0.03907	0.00858	0.00810
18	0.01028	0.00752	0.00981	0.01141	0.01244	0.00704	0.00833	0.01222	0.01620	0.02113	0.04804	0.50161	0.13009	0.02361	0.01020	0.00324	0.00510	0.14771	0.00735	0.00666
19	0.03086	0.02107	0.02309	0.01770	0.02402	0.02290	0.01462	0.56585	0.03537	0.13223	0.02064	0.02008	0.01429	0.00956	0.00794	0.00239	0.00847	0.00725	0.00818	0.01349
20	0.01151	0.00771	0.00877	0.00873	0.00885	0.00767	0.00497	0.01175	0.01222	0.01642	0.06574	0.05236	0.03175	0.67660	0.03839	0.00736	0.00744	0.01171	0.00505	0.00497
21	0.09161	0.01861	0.01966	0.01616	0.02144	0.02077	0.01303	0.31718	0.25273	0.06477	0.06243	0.02493	0.02075	0.01018	0.00780	0.00251	0.00726	0.00800	0.00783	0.01236
22	0.01377	0.00689	0.01033	0.01033	0.01033	0.00689	0.00689	0.01033	0.01033	0.01377	0.01377	0.02410	0.01377	0.02755	0.03099	0.76928	0.00689	0.00689	0.00344	0.00344
23	0.77733	0.01534	0.01166	0.01043	0.01534	0.01779	0.00859	0.02331	0.01350	0.03558	0.01104	0.01288	0.00859	0.00736	0.00491	0.00245	0.00613	0.00429	0.00491	0.00859
24	0.01354	0.00999	0.01334	0.01477	0.01689	0.01028	0.01275	0.01923	0.08799	0.02476	0.04093	0.08292	0.04330	0.02069	0.01064	0.00355	0.00719	0.55198	0.00739	0.00787
25	0.01872	0.02139	0.04679	0.03342	0.04144	0.02005	0.64305	0.02540	0.01872	0.02540	0.01604	0.02139	0.01203	0.00668	0.00936	0.00267	0.01337	0.00936	0.00401	0.01070
26	0.01079	0.00785	0.01019	0.01036	0.01192	0.00725	0.00763	0.01382	0.02011	0.02780	0.44002	0.22837	0.10530	0.01894	0.00963	0.00275	0.00416	0.04771	0.00822	0.00716
27	0.01377	0.00689	0.01033	0.01033	0.01033	0.00689	0.00689	0.01033	0.01033	0.01377	0.01377	0.02410	0.01377	0.02755	0.03099	0.76928	0.00689	0.00689	0.00344	0.00344
28	0.01122	0.00811	0.01060	0.00998	0.01185	0.00748	0.00748	0.01496	0.02245	0.03180	0.66766	0.05923	0.07482	0.01621	0.00935	0.00249	0.00374	0.01434	0.00873	0.00748
29	0.02665	0.02048	0.02183	0.01754	0.02326	0.02296	0.01423	0.44326	0.24512	0.04435	0.02347	0.02257	0.01708	0.00993	0.00798	0.00248	0.00790	0.00775	0.00798	0.01317
30	0.01153	0.00769	0.00865	0.00865	0.00865	0.00769	0.00480	0.01153	0.01153	0.01538	0.02499	0.05189	0.02883	0.72131	0.04036	0.00769	0.00769	0.01153	0.00480	0.00480
31	0.00949	0.00804	0.00820	0.00816	0.01078	0.00674	0.00612	0.01161	0.01835	0.02208	0.11758	0.07523	0.63097	0.01984	0.00937	0.00267	0.00400	0.01658	0.00745	0.00674
32	0.20799	0.01392	0.01683	0.01325	0.01910	0.01308	0.01094	0.03508	0.02056	0.52817	0.02658	0.02371	0.01706	0.00924	0.00726	0.00245	0.00661	0.00712	0.00867	0.01235
33	0.77733	0.01534	0.01166	0.01043	0.01534	0.01779	0.00859	0.02331	0.01350	0.03558	0.01104	0.01288	0.00859	0.00736	0.00491	0.00245	0.00613	0.00429	0.00491	0.00859
34	0.01151	0.00775	0.00896	0.00894	0.00909	0.00781	0.00520	0.01181	0.01200	0.01616	0.04842	0.05095	0.02999	0.65650	0.07736	0.00779	0.00834	0.01146	0.00492	0.00504
35	0.02193	0.01047	0.01403	0.01179	0.01554	0.00932	0.00932	0.02537	0.02256	0.31549	0.38800	0.04506	0.05057	0.01340	0.00875	0.00248	0.00506	0.01154	0.00921	0.01012
36	0.00966	0.00690	0.00920	0.01104	0.01150	0.00644	0.00736	0.01104	0.01518	0.02024	0.04371	0.71614	0.05245	0.02484	0.01012	0.00322	0.00460	0.02254	0.00736	0.00644
37	0.01254	0.00837	0.01082	0.01015	0.01227	0.00763	0.00763	0.01596	0.02170	0.07127	0.54595	0.09706	0.11522	0.01661	0.00931	0.00255	0.00400	0.01460	0.00861	0.00774
38	0.02272	0.01643	0.02375	0.12358	0.11950	0.01738	0.07168	0.19736	0.04601	0.11030	0.01851	0.02193	0.01400	0.01200	0.01219	0.14003	0.00885	0.00744	0.00579	0.01057
39	0.06720	0.02124	0.04110	0.07239	0.07674	0.05342	0.49755	0.02521	0.01836	0.02547	0.01535	0.02038	0.01167	0.00690	0.00879	0.00261	0.01256	0.00855	0.00404	0.01048
40	0.01122	0.00811	0.01060	0.00998	0.01185	0.00748	0.00748	0.01496	0.02245	0.03180	0.66766	0.05923	0.07482	0.01621	0.00935	0.00249	0.00374	0.01434	0.00873	0.00748
41	0.02209	0.01808	0.01930	0.01625	0.02146	0.02008	0.01289	0.19563	0.43417	0.03678	0.02706	0.02557	0.02021	0.00996	0.00782	0.00246	0.00687	0.00807	0.00770	0.08756
42	0.01347	0.01198	0.01947	0.49137	0.04164	0.01431	0.01775	0.01765	0.01577	0.02039	0.02307	0.20942	0.02310	0.01298	0.00863	0.00284	0.00885	0.03451	0.00469	0.00812
43	0.01735	0.01735	0.02429	0.02082	0.02082	0.02429	0.01735	0.01908	0.01214	0.01908	0.01041	0.01735	0.01041	0.01388	0.02602	0.00347	0.70680	0.00694	0.00347	0.00867
44	0.01972	0.01703	0.01793	0.01614	0.02062	0.01972	0.01255	0.04214	0.65752	0.03317	0.03228	0.02959	0.02421	0.01076	0.00807	0.00269	0.00628	0.00897	0.00807	0.01255
45	0.01153	0.00769	0.00865	0.00865	0.00865	0.00769	0.00480	0.01153	0.01153	0.01538	0.02499	0.05189	0.02883	0.72131	0.04036	0.00769	0.00769	0.01153	0.00480	0.00480
46	0.77733	0.01534	0.01166	0.01043	0.01534	0.01779	0.00859	0.02331	0.01350	0.03558	0.01104	0.01288	0.00859	0.00736	0.00491	0.00245	0.00613	0.00429	0.00491	0.00859
47	0.01071	0.00837	0.01262	0.01428	0.04657	0.00788	0.04641	0.01257	0.01554	0.02084	0.04059	0.63931	0.04801	0.02286	0.00996	0.00314	0.00537	0.02097	0.00699	0.00700
48	0.01122	0.00811	0.01060	0.00998	0.01185	0.00748	0.00748	0.01496	0.02245	0.03180	0.66766	0.05923	0.07482	0.01621	0.00935	0.00249	0.00374	0.01434	0.00873	0.00748
49	0.01872	0.02139	0.04679	0.03342	0.04144	0.02005	0.64305	0.02540	0.01872	0.02540	0.01604	0.02139	0.01203	0.00668	0.00936	0.00267	0.01337	0.00936	0.00401	0.01070
50	0.07504	0.02180	0.02307	0.01778	0.02404	0.02418	0.01468	0.60803	0.03585	0.04911	0.01856	0.01867	0.01319	0.00939	0.00775	0.00238	0.00857	0.00697	0.00775	0.01319
51	0.01912	0.01820	0.03089	0.04635	0.63219	0.01816	0.02332	0.02377	0.01832	0.02626	0.05414	0.02201	0.01630	0.00762	0.00794	0.00236	0.00908	0.00750	0.00421	0.01226
52	0.00966	0.00690	0.00920	0.01104	0.01150	0.00644	0.00736	0.01104	0.01518	0.02024	0.04371	0.71614	0.05245	0.02484	0.01012	0.00322	0.00460	0.02254	0.00736	0.00644
53	0.01153	0.00769	0.00865	0.00865	0.00865	0.00769	0.00480	0.01153	0.01153	0.01538	0.02499	0.05189	0.02883	0.72131	0.04036	0.00769	0.00769	0.01153	0.00480	0.00480
54	0.01644	0.01409	0.01644	0.01175	0.01879	0.01057	0.00940	0.01997	0.01644	0.02584	0.01409	0.01644	0.01175	0.00587	0.00587	0.00117	0.00587	0.00470	0.00470	0.76979
55	0.01168	0.00823	0.01047	0.01006	0.01169	0.00764	0.00729	0.01401	0.01860	0.02585	0.38659	0.07570	0.08716	0.14004	0.01645	0.06536	0.00503	0.04864	0.00724	0.04227
56	0.01133	0.00850	0.01274	0.01274	0.01416	0.00991	0.00991	0.01416	0.01274	0.01841	0.02124	0.03115	0.01982	0.05947	0.68989	0.01274	0.02124	0.00850	0.00425	0.00708
57	0.01153	0.00769	0.00865	0.00865	0.00865	0.00769	0.00480	0.01153	0.01153	0.01538	0.02499	0.05189	0.02883	0.72131	0.04036	0.00769	0.00769	0.01153	0.00480	0.00480
58	0.01133	0.00850	0.01274	0.01274	0.01416	0.00991	0.00991	0.01416	0.01274	0.01841	0.02124	0.03115	0.01982	0.05947	0.68989	0.01274	0.02124	0.00850	0.00425	0.00708
59	0.06610	0.01075	0.01082	0.00967	0.01258	0.01136	0.00757	0.13937	0.02040	0.03387	0.02361	0.02648	0.01827	0.00917	0.00596	0.00199	0.00482	0.00715	0.57143	0.00864
60	0.01016	0.00766	0.01110	0.01210	0.01298	0.00715	0.03852	0.01189	0.01563	0.02093	0.06606	0.65713	0.05132	0.02363	0.01005	0.00317	0.00500	0.02159	0.00725	0.00669
61	0.00993	0.00709	0.00951	0.01135	0.01193	0.00667	0.00783	0.01151	0.01545	0.02055	0.04356	0.66176	0.05186	0.02459	0.01019	0.00326	0.00484	0.07425	0.00736	0.00652
62	0.73276	0.01522	0.01206	0.01065	0.01563	0.01742	0.00877	0.02423	0.01405	0.07414	0.01226	0.01373	0.00925	0.00751	0.00509	0.00245	0.00617	0.00452	0.00520	0.00888
63	0.12689	0.02077	0.02161	0.01683	0.02282	0.02307	0.01388	0.54119	0.03342	0.04735	0.01825	0.01863	0.01310	0.00923	0.00745	0.00237	0.00820	0.00678	0.03557	0.01262
64	0.02888	0.03289	0.02289	0.01997	0.02427	0.49458	0.01541	0.16794	0.02506	0.02622	0.01364	0.01557	0.01096	0.00887	0.00864	0.00222	0.06128	0.00569	0.00490	0.01012
65	0.04351	0.00979	0.01127	0.01066	0.01234	0.00995	0.00727	0.01912	0.10468	0.08015	0.12481	0.10739	0.03573	0.36164	0.02418	0.00513	0.00647	0.01202	0.00654	0.00735
66	0.01191	0.00847	0.01043	0.00995	0.01200	0.00784	0.00736	0.01557	0.04197	0.05002	0.43826	0.10151	0.17653	0.05944	0.01118	0.00289	0.00427	0.01474	0.00817	0.00748
67	0.03011	0.02320	0.02371	0.01838	0.02459	0.06676	0.01509	0.60648	0.03634	0.04804	0.01861	0.01874	0.01328	0.00943	0.00788	0.00236	0.00908	0.00701	0.00769	0.01321
68	0.00966	0.00690	0.00920	0.01104	0.01150	0.00644	0.00736	0.01104	0.01518	0.02024	0.04371	0.71614	0.05245	0.02484	0.01012	0.00322	0.00460	0.02254	0.00736	0.00644
69	0.03422	0.01380	0.01836	0.01428	0.02028	0.01234	0.01173	0.03894	0.07693	0.62231	0.03137	0.02721	0.02002	0.00990	0.00798	0.00247	0.00671	0.00806	0.00967	0.01341
70	0.03967	0.00814	0.00979	0.00974	0.01165	0.00750	0.00717	0.01374	0.01976	0.02743	0.39262	0.18223	0.20496	0.01835	0.00933	0.00267	0.00405	0.01602	0.00802	0.00715
71	0.01137	0.00832	0.01184	0.01184	0.01294	0.00942	0.00878	0.01358	0.01248	0.01774	0.02207	0.03575	0.02182	0.20607	0.54602	0.01162	0.01824	0.00917	0.00437	0.00658
72	0.03558	0.01350	0.01840	0.01411	0.02024	0.01166	0.01166	0.03865	0.02270	0.67734	0.03128	0.02699	0.01963	0.00981	0.00797	0.00245	0.00675	0.00797	0.00981	0.01350
73	0.01211	0.00826	0.01084	0.01019	0.01216	0.00760	0.00764	0.01571	0.02212	0.05663	0.61346	0.08870	0.07161	0.01636	0.00933	0.00253	0.00390	0.01447	0.00871	0.00767
74	0.01133	0.00850	0.01274	0.01274	0.01416	0.00991	0.00991	0.01416	0.01274	0.01841	0.02124	0.03115	0.01982	0.05947	0.68989	0.01274	0.02124	0.00850	0.00425	0.00708
75	0.01735	0.01735	0.02429	0.02082	0.02082	0.02429	0.01735	0.01908	0.01214	0.01908	0.01041	0.01735	0.01041	0.01388	0.02602	0.00347	0.70680	0.00694	0.00347	0.00867
76	0.01644	0.01409	0.01644	0.01175	0.01879	0.01057	0.00940	0.01997	0.01644	0.02584	0.01409	0.01644	0.01175	0.00587	0.00587	0.00117	0.00587	0.00470	0.00470	0.76979
77	0.01498	0.01409	0.02378	0.70226	0.05462	0.01762	0.02202	0.02026	0.01586	0.02026	0.01409	0.02114	0.01057	0.00793	0.00793	0.00264	0.01057	0.00705	0.00352	0.00881
78	0.01631	0.09305	0.63172	0.02192	0.03326	0.01940	0.02810	0.02501	0.01669	0.02462	0.01399	0.01644	0.01006	0.00748	0.00735	0.00245	0.01147	0.00574	0.00335	0.01160
79	0.00966	0.00690	0.00920	0.01104	0.01150	0.00644	0.00736	0.01104	0.01518	0.02024	0.04371	0.71614	0.05245	0.02484	0.01012	0.00322	0.00460	0.02254	0.00736	0.00644
80	0.00966	0.00690	0.00920	0.01104	0.01150	0.00644	0.00736	0.01104	0.01518	0.02024	0.04371	0.71614	0.05245	0.02484	0.01012	0.00322	0.00460	0.02254	0.00736	0.00644
81	0.02186	0.61989	0.06938	0.01473	0.02145	0.10166	0.01449	0.02466	0.01683	0.01904	0.01131	0.01308	0.01017	0.00697	0.00542	0.00177	0.00926	0.00441	0.00346	0.01014
82	0.05270	0.00868	0.01155	0.01112	0.01210	0.00902	0.00778	0.01558	0.08229	0.04306	0.01637	0.02427	0.01490	0.02401	0.02628	0.61709	0.00678	0.00703	0.00428	0.00509
83	0.01741	0.01754	0.02534	0.02141	0.02178	0.02409	0.04662	0.01938	0.01245	0.01938	0.01067	0.01754	0.01049	0.01354	0.02524	0.00343	0.67436	0.00705	0.00350	0.00877
84	0.01612	0.06879	0.65433	0.02224	0.03375	0.01894	0.02866	0.02506	0.01672	0.02485	0.01410	0.01658	0.01005	0.00750	0.00743	0.00248	0.01159	0.00579	0.00335	0.01166
85	0.08347	0.01910	0.02091	0.01649	0.02241	0.02063	0.01351	0.38228	0.12452	0.17970	0.02303	0.02185	0.01603	0.00961	0.00774	0.00245	0.00776	0.00738	0.00814	0.01300
86	0.01046	0.00782	0.00971	0.00978	0.01151	0.00707	0.00713	0.01328	0.01984	0.02689	0.39665	0.20963	0.20308	0.01901	0.00953	0.00270	0.00399	0.01671	0.00812	0.00707
87	0.01872	0.02139	0.04679	0.03342	0.04144	0.02005	0.64305	0.02540	0.01872	0.02540	0.01604	0.02139	0.01203	0.00668	0.00936	0.00267	0.01337	0.00936	0.00401	0.01070
88	0.01249	0.00898	0.01237	0.01387	0.01573	0.00886	0.01196	0.01609	0.01870	0.02451	0.11027	0.08573	0.07181	0.02123	0.01072	0.00349	0.00680	0.53164	0.00746	0.00730
89	0.12371	0.01162	0.01344	0.01223	0.01567	0.01156	0.00948	0.07046	0.04613	0.19633	0.05189	0.21451	0.06249	0.03635	0.00923	0.00286	0.00588	0.04348	0.05324	0.00945
90	0.01020	0.00726	0.00968	0.01142	0.01205	0.00689	0.00800	0.01183	0.01543	0.02049	0.04250	0.59317	0.05027	0.06033	0.01180	0.00351	0.00514	0.10635	0.00722	0.00648
91	0.01142	0.00813	0.01087	0.01087	0.01164	0.00889	0.00758	0.01296	0.01219	0.01702	0.02295	0.04064	0.02395	0.36234	0.39266	0.01043	0.01504	0.00989	0.00450	0.00604
92	0.01144	0.00765	0.00868	0.00877	0.00880	0.00762	0.00494	0.01151	0.01172	0.01563	0.02595	0.08613	0.03005	0.68541	0.03880	0.00746	0.00753	0.01210	0.00494	0.00489
93	0.01457	0.01060	0.01298	0.01160	0.01424	0.01052	0.00901	0.12464	0.02486	0.03464	0.53029	0.05343	0.06301	0.01527	0.00917	0.00252	0.00475	0.03683	0.00853	0.00852
94	0.03482	0.01394	0.01859	0.01433	0.02042	0.01242	0.01181	0.06122	0.04551	0.63152	0.03087	0.02679	0.01956	0.00984	0.00798	0.00246	0.00680	0.00798	0.00968	0.01346
95	0.01023	0.00734	0.00971	0.01065	0.01163	0.00682	0.00741	0.01248	0.01784	0.02448	0.27226	0.47552	0.06064	0.02168	0.00984	0.00295	0.00429	0.01954	0.00786	0.00682
96	0.01015	0.00828	0.00901	0.00892	0.01134	0.00729	0.00665	0.01319	0.04029	0.02405	0.20713	0.10940	0.47798	0.01920	0.00937	0.00267	0.00407	0.01629	0.00769	0.00705
97	0.01374	0.01052	0.01317	0.01392	0.01614	0.01101	0.01129	0.02144	0.16934	0.02610	0.09786	0.18146	0.04445	0.01925	0.00998	0.00324	0.00626	0.31478	0.00763	0.00841
98	0.03268	0.01323	0.01775	0.01381	0.01948	0.01169	0.01132	0.05913	0.02322	0.58215	0.10112	0.03025	0.02549	0.01051	0.00813	0.00246	0.00649	0.00865	0.00962	0.01283
99	0.70436	0.01504	0.01180	0.01061	0.01526	0.01738	0.00859	0.02361	0.04353	0.03448	0.01272	0.01558	0.01031	0.04251	0.00679	0.00272	0.00622	0.00487	0.00505	0.00859
100	0.00982	0.00702	0.00939	0.01123	0.01176	0.00658	0.00764	0.01132	0.01534	0.02042	0.04362	0.68383	0.05210	0.02469	0.01016	0.00324	0.00474	0.05326	0.00736	0.00649
101	0.02962	0.03779	0.02247	0.02043	0.02451	0.68948	0.01532	0.03166	0.02247	0.01941	0.01226	0.01430	0.01021	0.00817	0.00715	0.00204	0.01430	0.00511	0.00409	0.00919
102	0.09050	0.01363	0.01790	0.01384	0.01988	0.01211	0.01143	0.03751	0.02202	0.62983	0.02979	0.02595	0.01881	0.00963	0.00775	0.00245	0.00670	0.00770	0.00945	0.01313
103	0.01835	0.02061	0.04383	0.08515	0.04141	0.02008	0.56216	0.02467	0.01815	0.02467	0.01560	0.02116	0.01183	0.00715	0.01011	0.00271	0.04890	0.00905	0.00394	0.01044
104	0.01377	0.00689	0.01033	0.01033	0.01033	0.00689	0.00689	0.01033	0.01033	0.01377	0.01377	0.02410	0.01377	0.02755	0.03099	0.76928	0.00689	0.00689	0.00344	0.00344
105	0.01153	0.00769	0.00865	0.00865	0.00865	0.00769	0.00480	0.01153	0.01153	0.01538	0.02499	0.05189	0.02883	0.72131	0.04036	0.00769	0.00769	0.01153	0.00480	0.00480
106	0.64057	0.01628	0.01352	0.01173	0.01679	0.01874	0.00962	0.10125	0.05425	0.03722	0.01328	0.01462	0.01011	0.00783	0.00547	0.00246	0.00646	0.00492	0.00547	0.00943
107	0.01644	0.01409	0.01644	0.01175	0.01879	0.01057	0.00940	0.01997	0.01644	0.02584	0.01409	0.01644	0.01175	0.00587	0.00587	0.00117	0.00587	0.00470	0.00470	0.76979
108	0.08610	0.05375	0.04571	0.01525	0.02160	0.01685	0.01312	0.19941	0.02539	0.40364	0.02484	0.02271	0.01633	0.00932	0.00758	0.00240	0.00751	0.00721	0.00838	0.01290
109	0.05958	0.01190	0.01511	0.01258	0.01690	0.01117	0.01003	0.02938	0.08444	0.34170	0.26943	0.03869	0.04029	0.01219	0.00836	0.00249	0.00554	0.01029	0.00901	0.01091
110	0.02012	0.01628	0.01738	0.01553	0.02001	0.01845	0.01211	0.04011	0.57972	0.07333	0.03503	0.03216	0.06175	0.01125	0.00814	0.00267	0.00617	0.00936	0.00814	0.01227
111	0.01593	0.07383	0.61353	0.02150	0.03246	0.01851	0.02738	0.02452	0.01700	0.02513	0.04775	0.01873	0.01339	0.00794	0.00750	0.00247	0.01114	0.00622	0.00363	0.01142
112	0.01497	0.01252	0.01301	0.01239	0.01437	0.09001	0.00919	0.01832	0.04386	0.05925	0.30800	0.18720	0.07416	0.05207	0.01167	0.00292	0.04692	0.01395	0.00736	0.00788
113	0.01260	0.00900	0.01257	0.01439	0.01614	0.00897	0.01246	0.01611	0.01807	0.02353	0.04209	0.12624	0.04604	0.02208	0.01090	0.00363	0.00714	0.58349	0.00731	0.00725
114	0.01071	0.00734	0.00889	0.00970	0.00990	0.00714	0.00593	0.01132	0.01313	0.01751	0.03320	0.34321	0.03919	0.41586	0.02710	0.00573	0.00633	0.01636	0.00593	0.00552
115	0.01643	0.01889	0.08579	0.05410	0.11276	0.01639	0.33036	0.02208	0.01875	0.02598	0.13356	0.08121	0.02616	0.00994	0.00903	0.00263	0.01025	0.01061	0.00503	0.01004
116	0.01276	0.00935	0.01333	0.01587	0.04799	0.00930	0.01273	0.01621	0.01790	0.02344	0.04085	0.15688	0.04479	0.02151	0.01071	0.00354	0.00710	0.52114	0.00714	0.00746
117	0.01576	0.01527	0.02805	0.39359	0.04367	0.01710	0.18383	0.02069	0.01647	0.02164	0.01746	0.02856	0.01488	0.01025	0.01040	0.03866	0.03729	0.07351	0.00405	0.00889
118	0.05175	0.03401	0.50301	0.02094	0.03119	0.01720	0.05002	0.02757	0.01780	0.14716	0.01735	0.01868	0.01185	0.00792	0.00758	0.00250	0.01062	0.00633	0.00465	0.01188
119	0.01078	0.00809	0.00999	0.00951	0.01157	0.00729	0.00713	0.01411	0.02140	0.02931	0.52699	0.06333	0.21705	0.01714	0.00936	0.00254	0.00381	0.01491	0.00840	0.00729
120	0.01590	0.04102	0.68023	0.02260	0.03432	0.01842	0.02930	0.02511	0.01674	0.02511	0.01423	0.01674	0.01005	0.00753	0.00753	0.00251	0.01172	0.00586	0.00335	0.01172
121	0.01752	0.02275	0.16806	0.15065	0.23699	0.01842	0.16483	0.02438	0.04285	0.02515	0.04042	0.02159	0.01440	0.00772	0.00821	0.00253	0.01066	0.00768	0.00410	0.01111
122	0.01787	0.07402	0.58180	0.02149	0.03242	0.01905	0.02690	0.05612	0.01802	0.05886	0.01516	0.01716	0.01070	0.00771	0.00745	0.00246	0.01116	0.00595	0.00390	0.01182
123	0.01735	0.01735	0.02429	0.02082	0.02082	0.02429	0.01735	0.01908	0.01214	0.01908	0.01041	0.01735	0.01041	0.01388	0.02602	0.00347	0.70680	0.00694	0.00347	0.00867
124	0.70402	0.01660	0.01280	0.01128	0.01624	0.04372	0.00923	0.06101	0.01527	0.03583	0.01157	0.01331	0.00894	0.00752	0.00517	0.00243	0.00660	0.00450	0.00506	0.00891
125	0.00966	0.00690	0.00920	0.01104	0.01150	0.00644	0.00736	0.01104	0.01518	0.02024	0.04371	0.71614	0.05245	0.02484	0.01012	0.00322	0.00460	0.02254	0.00736	0.00644
126	0.77733	0.01534	0.01166	0.01043	0.01534	0.01779	0.00859	0.02331	0.01350	0.03558	0.01104	0.01288	0.00859	0.00736	0.00491	0.00245	0.00613	0.00429	0.00491	0.00859
127	0.14846	0.05762	0.07282	0.01882	0.02416	0.39703	0.04437	0.06058	0.02093	0.06596	0.01389	0.01557	0.01079	0.00804	0.00693	0.00220	0.01176	0.00548	0.00469	0.00989
128	0.01758	0.02930	0.30200	0.02906	0.03857	0.01939	0.39577	0.02529	0.01792	0.02529	0.01531	0.01952	0.01123	0.00703	0.00862	0.00261	0.01270	0.00795	0.00374	0.01111
129	0.01044	0.00808	0.00952	0.00916	0.01137	0.00715	0.00687	0.01346	0.02061	0.02743	0.42051	0.06642	0.32470	0.01784	0.00936	0.00257	0.00386	0.01535	0.00815	0.00715
130	0.77733	0.01534	0.01166	0.01043	0.01534	0.01779	0.00859	0.02331	0.01350	0.03558	0.01104	0.01288	0.00859	0.00736	0.00491	0.00245	0.00613	0.00429	0.00491	0.00859
131	0.01055	0.00740	0.00948	0.01061	0.01134	0.00701	0.00727	0.01184	0.01525	0.02019	0.08108	0.41945	0.09332	0.14726	0.01647	0.04150	0.00540	0.07162	0.00680	0.00617
132	0.43301	0.01760	0.01813	0.06071	0.09209	0.01984	0.01301	0.20083	0.02093	0.03766	0.01394	0.01590	0.01055	0.00798	0.00628	0.00243	0.00751	0.00558	0.00558	0.01043
133	0.02756	0.02004	0.02169	0.01732	0.02311	0.02218	0.01408	0.42412	0.21533	0.09374	0.02381	0.02270	0.01706	0.00990	0.00798	0.00248	0.00786	0.00773	0.00812	0.01322
134	0.02180	0.02737	0.08519	0.03050	0.10560	0.21566	0.34538	0.02709	0.01960	0.02368	0.01468	0.01878	0.01141	0.00722	0.00841	0.00244	0.01308	0.00760	0.00397	0.01054
135	0.01762	0.01679	0.02856	0.33112	0.40511	0.01831	0.02334	0.02258	0.01711	0.02347	0.01456	0.02028	0.01170	0.00744	0.00788	0.00248	0.00992	0.00706	0.00375	0.01094
136	0.01639	0.10411	0.62141	0.02177	0.03303	0.01961	0.02785	0.02499	0.01668	0.02452	0.01394	0.01637	0.01006	0.00746	0.00731	0.00244	0.01142	0.00571	0.00335	0.01158
137	0.21443	0.04351	0.13631	0.08306	0.04792	0.01643	0.01568	0.05516	0.01890	0.26538	0.01974	0.01999	0.01346	0.00840	0.00702	0.00245	0.00809	0.00639	0.00632	0.01135
138	0.01133	0.00850	0.01274	0.01274	0.01416	0.00991	0.00991	0.01416	0.01274	0.01841	0.02124	0.03115	0.01982	0.05947	0.68989	0.01274	0.02124	0.00850	0.00425	0.00708
139	0.02915	0.01415	0.01764	0.01414	0.01950	0.01355	0.01147	0.09723	0.11897	0.42654	0.08447	0.03207	0.06225	0.01105	0.00818	0.00250	0.00647	0.00907	0.00913	0.01247
140	0.01963	0.01884	0.03219	0.04867	0.67185	0.01884	0.02434	0.02434	0.01806	0.02591	0.01492	0.01963	0.01256	0.00707	0.00785	0.00236	0.00942	0.00707	0.00393	0.01256
141	0.00966	0.00690	0.00920	0.01104	0.01150	0.00644	0.00736	0.01104	0.01518	0.02024	0.04371	0.71614	0.05245	0.02484	0.01012	0.00322	0.00460	0.02254	0.00736	0.00644
142	0.01634	0.01549	0.02625	0.51015	0.23604	0.01798	0.02270	0.02146	0.01650	0.02192	0.01434	0.02070	0.01116	0.00767	0.00791	0.00256	0.01023	0.00705	0.00364	0.00991
143	0.01590	0.04102	0.68023	0.02260	0.03432	0.01842	0.02930	0.02511	0.01674	0.02511	0.01423	0.01674	0.01005	0.00753	0.00753	0.00251	0.01172	0.00586	0.00335	0.01172
144	0.01848	0.02046	0.04317	0.09504	0.11000	0.01971	0.52123	0.02483	0.01839	0.02499	0.01575	0.02118	0.01196	0.00684	0.00907	0.00264	0.01270	0.00891	0.00396	0.01073
145	0.02163	0.69141	0.04059	0.01391	0.02056	0.06453	0.01366	0.02414	0.01643	0.01869	0.01109	0.01280	0.01018	0.00685	0.00519	0.00171	0.00877	0.00428	0.00343	0.01013
146	0.01644	0.01409	0.01644	0.01175	0.01879	0.01057	0.00940	0.01997	0.01644	0.02584	0.01409	0.01644	0.01175	0.00587	0.00587	0.00117	0.00587	0.00470	0.00470	0.76979
147	0.01963	0.01884	0.03219	0.04867	0.67185	0.01884	0.02434	0.02434	0.01806	0.02591	0.01492	0.01963	0.01256	0.00707	0.00785	0.00236	0.00942	0.00707	0.00393	0.01256
148	0.01133	0.00850	0.01274	0.01274	0.01416	0.00991	0.00991	0.01416	0.01274	0.01841	0.02124	0.03115	0.01982	0.05947	0.68989	0.01274	0.02124	0.00850	0.00425	0.00708
149	0.04349	0.01695	0.02835	0.29181	0.41883	0.01835	0.02294	0.02278	0.01708	0.02412	0.01448	0.01997	0.01168	0.00740	0.00778	0.00247	0.00974	0.00697	0.00381	0.01102
150	0.12761	0.01776	0.07399	0.01485	0.02110	0.05634	0.01303	0.03524	0.04774	0.47112	0.02609	0.02362	0.01700	0.00924	0.00750	0.00244	0.00755	0.00718	0.00820	0.01241
151	0.01328	0.00999	0.01435	0.01390	0.01510	0.01184	0.01080	0.01563	0.01364	0.05210	0.02444	0.16918	0.02484	0.04176	0.39801	0.00862	0.13886	0.01108	0.00503	0.00756
152	0.01641	0.01556	0.02637	0.50114	0.24455	0.01799	0.02273	0.02151	0.01653	0.02200	0.01435	0.02068	0.01118	0.00766	0.00790	0.00255	0.01022	0.00705	0.00365	0.00996
153	0.02657	0.02102	0.02340	0.10328	0.10128	0.09277	0.01635	0.30266	0.09477	0.10790	0.01999	0.02084	0.01449	0.00907	0.00786	0.00241	0.00915	0.00719	0.00675	0.01226
154	0.02332	0.01865	0.02068	0.04200	0.04773	0.02099	0.01410	0.28035	0.33330	0.03909	0.05542	0.02609	0.02137	0.01028	0.00806	0.00254	0.00741	0.00835	0.00773	0.01256
155	0.01153	0.00769	0.00865	0.00865	0.00865	0.00769	0.00480	0.01153	0.01153	0.01538	0.02499	0.05189	0.02883	0.72131	0.04036	0.00769	0.00769	0.01153	0.00480	0.00480
156	0.44036	0.01384	0.01194	0.01120	0.01452	0.05367	0.00864	0.01985	0.01408	0.02829	0.04129	0.05810	0.01784	0.10569	0.12661	0.00487	0.00921	0.00725	0.00500	0.00775
157	0.01564	0.01452	0.02380	0.65118	0.05223	0.01813	0.02159	0.04397	0.01653	0.02135	0.01415	0.02092	0.01068	0.00821	0.00859	0.00266	0.03613	0.00705	0.00369	0.00898
158	0.01135	0.00841	0.01229	0.01229	0.01355	0.00967	0.00935	0.01387	0.01261	0.01807	0.02165	0.03344	0.02082	0.13245	0.61827	0.01219	0.01975	0.00883	0.00431	0.00683
159	0.01735	0.01735	0.02429	0.02082	0.02082	0.02429	0.01735	0.01908	0.01214	0.01908	0.01041	0.01735	0.01041	0.01388	0.02602	0.00347	0.70680	0.00694	0.00347	0.00867
160	0.69388	0.01546	0.01262	0.01100	0.01605	0.01759	0.00906	0.04820	0.01508	0.08364	0.01285	0.01416	0.00959	0.00763	0.00525	0.00245	0.00628	0.00468	0.00539	0.00914
161	0.00964	0.00697	0.00913	0.01086	0.01146	0.00646	0.00728	0.01106	0.01535	0.02031	0.04586	0.67857	0.08863	0.02456	0.01008	0.00319	0.00457	0.02220	0.00736	0.00646
162	0.03014	0.02221	0.02380	0.01825	0.02459	0.02459	0.01507	0.64541	0.03728	0.04998	0.01904	0.01904	0.01349	0.00952	0.00793	0.00238	0.00873	0.00714	0.00793	0.01349
163	0.02857	0.02577	0.02263	0.01855	0.02402	0.20614	0.01479	0.39429	0.11847	0.03929	0.01900	0.01919	0.01406	0.00932	0.00774	0.00233	0.00992	0.00683	0.00690	0.01218
164	0.00977	0.00706	0.00915	0.01070	0.01136	0.00655	0.00718	0.01124	0.01556	0.02063	0.07097	0.62033	0.09669	0.04859	0.01110	0.00331	0.00463	0.02141	0.00733	0.00644
165	0.01692	0.00946	0.00968	0.00890	0.01138	0.00979	0.00687	0.10592	0.01951	0.03241	0.02492	0.02810	0.01937	0.00928	0.00588	0.00192	0.00440	0.00736	0.65970	0.00824
166	0.02962	0.03779	0.02247	0.02043	0.02451	0.68948	0.01532	0.03166	0.02247	0.01941	0.01226	0.01430	0.01021	0.00817	0.00715	0.00204	0.01430	0.00511	0.00409	0.00919
167	0.00972	0.00695	0.00925	0.01100	0.01151	0.00648	0.00737	0.01119	0.01545	0.02067	0.06679	0.69183	0.05328	0.02452	0.01009	0.00319	0.00457	0.02224	0.00741	0.00648
168	0.01060	0.00843	0.00960	0.00979	0.01188	0.00776	0.00715	0.01432	0.06515	0.02422	0.19402	0.22831	0.34048	0.01975	0.00946	0.00277	0.00427	0.01710	0.00771	0.00723
169	0.69539	0.01513	0.01240	0.01083	0.01588	0.01711	0.00893	0.02500	0.01451	0.10647	0.01328	0.01444	0.00981	0.00763	0.00525	0.00245	0.00620	0.00470	0.00545	0.00913
170	0.01128	0.00762	0.00887	0.00905	0.00925	0.00752	0.00533	0.01174	0.01282	0.01724	0.07683	0.13450	0.03529	0.58095	0.03424	0.00674	0.00700	0.01311	0.00542	0.00521
171	0.01223	0.00822	0.00961	0.00968	0.01188	0.00720	0.00703	0.01421	0.01775	0.08549	0.10723	0.25780	0.35442	0.04694	0.01064	0.00299	0.00457	0.01721	0.00761	0.00727
172	0.01478	0.00739	0.00739	0.00739	0.00924	0.00739	0.00554	0.01848	0.01663	0.02956	0.02587	0.02956	0.02033	0.00924	0.00554	0.00185	0.00370	0.00739	0.76534	0.00739
173	0.02046	0.01625	0.01746	0.01528	0.01977	0.01816	0.01200	0.11661	0.45477	0.06451	0.07710	0.03368	0.07550	0.01164	0.00823	0.00262	0.00627	0.00964	0.00812	0.01193
174	0.06777	0.01693	0.01753	0.01578	0.02029	0.01960	0.01230	0.04094	0.61668	0.03332	0.03093	0.02853	0.02322	0.01054	0.00787	0.00267	0.00627	0.00867	0.00787	0.01230
175	0.01517	0.01255	0.01385	0.01274	0.01605	0.01347	0.00978	0.02796	0.33891	0.03082	0.25591	0.04717	0.14502	0.01411	0.00871	0.00262	0.00505	0.01204	0.00818	0.00989
176	0.02962	0.03779	0.02247	0.02043	0.02451	0.68948	0.01532	0.03166	0.02247	0.01941	0.01226	0.01430	0.01021	0.00817	0.00715	0.00204	0.01430	0.00511	0.00409	0.00919
177	0.00996	0.00716	0.00951	0.01128	0.01196	0.00671	0.00784	0.01158	0.01559	0.02063	0.04489	0.63108	0.07446	0.02438	0.01018	0.00324	0.00484	0.08082	0.00736	0.00653
178	0.01060	0.00803	0.00923	0.00893	0.01116	0.00712	0.00669	0.01355	0.02008	0.02692	0.35899	0.06515	0.34229	0.01754	0.00912	0.00254	0.00386	0.01499	0.05609	0.00712
179	0.01133	0.00850	0.01274	0.01274	0.01416	0.00991	0.00991	0.01416	0.01274	0.01841	0.02124	0.03115	0.01982	0.05947	0.68989	0.01274	0.02124	0.00850	0.00425	0.00708
180	0.01692	0.01422	0.01550	0.01472	0.01808	0.01603	0.01111	0.03349	0.47884	0.02958	0.03546	0.22056	0.03206	0.01468	0.00864	0.00284	0.00581	0.01274	0.00787	0.01085
181	0.03558	0.01350	0.01840	0.01411	0.02024	0.01166	0.01166	0.03865	0.02270	0.67734	0.03128	0.02699	0.01963	0.00981	0.00797	0.00245	0.00675	0.00797	0.00981	0.01350
182	0.00966	0.00690	0.00920	0.01104	0.01150	0.00644	0.00736	0.01104	0.01518	0.02024	0.04371	0.71614	0.05245	0.02484	0.01012	0.00322	0.00460	0.02254	0.00736	0.00644
183	0.02487	0.02980	0.02469	0.02300	0.06786	0.42011	0.04296	0.02720	0.01897	0.02000	0.01205	0.01586	0.01051	0.00971	0.01285	0.00251	0.21785	0.00596	0.00389	0.00933
184	0.00966	0.00690	0.00920	0.01104	0.01150	0.00644	0.00736	0.01104	0.01518	0.02024	0.04371	0.71614	0.05245	0.02484	0.01012	0.00322	0.00460	0.02254	0.00736	0.00644
185	0.05647	0.04647	0.02427	0.09575	0.02745	0.02127	0.04741	0.36417	0.02866	0.15341	0.01956	0.02026	0.01374	0.00922	0.00845	0.00245	0.03441	0.00716	0.00711	0.01232
186	0.02166	0.01877	0.01897	0.01664	0.02137	0.05322	0.01304	0.12577	0.53989	0.03484	0.02945	0.02737	0.02203	0.01046	0.00800	0.00261	0.00701	0.00852	0.00785	0.01252
187	0.00950	0.00799	0.00825	0.00828	0.01082	0.00673	0.00617	0.01159	0.01823	0.02203	0.11604	0.10218	0.60502	0.02004	0.00940	0.00269	0.00402	0.01683	0.00745	0.00673

[dist]
# distance from previous block
# <min> <max>
0	0

# created by:
# /st0/software/busco_prod/Augustus/scripts/msa2prfl.pl ./align_prep/114736.fa
