[name]
unknown

[dist]
# distance from previous block
# <min> <max>
4	15

[block]
# block no. 0 follows, 25 sequences, length 19
# corresponding to MSA columns:
# 17-35
name=unknown_A
#
# <colnr> <probs for GDERKNQSTAVLIFYWHMCP>
#	G	D	E	R	K	N	Q	S	T	A	V	L	I	F	Y	W	H	M	C	P
0	0.01187	0.00904	0.01255	0.01570	0.11732	0.00882	0.00893	0.01349	0.01474	0.02014	0.10167	0.28177	0.03873	0.28645	0.02064	0.00459	0.00630	0.01465	0.00586	0.00677
1	0.01290	0.01010	0.01099	0.00996	0.01294	0.00955	0.00768	0.11501	0.02181	0.02809	0.22588	0.06125	0.41112	0.01698	0.00893	0.00252	0.00459	0.01424	0.00764	0.00781
2	0.65861	0.01386	0.01123	0.01013	0.01445	0.01578	0.00822	0.02148	0.01460	0.03420	0.11730	0.01986	0.01878	0.00858	0.00550	0.00241	0.00562	0.00577	0.00540	0.00822
3	0.01643	0.01493	0.02084	0.01488	0.02193	0.01182	0.11209	0.02038	0.01643	0.02520	0.01409	0.01685	0.01153	0.00587	0.00629	0.00138	0.00692	0.00532	0.00449	0.65234
4	0.02547	0.02303	0.02394	0.02454	0.16945	0.14798	0.01641	0.29918	0.12939	0.03541	0.01853	0.01951	0.01405	0.00872	0.00762	0.00231	0.00932	0.00688	0.00620	0.01205
5	0.01483	0.03501	0.57913	0.02055	0.03040	0.01667	0.02561	0.02284	0.01574	0.02350	0.01501	0.01863	0.01136	0.01551	0.11790	0.00406	0.01295	0.00614	0.00342	0.01073
6	0.02379	0.01623	0.01719	0.01382	0.01836	0.01768	0.01121	0.41274	0.02881	0.04131	0.02114	0.02251	0.01572	0.00920	0.00687	0.00213	0.00667	0.00707	0.29661	0.01093
7	0.78228	0.01499	0.01140	0.01020	0.01499	0.01739	0.00840	0.02279	0.01320	0.03479	0.01080	0.01260	0.00840	0.00720	0.00480	0.00240	0.00600	0.00420	0.00480	0.00840
8	0.01919	0.01842	0.03147	0.04759	0.67914	0.01842	0.02380	0.02380	0.01765	0.02533	0.01458	0.01919	0.01228	0.00691	0.00768	0.00230	0.00921	0.00691	0.00384	0.01228
9	0.02136	0.01769	0.01870	0.01620	0.02095	0.02026	0.01278	0.16605	0.53690	0.03579	0.02892	0.02682	0.02153	0.01027	0.00786	0.00257	0.00662	0.00840	0.00786	0.01246
10	0.01480	0.00879	0.01151	0.01034	0.01288	0.00795	0.00793	0.01828	0.02181	0.13778	0.54497	0.05343	0.08902	0.01498	0.00892	0.00244	0.00415	0.01310	0.00865	0.00825
11	0.00975	0.00698	0.00927	0.01059	0.01131	0.00650	0.00722	0.01156	0.01627	0.02205	0.16920	0.58954	0.05566	0.02260	0.00975	0.00301	0.00433	0.02044	0.00747	0.00650
12	0.03420	0.01414	0.01858	0.01425	0.02027	0.01280	0.01177	0.10629	0.02378	0.61377	0.02926	0.02553	0.01852	0.00956	0.00779	0.00239	0.00681	0.00771	0.00939	0.01319
13	0.02841	0.08462	0.02333	0.01942	0.02369	0.62081	0.01485	0.05754	0.02217	0.02023	0.01219	0.01408	0.01012	0.00795	0.00688	0.00199	0.01335	0.00502	0.00411	0.00924
14	0.01128	0.00752	0.00846	0.00846	0.00846	0.00752	0.00470	0.01128	0.01128	0.01503	0.02443	0.05074	0.02819	0.72751	0.03946	0.00752	0.00752	0.01128	0.00470	0.00470
15	0.00945	0.00675	0.00900	0.01080	0.01125	0.00630	0.00720	0.01080	0.01484	0.01979	0.04274	0.72245	0.05128	0.02429	0.00990	0.00315	0.00450	0.02204	0.00720	0.00630
16	0.02805	0.02061	0.02211	0.01711	0.02283	0.02275	0.01395	0.60306	0.03449	0.04622	0.01907	0.02113	0.01436	0.06549	0.01024	0.00273	0.00845	0.00732	0.00752	0.01252
17	0.02128	0.68770	0.03954	0.01355	0.02016	0.03026	0.01336	0.06265	0.01705	0.02016	0.01127	0.01282	0.01015	0.00680	0.00515	0.00170	0.00831	0.00432	0.00359	0.01015
18	0.02037	0.01561	0.01700	0.01518	0.01957	0.01748	0.01193	0.03862	0.54092	0.10540	0.03368	0.03279	0.04964	0.01121	0.00804	0.00264	0.00614	0.03379	0.00803	0.01195

[dist]
# distance from previous block
# <min> <max>
0	1

[block]
# block no. 1 follows, 25 sequences, length 14
# corresponding to MSA columns:
# 37-50
name=unknown_B
#
# <colnr> <probs for GDERKNQSTAVLIFYWHMCP>
#	G	D	E	R	K	N	Q	S	T	A	V	L	I	F	Y	W	H	M	C	P
0	0.06937	0.03683	0.60221	0.02080	0.03149	0.01758	0.02626	0.02520	0.01649	0.06338	0.01466	0.01669	0.01027	0.00748	0.00721	0.00245	0.01080	0.00574	0.00374	0.01135
1	0.02304	0.06586	0.02031	0.01700	0.02105	0.30558	0.01313	0.06136	0.25395	0.02499	0.02041	0.02206	0.01644	0.03841	0.05979	0.00320	0.01083	0.00687	0.00558	0.01012
2	0.01093	0.00842	0.01005	0.00972	0.01184	0.00785	0.00725	0.01519	0.06444	0.02751	0.41722	0.11010	0.23638	0.01717	0.00912	0.00255	0.00397	0.01491	0.00802	0.00737
3	0.68041	0.06991	0.05336	0.01113	0.01645	0.01842	0.00995	0.02293	0.01357	0.03295	0.01098	0.01281	0.00860	0.00717	0.00496	0.00235	0.00649	0.00428	0.00460	0.00869
4	0.61404	0.01500	0.01313	0.01120	0.01628	0.01666	0.00923	0.05591	0.01591	0.15007	0.01467	0.01532	0.01053	0.00772	0.00547	0.00240	0.00623	0.00497	0.00579	0.00947
5	0.01661	0.16118	0.54000	0.02109	0.03151	0.02033	0.05820	0.02433	0.01636	0.02346	0.01345	0.01591	0.00995	0.00719	0.00704	0.00232	0.01098	0.00563	0.00332	0.01114
6	0.01108	0.00831	0.01246	0.01246	0.01385	0.00969	0.00969	0.01385	0.01246	0.01800	0.02077	0.03046	0.01938	0.05815	0.69678	0.01246	0.02077	0.00831	0.00415	0.00692
7	0.01916	0.01650	0.02268	0.41733	0.07425	0.04245	0.01862	0.18725	0.02129	0.02799	0.01570	0.02047	0.01185	0.01002	0.03297	0.00282	0.01008	0.00691	0.03175	0.00991
8	0.01608	0.01378	0.01608	0.01148	0.01837	0.01034	0.00919	0.01952	0.01608	0.02527	0.01378	0.01608	0.01148	0.00574	0.00574	0.00115	0.00574	0.00459	0.00459	0.77491
9	0.01929	0.01666	0.01753	0.01578	0.02016	0.01929	0.01227	0.04120	0.66513	0.03243	0.03156	0.02893	0.02367	0.01052	0.00789	0.00263	0.00614	0.00877	0.00789	0.01227
10	0.01790	0.01957	0.04084	0.06153	0.13522	0.01869	0.49754	0.02394	0.01828	0.02503	0.04985	0.02258	0.01499	0.00713	0.00887	0.00256	0.01189	0.00898	0.00413	0.01049
11	0.73863	0.01489	0.01178	0.01041	0.01527	0.01704	0.00857	0.02367	0.01372	0.07273	0.01195	0.01340	0.00903	0.00734	0.00497	0.00240	0.00603	0.00441	0.00508	0.00868
12	0.01097	0.00793	0.01036	0.00975	0.01158	0.00732	0.00732	0.01463	0.02195	0.03109	0.67505	0.05792	0.07316	0.01585	0.00914	0.00244	0.00366	0.01402	0.00854	0.00732
13	0.01464	0.01378	0.02326	0.70887	0.05340	0.01723	0.02153	0.01981	0.01550	0.01981	0.01378	0.02067	0.01034	0.00775	0.00775	0.00258	0.01034	0.00689	0.00345	0.00861

[dist]
# distance from previous block
# <min> <max>
0	3

[block]
# block no. 2 follows, 25 sequences, length 12
# corresponding to MSA columns:
# 54-65
name=unknown_C
#
# <colnr> <probs for GDERKNQSTAVLIFYWHMCP>
#	G	D	E	R	K	N	Q	S	T	A	V	L	I	F	Y	W	H	M	C	P
0	0.00916	0.00785	0.00785	0.00785	0.01047	0.00655	0.00589	0.01113	0.01767	0.02095	0.07855	0.07462	0.67599	0.01964	0.00916	0.00262	0.00393	0.01636	0.00720	0.00655
1	0.00945	0.00675	0.00900	0.01080	0.01125	0.00630	0.00720	0.01080	0.01484	0.01979	0.04274	0.72245	0.05128	0.02429	0.00990	0.00315	0.00450	0.02204	0.00720	0.00630
2	0.01555	0.04011	0.68733	0.02210	0.03356	0.01801	0.02865	0.02455	0.01637	0.02455	0.01391	0.01637	0.00982	0.00737	0.00737	0.00246	0.01146	0.00573	0.00327	0.01146
3	0.01126	0.00757	0.00870	0.00870	0.00878	0.00765	0.00500	0.01143	0.01135	0.01521	0.02421	0.04950	0.02765	0.68673	0.07951	0.00782	0.00832	0.01109	0.00466	0.00483
4	0.01583	0.03844	0.63694	0.02406	0.08316	0.01804	0.02827	0.02450	0.01647	0.02461	0.01397	0.01659	0.01001	0.00733	0.00739	0.00244	0.01129	0.00582	0.00332	0.01152
5	0.02698	0.01978	0.02111	0.01658	0.02217	0.02190	0.01357	0.52981	0.09624	0.04526	0.02055	0.02065	0.01488	0.00940	0.00754	0.00230	0.00781	0.00718	0.08379	0.01250
6	0.01871	0.01982	0.04075	0.03035	0.06074	0.01908	0.51655	0.02448	0.01777	0.04867	0.01564	0.02046	0.01191	0.00719	0.01018	0.00258	0.06919	0.00857	0.00412	0.05324
7	0.01882	0.01525	0.01540	0.01340	0.01729	0.09380	0.01026	0.08383	0.07508	0.08132	0.02684	0.19960	0.04299	0.01265	0.00816	0.00226	0.02764	0.01050	0.05607	0.18884
8	0.01422	0.08879	0.34275	0.01929	0.07418	0.01513	0.01943	0.01972	0.01614	0.02280	0.04673	0.23810	0.02527	0.01286	0.00803	0.00259	0.00855	0.01107	0.00474	0.00963
9	0.58651	0.07895	0.01590	0.01204	0.01677	0.06341	0.01004	0.05737	0.01518	0.03225	0.01126	0.01323	0.00899	0.00765	0.00620	0.00236	0.04381	0.00453	0.00470	0.00883
10	0.13165	0.02032	0.01936	0.01559	0.02088	0.09210	0.01265	0.39410	0.02870	0.07128	0.02166	0.02186	0.05595	0.00955	0.00723	0.00230	0.00810	0.00705	0.04835	0.01132
11	0.44214	0.08057	0.01829	0.08874	0.02174	0.02021	0.01194	0.15437	0.01849	0.03398	0.01273	0.01490	0.00982	0.00790	0.00658	0.00238	0.03540	0.00517	0.00508	0.00957

[dist]
# distance from previous block
# <min> <max>
0	3

[block]
# block no. 3 follows, 25 sequences, length 131
# corresponding to MSA columns:
# 69-199
name=unknown_D
#
# <colnr> <probs for GDERKNQSTAVLIFYWHMCP>
#	G	D	E	R	K	N	Q	S	T	A	V	L	I	F	Y	W	H	M	C	P
0	0.05332	0.04614	0.02572	0.13740	0.28578	0.01919	0.01848	0.18783	0.02243	0.06214	0.05374	0.02128	0.01577	0.00831	0.00757	0.00234	0.00860	0.00715	0.00536	0.01144
1	0.06545	0.05825	0.01885	0.04327	0.04661	0.01697	0.01227	0.09538	0.25941	0.15328	0.06816	0.06152	0.04541	0.01084	0.00771	0.00248	0.00657	0.00893	0.00739	0.01124
2	0.01401	0.00727	0.00763	0.00772	0.00944	0.00734	0.00577	0.01746	0.01596	0.02780	0.02584	0.06171	0.02132	0.01279	0.04842	0.00253	0.00472	0.00799	0.68712	0.00716
3	0.01640	0.12339	0.56872	0.02256	0.07084	0.01958	0.02647	0.02435	0.01637	0.02383	0.01357	0.01606	0.00999	0.00725	0.00709	0.00235	0.01094	0.00561	0.00331	0.01132
4	0.01097	0.00793	0.01036	0.00975	0.01158	0.00732	0.00732	0.01463	0.02195	0.03109	0.67505	0.05792	0.07316	0.01585	0.00914	0.00244	0.00366	0.01402	0.00854	0.00732
5	0.01579	0.07194	0.65759	0.02169	0.03293	0.01859	0.02794	0.02449	0.01634	0.02426	0.01377	0.01619	0.00983	0.00733	0.00726	0.00242	0.01131	0.00566	0.00328	0.01139
6	0.00945	0.00675	0.00900	0.01080	0.01125	0.00630	0.00720	0.01080	0.01484	0.01979	0.04274	0.72245	0.05128	0.02429	0.00990	0.00315	0.00450	0.02204	0.00720	0.00630
7	0.01347	0.00673	0.01010	0.01010	0.01010	0.00673	0.00673	0.01010	0.01010	0.01347	0.01347	0.02357	0.01347	0.02694	0.03030	0.77441	0.00673	0.00673	0.00337	0.00337
8	0.02073	0.73217	0.04063	0.01327	0.01990	0.03068	0.01327	0.02322	0.01575	0.01824	0.01078	0.01244	0.00995	0.00663	0.00498	0.00166	0.00829	0.00415	0.00332	0.00995
9	0.01445	0.00723	0.00723	0.00723	0.00903	0.00723	0.00542	0.01807	0.01626	0.02891	0.02529	0.02891	0.01987	0.00903	0.00542	0.00181	0.00361	0.00723	0.77055	0.00723
10	0.03164	0.01824	0.02112	0.01619	0.02231	0.01889	0.01338	0.40243	0.03064	0.30793	0.02350	0.02178	0.01563	0.00943	0.00777	0.00236	0.00774	0.00731	0.00851	0.01319
11	0.78228	0.01499	0.01140	0.01020	0.01499	0.01739	0.00840	0.02279	0.01320	0.03479	0.01080	0.01260	0.00840	0.00720	0.00480	0.00240	0.00600	0.00420	0.00480	0.00840
12	0.02158	0.66038	0.03870	0.01396	0.02032	0.09943	0.01344	0.02402	0.01640	0.01832	0.01090	0.01260	0.00995	0.00677	0.00518	0.00169	0.00888	0.00423	0.00339	0.00985
13	0.01117	0.00747	0.00849	0.00859	0.00862	0.00745	0.00484	0.01125	0.01148	0.01531	0.02548	0.08917	0.02951	0.68727	0.03777	0.00727	0.00734	0.01189	0.00484	0.00479
14	0.01919	0.01842	0.03147	0.04759	0.67914	0.01842	0.02380	0.02380	0.01765	0.02533	0.01458	0.01919	0.01228	0.00691	0.00768	0.00230	0.00921	0.00691	0.00384	0.01228
15	0.01119	0.00754	0.00874	0.00881	0.00892	0.00761	0.00512	0.01142	0.01149	0.01542	0.02493	0.07633	0.02855	0.65619	0.08066	0.00766	0.00825	0.01152	0.00476	0.00491
16	0.01555	0.04011	0.68733	0.02210	0.03356	0.01801	0.02865	0.02455	0.01637	0.02455	0.01391	0.01637	0.00982	0.00737	0.00737	0.00246	0.01146	0.00573	0.00327	0.01146
17	0.02867	0.01989	0.02179	0.01699	0.02282	0.02166	0.01392	0.53251	0.05908	0.11434	0.02157	0.05368	0.01607	0.01011	0.00787	0.00239	0.00804	0.00786	0.00793	0.01282
18	0.01445	0.00723	0.00723	0.00723	0.00903	0.00723	0.00542	0.01807	0.01626	0.02891	0.02529	0.02891	0.01987	0.00903	0.00542	0.00181	0.00361	0.00723	0.77055	0.00723
19	0.01347	0.00673	0.01010	0.01010	0.01010	0.00673	0.00673	0.01010	0.01010	0.01347	0.01347	0.02357	0.01347	0.02694	0.03030	0.77441	0.00673	0.00673	0.00337	0.00337
20	0.01608	0.01378	0.01608	0.01148	0.01837	0.01034	0.00919	0.01952	0.01608	0.02527	0.01378	0.01608	0.01148	0.00574	0.00574	0.00115	0.00574	0.00459	0.00459	0.77491
21	0.03385	0.01340	0.01797	0.01391	0.01982	0.01187	0.01145	0.03799	0.06099	0.64516	0.03065	0.02654	0.01946	0.00965	0.00780	0.00241	0.00657	0.00786	0.00949	0.01314
22	0.00970	0.00704	0.00904	0.01053	0.01127	0.00655	0.00721	0.01116	0.01511	0.01983	0.04544	0.57488	0.11769	0.06605	0.01165	0.00338	0.00477	0.05538	0.00704	0.00628
23	0.01256	0.00911	0.01231	0.01380	0.01563	0.00916	0.01185	0.01660	0.04225	0.02307	0.04139	0.08294	0.06831	0.05498	0.01193	0.00369	0.00699	0.54920	0.00705	0.00719
24	0.01844	0.01888	0.06196	0.12996	0.56901	0.01825	0.02374	0.02333	0.01732	0.02460	0.01445	0.01924	0.01192	0.00704	0.00767	0.00235	0.00946	0.00685	0.00376	0.01178
25	0.05745	0.69759	0.03922	0.01312	0.01966	0.03004	0.01303	0.02320	0.01563	0.01904	0.01078	0.01245	0.00988	0.00666	0.00497	0.00169	0.00818	0.00415	0.00339	0.00988
26	0.02666	0.01768	0.01921	0.01510	0.02031	0.01910	0.01235	0.45318	0.03060	0.10570	0.02125	0.02165	0.01525	0.00927	0.00724	0.00222	0.00726	0.00711	0.17699	0.01187
27	0.02919	0.03027	0.02254	0.01904	0.02400	0.40165	0.01487	0.30377	0.02832	0.03208	0.01489	0.01601	0.01139	0.00857	0.00733	0.00214	0.01159	0.00586	0.00564	0.01083
28	0.78228	0.01499	0.01140	0.01020	0.01499	0.01739	0.00840	0.02279	0.01320	0.03479	0.01080	0.01260	0.00840	0.00720	0.00480	0.00240	0.00600	0.00420	0.00480	0.00840
29	0.01201	0.00817	0.01074	0.01005	0.01205	0.00753	0.00763	0.01564	0.02184	0.05813	0.63044	0.05743	0.07011	0.01575	0.00913	0.00247	0.00388	0.03090	0.00854	0.00756
30	0.01330	0.00840	0.01107	0.01021	0.01239	0.00768	0.00772	0.01678	0.02164	0.09641	0.58029	0.08608	0.06669	0.01562	0.00904	0.00247	0.00399	0.01377	0.00858	0.00786
31	0.00972	0.00824	0.00845	0.00841	0.01101	0.00718	0.00630	0.01268	0.04883	0.02181	0.09581	0.09658	0.59967	0.01924	0.00913	0.00263	0.00405	0.01613	0.00728	0.00684
32	0.01050	0.00826	0.00956	0.00933	0.01162	0.00747	0.00712	0.01400	0.04251	0.02591	0.33484	0.06645	0.35387	0.01776	0.00920	0.00259	0.00407	0.05001	0.00780	0.00712
33	0.01128	0.00752	0.00846	0.00846	0.00846	0.00752	0.00470	0.01128	0.01128	0.01503	0.02443	0.05074	0.02819	0.72751	0.03946	0.00752	0.00752	0.01128	0.00470	0.00470
34	0.02896	0.03695	0.02197	0.01998	0.02397	0.69638	0.01498	0.03096	0.02197	0.01898	0.01199	0.01398	0.00999	0.00799	0.00699	0.00200	0.01398	0.00499	0.00400	0.00899
35	0.01570	0.01338	0.01567	0.01144	0.01797	0.01010	0.00907	0.01902	0.01601	0.02495	0.01544	0.05649	0.01376	0.00680	0.00598	0.00126	0.00567	0.00559	0.00474	0.73093
36	0.02174	0.66978	0.03880	0.01356	0.02006	0.05641	0.01325	0.02423	0.01631	0.05029	0.01178	0.01317	0.01040	0.00683	0.00519	0.00171	0.00844	0.00436	0.00365	0.01007
37	0.01112	0.00830	0.01040	0.00997	0.01201	0.00775	0.00760	0.01522	0.04524	0.02927	0.53119	0.06086	0.15400	0.01650	0.00919	0.00254	0.00399	0.04922	0.00824	0.00738
38	0.01777	0.01518	0.01891	0.01464	0.04649	0.01260	0.04132	0.08906	0.01847	0.02782	0.01443	0.01671	0.01172	0.00622	0.00620	0.00139	0.00654	0.00517	0.00488	0.62448
39	0.02721	0.02054	0.02271	0.07688	0.02618	0.02300	0.01508	0.53939	0.09586	0.04478	0.01946	0.01980	0.01396	0.00929	0.00777	0.00238	0.00845	0.00715	0.00740	0.01271
40	0.01696	0.01696	0.02375	0.02036	0.02036	0.02375	0.01696	0.01866	0.01187	0.01866	0.01018	0.01696	0.01018	0.01357	0.02545	0.00339	0.71332	0.00679	0.00339	0.00848
41	0.00945	0.00675	0.00900	0.01080	0.01125	0.00630	0.00720	0.01080	0.01484	0.01979	0.04274	0.72245	0.05128	0.02429	0.00990	0.00315	0.00450	0.02204	0.00720	0.00630
42	0.01875	0.06185	0.03021	0.07385	0.55214	0.01870	0.02206	0.02385	0.04173	0.02480	0.01622	0.02250	0.01403	0.00777	0.00767	0.00235	0.00899	0.03670	0.00410	0.01172
43	0.01555	0.04011	0.68733	0.02210	0.03356	0.01801	0.02865	0.02455	0.01637	0.02455	0.01391	0.01637	0.00982	0.00737	0.00737	0.00246	0.01146	0.00573	0.00327	0.01146
44	0.01075	0.00808	0.00923	0.00922	0.01158	0.00707	0.00705	0.01322	0.01859	0.04615	0.19939	0.11060	0.42914	0.01892	0.00930	0.00269	0.00428	0.07018	0.00756	0.00698
45	0.01555	0.04011	0.68733	0.02210	0.03356	0.01801	0.02865	0.02455	0.01637	0.02455	0.01391	0.01637	0.00982	0.00737	0.00737	0.00246	0.01146	0.00573	0.00327	0.01146
46	0.01972	0.01674	0.01774	0.01586	0.02028	0.01928	0.01243	0.07835	0.60739	0.03318	0.03103	0.02999	0.02363	0.01076	0.00796	0.00264	0.00631	0.02664	0.00786	0.01218
47	0.01347	0.00673	0.01010	0.01010	0.01010	0.00673	0.00673	0.01010	0.01010	0.01347	0.01347	0.02357	0.01347	0.02694	0.03030	0.77441	0.00673	0.00673	0.00337	0.00337
48	0.01541	0.01411	0.01976	0.01747	0.01822	0.01881	0.01431	0.04323	0.01310	0.01968	0.01426	0.02178	0.01354	0.02909	0.26106	0.00654	0.44033	0.00733	0.00384	0.00813
49	0.02878	0.02120	0.02277	0.01760	0.02360	0.02343	0.01448	0.63099	0.03571	0.04786	0.01945	0.04304	0.01451	0.00983	0.00783	0.00236	0.00839	0.00750	0.00774	0.01295
50	0.01655	0.01196	0.01474	0.01462	0.01759	0.01254	0.01235	0.11324	0.11195	0.05162	0.05982	0.06555	0.05845	0.01744	0.00967	0.00314	0.00695	0.38542	0.00747	0.00894
51	0.01128	0.00752	0.00846	0.00846	0.00846	0.00752	0.00470	0.01128	0.01128	0.01503	0.02443	0.05074	0.02819	0.72751	0.03946	0.00752	0.00752	0.01128	0.00470	0.00470
52	0.00939	0.00786	0.00817	0.00809	0.01061	0.00664	0.00607	0.01156	0.01820	0.02221	0.15272	0.07254	0.60104	0.01917	0.00916	0.00260	0.00389	0.01607	0.00737	0.00664
53	0.02845	0.01996	0.02194	0.01708	0.02291	0.02188	0.01405	0.53839	0.05541	0.10236	0.02025	0.02039	0.01446	0.01240	0.05041	0.00297	0.00904	0.00720	0.00770	0.01277
54	0.02746	0.02008	0.02166	0.01714	0.02292	0.02224	0.01399	0.47879	0.17869	0.08150	0.02225	0.02141	0.01591	0.00960	0.00779	0.00240	0.00788	0.00743	0.00789	0.01298
55	0.01822	0.02068	0.04442	0.03194	0.03931	0.01986	0.61272	0.02446	0.01791	0.02446	0.01535	0.02068	0.01167	0.00696	0.01013	0.00266	0.05532	0.00901	0.00389	0.01034
56	0.56902	0.01782	0.01468	0.01249	0.01755	0.05985	0.01021	0.16382	0.01891	0.03697	0.01261	0.01402	0.00956	0.00772	0.00559	0.00236	0.00704	0.00487	0.00541	0.00950
57	0.00976	0.00697	0.00936	0.01116	0.01175	0.00657	0.00775	0.01135	0.01516	0.02015	0.04256	0.65617	0.05059	0.02399	0.00998	0.00319	0.00477	0.08518	0.00719	0.00639
58	0.01755	0.01840	0.03832	0.02813	0.03449	0.01759	0.50251	0.02306	0.01794	0.04686	0.04905	0.09500	0.01884	0.00924	0.00997	0.00269	0.04530	0.01054	0.00464	0.00988
59	0.02003	0.39692	0.23667	0.01587	0.02378	0.02334	0.01750	0.02466	0.01681	0.08712	0.03653	0.01672	0.01304	0.00744	0.00616	0.00199	0.00886	0.00535	0.00415	0.03705
60	0.13471	0.02530	0.06237	0.01858	0.05019	0.20010	0.01494	0.29733	0.02645	0.07451	0.01601	0.01689	0.01177	0.00846	0.00711	0.00226	0.00971	0.00603	0.00601	0.01125
61	0.01830	0.02092	0.04575	0.03268	0.04052	0.01961	0.65098	0.02484	0.01830	0.02484	0.01569	0.02092	0.01176	0.00654	0.00915	0.00261	0.01307	0.00915	0.00392	0.01046
62	0.01425	0.00721	0.00730	0.00737	0.00912	0.00719	0.00549	0.01777	0.01620	0.02853	0.02602	0.05761	0.02117	0.00966	0.00561	0.00186	0.00365	0.00784	0.73896	0.00719
63	0.00945	0.00675	0.00900	0.01080	0.01125	0.00630	0.00720	0.01080	0.01484	0.01979	0.04274	0.72245	0.05128	0.02429	0.00990	0.00315	0.00450	0.02204	0.00720	0.00630
64	0.00945	0.00675	0.00900	0.01080	0.01125	0.00630	0.00720	0.01080	0.01484	0.01979	0.04274	0.72245	0.05128	0.02429	0.00990	0.00315	0.00450	0.02204	0.00720	0.00630
65	0.00964	0.00801	0.00852	0.00877	0.01127	0.00689	0.00683	0.01183	0.01770	0.02127	0.07319	0.07646	0.58574	0.01989	0.00938	0.00275	0.00439	0.10364	0.00719	0.00663
66	0.03454	0.01359	0.01824	0.01398	0.01999	0.01198	0.01155	0.06610	0.02285	0.65527	0.03004	0.02603	0.01892	0.00958	0.00780	0.00240	0.00669	0.00776	0.00951	0.01319
67	0.01696	0.01696	0.02375	0.02036	0.02036	0.02375	0.01696	0.01866	0.01187	0.01866	0.01018	0.01696	0.01018	0.01357	0.02545	0.00339	0.71332	0.00679	0.00339	0.00848
68	0.01747	0.01793	0.02400	0.02046	0.02108	0.06352	0.04187	0.01943	0.01277	0.01890	0.01099	0.01756	0.01065	0.01500	0.05456	0.00369	0.61125	0.00684	0.00349	0.00852
69	0.01919	0.01842	0.03147	0.04759	0.67914	0.01842	0.02380	0.02380	0.01765	0.02533	0.01458	0.01919	0.01228	0.00691	0.00768	0.00230	0.00921	0.00691	0.00384	0.01228
70	0.01577	0.01343	0.01573	0.01138	0.01797	0.01015	0.00907	0.01923	0.01643	0.02562	0.05368	0.01860	0.01521	0.00635	0.00595	0.00123	0.00562	0.00516	0.00483	0.72859
71	0.78228	0.01499	0.01140	0.01020	0.01499	0.01739	0.00840	0.02279	0.01320	0.03479	0.01080	0.01260	0.00840	0.00720	0.00480	0.00240	0.00600	0.00420	0.00480	0.00840
72	0.06460	0.02041	0.02161	0.01680	0.02263	0.02262	0.01382	0.56801	0.05322	0.04655	0.01901	0.01923	0.01366	0.00923	0.00748	0.00231	0.00806	0.00691	0.05126	0.01259
73	0.40372	0.05102	0.18311	0.01564	0.05106	0.01764	0.01485	0.05392	0.01640	0.08249	0.03672	0.01677	0.01231	0.00779	0.00610	0.00238	0.00769	0.00546	0.00496	0.00997
74	0.02000	0.01125	0.01397	0.01204	0.01574	0.01082	0.00945	0.02677	0.14298	0.23887	0.30548	0.04360	0.08994	0.01312	0.00848	0.00248	0.00508	0.01122	0.00866	0.01007
75	0.04540	0.25642	0.34899	0.01987	0.05849	0.10280	0.02123	0.02480	0.01680	0.02229	0.01262	0.01485	0.00995	0.00718	0.00649	0.00214	0.01046	0.00515	0.00345	0.01062
76	0.05327	0.24652	0.07962	0.09078	0.02533	0.17025	0.01544	0.02808	0.13122	0.04245	0.01585	0.01745	0.01262	0.00814	0.00718	0.00218	0.03320	0.00577	0.00453	0.01011
77	0.49173	0.01798	0.04708	0.05582	0.08808	0.04207	0.01271	0.09071	0.03920	0.03335	0.01309	0.01516	0.01007	0.00757	0.00588	0.00239	0.00738	0.00518	0.00494	0.00961
78	0.01549	0.01524	0.02648	0.51436	0.04681	0.01851	0.10898	0.02035	0.01537	0.02035	0.01353	0.02017	0.01051	0.00843	0.01051	0.00271	0.11268	0.00719	0.00350	0.00885
79	0.01220	0.00974	0.01188	0.01085	0.01412	0.00801	0.00794	0.01455	0.01584	0.02261	0.06218	0.36490	0.07376	0.01606	0.00812	0.00227	0.00493	0.01422	0.00620	0.31962
80	0.02266	0.05196	0.02360	0.01679	0.02332	0.04172	0.10503	0.15050	0.05274	0.12597	0.01812	0.01916	0.01345	0.00749	0.00705	0.00191	0.00794	0.00640	0.00593	0.29827
81	0.00945	0.00675	0.00900	0.01080	0.01125	0.00630	0.00720	0.01080	0.01484	0.01979	0.04274	0.72245	0.05128	0.02429	0.00990	0.00315	0.00450	0.02204	0.00720	0.00630
82	0.10699	0.01337	0.01736	0.01345	0.01933	0.01198	0.01111	0.03634	0.02132	0.62175	0.02868	0.02506	0.01815	0.00936	0.00751	0.00240	0.00654	0.00745	0.00913	0.01273
83	0.02522	0.01920	0.02099	0.01582	0.02224	0.01969	0.01297	0.45198	0.02998	0.04137	0.01708	0.01781	0.01265	0.00818	0.00712	0.00195	0.00765	0.00622	0.00675	0.25514
84	0.01908	0.02058	0.02844	0.02412	0.06645	0.12400	0.17825	0.02310	0.03887	0.02156	0.01354	0.01857	0.01161	0.01171	0.04239	0.00311	0.28798	0.00712	0.00391	0.05562
85	0.00952	0.00678	0.00897	0.01070	0.01113	0.00635	0.00709	0.01082	0.01470	0.01959	0.04197	0.69443	0.05032	0.05363	0.01113	0.00333	0.00462	0.02159	0.00709	0.00623
86	0.08608	0.02823	0.02178	0.01825	0.02333	0.33332	0.01437	0.31894	0.02803	0.03403	0.01497	0.01603	0.01135	0.00854	0.00718	0.00218	0.01085	0.00586	0.00580	0.01089
87	0.06396	0.01570	0.02579	0.40290	0.29963	0.01771	0.02162	0.02158	0.01622	0.02293	0.01392	0.01958	0.01099	0.00738	0.00754	0.00246	0.00962	0.00673	0.00369	0.01006
88	0.00954	0.00684	0.00891	0.01052	0.01104	0.00638	0.00699	0.01084	0.01476	0.01956	0.04328	0.65212	0.07862	0.06651	0.01165	0.00339	0.00465	0.02113	0.00705	0.00621
89	0.01808	0.01672	0.02169	0.01596	0.02260	0.05211	0.11575	0.07236	0.01840	0.02660	0.01523	0.03752	0.01274	0.00683	0.00666	0.00159	0.00761	0.00607	0.00478	0.52069
90	0.00967	0.00689	0.00914	0.01085	0.01134	0.00648	0.00733	0.01107	0.01482	0.01974	0.04181	0.66160	0.04991	0.05650	0.01129	0.00337	0.00476	0.05007	0.00708	0.00626
91	0.01010	0.00838	0.00868	0.00842	0.01109	0.00728	0.00636	0.03556	0.01880	0.02300	0.13531	0.07087	0.59149	0.01887	0.00911	0.00259	0.00407	0.01578	0.00735	0.00687
92	0.01721	0.01739	0.02611	0.02306	0.06184	0.02307	0.07190	0.01950	0.01278	0.01959	0.01092	0.01744	0.01044	0.01256	0.02297	0.00326	0.61061	0.00700	0.00347	0.00888
93	0.02799	0.02055	0.02218	0.01726	0.02299	0.02274	0.01412	0.58397	0.06514	0.04588	0.01892	0.01942	0.01371	0.01046	0.00916	0.05012	0.00831	0.00705	0.00749	0.01253
94	0.02709	0.05862	0.04734	0.01924	0.02357	0.59603	0.01502	0.03020	0.04823	0.01979	0.01513	0.01674	0.03352	0.00843	0.00705	0.00205	0.01302	0.00554	0.00422	0.00917
95	0.00956	0.00683	0.00913	0.01093	0.01143	0.00640	0.00740	0.01100	0.01496	0.01992	0.04267	0.69819	0.05103	0.02418	0.00993	0.00316	0.00460	0.04515	0.00720	0.00633
96	0.01555	0.04011	0.68733	0.02210	0.03356	0.01801	0.02865	0.02455	0.01637	0.02455	0.01391	0.01637	0.00982	0.00737	0.00737	0.00246	0.01146	0.00573	0.00327	0.01146
97	0.01652	0.16993	0.56602	0.02044	0.03100	0.02038	0.02576	0.02430	0.01625	0.02337	0.01333	0.01563	0.00985	0.00723	0.00692	0.00231	0.01086	0.00543	0.00328	0.01118
98	0.01755	0.30732	0.43763	0.01869	0.02828	0.02290	0.02271	0.02404	0.01613	0.02212	0.01270	0.01485	0.00987	0.00708	0.00644	0.00215	0.01024	0.00512	0.00329	0.01088
99	0.01736	0.01374	0.01621	0.01164	0.01847	0.01041	0.00934	0.02078	0.01650	0.07056	0.01494	0.01679	0.01201	0.00601	0.00588	0.00123	0.00580	0.00481	0.00494	0.72258
100	0.01572	0.03892	0.64763	0.02275	0.03399	0.01811	0.06716	0.02457	0.01649	0.02457	0.01402	0.01665	0.00994	0.00732	0.00748	0.00247	0.01156	0.00594	0.00331	0.01140
101	0.07700	0.41947	0.11746	0.01625	0.02277	0.02476	0.07142	0.02342	0.01590	0.05308	0.01381	0.04305	0.01209	0.00804	0.00724	0.00210	0.05234	0.00585	0.00394	0.00999
102	0.01083	0.00788	0.01025	0.01012	0.01185	0.00729	0.00764	0.01414	0.02062	0.02868	0.52265	0.13171	0.10303	0.01741	0.00935	0.00262	0.00404	0.06454	0.00820	0.00715
103	0.01511	0.01425	0.02409	0.64147	0.11718	0.01735	0.02176	0.02022	0.01572	0.02037	0.01386	0.02052	0.01053	0.00767	0.00774	0.00256	0.01022	0.00689	0.00349	0.00899
104	0.01750	0.01877	0.03697	0.13207	0.07713	0.01912	0.40105	0.02293	0.01691	0.02338	0.01454	0.01999	0.01137	0.00756	0.01065	0.00260	0.09817	0.00810	0.00382	0.05736
105	0.08601	0.02058	0.19512	0.01568	0.02280	0.01397	0.01567	0.06010	0.02059	0.39219	0.06095	0.02411	0.01868	0.00916	0.00753	0.00241	0.00776	0.00729	0.00740	0.01203
106	0.01128	0.00752	0.00846	0.00846	0.00846	0.00752	0.00470	0.01128	0.01128	0.01503	0.02443	0.05074	0.02819	0.72751	0.03946	0.00752	0.00752	0.01128	0.00470	0.00470
107	0.01553	0.01306	0.01535	0.22088	0.02505	0.07762	0.01238	0.01885	0.01564	0.02231	0.02101	0.02769	0.04210	0.07533	0.03466	0.00311	0.07596	0.00763	0.26816	0.00767
108	0.01607	0.01489	0.02428	0.55643	0.14569	0.01775	0.02127	0.04541	0.04101	0.02223	0.01475	0.02068	0.01124	0.00779	0.00775	0.00253	0.00994	0.00697	0.00384	0.00948
109	0.01108	0.00831	0.01246	0.01246	0.01385	0.00969	0.00969	0.01385	0.01246	0.01800	0.02077	0.03046	0.01938	0.05815	0.69678	0.01246	0.02077	0.00831	0.00415	0.00692
110	0.00952	0.00680	0.00906	0.01075	0.01126	0.00635	0.00720	0.01098	0.01519	0.02034	0.07313	0.69051	0.05233	0.02389	0.00986	0.00311	0.00446	0.02166	0.00726	0.00635
111	0.66935	0.05207	0.07999	0.01153	0.01708	0.01810	0.01064	0.02299	0.01363	0.03297	0.01111	0.01296	0.00861	0.00719	0.00506	0.00237	0.00665	0.00435	0.00458	0.00878
112	0.02656	0.03007	0.02287	0.02288	0.11102	0.43747	0.01580	0.11147	0.10086	0.02530	0.01555	0.01708	0.01236	0.00832	0.00729	0.00216	0.01170	0.00596	0.00493	0.01037
113	0.01072	0.00792	0.01001	0.00949	0.01143	0.00721	0.00711	0.01413	0.02134	0.02965	0.59041	0.06029	0.15869	0.01639	0.00915	0.00246	0.00370	0.01435	0.00835	0.00721
114	0.01353	0.00878	0.01136	0.01070	0.01297	0.00822	0.00821	0.01767	0.04793	0.09146	0.48324	0.09748	0.08357	0.01608	0.00912	0.00257	0.00434	0.05640	0.00838	0.00798
115	0.02109	0.02479	0.06905	0.11167	0.25273	0.21159	0.11959	0.02630	0.04545	0.02305	0.01459	0.01838	0.01164	0.00743	0.00771	0.00232	0.01132	0.00672	0.00398	0.01058
116	0.05989	0.01447	0.01701	0.04072	0.02057	0.01541	0.01218	0.03550	0.33059	0.23720	0.03069	0.03386	0.02346	0.01124	0.00804	0.00265	0.00655	0.08029	0.00803	0.01164
117	0.01128	0.00806	0.01110	0.01289	0.01414	0.00788	0.01038	0.01396	0.01665	0.02184	0.04172	0.34057	0.04728	0.02256	0.01039	0.00340	0.00609	0.38584	0.00716	0.00680
118	0.02851	0.02100	0.02258	0.01750	0.02343	0.02319	0.01437	0.62241	0.03542	0.04747	0.01977	0.05244	0.01502	0.01003	0.00786	0.00237	0.00834	0.00770	0.00773	0.01285
119	0.01555	0.04011	0.68733	0.02210	0.03356	0.01801	0.02865	0.02455	0.01637	0.02455	0.01391	0.01637	0.00982	0.00737	0.00737	0.00246	0.01146	0.00573	0.00327	0.01146
120	0.02885	0.02245	0.02318	0.04563	0.02521	0.07029	0.01503	0.58489	0.03462	0.04564	0.01796	0.01838	0.01285	0.00915	0.00770	0.00231	0.00898	0.00684	0.00732	0.01271
121	0.01505	0.01470	0.02645	0.57056	0.04968	0.01721	0.12535	0.02031	0.01594	0.02064	0.01518	0.04705	0.01211	0.00817	0.00806	0.00261	0.01057	0.00783	0.00367	0.00883
122	0.01555	0.04011	0.68733	0.02210	0.03356	0.01801	0.02865	0.02455	0.01637	0.02455	0.01391	0.01637	0.00982	0.00737	0.00737	0.00246	0.01146	0.00573	0.00327	0.01146
123	0.01470	0.01402	0.02435	0.62947	0.05070	0.01695	0.06796	0.01981	0.01569	0.02019	0.01512	0.04973	0.01214	0.00835	0.00795	0.00261	0.01030	0.00769	0.00364	0.00866
124	0.01555	0.04011	0.68733	0.02210	0.03356	0.01801	0.02865	0.02455	0.01637	0.02455	0.01391	0.01637	0.00982	0.00737	0.00737	0.00246	0.01146	0.00573	0.00327	0.01146
125	0.01555	0.04011	0.68733	0.02210	0.03356	0.01801	0.02865	0.02455	0.01637	0.02455	0.01391	0.01637	0.00982	0.00737	0.00737	0.00246	0.01146	0.00573	0.00327	0.01146
126	0.01249	0.00892	0.01249	0.01428	0.01606	0.00892	0.01249	0.01606	0.01785	0.02320	0.04105	0.08746	0.04462	0.02142	0.01071	0.00357	0.00714	0.62695	0.00714	0.00714
127	0.02947	0.02172	0.02327	0.01784	0.02404	0.02404	0.01474	0.65329	0.03646	0.04887	0.01862	0.01862	0.01319	0.00931	0.00776	0.00233	0.00853	0.00698	0.00776	0.01319
128	0.00916	0.00785	0.00785	0.00785	0.01047	0.00655	0.00589	0.01113	0.01767	0.02095	0.07855	0.07462	0.67599	0.01964	0.00916	0.00262	0.00393	0.01636	0.00720	0.00655
129	0.00916	0.00785	0.00785	0.00785	0.01047	0.00655	0.00589	0.01113	0.01767	0.02095	0.07855	0.07462	0.67599	0.01964	0.00916	0.00262	0.00393	0.01636	0.00720	0.00655
130	0.02153	0.01586	0.01750	0.01547	0.02000	0.01766	0.01224	0.06089	0.50865	0.12894	0.03153	0.03172	0.02390	0.01100	0.00804	0.00264	0.00635	0.04586	0.00809	0.01213

[dist]
# distance from previous block
# <min> <max>
0	2

# created by:
# /st0/software/busco_prod/Augustus/scripts/msa2prfl.pl ./align_prep/114903.fa
