[name]
unknown

[dist]
# distance from previous block
# <min> <max>
4	56

[block]
# block no. 0 follows, 25 sequences, length 52
# corresponding to MSA columns:
# 56-107
name=unknown_A
#
# <colnr> <probs for GDERKNQSTAVLIFYWHMCP>
#	G	D	E	R	K	N	Q	S	T	A	V	L	I	F	Y	W	H	M	C	P
0	0.26509	0.07566	0.06196	0.01387	0.01900	0.01621	0.05133	0.06299	0.05121	0.11597	0.11282	0.02677	0.02264	0.00967	0.00689	0.00240	0.00686	0.03452	0.03444	0.00972
1	0.11312	0.10082	0.51633	0.01937	0.02937	0.01883	0.02392	0.02402	0.01590	0.02528	0.01322	0.01551	0.00972	0.00722	0.00676	0.00233	0.01026	0.00535	0.00352	0.03916
2	0.09860	0.04705	0.01687	0.01545	0.04978	0.11132	0.01156	0.02008	0.01737	0.06412	0.14857	0.07697	0.06381	0.01411	0.01186	0.05103	0.10795	0.05956	0.00576	0.00820
3	0.04845	0.12329	0.21800	0.06519	0.02593	0.01718	0.01692	0.06251	0.01788	0.09648	0.01539	0.01711	0.01151	0.00718	0.00656	0.00196	0.00838	0.00550	0.00468	0.22989
4	0.05918	0.08814	0.28177	0.01726	0.02505	0.01858	0.01828	0.05475	0.19730	0.04830	0.01907	0.01968	0.01423	0.00813	0.00700	0.00227	0.00847	0.00634	0.00518	0.10101
5	0.06055	0.01491	0.01688	0.03287	0.04336	0.04331	0.01096	0.07577	0.04512	0.10677	0.01921	0.05839	0.01597	0.03027	0.00835	0.00207	0.03349	0.00690	0.05261	0.32225
6	0.01083	0.00745	0.00913	0.00970	0.01002	0.00744	0.00616	0.01160	0.01266	0.01696	0.02987	0.23029	0.03448	0.44989	0.08317	0.00655	0.00776	0.04517	0.00545	0.00543
7	0.02790	0.01780	0.02025	0.01587	0.02173	0.01850	0.01302	0.34646	0.10152	0.20758	0.02346	0.02383	0.01681	0.00959	0.00770	0.00231	0.00746	0.02772	0.00794	0.08257
8	0.03445	0.01373	0.01832	0.01405	0.02006	0.01219	0.01161	0.07640	0.02309	0.64464	0.02984	0.02590	0.01882	0.00958	0.00779	0.00239	0.00672	0.00775	0.00948	0.01319
9	0.01636	0.12803	0.57183	0.02150	0.03216	0.01972	0.05813	0.02440	0.01639	0.02376	0.01360	0.01609	0.00994	0.00723	0.00715	0.00236	0.01113	0.00570	0.00331	0.01121
10	0.01969	0.19715	0.02240	0.01398	0.01857	0.01947	0.01184	0.08542	0.21105	0.08183	0.03126	0.03249	0.11879	0.01291	0.03116	0.00273	0.03852	0.03393	0.00640	0.01041
11	0.01162	0.00909	0.01323	0.01296	0.01407	0.01086	0.01002	0.01404	0.01245	0.01798	0.02100	0.06541	0.02057	0.09247	0.55155	0.01074	0.09175	0.00903	0.00426	0.00692
12	0.03479	0.01320	0.01799	0.01380	0.01979	0.01140	0.01140	0.03779	0.02219	0.68451	0.03059	0.02639	0.01919	0.00960	0.00780	0.00240	0.00660	0.00780	0.00960	0.01320
13	0.03479	0.01320	0.01799	0.01380	0.01979	0.01140	0.01140	0.03779	0.02219	0.68451	0.03059	0.02639	0.01919	0.00960	0.00780	0.00240	0.00660	0.00780	0.00960	0.01320
14	0.01569	0.03914	0.65491	0.02263	0.03391	0.01809	0.06010	0.02457	0.01647	0.02457	0.01400	0.01660	0.00992	0.00732	0.00746	0.00246	0.01154	0.00590	0.00331	0.01141
15	0.03314	0.01583	0.01963	0.01505	0.02111	0.01531	0.01243	0.22835	0.02661	0.48771	0.02688	0.02398	0.01733	0.00951	0.00778	0.00238	0.00720	0.00754	0.00903	0.01319
16	0.01165	0.00832	0.01152	0.01331	0.01473	0.00820	0.01102	0.01460	0.01702	0.02226	0.04152	0.26364	0.04647	0.02222	0.01048	0.00345	0.00641	0.45912	0.00716	0.00691
17	0.03479	0.01320	0.01799	0.01380	0.01979	0.01140	0.01140	0.03779	0.02219	0.68451	0.03059	0.02639	0.01919	0.00960	0.00780	0.00240	0.00660	0.00780	0.00960	0.01320
18	0.03479	0.01320	0.01799	0.01380	0.01979	0.01140	0.01140	0.03779	0.02219	0.68451	0.03059	0.02639	0.01919	0.00960	0.00780	0.00240	0.00660	0.00780	0.00960	0.01320
19	0.02073	0.73217	0.04063	0.01327	0.01990	0.03068	0.01327	0.02322	0.01575	0.01824	0.01078	0.01244	0.00995	0.00663	0.00498	0.00166	0.00829	0.00415	0.00332	0.00995
20	0.01241	0.00901	0.01227	0.01389	0.01562	0.00907	0.01177	0.01657	0.04875	0.02319	0.04082	0.16964	0.04450	0.02128	0.01046	0.00347	0.00674	0.51608	0.00718	0.00728
21	0.02050	0.70159	0.06920	0.01366	0.02050	0.03012	0.01395	0.02328	0.01578	0.01852	0.01092	0.01261	0.00994	0.00667	0.00508	0.00169	0.00843	0.00422	0.00331	0.01002
22	0.01608	0.01378	0.01608	0.01148	0.01837	0.01034	0.00919	0.01952	0.01608	0.02527	0.01378	0.01608	0.01148	0.00574	0.00574	0.00115	0.00574	0.00459	0.00459	0.77491
23	0.01347	0.00673	0.01010	0.01010	0.01010	0.00673	0.00673	0.01010	0.01010	0.01347	0.01347	0.02357	0.01347	0.02694	0.03030	0.77441	0.00673	0.00673	0.00337	0.00337
24	0.00926	0.00786	0.00799	0.00796	0.01053	0.00659	0.00597	0.01132	0.01791	0.02150	0.11106	0.07371	0.64314	0.01943	0.00916	0.00261	0.00391	0.01624	0.00727	0.00659
25	0.01201	0.00940	0.01186	0.01212	0.04793	0.00905	0.00850	0.01739	0.08906	0.02935	0.47919	0.05538	0.15825	0.01540	0.00894	0.00248	0.00426	0.01345	0.00801	0.00799
26	0.01128	0.00752	0.00846	0.00846	0.00846	0.00752	0.00470	0.01128	0.01128	0.01503	0.02443	0.05074	0.02819	0.72751	0.03946	0.00752	0.00752	0.01128	0.00470	0.00470
27	0.02125	0.68856	0.03946	0.01369	0.02016	0.07244	0.01337	0.02370	0.01614	0.01829	0.01086	0.01253	0.00995	0.00672	0.00510	0.00168	0.00865	0.00420	0.00336	0.00989
28	0.03091	0.01770	0.02047	0.01577	0.02170	0.01829	0.01300	0.38148	0.02991	0.29957	0.02365	0.02215	0.01586	0.00941	0.00767	0.00233	0.00755	0.00731	0.04234	0.01293
29	0.01437	0.01341	0.02250	0.67163	0.05115	0.01664	0.02077	0.01933	0.01547	0.01981	0.01533	0.05811	0.01252	0.00863	0.00787	0.00261	0.01002	0.00770	0.00365	0.00849
30	0.01831	0.01780	0.02903	0.21925	0.49517	0.03954	0.02293	0.02298	0.01723	0.02369	0.01429	0.01941	0.01170	0.00716	0.00767	0.00237	0.00966	0.00684	0.00374	0.01122
31	0.01928	0.01675	0.01829	0.01751	0.05608	0.01924	0.01290	0.04025	0.62984	0.03205	0.03063	0.02840	0.02305	0.01032	0.00788	0.00261	0.00630	0.00866	0.00767	0.01227
32	0.01608	0.01378	0.01608	0.01148	0.01837	0.01034	0.00919	0.01952	0.01608	0.02527	0.01378	0.01608	0.01148	0.00574	0.00574	0.00115	0.00574	0.00459	0.00459	0.77491
33	0.01562	0.01375	0.02300	0.67526	0.05178	0.01694	0.02104	0.02068	0.01583	0.05195	0.01459	0.02095	0.01076	0.00784	0.00775	0.00258	0.01016	0.00693	0.00374	0.00883
34	0.03187	0.01787	0.02089	0.01601	0.02213	0.01834	0.01323	0.37547	0.03002	0.33577	0.02402	0.02212	0.01590	0.00944	0.00777	0.00236	0.00766	0.00735	0.00859	0.01319
35	0.01555	0.04011	0.68733	0.02210	0.03356	0.01801	0.02865	0.02455	0.01637	0.02455	0.01391	0.01637	0.00982	0.00737	0.00737	0.00246	0.01146	0.00573	0.00327	0.01146
36	0.01128	0.00752	0.00846	0.00846	0.00846	0.00752	0.00470	0.01128	0.01128	0.01503	0.02443	0.05074	0.02819	0.72751	0.03946	0.00752	0.00752	0.01128	0.00470	0.00470
37	0.02007	0.49093	0.12479	0.01472	0.02166	0.02603	0.01505	0.08528	0.01800	0.02284	0.03421	0.01582	0.01270	0.00896	0.02843	0.00219	0.00891	0.00512	0.00400	0.04030
38	0.33258	0.08499	0.02047	0.07991	0.02296	0.01923	0.04447	0.15362	0.02001	0.13111	0.01588	0.01706	0.01149	0.00795	0.00637	0.00234	0.00759	0.00580	0.00580	0.01036
39	0.01347	0.00673	0.01010	0.01010	0.01010	0.00673	0.00673	0.01010	0.01010	0.01347	0.01347	0.02357	0.01347	0.02694	0.03030	0.77441	0.00673	0.00673	0.00337	0.00337
40	0.00945	0.00675	0.00900	0.01080	0.01125	0.00630	0.00720	0.01080	0.01484	0.01979	0.04274	0.72245	0.05128	0.02429	0.00990	0.00315	0.00450	0.02204	0.00720	0.00630
41	0.01607	0.03686	0.58536	0.02518	0.09562	0.01814	0.06636	0.02450	0.01661	0.02465	0.01409	0.01692	0.01018	0.00727	0.00751	0.00245	0.01134	0.00605	0.00337	0.01148
42	0.02807	0.02199	0.02242	0.01770	0.02352	0.06558	0.01442	0.53183	0.12020	0.04478	0.01994	0.01971	0.01440	0.00939	0.00773	0.00235	0.00855	0.00710	0.00754	0.01280
43	0.02823	0.03573	0.02208	0.02000	0.02375	0.65512	0.01510	0.03021	0.02135	0.01896	0.01187	0.01417	0.01000	0.00833	0.00812	0.00208	0.05688	0.00510	0.00396	0.00896
44	0.04716	0.01419	0.02390	0.64512	0.05113	0.01735	0.05294	0.02019	0.01555	0.02070	0.01375	0.02034	0.01033	0.00767	0.00770	0.00258	0.01029	0.00689	0.00353	0.00870
45	0.01608	0.01378	0.01608	0.01148	0.01837	0.01034	0.00919	0.01952	0.01608	0.02527	0.01378	0.01608	0.01148	0.00574	0.00574	0.00115	0.00574	0.00459	0.00459	0.77491
46	0.02947	0.02172	0.02327	0.01784	0.02404	0.02404	0.01474	0.65329	0.03646	0.04887	0.01862	0.01862	0.01319	0.00931	0.00776	0.00233	0.00853	0.00698	0.00776	0.01319
47	0.01799	0.01914	0.03892	0.15156	0.04066	0.01893	0.47439	0.06194	0.01878	0.02522	0.01659	0.04825	0.01315	0.00762	0.00884	0.00261	0.01197	0.00912	0.00420	0.01013
48	0.01097	0.00793	0.01036	0.00975	0.01158	0.00732	0.00732	0.01463	0.02195	0.03109	0.67505	0.05792	0.07316	0.01585	0.00914	0.00244	0.00366	0.01402	0.00854	0.00732
49	0.05915	0.04876	0.02190	0.04777	0.02279	0.07073	0.03384	0.28837	0.02404	0.03264	0.01751	0.02311	0.01461	0.01736	0.11305	0.00402	0.10445	0.03989	0.00568	0.01033
50	0.01464	0.01378	0.02326	0.70887	0.05340	0.01723	0.02153	0.01981	0.01550	0.01981	0.01378	0.02067	0.01034	0.00775	0.00775	0.00258	0.01034	0.00689	0.00345	0.00861
51	0.01174	0.03761	0.01065	0.00952	0.01018	0.00896	0.00622	0.01261	0.01192	0.01637	0.02306	0.04370	0.02511	0.51783	0.18659	0.00819	0.01042	0.01015	0.03364	0.00552

[dist]
# distance from previous block
# <min> <max>
2	8

[block]
# block no. 1 follows, 25 sequences, length 18
# corresponding to MSA columns:
# 116-133
name=unknown_B
#
# <colnr> <probs for GDERKNQSTAVLIFYWHMCP>
#	G	D	E	R	K	N	Q	S	T	A	V	L	I	F	Y	W	H	M	C	P
0	0.08286	0.01174	0.01509	0.04024	0.03990	0.01139	0.03189	0.07249	0.02087	0.08713	0.32076	0.06941	0.06372	0.01254	0.00812	0.00234	0.00556	0.01082	0.00722	0.08592
1	0.40862	0.01674	0.01552	0.01282	0.01783	0.01885	0.01052	0.26519	0.02249	0.03957	0.01539	0.01669	0.01149	0.00821	0.00601	0.00231	0.00671	0.00560	0.08933	0.01011
2	0.01748	0.01603	0.01857	0.06951	0.02273	0.06084	0.03720	0.04467	0.01732	0.02525	0.01391	0.01659	0.01136	0.00623	0.00621	0.00143	0.00711	0.00509	0.00455	0.59790
3	0.01097	0.00793	0.01036	0.00975	0.01158	0.00732	0.00732	0.01463	0.02195	0.03109	0.67505	0.05792	0.07316	0.01585	0.00914	0.00244	0.00366	0.01402	0.00854	0.00732
4	0.78228	0.01499	0.01140	0.01020	0.01499	0.01739	0.00840	0.02279	0.01320	0.03479	0.01080	0.01260	0.00840	0.00720	0.00480	0.00240	0.00600	0.00420	0.00480	0.00840
5	0.01347	0.00673	0.01010	0.01010	0.01010	0.00673	0.00673	0.01010	0.01010	0.01347	0.01347	0.02357	0.01347	0.02694	0.03030	0.77441	0.00673	0.00673	0.00337	0.00337
6	0.00916	0.00785	0.00785	0.00785	0.01047	0.00655	0.00589	0.01113	0.01767	0.02095	0.07855	0.07462	0.67599	0.01964	0.00916	0.00262	0.00393	0.01636	0.00720	0.00655
7	0.03350	0.01526	0.01927	0.01477	0.02082	0.01445	0.01220	0.18654	0.02564	0.53089	0.02770	0.02451	0.01774	0.00953	0.00779	0.00238	0.00707	0.00760	0.00915	0.01319
8	0.01097	0.00793	0.01036	0.00975	0.01158	0.00732	0.00732	0.01463	0.02195	0.03109	0.67505	0.05792	0.07316	0.01585	0.00914	0.00244	0.00366	0.01402	0.00854	0.00732
9	0.01100	0.00863	0.01276	0.15528	0.02050	0.00932	0.01066	0.01366	0.01528	0.02066	0.10018	0.37201	0.03897	0.02654	0.14264	0.00476	0.00877	0.01539	0.00597	0.00701
10	0.72919	0.01547	0.01223	0.01074	0.01563	0.01786	0.00884	0.06725	0.01484	0.03578	0.01135	0.01302	0.00873	0.00735	0.00501	0.00239	0.00618	0.00439	0.00501	0.00873
11	0.01618	0.01382	0.01592	0.01204	0.01826	0.01137	0.00951	0.02207	0.10566	0.02598	0.01771	0.05389	0.01520	0.00735	0.00625	0.00146	0.00573	0.00606	0.00518	0.63036
12	0.08403	0.28071	0.02884	0.01690	0.02237	0.25130	0.04464	0.09747	0.06319	0.02447	0.01368	0.01517	0.01120	0.00769	0.00635	0.00202	0.01014	0.00530	0.00449	0.01005
13	0.01546	0.01589	0.05257	0.01822	0.01901	0.01987	0.01538	0.01758	0.01215	0.01857	0.01322	0.02170	0.01305	0.07207	0.14241	0.00522	0.50862	0.00732	0.00361	0.00808
14	0.10151	0.01021	0.01057	0.00966	0.01192	0.01105	0.00732	0.09097	0.01715	0.02896	0.02153	0.02773	0.01807	0.09668	0.01188	0.04210	0.03633	0.00730	0.43145	0.00760
15	0.01607	0.01606	0.07898	0.01268	0.01951	0.01129	0.01109	0.04361	0.01680	0.02571	0.01605	0.06670	0.01424	0.00736	0.00627	0.00146	0.00630	0.00604	0.00478	0.61902
16	0.16545	0.08203	0.05138	0.01606	0.02185	0.05300	0.04209	0.27571	0.02437	0.08439	0.01654	0.01762	0.01222	0.00843	0.00741	0.00226	0.03253	0.00614	0.03972	0.04079
17	0.13992	0.01802	0.01932	0.04506	0.06806	0.06609	0.01337	0.21976	0.09541	0.09414	0.07204	0.02300	0.01881	0.01163	0.03820	0.00285	0.02957	0.00730	0.00654	0.01092

[dist]
# distance from previous block
# <min> <max>
0	2

[block]
# block no. 2 follows, 25 sequences, length 59
# corresponding to MSA columns:
# 136-194
name=unknown_C
#
# <colnr> <probs for GDERKNQSTAVLIFYWHMCP>
#	G	D	E	R	K	N	Q	S	T	A	V	L	I	F	Y	W	H	M	C	P
0	0.56623	0.01571	0.04245	0.04505	0.01850	0.01619	0.01036	0.02458	0.01484	0.12173	0.01395	0.01523	0.01020	0.00748	0.00552	0.00234	0.00651	0.00491	0.00531	0.05292
1	0.02073	0.73217	0.04063	0.01327	0.01990	0.03068	0.01327	0.02322	0.01575	0.01824	0.01078	0.01244	0.00995	0.00663	0.00498	0.00166	0.00829	0.00415	0.00332	0.00995
2	0.01091	0.00788	0.01031	0.00980	0.01157	0.00728	0.00731	0.01448	0.02167	0.03065	0.65020	0.08403	0.07230	0.01618	0.00917	0.00247	0.00369	0.01434	0.00848	0.00728
3	0.01917	0.12103	0.13580	0.01713	0.05550	0.01772	0.01524	0.05716	0.20136	0.09270	0.05199	0.03317	0.06836	0.01099	0.00777	0.00249	0.00752	0.06775	0.00630	0.01085
4	0.74327	0.01490	0.01174	0.01038	0.01525	0.01708	0.00855	0.02357	0.01366	0.06870	0.01183	0.01332	0.00896	0.00732	0.00495	0.00240	0.00603	0.00439	0.00505	0.00865
5	0.00945	0.00675	0.00900	0.01080	0.01125	0.00630	0.00720	0.01080	0.01484	0.01979	0.04274	0.72245	0.05128	0.02429	0.00990	0.00315	0.00450	0.02204	0.00720	0.00630
6	0.01830	0.02092	0.04575	0.03268	0.04052	0.01961	0.65098	0.02484	0.01830	0.02484	0.01569	0.02092	0.01176	0.00654	0.00915	0.00261	0.01307	0.00915	0.00392	0.01046
7	0.01681	0.10711	0.59761	0.02091	0.03168	0.01900	0.02646	0.02494	0.01654	0.04970	0.01426	0.01637	0.01020	0.00738	0.00715	0.00237	0.01096	0.00565	0.00353	0.01138
8	0.02947	0.02172	0.02327	0.01784	0.02404	0.02404	0.01474	0.65329	0.03646	0.04887	0.01862	0.01862	0.01319	0.00931	0.00776	0.00233	0.00853	0.00698	0.00776	0.01319
9	0.01347	0.00673	0.01010	0.01010	0.01010	0.00673	0.00673	0.01010	0.01010	0.01347	0.01347	0.02357	0.01347	0.02694	0.03030	0.77441	0.00673	0.00673	0.00337	0.00337
10	0.01588	0.06692	0.63367	0.02221	0.03331	0.01858	0.05502	0.02451	0.01643	0.02431	0.01387	0.01641	0.00991	0.00730	0.00735	0.00243	0.01140	0.00581	0.00330	0.01136
11	0.01824	0.01738	0.02890	0.17969	0.46434	0.01830	0.04338	0.02472	0.08091	0.02488	0.01613	0.02051	0.01298	0.00742	0.00776	0.00240	0.00927	0.00716	0.00416	0.01147
12	0.00984	0.00728	0.00977	0.01129	0.01172	0.00721	0.00771	0.01121	0.01469	0.01973	0.04104	0.68570	0.04914	0.02373	0.01071	0.00316	0.04142	0.02125	0.00700	0.00641
13	0.01140	0.00913	0.01401	0.04539	0.01667	0.00886	0.07406	0.03613	0.01638	0.02195	0.07076	0.55810	0.04511	0.02073	0.00960	0.00300	0.00575	0.01906	0.00678	0.00713
14	0.02869	0.14963	0.05706	0.01483	0.02105	0.01773	0.01312	0.10557	0.10059	0.37439	0.02479	0.02270	0.01685	0.00901	0.00726	0.00228	0.00733	0.00704	0.00769	0.01239
15	0.02947	0.02172	0.02327	0.01784	0.02404	0.02404	0.01474	0.65329	0.03646	0.04887	0.01862	0.01862	0.01319	0.00931	0.00776	0.00233	0.00853	0.00698	0.00776	0.01319
16	0.65351	0.01559	0.01281	0.01110	0.01597	0.01789	0.00912	0.10608	0.01639	0.03643	0.01238	0.01401	0.00947	0.00755	0.00521	0.00237	0.00624	0.00468	0.03422	0.00899
17	0.01464	0.01378	0.02326	0.70887	0.05340	0.01723	0.02153	0.01981	0.01550	0.01981	0.01378	0.02067	0.01034	0.00775	0.00775	0.00258	0.01034	0.00689	0.00345	0.00861
18	0.01893	0.01463	0.01870	0.04933	0.02184	0.01263	0.04714	0.07344	0.04372	0.09172	0.01769	0.04436	0.01428	0.00743	0.00664	0.00166	0.00668	0.00629	0.00547	0.49742
19	0.01153	0.00806	0.01028	0.00971	0.01172	0.00733	0.00728	0.01487	0.02117	0.05233	0.55612	0.08403	0.14359	0.01641	0.00913	0.00249	0.00383	0.01439	0.00836	0.00739
20	0.06080	0.04733	0.02053	0.01665	0.02166	0.11246	0.01328	0.23511	0.32075	0.03549	0.02299	0.02220	0.01721	0.00948	0.00747	0.00240	0.00804	0.00729	0.00700	0.01185
21	0.01128	0.00752	0.00846	0.00846	0.00846	0.00752	0.00470	0.01128	0.01128	0.01503	0.02443	0.05074	0.02819	0.72751	0.03946	0.00752	0.00752	0.01128	0.00470	0.00470
22	0.01811	0.05774	0.07641	0.02948	0.03700	0.01985	0.52237	0.02417	0.01763	0.02419	0.01497	0.01981	0.01148	0.00691	0.00951	0.00253	0.04829	0.00837	0.00386	0.04733
23	0.02155	0.01873	0.01827	0.01619	0.02071	0.08632	0.01261	0.06959	0.53741	0.06586	0.02894	0.02681	0.02157	0.01016	0.00779	0.00254	0.00705	0.00825	0.00759	0.01204
24	0.01037	0.00790	0.00953	0.00912	0.01122	0.00706	0.00684	0.01347	0.02053	0.02773	0.47729	0.06346	0.27302	0.01711	0.00915	0.00250	0.00375	0.01480	0.00809	0.00706
25	0.01821	0.01742	0.02969	0.19081	0.54362	0.01816	0.02331	0.02293	0.01719	0.02414	0.01441	0.01951	0.01186	0.00709	0.00769	0.00236	0.00945	0.00690	0.00375	0.01149
26	0.01555	0.04011	0.68733	0.02210	0.03356	0.01801	0.02865	0.02455	0.01637	0.02455	0.01391	0.01637	0.00982	0.00737	0.00737	0.00246	0.01146	0.00573	0.00327	0.01146
27	0.00943	0.00680	0.00894	0.01066	0.01121	0.00631	0.00714	0.01081	0.01498	0.01985	0.04438	0.69261	0.08006	0.02408	0.00986	0.00312	0.00447	0.02178	0.00720	0.00631
28	0.03479	0.01320	0.01799	0.01380	0.01979	0.01140	0.01140	0.03779	0.02219	0.68451	0.03059	0.02639	0.01919	0.00960	0.00780	0.00240	0.00660	0.00780	0.00960	0.01320
29	0.00945	0.00675	0.00900	0.01080	0.01125	0.00630	0.00720	0.01080	0.01484	0.01979	0.04274	0.72245	0.05128	0.02429	0.00990	0.00315	0.00450	0.02204	0.00720	0.00630
30	0.02896	0.03695	0.02197	0.01998	0.02397	0.69638	0.01498	0.03096	0.02197	0.01898	0.01199	0.01398	0.00999	0.00799	0.00699	0.00200	0.01398	0.00499	0.00400	0.00899
31	0.01696	0.01696	0.02375	0.02036	0.02036	0.02375	0.01696	0.01866	0.01187	0.01866	0.01018	0.01696	0.01018	0.01357	0.02545	0.00339	0.71332	0.00679	0.00339	0.00848
32	0.43311	0.05740	0.04633	0.05754	0.02120	0.13816	0.01232	0.10487	0.01813	0.03158	0.01233	0.01427	0.00955	0.00762	0.00587	0.00230	0.00835	0.00493	0.00481	0.00934
33	0.01097	0.00793	0.01036	0.00975	0.01158	0.00732	0.00732	0.01463	0.02195	0.03109	0.67505	0.05792	0.07316	0.01585	0.00914	0.00244	0.00366	0.01402	0.00854	0.00732
34	0.00945	0.00675	0.00900	0.01080	0.01125	0.00630	0.00720	0.01080	0.01484	0.01979	0.04274	0.72245	0.05128	0.02429	0.00990	0.00315	0.00450	0.02204	0.00720	0.00630
35	0.02317	0.05183	0.02073	0.01628	0.02130	0.02106	0.01319	0.31390	0.28918	0.03781	0.02372	0.02364	0.01789	0.01430	0.07288	0.00338	0.00870	0.00770	0.00726	0.01207
36	0.78228	0.01499	0.01140	0.01020	0.01499	0.01739	0.00840	0.02279	0.01320	0.03479	0.01080	0.01260	0.00840	0.00720	0.00480	0.00240	0.00600	0.00420	0.00480	0.00840
37	0.01919	0.01842	0.03147	0.04759	0.67914	0.01842	0.02380	0.02380	0.01765	0.02533	0.01458	0.01919	0.01228	0.00691	0.00768	0.00230	0.00921	0.00691	0.00384	0.01228
38	0.01347	0.00673	0.01010	0.01010	0.01010	0.00673	0.00673	0.01010	0.01010	0.01347	0.01347	0.02357	0.01347	0.02694	0.03030	0.77441	0.00673	0.00673	0.00337	0.00337
39	0.00945	0.00675	0.00900	0.01080	0.01125	0.00630	0.00720	0.01080	0.01484	0.01979	0.04274	0.72245	0.05128	0.02429	0.00990	0.00315	0.00450	0.02204	0.00720	0.00630
40	0.01230	0.00886	0.01223	0.01391	0.01575	0.00879	0.01212	0.01578	0.01784	0.02308	0.04319	0.08673	0.08064	0.02132	0.01062	0.00352	0.00696	0.59212	0.00714	0.00711
41	0.01657	0.01639	0.02300	0.01983	0.01992	0.02282	0.01648	0.01834	0.01191	0.01862	0.01088	0.01786	0.01079	0.01653	0.07002	0.00399	0.66734	0.00689	0.00344	0.00838
42	0.00962	0.00687	0.00920	0.01099	0.01152	0.00645	0.00750	0.01110	0.01502	0.01999	0.04264	0.68623	0.05090	0.02413	0.00994	0.00317	0.00465	0.05655	0.00719	0.00635
43	0.02102	0.66740	0.07341	0.01375	0.02061	0.02925	0.01399	0.02387	0.01604	0.04519	0.01173	0.01320	0.01031	0.00679	0.00521	0.00173	0.00839	0.00437	0.00357	0.01016
44	0.02322	0.01843	0.01980	0.01606	0.02158	0.02008	0.01290	0.30167	0.30328	0.03850	0.02349	0.02268	0.01744	0.00933	0.00753	0.00229	0.00711	0.00741	0.00737	0.11983
45	0.78228	0.01499	0.01140	0.01020	0.01499	0.01739	0.00840	0.02279	0.01320	0.03479	0.01080	0.01260	0.00840	0.00720	0.00480	0.00240	0.00600	0.00420	0.00480	0.00840
46	0.01128	0.00752	0.00846	0.00846	0.00846	0.00752	0.00470	0.01128	0.01128	0.01503	0.02443	0.05074	0.02819	0.72751	0.03946	0.00752	0.00752	0.01128	0.00470	0.00470
47	0.01919	0.01842	0.03147	0.04759	0.67914	0.01842	0.02380	0.02380	0.01765	0.02533	0.01458	0.01919	0.01228	0.00691	0.00768	0.00230	0.00921	0.00691	0.00384	0.01228
48	0.01022	0.00741	0.00964	0.01011	0.01138	0.00684	0.00719	0.01279	0.01866	0.02569	0.37101	0.34625	0.09452	0.01970	0.00947	0.00276	0.00404	0.01761	0.00789	0.00684
49	0.02073	0.73217	0.04063	0.01327	0.01990	0.03068	0.01327	0.02322	0.01575	0.01824	0.01078	0.01244	0.00995	0.00663	0.00498	0.00166	0.00829	0.00415	0.00332	0.00995
50	0.01745	0.01799	0.02468	0.15246	0.02798	0.07023	0.05078	0.02008	0.01362	0.01922	0.01128	0.01767	0.01028	0.01169	0.01990	0.00310	0.49268	0.00680	0.00347	0.00865
51	0.03479	0.01320	0.01799	0.01380	0.01979	0.01140	0.01140	0.03779	0.02219	0.68451	0.03059	0.02639	0.01919	0.00960	0.00780	0.00240	0.00660	0.00780	0.00960	0.01320
52	0.01347	0.00673	0.01010	0.01010	0.01010	0.00673	0.00673	0.01010	0.01010	0.01347	0.01347	0.02357	0.01347	0.02694	0.03030	0.77441	0.00673	0.00673	0.00337	0.00337
53	0.01626	0.03917	0.65338	0.02188	0.03307	0.01832	0.02794	0.05670	0.01740	0.02580	0.01415	0.01648	0.00999	0.00747	0.00739	0.00245	0.01131	0.00579	0.00350	0.01155
54	0.05382	0.00978	0.00984	0.00897	0.01158	0.01025	0.00697	0.11385	0.01915	0.03219	0.02359	0.02657	0.01831	0.00899	0.00574	0.00191	0.00447	0.00704	0.61879	0.00818
55	0.01054	0.00791	0.00976	0.00930	0.01132	0.00713	0.00697	0.01379	0.02092	0.02865	0.53154	0.06194	0.21820	0.01676	0.00915	0.00248	0.00372	0.01459	0.00821	0.00713
56	0.03479	0.01320	0.01799	0.01380	0.01979	0.01140	0.01140	0.03779	0.02219	0.68451	0.03059	0.02639	0.01919	0.00960	0.00780	0.00240	0.00660	0.00780	0.00960	0.01320
57	0.01506	0.01421	0.02402	0.64762	0.11137	0.01734	0.02174	0.02018	0.01570	0.02032	0.01386	0.02053	0.01052	0.00767	0.00774	0.00256	0.01023	0.00689	0.00348	0.00895
58	0.03479	0.01320	0.01799	0.01380	0.01979	0.01140	0.01140	0.03779	0.02219	0.68451	0.03059	0.02639	0.01919	0.00960	0.00780	0.00240	0.00660	0.00780	0.00960	0.01320

[dist]
# distance from previous block
# <min> <max>
0	1

[block]
# block no. 3 follows, 25 sequences, length 19
# corresponding to MSA columns:
# 196-214
name=unknown_D
#
# <colnr> <probs for GDERKNQSTAVLIFYWHMCP>
#	G	D	E	R	K	N	Q	S	T	A	V	L	I	F	Y	W	H	M	C	P
0	0.02244	0.01320	0.01561	0.01335	0.01773	0.01337	0.01056	0.03286	0.27402	0.26050	0.13695	0.03710	0.09422	0.01193	0.00818	0.00252	0.00569	0.01000	0.00852	0.01125
1	0.00990	0.00701	0.00908	0.01048	0.01128	0.00653	0.00722	0.01166	0.01579	0.02138	0.09832	0.57395	0.08770	0.02248	0.00960	0.00301	0.00444	0.04012	0.04359	0.00647
2	0.01884	0.46765	0.24881	0.01653	0.02434	0.02619	0.01845	0.02339	0.01573	0.02031	0.01176	0.01397	0.00992	0.00727	0.00691	0.00201	0.04945	0.00481	0.00331	0.01035
3	0.78228	0.01499	0.01140	0.01020	0.01499	0.01739	0.00840	0.02279	0.01320	0.03479	0.01080	0.01260	0.00840	0.00720	0.00480	0.00240	0.00600	0.00420	0.00480	0.00840
4	0.01919	0.01842	0.03147	0.04759	0.67914	0.01842	0.02380	0.02380	0.01765	0.02533	0.01458	0.01919	0.01228	0.00691	0.00768	0.00230	0.00921	0.00691	0.00384	0.01228
5	0.00944	0.00792	0.00824	0.00833	0.01087	0.00672	0.00636	0.01157	0.01785	0.02149	0.09957	0.07477	0.61277	0.01960	0.00926	0.00267	0.00412	0.05457	0.00725	0.00661
6	0.02406	0.04395	0.01976	0.01535	0.01992	0.05316	0.01230	0.39934	0.05478	0.03757	0.01953	0.02328	0.01565	0.07860	0.05445	0.03413	0.00891	0.00734	0.06710	0.01079
7	0.02315	0.01564	0.01891	0.01570	0.02019	0.01640	0.03991	0.28769	0.08423	0.13539	0.05124	0.18106	0.02674	0.01334	0.00847	0.00261	0.00710	0.03345	0.00776	0.01103
8	0.02166	0.01052	0.01378	0.01162	0.01534	0.00958	0.00918	0.02584	0.05002	0.30977	0.34102	0.04182	0.04543	0.01263	0.00834	0.00240	0.00502	0.01081	0.04517	0.01004
9	0.01919	0.01842	0.03147	0.04759	0.67914	0.01842	0.02380	0.02380	0.01765	0.02533	0.01458	0.01919	0.01228	0.00691	0.00768	0.00230	0.00921	0.00691	0.00384	0.01228
10	0.01097	0.00793	0.01036	0.00975	0.01158	0.00732	0.00732	0.01463	0.02195	0.03109	0.67505	0.05792	0.07316	0.01585	0.00914	0.00244	0.00366	0.01402	0.00854	0.00732
11	0.02892	0.02144	0.02296	0.01773	0.02383	0.02378	0.01460	0.61978	0.07087	0.04797	0.01932	0.01918	0.01376	0.00937	0.00776	0.00234	0.00840	0.00708	0.00776	0.01314
12	0.01642	0.01409	0.01623	0.01194	0.01857	0.01129	0.00952	0.02184	0.08537	0.02603	0.01568	0.01745	0.01279	0.00625	0.00597	0.00131	0.00578	0.00504	0.00495	0.69349
13	0.01372	0.01214	0.01689	0.25678	0.02761	0.04270	0.01370	0.01659	0.01362	0.01810	0.01770	0.02941	0.01682	0.17977	0.21626	0.00658	0.08225	0.00817	0.00394	0.00727
14	0.06611	0.47138	0.03227	0.01454	0.02007	0.18286	0.01311	0.02436	0.01739	0.02010	0.03994	0.01754	0.01382	0.00793	0.00582	0.00189	0.00924	0.02830	0.00392	0.00942
15	0.01797	0.01454	0.01767	0.09084	0.02294	0.01251	0.01121	0.08279	0.01826	0.05285	0.01492	0.01725	0.01183	0.00647	0.00625	0.00148	0.00657	0.00521	0.00497	0.58347
16	0.02031	0.02113	0.06654	0.06269	0.46357	0.08523	0.02152	0.08042	0.01982	0.02685	0.04647	0.02038	0.01486	0.00772	0.00767	0.00230	0.00952	0.00700	0.00438	0.01162
17	0.08591	0.01820	0.04872	0.03846	0.05414	0.01799	0.01395	0.29421	0.04543	0.20342	0.05806	0.02256	0.01772	0.00925	0.00753	0.00234	0.00761	0.00728	0.00741	0.03982
18	0.08963	0.44113	0.18893	0.01567	0.02304	0.08618	0.01661	0.02419	0.01622	0.02131	0.01163	0.01352	0.00978	0.00698	0.00570	0.00194	0.00934	0.00460	0.00350	0.01008

[dist]
# distance from previous block
# <min> <max>
0	1

[block]
# block no. 4 follows, 25 sequences, length 83
# corresponding to MSA columns:
# 216-298
name=unknown_E
#
# <colnr> <probs for GDERKNQSTAVLIFYWHMCP>
#	G	D	E	R	K	N	Q	S	T	A	V	L	I	F	Y	W	H	M	C	P
0	0.01725	0.01662	0.02879	0.32274	0.38446	0.01799	0.05583	0.02219	0.01679	0.02300	0.01431	0.01990	0.01144	0.00724	0.00779	0.00244	0.00988	0.00702	0.00368	0.01066
1	0.01743	0.01833	0.03137	0.02462	0.02734	0.02232	0.23645	0.02080	0.01410	0.02080	0.01208	0.01833	0.01073	0.01114	0.01980	0.00312	0.47090	0.00760	0.00358	0.00917
2	0.01089	0.00792	0.01025	0.00967	0.01153	0.00728	0.00725	0.01447	0.02175	0.03062	0.64700	0.05870	0.10150	0.01603	0.00915	0.00245	0.00367	0.01413	0.00847	0.00728
3	0.00916	0.00785	0.00785	0.00785	0.01047	0.00655	0.00589	0.01113	0.01767	0.02095	0.07855	0.07462	0.67599	0.01964	0.00916	0.00262	0.00393	0.01636	0.00720	0.00655
4	0.01445	0.00723	0.00723	0.00723	0.00903	0.00723	0.00542	0.01807	0.01626	0.02891	0.02529	0.02891	0.01987	0.00903	0.00542	0.00181	0.00361	0.00723	0.77055	0.00723
5	0.02116	0.01066	0.01397	0.01173	0.01539	0.00973	0.00927	0.05492	0.02275	0.28673	0.39165	0.04370	0.04918	0.01309	0.00855	0.00242	0.00504	0.01125	0.00891	0.00990
6	0.01108	0.00831	0.01246	0.01246	0.01385	0.00969	0.00969	0.01385	0.01246	0.01800	0.02077	0.03046	0.01938	0.05815	0.69678	0.01246	0.02077	0.00831	0.00415	0.00692
7	0.02899	0.03615	0.02204	0.01986	0.02397	0.66094	0.01497	0.06376	0.02274	0.02055	0.01233	0.01423	0.01016	0.00806	0.00703	0.00201	0.01370	0.00510	0.00419	0.00921
8	0.01881	0.02157	0.06272	0.03118	0.13449	0.06663	0.37691	0.02408	0.01748	0.02375	0.01442	0.01927	0.01144	0.00756	0.01056	0.00255	0.09885	0.00788	0.00385	0.04601
9	0.02721	0.10494	0.02350	0.01879	0.02319	0.53147	0.01453	0.06043	0.08436	0.02161	0.01407	0.01549	0.01146	0.00816	0.00691	0.00204	0.01239	0.00537	0.00448	0.00960
10	0.01128	0.00752	0.00846	0.00846	0.00846	0.00752	0.00470	0.01128	0.01128	0.01503	0.02443	0.05074	0.02819	0.72751	0.03946	0.00752	0.00752	0.01128	0.00470	0.00470
11	0.02270	0.01589	0.01763	0.01534	0.02008	0.01755	0.01208	0.04045	0.52356	0.17602	0.03134	0.02837	0.02268	0.01032	0.00787	0.00258	0.00624	0.00855	0.00827	0.01248
12	0.02047	0.60240	0.12675	0.01481	0.02195	0.06398	0.01543	0.02380	0.01616	0.01913	0.01127	0.01305	0.00993	0.00680	0.00540	0.00178	0.00902	0.00440	0.00335	0.01010
13	0.01568	0.03931	0.66327	0.02303	0.05725	0.01802	0.02847	0.02453	0.01642	0.02458	0.01394	0.01647	0.00991	0.00735	0.00738	0.00245	0.01138	0.00577	0.00329	0.01149
14	0.10195	0.09249	0.22633	0.08762	0.02856	0.09868	0.01890	0.20224	0.02221	0.03081	0.01439	0.01641	0.01071	0.00794	0.00698	0.00230	0.00995	0.00581	0.00481	0.01092
15	0.01798	0.09433	0.37344	0.02450	0.03400	0.01935	0.24020	0.02523	0.01728	0.05887	0.01512	0.01811	0.01100	0.00713	0.00779	0.00244	0.01147	0.00687	0.00383	0.01107
16	0.01097	0.00793	0.01036	0.00975	0.01158	0.00732	0.00732	0.01463	0.02195	0.03109	0.67505	0.05792	0.07316	0.01585	0.00914	0.00244	0.00366	0.01402	0.00854	0.00732
17	0.01110	0.00830	0.01058	0.01128	0.01324	0.00778	0.00921	0.01418	0.01874	0.02450	0.21387	0.10115	0.21948	0.01963	0.00987	0.00301	0.00529	0.28427	0.00752	0.00699
18	0.01538	0.01504	0.02697	0.58024	0.07697	0.01763	0.11628	0.02073	0.01601	0.02079	0.01410	0.02065	0.01063	0.00753	0.00796	0.00258	0.01070	0.00723	0.00353	0.00904
19	0.00945	0.00675	0.00900	0.01080	0.01125	0.00630	0.00720	0.01080	0.01484	0.01979	0.04274	0.72245	0.05128	0.02429	0.00990	0.00315	0.00450	0.02204	0.00720	0.00630
20	0.02073	0.73217	0.04063	0.01327	0.01990	0.03068	0.01327	0.02322	0.01575	0.01824	0.01078	0.01244	0.00995	0.00663	0.00498	0.00166	0.00829	0.00415	0.00332	0.00995
21	0.03131	0.01877	0.02144	0.01644	0.02257	0.01967	0.01358	0.44035	0.03152	0.26877	0.02276	0.02131	0.01526	0.00941	0.00777	0.00235	0.00786	0.00726	0.00839	0.01319
22	0.01601	0.01080	0.04225	0.01140	0.01440	0.00932	0.00932	0.01942	0.02056	0.15762	0.41508	0.04912	0.10722	0.03684	0.01053	0.00265	0.03865	0.01220	0.00803	0.00857
23	0.00916	0.00785	0.00785	0.00785	0.01047	0.00655	0.00589	0.01113	0.01767	0.02095	0.07855	0.07462	0.67599	0.01964	0.00916	0.00262	0.00393	0.01636	0.00720	0.00655
24	0.01464	0.01378	0.02326	0.70887	0.05340	0.01723	0.02153	0.01981	0.01550	0.01981	0.01378	0.02067	0.01034	0.00775	0.00775	0.00258	0.01034	0.00689	0.00345	0.00861
25	0.03365	0.01384	0.01825	0.01412	0.02004	0.01251	0.01162	0.07074	0.05849	0.61463	0.03001	0.02612	0.01912	0.00963	0.00780	0.00241	0.00668	0.00781	0.00940	0.01314
26	0.02404	0.01657	0.01840	0.01562	0.02060	0.01819	0.01241	0.12229	0.44024	0.17747	0.02962	0.02699	0.02129	0.01016	0.00785	0.00254	0.00656	0.00832	0.00825	0.01260
27	0.78228	0.01499	0.01140	0.01020	0.01499	0.01739	0.00840	0.02279	0.01320	0.03479	0.01080	0.01260	0.00840	0.00720	0.00480	0.00240	0.00600	0.00420	0.00480	0.00840
28	0.01075	0.00792	0.01006	0.00952	0.01145	0.00722	0.00714	0.01420	0.02142	0.02984	0.60168	0.05997	0.14731	0.01632	0.00915	0.00246	0.00369	0.01431	0.00837	0.00722
29	0.01919	0.01842	0.03147	0.04759	0.67914	0.01842	0.02380	0.02380	0.01765	0.02533	0.01458	0.01919	0.01228	0.00691	0.00768	0.00230	0.00921	0.00691	0.00384	0.01228
30	0.01445	0.00723	0.00723	0.00723	0.00903	0.00723	0.00542	0.01807	0.01626	0.02891	0.02529	0.02891	0.01987	0.00903	0.00542	0.00181	0.00361	0.00723	0.77055	0.00723
31	0.05200	0.01321	0.01518	0.01167	0.01732	0.01103	0.00920	0.06618	0.01793	0.02755	0.08091	0.08606	0.02117	0.00879	0.00657	0.00161	0.00565	0.00730	0.00547	0.53519
32	0.00945	0.00675	0.00900	0.01080	0.01125	0.00630	0.00720	0.01080	0.01484	0.01979	0.04274	0.72245	0.05128	0.02429	0.00990	0.00315	0.00450	0.02204	0.00720	0.00630
33	0.02549	0.01830	0.01973	0.01589	0.02075	0.04157	0.01272	0.40465	0.07453	0.09642	0.02120	0.02444	0.01655	0.09012	0.07800	0.00388	0.00945	0.00770	0.00713	0.01148
34	0.01109	0.00827	0.01227	0.01227	0.01358	0.00959	0.00945	0.01372	0.01240	0.01785	0.02095	0.03145	0.01981	0.09091	0.66461	0.01222	0.02012	0.00845	0.00418	0.00681
35	0.01919	0.01842	0.03147	0.04759	0.67914	0.01842	0.02380	0.02380	0.01765	0.02533	0.01458	0.01919	0.01228	0.00691	0.00768	0.00230	0.00921	0.00691	0.00384	0.01228
36	0.01608	0.01378	0.01608	0.01148	0.01837	0.01034	0.00919	0.01952	0.01608	0.02527	0.01378	0.01608	0.01148	0.00574	0.00574	0.00115	0.00574	0.00459	0.00459	0.77491
37	0.02073	0.73217	0.04063	0.01327	0.01990	0.03068	0.01327	0.02322	0.01575	0.01824	0.01078	0.01244	0.00995	0.00663	0.00498	0.00166	0.00829	0.00415	0.00332	0.00995
38	0.01194	0.00814	0.01068	0.00992	0.01192	0.00748	0.00748	0.01558	0.02196	0.05772	0.64879	0.05663	0.07096	0.01560	0.00909	0.00244	0.00378	0.01377	0.00858	0.00756
39	0.01108	0.00831	0.01246	0.01246	0.01385	0.00969	0.00969	0.01385	0.01246	0.01800	0.02077	0.03046	0.01938	0.05815	0.69678	0.01246	0.02077	0.00831	0.00415	0.00692
40	0.01985	0.01694	0.01785	0.01589	0.02038	0.01955	0.01241	0.07503	0.63038	0.03334	0.03084	0.02836	0.02309	0.01045	0.00788	0.00261	0.00627	0.00867	0.00788	0.01232
41	0.01108	0.00831	0.01246	0.01246	0.01385	0.00969	0.00969	0.01385	0.01246	0.01800	0.02077	0.03046	0.01938	0.05815	0.69678	0.01246	0.02077	0.00831	0.00415	0.00692
42	0.00945	0.00675	0.00900	0.01080	0.01125	0.00630	0.00720	0.01080	0.01484	0.01979	0.04274	0.72245	0.05128	0.02429	0.00990	0.00315	0.00450	0.02204	0.00720	0.00630
43	0.78228	0.01499	0.01140	0.01020	0.01499	0.01739	0.00840	0.02279	0.01320	0.03479	0.01080	0.01260	0.00840	0.00720	0.00480	0.00240	0.00600	0.00420	0.00480	0.00840
44	0.00916	0.00785	0.00785	0.00785	0.01047	0.00655	0.00589	0.01113	0.01767	0.02095	0.07855	0.07462	0.67599	0.01964	0.00916	0.00262	0.00393	0.01636	0.00720	0.00655
45	0.01108	0.00831	0.01246	0.01246	0.01385	0.00969	0.00969	0.01385	0.01246	0.01800	0.02077	0.03046	0.01938	0.05815	0.69678	0.01246	0.02077	0.00831	0.00415	0.00692
46	0.01464	0.01378	0.02326	0.70887	0.05340	0.01723	0.02153	0.01981	0.01550	0.01981	0.01378	0.02067	0.01034	0.00775	0.00775	0.00258	0.01034	0.00689	0.00345	0.00861
47	0.02844	0.03597	0.02248	0.02145	0.05885	0.66029	0.01545	0.03058	0.02174	0.01931	0.01212	0.01426	0.01011	0.00793	0.00703	0.00201	0.01373	0.00510	0.00399	0.00916
48	0.02896	0.03695	0.02197	0.01998	0.02397	0.69638	0.01498	0.03096	0.02197	0.01898	0.01199	0.01398	0.00999	0.00799	0.00699	0.00200	0.01398	0.00499	0.00400	0.00899
49	0.01460	0.01289	0.02106	0.57289	0.06927	0.01564	0.01911	0.01942	0.01565	0.02114	0.01626	0.04640	0.01304	0.00846	0.00754	0.00250	0.00925	0.00747	0.09892	0.00849
50	0.01347	0.00673	0.01010	0.01010	0.01010	0.00673	0.00673	0.01010	0.01010	0.01347	0.01347	0.02357	0.01347	0.02694	0.03030	0.77441	0.00673	0.00673	0.00337	0.00337
51	0.02024	0.02193	0.06518	0.04273	0.56166	0.10440	0.02294	0.02475	0.01813	0.02448	0.01422	0.01838	0.01186	0.00707	0.00757	0.00227	0.00994	0.00660	0.00383	0.01182
52	0.00958	0.00708	0.00899	0.01038	0.01133	0.00649	0.00720	0.01122	0.01573	0.02053	0.07038	0.55458	0.16494	0.02304	0.00977	0.00305	0.00448	0.04756	0.00724	0.00641
53	0.01515	0.00790	0.00797	0.00772	0.00973	0.00801	0.00585	0.04763	0.01720	0.02984	0.02498	0.02843	0.01956	0.00905	0.00553	0.00183	0.00384	0.00722	0.73505	0.00750
54	0.01608	0.01378	0.01608	0.01148	0.01837	0.01034	0.00919	0.01952	0.01608	0.02527	0.01378	0.01608	0.01148	0.00574	0.00574	0.00115	0.00574	0.00459	0.00459	0.77491
55	0.01929	0.01666	0.01753	0.01578	0.02016	0.01929	0.01227	0.04120	0.66513	0.03243	0.03156	0.02893	0.02367	0.01052	0.00789	0.00263	0.00614	0.00877	0.00789	0.01227
56	0.00916	0.00785	0.00785	0.00785	0.01047	0.00655	0.00589	0.01113	0.01767	0.02095	0.07855	0.07462	0.67599	0.01964	0.00916	0.00262	0.00393	0.01636	0.00720	0.00655
57	0.01108	0.00831	0.01246	0.01246	0.01385	0.00969	0.00969	0.01385	0.01246	0.01800	0.02077	0.03046	0.01938	0.05815	0.69678	0.01246	0.02077	0.00831	0.00415	0.00692
58	0.01620	0.03925	0.65643	0.02190	0.03312	0.01829	0.02800	0.05382	0.01730	0.02569	0.01413	0.01647	0.00998	0.00746	0.00738	0.00245	0.01132	0.00579	0.00348	0.01154
59	0.02947	0.02172	0.02327	0.01784	0.02404	0.02404	0.01474	0.65329	0.03646	0.04887	0.01862	0.01862	0.01319	0.00931	0.00776	0.00233	0.00853	0.00698	0.00776	0.01319
60	0.01830	0.01726	0.02920	0.07913	0.58185	0.01744	0.02258	0.02284	0.01756	0.02483	0.01711	0.02590	0.01532	0.00836	0.00797	0.00244	0.00907	0.06711	0.00414	0.01159
61	0.01127	0.00756	0.00865	0.00865	0.00872	0.00762	0.00494	0.01140	0.01133	0.01518	0.02425	0.04975	0.02776	0.69475	0.07164	0.00776	0.00817	0.01113	0.00467	0.00481
62	0.02151	0.66625	0.03886	0.01390	0.02029	0.09380	0.01343	0.02395	0.01634	0.01831	0.01089	0.01258	0.00995	0.00676	0.00517	0.00169	0.00883	0.00423	0.00338	0.00986
63	0.00945	0.00675	0.00900	0.01080	0.01125	0.00630	0.00720	0.01080	0.01484	0.01979	0.04274	0.72245	0.05128	0.02429	0.00990	0.00315	0.00450	0.02204	0.00720	0.00630
64	0.01555	0.04011	0.68733	0.02210	0.03356	0.01801	0.02865	0.02455	0.01637	0.02455	0.01391	0.01637	0.00982	0.00737	0.00737	0.00246	0.01146	0.00573	0.00327	0.01146
65	0.01591	0.00863	0.00878	0.00826	0.01049	0.00886	0.00632	0.07975	0.01822	0.03084	0.02465	0.02791	0.01922	0.00906	0.00565	0.00186	0.00409	0.00720	0.69648	0.00781
66	0.01097	0.00793	0.01036	0.00975	0.01158	0.00732	0.00732	0.01463	0.02195	0.03109	0.67505	0.05792	0.07316	0.01585	0.00914	0.00244	0.00366	0.01402	0.00854	0.00732
67	0.01608	0.01378	0.01608	0.01148	0.01837	0.01034	0.00919	0.01952	0.01608	0.02527	0.01378	0.01608	0.01148	0.00574	0.00574	0.00115	0.00574	0.00459	0.00459	0.77491
68	0.01464	0.01378	0.02326	0.70887	0.05340	0.01723	0.02153	0.01981	0.01550	0.01981	0.01378	0.02067	0.01034	0.00775	0.00775	0.00258	0.01034	0.00689	0.00345	0.00861
69	0.01464	0.01378	0.02326	0.70887	0.05340	0.01723	0.02153	0.01981	0.01550	0.01981	0.01378	0.02067	0.01034	0.00775	0.00775	0.00258	0.01034	0.00689	0.00345	0.00861
70	0.02947	0.02172	0.02327	0.01784	0.02404	0.02404	0.01474	0.65329	0.03646	0.04887	0.01862	0.01862	0.01319	0.00931	0.00776	0.00233	0.00853	0.00698	0.00776	0.01319
71	0.01685	0.01681	0.02373	0.05327	0.02194	0.02344	0.01718	0.01871	0.01205	0.01871	0.01035	0.01714	0.01019	0.01329	0.02460	0.00335	0.67971	0.00679	0.00340	0.00849
72	0.00926	0.00786	0.00799	0.00795	0.01053	0.00659	0.00597	0.01131	0.01790	0.02148	0.10999	0.07374	0.64422	0.01944	0.00916	0.00261	0.00391	0.01624	0.00727	0.00659
73	0.00986	0.00778	0.00889	0.00883	0.01096	0.00681	0.00654	0.01239	0.01898	0.02458	0.29494	0.12971	0.39483	0.01868	0.00923	0.00260	0.00388	0.01604	0.00769	0.00681
74	0.02856	0.07270	0.02302	0.01951	0.02376	0.62558	0.01488	0.06369	0.02242	0.02053	0.01227	0.01415	0.01016	0.00799	0.00693	0.00200	0.01339	0.00505	0.00416	0.00926
75	0.01877	0.01800	0.03072	0.10807	0.62191	0.01831	0.02359	0.02343	0.01746	0.02483	0.01451	0.01933	0.01210	0.00699	0.00768	0.00233	0.00931	0.00691	0.00380	0.01195
76	0.01091	0.00792	0.01027	0.00968	0.01154	0.00729	0.00726	0.01450	0.02179	0.03072	0.65303	0.05853	0.09541	0.01599	0.00915	0.00245	0.00367	0.01411	0.00849	0.00729
77	0.01929	0.01666	0.01753	0.01578	0.02016	0.01929	0.01227	0.04120	0.66513	0.03243	0.03156	0.02893	0.02367	0.01052	0.00789	0.00263	0.00614	0.00877	0.00789	0.01227
78	0.10150	0.03317	0.02106	0.04322	0.02414	0.56944	0.01456	0.06418	0.02169	0.02219	0.01230	0.01434	0.01002	0.00798	0.00685	0.00208	0.01278	0.00509	0.00426	0.00915
79	0.01035	0.00819	0.01274	0.01302	0.01423	0.00765	0.07274	0.01223	0.01520	0.02031	0.03998	0.65102	0.04726	0.02248	0.00982	0.00309	0.00537	0.02073	0.00686	0.00672
80	0.01536	0.07007	0.59081	0.02048	0.03078	0.01758	0.02584	0.02353	0.01688	0.02489	0.07784	0.02021	0.01597	0.00815	0.00742	0.00242	0.01055	0.00646	0.00379	0.01099
81	0.01074	0.00775	0.01016	0.00991	0.01153	0.00716	0.00730	0.01406	0.02088	0.02939	0.57999	0.15782	0.06987	0.01712	0.00926	0.00255	0.00378	0.01523	0.00833	0.00716
82	0.01981	0.01668	0.01776	0.01588	0.02028	0.01915	0.01250	0.09261	0.57685	0.03336	0.03094	0.03112	0.02387	0.01099	0.00803	0.00265	0.00640	0.04120	0.00784	0.01208

[dist]
# distance from previous block
# <min> <max>
0	0

# created by:
# /st0/software/busco_prod/Augustus/scripts/msa2prfl.pl ./align_prep/115058.fa
