[name]
unknown

[dist]
# distance from previous block
# <min> <max>
8	25

[block]
# block no. 0 follows, 26 sequences, length 32
# corresponding to MSA columns:
# 25-56
name=unknown_A
#
# <colnr> <probs for GDERKNQSTAVLIFYWHMCP>
#	G	D	E	R	K	N	Q	S	T	A	V	L	I	F	Y	W	H	M	C	P
0	0.02222	0.01637	0.01829	0.01430	0.01958	0.01657	0.01148	0.35526	0.02663	0.06014	0.07311	0.07418	0.02064	0.03248	0.00832	0.00221	0.00688	0.00804	0.00679	0.20648
1	0.01808	0.06092	0.28585	0.10917	0.02892	0.04925	0.01932	0.02778	0.16587	0.07559	0.04213	0.02123	0.01572	0.00835	0.00727	0.00234	0.00899	0.00671	0.00499	0.04151
2	0.00987	0.00801	0.00872	0.00876	0.01102	0.00714	0.00658	0.01274	0.04224	0.02212	0.15326	0.10118	0.47730	0.04892	0.01029	0.00282	0.00424	0.05097	0.00714	0.00666
3	0.01966	0.01669	0.01760	0.01560	0.02003	0.01924	0.01220	0.08975	0.62167	0.03301	0.02986	0.02750	0.02234	0.01020	0.00771	0.00255	0.00619	0.00844	0.00771	0.01208
4	0.01279	0.01262	0.10110	0.01374	0.01693	0.00953	0.01293	0.01685	0.01803	0.04472	0.14236	0.06893	0.09452	0.01778	0.00959	0.00306	0.00672	0.38332	0.00679	0.00770
5	0.04769	0.37145	0.32704	0.01808	0.05311	0.02354	0.01987	0.02330	0.01566	0.02149	0.01206	0.01415	0.00972	0.00684	0.00600	0.00202	0.00943	0.00485	0.00330	0.01042
6	0.01963	0.67211	0.07134	0.01338	0.01989	0.02852	0.01358	0.02239	0.01531	0.01814	0.01111	0.01311	0.01012	0.00866	0.03455	0.00211	0.00878	0.00431	0.00328	0.00968
7	0.01074	0.00775	0.01014	0.00954	0.01133	0.00716	0.00716	0.01431	0.02147	0.03042	0.68211	0.05666	0.07157	0.01551	0.00895	0.00239	0.00358	0.01372	0.00835	0.00716
8	0.01782	0.01847	0.03264	0.21113	0.29316	0.05006	0.21936	0.02293	0.01713	0.02296	0.01428	0.01943	0.01127	0.00690	0.00794	0.00240	0.01068	0.00735	0.00369	0.01040
9	0.02369	0.02558	0.02167	0.13578	0.02771	0.36687	0.05165	0.09522	0.02126	0.05409	0.03876	0.07043	0.01577	0.00935	0.00749	0.00224	0.01108	0.00730	0.00485	0.00920
10	0.00924	0.00660	0.00880	0.01056	0.01100	0.00616	0.00704	0.01056	0.01452	0.01936	0.04181	0.72848	0.05017	0.02376	0.00968	0.00308	0.00440	0.02156	0.00704	0.00616
11	0.00943	0.00774	0.00834	0.00828	0.01066	0.00664	0.00627	0.01174	0.01812	0.02253	0.19522	0.07022	0.53876	0.01854	0.00902	0.00256	0.00390	0.03814	0.00730	0.00657
12	0.01877	0.01802	0.03079	0.04656	0.68612	0.01802	0.02328	0.02328	0.01727	0.02478	0.01427	0.01877	0.01201	0.00676	0.00751	0.00225	0.00901	0.00676	0.00375	0.01201
13	0.01804	0.01727	0.02946	0.15700	0.58142	0.01783	0.02291	0.02263	0.01692	0.02389	0.01414	0.01901	0.01170	0.00689	0.00752	0.00230	0.00919	0.00676	0.00369	0.01142
14	0.01877	0.01802	0.03079	0.04656	0.68612	0.01802	0.02328	0.02328	0.01727	0.02478	0.01427	0.01877	0.01201	0.00676	0.00751	0.00225	0.00901	0.00676	0.00375	0.01201
15	0.07665	0.65696	0.06355	0.01310	0.01964	0.02856	0.01322	0.02273	0.01525	0.01928	0.01067	0.01233	0.00962	0.00656	0.00495	0.00171	0.00807	0.00412	0.00335	0.00968
16	0.01721	0.22126	0.44959	0.01954	0.02889	0.04313	0.05119	0.02442	0.03730	0.02248	0.01338	0.01552	0.01017	0.00710	0.00667	0.00220	0.01038	0.00542	0.00341	0.01073
17	0.00910	0.00773	0.00788	0.00795	0.01048	0.00650	0.00604	0.01109	0.01730	0.02059	0.07527	0.07354	0.65560	0.01928	0.00903	0.00260	0.00398	0.04257	0.00704	0.00643
18	0.01521	0.03923	0.69413	0.02162	0.03283	0.01762	0.02802	0.02402	0.01601	0.02402	0.01361	0.01601	0.00961	0.00721	0.00721	0.00240	0.01121	0.00560	0.00320	0.01121
19	0.01521	0.03923	0.69413	0.02162	0.03283	0.01762	0.02802	0.02402	0.01601	0.02402	0.01361	0.01601	0.00961	0.00721	0.00721	0.00240	0.01121	0.00560	0.00320	0.01121
20	0.01790	0.02046	0.04476	0.03197	0.03964	0.01918	0.65857	0.02430	0.01790	0.02430	0.01535	0.02046	0.01151	0.00639	0.00895	0.00256	0.01279	0.00895	0.00384	0.01023
21	0.00896	0.00768	0.00768	0.00768	0.01025	0.00640	0.00576	0.01089	0.01729	0.02049	0.07684	0.07300	0.68304	0.01921	0.00896	0.00256	0.00384	0.01601	0.00704	0.00640
22	0.01877	0.01802	0.03079	0.04656	0.68612	0.01802	0.02328	0.02328	0.01727	0.02478	0.01427	0.01877	0.01201	0.00676	0.00751	0.00225	0.00901	0.00676	0.00375	0.01201
23	0.03403	0.01291	0.01760	0.01350	0.01936	0.01115	0.01115	0.03697	0.02171	0.69137	0.02992	0.02582	0.01878	0.00939	0.00763	0.00235	0.00645	0.00763	0.00939	0.01291
24	0.01084	0.00813	0.01219	0.01219	0.01354	0.00948	0.00948	0.01354	0.01219	0.01761	0.02032	0.02980	0.01896	0.05689	0.70337	0.01219	0.02032	0.00813	0.00406	0.00677
25	0.01190	0.00960	0.01386	0.01326	0.01425	0.01180	0.01035	0.01419	0.01199	0.01747	0.01874	0.02911	0.01807	0.10753	0.52217	0.01015	0.14661	0.00811	0.00397	0.00686
26	0.05416	0.67081	0.07124	0.01328	0.01992	0.02881	0.01352	0.02276	0.01533	0.01888	0.01070	0.01237	0.00966	0.00655	0.00498	0.00169	0.00817	0.00414	0.00331	0.00974
27	0.01104	0.00795	0.01057	0.01045	0.01223	0.00748	0.00820	0.01460	0.02065	0.02883	0.55052	0.06258	0.06585	0.01662	0.00926	0.00261	0.00428	0.14109	0.00807	0.00712
28	0.00924	0.00660	0.00880	0.01056	0.01100	0.00616	0.00704	0.01056	0.01452	0.01936	0.04181	0.72848	0.05017	0.02376	0.00968	0.00308	0.00440	0.02156	0.00704	0.00616
29	0.01552	0.03712	0.62106	0.02278	0.03360	0.01779	0.09898	0.02405	0.01623	0.02405	0.01381	0.01651	0.00982	0.00711	0.00740	0.00242	0.01139	0.00598	0.00327	0.01110
30	0.02067	0.64365	0.03711	0.01342	0.01972	0.02882	0.01299	0.06060	0.06505	0.02059	0.01248	0.01370	0.01091	0.00692	0.00523	0.00173	0.00797	0.00455	0.00382	0.01008
31	0.01755	0.01983	0.04305	0.03086	0.03824	0.01859	0.62635	0.02380	0.01808	0.02460	0.04832	0.02225	0.01448	0.00684	0.00895	0.00255	0.01233	0.00919	0.00406	0.01008

[dist]
# distance from previous block
# <min> <max>
1	2

[block]
# block no. 1 follows, 26 sequences, length 65
# corresponding to MSA columns:
# 59-123
name=unknown_B
#
# <colnr> <probs for GDERKNQSTAVLIFYWHMCP>
#	G	D	E	R	K	N	Q	S	T	A	V	L	I	F	Y	W	H	M	C	P
0	0.01081	0.00780	0.01025	0.00977	0.01156	0.00724	0.00742	0.01439	0.02126	0.03002	0.64899	0.05815	0.07013	0.01579	0.00903	0.00244	0.00375	0.04578	0.00828	0.00715
1	0.71715	0.08057	0.01375	0.01025	0.01511	0.01820	0.00865	0.02233	0.01314	0.03256	0.01056	0.01231	0.00835	0.00699	0.00471	0.00228	0.00607	0.00410	0.00456	0.00835
2	0.01271	0.00843	0.01121	0.01140	0.01346	0.00794	0.00926	0.01600	0.01938	0.07146	0.32308	0.09164	0.10249	0.01775	0.00947	0.00284	0.00513	0.25120	0.00775	0.00739
3	0.01791	0.19623	0.40866	0.02083	0.06245	0.02086	0.04770	0.05523	0.01699	0.04193	0.01356	0.01584	0.01026	0.00735	0.00739	0.00224	0.03441	0.00559	0.00366	0.01090
4	0.58685	0.06604	0.04773	0.01127	0.01658	0.01710	0.00995	0.02453	0.01451	0.12729	0.01351	0.01444	0.00991	0.00735	0.00525	0.00230	0.00637	0.00469	0.00520	0.00915
5	0.01739	0.01447	0.01662	0.01202	0.01868	0.01181	0.00968	0.10055	0.01826	0.02765	0.01408	0.01604	0.01145	0.00606	0.00587	0.00127	0.00596	0.00479	0.00489	0.68246
6	0.00924	0.00660	0.00880	0.01056	0.01100	0.00616	0.00704	0.01056	0.01452	0.01936	0.04181	0.72848	0.05017	0.02376	0.00968	0.00308	0.00440	0.02156	0.00704	0.00616
7	0.01074	0.00775	0.01014	0.00954	0.01133	0.00716	0.00716	0.01431	0.02147	0.03042	0.68211	0.05666	0.07157	0.01551	0.00895	0.00239	0.00358	0.01372	0.00835	0.00716
8	0.02028	0.73799	0.03975	0.01298	0.01947	0.03001	0.01298	0.02271	0.01541	0.01785	0.01055	0.01217	0.00973	0.00649	0.00487	0.00162	0.00811	0.00406	0.00324	0.00973
9	0.02101	0.01502	0.11838	0.01313	0.01834	0.01055	0.01217	0.02500	0.01996	0.29372	0.21244	0.03794	0.07805	0.01168	0.00802	0.00236	0.00617	0.03421	0.00761	0.05425
10	0.01521	0.03923	0.69413	0.02162	0.03283	0.01762	0.02802	0.02402	0.01601	0.02402	0.01361	0.01601	0.00961	0.00721	0.00721	0.00240	0.01121	0.00560	0.00320	0.01121
11	0.78701	0.01467	0.01115	0.00997	0.01467	0.01702	0.00821	0.02230	0.01291	0.03403	0.01056	0.01232	0.00821	0.00704	0.00469	0.00235	0.00587	0.00411	0.00469	0.00821
12	0.01091	0.00785	0.01078	0.01078	0.01165	0.00872	0.00772	0.01264	0.01177	0.01656	0.02161	0.03694	0.02206	0.30049	0.46401	0.01045	0.01565	0.00917	0.00426	0.00599
13	0.01573	0.01348	0.01573	0.01123	0.01798	0.01011	0.00899	0.01910	0.01573	0.02472	0.01348	0.01573	0.01123	0.00562	0.00562	0.00112	0.00562	0.00449	0.00449	0.77980
14	0.01432	0.01348	0.02275	0.71520	0.05224	0.01685	0.02107	0.01938	0.01517	0.01938	0.01348	0.02022	0.01011	0.00758	0.00758	0.00253	0.01011	0.00674	0.00337	0.00843
15	0.07636	0.03961	0.01830	0.01348	0.01931	0.01280	0.01122	0.06780	0.02170	0.59623	0.02751	0.02416	0.01754	0.00913	0.00736	0.00232	0.00658	0.00726	0.00880	0.01252
16	0.02028	0.73799	0.03975	0.01298	0.01947	0.03001	0.01298	0.02271	0.01541	0.01785	0.01055	0.01217	0.00973	0.00649	0.00487	0.00162	0.00811	0.00406	0.00324	0.00973
17	0.01063	0.00767	0.01005	0.00961	0.01131	0.00709	0.00715	0.01406	0.02100	0.02966	0.63838	0.10255	0.07011	0.01607	0.00900	0.00243	0.00363	0.01425	0.00826	0.00709
18	0.02521	0.30806	0.02857	0.01700	0.02191	0.44226	0.01401	0.02735	0.01914	0.01829	0.01127	0.01309	0.00976	0.00730	0.00608	0.00183	0.01152	0.00456	0.00365	0.00916
19	0.00947	0.00678	0.00901	0.01040	0.01105	0.00632	0.00706	0.01115	0.01561	0.02109	0.14191	0.62345	0.05351	0.02247	0.00957	0.00297	0.00427	0.02034	0.00725	0.00632
20	0.01086	0.00803	0.01168	0.01168	0.01285	0.00920	0.00884	0.01321	0.01204	0.01723	0.02079	0.03240	0.02009	0.14567	0.61614	0.01156	0.01862	0.00851	0.00413	0.00649
21	0.01805	0.01995	0.04159	0.03229	0.10089	0.01905	0.55452	0.02525	0.06093	0.02483	0.01626	0.02081	0.01232	0.00669	0.00873	0.00253	0.01198	0.00871	0.00408	0.01052
22	0.00963	0.00771	0.00861	0.00839	0.01066	0.00669	0.00629	0.01218	0.01887	0.02424	0.30545	0.06683	0.45209	0.01781	0.00896	0.00249	0.00374	0.01514	0.00754	0.00669
23	0.01432	0.01348	0.02275	0.71520	0.05224	0.01685	0.02107	0.01938	0.01517	0.01938	0.01348	0.02022	0.01011	0.00758	0.00758	0.00253	0.01011	0.00674	0.00337	0.00843
24	0.01982	0.06441	0.01881	0.01536	0.01983	0.04403	0.01214	0.03867	0.58323	0.05308	0.02881	0.02662	0.02164	0.00992	0.00750	0.00248	0.00643	0.00811	0.00734	0.01177
25	0.03403	0.01291	0.01760	0.01350	0.01936	0.01115	0.01115	0.03697	0.02171	0.69137	0.02992	0.02582	0.01878	0.00939	0.00763	0.00235	0.00645	0.00763	0.00939	0.01291
26	0.01432	0.01348	0.02275	0.71520	0.05224	0.01685	0.02107	0.01938	0.01517	0.01938	0.01348	0.02022	0.01011	0.00758	0.00758	0.00253	0.01011	0.00674	0.00337	0.00843
27	0.01740	0.01793	0.02311	0.01989	0.02016	0.06966	0.01646	0.01908	0.01229	0.01828	0.01008	0.01640	0.00994	0.01290	0.02366	0.00323	0.67133	0.00652	0.00336	0.00833
28	0.02733	0.05334	0.04416	0.01915	0.02447	0.33743	0.04856	0.29487	0.02689	0.03131	0.01466	0.01596	0.01117	0.00822	0.00721	0.00212	0.01112	0.00591	0.00541	0.01070
29	0.00896	0.00768	0.00768	0.00768	0.01025	0.00640	0.00576	0.01089	0.01729	0.02049	0.07684	0.07300	0.68304	0.01921	0.00896	0.00256	0.00384	0.01601	0.00704	0.00640
30	0.02867	0.02124	0.02246	0.01741	0.02318	0.04972	0.01433	0.58161	0.03356	0.07929	0.01829	0.01837	0.01298	0.00921	0.00814	0.00230	0.03246	0.00679	0.00739	0.01258
31	0.01414	0.00707	0.00707	0.00707	0.00884	0.00707	0.00530	0.01767	0.01591	0.02828	0.02474	0.02828	0.01944	0.00884	0.00530	0.00177	0.00353	0.00707	0.77554	0.00707
32	0.00924	0.00660	0.00880	0.01056	0.01100	0.00616	0.00704	0.01056	0.01452	0.01936	0.04181	0.72848	0.05017	0.02376	0.00968	0.00308	0.00440	0.02156	0.00704	0.00616
33	0.01790	0.02046	0.04476	0.03197	0.03964	0.01918	0.65857	0.02430	0.01790	0.02430	0.01535	0.02046	0.01151	0.00639	0.00895	0.00256	0.01279	0.00895	0.00384	0.01023
34	0.02833	0.03615	0.02149	0.01954	0.02345	0.70298	0.01466	0.03029	0.02149	0.01856	0.01172	0.01368	0.00977	0.00782	0.00684	0.00195	0.01368	0.00489	0.00391	0.00879
35	0.02028	0.73799	0.03975	0.01298	0.01947	0.03001	0.01298	0.02271	0.01541	0.01785	0.01055	0.01217	0.00973	0.00649	0.00487	0.00162	0.00811	0.00406	0.00324	0.00973
36	0.01659	0.01659	0.02323	0.01991	0.01991	0.02323	0.01659	0.01825	0.01162	0.01825	0.00996	0.01659	0.00996	0.01328	0.02489	0.00332	0.71955	0.00664	0.00332	0.00830
37	0.01878	0.01790	0.02986	0.04443	0.64060	0.01808	0.02251	0.02444	0.06202	0.02526	0.01540	0.01942	0.01278	0.00700	0.00752	0.00227	0.00881	0.00688	0.00403	0.01201
38	0.03289	0.05497	0.01922	0.01374	0.01965	0.01307	0.01148	0.07876	0.02230	0.60887	0.02802	0.02452	0.01786	0.00920	0.00747	0.00230	0.00668	0.00737	0.00891	0.01273
39	0.00919	0.00756	0.00808	0.00823	0.01045	0.00645	0.00607	0.01121	0.01740	0.02141	0.13708	0.15030	0.54160	0.01936	0.00905	0.00261	0.00388	0.01643	0.00718	0.00645
40	0.01222	0.00873	0.01222	0.01397	0.01572	0.00873	0.01222	0.01572	0.01746	0.02270	0.04016	0.08556	0.04365	0.02095	0.01048	0.00349	0.00698	0.63506	0.00698	0.00698
41	0.01883	0.01016	0.01380	0.01330	0.05281	0.00935	0.00953	0.02257	0.04383	0.24291	0.31670	0.14015	0.04621	0.01402	0.00850	0.00247	0.00503	0.01229	0.00821	0.00933
42	0.01535	0.03831	0.66213	0.02213	0.03316	0.01769	0.05910	0.02403	0.01611	0.02403	0.01370	0.01623	0.00970	0.00717	0.00729	0.00241	0.01129	0.00577	0.00323	0.01116
43	0.00896	0.00768	0.00768	0.00768	0.01025	0.00640	0.00576	0.01089	0.01729	0.02049	0.07684	0.07300	0.68304	0.01921	0.00896	0.00256	0.00384	0.01601	0.00704	0.00640
44	0.01521	0.03923	0.69413	0.02162	0.03283	0.01762	0.02802	0.02402	0.01601	0.02402	0.01361	0.01601	0.00961	0.00721	0.00721	0.00240	0.01121	0.00560	0.00320	0.01121
45	0.01569	0.08954	0.62016	0.02140	0.03213	0.01858	0.05232	0.02394	0.01605	0.02358	0.01346	0.01591	0.00969	0.00712	0.00711	0.00235	0.01105	0.00563	0.00323	0.01106
46	0.03403	0.01291	0.01760	0.01350	0.01936	0.01115	0.01115	0.03697	0.02171	0.69137	0.02992	0.02582	0.01878	0.00939	0.00763	0.00235	0.00645	0.00763	0.00939	0.01291
47	0.00924	0.00660	0.00880	0.01056	0.01100	0.00616	0.00704	0.01056	0.01452	0.01936	0.04181	0.72848	0.05017	0.02376	0.00968	0.00308	0.00440	0.02156	0.00704	0.00616
48	0.01659	0.01659	0.02323	0.01991	0.01991	0.02323	0.01659	0.01825	0.01162	0.01825	0.00996	0.01659	0.00996	0.01328	0.02489	0.00332	0.71955	0.00664	0.00332	0.00830
49	0.01749	0.01728	0.03127	0.13507	0.43613	0.01747	0.14671	0.02228	0.01696	0.02365	0.01579	0.05592	0.01362	0.00768	0.00791	0.00239	0.00967	0.00795	0.00389	0.01086
50	0.00924	0.00660	0.00880	0.01056	0.01100	0.00616	0.00704	0.01056	0.01452	0.01936	0.04181	0.72848	0.05017	0.02376	0.00968	0.00308	0.00440	0.02156	0.00704	0.00616
51	0.01659	0.01659	0.02323	0.01991	0.01991	0.02323	0.01659	0.01825	0.01162	0.01825	0.00996	0.01659	0.00996	0.01328	0.02489	0.00332	0.71955	0.00664	0.00332	0.00830
52	0.03403	0.01291	0.01760	0.01350	0.01936	0.01115	0.01115	0.03697	0.02171	0.69137	0.02992	0.02582	0.01878	0.00939	0.00763	0.00235	0.00645	0.00763	0.00939	0.01291
53	0.01593	0.01494	0.02158	0.41620	0.03857	0.05042	0.05086	0.04714	0.07978	0.02217	0.01797	0.08191	0.01532	0.00969	0.00892	0.00257	0.05769	0.00823	0.03130	0.00881
54	0.01743	0.09173	0.57712	0.02015	0.03047	0.01797	0.02521	0.02517	0.01652	0.08811	0.01495	0.01666	0.01051	0.00736	0.00706	0.00234	0.01051	0.00568	0.00380	0.01126
55	0.01835	0.01725	0.02874	0.18237	0.52341	0.01805	0.02239	0.05384	0.01774	0.02480	0.01430	0.01904	0.01167	0.00704	0.00753	0.00231	0.00920	0.00676	0.00386	0.01132
56	0.03053	0.01422	0.05251	0.01374	0.01950	0.01174	0.01181	0.06628	0.02211	0.55932	0.09158	0.02790	0.02310	0.00985	0.00773	0.00235	0.00652	0.00807	0.00887	0.01226
57	0.01878	0.01794	0.03014	0.04508	0.65441	0.01806	0.02274	0.02409	0.04844	0.02511	0.01506	0.01923	0.01254	0.00693	0.00752	0.00227	0.00887	0.00684	0.00394	0.01201
58	0.01495	0.01423	0.02366	0.56397	0.08384	0.01717	0.04206	0.01967	0.01513	0.02003	0.01331	0.01964	0.01031	0.00785	0.00890	0.00251	0.06599	0.00670	0.00346	0.04663
59	0.12838	0.07989	0.50151	0.01865	0.02801	0.01769	0.02276	0.02365	0.01567	0.04898	0.01459	0.04189	0.01124	0.00783	0.00679	0.00237	0.00980	0.00595	0.00379	0.01055
60	0.06126	0.01722	0.03158	0.17324	0.09424	0.01819	0.29750	0.05487	0.01698	0.02402	0.01499	0.04079	0.01224	0.00869	0.01036	0.03061	0.07172	0.00800	0.00401	0.00949
61	0.06064	0.67567	0.03761	0.01305	0.01936	0.05284	0.01279	0.02296	0.01549	0.01872	0.01059	0.01223	0.00966	0.00656	0.00493	0.00167	0.00819	0.00409	0.00334	0.00962
62	0.01791	0.09692	0.28732	0.04756	0.03121	0.01781	0.20663	0.02419	0.01722	0.08154	0.04810	0.01992	0.01412	0.00743	0.00754	0.00230	0.01024	0.00699	0.00425	0.05080
63	0.02778	0.01570	0.05273	0.01564	0.02143	0.01415	0.05642	0.07103	0.15436	0.41800	0.05119	0.02615	0.02029	0.00946	0.00776	0.00241	0.00703	0.00799	0.00822	0.01225
64	0.11240	0.03303	0.50986	0.02179	0.06234	0.01793	0.05470	0.02348	0.01555	0.02503	0.01315	0.01593	0.00966	0.00744	0.00791	0.00244	0.04754	0.00569	0.00345	0.01067

[dist]
# distance from previous block
# <min> <max>
1	9

[block]
# block no. 2 follows, 26 sequences, length 6
# corresponding to MSA columns:
# 133-138
name=unknown_C
#
# <colnr> <probs for GDERKNQSTAVLIFYWHMCP>
#	G	D	E	R	K	N	Q	S	T	A	V	L	I	F	Y	W	H	M	C	P
0	0.14906	0.10113	0.46594	0.01849	0.02776	0.01913	0.02220	0.06906	0.01683	0.02684	0.01312	0.01517	0.00962	0.00724	0.00658	0.00231	0.00979	0.00529	0.00378	0.01067
1	0.17117	0.01488	0.01665	0.04302	0.01978	0.01542	0.01125	0.17682	0.06878	0.18433	0.09008	0.02542	0.02087	0.00949	0.00709	0.00228	0.00655	0.02582	0.00704	0.08328
2	0.01727	0.01197	0.01490	0.01395	0.01764	0.01171	0.01175	0.08390	0.08819	0.09169	0.03147	0.05516	0.03051	0.01492	0.00879	0.00276	0.00673	0.33854	0.00693	0.14123
3	0.09322	0.03151	0.44627	0.01916	0.02818	0.01869	0.02219	0.13467	0.08313	0.02983	0.01579	0.01723	0.01136	0.00782	0.00708	0.00239	0.00969	0.00596	0.00454	0.01129
4	0.01655	0.02248	0.16895	0.02588	0.03339	0.01729	0.39629	0.02259	0.01682	0.02372	0.01620	0.06247	0.01341	0.00784	0.00897	0.00244	0.04130	0.00849	0.00395	0.09097
5	0.01690	0.10954	0.16227	0.01934	0.02596	0.01765	0.18494	0.02545	0.14990	0.04863	0.02863	0.02933	0.12872	0.00967	0.00780	0.00241	0.00875	0.00876	0.00517	0.01017

[dist]
# distance from previous block
# <min> <max>
0	2

[block]
# block no. 3 follows, 26 sequences, length 92
# corresponding to MSA columns:
# 141-232
name=unknown_D
#
# <colnr> <probs for GDERKNQSTAVLIFYWHMCP>
#	G	D	E	R	K	N	Q	S	T	A	V	L	I	F	Y	W	H	M	C	P
0	0.01004	0.00742	0.00956	0.01084	0.01178	0.00699	0.00739	0.01248	0.04781	0.02025	0.03989	0.65876	0.04693	0.02221	0.00939	0.00296	0.00454	0.02008	0.00695	0.04375
1	0.01577	0.01361	0.01605	0.01160	0.01806	0.01067	0.00931	0.01906	0.01555	0.02444	0.01333	0.01577	0.01118	0.00594	0.00644	0.00122	0.03597	0.00459	0.00444	0.74700
2	0.05400	0.01478	0.01849	0.04239	0.02127	0.01307	0.04187	0.10682	0.01941	0.15127	0.01711	0.01819	0.01269	0.00695	0.00645	0.00168	0.00667	0.00567	0.00574	0.43549
3	0.01956	0.01336	0.01612	0.01171	0.01827	0.01033	0.00944	0.02284	0.01698	0.16442	0.01693	0.01784	0.01282	0.00641	0.00604	0.00138	0.00579	0.00515	0.00552	0.61909
4	0.01102	0.00739	0.00843	0.00843	0.00849	0.00744	0.00480	0.01113	0.01108	0.01483	0.02375	0.04882	0.02722	0.70550	0.06605	0.00755	0.00789	0.01091	0.00457	0.00469
5	0.03403	0.01291	0.01760	0.01350	0.01936	0.01115	0.01115	0.03697	0.02171	0.69137	0.02992	0.02582	0.01878	0.00939	0.00763	0.00235	0.00645	0.00763	0.00939	0.01291
6	0.01361	0.01221	0.02003	0.58195	0.04435	0.01488	0.01833	0.01807	0.01511	0.01982	0.01798	0.11913	0.01615	0.00990	0.00776	0.00257	0.00899	0.00882	0.04231	0.00804
7	0.01074	0.00775	0.01014	0.00954	0.01133	0.00716	0.00716	0.01431	0.02147	0.03042	0.68211	0.05666	0.07157	0.01551	0.00895	0.00239	0.00358	0.01372	0.00835	0.00716
8	0.02010	0.71387	0.06234	0.01328	0.01993	0.02959	0.01350	0.02276	0.01543	0.01806	0.01065	0.01230	0.00973	0.00651	0.00495	0.00165	0.00822	0.00411	0.00324	0.00978
9	0.02937	0.01417	0.01790	0.01438	0.01961	0.01397	0.01170	0.05739	0.18274	0.47873	0.02893	0.02579	0.01930	0.00977	0.00838	0.00244	0.03648	0.00779	0.00866	0.01249
10	0.01059	0.00775	0.00993	0.00938	0.01124	0.00709	0.00704	0.01402	0.02112	0.02958	0.63079	0.05804	0.12341	0.01582	0.00895	0.00240	0.00360	0.01391	0.00824	0.00709
11	0.01983	0.01677	0.01769	0.01563	0.02009	0.01932	0.01224	0.10012	0.61103	0.03328	0.02965	0.02733	0.02217	0.01018	0.00771	0.00254	0.00623	0.00841	0.00771	0.01209
12	0.01789	0.04459	0.13484	0.02685	0.03430	0.01842	0.43460	0.02386	0.01711	0.05221	0.01536	0.01964	0.01162	0.00851	0.03048	0.00276	0.04772	0.00789	0.00398	0.04736
13	0.78701	0.01467	0.01115	0.00997	0.01467	0.01702	0.00821	0.02230	0.01291	0.03403	0.01056	0.01232	0.00821	0.00704	0.00469	0.00235	0.00587	0.00411	0.00469	0.00821
14	0.02883	0.02125	0.02276	0.01745	0.02352	0.02352	0.01442	0.66082	0.03566	0.04780	0.01821	0.01821	0.01290	0.00911	0.00759	0.00228	0.00835	0.00683	0.00759	0.01290
15	0.01573	0.01348	0.01573	0.01123	0.01798	0.01011	0.00899	0.01910	0.01573	0.02472	0.01348	0.01573	0.01123	0.00562	0.00562	0.00112	0.00562	0.00449	0.00449	0.77980
16	0.03403	0.01291	0.01760	0.01350	0.01936	0.01115	0.01115	0.03697	0.02171	0.69137	0.02992	0.02582	0.01878	0.00939	0.00763	0.00235	0.00645	0.00763	0.00939	0.01291
17	0.02106	0.01405	0.01575	0.01310	0.01672	0.01539	0.01048	0.29645	0.02388	0.06783	0.02098	0.02462	0.01655	0.05399	0.08982	0.00359	0.03866	0.00731	0.23999	0.00977
18	0.20175	0.01684	0.02820	0.04569	0.05619	0.01694	0.29390	0.02579	0.07201	0.10536	0.01840	0.05387	0.01440	0.00812	0.00761	0.00250	0.00918	0.00806	0.00516	0.01004
19	0.03309	0.01304	0.01743	0.01342	0.01915	0.01151	0.01107	0.06194	0.02207	0.64062	0.02925	0.02559	0.01856	0.00936	0.00754	0.00232	0.00643	0.00757	0.03734	0.01269
20	0.78701	0.01467	0.01115	0.00997	0.01467	0.01702	0.00821	0.02230	0.01291	0.03403	0.01056	0.01232	0.00821	0.00704	0.00469	0.00235	0.00587	0.00411	0.00469	0.00821
21	0.00930	0.00664	0.00885	0.01052	0.01101	0.00620	0.00705	0.01070	0.01479	0.01978	0.06610	0.70299	0.05098	0.02345	0.00965	0.00305	0.00437	0.02127	0.00709	0.00620
22	0.01588	0.01477	0.02314	0.41344	0.11370	0.01839	0.01933	0.04099	0.01524	0.02103	0.01332	0.01942	0.01077	0.00901	0.01179	0.00265	0.18619	0.00673	0.03530	0.00890
23	0.01047	0.00771	0.00980	0.00935	0.01119	0.00703	0.00698	0.01378	0.02074	0.02885	0.58784	0.08060	0.14497	0.01623	0.00897	0.00243	0.00364	0.01425	0.00815	0.00703
24	0.71911	0.01601	0.04049	0.01081	0.01585	0.01734	0.00934	0.05214	0.01410	0.03425	0.01105	0.01275	0.00849	0.00714	0.00493	0.00235	0.00621	0.00430	0.00477	0.00856
25	0.02028	0.73799	0.03975	0.01298	0.01947	0.03001	0.01298	0.02271	0.01541	0.01785	0.01055	0.01217	0.00973	0.00649	0.00487	0.00162	0.00811	0.00406	0.00324	0.00973
26	0.01556	0.06714	0.63432	0.02179	0.03262	0.01821	0.05925	0.02398	0.01608	0.02378	0.01357	0.01608	0.00971	0.00714	0.00720	0.00238	0.01116	0.00571	0.00324	0.01110
27	0.00960	0.00758	0.00865	0.00865	0.01070	0.00663	0.00639	0.01202	0.01841	0.02377	0.28034	0.14191	0.40149	0.01846	0.00904	0.00256	0.00382	0.01585	0.00749	0.00663
28	0.01107	0.00861	0.00927	0.00900	0.01172	0.00773	0.00691	0.01475	0.06769	0.04996	0.12473	0.06680	0.51750	0.01788	0.00889	0.00258	0.00425	0.04616	0.00731	0.00720
29	0.01746	0.03615	0.60440	0.02074	0.03124	0.01737	0.02594	0.05679	0.01747	0.08076	0.01520	0.01694	0.01054	0.00748	0.00726	0.00239	0.01067	0.00583	0.00394	0.01144
30	0.01103	0.00735	0.00827	0.00827	0.00827	0.00735	0.00460	0.01103	0.01103	0.01471	0.02390	0.04964	0.02758	0.73343	0.03861	0.00735	0.00735	0.01103	0.00460	0.00460
31	0.78701	0.01467	0.01115	0.00997	0.01467	0.01702	0.00821	0.02230	0.01291	0.03403	0.01056	0.01232	0.00821	0.00704	0.00469	0.00235	0.00587	0.00411	0.00469	0.00821
32	0.02883	0.02125	0.02276	0.01745	0.02352	0.02352	0.01442	0.66082	0.03566	0.04780	0.01821	0.01821	0.01290	0.00911	0.00759	0.00228	0.00835	0.00683	0.00759	0.01290
33	0.01065	0.00775	0.01002	0.00946	0.01128	0.00712	0.00709	0.01415	0.02128	0.02995	0.65389	0.05742	0.10008	0.01568	0.00895	0.00239	0.00359	0.01382	0.00829	0.00712
34	0.02669	0.03317	0.02187	0.02054	0.05030	0.59742	0.01507	0.02939	0.04293	0.01925	0.01235	0.01462	0.01034	0.00829	0.00833	0.00210	0.06915	0.00523	0.00399	0.00900
35	0.05241	0.01670	0.01774	0.01513	0.01999	0.01857	0.01197	0.14128	0.46187	0.05661	0.02644	0.02482	0.01968	0.00954	0.00739	0.00239	0.00637	0.00773	0.00736	0.07599
36	0.36954	0.02007	0.08958	0.01704	0.04278	0.06801	0.10188	0.09736	0.01804	0.05425	0.04566	0.01742	0.01301	0.00774	0.00643	0.00234	0.00825	0.00597	0.00501	0.00962
37	0.02833	0.03615	0.02149	0.01954	0.02345	0.70298	0.01466	0.03029	0.02149	0.01856	0.01172	0.01368	0.00977	0.00782	0.00684	0.00195	0.01368	0.00489	0.00391	0.00879
38	0.01103	0.00735	0.00827	0.00827	0.00827	0.00735	0.00460	0.01103	0.01103	0.01471	0.02390	0.04964	0.02758	0.73343	0.03861	0.00735	0.00735	0.01103	0.00460	0.00460
39	0.01747	0.01957	0.04157	0.10300	0.04015	0.01910	0.56542	0.02353	0.01736	0.02353	0.01493	0.02028	0.01130	0.00680	0.00946	0.00259	0.04158	0.00862	0.00377	0.00996
40	0.02833	0.03615	0.02149	0.01954	0.02345	0.70298	0.01466	0.03029	0.02149	0.01856	0.01172	0.01368	0.00977	0.00782	0.00684	0.00195	0.01368	0.00489	0.00391	0.00879
41	0.00924	0.00660	0.00880	0.01056	0.01100	0.00616	0.00704	0.01056	0.01452	0.01936	0.04181	0.72848	0.05017	0.02376	0.00968	0.00308	0.00440	0.02156	0.00704	0.00616
42	0.01754	0.01956	0.04058	0.06476	0.03747	0.01964	0.53488	0.02319	0.01687	0.02319	0.01448	0.01990	0.01122	0.00743	0.01115	0.00266	0.11337	0.00851	0.00374	0.00986
43	0.02749	0.10962	0.02341	0.01885	0.02303	0.63253	0.01448	0.02950	0.02086	0.01849	0.01160	0.01352	0.00977	0.00768	0.00663	0.00192	0.01310	0.00480	0.00384	0.00889
44	0.00906	0.00769	0.00782	0.00778	0.01030	0.00644	0.00584	0.01107	0.01752	0.02103	0.10963	0.07211	0.64991	0.01901	0.00896	0.00255	0.00383	0.01588	0.00711	0.00644
45	0.03403	0.01291	0.01760	0.01350	0.01936	0.01115	0.01115	0.03697	0.02171	0.69137	0.02992	0.02582	0.01878	0.00939	0.00763	0.00235	0.00645	0.00763	0.00939	0.01291
46	0.02720	0.01864	0.02065	0.01630	0.02182	0.02019	0.01341	0.47593	0.08060	0.12734	0.04914	0.02479	0.01834	0.01007	0.00780	0.00237	0.00766	0.03763	0.00783	0.01231
47	0.01074	0.00775	0.01014	0.00954	0.01133	0.00716	0.00716	0.01431	0.02147	0.03042	0.68211	0.05666	0.07157	0.01551	0.00895	0.00239	0.00358	0.01372	0.00835	0.00716
48	0.01074	0.00775	0.01014	0.00954	0.01133	0.00716	0.00716	0.01431	0.02147	0.03042	0.68211	0.05666	0.07157	0.01551	0.00895	0.00239	0.00358	0.01372	0.00835	0.00716
49	0.01790	0.02046	0.04476	0.03197	0.03964	0.01918	0.65857	0.02430	0.01790	0.02430	0.01535	0.02046	0.01151	0.00639	0.00895	0.00256	0.01279	0.00895	0.00384	0.01023
50	0.01659	0.01659	0.02323	0.01991	0.01991	0.02323	0.01659	0.01825	0.01162	0.01825	0.00996	0.01659	0.00996	0.01328	0.02489	0.00332	0.71955	0.00664	0.00332	0.00830
51	0.02883	0.02125	0.02276	0.01745	0.02352	0.02352	0.01442	0.66082	0.03566	0.04780	0.01821	0.01821	0.01290	0.00911	0.00759	0.00228	0.00835	0.00683	0.00759	0.01290
52	0.01499	0.03767	0.66009	0.02102	0.03176	0.01709	0.02699	0.02354	0.01629	0.02434	0.04689	0.01804	0.01269	0.00762	0.00729	0.00240	0.01083	0.00601	0.00346	0.01101
53	0.78701	0.01467	0.01115	0.00997	0.01467	0.01702	0.00821	0.02230	0.01291	0.03403	0.01056	0.01232	0.00821	0.00704	0.00469	0.00235	0.00587	0.00411	0.00469	0.00821
54	0.01877	0.01802	0.03079	0.04656	0.68612	0.01802	0.02328	0.02328	0.01727	0.02478	0.01427	0.01877	0.01201	0.00676	0.00751	0.00225	0.00901	0.00676	0.00375	0.01201
55	0.02086	0.01547	0.01894	0.01390	0.02044	0.01364	0.04277	0.16286	0.02093	0.10748	0.01653	0.01769	0.01249	0.00686	0.00645	0.00159	0.00667	0.00560	0.00571	0.48311
56	0.00941	0.00673	0.00896	0.01044	0.01104	0.00628	0.00705	0.01100	0.01533	0.02064	0.11588	0.65076	0.05264	0.02281	0.00960	0.00300	0.00431	0.02066	0.00719	0.00628
57	0.01980	0.01774	0.02264	0.45009	0.04132	0.07904	0.01856	0.20791	0.02172	0.02762	0.01471	0.01906	0.01090	0.00805	0.00752	0.00240	0.00991	0.00660	0.00465	0.00977
58	0.01052	0.00774	0.00984	0.00931	0.01120	0.00706	0.00699	0.01389	0.02096	0.02920	0.60781	0.05866	0.14663	0.01596	0.00895	0.00241	0.00361	0.01400	0.00819	0.00706
59	0.14628	0.01435	0.01565	0.01336	0.01782	0.01540	0.01064	0.08704	0.26152	0.17941	0.13022	0.02880	0.02659	0.01029	0.00739	0.00243	0.00590	0.00831	0.00769	0.01090
60	0.01060	0.00765	0.01002	0.00964	0.01130	0.00707	0.00715	0.01397	0.02084	0.02941	0.62398	0.11766	0.06963	0.01626	0.00901	0.00245	0.00365	0.01443	0.00823	0.00707
61	0.00960	0.00761	0.00841	0.00836	0.01039	0.00666	0.00608	0.01174	0.01766	0.02244	0.22256	0.10244	0.44004	0.07855	0.01149	0.00295	0.00410	0.01532	0.00717	0.00643
62	0.01432	0.01348	0.02275	0.71520	0.05224	0.01685	0.02107	0.01938	0.01517	0.01938	0.01348	0.02022	0.01011	0.00758	0.00758	0.00253	0.01011	0.00674	0.00337	0.00843
63	0.17181	0.10280	0.06692	0.01612	0.02144	0.25771	0.01371	0.15551	0.02171	0.06534	0.03168	0.01615	0.01224	0.00804	0.00649	0.00212	0.00966	0.00548	0.00511	0.00997
64	0.78701	0.01467	0.01115	0.00997	0.01467	0.01702	0.00821	0.02230	0.01291	0.03403	0.01056	0.01232	0.00821	0.00704	0.00469	0.00235	0.00587	0.00411	0.00469	0.00821
65	0.01768	0.02204	0.09945	0.03110	0.03907	0.01905	0.60546	0.02427	0.01774	0.02427	0.01520	0.02009	0.01135	0.00646	0.00880	0.00254	0.01265	0.00867	0.00378	0.01031
66	0.01744	0.01917	0.09783	0.18776	0.44785	0.01777	0.02275	0.02333	0.04826	0.02386	0.01483	0.01926	0.01189	0.00715	0.00750	0.00234	0.00934	0.00672	0.00380	0.01115
67	0.01552	0.00998	0.01230	0.01105	0.01384	0.00983	0.00850	0.02227	0.14017	0.12004	0.44663	0.04608	0.05334	0.01344	0.00839	0.00239	0.00441	0.01167	0.04132	0.00882
68	0.01760	0.01810	0.03238	0.05329	0.03051	0.04367	0.33655	0.02191	0.01590	0.04473	0.01546	0.04997	0.01318	0.01125	0.04157	0.00310	0.20246	0.00840	0.00404	0.03592
69	0.01100	0.00786	0.01081	0.01246	0.01370	0.00767	0.01000	0.01366	0.01649	0.02173	0.06809	0.33354	0.04736	0.02181	0.01010	0.00329	0.00584	0.37084	0.00706	0.00667
70	0.16585	0.02213	0.01940	0.01597	0.02107	0.15689	0.01282	0.34884	0.07532	0.03755	0.01670	0.01735	0.01242	0.00855	0.00684	0.00223	0.00861	0.00608	0.03443	0.01095
71	0.00932	0.00664	0.00878	0.01045	0.01087	0.00622	0.00693	0.01058	0.01436	0.01915	0.04097	0.69683	0.04911	0.05685	0.01103	0.00328	0.00454	0.02107	0.00693	0.00609
72	0.01852	0.01593	0.01686	0.01519	0.01937	0.01837	0.01180	0.03921	0.64496	0.03167	0.05834	0.02950	0.02520	0.01051	0.00777	0.00256	0.00590	0.00879	0.00774	0.01180
73	0.01573	0.01348	0.01573	0.01123	0.01798	0.01011	0.00899	0.01910	0.01573	0.02472	0.01348	0.01573	0.01123	0.00562	0.00562	0.00112	0.00562	0.00449	0.00449	0.77980
74	0.01784	0.02011	0.04331	0.05430	0.07506	0.01905	0.60405	0.02409	0.01778	0.02417	0.01523	0.02036	0.01149	0.00645	0.00883	0.00254	0.01250	0.00876	0.00382	0.01027
75	0.01501	0.01481	0.02695	0.58467	0.04983	0.01730	0.14286	0.02032	0.01569	0.02032	0.01384	0.02027	0.01038	0.00736	0.00784	0.00253	0.01062	0.00716	0.00346	0.00877
76	0.01318	0.00659	0.00988	0.00988	0.00988	0.00659	0.00659	0.00988	0.00988	0.01318	0.01318	0.02306	0.01318	0.02635	0.02964	0.77931	0.00659	0.00659	0.00329	0.00329
77	0.02841	0.02104	0.02252	0.01737	0.02336	0.02332	0.01431	0.63444	0.06274	0.04712	0.01875	0.01864	0.01334	0.00916	0.00759	0.00229	0.00825	0.00690	0.00759	0.01286
78	0.78701	0.01467	0.01115	0.00997	0.01467	0.01702	0.00821	0.02230	0.01291	0.03403	0.01056	0.01232	0.00821	0.00704	0.00469	0.00235	0.00587	0.00411	0.00469	0.00821
79	0.01451	0.01384	0.02389	0.67984	0.05159	0.01697	0.05406	0.01963	0.01531	0.01963	0.01358	0.02023	0.01018	0.00752	0.00765	0.00253	0.01025	0.00686	0.00339	0.00852
80	0.78701	0.01467	0.01115	0.00997	0.01467	0.01702	0.00821	0.02230	0.01291	0.03403	0.01056	0.01232	0.00821	0.00704	0.00469	0.00235	0.00587	0.00411	0.00469	0.00821
81	0.00933	0.00664	0.00877	0.01045	0.01087	0.00622	0.00692	0.01058	0.01435	0.01913	0.04091	0.69469	0.04904	0.05909	0.01112	0.00329	0.00455	0.02104	0.00692	0.00608
82	0.00940	0.00671	0.00898	0.01074	0.01125	0.00629	0.00731	0.01083	0.01467	0.01954	0.04172	0.69521	0.04983	0.02362	0.00972	0.00310	0.00453	0.05331	0.00704	0.00620
83	0.78701	0.01467	0.01115	0.00997	0.01467	0.01702	0.00821	0.02230	0.01291	0.03403	0.01056	0.01232	0.00821	0.00704	0.00469	0.00235	0.00587	0.00411	0.00469	0.00821
84	0.01414	0.00707	0.00707	0.00707	0.00884	0.00707	0.00530	0.01767	0.01591	0.02828	0.02474	0.02828	0.01944	0.00884	0.00530	0.00177	0.00353	0.00707	0.77554	0.00707
85	0.02784	0.03521	0.02198	0.02094	0.05774	0.66753	0.01510	0.02993	0.02128	0.01889	0.01186	0.01394	0.00989	0.00776	0.00687	0.00197	0.01344	0.00498	0.00390	0.00896
86	0.00905	0.00763	0.00785	0.00792	0.01033	0.00642	0.00589	0.01101	0.01731	0.02084	0.09986	0.10784	0.62358	0.01930	0.00900	0.00258	0.00386	0.01621	0.00710	0.00642
87	0.01094	0.00825	0.01148	0.01047	0.01248	0.00761	0.03459	0.01452	0.02098	0.02952	0.61605	0.07673	0.08637	0.01549	0.00897	0.00242	0.00400	0.01383	0.00808	0.00723
88	0.01573	0.01348	0.01573	0.01123	0.01798	0.01011	0.00899	0.01910	0.01573	0.02472	0.01348	0.01573	0.01123	0.00562	0.00562	0.00112	0.00562	0.00449	0.00449	0.77980
89	0.00964	0.00730	0.00893	0.00963	0.01108	0.00659	0.00694	0.01175	0.01705	0.02231	0.19326	0.34538	0.24973	0.02040	0.00934	0.00279	0.00418	0.04987	0.00733	0.00650
90	0.01710	0.01801	0.03006	0.11111	0.03072	0.04317	0.23535	0.02090	0.01475	0.02080	0.01248	0.01823	0.01056	0.00964	0.01568	0.00280	0.32888	0.00727	0.00358	0.04891
91	0.01472	0.01391	0.02345	0.62555	0.08064	0.01663	0.04013	0.01970	0.01538	0.02007	0.01358	0.01993	0.01030	0.00741	0.00752	0.00244	0.00991	0.00669	0.00346	0.04857

[dist]
# distance from previous block
# <min> <max>
0	1

# created by:
# /st0/software/busco_prod/Augustus/scripts/msa2prfl.pl ./align_prep/115152.fa
