[name]
unknown

[dist]
# distance from previous block
# <min> <max>
0	39

[block]
# block no. 0 follows, 22 sequences, length 7
# corresponding to MSA columns:
# 39-45
name=unknown_A
#
# <colnr> <probs for GDERKNQSTAVLIFYWHMCP>
#	G	D	E	R	K	N	Q	S	T	A	V	L	I	F	Y	W	H	M	C	P
0	0.02500	0.06546	0.01983	0.01583	0.02032	0.06569	0.01293	0.15119	0.05618	0.19128	0.03131	0.14381	0.02852	0.01475	0.00900	0.00284	0.00795	0.11902	0.00796	0.01113
1	0.02875	0.07453	0.02311	0.01642	0.02254	0.02041	0.01360	0.34456	0.03040	0.17354	0.06164	0.05446	0.02087	0.01068	0.00811	0.00240	0.00794	0.00842	0.00811	0.06951
2	0.17357	0.17796	0.02532	0.01615	0.02097	0.07960	0.01374	0.12167	0.02074	0.09441	0.04752	0.01939	0.01537	0.00993	0.01032	0.00253	0.12796	0.00644	0.00567	0.01073
3	0.20459	0.02057	0.13741	0.09532	0.08877	0.04946	0.01642	0.04579	0.01746	0.02804	0.04136	0.13009	0.02127	0.05734	0.01004	0.00306	0.00870	0.00948	0.00519	0.00963
4	0.07618	0.04787	0.02683	0.02269	0.06870	0.06384	0.12909	0.02302	0.01685	0.06307	0.01961	0.12768	0.01887	0.01258	0.01396	0.00292	0.20883	0.00985	0.00504	0.04252
5	0.01828	0.01855	0.03199	0.06911	0.03050	0.02206	0.22377	0.02227	0.01569	0.02320	0.01446	0.02090	0.01233	0.01118	0.01836	0.00316	0.36212	0.00818	0.06418	0.00971
6	0.01614	0.01007	0.01430	0.01208	0.01504	0.00985	0.10435	0.02051	0.01777	0.03028	0.02546	0.02961	0.01991	0.00925	0.00644	0.00207	0.00548	0.00807	0.63501	0.00829

[dist]
# distance from previous block
# <min> <max>
7	12

[block]
# block no. 1 follows, 22 sequences, length 48
# corresponding to MSA columns:
# 59-106
name=unknown_B
#
# <colnr> <probs for GDERKNQSTAVLIFYWHMCP>
#	G	D	E	R	K	N	Q	S	T	A	V	L	I	F	Y	W	H	M	C	P
0	0.03158	0.02327	0.02493	0.01911	0.02576	0.02576	0.01579	0.62852	0.03906	0.05236	0.01995	0.01995	0.01413	0.00997	0.00831	0.00249	0.00914	0.00748	0.00831	0.01413
1	0.01618	0.00947	0.01252	0.01120	0.01394	0.00860	0.00860	0.01998	0.02356	0.14236	0.54445	0.05620	0.06836	0.01582	0.00955	0.00261	0.00447	0.01387	0.00934	0.00893
2	0.01659	0.01561	0.02195	0.01931	0.01973	0.02125	0.01589	0.01875	0.01304	0.02022	0.01417	0.02205	0.01361	0.02562	0.17911	0.00586	0.50983	0.00767	0.03109	0.00865
3	0.01961	0.02241	0.04902	0.03501	0.04342	0.02101	0.62605	0.02661	0.01961	0.02661	0.01681	0.02241	0.01261	0.00700	0.00980	0.00280	0.01401	0.00980	0.00420	0.01120
4	0.02136	0.01819	0.01918	0.01705	0.02187	0.02099	0.01332	0.08146	0.60276	0.03588	0.03293	0.03029	0.02464	0.01119	0.00844	0.00280	0.00674	0.00927	0.00844	0.01321
5	0.01031	0.00736	0.00985	0.01178	0.01234	0.00691	0.00803	0.01189	0.01609	0.02141	0.04569	0.66815	0.05454	0.02585	0.01065	0.00340	0.00498	0.05626	0.00771	0.00680
6	0.02386	0.34577	0.14419	0.01783	0.02508	0.13651	0.01750	0.12347	0.02156	0.02613	0.01410	0.01612	0.01158	0.01000	0.03151	0.00253	0.01104	0.00555	0.00447	0.01121
7	0.01666	0.04297	0.66500	0.02368	0.03596	0.01929	0.03069	0.02631	0.01754	0.02631	0.01491	0.01754	0.01052	0.00789	0.00789	0.00263	0.01228	0.00614	0.00351	0.01228
8	0.01339	0.00956	0.01339	0.01530	0.01721	0.00956	0.01339	0.01721	0.01912	0.02486	0.04399	0.09371	0.04781	0.02295	0.01147	0.00382	0.00765	0.60031	0.00765	0.00765
9	0.02171	0.65235	0.09983	0.01507	0.02265	0.03164	0.01571	0.02501	0.01694	0.02016	0.01185	0.01371	0.01065	0.00718	0.00556	0.00185	0.00919	0.00460	0.00355	0.01081
10	0.01207	0.00810	0.00928	0.00928	0.00935	0.00817	0.00530	0.01222	0.01215	0.01627	0.02598	0.05326	0.02973	0.67537	0.07430	0.00832	0.00877	0.01192	0.00500	0.00515
11	0.01666	0.04297	0.66500	0.02368	0.03596	0.01929	0.03069	0.02631	0.01754	0.02631	0.01491	0.01754	0.01052	0.00789	0.00789	0.00263	0.01228	0.00614	0.00351	0.01228
12	0.01569	0.01477	0.02492	0.68808	0.05722	0.01846	0.02307	0.02123	0.01661	0.02123	0.01477	0.02215	0.01107	0.00831	0.00831	0.00277	0.01107	0.00738	0.00369	0.00923
13	0.76672	0.01607	0.01221	0.01092	0.01607	0.01864	0.00900	0.02442	0.01414	0.03727	0.01157	0.01350	0.00900	0.00771	0.00514	0.00257	0.00643	0.00450	0.00514	0.00900
14	0.00995	0.00842	0.00860	0.00855	0.01130	0.00707	0.00641	0.01217	0.01924	0.02317	0.12222	0.07875	0.61433	0.02077	0.00982	0.00279	0.00419	0.01736	0.00781	0.00707
15	0.01414	0.00722	0.01074	0.01087	0.01090	0.00718	0.00725	0.01087	0.01116	0.01488	0.01653	0.07067	0.01715	0.02867	0.03100	0.70768	0.00705	0.00831	0.00388	0.00382
16	0.03092	0.02205	0.02376	0.01831	0.02469	0.02423	0.01510	0.57140	0.03725	0.07560	0.02085	0.02089	0.01478	0.00997	0.00817	0.00247	0.00877	0.00753	0.04948	0.01378
17	0.03727	0.01414	0.01928	0.01478	0.02121	0.01221	0.01221	0.04049	0.02378	0.66198	0.03277	0.02828	0.02056	0.01028	0.00835	0.00257	0.00707	0.00835	0.01028	0.01414
18	0.03727	0.01414	0.01928	0.01478	0.02121	0.01221	0.01221	0.04049	0.02378	0.66198	0.03277	0.02828	0.02056	0.01028	0.00835	0.00257	0.00707	0.00835	0.01028	0.01414
19	0.01211	0.00866	0.01189	0.01360	0.01502	0.00844	0.01095	0.01510	0.01834	0.02424	0.09258	0.30558	0.05273	0.02356	0.01104	0.00357	0.00636	0.35110	0.00779	0.00735
20	0.06015	0.53391	0.07887	0.01561	0.02242	0.05433	0.01537	0.05824	0.01803	0.02274	0.01224	0.01430	0.01077	0.00781	0.00693	0.00203	0.04667	0.00491	0.00392	0.01075
21	0.76672	0.01607	0.01221	0.01092	0.01607	0.01864	0.00900	0.02442	0.01414	0.03727	0.01157	0.01350	0.00900	0.00771	0.00514	0.00257	0.00643	0.00450	0.00514	0.00900
22	0.02313	0.64259	0.04144	0.01497	0.02178	0.10002	0.01441	0.02574	0.01758	0.01963	0.01168	0.01350	0.01067	0.00726	0.00556	0.00181	0.00952	0.00454	0.00363	0.01055
23	0.01169	0.00767	0.01024	0.01170	0.01257	0.00710	0.00797	0.01334	0.01667	0.05704	0.07179	0.63723	0.05408	0.02476	0.01044	0.00330	0.00490	0.02240	0.00792	0.00720
24	0.01819	0.15162	0.44548	0.02509	0.06957	0.02182	0.10431	0.02606	0.01777	0.02526	0.01463	0.01763	0.01096	0.00762	0.00773	0.00250	0.01179	0.00640	0.00364	0.01192
25	0.01596	0.01504	0.02540	0.65319	0.09002	0.01853	0.02320	0.02146	0.01674	0.02155	0.01481	0.02206	0.01119	0.00826	0.00830	0.00275	0.01101	0.00738	0.00371	0.00944
26	0.01163	0.00839	0.01099	0.01054	0.01238	0.00775	0.00783	0.01536	0.02293	0.03238	0.60490	0.11167	0.07657	0.01768	0.00986	0.00267	0.00399	0.01569	0.00903	0.00775
27	0.01929	0.01963	0.03239	0.27980	0.29454	0.06130	0.12397	0.02461	0.01848	0.02445	0.01533	0.02109	0.01215	0.00774	0.00847	0.00261	0.01133	0.00766	0.00398	0.01117
28	0.02691	0.01913	0.02108	0.01711	0.02233	0.02079	0.01377	0.43214	0.06236	0.07806	0.02568	0.10295	0.02212	0.05700	0.01089	0.00303	0.00828	0.03586	0.00812	0.01239
29	0.01079	0.00756	0.00971	0.01116	0.01161	0.00723	0.00737	0.01201	0.01515	0.02016	0.04085	0.50844	0.04845	0.19388	0.01846	0.00455	0.00578	0.05342	0.00705	0.00638
30	0.01074	0.00799	0.01000	0.01047	0.01203	0.00725	0.00748	0.01334	0.01967	0.02647	0.30466	0.31102	0.18584	0.02127	0.01011	0.00294	0.00432	0.01882	0.00831	0.00725
31	0.02119	0.05159	0.06749	0.05971	0.14480	0.05256	0.31721	0.02674	0.01899	0.06785	0.01654	0.02111	0.01275	0.00817	0.01061	0.00272	0.07575	0.00835	0.00447	0.01141
32	0.02056	0.01974	0.03372	0.05099	0.65622	0.01974	0.02550	0.02550	0.01892	0.02714	0.01563	0.02056	0.01316	0.00740	0.00822	0.00247	0.00987	0.00740	0.00411	0.01316
33	0.71670	0.01619	0.01265	0.01133	0.01644	0.01877	0.00928	0.02574	0.05618	0.03710	0.01306	0.01467	0.01009	0.00795	0.00536	0.00259	0.00644	0.00483	0.00536	0.00928
34	0.02127	0.01655	0.01798	0.01562	0.02021	0.01827	0.01228	0.13629	0.37484	0.06827	0.11818	0.03714	0.08148	0.01256	0.00872	0.00272	0.00649	0.01043	0.00855	0.01215
35	0.02150	0.59128	0.04036	0.01555	0.02141	0.03157	0.01491	0.02402	0.01615	0.01962	0.01144	0.01418	0.01070	0.00841	0.00917	0.00210	0.12873	0.00494	0.00357	0.01039
36	0.01723	0.01477	0.01723	0.01230	0.01969	0.01107	0.00984	0.02092	0.01723	0.02707	0.01477	0.01723	0.01230	0.00615	0.00615	0.00123	0.00615	0.00492	0.00492	0.75883
37	0.03060	0.07241	0.02452	0.02105	0.02547	0.64341	0.01596	0.03277	0.02322	0.02029	0.01278	0.01490	0.01070	0.00849	0.00739	0.00212	0.01468	0.00531	0.00424	0.00968
38	0.01181	0.00950	0.01399	0.01369	0.01585	0.00882	0.06598	0.01471	0.01855	0.02439	0.13723	0.30873	0.16972	0.02140	0.01043	0.00319	0.00597	0.13093	0.00758	0.00754
39	0.01634	0.01534	0.02584	0.53488	0.16830	0.01813	0.02279	0.02157	0.01701	0.02234	0.01643	0.05477	0.01359	0.00899	0.00840	0.00274	0.01054	0.00817	0.00397	0.00985
40	0.02289	0.68139	0.04243	0.01424	0.02132	0.03194	0.01412	0.02558	0.01719	0.04864	0.01251	0.01400	0.01111	0.00725	0.00547	0.00181	0.00880	0.00462	0.00386	0.01082
41	0.02709	0.02223	0.03270	0.02432	0.03146	0.02317	0.22788	0.35836	0.06452	0.07214	0.02024	0.02181	0.01453	0.00903	0.00884	0.00262	0.01059	0.00844	0.00698	0.01306
42	0.03619	0.01588	0.02036	0.01561	0.02208	0.01480	0.01289	0.15282	0.02670	0.54552	0.03032	0.02668	0.01933	0.01022	0.00835	0.00256	0.00746	0.00819	0.00991	0.01414
43	0.64626	0.01926	0.01412	0.01255	0.01764	0.09969	0.01014	0.05006	0.01631	0.03580	0.01206	0.01394	0.00942	0.00791	0.00556	0.00251	0.00759	0.00472	0.00516	0.00928
44	0.01187	0.00890	0.01335	0.01335	0.01483	0.01038	0.01038	0.01483	0.01335	0.01928	0.02225	0.03264	0.02077	0.06231	0.67512	0.01335	0.02225	0.00890	0.00445	0.00742
45	0.02141	0.01768	0.01881	0.01681	0.02158	0.02028	0.01311	0.04398	0.61338	0.06303	0.03377	0.03087	0.02514	0.01123	0.00845	0.00281	0.00660	0.00935	0.00854	0.01319
46	0.03727	0.01414	0.01928	0.01478	0.02121	0.01221	0.01221	0.04049	0.02378	0.66198	0.03277	0.02828	0.02056	0.01028	0.00835	0.00257	0.00707	0.00835	0.01028	0.01414
47	0.01012	0.00723	0.00964	0.01157	0.01205	0.00675	0.00771	0.01157	0.01591	0.02121	0.04579	0.70262	0.05495	0.02603	0.01060	0.00337	0.00482	0.02362	0.00771	0.00675

[dist]
# distance from previous block
# <min> <max>
0	2

[block]
# block no. 2 follows, 22 sequences, length 66
# corresponding to MSA columns:
# 109-174
name=unknown_C
#
# <colnr> <probs for GDERKNQSTAVLIFYWHMCP>
#	G	D	E	R	K	N	Q	S	T	A	V	L	I	F	Y	W	H	M	C	P
0	0.19530	0.01533	0.01776	0.01407	0.01998	0.01506	0.01158	0.10937	0.02321	0.41173	0.02618	0.02415	0.01726	0.00964	0.00750	0.00252	0.00700	0.00736	0.05237	0.01264
1	0.03043	0.02216	0.02370	0.01830	0.02461	0.02447	0.01507	0.58489	0.03751	0.05082	0.02046	0.02073	0.01464	0.00995	0.00813	0.00245	0.00876	0.00750	0.06173	0.01367
2	0.01569	0.01477	0.02492	0.68808	0.05722	0.01846	0.02307	0.02123	0.01661	0.02123	0.01477	0.02215	0.01107	0.00831	0.00831	0.00277	0.01107	0.00738	0.00369	0.00923
3	0.06528	0.02211	0.02303	0.01796	0.02433	0.06895	0.01472	0.43001	0.03349	0.18331	0.02188	0.02113	0.01507	0.00984	0.00812	0.00249	0.00898	0.00739	0.00831	0.01358
4	0.72576	0.01596	0.01261	0.01114	0.01635	0.01828	0.00918	0.02532	0.01468	0.07235	0.01276	0.01433	0.00965	0.00786	0.00532	0.00257	0.00646	0.00471	0.00543	0.00929
5	0.01955	0.01842	0.02572	0.02150	0.02274	0.02437	0.04846	0.08541	0.01613	0.02434	0.01298	0.01922	0.01185	0.01342	0.02328	0.00339	0.55071	0.00745	0.04140	0.00967
6	0.01330	0.01571	0.11504	0.05433	0.04988	0.01214	0.08396	0.01712	0.01703	0.02343	0.06490	0.39988	0.03899	0.01852	0.01040	0.00309	0.03056	0.01685	0.00624	0.00863
7	0.02950	0.04460	0.02272	0.04959	0.02492	0.02043	0.01439	0.29487	0.12454	0.20898	0.02467	0.02359	0.01720	0.00985	0.00811	0.00248	0.00811	0.00775	0.00827	0.05543
8	0.01170	0.00854	0.01103	0.01055	0.01257	0.00787	0.00801	0.01549	0.02296	0.03210	0.58002	0.06496	0.11796	0.01758	0.00989	0.00269	0.00413	0.04520	0.00897	0.00777
9	0.01549	0.00774	0.00774	0.00774	0.00968	0.00774	0.00581	0.01936	0.01742	0.03097	0.02710	0.03097	0.02129	0.00968	0.00581	0.00194	0.00387	0.00774	0.75416	0.00774
10	0.02388	0.02468	0.19829	0.03113	0.26378	0.01822	0.02239	0.05733	0.07071	0.17549	0.02106	0.02235	0.01519	0.00863	0.00819	0.00256	0.00957	0.00745	0.00591	0.01319
11	0.01125	0.00775	0.00952	0.01033	0.01061	0.00763	0.00643	0.01201	0.01375	0.01841	0.03420	0.32518	0.04010	0.38885	0.06143	0.00636	0.00742	0.01676	0.00613	0.00587
12	0.01012	0.00723	0.00964	0.01157	0.01205	0.00675	0.00771	0.01157	0.01591	0.02121	0.04579	0.70262	0.05495	0.02603	0.01060	0.00337	0.00482	0.02362	0.00771	0.00675
13	0.01012	0.00723	0.00964	0.01157	0.01205	0.00675	0.00771	0.01157	0.01591	0.02121	0.04579	0.70262	0.05495	0.02603	0.01060	0.00337	0.00482	0.02362	0.00771	0.00675
14	0.01988	0.22042	0.40255	0.02113	0.03125	0.02372	0.05038	0.09037	0.01975	0.02729	0.01462	0.01687	0.01104	0.00787	0.00733	0.00239	0.01110	0.00598	0.00406	0.01199
15	0.02522	0.02705	0.02573	0.08697	0.02903	0.29039	0.08727	0.12776	0.02349	0.02759	0.04344	0.02064	0.01509	0.00968	0.01016	0.00251	0.08685	0.00719	0.04365	0.01029
16	0.72319	0.01628	0.01347	0.01326	0.05342	0.01870	0.00996	0.02448	0.01442	0.03668	0.01180	0.01391	0.00924	0.00769	0.00532	0.00256	0.00663	0.00467	0.00508	0.00924
17	0.03638	0.01434	0.01925	0.01489	0.02123	0.01266	0.01226	0.04068	0.05688	0.62835	0.03283	0.02842	0.02082	0.01034	0.00836	0.00258	0.00704	0.00841	0.01018	0.01408
18	0.01550	0.00815	0.00875	0.04749	0.01246	0.00837	0.00682	0.01947	0.01737	0.03040	0.02638	0.03046	0.02070	0.00960	0.00595	0.00198	0.00429	0.00772	0.71032	0.00783
19	0.03119	0.01390	0.01826	0.01434	0.02037	0.01212	0.01176	0.03554	0.05326	0.47928	0.06275	0.03180	0.02396	0.01072	0.00828	0.00246	0.00678	0.03706	0.00926	0.11692
20	0.03165	0.02955	0.02407	0.01984	0.02550	0.29316	0.01571	0.35242	0.03187	0.07037	0.01767	0.01832	0.01304	0.00941	0.00797	0.00235	0.01145	0.00664	0.00675	0.01227
21	0.02167	0.01607	0.01862	0.01386	0.02071	0.01391	0.01116	0.14286	0.02212	0.09200	0.01884	0.04842	0.01529	0.00816	0.00698	0.00170	0.00677	0.00656	0.00622	0.50809
22	0.01900	0.02122	0.04526	0.13678	0.04557	0.02061	0.53209	0.02577	0.01914	0.02577	0.01649	0.02237	0.01237	0.00721	0.00957	0.00280	0.01355	0.00943	0.00412	0.01090
23	0.02066	0.01785	0.01878	0.01691	0.02160	0.02066	0.01315	0.04414	0.64121	0.03475	0.03381	0.03099	0.02536	0.01127	0.00845	0.00282	0.00657	0.00939	0.00845	0.01315
24	0.01678	0.01510	0.02091	0.20606	0.06731	0.01502	0.01529	0.02077	0.01661	0.02441	0.01574	0.04852	0.01370	0.00859	0.00935	0.00209	0.08162	0.00682	0.00451	0.39081
25	0.76672	0.01607	0.01221	0.01092	0.01607	0.01864	0.00900	0.02442	0.01414	0.03727	0.01157	0.01350	0.00900	0.00771	0.00514	0.00257	0.00643	0.00450	0.00514	0.00900
26	0.76672	0.01607	0.01221	0.01092	0.01607	0.01864	0.00900	0.02442	0.01414	0.03727	0.01157	0.01350	0.00900	0.00771	0.00514	0.00257	0.00643	0.00450	0.00514	0.00900
27	0.03686	0.01479	0.01968	0.01509	0.02153	0.01318	0.01247	0.08260	0.02487	0.61831	0.03186	0.02768	0.02010	0.01026	0.00835	0.00256	0.00722	0.00829	0.01014	0.01414
28	0.02066	0.01785	0.01878	0.01691	0.02160	0.02066	0.01315	0.04414	0.64121	0.03475	0.03381	0.03099	0.02536	0.01127	0.00845	0.00282	0.00657	0.00939	0.00845	0.01315
29	0.02116	0.01512	0.01796	0.01306	0.02025	0.01204	0.01054	0.05658	0.01943	0.12860	0.01788	0.01912	0.01371	0.00701	0.00662	0.00151	0.00646	0.00560	0.00595	0.60142
30	0.01012	0.00723	0.00964	0.01157	0.01205	0.00675	0.00771	0.01157	0.01591	0.02121	0.04579	0.70262	0.05495	0.02603	0.01060	0.00337	0.00482	0.02362	0.00771	0.00675
31	0.01787	0.01776	0.02485	0.02142	0.02144	0.02474	0.01778	0.01967	0.01284	0.02004	0.01222	0.04400	0.01257	0.01497	0.02663	0.00363	0.66688	0.00789	0.00379	0.00900
32	0.01569	0.01477	0.02492	0.68808	0.05722	0.01846	0.02307	0.02123	0.01661	0.02123	0.01477	0.02215	0.01107	0.00831	0.00831	0.00277	0.01107	0.00738	0.00369	0.00923
33	0.03556	0.01689	0.02098	0.01609	0.02258	0.01629	0.01329	0.21757	0.02838	0.47839	0.02891	0.02577	0.01863	0.01019	0.00834	0.00255	0.00769	0.00809	0.00969	0.01413
34	0.03727	0.01414	0.01928	0.01478	0.02121	0.01221	0.01221	0.04049	0.02378	0.66198	0.03277	0.02828	0.02056	0.01028	0.00835	0.00257	0.00707	0.00835	0.01028	0.01414
35	0.01188	0.00886	0.01314	0.01314	0.01455	0.01027	0.01012	0.01470	0.01329	0.01913	0.02244	0.03370	0.02123	0.09384	0.64422	0.01309	0.02156	0.00906	0.00448	0.00730
36	0.01549	0.00774	0.00774	0.00774	0.00968	0.00774	0.00581	0.01936	0.01742	0.03097	0.02710	0.03097	0.02129	0.00968	0.00581	0.00194	0.00387	0.00774	0.75416	0.00774
37	0.76672	0.01607	0.01221	0.01092	0.01607	0.01864	0.00900	0.02442	0.01414	0.03727	0.01157	0.01350	0.00900	0.00771	0.00514	0.00257	0.00643	0.00450	0.00514	0.00900
38	0.01809	0.01816	0.02643	0.06126	0.02481	0.02485	0.04477	0.02035	0.01325	0.02035	0.01139	0.01859	0.01099	0.01385	0.02540	0.00355	0.62368	0.00739	0.00366	0.00919
39	0.01235	0.00889	0.01257	0.01257	0.01437	0.00809	0.03978	0.01472	0.01803	0.05226	0.15328	0.46262	0.08743	0.02171	0.01011	0.00306	0.00525	0.01966	0.00780	0.03546
40	0.14067	0.39462	0.06500	0.04960	0.02348	0.08471	0.01464	0.02719	0.01784	0.09479	0.01438	0.01585	0.01153	0.00779	0.00612	0.00212	0.00913	0.00521	0.00463	0.01071
41	0.01143	0.00848	0.01065	0.01011	0.01221	0.00770	0.00758	0.01505	0.02275	0.03149	0.55637	0.06506	0.17500	0.01767	0.00980	0.00265	0.00397	0.01545	0.00890	0.00770
42	0.01146	0.00835	0.01079	0.01046	0.01230	0.00767	0.00774	0.01501	0.02241	0.03135	0.55210	0.13346	0.10937	0.01821	0.00989	0.00271	0.00404	0.01611	0.00890	0.00767
43	0.05170	0.01855	0.03235	0.30081	0.17483	0.02002	0.17589	0.07622	0.01969	0.02723	0.01578	0.02132	0.01208	0.00790	0.00853	0.00268	0.01120	0.00789	0.00437	0.01097
44	0.01012	0.00723	0.00964	0.01157	0.01205	0.00675	0.00771	0.01157	0.01591	0.02121	0.04579	0.70262	0.05495	0.02603	0.01060	0.00337	0.00482	0.02362	0.00771	0.00675
45	0.01010	0.00731	0.00955	0.01134	0.01199	0.00677	0.00761	0.01159	0.01612	0.02130	0.04854	0.65803	0.09777	0.02567	0.01055	0.00333	0.00478	0.02318	0.00771	0.00677
46	0.01018	0.00728	0.00969	0.01153	0.01206	0.00679	0.00772	0.01172	0.01618	0.02165	0.06787	0.67929	0.05580	0.02570	0.01057	0.00335	0.00479	0.02330	0.00776	0.00679
47	0.01985	0.09430	0.06628	0.05009	0.06562	0.02186	0.20688	0.02657	0.08716	0.05634	0.01878	0.05458	0.01577	0.01041	0.01285	0.00287	0.16520	0.00880	0.00489	0.01090
48	0.01995	0.01769	0.02454	0.08823	0.02544	0.02344	0.01783	0.07333	0.01604	0.06033	0.01377	0.01985	0.01213	0.01504	0.04658	0.00375	0.50043	0.00742	0.00446	0.00977
49	0.43391	0.01573	0.01827	0.28010	0.06357	0.01862	0.01536	0.02321	0.01535	0.03045	0.01303	0.01725	0.01002	0.00793	0.00654	0.00264	0.00843	0.00578	0.00452	0.00929
50	0.03727	0.01414	0.01928	0.01478	0.02121	0.01221	0.01221	0.04049	0.02378	0.66198	0.03277	0.02828	0.02056	0.01028	0.00835	0.00257	0.00707	0.00835	0.01028	0.01414
51	0.02221	0.71304	0.04353	0.01421	0.02132	0.03287	0.01421	0.02488	0.01688	0.01955	0.01155	0.01333	0.01066	0.00711	0.00533	0.00178	0.00888	0.00444	0.00355	0.01066
52	0.01692	0.01444	0.01690	0.01227	0.01936	0.01089	0.00975	0.02051	0.01717	0.02682	0.01611	0.04699	0.01416	0.00702	0.00635	0.00132	0.00609	0.00573	0.00504	0.72616
53	0.15250	0.01458	0.01965	0.04640	0.02264	0.01517	0.09759	0.08072	0.07000	0.07066	0.03228	0.14591	0.07009	0.01471	0.00897	0.00298	0.00780	0.11075	0.00685	0.00975
54	0.01172	0.00865	0.01073	0.01186	0.01311	0.00836	0.00833	0.04313	0.03838	0.02335	0.04781	0.52331	0.11945	0.04587	0.01139	0.00342	0.00527	0.05084	0.00768	0.00734
55	0.01803	0.01162	0.01242	0.04081	0.01579	0.01261	0.00905	0.07762	0.15629	0.03322	0.02741	0.02963	0.02111	0.00999	0.00672	0.00221	0.00524	0.00807	0.49262	0.00955
56	0.02221	0.71304	0.04353	0.01421	0.02132	0.03287	0.01421	0.02488	0.01688	0.01955	0.01155	0.01333	0.01066	0.00711	0.00533	0.00178	0.00888	0.00444	0.00355	0.01066
57	0.05506	0.63465	0.04075	0.01459	0.02141	0.07822	0.01412	0.02545	0.01724	0.02037	0.01164	0.01345	0.01059	0.00724	0.00548	0.00184	0.00921	0.00451	0.00367	0.01052
58	0.02194	0.67979	0.07437	0.01468	0.02205	0.03220	0.01503	0.02495	0.01691	0.01988	0.01172	0.01354	0.01065	0.00715	0.00546	0.00182	0.00905	0.00453	0.00355	0.01074
59	0.76672	0.01607	0.01221	0.01092	0.01607	0.01864	0.00900	0.02442	0.01414	0.03727	0.01157	0.01350	0.00900	0.00771	0.00514	0.00257	0.00643	0.00450	0.00514	0.00900
60	0.03392	0.01694	0.02077	0.01622	0.02248	0.01665	0.01338	0.21880	0.05830	0.42436	0.02930	0.02809	0.01976	0.01067	0.00845	0.00260	0.00770	0.02823	0.00950	0.01387
61	0.02866	0.02315	0.02320	0.01872	0.02466	0.07672	0.01511	0.42634	0.19670	0.04513	0.02303	0.02246	0.01682	0.01020	0.00828	0.00255	0.00893	0.00781	0.00802	0.01351
62	0.02031	0.01569	0.01826	0.01326	0.02049	0.01284	0.01069	0.09194	0.02020	0.07544	0.01665	0.01833	0.01311	0.00689	0.00656	0.00147	0.00656	0.00546	0.00569	0.62017
63	0.01012	0.00723	0.00964	0.01157	0.01205	0.00675	0.00771	0.01157	0.01591	0.02121	0.04579	0.70262	0.05495	0.02603	0.01060	0.00337	0.00482	0.02362	0.00771	0.00675
64	0.01818	0.01818	0.02545	0.02181	0.02181	0.02545	0.01818	0.01999	0.01272	0.01999	0.01091	0.01818	0.01091	0.01454	0.02726	0.00364	0.69284	0.00727	0.00364	0.00909
65	0.02056	0.01974	0.03372	0.05099	0.65622	0.01974	0.02550	0.02550	0.01892	0.02714	0.01563	0.02056	0.01316	0.00740	0.00822	0.00247	0.00987	0.00740	0.00411	0.01316

[dist]
# distance from previous block
# <min> <max>
0	9

[block]
# block no. 3 follows, 22 sequences, length 37
# corresponding to MSA columns:
# 184-220
name=unknown_D
#
# <colnr> <probs for GDERKNQSTAVLIFYWHMCP>
#	G	D	E	R	K	N	Q	S	T	A	V	L	I	F	Y	W	H	M	C	P
0	0.03727	0.01414	0.01928	0.01478	0.02121	0.01221	0.01221	0.04049	0.02378	0.66198	0.03277	0.02828	0.02056	0.01028	0.00835	0.00257	0.00707	0.00835	0.01028	0.01414
1	0.03727	0.01414	0.01928	0.01478	0.02121	0.01221	0.01221	0.04049	0.02378	0.66198	0.03277	0.02828	0.02056	0.01028	0.00835	0.00257	0.00707	0.00835	0.01028	0.01414
2	0.01666	0.04297	0.66500	0.02368	0.03596	0.01929	0.03069	0.02631	0.01754	0.02631	0.01491	0.01754	0.01052	0.00789	0.00789	0.00263	0.01228	0.00614	0.00351	0.01228
3	0.04373	0.01919	0.03803	0.23363	0.08556	0.01962	0.35817	0.02446	0.01844	0.02530	0.01699	0.02468	0.01342	0.00807	0.00915	0.00280	0.01234	0.03170	0.00421	0.01052
4	0.59921	0.05364	0.01596	0.06189	0.02033	0.05903	0.01100	0.04910	0.01603	0.03477	0.01222	0.01447	0.00954	0.00787	0.00565	0.00252	0.00752	0.00488	0.00503	0.00934
5	0.01762	0.01701	0.02497	0.13126	0.02760	0.02282	0.04168	0.02041	0.01398	0.02126	0.01296	0.01994	0.01176	0.01286	0.02188	0.00333	0.50324	0.00742	0.05891	0.00909
6	0.01777	0.02662	0.30214	0.02352	0.10599	0.01616	0.05733	0.02515	0.05862	0.07316	0.05561	0.10279	0.02276	0.06225	0.01106	0.00311	0.00972	0.00978	0.00534	0.01112
7	0.01785	0.16872	0.42070	0.02408	0.10470	0.02116	0.02517	0.02515	0.01801	0.02560	0.06122	0.02035	0.01586	0.00835	0.00757	0.00244	0.01071	0.00661	0.00400	0.01174
8	0.01219	0.00907	0.01141	0.01072	0.01291	0.00859	0.00807	0.01722	0.06198	0.03270	0.57611	0.06127	0.11245	0.01689	0.00972	0.00264	0.00410	0.01483	0.00901	0.00812
9	0.01549	0.00774	0.00774	0.00774	0.00968	0.00774	0.00581	0.01936	0.01742	0.03097	0.02710	0.03097	0.02129	0.00968	0.00581	0.00194	0.00387	0.00774	0.75416	0.00774
10	0.01724	0.02638	0.24528	0.12858	0.08433	0.01881	0.20986	0.02418	0.01828	0.02573	0.05638	0.04575	0.01720	0.00907	0.00949	0.00275	0.03670	0.00873	0.00429	0.01097
11	0.01032	0.00737	0.00986	0.01179	0.01236	0.00692	0.00805	0.01190	0.01610	0.02143	0.04568	0.66623	0.05452	0.02584	0.01066	0.00340	0.00499	0.05808	0.00771	0.00680
12	0.01012	0.00723	0.00964	0.01157	0.01205	0.00675	0.00771	0.01157	0.01591	0.02121	0.04579	0.70262	0.05495	0.02603	0.01060	0.00337	0.00482	0.02362	0.00771	0.00675
13	0.01062	0.00770	0.01003	0.01103	0.01211	0.00711	0.00767	0.01288	0.01848	0.02509	0.23868	0.46380	0.09821	0.02288	0.01030	0.00310	0.00450	0.02055	0.00816	0.00711
14	0.01962	0.02886	0.26599	0.02931	0.10414	0.02035	0.21872	0.09403	0.02071	0.02915	0.01756	0.02376	0.01388	0.00883	0.00951	0.00275	0.03741	0.03900	0.00457	0.01188
15	0.01940	0.01849	0.02414	0.25170	0.03522	0.11354	0.08863	0.02457	0.04955	0.05044	0.01889	0.04933	0.01555	0.01269	0.04460	0.00325	0.08232	0.00825	0.07987	0.00957
16	0.01564	0.00870	0.00950	0.03407	0.01236	0.00903	0.00707	0.04227	0.01758	0.02961	0.02599	0.03204	0.02126	0.06434	0.05068	0.00316	0.00581	0.00811	0.59496	0.00783
17	0.01723	0.01477	0.01723	0.01230	0.01969	0.01107	0.00984	0.02092	0.01723	0.02707	0.01477	0.01723	0.01230	0.00615	0.00615	0.00123	0.00615	0.00492	0.00492	0.75883
18	0.03149	0.01639	0.01968	0.01546	0.02143	0.01611	0.01265	0.21033	0.06454	0.37267	0.03490	0.03186	0.09081	0.01147	0.00851	0.00259	0.00732	0.00920	0.00930	0.01327
19	0.01022	0.00730	0.00973	0.01150	0.01207	0.00681	0.00772	0.01181	0.01636	0.02193	0.08193	0.66442	0.05634	0.02549	0.01056	0.00333	0.00477	0.02310	0.00780	0.00681
20	0.01619	0.01215	0.01766	0.26746	0.09622	0.01352	0.01477	0.03924	0.01773	0.02620	0.02411	0.02911	0.05713	0.01066	0.00871	0.04141	0.00756	0.00817	0.28320	0.00881
21	0.11740	0.11439	0.02391	0.01687	0.02264	0.08838	0.01392	0.27633	0.15213	0.03840	0.02208	0.02206	0.03676	0.00981	0.00752	0.00245	0.00867	0.00723	0.00690	0.01215
22	0.01539	0.01539	0.02824	0.02282	0.04447	0.01508	0.26577	0.01981	0.01885	0.02531	0.10589	0.11279	0.14998	0.01439	0.01154	0.00296	0.07196	0.04419	0.00594	0.00922
23	0.04734	0.01533	0.02254	0.02861	0.27447	0.01518	0.01680	0.02609	0.08223	0.10150	0.13196	0.03821	0.03051	0.01163	0.00871	0.00265	0.00761	0.08199	0.00663	0.05000
24	0.02852	0.23170	0.02924	0.01935	0.02444	0.49161	0.01553	0.03081	0.02164	0.02011	0.01247	0.01451	0.01069	0.00815	0.00687	0.00204	0.01324	0.00509	0.00407	0.00992
25	0.02279	0.02419	0.03086	0.07641	0.47645	0.17474	0.02314	0.02710	0.01989	0.02523	0.01492	0.01932	0.01247	0.00772	0.00805	0.00241	0.01114	0.00692	0.00413	0.01212
26	0.01707	0.01617	0.02741	0.50776	0.22676	0.01882	0.02376	0.02243	0.01726	0.02290	0.01501	0.02170	0.01166	0.00805	0.00828	0.00268	0.01073	0.00739	0.00381	0.01034
27	0.01894	0.01414	0.01658	0.01515	0.01798	0.01531	0.01151	0.25047	0.02464	0.03316	0.03353	0.39433	0.03631	0.01908	0.01080	0.00305	0.05127	0.01632	0.00768	0.00975
28	0.01730	0.01820	0.03613	0.21778	0.04240	0.01888	0.34540	0.02292	0.01791	0.02405	0.01925	0.10145	0.01701	0.01005	0.01052	0.00291	0.05285	0.01057	0.00443	0.00999
29	0.01299	0.00896	0.01122	0.01199	0.01357	0.00866	0.00846	0.01713	0.08297	0.06230	0.10229	0.48688	0.09594	0.02233	0.01011	0.00316	0.00501	0.01997	0.00808	0.00798
30	0.01933	0.01470	0.01744	0.01256	0.01985	0.01119	0.01009	0.02297	0.01791	0.09375	0.01666	0.01839	0.01317	0.00659	0.00638	0.00137	0.00625	0.00528	0.00548	0.68062
31	0.01396	0.01055	0.01534	0.01400	0.01611	0.01160	0.04649	0.04845	0.01654	0.02407	0.09376	0.03564	0.02690	0.09155	0.38680	0.00903	0.03851	0.00963	0.08310	0.00796
32	0.01984	0.18874	0.08091	0.02733	0.03436	0.02443	0.35069	0.02516	0.01778	0.02388	0.01453	0.01929	0.01175	0.00823	0.01129	0.00267	0.11647	0.00791	0.00392	0.01081
33	0.01026	0.00733	0.00980	0.01173	0.01227	0.00687	0.00795	0.01181	0.01604	0.02136	0.04571	0.67671	0.05464	0.02590	0.01064	0.00339	0.00494	0.04816	0.00771	0.00679
34	0.02768	0.01342	0.01654	0.01358	0.01845	0.01293	0.01091	0.07118	0.10979	0.34899	0.10527	0.03266	0.02789	0.01110	0.00809	0.00249	0.00619	0.00913	0.14162	0.01211
35	0.01805	0.01784	0.03117	0.05119	0.09150	0.01586	0.25304	0.02311	0.01823	0.02636	0.01728	0.05593	0.01471	0.00774	0.00810	0.00214	0.00971	0.00816	0.00466	0.32524
36	0.01957	0.17336	0.14837	0.02832	0.09144	0.02270	0.28272	0.02554	0.01825	0.02491	0.01494	0.01902	0.01181	0.00740	0.00871	0.00245	0.03313	0.00744	0.00396	0.05597

[dist]
# distance from previous block
# <min> <max>
0	1

[block]
# block no. 4 follows, 22 sequences, length 10
# corresponding to MSA columns:
# 222-231
name=unknown_E
#
# <colnr> <probs for GDERKNQSTAVLIFYWHMCP>
#	G	D	E	R	K	N	Q	S	T	A	V	L	I	F	Y	W	H	M	C	P
0	0.26421	0.09613	0.12407	0.01640	0.02309	0.07142	0.01536	0.13161	0.09547	0.06385	0.01728	0.01812	0.01292	0.00867	0.00687	0.00248	0.00878	0.00609	0.00583	0.01136
1	0.05992	0.19530	0.02628	0.01593	0.02125	0.02226	0.01367	0.12225	0.06803	0.11421	0.01839	0.02011	0.01444	0.01272	0.05129	0.00304	0.10750	0.00657	0.00590	0.10094
2	0.01136	0.00860	0.01210	0.01548	0.07893	0.00820	0.00936	0.01306	0.01593	0.02144	0.04115	0.58213	0.04870	0.07610	0.01277	0.00364	0.00559	0.02105	0.00713	0.00728
3	0.01662	0.01574	0.03047	0.02793	0.13329	0.01516	0.26768	0.02025	0.01697	0.02324	0.02216	0.15423	0.02166	0.01775	0.05556	0.12473	0.01098	0.01159	0.00478	0.00922
4	0.01775	0.10872	0.50919	0.02584	0.09223	0.02083	0.06080	0.02610	0.01771	0.02571	0.01473	0.01765	0.01089	0.00772	0.00776	0.00254	0.01180	0.00628	0.00361	0.01213
5	0.01042	0.00744	0.00962	0.01111	0.01173	0.00696	0.00739	0.01189	0.01610	0.02148	0.08288	0.57091	0.07725	0.09632	0.01382	0.00379	0.00508	0.02164	0.00752	0.00665
6	0.01010	0.00730	0.00956	0.01137	0.01200	0.00676	0.00762	0.01159	0.01610	0.02128	0.04821	0.66332	0.09269	0.02571	0.01055	0.00334	0.00478	0.02323	0.00771	0.00676
7	0.02043	0.02336	0.08976	0.16717	0.38037	0.09572	0.05356	0.02569	0.01892	0.02510	0.01513	0.02003	0.01220	0.00774	0.00820	0.00252	0.01112	0.00716	0.00400	0.01181
8	0.08804	0.01484	0.01691	0.01236	0.01946	0.01186	0.00994	0.02269	0.01743	0.07501	0.01580	0.01770	0.01261	0.00660	0.00622	0.00145	0.00625	0.00514	0.00534	0.63435
9	0.02146	0.01572	0.02113	0.01581	0.02225	0.01376	0.08210	0.06754	0.05920	0.13011	0.02052	0.02410	0.01628	0.07243	0.01057	0.00245	0.00762	0.00716	0.00617	0.38363

[dist]
# distance from previous block
# <min> <max>
0	20

# created by:
# /st0/software/busco_prod/Augustus/scripts/msa2prfl.pl ./align_prep/115442.fa
