[name]
unknown

[dist]
# distance from previous block
# <min> <max>
0	8

[block]
# block no. 0 follows, 24 sequences, length 21
# corresponding to MSA columns:
# 8-28
name=unknown_A
#
# <colnr> <probs for GDERKNQSTAVLIFYWHMCP>
#	G	D	E	R	K	N	Q	S	T	A	V	L	I	F	Y	W	H	M	C	P
0	0.06228	0.02696	0.01886	0.01726	0.02102	0.40733	0.01328	0.06159	0.02080	0.02260	0.02041	0.02676	0.05454	0.01645	0.09341	0.00357	0.01291	0.05763	0.00486	0.03747
1	0.09292	0.04356	0.08454	0.27478	0.24481	0.04976	0.05311	0.02321	0.01687	0.02419	0.01398	0.01886	0.01102	0.00747	0.00751	0.00246	0.01011	0.00661	0.00382	0.01041
2	0.01971	0.01557	0.02177	0.07554	0.16065	0.01586	0.04408	0.13789	0.02017	0.06125	0.01912	0.02719	0.01665	0.12508	0.01361	0.00315	0.03376	0.02449	0.04050	0.12395
3	0.09179	0.06721	0.16384	0.02233	0.05975	0.01726	0.20285	0.05060	0.01823	0.02683	0.07365	0.12715	0.02263	0.01063	0.00824	0.00259	0.00945	0.01000	0.00500	0.00998
4	0.09314	0.30252	0.36805	0.01792	0.02706	0.02335	0.02119	0.02441	0.01618	0.02366	0.01268	0.01481	0.00995	0.00723	0.00633	0.00219	0.00992	0.00508	0.00352	0.01082
5	0.01332	0.03531	0.01209	0.01081	0.01239	0.01065	0.00779	0.01775	0.09460	0.02143	0.05418	0.03883	0.02589	0.28087	0.21339	0.00719	0.01063	0.00960	0.11617	0.00712
6	0.02041	0.62355	0.13715	0.01492	0.02244	0.02944	0.01592	0.02395	0.01621	0.01962	0.01150	0.01332	0.01016	0.00690	0.00545	0.00182	0.00897	0.00448	0.00339	0.01041
7	0.03017	0.02020	0.02219	0.01710	0.02319	0.02184	0.01410	0.52552	0.03412	0.14050	0.02117	0.02073	0.01472	0.00955	0.00782	0.00236	0.00819	0.00727	0.04608	0.01318
8	0.01133	0.00850	0.01274	0.01274	0.01416	0.00991	0.00991	0.01416	0.01274	0.01841	0.02124	0.03115	0.01982	0.05947	0.68989	0.01274	0.02124	0.00850	0.00425	0.00708
9	0.01555	0.06725	0.56763	0.02061	0.03087	0.01761	0.02586	0.02378	0.01743	0.02567	0.09633	0.02191	0.01820	0.00859	0.00765	0.00247	0.01057	0.00686	0.00403	0.01112
10	0.00990	0.00805	0.00876	0.00859	0.01103	0.00692	0.00644	0.01240	0.01932	0.02437	0.24719	0.07146	0.49993	0.01898	0.00937	0.00263	0.00394	0.01606	0.00775	0.00692
11	0.01643	0.10867	0.61715	0.02171	0.03294	0.01970	0.02775	0.02498	0.01668	0.02448	0.01391	0.01634	0.01006	0.00746	0.00729	0.00243	0.01140	0.00570	0.00335	0.01157
12	0.01590	0.04102	0.68023	0.02260	0.03432	0.01842	0.02930	0.02511	0.01674	0.02511	0.01423	0.01674	0.01005	0.00753	0.00753	0.00251	0.01172	0.00586	0.00335	0.01172
13	0.01810	0.01708	0.01720	0.01284	0.01951	0.09602	0.01014	0.02144	0.01720	0.02503	0.01386	0.01617	0.01155	0.00616	0.00603	0.00128	0.00693	0.00475	0.00462	0.67406
14	0.03014	0.02221	0.02380	0.01825	0.02459	0.02459	0.01507	0.64541	0.03728	0.04998	0.01904	0.01904	0.01349	0.00952	0.00793	0.00238	0.00873	0.00714	0.00793	0.01349
15	0.02120	0.72609	0.04155	0.01357	0.02035	0.03138	0.01357	0.02374	0.01611	0.01866	0.01102	0.01272	0.01018	0.00678	0.00509	0.00170	0.00848	0.00424	0.00339	0.01018
16	0.01617	0.07553	0.64806	0.02215	0.03362	0.01907	0.02851	0.02504	0.01671	0.02479	0.01407	0.01654	0.01005	0.00750	0.00741	0.00247	0.01156	0.00578	0.00335	0.01164
17	0.01700	0.18212	0.54868	0.02074	0.03144	0.02109	0.02606	0.02483	0.01661	0.02378	0.01357	0.01591	0.01007	0.00738	0.00703	0.00234	0.01105	0.00553	0.00336	0.01140
18	0.11509	0.01558	0.02319	0.49918	0.04523	0.01862	0.04543	0.09955	0.01837	0.02619	0.01441	0.01983	0.01074	0.00800	0.00760	0.00259	0.00989	0.00680	0.00428	0.00945
19	0.03317	0.01357	0.01816	0.01381	0.02006	0.01152	0.01137	0.03629	0.02191	0.59534	0.02912	0.02566	0.01864	0.00932	0.00771	0.00229	0.00664	0.00756	0.00917	0.10868
20	0.02411	0.02075	0.19370	0.01658	0.02339	0.01409	0.04213	0.08503	0.02203	0.28276	0.13835	0.02915	0.02608	0.01017	0.00808	0.00246	0.00788	0.00851	0.03311	0.01163

[dist]
# distance from previous block
# <min> <max>
0	1

[block]
# block no. 1 follows, 24 sequences, length 63
# corresponding to MSA columns:
# 30-92
name=unknown_B
#
# <colnr> <probs for GDERKNQSTAVLIFYWHMCP>
#	G	D	E	R	K	N	Q	S	T	A	V	L	I	F	Y	W	H	M	C	P
0	0.03014	0.02221	0.02380	0.01825	0.02459	0.02459	0.01507	0.64541	0.03728	0.04998	0.01904	0.01904	0.01349	0.00952	0.00793	0.00238	0.00873	0.00714	0.00793	0.01349
1	0.03014	0.02221	0.02380	0.01825	0.02459	0.02459	0.01507	0.64541	0.03728	0.04998	0.01904	0.01904	0.01349	0.00952	0.00793	0.00238	0.00873	0.00714	0.00793	0.01349
2	0.01590	0.04102	0.68023	0.02260	0.03432	0.01842	0.02930	0.02511	0.01674	0.02511	0.01423	0.01674	0.01005	0.00753	0.00753	0.00251	0.01172	0.00586	0.00335	0.01172
3	0.02120	0.72609	0.04155	0.01357	0.02035	0.03138	0.01357	0.02374	0.01611	0.01866	0.01102	0.01272	0.01018	0.00678	0.00509	0.00170	0.00848	0.00424	0.00339	0.01018
4	0.01590	0.04102	0.68023	0.02260	0.03432	0.01842	0.02930	0.02511	0.01674	0.02511	0.01423	0.01674	0.01005	0.00753	0.00753	0.00251	0.01172	0.00586	0.00335	0.01172
5	0.00965	0.00696	0.00914	0.01087	0.01146	0.00646	0.00729	0.01106	0.01534	0.02031	0.04577	0.68015	0.08711	0.02458	0.01008	0.00319	0.00457	0.02222	0.00736	0.00646
6	0.02015	0.59042	0.16803	0.01536	0.02312	0.02881	0.01668	0.02402	0.01624	0.01994	0.01166	0.01352	0.01015	0.00693	0.00557	0.00186	0.00912	0.00456	0.00338	0.01048
7	0.01064	0.00808	0.00979	0.00937	0.01149	0.00723	0.00702	0.01384	0.02107	0.02854	0.48321	0.06460	0.26131	0.01743	0.00936	0.00255	0.00383	0.01509	0.00830	0.00723
8	0.00966	0.00690	0.00920	0.01104	0.01150	0.00644	0.00736	0.01104	0.01518	0.02024	0.04371	0.71614	0.05245	0.02484	0.01012	0.00322	0.00460	0.02254	0.00736	0.00644
9	0.00966	0.00690	0.00920	0.01104	0.01150	0.00644	0.00736	0.01104	0.01518	0.02024	0.04371	0.71614	0.05245	0.02484	0.01012	0.00322	0.00460	0.02254	0.00736	0.00644
10	0.02832	0.03483	0.02273	0.02036	0.02412	0.58515	0.01553	0.06042	0.02209	0.02087	0.01239	0.01486	0.01040	0.00885	0.00922	0.00221	0.08867	0.00540	0.00421	0.00935
11	0.77733	0.01534	0.01166	0.01043	0.01534	0.01779	0.00859	0.02331	0.01350	0.03558	0.01104	0.01288	0.00859	0.00736	0.00491	0.00245	0.00613	0.00429	0.00491	0.00859
12	0.02023	0.01810	0.01816	0.01636	0.02082	0.05425	0.01269	0.04160	0.62479	0.03246	0.03124	0.02880	0.02349	0.01063	0.00802	0.00266	0.00669	0.00877	0.00786	0.01238
13	0.01813	0.01441	0.01811	0.01302	0.02004	0.01113	0.04108	0.02178	0.01707	0.07951	0.01561	0.01756	0.01241	0.00624	0.00622	0.00135	0.00632	0.00520	0.00509	0.66973
14	0.01868	0.37830	0.32840	0.01876	0.02783	0.02491	0.05674	0.02445	0.01654	0.02194	0.01275	0.01502	0.01022	0.00711	0.00643	0.00212	0.01021	0.00526	0.00341	0.01090
15	0.01872	0.02139	0.04679	0.03342	0.04144	0.02005	0.64305	0.02540	0.01872	0.02540	0.01604	0.02139	0.01203	0.00668	0.00936	0.00267	0.01337	0.00936	0.00401	0.01070
16	0.01963	0.01884	0.03219	0.04867	0.67185	0.01884	0.02434	0.02434	0.01806	0.02591	0.01492	0.01963	0.01256	0.00707	0.00785	0.00236	0.00942	0.00707	0.00393	0.01256
17	0.01853	0.01772	0.03020	0.20297	0.52613	0.01855	0.02379	0.02337	0.01754	0.02457	0.01472	0.01998	0.01209	0.00727	0.00787	0.00242	0.00969	0.00706	0.00383	0.01168
18	0.01963	0.01884	0.03219	0.04867	0.67185	0.01884	0.02434	0.02434	0.01806	0.02591	0.01492	0.01963	0.01256	0.00707	0.00785	0.00236	0.00942	0.00707	0.00393	0.01256
19	0.00966	0.00690	0.00920	0.01104	0.01150	0.00644	0.00736	0.01104	0.01518	0.02024	0.04371	0.71614	0.05245	0.02484	0.01012	0.00322	0.00460	0.02254	0.00736	0.00644
20	0.00940	0.00791	0.00816	0.00835	0.01080	0.00667	0.00617	0.01134	0.01777	0.02130	0.07643	0.14445	0.60302	0.02059	0.00945	0.00274	0.00408	0.01735	0.00736	0.00667
21	0.01498	0.01409	0.02378	0.70226	0.05462	0.01762	0.02202	0.02026	0.01586	0.02026	0.01409	0.02114	0.01057	0.00793	0.00793	0.00264	0.01057	0.00705	0.00352	0.00881
22	0.01590	0.04102	0.68023	0.02260	0.03432	0.01842	0.02930	0.02511	0.01674	0.02511	0.01423	0.01674	0.01005	0.00753	0.00753	0.00251	0.01172	0.00586	0.00335	0.01172
23	0.01133	0.00850	0.01274	0.01274	0.01416	0.00991	0.00991	0.01416	0.01274	0.01841	0.02124	0.03115	0.01982	0.05947	0.68989	0.01274	0.02124	0.00850	0.00425	0.00708
24	0.00966	0.00690	0.00920	0.01104	0.01150	0.00644	0.00736	0.01104	0.01518	0.02024	0.04371	0.71614	0.05245	0.02484	0.01012	0.00322	0.00460	0.02254	0.00736	0.00644
25	0.01972	0.01703	0.01793	0.01614	0.02062	0.01972	0.01255	0.04214	0.65752	0.03317	0.03228	0.02959	0.02421	0.01076	0.00807	0.00269	0.00628	0.00897	0.00807	0.01255
26	0.77733	0.01534	0.01166	0.01043	0.01534	0.01779	0.00859	0.02331	0.01350	0.03558	0.01104	0.01288	0.00859	0.00736	0.00491	0.00245	0.00613	0.00429	0.00491	0.00859
27	0.01590	0.04102	0.68023	0.02260	0.03432	0.01842	0.02930	0.02511	0.01674	0.02511	0.01423	0.01674	0.01005	0.00753	0.00753	0.00251	0.01172	0.00586	0.00335	0.01172
28	0.03014	0.02221	0.02380	0.01825	0.02459	0.02459	0.01507	0.64541	0.03728	0.04998	0.01904	0.01904	0.01349	0.00952	0.00793	0.00238	0.00873	0.00714	0.00793	0.01349
29	0.01701	0.03947	0.64300	0.02212	0.03353	0.01804	0.02831	0.02587	0.01708	0.06180	0.01519	0.01732	0.01058	0.00766	0.00756	0.00251	0.01144	0.00598	0.00371	0.01182
30	0.02946	0.02181	0.02343	0.01792	0.02430	0.02389	0.01479	0.61432	0.03625	0.04878	0.01879	0.01891	0.01340	0.00934	0.00783	0.00232	0.00858	0.00702	0.00777	0.05108
31	0.03014	0.02221	0.02380	0.01825	0.02459	0.02459	0.01507	0.64541	0.03728	0.04998	0.01904	0.01904	0.01349	0.00952	0.00793	0.00238	0.00873	0.00714	0.00793	0.01349
32	0.03014	0.02221	0.02380	0.01825	0.02459	0.02459	0.01507	0.64541	0.03728	0.04998	0.01904	0.01904	0.01349	0.00952	0.00793	0.00238	0.00873	0.00714	0.00793	0.01349
33	0.43240	0.09347	0.21459	0.01459	0.02178	0.01897	0.01544	0.02477	0.01525	0.06759	0.01315	0.01483	0.00981	0.00750	0.00589	0.00240	0.00807	0.00497	0.00457	0.00996
34	0.02120	0.72609	0.04155	0.01357	0.02035	0.03138	0.01357	0.02374	0.01611	0.01866	0.01102	0.01272	0.01018	0.00678	0.00509	0.00170	0.00848	0.00424	0.00339	0.01018
35	0.01681	0.15838	0.57081	0.02105	0.03193	0.02064	0.02660	0.02488	0.01663	0.02401	0.01368	0.01605	0.01007	0.00741	0.00711	0.00237	0.01116	0.00558	0.00336	0.01146
36	0.01153	0.00769	0.00865	0.00865	0.00865	0.00769	0.00480	0.01153	0.01153	0.01538	0.02499	0.05189	0.02883	0.72131	0.04036	0.00769	0.00769	0.01153	0.00480	0.00480
37	0.01590	0.04102	0.68023	0.02260	0.03432	0.01842	0.02930	0.02511	0.01674	0.02511	0.01423	0.01674	0.01005	0.00753	0.00753	0.00251	0.01172	0.00586	0.00335	0.01172
38	0.01963	0.01884	0.03219	0.04867	0.67185	0.01884	0.02434	0.02434	0.01806	0.02591	0.01492	0.01963	0.01256	0.00707	0.00785	0.00236	0.00942	0.00707	0.00393	0.01256
39	0.01590	0.04102	0.68023	0.02260	0.03432	0.01842	0.02930	0.02511	0.01674	0.02511	0.01423	0.01674	0.01005	0.00753	0.00753	0.00251	0.01172	0.00586	0.00335	0.01172
40	0.01278	0.00913	0.01278	0.01460	0.01643	0.00913	0.01278	0.01643	0.01825	0.02373	0.04199	0.08945	0.04564	0.02191	0.01095	0.00365	0.00730	0.61847	0.00730	0.00730
41	0.01590	0.04102	0.68023	0.02260	0.03432	0.01842	0.02930	0.02511	0.01674	0.02511	0.01423	0.01674	0.01005	0.00753	0.00753	0.00251	0.01172	0.00586	0.00335	0.01172
42	0.03427	0.01379	0.01836	0.01428	0.02027	0.01232	0.01173	0.03893	0.07501	0.62425	0.03137	0.02720	0.02001	0.00989	0.00798	0.00247	0.00671	0.00806	0.00967	0.01342
43	0.01590	0.04102	0.68023	0.02260	0.03432	0.01842	0.02930	0.02511	0.01674	0.02511	0.01423	0.01674	0.01005	0.00753	0.00753	0.00251	0.01172	0.00586	0.00335	0.01172
44	0.00966	0.00690	0.00920	0.01104	0.01150	0.00644	0.00736	0.01104	0.01518	0.02024	0.04371	0.71614	0.05245	0.02484	0.01012	0.00322	0.00460	0.02254	0.00736	0.00644
45	0.02959	0.02285	0.02343	0.01826	0.02439	0.06249	0.01496	0.57989	0.06759	0.04738	0.01931	0.01930	0.01384	0.00950	0.00789	0.00238	0.00892	0.00711	0.00772	0.01319
46	0.02806	0.02085	0.02227	0.01747	0.02336	0.02316	0.01430	0.53697	0.11838	0.04682	0.02110	0.02091	0.01522	0.00967	0.00784	0.00240	0.00817	0.00739	0.04256	0.01308
47	0.01972	0.01703	0.01793	0.01614	0.02062	0.01972	0.01255	0.04214	0.65752	0.03317	0.03228	0.02959	0.02421	0.01076	0.00807	0.00269	0.00628	0.00897	0.00807	0.01255
48	0.01069	0.00835	0.00993	0.01078	0.01294	0.00759	0.00870	0.01326	0.01789	0.02219	0.06266	0.13640	0.37970	0.02118	0.01004	0.00309	0.00531	0.24504	0.00734	0.00690
49	0.01778	0.01687	0.02822	0.30748	0.39782	0.01839	0.02290	0.02349	0.04495	0.02397	0.01534	0.02066	0.01227	0.00757	0.00789	0.00248	0.00974	0.00714	0.00395	0.01107
50	0.02326	0.06068	0.02115	0.01687	0.02193	0.07489	0.01347	0.19449	0.41165	0.03554	0.02608	0.02471	0.01955	0.01001	0.00779	0.00250	0.00767	0.00792	0.00745	0.01239
51	0.01235	0.00894	0.01221	0.01388	0.01572	0.00880	0.01196	0.01577	0.01812	0.02339	0.04546	0.11333	0.10128	0.02186	0.01078	0.00355	0.00690	0.54118	0.00731	0.00721
52	0.01603	0.04017	0.65272	0.02307	0.03463	0.01849	0.05595	0.02513	0.01683	0.02513	0.01431	0.01694	0.01013	0.00750	0.00761	0.00252	0.01179	0.00601	0.00338	0.01167
53	0.54515	0.01440	0.01109	0.01014	0.01422	0.04808	0.00814	0.02248	0.01474	0.03324	0.01490	0.01723	0.01168	0.00788	0.00518	0.00228	0.00591	0.00513	0.19982	0.00831
54	0.06217	0.02155	0.02199	0.02044	0.07614	0.12724	0.04555	0.14586	0.32714	0.03315	0.02337	0.02316	0.01768	0.00944	0.00778	0.00249	0.00860	0.00764	0.00670	0.01189
55	0.01377	0.00689	0.01033	0.01033	0.01033	0.00689	0.00689	0.01033	0.01033	0.01377	0.01377	0.02410	0.01377	0.02755	0.03099	0.76928	0.00689	0.00689	0.00344	0.00344
56	0.30399	0.01506	0.01605	0.01480	0.04753	0.04028	0.03334	0.02730	0.11402	0.13746	0.11780	0.05586	0.02494	0.01035	0.00716	0.00252	0.00655	0.00824	0.00676	0.01001
57	0.02040	0.01331	0.01609	0.01218	0.01811	0.01087	0.00963	0.02443	0.04714	0.17678	0.05340	0.02430	0.01865	0.06013	0.00917	0.00209	0.00612	0.00665	0.00625	0.46429
58	0.06796	0.01542	0.01794	0.01373	0.01993	0.01421	0.01113	0.14703	0.04678	0.21273	0.02144	0.04545	0.01605	0.00864	0.00704	0.00197	0.00665	0.00687	0.00699	0.31205
59	0.05077	0.04229	0.04878	0.04841	0.02179	0.01588	0.01287	0.10174	0.16740	0.27036	0.02941	0.06155	0.04511	0.01074	0.00783	0.00251	0.00700	0.00875	0.03496	0.01184
60	0.05333	0.13366	0.13650	0.01658	0.02320	0.04928	0.01561	0.09078	0.20090	0.16677	0.02267	0.02186	0.01636	0.00902	0.00731	0.00239	0.00824	0.00695	0.00658	0.01202
61	0.05330	0.01811	0.04780	0.01877	0.02545	0.01675	0.13851	0.14717	0.07538	0.24665	0.02249	0.02237	0.01559	0.00854	0.00785	0.00234	0.00844	0.00755	0.00710	0.10985
62	0.27163	0.02035	0.14389	0.01487	0.02163	0.01646	0.01424	0.07665	0.06417	0.21105	0.01953	0.01937	0.01358	0.00839	0.00677	0.00240	0.00757	0.00618	0.00640	0.05487

[dist]
# distance from previous block
# <min> <max>
3	17

[block]
# block no. 2 follows, 24 sequences, length 21
# corresponding to MSA columns:
# 110-130
name=unknown_C
#
# <colnr> <probs for GDERKNQSTAVLIFYWHMCP>
#	G	D	E	R	K	N	Q	S	T	A	V	L	I	F	Y	W	H	M	C	P
0	0.28222	0.10631	0.04776	0.01614	0.02199	0.12032	0.06812	0.08523	0.05010	0.07430	0.01510	0.01651	0.01151	0.00782	0.00646	0.00226	0.00877	0.00568	0.00523	0.04817
1	0.27331	0.08320	0.01810	0.01322	0.01846	0.07648	0.01087	0.06202	0.07540	0.17359	0.01910	0.01924	0.01394	0.00837	0.00634	0.00225	0.00718	0.00597	0.05690	0.05606
2	0.15427	0.05262	0.01922	0.01441	0.02011	0.01833	0.01188	0.23543	0.08190	0.07239	0.04404	0.02331	0.01726	0.00921	0.00705	0.00220	0.00709	0.03471	0.00663	0.16793
3	0.32216	0.01747	0.03760	0.07895	0.02198	0.05481	0.01227	0.07774	0.13611	0.08760	0.04065	0.02083	0.01581	0.00884	0.00666	0.00247	0.00731	0.00651	0.03404	0.01020
4	0.05564	0.01355	0.01731	0.11302	0.05881	0.01398	0.01263	0.12397	0.05292	0.09382	0.09289	0.18639	0.02925	0.01304	0.00824	0.00253	0.00681	0.01125	0.00675	0.08722
5	0.05255	0.01734	0.02285	0.01926	0.06626	0.01747	0.08246	0.16567	0.10965	0.10330	0.02048	0.04257	0.01588	0.00898	0.00840	0.00226	0.04000	0.00751	0.00635	0.19076
6	0.02117	0.02559	0.06242	0.02299	0.05097	0.26323	0.18033	0.02503	0.01885	0.02218	0.01677	0.08051	0.01515	0.01153	0.03931	0.00281	0.04432	0.00810	0.00435	0.08439
7	0.01892	0.01510	0.01737	0.01287	0.01957	0.01277	0.01032	0.08222	0.07625	0.05882	0.01699	0.01836	0.01339	0.00684	0.00636	0.00148	0.00622	0.00546	0.00554	0.59514
8	0.01738	0.02250	0.13906	0.15856	0.04113	0.01861	0.37946	0.02395	0.01769	0.02440	0.01524	0.02024	0.01142	0.00699	0.00853	0.00253	0.01200	0.00801	0.00387	0.06843
9	0.01379	0.01292	0.05441	0.01680	0.01996	0.01184	0.09957	0.01942	0.07973	0.02344	0.03289	0.15062	0.03403	0.05674	0.09073	0.00455	0.00955	0.25452	0.00623	0.00826
10	0.01133	0.00850	0.01274	0.01274	0.01416	0.00991	0.00991	0.01416	0.01274	0.01841	0.02124	0.03115	0.01982	0.05947	0.68989	0.01274	0.02124	0.00850	0.00425	0.00708
11	0.02120	0.72609	0.04155	0.01357	0.02035	0.03138	0.01357	0.02374	0.01611	0.01866	0.01102	0.01272	0.01018	0.00678	0.00509	0.00170	0.00848	0.00424	0.00339	0.01018
12	0.02428	0.07587	0.11974	0.02759	0.19214	0.23503	0.04192	0.13929	0.02266	0.02758	0.01450	0.01702	0.01145	0.00790	0.00747	0.00225	0.01126	0.00618	0.00459	0.01131
13	0.01015	0.00806	0.00911	0.00885	0.01119	0.00702	0.00663	0.01288	0.01990	0.02577	0.32619	0.06917	0.42006	0.01846	0.00936	0.00260	0.00390	0.01573	0.00794	0.00702
14	0.01133	0.00850	0.01274	0.01274	0.01416	0.00991	0.00991	0.01416	0.01274	0.01841	0.02124	0.03115	0.01982	0.05947	0.68989	0.01274	0.02124	0.00850	0.00425	0.00708
15	0.01153	0.00769	0.00865	0.00865	0.00865	0.00769	0.00480	0.01153	0.01153	0.01538	0.02499	0.05189	0.02883	0.72131	0.04036	0.00769	0.00769	0.01153	0.00480	0.00480
16	0.02120	0.72609	0.04155	0.01357	0.02035	0.03138	0.01357	0.02374	0.01611	0.01866	0.01102	0.01272	0.01018	0.00678	0.00509	0.00170	0.00848	0.00424	0.00339	0.01018
17	0.02952	0.02190	0.02345	0.01812	0.02435	0.02430	0.01492	0.60923	0.07448	0.04897	0.01983	0.01967	0.01413	0.00959	0.00794	0.00240	0.00858	0.00725	0.00794	0.01343
18	0.02120	0.72609	0.04155	0.01357	0.02035	0.03138	0.01357	0.02374	0.01611	0.01866	0.01102	0.01272	0.01018	0.00678	0.00509	0.00170	0.00848	0.00424	0.00339	0.01018
19	0.02867	0.02416	0.09181	0.01870	0.02560	0.02395	0.01655	0.58114	0.03516	0.04740	0.01854	0.01880	0.01313	0.00931	0.00789	0.00239	0.00904	0.00701	0.00746	0.01330
20	0.06910	0.35387	0.34239	0.01764	0.02664	0.02433	0.02069	0.02436	0.01624	0.02285	0.01255	0.01464	0.01001	0.00718	0.00624	0.00213	0.00986	0.00501	0.00347	0.01080

[dist]
# distance from previous block
# <min> <max>
3	6

[block]
# block no. 3 follows, 24 sequences, length 6
# corresponding to MSA columns:
# 137-142
name=unknown_D
#
# <colnr> <probs for GDERKNQSTAVLIFYWHMCP>
#	G	D	E	R	K	N	Q	S	T	A	V	L	I	F	Y	W	H	M	C	P
0	0.02401	0.01577	0.02123	0.02128	0.16512	0.01409	0.01393	0.08728	0.02064	0.21632	0.01972	0.02045	0.01437	0.00763	0.00712	0.00192	0.00719	0.00641	0.00632	0.30920
1	0.35577	0.01589	0.01480	0.01239	0.01710	0.01777	0.01010	0.23192	0.02221	0.03909	0.01704	0.01867	0.01285	0.00851	0.00607	0.00229	0.00647	0.00594	0.17516	0.00997
2	0.06122	0.02314	0.02028	0.04869	0.02319	0.20524	0.01367	0.28508	0.02762	0.06710	0.07680	0.02566	0.06717	0.01035	0.00781	0.00234	0.00936	0.00781	0.00664	0.01083
3	0.03135	0.02027	0.02260	0.01732	0.02362	0.02171	0.01431	0.51037	0.03404	0.18960	0.02176	0.02081	0.01485	0.00959	0.00794	0.00240	0.00829	0.00733	0.00835	0.01349
4	0.02123	0.01614	0.02370	0.02176	0.10566	0.01639	0.11771	0.10563	0.15995	0.12554	0.16698	0.03187	0.02997	0.01053	0.00851	0.00253	0.00766	0.00961	0.00725	0.01137
5	0.43956	0.06264	0.01666	0.01282	0.01794	0.06829	0.01056	0.13820	0.01953	0.06900	0.01891	0.01965	0.06011	0.00887	0.00614	0.00238	0.00723	0.00601	0.00575	0.00975

[dist]
# distance from previous block
# <min> <max>
1	7

[block]
# block no. 4 follows, 24 sequences, length 26
# corresponding to MSA columns:
# 150-175
name=unknown_E
#
# <colnr> <probs for GDERKNQSTAVLIFYWHMCP>
#	G	D	E	R	K	N	Q	S	T	A	V	L	I	F	Y	W	H	M	C	P
0	0.01567	0.01357	0.01612	0.16422	0.02467	0.03931	0.01267	0.06520	0.17516	0.02698	0.10468	0.11443	0.14142	0.01416	0.00870	0.00271	0.00688	0.03748	0.00675	0.00922
1	0.01042	0.00849	0.00980	0.01032	0.03883	0.00747	0.00716	0.01294	0.01903	0.02428	0.24061	0.06809	0.44703	0.04778	0.01060	0.00282	0.00432	0.01544	0.00750	0.00708
2	0.01423	0.01201	0.01578	0.01407	0.04723	0.00984	0.03503	0.01716	0.01615	0.02380	0.02493	0.27000	0.02652	0.01283	0.00764	0.00203	0.00588	0.01145	0.00560	0.42782
3	0.02133	0.01783	0.01884	0.01646	0.02123	0.02048	0.01294	0.13525	0.56179	0.03577	0.03023	0.02796	0.02255	0.01057	0.00805	0.00264	0.00665	0.00868	0.00805	0.01270
4	0.02962	0.03779	0.02247	0.02043	0.02451	0.68948	0.01532	0.03166	0.02247	0.01941	0.01226	0.01430	0.01021	0.00817	0.00715	0.00204	0.01430	0.00511	0.00409	0.00919
5	0.02166	0.69009	0.04065	0.01381	0.02057	0.03103	0.01365	0.05554	0.01720	0.02026	0.01143	0.01304	0.01035	0.00692	0.00523	0.00173	0.00849	0.00439	0.00362	0.01035
6	0.01590	0.04102	0.68023	0.02260	0.03432	0.01842	0.02930	0.02511	0.01674	0.02511	0.01423	0.01674	0.01005	0.00753	0.00753	0.00251	0.01172	0.00586	0.00335	0.01172
7	0.00966	0.00690	0.00920	0.01104	0.01150	0.00644	0.00736	0.01104	0.01518	0.02024	0.04371	0.71614	0.05245	0.02484	0.01012	0.00322	0.00460	0.02254	0.00736	0.00644
8	0.00966	0.00690	0.00920	0.01104	0.01150	0.00644	0.00736	0.01104	0.01518	0.02024	0.04371	0.71614	0.05245	0.02484	0.01012	0.00322	0.00460	0.02254	0.00736	0.00644
9	0.01133	0.00850	0.01274	0.01274	0.01416	0.00991	0.00991	0.01416	0.01274	0.01841	0.02124	0.03115	0.01982	0.05947	0.68989	0.01274	0.02124	0.00850	0.00425	0.00708
10	0.02120	0.72609	0.04155	0.01357	0.02035	0.03138	0.01357	0.02374	0.01611	0.01866	0.01102	0.01272	0.01018	0.00678	0.00509	0.00170	0.00848	0.00424	0.00339	0.01018
11	0.01644	0.01409	0.01644	0.01175	0.01879	0.01057	0.00940	0.01997	0.01644	0.02584	0.01409	0.01644	0.01175	0.00587	0.00587	0.00117	0.00587	0.00470	0.00470	0.76979
12	0.02085	0.68099	0.08360	0.01416	0.02127	0.03052	0.01460	0.02383	0.01615	0.01908	0.01124	0.01299	0.01017	0.00683	0.00525	0.00175	0.00869	0.00435	0.00339	0.01028
13	0.01656	0.03642	0.57164	0.02157	0.03220	0.01729	0.05222	0.02483	0.01722	0.05822	0.01994	0.02175	0.05805	0.00852	0.00776	0.00253	0.01098	0.00690	0.00400	0.01141
14	0.02120	0.72609	0.04155	0.01357	0.02035	0.03138	0.01357	0.02374	0.01611	0.01866	0.01102	0.01272	0.01018	0.00678	0.00509	0.00170	0.00848	0.00424	0.00339	0.01018
15	0.02058	0.64595	0.11626	0.01463	0.02199	0.02986	0.01541	0.02390	0.01619	0.01941	0.01140	0.01319	0.01016	0.00687	0.00537	0.00179	0.00886	0.00443	0.00339	0.01036
16	0.01459	0.01358	0.02273	0.65247	0.05151	0.01681	0.02097	0.01960	0.01581	0.02026	0.01623	0.07120	0.01359	0.00915	0.00809	0.00268	0.01014	0.00816	0.00380	0.00864
17	0.02120	0.72609	0.04155	0.01357	0.02035	0.03138	0.01357	0.02374	0.01611	0.01866	0.01102	0.01272	0.01018	0.00678	0.00509	0.00170	0.00848	0.00424	0.00339	0.01018
18	0.01872	0.02139	0.04679	0.03342	0.04144	0.02005	0.64305	0.02540	0.01872	0.02540	0.01604	0.02139	0.01203	0.00668	0.00936	0.00267	0.01337	0.00936	0.00401	0.01070
19	0.03558	0.01350	0.01840	0.01411	0.02024	0.01166	0.01166	0.03865	0.02270	0.67734	0.03128	0.02699	0.01963	0.00981	0.00797	0.00245	0.00675	0.00797	0.00981	0.01350
20	0.01377	0.00689	0.01033	0.01033	0.01033	0.00689	0.00689	0.01033	0.01033	0.01377	0.01377	0.02410	0.01377	0.02755	0.03099	0.76928	0.00689	0.00689	0.00344	0.00344
21	0.01121	0.00815	0.01058	0.01010	0.01200	0.00752	0.00766	0.01487	0.02206	0.03097	0.61334	0.06135	0.09998	0.01664	0.00943	0.00255	0.00391	0.04162	0.00860	0.00744
22	0.02120	0.72609	0.04155	0.01357	0.02035	0.03138	0.01357	0.02374	0.01611	0.01866	0.01102	0.01272	0.01018	0.00678	0.00509	0.00170	0.00848	0.00424	0.00339	0.01018
23	0.03527	0.01476	0.01861	0.01444	0.02046	0.04689	0.01185	0.03828	0.02268	0.64314	0.03030	0.02633	0.01914	0.00973	0.00793	0.00243	0.00714	0.00783	0.00952	0.01327
24	0.01683	0.01623	0.02830	0.43186	0.26353	0.01821	0.06754	0.02202	0.01681	0.02255	0.01451	0.02064	0.01135	0.00755	0.00800	0.00255	0.01038	0.00722	0.00370	0.01022
25	0.01498	0.01409	0.02378	0.70226	0.05462	0.01762	0.02202	0.02026	0.01586	0.02026	0.01409	0.02114	0.01057	0.00793	0.00793	0.00264	0.01057	0.00705	0.00352	0.00881

[dist]
# distance from previous block
# <min> <max>
9	18

[block]
# block no. 5 follows, 24 sequences, length 70
# corresponding to MSA columns:
# 194-233,235-264
name=unknown_F
#
# <colnr> <probs for GDERKNQSTAVLIFYWHMCP>
#	G	D	E	R	K	N	Q	S	T	A	V	L	I	F	Y	W	H	M	C	P
0	0.05381	0.01582	0.02290	0.24098	0.09024	0.01728	0.04484	0.09791	0.04364	0.13805	0.01916	0.04680	0.01474	0.00928	0.00905	0.00253	0.05647	0.00768	0.00562	0.06321
1	0.18273	0.01721	0.02052	0.18270	0.02919	0.09595	0.07369	0.05030	0.01863	0.11301	0.04907	0.05881	0.01869	0.01009	0.00769	0.00258	0.00895	0.04506	0.00561	0.00953
2	0.01750	0.01762	0.03208	0.26090	0.21362	0.01882	0.19201	0.02267	0.01698	0.02334	0.01457	0.02031	0.01155	0.00772	0.00959	0.00257	0.06377	0.00758	0.00381	0.04298
3	0.06004	0.01914	0.01969	0.01535	0.02136	0.07282	0.01242	0.27733	0.04573	0.13104	0.01931	0.01959	0.01404	0.00845	0.00713	0.00205	0.00779	0.00641	0.03540	0.20490
4	0.01794	0.02122	0.08757	0.05567	0.06874	0.01906	0.47131	0.02421	0.01788	0.02491	0.01616	0.02148	0.01242	0.00898	0.03245	0.00298	0.04062	0.00870	0.03725	0.01044
5	0.27025	0.01491	0.01680	0.11677	0.02361	0.01548	0.01195	0.08592	0.01880	0.17358	0.01778	0.01904	0.01275	0.00801	0.00652	0.00224	0.00706	0.00598	0.03405	0.13851
6	0.00974	0.00696	0.00927	0.01099	0.01152	0.00649	0.00737	0.01123	0.01554	0.02081	0.07417	0.68407	0.05354	0.02442	0.01008	0.00319	0.00456	0.02214	0.00743	0.00649
7	0.01692	0.01411	0.01632	0.01181	0.01859	0.01099	0.00945	0.04505	0.01729	0.02698	0.01483	0.01715	0.01221	0.00617	0.00594	0.00125	0.00589	0.00492	0.03979	0.70434
8	0.02889	0.02286	0.02371	0.05190	0.02591	0.07642	0.01552	0.54360	0.03415	0.04499	0.01795	0.01871	0.01297	0.00950	0.00854	0.00241	0.03502	0.00697	0.00725	0.01274
9	0.03014	0.02221	0.02380	0.01825	0.02459	0.02459	0.01507	0.64541	0.03728	0.04998	0.01904	0.01904	0.01349	0.00952	0.00793	0.00238	0.00873	0.00714	0.00793	0.01349
10	0.02120	0.72609	0.04155	0.01357	0.02035	0.03138	0.01357	0.02374	0.01611	0.01866	0.01102	0.01272	0.01018	0.00678	0.00509	0.00170	0.00848	0.00424	0.00339	0.01018
11	0.03558	0.01350	0.01840	0.01411	0.02024	0.01166	0.01166	0.03865	0.02270	0.67734	0.03128	0.02699	0.01963	0.00981	0.00797	0.00245	0.00675	0.00797	0.00981	0.01350
12	0.01079	0.00809	0.00999	0.00952	0.01158	0.00730	0.00714	0.01412	0.02141	0.02935	0.52880	0.06327	0.21522	0.01713	0.00936	0.00254	0.00381	0.01491	0.00841	0.00730
13	0.00966	0.00690	0.00920	0.01104	0.01150	0.00644	0.00736	0.01104	0.01518	0.02024	0.04371	0.71614	0.05245	0.02484	0.01012	0.00322	0.00460	0.02254	0.00736	0.00644
14	0.02962	0.03779	0.02247	0.02043	0.02451	0.68948	0.01532	0.03166	0.02247	0.01941	0.01226	0.01430	0.01021	0.00817	0.00715	0.00204	0.01430	0.00511	0.00409	0.00919
15	0.01478	0.00739	0.00739	0.00739	0.00924	0.00739	0.00554	0.01848	0.01663	0.02956	0.02587	0.02956	0.02033	0.00924	0.00554	0.00185	0.00370	0.00739	0.76534	0.00739
16	0.01644	0.01409	0.01644	0.01175	0.01879	0.01057	0.00940	0.01997	0.01644	0.02584	0.01409	0.01644	0.01175	0.00587	0.00587	0.00117	0.00587	0.00470	0.00470	0.76979
17	0.03525	0.01403	0.01873	0.01436	0.02051	0.01245	0.01186	0.07576	0.02359	0.63897	0.03054	0.02650	0.01925	0.00980	0.00797	0.00245	0.00687	0.00792	0.00970	0.01349
18	0.01478	0.00739	0.00739	0.00739	0.00924	0.00739	0.00554	0.01848	0.01663	0.02956	0.02587	0.02956	0.02033	0.00924	0.00554	0.00185	0.00370	0.00739	0.76534	0.00739
19	0.01278	0.00913	0.01278	0.01460	0.01643	0.00913	0.01278	0.01643	0.01825	0.02373	0.04199	0.08945	0.04564	0.02191	0.01095	0.00365	0.00730	0.61847	0.00730	0.00730
20	0.01972	0.01703	0.01793	0.01614	0.02062	0.01972	0.01255	0.04214	0.65752	0.03317	0.03228	0.02959	0.02421	0.01076	0.00807	0.00269	0.00628	0.00897	0.00807	0.01255
21	0.01899	0.01620	0.01739	0.01598	0.02018	0.01861	0.01258	0.03943	0.59029	0.03218	0.03330	0.03588	0.02646	0.01193	0.00837	0.00279	0.00638	0.07307	0.00799	0.01200
22	0.00966	0.00690	0.00920	0.01104	0.01150	0.00644	0.00736	0.01104	0.01518	0.02024	0.04371	0.71614	0.05245	0.02484	0.01012	0.00322	0.00460	0.02254	0.00736	0.00644
23	0.01478	0.00739	0.00739	0.00739	0.00924	0.00739	0.00554	0.01848	0.01663	0.02956	0.02587	0.02956	0.02033	0.00924	0.00554	0.00185	0.00370	0.00739	0.76534	0.00739
24	0.00965	0.00696	0.00914	0.01089	0.01146	0.00645	0.00729	0.01106	0.01533	0.02030	0.04552	0.68450	0.08292	0.02461	0.01008	0.00319	0.00457	0.02226	0.00736	0.00645
25	0.02120	0.72609	0.04155	0.01357	0.02035	0.03138	0.01357	0.02374	0.01611	0.01866	0.01102	0.01272	0.01018	0.00678	0.00509	0.00170	0.00848	0.00424	0.00339	0.01018
26	0.01478	0.00739	0.00739	0.00739	0.00924	0.00739	0.00554	0.01848	0.01663	0.02956	0.02587	0.02956	0.02033	0.00924	0.00554	0.00185	0.00370	0.00739	0.76534	0.00739
27	0.01872	0.02139	0.04679	0.03342	0.04144	0.02005	0.64305	0.02540	0.01872	0.02540	0.01604	0.02139	0.01203	0.00668	0.00936	0.00267	0.01337	0.00936	0.00401	0.01070
28	0.01498	0.01409	0.02378	0.70226	0.05462	0.01762	0.02202	0.02026	0.01586	0.02026	0.01409	0.02114	0.01057	0.00793	0.00793	0.00264	0.01057	0.00705	0.00352	0.00881
29	0.01735	0.01735	0.02429	0.02082	0.02082	0.02429	0.01735	0.01908	0.01214	0.01908	0.01041	0.01735	0.01041	0.01388	0.02602	0.00347	0.70680	0.00694	0.00347	0.00867
30	0.01659	0.12945	0.59779	0.02144	0.03252	0.02009	0.02727	0.02494	0.01666	0.02428	0.01382	0.01622	0.01006	0.00744	0.00722	0.00241	0.01130	0.00565	0.00335	0.01152
31	0.01963	0.01875	0.03147	0.04704	0.63926	0.01889	0.02375	0.02523	0.05006	0.02627	0.01578	0.02012	0.01314	0.00725	0.00786	0.00237	0.00926	0.00716	0.00413	0.01256
32	0.01134	0.00845	0.01249	0.01249	0.01382	0.00978	0.00960	0.01400	0.01267	0.01822	0.02147	0.03242	0.02038	0.09996	0.65016	0.01243	0.02041	0.00868	0.00428	0.00694
33	0.01521	0.01442	0.02383	0.63466	0.05126	0.01828	0.02156	0.02014	0.01549	0.02014	0.01373	0.02077	0.01055	0.00852	0.00972	0.00272	0.07963	0.00704	0.00352	0.00880
34	0.01972	0.01703	0.01793	0.01614	0.02062	0.01972	0.01255	0.04214	0.65752	0.03317	0.03228	0.02959	0.02421	0.01076	0.00807	0.00269	0.00628	0.00897	0.00807	0.01255
35	0.01872	0.02139	0.04679	0.03342	0.04144	0.02005	0.64305	0.02540	0.01872	0.02540	0.01604	0.02139	0.01203	0.00668	0.00936	0.00267	0.01337	0.00936	0.00401	0.01070
36	0.01133	0.00850	0.01274	0.01274	0.01416	0.00991	0.00991	0.01416	0.01274	0.01841	0.02124	0.03115	0.01982	0.05947	0.68989	0.01274	0.02124	0.00850	0.00425	0.00708
37	0.01498	0.01409	0.02378	0.70226	0.05462	0.01762	0.02202	0.02026	0.01586	0.02026	0.01409	0.02114	0.01057	0.00793	0.00793	0.00264	0.01057	0.00705	0.00352	0.00881
38	0.03558	0.01350	0.01840	0.01411	0.02024	0.01166	0.01166	0.03865	0.02270	0.67734	0.03128	0.02699	0.01963	0.00981	0.00797	0.00245	0.00675	0.00797	0.00981	0.01350
39	0.01278	0.00913	0.01278	0.01460	0.01643	0.00913	0.01278	0.01643	0.01825	0.02373	0.04199	0.08945	0.04564	0.02191	0.01095	0.00365	0.00730	0.61847	0.00730	0.00730
40	0.01153	0.00769	0.00865	0.00865	0.00865	0.00769	0.00480	0.01153	0.01153	0.01538	0.02499	0.05189	0.02883	0.72131	0.04036	0.00769	0.00769	0.01153	0.00480	0.00480
41	0.01122	0.00811	0.01060	0.00998	0.01185	0.00748	0.00748	0.01496	0.02245	0.03180	0.66766	0.05923	0.07482	0.01621	0.00935	0.00249	0.00374	0.01434	0.00873	0.00748
42	0.01278	0.00913	0.01278	0.01460	0.01643	0.00913	0.01278	0.01643	0.01825	0.02373	0.04199	0.08945	0.04564	0.02191	0.01095	0.00365	0.00730	0.61847	0.00730	0.00730
43	0.02962	0.03779	0.02247	0.02043	0.02451	0.68948	0.01532	0.03166	0.02247	0.01941	0.01226	0.01430	0.01021	0.00817	0.00715	0.00204	0.01430	0.00511	0.00409	0.00919
44	0.01478	0.00739	0.00739	0.00739	0.00924	0.00739	0.00554	0.01848	0.01663	0.02956	0.02587	0.02956	0.02033	0.00924	0.00554	0.00185	0.00370	0.00739	0.76534	0.00739
45	0.02202	0.01688	0.01889	0.01732	0.04980	0.01880	0.01301	0.10570	0.46574	0.09892	0.06175	0.02921	0.02459	0.01064	0.00810	0.00261	0.00661	0.00885	0.00808	0.01249
46	0.01114	0.00810	0.01049	0.00989	0.01180	0.00745	0.00742	0.01481	0.02226	0.03135	0.64247	0.05997	0.10030	0.01638	0.00935	0.00250	0.00375	0.01444	0.00867	0.00745
47	0.02458	0.02789	0.05063	0.03331	0.32243	0.30138	0.01995	0.07955	0.02148	0.02516	0.01412	0.01723	0.01156	0.00775	0.00755	0.00223	0.01150	0.00620	0.00431	0.01119
48	0.01849	0.01732	0.02748	0.18641	0.40773	0.01839	0.02139	0.02606	0.11794	0.02580	0.01743	0.02140	0.01392	0.00779	0.00782	0.00242	0.00904	0.00727	0.00452	0.04137
49	0.01911	0.43586	0.27929	0.01793	0.02661	0.02599	0.05113	0.02434	0.01648	0.02140	0.01247	0.01465	0.01022	0.00706	0.00621	0.00205	0.00993	0.00510	0.00341	0.01078
50	0.01604	0.04007	0.64960	0.02312	0.03467	0.01850	0.05898	0.02513	0.01684	0.02513	0.01432	0.01697	0.01014	0.00749	0.00762	0.00252	0.01180	0.00603	0.00338	0.01167
51	0.01108	0.00805	0.01043	0.00994	0.01178	0.00740	0.00741	0.01464	0.02195	0.03086	0.61584	0.08734	0.10002	0.01674	0.00939	0.00253	0.00379	0.01479	0.00861	0.00740
52	0.00966	0.00690	0.00920	0.01104	0.01150	0.00644	0.00736	0.01104	0.01518	0.02024	0.04371	0.71614	0.05245	0.02484	0.01012	0.00322	0.00460	0.02254	0.00736	0.00644
53	0.01598	0.01516	0.02540	0.54416	0.17002	0.01818	0.02223	0.02098	0.01609	0.02127	0.01407	0.02066	0.01094	0.00806	0.00882	0.00263	0.04520	0.00705	0.00360	0.00951
54	0.01134	0.00846	0.01256	0.01256	0.01391	0.00981	0.00968	0.01404	0.01269	0.01827	0.02141	0.03208	0.02023	0.08917	0.66075	0.01252	0.02063	0.00863	0.00427	0.00698
55	0.01955	0.01907	0.03348	0.04732	0.61600	0.01895	0.07915	0.02443	0.01811	0.02586	0.01502	0.01978	0.01251	0.00703	0.00798	0.00238	0.00977	0.00727	0.00393	0.01240
56	0.02223	0.04673	0.02005	0.01751	0.05194	0.04362	0.01324	0.06355	0.39888	0.11966	0.05943	0.02788	0.02326	0.01056	0.00884	0.00259	0.04192	0.00848	0.00756	0.01205
57	0.01902	0.01644	0.02908	0.02410	0.09593	0.01471	0.25667	0.02358	0.01822	0.10264	0.02282	0.08190	0.04940	0.00910	0.00822	0.00228	0.00906	0.00926	0.00532	0.20226
58	0.02273	0.02347	0.05255	0.02653	0.10682	0.14328	0.23181	0.10617	0.02154	0.05909	0.01599	0.01898	0.01221	0.00744	0.00797	0.00225	0.01104	0.00717	0.00488	0.11811
59	0.01852	0.23349	0.23520	0.06317	0.06217	0.02120	0.11653	0.02398	0.01705	0.05487	0.01675	0.07209	0.01435	0.00865	0.00736	0.00235	0.01003	0.00747	0.00414	0.01064
60	0.01835	0.01719	0.02839	0.26044	0.41483	0.01828	0.02254	0.04614	0.01798	0.02495	0.01476	0.01996	0.01190	0.00739	0.00779	0.00240	0.00961	0.00695	0.00398	0.04617
61	0.02091	0.02215	0.02929	0.13363	0.32890	0.15636	0.08555	0.02686	0.07256	0.02431	0.01583	0.01978	0.01272	0.00769	0.00789	0.00239	0.01073	0.00706	0.00426	0.01113
62	0.01764	0.01732	0.03123	0.17411	0.16826	0.01730	0.22893	0.05225	0.01832	0.02521	0.01765	0.07882	0.01527	0.00860	0.00835	0.00247	0.01016	0.00888	0.00444	0.09477
63	0.01676	0.01583	0.02386	0.53809	0.11047	0.05043	0.02078	0.05231	0.01728	0.02205	0.01484	0.02197	0.01174	0.04072	0.00937	0.00280	0.01041	0.00717	0.00387	0.00925
64	0.02203	0.02506	0.02624	0.26138	0.15764	0.29102	0.05772	0.02598	0.01913	0.02129	0.01362	0.01809	0.01089	0.00779	0.00768	0.00235	0.01204	0.00640	0.00386	0.00979
65	0.01697	0.01616	0.02473	0.55856	0.12529	0.04900	0.02164	0.05276	0.01750	0.02239	0.01436	0.02054	0.01094	0.00792	0.00788	0.00257	0.01051	0.00696	0.00382	0.00951
66	0.09429	0.01829	0.02713	0.23130	0.38923	0.05941	0.02155	0.02351	0.01724	0.02485	0.01413	0.01907	0.01145	0.00741	0.00754	0.00243	0.00972	0.00666	0.00392	0.01088
67	0.05084	0.01614	0.02569	0.43064	0.22982	0.01851	0.02158	0.06873	0.01801	0.02481	0.01457	0.02018	0.01128	0.00777	0.00777	0.00253	0.00990	0.00694	0.00403	0.01024
68	0.15753	0.01568	0.02416	0.39326	0.16255	0.01826	0.04696	0.02178	0.01581	0.02435	0.01362	0.01918	0.01064	0.00784	0.00814	0.00259	0.03759	0.00664	0.00388	0.00956
69	0.05260	0.01724	0.03148	0.27561	0.15422	0.01801	0.21740	0.02459	0.01773	0.08954	0.01645	0.02118	0.01221	0.00755	0.00824	0.00257	0.01067	0.00775	0.00444	0.01053

[dist]
# distance from previous block
# <min> <max>
6	40

[block]
# block no. 6 follows, 24 sequences, length 28
# corresponding to MSA columns:
# 307-334
name=unknown_G
#
# <colnr> <probs for GDERKNQSTAVLIFYWHMCP>
#	G	D	E	R	K	N	Q	S	T	A	V	L	I	F	Y	W	H	M	C	P
0	0.09054	0.35028	0.24563	0.01653	0.02470	0.02421	0.01822	0.05955	0.01768	0.06736	0.01385	0.01534	0.01079	0.00743	0.00622	0.00212	0.00923	0.00518	0.00419	0.01094
1	0.01622	0.08143	0.64255	0.02207	0.03350	0.01918	0.02837	0.02503	0.01670	0.02473	0.01404	0.01650	0.01005	0.00749	0.00739	0.00246	0.01153	0.00576	0.00335	0.01163
2	0.01333	0.00995	0.01249	0.01280	0.05192	0.00955	0.00894	0.01882	0.09471	0.05721	0.38393	0.08020	0.18369	0.01588	0.00909	0.00257	0.00459	0.01381	0.00809	0.00843
3	0.01134	0.00845	0.01252	0.01252	0.01386	0.00979	0.00963	0.01401	0.01268	0.01824	0.02145	0.03230	0.02032	0.09611	0.65393	0.01246	0.02049	0.00866	0.00428	0.00695
4	0.01735	0.01746	0.02356	0.06515	0.02282	0.04940	0.01717	0.01939	0.01283	0.01914	0.01131	0.01823	0.01092	0.01574	0.06016	0.00386	0.59637	0.00696	0.00354	0.00862
5	0.01644	0.01409	0.01644	0.01175	0.01879	0.01057	0.00940	0.01997	0.01644	0.02584	0.01409	0.01644	0.01175	0.00587	0.00587	0.00117	0.00587	0.00470	0.00470	0.76979
6	0.01122	0.00811	0.01060	0.00998	0.01185	0.00748	0.00748	0.01496	0.02245	0.03180	0.66766	0.05923	0.07482	0.01621	0.00935	0.00249	0.00374	0.01434	0.00873	0.00748
7	0.01830	0.01884	0.03658	0.07123	0.22043	0.01846	0.34415	0.02483	0.05198	0.02566	0.01800	0.04935	0.01472	0.00791	0.00864	0.00257	0.01093	0.00899	0.03752	0.01092
8	0.01461	0.00745	0.00766	0.00766	0.00949	0.00752	0.00576	0.01826	0.01644	0.02901	0.02564	0.02964	0.02030	0.01175	0.03980	0.00239	0.00457	0.00745	0.72724	0.00738
9	0.02696	0.01938	0.02108	0.01703	0.02268	0.02142	0.01379	0.36063	0.26030	0.11245	0.02517	0.02373	0.01804	0.01000	0.00799	0.00250	0.00762	0.00789	0.00819	0.01315
10	0.01609	0.03973	0.63859	0.02331	0.03479	0.01852	0.06964	0.02513	0.01687	0.02513	0.01435	0.01705	0.01018	0.00748	0.00765	0.00252	0.01183	0.00609	0.00339	0.01165
11	0.01478	0.00739	0.00739	0.00739	0.00924	0.00739	0.00554	0.01848	0.01663	0.02956	0.02587	0.02956	0.02033	0.00924	0.00554	0.00185	0.00370	0.00739	0.76534	0.00739
12	0.02938	0.02096	0.02268	0.01750	0.02348	0.02300	0.01433	0.57945	0.03511	0.07959	0.01999	0.02128	0.01465	0.04933	0.00975	0.00268	0.00857	0.00743	0.00785	0.01300
13	0.01972	0.01703	0.01793	0.01614	0.02062	0.01972	0.01255	0.04214	0.65752	0.03317	0.03228	0.02959	0.02421	0.01076	0.00807	0.00269	0.00628	0.00897	0.00807	0.01255
14	0.01590	0.04102	0.68023	0.02260	0.03432	0.01842	0.02930	0.02511	0.01674	0.02511	0.01423	0.01674	0.01005	0.00753	0.00753	0.00251	0.01172	0.00586	0.00335	0.01172
15	0.01122	0.00811	0.01060	0.00998	0.01185	0.00748	0.00748	0.01496	0.02245	0.03180	0.66766	0.05923	0.07482	0.01621	0.00935	0.00249	0.00374	0.01434	0.00873	0.00748
16	0.03558	0.01350	0.01840	0.01411	0.02024	0.01166	0.01166	0.03865	0.02270	0.67734	0.03128	0.02699	0.01963	0.00981	0.00797	0.00245	0.00675	0.00797	0.00981	0.01350
17	0.01122	0.00811	0.01060	0.00998	0.01185	0.00748	0.00748	0.01496	0.02245	0.03180	0.66766	0.05923	0.07482	0.01621	0.00935	0.00249	0.00374	0.01434	0.00873	0.00748
18	0.01099	0.00764	0.00927	0.00967	0.01009	0.00765	0.00609	0.01176	0.01283	0.01715	0.03149	0.19444	0.06667	0.44706	0.11672	0.00711	0.00859	0.01380	0.00542	0.00556
19	0.02120	0.72609	0.04155	0.01357	0.02035	0.03138	0.01357	0.02374	0.01611	0.01866	0.01102	0.01272	0.01018	0.00678	0.00509	0.00170	0.00848	0.00424	0.00339	0.01018
20	0.01963	0.01884	0.03219	0.04867	0.67185	0.01884	0.02434	0.02434	0.01806	0.02591	0.01492	0.01963	0.01256	0.00707	0.00785	0.00236	0.00942	0.00707	0.00393	0.01256
21	0.02070	0.66093	0.10230	0.01443	0.02168	0.03014	0.01506	0.02388	0.01617	0.01927	0.01133	0.01310	0.01016	0.00686	0.00532	0.00177	0.00879	0.00439	0.00339	0.01032
22	0.01647	0.11454	0.61168	0.02163	0.03282	0.01981	0.02761	0.02497	0.01667	0.02442	0.01389	0.01631	0.01006	0.00745	0.00727	0.00242	0.01137	0.00569	0.00335	0.01155
23	0.01122	0.00811	0.01060	0.00998	0.01185	0.00748	0.00748	0.01496	0.02245	0.03180	0.66766	0.05923	0.07482	0.01621	0.00935	0.00249	0.00374	0.01434	0.00873	0.00748
24	0.01133	0.00850	0.01274	0.01274	0.01416	0.00991	0.00991	0.01416	0.01274	0.01841	0.02124	0.03115	0.01982	0.05947	0.68989	0.01274	0.02124	0.00850	0.00425	0.00708
25	0.01735	0.01735	0.02429	0.02082	0.02082	0.02429	0.01735	0.01908	0.01214	0.01908	0.01041	0.01735	0.01041	0.01388	0.02602	0.00347	0.70680	0.00694	0.00347	0.00867
26	0.01153	0.00769	0.00865	0.00865	0.00865	0.00769	0.00480	0.01153	0.01153	0.01538	0.02499	0.05189	0.02883	0.72131	0.04036	0.00769	0.00769	0.01153	0.00480	0.00480
