[name]
unknown

[dist]
# distance from previous block
# <min> <max>
0	0

[block]
# block no. 0 follows, 24 sequences, length 9
# corresponding to MSA columns:
# 0-8
name=unknown_A
#
# <colnr> <probs for GDERKNQSTAVLIFYWHMCP>
#	G	D	E	R	K	N	Q	S	T	A	V	L	I	F	Y	W	H	M	C	P
0	0.01278	0.00913	0.01278	0.01460	0.01643	0.00913	0.01278	0.01643	0.01825	0.02373	0.04199	0.08945	0.04564	0.02191	0.01095	0.00365	0.00730	0.61847	0.00730	0.00730
1	0.03558	0.01350	0.01840	0.01411	0.02024	0.01166	0.01166	0.03865	0.02270	0.67734	0.03128	0.02699	0.01963	0.00981	0.00797	0.00245	0.00675	0.00797	0.00981	0.01350
2	0.07379	0.02465	0.02242	0.01809	0.02376	0.15997	0.01457	0.44316	0.07356	0.04176	0.01804	0.01839	0.01323	0.00920	0.00760	0.00234	0.00955	0.00667	0.00697	0.01225
3	0.01207	0.00689	0.00986	0.01062	0.01082	0.00670	0.00708	0.01062	0.01234	0.01645	0.02616	0.31037	0.02977	0.02643	0.02236	0.45239	0.00594	0.01336	0.00506	0.00468
4	0.01478	0.00739	0.00739	0.00739	0.00924	0.00739	0.00554	0.01848	0.01663	0.02956	0.02587	0.02956	0.02033	0.00924	0.00554	0.00185	0.00370	0.00739	0.76534	0.00739
5	0.01764	0.00958	0.01233	0.01079	0.01398	0.00850	0.00839	0.02090	0.02179	0.20822	0.39448	0.05317	0.15823	0.01509	0.00898	0.00251	0.00462	0.01298	0.00880	0.00901
6	0.01655	0.01494	0.02379	0.63120	0.05150	0.01834	0.02130	0.08520	0.01808	0.02335	0.01461	0.02092	0.01087	0.00809	0.00793	0.00262	0.01038	0.00706	0.00398	0.00929
7	0.03491	0.01457	0.01907	0.01462	0.02078	0.01324	0.01207	0.11315	0.02449	0.60031	0.02978	0.02601	0.01888	0.00978	0.00797	0.00244	0.00699	0.00787	0.00958	0.01349
8	0.01298	0.00834	0.01074	0.01039	0.01244	0.00756	0.00769	0.01593	0.02033	0.08953	0.39935	0.20698	0.13146	0.01800	0.00940	0.00268	0.00425	0.01586	0.00837	0.00773

[dist]
# distance from previous block
# <min> <max>
1	5

[block]
# block no. 1 follows, 24 sequences, length 27
# corresponding to MSA columns:
# 14-40
name=unknown_B
#
# <colnr> <probs for GDERKNQSTAVLIFYWHMCP>
#	G	D	E	R	K	N	Q	S	T	A	V	L	I	F	Y	W	H	M	C	P
0	0.01081	0.00819	0.01086	0.06684	0.01527	0.00794	0.00873	0.01334	0.01765	0.02351	0.20909	0.31201	0.14283	0.05191	0.01108	0.00314	0.00514	0.06743	0.00729	0.00694
1	0.07173	0.00866	0.01056	0.01033	0.01239	0.00820	0.00764	0.01565	0.01970	0.06243	0.38903	0.21072	0.10835	0.01753	0.00912	0.00268	0.00431	0.01535	0.00806	0.00758
2	0.10908	0.01345	0.01691	0.01365	0.01905	0.01254	0.01106	0.03510	0.07450	0.50305	0.03028	0.08191	0.02154	0.01086	0.00784	0.00254	0.00647	0.00886	0.00896	0.01233
3	0.02732	0.02054	0.02296	0.01968	0.06804	0.02255	0.01499	0.52416	0.06397	0.04519	0.02131	0.07395	0.01697	0.01060	0.00810	0.00246	0.00833	0.00842	0.00762	0.01283
4	0.01717	0.01459	0.01747	0.06600	0.02194	0.01198	0.01073	0.05853	0.01768	0.02689	0.01440	0.01697	0.01176	0.00626	0.00616	0.00136	0.00641	0.00503	0.00481	0.66384
5	0.06089	0.01733	0.01922	0.01535	0.02090	0.06788	0.01242	0.20035	0.02571	0.38046	0.02661	0.07545	0.01927	0.01065	0.00794	0.00246	0.00769	0.00848	0.00848	0.01243
6	0.01208	0.00761	0.01000	0.01097	0.01196	0.00707	0.00746	0.01365	0.01600	0.07421	0.08948	0.54224	0.04915	0.09268	0.01291	0.00355	0.00502	0.01961	0.00741	0.00693
7	0.01429	0.01119	0.01373	0.01431	0.06564	0.01113	0.00994	0.09024	0.06864	0.02903	0.24086	0.10705	0.19036	0.04692	0.01049	0.00288	0.00549	0.05172	0.00753	0.00857
8	0.01498	0.01409	0.02378	0.70226	0.05462	0.01762	0.02202	0.02026	0.01586	0.02026	0.01409	0.02114	0.01057	0.00793	0.00793	0.00264	0.01057	0.00705	0.00352	0.00881
9	0.06429	0.01338	0.01750	0.04679	0.02083	0.01253	0.01168	0.05608	0.05470	0.48392	0.05530	0.08094	0.02345	0.01108	0.00806	0.00253	0.00666	0.00917	0.00890	0.01221
10	0.02584	0.01989	0.02142	0.01685	0.02287	0.02150	0.01370	0.41985	0.17503	0.04274	0.02134	0.02106	0.01567	0.00928	0.00767	0.00228	0.00777	0.00721	0.00750	0.12054
11	0.01628	0.01457	0.02005	0.01459	0.02131	0.01157	0.09529	0.02015	0.01693	0.02578	0.04044	0.04701	0.01583	0.00714	0.00665	0.00151	0.00676	0.00642	0.00487	0.60684
12	0.01498	0.01409	0.02378	0.70226	0.05462	0.01762	0.02202	0.02026	0.01586	0.02026	0.01409	0.02114	0.01057	0.00793	0.00793	0.00264	0.01057	0.00705	0.00352	0.00881
13	0.01089	0.00869	0.01345	0.06673	0.01727	0.00849	0.06137	0.01297	0.01541	0.02052	0.03849	0.58277	0.04506	0.04434	0.01086	0.00327	0.00590	0.01988	0.00670	0.00693
14	0.00966	0.00690	0.00920	0.01104	0.01150	0.00644	0.00736	0.01104	0.01518	0.02024	0.04371	0.71614	0.05245	0.02484	0.01012	0.00322	0.00460	0.02254	0.00736	0.00644
15	0.01478	0.00739	0.00739	0.00739	0.00924	0.00739	0.00554	0.01848	0.01663	0.02956	0.02587	0.02956	0.02033	0.00924	0.00554	0.00185	0.00370	0.00739	0.76534	0.00739
16	0.02028	0.01711	0.01819	0.01624	0.02076	0.01965	0.01277	0.09122	0.57681	0.03414	0.03161	0.03143	0.02429	0.01116	0.00819	0.00271	0.00653	0.03651	0.00802	0.01239
17	0.03558	0.01350	0.01840	0.01411	0.02024	0.01166	0.01166	0.03865	0.02270	0.67734	0.03128	0.02699	0.01963	0.00981	0.00797	0.00245	0.00675	0.00797	0.00981	0.01350
18	0.02801	0.01756	0.01988	0.01693	0.02218	0.01820	0.01323	0.08313	0.37138	0.25943	0.03257	0.03059	0.02354	0.01174	0.00894	0.00299	0.00737	0.00910	0.00929	0.01394
19	0.01864	0.02118	0.04561	0.03276	0.04036	0.02028	0.61020	0.02507	0.01837	0.02507	0.01575	0.02118	0.01195	0.00706	0.01023	0.00272	0.04977	0.00923	0.00398	0.01059
20	0.01848	0.02093	0.04533	0.07579	0.04228	0.01990	0.60371	0.02508	0.01854	0.02508	0.01592	0.02137	0.01194	0.00676	0.00927	0.00267	0.01319	0.00921	0.00398	0.01058
21	0.02066	0.01810	0.03051	0.08720	0.57847	0.01817	0.02313	0.02527	0.01830	0.07981	0.01623	0.02034	0.01302	0.00735	0.00787	0.00238	0.00927	0.00714	0.00439	0.01240
22	0.02912	0.03095	0.02361	0.02160	0.06920	0.40683	0.01585	0.24936	0.02743	0.03072	0.01485	0.01635	0.01154	0.00857	0.00748	0.00218	0.01198	0.00596	0.00544	0.01095
23	0.46169	0.06671	0.01732	0.07005	0.02099	0.07096	0.01138	0.09579	0.01755	0.03285	0.01254	0.01464	0.00979	0.00757	0.00577	0.00228	0.00758	0.00494	0.00496	0.06463
24	0.22067	0.02125	0.09290	0.01908	0.02434	0.07468	0.12219	0.02310	0.01559	0.02618	0.01262	0.01641	0.01034	0.00863	0.01117	0.00252	0.17102	0.00607	0.00416	0.11710
25	0.31421	0.07596	0.04440	0.12978	0.02581	0.01900	0.03822	0.06853	0.08697	0.10224	0.01694	0.01851	0.01248	0.00817	0.00659	0.00245	0.00782	0.00611	0.00554	0.01026
26	0.16145	0.06854	0.04563	0.01563	0.02194	0.02100	0.01341	0.33655	0.04792	0.09366	0.01785	0.01817	0.01295	0.00858	0.00699	0.00225	0.00783	0.00627	0.00675	0.08664

[dist]
# distance from previous block
# <min> <max>
3	15

[block]
# block no. 2 follows, 24 sequences, length 6
# corresponding to MSA columns:
# 56-61
name=unknown_C
#
# <colnr> <probs for GDERKNQSTAVLIFYWHMCP>
#	G	D	E	R	K	N	Q	S	T	A	V	L	I	F	Y	W	H	M	C	P
0	0.01880	0.02497	0.14550	0.02528	0.03285	0.10499	0.32281	0.02453	0.01832	0.02435	0.01648	0.05766	0.01366	0.00791	0.00826	0.00236	0.01156	0.00822	0.00420	0.12725
1	0.10895	0.02449	0.02516	0.02006	0.02579	0.19465	0.12164	0.22426	0.08696	0.03352	0.01694	0.01844	0.01281	0.00840	0.00756	0.00233	0.01032	0.00675	0.00579	0.04519
2	0.05982	0.01688	0.01899	0.01518	0.02098	0.01733	0.01226	0.18763	0.20901	0.19906	0.02481	0.02341	0.01764	0.00926	0.00751	0.00230	0.00694	0.00736	0.00779	0.13583
3	0.02987	0.01310	0.01721	0.01356	0.01908	0.01165	0.01102	0.03453	0.07070	0.49894	0.11329	0.03067	0.02664	0.01045	0.00802	0.00239	0.00626	0.00866	0.00919	0.06477
4	0.01975	0.09655	0.51054	0.02035	0.03068	0.01840	0.02489	0.02731	0.01771	0.13642	0.01687	0.01815	0.01170	0.00786	0.00739	0.00243	0.01058	0.00608	0.00446	0.01189
5	0.02037	0.02299	0.14146	0.03844	0.44217	0.01957	0.02333	0.10657	0.05549	0.02931	0.01629	0.01960	0.01289	0.00767	0.00782	0.00240	0.00955	0.00697	0.00458	0.01254

[dist]
# distance from previous block
# <min> <max>
0	1

[block]
# block no. 3 follows, 24 sequences, length 73
# corresponding to MSA columns:
# 63-135
name=unknown_D
#
# <colnr> <probs for GDERKNQSTAVLIFYWHMCP>
#	G	D	E	R	K	N	Q	S	T	A	V	L	I	F	Y	W	H	M	C	P
0	0.01146	0.00792	0.01092	0.01156	0.01259	0.00739	0.03131	0.01294	0.01524	0.04991	0.04079	0.53398	0.07076	0.12635	0.01444	0.00380	0.00547	0.01951	0.00697	0.00669
1	0.01866	0.01194	0.01633	0.01489	0.01837	0.01181	0.05373	0.02561	0.14540	0.16646	0.06916	0.17851	0.06152	0.01626	0.00933	0.00296	0.00656	0.15492	0.00786	0.00973
2	0.01724	0.03915	0.63526	0.02202	0.03336	0.01796	0.02810	0.02603	0.01715	0.06943	0.01539	0.01744	0.01070	0.00769	0.00756	0.00251	0.01138	0.00600	0.00379	0.01184
3	0.01590	0.04102	0.68023	0.02260	0.03432	0.01842	0.02930	0.02511	0.01674	0.02511	0.01423	0.01674	0.01005	0.00753	0.00753	0.00251	0.01172	0.00586	0.00335	0.01172
4	0.01963	0.01884	0.03219	0.04867	0.67185	0.01884	0.02434	0.02434	0.01806	0.02591	0.01492	0.01963	0.01256	0.00707	0.00785	0.00236	0.00942	0.00707	0.00393	0.01256
5	0.07047	0.01545	0.01685	0.01443	0.01899	0.01678	0.01144	0.12920	0.30446	0.12735	0.10374	0.03176	0.05189	0.01115	0.00793	0.00254	0.00623	0.00910	0.03869	0.01155
6	0.01879	0.02117	0.04554	0.03473	0.09537	0.01995	0.59012	0.02531	0.01866	0.02544	0.01595	0.02124	0.01208	0.00672	0.00923	0.00265	0.01303	0.00916	0.00400	0.01085
7	0.00966	0.00690	0.00920	0.01104	0.01150	0.00644	0.00736	0.01104	0.01518	0.02024	0.04371	0.71614	0.05245	0.02484	0.01012	0.00322	0.00460	0.02254	0.00736	0.00644
8	0.04709	0.03997	0.65285	0.02210	0.03354	0.01839	0.02845	0.02504	0.01661	0.02554	0.01410	0.01658	0.00999	0.00753	0.00743	0.00251	0.01149	0.00580	0.00341	0.01159
9	0.05569	0.10973	0.54924	0.02074	0.03127	0.01979	0.02583	0.02566	0.04591	0.02535	0.01456	0.01672	0.01063	0.00760	0.00717	0.00243	0.01085	0.00575	0.00365	0.01144
10	0.01872	0.02139	0.04679	0.03342	0.04144	0.02005	0.64305	0.02540	0.01872	0.02540	0.01604	0.02139	0.01203	0.00668	0.00936	0.00267	0.01337	0.00936	0.00401	0.01070
11	0.00995	0.00712	0.00946	0.01085	0.01156	0.00663	0.00738	0.01176	0.01651	0.02235	0.15749	0.59635	0.05653	0.02327	0.00998	0.00309	0.00444	0.02105	0.00761	0.00663
12	0.01912	0.01823	0.03101	0.04674	0.63798	0.01821	0.02347	0.02365	0.01791	0.02562	0.01639	0.05535	0.01461	0.00798	0.00797	0.00240	0.00917	0.00786	0.00410	0.01225
13	0.01840	0.34779	0.36794	0.01898	0.02834	0.02430	0.04699	0.02451	0.01654	0.02223	0.01286	0.01512	0.01018	0.00716	0.00651	0.00215	0.01033	0.00527	0.00339	0.01099
14	0.01164	0.00848	0.01133	0.01268	0.01436	0.00817	0.01042	0.01468	0.01810	0.02365	0.11164	0.19998	0.12473	0.02164	0.01044	0.00334	0.00604	0.37413	0.00747	0.00709
15	0.01972	0.01703	0.01793	0.01614	0.02062	0.01972	0.01255	0.04214	0.65752	0.03317	0.03228	0.02959	0.02421	0.01076	0.00807	0.00269	0.00628	0.00897	0.00807	0.01255
16	0.01900	0.44127	0.30708	0.01732	0.02616	0.02599	0.02011	0.02431	0.01637	0.02134	0.01236	0.01439	0.01012	0.00710	0.00611	0.00204	0.00983	0.00491	0.00337	0.01082
17	0.01963	0.01884	0.03219	0.04867	0.67185	0.01884	0.02434	0.02434	0.01806	0.02591	0.01492	0.01963	0.01256	0.00707	0.00785	0.00236	0.00942	0.00707	0.00393	0.01256
18	0.01133	0.00850	0.01274	0.01274	0.01416	0.00991	0.00991	0.01416	0.01274	0.01841	0.02124	0.03115	0.01982	0.05947	0.68989	0.01274	0.02124	0.00850	0.00425	0.00708
19	0.01963	0.01873	0.03128	0.04659	0.63021	0.01890	0.02358	0.02547	0.05894	0.02637	0.01603	0.02026	0.01331	0.00730	0.00786	0.00238	0.00922	0.00719	0.00419	0.01256
20	0.01498	0.01409	0.02378	0.70226	0.05462	0.01762	0.02202	0.02026	0.01586	0.02026	0.01409	0.02114	0.01057	0.00793	0.00793	0.00264	0.01057	0.00705	0.00352	0.00881
21	0.03523	0.01405	0.01875	0.01437	0.02052	0.01248	0.01187	0.07744	0.02363	0.63723	0.03050	0.02648	0.01924	0.00980	0.00797	0.00245	0.00687	0.00792	0.00969	0.01349
22	0.00966	0.00690	0.00920	0.01104	0.01150	0.00644	0.00736	0.01104	0.01518	0.02024	0.04371	0.71614	0.05245	0.02484	0.01012	0.00322	0.00460	0.02254	0.00736	0.00644
23	0.03558	0.01350	0.01840	0.01411	0.02024	0.01166	0.01166	0.03865	0.02270	0.67734	0.03128	0.02699	0.01963	0.00981	0.00797	0.00245	0.00675	0.00797	0.00981	0.01350
24	0.02120	0.72609	0.04155	0.01357	0.02035	0.03138	0.01357	0.02374	0.01611	0.01866	0.01102	0.01272	0.01018	0.00678	0.00509	0.00170	0.00848	0.00424	0.00339	0.01018
25	0.01928	0.01653	0.01760	0.01604	0.02035	0.01905	0.01257	0.04049	0.61665	0.03257	0.03290	0.03341	0.02558	0.01147	0.00825	0.00275	0.00634	0.04794	0.00802	0.01222
26	0.01590	0.04102	0.68023	0.02260	0.03432	0.01842	0.02930	0.02511	0.01674	0.02511	0.01423	0.01674	0.01005	0.00753	0.00753	0.00251	0.01172	0.00586	0.00335	0.01172
27	0.02962	0.03779	0.02247	0.02043	0.02451	0.68948	0.01532	0.03166	0.02247	0.01941	0.01226	0.01430	0.01021	0.00817	0.00715	0.00204	0.01430	0.00511	0.00409	0.00919
28	0.00964	0.00699	0.00911	0.01079	0.01144	0.00646	0.00725	0.01107	0.01542	0.02034	0.04672	0.66345	0.10319	0.02445	0.01006	0.00318	0.00455	0.02207	0.00736	0.00646
29	0.01498	0.01409	0.02378	0.70226	0.05462	0.01762	0.02202	0.02026	0.01586	0.02026	0.01409	0.02114	0.01057	0.00793	0.00793	0.00264	0.01057	0.00705	0.00352	0.00881
30	0.01881	0.01759	0.02549	0.07753	0.02853	0.01923	0.17200	0.03514	0.41933	0.02979	0.02704	0.02907	0.02081	0.00992	0.00849	0.00272	0.00846	0.03184	0.00664	0.01158
31	0.01498	0.01409	0.02378	0.70226	0.05462	0.01762	0.02202	0.02026	0.01586	0.02026	0.01409	0.02114	0.01057	0.00793	0.00793	0.00264	0.01057	0.00705	0.00352	0.00881
32	0.02924	0.02176	0.02329	0.01806	0.02425	0.02417	0.01485	0.59282	0.09135	0.04851	0.02019	0.01996	0.01442	0.00963	0.00794	0.00241	0.00851	0.00730	0.00794	0.01340
33	0.01828	0.02166	0.07533	0.03283	0.07230	0.01939	0.55737	0.02479	0.01845	0.02522	0.01695	0.04751	0.01350	0.00744	0.00922	0.00267	0.01275	0.00957	0.00410	0.01068
34	0.01868	0.01787	0.03047	0.18219	0.54575	0.01859	0.02386	0.02350	0.01761	0.02475	0.01475	0.01994	0.01215	0.00724	0.00787	0.00241	0.00966	0.00706	0.00384	0.01179
35	0.01262	0.00902	0.01260	0.01443	0.01618	0.00899	0.01251	0.01616	0.01810	0.02356	0.04207	0.12079	0.04598	0.02205	0.01091	0.00363	0.00717	0.58868	0.00730	0.00726
36	0.01066	0.00820	0.00982	0.00976	0.01195	0.00736	0.00754	0.01368	0.02013	0.02653	0.34828	0.07002	0.31509	0.01851	0.00956	0.00271	0.00430	0.09076	0.00799	0.00714
37	0.01738	0.20623	0.48192	0.02114	0.03141	0.02168	0.06717	0.02480	0.01672	0.02356	0.01357	0.01608	0.01021	0.00729	0.00706	0.00232	0.01104	0.00570	0.00340	0.01127
38	0.02020	0.59625	0.16259	0.01528	0.02300	0.02892	0.01655	0.02400	0.01623	0.01988	0.01163	0.01348	0.01015	0.00693	0.00555	0.00185	0.00909	0.00455	0.00338	0.01047
39	0.03558	0.01350	0.01840	0.01411	0.02024	0.01166	0.01166	0.03865	0.02270	0.67734	0.03128	0.02699	0.01963	0.00981	0.00797	0.00245	0.00675	0.00797	0.00981	0.01350
40	0.01963	0.01884	0.03219	0.04867	0.67185	0.01884	0.02434	0.02434	0.01806	0.02591	0.01492	0.01963	0.01256	0.00707	0.00785	0.00236	0.00942	0.00707	0.00393	0.01256
41	0.01046	0.00778	0.01086	0.01363	0.05398	0.00737	0.00873	0.01217	0.01552	0.02078	0.04178	0.63931	0.04955	0.02356	0.01002	0.00319	0.00505	0.05226	0.00714	0.00688
42	0.01133	0.00850	0.01274	0.01274	0.01416	0.00991	0.00991	0.01416	0.01274	0.01841	0.02124	0.03115	0.01982	0.05947	0.68989	0.01274	0.02124	0.00850	0.00425	0.00708
43	0.77733	0.01534	0.01166	0.01043	0.01534	0.01779	0.00859	0.02331	0.01350	0.03558	0.01104	0.01288	0.00859	0.00736	0.00491	0.00245	0.00613	0.00429	0.00491	0.00859
44	0.00949	0.00804	0.00820	0.00816	0.01078	0.00674	0.00612	0.01161	0.01835	0.02209	0.11788	0.07522	0.63066	0.01984	0.00937	0.00267	0.00400	0.01658	0.00745	0.00674
45	0.01865	0.02120	0.04576	0.03284	0.04050	0.02025	0.61434	0.02511	0.01842	0.02511	0.01578	0.02120	0.01196	0.00701	0.01012	0.00271	0.04518	0.00925	0.00399	0.01060
46	0.63490	0.01665	0.01397	0.01192	0.01710	0.01909	0.00982	0.14190	0.01803	0.03832	0.01257	0.01406	0.00952	0.00777	0.00548	0.00244	0.00663	0.00484	0.00548	0.00952
47	0.01144	0.00765	0.00868	0.00876	0.00879	0.00763	0.00493	0.01151	0.01171	0.01561	0.02589	0.08410	0.02997	0.68754	0.03889	0.00747	0.00754	0.01207	0.00493	0.00488
48	0.01478	0.00739	0.00739	0.00739	0.00924	0.00739	0.00554	0.01848	0.01663	0.02956	0.02587	0.02956	0.02033	0.00924	0.00554	0.00185	0.00370	0.00739	0.76534	0.00739
49	0.01937	0.02035	0.07622	0.04690	0.62853	0.01881	0.02467	0.02439	0.01797	0.02585	0.01487	0.01943	0.01239	0.00710	0.00783	0.00237	0.00958	0.00698	0.00389	0.01250
50	0.02120	0.72609	0.04155	0.01357	0.02035	0.03138	0.01357	0.02374	0.01611	0.01866	0.01102	0.01272	0.01018	0.00678	0.00509	0.00170	0.00848	0.00424	0.00339	0.01018
51	0.00966	0.00690	0.00920	0.01104	0.01150	0.00644	0.00736	0.01104	0.01518	0.02024	0.04371	0.71614	0.05245	0.02484	0.01012	0.00322	0.00460	0.02254	0.00736	0.00644
52	0.00966	0.00690	0.00920	0.01104	0.01150	0.00644	0.00736	0.01104	0.01518	0.02024	0.04371	0.71614	0.05245	0.02484	0.01012	0.00322	0.00460	0.02254	0.00736	0.00644
53	0.01616	0.07424	0.64926	0.02216	0.03364	0.01904	0.02854	0.02505	0.01671	0.02480	0.01408	0.01655	0.01005	0.00750	0.00742	0.00247	0.01156	0.00578	0.00335	0.01164
54	0.01122	0.00811	0.01060	0.00998	0.01185	0.00748	0.00748	0.01496	0.02245	0.03180	0.66766	0.05923	0.07482	0.01621	0.00935	0.00249	0.00374	0.01434	0.00873	0.00748
55	0.03558	0.01350	0.01840	0.01411	0.02024	0.01166	0.01166	0.03865	0.02270	0.67734	0.03128	0.02699	0.01963	0.00981	0.00797	0.00245	0.00675	0.00797	0.00981	0.01350
56	0.02120	0.72609	0.04155	0.01357	0.02035	0.03138	0.01357	0.02374	0.01611	0.01866	0.01102	0.01272	0.01018	0.00678	0.00509	0.00170	0.00848	0.00424	0.00339	0.01018
57	0.00946	0.00804	0.00816	0.00813	0.01077	0.00673	0.00610	0.01156	0.01829	0.02194	0.10970	0.07546	0.63894	0.01989	0.00937	0.00267	0.00400	0.01662	0.00743	0.00673
58	0.00966	0.00690	0.00920	0.01104	0.01150	0.00644	0.00736	0.01104	0.01518	0.02024	0.04371	0.71614	0.05245	0.02484	0.01012	0.00322	0.00460	0.02254	0.00736	0.00644
59	0.01590	0.04102	0.68023	0.02260	0.03432	0.01842	0.02930	0.02511	0.01674	0.02511	0.01423	0.01674	0.01005	0.00753	0.00753	0.00251	0.01172	0.00586	0.00335	0.01172
60	0.01963	0.01884	0.03219	0.04867	0.67185	0.01884	0.02434	0.02434	0.01806	0.02591	0.01492	0.01963	0.01256	0.00707	0.00785	0.00236	0.00942	0.00707	0.00393	0.01256
61	0.03558	0.01350	0.01840	0.01411	0.02024	0.01166	0.01166	0.03865	0.02270	0.67734	0.03128	0.02699	0.01963	0.00981	0.00797	0.00245	0.00675	0.00797	0.00981	0.01350
62	0.01894	0.01627	0.01832	0.01818	0.06440	0.01848	0.01338	0.03806	0.54276	0.03163	0.03218	0.03559	0.02581	0.01175	0.00838	0.00277	0.00660	0.07684	0.00770	0.01197
63	0.01584	0.03888	0.62668	0.02257	0.03375	0.01806	0.05487	0.02473	0.01705	0.02539	0.03994	0.01861	0.01267	0.00784	0.00768	0.00252	0.01148	0.00634	0.00359	0.01151
64	0.02935	0.02145	0.02295	0.01769	0.02380	0.02371	0.01458	0.61310	0.03622	0.04892	0.01939	0.01958	0.01384	0.00950	0.00781	0.00235	0.00847	0.00715	0.04696	0.01317
65	0.01122	0.00811	0.01060	0.00998	0.01185	0.00748	0.00748	0.01496	0.02245	0.03180	0.66766	0.05923	0.07482	0.01621	0.00935	0.00249	0.00374	0.01434	0.00873	0.00748
66	0.01644	0.01409	0.01644	0.01175	0.01879	0.01057	0.00940	0.01997	0.01644	0.02584	0.01409	0.01644	0.01175	0.00587	0.00587	0.00117	0.00587	0.00470	0.00470	0.76979
67	0.01937	0.02035	0.07622	0.04690	0.62853	0.01881	0.02467	0.02439	0.01797	0.02585	0.01487	0.01943	0.01239	0.00710	0.00783	0.00237	0.00958	0.00698	0.00389	0.01250
68	0.06893	0.03598	0.54869	0.02083	0.03123	0.01814	0.02567	0.02703	0.06812	0.05908	0.01631	0.01802	0.01156	0.00789	0.00742	0.00252	0.01066	0.00611	0.00416	0.01166
69	0.01692	0.03960	0.64613	0.02216	0.03360	0.01807	0.02839	0.02581	0.01705	0.05872	0.01511	0.01727	0.01054	0.00765	0.00756	0.00251	0.01146	0.00597	0.00368	0.01181
70	0.01108	0.00810	0.01039	0.00982	0.01176	0.00742	0.00737	0.01468	0.02210	0.03097	0.62065	0.06060	0.12236	0.01652	0.00935	0.00251	0.00376	0.01453	0.00862	0.00742
71	0.02217	0.01825	0.01931	0.01663	0.02155	0.02086	0.01314	0.18347	0.51221	0.03711	0.02917	0.02711	0.02169	0.01047	0.00804	0.00262	0.00685	0.00854	0.00804	0.01277
72	0.05936	0.05792	0.02300	0.01715	0.02316	0.07494	0.01409	0.42741	0.07659	0.08952	0.01943	0.01933	0.01401	0.00915	0.00753	0.00230	0.00861	0.00681	0.00730	0.04238

[dist]
# distance from previous block
# <min> <max>
0	1

[block]
# block no. 4 follows, 24 sequences, length 34
# corresponding to MSA columns:
# 137-170
name=unknown_E
#
# <colnr> <probs for GDERKNQSTAVLIFYWHMCP>
#	G	D	E	R	K	N	Q	S	T	A	V	L	I	F	Y	W	H	M	C	P
0	0.02037	0.02417	0.17406	0.03079	0.12260	0.01849	0.35136	0.02686	0.01871	0.10727	0.01742	0.02088	0.01264	0.00731	0.00860	0.00257	0.01166	0.00814	0.00459	0.01151
1	0.02962	0.03779	0.02247	0.02043	0.02451	0.68948	0.01532	0.03166	0.02247	0.01941	0.01226	0.01430	0.01021	0.00817	0.00715	0.00204	0.01430	0.00511	0.00409	0.00919
2	0.01612	0.01375	0.01610	0.01171	0.01844	0.01037	0.00930	0.01954	0.01638	0.02557	0.01552	0.05007	0.01370	0.00678	0.00608	0.00127	0.00581	0.00556	0.00483	0.73310
3	0.01735	0.01735	0.02429	0.02082	0.02082	0.02429	0.01735	0.01908	0.01214	0.01908	0.01041	0.01735	0.01041	0.01388	0.02602	0.00347	0.70680	0.00694	0.00347	0.00867
4	0.00966	0.00690	0.00920	0.01104	0.01150	0.00644	0.00736	0.01104	0.01518	0.02024	0.04371	0.71614	0.05245	0.02484	0.01012	0.00322	0.00460	0.02254	0.00736	0.00644
5	0.01963	0.01884	0.03219	0.04867	0.67185	0.01884	0.02434	0.02434	0.01806	0.02591	0.01492	0.01963	0.01256	0.00707	0.00785	0.00236	0.00942	0.00707	0.00393	0.01256
6	0.02965	0.03682	0.02256	0.02029	0.02452	0.64774	0.01531	0.07019	0.02340	0.02133	0.01268	0.01460	0.01042	0.00826	0.00720	0.00206	0.01395	0.00523	0.00433	0.00946
7	0.00966	0.00690	0.00920	0.01104	0.01150	0.00644	0.00736	0.01104	0.01518	0.02024	0.04371	0.71614	0.05245	0.02484	0.01012	0.00322	0.00460	0.02254	0.00736	0.00644
8	0.01134	0.00845	0.01252	0.01252	0.01386	0.00979	0.00963	0.01401	0.01268	0.01824	0.02145	0.03230	0.02032	0.09607	0.65397	0.01246	0.02049	0.00866	0.00428	0.00695
9	0.02087	0.68308	0.08165	0.01414	0.02123	0.03056	0.01456	0.02383	0.01615	0.01906	0.01123	0.01297	0.01017	0.00683	0.00524	0.00175	0.00868	0.00434	0.00339	0.01027
10	0.77733	0.01534	0.01166	0.01043	0.01534	0.01779	0.00859	0.02331	0.01350	0.03558	0.01104	0.01288	0.00859	0.00736	0.00491	0.00245	0.00613	0.00429	0.00491	0.00859
11	0.00966	0.00690	0.00920	0.01104	0.01150	0.00644	0.00736	0.01104	0.01518	0.02024	0.04371	0.71614	0.05245	0.02484	0.01012	0.00322	0.00460	0.02254	0.00736	0.00644
12	0.01133	0.00818	0.01075	0.01030	0.01217	0.00760	0.00786	0.01507	0.02215	0.03123	0.62335	0.06137	0.07276	0.01661	0.00947	0.00258	0.00399	0.05713	0.00863	0.00747
13	0.01278	0.00913	0.01278	0.01460	0.01643	0.00913	0.01278	0.01643	0.01825	0.02373	0.04199	0.08945	0.04564	0.02191	0.01095	0.00365	0.00730	0.61847	0.00730	0.00730
14	0.01972	0.01703	0.01793	0.01614	0.02062	0.01972	0.01255	0.04214	0.65752	0.03317	0.03228	0.02959	0.02421	0.01076	0.00807	0.00269	0.00628	0.00897	0.00807	0.01255
15	0.07060	0.12447	0.52830	0.02102	0.03150	0.02006	0.04948	0.02482	0.01651	0.02505	0.01367	0.01614	0.01003	0.00739	0.00711	0.00241	0.01098	0.00568	0.00349	0.01126
16	0.06664	0.00954	0.01147	0.01059	0.01308	0.00932	0.00807	0.01853	0.07247	0.05757	0.52106	0.05302	0.08833	0.01506	0.00888	0.00251	0.00424	0.01305	0.00840	0.00817
17	0.01872	0.02139	0.04679	0.03342	0.04144	0.02005	0.64305	0.02540	0.01872	0.02540	0.01604	0.02139	0.01203	0.00668	0.00936	0.00267	0.01337	0.00936	0.00401	0.01070
18	0.00979	0.00812	0.00861	0.00868	0.01122	0.00694	0.00664	0.01208	0.01850	0.02257	0.13361	0.07561	0.56826	0.01984	0.00948	0.00273	0.00422	0.05880	0.00749	0.00681
19	0.01872	0.02139	0.04679	0.03342	0.04144	0.02005	0.64305	0.02540	0.01872	0.02540	0.01604	0.02139	0.01203	0.00668	0.00936	0.00267	0.01337	0.00936	0.00401	0.01070
20	0.01963	0.01884	0.03219	0.04867	0.67185	0.01884	0.02434	0.02434	0.01806	0.02591	0.01492	0.01963	0.01256	0.00707	0.00785	0.00236	0.00942	0.00707	0.00393	0.01256
21	0.01111	0.00802	0.01050	0.01005	0.01182	0.00741	0.00747	0.01469	0.02193	0.03098	0.62347	0.10576	0.07324	0.01682	0.00941	0.00255	0.00380	0.01492	0.00863	0.00741
22	0.01153	0.00769	0.00865	0.00865	0.00865	0.00769	0.00480	0.01153	0.01153	0.01538	0.02499	0.05189	0.02883	0.72131	0.04036	0.00769	0.00769	0.01153	0.00480	0.00480
23	0.02402	0.01776	0.02099	0.01732	0.02257	0.04459	0.06703	0.10771	0.35273	0.16355	0.03024	0.02836	0.04563	0.01034	0.00816	0.00258	0.00749	0.00874	0.00787	0.01233
24	0.01963	0.01884	0.03219	0.04867	0.67185	0.01884	0.02434	0.02434	0.01806	0.02591	0.01492	0.01963	0.01256	0.00707	0.00785	0.00236	0.00942	0.00707	0.00393	0.01256
25	0.01735	0.01735	0.02429	0.02082	0.02082	0.02429	0.01735	0.01908	0.01214	0.01908	0.01041	0.01735	0.01041	0.01388	0.02602	0.00347	0.70680	0.00694	0.00347	0.00867
26	0.69272	0.01611	0.01303	0.01131	0.01638	0.01856	0.00932	0.09375	0.01619	0.03721	0.01195	0.01358	0.00914	0.00761	0.00525	0.00245	0.00643	0.00462	0.00525	0.00914
27	0.00966	0.00690	0.00920	0.01104	0.01150	0.00644	0.00736	0.01104	0.01518	0.02024	0.04371	0.71614	0.05245	0.02484	0.01012	0.00322	0.00460	0.02254	0.00736	0.00644
28	0.01199	0.00826	0.01053	0.00993	0.01193	0.00754	0.00739	0.01529	0.02130	0.05620	0.53315	0.08316	0.12990	0.04553	0.01060	0.00275	0.00409	0.01450	0.00843	0.00750
29	0.01894	0.01814	0.03095	0.14502	0.58086	0.01866	0.02400	0.02374	0.01773	0.02507	0.01479	0.01985	0.01227	0.00719	0.00786	0.00240	0.00959	0.00706	0.00387	0.01201
30	0.00964	0.00698	0.00912	0.01083	0.01145	0.00646	0.00727	0.01107	0.01539	0.02033	0.04628	0.67117	0.09575	0.02451	0.01007	0.00318	0.00456	0.02214	0.00736	0.00646
31	0.02900	0.09070	0.02407	0.01973	0.02419	0.58805	0.01517	0.07695	0.02308	0.02163	0.01267	0.01453	0.01046	0.00816	0.00705	0.00204	0.01343	0.00519	0.00432	0.00959
32	0.01644	0.01409	0.01644	0.01175	0.01879	0.01057	0.00940	0.01997	0.01644	0.02584	0.01409	0.01644	0.01175	0.00587	0.00587	0.00117	0.00587	0.00470	0.00470	0.76979
33	0.01971	0.37901	0.16094	0.01486	0.02160	0.02230	0.01545	0.02383	0.01771	0.08923	0.11162	0.02268	0.02112	0.01091	0.03592	0.00253	0.00880	0.00663	0.00487	0.01029

[dist]
# distance from previous block
# <min> <max>
0	1

[block]
# block no. 5 follows, 24 sequences, length 49
# corresponding to MSA columns:
# 172-220
name=unknown_F
#
# <colnr> <probs for GDERKNQSTAVLIFYWHMCP>
#	G	D	E	R	K	N	Q	S	T	A	V	L	I	F	Y	W	H	M	C	P
0	0.77733	0.01534	0.01166	0.01043	0.01534	0.01779	0.00859	0.02331	0.01350	0.03558	0.01104	0.01288	0.00859	0.00736	0.00491	0.00245	0.00613	0.00429	0.00491	0.00859
1	0.01704	0.01870	0.03982	0.02927	0.03589	0.01753	0.52513	0.02274	0.01806	0.02444	0.02117	0.15027	0.01953	0.01005	0.00950	0.00278	0.01174	0.01180	0.00463	0.00991
2	0.01963	0.01884	0.03219	0.04867	0.67185	0.01884	0.02434	0.02434	0.01806	0.02591	0.01492	0.01963	0.01256	0.00707	0.00785	0.00236	0.00942	0.00707	0.00393	0.01256
3	0.01153	0.00769	0.00865	0.00865	0.00865	0.00769	0.00480	0.01153	0.01153	0.01538	0.02499	0.05189	0.02883	0.72131	0.04036	0.00769	0.00769	0.01153	0.00480	0.00480
4	0.02157	0.69605	0.04072	0.01387	0.02053	0.06010	0.01365	0.02409	0.01639	0.01869	0.01108	0.01279	0.01018	0.00684	0.00518	0.00171	0.00873	0.00428	0.00342	0.01013
5	0.01644	0.01409	0.01644	0.01175	0.01879	0.01057	0.00940	0.01997	0.01644	0.02584	0.01409	0.01644	0.01175	0.00587	0.00587	0.00117	0.00587	0.00470	0.00470	0.76979
6	0.01133	0.00850	0.01274	0.01274	0.01416	0.00991	0.00991	0.01416	0.01274	0.01841	0.02124	0.03115	0.01982	0.05947	0.68989	0.01274	0.02124	0.00850	0.00425	0.00708
7	0.01590	0.04102	0.68023	0.02260	0.03432	0.01842	0.02930	0.02511	0.01674	0.02511	0.01423	0.01674	0.01005	0.00753	0.00753	0.00251	0.01172	0.00586	0.00335	0.01172
8	0.01735	0.01735	0.02429	0.02082	0.02082	0.02429	0.01735	0.01908	0.01214	0.01908	0.01041	0.01735	0.01041	0.01388	0.02602	0.00347	0.70680	0.00694	0.00347	0.00867
9	0.01590	0.04102	0.68023	0.02260	0.03432	0.01842	0.02930	0.02511	0.01674	0.02511	0.01423	0.01674	0.01005	0.00753	0.00753	0.00251	0.01172	0.00586	0.00335	0.01172
10	0.03525	0.01402	0.01873	0.01436	0.02050	0.01243	0.01186	0.07512	0.02357	0.63963	0.03055	0.02651	0.01926	0.00980	0.00797	0.00245	0.00687	0.00792	0.00970	0.01349
11	0.00983	0.00703	0.00935	0.01093	0.01154	0.00655	0.00737	0.01145	0.01594	0.02145	0.10908	0.64731	0.05479	0.02394	0.01004	0.00314	0.00451	0.02168	0.00750	0.00655
12	0.01153	0.00769	0.00865	0.00865	0.00865	0.00769	0.00480	0.01153	0.01153	0.01538	0.02499	0.05189	0.02883	0.72131	0.04036	0.00769	0.00769	0.01153	0.00480	0.00480
13	0.01749	0.01778	0.02667	0.02215	0.02300	0.02384	0.08362	0.01975	0.01284	0.01975	0.01101	0.01778	0.01058	0.01312	0.02426	0.00339	0.63336	0.00720	0.00353	0.00889
14	0.03288	0.01292	0.01742	0.01355	0.01928	0.01116	0.01112	0.03592	0.02240	0.60833	0.06240	0.03146	0.06215	0.01073	0.00812	0.00247	0.00645	0.00880	0.00962	0.01281
15	0.01621	0.01379	0.01608	0.01160	0.01831	0.01043	0.00918	0.01957	0.01621	0.02535	0.01461	0.01811	0.01255	0.03959	0.00750	0.00148	0.00596	0.00502	0.00470	0.73374
16	0.01200	0.00831	0.01038	0.00974	0.01182	0.00754	0.00725	0.01518	0.02103	0.05754	0.49805	0.06031	0.17244	0.06015	0.01121	0.00284	0.00417	0.01430	0.00830	0.00745
17	0.01615	0.06832	0.62511	0.02176	0.03307	0.01862	0.02779	0.02483	0.01670	0.02488	0.01409	0.01656	0.01012	0.00743	0.00736	0.00242	0.01133	0.00574	0.00341	0.04430
18	0.77733	0.01534	0.01166	0.01043	0.01534	0.01779	0.00859	0.02331	0.01350	0.03558	0.01104	0.01288	0.00859	0.00736	0.00491	0.00245	0.00613	0.00429	0.00491	0.00859
19	0.01929	0.01871	0.03258	0.08702	0.59581	0.01884	0.06241	0.02416	0.01796	0.02554	0.01494	0.01983	0.01241	0.00709	0.00795	0.00239	0.00973	0.00721	0.00391	0.01222
20	0.05365	0.03831	0.60748	0.02161	0.03256	0.01846	0.02727	0.02605	0.05510	0.02611	0.01516	0.01732	0.01082	0.00772	0.00744	0.00252	0.01112	0.00597	0.00371	0.01162
21	0.01712	0.01449	0.01681	0.01207	0.01908	0.01126	0.00968	0.05078	0.01747	0.02703	0.01434	0.01657	0.01183	0.00605	0.00597	0.00123	0.00601	0.00482	0.00486	0.73253
22	0.77733	0.01534	0.01166	0.01043	0.01534	0.01779	0.00859	0.02331	0.01350	0.03558	0.01104	0.01288	0.00859	0.00736	0.00491	0.00245	0.00613	0.00429	0.00491	0.00859
23	0.02017	0.01726	0.01818	0.01623	0.02079	0.01993	0.01266	0.06794	0.63099	0.03389	0.03171	0.02913	0.02375	0.01071	0.00806	0.00268	0.00638	0.00889	0.00806	0.01259
24	0.01092	0.00809	0.01018	0.00966	0.01166	0.00735	0.00724	0.01437	0.02173	0.03009	0.57082	0.06205	0.17274	0.01685	0.00936	0.00252	0.00379	0.01474	0.00850	0.00735
25	0.03355	0.01395	0.01834	0.01437	0.02029	0.01269	0.01177	0.03909	0.10405	0.59479	0.03141	0.02732	0.02022	0.00994	0.00799	0.00248	0.00669	0.00810	0.00959	0.01337
26	0.01365	0.00909	0.01151	0.01111	0.01344	0.00857	0.00855	0.01800	0.05991	0.08485	0.36655	0.13566	0.12905	0.01737	0.00942	0.00273	0.00467	0.07946	0.00832	0.00809
27	0.01122	0.00811	0.01060	0.00998	0.01185	0.00748	0.00748	0.01496	0.02245	0.03180	0.66766	0.05923	0.07482	0.01621	0.00935	0.00249	0.00374	0.01434	0.00873	0.00748
28	0.01972	0.01703	0.01793	0.01614	0.02062	0.01972	0.01255	0.04214	0.65752	0.03317	0.03228	0.02959	0.02421	0.01076	0.00807	0.00269	0.00628	0.00897	0.00807	0.01255
29	0.01963	0.01884	0.03219	0.04867	0.67185	0.01884	0.02434	0.02434	0.01806	0.02591	0.01492	0.01963	0.01256	0.00707	0.00785	0.00236	0.00942	0.00707	0.00393	0.01256
30	0.01122	0.00811	0.01060	0.00998	0.01185	0.00748	0.00748	0.01496	0.02245	0.03180	0.66766	0.05923	0.07482	0.01621	0.00935	0.00249	0.00374	0.01434	0.00873	0.00748
31	0.77733	0.01534	0.01166	0.01043	0.01534	0.01779	0.00859	0.02331	0.01350	0.03558	0.01104	0.01288	0.00859	0.00736	0.00491	0.00245	0.00613	0.00429	0.00491	0.00859
32	0.01133	0.00850	0.01274	0.01274	0.01416	0.00991	0.00991	0.01416	0.01274	0.01841	0.02124	0.03115	0.01982	0.05947	0.68989	0.01274	0.02124	0.00850	0.00425	0.00708
33	0.01934	0.01855	0.03166	0.08933	0.63345	0.01877	0.02419	0.02408	0.01792	0.02556	0.01486	0.01972	0.01244	0.00712	0.00786	0.00237	0.00949	0.00706	0.00390	0.01233
34	0.00963	0.00703	0.00907	0.01071	0.01141	0.00647	0.00721	0.01108	0.01551	0.02037	0.04780	0.64459	0.12135	0.02431	0.01004	0.00316	0.00454	0.02189	0.00736	0.00647
35	0.01735	0.01735	0.02429	0.02082	0.02082	0.02429	0.01735	0.01908	0.01214	0.01908	0.01041	0.01735	0.01041	0.01388	0.02602	0.00347	0.70680	0.00694	0.00347	0.00867
36	0.77733	0.01534	0.01166	0.01043	0.01534	0.01779	0.00859	0.02331	0.01350	0.03558	0.01104	0.01288	0.00859	0.00736	0.00491	0.00245	0.00613	0.00429	0.00491	0.00859
37	0.01498	0.01409	0.02378	0.70226	0.05462	0.01762	0.02202	0.02026	0.01586	0.02026	0.01409	0.02114	0.01057	0.00793	0.00793	0.00264	0.01057	0.00705	0.00352	0.00881
38	0.02034	0.01833	0.01821	0.01640	0.02086	0.06139	0.01272	0.04149	0.61802	0.03232	0.03103	0.02863	0.02334	0.01060	0.00801	0.00265	0.00677	0.00873	0.00782	0.01234
39	0.00966	0.00690	0.00920	0.01104	0.01150	0.00644	0.00736	0.01104	0.01518	0.02024	0.04371	0.71614	0.05245	0.02484	0.01012	0.00322	0.00460	0.02254	0.00736	0.00644
40	0.01498	0.01409	0.02378	0.70226	0.05462	0.01762	0.02202	0.02026	0.01586	0.02026	0.01409	0.02114	0.01057	0.00793	0.00793	0.00264	0.01057	0.00705	0.00352	0.00881
41	0.01644	0.01409	0.01644	0.01175	0.01879	0.01057	0.00940	0.01997	0.01644	0.02584	0.01409	0.01644	0.01175	0.00587	0.00587	0.00117	0.00587	0.00470	0.00470	0.76979
42	0.03558	0.01350	0.01840	0.01411	0.02024	0.01166	0.01166	0.03865	0.02270	0.67734	0.03128	0.02699	0.01963	0.00981	0.00797	0.00245	0.00675	0.00797	0.00981	0.01350
43	0.00966	0.00690	0.00920	0.01104	0.01150	0.00644	0.00736	0.01104	0.01518	0.02024	0.04371	0.71614	0.05245	0.02484	0.01012	0.00322	0.00460	0.02254	0.00736	0.00644
44	0.01122	0.00811	0.01060	0.00998	0.01185	0.00748	0.00748	0.01496	0.02245	0.03180	0.66766	0.05923	0.07482	0.01621	0.00935	0.00249	0.00374	0.01434	0.00873	0.00748
45	0.77733	0.01534	0.01166	0.01043	0.01534	0.01779	0.00859	0.02331	0.01350	0.03558	0.01104	0.01288	0.00859	0.00736	0.00491	0.00245	0.00613	0.00429	0.00491	0.00859
46	0.01122	0.00811	0.01060	0.00998	0.01185	0.00748	0.00748	0.01496	0.02245	0.03180	0.66766	0.05923	0.07482	0.01621	0.00935	0.00249	0.00374	0.01434	0.00873	0.00748
47	0.02870	0.01197	0.01620	0.01294	0.01787	0.01048	0.01048	0.03195	0.02263	0.49493	0.21110	0.03610	0.03522	0.01162	0.00836	0.00247	0.00590	0.00977	0.00951	0.01180
48	0.01963	0.01884	0.03219	0.04867	0.67185	0.01884	0.02434	0.02434	0.01806	0.02591	0.01492	0.01963	0.01256	0.00707	0.00785	0.00236	0.00942	0.00707	0.00393	0.01256

[dist]
# distance from previous block
# <min> <max>
0	2

# created by:
# /st0/software/busco_prod/Augustus/scripts/msa2prfl.pl ./align_prep/115486.fa
