[name]
unknown

[dist]
# distance from previous block
# <min> <max>
0	7

[block]
# block no. 0 follows, 25 sequences, length 18
# corresponding to MSA columns:
# 7-24
name=unknown_A
#
# <colnr> <probs for GDERKNQSTAVLIFYWHMCP>
#	G	D	E	R	K	N	Q	S	T	A	V	L	I	F	Y	W	H	M	C	P
0	0.02302	0.01737	0.01838	0.01490	0.01984	0.04647	0.01206	0.36386	0.02835	0.06585	0.07280	0.05777	0.11206	0.01197	0.00807	0.00236	0.00728	0.03864	0.00735	0.07159
1	0.02368	0.01827	0.02114	0.01652	0.02216	0.01928	0.04032	0.39741	0.07241	0.03896	0.01976	0.05036	0.01569	0.01319	0.06225	0.00300	0.00888	0.00755	0.00675	0.14244
2	0.01845	0.42764	0.32521	0.01715	0.02591	0.02510	0.02004	0.02381	0.01603	0.02102	0.01216	0.01417	0.00989	0.00696	0.00603	0.00201	0.00969	0.00484	0.00330	0.01061
3	0.01788	0.14816	0.52349	0.02013	0.03033	0.02002	0.02478	0.05492	0.01748	0.05357	0.01437	0.01629	0.01041	0.00744	0.00702	0.00232	0.01060	0.00563	0.00377	0.01138
4	0.10100	0.02615	0.02171	0.01782	0.02316	0.24729	0.01421	0.38602	0.02942	0.03757	0.01566	0.01650	0.01166	0.00867	0.00722	0.00222	0.01011	0.00605	0.00622	0.01133
5	0.00945	0.00675	0.00900	0.01080	0.01125	0.00630	0.00720	0.01080	0.01484	0.01979	0.04274	0.72245	0.05128	0.02429	0.00990	0.00315	0.00450	0.02204	0.00720	0.00630
6	0.01830	0.02092	0.04575	0.03268	0.04052	0.01961	0.65098	0.02484	0.01830	0.02484	0.01569	0.02092	0.01176	0.00654	0.00915	0.00261	0.01307	0.00915	0.00392	0.01046
7	0.70926	0.01739	0.07577	0.01133	0.01676	0.01745	0.01033	0.02296	0.01350	0.03381	0.01109	0.01296	0.00853	0.00721	0.00504	0.00240	0.00652	0.00434	0.00465	0.00869
8	0.02947	0.02172	0.02327	0.01784	0.02404	0.02404	0.01474	0.65329	0.03646	0.04887	0.01862	0.01862	0.01319	0.00931	0.00776	0.00233	0.00853	0.00698	0.00776	0.01319
9	0.01347	0.00673	0.01010	0.01010	0.01010	0.00673	0.00673	0.01010	0.01010	0.01347	0.01347	0.02357	0.01347	0.02694	0.03030	0.77441	0.00673	0.00673	0.00337	0.00337
10	0.01097	0.00793	0.01036	0.00975	0.01158	0.00732	0.00732	0.01463	0.02195	0.03109	0.67505	0.05792	0.07316	0.01585	0.00914	0.00244	0.00366	0.01402	0.00854	0.00732
11	0.01555	0.04011	0.68733	0.02210	0.03356	0.01801	0.02865	0.02455	0.01637	0.02455	0.01391	0.01637	0.00982	0.00737	0.00737	0.00246	0.01146	0.00573	0.00327	0.01146
12	0.00956	0.00680	0.00896	0.01065	0.01107	0.00638	0.00704	0.01083	0.01462	0.01949	0.04157	0.67980	0.04982	0.06893	0.01177	0.00343	0.00469	0.02136	0.00704	0.00620
13	0.01773	0.01824	0.02364	0.02033	0.02059	0.06670	0.01684	0.01945	0.01252	0.01868	0.01029	0.01677	0.01017	0.01321	0.02427	0.00330	0.66866	0.00667	0.00343	0.00851
14	0.01126	0.00758	0.00877	0.00877	0.00888	0.00769	0.00509	0.01148	0.01137	0.01527	0.02414	0.04913	0.02749	0.67439	0.09162	0.00791	0.00857	0.01104	0.00465	0.00487
15	0.10038	0.02631	0.02167	0.04569	0.02434	0.26796	0.01450	0.34114	0.02812	0.03547	0.01526	0.01644	0.01145	0.00856	0.00720	0.00222	0.01035	0.00599	0.00593	0.01102
16	0.30536	0.02257	0.01719	0.01494	0.01972	0.24309	0.01177	0.06840	0.07072	0.13358	0.01647	0.01692	0.01215	0.00824	0.00643	0.00228	0.00892	0.00557	0.00572	0.00996
17	0.30635	0.02205	0.01749	0.01506	0.01992	0.19630	0.01194	0.14124	0.10242	0.07412	0.01638	0.01697	0.01228	0.00835	0.00648	0.00231	0.00860	0.00571	0.00581	0.01020

[dist]
# distance from previous block
# <min> <max>
9	65

[block]
# block no. 1 follows, 25 sequences, length 28
# corresponding to MSA columns:
# 90-117
name=unknown_B
#
# <colnr> <probs for GDERKNQSTAVLIFYWHMCP>
#	G	D	E	R	K	N	Q	S	T	A	V	L	I	F	Y	W	H	M	C	P
0	0.10555	0.01567	0.01718	0.01484	0.01961	0.01709	0.01193	0.09793	0.34510	0.17526	0.02850	0.02984	0.02152	0.01063	0.00773	0.00259	0.00653	0.05285	0.00786	0.01177
1	0.02622	0.01898	0.02096	0.01655	0.02200	0.02078	0.01351	0.43385	0.11705	0.08936	0.06594	0.02311	0.01898	0.00996	0.00845	0.00237	0.03374	0.00766	0.00767	0.04287
2	0.02487	0.01679	0.01998	0.01583	0.02095	0.04243	0.05568	0.23274	0.09105	0.18964	0.06887	0.02898	0.05170	0.06228	0.01023	0.00273	0.00763	0.00856	0.00748	0.04159
3	0.07035	0.01686	0.02988	0.02256	0.02803	0.01665	0.31125	0.04675	0.01734	0.05147	0.01900	0.11787	0.01722	0.00996	0.01016	0.00254	0.08605	0.00961	0.00485	0.11158
4	0.12642	0.08144	0.34115	0.01932	0.02785	0.05165	0.05841	0.12912	0.01981	0.05445	0.01468	0.01647	0.01067	0.00768	0.00701	0.00235	0.01002	0.00586	0.00454	0.01110
5	0.38000	0.05597	0.01389	0.01071	0.01510	0.01479	0.00881	0.04817	0.01700	0.14461	0.06538	0.02152	0.01737	0.00863	0.00587	0.00224	0.00572	0.00620	0.14884	0.00920
6	0.02050	0.70131	0.06947	0.01366	0.02051	0.03011	0.01395	0.02328	0.01578	0.01852	0.01092	0.01261	0.00994	0.00667	0.00508	0.00169	0.00843	0.00422	0.00331	0.01002
7	0.01090	0.00787	0.01049	0.01141	0.01284	0.00747	0.00884	0.01374	0.01827	0.02465	0.25250	0.27284	0.08584	0.02038	0.00987	0.00302	0.00503	0.20950	0.00762	0.00691
8	0.01555	0.04011	0.68733	0.02210	0.03356	0.01801	0.02865	0.02455	0.01637	0.02455	0.01391	0.01637	0.00982	0.00737	0.00737	0.00246	0.01146	0.00573	0.00327	0.01146
9	0.01999	0.02049	0.02898	0.13289	0.49952	0.11668	0.02221	0.02430	0.01799	0.02366	0.01410	0.01863	0.01169	0.00718	0.00759	0.00230	0.01006	0.00663	0.00381	0.01131
10	0.01206	0.00862	0.01200	0.01379	0.01538	0.00855	0.01175	0.01532	0.01742	0.02272	0.04129	0.17726	0.04556	0.02183	0.01059	0.00351	0.00677	0.54140	0.00715	0.00702
11	0.00945	0.00675	0.00900	0.01080	0.01125	0.00630	0.00720	0.01080	0.01484	0.01979	0.04274	0.72245	0.05128	0.02429	0.00990	0.00315	0.00450	0.02204	0.00720	0.00630
12	0.00956	0.00683	0.00910	0.01072	0.01127	0.00637	0.00721	0.01108	0.01536	0.02062	0.08873	0.67411	0.05287	0.02368	0.00984	0.00310	0.00444	0.02146	0.00729	0.00637
13	0.01879	0.47253	0.28326	0.01658	0.02502	0.02593	0.01904	0.02372	0.01599	0.02061	0.01196	0.01391	0.00990	0.00691	0.00587	0.00196	0.00948	0.00474	0.00330	0.01052
14	0.03479	0.01320	0.01799	0.01380	0.01979	0.01140	0.01140	0.03779	0.02219	0.68451	0.03059	0.02639	0.01919	0.00960	0.00780	0.00240	0.00660	0.00780	0.00960	0.01320
15	0.01830	0.02092	0.04575	0.03268	0.04052	0.01961	0.65098	0.02484	0.01830	0.02484	0.01569	0.02092	0.01176	0.00654	0.00915	0.00261	0.01307	0.00915	0.00392	0.01046
16	0.01710	0.01729	0.02361	0.12124	0.02534	0.04941	0.01755	0.01932	0.01281	0.01884	0.01078	0.01739	0.01019	0.01250	0.02212	0.00322	0.58263	0.00673	0.00342	0.00852
17	0.01555	0.04011	0.68733	0.02210	0.03356	0.01801	0.02865	0.02455	0.01637	0.02455	0.01391	0.01637	0.00982	0.00737	0.00737	0.00246	0.01146	0.00573	0.00327	0.01146
18	0.02947	0.02172	0.02327	0.01784	0.02404	0.02404	0.01474	0.65329	0.03646	0.04887	0.01862	0.01862	0.01319	0.00931	0.00776	0.00233	0.00853	0.00698	0.00776	0.01319
19	0.68256	0.01589	0.01297	0.01121	0.01619	0.01827	0.00924	0.10631	0.01628	0.03665	0.01183	0.01339	0.00903	0.00748	0.00519	0.00239	0.00633	0.00457	0.00519	0.00903
20	0.01497	0.01412	0.02385	0.66077	0.09892	0.01731	0.02170	0.02010	0.01566	0.02021	0.01384	0.02056	0.01048	0.00769	0.00775	0.00256	0.01025	0.00689	0.00347	0.00888
21	0.02893	0.02476	0.02275	0.01821	0.02386	0.16767	0.01469	0.49426	0.05996	0.04178	0.01774	0.01806	0.01295	0.00908	0.00760	0.00227	0.00960	0.00663	0.00696	0.01225
22	0.02874	0.02135	0.02285	0.01769	0.02376	0.02370	0.01456	0.60890	0.08205	0.04767	0.01955	0.01936	0.01395	0.00940	0.00777	0.00235	0.00836	0.00711	0.00777	0.01312
23	0.02947	0.02172	0.02327	0.01784	0.02404	0.02404	0.01474	0.65329	0.03646	0.04887	0.01862	0.01862	0.01319	0.00931	0.00776	0.00233	0.00853	0.00698	0.00776	0.01319
24	0.06173	0.01495	0.02449	0.51068	0.19901	0.01752	0.02128	0.02093	0.01587	0.02201	0.01379	0.01984	0.01068	0.00752	0.00756	0.00251	0.00981	0.00673	0.00362	0.00947
25	0.78228	0.01499	0.01140	0.01020	0.01499	0.01739	0.00840	0.02279	0.01320	0.03479	0.01080	0.01260	0.00840	0.00720	0.00480	0.00240	0.00600	0.00420	0.00480	0.00840
26	0.02947	0.02172	0.02327	0.01784	0.02404	0.02404	0.01474	0.65329	0.03646	0.04887	0.01862	0.01862	0.01319	0.00931	0.00776	0.00233	0.00853	0.00698	0.00776	0.01319
27	0.02348	0.01724	0.01902	0.01562	0.02017	0.01871	0.01245	0.45781	0.03036	0.04079	0.06953	0.18726	0.02630	0.01329	0.00836	0.00253	0.00725	0.01102	0.00768	0.01116

[dist]
# distance from previous block
# <min> <max>
0	3

[block]
# block no. 2 follows, 25 sequences, length 9
# corresponding to MSA columns:
# 121-129
name=unknown_C
#
# <colnr> <probs for GDERKNQSTAVLIFYWHMCP>
#	G	D	E	R	K	N	Q	S	T	A	V	L	I	F	Y	W	H	M	C	P
0	0.02947	0.02172	0.02327	0.01784	0.02404	0.02404	0.01474	0.65329	0.03646	0.04887	0.01862	0.01862	0.01319	0.00931	0.00776	0.00233	0.00853	0.00698	0.00776	0.01319
1	0.01608	0.01378	0.01608	0.01148	0.01837	0.01034	0.00919	0.01952	0.01608	0.02527	0.01378	0.01608	0.01148	0.00574	0.00574	0.00115	0.00574	0.00459	0.00459	0.77491
2	0.01248	0.00961	0.01207	0.04945	0.01585	0.00838	0.00852	0.01497	0.01544	0.02251	0.02955	0.37663	0.03242	0.01558	0.00794	0.00231	0.00517	0.01383	0.07550	0.27180
3	0.10551	0.01392	0.02185	0.62617	0.04886	0.01725	0.01998	0.02016	0.01523	0.02158	0.01343	0.01972	0.01011	0.00769	0.00740	0.00256	0.00982	0.00657	0.00361	0.00859
4	0.02934	0.01612	0.01935	0.01467	0.02091	0.01536	0.01206	0.23709	0.02569	0.34470	0.02332	0.02179	0.01569	0.00874	0.00738	0.00213	0.00707	0.00690	0.00800	0.16370
5	0.01734	0.01916	0.03981	0.02923	0.03547	0.01889	0.51739	0.02283	0.01723	0.02365	0.01749	0.08423	0.01517	0.00898	0.01115	0.00276	0.09518	0.01004	0.00416	0.00985
6	0.01929	0.01666	0.01753	0.01578	0.02016	0.01929	0.01227	0.04120	0.66513	0.03243	0.03156	0.02893	0.02367	0.01052	0.00789	0.00263	0.00614	0.00877	0.00789	0.01227
7	0.01608	0.01378	0.01608	0.01148	0.01837	0.01034	0.00919	0.01952	0.01608	0.02527	0.01378	0.01608	0.01148	0.00574	0.00574	0.00115	0.00574	0.00459	0.00459	0.77491
8	0.01024	0.00802	0.01229	0.01276	0.01387	0.00749	0.06488	0.01205	0.01515	0.02024	0.04031	0.65959	0.04774	0.02270	0.00983	0.00310	0.00527	0.02089	0.00690	0.00667

[dist]
# distance from previous block
# <min> <max>
1	2

[block]
# block no. 3 follows, 25 sequences, length 9
# corresponding to MSA columns:
# 132-140
name=unknown_D
#
# <colnr> <probs for GDERKNQSTAVLIFYWHMCP>
#	G	D	E	R	K	N	Q	S	T	A	V	L	I	F	Y	W	H	M	C	P
0	0.01485	0.01049	0.01726	0.11898	0.02140	0.01089	0.10185	0.03872	0.01406	0.01960	0.01687	0.04761	0.01531	0.04160	0.01948	0.36838	0.00782	0.00784	0.10079	0.00618
1	0.01482	0.01360	0.02289	0.62955	0.08472	0.01664	0.02074	0.01942	0.01529	0.01972	0.01381	0.02077	0.01064	0.00890	0.00915	0.05049	0.01005	0.00688	0.00346	0.00849
2	0.65227	0.01616	0.01345	0.01152	0.01656	0.01854	0.00949	0.13168	0.01721	0.03722	0.01215	0.01364	0.00922	0.00756	0.00531	0.00239	0.00644	0.00468	0.00531	0.00922
3	0.02999	0.02089	0.02275	0.01745	0.02363	0.02281	0.01441	0.59326	0.03506	0.11085	0.01978	0.01937	0.01377	0.00934	0.00776	0.00233	0.00834	0.00706	0.00794	0.01319
4	0.10065	0.10981	0.54506	0.01986	0.03008	0.01927	0.02480	0.02422	0.01596	0.02502	0.01324	0.01554	0.00968	0.00727	0.00683	0.00237	0.01053	0.00539	0.00345	0.01096
5	0.40783	0.01298	0.01243	0.01103	0.01507	0.01412	0.00881	0.02397	0.08339	0.10238	0.20196	0.02849	0.02933	0.01023	0.00666	0.00243	0.00542	0.00781	0.00668	0.00900
6	0.02415	0.02702	0.02400	0.02046	0.02382	0.33549	0.05916	0.09620	0.06058	0.02342	0.01366	0.01678	0.01137	0.00983	0.01271	0.00253	0.21847	0.00626	0.00447	0.00961
7	0.02947	0.02172	0.02327	0.01784	0.02404	0.02404	0.01474	0.65329	0.03646	0.04887	0.01862	0.01862	0.01319	0.00931	0.00776	0.00233	0.00853	0.00698	0.00776	0.01319
8	0.02550	0.01919	0.02070	0.01671	0.02196	0.02126	0.01348	0.47621	0.14317	0.04281	0.02352	0.09803	0.01921	0.01117	0.00802	0.00247	0.00767	0.00895	0.00772	0.01227

[dist]
# distance from previous block
# <min> <max>
0	6

[block]
# block no. 4 follows, 25 sequences, length 37
# corresponding to MSA columns:
# 147-183
name=unknown_E
#
# <colnr> <probs for GDERKNQSTAVLIFYWHMCP>
#	G	D	E	R	K	N	Q	S	T	A	V	L	I	F	Y	W	H	M	C	P
0	0.01898	0.02096	0.04439	0.03178	0.03952	0.01988	0.61235	0.06299	0.01940	0.02630	0.01586	0.02078	0.01185	0.00670	0.00907	0.00260	0.01280	0.00902	0.00415	0.01062
1	0.02947	0.02172	0.02327	0.01784	0.02404	0.02404	0.01474	0.65329	0.03646	0.04887	0.01862	0.01862	0.01319	0.00931	0.00776	0.00233	0.00853	0.00698	0.00776	0.01319
2	0.01893	0.49102	0.26598	0.01634	0.02466	0.02626	0.01863	0.02368	0.01597	0.02044	0.01187	0.01381	0.00991	0.00689	0.00581	0.00194	0.00940	0.00470	0.00330	0.01048
3	0.01555	0.04011	0.68733	0.02210	0.03356	0.01801	0.02865	0.02455	0.01637	0.02455	0.01391	0.01637	0.00982	0.00737	0.00737	0.00246	0.01146	0.00573	0.00327	0.01146
4	0.02073	0.73217	0.04063	0.01327	0.01990	0.03068	0.01327	0.02322	0.01575	0.01824	0.01078	0.01244	0.00995	0.00663	0.00498	0.00166	0.00829	0.00415	0.00332	0.00995
5	0.01211	0.00938	0.01048	0.01048	0.01115	0.04715	0.00696	0.01315	0.01246	0.01645	0.02372	0.08324	0.02587	0.43941	0.23677	0.00845	0.01175	0.01067	0.00464	0.00572
6	0.01533	0.01616	0.03343	0.02534	0.03070	0.01514	0.43508	0.02013	0.01714	0.02315	0.02476	0.25619	0.02502	0.01249	0.00940	0.00279	0.01020	0.01347	0.00502	0.00906
7	0.01555	0.04011	0.68733	0.02210	0.03356	0.01801	0.02865	0.02455	0.01637	0.02455	0.01391	0.01637	0.00982	0.00737	0.00737	0.00246	0.01146	0.00573	0.00327	0.01146
8	0.01451	0.01356	0.02216	0.64184	0.04966	0.01670	0.02028	0.02016	0.04122	0.02037	0.01815	0.02405	0.04859	0.00853	0.00784	0.00259	0.00981	0.00750	0.00383	0.00864
9	0.01413	0.01323	0.02181	0.64324	0.04938	0.01623	0.02007	0.01900	0.01571	0.01992	0.01984	0.02572	0.07266	0.00886	0.00788	0.00259	0.00974	0.00778	0.00380	0.00842
10	0.01542	0.01439	0.02549	0.48488	0.09471	0.01651	0.10908	0.02009	0.01572	0.02089	0.01457	0.02114	0.01130	0.00889	0.00940	0.05569	0.01011	0.00722	0.03578	0.00874
11	0.01555	0.04011	0.68733	0.02210	0.03356	0.01801	0.02865	0.02455	0.01637	0.02455	0.01391	0.01637	0.00982	0.00737	0.00737	0.00246	0.01146	0.00573	0.00327	0.01146
12	0.01086	0.00792	0.01021	0.00964	0.01151	0.00727	0.00723	0.01441	0.02168	0.03046	0.63809	0.05895	0.11051	0.01609	0.00915	0.00245	0.00367	0.01417	0.00845	0.00727
13	0.01638	0.15087	0.58383	0.02069	0.03137	0.02004	0.02619	0.02434	0.01627	0.02354	0.01341	0.01574	0.00984	0.00725	0.00698	0.00233	0.01095	0.00548	0.00328	0.01122
14	0.02557	0.03066	0.01992	0.01821	0.02207	0.51888	0.01385	0.05159	0.07385	0.02156	0.02106	0.02482	0.06827	0.01002	0.00750	0.00221	0.01191	0.04407	0.00490	0.00909
15	0.00971	0.00709	0.00920	0.01079	0.01162	0.00658	0.00756	0.01134	0.01546	0.02026	0.04676	0.58552	0.12363	0.02347	0.00989	0.00313	0.00469	0.07972	0.00719	0.00641
16	0.01210	0.00864	0.01204	0.01383	0.01544	0.00859	0.01181	0.01539	0.01746	0.02276	0.04127	0.16921	0.04548	0.02179	0.01060	0.00352	0.00680	0.54908	0.00715	0.00703
17	0.01919	0.01842	0.03147	0.04759	0.67914	0.01842	0.02380	0.02380	0.01765	0.02533	0.01458	0.01919	0.01228	0.00691	0.00768	0.00230	0.00921	0.00691	0.00384	0.01228
18	0.01883	0.01806	0.03082	0.09981	0.62972	0.01833	0.02362	0.02348	0.01749	0.02490	0.01452	0.01931	0.01213	0.00698	0.00768	0.00233	0.00930	0.00691	0.00381	0.01199
19	0.02896	0.03695	0.02197	0.01998	0.02397	0.69638	0.01498	0.03096	0.02197	0.01898	0.01199	0.01398	0.00999	0.00799	0.00699	0.00200	0.01398	0.00499	0.00400	0.00899
20	0.03479	0.01320	0.01799	0.01380	0.01979	0.01140	0.01140	0.03779	0.02219	0.68451	0.03059	0.02639	0.01919	0.00960	0.00780	0.00240	0.00660	0.00780	0.00960	0.01320
21	0.02073	0.73217	0.04063	0.01327	0.01990	0.03068	0.01327	0.02322	0.01575	0.01824	0.01078	0.01244	0.00995	0.00663	0.00498	0.00166	0.00829	0.00415	0.00332	0.00995
22	0.01347	0.00673	0.01010	0.01010	0.01010	0.00673	0.00673	0.01010	0.01010	0.01347	0.01347	0.02357	0.01347	0.02694	0.03030	0.77441	0.00673	0.00673	0.00337	0.00337
23	0.00931	0.00790	0.00806	0.00814	0.01072	0.00665	0.00618	0.01134	0.01768	0.02104	0.07691	0.07518	0.64839	0.01971	0.00923	0.00266	0.00407	0.04306	0.00720	0.00657
24	0.01347	0.00673	0.01010	0.01010	0.01010	0.00673	0.00673	0.01010	0.01010	0.01347	0.01347	0.02357	0.01347	0.02694	0.03030	0.77441	0.00673	0.00673	0.00337	0.00337
25	0.02073	0.73217	0.04063	0.01327	0.01990	0.03068	0.01327	0.02322	0.01575	0.01824	0.01078	0.01244	0.00995	0.00663	0.00498	0.00166	0.00829	0.00415	0.00332	0.00995
26	0.01347	0.00673	0.01010	0.01010	0.01010	0.00673	0.00673	0.01010	0.01010	0.01347	0.01347	0.02357	0.01347	0.02694	0.03030	0.77441	0.00673	0.00673	0.00337	0.00337
27	0.02947	0.02172	0.02327	0.01784	0.02404	0.02404	0.01474	0.65329	0.03646	0.04887	0.01862	0.01862	0.01319	0.00931	0.00776	0.00233	0.00853	0.00698	0.00776	0.01319
28	0.02947	0.02172	0.02327	0.01784	0.02404	0.02404	0.01474	0.65329	0.03646	0.04887	0.01862	0.01862	0.01319	0.00931	0.00776	0.00233	0.00853	0.00698	0.00776	0.01319
29	0.01464	0.01378	0.02326	0.70887	0.05340	0.01723	0.02153	0.01981	0.01550	0.01981	0.01378	0.02067	0.01034	0.00775	0.00775	0.00258	0.01034	0.00689	0.00345	0.00861
30	0.01551	0.01318	0.01548	0.01143	0.01777	0.00999	0.00902	0.01878	0.01597	0.02480	0.01625	0.07623	0.01487	0.00732	0.00610	0.00132	0.00564	0.00608	0.00482	0.70945
31	0.01555	0.04011	0.68733	0.02210	0.03356	0.01801	0.02865	0.02455	0.01637	0.02455	0.01391	0.01637	0.00982	0.00737	0.00737	0.00246	0.01146	0.00573	0.00327	0.01146
32	0.02896	0.03695	0.02197	0.01998	0.02397	0.69638	0.01498	0.03096	0.02197	0.01898	0.01199	0.01398	0.00999	0.00799	0.00699	0.00200	0.01398	0.00499	0.00400	0.00899
33	0.02323	0.02223	0.01816	0.01593	0.01995	0.25110	0.01238	0.19701	0.04755	0.05460	0.06809	0.08442	0.10198	0.01225	0.00805	0.00239	0.00902	0.03550	0.00644	0.00973
34	0.01608	0.01378	0.01608	0.01148	0.01837	0.01034	0.00919	0.01952	0.01608	0.02527	0.01378	0.01608	0.01148	0.00574	0.00574	0.00115	0.00574	0.00459	0.00459	0.77491
35	0.01599	0.01378	0.01652	0.05470	0.02055	0.01076	0.00995	0.01954	0.01604	0.02493	0.01378	0.01636	0.01141	0.00587	0.00587	0.00124	0.00603	0.00474	0.00452	0.72743
36	0.01919	0.01842	0.03147	0.04759	0.67914	0.01842	0.02380	0.02380	0.01765	0.02533	0.01458	0.01919	0.01228	0.00691	0.00768	0.00230	0.00921	0.00691	0.00384	0.01228

[dist]
# distance from previous block
# <min> <max>
1	5

[block]
# block no. 5 follows, 25 sequences, length 56
# corresponding to MSA columns:
# 189-244
name=unknown_F
#
# <colnr> <probs for GDERKNQSTAVLIFYWHMCP>
#	G	D	E	R	K	N	Q	S	T	A	V	L	I	F	Y	W	H	M	C	P
0	0.01506	0.01441	0.02260	0.04480	0.02184	0.01827	0.09183	0.01783	0.01299	0.01923	0.01455	0.02213	0.01348	0.02752	0.24903	0.00632	0.36860	0.00759	0.00372	0.00820
1	0.01628	0.01381	0.01596	0.01156	0.01821	0.01071	0.00925	0.04527	0.01700	0.02602	0.01722	0.01911	0.04483	0.00659	0.00600	0.00127	0.00577	0.00528	0.00485	0.70499
2	0.01929	0.01871	0.03006	0.07757	0.59391	0.04066	0.02282	0.02471	0.05011	0.02521	0.01531	0.01958	0.01268	0.00717	0.00767	0.00232	0.00927	0.00694	0.00403	0.01199
3	0.01454	0.01337	0.02203	0.62158	0.04840	0.01661	0.02005	0.01944	0.01572	0.02067	0.04718	0.02270	0.01383	0.00843	0.00841	0.00258	0.03650	0.00726	0.03223	0.00849
4	0.02614	0.02003	0.05398	0.01669	0.02246	0.02069	0.01411	0.42702	0.13530	0.08858	0.02243	0.04354	0.01669	0.00989	0.00772	0.00239	0.00779	0.00776	0.04436	0.01245
5	0.05645	0.01881	0.01945	0.01635	0.02125	0.05397	0.01306	0.21920	0.34174	0.09178	0.02503	0.02380	0.01838	0.00993	0.00830	0.00251	0.03262	0.00770	0.00751	0.01216
6	0.02637	0.01902	0.02073	0.01653	0.02222	0.02074	0.01342	0.38371	0.21647	0.10514	0.02330	0.02224	0.01673	0.00951	0.00770	0.00236	0.00751	0.00746	0.00782	0.05103
7	0.00959	0.00685	0.00916	0.01096	0.01148	0.00642	0.00745	0.01105	0.01499	0.01996	0.04265	0.69217	0.05096	0.02415	0.00994	0.00317	0.00462	0.05089	0.00719	0.00634
8	0.02947	0.02172	0.02327	0.01784	0.02404	0.02404	0.01474	0.65329	0.03646	0.04887	0.01862	0.01862	0.01319	0.00931	0.00776	0.00233	0.00853	0.00698	0.00776	0.01319
9	0.00990	0.00809	0.00888	0.00927	0.01171	0.00707	0.00735	0.01222	0.01771	0.02144	0.07028	0.07745	0.53682	0.02003	0.00950	0.00283	0.00464	0.15096	0.00719	0.00668
10	0.01464	0.01378	0.02326	0.70887	0.05340	0.01723	0.02153	0.01981	0.01550	0.01981	0.01378	0.02067	0.01034	0.00775	0.00775	0.00258	0.01034	0.00689	0.00345	0.00861
11	0.02795	0.03504	0.02295	0.02283	0.09163	0.62637	0.01589	0.03022	0.02153	0.01963	0.01225	0.01452	0.01022	0.00788	0.00706	0.00203	0.01349	0.00519	0.00398	0.00933
12	0.01981	0.01692	0.01783	0.01589	0.02036	0.01953	0.01240	0.07298	0.63249	0.03329	0.03089	0.02839	0.02312	0.01046	0.00788	0.00261	0.00626	0.00867	0.00788	0.01232
13	0.02813	0.02100	0.02327	0.08046	0.02671	0.02343	0.01535	0.59588	0.03456	0.04623	0.01818	0.01880	0.01293	0.00917	0.00776	0.00235	0.00870	0.00697	0.00737	0.01277
14	0.01104	0.00797	0.01046	0.00996	0.01179	0.00739	0.00755	0.01470	0.02176	0.03073	0.64591	0.05928	0.07185	0.01611	0.00922	0.00249	0.00382	0.04220	0.00847	0.00731
15	0.01249	0.00892	0.01249	0.01428	0.01606	0.00892	0.01249	0.01606	0.01785	0.02320	0.04105	0.08746	0.04462	0.02142	0.01071	0.00357	0.00714	0.62695	0.00714	0.00714
16	0.01919	0.01842	0.03147	0.04759	0.67914	0.01842	0.02380	0.02380	0.01765	0.02533	0.01458	0.01919	0.01228	0.00691	0.00768	0.00230	0.00921	0.00691	0.00384	0.01228
17	0.01951	0.01918	0.03167	0.04604	0.63170	0.04277	0.04700	0.02409	0.01783	0.02508	0.01453	0.01907	0.01218	0.00693	0.00771	0.00230	0.00953	0.00692	0.00385	0.01210
18	0.78228	0.01499	0.01140	0.01020	0.01499	0.01739	0.00840	0.02279	0.01320	0.03479	0.01080	0.01260	0.00840	0.00720	0.00480	0.00240	0.00600	0.00420	0.00480	0.00840
19	0.78228	0.01499	0.01140	0.01020	0.01499	0.01739	0.00840	0.02279	0.01320	0.03479	0.01080	0.01260	0.00840	0.00720	0.00480	0.00240	0.00600	0.00420	0.00480	0.00840
20	0.00977	0.00776	0.00863	0.00862	0.01071	0.00677	0.00630	0.01200	0.01818	0.02313	0.22529	0.12373	0.43386	0.05740	0.01086	0.00288	0.00410	0.01597	0.00741	0.00662
21	0.01015	0.00704	0.00879	0.00989	0.01017	0.00677	0.00623	0.01098	0.01347	0.01796	0.03567	0.46304	0.04236	0.29586	0.02132	0.00484	0.00566	0.01788	0.00623	0.00568
22	0.02947	0.02172	0.02327	0.01784	0.02404	0.02404	0.01474	0.65329	0.03646	0.04887	0.01862	0.01862	0.01319	0.00931	0.00776	0.00233	0.00853	0.00698	0.00776	0.01319
23	0.03236	0.01412	0.01834	0.01397	0.02008	0.01258	0.01151	0.09863	0.02303	0.55316	0.02767	0.02456	0.01780	0.00918	0.00759	0.00227	0.00671	0.00739	0.00890	0.09016
24	0.01873	0.46491	0.29038	0.01668	0.02517	0.02579	0.01921	0.02373	0.01599	0.02068	0.01199	0.01396	0.00990	0.00692	0.00590	0.00197	0.00951	0.00476	0.00330	0.01053
25	0.01128	0.00752	0.00846	0.00846	0.00846	0.00752	0.00470	0.01128	0.01128	0.01503	0.02443	0.05074	0.02819	0.72751	0.03946	0.00752	0.00752	0.01128	0.00470	0.00470
26	0.00945	0.00675	0.00900	0.01080	0.01125	0.00630	0.00720	0.01080	0.01484	0.01979	0.04274	0.72245	0.05128	0.02429	0.00990	0.00315	0.00450	0.02204	0.00720	0.00630
27	0.01915	0.01849	0.03171	0.04566	0.62205	0.01852	0.05594	0.02448	0.04120	0.02556	0.01526	0.01963	0.01267	0.00702	0.00776	0.00233	0.00930	0.00709	0.00399	0.01219
28	0.01002	0.00730	0.00931	0.01002	0.01114	0.00673	0.00698	0.01215	0.01738	0.02351	0.25947	0.39600	0.12456	0.05476	0.01099	0.00306	0.00430	0.01820	0.00753	0.00659
29	0.01128	0.00752	0.00846	0.00846	0.00846	0.00752	0.00470	0.01128	0.01128	0.01503	0.02443	0.05074	0.02819	0.72751	0.03946	0.00752	0.00752	0.01128	0.00470	0.00470
30	0.00945	0.00675	0.00900	0.01080	0.01125	0.00630	0.00720	0.01080	0.01484	0.01979	0.04274	0.72245	0.05128	0.02429	0.00990	0.00315	0.00450	0.02204	0.00720	0.00630
31	0.01608	0.01378	0.01608	0.01148	0.01837	0.01034	0.00919	0.01952	0.01608	0.02527	0.01378	0.01608	0.01148	0.00574	0.00574	0.00115	0.00574	0.00459	0.00459	0.77491
32	0.02947	0.02172	0.02327	0.01784	0.02404	0.02404	0.01474	0.65329	0.03646	0.04887	0.01862	0.01862	0.01319	0.00931	0.00776	0.00233	0.00853	0.00698	0.00776	0.01319
33	0.00955	0.00679	0.00897	0.01067	0.01109	0.00636	0.00706	0.01082	0.01465	0.01954	0.04174	0.68607	0.05003	0.06238	0.01150	0.00339	0.00466	0.02146	0.00706	0.00621
34	0.00972	0.00767	0.00841	0.00858	0.01045	0.00674	0.00609	0.01154	0.01696	0.02127	0.14145	0.15777	0.42714	0.11553	0.01336	0.00333	0.00446	0.01616	0.00703	0.00636
35	0.00940	0.00778	0.00824	0.00831	0.01066	0.00662	0.00616	0.01151	0.01796	0.02205	0.14608	0.12311	0.55626	0.01955	0.00922	0.00264	0.00394	0.01653	0.00736	0.00662
36	0.02947	0.02172	0.02327	0.01784	0.02404	0.02404	0.01474	0.65329	0.03646	0.04887	0.01862	0.01862	0.01319	0.00931	0.00776	0.00233	0.00853	0.00698	0.00776	0.01319
37	0.01696	0.01696	0.02375	0.02036	0.02036	0.02375	0.01696	0.01866	0.01187	0.01866	0.01018	0.01696	0.01018	0.01357	0.02545	0.00339	0.71332	0.00679	0.00339	0.00848
38	0.00925	0.00786	0.00798	0.00795	0.01053	0.00658	0.00596	0.01130	0.01789	0.02145	0.10839	0.07378	0.64583	0.01945	0.00916	0.00261	0.00391	0.01625	0.00727	0.00658
39	0.00945	0.00675	0.00900	0.01080	0.01125	0.00630	0.00720	0.01080	0.01484	0.01979	0.04274	0.72245	0.05128	0.02429	0.00990	0.00315	0.00450	0.02204	0.00720	0.00630
40	0.03479	0.01320	0.01799	0.01380	0.01979	0.01140	0.01140	0.03779	0.02219	0.68451	0.03059	0.02639	0.01919	0.00960	0.00780	0.00240	0.00660	0.00780	0.00960	0.01320
41	0.01054	0.00782	0.00982	0.00951	0.01136	0.00710	0.00706	0.01372	0.02064	0.02843	0.52112	0.11434	0.17547	0.01718	0.00921	0.00253	0.00377	0.01507	0.00820	0.00710
42	0.78228	0.01499	0.01140	0.01020	0.01499	0.01739	0.00840	0.02279	0.01320	0.03479	0.01080	0.01260	0.00840	0.00720	0.00480	0.00240	0.00600	0.00420	0.00480	0.00840
43	0.00960	0.00684	0.00904	0.01065	0.01115	0.00640	0.00710	0.01101	0.01505	0.02016	0.07364	0.66145	0.05142	0.05290	0.01108	0.00329	0.00458	0.02120	0.00716	0.00628
44	0.78228	0.01499	0.01140	0.01020	0.01499	0.01739	0.00840	0.02279	0.01320	0.03479	0.01080	0.01260	0.00840	0.00720	0.00480	0.00240	0.00600	0.00420	0.00480	0.00840
45	0.00987	0.00788	0.00883	0.00859	0.01090	0.00684	0.00644	0.01249	0.01933	0.02488	0.30975	0.06815	0.44234	0.01817	0.00916	0.00255	0.00382	0.01546	0.00772	0.00684
46	0.01110	0.00822	0.01202	0.01202	0.01325	0.00945	0.00914	0.01356	0.01233	0.01767	0.02117	0.03269	0.02035	0.13174	0.62451	0.01192	0.01931	0.00863	0.00421	0.00668
47	0.00916	0.00785	0.00785	0.00785	0.01047	0.00655	0.00589	0.01113	0.01767	0.02095	0.07855	0.07462	0.67599	0.01964	0.00916	0.00262	0.00393	0.01636	0.00720	0.00655
48	0.78228	0.01499	0.01140	0.01020	0.01499	0.01739	0.00840	0.02279	0.01320	0.03479	0.01080	0.01260	0.00840	0.00720	0.00480	0.00240	0.00600	0.00420	0.00480	0.00840
49	0.01664	0.01582	0.02687	0.41801	0.32863	0.01775	0.02253	0.02156	0.01645	0.02224	0.01413	0.02002	0.01119	0.00738	0.00772	0.00246	0.00984	0.00690	0.00362	0.01023
50	0.01464	0.01378	0.02326	0.70887	0.05340	0.01723	0.02153	0.01981	0.01550	0.01981	0.01378	0.02067	0.01034	0.00775	0.00775	0.00258	0.01034	0.00689	0.00345	0.00861
51	0.00957	0.00695	0.00881	0.01023	0.01091	0.00643	0.00682	0.01088	0.01488	0.01952	0.04549	0.58467	0.12527	0.08544	0.01240	0.00347	0.00469	0.02041	0.00698	0.00619
52	0.02107	0.01632	0.01774	0.01532	0.02017	0.01798	0.01205	0.06910	0.51534	0.09786	0.02933	0.02709	0.02168	0.00997	0.00769	0.00247	0.00627	0.00823	0.00778	0.07657
53	0.02529	0.01879	0.02064	0.01684	0.02199	0.02113	0.01363	0.33073	0.27742	0.09367	0.02417	0.02317	0.01758	0.01003	0.00877	0.00251	0.04561	0.00773	0.00772	0.01258
54	0.02044	0.01716	0.02174	0.01779	0.02068	0.02073	0.01470	0.18301	0.01924	0.05238	0.01416	0.01828	0.01193	0.01338	0.05034	0.00320	0.36848	0.00663	0.00496	0.12076
55	0.05595	0.02438	0.02119	0.01943	0.05736	0.25507	0.01453	0.15965	0.13419	0.02912	0.04979	0.02033	0.01626	0.00970	0.00967	0.00241	0.09808	0.00681	0.00563	0.01044

[dist]
# distance from previous block
# <min> <max>
0	4

# created by:
# /st0/software/busco_prod/Augustus/scripts/msa2prfl.pl ./align_prep/115592.fa
