[name]
unknown

[dist]
# distance from previous block
# <min> <max>
0	73

[block]
# block no. 0 follows, 25 sequences, length 52
# corresponding to MSA columns:
# 73-124
name=unknown_A
#
# <colnr> <probs for GDERKNQSTAVLIFYWHMCP>
#	G	D	E	R	K	N	Q	S	T	A	V	L	I	F	Y	W	H	M	C	P
0	0.05368	0.04732	0.12618	0.01785	0.04821	0.01428	0.10320	0.04409	0.03749	0.16312	0.02982	0.07096	0.09496	0.01130	0.00800	0.00252	0.00789	0.05454	0.05443	0.01016
1	0.08890	0.34823	0.13965	0.01537	0.02162	0.05683	0.01539	0.05150	0.01688	0.05068	0.01633	0.01799	0.04805	0.00850	0.00784	0.00215	0.07427	0.00568	0.00417	0.00997
2	0.02118	0.12268	0.30169	0.02006	0.05585	0.08755	0.02036	0.10271	0.01961	0.08208	0.01512	0.01689	0.01127	0.00801	0.00804	0.00227	0.04884	0.00584	0.00453	0.04542
3	0.07146	0.06603	0.06585	0.01791	0.05114	0.10320	0.04111	0.21372	0.06002	0.05808	0.04868	0.02237	0.03666	0.00936	0.00807	0.00231	0.04059	0.00714	0.06562	0.01068
4	0.05569	0.13751	0.07657	0.08114	0.19317	0.11970	0.04058	0.11479	0.06106	0.02695	0.01499	0.01756	0.01189	0.00769	0.00707	0.00223	0.00972	0.00618	0.00456	0.01096
5	0.01141	0.00880	0.01310	0.01291	0.01421	0.01049	0.01010	0.01412	0.01243	0.01804	0.02017	0.02970	0.01886	0.05563	0.65878	0.01195	0.05997	0.00822	0.00411	0.00701
6	0.01128	0.00752	0.00846	0.00846	0.00846	0.00752	0.00470	0.01128	0.01128	0.01503	0.02443	0.05074	0.02819	0.72751	0.03946	0.00752	0.00752	0.01128	0.00470	0.00470
7	0.01127	0.00840	0.01053	0.00991	0.01195	0.00790	0.00746	0.01577	0.05699	0.03024	0.58482	0.05785	0.12579	0.01591	0.00908	0.00247	0.00382	0.01395	0.00838	0.00752
8	0.01464	0.01378	0.02326	0.70887	0.05340	0.01723	0.02153	0.01981	0.01550	0.01981	0.01378	0.02067	0.01034	0.00775	0.00775	0.00258	0.01034	0.00689	0.00345	0.00861
9	0.01651	0.07499	0.53827	0.02266	0.06075	0.04719	0.05451	0.02434	0.01694	0.02427	0.03974	0.01802	0.01252	0.00763	0.00738	0.00239	0.01106	0.00615	0.00357	0.01110
10	0.00938	0.00771	0.00826	0.00845	0.01069	0.00659	0.00621	0.01142	0.01770	0.02178	0.13177	0.16296	0.53042	0.01991	0.00926	0.00267	0.00398	0.01692	0.00733	0.00659
11	0.01596	0.07061	0.62705	0.02290	0.06328	0.01860	0.02772	0.02446	0.01640	0.02430	0.01380	0.01632	0.00994	0.00731	0.00727	0.00241	0.01121	0.00571	0.00330	0.01143
12	0.01866	0.01781	0.03001	0.12444	0.58193	0.01831	0.02312	0.02394	0.04041	0.02493	0.01509	0.01971	0.01246	0.00714	0.00769	0.00235	0.00923	0.00697	0.00394	0.01185
13	0.02844	0.03544	0.02208	0.04611	0.02509	0.64266	0.01522	0.05633	0.02233	0.02025	0.01233	0.01443	0.01013	0.00804	0.00705	0.00203	0.01362	0.00515	0.00413	0.00915
14	0.02162	0.60397	0.06846	0.01461	0.02110	0.12169	0.01423	0.02435	0.01664	0.01864	0.01109	0.01284	0.00995	0.00685	0.00536	0.00174	0.00922	0.00434	0.00341	0.00989
15	0.68609	0.01521	0.01274	0.04356	0.01739	0.01753	0.00942	0.05398	0.01472	0.05494	0.01193	0.01370	0.00906	0.00740	0.00518	0.00240	0.00634	0.00457	0.00503	0.00879
16	0.02324	0.01581	0.01676	0.01355	0.01790	0.01719	0.01091	0.39367	0.02805	0.04026	0.02131	0.02353	0.01619	0.03276	0.00792	0.00230	0.00665	0.00721	0.29412	0.01067
17	0.01478	0.01019	0.01208	0.01101	0.01371	0.01013	0.00842	0.05912	0.11049	0.07036	0.37306	0.07880	0.10446	0.01446	0.00853	0.00245	0.00454	0.01247	0.07233	0.00860
18	0.00960	0.00685	0.00917	0.01097	0.01148	0.00643	0.00746	0.01105	0.01499	0.01996	0.04265	0.69136	0.05096	0.02415	0.00994	0.00317	0.00463	0.05166	0.00719	0.00634
19	0.01823	0.01894	0.05900	0.20398	0.41313	0.04646	0.02231	0.02375	0.04651	0.02375	0.01485	0.01956	0.01203	0.00761	0.00836	0.00242	0.03730	0.00685	0.00389	0.01106
20	0.01042	0.00787	0.00974	0.01023	0.01203	0.00719	0.00784	0.01310	0.01852	0.02435	0.25287	0.19504	0.24767	0.01966	0.00959	0.00284	0.00456	0.13203	0.00761	0.00685
21	0.01817	0.01778	0.02578	0.05440	0.39265	0.08925	0.04698	0.02217	0.01694	0.02310	0.01610	0.02153	0.01378	0.01778	0.15079	0.00438	0.01208	0.00711	0.03884	0.01039
22	0.01830	0.02092	0.04575	0.03268	0.04052	0.01961	0.65098	0.02484	0.01830	0.02484	0.01569	0.02092	0.01176	0.00654	0.00915	0.00261	0.01307	0.00915	0.00392	0.01046
23	0.01481	0.00781	0.00811	0.00791	0.00985	0.00798	0.00600	0.04092	0.01678	0.02902	0.02479	0.02862	0.01960	0.01182	0.04463	0.00243	0.00476	0.00728	0.69945	0.00743
24	0.01636	0.01205	0.01505	0.01358	0.01619	0.01348	0.01058	0.19996	0.01951	0.02686	0.02184	0.07242	0.02035	0.09931	0.39593	0.00849	0.01503	0.00904	0.00544	0.00852
25	0.01394	0.01411	0.07363	0.04607	0.20162	0.01226	0.01516	0.01864	0.05359	0.02349	0.05369	0.21245	0.09453	0.01549	0.00892	0.00280	0.00705	0.11764	0.00588	0.00901
26	0.78228	0.01499	0.01140	0.01020	0.01499	0.01739	0.00840	0.02279	0.01320	0.03479	0.01080	0.01260	0.00840	0.00720	0.00480	0.00240	0.00600	0.00420	0.00480	0.00840
27	0.02073	0.73217	0.04063	0.01327	0.01990	0.03068	0.01327	0.02322	0.01575	0.01824	0.01078	0.01244	0.00995	0.00663	0.00498	0.00166	0.00829	0.00415	0.00332	0.00995
28	0.01097	0.00793	0.01036	0.00975	0.01158	0.00732	0.00732	0.01463	0.02195	0.03109	0.67505	0.05792	0.07316	0.01585	0.00914	0.00244	0.00366	0.01402	0.00854	0.00732
29	0.78228	0.01499	0.01140	0.01020	0.01499	0.01739	0.00840	0.02279	0.01320	0.03479	0.01080	0.01260	0.00840	0.00720	0.00480	0.00240	0.00600	0.00420	0.00480	0.00840
30	0.01461	0.00784	0.00827	0.00806	0.00975	0.00827	0.00615	0.01810	0.01598	0.02826	0.02434	0.02815	0.01926	0.00932	0.00668	0.00191	0.04840	0.00720	0.72214	0.00731
31	0.01097	0.00793	0.01036	0.00975	0.01158	0.00732	0.00732	0.01463	0.02195	0.03109	0.67505	0.05792	0.07316	0.01585	0.00914	0.00244	0.00366	0.01402	0.00854	0.00732
32	0.01097	0.00793	0.01036	0.00975	0.01158	0.00732	0.00732	0.01463	0.02195	0.03109	0.67505	0.05792	0.07316	0.01585	0.00914	0.00244	0.00366	0.01402	0.00854	0.00732
33	0.01347	0.00673	0.01010	0.01010	0.01010	0.00673	0.00673	0.01010	0.01010	0.01347	0.01347	0.02357	0.01347	0.02694	0.03030	0.77441	0.00673	0.00673	0.00337	0.00337
34	0.02073	0.73217	0.04063	0.01327	0.01990	0.03068	0.01327	0.02322	0.01575	0.01824	0.01078	0.01244	0.00995	0.00663	0.00498	0.00166	0.00829	0.00415	0.00332	0.00995
35	0.03479	0.01320	0.01799	0.01380	0.01979	0.01140	0.01140	0.03779	0.02219	0.68451	0.03059	0.02639	0.01919	0.00960	0.00780	0.00240	0.00660	0.00780	0.00960	0.01320
36	0.03479	0.01320	0.01799	0.01380	0.01979	0.01140	0.01140	0.03779	0.02219	0.68451	0.03059	0.02639	0.01919	0.00960	0.00780	0.00240	0.00660	0.00780	0.00960	0.01320
37	0.00916	0.00785	0.00785	0.00785	0.01047	0.00655	0.00589	0.01113	0.01767	0.02095	0.07855	0.07462	0.67599	0.01964	0.00916	0.00262	0.00393	0.01636	0.00720	0.00655
38	0.01097	0.00793	0.01036	0.00975	0.01158	0.00732	0.00732	0.01463	0.02195	0.03109	0.67505	0.05792	0.07316	0.01585	0.00914	0.00244	0.00366	0.01402	0.00854	0.00732
39	0.00964	0.00689	0.00922	0.01102	0.01155	0.00646	0.00753	0.01113	0.01503	0.02001	0.04263	0.68237	0.05086	0.02411	0.00995	0.00318	0.00467	0.06022	0.00719	0.00635
40	0.03155	0.01485	0.01837	0.01424	0.01991	0.01428	0.01171	0.19499	0.02533	0.46021	0.02701	0.02461	0.01770	0.00947	0.00757	0.00233	0.00682	0.00753	0.07887	0.01265
41	0.01898	0.01820	0.03109	0.07868	0.64973	0.01837	0.02369	0.02361	0.01755	0.02507	0.01455	0.01926	0.01219	0.00695	0.00768	0.00232	0.00926	0.00691	0.00382	0.01211
42	0.01108	0.00831	0.01246	0.01246	0.01385	0.00969	0.00969	0.01385	0.01246	0.01800	0.02077	0.03046	0.01938	0.05815	0.69678	0.01246	0.02077	0.00831	0.00415	0.00692
43	0.00945	0.00675	0.00900	0.01080	0.01125	0.00630	0.00720	0.01080	0.01484	0.01979	0.04274	0.72245	0.05128	0.02429	0.00990	0.00315	0.00450	0.02204	0.00720	0.00630
44	0.01555	0.04011	0.68733	0.02210	0.03356	0.01801	0.02865	0.02455	0.01637	0.02455	0.01391	0.01637	0.00982	0.00737	0.00737	0.00246	0.01146	0.00573	0.00327	0.01146
45	0.01929	0.01666	0.01753	0.01578	0.02016	0.01929	0.01227	0.04120	0.66513	0.03243	0.03156	0.02893	0.02367	0.01052	0.00789	0.00263	0.00614	0.00877	0.00789	0.01227
46	0.01845	0.02662	0.25145	0.03767	0.43008	0.05147	0.02499	0.02440	0.01743	0.02476	0.01423	0.01799	0.01134	0.00712	0.00754	0.00234	0.01020	0.00642	0.00366	0.01184
47	0.02065	0.01964	0.05973	0.02643	0.03311	0.01860	0.40537	0.02840	0.10218	0.12232	0.01947	0.02231	0.01421	0.00804	0.00991	0.00264	0.06218	0.00861	0.00521	0.01099
48	0.01117	0.00747	0.00849	0.00859	0.00861	0.00745	0.00484	0.01125	0.01147	0.01530	0.02544	0.08775	0.02946	0.68876	0.03784	0.00728	0.00735	0.01187	0.00484	0.00479
49	0.01217	0.00866	0.01249	0.01197	0.01350	0.00949	0.03136	0.01458	0.01389	0.02059	0.05208	0.07553	0.05201	0.03764	0.36491	0.07233	0.04253	0.00942	0.13802	0.00683
50	0.02102	0.44569	0.12365	0.01569	0.02240	0.06892	0.01564	0.08910	0.01818	0.02269	0.01221	0.01414	0.01036	0.00745	0.00691	0.00193	0.04889	0.00488	0.00388	0.04635
51	0.02098	0.01597	0.01809	0.01423	0.02009	0.01363	0.01100	0.11371	0.02107	0.06154	0.04404	0.02855	0.04048	0.05063	0.00972	0.00250	0.00721	0.02712	0.00658	0.47288

[dist]
# distance from previous block
# <min> <max>
0	5

[block]
# block no. 1 follows, 25 sequences, length 19
# corresponding to MSA columns:
# 130-148
name=unknown_B
#
# <colnr> <probs for GDERKNQSTAVLIFYWHMCP>
#	G	D	E	R	K	N	Q	S	T	A	V	L	I	F	Y	W	H	M	C	P
0	0.02892	0.06365	0.02493	0.02029	0.02523	0.44280	0.04821	0.19517	0.02581	0.02806	0.01489	0.01690	0.01188	0.00885	0.00763	0.00229	0.01244	0.00603	0.00530	0.01071
1	0.01842	0.01426	0.06772	0.01414	0.01798	0.01242	0.01197	0.06300	0.12215	0.12691	0.24547	0.09591	0.04326	0.01491	0.00917	0.00284	0.00630	0.09497	0.00811	0.01007
2	0.01447	0.00751	0.01083	0.01079	0.01089	0.00736	0.00719	0.01088	0.01077	0.01447	0.01445	0.02482	0.01437	0.02727	0.03033	0.76180	0.00706	0.00704	0.00372	0.00395
3	0.02826	0.01707	0.01997	0.05116	0.02288	0.01768	0.01321	0.30377	0.06740	0.24148	0.02599	0.07907	0.01976	0.01119	0.00825	0.00260	0.00764	0.00884	0.04125	0.01252
4	0.38359	0.04764	0.01997	0.01545	0.02088	0.04751	0.06184	0.22098	0.02208	0.03753	0.01528	0.01726	0.01173	0.00855	0.00664	0.00250	0.00800	0.00595	0.03603	0.01060
5	0.01967	0.01806	0.02904	0.22170	0.39669	0.01907	0.04795	0.07456	0.04337	0.02679	0.01634	0.02130	0.01316	0.00812	0.00818	0.00259	0.00979	0.00737	0.00455	0.01173
6	0.02126	0.02081	0.02282	0.21062	0.10576	0.14574	0.01739	0.07027	0.20844	0.02670	0.01983	0.02263	0.01552	0.00957	0.00899	0.00266	0.04714	0.00739	0.00552	0.01096
7	0.01410	0.00923	0.01157	0.01080	0.01321	0.00829	0.00821	0.01711	0.02161	0.09204	0.48295	0.05961	0.15453	0.01663	0.00948	0.00270	0.00454	0.04650	0.00863	0.00827
8	0.01136	0.00825	0.01045	0.01071	0.01216	0.00752	0.00763	0.01375	0.01961	0.02714	0.40206	0.29890	0.10088	0.01964	0.00980	0.00288	0.00435	0.01723	0.00824	0.00742
9	0.01652	0.04033	0.67685	0.02259	0.03396	0.01845	0.02874	0.02510	0.01694	0.02538	0.01489	0.01774	0.01079	0.00803	0.00778	0.00263	0.01170	0.00605	0.00363	0.01191
10	0.00945	0.00675	0.00900	0.01080	0.01125	0.00630	0.00720	0.01080	0.01484	0.01979	0.04274	0.72245	0.05128	0.02429	0.00990	0.00315	0.00450	0.02204	0.00720	0.00630
11	0.78228	0.01499	0.01140	0.01020	0.01499	0.01739	0.00840	0.02279	0.01320	0.03479	0.01080	0.01260	0.00840	0.00720	0.00480	0.00240	0.00600	0.00420	0.00480	0.00840
12	0.03479	0.01320	0.01799	0.01380	0.01979	0.01140	0.01140	0.03779	0.02219	0.68451	0.03059	0.02639	0.01919	0.00960	0.00780	0.00240	0.00660	0.00780	0.00960	0.01320
13	0.78228	0.01499	0.01140	0.01020	0.01499	0.01739	0.00840	0.02279	0.01320	0.03479	0.01080	0.01260	0.00840	0.00720	0.00480	0.00240	0.00600	0.00420	0.00480	0.00840
14	0.01929	0.01666	0.01753	0.01578	0.02016	0.01929	0.01227	0.04120	0.66513	0.03243	0.03156	0.02893	0.02367	0.01052	0.00789	0.00263	0.00614	0.00877	0.00789	0.01227
15	0.78228	0.01499	0.01140	0.01020	0.01499	0.01739	0.00840	0.02279	0.01320	0.03479	0.01080	0.01260	0.00840	0.00720	0.00480	0.00240	0.00600	0.00420	0.00480	0.00840
16	0.01513	0.00877	0.01148	0.01050	0.01301	0.00792	0.00797	0.01830	0.02095	0.15083	0.44870	0.12623	0.09791	0.01585	0.00898	0.00252	0.00431	0.01389	0.00850	0.00825
17	0.01285	0.00834	0.01097	0.01007	0.01223	0.00764	0.00764	0.01646	0.02197	0.08264	0.62421	0.05543	0.06890	0.01536	0.00904	0.00244	0.00389	0.01353	0.00862	0.00778
18	0.78228	0.01499	0.01140	0.01020	0.01499	0.01739	0.00840	0.02279	0.01320	0.03479	0.01080	0.01260	0.00840	0.00720	0.00480	0.00240	0.00600	0.00420	0.00480	0.00840

[dist]
# distance from previous block
# <min> <max>
0	3

[block]
# block no. 2 follows, 25 sequences, length 30
# corresponding to MSA columns:
# 152-181
name=unknown_C
#
# <colnr> <probs for GDERKNQSTAVLIFYWHMCP>
#	G	D	E	R	K	N	Q	S	T	A	V	L	I	F	Y	W	H	M	C	P
0	0.03479	0.01320	0.01799	0.01380	0.01979	0.01140	0.01140	0.03779	0.02219	0.68451	0.03059	0.02639	0.01919	0.00960	0.00780	0.00240	0.00660	0.00780	0.00960	0.01320
1	0.09374	0.01693	0.01761	0.01523	0.01994	0.01923	0.01206	0.14975	0.44156	0.05831	0.02696	0.02542	0.02001	0.00989	0.00747	0.00251	0.00648	0.00792	0.03707	0.01191
2	0.08279	0.00765	0.00942	0.01094	0.01187	0.00750	0.00761	0.01223	0.01486	0.02141	0.03962	0.61939	0.04685	0.02251	0.00946	0.00310	0.00479	0.05450	0.00697	0.00654
3	0.78228	0.01499	0.01140	0.01020	0.01499	0.01739	0.00840	0.02279	0.01320	0.03479	0.01080	0.01260	0.00840	0.00720	0.00480	0.00240	0.00600	0.00420	0.00480	0.00840
4	0.03479	0.01320	0.01799	0.01380	0.01979	0.01140	0.01140	0.03779	0.02219	0.68451	0.03059	0.02639	0.01919	0.00960	0.00780	0.00240	0.00660	0.00780	0.00960	0.01320
5	0.02041	0.04584	0.03087	0.08920	0.03091	0.19651	0.22111	0.02410	0.01703	0.02083	0.01278	0.01767	0.01065	0.00908	0.01308	0.00265	0.21725	0.00701	0.00372	0.00931
6	0.01097	0.00793	0.01036	0.00975	0.01158	0.00732	0.00732	0.01463	0.02195	0.03109	0.67505	0.05792	0.07316	0.01585	0.00914	0.00244	0.00366	0.01402	0.00854	0.00732
7	0.01748	0.01532	0.01585	0.01507	0.04138	0.04323	0.01107	0.05571	0.41572	0.02873	0.03844	0.03822	0.15173	0.06453	0.01040	0.00294	0.00632	0.01017	0.00721	0.01049
8	0.01063	0.00766	0.01005	0.00999	0.01151	0.00708	0.00729	0.01376	0.02033	0.02852	0.53127	0.20903	0.06818	0.01777	0.00932	0.00260	0.00385	0.01585	0.00823	0.00708
9	0.02003	0.01703	0.01795	0.01593	0.02045	0.01963	0.01245	0.08601	0.61911	0.03364	0.03061	0.02817	0.02290	0.01043	0.00788	0.00261	0.00631	0.00864	0.00788	0.01234
10	0.02073	0.73217	0.04063	0.01327	0.01990	0.03068	0.01327	0.02322	0.01575	0.01824	0.01078	0.01244	0.00995	0.00663	0.00498	0.00166	0.00829	0.00415	0.00332	0.00995
11	0.00945	0.00675	0.00900	0.01080	0.01125	0.00630	0.00720	0.01080	0.01484	0.01979	0.04274	0.72245	0.05128	0.02429	0.00990	0.00315	0.00450	0.02204	0.00720	0.00630
12	0.01589	0.07638	0.58755	0.02060	0.03136	0.01799	0.02594	0.02400	0.01631	0.02427	0.01373	0.01612	0.00999	0.00717	0.00708	0.00229	0.01074	0.00553	0.00340	0.08366
13	0.01965	0.58762	0.17571	0.01511	0.02275	0.02803	0.01648	0.02350	0.01588	0.01956	0.01143	0.01326	0.00992	0.00679	0.00547	0.00182	0.00895	0.00448	0.00331	0.01027
14	0.00945	0.00675	0.00900	0.01080	0.01125	0.00630	0.00720	0.01080	0.01484	0.01979	0.04274	0.72245	0.05128	0.02429	0.00990	0.00315	0.00450	0.02204	0.00720	0.00630
15	0.01713	0.01895	0.04053	0.02944	0.03631	0.01776	0.55779	0.02308	0.01832	0.02493	0.06589	0.07383	0.01909	0.00849	0.00920	0.00264	0.01177	0.01043	0.00449	0.00993
16	0.01877	0.01674	0.01866	0.01565	0.01987	0.04100	0.01249	0.07022	0.29113	0.02853	0.04099	0.02304	0.01832	0.00988	0.01070	0.00235	0.14194	0.00723	0.00606	0.20643
17	0.00945	0.00675	0.00900	0.01080	0.01125	0.00630	0.00720	0.01080	0.01484	0.01979	0.04274	0.72245	0.05128	0.02429	0.00990	0.00315	0.00450	0.02204	0.00720	0.00630
18	0.00945	0.00675	0.00900	0.01080	0.01125	0.00630	0.00720	0.01080	0.01484	0.01979	0.04274	0.72245	0.05128	0.02429	0.00990	0.00315	0.00450	0.02204	0.00720	0.00630
19	0.01868	0.02367	0.12838	0.15824	0.15957	0.11421	0.14325	0.02367	0.01700	0.02228	0.01358	0.01835	0.01084	0.00812	0.01024	0.00254	0.10670	0.00688	0.00366	0.01014
20	0.01101	0.00827	0.01116	0.01258	0.04913	0.00789	0.00836	0.01430	0.04154	0.02550	0.31717	0.36756	0.05767	0.01913	0.00937	0.00277	0.00445	0.01721	0.00762	0.00729
21	0.02896	0.03695	0.02197	0.01998	0.02397	0.69638	0.01498	0.03096	0.02197	0.01898	0.01199	0.01398	0.00999	0.00799	0.00699	0.00200	0.01398	0.00499	0.00400	0.00899
22	0.00948	0.00796	0.00829	0.00846	0.01100	0.00677	0.00652	0.01159	0.01769	0.02116	0.07500	0.07584	0.61621	0.01981	0.00931	0.00271	0.00423	0.07418	0.00719	0.00660
23	0.01859	0.02171	0.12428	0.11420	0.16224	0.01842	0.33660	0.02472	0.01780	0.06124	0.01585	0.02026	0.01185	0.00704	0.00839	0.00252	0.01143	0.00792	0.00408	0.01087
24	0.04651	0.15960	0.48050	0.02264	0.09545	0.02027	0.02465	0.02417	0.01627	0.02391	0.01331	0.01581	0.01004	0.00718	0.00687	0.00230	0.01046	0.00551	0.00340	0.01116
25	0.02896	0.03695	0.02197	0.01998	0.02397	0.69638	0.01498	0.03096	0.02197	0.01898	0.01199	0.01398	0.00999	0.00799	0.00699	0.00200	0.01398	0.00499	0.00400	0.00899
26	0.01756	0.02001	0.05834	0.12132	0.08006	0.04536	0.43476	0.02331	0.01772	0.02359	0.01714	0.07171	0.01437	0.00811	0.00878	0.00260	0.01182	0.00938	0.00408	0.01000
27	0.06027	0.06967	0.04374	0.01561	0.02105	0.06207	0.03610	0.11269	0.05913	0.30941	0.02411	0.02576	0.01748	0.00977	0.00808	0.00241	0.03052	0.04201	0.03863	0.01151
28	0.00987	0.00732	0.00983	0.01134	0.01176	0.00728	0.00775	0.01124	0.01468	0.01973	0.04090	0.68262	0.04896	0.02369	0.01077	0.00316	0.04451	0.02118	0.00698	0.00642
29	0.00976	0.00786	0.00858	0.00841	0.01069	0.00680	0.00623	0.01211	0.01858	0.02351	0.24173	0.06895	0.48061	0.04929	0.01047	0.00278	0.00401	0.01549	0.00746	0.00668

[dist]
# distance from previous block
# <min> <max>
0	1

[block]
# block no. 3 follows, 25 sequences, length 15
# corresponding to MSA columns:
# 183-197
name=unknown_D
#
# <colnr> <probs for GDERKNQSTAVLIFYWHMCP>
#	G	D	E	R	K	N	Q	S	T	A	V	L	I	F	Y	W	H	M	C	P
0	0.04733	0.01932	0.02477	0.02013	0.04507	0.02134	0.11015	0.31771	0.16521	0.03758	0.02021	0.02126	0.01507	0.00931	0.00912	0.00250	0.06042	0.00760	0.03407	0.01184
1	0.78228	0.01499	0.01140	0.01020	0.01499	0.01739	0.00840	0.02279	0.01320	0.03479	0.01080	0.01260	0.00840	0.00720	0.00480	0.00240	0.00600	0.00420	0.00480	0.00840
2	0.02815	0.12894	0.02589	0.01715	0.02342	0.02505	0.01452	0.55819	0.03333	0.04424	0.01743	0.01768	0.01270	0.00890	0.00734	0.00223	0.00850	0.00655	0.00709	0.01270
3	0.01138	0.00816	0.00939	0.00900	0.01146	0.00710	0.00677	0.01396	0.01929	0.06530	0.27797	0.09360	0.40273	0.01792	0.00910	0.00257	0.00402	0.01528	0.00780	0.00721
4	0.01893	0.01659	0.04244	0.12021	0.02523	0.01804	0.01400	0.06880	0.43976	0.05339	0.07493	0.02871	0.02408	0.01028	0.00793	0.00258	0.00693	0.00863	0.00715	0.01141
5	0.03341	0.01324	0.01785	0.01362	0.01969	0.01132	0.01123	0.03644	0.02174	0.63592	0.02935	0.02563	0.01863	0.00931	0.00765	0.00231	0.00653	0.00756	0.00923	0.06934
6	0.13436	0.01791	0.02844	0.04195	0.57891	0.01827	0.02147	0.02364	0.01698	0.02676	0.01401	0.01819	0.01170	0.00695	0.00724	0.00232	0.00873	0.00650	0.00398	0.01170
7	0.01158	0.01278	0.11242	0.01153	0.01485	0.00889	0.01047	0.01597	0.02091	0.02965	0.54843	0.05240	0.09072	0.01474	0.00888	0.00245	0.00485	0.01288	0.00768	0.00791
8	0.00945	0.00675	0.00900	0.01080	0.01125	0.00630	0.00720	0.01080	0.01484	0.01979	0.04274	0.72245	0.05128	0.02429	0.00990	0.00315	0.00450	0.02204	0.00720	0.00630
9	0.01921	0.01805	0.02851	0.04083	0.53904	0.01861	0.02135	0.02750	0.15531	0.02684	0.01819	0.02126	0.01470	0.00768	0.00772	0.00237	0.00856	0.00730	0.00470	0.01228
10	0.01347	0.00673	0.01010	0.01010	0.01010	0.00673	0.00673	0.01010	0.01010	0.01347	0.01347	0.02357	0.01347	0.02694	0.03030	0.77441	0.00673	0.00673	0.00337	0.00337
11	0.78228	0.01499	0.01140	0.01020	0.01499	0.01739	0.00840	0.02279	0.01320	0.03479	0.01080	0.01260	0.00840	0.00720	0.00480	0.00240	0.00600	0.00420	0.00480	0.00840
12	0.05236	0.13273	0.44177	0.01879	0.02826	0.01856	0.02238	0.02675	0.01723	0.14704	0.01644	0.01752	0.01153	0.00767	0.00700	0.00233	0.00987	0.00582	0.00452	0.01144
13	0.02155	0.56411	0.03543	0.01422	0.02008	0.14573	0.01319	0.02402	0.01724	0.01919	0.05350	0.01562	0.01400	0.00746	0.00559	0.00177	0.00899	0.00493	0.00377	0.00961
14	0.01194	0.00869	0.01096	0.01030	0.01231	0.00826	0.00773	0.05501	0.02204	0.03077	0.55021	0.11910	0.09032	0.01638	0.00913	0.00251	0.00406	0.01442	0.00831	0.00757

[dist]
# distance from previous block
# <min> <max>
0	2

[block]
# block no. 4 follows, 25 sequences, length 79
# corresponding to MSA columns:
# 200-278
name=unknown_E
#
# <colnr> <probs for GDERKNQSTAVLIFYWHMCP>
#	G	D	E	R	K	N	Q	S	T	A	V	L	I	F	Y	W	H	M	C	P
0	0.01163	0.04535	0.01018	0.00889	0.00927	0.00863	0.00534	0.01186	0.01179	0.01557	0.02515	0.10122	0.02904	0.63487	0.03535	0.00687	0.00732	0.01174	0.00482	0.00510
1	0.01056	0.00810	0.01204	0.03453	0.01480	0.00779	0.04663	0.01256	0.01531	0.02034	0.03939	0.56082	0.04607	0.04596	0.01087	0.00330	0.00561	0.09187	0.00679	0.00667
2	0.01608	0.01378	0.01608	0.01148	0.01837	0.01034	0.00919	0.01952	0.01608	0.02527	0.01378	0.01608	0.01148	0.00574	0.00574	0.00115	0.00574	0.00459	0.00459	0.77491
3	0.01643	0.01625	0.05861	0.01527	0.01978	0.01554	0.01308	0.04169	0.01520	0.02340	0.01333	0.01755	0.01162	0.01241	0.06406	0.00284	0.23471	0.00573	0.00421	0.39829
4	0.01608	0.01378	0.01608	0.01148	0.01837	0.01034	0.00919	0.01952	0.01608	0.02527	0.01378	0.01608	0.01148	0.00574	0.00574	0.00115	0.00574	0.00459	0.00459	0.77491
5	0.01865	0.23701	0.02882	0.03959	0.02143	0.05939	0.01587	0.02071	0.01368	0.01858	0.01057	0.01554	0.01010	0.01098	0.01770	0.00277	0.44036	0.00589	0.00340	0.00896
6	0.01289	0.00938	0.01261	0.01250	0.01373	0.01005	0.00911	0.01451	0.01371	0.01951	0.05431	0.03838	0.02535	0.21067	0.49329	0.01086	0.01704	0.00973	0.00506	0.00732
7	0.00967	0.00787	0.00856	0.00839	0.01079	0.00676	0.00629	0.01211	0.01887	0.02380	0.24621	0.06993	0.50655	0.01857	0.00916	0.00257	0.00385	0.01571	0.00758	0.00676
8	0.00943	0.00680	0.00895	0.01067	0.01121	0.00631	0.00714	0.01081	0.01497	0.01984	0.04430	0.69410	0.07862	0.02409	0.00986	0.00313	0.00447	0.02179	0.00720	0.00631
9	0.01219	0.00871	0.01214	0.01393	0.01558	0.00866	0.01196	0.01554	0.01755	0.02286	0.04122	0.15097	0.04529	0.02171	0.01063	0.00353	0.00688	0.56645	0.00715	0.00706
10	0.03479	0.01320	0.01799	0.01380	0.01979	0.01140	0.01140	0.03779	0.02219	0.68451	0.03059	0.02639	0.01919	0.00960	0.00780	0.00240	0.00660	0.00780	0.00960	0.01320
11	0.02073	0.73217	0.04063	0.01327	0.01990	0.03068	0.01327	0.02322	0.01575	0.01824	0.01078	0.01244	0.00995	0.00663	0.00498	0.00166	0.00829	0.00415	0.00332	0.00995
12	0.01445	0.00723	0.00723	0.00723	0.00903	0.00723	0.00542	0.01807	0.01626	0.02891	0.02529	0.02891	0.01987	0.00903	0.00542	0.00181	0.00361	0.00723	0.77055	0.00723
13	0.00916	0.00785	0.00785	0.00785	0.01047	0.00655	0.00589	0.01113	0.01767	0.02095	0.07855	0.07462	0.67599	0.01964	0.00916	0.00262	0.00393	0.01636	0.00720	0.00655
14	0.01108	0.00831	0.01246	0.01246	0.01385	0.00969	0.00969	0.01385	0.01246	0.01800	0.02077	0.03046	0.01938	0.05815	0.69678	0.01246	0.02077	0.00831	0.00415	0.00692
15	0.01108	0.00831	0.01246	0.01246	0.01385	0.00969	0.00969	0.01385	0.01246	0.01800	0.02077	0.03046	0.01938	0.05815	0.69678	0.01246	0.02077	0.00831	0.00415	0.00692
16	0.01573	0.03902	0.65446	0.02338	0.06592	0.01803	0.02840	0.02452	0.01643	0.02459	0.01395	0.01651	0.00995	0.00734	0.00738	0.00245	0.01135	0.00579	0.00330	0.01150
17	0.01819	0.02183	0.07882	0.03263	0.06158	0.01948	0.59740	0.02479	0.01818	0.02484	0.01556	0.02062	0.01168	0.00659	0.00901	0.00260	0.01286	0.00890	0.00388	0.01057
18	0.02947	0.02172	0.02327	0.01784	0.02404	0.02404	0.01474	0.65329	0.03646	0.04887	0.01862	0.01862	0.01319	0.00931	0.00776	0.00233	0.00853	0.00698	0.00776	0.01319
19	0.01029	0.00790	0.00941	0.00904	0.01116	0.00702	0.00678	0.01331	0.02033	0.02725	0.44920	0.06424	0.30140	0.01728	0.00915	0.00251	0.00376	0.01491	0.00803	0.00702
20	0.16066	0.01805	0.16016	0.01659	0.07002	0.01352	0.03438	0.02144	0.05088	0.05107	0.28075	0.03368	0.03627	0.01092	0.00771	0.00244	0.00674	0.00919	0.00618	0.00934
21	0.01608	0.01378	0.01608	0.01148	0.01837	0.01034	0.00919	0.01952	0.01608	0.02527	0.01378	0.01608	0.01148	0.00574	0.00574	0.00115	0.00574	0.00459	0.00459	0.77491
22	0.00945	0.00675	0.00900	0.01080	0.01125	0.00630	0.00720	0.01080	0.01484	0.01979	0.04274	0.72245	0.05128	0.02429	0.00990	0.00315	0.00450	0.02204	0.00720	0.00630
23	0.01082	0.00785	0.01019	0.00975	0.01152	0.00723	0.00726	0.01427	0.02137	0.03004	0.61529	0.09821	0.09410	0.01649	0.00919	0.00249	0.00372	0.01459	0.00841	0.00723
24	0.01656	0.11396	0.53723	0.02418	0.10948	0.01946	0.02637	0.02432	0.01646	0.02395	0.01365	0.01627	0.01013	0.00723	0.00714	0.00235	0.01084	0.00570	0.00335	0.01139
25	0.02235	0.01818	0.01926	0.01640	0.02133	0.02072	0.01301	0.22510	0.47625	0.03737	0.02767	0.02583	0.02052	0.01016	0.00785	0.00254	0.00686	0.00823	0.00785	0.01255
26	0.00945	0.00675	0.00900	0.01080	0.01125	0.00630	0.00720	0.01080	0.01484	0.01979	0.04274	0.72245	0.05128	0.02429	0.00990	0.00315	0.00450	0.02204	0.00720	0.00630
27	0.01841	0.01762	0.03006	0.16148	0.57137	0.01822	0.02341	0.02311	0.01728	0.02438	0.01445	0.01945	0.01195	0.00705	0.00769	0.00235	0.00940	0.00691	0.00377	0.01165
28	0.01410	0.09608	0.01747	0.03988	0.01707	0.01183	0.05935	0.01621	0.01553	0.07271	0.03249	0.43766	0.03631	0.05534	0.01115	0.00308	0.03377	0.01602	0.00625	0.00770
29	0.00943	0.00681	0.00894	0.01064	0.01121	0.00631	0.00713	0.01081	0.01499	0.01985	0.04461	0.68857	0.08395	0.02405	0.00986	0.00312	0.00447	0.02175	0.00720	0.00631
30	0.02916	0.01631	0.01911	0.01490	0.02040	0.01661	0.01222	0.31738	0.02833	0.29848	0.07437	0.02542	0.02064	0.00991	0.00772	0.00233	0.00706	0.00786	0.05946	0.01234
31	0.78228	0.01499	0.01140	0.01020	0.01499	0.01739	0.00840	0.02279	0.01320	0.03479	0.01080	0.01260	0.00840	0.00720	0.00480	0.00240	0.00600	0.00420	0.00480	0.00840
32	0.01583	0.01350	0.01581	0.01140	0.01805	0.01019	0.00910	0.01929	0.01636	0.02554	0.04535	0.01808	0.01443	0.00622	0.00590	0.00121	0.00564	0.00504	0.00478	0.73826
33	0.01639	0.11556	0.54364	0.02222	0.06205	0.01980	0.02599	0.02402	0.01609	0.02353	0.01337	0.01610	0.00998	0.00763	0.00819	0.00241	0.05290	0.00567	0.00331	0.01115
34	0.01929	0.01666	0.01753	0.01578	0.02016	0.01929	0.01227	0.04120	0.66513	0.03243	0.03156	0.02893	0.02367	0.01052	0.00789	0.00263	0.00614	0.00877	0.00789	0.01227
35	0.01744	0.01029	0.01061	0.00953	0.01226	0.01083	0.00742	0.13718	0.04528	0.03276	0.02429	0.02699	0.01878	0.00914	0.00595	0.00194	0.00463	0.00724	0.59891	0.00853
36	0.00958	0.00787	0.00843	0.00829	0.01073	0.00672	0.00622	0.01193	0.01866	0.02328	0.21578	0.07078	0.53730	0.01877	0.00916	0.00258	0.00387	0.01583	0.00751	0.00672
37	0.00924	0.00782	0.00798	0.00802	0.01054	0.00656	0.00599	0.01124	0.01773	0.02127	0.09857	0.09619	0.63315	0.01966	0.00919	0.00263	0.00394	0.01647	0.00725	0.00656
38	0.01445	0.00723	0.00723	0.00723	0.00903	0.00723	0.00542	0.01807	0.01626	0.02891	0.02529	0.02891	0.01987	0.00903	0.00542	0.00181	0.00361	0.00723	0.77055	0.00723
39	0.01536	0.00810	0.00819	0.00787	0.00994	0.00824	0.00598	0.05633	0.01748	0.03011	0.02489	0.02829	0.01947	0.00905	0.00556	0.00184	0.00391	0.00721	0.72461	0.00759
40	0.01108	0.00828	0.01230	0.01230	0.01364	0.00961	0.00950	0.01375	0.01241	0.01788	0.02091	0.03125	0.01973	0.08427	0.67113	0.01227	0.02025	0.00842	0.00417	0.00684
41	0.01555	0.04011	0.68733	0.02210	0.03356	0.01801	0.02865	0.02455	0.01637	0.02455	0.01391	0.01637	0.00982	0.00737	0.00737	0.00246	0.01146	0.00573	0.00327	0.01146
42	0.01792	0.02171	0.08756	0.07282	0.06160	0.01932	0.55068	0.02448	0.01798	0.02453	0.01542	0.02054	0.01156	0.00668	0.00890	0.00259	0.01267	0.00871	0.00385	0.01047
43	0.01464	0.01378	0.02326	0.70887	0.05340	0.01723	0.02153	0.01981	0.01550	0.01981	0.01378	0.02067	0.01034	0.00775	0.00775	0.00258	0.01034	0.00689	0.00345	0.00861
44	0.01929	0.01666	0.01753	0.01578	0.02016	0.01929	0.01227	0.04120	0.66513	0.03243	0.03156	0.02893	0.02367	0.01052	0.00789	0.00263	0.00614	0.00877	0.00789	0.01227
45	0.01458	0.02995	0.46232	0.01850	0.02691	0.01522	0.02202	0.02290	0.05683	0.02654	0.17370	0.02948	0.02696	0.01006	0.00794	0.00250	0.00913	0.02915	0.00494	0.01037
46	0.78228	0.01499	0.01140	0.01020	0.01499	0.01739	0.00840	0.02279	0.01320	0.03479	0.01080	0.01260	0.00840	0.00720	0.00480	0.00240	0.00600	0.00420	0.00480	0.00840
47	0.01110	0.00876	0.01133	0.05176	0.01435	0.00869	0.00843	0.01426	0.01974	0.02700	0.43969	0.08223	0.19792	0.01639	0.01008	0.00257	0.04689	0.01398	0.00758	0.00725
48	0.02896	0.03695	0.02197	0.01998	0.02397	0.69638	0.01498	0.03096	0.02197	0.01898	0.01199	0.01398	0.00999	0.00799	0.00699	0.00200	0.01398	0.00499	0.00400	0.00899
49	0.01720	0.01375	0.01619	0.01162	0.01846	0.01040	0.00932	0.02062	0.01645	0.06497	0.01479	0.01670	0.01195	0.00597	0.00587	0.00122	0.00579	0.00479	0.00490	0.72903
50	0.01808	0.02849	0.34957	0.06725	0.27136	0.01778	0.04675	0.02483	0.01721	0.06401	0.01521	0.01839	0.01138	0.00732	0.00759	0.00241	0.01034	0.00646	0.00389	0.01168
51	0.01078	0.00792	0.01010	0.00955	0.01147	0.00723	0.00717	0.01426	0.02150	0.03002	0.61190	0.05969	0.13698	0.01625	0.00915	0.00246	0.00369	0.01427	0.00839	0.00723
52	0.01555	0.04011	0.68733	0.02210	0.03356	0.01801	0.02865	0.02455	0.01637	0.02455	0.01391	0.01637	0.00982	0.00737	0.00737	0.00246	0.01146	0.00573	0.00327	0.01146
53	0.01793	0.01813	0.02903	0.31466	0.30443	0.06672	0.09248	0.02280	0.01716	0.02256	0.01419	0.01962	0.01126	0.00729	0.00782	0.00243	0.01045	0.00701	0.00370	0.01034
54	0.01696	0.01696	0.03092	0.33192	0.19124	0.01827	0.19287	0.02337	0.05555	0.02320	0.01555	0.02089	0.01197	0.00739	0.00812	0.00253	0.01057	0.00762	0.00393	0.01017
55	0.01128	0.00752	0.00846	0.00846	0.00846	0.00752	0.00470	0.01128	0.01128	0.01503	0.02443	0.05074	0.02819	0.72751	0.03946	0.00752	0.00752	0.01128	0.00470	0.00470
56	0.01128	0.00752	0.00846	0.00846	0.00846	0.00752	0.00470	0.01128	0.01128	0.01503	0.02443	0.05074	0.02819	0.72751	0.03946	0.00752	0.00752	0.01128	0.00470	0.00470
57	0.01572	0.03895	0.64869	0.02274	0.03398	0.01810	0.06613	0.02457	0.01649	0.02457	0.01402	0.01664	0.00994	0.00732	0.00747	0.00247	0.01156	0.00594	0.00331	0.01140
58	0.00945	0.00675	0.00900	0.01080	0.01125	0.00630	0.00720	0.01080	0.01484	0.01979	0.04274	0.72245	0.05128	0.02429	0.00990	0.00315	0.00450	0.02204	0.00720	0.00630
59	0.00945	0.00675	0.00900	0.01080	0.01125	0.00630	0.00720	0.01080	0.01484	0.01979	0.04274	0.72245	0.05128	0.02429	0.00990	0.00315	0.00450	0.02204	0.00720	0.00630
60	0.01502	0.01536	0.02856	0.02409	0.07129	0.03721	0.31659	0.01909	0.01693	0.02256	0.02682	0.31447	0.02829	0.01405	0.00929	0.00280	0.00925	0.01426	0.00529	0.00879
61	0.01797	0.01993	0.04212	0.10813	0.09398	0.01925	0.53077	0.02420	0.01794	0.02433	0.01539	0.02075	0.01165	0.00670	0.00888	0.00259	0.01246	0.00872	0.00386	0.01040
62	0.05185	0.23373	0.05312	0.01719	0.02186	0.19550	0.01486	0.09892	0.07189	0.02409	0.01370	0.01585	0.01143	0.00889	0.00977	0.00227	0.13502	0.00560	0.00444	0.01001
63	0.01276	0.00867	0.00966	0.00922	0.00973	0.00886	0.00552	0.06360	0.01333	0.01779	0.02396	0.04812	0.02697	0.66898	0.03688	0.00709	0.00760	0.01093	0.00495	0.00539
64	0.02073	0.02363	0.13462	0.02185	0.04764	0.09269	0.17866	0.17910	0.04323	0.02952	0.02000	0.02412	0.04270	0.06707	0.01053	0.00281	0.01025	0.00794	0.03241	0.01049
65	0.02032	0.01242	0.01365	0.01155	0.01506	0.01305	0.00919	0.22336	0.02348	0.08243	0.07628	0.02785	0.02199	0.01187	0.03690	0.00253	0.00617	0.00779	0.37452	0.00957
66	0.01592	0.03447	0.52989	0.08044	0.09709	0.01833	0.02690	0.02374	0.01616	0.02389	0.01375	0.01703	0.01012	0.00772	0.00851	0.00251	0.05306	0.00600	0.00335	0.01113
67	0.01618	0.03083	0.43384	0.10364	0.15565	0.01770	0.02559	0.02428	0.04496	0.02446	0.01586	0.02071	0.01231	0.00801	0.00762	0.00249	0.01051	0.03045	0.00375	0.01116
68	0.01094	0.00899	0.00928	0.00879	0.01165	0.00802	0.00671	0.06369	0.01949	0.02389	0.11316	0.06895	0.58206	0.01854	0.00905	0.00258	0.00428	0.01544	0.00733	0.00714
69	0.01597	0.01346	0.01573	0.01163	0.01798	0.01045	0.00920	0.03917	0.01663	0.02558	0.01630	0.07372	0.01478	0.00737	0.00615	0.00135	0.00573	0.00609	0.00491	0.68780
70	0.02081	0.01424	0.01844	0.01543	0.01952	0.01434	0.06291	0.23564	0.02358	0.12168	0.02924	0.29544	0.02874	0.01482	0.00862	0.00263	0.00692	0.01306	0.00733	0.04663
71	0.01923	0.32484	0.30472	0.01762	0.02594	0.05009	0.01969	0.05712	0.07021	0.02357	0.01421	0.01578	0.01118	0.00744	0.00642	0.00211	0.00966	0.00535	0.00392	0.01089
72	0.01970	0.01949	0.05435	0.10523	0.41984	0.01914	0.11967	0.09812	0.01973	0.02748	0.01513	0.01944	0.01204	0.00723	0.00791	0.00239	0.00991	0.00722	0.00426	0.01172
73	0.01831	0.02051	0.04348	0.03328	0.09156	0.01972	0.56809	0.02444	0.01793	0.02457	0.01532	0.02058	0.01173	0.00692	0.00985	0.00263	0.04786	0.00885	0.00389	0.01051
74	0.02061	0.67386	0.03875	0.01347	0.01992	0.02975	0.01319	0.02468	0.06867	0.01940	0.01247	0.01378	0.01107	0.00695	0.00521	0.00174	0.00812	0.00452	0.00369	0.01014
75	0.01675	0.01418	0.01644	0.01180	0.01866	0.01102	0.00947	0.05129	0.01710	0.02645	0.01402	0.01621	0.01157	0.00592	0.00584	0.00121	0.00588	0.00471	0.00475	0.73672
76	0.01687	0.06264	0.61076	0.02145	0.03231	0.01894	0.02698	0.07575	0.01799	0.02632	0.01419	0.01642	0.01010	0.00750	0.00732	0.00242	0.01111	0.00578	0.00364	0.01155
77	0.01274	0.00874	0.00997	0.00953	0.01014	0.00903	0.00590	0.06379	0.01342	0.01802	0.02367	0.04656	0.02629	0.61742	0.08751	0.00747	0.00862	0.01070	0.00491	0.00556
78	0.02975	0.02558	0.02245	0.01815	0.02368	0.22405	0.01454	0.41704	0.03096	0.09173	0.01761	0.01786	0.01272	0.00894	0.00753	0.00223	0.01000	0.00645	0.00678	0.01193

[dist]
# distance from previous block
# <min> <max>
0	8

[block]
# block no. 5 follows, 25 sequences, length 9
# corresponding to MSA columns:
# 287-295
name=unknown_F
#
# <colnr> <probs for GDERKNQSTAVLIFYWHMCP>
#	G	D	E	R	K	N	Q	S	T	A	V	L	I	F	Y	W	H	M	C	P
0	0.02816	0.02045	0.02187	0.01691	0.02273	0.02257	0.01392	0.59772	0.03469	0.04712	0.01920	0.01952	0.01377	0.00928	0.00755	0.00228	0.00810	0.00700	0.07449	0.01266
1	0.01591	0.02213	0.22895	0.01485	0.02319	0.01277	0.01536	0.02112	0.01617	0.02504	0.01382	0.01617	0.01096	0.00626	0.00626	0.00156	0.00756	0.00495	0.00418	0.53279
2	0.01832	0.41011	0.34158	0.01738	0.02626	0.02478	0.02042	0.02384	0.01604	0.02118	0.01224	0.01427	0.00989	0.00697	0.00609	0.00203	0.00977	0.00488	0.00330	0.01065
3	0.01022	0.00819	0.00933	0.00989	0.01225	0.00730	0.00799	0.01269	0.01773	0.02166	0.06666	0.07869	0.47577	0.02020	0.00965	0.00292	0.00495	0.21000	0.00718	0.00673
4	0.02063	0.01805	0.02353	0.11000	0.02587	0.02299	0.01686	0.22007	0.02015	0.02839	0.01333	0.01797	0.01115	0.01145	0.01751	0.00295	0.39747	0.00686	0.00478	0.00999
5	0.01131	0.01803	0.22355	0.01265	0.01790	0.01021	0.01327	0.01558	0.01737	0.02264	0.09234	0.09037	0.39412	0.01577	0.00863	0.00258	0.00633	0.01316	0.00604	0.00814
6	0.01003	0.00699	0.00883	0.01005	0.01036	0.00668	0.00640	0.01095	0.01371	0.01828	0.03693	0.50943	0.04396	0.24730	0.01927	0.00453	0.00546	0.01863	0.00640	0.00579
7	0.01493	0.01392	0.01948	0.05549	0.01942	0.01817	0.01416	0.01745	0.01527	0.02267	0.22123	0.03016	0.03016	0.01397	0.01929	0.00304	0.44896	0.00909	0.00503	0.00812
8	0.01068	0.00725	0.00884	0.00922	0.01043	0.00660	0.00638	0.01074	0.01439	0.01807	0.04789	0.19516	0.30433	0.05429	0.01737	0.24771	0.00510	0.01429	0.00587	0.00540

[dist]
# distance from previous block
# <min> <max>
0	6

# created by:
# /st0/software/busco_prod/Augustus/scripts/msa2prfl.pl ./align_prep/115630.fa
