[name]
unknown

[dist]
# distance from previous block
# <min> <max>
0	16

[block]
# block no. 0 follows, 24 sequences, length 6
# corresponding to MSA columns:
# 16-21
name=unknown_A
#
# <colnr> <probs for GDERKNQSTAVLIFYWHMCP>
#	G	D	E	R	K	N	Q	S	T	A	V	L	I	F	Y	W	H	M	C	P
0	0.10854	0.01126	0.01285	0.01204	0.01510	0.01100	0.00913	0.09076	0.01891	0.02826	0.10797	0.30989	0.03790	0.01645	0.00847	0.00262	0.00556	0.05173	0.00685	0.13471
1	0.13216	0.01394	0.01526	0.05092	0.01901	0.01516	0.01086	0.12496	0.16785	0.06489	0.09028	0.10948	0.09592	0.01360	0.00896	0.03295	0.00627	0.01059	0.00714	0.00981
2	0.01140	0.00856	0.01017	0.01073	0.01199	0.00847	0.00734	0.01541	0.09490	0.02211	0.10335	0.35861	0.11729	0.16338	0.01586	0.00393	0.00528	0.01716	0.00706	0.00699
3	0.02623	0.01384	0.01808	0.09920	0.02351	0.01387	0.01265	0.07881	0.11830	0.34710	0.09961	0.06398	0.02649	0.01116	0.00824	0.00255	0.00686	0.00938	0.00839	0.01175
4	0.01195	0.00931	0.01137	0.01125	0.01294	0.00947	0.00822	0.01681	0.09724	0.02587	0.27366	0.23522	0.12726	0.06349	0.01223	0.00312	0.03971	0.01566	0.00759	0.00762
5	0.01021	0.00723	0.00947	0.01075	0.01122	0.00706	0.00713	0.01147	0.01420	0.01908	0.03761	0.51160	0.04429	0.16653	0.08849	0.00512	0.00698	0.01887	0.00652	0.00618

[dist]
# distance from previous block
# <min> <max>
3	11

[block]
# block no. 1 follows, 24 sequences, length 10
# corresponding to MSA columns:
# 33-42
name=unknown_B
#
# <colnr> <probs for GDERKNQSTAVLIFYWHMCP>
#	G	D	E	R	K	N	Q	S	T	A	V	L	I	F	Y	W	H	M	C	P
0	0.05655	0.01483	0.01640	0.01385	0.01816	0.01570	0.01090	0.19025	0.16365	0.13927	0.06595	0.06816	0.07121	0.05837	0.01011	0.00285	0.00652	0.00976	0.05660	0.01090
1	0.18655	0.01461	0.01666	0.04085	0.01976	0.01464	0.02691	0.13228	0.02135	0.14767	0.09667	0.02642	0.04851	0.00959	0.00711	0.00223	0.00654	0.00759	0.04099	0.13307
2	0.04615	0.09755	0.10568	0.09341	0.10216	0.02026	0.15440	0.08948	0.01921	0.06855	0.01553	0.01888	0.01189	0.00798	0.00904	0.00242	0.06391	0.00692	0.00463	0.06195
3	0.05581	0.01633	0.01813	0.01380	0.01971	0.01564	0.01102	0.24273	0.02354	0.06794	0.01776	0.02148	0.01443	0.08245	0.01029	0.00241	0.00714	0.00644	0.00614	0.34683
4	0.01442	0.00791	0.00880	0.05326	0.01249	0.00807	0.00683	0.01823	0.01719	0.02919	0.09238	0.03212	0.02540	0.00988	0.00610	0.00197	0.00415	0.00810	0.63603	0.00749
5	0.01376	0.01262	0.02085	0.26872	0.03227	0.01387	0.10152	0.01848	0.04269	0.02278	0.09777	0.18948	0.07461	0.01378	0.00967	0.00280	0.03796	0.01249	0.00550	0.00838
6	0.01332	0.00760	0.00812	0.00812	0.00966	0.00757	0.00579	0.01606	0.01550	0.02511	0.03105	0.03890	0.08989	0.15171	0.06561	0.00391	0.00586	0.00926	0.48019	0.00679
7	0.02724	0.01973	0.02195	0.01817	0.04676	0.02155	0.01426	0.45468	0.11496	0.08579	0.07324	0.02415	0.02014	0.01014	0.00806	0.00243	0.00791	0.00800	0.00799	0.01285
8	0.02132	0.06993	0.04132	0.01615	0.04846	0.01546	0.03249	0.05123	0.18863	0.17519	0.13548	0.07556	0.03009	0.01137	0.00806	0.00245	0.00662	0.00971	0.00751	0.05295
9	0.03738	0.00975	0.01198	0.01227	0.01372	0.01016	0.00884	0.05465	0.04505	0.02354	0.05563	0.47796	0.06681	0.04174	0.01167	0.00316	0.05940	0.01779	0.00693	0.03156

[dist]
# distance from previous block
# <min> <max>
0	1

[block]
# block no. 2 follows, 24 sequences, length 76
# corresponding to MSA columns:
# 44-119
name=unknown_C
#
# <colnr> <probs for GDERKNQSTAVLIFYWHMCP>
#	G	D	E	R	K	N	Q	S	T	A	V	L	I	F	Y	W	H	M	C	P
0	0.02256	0.01709	0.01923	0.01442	0.02102	0.01610	0.01171	0.24255	0.06111	0.07216	0.01787	0.01872	0.01353	0.00766	0.00685	0.00176	0.00695	0.00599	0.00633	0.41640
1	0.02800	0.01960	0.07445	0.04263	0.05247	0.01859	0.01534	0.24779	0.13403	0.24607	0.02449	0.02331	0.01686	0.00950	0.00793	0.00247	0.00801	0.00761	0.00786	0.01298
2	0.69893	0.01601	0.04166	0.01101	0.01597	0.01717	0.00945	0.02269	0.01374	0.03423	0.01306	0.05342	0.01117	0.00837	0.00533	0.00250	0.00630	0.00541	0.00498	0.00861
3	0.00993	0.00707	0.00931	0.01079	0.01136	0.00662	0.00722	0.01147	0.01570	0.02112	0.10564	0.60947	0.05328	0.06619	0.01188	0.00342	0.00470	0.02105	0.00734	0.00645
4	0.01765	0.01631	0.02696	0.26385	0.16769	0.01798	0.10904	0.08267	0.01867	0.02516	0.03889	0.02488	0.05155	0.00997	0.01055	0.03590	0.05973	0.00816	0.00449	0.00991
5	0.01118	0.00807	0.01059	0.01023	0.01201	0.00748	0.00769	0.01476	0.02179	0.03069	0.60027	0.10485	0.07213	0.01702	0.00947	0.00259	0.00394	0.03925	0.00858	0.00740
6	0.02827	0.14976	0.02565	0.01921	0.02384	0.55291	0.01502	0.05701	0.02207	0.02061	0.01235	0.01425	0.01035	0.00800	0.00685	0.00200	0.01311	0.00505	0.00414	0.00954
7	0.01466	0.00743	0.00758	0.00758	0.00942	0.00748	0.00570	0.01832	0.01649	0.02916	0.02570	0.02962	0.02031	0.01104	0.03008	0.00224	0.00432	0.00743	0.73804	0.00738
8	0.02707	0.02088	0.02255	0.10346	0.02740	0.06053	0.01532	0.44817	0.06522	0.06970	0.02169	0.02220	0.03972	0.00974	0.00795	0.00242	0.00888	0.00752	0.00722	0.01233
9	0.02777	0.01903	0.02093	0.01649	0.02189	0.02059	0.01330	0.47140	0.05071	0.11487	0.02244	0.05366	0.01765	0.07851	0.01115	0.00294	0.00815	0.00838	0.00782	0.01232
10	0.01625	0.01472	0.02465	0.05962	0.02592	0.01506	0.20595	0.09438	0.05602	0.02626	0.02845	0.28140	0.02929	0.01505	0.01005	0.00292	0.03618	0.04256	0.00606	0.00921
11	0.30188	0.11266	0.04081	0.01892	0.09539	0.17846	0.01403	0.10468	0.01958	0.03006	0.01288	0.01486	0.01029	0.00772	0.00626	0.00224	0.00922	0.00520	0.00475	0.01010
12	0.00966	0.00690	0.00920	0.01104	0.01150	0.00644	0.00736	0.01104	0.01518	0.02024	0.04371	0.71614	0.05245	0.02484	0.01012	0.00322	0.00460	0.02254	0.00736	0.00644
13	0.01638	0.01414	0.01755	0.13423	0.05279	0.03482	0.01414	0.02672	0.23664	0.02725	0.09233	0.04479	0.03075	0.01315	0.00875	0.00279	0.00738	0.16509	0.00666	0.05363
14	0.01930	0.07909	0.38014	0.02392	0.09476	0.04829	0.06820	0.06191	0.04142	0.06051	0.01629	0.01923	0.01226	0.03033	0.00862	0.00259	0.01074	0.00657	0.00431	0.01152
15	0.01014	0.00744	0.00952	0.01031	0.01152	0.00682	0.00723	0.01238	0.01796	0.02422	0.25509	0.41758	0.13777	0.02138	0.00977	0.00291	0.00424	0.01909	0.00781	0.00682
16	0.01598	0.01356	0.01585	0.01160	0.01811	0.01029	0.00914	0.01928	0.01620	0.02521	0.01570	0.04600	0.01404	0.03399	0.00736	0.00151	0.00589	0.00568	0.00481	0.70977
17	0.04525	0.03493	0.01867	0.04051	0.04765	0.03621	0.01249	0.02034	0.05570	0.02370	0.04754	0.10283	0.02011	0.01409	0.05088	0.00296	0.16801	0.00841	0.00497	0.24476
18	0.01002	0.00722	0.00943	0.01095	0.01170	0.00675	0.00756	0.01167	0.01583	0.02102	0.08078	0.57276	0.08797	0.05146	0.01129	0.00335	0.00482	0.06158	0.00733	0.00651
19	0.01663	0.01399	0.01630	0.01201	0.01857	0.01096	0.00953	0.04899	0.01735	0.02660	0.01633	0.06386	0.01458	0.00733	0.00626	0.00137	0.00592	0.00602	0.00503	0.68237
20	0.02311	0.01484	0.01799	0.05357	0.02147	0.01414	0.01174	0.16113	0.05051	0.18561	0.06032	0.08810	0.02189	0.01030	0.00763	0.00216	0.00675	0.00855	0.00718	0.23299
21	0.02160	0.28234	0.21402	0.04764	0.02686	0.11089	0.01871	0.10577	0.05691	0.02549	0.01447	0.01621	0.01140	0.00780	0.00670	0.00216	0.01014	0.00557	0.00433	0.01098
22	0.01967	0.01599	0.01703	0.01526	0.01967	0.01804	0.01189	0.03906	0.56112	0.06933	0.03670	0.03380	0.08409	0.01157	0.00819	0.00267	0.00609	0.00963	0.00810	0.01206
23	0.02031	0.01833	0.05687	0.01842	0.06524	0.01903	0.01416	0.07347	0.49073	0.05823	0.03120	0.02935	0.04778	0.01059	0.00806	0.00263	0.00687	0.00883	0.00755	0.01236
24	0.01590	0.04102	0.68023	0.02260	0.03432	0.01842	0.02930	0.02511	0.01674	0.02511	0.01423	0.01674	0.01005	0.00753	0.00753	0.00251	0.01172	0.00586	0.00335	0.01172
25	0.00966	0.00690	0.00920	0.01104	0.01150	0.00644	0.00736	0.01104	0.01518	0.02024	0.04371	0.71614	0.05245	0.02484	0.01012	0.00322	0.00460	0.02254	0.00736	0.00644
26	0.01421	0.01285	0.01806	0.01655	0.01701	0.01680	0.01321	0.01612	0.01280	0.01897	0.01951	0.14130	0.02075	0.05265	0.20274	0.00607	0.37810	0.01018	0.00439	0.00773
27	0.01039	0.00748	0.00992	0.01110	0.01212	0.00701	0.00797	0.01262	0.01739	0.02349	0.19683	0.46545	0.07549	0.02226	0.01001	0.00308	0.00468	0.08822	0.00769	0.00680
28	0.01908	0.02166	0.06837	0.03039	0.03805	0.01994	0.52030	0.06057	0.01929	0.02655	0.01579	0.02062	0.01195	0.00716	0.00977	0.00261	0.04390	0.00873	0.00422	0.05104
29	0.02320	0.34755	0.05711	0.01915	0.06180	0.24461	0.01585	0.02587	0.01786	0.01964	0.01171	0.01436	0.01036	0.00813	0.00851	0.00209	0.09359	0.00508	0.00366	0.00988
30	0.02910	0.03514	0.02233	0.01998	0.02430	0.58881	0.01514	0.08954	0.06047	0.02305	0.01404	0.01562	0.01133	0.00845	0.00728	0.00211	0.01332	0.00552	0.00467	0.00979
31	0.09973	0.01542	0.02749	0.24105	0.06460	0.01629	0.22169	0.02065	0.01650	0.02389	0.02027	0.15723	0.01917	0.01075	0.00849	0.00273	0.00977	0.01056	0.00461	0.00910
32	0.00982	0.00710	0.00934	0.01106	0.01174	0.00661	0.00759	0.01137	0.01553	0.02051	0.04583	0.64138	0.08941	0.02439	0.01012	0.00321	0.00472	0.05640	0.00736	0.00651
33	0.02066	0.01734	0.01868	0.01635	0.02062	0.02010	0.01282	0.12423	0.50234	0.03388	0.02880	0.02845	0.02212	0.04442	0.01062	0.00293	0.04720	0.00871	0.00763	0.01209
34	0.02520	0.01895	0.02093	0.05633	0.02433	0.02124	0.01417	0.31161	0.29920	0.08352	0.02522	0.02419	0.01830	0.00998	0.00799	0.00253	0.00765	0.00797	0.00786	0.01282
35	0.01099	0.00810	0.01033	0.01009	0.01199	0.00743	0.00764	0.01436	0.02117	0.02921	0.51171	0.10152	0.15000	0.01761	0.00951	0.00264	0.00407	0.05596	0.00837	0.00731
36	0.02104	0.03939	0.02174	0.05537	0.02411	0.01678	0.05491	0.17490	0.09703	0.05532	0.01807	0.01948	0.01381	0.00767	0.00703	0.00189	0.00750	0.00634	0.00590	0.35171
37	0.02007	0.05539	0.01854	0.01275	0.01932	0.01312	0.01038	0.08479	0.01920	0.10506	0.01776	0.04853	0.01456	0.00759	0.00647	0.00157	0.00636	0.00609	0.00567	0.52678
38	0.73357	0.01526	0.01235	0.05014	0.01759	0.01778	0.00936	0.02313	0.01363	0.03470	0.01122	0.01336	0.00870	0.00739	0.00508	0.00246	0.00639	0.00445	0.00483	0.00860
39	0.01420	0.01312	0.02154	0.11592	0.04768	0.01492	0.10699	0.01739	0.01535	0.02115	0.02549	0.23939	0.02723	0.01841	0.05229	0.00367	0.16613	0.06576	0.00514	0.00823
40	0.01098	0.00746	0.00881	0.00935	0.00949	0.00732	0.00555	0.01139	0.01260	0.01680	0.03048	0.24680	0.03576	0.51695	0.03149	0.00638	0.00678	0.01476	0.00555	0.00528
41	0.02103	0.69490	0.04079	0.01389	0.02037	0.03107	0.01373	0.02354	0.01594	0.01868	0.01100	0.01292	0.01019	0.00710	0.00601	0.00177	0.03921	0.00436	0.00340	0.01011
42	0.02154	0.01665	0.02537	0.23105	0.16908	0.01775	0.06257	0.11564	0.05754	0.11973	0.01980	0.02466	0.01513	0.00886	0.00809	0.00252	0.00918	0.03394	0.00563	0.03528
43	0.01114	0.00730	0.00966	0.01107	0.01180	0.00679	0.00744	0.01253	0.01537	0.05480	0.04199	0.64195	0.04937	0.06354	0.01172	0.00343	0.00489	0.02115	0.00735	0.00672
44	0.01540	0.01352	0.02106	0.06746	0.04832	0.01463	0.11164	0.02149	0.09908	0.04306	0.21700	0.12463	0.03764	0.01369	0.01154	0.00279	0.10961	0.01189	0.00641	0.00912
45	0.19802	0.12752	0.04685	0.07870	0.02468	0.13937	0.01455	0.18702	0.02216	0.04646	0.01418	0.01609	0.01094	0.00833	0.00731	0.00231	0.03421	0.00566	0.00521	0.01046
46	0.00966	0.00690	0.00920	0.01104	0.01150	0.00644	0.00736	0.01104	0.01518	0.02024	0.04371	0.71614	0.05245	0.02484	0.01012	0.00322	0.00460	0.02254	0.00736	0.00644
47	0.01804	0.01938	0.05557	0.24410	0.22960	0.06294	0.15751	0.02328	0.01777	0.02342	0.01653	0.02474	0.01381	0.00835	0.00835	0.00259	0.01091	0.04871	0.00404	0.01037
48	0.01592	0.01432	0.02331	0.13708	0.29847	0.01487	0.03799	0.02078	0.04605	0.02392	0.02527	0.16358	0.02546	0.01303	0.00883	0.00279	0.00834	0.10484	0.00523	0.00993
49	0.01275	0.00839	0.01089	0.01026	0.01236	0.00765	0.00769	0.01613	0.02155	0.07740	0.52976	0.11657	0.10478	0.01675	0.00932	0.00257	0.00405	0.01475	0.00860	0.00778
50	0.02947	0.02739	0.02306	0.01891	0.02438	0.25585	0.01504	0.40316	0.06150	0.03854	0.01730	0.01789	0.01285	0.00911	0.00767	0.00228	0.01055	0.00652	0.00660	0.01195
51	0.00985	0.00708	0.00920	0.01082	0.01142	0.00661	0.00728	0.01124	0.01521	0.02011	0.04463	0.62125	0.08636	0.06671	0.01193	0.00347	0.00483	0.03840	0.00720	0.00638
52	0.02790	0.02016	0.02218	0.01733	0.02297	0.02227	0.01426	0.52300	0.03328	0.07892	0.02292	0.02318	0.05171	0.01235	0.03632	0.00287	0.04033	0.00778	0.00765	0.01262
53	0.57428	0.01712	0.06833	0.01287	0.03763	0.01665	0.01091	0.02315	0.01447	0.04942	0.01337	0.03857	0.01093	0.00790	0.00557	0.00236	0.00664	0.00528	0.00494	0.07962
54	0.02962	0.03779	0.02247	0.02043	0.02451	0.68948	0.01532	0.03166	0.02247	0.01941	0.01226	0.01430	0.01021	0.00817	0.00715	0.00204	0.01430	0.00511	0.00409	0.00919
55	0.01612	0.01382	0.01606	0.01158	0.01843	0.01040	0.00924	0.01958	0.01652	0.02564	0.01708	0.01914	0.04136	0.00651	0.00603	0.00124	0.00579	0.00524	0.00482	0.73539
56	0.01194	0.00758	0.00918	0.00918	0.00925	0.00766	0.00546	0.01145	0.01137	0.01524	0.02270	0.04562	0.02555	0.55716	0.07305	0.14964	0.00826	0.01051	0.00452	0.00467
57	0.01727	0.05792	0.02522	0.10766	0.02512	0.02384	0.01773	0.01950	0.01285	0.01921	0.01092	0.01757	0.01042	0.01271	0.02250	0.00326	0.57726	0.00680	0.00347	0.00878
58	0.01478	0.00739	0.00739	0.00739	0.00924	0.00739	0.00554	0.01848	0.01663	0.02956	0.02587	0.02956	0.02033	0.00924	0.00554	0.00185	0.00370	0.00739	0.76534	0.00739
59	0.21262	0.50399	0.03293	0.01306	0.01934	0.02754	0.01240	0.06132	0.01674	0.02483	0.01151	0.01314	0.00998	0.00710	0.00521	0.00193	0.00790	0.00443	0.00405	0.00998
60	0.01478	0.00739	0.00739	0.00739	0.00924	0.00739	0.00554	0.01848	0.01663	0.02956	0.02587	0.02956	0.02033	0.00924	0.00554	0.00185	0.00370	0.00739	0.76534	0.00739
61	0.16245	0.10988	0.02577	0.22085	0.05722	0.07677	0.06393	0.14308	0.02042	0.02917	0.01411	0.01751	0.01087	0.00787	0.00704	0.00238	0.00960	0.00621	0.00471	0.01016
62	0.00937	0.00803	0.00803	0.00803	0.01071	0.00669	0.00602	0.01138	0.01807	0.02142	0.08033	0.07632	0.66863	0.02008	0.00937	0.00268	0.00402	0.01674	0.00736	0.00669
63	0.01603	0.01812	0.06824	0.12369	0.03584	0.01681	0.36443	0.02135	0.01723	0.02334	0.02147	0.17119	0.02040	0.01106	0.00974	0.00280	0.03253	0.01162	0.00461	0.00950
64	0.01134	0.00846	0.01255	0.01255	0.01390	0.00981	0.00967	0.01404	0.01269	0.01826	0.02142	0.03213	0.02025	0.09082	0.65913	0.01250	0.02060	0.00864	0.00427	0.00697
65	0.01004	0.00728	0.00959	0.01102	0.01184	0.00668	0.00746	0.01164	0.01562	0.02110	0.07548	0.65053	0.05184	0.02355	0.00989	0.00309	0.00461	0.02132	0.00732	0.04008
66	0.01557	0.01470	0.02486	0.61846	0.13375	0.01777	0.02232	0.02078	0.01614	0.02098	0.01420	0.02095	0.01083	0.00782	0.00792	0.00261	0.01042	0.00705	0.00358	0.00929
67	0.02879	0.05092	0.02384	0.01892	0.02421	0.28616	0.06371	0.14169	0.05438	0.17438	0.01927	0.01982	0.01406	0.01052	0.03137	0.00264	0.01118	0.00672	0.00623	0.01117
68	0.01377	0.00689	0.01033	0.01033	0.01033	0.00689	0.00689	0.01033	0.01033	0.01377	0.01377	0.02410	0.01377	0.02755	0.03099	0.76928	0.00689	0.00689	0.00344	0.00344
69	0.00981	0.00701	0.00937	0.01114	0.01168	0.00656	0.00755	0.01134	0.01550	0.02069	0.06149	0.67555	0.05285	0.02449	0.01013	0.00321	0.00467	0.04304	0.00740	0.00650
70	0.01233	0.05491	0.06103	0.11753	0.04975	0.01145	0.03482	0.01523	0.01570	0.02091	0.03308	0.46751	0.03760	0.01864	0.00919	0.00294	0.00673	0.01685	0.00601	0.00779
71	0.01867	0.14941	0.03015	0.23489	0.30911	0.04989	0.02074	0.02299	0.01724	0.02249	0.01500	0.02159	0.01285	0.00796	0.00746	0.00236	0.00971	0.03299	0.00386	0.01062
72	0.02743	0.03426	0.02433	0.02135	0.02522	0.56544	0.05799	0.02975	0.02099	0.01977	0.01229	0.01514	0.01036	0.00875	0.00953	0.00225	0.09626	0.00561	0.00401	0.00923
73	0.10230	0.01627	0.06053	0.30992	0.17772	0.01644	0.01919	0.02226	0.01640	0.06340	0.01604	0.02253	0.01285	0.00914	0.00867	0.03882	0.00915	0.02999	0.00433	0.04406
74	0.03064	0.08547	0.06581	0.04596	0.02279	0.01507	0.01372	0.03498	0.04894	0.48994	0.02676	0.02445	0.01756	0.00945	0.00823	0.00243	0.02955	0.00743	0.00819	0.01264
75	0.01546	0.00961	0.01174	0.01076	0.01358	0.00882	0.00819	0.05538	0.02122	0.12921	0.28722	0.14762	0.21624	0.01703	0.00916	0.00263	0.00470	0.01468	0.00830	0.00843

[dist]
# distance from previous block
# <min> <max>
2	4

[block]
# block no. 3 follows, 24 sequences, length 29
# corresponding to MSA columns:
# 124-152
name=unknown_D
#
# <colnr> <probs for GDERKNQSTAVLIFYWHMCP>
#	G	D	E	R	K	N	Q	S	T	A	V	L	I	F	Y	W	H	M	C	P
0	0.01628	0.02558	0.31544	0.05763	0.04804	0.01527	0.07176	0.02335	0.04089	0.05794	0.06937	0.03371	0.05379	0.01070	0.00833	0.00261	0.00946	0.08557	0.00508	0.04920
1	0.01603	0.01362	0.01598	0.01161	0.01824	0.01033	0.00925	0.01957	0.01692	0.02631	0.06565	0.01982	0.01672	0.00669	0.00615	0.00128	0.00570	0.00546	0.00502	0.70966
2	0.01540	0.01285	0.01548	0.01635	0.07267	0.01357	0.01125	0.02647	0.28959	0.02796	0.10618	0.21110	0.06150	0.01512	0.00875	0.00273	0.00575	0.03122	0.00738	0.04869
3	0.01557	0.00815	0.00823	0.00795	0.01002	0.00827	0.00603	0.05048	0.01768	0.03061	0.02552	0.02903	0.01998	0.00925	0.00567	0.00187	0.00395	0.00738	0.72667	0.00770
4	0.02881	0.01474	0.01800	0.01428	0.01935	0.01445	0.01144	0.18864	0.04873	0.36362	0.08358	0.03063	0.02411	0.08852	0.01165	0.00302	0.00707	0.00875	0.00862	0.01197
5	0.11098	0.02013	0.02095	0.01684	0.02255	0.02260	0.01371	0.42275	0.19208	0.04410	0.02151	0.02103	0.01566	0.00959	0.00763	0.00247	0.00781	0.00729	0.00763	0.01270
6	0.01644	0.01409	0.01644	0.01175	0.01879	0.01057	0.00940	0.01997	0.01644	0.02584	0.01409	0.01644	0.01175	0.00587	0.00587	0.00117	0.00587	0.00470	0.00470	0.76979
7	0.14744	0.08396	0.02067	0.01434	0.02043	0.04254	0.01191	0.23113	0.02387	0.09608	0.03729	0.01866	0.01436	0.00820	0.00668	0.00203	0.00742	0.00603	0.00628	0.20071
8	0.05446	0.02071	0.06912	0.01677	0.02263	0.05297	0.01444	0.32813	0.02817	0.19184	0.04948	0.02330	0.01755	0.03757	0.00974	0.00264	0.03327	0.00752	0.00750	0.01220
9	0.01056	0.00759	0.01000	0.01043	0.01170	0.00704	0.00743	0.01329	0.01934	0.02686	0.40101	0.33997	0.06526	0.01990	0.00968	0.00280	0.00411	0.01785	0.00814	0.00704
10	0.03128	0.01350	0.01815	0.05166	0.02152	0.01242	0.01200	0.05766	0.05080	0.52997	0.08925	0.02950	0.02426	0.01034	0.00810	0.00248	0.00673	0.00853	0.00922	0.01264
11	0.01859	0.02043	0.03433	0.05806	0.03231	0.07902	0.32216	0.02292	0.01658	0.02231	0.01515	0.05416	0.01329	0.01014	0.01461	0.00291	0.24070	0.00874	0.00398	0.00960
12	0.01846	0.01743	0.02837	0.21013	0.43859	0.01864	0.02236	0.02541	0.09325	0.02534	0.01676	0.02119	0.01344	0.00772	0.00790	0.00247	0.00934	0.00729	0.00431	0.01161
13	0.02950	0.01879	0.07325	0.01569	0.02229	0.04488	0.01369	0.15815	0.04981	0.35781	0.02439	0.02272	0.01635	0.00902	0.00763	0.00227	0.00775	0.00712	0.00792	0.11096
14	0.00947	0.00795	0.00823	0.00835	0.01082	0.00671	0.00619	0.01149	0.01802	0.02173	0.10040	0.12612	0.59681	0.02031	0.00943	0.00271	0.00405	0.01710	0.00742	0.00671
15	0.02092	0.06729	0.01891	0.01486	0.01894	0.01768	0.01187	0.12443	0.26223	0.10025	0.07400	0.11121	0.02719	0.01238	0.00902	0.00260	0.04408	0.01009	0.04097	0.01108
16	0.01856	0.09026	0.50478	0.02195	0.03236	0.01933	0.07461	0.05232	0.01815	0.07268	0.01556	0.01763	0.01105	0.00766	0.00754	0.00245	0.01111	0.00622	0.00406	0.01172
17	0.00966	0.00690	0.00920	0.01104	0.01150	0.00644	0.00736	0.01104	0.01518	0.02024	0.04371	0.71614	0.05245	0.02484	0.01012	0.00322	0.00460	0.02254	0.00736	0.00644
18	0.02635	0.05722	0.02233	0.05166	0.02402	0.02177	0.01411	0.37163	0.17073	0.09166	0.02255	0.02222	0.01631	0.00958	0.00771	0.00241	0.00789	0.00746	0.03978	0.01260
19	0.02253	0.44750	0.19900	0.01796	0.02555	0.06304	0.01833	0.02579	0.01870	0.02381	0.04820	0.02056	0.01636	0.00959	0.00741	0.00255	0.01027	0.00626	0.00477	0.01183
20	0.02381	0.28801	0.08954	0.02016	0.09777	0.04996	0.03893	0.08812	0.07535	0.12930	0.01782	0.01859	0.01354	0.00802	0.00685	0.00217	0.00885	0.00621	0.00536	0.01162
21	0.01540	0.25996	0.05654	0.01371	0.01730	0.01855	0.01221	0.01814	0.01397	0.01862	0.01694	0.02485	0.01612	0.09062	0.32032	0.00737	0.06014	0.00704	0.00390	0.00830
22	0.01117	0.00754	0.00876	0.00911	0.00920	0.00745	0.00530	0.01144	0.01224	0.01632	0.02860	0.18025	0.03339	0.58673	0.03452	0.00682	0.00709	0.01366	0.00530	0.00512
23	0.05576	0.01955	0.02093	0.01623	0.02217	0.02091	0.01322	0.46067	0.06059	0.04299	0.02079	0.02202	0.03448	0.03785	0.00888	0.00245	0.00792	0.00725	0.00723	0.11812
24	0.06282	0.02238	0.10666	0.01774	0.02375	0.02165	0.01597	0.42177	0.02917	0.04089	0.01790	0.01965	0.01334	0.01313	0.05942	0.00322	0.05464	0.00693	0.03699	0.01198
25	0.01478	0.00739	0.00739	0.00739	0.00924	0.00739	0.00554	0.01848	0.01663	0.02956	0.02587	0.02956	0.02033	0.00924	0.00554	0.00185	0.00370	0.00739	0.76534	0.00739
26	0.08811	0.01509	0.01725	0.01432	0.01914	0.01570	0.01147	0.15661	0.16356	0.22848	0.12729	0.05694	0.02838	0.01135	0.00803	0.00253	0.00644	0.00928	0.00837	0.01166
27	0.01646	0.01461	0.02260	0.11117	0.08460	0.01431	0.12130	0.06579	0.04112	0.02517	0.04200	0.09884	0.02113	0.11238	0.01270	0.00308	0.00840	0.00954	0.00514	0.16967
28	0.02004	0.10751	0.05814	0.14878	0.02753	0.04114	0.01450	0.02720	0.12647	0.10224	0.01878	0.02032	0.01423	0.00786	0.00694	0.00204	0.00792	0.00629	0.00539	0.23668

[dist]
# distance from previous block
# <min> <max>
4	13

[block]
# block no. 4 follows, 24 sequences, length 7
# corresponding to MSA columns:
# 166-172
name=unknown_E
#
# <colnr> <probs for GDERKNQSTAVLIFYWHMCP>
#	G	D	E	R	K	N	Q	S	T	A	V	L	I	F	Y	W	H	M	C	P
0	0.06121	0.01274	0.01465	0.04765	0.01829	0.01329	0.01044	0.08008	0.17156	0.11504	0.13401	0.11631	0.14395	0.01421	0.00851	0.00264	0.00580	0.01199	0.00777	0.00988
1	0.01405	0.05927	0.01519	0.01262	0.01443	0.01240	0.00976	0.06385	0.01521	0.02109	0.07000	0.03222	0.02294	0.12297	0.35346	0.09414	0.04574	0.00867	0.00477	0.00722
2	0.08470	0.06044	0.01963	0.01686	0.02072	0.40076	0.01282	0.02769	0.02016	0.09833	0.02010	0.14392	0.01892	0.01128	0.00752	0.00232	0.01072	0.00853	0.00539	0.00920
3	0.02044	0.12975	0.01883	0.01287	0.01714	0.01557	0.01050	0.02875	0.19704	0.16463	0.10820	0.08066	0.07537	0.01208	0.00773	0.00242	0.00594	0.00999	0.07164	0.01047
4	0.01463	0.01050	0.01247	0.01191	0.01466	0.01035	0.00932	0.07398	0.08222	0.06235	0.21340	0.13826	0.18902	0.01753	0.00937	0.00280	0.00529	0.10550	0.00796	0.00849
5	0.01545	0.01158	0.01254	0.01203	0.01441	0.05743	0.00904	0.02024	0.09073	0.08336	0.23198	0.13629	0.10376	0.09255	0.01253	0.00326	0.00594	0.07113	0.00757	0.00819
6	0.33206	0.01429	0.01429	0.01240	0.01682	0.01552	0.00988	0.07711	0.11115	0.14996	0.02125	0.05708	0.01664	0.01093	0.00832	0.05671	0.00630	0.00720	0.05217	0.00990

[dist]
# distance from previous block
# <min> <max>
1	3

[block]
# block no. 5 follows, 24 sequences, length 49
# corresponding to MSA columns:
# 176-224
name=unknown_F
#
# <colnr> <probs for GDERKNQSTAVLIFYWHMCP>
#	G	D	E	R	K	N	Q	S	T	A	V	L	I	F	Y	W	H	M	C	P
0	0.01030	0.00732	0.00964	0.01105	0.01175	0.00693	0.00766	0.01202	0.01589	0.02133	0.10666	0.52395	0.05188	0.08930	0.01297	0.00361	0.00507	0.07892	0.00726	0.00648
1	0.04235	0.00948	0.01053	0.00977	0.01230	0.00941	0.00736	0.06421	0.01827	0.11695	0.02812	0.12712	0.02451	0.05931	0.00901	0.00257	0.00494	0.00979	0.42562	0.00838
2	0.25276	0.01104	0.01020	0.00959	0.01249	0.01204	0.00728	0.02141	0.08723	0.02989	0.04652	0.02981	0.04299	0.09723	0.01019	0.00290	0.00525	0.00769	0.29548	0.00800
3	0.00984	0.00715	0.00929	0.01065	0.01148	0.00660	0.00727	0.01159	0.01638	0.02187	0.12930	0.57597	0.10671	0.02331	0.00996	0.00308	0.00444	0.02097	0.00754	0.00660
4	0.00972	0.00789	0.00863	0.00878	0.01101	0.00679	0.00646	0.01194	0.01841	0.02300	0.17409	0.16268	0.48272	0.02010	0.00947	0.00272	0.00405	0.01714	0.00759	0.00679
5	0.14452	0.01112	0.01308	0.01144	0.01534	0.01045	0.00897	0.02407	0.01928	0.27220	0.13052	0.14019	0.13861	0.01429	0.00823	0.00261	0.00544	0.01193	0.00809	0.00964
6	0.01074	0.00795	0.01017	0.01167	0.01257	0.00781	0.00808	0.01420	0.07585	0.02161	0.04256	0.62522	0.04950	0.02339	0.00996	0.00319	0.00487	0.04619	0.00743	0.00705
7	0.00988	0.00704	0.00937	0.01115	0.01167	0.00662	0.00757	0.01134	0.01523	0.02028	0.04304	0.66301	0.05137	0.04600	0.01109	0.00338	0.00484	0.05340	0.00728	0.00644
8	0.01196	0.00762	0.00984	0.01066	0.01154	0.00715	0.00714	0.01338	0.01558	0.06530	0.09385	0.47369	0.04728	0.16717	0.01616	0.00403	0.00531	0.01854	0.00712	0.00668
9	0.01319	0.00708	0.01054	0.01067	0.01088	0.00722	0.00729	0.01084	0.01097	0.01479	0.01679	0.07393	0.01724	0.03122	0.10917	0.62361	0.00846	0.00819	0.00382	0.00410
10	0.04617	0.01560	0.01631	0.01353	0.01790	0.01699	0.01086	0.30543	0.10490	0.03890	0.02682	0.02747	0.06177	0.01024	0.00718	0.00227	0.00639	0.00801	0.25248	0.01078
11	0.01039	0.00741	0.00960	0.01103	0.01167	0.00705	0.00740	0.02815	0.01578	0.02112	0.06384	0.62938	0.05060	0.07124	0.01208	0.00347	0.00489	0.02110	0.00725	0.00656
12	0.01683	0.01503	0.02305	0.30896	0.13798	0.03984	0.05724	0.03678	0.06539	0.02198	0.01764	0.02342	0.03154	0.01209	0.01246	0.14979	0.00943	0.00752	0.00419	0.00885
13	0.01231	0.00956	0.01150	0.01238	0.01390	0.00993	0.00873	0.01921	0.18398	0.02364	0.04070	0.53572	0.04503	0.02114	0.00958	0.00308	0.00504	0.01898	0.00755	0.00805
14	0.03320	0.01297	0.01764	0.01370	0.01942	0.01125	0.01125	0.03633	0.02267	0.61422	0.09351	0.03014	0.02503	0.01044	0.00811	0.00246	0.00645	0.00860	0.00971	0.01291
15	0.01772	0.01689	0.02874	0.31687	0.41856	0.01834	0.02339	0.02266	0.01715	0.02359	0.01458	0.02025	0.01174	0.00742	0.00788	0.00247	0.00989	0.00706	0.00376	0.01102
16	0.02534	0.10469	0.05965	0.08066	0.06883	0.28144	0.01709	0.07276	0.07779	0.02613	0.02143	0.02744	0.03672	0.01116	0.00857	0.00278	0.01151	0.04906	0.00571	0.01124
17	0.02724	0.01940	0.02109	0.01670	0.02214	0.02118	0.01357	0.51924	0.03319	0.06791	0.02255	0.09599	0.01834	0.01119	0.00804	0.00244	0.00792	0.00886	0.05063	0.01237
18	0.02334	0.01842	0.01934	0.01656	0.02155	0.03693	0.01310	0.17159	0.46312	0.08203	0.02885	0.02675	0.02122	0.01036	0.00801	0.00259	0.00704	0.00841	0.00806	0.01274
19	0.01102	0.00774	0.00902	0.00919	0.00976	0.00765	0.00573	0.01173	0.01294	0.01701	0.03438	0.11596	0.12270	0.48843	0.09763	0.00705	0.00821	0.01302	0.00536	0.00546
20	0.01699	0.01466	0.01532	0.01400	0.01801	0.01629	0.01083	0.03403	0.48887	0.03007	0.04495	0.04191	0.19417	0.01322	0.00841	0.00269	0.00568	0.01101	0.00788	0.01101
21	0.00994	0.00717	0.00896	0.01027	0.01092	0.00668	0.00677	0.01117	0.01492	0.01957	0.04505	0.52557	0.12417	0.14165	0.01513	0.00391	0.00505	0.01997	0.00693	0.00620
22	0.11819	0.08004	0.01781	0.04225	0.01880	0.12909	0.01131	0.10109	0.01866	0.02552	0.02286	0.02777	0.07639	0.06613	0.17866	0.00520	0.01180	0.00768	0.03209	0.00865
23	0.00984	0.00788	0.00880	0.00894	0.01109	0.00684	0.00656	0.01215	0.01863	0.02362	0.20946	0.17066	0.43776	0.01993	0.00948	0.00272	0.00404	0.01708	0.00768	0.00684
24	0.09681	0.37758	0.10616	0.01430	0.01993	0.02373	0.01416	0.02215	0.01615	0.02323	0.07656	0.01940	0.01704	0.00878	0.00804	0.00215	0.08231	0.00593	0.05603	0.00958
25	0.04536	0.03087	0.40432	0.15580	0.08210	0.01847	0.10424	0.02410	0.01679	0.02467	0.01436	0.01822	0.01051	0.00746	0.00776	0.00254	0.01134	0.00655	0.00356	0.01097
26	0.01575	0.01488	0.02518	0.59349	0.15734	0.01782	0.02241	0.02094	0.01622	0.02120	0.01423	0.02089	0.01090	0.00778	0.00792	0.00259	0.01038	0.00705	0.00359	0.00943
27	0.01664	0.01659	0.02344	0.02000	0.02049	0.02250	0.03533	0.01855	0.01290	0.01950	0.01717	0.02303	0.07249	0.01424	0.02395	0.00337	0.61946	0.00794	0.00385	0.00855
28	0.09862	0.01765	0.02138	0.01705	0.02243	0.01882	0.07180	0.27340	0.12607	0.11931	0.06699	0.06744	0.02189	0.01068	0.00803	0.00253	0.00768	0.00891	0.00754	0.01175
29	0.53640	0.08757	0.09023	0.01341	0.01919	0.01872	0.04706	0.02303	0.01449	0.03139	0.01338	0.05058	0.01139	0.00820	0.00574	0.00244	0.00731	0.00570	0.00467	0.00910
30	0.01081	0.00762	0.00925	0.00988	0.01059	0.00729	0.00654	0.01205	0.01482	0.01965	0.10006	0.26368	0.10214	0.32068	0.02294	0.00504	0.00597	0.05866	0.00640	0.00593
31	0.01776	0.15172	0.47980	0.02295	0.06793	0.02049	0.06221	0.02527	0.01701	0.04396	0.01436	0.01682	0.01062	0.00740	0.00727	0.00237	0.01100	0.00593	0.00362	0.01150
32	0.03009	0.01444	0.01950	0.01776	0.08367	0.01351	0.01312	0.10984	0.02373	0.44578	0.07159	0.03186	0.02371	0.01079	0.00826	0.00252	0.00709	0.05141	0.00875	0.01256
33	0.05105	0.29074	0.23192	0.04341	0.02570	0.10101	0.01853	0.02409	0.01716	0.02243	0.05726	0.01791	0.01453	0.00826	0.00757	0.00220	0.04637	0.00579	0.00390	0.01016
34	0.02599	0.01842	0.02034	0.01633	0.02153	0.01997	0.01319	0.43968	0.07662	0.08717	0.08436	0.09228	0.02426	0.01176	0.00829	0.00250	0.00754	0.00951	0.00809	0.01217
35	0.01230	0.00908	0.01131	0.01181	0.01347	0.00860	0.00831	0.07391	0.01746	0.02368	0.03850	0.58203	0.04480	0.02156	0.00951	0.00295	0.00512	0.01936	0.00717	0.07907
36	0.01612	0.01555	0.02609	0.46905	0.11729	0.01851	0.06377	0.02091	0.01584	0.02131	0.01385	0.02032	0.01092	0.00843	0.01027	0.00266	0.10002	0.00710	0.00364	0.03835
37	0.02951	0.02116	0.02299	0.01757	0.02395	0.02290	0.01449	0.56833	0.03503	0.08369	0.01939	0.01931	0.01371	0.00929	0.00779	0.00230	0.00842	0.00702	0.00782	0.06533
38	0.01167	0.00948	0.01499	0.06661	0.01816	0.00933	0.08648	0.01384	0.01510	0.02009	0.03436	0.42343	0.03943	0.15493	0.01570	0.00398	0.00684	0.04254	0.00616	0.00687
39	0.01752	0.01923	0.09241	0.29050	0.37872	0.01834	0.02396	0.02289	0.01711	0.02372	0.01454	0.01991	0.01157	0.00743	0.00785	0.00248	0.01008	0.00694	0.00372	0.01108
40	0.01802	0.01370	0.01631	0.01188	0.01854	0.01050	0.00951	0.02151	0.01739	0.08988	0.05262	0.01989	0.01607	0.00684	0.00627	0.00137	0.00584	0.00556	0.00543	0.65287
41	0.01894	0.01814	0.03095	0.14515	0.58074	0.01866	0.02400	0.02373	0.01773	0.02507	0.01479	0.01985	0.01227	0.00719	0.00786	0.00240	0.00959	0.00706	0.00387	0.01201
42	0.01678	0.01663	0.02306	0.13339	0.02593	0.04329	0.01736	0.01922	0.01315	0.01923	0.01210	0.01918	0.01132	0.01700	0.08497	0.00416	0.50404	0.00705	0.00357	0.00856
43	0.01506	0.01663	0.08565	0.63820	0.05270	0.01769	0.02271	0.02072	0.01594	0.02072	0.01411	0.02073	0.01052	0.00789	0.00789	0.00263	0.01068	0.00694	0.00351	0.00908
44	0.01640	0.01467	0.02445	0.46076	0.19270	0.01686	0.02132	0.02133	0.01680	0.04034	0.01764	0.02799	0.01490	0.00922	0.00822	0.00267	0.00986	0.07005	0.00418	0.00965
45	0.04714	0.01429	0.02301	0.58871	0.08250	0.01742	0.02072	0.02122	0.04248	0.02173	0.01570	0.04310	0.01249	0.00851	0.00787	0.00264	0.00996	0.00750	0.00391	0.00908
46	0.01436	0.01132	0.01577	0.01404	0.01721	0.01059	0.06509	0.07691	0.01890	0.02595	0.10203	0.26121	0.05776	0.01727	0.01023	0.04281	0.00634	0.09205	0.00662	0.13354
47	0.04381	0.02291	0.13126	0.08472	0.02697	0.09155	0.04393	0.11143	0.01859	0.02559	0.01634	0.08588	0.01491	0.01159	0.01370	0.00283	0.23142	0.00815	0.00461	0.00980
48	0.02235	0.01648	0.01879	0.11075	0.02455	0.04506	0.01322	0.15227	0.19910	0.11864	0.02391	0.02660	0.01842	0.07366	0.03471	0.00325	0.00832	0.00796	0.02809	0.05387

[dist]
# distance from previous block
# <min> <max>
6	25

[block]
# block no. 6 follows, 24 sequences, length 11
# corresponding to MSA columns:
# 250-255,258-262
name=unknown_G
#
# <colnr> <probs for GDERKNQSTAVLIFYWHMCP>
#	G	D	E	R	K	N	Q	S	T	A	V	L	I	F	Y	W	H	M	C	P
0	0.07356	0.12191	0.44965	0.01970	0.02890	0.01878	0.04785	0.02328	0.01632	0.02456	0.01687	0.09254	0.01466	0.00928	0.00738	0.00249	0.01017	0.00750	0.00394	0.01067
1	0.01605	0.01758	0.08592	0.44530	0.17549	0.01762	0.04868	0.02156	0.01662	0.02224	0.01575	0.02385	0.01274	0.00836	0.00809	0.00262	0.01040	0.03752	0.00380	0.00984
2	0.01601	0.01384	0.01660	0.01250	0.01842	0.01148	0.00995	0.01921	0.01596	0.02481	0.01600	0.06941	0.01470	0.00802	0.00799	0.00153	0.06838	0.00625	0.00479	0.64412
3	0.01067	0.00797	0.01028	0.01115	0.01259	0.00706	0.00766	0.01237	0.01537	0.02108	0.03930	0.61208	0.04639	0.02202	0.00949	0.00292	0.00479	0.01989	0.00697	0.11996
4	0.01002	0.00749	0.00925	0.01032	0.01154	0.00684	0.00729	0.01187	0.01662	0.02160	0.10787	0.42128	0.21070	0.05342	0.01125	0.00324	0.00470	0.06075	0.00737	0.00659
5	0.02962	0.03779	0.02247	0.02043	0.02451	0.68948	0.01532	0.03166	0.02247	0.01941	0.01226	0.01430	0.01021	0.00817	0.00715	0.00204	0.01430	0.00511	0.00409	0.00919
6	0.01342	0.00993	0.01318	0.01459	0.01665	0.01021	0.01246	0.01913	0.09244	0.02464	0.04095	0.11641	0.04351	0.02077	0.01057	0.00352	0.00704	0.51532	0.00739	0.00787
7	0.01714	0.20126	0.53083	0.02049	0.03105	0.02145	0.02562	0.02479	0.01659	0.02360	0.01348	0.01580	0.01008	0.00736	0.00696	0.00232	0.01096	0.00548	0.00336	0.01136
8	0.00957	0.00726	0.00883	0.01010	0.01125	0.00652	0.00694	0.01115	0.01609	0.02061	0.05523	0.51488	0.24627	0.02335	0.00989	0.00305	0.00442	0.02072	0.00736	0.00652
9	0.00966	0.00690	0.00920	0.01104	0.01150	0.00644	0.00736	0.01104	0.01518	0.02024	0.04371	0.71614	0.05245	0.02484	0.01012	0.00322	0.00460	0.02254	0.00736	0.00644
10	0.01742	0.01486	0.01747	0.01280	0.01932	0.01245	0.01032	0.06167	0.01754	0.02699	0.01417	0.01668	0.01177	0.00667	0.00739	0.00141	0.05418	0.00502	0.00483	0.66704

[dist]
# distance from previous block
# <min> <max>
0	4

[block]
# block no. 7 follows, 24 sequences, length 8
# corresponding to MSA columns:
# 267-274
name=unknown_H
#
# <colnr> <probs for GDERKNQSTAVLIFYWHMCP>
#	G	D	E	R	K	N	Q	S	T	A	V	L	I	F	Y	W	H	M	C	P
0	0.01647	0.01070	0.01347	0.01219	0.01514	0.01077	0.00952	0.04415	0.11140	0.11951	0.33446	0.04694	0.07016	0.02063	0.10304	0.00398	0.00725	0.03303	0.00804	0.00916
1	0.00962	0.00706	0.00904	0.01063	0.01139	0.00648	0.00718	0.01109	0.01558	0.02041	0.04877	0.62771	0.13761	0.02419	0.01002	0.00315	0.00452	0.02174	0.00736	0.00648
2	0.02025	0.01944	0.06789	0.08907	0.02855	0.04637	0.12419	0.02384	0.01577	0.11163	0.01492	0.01959	0.01195	0.01090	0.01704	0.00300	0.35388	0.00737	0.00446	0.00991
3	0.01931	0.01945	0.03143	0.15751	0.40444	0.06045	0.10830	0.02511	0.04963	0.02481	0.01562	0.02030	0.01257	0.00741	0.00804	0.00245	0.01031	0.00735	0.00408	0.01144
4	0.01918	0.01881	0.03335	0.09402	0.55073	0.01890	0.09930	0.02417	0.01798	0.02544	0.01499	0.01995	0.01235	0.00708	0.00804	0.00241	0.00998	0.00734	0.00391	0.01206
5	0.01735	0.01735	0.02429	0.02082	0.02082	0.02429	0.01735	0.01908	0.01214	0.01908	0.01041	0.01735	0.01041	0.01388	0.02602	0.00347	0.70680	0.00694	0.00347	0.00867
6	0.02849	0.08175	0.02346	0.01973	0.02401	0.60699	0.01504	0.03176	0.05932	0.02017	0.01335	0.01509	0.01103	0.00823	0.00707	0.00206	0.01345	0.00528	0.00427	0.00945
7	0.01038	0.00909	0.01041	0.01202	0.07565	0.00789	0.00782	0.01265	0.01807	0.02186	0.07391	0.07075	0.60419	0.01880	0.00922	0.00265	0.00455	0.01579	0.00703	0.00727

[dist]
# distance from previous block
# <min> <max>
4	12

# created by:
# /st0/software/busco_prod/Augustus/scripts/msa2prfl.pl ./align_prep/115662.fa
