[name]
unknown

[dist]
# distance from previous block
# <min> <max>
6	22

[block]
# block no. 0 follows, 24 sequences, length 189
# corresponding to MSA columns:
# 22-210
name=unknown_A
#
# <colnr> <probs for GDERKNQSTAVLIFYWHMCP>
#	G	D	E	R	K	N	Q	S	T	A	V	L	I	F	Y	W	H	M	C	P
0	0.04920	0.34572	0.07509	0.04057	0.02352	0.24755	0.01515	0.04808	0.01919	0.02165	0.03955	0.01600	0.01297	0.00785	0.00631	0.00198	0.01044	0.00527	0.00406	0.00986
1	0.05788	0.04613	0.07041	0.08656	0.23268	0.08632	0.01890	0.16981	0.04574	0.08446	0.01715	0.01932	0.01294	0.00821	0.00758	0.00237	0.00949	0.00673	0.00545	0.01188
2	0.05012	0.00993	0.01172	0.01089	0.01349	0.00984	0.00829	0.01977	0.11570	0.05376	0.44164	0.07199	0.12159	0.01539	0.00892	0.00256	0.00439	0.01331	0.00831	0.00839
3	0.01163	0.00854	0.01095	0.01027	0.01227	0.00807	0.00773	0.01628	0.05312	0.03187	0.63698	0.05780	0.07238	0.01595	0.00929	0.00250	0.00386	0.01408	0.00870	0.00773
4	0.13695	0.25857	0.33489	0.01734	0.02611	0.02219	0.02007	0.02507	0.01633	0.05775	0.01356	0.01535	0.01035	0.00738	0.00635	0.00223	0.00954	0.00520	0.00393	0.01082
5	0.02596	0.02952	0.02433	0.06975	0.09937	0.41042	0.04713	0.10770	0.02324	0.02514	0.05185	0.01893	0.01477	0.00860	0.00762	0.00222	0.01212	0.00647	0.00479	0.01007
6	0.00947	0.00800	0.00820	0.00823	0.01079	0.00673	0.00614	0.01155	0.01820	0.02190	0.10854	0.09576	0.61939	0.02004	0.00939	0.00269	0.00402	0.01680	0.00743	0.00673
7	0.29774	0.01553	0.07457	0.01144	0.01597	0.01463	0.01022	0.10750	0.01834	0.03418	0.01837	0.02076	0.01409	0.00843	0.00583	0.00221	0.00604	0.00607	0.30902	0.00908
8	0.01730	0.01639	0.02784	0.41933	0.26502	0.01841	0.05410	0.04416	0.01752	0.02352	0.01465	0.02056	0.01143	0.00763	0.00797	0.00254	0.01025	0.00717	0.00384	0.01036
9	0.00973	0.00700	0.00924	0.01089	0.01149	0.00650	0.00733	0.01125	0.01564	0.02087	0.07652	0.66293	0.07270	0.02426	0.01006	0.00317	0.00454	0.02195	0.00743	0.00650
10	0.02029	0.01717	0.01846	0.01369	0.02043	0.04778	0.01101	0.16617	0.02160	0.03114	0.01515	0.01694	0.01207	0.00684	0.00642	0.00150	0.00696	0.00529	0.00542	0.55567
11	0.01835	0.01440	0.01667	0.01243	0.01882	0.01190	0.00993	0.09412	0.01923	0.06021	0.01998	0.05472	0.04394	0.00808	0.00659	0.00155	0.00611	0.00658	0.00558	0.57081
12	0.02020	0.61623	0.11915	0.01465	0.02185	0.02902	0.01537	0.02357	0.01607	0.01944	0.01178	0.01387	0.01050	0.00875	0.02974	0.00219	0.00933	0.00459	0.00342	0.01026
13	0.01090	0.00797	0.01036	0.01141	0.01256	0.00770	0.00818	0.01426	0.05451	0.02401	0.18880	0.46557	0.05542	0.02174	0.00990	0.00306	0.00474	0.07406	0.00772	0.00712
14	0.01062	0.00736	0.00886	0.00966	0.00999	0.00710	0.00597	0.01131	0.01343	0.01778	0.03581	0.34090	0.07048	0.38511	0.02574	0.00551	0.00617	0.01656	0.00604	0.00561
15	0.03003	0.01622	0.04679	0.04594	0.02277	0.01503	0.01333	0.11833	0.11916	0.42172	0.04654	0.02655	0.02027	0.00992	0.00800	0.00249	0.00723	0.00806	0.00872	0.01290
16	0.04824	0.05942	0.57748	0.02328	0.05585	0.01889	0.05893	0.02498	0.01673	0.02539	0.01411	0.01679	0.01018	0.00744	0.00745	0.00249	0.01139	0.00596	0.00347	0.01152
17	0.02007	0.01518	0.01683	0.01490	0.01906	0.01689	0.01170	0.03581	0.44339	0.11359	0.05683	0.03546	0.10583	0.01214	0.00916	0.00269	0.04100	0.00988	0.00799	0.01158
18	0.01533	0.00834	0.00867	0.00846	0.01048	0.00846	0.00636	0.05996	0.01788	0.03006	0.02709	0.09349	0.02289	0.01073	0.00613	0.00201	0.00412	0.00880	0.64302	0.00771
19	0.01791	0.01985	0.04124	0.05088	0.03766	0.01969	0.51319	0.02366	0.01765	0.02420	0.01693	0.06130	0.01415	0.00863	0.01133	0.00280	0.09489	0.00977	0.00413	0.01015
20	0.01849	0.05297	0.10772	0.02494	0.07125	0.02243	0.15181	0.05104	0.04749	0.02367	0.01386	0.01876	0.01166	0.01047	0.01642	0.00294	0.33252	0.00732	0.00402	0.01020
21	0.01137	0.00841	0.00904	0.00867	0.01149	0.00712	0.00658	0.01365	0.01890	0.06726	0.14502	0.07098	0.55568	0.01894	0.00927	0.00264	0.00417	0.01586	0.00769	0.00725
22	0.01108	0.00732	0.00976	0.01112	0.01197	0.00678	0.00759	0.01271	0.01606	0.05439	0.08554	0.63644	0.05230	0.02349	0.00996	0.00313	0.00465	0.02125	0.00758	0.00687
23	0.02065	0.01626	0.01706	0.01496	0.01895	0.05034	0.01168	0.19112	0.22611	0.06085	0.09140	0.11506	0.06147	0.03480	0.00949	0.00279	0.00688	0.03168	0.00772	0.01076
24	0.01414	0.01263	0.01883	0.01666	0.01818	0.01565	0.04472	0.01680	0.01302	0.01938	0.01671	0.02493	0.01562	0.03763	0.38114	0.00830	0.26762	0.00779	0.00398	0.04629
25	0.00966	0.00690	0.00920	0.01104	0.01150	0.00644	0.00736	0.01104	0.01518	0.02024	0.04371	0.71614	0.05245	0.02484	0.01012	0.00322	0.00460	0.02254	0.00736	0.00644
26	0.01837	0.02140	0.07103	0.03146	0.03927	0.01925	0.58027	0.02499	0.01851	0.02563	0.01654	0.02167	0.01243	0.00687	0.00906	0.00262	0.01274	0.00910	0.04825	0.01055
27	0.70615	0.08224	0.01447	0.01072	0.01581	0.01907	0.00906	0.02335	0.01374	0.03399	0.01104	0.01287	0.00874	0.00731	0.00492	0.00238	0.00636	0.00429	0.00476	0.00874
28	0.01794	0.01916	0.03930	0.06610	0.11296	0.01861	0.45400	0.02374	0.01800	0.02495	0.01750	0.05596	0.01440	0.00806	0.00950	0.00265	0.03459	0.00945	0.04278	0.01038
29	0.02459	0.02040	0.02012	0.04644	0.04316	0.12727	0.01388	0.13894	0.29758	0.11587	0.04985	0.02548	0.02057	0.00999	0.00792	0.00248	0.00823	0.00797	0.00733	0.01194
30	0.02244	0.01808	0.02598	0.25082	0.08768	0.01963	0.08110	0.24542	0.02441	0.07043	0.01712	0.02031	0.01253	0.00827	0.00793	0.00242	0.00956	0.00721	0.00563	0.06303
31	0.53805	0.01474	0.01383	0.01162	0.01692	0.01581	0.00958	0.02826	0.01646	0.24260	0.01757	0.01743	0.01215	0.00815	0.00590	0.00245	0.00633	0.00548	0.00649	0.01017
32	0.01104	0.00810	0.01035	0.00979	0.01174	0.00741	0.00734	0.01461	0.02202	0.03078	0.61013	0.06091	0.13299	0.01659	0.00935	0.00251	0.00377	0.01458	0.00860	0.00741
33	0.02120	0.72609	0.04155	0.01357	0.02035	0.03138	0.01357	0.02374	0.01611	0.01866	0.01102	0.01272	0.01018	0.00678	0.00509	0.00170	0.00848	0.00424	0.00339	0.01018
34	0.06099	0.01695	0.01846	0.01541	0.01989	0.01847	0.01223	0.37968	0.07222	0.04010	0.08488	0.17140	0.02794	0.01337	0.00839	0.00259	0.00709	0.01106	0.00774	0.01112
35	0.07866	0.01277	0.01592	0.01286	0.01799	0.01170	0.01040	0.03172	0.07107	0.41766	0.10924	0.03425	0.08654	0.01128	0.00798	0.00244	0.00602	0.00924	0.00877	0.04348
36	0.01617	0.11374	0.50874	0.02125	0.05692	0.01873	0.02483	0.02366	0.01680	0.02432	0.05243	0.02063	0.01487	0.04339	0.00901	0.00267	0.01059	0.00650	0.00376	0.01099
37	0.01288	0.01229	0.01097	0.01084	0.01355	0.08882	0.00811	0.01679	0.07843	0.02221	0.06196	0.14572	0.43337	0.01845	0.00913	0.00270	0.00562	0.03358	0.00704	0.00753
38	0.02331	0.04152	0.01857	0.01439	0.01874	0.01851	0.01177	0.35773	0.02740	0.03922	0.02067	0.02272	0.01574	0.01164	0.03653	0.00267	0.04302	0.00717	0.25786	0.01084
39	0.01976	0.35193	0.11074	0.01779	0.02347	0.09091	0.06473	0.02325	0.01661	0.02070	0.04054	0.04174	0.01456	0.00918	0.00965	0.00228	0.12204	0.00643	0.00388	0.00982
40	0.05380	0.01805	0.08214	0.31301	0.20795	0.01792	0.02070	0.04573	0.07679	0.02524	0.01935	0.02342	0.04523	0.00856	0.00781	0.00254	0.00936	0.00748	0.00445	0.01046
41	0.01116	0.00762	0.00916	0.00951	0.00974	0.00767	0.00580	0.01170	0.01234	0.01660	0.02816	0.17559	0.03240	0.52335	0.09951	0.00735	0.00846	0.01331	0.00523	0.00534
42	0.01884	0.02139	0.06526	0.03106	0.03873	0.01959	0.55396	0.06073	0.01955	0.02656	0.01753	0.05560	0.01406	0.00778	0.00925	0.00268	0.01261	0.00976	0.00438	0.01068
43	0.01899	0.01749	0.02610	0.39285	0.17202	0.05744	0.05165	0.06901	0.04728	0.04742	0.01603	0.02088	0.01216	0.00801	0.00795	0.00253	0.01023	0.00718	0.00441	0.01035
44	0.03353	0.01328	0.01795	0.01381	0.01979	0.01141	0.01135	0.03665	0.02237	0.61591	0.05909	0.02792	0.02172	0.00991	0.00793	0.00239	0.00657	0.00810	0.00951	0.05079
45	0.71970	0.01728	0.06226	0.01135	0.01677	0.01784	0.01016	0.02345	0.01374	0.03479	0.01128	0.01317	0.00870	0.00737	0.00511	0.00246	0.00656	0.00441	0.00479	0.00882
46	0.01139	0.00865	0.01058	0.01012	0.01231	0.00810	0.00769	0.01585	0.05828	0.02936	0.48085	0.06237	0.19568	0.01695	0.00935	0.00259	0.00410	0.03984	0.00834	0.00760
47	0.05863	0.04929	0.02166	0.18164	0.07312	0.13249	0.01550	0.08330	0.12152	0.04963	0.02084	0.02280	0.04657	0.00891	0.00742	0.00231	0.00906	0.00707	0.00536	0.08288
48	0.00996	0.00702	0.00906	0.01063	0.01118	0.00658	0.00705	0.01132	0.01504	0.02018	0.04297	0.61945	0.07150	0.07993	0.01238	0.00352	0.00480	0.02100	0.03011	0.00635
49	0.05927	0.53202	0.11661	0.01526	0.02227	0.10006	0.01544	0.02475	0.01674	0.02038	0.01155	0.01339	0.01008	0.00705	0.00560	0.00187	0.00939	0.00454	0.00354	0.01018
50	0.01536	0.01411	0.02287	0.01928	0.02088	0.01685	0.12674	0.01715	0.01361	0.01955	0.01840	0.14328	0.01915	0.01902	0.05470	0.12658	0.31024	0.01020	0.00429	0.00773
51	0.01728	0.09093	0.46348	0.02851	0.19546	0.01958	0.02676	0.02480	0.01703	0.02479	0.01415	0.01715	0.01070	0.00735	0.00742	0.00241	0.01087	0.00604	0.00350	0.01181
52	0.03217	0.11619	0.02218	0.01444	0.02058	0.01599	0.01225	0.11264	0.02360	0.48612	0.04439	0.02484	0.01902	0.00952	0.00760	0.00234	0.00716	0.00751	0.00863	0.01285
53	0.01332	0.00921	0.01399	0.01313	0.01522	0.00850	0.06775	0.01604	0.01829	0.08386	0.21937	0.39900	0.05208	0.01928	0.00963	0.00289	0.00538	0.01762	0.00766	0.00778
54	0.01857	0.02238	0.07873	0.03288	0.04108	0.01997	0.61211	0.02539	0.01862	0.02539	0.01595	0.02116	0.01193	0.00673	0.00927	0.00267	0.01329	0.00918	0.00398	0.01075
55	0.02314	0.28657	0.12228	0.02062	0.09039	0.10999	0.01757	0.15995	0.02163	0.02722	0.01374	0.01577	0.01114	0.00800	0.00753	0.00215	0.04101	0.00562	0.00452	0.01116
56	0.01038	0.00845	0.00930	0.00942	0.01193	0.00751	0.00733	0.01342	0.03697	0.02340	0.14846	0.07462	0.48807	0.01958	0.00955	0.00279	0.00450	0.09972	0.00755	0.00705
57	0.01041	0.00888	0.00906	0.00887	0.01168	0.00795	0.00669	0.01440	0.07817	0.02292	0.09844	0.07128	0.58538	0.01906	0.00925	0.00267	0.00422	0.01592	0.00748	0.00727
58	0.01596	0.01529	0.02593	0.53456	0.14206	0.01834	0.04596	0.02097	0.01604	0.02120	0.01404	0.02067	0.01091	0.00816	0.00920	0.00266	0.05789	0.00713	0.00360	0.00942
59	0.01113	0.00752	0.00919	0.00997	0.01041	0.00740	0.00647	0.01218	0.01362	0.01860	0.03273	0.28875	0.03758	0.36285	0.04689	0.00565	0.00678	0.05642	0.05009	0.00578
60	0.01015	0.00726	0.00971	0.01124	0.01201	0.00683	0.00789	0.01204	0.01639	0.02203	0.12229	0.57424	0.05463	0.02348	0.01010	0.00317	0.00475	0.07761	0.00753	0.00665
61	0.01618	0.01206	0.01388	0.01324	0.01574	0.01264	0.00977	0.18454	0.08216	0.02933	0.03690	0.40936	0.06590	0.04599	0.01047	0.00309	0.00596	0.01643	0.00748	0.00886
62	0.01149	0.00844	0.01046	0.01098	0.01175	0.00861	0.00745	0.03837	0.01503	0.02004	0.03752	0.38032	0.08895	0.22520	0.05006	0.00487	0.04085	0.01687	0.00632	0.00642
63	0.01989	0.05516	0.01900	0.01606	0.02000	0.13269	0.01258	0.03376	0.38645	0.02733	0.02913	0.02896	0.06400	0.01546	0.07276	0.00351	0.03745	0.00847	0.00656	0.01079
64	0.01153	0.00769	0.00865	0.00865	0.00865	0.00769	0.00480	0.01153	0.01153	0.01538	0.02499	0.05189	0.02883	0.72131	0.04036	0.00769	0.00769	0.01153	0.00480	0.00480
65	0.01498	0.01409	0.02378	0.70226	0.05462	0.01762	0.02202	0.02026	0.01586	0.02026	0.01409	0.02114	0.01057	0.00793	0.00793	0.00264	0.01057	0.00705	0.00352	0.00881
66	0.02509	0.01849	0.02055	0.01683	0.02166	0.02057	0.01353	0.39467	0.12787	0.07158	0.02474	0.12172	0.02089	0.01219	0.00932	0.00262	0.04825	0.00968	0.00770	0.01204
67	0.03463	0.01417	0.01872	0.01444	0.02053	0.01276	0.01190	0.07626	0.04804	0.61378	0.03057	0.02660	0.01943	0.00983	0.00798	0.00246	0.00685	0.00796	0.00963	0.01346
68	0.44707	0.01558	0.04014	0.01239	0.01806	0.01532	0.01063	0.02960	0.01735	0.29555	0.01938	0.01875	0.01312	0.00836	0.00625	0.00246	0.00660	0.00585	0.00684	0.01070
69	0.01958	0.01897	0.03291	0.04792	0.64054	0.01890	0.05507	0.02439	0.01809	0.02588	0.01497	0.01971	0.01253	0.00705	0.00793	0.00237	0.00962	0.00718	0.00393	0.01247
70	0.02779	0.02653	0.02394	0.02193	0.08595	0.24324	0.01607	0.32191	0.05508	0.03509	0.01646	0.01787	0.01259	0.00915	0.00872	0.00234	0.05112	0.00653	0.00603	0.01166
71	0.02746	0.03369	0.02458	0.02655	0.16480	0.54414	0.01728	0.03008	0.02151	0.02082	0.01283	0.01545	0.01072	0.00793	0.00730	0.00211	0.01324	0.00553	0.00405	0.00992
72	0.00982	0.00712	0.00908	0.01050	0.01122	0.00659	0.00703	0.01124	0.01546	0.02039	0.06676	0.57612	0.11814	0.07563	0.01225	0.00347	0.00474	0.02083	0.00722	0.00638
73	0.02742	0.02086	0.02226	0.01769	0.02355	0.02332	0.01441	0.48760	0.19952	0.04558	0.02250	0.02180	0.01629	0.00984	0.00797	0.00246	0.00809	0.00762	0.00797	0.01324
74	0.17099	0.01419	0.01717	0.01352	0.01926	0.01348	0.01113	0.07604	0.02198	0.48714	0.05537	0.02530	0.01966	0.00963	0.00747	0.00245	0.00663	0.00753	0.00873	0.01232
75	0.02012	0.58608	0.17208	0.01541	0.02321	0.02873	0.01678	0.02402	0.01624	0.01998	0.01168	0.01354	0.01015	0.00694	0.00559	0.00186	0.00914	0.00457	0.00338	0.01049
76	0.07560	0.19130	0.27468	0.01936	0.02698	0.02042	0.10844	0.02283	0.01643	0.02392	0.04697	0.04499	0.01581	0.04067	0.00943	0.00264	0.03816	0.00718	0.00405	0.01014
77	0.00966	0.00690	0.00920	0.01104	0.01150	0.00644	0.00736	0.01104	0.01518	0.02024	0.04371	0.71614	0.05245	0.02484	0.01012	0.00322	0.00460	0.02254	0.00736	0.00644
78	0.01090	0.00805	0.01018	0.00973	0.01167	0.00733	0.00727	0.01431	0.02156	0.02989	0.56082	0.08478	0.15989	0.01707	0.00938	0.00255	0.00381	0.01498	0.00848	0.00733
79	0.02656	0.01834	0.02074	0.01732	0.04139	0.01975	0.01356	0.38343	0.11480	0.12622	0.06800	0.06869	0.02235	0.01108	0.00819	0.00249	0.00756	0.00896	0.00809	0.01248
80	0.01851	0.01813	0.02881	0.27298	0.42692	0.05135	0.02309	0.02329	0.01751	0.02364	0.01450	0.01989	0.01176	0.00742	0.00784	0.00244	0.01006	0.00696	0.00379	0.01110
81	0.00966	0.00690	0.00920	0.01104	0.01150	0.00644	0.00736	0.01104	0.01518	0.02024	0.04371	0.71614	0.05245	0.02484	0.01012	0.00322	0.00460	0.02254	0.00736	0.00644
82	0.14383	0.08888	0.33283	0.01935	0.04751	0.02028	0.02066	0.13010	0.04872	0.05427	0.01569	0.01720	0.01146	0.00799	0.00702	0.00241	0.00954	0.00594	0.00484	0.01150
83	0.01728	0.11224	0.45016	0.02577	0.09593	0.02015	0.11986	0.02493	0.01710	0.02451	0.01421	0.01728	0.01061	0.00728	0.00757	0.00243	0.01138	0.00633	0.00351	0.01147
84	0.37470	0.05670	0.01653	0.05909	0.01966	0.01802	0.01088	0.14544	0.01960	0.08467	0.01638	0.01799	0.01222	0.00823	0.00604	0.00233	0.00680	0.00574	0.10913	0.00987
85	0.09853	0.02134	0.02270	0.01765	0.02355	0.02395	0.01458	0.55770	0.03387	0.04715	0.01788	0.01839	0.01288	0.00953	0.00853	0.00244	0.04220	0.00687	0.00744	0.01280
86	0.02708	0.02380	0.02399	0.04894	0.05803	0.15638	0.04643	0.39048	0.03015	0.03848	0.01937	0.02058	0.03433	0.00925	0.00780	0.00233	0.00986	0.00716	0.03377	0.01180
87	0.05722	0.01841	0.02818	0.12468	0.46765	0.05182	0.02165	0.02344	0.01774	0.02537	0.04744	0.02113	0.01506	0.00799	0.00852	0.00243	0.03863	0.00719	0.00416	0.01130
88	0.01365	0.00695	0.01034	0.01031	0.01040	0.00692	0.00692	0.01055	0.01092	0.01464	0.04535	0.02580	0.01672	0.02700	0.02995	0.73225	0.00674	0.00725	0.00370	0.00364
89	0.02664	0.01907	0.02034	0.01573	0.02182	0.05240	0.01279	0.33521	0.05402	0.12830	0.02011	0.02021	0.01452	0.00870	0.00733	0.00209	0.00776	0.00668	0.04109	0.18519
90	0.01963	0.01884	0.03219	0.04867	0.67185	0.01884	0.02434	0.02434	0.01806	0.02591	0.01492	0.01963	0.01256	0.00707	0.00785	0.00236	0.00942	0.00707	0.00393	0.01256
91	0.02924	0.01556	0.02051	0.01561	0.02176	0.01457	0.05468	0.14802	0.04573	0.37299	0.02540	0.02392	0.01709	0.00902	0.00766	0.00226	0.00728	0.00748	0.04641	0.11482
92	0.02906	0.01744	0.02005	0.01579	0.02134	0.01821	0.01280	0.32739	0.08879	0.25025	0.05185	0.02622	0.01997	0.05140	0.00990	0.00275	0.00758	0.00814	0.00841	0.01264
93	0.00965	0.00695	0.00915	0.01091	0.01147	0.00645	0.00730	0.01106	0.01531	0.02030	0.04534	0.68756	0.07997	0.02463	0.01009	0.00320	0.00457	0.02228	0.00736	0.00645
94	0.01872	0.02139	0.04679	0.03342	0.04144	0.02005	0.64305	0.02540	0.01872	0.02540	0.01604	0.02139	0.01203	0.00668	0.00936	0.00267	0.01337	0.00936	0.00401	0.01070
95	0.01208	0.00850	0.01086	0.01056	0.01246	0.00801	0.00780	0.01623	0.05292	0.05046	0.47377	0.18372	0.08727	0.01753	0.00939	0.00265	0.00414	0.01552	0.00842	0.00771
96	0.01030	0.00756	0.00969	0.01044	0.01173	0.00695	0.00746	0.01268	0.01820	0.02456	0.26542	0.38051	0.13771	0.02112	0.00979	0.00292	0.00434	0.04392	0.00784	0.00687
97	0.01730	0.01710	0.02464	0.02084	0.02131	0.02333	0.04755	0.01937	0.01267	0.01986	0.01138	0.01809	0.01093	0.01332	0.02429	0.00336	0.64135	0.00708	0.03752	0.00872
98	0.04640	0.01881	0.03122	0.16875	0.24047	0.03821	0.17873	0.05690	0.07016	0.04725	0.01694	0.02099	0.01302	0.00769	0.00815	0.00252	0.01031	0.00768	0.00463	0.01117
99	0.00982	0.00701	0.00938	0.01122	0.01175	0.00658	0.00763	0.01131	0.01534	0.02042	0.04362	0.68455	0.05210	0.02470	0.01016	0.00324	0.00474	0.05259	0.00736	0.00648
100	0.01377	0.00689	0.01033	0.01033	0.01033	0.00689	0.00689	0.01033	0.01033	0.01377	0.01377	0.02410	0.01377	0.02755	0.03099	0.76928	0.00689	0.00689	0.00344	0.00344
101	0.02827	0.02236	0.02267	0.01802	0.02388	0.06898	0.01464	0.49708	0.14583	0.04493	0.02092	0.02058	0.01516	0.00965	0.00790	0.00241	0.00867	0.00732	0.00769	0.01303
102	0.01625	0.06642	0.62396	0.02279	0.03414	0.01900	0.05938	0.02507	0.01682	0.02488	0.01420	0.01682	0.01015	0.00746	0.00753	0.00249	0.01168	0.00597	0.00338	0.01161
103	0.01854	0.01984	0.03013	0.05706	0.02824	0.07374	0.18450	0.02179	0.01487	0.02085	0.01223	0.01838	0.01084	0.01123	0.01926	0.00311	0.43501	0.00745	0.00366	0.00926
104	0.70377	0.01566	0.01264	0.01103	0.01607	0.01794	0.00909	0.06011	0.01525	0.06247	0.01233	0.01381	0.00932	0.00759	0.00521	0.00245	0.00631	0.00461	0.00528	0.00907
105	0.03112	0.01693	0.05325	0.01765	0.06591	0.01521	0.01398	0.15707	0.04728	0.43295	0.04666	0.02549	0.01932	0.00969	0.00798	0.00244	0.00746	0.00787	0.00862	0.01312
106	0.01701	0.01300	0.05225	0.01327	0.01618	0.01182	0.01044	0.15667	0.02081	0.08073	0.06487	0.35770	0.03713	0.09442	0.01255	0.00338	0.00641	0.01532	0.00725	0.00878
107	0.01091	0.00799	0.01023	0.00990	0.01171	0.00731	0.00734	0.01426	0.02136	0.02975	0.55466	0.12265	0.12758	0.01738	0.00943	0.00258	0.00385	0.01533	0.00847	0.00731
108	0.01754	0.01814	0.02845	0.12379	0.03056	0.06405	0.18915	0.02125	0.01561	0.02161	0.01564	0.06697	0.01421	0.01116	0.01543	0.00294	0.28512	0.00858	0.04072	0.00907
109	0.02851	0.01455	0.01790	0.01462	0.01984	0.01436	0.01175	0.09680	0.17589	0.39027	0.06285	0.06851	0.02479	0.01121	0.00819	0.00255	0.00656	0.00929	0.00901	0.01256
110	0.01814	0.01977	0.03478	0.02653	0.03130	0.06543	0.35271	0.02270	0.01646	0.02242	0.01496	0.02109	0.01248	0.01549	0.10120	0.00414	0.19858	0.00832	0.00390	0.00959
111	0.01858	0.02235	0.07790	0.03289	0.04109	0.01997	0.61291	0.02539	0.01862	0.02539	0.01595	0.02116	0.01193	0.00673	0.00927	0.00267	0.01329	0.00919	0.00398	0.01075
112	0.05688	0.09194	0.46996	0.02216	0.05954	0.06483	0.04251	0.02601	0.01733	0.05739	0.01461	0.01683	0.01064	0.00758	0.00727	0.00241	0.01105	0.00586	0.00385	0.01136
113	0.02279	0.01117	0.01467	0.01237	0.01636	0.01000	0.00970	0.04944	0.02180	0.31678	0.23983	0.13363	0.04166	0.01381	0.00862	0.00251	0.00549	0.01191	0.00878	0.04866
114	0.01773	0.01982	0.05790	0.03141	0.11551	0.01908	0.41180	0.02315	0.01746	0.02422	0.01778	0.08595	0.01565	0.00933	0.01118	0.00278	0.09482	0.00992	0.00423	0.01032
115	0.02930	0.05217	0.05824	0.01502	0.02109	0.01565	0.01304	0.16221	0.05343	0.37977	0.06132	0.02826	0.05325	0.01035	0.00794	0.00243	0.00723	0.00830	0.00846	0.01253
116	0.01491	0.00991	0.01342	0.01438	0.01665	0.00986	0.01233	0.04879	0.01951	0.06795	0.06644	0.11194	0.04390	0.02041	0.01050	0.00344	0.00705	0.49307	0.00756	0.00798
117	0.01655	0.00888	0.01183	0.01198	0.01417	0.00806	0.00891	0.01864	0.01760	0.18793	0.04286	0.43377	0.08534	0.02040	0.00961	0.00303	0.00538	0.07874	0.00798	0.00834
118	0.02898	0.02268	0.02350	0.05229	0.02593	0.06932	0.01534	0.55091	0.05750	0.04582	0.01881	0.01920	0.01350	0.00939	0.00788	0.00238	0.00911	0.00706	0.00746	0.01293
119	0.01011	0.00845	0.00886	0.00869	0.01133	0.00740	0.00654	0.01330	0.04729	0.02352	0.16698	0.07165	0.55007	0.01908	0.00931	0.00265	0.00408	0.01603	0.00760	0.00708
120	0.65709	0.01653	0.01280	0.01130	0.01613	0.05022	0.00921	0.06519	0.01566	0.03549	0.01230	0.01411	0.00952	0.00763	0.00525	0.00240	0.00659	0.00466	0.03903	0.00889
121	0.01853	0.02103	0.04564	0.06687	0.04210	0.01993	0.61199	0.02514	0.01857	0.02514	0.01595	0.02138	0.01196	0.00675	0.00929	0.00267	0.01323	0.00924	0.00399	0.01060
122	0.00991	0.00715	0.00941	0.01096	0.01170	0.00665	0.00753	0.01162	0.01607	0.02143	0.09831	0.60323	0.08382	0.02376	0.01005	0.00315	0.00461	0.04658	0.00747	0.00658
123	0.01122	0.00811	0.01060	0.00998	0.01185	0.00748	0.00748	0.01496	0.02245	0.03180	0.66766	0.05923	0.07482	0.01621	0.00935	0.00249	0.00374	0.01434	0.00873	0.00748
124	0.02120	0.72609	0.04155	0.01357	0.02035	0.03138	0.01357	0.02374	0.01611	0.01866	0.01102	0.01272	0.01018	0.00678	0.00509	0.00170	0.00848	0.00424	0.00339	0.01018
125	0.01122	0.00842	0.01066	0.01139	0.01338	0.00786	0.00923	0.01426	0.01896	0.02469	0.19751	0.12133	0.23318	0.02026	0.01007	0.00307	0.00535	0.26438	0.00765	0.00711
126	0.01867	0.02191	0.06684	0.03384	0.07299	0.01994	0.59172	0.02534	0.01862	0.02542	0.01593	0.02115	0.01199	0.00673	0.00922	0.00265	0.01312	0.00913	0.00398	0.01082
127	0.01377	0.00689	0.01033	0.01033	0.01033	0.00689	0.00689	0.01033	0.01033	0.01377	0.01377	0.02410	0.01377	0.02755	0.03099	0.76928	0.00689	0.00689	0.00344	0.00344
128	0.01940	0.01861	0.03177	0.08114	0.64119	0.01878	0.02422	0.02413	0.01795	0.02563	0.01488	0.01970	0.01246	0.00711	0.00785	0.00237	0.00948	0.00706	0.00391	0.01237
129	0.00966	0.00690	0.00920	0.01104	0.01150	0.00644	0.00736	0.01104	0.01518	0.02024	0.04371	0.71614	0.05245	0.02484	0.01012	0.00322	0.00460	0.02254	0.00736	0.00644
130	0.74420	0.01525	0.01196	0.01059	0.01555	0.01752	0.00872	0.02399	0.01391	0.06424	0.01195	0.01351	0.00908	0.00747	0.00504	0.00245	0.00616	0.00446	0.00513	0.00881
131	0.01278	0.00913	0.01278	0.01460	0.01643	0.00913	0.01278	0.01643	0.01825	0.02373	0.04199	0.08945	0.04564	0.02191	0.01095	0.00365	0.00730	0.61847	0.00730	0.00730
132	0.03558	0.01350	0.01840	0.01411	0.02024	0.01166	0.01166	0.03865	0.02270	0.67734	0.03128	0.02699	0.01963	0.00981	0.00797	0.00245	0.00675	0.00797	0.00981	0.01350
133	0.01130	0.00816	0.01071	0.01020	0.01207	0.00756	0.00774	0.01504	0.02224	0.03141	0.63745	0.06069	0.07341	0.01649	0.00943	0.00255	0.00391	0.04352	0.00866	0.00747
134	0.03014	0.02221	0.02380	0.01825	0.02459	0.02459	0.01507	0.64541	0.03728	0.04998	0.01904	0.01904	0.01349	0.00952	0.00793	0.00238	0.00873	0.00714	0.00793	0.01349
135	0.03014	0.02221	0.02380	0.01825	0.02459	0.02459	0.01507	0.64541	0.03728	0.04998	0.01904	0.01904	0.01349	0.00952	0.00793	0.00238	0.00873	0.00714	0.00793	0.01349
136	0.02120	0.72609	0.04155	0.01357	0.02035	0.03138	0.01357	0.02374	0.01611	0.01866	0.01102	0.01272	0.01018	0.00678	0.00509	0.00170	0.00848	0.00424	0.00339	0.01018
137	0.02110	0.01773	0.01812	0.01606	0.02056	0.05274	0.01252	0.07072	0.53182	0.06437	0.06210	0.02963	0.02525	0.01079	0.00807	0.00262	0.00670	0.00890	0.00798	0.01222
138	0.01478	0.00739	0.00739	0.00739	0.00924	0.00739	0.00554	0.01848	0.01663	0.02956	0.02587	0.02956	0.02033	0.00924	0.00554	0.00185	0.00370	0.00739	0.76534	0.00739
139	0.01498	0.01409	0.02378	0.70226	0.05462	0.01762	0.02202	0.02026	0.01586	0.02026	0.01409	0.02114	0.01057	0.00793	0.00793	0.00264	0.01057	0.00705	0.00352	0.00881
140	0.03014	0.02221	0.02380	0.01825	0.02459	0.02459	0.01507	0.64541	0.03728	0.04998	0.01904	0.01904	0.01349	0.00952	0.00793	0.00238	0.00873	0.00714	0.00793	0.01349
141	0.00966	0.00690	0.00920	0.01104	0.01150	0.00644	0.00736	0.01104	0.01518	0.02024	0.04371	0.71614	0.05245	0.02484	0.01012	0.00322	0.00460	0.02254	0.00736	0.00644
142	0.02962	0.03779	0.02247	0.02043	0.02451	0.68948	0.01532	0.03166	0.02247	0.01941	0.01226	0.01430	0.01021	0.00817	0.00715	0.00204	0.01430	0.00511	0.00409	0.00919
143	0.02886	0.02128	0.02305	0.01787	0.02388	0.02359	0.01472	0.60245	0.03561	0.04783	0.01919	0.01986	0.01392	0.01292	0.05435	0.00309	0.00958	0.00723	0.00768	0.01305
144	0.01644	0.01409	0.01644	0.01175	0.01879	0.01057	0.00940	0.01997	0.01644	0.02584	0.01409	0.01644	0.01175	0.00587	0.00587	0.00117	0.00587	0.00470	0.00470	0.76979
145	0.01149	0.00871	0.01244	0.01231	0.01355	0.01003	0.00936	0.01388	0.01283	0.01820	0.02420	0.03545	0.05246	0.13922	0.54903	0.01126	0.04508	0.00922	0.00444	0.00684
146	0.01083	0.00809	0.01005	0.00956	0.01161	0.00731	0.00717	0.01420	0.02152	0.02959	0.54282	0.06287	0.20104	0.01703	0.00936	0.00253	0.00380	0.01485	0.00844	0.00731
147	0.02541	0.01906	0.02047	0.01669	0.02198	0.02119	0.01360	0.41343	0.18648	0.04278	0.02413	0.02652	0.01850	0.01052	0.00796	0.00249	0.00766	0.04315	0.06554	0.01243
148	0.01037	0.00755	0.00985	0.01096	0.01210	0.00703	0.00792	0.01263	0.01750	0.02347	0.19314	0.43246	0.10984	0.02206	0.00998	0.00305	0.00467	0.09093	0.00768	0.00681
149	0.01053	0.00772	0.01000	0.01160	0.01241	0.00750	0.00803	0.01347	0.05908	0.02133	0.04283	0.63297	0.05013	0.02371	0.01003	0.00321	0.00487	0.05627	0.00741	0.00691
150	0.01032	0.00737	0.00996	0.01180	0.01255	0.00701	0.00851	0.01219	0.01584	0.02098	0.04334	0.58293	0.05100	0.02422	0.01030	0.00331	0.00517	0.14921	0.00735	0.00662
151	0.01963	0.01884	0.03219	0.04867	0.67185	0.01884	0.02434	0.02434	0.01806	0.02591	0.01492	0.01963	0.01256	0.00707	0.00785	0.00236	0.00942	0.00707	0.00393	0.01256
152	0.01026	0.00835	0.00900	0.00879	0.01122	0.00738	0.00653	0.01329	0.04123	0.02392	0.21071	0.06958	0.47887	0.05273	0.01082	0.00288	0.00421	0.01566	0.00758	0.00699
153	0.02727	0.01188	0.01581	0.01288	0.01758	0.01056	0.01033	0.03108	0.04447	0.45181	0.18585	0.06700	0.05308	0.01235	0.00844	0.00251	0.00584	0.01044	0.00931	0.01151
154	0.04463	0.38595	0.33496	0.01763	0.02662	0.02494	0.02065	0.02436	0.01631	0.02221	0.01250	0.01458	0.01006	0.00715	0.00621	0.00210	0.00989	0.00499	0.00342	0.01083
155	0.01796	0.01545	0.01713	0.01378	0.01964	0.01480	0.01085	0.03022	0.31280	0.02923	0.02250	0.02252	0.01751	0.00813	0.00689	0.00187	0.00606	0.00667	0.00626	0.41974
156	0.02944	0.02186	0.02340	0.01810	0.02432	0.02426	0.01490	0.60435	0.07950	0.04883	0.01994	0.01976	0.01422	0.00960	0.00794	0.00240	0.00856	0.00726	0.00794	0.01342
157	0.77733	0.01534	0.01166	0.01043	0.01534	0.01779	0.00859	0.02331	0.01350	0.03558	0.01104	0.01288	0.00859	0.00736	0.00491	0.00245	0.00613	0.00429	0.00491	0.00859
158	0.01792	0.02623	0.20532	0.02911	0.03756	0.04186	0.43378	0.02483	0.01817	0.02487	0.01683	0.05447	0.01347	0.00785	0.00886	0.00264	0.01255	0.00898	0.00401	0.01069
159	0.00994	0.00807	0.00888	0.00910	0.01145	0.00701	0.00694	0.01228	0.01844	0.02285	0.14697	0.11899	0.49413	0.02010	0.00957	0.00278	0.00433	0.07382	0.00753	0.00683
160	0.02272	0.01613	0.01746	0.03329	0.01971	0.01772	0.01174	0.33375	0.10617	0.03930	0.02414	0.07081	0.01931	0.01059	0.00743	0.00233	0.00678	0.00848	0.22109	0.01105
161	0.01717	0.01679	0.03018	0.08153	0.03070	0.01811	0.27198	0.06432	0.04979	0.02442	0.01749	0.02358	0.01439	0.02157	0.18448	0.00532	0.10566	0.00845	0.00443	0.00963
162	0.01797	0.01715	0.02919	0.28162	0.45186	0.01841	0.02351	0.02288	0.01727	0.02389	0.01462	0.02017	0.01185	0.00737	0.00788	0.00246	0.00983	0.00706	0.00378	0.01122
163	0.03000	0.02044	0.02233	0.01721	0.02330	0.02220	0.01419	0.54241	0.03452	0.12252	0.02082	0.02051	0.01455	0.00954	0.00782	0.00236	0.00824	0.00725	0.04661	0.01318
164	0.01147	0.00766	0.00867	0.00872	0.00874	0.00765	0.00489	0.01152	0.01165	0.01553	0.02558	0.07296	0.02958	0.69922	0.03940	0.00755	0.00759	0.01188	0.00489	0.00486
165	0.01590	0.04102	0.68023	0.02260	0.03432	0.01842	0.02930	0.02511	0.01674	0.02511	0.01423	0.01674	0.01005	0.00753	0.00753	0.00251	0.01172	0.00586	0.00335	0.01172
166	0.01278	0.00913	0.01278	0.01460	0.01643	0.00913	0.01278	0.01643	0.01825	0.02373	0.04199	0.08945	0.04564	0.02191	0.01095	0.00365	0.00730	0.61847	0.00730	0.00730
167	0.02024	0.01729	0.01822	0.01624	0.02082	0.01997	0.01268	0.07210	0.62672	0.03401	0.03162	0.02906	0.02367	0.01070	0.00806	0.00267	0.00640	0.00887	0.00806	0.01260
168	0.01017	0.00806	0.00914	0.00887	0.01120	0.00703	0.00665	0.01293	0.01996	0.02590	0.33394	0.06894	0.41222	0.01841	0.00936	0.00260	0.00390	0.01570	0.00795	0.00703
169	0.01714	0.01394	0.01738	0.01304	0.01929	0.01123	0.03805	0.05008	0.01764	0.05141	0.01859	0.10005	0.01697	0.00848	0.00671	0.00159	0.00623	0.00727	0.00534	0.57957
170	0.01872	0.02139	0.04679	0.03342	0.04144	0.02005	0.64305	0.02540	0.01872	0.02540	0.01604	0.02139	0.01203	0.00668	0.00936	0.00267	0.01337	0.00936	0.00401	0.01070
171	0.01153	0.00769	0.00865	0.00865	0.00865	0.00769	0.00480	0.01153	0.01153	0.01538	0.02499	0.05189	0.02883	0.72131	0.04036	0.00769	0.00769	0.01153	0.00480	0.00480
172	0.01875	0.02129	0.04620	0.03404	0.06704	0.02000	0.61793	0.02536	0.01869	0.02542	0.01600	0.02132	0.01205	0.00670	0.00930	0.00266	0.01321	0.00927	0.00401	0.01077
173	0.02962	0.03779	0.02247	0.02043	0.02451	0.68948	0.01532	0.03166	0.02247	0.01941	0.01226	0.01430	0.01021	0.00817	0.00715	0.00204	0.01430	0.00511	0.00409	0.00919
174	0.01133	0.00760	0.00871	0.00891	0.00896	0.00755	0.00508	0.01148	0.01193	0.01591	0.02702	0.12424	0.03140	0.64546	0.03707	0.00720	0.00735	0.01273	0.00508	0.00498
175	0.01468	0.01315	0.01807	0.01617	0.01646	0.01725	0.01274	0.01622	0.01212	0.01803	0.01622	0.02868	0.01687	0.19712	0.16601	0.00641	0.39405	0.00839	0.00396	0.00740
176	0.01831	0.01708	0.02782	0.29367	0.37245	0.01867	0.02238	0.04989	0.05521	0.02520	0.01579	0.02076	0.01252	0.00771	0.00790	0.00248	0.00965	0.00717	0.00418	0.01117
177	0.01864	0.02116	0.04548	0.03269	0.04024	0.02030	0.60667	0.02503	0.01833	0.02503	0.01572	0.02116	0.01194	0.00710	0.01033	0.00272	0.05369	0.00922	0.00398	0.01058
178	0.01134	0.00767	0.00864	0.00872	0.00888	0.00758	0.00498	0.01150	0.01202	0.01590	0.02859	0.08278	0.06188	0.65515	0.03746	0.00724	0.00737	0.01228	0.00505	0.00497
179	0.01931	0.01852	0.03162	0.09315	0.62984	0.01876	0.02418	0.02406	0.01791	0.02552	0.01486	0.01973	0.01243	0.00712	0.00786	0.00237	0.00950	0.00706	0.00390	0.01231
180	0.01662	0.13367	0.59385	0.02138	0.03243	0.02017	0.02717	0.02493	0.01666	0.02424	0.01380	0.01620	0.01006	0.00743	0.00720	0.00240	0.01128	0.00564	0.00335	0.01151
181	0.01163	0.00870	0.01122	0.01251	0.01452	0.00828	0.01054	0.01469	0.01805	0.02288	0.05325	0.11696	0.22757	0.02152	0.01045	0.00335	0.00621	0.41328	0.00732	0.00708
182	0.03535	0.01386	0.01863	0.01428	0.02043	0.01220	0.01180	0.06411	0.02331	0.65101	0.03077	0.02666	0.01937	0.00980	0.00797	0.00245	0.00683	0.00794	0.00974	0.01349
183	0.03362	0.01553	0.01953	0.01509	0.02119	0.01481	0.01243	0.16779	0.05780	0.51151	0.02873	0.02543	0.01855	0.00980	0.00797	0.00245	0.00714	0.00785	0.00933	0.01345
184	0.01273	0.00845	0.01075	0.01006	0.01230	0.00763	0.00758	0.01605	0.02146	0.07888	0.50181	0.09192	0.15684	0.01672	0.00929	0.00255	0.00405	0.01462	0.00854	0.00777
185	0.01134	0.00810	0.01112	0.01296	0.01415	0.00789	0.01027	0.01394	0.01683	0.02212	0.04278	0.37915	0.04879	0.02326	0.01057	0.00345	0.00605	0.34299	0.00733	0.00690
186	0.01590	0.04102	0.68023	0.02260	0.03432	0.01842	0.02930	0.02511	0.01674	0.02511	0.01423	0.01674	0.01005	0.00753	0.00753	0.00251	0.01172	0.00586	0.00335	0.01172
187	0.01972	0.01703	0.01793	0.01614	0.02062	0.01972	0.01255	0.04214	0.65752	0.03317	0.03228	0.02959	0.02421	0.01076	0.00807	0.00269	0.00628	0.00897	0.00807	0.01255
188	0.01113	0.00810	0.01047	0.00988	0.01179	0.00744	0.00741	0.01479	0.02223	0.03128	0.63830	0.06009	0.10452	0.01641	0.00935	0.00250	0.00375	0.01446	0.00866	0.00744

[dist]
# distance from previous block
# <min> <max>
0	0

# created by:
# /st0/software/busco_prod/Augustus/scripts/msa2prfl.pl ./align_prep/115817.fa
