[name]
unknown

[dist]
# distance from previous block
# <min> <max>
33	78

[block]
# block no. 0 follows, 22 sequences, length 22
# corresponding to MSA columns:
# 87-108
name=unknown_A
#
# <colnr> <probs for GDERKNQSTAVLIFYWHMCP>
#	G	D	E	R	K	N	Q	S	T	A	V	L	I	F	Y	W	H	M	C	P
0	0.02350	0.05851	0.02234	0.06004	0.06157	0.02028	0.01453	0.27117	0.13842	0.06013	0.09305	0.08922	0.02666	0.01203	0.00853	0.00262	0.00779	0.00997	0.00762	0.01203
1	0.01168	0.00848	0.01113	0.01134	0.01312	0.00793	0.00869	0.01511	0.02135	0.02941	0.42323	0.16418	0.10265	0.01960	0.01021	0.00295	0.00472	0.11801	0.00859	0.00760
2	0.02719	0.01919	0.02123	0.01709	0.02245	0.02089	0.01376	0.40776	0.10526	0.08795	0.06158	0.06668	0.02228	0.01264	0.00995	0.04611	0.00800	0.00920	0.00821	0.01258
3	0.01290	0.00994	0.01389	0.11760	0.02068	0.01024	0.01151	0.01759	0.04401	0.02886	0.36130	0.11034	0.05799	0.01730	0.00991	0.00295	0.00595	0.13106	0.00786	0.00813
4	0.01971	0.13518	0.40078	0.02650	0.13358	0.09506	0.02583	0.02674	0.01834	0.02480	0.01431	0.01714	0.01099	0.00778	0.00753	0.00243	0.01170	0.00601	0.00370	0.01189
5	0.01040	0.00802	0.00940	0.01015	0.01183	0.00717	0.00726	0.01242	0.01795	0.02287	0.12135	0.30946	0.31523	0.05502	0.01172	0.00329	0.00475	0.04704	0.00773	0.00693
6	0.07058	0.05374	0.05831	0.10918	0.05738	0.04270	0.05152	0.20225	0.13501	0.07186	0.02350	0.02450	0.04335	0.00977	0.00810	0.00259	0.00909	0.00796	0.00657	0.01204
7	0.02107	0.02071	0.03322	0.04954	0.62535	0.05180	0.02503	0.02587	0.01914	0.02681	0.01549	0.02029	0.01304	0.00746	0.00819	0.00245	0.01012	0.00730	0.00412	0.01299
8	0.02468	0.02499	0.06770	0.12365	0.22047	0.15408	0.05486	0.13566	0.02339	0.06662	0.01674	0.01990	0.01278	0.00840	0.00818	0.00248	0.01117	0.00711	0.00517	0.01196
9	0.76672	0.01607	0.01221	0.01092	0.01607	0.01864	0.00900	0.02442	0.01414	0.03727	0.01157	0.01350	0.00900	0.00771	0.00514	0.00257	0.00643	0.00450	0.00514	0.00900
10	0.01208	0.00805	0.00906	0.00906	0.00906	0.00805	0.00503	0.01208	0.01208	0.01611	0.02618	0.05436	0.03020	0.70804	0.04228	0.00805	0.00805	0.01208	0.00503	0.00503
11	0.01818	0.01818	0.02545	0.02181	0.02181	0.02545	0.01818	0.01999	0.01272	0.01999	0.01091	0.01818	0.01091	0.01454	0.02726	0.00364	0.69284	0.00727	0.00364	0.00909
12	0.01569	0.01477	0.02492	0.68808	0.05722	0.01846	0.02307	0.02123	0.01661	0.02123	0.01477	0.02215	0.01107	0.00831	0.00831	0.00277	0.01107	0.00738	0.00369	0.00923
13	0.01804	0.18593	0.49333	0.02234	0.03326	0.02232	0.06379	0.02602	0.01752	0.02487	0.01430	0.01693	0.01068	0.00767	0.00746	0.00246	0.01165	0.00600	0.00356	0.01186
14	0.01073	0.00770	0.01019	0.01115	0.01218	0.00715	0.00776	0.01310	0.01875	0.02573	0.27207	0.46345	0.06370	0.02265	0.01030	0.00309	0.00448	0.02041	0.00825	0.00715
15	0.01365	0.01418	0.08310	0.01414	0.01790	0.01150	0.04714	0.02077	0.11233	0.02985	0.32626	0.12363	0.12025	0.01605	0.00949	0.00276	0.00592	0.01418	0.00784	0.00908
16	0.01780	0.01404	0.01623	0.01508	0.01860	0.01586	0.01168	0.03215	0.36623	0.05856	0.03342	0.07515	0.05334	0.02717	0.19933	0.00585	0.01087	0.01044	0.00732	0.01089
17	0.02121	0.02398	0.16479	0.01835	0.02501	0.02052	0.01720	0.15047	0.34792	0.03550	0.02991	0.02877	0.05741	0.01085	0.00838	0.00271	0.00821	0.00878	0.00727	0.01277
18	0.01145	0.00841	0.01073	0.01030	0.01226	0.00768	0.00767	0.01502	0.02256	0.03141	0.55380	0.10369	0.13811	0.01798	0.00985	0.00268	0.00401	0.01582	0.00890	0.00768
19	0.05100	0.07411	0.28324	0.10304	0.06733	0.01960	0.12339	0.02406	0.01727	0.02535	0.01686	0.05856	0.01399	0.00921	0.00919	0.00268	0.05088	0.00790	0.03149	0.01086
20	0.01291	0.00929	0.01196	0.01220	0.01271	0.01030	0.00866	0.01424	0.01463	0.02122	0.03169	0.32779	0.03552	0.14324	0.01957	0.04833	0.12063	0.01538	0.12291	0.00681
21	0.24415	0.09755	0.05961	0.11613	0.05007	0.02279	0.01587	0.23805	0.02399	0.03730	0.01534	0.01751	0.01154	0.00853	0.00702	0.00248	0.00880	0.00617	0.00574	0.01137

[dist]
# distance from previous block
# <min> <max>
0	1

[block]
# block no. 1 follows, 22 sequences, length 26
# corresponding to MSA columns:
# 110,112-136
name=unknown_B
#
# <colnr> <probs for GDERKNQSTAVLIFYWHMCP>
#	G	D	E	R	K	N	Q	S	T	A	V	L	I	F	Y	W	H	M	C	P
0	0.19541	0.13194	0.07012	0.01757	0.08642	0.03980	0.01384	0.04932	0.01825	0.06298	0.02011	0.02160	0.06144	0.00855	0.00666	0.00214	0.00781	0.00638	0.00519	0.17448
1	0.01758	0.03762	0.04935	0.01319	0.01677	0.01344	0.01063	0.08183	0.12527	0.07907	0.18206	0.08774	0.09363	0.13739	0.01487	0.00364	0.00655	0.01225	0.00760	0.00953
2	0.01674	0.04909	0.01721	0.01312	0.01797	0.01280	0.01025	0.08119	0.01923	0.02769	0.05226	0.21413	0.02743	0.01300	0.00844	0.00214	0.02808	0.01100	0.00614	0.37209
3	0.07838	0.10675	0.08299	0.04348	0.06531	0.02272	0.05008	0.17077	0.06240	0.06059	0.01762	0.02007	0.01363	0.00970	0.01066	0.00262	0.11847	0.00703	0.04518	0.01156
4	0.24119	0.17263	0.08475	0.05114	0.02298	0.06217	0.01416	0.07246	0.01892	0.08429	0.03883	0.01855	0.01404	0.00909	0.00744	0.02809	0.00851	0.00592	0.00528	0.03956
5	0.01273	0.00852	0.01057	0.01060	0.01267	0.00762	0.00773	0.01534	0.01994	0.07593	0.26264	0.26413	0.21982	0.02036	0.00994	0.00290	0.00452	0.01785	0.00840	0.00777
6	0.02010	0.02133	0.07514	0.24643	0.18728	0.04975	0.11481	0.09119	0.02023	0.02712	0.01553	0.02068	0.01207	0.00846	0.00965	0.00269	0.05436	0.00758	0.00439	0.01122
7	0.01802	0.01071	0.01342	0.01172	0.01507	0.00987	0.00898	0.02288	0.06936	0.16453	0.35521	0.05100	0.10007	0.05852	0.01125	0.00290	0.00519	0.01264	0.00873	0.04993
8	0.01200	0.00863	0.01107	0.01240	0.01345	0.00841	0.00871	0.05985	0.01791	0.02386	0.04366	0.61020	0.05131	0.02458	0.01048	0.00333	0.00534	0.05968	0.00775	0.00738
9	0.01021	0.00730	0.00972	0.01151	0.01207	0.00681	0.00772	0.01179	0.01632	0.02187	0.07885	0.66768	0.05622	0.02553	0.01056	0.00333	0.00477	0.02315	0.00779	0.00681
10	0.01084	0.00806	0.01011	0.01044	0.01206	0.00732	0.00751	0.01359	0.02010	0.02720	0.34156	0.27970	0.17940	0.02078	0.01007	0.00290	0.00428	0.01837	0.00839	0.00732
11	0.01621	0.01768	0.06900	0.02307	0.02710	0.01807	0.21222	0.02062	0.01548	0.02227	0.01725	0.02484	0.01507	0.02932	0.25954	0.00689	0.18328	0.00862	0.00411	0.00936
12	0.01783	0.01826	0.02834	0.50255	0.05097	0.07667	0.11637	0.02396	0.04072	0.02249	0.01562	0.02188	0.01181	0.00823	0.00847	0.00272	0.01171	0.00766	0.00400	0.00972
13	0.01227	0.00733	0.01013	0.01091	0.01136	0.00701	0.00734	0.01122	0.01360	0.01789	0.03331	0.30531	0.08706	0.02702	0.02159	0.38507	0.00598	0.01479	0.00564	0.00518
14	0.01753	0.01504	0.01736	0.01271	0.01986	0.01192	0.01013	0.02296	0.07212	0.02775	0.01644	0.01844	0.01345	0.00660	0.00635	0.00137	0.00619	0.00532	0.00523	0.69322
15	0.02384	0.02068	0.02570	0.29464	0.12705	0.09459	0.01994	0.19845	0.02455	0.06552	0.01713	0.02081	0.01271	0.00879	0.00821	0.00257	0.01058	0.00724	0.00550	0.01150
16	0.72738	0.05290	0.01387	0.01110	0.01634	0.01939	0.00927	0.02444	0.01428	0.03634	0.01157	0.01349	0.00908	0.00768	0.00515	0.00253	0.00656	0.00450	0.00506	0.00908
17	0.01140	0.00848	0.01060	0.01007	0.01219	0.00768	0.00755	0.01498	0.02266	0.03128	0.54582	0.06540	0.18568	0.01774	0.00980	0.00265	0.00397	0.01549	0.00888	0.00768
18	0.01190	0.00877	0.01268	0.01268	0.01393	0.01002	0.00955	0.01440	0.01315	0.01879	0.02286	0.03603	0.02224	0.16309	0.57635	0.01252	0.02004	0.00940	0.00454	0.00705
19	0.01149	0.00862	0.01082	0.01132	0.01334	0.00796	0.00890	0.01461	0.02024	0.02671	0.26510	0.14557	0.22570	0.02070	0.01034	0.00308	0.00510	0.17477	0.00819	0.00744
20	0.02221	0.71304	0.04353	0.01421	0.02132	0.03287	0.01421	0.02488	0.01688	0.01955	0.01155	0.01333	0.01066	0.00711	0.00533	0.00178	0.00888	0.00444	0.00355	0.01066
21	0.01708	0.01689	0.05525	0.04165	0.02493	0.01316	0.11335	0.02137	0.01716	0.02577	0.01612	0.02155	0.01379	0.06822	0.01011	0.00222	0.00812	0.00652	0.00469	0.50205
22	0.01187	0.00890	0.01335	0.01335	0.01483	0.01038	0.01038	0.01483	0.01335	0.01928	0.02225	0.03264	0.02077	0.06231	0.67512	0.01335	0.02225	0.00890	0.00445	0.00742
23	0.01961	0.02241	0.04902	0.03501	0.04342	0.02101	0.62605	0.02661	0.01961	0.02661	0.01681	0.02241	0.01261	0.00700	0.00980	0.00280	0.01401	0.00980	0.00420	0.01120
24	0.01023	0.00740	0.00967	0.01128	0.01202	0.00685	0.00763	0.01191	0.01669	0.02223	0.09534	0.61258	0.09545	0.02500	0.01049	0.00328	0.00471	0.02256	0.00782	0.00685
25	0.03121	0.01842	0.08979	0.01780	0.02477	0.01492	0.06829	0.03829	0.10972	0.45082	0.02964	0.02701	0.01948	0.00988	0.00845	0.00263	0.00816	0.00839	0.00878	0.01354

[dist]
# distance from previous block
# <min> <max>
0	3

[block]
# block no. 2 follows, 22 sequences, length 33
# corresponding to MSA columns:
# 140-172
name=unknown_C
#
# <colnr> <probs for GDERKNQSTAVLIFYWHMCP>
#	G	D	E	R	K	N	Q	S	T	A	V	L	I	F	Y	W	H	M	C	P
0	0.02113	0.29138	0.21900	0.06091	0.05490	0.02533	0.02048	0.07718	0.01892	0.05019	0.01440	0.01703	0.01146	0.00851	0.00888	0.00239	0.07629	0.00593	0.00426	0.01143
1	0.01907	0.30460	0.11755	0.02093	0.02743	0.02454	0.16132	0.02341	0.01702	0.02232	0.01700	0.09403	0.01611	0.01017	0.00985	0.00252	0.08918	0.00841	0.00418	0.01037
2	0.06091	0.01955	0.02104	0.12325	0.02789	0.07686	0.01534	0.14851	0.24588	0.08800	0.02488	0.02715	0.01894	0.01063	0.00882	0.00272	0.02868	0.03186	0.00713	0.01195
3	0.40250	0.16656	0.02250	0.01643	0.07152	0.09439	0.01253	0.02696	0.01699	0.08454	0.01387	0.01548	0.01088	0.00787	0.00597	0.00235	0.00824	0.00515	0.00507	0.01021
4	0.01204	0.00725	0.01012	0.01115	0.01141	0.00700	0.00740	0.01127	0.01359	0.01812	0.03163	0.38840	0.03668	0.05282	0.02115	0.32665	0.00597	0.01616	0.00585	0.00534
5	0.01915	0.02551	0.15457	0.03453	0.12048	0.02073	0.41791	0.02614	0.01886	0.02635	0.01607	0.02113	0.01224	0.00753	0.01000	0.00276	0.04170	0.00874	0.00404	0.01156
6	0.01099	0.00846	0.01008	0.00997	0.01220	0.00755	0.00754	0.01404	0.02102	0.02780	0.35516	0.10295	0.30867	0.01943	0.00995	0.00280	0.00430	0.05126	0.00840	0.00744
7	0.01011	0.00729	0.00957	0.01140	0.01201	0.00676	0.00764	0.01159	0.01607	0.02127	0.04782	0.66967	0.08658	0.02576	0.01056	0.00334	0.00479	0.02329	0.00771	0.00676
8	0.01020	0.00741	0.00947	0.01107	0.01178	0.00685	0.00740	0.01164	0.01602	0.02104	0.04890	0.59467	0.12013	0.06601	0.01240	0.00359	0.00494	0.02225	0.00755	0.00668
9	0.06173	0.54796	0.03822	0.01526	0.02189	0.11029	0.01428	0.06718	0.01907	0.02279	0.01228	0.01399	0.01082	0.00751	0.00579	0.00191	0.00952	0.00476	0.00405	0.01069
10	0.02947	0.02222	0.02375	0.01869	0.02496	0.02478	0.01528	0.51582	0.15519	0.04896	0.02262	0.02208	0.01629	0.01022	0.00834	0.00256	0.00865	0.00785	0.00834	0.01394
11	0.02519	0.04315	0.16596	0.01909	0.06318	0.01666	0.01716	0.08358	0.09179	0.23219	0.05542	0.02496	0.01952	0.00942	0.00798	0.00242	0.00832	0.00766	0.00712	0.09923
12	0.01056	0.00829	0.00954	0.00955	0.01175	0.00728	0.00704	0.01323	0.02020	0.02621	0.28404	0.15226	0.37004	0.02021	0.00991	0.00281	0.00418	0.01740	0.00823	0.00728
13	0.02302	0.65262	0.04182	0.01476	0.02171	0.06266	0.01437	0.05052	0.01812	0.02095	0.01196	0.01368	0.01081	0.00730	0.00556	0.00182	0.00918	0.00461	0.00379	0.01076
14	0.01030	0.00737	0.00980	0.01145	0.01209	0.00687	0.00773	0.01201	0.01673	0.02252	0.11155	0.63311	0.05749	0.02505	0.01052	0.00329	0.00472	0.02268	0.00787	0.00687
15	0.01666	0.04297	0.66500	0.02368	0.03596	0.01929	0.03069	0.02631	0.01754	0.02631	0.01491	0.01754	0.01052	0.00789	0.00789	0.00263	0.01228	0.00614	0.00351	0.01228
16	0.06409	0.07579	0.05637	0.01367	0.01867	0.01312	0.01176	0.02812	0.02122	0.31059	0.16976	0.11944	0.03590	0.01325	0.00850	0.00262	0.00651	0.01113	0.00843	0.01108
17	0.01723	0.01477	0.01723	0.01230	0.01969	0.01107	0.00984	0.02092	0.01723	0.02707	0.01477	0.01723	0.01230	0.00615	0.00615	0.00123	0.00615	0.00492	0.00492	0.75883
18	0.03458	0.01622	0.05872	0.01551	0.02214	0.01337	0.01342	0.03993	0.07652	0.56913	0.03177	0.02785	0.02036	0.01022	0.00833	0.00260	0.00734	0.00831	0.00971	0.01394
19	0.01607	0.01509	0.02142	0.01899	0.01949	0.02043	0.01558	0.01827	0.01293	0.01976	0.01468	0.02299	0.01419	0.03045	0.24301	0.00687	0.46952	0.00781	0.00391	0.00853
20	0.01887	0.01788	0.08028	0.06810	0.25042	0.01610	0.01851	0.07542	0.05246	0.06070	0.10843	0.11828	0.02952	0.01241	0.00888	0.00272	0.00824	0.03537	0.00621	0.01120
21	0.02728	0.02057	0.02209	0.01799	0.02381	0.02299	0.01452	0.35632	0.29022	0.07376	0.02635	0.02496	0.01913	0.01053	0.00837	0.00263	0.00797	0.00832	0.00846	0.01372
22	0.02612	0.02214	0.08460	0.02103	0.06860	0.02106	0.03824	0.31920	0.06135	0.09371	0.02101	0.04779	0.01611	0.01011	0.00917	0.00252	0.04279	0.00801	0.00705	0.07940
23	0.50610	0.07737	0.05056	0.01516	0.06209	0.01902	0.01215	0.02699	0.01629	0.12649	0.01514	0.01635	0.01121	0.00803	0.00598	0.00250	0.00727	0.00534	0.00561	0.01035
24	0.01206	0.00808	0.00920	0.00916	0.00929	0.00804	0.00523	0.01233	0.01286	0.01729	0.06899	0.05489	0.03350	0.66075	0.04006	0.00768	0.00777	0.01228	0.00532	0.00523
25	0.01688	0.01335	0.01507	0.01366	0.01714	0.01400	0.01044	0.10282	0.21334	0.03299	0.20151	0.15348	0.09472	0.01566	0.00916	0.00274	0.00569	0.01349	0.00827	0.04560
26	0.02428	0.01561	0.01786	0.01522	0.02010	0.01645	0.01205	0.08623	0.31403	0.20337	0.10500	0.03618	0.07202	0.01221	0.00866	0.00270	0.00646	0.01014	0.00896	0.01248
27	0.01135	0.00813	0.01102	0.01166	0.01243	0.00858	0.00813	0.01305	0.01387	0.01910	0.03104	0.25962	0.03449	0.21624	0.29291	0.00869	0.01284	0.01458	0.00568	0.00658
28	0.01272	0.00863	0.01133	0.01074	0.01276	0.00793	0.00802	0.01640	0.02287	0.05957	0.57281	0.11571	0.07386	0.01747	0.00980	0.00268	0.00413	0.01547	0.00907	0.00802
29	0.01193	0.00864	0.01204	0.01204	0.01307	0.00967	0.00875	0.01399	0.01296	0.01831	0.02345	0.03927	0.02365	0.25948	0.48188	0.01173	0.01792	0.00987	0.00463	0.00669
30	0.01538	0.01280	0.01525	0.01211	0.01770	0.00995	0.00929	0.01848	0.01688	0.02554	0.02285	0.19573	0.02341	0.01133	0.00731	0.00179	0.00581	0.00979	0.00565	0.56295
31	0.02585	0.01846	0.02069	0.07632	0.02499	0.03728	0.01411	0.28530	0.13583	0.12187	0.02774	0.07350	0.04269	0.04449	0.01013	0.00291	0.00823	0.00954	0.00786	0.01222
32	0.06400	0.01681	0.01832	0.08029	0.02249	0.08954	0.01279	0.04882	0.01729	0.02451	0.01861	0.12067	0.01823	0.01312	0.01272	0.06746	0.11305	0.00866	0.00501	0.22761

[dist]
# distance from previous block
# <min> <max>
1	9

[block]
# block no. 3 follows, 22 sequences, length 19
# corresponding to MSA columns:
# 182-200
name=unknown_D
#
# <colnr> <probs for GDERKNQSTAVLIFYWHMCP>
#	G	D	E	R	K	N	Q	S	T	A	V	L	I	F	Y	W	H	M	C	P
0	0.01097	0.00832	0.01116	0.08732	0.01667	0.00827	0.00895	0.01276	0.01582	0.02068	0.04393	0.47374	0.11209	0.11185	0.01436	0.00385	0.00588	0.01962	0.00691	0.00683
1	0.01911	0.02154	0.09311	0.06083	0.28989	0.05557	0.10707	0.02641	0.09190	0.02649	0.02154	0.10898	0.01939	0.01034	0.00871	0.00268	0.01000	0.00981	0.00503	0.01161
2	0.02470	0.01177	0.01550	0.01300	0.01725	0.01071	0.01029	0.02936	0.06081	0.34004	0.28720	0.06977	0.04596	0.01373	0.00904	0.00264	0.00566	0.01177	0.00960	0.01119
3	0.02184	0.01551	0.01745	0.01557	0.02008	0.01687	0.01231	0.03806	0.41791	0.14067	0.08192	0.03948	0.05836	0.01279	0.00881	0.00283	0.00643	0.05209	0.00873	0.01226
4	0.01075	0.00840	0.00974	0.00952	0.01182	0.00739	0.00710	0.01368	0.02097	0.02753	0.35118	0.09976	0.35372	0.01935	0.00984	0.00274	0.00410	0.01662	0.00839	0.00739
5	0.01723	0.01477	0.01723	0.01230	0.01969	0.01107	0.00984	0.02092	0.01723	0.02707	0.01477	0.01723	0.01230	0.00615	0.00615	0.00123	0.00615	0.00492	0.00492	0.75883
6	0.01050	0.00844	0.00937	0.00914	0.01164	0.00731	0.00685	0.01325	0.02056	0.02629	0.28495	0.07362	0.44966	0.01960	0.00981	0.00274	0.00411	0.01665	0.00822	0.00731
7	0.01818	0.01818	0.02545	0.02181	0.02181	0.02545	0.01818	0.01999	0.01272	0.01999	0.01091	0.01818	0.01091	0.01454	0.02726	0.00364	0.69284	0.00727	0.00364	0.00909
8	0.67405	0.01570	0.01264	0.01155	0.01644	0.01810	0.00953	0.02494	0.04728	0.03626	0.01504	0.02012	0.01262	0.00898	0.00577	0.00267	0.00652	0.04720	0.00549	0.00912
9	0.01569	0.01477	0.02492	0.68808	0.05722	0.01846	0.02307	0.02123	0.01661	0.02123	0.01477	0.02215	0.01107	0.00831	0.00831	0.00277	0.01107	0.00738	0.00369	0.00923
10	0.01187	0.00890	0.01335	0.01335	0.01483	0.01038	0.01038	0.01483	0.01335	0.01928	0.02225	0.03264	0.02077	0.06231	0.67512	0.01335	0.02225	0.00890	0.00445	0.00742
11	0.01902	0.01897	0.02844	0.02337	0.02478	0.02489	0.09603	0.05087	0.01491	0.02244	0.01211	0.01881	0.01128	0.01335	0.02409	0.00347	0.57203	0.00761	0.00394	0.00961
12	0.01740	0.02583	0.24268	0.27680	0.19189	0.01919	0.06054	0.02425	0.01764	0.02464	0.01513	0.02024	0.01147	0.00788	0.00823	0.00265	0.01136	0.00711	0.00376	0.01130
13	0.01849	0.01473	0.01736	0.01246	0.01978	0.01115	0.00999	0.02215	0.01764	0.06710	0.01590	0.01792	0.01283	0.00641	0.00629	0.00131	0.00621	0.00514	0.00526	0.71188
14	0.03190	0.02275	0.02461	0.01887	0.02550	0.02499	0.01559	0.59500	0.03819	0.08711	0.02068	0.02042	0.01449	0.00999	0.00831	0.00250	0.00902	0.00753	0.00842	0.01413
15	0.06226	0.07979	0.01752	0.06077	0.01862	0.04119	0.01039	0.09914	0.01872	0.09646	0.02481	0.11199	0.02467	0.27452	0.02089	0.00464	0.00819	0.01063	0.00610	0.00869
16	0.02595	0.11722	0.05987	0.01579	0.02203	0.01970	0.01388	0.25075	0.02747	0.15577	0.10593	0.02872	0.05441	0.01073	0.00801	0.00237	0.00779	0.00846	0.00761	0.05754
17	0.71689	0.01655	0.01307	0.01148	0.01672	0.01912	0.00946	0.06537	0.01583	0.03830	0.01214	0.01393	0.00934	0.00786	0.00536	0.00257	0.00661	0.00470	0.00536	0.00934
18	0.12543	0.02473	0.18992	0.07261	0.33464	0.01945	0.02358	0.02644	0.05551	0.02849	0.01592	0.01951	0.01252	0.00786	0.00772	0.00256	0.00986	0.00679	0.00434	0.01212

[dist]
# distance from previous block
# <min> <max>
0	1

[block]
# block no. 4 follows, 22 sequences, length 19
# corresponding to MSA columns:
# 202-220
name=unknown_E
#
# <colnr> <probs for GDERKNQSTAVLIFYWHMCP>
#	G	D	E	R	K	N	Q	S	T	A	V	L	I	F	Y	W	H	M	C	P
0	0.01452	0.01003	0.01298	0.11299	0.01814	0.01085	0.00917	0.03820	0.05181	0.01952	0.02209	0.03945	0.02258	0.35721	0.03032	0.17395	0.00812	0.00979	0.03201	0.00628
1	0.01904	0.02551	0.26277	0.01914	0.04566	0.01712	0.01911	0.03140	0.22400	0.08810	0.08897	0.03181	0.06904	0.01103	0.00845	0.00269	0.00846	0.00913	0.00662	0.01196
2	0.02278	0.01850	0.02533	0.09479	0.16107	0.01934	0.05275	0.22379	0.06630	0.05444	0.02172	0.08989	0.01839	0.01042	0.00841	0.00252	0.00882	0.00912	0.00638	0.08525
3	0.01143	0.00841	0.01070	0.01028	0.01225	0.00768	0.00765	0.01499	0.02252	0.03131	0.54883	0.10178	0.14525	0.01800	0.00985	0.00268	0.00401	0.01583	0.00889	0.00768
4	0.01928	0.21348	0.09231	0.01845	0.05819	0.03892	0.01581	0.02397	0.05433	0.05796	0.04122	0.06177	0.01869	0.01754	0.09811	0.00394	0.11936	0.00789	0.00489	0.03389
5	0.00994	0.00831	0.00866	0.00881	0.01136	0.00703	0.00652	0.01206	0.01886	0.02283	0.10696	0.13894	0.56860	0.02133	0.00989	0.00285	0.00425	0.01800	0.00778	0.00703
6	0.01798	0.10077	0.43293	0.02684	0.13536	0.02014	0.04835	0.02566	0.01775	0.02586	0.01476	0.01778	0.01117	0.00758	0.00765	0.00243	0.01118	0.00623	0.00374	0.06582
7	0.09377	0.01646	0.01822	0.01454	0.01992	0.05421	0.01165	0.05332	0.01900	0.15155	0.02014	0.07371	0.01683	0.00997	0.00942	0.00218	0.08479	0.00745	0.00619	0.31670
8	0.01915	0.01471	0.01742	0.01254	0.01983	0.01118	0.01007	0.02280	0.01786	0.08807	0.01650	0.01829	0.01310	0.00655	0.00636	0.00136	0.00624	0.00525	0.00544	0.68728
9	0.01869	0.16699	0.17599	0.17854	0.18976	0.02259	0.02311	0.02407	0.01708	0.02338	0.01399	0.01852	0.01136	0.00832	0.00935	0.00254	0.07432	0.00649	0.00372	0.01117
10	0.01034	0.00738	0.00989	0.01181	0.01239	0.00693	0.00809	0.01194	0.01612	0.02145	0.04567	0.66225	0.05447	0.02582	0.01066	0.00340	0.00501	0.06185	0.00771	0.00681
11	0.01009	0.00735	0.00952	0.01125	0.01197	0.00677	0.00757	0.01160	0.01621	0.02133	0.04965	0.63995	0.11512	0.02552	0.01052	0.00332	0.00476	0.02300	0.00771	0.00677
12	0.01010	0.00731	0.00955	0.01134	0.01199	0.00677	0.00761	0.01159	0.01612	0.02130	0.04854	0.65792	0.09787	0.02567	0.01055	0.00333	0.00478	0.02318	0.00771	0.00677
13	0.01582	0.01419	0.02382	0.57668	0.08507	0.01726	0.02142	0.02029	0.01609	0.02079	0.01478	0.02241	0.01157	0.01057	0.01102	0.08778	0.01057	0.00736	0.00371	0.00881
14	0.02573	0.01914	0.02086	0.01706	0.02286	0.02078	0.01368	0.24898	0.31131	0.09778	0.02698	0.02551	0.01969	0.01023	0.00817	0.00253	0.00749	0.00819	0.00823	0.08480
15	0.07045	0.31897	0.27745	0.01943	0.05044	0.06281	0.02064	0.02648	0.01767	0.04741	0.01385	0.01587	0.01096	0.00766	0.00665	0.00223	0.01035	0.00540	0.00395	0.01133
16	0.02134	0.02147	0.07578	0.03476	0.31249	0.02045	0.07921	0.10571	0.11815	0.03120	0.01886	0.02179	0.01481	0.00852	0.00896	0.00254	0.03428	0.00771	0.00532	0.05666
17	0.01527	0.00781	0.00808	0.00808	0.00999	0.00790	0.00608	0.01908	0.01718	0.03027	0.02681	0.03107	0.02126	0.01285	0.04615	0.00262	0.00498	0.00781	0.70897	0.00772
18	0.01916	0.08731	0.11925	0.12209	0.04921	0.01957	0.01738	0.05005	0.25496	0.04906	0.04360	0.07222	0.02267	0.01116	0.00829	0.00271	0.00840	0.02503	0.00636	0.01151

[dist]
# distance from previous block
# <min> <max>
1	6

[block]
# block no. 5 follows, 22 sequences, length 29
# corresponding to MSA columns:
# 227-255
name=unknown_F
#
# <colnr> <probs for GDERKNQSTAVLIFYWHMCP>
#	G	D	E	R	K	N	Q	S	T	A	V	L	I	F	Y	W	H	M	C	P
0	0.02516	0.05599	0.02243	0.13144	0.02816	0.12303	0.01500	0.19930	0.02520	0.10875	0.02357	0.06507	0.04986	0.01057	0.00805	0.00241	0.00933	0.00836	0.00649	0.08184
1	0.12987	0.04885	0.01353	0.01194	0.01384	0.01244	0.00874	0.05083	0.01633	0.02465	0.05585	0.25522	0.03510	0.20636	0.01870	0.00439	0.03566	0.04397	0.00628	0.00746
2	0.01520	0.08255	0.25469	0.01689	0.02409	0.01493	0.04011	0.02045	0.01730	0.02437	0.02889	0.17109	0.09098	0.01280	0.00821	0.00248	0.00842	0.01090	0.00517	0.15047
3	0.01898	0.01600	0.01869	0.01375	0.02055	0.01377	0.01111	0.09237	0.01949	0.02957	0.01511	0.01761	0.01242	0.00717	0.00783	0.00154	0.05287	0.00538	0.00523	0.62056
4	0.01675	0.08180	0.02418	0.09403	0.02406	0.02171	0.01646	0.01935	0.01371	0.01992	0.01415	0.02167	0.01329	0.02472	0.18021	0.00572	0.38819	0.00741	0.00383	0.00885
5	0.02079	0.08337	0.02458	0.15824	0.14462	0.04159	0.01692	0.04959	0.18199	0.07662	0.06461	0.02763	0.02138	0.04113	0.00965	0.00281	0.00861	0.00837	0.00611	0.01138
6	0.01209	0.00842	0.01072	0.01057	0.01249	0.00765	0.00776	0.01519	0.02124	0.05277	0.41799	0.20095	0.15255	0.01925	0.00992	0.00280	0.00427	0.01698	0.00868	0.00772
7	0.01215	0.00897	0.01134	0.01113	0.01305	0.00857	0.00835	0.01667	0.05733	0.03019	0.45098	0.12629	0.09890	0.05028	0.01144	0.00305	0.00465	0.06024	0.00858	0.00785
8	0.02081	0.36753	0.22186	0.01970	0.06031	0.09370	0.01964	0.02562	0.01767	0.02201	0.01351	0.01625	0.01134	0.01069	0.04511	0.00277	0.01134	0.00545	0.00370	0.01098
9	0.03692	0.01470	0.01963	0.01505	0.02149	0.01304	0.01243	0.07661	0.02472	0.62453	0.03199	0.02776	0.02017	0.01026	0.00835	0.00257	0.00720	0.00830	0.01016	0.01414
10	0.01723	0.01477	0.01723	0.01230	0.01969	0.01107	0.00984	0.02092	0.01723	0.02707	0.01477	0.01723	0.01230	0.00615	0.00615	0.00123	0.00615	0.00492	0.00492	0.75883
11	0.01549	0.00774	0.00774	0.00774	0.00968	0.00774	0.00581	0.01936	0.01742	0.03097	0.02710	0.03097	0.02129	0.00968	0.00581	0.00194	0.00387	0.00774	0.75416	0.00774
12	0.02235	0.01957	0.01968	0.01738	0.02225	0.05608	0.01358	0.10439	0.54559	0.03582	0.03125	0.02899	0.02341	0.01099	0.00839	0.00275	0.00729	0.00898	0.00822	0.01306
13	0.02101	0.01150	0.01524	0.01288	0.01628	0.01101	0.01010	0.02423	0.02155	0.23700	0.31627	0.04421	0.04672	0.06065	0.01286	0.00298	0.06592	0.01142	0.00853	0.04964
14	0.02268	0.15549	0.03031	0.05770	0.05512	0.02489	0.06942	0.20650	0.02283	0.03079	0.01673	0.05798	0.01464	0.01104	0.01282	0.00274	0.18384	0.00796	0.00535	0.01117
15	0.03103	0.03959	0.02354	0.02140	0.02568	0.67469	0.01605	0.03317	0.02354	0.02033	0.01284	0.01498	0.01070	0.00856	0.00749	0.00214	0.01498	0.00535	0.00428	0.00963
16	0.02221	0.01761	0.02380	0.01932	0.02374	0.01920	0.09987	0.22807	0.08452	0.06710	0.06175	0.15439	0.02642	0.01374	0.01144	0.00289	0.09399	0.01153	0.00719	0.01122
17	0.03101	0.02299	0.02461	0.01900	0.02555	0.02550	0.01565	0.59812	0.07038	0.05144	0.02067	0.02052	0.01471	0.01004	0.00832	0.00251	0.00901	0.00758	0.00832	0.01408
18	0.01609	0.01329	0.01451	0.01378	0.01724	0.01422	0.01069	0.05316	0.30090	0.02975	0.07042	0.12233	0.19975	0.01673	0.00938	0.00295	0.00588	0.07065	0.00812	0.01015
19	0.01549	0.00774	0.00774	0.00774	0.00968	0.00774	0.00581	0.01936	0.01742	0.03097	0.02710	0.03097	0.02129	0.00968	0.00581	0.00194	0.00387	0.00774	0.75416	0.00774
20	0.02736	0.02134	0.02774	0.05958	0.02961	0.02268	0.11543	0.39288	0.06946	0.07145	0.02023	0.02136	0.01457	0.00924	0.00843	0.00250	0.00960	0.00785	0.00725	0.06144
21	0.01443	0.00722	0.01082	0.01082	0.01082	0.00722	0.00722	0.01082	0.01082	0.01443	0.01443	0.02525	0.01443	0.02886	0.03247	0.75830	0.00722	0.00722	0.00361	0.00361
22	0.01144	0.00857	0.01069	0.01114	0.01274	0.00814	0.00797	0.01541	0.06142	0.02697	0.28503	0.33892	0.12846	0.02096	0.01006	0.00298	0.00452	0.01864	0.00832	0.00763
23	0.01890	0.05573	0.29870	0.03658	0.31058	0.02018	0.08933	0.02593	0.01834	0.02645	0.01530	0.01922	0.01191	0.00755	0.00814	0.00254	0.01126	0.00701	0.00385	0.01250
24	0.05166	0.01035	0.01355	0.01313	0.04330	0.00945	0.05452	0.01523	0.01974	0.02642	0.21256	0.09335	0.37044	0.01787	0.00953	0.00276	0.00528	0.01545	0.00751	0.00791
25	0.01868	0.02099	0.06960	0.02586	0.04850	0.04526	0.26489	0.02438	0.04557	0.02501	0.01768	0.06646	0.01545	0.01010	0.01277	0.00275	0.15698	0.00904	0.00457	0.11544
26	0.08412	0.06394	0.02071	0.04274	0.02079	0.05708	0.01343	0.08878	0.05202	0.02689	0.01979	0.11055	0.01912	0.04822	0.01480	0.00304	0.19740	0.00907	0.03089	0.07662
27	0.01865	0.01642	0.02995	0.06428	0.03042	0.01605	0.27856	0.08687	0.02029	0.06363	0.02642	0.22389	0.02574	0.01415	0.01066	0.03491	0.00989	0.01330	0.00598	0.00993
28	0.01848	0.02160	0.07226	0.03125	0.03862	0.01971	0.50070	0.02486	0.01914	0.02629	0.05045	0.06106	0.01809	0.00899	0.01069	0.00286	0.04911	0.01052	0.00458	0.01073

[dist]
# distance from previous block
# <min> <max>
2	7

[block]
# block no. 6 follows, 22 sequences, length 41
# corresponding to MSA columns:
# 263-303
name=unknown_G
#
# <colnr> <probs for GDERKNQSTAVLIFYWHMCP>
#	G	D	E	R	K	N	Q	S	T	A	V	L	I	F	Y	W	H	M	C	P
0	0.08044	0.01706	0.01894	0.01488	0.02093	0.01695	0.01203	0.17459	0.11170	0.10767	0.02432	0.02436	0.05098	0.00950	0.00804	0.00218	0.02809	0.00732	0.00700	0.26304
1	0.01159	0.00841	0.01106	0.01151	0.01318	0.00788	0.00878	0.01484	0.02071	0.02838	0.36804	0.21293	0.09932	0.02038	0.01030	0.00303	0.00485	0.12884	0.00846	0.00751
2	0.06946	0.01961	0.02170	0.07092	0.02566	0.02160	0.01461	0.38661	0.09519	0.09235	0.02529	0.02523	0.05109	0.01048	0.00816	0.00256	0.00828	0.00814	0.03031	0.01275
3	0.01068	0.00762	0.00969	0.01080	0.01154	0.00715	0.00719	0.01228	0.01653	0.02217	0.13329	0.46231	0.08791	0.14160	0.01588	0.00403	0.00521	0.02003	0.00746	0.00663
4	0.01797	0.08082	0.24400	0.02730	0.09422	0.02069	0.17720	0.02413	0.01741	0.02468	0.01736	0.06016	0.01517	0.01006	0.01132	0.00282	0.11101	0.02850	0.00415	0.01103
5	0.01060	0.00773	0.00957	0.01052	0.01153	0.00714	0.00711	0.01231	0.01698	0.02246	0.13919	0.41038	0.15344	0.12325	0.01497	0.00385	0.00506	0.01966	0.00753	0.00670
6	0.01723	0.01477	0.01723	0.01230	0.01969	0.01107	0.00984	0.02092	0.01723	0.02707	0.01477	0.01723	0.01230	0.00615	0.00615	0.00123	0.00615	0.00492	0.00492	0.75883
7	0.01162	0.00838	0.01098	0.01055	0.01238	0.00775	0.00783	0.01533	0.02287	0.03229	0.60058	0.11623	0.07640	0.01775	0.00987	0.00268	0.00400	0.01575	0.00902	0.00775
8	0.71096	0.01592	0.01275	0.01122	0.01646	0.01815	0.00924	0.02565	0.01487	0.08503	0.01319	0.01463	0.00988	0.00791	0.00539	0.00257	0.00648	0.00479	0.00553	0.00939
9	0.02261	0.68289	0.04264	0.01454	0.02152	0.06161	0.01430	0.02525	0.01718	0.01958	0.01161	0.01340	0.01066	0.00717	0.00543	0.00179	0.00916	0.00448	0.00359	0.01061
10	0.31425	0.01768	0.03899	0.04063	0.07230	0.01830	0.08365	0.12119	0.02001	0.05194	0.01934	0.05582	0.01700	0.03740	0.00890	0.00293	0.00843	0.05510	0.00583	0.01029
11	0.02857	0.02149	0.02388	0.07223	0.02743	0.02368	0.01574	0.51116	0.05475	0.04705	0.02048	0.04085	0.01538	0.01017	0.00827	0.00249	0.00893	0.00789	0.00775	0.05181
12	0.01347	0.00865	0.01135	0.01236	0.01379	0.00823	0.00884	0.01653	0.04947	0.08093	0.07765	0.52466	0.05107	0.02310	0.01031	0.00326	0.00528	0.06511	0.00806	0.00788
13	0.01382	0.00984	0.01197	0.01150	0.01396	0.00956	0.00873	0.01973	0.10176	0.05842	0.35512	0.12778	0.13922	0.01753	0.00961	0.00279	0.00473	0.04459	0.03078	0.00857
14	0.16172	0.01280	0.03530	0.01459	0.05197	0.01217	0.01100	0.02144	0.05019	0.09421	0.10651	0.11852	0.10155	0.06949	0.01140	0.00331	0.00650	0.10121	0.00712	0.00899
15	0.01713	0.01420	0.01648	0.01353	0.01873	0.01290	0.01047	0.06159	0.11453	0.02841	0.02484	0.17203	0.02389	0.01182	0.00816	0.00209	0.02329	0.00999	0.00627	0.40964
16	0.01165	0.00849	0.01095	0.01034	0.01234	0.00779	0.00775	0.01546	0.02326	0.03270	0.61976	0.06307	0.11085	0.01721	0.00980	0.00262	0.00394	0.01517	0.00906	0.00779
17	0.01678	0.00899	0.00912	0.00866	0.01097	0.00919	0.00661	0.06832	0.01916	0.03269	0.02653	0.03009	0.02072	0.00970	0.00601	0.00198	0.00430	0.00772	0.69421	0.00826
18	0.26405	0.01485	0.01672	0.01355	0.01924	0.01477	0.01110	0.04939	0.05290	0.38264	0.06036	0.02544	0.02024	0.00989	0.00743	0.00258	0.00672	0.00755	0.00846	0.01212
19	0.66698	0.01550	0.01272	0.01121	0.01628	0.01753	0.00919	0.02524	0.01542	0.08727	0.04814	0.01733	0.01371	0.00842	0.00565	0.00257	0.00634	0.00538	0.00577	0.00935
20	0.02120	0.01896	0.01903	0.01714	0.02181	0.05425	0.01330	0.04358	0.60949	0.03401	0.03274	0.03017	0.02461	0.01113	0.00840	0.00278	0.00701	0.00918	0.00824	0.01297
21	0.01088	0.00801	0.01027	0.01160	0.01258	0.00765	0.00797	0.01385	0.05100	0.02346	0.12010	0.56413	0.07947	0.02393	0.01036	0.00323	0.00478	0.02156	0.00793	0.00724
22	0.01027	0.00729	0.00959	0.01137	0.01182	0.00685	0.00750	0.01161	0.01561	0.02081	0.04426	0.65213	0.05302	0.07915	0.01307	0.00374	0.00507	0.02272	0.00750	0.00661
23	0.01694	0.01023	0.01297	0.01158	0.01463	0.00955	0.00892	0.02209	0.07043	0.14723	0.44748	0.05491	0.10853	0.01564	0.00943	0.00264	0.00472	0.01357	0.00919	0.00933
24	0.02197	0.01737	0.01862	0.01643	0.02127	0.01959	0.01287	0.07404	0.52926	0.08303	0.03556	0.03270	0.05661	0.01163	0.00851	0.00278	0.00663	0.00963	0.00855	0.01296
25	0.01118	0.00819	0.01067	0.01193	0.01333	0.00768	0.00901	0.01373	0.01836	0.02425	0.14741	0.36017	0.13677	0.02312	0.01059	0.00329	0.00532	0.16988	0.00793	0.00719
26	0.03668	0.00844	0.00986	0.01065	0.01217	0.00791	0.00743	0.02976	0.01752	0.02333	0.08716	0.40812	0.21920	0.06704	0.01213	0.00342	0.00498	0.01958	0.00755	0.00706
27	0.01801	0.01018	0.01044	0.00953	0.01220	0.01057	0.00737	0.11489	0.02081	0.03433	0.02598	0.02924	0.02017	0.00972	0.00620	0.00202	0.00470	0.00770	0.63719	0.00874
28	0.01722	0.01110	0.01005	0.00956	0.01174	0.06070	0.00707	0.05286	0.01852	0.02977	0.02550	0.03155	0.02100	0.08187	0.00985	0.00262	0.00546	0.00799	0.57762	0.00796
29	0.16461	0.01110	0.01285	0.01147	0.01495	0.01077	0.00893	0.02228	0.02091	0.16955	0.31550	0.09602	0.07991	0.01462	0.00864	0.00266	0.00518	0.01231	0.00843	0.00931
30	0.04047	0.01072	0.01355	0.01234	0.01557	0.01025	0.00944	0.02324	0.05402	0.21213	0.09162	0.15209	0.13419	0.06131	0.11541	0.00475	0.00836	0.01314	0.00790	0.00950
31	0.01021	0.00737	0.00967	0.01134	0.01203	0.00683	0.00765	0.01185	0.01655	0.02205	0.08682	0.62985	0.08666	0.02519	0.01051	0.00330	0.00473	0.02276	0.00780	0.00683
32	0.02668	0.01693	0.01910	0.01554	0.02036	0.01789	0.01227	0.30440	0.07636	0.16161	0.02674	0.07995	0.02197	0.10782	0.01307	0.00334	0.00778	0.00968	0.04659	0.01190
33	0.08058	0.01727	0.02655	0.28216	0.25561	0.01926	0.02122	0.06358	0.01902	0.07642	0.01635	0.02103	0.01256	0.00853	0.00900	0.00266	0.04493	0.00723	0.00476	0.01127
34	0.02446	0.01647	0.01870	0.01603	0.02023	0.06605	0.01281	0.13719	0.09473	0.18775	0.02476	0.02728	0.01899	0.02836	0.23980	0.00632	0.03359	0.00824	0.00704	0.01120
35	0.01173	0.00887	0.01108	0.01160	0.01382	0.00821	0.00942	0.01502	0.02036	0.02655	0.23631	0.07985	0.25608	0.02056	0.01044	0.00313	0.00542	0.23593	0.00811	0.00750
36	0.01365	0.00725	0.01039	0.01077	0.01099	0.00716	0.00722	0.01152	0.01225	0.01684	0.02145	0.15965	0.02289	0.02706	0.02642	0.56013	0.00653	0.01049	0.05283	0.00450
37	0.02053	0.02071	0.08492	0.11584	0.44056	0.01926	0.02379	0.02766	0.07967	0.05921	0.01811	0.02189	0.01426	0.00807	0.00823	0.00256	0.00975	0.00753	0.00475	0.01269
38	0.01873	0.01921	0.02459	0.05496	0.02352	0.07644	0.01782	0.02083	0.01382	0.02004	0.01189	0.01893	0.01145	0.01641	0.06085	0.00401	0.56652	0.00721	0.00374	0.00905
39	0.32926	0.01884	0.07449	0.17717	0.03234	0.01874	0.11213	0.02527	0.01657	0.07900	0.01505	0.01858	0.01115	0.00817	0.00781	0.00269	0.03126	0.00654	0.00487	0.01007
40	0.01241	0.00968	0.01048	0.01004	0.01261	0.00901	0.00741	0.06030	0.03885	0.02503	0.11505	0.10769	0.41527	0.07549	0.01346	0.04139	0.00513	0.01573	0.00748	0.00747

[dist]
# distance from previous block
# <min> <max>
0	11

# created by:
# /st0/software/busco_prod/Augustus/scripts/msa2prfl.pl ./align_prep/115818.fa
