[name]
unknown

[dist]
# distance from previous block
# <min> <max>
0	60

[block]
# block no. 0 follows, 25 sequences, length 106
# corresponding to MSA columns:
# 70-175
name=unknown_A
#
# <colnr> <probs for GDERKNQSTAVLIFYWHMCP>
#	G	D	E	R	K	N	Q	S	T	A	V	L	I	F	Y	W	H	M	C	P
0	0.01249	0.00892	0.01249	0.01428	0.01606	0.00892	0.01249	0.01606	0.01785	0.02320	0.04105	0.08746	0.04462	0.02142	0.01071	0.00357	0.00714	0.62695	0.00714	0.00714
1	0.02065	0.48522	0.13024	0.01536	0.02202	0.12752	0.01542	0.02408	0.01714	0.02001	0.04968	0.01586	0.01358	0.00748	0.00587	0.00187	0.00934	0.00507	0.00371	0.00987
2	0.01570	0.03923	0.66090	0.02313	0.05958	0.01802	0.02845	0.02452	0.01642	0.02459	0.01394	0.01648	0.00992	0.00735	0.00738	0.00245	0.01137	0.00578	0.00330	0.01149
3	0.05262	0.03889	0.65465	0.02152	0.03266	0.01798	0.02767	0.02447	0.01622	0.02505	0.01376	0.01619	0.00975	0.00736	0.00724	0.00245	0.01119	0.00566	0.00335	0.01131
4	0.01555	0.04011	0.68733	0.02210	0.03356	0.01801	0.02865	0.02455	0.01637	0.02455	0.01391	0.01637	0.00982	0.00737	0.00737	0.00246	0.01146	0.00573	0.00327	0.01146
5	0.01824	0.02021	0.04157	0.03104	0.05835	0.01999	0.53185	0.02494	0.04903	0.02456	0.01583	0.02083	0.01219	0.00749	0.01078	0.00269	0.08716	0.00881	0.00406	0.01040
6	0.01128	0.00752	0.00846	0.00846	0.00846	0.00752	0.00470	0.01128	0.01128	0.01503	0.02443	0.05074	0.02819	0.72751	0.03946	0.00752	0.00752	0.01128	0.00470	0.00470
7	0.01131	0.01031	0.06052	0.01067	0.01321	0.00811	0.00890	0.01537	0.02153	0.03061	0.62607	0.05484	0.06847	0.01522	0.00901	0.00244	0.00424	0.01341	0.00815	0.00762
8	0.02902	0.03519	0.02212	0.01973	0.02398	0.61860	0.01495	0.10295	0.02365	0.02243	0.01275	0.01452	0.01036	0.00814	0.00708	0.00204	0.01335	0.00522	0.00443	0.00947
9	0.00916	0.00785	0.00785	0.00785	0.01047	0.00655	0.00589	0.01113	0.01767	0.02095	0.07855	0.07462	0.67599	0.01964	0.00916	0.00262	0.00393	0.01636	0.00720	0.00655
10	0.02073	0.73217	0.04063	0.01327	0.01990	0.03068	0.01327	0.02322	0.01575	0.01824	0.01078	0.01244	0.00995	0.00663	0.00498	0.00166	0.00829	0.00415	0.00332	0.00995
11	0.00945	0.00675	0.00900	0.01080	0.01125	0.00630	0.00720	0.01080	0.01484	0.01979	0.04274	0.72245	0.05128	0.02429	0.00990	0.00315	0.00450	0.02204	0.00720	0.00630
12	0.02849	0.03597	0.02176	0.01977	0.02378	0.66348	0.01485	0.03146	0.05323	0.01963	0.01294	0.01471	0.01065	0.00811	0.00703	0.00203	0.01360	0.00518	0.00418	0.00915
13	0.02073	0.73217	0.04063	0.01327	0.01990	0.03068	0.01327	0.02322	0.01575	0.01824	0.01078	0.01244	0.00995	0.00663	0.00498	0.00166	0.00829	0.00415	0.00332	0.00995
14	0.02073	0.73217	0.04063	0.01327	0.01990	0.03068	0.01327	0.02322	0.01575	0.01824	0.01078	0.01244	0.00995	0.00663	0.00498	0.00166	0.00829	0.00415	0.00332	0.00995
15	0.02757	0.07375	0.02237	0.01916	0.02313	0.62638	0.01451	0.02956	0.02129	0.01898	0.01341	0.04815	0.01198	0.00870	0.00702	0.00203	0.01321	0.00577	0.00411	0.00891
16	0.00941	0.00784	0.00807	0.00802	0.01044	0.00665	0.00593	0.01139	0.01763	0.02135	0.11840	0.07211	0.59706	0.05832	0.01083	0.00287	0.00411	0.01592	0.00716	0.00650
17	0.01445	0.00723	0.00723	0.00723	0.00903	0.00723	0.00542	0.01807	0.01626	0.02891	0.02529	0.02891	0.01987	0.00903	0.00542	0.00181	0.00361	0.00723	0.77055	0.00723
18	0.02889	0.02143	0.02294	0.01772	0.02382	0.02377	0.01460	0.61803	0.07267	0.04792	0.01936	0.01921	0.01379	0.00938	0.00776	0.00234	0.00839	0.00708	0.00776	0.01313
19	0.01061	0.00791	0.00986	0.00937	0.01136	0.00716	0.00703	0.01392	0.02108	0.02904	0.55461	0.06129	0.19488	0.01662	0.00915	0.00247	0.00371	0.01450	0.00827	0.00716
20	0.01445	0.00723	0.00723	0.00723	0.00903	0.00723	0.00542	0.01807	0.01626	0.02891	0.02529	0.02891	0.01987	0.00903	0.00542	0.00181	0.00361	0.00723	0.77055	0.00723
21	0.01919	0.01842	0.03147	0.04759	0.67914	0.01842	0.02380	0.02380	0.01765	0.02533	0.01458	0.01919	0.01228	0.00691	0.00768	0.00230	0.00921	0.00691	0.00384	0.01228
22	0.00952	0.00680	0.00906	0.01075	0.01126	0.00635	0.00720	0.01098	0.01519	0.02034	0.07346	0.69015	0.05235	0.02388	0.00986	0.00311	0.00446	0.02165	0.00726	0.00635
23	0.01603	0.10391	0.62771	0.02129	0.03230	0.01918	0.02723	0.02443	0.01631	0.02397	0.01363	0.01601	0.00983	0.00730	0.00715	0.00238	0.01117	0.00558	0.00328	0.01132
24	0.01929	0.01666	0.01753	0.01578	0.02016	0.01929	0.01227	0.04120	0.66513	0.03243	0.03156	0.02893	0.02367	0.01052	0.00789	0.00263	0.00614	0.00877	0.00789	0.01227
25	0.01856	0.44192	0.31186	0.01697	0.02563	0.02536	0.01972	0.02378	0.01601	0.02089	0.01209	0.01409	0.00990	0.00694	0.00598	0.00199	0.00962	0.00481	0.00330	0.01058
26	0.02060	0.01677	0.01787	0.01580	0.02036	0.01916	0.01237	0.07472	0.59929	0.06503	0.03080	0.02824	0.02287	0.01041	0.00788	0.00260	0.00629	0.00862	0.00797	0.01237
27	0.74698	0.01531	0.01195	0.01055	0.01542	0.01771	0.00869	0.05235	0.01429	0.03545	0.01116	0.01288	0.00862	0.00730	0.00494	0.00240	0.00612	0.00433	0.00494	0.00862
28	0.01929	0.01666	0.01753	0.01578	0.02016	0.01929	0.01227	0.04120	0.66513	0.03243	0.03156	0.02893	0.02367	0.01052	0.00789	0.00263	0.00614	0.00877	0.00789	0.01227
29	0.00998	0.00713	0.00960	0.01140	0.01208	0.00675	0.00812	0.01171	0.01537	0.02038	0.04244	0.61237	0.05013	0.02379	0.01004	0.00322	0.00496	0.12691	0.00719	0.00644
30	0.02947	0.02172	0.02327	0.01784	0.02404	0.02404	0.01474	0.65329	0.03646	0.04887	0.01862	0.01862	0.01319	0.00931	0.00776	0.00233	0.00853	0.00698	0.00776	0.01319
31	0.01128	0.00752	0.00846	0.00846	0.00846	0.00752	0.00470	0.01128	0.01128	0.01503	0.02443	0.05074	0.02819	0.72751	0.03946	0.00752	0.00752	0.01128	0.00470	0.00470
32	0.01445	0.00723	0.00723	0.00723	0.00903	0.00723	0.00542	0.01807	0.01626	0.02891	0.02529	0.02891	0.01987	0.00903	0.00542	0.00181	0.00361	0.00723	0.77055	0.00723
33	0.01696	0.01696	0.02375	0.02036	0.02036	0.02375	0.01696	0.01866	0.01187	0.01866	0.01018	0.01696	0.01018	0.01357	0.02545	0.00339	0.71332	0.00679	0.00339	0.00848
34	0.01065	0.00791	0.00992	0.00941	0.01139	0.00718	0.00706	0.01401	0.02118	0.02928	0.56841	0.06090	0.18093	0.01653	0.00915	0.00247	0.00371	0.01444	0.00830	0.00718
35	0.01445	0.00723	0.00723	0.00723	0.00903	0.00723	0.00542	0.01807	0.01626	0.02891	0.02529	0.02891	0.01987	0.00903	0.00542	0.00181	0.00361	0.00723	0.77055	0.00723
36	0.01128	0.00752	0.00846	0.00846	0.00846	0.00752	0.00470	0.01128	0.01128	0.01503	0.02443	0.05074	0.02819	0.72751	0.03946	0.00752	0.00752	0.01128	0.00470	0.00470
37	0.01593	0.09095	0.63982	0.02145	0.03256	0.01894	0.02752	0.02446	0.01632	0.02409	0.01368	0.01608	0.00983	0.00731	0.00719	0.00240	0.01123	0.00561	0.00328	0.01135
38	0.00945	0.00675	0.00900	0.01080	0.01125	0.00630	0.00720	0.01080	0.01484	0.01979	0.04274	0.72245	0.05128	0.02429	0.00990	0.00315	0.00450	0.02204	0.00720	0.00630
39	0.02940	0.02408	0.02307	0.01817	0.02403	0.12836	0.01478	0.55673	0.03421	0.04423	0.01759	0.01790	0.01269	0.00910	0.00764	0.00228	0.00938	0.00667	0.00717	0.01253
40	0.00918	0.00777	0.00794	0.00807	0.01053	0.00653	0.00599	0.01110	0.01746	0.02086	0.07589	0.12261	0.62971	0.01998	0.00922	0.00266	0.00397	0.01678	0.00720	0.00653
41	0.01555	0.04011	0.68733	0.02210	0.03356	0.01801	0.02865	0.02455	0.01637	0.02455	0.01391	0.01637	0.00982	0.00737	0.00737	0.00246	0.01146	0.00573	0.00327	0.01146
42	0.78228	0.01499	0.01140	0.01020	0.01499	0.01739	0.00840	0.02279	0.01320	0.03479	0.01080	0.01260	0.00840	0.00720	0.00480	0.00240	0.00600	0.00420	0.00480	0.00840
43	0.01073	0.00796	0.01003	0.00964	0.01160	0.00726	0.00731	0.01410	0.02102	0.02898	0.54299	0.06217	0.17525	0.01676	0.00922	0.00252	0.00387	0.04316	0.00824	0.00718
44	0.02601	0.01945	0.02102	0.01616	0.02219	0.02070	0.01324	0.48658	0.06245	0.04314	0.01874	0.01917	0.01372	0.00875	0.00731	0.00212	0.00771	0.00668	0.04326	0.14160
45	0.02695	0.01934	0.02152	0.01715	0.02247	0.02162	0.01402	0.40733	0.16532	0.11320	0.02201	0.02152	0.01582	0.00993	0.00916	0.00248	0.06245	0.00743	0.00765	0.01263
46	0.03164	0.01510	0.01883	0.01464	0.02041	0.01454	0.01202	0.18070	0.05676	0.47249	0.05916	0.02623	0.02063	0.00988	0.00786	0.00240	0.00688	0.00796	0.00903	0.01286
47	0.02455	0.01636	0.01834	0.01551	0.02053	0.01780	0.01234	0.11365	0.42193	0.20466	0.02975	0.02703	0.02124	0.01013	0.00785	0.00253	0.00654	0.00830	0.00832	0.01262
48	0.00945	0.00675	0.00900	0.01080	0.01125	0.00630	0.00720	0.01080	0.01484	0.01979	0.04274	0.72245	0.05128	0.02429	0.00990	0.00315	0.00450	0.02204	0.00720	0.00630
49	0.00945	0.00675	0.00900	0.01080	0.01125	0.00630	0.00720	0.01080	0.01484	0.01979	0.04274	0.72245	0.05128	0.02429	0.00990	0.00315	0.00450	0.02204	0.00720	0.00630
50	0.01696	0.01696	0.02375	0.02036	0.02036	0.02375	0.01696	0.01866	0.01187	0.01866	0.01018	0.01696	0.01018	0.01357	0.02545	0.00339	0.71332	0.00679	0.00339	0.00848
51	0.02871	0.02134	0.02284	0.01769	0.02375	0.02369	0.01455	0.60743	0.08356	0.04763	0.01959	0.01939	0.01397	0.00940	0.00777	0.00235	0.00835	0.00711	0.00777	0.01312
52	0.01887	0.01785	0.02905	0.09243	0.54685	0.01845	0.02213	0.02577	0.10193	0.02585	0.01674	0.02057	0.01362	0.00744	0.00771	0.00237	0.00889	0.00715	0.00434	0.01201
53	0.02947	0.02172	0.02327	0.01784	0.02404	0.02404	0.01474	0.65329	0.03646	0.04887	0.01862	0.01862	0.01319	0.00931	0.00776	0.00233	0.00853	0.00698	0.00776	0.01319
54	0.00945	0.00675	0.00900	0.01080	0.01125	0.00630	0.00720	0.01080	0.01484	0.01979	0.04274	0.72245	0.05128	0.02429	0.00990	0.00315	0.00450	0.02204	0.00720	0.00630
55	0.01478	0.01396	0.02328	0.66921	0.05150	0.01760	0.02127	0.01974	0.01529	0.01974	0.01357	0.02046	0.01033	0.00809	0.00877	0.00263	0.05083	0.00688	0.00344	0.00861
56	0.78228	0.01499	0.01140	0.01020	0.01499	0.01739	0.00840	0.02279	0.01320	0.03479	0.01080	0.01260	0.00840	0.00720	0.00480	0.00240	0.00600	0.00420	0.00480	0.00840
57	0.01696	0.01696	0.02375	0.02036	0.02036	0.02375	0.01696	0.01866	0.01187	0.01866	0.01018	0.01696	0.01018	0.01357	0.02545	0.00339	0.71332	0.00679	0.00339	0.00848
58	0.01464	0.01378	0.02326	0.70887	0.05340	0.01723	0.02153	0.01981	0.01550	0.01981	0.01378	0.02067	0.01034	0.00775	0.00775	0.00258	0.01034	0.00689	0.00345	0.00861
59	0.02033	0.67852	0.09076	0.01395	0.02096	0.02970	0.01446	0.02332	0.01580	0.01873	0.01102	0.01274	0.00994	0.00669	0.00516	0.00172	0.00854	0.00427	0.00331	0.01007
60	0.01445	0.00723	0.00723	0.00723	0.00903	0.00723	0.00542	0.01807	0.01626	0.02891	0.02529	0.02891	0.01987	0.00903	0.00542	0.00181	0.00361	0.00723	0.77055	0.00723
61	0.01128	0.00752	0.00846	0.00846	0.00846	0.00752	0.00470	0.01128	0.01128	0.01503	0.02443	0.05074	0.02819	0.72751	0.03946	0.00752	0.00752	0.01128	0.00470	0.00470
62	0.01555	0.04011	0.68733	0.02210	0.03356	0.01801	0.02865	0.02455	0.01637	0.02455	0.01391	0.01637	0.00982	0.00737	0.00737	0.00246	0.01146	0.00573	0.00327	0.01146
63	0.01919	0.01842	0.03147	0.04759	0.67914	0.01842	0.02380	0.02380	0.01765	0.02533	0.01458	0.01919	0.01228	0.00691	0.00768	0.00230	0.00921	0.00691	0.00384	0.01228
64	0.01284	0.00774	0.00972	0.00972	0.01133	0.00840	0.00746	0.01605	0.01445	0.02370	0.02314	0.02965	0.01964	0.03246	0.33515	0.00689	0.01180	0.00774	0.40503	0.00708
65	0.01696	0.01696	0.02375	0.02036	0.02036	0.02375	0.01696	0.01866	0.01187	0.01866	0.01018	0.01696	0.01018	0.01357	0.02545	0.00339	0.71332	0.00679	0.00339	0.00848
66	0.00985	0.00722	0.00988	0.04913	0.01359	0.00697	0.00800	0.01158	0.01541	0.02063	0.08799	0.63460	0.05065	0.02276	0.00972	0.00307	0.00476	0.02061	0.00709	0.00650
67	0.00916	0.00785	0.00785	0.00785	0.01047	0.00655	0.00589	0.01113	0.01767	0.02095	0.07855	0.07462	0.67599	0.01964	0.00916	0.00262	0.00393	0.01636	0.00720	0.00655
68	0.03479	0.01320	0.01799	0.01380	0.01979	0.01140	0.01140	0.03779	0.02219	0.68451	0.03059	0.02639	0.01919	0.00960	0.00780	0.00240	0.00660	0.00780	0.00960	0.01320
69	0.02896	0.03695	0.02197	0.01998	0.02397	0.69638	0.01498	0.03096	0.02197	0.01898	0.01199	0.01398	0.00999	0.00799	0.00699	0.00200	0.01398	0.00499	0.00400	0.00899
70	0.01830	0.02092	0.04575	0.03268	0.04052	0.01961	0.65098	0.02484	0.01830	0.02484	0.01569	0.02092	0.01176	0.00654	0.00915	0.00261	0.01307	0.00915	0.00392	0.01046
71	0.01919	0.01842	0.03147	0.04759	0.67914	0.01842	0.02380	0.02380	0.01765	0.02533	0.01458	0.01919	0.01228	0.00691	0.00768	0.00230	0.00921	0.00691	0.00384	0.01228
72	0.00953	0.00682	0.00908	0.01074	0.01127	0.00636	0.00720	0.01102	0.01525	0.02044	0.07916	0.68417	0.05254	0.02381	0.00985	0.00311	0.00445	0.02158	0.00727	0.00636
73	0.02945	0.02256	0.02320	0.01796	0.02404	0.06104	0.01475	0.61904	0.03566	0.04722	0.01825	0.01836	0.01301	0.00924	0.00771	0.00231	0.00883	0.00687	0.00755	0.01295
74	0.01574	0.01478	0.02350	0.33447	0.03583	0.01868	0.06775	0.01961	0.01451	0.02076	0.01387	0.02024	0.01141	0.00988	0.01395	0.00279	0.26140	0.00707	0.08521	0.00856
75	0.02849	0.01926	0.02126	0.01674	0.02256	0.02092	0.01368	0.42960	0.15220	0.15787	0.02316	0.02193	0.01622	0.00959	0.00779	0.00240	0.00774	0.00746	0.00811	0.01302
76	0.07572	0.01817	0.02998	0.04482	0.62994	0.01835	0.02265	0.02372	0.01732	0.02603	0.01430	0.01870	0.01199	0.00693	0.00746	0.00231	0.00897	0.00671	0.00391	0.01199
77	0.13580	0.01061	0.01276	0.01099	0.01457	0.01007	0.00868	0.02282	0.02053	0.23094	0.35523	0.04198	0.06865	0.01276	0.00807	0.00243	0.00492	0.01071	0.00824	0.00925
78	0.08466	0.02093	0.02206	0.01715	0.02315	0.02328	0.01413	0.57132	0.07095	0.04688	0.01878	0.01876	0.01344	0.00922	0.00754	0.00235	0.00821	0.00688	0.00754	0.01278
79	0.01503	0.01436	0.02415	0.60412	0.04928	0.01758	0.05139	0.01996	0.01540	0.02015	0.01362	0.02027	0.01043	0.00804	0.00902	0.00260	0.06059	0.00692	0.00350	0.03358
80	0.02947	0.02172	0.02327	0.01784	0.02404	0.02404	0.01474	0.65329	0.03646	0.04887	0.01862	0.01862	0.01319	0.00931	0.00776	0.00233	0.00853	0.00698	0.00776	0.01319
81	0.02835	0.01499	0.01807	0.01478	0.02015	0.01516	0.01191	0.06906	0.27924	0.39362	0.03039	0.02702	0.02069	0.00995	0.00783	0.00249	0.00651	0.00814	0.00883	0.01283
82	0.01108	0.00831	0.01246	0.01246	0.01385	0.00969	0.00969	0.01385	0.01246	0.01800	0.02077	0.03046	0.01938	0.05815	0.69678	0.01246	0.02077	0.00831	0.00415	0.00692
83	0.01595	0.06424	0.61592	0.02256	0.03357	0.01859	0.07418	0.02453	0.01649	0.02434	0.01393	0.01656	0.00997	0.00728	0.00741	0.00244	0.01146	0.00592	0.00332	0.01133
84	0.78228	0.01499	0.01140	0.01020	0.01499	0.01739	0.00840	0.02279	0.01320	0.03479	0.01080	0.01260	0.00840	0.00720	0.00480	0.00240	0.00600	0.00420	0.00480	0.00840
85	0.01142	0.00819	0.01110	0.01194	0.01353	0.00788	0.00961	0.01468	0.01902	0.02583	0.29454	0.17357	0.05705	0.01964	0.00996	0.00305	0.00534	0.28886	0.00771	0.00708
86	0.01919	0.01842	0.03147	0.04759	0.67914	0.01842	0.02380	0.02380	0.01765	0.02533	0.01458	0.01919	0.01228	0.00691	0.00768	0.00230	0.00921	0.00691	0.00384	0.01228
87	0.01367	0.01304	0.01450	0.18610	0.02366	0.11271	0.01194	0.01607	0.01608	0.01967	0.03090	0.44114	0.03488	0.01772	0.00893	0.00284	0.00738	0.01571	0.00578	0.00728
88	0.03364	0.01294	0.01762	0.01360	0.01940	0.01120	0.01120	0.03667	0.02218	0.65292	0.06175	0.02792	0.02180	0.00990	0.00786	0.00240	0.00646	0.00810	0.00955	0.01291
89	0.00971	0.00690	0.00905	0.01053	0.01104	0.00647	0.00700	0.01112	0.01508	0.02024	0.08809	0.61852	0.05102	0.08092	0.01225	0.00345	0.00468	0.02057	0.00709	0.00624
90	0.02947	0.02172	0.02327	0.01784	0.02404	0.02404	0.01474	0.65329	0.03646	0.04887	0.01862	0.01862	0.01319	0.00931	0.00776	0.00233	0.00853	0.00698	0.00776	0.01319
91	0.01813	0.02058	0.04470	0.06438	0.04113	0.01950	0.62147	0.02460	0.01817	0.02460	0.01560	0.02090	0.01170	0.00659	0.00908	0.00261	0.01294	0.00904	0.00390	0.01037
92	0.01793	0.01733	0.03011	0.22239	0.47614	0.01817	0.05932	0.02280	0.01712	0.02384	0.01443	0.01968	0.01174	0.00711	0.00778	0.00240	0.00973	0.00703	0.00374	0.01120
93	0.00944	0.00720	0.00854	0.00957	0.01080	0.00646	0.00657	0.01095	0.01571	0.01996	0.05515	0.44276	0.28407	0.06125	0.01125	0.00319	0.00445	0.01932	0.00706	0.00630
94	0.02920	0.03004	0.02256	0.01901	0.02400	0.39113	0.01487	0.31351	0.02855	0.03255	0.01500	0.01609	0.01144	0.00859	0.00734	0.00215	0.01151	0.00590	0.00570	0.01089
95	0.01509	0.01466	0.02602	0.62592	0.05182	0.01752	0.09875	0.02043	0.01585	0.02043	0.01401	0.02070	0.01051	0.00760	0.00792	0.00259	0.01067	0.00717	0.00350	0.00884
96	0.00917	0.00781	0.00790	0.00797	0.01050	0.00654	0.00594	0.01111	0.01757	0.02090	0.07719	0.09914	0.65235	0.01981	0.00919	0.00264	0.00395	0.01658	0.00720	0.00654
97	0.00973	0.00788	0.00863	0.00844	0.01082	0.00678	0.00633	0.01221	0.01900	0.02409	0.26357	0.06944	0.48900	0.01846	0.00916	0.00256	0.00384	0.01564	0.00761	0.00678
98	0.01824	0.02072	0.04468	0.03208	0.03954	0.01981	0.62017	0.02454	0.01799	0.02454	0.01542	0.02072	0.01169	0.00688	0.00994	0.00265	0.04710	0.00904	0.00390	0.01036
99	0.01104	0.00808	0.01152	0.01160	0.01267	0.00911	0.00860	0.01320	0.01234	0.01751	0.02252	0.06709	0.02260	0.18671	0.53652	0.01106	0.01742	0.00953	0.00440	0.00646
100	0.03291	0.01362	0.01794	0.01404	0.01984	0.01235	0.01150	0.03820	0.10019	0.60540	0.03071	0.02670	0.01974	0.00971	0.00781	0.00243	0.00654	0.00791	0.00939	0.01308
101	0.01830	0.02092	0.04575	0.03268	0.04052	0.01961	0.65098	0.02484	0.01830	0.02484	0.01569	0.02092	0.01176	0.00654	0.00915	0.00261	0.01307	0.00915	0.00392	0.01046
102	0.02840	0.03601	0.02206	0.01999	0.02380	0.66461	0.01507	0.03038	0.02150	0.01896	0.01190	0.01412	0.01000	0.00825	0.00786	0.00206	0.04702	0.00508	0.00397	0.00896
103	0.01882	0.01751	0.02882	0.21015	0.47470	0.01854	0.02256	0.06944	0.01851	0.02570	0.01468	0.01952	0.01186	0.00730	0.00770	0.00237	0.00944	0.00691	0.00403	0.01143
104	0.01948	0.60799	0.10430	0.01391	0.02068	0.02766	0.01439	0.02272	0.01628	0.01984	0.06031	0.01621	0.01462	0.00739	0.00553	0.00180	0.00827	0.00504	0.00370	0.00991
105	0.10118	0.01996	0.02090	0.01621	0.02222	0.04517	0.01332	0.44563	0.03042	0.12820	0.01886	0.01872	0.01328	0.00885	0.00731	0.00225	0.00804	0.00658	0.00736	0.06555

[dist]
# distance from previous block
# <min> <max>
14	24

[block]
# block no. 1 follows, 25 sequences, length 23
# corresponding to MSA columns:
# 200-222
name=unknown_B
#
# <colnr> <probs for GDERKNQSTAVLIFYWHMCP>
#	G	D	E	R	K	N	Q	S	T	A	V	L	I	F	Y	W	H	M	C	P
0	0.04895	0.01569	0.02040	0.42335	0.03852	0.08277	0.01740	0.04480	0.01658	0.02231	0.01581	0.05119	0.01310	0.00918	0.00894	0.00252	0.07033	0.00729	0.08229	0.00856
1	0.01982	0.01962	0.03086	0.04580	0.63670	0.06234	0.02322	0.02426	0.01793	0.02492	0.01442	0.01885	0.01213	0.00698	0.00763	0.00228	0.00952	0.00678	0.00385	0.01207
2	0.01068	0.00866	0.01387	0.01361	0.01509	0.00809	0.09141	0.01283	0.01566	0.02102	0.07116	0.59710	0.04722	0.02154	0.00976	0.00304	0.00558	0.01995	0.00684	0.00689
3	0.01109	0.00833	0.01057	0.01080	0.01252	0.00770	0.00770	0.01446	0.05163	0.02455	0.23817	0.40789	0.05282	0.01910	0.00915	0.00270	0.00444	0.01712	0.00740	0.08187
4	0.01880	0.01370	0.01636	0.01182	0.01858	0.01049	0.00951	0.02218	0.01697	0.12131	0.01623	0.01758	0.01261	0.00630	0.00604	0.00133	0.00587	0.00506	0.00532	0.66394
5	0.01804	0.02041	0.04417	0.08008	0.04143	0.01944	0.60686	0.02448	0.01810	0.02448	0.01555	0.02090	0.01166	0.00662	0.00905	0.00261	0.01288	0.00899	0.00389	0.01033
6	0.02834	0.01914	0.02114	0.01669	0.02248	0.02079	0.01363	0.41682	0.16294	0.15993	0.02343	0.02213	0.01642	0.00961	0.00779	0.00240	0.00769	0.00749	0.00812	0.01300
7	0.09515	0.55401	0.09117	0.01403	0.02087	0.02785	0.01419	0.06745	0.01701	0.02253	0.01160	0.01322	0.01001	0.00694	0.00535	0.00184	0.00835	0.00448	0.00377	0.01015
8	0.06166	0.01567	0.01913	0.01481	0.02076	0.01530	0.01221	0.20201	0.04894	0.46575	0.02666	0.02387	0.01733	0.00946	0.00767	0.00239	0.00708	0.00747	0.00886	0.01297
9	0.01812	0.02038	0.04278	0.03102	0.03780	0.02017	0.56547	0.02400	0.01743	0.02400	0.01494	0.02038	0.01155	0.00748	0.01135	0.00272	0.10752	0.00883	0.00385	0.01019
10	0.01097	0.00793	0.01036	0.00975	0.01158	0.00732	0.00732	0.01463	0.02195	0.03109	0.67505	0.05792	0.07316	0.01585	0.00914	0.00244	0.00366	0.01402	0.00854	0.00732
11	0.01608	0.01378	0.01608	0.01148	0.01837	0.01034	0.00919	0.01952	0.01608	0.02527	0.01378	0.01608	0.01148	0.00574	0.00574	0.00115	0.00574	0.00459	0.00459	0.77491
12	0.01464	0.01378	0.02326	0.70887	0.05340	0.01723	0.02153	0.01981	0.01550	0.01981	0.01378	0.02067	0.01034	0.00775	0.00775	0.00258	0.01034	0.00689	0.00345	0.00861
13	0.01108	0.00831	0.01246	0.01246	0.01385	0.00969	0.00969	0.01385	0.01246	0.01800	0.02077	0.03046	0.01938	0.05815	0.69678	0.01246	0.02077	0.00831	0.00415	0.00692
14	0.02635	0.01458	0.01741	0.01454	0.01958	0.01492	0.01162	0.03830	0.32536	0.34607	0.06157	0.02908	0.02386	0.01033	0.00790	0.00251	0.00624	0.00855	0.00874	0.01248
15	0.01594	0.01378	0.01678	0.07947	0.02179	0.01101	0.01039	0.01955	0.01602	0.02473	0.01378	0.01653	0.01137	0.00594	0.00594	0.00129	0.00619	0.00482	0.00448	0.70020
16	0.01569	0.01339	0.02008	0.40666	0.03689	0.01671	0.01710	0.04729	0.01591	0.02273	0.01567	0.02157	0.01238	0.00917	0.01058	0.00257	0.14027	0.00694	0.15990	0.00851
17	0.01352	0.00676	0.00995	0.00995	0.01005	0.00676	0.00667	0.01051	0.01042	0.01426	0.01408	0.02384	0.01380	0.02602	0.02903	0.73474	0.00657	0.00676	0.04276	0.00357
18	0.02059	0.29133	0.16716	0.06089	0.02484	0.07630	0.01655	0.02700	0.09432	0.08687	0.05129	0.01964	0.01582	0.00821	0.00666	0.00214	0.00888	0.00615	0.00480	0.01055
19	0.05072	0.02362	0.25523	0.07259	0.02860	0.01651	0.10305	0.02630	0.15418	0.05331	0.02125	0.08937	0.01759	0.01052	0.00886	0.03516	0.00913	0.00857	0.00508	0.01037
20	0.34590	0.04259	0.12197	0.04663	0.02113	0.01708	0.01348	0.08549	0.04502	0.08046	0.04452	0.02201	0.01555	0.00889	0.00649	0.00244	0.00734	0.03727	0.02595	0.00979
21	0.02220	0.04795	0.02328	0.07250	0.22477	0.08262	0.01612	0.02898	0.12795	0.14843	0.04776	0.02285	0.01754	0.00845	0.00745	0.00224	0.00817	0.00718	0.00583	0.07773
22	0.11794	0.01483	0.01750	0.01389	0.01941	0.01470	0.01137	0.13851	0.08081	0.40964	0.02610	0.02385	0.01737	0.00932	0.00733	0.00238	0.00665	0.00730	0.04887	0.01224

[dist]
# distance from previous block
# <min> <max>
36	57

[block]
# block no. 2 follows, 25 sequences, length 90
# corresponding to MSA columns:
# 286-375
name=unknown_C
#
# <colnr> <probs for GDERKNQSTAVLIFYWHMCP>
#	G	D	E	R	K	N	Q	S	T	A	V	L	I	F	Y	W	H	M	C	P
0	0.39956	0.11669	0.04366	0.04675	0.06050	0.01916	0.01230	0.04530	0.04040	0.07942	0.01391	0.01564	0.01073	0.00769	0.00646	0.00230	0.03300	0.00519	0.00493	0.03640
1	0.04503	0.01848	0.07339	0.02213	0.02848	0.01655	0.28336	0.05420	0.10772	0.11587	0.07975	0.05138	0.02117	0.00916	0.00838	0.00251	0.00930	0.00919	0.00593	0.03803
2	0.06836	0.05958	0.02373	0.18430	0.05444	0.01740	0.10918	0.02686	0.18698	0.06471	0.02292	0.08808	0.01936	0.01023	0.00792	0.00259	0.00832	0.02934	0.00561	0.01007
3	0.01712	0.01868	0.06440	0.09406	0.05946	0.01709	0.34069	0.04404	0.01769	0.02460	0.01723	0.07776	0.01477	0.00842	0.00899	0.00244	0.03675	0.00891	0.00432	0.12259
4	0.04680	0.01405	0.04331	0.25798	0.02963	0.01662	0.01596	0.01814	0.01426	0.02112	0.01824	0.13152	0.01762	0.01231	0.01333	0.00284	0.23110	0.00915	0.07786	0.00816
5	0.07267	0.01546	0.02289	0.40030	0.10514	0.01797	0.04209	0.07556	0.10067	0.02570	0.01825	0.02238	0.03146	0.00841	0.00764	0.00253	0.00914	0.00730	0.00463	0.00982
6	0.01889	0.04625	0.02571	0.02054	0.02280	0.12712	0.09827	0.02108	0.01455	0.01953	0.01160	0.01721	0.01062	0.01193	0.01892	0.05072	0.40480	0.00660	0.00362	0.04925
7	0.04970	0.02199	0.09396	0.02348	0.03028	0.07419	0.28680	0.05507	0.08920	0.10116	0.01828	0.02057	0.01343	0.00782	0.00857	0.00244	0.03190	0.00765	0.00516	0.05834
8	0.58868	0.01619	0.01327	0.01169	0.01599	0.05926	0.00941	0.04654	0.01480	0.05956	0.01277	0.01600	0.01040	0.05071	0.00836	0.00273	0.04500	0.00506	0.00498	0.00860
9	0.01703	0.01647	0.02258	0.01927	0.01995	0.02212	0.01595	0.04202	0.01319	0.02025	0.01222	0.04950	0.01227	0.01342	0.02285	0.00320	0.61045	0.00736	0.00381	0.05610
10	0.02810	0.02102	0.02281	0.04322	0.02482	0.02341	0.01479	0.58048	0.08641	0.04647	0.01948	0.01952	0.01393	0.00935	0.00777	0.00236	0.00841	0.00712	0.00761	0.01294
11	0.01573	0.01512	0.02627	0.56973	0.04946	0.01802	0.10497	0.04235	0.01647	0.02144	0.01407	0.02050	0.01062	0.00786	0.00859	0.00261	0.03635	0.00719	0.00366	0.00901
12	0.01786	0.34858	0.39908	0.01816	0.02747	0.02366	0.02179	0.02396	0.01610	0.02174	0.01252	0.01462	0.00988	0.00704	0.00630	0.00210	0.01005	0.00502	0.00329	0.01079
13	0.01588	0.03814	0.62792	0.02441	0.09204	0.01804	0.02821	0.02449	0.01649	0.02463	0.01398	0.01663	0.01004	0.00732	0.00739	0.00244	0.01126	0.00584	0.00333	0.01153
14	0.00945	0.00675	0.00900	0.01080	0.01125	0.00630	0.00720	0.01080	0.01484	0.01979	0.04274	0.72245	0.05128	0.02429	0.00990	0.00315	0.00450	0.02204	0.00720	0.00630
15	0.04489	0.01577	0.01527	0.01373	0.01735	0.08214	0.01070	0.13304	0.20305	0.03093	0.10829	0.08422	0.10918	0.01302	0.00808	0.00251	0.00653	0.03696	0.05459	0.00974
16	0.04625	0.01716	0.02948	0.19508	0.40540	0.01779	0.08569	0.02381	0.01735	0.06524	0.01537	0.01992	0.01207	0.00724	0.00775	0.00241	0.00959	0.00709	0.00415	0.01117
17	0.01278	0.00933	0.01331	0.01572	0.04466	0.00933	0.01298	0.01640	0.01784	0.02330	0.03991	0.08452	0.04323	0.02079	0.01058	0.00352	0.00723	0.60021	0.00700	0.00736
18	0.02810	0.02233	0.02203	0.01744	0.02309	0.09386	0.01417	0.52102	0.07145	0.04379	0.01900	0.01923	0.01379	0.00923	0.00757	0.00229	0.00873	0.00689	0.04358	0.01241
19	0.01172	0.00805	0.01067	0.01057	0.01234	0.00750	0.00805	0.01502	0.02047	0.05008	0.48951	0.15429	0.06492	0.01750	0.00939	0.00267	0.00429	0.08741	0.00822	0.00734
20	0.01835	0.41444	0.33753	0.01732	0.02617	0.02486	0.02033	0.02383	0.01604	0.02114	0.01222	0.01424	0.00989	0.00697	0.00607	0.00202	0.00975	0.00487	0.00330	0.01064
21	0.01592	0.08983	0.64087	0.02146	0.03258	0.01892	0.02754	0.02446	0.01633	0.02410	0.01369	0.01609	0.00983	0.00731	0.00719	0.00240	0.01123	0.00562	0.00328	0.01135
22	0.00954	0.00682	0.00908	0.01073	0.01127	0.00636	0.00720	0.01103	0.01529	0.02049	0.08196	0.68123	0.05264	0.02377	0.00985	0.00310	0.00445	0.02154	0.00728	0.00636
23	0.01651	0.01601	0.02280	0.11497	0.02433	0.02197	0.01698	0.01879	0.01261	0.01936	0.01148	0.01811	0.01071	0.01252	0.02193	0.00320	0.57832	0.00682	0.04413	0.00843
24	0.01798	0.02139	0.08028	0.03086	0.06221	0.02006	0.49828	0.02389	0.01724	0.02395	0.01475	0.02001	0.01144	0.00761	0.01133	0.00270	0.11338	0.00852	0.00380	0.01030
25	0.00954	0.00682	0.00908	0.01073	0.01127	0.00636	0.00720	0.01103	0.01529	0.02049	0.08196	0.68123	0.05264	0.02377	0.00985	0.00310	0.00445	0.02154	0.00728	0.00636
26	0.02699	0.03293	0.02317	0.06575	0.09964	0.55570	0.01637	0.04996	0.02156	0.02073	0.01261	0.01514	0.01037	0.00790	0.00714	0.00208	0.01304	0.00539	0.00407	0.00947
27	0.31803	0.04336	0.11136	0.01447	0.02067	0.01832	0.01341	0.13890	0.08554	0.13961	0.01791	0.01807	0.01279	0.00830	0.00649	0.00239	0.00740	0.00595	0.00614	0.01089
28	0.01829	0.02135	0.06770	0.03387	0.10778	0.01942	0.56192	0.02472	0.01816	0.02488	0.01551	0.02057	0.01175	0.00661	0.00893	0.00258	0.01260	0.00879	0.00389	0.01069
29	0.00968	0.00688	0.00911	0.01080	0.01128	0.00648	0.00727	0.01105	0.01476	0.01965	0.04157	0.65574	0.04963	0.06609	0.01169	0.00343	0.00479	0.04680	0.00705	0.00624
30	0.00972	0.00712	0.00975	0.04786	0.01348	0.00688	0.00796	0.01127	0.01488	0.01979	0.04120	0.68519	0.04911	0.02341	0.00978	0.00312	0.00481	0.02124	0.00700	0.00642
31	0.01260	0.01071	0.01701	0.02016	0.14845	0.01026	0.06460	0.01551	0.01673	0.02253	0.07510	0.35092	0.08927	0.01809	0.00939	0.00291	0.00640	0.09500	0.00632	0.00803
32	0.01808	0.02024	0.04300	0.07329	0.07094	0.01955	0.56268	0.02428	0.01789	0.02436	0.01534	0.02069	0.01165	0.00686	0.00954	0.00262	0.03592	0.00883	0.00387	0.01037
33	0.00993	0.00827	0.00874	0.00881	0.01123	0.00735	0.00653	0.01316	0.05775	0.02213	0.10691	0.14821	0.52493	0.01940	0.00917	0.00267	0.00412	0.01643	0.00732	0.00692
34	0.01788	0.02192	0.09209	0.07221	0.04077	0.01935	0.56720	0.02452	0.01799	0.02452	0.01544	0.02056	0.01154	0.00667	0.00893	0.00260	0.01279	0.00876	0.00385	0.01042
35	0.02134	0.02052	0.05286	0.03966	0.50409	0.07340	0.02162	0.05994	0.04235	0.06561	0.01613	0.01941	0.01287	0.00743	0.00763	0.00230	0.00938	0.00683	0.00453	0.01209
36	0.01097	0.00793	0.01036	0.00975	0.01158	0.00732	0.00732	0.01463	0.02195	0.03109	0.67505	0.05792	0.07316	0.01585	0.00914	0.00244	0.00366	0.01402	0.00854	0.00732
37	0.01128	0.00752	0.00846	0.00846	0.00846	0.00752	0.00470	0.01128	0.01128	0.01503	0.02443	0.05074	0.02819	0.72751	0.03946	0.00752	0.00752	0.01128	0.00470	0.00470
38	0.01580	0.07296	0.65663	0.02168	0.03291	0.01861	0.02792	0.02449	0.01634	0.02426	0.01377	0.01618	0.00983	0.00733	0.00725	0.00242	0.01131	0.00565	0.00328	0.01139
39	0.01570	0.03907	0.65260	0.02267	0.03394	0.01809	0.06234	0.02457	0.01647	0.02457	0.01401	0.01662	0.00993	0.00732	0.00746	0.00246	0.01155	0.00591	0.00331	0.01140
40	0.00945	0.00675	0.00900	0.01080	0.01125	0.00630	0.00720	0.01080	0.01484	0.01979	0.04274	0.72245	0.05128	0.02429	0.00990	0.00315	0.00450	0.02204	0.00720	0.00630
41	0.02118	0.01760	0.01860	0.01616	0.02089	0.02017	0.01273	0.15520	0.54804	0.03549	0.02915	0.02701	0.02172	0.01029	0.00786	0.00257	0.00658	0.00843	0.00786	0.01244
42	0.01826	0.01451	0.10673	0.01303	0.01747	0.01094	0.01175	0.02423	0.08239	0.19119	0.36359	0.04164	0.04639	0.01263	0.00845	0.00245	0.00570	0.01084	0.00801	0.00981
43	0.03130	0.01242	0.01688	0.01320	0.01859	0.01080	0.01080	0.03440	0.02216	0.58894	0.12485	0.03100	0.02709	0.01051	0.00799	0.00240	0.00617	0.00871	0.00944	0.01234
44	0.01097	0.00793	0.01036	0.00975	0.01158	0.00732	0.00732	0.01463	0.02195	0.03109	0.67505	0.05792	0.07316	0.01585	0.00914	0.00244	0.00366	0.01402	0.00854	0.00732
45	0.01830	0.02092	0.04575	0.03268	0.04052	0.01961	0.65098	0.02484	0.01830	0.02484	0.01569	0.02092	0.01176	0.00654	0.00915	0.00261	0.01307	0.00915	0.00392	0.01046
46	0.01555	0.04011	0.68733	0.02210	0.03356	0.01801	0.02865	0.02455	0.01637	0.02455	0.01391	0.01637	0.00982	0.00737	0.00737	0.00246	0.01146	0.00573	0.00327	0.01146
47	0.01919	0.01842	0.03147	0.04759	0.67914	0.01842	0.02380	0.02380	0.01765	0.02533	0.01458	0.01919	0.01228	0.00691	0.00768	0.00230	0.00921	0.00691	0.00384	0.01228
48	0.02073	0.73217	0.04063	0.01327	0.01990	0.03068	0.01327	0.02322	0.01575	0.01824	0.01078	0.01244	0.00995	0.00663	0.00498	0.00166	0.00829	0.00415	0.00332	0.00995
49	0.03072	0.01971	0.02203	0.01689	0.02304	0.02107	0.01395	0.50846	0.03310	0.19843	0.02143	0.02045	0.01460	0.00938	0.00777	0.00234	0.00808	0.00717	0.00819	0.01319
50	0.00945	0.00675	0.00900	0.01080	0.01125	0.00630	0.00720	0.01080	0.01484	0.01979	0.04274	0.72245	0.05128	0.02429	0.00990	0.00315	0.00450	0.02204	0.00720	0.00630
51	0.03106	0.01413	0.01800	0.01428	0.01979	0.01333	0.01161	0.10794	0.08717	0.50477	0.03005	0.06892	0.02093	0.01057	0.00793	0.00246	0.00665	0.00868	0.00906	0.01267
52	0.02947	0.02172	0.02327	0.01784	0.02404	0.02404	0.01474	0.65329	0.03646	0.04887	0.01862	0.01862	0.01319	0.00931	0.00776	0.00233	0.00853	0.00698	0.00776	0.01319
53	0.01596	0.03729	0.59303	0.02365	0.03458	0.01824	0.12013	0.02460	0.01665	0.02460	0.01417	0.01704	0.01011	0.00724	0.00763	0.00248	0.01170	0.00623	0.00337	0.01131
54	0.00945	0.00675	0.00900	0.01080	0.01125	0.00630	0.00720	0.01080	0.01484	0.01979	0.04274	0.72245	0.05128	0.02429	0.00990	0.00315	0.00450	0.02204	0.00720	0.00630
55	0.01687	0.01684	0.02373	0.04731	0.02165	0.02349	0.01714	0.01870	0.01202	0.01870	0.01032	0.01711	0.01018	0.01334	0.02475	0.00336	0.68580	0.00679	0.00339	0.00849
56	0.01097	0.00793	0.01036	0.00975	0.01158	0.00732	0.00732	0.01463	0.02195	0.03109	0.67505	0.05792	0.07316	0.01585	0.00914	0.00244	0.00366	0.01402	0.00854	0.00732
57	0.01464	0.01378	0.02326	0.70887	0.05340	0.01723	0.02153	0.01981	0.01550	0.01981	0.01378	0.02067	0.01034	0.00775	0.00775	0.00258	0.01034	0.00689	0.00345	0.00861
58	0.01696	0.01696	0.02375	0.02036	0.02036	0.02375	0.01696	0.01866	0.01187	0.01866	0.01018	0.01696	0.01018	0.01357	0.02545	0.00339	0.71332	0.00679	0.00339	0.00848
59	0.00944	0.00787	0.00824	0.00815	0.01065	0.00667	0.00611	0.01167	0.01834	0.02252	0.17106	0.07203	0.58250	0.01905	0.00916	0.00259	0.00389	0.01600	0.00741	0.00667
60	0.03479	0.01320	0.01799	0.01380	0.01979	0.01140	0.01140	0.03779	0.02219	0.68451	0.03059	0.02639	0.01919	0.00960	0.00780	0.00240	0.00660	0.00780	0.00960	0.01320
61	0.00916	0.00785	0.00785	0.00785	0.01047	0.00655	0.00589	0.01113	0.01767	0.02095	0.07855	0.07462	0.67599	0.01964	0.00916	0.00262	0.00393	0.01636	0.00720	0.00655
62	0.01555	0.04011	0.68733	0.02210	0.03356	0.01801	0.02865	0.02455	0.01637	0.02455	0.01391	0.01637	0.00982	0.00737	0.00737	0.00246	0.01146	0.00573	0.00327	0.01146
63	0.01830	0.02092	0.04575	0.03268	0.04052	0.01961	0.65098	0.02484	0.01830	0.02484	0.01569	0.02092	0.01176	0.00654	0.00915	0.00261	0.01307	0.00915	0.00392	0.01046
64	0.00945	0.00675	0.00900	0.01080	0.01125	0.00630	0.00720	0.01080	0.01484	0.01979	0.04274	0.72245	0.05128	0.02429	0.00990	0.00315	0.00450	0.02204	0.00720	0.00630
65	0.01128	0.00752	0.00846	0.00846	0.00846	0.00752	0.00470	0.01128	0.01128	0.01503	0.02443	0.05074	0.02819	0.72751	0.03946	0.00752	0.00752	0.01128	0.00470	0.00470
66	0.01919	0.01842	0.03147	0.04759	0.67914	0.01842	0.02380	0.02380	0.01765	0.02533	0.01458	0.01919	0.01228	0.00691	0.00768	0.00230	0.00921	0.00691	0.00384	0.01228
67	0.02896	0.03695	0.02197	0.01998	0.02397	0.69638	0.01498	0.03096	0.02197	0.01898	0.01199	0.01398	0.00999	0.00799	0.00699	0.00200	0.01398	0.00499	0.00400	0.00899
68	0.01445	0.00723	0.00723	0.00723	0.00903	0.00723	0.00542	0.01807	0.01626	0.02891	0.02529	0.02891	0.01987	0.00903	0.00542	0.00181	0.00361	0.00723	0.77055	0.00723
69	0.07389	0.01342	0.01763	0.01368	0.01955	0.01201	0.01127	0.03712	0.04573	0.62566	0.02957	0.02575	0.01879	0.00950	0.00764	0.00241	0.00655	0.00764	0.00928	0.01291
70	0.01919	0.01842	0.03147	0.04759	0.67914	0.01842	0.02380	0.02380	0.01765	0.02533	0.01458	0.01919	0.01228	0.00691	0.00768	0.00230	0.00921	0.00691	0.00384	0.01228
71	0.00953	0.00681	0.00907	0.01074	0.01126	0.00635	0.00720	0.01100	0.01523	0.02040	0.07697	0.68647	0.05247	0.02383	0.00986	0.00311	0.00445	0.02161	0.00727	0.00635
72	0.01608	0.01378	0.01608	0.01148	0.01837	0.01034	0.00919	0.01952	0.01608	0.02527	0.01378	0.01608	0.01148	0.00574	0.00574	0.00115	0.00574	0.00459	0.00459	0.77491
73	0.01351	0.00675	0.00999	0.00999	0.01006	0.00675	0.00668	0.01040	0.01034	0.01406	0.01392	0.02377	0.01371	0.02625	0.02935	0.74497	0.00662	0.00675	0.03261	0.00351
74	0.00945	0.00675	0.00900	0.01080	0.01125	0.00630	0.00720	0.01080	0.01484	0.01979	0.04274	0.72245	0.05128	0.02429	0.00990	0.00315	0.00450	0.02204	0.00720	0.00630
75	0.01773	0.01923	0.03639	0.02744	0.03195	0.02137	0.38136	0.02221	0.01557	0.02221	0.01334	0.01923	0.01109	0.00953	0.01608	0.00295	0.31086	0.00814	0.00370	0.00962
76	0.00926	0.00786	0.00799	0.00796	0.01053	0.00659	0.00597	0.01131	0.01790	0.02148	0.11022	0.07373	0.64399	0.01944	0.00916	0.00261	0.00391	0.01624	0.00727	0.00659
77	0.28614	0.01943	0.01922	0.01523	0.02096	0.02178	0.01258	0.43832	0.02852	0.04407	0.01595	0.01656	0.01155	0.00859	0.00675	0.00235	0.00767	0.00603	0.00675	0.01155
78	0.01464	0.01378	0.02326	0.70887	0.05340	0.01723	0.02153	0.01981	0.01550	0.01981	0.01378	0.02067	0.01034	0.00775	0.00775	0.00258	0.01034	0.00689	0.00345	0.00861
79	0.03479	0.01320	0.01799	0.01380	0.01979	0.01140	0.01140	0.03779	0.02219	0.68451	0.03059	0.02639	0.01919	0.00960	0.00780	0.00240	0.00660	0.00780	0.00960	0.01320
80	0.78228	0.01499	0.01140	0.01020	0.01499	0.01739	0.00840	0.02279	0.01320	0.03479	0.01080	0.01260	0.00840	0.00720	0.00480	0.00240	0.00600	0.00420	0.00480	0.00840
81	0.01474	0.00954	0.01204	0.01073	0.01321	0.00909	0.00817	0.06950	0.02259	0.09264	0.52536	0.05133	0.06072	0.05326	0.01055	0.00270	0.00454	0.01271	0.00836	0.00821
82	0.08198	0.01773	0.02908	0.10338	0.56843	0.01823	0.02232	0.02336	0.01709	0.02562	0.01420	0.01878	0.01179	0.00701	0.00744	0.00234	0.00905	0.00668	0.00388	0.01163
83	0.03019	0.01342	0.01742	0.01365	0.01923	0.01215	0.01113	0.05916	0.07640	0.51142	0.08257	0.02830	0.02334	0.00995	0.00779	0.00234	0.00634	0.00817	0.00900	0.05804
84	0.09324	0.02062	0.02336	0.01879	0.04789	0.02252	0.04372	0.52070	0.03232	0.07311	0.01818	0.01856	0.01294	0.00892	0.00757	0.00235	0.00847	0.00688	0.00726	0.01262
85	0.06975	0.02512	0.02135	0.01762	0.02289	0.23602	0.01401	0.32486	0.07614	0.09002	0.01804	0.01823	0.01319	0.00889	0.00737	0.00225	0.00979	0.00640	0.00656	0.01153
86	0.13197	0.01957	0.01957	0.05858	0.02314	0.09393	0.01314	0.25518	0.08634	0.13931	0.01927	0.01942	0.01381	0.00867	0.00713	0.00227	0.00816	0.00649	0.00673	0.06730
87	0.26804	0.01756	0.01692	0.01330	0.01918	0.04914	0.01081	0.20393	0.02130	0.03485	0.01413	0.01559	0.01091	0.00735	0.00608	0.00193	0.00702	0.00517	0.00554	0.27124
88	0.24726	0.01503	0.01405	0.01228	0.01628	0.07033	0.00966	0.06686	0.09658	0.05660	0.23035	0.03053	0.03230	0.01060	0.00714	0.00232	0.00610	0.00835	0.00668	0.06072
89	0.16151	0.06916	0.27025	0.01606	0.02344	0.04775	0.01715	0.04905	0.01804	0.09998	0.09011	0.02120	0.01803	0.00850	0.00688	0.00228	0.00845	0.00645	0.00515	0.06056

[dist]
# distance from previous block
# <min> <max>
0	16

# created by:
# /st0/software/busco_prod/Augustus/scripts/msa2prfl.pl ./align_prep/116062.fa
