[name]
unknown

[dist]
# distance from previous block
# <min> <max>
0	70

[block]
# block no. 0 follows, 24 sequences, length 10
# corresponding to MSA columns:
# 92-101
name=unknown_A
#
# <colnr> <probs for GDERKNQSTAVLIFYWHMCP>
#	G	D	E	R	K	N	Q	S	T	A	V	L	I	F	Y	W	H	M	C	P
0	0.06358	0.01226	0.01630	0.01366	0.01852	0.01108	0.01135	0.03153	0.02139	0.46365	0.08986	0.04124	0.02909	0.01260	0.00853	0.00269	0.00655	0.12559	0.00901	0.01153
1	0.08424	0.01204	0.01699	0.28635	0.02986	0.01397	0.01393	0.01921	0.01571	0.07055	0.06892	0.09137	0.02282	0.11353	0.01390	0.00340	0.06131	0.00948	0.04426	0.00816
2	0.01632	0.01268	0.01819	0.01532	0.01887	0.01222	0.08360	0.07404	0.01776	0.06141	0.02683	0.28754	0.02806	0.01575	0.01128	0.04961	0.05945	0.01282	0.00605	0.17219
3	0.08635	0.01292	0.01704	0.13410	0.05673	0.01345	0.01263	0.06984	0.04969	0.18270	0.14693	0.09806	0.03058	0.04246	0.00956	0.00279	0.00688	0.01021	0.00711	0.00996
4	0.01195	0.00890	0.01162	0.06235	0.01582	0.00894	0.00908	0.06759	0.01782	0.02376	0.08766	0.53220	0.06905	0.02144	0.00968	0.00303	0.00532	0.01923	0.00723	0.00732
5	0.01726	0.01274	0.01677	0.01393	0.01792	0.01187	0.04844	0.08099	0.01820	0.08410	0.02593	0.23154	0.02632	0.07543	0.01183	0.00281	0.04303	0.01161	0.00619	0.24311
6	0.01220	0.00808	0.01048	0.01042	0.01221	0.00738	0.00761	0.01504	0.01989	0.06994	0.38834	0.26037	0.11044	0.01874	0.00950	0.00273	0.00422	0.01663	0.00827	0.00750
7	0.01074	0.00743	0.00916	0.00980	0.01026	0.00716	0.00622	0.01184	0.01460	0.01974	0.12687	0.31905	0.04504	0.33877	0.02369	0.00514	0.00587	0.01636	0.00641	0.00585
8	0.01020	0.00708	0.00907	0.01049	0.01128	0.00661	0.00714	0.01197	0.01594	0.02188	0.08513	0.57939	0.08324	0.02266	0.00963	0.00302	0.00443	0.02037	0.07384	0.00661
9	0.01313	0.00831	0.01099	0.01063	0.01255	0.00762	0.00785	0.01622	0.02067	0.08977	0.45298	0.21907	0.06407	0.01775	0.00941	0.00267	0.00424	0.01577	0.00849	0.00779

[dist]
# distance from previous block
# <min> <max>
4	9

[block]
# block no. 1 follows, 24 sequences, length 15
# corresponding to MSA columns:
# 111-125
name=unknown_B
#
# <colnr> <probs for GDERKNQSTAVLIFYWHMCP>
#	G	D	E	R	K	N	Q	S	T	A	V	L	I	F	Y	W	H	M	C	P
0	0.01433	0.03792	0.01802	0.01515	0.01793	0.01223	0.09216	0.06762	0.01745	0.02350	0.03222	0.29986	0.05763	0.09516	0.01354	0.00340	0.04203	0.07123	0.00615	0.06247
1	0.40089	0.01539	0.01222	0.01099	0.01497	0.07784	0.00873	0.06929	0.01723	0.03283	0.01900	0.02099	0.04140	0.00869	0.00572	0.00225	0.00631	0.00601	0.22066	0.00859
2	0.07389	0.04958	0.01556	0.01241	0.01577	0.04069	0.00969	0.20259	0.02149	0.03156	0.02150	0.04798	0.01881	0.12460	0.07500	0.00400	0.00826	0.00805	0.20954	0.00902
3	0.34442	0.01833	0.01779	0.01434	0.01989	0.02045	0.01181	0.33063	0.02578	0.07241	0.01651	0.01723	0.01198	0.00861	0.00657	0.00239	0.00735	0.00599	0.03634	0.01119
4	0.06524	0.01423	0.02080	0.31948	0.03414	0.01798	0.01732	0.03752	0.01530	0.02198	0.01800	0.10810	0.01737	0.01244	0.01340	0.00298	0.21146	0.03933	0.00439	0.00853
5	0.01648	0.01375	0.01608	0.01185	0.01821	0.01089	0.00944	0.05121	0.01827	0.02783	0.09725	0.02200	0.01984	0.00737	0.00642	0.00140	0.00575	0.00605	0.00537	0.63455
6	0.02394	0.01823	0.01999	0.01589	0.02145	0.01915	0.01277	0.38852	0.08863	0.04000	0.02246	0.10795	0.01910	0.01088	0.00783	0.00228	0.00743	0.00880	0.00725	0.15745
7	0.01498	0.01409	0.02378	0.70226	0.05462	0.01762	0.02202	0.02026	0.01586	0.02026	0.01409	0.02114	0.01057	0.00793	0.00793	0.00264	0.01057	0.00705	0.00352	0.00881
8	0.02098	0.01787	0.02194	0.01798	0.02316	0.01955	0.09244	0.18022	0.36170	0.03494	0.03213	0.03096	0.08795	0.01093	0.00834	0.00261	0.00752	0.00940	0.00745	0.01192
9	0.01603	0.01517	0.02568	0.55451	0.19415	0.01789	0.02255	0.02118	0.01635	0.02154	0.01428	0.02080	0.01102	0.00773	0.00791	0.00258	0.01031	0.00705	0.00361	0.00966
10	0.01929	0.01850	0.03158	0.09553	0.62760	0.01875	0.02417	0.02404	0.01790	0.02550	0.01486	0.01973	0.01242	0.00713	0.00786	0.00238	0.00950	0.00706	0.00390	0.01229
11	0.12589	0.01289	0.01634	0.01300	0.01832	0.01179	0.01062	0.03303	0.02149	0.49579	0.12744	0.03020	0.02679	0.01050	0.00780	0.00246	0.00620	0.00850	0.00902	0.01194
12	0.02249	0.01193	0.01513	0.01270	0.01668	0.01135	0.01005	0.08437	0.06268	0.27240	0.31088	0.06398	0.04475	0.01317	0.00866	0.00251	0.00551	0.01125	0.00897	0.01055
13	0.02422	0.01637	0.01887	0.01442	0.02039	0.01578	0.01172	0.26415	0.02629	0.14303	0.10173	0.02461	0.02172	0.00924	0.00746	0.00202	0.00685	0.00740	0.00730	0.25643
14	0.09598	0.01364	0.01652	0.07724	0.02139	0.01295	0.01124	0.08821	0.02032	0.23209	0.02991	0.07066	0.09980	0.01078	0.00755	0.00228	0.00659	0.00878	0.00704	0.16703

[dist]
# distance from previous block
# <min> <max>
1	51

[block]
# block no. 2 follows, 24 sequences, length 152
# corresponding to MSA columns:
# 177-328
name=unknown_C
#
# <colnr> <probs for GDERKNQSTAVLIFYWHMCP>
#	G	D	E	R	K	N	Q	S	T	A	V	L	I	F	Y	W	H	M	C	P
0	0.06943	0.32081	0.32343	0.01747	0.02599	0.02309	0.02022	0.02381	0.01637	0.02305	0.01464	0.01993	0.01251	0.00822	0.00658	0.00225	0.00969	0.04820	0.00375	0.01056
1	0.01948	0.44850	0.22178	0.01643	0.02427	0.02580	0.01809	0.05083	0.01737	0.02223	0.01447	0.01955	0.01278	0.00818	0.00633	0.00210	0.00934	0.04806	0.00385	0.01056
2	0.02183	0.67654	0.04030	0.01390	0.02065	0.03090	0.01367	0.06750	0.01760	0.02086	0.01159	0.01317	0.01041	0.00698	0.00529	0.00174	0.00850	0.00444	0.00371	0.01041
3	0.01215	0.00915	0.01140	0.01092	0.01312	0.00889	0.00840	0.01777	0.09008	0.03049	0.50165	0.05997	0.10855	0.01641	0.00936	0.00263	0.00435	0.06832	0.00843	0.00796
4	0.01844	0.01742	0.02949	0.13567	0.53496	0.01790	0.02310	0.02315	0.01777	0.02496	0.01696	0.02539	0.01492	0.00837	0.00811	0.00250	0.00941	0.05573	0.00414	0.01163
5	0.05704	0.01939	0.02104	0.01682	0.02259	0.02128	0.01369	0.37860	0.19976	0.12958	0.02391	0.02268	0.01698	0.00981	0.00786	0.00248	0.00771	0.00763	0.00811	0.01305
6	0.01859	0.02225	0.07451	0.03295	0.04113	0.01998	0.61619	0.02539	0.01863	0.02539	0.01596	0.02119	0.01195	0.00672	0.00928	0.00267	0.01330	0.00921	0.00398	0.01074
7	0.00949	0.00756	0.00853	0.00930	0.01104	0.00659	0.00659	0.01124	0.01685	0.02092	0.06488	0.34628	0.40864	0.02209	0.00969	0.00291	0.00426	0.01919	0.00736	0.00659
8	0.05316	0.20252	0.42715	0.01995	0.02966	0.02200	0.04556	0.06837	0.01796	0.02580	0.01372	0.01593	0.01032	0.00746	0.00692	0.00231	0.01053	0.00561	0.00378	0.01129
9	0.01896	0.01816	0.03099	0.14212	0.58360	0.01867	0.02401	0.02375	0.01774	0.02510	0.01480	0.01984	0.01228	0.00719	0.00786	0.00240	0.00959	0.00706	0.00387	0.01202
10	0.00966	0.00690	0.00920	0.01104	0.01150	0.00644	0.00736	0.01104	0.01518	0.02024	0.04371	0.71614	0.05245	0.02484	0.01012	0.00322	0.00460	0.02254	0.00736	0.00644
11	0.01377	0.00689	0.01033	0.01033	0.01033	0.00689	0.00689	0.01033	0.01033	0.01377	0.01377	0.02410	0.01377	0.02755	0.03099	0.76928	0.00689	0.00689	0.00344	0.00344
12	0.01793	0.02008	0.04324	0.05775	0.03983	0.01899	0.57396	0.02418	0.01836	0.02484	0.01793	0.07060	0.01484	0.00802	0.00936	0.00271	0.01264	0.01020	0.00423	0.01032
13	0.01590	0.04102	0.68023	0.02260	0.03432	0.01842	0.02930	0.02511	0.01674	0.02511	0.01423	0.01674	0.01005	0.00753	0.00753	0.00251	0.01172	0.00586	0.00335	0.01172
14	0.01122	0.00811	0.01060	0.00998	0.01185	0.00748	0.00748	0.01496	0.02245	0.03180	0.66766	0.05923	0.07482	0.01621	0.00935	0.00249	0.00374	0.01434	0.00873	0.00748
15	0.02962	0.03779	0.02247	0.02043	0.02451	0.68948	0.01532	0.03166	0.02247	0.01941	0.01226	0.01430	0.01021	0.00817	0.00715	0.00204	0.01430	0.00511	0.00409	0.00919
16	0.02614	0.01922	0.02094	0.01684	0.02203	0.02104	0.01356	0.52134	0.03296	0.04416	0.02386	0.15537	0.02111	0.01252	0.00836	0.00254	0.00792	0.01015	0.00782	0.01211
17	0.00966	0.00690	0.00920	0.01104	0.01150	0.00644	0.00736	0.01104	0.01518	0.02024	0.04371	0.71614	0.05245	0.02484	0.01012	0.00322	0.00460	0.02254	0.00736	0.00644
18	0.01936	0.02040	0.07780	0.04684	0.62698	0.01881	0.02469	0.02439	0.01796	0.02585	0.01487	0.01942	0.01238	0.00710	0.00783	0.00237	0.00958	0.00698	0.00388	0.01250
19	0.01590	0.04102	0.68023	0.02260	0.03432	0.01842	0.02930	0.02511	0.01674	0.02511	0.01423	0.01674	0.01005	0.00753	0.00753	0.00251	0.01172	0.00586	0.00335	0.01172
20	0.01263	0.00943	0.01303	0.01528	0.04572	0.00925	0.01240	0.01611	0.01822	0.02352	0.04591	0.08448	0.12805	0.02098	0.01060	0.00346	0.00696	0.50937	0.00716	0.00746
21	0.01862	0.01965	0.03999	0.02924	0.03616	0.01876	0.50621	0.08000	0.01996	0.02699	0.01978	0.10830	0.01723	0.00922	0.00932	0.00272	0.01185	0.01081	0.00479	0.01042
22	0.03458	0.01330	0.01816	0.01413	0.02008	0.01154	0.01170	0.03767	0.02250	0.64874	0.03175	0.02972	0.02077	0.01034	0.00810	0.00251	0.00677	0.03469	0.00970	0.01322
23	0.00966	0.00690	0.00920	0.01104	0.01150	0.00644	0.00736	0.01104	0.01518	0.02024	0.04371	0.71614	0.05245	0.02484	0.01012	0.00322	0.00460	0.02254	0.00736	0.00644
24	0.01872	0.02139	0.04679	0.03342	0.04144	0.02005	0.64305	0.02540	0.01872	0.02540	0.01604	0.02139	0.01203	0.00668	0.00936	0.00267	0.01337	0.00936	0.00401	0.01070
25	0.01972	0.01703	0.01793	0.01614	0.02062	0.01972	0.01255	0.04214	0.65752	0.03317	0.03228	0.02959	0.02421	0.01076	0.00807	0.00269	0.00628	0.00897	0.00807	0.01255
26	0.01122	0.00811	0.01060	0.00998	0.01185	0.00748	0.00748	0.01496	0.02245	0.03180	0.66766	0.05923	0.07482	0.01621	0.00935	0.00249	0.00374	0.01434	0.00873	0.00748
27	0.01478	0.00739	0.00739	0.00739	0.00924	0.00739	0.00554	0.01848	0.01663	0.02956	0.02587	0.02956	0.02033	0.00924	0.00554	0.00185	0.00370	0.00739	0.76534	0.00739
28	0.00966	0.00690	0.00920	0.01104	0.01150	0.00644	0.00736	0.01104	0.01518	0.02024	0.04371	0.71614	0.05245	0.02484	0.01012	0.00322	0.00460	0.02254	0.00736	0.00644
29	0.01515	0.01443	0.02484	0.67158	0.05401	0.01773	0.05050	0.02050	0.01599	0.02050	0.01418	0.02115	0.01064	0.00787	0.00799	0.00264	0.01070	0.00715	0.00355	0.00890
30	0.77733	0.01534	0.01166	0.01043	0.01534	0.01779	0.00859	0.02331	0.01350	0.03558	0.01104	0.01288	0.00859	0.00736	0.00491	0.00245	0.00613	0.00429	0.00491	0.00859
31	0.01111	0.00945	0.00963	0.00935	0.01219	0.00881	0.00701	0.01627	0.11936	0.02302	0.07028	0.06782	0.53827	0.04929	0.01052	0.00290	0.00454	0.01527	0.00736	0.00754
32	0.01987	0.01948	0.03140	0.07530	0.61695	0.04839	0.02384	0.02449	0.01816	0.02538	0.01476	0.01946	0.01237	0.00715	0.00782	0.00235	0.00969	0.00698	0.00392	0.01225
33	0.03010	0.01253	0.01681	0.01334	0.01856	0.01109	0.01084	0.03398	0.04467	0.52439	0.16006	0.03360	0.03095	0.01114	0.00826	0.00247	0.00612	0.00930	0.00953	0.01225
34	0.01825	0.01895	0.02318	0.02014	0.02071	0.09777	0.01654	0.02011	0.01335	0.01907	0.01146	0.01809	0.01112	0.01680	0.07581	0.00403	0.57554	0.00686	0.00360	0.00861
35	0.01579	0.01492	0.02525	0.58829	0.16224	0.01783	0.02243	0.02097	0.01624	0.02125	0.01424	0.02088	0.01092	0.00778	0.00791	0.00259	0.01037	0.00705	0.00359	0.00946
36	0.01963	0.01884	0.03219	0.04867	0.67185	0.01884	0.02434	0.02434	0.01806	0.02591	0.01492	0.01963	0.01256	0.00707	0.00785	0.00236	0.00942	0.00707	0.00393	0.01256
37	0.01478	0.00739	0.00739	0.00739	0.00924	0.00739	0.00554	0.01848	0.01663	0.02956	0.02587	0.02956	0.02033	0.00924	0.00554	0.00185	0.00370	0.00739	0.76534	0.00739
38	0.01133	0.00850	0.01274	0.01274	0.01416	0.00991	0.00991	0.01416	0.01274	0.01841	0.02124	0.03115	0.01982	0.05947	0.68989	0.01274	0.02124	0.00850	0.00425	0.00708
39	0.00966	0.00690	0.00920	0.01104	0.01150	0.00644	0.00736	0.01104	0.01518	0.02024	0.04371	0.71614	0.05245	0.02484	0.01012	0.00322	0.00460	0.02254	0.00736	0.00644
40	0.01854	0.01335	0.01517	0.01381	0.01746	0.01431	0.01061	0.03167	0.35677	0.11300	0.14237	0.12543	0.06594	0.01381	0.00860	0.00269	0.00559	0.01186	0.00828	0.01076
41	0.01498	0.01265	0.01256	0.01126	0.01445	0.05888	0.00869	0.12437	0.02300	0.02925	0.23450	0.05696	0.33576	0.01627	0.00896	0.00253	0.00549	0.01354	0.00762	0.00828
42	0.01642	0.07218	0.60411	0.02401	0.07853	0.01907	0.02820	0.02499	0.01680	0.02486	0.01413	0.01675	0.01023	0.00747	0.00744	0.00246	0.01140	0.00587	0.00339	0.01170
43	0.01634	0.03547	0.51608	0.02449	0.03503	0.01836	0.16295	0.02479	0.01739	0.02543	0.03938	0.01937	0.01293	0.00768	0.00800	0.00255	0.01178	0.00695	0.00370	0.01133
44	0.01981	0.01439	0.01707	0.01239	0.01927	0.01138	0.00998	0.05191	0.01831	0.11961	0.01677	0.01806	0.01295	0.00660	0.00627	0.00141	0.00613	0.00528	0.00558	0.62683
45	0.01963	0.01884	0.03219	0.04867	0.67185	0.01884	0.02434	0.02434	0.01806	0.02591	0.01492	0.01963	0.01256	0.00707	0.00785	0.00236	0.00942	0.00707	0.00393	0.01256
46	0.01735	0.01735	0.02429	0.02082	0.02082	0.02429	0.01735	0.01908	0.01214	0.01908	0.01041	0.01735	0.01041	0.01388	0.02602	0.00347	0.70680	0.00694	0.00347	0.00867
47	0.01135	0.00843	0.01239	0.01239	0.01369	0.00972	0.00948	0.01394	0.01264	0.01815	0.02156	0.03292	0.02059	0.11593	0.63448	0.01231	0.02008	0.00876	0.00430	0.00689
48	0.01735	0.01735	0.02429	0.02082	0.02082	0.02429	0.01735	0.01908	0.01214	0.01908	0.01041	0.01735	0.01041	0.01388	0.02602	0.00347	0.70680	0.00694	0.00347	0.00867
49	0.01658	0.12841	0.59876	0.02145	0.03254	0.02007	0.02729	0.02494	0.01666	0.02429	0.01382	0.01623	0.01006	0.00744	0.00722	0.00241	0.01131	0.00565	0.00335	0.01152
50	0.03558	0.01350	0.01840	0.01411	0.02024	0.01166	0.01166	0.03865	0.02270	0.67734	0.03128	0.02699	0.01963	0.00981	0.00797	0.00245	0.00675	0.00797	0.00981	0.01350
51	0.02962	0.03779	0.02247	0.02043	0.02451	0.68948	0.01532	0.03166	0.02247	0.01941	0.01226	0.01430	0.01021	0.00817	0.00715	0.00204	0.01430	0.00511	0.00409	0.00919
52	0.02001	0.04191	0.63618	0.02465	0.03599	0.02026	0.02963	0.02738	0.01914	0.02857	0.01837	0.02253	0.01412	0.01034	0.00927	0.00326	0.01274	0.00720	0.00485	0.01362
53	0.02048	0.61340	0.08494	0.01486	0.02138	0.02982	0.01502	0.02342	0.01580	0.01915	0.01119	0.01342	0.01019	0.00748	0.00716	0.00191	0.07223	0.00460	0.00340	0.01015
54	0.01478	0.00739	0.00739	0.00739	0.00924	0.00739	0.00554	0.01848	0.01663	0.02956	0.02587	0.02956	0.02033	0.00924	0.00554	0.00185	0.00370	0.00739	0.76534	0.00739
55	0.00937	0.00803	0.00803	0.00803	0.01071	0.00669	0.00602	0.01138	0.01807	0.02142	0.08033	0.07632	0.66863	0.02008	0.00937	0.00268	0.00402	0.01674	0.00736	0.00669
56	0.03532	0.01391	0.01866	0.01431	0.02045	0.01227	0.01182	0.06763	0.02339	0.64737	0.03070	0.02661	0.01934	0.00980	0.00797	0.00245	0.00684	0.00793	0.00972	0.01349
57	0.01827	0.02007	0.04347	0.03132	0.03861	0.01886	0.58518	0.02403	0.01795	0.02434	0.01584	0.02164	0.01219	0.00858	0.01133	0.07241	0.01278	0.00913	0.00396	0.01004
58	0.77733	0.01534	0.01166	0.01043	0.01534	0.01779	0.00859	0.02331	0.01350	0.03558	0.01104	0.01288	0.00859	0.00736	0.00491	0.00245	0.00613	0.00429	0.00491	0.00859
59	0.73280	0.01492	0.01159	0.01040	0.01513	0.01719	0.00852	0.02282	0.01402	0.03536	0.04921	0.01558	0.01244	0.00788	0.00517	0.00246	0.00600	0.00488	0.00513	0.00852
60	0.01972	0.01703	0.01793	0.01614	0.02062	0.01972	0.01255	0.04214	0.65752	0.03317	0.03228	0.02959	0.02421	0.01076	0.00807	0.00269	0.00628	0.00897	0.00807	0.01255
61	0.00966	0.00690	0.00920	0.01104	0.01150	0.00644	0.00736	0.01104	0.01518	0.02024	0.04371	0.71614	0.05245	0.02484	0.01012	0.00322	0.00460	0.02254	0.00736	0.00644
62	0.03446	0.01374	0.01837	0.01425	0.02027	0.01222	0.01172	0.03889	0.06738	0.63200	0.03135	0.02717	0.01995	0.00988	0.00798	0.00247	0.00671	0.00804	0.00969	0.01343
63	0.01742	0.01504	0.01573	0.01434	0.01842	0.01683	0.01110	0.03531	0.51551	0.03056	0.04295	0.03996	0.16732	0.01283	0.00836	0.00269	0.00577	0.01069	0.00791	0.01125
64	0.01644	0.01409	0.01644	0.01175	0.01879	0.01057	0.00940	0.01997	0.01644	0.02584	0.01409	0.01644	0.01175	0.00587	0.00587	0.00117	0.00587	0.00470	0.00470	0.76979
65	0.01498	0.01409	0.02378	0.70226	0.05462	0.01762	0.02202	0.02026	0.01586	0.02026	0.01409	0.02114	0.01057	0.00793	0.00793	0.00264	0.01057	0.00705	0.00352	0.00881
66	0.02273	0.60099	0.03809	0.01482	0.02111	0.15099	0.01389	0.02518	0.01727	0.01879	0.01125	0.01301	0.01018	0.00704	0.00546	0.00176	0.00954	0.00440	0.00352	0.01000
67	0.01390	0.01063	0.01500	0.01596	0.06221	0.01020	0.03993	0.01832	0.05919	0.04977	0.09812	0.19609	0.10716	0.01808	0.00963	0.00299	0.00635	0.21351	0.00708	0.04588
68	0.01750	0.05046	0.02008	0.05327	0.07686	0.14615	0.04087	0.02125	0.03915	0.02224	0.02879	0.12409	0.04822	0.01526	0.01027	0.00292	0.05811	0.21027	0.00564	0.00863
69	0.01607	0.03988	0.64341	0.02323	0.03474	0.01851	0.06497	0.02513	0.01686	0.02513	0.01434	0.01701	0.01016	0.00748	0.00764	0.00252	0.01182	0.00606	0.00339	0.01166
70	0.02962	0.03779	0.02247	0.02043	0.02451	0.68948	0.01532	0.03166	0.02247	0.01941	0.01226	0.01430	0.01021	0.00817	0.00715	0.00204	0.01430	0.00511	0.00409	0.00919
71	0.02782	0.07528	0.05580	0.02193	0.07031	0.51461	0.01650	0.08333	0.02280	0.02273	0.01305	0.01511	0.01065	0.00810	0.00717	0.00210	0.01301	0.00541	0.00433	0.00998
72	0.01797	0.30864	0.43073	0.01907	0.02886	0.02348	0.02315	0.02458	0.01650	0.02259	0.01298	0.01517	0.01010	0.00724	0.00658	0.00219	0.01045	0.00523	0.00337	0.01112
73	0.00975	0.00708	0.00920	0.01071	0.01146	0.00654	0.00726	0.01135	0.01595	0.02117	0.09147	0.61446	0.10672	0.02382	0.01000	0.00312	0.00449	0.02146	0.00746	0.00654
74	0.01535	0.01395	0.02283	0.58790	0.07387	0.01703	0.02050	0.02099	0.05285	0.02078	0.01516	0.02178	0.01167	0.00944	0.00956	0.05659	0.01002	0.00715	0.00380	0.00880
75	0.02091	0.60701	0.12226	0.01504	0.02233	0.05990	0.01566	0.02428	0.01648	0.01952	0.01149	0.01331	0.01016	0.00694	0.00550	0.00182	0.00916	0.00449	0.00342	0.01033
76	0.01133	0.00850	0.01274	0.01274	0.01416	0.00991	0.00991	0.01416	0.01274	0.01841	0.02124	0.03115	0.01982	0.05947	0.68989	0.01274	0.02124	0.00850	0.00425	0.00708
77	0.03416	0.01318	0.01795	0.01387	0.01975	0.01141	0.01141	0.03727	0.02268	0.63982	0.06827	0.02886	0.02284	0.01019	0.00805	0.00246	0.00657	0.00834	0.00975	0.01315
78	0.01940	0.01861	0.03177	0.08099	0.64133	0.01878	0.02422	0.02414	0.01795	0.02563	0.01488	0.01970	0.01246	0.00711	0.00785	0.00237	0.00948	0.00706	0.00391	0.01238
79	0.01440	0.01326	0.02212	0.60914	0.04903	0.01641	0.02026	0.01928	0.01556	0.02010	0.01617	0.05636	0.01343	0.01317	0.06633	0.00353	0.01119	0.00794	0.00378	0.00854
80	0.02941	0.02185	0.02339	0.01810	0.02431	0.02425	0.01489	0.60295	0.08094	0.04879	0.01997	0.01978	0.01424	0.00961	0.00794	0.00240	0.00855	0.00727	0.00794	0.01342
81	0.03186	0.01738	0.02060	0.01588	0.02191	0.01760	0.01308	0.32565	0.02961	0.34922	0.05527	0.02472	0.01930	0.00997	0.00802	0.00242	0.00755	0.00788	0.00887	0.01321
82	0.01629	0.01388	0.01629	0.01187	0.01869	0.01051	0.00954	0.01982	0.01652	0.02575	0.01527	0.01953	0.01318	0.00655	0.00609	0.00128	0.00593	0.03063	0.00481	0.73757
83	0.56640	0.01838	0.09908	0.01256	0.01853	0.01694	0.01173	0.02587	0.01531	0.13158	0.01452	0.01552	0.01045	0.00776	0.00571	0.00246	0.00695	0.00505	0.00545	0.00974
84	0.02565	0.01881	0.02036	0.01664	0.02208	0.02080	0.01341	0.32309	0.28648	0.09860	0.02776	0.02614	0.04251	0.01044	0.00804	0.00252	0.00738	0.00831	0.00814	0.01286
85	0.01903	0.01790	0.02986	0.19855	0.49930	0.01882	0.02338	0.05188	0.01843	0.02570	0.01491	0.01995	0.01214	0.00738	0.00787	0.00242	0.00965	0.00706	0.00402	0.01173
86	0.02002	0.57379	0.18353	0.01558	0.02346	0.02850	0.01707	0.02405	0.01625	0.02009	0.01174	0.01361	0.01015	0.00695	0.00563	0.00188	0.00920	0.00460	0.00338	0.01052
87	0.01152	0.00771	0.00875	0.00871	0.00881	0.00768	0.00494	0.01170	0.01207	0.01619	0.05676	0.05226	0.03110	0.68645	0.03883	0.00743	0.00749	0.01167	0.00500	0.00494
88	0.01377	0.00689	0.01033	0.01033	0.01033	0.00689	0.00689	0.01033	0.01033	0.01377	0.01377	0.02410	0.01377	0.02755	0.03099	0.76928	0.00689	0.00689	0.00344	0.00344
89	0.00937	0.00803	0.00803	0.00803	0.01071	0.00669	0.00602	0.01138	0.01807	0.02142	0.08033	0.07632	0.66863	0.02008	0.00937	0.00268	0.00402	0.01674	0.00736	0.00669
90	0.77733	0.01534	0.01166	0.01043	0.01534	0.01779	0.00859	0.02331	0.01350	0.03558	0.01104	0.01288	0.00859	0.00736	0.00491	0.00245	0.00613	0.00429	0.00491	0.00859
91	0.01103	0.00810	0.01033	0.00977	0.01173	0.00740	0.00733	0.01458	0.02198	0.03070	0.60547	0.06104	0.13770	0.01662	0.00935	0.00251	0.00377	0.01459	0.00858	0.00740
92	0.02705	0.01574	0.01840	0.01536	0.02064	0.01646	0.01228	0.06830	0.35495	0.31211	0.03124	0.02798	0.02174	0.01029	0.00802	0.00257	0.00659	0.00845	0.00882	0.01300
93	0.02120	0.72609	0.04155	0.01357	0.02035	0.03138	0.01357	0.02374	0.01611	0.01866	0.01102	0.01272	0.01018	0.00678	0.00509	0.00170	0.00848	0.00424	0.00339	0.01018
94	0.00937	0.00803	0.00803	0.00803	0.01071	0.00669	0.00602	0.01138	0.01807	0.02142	0.08033	0.07632	0.66863	0.02008	0.00937	0.00268	0.00402	0.01674	0.00736	0.00669
95	0.01122	0.00811	0.01060	0.00998	0.01185	0.00748	0.00748	0.01496	0.02245	0.03180	0.66766	0.05923	0.07482	0.01621	0.00935	0.00249	0.00374	0.01434	0.00873	0.00748
96	0.01908	0.01828	0.03119	0.12590	0.59892	0.01870	0.02406	0.02386	0.01780	0.02524	0.01482	0.01981	0.01233	0.00717	0.00786	0.00239	0.00956	0.00706	0.00388	0.01212
97	0.01590	0.04102	0.68023	0.02260	0.03432	0.01842	0.02930	0.02511	0.01674	0.02511	0.01423	0.01674	0.01005	0.00753	0.00753	0.00251	0.01172	0.00586	0.00335	0.01172
98	0.77733	0.01534	0.01166	0.01043	0.01534	0.01779	0.00859	0.02331	0.01350	0.03558	0.01104	0.01288	0.00859	0.00736	0.00491	0.00245	0.00613	0.00429	0.00491	0.00859
99	0.01862	0.02111	0.04521	0.03254	0.03999	0.02035	0.59901	0.02496	0.01825	0.02496	0.01565	0.02111	0.01192	0.00719	0.01053	0.00273	0.06218	0.00919	0.00397	0.01055
100	0.01133	0.00850	0.01274	0.01274	0.01416	0.00991	0.00991	0.01416	0.01274	0.01841	0.02124	0.03115	0.01982	0.05947	0.68989	0.01274	0.02124	0.00850	0.00425	0.00708
101	0.01115	0.00810	0.01050	0.00990	0.01180	0.00745	0.00743	0.01483	0.02228	0.03141	0.64542	0.05988	0.09731	0.01636	0.00935	0.00250	0.00375	0.01443	0.00868	0.00745
102	0.02120	0.72609	0.04155	0.01357	0.02035	0.03138	0.01357	0.02374	0.01611	0.01866	0.01102	0.01272	0.01018	0.00678	0.00509	0.00170	0.00848	0.00424	0.00339	0.01018
103	0.01122	0.00811	0.01060	0.00998	0.01185	0.00748	0.00748	0.01496	0.02245	0.03180	0.66766	0.05923	0.07482	0.01621	0.00935	0.00249	0.00374	0.01434	0.00873	0.00748
104	0.02962	0.03779	0.02247	0.02043	0.02451	0.68948	0.01532	0.03166	0.02247	0.01941	0.01226	0.01430	0.01021	0.00817	0.00715	0.00204	0.01430	0.00511	0.00409	0.00919
105	0.03014	0.02221	0.02380	0.01825	0.02459	0.02459	0.01507	0.64541	0.03728	0.04998	0.01904	0.01904	0.01349	0.00952	0.00793	0.00238	0.00873	0.00714	0.00793	0.01349
106	0.01349	0.00975	0.01516	0.01467	0.01693	0.00919	0.08070	0.01638	0.01745	0.06867	0.06906	0.35238	0.06578	0.02032	0.01007	0.00318	0.00648	0.19543	0.00720	0.00773
107	0.01614	0.01378	0.01612	0.01171	0.01847	0.01039	0.00931	0.01957	0.01639	0.02559	0.01540	0.04732	0.01354	0.00671	0.00606	0.00126	0.00582	0.00549	0.00482	0.73610
108	0.01074	0.00809	0.00992	0.00946	0.01155	0.00727	0.00710	0.01402	0.02129	0.02906	0.51275	0.06374	0.23144	0.01723	0.00936	0.00254	0.00381	0.01497	0.00837	0.00727
109	0.02638	0.02039	0.02195	0.01767	0.02320	0.02304	0.01435	0.43148	0.23326	0.04354	0.02293	0.02233	0.01678	0.01007	0.00862	0.00252	0.03296	0.00771	0.00782	0.01302
110	0.01140	0.00821	0.01129	0.01129	0.01220	0.00912	0.00809	0.01322	0.01231	0.01733	0.02257	0.03854	0.02303	0.29520	0.45854	0.01094	0.01641	0.00958	0.00445	0.00627
111	0.01132	0.00760	0.00871	0.00891	0.00897	0.00755	0.00509	0.01148	0.01194	0.01592	0.02707	0.12572	0.03145	0.64391	0.03700	0.00719	0.00734	0.01276	0.00509	0.00499
112	0.02803	0.03521	0.02211	0.02008	0.02381	0.61836	0.01518	0.03010	0.02141	0.01934	0.01258	0.01528	0.01068	0.01095	0.04086	0.00264	0.05488	0.00538	0.00406	0.00906
113	0.01377	0.00689	0.01033	0.01033	0.01033	0.00689	0.00689	0.01033	0.01033	0.01377	0.01377	0.02410	0.01377	0.02755	0.03099	0.76928	0.00689	0.00689	0.00344	0.00344
114	0.02120	0.72609	0.04155	0.01357	0.02035	0.03138	0.01357	0.02374	0.01611	0.01866	0.01102	0.01272	0.01018	0.00678	0.00509	0.00170	0.00848	0.00424	0.00339	0.01018
115	0.01587	0.01520	0.02598	0.55536	0.13479	0.01818	0.05058	0.02099	0.01612	0.02120	0.01414	0.02079	0.01090	0.00801	0.00876	0.00264	0.04036	0.00715	0.00360	0.00939
116	0.02972	0.01918	0.02157	0.01696	0.02289	0.02051	0.01398	0.42784	0.08392	0.19072	0.02400	0.02502	0.01727	0.01027	0.00809	0.00248	0.00801	0.03611	0.00834	0.01312
117	0.01926	0.01862	0.03226	0.09398	0.59953	0.01881	0.05252	0.02410	0.01793	0.02549	0.01491	0.01981	0.01240	0.00711	0.00793	0.00239	0.00968	0.00717	0.00390	0.01221
118	0.01914	0.01835	0.03131	0.11660	0.60770	0.01871	0.02410	0.02391	0.01783	0.02532	0.01483	0.01978	0.01235	0.00716	0.00786	0.00239	0.00954	0.00706	0.00388	0.01217
119	0.01784	0.02750	0.24392	0.03006	0.03923	0.01954	0.45205	0.02531	0.01810	0.02531	0.01548	0.01994	0.01141	0.00695	0.00879	0.00262	0.01286	0.00827	0.00380	0.01101
120	0.01605	0.01368	0.01602	0.01170	0.01837	0.01033	0.00928	0.01945	0.01637	0.02551	0.01582	0.05711	0.01411	0.00698	0.00612	0.00129	0.00580	0.00574	0.00485	0.72542
121	0.01972	0.01703	0.01793	0.01614	0.02062	0.01972	0.01255	0.04214	0.65752	0.03317	0.03228	0.02959	0.02421	0.01076	0.00807	0.00269	0.00628	0.00897	0.00807	0.01255
122	0.77733	0.01534	0.01166	0.01043	0.01534	0.01779	0.00859	0.02331	0.01350	0.03558	0.01104	0.01288	0.00859	0.00736	0.00491	0.00245	0.00613	0.00429	0.00491	0.00859
123	0.28957	0.01858	0.01681	0.01470	0.01955	0.06712	0.01168	0.11399	0.30342	0.03526	0.02161	0.02121	0.01629	0.00921	0.00687	0.00252	0.00712	0.00680	0.00665	0.01104
124	0.01963	0.01884	0.03219	0.04867	0.67185	0.01884	0.02434	0.02434	0.01806	0.02591	0.01492	0.01963	0.01256	0.00707	0.00785	0.00236	0.00942	0.00707	0.00393	0.01256
125	0.01498	0.01409	0.02378	0.70226	0.05462	0.01762	0.02202	0.02026	0.01586	0.02026	0.01409	0.02114	0.01057	0.00793	0.00793	0.00264	0.01057	0.00705	0.00352	0.00881
126	0.01590	0.04102	0.68023	0.02260	0.03432	0.01842	0.02930	0.02511	0.01674	0.02511	0.01423	0.01674	0.01005	0.00753	0.00753	0.00251	0.01172	0.00586	0.00335	0.01172
127	0.03014	0.02221	0.02380	0.01825	0.02459	0.02459	0.01507	0.64541	0.03728	0.04998	0.01904	0.01904	0.01349	0.00952	0.00793	0.00238	0.00873	0.00714	0.00793	0.01349
128	0.01478	0.00739	0.00739	0.00739	0.00924	0.00739	0.00554	0.01848	0.01663	0.02956	0.02587	0.02956	0.02033	0.00924	0.00554	0.00185	0.00370	0.00739	0.76534	0.00739
129	0.01321	0.00855	0.01124	0.01031	0.01253	0.00782	0.00782	0.01690	0.02247	0.08443	0.61578	0.05661	0.07032	0.01569	0.00924	0.00249	0.00399	0.01382	0.00882	0.00797
130	0.02623	0.01261	0.01620	0.01325	0.01792	0.01181	0.01063	0.05540	0.09470	0.38569	0.22294	0.03670	0.03656	0.01184	0.00840	0.00249	0.00586	0.00997	0.00922	0.01157
131	0.00966	0.00690	0.00920	0.01104	0.01150	0.00644	0.00736	0.01104	0.01518	0.02024	0.04371	0.71614	0.05245	0.02484	0.01012	0.00322	0.00460	0.02254	0.00736	0.00644
132	0.03014	0.02221	0.02380	0.01825	0.02459	0.02459	0.01507	0.64541	0.03728	0.04998	0.01904	0.01904	0.01349	0.00952	0.00793	0.00238	0.00873	0.00714	0.00793	0.01349
133	0.01047	0.00753	0.00993	0.01049	0.01168	0.00698	0.00742	0.01308	0.01895	0.02624	0.36738	0.37537	0.06405	0.02037	0.00972	0.00284	0.00415	0.01829	0.00807	0.00698
134	0.03400	0.01522	0.01937	0.01494	0.02105	0.01432	0.01231	0.14962	0.04874	0.53900	0.02908	0.02563	0.01868	0.00980	0.00797	0.00245	0.00709	0.00786	0.00941	0.01346
135	0.03495	0.01451	0.01903	0.01459	0.02075	0.01316	0.01205	0.10915	0.02439	0.60444	0.02986	0.02607	0.01892	0.00978	0.00797	0.00245	0.00698	0.00788	0.00960	0.01349
136	0.01867	0.02125	0.04602	0.03299	0.04074	0.02020	0.62155	0.02518	0.01849	0.02518	0.01585	0.02125	0.01198	0.00693	0.00993	0.00270	0.03720	0.00928	0.00399	0.01063
137	0.77733	0.01534	0.01166	0.01043	0.01534	0.01779	0.00859	0.02331	0.01350	0.03558	0.01104	0.01288	0.00859	0.00736	0.00491	0.00245	0.00613	0.00429	0.00491	0.00859
138	0.01943	0.01864	0.03183	0.07629	0.64577	0.01879	0.02424	0.02416	0.01796	0.02567	0.01488	0.01969	0.01248	0.00710	0.00785	0.00237	0.00947	0.00706	0.00391	0.01240
139	0.01377	0.00689	0.01033	0.01033	0.01033	0.00689	0.00689	0.01033	0.01033	0.01377	0.01377	0.02410	0.01377	0.02755	0.03099	0.76928	0.00689	0.00689	0.00344	0.00344
140	0.01558	0.01429	0.02082	0.01816	0.01933	0.01853	0.04307	0.04217	0.01367	0.02033	0.01521	0.02296	0.01426	0.03108	0.28224	0.00699	0.38135	0.00766	0.00397	0.00834
141	0.02120	0.72609	0.04155	0.01357	0.02035	0.03138	0.01357	0.02374	0.01611	0.01866	0.01102	0.01272	0.01018	0.00678	0.00509	0.00170	0.00848	0.00424	0.00339	0.01018
142	0.06040	0.07091	0.61211	0.02148	0.03258	0.01897	0.02737	0.02495	0.01652	0.02543	0.01390	0.01633	0.00997	0.00749	0.00727	0.00247	0.01125	0.00569	0.00344	0.01147
143	0.01122	0.00811	0.01060	0.00998	0.01185	0.00748	0.00748	0.01496	0.02245	0.03180	0.66766	0.05923	0.07482	0.01621	0.00935	0.00249	0.00374	0.01434	0.00873	0.00748
144	0.01478	0.00739	0.00739	0.00739	0.00924	0.00739	0.00554	0.01848	0.01663	0.02956	0.02587	0.02956	0.02033	0.00924	0.00554	0.00185	0.00370	0.00739	0.76534	0.00739
145	0.01441	0.01293	0.02151	0.59068	0.04758	0.01585	0.01962	0.01872	0.01541	0.01980	0.01677	0.08457	0.01461	0.01085	0.00975	0.05666	0.00977	0.00845	0.00387	0.00822
146	0.09554	0.02034	0.02192	0.04868	0.02445	0.02299	0.01454	0.45605	0.11691	0.04392	0.01956	0.01994	0.01424	0.00958	0.00833	0.00248	0.03359	0.00712	0.00731	0.01253
147	0.01277	0.01284	0.05286	0.05087	0.05079	0.01128	0.15840	0.01611	0.01624	0.02194	0.03313	0.45596	0.03719	0.01817	0.00961	0.00299	0.00749	0.01723	0.00605	0.00808
148	0.02048	0.02046	0.03136	0.04626	0.61651	0.07617	0.02357	0.02496	0.01843	0.02535	0.01469	0.01917	0.01236	0.00716	0.00779	0.00233	0.00984	0.00690	0.00394	0.01227
149	0.02014	0.01994	0.03054	0.07772	0.56991	0.06831	0.02313	0.02532	0.04149	0.02541	0.01531	0.01967	0.01271	0.00732	0.00781	0.00236	0.00972	0.00699	0.00407	0.01213
150	0.01133	0.00850	0.01274	0.01274	0.01416	0.00991	0.00991	0.01416	0.01274	0.01841	0.02124	0.03115	0.01982	0.05947	0.68989	0.01274	0.02124	0.00850	0.00425	0.00708
151	0.00937	0.00803	0.00803	0.00803	0.01071	0.00669	0.00602	0.01138	0.01807	0.02142	0.08033	0.07632	0.66863	0.02008	0.00937	0.00268	0.00402	0.01674	0.00736	0.00669

[dist]
# distance from previous block
# <min> <max>
0	6

# created by:
# /st0/software/busco_prod/Augustus/scripts/msa2prfl.pl ./align_prep/116156.fa
