[name]
unknown

[dist]
# distance from previous block
# <min> <max>
0	16

[block]
# block no. 0 follows, 26 sequences, length 7
# corresponding to MSA columns:
# 16-22
name=unknown_A
#
# <colnr> <probs for GDERKNQSTAVLIFYWHMCP>
#	G	D	E	R	K	N	Q	S	T	A	V	L	I	F	Y	W	H	M	C	P
0	0.01222	0.00873	0.01222	0.01397	0.01572	0.00873	0.01222	0.01572	0.01746	0.02270	0.04016	0.08556	0.04365	0.02095	0.01048	0.00349	0.00698	0.63506	0.00698	0.00698
1	0.01297	0.01151	0.01110	0.01033	0.01310	0.06860	0.00786	0.05346	0.06255	0.02559	0.24402	0.05693	0.36179	0.01596	0.00861	0.00244	0.00502	0.01335	0.00724	0.00758
2	0.01941	0.61770	0.15240	0.01447	0.02177	0.02788	0.01557	0.02294	0.01552	0.01891	0.01107	0.01283	0.00971	0.00661	0.00527	0.00176	0.00864	0.00432	0.00324	0.00999
3	0.02189	0.59957	0.03628	0.01409	0.02025	0.10662	0.01329	0.07520	0.01775	0.02035	0.01130	0.01283	0.00999	0.00685	0.00531	0.00171	0.00877	0.00438	0.00367	0.00988
4	0.01329	0.00922	0.01044	0.00997	0.01091	0.00948	0.00641	0.10418	0.01514	0.02022	0.02603	0.15674	0.02918	0.51283	0.02940	0.00592	0.00701	0.01216	0.00543	0.00604
5	0.08373	0.13439	0.46868	0.05028	0.02938	0.01890	0.02279	0.02428	0.01598	0.06554	0.01392	0.01595	0.01010	0.00724	0.00670	0.00229	0.00996	0.00543	0.00373	0.01072
6	0.11033	0.04445	0.02071	0.07811	0.07505	0.08104	0.01392	0.25386	0.10533	0.03405	0.05864	0.02067	0.01652	0.00872	0.00709	0.00224	0.00802	0.00676	0.00602	0.04846

[dist]
# distance from previous block
# <min> <max>
1	3

[block]
# block no. 1 follows, 26 sequences, length 14
# corresponding to MSA columns:
# 26-39
name=unknown_B
#
# <colnr> <probs for GDERKNQSTAVLIFYWHMCP>
#	G	D	E	R	K	N	Q	S	T	A	V	L	I	F	Y	W	H	M	C	P
0	0.05181	0.15670	0.44706	0.05523	0.02938	0.01944	0.02251	0.02490	0.04652	0.05824	0.01458	0.01648	0.01070	0.00735	0.00675	0.00227	0.00988	0.00557	0.00382	0.01080
1	0.01667	0.01050	0.01288	0.01126	0.01457	0.01004	0.00875	0.02310	0.13408	0.15405	0.36665	0.04498	0.09491	0.01320	0.00831	0.00236	0.00467	0.01136	0.00814	0.04953
2	0.01482	0.01444	0.02578	0.62124	0.05051	0.01717	0.10874	0.02006	0.01554	0.02006	0.01374	0.02026	0.01030	0.00742	0.00777	0.00253	0.01048	0.00704	0.00343	0.00867
3	0.02797	0.02081	0.02227	0.01728	0.02319	0.02312	0.01421	0.60680	0.09110	0.04640	0.01931	0.01909	0.01379	0.00921	0.00760	0.00230	0.00814	0.00698	0.00760	0.01282
4	0.02883	0.02125	0.02276	0.01745	0.02352	0.02352	0.01442	0.66082	0.03566	0.04780	0.01821	0.01821	0.01290	0.00911	0.00759	0.00228	0.00835	0.00683	0.00759	0.01290
5	0.63764	0.01591	0.01271	0.03854	0.01691	0.05985	0.00934	0.05007	0.01495	0.03291	0.04437	0.01517	0.01173	0.00762	0.00528	0.00233	0.00652	0.00485	0.00490	0.00841
6	0.01642	0.20578	0.53817	0.01956	0.02964	0.02057	0.02444	0.02371	0.01587	0.02255	0.01288	0.01510	0.00964	0.00704	0.00665	0.00222	0.01047	0.00524	0.00321	0.01086
7	0.00924	0.00660	0.00880	0.01056	0.01100	0.00616	0.00704	0.01056	0.01452	0.01936	0.04181	0.72848	0.05017	0.02376	0.00968	0.00308	0.00440	0.02156	0.00704	0.00616
8	0.01318	0.00659	0.00988	0.00988	0.00988	0.00659	0.00659	0.00988	0.00988	0.01318	0.01318	0.02306	0.01318	0.02635	0.02964	0.77931	0.00659	0.00659	0.00329	0.00329
9	0.02728	0.02047	0.02189	0.01714	0.02293	0.02280	0.01404	0.56420	0.13481	0.04530	0.02018	0.01978	0.01450	0.00929	0.00761	0.00232	0.00798	0.00710	0.00761	0.01276
10	0.01574	0.03558	0.56786	0.02363	0.03415	0.01792	0.15063	0.02407	0.01638	0.02407	0.01395	0.01688	0.00998	0.00705	0.00755	0.00243	0.01152	0.00626	0.00333	0.01102
11	0.00920	0.00769	0.00802	0.00794	0.01039	0.00651	0.00595	0.01135	0.01786	0.02184	0.15899	0.07078	0.60005	0.01871	0.00896	0.00254	0.00381	0.01570	0.00722	0.00651
12	0.01414	0.00707	0.00707	0.00707	0.00884	0.00707	0.00530	0.01767	0.01591	0.02828	0.02474	0.02828	0.01944	0.00884	0.00530	0.00177	0.00353	0.00707	0.77554	0.00707
13	0.07116	0.02038	0.02166	0.01664	0.02267	0.02231	0.01372	0.58422	0.03312	0.04557	0.01748	0.01772	0.01253	0.00877	0.00730	0.00221	0.00803	0.00653	0.00723	0.06075

[dist]
# distance from previous block
# <min> <max>
0	1

[block]
# block no. 2 follows, 26 sequences, length 8
# corresponding to MSA columns:
# 41-48
name=unknown_C
#
# <colnr> <probs for GDERKNQSTAVLIFYWHMCP>
#	G	D	E	R	K	N	Q	S	T	A	V	L	I	F	Y	W	H	M	C	P
0	0.23404	0.07129	0.05842	0.01689	0.05344	0.06966	0.01383	0.33104	0.02505	0.03745	0.01468	0.01577	0.01095	0.00805	0.00653	0.00223	0.00822	0.00568	0.00580	0.01097
1	0.00924	0.00660	0.00880	0.01056	0.01100	0.00616	0.00704	0.01056	0.01452	0.01936	0.04181	0.72848	0.05017	0.02376	0.00968	0.00308	0.00440	0.02156	0.00704	0.00616
2	0.01774	0.01342	0.01593	0.01148	0.01813	0.01023	0.00923	0.02106	0.01639	0.09797	0.01529	0.01684	0.01206	0.00603	0.00584	0.00126	0.00571	0.00484	0.00503	0.69554
3	0.15792	0.05198	0.31452	0.01865	0.02638	0.08436	0.07100	0.09366	0.01862	0.02814	0.05527	0.01814	0.01377	0.00787	0.00693	0.00232	0.00971	0.00613	0.00440	0.01024
4	0.04731	0.01244	0.01841	0.01471	0.01884	0.01176	0.11635	0.02030	0.05186	0.08324	0.24493	0.06857	0.06180	0.01151	0.00883	0.00228	0.04199	0.01020	0.00644	0.14825
5	0.04313	0.02004	0.08920	0.11654	0.03425	0.05983	0.33930	0.02206	0.01678	0.02290	0.01708	0.09327	0.01493	0.00874	0.00879	0.00251	0.03391	0.00900	0.00410	0.04364
6	0.02128	0.08997	0.17326	0.01517	0.02196	0.01583	0.01485	0.05816	0.12235	0.18766	0.06203	0.02255	0.01828	0.00850	0.00703	0.00212	0.00740	0.00680	0.00616	0.13864
7	0.08712	0.02788	0.34705	0.02222	0.03064	0.01766	0.18865	0.02395	0.01620	0.05882	0.01436	0.01737	0.01055	0.00743	0.00861	0.00244	0.05998	0.00647	0.00389	0.04870

[dist]
# distance from previous block
# <min> <max>
1	9

[block]
# block no. 3 follows, 26 sequences, length 12
# corresponding to MSA columns:
# 58-69
name=unknown_D
#
# <colnr> <probs for GDERKNQSTAVLIFYWHMCP>
#	G	D	E	R	K	N	Q	S	T	A	V	L	I	F	Y	W	H	M	C	P
0	0.10741	0.10117	0.06483	0.01828	0.07763	0.18423	0.01433	0.13773	0.02122	0.07567	0.04486	0.02085	0.01528	0.00861	0.00685	0.00215	0.00903	0.03430	0.00527	0.05031
1	0.13782	0.05704	0.11859	0.01512	0.02117	0.01802	0.01384	0.10322	0.24751	0.10991	0.02147	0.02094	0.01570	0.00859	0.00687	0.00231	0.00716	0.00664	0.00633	0.06176
2	0.01668	0.28345	0.26357	0.04830	0.02728	0.02095	0.10536	0.02185	0.01585	0.02110	0.01596	0.09676	0.01456	0.00874	0.00690	0.00223	0.00948	0.00737	0.00375	0.00985
3	0.01103	0.00735	0.00827	0.00827	0.00827	0.00735	0.00460	0.01103	0.01103	0.01471	0.02390	0.04964	0.02758	0.73343	0.03861	0.00735	0.00735	0.01103	0.00460	0.00460
4	0.05654	0.01602	0.02042	0.08651	0.11459	0.01823	0.04007	0.03227	0.39957	0.02837	0.02472	0.02713	0.01946	0.00986	0.00853	0.00259	0.04176	0.03616	0.00621	0.01100
5	0.02028	0.73799	0.03975	0.01298	0.01947	0.03001	0.01298	0.02271	0.01541	0.01785	0.01055	0.01217	0.00973	0.00649	0.00487	0.00162	0.00811	0.00406	0.00324	0.00973
6	0.02779	0.02024	0.02165	0.01671	0.02248	0.02235	0.01377	0.61502	0.03426	0.04641	0.01868	0.01893	0.01337	0.00909	0.00743	0.00224	0.00800	0.00685	0.06228	0.01248
7	0.01103	0.00735	0.00827	0.00827	0.00827	0.00735	0.00460	0.01103	0.01103	0.01471	0.02390	0.04964	0.02758	0.73343	0.03861	0.00735	0.00735	0.01103	0.00460	0.00460
8	0.01654	0.02105	0.12843	0.08709	0.03481	0.01882	0.36482	0.02213	0.01598	0.02239	0.01435	0.01976	0.01133	0.01099	0.05561	0.00328	0.13149	0.00785	0.00363	0.00966
9	0.01573	0.01348	0.01573	0.01123	0.01798	0.01011	0.00899	0.01910	0.01573	0.02472	0.01348	0.01573	0.01123	0.00562	0.00562	0.00112	0.00562	0.00449	0.00449	0.77980
10	0.08981	0.01667	0.06365	0.05122	0.02379	0.01492	0.09064	0.09427	0.07450	0.22460	0.05271	0.02251	0.01716	0.00838	0.00727	0.00222	0.00755	0.00714	0.00651	0.12448
11	0.08743	0.01677	0.06554	0.01495	0.01993	0.01629	0.01279	0.11031	0.19344	0.20390	0.04806	0.04958	0.01975	0.01015	0.00877	0.00246	0.06276	0.00787	0.00708	0.04216

[dist]
# distance from previous block
# <min> <max>
7	17

[block]
# block no. 4 follows, 26 sequences, length 64
# corresponding to MSA columns:
# 88-151
name=unknown_E
#
# <colnr> <probs for GDERKNQSTAVLIFYWHMCP>
#	G	D	E	R	K	N	Q	S	T	A	V	L	I	F	Y	W	H	M	C	P
0	0.02604	0.01714	0.01930	0.01497	0.02063	0.01761	0.01217	0.35199	0.07480	0.17360	0.02287	0.02298	0.03565	0.03558	0.00850	0.00234	0.00722	0.00722	0.00740	0.12199
1	0.02321	0.01810	0.01928	0.01506	0.02082	0.04346	0.01215	0.33225	0.09828	0.05747	0.01928	0.04713	0.01510	0.00875	0.00707	0.00199	0.00726	0.00687	0.00658	0.23988
2	0.06891	0.04946	0.01782	0.04222	0.01885	0.01675	0.01123	0.23726	0.04759	0.05589	0.02109	0.10983	0.01974	0.13658	0.01407	0.00326	0.05939	0.00899	0.00602	0.05504
3	0.05635	0.01688	0.01943	0.03938	0.02155	0.04970	0.01284	0.22346	0.05106	0.31624	0.04589	0.02275	0.01727	0.00962	0.00879	0.00239	0.05968	0.00727	0.00765	0.01180
4	0.01863	0.04069	0.02390	0.04925	0.19989	0.03756	0.08639	0.02326	0.04405	0.08677	0.04506	0.02285	0.04718	0.00777	0.00715	0.00197	0.00778	0.00705	0.00498	0.23783
5	0.01318	0.00659	0.00988	0.00988	0.00988	0.00659	0.00659	0.00988	0.00988	0.01318	0.01318	0.02306	0.01318	0.02635	0.02964	0.77931	0.00659	0.00659	0.00329	0.00329
6	0.01890	0.03279	0.51926	0.02213	0.08219	0.01648	0.02460	0.02630	0.01714	0.14470	0.01661	0.01800	0.01146	0.00757	0.00731	0.00238	0.01018	0.00606	0.00436	0.01158
7	0.01567	0.01348	0.01604	0.04262	0.01950	0.01041	0.00953	0.01911	0.01570	0.02448	0.01348	0.01593	0.01118	0.00570	0.00570	0.00119	0.00582	0.00459	0.00444	0.74541
8	0.01187	0.00848	0.01182	0.01357	0.01516	0.00843	0.01161	0.01511	0.01711	0.02231	0.04035	0.16139	0.04442	0.02128	0.01038	0.00344	0.00668	0.56270	0.00699	0.00689
9	0.02250	0.02904	0.43221	0.01847	0.02762	0.01511	0.02149	0.02903	0.01822	0.28238	0.01993	0.01981	0.01316	0.00805	0.00737	0.00238	0.00937	0.00639	0.00560	0.01187
10	0.02028	0.73799	0.03975	0.01298	0.01947	0.03001	0.01298	0.02271	0.01541	0.01785	0.01055	0.01217	0.00973	0.00649	0.00487	0.00162	0.00811	0.00406	0.00324	0.00973
11	0.02883	0.02125	0.02276	0.01745	0.02352	0.02352	0.01442	0.66082	0.03566	0.04780	0.01821	0.01821	0.01290	0.00911	0.00759	0.00228	0.00835	0.00683	0.00759	0.01290
12	0.01846	0.20948	0.46035	0.01862	0.02809	0.02000	0.02251	0.02507	0.01647	0.09325	0.01458	0.01610	0.01061	0.00726	0.00667	0.00220	0.00994	0.00544	0.00387	0.01102
13	0.01237	0.01001	0.01112	0.01056	0.01290	0.03581	0.00807	0.04189	0.06686	0.02770	0.38871	0.08271	0.19417	0.01602	0.00884	0.00251	0.00463	0.04983	0.00769	0.00758
14	0.01084	0.00813	0.01219	0.01219	0.01354	0.00948	0.00948	0.01354	0.01219	0.01761	0.02032	0.02980	0.01896	0.05689	0.70337	0.01219	0.02032	0.00813	0.00406	0.00677
15	0.00899	0.00760	0.00777	0.00791	0.01031	0.00638	0.00586	0.01086	0.01707	0.02040	0.07406	0.12497	0.63286	0.01957	0.00902	0.00260	0.00389	0.01645	0.00704	0.00638
16	0.03403	0.01291	0.01760	0.01350	0.01936	0.01115	0.01115	0.03697	0.02171	0.69137	0.02992	0.02582	0.01878	0.00939	0.00763	0.00235	0.00645	0.00763	0.00939	0.01291
17	0.05522	0.01996	0.02115	0.01675	0.02239	0.02230	0.01368	0.50657	0.16849	0.04391	0.02058	0.02011	0.01488	0.00928	0.00751	0.00234	0.00776	0.00709	0.00751	0.01254
18	0.00924	0.00660	0.00880	0.01056	0.01100	0.00616	0.00704	0.01056	0.01452	0.01936	0.04181	0.72848	0.05017	0.02376	0.00968	0.00308	0.00440	0.02156	0.00704	0.00616
19	0.01521	0.03923	0.69413	0.02162	0.03283	0.01762	0.02802	0.02402	0.01601	0.02402	0.01361	0.01601	0.00961	0.00721	0.00721	0.00240	0.01121	0.00560	0.00320	0.01121
20	0.02797	0.03538	0.02133	0.01938	0.02330	0.67647	0.01455	0.03068	0.04672	0.01907	0.01247	0.01425	0.01029	0.00791	0.00687	0.00198	0.01338	0.00503	0.00406	0.00892
21	0.01432	0.01348	0.02275	0.71520	0.05224	0.01685	0.02107	0.01938	0.01517	0.01938	0.01348	0.02022	0.01011	0.00758	0.00758	0.00253	0.01011	0.00674	0.00337	0.00843
22	0.00924	0.00660	0.00880	0.01056	0.01100	0.00616	0.00704	0.01056	0.01452	0.01936	0.04181	0.72848	0.05017	0.02376	0.00968	0.00308	0.00440	0.02156	0.00704	0.00616
23	0.01765	0.01687	0.02875	0.21603	0.52546	0.01773	0.02272	0.02229	0.01674	0.02341	0.01407	0.01914	0.01153	0.00697	0.00753	0.00232	0.00929	0.00675	0.00366	0.01111
24	0.01659	0.01580	0.02685	0.37412	0.37559	0.01745	0.02219	0.02137	0.01624	0.02213	0.01388	0.01948	0.01108	0.00716	0.00755	0.00239	0.00955	0.00675	0.00357	0.01026
25	0.00904	0.00739	0.00799	0.00847	0.01045	0.00634	0.00611	0.01080	0.01653	0.02018	0.06729	0.25168	0.51052	0.02045	0.00916	0.00270	0.00399	0.01752	0.00704	0.00634
26	0.01877	0.01802	0.03079	0.04656	0.68612	0.01802	0.02328	0.02328	0.01727	0.02478	0.01427	0.01877	0.01201	0.00676	0.00751	0.00225	0.00901	0.00676	0.00375	0.01201
27	0.78701	0.01467	0.01115	0.00997	0.01467	0.01702	0.00821	0.02230	0.01291	0.03403	0.01056	0.01232	0.00821	0.00704	0.00469	0.00235	0.00587	0.00411	0.00469	0.00821
28	0.01683	0.01869	0.03975	0.02902	0.03556	0.01779	0.55897	0.02246	0.01728	0.02350	0.01828	0.10384	0.01601	0.00869	0.00960	0.00265	0.03684	0.01036	0.00420	0.00968
29	0.02671	0.01992	0.02128	0.01673	0.02236	0.02216	0.01369	0.53929	0.13392	0.04454	0.02043	0.02017	0.01475	0.00928	0.00752	0.00230	0.00779	0.00711	0.03750	0.01253
30	0.05142	0.02101	0.02483	0.01916	0.02488	0.08387	0.12987	0.39353	0.05368	0.03830	0.01781	0.01914	0.01308	0.00845	0.00750	0.00227	0.00911	0.00703	0.06365	0.01141
31	0.01804	0.40741	0.32099	0.01680	0.02524	0.02421	0.01943	0.02399	0.04233	0.02107	0.01269	0.01448	0.01022	0.00695	0.00599	0.00200	0.00936	0.00491	0.00341	0.01046
32	0.01074	0.00775	0.01014	0.00954	0.01133	0.00716	0.00716	0.01431	0.02147	0.03042	0.68211	0.05666	0.07157	0.01551	0.00895	0.00239	0.00358	0.01372	0.00835	0.00716
33	0.01887	0.01629	0.01715	0.01544	0.01972	0.01887	0.01201	0.04031	0.67241	0.03173	0.03087	0.02830	0.02315	0.01029	0.00772	0.00257	0.00600	0.00858	0.00772	0.01201
34	0.02883	0.02125	0.02276	0.01745	0.02352	0.02352	0.01442	0.66082	0.03566	0.04780	0.01821	0.01821	0.01290	0.00911	0.00759	0.00228	0.00835	0.00683	0.00759	0.01290
35	0.01495	0.01437	0.02503	0.60991	0.10361	0.01712	0.06802	0.02006	0.01554	0.02019	0.01368	0.02012	0.01037	0.00743	0.00768	0.00251	0.01022	0.00690	0.00344	0.00885
36	0.01814	0.44348	0.31555	0.01662	0.02510	0.02479	0.01932	0.02326	0.01567	0.02045	0.01184	0.01379	0.00968	0.00679	0.00585	0.00195	0.00942	0.00471	0.00323	0.01036
37	0.01186	0.00861	0.01171	0.01326	0.01510	0.00847	0.01149	0.01517	0.01744	0.02245	0.04430	0.08414	0.11578	0.02076	0.01031	0.00339	0.00663	0.56523	0.00699	0.00692
38	0.00924	0.00660	0.00880	0.01056	0.01100	0.00616	0.00704	0.01056	0.01452	0.01936	0.04181	0.72848	0.05017	0.02376	0.00968	0.00308	0.00440	0.02156	0.00704	0.00616
39	0.01419	0.01300	0.02145	0.62778	0.04733	0.01618	0.01958	0.01890	0.01505	0.01977	0.01505	0.04922	0.01218	0.00850	0.00818	0.00254	0.03484	0.00735	0.04065	0.00826
40	0.02703	0.02035	0.02175	0.01709	0.02284	0.02268	0.01398	0.54867	0.15075	0.04490	0.02050	0.02003	0.01475	0.00932	0.00761	0.00233	0.00792	0.00714	0.00761	0.01274
41	0.00924	0.00660	0.00880	0.01056	0.01100	0.00616	0.00704	0.01056	0.01452	0.01936	0.04181	0.72848	0.05017	0.02376	0.00968	0.00308	0.00440	0.02156	0.00704	0.00616
42	0.02883	0.02125	0.02276	0.01745	0.02352	0.02352	0.01442	0.66082	0.03566	0.04780	0.01821	0.01821	0.01290	0.00911	0.00759	0.00228	0.00835	0.00683	0.00759	0.01290
43	0.01790	0.02046	0.04476	0.03197	0.03964	0.01918	0.65857	0.02430	0.01790	0.02430	0.01535	0.02046	0.01151	0.00639	0.00895	0.00256	0.01279	0.00895	0.00384	0.01023
44	0.03310	0.01270	0.01730	0.01334	0.01904	0.01099	0.01099	0.03606	0.02170	0.66488	0.05606	0.02705	0.02089	0.00963	0.00768	0.00235	0.00634	0.00787	0.00935	0.01268
45	0.01851	0.01775	0.03031	0.08615	0.64858	0.01795	0.02315	0.02305	0.01715	0.02446	0.01422	0.01886	0.01190	0.00681	0.00751	0.00227	0.00908	0.00676	0.00373	0.01180
46	0.01877	0.01802	0.03079	0.04656	0.68612	0.01802	0.02328	0.02328	0.01727	0.02478	0.01427	0.01877	0.01201	0.00676	0.00751	0.00225	0.00901	0.00676	0.00375	0.01201
47	0.01521	0.03923	0.69413	0.02162	0.03283	0.01762	0.02802	0.02402	0.01601	0.02402	0.01361	0.01601	0.00961	0.00721	0.00721	0.00240	0.01121	0.00560	0.00320	0.01121
48	0.01414	0.00707	0.00707	0.00707	0.00884	0.00707	0.00530	0.01767	0.01591	0.02828	0.02474	0.02828	0.01944	0.00884	0.00530	0.00177	0.00353	0.00707	0.77554	0.00707
49	0.01318	0.00659	0.00988	0.00988	0.00988	0.00659	0.00659	0.00988	0.00988	0.01318	0.01318	0.02306	0.01318	0.02635	0.02964	0.77931	0.00659	0.00659	0.00329	0.00329
50	0.02028	0.73799	0.03975	0.01298	0.01947	0.03001	0.01298	0.02271	0.01541	0.01785	0.01055	0.01217	0.00973	0.00649	0.00487	0.00162	0.00811	0.00406	0.00324	0.00973
51	0.01432	0.01348	0.02275	0.71520	0.05224	0.01685	0.02107	0.01938	0.01517	0.01938	0.01348	0.02022	0.01011	0.00758	0.00758	0.00253	0.01011	0.00674	0.00337	0.00843
52	0.01103	0.00735	0.00827	0.00827	0.00827	0.00735	0.00460	0.01103	0.01103	0.01471	0.02390	0.04964	0.02758	0.73343	0.03861	0.00735	0.00735	0.01103	0.00460	0.00460
53	0.00924	0.00660	0.00880	0.01056	0.01100	0.00616	0.00704	0.01056	0.01452	0.01936	0.04181	0.72848	0.05017	0.02376	0.00968	0.00308	0.00440	0.02156	0.00704	0.00616
54	0.01667	0.01682	0.02451	0.02063	0.02108	0.02299	0.05461	0.01861	0.01199	0.01861	0.01028	0.01682	0.01005	0.01287	0.02395	0.00327	0.67770	0.00677	0.00335	0.00841
55	0.02028	0.73799	0.03975	0.01298	0.01947	0.03001	0.01298	0.02271	0.01541	0.01785	0.01055	0.01217	0.00973	0.00649	0.00487	0.00162	0.00811	0.00406	0.00324	0.00973
56	0.03023	0.01492	0.05754	0.01409	0.01994	0.01256	0.01216	0.08754	0.04572	0.52530	0.07585	0.02694	0.02176	0.00972	0.00770	0.00236	0.00667	0.00792	0.00873	0.01235
57	0.01758	0.01943	0.04019	0.02887	0.03606	0.01827	0.54876	0.02337	0.01734	0.02406	0.01486	0.01970	0.01140	0.00663	0.00931	0.00242	0.04591	0.00830	0.00389	0.10366
58	0.07697	0.01550	0.01655	0.01430	0.01894	0.01702	0.01129	0.08131	0.43200	0.10809	0.03023	0.02814	0.05930	0.01016	0.00745	0.00244	0.00607	0.00825	0.00748	0.04849
59	0.02883	0.02125	0.02276	0.01745	0.02352	0.02352	0.01442	0.66082	0.03566	0.04780	0.01821	0.01821	0.01290	0.00911	0.00759	0.00228	0.00835	0.00683	0.00759	0.01290
60	0.01613	0.16553	0.57586	0.02006	0.03041	0.01986	0.02531	0.02378	0.01591	0.02290	0.01306	0.01532	0.00963	0.00708	0.00678	0.00226	0.01065	0.00532	0.00321	0.01094
61	0.01108	0.00804	0.01013	0.01099	0.01212	0.00768	0.00756	0.05871	0.01596	0.02148	0.03785	0.60940	0.04447	0.05594	0.01072	0.00313	0.00489	0.01915	0.00684	0.04383
62	0.01103	0.00735	0.00827	0.00827	0.00827	0.00735	0.00460	0.01103	0.01103	0.01471	0.02390	0.04964	0.02758	0.73343	0.03861	0.00735	0.00735	0.01103	0.00460	0.00460
63	0.01738	0.01956	0.04237	0.03052	0.03773	0.01847	0.61094	0.02351	0.01748	0.02381	0.01571	0.02115	0.01206	0.01010	0.05990	0.00326	0.01334	0.00889	0.00385	0.00998

[dist]
# distance from previous block
# <min> <max>
1	2

[block]
# block no. 5 follows, 26 sequences, length 46
# corresponding to MSA columns:
# 154-199
name=unknown_F
#
# <colnr> <probs for GDERKNQSTAVLIFYWHMCP>
#	G	D	E	R	K	N	Q	S	T	A	V	L	I	F	Y	W	H	M	C	P
0	0.50930	0.06616	0.01607	0.01233	0.01734	0.04790	0.01021	0.13963	0.06600	0.03461	0.01349	0.01461	0.01033	0.00765	0.00554	0.00228	0.00681	0.00496	0.00531	0.00947
1	0.02095	0.55109	0.11042	0.01496	0.02158	0.13259	0.01493	0.02403	0.01642	0.01865	0.01107	0.01283	0.00973	0.00677	0.00543	0.00176	0.00932	0.00436	0.00334	0.00975
2	0.01096	0.00786	0.01019	0.01143	0.01261	0.00762	0.00888	0.01311	0.01551	0.02015	0.04114	0.22930	0.10696	0.15852	0.01555	0.00404	0.00613	0.30723	0.00654	0.00627
3	0.02028	0.73799	0.03975	0.01298	0.01947	0.03001	0.01298	0.02271	0.01541	0.01785	0.01055	0.01217	0.00973	0.00649	0.00487	0.00162	0.00811	0.00406	0.00324	0.00973
4	0.01646	0.02960	0.37013	0.02586	0.03527	0.01800	0.31321	0.02393	0.01686	0.02418	0.01439	0.01802	0.01054	0.00677	0.00793	0.00242	0.01168	0.00707	0.00355	0.04413
5	0.09335	0.02069	0.02178	0.01682	0.02277	0.02297	0.01389	0.60649	0.03373	0.04663	0.01756	0.01771	0.01250	0.00893	0.00734	0.00228	0.00814	0.00660	0.00734	0.01250
6	0.03403	0.01291	0.01760	0.01350	0.01936	0.01115	0.01115	0.03697	0.02171	0.69137	0.02992	0.02582	0.01878	0.00939	0.00763	0.00235	0.00645	0.00763	0.00939	0.01291
7	0.00939	0.00687	0.00865	0.00992	0.01070	0.00633	0.00668	0.01080	0.01497	0.01965	0.07250	0.55248	0.14406	0.07487	0.01167	0.00329	0.00450	0.01963	0.00692	0.00612
8	0.01546	0.07362	0.66193	0.02119	0.03217	0.01823	0.02728	0.02396	0.01598	0.02372	0.01346	0.01582	0.00961	0.00717	0.00709	0.00236	0.01106	0.00553	0.00320	0.01114
9	0.01754	0.01863	0.02913	0.02324	0.02557	0.05555	0.19482	0.02052	0.01385	0.01995	0.01154	0.01753	0.01038	0.01110	0.01958	0.00304	0.48850	0.00719	0.00349	0.00886
10	0.01031	0.00705	0.00849	0.00920	0.00938	0.00687	0.00558	0.01084	0.01244	0.01659	0.03114	0.32409	0.03671	0.44652	0.02691	0.00563	0.00616	0.01529	0.00558	0.00523
11	0.01877	0.01802	0.03079	0.04656	0.68612	0.01802	0.02328	0.02328	0.01727	0.02478	0.01427	0.01877	0.01201	0.00676	0.00751	0.00225	0.00901	0.00676	0.00375	0.01201
12	0.01432	0.01348	0.02275	0.71520	0.05224	0.01685	0.02107	0.01938	0.01517	0.01938	0.01348	0.02022	0.01011	0.00758	0.00758	0.00253	0.01011	0.00674	0.00337	0.00843
13	0.01318	0.00659	0.00988	0.00988	0.00988	0.00659	0.00659	0.00988	0.00988	0.01318	0.01318	0.02306	0.01318	0.02635	0.02964	0.77931	0.00659	0.00659	0.00329	0.00329
14	0.00924	0.00660	0.00880	0.01056	0.01100	0.00616	0.00704	0.01056	0.01452	0.01936	0.04181	0.72848	0.05017	0.02376	0.00968	0.00308	0.00440	0.02156	0.00704	0.00616
15	0.01469	0.01267	0.01796	0.01444	0.01850	0.01217	0.13147	0.13620	0.02156	0.02800	0.15477	0.05001	0.32799	0.01426	0.00870	0.00248	0.00634	0.01256	0.00675	0.00848
16	0.01573	0.01348	0.01573	0.01123	0.01798	0.01011	0.00899	0.01910	0.01573	0.02472	0.01348	0.01573	0.01123	0.00562	0.00562	0.00112	0.00562	0.00449	0.00449	0.77980
17	0.01521	0.03923	0.69413	0.02162	0.03283	0.01762	0.02802	0.02402	0.01601	0.02402	0.01361	0.01601	0.00961	0.00721	0.00721	0.00240	0.01121	0.00560	0.00320	0.01121
18	0.01794	0.01717	0.02928	0.17227	0.56693	0.01780	0.02286	0.02255	0.01688	0.02376	0.01412	0.01905	0.01166	0.00691	0.00752	0.00230	0.00922	0.00675	0.00368	0.01134
19	0.01074	0.00775	0.01014	0.00954	0.01133	0.00716	0.00716	0.01431	0.02147	0.03042	0.68211	0.05666	0.07157	0.01551	0.00895	0.00239	0.00358	0.01372	0.00835	0.00716
20	0.03403	0.01291	0.01760	0.01350	0.01936	0.01115	0.01115	0.03697	0.02171	0.69137	0.02992	0.02582	0.01878	0.00939	0.00763	0.00235	0.00645	0.00763	0.00939	0.01291
21	0.00907	0.00769	0.00783	0.00780	0.01031	0.00645	0.00585	0.01110	0.01755	0.02110	0.11402	0.07199	0.64547	0.01898	0.00896	0.00255	0.00383	0.01587	0.00712	0.00645
22	0.02874	0.02405	0.02252	0.01785	0.02351	0.15157	0.01446	0.54200	0.03299	0.04229	0.01699	0.01736	0.01231	0.00886	0.00745	0.00222	0.00935	0.00646	0.00689	0.01213
23	0.03292	0.01316	0.01757	0.01364	0.01939	0.01172	0.01121	0.03721	0.06951	0.64291	0.02999	0.02600	0.01910	0.00945	0.00763	0.00236	0.00642	0.00770	0.00927	0.01284
24	0.01521	0.03923	0.69413	0.02162	0.03283	0.01762	0.02802	0.02402	0.01601	0.02402	0.01361	0.01601	0.00961	0.00721	0.00721	0.00240	0.01121	0.00560	0.00320	0.01121
25	0.01521	0.03923	0.69413	0.02162	0.03283	0.01762	0.02802	0.02402	0.01601	0.02402	0.01361	0.01601	0.00961	0.00721	0.00721	0.00240	0.01121	0.00560	0.00320	0.01121
26	0.00924	0.00660	0.00880	0.01056	0.01100	0.00616	0.00704	0.01056	0.01452	0.01936	0.04181	0.72848	0.05017	0.02376	0.00968	0.00308	0.00440	0.02156	0.00704	0.00616
27	0.01536	0.03821	0.65853	0.02219	0.03320	0.01770	0.06260	0.02404	0.01612	0.02404	0.01371	0.01626	0.00971	0.00716	0.00730	0.00241	0.01130	0.00579	0.00324	0.01116
28	0.01084	0.00809	0.01203	0.01203	0.01333	0.00939	0.00928	0.01344	0.01214	0.01749	0.02047	0.03062	0.01932	0.08502	0.67573	0.01199	0.01978	0.00825	0.00409	0.00668
29	0.00924	0.00660	0.00880	0.01056	0.01100	0.00616	0.00704	0.01056	0.01452	0.01936	0.04181	0.72848	0.05017	0.02376	0.00968	0.00308	0.00440	0.02156	0.00704	0.00616
30	0.00924	0.00660	0.00880	0.01056	0.01100	0.00616	0.00704	0.01056	0.01452	0.01936	0.04181	0.72848	0.05017	0.02376	0.00968	0.00308	0.00440	0.02156	0.00704	0.00616
31	0.01244	0.01061	0.01618	0.36135	0.03176	0.01223	0.01408	0.01661	0.04576	0.02029	0.06521	0.25202	0.02862	0.06670	0.01062	0.00305	0.00748	0.01232	0.00515	0.00751
32	0.01573	0.01348	0.01573	0.01123	0.01798	0.01011	0.00899	0.01910	0.01573	0.02472	0.01348	0.01573	0.01123	0.00562	0.00562	0.00112	0.00562	0.00449	0.00449	0.77980
33	0.08156	0.02142	0.05828	0.01857	0.06346	0.05315	0.01480	0.41820	0.10218	0.04010	0.01811	0.01853	0.01327	0.00866	0.00726	0.00227	0.00825	0.00658	0.00663	0.03870
34	0.01650	0.01995	0.09923	0.08877	0.06003	0.01833	0.37650	0.02189	0.01631	0.02263	0.01628	0.07441	0.01401	0.00890	0.01089	0.00267	0.11014	0.00900	0.00391	0.00965
35	0.09267	0.04865	0.02134	0.06909	0.04704	0.24574	0.01420	0.21997	0.07608	0.03046	0.01540	0.01682	0.01184	0.00812	0.00689	0.00213	0.00969	0.00585	0.00537	0.05264
36	0.01805	0.02145	0.13710	0.19721	0.18943	0.04651	0.10771	0.07244	0.06280	0.02524	0.01541	0.01919	0.01179	0.00741	0.00760	0.00236	0.00998	0.00684	0.00418	0.03731
37	0.01851	0.13369	0.47460	0.01999	0.02962	0.01864	0.06246	0.02552	0.01678	0.10892	0.01538	0.01700	0.01092	0.00734	0.00704	0.00229	0.01026	0.00585	0.00404	0.01116
38	0.07555	0.01615	0.04383	0.07037	0.02426	0.01559	0.08968	0.06400	0.14554	0.09191	0.01992	0.02345	0.01560	0.00859	0.00795	0.00222	0.03841	0.03757	0.00566	0.20376
39	0.02194	0.01437	0.03925	0.01474	0.01986	0.01312	0.05870	0.06622	0.13769	0.23971	0.10596	0.03333	0.05415	0.01068	0.00788	0.00234	0.00658	0.04706	0.00745	0.09898
40	0.17873	0.07859	0.13161	0.04352	0.02594	0.01944	0.11461	0.18483	0.02118	0.10815	0.01604	0.01748	0.01153	0.00773	0.00694	0.00232	0.00881	0.00628	0.00543	0.01085
41	0.05233	0.02024	0.11116	0.01683	0.02272	0.01855	0.03502	0.25375	0.11054	0.11083	0.05198	0.02158	0.01683	0.00926	0.00869	0.00236	0.05976	0.00712	0.00651	0.06395
42	0.06885	0.17762	0.14351	0.01861	0.04392	0.18188	0.04135	0.11484	0.01978	0.02530	0.03725	0.01652	0.01249	0.00814	0.00791	0.00218	0.05979	0.00573	0.00433	0.01002
43	0.07588	0.01936	0.06781	0.05587	0.03097	0.01858	0.31654	0.10892	0.04467	0.05351	0.01625	0.01965	0.01218	0.00771	0.00906	0.00246	0.06014	0.00756	0.03289	0.03998
44	0.06204	0.01703	0.02224	0.01797	0.02305	0.01826	0.12784	0.17401	0.27641	0.03270	0.02434	0.07616	0.01991	0.01021	0.00787	0.00249	0.00764	0.02625	0.00661	0.04700
45	0.01848	0.01855	0.04938	0.04632	0.02872	0.04394	0.26736	0.04997	0.11395	0.05290	0.01874	0.05922	0.01532	0.00896	0.00994	0.00247	0.08903	0.00837	0.00494	0.09342

[dist]
# distance from previous block
# <min> <max>
3	14

[block]
# block no. 6 follows, 26 sequences, length 11
# corresponding to MSA columns:
# 214-224
name=unknown_G
#
# <colnr> <probs for GDERKNQSTAVLIFYWHMCP>
#	G	D	E	R	K	N	Q	S	T	A	V	L	I	F	Y	W	H	M	C	P
0	0.01994	0.08808	0.11942	0.01624	0.02252	0.05396	0.04503	0.11485	0.07639	0.06679	0.01706	0.04000	0.01366	0.00826	0.00791	0.00203	0.05238	0.00639	0.00515	0.22393
1	0.04999	0.17794	0.43182	0.01857	0.02757	0.06266	0.02181	0.02478	0.05118	0.02329	0.01366	0.01558	0.01036	0.00720	0.00658	0.00218	0.01005	0.00530	0.00360	0.03588
2	0.06150	0.06777	0.46758	0.02053	0.07200	0.01684	0.02278	0.02262	0.01622	0.02468	0.05016	0.02087	0.01454	0.00805	0.00709	0.00231	0.00965	0.03242	0.00385	0.05854
3	0.01855	0.40338	0.28339	0.01608	0.02408	0.02329	0.01826	0.02346	0.01625	0.05298	0.04672	0.01653	0.01326	0.00736	0.00609	0.00199	0.00897	0.00530	0.00378	0.01031
4	0.01787	0.39517	0.32650	0.01712	0.02536	0.02423	0.01977	0.02307	0.01549	0.02058	0.01186	0.01408	0.00969	0.00714	0.00689	0.00205	0.04473	0.00486	0.00323	0.01031
5	0.02448	0.01737	0.01778	0.01477	0.01951	0.09047	0.01187	0.20794	0.12331	0.17016	0.05715	0.02760	0.02063	0.01004	0.00749	0.00227	0.00732	0.04645	0.06635	0.05704
6	0.04217	0.01660	0.02318	0.01838	0.02200	0.01887	0.09256	0.12106	0.01755	0.05381	0.01469	0.04472	0.01272	0.01033	0.01453	0.00255	0.30263	0.00707	0.00472	0.15984
7	0.02646	0.06290	0.02247	0.01736	0.04327	0.04389	0.01383	0.44750	0.11449	0.07474	0.01988	0.01976	0.01443	0.00899	0.00734	0.00225	0.00796	0.00687	0.03336	0.01224
8	0.01594	0.01367	0.01582	0.01151	0.01809	0.01069	0.00919	0.02050	0.05909	0.02518	0.01463	0.01656	0.01202	0.00593	0.00576	0.00122	0.00564	0.00476	0.00471	0.72910
9	0.01554	0.08479	0.65147	0.02106	0.03196	0.01842	0.02704	0.02394	0.01597	0.02362	0.01341	0.01576	0.00962	0.00716	0.00705	0.00235	0.01101	0.00550	0.00321	0.01111
10	0.01877	0.01802	0.03079	0.04656	0.68612	0.01802	0.02328	0.02328	0.01727	0.02478	0.01427	0.01877	0.01201	0.00676	0.00751	0.00225	0.00901	0.00676	0.00375	0.01201

[dist]
# distance from previous block
# <min> <max>
0	0

# created by:
# /st0/software/busco_prod/Augustus/scripts/msa2prfl.pl ./align_prep/116198.fa
