[name]
unknown

[dist]
# distance from previous block
# <min> <max>
0	55

[block]
# block no. 0 follows, 24 sequences, length 68
# corresponding to MSA columns:
# 55-122
name=unknown_A
#
# <colnr> <probs for GDERKNQSTAVLIFYWHMCP>
#	G	D	E	R	K	N	Q	S	T	A	V	L	I	F	Y	W	H	M	C	P
0	0.01375	0.01173	0.01330	0.01219	0.01522	0.03834	0.04062	0.08074	0.04229	0.02536	0.08908	0.11822	0.34626	0.04687	0.01058	0.00296	0.00598	0.07150	0.00710	0.00791
1	0.02406	0.05421	0.02039	0.01586	0.02104	0.04711	0.01279	0.23233	0.26262	0.08822	0.05963	0.02556	0.02119	0.01001	0.00771	0.00239	0.00729	0.00796	0.03610	0.04353
2	0.01890	0.01661	0.02721	0.07511	0.47618	0.01651	0.02039	0.02316	0.01773	0.05805	0.04336	0.02335	0.01633	0.03906	0.04056	0.00300	0.00935	0.00750	0.00450	0.06312
3	0.01141	0.00804	0.01087	0.04423	0.04898	0.00788	0.00857	0.01356	0.01575	0.02232	0.06257	0.48239	0.04315	0.04871	0.01037	0.00308	0.00508	0.01778	0.12825	0.00701
4	0.02080	0.51240	0.03660	0.06187	0.02394	0.02726	0.04834	0.07746	0.01821	0.02242	0.01390	0.01836	0.01245	0.00782	0.00609	0.00195	0.00874	0.03609	0.00408	0.04120
5	0.02715	0.02050	0.02322	0.08156	0.02674	0.02309	0.01571	0.52151	0.03299	0.04423	0.01939	0.02298	0.01481	0.01027	0.00901	0.00253	0.04417	0.04041	0.00726	0.01247
6	0.01251	0.00852	0.01097	0.01052	0.01272	0.00781	0.00817	0.01598	0.02139	0.06464	0.48174	0.06335	0.14355	0.01705	0.00948	0.00266	0.00438	0.08844	0.00844	0.00769
7	0.00975	0.00694	0.00918	0.01093	0.01137	0.00650	0.00725	0.01106	0.01502	0.02002	0.04286	0.68607	0.05138	0.05637	0.01149	0.00342	0.00474	0.02204	0.00725	0.00637
8	0.01001	0.00715	0.00960	0.01144	0.01205	0.00674	0.00796	0.01164	0.01552	0.02063	0.04352	0.64671	0.05169	0.02452	0.01021	0.00327	0.00490	0.08857	0.00735	0.00654
9	0.02060	0.01580	0.01736	0.01352	0.01970	0.04448	0.01074	0.02840	0.16745	0.12179	0.02075	0.02095	0.01573	0.00769	0.00675	0.00175	0.00649	0.00619	0.00620	0.44767
10	0.01741	0.01799	0.03464	0.27774	0.15011	0.01854	0.28600	0.02311	0.01747	0.02364	0.01506	0.02078	0.01158	0.00716	0.00843	0.00254	0.01136	0.00793	0.00385	0.04468
11	0.01900	0.01821	0.03106	0.13610	0.58928	0.01868	0.02403	0.02379	0.01776	0.02515	0.01481	0.01983	0.01229	0.00718	0.00786	0.00239	0.00957	0.00706	0.00387	0.01206
12	0.01931	0.01852	0.03162	0.09312	0.62987	0.01876	0.02418	0.02406	0.01791	0.02552	0.01486	0.01973	0.01243	0.00712	0.00786	0.00237	0.00950	0.00706	0.00390	0.01231
13	0.01153	0.00769	0.00865	0.00865	0.00865	0.00769	0.00480	0.01153	0.01153	0.01538	0.02499	0.05189	0.02883	0.72131	0.04036	0.00769	0.00769	0.01153	0.00480	0.00480
14	0.00938	0.00798	0.00808	0.00816	0.01075	0.00668	0.00608	0.01137	0.01795	0.02137	0.07874	0.10414	0.64184	0.02029	0.00940	0.00270	0.00404	0.01699	0.00736	0.00668
15	0.01135	0.00840	0.01228	0.01228	0.01354	0.00966	0.00934	0.01386	0.01261	0.01807	0.02166	0.03349	0.02084	0.13420	0.61655	0.01217	0.01971	0.00884	0.00431	0.00682
16	0.01818	0.01874	0.02417	0.02079	0.02107	0.06953	0.01721	0.01994	0.01285	0.01911	0.01054	0.01714	0.01040	0.01349	0.02474	0.00337	0.65970	0.00682	0.00351	0.00871
17	0.01133	0.00850	0.01274	0.01274	0.01416	0.00991	0.00991	0.01416	0.01274	0.01841	0.02124	0.03115	0.01982	0.05947	0.68989	0.01274	0.02124	0.00850	0.00425	0.00708
18	0.01963	0.01884	0.03219	0.04867	0.67185	0.01884	0.02434	0.02434	0.01806	0.02591	0.01492	0.01963	0.01256	0.00707	0.00785	0.00236	0.00942	0.00707	0.00393	0.01256
19	0.02962	0.03779	0.02247	0.02043	0.02451	0.68948	0.01532	0.03166	0.02247	0.01941	0.01226	0.01430	0.01021	0.00817	0.00715	0.00204	0.01430	0.00511	0.00409	0.00919
20	0.01172	0.00841	0.01138	0.01208	0.01377	0.00807	0.00974	0.01516	0.01985	0.02706	0.33058	0.14494	0.05984	0.01961	0.01012	0.00307	0.00536	0.27400	0.00797	0.00729
21	0.01498	0.01409	0.02378	0.70226	0.05462	0.01762	0.02202	0.02026	0.01586	0.02026	0.01409	0.02114	0.01057	0.00793	0.00793	0.00264	0.01057	0.00705	0.00352	0.00881
22	0.01377	0.00689	0.01033	0.01033	0.01033	0.00689	0.00689	0.01033	0.01033	0.01377	0.01377	0.02410	0.01377	0.02755	0.03099	0.76928	0.00689	0.00689	0.00344	0.00344
23	0.03558	0.01350	0.01840	0.01411	0.02024	0.01166	0.01166	0.03865	0.02270	0.67734	0.03128	0.02699	0.01963	0.00981	0.00797	0.00245	0.00675	0.00797	0.00981	0.01350
24	0.01606	0.01520	0.02575	0.54940	0.19897	0.01790	0.02256	0.02121	0.01637	0.02158	0.01429	0.02079	0.01104	0.00773	0.00791	0.00258	0.01030	0.00705	0.00362	0.00969
25	0.77733	0.01534	0.01166	0.01043	0.01534	0.01779	0.00859	0.02331	0.01350	0.03558	0.01104	0.01288	0.00859	0.00736	0.00491	0.00245	0.00613	0.00429	0.00491	0.00859
26	0.01498	0.01409	0.02378	0.70226	0.05462	0.01762	0.02202	0.02026	0.01586	0.02026	0.01409	0.02114	0.01057	0.00793	0.00793	0.00264	0.01057	0.00705	0.00352	0.00881
27	0.01870	0.01790	0.01892	0.01674	0.01799	0.13387	0.01347	0.02107	0.01526	0.02227	0.01535	0.02047	0.01334	0.01151	0.01665	0.00274	0.37730	0.00676	0.23130	0.00838
28	0.01590	0.04102	0.68023	0.02260	0.03432	0.01842	0.02930	0.02511	0.01674	0.02511	0.01423	0.01674	0.01005	0.00753	0.00753	0.00251	0.01172	0.00586	0.00335	0.01172
29	0.01972	0.01703	0.01793	0.01614	0.02062	0.01972	0.01255	0.04214	0.65752	0.03317	0.03228	0.02959	0.02421	0.01076	0.00807	0.00269	0.00628	0.00897	0.00807	0.01255
30	0.01133	0.00850	0.01274	0.01274	0.01416	0.00991	0.00991	0.01416	0.01274	0.01841	0.02124	0.03115	0.01982	0.05947	0.68989	0.01274	0.02124	0.00850	0.00425	0.00708
31	0.00966	0.00690	0.00920	0.01104	0.01150	0.00644	0.00736	0.01104	0.01518	0.02024	0.04371	0.71614	0.05245	0.02484	0.01012	0.00322	0.00460	0.02254	0.00736	0.00644
32	0.01478	0.00739	0.00739	0.00739	0.00924	0.00739	0.00554	0.01848	0.01663	0.02956	0.02587	0.02956	0.02033	0.00924	0.00554	0.00185	0.00370	0.00739	0.76534	0.00739
33	0.01153	0.00769	0.00865	0.00865	0.00865	0.00769	0.00480	0.01153	0.01153	0.01538	0.02499	0.05189	0.02883	0.72131	0.04036	0.00769	0.00769	0.01153	0.00480	0.00480
34	0.01122	0.00811	0.01060	0.00998	0.01185	0.00748	0.00748	0.01496	0.02245	0.03180	0.66766	0.05923	0.07482	0.01621	0.00935	0.00249	0.00374	0.01434	0.00873	0.00748
35	0.01091	0.00809	0.01017	0.00965	0.01166	0.00735	0.00724	0.01437	0.02172	0.03007	0.56975	0.06208	0.17381	0.01686	0.00936	0.00252	0.00379	0.01474	0.00850	0.00735
36	0.01963	0.01884	0.03219	0.04867	0.67185	0.01884	0.02434	0.02434	0.01806	0.02591	0.01492	0.01963	0.01256	0.00707	0.00785	0.00236	0.00942	0.00707	0.00393	0.01256
37	0.01563	0.01476	0.02496	0.61050	0.14127	0.01779	0.02235	0.02083	0.01617	0.02105	0.01421	0.02093	0.01085	0.00781	0.00792	0.00260	0.01041	0.00705	0.00358	0.00934
38	0.01498	0.01409	0.02378	0.70226	0.05462	0.01762	0.02202	0.02026	0.01586	0.02026	0.01409	0.02114	0.01057	0.00793	0.00793	0.00264	0.01057	0.00705	0.00352	0.00881
39	0.04740	0.06700	0.01520	0.01216	0.01525	0.12093	0.00947	0.02033	0.04623	0.05461	0.37059	0.04595	0.11704	0.01379	0.00839	0.00239	0.00616	0.01147	0.00729	0.00837
40	0.70688	0.01598	0.01280	0.01117	0.01621	0.01843	0.00920	0.08196	0.01574	0.03694	0.01180	0.01346	0.00905	0.00756	0.00519	0.00245	0.00638	0.00456	0.00519	0.00905
41	0.01644	0.01409	0.01644	0.01175	0.01879	0.01057	0.00940	0.01997	0.01644	0.02584	0.01409	0.01644	0.01175	0.00587	0.00587	0.00117	0.00587	0.00470	0.00470	0.76979
42	0.02269	0.51828	0.08649	0.01581	0.02237	0.17857	0.01518	0.02563	0.01759	0.01932	0.01155	0.01339	0.01017	0.00715	0.00574	0.00184	0.01004	0.00456	0.00354	0.01007
43	0.02859	0.02144	0.02292	0.01793	0.02400	0.02386	0.01470	0.55514	0.13009	0.04746	0.02102	0.02062	0.01509	0.00970	0.00795	0.00243	0.00836	0.00741	0.00795	0.01335
44	0.01017	0.00767	0.01017	0.01155	0.01210	0.00767	0.00797	0.01161	0.01512	0.02022	0.04330	0.63621	0.08079	0.02386	0.01117	0.00321	0.05233	0.02119	0.00710	0.00661
45	0.02782	0.02106	0.02249	0.01777	0.02370	0.02350	0.01451	0.51070	0.17578	0.04622	0.02199	0.02139	0.01588	0.00980	0.00796	0.00245	0.00818	0.00755	0.00796	0.01328
46	0.01140	0.00763	0.00869	0.00881	0.00884	0.00760	0.00498	0.01150	0.01178	0.01571	0.02626	0.09707	0.03044	0.67395	0.03830	0.00738	0.00748	0.01228	0.00498	0.00492
47	0.02120	0.72609	0.04155	0.01357	0.02035	0.03138	0.01357	0.02374	0.01611	0.01866	0.01102	0.01272	0.01018	0.00678	0.00509	0.00170	0.00848	0.00424	0.00339	0.01018
48	0.01153	0.00769	0.00865	0.00865	0.00865	0.00769	0.00480	0.01153	0.01153	0.01538	0.02499	0.05189	0.02883	0.72131	0.04036	0.00769	0.00769	0.01153	0.00480	0.00480
49	0.77733	0.01534	0.01166	0.01043	0.01534	0.01779	0.00859	0.02331	0.01350	0.03558	0.01104	0.01288	0.00859	0.00736	0.00491	0.00245	0.00613	0.00429	0.00491	0.00859
50	0.01735	0.01735	0.02429	0.02082	0.02082	0.02429	0.01735	0.01908	0.01214	0.01908	0.01041	0.01735	0.01041	0.01388	0.02602	0.00347	0.70680	0.00694	0.00347	0.00867
51	0.00966	0.00690	0.00920	0.01104	0.01150	0.00644	0.00736	0.01104	0.01518	0.02024	0.04371	0.71614	0.05245	0.02484	0.01012	0.00322	0.00460	0.02254	0.00736	0.00644
52	0.01498	0.01409	0.02378	0.70226	0.05462	0.01762	0.02202	0.02026	0.01586	0.02026	0.01409	0.02114	0.01057	0.00793	0.00793	0.00264	0.01057	0.00705	0.00352	0.00881
53	0.02962	0.03779	0.02247	0.02043	0.02451	0.68948	0.01532	0.03166	0.02247	0.01941	0.01226	0.01430	0.01021	0.00817	0.00715	0.00204	0.01430	0.00511	0.00409	0.00919
54	0.01498	0.01409	0.02378	0.70226	0.05462	0.01762	0.02202	0.02026	0.01586	0.02026	0.01409	0.02114	0.01057	0.00793	0.00793	0.00264	0.01057	0.00705	0.00352	0.00881
55	0.02984	0.03136	0.02302	0.01953	0.02455	0.41503	0.01522	0.28500	0.02859	0.03203	0.01506	0.01626	0.01156	0.00873	0.00747	0.00218	0.01200	0.00595	0.00567	0.01096
56	0.70134	0.01630	0.01281	0.04856	0.01790	0.04875	0.00963	0.02353	0.01404	0.03400	0.01126	0.01340	0.00877	0.00743	0.00518	0.00245	0.00675	0.00448	0.00479	0.00863
57	0.01478	0.00739	0.00739	0.00739	0.00924	0.00739	0.00554	0.01848	0.01663	0.02956	0.02587	0.02956	0.02033	0.00924	0.00554	0.00185	0.00370	0.00739	0.76534	0.00739
58	0.01735	0.01735	0.02429	0.02082	0.02082	0.02429	0.01735	0.01908	0.01214	0.01908	0.01041	0.01735	0.01041	0.01388	0.02602	0.00347	0.70680	0.00694	0.00347	0.00867
59	0.01122	0.00811	0.01060	0.00998	0.01185	0.00748	0.00748	0.01496	0.02245	0.03180	0.66766	0.05923	0.07482	0.01621	0.00935	0.00249	0.00374	0.01434	0.00873	0.00748
60	0.01590	0.04102	0.68023	0.02260	0.03432	0.01842	0.02930	0.02511	0.01674	0.02511	0.01423	0.01674	0.01005	0.00753	0.00753	0.00251	0.01172	0.00586	0.00335	0.01172
61	0.01011	0.00728	0.00962	0.01101	0.01186	0.00680	0.00770	0.01203	0.01663	0.02232	0.14163	0.54686	0.07898	0.02312	0.01003	0.00312	0.00463	0.06204	0.00757	0.00667
62	0.00972	0.00695	0.00926	0.01100	0.01152	0.00648	0.00737	0.01120	0.01548	0.02071	0.06901	0.68950	0.05335	0.02449	0.01009	0.00319	0.00457	0.02221	0.00742	0.00648
63	0.01153	0.00769	0.00865	0.00865	0.00865	0.00769	0.00480	0.01153	0.01153	0.01538	0.02499	0.05189	0.02883	0.72131	0.04036	0.00769	0.00769	0.01153	0.00480	0.00480
64	0.00966	0.00690	0.00920	0.01104	0.01150	0.00644	0.00736	0.01104	0.01518	0.02024	0.04371	0.71614	0.05245	0.02484	0.01012	0.00322	0.00460	0.02254	0.00736	0.00644
65	0.01570	0.01448	0.02379	0.66961	0.05318	0.01795	0.02169	0.05009	0.01688	0.02168	0.01433	0.02104	0.01071	0.00800	0.00793	0.00263	0.01048	0.00705	0.00373	0.00903
66	0.01337	0.01168	0.01748	0.01601	0.01716	0.01451	0.03951	0.01586	0.01308	0.01913	0.02004	0.10096	0.02007	0.03902	0.37676	0.00834	0.23546	0.00957	0.00433	0.00767
67	0.00970	0.00707	0.00914	0.01069	0.01144	0.00651	0.00723	0.01124	0.01578	0.02084	0.07332	0.62423	0.11562	0.02400	0.01001	0.00314	0.00451	0.02162	0.00742	0.00651

[dist]
# distance from previous block
# <min> <max>
0	2

[block]
# block no. 1 follows, 24 sequences, length 13
# corresponding to MSA columns:
# 125-137
name=unknown_B
#
# <colnr> <probs for GDERKNQSTAVLIFYWHMCP>
#	G	D	E	R	K	N	Q	S	T	A	V	L	I	F	Y	W	H	M	C	P
0	0.66649	0.01738	0.04958	0.01182	0.01723	0.01845	0.01033	0.08080	0.01587	0.03633	0.01195	0.01366	0.00912	0.00757	0.00533	0.00245	0.00668	0.00464	0.00510	0.00921
1	0.03015	0.01278	0.01698	0.01351	0.01878	0.01147	0.01097	0.03468	0.06664	0.51789	0.14454	0.03291	0.02976	0.01102	0.00823	0.00248	0.00618	0.00918	0.00950	0.01236
2	0.00966	0.00690	0.00920	0.01104	0.01150	0.00644	0.00736	0.01104	0.01518	0.02024	0.04371	0.71614	0.05245	0.02484	0.01012	0.00322	0.00460	0.02254	0.00736	0.00644
3	0.01478	0.00739	0.00739	0.00739	0.00924	0.00739	0.00554	0.01848	0.01663	0.02956	0.02587	0.02956	0.02033	0.00924	0.00554	0.00185	0.00370	0.00739	0.76534	0.00739
4	0.01644	0.01409	0.01644	0.01175	0.01879	0.01057	0.00940	0.01997	0.01644	0.02584	0.01409	0.01644	0.01175	0.00587	0.00587	0.00117	0.00587	0.00470	0.00470	0.76979
5	0.71070	0.01595	0.01274	0.01113	0.01616	0.01840	0.00917	0.07878	0.01562	0.03686	0.01175	0.01343	0.00902	0.00755	0.00518	0.00245	0.00637	0.00455	0.00518	0.00902
6	0.00987	0.00702	0.00926	0.01083	0.01135	0.00658	0.00722	0.01132	0.01543	0.02069	0.08221	0.63503	0.05247	0.06561	0.01187	0.00344	0.00473	0.02137	0.00730	0.00641
7	0.04962	0.00933	0.01194	0.01143	0.01257	0.00968	0.00805	0.09526	0.01484	0.02062	0.01941	0.13151	0.02006	0.04887	0.02385	0.48650	0.00677	0.00941	0.00476	0.00552
8	0.66297	0.07859	0.01475	0.01094	0.01609	0.01861	0.00923	0.02432	0.01431	0.07468	0.01232	0.01376	0.00943	0.00746	0.00512	0.00239	0.00638	0.00452	0.00508	0.00904
9	0.01966	0.01430	0.01690	0.01464	0.01816	0.01585	0.01164	0.29201	0.02405	0.03322	0.02288	0.09623	0.02042	0.03066	0.27527	0.00649	0.01288	0.00927	0.05561	0.00985
10	0.61959	0.01757	0.05656	0.01215	0.01770	0.01817	0.01070	0.08347	0.01643	0.06837	0.01302	0.01442	0.00970	0.00770	0.00552	0.00245	0.00677	0.00485	0.00534	0.00950
11	0.09020	0.05469	0.05722	0.01215	0.01649	0.01259	0.01032	0.05213	0.03962	0.10050	0.26552	0.03790	0.05630	0.06082	0.01004	0.00265	0.00594	0.00977	0.00699	0.09816
12	0.14864	0.19701	0.02360	0.01436	0.01971	0.02125	0.01225	0.06530	0.17799	0.10241	0.01934	0.01960	0.01484	0.00879	0.00782	0.00227	0.05552	0.00625	0.00593	0.07711

[dist]
# distance from previous block
# <min> <max>
1	3

[block]
# block no. 2 follows, 24 sequences, length 84
# corresponding to MSA columns:
# 141-224
name=unknown_C
#
# <colnr> <probs for GDERKNQSTAVLIFYWHMCP>
#	G	D	E	R	K	N	Q	S	T	A	V	L	I	F	Y	W	H	M	C	P
0	0.07870	0.01470	0.02058	0.17205	0.18564	0.03915	0.01580	0.02286	0.01893	0.10601	0.17561	0.02962	0.02774	0.00982	0.00789	0.00240	0.00769	0.00853	0.00585	0.05042
1	0.08592	0.01557	0.02508	0.45187	0.22783	0.01798	0.02146	0.02171	0.01627	0.02328	0.01405	0.01995	0.01096	0.00763	0.00763	0.00254	0.00984	0.00680	0.00377	0.00986
2	0.01028	0.00743	0.00973	0.01050	0.01161	0.00687	0.00736	0.01265	0.01824	0.02498	0.29824	0.42598	0.08427	0.02117	0.00978	0.00291	0.00423	0.01900	0.00792	0.00687
3	0.06513	0.01811	0.01923	0.01521	0.02046	0.01976	0.01243	0.44387	0.03073	0.07425	0.02074	0.02147	0.01506	0.00936	0.00724	0.00227	0.00737	0.00709	0.17835	0.01186
4	0.01133	0.00850	0.01274	0.01274	0.01416	0.00991	0.00991	0.01416	0.01274	0.01841	0.02124	0.03115	0.01982	0.05947	0.68989	0.01274	0.02124	0.00850	0.00425	0.00708
5	0.03090	0.02100	0.02305	0.01767	0.02398	0.02279	0.01460	0.56077	0.03525	0.13749	0.02075	0.02015	0.01434	0.00956	0.00794	0.00239	0.00845	0.00726	0.00820	0.01349
6	0.01023	0.00807	0.00923	0.00894	0.01124	0.00706	0.00670	0.01305	0.02011	0.02625	0.35352	0.06837	0.39243	0.01828	0.00936	0.00259	0.00389	0.01562	0.00800	0.00706
7	0.01972	0.01703	0.01793	0.01614	0.02062	0.01972	0.01255	0.04214	0.65752	0.03317	0.03228	0.02959	0.02421	0.01076	0.00807	0.00269	0.00628	0.00897	0.00807	0.01255
8	0.01377	0.00689	0.01033	0.01033	0.01033	0.00689	0.00689	0.01033	0.01033	0.01377	0.01377	0.02410	0.01377	0.02755	0.03099	0.76928	0.00689	0.00689	0.00344	0.00344
9	0.01153	0.00769	0.00865	0.00865	0.00865	0.00769	0.00480	0.01153	0.01153	0.01538	0.02499	0.05189	0.02883	0.72131	0.04036	0.00769	0.00769	0.01153	0.00480	0.00480
10	0.01478	0.00739	0.00739	0.00739	0.00924	0.00739	0.00554	0.01848	0.01663	0.02956	0.02587	0.02956	0.02033	0.00924	0.00554	0.00185	0.00370	0.00739	0.76534	0.00739
11	0.03014	0.02221	0.02380	0.01825	0.02459	0.02459	0.01507	0.64541	0.03728	0.04998	0.01904	0.01904	0.01349	0.00952	0.00793	0.00238	0.00873	0.00714	0.00793	0.01349
12	0.01377	0.00689	0.01033	0.01033	0.01033	0.00689	0.00689	0.01033	0.01033	0.01377	0.01377	0.02410	0.01377	0.02755	0.03099	0.76928	0.00689	0.00689	0.00344	0.00344
13	0.03014	0.02221	0.02380	0.01825	0.02459	0.02459	0.01507	0.64541	0.03728	0.04998	0.01904	0.01904	0.01349	0.00952	0.00793	0.00238	0.00873	0.00714	0.00793	0.01349
14	0.01644	0.01409	0.01644	0.01175	0.01879	0.01057	0.00940	0.01997	0.01644	0.02584	0.01409	0.01644	0.01175	0.00587	0.00587	0.00117	0.00587	0.00470	0.00470	0.76979
15	0.01478	0.00739	0.00739	0.00739	0.00924	0.00739	0.00554	0.01848	0.01663	0.02956	0.02587	0.02956	0.02033	0.00924	0.00554	0.00185	0.00370	0.00739	0.76534	0.00739
16	0.02897	0.01569	0.01910	0.01511	0.02046	0.01582	0.01235	0.25527	0.02699	0.32432	0.08299	0.02741	0.02237	0.01528	0.07669	0.00347	0.00866	0.00829	0.00847	0.01231
17	0.02721	0.17277	0.02698	0.02117	0.07185	0.50918	0.01564	0.02955	0.02088	0.01974	0.01221	0.01438	0.01038	0.00781	0.00679	0.00200	0.01278	0.00508	0.00394	0.00964
18	0.01478	0.00739	0.00739	0.00739	0.00924	0.00739	0.00554	0.01848	0.01663	0.02956	0.02587	0.02956	0.02033	0.00924	0.00554	0.00185	0.00370	0.00739	0.76534	0.00739
19	0.03163	0.01983	0.02232	0.01711	0.02340	0.02106	0.01414	0.47960	0.03330	0.22142	0.02239	0.02121	0.01516	0.00960	0.00794	0.00240	0.00819	0.00737	0.00845	0.01349
20	0.01526	0.01266	0.01909	0.05214	0.02055	0.01333	0.11533	0.04286	0.04380	0.05061	0.03348	0.06477	0.15308	0.13624	0.07808	0.00448	0.08341	0.01101	0.04160	0.00823
21	0.01651	0.01516	0.02671	0.56350	0.07792	0.01771	0.09714	0.02185	0.01659	0.04935	0.01510	0.02136	0.01122	0.00782	0.00810	0.00263	0.01070	0.00737	0.00387	0.00940
22	0.00973	0.00707	0.00919	0.01073	0.01146	0.00652	0.00726	0.01130	0.01586	0.02103	0.08385	0.62325	0.10566	0.02393	0.01001	0.00313	0.00450	0.02157	0.00744	0.00652
23	0.03239	0.01584	0.01941	0.01506	0.02098	0.01548	0.01238	0.21113	0.05273	0.44110	0.02757	0.02495	0.01810	0.00974	0.00785	0.00241	0.00715	0.00775	0.04481	0.01317
24	0.01863	0.02040	0.03788	0.09291	0.03707	0.04814	0.40919	0.02504	0.05536	0.02400	0.01566	0.02084	0.01225	0.00839	0.01203	0.00279	0.13660	0.00851	0.00411	0.01020
25	0.01131	0.00766	0.00865	0.00876	0.00892	0.00756	0.00502	0.01149	0.01208	0.01597	0.02893	0.09259	0.06293	0.64412	0.03698	0.00717	0.00732	0.01245	0.00509	0.00500
26	0.00981	0.00701	0.00937	0.01121	0.01173	0.00657	0.00762	0.01130	0.01533	0.02041	0.04363	0.68657	0.05213	0.02470	0.01016	0.00324	0.00473	0.05066	0.00736	0.00648
27	0.02640	0.02269	0.02263	0.05178	0.05016	0.12499	0.01526	0.37516	0.11071	0.03862	0.01994	0.04625	0.01556	0.01003	0.00851	0.00245	0.03241	0.00763	0.00682	0.01202
28	0.01875	0.02104	0.04183	0.12616	0.06941	0.05121	0.50096	0.02494	0.01847	0.02443	0.01555	0.02095	0.01177	0.00694	0.00899	0.00263	0.01286	0.00874	0.00394	0.01044
29	0.01781	0.01491	0.01646	0.01559	0.01933	0.01689	0.01238	0.03530	0.49317	0.03060	0.03484	0.07160	0.03000	0.01375	0.00877	0.00292	0.00642	0.14021	0.00787	0.01117
30	0.01644	0.01409	0.01644	0.01175	0.01879	0.01057	0.00940	0.01997	0.01644	0.02584	0.01409	0.01644	0.01175	0.00587	0.00587	0.00117	0.00587	0.00470	0.00470	0.76979
31	0.02965	0.03700	0.02254	0.02032	0.02452	0.65550	0.01531	0.06303	0.02323	0.02097	0.01260	0.01454	0.01038	0.00824	0.00719	0.00206	0.01402	0.00521	0.00428	0.00941
32	0.00966	0.00690	0.00920	0.01104	0.01150	0.00644	0.00736	0.01104	0.01518	0.02024	0.04371	0.71614	0.05245	0.02484	0.01012	0.00322	0.00460	0.02254	0.00736	0.00644
33	0.01544	0.01457	0.02463	0.63650	0.11671	0.01774	0.02226	0.02067	0.01608	0.02083	0.01418	0.02099	0.01077	0.00784	0.00792	0.00261	0.01046	0.00705	0.00356	0.00919
34	0.00966	0.00690	0.00920	0.01104	0.01150	0.00644	0.00736	0.01104	0.01518	0.02024	0.04371	0.71614	0.05245	0.02484	0.01012	0.00322	0.00460	0.02254	0.00736	0.00644
35	0.01498	0.01409	0.02378	0.70226	0.05462	0.01762	0.02202	0.02026	0.01586	0.02026	0.01409	0.02114	0.01057	0.00793	0.00793	0.00264	0.01057	0.00705	0.00352	0.00881
36	0.00937	0.00803	0.00803	0.00803	0.01071	0.00669	0.00602	0.01138	0.01807	0.02142	0.08033	0.07632	0.66863	0.02008	0.00937	0.00268	0.00402	0.01674	0.00736	0.00669
37	0.01151	0.00776	0.00902	0.00902	0.00915	0.00789	0.00527	0.01177	0.01164	0.01565	0.02464	0.05000	0.02801	0.66088	0.09967	0.00815	0.00893	0.01125	0.00475	0.00501
38	0.01147	0.00803	0.01012	0.00960	0.01152	0.00743	0.00720	0.01511	0.02160	0.03096	0.56822	0.05726	0.10460	0.01574	0.00897	0.00244	0.00375	0.01378	0.08477	0.00743
39	0.03130	0.02035	0.02265	0.01736	0.02366	0.02183	0.01434	0.51596	0.03417	0.18381	0.02165	0.02073	0.01480	0.00958	0.00794	0.00240	0.00830	0.00732	0.00833	0.01349
40	0.01498	0.01409	0.02378	0.70226	0.05462	0.01762	0.02202	0.02026	0.01586	0.02026	0.01409	0.02114	0.01057	0.00793	0.00793	0.00264	0.01057	0.00705	0.00352	0.00881
41	0.00966	0.00690	0.00920	0.01104	0.01150	0.00644	0.00736	0.01104	0.01518	0.02024	0.04371	0.71614	0.05245	0.02484	0.01012	0.00322	0.00460	0.02254	0.00736	0.00644
42	0.01133	0.00850	0.01274	0.01274	0.01416	0.00991	0.00991	0.01416	0.01274	0.01841	0.02124	0.03115	0.01982	0.05947	0.68989	0.01274	0.02124	0.00850	0.00425	0.00708
43	0.01153	0.00769	0.00865	0.00865	0.00865	0.00769	0.00480	0.01153	0.01153	0.01538	0.02499	0.05189	0.02883	0.72131	0.04036	0.00769	0.00769	0.01153	0.00480	0.00480
44	0.01478	0.00739	0.00739	0.00739	0.00924	0.00739	0.00554	0.01848	0.01663	0.02956	0.02587	0.02956	0.02033	0.00924	0.00554	0.00185	0.00370	0.00739	0.76534	0.00739
45	0.02120	0.72609	0.04155	0.01357	0.02035	0.03138	0.01357	0.02374	0.01611	0.01866	0.01102	0.01272	0.01018	0.00678	0.00509	0.00170	0.00848	0.00424	0.00339	0.01018
46	0.01444	0.01709	0.12225	0.05612	0.02113	0.07756	0.01458	0.01841	0.01771	0.02304	0.06527	0.20654	0.03587	0.01704	0.00933	0.00297	0.00802	0.22396	0.00609	0.04258
47	0.01590	0.04102	0.68023	0.02260	0.03432	0.01842	0.02930	0.02511	0.01674	0.02511	0.01423	0.01674	0.01005	0.00753	0.00753	0.00251	0.01172	0.00586	0.00335	0.01172
48	0.02140	0.66181	0.06788	0.01430	0.02116	0.06429	0.01433	0.02421	0.01646	0.01897	0.01122	0.01297	0.01017	0.00689	0.00530	0.00175	0.00891	0.00435	0.00343	0.01019
49	0.03014	0.02221	0.02380	0.01825	0.02459	0.02459	0.01507	0.64541	0.03728	0.04998	0.01904	0.01904	0.01349	0.00952	0.00793	0.00238	0.00873	0.00714	0.00793	0.01349
50	0.05612	0.04781	0.02291	0.28828	0.07225	0.01636	0.06957	0.04756	0.01707	0.02376	0.04332	0.15006	0.02098	0.01135	0.00888	0.00262	0.03863	0.00999	0.00481	0.04766
51	0.01808	0.07478	0.58271	0.02131	0.03223	0.01846	0.02677	0.02634	0.01728	0.08742	0.01570	0.01751	0.01097	0.00771	0.00745	0.00246	0.01107	0.00598	0.00397	0.01181
52	0.01578	0.01453	0.02379	0.66590	0.05302	0.01799	0.02165	0.05348	0.01700	0.02184	0.01436	0.02103	0.01073	0.00801	0.00793	0.00263	0.01047	0.00705	0.00376	0.00906
53	0.01652	0.12029	0.60632	0.02156	0.03270	0.01992	0.02748	0.02495	0.01667	0.02437	0.01386	0.01628	0.01006	0.00745	0.00725	0.00242	0.01134	0.00567	0.00335	0.01154
54	0.77733	0.01534	0.01166	0.01043	0.01534	0.01779	0.00859	0.02331	0.01350	0.03558	0.01104	0.01288	0.00859	0.00736	0.00491	0.00245	0.00613	0.00429	0.00491	0.00859
55	0.00966	0.00690	0.00920	0.01104	0.01150	0.00644	0.00736	0.01104	0.01518	0.02024	0.04371	0.71614	0.05245	0.02484	0.01012	0.00322	0.00460	0.02254	0.00736	0.00644
56	0.01469	0.01379	0.02298	0.66695	0.05238	0.01706	0.02121	0.01981	0.01597	0.02032	0.01746	0.02395	0.04403	0.00855	0.00800	0.00264	0.01024	0.00754	0.00372	0.00870
57	0.01317	0.01039	0.01452	0.01467	0.01637	0.01119	0.03539	0.01704	0.04725	0.02341	0.06179	0.20373	0.06319	0.01950	0.01214	0.00329	0.09647	0.28628	0.04255	0.00766
58	0.00966	0.00690	0.00920	0.01104	0.01150	0.00644	0.00736	0.01104	0.01518	0.02024	0.04371	0.71614	0.05245	0.02484	0.01012	0.00322	0.00460	0.02254	0.00736	0.00644
59	0.01892	0.01871	0.03359	0.04182	0.46706	0.01852	0.16066	0.02473	0.04819	0.02585	0.01746	0.05608	0.01503	0.00806	0.00831	0.00249	0.00991	0.00846	0.00432	0.01183
60	0.01802	0.01786	0.02718	0.37850	0.30935	0.06898	0.02248	0.02282	0.01727	0.02255	0.01430	0.01999	0.01137	0.00759	0.00784	0.00248	0.01037	0.00691	0.00373	0.01040
61	0.03145	0.01315	0.01736	0.01371	0.01926	0.01178	0.01119	0.03605	0.07276	0.55187	0.07937	0.03162	0.05156	0.01079	0.00814	0.00248	0.00638	0.00888	0.00949	0.01270
62	0.77733	0.01534	0.01166	0.01043	0.01534	0.01779	0.00859	0.02331	0.01350	0.03558	0.01104	0.01288	0.00859	0.00736	0.00491	0.00245	0.00613	0.00429	0.00491	0.00859
63	0.01122	0.00811	0.01060	0.00998	0.01185	0.00748	0.00748	0.01496	0.02245	0.03180	0.66766	0.05923	0.07482	0.01621	0.00935	0.00249	0.00374	0.01434	0.00873	0.00748
64	0.01821	0.01967	0.03866	0.08993	0.10485	0.02058	0.39616	0.02355	0.01705	0.02372	0.01460	0.02035	0.01163	0.00831	0.01249	0.00280	0.15484	0.00842	0.00385	0.01032
65	0.01030	0.00845	0.00917	0.00931	0.01174	0.00755	0.00702	0.01353	0.05070	0.02297	0.12486	0.13755	0.48335	0.01985	0.00947	0.00277	0.00436	0.05244	0.00752	0.00707
66	0.02319	0.01875	0.01988	0.01684	0.02194	0.02134	0.01339	0.24264	0.45138	0.03876	0.02788	0.02608	0.02064	0.01035	0.00802	0.00259	0.00709	0.00836	0.00802	0.01286
67	0.01094	0.00809	0.01021	0.00968	0.01167	0.00736	0.00726	0.01442	0.02178	0.03021	0.57784	0.06185	0.16564	0.01680	0.00936	0.00252	0.00378	0.01471	0.00852	0.00736
68	0.01278	0.00913	0.01278	0.01460	0.01643	0.00913	0.01278	0.01643	0.01825	0.02373	0.04199	0.08945	0.04564	0.02191	0.01095	0.00365	0.00730	0.61847	0.00730	0.00730
69	0.06038	0.02060	0.02144	0.01853	0.05040	0.05235	0.01428	0.34641	0.25680	0.04088	0.02293	0.02234	0.01691	0.00970	0.00780	0.00248	0.00801	0.00757	0.00750	0.01269
70	0.01133	0.00850	0.01274	0.01274	0.01416	0.00991	0.00991	0.01416	0.01274	0.01841	0.02124	0.03115	0.01982	0.05947	0.68989	0.01274	0.02124	0.00850	0.00425	0.00708
71	0.01929	0.02087	0.09136	0.04629	0.61364	0.01880	0.02479	0.02441	0.01794	0.02583	0.01485	0.01936	0.01233	0.00711	0.00782	0.00237	0.00963	0.00696	0.00387	0.01248
72	0.02120	0.72609	0.04155	0.01357	0.02035	0.03138	0.01357	0.02374	0.01611	0.01866	0.01102	0.01272	0.01018	0.00678	0.00509	0.00170	0.00848	0.00424	0.00339	0.01018
73	0.01140	0.00819	0.01122	0.01122	0.01210	0.00908	0.00801	0.01318	0.01229	0.01728	0.02264	0.03889	0.02318	0.30642	0.44754	0.01086	0.01618	0.00963	0.00446	0.00623
74	0.01141	0.00768	0.00886	0.00897	0.00905	0.00771	0.00518	0.01162	0.01180	0.01580	0.02594	0.09045	0.02985	0.65153	0.06646	0.00764	0.00809	0.01206	0.00493	0.00500
75	0.01133	0.00850	0.01274	0.01274	0.01416	0.00991	0.00991	0.01416	0.01274	0.01841	0.02124	0.03115	0.01982	0.05947	0.68989	0.01274	0.02124	0.00850	0.00425	0.00708
76	0.01478	0.00739	0.00739	0.00739	0.00924	0.00739	0.00554	0.01848	0.01663	0.02956	0.02587	0.02956	0.02033	0.00924	0.00554	0.00185	0.00370	0.00739	0.76534	0.00739
77	0.01377	0.00689	0.01033	0.01033	0.01033	0.00689	0.00689	0.01033	0.01033	0.01377	0.01377	0.02410	0.01377	0.02755	0.03099	0.76928	0.00689	0.00689	0.00344	0.00344
78	0.01832	0.02146	0.06837	0.06020	0.03973	0.02030	0.53202	0.02456	0.01788	0.02456	0.01534	0.02081	0.01174	0.00747	0.01084	0.00274	0.08041	0.00889	0.00391	0.01046
79	0.02061	0.01899	0.01901	0.01806	0.05166	0.07990	0.01336	0.04036	0.57029	0.03159	0.02966	0.02774	0.02240	0.01035	0.00798	0.00262	0.00715	0.00853	0.00752	0.01225
80	0.01153	0.00769	0.00865	0.00865	0.00865	0.00769	0.00480	0.01153	0.01153	0.01538	0.02499	0.05189	0.02883	0.72131	0.04036	0.00769	0.00769	0.01153	0.00480	0.00480
81	0.01122	0.00811	0.01060	0.00998	0.01185	0.00748	0.00748	0.01496	0.02245	0.03180	0.66766	0.05923	0.07482	0.01621	0.00935	0.00249	0.00374	0.01434	0.00873	0.00748
82	0.03294	0.11405	0.02165	0.01411	0.02027	0.01475	0.01196	0.03668	0.04642	0.55951	0.02847	0.02508	0.01848	0.00942	0.00757	0.00236	0.00697	0.00749	0.00884	0.01299
83	0.04562	0.01331	0.02080	0.36551	0.05800	0.01518	0.07005	0.04620	0.01719	0.02542	0.01780	0.02316	0.01365	0.00822	0.00724	0.00239	0.00852	0.00724	0.22563	0.00887

[dist]
# distance from previous block
# <min> <max>
0	1

[block]
# block no. 3 follows, 24 sequences, length 29
# corresponding to MSA columns:
# 226-254
name=unknown_D
#
# <colnr> <probs for GDERKNQSTAVLIFYWHMCP>
#	G	D	E	R	K	N	Q	S	T	A	V	L	I	F	Y	W	H	M	C	P
0	0.01889	0.02562	0.16959	0.03129	0.11317	0.05448	0.37246	0.02661	0.05914	0.02559	0.01638	0.02039	0.01238	0.00724	0.00861	0.00257	0.01216	0.00813	0.00413	0.01116
1	0.02406	0.01914	0.02340	0.19893	0.06766	0.02173	0.01704	0.35876	0.12153	0.03839	0.01946	0.02117	0.01424	0.00915	0.00795	0.00249	0.00889	0.00738	0.00658	0.01207
2	0.15081	0.01861	0.02152	0.04881	0.21681	0.09643	0.01563	0.10325	0.02028	0.06566	0.05635	0.05732	0.01814	0.00955	0.00801	0.00242	0.03220	0.00768	0.03997	0.01053
3	0.01153	0.00769	0.00865	0.00865	0.00865	0.00769	0.00480	0.01153	0.01153	0.01538	0.02499	0.05189	0.02883	0.72131	0.04036	0.00769	0.00769	0.01153	0.00480	0.00480
4	0.01963	0.01884	0.03219	0.04867	0.67185	0.01884	0.02434	0.02434	0.01806	0.02591	0.01492	0.01963	0.01256	0.00707	0.00785	0.00236	0.00942	0.00707	0.00393	0.01256
5	0.03048	0.01365	0.01788	0.01348	0.01986	0.01137	0.01105	0.03367	0.02103	0.50385	0.02671	0.02418	0.01753	0.00877	0.00741	0.00211	0.00651	0.00710	0.00845	0.21489
6	0.01377	0.00689	0.01033	0.01033	0.01033	0.00689	0.00689	0.01033	0.01033	0.01377	0.01377	0.02410	0.01377	0.02755	0.03099	0.76928	0.00689	0.00689	0.00344	0.00344
7	0.05284	0.43078	0.24336	0.01636	0.02460	0.02539	0.01827	0.02511	0.01662	0.06342	0.01334	0.01492	0.01067	0.00724	0.00605	0.00204	0.00931	0.00500	0.00385	0.01081
8	0.48699	0.13327	0.16653	0.01366	0.02039	0.02007	0.01403	0.02378	0.01464	0.03056	0.01176	0.01372	0.00917	0.00731	0.00553	0.00235	0.00776	0.00464	0.00432	0.00954
9	0.00966	0.00690	0.00920	0.01104	0.01150	0.00644	0.00736	0.01104	0.01518	0.02024	0.04371	0.71614	0.05245	0.02484	0.01012	0.00322	0.00460	0.02254	0.00736	0.00644
10	0.01774	0.01804	0.02419	0.05176	0.02251	0.05114	0.01748	0.01965	0.01273	0.01915	0.01065	0.01740	0.01041	0.01338	0.02443	0.00337	0.64690	0.00687	0.00350	0.00870
11	0.01858	0.02235	0.07791	0.03289	0.04109	0.01997	0.61290	0.02539	0.01862	0.02539	0.01595	0.02116	0.01193	0.00673	0.00927	0.00267	0.01329	0.00919	0.00398	0.01075
12	0.02962	0.03779	0.02247	0.02043	0.02451	0.68948	0.01532	0.03166	0.02247	0.01941	0.01226	0.01430	0.01021	0.00817	0.00715	0.00204	0.01430	0.00511	0.00409	0.00919
13	0.02773	0.01978	0.02167	0.01703	0.02268	0.02178	0.01397	0.51304	0.05551	0.07582	0.02057	0.02130	0.01501	0.01398	0.06812	0.00329	0.00944	0.00737	0.03927	0.01263
14	0.01098	0.00810	0.01026	0.00972	0.01170	0.00738	0.00729	0.01449	0.02186	0.03042	0.58945	0.06151	0.15390	0.01673	0.00936	0.00252	0.00378	0.01466	0.00855	0.00738
15	0.01520	0.01453	0.02516	0.66213	0.05383	0.01776	0.05928	0.02057	0.01603	0.02057	0.01421	0.02116	0.01066	0.00785	0.00801	0.00264	0.01074	0.00719	0.00355	0.00892
16	0.00966	0.00690	0.00920	0.01104	0.01150	0.00644	0.00736	0.01104	0.01518	0.02024	0.04371	0.71614	0.05245	0.02484	0.01012	0.00322	0.00460	0.02254	0.00736	0.00644
17	0.02919	0.01721	0.01999	0.01578	0.02144	0.01785	0.01288	0.29650	0.10913	0.27299	0.08012	0.02665	0.02226	0.01035	0.00809	0.00246	0.00728	0.00828	0.00870	0.01286
18	0.01498	0.01409	0.02378	0.70226	0.05462	0.01762	0.02202	0.02026	0.01586	0.02026	0.01409	0.02114	0.01057	0.00793	0.00793	0.00264	0.01057	0.00705	0.00352	0.00881
19	0.01963	0.01884	0.03219	0.04867	0.67185	0.01884	0.02434	0.02434	0.01806	0.02591	0.01492	0.01963	0.01256	0.00707	0.00785	0.00236	0.00942	0.00707	0.00393	0.01256
20	0.00966	0.00690	0.00920	0.01104	0.01150	0.00644	0.00736	0.01104	0.01518	0.02024	0.04371	0.71614	0.05245	0.02484	0.01012	0.00322	0.00460	0.02254	0.00736	0.00644
21	0.02641	0.03201	0.02471	0.02401	0.09657	0.48805	0.05097	0.03035	0.06358	0.02136	0.01397	0.01651	0.01152	0.00853	0.00870	0.00225	0.06043	0.00594	0.00429	0.00984
22	0.01547	0.05698	0.02488	0.62538	0.05080	0.01879	0.02127	0.02041	0.01568	0.02010	0.01372	0.02044	0.01054	0.00817	0.00870	0.00263	0.04677	0.00687	0.00351	0.00888
23	0.00937	0.00803	0.00803	0.00803	0.01071	0.00669	0.00602	0.01138	0.01807	0.02142	0.08033	0.07632	0.66863	0.02008	0.00937	0.00268	0.00402	0.01674	0.00736	0.00669
24	0.00966	0.00690	0.00920	0.01104	0.01150	0.00644	0.00736	0.01104	0.01518	0.02024	0.04371	0.71614	0.05245	0.02484	0.01012	0.00322	0.00460	0.02254	0.00736	0.00644
25	0.01814	0.02047	0.04440	0.03200	0.03954	0.01919	0.60254	0.02449	0.01849	0.02507	0.01781	0.06566	0.01461	0.00784	0.00941	0.00271	0.01281	0.01020	0.00422	0.01042
26	0.01673	0.01331	0.01580	0.01164	0.01799	0.01023	0.00927	0.02026	0.01751	0.05901	0.09768	0.02238	0.02012	0.00738	0.00642	0.00141	0.00565	0.00608	0.00546	0.63566
27	0.10163	0.01128	0.01355	0.01184	0.01487	0.01183	0.06249	0.05575	0.08348	0.02968	0.02377	0.05638	0.01967	0.03628	0.00892	0.04056	0.00569	0.00814	0.39582	0.00835
28	0.01734	0.12210	0.46480	0.02137	0.03096	0.01956	0.07448	0.02460	0.01681	0.04991	0.01592	0.05058	0.01265	0.00854	0.00823	0.00249	0.03780	0.00686	0.00386	0.01114

[dist]
# distance from previous block
# <min> <max>
0	47

# created by:
# /st0/software/busco_prod/Augustus/scripts/msa2prfl.pl ./align_prep/116288.fa
