[name]
unknown

[dist]
# distance from previous block
# <min> <max>
0	81

[block]
# block no. 0 follows, 25 sequences, length 8
# corresponding to MSA columns:
# 85-92
name=unknown_A
#
# <colnr> <probs for GDERKNQSTAVLIFYWHMCP>
#	G	D	E	R	K	N	Q	S	T	A	V	L	I	F	Y	W	H	M	C	P
0	0.01265	0.00803	0.01085	0.01173	0.01321	0.00754	0.00887	0.01505	0.01737	0.08047	0.14434	0.39957	0.05043	0.02094	0.00979	0.00307	0.00518	0.16601	0.00761	0.00727
1	0.01359	0.00750	0.00857	0.00857	0.01027	0.00786	0.00651	0.01699	0.01529	0.02611	0.02413	0.02930	0.01975	0.02162	0.18252	0.00454	0.00801	0.00750	0.57423	0.00715
2	0.01671	0.01037	0.01332	0.01270	0.01539	0.01013	0.01017	0.09279	0.02133	0.12254	0.22223	0.17217	0.04677	0.01718	0.00935	0.00285	0.00575	0.18163	0.00798	0.00862
3	0.01683	0.01022	0.01260	0.01135	0.01380	0.00994	0.00838	0.09827	0.02060	0.12995	0.25972	0.16124	0.04489	0.14952	0.01460	0.00350	0.00561	0.01302	0.00765	0.00831
4	0.01997	0.01039	0.01350	0.01194	0.01524	0.00968	0.00921	0.02464	0.07953	0.26279	0.27031	0.16537	0.04534	0.01467	0.00869	0.00257	0.00509	0.01278	0.00861	0.00969
5	0.02000	0.01452	0.01749	0.05807	0.02052	0.01594	0.01259	0.22955	0.07026	0.07102	0.11723	0.04077	0.02948	0.07541	0.01242	0.00313	0.05315	0.12153	0.00705	0.00985
6	0.01789	0.01062	0.01129	0.01013	0.01318	0.01096	0.00789	0.09035	0.10774	0.08423	0.03085	0.03188	0.08106	0.01030	0.00655	0.00210	0.00476	0.00831	0.45094	0.00898
7	0.05093	0.09010	0.11084	0.17846	0.06681	0.10362	0.01863	0.11799	0.01898	0.02527	0.01331	0.01714	0.01062	0.00883	0.01037	0.00249	0.13526	0.00614	0.00420	0.01002

[dist]
# distance from previous block
# <min> <max>
0	1

[block]
# block no. 1 follows, 25 sequences, length 29
# corresponding to MSA columns:
# 94-122
name=unknown_B
#
# <colnr> <probs for GDERKNQSTAVLIFYWHMCP>
#	G	D	E	R	K	N	Q	S	T	A	V	L	I	F	Y	W	H	M	C	P
0	0.18790	0.01466	0.01710	0.01360	0.01924	0.01448	0.01117	0.09462	0.07161	0.43770	0.02540	0.02298	0.01672	0.00914	0.00718	0.00241	0.00663	0.00705	0.00829	0.01213
1	0.01062	0.00785	0.00992	0.00954	0.01140	0.00715	0.00710	0.01391	0.02092	0.02898	0.55252	0.09852	0.15901	0.01688	0.00919	0.00251	0.00375	0.01482	0.00827	0.00715
2	0.22095	0.07155	0.01770	0.01223	0.01838	0.03788	0.01007	0.08799	0.01764	0.02952	0.01321	0.01507	0.01068	0.00665	0.00569	0.00167	0.00657	0.00472	0.00486	0.40695
3	0.01056	0.00834	0.00965	0.01007	0.01207	0.00778	0.00751	0.01427	0.06775	0.02307	0.14071	0.24366	0.32276	0.01983	0.00939	0.00282	0.00450	0.07076	0.00742	0.00708
4	0.11997	0.02602	0.02027	0.01721	0.02218	0.29124	0.01350	0.22417	0.10133	0.03211	0.01631	0.01712	0.01248	0.00850	0.00701	0.00218	0.00999	0.00594	0.00575	0.04672
5	0.02012	0.65132	0.11618	0.01430	0.02150	0.02920	0.01506	0.02337	0.01583	0.01898	0.01115	0.01290	0.00994	0.00672	0.00525	0.00175	0.00866	0.00433	0.00331	0.01013
6	0.00945	0.00675	0.00900	0.01080	0.01125	0.00630	0.00720	0.01080	0.01484	0.01979	0.04274	0.72245	0.05128	0.02429	0.00990	0.00315	0.00450	0.02204	0.00720	0.00630
7	0.00976	0.00694	0.00923	0.01095	0.01148	0.00655	0.00748	0.01121	0.01490	0.01983	0.04177	0.64476	0.04973	0.05622	0.01131	0.00338	0.00483	0.06631	0.00708	0.00629
8	0.01954	0.47612	0.24364	0.01642	0.02443	0.06279	0.01821	0.02406	0.01629	0.02027	0.01183	0.01376	0.00991	0.00694	0.00584	0.00193	0.00960	0.00469	0.00334	0.01037
9	0.01464	0.01378	0.02326	0.70887	0.05340	0.01723	0.02153	0.01981	0.01550	0.01981	0.01378	0.02067	0.01034	0.00775	0.00775	0.00258	0.01034	0.00689	0.00345	0.00861
10	0.03065	0.01228	0.01667	0.01309	0.01837	0.01069	0.01069	0.03376	0.02215	0.57086	0.14268	0.03187	0.02858	0.01068	0.00803	0.00241	0.00609	0.00888	0.00941	0.01217
11	0.02976	0.02126	0.02298	0.01762	0.02381	0.02336	0.01456	0.61994	0.03568	0.08330	0.01926	0.01904	0.01351	0.00932	0.00776	0.00233	0.00843	0.00703	0.00786	0.01319
12	0.01809	0.02240	0.09555	0.03186	0.03998	0.01948	0.60268	0.02481	0.01815	0.02481	0.01555	0.02056	0.01161	0.00660	0.00901	0.00260	0.01295	0.00888	0.00387	0.01054
13	0.08671	0.01297	0.01814	0.28623	0.03039	0.01570	0.01500	0.05173	0.01576	0.02266	0.02335	0.17990	0.05773	0.01322	0.01118	0.00283	0.13292	0.01057	0.00486	0.00818
14	0.02947	0.02172	0.02327	0.01784	0.02404	0.02404	0.01474	0.65329	0.03646	0.04887	0.01862	0.01862	0.01319	0.00931	0.00776	0.00233	0.00853	0.00698	0.00776	0.01319
15	0.02073	0.73217	0.04063	0.01327	0.01990	0.03068	0.01327	0.02322	0.01575	0.01824	0.01078	0.01244	0.00995	0.00663	0.00498	0.00166	0.00829	0.00415	0.00332	0.00995
16	0.01894	0.01833	0.02798	0.08502	0.50466	0.05662	0.02149	0.02451	0.06101	0.02491	0.01757	0.02494	0.01529	0.00839	0.00789	0.00242	0.00919	0.05505	0.00435	0.01145
17	0.00989	0.00721	0.00941	0.01099	0.01190	0.00673	0.00787	0.01165	0.01564	0.02046	0.04664	0.54845	0.12300	0.02330	0.00994	0.00315	0.00484	0.11526	0.00719	0.00646
18	0.01633	0.01603	0.02253	0.01950	0.01965	0.02222	0.01618	0.01814	0.01194	0.01859	0.01133	0.01843	0.01118	0.01840	0.09823	0.00438	0.63823	0.00695	0.00348	0.00831
19	0.02930	0.02045	0.02240	0.01728	0.02329	0.02237	0.01425	0.57382	0.03429	0.10619	0.01979	0.01975	0.01396	0.01108	0.03243	0.00270	0.00879	0.00710	0.00780	0.01296
20	0.00945	0.00675	0.00900	0.01080	0.01125	0.00630	0.00720	0.01080	0.01484	0.01979	0.04274	0.72245	0.05128	0.02429	0.00990	0.00315	0.00450	0.02204	0.00720	0.00630
21	0.02947	0.02172	0.02327	0.01784	0.02404	0.02404	0.01474	0.65329	0.03646	0.04887	0.01862	0.01862	0.01319	0.00931	0.00776	0.00233	0.00853	0.00698	0.00776	0.01319
22	0.02121	0.01792	0.01826	0.01608	0.02066	0.05132	0.01258	0.09350	0.55611	0.05792	0.02948	0.02724	0.02195	0.01026	0.00783	0.00257	0.00673	0.00840	0.00776	0.01223
23	0.06137	0.01555	0.01665	0.01448	0.01877	0.01695	0.01168	0.24882	0.19172	0.03485	0.03547	0.06498	0.13478	0.01331	0.00831	0.00264	0.00666	0.08501	0.00744	0.01056
24	0.00943	0.00681	0.00893	0.01063	0.01120	0.00631	0.00712	0.01082	0.01501	0.01986	0.04482	0.68481	0.08758	0.02402	0.00985	0.00312	0.00447	0.02171	0.00720	0.00631
25	0.02283	0.01737	0.01870	0.01584	0.02077	0.01940	0.01259	0.20380	0.41801	0.08837	0.02999	0.02788	0.04796	0.01050	0.00790	0.00253	0.00672	0.00853	0.00796	0.01235
26	0.02142	0.02576	0.07088	0.05690	0.10441	0.21542	0.25608	0.04696	0.01909	0.02322	0.01391	0.01801	0.01104	0.00783	0.00962	0.00245	0.07578	0.00712	0.00396	0.01013
27	0.01888	0.48465	0.27193	0.01643	0.02479	0.02615	0.01877	0.02370	0.01597	0.02050	0.01190	0.01384	0.00990	0.00690	0.00583	0.00194	0.00942	0.00471	0.00330	0.01049
28	0.00978	0.00699	0.00938	0.01118	0.01178	0.00659	0.00778	0.01138	0.01518	0.02017	0.04255	0.65258	0.05055	0.02398	0.00999	0.00320	0.00479	0.08860	0.00719	0.00639

[dist]
# distance from previous block
# <min> <max>
0	1

[block]
# block no. 2 follows, 25 sequences, length 7
# corresponding to MSA columns:
# 124-130
name=unknown_C
#
# <colnr> <probs for GDERKNQSTAVLIFYWHMCP>
#	G	D	E	R	K	N	Q	S	T	A	V	L	I	F	Y	W	H	M	C	P
0	0.02285	0.44304	0.13146	0.01558	0.02249	0.11938	0.01556	0.02630	0.01751	0.10181	0.01387	0.01497	0.01108	0.00730	0.00596	0.00192	0.00935	0.00495	0.00418	0.01044
1	0.02618	0.02008	0.02141	0.01717	0.02279	0.02251	0.01394	0.45534	0.23977	0.04355	0.02280	0.02195	0.01658	0.00970	0.00780	0.00242	0.00776	0.00756	0.00780	0.01289
2	0.07918	0.01681	0.02523	0.02082	0.02246	0.02168	0.10915	0.01959	0.01297	0.02084	0.01174	0.01809	0.01088	0.01498	0.06607	0.00380	0.50639	0.00702	0.00364	0.00866
3	0.01087	0.00750	0.00843	0.00857	0.00893	0.00730	0.00505	0.01122	0.01236	0.01615	0.03261	0.10789	0.11029	0.58309	0.03333	0.00656	0.00683	0.01277	0.00521	0.00506
4	0.01960	0.01609	0.01858	0.01387	0.02000	0.01500	0.01128	0.18236	0.02096	0.03077	0.01472	0.01681	0.01181	0.00733	0.00794	0.00164	0.06677	0.00539	0.00530	0.51378
5	0.01694	0.01421	0.01627	0.01241	0.01851	0.01213	0.00982	0.06393	0.10081	0.02739	0.01832	0.06494	0.01581	0.00783	0.00643	0.00155	0.00590	0.00645	0.00540	0.57494
6	0.01093	0.00836	0.01074	0.03651	0.01424	0.00799	0.00909	0.01391	0.01823	0.02383	0.20437	0.11384	0.23890	0.02105	0.04390	0.00339	0.00595	0.20054	0.00722	0.00699

[dist]
# distance from previous block
# <min> <max>
2	4

[block]
# block no. 3 follows, 25 sequences, length 58
# corresponding to MSA columns:
# 135-192
name=unknown_D
#
# <colnr> <probs for GDERKNQSTAVLIFYWHMCP>
#	G	D	E	R	K	N	Q	S	T	A	V	L	I	F	Y	W	H	M	C	P
0	0.01257	0.00922	0.01235	0.01383	0.01570	0.00932	0.01174	0.01716	0.06318	0.02345	0.04184	0.14387	0.06561	0.02086	0.01038	0.00343	0.00670	0.50418	0.00720	0.00740
1	0.01575	0.04996	0.04919	0.01250	0.01884	0.01151	0.01082	0.01944	0.01634	0.02458	0.01769	0.02651	0.01625	0.00819	0.00652	0.00160	0.00635	0.09705	0.00484	0.58608
2	0.01477	0.01395	0.02328	0.67203	0.05163	0.01758	0.02129	0.01975	0.01531	0.01975	0.01359	0.02047	0.01033	0.00806	0.00870	0.00263	0.04795	0.00688	0.00344	0.00861
3	0.01608	0.01378	0.01608	0.01148	0.01837	0.01034	0.00919	0.01952	0.01608	0.02527	0.01378	0.01608	0.01148	0.00574	0.00574	0.00115	0.00574	0.00459	0.00459	0.77491
4	0.05806	0.01983	0.02127	0.01659	0.02245	0.04942	0.01362	0.44901	0.03109	0.18308	0.02069	0.02026	0.01437	0.01087	0.03065	0.00267	0.00866	0.00701	0.00776	0.01262
5	0.01403	0.04170	0.03679	0.01432	0.01691	0.01104	0.01254	0.01936	0.08261	0.04350	0.03772	0.13102	0.03969	0.01912	0.00991	0.00328	0.00698	0.44444	0.00700	0.00803
6	0.01445	0.00723	0.00723	0.00723	0.00903	0.00723	0.00542	0.01807	0.01626	0.02891	0.02529	0.02891	0.01987	0.00903	0.00542	0.00181	0.00361	0.00723	0.77055	0.00723
7	0.01696	0.01696	0.02375	0.02036	0.02036	0.02375	0.01696	0.01866	0.01187	0.01866	0.01018	0.01696	0.01018	0.01357	0.02545	0.00339	0.71332	0.00679	0.00339	0.00848
8	0.01929	0.01666	0.01753	0.01578	0.02016	0.01929	0.01227	0.04120	0.66513	0.03243	0.03156	0.02893	0.02367	0.01052	0.00789	0.00263	0.00614	0.00877	0.00789	0.01227
9	0.02967	0.02140	0.02307	0.01769	0.02389	0.02357	0.01461	0.63033	0.03592	0.07258	0.01906	0.01891	0.01341	0.00932	0.00776	0.00233	0.00846	0.00701	0.00783	0.01319
10	0.02650	0.01923	0.02089	0.01638	0.02191	0.02098	0.01340	0.51252	0.06325	0.06782	0.08649	0.02563	0.04819	0.01046	0.00796	0.00237	0.00768	0.00819	0.00788	0.01228
11	0.00945	0.00675	0.00900	0.01080	0.01125	0.00630	0.00720	0.01080	0.01484	0.01979	0.04274	0.72245	0.05128	0.02429	0.00990	0.00315	0.00450	0.02204	0.00720	0.00630
12	0.01876	0.02027	0.04148	0.02970	0.03735	0.01897	0.54952	0.06247	0.01919	0.02634	0.01568	0.02030	0.01182	0.00663	0.00873	0.00245	0.01208	0.00857	0.00422	0.08546
13	0.05333	0.01501	0.01552	0.01411	0.01820	0.01693	0.01096	0.03499	0.51937	0.03050	0.03894	0.03629	0.13895	0.01198	0.00797	0.00262	0.00574	0.00990	0.00762	0.01107
14	0.01608	0.01378	0.01608	0.01148	0.01837	0.01034	0.00919	0.01952	0.01608	0.02527	0.01378	0.01608	0.01148	0.00574	0.00574	0.00115	0.00574	0.00459	0.00459	0.77491
15	0.04815	0.02898	0.02027	0.01907	0.04284	0.45114	0.01428	0.07684	0.08038	0.02365	0.01922	0.02514	0.03421	0.00998	0.00753	0.00228	0.01147	0.07006	0.00507	0.00943
16	0.02073	0.73217	0.04063	0.01327	0.01990	0.03068	0.01327	0.02322	0.01575	0.01824	0.01078	0.01244	0.00995	0.00663	0.00498	0.00166	0.00829	0.00415	0.00332	0.00995
17	0.01919	0.01842	0.03147	0.04759	0.67914	0.01842	0.02380	0.02380	0.01765	0.02533	0.01458	0.01919	0.01228	0.00691	0.00768	0.00230	0.00921	0.00691	0.00384	0.01228
18	0.01902	0.30478	0.36421	0.01853	0.02760	0.02250	0.04682	0.02498	0.01662	0.06865	0.01395	0.01574	0.01061	0.00721	0.00655	0.00215	0.00996	0.00540	0.00376	0.01096
19	0.01818	0.02174	0.07326	0.03223	0.04022	0.01954	0.62430	0.02482	0.01822	0.02482	0.01561	0.02072	0.01168	0.00657	0.00907	0.00261	0.01300	0.00900	0.00389	0.01050
20	0.03158	0.01335	0.01753	0.01383	0.01940	0.01216	0.01129	0.03697	0.10246	0.56813	0.06519	0.02839	0.02264	0.01005	0.00788	0.00243	0.00638	0.00825	0.00933	0.01277
21	0.00957	0.00683	0.00914	0.01094	0.01144	0.00640	0.00741	0.01101	0.01496	0.01993	0.04267	0.69705	0.05102	0.02418	0.00993	0.00317	0.00460	0.04623	0.00720	0.00633
22	0.01890	0.01902	0.03617	0.13163	0.10558	0.01907	0.37686	0.10629	0.02005	0.02707	0.01698	0.05428	0.01370	0.00798	0.00864	0.00257	0.01125	0.00892	0.00451	0.01053
23	0.01074	0.00792	0.01004	0.00951	0.01144	0.00722	0.00713	0.01418	0.02139	0.02977	0.59729	0.06010	0.15175	0.01634	0.00915	0.00246	0.00369	0.01433	0.00836	0.00722
24	0.02422	0.01860	0.02045	0.01534	0.02182	0.01866	0.01256	0.40449	0.02846	0.03960	0.01672	0.01762	0.01252	0.00791	0.00697	0.00186	0.00744	0.00604	0.00651	0.31222
25	0.01577	0.03880	0.64775	0.02364	0.07252	0.01803	0.02835	0.02451	0.01645	0.02460	0.01395	0.01654	0.00997	0.00734	0.00739	0.00245	0.01132	0.00580	0.00331	0.01151
26	0.02773	0.07480	0.02383	0.01747	0.02313	0.11998	0.01438	0.43468	0.03020	0.06334	0.01691	0.01759	0.01249	0.00896	0.00818	0.00223	0.04220	0.00639	0.00660	0.04892
27	0.02043	0.30403	0.27604	0.01716	0.02519	0.05427	0.01879	0.02720	0.07820	0.08719	0.01590	0.01690	0.01210	0.00763	0.00651	0.00214	0.00937	0.00557	0.00438	0.01100
28	0.00945	0.00675	0.00900	0.01080	0.01125	0.00630	0.00720	0.01080	0.01484	0.01979	0.04274	0.72245	0.05128	0.02429	0.00990	0.00315	0.00450	0.02204	0.00720	0.00630
29	0.01017	0.00744	0.00972	0.01127	0.01235	0.00699	0.00835	0.01216	0.01598	0.02080	0.04715	0.47603	0.13405	0.02294	0.01000	0.00318	0.00508	0.17261	0.00718	0.00654
30	0.02947	0.02172	0.02327	0.01784	0.02404	0.02404	0.01474	0.65329	0.03646	0.04887	0.01862	0.01862	0.01319	0.00931	0.00776	0.00233	0.00853	0.00698	0.00776	0.01319
31	0.00945	0.00675	0.00900	0.01080	0.01125	0.00630	0.00720	0.01080	0.01484	0.01979	0.04274	0.72245	0.05128	0.02429	0.00990	0.00315	0.00450	0.02204	0.00720	0.00630
32	0.02861	0.01186	0.01584	0.01261	0.01762	0.01030	0.01024	0.03163	0.02175	0.51863	0.14012	0.03584	0.08657	0.01151	0.00814	0.00243	0.00588	0.00958	0.00921	0.01164
33	0.01464	0.01378	0.02326	0.70887	0.05340	0.01723	0.02153	0.01981	0.01550	0.01981	0.01378	0.02067	0.01034	0.00775	0.00775	0.00258	0.01034	0.00689	0.00345	0.00861
34	0.02947	0.02172	0.02327	0.01784	0.02404	0.02404	0.01474	0.65329	0.03646	0.04887	0.01862	0.01862	0.01319	0.00931	0.00776	0.00233	0.00853	0.00698	0.00776	0.01319
35	0.00945	0.00675	0.00900	0.01080	0.01125	0.00630	0.00720	0.01080	0.01484	0.01979	0.04274	0.72245	0.05128	0.02429	0.00990	0.00315	0.00450	0.02204	0.00720	0.00630
36	0.00945	0.00675	0.00900	0.01080	0.01125	0.00630	0.00720	0.01080	0.01484	0.01979	0.04274	0.72245	0.05128	0.02429	0.00990	0.00315	0.00450	0.02204	0.00720	0.00630
37	0.01487	0.01468	0.02763	0.05451	0.10918	0.01458	0.25904	0.01890	0.01649	0.02249	0.02549	0.26791	0.02665	0.01379	0.01020	0.00284	0.05153	0.03517	0.00512	0.00892
38	0.06563	0.01523	0.01892	0.01457	0.02056	0.01456	0.01203	0.17845	0.02508	0.51071	0.02699	0.02401	0.01735	0.00943	0.00766	0.00238	0.00702	0.00746	0.00897	0.01299
39	0.01347	0.00673	0.01010	0.01010	0.01010	0.00673	0.00673	0.01010	0.01010	0.01347	0.01347	0.02357	0.01347	0.02694	0.03030	0.77441	0.00673	0.00673	0.00337	0.00337
40	0.02664	0.01917	0.02218	0.01819	0.04393	0.10358	0.07538	0.23266	0.02610	0.20988	0.09437	0.02672	0.04533	0.00996	0.00801	0.00235	0.00847	0.00827	0.00733	0.01147
41	0.02022	0.66442	0.10394	0.01413	0.02124	0.02944	0.01477	0.02335	0.01581	0.01886	0.01109	0.01282	0.00994	0.00671	0.00521	0.00174	0.00860	0.00430	0.00331	0.01010
42	0.01608	0.01378	0.01608	0.01148	0.01837	0.01034	0.00919	0.01952	0.01608	0.02527	0.01378	0.01608	0.01148	0.00574	0.00574	0.00115	0.00574	0.00459	0.00459	0.77491
43	0.00954	0.00682	0.00908	0.01073	0.01127	0.00636	0.00720	0.01103	0.01528	0.02048	0.08112	0.68211	0.05261	0.02378	0.00985	0.00311	0.00445	0.02156	0.00728	0.00636
44	0.05727	0.01122	0.01450	0.01418	0.05549	0.01080	0.01009	0.07884	0.02060	0.20200	0.18974	0.23276	0.04022	0.01506	0.00857	0.00261	0.00557	0.01313	0.00789	0.00947
45	0.01016	0.00743	0.00939	0.00983	0.01112	0.00683	0.00692	0.01248	0.01798	0.02440	0.31169	0.31780	0.14127	0.06258	0.01127	0.00304	0.00425	0.01728	0.00761	0.00666
46	0.00945	0.00675	0.00900	0.01080	0.01125	0.00630	0.00720	0.01080	0.01484	0.01979	0.04274	0.72245	0.05128	0.02429	0.00990	0.00315	0.00450	0.02204	0.00720	0.00630
47	0.02889	0.02061	0.02236	0.01732	0.02326	0.02259	0.01423	0.59234	0.03475	0.08161	0.02031	0.04972	0.01517	0.00998	0.00785	0.00237	0.00825	0.00768	0.00783	0.01289
48	0.02540	0.02032	0.02055	0.01816	0.05418	0.10536	0.01372	0.30072	0.16520	0.09353	0.02355	0.08370	0.01890	0.01064	0.00788	0.00243	0.00821	0.00852	0.00722	0.01180
49	0.02402	0.03166	0.27872	0.01988	0.02769	0.14796	0.02014	0.29435	0.02600	0.03389	0.01556	0.01688	0.01129	0.00831	0.00746	0.00231	0.01068	0.00613	0.00532	0.01173
50	0.03382	0.01332	0.01793	0.01380	0.01967	0.01170	0.01138	0.05836	0.02268	0.64109	0.05127	0.02715	0.02075	0.00979	0.00784	0.00240	0.00657	0.00797	0.00950	0.01300
51	0.02297	0.02417	0.01887	0.01640	0.02099	0.29845	0.01275	0.11224	0.11742	0.02644	0.02292	0.02624	0.06577	0.00987	0.00741	0.00214	0.00955	0.04416	0.00561	0.13561
52	0.02182	0.04181	0.01964	0.01630	0.02111	0.05014	0.01292	0.16426	0.48854	0.03472	0.02741	0.02565	0.02050	0.01004	0.00773	0.00251	0.00703	0.00809	0.00754	0.01224
53	0.01099	0.00714	0.00954	0.01098	0.01176	0.00661	0.00745	0.01243	0.01529	0.06015	0.04200	0.68019	0.04933	0.02340	0.00977	0.00310	0.00463	0.02118	0.00734	0.00672
54	0.01892	0.01356	0.01645	0.01214	0.01839	0.01092	0.00978	0.02224	0.01715	0.13212	0.04519	0.01961	0.01537	0.00713	0.00703	0.00150	0.03459	0.00561	0.00553	0.58676
55	0.01704	0.01720	0.02508	0.02110	0.02157	0.02350	0.05523	0.01903	0.01226	0.01903	0.01051	0.01720	0.01027	0.01315	0.02446	0.00335	0.67105	0.00693	0.00342	0.00860
56	0.01528	0.01293	0.01522	0.01140	0.01751	0.00985	0.00895	0.01847	0.01593	0.02460	0.01729	0.10159	0.01630	0.00799	0.00625	0.00139	0.00559	0.00671	0.00491	0.68186
57	0.02749	0.05214	0.20905	0.01710	0.02472	0.01714	0.01716	0.18381	0.02377	0.31592	0.02215	0.02110	0.01471	0.00878	0.00755	0.00237	0.00851	0.00687	0.00711	0.01257

[dist]
# distance from previous block
# <min> <max>
0	1

[block]
# block no. 4 follows, 25 sequences, length 31
# corresponding to MSA columns:
# 194-224
name=unknown_E
#
# <colnr> <probs for GDERKNQSTAVLIFYWHMCP>
#	G	D	E	R	K	N	Q	S	T	A	V	L	I	F	Y	W	H	M	C	P
0	0.09703	0.05729	0.02210	0.01739	0.02268	0.22210	0.01395	0.33143	0.08214	0.03597	0.01668	0.01729	0.01254	0.00871	0.00714	0.00223	0.00970	0.00616	0.00618	0.01128
1	0.02594	0.04642	0.02152	0.01809	0.06441	0.04542	0.01374	0.31493	0.14248	0.13568	0.02494	0.05013	0.04043	0.01019	0.00778	0.00239	0.00774	0.00814	0.00744	0.01218
2	0.00929	0.00780	0.00807	0.00813	0.01058	0.00658	0.00605	0.01133	0.01780	0.02153	0.11452	0.10775	0.60475	0.01964	0.00920	0.00263	0.00394	0.01651	0.00728	0.00658
3	0.02449	0.02019	0.01953	0.01621	0.02043	0.13756	0.01287	0.30287	0.02574	0.08223	0.02233	0.02551	0.05793	0.07043	0.07399	0.00369	0.05946	0.00775	0.00633	0.01046
4	0.02859	0.02710	0.02239	0.01850	0.02375	0.27667	0.01466	0.37727	0.07403	0.03650	0.01701	0.01758	0.01270	0.00889	0.00748	0.00222	0.01042	0.00636	0.00635	0.01154
5	0.01902	0.01825	0.03116	0.07250	0.65557	0.01838	0.02371	0.02365	0.01757	0.02512	0.01455	0.01925	0.01221	0.00694	0.00768	0.00231	0.00925	0.00691	0.00382	0.01214
6	0.01265	0.01076	0.01127	0.01075	0.01382	0.01085	0.00816	0.02137	0.23569	0.02513	0.08276	0.09281	0.40121	0.01667	0.00877	0.00264	0.00469	0.01402	0.00748	0.00849
7	0.01796	0.01903	0.03745	0.12692	0.21262	0.01924	0.35618	0.02348	0.01733	0.02389	0.01477	0.02016	0.01161	0.00726	0.00963	0.00258	0.05744	0.00809	0.00380	0.01057
8	0.01544	0.03801	0.63541	0.02189	0.03280	0.01758	0.04837	0.02412	0.01669	0.02486	0.04385	0.01840	0.01275	0.00772	0.00751	0.00246	0.01116	0.00622	0.00353	0.01124
9	0.00968	0.00692	0.00927	0.01107	0.01162	0.00650	0.00761	0.01121	0.01508	0.02006	0.04260	0.67301	0.05076	0.02407	0.00996	0.00318	0.00470	0.06914	0.00719	0.00636
10	0.01794	0.02008	0.04310	0.03258	0.07967	0.01890	0.58052	0.02410	0.01810	0.02463	0.01690	0.05420	0.01368	0.00740	0.00909	0.00262	0.01242	0.00962	0.00407	0.01038
11	0.01756	0.29454	0.35024	0.01957	0.02842	0.02247	0.09125	0.02358	0.01630	0.02206	0.01400	0.04137	0.01161	0.00762	0.00677	0.00220	0.01020	0.00612	0.00351	0.01060
12	0.01915	0.02079	0.02149	0.01900	0.02026	0.19666	0.01529	0.02110	0.01460	0.01864	0.01234	0.01834	0.01159	0.01922	0.12756	0.00447	0.42091	0.00656	0.00367	0.00837
13	0.02525	0.01905	0.02053	0.01657	0.02192	0.02101	0.01357	0.46672	0.13344	0.04251	0.02643	0.02899	0.06344	0.01107	0.00808	0.00248	0.00773	0.05136	0.00770	0.01215
14	0.02113	0.02302	0.03019	0.07223	0.36393	0.18670	0.10489	0.02523	0.01839	0.02305	0.01381	0.01809	0.01143	0.00752	0.00864	0.00234	0.04798	0.00673	0.00384	0.01083
15	0.02805	0.02463	0.02223	0.01807	0.02353	0.18037	0.01448	0.42952	0.11371	0.03978	0.01873	0.01886	0.01378	0.00916	0.00759	0.00229	0.00950	0.00675	0.00690	0.01209
16	0.00945	0.00675	0.00900	0.01080	0.01125	0.00630	0.00720	0.01080	0.01484	0.01979	0.04274	0.72245	0.05128	0.02429	0.00990	0.00315	0.00450	0.02204	0.00720	0.00630
17	0.57228	0.01828	0.04975	0.01389	0.04895	0.06507	0.01116	0.05747	0.01590	0.06895	0.01272	0.01428	0.00961	0.00749	0.00554	0.00237	0.00716	0.00481	0.00503	0.00930
18	0.02530	0.43324	0.05524	0.01436	0.02084	0.05631	0.01349	0.07166	0.01924	0.19831	0.01678	0.01680	0.01264	0.00770	0.00610	0.00195	0.00824	0.00541	0.00533	0.01105
19	0.78228	0.01499	0.01140	0.01020	0.01499	0.01739	0.00840	0.02279	0.01320	0.03479	0.01080	0.01260	0.00840	0.00720	0.00480	0.00240	0.00600	0.00420	0.00480	0.00840
20	0.00945	0.00675	0.00900	0.01080	0.01125	0.00630	0.00720	0.01080	0.01484	0.01979	0.04274	0.72245	0.05128	0.02429	0.00990	0.00315	0.00450	0.02204	0.00720	0.00630
21	0.02021	0.36714	0.25518	0.01844	0.04727	0.12945	0.01907	0.02489	0.01699	0.02072	0.01215	0.01423	0.00999	0.00710	0.00618	0.00200	0.01027	0.00490	0.00343	0.01039
22	0.01158	0.01037	0.01339	0.13340	0.01974	0.01127	0.01058	0.01425	0.01683	0.02149	0.12136	0.05403	0.38594	0.01616	0.01153	0.00272	0.11909	0.01290	0.00607	0.00730
23	0.00973	0.00704	0.00922	0.01062	0.01142	0.00654	0.00733	0.01147	0.01598	0.02133	0.11936	0.57730	0.09444	0.02288	0.00979	0.00305	0.00446	0.04422	0.00735	0.00647
24	0.05447	0.01698	0.01861	0.01496	0.01971	0.01837	0.01205	0.39346	0.06357	0.06601	0.17879	0.02993	0.02887	0.03762	0.00916	0.00257	0.00701	0.00886	0.00779	0.01121
25	0.33599	0.08693	0.01950	0.04267	0.01953	0.07071	0.01245	0.07090	0.01558	0.02759	0.01197	0.01606	0.01033	0.03639	0.01198	0.00275	0.18989	0.00551	0.00440	0.00885
26	0.01848	0.01770	0.03019	0.15093	0.58135	0.01824	0.02344	0.02317	0.01732	0.02447	0.01446	0.01942	0.01198	0.00704	0.00769	0.00235	0.00939	0.00691	0.00378	0.01171
27	0.01209	0.00879	0.01193	0.01349	0.01538	0.00863	0.01168	0.01546	0.01783	0.02293	0.04565	0.08589	0.12205	0.02120	0.01052	0.00345	0.00675	0.55207	0.00715	0.00707
28	0.73249	0.06188	0.01331	0.01040	0.01532	0.01826	0.00872	0.02282	0.01336	0.03371	0.01080	0.01259	0.00850	0.00716	0.00481	0.00235	0.00615	0.00420	0.00470	0.00850
29	0.01917	0.01591	0.01976	0.01479	0.02092	0.01474	0.05162	0.17421	0.02078	0.03024	0.01543	0.01805	0.01242	0.01063	0.05562	0.00241	0.03500	0.00581	0.00525	0.45723
30	0.05296	0.06923	0.05226	0.01778	0.06787	0.01853	0.01417	0.24370	0.06745	0.24888	0.02183	0.02101	0.01515	0.00880	0.00736	0.00227	0.00769	0.00689	0.00732	0.04885

[dist]
# distance from previous block
# <min> <max>
0	2

[block]
# block no. 5 follows, 25 sequences, length 8
# corresponding to MSA columns:
# 227-234
name=unknown_F
#
# <colnr> <probs for GDERKNQSTAVLIFYWHMCP>
#	G	D	E	R	K	N	Q	S	T	A	V	L	I	F	Y	W	H	M	C	P
0	0.02331	0.06828	0.01941	0.01504	0.01954	0.12172	0.01205	0.15605	0.13894	0.13197	0.10539	0.02867	0.05218	0.01386	0.05590	0.00303	0.00868	0.00830	0.00699	0.01069
1	0.01045	0.00835	0.00934	0.00932	0.01153	0.00743	0.00671	0.01321	0.04475	0.02179	0.10655	0.21612	0.35738	0.07677	0.01152	0.00303	0.00455	0.01597	0.00696	0.05828
2	0.02754	0.02076	0.02218	0.01745	0.02331	0.02314	0.01427	0.53720	0.15569	0.04575	0.02107	0.02057	0.01517	0.00954	0.00778	0.00238	0.00808	0.00732	0.00778	0.01301
3	0.01825	0.01370	0.01525	0.01325	0.01672	0.01426	0.01012	0.24024	0.07465	0.03090	0.03062	0.16622	0.07791	0.13689	0.01371	0.00338	0.00674	0.03878	0.00681	0.07161
4	0.00971	0.00703	0.00921	0.01071	0.01149	0.00653	0.00741	0.01138	0.01571	0.02086	0.08937	0.59485	0.09613	0.02321	0.00984	0.00309	0.00455	0.05520	0.00729	0.00643
5	0.01608	0.01378	0.01608	0.01148	0.01837	0.01034	0.00919	0.01952	0.01608	0.02527	0.01378	0.01608	0.01148	0.00574	0.00574	0.00115	0.00574	0.00459	0.00459	0.77491
6	0.01118	0.00789	0.01033	0.01033	0.01098	0.00853	0.00703	0.01248	0.01183	0.01642	0.02272	0.04126	0.02407	0.41444	0.34690	0.00983	0.01371	0.00989	0.00444	0.00574
7	0.01977	0.01915	0.02372	0.20155	0.17333	0.11138	0.01820	0.09680	0.07767	0.02515	0.01591	0.02015	0.01282	0.01198	0.05430	0.00315	0.09331	0.00690	0.00455	0.01020

[dist]
# distance from previous block
# <min> <max>
0	2

[block]
# block no. 6 follows, 25 sequences, length 43
# corresponding to MSA columns:
# 237-279
name=unknown_G
#
# <colnr> <probs for GDERKNQSTAVLIFYWHMCP>
#	G	D	E	R	K	N	Q	S	T	A	V	L	I	F	Y	W	H	M	C	P
0	0.08311	0.05518	0.02069	0.01762	0.02174	0.37227	0.01367	0.03222	0.18350	0.05623	0.01761	0.01840	0.01380	0.00894	0.00813	0.00228	0.05327	0.00610	0.00526	0.00999
1	0.02113	0.50651	0.10717	0.01510	0.02172	0.11922	0.01495	0.04633	0.01749	0.02023	0.01430	0.01581	0.03692	0.00752	0.00578	0.00185	0.00925	0.00503	0.00372	0.00996
2	0.00956	0.00707	0.00879	0.01002	0.01094	0.00646	0.00679	0.01106	0.01552	0.02024	0.07637	0.52321	0.17777	0.06365	0.01143	0.00326	0.00452	0.01992	0.00711	0.00630
3	0.73656	0.01540	0.01212	0.01066	0.01554	0.01780	0.00878	0.06108	0.01461	0.03564	0.01127	0.01296	0.00869	0.00733	0.00498	0.00239	0.00615	0.00437	0.00498	0.00869
4	0.01965	0.06469	0.03905	0.02784	0.03403	0.06943	0.43234	0.06057	0.01847	0.02446	0.01444	0.01916	0.01137	0.00789	0.01118	0.00262	0.12057	0.00806	0.00403	0.01018
5	0.02073	0.73217	0.04063	0.01327	0.01990	0.03068	0.01327	0.02322	0.01575	0.01824	0.01078	0.01244	0.00995	0.00663	0.00498	0.00166	0.00829	0.00415	0.00332	0.00995
6	0.01829	0.01813	0.02784	0.28163	0.40744	0.06799	0.02234	0.02290	0.01721	0.02289	0.01411	0.01934	0.01142	0.00729	0.00765	0.00238	0.00996	0.00676	0.00371	0.01073
7	0.01297	0.01169	0.01135	0.01093	0.01375	0.05982	0.00831	0.01907	0.14336	0.02452	0.14768	0.08755	0.36229	0.01675	0.00885	0.00261	0.00520	0.03806	0.00729	0.00795
8	0.02752	0.02075	0.02217	0.01744	0.02330	0.02313	0.01426	0.53584	0.15708	0.04571	0.02110	0.02059	0.01520	0.00954	0.00778	0.00239	0.00807	0.00732	0.00778	0.01301
9	0.01625	0.01553	0.02631	0.33977	0.31595	0.01691	0.04583	0.02096	0.01672	0.02246	0.01980	0.02472	0.06882	0.00837	0.00790	0.00247	0.00941	0.00781	0.00396	0.01007
10	0.00943	0.00682	0.00892	0.01061	0.01120	0.00631	0.00711	0.01082	0.01503	0.01987	0.04502	0.68116	0.09109	0.02399	0.00985	0.00312	0.00446	0.02168	0.00720	0.00631
11	0.01448	0.01286	0.01342	0.01227	0.01552	0.06964	0.03469	0.02088	0.14508	0.04615	0.13655	0.05526	0.32651	0.01560	0.00877	0.00259	0.00583	0.04833	0.00718	0.00838
12	0.02444	0.02906	0.02309	0.02491	0.15672	0.44715	0.01639	0.02702	0.01951	0.02016	0.01327	0.01686	0.01140	0.01307	0.07634	0.00318	0.05824	0.00583	0.00394	0.00943
13	0.01108	0.00743	0.00852	0.00871	0.00876	0.00739	0.00497	0.01122	0.01166	0.01555	0.02641	0.12341	0.03069	0.65143	0.03627	0.00704	0.00719	0.01244	0.00497	0.00487
14	0.02116	0.02412	0.02538	0.02147	0.02362	0.25072	0.08046	0.02344	0.01594	0.01939	0.01135	0.01636	0.01027	0.01097	0.01756	0.00284	0.40603	0.00642	0.00365	0.00885
15	0.01128	0.00752	0.00846	0.00846	0.00846	0.00752	0.00470	0.01128	0.01128	0.01503	0.02443	0.05074	0.02819	0.72751	0.03946	0.00752	0.00752	0.01128	0.00470	0.00470
16	0.00945	0.00675	0.00900	0.01080	0.01125	0.00630	0.00720	0.01080	0.01484	0.01979	0.04274	0.72245	0.05128	0.02429	0.00990	0.00315	0.00450	0.02204	0.00720	0.00630
17	0.00991	0.00708	0.00953	0.01132	0.01197	0.00669	0.00800	0.01159	0.01530	0.02031	0.04248	0.62651	0.05028	0.02386	0.01002	0.00321	0.00490	0.11344	0.00719	0.00642
18	0.02947	0.02172	0.02327	0.01784	0.02404	0.02404	0.01474	0.65329	0.03646	0.04887	0.01862	0.01862	0.01319	0.00931	0.00776	0.00233	0.00853	0.00698	0.00776	0.01319
19	0.01445	0.00723	0.00723	0.00723	0.00903	0.00723	0.00542	0.01807	0.01626	0.02891	0.02529	0.02891	0.01987	0.00903	0.00542	0.00181	0.00361	0.00723	0.77055	0.00723
20	0.01092	0.00737	0.00856	0.00891	0.00900	0.00728	0.00518	0.01118	0.01197	0.01596	0.02800	0.18158	0.03269	0.59053	0.03371	0.00667	0.00693	0.01337	0.00518	0.00501
21	0.01464	0.01378	0.02326	0.70887	0.05340	0.01723	0.02153	0.01981	0.01550	0.01981	0.01378	0.02067	0.01034	0.00775	0.00775	0.00258	0.01034	0.00689	0.00345	0.00861
22	0.01464	0.01378	0.02326	0.70887	0.05340	0.01723	0.02153	0.01981	0.01550	0.01981	0.01378	0.02067	0.01034	0.00775	0.00775	0.00258	0.01034	0.00689	0.00345	0.00861
23	0.02073	0.73217	0.04063	0.01327	0.01990	0.03068	0.01327	0.02322	0.01575	0.01824	0.01078	0.01244	0.00995	0.00663	0.00498	0.00166	0.00829	0.00415	0.00332	0.00995
24	0.02947	0.02172	0.02327	0.01784	0.02404	0.02404	0.01474	0.65329	0.03646	0.04887	0.01862	0.01862	0.01319	0.00931	0.00776	0.00233	0.00853	0.00698	0.00776	0.01319
25	0.01696	0.01696	0.02375	0.02036	0.02036	0.02375	0.01696	0.01866	0.01187	0.01866	0.01018	0.01696	0.01018	0.01357	0.02545	0.00339	0.71332	0.00679	0.00339	0.00848
26	0.01919	0.01842	0.03147	0.04759	0.67914	0.01842	0.02380	0.02380	0.01765	0.02533	0.01458	0.01919	0.01228	0.00691	0.00768	0.00230	0.00921	0.00691	0.00384	0.01228
27	0.00916	0.00785	0.00785	0.00785	0.01047	0.00655	0.00589	0.01113	0.01767	0.02095	0.07855	0.07462	0.67599	0.01964	0.00916	0.00262	0.00393	0.01636	0.00720	0.00655
28	0.02073	0.73217	0.04063	0.01327	0.01990	0.03068	0.01327	0.02322	0.01575	0.01824	0.01078	0.01244	0.00995	0.00663	0.00498	0.00166	0.00829	0.00415	0.00332	0.00995
29	0.02945	0.02247	0.02321	0.01794	0.02404	0.05707	0.01475	0.62272	0.03574	0.04740	0.01829	0.01839	0.01303	0.00924	0.00772	0.00231	0.00880	0.00688	0.00757	0.01298
30	0.01128	0.00752	0.00846	0.00846	0.00846	0.00752	0.00470	0.01128	0.01128	0.01503	0.02443	0.05074	0.02819	0.72751	0.03946	0.00752	0.00752	0.01128	0.00470	0.00470
31	0.00945	0.00675	0.00900	0.01080	0.01125	0.00630	0.00720	0.01080	0.01484	0.01979	0.04274	0.72245	0.05128	0.02429	0.00990	0.00315	0.00450	0.02204	0.00720	0.00630
32	0.01919	0.01842	0.03147	0.04759	0.67914	0.01842	0.02380	0.02380	0.01765	0.02533	0.01458	0.01919	0.01228	0.00691	0.00768	0.00230	0.00921	0.00691	0.00384	0.01228
33	0.01097	0.00793	0.01036	0.00975	0.01158	0.00732	0.00732	0.01463	0.02195	0.03109	0.67505	0.05792	0.07316	0.01585	0.00914	0.00244	0.00366	0.01402	0.00854	0.00732
34	0.00945	0.00675	0.00900	0.01080	0.01125	0.00630	0.00720	0.01080	0.01484	0.01979	0.04274	0.72245	0.05128	0.02429	0.00990	0.00315	0.00450	0.02204	0.00720	0.00630
35	0.01464	0.01378	0.02326	0.70887	0.05340	0.01723	0.02153	0.01981	0.01550	0.01981	0.01378	0.02067	0.01034	0.00775	0.00775	0.00258	0.01034	0.00689	0.00345	0.00861
36	0.01445	0.00723	0.00723	0.00723	0.00903	0.00723	0.00542	0.01807	0.01626	0.02891	0.02529	0.02891	0.01987	0.00903	0.00542	0.00181	0.00361	0.00723	0.77055	0.00723
37	0.01464	0.01378	0.02326	0.70887	0.05340	0.01723	0.02153	0.01981	0.01550	0.01981	0.01378	0.02067	0.01034	0.00775	0.00775	0.00258	0.01034	0.00689	0.00345	0.00861
38	0.03232	0.01513	0.05870	0.01455	0.02071	0.01242	0.01269	0.07162	0.02247	0.57827	0.02935	0.02805	0.01941	0.00997	0.00790	0.00245	0.00703	0.03515	0.00900	0.01282
39	0.06803	0.01377	0.01762	0.01390	0.01962	0.01279	0.01138	0.03756	0.11255	0.56164	0.02979	0.02610	0.01931	0.00961	0.00767	0.00243	0.00650	0.00776	0.00913	0.01284
40	0.01984	0.02053	0.03130	0.10373	0.46461	0.10011	0.09877	0.02442	0.01805	0.02399	0.01433	0.01891	0.01176	0.00707	0.00778	0.00233	0.01036	0.00695	0.00383	0.01132
41	0.01297	0.01004	0.01350	0.01545	0.06014	0.00988	0.01165	0.01761	0.07061	0.02347	0.03923	0.19206	0.07636	0.01898	0.00971	0.00312	0.00643	0.34532	0.00683	0.05665
42	0.01599	0.01630	0.03159	0.30421	0.04160	0.01730	0.29902	0.02139	0.01692	0.02284	0.04536	0.04776	0.01557	0.00840	0.00901	0.00261	0.03409	0.00876	0.03205	0.00924

[dist]
# distance from previous block
# <min> <max>
0	5

# created by:
# /st0/software/busco_prod/Augustus/scripts/msa2prfl.pl ./align_prep/116241.fa
