[name]
unknown

[dist]
# distance from previous block
# <min> <max>
9	109

[block]
# block no. 0 follows, 25 sequences, length 166
# corresponding to MSA columns:
# 123-288
name=unknown_A
#
# <colnr> <probs for GDERKNQSTAVLIFYWHMCP>
#	G	D	E	R	K	N	Q	S	T	A	V	L	I	F	Y	W	H	M	C	P
0	0.02266	0.02398	0.26163	0.02112	0.11356	0.01495	0.01906	0.04710	0.01896	0.23501	0.01942	0.01995	0.01349	0.00782	0.00730	0.00221	0.00863	0.00641	0.00570	0.13103
1	0.01770	0.06094	0.39256	0.03085	0.26603	0.04992	0.02562	0.02452	0.01707	0.02432	0.01394	0.01712	0.01072	0.00720	0.00736	0.00235	0.01063	0.00606	0.00351	0.01158
2	0.01919	0.01842	0.03147	0.04759	0.67914	0.01842	0.02380	0.02380	0.01765	0.02533	0.01458	0.01919	0.01228	0.00691	0.00768	0.00230	0.00921	0.00691	0.00384	0.01228
3	0.01195	0.00814	0.01068	0.00992	0.01192	0.00748	0.00748	0.01558	0.02196	0.05799	0.64852	0.05662	0.07094	0.01559	0.00909	0.00244	0.00378	0.01377	0.00858	0.00756
4	0.01089	0.00785	0.00954	0.00912	0.01112	0.00714	0.00684	0.01417	0.02051	0.02869	0.48748	0.05899	0.19983	0.01607	0.00882	0.00242	0.00371	0.01393	0.07574	0.00714
5	0.01696	0.01696	0.02375	0.02036	0.02036	0.02375	0.01696	0.01866	0.01187	0.01866	0.01018	0.01696	0.01018	0.01357	0.02545	0.00339	0.71332	0.00679	0.00339	0.00848
6	0.01608	0.01378	0.01608	0.01148	0.01837	0.01034	0.00919	0.01952	0.01608	0.02527	0.01378	0.01608	0.01148	0.00574	0.00574	0.00115	0.00574	0.00459	0.00459	0.77491
7	0.01112	0.00814	0.01163	0.01163	0.01272	0.00924	0.00865	0.01331	0.01221	0.01738	0.02153	0.03468	0.02122	0.19745	0.55999	0.01143	0.01801	0.00893	0.00427	0.00646
8	0.02947	0.02172	0.02327	0.01784	0.02404	0.02404	0.01474	0.65329	0.03646	0.04887	0.01862	0.01862	0.01319	0.00931	0.00776	0.00233	0.00853	0.00698	0.00776	0.01319
9	0.01464	0.01378	0.02326	0.70887	0.05340	0.01723	0.02153	0.01981	0.01550	0.01981	0.01378	0.02067	0.01034	0.00775	0.00775	0.00258	0.01034	0.00689	0.00345	0.00861
10	0.01919	0.01842	0.03147	0.04759	0.67914	0.01842	0.02380	0.02380	0.01765	0.02533	0.01458	0.01919	0.01228	0.00691	0.00768	0.00230	0.00921	0.00691	0.00384	0.01228
11	0.03479	0.01320	0.01799	0.01380	0.01979	0.01140	0.01140	0.03779	0.02219	0.68451	0.03059	0.02639	0.01919	0.00960	0.00780	0.00240	0.00660	0.00780	0.00960	0.01320
12	0.16520	0.01384	0.01705	0.01333	0.01912	0.01294	0.01100	0.05934	0.02118	0.54600	0.02666	0.02367	0.01707	0.00917	0.00727	0.00240	0.00657	0.00714	0.00869	0.01236
13	0.01172	0.00890	0.01385	0.01315	0.01491	0.01004	0.04364	0.01475	0.01306	0.01918	0.02084	0.02983	0.01901	0.05170	0.60808	0.01113	0.01907	0.00827	0.06173	0.00713
14	0.01008	0.00727	0.00968	0.01138	0.01223	0.00687	0.00826	0.01194	0.01564	0.02058	0.04429	0.55251	0.08324	0.02343	0.01003	0.00321	0.00503	0.15065	0.00719	0.00649
15	0.03434	0.01503	0.01830	0.01427	0.02012	0.06440	0.01167	0.03726	0.02218	0.63302	0.02915	0.02543	0.01848	0.00947	0.00773	0.00237	0.00717	0.00758	0.00916	0.01287
16	0.01657	0.01481	0.02326	0.61922	0.04959	0.01811	0.02065	0.10200	0.01822	0.02358	0.01441	0.02041	0.01071	0.00795	0.00775	0.00255	0.01010	0.00690	0.00400	0.00921
17	0.06048	0.09435	0.41619	0.02028	0.02966	0.01858	0.07835	0.05217	0.01796	0.11730	0.01614	0.01771	0.01137	0.00761	0.00725	0.00238	0.01023	0.00615	0.00448	0.01138
18	0.02150	0.05884	0.41619	0.01849	0.02754	0.01591	0.02151	0.02808	0.01845	0.22977	0.05429	0.02154	0.01612	0.00848	0.00750	0.00240	0.00940	0.00675	0.00552	0.01171
19	0.01791	0.01384	0.01301	0.01174	0.01503	0.11134	0.00906	0.02087	0.04195	0.14775	0.07705	0.07174	0.33541	0.01509	0.00912	0.00250	0.03530	0.01219	0.03061	0.00850
20	0.01665	0.01583	0.02688	0.41700	0.32958	0.01775	0.02253	0.02157	0.01645	0.02225	0.01414	0.02002	0.01119	0.00738	0.00772	0.00246	0.00984	0.00690	0.00362	0.01023
21	0.01357	0.01233	0.02159	0.01825	0.02124	0.01210	0.20319	0.05035	0.01693	0.02285	0.03173	0.43905	0.03534	0.01760	0.01027	0.00295	0.03996	0.01661	0.00606	0.00803
22	0.08641	0.09019	0.14858	0.07760	0.31286	0.01969	0.04705	0.05331	0.04574	0.02635	0.01468	0.01802	0.01165	0.00730	0.00719	0.00232	0.00932	0.00637	0.00410	0.01128
23	0.01650	0.01568	0.02661	0.43868	0.30908	0.01772	0.02246	0.02144	0.01638	0.02207	0.01411	0.02007	0.01113	0.00741	0.00772	0.00247	0.00988	0.00690	0.00361	0.01011
24	0.01919	0.01842	0.03147	0.04759	0.67914	0.01842	0.02380	0.02380	0.01765	0.02533	0.01458	0.01919	0.01228	0.00691	0.00768	0.00230	0.00921	0.00691	0.00384	0.01228
25	0.01686	0.15055	0.56029	0.02061	0.03103	0.04423	0.02570	0.02457	0.01647	0.02335	0.01334	0.01566	0.00985	0.00727	0.00697	0.00231	0.01104	0.00545	0.00331	0.01113
26	0.01591	0.01508	0.02555	0.52415	0.22820	0.01756	0.02217	0.02092	0.01610	0.02135	0.01401	0.02026	0.01088	0.00752	0.00773	0.00251	0.01002	0.00690	0.00356	0.00964
27	0.01623	0.01649	0.03250	0.02478	0.03007	0.01592	0.39418	0.04963	0.01835	0.02487	0.05169	0.16818	0.02492	0.01201	0.00990	0.00280	0.03343	0.05957	0.00519	0.00929
28	0.01903	0.01826	0.03118	0.07132	0.65669	0.01838	0.02371	0.02365	0.01758	0.02513	0.01456	0.01924	0.01221	0.00694	0.00768	0.00231	0.00925	0.00691	0.00382	0.01215
29	0.09736	0.02377	0.01883	0.01618	0.02054	0.26476	0.01264	0.21270	0.06548	0.03230	0.10708	0.02287	0.02078	0.00959	0.00729	0.00223	0.00924	0.00709	0.03920	0.01008
30	0.01684	0.21241	0.52632	0.01990	0.03016	0.02116	0.02482	0.02422	0.01622	0.02298	0.01313	0.01539	0.00985	0.00718	0.00677	0.00226	0.01067	0.00534	0.00328	0.01108
31	0.01919	0.01842	0.03147	0.04759	0.67914	0.01842	0.02380	0.02380	0.01765	0.02533	0.01458	0.01919	0.01228	0.00691	0.00768	0.00230	0.00921	0.00691	0.00384	0.01228
32	0.03479	0.01320	0.01799	0.01380	0.01979	0.01140	0.01140	0.03779	0.02219	0.68451	0.03059	0.02639	0.01919	0.00960	0.00780	0.00240	0.00660	0.00780	0.00960	0.01320
33	0.02050	0.01569	0.02321	0.04864	0.02500	0.01616	0.15635	0.07225	0.23078	0.13666	0.02994	0.08882	0.05686	0.01129	0.00848	0.00264	0.00790	0.03095	0.00695	0.01093
34	0.01485	0.01400	0.02364	0.67830	0.08233	0.01728	0.02164	0.01999	0.01560	0.02007	0.01382	0.02060	0.01043	0.00771	0.00775	0.00257	0.01028	0.00689	0.00346	0.00878
35	0.00955	0.00682	0.00912	0.01091	0.01141	0.00639	0.00738	0.01097	0.01495	0.01991	0.04268	0.70095	0.05106	0.02419	0.00992	0.00316	0.00459	0.04252	0.00720	0.00633
36	0.05419	0.06513	0.02275	0.01888	0.02349	0.50057	0.01463	0.16181	0.02445	0.02579	0.01329	0.01484	0.01061	0.00818	0.00699	0.00207	0.01230	0.00535	0.00479	0.00990
37	0.02239	0.02073	0.01746	0.01573	0.01902	0.24381	0.01196	0.13621	0.02228	0.08673	0.07728	0.21064	0.02771	0.01363	0.00889	0.00249	0.03639	0.01101	0.00640	0.00925
38	0.01014	0.00850	0.00892	0.00884	0.01147	0.00758	0.00674	0.01367	0.06178	0.02264	0.12130	0.07079	0.55485	0.01880	0.00915	0.00265	0.00420	0.04362	0.00735	0.00702
39	0.67349	0.01482	0.01308	0.10921	0.02044	0.01737	0.01026	0.02237	0.01352	0.03267	0.01122	0.01374	0.00867	0.00728	0.00522	0.00243	0.00661	0.00458	0.00461	0.00843
40	0.01622	0.10571	0.59478	0.02243	0.06209	0.01925	0.02694	0.02439	0.01637	0.02398	0.01364	0.01612	0.00995	0.00727	0.00715	0.00237	0.01105	0.00563	0.00330	0.01135
41	0.01905	0.01827	0.03121	0.06866	0.65921	0.01838	0.02372	0.02367	0.01759	0.02516	0.01456	0.01924	0.01222	0.00694	0.00768	0.00231	0.00925	0.00691	0.00383	0.01216
42	0.00945	0.00675	0.00900	0.01080	0.01125	0.00630	0.00720	0.01080	0.01484	0.01979	0.04274	0.72245	0.05128	0.02429	0.00990	0.00315	0.00450	0.02204	0.00720	0.00630
43	0.01163	0.00822	0.01151	0.01214	0.01336	0.00780	0.03522	0.03897	0.01617	0.04679	0.04011	0.63657	0.04678	0.02235	0.00970	0.00306	0.00511	0.02032	0.00717	0.00703
44	0.01347	0.00673	0.01010	0.01010	0.01010	0.00673	0.00673	0.01010	0.01010	0.01347	0.01347	0.02357	0.01347	0.02694	0.03030	0.77441	0.00673	0.00673	0.00337	0.00337
45	0.01128	0.00752	0.00846	0.00846	0.00846	0.00752	0.00470	0.01128	0.01128	0.01503	0.02443	0.05074	0.02819	0.72751	0.03946	0.00752	0.00752	0.01128	0.00470	0.00470
46	0.01830	0.02092	0.04575	0.03268	0.04052	0.01961	0.65098	0.02484	0.01830	0.02484	0.01569	0.02092	0.01176	0.00654	0.00915	0.00261	0.01307	0.00915	0.00392	0.01046
47	0.19078	0.05792	0.06699	0.01677	0.02253	0.17914	0.01431	0.29947	0.02571	0.03577	0.01469	0.01579	0.01102	0.00829	0.00678	0.00224	0.00944	0.00570	0.00573	0.01090
48	0.01807	0.02255	0.10039	0.03178	0.03993	0.01947	0.59798	0.02481	0.01814	0.02481	0.01554	0.02053	0.01160	0.00661	0.00900	0.00260	0.01293	0.00886	0.00387	0.01054
49	0.00945	0.00675	0.00900	0.01080	0.01125	0.00630	0.00720	0.01080	0.01484	0.01979	0.04274	0.72245	0.05128	0.02429	0.00990	0.00315	0.00450	0.02204	0.00720	0.00630
50	0.02109	0.70212	0.03982	0.01356	0.02008	0.05946	0.01334	0.02355	0.01602	0.01827	0.01083	0.01250	0.00995	0.00669	0.00506	0.00167	0.00854	0.00418	0.00335	0.00991
51	0.02059	0.01546	0.01780	0.01306	0.01973	0.01341	0.01058	0.15881	0.02103	0.08665	0.01627	0.01751	0.01251	0.00685	0.00636	0.00151	0.00642	0.00539	0.00571	0.54438
52	0.08879	0.11833	0.19712	0.01702	0.02407	0.10777	0.01683	0.10126	0.06641	0.16301	0.01822	0.01844	0.01304	0.00824	0.00696	0.00227	0.00920	0.00608	0.00565	0.01129
53	0.01899	0.01811	0.03034	0.07614	0.61467	0.01841	0.02307	0.02456	0.05276	0.02546	0.01547	0.01979	0.01281	0.00714	0.00769	0.00233	0.00910	0.00701	0.00404	0.01211
54	0.02094	0.01584	0.04331	0.01665	0.05538	0.01584	0.01280	0.08263	0.31117	0.14020	0.05589	0.09146	0.02566	0.01158	0.00807	0.00255	0.00655	0.03140	0.00756	0.04452
55	0.02003	0.02975	0.35071	0.01911	0.02721	0.06463	0.02065	0.10236	0.16144	0.07281	0.04168	0.02128	0.01602	0.00876	0.00759	0.00244	0.00954	0.00691	0.00545	0.01164
56	0.01110	0.00820	0.01191	0.01191	0.01311	0.00940	0.00901	0.01350	0.01230	0.01759	0.02127	0.03323	0.02059	0.14946	0.60711	0.01179	0.01896	0.00871	0.00423	0.00662
57	0.02226	0.01770	0.01843	0.01600	0.02074	0.04396	0.01259	0.11406	0.50827	0.09251	0.02920	0.02691	0.02151	0.01020	0.00783	0.00255	0.00675	0.00833	0.00788	0.01234
58	0.01751	0.01670	0.02868	0.23830	0.44217	0.01766	0.04497	0.02230	0.01706	0.02360	0.01566	0.02295	0.01324	0.00784	0.00790	0.00246	0.00958	0.03664	0.00388	0.01090
59	0.01837	0.01994	0.06590	0.09059	0.37866	0.01873	0.24401	0.02390	0.01766	0.02471	0.01488	0.01978	0.01184	0.00686	0.00819	0.00244	0.01075	0.00764	0.00381	0.01133
60	0.02022	0.66446	0.10390	0.01413	0.02124	0.02944	0.01477	0.02335	0.01581	0.01886	0.01109	0.01282	0.00994	0.00671	0.00521	0.00174	0.00860	0.00430	0.00331	0.01010
61	0.03394	0.01338	0.01797	0.01390	0.01981	0.01182	0.01144	0.03797	0.05715	0.64906	0.03064	0.02653	0.01944	0.00965	0.00780	0.00241	0.00657	0.00785	0.00950	0.01315
62	0.01446	0.00754	0.00799	0.04079	0.01116	0.00771	0.00619	0.01815	0.01622	0.02847	0.02474	0.02851	0.01942	0.00897	0.00553	0.00184	0.00393	0.00721	0.73386	0.00729
63	0.01837	0.23126	0.38519	0.04931	0.02999	0.08639	0.05123	0.02460	0.01678	0.02207	0.01293	0.01543	0.00998	0.00720	0.00676	0.00220	0.01084	0.00542	0.00339	0.01063
64	0.00962	0.00788	0.00842	0.00862	0.01092	0.00681	0.00650	0.01167	0.01744	0.02123	0.09618	0.10383	0.54061	0.05225	0.01071	0.00294	0.00437	0.06634	0.00714	0.00653
65	0.00984	0.00824	0.00860	0.00845	0.01104	0.00720	0.00635	0.01289	0.04622	0.02277	0.15454	0.07046	0.56894	0.01875	0.00911	0.00260	0.00399	0.01573	0.00740	0.00689
66	0.01555	0.04011	0.68733	0.02210	0.03356	0.01801	0.02865	0.02455	0.01637	0.02455	0.01391	0.01637	0.00982	0.00737	0.00737	0.00246	0.01146	0.00573	0.00327	0.01146
67	0.01464	0.01378	0.02326	0.70887	0.05340	0.01723	0.02153	0.01981	0.01550	0.01981	0.01378	0.02067	0.01034	0.00775	0.00775	0.00258	0.01034	0.00689	0.00345	0.00861
68	0.01129	0.00862	0.01287	0.01274	0.01408	0.01020	0.00995	0.01402	0.01244	0.01802	0.02039	0.02998	0.01905	0.05655	0.67269	0.01214	0.04562	0.00825	0.00413	0.00698
69	0.00952	0.00678	0.00898	0.01070	0.01114	0.00635	0.00710	0.01082	0.01470	0.01961	0.04202	0.69606	0.05038	0.05191	0.01106	0.00332	0.00462	0.02162	0.00710	0.00623
70	0.01737	0.01816	0.03044	0.02410	0.02648	0.02249	0.20964	0.02054	0.01383	0.02054	0.01185	0.01816	0.01066	0.01143	0.02049	0.00316	0.50052	0.00750	0.00355	0.00908
71	0.01464	0.01378	0.02326	0.70887	0.05340	0.01723	0.02153	0.01981	0.01550	0.01981	0.01378	0.02067	0.01034	0.00775	0.00775	0.00258	0.01034	0.00689	0.00345	0.00861
72	0.01128	0.00752	0.00846	0.00846	0.00846	0.00752	0.00470	0.01128	0.01128	0.01503	0.02443	0.05074	0.02819	0.72751	0.03946	0.00752	0.00752	0.01128	0.00470	0.00470
73	0.02073	0.73217	0.04063	0.01327	0.01990	0.03068	0.01327	0.02322	0.01575	0.01824	0.01078	0.01244	0.00995	0.00663	0.00498	0.00166	0.00829	0.00415	0.00332	0.00995
74	0.22528	0.05243	0.02025	0.01525	0.02096	0.05696	0.01261	0.34972	0.02689	0.12224	0.01738	0.01750	0.01238	0.00860	0.00682	0.00231	0.00791	0.00612	0.00681	0.01157
75	0.01555	0.04011	0.68733	0.02210	0.03356	0.01801	0.02865	0.02455	0.01637	0.02455	0.01391	0.01637	0.00982	0.00737	0.00737	0.00246	0.01146	0.00573	0.00327	0.01146
76	0.00945	0.00675	0.00900	0.01080	0.01125	0.00630	0.00720	0.01080	0.01484	0.01979	0.04274	0.72245	0.05128	0.02429	0.00990	0.00315	0.00450	0.02204	0.00720	0.00630
77	0.01589	0.06889	0.63177	0.02218	0.03328	0.01862	0.05504	0.02451	0.01643	0.02430	0.01386	0.01640	0.00991	0.00730	0.00734	0.00243	0.01139	0.00581	0.00330	0.01135
78	0.01830	0.02092	0.04575	0.03268	0.04052	0.01961	0.65098	0.02484	0.01830	0.02484	0.01569	0.02092	0.01176	0.00654	0.00915	0.00261	0.01307	0.00915	0.00392	0.01046
79	0.00926	0.00786	0.00799	0.00796	0.01053	0.00659	0.00597	0.01132	0.01791	0.02150	0.11098	0.07371	0.64322	0.01943	0.00916	0.00261	0.00391	0.01624	0.00727	0.00659
80	0.01568	0.03934	0.66412	0.02300	0.05641	0.01802	0.02848	0.02453	0.01642	0.02458	0.01394	0.01647	0.00991	0.00735	0.00738	0.00245	0.01138	0.00577	0.00329	0.01149
81	0.00945	0.00675	0.00900	0.01080	0.01125	0.00630	0.00720	0.01080	0.01484	0.01979	0.04274	0.72245	0.05128	0.02429	0.00990	0.00315	0.00450	0.02204	0.00720	0.00630
82	0.06187	0.01115	0.01425	0.01269	0.01635	0.01062	0.01034	0.04934	0.04072	0.26151	0.21296	0.07002	0.04005	0.01419	0.00869	0.00268	0.00584	0.13864	0.00833	0.00977
83	0.02896	0.03695	0.02197	0.01998	0.02397	0.69638	0.01498	0.03096	0.02197	0.01898	0.01199	0.01398	0.00999	0.00799	0.00699	0.00200	0.01398	0.00499	0.00400	0.00899
84	0.44986	0.01796	0.01664	0.01357	0.01899	0.02033	0.01120	0.30120	0.02347	0.04100	0.01425	0.01525	0.01051	0.00813	0.00610	0.00237	0.00712	0.00543	0.00610	0.01051
85	0.00926	0.00786	0.00799	0.00796	0.01053	0.00659	0.00597	0.01131	0.01790	0.02149	0.11042	0.07373	0.64378	0.01943	0.00916	0.00261	0.00391	0.01624	0.00727	0.00659
86	0.01919	0.01842	0.03147	0.04759	0.67914	0.01842	0.02380	0.02380	0.01765	0.02533	0.01458	0.01919	0.01228	0.00691	0.00768	0.00230	0.00921	0.00691	0.00384	0.01228
87	0.78228	0.01499	0.01140	0.01020	0.01499	0.01739	0.00840	0.02279	0.01320	0.03479	0.01080	0.01260	0.00840	0.00720	0.00480	0.00240	0.00600	0.00420	0.00480	0.00840
88	0.01464	0.01378	0.02326	0.70887	0.05340	0.01723	0.02153	0.01981	0.01550	0.01981	0.01378	0.02067	0.01034	0.00775	0.00775	0.00258	0.01034	0.00689	0.00345	0.00861
89	0.01834	0.02080	0.04509	0.03337	0.07004	0.01955	0.62199	0.02479	0.01827	0.02486	0.01564	0.02084	0.01179	0.00655	0.00908	0.00260	0.01289	0.00905	0.00392	0.01054
90	0.78228	0.01499	0.01140	0.01020	0.01499	0.01739	0.00840	0.02279	0.01320	0.03479	0.01080	0.01260	0.00840	0.00720	0.00480	0.00240	0.00600	0.00420	0.00480	0.00840
91	0.01464	0.01378	0.02326	0.70887	0.05340	0.01723	0.02153	0.01981	0.01550	0.01981	0.01378	0.02067	0.01034	0.00775	0.00775	0.00258	0.01034	0.00689	0.00345	0.00861
92	0.01236	0.00978	0.01649	0.01515	0.01728	0.00910	0.13113	0.01479	0.01586	0.05256	0.03696	0.55432	0.04215	0.02018	0.00965	0.00301	0.00625	0.01888	0.00668	0.00743
93	0.01696	0.01696	0.02375	0.02036	0.02036	0.02375	0.01696	0.01866	0.01187	0.01866	0.01018	0.01696	0.01018	0.01357	0.02545	0.00339	0.71332	0.00679	0.00339	0.00848
94	0.64799	0.01506	0.01238	0.01085	0.01547	0.01724	0.00882	0.08295	0.01570	0.03519	0.03768	0.01650	0.01217	0.03748	0.00668	0.00261	0.00622	0.00514	0.00522	0.00867
95	0.03215	0.01743	0.02061	0.01580	0.02190	0.01767	0.01305	0.34326	0.02927	0.36904	0.02465	0.02253	0.01621	0.00945	0.00778	0.00236	0.00756	0.00739	0.00868	0.01319
96	0.01464	0.01378	0.02326	0.70887	0.05340	0.01723	0.02153	0.01981	0.01550	0.01981	0.01378	0.02067	0.01034	0.00775	0.00775	0.00258	0.01034	0.00689	0.00345	0.00861
97	0.01555	0.04011	0.68733	0.02210	0.03356	0.01801	0.02865	0.02455	0.01637	0.02455	0.01391	0.01637	0.00982	0.00737	0.00737	0.00246	0.01146	0.00573	0.00327	0.01146
98	0.03172	0.05301	0.04430	0.01527	0.02107	0.13683	0.01280	0.03551	0.04818	0.48111	0.02570	0.02322	0.01693	0.00912	0.00750	0.00230	0.00817	0.00708	0.00798	0.01218
99	0.01471	0.00876	0.01130	0.01019	0.01268	0.00792	0.00773	0.01794	0.02112	0.13578	0.48874	0.05385	0.11310	0.04919	0.01038	0.00269	0.00434	0.01308	0.00841	0.00808
100	0.00918	0.00781	0.00790	0.00798	0.01051	0.00653	0.00595	0.01111	0.01755	0.02090	0.07699	0.10278	0.64884	0.01984	0.00920	0.00264	0.00395	0.01661	0.00720	0.00653
101	0.01919	0.01842	0.03147	0.04759	0.67914	0.01842	0.02380	0.02380	0.01765	0.02533	0.01458	0.01919	0.01228	0.00691	0.00768	0.00230	0.00921	0.00691	0.00384	0.01228
102	0.01830	0.02092	0.04575	0.03268	0.04052	0.01961	0.65098	0.02484	0.01830	0.02484	0.01569	0.02092	0.01176	0.00654	0.00915	0.00261	0.01307	0.00915	0.00392	0.01046
103	0.02043	0.01642	0.01752	0.01542	0.01995	0.01858	0.01209	0.09148	0.54207	0.06805	0.03296	0.03040	0.05800	0.01086	0.00794	0.00259	0.00624	0.00898	0.00793	0.01209
104	0.01007	0.00797	0.00915	0.00933	0.01154	0.00705	0.00720	0.01264	0.01860	0.02366	0.21650	0.10198	0.41476	0.01918	0.00940	0.00273	0.00433	0.09960	0.00752	0.00680
105	0.01555	0.04011	0.68733	0.02210	0.03356	0.01801	0.02865	0.02455	0.01637	0.02455	0.01391	0.01637	0.00982	0.00737	0.00737	0.00246	0.01146	0.00573	0.00327	0.01146
106	0.01464	0.01378	0.02326	0.70887	0.05340	0.01723	0.02153	0.01981	0.01550	0.01981	0.01378	0.02067	0.01034	0.00775	0.00775	0.00258	0.01034	0.00689	0.00345	0.00861
107	0.01555	0.04011	0.68733	0.02210	0.03356	0.01801	0.02865	0.02455	0.01637	0.02455	0.01391	0.01637	0.00982	0.00737	0.00737	0.00246	0.01146	0.00573	0.00327	0.01146
108	0.01518	0.01429	0.02354	0.62355	0.05000	0.01749	0.04299	0.02188	0.07315	0.02111	0.01542	0.02141	0.01157	0.00795	0.00781	0.00259	0.01006	0.00714	0.00386	0.00900
109	0.03006	0.01331	0.04057	0.01356	0.01908	0.01099	0.01153	0.03330	0.02153	0.54911	0.07810	0.03374	0.05426	0.01105	0.00810	0.00248	0.00647	0.04164	0.00905	0.01209
110	0.01590	0.01810	0.06416	0.02658	0.03267	0.01611	0.45798	0.02121	0.01733	0.02352	0.02258	0.20155	0.02187	0.01115	0.00927	0.00275	0.01079	0.01232	0.00474	0.00943
111	0.01113	0.00809	0.01138	0.01138	0.01239	0.00910	0.00834	0.01315	0.01214	0.01720	0.02176	0.03594	0.02176	0.23890	0.51929	0.01113	0.01719	0.00911	0.00430	0.00632
112	0.01574	0.03695	0.59681	0.02186	0.03176	0.01879	0.02705	0.02375	0.01576	0.02375	0.01340	0.01645	0.00987	0.00821	0.00983	0.00258	0.10720	0.00587	0.00329	0.01105
113	0.75542	0.01523	0.01182	0.01047	0.01532	0.01763	0.00862	0.04528	0.01403	0.03529	0.01108	0.01281	0.00857	0.00727	0.00490	0.00240	0.00609	0.00430	0.00490	0.00857
114	0.02113	0.01876	0.01574	0.01395	0.01742	0.22254	0.01073	0.07814	0.02201	0.10938	0.20036	0.03596	0.10294	0.01442	0.04476	0.00281	0.00859	0.00947	0.04191	0.00898
115	0.78228	0.01499	0.01140	0.01020	0.01499	0.01739	0.00840	0.02279	0.01320	0.03479	0.01080	0.01260	0.00840	0.00720	0.00480	0.00240	0.00600	0.00420	0.00480	0.00840
116	0.01097	0.00745	0.00848	0.00868	0.00887	0.00733	0.00503	0.01122	0.01200	0.01586	0.02930	0.12453	0.06530	0.61377	0.03465	0.00678	0.00700	0.01271	0.00510	0.00497
117	0.01555	0.04011	0.68733	0.02210	0.03356	0.01801	0.02865	0.02455	0.01637	0.02455	0.01391	0.01637	0.00982	0.00737	0.00737	0.00246	0.01146	0.00573	0.00327	0.01146
118	0.00916	0.00785	0.00785	0.00785	0.01047	0.00655	0.00589	0.01113	0.01767	0.02095	0.07855	0.07462	0.67599	0.01964	0.00916	0.00262	0.00393	0.01636	0.00720	0.00655
119	0.01608	0.01378	0.01608	0.01148	0.01837	0.01034	0.00919	0.01952	0.01608	0.02527	0.01378	0.01608	0.01148	0.00574	0.00574	0.00115	0.00574	0.00459	0.00459	0.77491
120	0.02073	0.73217	0.04063	0.01327	0.01990	0.03068	0.01327	0.02322	0.01575	0.01824	0.01078	0.01244	0.00995	0.00663	0.00498	0.00166	0.00829	0.00415	0.00332	0.00995
121	0.00933	0.00784	0.00797	0.00795	0.01042	0.00662	0.00588	0.01126	0.01752	0.02103	0.09727	0.07288	0.62347	0.05336	0.01061	0.00285	0.00409	0.01604	0.00713	0.00648
122	0.00962	0.00786	0.00858	0.00902	0.01127	0.00682	0.00689	0.01171	0.01735	0.02109	0.06947	0.15449	0.52054	0.02042	0.00945	0.00280	0.00440	0.09442	0.00719	0.00659
123	0.02896	0.03695	0.02197	0.01998	0.02397	0.69638	0.01498	0.03096	0.02197	0.01898	0.01199	0.01398	0.00999	0.00799	0.00699	0.00200	0.01398	0.00499	0.00400	0.00899
124	0.13339	0.01759	0.01877	0.01536	0.02074	0.01929	0.01244	0.25374	0.23691	0.15475	0.02389	0.02253	0.01702	0.00946	0.00739	0.00245	0.00704	0.00732	0.00771	0.01221
125	0.01919	0.01842	0.03147	0.04759	0.67914	0.01842	0.02380	0.02380	0.01765	0.02533	0.01458	0.01919	0.01228	0.00691	0.00768	0.00230	0.00921	0.00691	0.00384	0.01228
126	0.01696	0.01696	0.02375	0.02036	0.02036	0.02375	0.01696	0.01866	0.01187	0.01866	0.01018	0.01696	0.01018	0.01357	0.02545	0.00339	0.71332	0.00679	0.00339	0.00848
127	0.00945	0.00675	0.00900	0.01080	0.01125	0.00630	0.00720	0.01080	0.01484	0.01979	0.04274	0.72245	0.05128	0.02429	0.00990	0.00315	0.00450	0.02204	0.00720	0.00630
128	0.01922	0.01884	0.03028	0.10735	0.59140	0.04935	0.02318	0.02376	0.01765	0.02453	0.01439	0.01909	0.01200	0.00704	0.00765	0.00231	0.00953	0.00682	0.00381	0.01179
129	0.01923	0.01546	0.01659	0.01476	0.01902	0.01734	0.01152	0.06252	0.51499	0.06692	0.06992	0.03380	0.08073	0.01148	0.00805	0.00259	0.00594	0.00957	0.00795	0.01161
130	0.01128	0.00752	0.00846	0.00846	0.00846	0.00752	0.00470	0.01128	0.01128	0.01503	0.02443	0.05074	0.02819	0.72751	0.03946	0.00752	0.00752	0.01128	0.00470	0.00470
131	0.01464	0.01378	0.02326	0.70887	0.05340	0.01723	0.02153	0.01981	0.01550	0.01981	0.01378	0.02067	0.01034	0.00775	0.00775	0.00258	0.01034	0.00689	0.00345	0.00861
132	0.01595	0.09365	0.63730	0.02142	0.03250	0.01899	0.02746	0.02445	0.01632	0.02407	0.01367	0.01607	0.00983	0.00731	0.00718	0.00239	0.01121	0.00561	0.00328	0.01134
133	0.01347	0.00673	0.01010	0.01010	0.01010	0.00673	0.00673	0.01010	0.01010	0.01347	0.01347	0.02357	0.01347	0.02694	0.03030	0.77441	0.00673	0.00673	0.00337	0.00337
134	0.02248	0.09283	0.02139	0.01655	0.02132	0.14387	0.01318	0.11532	0.40335	0.03066	0.02428	0.02325	0.01848	0.00952	0.00742	0.00238	0.00808	0.00739	0.00671	0.01156
135	0.75129	0.01527	0.01188	0.01051	0.01537	0.01767	0.00866	0.04874	0.01415	0.03537	0.01112	0.01284	0.00859	0.00728	0.00492	0.00240	0.00610	0.00431	0.00492	0.00859
136	0.02073	0.73217	0.04063	0.01327	0.01990	0.03068	0.01327	0.02322	0.01575	0.01824	0.01078	0.01244	0.00995	0.00663	0.00498	0.00166	0.00829	0.00415	0.00332	0.00995
137	0.00959	0.00685	0.00916	0.01096	0.01147	0.00642	0.00744	0.01104	0.01498	0.01995	0.04266	0.69321	0.05098	0.02416	0.00993	0.00317	0.00462	0.04990	0.00719	0.00634
138	0.01864	0.01786	0.03048	0.12765	0.60339	0.01828	0.02352	0.02331	0.01739	0.02466	0.01449	0.01937	0.01205	0.00701	0.00769	0.00234	0.00935	0.00691	0.00379	0.01184
139	0.01919	0.01842	0.03147	0.04759	0.67914	0.01842	0.02380	0.02380	0.01765	0.02533	0.01458	0.01919	0.01228	0.00691	0.00768	0.00230	0.00921	0.00691	0.00384	0.01228
140	0.00945	0.00675	0.00900	0.01080	0.01125	0.00630	0.00720	0.01080	0.01484	0.01979	0.04274	0.72245	0.05128	0.02429	0.00990	0.00315	0.00450	0.02204	0.00720	0.00630
141	0.01608	0.01378	0.01608	0.01148	0.01837	0.01034	0.00919	0.01952	0.01608	0.02527	0.01378	0.01608	0.01148	0.00574	0.00574	0.00115	0.00574	0.00459	0.00459	0.77491
142	0.02834	0.03567	0.02134	0.01942	0.02332	0.66659	0.01457	0.03040	0.02173	0.01941	0.01256	0.01463	0.01041	0.00804	0.00692	0.00199	0.01353	0.00509	0.03713	0.00891
143	0.00916	0.00785	0.00785	0.00785	0.01047	0.00655	0.00589	0.01113	0.01767	0.02095	0.07855	0.07462	0.67599	0.01964	0.00916	0.00262	0.00393	0.01636	0.00720	0.00655
144	0.01915	0.01854	0.03215	0.04688	0.64859	0.01848	0.05380	0.02385	0.01769	0.02531	0.01464	0.01927	0.01226	0.00689	0.00775	0.00232	0.00940	0.00702	0.00384	0.01219
145	0.01106	0.00790	0.01084	0.01263	0.01379	0.00768	0.00999	0.01358	0.01643	0.02159	0.04185	0.38725	0.04777	0.02278	0.01033	0.00337	0.00589	0.34137	0.00717	0.00674
146	0.01464	0.01378	0.02326	0.70887	0.05340	0.01723	0.02153	0.01981	0.01550	0.01981	0.01378	0.02067	0.01034	0.00775	0.00775	0.00258	0.01034	0.00689	0.00345	0.00861
147	0.01936	0.01888	0.03014	0.08065	0.59504	0.04662	0.02290	0.02450	0.04069	0.02502	0.01504	0.01940	0.01249	0.00713	0.00766	0.00232	0.00936	0.00689	0.00397	0.01195
148	0.01056	0.00773	0.00980	0.00963	0.01127	0.00709	0.00702	0.01354	0.01998	0.02762	0.48791	0.15510	0.13716	0.04796	0.01055	0.00278	0.00397	0.01533	0.00803	0.00697
149	0.02946	0.02226	0.02322	0.01792	0.02404	0.04790	0.01475	0.63121	0.03594	0.04781	0.01838	0.01845	0.01307	0.00926	0.00773	0.00232	0.00873	0.00691	0.00762	0.01304
150	0.02851	0.02086	0.02252	0.01952	0.06949	0.12821	0.03877	0.26400	0.02631	0.21060	0.02021	0.02039	0.01427	0.00909	0.00845	0.00233	0.04265	0.00696	0.03496	0.01190
151	0.01896	0.01960	0.05996	0.10809	0.53176	0.04442	0.02291	0.02455	0.04852	0.02485	0.01519	0.01947	0.01244	0.00723	0.00765	0.00234	0.00946	0.00687	0.00397	0.01176
152	0.47550	0.04156	0.01568	0.01340	0.04431	0.04098	0.01041	0.07399	0.01752	0.14819	0.04273	0.01768	0.01363	0.00814	0.00594	0.00235	0.00670	0.00559	0.00590	0.00980
153	0.01609	0.01202	0.01416	0.01480	0.05066	0.03938	0.01034	0.12220	0.04792	0.06212	0.05711	0.42002	0.03871	0.01838	0.00911	0.00285	0.00608	0.04228	0.00718	0.00858
154	0.02048	0.48035	0.15212	0.01557	0.02274	0.05321	0.01607	0.05959	0.07407	0.02230	0.01363	0.01498	0.01131	0.00730	0.00589	0.00194	0.00890	0.00502	0.00398	0.01056
155	0.08549	0.01722	0.01947	0.07753	0.02374	0.05406	0.04767	0.15743	0.22978	0.05958	0.05663	0.03039	0.04290	0.01068	0.00791	0.00256	0.00768	0.05171	0.00681	0.01078
156	0.06170	0.01798	0.02546	0.05790	0.39298	0.04289	0.01889	0.06072	0.13279	0.05353	0.04534	0.02225	0.01675	0.00823	0.00760	0.00237	0.00834	0.00735	0.00522	0.01170
157	0.08931	0.05602	0.04818	0.02111	0.09562	0.15840	0.07794	0.07023	0.10090	0.05432	0.04361	0.01998	0.01533	0.00843	0.00803	0.00226	0.04169	0.00668	0.00518	0.07677
158	0.11169	0.05380	0.26016	0.02464	0.16922	0.05025	0.02062	0.07752	0.04635	0.02778	0.03802	0.01852	0.01337	0.00819	0.00811	0.00241	0.04770	0.00630	0.00439	0.01097
159	0.11990	0.09121	0.14145	0.02013	0.11890	0.01802	0.01624	0.02916	0.17527	0.11096	0.04425	0.02423	0.01807	0.00905	0.00720	0.00242	0.00775	0.02883	0.00581	0.01115
160	0.01711	0.08442	0.30005	0.02025	0.05244	0.01746	0.08418	0.02472	0.07505	0.05595	0.10228	0.02363	0.02016	0.00886	0.00832	0.00238	0.03823	0.00742	0.00483	0.05226
161	0.01759	0.03288	0.45507	0.02352	0.05608	0.01887	0.11121	0.07922	0.08044	0.02743	0.01627	0.01849	0.01179	0.00770	0.00771	0.00248	0.01084	0.00664	0.00420	0.01158
162	0.01802	0.07803	0.21707	0.08595	0.24315	0.03973	0.07538	0.02521	0.06999	0.02447	0.01541	0.01867	0.01204	0.00734	0.00744	0.00232	0.00997	0.00656	0.00398	0.03926
163	0.01926	0.15750	0.19834	0.06542	0.02568	0.06653	0.01766	0.08161	0.04623	0.05067	0.04787	0.02141	0.04314	0.00925	0.00909	0.00234	0.08691	0.00671	0.00468	0.03972
164	0.05251	0.07813	0.32257	0.01977	0.05302	0.05003	0.04238	0.02472	0.06826	0.05251	0.01836	0.08790	0.01566	0.00955	0.00822	0.00245	0.04184	0.00764	0.00451	0.03996
165	0.07652	0.02218	0.20992	0.01835	0.05356	0.03943	0.04711	0.02526	0.01787	0.17100	0.07182	0.02453	0.04780	0.00943	0.00897	0.00240	0.06785	0.00740	0.00558	0.07303

[dist]
# distance from previous block
# <min> <max>
16	43

# created by:
# /st0/software/busco_prod/Augustus/scripts/msa2prfl.pl ./align_prep/116465.fa
