[name]
unknown

[dist]
# distance from previous block
# <min> <max>
0	83

[block]
# block no. 0 follows, 25 sequences, length 13
# corresponding to MSA columns:
# 83-95
name=unknown_A
#
# <colnr> <probs for GDERKNQSTAVLIFYWHMCP>
#	G	D	E	R	K	N	Q	S	T	A	V	L	I	F	Y	W	H	M	C	P
0	0.01391	0.02341	0.32604	0.01791	0.02419	0.01314	0.02000	0.02001	0.01716	0.02383	0.02844	0.05443	0.02845	0.01489	0.00916	0.00305	0.00915	0.33832	0.00534	0.00915
1	0.01236	0.00747	0.01120	0.01120	0.01184	0.00811	0.00811	0.01184	0.01120	0.01557	0.01686	0.02677	0.01622	0.04144	0.33996	0.42040	0.01325	0.00747	0.00373	0.00502
2	0.01026	0.00738	0.00973	0.01024	0.01143	0.00684	0.00726	0.01285	0.01865	0.02584	0.38127	0.36667	0.06299	0.01977	0.00949	0.00277	0.00405	0.01775	0.00791	0.00684
3	0.01128	0.00752	0.00846	0.00846	0.00846	0.00752	0.00470	0.01128	0.01128	0.01503	0.02443	0.05074	0.02819	0.72751	0.03946	0.00752	0.00752	0.01128	0.00470	0.00470
4	0.43251	0.01812	0.01691	0.01375	0.01920	0.02048	0.01134	0.31573	0.02400	0.04133	0.01443	0.01539	0.01062	0.00818	0.00617	0.00237	0.00718	0.00549	0.00617	0.01062
5	0.01032	0.00758	0.01085	0.01169	0.01264	0.00811	0.00853	0.01243	0.01357	0.01883	0.03097	0.35197	0.03420	0.04242	0.37764	0.00813	0.01321	0.01469	0.00557	0.00663
6	0.43498	0.01416	0.01446	0.01187	0.01722	0.01461	0.00979	0.02976	0.01738	0.33666	0.01999	0.01901	0.01341	0.00831	0.00619	0.00240	0.00628	0.00587	0.00703	0.01063
7	0.02301	0.03026	0.33180	0.01982	0.02847	0.02124	0.02120	0.36117	0.02712	0.03757	0.01643	0.01757	0.01162	0.00841	0.00758	0.00239	0.00989	0.00640	0.00567	0.01238
8	0.02122	0.00974	0.01318	0.01219	0.01522	0.00867	0.00915	0.02334	0.01826	0.32863	0.03709	0.39905	0.03637	0.01746	0.00892	0.00280	0.00547	0.01542	0.00831	0.00950
9	0.00930	0.00734	0.00839	0.00922	0.01083	0.00643	0.00650	0.01097	0.01636	0.02041	0.06191	0.37561	0.38574	0.02180	0.00950	0.00286	0.00419	0.01900	0.00720	0.00643
10	0.01401	0.01001	0.01621	0.33476	0.03022	0.01161	0.01361	0.01461	0.01261	0.01641	0.01361	0.02222	0.01201	0.01802	0.01983	0.41581	0.00841	0.00681	0.00340	0.00580
11	0.01923	0.01760	0.02500	0.03281	0.37297	0.01882	0.01844	0.03188	0.31848	0.02863	0.02247	0.02371	0.01757	0.00859	0.00778	0.00245	0.00778	0.00777	0.00572	0.01228
12	0.01026	0.00738	0.00973	0.01024	0.01143	0.00684	0.00726	0.01285	0.01865	0.02584	0.38127	0.36667	0.06299	0.01977	0.00949	0.00277	0.00405	0.01775	0.00791	0.00684

[dist]
# distance from previous block
# <min> <max>
0	13

[block]
# block no. 1 follows, 25 sequences, length 30
# corresponding to MSA columns:
# 109-138
name=unknown_B
#
# <colnr> <probs for GDERKNQSTAVLIFYWHMCP>
#	G	D	E	R	K	N	Q	S	T	A	V	L	I	F	Y	W	H	M	C	P
0	0.02073	0.73217	0.04063	0.01327	0.01990	0.03068	0.01327	0.02322	0.01575	0.01824	0.01078	0.01244	0.00995	0.00663	0.00498	0.00166	0.00829	0.00415	0.00332	0.00995
1	0.01061	0.00724	0.00865	0.00931	0.00947	0.00707	0.00561	0.01110	0.01257	0.01677	0.03109	0.29528	0.03660	0.47150	0.02870	0.00593	0.00642	0.01520	0.00561	0.00528
2	0.01422	0.01165	0.01400	0.01085	0.01590	0.00924	0.00851	0.01774	0.01822	0.02739	0.25452	0.03131	0.03394	0.00942	0.00698	0.00162	0.00498	0.00803	0.00603	0.49546
3	0.01240	0.01020	0.01586	0.26547	0.02754	0.01215	0.01335	0.01568	0.01341	0.01827	0.01871	0.02956	0.01725	0.12774	0.35958	0.00822	0.01523	0.00818	0.00397	0.00725
4	0.01555	0.04011	0.68733	0.02210	0.03356	0.01801	0.02865	0.02455	0.01637	0.02455	0.01391	0.01637	0.00982	0.00737	0.00737	0.00246	0.01146	0.00573	0.00327	0.01146
5	0.01556	0.09352	0.36547	0.27094	0.03886	0.01857	0.02400	0.02241	0.01617	0.02244	0.03343	0.01882	0.01192	0.00769	0.00734	0.00243	0.01052	0.00625	0.00350	0.01016
6	0.01548	0.01401	0.02300	0.05753	0.41391	0.01397	0.01767	0.01892	0.01656	0.02312	0.02480	0.27527	0.02641	0.01327	0.00849	0.00262	0.00754	0.01242	0.00505	0.00997
7	0.01671	0.01545	0.02293	0.39134	0.05924	0.01817	0.06044	0.02805	0.25226	0.02491	0.02040	0.02365	0.01534	0.00865	0.00789	0.00259	0.00896	0.00773	0.00511	0.01018
8	0.01270	0.01118	0.01452	0.01308	0.01439	0.01311	0.01037	0.01508	0.01682	0.02341	0.25716	0.04710	0.20489	0.03935	0.01608	0.00300	0.26221	0.01190	0.00619	0.00745
9	0.50450	0.01560	0.01363	0.01223	0.01688	0.01808	0.00981	0.02949	0.25054	0.03393	0.01835	0.01854	0.01396	0.00841	0.00592	0.00248	0.00605	0.00586	0.00592	0.00981
10	0.01053	0.00754	0.01019	0.01084	0.01154	0.00791	0.00752	0.01209	0.01303	0.01790	0.02969	0.28752	0.03322	0.21520	0.28039	0.00782	0.01149	0.01406	0.00540	0.00613
11	0.01305	0.01107	0.01166	0.01095	0.01413	0.01127	0.00838	0.02247	0.25387	0.02627	0.12880	0.05610	0.37043	0.01589	0.00870	0.00260	0.00470	0.01333	0.00760	0.00872
12	0.01890	0.01904	0.04937	0.11336	0.53058	0.03889	0.02268	0.02476	0.06008	0.02500	0.01552	0.01974	0.01268	0.00728	0.00767	0.00235	0.00934	0.00693	0.00405	0.01177
13	0.50274	0.01217	0.00988	0.00912	0.01282	0.01369	0.00731	0.02107	0.01431	0.03265	0.01607	0.01853	0.01258	0.00787	0.00502	0.00218	0.00513	0.00530	0.28358	0.00797
14	0.01116	0.00770	0.00932	0.00909	0.00982	0.00753	0.00586	0.01260	0.01521	0.02100	0.26114	0.05252	0.04420	0.44086	0.05549	0.00587	0.00666	0.01215	0.00607	0.00574
15	0.02947	0.02172	0.02327	0.01784	0.02404	0.02404	0.01474	0.65329	0.03646	0.04887	0.01862	0.01862	0.01319	0.00931	0.00776	0.00233	0.00853	0.00698	0.00776	0.01319
16	0.01331	0.01165	0.01856	0.45435	0.03818	0.01362	0.01636	0.01793	0.01785	0.02392	0.25452	0.03423	0.03321	0.01070	0.00826	0.00253	0.00790	0.00949	0.00530	0.00814
17	0.01986	0.02222	0.02279	0.45807	0.04269	0.26448	0.01915	0.02387	0.01786	0.01951	0.01313	0.01824	0.01021	0.00784	0.00748	0.00237	0.01166	0.00620	0.00365	0.00875
18	0.01335	0.01096	0.01402	0.01279	0.01279	0.01343	0.00916	0.01396	0.01149	0.01635	0.01924	0.03844	0.02163	0.46759	0.03436	0.00602	0.26447	0.00964	0.00422	0.00608
19	0.01390	0.00930	0.01489	0.26449	0.02587	0.01055	0.01212	0.01364	0.01207	0.01578	0.01358	0.02251	0.01233	0.01995	0.02209	0.49342	0.00805	0.00679	0.00340	0.00528
20	0.01697	0.01832	0.03756	0.27885	0.04521	0.01874	0.42182	0.02301	0.01728	0.02301	0.01499	0.02083	0.01124	0.00698	0.00864	0.00260	0.01208	0.00833	0.00375	0.00979
21	0.50503	0.27609	0.02204	0.01131	0.01678	0.02223	0.01017	0.02295	0.01413	0.02876	0.01079	0.01254	0.00896	0.00699	0.00486	0.00213	0.00683	0.00418	0.00426	0.00896
22	0.03141	0.01862	0.02135	0.01637	0.02250	0.01944	0.01352	0.42921	0.03126	0.28028	0.02297	0.02145	0.01537	0.00941	0.00777	0.00235	0.00783	0.00728	0.00843	0.01319
23	0.01626	0.01348	0.01492	0.01359	0.01704	0.01493	0.01047	0.03153	0.43098	0.03195	0.26583	0.03948	0.04169	0.01246	0.00835	0.00256	0.00523	0.01068	0.00812	0.01047
24	0.02073	0.73217	0.04063	0.01327	0.01990	0.03068	0.01327	0.02322	0.01575	0.01824	0.01078	0.01244	0.00995	0.00663	0.00498	0.00166	0.00829	0.00415	0.00332	0.00995
25	0.01605	0.01342	0.01773	0.01558	0.01623	0.01773	0.01276	0.01844	0.01347	0.02239	0.01568	0.02131	0.01371	0.01192	0.01815	0.00282	0.45494	0.00695	0.28268	0.00802
26	0.01597	0.01638	0.03145	0.46270	0.04871	0.01809	0.25069	0.02164	0.01652	0.02164	0.01447	0.02076	0.01086	0.00731	0.00826	0.00260	0.01133	0.00771	0.00362	0.00928
27	0.50821	0.01744	0.01572	0.01298	0.01829	0.01982	0.01071	0.25233	0.02166	0.03991	0.01364	0.01479	0.01014	0.00797	0.00588	0.00237	0.00692	0.00521	0.00588	0.01014
28	0.01213	0.00767	0.00908	0.00872	0.01059	0.00724	0.00654	0.01568	0.01963	0.02970	0.40363	0.04833	0.08900	0.01359	0.00779	0.00222	0.00366	0.01169	0.28588	0.00724
29	0.01777	0.27532	0.02502	0.01213	0.01893	0.01774	0.01067	0.02087	0.01596	0.02271	0.01269	0.01475	0.01093	0.00607	0.00546	0.00133	0.00667	0.00443	0.00413	0.49642

[dist]
# distance from previous block
# <min> <max>
0	1

[block]
# block no. 2 follows, 25 sequences, length 56
# corresponding to MSA columns:
# 140-195
name=unknown_C
#
# <colnr> <probs for GDERKNQSTAVLIFYWHMCP>
#	G	D	E	R	K	N	Q	S	T	A	V	L	I	F	Y	W	H	M	C	P
0	0.01855	0.01733	0.02994	0.04141	0.53973	0.01721	0.08058	0.02322	0.01755	0.02571	0.01596	0.02050	0.01313	0.00713	0.00755	0.00227	0.00891	0.00716	0.09466	0.01151
1	0.01529	0.01295	0.01524	0.01140	0.01753	0.00986	0.00895	0.01849	0.01593	0.02462	0.01721	0.09974	0.01620	0.00794	0.00623	0.00139	0.00559	0.00666	0.00490	0.68387
2	0.69179	0.01570	0.01547	0.01286	0.01802	0.01766	0.08451	0.02303	0.01380	0.03361	0.01138	0.01358	0.00880	0.00712	0.00531	0.00242	0.00684	0.00479	0.00469	0.00864
3	0.01536	0.09887	0.02531	0.62648	0.04943	0.01882	0.02055	0.02021	0.01553	0.01962	0.01343	0.01970	0.01029	0.00762	0.00742	0.00247	0.01009	0.00657	0.00343	0.00877
4	0.01168	0.00900	0.01195	0.01101	0.01262	0.00926	0.00846	0.01511	0.02075	0.02962	0.59630	0.05307	0.06570	0.01558	0.01108	0.00255	0.08771	0.01317	0.00793	0.00745
5	0.01317	0.00956	0.01189	0.01071	0.01306	0.00930	0.00819	0.09028	0.02367	0.03320	0.59730	0.05326	0.06606	0.01508	0.00898	0.00243	0.00424	0.01319	0.00844	0.00801
6	0.01884	0.01943	0.09687	0.01653	0.02175	0.01913	0.01421	0.03923	0.58829	0.03150	0.02947	0.02744	0.02203	0.01015	0.00783	0.00261	0.00677	0.00841	0.00734	0.01218
7	0.00945	0.00675	0.00900	0.01080	0.01125	0.00630	0.00720	0.01080	0.01484	0.01979	0.04274	0.72245	0.05128	0.02429	0.00990	0.00315	0.00450	0.02204	0.00720	0.00630
8	0.10218	0.00907	0.01012	0.00955	0.01202	0.00876	0.00727	0.01569	0.04362	0.02901	0.42153	0.05571	0.21631	0.01559	0.00859	0.00249	0.00410	0.01326	0.00773	0.00743
9	0.01588	0.03783	0.61134	0.02335	0.03438	0.01820	0.10236	0.02459	0.01660	0.02459	0.01412	0.01691	0.01005	0.00727	0.00758	0.00247	0.01165	0.00613	0.00335	0.01134
10	0.02062	0.55828	0.03468	0.01370	0.01943	0.11228	0.01278	0.02318	0.01728	0.01986	0.08961	0.01802	0.01744	0.00790	0.00572	0.00179	0.00846	0.00542	0.00402	0.00952
11	0.01506	0.01270	0.01499	0.01138	0.01728	0.00971	0.00888	0.01818	0.01589	0.02442	0.01825	0.12504	0.01762	0.00860	0.00638	0.00146	0.00555	0.00729	0.00500	0.65635
12	0.01518	0.08378	0.56249	0.02015	0.02998	0.01749	0.02505	0.02283	0.01615	0.02356	0.01711	0.09973	0.01474	0.00932	0.00750	0.00248	0.01042	0.00755	0.00374	0.01074
13	0.78228	0.01499	0.01140	0.01020	0.01499	0.01739	0.00840	0.02279	0.01320	0.03479	0.01080	0.01260	0.00840	0.00720	0.00480	0.00240	0.00600	0.00420	0.00480	0.00840
14	0.01446	0.00756	0.00804	0.04300	0.01130	0.00774	0.00624	0.01816	0.01622	0.02844	0.02471	0.02849	0.01939	0.00897	0.00554	0.00185	0.00396	0.00721	0.73144	0.00730
15	0.01097	0.00793	0.01036	0.00975	0.01158	0.00732	0.00732	0.01463	0.02195	0.03109	0.67505	0.05792	0.07316	0.01585	0.00914	0.00244	0.00366	0.01402	0.00854	0.00732
16	0.01347	0.00673	0.01010	0.01010	0.01010	0.00673	0.00673	0.01010	0.01010	0.01347	0.01347	0.02357	0.01347	0.02694	0.03030	0.77441	0.00673	0.00673	0.00337	0.00337
17	0.78228	0.01499	0.01140	0.01020	0.01499	0.01739	0.00840	0.02279	0.01320	0.03479	0.01080	0.01260	0.00840	0.00720	0.00480	0.00240	0.00600	0.00420	0.00480	0.00840
18	0.01090	0.00792	0.01027	0.00968	0.01154	0.00729	0.00726	0.01450	0.02179	0.03071	0.65233	0.05855	0.09612	0.01600	0.00915	0.00245	0.00367	0.01411	0.00848	0.00729
19	0.03479	0.01320	0.01799	0.01380	0.01979	0.01140	0.01140	0.03779	0.02219	0.68451	0.03059	0.02639	0.01919	0.00960	0.00780	0.00240	0.00660	0.00780	0.00960	0.01320
20	0.01108	0.00831	0.01246	0.01246	0.01385	0.00969	0.00969	0.01385	0.01246	0.01800	0.02077	0.03046	0.01938	0.05815	0.69678	0.01246	0.02077	0.00831	0.00415	0.00692
21	0.01919	0.01842	0.03147	0.04759	0.67914	0.01842	0.02380	0.02380	0.01765	0.02533	0.01458	0.01919	0.01228	0.00691	0.00768	0.00230	0.00921	0.00691	0.00384	0.01228
22	0.00945	0.00675	0.00900	0.01080	0.01125	0.00630	0.00720	0.01080	0.01484	0.01979	0.04274	0.72245	0.05128	0.02429	0.00990	0.00315	0.00450	0.02204	0.00720	0.00630
23	0.01608	0.01378	0.01608	0.01148	0.01837	0.01034	0.00919	0.01952	0.01608	0.02527	0.01378	0.01608	0.01148	0.00574	0.00574	0.00115	0.00574	0.00459	0.00459	0.77491
24	0.02508	0.01893	0.02130	0.01900	0.07137	0.02093	0.01423	0.32634	0.27937	0.08298	0.02416	0.02320	0.01761	0.00962	0.00781	0.00245	0.00752	0.00773	0.00764	0.01276
25	0.78228	0.01499	0.01140	0.01020	0.01499	0.01739	0.00840	0.02279	0.01320	0.03479	0.01080	0.01260	0.00840	0.00720	0.00480	0.00240	0.00600	0.00420	0.00480	0.00840
26	0.01600	0.01584	0.02886	0.48290	0.13759	0.01787	0.14687	0.02136	0.01636	0.02157	0.01427	0.02051	0.01089	0.00739	0.00802	0.00255	0.01072	0.00734	0.00359	0.00949
27	0.01555	0.04011	0.68733	0.02210	0.03356	0.01801	0.02865	0.02455	0.01637	0.02455	0.01391	0.01637	0.00982	0.00737	0.00737	0.00246	0.01146	0.00573	0.00327	0.01146
28	0.04545	0.02096	0.08261	0.03245	0.13366	0.01866	0.46475	0.02397	0.01774	0.02503	0.01642	0.05095	0.01333	0.00745	0.00869	0.00257	0.01175	0.00898	0.00404	0.01054
29	0.01555	0.04011	0.68733	0.02210	0.03356	0.01801	0.02865	0.02455	0.01637	0.02455	0.01391	0.01637	0.00982	0.00737	0.00737	0.00246	0.01146	0.00573	0.00327	0.01146
30	0.01097	0.00793	0.01036	0.00975	0.01158	0.00732	0.00732	0.01463	0.02195	0.03109	0.67505	0.05792	0.07316	0.01585	0.00914	0.00244	0.00366	0.01402	0.00854	0.00732
31	0.01919	0.01842	0.03147	0.04759	0.67914	0.01842	0.02380	0.02380	0.01765	0.02533	0.01458	0.01919	0.01228	0.00691	0.00768	0.00230	0.00921	0.00691	0.00384	0.01228
32	0.01829	0.12035	0.19344	0.16430	0.03003	0.06648	0.01847	0.10373	0.01956	0.02611	0.09245	0.02223	0.01824	0.00898	0.00809	0.00234	0.04031	0.00695	0.02971	0.00994
33	0.01146	0.00890	0.01392	0.01326	0.01489	0.01007	0.04209	0.01426	0.01269	0.01818	0.02072	0.03116	0.01951	0.09454	0.62341	0.01167	0.01960	0.00852	0.00417	0.00697
34	0.00945	0.00675	0.00900	0.01080	0.01125	0.00630	0.00720	0.01080	0.01484	0.01979	0.04274	0.72245	0.05128	0.02429	0.00990	0.00315	0.00450	0.02204	0.00720	0.00630
35	0.02073	0.73217	0.04063	0.01327	0.01990	0.03068	0.01327	0.02322	0.01575	0.01824	0.01078	0.01244	0.00995	0.00663	0.00498	0.00166	0.00829	0.00415	0.00332	0.00995
36	0.01327	0.01161	0.01543	0.01453	0.01566	0.04347	0.01149	0.01566	0.01271	0.01810	0.01799	0.02720	0.01708	0.06752	0.48521	0.00968	0.18420	0.00790	0.00398	0.00731
37	0.01464	0.01378	0.02326	0.70887	0.05340	0.01723	0.02153	0.01981	0.01550	0.01981	0.01378	0.02067	0.01034	0.00775	0.00775	0.00258	0.01034	0.00689	0.00345	0.00861
38	0.01555	0.04011	0.68733	0.02210	0.03356	0.01801	0.02865	0.02455	0.01637	0.02455	0.01391	0.01637	0.00982	0.00737	0.00737	0.00246	0.01146	0.00573	0.00327	0.01146
39	0.01919	0.01842	0.03147	0.04759	0.67914	0.01842	0.02380	0.02380	0.01765	0.02533	0.01458	0.01919	0.01228	0.00691	0.00768	0.00230	0.00921	0.00691	0.00384	0.01228
40	0.78228	0.01499	0.01140	0.01020	0.01499	0.01739	0.00840	0.02279	0.01320	0.03479	0.01080	0.01260	0.00840	0.00720	0.00480	0.00240	0.00600	0.00420	0.00480	0.00840
41	0.78228	0.01499	0.01140	0.01020	0.01499	0.01739	0.00840	0.02279	0.01320	0.03479	0.01080	0.01260	0.00840	0.00720	0.00480	0.00240	0.00600	0.00420	0.00480	0.00840
42	0.01108	0.00831	0.01246	0.01246	0.01385	0.00969	0.00969	0.01385	0.01246	0.01800	0.02077	0.03046	0.01938	0.05815	0.69678	0.01246	0.02077	0.00831	0.00415	0.00692
43	0.06949	0.01727	0.03212	0.30761	0.04256	0.01828	0.29702	0.04647	0.01765	0.05365	0.01534	0.02041	0.01133	0.00732	0.00817	0.00257	0.01101	0.00775	0.00418	0.00978
44	0.01097	0.00793	0.01036	0.00975	0.01158	0.00732	0.00732	0.01463	0.02195	0.03109	0.67505	0.05792	0.07316	0.01585	0.00914	0.00244	0.00366	0.01402	0.00854	0.00732
45	0.01012	0.00848	0.00940	0.04001	0.01327	0.00768	0.00748	0.01309	0.04001	0.02179	0.08967	0.09518	0.52533	0.01899	0.00922	0.00271	0.00458	0.06898	0.00710	0.00690
46	0.05604	0.01602	0.01760	0.01517	0.01999	0.01753	0.01208	0.09545	0.41607	0.14389	0.02904	0.02894	0.02174	0.01041	0.00777	0.00254	0.00646	0.03555	0.00788	0.03980
47	0.01236	0.00823	0.01081	0.00999	0.01206	0.00755	0.00755	0.01598	0.02196	0.06918	0.63748	0.05608	0.07001	0.01549	0.00907	0.00244	0.00383	0.01366	0.00860	0.00766
48	0.02197	0.01964	0.01797	0.01584	0.02034	0.14135	0.01230	0.05836	0.41140	0.08255	0.02953	0.02782	0.05801	0.01029	0.00771	0.00243	0.00755	0.00822	0.00715	0.03958
49	0.01128	0.00752	0.00846	0.00846	0.00846	0.00752	0.00470	0.01128	0.01128	0.01503	0.02443	0.05074	0.02819	0.72751	0.03946	0.00752	0.00752	0.01128	0.00470	0.00470
50	0.01574	0.01524	0.01996	0.01770	0.01828	0.05356	0.01438	0.01768	0.01252	0.01835	0.01373	0.02186	0.01341	0.05471	0.20743	0.00595	0.46057	0.00729	0.00368	0.00793
51	0.01655	0.08729	0.01859	0.01167	0.01853	0.01242	0.00960	0.01990	0.01604	0.02455	0.01347	0.01571	0.01133	0.00583	0.00566	0.00120	0.00600	0.00455	0.00446	0.69663
52	0.01710	0.01542	0.02598	0.44345	0.27617	0.01742	0.02193	0.02198	0.01655	0.04908	0.01476	0.02038	0.01140	0.00753	0.00773	0.00248	0.00978	0.00693	0.00384	0.01012
53	0.04530	0.09952	0.13885	0.01539	0.02285	0.01550	0.05924	0.02346	0.05801	0.05220	0.01533	0.01719	0.01203	0.00670	0.00637	0.00173	0.00763	0.00545	0.00460	0.39266
54	0.02063	0.02227	0.18498	0.01657	0.02415	0.01600	0.03599	0.18530	0.02188	0.08015	0.01743	0.04337	0.01354	0.00805	0.00708	0.00199	0.00813	0.00651	0.00553	0.28046
55	0.06989	0.04074	0.07100	0.01456	0.01832	0.01308	0.06835	0.07546	0.01838	0.02667	0.14966	0.22596	0.03495	0.04065	0.01022	0.00275	0.03770	0.01237	0.00613	0.06316

[dist]
# distance from previous block
# <min> <max>
2	12

[block]
# block no. 3 follows, 25 sequences, length 76
# corresponding to MSA columns:
# 208-283
name=unknown_D
#
# <colnr> <probs for GDERKNQSTAVLIFYWHMCP>
#	G	D	E	R	K	N	Q	S	T	A	V	L	I	F	Y	W	H	M	C	P
0	0.02314	0.04723	0.02763	0.02059	0.02596	0.06552	0.17543	0.29634	0.02549	0.03426	0.01804	0.04918	0.01442	0.00937	0.00928	0.00243	0.06643	0.00794	0.07038	0.01092
1	0.01870	0.10258	0.14936	0.05038	0.03254	0.07332	0.29153	0.04654	0.01801	0.02385	0.01524	0.04392	0.01245	0.00786	0.00865	0.00240	0.04101	0.00765	0.00400	0.04999
2	0.02050	0.01638	0.01757	0.01562	0.02013	0.01867	0.01220	0.04093	0.61467	0.08362	0.03148	0.02873	0.02332	0.01045	0.00788	0.00261	0.00617	0.00869	0.00802	0.01235
3	0.01050	0.00754	0.00975	0.01117	0.01192	0.00723	0.00759	0.04465	0.01598	0.02132	0.04146	0.68537	0.04927	0.02350	0.00978	0.00311	0.00471	0.02125	0.00723	0.00666
4	0.00941	0.00688	0.00886	0.01044	0.01115	0.00633	0.00704	0.01084	0.01518	0.01993	0.04701	0.64503	0.12594	0.02374	0.00981	0.00309	0.00443	0.02136	0.00720	0.00633
5	0.01108	0.00831	0.01246	0.01246	0.01385	0.00969	0.00969	0.01385	0.01246	0.01800	0.02077	0.03046	0.01938	0.05815	0.69678	0.01246	0.02077	0.00831	0.00415	0.00692
6	0.00916	0.00785	0.00785	0.00785	0.01047	0.00655	0.00589	0.01113	0.01767	0.02095	0.07855	0.07462	0.67599	0.01964	0.00916	0.00262	0.00393	0.01636	0.00720	0.00655
7	0.78228	0.01499	0.01140	0.01020	0.01499	0.01739	0.00840	0.02279	0.01320	0.03479	0.01080	0.01260	0.00840	0.00720	0.00480	0.00240	0.00600	0.00420	0.00480	0.00840
8	0.02898	0.02284	0.02290	0.01794	0.02387	0.08350	0.01465	0.57082	0.06314	0.04548	0.01860	0.01866	0.01337	0.00924	0.00769	0.00231	0.00891	0.00688	0.00743	0.01277
9	0.01741	0.04341	0.05851	0.08192	0.09000	0.06827	0.15580	0.02195	0.01706	0.02486	0.01766	0.02179	0.01395	0.00785	0.00760	0.00216	0.03290	0.00705	0.25324	0.05662
10	0.10936	0.61248	0.07083	0.01337	0.02004	0.02847	0.01350	0.02324	0.01549	0.02050	0.01094	0.01266	0.00976	0.00674	0.00508	0.00179	0.00819	0.00423	0.00349	0.00985
11	0.02810	0.10959	0.02392	0.01927	0.02354	0.62682	0.01480	0.03015	0.02132	0.01890	0.01186	0.01382	0.00998	0.00785	0.00678	0.00196	0.01339	0.00491	0.00392	0.00909
12	0.01608	0.01378	0.01608	0.01148	0.01837	0.01034	0.00919	0.01952	0.01608	0.02527	0.01378	0.01608	0.01148	0.00574	0.00574	0.00115	0.00574	0.00459	0.00459	0.77491
13	0.02593	0.29273	0.02884	0.01751	0.02247	0.45146	0.01435	0.02811	0.01968	0.01871	0.01154	0.01341	0.00997	0.00749	0.00625	0.00187	0.01189	0.00468	0.00375	0.00934
14	0.01109	0.00826	0.01221	0.01221	0.01351	0.00956	0.00938	0.01369	0.01239	0.01782	0.02100	0.03172	0.01993	0.09961	0.65607	0.01215	0.01995	0.00849	0.00419	0.00679
15	0.00945	0.00675	0.00900	0.01080	0.01125	0.00630	0.00720	0.01080	0.01484	0.01979	0.04274	0.72245	0.05128	0.02429	0.00990	0.00315	0.00450	0.02204	0.00720	0.00630
16	0.78228	0.01499	0.01140	0.01020	0.01499	0.01739	0.00840	0.02279	0.01320	0.03479	0.01080	0.01260	0.00840	0.00720	0.00480	0.00240	0.00600	0.00420	0.00480	0.00840
17	0.01608	0.01378	0.01608	0.01148	0.01837	0.01034	0.00919	0.01952	0.01608	0.02527	0.01378	0.01608	0.01148	0.00574	0.00574	0.00115	0.00574	0.00459	0.00459	0.77491
18	0.03479	0.01320	0.01799	0.01380	0.01979	0.01140	0.01140	0.03779	0.02219	0.68451	0.03059	0.02639	0.01919	0.00960	0.00780	0.00240	0.00660	0.00780	0.00960	0.01320
19	0.01669	0.01414	0.01641	0.01177	0.01863	0.01096	0.00944	0.04842	0.01701	0.02634	0.01400	0.01619	0.01156	0.00590	0.00583	0.00120	0.00587	0.00470	0.00474	0.74018
20	0.00945	0.00675	0.00900	0.01080	0.01125	0.00630	0.00720	0.01080	0.01484	0.01979	0.04274	0.72245	0.05128	0.02429	0.00990	0.00315	0.00450	0.02204	0.00720	0.00630
21	0.01555	0.04011	0.68733	0.02210	0.03356	0.01801	0.02865	0.02455	0.01637	0.02455	0.01391	0.01637	0.00982	0.00737	0.00737	0.00246	0.01146	0.00573	0.00327	0.01146
22	0.01707	0.17597	0.25537	0.01707	0.02350	0.04906	0.01790	0.04975	0.07088	0.02360	0.02105	0.12564	0.02000	0.01144	0.00830	0.00250	0.03867	0.05750	0.00478	0.00994
23	0.00916	0.00785	0.00785	0.00785	0.01047	0.00655	0.00589	0.01113	0.01767	0.02095	0.07855	0.07462	0.67599	0.01964	0.00916	0.00262	0.00393	0.01636	0.00720	0.00655
24	0.03479	0.01320	0.01799	0.01380	0.01979	0.01140	0.01140	0.03779	0.02219	0.68451	0.03059	0.02639	0.01919	0.00960	0.00780	0.00240	0.00660	0.00780	0.00960	0.01320
25	0.02416	0.06671	0.02999	0.04866	0.05618	0.39387	0.18990	0.02764	0.01978	0.02082	0.01303	0.01639	0.01059	0.00772	0.00835	0.00224	0.04423	0.00631	0.00389	0.00954
26	0.01790	0.02027	0.04407	0.03168	0.03919	0.01900	0.62161	0.02420	0.01814	0.02461	0.01692	0.05292	0.01357	0.00735	0.00918	0.00264	0.01268	0.00974	0.00407	0.01027
27	0.00916	0.00785	0.00785	0.00785	0.01047	0.00655	0.00589	0.01113	0.01767	0.02095	0.07855	0.07462	0.67599	0.01964	0.00916	0.00262	0.00393	0.01636	0.00720	0.00655
28	0.01101	0.00816	0.01011	0.01024	0.01197	0.00762	0.00753	0.03922	0.01946	0.02627	0.32449	0.26323	0.17027	0.01904	0.00938	0.00273	0.00430	0.04007	0.00780	0.00710
29	0.05379	0.07864	0.05801	0.02128	0.12407	0.15397	0.01551	0.20232	0.07265	0.03123	0.01780	0.02091	0.01421	0.00875	0.00715	0.00224	0.00910	0.02706	0.07043	0.01090
30	0.02919	0.01979	0.02164	0.01669	0.02260	0.02148	0.01376	0.53958	0.03348	0.12442	0.02048	0.02019	0.01433	0.00933	0.00762	0.00230	0.00799	0.00709	0.05522	0.01282
31	0.01520	0.01237	0.01401	0.01282	0.01595	0.01341	0.00984	0.02816	0.34933	0.03178	0.34751	0.04316	0.04797	0.01314	0.00851	0.00254	0.00492	0.01135	0.00821	0.00984
32	0.78228	0.01499	0.01140	0.01020	0.01499	0.01739	0.00840	0.02279	0.01320	0.03479	0.01080	0.01260	0.00840	0.00720	0.00480	0.00240	0.00600	0.00420	0.00480	0.00840
33	0.01608	0.01378	0.01608	0.01148	0.01837	0.01034	0.00919	0.01952	0.01608	0.02527	0.01378	0.01608	0.01148	0.00574	0.00574	0.00115	0.00574	0.00459	0.00459	0.77491
34	0.02947	0.02172	0.02327	0.01784	0.02404	0.02404	0.01474	0.65329	0.03646	0.04887	0.01862	0.01862	0.01319	0.00931	0.00776	0.00233	0.00853	0.00698	0.00776	0.01319
35	0.78228	0.01499	0.01140	0.01020	0.01499	0.01739	0.00840	0.02279	0.01320	0.03479	0.01080	0.01260	0.00840	0.00720	0.00480	0.00240	0.00600	0.00420	0.00480	0.00840
36	0.01741	0.01820	0.06365	0.25175	0.37450	0.01835	0.06742	0.02243	0.01670	0.02322	0.01418	0.01953	0.01141	0.00747	0.00858	0.00247	0.04129	0.00699	0.00367	0.01079
37	0.02896	0.03695	0.02197	0.01998	0.02397	0.69638	0.01498	0.03096	0.02197	0.01898	0.01199	0.01398	0.00999	0.00799	0.00699	0.00200	0.01398	0.00499	0.00400	0.00899
38	0.02028	0.01715	0.01809	0.01598	0.02054	0.01975	0.01251	0.10079	0.60393	0.03403	0.03030	0.02792	0.02265	0.01040	0.00788	0.00260	0.00637	0.00859	0.00788	0.01236
39	0.01625	0.13400	0.59960	0.02090	0.03171	0.01973	0.02656	0.02437	0.01629	0.02370	0.01349	0.01584	0.00984	0.00727	0.00704	0.00235	0.01103	0.00551	0.00328	0.01125
40	0.01108	0.00831	0.01246	0.01246	0.01385	0.00969	0.00969	0.01385	0.01246	0.01800	0.02077	0.03046	0.01938	0.05815	0.69678	0.01246	0.02077	0.00831	0.00415	0.00692
41	0.00945	0.00675	0.00900	0.01080	0.01125	0.00630	0.00720	0.01080	0.01484	0.01979	0.04274	0.72245	0.05128	0.02429	0.00990	0.00315	0.00450	0.02204	0.00720	0.00630
42	0.01116	0.00747	0.00849	0.00860	0.00863	0.00744	0.00485	0.01125	0.01150	0.01533	0.02556	0.09234	0.02962	0.68395	0.03763	0.00725	0.00733	0.01194	0.00485	0.00480
43	0.01783	0.03057	0.36779	0.02684	0.06482	0.01909	0.25773	0.07398	0.01872	0.02660	0.01497	0.01836	0.01092	0.00719	0.00807	0.00250	0.01172	0.00715	0.00389	0.01126
44	0.00945	0.00675	0.00900	0.01080	0.01125	0.00630	0.00720	0.01080	0.01484	0.01979	0.04274	0.72245	0.05128	0.02429	0.00990	0.00315	0.00450	0.02204	0.00720	0.00630
45	0.03479	0.01320	0.01799	0.01380	0.01979	0.01140	0.01140	0.03779	0.02219	0.68451	0.03059	0.02639	0.01919	0.00960	0.00780	0.00240	0.00660	0.00780	0.00960	0.01320
46	0.02097	0.40047	0.19799	0.01668	0.02382	0.10621	0.01741	0.02501	0.01679	0.05503	0.01272	0.01458	0.01042	0.00750	0.00703	0.00203	0.04633	0.00497	0.00372	0.01031
47	0.03479	0.01320	0.01799	0.01380	0.01979	0.01140	0.01140	0.03779	0.02219	0.68451	0.03059	0.02639	0.01919	0.00960	0.00780	0.00240	0.00660	0.00780	0.00960	0.01320
48	0.01038	0.00764	0.00974	0.00993	0.01150	0.00700	0.00727	0.01321	0.01937	0.02650	0.40801	0.23612	0.14641	0.01876	0.00940	0.00269	0.00403	0.03713	0.00796	0.00694
49	0.01464	0.01378	0.02326	0.70887	0.05340	0.01723	0.02153	0.01981	0.01550	0.01981	0.01378	0.02067	0.01034	0.00775	0.00775	0.00258	0.01034	0.00689	0.00345	0.00861
50	0.02071	0.05138	0.07562	0.01986	0.02567	0.07683	0.13970	0.06287	0.35474	0.05290	0.02393	0.02387	0.01790	0.00903	0.00789	0.00250	0.00879	0.00798	0.00629	0.01155
51	0.00996	0.00780	0.00890	0.00960	0.01118	0.00716	0.00671	0.01256	0.04966	0.02064	0.05676	0.35458	0.32455	0.06898	0.01146	0.00318	0.00453	0.01811	0.00707	0.00661
52	0.01155	0.00771	0.01024	0.01117	0.01249	0.00719	0.00822	0.01381	0.01721	0.05760	0.16595	0.42698	0.08127	0.02122	0.00974	0.00301	0.00484	0.11523	0.00757	0.00700
53	0.01608	0.01378	0.01608	0.01148	0.01837	0.01034	0.00919	0.01952	0.01608	0.02527	0.01378	0.01608	0.01148	0.00574	0.00574	0.00115	0.00574	0.00459	0.00459	0.77491
54	0.01555	0.04011	0.68733	0.02210	0.03356	0.01801	0.02865	0.02455	0.01637	0.02455	0.01391	0.01637	0.00982	0.00737	0.00737	0.00246	0.01146	0.00573	0.00327	0.01146
55	0.02073	0.73217	0.04063	0.01327	0.01990	0.03068	0.01327	0.02322	0.01575	0.01824	0.01078	0.01244	0.00995	0.00663	0.00498	0.00166	0.00829	0.00415	0.00332	0.00995
56	0.02250	0.01787	0.01938	0.05837	0.02259	0.04517	0.01283	0.33515	0.08220	0.03604	0.02140	0.10310	0.01847	0.03290	0.00865	0.00242	0.00768	0.00857	0.00666	0.13808
57	0.02073	0.73217	0.04063	0.01327	0.01990	0.03068	0.01327	0.02322	0.01575	0.01824	0.01078	0.01244	0.00995	0.00663	0.00498	0.00166	0.00829	0.00415	0.00332	0.00995
58	0.02103	0.18052	0.13849	0.07950	0.07206	0.01957	0.01662	0.02946	0.16096	0.13717	0.01999	0.02055	0.01483	0.00820	0.00699	0.00224	0.00818	0.00653	0.00551	0.05163
59	0.01696	0.01696	0.02375	0.02036	0.02036	0.02375	0.01696	0.01866	0.01187	0.01866	0.01018	0.01696	0.01018	0.01357	0.02545	0.00339	0.71332	0.00679	0.00339	0.00848
60	0.00945	0.00675	0.00900	0.01080	0.01125	0.00630	0.00720	0.01080	0.01484	0.01979	0.04274	0.72245	0.05128	0.02429	0.00990	0.00315	0.00450	0.02204	0.00720	0.00630
61	0.01128	0.00752	0.00846	0.00846	0.00846	0.00752	0.00470	0.01128	0.01128	0.01503	0.02443	0.05074	0.02819	0.72751	0.03946	0.00752	0.00752	0.01128	0.00470	0.00470
62	0.02767	0.02048	0.02224	0.04484	0.02433	0.02276	0.01446	0.56722	0.06738	0.04594	0.01940	0.01970	0.01392	0.00930	0.00766	0.00233	0.00826	0.00708	0.04237	0.01268
63	0.00945	0.00675	0.00900	0.01080	0.01125	0.00630	0.00720	0.01080	0.01484	0.01979	0.04274	0.72245	0.05128	0.02429	0.00990	0.00315	0.00450	0.02204	0.00720	0.00630
64	0.01555	0.04011	0.68733	0.02210	0.03356	0.01801	0.02865	0.02455	0.01637	0.02455	0.01391	0.01637	0.00982	0.00737	0.00737	0.00246	0.01146	0.00573	0.00327	0.01146
65	0.01987	0.04488	0.05633	0.26989	0.06102	0.01807	0.01716	0.08566	0.19008	0.10032	0.02167	0.02503	0.01635	0.00921	0.00776	0.00253	0.00846	0.02905	0.00583	0.01081
66	0.00985	0.00734	0.00969	0.03944	0.01323	0.00697	0.00800	0.01160	0.01547	0.02020	0.04619	0.56097	0.13235	0.02278	0.00977	0.00309	0.00486	0.06470	0.00704	0.00649
67	0.01097	0.00793	0.01036	0.00975	0.01158	0.00732	0.00732	0.01463	0.02195	0.03109	0.67505	0.05792	0.07316	0.01585	0.00914	0.00244	0.00366	0.01402	0.00854	0.00732
68	0.01655	0.01573	0.02670	0.43137	0.31599	0.01773	0.02248	0.02148	0.01641	0.02213	0.01412	0.02005	0.01115	0.00740	0.00772	0.00247	0.00986	0.00690	0.00361	0.01015
69	0.04990	0.13870	0.44264	0.02063	0.02986	0.02008	0.07213	0.02450	0.01626	0.05178	0.01393	0.01644	0.01035	0.00766	0.00818	0.00240	0.05414	0.00585	0.00367	0.01092
70	0.01305	0.01154	0.01863	0.41673	0.07699	0.01337	0.01652	0.01681	0.01540	0.02015	0.02425	0.27309	0.02519	0.01365	0.00852	0.00277	0.00817	0.01234	0.00482	0.00801
71	0.01056	0.00803	0.01209	0.01256	0.01374	0.00755	0.06073	0.01254	0.01532	0.02082	0.03951	0.60360	0.04610	0.02191	0.00963	0.00305	0.00526	0.04314	0.04714	0.00672
72	0.01721	0.04986	0.10444	0.06391	0.13433	0.04347	0.25938	0.02308	0.04289	0.02391	0.04347	0.09655	0.01843	0.00947	0.00897	0.00256	0.03406	0.00941	0.00446	0.01012
73	0.02088	0.02448	0.13184	0.08924	0.16641	0.11992	0.09644	0.12654	0.02057	0.02720	0.01492	0.01844	0.01161	0.00812	0.00889	0.00241	0.06025	0.00672	0.03435	0.01079
74	0.09198	0.04647	0.07746	0.10831	0.05027	0.01789	0.07510	0.10851	0.11897	0.08391	0.07314	0.02552	0.04368	0.00957	0.00830	0.00249	0.03404	0.00794	0.00591	0.01054
75	0.09007	0.04406	0.08149	0.04986	0.02742	0.01594	0.25532	0.02241	0.01711	0.07317	0.04331	0.07613	0.04484	0.00965	0.00859	0.00251	0.03660	0.00915	0.08292	0.00946

[dist]
# distance from previous block
# <min> <max>
0	16

# created by:
# /st0/software/busco_prod/Augustus/scripts/msa2prfl.pl ./align_prep/116510.fa
