[name]
unknown

[dist]
# distance from previous block
# <min> <max>
0	47

[block]
# block no. 0 follows, 25 sequences, length 18
# corresponding to MSA columns:
# 49-66
name=unknown_A
#
# <colnr> <probs for GDERKNQSTAVLIFYWHMCP>
#	G	D	E	R	K	N	Q	S	T	A	V	L	I	F	Y	W	H	M	C	P
0	0.01775	0.01674	0.02832	0.17768	0.50090	0.01743	0.02244	0.02238	0.01724	0.02405	0.01652	0.02491	0.01446	0.00823	0.00793	0.00246	0.00927	0.05613	0.00402	0.01114
1	0.01736	0.02779	0.28109	0.02996	0.08865	0.01892	0.37182	0.02465	0.01754	0.02477	0.01495	0.01910	0.01109	0.00687	0.00838	0.00253	0.01217	0.00771	0.00368	0.01097
2	0.01097	0.00793	0.01036	0.00975	0.01158	0.00732	0.00732	0.01463	0.02195	0.03109	0.67505	0.05792	0.07316	0.01585	0.00914	0.00244	0.00366	0.01402	0.00854	0.00732
3	0.01995	0.52426	0.10526	0.01442	0.02080	0.08612	0.01439	0.02309	0.01664	0.01974	0.05603	0.01728	0.01476	0.03091	0.00681	0.00202	0.00880	0.00528	0.00377	0.00968
4	0.01540	0.01549	0.01299	0.01259	0.01448	0.18969	0.00908	0.01707	0.01576	0.01820	0.03079	0.08964	0.13328	0.19320	0.19204	0.00617	0.01179	0.01052	0.00498	0.00683
5	0.01246	0.01023	0.01335	0.11028	0.07390	0.01028	0.01030	0.05625	0.01722	0.02203	0.04574	0.19131	0.26981	0.10690	0.01274	0.00330	0.00615	0.01416	0.00611	0.00748
6	0.02291	0.02689	0.02165	0.02222	0.10460	0.39790	0.01534	0.02514	0.01863	0.01979	0.01586	0.09723	0.01538	0.01236	0.03413	0.00276	0.12640	0.00760	0.00425	0.00894
7	0.01824	0.01986	0.08947	0.04209	0.53585	0.01777	0.06970	0.02319	0.01743	0.02490	0.01624	0.05979	0.01428	0.00793	0.00789	0.00239	0.00942	0.00785	0.00399	0.01173
8	0.01695	0.18879	0.49834	0.02207	0.07839	0.02079	0.02495	0.02421	0.01633	0.02324	0.01328	0.01572	0.01003	0.00717	0.00687	0.00227	0.01060	0.00547	0.00333	0.01119
9	0.01669	0.22271	0.48029	0.01911	0.02879	0.02083	0.02345	0.02369	0.01649	0.02321	0.04712	0.01746	0.01312	0.00761	0.00682	0.00224	0.01021	0.00573	0.00356	0.01084
10	0.01050	0.00821	0.00965	0.01052	0.01205	0.00786	0.00741	0.01439	0.09050	0.02158	0.05176	0.45615	0.22794	0.02137	0.00945	0.00294	0.00452	0.01888	0.00728	0.00706
11	0.08301	0.52111	0.03417	0.01451	0.02041	0.17721	0.01326	0.02490	0.01693	0.01972	0.01105	0.01279	0.00984	0.00698	0.00541	0.00179	0.00937	0.00434	0.00358	0.00961
12	0.01884	0.02019	0.07782	0.04414	0.56163	0.01853	0.09631	0.02397	0.01764	0.02522	0.01467	0.01920	0.01205	0.00690	0.00782	0.00235	0.00981	0.00709	0.00381	0.01202
13	0.07153	0.25116	0.27522	0.02150	0.10868	0.10473	0.02019	0.02470	0.01681	0.02270	0.01257	0.01495	0.01010	0.00714	0.00644	0.00213	0.01012	0.00519	0.00355	0.01058
14	0.08382	0.01443	0.02220	0.59972	0.04799	0.01771	0.01990	0.06326	0.01673	0.02312	0.01385	0.01981	0.01036	0.00781	0.00749	0.00255	0.00983	0.00666	0.00386	0.00891
15	0.01487	0.01042	0.01175	0.01078	0.01216	0.01094	0.00721	0.14370	0.01680	0.02253	0.02447	0.09548	0.02645	0.49078	0.06387	0.00636	0.00816	0.01108	0.00550	0.00668
16	0.01803	0.01779	0.03055	0.02346	0.06170	0.01667	0.28336	0.05862	0.01791	0.02587	0.01459	0.01851	0.01163	0.00704	0.00915	0.00210	0.07202	0.00698	0.00435	0.29968
17	0.01097	0.00793	0.01036	0.00975	0.01158	0.00732	0.00732	0.01463	0.02195	0.03109	0.67505	0.05792	0.07316	0.01585	0.00914	0.00244	0.00366	0.01402	0.00854	0.00732

[dist]
# distance from previous block
# <min> <max>
0	4

[block]
# block no. 1 follows, 25 sequences, length 7
# corresponding to MSA columns:
# 71-77
name=unknown_B
#
# <colnr> <probs for GDERKNQSTAVLIFYWHMCP>
#	G	D	E	R	K	N	Q	S	T	A	V	L	I	F	Y	W	H	M	C	P
0	0.01665	0.01632	0.02723	0.06894	0.05557	0.01865	0.18309	0.02036	0.01484	0.02204	0.01418	0.01996	0.01210	0.01245	0.05349	0.00326	0.28945	0.00734	0.06349	0.08061
1	0.02603	0.02265	0.02275	0.02129	0.10740	0.14455	0.01525	0.37728	0.02869	0.03709	0.01927	0.02051	0.03939	0.00933	0.00827	0.00229	0.03761	0.00699	0.04178	0.01157
2	0.01870	0.01539	0.01918	0.01464	0.02053	0.01437	0.05219	0.16511	0.04860	0.02990	0.01680	0.01961	0.01357	0.01441	0.10660	0.00322	0.00905	0.00615	0.00535	0.40662
3	0.48404	0.06503	0.01652	0.01292	0.01791	0.10981	0.01057	0.09049	0.04740	0.06348	0.01365	0.01479	0.01042	0.00775	0.00569	0.00230	0.00751	0.00497	0.00527	0.00947
4	0.01920	0.01817	0.02945	0.04297	0.58337	0.01855	0.02212	0.02633	0.11176	0.02636	0.01705	0.02061	0.01394	0.00743	0.00771	0.00235	0.00876	0.00718	0.00443	0.01228
5	0.02588	0.01400	0.04923	0.01369	0.01876	0.01226	0.01152	0.03273	0.13794	0.39258	0.16968	0.03319	0.03124	0.01101	0.00808	0.00245	0.00612	0.00922	0.00875	0.01167
6	0.01911	0.01866	0.03283	0.04617	0.61839	0.01854	0.08345	0.02389	0.01772	0.02528	0.01469	0.01935	0.01223	0.00687	0.00782	0.00233	0.00958	0.00712	0.00385	0.01211

[dist]
# distance from previous block
# <min> <max>
4	7

[block]
# block no. 2 follows, 25 sequences, length 6
# corresponding to MSA columns:
# 85-90
name=unknown_C
#
# <colnr> <probs for GDERKNQSTAVLIFYWHMCP>
#	G	D	E	R	K	N	Q	S	T	A	V	L	I	F	Y	W	H	M	C	P
0	0.01610	0.01526	0.02588	0.49761	0.25331	0.01761	0.02226	0.02108	0.01619	0.02157	0.01404	0.02020	0.01096	0.00748	0.00773	0.00249	0.00998	0.00690	0.00357	0.00979
1	0.01805	0.01726	0.02941	0.21371	0.52195	0.01812	0.02323	0.02279	0.01711	0.02394	0.01438	0.01956	0.01179	0.00712	0.00770	0.00237	0.00949	0.00690	0.00374	0.01136
2	0.17638	0.01705	0.01979	0.07434	0.09879	0.01876	0.01404	0.17859	0.17544	0.11879	0.02081	0.02109	0.01515	0.00881	0.00719	0.00244	0.00743	0.00694	0.00663	0.01154
3	0.01711	0.01265	0.01746	0.19131	0.02552	0.01432	0.05402	0.11047	0.01876	0.02838	0.01957	0.02385	0.01517	0.00894	0.00817	0.00226	0.06242	0.00720	0.35367	0.00875
4	0.01975	0.01525	0.02113	0.01682	0.02120	0.01565	0.09373	0.16261	0.02122	0.09053	0.07410	0.13639	0.02387	0.01190	0.01047	0.00245	0.10372	0.00991	0.00626	0.14305
5	0.02073	0.01532	0.01724	0.01436	0.01851	0.01611	0.01132	0.35115	0.02770	0.03766	0.15045	0.17841	0.03292	0.01359	0.00836	0.00245	0.00654	0.01145	0.00759	0.05813

[dist]
# distance from previous block
# <min> <max>
0	5

[block]
# block no. 3 follows, 25 sequences, length 15
# corresponding to MSA columns:
# 96-110
name=unknown_D
#
# <colnr> <probs for GDERKNQSTAVLIFYWHMCP>
#	G	D	E	R	K	N	Q	S	T	A	V	L	I	F	Y	W	H	M	C	P
0	0.11989	0.02180	0.25423	0.01517	0.02138	0.01421	0.01585	0.02399	0.09130	0.08116	0.18842	0.03069	0.02933	0.04878	0.00930	0.00273	0.00749	0.00848	0.00595	0.00984
1	0.04623	0.00918	0.01159	0.01064	0.01313	0.00869	0.00809	0.01880	0.04883	0.11500	0.48292	0.10673	0.05950	0.01516	0.00880	0.00250	0.00431	0.01326	0.00838	0.00825
2	0.52559	0.01521	0.01362	0.01178	0.01603	0.01770	0.00966	0.10977	0.01667	0.03472	0.01348	0.01566	0.01052	0.00824	0.00702	0.00241	0.06572	0.00515	0.09211	0.00894
3	0.02187	0.01581	0.01838	0.01538	0.04594	0.01561	0.01172	0.26114	0.04698	0.08908	0.08328	0.06990	0.02228	0.03296	0.00851	0.00226	0.00680	0.00826	0.00684	0.21700
4	0.31584	0.01611	0.02160	0.10719	0.29324	0.01729	0.01652	0.02412	0.01606	0.08393	0.01437	0.01741	0.01113	0.00735	0.00658	0.00238	0.00788	0.00593	0.00465	0.01043
5	0.14250	0.00955	0.01117	0.01082	0.01334	0.00922	0.00802	0.01738	0.01727	0.10277	0.19277	0.31792	0.04369	0.01660	0.00839	0.00265	0.00485	0.01444	0.00727	0.04937
6	0.01539	0.01383	0.02122	0.30604	0.03282	0.01749	0.04402	0.01906	0.01451	0.02119	0.01551	0.04254	0.01324	0.01039	0.01345	0.00274	0.24634	0.00748	0.13440	0.00834
7	0.01439	0.01303	0.02103	0.54450	0.04407	0.01620	0.01886	0.01884	0.01519	0.02031	0.01668	0.08007	0.01441	0.00973	0.00929	0.00265	0.06958	0.00818	0.05468	0.00831
8	0.01728	0.01533	0.02570	0.48005	0.18506	0.01754	0.04735	0.04393	0.01714	0.05485	0.01503	0.02057	0.01135	0.00766	0.00780	0.00251	0.00996	0.00704	0.00400	0.00987
9	0.02402	0.01727	0.05509	0.01617	0.02197	0.01551	0.04695	0.14842	0.11163	0.19146	0.02543	0.09720	0.02047	0.01082	0.00808	0.00245	0.00745	0.00890	0.00738	0.16332
10	0.02364	0.01826	0.02014	0.01507	0.02157	0.01807	0.01232	0.37718	0.02758	0.03858	0.01651	0.01751	0.01244	0.00775	0.00688	0.00181	0.00732	0.00594	0.00638	0.34503
11	0.02172	0.19109	0.02376	0.01496	0.02003	0.11195	0.01240	0.12969	0.09571	0.05647	0.01941	0.09262	0.01716	0.00983	0.00753	0.00210	0.03234	0.00750	0.00558	0.12816
12	0.02491	0.01150	0.01515	0.01245	0.01680	0.01046	0.00996	0.02950	0.06800	0.39726	0.26806	0.03819	0.03939	0.01197	0.00830	0.00243	0.00548	0.01016	0.00908	0.01096
13	0.56088	0.01559	0.01397	0.04839	0.01833	0.01783	0.01010	0.12932	0.01787	0.03614	0.05774	0.01715	0.01375	0.00818	0.00575	0.00240	0.00650	0.00549	0.00549	0.00915
14	0.06719	0.01322	0.02081	0.55405	0.04448	0.01634	0.01870	0.01934	0.01495	0.02098	0.01409	0.02061	0.01093	0.00906	0.00935	0.04439	0.03782	0.00671	0.04874	0.00823

[dist]
# distance from previous block
# <min> <max>
0	2

[block]
# block no. 4 follows, 25 sequences, length 7
# corresponding to MSA columns:
# 113-119
name=unknown_E
#
# <colnr> <probs for GDERKNQSTAVLIFYWHMCP>
#	G	D	E	R	K	N	Q	S	T	A	V	L	I	F	Y	W	H	M	C	P
0	0.09953	0.20478	0.11769	0.01505	0.02123	0.06977	0.01421	0.11768	0.07551	0.02864	0.08612	0.02066	0.01837	0.00854	0.00662	0.00210	0.00805	0.00636	0.00523	0.07388
1	0.01834	0.01344	0.01490	0.01151	0.01674	0.01222	0.00920	0.14937	0.02032	0.03121	0.01823	0.02045	0.01435	0.00746	0.00606	0.00159	0.00568	0.00588	0.23527	0.38777
2	0.39770	0.32303	0.02485	0.01210	0.01780	0.02360	0.01097	0.07158	0.01609	0.02878	0.01139	0.01299	0.00943	0.00712	0.00510	0.00208	0.00718	0.00439	0.00439	0.00943
3	0.01249	0.00892	0.01249	0.01428	0.01606	0.00892	0.01249	0.01606	0.01785	0.02320	0.04105	0.08746	0.04462	0.02142	0.01071	0.00357	0.00714	0.62695	0.00714	0.00714
4	0.03479	0.01320	0.01799	0.01380	0.01979	0.01140	0.01140	0.03779	0.02219	0.68451	0.03059	0.02639	0.01919	0.00960	0.00780	0.00240	0.00660	0.00780	0.00960	0.01320
5	0.02896	0.03695	0.02197	0.01998	0.02397	0.69638	0.01498	0.03096	0.02197	0.01898	0.01199	0.01398	0.00999	0.00799	0.00699	0.00200	0.01398	0.00499	0.00400	0.00899
6	0.01871	0.01794	0.03061	0.11691	0.61355	0.01830	0.02356	0.02338	0.01743	0.02475	0.01450	0.01935	0.01208	0.00700	0.00768	0.00233	0.00933	0.00691	0.00380	0.01190

[dist]
# distance from previous block
# <min> <max>
0	2

[block]
# block no. 5 follows, 25 sequences, length 7
# corresponding to MSA columns:
# 122-128
name=unknown_F
#
# <colnr> <probs for GDERKNQSTAVLIFYWHMCP>
#	G	D	E	R	K	N	Q	S	T	A	V	L	I	F	Y	W	H	M	C	P
0	0.01555	0.04011	0.68733	0.02210	0.03356	0.01801	0.02865	0.02455	0.01637	0.02455	0.01391	0.01637	0.00982	0.00737	0.00737	0.00246	0.01146	0.00573	0.00327	0.01146
1	0.02896	0.03695	0.02197	0.01998	0.02397	0.69638	0.01498	0.03096	0.02197	0.01898	0.01199	0.01398	0.00999	0.00799	0.00699	0.00200	0.01398	0.00499	0.00400	0.00899
2	0.01555	0.04011	0.68733	0.02210	0.03356	0.01801	0.02865	0.02455	0.01637	0.02455	0.01391	0.01637	0.00982	0.00737	0.00737	0.00246	0.01146	0.00573	0.00327	0.01146
3	0.00974	0.00698	0.00926	0.01059	0.01131	0.00650	0.00722	0.01154	0.01623	0.02199	0.16568	0.59324	0.05554	0.02265	0.00975	0.00301	0.00434	0.02048	0.00746	0.00650
4	0.02272	0.01645	0.01805	0.01559	0.02039	0.01829	0.01231	0.08696	0.50730	0.14549	0.03041	0.02771	0.02211	0.01027	0.00786	0.00257	0.00640	0.00846	0.00817	0.01250
5	0.01445	0.00723	0.00723	0.00723	0.00903	0.00723	0.00542	0.01807	0.01626	0.02891	0.02529	0.02891	0.01987	0.00903	0.00542	0.00181	0.00361	0.00723	0.77055	0.00723
6	0.02767	0.06490	0.02293	0.01631	0.02240	0.01891	0.04622	0.33097	0.02795	0.21130	0.05508	0.02224	0.01749	0.00912	0.00757	0.00223	0.00776	0.00730	0.00754	0.07412

[dist]
# distance from previous block
# <min> <max>
4	13

[block]
# block no. 6 follows, 25 sequences, length 6
# corresponding to MSA columns:
# 142-147
name=unknown_G
#
# <colnr> <probs for GDERKNQSTAVLIFYWHMCP>
#	G	D	E	R	K	N	Q	S	T	A	V	L	I	F	Y	W	H	M	C	P
0	0.45298	0.01520	0.01570	0.15952	0.02437	0.01748	0.01209	0.10368	0.01749	0.06299	0.04375	0.01779	0.01288	0.00809	0.00614	0.00243	0.00716	0.00574	0.00528	0.00923
1	0.01317	0.01096	0.01512	0.01292	0.01582	0.01011	0.06248	0.01529	0.01444	0.02065	0.02494	0.23502	0.02737	0.18973	0.01687	0.00358	0.05302	0.01196	0.00526	0.24130
2	0.01662	0.01289	0.01540	0.01149	0.01751	0.00993	0.00904	0.01946	0.01596	0.06223	0.01632	0.05588	0.01424	0.00841	0.00774	0.05342	0.00579	0.00588	0.00494	0.63684
3	0.01457	0.00920	0.01185	0.01124	0.01358	0.00878	0.00856	0.01928	0.07493	0.11291	0.38846	0.16902	0.05646	0.01641	0.00909	0.00264	0.00461	0.05180	0.00830	0.00830
4	0.02907	0.03370	0.02225	0.01952	0.02399	0.55287	0.01493	0.16379	0.02506	0.02536	0.01340	0.01497	0.01067	0.00827	0.00715	0.00207	0.01282	0.00542	0.00480	0.00988
5	0.02465	0.01688	0.02117	0.01618	0.02210	0.01662	0.06608	0.25891	0.05846	0.16309	0.02139	0.04695	0.01634	0.03551	0.00869	0.00234	0.00761	0.00759	0.00696	0.18248

[dist]
# distance from previous block
# <min> <max>
2	5

[block]
# block no. 7 follows, 25 sequences, length 12
# corresponding to MSA columns:
# 153-164
name=unknown_H
#
# <colnr> <probs for GDERKNQSTAVLIFYWHMCP>
#	G	D	E	R	K	N	Q	S	T	A	V	L	I	F	Y	W	H	M	C	P
0	0.02652	0.01963	0.02114	0.01666	0.02241	0.02149	0.01360	0.47267	0.14413	0.06745	0.02376	0.02306	0.04411	0.00985	0.00777	0.00235	0.00774	0.00765	0.00771	0.04031
1	0.01861	0.01783	0.03043	0.13138	0.59986	0.01827	0.02351	0.02329	0.01738	0.02463	0.01448	0.01938	0.01204	0.00702	0.00769	0.00234	0.00935	0.00691	0.00379	0.01182
2	0.01249	0.00892	0.01249	0.01428	0.01606	0.00892	0.01249	0.01606	0.01785	0.02320	0.04105	0.08746	0.04462	0.02142	0.01071	0.00357	0.00714	0.62695	0.00714	0.00714
3	0.02986	0.06857	0.08750	0.01450	0.02111	0.01368	0.01315	0.03415	0.04398	0.49622	0.02624	0.02368	0.01716	0.00890	0.00740	0.00227	0.00714	0.00712	0.00806	0.06933
4	0.69120	0.01674	0.06104	0.01123	0.01657	0.01716	0.01002	0.02363	0.01385	0.06456	0.01195	0.01352	0.00901	0.00732	0.00513	0.00240	0.00642	0.00448	0.00491	0.00885
5	0.02968	0.01425	0.01927	0.01460	0.02079	0.01258	0.04295	0.06430	0.04967	0.47412	0.02630	0.02400	0.01735	0.00878	0.00750	0.00219	0.00684	0.00729	0.00826	0.14926
6	0.37490	0.01863	0.01782	0.01433	0.01989	0.02099	0.01183	0.36398	0.02578	0.04241	0.01503	0.01585	0.01099	0.00834	0.00640	0.00236	0.00737	0.00570	0.00640	0.01099
7	0.02893	0.02322	0.02285	0.01799	0.02385	0.10089	0.01465	0.55273	0.06481	0.04465	0.01847	0.01858	0.01332	0.00921	0.00768	0.00230	0.00904	0.00684	0.00733	0.01266
8	0.01919	0.01842	0.03147	0.04759	0.67914	0.01842	0.02380	0.02380	0.01765	0.02533	0.01458	0.01919	0.01228	0.00691	0.00768	0.00230	0.00921	0.00691	0.00384	0.01228
9	0.01155	0.00816	0.01173	0.01173	0.01318	0.00935	0.00910	0.01443	0.01299	0.01952	0.02140	0.03024	0.01945	0.05131	0.60048	0.01098	0.01838	0.00816	0.11090	0.00697
10	0.11126	0.02082	0.02134	0.01673	0.02261	0.04973	0.01373	0.49316	0.05507	0.09098	0.01882	0.01870	0.01334	0.00909	0.00741	0.00234	0.00825	0.00672	0.00742	0.01246
11	0.02087	0.66700	0.07014	0.01400	0.02073	0.06136	0.01407	0.02364	0.01608	0.01857	0.01098	0.01270	0.00995	0.00673	0.00518	0.00171	0.00871	0.00426	0.00335	0.00998

[dist]
# distance from previous block
# <min> <max>
0	1

[block]
# block no. 8 follows, 25 sequences, length 59
# corresponding to MSA columns:
# 166-224
name=unknown_I
#
# <colnr> <probs for GDERKNQSTAVLIFYWHMCP>
#	G	D	E	R	K	N	Q	S	T	A	V	L	I	F	Y	W	H	M	C	P
0	0.01098	0.00746	0.00847	0.00864	0.00883	0.00735	0.00500	0.01122	0.01198	0.01582	0.02930	0.11486	0.06820	0.62048	0.03493	0.00682	0.00703	0.01258	0.00508	0.00496
1	0.02104	0.01736	0.01779	0.01582	0.02032	0.05164	0.01233	0.04042	0.58044	0.08588	0.03052	0.02799	0.02263	0.01032	0.00784	0.00258	0.00656	0.00850	0.00784	0.01219
2	0.01555	0.04011	0.68733	0.02210	0.03356	0.01801	0.02865	0.02455	0.01637	0.02455	0.01391	0.01637	0.00982	0.00737	0.00737	0.00246	0.01146	0.00573	0.00327	0.01146
3	0.00951	0.00691	0.00897	0.01048	0.01120	0.00637	0.00709	0.01103	0.01548	0.02051	0.08035	0.63011	0.10655	0.02343	0.00979	0.00306	0.00440	0.02111	0.00727	0.00637
4	0.02906	0.02151	0.02303	0.01776	0.02389	0.02385	0.01464	0.62816	0.06226	0.04819	0.01915	0.01904	0.01362	0.00936	0.00776	0.00234	0.00843	0.00705	0.00776	0.01315
5	0.01885	0.01911	0.05785	0.07493	0.62598	0.01835	0.02390	0.02366	0.01751	0.02506	0.01452	0.01914	0.01210	0.00696	0.00767	0.00232	0.00935	0.00686	0.00380	0.01209
6	0.02031	0.67664	0.09253	0.01398	0.02100	0.02966	0.01450	0.02332	0.01580	0.01875	0.01103	0.01275	0.00994	0.00669	0.00517	0.00172	0.00855	0.00427	0.00331	0.01007
7	0.01696	0.01696	0.02375	0.02036	0.02036	0.02375	0.01696	0.01866	0.01187	0.01866	0.01018	0.01696	0.01018	0.01357	0.02545	0.00339	0.71332	0.00679	0.00339	0.00848
8	0.01749	0.29917	0.44525	0.01879	0.02845	0.02275	0.02289	0.02405	0.01614	0.02219	0.01274	0.01490	0.00987	0.00709	0.00647	0.00216	0.01027	0.00514	0.00329	0.01089
9	0.03260	0.01330	0.01767	0.01382	0.01952	0.01192	0.01132	0.03723	0.07673	0.60521	0.05432	0.02776	0.02155	0.00990	0.00785	0.00242	0.00645	0.00811	0.00941	0.01290
10	0.01235	0.00883	0.01229	0.01385	0.01564	0.00877	0.01200	0.01593	0.01824	0.02395	0.10138	0.08465	0.04734	0.02089	0.01056	0.00346	0.00681	0.56863	0.00727	0.00716
11	0.02193	0.01797	0.01902	0.01631	0.02117	0.02052	0.01291	0.20025	0.50178	0.03670	0.02820	0.02625	0.02094	0.01020	0.00785	0.00255	0.00676	0.00830	0.00785	0.01251
12	0.01691	0.04194	0.02970	0.17784	0.03279	0.02149	0.17580	0.02061	0.01442	0.02044	0.01238	0.01862	0.01060	0.01027	0.01670	0.00296	0.35662	0.00731	0.00353	0.00905
13	0.01263	0.00841	0.01018	0.00945	0.01197	0.00743	0.00719	0.01559	0.02039	0.09105	0.39190	0.06101	0.29056	0.01664	0.00902	0.00250	0.00404	0.01428	0.00815	0.00760
14	0.00945	0.00675	0.00900	0.01080	0.01125	0.00630	0.00720	0.01080	0.01484	0.01979	0.04274	0.72245	0.05128	0.02429	0.00990	0.00315	0.00450	0.02204	0.00720	0.00630
15	0.01128	0.00752	0.00846	0.00846	0.00846	0.00752	0.00470	0.01128	0.01128	0.01503	0.02443	0.05074	0.02819	0.72751	0.03946	0.00752	0.00752	0.01128	0.00470	0.00470
16	0.78228	0.01499	0.01140	0.01020	0.01499	0.01739	0.00840	0.02279	0.01320	0.03479	0.01080	0.01260	0.00840	0.00720	0.00480	0.00240	0.00600	0.00420	0.00480	0.00840
17	0.01464	0.01378	0.02326	0.70887	0.05340	0.01723	0.02153	0.01981	0.01550	0.01981	0.01378	0.02067	0.01034	0.00775	0.00775	0.00258	0.01034	0.00689	0.00345	0.00861
18	0.02725	0.18534	0.02617	0.01826	0.02310	0.46854	0.01458	0.10698	0.02244	0.02255	0.01255	0.01423	0.01038	0.00786	0.00665	0.00197	0.01207	0.00506	0.00432	0.00972
19	0.00945	0.00675	0.00900	0.01080	0.01125	0.00630	0.00720	0.01080	0.01484	0.01979	0.04274	0.72245	0.05128	0.02429	0.00990	0.00315	0.00450	0.02204	0.00720	0.00630
20	0.01503	0.01430	0.02453	0.64788	0.08708	0.01738	0.04483	0.02021	0.01572	0.02030	0.01390	0.02060	0.01049	0.00766	0.00780	0.00257	0.01038	0.00697	0.00348	0.00888
21	0.00945	0.00675	0.00900	0.01080	0.01125	0.00630	0.00720	0.01080	0.01484	0.01979	0.04274	0.72245	0.05128	0.02429	0.00990	0.00315	0.00450	0.02204	0.00720	0.00630
22	0.02319	0.02601	0.02758	0.03629	0.41105	0.29584	0.02019	0.02673	0.01942	0.02273	0.01352	0.01706	0.01134	0.00735	0.00740	0.00218	0.01116	0.00612	0.00390	0.01093
23	0.01097	0.00793	0.01036	0.00975	0.01158	0.00732	0.00732	0.01463	0.02195	0.03109	0.67505	0.05792	0.07316	0.01585	0.00914	0.00244	0.00366	0.01402	0.00854	0.00732
24	0.03479	0.01320	0.01799	0.01380	0.01979	0.01140	0.01140	0.03779	0.02219	0.68451	0.03059	0.02639	0.01919	0.00960	0.00780	0.00240	0.00660	0.00780	0.00960	0.01320
25	0.01082	0.00878	0.01414	0.01395	0.01547	0.00825	0.09378	0.01301	0.01550	0.02068	0.03901	0.58849	0.04557	0.02173	0.00985	0.00310	0.00581	0.05839	0.00675	0.00691
26	0.01978	0.01690	0.01781	0.01588	0.02035	0.01952	0.01239	0.07104	0.63449	0.03324	0.03093	0.02843	0.02316	0.01046	0.00788	0.00262	0.00625	0.00868	0.00788	0.01232
27	0.00945	0.00675	0.00900	0.01080	0.01125	0.00630	0.00720	0.01080	0.01484	0.01979	0.04274	0.72245	0.05128	0.02429	0.00990	0.00315	0.00450	0.02204	0.00720	0.00630
28	0.01347	0.00673	0.01010	0.01010	0.01010	0.00673	0.00673	0.01010	0.01010	0.01347	0.01347	0.02357	0.01347	0.02694	0.03030	0.77441	0.00673	0.00673	0.00337	0.00337
29	0.01498	0.01417	0.02468	0.61315	0.05020	0.01701	0.08077	0.02021	0.01580	0.02070	0.01448	0.02106	0.01090	0.00769	0.00778	0.00255	0.01030	0.00712	0.03773	0.00873
30	0.01550	0.01465	0.02480	0.58441	0.17117	0.01745	0.02196	0.02056	0.01591	0.02085	0.01393	0.02039	0.01070	0.00759	0.00774	0.00253	0.01012	0.00689	0.00352	0.00930
31	0.02906	0.03420	0.02221	0.01959	0.02398	0.57480	0.01494	0.14350	0.02459	0.02438	0.01318	0.01482	0.01057	0.00823	0.00713	0.00206	0.01300	0.00535	0.00468	0.00975
32	0.03392	0.01369	0.01819	0.01404	0.01998	0.01224	0.01157	0.06302	0.04973	0.63126	0.03014	0.02618	0.01914	0.00962	0.00780	0.00241	0.00666	0.00780	0.00945	0.01316
33	0.07833	0.01921	0.02018	0.01591	0.02142	0.02118	0.01303	0.49928	0.06304	0.04406	0.02296	0.02293	0.05609	0.00986	0.00750	0.00233	0.00764	0.00749	0.05553	0.01201
34	0.01555	0.04011	0.68733	0.02210	0.03356	0.01801	0.02865	0.02455	0.01637	0.02455	0.01391	0.01637	0.00982	0.00737	0.00737	0.00246	0.01146	0.00573	0.00327	0.01146
35	0.00956	0.00680	0.00896	0.01065	0.01107	0.00638	0.00704	0.01083	0.01462	0.01949	0.04157	0.67958	0.04981	0.06917	0.01178	0.00343	0.00469	0.02136	0.00704	0.00620
36	0.01097	0.00793	0.01036	0.00975	0.01158	0.00732	0.00732	0.01463	0.02195	0.03109	0.67505	0.05792	0.07316	0.01585	0.00914	0.00244	0.00366	0.01402	0.00854	0.00732
37	0.03397	0.01450	0.01880	0.01441	0.02044	0.01333	0.01191	0.13211	0.02438	0.58710	0.02875	0.02520	0.01827	0.00955	0.00779	0.00239	0.00689	0.00767	0.00931	0.01319
38	0.01108	0.00831	0.01246	0.01246	0.01385	0.00969	0.00969	0.01385	0.01246	0.01800	0.02077	0.03046	0.01938	0.05815	0.69678	0.01246	0.02077	0.00831	0.00415	0.00692
39	0.00945	0.00675	0.00900	0.01080	0.01125	0.00630	0.00720	0.01080	0.01484	0.01979	0.04274	0.72245	0.05128	0.02429	0.00990	0.00315	0.00450	0.02204	0.00720	0.00630
40	0.01181	0.01076	0.01019	0.00991	0.01258	0.05733	0.00742	0.01592	0.08288	0.02303	0.13431	0.10344	0.45686	0.01775	0.00892	0.00259	0.00487	0.01487	0.00719	0.00736
41	0.01429	0.01340	0.02227	0.66413	0.05066	0.01654	0.02053	0.01926	0.01564	0.01988	0.01791	0.02411	0.05282	0.00851	0.00784	0.00259	0.00993	0.00750	0.00368	0.00848
42	0.00918	0.00779	0.00793	0.00804	0.01052	0.00653	0.00597	0.01111	0.01750	0.02087	0.07629	0.11539	0.63668	0.01993	0.00921	0.00265	0.00396	0.01672	0.00720	0.00653
43	0.01809	0.02238	0.09481	0.03187	0.03999	0.01949	0.60340	0.02482	0.01815	0.02482	0.01555	0.02057	0.01162	0.00660	0.00901	0.00260	0.01295	0.00889	0.00387	0.01053
44	0.02073	0.73217	0.04063	0.01327	0.01990	0.03068	0.01327	0.02322	0.01575	0.01824	0.01078	0.01244	0.00995	0.00663	0.00498	0.00166	0.00829	0.00415	0.00332	0.00995
45	0.01856	0.01539	0.01691	0.03722	0.02046	0.01730	0.01221	0.03637	0.52114	0.05045	0.03264	0.03454	0.04689	0.01143	0.00807	0.00264	0.00628	0.06062	0.00758	0.04331
46	0.70583	0.01568	0.01260	0.01097	0.01591	0.01807	0.00904	0.08682	0.01556	0.03622	0.01159	0.01321	0.00888	0.00741	0.00510	0.00239	0.00626	0.00448	0.00510	0.00888
47	0.01088	0.00785	0.01028	0.00982	0.01156	0.00725	0.00731	0.01439	0.02150	0.03038	0.63525	0.09974	0.07178	0.01638	0.00919	0.00248	0.00371	0.01453	0.00845	0.00725
48	0.00962	0.00687	0.00920	0.01100	0.01153	0.00645	0.00751	0.01110	0.01502	0.01999	0.04264	0.68534	0.05089	0.02412	0.00994	0.00317	0.00465	0.05739	0.00719	0.00635
49	0.01109	0.00745	0.00988	0.01055	0.01174	0.00689	0.00742	0.01335	0.01774	0.05242	0.27165	0.45146	0.05784	0.02060	0.00953	0.00286	0.00428	0.01852	0.00779	0.00696
50	0.02121	0.69155	0.03954	0.01366	0.02014	0.06958	0.01337	0.02367	0.01612	0.01829	0.01085	0.01253	0.00995	0.00671	0.00509	0.00168	0.00862	0.00420	0.00336	0.00989
51	0.01384	0.00717	0.00744	0.00766	0.00930	0.00711	0.00564	0.01718	0.01609	0.02779	0.02743	0.11370	0.02371	0.01090	0.00597	0.00197	0.00372	0.00904	0.67722	0.00711
52	0.00945	0.00675	0.00900	0.01080	0.01125	0.00630	0.00720	0.01080	0.01484	0.01979	0.04274	0.72245	0.05128	0.02429	0.00990	0.00315	0.00450	0.02204	0.00720	0.00630
53	0.01608	0.01378	0.01608	0.01148	0.01837	0.01034	0.00919	0.01952	0.01608	0.02527	0.01378	0.01608	0.01148	0.00574	0.00574	0.00115	0.00574	0.00459	0.00459	0.77491
54	0.01082	0.00789	0.01000	0.00949	0.01128	0.00726	0.00701	0.01409	0.02086	0.02911	0.57692	0.05904	0.12749	0.06163	0.01108	0.00278	0.00393	0.01407	0.00816	0.00708
55	0.00938	0.00701	0.00872	0.01009	0.01106	0.00636	0.00688	0.01088	0.01553	0.02007	0.05135	0.56654	0.20162	0.02317	0.00972	0.00302	0.00436	0.02068	0.00720	0.00636
56	0.02013	0.01647	0.01756	0.01567	0.02014	0.01885	0.01222	0.04101	0.63004	0.06803	0.03151	0.02879	0.02342	0.01047	0.00788	0.00262	0.00616	0.00871	0.00798	0.01232
57	0.02441	0.02765	0.02647	0.03280	0.33035	0.35135	0.01909	0.05352	0.02056	0.02319	0.01348	0.01661	0.01119	0.00754	0.00734	0.00215	0.01152	0.00597	0.00408	0.01070
58	0.02836	0.09759	0.02418	0.01861	0.02361	0.40282	0.01474	0.24358	0.02635	0.02915	0.01414	0.01542	0.01108	0.00831	0.00706	0.00208	0.01157	0.00559	0.00522	0.01052

[dist]
# distance from previous block
# <min> <max>
0	5

[block]
# block no. 9 follows, 25 sequences, length 51
# corresponding to MSA columns:
# 230-280
name=unknown_J
#
# <colnr> <probs for GDERKNQSTAVLIFYWHMCP>
#	G	D	E	R	K	N	Q	S	T	A	V	L	I	F	Y	W	H	M	C	P
0	0.00945	0.00675	0.00900	0.01080	0.01125	0.00630	0.00720	0.01080	0.01484	0.01979	0.04274	0.72245	0.05128	0.02429	0.00990	0.00315	0.00450	0.02204	0.00720	0.00630
1	0.01771	0.02137	0.08197	0.03100	0.03870	0.01887	0.58322	0.02415	0.01802	0.02458	0.01688	0.05434	0.01355	0.00744	0.00908	0.00263	0.01256	0.00957	0.00404	0.01032
2	0.05024	0.14294	0.20610	0.01707	0.02395	0.05569	0.01699	0.05920	0.25074	0.06979	0.02079	0.02070	0.01552	0.00863	0.00708	0.00235	0.00850	0.00665	0.00564	0.01144
3	0.01555	0.04011	0.68733	0.02210	0.03356	0.01801	0.02865	0.02455	0.01637	0.02455	0.01391	0.01637	0.00982	0.00737	0.00737	0.00246	0.01146	0.00573	0.00327	0.01146
4	0.02648	0.01693	0.06023	0.02289	0.11652	0.01469	0.14982	0.03169	0.05104	0.36251	0.04864	0.02501	0.01841	0.00874	0.00810	0.00245	0.00846	0.00813	0.00714	0.01213
5	0.01967	0.01620	0.01942	0.01419	0.02095	0.01436	0.04248	0.18440	0.02148	0.03137	0.01513	0.01698	0.01194	0.00671	0.00643	0.00153	0.00683	0.00544	0.00538	0.53913
6	0.01713	0.00928	0.00986	0.00901	0.01153	0.00951	0.00698	0.09372	0.01880	0.06427	0.02461	0.02763	0.01903	0.01094	0.03183	0.00230	0.00499	0.00727	0.61309	0.00822
7	0.00954	0.00734	0.00854	0.00931	0.01073	0.00654	0.00646	0.01117	0.01617	0.02053	0.08961	0.36174	0.31849	0.07267	0.01168	0.00320	0.00443	0.01841	0.00709	0.00634
8	0.02947	0.02172	0.02327	0.01784	0.02404	0.02404	0.01474	0.65329	0.03646	0.04887	0.01862	0.01862	0.01319	0.00931	0.00776	0.00233	0.00853	0.00698	0.00776	0.01319
9	0.00944	0.00715	0.00871	0.00983	0.01102	0.00643	0.00680	0.01109	0.01608	0.02073	0.08605	0.48818	0.24563	0.02242	0.00963	0.00295	0.00428	0.01988	0.00727	0.00643
10	0.78228	0.01499	0.01140	0.01020	0.01499	0.01739	0.00840	0.02279	0.01320	0.03479	0.01080	0.01260	0.00840	0.00720	0.00480	0.00240	0.00600	0.00420	0.00480	0.00840
11	0.01445	0.00723	0.00723	0.00723	0.00903	0.00723	0.00542	0.01807	0.01626	0.02891	0.02529	0.02891	0.01987	0.00903	0.00542	0.00181	0.00361	0.00723	0.77055	0.00723
12	0.01445	0.00723	0.00723	0.00723	0.00903	0.00723	0.00542	0.01807	0.01626	0.02891	0.02529	0.02891	0.01987	0.00903	0.00542	0.00181	0.00361	0.00723	0.77055	0.00723
13	0.01097	0.00793	0.01036	0.00975	0.01158	0.00732	0.00732	0.01463	0.02195	0.03109	0.67505	0.05792	0.07316	0.01585	0.00914	0.00244	0.00366	0.01402	0.00854	0.00732
14	0.02073	0.73217	0.04063	0.01327	0.01990	0.03068	0.01327	0.02322	0.01575	0.01824	0.01078	0.01244	0.00995	0.00663	0.00498	0.00166	0.00829	0.00415	0.00332	0.00995
15	0.00945	0.00675	0.00900	0.01080	0.01125	0.00630	0.00720	0.01080	0.01484	0.01979	0.04274	0.72245	0.05128	0.02429	0.00990	0.00315	0.00450	0.02204	0.00720	0.00630
16	0.01045	0.00747	0.00987	0.01133	0.01222	0.00713	0.00829	0.01238	0.01572	0.02080	0.07047	0.44710	0.07055	0.08537	0.01267	0.00359	0.00539	0.17575	0.00702	0.00643
17	0.01608	0.01378	0.01608	0.01148	0.01837	0.01034	0.00919	0.01952	0.01608	0.02527	0.01378	0.01608	0.01148	0.00574	0.00574	0.00115	0.00574	0.00459	0.00459	0.77491
18	0.01660	0.01803	0.03717	0.02764	0.03344	0.01762	0.47766	0.02177	0.01709	0.02337	0.01999	0.14535	0.01865	0.01035	0.01079	0.00278	0.07649	0.01122	0.00446	0.00953
19	0.01089	0.00786	0.01029	0.00981	0.01157	0.00726	0.00731	0.01443	0.02158	0.03050	0.64215	0.09250	0.07202	0.01629	0.00918	0.00248	0.00370	0.01444	0.00847	0.00726
20	0.01919	0.01842	0.03147	0.04759	0.67914	0.01842	0.02380	0.02380	0.01765	0.02533	0.01458	0.01919	0.01228	0.00691	0.00768	0.00230	0.00921	0.00691	0.00384	0.01228
21	0.04892	0.01203	0.01299	0.01234	0.01509	0.03881	0.00949	0.02337	0.21609	0.02924	0.29864	0.09885	0.07820	0.01477	0.00866	0.00262	0.00526	0.05809	0.00772	0.00881
22	0.00957	0.00765	0.00856	0.00879	0.01084	0.00664	0.00642	0.01173	0.01794	0.02267	0.18588	0.19822	0.43816	0.01982	0.00930	0.00269	0.00399	0.01703	0.00746	0.00664
23	0.00952	0.00685	0.00902	0.01063	0.01123	0.00636	0.00715	0.01101	0.01532	0.02043	0.07704	0.66257	0.07681	0.02367	0.00983	0.00309	0.00443	0.02140	0.00727	0.00636
24	0.02439	0.04388	0.01931	0.01644	0.04595	0.06731	0.01249	0.18305	0.15190	0.18177	0.02720	0.14492	0.02291	0.01194	0.00800	0.00250	0.00733	0.00990	0.00750	0.01133
25	0.06410	0.02061	0.02227	0.05322	0.02485	0.02302	0.01460	0.54441	0.08117	0.04545	0.01895	0.01920	0.01359	0.00922	0.00762	0.00237	0.00833	0.00698	0.00740	0.01265
26	0.01845	0.01800	0.03171	0.14143	0.52533	0.01837	0.08595	0.02333	0.01741	0.02449	0.01458	0.01958	0.01195	0.00699	0.00783	0.00237	0.00976	0.00713	0.00379	0.01157
27	0.01163	0.00907	0.01331	0.01299	0.01418	0.01089	0.01012	0.01416	0.01235	0.01791	0.01997	0.03022	0.01897	0.08723	0.60190	0.01137	0.08434	0.00831	0.00411	0.00696
28	0.01555	0.04011	0.68733	0.02210	0.03356	0.01801	0.02865	0.02455	0.01637	0.02455	0.01391	0.01637	0.00982	0.00737	0.00737	0.00246	0.01146	0.00573	0.00327	0.01146
29	0.01627	0.03710	0.61895	0.02105	0.03173	0.01712	0.02668	0.02470	0.01695	0.05764	0.04909	0.01903	0.01358	0.00792	0.00748	0.00245	0.01081	0.00626	0.00386	0.01133
30	0.01661	0.01653	0.02211	0.01924	0.01959	0.04770	0.01587	0.01846	0.01235	0.01858	0.01172	0.01873	0.01145	0.01957	0.11830	0.00460	0.58985	0.00693	0.00352	0.00828
31	0.00930	0.00732	0.00840	0.00927	0.01084	0.00643	0.00652	0.01097	0.01631	0.02039	0.06134	0.38592	0.37580	0.02187	0.00952	0.00287	0.00420	0.01909	0.00720	0.00643
32	0.01325	0.01094	0.01260	0.01294	0.04854	0.01096	0.00931	0.04320	0.16565	0.02652	0.15319	0.08859	0.30257	0.01626	0.00888	0.00265	0.00506	0.05294	0.00741	0.00854
33	0.01204	0.00817	0.01063	0.00987	0.01193	0.00748	0.00745	0.01560	0.02179	0.06182	0.62106	0.05707	0.09413	0.01570	0.00908	0.00244	0.00381	0.01382	0.00853	0.00757
34	0.48845	0.01402	0.01358	0.01139	0.01645	0.01483	0.00936	0.02746	0.01670	0.25511	0.05208	0.01964	0.01543	0.00846	0.00604	0.00240	0.00608	0.00593	0.00662	0.00997
35	0.00945	0.00675	0.00900	0.01080	0.01125	0.00630	0.00720	0.01080	0.01484	0.01979	0.04274	0.72245	0.05128	0.02429	0.00990	0.00315	0.00450	0.02204	0.00720	0.00630
36	0.01618	0.01599	0.02363	0.10223	0.02457	0.02143	0.04759	0.01849	0.01285	0.01918	0.01337	0.07173	0.01343	0.01336	0.02135	0.00324	0.54115	0.00808	0.00372	0.00843
37	0.01347	0.00673	0.01010	0.01010	0.01010	0.00673	0.00673	0.01010	0.01010	0.01347	0.01347	0.02357	0.01347	0.02694	0.03030	0.77441	0.00673	0.00673	0.00337	0.00337
38	0.01068	0.00781	0.01002	0.00969	0.01146	0.00716	0.00718	0.01398	0.02092	0.02918	0.56550	0.12101	0.12254	0.01696	0.00922	0.00252	0.00376	0.01497	0.00830	0.00716
39	0.01893	0.02186	0.04434	0.03193	0.03954	0.05967	0.61333	0.02520	0.01852	0.02449	0.01547	0.02050	0.01166	0.00662	0.00902	0.00258	0.01313	0.00890	0.00393	0.01037
40	0.03033	0.02034	0.02242	0.01719	0.02336	0.02200	0.01420	0.55386	0.03415	0.15155	0.02055	0.01987	0.01416	0.00935	0.00776	0.00234	0.00822	0.00711	0.00805	0.01319
41	0.01068	0.00785	0.01000	0.00960	0.01144	0.00717	0.00715	0.01401	0.02105	0.02929	0.57104	0.09912	0.13915	0.01677	0.00919	0.00250	0.00374	0.01476	0.00831	0.00717
42	0.00943	0.00775	0.00829	0.00839	0.01069	0.00662	0.00620	0.01155	0.01794	0.02214	0.15190	0.13700	0.53603	0.01961	0.00923	0.00265	0.00395	0.01663	0.00737	0.00662
43	0.01742	0.01661	0.02827	0.30514	0.43543	0.01796	0.02291	0.02224	0.01682	0.02318	0.01427	0.01977	0.01152	0.00724	0.00771	0.00241	0.00965	0.00690	0.00369	0.01085
44	0.01916	0.01880	0.03011	0.11913	0.57873	0.05085	0.02312	0.02370	0.01763	0.02442	0.01437	0.01910	0.01196	0.00705	0.00765	0.00232	0.00956	0.00681	0.00380	0.01172
45	0.01347	0.00673	0.01010	0.01010	0.01010	0.00673	0.00673	0.01010	0.01010	0.01347	0.01347	0.02357	0.01347	0.02694	0.03030	0.77441	0.00673	0.00673	0.00337	0.00337
46	0.01347	0.00673	0.01010	0.01010	0.01010	0.00673	0.00673	0.01010	0.01010	0.01347	0.01347	0.02357	0.01347	0.02694	0.03030	0.77441	0.00673	0.00673	0.00337	0.00337
47	0.01790	0.01435	0.01670	0.01206	0.01886	0.01141	0.00970	0.06763	0.01787	0.05615	0.01488	0.01672	0.01195	0.00618	0.00598	0.00129	0.00599	0.00491	0.00505	0.68441
48	0.01669	0.17359	0.53714	0.02135	0.05522	0.02048	0.02548	0.02427	0.01630	0.02336	0.01333	0.01571	0.00994	0.00721	0.00691	0.00230	0.01076	0.00547	0.00330	0.01120
49	0.00942	0.00685	0.00889	0.01051	0.01117	0.00632	0.00707	0.01083	0.01512	0.01990	0.04620	0.65973	0.11177	0.02384	0.00983	0.00310	0.00444	0.02149	0.00720	0.00632
50	0.02695	0.01988	0.02201	0.01808	0.04780	0.02194	0.01427	0.55007	0.03293	0.04463	0.01893	0.02003	0.01394	0.01305	0.06185	0.00310	0.00930	0.00709	0.04173	0.01239

[dist]
# distance from previous block
# <min> <max>
0	1

[block]
# block no. 10 follows, 25 sequences, length 9
# corresponding to MSA columns:
# 282-290
name=unknown_K
#
# <colnr> <probs for GDERKNQSTAVLIFYWHMCP>
#	G	D	E	R	K	N	Q	S	T	A	V	L	I	F	Y	W	H	M	C	P
0	0.02706	0.07029	0.02312	0.02087	0.07480	0.46208	0.01507	0.06002	0.09067	0.06130	0.01561	0.01684	0.01231	0.00825	0.00711	0.00211	0.01176	0.00576	0.00486	0.01009
1	0.32262	0.06609	0.26762	0.01644	0.02378	0.11148	0.01738	0.04896	0.01662	0.02846	0.01243	0.01442	0.00942	0.00742	0.00618	0.00232	0.00935	0.00498	0.00415	0.00989
2	0.01805	0.01726	0.02941	0.21330	0.52234	0.01812	0.02323	0.02280	0.01712	0.02395	0.01438	0.01956	0.01179	0.00712	0.00770	0.00237	0.00949	0.00690	0.00374	0.01136
3	0.08044	0.01779	0.02165	0.35142	0.03712	0.06250	0.01728	0.19364	0.08933	0.03008	0.01659	0.01992	0.01232	0.00843	0.00749	0.00247	0.00930	0.00678	0.00521	0.01023
4	0.01405	0.00867	0.01274	0.01265	0.01445	0.00795	0.04833	0.01599	0.01624	0.12634	0.03909	0.56712	0.04367	0.02083	0.00951	0.00300	0.00537	0.01896	0.00737	0.00766
5	0.01607	0.01639	0.03040	0.28882	0.04000	0.01761	0.25663	0.02105	0.01620	0.02202	0.01580	0.06033	0.01330	0.00867	0.01004	0.00260	0.08201	0.00842	0.00393	0.06970
6	0.09505	0.55098	0.08925	0.01519	0.02212	0.02750	0.06418	0.02341	0.01575	0.02089	0.01141	0.01343	0.00993	0.00674	0.00548	0.00187	0.00869	0.00467	0.00351	0.00996
7	0.21497	0.01889	0.01948	0.05011	0.02249	0.02117	0.01302	0.43172	0.02857	0.04287	0.01678	0.01776	0.01220	0.00869	0.00690	0.00233	0.00774	0.00630	0.04655	0.01146
8	0.01664	0.01130	0.01333	0.05032	0.01565	0.01290	0.00961	0.11228	0.01816	0.02842	0.02219	0.06609	0.01908	0.05213	0.01132	0.00259	0.11841	0.00819	0.40320	0.00819

[dist]
# distance from previous block
# <min> <max>
1	3

[block]
# block no. 11 follows, 25 sequences, length 43
# corresponding to MSA columns:
# 294-336
name=unknown_L
#
# <colnr> <probs for GDERKNQSTAVLIFYWHMCP>
#	G	D	E	R	K	N	Q	S	T	A	V	L	I	F	Y	W	H	M	C	P
0	0.02095	0.56249	0.10004	0.01501	0.02165	0.06486	0.01507	0.05470	0.01701	0.02042	0.01151	0.01340	0.01011	0.00721	0.00633	0.00186	0.03909	0.00460	0.00357	0.01014
1	0.04702	0.01473	0.02436	0.55228	0.17287	0.01746	0.02143	0.02070	0.01583	0.02149	0.01381	0.02005	0.01063	0.00757	0.00762	0.00252	0.00994	0.00678	0.00358	0.00931
2	0.02896	0.03695	0.02197	0.01998	0.02397	0.69638	0.01498	0.03096	0.02197	0.01898	0.01199	0.01398	0.00999	0.00799	0.00699	0.00200	0.01398	0.00499	0.00400	0.00899
3	0.01004	0.00786	0.00913	0.00913	0.01125	0.00695	0.00688	0.01268	0.01906	0.02475	0.29468	0.11536	0.37271	0.01867	0.00930	0.00264	0.00405	0.05032	0.00769	0.00685
4	0.05388	0.10901	0.25997	0.02448	0.05612	0.01972	0.24559	0.02358	0.01698	0.02453	0.04966	0.01973	0.01400	0.00770	0.00852	0.00245	0.04250	0.00723	0.00389	0.01045
5	0.01755	0.00943	0.01234	0.01086	0.01393	0.00844	0.00850	0.02087	0.02149	0.21375	0.41778	0.05155	0.11341	0.01462	0.00882	0.00248	0.00462	0.03200	0.00866	0.00889
6	0.01233	0.00881	0.01231	0.01409	0.01580	0.00878	0.01221	0.01578	0.01769	0.02302	0.04114	0.12182	0.04498	0.02157	0.01067	0.00355	0.00700	0.59422	0.00714	0.00709
7	0.01760	0.01680	0.02861	0.27825	0.46088	0.01801	0.02301	0.02241	0.01690	0.02341	0.01430	0.01971	0.01160	0.00720	0.00770	0.00240	0.00960	0.00690	0.00370	0.01100
8	0.01790	0.01925	0.03887	0.08729	0.08180	0.01884	0.46957	0.02550	0.07837	0.02509	0.01802	0.02437	0.01420	0.00767	0.00888	0.00263	0.01168	0.03522	0.00438	0.01046
9	0.01562	0.01556	0.02887	0.37662	0.04307	0.01700	0.22482	0.02173	0.04857	0.02222	0.01843	0.07151	0.01573	0.00921	0.00849	0.00268	0.01049	0.03597	0.00424	0.00917
10	0.00945	0.00675	0.00900	0.01080	0.01125	0.00630	0.00720	0.01080	0.01484	0.01979	0.04274	0.72245	0.05128	0.02429	0.00990	0.00315	0.00450	0.02204	0.00720	0.00630
11	0.01608	0.01509	0.02591	0.13474	0.37404	0.01539	0.06881	0.02012	0.01670	0.02313	0.02141	0.19090	0.02146	0.01124	0.00834	0.00257	0.00853	0.01077	0.00461	0.01014
12	0.01877	0.46962	0.28597	0.01662	0.02508	0.02587	0.01910	0.02372	0.01599	0.02064	0.01197	0.01393	0.00990	0.00691	0.00588	0.00196	0.00949	0.00475	0.00330	0.01052
13	0.00958	0.00684	0.00915	0.01095	0.01145	0.00641	0.00743	0.01102	0.01497	0.01994	0.04266	0.69506	0.05099	0.02417	0.00993	0.00317	0.00461	0.04813	0.00719	0.00633
14	0.01347	0.00673	0.01010	0.01010	0.01010	0.00673	0.00673	0.01010	0.01010	0.01347	0.01347	0.02357	0.01347	0.02694	0.03030	0.77441	0.00673	0.00673	0.00337	0.00337
15	0.01802	0.13075	0.19733	0.04999	0.34695	0.01973	0.05024	0.02347	0.01720	0.02415	0.04098	0.01917	0.01374	0.00735	0.00732	0.00227	0.00961	0.00659	0.00380	0.01135
16	0.08790	0.12021	0.49148	0.02023	0.02983	0.01981	0.04783	0.02397	0.01587	0.02449	0.01314	0.01574	0.00979	0.00751	0.00772	0.00240	0.04223	0.00557	0.00345	0.01082
17	0.56515	0.01626	0.04176	0.01616	0.10678	0.01690	0.01163	0.02466	0.01492	0.10490	0.01362	0.01517	0.01018	0.00743	0.00562	0.00239	0.00672	0.00503	0.00514	0.00958
18	0.02526	0.01683	0.01988	0.05078	0.05372	0.01746	0.01318	0.29759	0.07229	0.15702	0.04942	0.02301	0.01769	0.00914	0.00746	0.00222	0.00729	0.00731	0.05894	0.09349
19	0.01612	0.01559	0.02610	0.39965	0.14623	0.01808	0.07450	0.02070	0.01562	0.02134	0.01357	0.01962	0.01083	0.00820	0.01022	0.00256	0.10941	0.00692	0.00362	0.06113
20	0.01013	0.00729	0.00936	0.01078	0.01148	0.00691	0.00726	0.03059	0.01547	0.02052	0.04268	0.64271	0.07562	0.05562	0.01114	0.00330	0.00474	0.02085	0.00710	0.00645
21	0.01707	0.01035	0.01090	0.00976	0.01255	0.01062	0.00750	0.12311	0.04754	0.05651	0.03121	0.03425	0.10069	0.05903	0.00877	0.00244	0.00495	0.00868	0.43567	0.00841
22	0.01848	0.01332	0.01511	0.01353	0.01656	0.01410	0.01026	0.28902	0.02435	0.03298	0.05309	0.33111	0.03304	0.04845	0.01006	0.00290	0.00631	0.01405	0.04400	0.00928
23	0.01052	0.00771	0.00987	0.00974	0.01141	0.00706	0.00715	0.01360	0.02026	0.02806	0.50244	0.17649	0.13139	0.01773	0.00928	0.00258	0.00383	0.01567	0.00816	0.00706
24	0.01737	0.01455	0.01677	0.01210	0.01892	0.01166	0.00972	0.08081	0.01805	0.02755	0.01425	0.01632	0.01165	0.00609	0.00594	0.00126	0.00601	0.00482	0.00490	0.70124
25	0.78228	0.01499	0.01140	0.01020	0.01499	0.01739	0.00840	0.02279	0.01320	0.03479	0.01080	0.01260	0.00840	0.00720	0.00480	0.00240	0.00600	0.00420	0.00480	0.00840
26	0.02479	0.01960	0.02024	0.01662	0.02197	0.05316	0.01332	0.31059	0.30075	0.06678	0.02409	0.02299	0.01766	0.00962	0.00769	0.00239	0.00758	0.00758	0.00758	0.04498
27	0.01621	0.01323	0.01475	0.01340	0.01681	0.01448	0.01040	0.05616	0.36760	0.03203	0.26446	0.04205	0.06240	0.01299	0.00846	0.00257	0.00530	0.02844	0.00807	0.01020
28	0.78228	0.01499	0.01140	0.01020	0.01499	0.01739	0.00840	0.02279	0.01320	0.03479	0.01080	0.01260	0.00840	0.00720	0.00480	0.00240	0.00600	0.00420	0.00480	0.00840
29	0.01626	0.13532	0.59836	0.02088	0.03168	0.01975	0.02653	0.02437	0.01629	0.02369	0.01348	0.01583	0.00984	0.00727	0.00704	0.00235	0.01102	0.00551	0.00328	0.01125
