[name]
unknown

[dist]
# distance from previous block
# <min> <max>
0	0

[block]
# block no. 0 follows, 25 sequences, length 131
# corresponding to MSA columns:
# 0-130
name=unknown_A
#
# <colnr> <probs for GDERKNQSTAVLIFYWHMCP>
#	G	D	E	R	K	N	Q	S	T	A	V	L	I	F	Y	W	H	M	C	P
0	0.01249	0.00892	0.01249	0.01428	0.01606	0.00892	0.01249	0.01606	0.01785	0.02320	0.04105	0.08746	0.04462	0.02142	0.01071	0.00357	0.00714	0.62695	0.00714	0.00714
1	0.03391	0.01322	0.01790	0.01369	0.01973	0.01135	0.01129	0.03693	0.02190	0.65350	0.02980	0.02591	0.01883	0.00942	0.00770	0.00234	0.00656	0.00765	0.00936	0.04903
2	0.02835	0.03474	0.02217	0.01984	0.02378	0.60993	0.01507	0.07634	0.02249	0.02117	0.01238	0.01449	0.01023	0.00839	0.00805	0.00210	0.05174	0.00524	0.00424	0.00927
3	0.16869	0.01471	0.01734	0.01457	0.03973	0.01464	0.01135	0.14535	0.02218	0.36661	0.02448	0.05370	0.01770	0.04343	0.00882	0.00266	0.00688	0.00774	0.00786	0.01158
4	0.74711	0.01491	0.01171	0.01037	0.01522	0.01711	0.00854	0.02350	0.01362	0.06535	0.01173	0.01324	0.00890	0.00731	0.00494	0.00240	0.00603	0.00437	0.00502	0.00862
5	0.01013	0.00773	0.00939	0.00993	0.01168	0.00699	0.00745	0.01257	0.01804	0.02349	0.21390	0.23854	0.28170	0.02012	0.00955	0.00283	0.00443	0.09727	0.00753	0.00675
6	0.01830	0.02092	0.04575	0.03268	0.04052	0.01961	0.65098	0.02484	0.01830	0.02484	0.01569	0.02092	0.01176	0.00654	0.00915	0.00261	0.01307	0.00915	0.00392	0.01046
7	0.00976	0.00697	0.00935	0.01115	0.01174	0.00656	0.00774	0.01133	0.01515	0.02014	0.04256	0.65793	0.05061	0.02400	0.00998	0.00319	0.00477	0.08350	0.00719	0.00638
8	0.00964	0.00689	0.00921	0.01093	0.01148	0.00645	0.00745	0.01117	0.01522	0.02033	0.06353	0.67064	0.05169	0.02388	0.00991	0.00315	0.00459	0.05023	0.00724	0.00637
9	0.78228	0.01499	0.01140	0.01020	0.01499	0.01739	0.00840	0.02279	0.01320	0.03479	0.01080	0.01260	0.00840	0.00720	0.00480	0.00240	0.00600	0.00420	0.00480	0.00840
10	0.01123	0.00768	0.00928	0.00928	0.00956	0.00796	0.00572	0.01180	0.01152	0.01564	0.02368	0.04658	0.02638	0.59017	0.17433	0.00853	0.01024	0.01067	0.00459	0.00515
11	0.02249	0.01622	0.01759	0.01467	0.01940	0.01759	0.01173	0.25025	0.24758	0.09617	0.05658	0.03167	0.09980	0.01123	0.00790	0.00245	0.00652	0.00908	0.04955	0.01153
12	0.00972	0.00694	0.00931	0.01111	0.01168	0.00654	0.00768	0.01127	0.01512	0.02010	0.04258	0.66488	0.05068	0.02403	0.00997	0.00319	0.00474	0.07688	0.00719	0.00637
13	0.07557	0.01329	0.01763	0.01360	0.01953	0.01172	0.01123	0.03697	0.02170	0.64906	0.02951	0.02564	0.01860	0.00947	0.00763	0.00240	0.00656	0.00760	0.00933	0.01293
14	0.01219	0.00834	0.00962	0.00944	0.01003	0.00839	0.00592	0.04628	0.01404	0.01888	0.08468	0.08343	0.03326	0.56096	0.03238	0.00640	0.00706	0.03768	0.00543	0.00557
15	0.00954	0.00705	0.00880	0.01006	0.01097	0.00645	0.00682	0.01103	0.01549	0.02020	0.07260	0.53566	0.17439	0.05850	0.01121	0.00324	0.00451	0.02008	0.00712	0.00630
16	0.78228	0.01499	0.01140	0.01020	0.01499	0.01739	0.00840	0.02279	0.01320	0.03479	0.01080	0.01260	0.00840	0.00720	0.00480	0.00240	0.00600	0.00420	0.00480	0.00840
17	0.01086	0.00734	0.00858	0.00899	0.00909	0.00724	0.00527	0.01117	0.01209	0.01612	0.02859	0.20345	0.03344	0.56763	0.03274	0.00652	0.00683	0.01372	0.00527	0.00506
18	0.00965	0.00773	0.00851	0.00858	0.01070	0.00672	0.00627	0.01181	0.01796	0.02263	0.19313	0.14042	0.45907	0.04912	0.01051	0.00285	0.00409	0.01629	0.00736	0.00660
19	0.73865	0.01489	0.01178	0.01041	0.01527	0.01704	0.00857	0.02367	0.01372	0.07271	0.01195	0.01340	0.00903	0.00734	0.00497	0.00240	0.00603	0.00441	0.00508	0.00868
20	0.01632	0.01165	0.01350	0.01286	0.01567	0.01203	0.00973	0.12061	0.13944	0.07313	0.04030	0.32300	0.11404	0.01763	0.00899	0.00283	0.00565	0.04600	0.00758	0.00905
21	0.00926	0.00786	0.00799	0.00796	0.01053	0.00659	0.00597	0.01132	0.01790	0.02149	0.11062	0.07372	0.64358	0.01943	0.00916	0.00261	0.00391	0.01624	0.00727	0.00659
22	0.03152	0.01250	0.01679	0.01311	0.01863	0.01080	0.01075	0.03447	0.02182	0.59805	0.06694	0.03187	0.07490	0.01072	0.00798	0.00242	0.00623	0.00880	0.00935	0.01236
23	0.02831	0.01993	0.02149	0.01663	0.02241	0.02183	0.01369	0.56302	0.03384	0.07785	0.01983	0.01997	0.01411	0.00930	0.00754	0.00228	0.00797	0.00704	0.08033	0.01262
24	0.01994	0.01651	0.01755	0.01570	0.02015	0.01895	0.01224	0.04106	0.63798	0.05997	0.03152	0.02882	0.02348	0.01048	0.00789	0.00262	0.00616	0.00873	0.00796	0.01231
25	0.01806	0.01072	0.01293	0.01135	0.01486	0.01017	0.00886	0.02418	0.12789	0.19710	0.26216	0.04891	0.19263	0.01424	0.00859	0.00250	0.00489	0.01210	0.00839	0.00947
26	0.01249	0.00892	0.01249	0.01428	0.01606	0.00892	0.01249	0.01606	0.01785	0.02320	0.04105	0.08746	0.04462	0.02142	0.01071	0.00357	0.00714	0.62695	0.00714	0.00714
27	0.01694	0.01034	0.01305	0.01137	0.01462	0.00972	0.00882	0.02263	0.09828	0.15936	0.43310	0.04582	0.05305	0.01340	0.00853	0.00238	0.00465	0.01162	0.00844	0.05387
28	0.01569	0.03917	0.65616	0.02261	0.03390	0.01808	0.05888	0.02457	0.01646	0.02457	0.01400	0.01659	0.00992	0.00733	0.00745	0.00246	0.01154	0.00590	0.00331	0.01141
29	0.01347	0.00673	0.01010	0.01010	0.01010	0.00673	0.00673	0.01010	0.01010	0.01347	0.01347	0.02357	0.01347	0.02694	0.03030	0.77441	0.00673	0.00673	0.00337	0.00337
30	0.01919	0.01842	0.03147	0.04759	0.67914	0.01842	0.02380	0.02380	0.01765	0.02533	0.01458	0.01919	0.01228	0.00691	0.00768	0.00230	0.00921	0.00691	0.00384	0.01228
31	0.02694	0.01196	0.01677	0.01409	0.01881	0.01066	0.03154	0.03007	0.02057	0.45451	0.03537	0.06887	0.05906	0.01325	0.00865	0.00271	0.00671	0.14965	0.00865	0.01113
32	0.02875	0.02129	0.02288	0.01750	0.02374	0.02331	0.01444	0.61921	0.03536	0.04760	0.01836	0.01848	0.01309	0.00912	0.00765	0.00226	0.00838	0.00685	0.00759	0.05415
33	0.02973	0.02130	0.02301	0.01764	0.02384	0.02343	0.01457	0.62338	0.03576	0.07975	0.01920	0.01899	0.01348	0.00932	0.00776	0.00233	0.00844	0.00702	0.00785	0.01319
34	0.01108	0.00831	0.01246	0.01246	0.01385	0.00969	0.00969	0.01385	0.01246	0.01800	0.02077	0.03046	0.01938	0.05815	0.69678	0.01246	0.02077	0.00831	0.00415	0.00692
35	0.03290	0.01310	0.01760	0.01369	0.01941	0.01157	0.01124	0.03682	0.05243	0.62209	0.06195	0.02804	0.02203	0.00994	0.00787	0.00241	0.00643	0.00815	0.00946	0.01287
36	0.78228	0.01499	0.01140	0.01020	0.01499	0.01739	0.00840	0.02279	0.01320	0.03479	0.01080	0.01260	0.00840	0.00720	0.00480	0.00240	0.00600	0.00420	0.00480	0.00840
37	0.02083	0.64024	0.06573	0.01468	0.02154	0.02938	0.04176	0.05298	0.01686	0.02022	0.01149	0.01325	0.01018	0.00678	0.00538	0.00176	0.00864	0.00456	0.00355	0.01018
38	0.02896	0.03695	0.02197	0.01998	0.02397	0.69638	0.01498	0.03096	0.02197	0.01898	0.01199	0.01398	0.00999	0.00799	0.00699	0.00200	0.01398	0.00499	0.00400	0.00899
39	0.00918	0.00781	0.00790	0.00797	0.01050	0.00654	0.00594	0.01111	0.01756	0.02090	0.07712	0.10035	0.65118	0.01982	0.00919	0.00264	0.00395	0.01659	0.00720	0.00654
40	0.00950	0.00787	0.00832	0.00821	0.01068	0.00669	0.00616	0.01178	0.01847	0.02284	0.18981	0.07150	0.56355	0.01893	0.00916	0.00258	0.00388	0.01593	0.00745	0.00669
41	0.01929	0.01666	0.01753	0.01578	0.02016	0.01929	0.01227	0.04120	0.66513	0.03243	0.03156	0.02893	0.02367	0.01052	0.00789	0.00263	0.00614	0.00877	0.00789	0.01227
42	0.03479	0.01320	0.01799	0.01380	0.01979	0.01140	0.01140	0.03779	0.02219	0.68451	0.03059	0.02639	0.01919	0.00960	0.00780	0.00240	0.00660	0.00780	0.00960	0.01320
43	0.01830	0.02092	0.04575	0.03268	0.04052	0.01961	0.65098	0.02484	0.01830	0.02484	0.01569	0.02092	0.01176	0.00654	0.00915	0.00261	0.01307	0.00915	0.00392	0.01046
44	0.03403	0.05186	0.01921	0.01377	0.01980	0.01243	0.01150	0.03700	0.02185	0.64868	0.02952	0.02564	0.01870	0.00944	0.00765	0.00236	0.00669	0.00760	0.00926	0.01302
45	0.01170	0.00892	0.01292	0.01350	0.01542	0.00857	0.04509	0.01481	0.01759	0.02305	0.10014	0.21373	0.11028	0.02054	0.01016	0.00323	0.00627	0.34986	0.00711	0.00710
46	0.01108	0.00831	0.01246	0.01246	0.01385	0.00969	0.00969	0.01385	0.01246	0.01800	0.02077	0.03046	0.01938	0.05815	0.69678	0.01246	0.02077	0.00831	0.00415	0.00692
47	0.01555	0.04011	0.68733	0.02210	0.03356	0.01801	0.02865	0.02455	0.01637	0.02455	0.01391	0.01637	0.00982	0.00737	0.00737	0.00246	0.01146	0.00573	0.00327	0.01146
48	0.78228	0.01499	0.01140	0.01020	0.01499	0.01739	0.00840	0.02279	0.01320	0.03479	0.01080	0.01260	0.00840	0.00720	0.00480	0.00240	0.00600	0.00420	0.00480	0.00840
49	0.00945	0.00675	0.00900	0.01080	0.01125	0.00630	0.00720	0.01080	0.01484	0.01979	0.04274	0.72245	0.05128	0.02429	0.00990	0.00315	0.00450	0.02204	0.00720	0.00630
50	0.01347	0.00673	0.01010	0.01010	0.01010	0.00673	0.00673	0.01010	0.01010	0.01347	0.01347	0.02357	0.01347	0.02694	0.03030	0.77441	0.00673	0.00673	0.00337	0.00337
51	0.01784	0.01767	0.03258	0.09562	0.38173	0.01761	0.19188	0.02290	0.01767	0.02450	0.01769	0.02721	0.01550	0.00846	0.00841	0.00255	0.01012	0.07496	0.00419	0.01092
52	0.02656	0.02027	0.02163	0.01725	0.02293	0.02268	0.01403	0.47830	0.21618	0.04417	0.02232	0.02156	0.01618	0.00965	0.00779	0.00241	0.00785	0.00749	0.00779	0.01292
53	0.01445	0.00723	0.00723	0.00723	0.00903	0.00723	0.00542	0.01807	0.01626	0.02891	0.02529	0.02891	0.01987	0.00903	0.00542	0.00181	0.00361	0.00723	0.77055	0.00723
54	0.01521	0.00886	0.01172	0.01047	0.01304	0.00804	0.00804	0.01875	0.02199	0.14723	0.56050	0.05231	0.06357	0.01474	0.00891	0.00243	0.00418	0.01292	0.00872	0.00836
55	0.02362	0.01717	0.01951	0.01587	0.02037	0.01907	0.01283	0.44261	0.02836	0.03833	0.01871	0.02193	0.01472	0.02274	0.17808	0.07008	0.01137	0.00728	0.00650	0.01082
56	0.01830	0.02092	0.04575	0.03268	0.04052	0.01961	0.65098	0.02484	0.01830	0.02484	0.01569	0.02092	0.01176	0.00654	0.00915	0.00261	0.01307	0.00915	0.00392	0.01046
57	0.02947	0.02172	0.02327	0.01784	0.02404	0.02404	0.01474	0.65329	0.03646	0.04887	0.01862	0.01862	0.01319	0.00931	0.00776	0.00233	0.00853	0.00698	0.00776	0.01319
58	0.01929	0.01666	0.01753	0.01578	0.02016	0.01929	0.01227	0.04120	0.66513	0.03243	0.03156	0.02893	0.02367	0.01052	0.00789	0.00263	0.00614	0.00877	0.00789	0.01227
59	0.78228	0.01499	0.01140	0.01020	0.01499	0.01739	0.00840	0.02279	0.01320	0.03479	0.01080	0.01260	0.00840	0.00720	0.00480	0.00240	0.00600	0.00420	0.00480	0.00840
60	0.01830	0.02092	0.04575	0.03268	0.04052	0.01961	0.65098	0.02484	0.01830	0.02484	0.01569	0.02092	0.01176	0.00654	0.00915	0.00261	0.01307	0.00915	0.00392	0.01046
61	0.01002	0.00787	0.00912	0.00928	0.01139	0.00697	0.00704	0.01257	0.01866	0.02398	0.24410	0.13126	0.38463	0.01914	0.00937	0.00270	0.00420	0.07330	0.00758	0.00680
62	0.01830	0.02092	0.04575	0.03268	0.04052	0.01961	0.65098	0.02484	0.01830	0.02484	0.01569	0.02092	0.01176	0.00654	0.00915	0.00261	0.01307	0.00915	0.00392	0.01046
63	0.01445	0.00723	0.00723	0.00723	0.00903	0.00723	0.00542	0.01807	0.01626	0.02891	0.02529	0.02891	0.01987	0.00903	0.00542	0.00181	0.00361	0.00723	0.77055	0.00723
64	0.01919	0.01842	0.03147	0.04759	0.67914	0.01842	0.02380	0.02380	0.01765	0.02533	0.01458	0.01919	0.01228	0.00691	0.00768	0.00230	0.00921	0.00691	0.00384	0.01228
65	0.01211	0.00907	0.01194	0.01207	0.04848	0.00859	0.00846	0.04180	0.02212	0.03105	0.58337	0.05494	0.09568	0.01527	0.00901	0.00243	0.00418	0.01345	0.00818	0.00780
66	0.01112	0.00812	0.01153	0.01153	0.01260	0.00919	0.00854	0.01325	0.01219	0.01731	0.02162	0.03516	0.02142	0.21315	0.54457	0.01132	0.01770	0.00899	0.00428	0.00641
67	0.02073	0.73217	0.04063	0.01327	0.01990	0.03068	0.01327	0.02322	0.01575	0.01824	0.01078	0.01244	0.00995	0.00663	0.00498	0.00166	0.00829	0.00415	0.00332	0.00995
68	0.02947	0.02172	0.02327	0.01784	0.02404	0.02404	0.01474	0.65329	0.03646	0.04887	0.01862	0.01862	0.01319	0.00931	0.00776	0.00233	0.00853	0.00698	0.00776	0.01319
69	0.00958	0.00695	0.00908	0.01072	0.01142	0.00645	0.00735	0.01109	0.01524	0.02006	0.04571	0.63507	0.10435	0.02375	0.00987	0.00312	0.00458	0.05205	0.00719	0.00636
70	0.00945	0.00675	0.00900	0.01080	0.01125	0.00630	0.00720	0.01080	0.01484	0.01979	0.04274	0.72245	0.05128	0.02429	0.00990	0.00315	0.00450	0.02204	0.00720	0.00630
71	0.01835	0.02078	0.04497	0.03349	0.07537	0.01954	0.61676	0.02478	0.01827	0.02486	0.01563	0.02082	0.01179	0.00656	0.00907	0.00260	0.01286	0.00903	0.00392	0.01056
72	0.00965	0.00690	0.00921	0.01090	0.01147	0.00646	0.00743	0.01121	0.01531	0.02047	0.07241	0.66349	0.05202	0.02377	0.00990	0.00313	0.00457	0.04805	0.00726	0.00638
73	0.01620	0.01389	0.01613	0.01165	0.01844	0.01067	0.00930	0.02034	0.04063	0.02554	0.01445	0.01656	0.01195	0.00592	0.00582	0.00120	0.00576	0.00475	0.00472	0.74605
74	0.36811	0.01376	0.01416	0.01194	0.01679	0.01419	0.00963	0.06287	0.01780	0.24382	0.02161	0.10215	0.01743	0.01007	0.00659	0.00243	0.00615	0.00767	0.00680	0.04604
75	0.01529	0.01985	0.16452	0.01635	0.02130	0.07773	0.06880	0.05575	0.01869	0.02394	0.05640	0.06859	0.16916	0.05254	0.01044	0.00297	0.00845	0.13492	0.00567	0.00862
76	0.01043	0.00786	0.00965	0.00930	0.01128	0.00707	0.00694	0.01355	0.02053	0.02795	0.49188	0.09023	0.23050	0.01720	0.00918	0.00252	0.00376	0.01497	0.00813	0.00707
77	0.01731	0.01926	0.04138	0.02998	0.03700	0.01805	0.57315	0.02333	0.01824	0.02480	0.05083	0.07224	0.01765	0.00826	0.00920	0.00264	0.01199	0.01030	0.00439	0.01001
78	0.41294	0.01411	0.01466	0.01197	0.01737	0.01443	0.00988	0.03020	0.01764	0.35582	0.02058	0.01941	0.01373	0.00838	0.00628	0.00240	0.00629	0.00598	0.00717	0.01077
79	0.02482	0.01542	0.01770	0.01507	0.02003	0.01647	0.01196	0.03998	0.43573	0.26510	0.03121	0.02802	0.02207	0.01019	0.00786	0.00255	0.00630	0.00842	0.00850	0.01260
80	0.01464	0.01378	0.02326	0.70887	0.05340	0.01723	0.02153	0.01981	0.01550	0.01981	0.01378	0.02067	0.01034	0.00775	0.00775	0.00258	0.01034	0.00689	0.00345	0.00861
81	0.63572	0.01464	0.01269	0.01090	0.01594	0.01622	0.00899	0.02573	0.01496	0.16218	0.01468	0.01530	0.01051	0.00767	0.00539	0.00240	0.00612	0.00490	0.00574	0.00934
82	0.00976	0.00688	0.00890	0.01039	0.01076	0.00651	0.00677	0.01088	0.01423	0.01897	0.03957	0.60630	0.04729	0.14589	0.01501	0.00390	0.00502	0.02018	0.00677	0.00602
83	0.01223	0.00884	0.01212	0.01376	0.01561	0.00873	0.01196	0.01567	0.01783	0.02302	0.04408	0.08643	0.09556	0.02128	0.01058	0.00349	0.00688	0.57770	0.00714	0.00709
84	0.01002	0.00735	0.00900	0.00964	0.01105	0.00667	0.00683	0.01224	0.01748	0.02350	0.21830	0.35725	0.20631	0.02021	0.00931	0.00277	0.00410	0.01785	0.04346	0.00667
85	0.09379	0.01671	0.01851	0.01506	0.02031	0.01787	0.01213	0.22638	0.20492	0.22063	0.02516	0.02450	0.01801	0.03972	0.00888	0.00266	0.00705	0.00764	0.00792	0.01215
86	0.20565	0.01780	0.01905	0.01495	0.02077	0.01900	0.01234	0.33645	0.02711	0.22169	0.02012	0.01937	0.01374	0.00890	0.00708	0.00236	0.00741	0.00656	0.00758	0.01208
87	0.00939	0.00786	0.00817	0.00809	0.01061	0.00664	0.00607	0.01157	0.01821	0.02221	0.15315	0.07253	0.60060	0.01916	0.00916	0.00260	0.00389	0.01607	0.00737	0.00664
88	0.01016	0.00716	0.00926	0.01043	0.01103	0.00681	0.00704	0.01164	0.01513	0.02034	0.11072	0.47720	0.04883	0.16116	0.01566	0.00395	0.00515	0.05533	0.00686	0.00615
89	0.00966	0.00684	0.00893	0.01053	0.01092	0.00644	0.00691	0.01085	0.01443	0.01924	0.04061	0.64465	0.04861	0.10574	0.01332	0.00365	0.00485	0.02080	0.00691	0.00611
90	0.02155	0.01332	0.01426	0.01191	0.01572	0.01416	0.00952	0.25201	0.05130	0.08198	0.02349	0.02498	0.01755	0.00924	0.00654	0.00207	0.00572	0.00724	0.40741	0.01003
91	0.26729	0.01043	0.01049	0.00992	0.01221	0.01097	0.00701	0.01768	0.01383	0.08758	0.04485	0.13143	0.02558	0.29707	0.01977	0.00455	0.00637	0.01023	0.00569	0.00705
92	0.00992	0.00765	0.00873	0.00904	0.01074	0.00684	0.00646	0.01183	0.01697	0.02164	0.15809	0.19125	0.35165	0.11447	0.01340	0.00338	0.00459	0.03985	0.00708	0.00640
93	0.13364	0.01648	0.01875	0.01463	0.02040	0.01689	0.01206	0.26937	0.02620	0.33241	0.02317	0.02164	0.01546	0.00914	0.00729	0.00235	0.00715	0.00698	0.03365	0.01234
94	0.01061	0.00831	0.00978	0.01031	0.01232	0.00772	0.00790	0.01403	0.05296	0.02297	0.13359	0.20721	0.32177	0.01998	0.00953	0.00288	0.00472	0.12902	0.00739	0.00701
95	0.01026	0.00733	0.00993	0.01172	0.01253	0.00700	0.00861	0.01220	0.01564	0.02070	0.04229	0.55366	0.04951	0.02353	0.01011	0.00326	0.00520	0.18284	0.00718	0.00652
96	0.01087	0.00792	0.01022	0.00964	0.01152	0.00727	0.00723	0.01443	0.02170	0.03050	0.64023	0.05889	0.10835	0.01607	0.00915	0.00245	0.00367	0.01416	0.00846	0.00727
97	0.03037	0.03880	0.08025	0.01518	0.02154	0.01477	0.01347	0.10111	0.09267	0.46661	0.02731	0.02451	0.01791	0.00937	0.00768	0.00240	0.00725	0.00752	0.00845	0.01284
98	0.04146	0.01138	0.01402	0.01297	0.01615	0.01135	0.01060	0.10412	0.04057	0.13666	0.17560	0.05522	0.07025	0.05434	0.01073	0.00307	0.00627	0.20849	0.00775	0.00900
99	0.01097	0.00789	0.01030	0.00997	0.01163	0.00734	0.00744	0.01432	0.02082	0.02928	0.57612	0.09780	0.06834	0.05076	0.01072	0.00278	0.00406	0.04414	0.00821	0.00712
100	0.78228	0.01499	0.01140	0.01020	0.01499	0.01739	0.00840	0.02279	0.01320	0.03479	0.01080	0.01260	0.00840	0.00720	0.00480	0.00240	0.00600	0.00420	0.00480	0.00840
101	0.01210	0.00864	0.01204	0.01383	0.01544	0.00859	0.01181	0.01538	0.01746	0.02276	0.04127	0.16953	0.04548	0.02179	0.01060	0.00352	0.00680	0.54877	0.00715	0.00703
102	0.01811	0.01987	0.09309	0.14592	0.49735	0.01825	0.04804	0.02330	0.01723	0.02439	0.01444	0.01922	0.01173	0.00707	0.00771	0.00237	0.00975	0.00688	0.00373	0.01157
103	0.01445	0.00723	0.00723	0.00723	0.00903	0.00723	0.00542	0.01807	0.01626	0.02891	0.02529	0.02891	0.01987	0.00903	0.00542	0.00181	0.00361	0.00723	0.77055	0.00723
104	0.01894	0.01627	0.01728	0.01570	0.01996	0.01876	0.01228	0.03993	0.63251	0.03197	0.03204	0.03188	0.02472	0.01107	0.00803	0.00268	0.00619	0.03992	0.00785	0.01201
105	0.01933	0.01726	0.01797	0.01702	0.04774	0.05113	0.01264	0.03864	0.57451	0.03142	0.06234	0.02926	0.02503	0.01051	0.00790	0.00258	0.00652	0.00877	0.00756	0.01187
106	0.01534	0.00753	0.00779	0.00759	0.00954	0.00744	0.00569	0.01880	0.01638	0.06030	0.02552	0.02951	0.02012	0.03305	0.00667	0.00203	0.00389	0.00739	0.70801	0.00743
107	0.01095	0.00785	0.01053	0.01213	0.01327	0.00759	0.00944	0.01327	0.01616	0.02115	0.04261	0.35891	0.07683	0.06379	0.01196	0.00357	0.00587	0.30050	0.00703	0.00661
108	0.03108	0.01863	0.10616	0.01579	0.02255	0.01513	0.01440	0.17588	0.02468	0.45437	0.02570	0.02332	0.01661	0.00924	0.00773	0.00239	0.00767	0.00734	0.00836	0.01297
109	0.01912	0.43132	0.28970	0.01700	0.02537	0.05772	0.01929	0.02411	0.01629	0.02072	0.01205	0.01403	0.00990	0.00698	0.00600	0.00198	0.00979	0.00480	0.00333	0.01049
110	0.06051	0.09107	0.08034	0.02164	0.02830	0.11021	0.22107	0.10122	0.02097	0.14422	0.01801	0.02087	0.01339	0.00809	0.00775	0.00237	0.01043	0.02321	0.00541	0.01091
111	0.01693	0.01471	0.01954	0.01819	0.12098	0.01241	0.03604	0.05045	0.01770	0.02656	0.04318	0.02137	0.01558	0.00715	0.00660	0.00159	0.00665	0.02956	0.00487	0.52994
112	0.01782	0.12953	0.41875	0.02292	0.03262	0.01980	0.16885	0.02507	0.01701	0.05542	0.01469	0.01736	0.01074	0.00718	0.00747	0.00238	0.01116	0.00640	0.00373	0.01110
113	0.01779	0.01645	0.03264	0.02575	0.06809	0.01535	0.38273	0.02274	0.01851	0.08954	0.08436	0.11844	0.04895	0.01055	0.00903	0.00263	0.00986	0.01130	0.00546	0.00985
114	0.01919	0.01842	0.03147	0.04759	0.67914	0.01842	0.02380	0.02380	0.01765	0.02533	0.01458	0.01919	0.01228	0.00691	0.00768	0.00230	0.00921	0.00691	0.00384	0.01228
115	0.12213	0.29031	0.05953	0.01545	0.02148	0.14401	0.01385	0.15288	0.02119	0.07315	0.01410	0.01514	0.01105	0.00773	0.00618	0.00204	0.00909	0.00520	0.00496	0.01053
116	0.01892	0.01815	0.03099	0.08619	0.64262	0.01835	0.02366	0.02356	0.01753	0.02501	0.01454	0.01928	0.01217	0.00696	0.00768	0.00232	0.00928	0.00691	0.00382	0.01207
117	0.01079	0.00792	0.01011	0.00956	0.01147	0.00724	0.00717	0.01428	0.02152	0.03007	0.61517	0.05959	0.13368	0.01623	0.00915	0.00246	0.00369	0.01426	0.00840	0.00724
118	0.03479	0.01320	0.01799	0.01380	0.01979	0.01140	0.01140	0.03779	0.02219	0.68451	0.03059	0.02639	0.01919	0.00960	0.00780	0.00240	0.00660	0.00780	0.00960	0.01320
119	0.01017	0.00734	0.00970	0.01084	0.01188	0.00687	0.00781	0.01237	0.01704	0.02297	0.19575	0.45741	0.08296	0.02171	0.00978	0.00301	0.00459	0.09360	0.00751	0.00666
120	0.05040	0.01367	0.01667	0.01358	0.01870	0.01326	0.01096	0.06446	0.16060	0.40241	0.06486	0.03200	0.08132	0.01091	0.00791	0.00247	0.00619	0.00893	0.00873	0.01197
121	0.72937	0.01519	0.01206	0.01060	0.01549	0.01745	0.00873	0.04693	0.01436	0.05676	0.01174	0.01328	0.00893	0.00736	0.00501	0.00240	0.00611	0.00442	0.00507	0.00874
122	0.78228	0.01499	0.01140	0.01020	0.01499	0.01739	0.00840	0.02279	0.01320	0.03479	0.01080	0.01260	0.00840	0.00720	0.00480	0.00240	0.00600	0.00420	0.00480	0.00840
123	0.01359	0.00970	0.01137	0.01024	0.01301	0.00914	0.00788	0.08622	0.02221	0.06057	0.37974	0.05739	0.25731	0.01604	0.00893	0.00248	0.00443	0.01369	0.00807	0.00800
124	0.00996	0.00765	0.00900	0.00914	0.01093	0.00681	0.00661	0.01232	0.01837	0.02409	0.28254	0.19548	0.30874	0.05007	0.01062	0.00287	0.00410	0.01643	0.00757	0.00669
125	0.01104	0.00746	0.00848	0.00864	0.00877	0.00738	0.00496	0.01123	0.01182	0.01567	0.02805	0.10947	0.05469	0.64019	0.03577	0.00696	0.00712	0.01239	0.00501	0.00491
126	0.00924	0.00786	0.00795	0.00793	0.01052	0.00658	0.00595	0.01127	0.01784	0.02135	0.10224	0.07396	0.65205	0.01949	0.00916	0.00261	0.00392	0.01627	0.00725	0.00658
127	0.00990	0.00828	0.00868	0.00863	0.01115	0.00730	0.00644	0.01307	0.05322	0.02243	0.12797	0.10843	0.54929	0.01907	0.00914	0.00263	0.00406	0.01607	0.00736	0.00691
128	0.10698	0.01337	0.01736	0.01345	0.01933	0.01198	0.01111	0.03634	0.02132	0.62176	0.02868	0.02506	0.01815	0.00936	0.00751	0.00240	0.00654	0.00745	0.00913	0.01273
129	0.74133	0.05356	0.01297	0.01036	0.01526	0.01811	0.00866	0.02281	0.01333	0.03390	0.01080	0.01259	0.00848	0.00717	0.00481	0.00236	0.00612	0.00420	0.00472	0.00848
130	0.01000	0.00714	0.00944	0.01067	0.01145	0.00670	0.00740	0.01189	0.01631	0.02210	0.17205	0.52217	0.05442	0.05307	0.01108	0.00322	0.00460	0.05245	0.00736	0.00648

[dist]
# distance from previous block
# <min> <max>
0	1

[block]
# block no. 1 follows, 25 sequences, length 59
# corresponding to MSA columns:
# 132-190
name=unknown_B
#
# <colnr> <probs for GDERKNQSTAVLIFYWHMCP>
#	G	D	E	R	K	N	Q	S	T	A	V	L	I	F	Y	W	H	M	C	P
0	0.01171	0.00765	0.00889	0.00962	0.01085	0.00748	0.00675	0.01471	0.04674	0.02274	0.03793	0.32199	0.09152	0.10306	0.01202	0.00323	0.00475	0.04274	0.22886	0.00673
1	0.03360	0.01406	0.01840	0.01422	0.02016	0.01281	0.01171	0.08812	0.05478	0.60083	0.02966	0.02588	0.01892	0.00962	0.00780	0.00240	0.00673	0.00778	0.00936	0.01315
2	0.00970	0.00686	0.00892	0.01047	0.01085	0.00647	0.00685	0.01086	0.01434	0.01912	0.04016	0.62799	0.04803	0.12318	0.01405	0.00376	0.00492	0.02053	0.00685	0.00607
3	0.04746	0.00900	0.01118	0.01010	0.01279	0.00824	0.00776	0.01791	0.02099	0.12686	0.46386	0.05371	0.15011	0.01510	0.00876	0.00246	0.00423	0.01302	0.00834	0.00812
4	0.51356	0.01435	0.01377	0.01149	0.01672	0.01524	0.00948	0.02818	0.01643	0.26836	0.01791	0.01755	0.01228	0.00806	0.00588	0.00240	0.00621	0.00549	0.00652	0.01012
5	0.01929	0.01666	0.01753	0.01578	0.02016	0.01929	0.01227	0.04120	0.66513	0.03243	0.03156	0.02893	0.02367	0.01052	0.00789	0.00263	0.00614	0.00877	0.00789	0.01227
6	0.02588	0.01906	0.02032	0.01592	0.02140	0.02076	0.01304	0.53194	0.03283	0.04396	0.02737	0.02699	0.10672	0.01075	0.00784	0.00234	0.00764	0.00831	0.04496	0.01196
7	0.01342	0.00684	0.01022	0.01030	0.01039	0.00684	0.00701	0.01039	0.01048	0.01394	0.01481	0.02667	0.01498	0.02667	0.02935	0.73703	0.00675	0.03681	0.00355	0.00355
8	0.01110	0.00823	0.01208	0.01208	0.01333	0.00948	0.00921	0.01360	0.01235	0.01772	0.02112	0.03240	0.02023	0.12225	0.63384	0.01199	0.01950	0.00859	0.00421	0.00671
9	0.71018	0.01482	0.01203	0.01054	0.01546	0.01682	0.00869	0.02424	0.01406	0.09746	0.01271	0.01393	0.00944	0.00743	0.00509	0.00240	0.00606	0.00455	0.00526	0.00886
10	0.02165	0.12475	0.08529	0.04236	0.02390	0.17991	0.01691	0.10311	0.01840	0.02307	0.01221	0.01592	0.01046	0.01001	0.01383	0.00258	0.27599	0.00593	0.00407	0.00967
11	0.01870	0.01990	0.02428	0.44254	0.14746	0.17489	0.02038	0.02304	0.01735	0.02051	0.01349	0.01888	0.01057	0.00767	0.00756	0.00240	0.01100	0.00645	0.00364	0.00929
12	0.00925	0.00786	0.00797	0.00794	0.01052	0.00658	0.00596	0.01129	0.01787	0.02141	0.10559	0.07386	0.64866	0.01947	0.00916	0.00261	0.00392	0.01626	0.00726	0.00658
13	0.02945	0.01349	0.01919	0.17412	0.02756	0.01309	0.01377	0.03380	0.04949	0.50203	0.02676	0.02519	0.01735	0.00921	0.00779	0.00245	0.00744	0.00763	0.00810	0.01210
14	0.01762	0.01804	0.03415	0.14807	0.22278	0.01820	0.28943	0.02424	0.06070	0.02497	0.05085	0.02286	0.01570	0.00760	0.00841	0.00251	0.01055	0.00836	0.00432	0.01063
15	0.01910	0.40799	0.18925	0.02183	0.11554	0.02504	0.07767	0.02376	0.01639	0.02129	0.01248	0.01506	0.01041	0.00683	0.00629	0.00202	0.00960	0.00536	0.00343	0.01067
16	0.01128	0.00752	0.00846	0.00846	0.00846	0.00752	0.00470	0.01128	0.01128	0.01503	0.02443	0.05074	0.02819	0.72751	0.03946	0.00752	0.00752	0.01128	0.00470	0.00470
17	0.01112	0.00813	0.01154	0.01154	0.01260	0.00919	0.00854	0.01325	0.01219	0.01732	0.02161	0.03514	0.02141	0.21246	0.54525	0.01132	0.01771	0.00899	0.00428	0.00641
18	0.02555	0.32769	0.02995	0.01693	0.02227	0.34665	0.01424	0.09234	0.02086	0.02177	0.01217	0.01381	0.01030	0.00756	0.00622	0.00189	0.01102	0.00484	0.00410	0.00983
19	0.01608	0.01378	0.01608	0.01148	0.01837	0.01034	0.00919	0.01952	0.01608	0.02527	0.01378	0.01608	0.01148	0.00574	0.00574	0.00115	0.00574	0.00459	0.00459	0.77491
20	0.01211	0.00821	0.00925	0.00906	0.00940	0.00830	0.00535	0.04423	0.01276	0.01702	0.02509	0.08434	0.02863	0.65371	0.03628	0.00702	0.00741	0.01162	0.00499	0.00522
21	0.01929	0.01666	0.01753	0.01578	0.02016	0.01929	0.01227	0.04120	0.66513	0.03243	0.03156	0.02893	0.02367	0.01052	0.00789	0.00263	0.00614	0.00877	0.00789	0.01227
22	0.01608	0.01378	0.01608	0.01148	0.01837	0.01034	0.00919	0.01952	0.01608	0.02527	0.01378	0.01608	0.01148	0.00574	0.00574	0.00115	0.00574	0.00459	0.00459	0.77491
23	0.01929	0.01666	0.01753	0.01578	0.02016	0.01929	0.01227	0.04120	0.66513	0.03243	0.03156	0.02893	0.02367	0.01052	0.00789	0.00263	0.00614	0.00877	0.00789	0.01227
24	0.02896	0.03695	0.02197	0.01998	0.02397	0.69638	0.01498	0.03096	0.02197	0.01898	0.01199	0.01398	0.00999	0.00799	0.00699	0.00200	0.01398	0.00499	0.00400	0.00899
25	0.10539	0.01863	0.02060	0.01593	0.02194	0.01979	0.01316	0.41606	0.03010	0.22810	0.02125	0.02023	0.01442	0.00918	0.00748	0.00235	0.00773	0.00694	0.00799	0.01272
26	0.01526	0.01441	0.02437	0.61940	0.13806	0.01739	0.02184	0.02035	0.01579	0.02056	0.01389	0.02047	0.01060	0.00764	0.00774	0.00255	0.01018	0.00689	0.00350	0.00911
27	0.01108	0.00828	0.01233	0.01233	0.01367	0.00962	0.00953	0.01376	0.01242	0.01790	0.02089	0.03114	0.01968	0.08046	0.67488	0.01230	0.02033	0.00841	0.00417	0.00685
28	0.01555	0.04011	0.68733	0.02210	0.03356	0.01801	0.02865	0.02455	0.01637	0.02455	0.01391	0.01637	0.00982	0.00737	0.00737	0.00246	0.01146	0.00573	0.00327	0.01146
29	0.01128	0.00752	0.00846	0.00846	0.00846	0.00752	0.00470	0.01128	0.01128	0.01503	0.02443	0.05074	0.02819	0.72751	0.03946	0.00752	0.00752	0.01128	0.00470	0.00470
30	0.78228	0.01499	0.01140	0.01020	0.01499	0.01739	0.00840	0.02279	0.01320	0.03479	0.01080	0.01260	0.00840	0.00720	0.00480	0.00240	0.00600	0.00420	0.00480	0.00840
31	0.02568	0.01903	0.02543	0.02868	0.27628	0.01992	0.01766	0.29507	0.06027	0.12460	0.01935	0.02043	0.01420	0.00848	0.00774	0.00234	0.00841	0.00716	0.00650	0.01279
32	0.03479	0.01320	0.01799	0.01380	0.01979	0.01140	0.01140	0.03779	0.02219	0.68451	0.03059	0.02639	0.01919	0.00960	0.00780	0.00240	0.00660	0.00780	0.00960	0.01320
33	0.00951	0.00680	0.00906	0.01075	0.01126	0.00634	0.00720	0.01096	0.01516	0.02029	0.07040	0.69337	0.05224	0.02392	0.00986	0.00312	0.00446	0.02169	0.00726	0.00634
34	0.01113	0.00809	0.01135	0.01135	0.01235	0.00909	0.00831	0.01313	0.01213	0.01718	0.02178	0.03609	0.02183	0.24384	0.51443	0.01109	0.01709	0.00913	0.00430	0.00631
35	0.01042	0.00785	0.00963	0.00929	0.01127	0.00706	0.00693	0.01352	0.02048	0.02786	0.48652	0.09252	0.23373	0.01725	0.00918	0.00252	0.00377	0.01501	0.00812	0.00706
36	0.78228	0.01499	0.01140	0.01020	0.01499	0.01739	0.00840	0.02279	0.01320	0.03479	0.01080	0.01260	0.00840	0.00720	0.00480	0.00240	0.00600	0.00420	0.00480	0.00840
37	0.01347	0.00673	0.01010	0.01010	0.01010	0.00673	0.00673	0.01010	0.01010	0.01347	0.01347	0.02357	0.01347	0.02694	0.03030	0.77441	0.00673	0.00673	0.00337	0.00337
38	0.62622	0.01462	0.01277	0.01095	0.01600	0.01614	0.00902	0.02592	0.01507	0.17044	0.01493	0.01548	0.01065	0.00770	0.00542	0.00240	0.00612	0.00495	0.00580	0.00940
39	0.03372	0.01491	0.01905	0.01461	0.02065	0.01394	0.01207	0.16133	0.02506	0.55692	0.02819	0.02483	0.01799	0.00954	0.00779	0.00238	0.00699	0.00763	0.00923	0.01319
40	0.03106	0.01523	0.01877	0.01472	0.02035	0.01484	0.01217	0.21933	0.02594	0.42891	0.02732	0.02741	0.01877	0.01011	0.00783	0.00241	0.00706	0.04016	0.04504	0.01259
41	0.04937	0.01109	0.01285	0.01109	0.01472	0.01076	0.00874	0.07010	0.05263	0.23351	0.03327	0.03666	0.09927	0.06990	0.00991	0.00274	0.00564	0.03658	0.22164	0.00954
42	0.00961	0.00686	0.00918	0.01098	0.01150	0.00644	0.00748	0.01107	0.01500	0.01997	0.04265	0.68912	0.05093	0.02414	0.00994	0.00317	0.00464	0.05379	0.00719	0.00634
43	0.01902	0.01419	0.01527	0.01328	0.01732	0.01528	0.01044	0.14791	0.27669	0.06729	0.08502	0.03776	0.15021	0.01224	0.00796	0.00246	0.00577	0.01008	0.08127	0.01054
44	0.00973	0.00770	0.00882	0.00932	0.01127	0.00679	0.00694	0.01190	0.01754	0.02209	0.13861	0.22460	0.40373	0.02042	0.00947	0.00280	0.00430	0.06999	0.00735	0.00663
45	0.00935	0.00775	0.00822	0.00854	0.01083	0.00662	0.00636	0.01130	0.01730	0.02089	0.07208	0.16181	0.56415	0.02034	0.00933	0.00273	0.00415	0.04451	0.00720	0.00654
46	0.78228	0.01499	0.01140	0.01020	0.01499	0.01739	0.00840	0.02279	0.01320	0.03479	0.01080	0.01260	0.00840	0.00720	0.00480	0.00240	0.00600	0.00420	0.00480	0.00840
47	0.78228	0.01499	0.01140	0.01020	0.01499	0.01739	0.00840	0.02279	0.01320	0.03479	0.01080	0.01260	0.00840	0.00720	0.00480	0.00240	0.00600	0.00420	0.00480	0.00840
48	0.28303	0.01640	0.01706	0.01366	0.01916	0.01743	0.01124	0.23810	0.02374	0.22074	0.02223	0.02147	0.04519	0.00918	0.00684	0.00239	0.00692	0.00673	0.00725	0.01126
49	0.01092	0.00746	0.00873	0.00914	0.00941	0.00732	0.00558	0.01141	0.01249	0.01652	0.03067	0.17592	0.05831	0.53782	0.03151	0.00634	0.00681	0.04310	0.00537	0.00518
50	0.00954	0.00679	0.00897	0.01068	0.01111	0.00636	0.00708	0.01082	0.01467	0.01956	0.04184	0.68962	0.05015	0.05866	0.01134	0.00336	0.00465	0.02152	0.00708	0.00622
51	0.01636	0.00906	0.00926	0.00857	0.01094	0.00936	0.00660	0.09854	0.01882	0.03144	0.02445	0.02760	0.01903	0.00907	0.00572	0.00187	0.00424	0.00720	0.67392	0.00798
52	0.01433	0.00727	0.00742	0.00742	0.00921	0.00732	0.00558	0.01791	0.01612	0.02851	0.02513	0.02896	0.01986	0.01084	0.03081	0.00220	0.00424	0.00727	0.74241	0.00722
53	0.02413	0.02597	0.02249	0.01931	0.02303	0.31608	0.04818	0.14150	0.05337	0.02567	0.01832	0.02286	0.04097	0.01049	0.01096	0.00249	0.14021	0.03921	0.00506	0.00970
54	0.01445	0.00723	0.00723	0.00723	0.00903	0.00723	0.00542	0.01807	0.01626	0.02891	0.02529	0.02891	0.01987	0.00903	0.00542	0.00181	0.00361	0.00723	0.77055	0.00723
55	0.16227	0.01752	0.01930	0.01615	0.05500	0.01811	0.01244	0.27571	0.02396	0.06800	0.01590	0.01716	0.01197	0.00798	0.00731	0.00205	0.03348	0.00584	0.00606	0.22380
56	0.25449	0.08004	0.02308	0.01992	0.11530	0.02107	0.04402	0.25132	0.04305	0.05539	0.01560	0.01700	0.01176	0.00801	0.00668	0.00231	0.00793	0.00607	0.00579	0.01117
57	0.05720	0.01924	0.05767	0.10216	0.38294	0.04057	0.11543	0.02505	0.01783	0.08423	0.01581	0.01963	0.01227	0.00725	0.00774	0.00239	0.00976	0.00708	0.00436	0.01140
58	0.25213	0.12643	0.02122	0.03734	0.02080	0.02054	0.01211	0.22411	0.04374	0.11216	0.01652	0.01708	0.01214	0.00812	0.00636	0.00222	0.00736	0.00575	0.00612	0.04778

[dist]
# distance from previous block
# <min> <max>
11	26

# created by:
# /st0/software/busco_prod/Augustus/scripts/msa2prfl.pl ./align_prep/116723.fa
