[name]
unknown

[dist]
# distance from previous block
# <min> <max>
0	31

[block]
# block no. 0 follows, 26 sequences, length 52
# corresponding to MSA columns:
# 31-82
name=unknown_A
#
# <colnr> <probs for GDERKNQSTAVLIFYWHMCP>
#	G	D	E	R	K	N	Q	S	T	A	V	L	I	F	Y	W	H	M	C	P
0	0.01222	0.00873	0.01222	0.01397	0.01572	0.00873	0.01222	0.01572	0.01746	0.02270	0.04016	0.08556	0.04365	0.02095	0.01048	0.00349	0.00698	0.63506	0.00698	0.00698
1	0.02915	0.02074	0.02245	0.01721	0.02327	0.02278	0.01422	0.62322	0.03482	0.08660	0.01892	0.01867	0.01325	0.00912	0.00759	0.00228	0.00823	0.00688	0.00770	0.01290
2	0.58131	0.01489	0.01308	0.01122	0.01588	0.01678	0.00915	0.10766	0.01638	0.08202	0.01315	0.01478	0.00992	0.00874	0.00691	0.05277	0.00629	0.00489	0.00533	0.00886
3	0.02320	0.01071	0.01423	0.01198	0.01588	0.00965	0.00945	0.02696	0.04846	0.37737	0.24692	0.10661	0.03958	0.01289	0.00827	0.00244	0.00528	0.01108	0.00874	0.01029
4	0.00993	0.00726	0.00932	0.01080	0.01147	0.00703	0.00728	0.01251	0.05710	0.02000	0.04047	0.65935	0.04763	0.04764	0.01056	0.00320	0.00461	0.02035	0.00700	0.00649
5	0.03403	0.01291	0.01760	0.01350	0.01936	0.01115	0.01115	0.03697	0.02171	0.69137	0.02992	0.02582	0.01878	0.00939	0.00763	0.00235	0.00645	0.00763	0.00939	0.01291
6	0.01432	0.01348	0.02275	0.71520	0.05224	0.01685	0.02107	0.01938	0.01517	0.01938	0.01348	0.02022	0.01011	0.00758	0.00758	0.00253	0.01011	0.00674	0.00337	0.00843
7	0.00952	0.00698	0.00894	0.00999	0.01098	0.00640	0.00691	0.01139	0.01632	0.02181	0.17992	0.50640	0.13357	0.02147	0.00944	0.00287	0.00416	0.01923	0.00731	0.00640
8	0.00924	0.00660	0.00880	0.01056	0.01100	0.00616	0.00704	0.01056	0.01452	0.01936	0.04181	0.72848	0.05017	0.02376	0.00968	0.00308	0.00440	0.02156	0.00704	0.00616
9	0.01103	0.00735	0.00827	0.00827	0.00827	0.00735	0.00460	0.01103	0.01103	0.01471	0.02390	0.04964	0.02758	0.73343	0.03861	0.00735	0.00735	0.01103	0.00460	0.00460
10	0.01084	0.00813	0.01219	0.01219	0.01354	0.00948	0.00948	0.01354	0.01219	0.01761	0.02032	0.02980	0.01896	0.05689	0.70337	0.01219	0.02032	0.00813	0.00406	0.00677
11	0.01573	0.01348	0.01573	0.01123	0.01798	0.01011	0.00899	0.01910	0.01573	0.02472	0.01348	0.01573	0.01123	0.00562	0.00562	0.00112	0.00562	0.00449	0.00449	0.77980
12	0.01887	0.01629	0.01715	0.01544	0.01972	0.01887	0.01201	0.04031	0.67241	0.03173	0.03087	0.02830	0.02315	0.01029	0.00772	0.00257	0.00600	0.00858	0.00772	0.01201
13	0.00924	0.00660	0.00880	0.01056	0.01100	0.00616	0.00704	0.01056	0.01452	0.01936	0.04181	0.72848	0.05017	0.02376	0.00968	0.00308	0.00440	0.02156	0.00704	0.00616
14	0.14208	0.01333	0.01665	0.01308	0.01870	0.01238	0.01077	0.03501	0.05276	0.56362	0.02717	0.02399	0.01747	0.00909	0.00721	0.00236	0.00635	0.00717	0.00863	0.01219
15	0.01085	0.00809	0.01200	0.01200	0.01328	0.00938	0.00924	0.01342	0.01213	0.01746	0.02049	0.03078	0.01939	0.09049	0.67035	0.01195	0.01967	0.00827	0.00409	0.00666
16	0.02833	0.03615	0.02149	0.01954	0.02345	0.70298	0.01466	0.03029	0.02149	0.01856	0.01172	0.01368	0.00977	0.00782	0.00684	0.00195	0.01368	0.00489	0.00391	0.00879
17	0.01074	0.00775	0.01014	0.00954	0.01133	0.00716	0.00716	0.01431	0.02147	0.03042	0.68211	0.05666	0.07157	0.01551	0.00895	0.00239	0.00358	0.01372	0.00835	0.00716
18	0.01257	0.00800	0.01034	0.00991	0.01188	0.00736	0.00747	0.01573	0.01995	0.08040	0.46106	0.14003	0.08619	0.01602	0.00877	0.00248	0.00404	0.03593	0.05441	0.00744
19	0.01211	0.00865	0.01209	0.01384	0.01553	0.00863	0.01202	0.01552	0.01735	0.02257	0.04022	0.11045	0.04391	0.02106	0.01045	0.00348	0.00688	0.61131	0.00699	0.00695
20	0.01521	0.03923	0.69413	0.02162	0.03283	0.01762	0.02802	0.02402	0.01601	0.02402	0.01361	0.01601	0.00961	0.00721	0.00721	0.00240	0.01121	0.00560	0.00320	0.01121
21	0.01829	0.01753	0.02991	0.11943	0.61703	0.01789	0.02304	0.02285	0.01704	0.02419	0.01418	0.01893	0.01181	0.00685	0.00752	0.00228	0.00913	0.00676	0.00371	0.01162
22	0.01148	0.00788	0.00987	0.00951	0.01150	0.00713	0.00717	0.01406	0.01920	0.05514	0.40121	0.08805	0.21671	0.01748	0.01034	0.05294	0.00415	0.04165	0.00762	0.00692
23	0.02688	0.02021	0.02168	0.01688	0.02275	0.02225	0.01383	0.54781	0.11793	0.04455	0.01963	0.01941	0.01416	0.00909	0.00751	0.00226	0.00790	0.00694	0.00745	0.05088
24	0.02883	0.02131	0.02297	0.01831	0.02403	0.02255	0.01460	0.54137	0.03345	0.04542	0.02154	0.04650	0.01706	0.01342	0.03982	0.00322	0.00947	0.00814	0.00807	0.05991
25	0.01432	0.01348	0.02275	0.71520	0.05224	0.01685	0.02107	0.01938	0.01517	0.01938	0.01348	0.02022	0.01011	0.00758	0.00758	0.00253	0.01011	0.00674	0.00337	0.00843
26	0.01468	0.01392	0.02411	0.59388	0.04784	0.01689	0.07544	0.01934	0.01501	0.01948	0.01347	0.02021	0.01036	0.00856	0.00945	0.03681	0.04188	0.00692	0.00341	0.00835
27	0.01318	0.00659	0.00988	0.00988	0.00988	0.00659	0.00659	0.00988	0.00988	0.01318	0.01318	0.02306	0.01318	0.02635	0.02964	0.77931	0.00659	0.00659	0.00329	0.00329
28	0.01101	0.00742	0.00861	0.00861	0.00873	0.00754	0.00502	0.01125	0.01113	0.01496	0.02359	0.04792	0.02683	0.67482	0.09620	0.00777	0.00848	0.01078	0.00455	0.00478
29	0.02262	0.53444	0.03445	0.01488	0.02062	0.22519	0.01346	0.02491	0.01718	0.01805	0.01089	0.01261	0.00974	0.00687	0.00544	0.00172	0.00973	0.00430	0.00344	0.00946
30	0.01432	0.01348	0.02275	0.71520	0.05224	0.01685	0.02107	0.01938	0.01517	0.01938	0.01348	0.02022	0.01011	0.00758	0.00758	0.00253	0.01011	0.00674	0.00337	0.00843
31	0.01074	0.00775	0.01014	0.00954	0.01133	0.00716	0.00716	0.01431	0.02147	0.03042	0.68211	0.05666	0.07157	0.01551	0.00895	0.00239	0.00358	0.01372	0.00835	0.00716
32	0.02028	0.73799	0.03975	0.01298	0.01947	0.03001	0.01298	0.02271	0.01541	0.01785	0.01055	0.01217	0.00973	0.00649	0.00487	0.00162	0.00811	0.00406	0.00324	0.00973
33	0.01786	0.08427	0.27928	0.02234	0.03046	0.04217	0.21110	0.02391	0.01668	0.05294	0.01431	0.01739	0.01080	0.00722	0.00844	0.00228	0.05339	0.00649	0.00384	0.09484
34	0.01872	0.01631	0.01755	0.01573	0.01974	0.01915	0.01230	0.03887	0.62952	0.03086	0.02951	0.02754	0.02230	0.01048	0.00883	0.00262	0.05232	0.00845	0.00743	0.01177
35	0.01057	0.00768	0.00996	0.00954	0.01127	0.00706	0.00710	0.01394	0.02086	0.02931	0.61709	0.10090	0.09389	0.01619	0.00899	0.00244	0.00364	0.01432	0.00821	0.00706
36	0.00927	0.00766	0.00813	0.00809	0.01045	0.00652	0.00604	0.01144	0.01789	0.02209	0.17565	0.09239	0.56070	0.01875	0.00899	0.00255	0.00382	0.01582	0.00726	0.00652
37	0.00924	0.00660	0.00880	0.01056	0.01100	0.00616	0.00704	0.01056	0.01452	0.01936	0.04181	0.72848	0.05017	0.02376	0.00968	0.00308	0.00440	0.02156	0.00704	0.00616
38	0.78701	0.01467	0.01115	0.00997	0.01467	0.01702	0.00821	0.02230	0.01291	0.03403	0.01056	0.01232	0.00821	0.00704	0.00469	0.00235	0.00587	0.00411	0.00469	0.00821
39	0.03403	0.01291	0.01760	0.01350	0.01936	0.01115	0.01115	0.03697	0.02171	0.69137	0.02992	0.02582	0.01878	0.00939	0.00763	0.00235	0.00645	0.00763	0.00939	0.01291
40	0.00924	0.00660	0.00880	0.01056	0.01100	0.00616	0.00704	0.01056	0.01452	0.01936	0.04181	0.72848	0.05017	0.02376	0.00968	0.00308	0.00440	0.02156	0.00704	0.00616
41	0.01573	0.01348	0.01573	0.01123	0.01798	0.01011	0.00899	0.01910	0.01573	0.02472	0.01348	0.01573	0.01123	0.00562	0.00562	0.00112	0.00562	0.00449	0.00449	0.77980
42	0.01103	0.00735	0.00827	0.00827	0.00827	0.00735	0.00460	0.01103	0.01103	0.01471	0.02390	0.04964	0.02758	0.73343	0.03861	0.00735	0.00735	0.01103	0.00460	0.00460
43	0.01533	0.01451	0.02457	0.56374	0.19583	0.01712	0.02157	0.02026	0.01564	0.02060	0.01366	0.01989	0.01054	0.00740	0.00757	0.00247	0.00986	0.00674	0.00346	0.00924
44	0.02747	0.02015	0.02175	0.01691	0.02254	0.02230	0.01384	0.59532	0.06106	0.04504	0.01844	0.01893	0.01335	0.01020	0.00892	0.04913	0.00814	0.00689	0.00733	0.01228
45	0.01208	0.00868	0.01202	0.01369	0.01547	0.00863	0.01194	0.01550	0.01745	0.02260	0.04178	0.08501	0.07186	0.02088	0.01041	0.00345	0.00685	0.60775	0.00699	0.00696
46	0.01887	0.01629	0.01715	0.01544	0.01972	0.01887	0.01201	0.04031	0.67241	0.03173	0.03087	0.02830	0.02315	0.01029	0.00772	0.00257	0.00600	0.00858	0.00772	0.01201
47	0.04345	0.09076	0.16189	0.05390	0.31350	0.04489	0.04875	0.02434	0.04000	0.05361	0.04312	0.01955	0.01423	0.00749	0.00722	0.00226	0.00920	0.00660	0.00420	0.01102
48	0.01668	0.02901	0.34061	0.02725	0.03654	0.01847	0.37129	0.02417	0.01704	0.02417	0.01456	0.01843	0.01064	0.00676	0.00816	0.00249	0.01207	0.00743	0.00355	0.01068
49	0.00924	0.00660	0.00880	0.01056	0.01100	0.00616	0.00704	0.01056	0.01452	0.01936	0.04181	0.72848	0.05017	0.02376	0.00968	0.00308	0.00440	0.02156	0.00704	0.00616
50	0.01067	0.00770	0.01008	0.00959	0.01132	0.00711	0.00715	0.01415	0.02117	0.02993	0.65396	0.08620	0.07063	0.01587	0.00898	0.00242	0.00361	0.01406	0.00829	0.00711
51	0.01655	0.03145	0.41696	0.06620	0.03506	0.04842	0.20481	0.02389	0.01658	0.02338	0.01388	0.01744	0.01020	0.00724	0.00833	0.00247	0.03655	0.00662	0.00343	0.01056

[dist]
# distance from previous block
# <min> <max>
0	1

[block]
# block no. 1 follows, 26 sequences, length 127
# corresponding to MSA columns:
# 84-210
name=unknown_B
#
# <colnr> <probs for GDERKNQSTAVLIFYWHMCP>
#	G	D	E	R	K	N	Q	S	T	A	V	L	I	F	Y	W	H	M	C	P
0	0.01532	0.03847	0.66783	0.02204	0.03310	0.01768	0.05356	0.02403	0.01609	0.02403	0.01368	0.01619	0.00969	0.00717	0.00728	0.00241	0.01127	0.00574	0.00323	0.01117
1	0.02680	0.03354	0.02397	0.02261	0.07707	0.59760	0.06356	0.02929	0.02089	0.01948	0.01220	0.01459	0.01008	0.00763	0.00705	0.00202	0.01324	0.00534	0.00389	0.00916
2	0.01062	0.00775	0.00997	0.00942	0.01126	0.00711	0.00706	0.01408	0.02119	0.02975	0.64158	0.05775	0.11251	0.01575	0.00895	0.00240	0.00360	0.01387	0.00826	0.00711
3	0.07257	0.01388	0.02200	0.60434	0.07563	0.01700	0.01982	0.02063	0.04232	0.02122	0.01402	0.01990	0.01059	0.00762	0.00737	0.00250	0.00958	0.00662	0.00367	0.00871
4	0.78701	0.01467	0.01115	0.00997	0.01467	0.01702	0.00821	0.02230	0.01291	0.03403	0.01056	0.01232	0.00821	0.00704	0.00469	0.00235	0.00587	0.00411	0.00469	0.00821
5	0.01067	0.00775	0.01005	0.00948	0.01129	0.00713	0.00711	0.01419	0.02132	0.03006	0.66022	0.05725	0.09368	0.01564	0.00895	0.00239	0.00359	0.01380	0.00830	0.00713
6	0.00939	0.00770	0.00828	0.00813	0.01051	0.00659	0.00610	0.01171	0.01830	0.02289	0.22287	0.06906	0.53552	0.01832	0.00896	0.00252	0.00378	0.01546	0.00736	0.00659
7	0.01887	0.01629	0.01715	0.01544	0.01972	0.01887	0.01201	0.04031	0.67241	0.03173	0.03087	0.02830	0.02315	0.01029	0.00772	0.00257	0.00600	0.00858	0.00772	0.01201
8	0.01222	0.00873	0.01222	0.01397	0.01572	0.00873	0.01222	0.01572	0.01746	0.02270	0.04016	0.08556	0.04365	0.02095	0.01048	0.00349	0.00698	0.63506	0.00698	0.00698
9	0.02833	0.03615	0.02149	0.01954	0.02345	0.70298	0.01466	0.03029	0.02149	0.01856	0.01172	0.01368	0.00977	0.00782	0.00684	0.00195	0.01368	0.00489	0.00391	0.00879
10	0.01521	0.03923	0.69413	0.02162	0.03283	0.01762	0.02802	0.02402	0.01601	0.02402	0.01361	0.01601	0.00961	0.00721	0.00721	0.00240	0.01121	0.00560	0.00320	0.01121
11	0.01574	0.03366	0.53064	0.02106	0.04958	0.04065	0.02461	0.02456	0.06457	0.02428	0.01757	0.02409	0.01419	0.00886	0.00758	0.00251	0.01041	0.07071	0.00397	0.01077
12	0.01084	0.00813	0.01219	0.01219	0.01354	0.00948	0.00948	0.01354	0.01219	0.01761	0.02032	0.02980	0.01896	0.05689	0.70337	0.01219	0.02032	0.00813	0.00406	0.00677
13	0.01521	0.03923	0.69413	0.02162	0.03283	0.01762	0.02802	0.02402	0.01601	0.02402	0.01361	0.01601	0.00961	0.00721	0.00721	0.00240	0.01121	0.00560	0.00320	0.01121
14	0.01887	0.01629	0.01715	0.01544	0.01972	0.01887	0.01201	0.04031	0.67241	0.03173	0.03087	0.02830	0.02315	0.01029	0.00772	0.00257	0.00600	0.00858	0.00772	0.01201
15	0.01828	0.01863	0.05988	0.09551	0.60940	0.01792	0.02333	0.02302	0.01706	0.02434	0.01418	0.01876	0.01176	0.00684	0.00750	0.00228	0.00919	0.00671	0.00370	0.01171
16	0.01089	0.00818	0.01205	0.04249	0.01458	0.00937	0.00937	0.01335	0.01239	0.01756	0.02194	0.08345	0.02167	0.11194	0.56233	0.01066	0.01753	0.00933	0.00430	0.00661
17	0.01103	0.00735	0.00827	0.00827	0.00827	0.00735	0.00460	0.01103	0.01103	0.01471	0.02390	0.04964	0.02758	0.73343	0.03861	0.00735	0.00735	0.01103	0.00460	0.00460
18	0.01414	0.00707	0.00707	0.00707	0.00884	0.00707	0.00530	0.01767	0.01591	0.02828	0.02474	0.02828	0.01944	0.00884	0.00530	0.00177	0.00353	0.00707	0.77554	0.00707
19	0.02833	0.03615	0.02149	0.01954	0.02345	0.70298	0.01466	0.03029	0.02149	0.01856	0.01172	0.01368	0.00977	0.00782	0.00684	0.00195	0.01368	0.00489	0.00391	0.00879
20	0.02883	0.02125	0.02276	0.01745	0.02352	0.02352	0.01442	0.66082	0.03566	0.04780	0.01821	0.01821	0.01290	0.00911	0.00759	0.00228	0.00835	0.00683	0.00759	0.01290
21	0.03153	0.01591	0.06984	0.01460	0.02084	0.01321	0.01281	0.10162	0.04489	0.55030	0.02748	0.02435	0.01761	0.00922	0.00759	0.00235	0.00700	0.00742	0.00867	0.01275
22	0.01653	0.03458	0.54314	0.02320	0.03352	0.01763	0.14536	0.02464	0.01662	0.05307	0.01465	0.01727	0.01036	0.00715	0.00755	0.00243	0.01130	0.00632	0.00359	0.01110
23	0.01564	0.09798	0.63912	0.02089	0.03171	0.01866	0.02676	0.02391	0.01596	0.02350	0.01335	0.01569	0.00962	0.00715	0.00701	0.00234	0.01095	0.00547	0.00321	0.01109
24	0.01318	0.00659	0.00988	0.00988	0.00988	0.00659	0.00659	0.00988	0.00988	0.01318	0.01318	0.02306	0.01318	0.02635	0.02964	0.77931	0.00659	0.00659	0.00329	0.00329
25	0.01651	0.01692	0.03208	0.32160	0.16637	0.01813	0.24699	0.02182	0.01640	0.02210	0.01416	0.01990	0.01096	0.00721	0.00869	0.00252	0.03677	0.00752	0.00361	0.00974
26	0.03074	0.04432	0.09710	0.01487	0.02140	0.01404	0.01354	0.10708	0.02243	0.51448	0.02595	0.02329	0.01670	0.00899	0.00747	0.00232	0.00728	0.00717	0.00823	0.01259
27	0.02581	0.01355	0.07013	0.01301	0.01814	0.01052	0.01136	0.02940	0.02118	0.44728	0.21625	0.03390	0.03322	0.01097	0.00797	0.00236	0.00601	0.00922	0.00859	0.01112
28	0.76015	0.01552	0.03491	0.01038	0.01530	0.01704	0.00890	0.02236	0.01302	0.03368	0.01067	0.01245	0.00826	0.00705	0.00478	0.00235	0.00605	0.00416	0.00464	0.00832
29	0.01074	0.00775	0.01014	0.00954	0.01133	0.00716	0.00716	0.01431	0.02147	0.03042	0.68211	0.05666	0.07157	0.01551	0.00895	0.00239	0.00358	0.01372	0.00835	0.00716
30	0.01611	0.06872	0.64116	0.02095	0.03176	0.01792	0.02676	0.02443	0.01619	0.04789	0.01407	0.01620	0.00995	0.00725	0.00712	0.00237	0.01090	0.00561	0.00343	0.01121
31	0.01790	0.02046	0.04476	0.03197	0.03964	0.01918	0.65857	0.02430	0.01790	0.02430	0.01535	0.02046	0.01151	0.00639	0.00895	0.00256	0.01279	0.00895	0.00384	0.01023
32	0.00924	0.00686	0.00863	0.00995	0.01086	0.00625	0.00679	0.01076	0.01533	0.01999	0.07220	0.57266	0.17771	0.02255	0.00951	0.00295	0.00426	0.02016	0.00709	0.00625
33	0.01459	0.01375	0.02379	0.63334	0.04947	0.01663	0.06942	0.01969	0.01541	0.02013	0.01409	0.02057	0.01061	0.00754	0.00759	0.00250	0.01004	0.00692	0.03540	0.00851
34	0.00924	0.00660	0.00880	0.01056	0.01100	0.00616	0.00704	0.01056	0.01452	0.01936	0.04181	0.72848	0.05017	0.02376	0.00968	0.00308	0.00440	0.02156	0.00704	0.00616
35	0.02822	0.07288	0.02399	0.01713	0.02323	0.02399	0.01431	0.61486	0.03420	0.04565	0.01766	0.01778	0.01267	0.00892	0.00739	0.00223	0.00833	0.00663	0.00727	0.01267
36	0.01887	0.01629	0.01715	0.01544	0.01972	0.01887	0.01201	0.04031	0.67241	0.03173	0.03087	0.02830	0.02315	0.01029	0.00772	0.00257	0.00600	0.00858	0.00772	0.01201
37	0.01074	0.00775	0.01014	0.00954	0.01133	0.00716	0.00716	0.01431	0.02147	0.03042	0.68211	0.05666	0.07157	0.01551	0.00895	0.00239	0.00358	0.01372	0.00835	0.00716
38	0.02028	0.73799	0.03975	0.01298	0.01947	0.03001	0.01298	0.02271	0.01541	0.01785	0.01055	0.01217	0.00973	0.00649	0.00487	0.00162	0.00811	0.00406	0.00324	0.00973
39	0.00924	0.00660	0.00880	0.01056	0.01100	0.00616	0.00704	0.01056	0.01452	0.01936	0.04181	0.72848	0.05017	0.02376	0.00968	0.00308	0.00440	0.02156	0.00704	0.00616
40	0.01826	0.01565	0.01663	0.01499	0.01910	0.01799	0.01164	0.03836	0.62367	0.03163	0.07964	0.03042	0.02678	0.01068	0.00781	0.00256	0.00582	0.00896	0.00777	0.01164
41	0.78701	0.01467	0.01115	0.00997	0.01467	0.01702	0.00821	0.02230	0.01291	0.03403	0.01056	0.01232	0.00821	0.00704	0.00469	0.00235	0.00587	0.00411	0.00469	0.00821
42	0.01066	0.00775	0.01003	0.00946	0.01128	0.00712	0.00710	0.01416	0.02129	0.02998	0.65575	0.05737	0.09821	0.01567	0.00895	0.00239	0.00359	0.01382	0.00829	0.00712
43	0.01573	0.01348	0.01573	0.01123	0.01798	0.01011	0.00899	0.01910	0.01573	0.02472	0.01348	0.01573	0.01123	0.00562	0.00562	0.00112	0.00562	0.00449	0.00449	0.77980
44	0.02665	0.02081	0.02149	0.01710	0.02270	0.05161	0.01391	0.49946	0.17293	0.04307	0.02067	0.02020	0.01499	0.00931	0.00758	0.00233	0.00807	0.00712	0.00746	0.01253
45	0.00946	0.00676	0.00906	0.01082	0.01135	0.00635	0.00743	0.01095	0.01474	0.01961	0.04168	0.68062	0.04968	0.02355	0.00974	0.00311	0.00459	0.06723	0.00704	0.00622
46	0.01546	0.03649	0.60919	0.02197	0.03268	0.01739	0.07855	0.02381	0.01615	0.02408	0.01375	0.01636	0.00984	0.00707	0.00727	0.00235	0.01107	0.00583	0.00332	0.04736
47	0.02279	0.08657	0.02330	0.01886	0.02148	0.37662	0.01503	0.02471	0.01709	0.01836	0.01130	0.01519	0.01017	0.01146	0.03861	0.00279	0.26784	0.00557	0.00365	0.00862
48	0.00919	0.00682	0.00858	0.00999	0.01085	0.00621	0.00679	0.01063	0.01508	0.01959	0.04882	0.59719	0.17693	0.02285	0.00954	0.00298	0.00429	0.02045	0.00704	0.00621
49	0.01632	0.01627	0.02483	0.04881	0.02298	0.02131	0.09577	0.01875	0.01279	0.01942	0.01242	0.04362	0.01194	0.01243	0.02101	0.00313	0.55331	0.00749	0.02898	0.00842
50	0.01585	0.01708	0.07333	0.42944	0.17525	0.01748	0.09448	0.02181	0.03997	0.02180	0.01450	0.01996	0.01109	0.00735	0.00770	0.00247	0.01012	0.00698	0.00365	0.00968
51	0.78701	0.01467	0.01115	0.00997	0.01467	0.01702	0.00821	0.02230	0.01291	0.03403	0.01056	0.01232	0.00821	0.00704	0.00469	0.00235	0.00587	0.00411	0.00469	0.00821
52	0.01074	0.00775	0.01014	0.00954	0.01133	0.00716	0.00716	0.01431	0.02147	0.03042	0.68211	0.05666	0.07157	0.01551	0.00895	0.00239	0.00358	0.01372	0.00835	0.00716
53	0.01639	0.20158	0.54209	0.01961	0.02972	0.02050	0.02453	0.02372	0.01587	0.02259	0.01290	0.01512	0.00964	0.00704	0.00666	0.00222	0.01049	0.00525	0.00321	0.01087
54	0.01103	0.00735	0.00827	0.00827	0.00827	0.00735	0.00460	0.01103	0.01103	0.01471	0.02390	0.04964	0.02758	0.73343	0.03861	0.00735	0.00735	0.01103	0.00460	0.00460
55	0.02565	0.01173	0.01536	0.01253	0.01704	0.01075	0.01006	0.03064	0.08720	0.43053	0.22182	0.03514	0.03474	0.01128	0.00802	0.00238	0.00556	0.00951	0.00891	0.01113
56	0.00966	0.00688	0.00913	0.01063	0.01125	0.00648	0.00732	0.01125	0.01510	0.02022	0.08879	0.59813	0.05022	0.05639	0.01105	0.00326	0.00467	0.06632	0.00702	0.00622
57	0.04387	0.01783	0.03287	0.19072	0.23173	0.01854	0.25601	0.04553	0.01733	0.02427	0.01434	0.01941	0.01122	0.00714	0.00860	0.00247	0.03648	0.00747	0.00385	0.01030
58	0.01664	0.01672	0.02393	0.02030	0.02055	0.02310	0.03735	0.01845	0.01182	0.01845	0.01013	0.01672	0.01001	0.01305	0.02438	0.00329	0.69670	0.00671	0.00334	0.00836
59	0.01482	0.01399	0.02365	0.64069	0.12287	0.01698	0.02131	0.01981	0.01540	0.01998	0.01357	0.02006	0.01032	0.00749	0.00758	0.00250	0.00999	0.00674	0.00341	0.00883
60	0.01589	0.09038	0.54155	0.04838	0.03332	0.01873	0.10071	0.02378	0.01616	0.02340	0.01357	0.01640	0.00986	0.00707	0.00724	0.00236	0.01111	0.00592	0.00329	0.01087
61	0.01779	0.02060	0.06902	0.13978	0.12867	0.04830	0.41459	0.02364	0.01746	0.02333	0.01467	0.01969	0.01119	0.00673	0.00837	0.00248	0.01182	0.00797	0.00373	0.01017
62	0.78701	0.01467	0.01115	0.00997	0.01467	0.01702	0.00821	0.02230	0.01291	0.03403	0.01056	0.01232	0.00821	0.00704	0.00469	0.00235	0.00587	0.00411	0.00469	0.00821
63	0.02320	0.01939	0.01939	0.01638	0.02082	0.09116	0.01305	0.23011	0.30127	0.06093	0.02305	0.02265	0.01723	0.00979	0.00876	0.00243	0.06088	0.00740	0.04062	0.01149
64	0.02819	0.02063	0.02208	0.01700	0.02288	0.02280	0.01402	0.63268	0.03480	0.04695	0.01850	0.01865	0.01319	0.00909	0.00749	0.00225	0.00814	0.00684	0.04119	0.01264
65	0.01074	0.00775	0.01014	0.00954	0.01133	0.00716	0.00716	0.01431	0.02147	0.03042	0.68211	0.05666	0.07157	0.01551	0.00895	0.00239	0.00358	0.01372	0.00835	0.00716
66	0.01084	0.00813	0.01219	0.01219	0.01354	0.00948	0.00948	0.01354	0.01219	0.01761	0.02032	0.02980	0.01896	0.05689	0.70337	0.01219	0.02032	0.00813	0.00406	0.00677
67	0.01013	0.00773	0.00930	0.00891	0.01096	0.00690	0.00668	0.01315	0.02005	0.02704	0.47637	0.06221	0.27942	0.01677	0.00895	0.00245	0.00367	0.01450	0.00791	0.00690
68	0.01659	0.01659	0.02323	0.01991	0.01991	0.02323	0.01659	0.01825	0.01162	0.01825	0.00996	0.01659	0.00996	0.01328	0.02489	0.00332	0.71955	0.00664	0.00332	0.00830
69	0.01414	0.00707	0.00707	0.00707	0.00884	0.00707	0.00530	0.01767	0.01591	0.02828	0.02474	0.02828	0.01944	0.00884	0.00530	0.00177	0.00353	0.00707	0.77554	0.00707
70	0.01877	0.01802	0.03079	0.04656	0.68612	0.01802	0.02328	0.02328	0.01727	0.02478	0.01427	0.01877	0.01201	0.00676	0.00751	0.00225	0.00901	0.00676	0.00375	0.01201
71	0.03403	0.01291	0.01760	0.01350	0.01936	0.01115	0.01115	0.03697	0.02171	0.69137	0.02992	0.02582	0.01878	0.00939	0.00763	0.00235	0.00645	0.00763	0.00939	0.01291
72	0.78701	0.01467	0.01115	0.00997	0.01467	0.01702	0.00821	0.02230	0.01291	0.03403	0.01056	0.01232	0.00821	0.00704	0.00469	0.00235	0.00587	0.00411	0.00469	0.00821
73	0.01432	0.01348	0.02275	0.71520	0.05224	0.01685	0.02107	0.01938	0.01517	0.01938	0.01348	0.02022	0.01011	0.00758	0.00758	0.00253	0.01011	0.00674	0.00337	0.00843
74	0.02572	0.01824	0.01944	0.01525	0.02041	0.02004	0.01249	0.52458	0.03148	0.04367	0.01959	0.02034	0.01429	0.00905	0.00710	0.00217	0.00733	0.00688	0.17027	0.01166
75	0.01432	0.01348	0.02275	0.71520	0.05224	0.01685	0.02107	0.01938	0.01517	0.01938	0.01348	0.02022	0.01011	0.00758	0.00758	0.00253	0.01011	0.00674	0.00337	0.00843
76	0.02883	0.02125	0.02276	0.01745	0.02352	0.02352	0.01442	0.66082	0.03566	0.04780	0.01821	0.01821	0.01290	0.00911	0.00759	0.00228	0.00835	0.00683	0.00759	0.01290
77	0.03403	0.01291	0.01760	0.01350	0.01936	0.01115	0.01115	0.03697	0.02171	0.69137	0.02992	0.02582	0.01878	0.00939	0.00763	0.00235	0.00645	0.00763	0.00939	0.01291
78	0.01887	0.01629	0.01715	0.01544	0.01972	0.01887	0.01201	0.04031	0.67241	0.03173	0.03087	0.02830	0.02315	0.01029	0.00772	0.00257	0.00600	0.00858	0.00772	0.01201
79	0.00968	0.00703	0.00918	0.01043	0.01135	0.00653	0.00735	0.01157	0.01606	0.02144	0.14487	0.52214	0.10308	0.02189	0.00957	0.00296	0.00442	0.06678	0.00724	0.00640
80	0.02657	0.01126	0.01521	0.01223	0.01679	0.00987	0.00987	0.02971	0.02163	0.47966	0.23883	0.03570	0.03569	0.01135	0.00805	0.00236	0.00553	0.00958	0.00906	0.01107
81	0.03403	0.01291	0.01760	0.01350	0.01936	0.01115	0.01115	0.03697	0.02171	0.69137	0.02992	0.02582	0.01878	0.00939	0.00763	0.00235	0.00645	0.00763	0.00939	0.01291
82	0.03403	0.01291	0.01760	0.01350	0.01936	0.01115	0.01115	0.03697	0.02171	0.69137	0.02992	0.02582	0.01878	0.00939	0.00763	0.00235	0.00645	0.00763	0.00939	0.01291
83	0.01084	0.00813	0.01219	0.01219	0.01354	0.00948	0.00948	0.01354	0.01219	0.01761	0.02032	0.02980	0.01896	0.05689	0.70337	0.01219	0.02032	0.00813	0.00406	0.00677
84	0.00923	0.00664	0.00876	0.01046	0.01097	0.00617	0.00699	0.01057	0.01462	0.01940	0.04307	0.70485	0.07298	0.02360	0.00966	0.00306	0.00438	0.02136	0.00704	0.00617
85	0.00896	0.00768	0.00768	0.00768	0.01025	0.00640	0.00576	0.01089	0.01729	0.02049	0.07684	0.07300	0.68304	0.01921	0.00896	0.00256	0.00384	0.01601	0.00704	0.00640
86	0.01466	0.01397	0.02403	0.65823	0.07797	0.01700	0.04846	0.01975	0.01537	0.01981	0.01359	0.02017	0.01025	0.00750	0.00764	0.00252	0.01018	0.00684	0.00341	0.00865
87	0.00931	0.00685	0.00874	0.01006	0.01092	0.00627	0.00686	0.01089	0.01545	0.02036	0.09489	0.58212	0.14451	0.02248	0.00952	0.00295	0.00426	0.02016	0.00714	0.00627
88	0.01616	0.01596	0.02241	0.01934	0.01944	0.02220	0.01606	0.01790	0.01166	0.01821	0.01073	0.01758	0.01063	0.01654	0.07570	0.00398	0.66719	0.00675	0.00337	0.00818
89	0.01545	0.00864	0.00935	0.00970	0.04186	0.00881	0.00683	0.06575	0.01744	0.02957	0.02376	0.02708	0.01861	0.00876	0.00558	0.00183	0.00415	0.00704	0.68207	0.00774
90	0.01306	0.00671	0.00971	0.00966	0.00992	0.00666	0.00654	0.01075	0.01117	0.01552	0.06407	0.02594	0.01798	0.02432	0.02640	0.66709	0.00615	0.00716	0.05735	0.00385
91	0.02362	0.01937	0.01978	0.01650	0.02154	0.05313	0.01317	0.30771	0.36684	0.03805	0.02450	0.02325	0.01810	0.00966	0.00762	0.00242	0.00738	0.00765	0.00748	0.01224
92	0.01587	0.01361	0.01579	0.01142	0.01805	0.01050	0.00912	0.02005	0.04512	0.02503	0.01426	0.01629	0.01177	0.00583	0.00571	0.00119	0.00563	0.00468	0.00464	0.74543
93	0.01582	0.12284	0.61583	0.02059	0.03123	0.01910	0.02622	0.02386	0.01594	0.02328	0.01325	0.01555	0.00962	0.00712	0.00693	0.00231	0.01084	0.00542	0.00321	0.01103
94	0.01580	0.03575	0.58532	0.02571	0.13999	0.01768	0.02725	0.02390	0.01622	0.02415	0.01372	0.01647	0.01000	0.00713	0.00726	0.00238	0.01085	0.00579	0.00329	0.01134
95	0.03403	0.01291	0.01760	0.01350	0.01936	0.01115	0.01115	0.03697	0.02171	0.69137	0.02992	0.02582	0.01878	0.00939	0.00763	0.00235	0.00645	0.00763	0.00939	0.01291
96	0.01392	0.00713	0.00735	0.00733	0.00908	0.00716	0.00551	0.01742	0.01594	0.02796	0.04456	0.02920	0.02101	0.01078	0.03066	0.00216	0.00414	0.00731	0.72432	0.00706
97	0.05399	0.02106	0.10931	0.10905	0.11782	0.01883	0.35509	0.05093	0.01761	0.02503	0.01451	0.01911	0.01105	0.00706	0.00873	0.00250	0.03648	0.00765	0.00389	0.01030
98	0.01759	0.01471	0.02297	0.12965	0.23225	0.03534	0.06615	0.02250	0.04471	0.07895	0.02416	0.04060	0.02244	0.01164	0.00855	0.00271	0.00864	0.20133	0.00534	0.00977
99	0.00924	0.00660	0.00880	0.01056	0.01100	0.00616	0.00704	0.01056	0.01452	0.01936	0.04181	0.72848	0.05017	0.02376	0.00968	0.00308	0.00440	0.02156	0.00704	0.00616
100	0.03031	0.01342	0.01937	0.10199	0.08111	0.01244	0.01341	0.03363	0.02053	0.55165	0.02656	0.02452	0.01713	0.00894	0.00761	0.00236	0.00712	0.00744	0.00817	0.01228
101	0.02722	0.02050	0.05063	0.01693	0.02288	0.02135	0.01432	0.51555	0.08067	0.09461	0.02069	0.04418	0.01528	0.00964	0.00766	0.00234	0.00801	0.00748	0.00753	0.01253
102	0.01027	0.00765	0.00955	0.00925	0.01109	0.00693	0.00687	0.01336	0.02012	0.02763	0.51467	0.11019	0.19068	0.01686	0.00900	0.00247	0.00369	0.01476	0.00799	0.00693
103	0.01432	0.01348	0.02275	0.71520	0.05224	0.01685	0.02107	0.01938	0.01517	0.01938	0.01348	0.02022	0.01011	0.00758	0.00758	0.00253	0.01011	0.00674	0.00337	0.00843
104	0.01630	0.01382	0.01604	0.01151	0.01822	0.01070	0.00923	0.04718	0.01660	0.02573	0.01369	0.01584	0.01131	0.00577	0.00570	0.00117	0.00574	0.00460	0.00463	0.74624
105	0.01659	0.01659	0.02323	0.01991	0.01991	0.02323	0.01659	0.01825	0.01162	0.01825	0.00996	0.01659	0.00996	0.01328	0.02489	0.00332	0.71955	0.00664	0.00332	0.00830
106	0.00992	0.00772	0.00901	0.00869	0.01083	0.00681	0.00652	0.01274	0.01956	0.02587	0.40500	0.06414	0.35152	0.01720	0.00895	0.00247	0.00370	0.01477	0.00775	0.00681
107	0.00920	0.00676	0.00864	0.01014	0.01089	0.00620	0.00686	0.01061	0.01492	0.01953	0.04689	0.63345	0.14192	0.02310	0.00958	0.00301	0.00432	0.02076	0.00704	0.00620
108	0.01026	0.00765	0.00953	0.00923	0.01108	0.00693	0.00686	0.01332	0.02008	0.02753	0.50884	0.11035	0.19657	0.01689	0.00901	0.00247	0.00369	0.01478	0.00798	0.00693
109	0.01432	0.01348	0.02275	0.71520	0.05224	0.01685	0.02107	0.01938	0.01517	0.01938	0.01348	0.02022	0.01011	0.00758	0.00758	0.00253	0.01011	0.00674	0.00337	0.00843
110	0.02716	0.02006	0.02196	0.08052	0.02557	0.04302	0.01463	0.49431	0.07777	0.08873	0.01931	0.01951	0.01370	0.00903	0.00758	0.00232	0.00837	0.00694	0.00723	0.01230
111	0.03233	0.01571	0.01843	0.01447	0.02013	0.06465	0.01180	0.10384	0.05387	0.54055	0.02734	0.02421	0.01767	0.00928	0.00757	0.00232	0.00718	0.00738	0.00870	0.01256
112	0.01790	0.02046	0.04476	0.03197	0.03964	0.01918	0.65857	0.02430	0.01790	0.02430	0.01535	0.02046	0.01151	0.00639	0.00895	0.00256	0.01279	0.00895	0.00384	0.01023
113	0.01035	0.00768	0.01077	0.07199	0.01556	0.00765	0.00935	0.01252	0.01541	0.02040	0.05843	0.51157	0.04599	0.02153	0.00965	0.00310	0.00541	0.14934	0.00675	0.00656
114	0.01654	0.15244	0.50710	0.07204	0.03168	0.04896	0.02445	0.02373	0.01609	0.02242	0.01302	0.01559	0.00967	0.00714	0.00683	0.00226	0.01072	0.00540	0.00325	0.01065
115	0.01127	0.00823	0.01098	0.01222	0.01392	0.00794	0.01016	0.01431	0.01758	0.02295	0.12258	0.15522	0.13140	0.02040	0.01000	0.00319	0.00586	0.40779	0.00716	0.00683
116	0.00924	0.00660	0.00880	0.01056	0.01100	0.00616	0.00704	0.01056	0.01452	0.01936	0.04181	0.72848	0.05017	0.02376	0.00968	0.00308	0.00440	0.02156	0.00704	0.00616
117	0.01528	0.04672	0.02489	0.36082	0.06587	0.01777	0.08985	0.01910	0.01470	0.01970	0.01496	0.05077	0.01321	0.01044	0.01211	0.03930	0.14420	0.02817	0.00369	0.00844
118	0.01769	0.07231	0.06070	0.17407	0.34743	0.01889	0.13112	0.02321	0.03794	0.02328	0.01452	0.01905	0.01163	0.00698	0.00757	0.00233	0.00981	0.00694	0.00376	0.01078
119	0.01085	0.00807	0.01190	0.01190	0.01315	0.00932	0.00912	0.01336	0.01210	0.01739	0.02059	0.03128	0.01961	0.10755	0.65359	0.01183	0.01935	0.00834	0.00410	0.00661
120	0.01331	0.01172	0.01675	0.01533	0.01605	0.01528	0.01232	0.01545	0.01189	0.01776	0.01603	0.02500	0.01548	0.06766	0.38354	0.00818	0.31952	0.00761	0.00377	0.00733
121	0.01678	0.04069	0.05803	0.16728	0.14626	0.01793	0.31116	0.02288	0.04552	0.02319	0.01701	0.06690	0.01426	0.00804	0.00824	0.00250	0.01057	0.00869	0.00407	0.01000
122	0.01771	0.04952	0.11171	0.03018	0.03817	0.01943	0.56896	0.02421	0.01761	0.02402	0.01498	0.01969	0.01125	0.00648	0.00862	0.00251	0.01245	0.00842	0.00375	0.01031
123	0.01078	0.00779	0.01021	0.00969	0.01148	0.00721	0.00732	0.01436	0.02134	0.03016	0.66093	0.05761	0.07065	0.01569	0.00900	0.00242	0.00369	0.03423	0.00830	0.00715
124	0.01414	0.00707	0.00707	0.00707	0.00884	0.00707	0.00530	0.01767	0.01591	0.02828	0.02474	0.02828	0.01944	0.00884	0.00530	0.00177	0.00353	0.00707	0.77554	0.00707
125	0.38917	0.04085	0.05801	0.01194	0.01705	0.01502	0.01048	0.05219	0.01747	0.19089	0.10874	0.02219	0.01987	0.00886	0.00628	0.00233	0.00622	0.00650	0.00630	0.00964
126	0.08493	0.01966	0.06959	0.09384	0.05285	0.01907	0.20073	0.19805	0.07050	0.05677	0.01701	0.01938	0.01249	0.00774	0.00764	0.00237	0.00944	0.00718	0.00536	0.04541

[dist]
# distance from previous block
# <min> <max>
0	12

# created by:
# /st0/software/busco_prod/Augustus/scripts/msa2prfl.pl ./align_prep/116813.fa
