[name]
unknown

[dist]
# distance from previous block
# <min> <max>
0	29

[block]
# block no. 0 follows, 24 sequences, length 7
# corresponding to MSA columns:
# 29-35
name=unknown_A
#
# <colnr> <probs for GDERKNQSTAVLIFYWHMCP>
#	G	D	E	R	K	N	Q	S	T	A	V	L	I	F	Y	W	H	M	C	P
0	0.02046	0.01378	0.01760	0.01481	0.01922	0.01371	0.04466	0.09750	0.15043	0.14915	0.17155	0.06591	0.03496	0.01268	0.00856	0.00255	0.00645	0.07038	0.00790	0.07776
1	0.02380	0.01752	0.01916	0.01608	0.02132	0.01921	0.01280	0.16996	0.40597	0.11874	0.02825	0.02623	0.02060	0.01009	0.00790	0.00251	0.00684	0.00820	0.00807	0.05677
2	0.02502	0.02040	0.02094	0.01631	0.02248	0.06646	0.01319	0.35569	0.10094	0.03905	0.01866	0.01917	0.01398	0.00853	0.00731	0.00205	0.00802	0.00651	0.00676	0.22853
3	0.25312	0.01595	0.01640	0.01327	0.01861	0.01668	0.01080	0.19764	0.04621	0.12238	0.06741	0.02483	0.05967	0.00968	0.00698	0.00231	0.00661	0.00730	0.00692	0.09723
4	0.02210	0.02476	0.02665	0.27623	0.09508	0.27439	0.09007	0.05474	0.01990	0.02241	0.01392	0.01833	0.01091	0.00788	0.00779	0.00238	0.01212	0.00658	0.00403	0.00972
5	0.01781	0.01679	0.02747	0.30255	0.36449	0.01845	0.02226	0.02450	0.08058	0.02441	0.01631	0.02121	0.01293	0.00777	0.00790	0.00250	0.00956	0.00725	0.00418	0.01108
6	0.22548	0.01764	0.02487	0.06011	0.30649	0.01822	0.05678	0.07504	0.01819	0.03024	0.01416	0.01760	0.01136	0.00724	0.00696	0.00230	0.00841	0.00622	0.00459	0.08809

[dist]
# distance from previous block
# <min> <max>
0	2

[block]
# block no. 1 follows, 24 sequences, length 45
# corresponding to MSA columns:
# 38-82
name=unknown_B
#
# <colnr> <probs for GDERKNQSTAVLIFYWHMCP>
#	G	D	E	R	K	N	Q	S	T	A	V	L	I	F	Y	W	H	M	C	P
0	0.02873	0.01686	0.01708	0.01436	0.01894	0.14388	0.01143	0.03147	0.02141	0.38357	0.07667	0.03048	0.02332	0.01130	0.00879	0.03273	0.00779	0.04076	0.06950	0.01095
1	0.01126	0.00832	0.01017	0.01028	0.01194	0.00780	0.00738	0.04189	0.01936	0.02606	0.29090	0.27564	0.17084	0.05749	0.01122	0.00304	0.00452	0.01699	0.00778	0.00713
2	0.01972	0.01703	0.01793	0.01614	0.02062	0.01972	0.01255	0.04214	0.65752	0.03317	0.03228	0.02959	0.02421	0.01076	0.00807	0.00269	0.00628	0.00897	0.00807	0.01255
3	0.74287	0.01637	0.01215	0.01089	0.01576	0.04875	0.00890	0.02370	0.01391	0.03483	0.01110	0.01295	0.00866	0.00740	0.00501	0.00243	0.00651	0.00433	0.00487	0.00862
4	0.02957	0.02193	0.02348	0.01813	0.02437	0.02432	0.01493	0.61227	0.07136	0.04905	0.01977	0.01962	0.01407	0.00959	0.00794	0.00240	0.00859	0.00724	0.00794	0.01343
5	0.06383	0.01313	0.01749	0.01362	0.01936	0.01157	0.01119	0.03610	0.02230	0.59883	0.08208	0.02903	0.02366	0.01023	0.00796	0.00246	0.00648	0.00834	0.00953	0.01281
6	0.01498	0.01409	0.02378	0.70226	0.05462	0.01762	0.02202	0.02026	0.01586	0.02026	0.01409	0.02114	0.01057	0.00793	0.00793	0.00264	0.01057	0.00705	0.00352	0.00881
7	0.01963	0.01884	0.03219	0.04867	0.67185	0.01884	0.02434	0.02434	0.01806	0.02591	0.01492	0.01963	0.01256	0.00707	0.00785	0.00236	0.00942	0.00707	0.00393	0.01256
8	0.01003	0.00792	0.00908	0.00964	0.01146	0.00712	0.00690	0.01267	0.03870	0.02252	0.13020	0.31112	0.35199	0.02112	0.00961	0.00286	0.00428	0.01837	0.00754	0.00688
9	0.01898	0.01818	0.03102	0.13972	0.58587	0.01867	0.02401	0.02377	0.01775	0.02512	0.01480	0.01984	0.01228	0.00719	0.00786	0.00240	0.00958	0.00706	0.00387	0.01204
10	0.02188	0.67025	0.04001	0.01413	0.02069	0.08476	0.01371	0.02439	0.01663	0.01872	0.01112	0.01285	0.01018	0.00690	0.00526	0.00172	0.00895	0.00431	0.00345	0.01010
11	0.02664	0.10027	0.02289	0.01853	0.02279	0.53484	0.01425	0.02983	0.05577	0.02024	0.01874	0.02000	0.06437	0.00914	0.00718	0.00210	0.01247	0.00618	0.00450	0.00927
12	0.03418	0.01323	0.01806	0.01414	0.02001	0.01150	0.01172	0.03728	0.02242	0.63729	0.03194	0.03082	0.02122	0.01056	0.00816	0.00253	0.00678	0.04538	0.00966	0.01312
13	0.03558	0.01350	0.01840	0.01411	0.02024	0.01166	0.01166	0.03865	0.02270	0.67734	0.03128	0.02699	0.01963	0.00981	0.00797	0.00245	0.00675	0.00797	0.00981	0.01350
14	0.02120	0.72609	0.04155	0.01357	0.02035	0.03138	0.01357	0.02374	0.01611	0.01866	0.01102	0.01272	0.01018	0.00678	0.00509	0.00170	0.00848	0.00424	0.00339	0.01018
15	0.01344	0.00689	0.01024	0.01039	0.01043	0.00685	0.00693	0.01039	0.01072	0.01430	0.01620	0.08024	0.01691	0.02733	0.02930	0.70714	0.00670	0.00816	0.00376	0.00369
16	0.01735	0.01735	0.02429	0.02082	0.02082	0.02429	0.01735	0.01908	0.01214	0.01908	0.01041	0.01735	0.01041	0.01388	0.02602	0.00347	0.70680	0.00694	0.00347	0.00867
17	0.02962	0.03779	0.02247	0.02043	0.02451	0.68948	0.01532	0.03166	0.02247	0.01941	0.01226	0.01430	0.01021	0.00817	0.00715	0.00204	0.01430	0.00511	0.00409	0.00919
18	0.01009	0.00712	0.00926	0.01081	0.01125	0.00675	0.00718	0.01134	0.01473	0.01961	0.04066	0.58481	0.04841	0.13556	0.01497	0.00395	0.00520	0.04516	0.00695	0.00622
19	0.01149	0.00886	0.01086	0.01181	0.01401	0.00839	0.00975	0.01505	0.04148	0.02296	0.05733	0.11352	0.29878	0.02090	0.01016	0.00320	0.00579	0.32112	0.00736	0.00720
20	0.00987	0.00701	0.00921	0.01081	0.01128	0.00658	0.00716	0.01124	0.01517	0.02031	0.06686	0.63628	0.05142	0.08100	0.01254	0.00355	0.00482	0.02133	0.00721	0.00635
21	0.01745	0.01662	0.02826	0.35452	0.38301	0.01827	0.02325	0.02243	0.01703	0.02326	0.01453	0.02034	0.01163	0.00747	0.00789	0.00249	0.00996	0.00706	0.00374	0.01081
22	0.01377	0.00689	0.01033	0.01033	0.01033	0.00689	0.00689	0.01033	0.01033	0.01377	0.01377	0.02410	0.01377	0.02755	0.03099	0.76928	0.00689	0.00689	0.00344	0.00344
23	0.01827	0.34729	0.39469	0.01856	0.02808	0.02421	0.02227	0.02450	0.01646	0.02223	0.01280	0.01494	0.01010	0.00720	0.00644	0.00215	0.01027	0.00514	0.00337	0.01103
24	0.01683	0.01598	0.02713	0.44224	0.30017	0.01810	0.02294	0.02188	0.01673	0.02251	0.01442	0.02054	0.01136	0.00758	0.00790	0.00253	0.01011	0.00705	0.00368	0.01030
25	0.00966	0.00690	0.00920	0.01104	0.01150	0.00644	0.00736	0.01104	0.01518	0.02024	0.04371	0.71614	0.05245	0.02484	0.01012	0.00322	0.00460	0.02254	0.00736	0.00644
26	0.06919	0.03438	0.02157	0.01947	0.02371	0.57673	0.01473	0.05283	0.07370	0.02242	0.01404	0.01562	0.01137	0.00838	0.00713	0.00213	0.01302	0.00544	0.00458	0.00958
27	0.05260	0.49715	0.14314	0.01579	0.02297	0.11160	0.01618	0.02495	0.01691	0.02051	0.01171	0.01359	0.01009	0.00711	0.00574	0.00191	0.00965	0.00462	0.00353	0.01024
28	0.01732	0.19248	0.49707	0.02019	0.03036	0.02139	0.02476	0.02585	0.05586	0.02417	0.01462	0.01663	0.01094	0.00756	0.00702	0.00234	0.01066	0.00569	0.00365	0.01143
29	0.77733	0.01534	0.01166	0.01043	0.01534	0.01779	0.00859	0.02331	0.01350	0.03558	0.01104	0.01288	0.00859	0.00736	0.00491	0.00245	0.00613	0.00429	0.00491	0.00859
30	0.01739	0.01229	0.01352	0.01174	0.01383	0.01301	0.00817	0.21171	0.02016	0.02705	0.05253	0.04186	0.02609	0.46443	0.02871	0.00578	0.00783	0.01027	0.00597	0.00767
31	0.02386	0.05253	0.02379	0.04364	0.08606	0.10908	0.05942	0.10862	0.23367	0.11150	0.02386	0.02578	0.01825	0.00968	0.00796	0.00249	0.00880	0.03259	0.00666	0.01176
32	0.01683	0.01049	0.01231	0.01112	0.01435	0.00994	0.00860	0.04675	0.08428	0.14600	0.17965	0.08000	0.24395	0.04367	0.01011	0.00281	0.00515	0.03309	0.03198	0.00893
33	0.03397	0.01316	0.01777	0.01374	0.01966	0.01135	0.01131	0.03697	0.02241	0.63715	0.03429	0.03001	0.05940	0.01044	0.00806	0.00247	0.00658	0.00851	0.00966	0.01308
34	0.10478	0.01996	0.01872	0.01610	0.02106	0.11662	0.01270	0.11159	0.32072	0.13559	0.02535	0.02390	0.01849	0.00972	0.00757	0.00250	0.00781	0.00753	0.00741	0.01191
35	0.02429	0.02600	0.02679	0.09881	0.18342	0.27615	0.06887	0.12548	0.02246	0.02638	0.01477	0.01818	0.01180	0.00968	0.03040	0.00264	0.01201	0.00656	0.00460	0.01069
36	0.00946	0.00804	0.00815	0.00812	0.01076	0.00673	0.00609	0.01154	0.01827	0.02189	0.10667	0.07555	0.64200	0.01991	0.00937	0.00267	0.00400	0.01663	0.00743	0.00673
37	0.01228	0.00897	0.01127	0.01038	0.01257	0.00849	0.00787	0.05340	0.02312	0.03234	0.59566	0.05771	0.10368	0.01601	0.00927	0.00250	0.00406	0.01403	0.00861	0.00781
38	0.02893	0.03796	0.05565	0.02054	0.02501	0.65563	0.01603	0.03133	0.02218	0.01970	0.01236	0.01442	0.01021	0.00814	0.00717	0.00207	0.01417	0.00515	0.00405	0.00932
39	0.01233	0.00848	0.01093	0.01199	0.01354	0.00825	0.00914	0.01553	0.04591	0.04880	0.04386	0.34469	0.10639	0.04655	0.03468	0.00367	0.00614	0.19063	0.03122	0.00728
40	0.11499	0.01731	0.07615	0.41271	0.12602	0.01792	0.02034	0.05515	0.01728	0.02535	0.03496	0.02062	0.01274	0.00806	0.00754	0.00255	0.00962	0.00683	0.00415	0.00972
41	0.04748	0.01239	0.01575	0.15226	0.02312	0.05934	0.04598	0.01630	0.01653	0.02175	0.06964	0.27679	0.12648	0.03989	0.01067	0.00299	0.03480	0.01435	0.00590	0.00757
42	0.02765	0.02137	0.02298	0.01817	0.02397	0.06542	0.04028	0.46696	0.06736	0.06933	0.02311	0.02538	0.03971	0.01041	0.00815	0.00247	0.00882	0.03842	0.00755	0.01248
43	0.01901	0.02067	0.07749	0.06918	0.27517	0.01934	0.22372	0.05009	0.04485	0.02631	0.01580	0.02020	0.01249	0.00759	0.00925	0.00251	0.04891	0.00770	0.00424	0.04549
44	0.05257	0.04257	0.06640	0.13521	0.11591	0.04203	0.01716	0.25028	0.04687	0.05998	0.02135	0.05082	0.04467	0.00975	0.00782	0.00246	0.00885	0.00793	0.00599	0.01139

[dist]
# distance from previous block
# <min> <max>
7	27

[block]
# block no. 2 follows, 24 sequences, length 31
# corresponding to MSA columns:
# 112-142
name=unknown_C
#
# <colnr> <probs for GDERKNQSTAVLIFYWHMCP>
#	G	D	E	R	K	N	Q	S	T	A	V	L	I	F	Y	W	H	M	C	P
0	0.02473	0.01681	0.01981	0.08491	0.02398	0.04348	0.01374	0.23241	0.02506	0.17709	0.05400	0.05025	0.05264	0.01142	0.00950	0.00253	0.05979	0.03870	0.00721	0.05196
1	0.06269	0.02232	0.11060	0.01707	0.02381	0.02036	0.01546	0.40240	0.02967	0.06167	0.06448	0.02129	0.01720	0.00926	0.00762	0.00229	0.00829	0.00712	0.00695	0.08945
2	0.10321	0.05966	0.17991	0.09144	0.02812	0.01712	0.06204	0.07001	0.04214	0.14830	0.01935	0.05209	0.01474	0.00881	0.00741	0.00240	0.00881	0.00726	0.00557	0.07159
3	0.02384	0.09585	0.03037	0.07233	0.02995	0.18081	0.18945	0.11292	0.05107	0.07708	0.01804	0.05004	0.01444	0.00877	0.00796	0.00239	0.01102	0.00780	0.00525	0.01064
4	0.01996	0.01644	0.07166	0.01865	0.02361	0.01462	0.13975	0.05342	0.05066	0.15703	0.04933	0.15605	0.02542	0.01277	0.01024	0.00272	0.06827	0.04149	0.00648	0.06144
5	0.02203	0.01455	0.01855	0.01667	0.05193	0.03829	0.04548	0.05851	0.13915	0.20763	0.12124	0.06773	0.05759	0.04164	0.03358	0.00314	0.03382	0.01019	0.00757	0.01071
6	0.09761	0.05354	0.16344	0.08768	0.07046	0.01633	0.06199	0.05533	0.01896	0.14743	0.06807	0.05950	0.01940	0.00946	0.00766	0.00245	0.00859	0.00801	0.00570	0.03838
7	0.26592	0.01769	0.01640	0.01401	0.01864	0.07375	0.01112	0.20201	0.05229	0.05561	0.05468	0.10964	0.02058	0.01095	0.00717	0.00245	0.00725	0.00843	0.00652	0.04487
8	0.02752	0.11414	0.05803	0.01616	0.02206	0.18660	0.01377	0.10426	0.02263	0.22334	0.05145	0.02106	0.01679	0.00880	0.00724	0.00213	0.00915	0.00657	0.00644	0.08188
9	0.02702	0.01721	0.02556	0.04859	0.09396	0.01652	0.11683	0.15539	0.02353	0.27377	0.02192	0.02224	0.01513	0.00842	0.00793	0.00232	0.00856	0.00752	0.00703	0.10057
10	0.01962	0.15782	0.46451	0.01990	0.02989	0.02034	0.02395	0.05956	0.01835	0.09233	0.01568	0.01721	0.01124	0.00774	0.00717	0.00235	0.01048	0.00586	0.00427	0.01172
11	0.00989	0.00707	0.00947	0.01131	0.01187	0.00664	0.00776	0.01144	0.01541	0.02050	0.04358	0.66954	0.05194	0.02463	0.01018	0.00325	0.00480	0.06686	0.00736	0.00650
12	0.01750	0.02809	0.27428	0.06507	0.03957	0.01933	0.38843	0.02502	0.01785	0.02502	0.01528	0.01970	0.01124	0.00706	0.00862	0.00261	0.01262	0.00797	0.00375	0.01096
13	0.01900	0.35551	0.35489	0.01835	0.02743	0.05702	0.02139	0.02480	0.01673	0.02187	0.01266	0.01478	0.01011	0.00722	0.00639	0.00211	0.01036	0.00508	0.00340	0.01089
14	0.11450	0.03369	0.49037	0.04668	0.05195	0.01798	0.05413	0.02431	0.01649	0.02627	0.01516	0.01995	0.01163	0.00811	0.00746	0.00256	0.01076	0.03323	0.00378	0.01099
15	0.01478	0.00739	0.00739	0.00739	0.00924	0.00739	0.00554	0.01848	0.01663	0.02956	0.02587	0.02956	0.02033	0.00924	0.00554	0.00185	0.00370	0.00739	0.76534	0.00739
16	0.04291	0.07675	0.05381	0.04785	0.02059	0.05400	0.01261	0.17698	0.09969	0.03226	0.12462	0.09483	0.04993	0.01196	0.00785	0.00243	0.00718	0.00978	0.06389	0.01009
17	0.02105	0.02234	0.09429	0.12047	0.40655	0.09760	0.02254	0.02585	0.01852	0.07280	0.01565	0.01944	0.01231	0.00755	0.00775	0.00238	0.01017	0.00678	0.00427	0.01169
18	0.00966	0.00690	0.00920	0.01104	0.01150	0.00644	0.00736	0.01104	0.01518	0.02024	0.04371	0.71614	0.05245	0.02484	0.01012	0.00322	0.00460	0.02254	0.00736	0.00644
19	0.01598	0.01768	0.06700	0.05921	0.09688	0.01585	0.33126	0.02109	0.01754	0.02386	0.02382	0.19179	0.02348	0.01203	0.00931	0.00282	0.01031	0.04553	0.00493	0.00964
20	0.02280	0.27237	0.16829	0.07565	0.02710	0.13186	0.01774	0.05507	0.04390	0.09290	0.01553	0.01702	0.01190	0.00787	0.00674	0.00216	0.01003	0.00568	0.00458	0.01082
21	0.01029	0.00807	0.00930	0.00899	0.01127	0.00708	0.00675	0.01315	0.02024	0.02655	0.37064	0.06787	0.37513	0.01817	0.00936	0.00259	0.00388	0.01555	0.00804	0.00708
22	0.01095	0.00789	0.01035	0.01016	0.01179	0.00730	0.00746	0.01428	0.02117	0.02978	0.55838	0.17429	0.07090	0.01772	0.00949	0.00262	0.00389	0.01578	0.00849	0.00730
23	0.07630	0.40191	0.18919	0.01726	0.02467	0.06132	0.05100	0.02432	0.01635	0.02187	0.01209	0.01446	0.01014	0.00742	0.00701	0.00210	0.04362	0.00508	0.00357	0.01033
24	0.01931	0.01865	0.03224	0.08790	0.60968	0.01881	0.04830	0.02413	0.01795	0.02554	0.01491	0.01979	0.01242	0.00710	0.00791	0.00239	0.00964	0.00715	0.00390	0.01226
25	0.01262	0.00902	0.01260	0.01442	0.01618	0.00899	0.01251	0.01616	0.01810	0.02356	0.04207	0.12102	0.04598	0.02205	0.01091	0.00363	0.00717	0.58846	0.00730	0.00726
26	0.02408	0.01299	0.01605	0.01353	0.01797	0.01281	0.01073	0.03295	0.20679	0.30749	0.21195	0.03688	0.03660	0.01190	0.00839	0.00253	0.00576	0.01007	0.00900	0.01152
27	0.02272	0.01704	0.01994	0.07762	0.02270	0.09414	0.01412	0.05330	0.03926	0.18921	0.13200	0.02753	0.02453	0.01178	0.01342	0.00273	0.21309	0.00836	0.00640	0.01009
28	0.01018	0.00797	0.00924	0.00934	0.01144	0.00704	0.00697	0.01277	0.01920	0.02486	0.27123	0.14802	0.36786	0.01944	0.00953	0.00272	0.00414	0.04328	0.00782	0.00696
29	0.01089	0.00785	0.01030	0.01020	0.01177	0.00726	0.00746	0.01413	0.02091	0.02935	0.53536	0.19852	0.07008	0.01804	0.00952	0.00265	0.00392	0.01608	0.00844	0.00726
30	0.02501	0.01722	0.02134	0.02110	0.12460	0.01810	0.01471	0.27795	0.08259	0.14042	0.02492	0.05602	0.02058	0.05019	0.01009	0.00286	0.00796	0.06506	0.00736	0.01194

[dist]
# distance from previous block
# <min> <max>
0	87

[block]
# block no. 3 follows, 24 sequences, length 23
# corresponding to MSA columns:
# 230-252
name=unknown_D
#
# <colnr> <probs for GDERKNQSTAVLIFYWHMCP>
#	G	D	E	R	K	N	Q	S	T	A	V	L	I	F	Y	W	H	M	C	P
0	0.01963	0.01884	0.03219	0.04867	0.67185	0.01884	0.02434	0.02434	0.01806	0.02591	0.01492	0.01963	0.01256	0.00707	0.00785	0.00236	0.00942	0.00707	0.00393	0.01256
1	0.01278	0.00913	0.01278	0.01460	0.01643	0.00913	0.01278	0.01643	0.01825	0.02373	0.04199	0.08945	0.04564	0.02191	0.01095	0.00365	0.00730	0.61847	0.00730	0.00730
2	0.04001	0.06277	0.54534	0.06688	0.03506	0.01895	0.07344	0.02471	0.01671	0.02490	0.01414	0.01710	0.01019	0.00746	0.00752	0.00250	0.01147	0.00609	0.00346	0.01130
3	0.01782	0.01723	0.02885	0.24638	0.36466	0.01931	0.04141	0.02233	0.01652	0.02313	0.01402	0.01981	0.01161	0.00834	0.01063	0.00262	0.11373	0.00711	0.00374	0.01076
4	0.01032	0.00759	0.00982	0.01136	0.01249	0.00709	0.00837	0.01232	0.01635	0.02122	0.04923	0.47092	0.15036	0.02341	0.01019	0.00323	0.00512	0.15659	0.00735	0.00668
5	0.01834	0.01235	0.01505	0.01359	0.01690	0.01258	0.01102	0.16343	0.04798	0.09037	0.26941	0.07775	0.04633	0.01556	0.00926	0.00277	0.00611	0.15347	0.00823	0.00950
6	0.02588	0.01907	0.06637	0.01678	0.02249	0.01871	0.03459	0.25938	0.14751	0.16726	0.02400	0.02359	0.01708	0.00970	0.00835	0.00245	0.03128	0.00766	0.08556	0.01231
7	0.02609	0.01861	0.01922	0.01554	0.02067	0.06039	0.01254	0.34438	0.08874	0.11932	0.04478	0.02735	0.06825	0.01056	0.00781	0.00237	0.00758	0.00826	0.08574	0.01181
8	0.01707	0.02476	0.21709	0.02562	0.03353	0.01796	0.32485	0.02571	0.08428	0.02693	0.10032	0.02575	0.02073	0.00856	0.00871	0.00261	0.01095	0.00897	0.00484	0.01076
9	0.01726	0.01887	0.08579	0.32007	0.26301	0.01844	0.07283	0.02387	0.05696	0.02386	0.01568	0.02078	0.01218	0.00767	0.00799	0.00254	0.01023	0.00725	0.00397	0.01075
10	0.71223	0.01517	0.01225	0.01075	0.01577	0.01725	0.00886	0.02466	0.01430	0.09190	0.01282	0.01412	0.00956	0.00758	0.00518	0.00245	0.00619	0.00462	0.00534	0.00902
11	0.00994	0.00788	0.00894	0.00904	0.01115	0.00688	0.00664	0.01235	0.01888	0.02419	0.24146	0.16805	0.40712	0.01970	0.00948	0.00271	0.00403	0.01693	0.00775	0.00688
12	0.01501	0.01318	0.04539	0.09797	0.02448	0.01238	0.17373	0.01963	0.01706	0.02574	0.04620	0.05776	0.05742	0.01299	0.05012	0.00299	0.00847	0.00926	0.30176	0.00848
13	0.02354	0.30955	0.20375	0.01731	0.02513	0.06401	0.04306	0.02810	0.01830	0.17238	0.01682	0.01752	0.01240	0.00776	0.00670	0.00215	0.00950	0.00579	0.00493	0.01131
14	0.00966	0.00690	0.00920	0.01104	0.01150	0.00644	0.00736	0.01104	0.01518	0.02024	0.04371	0.71614	0.05245	0.02484	0.01012	0.00322	0.00460	0.02254	0.00736	0.00644
15	0.01605	0.03859	0.61283	0.02242	0.03293	0.01902	0.02807	0.02449	0.01627	0.02449	0.01384	0.01680	0.01008	0.00819	0.00943	0.00261	0.08314	0.00597	0.00336	0.01141
16	0.01932	0.04661	0.26479	0.02103	0.06705	0.01774	0.05240	0.03059	0.20364	0.09514	0.02383	0.02851	0.01869	0.00993	0.00809	0.00264	0.00906	0.06342	0.00583	0.01169
17	0.01151	0.00777	0.00907	0.00907	0.00922	0.00792	0.00533	0.01180	0.01166	0.01569	0.02460	0.04976	0.02790	0.65331	0.10710	0.00821	0.00908	0.01122	0.00475	0.00504
18	0.01833	0.02039	0.04278	0.09186	0.06426	0.02007	0.52529	0.02450	0.01801	0.02456	0.01546	0.02104	0.01182	0.00728	0.01026	0.00271	0.05807	0.00891	0.00393	0.01047
19	0.01441	0.01399	0.08300	0.01388	0.01635	0.01246	0.04971	0.07031	0.01500	0.02073	0.02129	0.03815	0.02196	0.39611	0.12814	0.00686	0.05603	0.00968	0.00471	0.00724
20	0.66861	0.01682	0.05424	0.04155	0.01842	0.01759	0.01058	0.02386	0.01415	0.05831	0.01213	0.01401	0.00918	0.00749	0.00532	0.00247	0.00670	0.00465	0.00493	0.00898
21	0.02073	0.06381	0.08326	0.01531	0.02217	0.01499	0.05206	0.07966	0.05701	0.12408	0.05883	0.02175	0.01747	0.00797	0.00703	0.00189	0.00733	0.00662	0.00593	0.33210
22	0.16835	0.02449	0.21829	0.02371	0.13034	0.01812	0.07882	0.09047	0.01953	0.12950	0.01700	0.01870	0.01217	0.00790	0.00736	0.00247	0.00936	0.00654	0.00526	0.01160

[dist]
# distance from previous block
# <min> <max>
0	1

[block]
# block no. 4 follows, 24 sequences, length 82
# corresponding to MSA columns:
# 254-335
name=unknown_E
#
# <colnr> <probs for GDERKNQSTAVLIFYWHMCP>
#	G	D	E	R	K	N	Q	S	T	A	V	L	I	F	Y	W	H	M	C	P
0	0.73769	0.01570	0.01230	0.01084	0.01583	0.01815	0.00893	0.05631	0.01476	0.03634	0.01147	0.01321	0.00885	0.00748	0.00507	0.00245	0.00627	0.00444	0.00507	0.00885
1	0.04767	0.01476	0.02292	0.59484	0.04929	0.01813	0.02051	0.05490	0.05660	0.02327	0.01536	0.02121	0.01149	0.00816	0.00781	0.00262	0.01002	0.00706	0.00410	0.00928
2	0.01927	0.05087	0.05984	0.08398	0.22728	0.01731	0.10219	0.02614	0.09237	0.07252	0.05248	0.02287	0.01714	0.00804	0.00776	0.00229	0.00877	0.00753	0.00511	0.11625
3	0.02011	0.01395	0.03585	0.01342	0.01727	0.01368	0.01079	0.16356	0.10516	0.12003	0.18503	0.11211	0.03621	0.04147	0.00964	0.00272	0.00609	0.01115	0.07156	0.01019
4	0.01602	0.01365	0.01600	0.01170	0.01834	0.01032	0.00927	0.01941	0.01637	0.02549	0.01593	0.05974	0.01426	0.00705	0.00614	0.00130	0.00579	0.00580	0.00486	0.72256
5	0.00966	0.00690	0.00920	0.01104	0.01150	0.00644	0.00736	0.01104	0.01518	0.02024	0.04371	0.71614	0.05245	0.02484	0.01012	0.00322	0.00460	0.02254	0.00736	0.00644
6	0.01190	0.00765	0.00851	0.00851	0.00871	0.00765	0.00489	0.01231	0.01210	0.01696	0.02508	0.04940	0.02788	0.64167	0.03647	0.00703	0.00724	0.01107	0.08987	0.00509
7	0.01708	0.01763	0.02962	0.02369	0.02610	0.02149	0.20114	0.02025	0.01435	0.02105	0.01497	0.07930	0.01454	0.01271	0.01972	0.00321	0.44110	0.00901	0.00397	0.00908
8	0.07119	0.01903	0.01992	0.01664	0.02190	0.02158	0.01333	0.28579	0.36566	0.04014	0.02558	0.02426	0.01888	0.01004	0.00782	0.00255	0.00726	0.00793	0.00782	0.01268
9	0.01377	0.00689	0.01033	0.01033	0.01033	0.00689	0.00689	0.01033	0.01033	0.01377	0.01377	0.02410	0.01377	0.02755	0.03099	0.76928	0.00689	0.00689	0.00344	0.00344
10	0.02308	0.05051	0.02210	0.04342	0.07211	0.13111	0.01399	0.19530	0.08131	0.03152	0.01672	0.01824	0.01305	0.00790	0.00704	0.00195	0.00865	0.00607	0.00563	0.25031
11	0.02087	0.01588	0.01741	0.01532	0.01975	0.01770	0.01199	0.06629	0.49023	0.10064	0.10459	0.03224	0.02906	0.01123	0.00820	0.00263	0.00615	0.00940	0.00832	0.01211
12	0.02092	0.01862	0.03041	0.12056	0.29566	0.01934	0.13175	0.10098	0.09391	0.06086	0.01831	0.02157	0.01401	0.00796	0.00817	0.00250	0.00970	0.00775	0.00513	0.01190
13	0.01908	0.13163	0.14025	0.06260	0.03565	0.02132	0.35352	0.02499	0.01762	0.05075	0.01517	0.01931	0.01158	0.00747	0.00932	0.00254	0.05485	0.00770	0.00400	0.01067
14	0.01145	0.00765	0.00867	0.00876	0.00878	0.00763	0.00492	0.01151	0.01170	0.01560	0.02584	0.08233	0.02991	0.68941	0.03898	0.00748	0.00755	0.01204	0.00492	0.00488
15	0.08586	0.16603	0.20210	0.01670	0.04688	0.01771	0.01646	0.02668	0.01874	0.19372	0.11186	0.02447	0.02184	0.00919	0.00720	0.00232	0.00807	0.00721	0.00595	0.01102
16	0.01982	0.30987	0.29632	0.01833	0.02687	0.02325	0.04787	0.06343	0.01811	0.05782	0.01532	0.04221	0.01249	0.00809	0.00678	0.00221	0.00979	0.00618	0.00417	0.01106
17	0.01683	0.01263	0.01451	0.01286	0.01611	0.01308	0.01004	0.18868	0.07985	0.03424	0.28288	0.11820	0.11241	0.01546	0.00900	0.00262	0.00558	0.03753	0.00811	0.00936
18	0.02718	0.01935	0.02063	0.01615	0.02163	0.02127	0.01323	0.52446	0.03330	0.04604	0.02036	0.02107	0.01481	0.00947	0.00747	0.00228	0.00776	0.00719	0.15406	0.01231
19	0.12988	0.05604	0.02536	0.12318	0.02920	0.02217	0.08591	0.30367	0.05509	0.03682	0.01662	0.01884	0.01237	0.00877	0.00836	0.00249	0.04102	0.00690	0.00596	0.01133
20	0.04894	0.01343	0.04536	0.07425	0.18822	0.01248	0.03359	0.01896	0.01826	0.05291	0.19359	0.13791	0.06940	0.04569	0.01006	0.00283	0.00691	0.01190	0.00614	0.00915
21	0.00966	0.00690	0.00920	0.01104	0.01150	0.00644	0.00736	0.01104	0.01518	0.02024	0.04371	0.71614	0.05245	0.02484	0.01012	0.00322	0.00460	0.02254	0.00736	0.00644
22	0.01101	0.00750	0.01005	0.01090	0.01171	0.00771	0.00764	0.01272	0.01403	0.01985	0.03221	0.34973	0.03570	0.10860	0.21360	0.03506	0.00982	0.01515	0.08058	0.00643
23	0.02088	0.15121	0.33668	0.06123	0.02908	0.05044	0.02113	0.05226	0.01889	0.12759	0.04572	0.01982	0.01466	0.00829	0.00728	0.00234	0.00994	0.00638	0.00485	0.01132
24	0.03229	0.04781	0.02060	0.01505	0.02109	0.01635	0.01252	0.22509	0.02664	0.42338	0.02633	0.02401	0.01733	0.00956	0.00772	0.00237	0.00730	0.00752	0.04399	0.01306
25	0.01144	0.00805	0.01050	0.01050	0.01114	0.00869	0.00711	0.01272	0.01208	0.01675	0.02329	0.04253	0.02476	0.42248	0.33364	0.00997	0.01381	0.01016	0.00455	0.00583
26	0.02058	0.01964	0.05820	0.16463	0.22065	0.04128	0.05178	0.14234	0.11421	0.03020	0.01842	0.02144	0.01411	0.00836	0.00786	0.00246	0.00931	0.00736	0.03563	0.01153
27	0.01904	0.02276	0.09695	0.06030	0.04037	0.02010	0.52628	0.06381	0.01959	0.02669	0.01600	0.02085	0.01190	0.00699	0.00906	0.00264	0.01282	0.00883	0.00418	0.01087
28	0.01590	0.04102	0.68023	0.02260	0.03432	0.01842	0.02930	0.02511	0.01674	0.02511	0.01423	0.01674	0.01005	0.00753	0.00753	0.00251	0.01172	0.00586	0.00335	0.01172
29	0.00974	0.00696	0.00927	0.01099	0.01152	0.00650	0.00737	0.01125	0.01556	0.02084	0.07614	0.68200	0.05361	0.02439	0.01008	0.00318	0.00456	0.02212	0.00743	0.00650
30	0.02283	0.01558	0.02365	0.10220	0.28217	0.01573	0.01755	0.02911	0.09744	0.21044	0.05309	0.05484	0.02037	0.00958	0.00809	0.00250	0.00793	0.00856	0.00642	0.01192
31	0.00966	0.00690	0.00920	0.01104	0.01150	0.00644	0.00736	0.01104	0.01518	0.02024	0.04371	0.71614	0.05245	0.02484	0.01012	0.00322	0.00460	0.02254	0.00736	0.00644
32	0.01963	0.01884	0.03219	0.04867	0.67185	0.01884	0.02434	0.02434	0.01806	0.02591	0.01492	0.01963	0.01256	0.00707	0.00785	0.00236	0.00942	0.00707	0.00393	0.01256
33	0.01784	0.02065	0.07218	0.17604	0.08222	0.01938	0.44318	0.02423	0.01797	0.02432	0.01547	0.02100	0.01166	0.00701	0.00887	0.00264	0.01245	0.00856	0.00387	0.01046
34	0.01728	0.01305	0.01490	0.01388	0.01736	0.01404	0.01090	0.03011	0.33994	0.07749	0.15804	0.07734	0.07741	0.01437	0.00885	0.00278	0.00574	0.08802	0.00815	0.01035
35	0.00967	0.00797	0.00849	0.00851	0.01093	0.00680	0.00633	0.01190	0.01855	0.02291	0.16633	0.11364	0.54095	0.01980	0.00942	0.00268	0.00401	0.01674	0.00757	0.00680
36	0.01042	0.00779	0.01110	0.01171	0.01283	0.00726	0.03381	0.01259	0.01709	0.02325	0.19358	0.52827	0.05618	0.02200	0.00990	0.00302	0.00476	0.02001	0.00755	0.00687
37	0.01880	0.02318	0.09673	0.10399	0.07463	0.06101	0.45202	0.02516	0.01844	0.02448	0.01538	0.02043	0.01162	0.00700	0.00883	0.00260	0.01278	0.00842	0.00390	0.01059
38	0.01590	0.04102	0.68023	0.02260	0.03432	0.01842	0.02930	0.02511	0.01674	0.02511	0.01423	0.01674	0.01005	0.00753	0.00753	0.00251	0.01172	0.00586	0.00335	0.01172
39	0.01013	0.00748	0.00947	0.01020	0.01149	0.00682	0.00718	0.01238	0.01804	0.02423	0.25449	0.39553	0.16093	0.02123	0.00975	0.00289	0.00422	0.01890	0.00781	0.00682
40	0.03558	0.01350	0.01840	0.01411	0.02024	0.01166	0.01166	0.03865	0.02270	0.67734	0.03128	0.02699	0.01963	0.00981	0.00797	0.00245	0.00675	0.00797	0.00981	0.01350
41	0.01735	0.01735	0.02429	0.02082	0.02082	0.02429	0.01735	0.01908	0.01214	0.01908	0.01041	0.01735	0.01041	0.01388	0.02602	0.00347	0.70680	0.00694	0.00347	0.00867
42	0.02004	0.01598	0.01699	0.01511	0.01949	0.01803	0.01180	0.06996	0.51667	0.06261	0.03412	0.03181	0.06307	0.01113	0.00798	0.00261	0.00612	0.00921	0.05531	0.01196
43	0.02520	0.01624	0.04278	0.01535	0.02039	0.01606	0.01270	0.13328	0.23498	0.23679	0.05554	0.02990	0.02282	0.01200	0.00977	0.05616	0.00700	0.03305	0.00809	0.01190
44	0.02367	0.21727	0.02582	0.01666	0.02155	0.24861	0.01361	0.08157	0.17099	0.02544	0.04117	0.04501	0.01756	0.00940	0.00705	0.00219	0.00964	0.00690	0.00543	0.01045
45	0.02199	0.01625	0.01930	0.09099	0.02426	0.01588	0.01263	0.19970	0.06275	0.09437	0.01872	0.02100	0.01435	0.03747	0.00845	0.00217	0.00739	0.00651	0.00619	0.31962
46	0.02192	0.59306	0.03918	0.01538	0.02181	0.07101	0.04307	0.05475	0.01754	0.02057	0.01171	0.01368	0.01044	0.00723	0.00624	0.00185	0.03186	0.00476	0.00369	0.01025
47	0.00966	0.00690	0.00920	0.01104	0.01150	0.00644	0.00736	0.01104	0.01518	0.02024	0.04371	0.71614	0.05245	0.02484	0.01012	0.00322	0.00460	0.02254	0.00736	0.00644
48	0.05795	0.01718	0.01774	0.01467	0.01880	0.04813	0.01181	0.33132	0.02664	0.03831	0.02102	0.05842	0.01692	0.01040	0.00848	0.00234	0.05696	0.00779	0.22450	0.01060
49	0.01243	0.00923	0.01270	0.01494	0.04167	0.00922	0.01152	0.01638	0.05050	0.02320	0.04093	0.28221	0.04534	0.02166	0.01041	0.00341	0.00648	0.37304	0.00722	0.00752
50	0.01122	0.00811	0.01060	0.00998	0.01185	0.00748	0.00748	0.01496	0.02245	0.03180	0.66766	0.05923	0.07482	0.01621	0.00935	0.00249	0.00374	0.01434	0.00873	0.00748
51	0.01165	0.00885	0.01288	0.01271	0.01391	0.01039	0.00974	0.01413	0.01259	0.01812	0.02110	0.03265	0.02031	0.12660	0.58914	0.01176	0.05356	0.00874	0.00427	0.00692
52	0.00966	0.00690	0.00920	0.01104	0.01150	0.00644	0.00736	0.01104	0.01518	0.02024	0.04371	0.71614	0.05245	0.02484	0.01012	0.00322	0.00460	0.02254	0.00736	0.00644
53	0.02968	0.02198	0.02354	0.01815	0.02441	0.02437	0.01496	0.61853	0.06491	0.04923	0.01963	0.01951	0.01396	0.00957	0.00794	0.00239	0.00862	0.00722	0.00794	0.01344
54	0.05268	0.01136	0.01200	0.01040	0.01371	0.01178	0.00822	0.14954	0.02132	0.09594	0.02434	0.02644	0.01835	0.00927	0.00624	0.00204	0.00513	0.00726	0.50471	0.00928
55	0.01377	0.00689	0.01033	0.01033	0.01033	0.00689	0.00689	0.01033	0.01033	0.01377	0.01377	0.02410	0.01377	0.02755	0.03099	0.76928	0.00689	0.00689	0.00344	0.00344
56	0.00966	0.00690	0.00920	0.01104	0.01150	0.00644	0.00736	0.01104	0.01518	0.02024	0.04371	0.71614	0.05245	0.02484	0.01012	0.00322	0.00460	0.02254	0.00736	0.00644
57	0.01525	0.01426	0.02026	0.01800	0.01849	0.01927	0.01475	0.01736	0.01235	0.01885	0.01419	0.02217	0.01370	0.02980	0.25789	0.00671	0.46736	0.00748	0.00374	0.00812
58	0.01835	0.02081	0.04529	0.03253	0.04025	0.01951	0.61762	0.02483	0.01858	0.02519	0.01715	0.04918	0.01365	0.00741	0.00939	0.00270	0.01302	0.00989	0.00414	0.01053
59	0.01644	0.01409	0.01644	0.01175	0.01879	0.01057	0.00940	0.01997	0.01644	0.02584	0.01409	0.01644	0.01175	0.00587	0.00587	0.00117	0.00587	0.00470	0.00470	0.76979
60	0.01206	0.00928	0.01127	0.01130	0.01219	0.03696	0.00791	0.01363	0.01281	0.01734	0.02378	0.08156	0.02510	0.32303	0.35635	0.00966	0.01443	0.01046	0.00466	0.00621
61	0.01022	0.00835	0.00895	0.00884	0.01125	0.00739	0.00654	0.01324	0.04431	0.02339	0.17677	0.09369	0.48812	0.05060	0.01073	0.00289	0.00425	0.01598	0.00752	0.00697
62	0.01706	0.10757	0.21297	0.01702	0.02547	0.01616	0.07221	0.02238	0.01669	0.02473	0.01394	0.01653	0.01109	0.00653	0.00657	0.00176	0.00853	0.00539	0.00409	0.39329
63	0.02321	0.33570	0.02835	0.01349	0.01999	0.02101	0.01207	0.02784	0.07394	0.17060	0.01819	0.01830	0.01391	0.00760	0.00619	0.00183	0.00728	0.00561	0.00556	0.18933
64	0.02226	0.05292	0.04912	0.09325	0.03199	0.17062	0.21924	0.10204	0.02117	0.05213	0.01940	0.02240	0.05237	0.00886	0.00912	0.00248	0.04766	0.00785	0.00483	0.01028
65	0.06973	0.01746	0.01793	0.01535	0.02016	0.05913	0.01214	0.11571	0.32897	0.14818	0.06267	0.02908	0.04695	0.01070	0.00790	0.00254	0.00695	0.00860	0.00793	0.01191
66	0.01708	0.01624	0.02758	0.40715	0.33331	0.01817	0.02307	0.02210	0.01685	0.02281	0.01447	0.02046	0.01147	0.00754	0.00789	0.00251	0.01005	0.00706	0.00370	0.01050
67	0.01031	0.00779	0.01131	0.01209	0.01310	0.00726	0.04042	0.01222	0.01617	0.02179	0.11158	0.60706	0.05283	0.02294	0.01000	0.00311	0.00496	0.02095	0.00734	0.00678
68	0.04844	0.01331	0.01476	0.04331	0.01834	0.04021	0.01076	0.05366	0.21991	0.09010	0.03393	0.31481	0.03333	0.01615	0.00874	0.00284	0.00623	0.01405	0.00745	0.00967
69	0.00966	0.00690	0.00920	0.01104	0.01150	0.00644	0.00736	0.01104	0.01518	0.02024	0.04371	0.71614	0.05245	0.02484	0.01012	0.00322	0.00460	0.02254	0.00736	0.00644
70	0.01590	0.04102	0.68023	0.02260	0.03432	0.01842	0.02930	0.02511	0.01674	0.02511	0.01423	0.01674	0.01005	0.00753	0.00753	0.00251	0.01172	0.00586	0.00335	0.01172
71	0.06316	0.01748	0.02055	0.01582	0.02199	0.01771	0.01306	0.31016	0.02887	0.36999	0.02497	0.02285	0.01643	0.00958	0.00783	0.00242	0.00761	0.00745	0.00877	0.01329
72	0.00997	0.00713	0.00952	0.01111	0.01178	0.00668	0.00764	0.01170	0.01606	0.02157	0.10589	0.61974	0.05435	0.02384	0.01009	0.00317	0.00465	0.05105	0.00749	0.00659
73	0.00966	0.00690	0.00920	0.01104	0.01150	0.00644	0.00736	0.01104	0.01518	0.02024	0.04371	0.71614	0.05245	0.02484	0.01012	0.00322	0.00460	0.02254	0.00736	0.00644
74	0.01000	0.00714	0.00958	0.01142	0.01203	0.00673	0.00794	0.01162	0.01551	0.02062	0.04352	0.64903	0.05172	0.02453	0.01021	0.00327	0.00489	0.08636	0.00735	0.00653
75	0.01590	0.04102	0.68023	0.02260	0.03432	0.01842	0.02930	0.02511	0.01674	0.02511	0.01423	0.01674	0.01005	0.00753	0.00753	0.00251	0.01172	0.00586	0.00335	0.01172
76	0.01972	0.01703	0.01793	0.01614	0.02062	0.01972	0.01255	0.04214	0.65752	0.03317	0.03228	0.02959	0.02421	0.01076	0.00807	0.00269	0.00628	0.00897	0.00807	0.01255
77	0.73677	0.01501	0.01171	0.01065	0.01539	0.01733	0.00881	0.02295	0.01375	0.03495	0.01268	0.01694	0.01055	0.00813	0.00523	0.00252	0.00620	0.03688	0.00503	0.00852
78	0.01718	0.01717	0.02499	0.02106	0.02156	0.02329	0.05580	0.01914	0.01253	0.01931	0.01141	0.01914	0.01133	0.04495	0.02562	0.00361	0.63242	0.00730	0.00356	0.00863
79	0.01498	0.01409	0.02378	0.70226	0.05462	0.01762	0.02202	0.02026	0.01586	0.02026	0.01409	0.02114	0.01057	0.00793	0.00793	0.00264	0.01057	0.00705	0.00352	0.00881
80	0.01852	0.01444	0.01708	0.01362	0.01911	0.01331	0.01093	0.04635	0.12694	0.07743	0.02138	0.05215	0.01818	0.00939	0.00822	0.00195	0.04985	0.04460	0.00597	0.43059
81	0.00977	0.00704	0.00926	0.01084	0.01150	0.00653	0.00732	0.01136	0.01586	0.02118	0.09336	0.63953	0.07911	0.02398	0.01003	0.00314	0.00451	0.02167	0.00747	0.00653

[dist]
# distance from previous block
# <min> <max>
0	2

# created by:
# /st0/software/busco_prod/Augustus/scripts/msa2prfl.pl ./align_prep/116855.fa
