[name]
unknown

[dist]
# distance from previous block
# <min> <max>
0	215

[block]
# block no. 0 follows, 20 sequences, length 74
# corresponding to MSA columns:
# 219-292
name=unknown_A
#
# <colnr> <probs for GDERKNQSTAVLIFYWHMCP>
#	G	D	E	R	K	N	Q	S	T	A	V	L	I	F	Y	W	H	M	C	P
0	0.01236	0.00900	0.01154	0.01220	0.01350	0.00888	0.00868	0.01606	0.05529	0.02609	0.20481	0.32137	0.05673	0.10813	0.05436	0.00456	0.00663	0.05413	0.00800	0.00769
1	0.02655	0.02096	0.02166	0.01821	0.02373	0.05495	0.01448	0.23141	0.32457	0.07872	0.06698	0.02968	0.02509	0.01155	0.00886	0.00278	0.00811	0.00928	0.00876	0.01367
2	0.02018	0.11145	0.02612	0.02043	0.05949	0.07578	0.07118	0.07869	0.05748	0.02567	0.02146	0.06935	0.02037	0.11642	0.11659	0.00531	0.07911	0.00954	0.00535	0.01003
3	0.27677	0.01606	0.01811	0.01443	0.02074	0.01587	0.01191	0.06889	0.02251	0.41039	0.02625	0.02404	0.01717	0.00988	0.00765	0.00269	0.00732	0.00737	0.00889	0.01305
4	0.01414	0.00889	0.01169	0.01224	0.01388	0.00823	0.00885	0.01658	0.01950	0.08456	0.18387	0.37217	0.07747	0.06354	0.01278	0.00359	0.00549	0.06593	0.00853	0.00807
5	0.01607	0.01115	0.01272	0.01208	0.01466	0.03731	0.00894	0.01991	0.04699	0.09920	0.29291	0.17185	0.15013	0.05183	0.01177	0.00318	0.00555	0.01617	0.00877	0.00882
6	0.02336	0.01998	0.02026	0.09976	0.02663	0.11259	0.01481	0.05976	0.27775	0.08925	0.05571	0.03487	0.02563	0.05555	0.01121	0.00321	0.00900	0.04139	0.00753	0.01177
7	0.01254	0.00845	0.00978	0.00991	0.01002	0.00850	0.00575	0.01280	0.01300	0.01742	0.02856	0.09531	0.03282	0.61942	0.07402	0.00844	0.00901	0.01327	0.00543	0.00553
8	0.01626	0.00813	0.00813	0.00813	0.01016	0.00813	0.00610	0.02033	0.01829	0.03252	0.02846	0.03252	0.02236	0.01016	0.00610	0.00203	0.00407	0.00813	0.74187	0.00813
9	0.02671	0.02656	0.03136	0.07029	0.13304	0.17122	0.12110	0.18747	0.06429	0.03377	0.01815	0.02110	0.01398	0.00927	0.00943	0.00266	0.03346	0.00786	0.00581	0.01248
10	0.03093	0.02332	0.02492	0.01962	0.02620	0.02601	0.01604	0.50021	0.15438	0.05137	0.02378	0.02320	0.01713	0.01074	0.00876	0.00268	0.00907	0.00824	0.00876	0.01463
11	0.03190	0.03911	0.02551	0.02435	0.06696	0.57626	0.01748	0.07120	0.02545	0.02397	0.01415	0.01645	0.01164	0.00900	0.00797	0.00229	0.01499	0.00590	0.00475	0.01066
12	0.02793	0.33958	0.05582	0.01865	0.02525	0.23312	0.01644	0.13784	0.02434	0.02745	0.01433	0.01600	0.01188	0.00854	0.00700	0.00216	0.01156	0.00563	0.00491	0.01158
13	0.02290	0.01934	0.02040	0.01800	0.02314	0.02226	0.01410	0.10560	0.56206	0.03843	0.03397	0.03132	0.02539	0.01169	0.00886	0.00292	0.00719	0.00965	0.00886	0.01391
14	0.01332	0.00879	0.01155	0.01176	0.01339	0.00816	0.00848	0.01620	0.02089	0.06331	0.32812	0.28870	0.06558	0.06344	0.01271	0.00344	0.00507	0.04030	0.00879	0.00800
15	0.01148	0.00805	0.01031	0.01164	0.01221	0.00770	0.00775	0.01293	0.01637	0.02192	0.07926	0.44826	0.05203	0.19900	0.01975	0.00479	0.00607	0.05626	0.00746	0.00675
16	0.04985	0.04388	0.62038	0.02427	0.03684	0.02023	0.03123	0.02754	0.01826	0.02813	0.01550	0.01823	0.01098	0.00828	0.00816	0.00276	0.01262	0.00637	0.00376	0.01274
17	0.01894	0.01106	0.01412	0.01232	0.01569	0.01026	0.00957	0.05765	0.02544	0.15978	0.44062	0.05642	0.10049	0.01622	0.00989	0.00274	0.00514	0.01403	0.00970	0.00993
18	0.02929	0.02071	0.02263	0.01788	0.02362	0.02254	0.01437	0.43642	0.06854	0.08689	0.06065	0.02901	0.02198	0.08952	0.01293	0.00332	0.00884	0.00906	0.00853	0.01328
19	0.01072	0.00780	0.00992	0.01156	0.01234	0.00721	0.00773	0.01223	0.01685	0.02209	0.05185	0.57173	0.12888	0.06883	0.01313	0.00378	0.00519	0.02323	0.00792	0.00701
20	0.02052	0.01932	0.02625	0.05478	0.02765	0.11223	0.17361	0.06076	0.02166	0.06555	0.08755	0.11944	0.06653	0.05724	0.04358	0.00374	0.01103	0.01224	0.00635	0.00998
21	0.02090	0.01870	0.03912	0.01716	0.02216	0.02026	0.01378	0.07057	0.50270	0.03625	0.07120	0.03656	0.06682	0.01263	0.00902	0.00292	0.00692	0.01052	0.00869	0.01311
22	0.01092	0.00781	0.01044	0.01233	0.01300	0.00732	0.00847	0.01272	0.01730	0.02312	0.07665	0.62141	0.05844	0.02667	0.01115	0.00353	0.00520	0.05817	0.00817	0.00720
23	0.03176	0.04021	0.02484	0.02250	0.02672	0.62007	0.01699	0.03399	0.02403	0.02133	0.01336	0.01593	0.01125	0.00937	0.00913	0.00234	0.05591	0.00574	0.00445	0.01008
24	0.02015	0.02416	0.10693	0.03645	0.16728	0.02137	0.33314	0.02761	0.04647	0.02787	0.01875	0.02581	0.01515	0.00896	0.01094	0.00295	0.05626	0.03300	0.00463	0.01211
25	0.01156	0.00878	0.01046	0.01022	0.01236	0.00788	0.00749	0.01460	0.02179	0.02914	0.37241	0.11049	0.26701	0.06211	0.01248	0.00322	0.00455	0.01706	0.00872	0.00768
26	0.01265	0.00831	0.01091	0.01234	0.01354	0.00766	0.00865	0.01450	0.01770	0.06257	0.05039	0.55909	0.10229	0.02564	0.01097	0.00347	0.00535	0.05806	0.00827	0.00767
27	0.02452	0.01942	0.05144	0.01940	0.05447	0.01968	0.01534	0.14445	0.29612	0.11404	0.03476	0.03701	0.06119	0.01264	0.00913	0.00292	0.00787	0.05385	0.00849	0.01324
28	0.02128	0.15655	0.29560	0.02598	0.03587	0.06468	0.18908	0.06073	0.02058	0.02756	0.01573	0.01902	0.01192	0.00804	0.00836	0.00261	0.01275	0.00723	0.00423	0.01220
29	0.01339	0.01108	0.04467	0.04226	0.01716	0.00981	0.01094	0.05108	0.01800	0.02409	0.03956	0.46660	0.04541	0.02458	0.01332	0.08501	0.00653	0.06158	0.00725	0.00769
30	0.01432	0.00944	0.01266	0.01385	0.01571	0.00903	0.01106	0.01729	0.01938	0.06543	0.08453	0.25703	0.08833	0.05335	0.01279	0.00385	0.00669	0.28899	0.00821	0.00806
31	0.01238	0.00924	0.01235	0.04648	0.01658	0.00922	0.01022	0.01627	0.05522	0.02551	0.12737	0.43433	0.05573	0.02361	0.01090	0.00344	0.00584	0.10925	0.00813	0.00793
32	0.02432	0.02734	0.11911	0.02493	0.09477	0.11287	0.05593	0.12633	0.25366	0.03448	0.02394	0.02448	0.01804	0.00996	0.00868	0.00273	0.01034	0.00823	0.00668	0.01318
33	0.02635	0.07347	0.05930	0.06469	0.19151	0.28178	0.08512	0.06649	0.02292	0.02633	0.01529	0.01884	0.01237	0.00844	0.00831	0.00247	0.01309	0.00692	0.00459	0.01173
34	0.01831	0.01570	0.01819	0.01321	0.02079	0.01224	0.01055	0.02345	0.05493	0.02891	0.01672	0.01897	0.01375	0.00679	0.00661	0.00139	0.00649	0.00545	0.00539	0.70215
35	0.06846	0.25898	0.14758	0.01655	0.02336	0.02226	0.01672	0.02728	0.07781	0.06620	0.09840	0.03316	0.02634	0.01139	0.00790	0.00259	0.00870	0.06917	0.00597	0.01117
36	0.01949	0.03767	0.47571	0.02561	0.07322	0.01969	0.05405	0.06391	0.02071	0.05696	0.05664	0.02249	0.01659	0.00907	0.00858	0.00275	0.01180	0.00749	0.00476	0.01281
37	0.01253	0.00905	0.01212	0.01306	0.01480	0.00863	0.01033	0.01597	0.02102	0.02841	0.26333	0.21507	0.08608	0.02244	0.01114	0.00341	0.00581	0.23032	0.00862	0.00787
38	0.01555	0.00940	0.01232	0.01278	0.01496	0.00862	0.00968	0.01818	0.01985	0.11525	0.11957	0.33753	0.12666	0.02257	0.01075	0.00334	0.00574	0.12006	0.00866	0.00855
39	0.07850	0.02881	0.20386	0.02410	0.08650	0.09853	0.05711	0.07790	0.12185	0.03103	0.02242	0.09040	0.01910	0.01100	0.00860	0.00279	0.01055	0.00917	0.00576	0.01201
40	0.02239	0.01413	0.01732	0.01610	0.05006	0.01415	0.01167	0.12041	0.08861	0.15877	0.17617	0.09678	0.07891	0.07912	0.01279	0.00335	0.00680	0.01265	0.00872	0.01110
41	0.02508	0.01181	0.01529	0.01277	0.01731	0.01031	0.01015	0.02844	0.02384	0.33220	0.22730	0.05161	0.16646	0.01525	0.00955	0.00276	0.00580	0.01288	0.00988	0.01130
42	0.53399	0.02350	0.17202	0.01482	0.02183	0.01915	0.01507	0.02544	0.01557	0.03508	0.01317	0.01584	0.01013	0.00923	0.00753	0.03910	0.00833	0.00529	0.00489	0.01003
43	0.14946	0.01878	0.12520	0.01818	0.05860	0.01499	0.01587	0.02511	0.07561	0.06600	0.12742	0.07223	0.03565	0.01472	0.00920	0.00308	0.00789	0.14452	0.00708	0.01039
44	0.07695	0.01667	0.01963	0.01619	0.02190	0.01702	0.01315	0.12210	0.17025	0.30206	0.07109	0.03397	0.02648	0.01197	0.00884	0.00282	0.00739	0.03859	0.00947	0.01346
45	0.01224	0.00890	0.01161	0.01166	0.01358	0.00828	0.00890	0.01590	0.02279	0.03151	0.44890	0.14661	0.11048	0.02010	0.01063	0.00302	0.00478	0.09299	0.00911	0.00801
46	0.06322	0.01215	0.04569	0.01417	0.01705	0.01075	0.01185	0.01982	0.04905	0.06611	0.11001	0.23795	0.08525	0.02086	0.01050	0.00339	0.00663	0.19869	0.00805	0.00881
47	0.06752	0.01096	0.01339	0.01227	0.01505	0.01052	0.00895	0.02302	0.04645	0.17616	0.17489	0.16193	0.04415	0.17489	0.01767	0.00422	0.00639	0.01400	0.00830	0.00926
48	0.01222	0.00844	0.01000	0.01046	0.01098	0.00822	0.00661	0.01314	0.01506	0.02000	0.07436	0.18087	0.07499	0.44614	0.03206	0.00658	0.00729	0.05005	0.00642	0.00610
49	0.06809	0.39932	0.19050	0.05126	0.02819	0.08590	0.01953	0.02706	0.01834	0.02362	0.01330	0.01573	0.01107	0.00791	0.00662	0.00223	0.01075	0.00535	0.00390	0.01133
50	0.02040	0.02481	0.09774	0.09531	0.04138	0.06131	0.36581	0.02824	0.05928	0.02704	0.01883	0.02556	0.01485	0.00902	0.01080	0.00297	0.05091	0.02963	0.00468	0.01143
51	0.01095	0.00783	0.01047	0.01232	0.01301	0.00734	0.00848	0.01279	0.01742	0.02332	0.08557	0.61099	0.05880	0.02652	0.01114	0.00352	0.00519	0.05893	0.00819	0.00722
52	0.02059	0.02353	0.05147	0.03676	0.04559	0.02206	0.60735	0.02794	0.02059	0.02794	0.01765	0.02353	0.01324	0.00735	0.01029	0.00294	0.01471	0.01029	0.00441	0.01176
53	0.07471	0.03186	0.06646	0.02622	0.10342	0.32742	0.07508	0.06874	0.06077	0.02757	0.01766	0.04794	0.01484	0.00965	0.00832	0.00254	0.01279	0.00757	0.00517	0.01126
54	0.01976	0.18143	0.31733	0.02661	0.06163	0.02417	0.16205	0.02699	0.01857	0.02583	0.01516	0.01881	0.01173	0.00823	0.00923	0.00265	0.04671	0.00707	0.00390	0.01212
55	0.02514	0.06421	0.02395	0.01853	0.02444	0.09293	0.03997	0.11046	0.31204	0.07458	0.02665	0.02584	0.02001	0.01020	0.00832	0.00256	0.00871	0.00823	0.00756	0.09566
56	0.02555	0.01826	0.02059	0.01650	0.02243	0.01846	0.01317	0.27154	0.08568	0.09699	0.02657	0.12685	0.02286	0.01234	0.00859	0.00249	0.00769	0.01016	0.00800	0.18528
57	0.01122	0.00813	0.01065	0.01200	0.01309	0.00756	0.00849	0.01350	0.01878	0.02521	0.16886	0.47790	0.09915	0.02483	0.01098	0.00338	0.00506	0.06542	0.00840	0.00741
58	0.01515	0.00758	0.01136	0.01136	0.01136	0.00758	0.00758	0.01136	0.01136	0.01515	0.01515	0.02652	0.01515	0.03030	0.03409	0.74621	0.00758	0.00758	0.00379	0.00379
59	0.01980	0.30362	0.40994	0.02093	0.03168	0.02590	0.02538	0.02703	0.01814	0.02482	0.01426	0.01667	0.01111	0.00796	0.00722	0.00241	0.01148	0.00574	0.00370	0.01222
60	0.06103	0.01820	0.01852	0.04753	0.02125	0.06901	0.01214	0.20330	0.08446	0.07254	0.02424	0.03468	0.02164	0.24966	0.02101	0.00469	0.00924	0.00946	0.00692	0.01048
61	0.01063	0.00759	0.01012	0.01215	0.01265	0.00709	0.00810	0.01215	0.01670	0.02227	0.04808	0.68775	0.05769	0.02733	0.01113	0.00354	0.00506	0.02480	0.00810	0.00709
62	0.01063	0.00759	0.01012	0.01215	0.01265	0.00709	0.00810	0.01215	0.01670	0.02227	0.04808	0.68775	0.05769	0.02733	0.01113	0.00354	0.00506	0.02480	0.00810	0.00709
63	0.34644	0.08229	0.01942	0.01397	0.01998	0.01889	0.01167	0.03405	0.08993	0.25032	0.02272	0.02177	0.01590	0.00942	0.00701	0.00265	0.00725	0.00674	0.00754	0.01203
64	0.01230	0.00822	0.01065	0.01183	0.01299	0.00756	0.00812	0.01415	0.01795	0.05543	0.10196	0.52238	0.10684	0.05079	0.01214	0.00357	0.00517	0.02216	0.00826	0.00754
65	0.01799	0.01550	0.01858	0.05307	0.02307	0.01210	0.01118	0.02198	0.01805	0.02805	0.01550	0.01840	0.01284	0.00660	0.00660	0.00139	0.00677	0.00533	0.00509	0.70190
66	0.02234	0.16391	0.10532	0.08874	0.05908	0.13185	0.19510	0.02749	0.01950	0.02416	0.01481	0.01924	0.01196	0.00861	0.01015	0.00265	0.07246	0.00737	0.00410	0.01117
67	0.01291	0.00888	0.01127	0.01226	0.01372	0.00841	0.00857	0.01625	0.05503	0.05664	0.10847	0.49995	0.10622	0.02414	0.01072	0.00333	0.00514	0.02161	0.00843	0.00803
68	0.01240	0.00839	0.00982	0.01010	0.01024	0.00840	0.00595	0.01276	0.01329	0.01780	0.03005	0.14088	0.03471	0.57182	0.07113	0.00808	0.00876	0.01415	0.00563	0.00565
69	0.02300	0.01911	0.02335	0.01910	0.02398	0.05733	0.08890	0.26993	0.02857	0.03760	0.06886	0.16386	0.06759	0.01771	0.04622	0.00350	0.00980	0.01273	0.00758	0.01129
70	0.02591	0.05399	0.02448	0.02269	0.12122	0.09454	0.01566	0.15011	0.02493	0.11435	0.04796	0.06437	0.02014	0.01053	0.00889	0.00239	0.03049	0.00843	0.00671	0.15220
71	0.25478	0.04968	0.06073	0.01530	0.02197	0.01955	0.01334	0.17308	0.02343	0.11398	0.01855	0.02059	0.01403	0.03918	0.00875	0.00268	0.00809	0.00654	0.00667	0.12908
72	0.02979	0.02311	0.02639	0.02064	0.02729	0.02553	0.05456	0.44644	0.16932	0.04909	0.02397	0.02369	0.01736	0.01057	0.00886	0.00271	0.00933	0.00846	0.00848	0.01440
73	0.02048	0.20830	0.02396	0.01364	0.01877	0.01825	0.01153	0.06204	0.04805	0.09569	0.16132	0.09414	0.08170	0.01327	0.00827	0.00241	0.00681	0.01089	0.00722	0.09325

[dist]
# distance from previous block
# <min> <max>
0	1

[block]
# block no. 1 follows, 20 sequences, length 66
# corresponding to MSA columns:
# 294-359
name=unknown_B
#
# <colnr> <probs for GDERKNQSTAVLIFYWHMCP>
#	G	D	E	R	K	N	Q	S	T	A	V	L	I	F	Y	W	H	M	C	P
0	0.07492	0.30341	0.24357	0.02237	0.05865	0.05028	0.08303	0.02714	0.01841	0.02544	0.01414	0.01690	0.01136	0.00784	0.00720	0.00239	0.01118	0.00603	0.00396	0.01177
1	0.09385	0.09127	0.19861	0.02759	0.03685	0.02184	0.30097	0.02853	0.01951	0.07344	0.01730	0.02084	0.01272	0.00793	0.00874	0.00275	0.01241	0.00811	0.00472	0.01200
2	0.01836	0.01397	0.01654	0.01731	0.06316	0.04994	0.01267	0.05944	0.04660	0.07888	0.14708	0.12337	0.10475	0.01792	0.01016	0.00308	0.00724	0.16393	0.00804	0.03757
3	0.01072	0.00777	0.00995	0.01164	0.01237	0.00720	0.00777	0.01222	0.01679	0.02208	0.05106	0.58641	0.11670	0.06697	0.01305	0.00378	0.00520	0.02340	0.00793	0.00701
4	0.05513	0.05525	0.02389	0.05897	0.02607	0.18127	0.04776	0.16218	0.02497	0.03105	0.02551	0.10165	0.04622	0.01355	0.01007	0.00285	0.04729	0.06938	0.00631	0.01062
5	0.02808	0.02631	0.10864	0.06141	0.02859	0.11784	0.01784	0.20519	0.12135	0.13135	0.02579	0.02564	0.04129	0.01056	0.00863	0.00268	0.01015	0.00819	0.00740	0.01306
6	0.13363	0.01382	0.01493	0.01398	0.01756	0.01498	0.01067	0.02935	0.24235	0.06247	0.17913	0.15855	0.04291	0.01551	0.00908	0.00296	0.00589	0.01320	0.00845	0.01058
7	0.06650	0.07049	0.23497	0.01958	0.02749	0.04581	0.04769	0.03196	0.12850	0.12171	0.09524	0.02778	0.02391	0.01035	0.00844	0.00271	0.00957	0.00845	0.00655	0.01230
8	0.09702	0.08973	0.08479	0.02005	0.08872	0.05560	0.01579	0.02965	0.10687	0.11667	0.11449	0.03566	0.04428	0.01193	0.00850	0.00273	0.00832	0.05067	0.00701	0.01153
9	0.01336	0.01350	0.08226	0.07621	0.02073	0.01093	0.01276	0.05024	0.01887	0.02555	0.07541	0.47510	0.04723	0.02193	0.01040	0.00329	0.00674	0.01964	0.00735	0.00849
10	0.01074	0.00769	0.01003	0.01185	0.01243	0.00718	0.00787	0.01219	0.01659	0.02200	0.04845	0.62554	0.07925	0.06730	0.01311	0.00382	0.00524	0.02381	0.00793	0.00699
11	0.07017	0.02453	0.12214	0.02662	0.16339	0.06685	0.01942	0.08517	0.18869	0.06665	0.02435	0.06282	0.01956	0.01065	0.00855	0.00277	0.00942	0.00885	0.00654	0.01287
12	0.06134	0.06784	0.06157	0.02059	0.02562	0.31125	0.01699	0.12645	0.06832	0.02903	0.01658	0.01905	0.01339	0.01265	0.04148	0.00312	0.08150	0.00664	0.00540	0.01118
13	0.01108	0.00841	0.01015	0.01134	0.01289	0.00765	0.00821	0.01309	0.01807	0.02295	0.06112	0.35953	0.26188	0.06106	0.01276	0.00366	0.00541	0.09560	0.00794	0.00721
14	0.02091	0.02159	0.04106	0.07288	0.31030	0.02131	0.28218	0.02833	0.05876	0.02847	0.01814	0.02323	0.01428	0.00789	0.00939	0.00278	0.01212	0.00902	0.00463	0.01272
15	0.28419	0.01901	0.02001	0.18623	0.03090	0.05504	0.01538	0.15060	0.05520	0.03602	0.01842	0.05971	0.01512	0.01018	0.00765	0.00278	0.00902	0.00772	0.00602	0.01080
16	0.02433	0.05368	0.01704	0.01330	0.01760	0.01245	0.01043	0.02854	0.06527	0.28342	0.08148	0.13316	0.12884	0.07514	0.01238	0.00333	0.00657	0.01314	0.00886	0.01102
17	0.06382	0.00991	0.01277	0.01329	0.01551	0.00942	0.01000	0.01946	0.01893	0.13280	0.06875	0.40550	0.04817	0.02227	0.01047	0.00339	0.00603	0.11228	0.00845	0.00879
18	0.02137	0.06522	0.02551	0.04629	0.02554	0.13701	0.06678	0.03019	0.17732	0.02664	0.06081	0.05136	0.02244	0.01544	0.05218	0.00361	0.14644	0.00917	0.00590	0.01079
19	0.02021	0.05755	0.01809	0.05583	0.01988	0.01575	0.01121	0.11348	0.10274	0.08735	0.12190	0.04364	0.06898	0.20386	0.01889	0.00432	0.00769	0.01119	0.00744	0.01001
20	0.01216	0.01017	0.01064	0.01057	0.01342	0.00954	0.00781	0.01758	0.11002	0.02508	0.07335	0.14088	0.45444	0.05050	0.01168	0.00325	0.00504	0.01757	0.00809	0.00821
21	0.02025	0.02621	0.13056	0.03654	0.09328	0.02171	0.48217	0.02780	0.02024	0.02794	0.01728	0.02268	0.01299	0.00751	0.00989	0.00289	0.01410	0.00957	0.00431	0.01209
22	0.05647	0.02433	0.06449	0.10742	0.09364	0.10089	0.04748	0.17469	0.07530	0.06754	0.01895	0.02160	0.01434	0.01006	0.01070	0.00280	0.08325	0.00765	0.00608	0.01234
23	0.03030	0.14111	0.02877	0.02166	0.05948	0.26571	0.01667	0.21126	0.06071	0.05760	0.01774	0.01884	0.01373	0.00935	0.00789	0.00237	0.01168	0.00662	0.00615	0.01234
24	0.01250	0.00853	0.00971	0.00971	0.01001	0.00851	0.00569	0.01283	0.01329	0.01758	0.03171	0.05779	0.07536	0.60977	0.07569	0.00836	0.00898	0.01292	0.00546	0.00558
25	0.01895	0.01579	0.01830	0.01351	0.02073	0.01271	0.01075	0.07369	0.02004	0.03039	0.01808	0.06128	0.01596	0.00816	0.00696	0.00155	0.00665	0.00667	0.00567	0.63417
26	0.04563	0.09191	0.29644	0.02768	0.07195	0.02162	0.18741	0.02618	0.01854	0.02687	0.01749	0.05892	0.01455	0.00941	0.00979	0.00282	0.04819	0.00852	0.00426	0.01183
27	0.02960	0.01571	0.01884	0.01554	0.02123	0.01552	0.01248	0.06695	0.21027	0.34535	0.04131	0.03740	0.10480	0.01261	0.00901	0.00281	0.00697	0.01035	0.00974	0.01352
28	0.08069	0.09375	0.02867	0.02477	0.10811	0.25318	0.05465	0.11247	0.02473	0.11257	0.01777	0.01934	0.01347	0.00896	0.00797	0.00244	0.01173	0.00678	0.00589	0.01206
29	0.10806	0.10302	0.09740	0.01476	0.02094	0.01572	0.03889	0.02442	0.01952	0.13988	0.04112	0.07113	0.19771	0.01342	0.00839	0.00264	0.00752	0.01091	0.00683	0.05774
30	0.02677	0.02157	0.02174	0.01714	0.02331	0.08596	0.01368	0.28843	0.05360	0.06577	0.05959	0.02508	0.01987	0.04265	0.00989	0.00255	0.00884	0.00780	0.00737	0.19841
31	0.01234	0.00935	0.01134	0.01188	0.01353	0.00908	0.00839	0.01701	0.08497	0.02677	0.19402	0.34666	0.13462	0.06301	0.01259	0.00350	0.00515	0.01939	0.00838	0.00803
32	0.03031	0.09261	0.02609	0.01826	0.02462	0.02475	0.01516	0.41784	0.06283	0.10063	0.02235	0.02383	0.01672	0.04524	0.03598	0.00330	0.00974	0.00799	0.00807	0.01366
33	0.02170	0.01505	0.02047	0.02042	0.08769	0.01535	0.03766	0.11158	0.08657	0.12067	0.13577	0.08168	0.03724	0.01825	0.05145	0.00371	0.00872	0.10657	0.00813	0.01134
34	0.01580	0.01041	0.01314	0.01250	0.01543	0.00971	0.00965	0.02018	0.05372	0.09793	0.23533	0.15320	0.14165	0.02165	0.04945	0.00363	0.00651	0.07205	0.00855	0.04951
35	0.02632	0.10420	0.02961	0.04789	0.06133	0.33771	0.05047	0.02911	0.02033	0.02196	0.01329	0.01741	0.01155	0.01024	0.01307	0.00268	0.18179	0.00648	0.00420	0.01036
36	0.01893	0.01578	0.01870	0.01445	0.02081	0.01375	0.01166	0.07893	0.02011	0.03005	0.01982	0.06114	0.01820	0.00986	0.00877	0.00191	0.04983	0.04877	0.00580	0.53274
37	0.01979	0.01162	0.01455	0.01340	0.01637	0.01129	0.01009	0.06589	0.06078	0.15817	0.18499	0.19690	0.04757	0.09969	0.01418	0.00368	0.00634	0.04611	0.00878	0.00982
38	0.01062	0.00815	0.00973	0.01081	0.01234	0.00726	0.00754	0.01256	0.01843	0.02358	0.10097	0.41708	0.28018	0.02472	0.01076	0.00326	0.00475	0.02178	0.00819	0.00726
39	0.07134	0.23664	0.05653	0.01496	0.02083	0.05547	0.01342	0.02913	0.05396	0.16568	0.16411	0.03078	0.03086	0.01103	0.00782	0.00243	0.00791	0.00860	0.00710	0.01137
40	0.26656	0.02347	0.14907	0.04356	0.05937	0.05290	0.05502	0.02790	0.01908	0.11373	0.05301	0.02672	0.01867	0.01006	0.00788	0.00279	0.00941	0.04371	0.00594	0.01115
41	0.43404	0.01625	0.01540	0.01318	0.01843	0.01778	0.01070	0.07958	0.05904	0.13184	0.10313	0.02529	0.02286	0.01029	0.00710	0.00271	0.00675	0.00746	0.00731	0.01085
42	0.01151	0.00936	0.01015	0.01025	0.01273	0.00851	0.00748	0.01533	0.06368	0.02511	0.12912	0.17166	0.41681	0.05399	0.01197	0.00328	0.00486	0.01825	0.00817	0.00778
43	0.12314	0.12658	0.02687	0.06107	0.08430	0.19425	0.01640	0.16561	0.02486	0.03232	0.01731	0.05707	0.01485	0.00994	0.00772	0.00249	0.01076	0.00735	0.00566	0.01145
44	0.01348	0.00959	0.01138	0.01106	0.01339	0.00893	0.00816	0.01741	0.05390	0.05670	0.26423	0.12049	0.23215	0.09926	0.01432	0.00361	0.00527	0.04008	0.00847	0.00814
45	0.01139	0.00887	0.01043	0.01117	0.01299	0.00820	0.00794	0.01487	0.05539	0.02513	0.13288	0.35841	0.26371	0.02338	0.01060	0.00320	0.00483	0.02053	0.00833	0.00773
46	0.02184	0.02360	0.03530	0.07407	0.06459	0.10794	0.24688	0.03001	0.11681	0.02669	0.01853	0.02294	0.01469	0.00998	0.01319	0.00301	0.14478	0.00877	0.00498	0.01139
47	0.01246	0.00935	0.01402	0.01402	0.01558	0.01090	0.01090	0.01558	0.01402	0.02025	0.02336	0.03427	0.02181	0.06542	0.65888	0.01402	0.02336	0.00935	0.00467	0.00779
48	0.01411	0.00929	0.01125	0.01123	0.01350	0.00841	0.00835	0.01655	0.01977	0.08241	0.15960	0.17018	0.24740	0.10893	0.01493	0.00382	0.00567	0.07840	0.00824	0.00797
49	0.02124	0.02145	0.06302	0.12377	0.03772	0.05771	0.26635	0.08535	0.02196	0.06244	0.02319	0.13103	0.02063	0.01146	0.00971	0.00294	0.01173	0.01148	0.00570	0.01113
50	0.02840	0.06630	0.02495	0.02170	0.05294	0.31372	0.01630	0.03599	0.15902	0.09305	0.02062	0.02160	0.01600	0.01035	0.01027	0.00262	0.08129	0.00718	0.00606	0.01164
51	0.01515	0.00758	0.01136	0.01136	0.01136	0.00758	0.00758	0.01136	0.01136	0.01515	0.01515	0.02652	0.01515	0.03030	0.03409	0.74621	0.00758	0.00758	0.00379	0.00379
52	0.01980	0.01744	0.02372	0.05303	0.12037	0.01516	0.04916	0.06611	0.02016	0.03005	0.01617	0.01941	0.01316	0.00712	0.00730	0.00177	0.00803	0.00619	0.00519	0.50068
53	0.65473	0.01691	0.01372	0.01207	0.01737	0.01939	0.00989	0.06782	0.01739	0.04003	0.05258	0.01793	0.01450	0.00889	0.00595	0.00270	0.00679	0.00566	0.00591	0.00976
54	0.02121	0.02159	0.03220	0.23621	0.36783	0.09108	0.05279	0.02637	0.01970	0.02580	0.01587	0.02154	0.01284	0.00817	0.00866	0.00266	0.01155	0.00765	0.00421	0.01206
55	0.21572	0.31826	0.06507	0.01634	0.02296	0.14946	0.01492	0.06298	0.01976	0.02799	0.01312	0.01504	0.01096	0.00815	0.00632	0.00225	0.01010	0.00515	0.00461	0.01084
56	0.01660	0.05589	0.04304	0.01268	0.01621	0.01166	0.01050	0.02194	0.05689	0.09777	0.47164	0.05432	0.06520	0.01568	0.00966	0.00270	0.00533	0.01360	0.00905	0.00962
57	0.02473	0.06955	0.02273	0.01767	0.02273	0.06233	0.01428	0.21269	0.20422	0.05956	0.02517	0.02677	0.01960	0.02254	0.15004	0.00513	0.01209	0.00843	0.00733	0.01243
58	0.01130	0.00890	0.00996	0.00991	0.01227	0.00786	0.00738	0.01389	0.02040	0.02596	0.21830	0.07741	0.39712	0.08832	0.01383	0.00351	0.00498	0.05309	0.00820	0.00742
59	0.02727	0.02021	0.02469	0.06135	0.09361	0.02132	0.01661	0.27346	0.07663	0.10468	0.02126	0.02242	0.01567	0.00980	0.00944	0.00251	0.04555	0.00763	0.00731	0.13859
60	0.01085	0.00772	0.01018	0.01192	0.01249	0.00723	0.00794	0.01244	0.01695	0.02272	0.08224	0.61307	0.05765	0.06597	0.01304	0.00378	0.00520	0.02354	0.00802	0.00705
61	0.38653	0.02044	0.02019	0.01839	0.06136	0.06184	0.03910	0.13216	0.09036	0.06716	0.01797	0.01915	0.01347	0.00907	0.00711	0.00269	0.00845	0.00654	0.00646	0.01156
62	0.02211	0.53318	0.15979	0.01916	0.06269	0.03096	0.01894	0.02645	0.01799	0.02236	0.01306	0.01530	0.01133	0.00764	0.00629	0.00208	0.01007	0.00519	0.00376	0.01168
63	0.06591	0.00936	0.01052	0.01024	0.01262	0.00870	0.00756	0.01524	0.02103	0.02934	0.32234	0.10526	0.26695	0.06239	0.01217	0.00323	0.00475	0.01624	0.00840	0.00776
64	0.01221	0.00882	0.01121	0.01124	0.01292	0.00825	0.00828	0.01532	0.02132	0.02927	0.38207	0.13437	0.11697	0.11249	0.01524	0.00376	0.00524	0.07484	0.00856	0.00761
65	0.06516	0.01789	0.02284	0.09311	0.08534	0.01969	0.04440	0.10754	0.24772	0.06128	0.08661	0.03365	0.02695	0.01162	0.00896	0.00288	0.00827	0.03619	0.00757	0.01236

[dist]
# distance from previous block
# <min> <max>
8	76

[block]
# block no. 2 follows, 20 sequences, length 27
# corresponding to MSA columns:
# 444-470
name=unknown_C
#
# <colnr> <probs for GDERKNQSTAVLIFYWHMCP>
#	G	D	E	R	K	N	Q	S	T	A	V	L	I	F	Y	W	H	M	C	P
0	0.02898	0.04853	0.01865	0.01378	0.01937	0.01245	0.01127	0.03238	0.02356	0.39468	0.14927	0.04029	0.09485	0.01281	0.00890	0.00260	0.00653	0.01062	0.00956	0.06092
1	0.02156	0.02565	0.14157	0.03075	0.17719	0.08156	0.13193	0.06545	0.04049	0.05458	0.02450	0.09698	0.04591	0.01110	0.00918	0.00279	0.01104	0.01024	0.00553	0.01199
2	0.01943	0.02266	0.09313	0.03379	0.10094	0.01964	0.40206	0.02573	0.01967	0.02695	0.01999	0.03045	0.01687	0.01063	0.01170	0.05201	0.01298	0.06552	0.00466	0.01118
3	0.01535	0.01015	0.01268	0.01204	0.01475	0.00954	0.00921	0.02033	0.06652	0.09294	0.35176	0.12804	0.15055	0.01869	0.01023	0.00295	0.00504	0.05100	0.00919	0.00904
4	0.01132	0.00795	0.01022	0.01177	0.01225	0.00759	0.00781	0.01264	0.01597	0.02125	0.04314	0.50371	0.05115	0.18288	0.01897	0.00472	0.00604	0.05645	0.00744	0.00672
5	0.01238	0.01010	0.01598	0.08228	0.02080	0.00993	0.06862	0.01517	0.01796	0.02410	0.10052	0.49185	0.05106	0.02250	0.01072	0.00334	0.00659	0.02072	0.00745	0.00793
6	0.02941	0.01610	0.04327	0.01700	0.04868	0.01399	0.01345	0.03629	0.10882	0.36508	0.10942	0.03275	0.02860	0.01119	0.00872	0.00259	0.00715	0.00934	0.00923	0.08890
7	0.01515	0.00758	0.01136	0.01136	0.01136	0.00758	0.00758	0.01136	0.01136	0.01515	0.01515	0.02652	0.01515	0.03030	0.03409	0.74621	0.00758	0.00758	0.00379	0.00379
8	0.09961	0.02264	0.02158	0.01774	0.02346	0.08799	0.01425	0.32995	0.13052	0.04351	0.02761	0.02733	0.06800	0.01127	0.00838	0.00265	0.00888	0.00854	0.03330	0.01279
9	0.02163	0.02231	0.05488	0.09011	0.28340	0.06226	0.14283	0.08571	0.02226	0.02961	0.02390	0.02769	0.07441	0.00955	0.00910	0.00271	0.01114	0.00916	0.00511	0.01225
10	0.07307	0.04631	0.11347	0.03716	0.02697	0.08468	0.03848	0.15253	0.04952	0.08264	0.01859	0.02154	0.01437	0.01506	0.06512	0.00377	0.13155	0.00745	0.00591	0.01181
11	0.02334	0.01364	0.01683	0.01401	0.01826	0.01332	0.01112	0.14761	0.02819	0.18989	0.35729	0.04710	0.05313	0.01455	0.00959	0.00271	0.00608	0.01238	0.00971	0.01125
12	0.03728	0.01530	0.02018	0.01558	0.02200	0.01377	0.01274	0.08763	0.02565	0.56407	0.03295	0.03039	0.02156	0.04607	0.01061	0.00299	0.00765	0.00890	0.01034	0.01435
13	0.02668	0.01851	0.02279	0.07219	0.05072	0.01873	0.01513	0.19302	0.05769	0.15491	0.02153	0.02254	0.01570	0.00953	0.00941	0.00238	0.05238	0.00735	0.00723	0.22159
14	0.02865	0.10527	0.02778	0.04185	0.02602	0.02241	0.05132	0.13766	0.08573	0.22263	0.02335	0.02386	0.01685	0.01097	0.01213	0.00283	0.13231	0.00804	0.00741	0.01293
15	0.09849	0.62866	0.04233	0.01457	0.02182	0.03298	0.01436	0.02607	0.01743	0.02243	0.01213	0.01401	0.01101	0.00753	0.00558	0.00195	0.00906	0.00467	0.00390	0.01101
16	0.01193	0.00867	0.01108	0.01092	0.01269	0.00799	0.00793	0.01526	0.02240	0.03110	0.46582	0.16724	0.11830	0.05464	0.01219	0.00318	0.00452	0.01728	0.00902	0.00783
17	0.06965	0.07529	0.06427	0.01709	0.02362	0.01936	0.01494	0.14774	0.08726	0.29872	0.02744	0.05110	0.01970	0.01106	0.00905	0.00272	0.03033	0.00860	0.00852	0.01354
18	0.01266	0.00854	0.00996	0.00996	0.01011	0.00870	0.00584	0.01297	0.01282	0.01724	0.02708	0.05484	0.03074	0.63176	0.10475	0.00900	0.00992	0.01236	0.00523	0.00553
19	0.01901	0.01272	0.01491	0.01325	0.01672	0.01286	0.01009	0.05748	0.16086	0.11481	0.26574	0.05159	0.10676	0.08819	0.01335	0.00341	0.00598	0.01299	0.00894	0.01034
20	0.02025	0.01868	0.02899	0.11868	0.39238	0.01975	0.02209	0.02900	0.14022	0.02839	0.02104	0.02691	0.01759	0.06509	0.01164	0.00319	0.00967	0.00859	0.00526	0.01261
21	0.27847	0.05607	0.10506	0.05003	0.03002	0.06095	0.15915	0.08381	0.02000	0.03304	0.01511	0.01853	0.01157	0.00896	0.00853	0.02728	0.01064	0.00687	0.00502	0.01091
22	0.01248	0.00935	0.01178	0.01284	0.01423	0.00928	0.00910	0.01752	0.09664	0.02634	0.14192	0.47729	0.05737	0.02364	0.01074	0.00336	0.00527	0.04421	0.00844	0.00818
23	0.01362	0.00862	0.01129	0.01186	0.01324	0.00799	0.00825	0.01581	0.01906	0.07626	0.19693	0.41109	0.05858	0.08813	0.01395	0.00374	0.00534	0.01997	0.00844	0.00785
24	0.13017	0.02466	0.02447	0.02073	0.02460	0.19187	0.06456	0.11008	0.02138	0.02917	0.01636	0.04470	0.01436	0.01585	0.06733	0.00383	0.17256	0.00772	0.00522	0.01039
25	0.03080	0.09318	0.02744	0.04747	0.02739	0.16830	0.01673	0.32470	0.03126	0.07705	0.01838	0.01961	0.01373	0.01011	0.00954	0.00256	0.05494	0.00708	0.00689	0.01285
26	0.03915	0.00825	0.01041	0.01199	0.01295	0.00786	0.00829	0.01321	0.01712	0.02341	0.06842	0.53789	0.09090	0.05718	0.01246	0.00371	0.00539	0.05630	0.00791	0.00720

[dist]
# distance from previous block
# <min> <max>
15	35

[block]
# block no. 3 follows, 20 sequences, length 6
# corresponding to MSA columns:
# 507-512
name=unknown_D
#
# <colnr> <probs for GDERKNQSTAVLIFYWHMCP>
#	G	D	E	R	K	N	Q	S	T	A	V	L	I	F	Y	W	H	M	C	P
0	0.06887	0.11238	0.07719	0.02198	0.02921	0.02199	0.16748	0.11931	0.09859	0.11304	0.06490	0.02578	0.02044	0.00970	0.00861	0.00268	0.00994	0.00869	0.00673	0.01250
1	0.01563	0.01873	0.11776	0.02061	0.02616	0.01393	0.17639	0.02017	0.01774	0.02483	0.02813	0.24250	0.02951	0.09350	0.01371	0.00353	0.00946	0.01404	0.00571	0.10795
2	0.02192	0.01780	0.01863	0.01461	0.02095	0.09240	0.01156	0.02542	0.01926	0.10885	0.01889	0.02163	0.01512	0.01567	0.09892	0.00339	0.01013	0.00630	0.00577	0.45278
3	0.22139	0.02000	0.03623	0.02682	0.03392	0.01977	0.37358	0.02598	0.01949	0.03183	0.08771	0.02579	0.02021	0.00877	0.00895	0.00285	0.01129	0.00940	0.00529	0.01072
4	0.13333	0.02763	0.02307	0.01927	0.02505	0.20854	0.01531	0.29035	0.10526	0.04068	0.01935	0.01992	0.01450	0.00988	0.00803	0.00256	0.01064	0.00701	0.00705	0.01258
5	0.01884	0.04859	0.02560	0.01974	0.02469	0.04201	0.16399	0.04806	0.09615	0.06231	0.07344	0.17203	0.11242	0.01502	0.00970	0.00290	0.00862	0.01386	0.00706	0.03497

[dist]
# distance from previous block
# <min> <max>
0	1

[block]
# block no. 4 follows, 20 sequences, length 10
# corresponding to MSA columns:
# 514-523
name=unknown_E
#
# <colnr> <probs for GDERKNQSTAVLIFYWHMCP>
#	G	D	E	R	K	N	Q	S	T	A	V	L	I	F	Y	W	H	M	C	P
0	0.02038	0.04108	0.56453	0.02362	0.03569	0.01927	0.02964	0.02961	0.01929	0.10994	0.01815	0.01992	0.01246	0.00862	0.00835	0.00275	0.01216	0.00676	0.00463	0.01315
1	0.01935	0.06981	0.38600	0.09036	0.04018	0.06305	0.15523	0.02757	0.01917	0.02641	0.01576	0.01961	0.01160	0.00813	0.00861	0.00274	0.01317	0.00727	0.00392	0.01206
2	0.01399	0.01151	0.06462	0.01339	0.01566	0.00877	0.01052	0.01644	0.01780	0.08389	0.04587	0.53917	0.07686	0.02387	0.01062	0.00337	0.00592	0.02139	0.00799	0.00835
3	0.01230	0.00850	0.00997	0.01000	0.01065	0.00823	0.00622	0.01342	0.01598	0.02156	0.16032	0.11335	0.08110	0.45502	0.03238	0.00651	0.00702	0.01470	0.00660	0.00618
4	0.01177	0.00800	0.01062	0.01193	0.01258	0.00763	0.00817	0.01297	0.01665	0.02234	0.09644	0.44015	0.05181	0.10650	0.01754	0.08239	0.00587	0.06249	0.00744	0.00670
5	0.34594	0.06501	0.03820	0.01517	0.02066	0.07297	0.01268	0.15244	0.03983	0.05728	0.01603	0.01825	0.01244	0.01119	0.00966	0.08099	0.00857	0.00611	0.00600	0.01060
6	0.01472	0.00938	0.01201	0.01180	0.01412	0.00856	0.00892	0.01784	0.02165	0.09373	0.30142	0.18277	0.15035	0.04288	0.01161	0.00324	0.00522	0.07240	0.00892	0.00847
7	0.44624	0.01590	0.01470	0.01311	0.01817	0.01750	0.01077	0.06189	0.06418	0.10118	0.02651	0.03171	0.06889	0.01155	0.00728	0.00286	0.00693	0.06335	0.00691	0.01035
8	0.02575	0.06064	0.10315	0.06546	0.11750	0.02460	0.10630	0.28369	0.02856	0.03884	0.01798	0.02080	0.01348	0.00937	0.00972	0.00271	0.04419	0.00785	0.00612	0.01327
9	0.01906	0.01211	0.01489	0.01348	0.01687	0.01206	0.01033	0.02756	0.16362	0.14128	0.32729	0.11695	0.05604	0.01620	0.00978	0.00287	0.00545	0.01411	0.00948	0.01057

[dist]
# distance from previous block
# <min> <max>
0	1

[block]
# block no. 5 follows, 20 sequences, length 12
# corresponding to MSA columns:
# 525-536
name=unknown_F
#
# <colnr> <probs for GDERKNQSTAVLIFYWHMCP>
#	G	D	E	R	K	N	Q	S	T	A	V	L	I	F	Y	W	H	M	C	P
0	0.01186	0.00868	0.01112	0.01241	0.01358	0.00836	0.00883	0.01504	0.04763	0.02462	0.11571	0.44971	0.08500	0.06416	0.01295	0.00374	0.00555	0.08534	0.00814	0.00756
1	0.07828	0.24721	0.27694	0.02323	0.08913	0.09768	0.02270	0.02773	0.01878	0.02563	0.01409	0.01669	0.01127	0.00804	0.00720	0.00240	0.01137	0.00578	0.00399	0.01186
2	0.01458	0.01028	0.01206	0.01227	0.01467	0.00990	0.00913	0.01951	0.09481	0.06930	0.05592	0.23981	0.22852	0.08571	0.01370	0.00375	0.00593	0.08352	0.00812	0.00852
3	0.02076	0.01149	0.01451	0.01348	0.01668	0.01079	0.01012	0.08147	0.02234	0.19574	0.09261	0.33768	0.09666	0.01990	0.01011	0.00310	0.00603	0.01743	0.00902	0.01009
4	0.05846	0.02687	0.16369	0.08514	0.21662	0.05287	0.17852	0.02833	0.05265	0.02832	0.01719	0.02149	0.01327	0.00814	0.00881	0.00275	0.01202	0.00801	0.00449	0.01235
5	0.27568	0.07834	0.06442	0.01316	0.01808	0.04485	0.01147	0.02290	0.06116	0.02977	0.03752	0.10873	0.17541	0.01406	0.00789	0.00278	0.00708	0.01098	0.00631	0.00942
6	0.01571	0.18161	0.02090	0.01346	0.01655	0.01617	0.01096	0.04534	0.01977	0.02581	0.13877	0.26535	0.09504	0.01877	0.01030	0.00294	0.03770	0.04889	0.00709	0.00886
7	0.01845	0.01583	0.01825	0.01340	0.02087	0.01264	0.01068	0.02441	0.07876	0.02923	0.01751	0.01954	0.01429	0.00700	0.00670	0.00146	0.00650	0.00564	0.00554	0.67329
8	0.25645	0.02974	0.29541	0.02131	0.07166	0.01989	0.02135	0.08429	0.01952	0.03379	0.01723	0.06123	0.01416	0.00965	0.00761	0.00277	0.00989	0.00733	0.00507	0.01166
9	0.01385	0.00886	0.01179	0.01130	0.01274	0.00821	0.00786	0.01416	0.01672	0.02334	0.20399	0.11341	0.04131	0.09353	0.02280	0.29126	0.00625	0.01221	0.00629	0.08011
10	0.06472	0.22082	0.16007	0.01885	0.02653	0.14594	0.01838	0.11603	0.02248	0.02902	0.01510	0.01731	0.01212	0.01029	0.02912	0.00265	0.01145	0.00590	0.00486	0.06834
11	0.01964	0.01639	0.04144	0.01663	0.02025	0.05664	0.01377	0.11982	0.07830	0.05888	0.03180	0.12411	0.03073	0.02899	0.16883	0.00585	0.01224	0.13838	0.00714	0.01016

[dist]
# distance from previous block
# <min> <max>
0	1

[block]
# block no. 6 follows, 20 sequences, length 37
# corresponding to MSA columns:
# 538-574
name=unknown_G
#
# <colnr> <probs for GDERKNQSTAVLIFYWHMCP>
#	G	D	E	R	K	N	Q	S	T	A	V	L	I	F	Y	W	H	M	C	P
0	0.01175	0.00873	0.01080	0.01059	0.01255	0.00794	0.00774	0.01498	0.02221	0.03031	0.42649	0.13698	0.19109	0.05421	0.01212	0.00316	0.00450	0.01715	0.00891	0.00778
1	0.02179	0.02755	0.10248	0.07260	0.03897	0.12997	0.31647	0.02759	0.01970	0.02531	0.01561	0.02096	0.01228	0.00908	0.01250	0.00294	0.12033	0.00852	0.00422	0.01111
2	0.05128	0.01843	0.02194	0.19136	0.03223	0.05228	0.01675	0.16291	0.11301	0.06813	0.02542	0.10488	0.02200	0.01283	0.00999	0.00296	0.04272	0.03257	0.00689	0.01142
3	0.05226	0.01041	0.01219	0.01139	0.01410	0.00966	0.00835	0.02005	0.01826	0.15548	0.04791	0.09462	0.19989	0.23616	0.02094	0.00478	0.00681	0.06067	0.00764	0.00843
4	0.01115	0.00794	0.01053	0.01227	0.01298	0.00749	0.00848	0.01297	0.01728	0.02311	0.08366	0.56210	0.05716	0.06288	0.01298	0.00380	0.00545	0.07258	0.00803	0.00714
5	0.04860	0.01610	0.02248	0.20596	0.11160	0.01790	0.01877	0.11928	0.05850	0.03120	0.02761	0.04744	0.02586	0.01408	0.00968	0.00318	0.00948	0.19508	0.00645	0.01076
6	0.22217	0.01876	0.05835	0.01553	0.02108	0.01898	0.01316	0.05817	0.27537	0.09768	0.05308	0.02732	0.02218	0.01060	0.00778	0.00277	0.00713	0.00822	0.04954	0.01214
7	0.27958	0.01672	0.01759	0.01439	0.01994	0.01759	0.01174	0.16077	0.02507	0.20054	0.12452	0.02833	0.02609	0.01098	0.00786	0.00269	0.00713	0.00835	0.00827	0.01187
8	0.01470	0.01206	0.01632	0.01650	0.05010	0.01430	0.01128	0.01610	0.01380	0.01960	0.02360	0.09224	0.02586	0.32396	0.12882	0.00733	0.18948	0.01152	0.00497	0.00743
9	0.02312	0.02034	0.03535	0.02620	0.03318	0.01992	0.31295	0.14729	0.04899	0.08251	0.02914	0.03261	0.08826	0.04517	0.01153	0.00314	0.01123	0.01072	0.00647	0.01188
10	0.02810	0.02085	0.02252	0.01817	0.02412	0.02295	0.01470	0.37585	0.18708	0.07324	0.06258	0.03016	0.05579	0.01187	0.00894	0.00273	0.00823	0.00942	0.00887	0.01380
11	0.01347	0.00971	0.01330	0.01503	0.01697	0.00954	0.01280	0.01719	0.02009	0.02621	0.08564	0.14300	0.08484	0.02385	0.01177	0.00384	0.00735	0.46932	0.00814	0.00793
12	0.02102	0.14209	0.06304	0.16486	0.16518	0.02236	0.14381	0.02750	0.05242	0.05740	0.01895	0.02521	0.01534	0.00894	0.00861	0.00270	0.01102	0.03289	0.00486	0.01182
13	0.01843	0.01167	0.01408	0.01327	0.01641	0.01140	0.00996	0.04948	0.11402	0.13519	0.13719	0.26110	0.13421	0.01915	0.01003	0.00306	0.00571	0.01669	0.00894	0.01001
14	0.11027	0.01600	0.01995	0.01558	0.02213	0.01506	0.01283	0.08670	0.05310	0.50789	0.03113	0.02755	0.02005	0.01055	0.00843	0.00270	0.00751	0.00834	0.00999	0.01425
15	0.02242	0.01939	0.02190	0.10882	0.08051	0.06192	0.01615	0.06034	0.35905	0.06622	0.03225	0.03171	0.05807	0.01138	0.00884	0.00285	0.00840	0.00949	0.00758	0.01272
16	0.01801	0.02237	0.16211	0.02349	0.03039	0.01643	0.21684	0.02544	0.05861	0.06149	0.14990	0.11585	0.03387	0.01270	0.00980	0.00293	0.01005	0.01232	0.00640	0.01098
17	0.02758	0.05329	0.02024	0.01587	0.02127	0.01717	0.01274	0.06381	0.24706	0.27278	0.03718	0.08561	0.06046	0.01296	0.00891	0.00283	0.00707	0.01075	0.00923	0.01321
18	0.01161	0.00853	0.01089	0.01229	0.01366	0.00800	0.00913	0.01390	0.01823	0.02369	0.07944	0.36653	0.16166	0.06488	0.01315	0.00381	0.00584	0.15948	0.00798	0.00731
19	0.02145	0.28089	0.20854	0.01847	0.02627	0.06627	0.01938	0.08528	0.02120	0.02747	0.06457	0.02458	0.01922	0.01276	0.04319	0.00304	0.01110	0.02992	0.00496	0.01144
20	0.06153	0.01801	0.01822	0.01652	0.02106	0.05145	0.01290	0.03928	0.43346	0.05841	0.09145	0.03817	0.05442	0.01288	0.00894	0.00292	0.00705	0.03237	0.00854	0.01242
21	0.01784	0.01455	0.02566	0.02050	0.02506	0.01373	0.20496	0.02355	0.05573	0.09015	0.21271	0.18073	0.04524	0.01542	0.01024	0.00299	0.00827	0.01490	0.00766	0.01011
22	0.01875	0.05149	0.22891	0.09942	0.08458	0.01771	0.07718	0.02591	0.05001	0.07608	0.02972	0.08797	0.09100	0.01186	0.00901	0.00284	0.01013	0.01040	0.00558	0.01146
23	0.05766	0.11621	0.39839	0.06517	0.05310	0.05084	0.02563	0.02680	0.01839	0.02684	0.01495	0.01793	0.01128	0.00806	0.00767	0.00250	0.01155	0.00612	0.00398	0.07694
24	0.01285	0.01078	0.01584	0.01451	0.01745	0.01015	0.07877	0.01620	0.01939	0.02513	0.12381	0.09466	0.25966	0.05879	0.08888	0.00473	0.00874	0.12432	0.00729	0.00804
25	0.01256	0.00924	0.01217	0.01381	0.01564	0.00885	0.01129	0.01566	0.01925	0.02473	0.05442	0.23407	0.16006	0.02448	0.01151	0.00371	0.00667	0.34613	0.00806	0.00769
26	0.14257	0.22405	0.12428	0.01708	0.02403	0.06368	0.01654	0.07376	0.02078	0.11524	0.05064	0.02063	0.01654	0.00948	0.00833	0.00249	0.04588	0.00660	0.00574	0.01165
27	0.02432	0.02585	0.02132	0.07242	0.05590	0.28079	0.01492	0.08221	0.06258	0.02702	0.07385	0.05465	0.02336	0.09040	0.01265	0.00317	0.01119	0.00886	0.00584	0.04871
28	0.01467	0.00932	0.01202	0.01163	0.01367	0.00865	0.00861	0.01773	0.02148	0.08494	0.35319	0.13686	0.08838	0.11603	0.01529	0.00376	0.00548	0.06135	0.00872	0.00822
29	0.01179	0.01152	0.06378	0.01440	0.01642	0.00899	0.04146	0.01444	0.01744	0.02363	0.07329	0.56778	0.05284	0.02427	0.01082	0.00341	0.00615	0.02211	0.00762	0.00786
30	0.06836	0.02329	0.12671	0.10366	0.28650	0.01965	0.05388	0.06215	0.02066	0.07959	0.01765	0.02129	0.01347	0.00827	0.00835	0.00260	0.01035	0.00742	0.00509	0.06105
31	0.06947	0.52161	0.07488	0.01476	0.02168	0.02913	0.01469	0.02487	0.01852	0.02412	0.09660	0.02120	0.02070	0.00896	0.00638	0.00209	0.00867	0.00628	0.00463	0.01078
32	0.11704	0.01435	0.01748	0.01450	0.01960	0.01379	0.01164	0.08891	0.02374	0.34657	0.08505	0.08784	0.02967	0.05045	0.01079	0.00314	0.00716	0.03694	0.00919	0.01214
33	0.01930	0.11340	0.09030	0.09661	0.12089	0.04401	0.06012	0.02606	0.08375	0.05013	0.03022	0.07425	0.09949	0.01415	0.03713	0.00321	0.01009	0.01015	0.00564	0.01109
34	0.06564	0.06994	0.07607	0.05090	0.05898	0.19235	0.06582	0.02683	0.04920	0.02444	0.01829	0.05769	0.01628	0.01839	0.10317	0.00434	0.07845	0.00815	0.00477	0.01031
35	0.01124	0.00816	0.01001	0.01091	0.01193	0.00757	0.00731	0.01294	0.01757	0.02324	0.13559	0.37172	0.15014	0.15956	0.01759	0.00432	0.00550	0.02000	0.00775	0.00693
36	0.01998	0.02183	0.04551	0.07796	0.13086	0.02096	0.45691	0.02663	0.02009	0.02739	0.01884	0.05608	0.01542	0.00849	0.01000	0.00292	0.01341	0.01049	0.00455	0.01170

[dist]
# distance from previous block
# <min> <max>
3	4

[block]
# block no. 7 follows, 20 sequences, length 24
# corresponding to MSA columns:
# 579-602
name=unknown_H
#
# <colnr> <probs for GDERKNQSTAVLIFYWHMCP>
#	G	D	E	R	K	N	Q	S	T	A	V	L	I	F	Y	W	H	M	C	P
0	0.02400	0.01821	0.02096	0.05643	0.02469	0.01999	0.01441	0.17241	0.24278	0.08434	0.02788	0.04759	0.02232	0.04401	0.01148	0.00305	0.04305	0.03054	0.00784	0.08401
