[name]
unknown

[dist]
# distance from previous block
# <min> <max>
1	40

[block]
# block no. 0 follows, 24 sequences, length 55
# corresponding to MSA columns:
# 42-96
name=unknown_A
#
# <colnr> <probs for GDERKNQSTAVLIFYWHMCP>
#	G	D	E	R	K	N	Q	S	T	A	V	L	I	F	Y	W	H	M	C	P
0	0.06759	0.09327	0.24047	0.01808	0.04512	0.06324	0.01799	0.09631	0.04638	0.10583	0.02254	0.02310	0.06806	0.00908	0.00731	0.00232	0.00905	0.00698	0.00542	0.05185
1	0.06397	0.09120	0.27150	0.04258	0.02788	0.06923	0.04041	0.08966	0.06651	0.06238	0.01623	0.01803	0.01210	0.00823	0.00804	0.00237	0.04111	0.00618	0.00477	0.05762
2	0.12623	0.04538	0.16647	0.01584	0.02169	0.05142	0.01524	0.08150	0.09608	0.09532	0.09194	0.07107	0.02485	0.01130	0.00780	0.00258	0.00794	0.05058	0.00633	0.01045
3	0.10591	0.23147	0.12830	0.01639	0.05549	0.04498	0.01488	0.05170	0.01805	0.02595	0.10319	0.02467	0.02105	0.01176	0.04257	0.00273	0.00882	0.03097	0.00484	0.05628
4	0.02758	0.07627	0.02442	0.07524	0.02625	0.04512	0.01518	0.31931	0.05480	0.09646	0.02085	0.02278	0.01585	0.01055	0.00929	0.00271	0.04562	0.00746	0.03586	0.06841
5	0.01454	0.01012	0.01359	0.01242	0.01455	0.00977	0.04430	0.06675	0.01828	0.06445	0.15603	0.23542	0.04177	0.19779	0.01726	0.00403	0.00632	0.03410	0.00689	0.03162
6	0.10212	0.01801	0.01938	0.01565	0.02078	0.01955	0.01259	0.39789	0.04957	0.07530	0.02205	0.09452	0.01850	0.03873	0.03053	0.00297	0.00810	0.00871	0.00733	0.03774
7	0.02387	0.05412	0.02045	0.01462	0.02090	0.01704	0.01198	0.26691	0.02524	0.10931	0.01954	0.05858	0.01558	0.00889	0.00712	0.00194	0.00716	0.00703	0.00664	0.30308
8	0.02419	0.05729	0.26287	0.01919	0.02753	0.02150	0.01980	0.34267	0.02744	0.06280	0.01721	0.01813	0.01226	0.00853	0.00758	0.00235	0.00960	0.00648	0.00601	0.04657
9	0.02718	0.01983	0.02315	0.01934	0.05468	0.02159	0.03883	0.40178	0.15273	0.10208	0.02247	0.02226	0.01619	0.01096	0.02719	0.00275	0.00864	0.00769	0.00769	0.01298
10	0.00966	0.00690	0.00920	0.01104	0.01150	0.00644	0.00736	0.01104	0.01518	0.02024	0.04371	0.71614	0.05245	0.02484	0.01012	0.00322	0.00460	0.02254	0.00736	0.00644
11	0.06403	0.05247	0.03194	0.04053	0.47613	0.08664	0.08494	0.02509	0.01822	0.02543	0.01437	0.01858	0.01194	0.00714	0.00764	0.00233	0.01008	0.00682	0.00398	0.01170
12	0.01030	0.00779	0.01139	0.01241	0.01335	0.00730	0.04177	0.01207	0.01552	0.02069	0.04214	0.64890	0.04995	0.02373	0.01012	0.00321	0.00520	0.05029	0.00718	0.00671
13	0.01133	0.00850	0.01274	0.01274	0.01416	0.00991	0.00991	0.01416	0.01274	0.01841	0.02124	0.03115	0.01982	0.05947	0.68989	0.01274	0.02124	0.00850	0.00425	0.00708
14	0.01590	0.04102	0.68023	0.02260	0.03432	0.01842	0.02930	0.02511	0.01674	0.02511	0.01423	0.01674	0.01005	0.00753	0.00753	0.00251	0.01172	0.00586	0.00335	0.01172
15	0.03091	0.01454	0.01826	0.01471	0.02035	0.01403	0.01192	0.03967	0.20957	0.48772	0.03158	0.02775	0.02098	0.01009	0.00800	0.00252	0.00661	0.00827	0.00930	0.01322
16	0.01872	0.02139	0.04679	0.03342	0.04144	0.02005	0.64305	0.02540	0.01872	0.02540	0.01604	0.02139	0.01203	0.00668	0.00936	0.00267	0.01337	0.00936	0.00401	0.01070
17	0.01152	0.00772	0.00882	0.00882	0.00888	0.00778	0.00502	0.01164	0.01158	0.01550	0.02483	0.05103	0.02845	0.69366	0.06750	0.00790	0.00825	0.01140	0.00478	0.00490
18	0.01153	0.00769	0.00865	0.00865	0.00865	0.00769	0.00480	0.01153	0.01153	0.01538	0.02499	0.05189	0.02883	0.72131	0.04036	0.00769	0.00769	0.01153	0.00480	0.00480
19	0.65320	0.01518	0.01269	0.04694	0.01754	0.01754	0.00946	0.05618	0.01507	0.03520	0.01249	0.01461	0.00963	0.00762	0.00526	0.00242	0.00636	0.00477	0.04902	0.00879
20	0.01153	0.00769	0.00865	0.00865	0.00865	0.00769	0.00480	0.01153	0.01153	0.01538	0.02499	0.05189	0.02883	0.72131	0.04036	0.00769	0.00769	0.01153	0.00480	0.00480
21	0.01972	0.01703	0.01793	0.01614	0.02062	0.01972	0.01255	0.04214	0.65752	0.03317	0.03228	0.02959	0.02421	0.01076	0.00807	0.00269	0.00628	0.00897	0.00807	0.01255
22	0.01644	0.01409	0.01644	0.01175	0.01879	0.01057	0.00940	0.01997	0.01644	0.02584	0.01409	0.01644	0.01175	0.00587	0.00587	0.00117	0.00587	0.00470	0.00470	0.76979
23	0.01869	0.02333	0.10779	0.06835	0.09906	0.04240	0.46962	0.02522	0.01843	0.02495	0.01552	0.02050	0.01174	0.00692	0.00888	0.00260	0.01272	0.00853	0.00391	0.01082
24	0.01972	0.01703	0.01793	0.01614	0.02062	0.01972	0.01255	0.04214	0.65752	0.03317	0.03228	0.02959	0.02421	0.01076	0.00807	0.00269	0.00628	0.00897	0.00807	0.01255
25	0.01478	0.00739	0.00739	0.00739	0.00924	0.00739	0.00554	0.01848	0.01663	0.02956	0.02587	0.02956	0.02033	0.00924	0.00554	0.00185	0.00370	0.00739	0.76534	0.00739
26	0.01329	0.00984	0.01303	0.01431	0.01644	0.01004	0.01227	0.01880	0.08343	0.02500	0.07221	0.08146	0.06669	0.02044	0.01053	0.00346	0.00691	0.50659	0.00745	0.00782
27	0.01039	0.00731	0.00976	0.01120	0.01200	0.00688	0.00792	0.01199	0.01603	0.02137	0.09971	0.51985	0.07528	0.02369	0.01132	0.04709	0.00494	0.08955	0.00725	0.00647
28	0.01498	0.01409	0.02378	0.70226	0.05462	0.01762	0.02202	0.02026	0.01586	0.02026	0.01409	0.02114	0.01057	0.00793	0.00793	0.00264	0.01057	0.00705	0.00352	0.00881
29	0.01063	0.00812	0.00977	0.00947	0.01163	0.00727	0.00718	0.01374	0.02071	0.02776	0.43195	0.06658	0.28594	0.01783	0.00943	0.00261	0.00399	0.04003	0.00818	0.00719
30	0.01601	0.01548	0.01729	0.11044	0.02211	0.12716	0.01326	0.01882	0.01486	0.01937	0.01742	0.02545	0.01581	0.05709	0.32351	0.00743	0.12276	0.00754	0.04036	0.00786
31	0.05678	0.09520	0.02501	0.01772	0.02381	0.09742	0.01471	0.49242	0.03264	0.04293	0.01719	0.01765	0.01261	0.00901	0.00745	0.00228	0.00921	0.00652	0.00694	0.01250
32	0.03526	0.01400	0.01872	0.01435	0.02049	0.01240	0.01185	0.07378	0.02354	0.64102	0.03058	0.02653	0.01927	0.00980	0.00797	0.00245	0.00686	0.00793	0.00971	0.01349
33	0.01153	0.00769	0.00865	0.00865	0.00865	0.00769	0.00480	0.01153	0.01153	0.01538	0.02499	0.05189	0.02883	0.72131	0.04036	0.00769	0.00769	0.01153	0.00480	0.00480
34	0.01778	0.01903	0.03692	0.09796	0.06003	0.02008	0.38436	0.02360	0.03933	0.02370	0.01631	0.04761	0.01356	0.00912	0.01250	0.00284	0.15205	0.00905	0.00412	0.01007
35	0.02062	0.65051	0.11201	0.01457	0.02189	0.02995	0.01530	0.02390	0.01618	0.01937	0.01138	0.01316	0.01016	0.00687	0.00536	0.00179	0.00884	0.00442	0.00339	0.01035
36	0.02067	0.01307	0.01368	0.01155	0.01512	0.01398	0.00919	0.25871	0.02454	0.03739	0.02325	0.02553	0.01770	0.00935	0.00646	0.00205	0.00562	0.00729	0.47511	0.00973
37	0.00966	0.00690	0.00920	0.01104	0.01150	0.00644	0.00736	0.01104	0.01518	0.02024	0.04371	0.71614	0.05245	0.02484	0.01012	0.00322	0.00460	0.02254	0.00736	0.00644
38	0.01686	0.01557	0.01442	0.01370	0.01574	0.16606	0.01056	0.01966	0.01594	0.02160	0.01960	0.02587	0.01706	0.03127	0.30618	0.00677	0.06520	0.00732	0.20287	0.00776
39	0.01919	0.44489	0.23479	0.01706	0.02466	0.02670	0.01876	0.02369	0.01590	0.02067	0.01194	0.01442	0.01016	0.00773	0.00796	0.00213	0.08045	0.00501	0.00339	0.01049
40	0.01041	0.00852	0.00932	0.00969	0.01206	0.00769	0.00738	0.01370	0.05470	0.02220	0.06786	0.16696	0.47089	0.02044	0.00959	0.00287	0.00461	0.08666	0.00740	0.00707
41	0.01008	0.00720	0.00966	0.01141	0.01208	0.00679	0.00799	0.01181	0.01581	0.02108	0.06696	0.61958	0.05251	0.02418	0.01019	0.00324	0.00488	0.09058	0.00741	0.00658
42	0.01645	0.01080	0.01360	0.01172	0.01572	0.00901	0.00898	0.01936	0.01818	0.12437	0.14054	0.21899	0.03645	0.01409	0.00816	0.00226	0.00534	0.03626	0.00701	0.28273
43	0.01446	0.00905	0.01149	0.01067	0.01316	0.00833	0.00806	0.01839	0.04652	0.11639	0.41808	0.12820	0.13322	0.01654	0.00920	0.00260	0.00438	0.01446	0.00854	0.00829
44	0.01112	0.00810	0.01045	0.00986	0.01178	0.00744	0.00740	0.01476	0.02220	0.03120	0.63400	0.06021	0.10886	0.01643	0.00935	0.00250	0.00376	0.01448	0.00865	0.00744
45	0.01590	0.04102	0.68023	0.02260	0.03432	0.01842	0.02930	0.02511	0.01674	0.02511	0.01423	0.01674	0.01005	0.00753	0.00753	0.00251	0.01172	0.00586	0.00335	0.01172
46	0.02365	0.02218	0.11810	0.03115	0.29881	0.01963	0.02046	0.19521	0.06266	0.10167	0.01873	0.02045	0.01392	0.00831	0.00786	0.00241	0.00908	0.00713	0.00581	0.01279
47	0.01122	0.00811	0.01060	0.00998	0.01185	0.00748	0.00748	0.01496	0.02245	0.03180	0.66766	0.05923	0.07482	0.01621	0.00935	0.00249	0.00374	0.01434	0.00873	0.00748
48	0.01306	0.00749	0.00805	0.00816	0.00912	0.00746	0.00533	0.01501	0.01433	0.02284	0.02658	0.08122	0.02598	0.31913	0.02093	0.00447	0.00548	0.01011	0.38904	0.00621
49	0.01167	0.00868	0.01176	0.01205	0.04719	0.00809	0.00838	0.01547	0.02221	0.03148	0.63271	0.05711	0.07149	0.01572	0.00927	0.00249	0.00405	0.01395	0.00847	0.00775
50	0.01573	0.01487	0.02515	0.59587	0.15508	0.01782	0.02240	0.02092	0.01621	0.02118	0.01423	0.02089	0.01089	0.00779	0.00792	0.00260	0.01038	0.00705	0.00359	0.00942
51	0.01842	0.02172	0.10804	0.10678	0.31366	0.01910	0.24560	0.02439	0.01792	0.02506	0.01516	0.02009	0.01189	0.00707	0.00836	0.00252	0.01120	0.00775	0.00385	0.01142
52	0.01005	0.00762	0.01081	0.01186	0.01279	0.00707	0.03575	0.01171	0.01552	0.02055	0.04471	0.64592	0.08830	0.02374	0.01004	0.00316	0.00496	0.02160	0.00721	0.00665
53	0.13429	0.01777	0.01941	0.08302	0.02395	0.01975	0.01336	0.32651	0.08956	0.08711	0.02029	0.02105	0.01469	0.00917	0.00727	0.00240	0.00764	0.00699	0.08420	0.01161
54	0.14557	0.01743	0.02600	0.09272	0.26200	0.01773	0.08956	0.05390	0.05448	0.02849	0.01539	0.01890	0.01224	0.00730	0.00725	0.00227	0.00867	0.00661	0.00461	0.12889

[dist]
# distance from previous block
# <min> <max>
4	8

[block]
# block no. 1 follows, 24 sequences, length 32
# corresponding to MSA columns:
# 105-136
name=unknown_B
#
# <colnr> <probs for GDERKNQSTAVLIFYWHMCP>
#	G	D	E	R	K	N	Q	S	T	A	V	L	I	F	Y	W	H	M	C	P
0	0.08351	0.09699	0.39840	0.02202	0.05676	0.01903	0.08895	0.02630	0.01732	0.09617	0.01573	0.01776	0.01129	0.00759	0.00734	0.00243	0.01048	0.00622	0.00428	0.01143
1	0.01602	0.02390	0.25646	0.02430	0.08565	0.01544	0.18108	0.02187	0.01717	0.04782	0.02324	0.20488	0.02243	0.01197	0.00874	0.00273	0.00987	0.01139	0.00488	0.01019
2	0.01002	0.00717	0.00958	0.01121	0.01189	0.00673	0.00777	0.01177	0.01602	0.02148	0.09646	0.61446	0.05384	0.02390	0.01012	0.00319	0.00473	0.06560	0.00747	0.00659
3	0.07366	0.07646	0.02773	0.42207	0.04366	0.01991	0.10946	0.08935	0.01844	0.02522	0.01443	0.01963	0.01092	0.00778	0.00767	0.00252	0.01027	0.00695	0.00416	0.00969
4	0.01994	0.01524	0.01876	0.01574	0.01955	0.01642	0.04786	0.23844	0.10118	0.05118	0.15448	0.14666	0.03397	0.03525	0.01059	0.00282	0.04244	0.01166	0.00751	0.01032
5	0.05828	0.01725	0.02962	0.28705	0.14338	0.01876	0.18180	0.02558	0.10952	0.02519	0.01720	0.02174	0.01313	0.00784	0.00815	0.00260	0.01026	0.00778	0.00445	0.01043
6	0.03118	0.01378	0.01791	0.01449	0.02003	0.01286	0.01189	0.03762	0.13160	0.51852	0.03224	0.03202	0.02233	0.01086	0.00821	0.00258	0.00671	0.05297	0.00933	0.01288
7	0.01525	0.01463	0.02547	0.65315	0.05365	0.01780	0.06762	0.02064	0.01607	0.02064	0.01424	0.02116	0.01068	0.00784	0.00803	0.00264	0.01078	0.00722	0.00356	0.00895
8	0.01671	0.09823	0.54817	0.02312	0.03397	0.01974	0.10207	0.02503	0.01693	0.02459	0.01417	0.01695	0.01030	0.00737	0.00754	0.00246	0.01164	0.00614	0.00343	0.01146
9	0.01647	0.00984	0.01123	0.09593	0.01661	0.01054	0.00865	0.08667	0.01877	0.03061	0.02365	0.02736	0.01836	0.00910	0.00610	0.00201	0.00511	0.00732	0.58744	0.00823
10	0.02513	0.02030	0.02093	0.01731	0.02268	0.04658	0.01387	0.33356	0.33428	0.04080	0.02514	0.02392	0.01851	0.01006	0.00797	0.00252	0.00775	0.00794	0.00786	0.01288
11	0.01738	0.01769	0.03399	0.31849	0.04484	0.01869	0.31332	0.05831	0.01841	0.02439	0.01656	0.05083	0.01322	0.00816	0.00870	0.00267	0.01153	0.00880	0.00417	0.00987
12	0.01903	0.01843	0.03201	0.12443	0.56474	0.01876	0.05819	0.02392	0.01783	0.02522	0.01488	0.01990	0.01230	0.00715	0.00794	0.00241	0.00977	0.00719	0.00388	0.01202
13	0.00966	0.00690	0.00920	0.01104	0.01150	0.00644	0.00736	0.01104	0.01518	0.02024	0.04371	0.71614	0.05245	0.02484	0.01012	0.00322	0.00460	0.02254	0.00736	0.00644
14	0.01594	0.01660	0.03263	0.09907	0.03328	0.01691	0.35179	0.02063	0.01683	0.02289	0.02201	0.19147	0.02162	0.01206	0.01120	0.00289	0.08615	0.01208	0.00472	0.00923
15	0.01887	0.01997	0.06514	0.06813	0.06896	0.01839	0.41764	0.02629	0.07276	0.06308	0.02229	0.02573	0.05666	0.00822	0.00893	0.00264	0.01134	0.00933	0.00485	0.01078
16	0.01152	0.00771	0.00875	0.00872	0.00882	0.00768	0.00495	0.01172	0.01212	0.01626	0.05946	0.05229	0.03130	0.68349	0.03870	0.00741	0.00748	0.01168	0.00502	0.00495
17	0.00993	0.00709	0.00950	0.01134	0.01192	0.00667	0.00782	0.01150	0.01544	0.02054	0.04356	0.66305	0.05187	0.02459	0.01019	0.00326	0.00483	0.07302	0.00736	0.00651
18	0.01755	0.05112	0.32648	0.02805	0.03767	0.01967	0.35309	0.02522	0.01777	0.02507	0.01509	0.01908	0.01110	0.00706	0.00842	0.00257	0.01249	0.00766	0.00370	0.01113
19	0.07287	0.08332	0.41612	0.02632	0.16846	0.01902	0.02485	0.02434	0.01681	0.02552	0.01509	0.01989	0.01201	0.00798	0.00738	0.00246	0.01039	0.03206	0.00376	0.01137
20	0.01553	0.01482	0.02553	0.61726	0.10569	0.01783	0.05033	0.02083	0.01617	0.02097	0.01425	0.02103	0.01080	0.00780	0.00799	0.00262	0.01060	0.00715	0.00358	0.00921
21	0.01121	0.00776	0.00866	0.00863	0.00911	0.00754	0.00511	0.01168	0.01302	0.01707	0.06556	0.05574	0.12225	0.58561	0.03437	0.00671	0.00696	0.01242	0.00537	0.00521
22	0.01903	0.02253	0.14878	0.14745	0.36372	0.01912	0.05972	0.07650	0.01912	0.02685	0.01507	0.01940	0.01183	0.00748	0.00790	0.00245	0.01020	0.00698	0.00410	0.01176
23	0.01551	0.01502	0.02686	0.24945	0.09213	0.01568	0.19009	0.04214	0.01775	0.02337	0.02679	0.13796	0.08928	0.01158	0.00882	0.00271	0.00952	0.01122	0.00488	0.00922
24	0.01000	0.00714	0.00959	0.01143	0.01204	0.00673	0.00795	0.01163	0.01552	0.02062	0.04352	0.64820	0.05171	0.02453	0.01021	0.00327	0.00489	0.08715	0.00735	0.00653
25	0.02692	0.01909	0.02075	0.01640	0.02166	0.02087	0.01314	0.46215	0.08514	0.08513	0.02183	0.02522	0.01703	0.11285	0.01265	0.00318	0.00824	0.00799	0.00762	0.01215
26	0.15823	0.02850	0.27805	0.02182	0.06384	0.05361	0.08790	0.14264	0.02079	0.05074	0.01520	0.01732	0.01108	0.00786	0.00734	0.00246	0.01018	0.00629	0.00483	0.01134
27	0.01491	0.01370	0.02305	0.66455	0.05220	0.01703	0.02120	0.01972	0.01556	0.01991	0.01408	0.02130	0.01075	0.00900	0.00918	0.04442	0.01037	0.00704	0.00352	0.00852
28	0.01262	0.00908	0.01256	0.01431	0.01617	0.00902	0.01247	0.01620	0.01825	0.02363	0.04372	0.08885	0.07384	0.02182	0.01088	0.00361	0.00715	0.59123	0.00730	0.00727
29	0.01695	0.09387	0.52173	0.02434	0.10155	0.01960	0.02656	0.02583	0.05121	0.02510	0.01501	0.01741	0.01109	0.00759	0.00740	0.00244	0.01091	0.00602	0.00367	0.01173
30	0.12523	0.01653	0.05376	0.07296	0.02332	0.01603	0.01327	0.03449	0.23620	0.24645	0.02561	0.02437	0.01800	0.00931	0.00746	0.00248	0.00705	0.00745	0.00741	0.05260
31	0.01027	0.00727	0.00956	0.01111	0.01170	0.00691	0.00764	0.01180	0.01529	0.02038	0.05992	0.54832	0.04953	0.10840	0.01384	0.00379	0.00524	0.08557	0.00709	0.00637

[dist]
# distance from previous block
# <min> <max>
0	1

[block]
# block no. 2 follows, 24 sequences, length 85
# corresponding to MSA columns:
# 138-222
name=unknown_C
#
# <colnr> <probs for GDERKNQSTAVLIFYWHMCP>
#	G	D	E	R	K	N	Q	S	T	A	V	L	I	F	Y	W	H	M	C	P
0	0.01175	0.00912	0.01343	0.01269	0.01484	0.00854	0.05708	0.01524	0.02004	0.02753	0.37756	0.16624	0.08936	0.01806	0.00977	0.00284	0.00528	0.12531	0.00783	0.00749
1	0.02634	0.23767	0.03021	0.01937	0.04839	0.21639	0.04652	0.22898	0.02504	0.02970	0.01439	0.01593	0.01145	0.00808	0.00692	0.00209	0.01051	0.00580	0.00512	0.01109
2	0.02100	0.01944	0.02440	0.37075	0.09768	0.09833	0.01955	0.17920	0.02210	0.02811	0.01508	0.01956	0.01144	0.00846	0.00839	0.00251	0.03206	0.00684	0.00473	0.01036
3	0.01296	0.00780	0.00902	0.00885	0.01074	0.00748	0.00672	0.01660	0.01921	0.02988	0.29859	0.04688	0.07233	0.01324	0.00757	0.00224	0.00390	0.03972	0.37888	0.00740
4	0.01039	0.00721	0.00899	0.01011	0.01039	0.00693	0.00636	0.01123	0.01376	0.01834	0.03640	0.45684	0.04323	0.29672	0.02193	0.00496	0.00581	0.01824	0.00636	0.00580
5	0.02573	0.02006	0.02321	0.01834	0.02410	0.02213	0.06209	0.40494	0.20390	0.04258	0.02273	0.02257	0.01661	0.00963	0.00797	0.00246	0.00819	0.00782	0.04220	0.01274
6	0.01086	0.00809	0.01009	0.00959	0.01162	0.00733	0.00719	0.01426	0.02158	0.02975	0.55155	0.06261	0.19222	0.01698	0.00936	0.00253	0.00380	0.01481	0.00846	0.00733
7	0.01644	0.01409	0.01644	0.01175	0.01879	0.01057	0.00940	0.01997	0.01644	0.02584	0.01409	0.01644	0.01175	0.00587	0.00587	0.00117	0.00587	0.00470	0.00470	0.76979
8	0.01936	0.01888	0.10114	0.01620	0.02344	0.01439	0.06921	0.08045	0.01889	0.07758	0.01589	0.01801	0.01227	0.00716	0.00767	0.00179	0.04018	0.00584	0.00511	0.44655
9	0.02907	0.03688	0.02255	0.02045	0.02435	0.65974	0.01541	0.03110	0.02201	0.01939	0.01217	0.01444	0.01022	0.00843	0.00799	0.00211	0.04526	0.00519	0.00406	0.00917
10	0.01115	0.00805	0.01054	0.01002	0.01183	0.00743	0.00748	0.01479	0.02212	0.03127	0.63922	0.08918	0.07380	0.01660	0.00939	0.00253	0.00378	0.01471	0.00867	0.00743
11	0.00976	0.00698	0.00929	0.01097	0.01152	0.00651	0.00737	0.01130	0.01566	0.02100	0.08484	0.67283	0.05392	0.02427	0.01007	0.00317	0.00454	0.02200	0.00745	0.00651
12	0.00966	0.00690	0.00920	0.01104	0.01150	0.00644	0.00736	0.01104	0.01518	0.02024	0.04371	0.71614	0.05245	0.02484	0.01012	0.00322	0.00460	0.02254	0.00736	0.00644
13	0.01691	0.01437	0.01669	0.01197	0.01899	0.01105	0.00959	0.04131	0.01715	0.02666	0.01426	0.01653	0.01180	0.00600	0.00594	0.00122	0.00597	0.00478	0.00481	0.74398
14	0.01662	0.13348	0.59403	0.02138	0.03244	0.02017	0.02718	0.02493	0.01666	0.02424	0.01380	0.01620	0.01006	0.00743	0.00720	0.00240	0.01128	0.00564	0.00335	0.01151
15	0.02120	0.72609	0.04155	0.01357	0.02035	0.03138	0.01357	0.02374	0.01611	0.01866	0.01102	0.01272	0.01018	0.00678	0.00509	0.00170	0.00848	0.00424	0.00339	0.01018
16	0.05950	0.02274	0.14394	0.05610	0.07832	0.01837	0.37216	0.02549	0.01814	0.07552	0.01744	0.04431	0.01347	0.00780	0.00858	0.00261	0.01153	0.00861	0.00448	0.01087
17	0.02444	0.01686	0.01898	0.01521	0.02080	0.01599	0.01206	0.23333	0.02537	0.10578	0.02356	0.05865	0.01950	0.01094	0.00810	0.00241	0.00741	0.03681	0.08630	0.25749
18	0.01735	0.01735	0.02429	0.02082	0.02082	0.02429	0.01735	0.01908	0.01214	0.01908	0.01041	0.01735	0.01041	0.01388	0.02602	0.00347	0.70680	0.00694	0.00347	0.00867
19	0.01889	0.06854	0.11566	0.11391	0.23660	0.04681	0.12758	0.05139	0.01843	0.02516	0.04253	0.02059	0.01423	0.00816	0.00916	0.00249	0.05745	0.00734	0.00414	0.01094
20	0.02099	0.04527	0.06704	0.03990	0.44129	0.12764	0.09342	0.02566	0.01871	0.02453	0.01446	0.01860	0.01191	0.00722	0.00781	0.00233	0.01075	0.00686	0.00391	0.01169
21	0.01422	0.01264	0.01668	0.01529	0.01707	0.06317	0.04483	0.01709	0.01395	0.01968	0.01896	0.02718	0.01730	0.04266	0.45769	0.00930	0.12295	0.00798	0.05366	0.00769
22	0.01644	0.01409	0.01644	0.01175	0.01879	0.01057	0.00940	0.01997	0.01644	0.02584	0.01409	0.01644	0.01175	0.00587	0.00587	0.00117	0.00587	0.00470	0.00470	0.76979
23	0.01727	0.02550	0.21767	0.15081	0.04185	0.01916	0.36169	0.02440	0.01766	0.02440	0.01519	0.02006	0.01122	0.00714	0.00860	0.00262	0.01241	0.00798	0.00374	0.01064
24	0.25468	0.29853	0.02673	0.03387	0.02036	0.02394	0.01257	0.10007	0.01815	0.08052	0.01368	0.01523	0.01088	0.00803	0.00706	0.00222	0.05317	0.00517	0.00493	0.01022
25	0.01519	0.01220	0.01693	0.06932	0.08066	0.04010	0.06049	0.01840	0.01870	0.08101	0.13700	0.16938	0.18504	0.01583	0.00911	0.00272	0.00668	0.04593	0.00676	0.00853
26	0.01743	0.03078	0.35676	0.02968	0.10311	0.01912	0.27728	0.02515	0.01768	0.02531	0.01504	0.01892	0.01111	0.00714	0.00831	0.00256	0.01215	0.00740	0.00368	0.01139
27	0.01638	0.06640	0.47505	0.07604	0.05714	0.01876	0.10244	0.02431	0.01715	0.02475	0.03879	0.01915	0.01285	0.00773	0.00775	0.00250	0.01131	0.00666	0.00367	0.01117
28	0.04331	0.00815	0.01016	0.01046	0.01214	0.00759	0.00753	0.01443	0.01849	0.05823	0.27718	0.34211	0.12131	0.01967	0.00943	0.00282	0.00439	0.01741	0.00789	0.00730
29	0.01132	0.00874	0.01260	0.01298	0.01438	0.00843	0.05004	0.01443	0.04665	0.02226	0.08803	0.47916	0.04816	0.05688	0.01153	0.00338	0.00567	0.09110	0.00714	0.00711
30	0.01807	0.01864	0.06421	0.23792	0.45791	0.01846	0.02393	0.02319	0.01734	0.02422	0.01464	0.01991	0.01185	0.00734	0.00786	0.00245	0.00988	0.00700	0.00378	0.01142
31	0.00999	0.00714	0.00956	0.01130	0.01193	0.00671	0.00782	0.01165	0.01573	0.02100	0.06868	0.63676	0.05277	0.02425	0.01016	0.00323	0.00479	0.07255	0.00741	0.00656
32	0.01617	0.03917	0.62070	0.02362	0.03499	0.01857	0.08697	0.02514	0.01693	0.02514	0.01440	0.01718	0.01023	0.00745	0.00771	0.00253	0.01187	0.00619	0.00341	0.01162
33	0.06929	0.05328	0.05400	0.04639	0.02474	0.02123	0.01491	0.39932	0.03007	0.17736	0.02038	0.02007	0.01408	0.00918	0.00763	0.00239	0.00838	0.00696	0.00755	0.01279
34	0.02721	0.02581	0.13810	0.01899	0.02612	0.04600	0.01746	0.49120	0.05888	0.04390	0.01852	0.01891	0.01322	0.00918	0.00784	0.00240	0.00934	0.00692	0.00701	0.01299
35	0.01059	0.00825	0.01030	0.01196	0.03470	0.00772	0.00819	0.01336	0.04433	0.02160	0.05265	0.43066	0.22692	0.02203	0.00980	0.00304	0.00487	0.06470	0.00727	0.00706
36	0.07220	0.01389	0.01774	0.01405	0.01977	0.01291	0.01148	0.03755	0.10539	0.53874	0.05010	0.02758	0.02136	0.01001	0.00787	0.00249	0.00656	0.00811	0.00929	0.01292
37	0.02220	0.34358	0.14203	0.05060	0.08672	0.05402	0.05086	0.02645	0.01776	0.11479	0.01527	0.01698	0.01184	0.00748	0.00661	0.00211	0.00948	0.00574	0.00442	0.01105
38	0.01037	0.00761	0.00982	0.01135	0.01211	0.00735	0.00771	0.01321	0.05775	0.02144	0.06168	0.65116	0.05126	0.02366	0.00996	0.00316	0.00469	0.02140	0.00745	0.00688
39	0.01683	0.01888	0.06295	0.07090	0.03282	0.01917	0.33127	0.02157	0.01629	0.02275	0.01792	0.10925	0.01661	0.01100	0.01359	0.00294	0.19136	0.01012	0.00424	0.00955
40	0.04673	0.01753	0.03118	0.21497	0.11429	0.01875	0.23393	0.07168	0.01843	0.02558	0.01717	0.07360	0.01467	0.00919	0.00966	0.00269	0.05652	0.00893	0.00443	0.01008
41	0.03052	0.01412	0.01848	0.06687	0.02241	0.01350	0.01236	0.10894	0.04327	0.46383	0.06012	0.02741	0.02113	0.00995	0.00791	0.00244	0.00695	0.00812	0.04918	0.01248
42	0.01134	0.00846	0.01254	0.01254	0.01388	0.00980	0.00966	0.01403	0.01268	0.01826	0.02143	0.03219	0.02028	0.09265	0.65733	0.01249	0.02056	0.00865	0.00428	0.00697
43	0.01707	0.03288	0.41767	0.02709	0.03727	0.01909	0.28370	0.02523	0.01756	0.02523	0.01498	0.01867	0.01087	0.00718	0.00829	0.00258	0.01240	0.00731	0.00362	0.01129
44	0.03288	0.01324	0.01776	0.01388	0.01959	0.01171	0.01137	0.03693	0.05315	0.59514	0.08188	0.02968	0.02423	0.01037	0.00809	0.00247	0.00649	0.00853	0.00964	0.01297
45	0.01590	0.04102	0.68023	0.02260	0.03432	0.01842	0.02930	0.02511	0.01674	0.02511	0.01423	0.01674	0.01005	0.00753	0.00753	0.00251	0.01172	0.00586	0.00335	0.01172
46	0.01122	0.00809	0.01063	0.01023	0.01203	0.00750	0.00771	0.01484	0.02192	0.03089	0.61046	0.09208	0.07248	0.01687	0.00946	0.00258	0.00394	0.04105	0.00860	0.00742
47	0.07301	0.00807	0.00807	0.00798	0.01003	0.00835	0.00606	0.01856	0.01613	0.02929	0.02443	0.02839	0.01939	0.01241	0.05061	0.00261	0.00504	0.00723	0.65687	0.00746
48	0.08422	0.01403	0.01821	0.01406	0.02013	0.01267	0.01162	0.06644	0.02278	0.60525	0.02937	0.02568	0.01861	0.00964	0.00777	0.00245	0.00680	0.00769	0.00940	0.01317
49	0.01633	0.01548	0.02624	0.51139	0.23487	0.01798	0.02270	0.02145	0.01650	0.02191	0.01433	0.02070	0.01115	0.00768	0.00791	0.00256	0.01023	0.00705	0.00364	0.00990
50	0.01798	0.02011	0.04312	0.08844	0.04116	0.01922	0.56143	0.02430	0.01831	0.02473	0.01717	0.05368	0.01379	0.00763	0.00927	0.00270	0.01273	0.00978	0.00413	0.01034
51	0.03558	0.01350	0.01840	0.01411	0.02024	0.01166	0.01166	0.03865	0.02270	0.67734	0.03128	0.02699	0.01963	0.00981	0.00797	0.00245	0.00675	0.00797	0.00981	0.01350
52	0.00966	0.00690	0.00920	0.01104	0.01150	0.00644	0.00736	0.01104	0.01518	0.02024	0.04371	0.71614	0.05245	0.02484	0.01012	0.00322	0.00460	0.02254	0.00736	0.00644
53	0.00992	0.00831	0.03700	0.01152	0.01245	0.00694	0.00827	0.01162	0.01525	0.02044	0.04249	0.68717	0.05069	0.02413	0.01001	0.00319	0.00490	0.02185	0.00719	0.00666
54	0.03558	0.01350	0.01840	0.01411	0.02024	0.01166	0.01166	0.03865	0.02270	0.67734	0.03128	0.02699	0.01963	0.00981	0.00797	0.00245	0.00675	0.00797	0.00981	0.01350
55	0.01590	0.04102	0.68023	0.02260	0.03432	0.01842	0.02930	0.02511	0.01674	0.02511	0.01423	0.01674	0.01005	0.00753	0.00753	0.00251	0.01172	0.00586	0.00335	0.01172
56	0.00966	0.00690	0.00920	0.01104	0.01150	0.00644	0.00736	0.01104	0.01518	0.02024	0.04371	0.71614	0.05245	0.02484	0.01012	0.00322	0.00460	0.02254	0.00736	0.00644
57	0.05006	0.06987	0.53926	0.02285	0.06099	0.01880	0.04965	0.02554	0.01696	0.05371	0.01478	0.01713	0.01059	0.00754	0.00741	0.00247	0.01107	0.00599	0.00375	0.01159
58	0.01590	0.04102	0.68023	0.02260	0.03432	0.01842	0.02930	0.02511	0.01674	0.02511	0.01423	0.01674	0.01005	0.00753	0.00753	0.00251	0.01172	0.00586	0.00335	0.01172
59	0.01872	0.02139	0.04679	0.03342	0.04144	0.02005	0.64305	0.02540	0.01872	0.02540	0.01604	0.02139	0.01203	0.00668	0.00936	0.00267	0.01337	0.00936	0.00401	0.01070
60	0.01775	0.02008	0.10827	0.24520	0.40589	0.01842	0.02423	0.02319	0.01722	0.02409	0.01458	0.01974	0.01165	0.00739	0.00784	0.00246	0.01005	0.00691	0.00373	0.01131
61	0.01759	0.06880	0.52596	0.02148	0.03172	0.01798	0.05408	0.02553	0.01736	0.07473	0.01730	0.02234	0.01322	0.00858	0.00776	0.00255	0.01097	0.04649	0.00414	0.01144
62	0.01306	0.01003	0.01218	0.01131	0.01374	0.01012	0.00858	0.02083	0.15943	0.03210	0.53061	0.05284	0.06390	0.01504	0.00908	0.00254	0.00429	0.01318	0.00859	0.00858
63	0.01854	0.02104	0.04569	0.06553	0.04208	0.01994	0.61324	0.02515	0.01858	0.02515	0.01595	0.02138	0.01196	0.00674	0.00929	0.00267	0.01323	0.00925	0.00399	0.01060
64	0.01933	0.02574	0.25090	0.06815	0.32852	0.01816	0.04357	0.02624	0.04362	0.07557	0.01663	0.01974	0.01260	0.00762	0.00781	0.00245	0.01005	0.00687	0.00433	0.01210
65	0.01810	0.06134	0.14464	0.07420	0.03917	0.02042	0.44421	0.02466	0.01779	0.02439	0.01512	0.02000	0.01145	0.00722	0.00946	0.00263	0.04251	0.00827	0.00382	0.01062
66	0.00978	0.00699	0.00934	0.01118	0.01169	0.00654	0.00757	0.01125	0.01530	0.02038	0.04364	0.69234	0.05219	0.02473	0.01015	0.00324	0.00470	0.04517	0.00736	0.00647
67	0.02156	0.57560	0.12915	0.01487	0.02230	0.02805	0.01562	0.02508	0.01671	0.07006	0.01303	0.01438	0.01088	0.00712	0.00565	0.00187	0.00880	0.00475	0.00388	0.01065
68	0.38140	0.07647	0.27994	0.01590	0.02372	0.01937	0.01751	0.05715	0.01624	0.03098	0.01273	0.01473	0.00954	0.00750	0.00612	0.00242	0.00866	0.00506	0.00434	0.01021
69	0.00995	0.00791	0.00894	0.00900	0.01115	0.00689	0.00663	0.01239	0.01899	0.02433	0.24856	0.15437	0.41372	0.01956	0.00946	0.00269	0.00401	0.01678	0.00777	0.00689
70	0.00974	0.00696	0.00927	0.01099	0.01152	0.00649	0.00737	0.01124	0.01555	0.02082	0.07499	0.68321	0.05357	0.02441	0.01008	0.00318	0.00456	0.02213	0.00743	0.00649
71	0.02071	0.01739	0.04862	0.19728	0.14114	0.01801	0.04526	0.09735	0.15617	0.09768	0.02236	0.02729	0.01739	0.00959	0.00819	0.00262	0.00881	0.04684	0.00597	0.01136
72	0.01385	0.00693	0.01011	0.01011	0.01025	0.00693	0.00678	0.01096	0.01081	0.01498	0.01470	0.02452	0.01428	0.02614	0.02904	0.71045	0.00664	0.00693	0.06185	0.00375
73	0.01062	0.00844	0.00959	0.00931	0.01166	0.00761	0.00697	0.01427	0.04896	0.02625	0.32193	0.08688	0.37255	0.01819	0.00933	0.00262	0.00402	0.01556	0.00797	0.00728
74	0.17119	0.05264	0.16899	0.19492	0.03412	0.01875	0.09943	0.07117	0.01792	0.04996	0.01566	0.02081	0.01209	0.00823	0.00741	0.00255	0.00980	0.02966	0.00452	0.01017
75	0.01644	0.10969	0.61621	0.02170	0.03292	0.01972	0.02772	0.02498	0.01668	0.02447	0.01391	0.01634	0.01006	0.00746	0.00729	0.00243	0.01139	0.00570	0.00335	0.01156
76	0.01022	0.00740	0.00972	0.01126	0.01201	0.00704	0.00775	0.01252	0.03570	0.02167	0.09112	0.61934	0.05302	0.02363	0.01003	0.00317	0.00470	0.04549	0.00749	0.00674
77	0.01695	0.01795	0.03595	0.34863	0.04765	0.01891	0.35037	0.02298	0.01737	0.02298	0.01512	0.02127	0.01134	0.00727	0.00868	0.00266	0.01205	0.00827	0.00378	0.00981
78	0.05467	0.01274	0.03646	0.04512	0.01950	0.01107	0.01123	0.02939	0.02035	0.41611	0.10256	0.11466	0.02921	0.04779	0.00989	0.00282	0.00650	0.01040	0.00846	0.01106
79	0.03304	0.01561	0.01957	0.01523	0.02122	0.01498	0.01262	0.19919	0.02637	0.47887	0.02854	0.02787	0.01924	0.01032	0.00811	0.00249	0.00730	0.03706	0.00919	0.01320
80	0.04645	0.00737	0.01057	0.01052	0.01084	0.00759	0.00719	0.01118	0.01065	0.01507	0.01423	0.02416	0.01401	0.02913	0.08038	0.67828	0.00796	0.00690	0.00357	0.00394
81	0.01762	0.01206	0.01725	0.11178	0.10047	0.01227	0.01337	0.04759	0.04903	0.12392	0.22654	0.08869	0.04019	0.01381	0.00891	0.00269	0.00665	0.09035	0.00725	0.00955
82	0.01830	0.01840	0.03407	0.19777	0.36092	0.01887	0.18703	0.02366	0.01772	0.02445	0.01502	0.02045	0.01196	0.00717	0.00827	0.00251	0.01073	0.00767	0.00385	0.01119
83	0.11628	0.06188	0.52553	0.02012	0.03040	0.01838	0.02485	0.02572	0.01669	0.06922	0.01482	0.01676	0.01049	0.00763	0.00713	0.00247	0.01054	0.00573	0.00398	0.01137
84	0.77733	0.01534	0.01166	0.01043	0.01534	0.01779	0.00859	0.02331	0.01350	0.03558	0.01104	0.01288	0.00859	0.00736	0.00491	0.00245	0.00613	0.00429	0.00491	0.00859

[dist]
# distance from previous block
# <min> <max>
0	2

[block]
# block no. 3 follows, 24 sequences, length 25
# corresponding to MSA columns:
# 225-249
name=unknown_D
#
# <colnr> <probs for GDERKNQSTAVLIFYWHMCP>
#	G	D	E	R	K	N	Q	S	T	A	V	L	I	F	Y	W	H	M	C	P
0	0.10257	0.11091	0.02207	0.01664	0.02105	0.29426	0.01314	0.16020	0.02252	0.02723	0.01576	0.06435	0.01396	0.01092	0.00896	0.06385	0.01028	0.00671	0.00510	0.00953
1	0.01127	0.00789	0.00946	0.00919	0.01016	0.00754	0.00604	0.01301	0.01664	0.02285	0.30677	0.05650	0.08610	0.37478	0.02511	0.00514	0.00576	0.01305	0.00666	0.00608
2	0.01925	0.02106	0.03625	0.12185	0.03713	0.08006	0.35722	0.04358	0.01793	0.02368	0.01441	0.01985	0.01139	0.00851	0.01223	0.00276	0.15076	0.00811	0.00397	0.00999
3	0.01907	0.29061	0.38917	0.01900	0.02836	0.04884	0.02231	0.05558	0.01775	0.02377	0.01322	0.01529	0.01027	0.00738	0.00664	0.00219	0.01048	0.00530	0.00362	0.01115
4	0.02943	0.02264	0.02298	0.01792	0.02391	0.06984	0.01467	0.57533	0.03535	0.04696	0.01887	0.01917	0.01356	0.00941	0.00777	0.00233	0.00889	0.00701	0.04103	0.01292
5	0.01128	0.00764	0.00875	0.00889	0.00909	0.00753	0.00517	0.01160	0.01247	0.01660	0.05141	0.11252	0.05463	0.60969	0.03548	0.00693	0.00714	0.01280	0.00526	0.00511
6	0.03825	0.01514	0.02467	0.25713	0.03512	0.01633	0.13273	0.02691	0.06930	0.16925	0.02055	0.02355	0.01478	0.00874	0.00883	0.00257	0.04365	0.00780	0.07434	0.01036
7	0.05260	0.01273	0.03940	0.01324	0.01506	0.05072	0.01028	0.01721	0.01554	0.06649	0.07967	0.22252	0.03304	0.14911	0.07164	0.00460	0.09965	0.03303	0.00594	0.00756
8	0.01355	0.00888	0.01208	0.01253	0.01458	0.00848	0.01027	0.01704	0.01998	0.07228	0.28369	0.11675	0.05559	0.01906	0.01007	0.00309	0.00570	0.30060	0.00803	0.00774
9	0.01287	0.00991	0.01228	0.01311	0.01540	0.01000	0.01081	0.01890	0.11580	0.02474	0.07058	0.12703	0.16443	0.01988	0.01008	0.00324	0.00616	0.33936	0.00749	0.00792
10	0.01697	0.06677	0.35768	0.08817	0.12460	0.01895	0.13277	0.02416	0.01722	0.02444	0.01571	0.02141	0.01240	0.00796	0.00795	0.00254	0.01121	0.03424	0.00374	0.01112
11	0.02403	0.01894	0.02033	0.01692	0.02209	0.02142	0.01356	0.31547	0.34102	0.04005	0.02566	0.02486	0.01909	0.01276	0.04392	0.00308	0.00818	0.00811	0.00781	0.01269
12	0.01354	0.00901	0.01150	0.01055	0.01293	0.00843	0.00802	0.01814	0.05573	0.08328	0.55661	0.05585	0.09446	0.01558	0.00918	0.00251	0.00413	0.01365	0.00872	0.00820
13	0.07319	0.02058	0.02820	0.17129	0.38162	0.11878	0.04565	0.02459	0.01798	0.02447	0.01413	0.01873	0.01152	0.00741	0.00761	0.00239	0.01030	0.00667	0.00394	0.01096
14	0.01884	0.06747	0.03304	0.11318	0.33761	0.02034	0.13918	0.02469	0.05767	0.02451	0.01546	0.02008	0.01261	0.00792	0.00960	0.00252	0.07253	0.00741	0.00408	0.01127
15	0.00978	0.00710	0.00923	0.01070	0.01147	0.00655	0.00726	0.01142	0.01607	0.02137	0.10256	0.60586	0.10396	0.02369	0.00999	0.00311	0.00448	0.02134	0.00748	0.00655
16	0.01844	0.02058	0.04381	0.09432	0.08245	0.01976	0.54831	0.02487	0.01842	0.02497	0.01580	0.02126	0.01193	0.00682	0.00913	0.00265	0.01287	0.00901	0.00396	0.01064
17	0.13082	0.24158	0.18594	0.05518	0.08778	0.02203	0.01787	0.04747	0.04902	0.05063	0.03408	0.01782	0.01327	0.00783	0.00656	0.00224	0.00881	0.00584	0.00446	0.01076
18	0.02159	0.01221	0.05286	0.01251	0.01665	0.00980	0.01049	0.02522	0.02176	0.30089	0.32373	0.08476	0.04653	0.01357	0.00872	0.00252	0.00552	0.01170	0.00878	0.01018
19	0.01379	0.00963	0.01293	0.01426	0.05943	0.00914	0.01032	0.01755	0.03852	0.07319	0.22595	0.14563	0.13854	0.01812	0.00964	0.00292	0.00554	0.17905	0.00770	0.00813
20	0.25806	0.02021	0.09136	0.09330	0.17331	0.03398	0.07337	0.06813	0.04606	0.04956	0.01513	0.01802	0.01154	0.00770	0.00704	0.00247	0.00894	0.00635	0.00478	0.01070
21	0.13404	0.02836	0.32598	0.02742	0.19645	0.01841	0.05106	0.02598	0.05422	0.04351	0.01548	0.01811	0.01163	0.00759	0.00734	0.00248	0.00990	0.00633	0.00420	0.01151
22	0.01002	0.00806	0.00894	0.00872	0.01111	0.00697	0.00654	0.01264	0.01961	0.02507	0.28697	0.07031	0.45971	0.01872	0.00937	0.00261	0.00392	0.01589	0.00784	0.00697
23	0.07754	0.01454	0.01566	0.13918	0.02305	0.08608	0.01220	0.06996	0.07513	0.02540	0.02575	0.22147	0.02549	0.01842	0.07660	0.00367	0.00894	0.01142	0.06093	0.00858
24	0.01901	0.01879	0.04625	0.02964	0.27238	0.06337	0.07352	0.07420	0.08007	0.02874	0.14124	0.02927	0.04472	0.01000	0.00889	0.00247	0.03193	0.00893	0.00562	0.01095

[dist]
# distance from previous block
# <min> <max>
0	17

# created by:
# /st0/software/busco_prod/Augustus/scripts/msa2prfl.pl ./align_prep/117074.fa
