[name]
unknown

[dist]
# distance from previous block
# <min> <max>
13	23

[block]
# block no. 0 follows, 26 sequences, length 178
# corresponding to MSA columns:
# 25-202
name=unknown_A
#
# <colnr> <probs for GDERKNQSTAVLIFYWHMCP>
#	G	D	E	R	K	N	Q	S	T	A	V	L	I	F	Y	W	H	M	C	P
0	0.00990	0.00948	0.03866	0.00928	0.01191	0.00785	0.00753	0.01235	0.01751	0.02203	0.16307	0.08429	0.50685	0.01795	0.00971	0.00258	0.04044	0.01489	0.00689	0.00682
1	0.02230	0.01162	0.01449	0.01230	0.01638	0.01086	0.00995	0.10576	0.02193	0.29863	0.12849	0.07216	0.15345	0.01376	0.00842	0.00253	0.00578	0.07292	0.00824	0.01004
2	0.01591	0.09321	0.57117	0.02205	0.03250	0.01878	0.09528	0.02395	0.01617	0.02356	0.01355	0.01619	0.00982	0.00706	0.00721	0.00236	0.01113	0.00584	0.00327	0.01099
3	0.01150	0.00831	0.01133	0.01294	0.01454	0.00814	0.01090	0.01452	0.01698	0.02200	0.04329	0.18628	0.09465	0.02126	0.01023	0.00335	0.00633	0.48964	0.00700	0.00681
4	0.00933	0.00672	0.00887	0.01056	0.01113	0.00626	0.00717	0.01075	0.01473	0.01952	0.04315	0.68030	0.07522	0.02349	0.00968	0.00307	0.00447	0.04234	0.00704	0.00620
5	0.04394	0.01412	0.01656	0.01608	0.04681	0.06765	0.03536	0.10493	0.04215	0.09460	0.03171	0.16903	0.06234	0.01533	0.00932	0.00281	0.03202	0.17965	0.00665	0.00894
6	0.01893	0.02070	0.07608	0.09540	0.51620	0.07423	0.04179	0.02363	0.01738	0.02377	0.01398	0.01833	0.01150	0.00693	0.00748	0.00227	0.00975	0.00659	0.00370	0.01135
7	0.02437	0.02893	0.02443	0.07934	0.22827	0.44264	0.01777	0.02734	0.01973	0.02053	0.01263	0.01572	0.01048	0.00748	0.00710	0.00209	0.01199	0.00560	0.00382	0.00975
8	0.01100	0.00746	0.00883	0.00883	0.00902	0.00765	0.00529	0.01139	0.01119	0.01512	0.02339	0.04683	0.02636	0.63788	0.13250	0.00804	0.00918	0.01062	0.00452	0.00490
9	0.01566	0.08442	0.62283	0.02150	0.03225	0.01850	0.05444	0.02395	0.01606	0.02363	0.01349	0.01595	0.00970	0.00712	0.00713	0.00236	0.01107	0.00565	0.00323	0.01107
10	0.01721	0.01657	0.02864	0.27568	0.44003	0.01767	0.05030	0.02198	0.01658	0.02290	0.01404	0.01934	0.01134	0.00703	0.00760	0.00236	0.00955	0.00685	0.00363	0.01070
11	0.00924	0.00660	0.00880	0.01056	0.01100	0.00616	0.00704	0.01056	0.01452	0.01936	0.04181	0.72848	0.05017	0.02376	0.00968	0.00308	0.00440	0.02156	0.00704	0.00616
12	0.01679	0.01411	0.01630	0.01174	0.01842	0.01120	0.00943	0.07101	0.01734	0.02658	0.01386	0.01593	0.01137	0.00590	0.00578	0.00122	0.00584	0.00468	0.00474	0.71776
13	0.01994	0.43117	0.24190	0.01623	0.02396	0.07988	0.01774	0.02435	0.01637	0.04905	0.01244	0.01408	0.01009	0.00695	0.00588	0.00192	0.00946	0.00476	0.00355	0.01026
14	0.04956	0.04868	0.01433	0.01260	0.04136	0.01308	0.00916	0.13240	0.09068	0.02638	0.04177	0.11572	0.24622	0.11008	0.01214	0.00313	0.00593	0.01196	0.00646	0.00839
15	0.01984	0.67750	0.09640	0.01373	0.02062	0.02894	0.01428	0.02283	0.01546	0.01838	0.01081	0.01250	0.00972	0.00655	0.00507	0.00169	0.00838	0.00419	0.00324	0.00986
16	0.01688	0.01730	0.03300	0.27830	0.22737	0.01803	0.25249	0.02227	0.01675	0.02269	0.01438	0.01990	0.01116	0.00692	0.00806	0.00246	0.01077	0.00755	0.00365	0.01010
17	0.01977	0.01981	0.02914	0.04219	0.58386	0.08882	0.02182	0.02487	0.05094	0.02449	0.01485	0.01873	0.01235	0.00705	0.00745	0.00224	0.00934	0.00666	0.00397	0.01168
18	0.00972	0.00694	0.00882	0.01008	0.01069	0.00654	0.00676	0.01101	0.01444	0.01910	0.06021	0.51298	0.09065	0.14911	0.01478	0.00380	0.00498	0.04679	0.00664	0.00597
19	0.01095	0.00732	0.00830	0.00838	0.00840	0.00730	0.00471	0.01101	0.01119	0.01492	0.02471	0.08031	0.02860	0.70136	0.03730	0.00716	0.00722	0.01151	0.00471	0.00467
20	0.05131	0.01483	0.01683	0.01613	0.05807	0.03930	0.01190	0.17923	0.13518	0.10508	0.04742	0.18337	0.02756	0.01351	0.00822	0.00261	0.00673	0.06532	0.00718	0.01019
21	0.01201	0.00996	0.01321	0.04436	0.01570	0.04521	0.01021	0.01460	0.01282	0.01771	0.02014	0.05319	0.01923	0.07525	0.56690	0.01047	0.03957	0.00843	0.00413	0.00689
22	0.72093	0.01451	0.01171	0.01028	0.01508	0.01650	0.00847	0.02358	0.01368	0.09172	0.01226	0.01351	0.00914	0.00725	0.00495	0.00235	0.00592	0.00442	0.00511	0.00863
23	0.01696	0.01421	0.01639	0.01182	0.01850	0.01137	0.00950	0.07954	0.01761	0.02689	0.01393	0.01596	0.01139	0.00595	0.00580	0.00123	0.00587	0.00471	0.00479	0.70757
24	0.01182	0.00767	0.00996	0.01066	0.01209	0.00708	0.00778	0.01386	0.01658	0.07439	0.13382	0.40275	0.11706	0.04898	0.01059	0.00309	0.00482	0.09281	0.00731	0.00690
25	0.01098	0.00808	0.01196	0.01196	0.01334	0.00937	0.00930	0.01373	0.01235	0.01808	0.02051	0.02973	0.01898	0.05477	0.67258	0.01173	0.01958	0.00808	0.03809	0.00679
26	0.00936	0.00667	0.00884	0.01045	0.01094	0.00624	0.00697	0.01074	0.01473	0.01971	0.06952	0.67889	0.05045	0.04426	0.01050	0.00318	0.00445	0.02091	0.00703	0.00616
27	0.56731	0.01466	0.01334	0.01124	0.01629	0.01605	0.00927	0.06406	0.01631	0.18688	0.01550	0.01580	0.01094	0.00771	0.00555	0.00234	0.00615	0.00508	0.00595	0.00958
28	0.59454	0.01351	0.01153	0.01015	0.01465	0.01493	0.00828	0.02256	0.01472	0.10715	0.05260	0.02139	0.07141	0.00880	0.00561	0.00237	0.00564	0.00603	0.00562	0.00853
29	0.02833	0.03615	0.02149	0.01954	0.02345	0.70298	0.01466	0.03029	0.02149	0.01856	0.01172	0.01368	0.00977	0.00782	0.00684	0.00195	0.01368	0.00489	0.00391	0.00879
30	0.20292	0.01330	0.01615	0.01271	0.01831	0.01246	0.01049	0.03368	0.01974	0.54393	0.02558	0.02279	0.01641	0.00886	0.00697	0.00235	0.00632	0.00684	0.00834	0.01186
31	0.49681	0.01449	0.01394	0.01157	0.01673	0.01550	0.00954	0.06544	0.01714	0.24842	0.01731	0.01706	0.01193	0.00793	0.00582	0.00234	0.00621	0.00541	0.00639	0.01002
32	0.00999	0.00697	0.00853	0.00946	0.00981	0.00668	0.00595	0.01077	0.01317	0.01744	0.03582	0.41175	0.06921	0.32371	0.02188	0.00486	0.00562	0.01686	0.00601	0.00551
33	0.09369	0.01321	0.01667	0.01318	0.01853	0.01232	0.01078	0.06142	0.06067	0.51613	0.07991	0.02697	0.02212	0.00972	0.00749	0.00236	0.00623	0.00784	0.00874	0.01200
34	0.78701	0.01467	0.01115	0.00997	0.01467	0.01702	0.00821	0.02230	0.01291	0.03403	0.01056	0.01232	0.00821	0.00704	0.00469	0.00235	0.00587	0.00411	0.00469	0.00821
35	0.00938	0.00670	0.00896	0.01072	0.01121	0.00628	0.00728	0.01079	0.01465	0.01951	0.04173	0.69943	0.04987	0.02364	0.00972	0.00310	0.00452	0.04929	0.00704	0.00620
36	0.00923	0.00769	0.00805	0.00796	0.01041	0.00651	0.00597	0.01139	0.01791	0.02196	0.16642	0.07058	0.59254	0.01866	0.00896	0.00254	0.00380	0.01567	0.00724	0.00651
37	0.03227	0.01574	0.01935	0.01484	0.02077	0.01535	0.01226	0.24856	0.02644	0.47309	0.02595	0.02324	0.01678	0.00929	0.00761	0.00232	0.00710	0.00736	0.00878	0.01291
38	0.02833	0.03615	0.02149	0.01954	0.02345	0.70298	0.01466	0.03029	0.02149	0.01856	0.01172	0.01368	0.00977	0.00782	0.00684	0.00195	0.01368	0.00489	0.00391	0.00879
39	0.02883	0.02125	0.02276	0.01745	0.02352	0.02352	0.01442	0.66082	0.03566	0.04780	0.01821	0.01821	0.01290	0.00911	0.00759	0.00228	0.00835	0.00683	0.00759	0.01290
40	0.00967	0.00678	0.00867	0.01001	0.01035	0.00645	0.00646	0.01067	0.01369	0.01825	0.03753	0.56625	0.04477	0.19336	0.01659	0.00410	0.00511	0.01905	0.00646	0.00579
41	0.01107	0.00790	0.01107	0.01107	0.01217	0.00890	0.00822	0.01327	0.01217	0.01765	0.02132	0.03382	0.02077	0.19410	0.52376	0.01056	0.01662	0.00866	0.05054	0.00634
42	0.01432	0.01348	0.02275	0.71520	0.05224	0.01685	0.02107	0.01938	0.01517	0.01938	0.01348	0.02022	0.01011	0.00758	0.00758	0.00253	0.01011	0.00674	0.00337	0.00843
43	0.01432	0.01348	0.02275	0.71520	0.05224	0.01685	0.02107	0.01938	0.01517	0.01938	0.01348	0.02022	0.01011	0.00758	0.00758	0.00253	0.01011	0.00674	0.00337	0.00843
44	0.05141	0.01152	0.01498	0.01226	0.01677	0.01041	0.00984	0.02956	0.04892	0.44378	0.16396	0.06942	0.05994	0.01175	0.00796	0.00241	0.00561	0.00986	0.00873	0.01092
45	0.00924	0.00660	0.00880	0.01056	0.01100	0.00616	0.00704	0.01056	0.01452	0.01936	0.04181	0.72848	0.05017	0.02376	0.00968	0.00308	0.00440	0.02156	0.00704	0.00616
46	0.02672	0.03333	0.02221	0.02120	0.06296	0.60174	0.01535	0.02880	0.02037	0.01891	0.01172	0.01424	0.00992	0.00824	0.00848	0.00209	0.07579	0.00515	0.00385	0.00894
47	0.01067	0.00775	0.01004	0.00947	0.01129	0.00713	0.00710	0.01418	0.02131	0.03003	0.65862	0.05729	0.09530	0.01565	0.00895	0.00239	0.00359	0.01381	0.00830	0.00713
48	0.01895	0.01685	0.02162	0.09716	0.05133	0.01931	0.07130	0.08636	0.41894	0.02988	0.02448	0.02472	0.01851	0.00960	0.00891	0.00258	0.05372	0.00806	0.00644	0.01128
49	0.01937	0.02020	0.06959	0.02867	0.03627	0.01788	0.53446	0.02537	0.01812	0.09370	0.01670	0.02061	0.01217	0.00671	0.00859	0.00247	0.01174	0.00847	0.00441	0.04450
50	0.39668	0.01376	0.01449	0.01180	0.01710	0.01397	0.00974	0.02990	0.01747	0.37478	0.02060	0.01932	0.01369	0.00826	0.00621	0.00235	0.00617	0.00593	0.00713	0.01065
51	0.04700	0.01326	0.02040	0.39058	0.03680	0.01457	0.04175	0.02131	0.01600	0.11265	0.01787	0.07714	0.01466	0.00896	0.00794	0.00237	0.02933	0.00773	0.00471	0.11495
52	0.01000	0.00749	0.00838	0.00842	0.00979	0.00684	0.00568	0.01147	0.01555	0.01998	0.15376	0.11412	0.30274	0.27040	0.01945	0.00426	0.00508	0.01432	0.00639	0.00587
53	0.02341	0.01646	0.01816	0.01540	0.02028	0.01815	0.01224	0.14177	0.44301	0.16072	0.02861	0.02616	0.02063	0.00992	0.00768	0.00248	0.00648	0.00811	0.00802	0.01233
54	0.02840	0.02103	0.02252	0.01736	0.02336	0.02332	0.01431	0.63386	0.06333	0.04710	0.01876	0.01865	0.01334	0.00916	0.00759	0.00229	0.00824	0.00690	0.00759	0.01286
55	0.07076	0.02013	0.02013	0.01592	0.02128	0.06487	0.01299	0.50476	0.03109	0.04241	0.02041	0.02074	0.04206	0.00932	0.00725	0.00223	0.00798	0.00696	0.06708	0.01163
56	0.00942	0.00678	0.00896	0.01055	0.01119	0.00632	0.00722	0.01094	0.01503	0.01998	0.06798	0.64846	0.07599	0.02314	0.00966	0.00305	0.00446	0.04754	0.00709	0.00624
57	0.01573	0.01348	0.01573	0.01123	0.01798	0.01011	0.00899	0.01910	0.01573	0.02472	0.01348	0.01573	0.01123	0.00562	0.00562	0.00112	0.00562	0.00449	0.00449	0.77980
58	0.01199	0.00857	0.01196	0.01371	0.01535	0.00853	0.01183	0.01532	0.01724	0.02244	0.04029	0.13476	0.04415	0.02117	0.01042	0.00346	0.00679	0.58811	0.00699	0.00692
59	0.03001	0.01241	0.01631	0.01294	0.01801	0.01117	0.01046	0.05254	0.04470	0.54816	0.02956	0.05819	0.02058	0.04196	0.00895	0.00257	0.00627	0.00838	0.05500	0.01186
60	0.01216	0.00841	0.01082	0.01001	0.01211	0.00792	0.00758	0.01662	0.05450	0.05921	0.62074	0.05388	0.06682	0.01498	0.00883	0.00239	0.00383	0.01319	0.00836	0.00765
61	0.00945	0.00680	0.00900	0.01069	0.01131	0.00636	0.00736	0.01095	0.01484	0.01965	0.04309	0.65592	0.07497	0.02338	0.00971	0.00309	0.00456	0.06560	0.00704	0.00623
62	0.01573	0.01348	0.01573	0.01123	0.01798	0.01011	0.00899	0.01910	0.01573	0.02472	0.01348	0.01573	0.01123	0.00562	0.00562	0.00112	0.00562	0.00449	0.00449	0.77980
63	0.01103	0.00735	0.00827	0.00827	0.00827	0.00735	0.00460	0.01103	0.01103	0.01471	0.02390	0.04964	0.02758	0.73343	0.03861	0.00735	0.00735	0.01103	0.00460	0.00460
64	0.00950	0.00679	0.00908	0.01073	0.01132	0.00637	0.00738	0.01106	0.01502	0.02008	0.07063	0.65693	0.05072	0.02321	0.00970	0.00308	0.00453	0.06052	0.00710	0.00626
65	0.02006	0.01646	0.01751	0.01548	0.01994	0.01884	0.01212	0.07747	0.60870	0.05849	0.03007	0.02760	0.02237	0.01018	0.00771	0.00255	0.00616	0.00843	0.00778	0.01209
66	0.01887	0.01629	0.01715	0.01544	0.01972	0.01887	0.01201	0.04031	0.67241	0.03173	0.03087	0.02830	0.02315	0.01029	0.00772	0.00257	0.00600	0.00858	0.00772	0.01201
67	0.01592	0.00962	0.01208	0.01107	0.01360	0.00958	0.00857	0.04220	0.06782	0.12446	0.26391	0.04364	0.04049	0.07344	0.09293	0.00394	0.00685	0.05383	0.09775	0.00830
68	0.03268	0.01353	0.01777	0.01370	0.01937	0.01224	0.01123	0.09790	0.02270	0.60288	0.02854	0.02593	0.01851	0.03574	0.00875	0.00252	0.00667	0.00767	0.00903	0.01260
69	0.00958	0.00684	0.00919	0.01095	0.01154	0.00645	0.00763	0.01115	0.01486	0.01974	0.04162	0.65498	0.04942	0.02344	0.00977	0.00313	0.00470	0.09170	0.00703	0.00626
70	0.01084	0.00813	0.01219	0.01219	0.01354	0.00948	0.00948	0.01354	0.01219	0.01761	0.02032	0.02980	0.01896	0.05689	0.70337	0.01219	0.02032	0.00813	0.00406	0.00677
71	0.02445	0.02837	0.02370	0.02016	0.02446	0.41988	0.09937	0.07527	0.09206	0.02283	0.01521	0.01758	0.01225	0.01115	0.04983	0.00279	0.04033	0.00623	0.00457	0.00949
72	0.14623	0.01217	0.01513	0.01217	0.01705	0.01127	0.00991	0.03023	0.02030	0.45935	0.15527	0.02979	0.02753	0.01023	0.00743	0.00235	0.00580	0.00828	0.00846	0.01105
73	0.02367	0.01301	0.01585	0.01334	0.01777	0.01303	0.01060	0.03331	0.25254	0.31606	0.16965	0.03329	0.03161	0.01102	0.00794	0.00244	0.00568	0.00927	0.00857	0.01136
74	0.01058	0.00775	0.00992	0.00938	0.01124	0.00709	0.00703	0.01401	0.02110	0.02954	0.62867	0.05810	0.12556	0.01583	0.00895	0.00240	0.00360	0.01392	0.00823	0.00709
75	0.02658	0.01945	0.02103	0.01659	0.02216	0.02147	0.01355	0.49995	0.14224	0.07246	0.05015	0.02195	0.01748	0.00960	0.00767	0.00233	0.00766	0.00746	0.00772	0.01250
76	0.04957	0.02635	0.02400	0.02166	0.07057	0.34892	0.10716	0.06974	0.10725	0.04377	0.01718	0.04856	0.01412	0.00866	0.00743	0.00224	0.01099	0.00699	0.00495	0.00990
77	0.01659	0.01399	0.01619	0.01164	0.01834	0.01099	0.00934	0.06107	0.01703	0.02623	0.01379	0.01589	0.01134	0.00585	0.00575	0.00120	0.00580	0.00465	0.00470	0.72964
78	0.00924	0.00660	0.00880	0.01056	0.01100	0.00616	0.00704	0.01056	0.01452	0.01936	0.04181	0.72848	0.05017	0.02376	0.00968	0.00308	0.00440	0.02156	0.00704	0.00616
79	0.00972	0.00694	0.00935	0.01110	0.01175	0.00657	0.00786	0.01138	0.01499	0.01989	0.04154	0.62625	0.04913	0.02332	0.00981	0.00315	0.00481	0.11912	0.00703	0.00629
80	0.02753	0.01907	0.02044	0.01615	0.02152	0.04631	0.01308	0.45628	0.05908	0.14239	0.02173	0.05683	0.01656	0.03628	0.00881	0.00251	0.00792	0.00785	0.00759	0.01206
81	0.72122	0.04597	0.01267	0.01026	0.01508	0.01733	0.00855	0.02295	0.01340	0.06172	0.01140	0.01290	0.00874	0.00712	0.00483	0.00232	0.00599	0.00426	0.00483	0.00848
82	0.01983	0.67616	0.09765	0.01374	0.02065	0.02892	0.01431	0.02283	0.01547	0.01839	0.01082	0.01251	0.00972	0.00655	0.00507	0.00169	0.00839	0.00419	0.00324	0.00986
83	0.00924	0.00660	0.00880	0.01056	0.01100	0.00616	0.00704	0.01056	0.01452	0.01936	0.04181	0.72848	0.05017	0.02376	0.00968	0.00308	0.00440	0.02156	0.00704	0.00616
84	0.02667	0.10800	0.02285	0.01847	0.02249	0.60257	0.01415	0.02864	0.02056	0.01852	0.01291	0.04458	0.01152	0.00837	0.00676	0.00197	0.01270	0.00552	0.00398	0.00878
85	0.01414	0.00707	0.00707	0.00707	0.00884	0.00707	0.00530	0.01767	0.01591	0.02828	0.02474	0.02828	0.01944	0.00884	0.00530	0.00177	0.00353	0.00707	0.77554	0.00707
86	0.09656	0.01421	0.01581	0.01159	0.01807	0.01188	0.00933	0.06970	0.01700	0.02749	0.01355	0.01557	0.01105	0.00604	0.00568	0.00134	0.00586	0.00464	0.00476	0.63989
87	0.02118	0.01706	0.01833	0.01556	0.02031	0.01907	0.01240	0.22466	0.40376	0.03594	0.05506	0.02767	0.02228	0.01028	0.00772	0.00244	0.00662	0.02690	0.00754	0.04522
88	0.01414	0.00707	0.00707	0.00707	0.00884	0.00707	0.00530	0.01767	0.01591	0.02828	0.02474	0.02828	0.01944	0.00884	0.00530	0.00177	0.00353	0.00707	0.77554	0.00707
89	0.02456	0.01337	0.01624	0.01317	0.01768	0.01322	0.01061	0.16919	0.07321	0.29075	0.20387	0.03277	0.03213	0.01103	0.00788	0.00233	0.00594	0.00915	0.04188	0.01103
90	0.01032	0.00799	0.01148	0.01194	0.01338	0.00745	0.04684	0.01256	0.01615	0.02134	0.10497	0.45044	0.12088	0.02099	0.00961	0.00299	0.00515	0.11191	0.00696	0.00665
91	0.00970	0.00775	0.00876	0.00899	0.01116	0.00681	0.00690	0.01207	0.01786	0.02245	0.17769	0.11716	0.45148	0.01908	0.00920	0.00268	0.00422	0.09218	0.00727	0.00659
92	0.01432	0.01348	0.02275	0.71520	0.05224	0.01685	0.02107	0.01938	0.01517	0.01938	0.01348	0.02022	0.01011	0.00758	0.00758	0.00253	0.01011	0.00674	0.00337	0.00843
93	0.78701	0.01467	0.01115	0.00997	0.01467	0.01702	0.00821	0.02230	0.01291	0.03403	0.01056	0.01232	0.00821	0.00704	0.00469	0.00235	0.00587	0.00411	0.00469	0.00821
94	0.12571	0.01312	0.01682	0.01307	0.01879	0.01186	0.01079	0.03518	0.02064	0.61133	0.02757	0.02417	0.01749	0.00910	0.00727	0.00235	0.00638	0.00720	0.00882	0.01234
95	0.00935	0.00668	0.00890	0.01049	0.01103	0.00623	0.00705	0.01083	0.01503	0.02016	0.08825	0.67975	0.05172	0.02316	0.00963	0.00303	0.00434	0.02099	0.00714	0.00623
96	0.01050	0.00774	0.00982	0.00930	0.01119	0.00706	0.00697	0.01386	0.02092	0.02912	0.60274	0.05880	0.15176	0.01599	0.00895	0.00241	0.00361	0.01402	0.00818	0.00706
97	0.78701	0.01467	0.01115	0.00997	0.01467	0.01702	0.00821	0.02230	0.01291	0.03403	0.01056	0.01232	0.00821	0.00704	0.00469	0.00235	0.00587	0.00411	0.00469	0.00821
98	0.01481	0.00857	0.01135	0.01037	0.01275	0.00778	0.00787	0.01803	0.02079	0.14919	0.49748	0.12063	0.05977	0.01525	0.00878	0.00245	0.00419	0.01343	0.00840	0.00810
99	0.01231	0.00811	0.01026	0.00957	0.01170	0.00734	0.00718	0.01538	0.02026	0.08157	0.49171	0.07980	0.15936	0.03980	0.00986	0.00260	0.00401	0.01376	0.00806	0.00739
100	0.54390	0.01503	0.01353	0.01143	0.01627	0.01671	0.00932	0.11396	0.01722	0.12367	0.01484	0.01663	0.01116	0.04002	0.00701	0.00256	0.00636	0.00527	0.00573	0.00935
101	0.60100	0.01423	0.01274	0.01084	0.01583	0.01557	0.00894	0.02592	0.01508	0.19642	0.01534	0.01566	0.01082	0.00762	0.00542	0.00235	0.00601	0.00498	0.00585	0.00937
102	0.67037	0.01414	0.01168	0.01024	0.01493	0.01594	0.00841	0.02371	0.01401	0.10628	0.01331	0.01450	0.00987	0.00738	0.00504	0.00232	0.00583	0.00462	0.03871	0.00868
103	0.00979	0.00721	0.00920	0.00996	0.01118	0.00661	0.00710	0.01199	0.01722	0.02312	0.24734	0.39675	0.14880	0.02040	0.00938	0.00280	0.00417	0.04300	0.00745	0.00654
104	0.01084	0.00813	0.01219	0.01219	0.01354	0.00948	0.00948	0.01354	0.01219	0.01761	0.02032	0.02980	0.01896	0.05689	0.70337	0.01219	0.02032	0.00813	0.00406	0.00677
105	0.01573	0.01348	0.01573	0.01123	0.01798	0.01011	0.00899	0.01910	0.01573	0.02472	0.01348	0.01573	0.01123	0.00562	0.00562	0.00112	0.00562	0.00449	0.00449	0.77980
106	0.00965	0.00808	0.00849	0.00863	0.01110	0.00710	0.00658	0.01250	0.04558	0.02108	0.07034	0.10524	0.57481	0.01918	0.00906	0.00266	0.00420	0.06195	0.00707	0.00668
107	0.00952	0.00698	0.00884	0.00987	0.01084	0.00641	0.00677	0.01126	0.01595	0.02119	0.15360	0.49199	0.14604	0.05028	0.01062	0.00306	0.00430	0.01901	0.00716	0.00630
108	0.00924	0.00660	0.00880	0.01056	0.01100	0.00616	0.00704	0.01056	0.01452	0.01936	0.04181	0.72848	0.05017	0.02376	0.00968	0.00308	0.00440	0.02156	0.00704	0.00616
109	0.03403	0.01291	0.01760	0.01350	0.01936	0.01115	0.01115	0.03697	0.02171	0.69137	0.02992	0.02582	0.01878	0.00939	0.00763	0.00235	0.00645	0.00763	0.00939	0.01291
110	0.00922	0.00667	0.00873	0.01039	0.01096	0.00618	0.00696	0.01058	0.01469	0.01943	0.04391	0.68909	0.08820	0.02349	0.00964	0.00305	0.00437	0.02123	0.00704	0.00618
111	0.01573	0.01348	0.01573	0.01123	0.01798	0.01011	0.00899	0.01910	0.01573	0.02472	0.01348	0.01573	0.01123	0.00562	0.00562	0.00112	0.00562	0.00449	0.00449	0.77980
112	0.01153	0.00779	0.01028	0.01005	0.01176	0.00719	0.00746	0.01465	0.02003	0.05752	0.51109	0.18488	0.06428	0.01698	0.00907	0.00255	0.00397	0.03360	0.00810	0.00722
113	0.02833	0.03615	0.02149	0.01954	0.02345	0.70298	0.01466	0.03029	0.02149	0.01856	0.01172	0.01368	0.00977	0.00782	0.00684	0.00195	0.01368	0.00489	0.00391	0.00879
114	0.01999	0.00964	0.01242	0.01114	0.01428	0.00856	0.00848	0.02210	0.01798	0.30279	0.06026	0.20156	0.14549	0.09238	0.01179	0.00313	0.00555	0.03571	0.00781	0.00894
115	0.70142	0.01447	0.01188	0.01037	0.01520	0.01635	0.00855	0.02396	0.01391	0.10875	0.01276	0.01386	0.00942	0.00731	0.00503	0.00235	0.00593	0.00451	0.00523	0.00875
116	0.00923	0.00664	0.00876	0.01045	0.01097	0.00617	0.00699	0.01057	0.01463	0.01941	0.04317	0.70304	0.07473	0.02359	0.00965	0.00306	0.00438	0.02135	0.00704	0.00617
117	0.03403	0.01291	0.01760	0.01350	0.01936	0.01115	0.01115	0.03697	0.02171	0.69137	0.02992	0.02582	0.01878	0.00939	0.00763	0.00235	0.00645	0.00763	0.00939	0.01291
118	0.02758	0.01665	0.01920	0.01519	0.02057	0.01740	0.01238	0.31478	0.11703	0.25482	0.08210	0.02546	0.02138	0.00992	0.00774	0.00235	0.00699	0.00793	0.00826	0.01228
119	0.01432	0.01348	0.02275	0.71520	0.05224	0.01685	0.02107	0.01938	0.01517	0.01938	0.01348	0.02022	0.01011	0.00758	0.00758	0.00253	0.01011	0.00674	0.00337	0.00843
120	0.01084	0.00813	0.01219	0.01219	0.01354	0.00948	0.00948	0.01354	0.01219	0.01761	0.02032	0.02980	0.01896	0.05689	0.70337	0.01219	0.02032	0.00813	0.00406	0.00677
121	0.05733	0.02898	0.02289	0.02009	0.05029	0.39442	0.04248	0.23809	0.02552	0.02934	0.01408	0.01562	0.01091	0.00811	0.00712	0.00211	0.01138	0.00575	0.00515	0.01032
122	0.02110	0.01740	0.01841	0.01589	0.02057	0.01991	0.01255	0.17921	0.52988	0.03533	0.02804	0.02604	0.02086	0.01003	0.00769	0.00251	0.00653	0.00818	0.00769	0.01221
123	0.02902	0.01321	0.01668	0.01333	0.01857	0.01241	0.01083	0.06000	0.12559	0.49083	0.03220	0.02885	0.05919	0.01009	0.00762	0.00237	0.00617	0.00823	0.04270	0.01212
124	0.01544	0.01314	0.01530	0.01144	0.01757	0.01035	0.00903	0.01975	0.05510	0.02474	0.01661	0.06888	0.01481	0.00723	0.00604	0.00135	0.00555	0.00599	0.00487	0.67679
125	0.01139	0.00814	0.01127	0.01302	0.01440	0.00801	0.01078	0.01428	0.01664	0.02177	0.04062	0.26479	0.04547	0.02174	0.01025	0.00338	0.00626	0.46403	0.00700	0.00675
126	0.01573	0.01348	0.01573	0.01123	0.01798	0.01011	0.00899	0.01910	0.01573	0.02472	0.01348	0.01573	0.01123	0.00562	0.00562	0.00112	0.00562	0.00449	0.00449	0.77980
127	0.04355	0.03432	0.54668	0.02261	0.05753	0.01736	0.08159	0.02473	0.01646	0.06453	0.01466	0.01697	0.01037	0.00724	0.00731	0.00240	0.01079	0.00601	0.00370	0.01115
128	0.01874	0.01812	0.03133	0.04599	0.66084	0.01807	0.04812	0.02332	0.01730	0.02476	0.01431	0.01884	0.01199	0.00674	0.00757	0.00226	0.00916	0.00684	0.00376	0.01194
129	0.70689	0.05922	0.04299	0.01067	0.01576	0.01782	0.00937	0.02240	0.01320	0.03262	0.01070	0.01248	0.00837	0.00702	0.00482	0.00231	0.00624	0.00417	0.00454	0.00844
130	0.02820	0.03238	0.02079	0.01864	0.02277	0.58398	0.01411	0.03169	0.06944	0.08627	0.01494	0.01596	0.01165	0.00815	0.00698	0.00204	0.01240	0.00543	0.00473	0.00944
131	0.01126	0.00943	0.01379	0.04082	0.01661	0.00885	0.07579	0.01441	0.01782	0.02304	0.16106	0.11750	0.26794	0.01758	0.00935	0.00281	0.00582	0.17222	0.00678	0.00714
132	0.00974	0.00719	0.00913	0.01049	0.01154	0.00667	0.00757	0.01149	0.01542	0.01998	0.04770	0.47334	0.17044	0.04608	0.01064	0.00319	0.00482	0.12134	0.00695	0.00629
133	0.01418	0.01325	0.02225	0.68702	0.05061	0.01646	0.02051	0.01918	0.01542	0.01982	0.04018	0.02168	0.01257	0.00790	0.00764	0.00252	0.00985	0.00702	0.00357	0.00838
134	0.01115	0.00800	0.01039	0.01027	0.01082	0.00879	0.00700	0.01230	0.01152	0.01600	0.02195	0.04046	0.02347	0.43529	0.30528	0.00915	0.03851	0.00970	0.00434	0.00561
135	0.01523	0.00777	0.01037	0.00989	0.01095	0.00782	0.00703	0.04167	0.01314	0.05897	0.01725	0.02444	0.01512	0.02187	0.04809	0.49590	0.00651	0.00683	0.17588	0.00527
136	0.01249	0.00970	0.01319	0.01510	0.08371	0.00959	0.01053	0.01721	0.07075	0.02591	0.27950	0.10299	0.07696	0.04536	0.01038	0.00296	0.00554	0.19319	0.00713	0.00780
137	0.02282	0.27490	0.14309	0.01760	0.04655	0.18192	0.01613	0.05312	0.06711	0.08747	0.01519	0.01619	0.01181	0.00760	0.00642	0.00202	0.00967	0.00541	0.00452	0.01046
138	0.01102	0.00756	0.00956	0.00980	0.01141	0.00684	0.00706	0.01340	0.01805	0.05789	0.29271	0.31630	0.17199	0.01904	0.00917	0.00268	0.00409	0.01684	0.00766	0.00693
139	0.05566	0.01959	0.02073	0.01659	0.02210	0.02195	0.01349	0.46076	0.21445	0.04273	0.02148	0.02083	0.01561	0.00936	0.00751	0.00236	0.00759	0.00722	0.00751	0.01246
140	0.01655	0.01631	0.02919	0.35277	0.24158	0.01773	0.14347	0.02234	0.04258	0.02246	0.01477	0.02015	0.01148	0.00721	0.00783	0.00245	0.01012	0.00724	0.00375	0.01001
141	0.01573	0.01348	0.01573	0.01123	0.01798	0.01011	0.00899	0.01910	0.01573	0.02472	0.01348	0.01573	0.01123	0.00562	0.00562	0.00112	0.00562	0.00449	0.00449	0.77980
142	0.00983	0.00772	0.00889	0.00859	0.01078	0.00677	0.00645	0.01256	0.01934	0.02535	0.37303	0.06500	0.38381	0.01740	0.00896	0.00248	0.00371	0.01489	0.00768	0.00677
143	0.01030	0.00727	0.00940	0.01017	0.01101	0.00693	0.00710	0.01218	0.01597	0.02172	0.20949	0.34739	0.05070	0.16415	0.01539	0.00380	0.00503	0.07891	0.00689	0.00620
144	0.01678	0.01736	0.02359	0.53791	0.07513	0.11884	0.03868	0.02128	0.01616	0.01961	0.01319	0.01907	0.01018	0.00774	0.00811	0.00246	0.03521	0.00653	0.00348	0.00869
145	0.01819	0.01743	0.02973	0.13429	0.60295	0.01787	0.02299	0.02277	0.01700	0.02407	0.01416	0.01896	0.01176	0.00687	0.00752	0.00229	0.00916	0.00676	0.00370	0.01154
146	0.01222	0.00873	0.01222	0.01397	0.01572	0.00873	0.01222	0.01572	0.01746	0.02270	0.04016	0.08556	0.04365	0.02095	0.01048	0.00349	0.00698	0.63506	0.00698	0.00698
147	0.07030	0.01384	0.01920	0.34638	0.03420	0.01629	0.01615	0.13306	0.04495	0.02605	0.01853	0.02776	0.01570	0.01594	0.10099	0.00387	0.01038	0.07259	0.00486	0.00898
148	0.02419	0.01122	0.01448	0.01160	0.01582	0.00978	0.00893	0.02648	0.01820	0.38651	0.07111	0.03264	0.02364	0.19264	0.01530	0.00346	0.00637	0.00849	0.00746	0.11168
149	0.01059	0.00775	0.00994	0.00939	0.01124	0.00710	0.00705	0.01404	0.02114	0.02962	0.63373	0.05796	0.12045	0.01580	0.00895	0.00240	0.00360	0.01390	0.00825	0.00710
150	0.00995	0.00730	0.00910	0.01005	0.01115	0.00679	0.00716	0.01174	0.01575	0.02063	0.11586	0.36362	0.17023	0.10983	0.01316	0.00349	0.00490	0.09620	0.00687	0.00623
151	0.00977	0.00722	0.00914	0.00970	0.01101	0.00658	0.00688	0.01206	0.01765	0.02382	0.29484	0.36295	0.16077	0.01984	0.00928	0.00273	0.00399	0.01763	0.00755	0.00658
152	0.00922	0.00670	0.00870	0.01031	0.01093	0.00618	0.00693	0.01059	0.01477	0.01946	0.04491	0.67036	0.10629	0.02336	0.00962	0.00303	0.00435	0.02107	0.00704	0.00618
153	0.01782	0.02023	0.04346	0.03124	0.03846	0.01943	0.61999	0.02393	0.01753	0.02393	0.01502	0.02023	0.01142	0.00681	0.00991	0.00260	0.05526	0.00881	0.00381	0.01011
154	0.09378	0.01288	0.01600	0.01288	0.01797	0.01219	0.01047	0.03370	0.10552	0.47320	0.07366	0.02725	0.02216	0.00971	0.00738	0.00235	0.00601	0.00785	0.04332	0.01173
155	0.01137	0.00743	0.00929	0.00958	0.01040	0.00707	0.00631	0.01276	0.01507	0.05001	0.17875	0.28462	0.04490	0.29419	0.02055	0.00453	0.00544	0.01512	0.00650	0.00608
156	0.01094	0.00737	0.00825	0.00825	0.00836	0.00731	0.00465	0.01102	0.01131	0.01497	0.02629	0.05069	0.05719	0.70116	0.03727	0.00714	0.00719	0.01126	0.00471	0.00468
157	0.76007	0.01490	0.01156	0.01024	0.01498	0.01725	0.00843	0.04498	0.01372	0.03452	0.01083	0.01253	0.00838	0.00711	0.00480	0.00234	0.00596	0.00420	0.00480	0.00838
158	0.05395	0.01506	0.01629	0.01444	0.01863	0.01683	0.01128	0.06294	0.47658	0.09449	0.08058	0.05709	0.02648	0.01095	0.00774	0.00253	0.00589	0.00913	0.00776	0.01135
159	0.01087	0.00800	0.01156	0.01156	0.01270	0.00914	0.00870	0.01314	0.01201	0.01714	0.02089	0.03297	0.02034	0.16489	0.59725	0.01142	0.01825	0.00859	0.00415	0.00642
160	0.00958	0.00685	0.00917	0.01081	0.01143	0.00644	0.00750	0.01121	0.01513	0.02022	0.07414	0.63763	0.05068	0.02310	0.00971	0.00308	0.00459	0.07534	0.00710	0.00628
161	0.35325	0.01816	0.01762	0.01412	0.01960	0.02033	0.01166	0.36696	0.02547	0.06337	0.01533	0.01595	0.01109	0.00823	0.00635	0.00231	0.00722	0.00569	0.00641	0.01090
162	0.02729	0.02057	0.02259	0.01872	0.05674	0.02276	0.01462	0.56423	0.10067	0.04497	0.01932	0.01928	0.01392	0.00911	0.00760	0.00231	0.00814	0.00701	0.00741	0.01276
163	0.01571	0.01489	0.02525	0.50729	0.24934	0.01722	0.02175	0.02059	0.01582	0.02106	0.01373	0.01977	0.01070	0.00733	0.00756	0.00244	0.00977	0.00675	0.00349	0.00954
164	0.01920	0.02100	0.02360	0.02025	0.02137	0.17160	0.03838	0.02109	0.01399	0.01853	0.01053	0.01609	0.00997	0.01184	0.02040	0.00299	0.54089	0.00634	0.00347	0.00847
165	0.01119	0.00782	0.00937	0.00928	0.00945	0.00824	0.00573	0.01160	0.01130	0.01534	0.02352	0.06954	0.02666	0.60429	0.10883	0.00755	0.03980	0.01089	0.00457	0.00505
166	0.01803	0.33032	0.27493	0.02174	0.09603	0.02308	0.09246	0.02342	0.01610	0.02152	0.01258	0.01518	0.01013	0.00676	0.00645	0.00207	0.00985	0.00545	0.00335	0.01056
167	0.01875	0.01429	0.01518	0.01290	0.01713	0.01504	0.01024	0.22686	0.17858	0.06099	0.04516	0.04284	0.28354	0.01344	0.00817	0.00246	0.00591	0.01095	0.00748	0.01009
168	0.01084	0.00809	0.01202	0.01202	0.01332	0.00939	0.00927	0.01344	0.01214	0.01748	0.02047	0.03066	0.01934	0.08624	0.67454	0.01198	0.01975	0.00825	0.00409	0.00668
169	0.01608	0.01184	0.01342	0.01263	0.01559	0.01247	0.00957	0.07115	0.24878	0.07580	0.06335	0.22282	0.11677	0.04057	0.00960	0.00286	0.00549	0.03450	0.00746	0.00925
170	0.01851	0.01734	0.02773	0.04001	0.54716	0.01776	0.02094	0.02576	0.12542	0.02584	0.01813	0.02323	0.01522	0.00795	0.00767	0.00236	0.00843	0.03420	0.00455	0.01180
171	0.01004	0.00717	0.00972	0.01147	0.01226	0.00685	0.00843	0.01194	0.01531	0.02026	0.04137	0.55655	0.04843	0.02301	0.00989	0.00319	0.00509	0.18563	0.00703	0.00638
172	0.02052	0.01071	0.01354	0.01229	0.01549	0.01021	0.00929	0.04239	0.10107	0.27762	0.03567	0.30071	0.05444	0.04667	0.00982	0.00288	0.00560	0.01356	0.00793	0.00960
173	0.01731	0.02183	0.14471	0.10989	0.25993	0.01843	0.24152	0.02313	0.01683	0.02364	0.01427	0.01897	0.01115	0.00705	0.00864	0.00245	0.03857	0.00731	0.00363	0.01073
174	0.00994	0.00791	0.00906	0.00972	0.01164	0.00721	0.00730	0.01278	0.04572	0.02098	0.05972	0.25918	0.38469	0.02035	0.00932	0.00284	0.00453	0.10337	0.00706	0.00666
175	0.02000	0.01661	0.01786	0.01497	0.02005	0.01797	0.01184	0.14483	0.43229	0.03317	0.02525	0.02407	0.01902	0.00917	0.00728	0.00224	0.00634	0.00747	0.00706	0.16252
176	0.05609	0.09212	0.06157	0.01175	0.01500	0.01378	0.00953	0.10217	0.03992	0.07883	0.02360	0.06240	0.04394	0.33360	0.02113	0.00455	0.00739	0.00922	0.00545	0.00796
177	0.23994	0.09799	0.02039	0.08706	0.02286	0.02063	0.01268	0.23842	0.10607	0.03468	0.01615	0.01728	0.01218	0.00810	0.00641	0.00225	0.00740	0.00588	0.00575	0.03788

[dist]
# distance from previous block
# <min> <max>
5	8

# created by:
# /st0/software/busco_prod/Augustus/scripts/msa2prfl.pl ./align_prep/117177.fa
