[name]
unknown

[dist]
# distance from previous block
# <min> <max>
0	24

[block]
# block no. 0 follows, 25 sequences, length 40
# corresponding to MSA columns:
# 24-63
name=unknown_A
#
# <colnr> <probs for GDERKNQSTAVLIFYWHMCP>
#	G	D	E	R	K	N	Q	S	T	A	V	L	I	F	Y	W	H	M	C	P
0	0.13884	0.00992	0.01231	0.01361	0.01589	0.01031	0.01182	0.01717	0.01709	0.02511	0.03609	0.07517	0.03868	0.01908	0.00974	0.00338	0.00695	0.52474	0.00676	0.00735
1	0.01977	0.02198	0.08832	0.02792	0.03569	0.01955	0.45329	0.12758	0.02097	0.02879	0.01590	0.01985	0.01183	0.00700	0.00854	0.00245	0.01168	0.00821	0.00455	0.06615
2	0.02258	0.05970	0.06041	0.08598	0.03036	0.18909	0.17888	0.15046	0.02197	0.02729	0.01494	0.01808	0.01153	0.00795	0.00829	0.00230	0.03775	0.00677	0.03377	0.03188
3	0.05286	0.01959	0.02173	0.01670	0.02282	0.02099	0.01379	0.49541	0.03254	0.19231	0.02110	0.02020	0.01440	0.00931	0.00768	0.00235	0.00802	0.00708	0.00809	0.01305
4	0.01060	0.00757	0.00980	0.00990	0.01116	0.00706	0.00701	0.01325	0.01892	0.02637	0.43685	0.23566	0.06256	0.09288	0.01253	0.00316	0.00429	0.01589	0.00777	0.00677
5	0.04636	0.06096	0.52675	0.13401	0.03555	0.01833	0.02609	0.02365	0.01608	0.02395	0.01365	0.01678	0.00985	0.00740	0.00724	0.00244	0.01094	0.00580	0.00336	0.01081
6	0.02507	0.01935	0.06131	0.01631	0.02172	0.01938	0.01382	0.44845	0.03006	0.07926	0.02324	0.13484	0.01984	0.01165	0.00800	0.00245	0.00775	0.00943	0.03635	0.01172
7	0.01056	0.00705	0.00873	0.00979	0.01063	0.00666	0.00664	0.01239	0.01551	0.02192	0.09626	0.46296	0.07108	0.08386	0.01171	0.00324	0.00453	0.01770	0.13238	0.00641
8	0.01056	0.00773	0.00991	0.00976	0.01143	0.00708	0.00717	0.01369	0.02040	0.02833	0.51782	0.16848	0.12358	0.01758	0.00927	0.00257	0.00382	0.01555	0.00820	0.00708
9	0.01901	0.02093	0.02099	0.28907	0.03367	0.24625	0.03589	0.02298	0.04043	0.02008	0.01847	0.13374	0.01745	0.01083	0.00857	0.00251	0.03730	0.00887	0.00442	0.00854
10	0.01131	0.00747	0.00992	0.01063	0.01182	0.00690	0.00746	0.01348	0.01750	0.05951	0.24262	0.47384	0.05648	0.02082	0.00954	0.00288	0.00435	0.01872	0.00775	0.00700
11	0.01054	0.00790	0.01016	0.01091	0.01242	0.00696	0.00752	0.01223	0.01505	0.02069	0.03798	0.60651	0.04475	0.02125	0.00921	0.00282	0.00470	0.01918	0.00677	0.13245
12	0.02518	0.04233	0.58345	0.02695	0.03757	0.02236	0.02953	0.02994	0.02202	0.03270	0.02361	0.02992	0.01937	0.01393	0.01143	0.00422	0.01388	0.00888	0.00678	0.01594
13	0.02848	0.02123	0.02271	0.01764	0.02367	0.02358	0.01450	0.59372	0.09764	0.04727	0.01988	0.01962	0.01421	0.00943	0.00777	0.00236	0.00830	0.00715	0.00777	0.01310
14	0.01410	0.01051	0.01423	0.01334	0.01552	0.01205	0.01052	0.11880	0.01640	0.02307	0.02042	0.02852	0.01837	0.05013	0.58369	0.01080	0.01876	0.00809	0.00474	0.00795
15	0.01479	0.01810	0.13225	0.59615	0.05015	0.01735	0.02270	0.02059	0.01565	0.02059	0.01380	0.01997	0.01025	0.00769	0.00769	0.00256	0.01052	0.00670	0.00342	0.00908
16	0.65543	0.01364	0.01100	0.01029	0.01438	0.01557	0.00820	0.02082	0.01347	0.03233	0.01604	0.12910	0.01544	0.01000	0.00564	0.00252	0.00575	0.00713	0.00519	0.00805
17	0.01795	0.01369	0.02239	0.59479	0.04789	0.01627	0.01987	0.02276	0.01660	0.12891	0.01654	0.02161	0.01179	0.00805	0.00776	0.00255	0.00972	0.00704	0.00445	0.00937
18	0.01918	0.61324	0.03535	0.01248	0.01802	0.02688	0.01186	0.02126	0.01502	0.01772	0.01302	0.01872	0.01294	0.12495	0.01064	0.00262	0.00816	0.00532	0.00354	0.00909
19	0.14425	0.01768	0.02785	0.06746	0.54553	0.01821	0.02118	0.02347	0.01684	0.02667	0.01393	0.01817	0.01157	0.00699	0.00721	0.00233	0.00873	0.00646	0.00398	0.01150
20	0.01162	0.01320	0.12132	0.01167	0.01512	0.00902	0.01073	0.01605	0.02077	0.02941	0.53050	0.05211	0.09919	0.01469	0.00885	0.00245	0.00495	0.01280	0.00759	0.00795
21	0.00931	0.00786	0.00805	0.00800	0.01056	0.00661	0.00600	0.01140	0.01801	0.02174	0.12518	0.07331	0.62887	0.01934	0.00916	0.00260	0.00391	0.01618	0.00730	0.00661
22	0.01464	0.01378	0.02326	0.70887	0.05340	0.01723	0.02153	0.01981	0.01550	0.01981	0.01378	0.02067	0.01034	0.00775	0.00775	0.00258	0.01034	0.00689	0.00345	0.00861
23	0.01856	0.01602	0.01683	0.01521	0.01946	0.01837	0.01181	0.03903	0.61840	0.03161	0.03495	0.03223	0.07075	0.01118	0.00798	0.00263	0.00598	0.00931	0.00784	0.01186
24	0.01263	0.00791	0.01028	0.01045	0.01182	0.00737	0.00737	0.01473	0.01733	0.08292	0.24447	0.31296	0.05150	0.13554	0.01434	0.00358	0.00499	0.03534	0.00744	0.00702
25	0.01445	0.00723	0.00723	0.00723	0.00903	0.00723	0.00542	0.01807	0.01626	0.02891	0.02529	0.02891	0.01987	0.00903	0.00542	0.00181	0.00361	0.00723	0.77055	0.00723
26	0.01109	0.00827	0.01228	0.01228	0.01360	0.00959	0.00947	0.01373	0.01241	0.01787	0.02093	0.03137	0.01978	0.08813	0.66734	0.01224	0.02017	0.00844	0.00418	0.00682
27	0.78228	0.01499	0.01140	0.01020	0.01499	0.01739	0.00840	0.02279	0.01320	0.03479	0.01080	0.01260	0.00840	0.00720	0.00480	0.00240	0.00600	0.00420	0.00480	0.00840
28	0.02980	0.02119	0.02294	0.01759	0.02378	0.02326	0.01453	0.61500	0.03557	0.08840	0.01936	0.01910	0.01356	0.00933	0.00776	0.00233	0.00841	0.00703	0.00787	0.01319
29	0.01766	0.01989	0.04310	0.03110	0.03841	0.01865	0.60452	0.02382	0.01805	0.02447	0.01764	0.07155	0.01462	0.00782	0.00920	0.00265	0.01245	0.01008	0.00416	0.01016
30	0.00945	0.00675	0.00900	0.01080	0.01125	0.00630	0.00720	0.01080	0.01484	0.01979	0.04274	0.72245	0.05128	0.02429	0.00990	0.00315	0.00450	0.02204	0.00720	0.00630
31	0.01263	0.00830	0.01082	0.00998	0.01214	0.00758	0.00756	0.01618	0.02181	0.07788	0.60700	0.05625	0.09103	0.01554	0.00905	0.00244	0.00388	0.01366	0.00856	0.00771
32	0.78228	0.01499	0.01140	0.01020	0.01499	0.01739	0.00840	0.02279	0.01320	0.03479	0.01080	0.01260	0.00840	0.00720	0.00480	0.00240	0.00600	0.00420	0.00480	0.00840
33	0.74164	0.01490	0.01175	0.01039	0.01526	0.01707	0.00856	0.02361	0.01368	0.07011	0.01187	0.01335	0.00898	0.00733	0.00496	0.00240	0.00603	0.00439	0.00506	0.00866
34	0.01670	0.00919	0.01180	0.01050	0.01338	0.00820	0.00804	0.01970	0.02067	0.19459	0.37034	0.08191	0.14686	0.04090	0.00993	0.00267	0.00462	0.01305	0.00841	0.00856
35	0.00953	0.00696	0.00897	0.01039	0.01118	0.00640	0.00706	0.01111	0.01567	0.02074	0.09239	0.60175	0.12300	0.02316	0.00976	0.00304	0.00437	0.02083	0.00729	0.00640
36	0.02631	0.01868	0.02025	0.01626	0.02168	0.02056	0.01319	0.39358	0.20162	0.10198	0.02359	0.02273	0.01695	0.00964	0.00765	0.00238	0.00741	0.00755	0.05541	0.01257
37	0.08495	0.01799	0.06846	0.34692	0.08904	0.01812	0.21886	0.02222	0.01638	0.02340	0.01418	0.01967	0.01072	0.00724	0.00790	0.00255	0.01079	0.00729	0.00373	0.00960
38	0.04285	0.06239	0.03023	0.10937	0.52546	0.01928	0.02203	0.05153	0.01803	0.02568	0.01433	0.01869	0.01186	0.00709	0.00743	0.00230	0.00914	0.00665	0.00397	0.01169
39	0.10294	0.01656	0.03438	0.01456	0.02006	0.05175	0.01201	0.09482	0.12996	0.35831	0.02615	0.04532	0.01836	0.00970	0.00747	0.00240	0.00708	0.00768	0.00799	0.03249

[dist]
# distance from previous block
# <min> <max>
0	6

[block]
# block no. 1 follows, 25 sequences, length 120
# corresponding to MSA columns:
# 70-189
name=unknown_B
#
# <colnr> <probs for GDERKNQSTAVLIFYWHMCP>
#	G	D	E	R	K	N	Q	S	T	A	V	L	I	F	Y	W	H	M	C	P
0	0.02602	0.02069	0.02669	0.02030	0.02627	0.02244	0.12873	0.48371	0.03114	0.04192	0.01880	0.05049	0.01451	0.00967	0.00888	0.00246	0.04021	0.00804	0.00685	0.01218
1	0.02314	0.01935	0.02796	0.08370	0.05111	0.02146	0.15296	0.28226	0.05526	0.06262	0.01720	0.01988	0.01287	0.00925	0.01091	0.00260	0.12277	0.00753	0.00580	0.01136
2	0.01813	0.02197	0.12618	0.28321	0.04196	0.05703	0.23230	0.07940	0.01880	0.02472	0.01477	0.01957	0.01098	0.00744	0.00812	0.00252	0.01146	0.00738	0.00400	0.01007
3	0.00952	0.00680	0.00906	0.01075	0.01126	0.00634	0.00720	0.01097	0.01516	0.02030	0.07106	0.69267	0.05226	0.02391	0.00986	0.00312	0.00446	0.02168	0.00726	0.00634
4	0.78228	0.01499	0.01140	0.01020	0.01499	0.01739	0.00840	0.02279	0.01320	0.03479	0.01080	0.01260	0.00840	0.00720	0.00480	0.00240	0.00600	0.00420	0.00480	0.00840
5	0.01942	0.01925	0.03003	0.10956	0.57365	0.06493	0.02297	0.02390	0.01774	0.02436	0.01433	0.01898	0.01194	0.00706	0.00764	0.00231	0.00965	0.00678	0.00381	0.01170
6	0.02613	0.01993	0.02327	0.17349	0.03066	0.02251	0.01627	0.51060	0.03174	0.04232	0.01753	0.01908	0.01254	0.00896	0.00776	0.00238	0.00894	0.00696	0.00679	0.01216
7	0.00945	0.00675	0.00900	0.01080	0.01125	0.00630	0.00720	0.01080	0.01484	0.01979	0.04274	0.72245	0.05128	0.02429	0.00990	0.00315	0.00450	0.02204	0.00720	0.00630
8	0.00945	0.00675	0.00900	0.01080	0.01125	0.00630	0.00720	0.01080	0.01484	0.01979	0.04274	0.72245	0.05128	0.02429	0.00990	0.00315	0.00450	0.02204	0.00720	0.00630
9	0.00945	0.00675	0.00900	0.01080	0.01125	0.00630	0.00720	0.01080	0.01484	0.01979	0.04274	0.72245	0.05128	0.02429	0.00990	0.00315	0.00450	0.02204	0.00720	0.00630
10	0.01117	0.00751	0.00867	0.00877	0.00886	0.00756	0.00506	0.01137	0.01152	0.01542	0.02520	0.08442	0.02896	0.65952	0.06909	0.00753	0.00799	0.01169	0.00480	0.00489
11	0.02947	0.02172	0.02327	0.01784	0.02404	0.02404	0.01474	0.65329	0.03646	0.04887	0.01862	0.01862	0.01319	0.00931	0.00776	0.00233	0.00853	0.00698	0.00776	0.01319
12	0.03372	0.01394	0.01834	0.01416	0.02010	0.01262	0.01167	0.08027	0.05211	0.61145	0.02981	0.02597	0.01898	0.00962	0.00780	0.00240	0.00671	0.00778	0.00939	0.01315
13	0.01805	0.02042	0.04420	0.07918	0.04141	0.01944	0.60770	0.02449	0.01811	0.02449	0.01556	0.02090	0.01167	0.00662	0.00905	0.00261	0.01288	0.00899	0.00389	0.01033
14	0.00945	0.00675	0.00900	0.01080	0.01125	0.00630	0.00720	0.01080	0.01484	0.01979	0.04274	0.72245	0.05128	0.02429	0.00990	0.00315	0.00450	0.02204	0.00720	0.00630
15	0.02947	0.02172	0.02327	0.01784	0.02404	0.02404	0.01474	0.65329	0.03646	0.04887	0.01862	0.01862	0.01319	0.00931	0.00776	0.00233	0.00853	0.00698	0.00776	0.01319
16	0.01752	0.10169	0.02897	0.04794	0.02456	0.02370	0.11033	0.02015	0.01342	0.01957	0.01120	0.01716	0.01039	0.01149	0.01994	0.00304	0.49969	0.00683	0.00346	0.00895
17	0.01445	0.00723	0.00723	0.00723	0.00903	0.00723	0.00542	0.01807	0.01626	0.02891	0.02529	0.02891	0.01987	0.00903	0.00542	0.00181	0.00361	0.00723	0.77055	0.00723
18	0.01464	0.01378	0.02326	0.70887	0.05340	0.01723	0.02153	0.01981	0.01550	0.01981	0.01378	0.02067	0.01034	0.00775	0.00775	0.00258	0.01034	0.00689	0.00345	0.00861
19	0.01929	0.01666	0.01753	0.01578	0.02016	0.01929	0.01227	0.04120	0.66513	0.03243	0.03156	0.02893	0.02367	0.01052	0.00789	0.00263	0.00614	0.00877	0.00789	0.01227
20	0.01200	0.00909	0.01121	0.01047	0.01268	0.00888	0.00791	0.01802	0.10755	0.03082	0.56249	0.05480	0.09357	0.01531	0.00898	0.00247	0.00400	0.01343	0.00839	0.00794
21	0.00945	0.00675	0.00900	0.01080	0.01125	0.00630	0.00720	0.01080	0.01484	0.01979	0.04274	0.72245	0.05128	0.02429	0.00990	0.00315	0.00450	0.02204	0.00720	0.00630
22	0.01464	0.01378	0.02326	0.70887	0.05340	0.01723	0.02153	0.01981	0.01550	0.01981	0.01378	0.02067	0.01034	0.00775	0.00775	0.00258	0.01034	0.00689	0.00345	0.00861
23	0.00945	0.00675	0.00900	0.01080	0.01125	0.00630	0.00720	0.01080	0.01484	0.01979	0.04274	0.72245	0.05128	0.02429	0.00990	0.00315	0.00450	0.02204	0.00720	0.00630
24	0.01128	0.00752	0.00846	0.00846	0.00846	0.00752	0.00470	0.01128	0.01128	0.01503	0.02443	0.05074	0.02819	0.72751	0.03946	0.00752	0.00752	0.01128	0.00470	0.00470
25	0.02073	0.73217	0.04063	0.01327	0.01990	0.03068	0.01327	0.02322	0.01575	0.01824	0.01078	0.01244	0.00995	0.00663	0.00498	0.00166	0.00829	0.00415	0.00332	0.00995
26	0.02073	0.73217	0.04063	0.01327	0.01990	0.03068	0.01327	0.02322	0.01575	0.01824	0.01078	0.01244	0.00995	0.00663	0.00498	0.00166	0.00829	0.00415	0.00332	0.00995
27	0.00962	0.00687	0.00919	0.01099	0.01152	0.00645	0.00750	0.01109	0.01501	0.01999	0.04264	0.68666	0.05091	0.02413	0.00994	0.00317	0.00465	0.05614	0.00719	0.00635
28	0.02971	0.02134	0.02304	0.01766	0.02386	0.02349	0.01459	0.62618	0.03583	0.07686	0.01914	0.01896	0.01345	0.00932	0.00776	0.00233	0.00845	0.00702	0.00784	0.01319
29	0.01249	0.00892	0.01249	0.01428	0.01606	0.00892	0.01249	0.01606	0.01785	0.02320	0.04105	0.08746	0.04462	0.02142	0.01071	0.00357	0.00714	0.62695	0.00714	0.00714
30	0.01172	0.00741	0.00979	0.01079	0.01177	0.00687	0.00737	0.01330	0.01577	0.07355	0.09207	0.56640	0.04891	0.07078	0.01170	0.00333	0.00481	0.01951	0.00733	0.00682
31	0.03289	0.01428	0.01843	0.01434	0.02021	0.01326	0.01178	0.09362	0.08221	0.56761	0.02960	0.02592	0.01906	0.00965	0.00780	0.00241	0.00673	0.00781	0.00927	0.01311
32	0.01109	0.00827	0.01229	0.01229	0.01361	0.00960	0.00948	0.01374	0.01241	0.01787	0.02093	0.03133	0.01976	0.08687	0.66858	0.01225	0.02020	0.00843	0.00418	0.00683
33	0.02877	0.02137	0.02287	0.01770	0.02378	0.02372	0.01457	0.61120	0.07969	0.04774	0.01951	0.01932	0.01391	0.00939	0.00777	0.00235	0.00837	0.00710	0.00777	0.01312
34	0.01688	0.01594	0.02673	0.12976	0.05443	0.01847	0.17039	0.04591	0.04709	0.02183	0.01463	0.02080	0.01237	0.01449	0.05488	0.09625	0.21880	0.00757	0.00398	0.00880
35	0.14679	0.02067	0.02142	0.01665	0.02263	0.02301	0.01375	0.55503	0.03283	0.04667	0.01740	0.01768	0.01244	0.00898	0.00730	0.00234	0.00814	0.00655	0.00730	0.01244
36	0.01108	0.00831	0.01246	0.01246	0.01385	0.00969	0.00969	0.01385	0.01246	0.01800	0.02077	0.03046	0.01938	0.05815	0.69678	0.01246	0.02077	0.00831	0.00415	0.00692
37	0.78228	0.01499	0.01140	0.01020	0.01499	0.01739	0.00840	0.02279	0.01320	0.03479	0.01080	0.01260	0.00840	0.00720	0.00480	0.00240	0.00600	0.00420	0.00480	0.00840
38	0.00986	0.00694	0.00896	0.01031	0.01074	0.00657	0.00674	0.01105	0.01449	0.01940	0.06717	0.56763	0.04793	0.15535	0.01539	0.00393	0.00503	0.01968	0.00679	0.00604
39	0.78228	0.01499	0.01140	0.01020	0.01499	0.01739	0.00840	0.02279	0.01320	0.03479	0.01080	0.01260	0.00840	0.00720	0.00480	0.00240	0.00600	0.00420	0.00480	0.00840
40	0.11253	0.03712	0.01805	0.01400	0.01923	0.06575	0.01140	0.11367	0.04768	0.36035	0.09758	0.02615	0.02250	0.00983	0.00747	0.00235	0.00704	0.00771	0.00803	0.01155
41	0.18752	0.01749	0.01992	0.10648	0.08693	0.01973	0.01438	0.23773	0.14778	0.03580	0.01916	0.04126	0.01489	0.00912	0.00720	0.00246	0.00769	0.00717	0.00620	0.01109
42	0.01615	0.12061	0.61210	0.02107	0.03197	0.01948	0.02686	0.02440	0.01630	0.02382	0.01355	0.01591	0.00984	0.00728	0.00709	0.00236	0.01109	0.00555	0.00328	0.01128
43	0.05573	0.06666	0.53966	0.02331	0.06890	0.01868	0.07259	0.02438	0.01639	0.02487	0.01378	0.01650	0.01004	0.00724	0.00728	0.00242	0.01103	0.00590	0.00343	0.01121
44	0.02073	0.73217	0.04063	0.01327	0.01990	0.03068	0.01327	0.02322	0.01575	0.01824	0.01078	0.01244	0.00995	0.00663	0.00498	0.00166	0.00829	0.00415	0.00332	0.00995
45	0.06944	0.01532	0.02003	0.03948	0.11985	0.01471	0.01347	0.13385	0.02204	0.30403	0.02285	0.05300	0.01668	0.00910	0.00742	0.00224	0.00718	0.00751	0.00719	0.11460
46	0.35571	0.01182	0.01148	0.01030	0.01413	0.01224	0.00813	0.02068	0.01650	0.10779	0.12683	0.09186	0.09177	0.01163	0.00680	0.00241	0.00524	0.00913	0.04086	0.04469
47	0.01130	0.00867	0.01185	0.01128	0.01318	0.00823	0.03513	0.01546	0.05607	0.02765	0.42768	0.22623	0.08244	0.01745	0.00927	0.00265	0.00443	0.01566	0.00791	0.00744
48	0.01464	0.01378	0.02326	0.70887	0.05340	0.01723	0.02153	0.01981	0.01550	0.01981	0.01378	0.02067	0.01034	0.00775	0.00775	0.00258	0.01034	0.00689	0.00345	0.00861
49	0.04816	0.00715	0.00991	0.00985	0.01023	0.00726	0.00669	0.01137	0.01078	0.01578	0.01438	0.02354	0.01380	0.02448	0.02697	0.67190	0.00643	0.00666	0.07072	0.00393
50	0.01048	0.00818	0.00975	0.01059	0.01270	0.00745	0.00856	0.01301	0.01750	0.02172	0.06102	0.13380	0.37900	0.02072	0.00982	0.00303	0.00522	0.25351	0.00718	0.00676
51	0.06727	0.02037	0.02155	0.01672	0.02255	0.02255	0.01377	0.57709	0.03387	0.04677	0.01867	0.01901	0.01340	0.00918	0.00744	0.00229	0.00806	0.00685	0.06006	0.01253
52	0.01089	0.00792	0.01024	0.00966	0.01153	0.00728	0.00725	0.01446	0.02174	0.03060	0.64579	0.05874	0.10273	0.01604	0.00915	0.00245	0.00367	0.01414	0.00847	0.00728
53	0.00941	0.00688	0.00886	0.01044	0.01115	0.00633	0.00704	0.01084	0.01519	0.01993	0.04704	0.64449	0.12646	0.02373	0.00981	0.00309	0.00443	0.02136	0.00720	0.00633
54	0.05163	0.02269	0.01811	0.01620	0.02042	0.24153	0.01248	0.08522	0.29915	0.02813	0.02869	0.02783	0.09382	0.01052	0.00761	0.00239	0.00866	0.00808	0.00639	0.01045
55	0.02896	0.03695	0.02197	0.01998	0.02397	0.69638	0.01498	0.03096	0.02197	0.01898	0.01199	0.01398	0.00999	0.00799	0.00699	0.00200	0.01398	0.00499	0.00400	0.00899
56	0.01195	0.00806	0.01059	0.01005	0.01194	0.00741	0.00750	0.01534	0.02125	0.06092	0.58109	0.12308	0.06841	0.01640	0.00916	0.00251	0.00388	0.01453	0.00845	0.00749
57	0.03479	0.01320	0.01799	0.01380	0.01979	0.01140	0.01140	0.03779	0.02219	0.68451	0.03059	0.02639	0.01919	0.00960	0.00780	0.00240	0.00660	0.00780	0.00960	0.01320
58	0.02073	0.73217	0.04063	0.01327	0.01990	0.03068	0.01327	0.02322	0.01575	0.01824	0.01078	0.01244	0.00995	0.00663	0.00498	0.00166	0.00829	0.00415	0.00332	0.00995
59	0.01830	0.02092	0.04575	0.03268	0.04052	0.01961	0.65098	0.02484	0.01830	0.02484	0.01569	0.02092	0.01176	0.00654	0.00915	0.00261	0.01307	0.00915	0.00392	0.01046
60	0.00945	0.00675	0.00900	0.01080	0.01125	0.00630	0.00720	0.01080	0.01484	0.01979	0.04274	0.72245	0.05128	0.02429	0.00990	0.00315	0.00450	0.02204	0.00720	0.00630
61	0.01108	0.00831	0.01246	0.01246	0.01385	0.00969	0.00969	0.01385	0.01246	0.01800	0.02077	0.03046	0.01938	0.05815	0.69678	0.01246	0.02077	0.00831	0.00415	0.00692
62	0.01108	0.00831	0.01246	0.01246	0.01385	0.00969	0.00969	0.01385	0.01246	0.01800	0.02077	0.03046	0.01938	0.05815	0.69678	0.01246	0.02077	0.00831	0.00415	0.00692
63	0.01608	0.01378	0.01608	0.01148	0.01837	0.01034	0.00919	0.01952	0.01608	0.02527	0.01378	0.01608	0.01148	0.00574	0.00574	0.00115	0.00574	0.00459	0.00459	0.77491
64	0.01385	0.00717	0.00744	0.00766	0.00930	0.00711	0.00563	0.01719	0.01609	0.02781	0.02739	0.11237	0.02365	0.01087	0.00596	0.00197	0.00372	0.00901	0.67869	0.00711
65	0.01555	0.04011	0.68733	0.02210	0.03356	0.01801	0.02865	0.02455	0.01637	0.02455	0.01391	0.01637	0.00982	0.00737	0.00737	0.00246	0.01146	0.00573	0.00327	0.01146
66	0.01696	0.01696	0.02375	0.02036	0.02036	0.02375	0.01696	0.01866	0.01187	0.01866	0.01018	0.01696	0.01018	0.01357	0.02545	0.00339	0.71332	0.00679	0.00339	0.00848
67	0.00961	0.00787	0.00847	0.00832	0.01075	0.00673	0.00624	0.01199	0.01872	0.02343	0.22486	0.07052	0.52813	0.01871	0.00916	0.00257	0.00386	0.01579	0.00753	0.00673
68	0.03479	0.01320	0.01799	0.01380	0.01979	0.01140	0.01140	0.03779	0.02219	0.68451	0.03059	0.02639	0.01919	0.00960	0.00780	0.00240	0.00660	0.00780	0.00960	0.01320
69	0.01347	0.00673	0.01010	0.01010	0.01010	0.00673	0.00673	0.01010	0.01010	0.01347	0.01347	0.02357	0.01347	0.02694	0.03030	0.77441	0.00673	0.00673	0.00337	0.00337
70	0.03479	0.01320	0.01799	0.01380	0.01979	0.01140	0.01140	0.03779	0.02219	0.68451	0.03059	0.02639	0.01919	0.00960	0.00780	0.00240	0.00660	0.00780	0.00960	0.01320
71	0.03479	0.01320	0.01799	0.01380	0.01979	0.01140	0.01140	0.03779	0.02219	0.68451	0.03059	0.02639	0.01919	0.00960	0.00780	0.00240	0.00660	0.00780	0.00960	0.01320
72	0.02073	0.73217	0.04063	0.01327	0.01990	0.03068	0.01327	0.02322	0.01575	0.01824	0.01078	0.01244	0.00995	0.00663	0.00498	0.00166	0.00829	0.00415	0.00332	0.00995
73	0.03449	0.01368	0.01829	0.01402	0.02003	0.01211	0.01158	0.07248	0.02300	0.64868	0.02991	0.02595	0.01885	0.00958	0.00779	0.00240	0.00671	0.00775	0.00949	0.01319
74	0.01612	0.05409	0.46229	0.10204	0.06373	0.01881	0.08808	0.02364	0.01625	0.02355	0.01380	0.01735	0.01020	0.00764	0.00855	0.00251	0.05086	0.00626	0.00339	0.01086
75	0.00941	0.00689	0.00885	0.01043	0.01115	0.00633	0.00703	0.01084	0.01520	0.01994	0.04721	0.64141	0.12942	0.02371	0.00980	0.00308	0.00443	0.02133	0.00720	0.00633
76	0.00932	0.00780	0.00812	0.00817	0.01060	0.00659	0.00608	0.01138	0.01785	0.02168	0.12328	0.10983	0.59353	0.01960	0.00920	0.00263	0.00394	0.01650	0.00730	0.00659
77	0.11434	0.01772	0.04635	0.18662	0.34523	0.01816	0.02003	0.08011	0.01822	0.02739	0.01424	0.01842	0.01133	0.00732	0.00724	0.00233	0.00892	0.00643	0.00424	0.04535
78	0.01536	0.01012	0.01247	0.01124	0.01408	0.00990	0.00864	0.02206	0.13458	0.11340	0.45455	0.04959	0.08422	0.01429	0.00876	0.00248	0.00448	0.01242	0.00850	0.00889
79	0.01891	0.01943	0.05284	0.13485	0.54087	0.05037	0.02324	0.02362	0.01752	0.02426	0.01433	0.01905	0.01182	0.00709	0.00764	0.00233	0.00967	0.00677	0.00377	0.01160
80	0.02947	0.02172	0.02327	0.01784	0.02404	0.02404	0.01474	0.65329	0.03646	0.04887	0.01862	0.01862	0.01319	0.00931	0.00776	0.00233	0.00853	0.00698	0.00776	0.01319
81	0.04809	0.62651	0.06716	0.01359	0.02034	0.02832	0.01366	0.02426	0.01614	0.06492	0.01228	0.01358	0.01053	0.00689	0.00527	0.00177	0.00824	0.00447	0.00380	0.01019
82	0.01801	0.01722	0.02934	0.21918	0.51677	0.01811	0.02321	0.02276	0.01710	0.02390	0.01438	0.01957	0.01178	0.00713	0.00770	0.00238	0.00950	0.00690	0.00374	0.01133
83	0.01347	0.00673	0.01010	0.01010	0.01010	0.00673	0.00673	0.01010	0.01010	0.01347	0.01347	0.02357	0.01347	0.02694	0.03030	0.77441	0.00673	0.00673	0.00337	0.00337
84	0.01347	0.00673	0.01010	0.01010	0.01010	0.00673	0.00673	0.01010	0.01010	0.01347	0.01347	0.02357	0.01347	0.02694	0.03030	0.77441	0.00673	0.00673	0.00337	0.00337
85	0.01288	0.01014	0.01198	0.01220	0.01417	0.01065	0.00885	0.02125	0.22456	0.02593	0.15573	0.37767	0.04647	0.01832	0.00911	0.00285	0.00487	0.01631	0.00767	0.00840
86	0.01021	0.00734	0.00965	0.04444	0.01268	0.00718	0.00732	0.01157	0.01444	0.01932	0.07268	0.49368	0.04511	0.18725	0.01665	0.00410	0.00544	0.01833	0.00651	0.00610
87	0.02795	0.02025	0.02164	0.01676	0.02252	0.02234	0.01379	0.58878	0.03440	0.04684	0.01929	0.01966	0.01387	0.00928	0.00752	0.00227	0.00803	0.00701	0.08521	0.01258
88	0.08881	0.01616	0.01659	0.01495	0.01928	0.01867	0.01167	0.03867	0.58174	0.03252	0.02943	0.02744	0.02213	0.01016	0.00752	0.00258	0.00603	0.00829	0.03563	0.01173
89	0.10900	0.00888	0.01032	0.00985	0.01216	0.00854	0.00742	0.01569	0.01952	0.05426	0.42064	0.12850	0.13492	0.01594	0.00863	0.00253	0.00420	0.01374	0.00779	0.00747
90	0.01016	0.00741	0.00968	0.01129	0.01204	0.00715	0.00782	0.01273	0.04859	0.02068	0.04204	0.64301	0.04940	0.02338	0.00985	0.00315	0.00476	0.06295	0.00723	0.00666
91	0.01347	0.00673	0.01010	0.01010	0.01010	0.00673	0.00673	0.01010	0.01010	0.01347	0.01347	0.02357	0.01347	0.02694	0.03030	0.77441	0.00673	0.00673	0.00337	0.00337
92	0.65456	0.01484	0.01250	0.01090	0.01583	0.01673	0.00895	0.02549	0.04353	0.11598	0.01420	0.01505	0.01043	0.00765	0.00531	0.00241	0.00608	0.00485	0.00554	0.00917
93	0.01939	0.01357	0.01539	0.01362	0.01739	0.01434	0.01056	0.12740	0.24166	0.11547	0.11277	0.14826	0.08911	0.01391	0.00845	0.00261	0.00582	0.01183	0.00799	0.01046
94	0.02947	0.02172	0.02327	0.01784	0.02404	0.02404	0.01474	0.65329	0.03646	0.04887	0.01862	0.01862	0.01319	0.00931	0.00776	0.00233	0.00853	0.00698	0.00776	0.01319
95	0.00945	0.00675	0.00900	0.01080	0.01125	0.00630	0.00720	0.01080	0.01484	0.01979	0.04274	0.72245	0.05128	0.02429	0.00990	0.00315	0.00450	0.02204	0.00720	0.00630
96	0.00953	0.00696	0.00889	0.01030	0.01107	0.00641	0.00695	0.01101	0.01537	0.02024	0.07214	0.59101	0.13072	0.04682	0.01076	0.00320	0.00449	0.02064	0.00717	0.00632
97	0.00966	0.00690	0.00924	0.01104	0.01158	0.00648	0.00756	0.01116	0.01505	0.02003	0.04262	0.67878	0.05082	0.02409	0.00995	0.00318	0.00468	0.06364	0.00719	0.00636
98	0.63432	0.01704	0.01344	0.01169	0.01661	0.06445	0.00953	0.08026	0.01622	0.06007	0.01234	0.01376	0.00935	0.00753	0.00533	0.00237	0.00680	0.00464	0.00519	0.00905
99	0.01277	0.00950	0.01020	0.00957	0.01264	0.00874	0.00732	0.01768	0.10665	0.07741	0.11483	0.06315	0.48640	0.01728	0.00888	0.00259	0.00443	0.01445	0.00759	0.00793
100	0.00959	0.00681	0.00895	0.01061	0.01103	0.00639	0.00700	0.01083	0.01456	0.01942	0.04129	0.66943	0.04946	0.07979	0.01223	0.00349	0.00474	0.02119	0.00700	0.00617
101	0.01464	0.01378	0.02326	0.70887	0.05340	0.01723	0.02153	0.01981	0.01550	0.01981	0.01378	0.02067	0.01034	0.00775	0.00775	0.00258	0.01034	0.00689	0.00345	0.00861
102	0.02947	0.02172	0.02327	0.01784	0.02404	0.02404	0.01474	0.65329	0.03646	0.04887	0.01862	0.01862	0.01319	0.00931	0.00776	0.00233	0.00853	0.00698	0.00776	0.01319
103	0.00975	0.00721	0.00908	0.01022	0.01127	0.00661	0.00713	0.01154	0.01621	0.02130	0.12072	0.47914	0.16883	0.04272	0.01057	0.00311	0.00450	0.04636	0.00728	0.00645
104	0.01464	0.01378	0.02326	0.70887	0.05340	0.01723	0.02153	0.01981	0.01550	0.01981	0.01378	0.02067	0.01034	0.00775	0.00775	0.00258	0.01034	0.00689	0.00345	0.00861
105	0.01232	0.00915	0.01109	0.01016	0.01251	0.00868	0.00774	0.07110	0.02252	0.03097	0.51602	0.05722	0.16925	0.01590	0.00902	0.00246	0.00414	0.01379	0.00824	0.00771
106	0.00941	0.00721	0.00864	0.00967	0.01098	0.00643	0.00672	0.01109	0.01620	0.02071	0.08368	0.45547	0.28152	0.02221	0.00959	0.00292	0.00425	0.01961	0.00726	0.00643
107	0.01125	0.00873	0.01255	0.04246	0.01583	0.00853	0.04066	0.01445	0.03671	0.02263	0.11917	0.38181	0.08019	0.02038	0.00975	0.00306	0.00567	0.15202	0.00705	0.00711
108	0.01056	0.00814	0.01100	0.01365	0.06470	0.00777	0.00859	0.01299	0.03943	0.02081	0.04328	0.58285	0.10296	0.02198	0.00958	0.00301	0.00488	0.01984	0.00696	0.00702
109	0.00945	0.00675	0.00900	0.01080	0.01125	0.00630	0.00720	0.01080	0.01484	0.01979	0.04274	0.72245	0.05128	0.02429	0.00990	0.00315	0.00450	0.02204	0.00720	0.00630
110	0.01736	0.01655	0.02816	0.31439	0.42668	0.01794	0.02288	0.02219	0.01679	0.02310	0.01426	0.01979	0.01150	0.00725	0.00771	0.00242	0.00967	0.00690	0.00368	0.01080
111	0.01679	0.01597	0.02713	0.39670	0.34880	0.01779	0.02260	0.02169	0.01652	0.02242	0.01416	0.01997	0.01125	0.00735	0.00772	0.00245	0.00981	0.00690	0.00363	0.01035
112	0.01899	0.01958	0.06790	0.04492	0.61728	0.01843	0.02362	0.02451	0.04261	0.02556	0.01520	0.01941	0.01258	0.00707	0.00767	0.00232	0.00922	0.00691	0.00396	0.01223
113	0.01360	0.00842	0.01102	0.01168	0.01320	0.00798	0.00842	0.04592	0.01726	0.09778	0.06718	0.53595	0.04623	0.02132	0.00958	0.00302	0.00508	0.06130	0.00755	0.00752
114	0.01765	0.01791	0.03104	0.29484	0.27895	0.04443	0.15702	0.02278	0.01714	0.02288	0.01441	0.01992	0.01134	0.00719	0.00799	0.00246	0.01065	0.00731	0.00371	0.01037
115	0.01763	0.01767	0.04876	0.18391	0.43112	0.01773	0.05445	0.02332	0.04895	0.02426	0.01810	0.02243	0.04156	0.00782	0.00783	0.00241	0.00934	0.00749	0.00409	0.01113
116	0.01865	0.01527	0.01670	0.03542	0.01822	0.09580	0.05225	0.12002	0.01948	0.02813	0.02060	0.05640	0.01723	0.01297	0.05101	0.00287	0.08306	0.00776	0.31945	0.00871
117	0.18213	0.04751	0.21850	0.09999	0.02956	0.01948	0.09653	0.05339	0.04470	0.02678	0.01386	0.01722	0.01063	0.00827	0.00934	0.00257	0.09915	0.00623	0.00413	0.01003
118	0.04361	0.01723	0.07325	0.41995	0.07905	0.01791	0.07332	0.07726	0.05101	0.02441	0.01522	0.02035	0.01150	0.00847	0.00849	0.02829	0.00994	0.00700	0.00415	0.00959
119	0.17277	0.20048	0.04387	0.01438	0.02005	0.04201	0.01260	0.14073	0.11747	0.11195	0.01824	0.01856	0.01375	0.00998	0.02970	0.00256	0.00804	0.00603	0.00592	0.01089

[dist]
# distance from previous block
# <min> <max>
1	12

[block]
# block no. 2 follows, 25 sequences, length 65
# corresponding to MSA columns:
# 202-266
name=unknown_C
#
# <colnr> <probs for GDERKNQSTAVLIFYWHMCP>
#	G	D	E	R	K	N	Q	S	T	A	V	L	I	F	Y	W	H	M	C	P
0	0.06488	0.02084	0.02207	0.03900	0.02390	0.10481	0.04737	0.31366	0.08999	0.11334	0.04316	0.02119	0.01616	0.00938	0.00828	0.00239	0.03378	0.00722	0.00690	0.01167
1	0.04184	0.01624	0.02226	0.27466	0.03388	0.01822	0.06521	0.22666	0.05452	0.03138	0.05486	0.02725	0.07975	0.00983	0.00799	0.00250	0.00868	0.00838	0.00576	0.01015
2	0.05766	0.01567	0.02272	0.19068	0.08046	0.01794	0.07737	0.06038	0.13058	0.02653	0.05396	0.02323	0.01701	0.00940	0.01023	0.00256	0.11190	0.00761	0.04366	0.04045
3	0.02669	0.01823	0.02026	0.01603	0.02167	0.01948	0.01304	0.36697	0.15562	0.14669	0.05488	0.02368	0.01905	0.00971	0.00775	0.00234	0.00736	0.00768	0.00794	0.05494
4	0.06007	0.08513	0.22837	0.06931	0.03254	0.01870	0.24064	0.02369	0.01684	0.05373	0.03632	0.01979	0.01310	0.00830	0.00913	0.02990	0.03298	0.00722	0.00406	0.01018
5	0.00983	0.00717	0.00874	0.00975	0.01095	0.00652	0.00678	0.01170	0.01633	0.02175	0.11308	0.45525	0.20487	0.02138	0.00937	0.00287	0.00422	0.01895	0.05397	0.00652
6	0.01696	0.05919	0.03119	0.19405	0.06418	0.01945	0.23736	0.02154	0.01587	0.02225	0.01452	0.02011	0.01169	0.00859	0.01168	0.00263	0.16192	0.00752	0.06994	0.00935
7	0.01644	0.01568	0.02726	0.52224	0.07973	0.01812	0.12198	0.06323	0.01746	0.02283	0.01445	0.02050	0.01085	0.00762	0.00797	0.00256	0.01060	0.00726	0.00383	0.00939
8	0.01785	0.02020	0.04390	0.03158	0.03905	0.01894	0.61849	0.02413	0.01813	0.02458	0.01705	0.05632	0.01376	0.00743	0.00919	0.00264	0.01264	0.00980	0.00409	0.01025
9	0.01113	0.00852	0.01047	0.01101	0.01312	0.00802	0.00887	0.01473	0.04214	0.02425	0.18694	0.10820	0.26490	0.01939	0.00971	0.00295	0.00514	0.23590	0.00748	0.00712
10	0.01553	0.01456	0.02610	0.36223	0.07940	0.01636	0.15306	0.01978	0.01555	0.02103	0.01561	0.04643	0.01298	0.01016	0.01106	0.07209	0.05041	0.00792	0.04115	0.00860
11	0.46640	0.01461	0.01395	0.01194	0.01675	0.01589	0.00984	0.09419	0.01825	0.15723	0.05661	0.02311	0.01700	0.00926	0.00631	0.00247	0.00632	0.04381	0.00639	0.00968
12	0.01555	0.04011	0.68733	0.02210	0.03356	0.01801	0.02865	0.02455	0.01637	0.02455	0.01391	0.01637	0.00982	0.00737	0.00737	0.00246	0.01146	0.00573	0.00327	0.01146
13	0.01032	0.00748	0.00953	0.01015	0.01134	0.00696	0.00722	0.01253	0.01738	0.02349	0.25785	0.32448	0.11911	0.08923	0.01250	0.00331	0.00463	0.05853	0.00740	0.00657
14	0.00959	0.00681	0.00895	0.01061	0.01103	0.00639	0.00700	0.01083	0.01457	0.01942	0.04131	0.67022	0.04949	0.07897	0.01220	0.00349	0.00473	0.02121	0.00700	0.00617
15	0.07483	0.02413	0.02198	0.01770	0.02327	0.15976	0.01427	0.45628	0.06523	0.04108	0.01747	0.01785	0.01280	0.00898	0.00743	0.00228	0.00936	0.00650	0.00682	0.01199
16	0.00975	0.00786	0.00855	0.00839	0.01067	0.00680	0.00621	0.01207	0.01849	0.02334	0.23437	0.06897	0.48306	0.05436	0.01069	0.00282	0.00404	0.01548	0.00743	0.00666
17	0.00956	0.00700	0.00889	0.01023	0.01105	0.00643	0.00693	0.01107	0.01552	0.02042	0.08231	0.56793	0.14215	0.04813	0.01080	0.00319	0.00448	0.02039	0.00718	0.00633
18	0.13300	0.01978	0.02095	0.05121	0.02364	0.02208	0.01381	0.50708	0.03132	0.04461	0.01756	0.01831	0.01265	0.00892	0.00725	0.00233	0.00807	0.00660	0.03880	0.01204
19	0.02722	0.01954	0.02086	0.01624	0.02179	0.02152	0.01334	0.55776	0.03342	0.04586	0.01962	0.02016	0.01419	0.00927	0.00741	0.00225	0.00779	0.00702	0.12246	0.01229
20	0.01615	0.00990	0.01312	0.01353	0.01592	0.00972	0.01106	0.04774	0.04446	0.12468	0.03850	0.23567	0.04020	0.01937	0.00981	0.00319	0.00640	0.32465	0.00759	0.00832
21	0.03384	0.01298	0.01769	0.01363	0.01946	0.01123	0.01123	0.03686	0.02218	0.65838	0.05636	0.02765	0.02135	0.00985	0.00785	0.00240	0.00648	0.00805	0.00955	0.01296
22	0.02073	0.73217	0.04063	0.01327	0.01990	0.03068	0.01327	0.02322	0.01575	0.01824	0.01078	0.01244	0.00995	0.00663	0.00498	0.00166	0.00829	0.00415	0.00332	0.00995
23	0.00956	0.00679	0.00896	0.01066	0.01108	0.00637	0.00705	0.01082	0.01463	0.01951	0.04165	0.68261	0.04991	0.06599	0.01165	0.00341	0.00468	0.02140	0.00705	0.00620
24	0.04983	0.01859	0.01986	0.01589	0.02112	0.02049	0.01306	0.48039	0.06511	0.04343	0.02125	0.02439	0.01632	0.00999	0.00754	0.00235	0.00760	0.04379	0.10714	0.01185
25	0.02896	0.03695	0.02197	0.01998	0.02397	0.69638	0.01498	0.03096	0.02197	0.01898	0.01199	0.01398	0.00999	0.00799	0.00699	0.00200	0.01398	0.00499	0.00400	0.00899
26	0.03479	0.01320	0.01799	0.01380	0.01979	0.01140	0.01140	0.03779	0.02219	0.68451	0.03059	0.02639	0.01919	0.00960	0.00780	0.00240	0.00660	0.00780	0.00960	0.01320
27	0.00970	0.00788	0.00860	0.00842	0.01080	0.00678	0.00632	0.01217	0.01895	0.02398	0.25668	0.06963	0.49597	0.01851	0.00916	0.00256	0.00385	0.01566	0.00760	0.00678
28	0.01696	0.01696	0.02375	0.02036	0.02036	0.02375	0.01696	0.01866	0.01187	0.01866	0.01018	0.01696	0.01018	0.01357	0.02545	0.00339	0.71332	0.00679	0.00339	0.00848
29	0.01347	0.00673	0.01010	0.01010	0.01010	0.00673	0.00673	0.01010	0.01010	0.01347	0.01347	0.02357	0.01347	0.02694	0.03030	0.77441	0.00673	0.00673	0.00337	0.00337
30	0.01232	0.00880	0.01229	0.01408	0.01579	0.00877	0.01219	0.01576	0.01768	0.02301	0.04115	0.12398	0.04501	0.02158	0.01066	0.00355	0.00699	0.59217	0.00714	0.00709
31	0.01608	0.01378	0.01608	0.01148	0.01837	0.01034	0.00919	0.01952	0.01608	0.02527	0.01378	0.01608	0.01148	0.00574	0.00574	0.00115	0.00574	0.00459	0.00459	0.77491
32	0.01613	0.01397	0.01653	0.01201	0.01849	0.01113	0.00965	0.01947	0.01583	0.02487	0.01357	0.01613	0.01141	0.00621	0.00691	0.00128	0.04770	0.00472	0.00452	0.72945
33	0.78228	0.01499	0.01140	0.01020	0.01499	0.01739	0.00840	0.02279	0.01320	0.03479	0.01080	0.01260	0.00840	0.00720	0.00480	0.00240	0.00600	0.00420	0.00480	0.00840
34	0.01108	0.00751	0.00844	0.00850	0.00868	0.00741	0.00486	0.01125	0.01180	0.01557	0.02840	0.07640	0.06860	0.65892	0.03655	0.00706	0.00719	0.01197	0.00494	0.00487
35	0.00945	0.00675	0.00900	0.01080	0.01125	0.00630	0.00720	0.01080	0.01484	0.01979	0.04274	0.72245	0.05128	0.02429	0.00990	0.00315	0.00450	0.02204	0.00720	0.00630
36	0.01347	0.00673	0.01010	0.01010	0.01010	0.00673	0.00673	0.01010	0.01010	0.01347	0.01347	0.02357	0.01347	0.02694	0.03030	0.77441	0.00673	0.00673	0.00337	0.00337
37	0.07076	0.01413	0.01819	0.01402	0.01998	0.01294	0.01158	0.09801	0.02317	0.58984	0.02844	0.02495	0.01807	0.00945	0.00765	0.00239	0.00676	0.00754	0.00918	0.01296
38	0.73898	0.01538	0.01208	0.01064	0.01552	0.01778	0.00876	0.05905	0.01453	0.03560	0.01125	0.01294	0.00867	0.00732	0.00497	0.00240	0.00614	0.00436	0.00497	0.00867
39	0.01496	0.01334	0.02172	0.53585	0.07691	0.01638	0.01927	0.01931	0.01517	0.02046	0.01453	0.02118	0.01137	0.00915	0.00986	0.04024	0.05730	0.00690	0.06769	0.00842
40	0.01128	0.00752	0.00846	0.00846	0.00846	0.00752	0.00470	0.01128	0.01128	0.01503	0.02443	0.05074	0.02819	0.72751	0.03946	0.00752	0.00752	0.01128	0.00470	0.00470
41	0.01608	0.01378	0.01608	0.01148	0.01837	0.01034	0.00919	0.01952	0.01608	0.02527	0.01378	0.01608	0.01148	0.00574	0.00574	0.00115	0.00574	0.00459	0.00459	0.77491
42	0.02347	0.16400	0.02520	0.01667	0.02168	0.18133	0.01384	0.17917	0.02183	0.02727	0.01344	0.01562	0.01106	0.00844	0.00919	0.00206	0.10967	0.00550	0.00481	0.14574
43	0.01347	0.00673	0.01010	0.01010	0.01010	0.00673	0.00673	0.01010	0.01010	0.01347	0.01347	0.02357	0.01347	0.02694	0.03030	0.77441	0.00673	0.00673	0.00337	0.00337
44	0.00999	0.00730	0.00947	0.01107	0.01174	0.00702	0.00748	0.01248	0.05088	0.02049	0.04212	0.68401	0.04975	0.02353	0.00979	0.00312	0.00459	0.02131	0.00724	0.00663
45	0.01097	0.00793	0.01036	0.00975	0.01158	0.00732	0.00732	0.01463	0.02195	0.03109	0.67505	0.05792	0.07316	0.01585	0.00914	0.00244	0.00366	0.01402	0.00854	0.00732
46	0.78228	0.01499	0.01140	0.01020	0.01499	0.01739	0.00840	0.02279	0.01320	0.03479	0.01080	0.01260	0.00840	0.00720	0.00480	0.00240	0.00600	0.00420	0.00480	0.00840
47	0.00945	0.00675	0.00900	0.01080	0.01125	0.00630	0.00720	0.01080	0.01484	0.01979	0.04274	0.72245	0.05128	0.02429	0.00990	0.00315	0.00450	0.02204	0.00720	0.00630
48	0.01182	0.00844	0.01172	0.01350	0.01499	0.00834	0.01131	0.01489	0.01718	0.02244	0.04143	0.22893	0.04611	0.02206	0.01053	0.00348	0.00655	0.49218	0.00715	0.00695
49	0.78228	0.01499	0.01140	0.01020	0.01499	0.01739	0.00840	0.02279	0.01320	0.03479	0.01080	0.01260	0.00840	0.00720	0.00480	0.00240	0.00600	0.00420	0.00480	0.00840
50	0.01929	0.01666	0.01753	0.01578	0.02016	0.01929	0.01227	0.04120	0.66513	0.03243	0.03156	0.02893	0.02367	0.01052	0.00789	0.00263	0.00614	0.00877	0.00789	0.01227
51	0.01456	0.01120	0.01238	0.01142	0.01442	0.01153	0.00863	0.02383	0.24655	0.05899	0.19039	0.05036	0.22239	0.07521	0.01122	0.00299	0.00508	0.01231	0.00765	0.00890
52	0.02947	0.02172	0.02327	0.01784	0.02404	0.02404	0.01474	0.65329	0.03646	0.04887	0.01862	0.01862	0.01319	0.00931	0.00776	0.00233	0.00853	0.00698	0.00776	0.01319
53	0.02947	0.02172	0.02327	0.01784	0.02404	0.02404	0.01474	0.65329	0.03646	0.04887	0.01862	0.01862	0.01319	0.00931	0.00776	0.00233	0.00853	0.00698	0.00776	0.01319
54	0.00991	0.00707	0.00928	0.01041	0.01115	0.00661	0.00707	0.01172	0.01628	0.02213	0.18848	0.52706	0.05495	0.06529	0.01153	0.00325	0.00449	0.01952	0.00736	0.00644
55	0.00952	0.00781	0.00839	0.00836	0.01072	0.00668	0.00623	0.01178	0.01835	0.02283	0.19110	0.10285	0.53018	0.01914	0.00920	0.00261	0.00390	0.01619	0.00746	0.00668
56	0.74007	0.05474	0.01302	0.01037	0.01527	0.01813	0.00867	0.02282	0.01334	0.03387	0.01080	0.01259	0.00848	0.00717	0.00481	0.00236	0.00613	0.00420	0.00472	0.00848
57	0.00995	0.00708	0.00944	0.01114	0.01174	0.00671	0.00777	0.01152	0.01506	0.02000	0.04155	0.60230	0.04918	0.06097	0.01156	0.00344	0.00501	0.10221	0.00706	0.00633
58	0.00994	0.00817	0.00967	0.00987	0.01170	0.00790	0.00736	0.01189	0.01594	0.02011	0.05813	0.20134	0.40382	0.02647	0.12028	0.00435	0.04413	0.01577	0.00651	0.00666
59	0.01811	0.02000	0.04167	0.07511	0.11360	0.01953	0.50981	0.02411	0.01774	0.02429	0.01518	0.02051	0.01166	0.00699	0.00969	0.00261	0.04643	0.00864	0.00386	0.01046
60	0.01308	0.00964	0.01288	0.01431	0.01631	0.00989	0.01228	0.01845	0.08413	0.02403	0.04014	0.10466	0.04272	0.02041	0.01039	0.00346	0.00694	0.54145	0.00722	0.00764
61	0.11180	0.02007	0.01788	0.01668	0.05785	0.17641	0.01225	0.19295	0.04308	0.03120	0.05014	0.02141	0.01640	0.01268	0.04782	0.04348	0.00922	0.00669	0.10237	0.00963
62	0.05052	0.02181	0.06030	0.01711	0.02297	0.07911	0.01446	0.33685	0.16829	0.11577	0.02174	0.02105	0.01555	0.00931	0.00761	0.00238	0.00835	0.00713	0.00732	0.01237
63	0.26605	0.01870	0.01873	0.01488	0.02047	0.02078	0.01226	0.40460	0.02778	0.07237	0.01693	0.01744	0.01219	0.00865	0.00674	0.00233	0.00747	0.00615	0.03401	0.01147
64	0.08853	0.33100	0.12469	0.04619	0.02583	0.04551	0.08663	0.12184	0.01931	0.02618	0.01315	0.01530	0.01052	0.00728	0.00637	0.00209	0.00936	0.00551	0.00423	0.01050

[dist]
# distance from previous block
# <min> <max>
0	18

# created by:
# /st0/software/busco_prod/Augustus/scripts/msa2prfl.pl ./align_prep/117217.fa
