[name]
unknown

[dist]
# distance from previous block
# <min> <max>
0	68

[block]
# block no. 0 follows, 23 sequences, length 189
# corresponding to MSA columns:
# 68-256
name=unknown_A
#
# <colnr> <probs for GDERKNQSTAVLIFYWHMCP>
#	G	D	E	R	K	N	Q	S	T	A	V	L	I	F	Y	W	H	M	C	P
0	0.01308	0.00934	0.01308	0.01494	0.01681	0.00934	0.01308	0.01681	0.01868	0.02428	0.04296	0.09153	0.04670	0.02242	0.01121	0.00374	0.00747	0.60960	0.00747	0.00747
1	0.73495	0.01560	0.01228	0.01086	0.01595	0.01789	0.00895	0.02465	0.01429	0.06843	0.01235	0.01391	0.00936	0.00766	0.00518	0.00251	0.00631	0.00458	0.00528	0.00904
2	0.01555	0.01450	0.02433	0.55092	0.13663	0.01728	0.02166	0.02055	0.01648	0.02153	0.01697	0.07670	0.01454	0.00938	0.00828	0.00271	0.01016	0.00849	0.00398	0.00935
3	0.01000	0.00824	0.00879	0.00865	0.01121	0.00702	0.00649	0.01244	0.01946	0.02421	0.20687	0.07432	0.53482	0.01970	0.00959	0.00270	0.00405	0.01660	0.00784	0.00702
4	0.39221	0.01472	0.01549	0.01262	0.01829	0.01496	0.01041	0.03196	0.01867	0.36351	0.02200	0.02064	0.01462	0.00883	0.00664	0.00251	0.00660	0.00634	0.00761	0.01138
5	0.01970	0.01889	0.03224	0.10168	0.61533	0.01918	0.02471	0.02457	0.01830	0.02604	0.01520	0.02021	0.01269	0.00730	0.00804	0.00243	0.00973	0.00723	0.00398	0.01254
6	0.01651	0.04036	0.62257	0.02402	0.03570	0.01898	0.07858	0.02572	0.01729	0.02572	0.01471	0.01751	0.01044	0.00764	0.00786	0.00258	0.01213	0.00628	0.00348	0.01191
7	0.01274	0.01008	0.01169	0.01097	0.01361	0.00993	0.00832	0.01990	0.14526	0.03025	0.39706	0.05886	0.20741	0.01645	0.00932	0.00264	0.00441	0.01418	0.00846	0.00848
8	0.03000	0.01445	0.01826	0.01451	0.01976	0.01380	0.01174	0.16270	0.02547	0.40023	0.10549	0.05705	0.02666	0.01230	0.00958	0.04048	0.00688	0.00931	0.00907	0.01226
9	0.70144	0.01551	0.01259	0.01103	0.01617	0.01760	0.00909	0.02536	0.01471	0.09728	0.01329	0.01457	0.00987	0.00777	0.00532	0.00251	0.00634	0.00476	0.00550	0.00927
10	0.01841	0.02070	0.04479	0.03236	0.03995	0.01940	0.58434	0.02481	0.01886	0.02557	0.01869	0.07715	0.01564	0.00833	0.00964	0.00278	0.01296	0.01066	0.00438	0.01059
11	0.01183	0.00918	0.01088	0.01029	0.01270	0.00868	0.00777	0.01707	0.08381	0.02980	0.44134	0.06234	0.22974	0.01711	0.00945	0.00262	0.00416	0.01479	0.00849	0.00795
12	0.00976	0.00757	0.00889	0.00995	0.01141	0.00670	0.00693	0.01145	0.01683	0.02124	0.06117	0.43244	0.32015	0.02328	0.01002	0.00305	0.00445	0.02046	0.00753	0.00670
13	0.06839	0.01717	0.01793	0.01443	0.01928	0.01878	0.01173	0.39156	0.02956	0.04319	0.02138	0.02278	0.01589	0.00952	0.00711	0.00225	0.00703	0.00722	0.26342	0.01139
14	0.01160	0.00792	0.00891	0.00888	0.00921	0.00777	0.00518	0.01199	0.01298	0.01720	0.06682	0.05554	0.08296	0.61864	0.03692	0.00715	0.00733	0.01239	0.00536	0.00523
15	0.01212	0.00867	0.00972	0.00940	0.01205	0.00754	0.00713	0.01453	0.01924	0.06926	0.17285	0.07085	0.44661	0.05790	0.01134	0.00303	0.00465	0.04789	0.00780	0.00741
16	0.77215	0.01569	0.01193	0.01067	0.01569	0.01820	0.00879	0.02385	0.01381	0.03641	0.01130	0.01318	0.00879	0.00753	0.00502	0.00251	0.00628	0.00439	0.00502	0.00879
17	0.01073	0.00742	0.00917	0.01022	0.01049	0.00715	0.00638	0.01152	0.01389	0.01853	0.03631	0.42118	0.04305	0.32826	0.02395	0.00530	0.00610	0.01812	0.00638	0.00586
18	0.01120	0.00814	0.01007	0.00979	0.01174	0.00742	0.00726	0.01450	0.02122	0.02949	0.46954	0.11441	0.18058	0.01766	0.00943	0.00261	0.00395	0.01543	0.04815	0.00742
19	0.58364	0.01356	0.01131	0.01083	0.01472	0.01533	0.00848	0.02075	0.01424	0.03253	0.01956	0.18540	0.01989	0.01196	0.00634	0.00270	0.00589	0.00901	0.00564	0.00824
20	0.01725	0.00992	0.01298	0.01174	0.01465	0.00923	0.00912	0.02175	0.05323	0.16792	0.42971	0.08613	0.05913	0.01568	0.00933	0.00266	0.00486	0.04657	0.00899	0.00916
21	0.02708	0.01290	0.01550	0.01256	0.01728	0.01228	0.01015	0.12410	0.02333	0.33203	0.03245	0.03119	0.07082	0.01067	0.00753	0.00233	0.00607	0.00857	0.23176	0.01140
22	0.01082	0.00790	0.01018	0.01039	0.01192	0.00725	0.00750	0.01374	0.02025	0.02793	0.41827	0.26795	0.11626	0.01971	0.00982	0.00280	0.00413	0.01753	0.00838	0.00725
23	0.01989	0.01483	0.01604	0.01441	0.01847	0.01652	0.01120	0.03671	0.45020	0.08096	0.08227	0.03251	0.02794	0.01113	0.00794	0.00258	0.00582	0.00928	0.12965	0.01165
24	0.01640	0.01004	0.01027	0.00981	0.01238	0.01073	0.00747	0.02499	0.17597	0.03118	0.02812	0.03026	0.02180	0.00984	0.00632	0.00211	0.00444	0.00797	0.57100	0.00889
25	0.71303	0.01554	0.01248	0.01097	0.01610	0.01770	0.00904	0.02511	0.01457	0.08731	0.01296	0.01434	0.00970	0.00773	0.00527	0.00251	0.00633	0.00470	0.00543	0.00919
26	0.01009	0.00806	0.00904	0.00918	0.01136	0.00700	0.00674	0.01247	0.01910	0.02427	0.21465	0.17248	0.42625	0.02036	0.00971	0.00278	0.00414	0.01747	0.00787	0.00700
27	0.01683	0.01442	0.01683	0.01202	0.01923	0.01082	0.00961	0.02043	0.01683	0.02644	0.01442	0.01683	0.01202	0.00601	0.00601	0.00120	0.00601	0.00481	0.00481	0.76444
28	0.01308	0.00934	0.01308	0.01494	0.01681	0.00934	0.01308	0.01681	0.01868	0.02428	0.04296	0.09153	0.04670	0.02242	0.01121	0.00374	0.00747	0.60960	0.00747	0.00747
29	0.01409	0.00705	0.01057	0.01057	0.01057	0.00705	0.00705	0.01057	0.01057	0.01409	0.01409	0.02467	0.01409	0.02819	0.03171	0.76392	0.00705	0.00705	0.00352	0.00352
30	0.01532	0.01442	0.02434	0.69533	0.05589	0.01803	0.02253	0.02073	0.01622	0.02073	0.01442	0.02163	0.01082	0.00811	0.00811	0.00270	0.01082	0.00721	0.00361	0.00901
31	0.01298	0.00953	0.01202	0.01119	0.01347	0.00925	0.00859	0.04821	0.05475	0.03312	0.56449	0.05861	0.06927	0.01626	0.00952	0.00262	0.00440	0.04471	0.00878	0.00822
32	0.02018	0.01743	0.01835	0.01651	0.02110	0.02018	0.01284	0.04312	0.64956	0.03394	0.03303	0.03027	0.02477	0.01101	0.00826	0.00275	0.00642	0.00917	0.00826	0.01284
33	0.02654	0.02116	0.02185	0.01783	0.02336	0.05519	0.01437	0.39159	0.22635	0.04264	0.02347	0.02322	0.01737	0.01261	0.04174	0.00305	0.00907	0.00785	0.00778	0.01296
34	0.01166	0.00843	0.01171	0.01171	0.01270	0.00942	0.00848	0.01364	0.01265	0.01785	0.02295	0.03862	0.02321	0.26859	0.47894	0.01140	0.01733	0.00968	0.00453	0.00651
35	0.00970	0.00822	0.00837	0.00833	0.01102	0.00689	0.00625	0.01185	0.01874	0.02251	0.11438	0.07712	0.62837	0.02033	0.00959	0.00273	0.00409	0.01699	0.00761	0.00689
36	0.71164	0.01619	0.01482	0.01256	0.01784	0.01839	0.05909	0.02402	0.01424	0.03557	0.01171	0.01388	0.00907	0.00748	0.00539	0.00253	0.00687	0.00481	0.00495	0.00896
37	0.03641	0.01381	0.01883	0.01444	0.02071	0.01193	0.01193	0.03954	0.02322	0.66984	0.03201	0.02762	0.02009	0.01004	0.00816	0.00251	0.00690	0.00816	0.01004	0.01381
38	0.03031	0.03867	0.02299	0.02090	0.02508	0.68226	0.01568	0.03240	0.02299	0.01986	0.01254	0.01463	0.01045	0.00836	0.00732	0.00209	0.01463	0.00523	0.00418	0.00941
39	0.00959	0.00822	0.00822	0.00822	0.01096	0.00685	0.00617	0.01165	0.01850	0.02192	0.08220	0.07809	0.66092	0.02055	0.00959	0.00274	0.00411	0.01713	0.00754	0.00685
40	0.01148	0.00829	0.01085	0.01021	0.01212	0.00766	0.00766	0.01531	0.02297	0.03254	0.65994	0.06061	0.07656	0.01659	0.00957	0.00255	0.00383	0.01467	0.00893	0.00766
41	0.02054	0.01761	0.01855	0.01659	0.02124	0.02035	0.01293	0.06301	0.62908	0.03452	0.03257	0.02991	0.02440	0.01097	0.00825	0.00274	0.00651	0.00911	0.00825	0.01288
42	0.63326	0.01534	0.01323	0.01138	0.01664	0.01702	0.00938	0.02681	0.01559	0.15598	0.01521	0.01591	0.01092	0.00801	0.00561	0.00251	0.00640	0.00510	0.00597	0.00974
43	0.01915	0.02189	0.04788	0.03420	0.04241	0.02052	0.63475	0.02599	0.01915	0.02599	0.01642	0.02189	0.01231	0.00684	0.00958	0.00274	0.01368	0.00958	0.00410	0.01094
44	0.01081	0.00895	0.00957	0.00941	0.01205	0.00809	0.00704	0.01488	0.07203	0.02463	0.17221	0.10373	0.47907	0.01934	0.00951	0.00274	0.00429	0.01636	0.00783	0.00747
45	0.01076	0.00827	0.00984	0.00945	0.01168	0.00735	0.00708	0.01391	0.02125	0.02847	0.43840	0.06731	0.30064	0.01811	0.00958	0.00262	0.00394	0.01561	0.00840	0.00735
46	0.01409	0.00705	0.01057	0.01057	0.01057	0.00705	0.00705	0.01057	0.01057	0.01409	0.01409	0.02467	0.01409	0.02819	0.03171	0.76392	0.00705	0.00705	0.00352	0.00352
47	0.02169	0.71972	0.04252	0.01388	0.02083	0.03211	0.01388	0.02430	0.01649	0.01909	0.01128	0.01302	0.01041	0.00694	0.00521	0.00174	0.00868	0.00434	0.00347	0.01041
48	0.77215	0.01569	0.01193	0.01067	0.01569	0.01820	0.00879	0.02385	0.01381	0.03641	0.01130	0.01318	0.00879	0.00753	0.00502	0.00251	0.00628	0.00439	0.00502	0.00879
49	0.00989	0.00706	0.00942	0.01130	0.01177	0.00659	0.00753	0.01130	0.01554	0.02071	0.04472	0.70954	0.05367	0.02542	0.01036	0.00330	0.00471	0.02307	0.00753	0.00659
50	0.01409	0.00705	0.01057	0.01057	0.01057	0.00705	0.00705	0.01057	0.01057	0.01409	0.01409	0.02467	0.01409	0.02819	0.03171	0.76392	0.00705	0.00705	0.00352	0.00352
51	0.01308	0.00934	0.01308	0.01494	0.01681	0.00934	0.01308	0.01681	0.01868	0.02428	0.04296	0.09153	0.04670	0.02242	0.01121	0.00374	0.00747	0.60960	0.00747	0.00747
52	0.02892	0.03648	0.02441	0.05718	0.02765	0.61138	0.04959	0.03144	0.02243	0.02024	0.01285	0.01540	0.01057	0.00827	0.00748	0.00216	0.01438	0.00557	0.00415	0.00947
53	0.01513	0.00756	0.00756	0.00756	0.00945	0.00756	0.00567	0.01891	0.01702	0.03025	0.02647	0.03025	0.02080	0.00945	0.00567	0.00189	0.00378	0.00756	0.75988	0.00756
54	0.01139	0.00829	0.01071	0.01011	0.01206	0.00761	0.00758	0.01512	0.02274	0.03199	0.63014	0.06151	0.10670	0.01679	0.00957	0.00256	0.00384	0.01480	0.00886	0.00761
55	0.01308	0.00934	0.01308	0.01494	0.01681	0.00934	0.01308	0.01681	0.01868	0.02428	0.04296	0.09153	0.04670	0.02242	0.01121	0.00374	0.00747	0.60960	0.00747	0.00747
56	0.01915	0.02189	0.04788	0.03420	0.04241	0.02052	0.63475	0.02599	0.01915	0.02599	0.01642	0.02189	0.01231	0.00684	0.00958	0.00274	0.01368	0.00958	0.00410	0.01094
57	0.03168	0.02139	0.02352	0.01803	0.02450	0.02318	0.01490	0.54753	0.03591	0.14393	0.02136	0.02070	0.01474	0.00979	0.00812	0.00245	0.00863	0.00743	0.00841	0.01380
58	0.02018	0.01743	0.01835	0.01651	0.02110	0.02018	0.01284	0.04312	0.64956	0.03394	0.03303	0.03027	0.02477	0.01101	0.00826	0.00275	0.00642	0.00917	0.00826	0.01284
59	0.77215	0.01569	0.01193	0.01067	0.01569	0.01820	0.00879	0.02385	0.01381	0.03641	0.01130	0.01318	0.00879	0.00753	0.00502	0.00251	0.00628	0.00439	0.00502	0.00879
60	0.01915	0.02189	0.04788	0.03420	0.04241	0.02052	0.63475	0.02599	0.01915	0.02599	0.01642	0.02189	0.01231	0.00684	0.00958	0.00274	0.01368	0.00958	0.00410	0.01094
61	0.01308	0.00934	0.01308	0.01494	0.01681	0.00934	0.01308	0.01681	0.01868	0.02428	0.04296	0.09153	0.04670	0.02242	0.01121	0.00374	0.00747	0.60960	0.00747	0.00747
62	0.01915	0.02189	0.04788	0.03420	0.04241	0.02052	0.63475	0.02599	0.01915	0.02599	0.01642	0.02189	0.01231	0.00684	0.00958	0.00274	0.01368	0.00958	0.00410	0.01094
63	0.01513	0.00756	0.00756	0.00756	0.00945	0.00756	0.00567	0.01891	0.01702	0.03025	0.02647	0.03025	0.02080	0.00945	0.00567	0.00189	0.00378	0.00756	0.75988	0.00756
64	0.02176	0.02028	0.02972	0.09505	0.45633	0.05425	0.02224	0.11324	0.05460	0.02960	0.01659	0.02038	0.01333	0.00792	0.00803	0.00244	0.00972	0.00724	0.00480	0.01249
65	0.00993	0.00766	0.00911	0.01022	0.01170	0.00684	0.00726	0.01173	0.01692	0.02140	0.06010	0.41630	0.30397	0.02325	0.01009	0.00309	0.00461	0.05153	0.00753	0.00674
66	0.02515	0.03051	0.06631	0.02436	0.03033	0.35960	0.21742	0.02925	0.02120	0.05655	0.01853	0.02109	0.04510	0.00855	0.00824	0.00238	0.01323	0.00745	0.00460	0.01015
67	0.02204	0.31158	0.21169	0.01774	0.02533	0.09369	0.01840	0.11865	0.02032	0.02564	0.01375	0.01600	0.01111	0.00896	0.00810	0.04621	0.01017	0.00550	0.00425	0.01087
68	0.03082	0.02357	0.02428	0.01879	0.02516	0.05980	0.01544	0.60528	0.03735	0.04949	0.01912	0.01923	0.01362	0.00967	0.00807	0.00242	0.00923	0.00720	0.00791	0.01357
69	0.01065	0.00804	0.00983	0.00985	0.01173	0.00723	0.00721	0.01352	0.02030	0.02730	0.38033	0.18792	0.23773	0.01938	0.00972	0.00275	0.00407	0.01695	0.00827	0.00723
70	0.01274	0.00942	0.01376	0.01504	0.01690	0.00928	0.03599	0.01618	0.01814	0.02371	0.04226	0.19887	0.04662	0.02235	0.01099	0.00362	0.00722	0.48211	0.00735	0.00745
71	0.06161	0.01719	0.02235	0.26834	0.07681	0.01969	0.01734	0.20669	0.10832	0.03371	0.07018	0.02473	0.01888	0.00958	0.00808	0.00259	0.00878	0.00795	0.00610	0.01108
72	0.01014	0.00732	0.00966	0.01144	0.01216	0.00684	0.00793	0.01179	0.01597	0.02109	0.04660	0.62229	0.08598	0.02490	0.01039	0.00330	0.00491	0.07307	0.00753	0.00668
73	0.02622	0.02043	0.02175	0.01773	0.02340	0.02300	0.01430	0.37970	0.30314	0.04369	0.02535	0.02416	0.01855	0.01029	0.00818	0.00257	0.00784	0.00812	0.00818	0.01339
74	0.01928	0.01893	0.03287	0.07328	0.05462	0.01806	0.29874	0.07166	0.08145	0.02842	0.01757	0.02112	0.01348	0.00735	0.00824	0.00230	0.01025	0.00786	0.00496	0.20956
75	0.02169	0.71972	0.04252	0.01388	0.02083	0.03211	0.01388	0.02430	0.01649	0.01909	0.01128	0.01302	0.01041	0.00694	0.00521	0.00174	0.00868	0.00434	0.00347	0.01041
76	0.00989	0.00706	0.00942	0.01130	0.01177	0.00659	0.00753	0.01130	0.01554	0.02071	0.04472	0.70954	0.05367	0.02542	0.01036	0.00330	0.00471	0.02307	0.00753	0.00659
77	0.01895	0.02150	0.04667	0.06829	0.04310	0.02039	0.60318	0.02572	0.01900	0.02572	0.01631	0.02187	0.01223	0.00691	0.00950	0.00273	0.01353	0.00945	0.00408	0.01084
78	0.03479	0.01466	0.01915	0.01487	0.02103	0.01342	0.01222	0.07817	0.07276	0.58082	0.03129	0.02730	0.02005	0.01010	0.00816	0.00252	0.00700	0.00818	0.00978	0.01373
79	0.10373	0.01534	0.01903	0.01473	0.02093	0.01452	0.01217	0.12901	0.02462	0.51702	0.02819	0.02504	0.01808	0.00976	0.00786	0.00250	0.00715	0.00768	0.00928	0.01334
80	0.05970	0.01532	0.02646	0.51901	0.04918	0.01791	0.11618	0.02164	0.01658	0.02293	0.01514	0.02161	0.01142	0.00795	0.00804	0.00266	0.01065	0.00743	0.04096	0.00923
81	0.03641	0.01381	0.01883	0.01444	0.02071	0.01193	0.01193	0.03954	0.02322	0.66984	0.03201	0.02762	0.02009	0.01004	0.00816	0.00251	0.00690	0.00816	0.01004	0.01381
82	0.00989	0.00706	0.00942	0.01130	0.01177	0.00659	0.00753	0.01130	0.01554	0.02071	0.04472	0.70954	0.05367	0.02542	0.01036	0.00330	0.00471	0.02307	0.00753	0.00659
83	0.01187	0.00922	0.01091	0.01032	0.01274	0.00873	0.00779	0.01720	0.08654	0.02982	0.43940	0.06219	0.22872	0.01708	0.00944	0.00262	0.00417	0.01477	0.00849	0.00798
84	0.01041	0.00825	0.00935	0.00908	0.01146	0.00720	0.00681	0.01323	0.02043	0.02650	0.33145	0.07055	0.40882	0.01884	0.00958	0.00266	0.00399	0.01607	0.00814	0.00720
85	0.01065	0.00839	0.00868	0.00859	0.01138	0.00704	0.00645	0.01272	0.01856	0.04721	0.07868	0.10236	0.61063	0.02034	0.00957	0.00275	0.00424	0.01702	0.00763	0.00711
86	0.02804	0.01859	0.02021	0.01587	0.02136	0.02007	0.01299	0.44487	0.03213	0.10879	0.02223	0.02260	0.01593	0.00971	0.00760	0.00233	0.00762	0.00745	0.16916	0.01247
87	0.00997	0.00757	0.00923	0.01049	0.01178	0.00683	0.00739	0.01172	0.01668	0.02131	0.05691	0.46809	0.25237	0.02366	0.01015	0.00314	0.00467	0.05379	0.00753	0.00672
88	0.01063	0.00801	0.00983	0.00990	0.01173	0.00721	0.00722	0.01346	0.02017	0.02713	0.37189	0.20332	0.23075	0.01954	0.00974	0.00276	0.00409	0.01713	0.00825	0.00721
89	0.01109	0.00808	0.00932	0.00918	0.01074	0.00743	0.00636	0.01322	0.01800	0.02413	0.26226	0.08752	0.23477	0.21308	0.01833	0.00410	0.00507	0.01465	0.03606	0.00661
90	0.45040	0.01697	0.01562	0.01311	0.01852	0.04412	0.01070	0.09021	0.05562	0.18739	0.01834	0.01828	0.01296	0.00858	0.00635	0.00250	0.00703	0.00589	0.00668	0.01074
91	0.04276	0.00860	0.00980	0.00950	0.01022	0.00852	0.00577	0.01446	0.01299	0.06935	0.02655	0.08413	0.02923	0.59480	0.03562	0.00699	0.00756	0.01182	0.00547	0.00587
92	0.01144	0.00836	0.00957	0.00945	0.01185	0.00727	0.00701	0.01391	0.01946	0.05673	0.22022	0.15709	0.39906	0.01969	0.00962	0.00276	0.00426	0.01687	0.00801	0.00736
93	0.77215	0.01569	0.01193	0.01067	0.01569	0.01820	0.00879	0.02385	0.01381	0.03641	0.01130	0.01318	0.00879	0.00753	0.00502	0.00251	0.00628	0.00439	0.00502	0.00879
94	0.01137	0.00793	0.00914	0.00938	0.00997	0.00767	0.00588	0.01216	0.01393	0.01829	0.06690	0.12293	0.11726	0.48759	0.03106	0.00628	0.00685	0.04396	0.00584	0.00560
95	0.01339	0.00868	0.01056	0.01074	0.01292	0.00782	0.00806	0.01559	0.01811	0.09341	0.09875	0.22312	0.27002	0.07633	0.01238	0.00338	0.00529	0.09624	0.00769	0.00754
96	0.01037	0.00798	0.00935	0.00978	0.01158	0.00714	0.00709	0.01260	0.01833	0.02363	0.18979	0.23028	0.31960	0.06118	0.01169	0.00318	0.00458	0.04730	0.00768	0.00688
97	0.02591	0.01866	0.02038	0.01693	0.02238	0.02067	0.01356	0.23691	0.36303	0.12746	0.02846	0.02638	0.02053	0.01046	0.00820	0.00262	0.00731	0.00842	0.00846	0.01329
98	0.01155	0.00782	0.00887	0.00902	0.00917	0.00772	0.00518	0.01175	0.01238	0.01639	0.02946	0.10689	0.05769	0.63058	0.03750	0.00729	0.00746	0.01293	0.00524	0.00513
99	0.01023	0.00800	0.00927	0.00948	0.01149	0.00704	0.00691	0.01269	0.01924	0.02491	0.25075	0.20580	0.35450	0.02037	0.00975	0.00280	0.00415	0.01763	0.00796	0.00704
100	0.77215	0.01569	0.01193	0.01067	0.01569	0.01820	0.00879	0.02385	0.01381	0.03641	0.01130	0.01318	0.00879	0.00753	0.00502	0.00251	0.00628	0.00439	0.00502	0.00879
101	0.18047	0.01388	0.01703	0.01346	0.01926	0.01294	0.01107	0.03513	0.02135	0.51010	0.06195	0.02655	0.02091	0.00990	0.00762	0.00251	0.00661	0.00777	0.00899	0.01248
102	0.01947	0.01917	0.03425	0.11192	0.51301	0.01934	0.11345	0.02465	0.01835	0.02586	0.01535	0.02050	0.01257	0.00726	0.00827	0.00249	0.01035	0.00757	0.00399	0.01219
103	0.01486	0.00759	0.00767	0.00767	0.00941	0.00759	0.00561	0.01834	0.01660	0.02908	0.02640	0.03209	0.02150	0.06614	0.00854	0.00237	0.00411	0.00790	0.69921	0.00735
104	0.02041	0.01735	0.01842	0.01655	0.02112	0.01998	0.01298	0.07124	0.59326	0.03439	0.03277	0.03229	0.02514	0.01142	0.00837	0.00278	0.00659	0.03404	0.00822	0.01267
105	0.16136	0.02121	0.02185	0.01714	0.02328	0.02368	0.01412	0.49810	0.06538	0.04765	0.01873	0.01892	0.01348	0.00942	0.00758	0.00246	0.00833	0.00689	0.00758	0.01286
106	0.01614	0.00936	0.01003	0.00945	0.01147	0.01013	0.00730	0.04357	0.04279	0.03034	0.02519	0.02884	0.01987	0.00991	0.00755	0.00208	0.06003	0.00758	0.64025	0.00812
107	0.01014	0.00724	0.00971	0.01159	0.01217	0.00681	0.00798	0.01174	0.01579	0.02100	0.04458	0.65987	0.05311	0.02518	0.01043	0.00333	0.00493	0.07020	0.00753	0.00666
108	0.02048	0.04686	0.12984	0.04075	0.46894	0.04169	0.02408	0.05906	0.04105	0.02751	0.01577	0.01953	0.01276	0.00760	0.00788	0.00241	0.00998	0.00695	0.00428	0.01258
109	0.02393	0.02432	0.02748	0.09607	0.31083	0.19353	0.02022	0.11895	0.05566	0.02830	0.01604	0.01925	0.01280	0.00818	0.00788	0.00238	0.01078	0.00682	0.00486	0.01173
110	0.01862	0.33513	0.40017	0.01913	0.02894	0.02458	0.02302	0.02509	0.01685	0.02284	0.01314	0.01535	0.01034	0.00738	0.00663	0.00221	0.01056	0.00528	0.00345	0.01131
111	0.02928	0.01953	0.02315	0.01785	0.02380	0.02072	0.04589	0.43513	0.03230	0.15432	0.05593	0.02352	0.01823	0.01099	0.00952	0.04261	0.00845	0.00796	0.00805	0.01278
112	0.06939	0.02209	0.02340	0.01814	0.02446	0.02455	0.01494	0.57522	0.06734	0.04950	0.01973	0.01969	0.01408	0.00969	0.00796	0.00245	0.00866	0.00725	0.00796	0.01349
113	0.01958	0.01846	0.02809	0.05200	0.23126	0.06400	0.13247	0.08701	0.02096	0.02769	0.02370	0.04066	0.02240	0.01191	0.00920	0.00284	0.01008	0.18154	0.00546	0.01068
114	0.06467	0.01460	0.01885	0.01464	0.02079	0.01339	0.01205	0.07369	0.05766	0.57421	0.03051	0.02671	0.01952	0.00998	0.00804	0.00252	0.00697	0.00801	0.00963	0.01356
115	0.02218	0.02351	0.02903	0.03994	0.45978	0.18039	0.02149	0.02689	0.04284	0.02499	0.01782	0.02135	0.03749	0.00815	0.00793	0.00236	0.01053	0.00719	0.00435	0.01178
116	0.01285	0.00878	0.01130	0.01104	0.01307	0.00824	0.00830	0.01685	0.04567	0.06304	0.42647	0.17679	0.09586	0.01815	0.00968	0.00277	0.00447	0.05017	0.00856	0.00794
117	0.01303	0.00959	0.01205	0.01119	0.01349	0.00933	0.00857	0.04842	0.05982	0.03323	0.56658	0.05802	0.06920	0.01615	0.00949	0.00261	0.00438	0.03781	0.00879	0.00826
118	0.00959	0.00822	0.00822	0.00822	0.01096	0.00685	0.00617	0.01165	0.01850	0.02192	0.08220	0.07809	0.66092	0.02055	0.00959	0.00274	0.00411	0.01713	0.00754	0.00685
119	0.01317	0.01015	0.01108	0.01103	0.01353	0.01009	0.00815	0.04997	0.12733	0.02600	0.05370	0.24847	0.27277	0.01865	0.00911	0.00280	0.00490	0.01602	0.08485	0.00824
120	0.50983	0.01694	0.01526	0.01276	0.01810	0.01901	0.01050	0.17290	0.02050	0.08596	0.01538	0.01642	0.01129	0.00832	0.00602	0.00247	0.00687	0.00550	0.03565	0.01032
121	0.77215	0.01569	0.01193	0.01067	0.01569	0.01820	0.00879	0.02385	0.01381	0.03641	0.01130	0.01318	0.00879	0.00753	0.00502	0.00251	0.00628	0.00439	0.00502	0.00879
122	0.01428	0.00824	0.00918	0.00877	0.01101	0.00771	0.00657	0.01754	0.01887	0.06558	0.18872	0.04757	0.15860	0.04266	0.00899	0.00250	0.00421	0.01133	0.35998	0.00770
123	0.01001	0.00729	0.00921	0.01067	0.01141	0.00674	0.00712	0.01139	0.01561	0.02044	0.04809	0.56722	0.13327	0.08500	0.01296	0.00362	0.00490	0.02128	0.00730	0.00648
124	0.01279	0.00812	0.00887	0.00897	0.01116	0.00732	0.00656	0.01520	0.01756	0.05995	0.05470	0.17851	0.30913	0.04087	0.00960	0.00276	0.00441	0.01484	0.22136	0.00733
125	0.00962	0.00811	0.00833	0.00851	0.01104	0.00683	0.00630	0.01161	0.01821	0.02180	0.07861	0.13855	0.60278	0.02102	0.00966	0.00279	0.00417	0.01769	0.00753	0.00683
126	0.01243	0.00832	0.01029	0.01034	0.01237	0.00743	0.00754	0.01493	0.01935	0.07675	0.24976	0.27078	0.22943	0.02001	0.00971	0.00284	0.00444	0.01753	0.00818	0.00758
127	0.10686	0.01652	0.01972	0.01527	0.02148	0.01630	0.01261	0.20759	0.02654	0.43226	0.02643	0.02390	0.01720	0.00971	0.00784	0.00249	0.00742	0.00755	0.00900	0.01331
128	0.24173	0.01433	0.01690	0.01339	0.01931	0.01368	0.01105	0.03517	0.02060	0.49307	0.02623	0.02359	0.01693	0.00934	0.00728	0.00251	0.00673	0.00711	0.00864	0.01241
129	0.01217	0.00846	0.01052	0.01004	0.01226	0.00760	0.00751	0.01536	0.02134	0.06133	0.44377	0.11400	0.20960	0.01788	0.00957	0.00265	0.00412	0.01558	0.00855	0.00769
130	0.01017	0.00736	0.00962	0.01092	0.01179	0.00681	0.00748	0.01207	0.01710	0.02300	0.16250	0.55234	0.09180	0.02349	0.01017	0.00312	0.00451	0.02116	0.00780	0.00681
131	0.01256	0.03156	0.01008	0.00890	0.01119	0.00822	0.00679	0.01586	0.01954	0.02850	0.26970	0.05336	0.21068	0.01490	0.00811	0.00235	0.00405	0.01257	0.26359	0.00750
132	0.00995	0.00719	0.00942	0.01107	0.01174	0.00666	0.00746	0.01152	0.01607	0.02137	0.07715	0.64109	0.08993	0.02471	0.01027	0.00323	0.00463	0.02231	0.00760	0.00666
133	0.00966	0.00822	0.00832	0.00829	0.01100	0.00688	0.00622	0.01178	0.01866	0.02231	0.10350	0.07745	0.63938	0.02040	0.00959	0.00273	0.00410	0.01703	0.00759	0.00688
134	0.01683	0.01442	0.01683	0.01202	0.01923	0.01082	0.00961	0.02043	0.01683	0.02644	0.01442	0.01683	0.01202	0.00601	0.00601	0.00120	0.00601	0.00481	0.00481	0.76444
135	0.01366	0.00949	0.01183	0.01094	0.01333	0.00921	0.00830	0.01956	0.09154	0.05906	0.53227	0.05434	0.06565	0.01534	0.00917	0.00254	0.00424	0.01343	0.04763	0.00848
136	0.02019	0.01185	0.01254	0.01089	0.01420	0.01242	0.00858	0.16798	0.04406	0.07001	0.02533	0.02755	0.01923	0.00961	0.00648	0.00208	0.00527	0.00759	0.51459	0.00957
137	0.01409	0.00705	0.01057	0.01057	0.01057	0.00705	0.00705	0.01057	0.01057	0.01409	0.01409	0.02467	0.01409	0.02819	0.03171	0.76392	0.00705	0.00705	0.00352	0.00352
138	0.02999	0.02230	0.02387	0.01850	0.02484	0.02476	0.01522	0.58942	0.08728	0.04976	0.02057	0.02035	0.01468	0.00984	0.00813	0.00246	0.00873	0.00746	0.00813	0.01372
139	0.03641	0.01381	0.01883	0.01444	0.02071	0.01193	0.01193	0.03954	0.02322	0.66984	0.03201	0.02762	0.02009	0.01004	0.00816	0.00251	0.00690	0.00816	0.01004	0.01381
140	0.03279	0.01432	0.01856	0.01463	0.02047	0.01325	0.01195	0.06347	0.10092	0.53036	0.06659	0.02944	0.02355	0.01051	0.00825	0.00254	0.00676	0.00861	0.00968	0.01335
141	0.01209	0.00945	0.01071	0.01025	0.01246	0.00921	0.00747	0.01722	0.10444	0.02577	0.24844	0.06012	0.25644	0.14008	0.03718	0.00391	0.00557	0.01405	0.00752	0.00760
142	0.02130	0.01704	0.01817	0.01595	0.02068	0.01917	0.01252	0.10113	0.50238	0.06920	0.03554	0.03287	0.07452	0.01159	0.00834	0.00271	0.00652	0.00957	0.00828	0.01251
143	0.00993	0.00823	0.00869	0.00858	0.01117	0.00700	0.00643	0.01231	0.01930	0.02384	0.18647	0.07494	0.55546	0.01984	0.00959	0.00271	0.00406	0.01668	0.00779	0.00700
144	0.02504	0.01978	0.02233	0.01805	0.02352	0.02200	0.04513	0.34072	0.27173	0.04118	0.02491	0.02571	0.01887	0.05088	0.01016	0.00289	0.00814	0.00840	0.00778	0.01277
145	0.02169	0.71972	0.04252	0.01388	0.02083	0.03211	0.01388	0.02430	0.01649	0.01909	0.01128	0.01302	0.01041	0.00694	0.00521	0.00174	0.00868	0.00434	0.00347	0.01041
146	0.01171	0.00822	0.01064	0.01064	0.01126	0.00884	0.00715	0.01295	0.01233	0.01706	0.02393	0.04404	0.02557	0.43567	0.31509	0.01008	0.01379	0.01047	0.00467	0.00591
147	0.05905	0.06020	0.13491	0.02424	0.03115	0.08396	0.26553	0.05556	0.03891	0.02621	0.01837	0.04847	0.01547	0.01307	0.06266	0.00346	0.01247	0.03129	0.00462	0.01043
148	0.03054	0.03177	0.02358	0.01994	0.02512	0.39791	0.01557	0.29410	0.02955	0.03339	0.01555	0.01673	0.01190	0.00896	0.00766	0.00224	0.01216	0.00613	0.00588	0.01131
149	0.01959	0.01609	0.01764	0.01365	0.01981	0.03823	0.01085	0.08885	0.11356	0.05500	0.07200	0.02306	0.01971	0.00826	0.00699	0.00175	0.00655	0.00668	0.00618	0.45556
150	0.01134	0.00814	0.01056	0.01177	0.01279	0.00784	0.00827	0.04502	0.01769	0.02377	0.10836	0.57010	0.05360	0.02349	0.01020	0.00320	0.00499	0.05402	0.00771	0.00713
151	0.01586	0.01307	0.01456	0.01378	0.01692	0.01428	0.01040	0.02962	0.36506	0.03053	0.17015	0.16873	0.07252	0.01541	0.00900	0.00281	0.00543	0.01338	0.00823	0.01026
152	0.01209	0.01022	0.01087	0.01014	0.01346	0.00936	0.00770	0.01764	0.11625	0.02495	0.10794	0.08752	0.43295	0.01753	0.00906	0.00260	0.00466	0.01473	0.00748	0.08285
153	0.02272	0.02944	0.29532	0.02213	0.03086	0.04216	0.11251	0.13558	0.08470	0.11480	0.01973	0.02083	0.01391	0.00859	0.00816	0.00256	0.01059	0.00732	0.00571	0.01238
154	0.02144	0.01867	0.04139	0.01685	0.02181	0.02030	0.01361	0.15029	0.47982	0.03609	0.03055	0.06567	0.02386	0.01146	0.00833	0.00272	0.00698	0.00949	0.00802	0.01264
155	0.07954	0.02115	0.04422	0.05395	0.04070	0.02025	0.56440	0.02565	0.01863	0.02666	0.01594	0.02118	0.01198	0.00694	0.00916	0.00272	0.01299	0.00908	0.00416	0.01071
156	0.01943	0.01861	0.03175	0.13851	0.58062	0.01911	0.02458	0.02433	0.01817	0.02572	0.01515	0.02030	0.01257	0.00735	0.00804	0.00245	0.00980	0.00723	0.00396	0.01233
157	0.01532	0.01442	0.02434	0.69533	0.05589	0.01803	0.02253	0.02073	0.01622	0.02073	0.01442	0.02163	0.01082	0.00811	0.00811	0.00270	0.01082	0.00721	0.00361	0.00901
158	0.01627	0.04197	0.67279	0.02313	0.03512	0.01884	0.02998	0.02570	0.01713	0.02570	0.01456	0.01713	0.01028	0.00771	0.00771	0.00257	0.01199	0.00600	0.00343	0.01199
159	0.00977	0.00781	0.00875	0.00939	0.01129	0.00679	0.00671	0.01166	0.01761	0.02190	0.09106	0.30253	0.42196	0.02213	0.00986	0.00293	0.00431	0.01915	0.00759	0.00679
160	0.77215	0.01569	0.01193	0.01067	0.01569	0.01820	0.00879	0.02385	0.01381	0.03641	0.01130	0.01318	0.00879	0.00753	0.00502	0.00251	0.00628	0.00439	0.00502	0.00879
161	0.10927	0.01400	0.01815	0.01406	0.02022	0.01255	0.01162	0.03799	0.02229	0.60711	0.02996	0.02619	0.01897	0.00979	0.00785	0.00251	0.00684	0.00779	0.00955	0.01331
162	0.03173	0.01933	0.02188	0.01686	0.02307	0.02036	0.01390	0.42886	0.03267	0.23428	0.02356	0.02243	0.01601	0.00982	0.00801	0.00243	0.00807	0.00757	0.04567	0.01350
163	0.00988	0.00823	0.00863	0.00853	0.01114	0.00697	0.00640	0.01221	0.01919	0.02356	0.17159	0.07539	0.57050	0.01994	0.00959	0.00271	0.00407	0.01675	0.00775	0.00697
164	0.01162	0.00860	0.01257	0.01257	0.01386	0.00989	0.00956	0.01419	0.01290	0.01849	0.02216	0.03426	0.02132	0.13414	0.61081	0.01246	0.02018	0.00904	0.00441	0.00698
165	0.00959	0.00822	0.00822	0.00822	0.01096	0.00685	0.00617	0.01165	0.01850	0.02192	0.08220	0.07809	0.66092	0.02055	0.00959	0.00274	0.00411	0.01713	0.00754	0.00685
166	0.77215	0.01569	0.01193	0.01067	0.01569	0.01820	0.00879	0.02385	0.01381	0.03641	0.01130	0.01318	0.00879	0.00753	0.00502	0.00251	0.00628	0.00439	0.00502	0.00879
167	0.01409	0.00705	0.01057	0.01057	0.01057	0.00705	0.00705	0.01057	0.01057	0.01409	0.01409	0.02467	0.01409	0.02819	0.03171	0.76392	0.00705	0.00705	0.00352	0.00352
168	0.43628	0.01485	0.01436	0.01210	0.01728	0.01590	0.00990	0.04972	0.05040	0.22106	0.01989	0.01978	0.01399	0.00866	0.00626	0.00247	0.00637	0.00608	0.06411	0.01054
169	0.03020	0.01975	0.02202	0.01732	0.02342	0.02126	0.01417	0.39491	0.14444	0.18852	0.02476	0.02326	0.01719	0.01004	0.00815	0.00251	0.00802	0.00783	0.00858	0.01363
170	0.07536	0.01577	0.01913	0.01508	0.02100	0.01548	0.01234	0.14841	0.09295	0.42906	0.04978	0.02668	0.02068	0.01017	0.00803	0.00252	0.00709	0.00811	0.00917	0.01321
171	0.19138	0.01177	0.01341	0.01158	0.01559	0.01143	0.00910	0.02537	0.01936	0.25754	0.15151	0.08342	0.06607	0.04750	0.00948	0.00282	0.00575	0.01027	0.04680	0.00984
172	0.01042	0.00753	0.00918	0.01014	0.01122	0.00694	0.00689	0.01214	0.01652	0.02197	0.11246	0.41336	0.17444	0.10240	0.01351	0.00358	0.00482	0.01910	0.03680	0.00660
173	0.00989	0.00706	0.00942	0.01130	0.01177	0.00659	0.00753	0.01130	0.01554	0.02071	0.04472	0.70954	0.05367	0.02542	0.01036	0.00330	0.00471	0.02307	0.00753	0.00659
174	0.00984	0.00725	0.00922	0.01080	0.01164	0.00663	0.00731	0.01135	0.01602	0.02091	0.05082	0.60686	0.15241	0.02463	0.01023	0.00321	0.00461	0.02210	0.00753	0.00663
175	0.01001	0.00808	0.00891	0.00903	0.01130	0.00698	0.00665	0.01233	0.01899	0.02388	0.19277	0.15904	0.46280	0.02041	0.00969	0.00278	0.00413	0.01743	0.00781	0.00698
176	0.72958	0.01558	0.01233	0.01089	0.01598	0.01784	0.00897	0.02476	0.01435	0.07305	0.01250	0.01402	0.00944	0.00768	0.00520	0.00251	0.00631	0.00461	0.00531	0.00908
177	0.77215	0.01569	0.01193	0.01067	0.01569	0.01820	0.00879	0.02385	0.01381	0.03641	0.01130	0.01318	0.00879	0.00753	0.00502	0.00251	0.00628	0.00439	0.00502	0.00879
178	0.01363	0.01098	0.01129	0.01021	0.01366	0.01033	0.00793	0.13066	0.02223	0.02748	0.07027	0.06694	0.53780	0.01849	0.00931	0.00268	0.00503	0.01526	0.00765	0.00817
179	0.01068	0.00856	0.00945	0.00942	0.01169	0.00773	0.00689	0.01399	0.05126	0.02425	0.19107	0.13910	0.40713	0.05845	0.01137	0.00305	0.00445	0.01656	0.00771	0.00719
180	0.00989	0.00706	0.00942	0.01130	0.01177	0.00659	0.00753	0.01130	0.01554	0.02071	0.04472	0.70954	0.05367	0.02542	0.01036	0.00330	0.00471	0.02307	0.00753	0.00659
181	0.01777	0.01273	0.01321	0.01225	0.01555	0.01417	0.00943	0.03159	0.34834	0.03219	0.02990	0.03026	0.02288	0.01027	0.00703	0.00234	0.00516	0.00841	0.36618	0.01033
182	0.02197	0.01832	0.01935	0.01687	0.02178	0.02102	0.01328	0.14277	0.54699	0.03683	0.03075	0.02846	0.02293	0.01080	0.00823	0.00270	0.00684	0.00886	0.00823	0.01300
183	0.02999	0.02230	0.02387	0.01850	0.02484	0.02476	0.01522	0.58942	0.08728	0.04976	0.02057	0.02035	0.01468	0.00984	0.00813	0.00246	0.00873	0.00746	0.00813	0.01372
184	0.01513	0.00756	0.00756	0.00756	0.00945	0.00756	0.00567	0.01891	0.01702	0.03025	0.02647	0.03025	0.02080	0.00945	0.00567	0.00189	0.00378	0.00756	0.75988	0.00756
185	0.01683	0.01442	0.01683	0.01202	0.01923	0.01082	0.00961	0.02043	0.01683	0.02644	0.01442	0.01683	0.01202	0.00601	0.00601	0.00120	0.00601	0.00481	0.00481	0.76444
186	0.01699	0.01467	0.01764	0.01393	0.05184	0.01124	0.01039	0.02066	0.01691	0.02644	0.01446	0.01699	0.01206	0.00607	0.00611	0.00126	0.00619	0.00493	0.00477	0.72644
187	0.02119	0.02334	0.03950	0.09953	0.07613	0.11136	0.40740	0.07038	0.02071	0.02646	0.01584	0.02059	0.01204	0.00741	0.00892	0.00260	0.01294	0.00844	0.00435	0.01085
188	0.01974	0.18462	0.06669	0.14528	0.22903	0.02252	0.11889	0.04890	0.04270	0.02491	0.01518	0.01920	0.01221	0.00752	0.00763	0.00238	0.01023	0.00694	0.00413	0.01131

[dist]
# distance from previous block
# <min> <max>
17	26

[block]
# block no. 1 follows, 23 sequences, length 9
# corresponding to MSA columns:
# 285-293
name=unknown_B
#
# <colnr> <probs for GDERKNQSTAVLIFYWHMCP>
#	G	D	E	R	K	N	Q	S	T	A	V	L	I	F	Y	W	H	M	C	P
0	0.05608	0.01676	0.01910	0.01567	0.02063	0.04738	0.03232	0.11665	0.14757	0.08364	0.04786	0.02458	0.01902	0.01627	0.09878	0.00371	0.04205	0.00752	0.00643	0.17798
1	0.01218	0.00923	0.01334	0.01338	0.01504	0.01064	0.01052	0.01626	0.04874	0.02010	0.02403	0.03647	0.02261	0.05508	0.59263	0.01174	0.01977	0.05587	0.00481	0.00757
2	0.37155	0.01442	0.01489	0.06231	0.01998	0.01586	0.01133	0.06832	0.04479	0.11071	0.07457	0.03189	0.02244	0.01107	0.00725	0.00271	0.00684	0.09287	0.00656	0.00965
3	0.01663	0.01442	0.01780	0.10063	0.02398	0.01175	0.01129	0.02047	0.01675	0.02570	0.01442	0.01745	0.01186	0.00628	0.00628	0.00140	0.00663	0.00512	0.00465	0.66648
4	0.01733	0.01516	0.01448	0.01293	0.01632	0.12781	0.00994	0.02140	0.04570	0.06830	0.34213	0.04613	0.08224	0.01367	0.00866	0.00237	0.00648	0.03787	0.00748	0.10361
5	0.01378	0.01148	0.01819	0.07827	0.16164	0.01260	0.01422	0.01740	0.01543	0.02196	0.07860	0.03106	0.02304	0.04046	0.41443	0.00885	0.01649	0.00880	0.00463	0.00867
6	0.02604	0.01523	0.02041	0.01653	0.02186	0.01523	0.06926	0.03679	0.25053	0.30561	0.10345	0.03186	0.02759	0.01085	0.00849	0.00262	0.00700	0.00941	0.00872	0.01248
7	0.01574	0.01211	0.01542	0.01255	0.01742	0.01061	0.00994	0.01905	0.01565	0.05632	0.01823	0.02337	0.01572	0.02804	0.27532	0.00598	0.01231	0.00652	0.00489	0.42481
8	0.01976	0.01329	0.01702	0.07617	0.02199	0.01218	0.01168	0.02518	0.07861	0.15326	0.05294	0.04876	0.02178	0.01417	0.06434	0.00302	0.00794	0.04507	0.00646	0.30637

[dist]
# distance from previous block
# <min> <max>
2	10

[block]
# block no. 2 follows, 23 sequences, length 10
# corresponding to MSA columns:
# 307-316
name=unknown_C
#
# <colnr> <probs for GDERKNQSTAVLIFYWHMCP>
#	G	D	E	R	K	N	Q	S	T	A	V	L	I	F	Y	W	H	M	C	P
0	0.57051	0.01586	0.01555	0.01608	0.09684	0.01741	0.01125	0.02629	0.01577	0.12850	0.01484	0.01616	0.01096	0.00786	0.00586	0.00250	0.00679	0.00530	0.00564	0.01003
1	0.05663	0.02005	0.02390	0.01916	0.02496	0.02219	0.08414	0.28563	0.29856	0.04025	0.02462	0.02414	0.01815	0.00986	0.00821	0.00261	0.00827	0.00824	0.00759	0.01285
2	0.01207	0.00940	0.01397	0.01369	0.01502	0.01129	0.01074	0.01488	0.01299	0.01889	0.02087	0.03077	0.01953	0.05720	0.63133	0.01230	0.07482	0.00857	0.00428	0.00737
3	0.06226	0.01147	0.01394	0.01263	0.01595	0.01130	0.01007	0.09645	0.02250	0.13653	0.23868	0.10283	0.09691	0.01738	0.03103	0.00310	0.00628	0.09318	0.00821	0.00931
4	0.01683	0.01442	0.01683	0.01202	0.01923	0.01082	0.00961	0.02043	0.01683	0.02644	0.01442	0.01683	0.01202	0.00601	0.00601	0.00120	0.00601	0.00481	0.00481	0.76444
5	0.05640	0.02210	0.02139	0.01963	0.08080	0.16906	0.01424	0.18850	0.04729	0.14730	0.07321	0.02324	0.01937	0.00947	0.00776	0.00229	0.00907	0.00734	0.00686	0.07467
6	0.01919	0.01823	0.03039	0.12638	0.52970	0.01835	0.02321	0.02398	0.01805	0.02579	0.01508	0.01998	0.01252	0.00723	0.00786	0.00234	0.00945	0.00701	0.00404	0.08124
7	0.01830	0.01586	0.02110	0.01548	0.02234	0.01340	0.08766	0.09041	0.01945	0.02885	0.01701	0.05813	0.01468	0.00767	0.00694	0.00165	0.00721	0.00675	0.00525	0.54186
8	0.01394	0.01196	0.01411	0.01370	0.01572	0.06717	0.01057	0.01871	0.07332	0.02186	0.09425	0.03354	0.02624	0.04687	0.48802	0.00999	0.01771	0.00912	0.00521	0.00799
9	0.23163	0.01368	0.01554	0.01264	0.01792	0.01322	0.01026	0.03010	0.04420	0.32113	0.12042	0.02788	0.02509	0.01005	0.00734	0.00242	0.00617	0.00788	0.00799	0.07444

[dist]
# distance from previous block
# <min> <max>
3	15

# created by:
# /st0/software/busco_prod/Augustus/scripts/msa2prfl.pl ./align_prep/117480.fa
