[name]
unknown

[dist]
# distance from previous block
# <min> <max>
1	62

[block]
# block no. 0 follows, 23 sequences, length 12
# corresponding to MSA columns:
# 62-73
name=unknown_A
#
# <colnr> <probs for GDERKNQSTAVLIFYWHMCP>
#	G	D	E	R	K	N	Q	S	T	A	V	L	I	F	Y	W	H	M	C	P
0	0.02386	0.01195	0.01536	0.01290	0.01715	0.01092	0.01013	0.02851	0.07399	0.31669	0.16360	0.06863	0.03529	0.07898	0.01167	0.00304	0.00617	0.03647	0.00857	0.06611
1	0.05508	0.01723	0.01778	0.01489	0.01919	0.05639	0.01179	0.29573	0.05857	0.05716	0.12368	0.07819	0.02771	0.01261	0.00907	0.03394	0.00725	0.00952	0.08350	0.01072
2	0.01745	0.01428	0.02422	0.54560	0.04866	0.01684	0.05575	0.02211	0.01666	0.08189	0.01618	0.02242	0.01200	0.00961	0.00983	0.05528	0.01035	0.00743	0.00424	0.00920
3	0.02447	0.01725	0.02027	0.06498	0.02421	0.01674	0.01300	0.23112	0.05306	0.12992	0.01955	0.02027	0.01429	0.00824	0.00729	0.00199	0.00749	0.00651	0.00676	0.31261
4	0.01078	0.00759	0.00971	0.01081	0.01164	0.00716	0.00746	0.01218	0.01588	0.02103	0.09596	0.40617	0.10663	0.13002	0.01615	0.04317	0.00542	0.06885	0.00704	0.00636
5	0.01445	0.00968	0.01223	0.01145	0.01344	0.00914	0.00821	0.06325	0.01604	0.02193	0.05417	0.16798	0.06127	0.07590	0.01965	0.27863	0.00636	0.03014	0.00557	0.12052
6	0.08977	0.01831	0.03176	0.17985	0.06529	0.01947	0.25366	0.06807	0.01849	0.02691	0.01587	0.04092	0.01285	0.00862	0.01003	0.00268	0.07410	0.00820	0.00446	0.05068
7	0.01310	0.01080	0.01548	0.01653	0.08972	0.01100	0.04631	0.01509	0.01540	0.02085	0.08761	0.11652	0.11860	0.28240	0.05109	0.00518	0.05862	0.01282	0.00562	0.00727
8	0.01125	0.00869	0.01087	0.05486	0.01496	0.00865	0.00845	0.01470	0.06929	0.02153	0.04618	0.43493	0.14858	0.09203	0.01304	0.00358	0.00546	0.01873	0.00708	0.00715
9	0.02417	0.08677	0.02250	0.01803	0.05451	0.11146	0.01392	0.24578	0.10172	0.03463	0.02114	0.02519	0.01710	0.01147	0.02870	0.00266	0.00908	0.04251	0.08526	0.04339
10	0.15008	0.01785	0.01838	0.08695	0.02309	0.11368	0.04587	0.02603	0.13792	0.02700	0.02418	0.05913	0.05823	0.01242	0.02916	0.00292	0.06941	0.00842	0.07987	0.00940
11	0.01876	0.01463	0.01592	0.01376	0.01606	0.05709	0.01023	0.12665	0.01903	0.06213	0.05681	0.03793	0.05489	0.29751	0.02445	0.00477	0.11423	0.00978	0.00585	0.03952

[dist]
# distance from previous block
# <min> <max>
20	34

[block]
# block no. 1 follows, 23 sequences, length 62
# corresponding to MSA columns:
# 109-170
name=unknown_B
#
# <colnr> <probs for GDERKNQSTAVLIFYWHMCP>
#	G	D	E	R	K	N	Q	S	T	A	V	L	I	F	Y	W	H	M	C	P
0	0.05680	0.01355	0.01806	0.01771	0.10671	0.01249	0.01218	0.05396	0.02150	0.30444	0.11584	0.03174	0.05409	0.01052	0.00788	0.00235	0.00646	0.00880	0.06819	0.07672
1	0.05133	0.01786	0.02214	0.14020	0.02904	0.04011	0.04074	0.18502	0.09382	0.20346	0.02234	0.02274	0.01565	0.00912	0.00790	0.00244	0.00852	0.00745	0.00716	0.07294
2	0.02942	0.02166	0.02345	0.01837	0.02450	0.02390	0.01523	0.58753	0.03659	0.04899	0.02136	0.02524	0.01643	0.01075	0.00836	0.00254	0.00881	0.05549	0.00807	0.01329
3	0.01653	0.01423	0.01757	0.01275	0.01943	0.01101	0.03707	0.01999	0.01653	0.02556	0.01540	0.01995	0.01343	0.06275	0.00899	0.00180	0.00650	0.00558	0.00478	0.67013
4	0.01363	0.00713	0.01061	0.01076	0.01087	0.00717	0.00725	0.01083	0.01110	0.01487	0.01694	0.07983	0.01758	0.02966	0.06377	0.66412	0.00762	0.00841	0.00389	0.00396
5	0.02347	0.01697	0.02174	0.09361	0.15463	0.04972	0.01580	0.05487	0.19094	0.17991	0.08922	0.02857	0.02392	0.01010	0.00825	0.00256	0.00789	0.00863	0.00719	0.01201
6	0.00989	0.00706	0.00942	0.01130	0.01177	0.00659	0.00753	0.01130	0.01554	0.02071	0.04472	0.70954	0.05367	0.02542	0.01036	0.00330	0.00471	0.02307	0.00753	0.00659
7	0.01495	0.01125	0.01544	0.01515	0.01643	0.01298	0.01236	0.01748	0.01596	0.05507	0.05091	0.08442	0.03319	0.12200	0.07175	0.00489	0.17890	0.25306	0.00608	0.00773
8	0.38081	0.01469	0.01560	0.01267	0.01836	0.01486	0.01046	0.03220	0.01882	0.37333	0.02232	0.02086	0.01480	0.00887	0.00669	0.00251	0.00661	0.00640	0.00769	0.01146
9	0.03641	0.01381	0.01883	0.01444	0.02071	0.01193	0.01193	0.03954	0.02322	0.66984	0.03201	0.02762	0.02009	0.01004	0.00816	0.00251	0.00690	0.00816	0.01004	0.01381
10	0.01132	0.00817	0.01070	0.01032	0.01209	0.00755	0.00764	0.01490	0.02220	0.03131	0.59603	0.12802	0.07418	0.01751	0.00965	0.00263	0.00392	0.01555	0.00879	0.00755
11	0.01469	0.00766	0.00804	0.00804	0.00980	0.00777	0.00597	0.01821	0.01645	0.02864	0.02607	0.03156	0.02121	0.04991	0.05854	0.00304	0.00535	0.00787	0.66378	0.00740
12	0.00989	0.00706	0.00942	0.01130	0.01177	0.00659	0.00753	0.01130	0.01554	0.02071	0.04472	0.70954	0.05367	0.02542	0.01036	0.00330	0.00471	0.02307	0.00753	0.00659
13	0.01915	0.02189	0.04788	0.03420	0.04241	0.02052	0.63475	0.02599	0.01915	0.02599	0.01642	0.02189	0.01231	0.00684	0.00958	0.00274	0.01368	0.00958	0.00410	0.01094
14	0.01532	0.01442	0.02434	0.69533	0.05589	0.01803	0.02253	0.02073	0.01622	0.02073	0.01442	0.02163	0.01082	0.00811	0.00811	0.00270	0.01082	0.00721	0.00361	0.00901
15	0.01023	0.00743	0.00978	0.01133	0.01214	0.00680	0.00764	0.01175	0.01560	0.02100	0.04321	0.67499	0.05159	0.02445	0.01014	0.00319	0.00477	0.02216	0.00740	0.04438
16	0.01683	0.01442	0.01683	0.01202	0.01923	0.01082	0.00961	0.02043	0.01683	0.02644	0.01442	0.01683	0.01202	0.00601	0.00601	0.00120	0.00601	0.00481	0.00481	0.76444
17	0.01148	0.00829	0.01085	0.01021	0.01212	0.00766	0.00766	0.01531	0.02297	0.03254	0.65994	0.06061	0.07656	0.01659	0.00957	0.00255	0.00383	0.01467	0.00893	0.00766
18	0.01003	0.00814	0.00890	0.00890	0.01128	0.00701	0.00660	0.01243	0.01925	0.02417	0.20666	0.12475	0.48343	0.02007	0.00965	0.00274	0.00410	0.01706	0.00784	0.00701
19	0.03035	0.02174	0.02352	0.01823	0.02456	0.02393	0.01500	0.55191	0.08593	0.08901	0.02136	0.02086	0.01507	0.00986	0.00813	0.00247	0.00860	0.00751	0.00825	0.01372
20	0.02833	0.01759	0.03243	0.02369	0.03087	0.01595	0.30347	0.03320	0.02132	0.36845	0.02471	0.02494	0.01645	0.00854	0.00882	0.00262	0.01008	0.00882	0.00726	0.01247
21	0.02051	0.47925	0.14397	0.02204	0.14208	0.02756	0.01856	0.02464	0.01696	0.02154	0.01255	0.01500	0.01084	0.00712	0.00614	0.00200	0.00940	0.00514	0.00356	0.01112
22	0.07839	0.01305	0.03609	0.15263	0.02361	0.01300	0.01209	0.04374	0.01677	0.02644	0.02142	0.11131	0.01963	0.04029	0.00949	0.00254	0.04127	0.00882	0.18534	0.14408
23	0.02938	0.05342	0.02390	0.01834	0.02425	0.12681	0.01491	0.41458	0.10753	0.07493	0.02033	0.02017	0.01478	0.00958	0.00789	0.00239	0.00940	0.00712	0.00742	0.01286
24	0.01772	0.01402	0.01658	0.01214	0.01895	0.01068	0.00966	0.02119	0.01717	0.06696	0.01705	0.05205	0.01461	0.00723	0.00636	0.00139	0.00600	0.00593	0.00528	0.67904
25	0.00989	0.00805	0.00876	0.00896	0.01124	0.00692	0.00658	0.01208	0.01864	0.02316	0.15381	0.17379	0.48832	0.02078	0.00971	0.00280	0.00417	0.01772	0.00772	0.00692
26	0.01627	0.04197	0.67279	0.02313	0.03512	0.01884	0.02998	0.02570	0.01713	0.02570	0.01456	0.01713	0.01028	0.00771	0.00771	0.00257	0.01199	0.00600	0.00343	0.01199
27	0.01834	0.08971	0.27240	0.02845	0.03791	0.02092	0.36310	0.02574	0.01819	0.02529	0.01530	0.01941	0.01142	0.00716	0.00852	0.00259	0.01264	0.00783	0.00381	0.01128
28	0.01778	0.08920	0.06130	0.31340	0.09305	0.02044	0.20620	0.02437	0.05020	0.02350	0.01574	0.02098	0.01209	0.00768	0.00825	0.00259	0.01120	0.00769	0.00401	0.01036
29	0.01180	0.00787	0.00885	0.00885	0.00885	0.00787	0.00492	0.01180	0.01180	0.01573	0.02557	0.05310	0.02950	0.71483	0.04130	0.00787	0.00787	0.01180	0.00492	0.00492
30	0.10993	0.01672	0.04643	0.02892	0.28086	0.01590	0.01784	0.05066	0.01966	0.15692	0.02388	0.03507	0.02060	0.01101	0.00834	0.00272	0.00832	0.12855	0.00618	0.01149
31	0.01992	0.16159	0.26082	0.05716	0.03348	0.07206	0.18002	0.02610	0.01800	0.04944	0.01481	0.01805	0.01127	0.00774	0.00842	0.00246	0.03693	0.00673	0.00395	0.01104
32	0.01136	0.00812	0.01109	0.01288	0.01402	0.00785	0.01000	0.01390	0.01721	0.02273	0.06647	0.41107	0.05141	0.02376	0.01071	0.00346	0.00590	0.28347	0.00756	0.00702
33	0.01236	0.00914	0.01197	0.01325	0.01504	0.00904	0.01075	0.01664	0.05829	0.02453	0.09542	0.22778	0.10130	0.02177	0.01055	0.00339	0.00619	0.33736	0.00766	0.00757
34	0.01668	0.01835	0.06273	0.13576	0.03355	0.01946	0.22682	0.02110	0.01599	0.02239	0.01808	0.11426	0.01710	0.01191	0.01463	0.00305	0.22434	0.01008	0.00428	0.00944
35	0.01866	0.02213	0.07259	0.03281	0.04086	0.01989	0.58395	0.02539	0.01892	0.02577	0.01748	0.04950	0.01390	0.00763	0.00953	0.00275	0.01325	0.00997	0.00421	0.01081
36	0.01207	0.00887	0.01174	0.01307	0.01498	0.00854	0.01096	0.01533	0.01875	0.02426	0.10130	0.13602	0.15873	0.02184	0.01072	0.00343	0.00635	0.40814	0.00761	0.00731
37	0.01705	0.13917	0.58240	0.02180	0.03307	0.02075	0.02767	0.02550	0.01704	0.02475	0.01409	0.01654	0.01030	0.00760	0.00735	0.00245	0.01152	0.00576	0.00343	0.01177
38	0.01060	0.00795	0.01145	0.01245	0.01334	0.00748	0.03885	0.01230	0.01563	0.02083	0.04209	0.60956	0.04986	0.06570	0.01221	0.00356	0.00546	0.04676	0.00720	0.00674
39	0.01627	0.04197	0.67279	0.02313	0.03512	0.01884	0.02998	0.02570	0.01713	0.02570	0.01456	0.01713	0.01028	0.00771	0.00771	0.00257	0.01199	0.00600	0.00343	0.01199
40	0.02057	0.02106	0.02975	0.17817	0.44768	0.11411	0.02309	0.02512	0.01866	0.02437	0.01470	0.01962	0.01209	0.00757	0.00795	0.00242	0.01060	0.00694	0.00396	0.01157
41	0.03085	0.02273	0.02435	0.01867	0.02516	0.02516	0.01542	0.63716	0.03815	0.05114	0.01948	0.01948	0.01380	0.00974	0.00812	0.00244	0.00893	0.00731	0.00812	0.01380
42	0.01015	0.00733	0.00963	0.01114	0.01193	0.00681	0.00765	0.01194	0.01662	0.02222	0.11582	0.58525	0.08631	0.02409	0.01026	0.00320	0.00467	0.04053	0.00769	0.00675
43	0.01050	0.00756	0.01001	0.01134	0.01218	0.00726	0.00794	0.01234	0.01606	0.02153	0.09325	0.48828	0.07596	0.07083	0.06607	0.00431	0.00638	0.06426	0.00722	0.00670
44	0.03118	0.02219	0.02402	0.01842	0.02490	0.02437	0.01521	0.60133	0.03726	0.08823	0.02023	0.01997	0.01418	0.00976	0.00812	0.00244	0.00881	0.00736	0.00823	0.01380
45	0.02095	0.62707	0.12868	0.01515	0.02278	0.03029	0.01608	0.02449	0.01658	0.01999	0.01173	0.01358	0.01039	0.00705	0.00555	0.00185	0.00913	0.00457	0.00346	0.01063
46	0.01828	0.01863	0.02478	0.02129	0.02146	0.05236	0.01767	0.02007	0.01287	0.01954	0.01073	0.01762	0.01064	0.01396	0.02582	0.00349	0.67130	0.00702	0.00358	0.00890
47	0.01627	0.04197	0.67279	0.02313	0.03512	0.01884	0.02998	0.02570	0.01713	0.02570	0.01456	0.01713	0.01028	0.00771	0.00771	0.00257	0.01199	0.00600	0.00343	0.01199
48	0.01056	0.00797	0.01128	0.01215	0.01327	0.00742	0.03424	0.01257	0.01672	0.02235	0.10806	0.55722	0.08421	0.02337	0.01024	0.00319	0.00508	0.04563	0.00753	0.00693
49	0.01603	0.01553	0.02744	0.58393	0.09087	0.01838	0.09000	0.02156	0.01668	0.02166	0.01469	0.02157	0.01110	0.00792	0.00827	0.00269	0.01106	0.00747	0.00368	0.00946
50	0.00998	0.00714	0.00950	0.01123	0.01179	0.00665	0.00754	0.01154	0.01598	0.02142	0.08160	0.67063	0.05504	0.02489	0.01031	0.00325	0.00465	0.02256	0.00762	0.00665
51	0.01150	0.00939	0.01526	0.01491	0.01661	0.00883	0.09798	0.01390	0.01633	0.02179	0.04051	0.55598	0.04712	0.02249	0.01032	0.00325	0.00624	0.07327	0.00704	0.00729
52	0.01668	0.09280	0.62552	0.02243	0.03405	0.01984	0.02877	0.02559	0.01708	0.02520	0.01432	0.01682	0.01029	0.00765	0.00752	0.00251	0.01174	0.00587	0.00343	0.01187
53	0.02069	0.59384	0.15958	0.01560	0.02348	0.02964	0.01687	0.02456	0.01661	0.02032	0.01189	0.01378	0.01039	0.00708	0.00567	0.00189	0.00929	0.00465	0.00346	0.01071
54	0.03382	0.01393	0.01845	0.01446	0.02040	0.01254	0.01184	0.03888	0.08340	0.58235	0.05811	0.02924	0.02287	0.01041	0.00823	0.00254	0.00673	0.00853	0.00983	0.01346
55	0.01892	0.11774	0.53404	0.02118	0.03202	0.01969	0.02630	0.02692	0.01767	0.08960	0.01593	0.01771	0.01128	0.00785	0.00746	0.00247	0.01110	0.00602	0.00410	0.01199
56	0.01552	0.01463	0.02470	0.66820	0.08146	0.01808	0.02263	0.02091	0.01632	0.02097	0.01446	0.02157	0.01090	0.00808	0.00811	0.00269	0.01077	0.00721	0.00362	0.00918
57	0.01212	0.00873	0.01189	0.01334	0.01499	0.00849	0.01101	0.01536	0.01867	0.02465	0.12924	0.20159	0.07790	0.02210	0.01076	0.00345	0.00632	0.39441	0.00769	0.00731
58	0.02365	0.01884	0.02399	0.26302	0.06865	0.02138	0.01801	0.35265	0.02827	0.03747	0.02057	0.02320	0.04490	0.00956	0.00818	0.00255	0.00940	0.00776	0.00625	0.01168
59	0.01532	0.01442	0.02434	0.69533	0.05589	0.01803	0.02253	0.02073	0.01622	0.02073	0.01442	0.02163	0.01082	0.00811	0.00811	0.00270	0.01082	0.00721	0.00361	0.00901
60	0.01967	0.01886	0.03219	0.10585	0.61140	0.01917	0.02470	0.02454	0.01828	0.02601	0.01519	0.02022	0.01268	0.00731	0.00804	0.00244	0.00974	0.00723	0.00398	0.01252
61	0.01904	0.02101	0.04434	0.03567	0.13056	0.01989	0.52235	0.02547	0.01904	0.02600	0.01732	0.02442	0.01377	0.00752	0.00942	0.00273	0.01285	0.03331	0.00423	0.01108

[dist]
# distance from previous block
# <min> <max>
0	1

[block]
# block no. 2 follows, 23 sequences, length 8
# corresponding to MSA columns:
# 172-179
name=unknown_C
#
# <colnr> <probs for GDERKNQSTAVLIFYWHMCP>
#	G	D	E	R	K	N	Q	S	T	A	V	L	I	F	Y	W	H	M	C	P
0	0.23272	0.34504	0.10123	0.01410	0.02098	0.02382	0.01398	0.02654	0.01679	0.11882	0.01465	0.01564	0.01134	0.00764	0.00586	0.00216	0.00812	0.00509	0.00485	0.01063
1	0.02103	0.52579	0.18149	0.01639	0.02428	0.07036	0.01758	0.02512	0.01704	0.02061	0.01209	0.01403	0.01039	0.00720	0.00590	0.00194	0.00979	0.00476	0.00351	0.01070
2	0.01384	0.16686	0.01960	0.01323	0.01590	0.01503	0.01097	0.01667	0.01381	0.01889	0.01941	0.02768	0.01809	0.04886	0.53198	0.01053	0.01883	0.00773	0.00415	0.00795
3	0.02147	0.49162	0.18051	0.01674	0.02449	0.10298	0.01767	0.02553	0.01737	0.02065	0.01215	0.01412	0.01039	0.00727	0.00600	0.00196	0.01009	0.00481	0.00354	0.01065
4	0.02484	0.17473	0.02535	0.01585	0.02119	0.02314	0.01321	0.37587	0.02839	0.03737	0.02052	0.08134	0.01827	0.09053	0.01143	0.00297	0.00839	0.00851	0.00667	0.01142
5	0.02169	0.71972	0.04252	0.01388	0.02083	0.03211	0.01388	0.02430	0.01649	0.01909	0.01128	0.01302	0.01041	0.00694	0.00521	0.00174	0.00868	0.00434	0.00347	0.01041
6	0.01835	0.30188	0.43109	0.01958	0.02964	0.02393	0.02381	0.02516	0.01688	0.02316	0.01330	0.01555	0.01033	0.00741	0.00675	0.00225	0.01072	0.00536	0.00344	0.01139
7	0.01856	0.32812	0.40669	0.01922	0.02908	0.02444	0.02318	0.02511	0.01686	0.02291	0.01318	0.01539	0.01034	0.00739	0.00665	0.00222	0.01059	0.00530	0.00345	0.01133

[dist]
# distance from previous block
# <min> <max>
1	4

[block]
# block no. 3 follows, 23 sequences, length 33
# corresponding to MSA columns:
# 184-216
name=unknown_D
#
# <colnr> <probs for GDERKNQSTAVLIFYWHMCP>
#	G	D	E	R	K	N	Q	S	T	A	V	L	I	F	Y	W	H	M	C	P
0	0.37113	0.06667	0.04939	0.08187	0.10795	0.01791	0.01390	0.02544	0.01656	0.12058	0.01862	0.02025	0.04279	0.00850	0.00652	0.00247	0.00757	0.00626	0.00540	0.01023
1	0.20748	0.32035	0.09772	0.01698	0.05107	0.09096	0.01530	0.02481	0.01632	0.02453	0.01189	0.01434	0.01013	0.00788	0.00739	0.00222	0.06164	0.00496	0.00395	0.01007
2	0.01958	0.02317	0.06749	0.03405	0.07340	0.04893	0.55592	0.02620	0.01921	0.02574	0.01613	0.02132	0.01219	0.00696	0.00934	0.00269	0.01346	0.00914	0.00408	0.01101
3	0.01899	0.28801	0.38467	0.02104	0.06188	0.04942	0.02329	0.02541	0.01719	0.02310	0.01332	0.01568	0.01047	0.00743	0.00680	0.00224	0.01076	0.00542	0.00350	0.01136
4	0.01079	0.00926	0.00936	0.00916	0.01210	0.00835	0.00692	0.01520	0.08969	0.02328	0.07665	0.07270	0.58916	0.01947	0.00944	0.00274	0.00437	0.01623	0.00762	0.00753
5	0.01109	0.00838	0.01034	0.01040	0.01248	0.00763	0.00804	0.01426	0.02063	0.02755	0.36357	0.10042	0.24554	0.01908	0.00987	0.00283	0.00452	0.10782	0.00822	0.00734
6	0.01500	0.01207	0.01381	0.01389	0.01635	0.01314	0.01033	0.02642	0.30631	0.02683	0.03813	0.30521	0.03844	0.05686	0.01119	0.00334	0.00592	0.06959	0.00771	0.00944
7	0.12739	0.01490	0.01811	0.01441	0.02030	0.01438	0.01179	0.06164	0.10867	0.47760	0.02903	0.02583	0.01905	0.00984	0.00777	0.00254	0.00684	0.00779	0.00908	0.01304
8	0.01766	0.02288	0.13062	0.02943	0.03687	0.01901	0.44680	0.02399	0.01810	0.02502	0.01892	0.09585	0.01643	0.00939	0.01035	0.00282	0.05062	0.01040	0.00435	0.01050
9	0.02169	0.71972	0.04252	0.01388	0.02083	0.03211	0.01388	0.02430	0.01649	0.01909	0.01128	0.01302	0.01041	0.00694	0.00521	0.00174	0.00868	0.00434	0.00347	0.01041
10	0.01190	0.04361	0.01626	0.01550	0.04095	0.00989	0.07927	0.01411	0.01610	0.02146	0.03877	0.57161	0.04533	0.02173	0.00993	0.00312	0.00610	0.02003	0.00681	0.00751
11	0.01605	0.04042	0.64223	0.02253	0.03406	0.01833	0.02895	0.02522	0.01740	0.02601	0.04436	0.01914	0.01334	0.00812	0.00780	0.00257	0.01162	0.00640	0.00368	0.01179
12	0.02169	0.71972	0.04252	0.01388	0.02083	0.03211	0.01388	0.02430	0.01649	0.01909	0.01128	0.01302	0.01041	0.00694	0.00521	0.00174	0.00868	0.00434	0.00347	0.01041
13	0.02661	0.01943	0.05897	0.01631	0.02198	0.05652	0.01387	0.22340	0.11408	0.20194	0.06247	0.03200	0.06934	0.01145	0.00838	0.00257	0.00790	0.03248	0.00809	0.01222
14	0.01409	0.00705	0.01057	0.01057	0.01057	0.00705	0.00705	0.01057	0.01057	0.01409	0.01409	0.02467	0.01409	0.02819	0.03171	0.76392	0.00705	0.00705	0.00352	0.00352
15	0.01627	0.04197	0.67279	0.02313	0.03512	0.01884	0.02998	0.02570	0.01713	0.02570	0.01456	0.01713	0.01028	0.00771	0.00771	0.00257	0.01199	0.00600	0.00343	0.01199
16	0.01892	0.02144	0.04645	0.07428	0.04322	0.02037	0.59763	0.02567	0.01897	0.02567	0.01630	0.02187	0.01222	0.00692	0.00949	0.00273	0.01351	0.00943	0.00407	0.01083
17	0.02077	0.02141	0.02966	0.17251	0.44245	0.12462	0.02297	0.02527	0.01875	0.02431	0.01466	0.01952	0.01207	0.00758	0.00793	0.00242	0.01067	0.00691	0.00396	0.01155
18	0.01077	0.00766	0.00971	0.01082	0.01150	0.00719	0.00713	0.01199	0.01474	0.01980	0.03847	0.49246	0.04548	0.20068	0.01810	0.00439	0.00566	0.03786	0.00674	0.03887
19	0.01941	0.01879	0.03228	0.11951	0.53918	0.01945	0.05170	0.02424	0.01798	0.02552	0.01501	0.02023	0.01250	0.00763	0.00897	0.00251	0.04166	0.00733	0.00395	0.01216
20	0.02330	0.02380	0.02861	0.09140	0.15877	0.17599	0.11361	0.13151	0.06064	0.02844	0.01719	0.04080	0.01404	0.00910	0.00918	0.00252	0.04713	0.00773	0.00507	0.01115
21	0.01176	0.00793	0.00913	0.00904	0.00931	0.00784	0.00530	0.01230	0.01338	0.01811	0.11511	0.05416	0.03614	0.61628	0.03682	0.00712	0.00730	0.01221	0.00548	0.00530
22	0.01844	0.02143	0.06806	0.12340	0.04279	0.02035	0.49290	0.02490	0.01830	0.02490	0.01575	0.02144	0.01193	0.00746	0.01025	0.00277	0.05137	0.00897	0.00398	0.01061
23	0.01681	0.01442	0.01722	0.01401	0.04788	0.01165	0.01042	0.02180	0.06494	0.02667	0.01771	0.05997	0.01555	0.00762	0.00653	0.00150	0.00612	0.00635	0.00520	0.62761
24	0.03562	0.01507	0.01961	0.01503	0.02134	0.01379	0.01242	0.12390	0.02533	0.58251	0.03024	0.02647	0.01920	0.01000	0.00815	0.00250	0.00719	0.00804	0.00977	0.01381
25	0.01623	0.01373	0.01756	0.01374	0.01916	0.01173	0.04450	0.05580	0.01813	0.02685	0.05173	0.15336	0.02326	0.01083	0.00805	0.00191	0.03007	0.00931	0.00565	0.46838
26	0.01478	0.01356	0.02243	0.59863	0.04971	0.01656	0.02043	0.01997	0.01718	0.02240	0.10553	0.02713	0.02010	0.00931	0.00832	0.00268	0.00983	0.00826	0.00436	0.00882
27	0.01709	0.04983	0.01542	0.01276	0.01565	0.05310	0.00975	0.07732	0.09446	0.05897	0.28674	0.07983	0.04604	0.11320	0.01343	0.00332	0.00637	0.03025	0.00757	0.00890
28	0.01845	0.03930	0.03069	0.27906	0.18535	0.01935	0.14567	0.06133	0.05737	0.02625	0.04534	0.02321	0.01555	0.00827	0.00838	0.00259	0.01037	0.00807	0.00459	0.01079
29	0.18026	0.13044	0.11343	0.01473	0.02169	0.01735	0.01407	0.03135	0.01917	0.32545	0.02146	0.02052	0.01460	0.00858	0.00692	0.00235	0.00775	0.00637	0.00687	0.03664
30	0.01941	0.38903	0.05120	0.01419	0.01960	0.02348	0.01314	0.07861	0.06073	0.02561	0.11114	0.06987	0.02653	0.01117	0.00715	0.00226	0.00763	0.05362	0.00554	0.01008
31	0.09788	0.16206	0.05619	0.01270	0.01753	0.01625	0.01130	0.06285	0.02086	0.12505	0.22964	0.03440	0.05399	0.01140	0.00754	0.00233	0.00635	0.00915	0.05264	0.00988
32	0.01912	0.35723	0.24287	0.01815	0.02633	0.02475	0.05629	0.02609	0.07472	0.02370	0.04850	0.01894	0.01524	0.00806	0.00679	0.00220	0.00959	0.00617	0.00421	0.01103

[dist]
# distance from previous block
# <min> <max>
0	4

[block]
# block no. 4 follows, 23 sequences, length 53
# corresponding to MSA columns:
# 221-273
name=unknown_E
#
# <colnr> <probs for GDERKNQSTAVLIFYWHMCP>
#	G	D	E	R	K	N	Q	S	T	A	V	L	I	F	Y	W	H	M	C	P
0	0.01903	0.05556	0.04903	0.06728	0.34282	0.01889	0.04396	0.02753	0.15026	0.02702	0.02028	0.05858	0.01714	0.00894	0.00798	0.00245	0.00871	0.00822	0.00508	0.06124
1	0.02388	0.57652	0.03819	0.01492	0.02143	0.12342	0.01401	0.02645	0.01786	0.06176	0.01282	0.01420	0.01105	0.00735	0.00570	0.00184	0.00941	0.00472	0.00400	0.01049
2	0.01147	0.00879	0.01189	0.01269	0.01354	0.00921	0.00940	0.01366	0.01694	0.02321	0.15485	0.43435	0.05214	0.02213	0.01218	0.00324	0.08445	0.09136	0.00733	0.00716
3	0.11471	0.02003	0.02206	0.01780	0.02355	0.02238	0.04650	0.32798	0.24415	0.04215	0.02300	0.02256	0.01689	0.00976	0.00787	0.00257	0.00800	0.00772	0.00758	0.01272
4	0.02999	0.02190	0.02343	0.01806	0.02431	0.02420	0.01489	0.60340	0.03700	0.05000	0.01986	0.02007	0.01418	0.00972	0.00798	0.00241	0.00865	0.00732	0.04916	0.01346
5	0.01930	0.01166	0.01448	0.01266	0.01596	0.01135	0.00980	0.12811	0.02449	0.15365	0.33154	0.15086	0.05130	0.01557	0.00918	0.00264	0.00544	0.01350	0.00877	0.00972
6	0.15375	0.10331	0.28683	0.02235	0.04833	0.01987	0.15859	0.02463	0.01731	0.02742	0.05308	0.01975	0.01456	0.00792	0.00749	0.00250	0.01042	0.00689	0.00422	0.01077
7	0.01532	0.01442	0.02434	0.69533	0.05589	0.01803	0.02253	0.02073	0.01622	0.02073	0.01442	0.02163	0.01082	0.00811	0.00811	0.00270	0.01082	0.00721	0.00361	0.00901
8	0.01478	0.00753	0.00769	0.00781	0.00961	0.00750	0.00580	0.01840	0.01692	0.02962	0.02768	0.07512	0.02297	0.01051	0.00598	0.00198	0.00384	0.00859	0.71018	0.00750
9	0.01008	0.00720	0.00964	0.01152	0.01207	0.00676	0.00787	0.01163	0.01573	0.02093	0.04462	0.67216	0.05325	0.02524	0.01041	0.00332	0.00487	0.05854	0.00753	0.00664
10	0.20361	0.01586	0.01826	0.01435	0.02038	0.01577	0.01185	0.14485	0.02379	0.41227	0.02499	0.02283	0.01636	0.00941	0.00743	0.00250	0.00713	0.00714	0.00854	0.01266
11	0.02177	0.66507	0.06936	0.01455	0.02161	0.05541	0.01465	0.02466	0.01675	0.01941	0.01147	0.01326	0.01041	0.00703	0.00539	0.00179	0.00904	0.00444	0.00350	0.01045
12	0.02952	0.02273	0.02346	0.01826	0.02446	0.05981	0.01493	0.55683	0.03566	0.04736	0.01970	0.04154	0.01483	0.01001	0.00805	0.00239	0.00898	0.00760	0.00774	0.04614
13	0.01004	0.00718	0.00956	0.01119	0.01180	0.00670	0.00754	0.01169	0.01627	0.02188	0.10548	0.64545	0.05593	0.02455	0.01028	0.00322	0.00462	0.02224	0.00767	0.00670
14	0.01125	0.00815	0.01065	0.01057	0.01228	0.00755	0.00788	0.01463	0.02140	0.02984	0.50849	0.16526	0.09229	0.01844	0.00978	0.00274	0.00418	0.04857	0.00858	0.00745
15	0.01008	0.00720	0.00964	0.01152	0.01208	0.00676	0.00787	0.01164	0.01573	0.02093	0.04461	0.67150	0.05324	0.02524	0.01041	0.00332	0.00488	0.05917	0.00753	0.00664
16	0.00997	0.00712	0.00949	0.01124	0.01179	0.00664	0.00754	0.01150	0.01591	0.02131	0.07557	0.67700	0.05482	0.02498	0.01032	0.00326	0.00466	0.02265	0.00760	0.00664
17	0.02765	0.01318	0.01692	0.01373	0.01866	0.01235	0.01105	0.06937	0.08456	0.39573	0.20404	0.03646	0.03569	0.01192	0.00855	0.00254	0.00613	0.01000	0.00945	0.01202
18	0.01786	0.03002	0.32815	0.06834	0.19188	0.01932	0.17685	0.02531	0.01791	0.02570	0.01518	0.01926	0.01144	0.00740	0.00827	0.00258	0.01177	0.00724	0.00375	0.01179
19	0.01898	0.02251	0.07843	0.03398	0.08650	0.02060	0.52058	0.02551	0.01859	0.02562	0.01588	0.02125	0.01214	0.00736	0.01039	0.00275	0.05480	0.00906	0.00403	0.01101
20	0.01891	0.15102	0.11765	0.11649	0.03577	0.02204	0.25568	0.02781	0.12418	0.02530	0.01776	0.02103	0.01360	0.00784	0.00811	0.00253	0.01093	0.00777	0.00453	0.01103
21	0.01139	0.00822	0.01080	0.01054	0.01230	0.00762	0.00790	0.01497	0.02200	0.03094	0.56784	0.12890	0.07281	0.01777	0.00973	0.00268	0.00409	0.04323	0.00872	0.00754
22	0.68333	0.01517	0.01232	0.01089	0.01583	0.01723	0.00893	0.02442	0.01491	0.07763	0.04736	0.01666	0.01315	0.00818	0.00547	0.00251	0.00619	0.00519	0.00556	0.00906
23	0.05991	0.23075	0.06605	0.06133	0.06826	0.02461	0.04902	0.24087	0.02473	0.07665	0.01648	0.01798	0.01246	0.00829	0.00715	0.00227	0.00917	0.00638	0.00570	0.01195
24	0.06780	0.07629	0.32661	0.02669	0.07293	0.02006	0.22450	0.02592	0.01778	0.04410	0.01527	0.01863	0.01128	0.00740	0.00801	0.00255	0.01167	0.00709	0.00398	0.01144
25	0.02059	0.09593	0.03271	0.08965	0.50987	0.06394	0.02294	0.02503	0.01840	0.02486	0.01460	0.01907	0.01229	0.00734	0.00769	0.00234	0.00995	0.00678	0.00394	0.01209
26	0.01001	0.00730	0.00943	0.01087	0.01172	0.00672	0.00740	0.01173	0.01657	0.02201	0.10934	0.58035	0.11853	0.02405	0.01020	0.00316	0.00456	0.02163	0.00767	0.00672
27	0.01409	0.00705	0.01057	0.01057	0.01057	0.00705	0.00705	0.01057	0.01057	0.01409	0.01409	0.02467	0.01409	0.02819	0.03171	0.76392	0.00705	0.00705	0.00352	0.00352
28	0.00989	0.00706	0.00942	0.01130	0.01177	0.00659	0.00753	0.01130	0.01554	0.02071	0.04472	0.70954	0.05367	0.02542	0.01036	0.00330	0.00471	0.02307	0.00753	0.00659
29	0.01024	0.00731	0.00982	0.01170	0.01233	0.00689	0.00815	0.01191	0.01588	0.02111	0.04453	0.64118	0.05290	0.02509	0.01045	0.00334	0.00501	0.08795	0.00753	0.00669
30	0.01683	0.01442	0.01683	0.01202	0.01923	0.01082	0.00961	0.02043	0.01683	0.02644	0.01442	0.01683	0.01202	0.00601	0.00601	0.00120	0.00601	0.00481	0.00481	0.76444
31	0.01915	0.02189	0.04788	0.03420	0.04241	0.02052	0.63475	0.02599	0.01915	0.02599	0.01642	0.02189	0.01231	0.00684	0.00958	0.00274	0.01368	0.00958	0.00410	0.01094
32	0.02344	0.01389	0.01895	0.01579	0.02044	0.01354	0.06801	0.06672	0.13512	0.25521	0.06921	0.12814	0.07595	0.01377	0.00894	0.00276	0.00692	0.04362	0.00834	0.01122
33	0.01921	0.02078	0.09697	0.04505	0.03349	0.01671	0.32187	0.02501	0.01842	0.06964	0.01662	0.02024	0.01250	0.00693	0.00815	0.00223	0.01060	0.00759	0.00464	0.24334
34	0.01409	0.00705	0.01057	0.01057	0.01057	0.00705	0.00705	0.01057	0.01057	0.01409	0.01409	0.02467	0.01409	0.02819	0.03171	0.76392	0.00705	0.00705	0.00352	0.00352
35	0.01830	0.02575	0.18846	0.07423	0.04031	0.01995	0.41671	0.02663	0.05730	0.02607	0.01688	0.02129	0.01251	0.00738	0.00897	0.00270	0.01266	0.00857	0.00417	0.01117
36	0.02563	0.02512	0.27025	0.01898	0.04829	0.01537	0.01922	0.03272	0.06639	0.31110	0.02365	0.02282	0.01588	0.00885	0.00785	0.00246	0.00886	0.00715	0.00682	0.06259
37	0.77215	0.01569	0.01193	0.01067	0.01569	0.01820	0.00879	0.02385	0.01381	0.03641	0.01130	0.01318	0.00879	0.00753	0.00502	0.00251	0.00628	0.00439	0.00502	0.00879
38	0.01627	0.04197	0.67279	0.02313	0.03512	0.01884	0.02998	0.02570	0.01713	0.02570	0.01456	0.01713	0.01028	0.00771	0.00771	0.00257	0.01199	0.00600	0.00343	0.01199
39	0.02018	0.01743	0.01835	0.01651	0.02110	0.02018	0.01284	0.04312	0.64956	0.03394	0.03303	0.03027	0.02477	0.01101	0.00826	0.00275	0.00642	0.00917	0.00826	0.01284
40	0.00989	0.00706	0.00942	0.01130	0.01177	0.00659	0.00753	0.01130	0.01554	0.02071	0.04472	0.70954	0.05367	0.02542	0.01036	0.00330	0.00471	0.02307	0.00753	0.00659
41	0.01577	0.01502	0.02580	0.62952	0.09280	0.01820	0.04682	0.02120	0.01648	0.02129	0.01455	0.02155	0.01100	0.00801	0.00817	0.00269	0.01086	0.00731	0.00365	0.00933
42	0.01898	0.02139	0.04513	0.03266	0.03988	0.02104	0.56098	0.02522	0.01835	0.02522	0.01573	0.02139	0.01211	0.00772	0.01161	0.00283	0.09574	0.00928	0.00404	0.01070
43	0.02018	0.01743	0.01835	0.01651	0.02110	0.02018	0.01284	0.04312	0.64956	0.03394	0.03303	0.03027	0.02477	0.01101	0.00826	0.00275	0.00642	0.00917	0.00826	0.01284
44	0.03641	0.01381	0.01883	0.01444	0.02071	0.01193	0.01193	0.03954	0.02322	0.66984	0.03201	0.02762	0.02009	0.01004	0.00816	0.00251	0.00690	0.00816	0.01004	0.01381
45	0.01646	0.04065	0.63151	0.02386	0.03560	0.01896	0.06993	0.02572	0.01726	0.02572	0.01468	0.01745	0.01041	0.00765	0.00783	0.00258	0.01210	0.00623	0.00347	0.01192
46	0.01555	0.01465	0.02474	0.66528	0.08420	0.01809	0.02264	0.02093	0.01633	0.02100	0.01446	0.02156	0.01091	0.00807	0.00811	0.00269	0.01076	0.00721	0.00362	0.00919
47	0.08452	0.01393	0.01838	0.01419	0.02039	0.01234	0.01172	0.03852	0.02261	0.62841	0.03066	0.02667	0.01935	0.00988	0.00795	0.00251	0.00686	0.00791	0.00971	0.01348
48	0.00989	0.00706	0.00942	0.01130	0.01177	0.00659	0.00753	0.01130	0.01554	0.02071	0.04472	0.70954	0.05367	0.02542	0.01036	0.00330	0.00471	0.02307	0.00753	0.00659
49	0.05630	0.08667	0.02110	0.01499	0.02086	0.05116	0.01239	0.03778	0.13966	0.42966	0.02840	0.02548	0.01910	0.00974	0.00773	0.00246	0.00738	0.00769	0.00857	0.01289
50	0.02972	0.02217	0.02325	0.01826	0.02441	0.04779	0.01492	0.50812	0.11615	0.07879	0.02161	0.02111	0.01542	0.00987	0.00811	0.00247	0.00871	0.00751	0.00809	0.01352
51	0.01014	0.00726	0.00964	0.01113	0.01182	0.00676	0.00755	0.01193	0.01671	0.02258	0.14201	0.60692	0.05729	0.02402	0.01023	0.00318	0.00457	0.02174	0.00775	0.00676
52	0.02007	0.01594	0.01914	0.01439	0.02110	0.01411	0.03548	0.08399	0.11942	0.07245	0.01908	0.02012	0.01475	0.00745	0.00685	0.00171	0.00671	0.00614	0.00598	0.49509

[dist]
# distance from previous block
# <min> <max>
0	2

[block]
# block no. 5 follows, 23 sequences, length 44
# corresponding to MSA columns:
# 276-319
name=unknown_F
#
# <colnr> <probs for GDERKNQSTAVLIFYWHMCP>
#	G	D	E	R	K	N	Q	S	T	A	V	L	I	F	Y	W	H	M	C	P
0	0.03177	0.05061	0.01971	0.01429	0.02038	0.01367	0.01183	0.06265	0.05468	0.49378	0.06137	0.02749	0.02182	0.00994	0.00792	0.00238	0.00683	0.00805	0.00906	0.07176
1	0.34362	0.26563	0.08108	0.01548	0.05525	0.02336	0.01360	0.02573	0.06483	0.02867	0.01348	0.01517	0.01096	0.00759	0.00574	0.00226	0.00781	0.00504	0.00454	0.01017
2	0.01132	0.00818	0.01029	0.01181	0.04303	0.00787	0.00709	0.01238	0.01446	0.01922	0.05964	0.29870	0.08860	0.34263	0.02446	0.00529	0.00634	0.01630	0.00620	0.00619
3	0.02075	0.05083	0.03289	0.04648	0.60026	0.02018	0.02389	0.05855	0.01947	0.02753	0.01532	0.01973	0.01280	0.00735	0.00791	0.00238	0.00956	0.00710	0.00422	0.01280
4	0.06657	0.01381	0.01809	0.01417	0.02007	0.01244	0.01162	0.03780	0.05724	0.57410	0.06359	0.02883	0.02276	0.01032	0.00810	0.00253	0.00669	0.00839	0.00967	0.01322
5	0.02051	0.01880	0.01928	0.08101	0.02470	0.07157	0.01398	0.04017	0.54088	0.03160	0.02967	0.02824	0.02234	0.01053	0.00817	0.00270	0.00748	0.00868	0.00750	0.01221
6	0.01180	0.00787	0.00885	0.00885	0.00885	0.00787	0.00492	0.01180	0.01180	0.01573	0.02557	0.05310	0.02950	0.71483	0.04130	0.00787	0.00787	0.01180	0.00492	0.00492
7	0.00989	0.00706	0.00942	0.01130	0.01177	0.00659	0.00753	0.01130	0.01554	0.02071	0.04472	0.70954	0.05367	0.02542	0.01036	0.00330	0.00471	0.02307	0.00753	0.00659
8	0.61454	0.01719	0.01457	0.01237	0.01771	0.01968	0.01020	0.15425	0.01898	0.03954	0.01304	0.01452	0.00985	0.00800	0.00568	0.00249	0.00684	0.00501	0.00568	0.00985
9	0.02949	0.03582	0.02507	0.02172	0.02644	0.56711	0.06390	0.09042	0.02416	0.02336	0.01352	0.01567	0.01092	0.00838	0.00757	0.00217	0.01401	0.00577	0.00456	0.00995
10	0.03295	0.01408	0.01843	0.01446	0.02028	0.01284	0.01183	0.06806	0.06895	0.54163	0.08196	0.03005	0.02465	0.01062	0.00828	0.00253	0.00672	0.00871	0.00973	0.01324
11	0.01683	0.01442	0.01683	0.01202	0.01923	0.01082	0.00961	0.02043	0.01683	0.02644	0.01442	0.01683	0.01202	0.00601	0.00601	0.00120	0.00601	0.00481	0.00481	0.76444
12	0.01513	0.00756	0.00756	0.00756	0.00945	0.00756	0.00567	0.01891	0.01702	0.03025	0.02647	0.03025	0.02080	0.00945	0.00567	0.00189	0.00378	0.00756	0.75988	0.00756
13	0.77215	0.01569	0.01193	0.01067	0.01569	0.01820	0.00879	0.02385	0.01381	0.03641	0.01130	0.01318	0.00879	0.00753	0.00502	0.00251	0.00628	0.00439	0.00502	0.00879
14	0.01156	0.00819	0.01035	0.00987	0.01132	0.00771	0.00698	0.01445	0.02022	0.02840	0.50372	0.05876	0.06497	0.18853	0.01738	0.00386	0.00482	0.01397	0.00794	0.00698
15	0.01159	0.00869	0.01304	0.01304	0.01449	0.01014	0.01014	0.01449	0.01304	0.01884	0.02173	0.03188	0.02029	0.06086	0.68268	0.01304	0.02173	0.00869	0.00435	0.00724
16	0.02041	0.01923	0.03209	0.07835	0.60293	0.01952	0.02430	0.05621	0.01938	0.02751	0.01544	0.02012	0.01281	0.00740	0.00804	0.00242	0.00966	0.00723	0.00421	0.01272
17	0.01159	0.00869	0.01304	0.01304	0.01449	0.01014	0.01014	0.01449	0.01304	0.01884	0.02173	0.03188	0.02029	0.06086	0.68268	0.01304	0.02173	0.00869	0.00435	0.00724
18	0.02008	0.01928	0.03294	0.04981	0.66422	0.01928	0.02490	0.02490	0.01848	0.02651	0.01526	0.02008	0.01285	0.00723	0.00803	0.00241	0.00964	0.00723	0.00402	0.01285
19	0.01066	0.00748	0.00962	0.01072	0.01115	0.00736	0.00700	0.01179	0.01412	0.01897	0.03637	0.43485	0.04267	0.24265	0.09078	0.00574	0.00748	0.01806	0.00639	0.00614
20	0.01683	0.01442	0.01683	0.01202	0.01923	0.01082	0.00961	0.02043	0.01683	0.02644	0.01442	0.01683	0.01202	0.00601	0.00601	0.00120	0.00601	0.00481	0.00481	0.76444
21	0.02005	0.02095	0.06102	0.08011	0.55240	0.04673	0.05018	0.02508	0.01852	0.02588	0.01512	0.01988	0.01251	0.00733	0.00806	0.00243	0.01018	0.00719	0.00398	0.01239
22	0.06377	0.11080	0.05535	0.01580	0.02219	0.10373	0.01368	0.09734	0.02285	0.34234	0.02278	0.02146	0.01551	0.00896	0.00739	0.00228	0.00853	0.00675	0.00740	0.05110
23	0.02027	0.01073	0.01322	0.01141	0.01525	0.00954	0.00895	0.04810	0.02176	0.25191	0.18296	0.08678	0.25450	0.01584	0.00906	0.00264	0.00526	0.01337	0.00873	0.00973
24	0.01639	0.01651	0.03092	0.51047	0.05212	0.01872	0.19372	0.02220	0.01704	0.02220	0.01498	0.02170	0.01123	0.00776	0.00852	0.00271	0.01162	0.00787	0.00374	0.00955
25	0.02100	0.01804	0.02035	0.02019	0.08918	0.02048	0.01432	0.08749	0.53541	0.03450	0.03010	0.02836	0.02266	0.01051	0.00822	0.00269	0.00696	0.00882	0.00780	0.01292
26	0.01718	0.15522	0.56748	0.02158	0.03273	0.02106	0.02729	0.02546	0.01702	0.02459	0.01401	0.01644	0.01030	0.00758	0.00729	0.00243	0.01144	0.00572	0.00343	0.01173
27	0.21025	0.02177	0.02047	0.01665	0.02235	0.08074	0.01351	0.36145	0.10590	0.04268	0.01854	0.01884	0.01363	0.00924	0.00731	0.00246	0.00848	0.00664	0.00703	0.01207
28	0.02278	0.01628	0.01847	0.08074	0.02273	0.01787	0.01282	0.34946	0.02805	0.03909	0.02432	0.12646	0.02105	0.01189	0.00793	0.00247	0.00736	0.00974	0.16960	0.01090
29	0.01136	0.00885	0.01195	0.01096	0.01327	0.00803	0.03662	0.01483	0.02146	0.02938	0.47617	0.09588	0.19585	0.01742	0.00962	0.00264	0.00439	0.01539	0.00834	0.00758
30	0.77215	0.01569	0.01193	0.01067	0.01569	0.01820	0.00879	0.02385	0.01381	0.03641	0.01130	0.01318	0.00879	0.00753	0.00502	0.00251	0.00628	0.00439	0.00502	0.00879
31	0.02883	0.01518	0.01911	0.06316	0.02336	0.01535	0.01317	0.06913	0.20742	0.37665	0.03091	0.03039	0.02167	0.01072	0.00832	0.00265	0.00717	0.03505	0.00885	0.01291
32	0.02008	0.01928	0.03294	0.04981	0.66422	0.01928	0.02490	0.02490	0.01848	0.02651	0.01526	0.02008	0.01285	0.00723	0.00803	0.00241	0.00964	0.00723	0.00402	0.01285
33	0.01124	0.00828	0.01051	0.00995	0.01197	0.00755	0.00746	0.01484	0.02239	0.03117	0.58571	0.06286	0.15163	0.01710	0.00957	0.00258	0.00386	0.01499	0.00875	0.00755
34	0.01180	0.00787	0.00885	0.00885	0.00885	0.00787	0.00492	0.01180	0.01180	0.01573	0.02557	0.05310	0.02950	0.71483	0.04130	0.00787	0.00787	0.01180	0.00492	0.00492
35	0.01180	0.00787	0.00885	0.00885	0.00885	0.00787	0.00492	0.01180	0.01180	0.01573	0.02557	0.05310	0.02950	0.71483	0.04130	0.00787	0.00787	0.01180	0.00492	0.00492
36	0.01180	0.00787	0.00885	0.00885	0.00885	0.00787	0.00492	0.01180	0.01180	0.01573	0.02557	0.05310	0.02950	0.71483	0.04130	0.00787	0.00787	0.01180	0.00492	0.00492
37	0.02008	0.01928	0.03294	0.04981	0.66422	0.01928	0.02490	0.02490	0.01848	0.02651	0.01526	0.02008	0.01285	0.00723	0.00803	0.00241	0.00964	0.00723	0.00402	0.01285
38	0.03641	0.01381	0.01883	0.01444	0.02071	0.01193	0.01193	0.03954	0.02322	0.66984	0.03201	0.02762	0.02009	0.01004	0.00816	0.00251	0.00690	0.00816	0.01004	0.01381
39	0.01025	0.00788	0.00938	0.00978	0.01156	0.00701	0.00704	0.01264	0.01891	0.02473	0.24381	0.26983	0.29619	0.02088	0.00982	0.00286	0.00421	0.01824	0.00795	0.00701
40	0.01006	0.00719	0.00962	0.01150	0.01205	0.00674	0.00784	0.01160	0.01571	0.02091	0.04463	0.67535	0.05328	0.02526	0.01040	0.00332	0.00486	0.05551	0.00753	0.00664
41	0.02885	0.02304	0.08350	0.01842	0.02519	0.02270	0.01614	0.45414	0.10315	0.10853	0.02179	0.02128	0.01533	0.00972	0.00810	0.00249	0.00873	0.00748	0.00789	0.01352
42	0.13100	0.27862	0.02860	0.01633	0.04416	0.02466	0.01375	0.14744	0.04844	0.05413	0.01500	0.01662	0.01209	0.00847	0.00808	0.00221	0.06968	0.00569	0.00521	0.06980
43	0.17386	0.12215	0.02534	0.11024	0.02671	0.02291	0.04909	0.19598	0.02162	0.03268	0.01474	0.01780	0.01159	0.00912	0.00967	0.00254	0.10615	0.00637	0.03088	0.01056

[dist]
# distance from previous block
# <min> <max>
2	5

[block]
# block no. 6 follows, 23 sequences, length 33
# corresponding to MSA columns:
# 325-357
name=unknown_G
#
# <colnr> <probs for GDERKNQSTAVLIFYWHMCP>
#	G	D	E	R	K	N	Q	S	T	A	V	L	I	F	Y	W	H	M	C	P
0	0.05351	0.04547	0.04976	0.01450	0.01941	0.01510	0.01199	0.12289	0.10013	0.19655	0.02855	0.16277	0.02503	0.05117	0.00999	0.00286	0.00701	0.01069	0.00755	0.06506
1	0.01753	0.02251	0.16906	0.02090	0.04724	0.01559	0.15705	0.02432	0.05454	0.02662	0.01602	0.01893	0.01247	0.00690	0.00739	0.00198	0.00921	0.00648	0.00452	0.36074
2	0.02443	0.05393	0.06465	0.03019	0.23401	0.23954	0.04744	0.06403	0.05397	0.05120	0.01583	0.01860	0.01265	0.00842	0.00873	0.00239	0.04729	0.00663	0.00470	0.01137
3	0.17009	0.17341	0.04960	0.01657	0.05785	0.07354	0.01353	0.06072	0.06281	0.13946	0.01990	0.02325	0.01572	0.00921	0.00685	0.00235	0.00811	0.04088	0.04529	0.01084
4	0.07091	0.01687	0.01915	0.01452	0.02109	0.01599	0.01183	0.20126	0.05165	0.16595	0.02008	0.02015	0.01454	0.00821	0.00709	0.00197	0.00706	0.00637	0.00698	0.31832
5	0.01119	0.00769	0.00936	0.00989	0.01021	0.00759	0.00614	0.01198	0.01358	0.01829	0.06428	0.25135	0.03878	0.43356	0.06538	0.00649	0.00746	0.01520	0.00589	0.00569
6	0.01580	0.00927	0.01270	0.03761	0.01609	0.00876	0.01002	0.01868	0.01923	0.13924	0.17886	0.29211	0.04984	0.01946	0.00988	0.00306	0.00569	0.13718	0.00813	0.00838
7	0.01409	0.00705	0.01057	0.01057	0.01057	0.00705	0.00705	0.01057	0.01057	0.01409	0.01409	0.02467	0.01409	0.02819	0.03171	0.76392	0.00705	0.00705	0.00352	0.00352
8	0.01375	0.00841	0.01117	0.01119	0.01299	0.00770	0.00811	0.01644	0.01976	0.10315	0.31696	0.33971	0.05986	0.01966	0.00975	0.00287	0.00458	0.01756	0.00845	0.00792
9	0.01927	0.01877	0.02918	0.22520	0.42532	0.05141	0.02306	0.02522	0.05646	0.02504	0.01598	0.02087	0.01290	0.00776	0.00803	0.00250	0.01001	0.00724	0.00417	0.01162
10	0.01981	0.01892	0.03183	0.08565	0.60240	0.01924	0.02426	0.02542	0.04458	0.02649	0.01595	0.02060	0.01323	0.00744	0.00805	0.00244	0.00957	0.00731	0.00417	0.01263
11	0.02587	0.20800	0.08985	0.05083	0.02629	0.02585	0.01663	0.36371	0.05405	0.03810	0.01715	0.01809	0.01287	0.00878	0.00732	0.00229	0.00914	0.00647	0.00623	0.01246
12	0.01627	0.04197	0.67279	0.02313	0.03512	0.01884	0.02998	0.02570	0.01713	0.02570	0.01456	0.01713	0.01028	0.00771	0.00771	0.00257	0.01199	0.00600	0.00343	0.01199
13	0.00989	0.00706	0.00942	0.01130	0.01177	0.00659	0.00753	0.01130	0.01554	0.02071	0.04472	0.70954	0.05367	0.02542	0.01036	0.00330	0.00471	0.02307	0.00753	0.00659
14	0.01962	0.02268	0.08110	0.03280	0.07797	0.02025	0.50409	0.06028	0.01998	0.02745	0.01634	0.02118	0.01230	0.00705	0.00916	0.00263	0.01278	0.00892	0.00431	0.03911
15	0.15321	0.23507	0.09889	0.07213	0.08197	0.02317	0.09504	0.05196	0.01741	0.02626	0.01333	0.01649	0.01082	0.00760	0.00744	0.00230	0.03606	0.00591	0.00415	0.04080
16	0.01163	0.00854	0.01228	0.01228	0.01346	0.00973	0.00919	0.01400	0.01281	0.01827	0.02243	0.03574	0.02196	0.17999	0.56584	0.01210	0.01921	0.00926	0.00445	0.00682
17	0.00989	0.00706	0.00942	0.01130	0.01177	0.00659	0.00753	0.01130	0.01554	0.02071	0.04472	0.70954	0.05367	0.02542	0.01036	0.00330	0.00471	0.02307	0.00753	0.00659
18	0.02019	0.01897	0.03159	0.11405	0.56707	0.01947	0.02414	0.05800	0.01932	0.02727	0.01541	0.02021	0.01270	0.00746	0.00805	0.00244	0.00972	0.00723	0.00420	0.01251
19	0.01683	0.01442	0.01683	0.01202	0.01923	0.01082	0.00961	0.02043	0.01683	0.02644	0.01442	0.01683	0.01202	0.00601	0.00601	0.00120	0.00601	0.00481	0.00481	0.76444
20	0.02901	0.06517	0.18756	0.01683	0.02431	0.05341	0.01671	0.03369	0.02123	0.40235	0.05035	0.02462	0.01870	0.00942	0.00787	0.00246	0.00864	0.00747	0.00757	0.01264
21	0.01159	0.00869	0.01304	0.01304	0.01449	0.01014	0.01014	0.01449	0.01304	0.01884	0.02173	0.03188	0.02029	0.06086	0.68268	0.01304	0.02173	0.00869	0.00435	0.00724
