[name]
unknown

[dist]
# distance from previous block
# <min> <max>
0	3

[block]
# block no. 0 follows, 23 sequences, length 7
# corresponding to MSA columns:
# 3-9
name=unknown_A
#
# <colnr> <probs for GDERKNQSTAVLIFYWHMCP>
#	G	D	E	R	K	N	Q	S	T	A	V	L	I	F	Y	W	H	M	C	P
0	0.01308	0.00934	0.01308	0.01494	0.01681	0.00934	0.01308	0.01681	0.01868	0.02428	0.04296	0.09153	0.04670	0.02242	0.01121	0.00374	0.00747	0.60960	0.00747	0.00747
1	0.02099	0.63213	0.12397	0.01508	0.02267	0.03039	0.01596	0.02448	0.01657	0.01994	0.01170	0.01355	0.01040	0.00704	0.00553	0.00184	0.00911	0.00455	0.00347	0.01062
2	0.02615	0.01482	0.01799	0.01418	0.01975	0.01399	0.01145	0.13563	0.07903	0.28001	0.13602	0.03023	0.02777	0.01048	0.00802	0.00229	0.00652	0.00863	0.00841	0.14864
3	0.00986	0.00718	0.00929	0.01099	0.01169	0.00662	0.00739	0.01133	0.01583	0.02084	0.04851	0.64571	0.11505	0.02493	0.01028	0.00324	0.00465	0.02247	0.00753	0.00662
4	0.02419	0.21935	0.07869	0.04659	0.02410	0.02249	0.01508	0.10344	0.20860	0.14296	0.02277	0.02220	0.01680	0.00914	0.00730	0.00237	0.00808	0.00706	0.00660	0.01219
5	0.01775	0.01805	0.02790	0.07561	0.02683	0.02374	0.10082	0.02049	0.01362	0.02049	0.01172	0.01861	0.01089	0.01274	0.02290	0.00338	0.55423	0.00744	0.00363	0.00916
6	0.01271	0.00922	0.01256	0.01423	0.01619	0.00908	0.01234	0.01626	0.01866	0.02403	0.04712	0.09011	0.11171	0.02222	0.01104	0.00363	0.00712	0.54689	0.00748	0.00741

[dist]
# distance from previous block
# <min> <max>
0	2

[block]
# block no. 1 follows, 23 sequences, length 9
# corresponding to MSA columns:
# 12-20
name=unknown_B
#
# <colnr> <probs for GDERKNQSTAVLIFYWHMCP>
#	G	D	E	R	K	N	Q	S	T	A	V	L	I	F	Y	W	H	M	C	P
0	0.00983	0.00727	0.00920	0.01074	0.01162	0.00664	0.00728	0.01136	0.01607	0.02093	0.05154	0.59473	0.16408	0.02454	0.01022	0.00319	0.00460	0.02199	0.00753	0.00664
1	0.02240	0.01739	0.01875	0.01644	0.02130	0.01967	0.01291	0.07781	0.55230	0.09709	0.03213	0.02938	0.02366	0.01084	0.00824	0.00271	0.00662	0.00896	0.00842	0.01299
2	0.02149	0.59505	0.09188	0.01536	0.02223	0.06323	0.01548	0.02458	0.01666	0.01969	0.01158	0.01367	0.01042	0.00744	0.00660	0.00191	0.04417	0.00466	0.00351	0.01041
3	0.01785	0.01439	0.01758	0.06964	0.02240	0.01149	0.01084	0.02158	0.01715	0.06391	0.01546	0.01787	0.01239	0.00642	0.00631	0.00141	0.00647	0.00521	0.00502	0.65662
4	0.00989	0.00706	0.00942	0.01130	0.01177	0.00659	0.00753	0.01130	0.01554	0.02071	0.04472	0.70954	0.05367	0.02542	0.01036	0.00330	0.00471	0.02307	0.00753	0.00659
5	0.05726	0.48030	0.17452	0.01542	0.02295	0.02656	0.01660	0.02385	0.01702	0.02248	0.06471	0.01778	0.01568	0.00792	0.00609	0.00202	0.00888	0.00554	0.00398	0.01045
6	0.02435	0.01888	0.02086	0.01559	0.02241	0.01852	0.01273	0.35141	0.02827	0.03970	0.01714	0.01825	0.01297	0.00801	0.00714	0.00186	0.00758	0.00615	0.00658	0.36159
7	0.32821	0.01746	0.02345	0.03154	0.35781	0.01836	0.01748	0.02542	0.01688	0.07215	0.01473	0.01775	0.01166	0.00754	0.00681	0.00246	0.00809	0.00613	0.00482	0.01125
8	0.11931	0.02816	0.37719	0.01852	0.02642	0.01569	0.02142	0.02258	0.01747	0.02735	0.06868	0.03734	0.02357	0.01181	0.00830	0.00284	0.00953	0.14864	0.00501	0.01016

[dist]
# distance from previous block
# <min> <max>
0	2

[block]
# block no. 2 follows, 23 sequences, length 92
# corresponding to MSA columns:
# 23-114
name=unknown_C
#
# <colnr> <probs for GDERKNQSTAVLIFYWHMCP>
#	G	D	E	R	K	N	Q	S	T	A	V	L	I	F	Y	W	H	M	C	P
0	0.05385	0.09021	0.05434	0.01945	0.02449	0.27161	0.07599	0.05421	0.10213	0.02473	0.01770	0.05046	0.01506	0.01164	0.03798	0.00282	0.03875	0.00721	0.00497	0.04240
1	0.18885	0.37177	0.02908	0.01369	0.01946	0.08977	0.01231	0.05399	0.01816	0.05495	0.04110	0.01694	0.01392	0.00800	0.00585	0.00205	0.00825	0.00533	0.03651	0.01003
2	0.70523	0.01667	0.03863	0.04470	0.01843	0.01822	0.01030	0.02377	0.01406	0.03522	0.01158	0.01375	0.00895	0.00757	0.00528	0.00252	0.00672	0.00460	0.00489	0.00893
3	0.05526	0.01768	0.05960	0.21040	0.03715	0.01785	0.24429	0.02248	0.01729	0.02529	0.04578	0.02358	0.01546	0.00870	0.00991	0.00267	0.07248	0.00826	0.09627	0.00960
4	0.01127	0.00845	0.00936	0.00908	0.01171	0.00726	0.00683	0.01376	0.01963	0.05414	0.21115	0.09629	0.47358	0.01935	0.00955	0.00271	0.00420	0.01638	0.00797	0.00735
5	0.01749	0.01444	0.01628	0.01576	0.01931	0.01619	0.01263	0.03350	0.42599	0.03033	0.03664	0.08543	0.03291	0.01521	0.00926	0.00308	0.00664	0.19003	0.00798	0.01089
6	0.01627	0.04197	0.67279	0.02313	0.03512	0.01884	0.02998	0.02570	0.01713	0.02570	0.01456	0.01713	0.01028	0.00771	0.00771	0.00257	0.01199	0.00600	0.00343	0.01199
7	0.01627	0.04197	0.67279	0.02313	0.03512	0.01884	0.02998	0.02570	0.01713	0.02570	0.01456	0.01713	0.01028	0.00771	0.00771	0.00257	0.01199	0.00600	0.00343	0.01199
8	0.01513	0.00756	0.00756	0.00756	0.00945	0.00756	0.00567	0.01891	0.01702	0.03025	0.02647	0.03025	0.02080	0.00945	0.00567	0.00189	0.00378	0.00756	0.75988	0.00756
9	0.01279	0.00927	0.01263	0.01434	0.01607	0.00930	0.01205	0.01692	0.04507	0.02404	0.04286	0.20255	0.04704	0.02248	0.01093	0.00361	0.00692	0.47609	0.00752	0.00754
10	0.00989	0.00706	0.00942	0.01130	0.01177	0.00659	0.00753	0.01130	0.01554	0.02071	0.04472	0.70954	0.05367	0.02542	0.01036	0.00330	0.00471	0.02307	0.00753	0.00659
11	0.77215	0.01569	0.01193	0.01067	0.01569	0.01820	0.00879	0.02385	0.01381	0.03641	0.01130	0.01318	0.00879	0.00753	0.00502	0.00251	0.00628	0.00439	0.00502	0.00879
12	0.02910	0.06754	0.02416	0.02146	0.05051	0.56750	0.01584	0.06002	0.04961	0.02213	0.01378	0.01566	0.01130	0.00843	0.00732	0.00213	0.01355	0.00553	0.00449	0.00994
13	0.01784	0.01018	0.01046	0.00948	0.01217	0.01060	0.00736	0.12566	0.02067	0.03386	0.02526	0.02839	0.01959	0.00950	0.00609	0.00198	0.00467	0.00752	0.63007	0.00864
14	0.01590	0.01516	0.02592	0.54335	0.13661	0.01781	0.05170	0.02114	0.01678	0.02183	0.01774	0.02402	0.04096	0.00850	0.00824	0.00267	0.01049	0.00778	0.00387	0.00953
15	0.01148	0.00829	0.01085	0.01021	0.01212	0.00766	0.00766	0.01531	0.02297	0.03254	0.65994	0.06061	0.07656	0.01659	0.00957	0.00255	0.00383	0.01467	0.00893	0.00766
16	0.02549	0.11631	0.02761	0.16883	0.03224	0.18239	0.04833	0.24384	0.02585	0.03140	0.01546	0.01806	0.01181	0.00853	0.00761	0.00233	0.01093	0.00651	0.00536	0.01109
17	0.01001	0.00732	0.00941	0.01082	0.01171	0.00673	0.00738	0.01174	0.01663	0.02203	0.11020	0.56833	0.12995	0.02395	0.01019	0.00315	0.00455	0.02151	0.00767	0.00673
18	0.01683	0.01442	0.01683	0.01202	0.01923	0.01082	0.00961	0.02043	0.01683	0.02644	0.01442	0.01683	0.01202	0.00601	0.00601	0.00120	0.00601	0.00481	0.00481	0.76444
19	0.01627	0.04197	0.67279	0.02313	0.03512	0.01884	0.02998	0.02570	0.01713	0.02570	0.01456	0.01713	0.01028	0.00771	0.00771	0.00257	0.01199	0.00600	0.00343	0.01199
20	0.02095	0.65426	0.06944	0.01412	0.02105	0.03031	0.01431	0.02392	0.01683	0.02005	0.04320	0.01553	0.01365	0.00745	0.00553	0.00181	0.00859	0.00492	0.00374	0.01035
21	0.01004	0.00713	0.00937	0.01110	0.01153	0.00670	0.00732	0.01134	0.01523	0.02030	0.04313	0.65504	0.05166	0.08265	0.01293	0.00367	0.00497	0.02213	0.00732	0.00645
22	0.00989	0.00706	0.00942	0.01130	0.01177	0.00659	0.00753	0.01130	0.01554	0.02071	0.04472	0.70954	0.05367	0.02542	0.01036	0.00330	0.00471	0.02307	0.00753	0.00659
23	0.01627	0.04197	0.67279	0.02313	0.03512	0.01884	0.02998	0.02570	0.01713	0.02570	0.01456	0.01713	0.01028	0.00771	0.00771	0.00257	0.01199	0.00600	0.00343	0.01199
24	0.02169	0.71972	0.04252	0.01388	0.02083	0.03211	0.01388	0.02430	0.01649	0.01909	0.01128	0.01302	0.01041	0.00694	0.00521	0.00174	0.00868	0.00434	0.00347	0.01041
25	0.01683	0.01442	0.01683	0.01202	0.01923	0.01082	0.00961	0.02043	0.01683	0.02644	0.01442	0.01683	0.01202	0.00601	0.00601	0.00120	0.00601	0.00481	0.00481	0.76444
26	0.01849	0.31884	0.41531	0.01935	0.02928	0.02426	0.02340	0.02513	0.01687	0.02300	0.01322	0.01545	0.01033	0.00740	0.00669	0.00223	0.01064	0.00532	0.00344	0.01135
27	0.00960	0.00816	0.00828	0.00837	0.01100	0.00684	0.00623	0.01163	0.01835	0.02186	0.08041	0.10821	0.63196	0.02078	0.00963	0.00277	0.00414	0.01741	0.00753	0.00684
28	0.01180	0.00787	0.00885	0.00885	0.00885	0.00787	0.00492	0.01180	0.01180	0.01573	0.02557	0.05310	0.02950	0.71483	0.04130	0.00787	0.00787	0.01180	0.00492	0.00492
29	0.01180	0.00787	0.00885	0.00885	0.00885	0.00787	0.00492	0.01180	0.01180	0.01573	0.02557	0.05310	0.02950	0.71483	0.04130	0.00787	0.00787	0.01180	0.00492	0.00492
30	0.03085	0.02273	0.02435	0.01867	0.02516	0.02516	0.01542	0.63716	0.03815	0.05114	0.01948	0.01948	0.01380	0.00974	0.00812	0.00244	0.00893	0.00731	0.00812	0.01380
31	0.01148	0.00829	0.01085	0.01021	0.01212	0.00766	0.00766	0.01531	0.02297	0.03254	0.65994	0.06061	0.07656	0.01659	0.00957	0.00255	0.00383	0.01467	0.00893	0.00766
32	0.01122	0.00807	0.01088	0.01247	0.01368	0.00773	0.00960	0.01374	0.01746	0.02310	0.09663	0.39609	0.07662	0.02335	0.01058	0.00338	0.00566	0.24506	0.00763	0.00702
33	0.03085	0.02273	0.02435	0.01867	0.02516	0.02516	0.01542	0.63716	0.03815	0.05114	0.01948	0.01948	0.01380	0.00974	0.00812	0.00244	0.00893	0.00731	0.00812	0.01380
34	0.05193	0.04073	0.64162	0.02254	0.03420	0.01881	0.02898	0.02561	0.01697	0.02620	0.01441	0.01695	0.01021	0.00770	0.00758	0.00257	0.01172	0.00592	0.00350	0.01184
35	0.03077	0.02489	0.02417	0.01897	0.02515	0.11427	0.01546	0.55515	0.03610	0.04690	0.01854	0.01882	0.01335	0.00955	0.00801	0.00239	0.00970	0.00702	0.00758	0.01320
36	0.02018	0.01743	0.01835	0.01651	0.02110	0.02018	0.01284	0.04312	0.64956	0.03394	0.03303	0.03027	0.02477	0.01101	0.00826	0.00275	0.00642	0.00917	0.00826	0.01284
37	0.01409	0.00705	0.01057	0.01057	0.01057	0.00705	0.00705	0.01057	0.01057	0.01409	0.01409	0.02467	0.01409	0.02819	0.03171	0.76392	0.00705	0.00705	0.00352	0.00352
38	0.02579	0.05610	0.02410	0.04727	0.07713	0.08000	0.01568	0.30958	0.20940	0.03871	0.02184	0.02199	0.01631	0.00958	0.00794	0.00247	0.00882	0.00751	0.00708	0.01271
39	0.01862	0.16739	0.47251	0.02242	0.06004	0.07600	0.02556	0.02595	0.01755	0.02402	0.01381	0.01629	0.01043	0.00760	0.00722	0.00237	0.01148	0.00568	0.00352	0.01152
40	0.01148	0.00829	0.01085	0.01021	0.01212	0.00766	0.00766	0.01531	0.02297	0.03254	0.65994	0.06061	0.07656	0.01659	0.00957	0.00255	0.00383	0.01467	0.00893	0.00766
41	0.00989	0.00706	0.00942	0.01130	0.01177	0.00659	0.00753	0.01130	0.01554	0.02071	0.04472	0.70954	0.05367	0.02542	0.01036	0.00330	0.00471	0.02307	0.00753	0.00659
42	0.02380	0.01923	0.02038	0.01724	0.02248	0.02187	0.01372	0.24444	0.44235	0.03977	0.02844	0.02662	0.02105	0.01058	0.00821	0.00264	0.00727	0.00854	0.00821	0.01317
43	0.02095	0.62705	0.12869	0.01515	0.02278	0.03029	0.01608	0.02449	0.01658	0.01999	0.01173	0.01358	0.01039	0.00705	0.00555	0.00185	0.00913	0.00457	0.00346	0.01063
44	0.03138	0.08611	0.02380	0.01641	0.02290	0.02047	0.01378	0.33770	0.02981	0.26951	0.02299	0.02168	0.01566	0.00943	0.00777	0.00234	0.00806	0.00722	0.00823	0.04477
45	0.01915	0.02189	0.04788	0.03420	0.04241	0.02052	0.63475	0.02599	0.01915	0.02599	0.01642	0.02189	0.01231	0.00684	0.00958	0.00274	0.01368	0.00958	0.00410	0.01094
46	0.01553	0.01464	0.02472	0.66693	0.08265	0.01808	0.02264	0.02092	0.01632	0.02099	0.01446	0.02157	0.01091	0.00807	0.00811	0.00269	0.01076	0.00721	0.00362	0.00918
47	0.01881	0.02298	0.10235	0.06185	0.04024	0.02021	0.48840	0.02742	0.08124	0.02651	0.01780	0.02226	0.01329	0.00739	0.00920	0.00272	0.01267	0.00909	0.00443	0.01114
48	0.01764	0.01754	0.02513	0.07795	0.04914	0.02407	0.01842	0.01984	0.01297	0.01990	0.01114	0.01816	0.01075	0.01343	0.02438	0.00344	0.61637	0.00712	0.00357	0.00904
49	0.00989	0.00706	0.00942	0.01130	0.01177	0.00659	0.00753	0.01130	0.01554	0.02071	0.04472	0.70954	0.05367	0.02542	0.01036	0.00330	0.00471	0.02307	0.00753	0.00659
50	0.01714	0.01526	0.02491	0.50573	0.04736	0.01796	0.07606	0.08022	0.01867	0.02502	0.01622	0.02226	0.01217	0.00828	0.00802	0.00261	0.01024	0.00747	0.07490	0.00951
51	0.01903	0.02153	0.04591	0.03310	0.04061	0.02089	0.58207	0.02544	0.01858	0.02544	0.01592	0.02153	0.01217	0.00747	0.01103	0.00281	0.07228	0.00936	0.00406	0.01077
52	0.01120	0.00761	0.00903	0.00962	0.00977	0.00747	0.00574	0.01164	0.01297	0.01730	0.03157	0.25898	0.03708	0.49861	0.03160	0.00643	0.00688	0.01533	0.00574	0.00544
53	0.00989	0.00706	0.00942	0.01130	0.01177	0.00659	0.00753	0.01130	0.01554	0.02071	0.04472	0.70954	0.05367	0.02542	0.01036	0.00330	0.00471	0.02307	0.00753	0.00659
54	0.01683	0.01442	0.01683	0.01202	0.01923	0.01082	0.00961	0.02043	0.01683	0.02644	0.01442	0.01683	0.01202	0.00601	0.00601	0.00120	0.00601	0.00481	0.00481	0.76444
55	0.01877	0.02097	0.04366	0.06611	0.04032	0.02096	0.52259	0.02488	0.01812	0.02488	0.01556	0.02133	0.01202	0.00787	0.01174	0.00284	0.10368	0.00913	0.00401	0.01057
56	0.01180	0.00787	0.00885	0.00885	0.00885	0.00787	0.00492	0.01180	0.01180	0.01573	0.02557	0.05310	0.02950	0.71483	0.04130	0.00787	0.00787	0.01180	0.00492	0.00492
57	0.01770	0.01523	0.01873	0.01345	0.02067	0.01206	0.04014	0.05409	0.01809	0.02776	0.01479	0.01721	0.01213	0.00625	0.00630	0.00134	0.00654	0.00517	0.00495	0.68738
58	0.01910	0.39487	0.34461	0.01831	0.02768	0.02575	0.02160	0.02497	0.01680	0.02226	0.01285	0.01499	0.01035	0.00731	0.00641	0.00214	0.01027	0.00513	0.00345	0.01117
59	0.02720	0.13694	0.05625	0.05151	0.02714	0.49536	0.04557	0.03007	0.02128	0.02034	0.01272	0.01517	0.01054	0.00804	0.00717	0.00212	0.01342	0.00543	0.00401	0.00973
60	0.02911	0.03475	0.02184	0.01961	0.02380	0.57049	0.01483	0.08299	0.02380	0.02339	0.01428	0.01633	0.01159	0.00857	0.00725	0.00210	0.01325	0.00560	0.06678	0.00963
61	0.02040	0.01344	0.01613	0.01523	0.04682	0.01371	0.01133	0.05370	0.22365	0.16490	0.13512	0.07412	0.12232	0.01395	0.00884	0.00271	0.00602	0.03833	0.00837	0.01092
62	0.05630	0.02169	0.16400	0.01665	0.02328	0.01690	0.01598	0.19357	0.05535	0.17858	0.14460	0.02893	0.02679	0.01064	0.00819	0.00252	0.00795	0.00859	0.00753	0.01196
63	0.01663	0.03952	0.59665	0.02448	0.03601	0.01905	0.10367	0.02573	0.01738	0.02573	0.01479	0.01771	0.01053	0.00760	0.00794	0.00259	0.01220	0.00643	0.00351	0.01186
64	0.01915	0.02189	0.04788	0.03420	0.04241	0.02052	0.63475	0.02599	0.01915	0.02599	0.01642	0.02189	0.01231	0.00684	0.00958	0.00274	0.01368	0.00958	0.00410	0.01094
65	0.08597	0.49799	0.09607	0.01549	0.02235	0.12392	0.01522	0.02557	0.01726	0.02129	0.01177	0.01365	0.01027	0.00727	0.00573	0.00193	0.00965	0.00463	0.00370	0.01028
66	0.08724	0.05267	0.02334	0.23878	0.03363	0.09656	0.01678	0.26214	0.02543	0.03377	0.01844	0.02112	0.03739	0.00916	0.00769	0.00247	0.00977	0.00704	0.00570	0.01088
67	0.01986	0.01436	0.01608	0.01421	0.01835	0.01539	0.01109	0.05426	0.35569	0.11671	0.16536	0.04049	0.09734	0.01292	0.00864	0.00267	0.00581	0.01089	0.00855	0.01135
68	0.00996	0.00814	0.00880	0.00883	0.01124	0.00698	0.00655	0.01229	0.01908	0.02378	0.18547	0.12563	0.50461	0.02021	0.00965	0.00275	0.00411	0.01715	0.00779	0.00698
69	0.08813	0.05267	0.02434	0.05225	0.05600	0.02369	0.01547	0.47405	0.03255	0.07428	0.01859	0.01920	0.01335	0.00925	0.00774	0.00242	0.00874	0.00697	0.00733	0.01297
70	0.02220	0.54881	0.10495	0.01692	0.05359	0.05895	0.01606	0.02562	0.01729	0.05324	0.01292	0.01460	0.01101	0.00726	0.00585	0.00191	0.00925	0.00488	0.00386	0.01082
71	0.00987	0.00712	0.00935	0.01114	0.01173	0.00660	0.00746	0.01132	0.01569	0.02077	0.04663	0.67744	0.08453	0.02517	0.01032	0.00327	0.00468	0.02277	0.00753	0.00660
72	0.01180	0.00787	0.00885	0.00885	0.00885	0.00787	0.00492	0.01180	0.01180	0.01573	0.02557	0.05310	0.02950	0.71483	0.04130	0.00787	0.00787	0.01180	0.00492	0.00492
73	0.03034	0.03792	0.02306	0.02080	0.02509	0.65126	0.01567	0.06093	0.02371	0.02133	0.01287	0.01486	0.01061	0.00843	0.00735	0.00211	0.01436	0.00532	0.00437	0.00961
74	0.06170	0.09575	0.02468	0.02124	0.05519	0.56466	0.01567	0.03096	0.02181	0.02084	0.01251	0.01469	0.01049	0.00815	0.00707	0.00209	0.01351	0.00521	0.00415	0.00963
75	0.05102	0.01926	0.03240	0.23051	0.17032	0.05096	0.21461	0.02598	0.07554	0.02541	0.01670	0.02149	0.01287	0.00778	0.00840	0.00262	0.01107	0.00793	0.00436	0.01077
76	0.02964	0.09183	0.02452	0.02036	0.02475	0.63151	0.01554	0.03177	0.02249	0.01980	0.01244	0.01451	0.01045	0.00825	0.00715	0.00206	0.01417	0.00516	0.00413	0.00949
77	0.01180	0.00787	0.00885	0.00885	0.00885	0.00787	0.00492	0.01180	0.01180	0.01573	0.02557	0.05310	0.02950	0.71483	0.04130	0.00787	0.00787	0.01180	0.00492	0.00492
78	0.02019	0.02058	0.01671	0.07107	0.02054	0.25932	0.01219	0.02284	0.01815	0.02250	0.02028	0.08559	0.01865	0.05119	0.03930	0.00311	0.07372	0.00831	0.20751	0.00824
79	0.01180	0.00787	0.00885	0.00885	0.00885	0.00787	0.00492	0.01180	0.01180	0.01573	0.02557	0.05310	0.02950	0.71483	0.04130	0.00787	0.00787	0.01180	0.00492	0.00492
80	0.77215	0.01569	0.01193	0.01067	0.01569	0.01820	0.00879	0.02385	0.01381	0.03641	0.01130	0.01318	0.00879	0.00753	0.00502	0.00251	0.00628	0.00439	0.00502	0.00879
81	0.03034	0.03781	0.02307	0.02078	0.02509	0.64668	0.01566	0.06515	0.02382	0.02155	0.01292	0.01490	0.01063	0.00844	0.00736	0.00211	0.01432	0.00534	0.00439	0.00964
82	0.01683	0.01442	0.01683	0.01202	0.01923	0.01082	0.00961	0.02043	0.01683	0.02644	0.01442	0.01683	0.01202	0.00601	0.00601	0.00120	0.00601	0.00481	0.00481	0.76444
83	0.00989	0.00706	0.00942	0.01130	0.01177	0.00659	0.00753	0.01130	0.01554	0.02071	0.04472	0.70954	0.05367	0.02542	0.01036	0.00330	0.00471	0.02307	0.00753	0.00659
84	0.01838	0.01799	0.02483	0.02118	0.02149	0.02487	0.01764	0.04899	0.01365	0.02104	0.01107	0.01783	0.01080	0.01399	0.02575	0.00350	0.66702	0.00711	0.00377	0.00911
85	0.00986	0.00718	0.00930	0.01099	0.01169	0.00662	0.00740	0.01133	0.01583	0.02083	0.04843	0.64702	0.11379	0.02494	0.01028	0.00324	0.00465	0.02248	0.00753	0.00662
86	0.03618	0.01417	0.01905	0.01461	0.02089	0.01246	0.01207	0.06365	0.02383	0.64488	0.03151	0.02729	0.01983	0.01003	0.00816	0.00251	0.00699	0.00813	0.00997	0.01381
87	0.01915	0.02189	0.04788	0.03420	0.04241	0.02052	0.63475	0.02599	0.01915	0.02599	0.01642	0.02189	0.01231	0.00684	0.00958	0.00274	0.01368	0.00958	0.00410	0.01094
88	0.01965	0.01884	0.03215	0.10862	0.60879	0.01917	0.02469	0.02452	0.01827	0.02598	0.01519	0.02022	0.01267	0.00731	0.00804	0.00244	0.00975	0.00723	0.00398	0.01250
89	0.00997	0.00710	0.00939	0.01119	0.01164	0.00665	0.00741	0.01132	0.01536	0.02049	0.04384	0.67945	0.05256	0.05702	0.01177	0.00350	0.00485	0.02255	0.00741	0.00651
90	0.01180	0.00787	0.00885	0.00885	0.00885	0.00787	0.00492	0.01180	0.01180	0.01573	0.02557	0.05310	0.02950	0.71483	0.04130	0.00787	0.00787	0.01180	0.00492	0.00492
91	0.01551	0.01478	0.02548	0.66338	0.05523	0.01815	0.05212	0.02099	0.01637	0.02099	0.01452	0.02165	0.01089	0.00805	0.00818	0.00271	0.01096	0.00733	0.00363	0.00911

[dist]
# distance from previous block
# <min> <max>
0	32

[block]
# block no. 3 follows, 23 sequences, length 95
# corresponding to MSA columns:
# 147-241
name=unknown_D
#
# <colnr> <probs for GDERKNQSTAVLIFYWHMCP>
#	G	D	E	R	K	N	Q	S	T	A	V	L	I	F	Y	W	H	M	C	P
0	0.02169	0.71972	0.04252	0.01388	0.02083	0.03211	0.01388	0.02430	0.01649	0.01909	0.01128	0.01302	0.01041	0.00694	0.00521	0.00174	0.00868	0.00434	0.00347	0.01041
1	0.77215	0.01569	0.01193	0.01067	0.01569	0.01820	0.00879	0.02385	0.01381	0.03641	0.01130	0.01318	0.00879	0.00753	0.00502	0.00251	0.00628	0.00439	0.00502	0.00879
2	0.01243	0.00988	0.01444	0.01396	0.01515	0.01203	0.01093	0.01505	0.01290	0.01879	0.02041	0.03095	0.01941	0.08470	0.56439	0.01152	0.11281	0.00862	0.00427	0.00736
3	0.01180	0.00787	0.00885	0.00885	0.00885	0.00787	0.00492	0.01180	0.01180	0.01573	0.02557	0.05310	0.02950	0.71483	0.04130	0.00787	0.00787	0.01180	0.00492	0.00492
4	0.02973	0.03771	0.02308	0.02092	0.02491	0.65195	0.01577	0.03181	0.02251	0.01984	0.01246	0.01478	0.01046	0.00863	0.00821	0.00216	0.04623	0.00531	0.00415	0.00938
5	0.01683	0.01442	0.01683	0.01202	0.01923	0.01082	0.00961	0.02043	0.01683	0.02644	0.01442	0.01683	0.01202	0.00601	0.00601	0.00120	0.00601	0.00481	0.00481	0.76444
6	0.01627	0.04197	0.67279	0.02313	0.03512	0.01884	0.02998	0.02570	0.01713	0.02570	0.01456	0.01713	0.01028	0.00771	0.00771	0.00257	0.01199	0.00600	0.00343	0.01199
7	0.01148	0.00829	0.01085	0.01021	0.01212	0.00766	0.00766	0.01531	0.02297	0.03254	0.65994	0.06061	0.07656	0.01659	0.00957	0.00255	0.00383	0.01467	0.00893	0.00766
8	0.01148	0.00829	0.01085	0.01021	0.01212	0.00766	0.00766	0.01531	0.02297	0.03254	0.65994	0.06061	0.07656	0.01659	0.00957	0.00255	0.00383	0.01467	0.00893	0.00766
9	0.01982	0.01901	0.03246	0.08545	0.63063	0.01921	0.02477	0.02467	0.01835	0.02619	0.01522	0.02017	0.01274	0.00728	0.00804	0.00243	0.00970	0.00723	0.00399	0.01264
10	0.01159	0.00869	0.01304	0.01304	0.01449	0.01014	0.01014	0.01449	0.01304	0.01884	0.02173	0.03188	0.02029	0.06086	0.68268	0.01304	0.02173	0.00869	0.00435	0.00724
11	0.01532	0.01442	0.02434	0.69533	0.05589	0.01803	0.02253	0.02073	0.01622	0.02073	0.01442	0.02163	0.01082	0.00811	0.00811	0.00270	0.01082	0.00721	0.00361	0.00901
12	0.01902	0.02277	0.07547	0.03371	0.04209	0.02045	0.60805	0.02598	0.01906	0.02598	0.01633	0.02168	0.01222	0.00688	0.00949	0.00273	0.01361	0.00942	0.00407	0.01099
13	0.00997	0.00710	0.00939	0.01119	0.01164	0.00665	0.00742	0.01132	0.01537	0.02049	0.04388	0.68056	0.05260	0.05586	0.01172	0.00350	0.00485	0.02257	0.00742	0.00652
14	0.01498	0.00758	0.00762	0.00762	0.00943	0.00758	0.00564	0.01860	0.01679	0.02963	0.02643	0.03123	0.02117	0.03963	0.00720	0.00215	0.00396	0.00774	0.72758	0.00745
15	0.03568	0.01397	0.01881	0.01453	0.02073	0.01230	0.01197	0.03970	0.05132	0.64131	0.03206	0.02774	0.02030	0.01009	0.00816	0.00252	0.00688	0.00821	0.00996	0.01377
16	0.02008	0.01928	0.03294	0.04981	0.66422	0.01928	0.02490	0.02490	0.01848	0.02651	0.01526	0.02008	0.01285	0.00723	0.00803	0.00241	0.00964	0.00723	0.00402	0.01285
17	0.03085	0.02273	0.02435	0.01867	0.02516	0.02516	0.01542	0.63716	0.03815	0.05114	0.01948	0.01948	0.01380	0.00974	0.00812	0.00244	0.00893	0.00731	0.00812	0.01380
18	0.01915	0.02189	0.04788	0.03420	0.04241	0.02052	0.63475	0.02599	0.01915	0.02599	0.01642	0.02189	0.01231	0.00684	0.00958	0.00274	0.01368	0.00958	0.00410	0.01094
19	0.01736	0.01666	0.02878	0.41237	0.29361	0.01863	0.05128	0.02261	0.01724	0.02323	0.01484	0.02104	0.01168	0.00771	0.00815	0.00259	0.01049	0.00733	0.00379	0.01061
20	0.01950	0.01868	0.03188	0.12932	0.58928	0.01913	0.02461	0.02439	0.01820	0.02580	0.01516	0.02027	0.01260	0.00734	0.00804	0.00245	0.00978	0.00723	0.00397	0.01238
21	0.01558	0.01485	0.02515	0.63697	0.05358	0.01848	0.04278	0.02084	0.01612	0.02084	0.01429	0.02143	0.01086	0.00840	0.00916	0.00275	0.04794	0.00728	0.00362	0.00907
22	0.01863	0.02033	0.03923	0.02936	0.03448	0.02215	0.40303	0.02356	0.01663	0.02356	0.01425	0.02033	0.01169	0.00960	0.01598	0.00304	0.27143	0.00865	0.00390	0.01017
23	0.00990	0.00735	0.00923	0.01062	0.01162	0.00669	0.00726	0.01155	0.01646	0.02148	0.07936	0.55250	0.17830	0.02404	0.01017	0.00315	0.00455	0.02149	0.00759	0.00669
24	0.01509	0.01380	0.01673	0.01564	0.01701	0.07818	0.01240	0.01766	0.01401	0.01960	0.01827	0.02660	0.01694	0.04188	0.42380	0.00912	0.19103	0.00791	0.03645	0.00788
25	0.03039	0.02169	0.02338	0.01800	0.02429	0.02383	0.01485	0.58481	0.03659	0.07633	0.02032	0.02030	0.01437	0.00974	0.00801	0.00241	0.00862	0.00735	0.04119	0.01353
26	0.00989	0.00706	0.00942	0.01130	0.01177	0.00659	0.00753	0.01130	0.01554	0.02071	0.04472	0.70954	0.05367	0.02542	0.01036	0.00330	0.00471	0.02307	0.00753	0.00659
27	0.01915	0.02189	0.04788	0.03420	0.04241	0.02052	0.63475	0.02599	0.01915	0.02599	0.01642	0.02189	0.01231	0.00684	0.00958	0.00274	0.01368	0.00958	0.00410	0.01094
28	0.01915	0.02189	0.04788	0.03420	0.04241	0.02052	0.63475	0.02599	0.01915	0.02599	0.01642	0.02189	0.01231	0.00684	0.00958	0.00274	0.01368	0.00958	0.00410	0.01094
29	0.01159	0.00869	0.01304	0.01304	0.01449	0.01014	0.01014	0.01449	0.01304	0.01884	0.02173	0.03188	0.02029	0.06086	0.68268	0.01304	0.02173	0.00869	0.00435	0.00724
30	0.01159	0.00869	0.01304	0.01304	0.01449	0.01014	0.01014	0.01449	0.01304	0.01884	0.02173	0.03188	0.02029	0.06086	0.68268	0.01304	0.02173	0.00869	0.00435	0.00724
31	0.01775	0.01775	0.02485	0.02130	0.02130	0.02485	0.01775	0.01953	0.01243	0.01953	0.01065	0.01775	0.01065	0.01420	0.02663	0.00355	0.69998	0.00710	0.00355	0.00888
32	0.01788	0.01703	0.02895	0.34924	0.38204	0.01870	0.02380	0.02297	0.01743	0.02383	0.01487	0.02080	0.01191	0.00764	0.00807	0.00255	0.01019	0.00722	0.00383	0.01107
33	0.00989	0.00706	0.00942	0.01130	0.01177	0.00659	0.00753	0.01130	0.01554	0.02071	0.04472	0.70954	0.05367	0.02542	0.01036	0.00330	0.00471	0.02307	0.00753	0.00659
34	0.00996	0.00712	0.00948	0.01125	0.01179	0.00664	0.00754	0.01148	0.01588	0.02126	0.07309	0.67962	0.05472	0.02501	0.01032	0.00326	0.00467	0.02268	0.00760	0.00664
35	0.02088	0.02079	0.03216	0.04756	0.61453	0.07082	0.02419	0.02549	0.01883	0.02599	0.01505	0.01966	0.01267	0.00732	0.00798	0.00239	0.01003	0.00707	0.00403	0.01259
36	0.01915	0.02189	0.04788	0.03420	0.04241	0.02052	0.63475	0.02599	0.01915	0.02599	0.01642	0.02189	0.01231	0.00684	0.00958	0.00274	0.01368	0.00958	0.00410	0.01094
37	0.00959	0.00822	0.00822	0.00822	0.01096	0.00685	0.00617	0.01165	0.01850	0.02192	0.08220	0.07809	0.66092	0.02055	0.00959	0.00274	0.00411	0.01713	0.00754	0.00685
38	0.00989	0.00706	0.00942	0.01130	0.01177	0.00659	0.00753	0.01130	0.01554	0.02071	0.04472	0.70954	0.05367	0.02542	0.01036	0.00330	0.00471	0.02307	0.00753	0.00659
39	0.01121	0.00828	0.01046	0.00992	0.01195	0.00754	0.00744	0.01478	0.02232	0.03099	0.57587	0.06316	0.16160	0.01716	0.00957	0.00258	0.00387	0.01503	0.00873	0.00754
40	0.03085	0.02273	0.02435	0.01867	0.02516	0.02516	0.01542	0.63716	0.03815	0.05114	0.01948	0.01948	0.01380	0.00974	0.00812	0.00244	0.00893	0.00731	0.00812	0.01380
41	0.01532	0.01442	0.02434	0.69533	0.05589	0.01803	0.02253	0.02073	0.01622	0.02073	0.01442	0.02163	0.01082	0.00811	0.00811	0.00270	0.01082	0.00721	0.00361	0.00901
42	0.02008	0.01928	0.03294	0.04981	0.66422	0.01928	0.02490	0.02490	0.01848	0.02651	0.01526	0.02008	0.01285	0.00723	0.00803	0.00241	0.00964	0.00723	0.00402	0.01285
43	0.01627	0.04197	0.67279	0.02313	0.03512	0.01884	0.02998	0.02570	0.01713	0.02570	0.01456	0.01713	0.01028	0.00771	0.00771	0.00257	0.01199	0.00600	0.00343	0.01199
44	0.00989	0.00706	0.00942	0.01130	0.01177	0.00659	0.00753	0.01130	0.01554	0.02071	0.04472	0.70954	0.05367	0.02542	0.01036	0.00330	0.00471	0.02307	0.00753	0.00659
45	0.00989	0.00706	0.00942	0.01130	0.01177	0.00659	0.00753	0.01130	0.01554	0.02071	0.04472	0.70954	0.05367	0.02542	0.01036	0.00330	0.00471	0.02307	0.00753	0.00659
46	0.01978	0.48080	0.26470	0.01714	0.02586	0.02743	0.01956	0.02479	0.01671	0.02142	0.01244	0.01447	0.01037	0.00721	0.00609	0.00203	0.00985	0.00492	0.00346	0.01097
47	0.01179	0.00879	0.01230	0.04492	0.01454	0.00879	0.04199	0.01318	0.01402	0.01870	0.03152	0.26891	0.03608	0.35558	0.05137	0.00583	0.00781	0.04189	0.00577	0.00621
48	0.03641	0.01381	0.01883	0.01444	0.02071	0.01193	0.01193	0.03954	0.02322	0.66984	0.03201	0.02762	0.02009	0.01004	0.00816	0.00251	0.00690	0.00816	0.01004	0.01381
49	0.05630	0.01062	0.01293	0.01144	0.01434	0.01037	0.00886	0.08227	0.02407	0.08422	0.50973	0.05123	0.06201	0.01488	0.00907	0.00253	0.00473	0.01285	0.00872	0.00883
50	0.01681	0.01658	0.02787	0.32052	0.03970	0.02041	0.12471	0.02114	0.01543	0.02159	0.01393	0.02067	0.01141	0.01007	0.01471	0.00297	0.25097	0.00759	0.03366	0.00924
51	0.11757	0.03095	0.02212	0.01900	0.02401	0.39729	0.01479	0.22192	0.02669	0.03166	0.01458	0.01599	0.01131	0.00870	0.00730	0.00225	0.01185	0.00578	0.00552	0.01072
52	0.74091	0.01599	0.01245	0.01101	0.01609	0.01850	0.00907	0.04970	0.01483	0.03703	0.01164	0.01345	0.00900	0.00763	0.00515	0.00251	0.00639	0.00452	0.00515	0.00900
53	0.01399	0.01183	0.01617	0.01355	0.01790	0.00978	0.06058	0.01691	0.01646	0.02391	0.02780	0.31920	0.03020	0.01454	0.00820	0.00224	0.00608	0.01316	0.00594	0.37157
54	0.06049	0.49122	0.21819	0.01631	0.02457	0.02763	0.01814	0.02467	0.01652	0.02188	0.01220	0.01418	0.01029	0.00719	0.00590	0.00201	0.00948	0.00481	0.00354	0.01077
55	0.01094	0.00763	0.00931	0.01000	0.01046	0.00741	0.00633	0.01189	0.01417	0.01894	0.06927	0.30661	0.06760	0.35690	0.05141	0.00581	0.00682	0.01640	0.00623	0.00588
56	0.02308	0.01445	0.01790	0.04642	0.02147	0.01240	0.01124	0.04995	0.05376	0.22009	0.04848	0.02298	0.01788	0.00818	0.00711	0.00185	0.00655	0.00668	0.00680	0.40275
57	0.01414	0.01165	0.01543	0.01310	0.01708	0.01023	0.03607	0.01753	0.01830	0.02658	0.18767	0.14277	0.03856	0.01381	0.00919	0.00230	0.03619	0.07330	0.00648	0.30963
58	0.01996	0.01953	0.03151	0.12401	0.56620	0.04708	0.02424	0.02473	0.01840	0.02555	0.01505	0.02003	0.01251	0.00738	0.00801	0.00243	0.00999	0.00714	0.00398	0.01226
59	0.01574	0.01484	0.02508	0.63922	0.10877	0.01814	0.02274	0.02109	0.01642	0.02123	0.01450	0.02150	0.01099	0.00804	0.00811	0.00268	0.01071	0.00721	0.00364	0.00935
60	0.01679	0.01605	0.02761	0.49057	0.22537	0.01847	0.04578	0.02209	0.01696	0.02254	0.01473	0.02121	0.01144	0.00782	0.00814	0.00262	0.01059	0.00730	0.00374	0.01016
61	0.01337	0.00925	0.01231	0.01241	0.01401	0.00965	0.00913	0.06252	0.01709	0.04844	0.07981	0.30772	0.03797	0.06907	0.25001	0.00682	0.01125	0.01498	0.00652	0.00766
62	0.01772	0.01513	0.01860	0.01417	0.02033	0.01325	0.03885	0.06955	0.06679	0.02817	0.01877	0.07735	0.01665	0.00868	0.00764	0.00175	0.03210	0.00719	0.00548	0.52183
63	0.02479	0.02057	0.01951	0.01653	0.02113	0.14743	0.01302	0.14656	0.17405	0.11966	0.12130	0.02836	0.02608	0.01089	0.00892	0.00246	0.03761	0.00848	0.00742	0.04523
64	0.01909	0.01721	0.02749	0.09039	0.30290	0.01607	0.07737	0.02367	0.01796	0.05124	0.01567	0.01956	0.01262	0.00696	0.00749	0.00205	0.00877	0.00665	0.00450	0.27234
65	0.02526	0.07449	0.02302	0.01731	0.02297	0.02343	0.01412	0.31799	0.31593	0.04079	0.02503	0.02391	0.01855	0.01010	0.00795	0.00253	0.00776	0.00793	0.00782	0.01310
66	0.01767	0.01800	0.02732	0.09205	0.02849	0.04995	0.14458	0.02110	0.01550	0.02201	0.01530	0.06901	0.01431	0.01151	0.01639	0.00290	0.31284	0.00840	0.00415	0.10851
67	0.13829	0.01528	0.02023	0.05001	0.12356	0.01479	0.01394	0.06449	0.02130	0.36222	0.04728	0.02437	0.01828	0.00920	0.00764	0.00245	0.00738	0.00747	0.00770	0.04412
68	0.01627	0.04197	0.67279	0.02313	0.03512	0.01884	0.02998	0.02570	0.01713	0.02570	0.01456	0.01713	0.01028	0.00771	0.00771	0.00257	0.01199	0.00600	0.00343	0.01199
69	0.01710	0.01244	0.04410	0.05087	0.01975	0.01138	0.01302	0.05110	0.04711	0.11246	0.11401	0.06495	0.09685	0.01738	0.00986	0.00313	0.00706	0.29067	0.00767	0.00910
70	0.01594	0.01588	0.02962	0.45642	0.04854	0.01778	0.19052	0.02141	0.01698	0.02218	0.01746	0.07820	0.01475	0.00918	0.00870	0.00276	0.01111	0.00917	0.00407	0.00935
71	0.01670	0.09466	0.62379	0.02241	0.03401	0.01988	0.02873	0.02559	0.01708	0.02518	0.01431	0.01681	0.01029	0.00765	0.00751	0.00250	0.01173	0.00587	0.00343	0.01187
72	0.01968	0.01773	0.02989	0.07488	0.03127	0.01700	0.25582	0.10205	0.04725	0.05693	0.02055	0.09253	0.01749	0.00938	0.00848	0.00242	0.00968	0.00941	0.00552	0.17204
73	0.01591	0.01502	0.02540	0.61581	0.13082	0.01818	0.02283	0.02125	0.01650	0.02144	0.01453	0.02144	0.01107	0.00800	0.00810	0.00267	0.01067	0.00721	0.00366	0.00949
74	0.01407	0.00887	0.01168	0.01065	0.01302	0.00810	0.00810	0.01783	0.02300	0.09876	0.59469	0.05718	0.07069	0.01591	0.00942	0.00255	0.00415	0.01400	0.00905	0.00830
75	0.01553	0.01463	0.02470	0.66791	0.08173	0.01808	0.02264	0.02091	0.01632	0.02098	0.01446	0.02157	0.01090	0.00807	0.00811	0.00269	0.01077	0.00721	0.00362	0.00918
76	0.08876	0.01486	0.02289	0.51484	0.07538	0.01810	0.02011	0.04513	0.01655	0.02334	0.01421	0.02067	0.01099	0.00928	0.00965	0.03976	0.03554	0.00693	0.00393	0.00909
77	0.01532	0.01442	0.02434	0.69533	0.05589	0.01803	0.02253	0.02073	0.01622	0.02073	0.01442	0.02163	0.01082	0.00811	0.00811	0.00270	0.01082	0.00721	0.00361	0.00901
78	0.01103	0.00759	0.00988	0.01054	0.01158	0.00713	0.00732	0.01318	0.01800	0.02508	0.27355	0.36654	0.05770	0.05949	0.01244	0.03529	0.00460	0.01785	0.04438	0.00682
79	0.14491	0.02262	0.07134	0.04790	0.02457	0.07547	0.01514	0.35430	0.02814	0.04022	0.01742	0.01914	0.01297	0.01186	0.04467	0.00300	0.00979	0.00665	0.03822	0.01166
80	0.01562	0.01455	0.02369	0.58052	0.04952	0.01845	0.02121	0.02050	0.01578	0.02098	0.01446	0.02151	0.01122	0.00894	0.01036	0.00278	0.09803	0.00721	0.03573	0.00893
81	0.00959	0.00822	0.00822	0.00822	0.01096	0.00685	0.00617	0.01165	0.01850	0.02192	0.08220	0.07809	0.66092	0.02055	0.00959	0.00274	0.00411	0.01713	0.00754	0.00685
82	0.01000	0.00726	0.00948	0.01121	0.01192	0.00673	0.00766	0.01157	0.01592	0.02097	0.04772	0.63055	0.10323	0.02489	0.01033	0.00327	0.00478	0.04832	0.00753	0.00665
83	0.01818	0.01734	0.02951	0.30737	0.42150	0.01878	0.02396	0.02324	0.01758	0.02420	0.01493	0.02070	0.01204	0.00758	0.00806	0.00253	0.01011	0.00722	0.00385	0.01132
84	0.01764	0.21247	0.51424	0.02080	0.03152	0.02218	0.02593	0.02534	0.01697	0.02404	0.01374	0.01610	0.01031	0.00752	0.00708	0.00236	0.01116	0.00558	0.00344	0.01159
85	0.01148	0.00829	0.01085	0.01021	0.01212	0.00766	0.00766	0.01531	0.02297	0.03254	0.65994	0.06061	0.07656	0.01659	0.00957	0.00255	0.00383	0.01467	0.00893	0.00766
86	0.01971	0.01890	0.03227	0.09999	0.61693	0.01918	0.02472	0.02458	0.01830	0.02606	0.01520	0.02020	0.01269	0.00730	0.00804	0.00243	0.00973	0.00723	0.00398	0.01255
87	0.02547	0.01675	0.01901	0.01605	0.02117	0.01803	0.01288	0.14780	0.32862	0.19457	0.05717	0.03164	0.02476	0.01128	0.00839	0.00267	0.00693	0.03532	0.00867	0.01280
88	0.01651	0.07096	0.64583	0.02273	0.03451	0.01941	0.02929	0.02564	0.01710	0.02541	0.01442	0.01696	0.01028	0.00768	0.00760	0.00253	0.01185	0.00593	0.00343	0.01192
89	0.01513	0.00756	0.00756	0.00756	0.00945	0.00756	0.00567	0.01891	0.01702	0.03025	0.02647	0.03025	0.02080	0.00945	0.00567	0.00189	0.00378	0.00756	0.75988	0.00756
90	0.61753	0.02107	0.14711	0.01322	0.01967	0.01833	0.01312	0.02423	0.01449	0.03422	0.01197	0.01399	0.00909	0.00757	0.00557	0.00252	0.00745	0.00472	0.00470	0.00944
91	0.02284	0.66484	0.04068	0.01393	0.02082	0.03054	0.01373	0.02548	0.01701	0.06968	0.01289	0.01415	0.01117	0.00718	0.00544	0.00180	0.00854	0.00464	0.00398	0.01068
92	0.12961	0.02227	0.02239	0.01755	0.02371	0.05898	0.01441	0.49791	0.03347	0.07360	0.01855	0.01873	0.01322	0.00939	0.00766	0.00243	0.00880	0.00684	0.00758	0.01290
93	0.02745	0.15009	0.02547	0.01884	0.02356	0.47576	0.01481	0.06020	0.05704	0.02212	0.01674	0.01814	0.03884	0.00885	0.00715	0.00211	0.01246	0.00590	0.00462	0.00987
94	0.02822	0.01274	0.01673	0.01353	0.01840	0.01158	0.01088	0.07833	0.02390	0.42512	0.19015	0.07296	0.03570	0.01252	0.00863	0.00256	0.00616	0.01056	0.00947	0.01186

[dist]
# distance from previous block
# <min> <max>
0	4

[block]
# block no. 4 follows, 23 sequences, length 8
# corresponding to MSA columns:
# 246-253
name=unknown_E
#
# <colnr> <probs for GDERKNQSTAVLIFYWHMCP>
#	G	D	E	R	K	N	Q	S	T	A	V	L	I	F	Y	W	H	M	C	P
0	0.02945	0.12934	0.02713	0.01794	0.02450	0.02623	0.01519	0.54341	0.03484	0.04624	0.01823	0.01849	0.01328	0.00931	0.00767	0.00233	0.00889	0.00685	0.00741	0.01328
1	0.02945	0.12934	0.02713	0.01794	0.02450	0.02623	0.01519	0.54341	0.03484	0.04624	0.01823	0.01849	0.01328	0.00931	0.00767	0.00233	0.00889	0.00685	0.00741	0.01328
2	0.08010	0.60202	0.03851	0.01407	0.02083	0.03041	0.01363	0.08026	0.01826	0.02335	0.01203	0.01362	0.01060	0.00724	0.00546	0.00186	0.00852	0.00461	0.00401	0.01060
3	0.02096	0.62735	0.12841	0.01514	0.02277	0.03030	0.01608	0.02449	0.01658	0.01999	0.01173	0.01358	0.01039	0.00705	0.00555	0.00185	0.00913	0.00456	0.00346	0.01063
4	0.02047	0.56610	0.18537	0.01598	0.02407	0.02910	0.01753	0.02461	0.01663	0.02059	0.01202	0.01395	0.01038	0.00712	0.00577	0.00192	0.00943	0.00471	0.00346	0.01077
5	0.02087	0.61623	0.13875	0.01530	0.02301	0.03008	0.01634	0.02451	0.01659	0.02010	0.01178	0.01364	0.01039	0.00706	0.00559	0.00186	0.00918	0.00459	0.00346	0.01065
6	0.01677	0.01272	0.01392	0.01304	0.01610	0.04133	0.00999	0.05596	0.16276	0.07829	0.19296	0.15992	0.12829	0.01644	0.00921	0.00278	0.00578	0.04623	0.00811	0.00940
7	0.18425	0.01761	0.01904	0.01531	0.02100	0.01875	0.01249	0.26339	0.08038	0.21835	0.02360	0.05268	0.01727	0.01019	0.00760	0.00254	0.00741	0.00782	0.00800	0.01235

[dist]
# distance from previous block
# <min> <max>
0	6

[block]
# block no. 5 follows, 23 sequences, length 77
# corresponding to MSA columns:
# 260-336
name=unknown_F
#
# <colnr> <probs for GDERKNQSTAVLIFYWHMCP>
#	G	D	E	R	K	N	Q	S	T	A	V	L	I	F	Y	W	H	M	C	P
0	0.01863	0.01917	0.03652	0.02642	0.03383	0.01748	0.40706	0.05570	0.01934	0.02711	0.01774	0.06105	0.01476	0.00788	0.00864	0.00236	0.01096	0.00905	0.00469	0.20161
1	0.02943	0.02158	0.02315	0.01781	0.02409	0.02364	0.01467	0.57870	0.03614	0.04900	0.01963	0.01993	0.01409	0.00957	0.00790	0.00235	0.00854	0.00721	0.04732	0.04524
2	0.01683	0.01442	0.01683	0.01202	0.01923	0.01082	0.00961	0.02043	0.01683	0.02644	0.01442	0.01683	0.01202	0.00601	0.00601	0.00120	0.00601	0.00481	0.00481	0.76444
3	0.03085	0.02273	0.02435	0.01867	0.02516	0.02516	0.01542	0.63716	0.03815	0.05114	0.01948	0.01948	0.01380	0.00974	0.00812	0.00244	0.00893	0.00731	0.00812	0.01380
4	0.03022	0.02236	0.02402	0.01837	0.02490	0.02453	0.01516	0.60975	0.03720	0.05004	0.01926	0.01936	0.01372	0.00957	0.00802	0.00238	0.00880	0.00719	0.00797	0.04716
5	0.01683	0.01442	0.01683	0.01202	0.01923	0.01082	0.00961	0.02043	0.01683	0.02644	0.01442	0.01683	0.01202	0.00601	0.00601	0.00120	0.00601	0.00481	0.00481	0.76444
6	0.02040	0.01697	0.01820	0.01594	0.02088	0.01885	0.01246	0.04049	0.55730	0.05615	0.03094	0.02870	0.02320	0.01042	0.00801	0.00257	0.00639	0.00866	0.00794	0.09552
7	0.01729	0.01451	0.01686	0.01239	0.01916	0.01146	0.00986	0.05847	0.01808	0.02765	0.01653	0.05786	0.01459	0.00739	0.00640	0.00140	0.00612	0.00604	0.00518	0.67278
8	0.02056	0.01759	0.01902	0.05217	0.02316	0.02036	0.01350	0.07699	0.58034	0.03427	0.03125	0.02918	0.02339	0.01078	0.00824	0.00273	0.00680	0.00896	0.00800	0.01270
9	0.01126	0.00827	0.01045	0.00991	0.01186	0.00756	0.00737	0.01473	0.02201	0.03062	0.56530	0.06253	0.14788	0.04183	0.01070	0.00276	0.00401	0.01488	0.00862	0.00746
10	0.03022	0.02191	0.02370	0.01812	0.02465	0.02383	0.01495	0.57876	0.03634	0.07247	0.01964	0.01962	0.01393	0.00953	0.00799	0.00237	0.00868	0.00719	0.00799	0.05808
11	0.01002	0.00722	0.00951	0.01109	0.01177	0.00670	0.00749	0.01169	0.01633	0.02186	0.10348	0.62640	0.07752	0.02442	0.01026	0.00321	0.00460	0.02207	0.00766	0.00670
12	0.01606	0.01517	0.02566	0.59602	0.14947	0.01822	0.02290	0.02137	0.01657	0.02162	0.01455	0.02139	0.01113	0.00798	0.00810	0.00266	0.01064	0.00721	0.00367	0.00960
13	0.01138	0.00829	0.01070	0.01009	0.01206	0.00761	0.00757	0.01510	0.02271	0.03193	0.62691	0.06161	0.10997	0.01681	0.00957	0.00256	0.00384	0.01481	0.00885	0.00761
14	0.00999	0.00714	0.00950	0.01123	0.01179	0.00666	0.00754	0.01155	0.01600	0.02145	0.08321	0.66895	0.05510	0.02487	0.01031	0.00325	0.00465	0.02254	0.00762	0.00666
15	0.01770	0.01494	0.01730	0.01243	0.01960	0.01171	0.00998	0.05901	0.01816	0.02799	0.01474	0.01699	0.01213	0.00624	0.00614	0.00128	0.00619	0.00496	0.00501	0.71748
16	0.02986	0.02224	0.02380	0.01847	0.02479	0.02471	0.01519	0.58252	0.09439	0.04956	0.02073	0.02047	0.01481	0.00986	0.00813	0.00246	0.00870	0.00748	0.00813	0.01371
17	0.00989	0.00706	0.00942	0.01130	0.01177	0.00659	0.00753	0.01130	0.01554	0.02071	0.04472	0.70954	0.05367	0.02542	0.01036	0.00330	0.00471	0.02307	0.00753	0.00659
18	0.02984	0.02199	0.02376	0.01838	0.02460	0.02438	0.01515	0.60457	0.03684	0.04945	0.01960	0.02013	0.01414	0.01242	0.04342	0.00299	0.00960	0.00738	0.00792	0.01346
19	0.02018	0.01743	0.01835	0.01651	0.02110	0.02018	0.01284	0.04312	0.64956	0.03394	0.03303	0.03027	0.02477	0.01101	0.00826	0.00275	0.00642	0.00917	0.00826	0.01284
20	0.01877	0.02065	0.04273	0.03052	0.03857	0.01891	0.53114	0.02507	0.01877	0.02607	0.01609	0.02105	0.01226	0.00670	0.00898	0.00248	0.01241	0.00879	0.00422	0.13583
21	0.02169	0.71972	0.04252	0.01388	0.02083	0.03211	0.01388	0.02430	0.01649	0.01909	0.01128	0.01302	0.01041	0.00694	0.00521	0.00174	0.00868	0.00434	0.00347	0.01041
22	0.01308	0.00934	0.01308	0.01494	0.01681	0.00934	0.01308	0.01681	0.01868	0.02428	0.04296	0.09153	0.04670	0.02242	0.01121	0.00374	0.00747	0.60960	0.00747	0.00747
23	0.01964	0.01883	0.03214	0.10960	0.60787	0.01916	0.02468	0.02452	0.01827	0.02597	0.01519	0.02023	0.01266	0.00731	0.00804	0.00244	0.00975	0.00723	0.00398	0.01250
24	0.01866	0.01574	0.01650	0.01474	0.01907	0.01748	0.01150	0.09085	0.44293	0.03269	0.04344	0.04062	0.17477	0.01316	0.00856	0.00272	0.00611	0.01089	0.00807	0.01151
