[name]
unknown

[dist]
# distance from previous block
# <min> <max>
33	47

[block]
# block no. 0 follows, 26 sequences, length 199
# corresponding to MSA columns:
# 49-247
name=unknown_A
#
# <colnr> <probs for GDERKNQSTAVLIFYWHMCP>
#	G	D	E	R	K	N	Q	S	T	A	V	L	I	F	Y	W	H	M	C	P
0	0.09532	0.21877	0.05241	0.01594	0.02188	0.09990	0.05052	0.22803	0.02257	0.03053	0.01435	0.01586	0.01124	0.00762	0.00634	0.00200	0.00865	0.00555	0.04083	0.05168
1	0.07800	0.10462	0.02193	0.05434	0.07509	0.01879	0.01325	0.19198	0.06760	0.05238	0.03775	0.04720	0.01572	0.00888	0.00783	0.00214	0.04840	0.00682	0.00560	0.14167
2	0.01674	0.01687	0.07037	0.04240	0.04858	0.04141	0.01209	0.04610	0.04644	0.02524	0.01533	0.03960	0.01289	0.00689	0.00625	0.00154	0.00680	0.00561	0.00464	0.53419
3	0.01752	0.01848	0.09852	0.01396	0.02064	0.04251	0.01246	0.07561	0.05549	0.02647	0.01468	0.01665	0.01175	0.00678	0.00694	0.00158	0.03603	0.00516	0.00471	0.51405
4	0.01581	0.09404	0.60624	0.02226	0.06672	0.01863	0.02657	0.02388	0.01603	0.02357	0.01340	0.01585	0.00975	0.00712	0.00704	0.00233	0.01084	0.00554	0.00324	0.01113
5	0.02068	0.02134	0.02657	0.13112	0.28111	0.16975	0.06407	0.08535	0.01936	0.02431	0.01494	0.04577	0.01270	0.00828	0.00835	0.00233	0.04231	0.00708	0.00422	0.01034
6	0.00914	0.00769	0.00793	0.00787	0.01035	0.00648	0.00590	0.01123	0.01771	0.02148	0.13745	0.07136	0.62181	0.01884	0.00896	0.00254	0.00382	0.01578	0.00717	0.00648
7	0.06941	0.02089	0.02214	0.01705	0.02305	0.02317	0.01408	0.62665	0.03444	0.04707	0.01780	0.01790	0.01265	0.00899	0.00743	0.00228	0.00821	0.00668	0.00743	0.01265
8	0.01432	0.01348	0.02275	0.71520	0.05224	0.01685	0.02107	0.01938	0.01517	0.01938	0.01348	0.02022	0.01011	0.00758	0.00758	0.00253	0.01011	0.00674	0.00337	0.00843
9	0.01084	0.00810	0.01204	0.01204	0.01334	0.00940	0.00929	0.01345	0.01215	0.01750	0.02046	0.03057	0.01930	0.08314	0.67758	0.01200	0.01981	0.00824	0.00408	0.00669
10	0.01573	0.01348	0.01573	0.01123	0.01798	0.01011	0.00899	0.01910	0.01573	0.02472	0.01348	0.01573	0.01123	0.00562	0.00562	0.00112	0.00562	0.00449	0.00449	0.77980
11	0.00998	0.00772	0.00910	0.00875	0.01087	0.00684	0.00657	0.01286	0.01970	0.02621	0.42549	0.06359	0.33082	0.01708	0.00895	0.00246	0.00369	0.01469	0.00780	0.00684
12	0.01573	0.01348	0.01573	0.01123	0.01798	0.01011	0.00899	0.01910	0.01573	0.02472	0.01348	0.01573	0.01123	0.00562	0.00562	0.00112	0.00562	0.00449	0.00449	0.77980
13	0.01571	0.01593	0.01478	0.01424	0.01630	0.20263	0.01092	0.01821	0.01478	0.01787	0.01792	0.02531	0.01640	0.04322	0.50938	0.00934	0.01847	0.00722	0.00402	0.00734
14	0.01755	0.01663	0.02786	0.20080	0.49371	0.01751	0.02202	0.02278	0.04111	0.02372	0.01545	0.02140	0.01290	0.00749	0.00762	0.00236	0.00910	0.02505	0.00391	0.01103
15	0.01877	0.01802	0.03079	0.04656	0.68612	0.01802	0.02328	0.02328	0.01727	0.02478	0.01427	0.01877	0.01201	0.00676	0.00751	0.00225	0.00901	0.00676	0.00375	0.01201
16	0.02202	0.54466	0.06008	0.01477	0.02092	0.16090	0.01393	0.05075	0.01747	0.01946	0.01121	0.01286	0.00987	0.00688	0.00545	0.00174	0.00933	0.00439	0.00355	0.00974
17	0.00924	0.00660	0.00880	0.01056	0.01100	0.00616	0.00704	0.01056	0.01452	0.01936	0.04181	0.72848	0.05017	0.02376	0.00968	0.00308	0.00440	0.02156	0.00704	0.00616
18	0.01573	0.01348	0.01573	0.01123	0.01798	0.01011	0.00899	0.01910	0.01573	0.02472	0.01348	0.01573	0.01123	0.00562	0.00562	0.00112	0.00562	0.00449	0.00449	0.77980
19	0.01106	0.00829	0.01196	0.01185	0.01295	0.00962	0.00897	0.01332	0.01199	0.01719	0.02052	0.03239	0.01998	0.15913	0.57859	0.01115	0.04190	0.00852	0.00412	0.00649
20	0.02028	0.73799	0.03975	0.01298	0.01947	0.03001	0.01298	0.02271	0.01541	0.01785	0.01055	0.01217	0.00973	0.00649	0.00487	0.00162	0.00811	0.00406	0.00324	0.00973
21	0.00945	0.00784	0.00836	0.00862	0.01106	0.00675	0.00672	0.01160	0.01731	0.02082	0.07140	0.07486	0.58815	0.01947	0.00919	0.00270	0.00431	0.10788	0.00703	0.00649
22	0.01074	0.00775	0.01014	0.00954	0.01133	0.00716	0.00716	0.01431	0.02147	0.03042	0.68211	0.05666	0.07157	0.01551	0.00895	0.00239	0.00358	0.01372	0.00835	0.00716
23	0.01538	0.06279	0.67207	0.02133	0.03238	0.01803	0.02752	0.02398	0.01599	0.02381	0.01351	0.01588	0.00961	0.00718	0.00713	0.00238	0.01111	0.00555	0.00320	0.01116
24	0.00941	0.00672	0.00900	0.01076	0.01127	0.00631	0.00734	0.01086	0.01469	0.01956	0.04171	0.69131	0.04979	0.02360	0.00973	0.00310	0.00455	0.05703	0.00704	0.00621
25	0.01222	0.00873	0.01222	0.01397	0.01572	0.00873	0.01222	0.01572	0.01746	0.02270	0.04016	0.08556	0.04365	0.02095	0.01048	0.00349	0.00698	0.63506	0.00698	0.00698
26	0.01562	0.09592	0.64105	0.02092	0.03175	0.01862	0.02680	0.02391	0.01597	0.02352	0.01336	0.01570	0.00962	0.00715	0.00702	0.00234	0.01096	0.00548	0.00321	0.01109
27	0.01521	0.03923	0.69413	0.02162	0.03283	0.01762	0.02802	0.02402	0.01601	0.02402	0.01361	0.01601	0.00961	0.00721	0.00721	0.00240	0.01121	0.00560	0.00320	0.01121
28	0.01080	0.00779	0.01022	0.00972	0.01151	0.00722	0.00736	0.01437	0.02131	0.03010	0.65590	0.05784	0.07043	0.01573	0.00901	0.00243	0.00372	0.03909	0.00829	0.00715
29	0.01534	0.03849	0.67098	0.02249	0.05563	0.01763	0.02786	0.02400	0.01606	0.02405	0.01363	0.01611	0.00969	0.00719	0.00722	0.00240	0.01113	0.00565	0.00322	0.01124
30	0.02371	0.01808	0.02196	0.01901	0.06086	0.04004	0.06798	0.26571	0.19464	0.10677	0.02407	0.05745	0.01890	0.01020	0.00793	0.00246	0.00788	0.03352	0.00711	0.01171
31	0.01877	0.01802	0.03079	0.04656	0.68612	0.01802	0.02328	0.02328	0.01727	0.02478	0.01427	0.01877	0.01201	0.00676	0.00751	0.00225	0.00901	0.00676	0.00375	0.01201
32	0.74643	0.01502	0.01177	0.01037	0.01514	0.01736	0.00855	0.05647	0.01413	0.03477	0.01097	0.01264	0.00847	0.00715	0.00485	0.00234	0.00600	0.00425	0.00485	0.00847
33	0.78701	0.01467	0.01115	0.00997	0.01467	0.01702	0.00821	0.02230	0.01291	0.03403	0.01056	0.01232	0.00821	0.00704	0.00469	0.00235	0.00587	0.00411	0.00469	0.00821
34	0.01103	0.00735	0.00827	0.00827	0.00827	0.00735	0.00460	0.01103	0.01103	0.01471	0.02390	0.04964	0.02758	0.73343	0.03861	0.00735	0.00735	0.01103	0.00460	0.00460
35	0.00930	0.00665	0.00886	0.01052	0.01102	0.00620	0.00705	0.01072	0.01481	0.01982	0.06841	0.70057	0.05106	0.02342	0.00965	0.00305	0.00437	0.02124	0.00710	0.00620
36	0.01573	0.01348	0.01573	0.01123	0.01798	0.01011	0.00899	0.01910	0.01573	0.02472	0.01348	0.01573	0.01123	0.00562	0.00562	0.00112	0.00562	0.00449	0.00449	0.77980
37	0.02833	0.03615	0.02149	0.01954	0.02345	0.70298	0.01466	0.03029	0.02149	0.01856	0.01172	0.01368	0.00977	0.00782	0.00684	0.00195	0.01368	0.00489	0.00391	0.00879
38	0.01063	0.00775	0.01000	0.00944	0.01127	0.00711	0.00708	0.01412	0.02123	0.02984	0.64712	0.05760	0.10692	0.01572	0.00895	0.00240	0.00359	0.01385	0.00827	0.00711
39	0.01103	0.00735	0.00827	0.00827	0.00827	0.00735	0.00460	0.01103	0.01103	0.01471	0.02390	0.04964	0.02758	0.73343	0.03861	0.00735	0.00735	0.01103	0.00460	0.00460
40	0.01877	0.01802	0.03079	0.04656	0.68612	0.01802	0.02328	0.02328	0.01727	0.02478	0.01427	0.01877	0.01201	0.00676	0.00751	0.00225	0.00901	0.00676	0.00375	0.01201
41	0.01247	0.00814	0.01070	0.00984	0.01193	0.00745	0.00745	0.01600	0.02149	0.07968	0.63350	0.05436	0.06763	0.01505	0.00885	0.00238	0.00379	0.01326	0.00843	0.00759
42	0.00932	0.00664	0.00878	0.01046	0.01087	0.00622	0.00693	0.01058	0.01436	0.01915	0.04097	0.69694	0.04912	0.05673	0.01103	0.00328	0.00454	0.02107	0.00693	0.00609
43	0.03092	0.01790	0.02069	0.01587	0.02185	0.01856	0.01311	0.41070	0.03007	0.30583	0.02291	0.02126	0.01526	0.00922	0.00760	0.00230	0.00759	0.00715	0.00831	0.01290
44	0.01930	0.01878	0.02439	0.02115	0.02154	0.04931	0.01721	0.02024	0.01353	0.02047	0.01251	0.01973	0.01224	0.01442	0.02451	0.00366	0.66603	0.00729	0.00418	0.00952
45	0.01668	0.01506	0.02400	0.68907	0.05247	0.01794	0.02158	0.02088	0.01657	0.02154	0.01583	0.02332	0.01239	0.00915	0.00855	0.00295	0.01075	0.00746	0.00421	0.00962
46	0.01803	0.01506	0.01725	0.01283	0.01955	0.01147	0.00997	0.02061	0.01711	0.02667	0.01583	0.01901	0.01347	0.00726	0.00666	0.00160	0.00643	0.00530	0.00529	0.75061
47	0.03304	0.07998	0.04968	0.01574	0.02193	0.01579	0.01328	0.10695	0.02365	0.50722	0.02792	0.02623	0.01887	0.01051	0.00833	0.00271	0.00779	0.00782	0.00899	0.01358
48	0.01521	0.03923	0.69413	0.02162	0.03283	0.01762	0.02802	0.02402	0.01601	0.02402	0.01361	0.01601	0.00961	0.00721	0.00721	0.00240	0.01121	0.00560	0.00320	0.01121
49	0.01103	0.00735	0.00827	0.00827	0.00827	0.00735	0.00460	0.01103	0.01103	0.01471	0.02390	0.04964	0.02758	0.73343	0.03861	0.00735	0.00735	0.01103	0.00460	0.00460
50	0.01432	0.01348	0.02275	0.71520	0.05224	0.01685	0.02107	0.01938	0.01517	0.01938	0.01348	0.02022	0.01011	0.00758	0.00758	0.00253	0.01011	0.00674	0.00337	0.00843
51	0.03373	0.01339	0.01790	0.01372	0.01960	0.01186	0.01134	0.07304	0.02252	0.65416	0.02925	0.02538	0.01844	0.00937	0.00763	0.00234	0.00656	0.00758	0.00928	0.01291
52	0.01103	0.00735	0.00827	0.00827	0.00827	0.00735	0.00460	0.01103	0.01103	0.01471	0.02390	0.04964	0.02758	0.73343	0.03861	0.00735	0.00735	0.01103	0.00460	0.00460
53	0.01103	0.00735	0.00827	0.00827	0.00827	0.00735	0.00460	0.01103	0.01103	0.01471	0.02390	0.04964	0.02758	0.73343	0.03861	0.00735	0.00735	0.01103	0.00460	0.00460
54	0.06748	0.01545	0.01883	0.01450	0.02037	0.01507	0.01198	0.22042	0.02542	0.47087	0.02557	0.02295	0.01655	0.00920	0.00748	0.00233	0.00699	0.00723	0.00864	0.01269
55	0.01084	0.00813	0.01219	0.01219	0.01354	0.00948	0.00948	0.01354	0.01219	0.01761	0.02032	0.02980	0.01896	0.05689	0.70337	0.01219	0.02032	0.00813	0.00406	0.00677
56	0.01084	0.00813	0.01219	0.01219	0.01354	0.00948	0.00948	0.01354	0.01219	0.01761	0.02032	0.02980	0.01896	0.05689	0.70337	0.01219	0.02032	0.00813	0.00406	0.00677
57	0.02804	0.06256	0.02224	0.01922	0.02330	0.65490	0.01458	0.05068	0.02173	0.01950	0.01189	0.01377	0.00987	0.00781	0.00679	0.00195	0.01329	0.00492	0.00400	0.00896
58	0.02012	0.02922	0.43562	0.01856	0.02738	0.01559	0.02149	0.02817	0.07247	0.19620	0.02039	0.04832	0.01474	0.00869	0.00746	0.00243	0.00927	0.00702	0.00533	0.01151
59	0.00924	0.00660	0.00880	0.01056	0.01100	0.00616	0.00704	0.01056	0.01452	0.01936	0.04181	0.72848	0.05017	0.02376	0.00968	0.00308	0.00440	0.02156	0.00704	0.00616
60	0.01207	0.00868	0.01201	0.01368	0.01546	0.00862	0.01192	0.01549	0.01745	0.02260	0.04186	0.08498	0.07336	0.02087	0.01041	0.00345	0.00684	0.60630	0.00699	0.00696
61	0.02835	0.03564	0.02154	0.01947	0.02345	0.67957	0.01465	0.05201	0.02198	0.01957	0.01195	0.01383	0.00988	0.00786	0.00687	0.00197	0.01349	0.00495	0.00403	0.00893
62	0.01878	0.01795	0.03022	0.04526	0.65843	0.01806	0.02281	0.02399	0.04449	0.02507	0.01496	0.01917	0.01248	0.00691	0.00752	0.00227	0.00889	0.00683	0.00392	0.01201
63	0.01633	0.19376	0.54942	0.01971	0.02987	0.02036	0.02470	0.02373	0.01588	0.02266	0.01293	0.01516	0.00964	0.00705	0.00669	0.00223	0.01052	0.00526	0.00321	0.01088
64	0.01971	0.01671	0.01763	0.01561	0.02004	0.01926	0.01221	0.09276	0.61858	0.03309	0.02980	0.02745	0.02229	0.01019	0.00771	0.00255	0.00620	0.00843	0.00771	0.01208
65	0.78701	0.01467	0.01115	0.00997	0.01467	0.01702	0.00821	0.02230	0.01291	0.03403	0.01056	0.01232	0.00821	0.00704	0.00469	0.00235	0.00587	0.00411	0.00469	0.00821
66	0.34182	0.01765	0.01935	0.20789	0.05487	0.09696	0.05137	0.04714	0.01580	0.02699	0.01219	0.01583	0.00953	0.00764	0.00729	0.00241	0.04675	0.00555	0.00419	0.00879
67	0.00923	0.00664	0.00877	0.01047	0.01098	0.00617	0.00700	0.01057	0.01461	0.01940	0.04294	0.70726	0.07066	0.02362	0.00966	0.00306	0.00438	0.02138	0.00704	0.00617
68	0.02133	0.01752	0.01854	0.01593	0.02066	0.02002	0.01260	0.19362	0.51509	0.03570	0.02774	0.02581	0.02062	0.01000	0.00769	0.00250	0.00658	0.00814	0.00769	0.01223
69	0.01877	0.01802	0.03079	0.04656	0.68612	0.01802	0.02328	0.02328	0.01727	0.02478	0.01427	0.01877	0.01201	0.00676	0.00751	0.00225	0.00901	0.00676	0.00375	0.01201
70	0.03302	0.01432	0.05381	0.01393	0.02008	0.01149	0.01205	0.03627	0.02140	0.65565	0.02905	0.02529	0.01829	0.00927	0.00761	0.00235	0.00671	0.00752	0.00906	0.01282
71	0.02028	0.73799	0.03975	0.01298	0.01947	0.03001	0.01298	0.02271	0.01541	0.01785	0.01055	0.01217	0.00973	0.00649	0.00487	0.00162	0.00811	0.00406	0.00324	0.00973
72	0.01432	0.01348	0.02275	0.71520	0.05224	0.01685	0.02107	0.01938	0.01517	0.01938	0.01348	0.02022	0.01011	0.00758	0.00758	0.00253	0.01011	0.00674	0.00337	0.00843
73	0.01521	0.03923	0.69413	0.02162	0.03283	0.01762	0.02802	0.02402	0.01601	0.02402	0.01361	0.01601	0.00961	0.00721	0.00721	0.00240	0.01121	0.00560	0.00320	0.01121
74	0.00924	0.00660	0.00880	0.01056	0.01100	0.00616	0.00704	0.01056	0.01452	0.01936	0.04181	0.72848	0.05017	0.02376	0.00968	0.00308	0.00440	0.02156	0.00704	0.00616
75	0.00896	0.00768	0.00768	0.00768	0.01025	0.00640	0.00576	0.01089	0.01729	0.02049	0.07684	0.07300	0.68304	0.01921	0.00896	0.00256	0.00384	0.01601	0.00704	0.00640
76	0.01049	0.00774	0.00980	0.00929	0.01118	0.00705	0.00697	0.01385	0.02090	0.02906	0.59949	0.05889	0.15503	0.01601	0.00895	0.00241	0.00361	0.01403	0.00817	0.00705
77	0.01074	0.00775	0.01014	0.00954	0.01133	0.00716	0.00716	0.01431	0.02147	0.03042	0.68211	0.05666	0.07157	0.01551	0.00895	0.00239	0.00358	0.01372	0.00835	0.00716
78	0.03268	0.01261	0.01717	0.01327	0.01890	0.01092	0.01092	0.03566	0.02170	0.65315	0.06763	0.02760	0.02183	0.00974	0.00770	0.00235	0.00629	0.00798	0.00933	0.01258
79	0.01930	0.01651	0.01739	0.01552	0.01989	0.01907	0.01211	0.06719	0.64482	0.03243	0.03032	0.02786	0.02271	0.01024	0.00771	0.00256	0.00610	0.00850	0.00771	0.01204
80	0.02883	0.02125	0.02276	0.01745	0.02352	0.02352	0.01442	0.66082	0.03566	0.04780	0.01821	0.01821	0.01290	0.00911	0.00759	0.00228	0.00835	0.00683	0.00759	0.01290
81	0.02156	0.01245	0.01441	0.01194	0.01632	0.01193	0.00957	0.14365	0.06022	0.24656	0.06816	0.04408	0.28030	0.01345	0.00819	0.00243	0.00566	0.01103	0.00800	0.01011
82	0.01657	0.01664	0.02171	0.01885	0.01916	0.05795	0.01548	0.01825	0.01216	0.01808	0.01139	0.01876	0.01133	0.04531	0.07519	0.00407	0.60076	0.00683	0.00346	0.00806
83	0.02833	0.03615	0.02149	0.01954	0.02345	0.70298	0.01466	0.03029	0.02149	0.01856	0.01172	0.01368	0.00977	0.00782	0.00684	0.00195	0.01368	0.00489	0.00391	0.00879
84	0.01803	0.01920	0.05382	0.19501	0.32721	0.07718	0.04092	0.02221	0.01620	0.02188	0.01318	0.01827	0.01093	0.00810	0.01031	0.00248	0.12467	0.00660	0.00359	0.01021
85	0.01414	0.00707	0.00707	0.00707	0.00884	0.00707	0.00530	0.01767	0.01591	0.02828	0.02474	0.02828	0.01944	0.00884	0.00530	0.00177	0.00353	0.00707	0.77554	0.00707
86	0.00962	0.00700	0.00920	0.01060	0.01140	0.00639	0.00715	0.01106	0.01459	0.01967	0.04017	0.68727	0.04792	0.02271	0.00945	0.00297	0.00447	0.02058	0.00689	0.05089
87	0.01084	0.00813	0.01219	0.01219	0.01354	0.00948	0.00948	0.01354	0.01219	0.01761	0.02032	0.02980	0.01896	0.05689	0.70337	0.01219	0.02032	0.00813	0.00406	0.00677
88	0.01414	0.00707	0.00707	0.00707	0.00884	0.00707	0.00530	0.01767	0.01591	0.02828	0.02474	0.02828	0.01944	0.00884	0.00530	0.00177	0.00353	0.00707	0.77554	0.00707
89	0.01074	0.00775	0.01014	0.00954	0.01133	0.00716	0.00716	0.01431	0.02147	0.03042	0.68211	0.05666	0.07157	0.01551	0.00895	0.00239	0.00358	0.01372	0.00835	0.00716
90	0.01042	0.00774	0.00971	0.00921	0.01114	0.00702	0.00691	0.01371	0.02073	0.02866	0.57522	0.05954	0.17956	0.01616	0.00895	0.00242	0.00362	0.01412	0.00812	0.00702
91	0.02926	0.02057	0.02234	0.01713	0.02318	0.02251	0.01415	0.60999	0.03453	0.10025	0.01917	0.01883	0.01338	0.00913	0.00759	0.00228	0.00819	0.00689	0.00773	0.01290
92	0.01659	0.01659	0.02323	0.01991	0.01991	0.02323	0.01659	0.01825	0.01162	0.01825	0.00996	0.01659	0.00996	0.01328	0.02489	0.00332	0.71955	0.00664	0.00332	0.00830
93	0.08186	0.02079	0.02195	0.01693	0.02290	0.02307	0.01398	0.61616	0.03407	0.04684	0.01768	0.01780	0.01257	0.00896	0.00739	0.00228	0.00817	0.00664	0.00739	0.01257
94	0.03403	0.01291	0.01760	0.01350	0.01936	0.01115	0.01115	0.03697	0.02171	0.69137	0.02992	0.02582	0.01878	0.00939	0.00763	0.00235	0.00645	0.00763	0.00939	0.01291
95	0.00924	0.00660	0.00880	0.01056	0.01100	0.00616	0.00704	0.01056	0.01452	0.01936	0.04181	0.72848	0.05017	0.02376	0.00968	0.00308	0.00440	0.02156	0.00704	0.00616
96	0.01659	0.01659	0.02323	0.01991	0.01991	0.02323	0.01659	0.01825	0.01162	0.01825	0.00996	0.01659	0.00996	0.01328	0.02489	0.00332	0.71955	0.00664	0.00332	0.00830
97	0.01432	0.01348	0.02275	0.71520	0.05224	0.01685	0.02107	0.01938	0.01517	0.01938	0.01348	0.02022	0.01011	0.00758	0.00758	0.00253	0.01011	0.00674	0.00337	0.00843
98	0.00917	0.00769	0.00797	0.00790	0.01037	0.00649	0.00593	0.01128	0.01778	0.02164	0.14724	0.07110	0.61192	0.01878	0.00896	0.00254	0.00381	0.01574	0.00720	0.00649
99	0.01084	0.00810	0.01203	0.01203	0.01333	0.00940	0.00929	0.01344	0.01214	0.01749	0.02046	0.03059	0.01931	0.08391	0.67682	0.01200	0.01980	0.00824	0.00408	0.00669
100	0.02883	0.02125	0.02276	0.01745	0.02352	0.02352	0.01442	0.66082	0.03566	0.04780	0.01821	0.01821	0.01290	0.00911	0.00759	0.00228	0.00835	0.00683	0.00759	0.01290
101	0.01877	0.01802	0.03079	0.04656	0.68612	0.01802	0.02328	0.02328	0.01727	0.02478	0.01427	0.01877	0.01201	0.00676	0.00751	0.00225	0.00901	0.00676	0.00375	0.01201
102	0.02100	0.02225	0.02862	0.04025	0.53142	0.17792	0.02127	0.02491	0.01826	0.02333	0.01367	0.01758	0.01149	0.00701	0.00735	0.00218	0.01010	0.00632	0.00379	0.01126
103	0.01559	0.01332	0.01552	0.01135	0.01777	0.01026	0.00902	0.01951	0.03831	0.02476	0.01515	0.04298	0.01311	0.00646	0.00584	0.00125	0.00558	0.00528	0.00470	0.72424
104	0.05135	0.01593	0.01729	0.01628	0.04613	0.01814	0.01226	0.07269	0.52840	0.03205	0.05464	0.03015	0.02424	0.01059	0.00774	0.00256	0.00620	0.03444	0.00742	0.01150
105	0.00935	0.00669	0.00890	0.01049	0.01103	0.00623	0.00705	0.01084	0.01503	0.02017	0.08868	0.67930	0.05173	0.02316	0.00963	0.00303	0.00434	0.02099	0.00714	0.00623
106	0.03092	0.01524	0.01856	0.01435	0.01999	0.01494	0.01181	0.24109	0.02590	0.43267	0.02570	0.02349	0.01689	0.00926	0.00745	0.00228	0.00687	0.00733	0.06277	0.01249
107	0.01999	0.69759	0.07758	0.01348	0.02024	0.02930	0.01385	0.02279	0.01545	0.01820	0.01072	0.01239	0.00973	0.00653	0.00500	0.00167	0.00829	0.00415	0.00324	0.00982
108	0.01769	0.02197	0.09684	0.03114	0.03910	0.01906	0.60799	0.02427	0.01775	0.02427	0.01521	0.02010	0.01136	0.00646	0.00881	0.00255	0.01266	0.00868	0.00379	0.01031
109	0.01074	0.00775	0.01014	0.00954	0.01133	0.00716	0.00716	0.01431	0.02147	0.03042	0.68211	0.05666	0.07157	0.01551	0.00895	0.00239	0.00358	0.01372	0.00835	0.00716
110	0.01456	0.00878	0.01033	0.00934	0.01239	0.00757	0.00722	0.01710	0.01924	0.16085	0.21770	0.05924	0.39447	0.01627	0.00869	0.00247	0.00431	0.01372	0.00785	0.00793
111	0.01145	0.00793	0.01026	0.00957	0.01155	0.00725	0.00722	0.01491	0.02124	0.05291	0.62436	0.05653	0.10508	0.01551	0.00890	0.00239	0.00369	0.01364	0.00831	0.00731
112	0.02833	0.03615	0.02149	0.01954	0.02345	0.70298	0.01466	0.03029	0.02149	0.01856	0.01172	0.01368	0.00977	0.00782	0.00684	0.00195	0.01368	0.00489	0.00391	0.00879
113	0.01084	0.00813	0.01219	0.01219	0.01354	0.00948	0.00948	0.01354	0.01219	0.01761	0.02032	0.02980	0.01896	0.05689	0.70337	0.01219	0.02032	0.00813	0.00406	0.00677
114	0.01690	0.02726	0.32249	0.10929	0.17253	0.01832	0.12162	0.05009	0.01713	0.02446	0.01405	0.01788	0.01062	0.00735	0.00828	0.00244	0.03823	0.00658	0.00363	0.01086
115	0.02071	0.02102	0.01725	0.01644	0.04379	0.26748	0.01213	0.05605	0.14136	0.05031	0.15827	0.05673	0.05037	0.01155	0.00788	0.00234	0.00851	0.04230	0.00626	0.00925
116	0.03403	0.01291	0.01760	0.01350	0.01936	0.01115	0.01115	0.03697	0.02171	0.69137	0.02992	0.02582	0.01878	0.00939	0.00763	0.00235	0.00645	0.00763	0.00939	0.01291
117	0.01678	0.25528	0.49181	0.01895	0.02870	0.02145	0.02337	0.02362	0.01583	0.02211	0.01266	0.01482	0.00965	0.00698	0.00648	0.00216	0.01025	0.00513	0.00322	0.01075
118	0.00931	0.00665	0.00886	0.01052	0.01102	0.00621	0.00705	0.01073	0.01484	0.01986	0.07072	0.69814	0.05113	0.02339	0.00965	0.00305	0.00436	0.02121	0.00710	0.00621
119	0.08306	0.05035	0.04950	0.01721	0.02312	0.02017	0.07017	0.29098	0.16978	0.11628	0.02107	0.02076	0.01513	0.00882	0.00739	0.00236	0.00791	0.00712	0.00692	0.01191
120	0.05628	0.01336	0.01611	0.01189	0.01826	0.01075	0.00963	0.02484	0.01747	0.23378	0.01850	0.01873	0.01346	0.00686	0.00620	0.00156	0.00589	0.00546	0.00603	0.50494
121	0.01432	0.01348	0.02275	0.71520	0.05224	0.01685	0.02107	0.01938	0.01517	0.01938	0.01348	0.02022	0.01011	0.00758	0.00758	0.00253	0.01011	0.00674	0.00337	0.00843
122	0.01533	0.03842	0.66599	0.02207	0.03312	0.01768	0.05535	0.02403	0.01610	0.02403	0.01369	0.01621	0.00969	0.00717	0.00728	0.00241	0.01128	0.00575	0.00323	0.01117
123	0.01429	0.01340	0.02162	0.48740	0.09674	0.01632	0.01885	0.01846	0.01501	0.01977	0.01882	0.07315	0.05201	0.00999	0.00980	0.00264	0.09109	0.00832	0.00387	0.00844
124	0.03206	0.01247	0.01697	0.01316	0.01868	0.01081	0.01081	0.03505	0.02169	0.63541	0.08514	0.02843	0.02325	0.00991	0.00774	0.00235	0.00621	0.00814	0.00930	0.01242
125	0.01222	0.00873	0.01222	0.01397	0.01572	0.00873	0.01222	0.01572	0.01746	0.02270	0.04016	0.08556	0.04365	0.02095	0.01048	0.00349	0.00698	0.63506	0.00698	0.00698
126	0.00930	0.00665	0.00885	0.01052	0.01101	0.00620	0.00705	0.01071	0.01480	0.01980	0.06738	0.70165	0.05102	0.02343	0.00965	0.00305	0.00437	0.02125	0.00709	0.00620
127	0.02028	0.73799	0.03975	0.01298	0.01947	0.03001	0.01298	0.02271	0.01541	0.01785	0.01055	0.01217	0.00973	0.00649	0.00487	0.00162	0.00811	0.00406	0.00324	0.00973
128	0.01103	0.00735	0.00827	0.00827	0.00827	0.00735	0.00460	0.01103	0.01103	0.01471	0.02390	0.04964	0.02758	0.73343	0.03861	0.00735	0.00735	0.01103	0.00460	0.00460
129	0.03403	0.01291	0.01760	0.01350	0.01936	0.01115	0.01115	0.03697	0.02171	0.69137	0.02992	0.02582	0.01878	0.00939	0.00763	0.00235	0.00645	0.00763	0.00939	0.01291
130	0.01053	0.00752	0.01028	0.01204	0.01304	0.00727	0.00928	0.01279	0.01579	0.02081	0.04109	0.45023	0.04735	0.02255	0.01003	0.00326	0.00552	0.28708	0.00702	0.00652
131	0.02990	0.01340	0.01711	0.01366	0.01907	0.01255	0.01111	0.03660	0.15558	0.52841	0.03201	0.02823	0.04649	0.00997	0.00770	0.00240	0.00626	0.00816	0.00895	0.01246
132	0.01066	0.00775	0.01003	0.00946	0.01128	0.00712	0.00709	0.01416	0.02128	0.02997	0.65478	0.05740	0.09918	0.01567	0.00895	0.00239	0.00359	0.01382	0.00829	0.00712
133	0.01493	0.00783	0.00791	0.00763	0.00962	0.00795	0.00579	0.05210	0.01696	0.02932	0.02439	0.02774	0.01909	0.00885	0.00542	0.00179	0.00379	0.00706	0.73444	0.00738
134	0.01441	0.01342	0.02231	0.66646	0.04966	0.01682	0.02042	0.01928	0.01505	0.01960	0.01367	0.02032	0.01038	0.00785	0.00821	0.00254	0.03825	0.00675	0.02624	0.00838
135	0.05167	0.01375	0.01444	0.01193	0.01583	0.01478	0.00959	0.29903	0.02461	0.05986	0.02151	0.02317	0.01612	0.00890	0.00636	0.00203	0.00583	0.00687	0.38385	0.00986
136	0.01873	0.52495	0.23927	0.01561	0.02354	0.02623	0.01757	0.02311	0.01560	0.01973	0.01148	0.01334	0.00970	0.00671	0.00558	0.00186	0.00906	0.00453	0.00323	0.01018
137	0.01965	0.01760	0.01703	0.01532	0.01952	0.08348	0.01187	0.03755	0.55288	0.04936	0.03167	0.02941	0.05989	0.01054	0.00770	0.00251	0.00663	0.00862	0.00736	0.01140
138	0.00934	0.00765	0.00823	0.00819	0.01050	0.00655	0.00610	0.01158	0.01803	0.02248	0.19979	0.09687	0.53107	0.01864	0.00899	0.00255	0.00381	0.01577	0.00731	0.00655
139	0.01887	0.01629	0.01715	0.01544	0.01972	0.01887	0.01201	0.04031	0.67241	0.03173	0.03087	0.02830	0.02315	0.01029	0.00772	0.00257	0.00600	0.00858	0.00772	0.01201
140	0.01782	0.39920	0.35703	0.01717	0.02595	0.02400	0.02027	0.02335	0.01570	0.02084	0.01203	0.01403	0.00967	0.00684	0.00600	0.00200	0.00961	0.00481	0.00322	0.01045
141	0.01729	0.02827	0.32506	0.02943	0.14790	0.01846	0.24912	0.04794	0.01764	0.02514	0.01451	0.01814	0.01082	0.00691	0.00789	0.00243	0.01128	0.00703	0.00369	0.01107
142	0.01647	0.04747	0.02340	0.01925	0.01955	0.02287	0.01607	0.01815	0.01189	0.01828	0.01120	0.04368	0.01149	0.01338	0.02344	0.00324	0.66132	0.00710	0.00346	0.00828
143	0.01103	0.00735	0.00827	0.00827	0.00827	0.00735	0.00460	0.01103	0.01103	0.01471	0.02390	0.04964	0.02758	0.73343	0.03861	0.00735	0.00735	0.01103	0.00460	0.00460
144	0.01854	0.01904	0.07705	0.07646	0.12715	0.01770	0.24732	0.15209	0.02062	0.02808	0.01942	0.12382	0.01733	0.00971	0.00835	0.00252	0.00979	0.00966	0.00499	0.01038
145	0.02735	0.04785	0.02295	0.04742	0.02428	0.05748	0.03821	0.40667	0.08435	0.13594	0.02004	0.01987	0.01416	0.00891	0.00751	0.00229	0.00839	0.00696	0.00717	0.01219
146	0.00924	0.00660	0.00880	0.01056	0.01100	0.00616	0.00704	0.01056	0.01452	0.01936	0.04181	0.72848	0.05017	0.02376	0.00968	0.00308	0.00440	0.02156	0.00704	0.00616
147	0.04573	0.03631	0.61225	0.02185	0.05823	0.01734	0.02636	0.02447	0.01619	0.05267	0.01421	0.01640	0.01004	0.00727	0.00714	0.00239	0.01071	0.00568	0.00354	0.01120
148	0.02063	0.09797	0.40767	0.02022	0.05388	0.01729	0.05150	0.02709	0.01751	0.18904	0.01747	0.01839	0.01208	0.00762	0.00718	0.00232	0.00972	0.00616	0.00479	0.01148
149	0.01482	0.01197	0.01701	0.01465	0.01628	0.01402	0.03730	0.01774	0.01760	0.07000	0.35593	0.03790	0.04218	0.01388	0.01492	0.00274	0.27620	0.01043	0.00633	0.00810
150	0.75211	0.01433	0.01096	0.00984	0.01441	0.01657	0.00808	0.02209	0.01304	0.03377	0.01120	0.01304	0.00872	0.00712	0.00472	0.00232	0.00576	0.00424	0.03950	0.00816
151	0.01089	0.00729	0.00832	0.00846	0.00849	0.00726	0.00479	0.01099	0.01131	0.01508	0.02533	0.10389	0.02938	0.67671	0.03629	0.00701	0.00712	0.01187	0.00479	0.00472
152	0.02047	0.68220	0.03838	0.01351	0.01965	0.05723	0.01318	0.02285	0.01552	0.01789	0.01057	0.01240	0.00974	0.00680	0.00570	0.00170	0.03511	0.00419	0.00327	0.00964
153	0.01452	0.01463	0.04997	0.66278	0.05033	0.01695	0.02104	0.02029	0.03784	0.01999	0.01409	0.02033	0.01054	0.00766	0.00757	0.00252	0.01001	0.00676	0.00351	0.00866
154	0.01540	0.06518	0.66983	0.02130	0.03233	0.01808	0.02747	0.02397	0.01599	0.02379	0.01350	0.01587	0.00961	0.00718	0.00712	0.00237	0.01109	0.00555	0.00320	0.01116
155	0.02028	0.73799	0.03975	0.01298	0.01947	0.03001	0.01298	0.02271	0.01541	0.01785	0.01055	0.01217	0.00973	0.00649	0.00487	0.00162	0.00811	0.00406	0.00324	0.00973
156	0.02890	0.01184	0.01557	0.01231	0.01750	0.01018	0.01005	0.03163	0.02080	0.55400	0.03953	0.03548	0.15479	0.01140	0.00790	0.00239	0.00592	0.00934	0.00891	0.01158
157	0.01318	0.00659	0.00988	0.00988	0.00988	0.00659	0.00659	0.00988	0.00988	0.01318	0.01318	0.02306	0.01318	0.02635	0.02964	0.77931	0.00659	0.00659	0.00329	0.00329
158	0.02028	0.73799	0.03975	0.01298	0.01947	0.03001	0.01298	0.02271	0.01541	0.01785	0.01055	0.01217	0.00973	0.00649	0.00487	0.00162	0.00811	0.00406	0.00324	0.00973
159	0.00896	0.00768	0.00768	0.00768	0.01025	0.00640	0.00576	0.01089	0.01729	0.02049	0.07684	0.07300	0.68304	0.01921	0.00896	0.00256	0.00384	0.01601	0.00704	0.00640
160	0.09534	0.01333	0.01725	0.01334	0.01912	0.01204	0.01102	0.05679	0.02146	0.61601	0.02795	0.02446	0.01772	0.00919	0.00739	0.00234	0.00647	0.00731	0.00894	0.01252
161	0.03382	0.01325	0.01781	0.01365	0.01953	0.01165	0.01128	0.06214	0.02227	0.66540	0.02945	0.02551	0.01854	0.00938	0.00763	0.00234	0.00653	0.00760	0.00932	0.01291
162	0.00905	0.00764	0.00783	0.00789	0.01032	0.00642	0.00588	0.01101	0.01733	0.02083	0.09939	0.10280	0.62921	0.01927	0.00900	0.00258	0.00386	0.01617	0.00710	0.00642
163	0.03117	0.01321	0.01730	0.01363	0.01915	0.01208	0.01114	0.03668	0.11148	0.57867	0.05145	0.02717	0.02111	0.00971	0.00768	0.00238	0.00630	0.00796	0.00912	0.01260
164	0.03403	0.01291	0.01760	0.01350	0.01936	0.01115	0.01115	0.03697	0.02171	0.69137	0.02992	0.02582	0.01878	0.00939	0.00763	0.00235	0.00645	0.00763	0.00939	0.01291
165	0.01103	0.00735	0.00827	0.00827	0.00827	0.00735	0.00460	0.01103	0.01103	0.01471	0.02390	0.04964	0.02758	0.73343	0.03861	0.00735	0.00735	0.01103	0.00460	0.00460
166	0.01103	0.00735	0.00827	0.00827	0.00827	0.00735	0.00460	0.01103	0.01103	0.01471	0.02390	0.04964	0.02758	0.73343	0.03861	0.00735	0.00735	0.01103	0.00460	0.00460
167	0.03375	0.01335	0.01788	0.01371	0.01959	0.01181	0.01132	0.07036	0.02246	0.65692	0.02930	0.02541	0.01846	0.00937	0.00763	0.00234	0.00656	0.00759	0.00929	0.01291
168	0.01176	0.00840	0.01170	0.01344	0.01499	0.00834	0.01143	0.01492	0.01701	0.02219	0.04041	0.18451	0.04466	0.02139	0.01035	0.00343	0.00659	0.54064	0.00699	0.00686
169	0.02883	0.02125	0.02276	0.01745	0.02352	0.02352	0.01442	0.66082	0.03566	0.04780	0.01821	0.01821	0.01290	0.00911	0.00759	0.00228	0.00835	0.00683	0.00759	0.01290
170	0.02833	0.03615	0.02149	0.01954	0.02345	0.70298	0.01466	0.03029	0.02149	0.01856	0.01172	0.01368	0.00977	0.00782	0.00684	0.00195	0.01368	0.00489	0.00391	0.00879
171	0.01432	0.01348	0.02275	0.71520	0.05224	0.01685	0.02107	0.01938	0.01517	0.01938	0.01348	0.02022	0.01011	0.00758	0.00758	0.00253	0.01011	0.00674	0.00337	0.00843
172	0.00969	0.00699	0.00927	0.01093	0.01169	0.00657	0.00777	0.01137	0.01512	0.01994	0.04343	0.59445	0.08304	0.02309	0.00977	0.00312	0.00477	0.11569	0.00703	0.00630
173	0.03403	0.01291	0.01760	0.01350	0.01936	0.01115	0.01115	0.03697	0.02171	0.69137	0.02992	0.02582	0.01878	0.00939	0.00763	0.00235	0.00645	0.00763	0.00939	0.01291
174	0.01704	0.01734	0.02317	0.01990	0.02005	0.04928	0.01652	0.01872	0.01199	0.01827	0.01002	0.01648	0.00995	0.01307	0.02420	0.00327	0.69250	0.00657	0.00334	0.00832
175	0.00956	0.00676	0.00878	0.01020	0.01063	0.00637	0.00670	0.01079	0.01433	0.01919	0.06703	0.60379	0.04791	0.12333	0.01372	0.00365	0.00478	0.01974	0.00675	0.00598
176	0.01887	0.01629	0.01715	0.01544	0.01972	0.01887	0.01201	0.04031	0.67241	0.03173	0.03087	0.02830	0.02315	0.01029	0.00772	0.00257	0.00600	0.00858	0.00772	0.01201
177	0.09783	0.66483	0.03685	0.01267	0.01898	0.02870	0.01250	0.02267	0.01516	0.01948	0.01055	0.01218	0.00958	0.00655	0.00485	0.00170	0.00788	0.00406	0.00339	0.00958
178	0.01211	0.00865	0.01209	0.01384	0.01554	0.00863	0.01203	0.01552	0.01735	0.02257	0.04022	0.10975	0.04390	0.02106	0.01045	0.00348	0.00689	0.61198	0.00699	0.00695
179	0.01523	0.01445	0.02420	0.55942	0.16291	0.01740	0.02122	0.02001	0.01535	0.02028	0.01343	0.01977	0.01044	0.00774	0.00850	0.00252	0.04789	0.00674	0.00344	0.00906
180	0.01573	0.01348	0.01573	0.01123	0.01798	0.01011	0.00899	0.01910	0.01573	0.02472	0.01348	0.01573	0.01123	0.00562	0.00562	0.00112	0.00562	0.00449	0.00449	0.77980
181	0.02833	0.03615	0.02149	0.01954	0.02345	0.70298	0.01466	0.03029	0.02149	0.01856	0.01172	0.01368	0.00977	0.00782	0.00684	0.00195	0.01368	0.00489	0.00391	0.00879
182	0.01568	0.01262	0.04528	0.01757	0.08869	0.01171	0.05666	0.02168	0.12487	0.09936	0.05559	0.31443	0.03276	0.01763	0.04583	0.00322	0.00709	0.01367	0.00657	0.00909
183	0.01541	0.06635	0.66874	0.02128	0.03231	0.01810	0.02744	0.02397	0.01599	0.02378	0.01349	0.01586	0.00961	0.00718	0.00712	0.00237	0.01109	0.00554	0.00320	0.01115
184	0.01103	0.00735	0.00827	0.00827	0.00827	0.00735	0.00460	0.01103	0.01103	0.01471	0.02390	0.04964	0.02758	0.73343	0.03861	0.00735	0.00735	0.01103	0.00460	0.00460
185	0.01088	0.00795	0.01131	0.01131	0.01236	0.00900	0.00838	0.01298	0.01193	0.01696	0.02112	0.03425	0.02090	0.20878	0.55413	0.01110	0.01741	0.00878	0.00418	0.00628
186	0.06070	0.03271	0.02091	0.01870	0.02286	0.57178	0.01420	0.08798	0.06005	0.02266	0.01337	0.01488	0.01076	0.00804	0.00687	0.00204	0.01241	0.00524	0.00450	0.00933
187	0.01172	0.00842	0.01161	0.01330	0.01491	0.00831	0.01132	0.01487	0.01708	0.02219	0.04175	0.16725	0.06853	0.02125	0.01032	0.00340	0.00654	0.53337	0.00699	0.00686
188	0.72575	0.01453	0.01167	0.01026	0.01505	0.01654	0.00845	0.02349	0.01362	0.08751	0.01214	0.01342	0.00907	0.00723	0.00493	0.00235	0.00592	0.00439	0.00508	0.00860
189	0.01432	0.01348	0.02275	0.71520	0.05224	0.01685	0.02107	0.01938	0.01517	0.01938	0.01348	0.02022	0.01011	0.00758	0.00758	0.00253	0.01011	0.00674	0.00337	0.00843
190	0.01100	0.00826	0.01035	0.01036	0.01234	0.00780	0.00809	0.01495	0.04788	0.02678	0.39659	0.08924	0.17339	0.01731	0.00922	0.00267	0.00442	0.13443	0.00777	0.00716
191	0.01573	0.01348	0.01573	0.01123	0.01798	0.01011	0.00899	0.01910	0.01573	0.02472	0.01348	0.01573	0.01123	0.00562	0.00562	0.00112	0.00562	0.00449	0.00449	0.77980
192	0.01449	0.01381	0.02377	0.68346	0.05166	0.01696	0.05068	0.01961	0.01529	0.01961	0.01357	0.02023	0.01018	0.00753	0.00765	0.00253	0.01024	0.00684	0.00339	0.00851
193	0.02059	0.52795	0.15468	0.01497	0.02216	0.05287	0.01572	0.04784	0.01678	0.04861	0.01225	0.01372	0.01021	0.00689	0.00558	0.00183	0.00882	0.00462	0.00369	0.01022
194	0.01867	0.01816	0.02906	0.11404	0.56884	0.04371	0.02228	0.02381	0.04301	0.02426	0.01474	0.01911	0.01217	0.00702	0.00750	0.00228	0.00918	0.00676	0.00388	0.01152
195	0.05580	0.08652	0.04881	0.12297	0.02658	0.12580	0.01494	0.20859	0.09240	0.11718	0.01816	0.01900	0.01323	0.00844	0.00711	0.00225	0.00894	0.00639	0.00594	0.01094
196	0.05248	0.05160	0.02784	0.03458	0.42891	0.04467	0.04666	0.06040	0.01824	0.05098	0.01461	0.01793	0.01185	0.00688	0.00708	0.00210	0.00864	0.00631	0.00430	0.10394
197	0.10769	0.22820	0.04808	0.01965	0.13240	0.10743	0.01445	0.05396	0.01832	0.14954	0.01553	0.01659	0.01185	0.00741	0.00629	0.00202	0.00843	0.00548	0.00497	0.04169
198	0.14479	0.01851	0.09317	0.06445	0.20110	0.01716	0.04069	0.09444	0.03897	0.02804	0.01661	0.05314	0.01436	0.00889	0.00809	0.00238	0.04622	0.03250	0.00472	0.07177

[dist]
# distance from previous block
# <min> <max>
0	8

# created by:
# /st0/software/busco_prod/Augustus/scripts/msa2prfl.pl ./align_prep/117824.fa
