[name]
unknown

[dist]
# distance from previous block
# <min> <max>
0	18

[block]
# block no. 0 follows, 26 sequences, length 37
# corresponding to MSA columns:
# 18-54
name=unknown_A
#
# <colnr> <probs for GDERKNQSTAVLIFYWHMCP>
#	G	D	E	R	K	N	Q	S	T	A	V	L	I	F	Y	W	H	M	C	P
0	0.01222	0.00873	0.01222	0.01397	0.01572	0.00873	0.01222	0.01572	0.01746	0.02270	0.04016	0.08556	0.04365	0.02095	0.01048	0.00349	0.00698	0.63506	0.00698	0.00698
1	0.03186	0.01373	0.01779	0.01393	0.01960	0.01271	0.01141	0.06664	0.10516	0.57726	0.02950	0.02578	0.01906	0.00949	0.00764	0.00237	0.00649	0.00771	0.00909	0.01279
2	0.02883	0.02125	0.02276	0.01745	0.02352	0.02352	0.01442	0.66082	0.03566	0.04780	0.01821	0.01821	0.01290	0.00911	0.00759	0.00228	0.00835	0.00683	0.00759	0.01290
3	0.01084	0.00813	0.01219	0.01219	0.01354	0.00948	0.00948	0.01354	0.01219	0.01761	0.02032	0.02980	0.01896	0.05689	0.70337	0.01219	0.02032	0.00813	0.00406	0.00677
4	0.01103	0.00735	0.00827	0.00827	0.00827	0.00735	0.00460	0.01103	0.01103	0.01471	0.02390	0.04964	0.02758	0.73343	0.03861	0.00735	0.00735	0.01103	0.00460	0.00460
5	0.02004	0.70461	0.07101	0.01339	0.02011	0.02942	0.01370	0.02278	0.01544	0.01814	0.01069	0.01235	0.00973	0.00652	0.00498	0.00166	0.00826	0.00413	0.00324	0.00980
6	0.01521	0.03923	0.69413	0.02162	0.03283	0.01762	0.02802	0.02402	0.01601	0.02402	0.01361	0.01601	0.00961	0.00721	0.00721	0.00240	0.01121	0.00560	0.00320	0.01121
7	0.01659	0.01659	0.02323	0.01991	0.01991	0.02323	0.01659	0.01825	0.01162	0.01825	0.00996	0.01659	0.00996	0.01328	0.02489	0.00332	0.71955	0.00664	0.00332	0.00830
8	0.02292	0.50747	0.03375	0.01513	0.02078	0.25105	0.01353	0.02520	0.01741	0.01808	0.01093	0.01266	0.00975	0.00693	0.00551	0.00173	0.00994	0.00433	0.00346	0.00943
9	0.01414	0.00707	0.00707	0.00707	0.00884	0.00707	0.00530	0.01767	0.01591	0.02828	0.02474	0.02828	0.01944	0.00884	0.00530	0.00177	0.00353	0.00707	0.77554	0.00707
10	0.01521	0.03923	0.69413	0.02162	0.03283	0.01762	0.02802	0.02402	0.01601	0.02402	0.01361	0.01601	0.00961	0.00721	0.00721	0.00240	0.01121	0.00560	0.00320	0.01121
11	0.01573	0.01348	0.01573	0.01123	0.01798	0.01011	0.00899	0.01910	0.01573	0.02472	0.01348	0.01573	0.01123	0.00562	0.00562	0.00112	0.00562	0.00449	0.00449	0.77980
12	0.01887	0.01629	0.01715	0.01544	0.01972	0.01887	0.01201	0.04031	0.67241	0.03173	0.03087	0.02830	0.02315	0.01029	0.00772	0.00257	0.00600	0.00858	0.00772	0.01201
13	0.02682	0.09123	0.02234	0.01848	0.02254	0.61785	0.01412	0.02881	0.02082	0.01859	0.01454	0.01621	0.03983	0.00822	0.00678	0.00195	0.01279	0.00532	0.00399	0.00876
14	0.01657	0.01346	0.01582	0.01134	0.01804	0.01016	0.00909	0.01992	0.01600	0.05552	0.01424	0.01619	0.01158	0.00579	0.00571	0.00118	0.00566	0.00464	0.00472	0.74436
15	0.01545	0.07152	0.66389	0.02122	0.03221	0.01819	0.02733	0.02396	0.01599	0.02374	0.01347	0.01584	0.00961	0.00717	0.00710	0.00237	0.01107	0.00553	0.00320	0.01114
16	0.04696	0.06858	0.63781	0.02077	0.03151	0.01813	0.02656	0.02389	0.01586	0.02416	0.01335	0.01570	0.00956	0.00717	0.00700	0.00237	0.01086	0.00548	0.00327	0.01102
17	0.01790	0.02046	0.04476	0.03197	0.03964	0.01918	0.65857	0.02430	0.01790	0.02430	0.01535	0.02046	0.01151	0.00639	0.00895	0.00256	0.01279	0.00895	0.00384	0.01023
18	0.01084	0.00813	0.01219	0.01219	0.01354	0.00948	0.00948	0.01354	0.01219	0.01761	0.02032	0.02980	0.01896	0.05689	0.70337	0.01219	0.02032	0.00813	0.00406	0.00677
19	0.01432	0.01348	0.02275	0.71520	0.05224	0.01685	0.02107	0.01938	0.01517	0.01938	0.01348	0.02022	0.01011	0.00758	0.00758	0.00253	0.01011	0.00674	0.00337	0.00843
20	0.01790	0.02046	0.04476	0.03197	0.03964	0.01918	0.65857	0.02430	0.01790	0.02430	0.01535	0.02046	0.01151	0.00639	0.00895	0.00256	0.01279	0.00895	0.00384	0.01023
21	0.02833	0.03615	0.02149	0.01954	0.02345	0.70298	0.01466	0.03029	0.02149	0.01856	0.01172	0.01368	0.00977	0.00782	0.00684	0.00195	0.01368	0.00489	0.00391	0.00879
22	0.03403	0.01291	0.01760	0.01350	0.01936	0.01115	0.01115	0.03697	0.02171	0.69137	0.02992	0.02582	0.01878	0.00939	0.00763	0.00235	0.00645	0.00763	0.00939	0.01291
23	0.00924	0.00660	0.00880	0.01056	0.01100	0.00616	0.00704	0.01056	0.01452	0.01936	0.04181	0.72848	0.05017	0.02376	0.00968	0.00308	0.00440	0.02156	0.00704	0.00616
24	0.00924	0.00660	0.00880	0.01056	0.01100	0.00616	0.00704	0.01056	0.01452	0.01936	0.04181	0.72848	0.05017	0.02376	0.00968	0.00308	0.00440	0.02156	0.00704	0.00616
25	0.01521	0.03923	0.69413	0.02162	0.03283	0.01762	0.02802	0.02402	0.01601	0.02402	0.01361	0.01601	0.00961	0.00721	0.00721	0.00240	0.01121	0.00560	0.00320	0.01121
26	0.00948	0.00677	0.00908	0.01084	0.01138	0.00637	0.00746	0.01098	0.01476	0.01963	0.04167	0.67686	0.04964	0.02354	0.00975	0.00311	0.00461	0.07082	0.00704	0.00623
27	0.03403	0.01291	0.01760	0.01350	0.01936	0.01115	0.01115	0.03697	0.02171	0.69137	0.02992	0.02582	0.01878	0.00939	0.00763	0.00235	0.00645	0.00763	0.00939	0.01291
28	0.01432	0.01348	0.02275	0.71520	0.05224	0.01685	0.02107	0.01938	0.01517	0.01938	0.01348	0.02022	0.01011	0.00758	0.00758	0.00253	0.01011	0.00674	0.00337	0.00843
29	0.02739	0.02019	0.02191	0.01703	0.02272	0.02240	0.01402	0.60886	0.03378	0.04538	0.01838	0.01914	0.01339	0.01294	0.06345	0.00307	0.00931	0.00693	0.00730	0.01241
30	0.00924	0.00660	0.00880	0.01056	0.01100	0.00616	0.00704	0.01056	0.01452	0.01936	0.04181	0.72848	0.05017	0.02376	0.00968	0.00308	0.00440	0.02156	0.00704	0.00616
31	0.01183	0.00860	0.01167	0.01321	0.01505	0.00845	0.01144	0.01513	0.01744	0.02243	0.04461	0.08404	0.12120	0.02074	0.01029	0.00338	0.00660	0.55998	0.00699	0.00691
32	0.01790	0.02046	0.04476	0.03197	0.03964	0.01918	0.65857	0.02430	0.01790	0.02430	0.01535	0.02046	0.01151	0.00639	0.00895	0.00256	0.01279	0.00895	0.00384	0.01023
33	0.78701	0.01467	0.01115	0.00997	0.01467	0.01702	0.00821	0.02230	0.01291	0.03403	0.01056	0.01232	0.00821	0.00704	0.00469	0.00235	0.00587	0.00411	0.00469	0.00821
34	0.00966	0.00691	0.00927	0.01093	0.01158	0.00651	0.00767	0.01134	0.01517	0.02023	0.06840	0.62293	0.05028	0.02308	0.00975	0.00310	0.00468	0.09514	0.00709	0.00630
35	0.02028	0.73799	0.03975	0.01298	0.01947	0.03001	0.01298	0.02271	0.01541	0.01785	0.01055	0.01217	0.00973	0.00649	0.00487	0.00162	0.00811	0.00406	0.00324	0.00973
36	0.00952	0.00707	0.00852	0.00935	0.01064	0.00634	0.00652	0.01081	0.01554	0.01982	0.08303	0.38787	0.29196	0.02183	0.01097	0.06517	0.00432	0.01785	0.00680	0.00607

[dist]
# distance from previous block
# <min> <max>
5	8

[block]
# block no. 1 follows, 26 sequences, length 108
# corresponding to MSA columns:
# 64-171
name=unknown_B
#
# <colnr> <probs for GDERKNQSTAVLIFYWHMCP>
#	G	D	E	R	K	N	Q	S	T	A	V	L	I	F	Y	W	H	M	C	P
0	0.01126	0.00807	0.01028	0.01113	0.01224	0.00788	0.00794	0.05947	0.01695	0.02278	0.11391	0.49135	0.04784	0.06726	0.01139	0.00326	0.00504	0.07811	0.00707	0.00675
1	0.02844	0.02105	0.02254	0.01737	0.02337	0.02334	0.01432	0.63658	0.06054	0.04718	0.01871	0.01860	0.01330	0.00915	0.00759	0.00229	0.00826	0.00690	0.00759	0.01286
2	0.01977	0.57052	0.16105	0.01482	0.02217	0.02736	0.01586	0.05590	0.01657	0.02055	0.01151	0.01320	0.00987	0.00676	0.00544	0.00180	0.00870	0.00449	0.00346	0.01017
3	0.01318	0.00659	0.00988	0.00988	0.00988	0.00659	0.00659	0.00988	0.00988	0.01318	0.01318	0.02306	0.01318	0.02635	0.02964	0.77931	0.00659	0.00659	0.00329	0.00329
4	0.02108	0.66819	0.03793	0.01363	0.01986	0.09694	0.01315	0.02347	0.01602	0.01792	0.01066	0.01232	0.00974	0.00662	0.00506	0.00166	0.00867	0.00414	0.00331	0.00964
5	0.01786	0.02034	0.04409	0.03159	0.03903	0.01931	0.63853	0.02411	0.01771	0.02411	0.01518	0.02034	0.01146	0.00661	0.00945	0.00258	0.03485	0.00888	0.00382	0.01017
6	0.01456	0.01393	0.02417	0.67109	0.05143	0.01700	0.06223	0.01970	0.01534	0.01970	0.01360	0.02024	0.01020	0.00751	0.00767	0.00253	0.01028	0.00688	0.00340	0.00854
7	0.00924	0.00660	0.00880	0.01056	0.01100	0.00616	0.00704	0.01056	0.01452	0.01936	0.04181	0.72848	0.05017	0.02376	0.00968	0.00308	0.00440	0.02156	0.00704	0.00616
8	0.01573	0.01348	0.01573	0.01123	0.01798	0.01011	0.00899	0.01910	0.01573	0.02472	0.01348	0.01573	0.01123	0.00562	0.00562	0.00112	0.00562	0.00449	0.00449	0.77980
9	0.01573	0.01348	0.01573	0.01123	0.01798	0.01011	0.00899	0.01910	0.01573	0.02472	0.01348	0.01573	0.01123	0.00562	0.00562	0.00112	0.00562	0.00449	0.00449	0.77980
10	0.01644	0.01346	0.01580	0.01132	0.01803	0.01015	0.00907	0.01979	0.01596	0.05061	0.01412	0.01612	0.01153	0.00576	0.00570	0.00117	0.00565	0.00462	0.00468	0.75001
11	0.03403	0.01291	0.01760	0.01350	0.01936	0.01115	0.01115	0.03697	0.02171	0.69137	0.02992	0.02582	0.01878	0.00939	0.00763	0.00235	0.00645	0.00763	0.00939	0.01291
12	0.03359	0.01361	0.01804	0.01383	0.01971	0.01219	0.01142	0.08949	0.02288	0.63719	0.02894	0.02518	0.01828	0.00936	0.00762	0.00234	0.00661	0.00756	0.00924	0.01291
13	0.01794	0.01717	0.02929	0.17140	0.56776	0.01780	0.02287	0.02255	0.01688	0.02377	0.01412	0.01904	0.01166	0.00691	0.00752	0.00230	0.00922	0.00676	0.00368	0.01134
14	0.02369	0.01527	0.01998	0.01631	0.02142	0.01584	0.07999	0.03656	0.35688	0.25750	0.05163	0.02761	0.02211	0.00975	0.00786	0.00249	0.00679	0.00847	0.00790	0.01196
15	0.02617	0.01117	0.01508	0.01216	0.01665	0.00980	0.00980	0.02932	0.02163	0.46819	0.25014	0.03623	0.03660	0.01145	0.00807	0.00236	0.00548	0.00968	0.00904	0.01097
16	0.01063	0.00775	0.01000	0.00944	0.01127	0.00711	0.00708	0.01412	0.02123	0.02985	0.64735	0.05760	0.10669	0.01572	0.00895	0.00240	0.00359	0.01385	0.00827	0.00711
17	0.01790	0.02046	0.04476	0.03197	0.03964	0.01918	0.65857	0.02430	0.01790	0.02430	0.01535	0.02046	0.01151	0.00639	0.00895	0.00256	0.01279	0.00895	0.00384	0.01023
18	0.02260	0.01951	0.01959	0.01735	0.04187	0.07919	0.01329	0.22056	0.40953	0.03508	0.02500	0.02379	0.01865	0.00962	0.00760	0.00242	0.00744	0.00769	0.00723	0.01199
19	0.00924	0.00660	0.00880	0.01056	0.01100	0.00616	0.00704	0.01056	0.01452	0.01936	0.04181	0.72848	0.05017	0.02376	0.00968	0.00308	0.00440	0.02156	0.00704	0.00616
20	0.01760	0.01556	0.01658	0.01345	0.01897	0.03829	0.01057	0.02918	0.31611	0.02771	0.02137	0.02140	0.01663	0.00783	0.00662	0.00181	0.00607	0.00637	0.00595	0.40193
21	0.01235	0.00873	0.01107	0.01067	0.01268	0.00848	0.00804	0.01747	0.08920	0.05442	0.46532	0.15189	0.06000	0.01617	0.00894	0.00256	0.00422	0.04199	0.00807	0.00774
22	0.01124	0.00845	0.01097	0.01020	0.01189	0.00842	0.00779	0.01458	0.02025	0.02884	0.57250	0.05322	0.09625	0.01528	0.01011	0.00245	0.06191	0.01302	0.03544	0.00721
23	0.01019	0.00819	0.01001	0.06614	0.01415	0.00759	0.00763	0.01311	0.01899	0.02485	0.34282	0.06138	0.35431	0.01660	0.00884	0.00248	0.00423	0.01423	0.00733	0.00691
24	0.00903	0.00769	0.00777	0.00775	0.01028	0.00643	0.00581	0.01100	0.01743	0.02083	0.09758	0.07244	0.66209	0.01908	0.00896	0.00256	0.00383	0.01593	0.00709	0.00643
25	0.02697	0.01965	0.02122	0.01677	0.02244	0.02175	0.01369	0.48663	0.17445	0.08359	0.02170	0.02089	0.01551	0.00938	0.00762	0.00235	0.00772	0.00726	0.00773	0.01270
26	0.01809	0.01265	0.01518	0.01132	0.01715	0.00992	0.00890	0.02104	0.01625	0.13149	0.01789	0.04172	0.01503	0.06952	0.00891	0.00192	0.00587	0.00608	0.00537	0.56569
27	0.01553	0.03703	0.61791	0.02283	0.03363	0.01780	0.10204	0.02405	0.01624	0.02405	0.01382	0.01654	0.00983	0.00711	0.00741	0.00242	0.01140	0.00600	0.00328	0.01109
28	0.01790	0.02046	0.04476	0.03197	0.03964	0.01918	0.65857	0.02430	0.01790	0.02430	0.01535	0.02046	0.01151	0.00639	0.00895	0.00256	0.01279	0.00895	0.00384	0.01023
29	0.03261	0.01259	0.01715	0.01325	0.01887	0.01090	0.01090	0.03558	0.02170	0.65099	0.06977	0.02770	0.02200	0.00976	0.00771	0.00235	0.00628	0.00800	0.00932	0.01256
30	0.05987	0.70065	0.03827	0.01282	0.01922	0.02934	0.01273	0.02269	0.01528	0.01868	0.01055	0.01218	0.00966	0.00652	0.00486	0.00166	0.00800	0.00406	0.00332	0.00966
31	0.01787	0.01710	0.02916	0.18190	0.55781	0.01779	0.02283	0.02249	0.01685	0.02369	0.01411	0.01907	0.01163	0.00693	0.00752	0.00231	0.00923	0.00675	0.00368	0.01129
32	0.75830	0.01460	0.01139	0.01011	0.01485	0.01679	0.00833	0.02286	0.01324	0.05910	0.01130	0.01284	0.00862	0.00713	0.00481	0.00235	0.00589	0.00424	0.00487	0.00839
33	0.00947	0.00678	0.00901	0.01040	0.01105	0.00632	0.00706	0.01115	0.01560	0.02108	0.14152	0.62386	0.05350	0.02248	0.00957	0.00297	0.00427	0.02034	0.00724	0.00632
34	0.01877	0.01802	0.03079	0.04656	0.68612	0.01802	0.02328	0.02328	0.01727	0.02478	0.01427	0.01877	0.01201	0.00676	0.00751	0.00225	0.00901	0.00676	0.00375	0.01201
35	0.01414	0.00707	0.00707	0.00707	0.00884	0.00707	0.00530	0.01767	0.01591	0.02828	0.02474	0.02828	0.01944	0.00884	0.00530	0.00177	0.00353	0.00707	0.77554	0.00707
36	0.01573	0.01348	0.01573	0.01123	0.01798	0.01011	0.00899	0.01910	0.01573	0.02472	0.01348	0.01573	0.01123	0.00562	0.00562	0.00112	0.00562	0.00449	0.00449	0.77980
37	0.01074	0.00775	0.01014	0.00954	0.01133	0.00716	0.00716	0.01431	0.02147	0.03042	0.68211	0.05666	0.07157	0.01551	0.00895	0.00239	0.00358	0.01372	0.00835	0.00716
38	0.01414	0.00707	0.00707	0.00707	0.00884	0.00707	0.00530	0.01767	0.01591	0.02828	0.02474	0.02828	0.01944	0.00884	0.00530	0.00177	0.00353	0.00707	0.77554	0.00707
39	0.00924	0.00660	0.00880	0.01056	0.01100	0.00616	0.00704	0.01056	0.01452	0.01936	0.04181	0.72848	0.05017	0.02376	0.00968	0.00308	0.00440	0.02156	0.00704	0.00616
40	0.00924	0.00660	0.00880	0.01056	0.01100	0.00616	0.00704	0.01056	0.01452	0.01936	0.04181	0.72848	0.05017	0.02376	0.00968	0.00308	0.00440	0.02156	0.00704	0.00616
41	0.01521	0.03923	0.69413	0.02162	0.03283	0.01762	0.02802	0.02402	0.01601	0.02402	0.01361	0.01601	0.00961	0.00721	0.00721	0.00240	0.01121	0.00560	0.00320	0.01121
42	0.01103	0.00735	0.00827	0.00827	0.00827	0.00735	0.00460	0.01103	0.01103	0.01471	0.02390	0.04964	0.02758	0.73343	0.03861	0.00735	0.00735	0.01103	0.00460	0.00460
43	0.01521	0.03923	0.69413	0.02162	0.03283	0.01762	0.02802	0.02402	0.01601	0.02402	0.01361	0.01601	0.00961	0.00721	0.00721	0.00240	0.01121	0.00560	0.00320	0.01121
44	0.01521	0.03923	0.69413	0.02162	0.03283	0.01762	0.02802	0.02402	0.01601	0.02402	0.01361	0.01601	0.00961	0.00721	0.00721	0.00240	0.01121	0.00560	0.00320	0.01121
45	0.01684	0.05583	0.18326	0.02742	0.03532	0.01845	0.44838	0.02324	0.01715	0.02361	0.01654	0.06706	0.01363	0.00775	0.00844	0.00252	0.01167	0.00886	0.00389	0.01015
46	0.01535	0.03827	0.66060	0.02215	0.03318	0.01770	0.06058	0.02404	0.01611	0.02404	0.01370	0.01624	0.00971	0.00716	0.00730	0.00241	0.01129	0.00578	0.00324	0.01116
47	0.01930	0.01621	0.01723	0.01535	0.01966	0.01852	0.01208	0.10208	0.55824	0.03264	0.03133	0.03116	0.04222	0.01091	0.00787	0.00258	0.00623	0.03703	0.00765	0.01171
48	0.01278	0.00822	0.01073	0.00984	0.01202	0.00749	0.00747	0.01625	0.02135	0.08987	0.60237	0.05443	0.08774	0.01508	0.00883	0.00239	0.00385	0.01324	0.00840	0.00765
49	0.01432	0.01348	0.02275	0.71520	0.05224	0.01685	0.02107	0.01938	0.01517	0.01938	0.01348	0.02022	0.01011	0.00758	0.00758	0.00253	0.01011	0.00674	0.00337	0.00843
50	0.01575	0.03604	0.59411	0.02538	0.13133	0.01768	0.02731	0.02391	0.01620	0.02414	0.01371	0.01643	0.00997	0.00714	0.00725	0.00238	0.01088	0.00578	0.00329	0.01133
51	0.01222	0.00873	0.01222	0.01397	0.01572	0.00873	0.01222	0.01572	0.01746	0.02270	0.04016	0.08556	0.04365	0.02095	0.01048	0.00349	0.00698	0.63506	0.00698	0.00698
52	0.01573	0.01348	0.01573	0.01123	0.01798	0.01011	0.00899	0.01910	0.01573	0.02472	0.01348	0.01573	0.01123	0.00562	0.00562	0.00112	0.00562	0.00449	0.00449	0.77980
53	0.01414	0.00707	0.00707	0.00707	0.00884	0.00707	0.00530	0.01767	0.01591	0.02828	0.02474	0.02828	0.01944	0.00884	0.00530	0.00177	0.00353	0.00707	0.77554	0.00707
54	0.01841	0.02001	0.08888	0.04347	0.58805	0.01806	0.06471	0.02341	0.01720	0.02468	0.01428	0.01864	0.01177	0.00677	0.00758	0.00229	0.00944	0.00680	0.00371	0.01183
55	0.01659	0.01659	0.02323	0.01991	0.01991	0.02323	0.01659	0.01825	0.01162	0.01825	0.00996	0.01659	0.00996	0.01328	0.02489	0.00332	0.71955	0.00664	0.00332	0.00830
56	0.00932	0.00664	0.00878	0.01046	0.01088	0.00621	0.00693	0.01058	0.01436	0.01915	0.04099	0.69769	0.04914	0.05595	0.01099	0.00327	0.00453	0.02109	0.00693	0.00609
57	0.01103	0.00735	0.00827	0.00827	0.00827	0.00735	0.00460	0.01103	0.01103	0.01471	0.02390	0.04964	0.02758	0.73343	0.03861	0.00735	0.00735	0.01103	0.00460	0.00460
58	0.01659	0.01659	0.02323	0.01991	0.01991	0.02323	0.01659	0.01825	0.01162	0.01825	0.00996	0.01659	0.00996	0.01328	0.02489	0.00332	0.71955	0.00664	0.00332	0.00830
59	0.02812	0.02089	0.02236	0.01731	0.02325	0.02319	0.01424	0.61617	0.08148	0.04665	0.01912	0.01894	0.01364	0.00919	0.00760	0.00230	0.00818	0.00695	0.00760	0.01284
60	0.69831	0.01544	0.01251	0.01085	0.01570	0.01778	0.00894	0.09700	0.01557	0.03564	0.01146	0.01301	0.00876	0.00728	0.00503	0.00234	0.00616	0.00443	0.00503	0.00876
61	0.01414	0.00707	0.00707	0.00707	0.00884	0.00707	0.00530	0.01767	0.01591	0.02828	0.02474	0.02828	0.01944	0.00884	0.00530	0.00177	0.00353	0.00707	0.77554	0.00707
62	0.00896	0.00768	0.00768	0.00768	0.01025	0.00640	0.00576	0.01089	0.01729	0.02049	0.07684	0.07300	0.68304	0.01921	0.00896	0.00256	0.00384	0.01601	0.00704	0.00640
63	0.00955	0.00682	0.00915	0.01091	0.01149	0.00642	0.00757	0.01109	0.01482	0.01971	0.04164	0.66245	0.04950	0.02347	0.00976	0.00312	0.00467	0.08457	0.00704	0.00625
64	0.01573	0.01348	0.01573	0.01123	0.01798	0.01011	0.00899	0.01910	0.01573	0.02472	0.01348	0.01573	0.01123	0.00562	0.00562	0.00112	0.00562	0.00449	0.00449	0.77980
65	0.01318	0.00659	0.00988	0.00988	0.00988	0.00659	0.00659	0.00988	0.00988	0.01318	0.01318	0.02306	0.01318	0.02635	0.02964	0.77931	0.00659	0.00659	0.00329	0.00329
66	0.00924	0.00660	0.00880	0.01056	0.01100	0.00616	0.00704	0.01056	0.01452	0.01936	0.04181	0.72848	0.05017	0.02376	0.00968	0.00308	0.00440	0.02156	0.00704	0.00616
67	0.66283	0.05312	0.01419	0.01217	0.04179	0.04118	0.00950	0.04698	0.01437	0.03284	0.01104	0.01284	0.00867	0.00711	0.00500	0.00229	0.00646	0.00434	0.00467	0.00864
68	0.01877	0.01802	0.03079	0.04656	0.68612	0.01802	0.02328	0.02328	0.01727	0.02478	0.01427	0.01877	0.01201	0.00676	0.00751	0.00225	0.00901	0.00676	0.00375	0.01201
69	0.01887	0.01629	0.01715	0.01544	0.01972	0.01887	0.01201	0.04031	0.67241	0.03173	0.03087	0.02830	0.02315	0.01029	0.00772	0.00257	0.00600	0.00858	0.00772	0.01201
70	0.02833	0.03615	0.02149	0.01954	0.02345	0.70298	0.01466	0.03029	0.02149	0.01856	0.01172	0.01368	0.00977	0.00782	0.00684	0.00195	0.01368	0.00489	0.00391	0.00879
71	0.02883	0.02125	0.02276	0.01745	0.02352	0.02352	0.01442	0.66082	0.03566	0.04780	0.01821	0.01821	0.01290	0.00911	0.00759	0.00228	0.00835	0.00683	0.00759	0.01290
72	0.01414	0.00707	0.00707	0.00707	0.00884	0.00707	0.00530	0.01767	0.01591	0.02828	0.02474	0.02828	0.01944	0.00884	0.00530	0.00177	0.00353	0.00707	0.77554	0.00707
73	0.01573	0.01348	0.01573	0.01123	0.01798	0.01011	0.00899	0.01910	0.01573	0.02472	0.01348	0.01573	0.01123	0.00562	0.00562	0.00112	0.00562	0.00449	0.00449	0.77980
74	0.00934	0.00668	0.00889	0.01050	0.01102	0.00623	0.00705	0.01080	0.01497	0.02008	0.08315	0.68510	0.05155	0.02323	0.00963	0.00304	0.00435	0.02106	0.00713	0.00623
75	0.01414	0.00707	0.00707	0.00707	0.00884	0.00707	0.00530	0.01767	0.01591	0.02828	0.02474	0.02828	0.01944	0.00884	0.00530	0.00177	0.00353	0.00707	0.77554	0.00707
76	0.01432	0.01348	0.02275	0.71520	0.05224	0.01685	0.02107	0.01938	0.01517	0.01938	0.01348	0.02022	0.01011	0.00758	0.00758	0.00253	0.01011	0.00674	0.00337	0.00843
77	0.01052	0.00814	0.01083	0.01164	0.01197	0.00878	0.00813	0.01173	0.01368	0.01864	0.03504	0.54364	0.04162	0.10761	0.01537	0.00363	0.10841	0.01813	0.00621	0.00628
78	0.01521	0.03923	0.69413	0.02162	0.03283	0.01762	0.02802	0.02402	0.01601	0.02402	0.01361	0.01601	0.00961	0.00721	0.00721	0.00240	0.01121	0.00560	0.00320	0.01121
79	0.00924	0.00660	0.00880	0.01056	0.01100	0.00616	0.00704	0.01056	0.01452	0.01936	0.04181	0.72848	0.05017	0.02376	0.00968	0.00308	0.00440	0.02156	0.00704	0.00616
80	0.01573	0.01348	0.01573	0.01123	0.01798	0.01011	0.00899	0.01910	0.01573	0.02472	0.01348	0.01573	0.01123	0.00562	0.00562	0.00112	0.00562	0.00449	0.00449	0.77980
81	0.01887	0.01629	0.01715	0.01544	0.01972	0.01887	0.01201	0.04031	0.67241	0.03173	0.03087	0.02830	0.02315	0.01029	0.00772	0.00257	0.00600	0.00858	0.00772	0.01201
82	0.02028	0.73799	0.03975	0.01298	0.01947	0.03001	0.01298	0.02271	0.01541	0.01785	0.01055	0.01217	0.00973	0.00649	0.00487	0.00162	0.00811	0.00406	0.00324	0.00973
83	0.02765	0.09540	0.02304	0.01899	0.02311	0.64616	0.01451	0.02965	0.02098	0.01850	0.01162	0.01355	0.00977	0.00770	0.00667	0.00193	0.01321	0.00482	0.00385	0.00887
84	0.01892	0.01474	0.02060	0.01488	0.02162	0.01210	0.10741	0.04538	0.01756	0.11269	0.01608	0.01785	0.01232	0.00635	0.00645	0.00154	0.00691	0.00566	0.00515	0.53576
85	0.01716	0.30816	0.44229	0.01829	0.02769	0.02239	0.02223	0.02352	0.01578	0.02164	0.01243	0.01453	0.00966	0.00693	0.00631	0.00210	0.01002	0.00501	0.00322	0.01064
86	0.01084	0.00813	0.01219	0.01219	0.01354	0.00948	0.00948	0.01354	0.01219	0.01761	0.02032	0.02980	0.01896	0.05689	0.70337	0.01219	0.02032	0.00813	0.00406	0.00677
87	0.01521	0.03923	0.69413	0.02162	0.03283	0.01762	0.02802	0.02402	0.01601	0.02402	0.01361	0.01601	0.00961	0.00721	0.00721	0.00240	0.01121	0.00560	0.00320	0.01121
88	0.01576	0.08028	0.59729	0.02200	0.03261	0.01851	0.08232	0.02397	0.01614	0.02367	0.01358	0.01617	0.00978	0.00709	0.00722	0.00237	0.01116	0.00580	0.00326	0.01103
89	0.01103	0.00735	0.00827	0.00827	0.00827	0.00735	0.00460	0.01103	0.01103	0.01471	0.02390	0.04964	0.02758	0.73343	0.03861	0.00735	0.00735	0.01103	0.00460	0.00460
90	0.01810	0.01734	0.02958	0.14738	0.59054	0.01785	0.02294	0.02269	0.01695	0.02397	0.01415	0.01899	0.01173	0.00688	0.00752	0.00229	0.00918	0.00676	0.00370	0.01147
91	0.01877	0.01802	0.03079	0.04656	0.68612	0.01802	0.02328	0.02328	0.01727	0.02478	0.01427	0.01877	0.01201	0.00676	0.00751	0.00225	0.00901	0.00676	0.00375	0.01201
92	0.01995	0.69288	0.08200	0.01354	0.02033	0.02921	0.01395	0.02280	0.01545	0.01824	0.01074	0.01242	0.00973	0.00654	0.00502	0.00167	0.00831	0.00416	0.00324	0.00983
93	0.01877	0.01802	0.03079	0.04656	0.68612	0.01802	0.02328	0.02328	0.01727	0.02478	0.01427	0.01877	0.01201	0.00676	0.00751	0.00225	0.00901	0.00676	0.00375	0.01201
94	0.01599	0.07941	0.53543	0.01920	0.02871	0.01684	0.02370	0.02346	0.01692	0.05912	0.09350	0.02109	0.01744	0.00826	0.00728	0.00235	0.00986	0.00657	0.00414	0.01072
95	0.06210	0.01364	0.02132	0.59535	0.04615	0.01669	0.01917	0.05594	0.01617	0.02191	0.01505	0.05650	0.01224	0.00848	0.00752	0.00253	0.00945	0.00736	0.00388	0.00855
96	0.01380	0.01421	0.06224	0.52916	0.04379	0.01528	0.03920	0.01861	0.01538	0.02003	0.01837	0.10175	0.01668	0.01016	0.00802	0.00264	0.00943	0.04893	0.00401	0.00831
97	0.01648	0.01678	0.06669	0.23009	0.39300	0.01639	0.02114	0.02079	0.01603	0.02226	0.01538	0.05621	0.01338	0.00903	0.00890	0.04702	0.00908	0.00744	0.00376	0.01015
98	0.01680	0.01816	0.03850	0.02800	0.03449	0.01707	0.54719	0.02239	0.01722	0.02372	0.01795	0.06568	0.01516	0.04545	0.01033	0.00279	0.01146	0.00972	0.04840	0.00951
99	0.06274	0.01336	0.02052	0.54378	0.04339	0.01612	0.01835	0.05292	0.01642	0.04169	0.01586	0.02319	0.01243	0.00835	0.00741	0.00250	0.00914	0.03485	0.04836	0.00863
100	0.01493	0.03280	0.53482	0.02160	0.07174	0.01635	0.02440	0.02323	0.05009	0.02392	0.01789	0.10128	0.01528	0.00930	0.00755	0.00248	0.00999	0.00773	0.00393	0.01070
101	0.01642	0.01650	0.02481	0.02061	0.02148	0.02186	0.08855	0.01852	0.01229	0.01873	0.01137	0.01893	0.01114	0.05386	0.02388	0.00346	0.59867	0.00715	0.00345	0.00830
102	0.01354	0.01237	0.02045	0.59493	0.04522	0.01509	0.01868	0.01809	0.01546	0.02001	0.05509	0.10246	0.01817	0.00987	0.00790	0.00258	0.00909	0.00882	0.00407	0.00810
103	0.05692	0.00724	0.00920	0.01055	0.01138	0.00705	0.00725	0.01165	0.01470	0.02080	0.07556	0.60976	0.04721	0.02399	0.04545	0.00347	0.00527	0.01935	0.00682	0.00638
104	0.01515	0.07950	0.53589	0.01956	0.02865	0.01763	0.02392	0.02233	0.01570	0.02307	0.04859	0.01985	0.01390	0.04968	0.01003	0.00269	0.05366	0.00630	0.00356	0.01035
105	0.06082	0.44960	0.03280	0.01526	0.02088	0.12838	0.05232	0.06001	0.01771	0.02157	0.04640	0.01571	0.01318	0.00754	0.00639	0.00190	0.03079	0.00522	0.00397	0.00955
106	0.01083	0.00883	0.01001	0.01109	0.01214	0.04899	0.00761	0.01243	0.01541	0.02023	0.07527	0.60911	0.04690	0.02137	0.00925	0.00287	0.00498	0.01920	0.00679	0.04666
107	0.01728	0.01773	0.02380	0.01999	0.02103	0.06126	0.04944	0.01931	0.01276	0.01898	0.01055	0.01658	0.01011	0.01214	0.02185	0.00307	0.59859	0.00653	0.00345	0.05556

[dist]
# distance from previous block
# <min> <max>
5	53

# created by:
# /st0/software/busco_prod/Augustus/scripts/msa2prfl.pl ./align_prep/117931.fa
