[name]
unknown

[dist]
# distance from previous block
# <min> <max>
0	18

[block]
# block no. 0 follows, 24 sequences, length 49
# corresponding to MSA columns:
# 19-67
name=unknown_A
#
# <colnr> <probs for GDERKNQSTAVLIFYWHMCP>
#	G	D	E	R	K	N	Q	S	T	A	V	L	I	F	Y	W	H	M	C	P
0	0.01325	0.04906	0.01438	0.01455	0.01665	0.01037	0.01282	0.01684	0.01814	0.02345	0.04026	0.08517	0.04366	0.02106	0.01063	0.00354	0.00737	0.58426	0.00708	0.00746
1	0.06589	0.53611	0.09430	0.01424	0.02097	0.02720	0.01435	0.04616	0.01692	0.04009	0.01400	0.05291	0.01281	0.00808	0.00576	0.00195	0.00838	0.00562	0.00405	0.01023
2	0.01026	0.00781	0.00951	0.01062	0.01188	0.00733	0.00737	0.01312	0.05442	0.02173	0.07547	0.50334	0.19276	0.02258	0.00980	0.00304	0.00453	0.02009	0.00746	0.00690
3	0.11704	0.06930	0.02055	0.01640	0.02112	0.15587	0.01307	0.10218	0.28372	0.03069	0.02102	0.02107	0.01621	0.00937	0.00800	0.00241	0.03977	0.00683	0.00621	0.03919
4	0.01692	0.09656	0.51869	0.02300	0.05622	0.01974	0.06320	0.02613	0.06006	0.02515	0.01530	0.01764	0.01122	0.00762	0.00748	0.00246	0.01109	0.00618	0.00373	0.01161
5	0.01793	0.02014	0.04354	0.03149	0.03885	0.01888	0.58804	0.02416	0.01841	0.02495	0.01844	0.08151	0.01553	0.00826	0.00942	0.00272	0.01261	0.01050	0.00430	0.01033
6	0.00937	0.00803	0.00803	0.00803	0.01071	0.00669	0.00602	0.01138	0.01807	0.02142	0.08033	0.07632	0.66863	0.02008	0.00937	0.00268	0.00402	0.01674	0.00736	0.00669
7	0.02706	0.02427	0.02151	0.02020	0.08133	0.24466	0.01457	0.17090	0.11067	0.12503	0.02392	0.02379	0.05713	0.00974	0.00778	0.00234	0.00975	0.00744	0.00653	0.01139
8	0.19294	0.06936	0.07862	0.02566	0.03299	0.04356	0.39349	0.02501	0.01735	0.02705	0.01431	0.01831	0.01093	0.00695	0.00785	0.00252	0.01131	0.00748	0.00413	0.01019
9	0.00966	0.00690	0.00920	0.01104	0.01150	0.00644	0.00736	0.01104	0.01518	0.02024	0.04371	0.71614	0.05245	0.02484	0.01012	0.00322	0.00460	0.02254	0.00736	0.00644
10	0.01590	0.04102	0.68023	0.02260	0.03432	0.01842	0.02930	0.02511	0.01674	0.02511	0.01423	0.01674	0.01005	0.00753	0.00753	0.00251	0.01172	0.00586	0.00335	0.01172
11	0.03176	0.01851	0.02080	0.01628	0.02228	0.04816	0.01332	0.29145	0.08034	0.33401	0.02541	0.02332	0.01702	0.00969	0.00793	0.00242	0.00787	0.00758	0.00863	0.01322
12	0.02120	0.72609	0.04155	0.01357	0.02035	0.03138	0.01357	0.02374	0.01611	0.01866	0.01102	0.01272	0.01018	0.00678	0.00509	0.00170	0.00848	0.00424	0.00339	0.01018
13	0.00974	0.00694	0.00918	0.01094	0.01138	0.00650	0.00725	0.01106	0.01502	0.02003	0.04288	0.68671	0.05140	0.05571	0.01146	0.00342	0.00474	0.02206	0.00725	0.00637
14	0.01768	0.01800	0.03380	0.07537	0.18052	0.01786	0.30570	0.02505	0.09286	0.02577	0.03931	0.09185	0.01932	0.00941	0.00884	0.00265	0.01030	0.01009	0.00490	0.01070
15	0.01590	0.04102	0.68023	0.02260	0.03432	0.01842	0.02930	0.02511	0.01674	0.02511	0.01423	0.01674	0.01005	0.00753	0.00753	0.00251	0.01172	0.00586	0.00335	0.01172
16	0.01009	0.00757	0.00936	0.00996	0.01142	0.00684	0.00707	0.01238	0.01822	0.02423	0.25239	0.34846	0.21126	0.02091	0.00969	0.00285	0.00418	0.01849	0.00780	0.00684
17	0.27170	0.01615	0.01850	0.04501	0.13365	0.01773	0.01344	0.07971	0.16478	0.08272	0.02113	0.06721	0.01716	0.00966	0.00710	0.00254	0.00706	0.00770	0.00621	0.01084
18	0.02593	0.02041	0.02266	0.16135	0.02990	0.05905	0.01593	0.43923	0.03062	0.04071	0.01807	0.01990	0.01313	0.00909	0.00773	0.00238	0.00910	0.00702	0.05592	0.01187
19	0.01004	0.00717	0.00928	0.01056	0.01123	0.00671	0.00707	0.01159	0.01581	0.02123	0.12072	0.54425	0.07433	0.09470	0.01309	0.00357	0.00479	0.02020	0.00727	0.00641
20	0.01041	0.00798	0.01105	0.01199	0.01307	0.00754	0.03431	0.01287	0.04029	0.02104	0.04447	0.61884	0.08962	0.02323	0.00996	0.00314	0.00500	0.02109	0.00725	0.00687
21	0.07816	0.08512	0.58282	0.02100	0.03184	0.01924	0.02655	0.02487	0.01644	0.02553	0.01376	0.01616	0.00994	0.00747	0.00716	0.00245	0.01105	0.00562	0.00348	0.01136
22	0.01842	0.01674	0.02654	0.03783	0.47206	0.01687	0.01999	0.06437	0.04138	0.02684	0.02374	0.09878	0.05757	0.01056	0.00831	0.00253	0.00836	0.03264	0.00503	0.01143
23	0.02740	0.01501	0.01721	0.01370	0.01866	0.01531	0.01115	0.26280	0.02644	0.24898	0.02505	0.02473	0.01750	0.00953	0.00724	0.00225	0.00660	0.00749	0.23125	0.01170
24	0.01623	0.03890	0.61752	0.02278	0.03396	0.01856	0.05692	0.02598	0.04908	0.02553	0.01522	0.01760	0.01085	0.00766	0.00765	0.00253	0.01152	0.00618	0.00362	0.01171
25	0.01656	0.01494	0.02379	0.63076	0.05148	0.01835	0.02130	0.08561	0.01810	0.02337	0.01461	0.02092	0.01088	0.00809	0.00793	0.00262	0.01038	0.00706	0.00398	0.00930
26	0.02010	0.01977	0.03345	0.07458	0.42973	0.03743	0.15024	0.06225	0.04430	0.02706	0.01596	0.02028	0.01280	0.00735	0.00816	0.00244	0.01026	0.00756	0.00433	0.01195
27	0.01498	0.01409	0.02378	0.70226	0.05462	0.01762	0.02202	0.02026	0.01586	0.02026	0.01409	0.02114	0.01057	0.00793	0.00793	0.00264	0.01057	0.00705	0.00352	0.00881
28	0.04721	0.00848	0.01059	0.01010	0.01215	0.00794	0.00756	0.01546	0.02109	0.04910	0.52458	0.11933	0.10342	0.01666	0.00918	0.00257	0.00404	0.01461	0.00837	0.00756
29	0.01778	0.01936	0.04006	0.20894	0.07612	0.01936	0.45012	0.02401	0.01794	0.02408	0.01548	0.02124	0.01168	0.00703	0.00891	0.00265	0.01244	0.00864	0.00388	0.01029
30	0.02012	0.46705	0.23850	0.01683	0.02497	0.07172	0.01857	0.02470	0.01674	0.02071	0.01210	0.01408	0.01014	0.00711	0.00599	0.00197	0.00988	0.00480	0.00343	0.01059
31	0.01048	0.00762	0.00987	0.01026	0.01163	0.00702	0.00733	0.01317	0.01927	0.02651	0.38027	0.31998	0.10728	0.01989	0.00966	0.00279	0.00410	0.01775	0.00809	0.00702
32	0.00964	0.00698	0.00912	0.01084	0.01145	0.00646	0.00727	0.01106	0.01538	0.02032	0.04618	0.67300	0.09399	0.02452	0.01007	0.00318	0.00456	0.02215	0.00736	0.00646
33	0.02190	0.01840	0.02724	0.04650	0.24209	0.01911	0.09949	0.14791	0.14724	0.07376	0.02394	0.02537	0.05190	0.00914	0.00820	0.00250	0.00874	0.00835	0.00608	0.01213
34	0.01876	0.02026	0.06457	0.02976	0.03708	0.01820	0.52288	0.02482	0.01855	0.06377	0.01951	0.08737	0.01624	0.00862	0.00928	0.00271	0.01208	0.01040	0.00465	0.01050
35	0.05122	0.03983	0.64922	0.02204	0.03344	0.01839	0.02834	0.02503	0.01659	0.02560	0.01408	0.01656	0.00998	0.00753	0.00741	0.00251	0.01146	0.00579	0.00342	0.01157
36	0.01833	0.02050	0.04359	0.03350	0.09530	0.01929	0.55713	0.02461	0.01863	0.02525	0.01913	0.02396	0.04461	0.00738	0.00923	0.00265	0.01256	0.00952	0.00417	0.01066
37	0.01995	0.01891	0.03379	0.06487	0.52441	0.01873	0.12526	0.02494	0.01828	0.05077	0.01571	0.02025	0.01269	0.00714	0.00810	0.00242	0.01000	0.00748	0.00415	0.01218
38	0.01963	0.01884	0.03219	0.04867	0.67185	0.01884	0.02434	0.02434	0.01806	0.02591	0.01492	0.01963	0.01256	0.00707	0.00785	0.00236	0.00942	0.00707	0.00393	0.01256
39	0.01019	0.00800	0.00922	0.00906	0.01125	0.00702	0.00674	0.01292	0.01980	0.02585	0.33298	0.10705	0.37426	0.01869	0.00941	0.00263	0.00393	0.01604	0.00796	0.00702
40	0.01599	0.03843	0.61295	0.06768	0.05994	0.01838	0.02864	0.02477	0.01673	0.02483	0.01425	0.01714	0.01018	0.00754	0.00757	0.00251	0.01156	0.00598	0.00338	0.01156
41	0.01911	0.01991	0.07300	0.08431	0.56093	0.01879	0.02393	0.02504	0.05002	0.02588	0.01570	0.02003	0.01287	0.00733	0.00785	0.00240	0.00948	0.00708	0.00407	0.01228
42	0.01617	0.07496	0.64858	0.02215	0.03363	0.01906	0.02852	0.02505	0.01671	0.02479	0.01407	0.01654	0.01005	0.00750	0.00741	0.00247	0.01156	0.00578	0.00335	0.01164
43	0.00958	0.00721	0.00889	0.01023	0.01129	0.00651	0.00700	0.01113	0.01596	0.02056	0.05358	0.54369	0.21852	0.02356	0.00992	0.00307	0.00444	0.02098	0.00736	0.00651
44	0.03014	0.01728	0.04481	0.01770	0.06058	0.01643	0.01394	0.16806	0.12905	0.37451	0.02721	0.02489	0.01828	0.00966	0.00796	0.00247	0.00744	0.00782	0.00854	0.01322
45	0.10799	0.01525	0.02413	0.01872	0.02394	0.01492	0.19761	0.04360	0.07878	0.17964	0.10758	0.06402	0.02574	0.04991	0.01013	0.00287	0.00820	0.00980	0.00677	0.01039
46	0.01963	0.01884	0.03219	0.04867	0.67185	0.01884	0.02434	0.02434	0.01806	0.02591	0.01492	0.01963	0.01256	0.00707	0.00785	0.00236	0.00942	0.00707	0.00393	0.01256
47	0.01595	0.01533	0.02753	0.49952	0.10952	0.01758	0.11918	0.02096	0.01624	0.02128	0.01446	0.02118	0.01115	0.00864	0.00931	0.04120	0.01072	0.00740	0.00363	0.00920
48	0.01861	0.02010	0.04149	0.03021	0.03720	0.01938	0.52954	0.06093	0.01928	0.02620	0.01825	0.07757	0.01534	0.00861	0.00999	0.00273	0.03944	0.01020	0.00450	0.01044

[dist]
# distance from previous block
# <min> <max>
8	14

[block]
# block no. 1 follows, 24 sequences, length 36
# corresponding to MSA columns:
# 82,83,98-131
name=unknown_B
#
# <colnr> <probs for GDERKNQSTAVLIFYWHMCP>
#	G	D	E	R	K	N	Q	S	T	A	V	L	I	F	Y	W	H	M	C	P
0	0.06645	0.16504	0.04761	0.01435	0.02066	0.01791	0.01262	0.06340	0.09918	0.30755	0.02320	0.02179	0.01621	0.00869	0.00700	0.00220	0.00722	0.00669	0.00717	0.08508
1	0.02883	0.01577	0.01887	0.01509	0.02073	0.01579	0.01223	0.14826	0.18191	0.34861	0.05408	0.02700	0.02150	0.01007	0.00795	0.00244	0.00683	0.00818	0.00877	0.04710
2	0.06134	0.01921	0.02081	0.01672	0.02243	0.02111	0.01358	0.35921	0.21522	0.12949	0.02420	0.02292	0.01723	0.00982	0.00784	0.00248	0.00763	0.00766	0.00809	0.01299
3	0.01964	0.01691	0.02385	0.05432	0.33029	0.05113	0.01757	0.08177	0.04978	0.06211	0.14672	0.06292	0.02760	0.01038	0.00825	0.00244	0.00801	0.00931	0.00590	0.01108
4	0.02689	0.01591	0.02486	0.03086	0.33861	0.01502	0.01771	0.03079	0.02042	0.33531	0.04639	0.02456	0.01818	0.00870	0.00796	0.00241	0.00795	0.00776	0.00690	0.01282
5	0.28570	0.01485	0.01631	0.01413	0.04100	0.01514	0.01098	0.05359	0.08847	0.28058	0.04627	0.02249	0.01749	0.00899	0.00686	0.00240	0.00649	0.00681	0.00734	0.05412
6	0.01133	0.00850	0.01274	0.01274	0.01416	0.00991	0.00991	0.01416	0.01274	0.01841	0.02124	0.03115	0.01982	0.05947	0.68989	0.01274	0.02124	0.00850	0.00425	0.00708
7	0.01933	0.01658	0.01764	0.01605	0.02038	0.01912	0.01256	0.04067	0.62114	0.03263	0.03283	0.03299	0.02543	0.01139	0.00823	0.00274	0.00633	0.04365	0.00803	0.01225
8	0.01170	0.00861	0.01101	0.01032	0.01234	0.00817	0.00777	0.01650	0.05828	0.03188	0.63182	0.05756	0.07197	0.01590	0.00928	0.00251	0.00388	0.01404	0.00869	0.00777
9	0.02013	0.01979	0.03170	0.04726	0.63937	0.05249	0.02388	0.02470	0.01828	0.02558	0.01478	0.01936	0.01244	0.00712	0.00782	0.00234	0.00967	0.00697	0.00393	0.01239
10	0.00937	0.00803	0.00803	0.00803	0.01071	0.00669	0.00602	0.01138	0.01807	0.02142	0.08033	0.07632	0.66863	0.02008	0.00937	0.00268	0.00402	0.01674	0.00736	0.00669
11	0.02456	0.02719	0.02015	0.01824	0.02252	0.34727	0.01391	0.03702	0.34695	0.02644	0.02249	0.02211	0.01736	0.00949	0.00762	0.00237	0.01020	0.00708	0.00612	0.01091
12	0.02972	0.03473	0.02273	0.02000	0.02453	0.55890	0.01527	0.15220	0.02538	0.02541	0.01359	0.01523	0.01086	0.00844	0.00730	0.00211	0.01321	0.00551	0.00484	0.01004
13	0.01133	0.00850	0.01274	0.01274	0.01416	0.00991	0.00991	0.01416	0.01274	0.01841	0.02124	0.03115	0.01982	0.05947	0.68989	0.01274	0.02124	0.00850	0.00425	0.00708
14	0.39833	0.01440	0.01510	0.01231	0.01784	0.01465	0.01016	0.03115	0.01820	0.36349	0.02138	0.02009	0.01423	0.00861	0.00647	0.00245	0.00645	0.00617	0.00741	0.01110
15	0.01377	0.00689	0.01033	0.01033	0.01033	0.00689	0.00689	0.01033	0.01033	0.01377	0.01377	0.02410	0.01377	0.02755	0.03099	0.76928	0.00689	0.00689	0.00344	0.00344
16	0.02120	0.72609	0.04155	0.01357	0.02035	0.03138	0.01357	0.02374	0.01611	0.01866	0.01102	0.01272	0.01018	0.00678	0.00509	0.00170	0.00848	0.00424	0.00339	0.01018
17	0.01872	0.02139	0.04679	0.03342	0.04144	0.02005	0.64305	0.02540	0.01872	0.02540	0.01604	0.02139	0.01203	0.00668	0.00936	0.00267	0.01337	0.00936	0.00401	0.01070
18	0.03014	0.02221	0.02380	0.01825	0.02459	0.02459	0.01507	0.64541	0.03728	0.04998	0.01904	0.01904	0.01349	0.00952	0.00793	0.00238	0.00873	0.00714	0.00793	0.01349
19	0.01890	0.42824	0.31922	0.01750	0.02643	0.02574	0.02041	0.02434	0.01639	0.02146	0.01242	0.01447	0.01012	0.00711	0.00615	0.00205	0.00989	0.00494	0.00337	0.01085
20	0.02060	0.02068	0.03124	0.04593	0.60891	0.08404	0.02346	0.02505	0.01849	0.02527	0.01466	0.01911	0.01233	0.00717	0.00778	0.00232	0.00990	0.00688	0.00394	0.01223
21	0.01153	0.00769	0.00865	0.00865	0.00865	0.00769	0.00480	0.01153	0.01153	0.01538	0.02499	0.05189	0.02883	0.72131	0.04036	0.00769	0.00769	0.01153	0.00480	0.00480
22	0.01113	0.00810	0.01047	0.00988	0.01179	0.00744	0.00741	0.01478	0.02222	0.03127	0.63766	0.06011	0.10516	0.01641	0.00935	0.00250	0.00376	0.01446	0.00866	0.00744
23	0.01963	0.01884	0.03219	0.04867	0.67185	0.01884	0.02434	0.02434	0.01806	0.02591	0.01492	0.01963	0.01256	0.00707	0.00785	0.00236	0.00942	0.00707	0.00393	0.01256
24	0.00948	0.00804	0.00818	0.00814	0.01078	0.00674	0.00611	0.01158	0.01832	0.02201	0.11376	0.07534	0.63484	0.01986	0.00937	0.00267	0.00400	0.01660	0.00744	0.00674
25	0.01133	0.00850	0.01274	0.01274	0.01416	0.00991	0.00991	0.01416	0.01274	0.01841	0.02124	0.03115	0.01982	0.05947	0.68989	0.01274	0.02124	0.00850	0.00425	0.00708
26	0.00952	0.00745	0.00863	0.00957	0.01111	0.00656	0.00671	0.01121	0.01660	0.02082	0.06162	0.40323	0.35379	0.02252	0.00975	0.00296	0.00432	0.01970	0.00736	0.00656
27	0.02182	0.08708	0.02064	0.01612	0.02091	0.07859	0.01283	0.03921	0.49638	0.07514	0.02841	0.02645	0.02132	0.01008	0.00769	0.00252	0.00722	0.00810	0.00739	0.01210
28	0.00983	0.00702	0.00940	0.01124	0.01177	0.00659	0.00766	0.01134	0.01535	0.02043	0.04361	0.68192	0.05208	0.02468	0.01017	0.00324	0.00475	0.05508	0.00736	0.00649
29	0.02011	0.01977	0.03171	0.04729	0.64024	0.05159	0.02390	0.02469	0.01827	0.02559	0.01479	0.01937	0.01245	0.00712	0.00782	0.00234	0.00966	0.00697	0.00393	0.01240
30	0.43403	0.25199	0.05603	0.01274	0.01863	0.04769	0.01177	0.04697	0.01574	0.02940	0.01154	0.01330	0.00943	0.00729	0.00530	0.00219	0.00759	0.00449	0.00441	0.00947
31	0.01114	0.00804	0.01052	0.01003	0.01183	0.00743	0.00748	0.01475	0.02205	0.03117	0.63360	0.09510	0.07360	0.01668	0.00939	0.00253	0.00379	0.01479	0.00865	0.00743
32	0.01764	0.05754	0.02640	0.02104	0.02183	0.02448	0.04864	0.01967	0.01270	0.01938	0.01073	0.01729	0.01048	0.01312	0.02400	0.00333	0.63249	0.00691	0.00349	0.00886
33	0.01964	0.01860	0.03030	0.04437	0.58569	0.01896	0.02278	0.02669	0.10266	0.02687	0.01721	0.02094	0.01410	0.00755	0.00788	0.00240	0.00900	0.00732	0.00447	0.01256
34	0.00952	0.00798	0.00828	0.00833	0.01083	0.00674	0.00620	0.01162	0.01824	0.02212	0.12119	0.10845	0.59325	0.02005	0.00941	0.00269	0.00403	0.01686	0.00746	0.00674
35	0.02109	0.01514	0.01771	0.01307	0.01981	0.01284	0.01056	0.10268	0.04351	0.12417	0.01789	0.01879	0.01357	0.00709	0.00652	0.00157	0.00638	0.00564	0.00598	0.53598

[dist]
# distance from previous block
# <min> <max>
0	1

[block]
# block no. 2 follows, 24 sequences, length 80
# corresponding to MSA columns:
# 133-188,206-224,226-230
name=unknown_C
#
# <colnr> <probs for GDERKNQSTAVLIFYWHMCP>
#	G	D	E	R	K	N	Q	S	T	A	V	L	I	F	Y	W	H	M	C	P
0	0.01637	0.10151	0.62383	0.02180	0.03309	0.01956	0.02791	0.02499	0.01669	0.02454	0.01395	0.01639	0.01006	0.00747	0.00732	0.00244	0.01143	0.00572	0.00335	0.01158
1	0.02922	0.03623	0.02295	0.02152	0.05195	0.62870	0.01569	0.06123	0.02301	0.02117	0.01270	0.01476	0.01047	0.00819	0.00722	0.00207	0.01382	0.00529	0.00427	0.00954
2	0.01104	0.00810	0.01035	0.00978	0.01173	0.00740	0.00734	0.01461	0.02201	0.03077	0.60939	0.06093	0.13374	0.01660	0.00935	0.00251	0.00377	0.01458	0.00859	0.00740
3	0.01624	0.03889	0.61482	0.02444	0.06530	0.01853	0.06231	0.02509	0.01691	0.02517	0.01436	0.01713	0.01027	0.00747	0.00765	0.00251	0.01170	0.00611	0.00341	0.01170
4	0.01774	0.01027	0.01319	0.01149	0.01460	0.00964	0.00893	0.04925	0.04832	0.17408	0.47426	0.04921	0.05800	0.01430	0.00894	0.00249	0.00472	0.01241	0.00891	0.00927
5	0.02528	0.05672	0.02349	0.02143	0.10426	0.17244	0.01529	0.25470	0.14530	0.03399	0.02221	0.02263	0.04786	0.00955	0.00771	0.00234	0.00936	0.00736	0.00634	0.01172
6	0.01153	0.00769	0.00865	0.00865	0.00865	0.00769	0.00480	0.01153	0.01153	0.01538	0.02499	0.05189	0.02883	0.72131	0.04036	0.00769	0.00769	0.01153	0.00480	0.00480
7	0.02115	0.01733	0.01843	0.01624	0.02093	0.01983	0.01272	0.09118	0.58388	0.05798	0.03116	0.02863	0.02317	0.01062	0.00805	0.00266	0.00649	0.00878	0.00812	0.01266
8	0.01619	0.07813	0.64563	0.02211	0.03356	0.01912	0.02845	0.02504	0.01671	0.02476	0.01406	0.01652	0.01005	0.00749	0.00740	0.00247	0.01154	0.00577	0.00335	0.01164
9	0.04364	0.01471	0.02374	0.61694	0.08107	0.01798	0.02135	0.04726	0.01679	0.02235	0.01423	0.02068	0.01072	0.00793	0.00781	0.00261	0.01028	0.00695	0.00378	0.00918
10	0.08934	0.02167	0.02284	0.01763	0.02386	0.02405	0.01456	0.59612	0.03540	0.04884	0.01840	0.01855	0.01310	0.00935	0.00769	0.00239	0.00852	0.00691	0.00769	0.01310
11	0.01137	0.00768	0.00894	0.00905	0.00923	0.00766	0.00532	0.01177	0.01241	0.01670	0.05903	0.10234	0.03265	0.60795	0.06015	0.00727	0.00774	0.01241	0.00518	0.00515
12	0.02545	0.05523	0.02148	0.01660	0.02156	0.14371	0.01337	0.36360	0.03027	0.03884	0.16071	0.02675	0.02628	0.01062	0.00797	0.00231	0.00864	0.00822	0.00718	0.01121
13	0.01118	0.00823	0.01051	0.01040	0.01211	0.00776	0.00762	0.01516	0.04888	0.02887	0.47694	0.20285	0.09347	0.01803	0.00947	0.00267	0.00405	0.01601	0.00834	0.00744
14	0.00966	0.00690	0.00920	0.01104	0.01150	0.00644	0.00736	0.01104	0.01518	0.02024	0.04371	0.71614	0.05245	0.02484	0.01012	0.00322	0.00460	0.02254	0.00736	0.00644
15	0.01114	0.00810	0.01048	0.00988	0.01179	0.00745	0.00741	0.01480	0.02224	0.03131	0.64004	0.06004	0.10275	0.01639	0.00935	0.00250	0.00375	0.01445	0.00867	0.00745
16	0.02224	0.02111	0.03259	0.04743	0.61677	0.05203	0.02428	0.02598	0.01955	0.02748	0.01706	0.02247	0.01462	0.00870	0.00877	0.00277	0.01031	0.00767	0.00474	0.01342
17	0.02103	0.54957	0.14860	0.01570	0.02309	0.08645	0.01640	0.02467	0.01677	0.01982	0.01168	0.01354	0.01016	0.00703	0.00568	0.00187	0.00954	0.00459	0.00345	0.01035
18	0.00966	0.00690	0.00920	0.01104	0.01150	0.00644	0.00736	0.01104	0.01518	0.02024	0.04371	0.71614	0.05245	0.02484	0.01012	0.00322	0.00460	0.02254	0.00736	0.00644
19	0.05422	0.56782	0.10409	0.01493	0.02191	0.08416	0.01511	0.02452	0.01659	0.02012	0.01146	0.01327	0.01010	0.00700	0.00550	0.00184	0.00919	0.00448	0.00351	0.01018
20	0.77733	0.01534	0.01166	0.01043	0.01534	0.01779	0.00859	0.02331	0.01350	0.03558	0.01104	0.01288	0.00859	0.00736	0.00491	0.00245	0.00613	0.00429	0.00491	0.00859
21	0.01930	0.01837	0.03125	0.04703	0.64021	0.01837	0.02378	0.02395	0.01807	0.02580	0.01622	0.02300	0.01416	0.00778	0.00800	0.00242	0.00932	0.03658	0.00409	0.01231
22	0.02962	0.03779	0.02247	0.02043	0.02451	0.68948	0.01532	0.03166	0.02247	0.01941	0.01226	0.01430	0.01021	0.00817	0.00715	0.00204	0.01430	0.00511	0.00409	0.00919
23	0.01673	0.01644	0.02311	0.01999	0.02014	0.02282	0.01659	0.01858	0.01221	0.01901	0.01152	0.01876	0.01137	0.01855	0.09403	0.00442	0.63658	0.00710	0.00355	0.00851
24	0.01848	0.02303	0.09955	0.03252	0.04085	0.01992	0.59193	0.02538	0.01855	0.02538	0.01589	0.02100	0.01187	0.00676	0.00921	0.00266	0.01323	0.00907	0.00396	0.01078
25	0.01266	0.00904	0.01264	0.01446	0.01624	0.00902	0.01257	0.01622	0.01813	0.02359	0.04205	0.11397	0.04590	0.02202	0.01092	0.00363	0.00720	0.59516	0.00730	0.00727
26	0.01931	0.01556	0.01675	0.01516	0.01943	0.01746	0.01188	0.03767	0.52642	0.06929	0.03732	0.03697	0.08685	0.01217	0.00834	0.00272	0.00614	0.04071	0.00806	0.01178
27	0.01059	0.00808	0.00976	0.00961	0.01170	0.00725	0.00727	0.01361	0.02032	0.02713	0.39516	0.09805	0.28070	0.01831	0.00949	0.00266	0.00409	0.05095	0.00810	0.00715
28	0.01965	0.02212	0.01720	0.01766	0.04917	0.31846	0.01237	0.02151	0.01845	0.02006	0.02610	0.32336	0.02891	0.01579	0.00960	0.00266	0.05036	0.01297	0.00548	0.00811
29	0.02966	0.03657	0.02258	0.02026	0.02452	0.63710	0.01530	0.08002	0.02364	0.02182	0.01279	0.01467	0.01047	0.00828	0.00721	0.00207	0.01386	0.00527	0.00439	0.00953
30	0.00984	0.00703	0.00941	0.01125	0.01179	0.00660	0.00768	0.01136	0.01536	0.02045	0.04361	0.67944	0.05205	0.02467	0.01017	0.00325	0.00476	0.05745	0.00736	0.00649
31	0.00966	0.00690	0.00920	0.01104	0.01150	0.00644	0.00736	0.01104	0.01518	0.02024	0.04371	0.71614	0.05245	0.02484	0.01012	0.00322	0.00460	0.02254	0.00736	0.00644
32	0.01567	0.01311	0.01567	0.01416	0.01587	0.07441	0.04078	0.01831	0.01483	0.02201	0.01932	0.02662	0.01705	0.05647	0.20621	0.03349	0.14856	0.00767	0.23217	0.00762
33	0.01704	0.01445	0.01676	0.01203	0.01904	0.01118	0.00964	0.04715	0.01735	0.02689	0.01431	0.01656	0.01182	0.00603	0.00596	0.00123	0.00600	0.00480	0.00484	0.73692
34	0.00955	0.00804	0.00828	0.00822	0.01082	0.00677	0.00617	0.01173	0.01850	0.02243	0.13738	0.07466	0.61095	0.01971	0.00937	0.00266	0.00399	0.01650	0.00750	0.00677
35	0.02157	0.30232	0.08737	0.01567	0.02135	0.19006	0.01432	0.07413	0.02029	0.02356	0.08679	0.02392	0.06941	0.00947	0.00684	0.00207	0.00940	0.00689	0.00480	0.00978
36	0.01471	0.06383	0.28596	0.01543	0.02184	0.01349	0.01686	0.02050	0.01955	0.05649	0.30586	0.03856	0.07080	0.01202	0.00830	0.00246	0.00742	0.01012	0.00620	0.00960
37	0.02040	0.02337	0.13504	0.03438	0.25852	0.04489	0.23157	0.02694	0.04394	0.07726	0.01707	0.02054	0.01292	0.00742	0.00830	0.00250	0.01096	0.00772	0.00450	0.01174
38	0.05633	0.33366	0.29655	0.01788	0.02626	0.10279	0.01991	0.02521	0.01699	0.02217	0.01247	0.01454	0.01005	0.00728	0.00631	0.00210	0.01036	0.00500	0.00353	0.01061
39	0.03014	0.02221	0.02380	0.01825	0.02459	0.02459	0.01507	0.64541	0.03728	0.04998	0.01904	0.01904	0.01349	0.00952	0.00793	0.00238	0.00873	0.00714	0.00793	0.01349
40	0.01885	0.01338	0.01583	0.01377	0.01701	0.01487	0.01091	0.24896	0.02238	0.03167	0.02131	0.02742	0.01799	0.06551	0.30109	0.00699	0.01327	0.00797	0.12141	0.00939
41	0.01835	0.01736	0.02856	0.22652	0.44180	0.01858	0.02262	0.02483	0.07567	0.02501	0.01627	0.02095	0.01307	0.00764	0.00789	0.00247	0.00945	0.00723	0.00419	0.01152
42	0.01963	0.01884	0.03219	0.04867	0.67185	0.01884	0.02434	0.02434	0.01806	0.02591	0.01492	0.01963	0.01256	0.00707	0.00785	0.00236	0.00942	0.00707	0.00393	0.01256
43	0.01057	0.00850	0.00947	0.00915	0.01162	0.00762	0.00689	0.01421	0.05083	0.02586	0.29668	0.06768	0.41616	0.01819	0.00930	0.00261	0.00402	0.01547	0.00791	0.00727
44	0.01963	0.01884	0.03219	0.04867	0.67185	0.01884	0.02434	0.02434	0.01806	0.02591	0.01492	0.01963	0.01256	0.00707	0.00785	0.00236	0.00942	0.00707	0.00393	0.01256
45	0.01972	0.01703	0.01793	0.01614	0.02062	0.01972	0.01255	0.04214	0.65752	0.03317	0.03228	0.02959	0.02421	0.01076	0.00807	0.00269	0.00628	0.00897	0.00807	0.01255
46	0.02120	0.72609	0.04155	0.01357	0.02035	0.03138	0.01357	0.02374	0.01611	0.01866	0.01102	0.01272	0.01018	0.00678	0.00509	0.00170	0.00848	0.00424	0.00339	0.01018
47	0.01278	0.00913	0.01278	0.01460	0.01643	0.00913	0.01278	0.01643	0.01825	0.02373	0.04199	0.08945	0.04564	0.02191	0.01095	0.00365	0.00730	0.61847	0.00730	0.00730
48	0.01091	0.00795	0.01028	0.01014	0.01186	0.00732	0.00753	0.01417	0.02093	0.02909	0.51353	0.15883	0.11289	0.01795	0.00952	0.00265	0.00400	0.03480	0.00838	0.00727
49	0.00984	0.00709	0.00934	0.01099	0.01167	0.00660	0.00751	0.01144	0.01575	0.02093	0.07188	0.63234	0.08341	0.02413	0.01008	0.00318	0.00464	0.04523	0.00742	0.00653
50	0.01041	0.00787	0.00961	0.00960	0.01146	0.00707	0.00704	0.01324	0.01991	0.02676	0.38774	0.17904	0.24363	0.01885	0.00949	0.00267	0.00397	0.01647	0.00809	0.00707
51	0.01278	0.00913	0.01278	0.01460	0.01643	0.00913	0.01278	0.01643	0.01825	0.02373	0.04199	0.08945	0.04564	0.02191	0.01095	0.00365	0.00730	0.61847	0.00730	0.00730
52	0.01454	0.00737	0.00748	0.00756	0.00935	0.00735	0.00563	0.01813	0.01656	0.02913	0.02671	0.06186	0.02184	0.00997	0.00576	0.00191	0.00374	0.00810	0.72969	0.00735
53	0.01963	0.01884	0.03219	0.04867	0.67185	0.01884	0.02434	0.02434	0.01806	0.02591	0.01492	0.01963	0.01256	0.00707	0.00785	0.00236	0.00942	0.00707	0.00393	0.01256
54	0.01963	0.01884	0.03219	0.04867	0.67185	0.01884	0.02434	0.02434	0.01806	0.02591	0.01492	0.01963	0.01256	0.00707	0.00785	0.00236	0.00942	0.00707	0.00393	0.01256
55	0.01969	0.02090	0.03760	0.03651	0.26224	0.05370	0.33106	0.02695	0.07996	0.02602	0.01701	0.02119	0.01330	0.00729	0.00859	0.00253	0.01134	0.00829	0.00437	0.01146
56	0.06115	0.01734	0.01883	0.01603	0.02105	0.01922	0.01286	0.18467	0.36226	0.11979	0.02841	0.02894	0.02136	0.01074	0.00802	0.00262	0.00697	0.03923	0.00807	0.01244
57	0.02293	0.01791	0.02059	0.01726	0.02227	0.05105	0.06045	0.09386	0.39940	0.12528	0.05994	0.02834	0.02345	0.01034	0.00816	0.00259	0.00737	0.00876	0.00784	0.01222
58	0.01949	0.01921	0.03430	0.04647	0.58061	0.01902	0.11388	0.02449	0.01815	0.02583	0.01508	0.01988	0.01248	0.00701	0.00807	0.00240	0.00999	0.00740	0.00394	0.01229
59	0.02003	0.01976	0.03129	0.07291	0.60949	0.05807	0.02372	0.02460	0.01823	0.02530	0.01473	0.01937	0.01234	0.00716	0.00781	0.00235	0.00975	0.00695	0.00392	0.01221
60	0.01377	0.00689	0.01033	0.01033	0.01033	0.00689	0.00689	0.01033	0.01033	0.01377	0.01377	0.02410	0.01377	0.02755	0.03099	0.76928	0.00689	0.00689	0.00344	0.00344
61	0.01791	0.30053	0.43829	0.01918	0.02903	0.02333	0.02334	0.02459	0.01650	0.02267	0.01302	0.01522	0.01009	0.00725	0.00661	0.00220	0.01049	0.00525	0.00336	0.01113
62	0.01444	0.00742	0.00783	0.00783	0.00948	0.00748	0.00577	0.01756	0.01591	0.02763	0.02498	0.03028	0.02031	0.04255	0.03762	0.04413	0.00479	0.00759	0.65934	0.00705
63	0.00976	0.00694	0.00917	0.01091	0.01135	0.00651	0.00722	0.01107	0.01498	0.01998	0.04269	0.68016	0.05117	0.06257	0.01176	0.00346	0.00477	0.02195	0.00722	0.00635
64	0.01972	0.01703	0.01793	0.01614	0.02062	0.01972	0.01255	0.04214	0.65752	0.03317	0.03228	0.02959	0.02421	0.01076	0.00807	0.00269	0.00628	0.00897	0.00807	0.01255
65	0.02160	0.01986	0.03603	0.03162	0.16666	0.01957	0.33150	0.09418	0.08653	0.08185	0.01903	0.02207	0.01416	0.00774	0.00865	0.00256	0.01079	0.00849	0.00530	0.01180
66	0.01265	0.00842	0.01106	0.01022	0.01234	0.00773	0.00773	0.01635	0.02246	0.06961	0.63039	0.05735	0.07159	0.01584	0.00927	0.00249	0.00392	0.01397	0.00879	0.00783
67	0.01631	0.07499	0.61728	0.02266	0.03395	0.01916	0.05795	0.02506	0.01680	0.02480	0.01415	0.01676	0.01015	0.00745	0.00750	0.00248	0.01163	0.00595	0.00338	0.01159
68	0.01960	0.01892	0.03266	0.04818	0.65134	0.01888	0.04447	0.02437	0.01808	0.02589	0.01495	0.01968	0.01254	0.00705	0.00790	0.00237	0.00955	0.00714	0.00393	0.01250
69	0.01828	0.02058	0.04134	0.06235	0.03870	0.05041	0.52975	0.02423	0.01846	0.02443	0.01814	0.08052	0.01534	0.00837	0.00925	0.00269	0.01253	0.01018	0.00428	0.01017
70	0.02622	0.01941	0.02095	0.01706	0.02261	0.02160	0.01377	0.34912	0.29401	0.09006	0.02546	0.02402	0.01840	0.01006	0.00799	0.00251	0.00756	0.00796	0.00813	0.01310
71	0.01963	0.01884	0.03219	0.04867	0.67185	0.01884	0.02434	0.02434	0.01806	0.02591	0.01492	0.01963	0.01256	0.00707	0.00785	0.00236	0.00942	0.00707	0.00393	0.01256
72	0.01717	0.20426	0.52804	0.02045	0.03099	0.02150	0.02555	0.02479	0.01659	0.02357	0.01347	0.01578	0.01008	0.00736	0.00695	0.00232	0.01095	0.00547	0.00336	0.01135
73	0.01963	0.01884	0.03219	0.04867	0.67185	0.01884	0.02434	0.02434	0.01806	0.02591	0.01492	0.01963	0.01256	0.00707	0.00785	0.00236	0.00942	0.00707	0.00393	0.01256
74	0.02036	0.61757	0.14272	0.01500	0.02257	0.02932	0.01606	0.02396	0.01621	0.01968	0.01153	0.01336	0.01016	0.00690	0.00548	0.00183	0.00899	0.00450	0.00339	0.01042
75	0.01963	0.01884	0.03219	0.04867	0.67185	0.01884	0.02434	0.02434	0.01806	0.02591	0.01492	0.01963	0.01256	0.00707	0.00785	0.00236	0.00942	0.00707	0.00393	0.01256
76	0.01712	0.01449	0.01680	0.01206	0.01908	0.01126	0.00968	0.05071	0.01747	0.02703	0.01434	0.01657	0.01183	0.00605	0.00597	0.00123	0.00601	0.00482	0.00486	0.73262
77	0.02900	0.02629	0.02377	0.04486	0.05329	0.21677	0.01579	0.41848	0.03140	0.03902	0.01672	0.01777	0.01239	0.00897	0.00770	0.00229	0.01044	0.00654	0.00649	0.01203
78	0.01334	0.00868	0.01176	0.01194	0.01363	0.00864	0.00926	0.01609	0.01728	0.07054	0.18480	0.11323	0.04387	0.12875	0.14619	0.00560	0.00894	0.17327	0.00688	0.00732
79	0.05535	0.53168	0.10516	0.01528	0.02215	0.11592	0.01524	0.02491	0.01690	0.02019	0.01153	0.01336	0.01010	0.00707	0.00561	0.00186	0.00948	0.00453	0.00355	0.01014

[dist]
# distance from previous block
# <min> <max>
0	2

[block]
# block no. 3 follows, 24 sequences, length 43
# corresponding to MSA columns:
# 233-275
name=unknown_D
#
# <colnr> <probs for GDERKNQSTAVLIFYWHMCP>
#	G	D	E	R	K	N	Q	S	T	A	V	L	I	F	Y	W	H	M	C	P
0	0.01932	0.13423	0.50025	0.02017	0.03044	0.01933	0.02468	0.02675	0.01746	0.11250	0.01609	0.01756	0.01136	0.00774	0.00725	0.00239	0.01059	0.00592	0.00423	0.01174
1	0.02913	0.03685	0.02295	0.02183	0.05670	0.65614	0.01577	0.03130	0.02225	0.01973	0.01239	0.01457	0.01033	0.00812	0.00718	0.00206	0.01406	0.00520	0.00408	0.00936
2	0.03530	0.01394	0.01868	0.01432	0.02046	0.01231	0.01183	0.06952	0.02344	0.64542	0.03066	0.02659	0.01932	0.00980	0.00797	0.00245	0.00685	0.00793	0.00972	0.01349
3	0.02120	0.72609	0.04155	0.01357	0.02035	0.03138	0.01357	0.02374	0.01611	0.01866	0.01102	0.01272	0.01018	0.00678	0.00509	0.00170	0.00848	0.00424	0.00339	0.01018
4	0.01644	0.01409	0.01644	0.01175	0.01879	0.01057	0.00940	0.01997	0.01644	0.02584	0.01409	0.01644	0.01175	0.00587	0.00587	0.00117	0.00587	0.00470	0.00470	0.76979
5	0.21048	0.02055	0.02087	0.01636	0.02236	0.02295	0.01351	0.49526	0.03154	0.04650	0.01711	0.01755	0.01230	0.00900	0.00720	0.00240	0.00810	0.00645	0.00720	0.01230
6	0.01809	0.32333	0.41703	0.01888	0.02856	0.02376	0.02282	0.02455	0.01648	0.02245	0.01291	0.01508	0.01010	0.00722	0.00653	0.00218	0.01038	0.00519	0.00337	0.01108
7	0.77733	0.01534	0.01166	0.01043	0.01534	0.01779	0.00859	0.02331	0.01350	0.03558	0.01104	0.01288	0.00859	0.00736	0.00491	0.00245	0.00613	0.00429	0.00491	0.00859
8	0.00966	0.00690	0.00920	0.01104	0.01150	0.00644	0.00736	0.01104	0.01518	0.02024	0.04371	0.71614	0.05245	0.02484	0.01012	0.00322	0.00460	0.02254	0.00736	0.00644
9	0.01278	0.00913	0.01278	0.01460	0.01643	0.00913	0.01278	0.01643	0.01825	0.02373	0.04199	0.08945	0.04564	0.02191	0.01095	0.00365	0.00730	0.61847	0.00730	0.00730
10	0.02819	0.02458	0.02248	0.01833	0.02387	0.16405	0.01468	0.40887	0.14418	0.04054	0.01996	0.01991	0.01470	0.00945	0.00779	0.00236	0.00947	0.00703	0.00715	0.01241
11	0.01257	0.00899	0.01248	0.01398	0.01581	0.00890	0.01206	0.01623	0.01882	0.02482	0.12674	0.08536	0.04959	0.02113	0.01074	0.00349	0.00682	0.53664	0.00750	0.00733
12	0.00966	0.00690	0.00920	0.01104	0.01150	0.00644	0.00736	0.01104	0.01518	0.02024	0.04371	0.71614	0.05245	0.02484	0.01012	0.00322	0.00460	0.02254	0.00736	0.00644
13	0.01963	0.01884	0.03219	0.04867	0.67185	0.01884	0.02434	0.02434	0.01806	0.02591	0.01492	0.01963	0.01256	0.00707	0.00785	0.00236	0.00942	0.00707	0.00393	0.01256
14	0.01963	0.01884	0.03219	0.04867	0.67185	0.01884	0.02434	0.02434	0.01806	0.02591	0.01492	0.01963	0.01256	0.00707	0.00785	0.00236	0.00942	0.00707	0.00393	0.01256
15	0.00970	0.00814	0.00849	0.00866	0.01126	0.00693	0.00667	0.01186	0.01809	0.02164	0.07667	0.07757	0.60912	0.02026	0.00952	0.00277	0.00433	0.07422	0.00736	0.00675
16	0.01133	0.00850	0.01274	0.01274	0.01416	0.00991	0.00991	0.01416	0.01274	0.01841	0.02124	0.03115	0.01982	0.05947	0.68989	0.01274	0.02124	0.00850	0.00425	0.00708
17	0.02525	0.12201	0.10088	0.01692	0.02343	0.02163	0.01535	0.23449	0.19382	0.13128	0.02265	0.02184	0.01636	0.00927	0.00752	0.00239	0.00810	0.00718	0.00706	0.01256
18	0.01773	0.27648	0.46072	0.01950	0.02952	0.02287	0.02389	0.02464	0.01653	0.02289	0.01313	0.01536	0.01009	0.00728	0.00669	0.00223	0.01061	0.00530	0.00336	0.01119
19	0.77733	0.01534	0.01166	0.01043	0.01534	0.01779	0.00859	0.02331	0.01350	0.03558	0.01104	0.01288	0.00859	0.00736	0.00491	0.00245	0.00613	0.00429	0.00491	0.00859
20	0.02120	0.72609	0.04155	0.01357	0.02035	0.03138	0.01357	0.02374	0.01611	0.01866	0.01102	0.01272	0.01018	0.00678	0.00509	0.00170	0.00848	0.00424	0.00339	0.01018
21	0.02120	0.72609	0.04155	0.01357	0.02035	0.03138	0.01357	0.02374	0.01611	0.01866	0.01102	0.01272	0.01018	0.00678	0.00509	0.00170	0.00848	0.00424	0.00339	0.01018
22	0.01618	0.07635	0.64729	0.02214	0.03360	0.01908	0.02849	0.02504	0.01671	0.02478	0.01407	0.01653	0.01005	0.00750	0.00741	0.00247	0.01155	0.00578	0.00335	0.01164
23	0.01278	0.00913	0.01278	0.01460	0.01643	0.00913	0.01278	0.01643	0.01825	0.02373	0.04199	0.08945	0.04564	0.02191	0.01095	0.00365	0.00730	0.61847	0.00730	0.00730
24	0.01963	0.01884	0.03219	0.04867	0.67185	0.01884	0.02434	0.02434	0.01806	0.02591	0.01492	0.01963	0.01256	0.00707	0.00785	0.00236	0.00942	0.00707	0.00393	0.01256
25	0.01498	0.01409	0.02378	0.70226	0.05462	0.01762	0.02202	0.02026	0.01586	0.02026	0.01409	0.02114	0.01057	0.00793	0.00793	0.00264	0.01057	0.00705	0.00352	0.00881
26	0.01972	0.01703	0.01793	0.01614	0.02062	0.01972	0.01255	0.04214	0.65752	0.03317	0.03228	0.02959	0.02421	0.01076	0.00807	0.00269	0.00628	0.00897	0.00807	0.01255
27	0.00937	0.00803	0.00803	0.00803	0.01071	0.00669	0.00602	0.01138	0.01807	0.02142	0.08033	0.07632	0.66863	0.02008	0.00937	0.00268	0.00402	0.01674	0.00736	0.00669
28	0.02915	0.03607	0.02231	0.02012	0.02433	0.62663	0.01517	0.05956	0.05461	0.02145	0.01355	0.01527	0.01105	0.00836	0.00723	0.00209	0.01365	0.00539	0.00445	0.00955
29	0.01963	0.01884	0.03219	0.04867	0.67185	0.01884	0.02434	0.02434	0.01806	0.02591	0.01492	0.01963	0.01256	0.00707	0.00785	0.00236	0.00942	0.00707	0.00393	0.01256
30	0.03558	0.01350	0.01840	0.01411	0.02024	0.01166	0.01166	0.03865	0.02270	0.67734	0.03128	0.02699	0.01963	0.00981	0.00797	0.00245	0.00675	0.00797	0.00981	0.01350
31	0.01377	0.00689	0.01033	0.01033	0.01033	0.00689	0.00689	0.01033	0.01033	0.01377	0.01377	0.02410	0.01377	0.02755	0.03099	0.76928	0.00689	0.00689	0.00344	0.00344
32	0.02583	0.01831	0.02016	0.01635	0.02169	0.02002	0.01320	0.33401	0.22126	0.11526	0.08591	0.02694	0.02324	0.01056	0.00811	0.00249	0.00729	0.00847	0.00827	0.01264
33	0.01590	0.04102	0.68023	0.02260	0.03432	0.01842	0.02930	0.02511	0.01674	0.02511	0.01423	0.01674	0.01005	0.00753	0.00753	0.00251	0.01172	0.00586	0.00335	0.01172
34	0.03014	0.02221	0.02380	0.01825	0.02459	0.02459	0.01507	0.64541	0.03728	0.04998	0.01904	0.01904	0.01349	0.00952	0.00793	0.00238	0.00873	0.00714	0.00793	0.01349
35	0.01872	0.02139	0.04679	0.03342	0.04144	0.02005	0.64305	0.02540	0.01872	0.02540	0.01604	0.02139	0.01203	0.00668	0.00936	0.00267	0.01337	0.00936	0.00401	0.01070
36	0.01662	0.13375	0.59378	0.02138	0.03243	0.02017	0.02717	0.02493	0.01666	0.02424	0.01380	0.01620	0.01006	0.00743	0.00720	0.00240	0.01128	0.00564	0.00335	0.01151
37	0.01963	0.01884	0.03219	0.04867	0.67185	0.01884	0.02434	0.02434	0.01806	0.02591	0.01492	0.01963	0.01256	0.00707	0.00785	0.00236	0.00942	0.00707	0.00393	0.01256
38	0.01963	0.01884	0.03219	0.04867	0.67185	0.01884	0.02434	0.02434	0.01806	0.02591	0.01492	0.01963	0.01256	0.00707	0.00785	0.00236	0.00942	0.00707	0.00393	0.01256
39	0.02136	0.01191	0.01491	0.01387	0.04362	0.01123	0.01029	0.07801	0.05256	0.24736	0.06933	0.12999	0.17495	0.04388	0.01008	0.00287	0.00605	0.03956	0.00809	0.01008
40	0.01702	0.01647	0.02885	0.40284	0.28316	0.01828	0.07511	0.02221	0.01692	0.02279	0.01456	0.02060	0.01143	0.00750	0.00802	0.00254	0.01038	0.00725	0.00371	0.01036
41	0.67441	0.04502	0.01346	0.01080	0.01594	0.01773	0.00898	0.02392	0.01419	0.06552	0.01216	0.01372	0.00934	0.00739	0.00511	0.00236	0.00625	0.00449	0.00507	0.04414
42	0.12307	0.30969	0.30719	0.01777	0.02643	0.02356	0.04571	0.02433	0.01613	0.02399	0.01259	0.01480	0.00998	0.00718	0.00627	0.00219	0.00973	0.00514	0.00361	0.01063

[dist]
# distance from previous block
# <min> <max>
3	16

# created by:
# /st0/software/busco_prod/Augustus/scripts/msa2prfl.pl ./align_prep/118003.fa
