[name]
unknown

[dist]
# distance from previous block
# <min> <max>
0	22

[block]
# block no. 0 follows, 26 sequences, length 108
# corresponding to MSA columns:
# 22-129
name=unknown_A
#
# <colnr> <probs for GDERKNQSTAVLIFYWHMCP>
#	G	D	E	R	K	N	Q	S	T	A	V	L	I	F	Y	W	H	M	C	P
0	0.01673	0.01270	0.04126	0.01294	0.01626	0.01179	0.01031	0.13726	0.06486	0.08009	0.03155	0.27560	0.04986	0.07070	0.01079	0.00298	0.00621	0.06360	0.00680	0.07771
1	0.02373	0.01829	0.02320	0.01802	0.02355	0.01941	0.10692	0.37475	0.10073	0.06287	0.02151	0.07426	0.01709	0.00982	0.00779	0.00235	0.00807	0.00840	0.03653	0.04273
2	0.00962	0.00678	0.00865	0.01002	0.01071	0.00632	0.00674	0.01112	0.01489	0.02010	0.06607	0.58569	0.09528	0.05641	0.01076	0.00315	0.00443	0.01959	0.04747	0.00619
3	0.01769	0.01892	0.02887	0.07232	0.02779	0.07379	0.18995	0.02089	0.01432	0.01999	0.01180	0.01767	0.01037	0.01060	0.01798	0.00295	0.42458	0.00713	0.00351	0.00887
4	0.08012	0.02193	0.11555	0.02830	0.03570	0.01906	0.49649	0.02376	0.01692	0.02471	0.01445	0.01907	0.01093	0.00693	0.00931	0.00257	0.05229	0.00804	0.00380	0.01007
5	0.06632	0.01914	0.13843	0.01579	0.02230	0.04952	0.04202	0.03224	0.04387	0.42474	0.05063	0.02385	0.01810	0.00895	0.00748	0.00235	0.00779	0.00728	0.00742	0.01177
6	0.00936	0.00674	0.00878	0.01028	0.01088	0.00626	0.00689	0.01076	0.01484	0.01974	0.07164	0.63968	0.08231	0.04979	0.01070	0.00318	0.00445	0.02053	0.00701	0.00616
7	0.01576	0.01504	0.02633	0.45711	0.21562	0.01701	0.07644	0.02051	0.01578	0.02101	0.01384	0.01996	0.01083	0.00790	0.00843	0.02871	0.00994	0.00693	0.00351	0.00935
8	0.01742	0.01713	0.02817	0.29496	0.39000	0.04335	0.05561	0.02214	0.01668	0.02250	0.01393	0.01921	0.01119	0.00709	0.00759	0.00236	0.00980	0.00680	0.00362	0.01046
9	0.06908	0.01515	0.01595	0.01293	0.01729	0.01639	0.01048	0.35214	0.02624	0.07013	0.02075	0.02199	0.01535	0.00889	0.00656	0.00209	0.00631	0.00679	0.29507	0.01044
10	0.01103	0.00735	0.00827	0.00827	0.00827	0.00735	0.00460	0.01103	0.01103	0.01471	0.02390	0.04964	0.02758	0.73343	0.03861	0.00735	0.00735	0.01103	0.00460	0.00460
11	0.01690	0.01976	0.13639	0.04662	0.07599	0.01646	0.25587	0.02222	0.01766	0.06555	0.14155	0.02637	0.02284	0.00928	0.01025	0.00255	0.09032	0.00875	0.00485	0.00982
12	0.05156	0.01717	0.01750	0.04159	0.02021	0.08880	0.01183	0.20330	0.12735	0.15193	0.09321	0.02568	0.02192	0.00974	0.00735	0.00228	0.00720	0.00770	0.08291	0.01079
13	0.00936	0.00675	0.00887	0.01034	0.01099	0.00626	0.00699	0.01091	0.01526	0.02039	0.09972	0.63843	0.08200	0.02282	0.00958	0.00299	0.00430	0.02061	0.00716	0.00626
14	0.01586	0.03334	0.51499	0.05684	0.13228	0.01791	0.05006	0.02350	0.01608	0.02373	0.01364	0.01681	0.01008	0.00735	0.00798	0.00242	0.03675	0.00599	0.00332	0.01106
15	0.02566	0.05524	0.02296	0.01896	0.04954	0.24976	0.07086	0.13149	0.05702	0.14865	0.04399	0.05594	0.01723	0.00931	0.00750	0.00224	0.00972	0.00747	0.00599	0.01049
16	0.02599	0.02882	0.02605	0.02136	0.02642	0.41018	0.15015	0.09312	0.05923	0.06383	0.01532	0.01712	0.01175	0.00788	0.00746	0.00217	0.01209	0.00631	0.00481	0.00994
17	0.01709	0.01822	0.03631	0.19958	0.13247	0.01867	0.38043	0.02264	0.01682	0.02285	0.01446	0.01996	0.01116	0.00710	0.00926	0.00255	0.04885	0.00798	0.00368	0.00994
18	0.04968	0.06372	0.11650	0.04774	0.32141	0.01886	0.01961	0.11005	0.07214	0.08233	0.01693	0.01906	0.01292	0.00764	0.00724	0.00228	0.00863	0.00657	0.00496	0.01172
19	0.01508	0.01043	0.02974	0.05121	0.01618	0.00966	0.00947	0.02033	0.08983	0.12577	0.34511	0.11795	0.09972	0.01454	0.00858	0.00250	0.00494	0.01267	0.00778	0.00854
20	0.01305	0.00663	0.00978	0.00978	0.00978	0.00663	0.00647	0.00995	0.00995	0.01327	0.01382	0.02465	0.01404	0.06879	0.03018	0.73298	0.00663	0.00685	0.00337	0.00337
21	0.04634	0.09718	0.06232	0.20223	0.08394	0.20177	0.04129	0.08209	0.04294	0.04941	0.01444	0.01738	0.01115	0.00769	0.00704	0.00222	0.01035	0.00601	0.00435	0.00986
22	0.20734	0.01937	0.01947	0.01544	0.02104	0.03609	0.01268	0.43549	0.05942	0.07573	0.01746	0.01759	0.01251	0.00866	0.00690	0.00230	0.00767	0.00627	0.00692	0.01166
23	0.06228	0.01172	0.06690	0.01150	0.01498	0.00940	0.00985	0.01996	0.02018	0.15993	0.41530	0.06982	0.05067	0.01359	0.00837	0.00244	0.00504	0.03160	0.00783	0.00864
24	0.00968	0.00720	0.00967	0.01112	0.01154	0.00719	0.00761	0.01102	0.01435	0.01930	0.03989	0.68575	0.04775	0.02313	0.01059	0.00309	0.04732	0.02067	0.00682	0.00629
25	0.09428	0.02011	0.18557	0.01536	0.02200	0.01448	0.01509	0.08885	0.05487	0.31272	0.06096	0.04376	0.01917	0.00942	0.00739	0.00239	0.00752	0.00753	0.00703	0.01148
26	0.01648	0.06465	0.63041	0.02082	0.03155	0.01772	0.02648	0.02471	0.01632	0.06178	0.01442	0.01642	0.01014	0.00730	0.00714	0.00237	0.01082	0.00566	0.00356	0.01125
27	0.01414	0.00707	0.00707	0.00707	0.00884	0.00707	0.00530	0.01767	0.01591	0.02828	0.02474	0.02828	0.01944	0.00884	0.00530	0.00177	0.00353	0.00707	0.77554	0.00707
28	0.04609	0.07642	0.02327	0.01868	0.07476	0.01992	0.05217	0.28308	0.14183	0.10029	0.04634	0.02361	0.04067	0.00931	0.00748	0.00231	0.00764	0.00761	0.00683	0.01168
29	0.01570	0.01503	0.05645	0.01186	0.01887	0.01056	0.01013	0.01939	0.01575	0.02467	0.01349	0.01575	0.01114	0.00571	0.00571	0.00120	0.00595	0.00456	0.00442	0.73367
30	0.00946	0.00683	0.00904	0.01058	0.01124	0.00629	0.00711	0.01085	0.01456	0.01954	0.04085	0.70439	0.04885	0.02315	0.00954	0.00301	0.00444	0.02099	0.00695	0.03231
31	0.01097	0.00794	0.01066	0.01192	0.01340	0.00764	0.00960	0.01379	0.01729	0.02284	0.14147	0.24828	0.09825	0.02072	0.00992	0.00314	0.00555	0.33264	0.00721	0.00675
32	0.09018	0.04926	0.20053	0.01557	0.02196	0.01666	0.01553	0.19720	0.02289	0.10475	0.16260	0.02609	0.02494	0.00974	0.00742	0.00232	0.00764	0.00774	0.00633	0.01064
33	0.02904	0.02091	0.02255	0.01729	0.02335	0.02302	0.01428	0.63556	0.03510	0.07387	0.01869	0.01852	0.01314	0.00912	0.00759	0.00228	0.00827	0.00686	0.00766	0.01290
34	0.00930	0.00665	0.00885	0.01052	0.01101	0.00620	0.00705	0.01071	0.01479	0.01979	0.06666	0.70240	0.05100	0.02344	0.00965	0.00305	0.00437	0.02126	0.00709	0.00620
35	0.72079	0.05215	0.03685	0.01054	0.01556	0.01769	0.00916	0.02238	0.01315	0.03286	0.01067	0.01245	0.00834	0.00702	0.00479	0.00231	0.00617	0.00416	0.00457	0.00840
36	0.02779	0.03517	0.02125	0.01918	0.02321	0.67305	0.01441	0.02980	0.02125	0.01883	0.01180	0.01377	0.00983	0.00772	0.00679	0.00192	0.01333	0.00487	0.00393	0.04210
37	0.00924	0.00660	0.00880	0.01056	0.01100	0.00616	0.00704	0.01056	0.01452	0.01936	0.04181	0.72848	0.05017	0.02376	0.00968	0.00308	0.00440	0.02156	0.00704	0.00616
38	0.17626	0.01400	0.04082	0.01296	0.01864	0.01235	0.01105	0.03278	0.01981	0.51489	0.05177	0.02412	0.01854	0.00911	0.00710	0.00235	0.00640	0.00713	0.00822	0.01172
39	0.01471	0.06286	0.57411	0.01968	0.02933	0.01662	0.02456	0.02241	0.01632	0.02399	0.06665	0.06175	0.01682	0.00881	0.00740	0.00241	0.01009	0.00713	0.00383	0.01054
40	0.01790	0.02046	0.04476	0.03197	0.03964	0.01918	0.65857	0.02430	0.01790	0.02430	0.01535	0.02046	0.01151	0.00639	0.00895	0.00256	0.01279	0.00895	0.00384	0.01023
41	0.01412	0.01012	0.01248	0.01269	0.01456	0.01037	0.00971	0.14238	0.01923	0.02554	0.03508	0.37204	0.03902	0.05376	0.01134	0.02292	0.00605	0.17409	0.00693	0.00758
42	0.01829	0.01559	0.02270	0.40857	0.13068	0.04767	0.01877	0.07268	0.03253	0.07664	0.04711	0.02180	0.01446	0.00836	0.00817	0.00245	0.03216	0.00710	0.00459	0.00967
43	0.03403	0.01291	0.01760	0.01350	0.01936	0.01115	0.01115	0.03697	0.02171	0.69137	0.02992	0.02582	0.01878	0.00939	0.00763	0.00235	0.00645	0.00763	0.00939	0.01291
44	0.00931	0.00663	0.00878	0.01048	0.01090	0.00620	0.00695	0.01058	0.01439	0.01919	0.04115	0.70365	0.04934	0.04972	0.01074	0.00324	0.00451	0.02118	0.00695	0.00610
45	0.02341	0.09501	0.05573	0.02532	0.17159	0.02201	0.09768	0.32349	0.05228	0.03507	0.01652	0.01831	0.01249	0.00795	0.00745	0.00226	0.00905	0.00682	0.00565	0.01194
46	0.02338	0.02364	0.02385	0.17381	0.11217	0.26638	0.05525	0.12318	0.02138	0.05870	0.01497	0.01792	0.01147	0.00786	0.00732	0.00222	0.01076	0.00627	0.02948	0.00998
47	0.01185	0.00800	0.01030	0.00965	0.01168	0.00728	0.00726	0.01516	0.02085	0.06676	0.56777	0.08239	0.12062	0.01580	0.00890	0.00243	0.00380	0.01387	0.00825	0.00738
48	0.01801	0.08148	0.09049	0.08335	0.06151	0.01960	0.38150	0.05539	0.01782	0.02433	0.01444	0.01878	0.01111	0.00694	0.00866	0.00239	0.03870	0.00755	0.00390	0.05407
49	0.00932	0.00725	0.00847	0.00911	0.01070	0.00640	0.00647	0.01121	0.01671	0.02136	0.14362	0.33991	0.34122	0.02058	0.00926	0.00275	0.00404	0.01798	0.00722	0.00640
50	0.06575	0.01997	0.07931	0.01582	0.02158	0.05256	0.01374	0.33740	0.02681	0.14603	0.04714	0.07183	0.01817	0.01000	0.00750	0.00230	0.00784	0.00787	0.00703	0.04134
51	0.02190	0.14049	0.06425	0.11587	0.05751	0.28638	0.01566	0.07363	0.04445	0.02260	0.05091	0.02003	0.03822	0.00849	0.00696	0.00211	0.01034	0.00630	0.00445	0.00945
52	0.01887	0.01629	0.01715	0.01544	0.01972	0.01887	0.01201	0.04031	0.67241	0.03173	0.03087	0.02830	0.02315	0.01029	0.00772	0.00257	0.00600	0.00858	0.00772	0.01201
53	0.01677	0.01382	0.01735	0.01244	0.01919	0.01064	0.04333	0.02028	0.01615	0.05844	0.01441	0.01649	0.01163	0.00585	0.00589	0.00126	0.00604	0.00489	0.00471	0.70043
54	0.00941	0.00672	0.00900	0.01076	0.01127	0.00631	0.00734	0.01085	0.01469	0.01955	0.04171	0.69187	0.04980	0.02360	0.00973	0.00310	0.00455	0.05650	0.00704	0.00621
55	0.08683	0.01595	0.02170	0.30447	0.10937	0.04438	0.01731	0.09093	0.01773	0.07520	0.01496	0.01914	0.01143	0.00853	0.00945	0.00249	0.10081	0.00651	0.03321	0.00959
56	0.09016	0.11815	0.01945	0.04965	0.04023	0.04578	0.01168	0.02461	0.09950	0.13301	0.16888	0.02975	0.05257	0.01072	0.00883	0.00236	0.07056	0.00831	0.00627	0.00952
57	0.01094	0.00737	0.00825	0.00825	0.00836	0.00731	0.00465	0.01102	0.01130	0.01496	0.02619	0.05065	0.05589	0.70258	0.03733	0.00715	0.00720	0.01125	0.00470	0.00467
58	0.01573	0.01348	0.01573	0.01123	0.01798	0.01011	0.00899	0.01910	0.01573	0.02472	0.01348	0.01573	0.01123	0.00562	0.00562	0.00112	0.00562	0.00449	0.00449	0.77980
59	0.05868	0.46693	0.12564	0.01495	0.02162	0.05786	0.04065	0.05056	0.01667	0.02174	0.01241	0.01434	0.01043	0.00693	0.00559	0.00186	0.00862	0.00481	0.04991	0.00981
60	0.00929	0.00664	0.00885	0.01053	0.01101	0.00620	0.00705	0.01069	0.01477	0.01976	0.06454	0.70463	0.05093	0.02347	0.00966	0.00306	0.00437	0.02128	0.00709	0.00620
61	0.01645	0.02621	0.27754	0.08768	0.03652	0.01812	0.31698	0.02329	0.01664	0.02356	0.01426	0.01845	0.01062	0.00701	0.00862	0.00246	0.03748	0.00723	0.00358	0.04731
62	0.01630	0.14749	0.42695	0.05534	0.03089	0.01904	0.08434	0.02314	0.01603	0.02287	0.01326	0.01600	0.00999	0.00688	0.00686	0.00218	0.01028	0.00563	0.00340	0.08312
63	0.01415	0.01317	0.02207	0.62999	0.07911	0.01609	0.02010	0.01889	0.01522	0.01963	0.01567	0.07399	0.01325	0.00877	0.00774	0.00256	0.00963	0.00787	0.00367	0.00842
64	0.00924	0.00660	0.00880	0.01056	0.01100	0.00616	0.00704	0.01056	0.01452	0.01936	0.04181	0.72848	0.05017	0.02376	0.00968	0.00308	0.00440	0.02156	0.00704	0.00616
65	0.01621	0.01664	0.02812	0.40190	0.04260	0.04587	0.17902	0.02142	0.03228	0.02073	0.01382	0.01972	0.01076	0.00816	0.01032	0.00262	0.10999	0.00725	0.00361	0.00896
66	0.01232	0.00912	0.01133	0.01069	0.01127	0.01015	0.00733	0.03754	0.01303	0.01805	0.07218	0.04203	0.02700	0.46155	0.13578	0.00705	0.09277	0.01011	0.00477	0.00588
67	0.01870	0.01822	0.03192	0.04537	0.63349	0.01812	0.07499	0.02336	0.01732	0.02474	0.01436	0.01891	0.01197	0.00673	0.00763	0.00228	0.00932	0.00694	0.00376	0.01187
68	0.00924	0.00660	0.00880	0.01056	0.01100	0.00616	0.00704	0.01056	0.01452	0.01936	0.04181	0.72848	0.05017	0.02376	0.00968	0.00308	0.00440	0.02156	0.00704	0.00616
69	0.01494	0.01224	0.03819	0.01427	0.01694	0.01183	0.05768	0.12345	0.03981	0.05007	0.03392	0.42668	0.05890	0.01783	0.00975	0.00283	0.03987	0.01578	0.00670	0.00831
70	0.01685	0.04668	0.07450	0.06065	0.03271	0.05078	0.38877	0.02186	0.01673	0.02232	0.01795	0.11622	0.01634	0.00955	0.01000	0.00262	0.07216	0.00979	0.00415	0.00939
71	0.03333	0.04111	0.01863	0.01361	0.01951	0.01229	0.01133	0.05750	0.02194	0.64368	0.02878	0.02503	0.01823	0.00927	0.00752	0.00232	0.00658	0.00746	0.00909	0.01279
72	0.01866	0.01114	0.01382	0.01232	0.01569	0.01106	0.00970	0.02627	0.17738	0.19784	0.28812	0.07099	0.04365	0.01342	0.00845	0.00253	0.00517	0.05575	0.00831	0.00973
73	0.02028	0.73799	0.03975	0.01298	0.01947	0.03001	0.01298	0.02271	0.01541	0.01785	0.01055	0.01217	0.00973	0.00649	0.00487	0.00162	0.00811	0.00406	0.00324	0.00973
74	0.01886	0.01401	0.01545	0.01381	0.01774	0.01526	0.01072	0.05997	0.41510	0.10737	0.07005	0.09055	0.09327	0.01240	0.00805	0.00256	0.00568	0.01046	0.00782	0.01086
75	0.01127	0.00767	0.01010	0.00995	0.01156	0.00706	0.00728	0.01426	0.01975	0.05332	0.49738	0.22273	0.06419	0.01732	0.00908	0.00256	0.00389	0.01543	0.00806	0.00713
76	0.00956	0.00684	0.00915	0.01077	0.01140	0.00642	0.00746	0.01119	0.01515	0.02026	0.07813	0.63907	0.05087	0.02307	0.00970	0.00307	0.00456	0.06993	0.00711	0.00628
77	0.35524	0.01618	0.06378	0.01424	0.01913	0.03015	0.08926	0.06088	0.01706	0.07037	0.09312	0.07486	0.02054	0.00957	0.00668	0.00240	0.00699	0.00773	0.03290	0.00893
78	0.01772	0.01814	0.06104	0.17857	0.52846	0.01777	0.02307	0.02254	0.01679	0.02367	0.01408	0.01893	0.01152	0.00694	0.00751	0.00231	0.00934	0.00670	0.00365	0.01126
79	0.00934	0.00667	0.00889	0.01050	0.01102	0.00622	0.00705	0.01080	0.01497	0.02007	0.08271	0.68556	0.05153	0.02324	0.00963	0.00304	0.00435	0.02106	0.00712	0.00622
80	0.09288	0.01993	0.01887	0.09978	0.02375	0.18472	0.01355	0.09540	0.09908	0.12120	0.01930	0.05980	0.01553	0.01132	0.03114	0.00273	0.06816	0.00729	0.00569	0.00986
81	0.01736	0.17056	0.51042	0.01972	0.02947	0.05630	0.02398	0.04736	0.01691	0.02343	0.01310	0.01524	0.00976	0.00717	0.00676	0.00223	0.01065	0.00532	0.00341	0.01087
82	0.01938	0.01988	0.03045	0.09662	0.49985	0.09325	0.08298	0.02383	0.01762	0.02361	0.01403	0.01849	0.01156	0.00691	0.00758	0.00227	0.00997	0.00676	0.00375	0.01120
83	0.01200	0.00878	0.01176	0.01314	0.01488	0.00879	0.01101	0.01616	0.05453	0.02304	0.07205	0.16918	0.06854	0.02041	0.01008	0.00330	0.00629	0.46182	0.00710	0.00714
84	0.02464	0.11047	0.04597	0.01454	0.01983	0.05182	0.01248	0.29702	0.05057	0.11950	0.01999	0.02045	0.01463	0.00867	0.00676	0.00210	0.00742	0.00655	0.15552	0.01107
85	0.02534	0.01830	0.08101	0.07032	0.02388	0.01731	0.01447	0.27430	0.04970	0.21127	0.05881	0.02315	0.01786	0.00944	0.00817	0.00236	0.03364	0.00738	0.04170	0.01161
86	0.00931	0.00663	0.00878	0.01048	0.01090	0.00620	0.00695	0.01058	0.01440	0.01919	0.04116	0.70397	0.04935	0.04939	0.01073	0.00323	0.00451	0.02118	0.00695	0.00610
87	0.01802	0.05492	0.04452	0.03106	0.03867	0.01970	0.62757	0.02422	0.01778	0.02399	0.01511	0.02006	0.01142	0.00640	0.00876	0.00251	0.01256	0.00872	0.00381	0.01021
88	0.05313	0.01867	0.02266	0.05038	0.09849	0.02026	0.04050	0.41589	0.05374	0.06073	0.04056	0.05421	0.01671	0.00955	0.00768	0.00235	0.00809	0.00782	0.00678	0.01178
89	0.01234	0.00805	0.01045	0.01007	0.01206	0.00735	0.00759	0.01540	0.01993	0.08162	0.45336	0.15444	0.11501	0.01678	0.00902	0.00255	0.00412	0.04439	0.00807	0.00741
90	0.01437	0.01344	0.02258	0.63142	0.09428	0.01637	0.02048	0.01919	0.01528	0.01976	0.01503	0.05745	0.01235	0.00838	0.00769	0.00254	0.00973	0.00752	0.00359	0.00856
91	0.02086	0.66523	0.03821	0.01477	0.05460	0.02848	0.01343	0.02343	0.01581	0.05055	0.01167	0.01317	0.01029	0.00664	0.00514	0.00169	0.00808	0.00437	0.00357	0.01001
92	0.02964	0.01661	0.01960	0.01541	0.02105	0.01700	0.01273	0.31746	0.06206	0.32810	0.02527	0.02592	0.01777	0.00997	0.00778	0.00239	0.00731	0.04304	0.00835	0.01252
93	0.01014	0.00795	0.00899	0.00905	0.01102	0.00724	0.00667	0.01300	0.04175	0.02254	0.19766	0.12397	0.36714	0.08916	0.01199	0.00310	0.00444	0.05048	0.00711	0.00661
94	0.06175	0.01941	0.02078	0.01624	0.02190	0.02136	0.01333	0.51940	0.07846	0.08372	0.01979	0.01961	0.01409	0.00910	0.00736	0.00228	0.00772	0.00689	0.04445	0.01235
95	0.05948	0.02883	0.02344	0.02350	0.12688	0.43452	0.05401	0.08301	0.02118	0.02317	0.01416	0.04609	0.01217	0.00833	0.00716	0.00213	0.01168	0.00628	0.00437	0.00960
96	0.01780	0.02015	0.04301	0.03099	0.03804	0.01951	0.60657	0.02381	0.01739	0.02381	0.01491	0.02015	0.01138	0.00695	0.01024	0.00262	0.07003	0.00876	0.00379	0.01007
97	0.01366	0.00835	0.01102	0.01012	0.01235	0.00761	0.00767	0.01700	0.02104	0.11539	0.55491	0.09739	0.06330	0.01526	0.00882	0.00243	0.00401	0.01345	0.00840	0.00784
98	0.02479	0.01601	0.01822	0.01471	0.01920	0.01705	0.01179	0.37540	0.02682	0.14277	0.02199	0.02785	0.01773	0.10645	0.04547	0.03262	0.00825	0.03936	0.02276	0.01076
99	0.11625	0.01432	0.01725	0.01372	0.01924	0.01400	0.01122	0.08874	0.11836	0.46485	0.02689	0.02402	0.01774	0.00923	0.00731	0.00237	0.00648	0.00730	0.00846	0.01224
100	0.01349	0.00834	0.01099	0.01026	0.01247	0.00763	0.00784	0.01678	0.02070	0.10934	0.51146	0.10353	0.07686	0.01571	0.00891	0.00249	0.00416	0.04301	0.00828	0.00776
101	0.01103	0.00812	0.01113	0.01059	0.01150	0.00783	0.04913	0.01235	0.01402	0.01902	0.13634	0.20498	0.03898	0.40303	0.02507	0.00523	0.00641	0.01376	0.00573	0.00575
102	0.01783	0.02024	0.04352	0.03127	0.03850	0.01942	0.62155	0.02395	0.01754	0.02395	0.01503	0.02024	0.01142	0.00679	0.00987	0.00260	0.05354	0.00882	0.00381	0.01012
103	0.01015	0.00779	0.01136	0.01186	0.01292	0.00732	0.05232	0.01182	0.01469	0.01947	0.03983	0.55223	0.07495	0.09026	0.01241	0.00345	0.00536	0.04887	0.00658	0.00634
104	0.01118	0.00869	0.01362	0.01301	0.01463	0.00988	0.04006	0.01398	0.01243	0.01784	0.02019	0.02993	0.01886	0.07416	0.65118	0.01159	0.01958	0.00825	0.00407	0.00687
105	0.01663	0.03539	0.57834	0.02184	0.03222	0.01742	0.08038	0.02531	0.03766	0.06229	0.01525	0.01735	0.01073	0.00736	0.00740	0.00242	0.01091	0.00610	0.00375	0.01125
106	0.01813	0.07846	0.04204	0.03145	0.10394	0.02011	0.51472	0.02382	0.01738	0.02358	0.01463	0.01946	0.01135	0.00672	0.00911	0.00248	0.04034	0.00823	0.00376	0.01030
107	0.02603	0.02971	0.02181	0.01907	0.02308	0.48577	0.05059	0.09586	0.02192	0.04666	0.01574	0.07473	0.01391	0.00944	0.00789	0.00218	0.03477	0.00687	0.00474	0.00923

[dist]
# distance from previous block
# <min> <max>
0	2

[block]
# block no. 1 follows, 26 sequences, length 44
# corresponding to MSA columns:
# 132-175
name=unknown_B
#
# <colnr> <probs for GDERKNQSTAVLIFYWHMCP>
#	G	D	E	R	K	N	Q	S	T	A	V	L	I	F	Y	W	H	M	C	P
0	0.05140	0.01720	0.01826	0.01491	0.01976	0.04893	0.01191	0.29924	0.11849	0.16502	0.02630	0.06503	0.05180	0.04531	0.00916	0.00262	0.00731	0.00855	0.00749	0.01132
1	0.00940	0.00673	0.00895	0.01045	0.01104	0.00627	0.00705	0.01097	0.01527	0.02056	0.11114	0.65573	0.05248	0.02287	0.00960	0.00301	0.00431	0.02071	0.00718	0.00627
2	0.06409	0.62007	0.06977	0.01314	0.01978	0.02751	0.01324	0.02255	0.01532	0.01948	0.01087	0.01257	0.00972	0.00651	0.00502	0.00168	0.00800	0.00416	0.00340	0.05313
3	0.01060	0.00724	0.00929	0.01032	0.01150	0.00662	0.00726	0.01237	0.01598	0.05203	0.10053	0.51493	0.14515	0.02160	0.00945	0.00293	0.00445	0.04387	0.00726	0.00663
4	0.02423	0.01521	0.01833	0.04852	0.02091	0.04105	0.02886	0.19345	0.05618	0.24013	0.05199	0.13405	0.04168	0.01201	0.00868	0.00250	0.03401	0.00994	0.00749	0.01080
5	0.05526	0.03438	0.01629	0.01368	0.01777	0.01566	0.01092	0.09317	0.31289	0.11260	0.13885	0.03352	0.02966	0.01118	0.00773	0.00246	0.00589	0.04040	0.03698	0.01070
6	0.01310	0.00754	0.00887	0.00870	0.01051	0.00722	0.00654	0.01645	0.01810	0.05087	0.27037	0.09788	0.04199	0.01292	0.00725	0.00218	0.00383	0.02988	0.37860	0.00722
7	0.01530	0.01256	0.01411	0.01320	0.01628	0.01381	0.01014	0.02884	0.39124	0.02980	0.22348	0.10255	0.04077	0.01354	0.00838	0.00261	0.00519	0.04056	0.00781	0.00982
8	0.01934	0.02797	0.36225	0.05641	0.03131	0.01702	0.13134	0.08473	0.01888	0.12076	0.01779	0.04724	0.01320	0.00824	0.00772	0.00244	0.01021	0.00728	0.00476	0.01110
9	0.01432	0.01348	0.02275	0.71520	0.05224	0.01685	0.02107	0.01938	0.01517	0.01938	0.01348	0.02022	0.01011	0.00758	0.00758	0.00253	0.01011	0.00674	0.00337	0.00843
10	0.02699	0.01946	0.02079	0.01615	0.02168	0.02145	0.01327	0.57998	0.03318	0.04535	0.01903	0.01948	0.01372	0.00907	0.00730	0.00221	0.00774	0.00686	0.10412	0.01217
11	0.03202	0.04727	0.01908	0.01385	0.01975	0.01341	0.01152	0.09783	0.03904	0.56235	0.02746	0.02423	0.01769	0.00915	0.00745	0.00228	0.00669	0.00733	0.00876	0.03285
12	0.01596	0.01179	0.01341	0.01248	0.01566	0.01239	0.00962	0.02664	0.29927	0.08744	0.15184	0.12217	0.13208	0.01446	0.00846	0.00262	0.00517	0.04126	0.00777	0.00952
13	0.06316	0.01428	0.01614	0.01313	0.01782	0.01467	0.01062	0.21026	0.09025	0.23089	0.06148	0.02870	0.07058	0.01027	0.00733	0.00229	0.00618	0.00819	0.11277	0.01099
14	0.01573	0.01348	0.01573	0.01123	0.01798	0.01011	0.00899	0.01910	0.01573	0.02472	0.01348	0.01573	0.01123	0.00562	0.00562	0.00112	0.00562	0.00449	0.00449	0.77980
15	0.02883	0.02125	0.02276	0.01745	0.02352	0.02352	0.01442	0.66082	0.03566	0.04780	0.01821	0.01821	0.01290	0.00911	0.00759	0.00228	0.00835	0.00683	0.00759	0.01290
16	0.00975	0.00755	0.00889	0.00891	0.01082	0.00668	0.00655	0.01228	0.01862	0.02449	0.32580	0.16710	0.32859	0.01836	0.00907	0.00257	0.00382	0.01590	0.00759	0.00668
17	0.03128	0.01395	0.01776	0.01376	0.01932	0.01304	0.01132	0.14801	0.02395	0.51911	0.05212	0.02572	0.01973	0.00954	0.00756	0.00231	0.00655	0.00769	0.04486	0.01242
18	0.02028	0.73799	0.03975	0.01298	0.01947	0.03001	0.01298	0.02271	0.01541	0.01785	0.01055	0.01217	0.00973	0.00649	0.00487	0.00162	0.00811	0.00406	0.00324	0.00973
19	0.01222	0.00873	0.01222	0.01397	0.01572	0.00873	0.01222	0.01572	0.01746	0.02270	0.04016	0.08556	0.04365	0.02095	0.01048	0.00349	0.00698	0.63506	0.00698	0.00698
20	0.00997	0.00712	0.00964	0.01140	0.01216	0.00679	0.00831	0.01183	0.01524	0.02018	0.04140	0.57070	0.04857	0.02307	0.00988	0.00318	0.00503	0.17213	0.00703	0.00636
21	0.15854	0.03214	0.48860	0.02000	0.02951	0.01738	0.07543	0.02423	0.01582	0.05182	0.01383	0.01608	0.00986	0.00719	0.00690	0.00240	0.01017	0.00568	0.00377	0.01064
22	0.01318	0.00659	0.00988	0.00988	0.00988	0.00659	0.00659	0.00988	0.00988	0.01318	0.01318	0.02306	0.01318	0.02635	0.02964	0.77931	0.00659	0.00659	0.00329	0.00329
23	0.00923	0.00666	0.00874	0.01042	0.01096	0.00617	0.00698	0.01058	0.01466	0.01942	0.04357	0.69539	0.08212	0.02353	0.00965	0.00305	0.00437	0.02128	0.00704	0.00617
24	0.01787	0.02019	0.04322	0.03183	0.05960	0.01935	0.60560	0.02396	0.01757	0.02401	0.01504	0.02021	0.01145	0.00675	0.00971	0.00259	0.04831	0.00876	0.00381	0.01019
25	0.02028	0.73799	0.03975	0.01298	0.01947	0.03001	0.01298	0.02271	0.01541	0.01785	0.01055	0.01217	0.00973	0.00649	0.00487	0.00162	0.00811	0.00406	0.00324	0.00973
26	0.03173	0.01280	0.01700	0.01327	0.01886	0.01131	0.01089	0.03565	0.05813	0.61540	0.03269	0.02868	0.05742	0.01001	0.00771	0.00237	0.00628	0.00817	0.00916	0.01248
27	0.04609	0.16599	0.52136	0.01951	0.02932	0.04742	0.02398	0.02397	0.01601	0.02305	0.01286	0.01508	0.00958	0.00709	0.00667	0.00224	0.01054	0.00524	0.00330	0.01073
28	0.01484	0.01344	0.02167	0.59409	0.04608	0.01669	0.01944	0.04477	0.01571	0.02072	0.01426	0.02074	0.01099	0.01033	0.04172	0.00299	0.04347	0.00682	0.03276	0.00847
29	0.01320	0.01138	0.01581	0.01447	0.01500	0.01457	0.01131	0.01491	0.01171	0.01725	0.01690	0.02868	0.01716	0.18263	0.28907	0.00759	0.29941	0.00814	0.00388	0.00693
30	0.01085	0.00809	0.01199	0.01199	0.01328	0.00937	0.00923	0.01342	0.01213	0.01746	0.02050	0.03080	0.01940	0.09101	0.66985	0.01195	0.01966	0.00827	0.00409	0.00666
31	0.01481	0.01425	0.02431	0.54286	0.07125	0.01730	0.06992	0.01948	0.01510	0.01986	0.01436	0.04589	0.01175	0.00860	0.00944	0.00262	0.07859	0.00745	0.00355	0.00861
32	0.01612	0.05814	0.03080	0.07298	0.02977	0.05038	0.33927	0.02046	0.01713	0.02246	0.07608	0.09383	0.02246	0.03733	0.01058	0.03370	0.01002	0.04517	0.00464	0.00869
33	0.01753	0.02190	0.10261	0.05617	0.03949	0.01895	0.57815	0.02409	0.01763	0.02409	0.01512	0.02005	0.01129	0.00651	0.00874	0.00254	0.01255	0.00857	0.00376	0.01025
34	0.01095	0.00730	0.00861	0.00885	0.00912	0.00736	0.00538	0.01156	0.01187	0.01634	0.02603	0.13732	0.02939	0.53982	0.08992	0.00688	0.00786	0.01196	0.04834	0.00513
35	0.00973	0.00713	0.00919	0.01031	0.01137	0.00659	0.00734	0.01171	0.01636	0.02176	0.16040	0.47110	0.13298	0.02148	0.00953	0.00293	0.00440	0.07197	0.00727	0.00644
36	0.01678	0.01737	0.03365	0.28538	0.18505	0.01808	0.28672	0.02227	0.01676	0.02260	0.01443	0.02001	0.01111	0.00691	0.00814	0.00248	0.01098	0.00766	0.00365	0.00996
37	0.01501	0.01385	0.02275	0.68208	0.05088	0.01717	0.02075	0.04983	0.01614	0.02073	0.01371	0.02013	0.01024	0.00766	0.00758	0.00252	0.01003	0.00675	0.00357	0.00864
38	0.01884	0.01775	0.02965	0.10773	0.59498	0.01818	0.02265	0.05353	0.01796	0.02538	0.01438	0.01888	0.01188	0.00695	0.00752	0.00228	0.00908	0.00676	0.00390	0.01172
39	0.02121	0.01798	0.01686	0.01511	0.01871	0.15157	0.01163	0.06051	0.25235	0.11792	0.07695	0.12667	0.02645	0.01207	0.00859	0.00249	0.03598	0.00981	0.00696	0.01017
40	0.00947	0.00674	0.00888	0.01034	0.01087	0.00631	0.00691	0.01090	0.01490	0.02001	0.09381	0.63359	0.05063	0.06410	0.01129	0.00327	0.00450	0.02030	0.00701	0.00615
41	0.00924	0.00660	0.00880	0.01056	0.01100	0.00616	0.00704	0.01056	0.01452	0.01936	0.04181	0.72848	0.05017	0.02376	0.00968	0.00308	0.00440	0.02156	0.00704	0.00616
42	0.01642	0.01895	0.07077	0.02740	0.03374	0.01710	0.49403	0.02174	0.01683	0.02300	0.01838	0.11136	0.01640	0.00969	0.01034	0.03201	0.03801	0.01023	0.00418	0.00942
43	0.01824	0.01453	0.01607	0.01477	0.01855	0.01628	0.01167	0.06998	0.45865	0.05552	0.05817	0.07603	0.02866	0.01261	0.00824	0.00269	0.00610	0.09470	0.00766	0.01088

[dist]
# distance from previous block
# <min> <max>
0	2

[block]
# block no. 2 follows, 26 sequences, length 21
# corresponding to MSA columns:
# 178-198
name=unknown_C
#
# <colnr> <probs for GDERKNQSTAVLIFYWHMCP>
#	G	D	E	R	K	N	Q	S	T	A	V	L	I	F	Y	W	H	M	C	P
0	0.00927	0.00677	0.00873	0.01019	0.01093	0.00623	0.00690	0.01075	0.01512	0.01995	0.07210	0.62623	0.12312	0.02291	0.00957	0.00299	0.00430	0.02061	0.00710	0.00623
1	0.01715	0.01550	0.02395	0.43262	0.18459	0.01795	0.02001	0.08447	0.08244	0.02453	0.01583	0.02051	0.01208	0.00782	0.00758	0.00245	0.00929	0.00693	0.00429	0.01000
2	0.01890	0.01348	0.01645	0.05681	0.02018	0.01161	0.01039	0.08309	0.01853	0.12182	0.03487	0.07421	0.01691	0.00828	0.00662	0.00168	0.00614	0.00687	0.00572	0.46743
3	0.13700	0.47484	0.07644	0.01374	0.01999	0.06011	0.01334	0.04585	0.05863	0.02267	0.01239	0.01378	0.01047	0.00702	0.00537	0.00189	0.00813	0.00460	0.00393	0.00981
4	0.07058	0.45109	0.04745	0.01490	0.02055	0.11902	0.02909	0.02562	0.09082	0.02089	0.01319	0.01469	0.01122	0.00742	0.00639	0.00193	0.03651	0.00494	0.00396	0.00976
5	0.01202	0.00882	0.01130	0.05590	0.01485	0.00896	0.00858	0.08540	0.01704	0.02278	0.06808	0.51399	0.04263	0.07793	0.01161	0.00326	0.00541	0.01770	0.00674	0.00700
6	0.02525	0.01889	0.01943	0.01598	0.02063	0.08500	0.01274	0.29979	0.14571	0.13064	0.02224	0.04015	0.01712	0.05182	0.02938	0.00293	0.03617	0.00770	0.00707	0.01136
7	0.01393	0.12996	0.02057	0.01464	0.01758	0.01352	0.11166	0.05703	0.01614	0.02122	0.02835	0.35876	0.03154	0.08734	0.03929	0.00349	0.00752	0.01417	0.00559	0.00770
8	0.00977	0.00706	0.00935	0.01091	0.01174	0.00663	0.00781	0.01157	0.01544	0.02043	0.07007	0.55948	0.08559	0.02271	0.00974	0.00309	0.00475	0.12042	0.00709	0.00635
9	0.01759	0.03285	0.49588	0.02295	0.03292	0.01731	0.15522	0.02533	0.01695	0.08876	0.01555	0.01787	0.01089	0.00725	0.00760	0.00243	0.01107	0.00648	0.00393	0.01117
10	0.07181	0.04711	0.04771	0.01585	0.02123	0.02035	0.01326	0.25223	0.32413	0.07004	0.02364	0.02252	0.01734	0.00935	0.00734	0.00240	0.00713	0.00734	0.00720	0.01200
11	0.02711	0.01249	0.01595	0.01269	0.01760	0.01142	0.01031	0.10147	0.02276	0.44329	0.13122	0.03493	0.10163	0.01139	0.00797	0.00237	0.00594	0.00940	0.00876	0.01131
12	0.01851	0.01436	0.01650	0.01238	0.01849	0.01245	0.00987	0.09505	0.08185	0.07001	0.01715	0.01919	0.01369	0.03491	0.00745	0.00171	0.00609	0.00561	0.00547	0.53926
13	0.06644	0.02034	0.06787	0.06530	0.45145	0.06243	0.10908	0.02370	0.01721	0.02463	0.01395	0.01818	0.01135	0.00685	0.00748	0.00230	0.00980	0.00671	0.00379	0.01114
14	0.01766	0.01477	0.02320	0.52633	0.10832	0.01736	0.01989	0.09392	0.01812	0.06585	0.01514	0.02021	0.01116	0.00779	0.00758	0.00246	0.00957	0.00681	0.00427	0.00957
15	0.01318	0.00659	0.00988	0.00988	0.00988	0.00659	0.00659	0.00988	0.00988	0.01318	0.01318	0.02306	0.01318	0.02635	0.02964	0.77931	0.00659	0.00659	0.00329	0.00329
16	0.10581	0.02171	0.16665	0.12024	0.33200	0.03331	0.02132	0.02394	0.03060	0.05348	0.01457	0.01803	0.01131	0.00720	0.00713	0.00233	0.00919	0.00624	0.00403	0.01091
17	0.02709	0.02139	0.08653	0.01698	0.02334	0.02076	0.01497	0.48774	0.04699	0.11733	0.02168	0.02123	0.03947	0.00937	0.00761	0.00231	0.00818	0.00720	0.00735	0.01246
18	0.00952	0.00681	0.00908	0.01059	0.01122	0.00637	0.00726	0.01116	0.01538	0.02067	0.10979	0.63175	0.05219	0.02278	0.00963	0.00302	0.00442	0.04490	0.00718	0.00630
19	0.02106	0.26154	0.19496	0.06208	0.02579	0.06096	0.01753	0.12314	0.05231	0.06653	0.01495	0.01647	0.01146	0.00782	0.00715	0.00214	0.03323	0.00563	0.00456	0.01071
20	0.02421	0.02006	0.02266	0.01793	0.02318	0.08183	0.08651	0.37215	0.10249	0.03737	0.01939	0.02067	0.01450	0.01148	0.04663	0.00283	0.00935	0.00719	0.06825	0.01131

[dist]
# distance from previous block
# <min> <max>
0	2

[block]
# block no. 3 follows, 26 sequences, length 15
# corresponding to MSA columns:
# 201-215
name=unknown_D
#
# <colnr> <probs for GDERKNQSTAVLIFYWHMCP>
#	G	D	E	R	K	N	Q	S	T	A	V	L	I	F	Y	W	H	M	C	P
0	0.29126	0.01468	0.01829	0.10247	0.06280	0.01545	0.04484	0.06862	0.01815	0.23971	0.01905	0.02132	0.01373	0.00842	0.00676	0.00241	0.00732	0.02820	0.00619	0.01032
1	0.06912	0.14757	0.54409	0.01946	0.02948	0.01953	0.02429	0.02370	0.01571	0.02374	0.01292	0.01515	0.00953	0.00708	0.00667	0.00228	0.01035	0.00526	0.00331	0.01077
2	0.06065	0.38144	0.21583	0.01854	0.02641	0.02402	0.13197	0.02333	0.01588	0.02155	0.01223	0.01469	0.00993	0.00670	0.00622	0.00204	0.00966	0.00535	0.00342	0.01014
3	0.01638	0.01676	0.04426	0.28580	0.05660	0.07497	0.10085	0.03583	0.01622	0.02146	0.01762	0.02356	0.04250	0.04855	0.01111	0.00272	0.08655	0.00745	0.06167	0.02914
4	0.00918	0.00762	0.00803	0.00807	0.01041	0.00647	0.00600	0.01125	0.01759	0.02154	0.14288	0.11166	0.57503	0.01907	0.00901	0.00257	0.00385	0.01609	0.00719	0.00647
5	0.02333	0.01764	0.01961	0.06417	0.02331	0.01983	0.01344	0.26372	0.34650	0.08708	0.02501	0.02389	0.01820	0.00961	0.00765	0.00244	0.00717	0.00774	0.00750	0.01215
6	0.01941	0.61858	0.15158	0.01446	0.02175	0.02789	0.01555	0.02294	0.01551	0.01890	0.01107	0.01282	0.00971	0.00661	0.00527	0.00176	0.00864	0.00432	0.00324	0.00999
7	0.02324	0.01561	0.01731	0.01445	0.01953	0.04011	0.01153	0.06297	0.31644	0.21641	0.02707	0.02671	0.01990	0.00956	0.00744	0.00229	0.00649	0.02901	0.00754	0.12641
8	0.01221	0.00885	0.01082	0.01139	0.01274	0.00880	0.00800	0.10748	0.01767	0.02349	0.03915	0.57164	0.07046	0.04588	0.01034	0.00309	0.00507	0.01877	0.00704	0.00712
9	0.01526	0.03497	0.01147	0.00951	0.01234	0.00995	0.00738	0.07183	0.01695	0.02682	0.02258	0.03051	0.01951	0.08935	0.03879	0.00285	0.00572	0.04157	0.41015	0.12251
10	0.01659	0.01525	0.02633	0.22445	0.28565	0.01619	0.09922	0.02137	0.05614	0.02191	0.01505	0.02062	0.01228	0.01008	0.01102	0.11817	0.00925	0.00712	0.00383	0.00949
11	0.01158	0.00948	0.01510	0.01303	0.01550	0.00880	0.10420	0.01525	0.01992	0.02788	0.48840	0.15028	0.05947	0.01537	0.00906	0.00251	0.00507	0.01416	0.00748	0.00747
12	0.02714	0.01957	0.02531	0.01920	0.02506	0.02102	0.11006	0.42899	0.02929	0.13798	0.01896	0.01957	0.01336	0.00903	0.00899	0.00240	0.05767	0.00725	0.00700	0.01219
13	0.01108	0.00719	0.00853	0.00869	0.00886	0.00708	0.00517	0.01081	0.01149	0.01519	0.02658	0.10816	0.06038	0.52812	0.03317	0.12175	0.00680	0.01157	0.00475	0.00463
14	0.01173	0.00827	0.00938	0.00871	0.00972	0.00776	0.00525	0.01223	0.01173	0.01620	0.02235	0.04458	0.02514	0.62499	0.03369	0.00643	0.00709	0.01006	0.00458	0.12010

[dist]
# distance from previous block
# <min> <max>
0	9

# created by:
# /st0/software/busco_prod/Augustus/scripts/msa2prfl.pl ./align_prep/118107.fa
