[name]
unknown

[dist]
# distance from previous block
# <min> <max>
3	81

[block]
# block no. 0 follows, 23 sequences, length 18
# corresponding to MSA columns:
# 81-98
name=unknown_A
#
# <colnr> <probs for GDERKNQSTAVLIFYWHMCP>
#	G	D	E	R	K	N	Q	S	T	A	V	L	I	F	Y	W	H	M	C	P
0	0.06130	0.02041	0.02260	0.11729	0.02819	0.04522	0.01551	0.43123	0.03166	0.06834	0.06187	0.02244	0.01750	0.00983	0.00805	0.00248	0.00886	0.00762	0.00730	0.01230
1	0.05734	0.02222	0.02231	0.08517	0.02687	0.10338	0.01526	0.33976	0.15028	0.06404	0.02088	0.02123	0.01524	0.00958	0.00792	0.00249	0.00915	0.00732	0.00716	0.01240
2	0.01016	0.00737	0.00965	0.01123	0.01205	0.00685	0.00779	0.01192	0.01642	0.02177	0.08593	0.58300	0.09987	0.02432	0.01030	0.00324	0.00478	0.05901	0.00762	0.00673
3	0.02560	0.09836	0.06756	0.01668	0.02326	0.02139	0.01463	0.31561	0.09255	0.08974	0.04926	0.02192	0.01746	0.00931	0.00759	0.00226	0.00810	0.00718	0.00709	0.10444
4	0.06183	0.01587	0.02623	0.32495	0.06798	0.01880	0.10823	0.02120	0.01615	0.02286	0.01700	0.02810	0.01495	0.01061	0.01203	0.00296	0.14268	0.07414	0.00420	0.00925
5	0.01915	0.02189	0.04788	0.03420	0.04241	0.02052	0.63475	0.02599	0.01915	0.02599	0.01642	0.02189	0.01231	0.00684	0.00958	0.00274	0.01368	0.00958	0.00410	0.01094
6	0.01084	0.00853	0.00986	0.00991	0.01213	0.00775	0.00742	0.01432	0.04567	0.02576	0.25773	0.15046	0.34266	0.01959	0.00970	0.00280	0.00435	0.04515	0.00801	0.00735
7	0.05202	0.03220	0.35826	0.08061	0.03753	0.06101	0.21235	0.02572	0.01789	0.02550	0.01484	0.01862	0.01089	0.00751	0.00817	0.00260	0.01232	0.00707	0.00377	0.01112
8	0.02933	0.02198	0.02350	0.01836	0.02459	0.02446	0.01506	0.55300	0.12477	0.04870	0.02140	0.02101	0.01535	0.00992	0.00814	0.00248	0.00857	0.00757	0.00814	0.01366
9	0.01352	0.00874	0.01150	0.01055	0.01282	0.00800	0.00800	0.01729	0.02299	0.08450	0.60874	0.05792	0.07196	0.01605	0.00946	0.00255	0.00408	0.01414	0.00902	0.00816
10	0.01649	0.04048	0.62627	0.02395	0.03566	0.01897	0.07500	0.02572	0.01728	0.02572	0.01470	0.01749	0.01043	0.00764	0.00785	0.00258	0.01212	0.00626	0.00348	0.01191
11	0.01532	0.01442	0.02434	0.69533	0.05589	0.01803	0.02253	0.02073	0.01622	0.02073	0.01442	0.02163	0.01082	0.00811	0.00811	0.00270	0.01082	0.00721	0.00361	0.00901
12	0.03085	0.02273	0.02435	0.01867	0.02516	0.02516	0.01542	0.63716	0.03815	0.05114	0.01948	0.01948	0.01380	0.00974	0.00812	0.00244	0.00893	0.00731	0.00812	0.01380
13	0.01251	0.00989	0.01156	0.01145	0.01405	0.00966	0.00903	0.01868	0.11751	0.02756	0.24700	0.06790	0.25891	0.01821	0.00970	0.00288	0.00504	0.13225	0.00807	0.00815
14	0.01420	0.00890	0.01168	0.01096	0.01331	0.00814	0.00840	0.01772	0.02209	0.10215	0.48994	0.09862	0.09140	0.01692	0.00956	0.00267	0.00447	0.05181	0.00882	0.00824
15	0.01180	0.00787	0.00885	0.00885	0.00885	0.00787	0.00492	0.01180	0.01180	0.01573	0.02557	0.05310	0.02950	0.71483	0.04130	0.00787	0.00787	0.01180	0.00492	0.00492
16	0.00989	0.00706	0.00942	0.01130	0.01177	0.00659	0.00753	0.01130	0.01554	0.02071	0.04472	0.70954	0.05367	0.02542	0.01036	0.00330	0.00471	0.02307	0.00753	0.00659
17	0.01886	0.01678	0.02614	0.65662	0.05601	0.01962	0.02323	0.02294	0.01830	0.02395	0.01795	0.02628	0.01426	0.01047	0.00956	0.00334	0.01174	0.00828	0.00487	0.01080

[dist]
# distance from previous block
# <min> <max>
0	2

[block]
# block no. 1 follows, 23 sequences, length 140
# corresponding to MSA columns:
# 101-240
name=unknown_B
#
# <colnr> <probs for GDERKNQSTAVLIFYWHMCP>
#	G	D	E	R	K	N	Q	S	T	A	V	L	I	F	Y	W	H	M	C	P
0	0.01817	0.01900	0.03180	0.02519	0.02767	0.02355	0.20382	0.02148	0.01445	0.02148	0.01239	0.01900	0.01115	0.01198	0.02149	0.00330	0.49301	0.00785	0.00372	0.00950
1	0.00989	0.00706	0.00942	0.01130	0.01177	0.00659	0.00753	0.01130	0.01554	0.02071	0.04472	0.70954	0.05367	0.02542	0.01036	0.00330	0.00471	0.02307	0.00753	0.00659
2	0.02140	0.01774	0.01886	0.01658	0.02126	0.02026	0.01298	0.14090	0.51172	0.03609	0.03141	0.06636	0.02454	0.01160	0.00835	0.00273	0.00675	0.00964	0.00819	0.01265
3	0.01057	0.00755	0.01020	0.01208	0.01285	0.00718	0.00872	0.01248	0.01621	0.02148	0.04434	0.57685	0.05217	0.02478	0.01054	0.00339	0.00530	0.14900	0.00752	0.00678
4	0.00989	0.00706	0.00942	0.01130	0.01177	0.00659	0.00753	0.01130	0.01554	0.02071	0.04472	0.70954	0.05367	0.02542	0.01036	0.00330	0.00471	0.02307	0.00753	0.00659
5	0.01775	0.01775	0.02485	0.02130	0.02130	0.02485	0.01775	0.01953	0.01243	0.01953	0.01065	0.01775	0.01065	0.01420	0.02663	0.00355	0.69998	0.00710	0.00355	0.00888
6	0.72973	0.01609	0.01264	0.01113	0.01623	0.01860	0.00917	0.05895	0.01520	0.03725	0.01177	0.01354	0.00907	0.00766	0.00520	0.00251	0.00643	0.00456	0.00520	0.00907
7	0.00989	0.00706	0.00942	0.01130	0.01177	0.00659	0.00753	0.01130	0.01554	0.02071	0.04472	0.70954	0.05367	0.02542	0.01036	0.00330	0.00471	0.02307	0.00753	0.00659
8	0.01775	0.01775	0.02485	0.02130	0.02130	0.02485	0.01775	0.01953	0.01243	0.01953	0.01065	0.01775	0.01065	0.01420	0.02663	0.00355	0.69998	0.00710	0.00355	0.00888
9	0.01029	0.00735	0.00988	0.01176	0.01241	0.00694	0.00824	0.01200	0.01594	0.02117	0.04450	0.63093	0.05278	0.02504	0.01047	0.00335	0.00506	0.09767	0.00752	0.00670
10	0.01627	0.04197	0.67279	0.02313	0.03512	0.01884	0.02998	0.02570	0.01713	0.02570	0.01456	0.01713	0.01028	0.00771	0.00771	0.00257	0.01199	0.00600	0.00343	0.01199
11	0.00959	0.00822	0.00822	0.00822	0.01096	0.00685	0.00617	0.01165	0.01850	0.02192	0.08220	0.07809	0.66092	0.02055	0.00959	0.00274	0.00411	0.01713	0.00754	0.00685
12	0.00989	0.00706	0.00942	0.01130	0.01177	0.00659	0.00753	0.01130	0.01554	0.02071	0.04472	0.70954	0.05367	0.02542	0.01036	0.00330	0.00471	0.02307	0.00753	0.00659
13	0.03112	0.02230	0.02408	0.01846	0.02495	0.02452	0.01525	0.60814	0.03743	0.08118	0.02009	0.01988	0.01410	0.00976	0.00812	0.00244	0.00883	0.00735	0.00821	0.01380
14	0.00989	0.00706	0.00942	0.01130	0.01177	0.00659	0.00753	0.01130	0.01554	0.02071	0.04472	0.70954	0.05367	0.02542	0.01036	0.00330	0.00471	0.02307	0.00753	0.00659
15	0.01915	0.02189	0.04788	0.03420	0.04241	0.02052	0.63475	0.02599	0.01915	0.02599	0.01642	0.02189	0.01231	0.00684	0.00958	0.00274	0.01368	0.00958	0.00410	0.01094
16	0.01985	0.01904	0.03252	0.08115	0.63468	0.01922	0.02479	0.02470	0.01837	0.02623	0.01522	0.02016	0.01275	0.00727	0.00804	0.00242	0.00970	0.00723	0.00400	0.01267
17	0.01532	0.01442	0.02434	0.69533	0.05589	0.01803	0.02253	0.02073	0.01622	0.02073	0.01442	0.02163	0.01082	0.00811	0.00811	0.00270	0.01082	0.00721	0.00361	0.00901
18	0.01513	0.00756	0.00756	0.00756	0.00945	0.00756	0.00567	0.01891	0.01702	0.03025	0.02647	0.03025	0.02080	0.00945	0.00567	0.00189	0.00378	0.00756	0.75988	0.00756
19	0.02586	0.02025	0.02155	0.01766	0.02326	0.02284	0.01422	0.35948	0.32395	0.04310	0.02581	0.02453	0.01893	0.01033	0.00818	0.00258	0.00776	0.00818	0.00818	0.01335
20	0.01627	0.04197	0.67279	0.02313	0.03512	0.01884	0.02998	0.02570	0.01713	0.02570	0.01456	0.01713	0.01028	0.00771	0.00771	0.00257	0.01199	0.00600	0.00343	0.01199
21	0.00989	0.00706	0.00942	0.01130	0.01177	0.00659	0.00753	0.01130	0.01554	0.02071	0.04472	0.70954	0.05367	0.02542	0.01036	0.00330	0.00471	0.02307	0.00753	0.00659
22	0.02018	0.01743	0.01835	0.01651	0.02110	0.02018	0.01284	0.04312	0.64956	0.03394	0.03303	0.03027	0.02477	0.01101	0.00826	0.00275	0.00642	0.00917	0.00826	0.01284
23	0.02420	0.02148	0.02472	0.08533	0.02787	0.10540	0.08450	0.25570	0.09395	0.03475	0.01903	0.02131	0.01443	0.00961	0.00969	0.00254	0.07373	0.00749	0.07291	0.01134
24	0.01712	0.14750	0.57466	0.02169	0.03289	0.02091	0.02747	0.02548	0.01703	0.02467	0.01405	0.01649	0.01030	0.00759	0.00732	0.00244	0.01148	0.00574	0.00343	0.01175
25	0.01017	0.00741	0.01008	0.03939	0.01360	0.00710	0.00815	0.01184	0.01584	0.02115	0.06633	0.65714	0.05276	0.02438	0.01024	0.00324	0.00493	0.02210	0.00742	0.00673
26	0.02374	0.02885	0.08544	0.03618	0.35943	0.27790	0.02175	0.02790	0.02012	0.02384	0.01414	0.01770	0.01169	0.00771	0.00772	0.00230	0.01180	0.00634	0.00403	0.01143
27	0.01349	0.00989	0.01248	0.01229	0.01445	0.00982	0.00955	0.06558	0.05411	0.03049	0.35436	0.17236	0.05933	0.01838	0.00984	0.00291	0.00521	0.12893	0.00832	0.00819
28	0.02015	0.01957	0.03151	0.04683	0.60484	0.04603	0.02392	0.02480	0.01867	0.02612	0.01657	0.02351	0.01448	0.00805	0.00817	0.00246	0.00973	0.03794	0.00420	0.01244
29	0.01688	0.01461	0.01729	0.01255	0.01935	0.01162	0.01008	0.02038	0.01657	0.02605	0.01421	0.01688	0.01194	0.00648	0.00719	0.00134	0.04572	0.00494	0.00474	0.72120
30	0.01719	0.01558	0.02165	0.01546	0.02283	0.01232	0.10665	0.02129	0.01719	0.02637	0.01473	0.01761	0.01206	0.00614	0.00656	0.00144	0.00720	0.00555	0.00470	0.64747
31	0.77215	0.01569	0.01193	0.01067	0.01569	0.01820	0.00879	0.02385	0.01381	0.03641	0.01130	0.01318	0.00879	0.00753	0.00502	0.00251	0.00628	0.00439	0.00502	0.00879
32	0.01724	0.01638	0.02781	0.43477	0.30143	0.01853	0.02349	0.02242	0.01713	0.02306	0.01476	0.02101	0.01164	0.00776	0.00808	0.00259	0.01034	0.00722	0.00377	0.01056
33	0.02751	0.02209	0.02232	0.01817	0.02381	0.07528	0.01476	0.42682	0.16644	0.04345	0.02317	0.02553	0.01776	0.01063	0.00826	0.00255	0.00876	0.04201	0.00780	0.01288
34	0.01829	0.02698	0.21969	0.03097	0.07488	0.01953	0.40203	0.02559	0.01844	0.02596	0.01574	0.02022	0.01176	0.00707	0.00880	0.00260	0.01262	0.00822	0.00394	0.04667
35	0.01674	0.00995	0.01157	0.01067	0.01404	0.00884	0.00816	0.02022	0.05723	0.17882	0.06166	0.15510	0.37941	0.01815	0.00928	0.00277	0.00501	0.01535	0.00818	0.00885
36	0.01720	0.15786	0.56502	0.02155	0.03268	0.02111	0.02723	0.02546	0.01702	0.02457	0.01400	0.01643	0.01030	0.00758	0.00728	0.00243	0.01143	0.00571	0.00343	0.01172
37	0.01025	0.00749	0.00964	0.01071	0.01177	0.00688	0.00742	0.01232	0.01767	0.02375	0.19984	0.48416	0.12266	0.02274	0.01008	0.00305	0.00443	0.02038	0.00788	0.00688
38	0.01820	0.01699	0.03404	0.02700	0.06421	0.01589	0.37690	0.02313	0.01849	0.08161	0.02546	0.21001	0.02432	0.01222	0.00958	0.00285	0.01042	0.01301	0.00556	0.01011
39	0.01658	0.08076	0.63672	0.02260	0.03430	0.01960	0.02906	0.02562	0.01709	0.02532	0.01437	0.01690	0.01029	0.00767	0.00757	0.00252	0.01180	0.00590	0.00343	0.01190
40	0.01639	0.04114	0.64703	0.02358	0.03542	0.01891	0.05491	0.02571	0.01721	0.02571	0.01464	0.01733	0.01036	0.00767	0.00779	0.00258	0.01206	0.00614	0.00345	0.01195
41	0.01627	0.04197	0.67279	0.02313	0.03512	0.01884	0.02998	0.02570	0.01713	0.02570	0.01456	0.01713	0.01028	0.00771	0.00771	0.00257	0.01199	0.00600	0.00343	0.01199
42	0.01627	0.04197	0.67279	0.02313	0.03512	0.01884	0.02998	0.02570	0.01713	0.02570	0.01456	0.01713	0.01028	0.00771	0.00771	0.00257	0.01199	0.00600	0.00343	0.01199
43	0.01323	0.01238	0.02254	0.01895	0.02241	0.01154	0.21940	0.01673	0.01735	0.02292	0.03946	0.35400	0.11092	0.01834	0.01007	0.00308	0.00788	0.06427	0.00637	0.00816
44	0.00989	0.00706	0.00942	0.01130	0.01177	0.00659	0.00753	0.01130	0.01554	0.02071	0.04472	0.70954	0.05367	0.02542	0.01036	0.00330	0.00471	0.02307	0.00753	0.00659
45	0.01723	0.09043	0.55457	0.02165	0.03230	0.05722	0.02681	0.02544	0.01772	0.02522	0.04752	0.01893	0.01372	0.00815	0.00760	0.00248	0.01148	0.00628	0.00376	0.01150
46	0.03313	0.01756	0.04599	0.01550	0.02149	0.07840	0.01300	0.07267	0.02341	0.50515	0.02936	0.06445	0.02028	0.01064	0.00818	0.00251	0.00787	0.00858	0.00894	0.01289
47	0.01578	0.01513	0.02523	0.58160	0.05076	0.01903	0.04321	0.02075	0.01582	0.02075	0.01398	0.02112	0.01085	0.00889	0.01066	0.00282	0.10366	0.00728	0.00362	0.00906
48	0.01561	0.00820	0.00843	0.00821	0.01026	0.00835	0.00623	0.04304	0.01770	0.03064	0.02602	0.02989	0.02050	0.01142	0.03154	0.00234	0.00467	0.00760	0.70157	0.00780
49	0.05481	0.01483	0.02535	0.30483	0.08792	0.01660	0.12644	0.02032	0.01624	0.02292	0.01879	0.10934	0.01716	0.01136	0.01062	0.03846	0.05129	0.00951	0.03419	0.00901
50	0.05599	0.28050	0.32398	0.05304	0.02886	0.02338	0.02141	0.02537	0.01685	0.05739	0.01400	0.01627	0.01081	0.00779	0.00738	0.00230	0.03415	0.00554	0.00388	0.01110
51	0.01130	0.00813	0.01078	0.01106	0.01263	0.00761	0.00831	0.01454	0.02066	0.02868	0.43573	0.21932	0.06735	0.01943	0.00996	0.00288	0.00450	0.09134	0.00841	0.00738
52	0.05506	0.03973	0.61372	0.02355	0.05900	0.01883	0.02870	0.02557	0.01701	0.02628	0.01442	0.01705	0.01030	0.00768	0.00758	0.00256	0.01161	0.00596	0.00353	0.01186
53	0.15579	0.12667	0.09641	0.01761	0.02367	0.22473	0.01555	0.14354	0.07229	0.03027	0.01530	0.01658	0.01190	0.00841	0.00689	0.00228	0.01032	0.00575	0.00520	0.01083
54	0.01565	0.01422	0.02276	0.53111	0.04636	0.01797	0.02019	0.02038	0.01576	0.02150	0.01507	0.02193	0.01178	0.00912	0.01052	0.00275	0.10879	0.00723	0.07806	0.00885
55	0.01017	0.00744	0.01019	0.04661	0.01405	0.00718	0.00831	0.01179	0.01557	0.02071	0.04316	0.67402	0.05146	0.02453	0.01024	0.00326	0.00502	0.02225	0.00733	0.00672
56	0.06745	0.08199	0.09218	0.02023	0.02728	0.01898	0.16516	0.12425	0.04729	0.20570	0.02136	0.02208	0.01500	0.00859	0.00790	0.00247	0.00931	0.00762	0.04313	0.01201
57	0.01824	0.13391	0.54630	0.02133	0.03228	0.02026	0.02667	0.02634	0.01741	0.06360	0.01516	0.01719	0.01089	0.00774	0.00739	0.00245	0.01123	0.00590	0.00383	0.01188
58	0.01883	0.02178	0.07281	0.09294	0.14086	0.02003	0.45803	0.02535	0.01870	0.02561	0.01598	0.02136	0.01217	0.00705	0.00912	0.00267	0.01272	0.00884	0.00402	0.01113
59	0.04880	0.07372	0.42423	0.02536	0.03565	0.02007	0.20729	0.02563	0.01756	0.02585	0.01479	0.01814	0.01083	0.00740	0.00801	0.00257	0.01207	0.00689	0.00370	0.01146
60	0.01647	0.01182	0.01699	0.05203	0.01915	0.01257	0.09223	0.07358	0.01833	0.02853	0.02356	0.06818	0.01988	0.01624	0.08657	0.00356	0.04485	0.00883	0.37800	0.00862
61	0.02231	0.01713	0.01840	0.01583	0.02071	0.01899	0.01252	0.15287	0.41272	0.08602	0.03586	0.03335	0.09347	0.01176	0.00837	0.00267	0.00668	0.00963	0.00829	0.01243
62	0.01222	0.01087	0.01872	0.01649	0.01908	0.01010	0.16142	0.01497	0.01656	0.02191	0.04083	0.44295	0.10661	0.05266	0.01153	0.00331	0.00700	0.01859	0.00657	0.00761
63	0.47935	0.05631	0.05019	0.01249	0.01801	0.01836	0.01097	0.09360	0.01797	0.09344	0.01549	0.01678	0.01152	0.00814	0.00586	0.00241	0.00686	0.00540	0.06688	0.00996
64	0.01669	0.11644	0.57585	0.02158	0.03260	0.01988	0.02729	0.02513	0.01729	0.02523	0.03997	0.01841	0.01294	0.00798	0.00750	0.00248	0.01130	0.00616	0.00365	0.01164
65	0.00985	0.00721	0.00926	0.01090	0.01166	0.00662	0.00736	0.01134	0.01592	0.02087	0.04956	0.62806	0.13203	0.02479	0.01026	0.00322	0.00463	0.02230	0.00753	0.00662
66	0.01566	0.01465	0.02471	0.58541	0.05072	0.01803	0.05267	0.02083	0.01619	0.02142	0.01492	0.02186	0.01140	0.00848	0.00918	0.00271	0.05213	0.00734	0.04267	0.00903
67	0.01896	0.01859	0.06177	0.03643	0.39732	0.01778	0.04931	0.02626	0.12593	0.02626	0.01910	0.02459	0.01597	0.01072	0.01088	0.08772	0.00904	0.02709	0.00477	0.01150
68	0.01627	0.04197	0.67279	0.02313	0.03512	0.01884	0.02998	0.02570	0.01713	0.02570	0.01456	0.01713	0.01028	0.00771	0.00771	0.00257	0.01199	0.00600	0.00343	0.01199
69	0.01002	0.00716	0.00957	0.01145	0.01198	0.00670	0.00776	0.01153	0.01567	0.02086	0.04465	0.68390	0.05338	0.02530	0.01039	0.00331	0.00482	0.04740	0.00753	0.00663
70	0.17366	0.01873	0.01907	0.01597	0.02122	0.02115	0.01282	0.27855	0.24440	0.04076	0.02378	0.05548	0.01854	0.01050	0.00766	0.00260	0.00733	0.00814	0.00752	0.01212
71	0.01788	0.01820	0.02876	0.02338	0.02528	0.02318	0.14205	0.02156	0.03900	0.02138	0.01316	0.01967	0.01195	0.01452	0.04967	0.00375	0.50560	0.00775	0.00388	0.00938
72	0.02008	0.01928	0.03294	0.04981	0.66422	0.01928	0.02490	0.02490	0.01848	0.02651	0.01526	0.02008	0.01285	0.00723	0.00803	0.00241	0.00964	0.00723	0.00402	0.01285
73	0.68922	0.01648	0.01332	0.01157	0.01675	0.01898	0.00953	0.09246	0.01653	0.03805	0.01221	0.01389	0.00935	0.00778	0.00537	0.00250	0.00657	0.00472	0.00537	0.00935
74	0.03018	0.01285	0.01714	0.01359	0.01883	0.01145	0.01104	0.05851	0.02378	0.49079	0.18261	0.03522	0.03342	0.01161	0.00850	0.00252	0.00625	0.00969	0.00970	0.01233
75	0.00989	0.00706	0.00942	0.01130	0.01177	0.00659	0.00753	0.01130	0.01554	0.02071	0.04472	0.70954	0.05367	0.02542	0.01036	0.00330	0.00471	0.02307	0.00753	0.00659
76	0.01148	0.00829	0.01085	0.01021	0.01212	0.00766	0.00766	0.01531	0.02297	0.03254	0.65994	0.06061	0.07656	0.01659	0.00957	0.00255	0.00383	0.01467	0.00893	0.00766
77	0.77215	0.01569	0.01193	0.01067	0.01569	0.01820	0.00879	0.02385	0.01381	0.03641	0.01130	0.01318	0.00879	0.00753	0.00502	0.00251	0.00628	0.00439	0.00502	0.00879
78	0.03426	0.01333	0.01814	0.01407	0.01997	0.01156	0.01156	0.03746	0.02320	0.61491	0.08613	0.03046	0.02495	0.01061	0.00828	0.00251	0.00664	0.00872	0.00995	0.01328
79	0.00989	0.00706	0.00942	0.01130	0.01177	0.00659	0.00753	0.01130	0.01554	0.02071	0.04472	0.70954	0.05367	0.02542	0.01036	0.00330	0.00471	0.02307	0.00753	0.00659
80	0.01532	0.01442	0.02434	0.69533	0.05589	0.01803	0.02253	0.02073	0.01622	0.02073	0.01442	0.02163	0.01082	0.00811	0.00811	0.00270	0.01082	0.00721	0.00361	0.00901
81	0.09175	0.01395	0.01831	0.01415	0.02034	0.01240	0.01169	0.03836	0.02252	0.62219	0.03045	0.02653	0.01924	0.00985	0.00792	0.00251	0.00686	0.00788	0.00967	0.01343
82	0.03047	0.03386	0.02340	0.02023	0.02511	0.48410	0.01560	0.21478	0.02757	0.02929	0.01464	0.01610	0.01146	0.00878	0.00756	0.00219	0.01291	0.00585	0.00537	0.01073
83	0.00989	0.00706	0.00942	0.01130	0.01177	0.00659	0.00753	0.01130	0.01554	0.02071	0.04472	0.70954	0.05367	0.02542	0.01036	0.00330	0.00471	0.02307	0.00753	0.00659
84	0.02008	0.01928	0.03294	0.04981	0.66422	0.01928	0.02490	0.02490	0.01848	0.02651	0.01526	0.02008	0.01285	0.00723	0.00803	0.00241	0.00964	0.00723	0.00402	0.01285
85	0.01699	0.10039	0.56664	0.02320	0.03444	0.02015	0.07726	0.02560	0.01724	0.02514	0.01442	0.01715	0.01045	0.00757	0.00764	0.00251	0.01183	0.00614	0.00348	0.01177
86	0.02008	0.01928	0.03294	0.04981	0.66422	0.01928	0.02490	0.02490	0.01848	0.02651	0.01526	0.02008	0.01285	0.00723	0.00803	0.00241	0.00964	0.00723	0.00402	0.01285
87	0.01627	0.04197	0.67279	0.02313	0.03512	0.01884	0.02998	0.02570	0.01713	0.02570	0.01456	0.01713	0.01028	0.00771	0.00771	0.00257	0.01199	0.00600	0.00343	0.01199
88	0.01532	0.01442	0.02434	0.69533	0.05589	0.01803	0.02253	0.02073	0.01622	0.02073	0.01442	0.02163	0.01082	0.00811	0.00811	0.00270	0.01082	0.00721	0.00361	0.00901
89	0.01861	0.01838	0.02464	0.14917	0.02827	0.05440	0.01843	0.05482	0.01508	0.02154	0.01195	0.01844	0.01085	0.01252	0.02117	0.00326	0.49838	0.00705	0.00385	0.00920
90	0.01180	0.00787	0.00885	0.00885	0.00885	0.00787	0.00492	0.01180	0.01180	0.01573	0.02557	0.05310	0.02950	0.71483	0.04130	0.00787	0.00787	0.01180	0.00492	0.00492
91	0.00989	0.00706	0.00942	0.01130	0.01177	0.00659	0.00753	0.01130	0.01554	0.02071	0.04472	0.70954	0.05367	0.02542	0.01036	0.00330	0.00471	0.02307	0.00753	0.00659
92	0.01696	0.12781	0.59297	0.02196	0.03331	0.02052	0.02794	0.02552	0.01705	0.02486	0.01415	0.01661	0.01030	0.00761	0.00739	0.00246	0.01157	0.00579	0.00343	0.01179
93	0.01627	0.04197	0.67279	0.02313	0.03512	0.01884	0.02998	0.02570	0.01713	0.02570	0.01456	0.01713	0.01028	0.00771	0.00771	0.00257	0.01199	0.00600	0.00343	0.01199
94	0.00989	0.00706	0.00942	0.01130	0.01177	0.00659	0.00753	0.01130	0.01554	0.02071	0.04472	0.70954	0.05367	0.02542	0.01036	0.00330	0.00471	0.02307	0.00753	0.00659
95	0.02008	0.01928	0.03294	0.04981	0.66422	0.01928	0.02490	0.02490	0.01848	0.02651	0.01526	0.02008	0.01285	0.00723	0.00803	0.00241	0.00964	0.00723	0.00402	0.01285
96	0.01720	0.01682	0.02483	0.43743	0.04366	0.05911	0.05255	0.04524	0.01693	0.02194	0.01549	0.05561	0.01315	0.01010	0.01157	0.00284	0.13431	0.00801	0.00403	0.00918
97	0.01532	0.01442	0.02434	0.69533	0.05589	0.01803	0.02253	0.02073	0.01622	0.02073	0.01442	0.02163	0.01082	0.00811	0.00811	0.00270	0.01082	0.00721	0.00361	0.00901
98	0.03085	0.02273	0.02435	0.01867	0.02516	0.02516	0.01542	0.63716	0.03815	0.05114	0.01948	0.01948	0.01380	0.00974	0.00812	0.00244	0.00893	0.00731	0.00812	0.01380
99	0.01775	0.01775	0.02485	0.02130	0.02130	0.02485	0.01775	0.01953	0.01243	0.01953	0.01065	0.01775	0.01065	0.01420	0.02663	0.00355	0.69998	0.00710	0.00355	0.00888
100	0.01520	0.01024	0.01411	0.27590	0.02757	0.01165	0.01225	0.01962	0.01671	0.02654	0.02177	0.02689	0.01690	0.00893	0.00662	0.00221	0.00653	0.00743	0.46482	0.00813
101	0.02965	0.02214	0.02368	0.01843	0.02471	0.02461	0.01513	0.57071	0.10654	0.04921	0.02100	0.02069	0.01503	0.00988	0.00813	0.00247	0.00865	0.00751	0.00813	0.01369
102	0.02070	0.01852	0.01859	0.01674	0.02130	0.05402	0.01299	0.04257	0.61753	0.03322	0.03198	0.02947	0.02404	0.01087	0.00821	0.00272	0.00684	0.00897	0.00805	0.01267
103	0.05579	0.00964	0.01168	0.01060	0.01363	0.00876	0.00815	0.01920	0.02101	0.14960	0.33053	0.09331	0.20423	0.01635	0.00911	0.00263	0.00466	0.01398	0.00851	0.00862
104	0.00989	0.00706	0.00942	0.01130	0.01177	0.00659	0.00753	0.01130	0.01554	0.02071	0.04472	0.70954	0.05367	0.02542	0.01036	0.00330	0.00471	0.02307	0.00753	0.00659
105	0.07098	0.03619	0.02248	0.02036	0.02434	0.60759	0.01541	0.03119	0.02188	0.02076	0.01236	0.01473	0.01037	0.00865	0.00829	0.00220	0.05339	0.00529	0.00419	0.00934
106	0.06204	0.01783	0.01825	0.01616	0.02094	0.04646	0.01265	0.04128	0.52323	0.10147	0.03093	0.02844	0.02284	0.01061	0.00804	0.00269	0.00680	0.00865	0.00811	0.01259
107	0.01642	0.04093	0.64053	0.02370	0.03550	0.01893	0.06120	0.02571	0.01724	0.02571	0.01466	0.01738	0.01038	0.00766	0.00781	0.00258	0.01208	0.00618	0.00346	0.01194
108	0.00989	0.00706	0.00942	0.01130	0.01177	0.00659	0.00753	0.01130	0.01554	0.02071	0.04472	0.70954	0.05367	0.02542	0.01036	0.00330	0.00471	0.02307	0.00753	0.00659
109	0.01915	0.02189	0.04788	0.03420	0.04241	0.02052	0.63475	0.02599	0.01915	0.02599	0.01642	0.02189	0.01231	0.00684	0.00958	0.00274	0.01368	0.00958	0.00410	0.01094
110	0.01984	0.01903	0.03249	0.08313	0.63281	0.01921	0.02478	0.02469	0.01836	0.02621	0.01522	0.02016	0.01275	0.00728	0.00804	0.00243	0.00970	0.00723	0.00400	0.01265
111	0.01915	0.02189	0.04788	0.03420	0.04241	0.02052	0.63475	0.02599	0.01915	0.02599	0.01642	0.02189	0.01231	0.00684	0.00958	0.00274	0.01368	0.00958	0.00410	0.01094
112	0.02156	0.01752	0.01868	0.01652	0.02129	0.02002	0.01293	0.07360	0.58598	0.06733	0.03227	0.02958	0.02396	0.01089	0.00824	0.00272	0.00658	0.00903	0.00834	0.01294
113	0.01648	0.04077	0.63900	0.02454	0.06834	0.01887	0.02971	0.02566	0.01720	0.02574	0.01460	0.01729	0.01041	0.00768	0.00773	0.00256	0.01187	0.00606	0.00346	0.01204
114	0.03333	0.01388	0.01834	0.01442	0.02027	0.01255	0.01178	0.03856	0.08830	0.56820	0.06715	0.02973	0.02372	0.01051	0.00825	0.00254	0.00668	0.00863	0.00980	0.01337
115	0.03641	0.01381	0.01883	0.01444	0.02071	0.01193	0.01193	0.03954	0.02322	0.66984	0.03201	0.02762	0.02009	0.01004	0.00816	0.00251	0.00690	0.00816	0.01004	0.01381
116	0.03641	0.01381	0.01883	0.01444	0.02071	0.01193	0.01193	0.03954	0.02322	0.66984	0.03201	0.02762	0.02009	0.01004	0.00816	0.00251	0.00690	0.00816	0.01004	0.01381
117	0.01159	0.00869	0.01304	0.01304	0.01449	0.01014	0.01014	0.01449	0.01304	0.01884	0.02173	0.03188	0.02029	0.06086	0.68268	0.01304	0.02173	0.00869	0.00435	0.00724
118	0.00989	0.00706	0.00942	0.01130	0.01177	0.00659	0.00753	0.01130	0.01554	0.02071	0.04472	0.70954	0.05367	0.02542	0.01036	0.00330	0.00471	0.02307	0.00753	0.00659
119	0.03085	0.02273	0.02435	0.01867	0.02516	0.02516	0.01542	0.63716	0.03815	0.05114	0.01948	0.01948	0.01380	0.00974	0.00812	0.00244	0.00893	0.00731	0.00812	0.01380
120	0.01180	0.00787	0.00885	0.00885	0.00885	0.00787	0.00492	0.01180	0.01180	0.01573	0.02557	0.05310	0.02950	0.71483	0.04130	0.00787	0.00787	0.01180	0.00492	0.00492
121	0.01915	0.02189	0.04788	0.03420	0.04241	0.02052	0.63475	0.02599	0.01915	0.02599	0.01642	0.02189	0.01231	0.00684	0.00958	0.00274	0.01368	0.00958	0.00410	0.01094
122	0.00989	0.00706	0.00942	0.01130	0.01177	0.00659	0.00753	0.01130	0.01554	0.02071	0.04472	0.70954	0.05367	0.02542	0.01036	0.00330	0.00471	0.02307	0.00753	0.00659
123	0.01775	0.01775	0.02485	0.02130	0.02130	0.02485	0.01775	0.01953	0.01243	0.01953	0.01065	0.01775	0.01065	0.01420	0.02663	0.00355	0.69998	0.00710	0.00355	0.00888
124	0.07028	0.01490	0.01912	0.01473	0.02098	0.01370	0.01217	0.10566	0.02445	0.57093	0.02964	0.02603	0.01885	0.00989	0.00801	0.00250	0.00710	0.00789	0.00959	0.01357
125	0.03641	0.01381	0.01883	0.01444	0.02071	0.01193	0.01193	0.03954	0.02322	0.66984	0.03201	0.02762	0.02009	0.01004	0.00816	0.00251	0.00690	0.00816	0.01004	0.01381
126	0.01646	0.01559	0.02640	0.54066	0.20165	0.01833	0.02310	0.02173	0.01676	0.02212	0.01462	0.02126	0.01130	0.00790	0.00809	0.00263	0.01053	0.00722	0.00370	0.00993
127	0.01915	0.02189	0.04788	0.03420	0.04241	0.02052	0.63475	0.02599	0.01915	0.02599	0.01642	0.02189	0.01231	0.00684	0.00958	0.00274	0.01368	0.00958	0.00410	0.01094
128	0.02068	0.01947	0.03246	0.04807	0.62857	0.01961	0.02437	0.05906	0.01957	0.02788	0.01550	0.02005	0.01291	0.00737	0.00804	0.00241	0.00960	0.00723	0.00425	0.01291
129	0.01002	0.00716	0.00957	0.01145	0.01198	0.00670	0.00776	0.01153	0.01566	0.02086	0.04465	0.68412	0.05338	0.02530	0.01039	0.00331	0.00482	0.04719	0.00753	0.00663
130	0.01817	0.01898	0.03170	0.02514	0.02758	0.02356	0.20125	0.02145	0.01443	0.02145	0.01237	0.01898	0.01115	0.01201	0.02156	0.00331	0.49587	0.00784	0.00372	0.00949
131	0.01776	0.01990	0.06564	0.02544	0.02900	0.02204	0.23665	0.02170	0.01522	0.02220	0.01470	0.05572	0.01349	0.01185	0.01875	0.00320	0.38438	0.00876	0.00395	0.00965
132	0.01915	0.02189	0.04788	0.03420	0.04241	0.02052	0.63475	0.02599	0.01915	0.02599	0.01642	0.02189	0.01231	0.00684	0.00958	0.00274	0.01368	0.00958	0.00410	0.01094
133	0.01598	0.01548	0.02734	0.59023	0.08581	0.01836	0.08914	0.02152	0.01666	0.02160	0.01468	0.02158	0.01108	0.00793	0.00827	0.00269	0.01107	0.00747	0.00368	0.00942
134	0.01251	0.00986	0.01512	0.11077	0.02178	0.01012	0.04514	0.01576	0.01717	0.02252	0.03819	0.31184	0.04245	0.02071	0.01036	0.00337	0.00723	0.27079	0.00677	0.00754
135	0.01867	0.02047	0.04283	0.07523	0.12708	0.01963	0.48851	0.02492	0.01873	0.02553	0.01730	0.04997	0.01400	0.00774	0.00931	0.00271	0.01258	0.00967	0.00420	0.01091
136	0.01849	0.02061	0.04386	0.03159	0.03930	0.01916	0.56208	0.02484	0.01881	0.02572	0.01787	0.05995	0.01460	0.00783	0.00940	0.00267	0.01272	0.01004	0.00434	0.05611
137	0.01746	0.01495	0.02471	0.52641	0.04818	0.01761	0.05296	0.02245	0.01677	0.07394	0.01574	0.02163	0.01171	0.00841	0.00910	0.00265	0.04881	0.00726	0.00422	0.05502
138	0.02016	0.02023	0.04146	0.06485	0.03903	0.01936	0.48781	0.02620	0.01887	0.07766	0.01719	0.02186	0.01277	0.00748	0.01001	0.00267	0.04588	0.00895	0.00457	0.05301
139	0.44134	0.01556	0.01877	0.08784	0.02392	0.01682	0.09887	0.02336	0.01560	0.06213	0.01626	0.07272	0.01389	0.00898	0.00664	0.00255	0.00770	0.00715	0.00517	0.05472

[dist]
# distance from previous block
# <min> <max>
11	54

[block]
# block no. 2 follows, 23 sequences, length 11
# corresponding to MSA columns:
# 295-305
name=unknown_C
#
# <colnr> <probs for GDERKNQSTAVLIFYWHMCP>
#	G	D	E	R	K	N	Q	S	T	A	V	L	I	F	Y	W	H	M	C	P
0	0.02618	0.05022	0.02411	0.01751	0.02413	0.02110	0.04805	0.37209	0.07392	0.06842	0.01933	0.01986	0.01422	0.00873	0.00762	0.00217	0.00827	0.00692	0.00705	0.18010
1	0.02577	0.01960	0.02113	0.01643	0.02252	0.02074	0.01340	0.43632	0.07600	0.04314	0.02597	0.02573	0.07947	0.01034	0.00795	0.00230	0.00781	0.00804	0.00755	0.12979
2	0.01770	0.01520	0.01722	0.01319	0.01972	0.01325	0.01045	0.02633	0.18131	0.02839	0.01926	0.02032	0.01533	0.00731	0.00659	0.00160	0.00612	0.00594	0.00570	0.56906
3	0.05168	0.01329	0.01511	0.01309	0.01659	0.01398	0.01025	0.16584	0.11277	0.03728	0.39321	0.04459	0.05157	0.01380	0.00884	0.00255	0.00550	0.01171	0.00847	0.00987
4	0.01242	0.00951	0.01153	0.01081	0.01318	0.00924	0.00817	0.01859	0.10671	0.03140	0.50314	0.05872	0.14288	0.01633	0.00940	0.00260	0.00421	0.01424	0.00867	0.00825
5	0.01944	0.01863	0.03178	0.13665	0.58237	0.01911	0.02458	0.02434	0.01817	0.02573	0.01515	0.02029	0.01258	0.00735	0.00804	0.00245	0.00980	0.00723	0.00396	0.01234
6	0.01683	0.01442	0.01683	0.01202	0.01923	0.01082	0.00961	0.02043	0.01683	0.02644	0.01442	0.01683	0.01202	0.00601	0.00601	0.00120	0.00601	0.00481	0.00481	0.76444
7	0.02008	0.01928	0.03294	0.04981	0.66422	0.01928	0.02490	0.02490	0.01848	0.02651	0.01526	0.02008	0.01285	0.00723	0.00803	0.00241	0.00964	0.00723	0.00402	0.01285
8	0.01564	0.01504	0.02628	0.64077	0.05477	0.01823	0.07306	0.02117	0.01647	0.02117	0.01459	0.02165	0.01094	0.00801	0.00823	0.00271	0.01105	0.00741	0.00365	0.00917
9	0.01711	0.01624	0.02756	0.45338	0.28389	0.01850	0.02342	0.02230	0.01707	0.02290	0.01474	0.02105	0.01158	0.00778	0.00808	0.00259	0.01038	0.00722	0.00376	0.01045
10	0.11259	0.02135	0.02340	0.02067	0.07613	0.04866	0.01566	0.38521	0.05550	0.04125	0.01732	0.01885	0.01306	0.00988	0.01022	0.00259	0.10177	0.00694	0.00667	0.01228

[dist]
# distance from previous block
# <min> <max>
1	5

[block]
# block no. 3 follows, 23 sequences, length 43
# corresponding to MSA columns:
# 312-354
name=unknown_D
#
# <colnr> <probs for GDERKNQSTAVLIFYWHMCP>
#	G	D	E	R	K	N	Q	S	T	A	V	L	I	F	Y	W	H	M	C	P
0	0.10351	0.01602	0.02199	0.38209	0.06933	0.01856	0.01809	0.14326	0.02048	0.02962	0.01585	0.02050	0.01194	0.00832	0.00752	0.00250	0.00924	0.00683	0.05102	0.04334
1	0.02897	0.01801	0.02133	0.01738	0.02230	0.01889	0.01393	0.23207	0.08041	0.23555	0.11082	0.03069	0.02640	0.01253	0.01116	0.00296	0.08541	0.00924	0.00884	0.01313
2	0.02547	0.02185	0.02942	0.02242	0.02825	0.05381	0.17367	0.34794	0.02849	0.03850	0.01777	0.02028	0.01330	0.00942	0.01040	0.00259	0.08790	0.00778	0.04879	0.01196
3	0.01899	0.01391	0.01577	0.01411	0.01731	0.01465	0.01070	0.27887	0.02549	0.03404	0.06211	0.31825	0.06929	0.05346	0.01091	0.00310	0.00660	0.01506	0.00771	0.00965
4	0.01557	0.01468	0.02479	0.66144	0.08782	0.01809	0.02266	0.02095	0.01634	0.02104	0.01447	0.02155	0.01092	0.00807	0.00811	0.00269	0.01075	0.00721	0.00363	0.00922
5	0.02134	0.01155	0.01478	0.01283	0.01662	0.01102	0.01017	0.02768	0.11315	0.24993	0.32030	0.04671	0.04812	0.01388	0.00899	0.00263	0.00546	0.04521	0.00913	0.01050
6	0.01663	0.06814	0.61830	0.02328	0.03489	0.01945	0.05767	0.02565	0.01720	0.02545	0.01452	0.01719	0.01038	0.00764	0.00770	0.00254	0.01194	0.00610	0.00346	0.01188
7	0.01526	0.01403	0.02361	0.65925	0.05350	0.01745	0.02172	0.02020	0.01593	0.02038	0.01440	0.02179	0.01099	0.00917	0.00936	0.04282	0.01062	0.00720	0.00360	0.00872
8	0.03353	0.01532	0.01939	0.01520	0.02127	0.01457	0.01245	0.10754	0.11170	0.51184	0.03074	0.02707	0.02002	0.01014	0.00817	0.00254	0.00707	0.00820	0.00958	0.01367
9	0.01532	0.01442	0.02434	0.69533	0.05589	0.01803	0.02253	0.02073	0.01622	0.02073	0.01442	0.02163	0.01082	0.00811	0.00811	0.00270	0.01082	0.00721	0.00361	0.00901
10	0.01627	0.04197	0.67279	0.02313	0.03512	0.01884	0.02998	0.02570	0.01713	0.02570	0.01456	0.01713	0.01028	0.00771	0.00771	0.00257	0.01199	0.00600	0.00343	0.01199
11	0.01513	0.00756	0.00756	0.00756	0.00945	0.00756	0.00567	0.01891	0.01702	0.03025	0.02647	0.03025	0.02080	0.00945	0.00567	0.00189	0.00378	0.00756	0.75988	0.00756
12	0.01148	0.00829	0.01085	0.01021	0.01212	0.00766	0.00766	0.01531	0.02297	0.03254	0.65994	0.06061	0.07656	0.01659	0.00957	0.00255	0.00383	0.01467	0.00893	0.00766
13	0.01683	0.01442	0.01683	0.01202	0.01923	0.01082	0.00961	0.02043	0.01683	0.02644	0.01442	0.01683	0.01202	0.00601	0.00601	0.00120	0.00601	0.00481	0.00481	0.76444
14	0.01281	0.01199	0.01795	0.21991	0.02851	0.01229	0.08185	0.01724	0.04246	0.02248	0.05235	0.05280	0.36621	0.01487	0.00909	0.00273	0.00731	0.01296	0.00599	0.00820
15	0.01627	0.04197	0.67279	0.02313	0.03512	0.01884	0.02998	0.02570	0.01713	0.02570	0.01456	0.01713	0.01028	0.00771	0.00771	0.00257	0.01199	0.00600	0.00343	0.01199
16	0.01732	0.01646	0.02795	0.42412	0.31147	0.01855	0.02353	0.02248	0.01717	0.02316	0.01478	0.02098	0.01167	0.00774	0.00808	0.00258	0.01032	0.00722	0.00378	0.01063
17	0.01148	0.00829	0.01085	0.01021	0.01212	0.00766	0.00766	0.01531	0.02297	0.03254	0.65994	0.06061	0.07656	0.01659	0.00957	0.00255	0.00383	0.01467	0.00893	0.00766
18	0.01623	0.01339	0.01501	0.01467	0.01784	0.01477	0.01138	0.03028	0.37589	0.02888	0.04009	0.18361	0.07329	0.01645	0.00926	0.00303	0.00610	0.11160	0.00793	0.01030
19	0.72830	0.01522	0.01167	0.01049	0.01533	0.01759	0.00861	0.02357	0.01399	0.03605	0.01218	0.01417	0.00948	0.00764	0.00506	0.00247	0.00613	0.00458	0.04875	0.00872
20	0.01683	0.01442	0.01683	0.01202	0.01923	0.01082	0.00961	0.02043	0.01683	0.02644	0.01442	0.01683	0.01202	0.00601	0.00601	0.00120	0.00601	0.00481	0.00481	0.76444
21	0.03013	0.02259	0.22273	0.01715	0.02521	0.01408	0.01756	0.03523	0.02132	0.46900	0.02657	0.02435	0.01703	0.00932	0.00802	0.00253	0.00849	0.00749	0.00798	0.01324
22	0.01627	0.04197	0.67279	0.02313	0.03512	0.01884	0.02998	0.02570	0.01713	0.02570	0.01456	0.01713	0.01028	0.00771	0.00771	0.00257	0.01199	0.00600	0.00343	0.01199
23	0.01683	0.01442	0.01683	0.01202	0.01923	0.01082	0.00961	0.02043	0.01683	0.02644	0.01442	0.01683	0.01202	0.00601	0.00601	0.00120	0.00601	0.00481	0.00481	0.76444
24	0.01899	0.01483	0.01681	0.01593	0.01981	0.01650	0.01286	0.03512	0.42733	0.06695	0.03591	0.04827	0.03100	0.01433	0.00913	0.00303	0.00676	0.18699	0.00812	0.01131
25	0.03641	0.01381	0.01883	0.01444	0.02071	0.01193	0.01193	0.03954	0.02322	0.66984	0.03201	0.02762	0.02009	0.01004	0.00816	0.00251	0.00690	0.00816	0.01004	0.01381
26	0.01308	0.00934	0.01308	0.01494	0.01681	0.00934	0.01308	0.01681	0.01868	0.02428	0.04296	0.09153	0.04670	0.02242	0.01121	0.00374	0.00747	0.60960	0.00747	0.00747
27	0.01683	0.01442	0.01683	0.01202	0.01923	0.01082	0.00961	0.02043	0.01683	0.02644	0.01442	0.01683	0.01202	0.00601	0.00601	0.00120	0.00601	0.00481	0.00481	0.76444
28	0.02169	0.71972	0.04252	0.01388	0.02083	0.03211	0.01388	0.02430	0.01649	0.01909	0.01128	0.01302	0.01041	0.00694	0.00521	0.00174	0.00868	0.00434	0.00347	0.01041
29	0.01683	0.01442	0.01683	0.01202	0.01923	0.01082	0.00961	0.02043	0.01683	0.02644	0.01442	0.01683	0.01202	0.00601	0.00601	0.00120	0.00601	0.00481	0.00481	0.76444
30	0.03641	0.01381	0.01883	0.01444	0.02071	0.01193	0.01193	0.03954	0.02322	0.66984	0.03201	0.02762	0.02009	0.01004	0.00816	0.00251	0.00690	0.00816	0.01004	0.01381
31	0.00989	0.00706	0.00942	0.01130	0.01177	0.00659	0.00753	0.01130	0.01554	0.02071	0.04472	0.70954	0.05367	0.02542	0.01036	0.00330	0.00471	0.02307	0.00753	0.00659
32	0.01180	0.00787	0.00885	0.00885	0.00885	0.00787	0.00492	0.01180	0.01180	0.01573	0.02557	0.05310	0.02950	0.71483	0.04130	0.00787	0.00787	0.01180	0.00492	0.00492
33	0.00989	0.00706	0.00942	0.01130	0.01177	0.00659	0.00753	0.01130	0.01554	0.02071	0.04472	0.70954	0.05367	0.02542	0.01036	0.00330	0.00471	0.02307	0.00753	0.00659
34	0.01748	0.01765	0.02468	0.05735	0.02391	0.05665	0.06190	0.02000	0.01377	0.01998	0.01301	0.02018	0.01219	0.01989	0.11980	0.00476	0.47682	0.00742	0.00374	0.00882
35	0.01758	0.01487	0.01723	0.01238	0.01955	0.01159	0.00993	0.05368	0.01798	0.02777	0.01469	0.01697	0.01211	0.00621	0.00612	0.00127	0.00617	0.00494	0.00499	0.72397
36	0.01503	0.01346	0.02235	0.41588	0.04049	0.01636	0.05158	0.01872	0.01504	0.01999	0.01633	0.05784	0.01432	0.01665	0.07544	0.08668	0.08347	0.00826	0.00389	0.00822
37	0.01532	0.01442	0.02434	0.69533	0.05589	0.01803	0.02253	0.02073	0.01622	0.02073	0.01442	0.02163	0.01082	0.00811	0.00811	0.00270	0.01082	0.00721	0.00361	0.00901
38	0.01656	0.01612	0.02463	0.09750	0.05863	0.01996	0.07278	0.01942	0.01448	0.02120	0.01689	0.11658	0.01711	0.01358	0.01848	0.00314	0.38400	0.00947	0.00427	0.05520
39	0.01911	0.01469	0.02348	0.50644	0.04616	0.01778	0.02023	0.02373	0.01696	0.12865	0.01693	0.02219	0.01234	0.00912	0.01020	0.00277	0.08741	0.00736	0.00467	0.00980
40	0.03028	0.01622	0.01924	0.01541	0.02070	0.05069	0.01249	0.12146	0.04808	0.39547	0.06335	0.05804	0.02274	0.01112	0.00929	0.00254	0.04744	0.00879	0.00865	0.03800
41	0.01575	0.01478	0.02400	0.61840	0.05194	0.01852	0.02169	0.02204	0.05479	0.02148	0.01536	0.02196	0.01166	0.00861	0.00909	0.00275	0.04673	0.00733	0.00389	0.00924
42	0.02420	0.01902	0.02242	0.05859	0.02542	0.01969	0.04116	0.35151	0.06393	0.03944	0.01969	0.05205	0.01559	0.00936	0.00775	0.00221	0.00817	0.00761	0.00680	0.20539

[dist]
# distance from previous block
# <min> <max>
7	23

[block]
# block no. 4 follows, 23 sequences, length 6
# corresponding to MSA columns:
# 382-387
name=unknown_E
#
# <colnr> <probs for GDERKNQSTAVLIFYWHMCP>
#	G	D	E	R	K	N	Q	S	T	A	V	L	I	F	Y	W	H	M	C	P
0	0.12136	0.05588	0.28251	0.02346	0.12461	0.08661	0.02117	0.02839	0.01855	0.13897	0.01696	0.01848	0.01221	0.00806	0.00735	0.00245	0.01014	0.00621	0.00496	0.01169
1	0.35426	0.07697	0.04768	0.01469	0.02010	0.01780	0.07752	0.06751	0.01879	0.06945	0.13805	0.02462	0.02335	0.00945	0.00691	0.00247	0.00728	0.00740	0.00598	0.00972
2	0.58398	0.09123	0.07861	0.01261	0.01857	0.02006	0.01168	0.05617	0.01568	0.03437	0.01204	0.01387	0.00936	0.00760	0.00546	0.00243	0.00721	0.00469	0.00487	0.00952
3	0.55949	0.01600	0.01647	0.01338	0.01905	0.01713	0.06931	0.02496	0.01541	0.08565	0.01380	0.01558	0.01039	0.00751	0.00582	0.00239	0.00701	0.00524	0.00532	0.09011
4	0.01651	0.09470	0.48784	0.02202	0.03214	0.01895	0.08435	0.02450	0.01789	0.02589	0.08339	0.02188	0.01757	0.00851	0.00787	0.00251	0.01100	0.00712	0.00408	0.01129
5	0.24995	0.09649	0.20218	0.06835	0.02985	0.01992	0.13856	0.02542	0.01670	0.06185	0.01449	0.01730	0.01079	0.00756	0.00705	0.00250	0.00988	0.00623	0.00441	0.01052

[dist]
# distance from previous block
# <min> <max>
22	33

# created by:
# /st0/software/busco_prod/Augustus/scripts/msa2prfl.pl ./align_prep/118146.fa
