[name]
unknown

[dist]
# distance from previous block
# <min> <max>
0	67

[block]
# block no. 0 follows, 23 sequences, length 9
# corresponding to MSA columns:
# 67-75
name=unknown_A
#
# <colnr> <probs for GDERKNQSTAVLIFYWHMCP>
#	G	D	E	R	K	N	Q	S	T	A	V	L	I	F	Y	W	H	M	C	P
0	0.02245	0.01762	0.02342	0.01928	0.02436	0.01855	0.10448	0.31909	0.02819	0.03747	0.02929	0.04586	0.05072	0.01392	0.00940	0.00292	0.00895	0.20571	0.00730	0.01102
1	0.20002	0.02117	0.18341	0.01560	0.02285	0.01495	0.01561	0.03134	0.01949	0.33186	0.05013	0.02305	0.01744	0.00915	0.00738	0.00253	0.00792	0.00702	0.00715	0.01192
2	0.01267	0.00977	0.01184	0.01222	0.01401	0.01000	0.00879	0.01966	0.16377	0.02678	0.19867	0.38751	0.05283	0.01985	0.00967	0.00298	0.00488	0.01772	0.00806	0.00831
3	0.18669	0.00977	0.01141	0.01208	0.01404	0.01054	0.00923	0.01574	0.01492	0.02433	0.03092	0.29387	0.03388	0.02991	0.18043	0.00565	0.00977	0.09329	0.00613	0.00738
4	0.01970	0.01692	0.02427	0.25179	0.20282	0.01855	0.01897	0.17748	0.02274	0.03018	0.02581	0.02890	0.10681	0.01010	0.00831	0.00256	0.00905	0.00868	0.00544	0.01094
5	0.02385	0.18157	0.02780	0.01792	0.02259	0.02596	0.01529	0.25191	0.11566	0.03319	0.01731	0.01912	0.01381	0.01042	0.01218	0.00260	0.18447	0.00684	0.00590	0.01162
6	0.40833	0.01699	0.01795	0.18685	0.02811	0.01976	0.01382	0.16462	0.02004	0.03582	0.01398	0.01679	0.01046	0.00819	0.00652	0.00254	0.00804	0.00578	0.00538	0.01000
7	0.20814	0.01183	0.01275	0.01192	0.01453	0.01301	0.00892	0.02216	0.16069	0.02704	0.11182	0.02827	0.02431	0.01727	0.01628	0.28345	0.00624	0.00797	0.00579	0.00762
8	0.01310	0.01165	0.01662	0.17129	0.02426	0.01392	0.01340	0.01562	0.01533	0.02059	0.03451	0.28263	0.12127	0.01786	0.01387	0.00314	0.18307	0.01448	0.00561	0.00777

[dist]
# distance from previous block
# <min> <max>
0	4

[block]
# block no. 1 follows, 23 sequences, length 102
# corresponding to MSA columns:
# 80-181
name=unknown_B
#
# <colnr> <probs for GDERKNQSTAVLIFYWHMCP>
#	G	D	E	R	K	N	Q	S	T	A	V	L	I	F	Y	W	H	M	C	P
0	0.01413	0.00914	0.04241	0.04785	0.01406	0.00824	0.00884	0.01190	0.01125	0.01509	0.01479	0.02578	0.01463	0.06568	0.02987	0.64362	0.00753	0.00728	0.00360	0.00430
1	0.01688	0.01486	0.02337	0.58750	0.05011	0.01814	0.02085	0.08279	0.01848	0.02435	0.01563	0.02191	0.01169	0.00835	0.00797	0.00263	0.01022	0.00724	0.04760	0.00941
2	0.01865	0.02058	0.04308	0.03384	0.10223	0.01980	0.50818	0.02473	0.01856	0.02544	0.01766	0.06110	0.01467	0.00830	0.01027	0.00277	0.04509	0.01000	0.00427	0.01079
3	0.02557	0.01888	0.02048	0.01704	0.02247	0.02104	0.01364	0.24826	0.37246	0.10646	0.02823	0.02626	0.02048	0.01047	0.00820	0.00262	0.00734	0.00842	0.00840	0.01328
4	0.03004	0.02060	0.02265	0.01768	0.02377	0.02237	0.01448	0.50071	0.06808	0.12799	0.02294	0.05208	0.01698	0.01055	0.00823	0.00250	0.00835	0.00822	0.00834	0.01343
5	0.01099	0.00834	0.01024	0.00994	0.01208	0.00759	0.00756	0.01424	0.02102	0.02840	0.43100	0.06624	0.25010	0.01979	0.03588	0.00307	0.00478	0.04310	0.00826	0.00739
6	0.00989	0.00706	0.00942	0.01130	0.01177	0.00659	0.00753	0.01130	0.01554	0.02071	0.04472	0.70954	0.05367	0.02542	0.01036	0.00330	0.00471	0.02307	0.00753	0.00659
7	0.01947	0.01866	0.03184	0.13242	0.58636	0.01912	0.02460	0.02437	0.01819	0.02577	0.01516	0.02028	0.01259	0.00734	0.00804	0.00245	0.00979	0.00723	0.00396	0.01236
8	0.01532	0.01442	0.02434	0.69533	0.05589	0.01803	0.02253	0.02073	0.01622	0.02073	0.01442	0.02163	0.01082	0.00811	0.00811	0.00270	0.01082	0.00721	0.00361	0.00901
9	0.01409	0.00705	0.01057	0.01057	0.01057	0.00705	0.00705	0.01057	0.01057	0.01409	0.01409	0.02467	0.01409	0.02819	0.03171	0.76392	0.00705	0.00705	0.00352	0.00352
10	0.01987	0.01906	0.03255	0.07902	0.63669	0.01922	0.02480	0.02471	0.01837	0.02625	0.01522	0.02015	0.01276	0.00727	0.00804	0.00242	0.00969	0.00723	0.00400	0.01268
11	0.01121	0.00861	0.01211	0.01485	0.06098	0.00856	0.00964	0.01303	0.01580	0.02131	0.04083	0.58783	0.04819	0.02336	0.01100	0.00327	0.03787	0.05726	0.00708	0.00722
12	0.03031	0.03867	0.02299	0.02090	0.02508	0.68226	0.01568	0.03240	0.02299	0.01986	0.01254	0.01463	0.01045	0.00836	0.00732	0.00209	0.01463	0.00523	0.00418	0.00941
13	0.01401	0.00708	0.01050	0.01050	0.01050	0.00708	0.00696	0.01062	0.01062	0.01416	0.01454	0.02577	0.01469	0.05494	0.03209	0.73446	0.00708	0.00723	0.00358	0.00358
14	0.01488	0.00759	0.00766	0.00766	0.00941	0.00759	0.00562	0.01838	0.01663	0.02917	0.02640	0.03195	0.02144	0.06184	0.00832	0.00233	0.00408	0.00788	0.70381	0.00737
15	0.02150	0.68447	0.04163	0.01426	0.02085	0.03174	0.01408	0.02406	0.01628	0.01911	0.01125	0.01325	0.01043	0.00731	0.00628	0.00183	0.04339	0.00448	0.00348	0.01034
16	0.00989	0.00706	0.00942	0.01130	0.01177	0.00659	0.00753	0.01130	0.01554	0.02071	0.04472	0.70954	0.05367	0.02542	0.01036	0.00330	0.00471	0.02307	0.00753	0.00659
17	0.01409	0.00705	0.01057	0.01057	0.01057	0.00705	0.00705	0.01057	0.01057	0.01409	0.01409	0.02467	0.01409	0.02819	0.03171	0.76392	0.00705	0.00705	0.00352	0.00352
18	0.00993	0.00823	0.00869	0.00857	0.01117	0.00699	0.00643	0.01230	0.01929	0.02381	0.18519	0.07497	0.55675	0.01984	0.00959	0.00271	0.00406	0.01669	0.00778	0.00699
19	0.02169	0.71972	0.04252	0.01388	0.02083	0.03211	0.01388	0.02430	0.01649	0.01909	0.01128	0.01302	0.01041	0.00694	0.00521	0.00174	0.00868	0.00434	0.00347	0.01041
20	0.77215	0.01569	0.01193	0.01067	0.01569	0.01820	0.00879	0.02385	0.01381	0.03641	0.01130	0.01318	0.00879	0.00753	0.00502	0.00251	0.00628	0.00439	0.00502	0.00879
21	0.03078	0.02465	0.02419	0.01894	0.02515	0.10447	0.01545	0.56417	0.03632	0.04736	0.01864	0.01890	0.01340	0.00957	0.00802	0.00239	0.00962	0.00705	0.00764	0.01327
22	0.01019	0.00723	0.00953	0.01126	0.01175	0.00682	0.00756	0.01159	0.01536	0.02045	0.04303	0.62640	0.05132	0.08347	0.01301	0.00370	0.00510	0.04844	0.00731	0.00649
23	0.01310	0.00785	0.00924	0.00939	0.01110	0.00758	0.00703	0.01660	0.01893	0.02943	0.24291	0.13118	0.04536	0.01470	0.00792	0.00241	0.00414	0.04901	0.36466	0.00746
24	0.01178	0.00793	0.00916	0.00916	0.00927	0.00804	0.00530	0.01200	0.01189	0.01596	0.02528	0.05152	0.02882	0.66627	0.08893	0.00825	0.00890	0.01157	0.00487	0.00509
25	0.01159	0.00869	0.01304	0.01304	0.01449	0.01014	0.01014	0.01449	0.01304	0.01884	0.02173	0.03188	0.02029	0.06086	0.68268	0.01304	0.02173	0.00869	0.00435	0.00724
26	0.01980	0.02096	0.08045	0.04782	0.61750	0.01925	0.02528	0.02496	0.01838	0.02645	0.01521	0.01986	0.01266	0.00727	0.00801	0.00242	0.00981	0.00714	0.00397	0.01279
27	0.02459	0.07227	0.02252	0.01727	0.02272	0.04559	0.01397	0.26121	0.35480	0.03872	0.02570	0.02446	0.01915	0.01015	0.00795	0.00254	0.00780	0.00799	0.00771	0.01290
28	0.02010	0.51982	0.22842	0.01661	0.02504	0.02820	0.01863	0.02471	0.01668	0.02104	0.01225	0.01423	0.01037	0.00717	0.00594	0.00198	0.00966	0.00483	0.00346	0.01088
29	0.02889	0.02308	0.02420	0.04320	0.05797	0.07495	0.01596	0.49181	0.08363	0.04510	0.01963	0.02006	0.01426	0.00955	0.00806	0.00244	0.00927	0.00729	0.00747	0.01317
30	0.01532	0.01442	0.02434	0.69533	0.05589	0.01803	0.02253	0.02073	0.01622	0.02073	0.01442	0.02163	0.01082	0.00811	0.00811	0.00270	0.01082	0.00721	0.00361	0.00901
31	0.01613	0.01540	0.02654	0.57967	0.13631	0.01831	0.05033	0.02152	0.01666	0.02174	0.01462	0.02144	0.01116	0.00794	0.00817	0.00267	0.01079	0.00732	0.00368	0.00961
32	0.01941	0.31914	0.35263	0.01914	0.02818	0.06533	0.02209	0.02533	0.01707	0.02242	0.01296	0.01531	0.01036	0.00765	0.00728	0.00223	0.03359	0.00530	0.00350	0.01108
33	0.01126	0.00847	0.01176	0.01231	0.01315	0.00922	0.00893	0.01326	0.01445	0.02009	0.06317	0.32152	0.03747	0.09740	0.26796	0.00735	0.05418	0.01526	0.00593	0.00689
34	0.01627	0.04197	0.67279	0.02313	0.03512	0.01884	0.02998	0.02570	0.01713	0.02570	0.01456	0.01713	0.01028	0.00771	0.00771	0.00257	0.01199	0.00600	0.00343	0.01199
35	0.02140	0.02059	0.02572	0.02136	0.02448	0.10172	0.09499	0.06496	0.12999	0.05525	0.01819	0.02313	0.01517	0.01179	0.01635	0.00302	0.30871	0.02753	0.00525	0.01039
36	0.01573	0.01483	0.02506	0.64086	0.10722	0.01813	0.02273	0.02108	0.01641	0.02122	0.01449	0.02150	0.01099	0.00804	0.00811	0.00268	0.01072	0.00721	0.00364	0.00934
37	0.01130	0.00829	0.01059	0.01002	0.01201	0.00758	0.00751	0.01496	0.02254	0.03152	0.60458	0.06229	0.13256	0.01697	0.00957	0.00257	0.00386	0.01491	0.00880	0.00758
38	0.19831	0.02310	0.02116	0.16347	0.02959	0.17803	0.01549	0.21903	0.02420	0.03375	0.01485	0.01734	0.01120	0.00855	0.00721	0.00243	0.01008	0.00612	0.00549	0.01057
39	0.00987	0.00712	0.00936	0.01116	0.01173	0.00660	0.00747	0.01131	0.01567	0.02077	0.04646	0.68024	0.08184	0.02520	0.01032	0.00327	0.00468	0.02279	0.00753	0.00660
40	0.02009	0.01919	0.03220	0.04813	0.63192	0.01932	0.02430	0.02582	0.05016	0.02688	0.01615	0.02059	0.01345	0.00742	0.00804	0.00243	0.00948	0.00733	0.00423	0.01285
41	0.02174	0.01800	0.01855	0.01632	0.02024	0.07969	0.01294	0.17672	0.19224	0.06237	0.05188	0.10481	0.06506	0.01379	0.01006	0.00278	0.05900	0.05550	0.00742	0.01091
42	0.02647	0.01819	0.02397	0.02080	0.07189	0.01902	0.08120	0.16056	0.24648	0.20155	0.02688	0.02571	0.01908	0.00977	0.00833	0.00260	0.00808	0.00843	0.00793	0.01309
43	0.01663	0.00902	0.00917	0.00863	0.01096	0.00925	0.00661	0.07815	0.01904	0.03225	0.02580	0.02922	0.02013	0.00948	0.00591	0.00194	0.00427	0.00754	0.68784	0.00816
44	0.01089	0.00827	0.01003	0.00959	0.01176	0.00740	0.00719	0.01417	0.02157	0.02922	0.47930	0.06608	0.25927	0.01783	0.00958	0.00261	0.00392	0.01544	0.00850	0.00740
45	0.02586	0.42677	0.03402	0.01620	0.02232	0.20198	0.01435	0.08067	0.02059	0.07039	0.01386	0.01509	0.01144	0.00779	0.00624	0.00195	0.01014	0.00511	0.00455	0.01069
46	0.01148	0.00829	0.01085	0.01021	0.01212	0.00766	0.00766	0.01531	0.02297	0.03254	0.65994	0.06061	0.07656	0.01659	0.00957	0.00255	0.00383	0.01467	0.00893	0.00766
47	0.01760	0.01692	0.02924	0.37947	0.32355	0.01870	0.05242	0.02282	0.01736	0.02353	0.01489	0.02096	0.01179	0.00766	0.00815	0.00258	0.01043	0.00733	0.00381	0.01080
48	0.02841	0.01874	0.02067	0.01627	0.02186	0.02022	0.01331	0.42989	0.05068	0.13063	0.02266	0.02285	0.01619	0.01147	0.03007	0.00273	0.00827	0.00756	0.11485	0.01267
49	0.77215	0.01569	0.01193	0.01067	0.01569	0.01820	0.00879	0.02385	0.01381	0.03641	0.01130	0.01318	0.00879	0.00753	0.00502	0.00251	0.00628	0.00439	0.00502	0.00879
50	0.01032	0.00776	0.01123	0.01238	0.01321	0.00725	0.03708	0.01199	0.01571	0.02096	0.04339	0.67714	0.05172	0.02455	0.01032	0.00327	0.00513	0.02243	0.00737	0.00680
51	0.01627	0.04197	0.67279	0.02313	0.03512	0.01884	0.02998	0.02570	0.01713	0.02570	0.01456	0.01713	0.01028	0.00771	0.00771	0.00257	0.01199	0.00600	0.00343	0.01199
52	0.01576	0.00817	0.00824	0.00801	0.01009	0.00827	0.00606	0.04378	0.01787	0.03109	0.02619	0.02982	0.02052	0.00947	0.00577	0.00191	0.00399	0.00755	0.72963	0.00781
53	0.30052	0.01449	0.01643	0.08646	0.02237	0.01506	0.01193	0.02965	0.04753	0.26872	0.02243	0.02524	0.01643	0.00953	0.00710	0.00256	0.00707	0.04360	0.00703	0.04586
54	0.67253	0.07791	0.01510	0.01142	0.01657	0.05024	0.00955	0.02429	0.01447	0.03413	0.01135	0.01323	0.00901	0.00752	0.00514	0.00242	0.00687	0.00443	0.00485	0.00896
55	0.01169	0.00880	0.01240	0.01139	0.01346	0.00815	0.03602	0.01545	0.02215	0.03122	0.57752	0.11508	0.07167	0.01691	0.00964	0.00262	0.00435	0.01517	0.00859	0.00771
56	0.04936	0.06988	0.01904	0.01495	0.01952	0.06885	0.01193	0.13642	0.27942	0.03295	0.06229	0.03330	0.11022	0.01166	0.00794	0.00251	0.00708	0.00929	0.04227	0.01110
57	0.01651	0.01409	0.01649	0.01199	0.01889	0.01063	0.00952	0.02002	0.01677	0.02618	0.01578	0.04792	0.01389	0.00688	0.00620	0.00130	0.00595	0.00563	0.00493	0.73042
58	0.01683	0.01442	0.01683	0.01202	0.01923	0.01082	0.00961	0.02043	0.01683	0.02644	0.01442	0.01683	0.01202	0.00601	0.00601	0.00120	0.00601	0.00481	0.00481	0.76444
59	0.01653	0.07377	0.64322	0.02269	0.03445	0.01947	0.02922	0.02563	0.01710	0.02539	0.01441	0.01694	0.01029	0.00767	0.00759	0.00253	0.01184	0.00592	0.00343	0.01192
60	0.16487	0.02462	0.02123	0.01753	0.02305	0.17393	0.01404	0.33299	0.08570	0.03973	0.01763	0.01820	0.01311	0.00914	0.00738	0.00240	0.00952	0.00647	0.00666	0.01179
61	0.02367	0.02784	0.02625	0.07247	0.02779	0.33556	0.07922	0.02637	0.01840	0.02042	0.01241	0.01698	0.01074	0.01024	0.01438	0.00271	0.25483	0.00647	0.00391	0.00935
62	0.01748	0.01481	0.01718	0.01233	0.01950	0.01148	0.00988	0.04904	0.01782	0.02759	0.01466	0.01695	0.01210	0.00618	0.00611	0.00126	0.00614	0.00492	0.00496	0.72961
63	0.01688	0.01591	0.02698	0.53347	0.14488	0.01865	0.05785	0.04646	0.01761	0.02312	0.01487	0.02133	0.01133	0.00797	0.00819	0.00265	0.01073	0.00735	0.00388	0.00989
64	0.01627	0.04197	0.67279	0.02313	0.03512	0.01884	0.02998	0.02570	0.01713	0.02570	0.01456	0.01713	0.01028	0.00771	0.00771	0.00257	0.01199	0.00600	0.00343	0.01199
65	0.02921	0.03562	0.02191	0.01981	0.02393	0.60164	0.01492	0.05948	0.02325	0.02208	0.01390	0.01602	0.01138	0.00851	0.00723	0.00209	0.01356	0.00550	0.06048	0.00947
66	0.01058	0.00786	0.01094	0.07079	0.01582	0.00776	0.00907	0.01257	0.01615	0.02154	0.07744	0.58756	0.05098	0.02329	0.01015	0.00322	0.00530	0.04481	0.00727	0.00690
67	0.01022	0.00789	0.00933	0.00972	0.01154	0.00700	0.00701	0.01259	0.01888	0.02459	0.23609	0.26472	0.30947	0.02090	0.00982	0.00285	0.00421	0.01823	0.00793	0.00700
68	0.06598	0.00914	0.01120	0.01090	0.01298	0.00893	0.00823	0.01677	0.04956	0.03104	0.48013	0.13571	0.06513	0.01705	0.00936	0.00271	0.00441	0.04458	0.00838	0.00783
69	0.01126	0.00822	0.01058	0.01013	0.01202	0.00754	0.00754	0.01484	0.02225	0.03115	0.58571	0.09672	0.11698	0.01735	0.00961	0.00261	0.00390	0.01530	0.00876	0.00754
70	0.01576	0.01524	0.02632	0.02117	0.02442	0.01690	0.20345	0.02043	0.04576	0.02334	0.08804	0.06000	0.02368	0.05437	0.14918	0.00523	0.18280	0.01003	0.00492	0.00895
71	0.01015	0.00721	0.00955	0.01133	0.01184	0.00679	0.00764	0.01159	0.01547	0.02059	0.04354	0.64274	0.05195	0.06497	0.01218	0.00358	0.00502	0.04994	0.00738	0.00654
72	0.01746	0.01685	0.02559	0.43140	0.20289	0.05373	0.02183	0.02334	0.04907	0.02296	0.01681	0.02460	0.01370	0.00872	0.00820	0.00265	0.01035	0.03559	0.00416	0.01012
73	0.02151	0.69672	0.06391	0.01420	0.02131	0.03166	0.01443	0.02434	0.01651	0.01931	0.01139	0.01316	0.01041	0.00697	0.00529	0.00176	0.00879	0.00440	0.00347	0.01047
74	0.68287	0.01602	0.01341	0.05329	0.01871	0.01859	0.01002	0.05897	0.01536	0.03629	0.01196	0.01406	0.00920	0.00770	0.00539	0.00252	0.00671	0.00473	0.00511	0.00909
75	0.03042	0.02327	0.02406	0.01869	0.02501	0.05548	0.01534	0.58653	0.06066	0.04903	0.01967	0.01967	0.01406	0.00972	0.00809	0.00243	0.00910	0.00728	0.00794	0.01356
76	0.02084	0.04950	0.01923	0.06613	0.02270	0.04566	0.01334	0.09407	0.31468	0.06865	0.05751	0.03532	0.02573	0.01178	0.00830	0.00268	0.00734	0.07728	0.04793	0.01132
77	0.01060	0.00776	0.00999	0.01072	0.01205	0.00715	0.00769	0.01310	0.01880	0.02545	0.27990	0.36847	0.12783	0.02143	0.01002	0.00298	0.00444	0.04650	0.00806	0.00706
78	0.02379	0.02382	0.01738	0.01566	0.01928	0.32848	0.01174	0.04883	0.02150	0.10029	0.06982	0.05717	0.13608	0.07736	0.01125	0.00287	0.00997	0.00958	0.00611	0.00903
79	0.01023	0.00731	0.00981	0.01169	0.01231	0.00689	0.00813	0.01189	0.01587	0.02110	0.04453	0.64279	0.05291	0.02510	0.01045	0.00334	0.00501	0.08642	0.00753	0.00669
80	0.01513	0.00756	0.00756	0.00756	0.00945	0.00756	0.00567	0.01891	0.01702	0.03025	0.02647	0.03025	0.02080	0.00945	0.00567	0.00189	0.00378	0.00756	0.75988	0.00756
81	0.03546	0.01432	0.01902	0.01469	0.02090	0.01281	0.01210	0.06299	0.05192	0.61719	0.03157	0.02742	0.02005	0.01007	0.00816	0.00252	0.00696	0.00817	0.00989	0.01377
82	0.02910	0.08649	0.02468	0.02016	0.02459	0.53077	0.01562	0.09576	0.02360	0.02313	0.01310	0.01519	0.01082	0.00870	0.00821	0.00217	0.04799	0.00548	0.00452	0.00992
83	0.03023	0.02242	0.02401	0.01855	0.02493	0.02488	0.01527	0.60296	0.07335	0.05015	0.02026	0.02010	0.01443	0.00981	0.00813	0.00245	0.00878	0.00741	0.00813	0.01374
84	0.01627	0.04197	0.67279	0.02313	0.03512	0.01884	0.02998	0.02570	0.01713	0.02570	0.01456	0.01713	0.01028	0.00771	0.00771	0.00257	0.01199	0.00600	0.00343	0.01199
85	0.02169	0.71972	0.04252	0.01388	0.02083	0.03211	0.01388	0.02430	0.01649	0.01909	0.01128	0.01302	0.01041	0.00694	0.00521	0.00174	0.00868	0.00434	0.00347	0.01041
86	0.01627	0.04197	0.67279	0.02313	0.03512	0.01884	0.02998	0.02570	0.01713	0.02570	0.01456	0.01713	0.01028	0.00771	0.00771	0.00257	0.01199	0.00600	0.00343	0.01199
87	0.03362	0.01828	0.02160	0.01656	0.02294	0.01856	0.01368	0.33918	0.03071	0.35963	0.02573	0.02354	0.01693	0.00989	0.00814	0.00247	0.00792	0.00773	0.00908	0.01380
88	0.00981	0.00737	0.00910	0.01049	0.01156	0.00666	0.00717	0.01139	0.01631	0.02103	0.05457	0.54359	0.21326	0.02414	0.01016	0.00315	0.00455	0.02151	0.00753	0.00666
89	0.03641	0.01381	0.01883	0.01444	0.02071	0.01193	0.01193	0.03954	0.02322	0.66984	0.03201	0.02762	0.02009	0.01004	0.00816	0.00251	0.00690	0.00816	0.01004	0.01381
90	0.01409	0.00705	0.01057	0.01057	0.01057	0.00705	0.00705	0.01057	0.01057	0.01409	0.01409	0.02467	0.01409	0.02819	0.03171	0.76392	0.00705	0.00705	0.00352	0.00352
91	0.02008	0.01928	0.03294	0.04981	0.66422	0.01928	0.02490	0.02490	0.01848	0.02651	0.01526	0.02008	0.01285	0.00723	0.00803	0.00241	0.00964	0.00723	0.00402	0.01285
92	0.01002	0.00716	0.00957	0.01145	0.01198	0.00671	0.00776	0.01153	0.01567	0.02086	0.04465	0.68383	0.05338	0.02530	0.01039	0.00331	0.00482	0.04747	0.00753	0.00663
93	0.02183	0.01738	0.01863	0.01645	0.02124	0.01978	0.01288	0.06756	0.57761	0.08188	0.03239	0.02963	0.02397	0.01088	0.00824	0.00272	0.00656	0.00902	0.00838	0.01295
94	0.01029	0.00764	0.00968	0.01104	0.01222	0.00703	0.00792	0.01224	0.01692	0.02202	0.08527	0.47124	0.17889	0.02359	0.01026	0.00319	0.00487	0.09128	0.00760	0.00681
95	0.01148	0.00858	0.01254	0.01369	0.01503	0.00824	0.03866	0.01399	0.01685	0.02226	0.04277	0.45203	0.04920	0.02346	0.01063	0.00343	0.00613	0.23655	0.00735	0.00711
96	0.01677	0.06243	0.59276	0.02458	0.06419	0.01938	0.05770	0.02563	0.01727	0.02553	0.01457	0.01736	0.01050	0.00762	0.00773	0.00254	0.01185	0.00617	0.00349	0.01193
97	0.02891	0.01490	0.01811	0.01491	0.02037	0.01480	0.01198	0.03950	0.26035	0.39632	0.03492	0.03116	0.05404	0.01094	0.00827	0.00261	0.00658	0.00899	0.00924	0.01309
98	0.01672	0.01585	0.02686	0.50616	0.23415	0.01839	0.02323	0.02195	0.01688	0.02242	0.01467	0.02118	0.01141	0.00785	0.00809	0.00262	0.01047	0.00722	0.00373	0.01014
99	0.01571	0.01517	0.02669	0.62914	0.05454	0.01828	0.08383	0.02126	0.01652	0.02126	0.01462	0.02166	0.01097	0.00799	0.00826	0.00271	0.01110	0.00745	0.00366	0.00921
100	0.03036	0.03709	0.02313	0.02068	0.02509	0.61722	0.01565	0.09226	0.02449	0.02295	0.01323	0.01511	0.01078	0.00850	0.00740	0.00212	0.01407	0.00543	0.00457	0.00984
101	0.01637	0.01391	0.01621	0.01223	0.01864	0.01099	0.00962	0.02096	0.05566	0.02636	0.01845	0.08353	0.01676	0.00816	0.00656	0.00150	0.00591	0.00681	0.00528	0.64609

[dist]
# distance from previous block
# <min> <max>
0	1

[block]
# block no. 2 follows, 23 sequences, length 25
# corresponding to MSA columns:
# 183-186,190-210
name=unknown_C
#
# <colnr> <probs for GDERKNQSTAVLIFYWHMCP>
#	G	D	E	R	K	N	Q	S	T	A	V	L	I	F	Y	W	H	M	C	P
0	0.01166	0.00804	0.00996	0.01005	0.01044	0.00839	0.00639	0.01247	0.01230	0.01677	0.02549	0.07893	0.02828	0.51331	0.20523	0.00898	0.01129	0.01154	0.00489	0.00560
1	0.01750	0.01383	0.01554	0.01413	0.01797	0.01474	0.01115	0.05796	0.31561	0.05182	0.16301	0.04636	0.09419	0.01394	0.00885	0.00272	0.00592	0.07832	0.00812	0.04831
2	0.01159	0.00869	0.01304	0.01304	0.01449	0.01014	0.01014	0.01449	0.01304	0.01884	0.02173	0.03188	0.02029	0.06086	0.68268	0.01304	0.02173	0.00869	0.00435	0.00724
3	0.02441	0.50501	0.03636	0.01610	0.02217	0.23708	0.01445	0.02685	0.01854	0.01933	0.01168	0.01353	0.01043	0.00739	0.00587	0.00185	0.01056	0.00462	0.00369	0.01010
4	0.01683	0.01442	0.01683	0.01202	0.01923	0.01082	0.00961	0.02043	0.01683	0.02644	0.01442	0.01683	0.01202	0.00601	0.00601	0.00120	0.00601	0.00481	0.00481	0.76444
5	0.01221	0.00850	0.01208	0.01208	0.01361	0.00969	0.00936	0.01527	0.01374	0.02084	0.02257	0.03159	0.02038	0.05183	0.56383	0.01108	0.01858	0.00850	0.13697	0.00730
6	0.02217	0.61462	0.07911	0.01510	0.02210	0.09219	0.01503	0.02514	0.01714	0.01957	0.01160	0.01342	0.01041	0.00712	0.00556	0.00182	0.00944	0.00452	0.00353	0.01042
7	0.02272	0.63868	0.04020	0.01472	0.02133	0.10946	0.01410	0.02526	0.01726	0.01918	0.01143	0.01321	0.01042	0.00711	0.00546	0.00178	0.00939	0.00444	0.00356	0.01029
8	0.11141	0.02047	0.02129	0.01717	0.02297	0.02300	0.01396	0.40332	0.20496	0.04471	0.02232	0.02176	0.01628	0.00984	0.00781	0.00253	0.00793	0.00750	0.00781	0.01297
9	0.01159	0.00869	0.01304	0.01304	0.01449	0.01014	0.01014	0.01449	0.01304	0.01884	0.02173	0.03188	0.02029	0.06086	0.68268	0.01304	0.02173	0.00869	0.00435	0.00724
10	0.01875	0.02410	0.12126	0.03234	0.04065	0.02050	0.53666	0.02568	0.01863	0.02568	0.01595	0.02115	0.01200	0.00726	0.01008	0.00275	0.04255	0.00905	0.00400	0.01098
11	0.02705	0.01629	0.03931	0.01530	0.02057	0.01602	0.01261	0.14381	0.17624	0.28015	0.02822	0.02812	0.02029	0.04852	0.05200	0.00346	0.00815	0.00837	0.04315	0.01237
12	0.01098	0.00827	0.01015	0.00968	0.01182	0.00744	0.00726	0.01434	0.02179	0.02973	0.50720	0.06523	0.23105	0.01764	0.00958	0.00260	0.00390	0.01532	0.00856	0.00744
13	0.10757	0.01509	0.01671	0.01228	0.01918	0.01260	0.00988	0.05951	0.01780	0.02918	0.01437	0.01656	0.01175	0.00642	0.00602	0.00143	0.00622	0.00491	0.00504	0.62746
14	0.01086	0.00808	0.01011	0.01059	0.01225	0.00742	0.00788	0.01354	0.01918	0.02559	0.27687	0.23501	0.19508	0.04240	0.01098	0.00310	0.00470	0.09131	0.00795	0.00709
15	0.06855	0.33121	0.03079	0.01730	0.02272	0.36419	0.01451	0.02842	0.01967	0.02046	0.01193	0.01385	0.01034	0.00770	0.00628	0.00196	0.01159	0.00480	0.00392	0.00981
16	0.25356	0.01912	0.01980	0.06669	0.02375	0.04003	0.01354	0.27824	0.02497	0.07505	0.01628	0.01778	0.01201	0.00897	0.00814	0.00246	0.04978	0.00624	0.00635	0.05725
17	0.01728	0.01632	0.02110	0.01858	0.01963	0.05322	0.01517	0.05627	0.01471	0.02126	0.01469	0.02205	0.01380	0.02799	0.22629	0.00633	0.41501	0.00751	0.00411	0.00870
18	0.02521	0.03038	0.02627	0.02247	0.02579	0.40699	0.08337	0.02772	0.01931	0.02042	0.01238	0.01638	0.01072	0.01001	0.01354	0.00261	0.22677	0.00628	0.00398	0.00941
19	0.02790	0.01850	0.01909	0.01620	0.02142	0.09564	0.01281	0.04041	0.32364	0.28747	0.03018	0.02735	0.02119	0.01031	0.00811	0.00258	0.00759	0.00830	0.00849	0.01282
20	0.01110	0.00828	0.01031	0.00980	0.01189	0.00749	0.00735	0.01457	0.02206	0.03038	0.54248	0.06417	0.19537	0.01739	0.00957	0.00259	0.00389	0.01517	0.00865	0.00749
21	0.01201	0.00856	0.01239	0.01239	0.01389	0.00984	0.00961	0.01502	0.01351	0.02019	0.02230	0.03168	0.02035	0.05474	0.60213	0.01171	0.01960	0.00856	0.09424	0.00728
22	0.01035	0.00812	0.00923	0.00920	0.01132	0.00714	0.00673	0.01284	0.01939	0.02504	0.26787	0.12989	0.38045	0.05257	0.01116	0.00297	0.00425	0.01661	0.00787	0.00700
23	0.02436	0.01826	0.01913	0.01663	0.02151	0.06018	0.01325	0.12270	0.37202	0.13774	0.03049	0.03234	0.02336	0.01144	0.00840	0.00271	0.00745	0.05736	0.00821	0.01248
24	0.01767	0.01492	0.01728	0.01242	0.01959	0.01168	0.00996	0.05759	0.01811	0.02793	0.01473	0.01699	0.01213	0.00623	0.00614	0.00128	0.00619	0.00496	0.00501	0.71921

[dist]
# distance from previous block
# <min> <max>
1	9

[block]
# block no. 3 follows, 23 sequences, length 12
# corresponding to MSA columns:
# 240-251
name=unknown_D
#
# <colnr> <probs for GDERKNQSTAVLIFYWHMCP>
#	G	D	E	R	K	N	Q	S	T	A	V	L	I	F	Y	W	H	M	C	P
0	0.02039	0.01549	0.01706	0.01497	0.01967	0.01656	0.01185	0.06212	0.39218	0.09718	0.03685	0.03758	0.09560	0.01221	0.00838	0.00264	0.00635	0.04733	0.00800	0.07758
1	0.01807	0.01868	0.03001	0.02419	0.02603	0.02388	0.15602	0.02098	0.01393	0.02098	0.01194	0.01868	0.01102	0.01255	0.02281	0.00337	0.54619	0.00766	0.00367	0.00934
2	0.01823	0.01915	0.03263	0.02566	0.02843	0.02339	0.22620	0.02171	0.01470	0.02171	0.01260	0.01915	0.01121	0.01171	0.02087	0.00328	0.46811	0.00794	0.00374	0.00957
3	0.01095	0.00816	0.01006	0.00979	0.01170	0.00740	0.00720	0.01403	0.02092	0.02853	0.45604	0.11504	0.20334	0.04748	0.01097	0.00288	0.00413	0.01576	0.00834	0.00728
4	0.01154	0.00757	0.01018	0.01062	0.01159	0.00722	0.00744	0.01225	0.01598	0.02154	0.18032	0.25192	0.11057	0.02589	0.05862	0.22308	0.00619	0.01497	0.00650	0.00602
5	0.01114	0.00828	0.01036	0.00984	0.01191	0.00751	0.00738	0.01464	0.02215	0.03059	0.55389	0.06382	0.18382	0.01732	0.00957	0.00259	0.00388	0.01512	0.00868	0.00751
6	0.01829	0.01935	0.03377	0.02630	0.02948	0.02317	0.25678	0.02203	0.01503	0.02203	0.01288	0.01935	0.01129	0.01135	0.02002	0.00323	0.43410	0.00806	0.00376	0.00968
7	0.01736	0.01633	0.02704	0.49293	0.04815	0.01963	0.09026	0.07501	0.01808	0.02385	0.01470	0.02108	0.01123	0.00873	0.01017	0.00277	0.08151	0.00747	0.00405	0.00963
8	0.02007	0.47432	0.19836	0.01844	0.02677	0.02754	0.08766	0.02483	0.01695	0.02149	0.01267	0.01503	0.01059	0.00712	0.00631	0.00205	0.01006	0.00534	0.00353	0.01086
9	0.01791	0.01530	0.01954	0.18791	0.02925	0.01417	0.01354	0.08536	0.01891	0.02757	0.01495	0.01834	0.01190	0.00694	0.00677	0.00172	0.00755	0.00569	0.00485	0.49182
10	0.01255	0.00891	0.01217	0.08762	0.01658	0.00992	0.00918	0.01486	0.01350	0.01950	0.02283	0.03768	0.02240	0.26910	0.30100	0.00866	0.01346	0.00943	0.10394	0.00670
11	0.02178	0.55097	0.13262	0.01595	0.02335	0.09671	0.01642	0.02533	0.01725	0.02013	0.01189	0.01378	0.01040	0.00720	0.00579	0.00189	0.00977	0.00467	0.00354	0.01054

[dist]
# distance from previous block
# <min> <max>
0	1

[block]
# block no. 4 follows, 23 sequences, length 31
# corresponding to MSA columns:
# 253-283
name=unknown_E
#
# <colnr> <probs for GDERKNQSTAVLIFYWHMCP>
#	G	D	E	R	K	N	Q	S	T	A	V	L	I	F	Y	W	H	M	C	P
0	0.52863	0.01661	0.05051	0.08987	0.02160	0.01747	0.01182	0.04914	0.01547	0.06053	0.01327	0.01605	0.01017	0.00924	0.00764	0.05533	0.00730	0.00527	0.00502	0.00905
1	0.01246	0.00991	0.01118	0.01059	0.01313	0.00969	0.00790	0.01891	0.13548	0.02795	0.30224	0.06042	0.26156	0.06870	0.01169	0.00305	0.00470	0.01428	0.00804	0.00813
2	0.33268	0.01299	0.01393	0.04110	0.01813	0.01376	0.01073	0.02428	0.01729	0.16393	0.05241	0.03911	0.02420	0.05375	0.00958	0.00312	0.00686	0.14613	0.00674	0.00926
3	0.05908	0.15669	0.49667	0.02053	0.03092	0.02117	0.02522	0.02617	0.04639	0.02553	0.01468	0.01682	0.01090	0.00772	0.00715	0.00243	0.01084	0.00577	0.00375	0.01158
4	0.02173	0.02195	0.03408	0.02598	0.03181	0.07291	0.29908	0.11960	0.12790	0.02967	0.01854	0.02178	0.01425	0.00917	0.01146	0.00276	0.11225	0.00847	0.00533	0.01127
5	0.01049	0.00782	0.00976	0.01020	0.01175	0.00709	0.00730	0.01304	0.01925	0.02589	0.30893	0.30717	0.19010	0.02072	0.00987	0.00287	0.00422	0.01833	0.00812	0.00709
6	0.03641	0.01381	0.01883	0.01444	0.02071	0.01193	0.01193	0.03954	0.02322	0.66984	0.03201	0.02762	0.02009	0.01004	0.00816	0.00251	0.00690	0.00816	0.01004	0.01381
7	0.01042	0.00745	0.01000	0.01175	0.01249	0.00703	0.00831	0.01229	0.01638	0.02186	0.07841	0.58773	0.05396	0.02452	0.01043	0.00332	0.00504	0.10425	0.00760	0.00677
8	0.68768	0.01649	0.01334	0.01158	0.01677	0.01900	0.00954	0.09374	0.01658	0.03808	0.01223	0.01390	0.00936	0.00778	0.00537	0.00250	0.00658	0.00473	0.00537	0.00936
9	0.01001	0.00721	0.00952	0.01132	0.01196	0.00672	0.00772	0.01156	0.01580	0.02092	0.04629	0.65467	0.08003	0.02508	0.01036	0.00329	0.00480	0.04856	0.00753	0.00664
10	0.00989	0.00706	0.00942	0.01130	0.01177	0.00659	0.00753	0.01130	0.01554	0.02071	0.04472	0.70954	0.05367	0.02542	0.01036	0.00330	0.00471	0.02307	0.00753	0.00659
11	0.12024	0.01402	0.01804	0.01401	0.02014	0.01264	0.01157	0.03776	0.02215	0.59766	0.02965	0.02597	0.01880	0.00976	0.00780	0.00251	0.00683	0.00773	0.00947	0.01324
12	0.77215	0.01569	0.01193	0.01067	0.01569	0.01820	0.00879	0.02385	0.01381	0.03641	0.01130	0.01318	0.00879	0.00753	0.00502	0.00251	0.00628	0.00439	0.00502	0.00879
13	0.01225	0.00901	0.01192	0.01315	0.01518	0.00868	0.01117	0.01569	0.01915	0.02483	0.12318	0.08541	0.16282	0.02138	0.01072	0.00341	0.00642	0.43059	0.00766	0.00738
14	0.03496	0.01349	0.01837	0.01419	0.02022	0.01168	0.01168	0.03814	0.02321	0.63286	0.06845	0.02953	0.02336	0.01042	0.00824	0.00251	0.00673	0.00854	0.00998	0.01345
15	0.03304	0.01492	0.04246	0.01475	0.02089	0.01274	0.01248	0.03825	0.08027	0.55883	0.06020	0.02899	0.02274	0.01035	0.00822	0.00254	0.00691	0.00847	0.00959	0.01337
16	0.77215	0.01569	0.01193	0.01067	0.01569	0.01820	0.00879	0.02385	0.01381	0.03641	0.01130	0.01318	0.00879	0.00753	0.00502	0.00251	0.00628	0.00439	0.00502	0.00879
17	0.03054	0.01386	0.01783	0.01434	0.01981	0.01298	0.01161	0.03745	0.14009	0.47854	0.10375	0.03187	0.02740	0.01097	0.00834	0.00256	0.00646	0.00909	0.00958	0.01293
18	0.03436	0.01394	0.01860	0.01439	0.02038	0.01240	0.01183	0.07254	0.02407	0.58974	0.07483	0.02943	0.02364	0.01048	0.00826	0.00251	0.00681	0.00856	0.00985	0.01338
19	0.01250	0.00893	0.01241	0.01428	0.01590	0.00884	0.01207	0.01581	0.01811	0.02364	0.04328	0.20371	0.04796	0.02296	0.01105	0.00366	0.00697	0.50313	0.00748	0.00731
20	0.01532	0.01442	0.02434	0.69533	0.05589	0.01803	0.02253	0.02073	0.01622	0.02073	0.01442	0.02163	0.01082	0.00811	0.00811	0.00270	0.01082	0.00721	0.00361	0.00901
21	0.02963	0.02212	0.02367	0.01842	0.02470	0.02460	0.01513	0.56947	0.10782	0.04918	0.02102	0.02071	0.01505	0.00989	0.00813	0.00247	0.00864	0.00752	0.00813	0.01369
22	0.01145	0.00776	0.00914	0.00948	0.00963	0.00774	0.00562	0.01183	0.01253	0.01677	0.02882	0.16958	0.03340	0.56155	0.06511	0.00729	0.00794	0.01367	0.00536	0.00532
23	0.01033	0.00738	0.00993	0.01181	0.01248	0.00698	0.00831	0.01207	0.01598	0.02121	0.04448	0.62295	0.05269	0.02500	0.01048	0.00336	0.00509	0.10525	0.00752	0.00671
24	0.01414	0.00707	0.01044	0.01044	0.01052	0.00707	0.00699	0.01094	0.01086	0.01482	0.01465	0.02492	0.01439	0.02735	0.03055	0.72983	0.00690	0.00707	0.03736	0.00370
25	0.01527	0.01053	0.01402	0.01509	0.01753	0.01073	0.01298	0.02115	0.09084	0.06356	0.04118	0.08077	0.04263	0.02038	0.01069	0.00355	0.00732	0.50561	0.00771	0.00846
26	0.01683	0.01442	0.01683	0.01202	0.01923	0.01082	0.00961	0.02043	0.01683	0.02644	0.01442	0.01683	0.01202	0.00601	0.00601	0.00120	0.00601	0.00481	0.00481	0.76444
27	0.01119	0.00764	0.00914	0.00969	0.00995	0.00746	0.00589	0.01185	0.01362	0.01827	0.06900	0.25648	0.03975	0.46041	0.02986	0.00614	0.00665	0.01545	0.00596	0.00560
28	0.01222	0.00748	0.00948	0.00978	0.00985	0.00741	0.00600	0.01133	0.01200	0.01601	0.02499	0.14813	0.02848	0.38945	0.03338	0.24517	0.00711	0.01209	0.00489	0.00474
29	0.01162	0.00785	0.00919	0.00935	0.00950	0.00791	0.00551	0.01194	0.01221	0.01638	0.02697	0.10888	0.03097	0.60936	0.08308	0.00783	0.00855	0.01257	0.00511	0.00522
30	0.01513	0.00756	0.00756	0.00756	0.00945	0.00756	0.00567	0.01891	0.01702	0.03025	0.02647	0.03025	0.02080	0.00945	0.00567	0.00189	0.00378	0.00756	0.75988	0.00756

[dist]
# distance from previous block
# <min> <max>
0	0

# created by:
# /st0/software/busco_prod/Augustus/scripts/msa2prfl.pl ./align_prep/118181.fa
