[name]
unknown

[dist]
# distance from previous block
# <min> <max>
13	49

[block]
# block no. 0 follows, 20 sequences, length 12
# corresponding to MSA columns:
# 61-72
name=unknown_A
#
# <colnr> <probs for GDERKNQSTAVLIFYWHMCP>
#	G	D	E	R	K	N	Q	S	T	A	V	L	I	F	Y	W	H	M	C	P
0	0.01653	0.11250	0.06495	0.01251	0.01686	0.01307	0.01099	0.01988	0.02070	0.09734	0.17448	0.12339	0.24959	0.01729	0.00938	0.00277	0.00613	0.01453	0.00775	0.00935
1	0.02351	0.01494	0.07166	0.01390	0.01929	0.01126	0.01214	0.02764	0.02322	0.27149	0.23796	0.04558	0.10718	0.01383	0.00923	0.00264	0.00640	0.01168	0.00904	0.06741
2	0.02372	0.02248	0.03482	0.03822	0.29453	0.08004	0.15434	0.03003	0.06275	0.08228	0.01891	0.02275	0.01482	0.00902	0.01077	0.00278	0.07145	0.00837	0.00521	0.01271
3	0.14675	0.01528	0.01735	0.01489	0.01998	0.01582	0.01195	0.03606	0.20355	0.24649	0.11884	0.03610	0.03117	0.01226	0.00861	0.00284	0.00670	0.03395	0.00904	0.01239
4	0.07487	0.01223	0.01230	0.01091	0.01424	0.01299	0.00857	0.14550	0.02284	0.03776	0.02565	0.02870	0.01980	0.01007	0.00660	0.00221	0.00544	0.00782	0.53186	0.00965
5	0.01193	0.00873	0.01120	0.01094	0.01287	0.00800	0.00807	0.01552	0.02317	0.03222	0.50524	0.15178	0.12880	0.01951	0.01041	0.00287	0.00427	0.01724	0.00926	0.00800
6	0.01063	0.00759	0.01012	0.01215	0.01265	0.00709	0.00810	0.01215	0.01670	0.02227	0.04808	0.68775	0.05769	0.02733	0.01113	0.00354	0.00506	0.02480	0.00810	0.00709
7	0.33789	0.05861	0.06751	0.01534	0.02207	0.02013	0.01370	0.13964	0.02279	0.19607	0.01979	0.01975	0.01380	0.00921	0.00712	0.00264	0.00807	0.00648	0.00719	0.01221
8	0.55669	0.01868	0.05504	0.01339	0.01956	0.01885	0.01178	0.05580	0.01796	0.13888	0.01644	0.01731	0.01180	0.00866	0.00629	0.00270	0.00738	0.00565	0.00633	0.01081
9	0.01268	0.00846	0.00951	0.00951	0.00951	0.00846	0.00529	0.01268	0.01268	0.01691	0.02748	0.05708	0.03171	0.69345	0.04440	0.00846	0.00846	0.01268	0.00529	0.00529
10	0.14337	0.02182	0.02292	0.01810	0.02460	0.02408	0.01486	0.41066	0.09675	0.10293	0.02232	0.02190	0.01585	0.01028	0.00823	0.00267	0.00868	0.00767	0.00841	0.01390
11	0.01925	0.22563	0.43187	0.02194	0.03231	0.02474	0.02638	0.02669	0.01783	0.02513	0.01434	0.01723	0.01112	0.00860	0.00911	0.00259	0.06334	0.00604	0.00371	0.01216

[dist]
# distance from previous block
# <min> <max>
0	2

[block]
# block no. 1 follows, 20 sequences, length 19
# corresponding to MSA columns:
# 75-93
name=unknown_B
#
# <colnr> <probs for GDERKNQSTAVLIFYWHMCP>
#	G	D	E	R	K	N	Q	S	T	A	V	L	I	F	Y	W	H	M	C	P
0	0.05584	0.02153	0.02429	0.09515	0.02935	0.02371	0.01639	0.44412	0.03494	0.09406	0.02475	0.02512	0.04907	0.01085	0.00870	0.00268	0.00928	0.00838	0.00817	0.01363
1	0.09897	0.18049	0.05983	0.01648	0.02347	0.02225	0.01477	0.13400	0.08007	0.24992	0.02384	0.02268	0.01674	0.00966	0.00768	0.00252	0.00843	0.00724	0.00771	0.01327
2	0.01699	0.04236	0.60132	0.02393	0.03591	0.01929	0.03045	0.02649	0.01829	0.02723	0.01804	0.06764	0.01448	0.00969	0.00850	0.00282	0.01232	0.00780	0.00401	0.01246
3	0.02050	0.01579	0.01736	0.01536	0.01976	0.01713	0.01199	0.08277	0.34346	0.07490	0.16168	0.04416	0.10962	0.01410	0.00931	0.00287	0.00630	0.01185	0.00904	0.01206
4	0.01847	0.01967	0.07494	0.38211	0.19264	0.02013	0.05672	0.02626	0.07343	0.02577	0.01767	0.02336	0.01356	0.00867	0.00877	0.00283	0.01116	0.00799	0.00445	0.01140
5	0.13335	0.05130	0.02164	0.01787	0.05603	0.01838	0.01373	0.08155	0.16102	0.31159	0.02843	0.02628	0.01959	0.01030	0.00815	0.00270	0.00763	0.00812	0.00873	0.01361
6	0.01061	0.00766	0.01005	0.01195	0.01260	0.00710	0.00801	0.01217	0.01688	0.02234	0.05041	0.65284	0.09110	0.02703	0.01109	0.00351	0.00502	0.02443	0.00810	0.00710
7	0.01048	0.00860	0.00909	0.00945	0.01183	0.00737	0.00682	0.01246	0.01899	0.02303	0.07845	0.18899	0.50581	0.05411	0.01203	0.00331	0.00472	0.01927	0.00797	0.00722
8	0.11358	0.01925	0.02184	0.01709	0.02367	0.01996	0.01406	0.27388	0.06853	0.29805	0.02653	0.02459	0.01781	0.01043	0.00839	0.00268	0.00821	0.00802	0.00924	0.01419
9	0.13963	0.02332	0.02421	0.01880	0.02555	0.02595	0.01553	0.52377	0.03715	0.05264	0.01965	0.01994	0.01404	0.01012	0.00824	0.00263	0.00918	0.00739	0.00824	0.01404
10	0.01063	0.00759	0.01012	0.01215	0.01265	0.00709	0.00810	0.01215	0.01670	0.02227	0.04808	0.68775	0.05769	0.02733	0.01113	0.00354	0.00506	0.02480	0.00810	0.00709
11	0.01972	0.01632	0.01881	0.01373	0.02112	0.01342	0.01103	0.09606	0.02130	0.03209	0.04564	0.02069	0.01646	0.00751	0.00693	0.00153	0.00675	0.00601	0.00583	0.61907
12	0.01885	0.14497	0.47714	0.02565	0.06604	0.02266	0.07330	0.02737	0.01855	0.02658	0.01529	0.01827	0.01138	0.00806	0.00804	0.00263	0.01234	0.00653	0.00378	0.01258
13	0.01825	0.01114	0.01351	0.01209	0.01551	0.01028	0.00931	0.06897	0.02398	0.14411	0.26485	0.12205	0.21544	0.01805	0.00997	0.00286	0.00535	0.01546	0.00919	0.00964
14	0.01867	0.02045	0.06735	0.02351	0.02511	0.02493	0.06446	0.02160	0.01428	0.02190	0.01296	0.02036	0.01223	0.01745	0.06658	0.00434	0.54222	0.00787	0.00391	0.00981
15	0.35008	0.02553	0.21304	0.02020	0.06492	0.01922	0.05092	0.02516	0.01669	0.03220	0.01676	0.07256	0.01451	0.00996	0.00811	0.00284	0.03415	0.00753	0.00491	0.01073
16	0.02211	0.49087	0.11335	0.01832	0.05780	0.06294	0.01720	0.02600	0.01887	0.02306	0.06450	0.01928	0.01723	0.00852	0.00660	0.00211	0.00972	0.00602	0.00429	0.01124
17	0.01808	0.09400	0.02510	0.01882	0.02337	0.01776	0.11678	0.05347	0.16272	0.02929	0.07000	0.15575	0.06446	0.01581	0.00975	0.00306	0.00824	0.09575	0.00724	0.01054
18	0.07974	0.01553	0.02067	0.10871	0.11579	0.01635	0.01531	0.07281	0.10172	0.13131	0.15690	0.07012	0.03340	0.01240	0.00895	0.00280	0.00762	0.01064	0.00767	0.01158

[dist]
# distance from previous block
# <min> <max>
0	1

[block]
# block no. 2 follows, 20 sequences, length 283
# corresponding to MSA columns:
# 95-288,292-380
name=unknown_C
#
# <colnr> <probs for GDERKNQSTAVLIFYWHMCP>
#	G	D	E	R	K	N	Q	S	T	A	V	L	I	F	Y	W	H	M	C	P
0	0.06312	0.01669	0.02400	0.46254	0.04783	0.02003	0.02066	0.09432	0.08041	0.02865	0.02096	0.02588	0.03929	0.00976	0.00860	0.00287	0.01032	0.00823	0.00522	0.01060
1	0.01750	0.04512	0.64825	0.02486	0.03775	0.02026	0.03223	0.02762	0.01842	0.02762	0.01565	0.01842	0.01105	0.00829	0.00829	0.00276	0.01289	0.00645	0.00368	0.01289
2	0.06343	0.01689	0.01939	0.01749	0.05036	0.01771	0.01319	0.22639	0.08284	0.12173	0.06180	0.07935	0.08772	0.05480	0.01129	0.00319	0.00773	0.04447	0.00832	0.01190
3	0.06197	0.01578	0.01898	0.01573	0.02136	0.01583	0.01262	0.04083	0.23453	0.35126	0.08660	0.03313	0.02817	0.01166	0.00879	0.00279	0.00692	0.00959	0.00978	0.01366
4	0.01693	0.01616	0.05760	0.04737	0.02175	0.01569	0.01362	0.03034	0.29035	0.03108	0.10560	0.05387	0.15055	0.01580	0.00971	0.00307	0.00693	0.09457	0.00809	0.01091
5	0.01904	0.03436	0.35074	0.03080	0.04166	0.02116	0.31895	0.02778	0.01950	0.02778	0.01665	0.02097	0.01214	0.00782	0.00929	0.00285	0.01380	0.00836	0.00405	0.01233
6	0.01817	0.01724	0.02923	0.46717	0.25213	0.01983	0.02507	0.02377	0.01824	0.02435	0.01580	0.02270	0.01235	0.00841	0.00869	0.00280	0.01121	0.00776	0.00402	0.01106
7	0.01258	0.00847	0.00948	0.00948	0.00962	0.00841	0.00535	0.01268	0.01301	0.01722	0.03026	0.05831	0.05928	0.66279	0.04284	0.00821	0.00827	0.01295	0.00541	0.00538
8	0.05963	0.01133	0.01634	0.08869	0.02156	0.01155	0.05684	0.04410	0.01959	0.02764	0.14737	0.37279	0.04862	0.01994	0.01017	0.00318	0.00669	0.01804	0.00748	0.00846
9	0.05887	0.01217	0.06083	0.01194	0.01484	0.00989	0.00988	0.01753	0.02243	0.03292	0.48926	0.05759	0.06738	0.08174	0.01312	0.00329	0.00538	0.01407	0.00847	0.00838
10	0.01122	0.00949	0.00980	0.00982	0.01270	0.00845	0.00732	0.01511	0.06633	0.02445	0.08064	0.13433	0.53632	0.02177	0.01027	0.00300	0.00467	0.01832	0.00816	0.00784
11	0.01379	0.00985	0.01375	0.01576	0.01765	0.00981	0.01359	0.01761	0.01982	0.02581	0.04633	0.14404	0.05078	0.02435	0.01198	0.00398	0.00780	0.53729	0.00804	0.00796
12	0.02847	0.33553	0.03426	0.01889	0.02492	0.32917	0.01597	0.07546	0.02284	0.02358	0.01345	0.01535	0.01150	0.00842	0.00691	0.00210	0.01238	0.00536	0.00448	0.01096
13	0.08304	0.01753	0.02636	0.34928	0.13733	0.05266	0.06603	0.02338	0.01865	0.02596	0.05809	0.06581	0.01938	0.01018	0.00874	0.00284	0.01056	0.00915	0.00479	0.01024
14	0.01246	0.00935	0.01402	0.01402	0.01558	0.01090	0.01090	0.01558	0.01402	0.02025	0.02336	0.03427	0.02181	0.06542	0.65888	0.01402	0.02336	0.00935	0.00467	0.00779
15	0.02059	0.02353	0.05147	0.03676	0.04559	0.02206	0.60735	0.02794	0.02059	0.02794	0.01765	0.02353	0.01324	0.00735	0.01029	0.00294	0.01471	0.01029	0.00441	0.01176
16	0.01830	0.13503	0.56536	0.02349	0.03564	0.02222	0.02985	0.02742	0.01832	0.02665	0.01517	0.01781	0.01107	0.00817	0.00792	0.00264	0.01240	0.00620	0.00369	0.01266
17	0.02059	0.02353	0.05147	0.03676	0.04559	0.02206	0.60735	0.02794	0.02059	0.02794	0.01765	0.02353	0.01324	0.00735	0.01029	0.00294	0.01471	0.01029	0.00441	0.01176
18	0.01809	0.01550	0.01809	0.01292	0.02067	0.01163	0.01034	0.02196	0.01809	0.02842	0.01550	0.01809	0.01292	0.00646	0.00646	0.00129	0.00646	0.00517	0.00517	0.74677
19	0.01908	0.01908	0.02672	0.02290	0.02290	0.02672	0.01908	0.02099	0.01336	0.02099	0.01145	0.01908	0.01145	0.01527	0.02863	0.00382	0.67748	0.00763	0.00382	0.00954
20	0.01063	0.00759	0.01012	0.01215	0.01265	0.00709	0.00810	0.01215	0.01670	0.02227	0.04808	0.68775	0.05769	0.02733	0.01113	0.00354	0.00506	0.02480	0.00810	0.00709
21	0.01063	0.00759	0.01012	0.01215	0.01265	0.00709	0.00810	0.01215	0.01670	0.02227	0.04808	0.68775	0.05769	0.02733	0.01113	0.00354	0.00506	0.02480	0.00810	0.00709
22	0.02332	0.69869	0.04571	0.01493	0.02239	0.03451	0.01493	0.02612	0.01772	0.02052	0.01213	0.01399	0.01119	0.00746	0.00560	0.00187	0.00933	0.00466	0.00373	0.01119
23	0.01875	0.01589	0.01844	0.01323	0.02095	0.01230	0.01061	0.04768	0.01909	0.02958	0.01574	0.01821	0.01300	0.00664	0.00656	0.00135	0.00660	0.00529	0.00532	0.71476
24	0.01908	0.01908	0.02672	0.02290	0.02290	0.02672	0.01908	0.02099	0.01336	0.02099	0.01145	0.01908	0.01145	0.01527	0.02863	0.00382	0.67748	0.00763	0.00382	0.00954
25	0.01063	0.00759	0.01012	0.01215	0.01265	0.00709	0.00810	0.01215	0.01670	0.02227	0.04808	0.68775	0.05769	0.02733	0.01113	0.00354	0.00506	0.02480	0.00810	0.00709
26	0.01812	0.11553	0.58334	0.02379	0.03610	0.02179	0.03036	0.02746	0.01834	0.02686	0.01527	0.01794	0.01107	0.00820	0.00800	0.00267	0.01251	0.00625	0.00369	0.01271
27	0.01521	0.00795	0.01206	0.04227	0.01364	0.00813	0.00835	0.01187	0.01165	0.01549	0.01517	0.02636	0.01499	0.02929	0.03290	0.71147	0.00777	0.00758	0.00379	0.00406
28	0.01380	0.00992	0.01369	0.01546	0.01751	0.00982	0.01340	0.01774	0.02035	0.02653	0.08331	0.09579	0.07656	0.02364	0.01187	0.00389	0.00765	0.52293	0.00813	0.00802
29	0.01334	0.01013	0.01258	0.01327	0.01507	0.01025	0.00975	0.01983	0.12715	0.02807	0.17859	0.37038	0.05697	0.02208	0.01063	0.00330	0.00547	0.07591	0.00857	0.00864
30	0.06581	0.07368	0.02602	0.02386	0.08663	0.43485	0.01698	0.05773	0.04891	0.06360	0.01615	0.01792	0.01283	0.00903	0.00782	0.00235	0.01325	0.00620	0.00522	0.01115
31	0.01340	0.00957	0.01331	0.01532	0.01704	0.00948	0.01292	0.01694	0.01944	0.02537	0.04655	0.21077	0.05163	0.02471	0.01187	0.00393	0.00747	0.47439	0.00804	0.00785
32	0.01056	0.00786	0.00984	0.01142	0.01246	0.00715	0.00778	0.01223	0.01740	0.02255	0.05690	0.55549	0.18426	0.02618	0.01095	0.00341	0.00492	0.02340	0.00810	0.00715
33	0.01063	0.00759	0.01012	0.01215	0.01265	0.00709	0.00810	0.01215	0.01670	0.02227	0.04808	0.68775	0.05769	0.02733	0.01113	0.00354	0.00506	0.02480	0.00810	0.00709
34	0.02112	0.28661	0.31008	0.02431	0.10420	0.02608	0.02412	0.06196	0.01969	0.02670	0.01474	0.01729	0.01167	0.00805	0.00734	0.00240	0.01105	0.00602	0.00408	0.01248
35	0.01281	0.00966	0.01326	0.01311	0.01419	0.00978	0.03716	0.01454	0.01584	0.02127	0.06172	0.22522	0.06551	0.28690	0.06736	0.00612	0.03624	0.07593	0.00648	0.00692
36	0.01154	0.00938	0.01028	0.00997	0.01274	0.00839	0.00750	0.01552	0.05319	0.02777	0.25417	0.07544	0.43259	0.02024	0.01023	0.00288	0.00446	0.01715	0.00860	0.00797
37	0.01733	0.01660	0.02876	0.56113	0.12837	0.01970	0.05886	0.02316	0.01792	0.02336	0.01574	0.02307	0.01198	0.00853	0.00880	0.00287	0.01166	0.00790	0.00396	0.01031
38	0.03260	0.05783	0.02670	0.02039	0.02683	0.17140	0.01657	0.45322	0.03628	0.04580	0.01886	0.01945	0.01385	0.01000	0.00839	0.00250	0.01099	0.00720	0.00754	0.01360
39	0.01750	0.04512	0.64825	0.02486	0.03775	0.02026	0.03223	0.02762	0.01842	0.02762	0.01565	0.01842	0.01105	0.00829	0.00829	0.00276	0.01289	0.00645	0.00368	0.01289
40	0.02418	0.08190	0.10062	0.03495	0.24754	0.19760	0.10374	0.03009	0.04853	0.02610	0.01623	0.01982	0.01311	0.00827	0.00839	0.00252	0.01248	0.00724	0.00447	0.01221
41	0.03185	0.02317	0.02478	0.01915	0.02574	0.02559	0.01577	0.56428	0.03925	0.05323	0.02152	0.02184	0.01542	0.01045	0.00852	0.00257	0.00917	0.00787	0.06551	0.01431
42	0.01897	0.01548	0.01818	0.01303	0.02074	0.01168	0.01044	0.02282	0.01837	0.05417	0.01629	0.01857	0.01328	0.00664	0.00656	0.00135	0.00650	0.00532	0.00540	0.71622
43	0.02060	0.01637	0.01894	0.01393	0.02138	0.01355	0.01118	0.07019	0.05998	0.06353	0.01824	0.01987	0.01443	0.00735	0.00692	0.00158	0.00678	0.00587	0.00598	0.60333
44	0.02666	0.01886	0.02108	0.01730	0.02255	0.02004	0.01375	0.38577	0.03236	0.07955	0.02884	0.20244	0.02678	0.01488	0.00927	0.00281	0.00809	0.01238	0.00851	0.04808
45	0.01063	0.00759	0.01012	0.01215	0.01265	0.00709	0.00810	0.01215	0.01670	0.02227	0.04808	0.68775	0.05769	0.02733	0.01113	0.00354	0.00506	0.02480	0.00810	0.00709
46	0.01217	0.00876	0.01111	0.01074	0.01246	0.00814	0.00773	0.01545	0.02226	0.03105	0.48307	0.10596	0.10346	0.11163	0.01504	0.00359	0.00479	0.01608	0.00883	0.00770
47	0.01908	0.01908	0.02672	0.02290	0.02290	0.02672	0.01908	0.02099	0.01336	0.02099	0.01145	0.01908	0.01145	0.01527	0.02863	0.00382	0.67748	0.00763	0.00382	0.00954
48	0.01063	0.00759	0.01012	0.01215	0.01265	0.00709	0.00810	0.01215	0.01670	0.02227	0.04808	0.68775	0.05769	0.02733	0.01113	0.00354	0.00506	0.02480	0.00810	0.00709
49	0.30786	0.01774	0.01754	0.01436	0.01997	0.01933	0.01176	0.21703	0.02532	0.13125	0.02064	0.02133	0.01486	0.00956	0.00707	0.00257	0.00738	0.00683	0.11581	0.01179
50	0.01268	0.00846	0.00951	0.00951	0.00951	0.00846	0.00529	0.01268	0.01268	0.01691	0.02748	0.05708	0.03171	0.69345	0.04440	0.00846	0.00846	0.01268	0.00529	0.00529
51	0.02114	0.02070	0.03663	0.09229	0.53343	0.02079	0.09271	0.02661	0.01979	0.02803	0.01649	0.02192	0.01361	0.00779	0.00883	0.00265	0.01094	0.00806	0.00430	0.01331
52	0.01285	0.00844	0.00945	0.00945	0.00954	0.00844	0.00532	0.01304	0.01295	0.01764	0.02753	0.05593	0.03128	0.66151	0.04261	0.00816	0.00825	0.01247	0.03972	0.00542
53	0.01073	0.00767	0.01021	0.01208	0.01267	0.00715	0.00811	0.01240	0.01717	0.02302	0.08260	0.65110	0.05914	0.02677	0.01108	0.00350	0.00501	0.02427	0.00819	0.00715
54	0.01357	0.01016	0.01467	0.01434	0.01619	0.01177	0.01121	0.04752	0.01547	0.02212	0.02323	0.03355	0.02143	0.06247	0.62394	0.01341	0.02262	0.00927	0.00489	0.00817
55	0.01065	0.00883	0.00919	0.00911	0.01181	0.00751	0.00674	0.01297	0.02008	0.02453	0.14705	0.08053	0.54391	0.05403	0.01195	0.00319	0.00458	0.01784	0.00813	0.00736
56	0.01051	0.00890	0.00912	0.00922	0.01212	0.00751	0.00703	0.01282	0.01989	0.02370	0.08610	0.08472	0.60404	0.02220	0.01040	0.00300	0.00461	0.04861	0.00810	0.00740
57	0.02482	0.01639	0.01727	0.01418	0.01872	0.01771	0.01141	0.31900	0.02980	0.04389	0.02465	0.02666	0.01855	0.01032	0.00743	0.00233	0.00687	0.00799	0.37049	0.01153
58	0.02218	0.02185	0.03483	0.05187	0.60614	0.05500	0.02624	0.02720	0.02012	0.02811	0.01625	0.02127	0.01368	0.00784	0.00859	0.00257	0.01065	0.00766	0.00433	0.01362
59	0.01235	0.00892	0.01166	0.01097	0.01303	0.00823	0.00823	0.01646	0.02469	0.03498	0.63443	0.06516	0.08230	0.01783	0.01029	0.00274	0.00412	0.01578	0.00960	0.00823
60	0.01647	0.01550	0.02616	0.67248	0.06008	0.01938	0.02422	0.02229	0.01744	0.02229	0.01550	0.02326	0.01163	0.00872	0.00872	0.00291	0.01163	0.00775	0.00388	0.00969
61	0.65946	0.01665	0.01344	0.01189	0.01711	0.01908	0.00973	0.05574	0.01699	0.03965	0.06081	0.01848	0.01537	0.00898	0.00595	0.00270	0.00669	0.00574	0.00590	0.00964
62	0.01352	0.01075	0.01545	0.01486	0.01599	0.01307	0.01150	0.01607	0.01376	0.01997	0.02200	0.03463	0.02138	0.13263	0.48751	0.01177	0.12327	0.00948	0.00461	0.00776
63	0.02159	0.02073	0.03541	0.05354	0.63903	0.02073	0.02677	0.02677	0.01986	0.02850	0.01641	0.02159	0.01382	0.00777	0.00864	0.00259	0.01036	0.00777	0.00432	0.01382
64	0.01186	0.00975	0.01054	0.01019	0.01309	0.00888	0.00769	0.01658	0.07570	0.02764	0.22259	0.07451	0.43958	0.02008	0.01017	0.00290	0.00457	0.01697	0.00855	0.00817
65	0.01268	0.00846	0.00951	0.00951	0.00951	0.00846	0.00529	0.01268	0.01268	0.01691	0.02748	0.05708	0.03171	0.69345	0.04440	0.00846	0.00846	0.01268	0.00529	0.00529
66	0.01377	0.00995	0.01365	0.01550	0.01759	0.00983	0.01348	0.01764	0.02006	0.02591	0.04945	0.09727	0.09553	0.02394	0.01191	0.00393	0.00775	0.53680	0.00804	0.00798
67	0.02017	0.02262	0.04788	0.08509	0.04522	0.02216	0.52354	0.02705	0.01987	0.02705	0.01707	0.02322	0.01299	0.00798	0.01138	0.00300	0.05801	0.00992	0.00433	0.01146
68	0.01130	0.00837	0.01156	0.06314	0.01637	0.00818	0.00936	0.01348	0.01778	0.02389	0.12047	0.55674	0.05727	0.02467	0.01084	0.00339	0.00545	0.02232	0.00796	0.00743
69	0.01186	0.00811	0.00976	0.01057	0.01077	0.00791	0.00641	0.01247	0.01430	0.01906	0.03574	0.31007	0.04213	0.42624	0.03105	0.00649	0.00709	0.01754	0.00641	0.00601
70	0.01809	0.01550	0.01809	0.01292	0.02067	0.01163	0.01034	0.02196	0.01809	0.02842	0.01550	0.01809	0.01292	0.00646	0.00646	0.00129	0.00646	0.00517	0.00517	0.74677
71	0.01908	0.01908	0.02672	0.02290	0.02290	0.02672	0.01908	0.02099	0.01336	0.02099	0.01145	0.01908	0.01145	0.01527	0.02863	0.00382	0.67748	0.00763	0.00382	0.00954
72	0.01750	0.04512	0.64825	0.02486	0.03775	0.02026	0.03223	0.02762	0.01842	0.02762	0.01565	0.01842	0.01105	0.00829	0.00829	0.00276	0.01289	0.00645	0.00368	0.01289
73	0.01235	0.00892	0.01166	0.01097	0.01303	0.00823	0.00823	0.01646	0.02469	0.03498	0.63443	0.06516	0.08230	0.01783	0.01029	0.00274	0.00412	0.01578	0.00960	0.00823
74	0.03724	0.01788	0.02212	0.01696	0.02378	0.01732	0.01401	0.22211	0.03005	0.45830	0.03015	0.02692	0.01945	0.01069	0.00876	0.00267	0.00811	0.00848	0.01014	0.01484
75	0.02332	0.69869	0.04571	0.01493	0.02239	0.03451	0.01493	0.02612	0.01772	0.02052	0.01213	0.01399	0.01119	0.00746	0.00560	0.00187	0.00933	0.00466	0.00373	0.01119
76	0.01221	0.00880	0.01162	0.01164	0.01343	0.00820	0.00875	0.01588	0.02291	0.03201	0.48086	0.17364	0.07517	0.02002	0.01059	0.00300	0.00464	0.06941	0.00920	0.00802
77	0.01969	0.02342	0.08939	0.06225	0.03954	0.02209	0.37855	0.02587	0.01865	0.02627	0.01600	0.02188	0.01261	0.00904	0.01353	0.00300	0.14803	0.00902	0.00426	0.05692
78	0.01809	0.01550	0.01809	0.01292	0.02067	0.01163	0.01034	0.02196	0.01809	0.02842	0.01550	0.01809	0.01292	0.00646	0.00646	0.00129	0.00646	0.00517	0.00517	0.74677
79	0.01235	0.00892	0.01166	0.01097	0.01303	0.00823	0.00823	0.01646	0.02469	0.03498	0.63443	0.06516	0.08230	0.01783	0.01029	0.00274	0.00412	0.01578	0.00960	0.00823
80	0.01063	0.00759	0.01012	0.01215	0.01265	0.00709	0.00810	0.01215	0.01670	0.02227	0.04808	0.68775	0.05769	0.02733	0.01113	0.00354	0.00506	0.02480	0.00810	0.00709
81	0.02265	0.51847	0.17296	0.01751	0.02595	0.07020	0.01874	0.02698	0.01831	0.02209	0.01296	0.01504	0.01117	0.00773	0.00631	0.00208	0.01049	0.00510	0.00377	0.01149
82	0.01258	0.00904	0.01160	0.01300	0.01409	0.00881	0.00911	0.05880	0.01879	0.02503	0.04586	0.60068	0.05392	0.02583	0.01100	0.00350	0.00559	0.05688	0.00814	0.00774
83	0.01107	0.00807	0.01052	0.01232	0.01331	0.00753	0.00876	0.01301	0.01753	0.02295	0.05236	0.53791	0.12186	0.02629	0.01117	0.00354	0.00540	0.10109	0.00809	0.00725
84	0.02655	0.01828	0.01948	0.01576	0.02081	0.01989	0.01273	0.38778	0.03239	0.04606	0.02466	0.05522	0.01928	0.01114	0.00797	0.00247	0.00756	0.00872	0.25100	0.01226
85	0.01739	0.01633	0.02808	0.51974	0.13272	0.01918	0.05987	0.02313	0.01800	0.02395	0.01638	0.02350	0.01253	0.00858	0.00868	0.00283	0.01129	0.00793	0.03960	0.01028
86	0.02059	0.02353	0.05147	0.03676	0.04559	0.02206	0.60735	0.02794	0.02059	0.02794	0.01765	0.02353	0.01324	0.00735	0.01029	0.00294	0.01471	0.01029	0.00441	0.01176
87	0.02377	0.66696	0.04470	0.01529	0.02261	0.06465	0.01502	0.02654	0.01806	0.02056	0.01219	0.01408	0.01120	0.00754	0.00571	0.00188	0.00964	0.00471	0.00377	0.01114
88	0.01777	0.01542	0.01919	0.01400	0.02138	0.01185	0.03838	0.02167	0.01812	0.02804	0.01752	0.05777	0.01557	0.00773	0.00692	0.00150	0.00677	0.00657	0.00530	0.66853
89	0.02258	0.02409	0.09237	0.06651	0.38117	0.05558	0.02394	0.08046	0.10809	0.03121	0.01926	0.02254	0.01523	0.00874	0.00861	0.00266	0.01039	0.00783	0.00528	0.01344
90	0.02332	0.69869	0.04571	0.01493	0.02239	0.03451	0.01493	0.02612	0.01772	0.02052	0.01213	0.01399	0.01119	0.00746	0.00560	0.00187	0.00933	0.00466	0.00373	0.01119
91	0.02197	0.01964	0.02040	0.01777	0.02168	0.08787	0.01389	0.14340	0.14939	0.03218	0.02689	0.16446	0.02532	0.01448	0.01201	0.00288	0.11219	0.01131	0.00700	0.09526
92	0.01895	0.04032	0.52813	0.02732	0.07399	0.02014	0.08574	0.02823	0.01899	0.05382	0.01668	0.01957	0.01187	0.00827	0.00852	0.00277	0.01268	0.00699	0.00409	0.01292
93	0.02245	0.01911	0.02015	0.01790	0.02297	0.02205	0.01399	0.08338	0.58502	0.03770	0.03455	0.03178	0.02585	0.01174	0.00887	0.00294	0.00708	0.00973	0.00887	0.01387
94	0.01515	0.00758	0.01136	0.01136	0.01136	0.00758	0.00758	0.01136	0.01136	0.01515	0.01515	0.02652	0.01515	0.03030	0.03409	0.74621	0.00758	0.00758	0.00379	0.00379
95	0.01902	0.04131	0.53918	0.02571	0.03772	0.02097	0.08970	0.07276	0.02039	0.02977	0.01627	0.01913	0.01157	0.00836	0.00853	0.00277	0.01282	0.00695	0.00415	0.01293
96	0.02170	0.01874	0.01972	0.01775	0.02268	0.02170	0.01381	0.04635	0.62327	0.03649	0.03550	0.03254	0.02663	0.01183	0.00888	0.00296	0.00690	0.00986	0.00888	0.01381
97	0.01647	0.01550	0.02616	0.67248	0.06008	0.01938	0.02422	0.02229	0.01744	0.02229	0.01550	0.02326	0.01163	0.00872	0.00872	0.00291	0.01163	0.00775	0.00388	0.00969
98	0.01246	0.00935	0.01402	0.01402	0.01558	0.01090	0.01090	0.01558	0.01402	0.02025	0.02336	0.03427	0.02181	0.06542	0.65888	0.01402	0.02336	0.00935	0.00467	0.00779
99	0.01291	0.00967	0.01246	0.01386	0.01615	0.00922	0.01179	0.01638	0.02002	0.02533	0.05906	0.09399	0.22880	0.02348	0.01152	0.00369	0.00693	0.40886	0.00805	0.00783
100	0.01063	0.00759	0.01012	0.01215	0.01265	0.00709	0.00810	0.01215	0.01670	0.02227	0.04808	0.68775	0.05769	0.02733	0.01113	0.00354	0.00506	0.02480	0.00810	0.00709
101	0.01063	0.00759	0.01012	0.01215	0.01265	0.00709	0.00810	0.01215	0.01670	0.02227	0.04808	0.68775	0.05769	0.02733	0.01113	0.00354	0.00506	0.02480	0.00810	0.00709
102	0.01063	0.00759	0.01012	0.01215	0.01265	0.00709	0.00810	0.01215	0.01670	0.02227	0.04808	0.68775	0.05769	0.02733	0.01113	0.00354	0.00506	0.02480	0.00810	0.00709
103	0.01515	0.00758	0.01136	0.01136	0.01136	0.00758	0.00758	0.01136	0.01136	0.01515	0.01515	0.02652	0.01515	0.03030	0.03409	0.74621	0.00758	0.00758	0.00379	0.00379
104	0.01081	0.00772	0.01033	0.01236	0.01294	0.00724	0.00842	0.01246	0.01688	0.02247	0.04798	0.65608	0.05729	0.02715	0.01118	0.00357	0.00522	0.05465	0.00809	0.00714
105	0.07796	0.02396	0.02535	0.01954	0.02642	0.02659	0.01614	0.57368	0.03939	0.05399	0.02040	0.02052	0.01450	0.01032	0.00852	0.00262	0.00942	0.00766	0.00852	0.01450
106	0.01406	0.01004	0.01406	0.01606	0.01807	0.01004	0.01406	0.01807	0.02008	0.02610	0.04618	0.09839	0.05020	0.02410	0.01205	0.00402	0.00803	0.58032	0.00803	0.00803
107	0.06048	0.01795	0.01880	0.01685	0.02177	0.02045	0.01315	0.04328	0.53410	0.06102	0.03707	0.03422	0.05824	0.01215	0.00877	0.00293	0.00678	0.01001	0.00873	0.01327
108	0.01626	0.00813	0.00813	0.00813	0.01016	0.00813	0.00610	0.02033	0.01829	0.03252	0.02846	0.03252	0.02236	0.01016	0.00610	0.00203	0.00407	0.00813	0.74187	0.00813
109	0.01063	0.00759	0.01012	0.01215	0.01265	0.00709	0.00810	0.01215	0.01670	0.02227	0.04808	0.68775	0.05769	0.02733	0.01113	0.00354	0.00506	0.02480	0.00810	0.00709
110	0.01119	0.00960	0.00968	0.00953	0.01263	0.00847	0.00718	0.01514	0.06662	0.02457	0.08427	0.07997	0.58834	0.02130	0.01020	0.00295	0.00461	0.01775	0.00816	0.00786
111	0.01809	0.01550	0.01809	0.01292	0.02067	0.01163	0.01034	0.02196	0.01809	0.02842	0.01550	0.01809	0.01292	0.00646	0.00646	0.00129	0.00646	0.00517	0.00517	0.74677
112	0.01268	0.00846	0.00951	0.00951	0.00951	0.00846	0.00529	0.01268	0.01268	0.01691	0.02748	0.05708	0.03171	0.69345	0.04440	0.00846	0.00846	0.01268	0.00529	0.00529
113	0.02315	0.67068	0.04493	0.01525	0.02241	0.03419	0.01510	0.02591	0.01754	0.02054	0.01210	0.01420	0.01120	0.00778	0.00655	0.00195	0.03687	0.00479	0.00373	0.01113
114	0.01063	0.00759	0.01012	0.01215	0.01265	0.00709	0.00810	0.01215	0.01670	0.02227	0.04808	0.68775	0.05769	0.02733	0.01113	0.00354	0.00506	0.02480	0.00810	0.00709
115	0.02897	0.02138	0.02372	0.01885	0.02473	0.02379	0.01543	0.48976	0.03555	0.04795	0.02143	0.02364	0.01624	0.02158	0.14019	0.00492	0.01238	0.00816	0.00791	0.01341
116	0.01647	0.01550	0.02616	0.67248	0.06008	0.01938	0.02422	0.02229	0.01744	0.02229	0.01550	0.02326	0.01163	0.00872	0.00872	0.00291	0.01163	0.00775	0.00388	0.00969
117	0.01063	0.00759	0.01012	0.01215	0.01265	0.00709	0.00810	0.01215	0.01670	0.02227	0.04808	0.68775	0.05769	0.02733	0.01113	0.00354	0.00506	0.02480	0.00810	0.00709
118	0.02332	0.69869	0.04571	0.01493	0.02239	0.03451	0.01493	0.02612	0.01772	0.02052	0.01213	0.01399	0.01119	0.00746	0.00560	0.00187	0.00933	0.00466	0.00373	0.01119
119	0.75506	0.01687	0.01282	0.01147	0.01687	0.01957	0.00945	0.02564	0.01484	0.03914	0.01215	0.01417	0.00945	0.00810	0.00540	0.00270	0.00675	0.00472	0.00540	0.00945
120	0.02185	0.02370	0.02631	0.02281	0.02374	0.15635	0.01863	0.02383	0.01569	0.02107	0.01187	0.01840	0.01141	0.01398	0.02437	0.00349	0.54168	0.00722	0.00396	0.00966
121	0.01111	0.00837	0.01213	0.01334	0.01425	0.00781	0.03720	0.01291	0.01689	0.02254	0.04660	0.65550	0.05553	0.02636	0.01109	0.00351	0.00553	0.02409	0.00792	0.00731
122	0.02297	0.03088	0.28468	0.06664	0.12003	0.04819	0.02425	0.08337	0.10571	0.09697	0.02090	0.02245	0.01512	0.00923	0.00852	0.00273	0.01086	0.00753	0.00575	0.01321
123	0.03188	0.02324	0.02562	0.05818	0.02859	0.02575	0.01674	0.52506	0.06643	0.07681	0.02187	0.02199	0.01548	0.01045	0.00873	0.00265	0.00950	0.00798	0.00853	0.01448
124	0.02029	0.38411	0.30411	0.01903	0.02858	0.02712	0.02208	0.02631	0.01835	0.02427	0.04302	0.01832	0.01449	0.00831	0.00698	0.00229	0.01062	0.00596	0.00399	0.01179
125	0.36152	0.07108	0.01965	0.01404	0.02051	0.02058	0.01171	0.15810	0.02179	0.03880	0.01494	0.01662	0.01162	0.00821	0.00642	0.00229	0.00753	0.00554	0.00597	0.18309
126	0.50141	0.01796	0.01522	0.01318	0.01840	0.05796	0.01067	0.07580	0.01968	0.09333	0.08520	0.02198	0.01932	0.00969	0.00669	0.00267	0.00731	0.00665	0.00658	0.01029
127	0.01846	0.01994	0.07269	0.10478	0.16898	0.01928	0.17213	0.02469	0.04715	0.02632	0.02271	0.09716	0.02116	0.01219	0.01176	0.00310	0.08275	0.05851	0.00511	0.01112
128	0.12569	0.06406	0.01999	0.01533	0.02084	0.10646	0.01233	0.06754	0.10859	0.16057	0.05566	0.03103	0.08915	0.01127	0.00802	0.00252	0.00811	0.00867	0.00746	0.07671
129	0.06296	0.01625	0.02650	0.55359	0.13024	0.01956	0.02363	0.02306	0.01759	0.02411	0.01541	0.02248	0.01177	0.00856	0.00850	0.00285	0.01117	0.00757	0.00403	0.01019
130	0.01719	0.04299	0.61077	0.02404	0.03630	0.01955	0.03082	0.02697	0.01879	0.02806	0.05209	0.02117	0.01525	0.00885	0.00841	0.00276	0.01237	0.00699	0.00403	0.01262
131	0.02200	0.01686	0.01946	0.01435	0.02178	0.01436	0.01157	0.10682	0.05121	0.08028	0.01870	0.02009	0.01452	0.00762	0.00707	0.00167	0.00699	0.00605	0.00628	0.55231
132	0.01338	0.01112	0.01197	0.01136	0.01456	0.01085	0.00864	0.02117	0.15929	0.02911	0.19979	0.06791	0.37077	0.01878	0.00998	0.00290	0.00492	0.01585	0.00862	0.00904
133	0.01406	0.01004	0.01406	0.01606	0.01807	0.01004	0.01406	0.01807	0.02008	0.02610	0.04618	0.09839	0.05020	0.02410	0.01205	0.00402	0.00803	0.58032	0.00803	0.00803
134	0.05691	0.52274	0.10894	0.01579	0.02317	0.02981	0.01621	0.02521	0.01729	0.02220	0.01366	0.01654	0.01216	0.01341	0.07154	0.00323	0.01102	0.00534	0.00390	0.01096
135	0.01692	0.01637	0.02888	0.60418	0.05852	0.01967	0.08688	0.02289	0.01778	0.02289	0.01573	0.02329	0.01180	0.00857	0.00889	0.00291	0.01196	0.00803	0.00393	0.00991
136	0.01031	0.00884	0.00884	0.00884	0.01178	0.00736	0.00663	0.01252	0.01988	0.02356	0.08837	0.08395	0.63549	0.02209	0.01031	0.00295	0.00442	0.01841	0.00810	0.00736
137	0.01063	0.00759	0.01012	0.01215	0.01265	0.00709	0.00810	0.01215	0.01670	0.02227	0.04808	0.68775	0.05769	0.02733	0.01113	0.00354	0.00506	0.02480	0.00810	0.00709
138	0.06807	0.02029	0.05024	0.01699	0.02353	0.09198	0.01430	0.06087	0.08426	0.43205	0.02964	0.02675	0.01956	0.01043	0.00850	0.00267	0.00867	0.00818	0.00920	0.01384
139	0.01297	0.00992	0.01164	0.01106	0.01376	0.00919	0.00852	0.05189	0.02356	0.03128	0.34904	0.07178	0.28740	0.01941	0.01031	0.00290	0.00483	0.05338	0.00887	0.00830
140	0.03914	0.01484	0.02024	0.01552	0.02227	0.01282	0.01282	0.04251	0.02497	0.64507	0.03441	0.02969	0.02159	0.01080	0.00877	0.00270	0.00742	0.00877	0.01080	0.01484
141	0.02159	0.02073	0.03541	0.05354	0.63903	0.02073	0.02677	0.02677	0.01986	0.02850	0.01641	0.02159	0.01382	0.00777	0.00864	0.00259	0.01036	0.00777	0.00432	0.01382
142	0.02942	0.02224	0.02388	0.01912	0.02528	0.02475	0.01550	0.45621	0.16205	0.04916	0.02560	0.06264	0.01984	0.01175	0.00890	0.00274	0.00876	0.00927	0.00872	0.01416
143	0.01247	0.00930	0.01381	0.01381	0.01529	0.01079	0.01064	0.01544	0.01396	0.02009	0.02356	0.03534	0.02227	0.09506	0.62988	0.01376	0.02266	0.00950	0.00470	0.00767
144	0.01085	0.00775	0.01038	0.01240	0.01301	0.00728	0.00849	0.01254	0.01692	0.02252	0.04795	0.64904	0.05720	0.02712	0.01119	0.00357	0.00526	0.06129	0.00809	0.00715
145	0.07234	0.01268	0.01654	0.07460	0.02158	0.01351	0.04054	0.02363	0.14684	0.03015	0.17433	0.20669	0.04610	0.01741	0.00984	0.00312	0.00669	0.06606	0.00783	0.00950
146	0.01396	0.00927	0.01218	0.01125	0.01359	0.00851	0.00851	0.01803	0.02471	0.07166	0.59836	0.06303	0.07865	0.01741	0.01020	0.00274	0.00431	0.01535	0.00967	0.00863
147	0.06925	0.02040	0.02240	0.01789	0.02404	0.02203	0.01472	0.37871	0.08338	0.14264	0.02569	0.02815	0.01909	0.01132	0.00864	0.00272	0.00852	0.04243	0.04425	0.01373
148	0.06731	0.65770	0.04373	0.01472	0.02206	0.03362	0.01460	0.02609	0.01755	0.02164	0.01213	0.01400	0.01109	0.00750	0.00559	0.00192	0.00917	0.00467	0.00383	0.01109
149	0.08247	0.02087	0.02623	0.02951	0.22698	0.02257	0.01842	0.24665	0.13191	0.04074	0.02164	0.02318	0.01648	0.00962	0.00834	0.00265	0.00890	0.00795	0.04131	0.01359
150	0.06623	0.01741	0.01929	0.01450	0.02143	0.01606	0.01175	0.18255	0.02440	0.06010	0.01851	0.02019	0.01430	0.00810	0.00707	0.00185	0.00718	0.00624	0.06342	0.41942
151	0.01647	0.01550	0.02616	0.67248	0.06008	0.01938	0.02422	0.02229	0.01744	0.02229	0.01550	0.02326	0.01163	0.00872	0.00872	0.00291	0.01163	0.00775	0.00388	0.00969
152	0.02441	0.43777	0.03593	0.01673	0.02260	0.20136	0.01476	0.02698	0.01940	0.02087	0.01574	0.06749	0.01524	0.01181	0.03357	0.00260	0.01132	0.00668	0.00432	0.01044
153	0.03914	0.01484	0.02024	0.01552	0.02227	0.01282	0.01282	0.04251	0.02497	0.64507	0.03441	0.02969	0.02159	0.01080	0.00877	0.00270	0.00742	0.00877	0.01080	0.01484
154	0.03914	0.01484	0.02024	0.01552	0.02227	0.01282	0.01282	0.04251	0.02497	0.64507	0.03441	0.02969	0.02159	0.01080	0.00877	0.00270	0.00742	0.00877	0.01080	0.01484
155	0.03260	0.02333	0.02534	0.01937	0.02639	0.02529	0.01598	0.54119	0.03869	0.08812	0.02141	0.02129	0.01512	0.01025	0.00859	0.00254	0.00928	0.00775	0.00863	0.05884
156	0.01215	0.00891	0.01139	0.01077	0.01291	0.00815	0.00808	0.01608	0.02423	0.03388	0.58169	0.06697	0.13573	0.01824	0.01029	0.00276	0.00414	0.01603	0.00946	0.00815
157	0.01063	0.00759	0.01012	0.01215	0.01265	0.00709	0.00810	0.01215	0.01670	0.02227	0.04808	0.68775	0.05769	0.02733	0.01113	0.00354	0.00506	0.02480	0.00810	0.00709
158	0.01185	0.00884	0.01101	0.01059	0.01276	0.00800	0.00790	0.01545	0.02333	0.03204	0.49484	0.09905	0.19384	0.01916	0.01033	0.00282	0.00422	0.01675	0.00922	0.00800
159	0.03316	0.02443	0.02618	0.02007	0.02705	0.02705	0.01658	0.60995	0.04101	0.05497	0.02094	0.02094	0.01483	0.01047	0.00873	0.00262	0.00960	0.00785	0.00873	0.01483
160	0.02127	0.02040	0.03483	0.09195	0.60310	0.02064	0.02661	0.02649	0.01971	0.02811	0.01635	0.02169	0.01368	0.00783	0.00864	0.00261	0.01044	0.00777	0.00429	0.01356
161	0.01268	0.00846	0.00951	0.00951	0.00951	0.00846	0.00529	0.01268	0.01268	0.01691	0.02748	0.05708	0.03171	0.69345	0.04440	0.00846	0.00846	0.01268	0.00529	0.00529
162	0.01330	0.00953	0.01304	0.01412	0.01608	0.00927	0.01176	0.01723	0.02150	0.02897	0.24880	0.11541	0.06162	0.02210	0.01140	0.00356	0.00654	0.35913	0.00858	0.00805
163	0.02115	0.01816	0.01925	0.01735	0.02211	0.02090	0.01348	0.04459	0.58803	0.03640	0.07077	0.03446	0.02991	0.01219	0.00896	0.00295	0.00674	0.01021	0.00892	0.01348
164	0.01647	0.01550	0.02616	0.67248	0.06008	0.01938	0.02422	0.02229	0.01744	0.02229	0.01550	0.02326	0.01163	0.00872	0.00872	0.00291	0.01163	0.00775	0.00388	0.00969
165	0.01773	0.01512	0.01770	0.01288	0.02028	0.01141	0.01023	0.02149	0.01802	0.02813	0.01708	0.05043	0.01508	0.00747	0.00669	0.00140	0.00639	0.00612	0.00531	0.71105
166	0.02332	0.69869	0.04571	0.01493	0.02239	0.03451	0.01493	0.02612	0.01772	0.02052	0.01213	0.01399	0.01119	0.00746	0.00560	0.00187	0.00933	0.00466	0.00373	0.01119
167	0.01235	0.00892	0.01166	0.01097	0.01303	0.00823	0.00823	0.01646	0.02469	0.03498	0.63443	0.06516	0.08230	0.01783	0.01029	0.00274	0.00412	0.01578	0.00960	0.00823
168	0.02074	0.01971	0.03345	0.05033	0.59052	0.01967	0.02532	0.02564	0.01962	0.02801	0.01886	0.07318	0.01722	0.00929	0.00883	0.00266	0.00995	0.00909	0.00461	0.01330
169	0.02031	0.02245	0.04742	0.03812	0.12914	0.02123	0.49890	0.02711	0.02032	0.02778	0.01876	0.05134	0.01520	0.00826	0.01009	0.00292	0.01368	0.01055	0.00455	0.01186
170	0.02076	0.01988	0.03391	0.15338	0.54565	0.02051	0.02636	0.02605	0.01947	0.02750	0.01626	0.02186	0.01346	0.00793	0.00865	0.00264	0.01057	0.00777	0.00425	0.01315
171	0.01680	0.01483	0.02278	0.37848	0.04101	0.01884	0.01942	0.02127	0.01641	0.02343	0.01703	0.02439	0.01386	0.01399	0.05331	0.00367	0.16633	0.00788	0.11699	0.00930
172	0.01063	0.00759	0.01012	0.01215	0.01265	0.00709	0.00810	0.01215	0.01670	0.02227	0.04808	0.68775	0.05769	0.02733	0.01113	0.00354	0.00506	0.02480	0.00810	0.00709
173	0.55654	0.01670	0.01586	0.01508	0.05888	0.01823	0.01129	0.02926	0.01730	0.16567	0.01710	0.01792	0.01228	0.00864	0.00632	0.00269	0.00713	0.00577	0.00646	0.01087
174	0.02244	0.57658	0.07932	0.01530	0.02262	0.03129	0.01540	0.02706	0.05345	0.02262	0.01470	0.01647	0.01276	0.00793	0.00599	0.00200	0.00909	0.00529	0.04841	0.01127
175	0.01268	0.00846	0.00951	0.00951	0.00951	0.00846	0.00529	0.01268	0.01268	0.01691	0.02748	0.05708	0.03171	0.69345	0.04440	0.00846	0.00846	0.01268	0.00529	0.00529
176	0.01076	0.00765	0.01008	0.01197	0.01245	0.00718	0.00791	0.01218	0.01644	0.02192	0.04672	0.64632	0.05599	0.07109	0.01332	0.00387	0.00528	0.02400	0.00791	0.00697
177	0.02332	0.69869	0.04571	0.01493	0.02239	0.03451	0.01493	0.02612	0.01772	0.02052	0.01213	0.01399	0.01119	0.00746	0.00560	0.00187	0.00933	0.00466	0.00373	0.01119
178	0.01515	0.00758	0.01136	0.01136	0.01136	0.00758	0.00758	0.01136	0.01136	0.01515	0.01515	0.02652	0.01515	0.03030	0.03409	0.74621	0.00758	0.00758	0.00379	0.00379
179	0.03023	0.02399	0.02403	0.01928	0.02545	0.07550	0.01560	0.43353	0.14480	0.04786	0.02336	0.02319	0.01705	0.01059	0.00856	0.00262	0.00933	0.00805	0.04301	0.01395
180	0.01075	0.00771	0.01038	0.01227	0.01284	0.00734	0.00828	0.01237	0.01652	0.02213	0.04645	0.64482	0.05533	0.02983	0.05369	0.00423	0.00626	0.02378	0.00787	0.00713
181	0.02444	0.01896	0.02042	0.01778	0.02309	0.02143	0.01400	0.10302	0.51000	0.09366	0.03393	0.03111	0.02498	0.01160	0.00885	0.00290	0.00722	0.00956	0.00904	0.01400
182	0.02081	0.01614	0.01780	0.04723	0.02191	0.01779	0.01265	0.09393	0.33825	0.06671	0.04121	0.08139	0.11615	0.01392	0.00904	0.00289	0.00678	0.01164	0.05171	0.01204
183	0.01131	0.00885	0.01032	0.01057	0.01290	0.00786	0.00803	0.01418	0.02091	0.02689	0.23220	0.14529	0.35584	0.02168	0.01058	0.00307	0.00479	0.07858	0.00851	0.00765
184	0.08094	0.02337	0.02495	0.01924	0.02610	0.02572	0.01589	0.53815	0.03835	0.08868	0.02116	0.02101	0.01488	0.01033	0.00851	0.00263	0.00928	0.00770	0.00863	0.01448
185	0.02037	0.02311	0.05014	0.07029	0.04635	0.02192	0.57660	0.02764	0.02042	0.02764	0.01753	0.02351	0.01315	0.00743	0.01021	0.00294	0.01454	0.01016	0.00438	0.01166
186	0.02657	0.01992	0.02033	0.01751	0.02280	0.06937	0.01379	0.10400	0.37983	0.14414	0.03170	0.02949	0.02308	0.01120	0.00863	0.00278	0.00783	0.00904	0.04445	0.01354
187	0.07621	0.08966	0.02661	0.02004	0.02577	0.24538	0.01621	0.29455	0.03035	0.03766	0.01658	0.01801	0.01277	0.00978	0.00890	0.00249	0.04377	0.00659	0.00638	0.01229
188	0.09677	0.44778	0.14287	0.01612	0.02401	0.02813	0.01691	0.02672	0.01827	0.05727	0.04413	0.01808	0.01499	0.00835	0.00643	0.00219	0.00933	0.00573	0.00455	0.01136
189	0.01700	0.05872	0.07014	0.02432	0.06491	0.01755	0.18975	0.02141	0.01804	0.02515	0.02705	0.21812	0.02788	0.01517	0.01220	0.00313	0.09424	0.04019	0.04511	0.00992
190	0.02937	0.02255	0.02405	0.01930	0.02561	0.02528	0.01566	0.42383	0.23330	0.04887	0.02575	0.02477	0.01873	0.01092	0.00878	0.00273	0.00871	0.00852	0.00878	0.01449
191	0.01310	0.00968	0.01267	0.01401	0.01593	0.00949	0.01136	0.01739	0.04906	0.02638	0.10958	0.22149	0.11471	0.02338	0.01133	0.00362	0.00655	0.31395	0.00825	0.00805
192	0.01792	0.07993	0.26219	0.22515	0.07980	0.02050	0.02452	0.02691	0.08340	0.02619	0.02189	0.02524	0.05064	0.00954	0.00842	0.00276	0.01090	0.00789	0.00461	0.01159
193	0.30096	0.28938	0.09894	0.01542	0.02257	0.05046	0.01500	0.07166	0.01878	0.03107	0.01327	0.01516	0.01080	0.00809	0.00615	0.00236	0.00902	0.00517	0.00477	0.01096
194	0.01531	0.01287	0.01346	0.01247	0.01621	0.01311	0.00959	0.05296	0.22049	0.03011	0.10351	0.06268	0.36794	0.01786	0.00976	0.00292	0.00547	0.01490	0.00849	0.00991
195	0.01394	0.01078	0.01554	0.10580	0.04769	0.01101	0.01357	0.01822	0.02140	0.02886	0.25909	0.07208	0.07622	0.01892	0.01074	0.00330	0.00705	0.24937	0.00789	0.00855
196	0.01583	0.01310	0.04810	0.01552	0.05388	0.01143	0.01189	0.04882	0.05018	0.06188	0.37493	0.05973	0.11228	0.01676	0.01005	0.00288	0.00590	0.06859	0.00867	0.00959
197	0.01063	0.00759	0.01012	0.01215	0.01265	0.00709	0.00810	0.01215	0.01670	0.02227	0.04808	0.68775	0.05769	0.02733	0.01113	0.00354	0.00506	0.02480	0.00810	0.00709
198	0.02332	0.69869	0.04571	0.01493	0.02239	0.03451	0.01493	0.02612	0.01772	0.02052	0.01213	0.01399	0.01119	0.00746	0.00560	0.00187	0.00933	0.00466	0.00373	0.01119
199	0.75506	0.01687	0.01282	0.01147	0.01687	0.01957	0.00945	0.02564	0.01484	0.03914	0.01215	0.01417	0.00945	0.00810	0.00540	0.00270	0.00675	0.00472	0.00540	0.00945
200	0.02680	0.01250	0.01651	0.01384	0.01852	0.01127	0.01114	0.03129	0.04922	0.35418	0.23508	0.04800	0.07150	0.01445	0.00954	0.00281	0.00621	0.04521	0.01004	0.01188
201	0.01063	0.00759	0.01012	0.01215	0.01265	0.00709	0.00810	0.01215	0.01670	0.02227	0.04808	0.68775	0.05769	0.02733	0.01113	0.00354	0.00506	0.02480	0.00810	0.00709
202	0.02059	0.02353	0.05147	0.03676	0.04559	0.02206	0.60735	0.02794	0.02059	0.02794	0.01765	0.02353	0.01324	0.00735	0.01029	0.00294	0.01471	0.01029	0.00441	0.01176
203	0.03419	0.02277	0.02515	0.01928	0.02622	0.02459	0.01593	0.51171	0.03823	0.15714	0.02327	0.02246	0.01600	0.01053	0.00873	0.00263	0.00922	0.00801	0.00908	0.01484
204	0.01063	0.00759	0.01012	0.01215	0.01265	0.00709	0.00810	0.01215	0.01670	0.02227	0.04808	0.68775	0.05769	0.02733	0.01113	0.00354	0.00506	0.02480	0.00810	0.00709
205	0.03914	0.01484	0.02024	0.01552	0.02227	0.01282	0.01282	0.04251	0.02497	0.64507	0.03441	0.02969	0.02159	0.01080	0.00877	0.00270	0.00742	0.00877	0.01080	0.01484
206	0.02031	0.02064	0.03926	0.08270	0.33021	0.02032	0.24555	0.02626	0.02000	0.02772	0.01913	0.02838	0.01628	0.00894	0.00953	0.00285	0.01191	0.05307	0.00461	0.01234
207	0.01061	0.00767	0.01004	0.01193	0.01259	0.00710	0.00800	0.01217	0.01691	0.02235	0.05072	0.64809	0.09565	0.02698	0.01108	0.00350	0.00502	0.02438	0.00810	0.00710
208	0.01246	0.00836	0.00958	0.00980	0.00985	0.00831	0.00559	0.01263	0.01312	0.01749	0.02970	0.12502	0.03451	0.62169	0.04081	0.00793	0.00809	0.01399	0.00559	0.00548
