[name]
unknown

[dist]
# distance from previous block
# <min> <max>
0	26

[block]
# block no. 0 follows, 25 sequences, length 70
# corresponding to MSA columns:
# 26-95
name=unknown_A
#
# <colnr> <probs for GDERKNQSTAVLIFYWHMCP>
#	G	D	E	R	K	N	Q	S	T	A	V	L	I	F	Y	W	H	M	C	P
0	0.01249	0.00892	0.01249	0.01428	0.01606	0.00892	0.01249	0.01606	0.01785	0.02320	0.04105	0.08746	0.04462	0.02142	0.01071	0.00357	0.00714	0.62695	0.00714	0.00714
1	0.60915	0.01591	0.01353	0.01158	0.01650	0.01816	0.00951	0.13817	0.01786	0.03721	0.04231	0.01575	0.01221	0.00798	0.00554	0.00239	0.00636	0.00515	0.00551	0.00923
2	0.01052	0.00769	0.00973	0.00965	0.01122	0.00706	0.00699	0.01337	0.01961	0.02705	0.45916	0.17744	0.13472	0.05751	0.01097	0.00287	0.00405	0.01556	0.00793	0.00690
3	0.01074	0.00784	0.01012	0.00995	0.01168	0.00722	0.00745	0.01401	0.02062	0.02866	0.52704	0.13423	0.11622	0.01736	0.00931	0.00259	0.00395	0.04566	0.00821	0.00713
4	0.00961	0.00712	0.00897	0.01010	0.01115	0.00649	0.00697	0.01139	0.01636	0.02158	0.13759	0.50914	0.17066	0.02225	0.00966	0.00295	0.00427	0.01987	0.00738	0.00649
5	0.01493	0.01435	0.02504	0.65522	0.05238	0.01742	0.07147	0.02021	0.01573	0.02021	0.01393	0.02069	0.01045	0.00766	0.00786	0.00259	0.01055	0.00707	0.00348	0.00876
6	0.02896	0.03695	0.02197	0.01998	0.02397	0.69638	0.01498	0.03096	0.02197	0.01898	0.01199	0.01398	0.00999	0.00799	0.00699	0.00200	0.01398	0.00499	0.00400	0.00899
7	0.00945	0.00675	0.00900	0.01080	0.01125	0.00630	0.00720	0.01080	0.01484	0.01979	0.04274	0.72245	0.05128	0.02429	0.00990	0.00315	0.00450	0.02204	0.00720	0.00630
8	0.01830	0.02092	0.04575	0.03268	0.04052	0.01961	0.65098	0.02484	0.01830	0.02484	0.01569	0.02092	0.01176	0.00654	0.00915	0.00261	0.01307	0.00915	0.00392	0.01046
9	0.06439	0.02265	0.02615	0.11036	0.33497	0.19381	0.01956	0.06611	0.01929	0.02489	0.01371	0.01753	0.01123	0.00770	0.00801	0.00230	0.03623	0.00626	0.00413	0.01072
10	0.01387	0.00859	0.01114	0.01012	0.01254	0.00778	0.00772	0.01731	0.02164	0.11377	0.54539	0.05522	0.11409	0.01535	0.00897	0.00245	0.00405	0.01341	0.00856	0.00801
11	0.01097	0.00793	0.01036	0.00975	0.01158	0.00732	0.00732	0.01463	0.02195	0.03109	0.67505	0.05792	0.07316	0.01585	0.00914	0.00244	0.00366	0.01402	0.00854	0.00732
12	0.01683	0.01444	0.01752	0.01257	0.01946	0.01136	0.03286	0.05132	0.01718	0.02643	0.01409	0.01638	0.01158	0.00595	0.00597	0.00126	0.00615	0.00488	0.00473	0.70906
13	0.00981	0.00723	0.00918	0.01006	0.01122	0.00661	0.00703	0.01187	0.01717	0.02298	0.21656	0.44536	0.15376	0.02133	0.00958	0.00288	0.00419	0.01903	0.00755	0.00661
14	0.01597	0.01467	0.02391	0.61122	0.10113	0.01777	0.02127	0.06155	0.01704	0.02215	0.01416	0.02042	0.01068	0.00779	0.00775	0.00254	0.01013	0.00690	0.00376	0.00920
15	0.01464	0.01378	0.02326	0.70887	0.05340	0.01723	0.02153	0.01981	0.01550	0.01981	0.01378	0.02067	0.01034	0.00775	0.00775	0.00258	0.01034	0.00689	0.00345	0.00861
16	0.03392	0.01459	0.01886	0.01446	0.02049	0.01346	0.01194	0.13836	0.02452	0.58064	0.02863	0.02512	0.01821	0.00955	0.00779	0.00239	0.00691	0.00766	0.00930	0.01319
17	0.01509	0.01382	0.02303	0.59671	0.11322	0.01669	0.02071	0.02010	0.01577	0.02096	0.01461	0.02106	0.01115	0.00775	0.00759	0.00250	0.00978	0.00691	0.05365	0.00889
18	0.00945	0.00675	0.00900	0.01080	0.01125	0.00630	0.00720	0.01080	0.01484	0.01979	0.04274	0.72245	0.05128	0.02429	0.00990	0.00315	0.00450	0.02204	0.00720	0.00630
19	0.01464	0.01378	0.02326	0.70887	0.05340	0.01723	0.02153	0.01981	0.01550	0.01981	0.01378	0.02067	0.01034	0.00775	0.00775	0.00258	0.01034	0.00689	0.00345	0.00861
20	0.01733	0.01616	0.02675	0.39240	0.31806	0.01808	0.02215	0.05378	0.01749	0.02364	0.01437	0.01994	0.01131	0.00747	0.00772	0.00245	0.00977	0.00690	0.00383	0.01041
21	0.02044	0.69353	0.07674	0.01376	0.02066	0.02997	0.01413	0.02329	0.01579	0.01859	0.01095	0.01266	0.00994	0.00667	0.00511	0.00170	0.00847	0.00423	0.00331	0.01003
22	0.01152	0.00850	0.01083	0.01015	0.01214	0.00810	0.00764	0.01637	0.06401	0.03118	0.63297	0.05602	0.06992	0.01550	0.00906	0.00245	0.00382	0.01368	0.00849	0.00764
23	0.01838	0.30058	0.40017	0.01863	0.02779	0.06721	0.02196	0.02447	0.01651	0.02181	0.01261	0.01473	0.00988	0.00713	0.00644	0.00213	0.01043	0.00508	0.00334	0.01073
24	0.01665	0.01405	0.01577	0.04969	0.01968	0.01584	0.01163	0.03237	0.45074	0.02976	0.10457	0.08075	0.05853	0.01293	0.00839	0.00270	0.00595	0.05179	0.00761	0.01059
25	0.00945	0.00675	0.00900	0.01080	0.01125	0.00630	0.00720	0.01080	0.01484	0.01979	0.04274	0.72245	0.05128	0.02429	0.00990	0.00315	0.00450	0.02204	0.00720	0.00630
26	0.01522	0.01422	0.02317	0.62394	0.07910	0.01744	0.02090	0.02169	0.06714	0.02106	0.01523	0.02126	0.01148	0.00793	0.00776	0.00257	0.00995	0.00704	0.00382	0.00907
27	0.01664	0.01663	0.02489	0.14018	0.02720	0.02239	0.05315	0.01920	0.01286	0.01920	0.01111	0.01783	0.01029	0.01217	0.02147	0.00321	0.55258	0.00694	0.00343	0.00861
28	0.00916	0.00785	0.00785	0.00785	0.01047	0.00655	0.00589	0.01113	0.01767	0.02095	0.07855	0.07462	0.67599	0.01964	0.00916	0.00262	0.00393	0.01636	0.00720	0.00655
29	0.01143	0.00739	0.00979	0.01106	0.01192	0.00693	0.00767	0.01294	0.01524	0.06111	0.04027	0.57105	0.04677	0.08345	0.01237	0.00351	0.00510	0.06822	0.00713	0.00666
30	0.78228	0.01499	0.01140	0.01020	0.01499	0.01739	0.00840	0.02279	0.01320	0.03479	0.01080	0.01260	0.00840	0.00720	0.00480	0.00240	0.00600	0.00420	0.00480	0.00840
31	0.00959	0.00787	0.00845	0.00831	0.01074	0.00673	0.00623	0.01196	0.01869	0.02336	0.22053	0.07064	0.53250	0.01874	0.00916	0.00258	0.00386	0.01581	0.00752	0.00673
32	0.01801	0.02177	0.08386	0.03095	0.03834	0.01987	0.55721	0.02428	0.01762	0.02428	0.01510	0.02029	0.01151	0.00720	0.01045	0.00267	0.07366	0.00873	0.00384	0.01035
33	0.01815	0.01736	0.02959	0.19894	0.53593	0.01815	0.02328	0.02288	0.01716	0.02407	0.01440	0.01953	0.01184	0.00710	0.00769	0.00237	0.00947	0.00690	0.00375	0.01144
34	0.01128	0.00752	0.00846	0.00846	0.00846	0.00752	0.00470	0.01128	0.01128	0.01503	0.02443	0.05074	0.02819	0.72751	0.03946	0.00752	0.00752	0.01128	0.00470	0.00470
35	0.02073	0.73217	0.04063	0.01327	0.01990	0.03068	0.01327	0.02322	0.01575	0.01824	0.01078	0.01244	0.00995	0.00663	0.00498	0.00166	0.00829	0.00415	0.00332	0.00995
36	0.00983	0.00703	0.00941	0.01101	0.01169	0.00661	0.00766	0.01156	0.01569	0.02101	0.09446	0.61348	0.05251	0.02335	0.00990	0.00313	0.00466	0.07326	0.00730	0.00645
37	0.74393	0.01534	0.01200	0.01059	0.01546	0.01773	0.00872	0.05491	0.01438	0.03550	0.01119	0.01290	0.00864	0.00730	0.00495	0.00240	0.00613	0.00434	0.00495	0.00864
38	0.00957	0.00762	0.00859	0.00887	0.01086	0.00664	0.00645	0.01173	0.01787	0.02264	0.18490	0.21417	0.42288	0.01994	0.00932	0.00270	0.00400	0.01717	0.00746	0.00664
39	0.01112	0.00820	0.00898	0.00860	0.01127	0.00700	0.00652	0.01348	0.01880	0.06433	0.19327	0.06832	0.51607	0.01826	0.00907	0.00257	0.00404	0.01537	0.00761	0.00711
40	0.01445	0.00723	0.00723	0.00723	0.00903	0.00723	0.00542	0.01807	0.01626	0.02891	0.02529	0.02891	0.01987	0.00903	0.00542	0.00181	0.00361	0.00723	0.77055	0.00723
41	0.01097	0.00793	0.01036	0.00975	0.01158	0.00732	0.00732	0.01463	0.02195	0.03109	0.67505	0.05792	0.07316	0.01585	0.00914	0.00244	0.00366	0.01402	0.00854	0.00732
42	0.02073	0.73217	0.04063	0.01327	0.01990	0.03068	0.01327	0.02322	0.01575	0.01824	0.01078	0.01244	0.00995	0.00663	0.00498	0.00166	0.00829	0.00415	0.00332	0.00995
43	0.02896	0.03695	0.02197	0.01998	0.02397	0.69638	0.01498	0.03096	0.02197	0.01898	0.01199	0.01398	0.00999	0.00799	0.00699	0.00200	0.01398	0.00499	0.00400	0.00899
44	0.01527	0.01463	0.02496	0.48663	0.04438	0.01782	0.09165	0.01997	0.01524	0.02050	0.01413	0.02079	0.01111	0.01007	0.03203	0.00298	0.11023	0.00719	0.03171	0.00870
45	0.01665	0.01583	0.02689	0.41643	0.33013	0.01776	0.02253	0.02157	0.01646	0.02225	0.01414	0.02002	0.01120	0.00738	0.00772	0.00246	0.00984	0.00690	0.00362	0.01024
46	0.00998	0.00812	0.00899	0.00942	0.01184	0.00713	0.00750	0.01233	0.01772	0.02150	0.06940	0.07775	0.52197	0.02007	0.00954	0.00285	0.00471	0.16531	0.00719	0.00669
47	0.01835	0.02079	0.04502	0.03344	0.07306	0.01955	0.61903	0.02478	0.01827	0.02486	0.01563	0.02083	0.01179	0.00655	0.00908	0.00260	0.01288	0.00904	0.00392	0.01055
48	0.01733	0.01849	0.03378	0.23856	0.06055	0.04215	0.30653	0.02239	0.01643	0.02204	0.01399	0.01987	0.01101	0.00819	0.01143	0.00271	0.13348	0.00784	0.00368	0.00956
49	0.00929	0.00769	0.00803	0.00827	0.01049	0.00656	0.00601	0.01109	0.01702	0.02053	0.07141	0.15921	0.56465	0.05168	0.01061	0.00291	0.00416	0.01689	0.00709	0.00643
50	0.02896	0.03695	0.02197	0.01998	0.02397	0.69638	0.01498	0.03096	0.02197	0.01898	0.01199	0.01398	0.00999	0.00799	0.00699	0.00200	0.01398	0.00499	0.00400	0.00899
51	0.06238	0.02456	0.02239	0.11357	0.06320	0.27755	0.01612	0.11450	0.02070	0.06589	0.01409	0.01706	0.01114	0.00912	0.01042	0.00243	0.13421	0.00609	0.00473	0.00986
52	0.01330	0.01032	0.01183	0.06576	0.01650	0.01024	0.00892	0.01957	0.14698	0.06475	0.07654	0.11802	0.37470	0.01656	0.00878	0.00265	0.00509	0.01402	0.00723	0.00827
53	0.01108	0.00831	0.01246	0.01246	0.01385	0.00969	0.00969	0.01385	0.01246	0.01800	0.02077	0.03046	0.01938	0.05815	0.69678	0.01246	0.02077	0.00831	0.00415	0.00692
54	0.01464	0.01378	0.02326	0.70887	0.05340	0.01723	0.02153	0.01981	0.01550	0.01981	0.01378	0.02067	0.01034	0.00775	0.00775	0.00258	0.01034	0.00689	0.00345	0.00861
55	0.01982	0.01931	0.02849	0.14351	0.45143	0.07269	0.02178	0.06463	0.01857	0.02515	0.01427	0.01884	0.01174	0.00765	0.00863	0.00238	0.04903	0.00675	0.00402	0.01130
56	0.02032	0.01834	0.02910	0.06992	0.54930	0.03840	0.02191	0.02585	0.05837	0.06846	0.01658	0.02017	0.01329	0.00738	0.00768	0.00233	0.00904	0.00702	0.00446	0.01209
57	0.02576	0.20955	0.02676	0.07295	0.02528	0.47547	0.01507	0.02813	0.01990	0.01886	0.01183	0.01413	0.01001	0.00763	0.00655	0.00196	0.01227	0.00493	0.00378	0.00920
58	0.01831	0.01741	0.10921	0.01850	0.06451	0.01465	0.06891	0.09345	0.11680	0.09033	0.17674	0.05761	0.03299	0.01206	0.00853	0.00260	0.00743	0.07277	0.00686	0.01034
59	0.01658	0.01408	0.01635	0.01172	0.01859	0.01085	0.00939	0.04307	0.01684	0.02614	0.01396	0.01617	0.01155	0.00587	0.00582	0.00119	0.00585	0.00468	0.00471	0.74660
60	0.01929	0.01666	0.01753	0.01578	0.02016	0.01929	0.01227	0.04120	0.66513	0.03243	0.03156	0.02893	0.02367	0.01052	0.00789	0.00263	0.00614	0.00877	0.00789	0.01227
61	0.02073	0.73217	0.04063	0.01327	0.01990	0.03068	0.01327	0.02322	0.01575	0.01824	0.01078	0.01244	0.00995	0.00663	0.00498	0.00166	0.00829	0.00415	0.00332	0.00995
62	0.01197	0.00816	0.01062	0.00987	0.01191	0.00747	0.00745	0.01554	0.02181	0.05975	0.62604	0.05709	0.09138	0.01570	0.00909	0.00244	0.00380	0.01383	0.00854	0.00755
63	0.00945	0.00675	0.00900	0.01080	0.01125	0.00630	0.00720	0.01080	0.01484	0.01979	0.04274	0.72245	0.05128	0.02429	0.00990	0.00315	0.00450	0.02204	0.00720	0.00630
64	0.02974	0.02129	0.02301	0.01764	0.02383	0.02341	0.01457	0.62259	0.03574	0.08057	0.01921	0.01900	0.01349	0.00932	0.00776	0.00233	0.00844	0.00702	0.00785	0.01319
65	0.01128	0.00752	0.00846	0.00846	0.00846	0.00752	0.00470	0.01128	0.01128	0.01503	0.02443	0.05074	0.02819	0.72751	0.03946	0.00752	0.00752	0.01128	0.00470	0.00470
66	0.01608	0.01378	0.01608	0.01148	0.01837	0.01034	0.00919	0.01952	0.01608	0.02527	0.01378	0.01608	0.01148	0.00574	0.00574	0.00115	0.00574	0.00459	0.00459	0.77491
67	0.01113	0.00746	0.00850	0.00864	0.00868	0.00742	0.00490	0.01124	0.01156	0.01541	0.02588	0.10403	0.03002	0.67171	0.03712	0.00717	0.00728	0.01213	0.00490	0.00483
68	0.01194	0.00958	0.01411	0.01362	0.01480	0.01175	0.01076	0.01455	0.01238	0.01810	0.01922	0.02848	0.01804	0.05162	0.59845	0.01113	0.12221	0.00808	0.00404	0.00715
69	0.01577	0.03858	0.63643	0.02294	0.03411	0.01813	0.07802	0.02458	0.01652	0.02458	0.01406	0.01673	0.00998	0.00730	0.00751	0.00247	0.01159	0.00600	0.00333	0.01138

[dist]
# distance from previous block
# <min> <max>
0	16

[block]
# block no. 1 follows, 25 sequences, length 32
# corresponding to MSA columns:
# 112-143
name=unknown_B
#
# <colnr> <probs for GDERKNQSTAVLIFYWHMCP>
#	G	D	E	R	K	N	Q	S	T	A	V	L	I	F	Y	W	H	M	C	P
0	0.04815	0.54307	0.07719	0.01382	0.02059	0.02618	0.01377	0.02574	0.01679	0.13129	0.01431	0.01504	0.01145	0.00720	0.00560	0.00186	0.00813	0.00486	0.00442	0.01054
1	0.13944	0.00821	0.00933	0.01050	0.01183	0.00818	0.00731	0.01284	0.01475	0.02239	0.03972	0.56043	0.08515	0.02111	0.00899	0.00299	0.00471	0.01867	0.00679	0.00667
2	0.01608	0.01552	0.02713	0.48825	0.20984	0.01772	0.07256	0.02122	0.01627	0.02160	0.01414	0.02032	0.01094	0.00744	0.00784	0.00252	0.01027	0.00708	0.00358	0.00968
3	0.01690	0.07014	0.01701	0.01170	0.01742	0.01138	0.00936	0.01987	0.01635	0.07878	0.01981	0.13548	0.01870	0.00926	0.00655	0.00163	0.00581	0.00776	0.00535	0.52073
4	0.65563	0.01613	0.01339	0.01148	0.01652	0.01851	0.00946	0.12886	0.01711	0.03716	0.01211	0.01361	0.00920	0.00755	0.00530	0.00239	0.00642	0.00467	0.00530	0.00920
5	0.02062	0.02079	0.08481	0.04046	0.51507	0.01933	0.02268	0.12976	0.02071	0.02923	0.01521	0.01886	0.01223	0.00735	0.00766	0.00232	0.00928	0.00682	0.00445	0.01237
6	0.01027	0.00738	0.00990	0.01155	0.01247	0.00701	0.00852	0.01229	0.01595	0.02109	0.06504	0.51499	0.07158	0.02311	0.01005	0.00321	0.00513	0.17667	0.00723	0.00656
7	0.01833	0.01512	0.01729	0.01255	0.01933	0.01264	0.01012	0.12614	0.01951	0.02924	0.01459	0.01650	0.01177	0.00634	0.00608	0.00135	0.00621	0.00500	0.00513	0.64676
8	0.01694	0.01070	0.01255	0.12700	0.01895	0.01166	0.00966	0.12228	0.01944	0.03064	0.02226	0.02584	0.01717	0.00886	0.00619	0.00202	0.00555	0.00713	0.51671	0.00843
9	0.04285	0.02102	0.13245	0.01653	0.02356	0.06882	0.06719	0.06576	0.03893	0.13034	0.03737	0.01971	0.01459	0.00759	0.00699	0.00195	0.00824	0.00626	0.00548	0.28436
10	0.00951	0.00679	0.00905	0.01075	0.01126	0.00634	0.00720	0.01095	0.01513	0.02024	0.06801	0.69588	0.05216	0.02395	0.00987	0.00312	0.00446	0.02172	0.00725	0.00634
11	0.01710	0.07597	0.02506	0.01876	0.02175	0.02041	0.08302	0.02137	0.06600	0.02147	0.01379	0.01864	0.01219	0.01338	0.05800	0.00328	0.36108	0.00670	0.00405	0.13797
12	0.04105	0.01587	0.02310	0.60364	0.07552	0.07173	0.02067	0.02097	0.01604	0.02046	0.01357	0.01981	0.01032	0.00772	0.00759	0.00252	0.01044	0.00665	0.00355	0.00879
13	0.02073	0.73217	0.04063	0.01327	0.01990	0.03068	0.01327	0.02322	0.01575	0.01824	0.01078	0.01244	0.00995	0.00663	0.00498	0.00166	0.00829	0.00415	0.00332	0.00995
14	0.01613	0.11773	0.61480	0.02111	0.03203	0.01943	0.02692	0.02440	0.01630	0.02385	0.01356	0.01593	0.00984	0.00728	0.00710	0.00237	0.01110	0.00555	0.00328	0.01129
15	0.01044	0.00749	0.01046	0.01131	0.01220	0.00725	0.02984	0.01223	0.01464	0.02028	0.03708	0.53232	0.04276	0.06544	0.08034	0.00420	0.00654	0.01836	0.07032	0.00649
16	0.02896	0.03695	0.02197	0.01998	0.02397	0.69638	0.01498	0.03096	0.02197	0.01898	0.01199	0.01398	0.00999	0.00799	0.00699	0.00200	0.01398	0.00499	0.00400	0.00899
17	0.00945	0.00675	0.00900	0.01080	0.01125	0.00630	0.00720	0.01080	0.01484	0.01979	0.04274	0.72245	0.05128	0.02429	0.00990	0.00315	0.00450	0.02204	0.00720	0.00630
18	0.78228	0.01499	0.01140	0.01020	0.01499	0.01739	0.00840	0.02279	0.01320	0.03479	0.01080	0.01260	0.00840	0.00720	0.00480	0.00240	0.00600	0.00420	0.00480	0.00840
19	0.02073	0.73217	0.04063	0.01327	0.01990	0.03068	0.01327	0.02322	0.01575	0.01824	0.01078	0.01244	0.00995	0.00663	0.00498	0.00166	0.00829	0.00415	0.00332	0.00995
20	0.00969	0.00788	0.00859	0.00841	0.01080	0.00677	0.00631	0.01216	0.01893	0.02392	0.25345	0.06972	0.49923	0.01853	0.00916	0.00257	0.00385	0.01568	0.00759	0.00677
21	0.01122	0.00759	0.00878	0.00868	0.00898	0.00748	0.00514	0.01184	0.01307	0.01774	0.13389	0.05195	0.03575	0.60778	0.03436	0.00666	0.00687	0.01174	0.00534	0.00514
22	0.00945	0.00675	0.00900	0.01080	0.01125	0.00630	0.00720	0.01080	0.01484	0.01979	0.04274	0.72245	0.05128	0.02429	0.00990	0.00315	0.00450	0.02204	0.00720	0.00630
23	0.78228	0.01499	0.01140	0.01020	0.01499	0.01739	0.00840	0.02279	0.01320	0.03479	0.01080	0.01260	0.00840	0.00720	0.00480	0.00240	0.00600	0.00420	0.00480	0.00840
24	0.01097	0.00793	0.01036	0.00975	0.01158	0.00732	0.00732	0.01463	0.02195	0.03109	0.67505	0.05792	0.07316	0.01585	0.00914	0.00244	0.00366	0.01402	0.00854	0.00732
25	0.01612	0.03614	0.55473	0.02429	0.03500	0.01834	0.15728	0.02461	0.01677	0.02461	0.01428	0.01731	0.01022	0.00719	0.00774	0.00249	0.01179	0.00644	0.00341	0.01125
26	0.01103	0.00785	0.01051	0.01065	0.01138	0.00851	0.00740	0.01253	0.01216	0.01690	0.02406	0.09442	0.02563	0.33562	0.36657	0.00965	0.01392	0.01065	0.00463	0.00594
27	0.01025	0.00773	0.00947	0.00938	0.01122	0.00695	0.00690	0.01310	0.01972	0.02662	0.41659	0.15939	0.23808	0.01814	0.00926	0.00259	0.00386	0.01584	0.00797	0.00695
28	0.01224	0.00874	0.01220	0.01399	0.01566	0.00871	0.01205	0.01562	0.01760	0.02292	0.04119	0.14044	0.04518	0.02166	0.01064	0.00353	0.00692	0.57649	0.00714	0.00707
29	0.02172	0.14206	0.06110	0.11145	0.21136	0.06067	0.18820	0.05118	0.01955	0.02589	0.01647	0.02144	0.01356	0.00866	0.00855	0.00274	0.01123	0.00761	0.00471	0.01185
30	0.01706	0.01839	0.03855	0.07800	0.03733	0.01764	0.49849	0.02300	0.01802	0.02420	0.01982	0.03209	0.01719	0.00913	0.00931	0.00277	0.01188	0.11292	0.00443	0.00977
31	0.01387	0.00734	0.00775	0.00765	0.00946	0.00724	0.00574	0.01749	0.01722	0.02927	0.13460	0.03379	0.02884	0.01018	0.00605	0.00191	0.00362	0.00837	0.64235	0.00724

[dist]
# distance from previous block
# <min> <max>
1	6

[block]
# block no. 2 follows, 25 sequences, length 34
# corresponding to MSA columns:
# 150-183
name=unknown_C
#
# <colnr> <probs for GDERKNQSTAVLIFYWHMCP>
#	G	D	E	R	K	N	Q	S	T	A	V	L	I	F	Y	W	H	M	C	P
0	0.12461	0.05622	0.43919	0.02142	0.05135	0.01903	0.07306	0.08051	0.01790	0.02800	0.01395	0.01636	0.01016	0.00741	0.00711	0.00242	0.01038	0.00588	0.00396	0.01108
1	0.01937	0.03079	0.38829	0.04756	0.03063	0.01962	0.05083	0.17220	0.10883	0.03108	0.01746	0.01896	0.01258	0.00822	0.00762	0.00246	0.01009	0.00663	0.00497	0.01181
2	0.05732	0.01922	0.02175	0.07943	0.04985	0.02086	0.01445	0.45489	0.02978	0.04100	0.01741	0.01953	0.01309	0.03610	0.00863	0.00243	0.00828	0.00677	0.00665	0.09257
3	0.01468	0.01442	0.07896	0.01661	0.02050	0.01221	0.14323	0.06376	0.04073	0.02628	0.15531	0.18248	0.03460	0.01492	0.01051	0.06524	0.00727	0.03016	0.05975	0.00838
4	0.02073	0.73217	0.04063	0.01327	0.01990	0.03068	0.01327	0.02322	0.01575	0.01824	0.01078	0.01244	0.00995	0.00663	0.00498	0.00166	0.00829	0.00415	0.00332	0.00995
5	0.01021	0.00707	0.00877	0.00982	0.01008	0.00681	0.00615	0.01100	0.01335	0.01780	0.03507	0.44102	0.04161	0.31892	0.02228	0.00498	0.00576	0.01753	0.00615	0.00563
6	0.01615	0.01598	0.02424	0.02038	0.02143	0.02104	0.08267	0.01853	0.01265	0.01920	0.01247	0.01956	0.01183	0.02004	0.13227	0.00478	0.52748	0.00728	0.00357	0.00844
7	0.43572	0.06621	0.08325	0.01390	0.01999	0.01912	0.03619	0.13759	0.01831	0.03419	0.01292	0.01462	0.00986	0.00743	0.00583	0.00226	0.00739	0.00507	0.00504	0.06511
8	0.02743	0.01398	0.01700	0.01401	0.01913	0.01384	0.01125	0.03712	0.25009	0.40045	0.03290	0.02954	0.05025	0.01035	0.00781	0.00247	0.00621	0.00851	0.03531	0.01236
9	0.00942	0.00686	0.00888	0.01049	0.01116	0.00632	0.00706	0.01083	0.01514	0.01991	0.04651	0.65411	0.11718	0.02380	0.00982	0.00309	0.00444	0.02144	0.00720	0.00632
10	0.01929	0.01666	0.01753	0.01578	0.02016	0.01929	0.01227	0.04120	0.66513	0.03243	0.03156	0.02893	0.02367	0.01052	0.00789	0.00263	0.00614	0.00877	0.00789	0.01227
11	0.01497	0.00962	0.01193	0.01060	0.01337	0.00901	0.00818	0.06731	0.02253	0.10747	0.46577	0.05343	0.14508	0.01512	0.00888	0.00245	0.00442	0.01306	0.00841	0.00836
12	0.01134	0.00855	0.01056	0.00995	0.01206	0.00808	0.00749	0.01610	0.06786	0.02989	0.55238	0.05796	0.14658	0.01595	0.00906	0.00248	0.00387	0.01394	0.00832	0.00758
13	0.02210	0.01603	0.01762	0.01542	0.02010	0.01785	0.01211	0.04058	0.54847	0.15076	0.03138	0.02847	0.02286	0.01035	0.00787	0.00259	0.00622	0.00859	0.00820	0.01244
14	0.03089	0.01298	0.01714	0.01374	0.01907	0.01177	0.01111	0.03573	0.08935	0.55626	0.03178	0.08893	0.02254	0.01101	0.00799	0.00249	0.00636	0.00917	0.00920	0.01248
15	0.01696	0.01696	0.02375	0.02036	0.02036	0.02375	0.01696	0.01866	0.01187	0.01866	0.01018	0.01696	0.01018	0.01357	0.02545	0.00339	0.71332	0.00679	0.00339	0.00848
16	0.78228	0.01499	0.01140	0.01020	0.01499	0.01739	0.00840	0.02279	0.01320	0.03479	0.01080	0.01260	0.00840	0.00720	0.00480	0.00240	0.00600	0.00420	0.00480	0.00840
17	0.00916	0.00785	0.00785	0.00785	0.01047	0.00655	0.00589	0.01113	0.01767	0.02095	0.07855	0.07462	0.67599	0.01964	0.00916	0.00262	0.00393	0.01636	0.00720	0.00655
18	0.01445	0.00723	0.00723	0.00723	0.00903	0.00723	0.00542	0.01807	0.01626	0.02891	0.02529	0.02891	0.01987	0.00903	0.00542	0.00181	0.00361	0.00723	0.77055	0.00723
19	0.01696	0.01696	0.02375	0.02036	0.02036	0.02375	0.01696	0.01866	0.01187	0.01866	0.01018	0.01696	0.01018	0.01357	0.02545	0.00339	0.71332	0.00679	0.00339	0.00848
20	0.00945	0.00675	0.00900	0.01080	0.01125	0.00630	0.00720	0.01080	0.01484	0.01979	0.04274	0.72245	0.05128	0.02429	0.00990	0.00315	0.00450	0.02204	0.00720	0.00630
21	0.00945	0.00675	0.00900	0.01080	0.01125	0.00630	0.00720	0.01080	0.01484	0.01979	0.04274	0.72245	0.05128	0.02429	0.00990	0.00315	0.00450	0.02204	0.00720	0.00630
22	0.78228	0.01499	0.01140	0.01020	0.01499	0.01739	0.00840	0.02279	0.01320	0.03479	0.01080	0.01260	0.00840	0.00720	0.00480	0.00240	0.00600	0.00420	0.00480	0.00840
23	0.01109	0.00825	0.01217	0.01217	0.01346	0.00953	0.00933	0.01366	0.01238	0.01779	0.02103	0.03193	0.02002	0.10650	0.64931	0.01210	0.01981	0.00852	0.00419	0.00676
24	0.01512	0.01427	0.02412	0.63912	0.11941	0.01735	0.02177	0.02023	0.01573	0.02039	0.01387	0.02052	0.01054	0.00766	0.00774	0.00255	0.01022	0.00689	0.00349	0.00900
25	0.01696	0.01696	0.02375	0.02036	0.02036	0.02375	0.01696	0.01866	0.01187	0.01866	0.01018	0.01696	0.01018	0.01357	0.02545	0.00339	0.71332	0.00679	0.00339	0.00848
26	0.01656	0.17502	0.56126	0.02038	0.03090	0.02048	0.02565	0.02429	0.01625	0.02332	0.01330	0.01560	0.00985	0.00722	0.00690	0.00230	0.01084	0.00542	0.00328	0.01116
27	0.01929	0.01666	0.01753	0.01578	0.02016	0.01929	0.01227	0.04120	0.66513	0.03243	0.03156	0.02893	0.02367	0.01052	0.00789	0.00263	0.00614	0.00877	0.00789	0.01227
28	0.01657	0.15746	0.51637	0.02042	0.03002	0.02071	0.02495	0.02380	0.01586	0.02294	0.01304	0.01574	0.00988	0.00780	0.00857	0.00240	0.07370	0.00555	0.00329	0.01093
29	0.01555	0.04011	0.68733	0.02210	0.03356	0.01801	0.02865	0.02455	0.01637	0.02455	0.01391	0.01637	0.00982	0.00737	0.00737	0.00246	0.01146	0.00573	0.00327	0.01146
30	0.01580	0.03839	0.62994	0.02305	0.03418	0.01815	0.08432	0.02458	0.01654	0.02458	0.01407	0.01678	0.01000	0.00729	0.00753	0.00247	0.01160	0.00604	0.00333	0.01137
31	0.01347	0.00673	0.01010	0.01010	0.01010	0.00673	0.00673	0.01010	0.01010	0.01347	0.01347	0.02357	0.01347	0.02694	0.03030	0.77441	0.00673	0.00673	0.00337	0.00337
32	0.02275	0.07327	0.02146	0.02019	0.12235	0.13477	0.01388	0.05259	0.21401	0.12890	0.02832	0.02765	0.08625	0.01000	0.00760	0.00235	0.00806	0.00806	0.00643	0.01110
33	0.01642	0.08700	0.54445	0.02460	0.10096	0.01903	0.05321	0.02439	0.01654	0.02419	0.01383	0.01657	0.01017	0.00723	0.00730	0.00239	0.01106	0.00588	0.00336	0.01139

[dist]
# distance from previous block
# <min> <max>
0	5

[block]
# block no. 3 follows, 25 sequences, length 26
# corresponding to MSA columns:
# 189-214
name=unknown_D
#
# <colnr> <probs for GDERKNQSTAVLIFYWHMCP>
#	G	D	E	R	K	N	Q	S	T	A	V	L	I	F	Y	W	H	M	C	P
0	0.01238	0.00884	0.01236	0.01415	0.01588	0.00882	0.01229	0.01586	0.01773	0.02307	0.04112	0.11176	0.04488	0.02153	0.01068	0.00355	0.00704	0.60381	0.00714	0.00711
1	0.01151	0.00867	0.01219	0.01202	0.01313	0.00841	0.05512	0.03886	0.01492	0.01993	0.03410	0.43513	0.03967	0.23713	0.01878	0.00441	0.00623	0.01716	0.00621	0.00641
2	0.01809	0.02050	0.04444	0.07220	0.04128	0.01947	0.61420	0.02454	0.01814	0.02454	0.01557	0.02090	0.01168	0.00661	0.00907	0.00261	0.01291	0.00902	0.00389	0.01035
3	0.01663	0.01581	0.02684	0.42048	0.32629	0.01775	0.02252	0.02155	0.01644	0.02222	0.01413	0.02003	0.01118	0.00738	0.00772	0.00246	0.00985	0.00690	0.00362	0.01021
4	0.01555	0.04011	0.68733	0.02210	0.03356	0.01801	0.02865	0.02455	0.01637	0.02455	0.01391	0.01637	0.00982	0.00737	0.00737	0.00246	0.01146	0.00573	0.00327	0.01146
5	0.02696	0.02166	0.02432	0.05555	0.05253	0.06174	0.04209	0.48788	0.05024	0.04191	0.01771	0.01880	0.01293	0.00916	0.00853	0.00239	0.03945	0.00699	0.00681	0.01233
6	0.01134	0.00863	0.01267	0.01252	0.01375	0.01015	0.00966	0.01387	0.01235	0.01782	0.02057	0.03129	0.01960	0.10285	0.62207	0.01173	0.04968	0.00845	0.00416	0.00684
7	0.00927	0.00786	0.00800	0.00797	0.01054	0.00659	0.00597	0.01133	0.01792	0.02154	0.11341	0.07364	0.64076	0.01942	0.00916	0.00261	0.00391	0.01623	0.00728	0.00659
8	0.01045	0.00750	0.00971	0.01115	0.01189	0.00719	0.00757	0.04296	0.01593	0.02125	0.04153	0.68721	0.04937	0.02354	0.00979	0.00311	0.00470	0.02129	0.00723	0.00664
9	0.02394	0.02008	0.02172	0.08816	0.05370	0.08190	0.01517	0.26664	0.20776	0.05875	0.02087	0.02151	0.01555	0.00958	0.00895	0.00248	0.05758	0.00731	0.00662	0.01172
10	0.01608	0.03638	0.56283	0.02415	0.03491	0.01832	0.14941	0.02461	0.01674	0.02461	0.01426	0.01725	0.01020	0.00721	0.00771	0.00249	0.01177	0.00639	0.00340	0.01126
11	0.01233	0.00956	0.01249	0.01184	0.01221	0.01125	0.00841	0.01340	0.01171	0.01653	0.02069	0.03876	0.02234	0.40998	0.21251	0.00804	0.14802	0.00961	0.00430	0.00603
12	0.04531	0.02798	0.01977	0.01779	0.02158	0.43126	0.01361	0.10159	0.05396	0.02343	0.01543	0.01844	0.01283	0.01799	0.14092	0.00411	0.01405	0.00604	0.00469	0.00923
13	0.16392	0.01434	0.02153	0.52723	0.08953	0.01734	0.01914	0.02067	0.01521	0.02310	0.01326	0.01900	0.01010	0.00759	0.00717	0.00253	0.00942	0.00637	0.00374	0.00883
14	0.01484	0.00854	0.01170	0.05986	0.01567	0.00812	0.00886	0.01669	0.01610	0.14849	0.03724	0.49747	0.04079	0.06324	0.01115	0.00323	0.00550	0.01757	0.00725	0.00770
15	0.01835	0.01483	0.01553	0.01412	0.01800	0.01695	0.01094	0.03671	0.53922	0.03175	0.03034	0.02892	0.02293	0.01023	0.00741	0.00247	0.00565	0.00847	0.15588	0.01129
16	0.63262	0.01370	0.01160	0.01064	0.01477	0.01590	0.00865	0.02106	0.01305	0.03153	0.01273	0.01606	0.01053	0.01709	0.13908	0.00435	0.00886	0.00500	0.00467	0.00811
17	0.04937	0.01510	0.02150	0.24138	0.03147	0.01668	0.08089	0.18817	0.02259	0.03151	0.14427	0.02762	0.02402	0.00968	0.00789	0.00243	0.00820	0.00845	0.05912	0.00967
18	0.01682	0.01680	0.02656	0.09199	0.02736	0.01966	0.14133	0.02017	0.01434	0.02128	0.01234	0.01796	0.01076	0.01006	0.01658	0.00272	0.36509	0.00684	0.00374	0.15761
19	0.00974	0.00698	0.00926	0.01059	0.01131	0.00650	0.00722	0.01154	0.01622	0.02199	0.16544	0.59349	0.05553	0.02265	0.00975	0.00301	0.00434	0.02049	0.00746	0.00650
20	0.01566	0.05440	0.43542	0.02255	0.03172	0.01732	0.16216	0.02310	0.01721	0.02480	0.07502	0.05064	0.01770	0.00864	0.00795	0.00249	0.01071	0.00786	0.00406	0.01060
21	0.01624	0.01279	0.01461	0.01088	0.01676	0.01022	0.00865	0.04163	0.01683	0.02681	0.01619	0.01866	0.01317	0.00651	0.00575	0.00132	0.00543	0.00519	0.15334	0.59903
22	0.01099	0.00829	0.01066	0.01122	0.01303	0.00730	0.00803	0.01293	0.01534	0.02114	0.03698	0.53216	0.04300	0.02045	0.00916	0.00280	0.00496	0.06935	0.00669	0.15552
23	0.01567	0.01244	0.01459	0.01416	0.01721	0.01351	0.01148	0.04966	0.29101	0.02955	0.15927	0.05464	0.04021	0.01532	0.00911	0.00291	0.00609	0.22585	0.00775	0.00955
24	0.04991	0.01771	0.02754	0.07301	0.49302	0.01849	0.02082	0.02693	0.14301	0.02682	0.01768	0.02089	0.01424	0.00766	0.00760	0.00238	0.00854	0.00716	0.00464	0.01194
25	0.01639	0.01698	0.07015	0.50057	0.13396	0.03892	0.02133	0.02152	0.01627	0.03909	0.01430	0.01992	0.01084	0.00758	0.00761	0.00245	0.01008	0.00668	0.00372	0.04163

[dist]
# distance from previous block
# <min> <max>
0	23

# created by:
# /st0/software/busco_prod/Augustus/scripts/msa2prfl.pl ./align_prep/118393.fa
