[name]
unknown

[dist]
# distance from previous block
# <min> <max>
0	4

[block]
# block no. 0 follows, 26 sequences, length 25
# corresponding to MSA columns:
# 4-28
name=unknown_A
#
# <colnr> <probs for GDERKNQSTAVLIFYWHMCP>
#	G	D	E	R	K	N	Q	S	T	A	V	L	I	F	Y	W	H	M	C	P
0	0.01222	0.00873	0.01222	0.01397	0.01572	0.00873	0.01222	0.01572	0.01746	0.02270	0.04016	0.08556	0.04365	0.02095	0.01048	0.00349	0.00698	0.63506	0.00698	0.00698
1	0.01877	0.01802	0.03079	0.04656	0.68612	0.01802	0.02328	0.02328	0.01727	0.02478	0.01427	0.01877	0.01201	0.00676	0.00751	0.00225	0.00901	0.00676	0.00375	0.01201
2	0.01887	0.01629	0.01715	0.01544	0.01972	0.01887	0.01201	0.04031	0.67241	0.03173	0.03087	0.02830	0.02315	0.01029	0.00772	0.00257	0.00600	0.00858	0.00772	0.01201
3	0.01432	0.01348	0.02275	0.71520	0.05224	0.01685	0.02107	0.01938	0.01517	0.01938	0.01348	0.02022	0.01011	0.00758	0.00758	0.00253	0.01011	0.00674	0.00337	0.00843
4	0.00924	0.00660	0.00880	0.01056	0.01100	0.00616	0.00704	0.01056	0.01452	0.01936	0.04181	0.72848	0.05017	0.02376	0.00968	0.00308	0.00440	0.02156	0.00704	0.00616
5	0.78701	0.01467	0.01115	0.00997	0.01467	0.01702	0.00821	0.02230	0.01291	0.03403	0.01056	0.01232	0.00821	0.00704	0.00469	0.00235	0.00587	0.00411	0.00469	0.00821
6	0.01414	0.00707	0.00707	0.00707	0.00884	0.00707	0.00530	0.01767	0.01591	0.02828	0.02474	0.02828	0.01944	0.00884	0.00530	0.00177	0.00353	0.00707	0.77554	0.00707
7	0.00940	0.00667	0.00876	0.01036	0.01077	0.00626	0.00683	0.01060	0.01422	0.01896	0.04026	0.66978	0.04821	0.08513	0.01218	0.00345	0.00466	0.02065	0.00683	0.00603
8	0.02883	0.02125	0.02276	0.01745	0.02352	0.02352	0.01442	0.66082	0.03566	0.04780	0.01821	0.01821	0.01290	0.00911	0.00759	0.00228	0.00835	0.00683	0.00759	0.01290
9	0.02160	0.02452	0.02385	0.02614	0.19291	0.29659	0.01709	0.02413	0.01731	0.02015	0.01450	0.01827	0.03775	0.00962	0.01244	0.00246	0.22111	0.00634	0.00382	0.00938
10	0.01873	0.01814	0.03147	0.04584	0.65440	0.01808	0.05445	0.02333	0.01730	0.02476	0.01432	0.01886	0.01199	0.00674	0.00758	0.00227	0.00920	0.00687	0.00376	0.01193
11	0.02883	0.02125	0.02276	0.01745	0.02352	0.02352	0.01442	0.66082	0.03566	0.04780	0.01821	0.01821	0.01290	0.00911	0.00759	0.00228	0.00835	0.00683	0.00759	0.01290
12	0.02028	0.73799	0.03975	0.01298	0.01947	0.03001	0.01298	0.02271	0.01541	0.01785	0.01055	0.01217	0.00973	0.00649	0.00487	0.00162	0.00811	0.00406	0.00324	0.00973
13	0.02883	0.02125	0.02276	0.01745	0.02352	0.02352	0.01442	0.66082	0.03566	0.04780	0.01821	0.01821	0.01290	0.00911	0.00759	0.00228	0.00835	0.00683	0.00759	0.01290
14	0.01178	0.00783	0.01073	0.01073	0.01220	0.00879	0.00829	0.01472	0.01325	0.02065	0.02158	0.02937	0.01910	0.04319	0.50443	0.00922	0.01553	0.00783	0.22392	0.00686
15	0.02735	0.02270	0.02179	0.01733	0.02295	0.12345	0.01401	0.48648	0.08778	0.04110	0.01814	0.01831	0.01325	0.00887	0.00740	0.00221	0.00882	0.00659	0.00692	0.04455
16	0.02028	0.73799	0.03975	0.01298	0.01947	0.03001	0.01298	0.02271	0.01541	0.01785	0.01055	0.01217	0.00973	0.00649	0.00487	0.00162	0.00811	0.00406	0.00324	0.00973
17	0.01086	0.00731	0.00844	0.00855	0.00871	0.00724	0.00498	0.01121	0.01202	0.01615	0.06902	0.10880	0.03244	0.62455	0.03414	0.00666	0.00685	0.01212	0.00506	0.00490
18	0.02603	0.01985	0.02118	0.01688	0.02245	0.02221	0.01374	0.48602	0.21504	0.04328	0.02178	0.02105	0.01579	0.00944	0.00762	0.00236	0.00769	0.00732	0.00762	0.01265
19	0.01726	0.03637	0.62049	0.02073	0.03136	0.01691	0.02619	0.02543	0.01663	0.09666	0.01539	0.01708	0.01061	0.00744	0.00725	0.00240	0.01069	0.00583	0.00388	0.01139
20	0.01103	0.00735	0.00827	0.00827	0.00827	0.00735	0.00460	0.01103	0.01103	0.01471	0.02390	0.04964	0.02758	0.73343	0.03861	0.00735	0.00735	0.01103	0.00460	0.00460
21	0.00924	0.00660	0.00880	0.01056	0.01100	0.00616	0.00704	0.01056	0.01452	0.01936	0.04181	0.72848	0.05017	0.02376	0.00968	0.00308	0.00440	0.02156	0.00704	0.00616
22	0.01812	0.01403	0.01664	0.01218	0.01851	0.01157	0.00983	0.05846	0.01724	0.08344	0.01503	0.01679	0.01193	0.00649	0.00676	0.00139	0.03743	0.00500	0.00505	0.63413
23	0.01660	0.01400	0.01619	0.01165	0.01834	0.01100	0.00935	0.06158	0.01705	0.02624	0.01379	0.01589	0.01134	0.00585	0.00575	0.00120	0.00580	0.00465	0.00470	0.72904
24	0.13263	0.01418	0.04261	0.01508	0.05817	0.01239	0.01191	0.03257	0.02004	0.50548	0.05830	0.02475	0.01924	0.00914	0.00728	0.00235	0.00656	0.00733	0.00814	0.01187

[dist]
# distance from previous block
# <min> <max>
0	4

[block]
# block no. 1 follows, 26 sequences, length 96
# corresponding to MSA columns:
# 33-128
name=unknown_B
#
# <colnr> <probs for GDERKNQSTAVLIFYWHMCP>
#	G	D	E	R	K	N	Q	S	T	A	V	L	I	F	Y	W	H	M	C	P
0	0.02738	0.01367	0.01692	0.01361	0.01897	0.01300	0.01099	0.03541	0.20040	0.42971	0.03086	0.02768	0.04705	0.00975	0.00755	0.00232	0.00616	0.00799	0.00845	0.07212
1	0.01503	0.01420	0.02402	0.60942	0.15252	0.01704	0.02142	0.02000	0.01550	0.02023	0.01361	0.01999	0.01041	0.00745	0.00757	0.00248	0.00994	0.00674	0.00343	0.00899
2	0.01360	0.00721	0.00795	0.00795	0.00959	0.00742	0.00598	0.01676	0.01512	0.02610	0.02364	0.02831	0.01914	0.01674	0.11156	0.03237	0.00618	0.00721	0.63027	0.00688
3	0.01030	0.00789	0.01145	0.04577	0.01488	0.00763	0.03564	0.01238	0.01528	0.02014	0.04074	0.53380	0.07563	0.02161	0.00964	0.00307	0.00540	0.11546	0.00672	0.00658
4	0.01877	0.01802	0.03079	0.04656	0.68612	0.01802	0.02328	0.02328	0.01727	0.02478	0.01427	0.01877	0.01201	0.00676	0.00751	0.00225	0.00901	0.00676	0.00375	0.01201
5	0.00944	0.00670	0.00881	0.01035	0.01081	0.00629	0.00686	0.01074	0.01452	0.01943	0.06505	0.65063	0.04926	0.07782	0.01187	0.00338	0.00460	0.02045	0.00690	0.00608
6	0.02839	0.02102	0.02251	0.01736	0.02335	0.02331	0.01431	0.63307	0.06414	0.04708	0.01878	0.01866	0.01336	0.00916	0.00759	0.00229	0.00824	0.00691	0.00759	0.01286
7	0.01908	0.01706	0.01850	0.01828	0.08101	0.04312	0.01302	0.03755	0.56298	0.03034	0.02797	0.02640	0.02118	0.00969	0.00758	0.00246	0.00654	0.00812	0.00709	0.04201
8	0.01965	0.65131	0.12093	0.01405	0.02113	0.02848	0.01485	0.02287	0.01549	0.01861	0.01093	0.01264	0.00972	0.00658	0.00516	0.00172	0.00850	0.00425	0.00324	0.00992
9	0.01521	0.03923	0.69413	0.02162	0.03283	0.01762	0.02802	0.02402	0.01601	0.02402	0.01361	0.01601	0.00961	0.00721	0.00721	0.00240	0.01121	0.00560	0.00320	0.01121
10	0.01074	0.00775	0.01014	0.00954	0.01133	0.00716	0.00716	0.01431	0.02147	0.03042	0.68211	0.05666	0.07157	0.01551	0.00895	0.00239	0.00358	0.01372	0.00835	0.00716
11	0.01305	0.00954	0.01153	0.01076	0.01318	0.00946	0.00814	0.01978	0.14623	0.05676	0.44415	0.09195	0.10559	0.01503	0.00870	0.00248	0.00424	0.01312	0.00809	0.00821
12	0.01460	0.01368	0.02301	0.60340	0.12408	0.01647	0.02065	0.01941	0.01538	0.02001	0.01494	0.05415	0.01226	0.00827	0.00768	0.00252	0.00971	0.00746	0.00359	0.00873
13	0.01318	0.00659	0.00988	0.00988	0.00988	0.00659	0.00659	0.00988	0.00988	0.01318	0.01318	0.02306	0.01318	0.02635	0.02964	0.77931	0.00659	0.00659	0.00329	0.00329
14	0.03071	0.01737	0.02026	0.01563	0.02153	0.01788	0.01288	0.36039	0.05603	0.33040	0.02389	0.02198	0.01591	0.00928	0.00761	0.00232	0.00742	0.00725	0.00839	0.01287
15	0.01700	0.28630	0.46276	0.01856	0.02810	0.02200	0.02270	0.02356	0.01580	0.02184	0.01253	0.01465	0.00965	0.00695	0.00638	0.00213	0.01011	0.00506	0.00322	0.01069
16	0.02883	0.02125	0.02276	0.01745	0.02352	0.02352	0.01442	0.66082	0.03566	0.04780	0.01821	0.01821	0.01290	0.00911	0.00759	0.00228	0.00835	0.00683	0.00759	0.01290
17	0.01103	0.00735	0.00827	0.00827	0.00827	0.00735	0.00460	0.01103	0.01103	0.01471	0.02390	0.04964	0.02758	0.73343	0.03861	0.00735	0.00735	0.01103	0.00460	0.00460
18	0.02086	0.60422	0.08509	0.01438	0.02091	0.10875	0.01427	0.02370	0.01618	0.01838	0.01091	0.01263	0.00973	0.00670	0.00527	0.00172	0.00900	0.00427	0.00332	0.00973
19	0.01687	0.01575	0.04717	0.03693	0.02019	0.05435	0.05930	0.04312	0.06745	0.07045	0.13390	0.03266	0.10659	0.01447	0.04406	0.00311	0.20984	0.00930	0.00563	0.00886
20	0.00933	0.00667	0.00888	0.01050	0.01102	0.00622	0.00705	0.01079	0.01494	0.02003	0.08068	0.68769	0.05147	0.02326	0.00964	0.00304	0.00435	0.02109	0.00712	0.00622
21	0.00922	0.00669	0.00871	0.01033	0.01094	0.00618	0.00694	0.01059	0.01474	0.01945	0.04461	0.67601	0.10083	0.02340	0.00962	0.00304	0.00436	0.02112	0.00704	0.00618
22	0.02894	0.02034	0.02212	0.01704	0.02303	0.02228	0.01405	0.58469	0.05650	0.10361	0.01968	0.01923	0.01377	0.00917	0.00760	0.00229	0.00810	0.00696	0.00775	0.01287
23	0.01991	0.05605	0.02355	0.01948	0.02084	0.20568	0.01590	0.02169	0.01444	0.01832	0.01046	0.01560	0.00990	0.01149	0.01911	0.00287	0.49668	0.00605	0.00347	0.00850
24	0.01877	0.01802	0.03079	0.04656	0.68612	0.01802	0.02328	0.02328	0.01727	0.02478	0.01427	0.01877	0.01201	0.00676	0.00751	0.00225	0.00901	0.00676	0.00375	0.01201
25	0.01174	0.00868	0.01243	0.01216	0.01346	0.01030	0.00952	0.01446	0.01262	0.01904	0.02004	0.02852	0.01829	0.04710	0.55746	0.01011	0.07552	0.00787	0.10373	0.00694
26	0.78701	0.01467	0.01115	0.00997	0.01467	0.01702	0.00821	0.02230	0.01291	0.03403	0.01056	0.01232	0.00821	0.00704	0.00469	0.00235	0.00587	0.00411	0.00469	0.00821
27	0.00924	0.00660	0.00880	0.01056	0.01100	0.00616	0.00704	0.01056	0.01452	0.01936	0.04181	0.72848	0.05017	0.02376	0.00968	0.00308	0.00440	0.02156	0.00704	0.00616
28	0.03001	0.01252	0.01668	0.01306	0.01843	0.01103	0.01066	0.03391	0.05232	0.56086	0.10202	0.02899	0.02458	0.00997	0.00770	0.00232	0.00608	0.00823	0.00901	0.04163
29	0.03215	0.01249	0.01700	0.01318	0.01871	0.01083	0.01083	0.03513	0.02169	0.63787	0.08271	0.02831	0.02305	0.00988	0.00773	0.00235	0.00622	0.00812	0.00930	0.01244
30	0.01103	0.00735	0.00827	0.00827	0.00827	0.00735	0.00460	0.01103	0.01103	0.01471	0.02390	0.04964	0.02758	0.73343	0.03861	0.00735	0.00735	0.01103	0.00460	0.00460
31	0.01432	0.01348	0.02275	0.71520	0.05224	0.01685	0.02107	0.01938	0.01517	0.01938	0.01348	0.02022	0.01011	0.00758	0.00758	0.00253	0.01011	0.00674	0.00337	0.00843
32	0.02530	0.01486	0.01734	0.01461	0.01957	0.01559	0.01164	0.03889	0.39616	0.31178	0.03047	0.02725	0.02130	0.00991	0.00768	0.00248	0.00619	0.00817	0.00843	0.01239
33	0.01103	0.00735	0.00827	0.00827	0.00827	0.00735	0.00460	0.01103	0.01103	0.01471	0.02390	0.04964	0.02758	0.73343	0.03861	0.00735	0.00735	0.01103	0.00460	0.00460
34	0.00924	0.00660	0.00880	0.01056	0.01100	0.00616	0.00704	0.01056	0.01452	0.01936	0.04181	0.72848	0.05017	0.02376	0.00968	0.00308	0.00440	0.02156	0.00704	0.00616
35	0.01856	0.01931	0.07106	0.04504	0.64645	0.01800	0.02357	0.02332	0.01719	0.02473	0.01423	0.01861	0.01187	0.00679	0.00749	0.00226	0.00914	0.00669	0.00372	0.01197
36	0.02221	0.01767	0.01873	0.01567	0.02056	0.01983	0.01252	0.29323	0.36036	0.03748	0.02919	0.02758	0.06950	0.01049	0.00776	0.00245	0.00680	0.00843	0.00761	0.01194
37	0.01521	0.03923	0.69413	0.02162	0.03283	0.01762	0.02802	0.02402	0.01601	0.02402	0.01361	0.01601	0.00961	0.00721	0.00721	0.00240	0.01121	0.00560	0.00320	0.01121
38	0.01103	0.00735	0.00827	0.00827	0.00827	0.00735	0.00460	0.01103	0.01103	0.01471	0.02390	0.04964	0.02758	0.73343	0.03861	0.00735	0.00735	0.01103	0.00460	0.00460
39	0.02883	0.02125	0.02276	0.01745	0.02352	0.02352	0.01442	0.66082	0.03566	0.04780	0.01821	0.01821	0.01290	0.00911	0.00759	0.00228	0.00835	0.00683	0.00759	0.01290
40	0.01989	0.68445	0.08989	0.01364	0.02049	0.02906	0.01413	0.02281	0.01546	0.01832	0.01078	0.01246	0.00972	0.00654	0.00505	0.00168	0.00835	0.00417	0.00324	0.00985
41	0.01521	0.03923	0.69413	0.02162	0.03283	0.01762	0.02802	0.02402	0.01601	0.02402	0.01361	0.01601	0.00961	0.00721	0.00721	0.00240	0.01121	0.00560	0.00320	0.01121
42	0.02833	0.03615	0.02149	0.01954	0.02345	0.70298	0.01466	0.03029	0.02149	0.01856	0.01172	0.01368	0.00977	0.00782	0.00684	0.00195	0.01368	0.00489	0.00391	0.00879
43	0.00896	0.00768	0.00768	0.00768	0.01025	0.00640	0.00576	0.01089	0.01729	0.02049	0.07684	0.07300	0.68304	0.01921	0.00896	0.00256	0.00384	0.01601	0.00704	0.00640
44	0.01521	0.03923	0.69413	0.02162	0.03283	0.01762	0.02802	0.02402	0.01601	0.02402	0.01361	0.01601	0.00961	0.00721	0.00721	0.00240	0.01121	0.00560	0.00320	0.01121
45	0.01103	0.00735	0.00827	0.00827	0.00827	0.00735	0.00460	0.01103	0.01103	0.01471	0.02390	0.04964	0.02758	0.73343	0.03861	0.00735	0.00735	0.01103	0.00460	0.00460
46	0.01325	0.00662	0.00967	0.00967	0.00980	0.00662	0.00649	0.01048	0.01034	0.01433	0.01406	0.02346	0.01366	0.02501	0.02778	0.71974	0.00635	0.00662	0.06247	0.00358
47	0.01167	0.00833	0.01158	0.01333	0.01483	0.00825	0.01125	0.01475	0.01691	0.02208	0.04047	0.20578	0.04487	0.02148	0.01033	0.00342	0.00650	0.52034	0.00700	0.00683
48	0.03403	0.01291	0.01760	0.01350	0.01936	0.01115	0.01115	0.03697	0.02171	0.69137	0.02992	0.02582	0.01878	0.00939	0.00763	0.00235	0.00645	0.00763	0.00939	0.01291
49	0.01414	0.00707	0.00707	0.00707	0.00884	0.00707	0.00530	0.01767	0.01591	0.02828	0.02474	0.02828	0.01944	0.00884	0.00530	0.00177	0.00353	0.00707	0.77554	0.00707
50	0.01521	0.03923	0.69413	0.02162	0.03283	0.01762	0.02802	0.02402	0.01601	0.02402	0.01361	0.01601	0.00961	0.00721	0.00721	0.00240	0.01121	0.00560	0.00320	0.01121
51	0.01794	0.41568	0.34159	0.01696	0.02563	0.02429	0.01992	0.02332	0.01569	0.02069	0.01196	0.01394	0.00968	0.00682	0.00595	0.00198	0.00954	0.00477	0.00323	0.01041
52	0.01084	0.00813	0.01219	0.01219	0.01354	0.00948	0.00948	0.01354	0.01219	0.01761	0.02032	0.02980	0.01896	0.05689	0.70337	0.01219	0.02032	0.00813	0.00406	0.00677
53	0.01877	0.01802	0.03079	0.04656	0.68612	0.01802	0.02328	0.02328	0.01727	0.02478	0.01427	0.01877	0.01201	0.00676	0.00751	0.00225	0.00901	0.00676	0.00375	0.01201
54	0.01871	0.01821	0.03186	0.04544	0.63658	0.01811	0.07196	0.02336	0.01732	0.02474	0.01435	0.01890	0.01198	0.00673	0.00762	0.00228	0.00930	0.00693	0.00376	0.01188
55	0.01105	0.00903	0.00973	0.00945	0.01201	0.00849	0.00709	0.03707	0.09289	0.02398	0.15038	0.12874	0.43686	0.01778	0.00884	0.00258	0.00426	0.01508	0.00732	0.00735
56	0.01877	0.01802	0.03079	0.04656	0.68612	0.01802	0.02328	0.02328	0.01727	0.02478	0.01427	0.01877	0.01201	0.00676	0.00751	0.00225	0.00901	0.00676	0.00375	0.01201
57	0.02790	0.02141	0.02219	0.01735	0.02317	0.05143	0.01421	0.57752	0.09357	0.04511	0.01910	0.01895	0.01371	0.00916	0.00757	0.00229	0.00835	0.00691	0.00745	0.01265
58	0.02343	0.01698	0.01899	0.01428	0.02046	0.01659	0.01166	0.33134	0.02585	0.08710	0.01741	0.01813	0.01290	0.00770	0.00672	0.00180	0.00693	0.00595	0.03235	0.32343
59	0.02672	0.01498	0.01771	0.01463	0.01978	0.01546	0.01174	0.07638	0.32262	0.34811	0.02965	0.02650	0.02044	0.00979	0.00767	0.00245	0.00636	0.00802	0.00851	0.01249
60	0.01877	0.01802	0.03079	0.04656	0.68612	0.01802	0.02328	0.02328	0.01727	0.02478	0.01427	0.01877	0.01201	0.00676	0.00751	0.00225	0.00901	0.00676	0.00375	0.01201
61	0.00969	0.00692	0.00931	0.01107	0.01170	0.00654	0.00781	0.01133	0.01496	0.01986	0.04156	0.63273	0.04920	0.02334	0.00980	0.00314	0.00479	0.11294	0.00703	0.00628
62	0.01283	0.00832	0.01096	0.01087	0.01294	0.00772	0.00857	0.01600	0.01960	0.08397	0.37093	0.12313	0.10538	0.01729	0.00926	0.00272	0.00472	0.15944	0.00790	0.00747
63	0.02709	0.02154	0.02171	0.01727	0.02287	0.07479	0.01402	0.50656	0.14330	0.04282	0.01988	0.01959	0.01441	0.00921	0.00755	0.00230	0.00836	0.00698	0.00733	0.01243
64	0.01862	0.01787	0.03051	0.06946	0.66440	0.01798	0.02320	0.02314	0.01720	0.02460	0.01424	0.01882	0.01195	0.00679	0.00751	0.00226	0.00905	0.00676	0.00374	0.01189
65	0.03282	0.01266	0.01713	0.01322	0.01892	0.01092	0.01089	0.03571	0.02150	0.65907	0.03218	0.02809	0.05075	0.00986	0.00769	0.00236	0.00633	0.00803	0.00928	0.01260
66	0.02675	0.03456	0.05296	0.01900	0.02347	0.61738	0.01486	0.02913	0.02079	0.01929	0.01195	0.01395	0.00987	0.00762	0.00676	0.00191	0.01294	0.00489	0.00392	0.06799
67	0.01850	0.01775	0.03030	0.08715	0.64763	0.01795	0.02314	0.02304	0.01714	0.02445	0.01422	0.01886	0.01190	0.00681	0.00751	0.00227	0.00908	0.00676	0.00373	0.01180
68	0.00896	0.00768	0.00768	0.00768	0.01025	0.00640	0.00576	0.01089	0.01729	0.02049	0.07684	0.07300	0.68304	0.01921	0.00896	0.00256	0.00384	0.01601	0.00704	0.00640
69	0.01086	0.00772	0.01031	0.01038	0.01110	0.00841	0.00721	0.01231	0.01176	0.01638	0.02274	0.06550	0.02400	0.35697	0.38059	0.00969	0.01393	0.00994	0.00442	0.00578
70	0.01956	0.05505	0.10405	0.03679	0.43015	0.10859	0.06253	0.02413	0.01743	0.02329	0.01360	0.01753	0.01124	0.00716	0.00803	0.00226	0.03739	0.00640	0.00368	0.01114
71	0.01521	0.03923	0.69413	0.02162	0.03283	0.01762	0.02802	0.02402	0.01601	0.02402	0.01361	0.01601	0.00961	0.00721	0.00721	0.00240	0.01121	0.00560	0.00320	0.01121
72	0.01101	0.00742	0.00862	0.00862	0.00874	0.00754	0.00503	0.01125	0.01113	0.01497	0.02358	0.04787	0.02681	0.67317	0.09781	0.00778	0.00851	0.01077	0.00455	0.00479
73	0.00904	0.00765	0.00781	0.00786	0.01031	0.00642	0.00586	0.01099	0.01733	0.02079	0.09650	0.09691	0.63823	0.01925	0.00899	0.00257	0.00385	0.01614	0.00709	0.00642
74	0.01938	0.61389	0.15597	0.01451	0.02184	0.02781	0.01565	0.02294	0.01552	0.01894	0.01109	0.01285	0.00971	0.00662	0.00528	0.00176	0.00866	0.00433	0.00324	0.01000
75	0.01131	0.00881	0.01026	0.00970	0.01149	0.03387	0.00715	0.01443	0.02037	0.02805	0.56257	0.05564	0.10960	0.07049	0.01114	0.00276	0.00427	0.01334	0.00780	0.00697
76	0.01787	0.01970	0.04045	0.03249	0.12212	0.01950	0.50130	0.02347	0.01710	0.02366	0.01458	0.01979	0.01140	0.00723	0.01060	0.00261	0.09374	0.00840	0.00377	0.01024
77	0.03306	0.01447	0.01857	0.01423	0.02014	0.01346	0.01176	0.15344	0.02431	0.57122	0.02774	0.02440	0.01768	0.00934	0.00762	0.00233	0.00681	0.00748	0.00905	0.01291
78	0.01573	0.01348	0.01573	0.01123	0.01798	0.01011	0.00899	0.01910	0.01573	0.02472	0.01348	0.01573	0.01123	0.00562	0.00562	0.00112	0.00562	0.00449	0.00449	0.77980
79	0.01448	0.01364	0.02304	0.69139	0.07481	0.01689	0.02114	0.01952	0.01524	0.01957	0.01351	0.02017	0.01018	0.00755	0.00758	0.00252	0.01007	0.00674	0.00338	0.00855
80	0.01521	0.03923	0.69413	0.02162	0.03283	0.01762	0.02802	0.02402	0.01601	0.02402	0.01361	0.01601	0.00961	0.00721	0.00721	0.00240	0.01121	0.00560	0.00320	0.01121
81	0.01020	0.00773	0.00939	0.00898	0.01100	0.00693	0.00673	0.01327	0.02020	0.02739	0.49749	0.06164	0.25808	0.01664	0.00895	0.00244	0.00366	0.01442	0.00795	0.00693
82	0.02833	0.03615	0.02149	0.01954	0.02345	0.70298	0.01466	0.03029	0.02149	0.01856	0.01172	0.01368	0.00977	0.00782	0.00684	0.00195	0.01368	0.00489	0.00391	0.00879
83	0.00898	0.00764	0.00773	0.00779	0.01027	0.00639	0.00581	0.01087	0.01718	0.02045	0.07550	0.09813	0.65877	0.01938	0.00899	0.00258	0.00386	0.01622	0.00704	0.00639
84	0.02028	0.73799	0.03975	0.01298	0.01947	0.03001	0.01298	0.02271	0.01541	0.01785	0.01055	0.01217	0.00973	0.00649	0.00487	0.00162	0.00811	0.00406	0.00324	0.00973
85	0.01197	0.00926	0.01259	0.01203	0.01271	0.01102	0.00892	0.01362	0.01182	0.01706	0.01990	0.03417	0.02034	0.27452	0.34589	0.00877	0.13336	0.00882	0.02693	0.00631
86	0.01499	0.01613	0.06622	0.53603	0.04702	0.01768	0.09850	0.02017	0.01527	0.02017	0.01344	0.01971	0.01024	0.00786	0.00907	0.00259	0.06576	0.00693	0.00341	0.00880
87	0.01887	0.01629	0.01715	0.01544	0.01972	0.01887	0.01201	0.04031	0.67241	0.03173	0.03087	0.02830	0.02315	0.01029	0.00772	0.00257	0.00600	0.00858	0.00772	0.01201
88	0.01432	0.01348	0.02275	0.71520	0.05224	0.01685	0.02107	0.01938	0.01517	0.01938	0.01348	0.02022	0.01011	0.00758	0.00758	0.00253	0.01011	0.00674	0.00337	0.00843
89	0.01575	0.08008	0.59988	0.02196	0.03259	0.01850	0.08005	0.02396	0.01614	0.02367	0.01357	0.01615	0.00978	0.00709	0.00721	0.00237	0.01115	0.00579	0.00326	0.01104
90	0.01529	0.04710	0.15336	0.10589	0.25226	0.01539	0.01882	0.02082	0.04613	0.02346	0.05746	0.05500	0.10945	0.01042	0.00784	0.00243	0.00818	0.03610	0.00469	0.00993
91	0.01888	0.01549	0.01661	0.01502	0.01920	0.01762	0.01177	0.03798	0.59035	0.05976	0.03283	0.03245	0.04618	0.01107	0.00789	0.00261	0.00600	0.03894	0.00773	0.01161
92	0.01764	0.01686	0.02874	0.21696	0.52457	0.01772	0.02271	0.02228	0.01673	0.02340	0.01407	0.01914	0.01153	0.00697	0.00753	0.00232	0.00929	0.00675	0.00366	0.01110
93	0.01870	0.01937	0.03859	0.02996	0.08528	0.04233	0.50000	0.02421	0.01797	0.06427	0.01794	0.07187	0.01474	0.00792	0.00874	0.00254	0.01154	0.00947	0.00440	0.01018
94	0.06108	0.02287	0.02193	0.06975	0.10158	0.18821	0.01523	0.28666	0.07800	0.03316	0.01825	0.01949	0.03272	0.00871	0.00731	0.00225	0.00942	0.00663	0.00580	0.01098
95	0.00949	0.00678	0.00907	0.01072	0.01130	0.00636	0.00736	0.01104	0.01500	0.02005	0.06971	0.66006	0.05071	0.02323	0.00970	0.00308	0.00452	0.05847	0.00709	0.00625

[dist]
# distance from previous block
# <min> <max>
0	1

[block]
# block no. 2 follows, 26 sequences, length 41
# corresponding to MSA columns:
# 130-170
name=unknown_C
#
# <colnr> <probs for GDERKNQSTAVLIFYWHMCP>
#	G	D	E	R	K	N	Q	S	T	A	V	L	I	F	Y	W	H	M	C	P
0	0.01757	0.01694	0.12697	0.01746	0.04183	0.01401	0.06526	0.07982	0.01818	0.11758	0.05955	0.22601	0.02736	0.01398	0.01058	0.00273	0.09696	0.03178	0.00604	0.00940
1	0.01837	0.25418	0.38363	0.01801	0.02680	0.02190	0.02095	0.10340	0.01847	0.02529	0.03445	0.01638	0.01203	0.00748	0.00658	0.00214	0.00964	0.00553	0.00393	0.01083
2	0.01573	0.01348	0.01573	0.01123	0.01798	0.01011	0.00899	0.01910	0.01573	0.02472	0.01348	0.01573	0.01123	0.00562	0.00562	0.00112	0.00562	0.00449	0.00449	0.77980
3	0.02275	0.01908	0.01983	0.01756	0.04740	0.05585	0.01341	0.25080	0.39574	0.03626	0.02491	0.02373	0.01852	0.00962	0.00762	0.00243	0.00732	0.00772	0.00732	0.01214
4	0.01879	0.01490	0.01698	0.01273	0.01904	0.01312	0.01022	0.11376	0.09826	0.05848	0.01699	0.01805	0.01325	0.00685	0.00624	0.00152	0.00609	0.00546	0.00554	0.54374
5	0.04172	0.01794	0.01782	0.01525	0.01908	0.08544	0.01213	0.20190	0.22880	0.03281	0.02164	0.02241	0.01655	0.00971	0.00896	0.00236	0.08468	0.00714	0.14309	0.01055
6	0.02424	0.01752	0.01881	0.01501	0.01992	0.01923	0.01220	0.45564	0.08518	0.04198	0.07276	0.02369	0.01943	0.00967	0.00734	0.00223	0.00701	0.00756	0.12911	0.01145
7	0.00960	0.00685	0.00860	0.00985	0.01036	0.00643	0.00642	0.01069	0.01400	0.01846	0.04077	0.53266	0.09537	0.17398	0.01576	0.00395	0.00498	0.01889	0.00652	0.00585
8	0.05365	0.15104	0.02441	0.01776	0.02248	0.45331	0.01411	0.13302	0.02251	0.02382	0.01256	0.01413	0.01023	0.00778	0.00656	0.00197	0.01159	0.00504	0.00443	0.00961
9	0.01568	0.11274	0.46029	0.02095	0.03005	0.01812	0.10365	0.02278	0.01625	0.02309	0.01656	0.04649	0.01397	0.00869	0.00750	0.00244	0.01048	0.05614	0.00372	0.01041
10	0.01612	0.00900	0.01154	0.01019	0.01311	0.00800	0.00789	0.01925	0.02081	0.19005	0.41912	0.05193	0.16354	0.01465	0.00863	0.00241	0.00433	0.01262	0.00838	0.00843
11	0.01780	0.02015	0.04306	0.03102	0.03808	0.01950	0.60785	0.02382	0.01741	0.02382	0.01492	0.02015	0.01139	0.00694	0.01021	0.00262	0.06862	0.00877	0.00380	0.01008
12	0.20760	0.01456	0.01709	0.01386	0.01862	0.01538	0.01141	0.07138	0.06497	0.36446	0.02217	0.02117	0.01511	0.00937	0.00911	0.00248	0.09610	0.00669	0.00729	0.01116
13	0.01742	0.01678	0.02900	0.24421	0.47068	0.01772	0.04962	0.02217	0.01667	0.02316	0.01408	0.01927	0.01143	0.00699	0.00759	0.00235	0.00950	0.00685	0.00364	0.01087
14	0.01014	0.00773	0.00931	0.00892	0.01097	0.00690	0.00669	0.01316	0.02006	0.02708	0.47840	0.06216	0.27737	0.01675	0.00895	0.00244	0.00367	0.01449	0.00791	0.00690
15	0.01139	0.00894	0.01325	0.01293	0.01416	0.01080	0.01017	0.01400	0.01213	0.01767	0.01932	0.02853	0.01810	0.05269	0.63808	0.01134	0.08761	0.00798	0.00399	0.00692
16	0.02674	0.01967	0.02144	0.01701	0.02254	0.02166	0.01414	0.57968	0.03337	0.04465	0.02097	0.02668	0.01677	0.01060	0.00795	0.00243	0.00818	0.08585	0.00751	0.01216
17	0.00924	0.00660	0.00880	0.01056	0.01100	0.00616	0.00704	0.01056	0.01452	0.01936	0.04181	0.72848	0.05017	0.02376	0.00968	0.00308	0.00440	0.02156	0.00704	0.00616
18	0.01222	0.00873	0.01222	0.01397	0.01572	0.00873	0.01222	0.01572	0.01746	0.02270	0.04016	0.08556	0.04365	0.02095	0.01048	0.00349	0.00698	0.63506	0.00698	0.00698
19	0.01758	0.03592	0.60903	0.02060	0.03114	0.01680	0.02590	0.02565	0.01673	0.10796	0.01566	0.01725	0.01076	0.00748	0.00726	0.00240	0.01061	0.00586	0.00398	0.01142
20	0.01859	0.01784	0.03046	0.07341	0.66066	0.01798	0.02319	0.02312	0.01719	0.02456	0.01424	0.01883	0.01194	0.00679	0.00751	0.00226	0.00906	0.00676	0.00374	0.01187
21	0.02028	0.73799	0.03975	0.01298	0.01947	0.03001	0.01298	0.02271	0.01541	0.01785	0.01055	0.01217	0.00973	0.00649	0.00487	0.00162	0.00811	0.00406	0.00324	0.00973
22	0.02699	0.01946	0.02079	0.01615	0.02168	0.02145	0.01327	0.57993	0.03318	0.04535	0.01903	0.01948	0.01372	0.00907	0.00730	0.00221	0.00774	0.00686	0.10418	0.01217
23	0.01084	0.00813	0.01219	0.01219	0.01354	0.00948	0.00948	0.01354	0.01219	0.01761	0.02032	0.02980	0.01896	0.05689	0.70337	0.01219	0.02032	0.00813	0.00406	0.00677
24	0.01573	0.01348	0.01573	0.01123	0.01798	0.01011	0.00899	0.01910	0.01573	0.02472	0.01348	0.01573	0.01123	0.00562	0.00562	0.00112	0.00562	0.00449	0.00449	0.77980
25	0.01432	0.01348	0.02275	0.71520	0.05224	0.01685	0.02107	0.01938	0.01517	0.01938	0.01348	0.02022	0.01011	0.00758	0.00758	0.00253	0.01011	0.00674	0.00337	0.00843
26	0.01103	0.00735	0.00827	0.00827	0.00827	0.00735	0.00460	0.01103	0.01103	0.01471	0.02390	0.04964	0.02758	0.73343	0.03861	0.00735	0.00735	0.01103	0.00460	0.00460
27	0.00922	0.00667	0.00873	0.01037	0.01095	0.00618	0.00696	0.01058	0.01470	0.01944	0.04408	0.68589	0.09129	0.02347	0.00963	0.00305	0.00436	0.02120	0.00704	0.00618
28	0.01456	0.01389	0.02363	0.65767	0.05031	0.01723	0.04571	0.01952	0.01512	0.01952	0.01340	0.02007	0.01016	0.00779	0.00841	0.00256	0.04175	0.00682	0.00339	0.00849
29	0.02883	0.02125	0.02276	0.01745	0.02352	0.02352	0.01442	0.66082	0.03566	0.04780	0.01821	0.01821	0.01290	0.00911	0.00759	0.00228	0.00835	0.00683	0.00759	0.01290
30	0.01955	0.01964	0.02777	0.03885	0.52192	0.09987	0.02044	0.02360	0.01759	0.02402	0.01386	0.01777	0.01165	0.00674	0.00719	0.00207	0.00915	0.00625	0.00387	0.10820
31	0.01381	0.00878	0.01099	0.01126	0.01375	0.00810	0.00931	0.01655	0.01766	0.10590	0.05098	0.07060	0.26807	0.04338	0.01041	0.00310	0.00570	0.29427	0.02992	0.00744
32	0.01086	0.00803	0.01170	0.01170	0.01288	0.00921	0.00887	0.01323	0.01204	0.01724	0.02077	0.03229	0.02005	0.14199	0.61976	0.01158	0.01869	0.00849	0.00413	0.00650
33	0.01602	0.01732	0.03535	0.11461	0.06236	0.01672	0.44495	0.02140	0.01731	0.02302	0.02368	0.05819	0.09429	0.00888	0.00876	0.00257	0.01084	0.01000	0.00430	0.00943
34	0.01929	0.58155	0.08553	0.01447	0.02088	0.04553	0.03902	0.02235	0.01547	0.01855	0.01176	0.01421	0.01052	0.01056	0.06044	0.00256	0.00964	0.00471	0.00335	0.00960
35	0.00929	0.00717	0.00852	0.00954	0.01094	0.00640	0.00678	0.01098	0.01584	0.02002	0.05645	0.41807	0.31598	0.02170	0.00942	0.00288	0.00431	0.05238	0.00704	0.00631
36	0.01010	0.00732	0.00954	0.00985	0.01116	0.00675	0.00706	0.01276	0.01868	0.02585	0.41638	0.31115	0.08751	0.01877	0.00922	0.00266	0.00390	0.01677	0.00780	0.00675
37	0.02718	0.03103	0.02232	0.05665	0.06167	0.49551	0.01542	0.15368	0.02373	0.02472	0.01324	0.01519	0.01053	0.00800	0.00706	0.00206	0.01218	0.00547	0.00460	0.00976
38	0.01583	0.01856	0.10874	0.42427	0.09292	0.04747	0.07133	0.02206	0.05007	0.02152	0.01571	0.02263	0.01246	0.00812	0.00774	0.00251	0.01018	0.03471	0.00383	0.00933
39	0.02657	0.01403	0.01955	0.01566	0.02089	0.01350	0.07364	0.05396	0.15136	0.39374	0.05685	0.03158	0.02297	0.01044	0.00805	0.00250	0.00695	0.05775	0.00823	0.01176
40	0.01675	0.01726	0.03035	0.02657	0.10973	0.01989	0.23247	0.02046	0.01450	0.02104	0.01331	0.01944	0.01160	0.01434	0.08264	0.00378	0.32540	0.00757	0.00362	0.00927

[dist]
# distance from previous block
# <min> <max>
0	2

[block]
# block no. 3 follows, 26 sequences, length 6
# corresponding to MSA columns:
# 173-178
name=unknown_D
#
# <colnr> <probs for GDERKNQSTAVLIFYWHMCP>
#	G	D	E	R	K	N	Q	S	T	A	V	L	I	F	Y	W	H	M	C	P
0	0.36188	0.01370	0.01328	0.05645	0.01740	0.01550	0.00966	0.14469	0.01813	0.03339	0.01613	0.01877	0.01252	0.01108	0.05032	0.00284	0.00701	0.00575	0.18272	0.00878
1	0.01803	0.01944	0.03894	0.03500	0.21928	0.01921	0.42378	0.02348	0.01717	0.02390	0.01457	0.01965	0.01151	0.00710	0.00995	0.00254	0.07399	0.00813	0.00377	0.01056
2	0.01472	0.01348	0.02078	0.51770	0.04263	0.01496	0.01768	0.01930	0.01532	0.02088	0.01348	0.01896	0.01043	0.00703	0.00703	0.00213	0.00885	0.00611	0.00369	0.22484
3	0.01741	0.01750	0.02160	0.32775	0.11799	0.11948	0.01698	0.02145	0.01655	0.02143	0.01331	0.01778	0.01061	0.00696	0.00691	0.00201	0.00925	0.00583	0.00382	0.22535
4	0.02465	0.01903	0.02356	0.02465	0.20805	0.02045	0.01606	0.42226	0.02867	0.03953	0.01771	0.01930	0.01326	0.00842	0.00735	0.00222	0.00809	0.00683	0.07779	0.01211
5	0.01193	0.01652	0.20159	0.01262	0.01682	0.01008	0.01252	0.01631	0.01804	0.02555	0.35439	0.04514	0.08420	0.12640	0.01313	0.00318	0.00633	0.01116	0.00624	0.00785

[dist]
# distance from previous block
# <min> <max>
0	51

# created by:
# /st0/software/busco_prod/Augustus/scripts/msa2prfl.pl ./align_prep/118403.fa
