[name]
unknown

[dist]
# distance from previous block
# <min> <max>
0	22

[block]
# block no. 0 follows, 25 sequences, length 28
# corresponding to MSA columns:
# 22-49
name=unknown_A
#
# <colnr> <probs for GDERKNQSTAVLIFYWHMCP>
#	G	D	E	R	K	N	Q	S	T	A	V	L	I	F	Y	W	H	M	C	P
0	0.01394	0.01002	0.01341	0.01458	0.01675	0.01021	0.01269	0.07043	0.01944	0.02539	0.03914	0.08159	0.04194	0.02039	0.01046	0.00346	0.00726	0.57406	0.00719	0.00766
1	0.01128	0.00752	0.00846	0.00846	0.00846	0.00752	0.00470	0.01128	0.01128	0.01503	0.02443	0.05074	0.02819	0.72751	0.03946	0.00752	0.00752	0.01128	0.00470	0.00470
2	0.02947	0.02172	0.02327	0.01784	0.02404	0.02404	0.01474	0.65329	0.03646	0.04887	0.01862	0.01862	0.01319	0.00931	0.00776	0.00233	0.00853	0.00698	0.00776	0.01319
3	0.01128	0.00752	0.00846	0.00846	0.00846	0.00752	0.00470	0.01128	0.01128	0.01503	0.02443	0.05074	0.02819	0.72751	0.03946	0.00752	0.00752	0.01128	0.00470	0.00470
4	0.01555	0.04011	0.68733	0.02210	0.03356	0.01801	0.02865	0.02455	0.01637	0.02455	0.01391	0.01637	0.00982	0.00737	0.00737	0.00246	0.01146	0.00573	0.00327	0.01146
5	0.78228	0.01499	0.01140	0.01020	0.01499	0.01739	0.00840	0.02279	0.01320	0.03479	0.01080	0.01260	0.00840	0.00720	0.00480	0.00240	0.00600	0.00420	0.00480	0.00840
6	0.02020	0.66129	0.10687	0.01417	0.02130	0.02938	0.01484	0.02335	0.01582	0.01889	0.01110	0.01284	0.00994	0.00671	0.00522	0.00174	0.00862	0.00431	0.00331	0.01010
7	0.01128	0.00752	0.00846	0.00846	0.00846	0.00752	0.00470	0.01128	0.01128	0.01503	0.02443	0.05074	0.02819	0.72751	0.03946	0.00752	0.00752	0.01128	0.00470	0.00470
8	0.01835	0.01757	0.02996	0.16951	0.56377	0.01820	0.02338	0.02306	0.01726	0.02431	0.01444	0.01946	0.01192	0.00706	0.00769	0.00235	0.00942	0.00691	0.00377	0.01161
9	0.01821	0.01599	0.01886	0.17643	0.02787	0.01881	0.01442	0.03624	0.51455	0.02951	0.02744	0.02701	0.02058	0.00988	0.00786	0.00262	0.00711	0.00833	0.00686	0.01142
10	0.01572	0.01445	0.02193	0.54822	0.04570	0.01770	0.01939	0.02477	0.16608	0.02274	0.01790	0.02259	0.01343	0.00839	0.00778	0.00259	0.00936	0.00733	0.00448	0.00946
11	0.01608	0.01378	0.01608	0.01148	0.01837	0.01034	0.00919	0.01952	0.01608	0.02527	0.01378	0.01608	0.01148	0.00574	0.00574	0.00115	0.00574	0.00459	0.00459	0.77491
12	0.01976	0.01860	0.03102	0.04595	0.64296	0.01873	0.02330	0.05856	0.01869	0.02663	0.01481	0.01916	0.01233	0.00704	0.00768	0.00230	0.00917	0.00691	0.00405	0.01233
13	0.01097	0.00793	0.01036	0.00975	0.01158	0.00732	0.00732	0.01463	0.02195	0.03109	0.67505	0.05792	0.07316	0.01585	0.00914	0.00244	0.00366	0.01402	0.00854	0.00732
14	0.02947	0.02172	0.02327	0.01784	0.02404	0.02404	0.01474	0.65329	0.03646	0.04887	0.01862	0.01862	0.01319	0.00931	0.00776	0.00233	0.00853	0.00698	0.00776	0.01319
15	0.00945	0.00675	0.00900	0.01080	0.01125	0.00630	0.00720	0.01080	0.01484	0.01979	0.04274	0.72245	0.05128	0.02429	0.00990	0.00315	0.00450	0.02204	0.00720	0.00630
16	0.78228	0.01499	0.01140	0.01020	0.01499	0.01739	0.00840	0.02279	0.01320	0.03479	0.01080	0.01260	0.00840	0.00720	0.00480	0.00240	0.00600	0.00420	0.00480	0.00840
17	0.78228	0.01499	0.01140	0.01020	0.01499	0.01739	0.00840	0.02279	0.01320	0.03479	0.01080	0.01260	0.00840	0.00720	0.00480	0.00240	0.00600	0.00420	0.00480	0.00840
18	0.03479	0.01320	0.01799	0.01380	0.01979	0.01140	0.01140	0.03779	0.02219	0.68451	0.03059	0.02639	0.01919	0.00960	0.00780	0.00240	0.00660	0.00780	0.00960	0.01320
19	0.02889	0.02143	0.02294	0.01772	0.02382	0.02377	0.01460	0.61841	0.07227	0.04793	0.01935	0.01920	0.01378	0.00938	0.00776	0.00234	0.00840	0.00708	0.00776	0.01313
20	0.01806	0.01727	0.02944	0.21152	0.52402	0.01813	0.02323	0.02281	0.01712	0.02396	0.01439	0.01956	0.01180	0.00712	0.00769	0.00237	0.00949	0.00690	0.00374	0.01137
21	0.01919	0.01842	0.03147	0.04759	0.67914	0.01842	0.02380	0.02380	0.01765	0.02533	0.01458	0.01919	0.01228	0.00691	0.00768	0.00230	0.00921	0.00691	0.00384	0.01228
22	0.01555	0.04011	0.68733	0.02210	0.03356	0.01801	0.02865	0.02455	0.01637	0.02455	0.01391	0.01637	0.00982	0.00737	0.00737	0.00246	0.01146	0.00573	0.00327	0.01146
23	0.01670	0.03850	0.64733	0.02160	0.03274	0.01761	0.02762	0.02535	0.01672	0.06400	0.01491	0.01697	0.01038	0.00750	0.00739	0.00245	0.01117	0.00585	0.00365	0.01156
24	0.01919	0.01842	0.03147	0.04759	0.67914	0.01842	0.02380	0.02380	0.01765	0.02533	0.01458	0.01919	0.01228	0.00691	0.00768	0.00230	0.00921	0.00691	0.00384	0.01228
25	0.03479	0.01320	0.01799	0.01380	0.01979	0.01140	0.01140	0.03779	0.02219	0.68451	0.03059	0.02639	0.01919	0.00960	0.00780	0.00240	0.00660	0.00780	0.00960	0.01320
26	0.02947	0.02172	0.02327	0.01784	0.02404	0.02404	0.01474	0.65329	0.03646	0.04887	0.01862	0.01862	0.01319	0.00931	0.00776	0.00233	0.00853	0.00698	0.00776	0.01319
27	0.00945	0.00675	0.00900	0.01080	0.01125	0.00630	0.00720	0.01080	0.01484	0.01979	0.04274	0.72245	0.05128	0.02429	0.00990	0.00315	0.00450	0.02204	0.00720	0.00630

[dist]
# distance from previous block
# <min> <max>
0	1

[block]
# block no. 1 follows, 25 sequences, length 49
# corresponding to MSA columns:
# 51-99
name=unknown_B
#
# <colnr> <probs for GDERKNQSTAVLIFYWHMCP>
#	G	D	E	R	K	N	Q	S	T	A	V	L	I	F	Y	W	H	M	C	P
0	0.00945	0.00675	0.00900	0.01080	0.01125	0.00630	0.00720	0.01080	0.01484	0.01979	0.04274	0.72245	0.05128	0.02429	0.00990	0.00315	0.00450	0.02204	0.00720	0.00630
1	0.01696	0.01696	0.02375	0.02036	0.02036	0.02375	0.01696	0.01866	0.01187	0.01866	0.01018	0.01696	0.01018	0.01357	0.02545	0.00339	0.71332	0.00679	0.00339	0.00848
2	0.01464	0.01378	0.02326	0.70887	0.05340	0.01723	0.02153	0.01981	0.01550	0.01981	0.01378	0.02067	0.01034	0.00775	0.00775	0.00258	0.01034	0.00689	0.00345	0.00861
3	0.01929	0.01666	0.01753	0.01578	0.02016	0.01929	0.01227	0.04120	0.66513	0.03243	0.03156	0.02893	0.02367	0.01052	0.00789	0.00263	0.00614	0.00877	0.00789	0.01227
4	0.01830	0.02092	0.04575	0.03268	0.04052	0.01961	0.65098	0.02484	0.01830	0.02484	0.01569	0.02092	0.01176	0.00654	0.00915	0.00261	0.01307	0.00915	0.00392	0.01046
5	0.01555	0.04011	0.68733	0.02210	0.03356	0.01801	0.02865	0.02455	0.01637	0.02455	0.01391	0.01637	0.00982	0.00737	0.00737	0.00246	0.01146	0.00573	0.00327	0.01146
6	0.01555	0.04011	0.68733	0.02210	0.03356	0.01801	0.02865	0.02455	0.01637	0.02455	0.01391	0.01637	0.00982	0.00737	0.00737	0.00246	0.01146	0.00573	0.00327	0.01146
7	0.01464	0.01378	0.02326	0.70887	0.05340	0.01723	0.02153	0.01981	0.01550	0.01981	0.01378	0.02067	0.01034	0.00775	0.00775	0.00258	0.01034	0.00689	0.00345	0.00861
8	0.01505	0.01419	0.02399	0.65017	0.10895	0.01733	0.02173	0.02016	0.01569	0.02030	0.01385	0.02054	0.01051	0.00768	0.00775	0.00256	0.01024	0.00689	0.00348	0.00894
9	0.01919	0.01842	0.03147	0.04759	0.67914	0.01842	0.02380	0.02380	0.01765	0.02533	0.01458	0.01919	0.01228	0.00691	0.00768	0.00230	0.00921	0.00691	0.00384	0.01228
10	0.01464	0.01378	0.02326	0.70887	0.05340	0.01723	0.02153	0.01981	0.01550	0.01981	0.01378	0.02067	0.01034	0.00775	0.00775	0.00258	0.01034	0.00689	0.00345	0.00861
11	0.01555	0.04011	0.68733	0.02210	0.03356	0.01801	0.02865	0.02455	0.01637	0.02455	0.01391	0.01637	0.00982	0.00737	0.00737	0.00246	0.01146	0.00573	0.00327	0.01146
12	0.02036	0.68272	0.08684	0.01390	0.02088	0.02977	0.01437	0.02331	0.01580	0.01869	0.01100	0.01272	0.00994	0.00669	0.00515	0.00172	0.00852	0.00426	0.00331	0.01006
13	0.01587	0.08329	0.64698	0.02155	0.03271	0.01880	0.02769	0.02447	0.01633	0.02416	0.01372	0.01612	0.00983	0.00732	0.00722	0.00241	0.01126	0.00563	0.00328	0.01136
14	0.01464	0.01378	0.02326	0.70887	0.05340	0.01723	0.02153	0.01981	0.01550	0.01981	0.01378	0.02067	0.01034	0.00775	0.00775	0.00258	0.01034	0.00689	0.00345	0.00861
15	0.01706	0.01624	0.02761	0.35803	0.38539	0.01786	0.02273	0.02192	0.01665	0.02274	0.01421	0.01989	0.01137	0.00730	0.00771	0.00243	0.00974	0.00690	0.00365	0.01056
16	0.01464	0.01378	0.02326	0.70887	0.05340	0.01723	0.02153	0.01981	0.01550	0.01981	0.01378	0.02067	0.01034	0.00775	0.00775	0.00258	0.01034	0.00689	0.00345	0.00861
17	0.00945	0.00675	0.00900	0.01080	0.01125	0.00630	0.00720	0.01080	0.01484	0.01979	0.04274	0.72245	0.05128	0.02429	0.00990	0.00315	0.00450	0.02204	0.00720	0.00630
18	0.01868	0.01790	0.03055	0.12213	0.60861	0.01829	0.02354	0.02335	0.01741	0.02471	0.01449	0.01936	0.01206	0.00700	0.00768	0.00233	0.00934	0.00691	0.00379	0.01187
19	0.02901	0.03562	0.02209	0.01979	0.02398	0.63735	0.01496	0.08560	0.02324	0.02160	0.01257	0.01439	0.01027	0.00811	0.00706	0.00203	0.01350	0.00517	0.00433	0.00936
20	0.03479	0.01320	0.01799	0.01380	0.01979	0.01140	0.01140	0.03779	0.02219	0.68451	0.03059	0.02639	0.01919	0.00960	0.00780	0.00240	0.00660	0.00780	0.00960	0.01320
21	0.00924	0.00786	0.00796	0.00793	0.01052	0.00658	0.00595	0.01127	0.01785	0.02137	0.10338	0.07392	0.65090	0.01948	0.00916	0.00261	0.00392	0.01627	0.00726	0.00658
22	0.00970	0.00826	0.00840	0.00829	0.01096	0.00716	0.00624	0.01264	0.04742	0.02188	0.10044	0.07186	0.62190	0.01907	0.00910	0.00261	0.00402	0.01592	0.00729	0.00684
23	0.00916	0.00785	0.00785	0.00785	0.01047	0.00655	0.00589	0.01113	0.01767	0.02095	0.07855	0.07462	0.67599	0.01964	0.00916	0.00262	0.00393	0.01636	0.00720	0.00655
24	0.01830	0.02092	0.04575	0.03268	0.04052	0.01961	0.65098	0.02484	0.01830	0.02484	0.01569	0.02092	0.01176	0.00654	0.00915	0.00261	0.01307	0.00915	0.00392	0.01046
25	0.02947	0.02172	0.02327	0.01784	0.02404	0.02404	0.01474	0.65329	0.03646	0.04887	0.01862	0.01862	0.01319	0.00931	0.00776	0.00233	0.00853	0.00698	0.00776	0.01319
26	0.01140	0.00870	0.01273	0.01255	0.01375	0.01025	0.00967	0.01389	0.01233	0.01779	0.02051	0.03140	0.01961	0.11003	0.60836	0.01159	0.05599	0.00847	0.00416	0.00682
27	0.00953	0.00787	0.00837	0.00824	0.01070	0.00670	0.00618	0.01184	0.01855	0.02302	0.20060	0.07120	0.55264	0.01886	0.00916	0.00258	0.00387	0.01588	0.00747	0.00670
28	0.01464	0.01378	0.02326	0.70887	0.05340	0.01723	0.02153	0.01981	0.01550	0.01981	0.01378	0.02067	0.01034	0.00775	0.00775	0.00258	0.01034	0.00689	0.00345	0.00861
29	0.78228	0.01499	0.01140	0.01020	0.01499	0.01739	0.00840	0.02279	0.01320	0.03479	0.01080	0.01260	0.00840	0.00720	0.00480	0.00240	0.00600	0.00420	0.00480	0.00840
30	0.01110	0.00820	0.01194	0.01194	0.01314	0.00941	0.00904	0.01351	0.01231	0.01761	0.02124	0.03310	0.02053	0.14522	0.61128	0.01182	0.01904	0.00869	0.00422	0.00663
31	0.01799	0.01978	0.04049	0.07475	0.09567	0.01984	0.48127	0.02370	0.01731	0.02384	0.01482	0.02028	0.01153	0.00747	0.01085	0.00268	0.09509	0.00853	0.00382	0.01027
32	0.01945	0.59696	0.12286	0.01420	0.02116	0.02757	0.01490	0.02286	0.01622	0.01987	0.05264	0.01579	0.01388	0.00730	0.00555	0.00181	0.00841	0.00497	0.00364	0.00998
33	0.01197	0.01007	0.01569	0.33077	0.03078	0.01143	0.01401	0.01517	0.01529	0.01996	0.02939	0.37118	0.03221	0.01658	0.00895	0.00291	0.00730	0.04345	0.00548	0.00740
34	0.01919	0.01842	0.03147	0.04759	0.67914	0.01842	0.02380	0.02380	0.01765	0.02533	0.01458	0.01919	0.01228	0.00691	0.00768	0.00230	0.00921	0.00691	0.00384	0.01228
35	0.01719	0.01856	0.03807	0.24621	0.07155	0.01881	0.42631	0.02321	0.01739	0.02327	0.01504	0.02077	0.01134	0.00693	0.00865	0.00259	0.01205	0.00834	0.00377	0.00995
36	0.01816	0.02192	0.07938	0.03213	0.04016	0.01952	0.61836	0.02482	0.01820	0.02482	0.01559	0.02068	0.01166	0.00658	0.00906	0.00261	0.01299	0.00897	0.00389	0.01051
37	0.01266	0.01064	0.01550	0.01459	0.01560	0.01347	0.01165	0.01514	0.01230	0.01818	0.01792	0.02683	0.01691	0.04616	0.51616	0.01002	0.20709	0.00790	0.00395	0.00734
38	0.06965	0.01379	0.01785	0.01388	0.01974	0.01258	0.01143	0.06067	0.05600	0.59496	0.02923	0.02557	0.01868	0.00952	0.00766	0.00241	0.00662	0.00764	0.00921	0.01292
39	0.01092	0.00915	0.00954	0.00934	0.01196	0.00858	0.00695	0.01591	0.11737	0.02283	0.09302	0.09834	0.48801	0.05063	0.01039	0.00286	0.00445	0.01514	0.00725	0.00737
40	0.01830	0.02092	0.04575	0.03268	0.04052	0.01961	0.65098	0.02484	0.01830	0.02484	0.01569	0.02092	0.01176	0.00654	0.00915	0.00261	0.01307	0.00915	0.00392	0.01046
41	0.01464	0.01378	0.02326	0.70887	0.05340	0.01723	0.02153	0.01981	0.01550	0.01981	0.01378	0.02067	0.01034	0.00775	0.00775	0.00258	0.01034	0.00689	0.00345	0.00861
42	0.19425	0.01598	0.01806	0.01416	0.01996	0.01625	0.01169	0.20767	0.02427	0.36583	0.02296	0.02123	0.01518	0.00900	0.00714	0.00238	0.00701	0.00679	0.00805	0.01216
43	0.01868	0.01990	0.08378	0.12635	0.21940	0.06849	0.04882	0.06574	0.04377	0.02518	0.01649	0.02229	0.01366	0.00903	0.00994	0.00252	0.10101	0.03070	0.06392	0.01033
44	0.01128	0.00752	0.00846	0.00846	0.00846	0.00752	0.00470	0.01128	0.01128	0.01503	0.02443	0.05074	0.02819	0.72751	0.03946	0.00752	0.00752	0.01128	0.00470	0.00470
45	0.02073	0.73217	0.04063	0.01327	0.01990	0.03068	0.01327	0.02322	0.01575	0.01824	0.01078	0.01244	0.00995	0.00663	0.00498	0.00166	0.00829	0.00415	0.00332	0.00995
46	0.01626	0.02783	0.35208	0.19699	0.03551	0.01925	0.02381	0.05162	0.01618	0.02329	0.01334	0.01769	0.01018	0.00881	0.01115	0.00267	0.15328	0.00630	0.00355	0.01021
47	0.01713	0.01053	0.01129	0.03923	0.01409	0.01123	0.00805	0.12563	0.05987	0.03143	0.02404	0.02786	0.01898	0.04279	0.00766	0.00225	0.00506	0.00746	0.52694	0.00848
48	0.01633	0.00911	0.01208	0.01066	0.01343	0.00823	0.00823	0.01984	0.02200	0.17813	0.53002	0.05082	0.06102	0.01444	0.00884	0.00243	0.00432	0.01262	0.00877	0.00864

[dist]
# distance from previous block
# <min> <max>
3	10

[block]
# block no. 2 follows, 25 sequences, length 145
# corresponding to MSA columns:
# 110-254
name=unknown_C
#
# <colnr> <probs for GDERKNQSTAVLIFYWHMCP>
#	G	D	E	R	K	N	Q	S	T	A	V	L	I	F	Y	W	H	M	C	P
0	0.01699	0.01664	0.02957	0.02178	0.02813	0.01509	0.31623	0.06488	0.01875	0.02627	0.04649	0.08454	0.04656	0.00900	0.00816	0.00222	0.00917	0.00935	0.00499	0.22517
1	0.01881	0.01600	0.02409	0.04439	0.02407	0.01787	0.11618	0.07306	0.01703	0.07844	0.01690	0.02417	0.01456	0.01335	0.05285	0.00323	0.25699	0.05019	0.00485	0.13300
2	0.03897	0.00892	0.01077	0.01073	0.01274	0.00863	0.00796	0.03857	0.05105	0.04566	0.27725	0.26524	0.13489	0.01822	0.00914	0.00273	0.00455	0.03870	0.00773	0.00756
3	0.01689	0.01316	0.01446	0.01369	0.01665	0.04650	0.01044	0.11834	0.12548	0.05271	0.03298	0.32222	0.03410	0.01675	0.00881	0.00276	0.00631	0.07827	0.00714	0.06236
4	0.02094	0.67794	0.06912	0.01368	0.02051	0.02949	0.01390	0.02374	0.01599	0.03981	0.01155	0.01306	0.01024	0.00676	0.00517	0.00172	0.00838	0.00433	0.00352	0.01012
5	0.39854	0.01583	0.01577	0.01277	0.01826	0.01687	0.01053	0.15519	0.02046	0.21177	0.01782	0.01766	0.01239	0.00822	0.00624	0.00234	0.00667	0.00575	0.00668	0.04025
6	0.02692	0.01446	0.01780	0.01363	0.01967	0.01303	0.01109	0.10356	0.06984	0.35260	0.04304	0.02360	0.01816	0.00870	0.00724	0.00205	0.00646	0.00703	0.00778	0.23337
7	0.09458	0.04577	0.01882	0.04871	0.02122	0.04693	0.01213	0.20064	0.12650	0.12738	0.05386	0.02653	0.07098	0.00997	0.00739	0.00231	0.00717	0.00782	0.00698	0.06431
8	0.00945	0.00675	0.00900	0.01080	0.01125	0.00630	0.00720	0.01080	0.01484	0.01979	0.04274	0.72245	0.05128	0.02429	0.00990	0.00315	0.00450	0.02204	0.00720	0.00630
9	0.02228	0.01522	0.01607	0.01316	0.01741	0.01650	0.01060	0.35014	0.05508	0.03913	0.02434	0.02547	0.04433	0.00969	0.00690	0.00215	0.00630	0.00755	0.30713	0.01053
10	0.01023	0.00792	0.01195	0.01248	0.01351	0.00742	0.05919	0.01195	0.01499	0.02002	0.03984	0.63976	0.04719	0.05000	0.01098	0.00327	0.00531	0.02058	0.00684	0.00657
11	0.00945	0.00675	0.00900	0.01080	0.01125	0.00630	0.00720	0.01080	0.01484	0.01979	0.04274	0.72245	0.05128	0.02429	0.00990	0.00315	0.00450	0.02204	0.00720	0.00630
12	0.02214	0.01599	0.01778	0.01446	0.01899	0.01705	0.01163	0.35167	0.07535	0.06746	0.21640	0.03509	0.07791	0.01204	0.00827	0.00240	0.00653	0.00986	0.00803	0.01094
13	0.01480	0.01400	0.02329	0.66092	0.05110	0.01768	0.02121	0.01973	0.01525	0.01973	0.01353	0.02041	0.01032	0.00816	0.00898	0.00264	0.05930	0.00688	0.00344	0.00860
14	0.01745	0.01927	0.04055	0.18905	0.04350	0.01906	0.50542	0.02367	0.01765	0.02367	0.01525	0.02086	0.01143	0.00682	0.00883	0.00261	0.01244	0.00863	0.00381	0.01003
15	0.00945	0.00675	0.00900	0.01080	0.01125	0.00630	0.00720	0.01080	0.01484	0.01979	0.04274	0.72245	0.05128	0.02429	0.00990	0.00315	0.00450	0.02204	0.00720	0.00630
16	0.00930	0.00733	0.00840	0.00926	0.01084	0.00643	0.00651	0.01097	0.01633	0.02040	0.06149	0.38325	0.37838	0.02185	0.00951	0.00287	0.00420	0.01907	0.00720	0.00643
17	0.01128	0.00752	0.00846	0.00846	0.00846	0.00752	0.00470	0.01128	0.01128	0.01503	0.02443	0.05074	0.02819	0.72751	0.03946	0.00752	0.00752	0.01128	0.00470	0.00470
18	0.01128	0.00752	0.00846	0.00846	0.00846	0.00752	0.00470	0.01128	0.01128	0.01503	0.02443	0.05074	0.02819	0.72751	0.03946	0.00752	0.00752	0.01128	0.00470	0.00470
19	0.01108	0.00831	0.01246	0.01246	0.01385	0.00969	0.00969	0.01385	0.01246	0.01800	0.02077	0.03046	0.01938	0.05815	0.69678	0.01246	0.02077	0.00831	0.00415	0.00692
20	0.01487	0.01401	0.02366	0.67616	0.08436	0.01729	0.02165	0.02001	0.01561	0.02008	0.01382	0.02060	0.01043	0.00771	0.00775	0.00257	0.01028	0.00689	0.00346	0.00879
21	0.01721	0.01849	0.03828	0.02812	0.03430	0.01801	0.50164	0.02272	0.01735	0.02420	0.01809	0.07791	0.01540	0.00873	0.01029	0.00267	0.06948	0.00986	0.05754	0.00973
22	0.02823	0.02321	0.02309	0.07281	0.02636	0.11686	0.01531	0.51676	0.03279	0.04242	0.01731	0.01813	0.01252	0.00900	0.00765	0.00230	0.00943	0.00670	0.00689	0.01224
23	0.01303	0.02321	0.33273	0.01561	0.02200	0.01234	0.01742	0.01908	0.01885	0.02716	0.31305	0.06559	0.06380	0.01229	0.00833	0.00248	0.00742	0.01048	0.00593	0.00922
24	0.02073	0.73217	0.04063	0.01327	0.01990	0.03068	0.01327	0.02322	0.01575	0.01824	0.01078	0.01244	0.00995	0.00663	0.00498	0.00166	0.00829	0.00415	0.00332	0.00995
25	0.05459	0.01599	0.01898	0.07118	0.02306	0.01694	0.01294	0.18639	0.18360	0.25738	0.05768	0.02570	0.02038	0.00982	0.00776	0.00246	0.00709	0.00794	0.00800	0.01213
26	0.01861	0.01978	0.02481	0.04657	0.02351	0.11601	0.06376	0.02091	0.01406	0.01947	0.01112	0.01695	0.01033	0.01174	0.02021	0.00302	0.50928	0.00663	0.00357	0.03966
27	0.01464	0.01378	0.02326	0.70887	0.05340	0.01723	0.02153	0.01981	0.01550	0.01981	0.01378	0.02067	0.01034	0.00775	0.00775	0.00258	0.01034	0.00689	0.00345	0.00861
28	0.00969	0.00692	0.00928	0.01108	0.01164	0.00651	0.00763	0.01122	0.01509	0.02007	0.04260	0.67107	0.05074	0.02406	0.00996	0.00318	0.00471	0.07098	0.00719	0.00637
29	0.00957	0.00816	0.00827	0.00819	0.01085	0.00701	0.00616	0.01229	0.04038	0.02167	0.09577	0.07250	0.63419	0.01920	0.00912	0.00261	0.00400	0.01603	0.00727	0.00677
30	0.01347	0.00673	0.01010	0.01010	0.01010	0.00673	0.00673	0.01010	0.01010	0.01347	0.01347	0.02357	0.01347	0.02694	0.03030	0.77441	0.00673	0.00673	0.00337	0.00337
31	0.01020	0.00738	0.00980	0.01147	0.01241	0.00698	0.00844	0.01215	0.01581	0.02074	0.04488	0.51562	0.09437	0.02323	0.01005	0.00322	0.00512	0.17444	0.00718	0.00653
32	0.05890	0.00887	0.00879	0.00827	0.01061	0.00919	0.00636	0.07102	0.01776	0.03089	0.02392	0.02714	0.01867	0.00895	0.00558	0.00188	0.00416	0.00704	0.66420	0.00779
33	0.01823	0.02069	0.04451	0.03199	0.03939	0.01984	0.61531	0.02449	0.01794	0.02449	0.01538	0.02069	0.01168	0.00693	0.01007	0.00266	0.05247	0.00902	0.00389	0.01035
34	0.02718	0.03015	0.02031	0.01791	0.02204	0.47727	0.01369	0.14917	0.02402	0.02603	0.01499	0.01682	0.01189	0.00838	0.00693	0.00204	0.01158	0.00567	0.10437	0.00957
35	0.00979	0.00700	0.00933	0.01076	0.01147	0.00654	0.00740	0.01156	0.01603	0.02163	0.13887	0.59922	0.05438	0.02291	0.00981	0.00306	0.00446	0.04191	0.00740	0.00648
36	0.01087	0.00792	0.01022	0.00965	0.01152	0.00727	0.00724	0.01443	0.02171	0.03052	0.64149	0.05886	0.10708	0.01606	0.00915	0.00245	0.00367	0.01415	0.00846	0.00727
37	0.01919	0.01842	0.03147	0.04759	0.67914	0.01842	0.02380	0.02380	0.01765	0.02533	0.01458	0.01919	0.01228	0.00691	0.00768	0.00230	0.00921	0.00691	0.00384	0.01228
38	0.01855	0.01599	0.02192	0.01872	0.01955	0.02122	0.01540	0.04733	0.01395	0.07950	0.01427	0.04527	0.01351	0.04874	0.02322	0.00345	0.55857	0.00766	0.00434	0.00884
39	0.02580	0.03180	0.02399	0.02094	0.02439	0.51338	0.05968	0.02805	0.01968	0.01932	0.01188	0.01507	0.01015	0.00902	0.01087	0.00232	0.15517	0.00565	0.00387	0.00899
40	0.15685	0.01849	0.01834	0.01486	0.02014	0.08303	0.01204	0.24974	0.05086	0.20302	0.05130	0.02361	0.04468	0.00966	0.00731	0.00235	0.00763	0.00730	0.00737	0.01139
41	0.01808	0.02037	0.04374	0.05616	0.04009	0.01915	0.60238	0.02444	0.01811	0.02467	0.01554	0.02071	0.01170	0.00655	0.00896	0.00255	0.01268	0.00888	0.00393	0.04129
42	0.01128	0.00752	0.00846	0.00846	0.00846	0.00752	0.00470	0.01128	0.01128	0.01503	0.02443	0.05074	0.02819	0.72751	0.03946	0.00752	0.00752	0.01128	0.00470	0.00470
43	0.01074	0.00787	0.01006	0.00960	0.01146	0.00720	0.00717	0.01414	0.02126	0.02966	0.59193	0.08439	0.13249	0.01654	0.00917	0.00248	0.00372	0.01456	0.00835	0.00720
44	0.02000	0.01878	0.03132	0.04461	0.60211	0.01893	0.04592	0.07548	0.01922	0.02724	0.01496	0.01921	0.01234	0.00709	0.00774	0.00232	0.00930	0.00700	0.00416	0.01229
45	0.01022	0.00907	0.04457	0.01221	0.01351	0.00752	0.03617	0.01212	0.01491	0.02004	0.03929	0.62620	0.04644	0.05444	0.01107	0.00329	0.00536	0.02018	0.00675	0.00667
46	0.00945	0.00675	0.00900	0.01080	0.01125	0.00630	0.00720	0.01080	0.01484	0.01979	0.04274	0.72245	0.05128	0.02429	0.00990	0.00315	0.00450	0.02204	0.00720	0.00630
47	0.02120	0.01318	0.01484	0.01304	0.01672	0.05835	0.01022	0.05117	0.10593	0.22930	0.21588	0.09513	0.06464	0.01354	0.00850	0.00254	0.00604	0.04159	0.00820	0.00999
48	0.63511	0.01534	0.01273	0.01119	0.01594	0.01763	0.00913	0.07143	0.06585	0.03552	0.03991	0.01615	0.01257	0.00796	0.00544	0.00241	0.00610	0.00516	0.00541	0.00901
49	0.01683	0.01444	0.01752	0.01258	0.01947	0.01136	0.03286	0.05148	0.01718	0.02643	0.01409	0.01638	0.01158	0.00595	0.00597	0.00126	0.00615	0.00488	0.00473	0.70886
50	0.01734	0.09445	0.28863	0.02556	0.03388	0.02045	0.28875	0.02395	0.01667	0.02348	0.01399	0.01798	0.01069	0.00758	0.00973	0.00254	0.08303	0.00713	0.00356	0.01059
51	0.01720	0.01603	0.02655	0.40993	0.30247	0.01804	0.02210	0.05275	0.01740	0.02346	0.01434	0.01998	0.01126	0.00749	0.00772	0.00246	0.00980	0.00690	0.00382	0.01031
52	0.01889	0.04588	0.03917	0.02852	0.05345	0.01989	0.45554	0.06752	0.01869	0.02577	0.01503	0.01964	0.01165	0.00731	0.01004	0.00250	0.07461	0.00816	0.00417	0.07356
53	0.01929	0.01651	0.01737	0.01554	0.01993	0.01896	0.01211	0.06479	0.61351	0.03264	0.03293	0.03036	0.04959	0.01084	0.00794	0.00262	0.00614	0.00900	0.00786	0.01208
54	0.01445	0.00723	0.00723	0.00723	0.00903	0.00723	0.00542	0.01807	0.01626	0.02891	0.02529	0.02891	0.01987	0.00903	0.00542	0.00181	0.00361	0.00723	0.77055	0.00723
55	0.01107	0.00801	0.01062	0.01111	0.01273	0.00756	0.00868	0.01424	0.01943	0.02656	0.36604	0.17779	0.08771	0.01898	0.00971	0.00288	0.00479	0.18715	0.00786	0.00706
56	0.01128	0.00752	0.00846	0.00846	0.00846	0.00752	0.00470	0.01128	0.01128	0.01503	0.02443	0.05074	0.02819	0.72751	0.03946	0.00752	0.00752	0.01128	0.00470	0.00470
57	0.01830	0.02092	0.04575	0.03268	0.04052	0.01961	0.65098	0.02484	0.01830	0.02484	0.01569	0.02092	0.01176	0.00654	0.00915	0.00261	0.01307	0.00915	0.00392	0.01046
58	0.00925	0.00786	0.00798	0.00795	0.01053	0.00658	0.00596	0.01130	0.01788	0.02145	0.10806	0.07379	0.64617	0.01945	0.00916	0.00261	0.00391	0.01625	0.00727	0.00658
59	0.01901	0.01823	0.03114	0.07432	0.65385	0.01837	0.02370	0.02363	0.01757	0.02511	0.01455	0.01925	0.01220	0.00694	0.00768	0.00231	0.00926	0.00691	0.00382	0.01213
60	0.01498	0.01405	0.02334	0.65935	0.07469	0.01735	0.02127	0.02075	0.03969	0.02048	0.01447	0.02092	0.01090	0.00782	0.00775	0.00258	0.01014	0.00696	0.00362	0.00888
61	0.00937	0.00756	0.00835	0.00880	0.01076	0.00653	0.00635	0.01129	0.01720	0.02136	0.11146	0.25133	0.46124	0.02064	0.00936	0.00275	0.00406	0.01776	0.00730	0.00653
62	0.00945	0.00675	0.00900	0.01080	0.01125	0.00630	0.00720	0.01080	0.01484	0.01979	0.04274	0.72245	0.05128	0.02429	0.00990	0.00315	0.00450	0.02204	0.00720	0.00630
63	0.68676	0.01481	0.01259	0.05906	0.01794	0.01704	0.00948	0.02343	0.01386	0.07030	0.01212	0.01393	0.00914	0.00737	0.00517	0.00241	0.00633	0.00459	0.00497	0.00868
64	0.01326	0.01051	0.01324	0.01235	0.01264	0.01238	0.00874	0.03719	0.01285	0.01792	0.02278	0.12978	0.02581	0.41316	0.03054	0.00562	0.19887	0.01133	0.00479	0.00626
65	0.01445	0.00723	0.00723	0.00723	0.00903	0.00723	0.00542	0.01807	0.01626	0.02891	0.02529	0.02891	0.01987	0.00903	0.00542	0.00181	0.00361	0.00723	0.77055	0.00723
66	0.01445	0.00723	0.00723	0.00723	0.00903	0.00723	0.00542	0.01807	0.01626	0.02891	0.02529	0.02891	0.01987	0.00903	0.00542	0.00181	0.00361	0.00723	0.77055	0.00723
67	0.01487	0.01401	0.02367	0.67573	0.08476	0.01729	0.02165	0.02001	0.01561	0.02009	0.01382	0.02060	0.01043	0.00771	0.00775	0.00257	0.01028	0.00689	0.00346	0.00880
68	0.00942	0.00686	0.00889	0.01051	0.01117	0.00632	0.00707	0.01083	0.01512	0.01991	0.04624	0.65904	0.11243	0.02384	0.00982	0.00310	0.00444	0.02149	0.00720	0.00632
69	0.00945	0.00675	0.00900	0.01080	0.01125	0.00630	0.00720	0.01080	0.01484	0.01979	0.04274	0.72245	0.05128	0.02429	0.00990	0.00315	0.00450	0.02204	0.00720	0.00630
70	0.01842	0.04642	0.04502	0.03256	0.06443	0.01996	0.60382	0.02474	0.01818	0.02462	0.01547	0.02054	0.01172	0.00655	0.00894	0.00257	0.01275	0.00888	0.00390	0.01051
71	0.02382	0.02160	0.01820	0.01607	0.02001	0.22813	0.01234	0.17884	0.10808	0.07843	0.02407	0.15385	0.02161	0.01192	0.00783	0.00240	0.00876	0.00954	0.04437	0.01015
72	0.01492	0.00786	0.00810	0.00788	0.00984	0.00801	0.00598	0.04356	0.01692	0.02925	0.02483	0.02856	0.01958	0.01112	0.03479	0.00228	0.00454	0.00726	0.70727	0.00745
73	0.09557	0.02098	0.13141	0.08769	0.24407	0.04219	0.01910	0.02635	0.13367	0.02666	0.01768	0.02147	0.01414	0.00811	0.00731	0.00237	0.00867	0.02405	0.00469	0.06383
74	0.02109	0.62002	0.03979	0.01547	0.02203	0.07605	0.07053	0.02390	0.01642	0.01888	0.01130	0.01331	0.01012	0.00672	0.00549	0.00177	0.00912	0.00465	0.00342	0.00993
75	0.02014	0.57594	0.15758	0.01517	0.02256	0.05730	0.01614	0.02380	0.01614	0.01942	0.01140	0.01322	0.00993	0.00683	0.00550	0.00182	0.00912	0.00447	0.00334	0.01018
76	0.17140	0.02171	0.02092	0.01658	0.02233	0.07859	0.01356	0.48274	0.03087	0.04373	0.01659	0.01710	0.01202	0.00880	0.00714	0.00231	0.00851	0.00629	0.00689	0.01193
77	0.00974	0.00697	0.00929	0.01082	0.01148	0.00652	0.00742	0.01144	0.01576	0.02120	0.11348	0.62254	0.05346	0.02323	0.00984	0.00309	0.00451	0.04542	0.00734	0.00645
78	0.02896	0.03695	0.02197	0.01998	0.02397	0.69638	0.01498	0.03096	0.02197	0.01898	0.01199	0.01398	0.00999	0.00799	0.00699	0.00200	0.01398	0.00499	0.00400	0.00899
79	0.01097	0.00793	0.01036	0.00975	0.01158	0.00732	0.00732	0.01463	0.02195	0.03109	0.67505	0.05792	0.07316	0.01585	0.00914	0.00244	0.00366	0.01402	0.00854	0.00732
80	0.03243	0.01399	0.01813	0.01422	0.02000	0.01296	0.01164	0.06110	0.11214	0.57023	0.03028	0.02646	0.01959	0.00971	0.00781	0.00243	0.00661	0.00790	0.00929	0.01307
81	0.01291	0.00839	0.01077	0.00991	0.01220	0.00760	0.00752	0.01632	0.02150	0.08853	0.55159	0.05693	0.13473	0.01571	0.00903	0.00245	0.00395	0.01372	0.00848	0.00776
82	0.01608	0.01378	0.01608	0.01148	0.01837	0.01034	0.00919	0.01952	0.01608	0.02527	0.01378	0.01608	0.01148	0.00574	0.00574	0.00115	0.00574	0.00459	0.00459	0.77491
83	0.01249	0.00892	0.01249	0.01428	0.01606	0.00892	0.01249	0.01606	0.01785	0.02320	0.04105	0.08746	0.04462	0.02142	0.01071	0.00357	0.00714	0.62695	0.00714	0.00714
84	0.01464	0.01378	0.02326	0.70887	0.05340	0.01723	0.02153	0.01981	0.01550	0.01981	0.01378	0.02067	0.01034	0.00775	0.00775	0.00258	0.01034	0.00689	0.00345	0.00861
85	0.01231	0.00886	0.01223	0.01392	0.01575	0.00879	0.01212	0.01579	0.01784	0.02308	0.04316	0.08674	0.08015	0.02132	0.01062	0.00352	0.00696	0.59260	0.00714	0.00711
86	0.00951	0.00679	0.00905	0.01075	0.01126	0.00634	0.00720	0.01095	0.01513	0.02025	0.06811	0.69577	0.05216	0.02395	0.00987	0.00312	0.00446	0.02172	0.00725	0.00634
87	0.01574	0.06579	0.66333	0.02177	0.03305	0.01848	0.02808	0.02451	0.01635	0.02432	0.01380	0.01622	0.00983	0.00734	0.00728	0.00243	0.01134	0.00567	0.00328	0.01140
88	0.01031	0.00823	0.00927	0.00895	0.01131	0.00737	0.00673	0.01376	0.04500	0.02558	0.32224	0.06594	0.40208	0.01772	0.00911	0.00254	0.00390	0.01510	0.00778	0.00709
89	0.01126	0.00759	0.00883	0.00883	0.00896	0.00772	0.00516	0.01151	0.01139	0.01531	0.02409	0.04886	0.02737	0.66530	0.10055	0.00798	0.00875	0.01100	0.00465	0.00490
90	0.02739	0.01993	0.02143	0.01665	0.02230	0.02193	0.01367	0.57311	0.03423	0.04648	0.05601	0.02154	0.01703	0.00966	0.00767	0.00230	0.00792	0.00739	0.06093	0.01244
91	0.02849	0.02123	0.02272	0.01764	0.02367	0.02359	0.01450	0.59420	0.09714	0.04728	0.01986	0.01961	0.01420	0.00942	0.00777	0.00236	0.00830	0.00715	0.00777	0.01310
92	0.01584	0.07904	0.65095	0.02160	0.03279	0.01872	0.02778	0.02448	0.01634	0.02420	0.01374	0.01615	0.00983	0.00733	0.00723	0.00241	0.01128	0.00564	0.00328	0.01137
93	0.05094	0.01528	0.02443	0.33590	0.28204	0.01699	0.02029	0.02199	0.04896	0.02338	0.01873	0.02515	0.04196	0.00861	0.00778	0.00251	0.00910	0.03177	0.00419	0.01002
94	0.01848	0.01589	0.01680	0.01517	0.01936	0.01821	0.01178	0.03873	0.60866	0.03189	0.06261	0.03217	0.05353	0.01115	0.00800	0.00262	0.00593	0.00933	0.00789	0.01181
95	0.01108	0.00831	0.01246	0.01246	0.01385	0.00969	0.00969	0.01385	0.01246	0.01800	0.02077	0.03046	0.01938	0.05815	0.69678	0.01246	0.02077	0.00831	0.00415	0.00692
96	0.01057	0.00781	0.01027	0.01147	0.01215	0.00781	0.00794	0.03339	0.01571	0.02117	0.06470	0.63774	0.04879	0.02292	0.01056	0.00311	0.03967	0.02046	0.00708	0.00668
97	0.01644	0.01371	0.01587	0.01182	0.01806	0.01101	0.00938	0.06870	0.01765	0.02660	0.01832	0.06898	0.03571	0.00780	0.00631	0.00143	0.00582	0.00641	0.00511	0.63486
98	0.01130	0.00830	0.01053	0.00971	0.01177	0.00752	0.00719	0.01459	0.02054	0.02907	0.55749	0.05495	0.08429	0.07285	0.01136	0.00277	0.00412	0.01322	0.00791	0.06054
99	0.01012	0.00834	0.00909	0.00992	0.01142	0.03160	0.00697	0.01185	0.01657	0.02077	0.08695	0.40947	0.29606	0.02145	0.00947	0.00286	0.00458	0.01880	0.00715	0.00654
100	0.01843	0.01841	0.05559	0.02229	0.02974	0.01556	0.31540	0.04515	0.01813	0.05564	0.01562	0.01894	0.01196	0.00648	0.00759	0.00199	0.00958	0.00703	0.00456	0.32193
101	0.02073	0.73217	0.04063	0.01327	0.01990	0.03068	0.01327	0.02322	0.01575	0.01824	0.01078	0.01244	0.00995	0.00663	0.00498	0.00166	0.00829	0.00415	0.00332	0.00995
102	0.02979	0.01544	0.07174	0.01432	0.02055	0.01215	0.01265	0.05965	0.02164	0.50197	0.04984	0.02775	0.02034	0.00974	0.00774	0.00234	0.00692	0.03066	0.00846	0.07630
103	0.08010	0.03191	0.02077	0.01867	0.02260	0.53302	0.01418	0.08344	0.02193	0.02272	0.01394	0.04944	0.01221	0.00905	0.00768	0.00216	0.03649	0.00602	0.00452	0.00916
104	0.01703	0.01201	0.01304	0.01221	0.01452	0.07732	0.00947	0.02068	0.04187	0.09667	0.02307	0.05101	0.01944	0.02803	0.26384	0.00600	0.04353	0.00802	0.23405	0.00818
105	0.01452	0.00867	0.01146	0.01042	0.01282	0.00789	0.00793	0.01796	0.02163	0.12994	0.54573	0.08600	0.06387	0.01532	0.00898	0.00247	0.00415	0.01347	0.00863	0.00816
106	0.03152	0.01393	0.01790	0.01421	0.01987	0.01306	0.01158	0.03851	0.15781	0.54696	0.03079	0.02693	0.02014	0.00979	0.00782	0.00245	0.00650	0.00800	0.00924	0.01300
107	0.02902	0.01797	0.02046	0.01608	0.02172	0.01894	0.01312	0.40515	0.05814	0.22481	0.02436	0.07423	0.01820	0.01057	0.00793	0.00242	0.00758	0.00842	0.00824	0.01263
108	0.00988	0.00724	0.00934	0.01090	0.01162	0.00689	0.00737	0.01218	0.04433	0.02041	0.04368	0.66494	0.07529	0.02348	0.00978	0.00310	0.00455	0.02121	0.00723	0.00658
109	0.01112	0.00888	0.01055	0.03580	0.01392	0.00878	0.00812	0.01601	0.11492	0.02255	0.07872	0.37784	0.22386	0.01990	0.00927	0.00287	0.00476	0.01750	0.00723	0.00741
110	0.01555	0.04011	0.68733	0.02210	0.03356	0.01801	0.02865	0.02455	0.01637	0.02455	0.01391	0.01637	0.00982	0.00737	0.00737	0.00246	0.01146	0.00573	0.00327	0.01146
111	0.01830	0.02092	0.04575	0.03268	0.04052	0.01961	0.65098	0.02484	0.01830	0.02484	0.01569	0.02092	0.01176	0.00654	0.00915	0.00261	0.01307	0.00915	0.00392	0.01046
112	0.00929	0.00786	0.00803	0.00799	0.01055	0.00660	0.00599	0.01137	0.01797	0.02165	0.12009	0.07346	0.63401	0.01937	0.00916	0.00261	0.00391	0.01620	0.00729	0.00660
113	0.00945	0.00675	0.00900	0.01080	0.01125	0.00630	0.00720	0.01080	0.01484	0.01979	0.04274	0.72245	0.05128	0.02429	0.00990	0.00315	0.00450	0.02204	0.00720	0.00630
114	0.01655	0.01636	0.02296	0.01981	0.01990	0.02277	0.01646	0.01832	0.01192	0.01861	0.01092	0.01790	0.01082	0.01668	0.07220	0.00402	0.66508	0.00689	0.00345	0.00837
115	0.01108	0.00831	0.01246	0.01246	0.01385	0.00969	0.00969	0.01385	0.01246	0.01800	0.02077	0.03046	0.01938	0.05815	0.69678	0.01246	0.02077	0.00831	0.00415	0.00692
116	0.01204	0.00868	0.01192	0.01352	0.01526	0.00855	0.01157	0.01537	0.01777	0.02311	0.06538	0.12993	0.08160	0.02132	0.01051	0.00345	0.00665	0.52911	0.00720	0.00705
117	0.01097	0.00793	0.01036	0.00975	0.01158	0.00732	0.00732	0.01463	0.02195	0.03109	0.67505	0.05792	0.07316	0.01585	0.00914	0.00244	0.00366	0.01402	0.00854	0.00732
118	0.01813	0.02152	0.07079	0.03171	0.03936	0.01972	0.59818	0.02456	0.01794	0.02456	0.01537	0.02056	0.01162	0.00688	0.00979	0.00264	0.04347	0.00891	0.00387	0.01041
119	0.01896	0.01819	0.03106	0.08074	0.64778	0.01836	0.02368	0.02360	0.01755	0.02505	0.01454	0.01926	0.01218	0.00695	0.00768	0.00232	0.00927	0.00691	0.00382	0.01210
120	0.78228	0.01499	0.01140	0.01020	0.01499	0.01739	0.00840	0.02279	0.01320	0.03479	0.01080	0.01260	0.00840	0.00720	0.00480	0.00240	0.00600	0.00420	0.00480	0.00840
121	0.01108	0.00828	0.01230	0.01230	0.01363	0.00960	0.00949	0.01374	0.01241	0.01788	0.02092	0.03128	0.01974	0.08519	0.67023	0.01226	0.02023	0.00843	0.00418	0.00683
122	0.01108	0.00831	0.01246	0.01246	0.01385	0.00969	0.00969	0.01385	0.01246	0.01800	0.02077	0.03046	0.01938	0.05815	0.69678	0.01246	0.02077	0.00831	0.00415	0.00692
123	0.01536	0.01469	0.02536	0.59660	0.12693	0.01749	0.05335	0.02053	0.01590	0.02072	0.01397	0.02051	0.01064	0.00759	0.00781	0.00255	0.01034	0.00701	0.00352	0.00914
124	0.02876	0.02137	0.02287	0.01770	0.02377	0.02371	0.01457	0.61066	0.08024	0.04772	0.01952	0.01933	0.01392	0.00939	0.00777	0.00235	0.00837	0.00711	0.00777	0.01312
125	0.00945	0.00675	0.00900	0.01080	0.01125	0.00630	0.00720	0.01080	0.01484	0.01979	0.04274	0.72245	0.05128	0.02429	0.00990	0.00315	0.00450	0.02204	0.00720	0.00630
126	0.01108	0.00831	0.01246	0.01246	0.01385	0.00969	0.00969	0.01385	0.01246	0.01800	0.02077	0.03046	0.01938	0.05815	0.69678	0.01246	0.02077	0.00831	0.00415	0.00692
127	0.01276	0.00959	0.01080	0.01014	0.01297	0.00901	0.00789	0.05937	0.05668	0.05018	0.22134	0.06303	0.37036	0.01720	0.00905	0.00261	0.00462	0.05690	0.00770	0.00781
128	0.00958	0.00684	0.00915	0.01095	0.01146	0.00641	0.00743	0.01103	0.01498	0.01994	0.04266	0.69485	0.05099	0.02417	0.00993	0.00317	0.00461	0.04833	0.00719	0.00633
129	0.01397	0.00859	0.01132	0.01026	0.01262	0.00783	0.00783	0.01755	0.02198	0.11336	0.59391	0.05395	0.06636	0.01506	0.00898	0.00243	0.00403	0.01324	0.00867	0.00806
130	0.02896	0.03695	0.02197	0.01998	0.02397	0.69638	0.01498	0.03096	0.02197	0.01898	0.01199	0.01398	0.00999	0.00799	0.00699	0.00200	0.01398	0.00499	0.00400	0.00899
131	0.01695	0.01831	0.05605	0.01981	0.02066	0.05159	0.01689	0.01911	0.01258	0.01892	0.01127	0.01786	0.01087	0.01651	0.07634	0.00400	0.59348	0.00677	0.00347	0.00853
132	0.01703	0.01622	0.02758	0.36112	0.38246	0.01786	0.02272	0.02191	0.01664	0.02271	0.01420	0.01989	0.01136	0.00731	0.00771	0.00244	0.00974	0.00690	0.00365	0.01054
133	0.00945	0.00675	0.00900	0.01080	0.01125	0.00630	0.00720	0.01080	0.01484	0.01979	0.04274	0.72245	0.05128	0.02429	0.00990	0.00315	0.00450	0.02204	0.00720	0.00630
134	0.01608	0.01378	0.01608	0.01148	0.01837	0.01034	0.00919	0.01952	0.01608	0.02527	0.01378	0.01608	0.01148	0.00574	0.00574	0.00115	0.00574	0.00459	0.00459	0.77491
135	0.02736	0.01929	0.02110	0.01637	0.02231	0.02067	0.01341	0.46225	0.09138	0.10409	0.02073	0.02041	0.01479	0.00912	0.00752	0.00224	0.00772	0.00702	0.03178	0.08046
136	0.02947	0.02172	0.02327	0.01784	0.02404	0.02404	0.01474	0.65329	0.03646	0.04887	0.01862	0.01862	0.01319	0.00931	0.00776	0.00233	0.00853	0.00698	0.00776	0.01319
137	0.00945	0.00675	0.00900	0.01080	0.01125	0.00630	0.00720	0.01080	0.01484	0.01979	0.04274	0.72245	0.05128	0.02429	0.00990	0.00315	0.00450	0.02204	0.00720	0.00630
138	0.01631	0.14086	0.59318	0.02081	0.03157	0.01985	0.02641	0.02436	0.01628	0.02364	0.01346	0.01580	0.00984	0.00726	0.00702	0.00234	0.01100	0.00550	0.00328	0.01124
139	0.01109	0.00824	0.01212	0.01212	0.01339	0.00951	0.00927	0.01363	0.01236	0.01775	0.02108	0.03219	0.02014	0.11525	0.64071	0.01204	0.01964	0.00856	0.00420	0.00673
140	0.02835	0.02157	0.02297	0.04787	0.02514	0.04251	0.01493	0.58051	0.06353	0.04602	0.01880	0.01904	0.01345	0.00926	0.00774	0.00234	0.00866	0.00700	0.00747	0.01283
141	0.05448	0.64574	0.03788	0.01367	0.02001	0.08302	0.01319	0.02381	0.01614	0.01902	0.01088	0.01257	0.00989	0.00677	0.00513	0.00172	0.00864	0.00422	0.00344	0.00981
142	0.03209	0.01478	0.01864	0.01459	0.02041	0.01410	0.01196	0.12078	0.10658	0.51561	0.02911	0.02567	0.01896	0.00968	0.00780	0.00242	0.00680	0.00781	0.00913	0.01308
143	0.01570	0.01339	0.01568	0.01145	0.01797	0.01011	0.00908	0.01903	0.01601	0.02496	0.01541	0.05582	0.01372	0.00679	0.00598	0.00126	0.00567	0.00558	0.00474	0.73166
144	0.02678	0.02027	0.02247	0.04768	0.02448	0.02285	0.01478	0.52575	0.07891	0.04375	0.01900	0.01981	0.01390	0.01136	0.03438	0.00279	0.04422	0.00715	0.00723	0.01245

[dist]
# distance from previous block
# <min> <max>
0	4

[block]
# block no. 3 follows, 25 sequences, length 101
# corresponding to MSA columns:
# 259-303,307-362
name=unknown_D
#
# <colnr> <probs for GDERKNQSTAVLIFYWHMCP>
#	G	D	E	R	K	N	Q	S	T	A	V	L	I	F	Y	W	H	M	C	P
0	0.00994	0.00781	0.00898	0.00885	0.01099	0.00685	0.00657	0.01257	0.01927	0.02512	0.32579	0.11086	0.38202	0.01836	0.00920	0.00258	0.00385	0.01576	0.00776	0.00685
1	0.01608	0.01378	0.01608	0.01148	0.01837	0.01034	0.00919	0.01952	0.01608	0.02527	0.01378	0.01608	0.01148	0.00574	0.00574	0.00115	0.00574	0.00459	0.00459	0.77491
2	0.00953	0.00681	0.00907	0.01074	0.01126	0.00635	0.00720	0.01100	0.01522	0.02039	0.07632	0.68716	0.05244	0.02384	0.00986	0.00311	0.00445	0.02162	0.00727	0.00635
3	0.03479	0.01320	0.01799	0.01380	0.01979	0.01140	0.01140	0.03779	0.02219	0.68451	0.03059	0.02639	0.01919	0.00960	0.00780	0.00240	0.00660	0.00780	0.00960	0.01320
4	0.08138	0.02026	0.02452	0.06497	0.02659	0.02267	0.07391	0.45790	0.02979	0.04135	0.01680	0.01840	0.01228	0.00912	0.00903	0.00246	0.06314	0.00696	0.00656	0.01192
5	0.01883	0.01614	0.01720	0.01568	0.01989	0.01859	0.01229	0.03952	0.62194	0.03182	0.03219	0.03283	0.02507	0.01125	0.00808	0.00269	0.00620	0.05002	0.00784	0.01193
6	0.00945	0.00675	0.00900	0.01080	0.01125	0.00630	0.00720	0.01080	0.01484	0.01979	0.04274	0.72245	0.05128	0.02429	0.00990	0.00315	0.00450	0.02204	0.00720	0.00630
7	0.00945	0.00675	0.00900	0.01080	0.01125	0.00630	0.00720	0.01080	0.01484	0.01979	0.04274	0.72245	0.05128	0.02429	0.00990	0.00315	0.00450	0.02204	0.00720	0.00630
8	0.01593	0.09057	0.64018	0.02146	0.03256	0.01893	0.02753	0.02446	0.01633	0.02409	0.01369	0.01608	0.00983	0.00731	0.00719	0.00240	0.01123	0.00561	0.00328	0.01135
9	0.01696	0.01696	0.02375	0.02036	0.02036	0.02375	0.01696	0.01866	0.01187	0.01866	0.01018	0.01696	0.01018	0.01357	0.02545	0.00339	0.71332	0.00679	0.00339	0.00848
10	0.01311	0.01123	0.01167	0.01107	0.01428	0.01149	0.00843	0.02282	0.26951	0.02537	0.05872	0.08479	0.39519	0.01629	0.00870	0.00265	0.00481	0.01365	0.00747	0.00876
11	0.00943	0.00680	0.00894	0.01065	0.01121	0.00631	0.00713	0.01081	0.01498	0.01985	0.04451	0.69042	0.08216	0.02406	0.00986	0.00312	0.00447	0.02176	0.00720	0.00631
12	0.01919	0.01842	0.03147	0.04759	0.67914	0.01842	0.02380	0.02380	0.01765	0.02533	0.01458	0.01919	0.01228	0.00691	0.00768	0.00230	0.00921	0.00691	0.00384	0.01228
13	0.01608	0.01378	0.01608	0.01148	0.01837	0.01034	0.00919	0.01952	0.01608	0.02527	0.01378	0.01608	0.01148	0.00574	0.00574	0.00115	0.00574	0.00459	0.00459	0.77491
14	0.00945	0.00675	0.00900	0.01080	0.01125	0.00630	0.00720	0.01080	0.01484	0.01979	0.04274	0.72245	0.05128	0.02429	0.00990	0.00315	0.00450	0.02204	0.00720	0.00630
15	0.01696	0.01696	0.02375	0.02036	0.02036	0.02375	0.01696	0.01866	0.01187	0.01866	0.01018	0.01696	0.01018	0.01357	0.02545	0.00339	0.71332	0.00679	0.00339	0.00848
