[name]
unknown

[dist]
# distance from previous block
# <min> <max>
19	61

[block]
# block no. 0 follows, 24 sequences, length 178
# corresponding to MSA columns:
# 74-251
name=unknown_A
#
# <colnr> <probs for GDERKNQSTAVLIFYWHMCP>
#	G	D	E	R	K	N	Q	S	T	A	V	L	I	F	Y	W	H	M	C	P
0	0.09006	0.01807	0.02031	0.01669	0.04739	0.01862	0.01303	0.31849	0.05338	0.12028	0.01937	0.01988	0.01412	0.01032	0.03079	0.00252	0.00804	0.00663	0.00698	0.16502
1	0.14345	0.03942	0.01740	0.05232	0.02036	0.01500	0.01159	0.10332	0.07309	0.25397	0.08007	0.06309	0.04901	0.01134	0.00777	0.00254	0.00669	0.03094	0.00770	0.01094
2	0.02230	0.01799	0.02551	0.03140	0.33396	0.01830	0.01815	0.14353	0.10311	0.08404	0.04479	0.02266	0.01716	0.00847	0.00779	0.00232	0.00815	0.00748	0.00593	0.07695
3	0.01751	0.01793	0.07827	0.09890	0.15254	0.01460	0.04120	0.04720	0.01766	0.02614	0.01455	0.01793	0.01171	0.00666	0.00686	0.00179	0.00801	0.00581	0.00441	0.41032
4	0.01574	0.03863	0.01340	0.01136	0.01413	0.04770	0.00873	0.01955	0.04183	0.11062	0.41112	0.10185	0.10358	0.01537	0.00891	0.00251	0.00507	0.01326	0.00817	0.00847
5	0.01818	0.21300	0.15310	0.01446	0.01945	0.01798	0.01406	0.09112	0.01657	0.02219	0.01419	0.01914	0.01227	0.01507	0.01555	0.28741	0.00837	0.00601	0.03363	0.00825
6	0.02723	0.01551	0.01936	0.01542	0.02072	0.01562	0.03807	0.17652	0.12699	0.29503	0.10673	0.02942	0.02549	0.01054	0.00811	0.00246	0.00691	0.00876	0.03886	0.01224
7	0.01477	0.01437	0.02757	0.02192	0.02619	0.01361	0.30824	0.04348	0.01775	0.02388	0.02963	0.35946	0.03176	0.01564	0.00967	0.00293	0.00891	0.01569	0.00580	0.00874
8	0.00966	0.00690	0.00920	0.01104	0.01150	0.00644	0.00736	0.01104	0.01518	0.02024	0.04371	0.71614	0.05245	0.02484	0.01012	0.00322	0.00460	0.02254	0.00736	0.00644
9	0.01855	0.03099	0.37757	0.02566	0.03536	0.01854	0.24980	0.02683	0.04001	0.07502	0.01680	0.01965	0.01198	0.00751	0.00825	0.00257	0.01175	0.00740	0.00424	0.01151
10	0.01705	0.17107	0.52878	0.02138	0.03198	0.02097	0.05474	0.02486	0.01671	0.02389	0.01370	0.01619	0.01016	0.00735	0.00715	0.00236	0.01118	0.00571	0.00339	0.01138
11	0.03558	0.01350	0.01840	0.01411	0.02024	0.01166	0.01166	0.03865	0.02270	0.67734	0.03128	0.02699	0.01963	0.00981	0.00797	0.00245	0.00675	0.00797	0.00981	0.01350
12	0.02096	0.01063	0.01393	0.01196	0.01562	0.00969	0.00948	0.02524	0.05164	0.27907	0.34604	0.04735	0.07289	0.01388	0.00883	0.00254	0.00517	0.03609	0.00901	0.00999
13	0.01659	0.01746	0.03469	0.26323	0.04263	0.01822	0.34798	0.02214	0.01716	0.02292	0.01749	0.08017	0.01489	0.00895	0.00960	0.00274	0.03984	0.00958	0.00410	0.00960
14	0.01108	0.00829	0.01139	0.07050	0.01645	0.00825	0.01001	0.01346	0.01623	0.02118	0.04280	0.39859	0.09331	0.04783	0.01124	0.00342	0.00597	0.19620	0.00692	0.00686
15	0.01963	0.01884	0.03219	0.04867	0.67185	0.01884	0.02434	0.02434	0.01806	0.02591	0.01492	0.01963	0.01256	0.00707	0.00785	0.00236	0.00942	0.00707	0.00393	0.01256
16	0.02203	0.01618	0.01796	0.01575	0.02034	0.01791	0.01254	0.10891	0.42720	0.11551	0.05755	0.03409	0.02620	0.01162	0.00833	0.00269	0.00660	0.05819	0.00824	0.01215
17	0.01643	0.03762	0.57585	0.02555	0.08466	0.01859	0.08106	0.02508	0.01701	0.02520	0.01444	0.01736	0.01041	0.00743	0.00771	0.00251	0.01168	0.00625	0.00345	0.01170
18	0.77733	0.01534	0.01166	0.01043	0.01534	0.01779	0.00859	0.02331	0.01350	0.03558	0.01104	0.01288	0.00859	0.00736	0.00491	0.00245	0.00613	0.00429	0.00491	0.00859
19	0.02962	0.03779	0.02247	0.02043	0.02451	0.68948	0.01532	0.03166	0.02247	0.01941	0.01226	0.01430	0.01021	0.00817	0.00715	0.00204	0.01430	0.00511	0.00409	0.00919
20	0.03120	0.01688	0.07592	0.01792	0.07374	0.01394	0.01437	0.06108	0.07112	0.49512	0.02811	0.02541	0.01835	0.00946	0.00793	0.00247	0.00743	0.00776	0.00858	0.01320
21	0.01144	0.00758	0.00866	0.00889	0.00903	0.00752	0.00515	0.01176	0.01220	0.01657	0.02734	0.13320	0.03140	0.60550	0.03517	0.00689	0.00714	0.01272	0.03672	0.00511
22	0.01133	0.00850	0.01274	0.01274	0.01416	0.00991	0.00991	0.01416	0.01274	0.01841	0.02124	0.03115	0.01982	0.05947	0.68989	0.01274	0.02124	0.00850	0.00425	0.00708
23	0.01607	0.01521	0.02576	0.54846	0.19986	0.01791	0.02257	0.02122	0.01637	0.02159	0.01429	0.02079	0.01104	0.00773	0.00791	0.00258	0.01030	0.00705	0.00362	0.00969
24	0.04667	0.18288	0.49708	0.02063	0.03092	0.02117	0.04781	0.02477	0.01656	0.02418	0.01350	0.01592	0.01009	0.00734	0.00699	0.00234	0.01088	0.00559	0.00344	0.01124
25	0.01886	0.01806	0.03081	0.15600	0.57049	0.01864	0.02396	0.02367	0.01769	0.02498	0.01478	0.01988	0.01223	0.00721	0.00786	0.00240	0.00961	0.00706	0.00386	0.01194
26	0.02680	0.03311	0.02308	0.13431	0.05558	0.55135	0.01679	0.02948	0.02120	0.01981	0.01267	0.01565	0.01037	0.00809	0.00731	0.00215	0.01349	0.00551	0.00399	0.00927
27	0.00998	0.00797	0.00915	0.00937	0.01148	0.00714	0.00699	0.01229	0.01790	0.02267	0.15891	0.15793	0.41670	0.02355	0.06735	0.00361	0.00563	0.03722	0.00731	0.00683
28	0.01498	0.01409	0.02378	0.70226	0.05462	0.01762	0.02202	0.02026	0.01586	0.02026	0.01409	0.02114	0.01057	0.00793	0.00793	0.00264	0.01057	0.00705	0.00352	0.00881
29	0.03017	0.02029	0.02243	0.01726	0.02352	0.02178	0.01421	0.50035	0.05795	0.15224	0.02140	0.02067	0.01485	0.00949	0.00787	0.00236	0.00821	0.00726	0.00814	0.03954
30	0.03558	0.01350	0.01840	0.01411	0.02024	0.01166	0.01166	0.03865	0.02270	0.67734	0.03128	0.02699	0.01963	0.00981	0.00797	0.00245	0.00675	0.00797	0.00981	0.01350
31	0.00946	0.00804	0.00816	0.00813	0.01077	0.00673	0.00609	0.01155	0.01828	0.02192	0.10852	0.07550	0.64013	0.01990	0.00937	0.00267	0.00400	0.01662	0.00743	0.00673
32	0.73429	0.01527	0.01234	0.04949	0.01755	0.01778	0.00935	0.02314	0.01363	0.03471	0.01121	0.01335	0.00870	0.00739	0.00508	0.00246	0.00638	0.00445	0.00483	0.00860
33	0.01550	0.01465	0.02412	0.54133	0.10158	0.01818	0.02120	0.02023	0.01549	0.02053	0.01403	0.02098	0.01109	0.01059	0.03716	0.00312	0.09051	0.00709	0.00358	0.00904
34	0.01133	0.00850	0.01274	0.01274	0.01416	0.00991	0.00991	0.01416	0.01274	0.01841	0.02124	0.03115	0.01982	0.05947	0.68989	0.01274	0.02124	0.00850	0.00425	0.00708
35	0.01735	0.01735	0.02429	0.02082	0.02082	0.02429	0.01735	0.01908	0.01214	0.01908	0.01041	0.01735	0.01041	0.01388	0.02602	0.00347	0.70680	0.00694	0.00347	0.00867
36	0.01583	0.01455	0.02379	0.66364	0.05292	0.01801	0.02163	0.05555	0.01707	0.02194	0.01437	0.02102	0.01074	0.00802	0.00793	0.00263	0.01047	0.00705	0.00377	0.00907
37	0.03493	0.01454	0.01905	0.01460	0.02076	0.01320	0.01206	0.11133	0.02444	0.60219	0.02982	0.02604	0.01889	0.00978	0.00797	0.00244	0.00698	0.00787	0.00959	0.01349
38	0.00966	0.00690	0.00920	0.01104	0.01150	0.00644	0.00736	0.01104	0.01518	0.02024	0.04371	0.71614	0.05245	0.02484	0.01012	0.00322	0.00460	0.02254	0.00736	0.00644
39	0.00977	0.00708	0.00925	0.01095	0.01164	0.00657	0.00748	0.01129	0.01554	0.02048	0.04657	0.63907	0.10159	0.02434	0.01010	0.00319	0.00466	0.04656	0.00736	0.00650
40	0.01049	0.00794	0.00967	0.00954	0.01147	0.00712	0.00704	0.01342	0.02026	0.02732	0.41764	0.14529	0.24703	0.01842	0.00945	0.00264	0.00393	0.01606	0.00816	0.00712
41	0.00966	0.00690	0.00920	0.01104	0.01150	0.00644	0.00736	0.01104	0.01518	0.02024	0.04371	0.71614	0.05245	0.02484	0.01012	0.00322	0.00460	0.02254	0.00736	0.00644
42	0.01498	0.01409	0.02378	0.70226	0.05462	0.01762	0.02202	0.02026	0.01586	0.02026	0.01409	0.02114	0.01057	0.00793	0.00793	0.00264	0.01057	0.00705	0.00352	0.00881
43	0.47134	0.01815	0.01663	0.01363	0.01913	0.02057	0.01124	0.27807	0.02324	0.04147	0.01432	0.01540	0.01059	0.00824	0.00615	0.00242	0.00720	0.00546	0.00615	0.01059
44	0.00965	0.00694	0.00916	0.01093	0.01147	0.00645	0.00731	0.01105	0.01529	0.02029	0.04511	0.69158	0.07609	0.02466	0.01009	0.00320	0.00458	0.02232	0.00736	0.00645
45	0.02120	0.72609	0.04155	0.01357	0.02035	0.03138	0.01357	0.02374	0.01611	0.01866	0.01102	0.01272	0.01018	0.00678	0.00509	0.00170	0.00848	0.00424	0.00339	0.01018
46	0.02908	0.02016	0.02224	0.01694	0.02335	0.02130	0.01396	0.49505	0.03294	0.12168	0.01988	0.01966	0.01400	0.00910	0.00768	0.00224	0.00813	0.00693	0.00775	0.10792
47	0.02031	0.27603	0.24291	0.04819	0.10749	0.05060	0.02034	0.05134	0.04158	0.05093	0.01467	0.01675	0.01149	0.00755	0.00676	0.00219	0.00982	0.00571	0.00410	0.01124
48	0.01114	0.00809	0.01052	0.01011	0.01195	0.00747	0.00761	0.01472	0.02183	0.03063	0.59662	0.08756	0.09620	0.01692	0.00944	0.00257	0.00392	0.03672	0.00857	0.00740
49	0.01689	0.01474	0.01594	0.01579	0.01869	0.06642	0.01285	0.02760	0.26983	0.02673	0.03443	0.08566	0.03309	0.01621	0.01021	0.00312	0.04088	0.27419	0.00717	0.00954
50	0.03098	0.01771	0.02103	0.01714	0.04234	0.01821	0.01358	0.29172	0.10215	0.32080	0.02578	0.02375	0.01738	0.00972	0.00796	0.00245	0.00760	0.00771	0.00864	0.01335
51	0.02537	0.01747	0.01970	0.01538	0.02125	0.01782	0.01248	0.29889	0.11022	0.13691	0.07168	0.02419	0.02019	0.00950	0.00765	0.00219	0.00714	0.00756	0.00764	0.16674
52	0.01082	0.00782	0.01030	0.01083	0.01225	0.00731	0.00804	0.01369	0.01932	0.02652	0.35782	0.28429	0.08676	0.01997	0.00981	0.00289	0.00448	0.09197	0.00804	0.00708
53	0.01880	0.01943	0.05870	0.12687	0.49677	0.01881	0.09603	0.02399	0.01781	0.02512	0.01492	0.01990	0.01215	0.00715	0.00802	0.00243	0.01011	0.00728	0.00386	0.01185
54	0.65613	0.01691	0.04040	0.01172	0.01708	0.01817	0.01010	0.07679	0.01598	0.05924	0.01257	0.01407	0.00946	0.00764	0.00538	0.00245	0.00661	0.00473	0.00528	0.00931
55	0.01143	0.00764	0.00868	0.00878	0.00881	0.00762	0.00495	0.01150	0.01174	0.01565	0.02604	0.08939	0.03016	0.68199	0.03865	0.00744	0.00751	0.01215	0.00495	0.00490
56	0.59386	0.01496	0.01302	0.03574	0.01723	0.01702	0.00952	0.04971	0.04135	0.06116	0.06894	0.01861	0.01556	0.00846	0.00577	0.00247	0.00623	0.00570	0.00563	0.00906
57	0.02014	0.01446	0.01738	0.01276	0.01934	0.01188	0.01032	0.04817	0.01812	0.13218	0.01693	0.01830	0.01304	0.00699	0.00712	0.00152	0.03493	0.00542	0.00561	0.58540
58	0.04809	0.02922	0.33872	0.02584	0.05963	0.01807	0.24387	0.02434	0.01767	0.02608	0.05166	0.02073	0.01451	0.00763	0.00812	0.00251	0.01131	0.00752	0.00403	0.04045
59	0.02034	0.01397	0.01981	0.16389	0.12790	0.01468	0.01509	0.04879	0.11948	0.16652	0.07696	0.10868	0.04612	0.01169	0.00836	0.00261	0.00740	0.01022	0.00678	0.01071
60	0.01812	0.01423	0.01705	0.01246	0.01903	0.01144	0.01004	0.02150	0.01673	0.08082	0.01535	0.01739	0.01234	0.00666	0.00719	0.00141	0.04552	0.00510	0.00506	0.66256
61	0.02016	0.01309	0.01681	0.01505	0.06799	0.01141	0.01085	0.02516	0.06818	0.18079	0.17852	0.03057	0.02995	0.00978	0.00753	0.00200	0.00586	0.00832	0.00708	0.29090
62	0.00966	0.00690	0.00920	0.01104	0.01150	0.00644	0.00736	0.01104	0.01518	0.02024	0.04371	0.71614	0.05245	0.02484	0.01012	0.00322	0.00460	0.02254	0.00736	0.00644
63	0.02366	0.02125	0.04114	0.01723	0.02238	0.09947	0.01393	0.17211	0.40156	0.06007	0.02640	0.02496	0.01958	0.01004	0.00791	0.00253	0.00795	0.00797	0.00748	0.01237
64	0.02268	0.01532	0.02087	0.01556	0.02189	0.01347	0.08541	0.10377	0.02064	0.18744	0.02068	0.04712	0.01611	0.03659	0.00859	0.00215	0.00736	0.00729	0.00638	0.34068
65	0.07750	0.06382	0.49517	0.02364	0.05789	0.01912	0.10445	0.02492	0.01676	0.02575	0.01410	0.01697	0.01028	0.00736	0.00747	0.00249	0.01126	0.00616	0.00358	0.01131
66	0.01836	0.02083	0.04533	0.03255	0.04028	0.01952	0.61827	0.02484	0.01858	0.02520	0.01712	0.04847	0.01361	0.00739	0.00939	0.00270	0.01303	0.00987	0.00414	0.01053
67	0.01644	0.09452	0.60434	0.02232	0.03350	0.01951	0.05254	0.02502	0.01677	0.02461	0.01405	0.01661	0.01013	0.00744	0.00741	0.00245	0.01153	0.00587	0.00338	0.01156
68	0.02558	0.07417	0.17498	0.01670	0.02359	0.04244	0.01619	0.05812	0.13385	0.28393	0.02526	0.05156	0.01824	0.00977	0.00773	0.00247	0.00824	0.00784	0.00712	0.01221
69	0.01321	0.00870	0.01210	0.01241	0.01393	0.00821	0.03278	0.03485	0.01687	0.07912	0.05916	0.52832	0.04603	0.05537	0.01130	0.00331	0.00549	0.04401	0.00738	0.00744
70	0.00978	0.00699	0.00934	0.01118	0.01169	0.00654	0.00757	0.01125	0.01530	0.02038	0.04364	0.69209	0.05219	0.02473	0.01015	0.00324	0.00470	0.04541	0.00736	0.00647
71	0.01498	0.01409	0.02378	0.70226	0.05462	0.01762	0.02202	0.02026	0.01586	0.02026	0.01409	0.02114	0.01057	0.00793	0.00793	0.00264	0.01057	0.00705	0.00352	0.00881
72	0.02944	0.03044	0.02343	0.02065	0.05072	0.38111	0.01558	0.29099	0.02856	0.03260	0.01523	0.01652	0.01169	0.00870	0.00751	0.00220	0.01175	0.00605	0.00571	0.01115
73	0.01891	0.01633	0.01716	0.01550	0.01984	0.01870	0.01204	0.03973	0.60747	0.03225	0.03604	0.03324	0.07465	0.01149	0.00817	0.00269	0.00610	0.00957	0.00801	0.01209
74	0.01872	0.02139	0.04679	0.03342	0.04144	0.02005	0.64305	0.02540	0.01872	0.02540	0.01604	0.02139	0.01203	0.00668	0.00936	0.00267	0.01337	0.00936	0.00401	0.01070
75	0.01084	0.00809	0.01007	0.00958	0.01161	0.00732	0.00718	0.01423	0.02155	0.02967	0.54709	0.06274	0.19673	0.01701	0.00936	0.00253	0.00380	0.01483	0.00845	0.00732
76	0.02120	0.72609	0.04155	0.01357	0.02035	0.03138	0.01357	0.02374	0.01611	0.01866	0.01102	0.01272	0.01018	0.00678	0.00509	0.00170	0.00848	0.00424	0.00339	0.01018
77	0.01458	0.00743	0.00757	0.00754	0.00939	0.00740	0.00565	0.01828	0.01696	0.02969	0.06210	0.03124	0.02340	0.00963	0.00576	0.00188	0.00370	0.00778	0.72262	0.00740
78	0.01135	0.00841	0.01232	0.01232	0.01358	0.00968	0.00938	0.01389	0.01262	0.01809	0.02163	0.03332	0.02077	0.12860	0.62205	0.01222	0.01982	0.00881	0.00431	0.00684
79	0.02962	0.03779	0.02247	0.02043	0.02451	0.68948	0.01532	0.03166	0.02247	0.01941	0.01226	0.01430	0.01021	0.00817	0.00715	0.00204	0.01430	0.00511	0.00409	0.00919
80	0.02962	0.03779	0.02247	0.02043	0.02451	0.68948	0.01532	0.03166	0.02247	0.01941	0.01226	0.01430	0.01021	0.00817	0.00715	0.00204	0.01430	0.00511	0.00409	0.00919
81	0.00965	0.00694	0.00916	0.01093	0.01147	0.00645	0.00731	0.01105	0.01529	0.02029	0.04504	0.69289	0.07484	0.02467	0.01009	0.00320	0.00458	0.02233	0.00736	0.00645
82	0.03535	0.01385	0.01862	0.01428	0.02042	0.01219	0.01180	0.06363	0.02330	0.65151	0.03078	0.02666	0.01938	0.00980	0.00797	0.00245	0.00683	0.00794	0.00974	0.01349
83	0.03558	0.01350	0.01840	0.01411	0.02024	0.01166	0.01166	0.03865	0.02270	0.67734	0.03128	0.02699	0.01963	0.00981	0.00797	0.00245	0.00675	0.00797	0.00981	0.01350
84	0.01478	0.00739	0.00739	0.00739	0.00924	0.00739	0.00554	0.01848	0.01663	0.02956	0.02587	0.02956	0.02033	0.00924	0.00554	0.00185	0.00370	0.00739	0.76534	0.00739
85	0.00966	0.00690	0.00920	0.01104	0.01150	0.00644	0.00736	0.01104	0.01518	0.02024	0.04371	0.71614	0.05245	0.02484	0.01012	0.00322	0.00460	0.02254	0.00736	0.00644
86	0.00966	0.00690	0.00920	0.01104	0.01150	0.00644	0.00736	0.01104	0.01518	0.02024	0.04371	0.71614	0.05245	0.02484	0.01012	0.00322	0.00460	0.02254	0.00736	0.00644
87	0.01872	0.02139	0.04679	0.03342	0.04144	0.02005	0.64305	0.02540	0.01872	0.02540	0.01604	0.02139	0.01203	0.00668	0.00936	0.00267	0.01337	0.00936	0.00401	0.01070
88	0.01651	0.01566	0.02655	0.48678	0.25811	0.01802	0.02279	0.02160	0.01658	0.02212	0.01437	0.02064	0.01123	0.00764	0.00790	0.00255	0.01019	0.00705	0.00366	0.01005
89	0.01705	0.03123	0.38438	0.02635	0.05988	0.01832	0.23533	0.02474	0.01744	0.02530	0.01486	0.01840	0.01096	0.00709	0.00802	0.00245	0.01169	0.00699	0.00371	0.07582
90	0.01992	0.01707	0.01802	0.01825	0.09360	0.10083	0.01258	0.17305	0.04953	0.03143	0.12065	0.11461	0.05320	0.01255	0.00879	0.00246	0.03481	0.01032	0.09851	0.00984
91	0.01145	0.00845	0.01074	0.01011	0.01213	0.00792	0.00760	0.01583	0.04716	0.03127	0.60953	0.05903	0.10636	0.01622	0.00930	0.00251	0.00386	0.01426	0.00863	0.00764
92	0.02168	0.68723	0.04048	0.01396	0.02059	0.06853	0.01367	0.02419	0.01647	0.01870	0.01109	0.01281	0.01018	0.00686	0.00520	0.00172	0.00881	0.00429	0.00343	0.01012
93	0.01203	0.00896	0.01296	0.01276	0.01429	0.01035	0.00987	0.03729	0.01359	0.01943	0.02133	0.03167	0.02001	0.08831	0.63466	0.01213	0.02015	0.00859	0.00441	0.00721
94	0.03036	0.01587	0.01914	0.01533	0.02105	0.01595	0.01245	0.13749	0.19907	0.39955	0.02958	0.02642	0.01989	0.01003	0.00799	0.00251	0.00694	0.00811	0.00903	0.01324
95	0.01507	0.01423	0.02380	0.67479	0.05325	0.01789	0.02183	0.02021	0.01571	0.02021	0.01395	0.02099	0.01056	0.00817	0.00866	0.00268	0.03863	0.00704	0.00352	0.00880
96	0.01122	0.00811	0.01060	0.00998	0.01185	0.00748	0.00748	0.01496	0.02245	0.03180	0.66766	0.05923	0.07482	0.01621	0.00935	0.00249	0.00374	0.01434	0.00873	0.00748
97	0.01453	0.01416	0.02656	0.21447	0.06057	0.01455	0.22029	0.01888	0.01665	0.02217	0.02513	0.26446	0.02579	0.01341	0.00916	0.00284	0.00935	0.01323	0.00504	0.00875
98	0.01628	0.08973	0.63482	0.02196	0.03333	0.01934	0.02818	0.02502	0.01670	0.02465	0.01400	0.01646	0.01005	0.00748	0.00736	0.00245	0.01149	0.00574	0.00335	0.01161
99	0.01133	0.00850	0.01274	0.01274	0.01416	0.00991	0.00991	0.01416	0.01274	0.01841	0.02124	0.03115	0.01982	0.05947	0.68989	0.01274	0.02124	0.00850	0.00425	0.00708
100	0.03014	0.02221	0.02380	0.01825	0.02459	0.02459	0.01507	0.64541	0.03728	0.04998	0.01904	0.01904	0.01349	0.00952	0.00793	0.00238	0.00873	0.00714	0.00793	0.01349
101	0.01001	0.00747	0.01067	0.01191	0.01267	0.00697	0.03214	0.01160	0.01532	0.02044	0.04263	0.68906	0.05087	0.02414	0.01009	0.00320	0.00494	0.02203	0.00723	0.00661
102	0.01586	0.01510	0.02597	0.52716	0.16847	0.01761	0.05078	0.02098	0.01638	0.02156	0.01526	0.04246	0.01231	0.00823	0.00805	0.00261	0.01030	0.00764	0.00374	0.00953
103	0.01122	0.00811	0.01060	0.00998	0.01185	0.00748	0.00748	0.01496	0.02245	0.03180	0.66766	0.05923	0.07482	0.01621	0.00935	0.00249	0.00374	0.01434	0.00873	0.00748
104	0.00966	0.00690	0.00920	0.01104	0.01150	0.00644	0.00736	0.01104	0.01518	0.02024	0.04371	0.71614	0.05245	0.02484	0.01012	0.00322	0.00460	0.02254	0.00736	0.00644
105	0.01728	0.01944	0.06693	0.19398	0.06503	0.01930	0.33924	0.02297	0.01714	0.02337	0.01601	0.02374	0.01298	0.00856	0.01081	0.00278	0.09004	0.03650	0.00395	0.00997
106	0.01373	0.00792	0.01261	0.04356	0.01397	0.00798	0.03816	0.01157	0.01138	0.01516	0.01632	0.07988	0.01667	0.02542	0.02719	0.63492	0.00718	0.00828	0.00379	0.00428
107	0.01608	0.01625	0.03057	0.50509	0.05073	0.01834	0.20509	0.02178	0.01670	0.02178	0.01467	0.02121	0.01100	0.00756	0.00835	0.00265	0.01140	0.00773	0.00367	0.00937
108	0.01835	0.01665	0.07327	0.01309	0.02044	0.01186	0.01147	0.04579	0.01773	0.07522	0.01558	0.01735	0.01225	0.00645	0.00625	0.00143	0.00654	0.00513	0.00509	0.62004
109	0.63499	0.04823	0.01434	0.01148	0.01630	0.01825	0.00958	0.02442	0.01434	0.08957	0.01276	0.01435	0.00972	0.00792	0.00637	0.00248	0.04585	0.00476	0.00518	0.00909
110	0.02401	0.49677	0.03520	0.01585	0.02174	0.25063	0.01415	0.02638	0.01823	0.01891	0.01144	0.01325	0.01019	0.00725	0.00578	0.00181	0.01042	0.00453	0.00362	0.00985
111	0.01339	0.00969	0.01162	0.01065	0.01326	0.00929	0.00813	0.04761	0.07307	0.05555	0.44768	0.05700	0.18063	0.01596	0.00913	0.00254	0.00435	0.01378	0.00842	0.00825
112	0.01963	0.01884	0.03219	0.04867	0.67185	0.01884	0.02434	0.02434	0.01806	0.02591	0.01492	0.01963	0.01256	0.00707	0.00785	0.00236	0.00942	0.00707	0.00393	0.01256
113	0.03558	0.01350	0.01840	0.01411	0.02024	0.01166	0.01166	0.03865	0.02270	0.67734	0.03128	0.02699	0.01963	0.00981	0.00797	0.00245	0.00675	0.00797	0.00981	0.01350
114	0.00979	0.00699	0.00934	0.01118	0.01170	0.00655	0.00758	0.01126	0.01530	0.02038	0.04364	0.69118	0.05218	0.02473	0.01015	0.00324	0.00471	0.04628	0.00736	0.00648
115	0.01133	0.00850	0.01274	0.01274	0.01416	0.00991	0.00991	0.01416	0.01274	0.01841	0.02124	0.03115	0.01982	0.05947	0.68989	0.01274	0.02124	0.00850	0.00425	0.00708
116	0.01498	0.01409	0.02378	0.70226	0.05462	0.01762	0.02202	0.02026	0.01586	0.02026	0.01409	0.02114	0.01057	0.00793	0.00793	0.00264	0.01057	0.00705	0.00352	0.00881
117	0.03441	0.01324	0.01803	0.01391	0.01984	0.01145	0.01145	0.03751	0.02268	0.64636	0.06183	0.02854	0.02228	0.01012	0.00804	0.00246	0.00660	0.00828	0.00976	0.01321
118	0.77733	0.01534	0.01166	0.01043	0.01534	0.01779	0.00859	0.02331	0.01350	0.03558	0.01104	0.01288	0.00859	0.00736	0.00491	0.00245	0.00613	0.00429	0.00491	0.00859
119	0.01115	0.00810	0.01049	0.00990	0.01180	0.00745	0.00742	0.01482	0.02227	0.03137	0.64326	0.05994	0.09949	0.01637	0.00935	0.00250	0.00375	0.01444	0.00867	0.00745
120	0.03558	0.01350	0.01840	0.01411	0.02024	0.01166	0.01166	0.03865	0.02270	0.67734	0.03128	0.02699	0.01963	0.00981	0.00797	0.00245	0.00675	0.00797	0.00981	0.01350
121	0.02156	0.01736	0.01859	0.01612	0.02100	0.01956	0.01268	0.11219	0.52982	0.06472	0.02996	0.02771	0.02224	0.01038	0.00796	0.00258	0.00657	0.00854	0.00800	0.04247
122	0.00966	0.00690	0.00920	0.01104	0.01150	0.00644	0.00736	0.01104	0.01518	0.02024	0.04371	0.71614	0.05245	0.02484	0.01012	0.00322	0.00460	0.02254	0.00736	0.00644
123	0.01637	0.03780	0.57635	0.02438	0.03549	0.01868	0.12995	0.02516	0.01707	0.02516	0.01453	0.01750	0.01037	0.00739	0.00783	0.00254	0.01199	0.00643	0.00346	0.01155
124	0.01056	0.00765	0.01017	0.01185	0.01290	0.00726	0.00886	0.01266	0.01632	0.02137	0.04614	0.47921	0.09989	0.02359	0.01031	0.00330	0.00535	0.19854	0.00734	0.00672
125	0.77733	0.01534	0.01166	0.01043	0.01534	0.01779	0.00859	0.02331	0.01350	0.03558	0.01104	0.01288	0.00859	0.00736	0.00491	0.00245	0.00613	0.00429	0.00491	0.00859
126	0.02154	0.69811	0.04078	0.01385	0.02052	0.05813	0.01364	0.02407	0.01637	0.01869	0.01107	0.01278	0.01018	0.00684	0.00517	0.00171	0.00872	0.00428	0.00342	0.01014
127	0.03395	0.01355	0.01824	0.01391	0.02012	0.01156	0.01146	0.03706	0.02217	0.62198	0.02982	0.02609	0.01896	0.00948	0.00780	0.00234	0.00667	0.00770	0.00938	0.07776
128	0.01783	0.02229	0.11406	0.08674	0.03854	0.01977	0.42453	0.02401	0.01742	0.02424	0.01496	0.02019	0.01149	0.00767	0.01077	0.00268	0.09076	0.00831	0.00386	0.03989
129	0.05226	0.01800	0.04727	0.04435	0.02368	0.01874	0.04403	0.13329	0.33922	0.11077	0.02752	0.02906	0.02084	0.01050	0.00811	0.00265	0.00751	0.04260	0.00752	0.01209
130	0.03558	0.01350	0.01840	0.01411	0.02024	0.01166	0.01166	0.03865	0.02270	0.67734	0.03128	0.02699	0.01963	0.00981	0.00797	0.00245	0.00675	0.00797	0.00981	0.01350
131	0.01780	0.01698	0.02889	0.30545	0.42935	0.01836	0.02343	0.02274	0.01719	0.02369	0.01459	0.02022	0.01178	0.00740	0.00788	0.00247	0.00987	0.00706	0.00377	0.01109
132	0.01803	0.02168	0.09197	0.03054	0.05989	0.01977	0.46091	0.02407	0.01772	0.02454	0.01664	0.02431	0.01360	0.00849	0.01125	0.00280	0.09621	0.04310	0.00408	0.01041
133	0.01133	0.00850	0.01274	0.01274	0.01416	0.00991	0.00991	0.01416	0.01274	0.01841	0.02124	0.03115	0.01982	0.05947	0.68989	0.01274	0.02124	0.00850	0.00425	0.00708
134	0.00966	0.00690	0.00920	0.01104	0.01150	0.00644	0.00736	0.01104	0.01518	0.02024	0.04371	0.71614	0.05245	0.02484	0.01012	0.00322	0.00460	0.02254	0.00736	0.00644
135	0.01726	0.01365	0.01493	0.01383	0.01732	0.01481	0.01054	0.08806	0.32835	0.04995	0.04107	0.19724	0.12903	0.01536	0.00874	0.00278	0.00578	0.01315	0.00783	0.01033
136	0.01864	0.02209	0.07243	0.03368	0.07036	0.01993	0.58887	0.02534	0.01860	0.02541	0.01592	0.02112	0.01197	0.00674	0.00921	0.00265	0.01312	0.00911	0.00398	0.01082
137	0.03268	0.01285	0.01747	0.01362	0.01924	0.01116	0.01116	0.03583	0.02267	0.60046	0.10707	0.03083	0.02620	0.01058	0.00814	0.00246	0.00639	0.00873	0.00969	0.01278
138	0.02157	0.01474	0.01574	0.01309	0.01704	0.01595	0.01040	0.30954	0.05101	0.03760	0.02483	0.02782	0.04294	0.05212	0.03704	0.00294	0.00709	0.00798	0.28033	0.01024
139	0.01740	0.01660	0.02565	0.42438	0.23099	0.04893	0.02172	0.04197	0.01761	0.02300	0.01575	0.02359	0.01291	0.00841	0.00801	0.00257	0.01019	0.03631	0.00399	0.01000
140	0.34692	0.02718	0.33118	0.01637	0.02443	0.01735	0.01855	0.02439	0.01585	0.05634	0.04490	0.01752	0.01291	0.00797	0.00650	0.00248	0.00871	0.00567	0.00454	0.01023
141	0.01853	0.02034	0.04256	0.03539	0.15827	0.01928	0.50190	0.02463	0.01845	0.02529	0.01693	0.04873	0.01374	0.00748	0.00911	0.00264	0.01228	0.00945	0.00413	0.01087
142	0.01644	0.01409	0.01644	0.01175	0.01879	0.01057	0.00940	0.01997	0.01644	0.02584	0.01409	0.01644	0.01175	0.00587	0.00587	0.00117	0.00587	0.00470	0.00470	0.76979
143	0.02755	0.03366	0.02284	0.02040	0.02389	0.54858	0.01566	0.05502	0.02133	0.02062	0.01222	0.01502	0.01038	0.00920	0.01040	0.00230	0.13199	0.00550	0.00414	0.00928
144	0.02120	0.72609	0.04155	0.01357	0.02035	0.03138	0.01357	0.02374	0.01611	0.01866	0.01102	0.01272	0.01018	0.00678	0.00509	0.00170	0.00848	0.00424	0.00339	0.01018
145	0.03080	0.01360	0.01769	0.01392	0.01952	0.01235	0.01134	0.06040	0.07428	0.50740	0.09668	0.02984	0.02521	0.01040	0.00804	0.00242	0.00644	0.00856	0.00929	0.04181
146	0.02853	0.08941	0.02445	0.02112	0.05420	0.58072	0.01559	0.05553	0.02238	0.02089	0.01256	0.01462	0.01045	0.00807	0.00706	0.00204	0.01340	0.00521	0.00418	0.00960
147	0.01122	0.00811	0.01060	0.00998	0.01185	0.00748	0.00748	0.01496	0.02245	0.03180	0.66766	0.05923	0.07482	0.01621	0.00935	0.00249	0.00374	0.01434	0.00873	0.00748
148	0.01704	0.01620	0.02751	0.41248	0.32827	0.01816	0.02305	0.02207	0.01683	0.02276	0.01446	0.02047	0.01145	0.00755	0.00789	0.00252	0.01006	0.00706	0.00370	0.01047
149	0.01799	0.01824	0.05618	0.25657	0.44826	0.01843	0.02380	0.02307	0.01730	0.02407	0.01463	0.01999	0.01182	0.00736	0.00786	0.00245	0.00988	0.00701	0.00377	0.01133
150	0.01578	0.01558	0.02662	0.04970	0.02555	0.01856	0.17783	0.01928	0.01419	0.02057	0.01531	0.02274	0.01369	0.02558	0.22208	0.00604	0.29029	0.00804	0.00385	0.00872
151	0.00966	0.00690	0.00920	0.01104	0.01150	0.00644	0.00736	0.01104	0.01518	0.02024	0.04371	0.71614	0.05245	0.02484	0.01012	0.00322	0.00460	0.02254	0.00736	0.00644
152	0.01840	0.02077	0.04484	0.09025	0.04256	0.01985	0.59028	0.02496	0.01847	0.02496	0.01588	0.02137	0.01191	0.00679	0.00924	0.00267	0.01313	0.00916	0.00397	0.01053
153	0.01533	0.01445	0.02466	0.52432	0.13732	0.01694	0.04635	0.02026	0.01622	0.02126	0.01681	0.07999	0.01447	0.00919	0.00816	0.00265	0.01002	0.00846	0.00393	0.00921
154	0.02489	0.01173	0.01537	0.01270	0.01706	0.01074	0.01013	0.02986	0.07654	0.37509	0.27537	0.03957	0.04118	0.01235	0.00851	0.00249	0.00555	0.01050	0.00925	0.01111
155	0.01622	0.06374	0.62884	0.02279	0.03417	0.01894	0.05720	0.02508	0.01681	0.02490	0.01420	0.01682	0.01014	0.00747	0.00753	0.00249	0.01168	0.00597	0.00338	0.01162
156	0.01612	0.06887	0.65427	0.02223	0.03375	0.01894	0.02866	0.02506	0.01672	0.02485	0.01410	0.01658	0.01005	0.00750	0.00743	0.00248	0.01159	0.00579	0.00335	0.01166
157	0.01698	0.01614	0.02741	0.42008	0.32110	0.01815	0.02302	0.02202	0.01681	0.02270	0.01445	0.02049	0.01143	0.00756	0.00789	0.00252	0.01007	0.00706	0.00370	0.01043
158	0.00966	0.00690	0.00920	0.01104	0.01150	0.00644	0.00736	0.01104	0.01518	0.02024	0.04371	0.71614	0.05245	0.02484	0.01012	0.00322	0.00460	0.02254	0.00736	0.00644
159	0.02825	0.02567	0.02379	0.02101	0.07043	0.20070	0.01578	0.38422	0.05969	0.03808	0.01720	0.01824	0.01292	0.00922	0.00847	0.00235	0.03883	0.00667	0.00645	0.01204
160	0.01998	0.01890	0.03178	0.17811	0.15955	0.02022	0.20453	0.12763	0.07179	0.02876	0.01692	0.02107	0.01295	0.00817	0.00922	0.00260	0.04395	0.00790	0.00483	0.01115
161	0.01800	0.31241	0.42722	0.01902	0.02879	0.02355	0.02307	0.02457	0.01649	0.02256	0.01296	0.01515	0.01010	0.00724	0.00657	0.00219	0.01044	0.00522	0.00337	0.01111
162	0.01096	0.00843	0.01166	0.01226	0.01310	0.00923	0.00896	0.01285	0.01405	0.01937	0.03380	0.36554	0.06186	0.06073	0.25195	0.00673	0.07021	0.01564	0.00584	0.00681
163	0.01766	0.02254	0.11995	0.03010	0.03797	0.01871	0.51317	0.02429	0.01852	0.02547	0.04820	0.05036	0.01642	0.00797	0.00917	0.00267	0.01236	0.00970	0.00429	0.01049
164	0.01968	0.01981	0.03071	0.15102	0.48698	0.07569	0.05289	0.02435	0.01811	0.02442	0.01461	0.01950	0.01201	0.00728	0.00788	0.00239	0.01021	0.00701	0.00388	0.01158
165	0.01609	0.03786	0.59976	0.02144	0.03250	0.01780	0.02700	0.02529	0.04000	0.02547	0.01487	0.01718	0.01070	0.00751	0.00741	0.00240	0.01102	0.00587	0.00363	0.07616
166	0.02016	0.01876	0.03083	0.09620	0.56953	0.01924	0.02337	0.07680	0.01952	0.02752	0.01520	0.01969	0.01249	0.00734	0.00786	0.00238	0.00945	0.00707	0.00423	0.01235
167	0.03249	0.04300	0.04549	0.07289	0.02371	0.01321	0.01330	0.03596	0.02162	0.56994	0.02835	0.02553	0.01811	0.00945	0.00784	0.00244	0.00733	0.00766	0.00877	0.01290
168	0.01176	0.00869	0.01233	0.07165	0.01776	0.00881	0.01146	0.01467	0.01686	0.02208	0.04028	0.32671	0.04530	0.02186	0.01037	0.00340	0.00653	0.33539	0.00700	0.00710
169	0.01119	0.00836	0.01244	0.01260	0.01393	0.00962	0.00970	0.01390	0.01295	0.01856	0.02315	0.08935	0.02260	0.05653	0.63213	0.01194	0.01983	0.00969	0.00451	0.00703
170	0.01624	0.01550	0.02688	0.39136	0.24000	0.01723	0.06878	0.02112	0.01669	0.02239	0.01701	0.07975	0.01485	0.00901	0.00820	0.00261	0.00992	0.00855	0.00401	0.00991
171	0.67085	0.01737	0.05043	0.01178	0.01719	0.01840	0.01031	0.07627	0.01570	0.03621	0.01190	0.01362	0.00909	0.00755	0.00531	0.00245	0.00667	0.00462	0.00508	0.00918
172	0.01425	0.01024	0.01371	0.01491	0.01712	0.01044	0.01297	0.06987	0.01987	0.02596	0.04004	0.08347	0.04291	0.02085	0.01070	0.00354	0.00742	0.56653	0.00736	0.00783
173	0.01311	0.00892	0.00994	0.00946	0.01000	0.00912	0.00568	0.06539	0.01372	0.01832	0.02448	0.04910	0.02753	0.66083	0.03761	0.00724	0.00778	0.01116	0.00507	0.00554
174	0.06030	0.01956	0.02086	0.01646	0.02212	0.04412	0.01342	0.43535	0.03125	0.15049	0.02218	0.05972	0.01667	0.01028	0.00781	0.00241	0.00805	0.00797	0.03848	0.01249
175	0.02355	0.01906	0.02492	0.02549	0.19692	0.01966	0.04126	0.32243	0.02752	0.03798	0.07231	0.02238	0.01817	0.00886	0.00783	0.00224	0.00832	0.00751	0.00637	0.10720
176	0.07830	0.02195	0.03000	0.02473	0.08357	0.07785	0.20842	0.28055	0.02623	0.03563	0.01901	0.02120	0.03786	0.00858	0.00814	0.00246	0.01032	0.00781	0.00582	0.01157
177	0.01896	0.01574	0.02505	0.02710	0.22228	0.01524	0.11389	0.07145	0.05008	0.08209	0.02665	0.15423	0.05815	0.01157	0.00847	0.00252	0.00812	0.01085	0.00585	0.07172

[dist]
# distance from previous block
# <min> <max>
4	41

# created by:
# /st0/software/busco_prod/Augustus/scripts/msa2prfl.pl ./align_prep/118569.fa
