[name]
unknown

[dist]
# distance from previous block
# <min> <max>
0	27

[block]
# block no. 0 follows, 25 sequences, length 180
# corresponding to MSA columns:
# 27-206
name=unknown_A
#
# <colnr> <probs for GDERKNQSTAVLIFYWHMCP>
#	G	D	E	R	K	N	Q	S	T	A	V	L	I	F	Y	W	H	M	C	P
0	0.01421	0.00925	0.01292	0.01424	0.01635	0.00911	0.01241	0.01774	0.01818	0.07408	0.04025	0.08276	0.04267	0.02051	0.01049	0.00348	0.00710	0.57932	0.00733	0.00761
1	0.02052	0.05452	0.48348	0.01992	0.02975	0.01776	0.02373	0.08626	0.01930	0.14648	0.01729	0.01828	0.01184	0.00793	0.00741	0.00241	0.01020	0.00617	0.00485	0.01189
2	0.09440	0.38369	0.21961	0.01528	0.02276	0.02334	0.01670	0.02362	0.01637	0.05167	0.05693	0.01723	0.01439	0.00764	0.00604	0.00204	0.00859	0.00542	0.00407	0.01019
3	0.07589	0.09991	0.53299	0.02025	0.03027	0.06442	0.02480	0.02473	0.01645	0.02440	0.01327	0.01557	0.00973	0.00733	0.00693	0.00235	0.01092	0.00542	0.00344	0.01092
4	0.02398	0.01986	0.12453	0.02013	0.08571	0.01644	0.05828	0.11506	0.13303	0.22156	0.05540	0.02437	0.01895	0.00908	0.00781	0.00240	0.00803	0.00773	0.00692	0.04073
5	0.01123	0.00770	0.00937	0.00937	0.00969	0.00801	0.00584	0.01186	0.01155	0.01571	0.02359	0.04611	0.02618	0.57480	0.18942	0.00864	0.01054	0.01060	0.00457	0.00521
6	0.02138	0.01736	0.01846	0.01605	0.02077	0.01980	0.01264	0.13863	0.54542	0.05487	0.02947	0.02721	0.02186	0.01030	0.00787	0.00257	0.00653	0.00845	0.00792	0.01245
7	0.02155	0.66329	0.03878	0.01393	0.02030	0.09664	0.01344	0.02398	0.01637	0.01831	0.01090	0.01259	0.00995	0.00677	0.00517	0.00169	0.00886	0.00423	0.00338	0.00985
8	0.00929	0.00782	0.00806	0.00809	0.01057	0.00659	0.00603	0.01135	0.01786	0.02158	0.11712	0.09679	0.61326	0.01955	0.00919	0.00263	0.00393	0.01641	0.00729	0.00659
9	0.02741	0.07755	0.02374	0.04903	0.02485	0.39715	0.01517	0.21039	0.02504	0.02764	0.01383	0.01565	0.01094	0.00851	0.00791	0.00216	0.04213	0.00567	0.00499	0.01024
10	0.78228	0.01499	0.01140	0.01020	0.01499	0.01739	0.00840	0.02279	0.01320	0.03479	0.01080	0.01260	0.00840	0.00720	0.00480	0.00240	0.00600	0.00420	0.00480	0.00840
11	0.02074	0.02152	0.02971	0.03865	0.45265	0.13067	0.07338	0.02679	0.08235	0.02494	0.01592	0.01943	0.01298	0.00741	0.00771	0.00231	0.01002	0.00696	0.00427	0.01158
12	0.02077	0.01401	0.01670	0.01259	0.01864	0.01197	0.01010	0.08291	0.04926	0.15557	0.05110	0.02124	0.01683	0.00828	0.00745	0.02840	0.00612	0.00617	0.00617	0.45571
13	0.00924	0.00781	0.00799	0.00805	0.01055	0.00656	0.00600	0.01124	0.01770	0.02126	0.09829	0.10207	0.62743	0.01970	0.00919	0.00263	0.00394	0.01653	0.00725	0.00656
14	0.02411	0.01812	0.01945	0.01584	0.02065	0.02009	0.01260	0.40916	0.16943	0.04005	0.02331	0.05685	0.01890	0.08117	0.01095	0.00293	0.00759	0.00850	0.02864	0.01167
15	0.00963	0.00685	0.00901	0.01060	0.01107	0.00642	0.00704	0.01098	0.01489	0.01992	0.06648	0.65133	0.05060	0.07095	0.01184	0.00341	0.00467	0.02101	0.00708	0.00623
16	0.02089	0.51464	0.16537	0.01548	0.02290	0.05805	0.01635	0.04535	0.01708	0.04448	0.01242	0.01399	0.01037	0.00704	0.00573	0.00188	0.00912	0.00472	0.00371	0.01043
17	0.01601	0.00891	0.00927	0.00865	0.01094	0.00923	0.00666	0.08969	0.01838	0.03069	0.02434	0.02781	0.01910	0.01119	0.03561	0.00233	0.00491	0.00725	0.65114	0.00789
18	0.01740	0.02043	0.08272	0.11607	0.03908	0.01886	0.46320	0.02351	0.01735	0.02401	0.01545	0.02072	0.01174	0.00726	0.00961	0.00261	0.05229	0.00841	0.03922	0.01003
19	0.02568	0.08123	0.02366	0.04878	0.05509	0.12270	0.01469	0.35892	0.09564	0.03631	0.01819	0.02000	0.01402	0.03993	0.00879	0.00249	0.00914	0.00682	0.00634	0.01159
20	0.01651	0.01630	0.02288	0.01975	0.01986	0.02267	0.01640	0.01829	0.01192	0.01861	0.01099	0.01800	0.01089	0.01700	0.07709	0.00409	0.66004	0.00690	0.00345	0.00836
21	0.02729	0.02042	0.02261	0.01916	0.06680	0.02250	0.01471	0.53389	0.08260	0.04508	0.01966	0.01994	0.01425	0.00923	0.00765	0.00232	0.00816	0.00713	0.04383	0.01277
22	0.13602	0.06734	0.02135	0.01566	0.02148	0.04554	0.01294	0.36583	0.09117	0.06369	0.01807	0.01828	0.01329	0.00863	0.00697	0.00222	0.00782	0.00634	0.00673	0.07063
23	0.01116	0.00747	0.00849	0.00860	0.00863	0.00744	0.00485	0.01125	0.01150	0.01533	0.02557	0.09269	0.02963	0.68359	0.03762	0.00724	0.00733	0.01195	0.00485	0.00480
24	0.01445	0.00723	0.00723	0.00723	0.00903	0.00723	0.00542	0.01807	0.01626	0.02891	0.02529	0.02891	0.01987	0.00903	0.00542	0.00181	0.00361	0.00723	0.77055	0.00723
25	0.01544	0.01428	0.02353	0.65664	0.07296	0.01756	0.02131	0.04764	0.01649	0.02126	0.01402	0.02053	0.01053	0.00779	0.00775	0.00256	0.01022	0.00690	0.00365	0.00894
26	0.01555	0.04011	0.68733	0.02210	0.03356	0.01801	0.02865	0.02455	0.01637	0.02455	0.01391	0.01637	0.00982	0.00737	0.00737	0.00246	0.01146	0.00573	0.00327	0.01146
27	0.01127	0.00756	0.00866	0.00866	0.00872	0.00762	0.00495	0.01140	0.01133	0.01518	0.02425	0.04973	0.02775	0.69431	0.07206	0.00776	0.00817	0.01113	0.00467	0.00481
28	0.01748	0.01489	0.01591	0.01443	0.01836	0.01682	0.01117	0.03560	0.53526	0.03145	0.11920	0.03594	0.07608	0.01186	0.00814	0.00260	0.00566	0.00999	0.00793	0.01122
29	0.01072	0.00792	0.01001	0.00949	0.01143	0.00721	0.00712	0.01414	0.02135	0.02967	0.59145	0.06026	0.15765	0.01638	0.00915	0.00246	0.00370	0.01435	0.00835	0.00721
30	0.02774	0.02086	0.02229	0.01749	0.02338	0.02324	0.01432	0.54912	0.14345	0.04607	0.02082	0.02037	0.01497	0.00951	0.00778	0.00238	0.00812	0.00728	0.00778	0.01303
31	0.02884	0.02126	0.02201	0.01725	0.02306	0.06704	0.01409	0.50585	0.06276	0.10365	0.04173	0.02080	0.01600	0.00952	0.00776	0.00233	0.00845	0.00724	0.00771	0.01267
32	0.01965	0.01391	0.01661	0.01206	0.01878	0.01092	0.00973	0.04123	0.01772	0.13802	0.01678	0.01791	0.01284	0.00650	0.00615	0.00140	0.00597	0.00521	0.00554	0.62306
33	0.01919	0.01842	0.03147	0.04759	0.67914	0.01842	0.02380	0.02380	0.01765	0.02533	0.01458	0.01919	0.01228	0.00691	0.00768	0.00230	0.00921	0.00691	0.00384	0.01228
34	0.01088	0.00788	0.01033	0.01036	0.01202	0.00734	0.00785	0.01414	0.02033	0.02824	0.49213	0.15386	0.08832	0.01780	0.00943	0.00268	0.00419	0.08694	0.00814	0.00713
35	0.02815	0.02093	0.02256	0.01721	0.02349	0.02269	0.01419	0.59071	0.03444	0.04654	0.01814	0.01836	0.01302	0.00896	0.00756	0.00221	0.00826	0.00675	0.00744	0.08839
36	0.00964	0.00748	0.00866	0.00928	0.01091	0.00665	0.00661	0.01150	0.01678	0.02131	0.12111	0.30073	0.34679	0.05606	0.01097	0.00306	0.00437	0.03443	0.00721	0.00646
37	0.34778	0.01420	0.01576	0.20143	0.02601	0.01655	0.01259	0.06386	0.07971	0.02914	0.01689	0.07466	0.01446	0.01017	0.00778	0.04082	0.00727	0.00713	0.00505	0.00874
38	0.01964	0.01774	0.02934	0.08846	0.56113	0.01806	0.02228	0.02536	0.06099	0.05718	0.01644	0.02029	0.01324	0.00734	0.00770	0.00235	0.00896	0.00707	0.00436	0.01208
39	0.01077	0.00792	0.01008	0.00954	0.01146	0.00723	0.00715	0.01424	0.02146	0.02995	0.60762	0.05981	0.14130	0.01628	0.00915	0.00246	0.00369	0.01429	0.00838	0.00723
40	0.01176	0.00853	0.01157	0.01318	0.01487	0.00834	0.01114	0.01488	0.01743	0.02253	0.04498	0.17059	0.10785	0.02162	0.01045	0.00342	0.00647	0.48627	0.00715	0.00697
41	0.14191	0.00992	0.01157	0.01034	0.01336	0.00957	0.00804	0.01939	0.02026	0.13389	0.42410	0.04659	0.09426	0.01369	0.00822	0.00244	0.00452	0.01158	0.00800	0.00837
42	0.01126	0.00818	0.01181	0.01181	0.01308	0.00936	0.00899	0.01380	0.01253	0.01823	0.02135	0.03239	0.02028	0.12187	0.59858	0.01146	0.01863	0.00855	0.04112	0.00672
43	0.01929	0.01666	0.01753	0.01578	0.02016	0.01929	0.01227	0.04120	0.66513	0.03243	0.03156	0.02893	0.02367	0.01052	0.00789	0.00263	0.00614	0.00877	0.00789	0.01227
44	0.01520	0.00795	0.00802	0.00775	0.00978	0.00806	0.00588	0.04957	0.01726	0.02990	0.02496	0.02840	0.01954	0.00905	0.00554	0.00183	0.00386	0.00721	0.73272	0.00752
45	0.02525	0.01649	0.01825	0.01463	0.01957	0.01751	0.01181	0.34416	0.08781	0.14539	0.04663	0.02803	0.06250	0.03678	0.00884	0.00253	0.00699	0.00830	0.08699	0.01155
46	0.01073	0.00792	0.01002	0.00950	0.01143	0.00721	0.00712	0.01416	0.02137	0.02972	0.59419	0.06018	0.15488	0.01636	0.00915	0.00246	0.00369	0.01434	0.00835	0.00721
47	0.01347	0.00673	0.01010	0.01010	0.01010	0.00673	0.00673	0.01010	0.01010	0.01347	0.01347	0.02357	0.01347	0.02694	0.03030	0.77441	0.00673	0.00673	0.00337	0.00337
48	0.00956	0.00683	0.00912	0.01092	0.01142	0.00639	0.00739	0.01098	0.01495	0.01991	0.04268	0.69979	0.05104	0.02419	0.00993	0.00316	0.00459	0.04363	0.00720	0.00633
49	0.01351	0.00932	0.01126	0.01130	0.01302	0.00919	0.00803	0.08368	0.04120	0.05562	0.09607	0.40233	0.09133	0.10105	0.01276	0.00340	0.00533	0.01687	0.00723	0.00752
50	0.03463	0.01345	0.01815	0.01391	0.01992	0.01177	0.01149	0.05586	0.02261	0.66585	0.03024	0.02616	0.01902	0.00959	0.00780	0.00240	0.00665	0.00777	0.00954	0.01320
51	0.01108	0.00831	0.01246	0.01246	0.01385	0.00969	0.00969	0.01385	0.01246	0.01800	0.02077	0.03046	0.01938	0.05815	0.69678	0.01246	0.02077	0.00831	0.00415	0.00692
52	0.03156	0.01269	0.01688	0.01322	0.01868	0.01114	0.01076	0.03493	0.04095	0.59066	0.03359	0.03079	0.06404	0.04169	0.00928	0.00264	0.00644	0.00856	0.00917	0.01235
53	0.01199	0.00816	0.01058	0.01003	0.01205	0.00747	0.00760	0.01539	0.02121	0.06110	0.55334	0.08764	0.10925	0.01637	0.00917	0.00252	0.00398	0.03626	0.00839	0.00750
54	0.01128	0.00752	0.00846	0.00846	0.00846	0.00752	0.00470	0.01128	0.01128	0.01503	0.02443	0.05074	0.02819	0.72751	0.03946	0.00752	0.00752	0.01128	0.00470	0.00470
55	0.01109	0.00738	0.00859	0.00885	0.00892	0.00731	0.00513	0.01116	0.01175	0.01567	0.02669	0.14714	0.03101	0.60056	0.03485	0.03426	0.00705	0.01267	0.00501	0.00488
56	0.01076	0.00760	0.00877	0.00877	0.00958	0.00724	0.00557	0.01189	0.01465	0.01948	0.16342	0.09980	0.14270	0.42671	0.02665	0.00544	0.00598	0.01334	0.00602	0.00562
57	0.01878	0.01622	0.01705	0.01539	0.01968	0.01865	0.01196	0.03971	0.63302	0.03187	0.03389	0.03119	0.05602	0.01097	0.00795	0.00263	0.00603	0.00914	0.00786	0.01199
58	0.01734	0.03228	0.44534	0.02525	0.06492	0.01836	0.16826	0.02492	0.01692	0.05579	0.01496	0.01804	0.01085	0.00757	0.00870	0.00253	0.04629	0.00671	0.00376	0.01121
59	0.02815	0.10560	0.02381	0.01931	0.02357	0.63065	0.01481	0.03020	0.02136	0.01890	0.01187	0.01383	0.00998	0.00786	0.00679	0.00196	0.01342	0.00491	0.00393	0.00908
60	0.01929	0.01666	0.01753	0.01578	0.02016	0.01929	0.01227	0.04120	0.66513	0.03243	0.03156	0.02893	0.02367	0.01052	0.00789	0.00263	0.00614	0.00877	0.00789	0.01227
61	0.02894	0.01275	0.01667	0.01337	0.01848	0.01169	0.01083	0.03437	0.10133	0.49603	0.13740	0.03192	0.02868	0.01075	0.00803	0.00243	0.00605	0.00895	0.00921	0.01211
62	0.01088	0.00792	0.01024	0.00966	0.01153	0.00728	0.00725	0.01446	0.02174	0.03059	0.64547	0.05875	0.10306	0.01604	0.00915	0.00245	0.00367	0.01414	0.00847	0.00728
63	0.00945	0.00675	0.00900	0.01080	0.01125	0.00630	0.00720	0.01080	0.01484	0.01979	0.04274	0.72245	0.05128	0.02429	0.00990	0.00315	0.00450	0.02204	0.00720	0.00630
64	0.02798	0.02098	0.02243	0.01754	0.02348	0.02335	0.01438	0.56370	0.12847	0.04646	0.02051	0.02012	0.01472	0.00949	0.00778	0.00237	0.00818	0.00724	0.00778	0.01305
65	0.08526	0.01978	0.02116	0.01650	0.02236	0.02169	0.01357	0.50220	0.06403	0.10332	0.01994	0.01967	0.01408	0.00923	0.00748	0.00234	0.00791	0.00694	0.02994	0.01261
66	0.03479	0.01320	0.01799	0.01380	0.01979	0.01140	0.01140	0.03779	0.02219	0.68451	0.03059	0.02639	0.01919	0.00960	0.00780	0.00240	0.00660	0.00780	0.00960	0.01320
67	0.00916	0.00785	0.00785	0.00785	0.01047	0.00655	0.00589	0.01113	0.01767	0.02095	0.07855	0.07462	0.67599	0.01964	0.00916	0.00262	0.00393	0.01636	0.00720	0.00655
68	0.00986	0.00730	0.00888	0.00980	0.01088	0.00671	0.00674	0.01144	0.01571	0.02042	0.09793	0.39489	0.20271	0.12018	0.01380	0.00359	0.00481	0.04118	0.00695	0.00625
69	0.01038	0.00821	0.00927	0.00911	0.01127	0.00744	0.00671	0.01373	0.04977	0.02452	0.26992	0.11200	0.36821	0.05198	0.01059	0.00283	0.00416	0.01538	0.00756	0.00697
70	0.01929	0.01666	0.01753	0.01578	0.02016	0.01929	0.01227	0.04120	0.66513	0.03243	0.03156	0.02893	0.02367	0.01052	0.00789	0.00263	0.00614	0.00877	0.00789	0.01227
71	0.00945	0.00675	0.00900	0.01080	0.01125	0.00630	0.00720	0.01080	0.01484	0.01979	0.04274	0.72245	0.05128	0.02429	0.00990	0.00315	0.00450	0.02204	0.00720	0.00630
72	0.01283	0.00845	0.01098	0.01041	0.01244	0.00788	0.00777	0.01672	0.04247	0.07880	0.51421	0.14989	0.06430	0.01641	0.00911	0.00254	0.00408	0.01453	0.00840	0.00778
73	0.65765	0.01611	0.01336	0.01146	0.01649	0.01850	0.00945	0.12717	0.01705	0.03712	0.01209	0.01359	0.00919	0.00755	0.00529	0.00239	0.00642	0.00466	0.00529	0.00919
74	0.01249	0.00892	0.01249	0.01428	0.01606	0.00892	0.01249	0.01606	0.01785	0.02320	0.04105	0.08746	0.04462	0.02142	0.01071	0.00357	0.00714	0.62695	0.00714	0.00714
75	0.01235	0.00899	0.01213	0.01330	0.01521	0.00892	0.01133	0.01653	0.04167	0.02483	0.15341	0.07970	0.07253	0.01999	0.01028	0.00330	0.00637	0.47442	0.00741	0.00733
76	0.00965	0.00711	0.00896	0.01008	0.01108	0.00651	0.00692	0.01136	0.01616	0.02133	0.13037	0.50502	0.16215	0.04191	0.01049	0.00309	0.00437	0.01972	0.00730	0.00643
77	0.06724	0.01551	0.02105	0.01831	0.01876	0.02113	0.01506	0.01809	0.01199	0.01949	0.01197	0.01968	0.01186	0.05295	0.09105	0.00443	0.56267	0.00699	0.00363	0.00813
78	0.00936	0.00781	0.00816	0.00818	0.01062	0.00661	0.00609	0.01146	0.01796	0.02189	0.13579	0.10291	0.58760	0.01948	0.00920	0.00263	0.00393	0.01640	0.00733	0.00661
79	0.01696	0.01696	0.02375	0.02036	0.02036	0.02375	0.01696	0.01866	0.01187	0.01866	0.01018	0.01696	0.01018	0.01357	0.02545	0.00339	0.71332	0.00679	0.00339	0.00848
80	0.01092	0.00737	0.00856	0.00891	0.00900	0.00728	0.00518	0.01118	0.01197	0.01596	0.02799	0.18140	0.03268	0.59072	0.03371	0.00667	0.00693	0.01337	0.00518	0.00501
81	0.01081	0.00792	0.01013	0.00958	0.01148	0.00725	0.00719	0.01431	0.02156	0.03016	0.62050	0.05945	0.12829	0.01620	0.00915	0.00246	0.00368	0.01424	0.00841	0.00725
82	0.01919	0.01842	0.03147	0.04759	0.67914	0.01842	0.02380	0.02380	0.01765	0.02533	0.01458	0.01919	0.01228	0.00691	0.00768	0.00230	0.00921	0.00691	0.00384	0.01228
83	0.01072	0.00792	0.01002	0.00949	0.01143	0.00721	0.00712	0.01415	0.02136	0.02970	0.59292	0.06022	0.15616	0.01637	0.00915	0.00246	0.00370	0.01434	0.00835	0.00721
84	0.02022	0.66384	0.10448	0.01414	0.02125	0.02943	0.01479	0.02335	0.01582	0.01887	0.01109	0.01283	0.00994	0.00671	0.00521	0.00174	0.00860	0.00430	0.00331	0.01010
85	0.01704	0.01745	0.02758	0.06853	0.02611	0.02259	0.12864	0.01982	0.01325	0.01982	0.01139	0.01791	0.01047	0.01195	0.02140	0.00320	0.54334	0.00721	0.00349	0.00884
86	0.01555	0.04011	0.68733	0.02210	0.03356	0.01801	0.02865	0.02455	0.01637	0.02455	0.01391	0.01637	0.00982	0.00737	0.00737	0.00246	0.01146	0.00573	0.00327	0.01146
87	0.02294	0.01844	0.01999	0.04995	0.02324	0.02100	0.01366	0.27309	0.39461	0.03808	0.02578	0.02461	0.01904	0.00993	0.00783	0.00251	0.00725	0.00800	0.00762	0.01244
88	0.00952	0.00680	0.00906	0.01075	0.01126	0.00635	0.00720	0.01098	0.01518	0.02033	0.07285	0.69080	0.05232	0.02389	0.00986	0.00312	0.00446	0.02166	0.00726	0.00635
89	0.00963	0.00682	0.00894	0.01057	0.01097	0.00642	0.00695	0.01084	0.01449	0.01932	0.04093	0.65613	0.04900	0.09372	0.01282	0.00358	0.00480	0.02098	0.00695	0.00614
90	0.01011	0.00788	0.00909	0.00879	0.01094	0.00695	0.00654	0.01283	0.01953	0.02565	0.36504	0.06575	0.36307	0.04138	0.01016	0.00269	0.00392	0.01506	0.00776	0.00686
91	0.00941	0.00786	0.00819	0.00811	0.01062	0.00665	0.00608	0.01160	0.01824	0.02230	0.15830	0.07239	0.59540	0.01913	0.00916	0.00259	0.00389	0.01605	0.00738	0.00665
92	0.73098	0.01491	0.01219	0.05688	0.01756	0.01738	0.00927	0.02259	0.01335	0.03379	0.01100	0.01314	0.00853	0.00723	0.00500	0.00241	0.00629	0.00438	0.00471	0.00841
93	0.02947	0.02172	0.02327	0.01784	0.02404	0.02404	0.01474	0.65329	0.03646	0.04887	0.01862	0.01862	0.01319	0.00931	0.00776	0.00233	0.00853	0.00698	0.00776	0.01319
94	0.00945	0.00675	0.00900	0.01080	0.01125	0.00630	0.00720	0.01080	0.01484	0.01979	0.04274	0.72245	0.05128	0.02429	0.00990	0.00315	0.00450	0.02204	0.00720	0.00630
95	0.78228	0.01499	0.01140	0.01020	0.01499	0.01739	0.00840	0.02279	0.01320	0.03479	0.01080	0.01260	0.00840	0.00720	0.00480	0.00240	0.00600	0.00420	0.00480	0.00840
96	0.00996	0.00789	0.00896	0.00869	0.01096	0.00689	0.00652	0.01268	0.01956	0.02543	0.34203	0.06724	0.40971	0.01796	0.00916	0.00254	0.00381	0.01533	0.00779	0.00689
97	0.01830	0.02092	0.04575	0.03268	0.04052	0.01961	0.65098	0.02484	0.01830	0.02484	0.01569	0.02092	0.01176	0.00654	0.00915	0.00261	0.01307	0.00915	0.00392	0.01046
98	0.01092	0.00786	0.01042	0.01060	0.01217	0.00736	0.00805	0.01414	0.02006	0.02790	0.46827	0.18293	0.06505	0.01819	0.00951	0.00273	0.00432	0.10433	0.00809	0.00711
99	0.02947	0.02172	0.02327	0.01784	0.02404	0.02404	0.01474	0.65329	0.03646	0.04887	0.01862	0.01862	0.01319	0.00931	0.00776	0.00233	0.00853	0.00698	0.00776	0.01319
100	0.02879	0.02068	0.02250	0.01740	0.02336	0.02279	0.01434	0.59493	0.03465	0.07485	0.01924	0.01954	0.01375	0.01174	0.04193	0.00283	0.00906	0.00708	0.00766	0.01288
101	0.02666	0.01993	0.02088	0.01646	0.02182	0.04114	0.01335	0.53596	0.03270	0.04377	0.02165	0.04826	0.03510	0.03848	0.00900	0.00254	0.00813	0.00795	0.04423	0.01199
102	0.01110	0.00822	0.01200	0.01200	0.01323	0.00944	0.00912	0.01355	0.01232	0.01766	0.02119	0.03279	0.02040	0.13512	0.62120	0.01189	0.01924	0.00865	0.00422	0.00667
103	0.03479	0.01320	0.01799	0.01380	0.01979	0.01140	0.01140	0.03779	0.02219	0.68451	0.03059	0.02639	0.01919	0.00960	0.00780	0.00240	0.00660	0.00780	0.00960	0.01320
104	0.02947	0.02172	0.02327	0.01784	0.02404	0.02404	0.01474	0.65329	0.03646	0.04887	0.01862	0.01862	0.01319	0.00931	0.00776	0.00233	0.00853	0.00698	0.00776	0.01319
105	0.78228	0.01499	0.01140	0.01020	0.01499	0.01739	0.00840	0.02279	0.01320	0.03479	0.01080	0.01260	0.00840	0.00720	0.00480	0.00240	0.00600	0.00420	0.00480	0.00840
106	0.01464	0.01378	0.02326	0.70887	0.05340	0.01723	0.02153	0.01981	0.01550	0.01981	0.01378	0.02067	0.01034	0.00775	0.00775	0.00258	0.01034	0.00689	0.00345	0.00861
107	0.01555	0.04011	0.68733	0.02210	0.03356	0.01801	0.02865	0.02455	0.01637	0.02455	0.01391	0.01637	0.00982	0.00737	0.00737	0.00246	0.01146	0.00573	0.00327	0.01146
108	0.02051	0.01584	0.01701	0.01439	0.01874	0.01738	0.01143	0.24970	0.25387	0.03670	0.11306	0.03347	0.09032	0.01157	0.00796	0.00244	0.00628	0.00945	0.05882	0.01106
109	0.02028	0.01626	0.01732	0.01536	0.01978	0.01853	0.01201	0.06904	0.57205	0.06445	0.03058	0.02831	0.02277	0.01034	0.00776	0.00256	0.00615	0.00856	0.04579	0.01211
110	0.01996	0.06508	0.01927	0.01551	0.02015	0.02003	0.01233	0.09599	0.53881	0.03259	0.03068	0.02854	0.04579	0.01048	0.00773	0.00254	0.00642	0.00857	0.00754	0.01199
111	0.01128	0.00752	0.00846	0.00846	0.00846	0.00752	0.00470	0.01128	0.01128	0.01503	0.02443	0.05074	0.02819	0.72751	0.03946	0.00752	0.00752	0.01128	0.00470	0.00470
112	0.00916	0.00785	0.00785	0.00785	0.01047	0.00655	0.00589	0.01113	0.01767	0.02095	0.07855	0.07462	0.67599	0.01964	0.00916	0.00262	0.00393	0.01636	0.00720	0.00655
113	0.01555	0.04011	0.68733	0.02210	0.03356	0.01801	0.02865	0.02455	0.01637	0.02455	0.01391	0.01637	0.00982	0.00737	0.00737	0.00246	0.01146	0.00573	0.00327	0.01146
114	0.01219	0.00871	0.01215	0.01394	0.01559	0.00867	0.01197	0.01554	0.01755	0.02287	0.04122	0.15016	0.04528	0.02170	0.01063	0.00353	0.00688	0.56723	0.00715	0.00706
115	0.16772	0.04848	0.02148	0.01664	0.02222	0.13999	0.01356	0.40645	0.02891	0.03998	0.01574	0.01648	0.01163	0.00859	0.00698	0.00226	0.00900	0.00602	0.00640	0.01146
116	0.01893	0.01797	0.03047	0.14888	0.51930	0.01856	0.05287	0.05354	0.01825	0.02558	0.01471	0.01948	0.01200	0.00714	0.00776	0.00236	0.00954	0.00702	0.00397	0.01166
117	0.00935	0.00778	0.00817	0.00824	0.01063	0.00660	0.00612	0.01143	0.01787	0.02182	0.13197	0.11934	0.57479	0.01961	0.00921	0.00264	0.00394	0.01655	0.00733	0.00660
118	0.01919	0.01842	0.03147	0.04759	0.67914	0.01842	0.02380	0.02380	0.01765	0.02533	0.01458	0.01919	0.01228	0.00691	0.00768	0.00230	0.00921	0.00691	0.00384	0.01228
119	0.02073	0.73217	0.04063	0.01327	0.01990	0.03068	0.01327	0.02322	0.01575	0.01824	0.01078	0.01244	0.00995	0.00663	0.00498	0.00166	0.00829	0.00415	0.00332	0.00995
120	0.00925	0.00786	0.00797	0.00795	0.01053	0.00658	0.00596	0.01129	0.01788	0.02143	0.10695	0.07382	0.64729	0.01946	0.00916	0.00261	0.00391	0.01625	0.00726	0.00658
121	0.01097	0.00793	0.01036	0.00975	0.01158	0.00732	0.00732	0.01463	0.02195	0.03109	0.67505	0.05792	0.07316	0.01585	0.00914	0.00244	0.00366	0.01402	0.00854	0.00732
122	0.00916	0.00785	0.00785	0.00785	0.01047	0.00655	0.00589	0.01113	0.01767	0.02095	0.07855	0.07462	0.67599	0.01964	0.00916	0.00262	0.00393	0.01636	0.00720	0.00655
123	0.02896	0.03695	0.02197	0.01998	0.02397	0.69638	0.01498	0.03096	0.02197	0.01898	0.01199	0.01398	0.00999	0.00799	0.00699	0.00200	0.01398	0.00499	0.00400	0.00899
124	0.01555	0.04011	0.68733	0.02210	0.03356	0.01801	0.02865	0.02455	0.01637	0.02455	0.01391	0.01637	0.00982	0.00737	0.00737	0.00246	0.01146	0.00573	0.00327	0.01146
125	0.03479	0.01320	0.01799	0.01380	0.01979	0.01140	0.01140	0.03779	0.02219	0.68451	0.03059	0.02639	0.01919	0.00960	0.00780	0.00240	0.00660	0.00780	0.00960	0.01320
126	0.00962	0.00787	0.00849	0.00833	0.01075	0.00674	0.00625	0.01201	0.01875	0.02350	0.22850	0.07042	0.52445	0.01869	0.00916	0.00257	0.00386	0.01578	0.00754	0.00674
127	0.01176	0.00931	0.01377	0.01337	0.01460	0.01132	0.01053	0.01440	0.01239	0.01808	0.01954	0.02890	0.01832	0.05300	0.61915	0.01141	0.10085	0.00813	0.00407	0.00710
128	0.01228	0.00877	0.01225	0.01404	0.01573	0.00874	0.01213	0.01570	0.01764	0.02297	0.04117	0.13153	0.04509	0.02162	0.01065	0.00354	0.00696	0.58497	0.00714	0.00708
129	0.01774	0.01873	0.02981	0.02377	0.02609	0.04510	0.19334	0.02079	0.01400	0.02039	0.01177	0.01796	0.01061	0.01143	0.02029	0.00313	0.49504	0.00738	0.00356	0.00905
130	0.01909	0.01971	0.03607	0.19242	0.04052	0.04296	0.38510	0.09585	0.04038	0.02640	0.01594	0.02061	0.01190	0.00732	0.00854	0.00255	0.01171	0.00820	0.00437	0.01033
131	0.00966	0.00787	0.00854	0.00837	0.01077	0.00676	0.00628	0.01208	0.01884	0.02371	0.24078	0.07008	0.51204	0.01861	0.00916	0.00257	0.00385	0.01573	0.00756	0.00676
132	0.00916	0.00785	0.00785	0.00785	0.01047	0.00655	0.00589	0.01113	0.01767	0.02095	0.07855	0.07462	0.67599	0.01964	0.00916	0.00262	0.00393	0.01636	0.00720	0.00655
133	0.01108	0.00831	0.01246	0.01246	0.01385	0.00969	0.00969	0.01385	0.01246	0.01800	0.02077	0.03046	0.01938	0.05815	0.69678	0.01246	0.02077	0.00831	0.00415	0.00692
134	0.01133	0.00869	0.01295	0.01281	0.01413	0.01031	0.01001	0.01406	0.01244	0.01803	0.02031	0.02987	0.01898	0.05620	0.66743	0.01206	0.05104	0.00824	0.00412	0.00699
135	0.00945	0.00675	0.00900	0.01080	0.01125	0.00630	0.00720	0.01080	0.01484	0.01979	0.04274	0.72245	0.05128	0.02429	0.00990	0.00315	0.00450	0.02204	0.00720	0.00630
136	0.01445	0.00723	0.00723	0.00723	0.00903	0.00723	0.00542	0.01807	0.01626	0.02891	0.02529	0.02891	0.01987	0.00903	0.00542	0.00181	0.00361	0.00723	0.77055	0.00723
137	0.01013	0.00789	0.00919	0.00887	0.01106	0.00696	0.00665	0.01299	0.01995	0.02634	0.39591	0.06573	0.35527	0.01762	0.00915	0.00252	0.00378	0.01512	0.00791	0.00696
138	0.00945	0.00675	0.00900	0.01080	0.01125	0.00630	0.00720	0.01080	0.01484	0.01979	0.04274	0.72245	0.05128	0.02429	0.00990	0.00315	0.00450	0.02204	0.00720	0.00630
139	0.00966	0.00711	0.00908	0.01035	0.01131	0.00652	0.00717	0.01142	0.01614	0.02131	0.11762	0.53431	0.14618	0.02259	0.00973	0.00300	0.00440	0.03827	0.00734	0.00647
140	0.01899	0.01822	0.03111	0.07650	0.65179	0.01837	0.02370	0.02362	0.01756	0.02509	0.01455	0.01925	0.01220	0.00695	0.00768	0.00232	0.00926	0.00691	0.00382	0.01212
141	0.02007	0.52466	0.18988	0.01577	0.02335	0.07221	0.01696	0.02405	0.01631	0.01976	0.01159	0.01346	0.00992	0.00689	0.00567	0.00187	0.00941	0.00457	0.00335	0.01024
142	0.01667	0.01431	0.01724	0.01236	0.01926	0.01115	0.02845	0.04470	0.01695	0.02618	0.01403	0.01632	0.01156	0.00591	0.00592	0.00124	0.00607	0.00482	0.00470	0.72215
143	0.02923	0.02010	0.02200	0.01701	0.02295	0.02187	0.01396	0.53782	0.05717	0.12462	0.02071	0.02084	0.01472	0.02960	0.00866	0.00249	0.00818	0.00727	0.00790	0.01291
144	0.01956	0.37376	0.31355	0.01734	0.02588	0.05320	0.01979	0.02481	0.01659	0.05269	0.01311	0.01484	0.01034	0.00714	0.00621	0.00205	0.00980	0.00503	0.00363	0.01070
145	0.01721	0.01411	0.01645	0.01183	0.01866	0.01097	0.00949	0.04776	0.01715	0.04551	0.01448	0.01649	0.01178	0.00601	0.00589	0.00124	0.00589	0.00479	0.00488	0.71941
146	0.02322	0.29146	0.16580	0.01782	0.02446	0.27013	0.01715	0.06629	0.01946	0.02175	0.01236	0.01420	0.01014	0.00745	0.00638	0.00199	0.01103	0.00496	0.00384	0.01012
147	0.26041	0.04890	0.03545	0.01311	0.01839	0.01516	0.01119	0.05676	0.06520	0.29373	0.04489	0.02617	0.01873	0.00971	0.00697	0.00246	0.00662	0.04807	0.00724	0.01084
148	0.01170	0.00811	0.01047	0.00977	0.01180	0.00741	0.00737	0.01522	0.02167	0.05374	0.61218	0.05791	0.11151	0.01588	0.00910	0.00245	0.00378	0.01396	0.00848	0.00747
149	0.03038	0.01952	0.02182	0.01681	0.02290	0.02088	0.01386	0.48623	0.05484	0.19894	0.02190	0.02082	0.01497	0.00942	0.00777	0.00235	0.00799	0.00724	0.00820	0.01316
150	0.15668	0.05320	0.02145	0.04897	0.02320	0.05144	0.01361	0.43799	0.02922	0.04170	0.01662	0.01754	0.01217	0.00868	0.00701	0.00229	0.00825	0.00629	0.03208	0.01162
151	0.01097	0.00793	0.01036	0.00975	0.01158	0.00732	0.00732	0.01463	0.02195	0.03109	0.67505	0.05792	0.07316	0.01585	0.00914	0.00244	0.00366	0.01402	0.00854	0.00732
152	0.01097	0.00793	0.01036	0.00975	0.01158	0.00732	0.00732	0.01463	0.02195	0.03109	0.67505	0.05792	0.07316	0.01585	0.00914	0.00244	0.00366	0.01402	0.00854	0.00732
153	0.01619	0.01388	0.01613	0.01164	0.01844	0.01066	0.00930	0.02030	0.03940	0.02552	0.01442	0.01654	0.01192	0.00591	0.00582	0.00120	0.00576	0.00474	0.00471	0.74750
154	0.00945	0.00675	0.00900	0.01080	0.01125	0.00630	0.00720	0.01080	0.01484	0.01979	0.04274	0.72245	0.05128	0.02429	0.00990	0.00315	0.00450	0.02204	0.00720	0.00630
155	0.01128	0.00752	0.00846	0.00846	0.00846	0.00752	0.00470	0.01128	0.01128	0.01503	0.02443	0.05074	0.02819	0.72751	0.03946	0.00752	0.00752	0.01128	0.00470	0.00470
156	0.01830	0.02092	0.04575	0.03268	0.04052	0.01961	0.65098	0.02484	0.01830	0.02484	0.01569	0.02092	0.01176	0.00654	0.00915	0.00261	0.01307	0.00915	0.00392	0.01046
157	0.02750	0.02024	0.02186	0.01714	0.02278	0.02229	0.01399	0.58985	0.03432	0.04600	0.02100	0.08811	0.01695	0.01079	0.00797	0.00241	0.00813	0.00847	0.00770	0.01251
158	0.02768	0.02032	0.02181	0.01691	0.02251	0.02241	0.01375	0.58990	0.03397	0.04553	0.01919	0.02179	0.01467	0.08022	0.01089	0.00284	0.00843	0.00740	0.00745	0.01235
159	0.01851	0.01710	0.02869	0.07510	0.58318	0.01726	0.02187	0.02304	0.01741	0.02542	0.01560	0.02022	0.01294	0.00716	0.00746	0.00227	0.00871	0.00694	0.07952	0.01161
160	0.01608	0.01378	0.01608	0.01148	0.01837	0.01034	0.00919	0.01952	0.01608	0.02527	0.01378	0.01608	0.01148	0.00574	0.00574	0.00115	0.00574	0.00459	0.00459	0.77491
161	0.01478	0.01378	0.02255	0.64001	0.04994	0.01655	0.02031	0.01978	0.01556	0.02035	0.01378	0.02022	0.01045	0.00755	0.00755	0.00244	0.00988	0.00666	0.00356	0.08427
162	0.01042	0.00773	0.00984	0.01129	0.01213	0.00758	0.00770	0.01380	0.07905	0.02104	0.04163	0.65397	0.04856	0.02293	0.00970	0.00310	0.00466	0.02073	0.00727	0.00689
163	0.04763	0.08726	0.02199	0.01808	0.02214	0.49865	0.01387	0.08146	0.02177	0.02201	0.01546	0.08417	0.01429	0.00958	0.00712	0.00212	0.01190	0.00676	0.00460	0.00914
164	0.01456	0.01047	0.07438	0.00870	0.01145	0.00829	0.00771	0.01871	0.01627	0.02848	0.02417	0.02767	0.01888	0.00887	0.00561	0.00187	0.00439	0.00708	0.69479	0.00764
165	0.00996	0.00744	0.01040	0.07972	0.01541	0.00738	0.00861	0.01169	0.01491	0.01979	0.03988	0.65316	0.04724	0.02266	0.00968	0.00309	0.00507	0.02055	0.00683	0.00653
166	0.01321	0.04458	0.05777	0.01132	0.01447	0.01037	0.00953	0.01882	0.08447	0.05127	0.46859	0.05042	0.10628	0.01442	0.00867	0.00244	0.00476	0.01247	0.00781	0.00834
167	0.02035	0.01802	0.03150	0.06588	0.47630	0.01806	0.10894	0.02497	0.01788	0.08988	0.01611	0.02011	0.01274	0.00742	0.00860	0.00241	0.03733	0.00730	0.00439	0.01183
168	0.01271	0.00928	0.01152	0.01046	0.01276	0.00893	0.00798	0.07752	0.02317	0.03236	0.58151	0.05484	0.09627	0.01539	0.00901	0.00244	0.00415	0.01344	0.00839	0.00786
169	0.01189	0.00913	0.01296	0.01279	0.01447	0.01064	0.00995	0.01655	0.07690	0.01942	0.02183	0.03031	0.01981	0.05345	0.62876	0.01149	0.01932	0.00835	0.00452	0.00745
170	0.01936	0.01873	0.05130	0.14929	0.49304	0.01877	0.02270	0.08534	0.01913	0.02675	0.01483	0.01928	0.01198	0.00730	0.00769	0.00236	0.00940	0.00687	0.00414	0.01176
171	0.02851	0.02036	0.02221	0.01694	0.02320	0.02185	0.01397	0.54958	0.03349	0.08901	0.01894	0.01888	0.01342	0.00897	0.00756	0.00222	0.00813	0.00680	0.00757	0.08840
172	0.01412	0.00733	0.00774	0.00774	0.00951	0.00747	0.00584	0.01765	0.01589	0.02783	0.02485	0.02906	0.01983	0.01388	0.07368	0.00286	0.00531	0.00733	0.69488	0.00720
173	0.01817	0.02052	0.04358	0.03146	0.03853	0.02002	0.58838	0.02423	0.01767	0.02423	0.01514	0.02052	0.01161	0.00723	0.01076	0.00269	0.08221	0.00892	0.00387	0.01026
174	0.01688	0.03980	0.62164	0.02189	0.03261	0.08499	0.02730	0.02519	0.01692	0.02400	0.01372	0.01613	0.00984	0.00743	0.00733	0.00241	0.01171	0.00566	0.00335	0.01122
175	0.00928	0.00786	0.00802	0.00798	0.01055	0.00660	0.00599	0.01136	0.01796	0.02162	0.11841	0.07350	0.63571	0.01938	0.00916	0.00261	0.00391	0.01621	0.00729	0.00660
176	0.01007	0.00758	0.00956	0.01050	0.01185	0.00673	0.00723	0.01170	0.01531	0.02048	0.04429	0.57293	0.12428	0.02189	0.00940	0.00289	0.00455	0.01962	0.00694	0.08222
177	0.13211	0.01595	0.01780	0.01431	0.01948	0.01660	0.01162	0.27936	0.02568	0.24309	0.02396	0.08866	0.01842	0.01054	0.00745	0.00241	0.00694	0.00832	0.04570	0.01157
178	0.01855	0.01907	0.03329	0.03551	0.31467	0.05032	0.24256	0.02464	0.05907	0.02459	0.01655	0.02129	0.01342	0.01212	0.07622	0.00342	0.01174	0.00787	0.00417	0.01095
179	0.01788	0.01227	0.01178	0.01056	0.01324	0.05682	0.00802	0.13495	0.04398	0.03074	0.05173	0.02946	0.02128	0.08031	0.00957	0.00254	0.00568	0.00779	0.44302	0.00837

[dist]
# distance from previous block
# <min> <max>
0	22

# created by:
# /st0/software/busco_prod/Augustus/scripts/msa2prfl.pl ./align_prep/118613.fa
