[name]
unknown

[dist]
# distance from previous block
# <min> <max>
5	16

[block]
# block no. 0 follows, 26 sequences, length 22
# corresponding to MSA columns:
# 17-38
name=unknown_A
#
# <colnr> <probs for GDERKNQSTAVLIFYWHMCP>
#	G	D	E	R	K	N	Q	S	T	A	V	L	I	F	Y	W	H	M	C	P
0	0.05749	0.01422	0.02048	0.06133	0.27690	0.01436	0.01520	0.07583	0.04036	0.10278	0.02903	0.12900	0.10784	0.01154	0.00790	0.00246	0.00710	0.01015	0.00580	0.01023
1	0.01835	0.01759	0.03003	0.10983	0.62613	0.01791	0.02307	0.02291	0.01707	0.02427	0.01419	0.01891	0.01183	0.00684	0.00752	0.00228	0.00912	0.00676	0.00372	0.01168
2	0.01802	0.01726	0.02943	0.15931	0.57923	0.01782	0.02291	0.02262	0.01692	0.02387	0.01413	0.01902	0.01169	0.00690	0.00752	0.00230	0.00920	0.00676	0.00369	0.01141
3	0.01568	0.01485	0.02330	0.04049	0.02356	0.01489	0.15963	0.01977	0.03296	0.02230	0.01567	0.02255	0.01384	0.04544	0.07105	0.00325	0.14334	0.02792	0.00423	0.28529
4	0.01013	0.00835	0.00898	0.00871	0.01121	0.00752	0.00656	0.01391	0.06741	0.02370	0.21751	0.06576	0.48796	0.01766	0.00887	0.00252	0.00394	0.01491	0.00741	0.00700
5	0.01786	0.01549	0.02128	0.07943	0.02476	0.01407	0.10006	0.12676	0.01926	0.02784	0.01554	0.04277	0.01284	0.00714	0.00673	0.00171	0.00742	0.00631	0.00491	0.44781
6	0.02105	0.01188	0.01472	0.01244	0.01621	0.01161	0.00981	0.11364	0.07834	0.23634	0.29057	0.08348	0.04155	0.01282	0.00829	0.00242	0.00539	0.01095	0.00842	0.01008
7	0.01877	0.01802	0.03079	0.04656	0.68612	0.01802	0.02328	0.02328	0.01727	0.02478	0.01427	0.01877	0.01201	0.00676	0.00751	0.00225	0.00901	0.00676	0.00375	0.01201
8	0.02017	0.01600	0.01719	0.01527	0.01969	0.01820	0.01193	0.04002	0.61636	0.08856	0.03079	0.02809	0.02278	0.01021	0.00771	0.00255	0.00604	0.00849	0.00786	0.01208
9	0.02729	0.01994	0.02148	0.01678	0.02243	0.02199	0.01387	0.59758	0.03380	0.04560	0.01963	0.02211	0.01477	0.00969	0.00763	0.00231	0.00805	0.03873	0.04397	0.01232
10	0.01046	0.00715	0.00864	0.00933	0.00956	0.00700	0.00579	0.01108	0.01254	0.01669	0.03086	0.28728	0.03616	0.45444	0.02728	0.00569	0.00631	0.04295	0.00555	0.00525
11	0.02219	0.05425	0.02013	0.01790	0.04571	0.25542	0.01338	0.03546	0.39521	0.02633	0.02277	0.02221	0.01754	0.00914	0.00728	0.00231	0.00885	0.00704	0.00606	0.01080
12	0.02817	0.02408	0.02218	0.01777	0.02329	0.16493	0.01433	0.49451	0.06846	0.04080	0.01757	0.01783	0.01282	0.00890	0.00744	0.00223	0.00933	0.00652	0.00683	0.01199
13	0.01573	0.01348	0.01573	0.01123	0.01798	0.01011	0.00899	0.01910	0.01573	0.02472	0.01348	0.01573	0.01123	0.00562	0.00562	0.00112	0.00562	0.00449	0.00449	0.77980
14	0.01080	0.00757	0.00974	0.00989	0.01042	0.00802	0.00658	0.01190	0.01176	0.01617	0.02421	0.10330	0.02649	0.42544	0.27616	0.00872	0.01177	0.01093	0.00462	0.00552
15	0.02353	0.04311	0.04098	0.03489	0.02165	0.06684	0.01309	0.26592	0.18981	0.08825	0.02376	0.02337	0.04089	0.00938	0.00732	0.00226	0.00757	0.00734	0.05009	0.03997
16	0.01592	0.01117	0.01340	0.01169	0.01529	0.01023	0.00891	0.10673	0.01910	0.08348	0.08116	0.26051	0.08480	0.01591	0.03006	0.00260	0.00584	0.01249	0.00668	0.20405
17	0.08483	0.01846	0.02893	0.10514	0.24181	0.05322	0.17638	0.02556	0.10939	0.02525	0.01615	0.01978	0.01272	0.00763	0.00841	0.00244	0.04177	0.00723	0.00436	0.01052
18	0.01318	0.00659	0.00988	0.00988	0.00988	0.00659	0.00659	0.00988	0.00988	0.01318	0.01318	0.02306	0.01318	0.02635	0.02964	0.77931	0.00659	0.00659	0.00329	0.00329
19	0.05458	0.02008	0.02205	0.06504	0.07646	0.05935	0.01503	0.43607	0.05742	0.06181	0.01875	0.02128	0.01416	0.00920	0.00755	0.00234	0.00850	0.03172	0.00674	0.01186
20	0.01690	0.04073	0.01910	0.05284	0.02140	0.01301	0.05278	0.09294	0.01802	0.02633	0.01653	0.07906	0.01475	0.00781	0.00650	0.00162	0.00664	0.00666	0.00492	0.50144
21	0.00922	0.00667	0.00873	0.01037	0.01095	0.00618	0.00696	0.01058	0.01470	0.01944	0.04411	0.68543	0.09173	0.02346	0.00963	0.00305	0.00436	0.02120	0.00704	0.00618

[dist]
# distance from previous block
# <min> <max>
0	1

[block]
# block no. 1 follows, 26 sequences, length 39
# corresponding to MSA columns:
# 40-78
name=unknown_B
#
# <colnr> <probs for GDERKNQSTAVLIFYWHMCP>
#	G	D	E	R	K	N	Q	S	T	A	V	L	I	F	Y	W	H	M	C	P
0	0.11867	0.05200	0.13391	0.07345	0.02527	0.04527	0.08528	0.02126	0.01579	0.02455	0.01427	0.04506	0.01196	0.00720	0.00648	0.00191	0.00817	0.00600	0.00416	0.29934
1	0.08895	0.01789	0.03207	0.16595	0.15070	0.01826	0.28784	0.06919	0.01800	0.02604	0.01448	0.01901	0.01111	0.00692	0.00780	0.00240	0.01034	0.00735	0.00411	0.04160
2	0.16996	0.09762	0.27546	0.02081	0.08644	0.04080	0.07069	0.07668	0.01766	0.05722	0.01396	0.01606	0.01041	0.00727	0.00669	0.00229	0.00941	0.00570	0.00426	0.01061
3	0.01969	0.44698	0.09048	0.01727	0.02319	0.07751	0.08714	0.02295	0.01567	0.01919	0.01134	0.01414	0.00996	0.00758	0.00845	0.00205	0.10824	0.00515	0.00337	0.00964
4	0.01695	0.01325	0.01720	0.02082	0.15387	0.06791	0.01430	0.02047	0.01839	0.08874	0.06684	0.05851	0.03348	0.01553	0.00921	0.00294	0.00771	0.35875	0.00638	0.00875
5	0.01752	0.06572	0.07990	0.05802	0.02364	0.02094	0.05974	0.02047	0.01357	0.06469	0.01283	0.01814	0.01117	0.01393	0.06004	0.00351	0.43670	0.00670	0.00380	0.00899
6	0.01094	0.00731	0.00830	0.00839	0.00841	0.00729	0.00472	0.01101	0.01121	0.01495	0.02482	0.08465	0.02874	0.69682	0.03711	0.00713	0.00720	0.01157	0.00472	0.00468
7	0.00913	0.00769	0.00791	0.00786	0.01035	0.00647	0.00589	0.01120	0.01767	0.02141	0.13263	0.07149	0.62667	0.01887	0.00896	0.00255	0.00382	0.01580	0.00716	0.00647
8	0.00924	0.00660	0.00880	0.01056	0.01100	0.00616	0.00704	0.01056	0.01452	0.01936	0.04181	0.72848	0.05017	0.02376	0.00968	0.00308	0.00440	0.02156	0.00704	0.00616
9	0.05500	0.11315	0.07412	0.05592	0.19430	0.17121	0.14665	0.02567	0.05078	0.02294	0.01405	0.01723	0.01129	0.00714	0.00719	0.00221	0.01059	0.00634	0.00393	0.01029
10	0.01704	0.01410	0.01517	0.01386	0.01748	0.01595	0.01069	0.03400	0.51203	0.03081	0.12018	0.06061	0.03064	0.01145	0.00780	0.00251	0.00544	0.00971	0.05975	0.01077
11	0.00980	0.00713	0.00929	0.01067	0.01141	0.00680	0.00726	0.01221	0.04325	0.02101	0.10597	0.63085	0.05118	0.02236	0.00952	0.00299	0.00439	0.02022	0.00720	0.00651
12	0.01834	0.01752	0.02902	0.06259	0.47624	0.01793	0.07960	0.02573	0.12232	0.02560	0.01782	0.02262	0.01469	0.00777	0.00777	0.00238	0.00885	0.02716	0.00449	0.01156
13	0.05222	0.35219	0.29702	0.01632	0.02441	0.02305	0.01853	0.06036	0.01682	0.02291	0.01520	0.01679	0.04002	0.00752	0.00614	0.00205	0.00907	0.00538	0.00372	0.01029
14	0.01829	0.01766	0.02788	0.09688	0.53760	0.03950	0.02128	0.02379	0.06158	0.02442	0.01802	0.02178	0.04227	0.00765	0.00757	0.00230	0.00882	0.00723	0.00414	0.01137
15	0.00972	0.00711	0.00889	0.01011	0.01101	0.00662	0.00704	0.01121	0.01488	0.01933	0.04566	0.46103	0.15962	0.11090	0.01323	0.00356	0.00493	0.08232	0.00673	0.00609
16	0.06136	0.07606	0.06469	0.01652	0.07996	0.01701	0.01287	0.21941	0.06664	0.03194	0.09836	0.03404	0.16728	0.01141	0.00762	0.00233	0.00680	0.00922	0.00639	0.01010
17	0.02636	0.01973	0.10809	0.01896	0.08373	0.01732	0.01550	0.24526	0.07883	0.24745	0.04529	0.02260	0.01718	0.00905	0.00760	0.00234	0.00781	0.00730	0.00728	0.01233
18	0.01339	0.01085	0.01235	0.01221	0.01473	0.01149	0.00924	0.02311	0.27262	0.02602	0.12374	0.22507	0.13067	0.01659	0.00879	0.00276	0.00506	0.06519	0.00747	0.00867
19	0.74425	0.01603	0.04899	0.01062	0.01567	0.01705	0.00931	0.02239	0.01308	0.03348	0.01073	0.01253	0.00829	0.00705	0.00483	0.00235	0.00616	0.00419	0.00461	0.00838
20	0.00923	0.00664	0.00876	0.01046	0.01098	0.00617	0.00700	0.01057	0.01462	0.01940	0.04301	0.70593	0.07194	0.02361	0.00966	0.00306	0.00438	0.02137	0.00704	0.00617
21	0.01572	0.02238	0.22478	0.09918	0.10311	0.01633	0.18428	0.02116	0.01612	0.02263	0.03739	0.02498	0.01524	0.01013	0.01067	0.06649	0.04213	0.05386	0.00390	0.00952
22	0.01836	0.01760	0.03005	0.10819	0.62768	0.01791	0.02307	0.02292	0.01708	0.02428	0.01420	0.01891	0.01184	0.00683	0.00752	0.00228	0.00911	0.00676	0.00372	0.01168
23	0.01770	0.02004	0.08889	0.16258	0.37907	0.07339	0.04992	0.02241	0.01714	0.02289	0.01814	0.02211	0.05665	0.00787	0.00760	0.00233	0.00962	0.00722	0.00387	0.01055
24	0.01543	0.03211	0.49243	0.08827	0.03322	0.01734	0.06783	0.02287	0.01579	0.02333	0.01350	0.01673	0.00994	0.00739	0.00821	0.00237	0.04999	0.00591	0.00337	0.07395
25	0.01258	0.03663	0.07569	0.06924	0.01765	0.00999	0.01090	0.01664	0.01966	0.04441	0.44112	0.04878	0.07201	0.01380	0.00850	0.00241	0.00536	0.05488	0.00706	0.03269
26	0.02058	0.01798	0.02776	0.12236	0.48341	0.04827	0.02105	0.05727	0.01856	0.08648	0.01570	0.01934	0.01235	0.00727	0.00750	0.00228	0.00908	0.00676	0.00443	0.01156
27	0.08361	0.01143	0.04126	0.16505	0.02215	0.01115	0.01157	0.01760	0.03934	0.02760	0.37653	0.04180	0.04498	0.01237	0.00809	0.00242	0.00582	0.03585	0.00650	0.03488
28	0.01480	0.01237	0.01586	0.01904	0.17481	0.03949	0.01071	0.04469	0.01455	0.01976	0.02048	0.06500	0.02179	0.39604	0.02457	0.00496	0.02843	0.00944	0.00456	0.05863
29	0.06682	0.07291	0.02202	0.48486	0.04036	0.01753	0.01774	0.01897	0.01493	0.02025	0.01858	0.02358	0.07197	0.00902	0.00878	0.00251	0.06990	0.00719	0.00378	0.00832
30	0.01559	0.05234	0.05211	0.14140	0.06332	0.01435	0.09419	0.03314	0.04504	0.02285	0.01842	0.06982	0.02788	0.06789	0.00971	0.00246	0.00798	0.00774	0.00448	0.24929
31	0.01395	0.00917	0.01466	0.16950	0.08160	0.00992	0.01133	0.01322	0.01173	0.01562	0.01334	0.02203	0.01239	0.02039	0.02272	0.53562	0.00759	0.00664	0.00335	0.00523
32	0.18675	0.01418	0.01853	0.26664	0.09181	0.01624	0.01470	0.11500	0.01710	0.02641	0.01448	0.02082	0.01207	0.07141	0.01163	0.07444	0.00825	0.00653	0.00443	0.00859
33	0.05166	0.01876	0.02508	0.21082	0.28272	0.07316	0.01923	0.15655	0.03968	0.02826	0.01501	0.01864	0.01169	0.00766	0.00738	0.00232	0.00932	0.00656	0.00462	0.01085
34	0.01715	0.01637	0.02786	0.28975	0.45557	0.01760	0.02247	0.02186	0.01651	0.02282	0.01398	0.01930	0.01132	0.00706	0.00754	0.00235	0.00941	0.00675	0.00361	0.01071
35	0.01812	0.01809	0.05659	0.22268	0.43458	0.03558	0.03805	0.02289	0.01692	0.04337	0.01446	0.01917	0.01154	0.00710	0.00754	0.00234	0.00954	0.00674	0.00381	0.01092
36	0.07973	0.08111	0.10604	0.15989	0.28519	0.05856	0.01986	0.02405	0.01684	0.07829	0.01457	0.01793	0.01130	0.00725	0.00701	0.00227	0.00922	0.00614	0.00412	0.01063
37	0.07252	0.01906	0.05553	0.02831	0.26998	0.06209	0.08586	0.08552	0.01915	0.08674	0.01685	0.04974	0.01374	0.00792	0.00732	0.00220	0.00874	0.00713	0.00492	0.09670
38	0.05303	0.01805	0.04726	0.10027	0.39745	0.03687	0.01956	0.08698	0.01901	0.07942	0.01652	0.04366	0.01347	0.00790	0.00741	0.00229	0.00867	0.00709	0.00471	0.03038

[dist]
# distance from previous block
# <min> <max>
9	24

[block]
# block no. 2 follows, 26 sequences, length 15
# corresponding to MSA columns:
# 103-117
name=unknown_C
#
# <colnr> <probs for GDERKNQSTAVLIFYWHMCP>
#	G	D	E	R	K	N	Q	S	T	A	V	L	I	F	Y	W	H	M	C	P
0	0.03854	0.01891	0.10266	0.01884	0.06972	0.04515	0.10727	0.09494	0.05068	0.04923	0.08452	0.02274	0.01871	0.00811	0.00716	0.00205	0.00793	0.00712	0.05970	0.18601
1	0.07692	0.29751	0.07907	0.01921	0.06767	0.09234	0.10491	0.02644	0.07905	0.06789	0.01505	0.01667	0.01190	0.00728	0.00643	0.00208	0.00914	0.00579	0.00437	0.01028
2	0.02066	0.01671	0.06768	0.01683	0.08123	0.01472	0.01289	0.12853	0.12005	0.11840	0.02039	0.02239	0.01569	0.05165	0.00879	0.00230	0.00695	0.00673	0.04518	0.22223
3	0.02205	0.01718	0.02033	0.10182	0.06507	0.01675	0.01403	0.11561	0.13711	0.05929	0.09032	0.03486	0.08860	0.01268	0.00927	0.00297	0.00800	0.00954	0.00760	0.16692
4	0.08177	0.02245	0.20220	0.18768	0.20864	0.01773	0.09261	0.02342	0.04735	0.02440	0.01451	0.01848	0.01110	0.00722	0.00738	0.00241	0.00985	0.00656	0.00380	0.01046
5	0.04259	0.02417	0.02416	0.03914	0.02530	0.30487	0.14928	0.02435	0.01828	0.02150	0.01500	0.06830	0.01337	0.00844	0.00792	0.00208	0.03854	0.00699	0.00422	0.16153
6	0.68140	0.01403	0.01133	0.01003	0.01461	0.01593	0.00822	0.02302	0.01373	0.08009	0.01289	0.01436	0.00972	0.00733	0.00494	0.00231	0.00575	0.00456	0.05730	0.00847
7	0.01318	0.00659	0.00988	0.00988	0.00988	0.00659	0.00659	0.00988	0.00988	0.01318	0.01318	0.02306	0.01318	0.02635	0.02964	0.77931	0.00659	0.00659	0.00329	0.00329
8	0.01983	0.01773	0.05213	0.01597	0.02072	0.01884	0.01323	0.13861	0.48925	0.03331	0.02859	0.03008	0.02225	0.01069	0.00787	0.00258	0.00672	0.05241	0.00742	0.01176
9	0.02265	0.53161	0.03438	0.01491	0.02064	0.22790	0.01347	0.02494	0.01720	0.01806	0.01089	0.01261	0.00974	0.00688	0.00545	0.00172	0.00975	0.00430	0.00344	0.00946
10	0.01315	0.01252	0.07748	0.01402	0.06426	0.00971	0.01081	0.01759	0.03979	0.04624	0.38114	0.11012	0.04844	0.01330	0.00825	0.00229	0.00520	0.01171	0.00691	0.10707
11	0.07105	0.04335	0.01850	0.06487	0.02141	0.01309	0.01179	0.06309	0.02115	0.52152	0.05271	0.02500	0.01906	0.00924	0.00740	0.00233	0.00673	0.00743	0.00831	0.01196
12	0.06242	0.01115	0.01423	0.01198	0.01587	0.01033	0.00939	0.05790	0.02038	0.35531	0.17105	0.12748	0.03409	0.05120	0.00969	0.00272	0.00567	0.01079	0.00826	0.01007
13	0.01432	0.01348	0.02275	0.71520	0.05224	0.01685	0.02107	0.01938	0.01517	0.01938	0.01348	0.02022	0.01011	0.00758	0.00758	0.00253	0.01011	0.00674	0.00337	0.00843
14	0.01662	0.01550	0.02590	0.47084	0.19339	0.01775	0.05950	0.06769	0.01732	0.02299	0.01412	0.01976	0.01083	0.00744	0.00765	0.00245	0.00989	0.00688	0.00380	0.00968

[dist]
# distance from previous block
# <min> <max>
0	10

[block]
# block no. 3 follows, 26 sequences, length 76
# corresponding to MSA columns:
# 128-203
name=unknown_D
#
# <colnr> <probs for GDERKNQSTAVLIFYWHMCP>
#	G	D	E	R	K	N	Q	S	T	A	V	L	I	F	Y	W	H	M	C	P
0	0.01926	0.02293	0.10124	0.03217	0.06414	0.01970	0.56201	0.02515	0.01862	0.02567	0.01675	0.02218	0.01293	0.00761	0.00939	0.00283	0.01288	0.00902	0.00435	0.01117
1	0.00924	0.00660	0.00880	0.01056	0.01100	0.00616	0.00704	0.01056	0.01452	0.01936	0.04181	0.72848	0.05017	0.02376	0.00968	0.00308	0.00440	0.02156	0.00704	0.00616
2	0.03403	0.01291	0.01760	0.01350	0.01936	0.01115	0.01115	0.03697	0.02171	0.69137	0.02992	0.02582	0.01878	0.00939	0.00763	0.00235	0.00645	0.00763	0.00939	0.01291
3	0.00899	0.00759	0.00778	0.00794	0.01031	0.00638	0.00588	0.01086	0.01704	0.02039	0.07372	0.13131	0.62673	0.01961	0.00903	0.00261	0.00389	0.01650	0.00704	0.00638
4	0.78701	0.01467	0.01115	0.00997	0.01467	0.01702	0.00821	0.02230	0.01291	0.03403	0.01056	0.01232	0.00821	0.00704	0.00469	0.00235	0.00587	0.00411	0.00469	0.00821
5	0.00902	0.00769	0.00777	0.00775	0.01028	0.00643	0.00581	0.01100	0.01743	0.02082	0.09710	0.07245	0.66257	0.01909	0.00896	0.00256	0.00383	0.01593	0.00709	0.00643
6	0.02833	0.03615	0.02149	0.01954	0.02345	0.70298	0.01466	0.03029	0.02149	0.01856	0.01172	0.01368	0.00977	0.00782	0.00684	0.00195	0.01368	0.00489	0.00391	0.00879
7	0.01521	0.03923	0.69413	0.02162	0.03283	0.01762	0.02802	0.02402	0.01601	0.02402	0.01361	0.01601	0.00961	0.00721	0.00721	0.00240	0.01121	0.00560	0.00320	0.01121
8	0.01074	0.00775	0.01014	0.00954	0.01133	0.00716	0.00716	0.01431	0.02147	0.03042	0.68211	0.05666	0.07157	0.01551	0.00895	0.00239	0.00358	0.01372	0.00835	0.00716
9	0.01887	0.01629	0.01715	0.01544	0.01972	0.01887	0.01201	0.04031	0.67241	0.03173	0.03087	0.02830	0.02315	0.01029	0.00772	0.00257	0.00600	0.00858	0.00772	0.01201
10	0.01794	0.01717	0.02928	0.17185	0.56733	0.01780	0.02286	0.02255	0.01688	0.02377	0.01412	0.01904	0.01166	0.00691	0.00752	0.00230	0.00922	0.00676	0.00368	0.01134
11	0.32546	0.01359	0.01510	0.01213	0.01755	0.01342	0.01001	0.03129	0.01830	0.43695	0.02243	0.02059	0.01469	0.00848	0.00649	0.00235	0.00623	0.00627	0.00757	0.01109
12	0.00930	0.00665	0.00886	0.01052	0.01102	0.00620	0.00705	0.01072	0.01481	0.01982	0.06853	0.70045	0.05106	0.02342	0.00965	0.00305	0.00437	0.02124	0.00710	0.00620
13	0.01521	0.03923	0.69413	0.02162	0.03283	0.01762	0.02802	0.02402	0.01601	0.02402	0.01361	0.01601	0.00961	0.00721	0.00721	0.00240	0.01121	0.00560	0.00320	0.01121
14	0.01507	0.01424	0.02410	0.60278	0.15881	0.01705	0.02144	0.02004	0.01552	0.02029	0.01361	0.01998	0.01043	0.00744	0.00757	0.00248	0.00993	0.00674	0.00344	0.00903
15	0.02756	0.10348	0.02325	0.01891	0.02307	0.63842	0.01449	0.02956	0.02091	0.01849	0.01161	0.01353	0.00977	0.00769	0.00665	0.00192	0.01314	0.00481	0.00384	0.00888
16	0.01630	0.06774	0.45973	0.02442	0.03429	0.01871	0.22365	0.02404	0.01657	0.02380	0.01400	0.01721	0.01021	0.00692	0.00763	0.00241	0.01155	0.00657	0.00340	0.01083
17	0.00923	0.00665	0.00875	0.01043	0.01097	0.00617	0.00698	0.01058	0.01464	0.01941	0.04336	0.69942	0.07823	0.02356	0.00965	0.00306	0.00438	0.02132	0.00704	0.00617
18	0.05299	0.01687	0.04654	0.17364	0.13953	0.01741	0.09453	0.15818	0.02044	0.05850	0.01685	0.02032	0.01271	0.00800	0.00778	0.00233	0.02856	0.00696	0.10758	0.01029
19	0.00924	0.00660	0.00880	0.01056	0.01100	0.00616	0.00704	0.01056	0.01452	0.01936	0.04181	0.72848	0.05017	0.02376	0.00968	0.00308	0.00440	0.02156	0.00704	0.00616
20	0.01148	0.00767	0.01016	0.01027	0.01182	0.00710	0.00754	0.01427	0.01900	0.05992	0.40837	0.27990	0.06057	0.01818	0.00919	0.00266	0.00414	0.04273	0.00791	0.00711
21	0.00924	0.00660	0.00880	0.01056	0.01100	0.00616	0.00704	0.01056	0.01452	0.01936	0.04181	0.72848	0.05017	0.02376	0.00968	0.00308	0.00440	0.02156	0.00704	0.00616
22	0.01074	0.00775	0.01014	0.00954	0.01133	0.00716	0.00716	0.01431	0.02147	0.03042	0.68211	0.05666	0.07157	0.01551	0.00895	0.00239	0.00358	0.01372	0.00835	0.00716
23	0.01414	0.00707	0.00707	0.00707	0.00884	0.00707	0.00530	0.01767	0.01591	0.02828	0.02474	0.02828	0.01944	0.00884	0.00530	0.00177	0.00353	0.00707	0.77554	0.00707
24	0.05712	0.05111	0.02856	0.05847	0.49945	0.09650	0.02064	0.05447	0.01828	0.02516	0.01381	0.01761	0.01147	0.00702	0.00719	0.00221	0.00935	0.00630	0.00397	0.01131
25	0.02850	0.02108	0.02257	0.01738	0.02339	0.02337	0.01434	0.63995	0.05708	0.04726	0.01864	0.01855	0.01324	0.00915	0.00759	0.00229	0.00827	0.00689	0.00759	0.01287
26	0.01357	0.00841	0.01088	0.00988	0.01227	0.00760	0.00754	0.01691	0.02113	0.11431	0.54461	0.05416	0.11920	0.01505	0.00878	0.00240	0.00397	0.01314	0.00837	0.00783
27	0.01740	0.01656	0.02783	0.25254	0.46688	0.01769	0.02220	0.02266	0.03918	0.02335	0.01460	0.01955	0.01181	0.00714	0.00754	0.00235	0.00925	0.00682	0.00377	0.01090
28	0.01573	0.01348	0.01573	0.01123	0.01798	0.01011	0.00899	0.01910	0.01573	0.02472	0.01348	0.01573	0.01123	0.00562	0.00562	0.00112	0.00562	0.00449	0.00449	0.77980
29	0.02306	0.01845	0.02733	0.04678	0.19072	0.08851	0.16060	0.02718	0.01876	0.19804	0.01821	0.02010	0.01327	0.00735	0.00755	0.00218	0.00929	0.00699	0.00535	0.11029
30	0.01631	0.01621	0.02267	0.01955	0.01957	0.02257	0.01622	0.01796	0.01173	0.01830	0.01119	0.04417	0.01151	0.01368	0.02430	0.00331	0.69185	0.00722	0.00346	0.00821
31	0.01215	0.00868	0.01212	0.01374	0.01549	0.00865	0.01197	0.01564	0.01766	0.02309	0.07271	0.08409	0.04507	0.02068	0.01040	0.00344	0.00681	0.60356	0.00705	0.00699
32	0.01838	0.01556	0.01660	0.01505	0.01916	0.01774	0.01184	0.06756	0.56064	0.03130	0.03315	0.03424	0.05584	0.01146	0.00798	0.00263	0.00609	0.05576	0.00762	0.01140
33	0.06195	0.09730	0.08274	0.01795	0.02302	0.30409	0.04097	0.10698	0.04904	0.05423	0.01471	0.01641	0.01150	0.00823	0.00780	0.00216	0.05101	0.00570	0.03435	0.00987
34	0.01659	0.01659	0.02323	0.01991	0.01991	0.02323	0.01659	0.01825	0.01162	0.01825	0.00996	0.01659	0.00996	0.01328	0.02489	0.00332	0.71955	0.00664	0.00332	0.00830
35	0.00924	0.00660	0.00880	0.01056	0.01100	0.00616	0.00704	0.01056	0.01452	0.01936	0.04181	0.72848	0.05017	0.02376	0.00968	0.00308	0.00440	0.02156	0.00704	0.00616
36	0.00907	0.00764	0.00786	0.00791	0.01033	0.00643	0.00589	0.01105	0.01738	0.02094	0.10598	0.10107	0.62414	0.01922	0.00900	0.00258	0.00385	0.01614	0.00711	0.00643
37	0.02501	0.01553	0.04532	0.01371	0.01999	0.01327	0.01158	0.11005	0.07478	0.29686	0.02215	0.02116	0.01540	0.00803	0.00692	0.00194	0.00656	0.00644	0.00707	0.27824
38	0.00924	0.00660	0.00880	0.01056	0.01100	0.00616	0.00704	0.01056	0.01452	0.01936	0.04181	0.72848	0.05017	0.02376	0.00968	0.00308	0.00440	0.02156	0.00704	0.00616
39	0.02694	0.01942	0.02074	0.01611	0.02163	0.02140	0.01324	0.57782	0.03311	0.04528	0.01905	0.01951	0.01374	0.00907	0.00729	0.00221	0.00773	0.00686	0.10670	0.01215
40	0.02518	0.01554	0.05186	0.11901	0.13369	0.01417	0.07016	0.02994	0.04424	0.35439	0.04722	0.02425	0.01757	0.00862	0.00775	0.00239	0.00800	0.00765	0.00679	0.01159
41	0.02106	0.01738	0.01839	0.01588	0.02056	0.01989	0.01254	0.17695	0.53220	0.03527	0.02808	0.02608	0.02090	0.01003	0.00769	0.00251	0.00652	0.00819	0.00769	0.01220
42	0.01448	0.01378	0.02370	0.68583	0.05170	0.01695	0.04847	0.01959	0.01528	0.01959	0.01356	0.02023	0.01017	0.00753	0.00764	0.00253	0.01023	0.00684	0.00339	0.00850
43	0.42487	0.04214	0.01530	0.01189	0.01695	0.01621	0.00980	0.10023	0.01807	0.22047	0.01748	0.01834	0.01260	0.03743	0.00725	0.00251	0.00647	0.00570	0.00630	0.01000
44	0.01159	0.00794	0.01041	0.00969	0.01163	0.00730	0.00730	0.01515	0.02148	0.05478	0.65808	0.05552	0.06962	0.01528	0.00890	0.00238	0.00368	0.01349	0.00839	0.00737
45	0.01728	0.01343	0.01589	0.01143	0.01809	0.01020	0.00917	0.02061	0.01624	0.08120	0.01487	0.01658	0.01187	0.00594	0.00579	0.00123	0.00569	0.00476	0.00491	0.71483
46	0.03352	0.01302	0.01759	0.01356	0.01938	0.01141	0.01118	0.03708	0.04384	0.66894	0.02996	0.02590	0.01892	0.00942	0.00763	0.00235	0.00644	0.00766	0.00933	0.01288
47	0.01414	0.00707	0.00707	0.00707	0.00884	0.00707	0.00530	0.01767	0.01591	0.02828	0.02474	0.02828	0.01944	0.00884	0.00530	0.00177	0.00353	0.00707	0.77554	0.00707
48	0.01790	0.02046	0.04476	0.03197	0.03964	0.01918	0.65857	0.02430	0.01790	0.02430	0.01535	0.02046	0.01151	0.00639	0.00895	0.00256	0.01279	0.00895	0.00384	0.01023
49	0.01068	0.00771	0.01009	0.00958	0.01132	0.00712	0.00715	0.01418	0.02123	0.03003	0.65954	0.08034	0.07081	0.01580	0.00897	0.00241	0.00361	0.01399	0.00830	0.00712
50	0.01573	0.01348	0.01573	0.01123	0.01798	0.01011	0.00899	0.01910	0.01573	0.02472	0.01348	0.01573	0.01123	0.00562	0.00562	0.00112	0.00562	0.00449	0.00449	0.77980
51	0.14907	0.01399	0.02074	0.56587	0.04461	0.01714	0.01858	0.04458	0.01556	0.02302	0.01316	0.01877	0.00989	0.00755	0.00708	0.00249	0.00931	0.00629	0.00376	0.00856
52	0.00924	0.00660	0.00880	0.01056	0.01100	0.00616	0.00704	0.01056	0.01452	0.01936	0.04181	0.72848	0.05017	0.02376	0.00968	0.00308	0.00440	0.02156	0.00704	0.00616
53	0.02883	0.02125	0.02276	0.01745	0.02352	0.02352	0.01442	0.66082	0.03566	0.04780	0.01821	0.01821	0.01290	0.00911	0.00759	0.00228	0.00835	0.00683	0.00759	0.01290
54	0.04467	0.05641	0.37816	0.02160	0.03044	0.01755	0.16055	0.05290	0.01796	0.08647	0.04935	0.01976	0.01410	0.00770	0.00755	0.00239	0.01030	0.00687	0.00441	0.01086
55	0.06387	0.02260	0.02130	0.01716	0.02261	0.12712	0.01385	0.45501	0.11265	0.04062	0.01844	0.01850	0.01349	0.00896	0.00735	0.00227	0.00875	0.00662	0.00690	0.01193
56	0.01017	0.00736	0.00965	0.01021	0.01148	0.00684	0.00743	0.01275	0.01818	0.02494	0.34883	0.33111	0.08739	0.01941	0.00936	0.00276	0.00418	0.06360	0.00766	0.00671
57	0.03047	0.01704	0.02040	0.05102	0.02308	0.01753	0.01326	0.34308	0.02824	0.34060	0.02333	0.02179	0.01544	0.00916	0.00761	0.00232	0.00757	0.00719	0.00820	0.01268
58	0.34001	0.02343	0.25005	0.01578	0.02291	0.01693	0.04452	0.05235	0.04317	0.08126	0.03477	0.01725	0.01239	0.00773	0.00636	0.00238	0.00811	0.00570	0.00486	0.01003
59	0.01446	0.01103	0.01368	0.01185	0.01532	0.01001	0.00901	0.04418	0.01666	0.05581	0.08365	0.27659	0.03094	0.01391	0.00895	0.00221	0.05682	0.01186	0.00604	0.30704
60	0.00936	0.00669	0.00894	0.01070	0.01119	0.00627	0.00725	0.01077	0.01464	0.01950	0.04174	0.70236	0.04990	0.02365	0.00971	0.00310	0.00451	0.04649	0.00704	0.00619
61	0.78701	0.01467	0.01115	0.00997	0.01467	0.01702	0.00821	0.02230	0.01291	0.03403	0.01056	0.01232	0.00821	0.00704	0.00469	0.00235	0.00587	0.00411	0.00469	0.00821
62	0.00937	0.00670	0.00892	0.01047	0.01103	0.00625	0.00705	0.01089	0.01512	0.02032	0.09716	0.67040	0.05202	0.02305	0.00962	0.00302	0.00433	0.02088	0.00715	0.00625
63	0.01979	0.01808	0.02898	0.09989	0.53947	0.01869	0.02185	0.11171	0.01965	0.02752	0.01475	0.01882	0.01197	0.00716	0.00753	0.00228	0.00901	0.00677	0.00426	0.01183
64	0.02403	0.01697	0.01830	0.01461	0.01915	0.01881	0.01192	0.44542	0.02883	0.04077	0.01967	0.02101	0.01462	0.00923	0.00779	0.00218	0.04194	0.00689	0.22686	0.01101
65	0.01066	0.00775	0.01003	0.00946	0.01128	0.00712	0.00710	0.01416	0.02129	0.02999	0.65582	0.05737	0.09813	0.01567	0.00895	0.00239	0.00359	0.01382	0.00829	0.00712
66	0.00924	0.00660	0.00880	0.01056	0.01100	0.00616	0.00704	0.01056	0.01452	0.01936	0.04181	0.72848	0.05017	0.02376	0.00968	0.00308	0.00440	0.02156	0.00704	0.00616
67	0.03383	0.01323	0.01780	0.01365	0.01952	0.01163	0.01127	0.06113	0.02225	0.66644	0.02947	0.02552	0.01855	0.00938	0.00763	0.00234	0.00653	0.00760	0.00932	0.01291
68	0.00923	0.00665	0.00875	0.01043	0.01097	0.00617	0.00698	0.01058	0.01464	0.01941	0.04336	0.69942	0.07823	0.02356	0.00965	0.00306	0.00438	0.02132	0.00704	0.00617
69	0.78701	0.01467	0.01115	0.00997	0.01467	0.01702	0.00821	0.02230	0.01291	0.03403	0.01056	0.01232	0.00821	0.00704	0.00469	0.00235	0.00587	0.00411	0.00469	0.00821
70	0.01083	0.00740	0.00831	0.00828	0.00860	0.00726	0.00483	0.01118	0.01212	0.01601	0.06113	0.05213	0.09007	0.63239	0.03442	0.00667	0.00684	0.01162	0.00501	0.00489
71	0.01546	0.01464	0.02480	0.54492	0.21367	0.01715	0.02163	0.02037	0.01570	0.02076	0.01368	0.01985	0.01060	0.00737	0.00756	0.00246	0.00983	0.00675	0.00347	0.00934
72	0.01539	0.01528	0.02785	0.47014	0.04535	0.01762	0.18065	0.02048	0.01561	0.02080	0.01403	0.02026	0.01073	0.00775	0.00915	0.00257	0.06342	0.00730	0.02681	0.00883
73	0.17718	0.07813	0.04408	0.04593	0.01827	0.04883	0.03832	0.09404	0.01811	0.06313	0.01807	0.02038	0.01384	0.00804	0.00594	0.00207	0.00663	0.00610	0.28397	0.00895
74	0.05232	0.08245	0.02015	0.01433	0.01974	0.04612	0.01181	0.25260	0.05579	0.18375	0.02258	0.04818	0.03423	0.00936	0.00706	0.00214	0.00719	0.00727	0.03851	0.08445
75	0.02002	0.05365	0.19370	0.04629	0.02440	0.01804	0.01631	0.25324	0.05482	0.03290	0.04891	0.02241	0.04709	0.00886	0.00719	0.00217	0.00811	0.00696	0.03724	0.09768

[dist]
# distance from previous block
# <min> <max>
0	9

[block]
# block no. 4 follows, 26 sequences, length 25
# corresponding to MSA columns:
# 213-237
name=unknown_E
#
# <colnr> <probs for GDERKNQSTAVLIFYWHMCP>
#	G	D	E	R	K	N	Q	S	T	A	V	L	I	F	Y	W	H	M	C	P
0	0.01846	0.05572	0.04738	0.01258	0.01642	0.01169	0.01068	0.02424	0.10560	0.19317	0.23132	0.07248	0.06758	0.01350	0.00834	0.00252	0.00571	0.08540	0.00770	0.00949
1	0.01103	0.00735	0.00827	0.00827	0.00827	0.00735	0.00460	0.01103	0.01103	0.01471	0.02390	0.04964	0.02758	0.73343	0.03861	0.00735	0.00735	0.01103	0.00460	0.00460
2	0.06916	0.01922	0.10395	0.06170	0.04184	0.01785	0.01481	0.18270	0.20504	0.13693	0.02239	0.02311	0.01643	0.04035	0.00875	0.00263	0.00769	0.00730	0.00667	0.01148
3	0.02239	0.55253	0.03571	0.01473	0.02088	0.11628	0.04192	0.02498	0.01685	0.07510	0.01255	0.01389	0.01058	0.00690	0.00554	0.00177	0.00891	0.00469	0.00388	0.00990
4	0.01956	0.01532	0.05684	0.01425	0.01870	0.01501	0.01182	0.03332	0.38445	0.14479	0.16560	0.03305	0.03168	0.01104	0.00793	0.00248	0.00589	0.00931	0.00786	0.01110
5	0.01040	0.00774	0.00967	0.00919	0.01112	0.00701	0.00689	0.01366	0.02067	0.02851	0.56580	0.05980	0.18907	0.01622	0.00895	0.00242	0.00363	0.01416	0.00810	0.00701
6	0.12238	0.21965	0.20199	0.15934	0.02907	0.02000	0.01774	0.02405	0.01595	0.10391	0.01432	0.01652	0.01067	0.00733	0.00635	0.00220	0.00884	0.00546	0.00420	0.01004
7	0.03111	0.01445	0.05265	0.01484	0.02091	0.01178	0.05081	0.03458	0.02119	0.58927	0.05650	0.02634	0.02017	0.00936	0.00774	0.00236	0.00695	0.00787	0.00870	0.01241
8	0.00898	0.00763	0.00774	0.00784	0.01029	0.00639	0.00583	0.01087	0.01714	0.02043	0.07495	0.10835	0.64891	0.01946	0.00900	0.00259	0.00387	0.01631	0.00704	0.00639
9	0.02022	0.01354	0.01849	0.04911	0.16422	0.01367	0.01331	0.02803	0.17797	0.19214	0.12047	0.05626	0.07724	0.01104	0.00798	0.00244	0.00639	0.00959	0.00710	0.01079
10	0.01863	0.01462	0.01710	0.01256	0.01888	0.01252	0.01016	0.10633	0.01860	0.06770	0.01496	0.01671	0.01186	0.00663	0.00680	0.00144	0.03556	0.00508	0.00516	0.59870
11	0.01554	0.01452	0.02440	0.43774	0.25551	0.01649	0.02085	0.02029	0.01620	0.02171	0.03984	0.02422	0.01461	0.00825	0.00775	0.00248	0.00936	0.03694	0.00385	0.00948
12	0.01080	0.00779	0.01022	0.00972	0.01151	0.00722	0.00737	0.01437	0.02131	0.03010	0.65573	0.05785	0.07042	0.01573	0.00901	0.00243	0.00372	0.03925	0.00829	0.00715
13	0.01573	0.01348	0.01573	0.01123	0.01798	0.01011	0.00899	0.01910	0.01573	0.02472	0.01348	0.01573	0.01123	0.00562	0.00562	0.00112	0.00562	0.00449	0.00449	0.77980
14	0.02062	0.01580	0.01965	0.07357	0.02334	0.01497	0.04261	0.20716	0.02225	0.07846	0.04370	0.01946	0.01466	0.00751	0.00680	0.00178	0.00711	0.00618	0.00577	0.36860
15	0.01036	0.00774	0.01070	0.01096	0.01211	0.00719	0.03366	0.01216	0.01539	0.02098	0.14626	0.45930	0.04748	0.12394	0.01357	0.00349	0.00508	0.01753	0.00668	0.03543
16	0.06033	0.30155	0.05437	0.08842	0.05290	0.05142	0.09889	0.04598	0.01667	0.02254	0.01304	0.01601	0.01076	0.00698	0.00654	0.00196	0.02308	0.00552	0.04225	0.08078
17	0.01231	0.00817	0.01082	0.01027	0.01230	0.00757	0.00795	0.01584	0.02105	0.06968	0.57232	0.05795	0.06531	0.01573	0.00903	0.00250	0.00413	0.08132	0.00826	0.00749
18	0.03009	0.06067	0.01934	0.01370	0.01966	0.01381	0.01140	0.09792	0.04662	0.48635	0.02576	0.02318	0.01695	0.00880	0.00723	0.00217	0.00665	0.00702	0.00822	0.09445
19	0.07852	0.00727	0.00999	0.00989	0.01029	0.00747	0.00672	0.01093	0.01014	0.01494	0.01295	0.02215	0.01276	0.02472	0.02754	0.71370	0.00653	0.00638	0.00341	0.00371
20	0.00978	0.00723	0.00921	0.01022	0.01142	0.00666	0.00738	0.01186	0.01661	0.02198	0.16823	0.42202	0.16301	0.02113	0.00950	0.00290	0.00442	0.08267	0.00728	0.00648
21	0.01678	0.01612	0.02529	0.01982	0.04971	0.03382	0.21894	0.04962	0.04068	0.02500	0.01851	0.10894	0.01678	0.00861	0.00748	0.00200	0.00827	0.00846	0.00482	0.32034
22	0.21092	0.06642	0.03672	0.04397	0.02022	0.03502	0.01177	0.10724	0.15725	0.11087	0.02004	0.05087	0.01564	0.00891	0.00661	0.00226	0.00688	0.00681	0.00613	0.07545
23	0.06113	0.07986	0.12808	0.06064	0.05408	0.01614	0.09819	0.03807	0.06686	0.13768	0.05854	0.02338	0.01741	0.00835	0.00725	0.00223	0.00820	0.02418	0.00544	0.10428
24	0.02446	0.04536	0.01861	0.01577	0.06830	0.01425	0.01176	0.11108	0.10433	0.29048	0.10159	0.02972	0.06315	0.01019	0.00761	0.00227	0.00637	0.00842	0.00770	0.05858

[dist]
# distance from previous block
# <min> <max>
3	52

[block]
# block no. 5 follows, 26 sequences, length 17
# corresponding to MSA columns:
# 290-306
name=unknown_F
#
# <colnr> <probs for GDERKNQSTAVLIFYWHMCP>
#	G	D	E	R	K	N	Q	S	T	A	V	L	I	F	Y	W	H	M	C	P
0	0.05204	0.10459	0.30580	0.03482	0.06760	0.01701	0.06920	0.02221	0.04028	0.02409	0.05094	0.02647	0.05645	0.00911	0.00734	0.00234	0.00903	0.04883	0.00432	0.04754
1	0.23431	0.05587	0.05538	0.01591	0.05073	0.01744	0.04027	0.16423	0.04343	0.11504	0.04393	0.02208	0.01590	0.00874	0.00675	0.00229	0.00728	0.03576	0.00602	0.05864
2	0.18264	0.12731	0.25736	0.04854	0.02496	0.09389	0.01754	0.06812	0.01741	0.04450	0.01582	0.01751	0.03884	0.00786	0.00643	0.00223	0.00921	0.00563	0.00425	0.00993
3	0.08034	0.02563	0.31382	0.06119	0.02874	0.01621	0.09756	0.02407	0.08225	0.02579	0.04669	0.01961	0.01428	0.00758	0.00712	0.00225	0.00916	0.00647	0.00431	0.12693
4	0.04822	0.01818	0.08293	0.07829	0.15492	0.05795	0.01576	0.05441	0.08845	0.17093	0.05663	0.04825	0.01864	0.00901	0.00742	0.00229	0.00788	0.00758	0.00595	0.06634
5	0.06249	0.01402	0.02170	0.41268	0.15761	0.01612	0.01860	0.02160	0.06039	0.04182	0.01948	0.02619	0.04431	0.00890	0.00763	0.00252	0.00881	0.04149	0.00436	0.00926
6	0.60665	0.01507	0.01318	0.04410	0.01758	0.01718	0.00958	0.06689	0.05489	0.05368	0.01312	0.01457	0.00994	0.00743	0.00533	0.00233	0.00625	0.00480	0.00515	0.03229
7	0.01678	0.01842	0.03871	0.16493	0.04073	0.01810	0.50215	0.02267	0.01720	0.02309	0.01625	0.05452	0.01310	0.00746	0.00872	0.00258	0.01186	0.00913	0.00390	0.00968
8	0.01854	0.01944	0.07510	0.04489	0.64248	0.01799	0.02360	0.02333	0.01719	0.02473	0.01422	0.01859	0.01185	0.00679	0.00749	0.00226	0.00916	0.00668	0.00372	0.01196
9	0.01432	0.01348	0.02275	0.71520	0.05224	0.01685	0.02107	0.01938	0.01517	0.01938	0.01348	0.02022	0.01011	0.00758	0.00758	0.00253	0.01011	0.00674	0.00337	0.00843
10	0.01849	0.01774	0.03028	0.08839	0.64645	0.01795	0.02314	0.02303	0.01714	0.02444	0.01422	0.01886	0.01190	0.00681	0.00751	0.00227	0.00908	0.00676	0.00373	0.01179
11	0.00991	0.00727	0.00967	0.03827	0.01291	0.00698	0.00788	0.01171	0.01530	0.02026	0.08531	0.51180	0.09045	0.06077	0.01116	0.00325	0.00494	0.07898	0.00685	0.00633
12	0.01566	0.11964	0.59554	0.02022	0.03057	0.01872	0.02559	0.02355	0.01612	0.02351	0.03508	0.01689	0.01165	0.00739	0.00699	0.00231	0.01060	0.00569	0.00338	0.01091
13	0.08402	0.09405	0.17970	0.01521	0.02154	0.01736	0.01499	0.15818	0.06183	0.09481	0.06721	0.05841	0.05888	0.00998	0.00721	0.00230	0.00760	0.00789	0.00595	0.03288
14	0.03922	0.06867	0.27748	0.01618	0.02292	0.01648	0.01720	0.14444	0.03837	0.05004	0.02335	0.05925	0.06093	0.03650	0.00851	0.00257	0.00832	0.04197	0.05748	0.01013
15	0.02488	0.05081	0.02184	0.01623	0.02187	0.05377	0.01336	0.42758	0.04942	0.03853	0.01681	0.01781	0.01265	0.00965	0.02361	0.00232	0.04298	0.00629	0.00641	0.14318
16	0.01771	0.06618	0.34859	0.03843	0.05281	0.01661	0.01994	0.09076	0.01845	0.05844	0.03708	0.04138	0.01411	0.00801	0.00703	0.00214	0.00896	0.00642	0.00451	0.14243

[dist]
# distance from previous block
# <min> <max>
0	10

[block]
# block no. 6 follows, 26 sequences, length 26
# corresponding to MSA columns:
# 317-342
name=unknown_G
#
# <colnr> <probs for GDERKNQSTAVLIFYWHMCP>
#	G	D	E	R	K	N	Q	S	T	A	V	L	I	F	Y	W	H	M	C	P
0	0.02151	0.01636	0.01940	0.01736	0.06761	0.01750	0.01304	0.31491	0.04536	0.05075	0.06685	0.07998	0.02160	0.01109	0.00903	0.00235	0.06140	0.04057	0.02510	0.09822
1	0.01616	0.00940	0.01047	0.00959	0.01234	0.00935	0.00735	0.03961	0.08242	0.07923	0.02580	0.08331	0.02135	0.01238	0.04121	0.00248	0.00523	0.00827	0.45252	0.07151
2	0.02080	0.01562	0.01698	0.01457	0.01894	0.01722	0.01150	0.18079	0.35817	0.08193	0.07523	0.05053	0.05934	0.01113	0.00782	0.00246	0.00619	0.00918	0.03028	0.01134
3	0.00924	0.00660	0.00880	0.01056	0.01100	0.00616	0.00704	0.01056	0.01452	0.01936	0.04181	0.72848	0.05017	0.02376	0.00968	0.00308	0.00440	0.02156	0.00704	0.00616
4	0.01718	0.02084	0.08837	0.05030	0.03735	0.01868	0.53447	0.02326	0.01722	0.02362	0.01596	0.04863	0.01282	0.00755	0.00963	0.00261	0.04862	0.00904	0.00388	0.00998
5	0.01579	0.01371	0.01627	0.01186	0.01812	0.01106	0.00954	0.01904	0.01543	0.02425	0.01323	0.01579	0.01114	0.00617	0.00701	0.00128	0.05711	0.00465	0.00441	0.72415
6	0.00924	0.00660	0.00880	0.01056	0.01100	0.00616	0.00704	0.01056	0.01452	0.01936	0.04181	0.72848	0.05017	0.02376	0.00968	0.00308	0.00440	0.02156	0.00704	0.00616
7	0.01828	0.01774	0.03095	0.11147	0.57959	0.01799	0.06633	0.02296	0.01711	0.02422	0.01426	0.01903	0.01179	0.00681	0.00761	0.00230	0.00938	0.00691	0.00372	0.01154
8	0.01066	0.00779	0.01004	0.00959	0.01144	0.00717	0.00727	0.01411	0.02097	0.02931	0.60692	0.05920	0.11792	0.01603	0.00901	0.00245	0.00375	0.04110	0.00819	0.00709
9	0.01843	0.01754	0.02912	0.09620	0.58597	0.01800	0.02225	0.02427	0.06708	0.02489	0.01547	0.01961	0.01272	0.00709	0.00753	0.00230	0.00887	0.00690	0.00403	0.01173
10	0.01729	0.01651	0.02811	0.26945	0.47481	0.01763	0.02254	0.02198	0.01657	0.02298	0.01401	0.01926	0.01138	0.00703	0.00753	0.00234	0.00938	0.00675	0.00363	0.01082
11	0.00967	0.00818	0.00842	0.00827	0.01087	0.00718	0.00623	0.01284	0.05512	0.02191	0.12129	0.06917	0.59769	0.01841	0.00889	0.00255	0.00395	0.01540	0.00718	0.00678
12	0.01004	0.00773	0.00918	0.00881	0.01091	0.00686	0.00661	0.01297	0.01983	0.02652	0.44446	0.06307	0.31166	0.01696	0.00895	0.00245	0.00368	0.01462	0.00784	0.00686
13	0.02177	0.01443	0.01714	0.01262	0.01907	0.01222	0.01024	0.11262	0.01988	0.18140	0.01793	0.01840	0.01320	0.00697	0.00635	0.00157	0.00619	0.00554	0.00605	0.49642
14	0.02833	0.03615	0.02149	0.01954	0.02345	0.70298	0.01466	0.03029	0.02149	0.01856	0.01172	0.01368	0.00977	0.00782	0.00684	0.00195	0.01368	0.00489	0.00391	0.00879
15	0.01666	0.01403	0.01623	0.01168	0.01837	0.01106	0.00937	0.06467	0.01714	0.02636	0.01382	0.01590	0.01135	0.00587	0.00576	0.00121	0.00581	0.00466	0.00471	0.72534
16	0.02756	0.06938	0.03987	0.05147	0.02271	0.08690	0.01338	0.15348	0.12555	0.29567	0.02331	0.02199	0.01608	0.00896	0.00734	0.00229	0.00792	0.00699	0.00731	0.01184
17	0.01846	0.01770	0.03022	0.09404	0.64110	0.01794	0.02312	0.02300	0.01712	0.02440	0.01421	0.01888	0.01188	0.00682	0.00751	0.00227	0.00909	0.00676	0.00373	0.01176
18	0.01650	0.01386	0.02079	0.04781	0.33735	0.01363	0.01556	0.02143	0.06872	0.07229	0.06916	0.03773	0.21086	0.01131	0.00803	0.00239	0.00685	0.01000	0.00565	0.01010
19	0.06972	0.01424	0.02329	0.50315	0.13845	0.01661	0.04762	0.01994	0.01554	0.02147	0.01665	0.02211	0.04409	0.00796	0.00750	0.00248	0.00945	0.00712	0.00372	0.00891
20	0.01843	0.01768	0.03017	0.09756	0.63776	0.01793	0.02311	0.02298	0.01711	0.02437	0.01421	0.01888	0.01187	0.00682	0.00751	0.00227	0.00909	0.00676	0.00373	0.01174
21	0.09405	0.01615	0.04812	0.04127	0.12466	0.01459	0.07812	0.05507	0.07353	0.02744	0.05929	0.02205	0.03679	0.00776	0.00687	0.00197	0.00725	0.00678	0.00500	0.27324
22	0.01950	0.01800	0.02922	0.09504	0.58315	0.03945	0.02223	0.02389	0.01747	0.05763	0.01491	0.01907	0.01214	0.00699	0.00750	0.00227	0.00912	0.00674	0.00401	0.01168
23	0.01796	0.01581	0.02083	0.07896	0.24847	0.06643	0.01538	0.04677	0.04695	0.06118	0.05973	0.06709	0.07241	0.01012	0.00766	0.00224	0.00765	0.03383	0.00529	0.11524
24	0.01799	0.01726	0.02818	0.08972	0.44927	0.03818	0.07710	0.04783	0.01821	0.02519	0.06397	0.05810	0.01805	0.00842	0.00784	0.00234	0.00892	0.00816	0.00439	0.01087
25	0.04042	0.01671	0.02607	0.07085	0.46982	0.01711	0.01956	0.04373	0.08733	0.02662	0.06340	0.02222	0.01722	0.00783	0.00748	0.00227	0.00812	0.00728	0.00466	0.04129

[dist]
# distance from previous block
# <min> <max>
0	8

# created by:
# /st0/software/busco_prod/Augustus/scripts/msa2prfl.pl ./align_prep/118698.fa
