[name]
unknown

[dist]
# distance from previous block
# <min> <max>
17	45

[block]
# block no. 0 follows, 24 sequences, length 10
# corresponding to MSA columns:
# 57-66
name=unknown_A
#
# <colnr> <probs for GDERKNQSTAVLIFYWHMCP>
#	G	D	E	R	K	N	Q	S	T	A	V	L	I	F	Y	W	H	M	C	P
0	0.06342	0.05157	0.01942	0.07642	0.11407	0.11036	0.01341	0.06471	0.04983	0.02485	0.08038	0.10750	0.02501	0.10184	0.04150	0.00358	0.02808	0.00966	0.00539	0.00900
1	0.02170	0.02100	0.02025	0.07397	0.10415	0.20037	0.01453	0.07414	0.11183	0.06158	0.02507	0.02832	0.07916	0.06222	0.04196	0.00326	0.03277	0.00817	0.00557	0.00997
2	0.11638	0.01469	0.01643	0.11816	0.02301	0.03864	0.01237	0.11145	0.13881	0.04375	0.02906	0.09313	0.09057	0.01828	0.09674	0.00394	0.00909	0.00970	0.00621	0.00959
3	0.01619	0.01242	0.01527	0.04485	0.01807	0.01285	0.02729	0.13305	0.08708	0.02796	0.05533	0.23157	0.03069	0.09794	0.04669	0.00368	0.00729	0.01257	0.03896	0.08024
4	0.01934	0.06672	0.02547	0.01879	0.02343	0.06165	0.18556	0.10040	0.08419	0.02826	0.02135	0.05849	0.01795	0.04956	0.01006	0.00268	0.03080	0.00866	0.17692	0.00974
5	0.01991	0.01721	0.02117	0.05807	0.06852	0.05034	0.04877	0.17760	0.02174	0.02977	0.02107	0.07306	0.05206	0.01058	0.00956	0.02655	0.05426	0.00811	0.00555	0.22613
6	0.06680	0.06467	0.02227	0.12701	0.08987	0.04259	0.01512	0.19850	0.12203	0.07195	0.02005	0.02159	0.01499	0.00886	0.00733	0.00237	0.00814	0.00705	0.07751	0.01129
7	0.09863	0.05254	0.01541	0.10104	0.01946	0.04372	0.01024	0.05433	0.01773	0.04740	0.14162	0.09424	0.05268	0.16397	0.01475	0.00355	0.00706	0.01038	0.00591	0.04533
8	0.09462	0.03983	0.01554	0.01368	0.04334	0.03735	0.00994	0.09161	0.01831	0.08620	0.02350	0.14561	0.02239	0.08698	0.04503	0.02830	0.00741	0.00966	0.07569	0.10499
9	0.01507	0.01137	0.01321	0.01261	0.01489	0.05765	0.00974	0.05222	0.01646	0.06101	0.02938	0.07923	0.09161	0.03945	0.38842	0.00819	0.01479	0.00989	0.06689	0.00791

[dist]
# distance from previous block
# <min> <max>
4	17

[block]
# block no. 1 follows, 24 sequences, length 10
# corresponding to MSA columns:
# 84-93
name=unknown_B
#
# <colnr> <probs for GDERKNQSTAVLIFYWHMCP>
#	G	D	E	R	K	N	Q	S	T	A	V	L	I	F	Y	W	H	M	C	P
0	0.02165	0.05105	0.05455	0.02160	0.06693	0.09510	0.13520	0.12418	0.14126	0.05345	0.05651	0.04873	0.01945	0.00938	0.00801	0.00238	0.00925	0.00831	0.00597	0.06703
1	0.12663	0.08724	0.13616	0.06728	0.08159	0.01838	0.21377	0.02241	0.01635	0.02475	0.01629	0.07119	0.01416	0.00978	0.00928	0.05276	0.01002	0.00808	0.00415	0.00974
2	0.15512	0.32537	0.11183	0.01670	0.02360	0.02409	0.08799	0.08459	0.01845	0.02703	0.04821	0.01739	0.01391	0.00774	0.00636	0.00216	0.00880	0.00588	0.00446	0.01032
3	0.20139	0.04274	0.02314	0.05394	0.02494	0.06870	0.12887	0.04682	0.14465	0.12186	0.05130	0.02270	0.01750	0.00881	0.00742	0.00249	0.00848	0.00745	0.00614	0.01065
4	0.05066	0.01705	0.02836	0.08452	0.06560	0.01699	0.22142	0.06858	0.01818	0.02632	0.01748	0.08458	0.01548	0.00922	0.00961	0.00241	0.07101	0.00862	0.00472	0.17916
5	0.01429	0.01035	0.01236	0.01121	0.01400	0.01002	0.00848	0.05196	0.09569	0.05852	0.36237	0.09445	0.11993	0.04775	0.01036	0.00274	0.00482	0.01320	0.00802	0.04950
6	0.05211	0.10161	0.02474	0.08348	0.02438	0.06255	0.07644	0.02309	0.01652	0.10044	0.04683	0.05487	0.01720	0.01096	0.01301	0.00268	0.21823	0.00788	0.05353	0.00943
7	0.00987	0.00805	0.00872	0.00856	0.01102	0.00691	0.00642	0.01235	0.01925	0.02422	0.23860	0.07171	0.50862	0.01904	0.00937	0.00263	0.00394	0.01609	0.00773	0.00691
8	0.01644	0.01409	0.01644	0.01175	0.01879	0.01057	0.00940	0.01997	0.01644	0.02584	0.01409	0.01644	0.01175	0.00587	0.00587	0.00117	0.00587	0.00470	0.00470	0.76979
9	0.01162	0.00860	0.01099	0.01093	0.01283	0.00822	0.00835	0.01603	0.05616	0.02896	0.44883	0.13588	0.09884	0.01783	0.00958	0.00275	0.00445	0.09331	0.00828	0.00758

[dist]
# distance from previous block
# <min> <max>
0	7

[block]
# block no. 2 follows, 24 sequences, length 104
# corresponding to MSA columns:
# 101-204
name=unknown_C
#
# <colnr> <probs for GDERKNQSTAVLIFYWHMCP>
#	G	D	E	R	K	N	Q	S	T	A	V	L	I	F	Y	W	H	M	C	P
0	0.05365	0.51528	0.20710	0.01579	0.02378	0.02738	0.01746	0.02408	0.01616	0.02110	0.01186	0.01378	0.01007	0.00701	0.00572	0.00194	0.00922	0.00467	0.00345	0.01051
1	0.01607	0.01536	0.02645	0.54281	0.17742	0.01797	0.04923	0.02130	0.01642	0.02161	0.01434	0.02085	0.01103	0.00770	0.00797	0.00259	0.01046	0.00715	0.00362	0.00964
2	0.00966	0.00690	0.00920	0.01104	0.01150	0.00644	0.00736	0.01104	0.01518	0.02024	0.04371	0.71614	0.05245	0.02484	0.01012	0.00322	0.00460	0.02254	0.00736	0.00644
3	0.02000	0.01777	0.02317	0.05045	0.24010	0.01957	0.01693	0.06242	0.39376	0.03105	0.02525	0.02549	0.01936	0.00937	0.00798	0.00256	0.00758	0.00818	0.00652	0.01247
4	0.01068	0.00808	0.00985	0.00941	0.01151	0.00725	0.00705	0.01391	0.02116	0.02875	0.49528	0.06425	0.24910	0.01735	0.00936	0.00255	0.00382	0.01504	0.00833	0.00725
5	0.02671	0.02047	0.02235	0.05672	0.02532	0.02299	0.01485	0.46084	0.18918	0.04413	0.02202	0.02176	0.01597	0.00973	0.00797	0.00247	0.00823	0.00758	0.00772	0.01299
6	0.01133	0.00850	0.01274	0.01274	0.01416	0.00991	0.00991	0.01416	0.01274	0.01841	0.02124	0.03115	0.01982	0.05947	0.68989	0.01274	0.02124	0.00850	0.00425	0.00708
7	0.03014	0.02221	0.02380	0.01825	0.02459	0.02459	0.01507	0.64541	0.03728	0.04998	0.01904	0.01904	0.01349	0.00952	0.00793	0.00238	0.00873	0.00714	0.00793	0.01349
8	0.01518	0.01430	0.02415	0.67345	0.08182	0.01767	0.02212	0.02044	0.01595	0.02051	0.01413	0.02107	0.01066	0.00789	0.00792	0.00263	0.01052	0.00705	0.00354	0.00897
9	0.03014	0.02221	0.02380	0.01825	0.02459	0.02459	0.01507	0.64541	0.03728	0.04998	0.01904	0.01904	0.01349	0.00952	0.00793	0.00238	0.00873	0.00714	0.00793	0.01349
10	0.08312	0.02172	0.02294	0.01769	0.02394	0.02411	0.01461	0.60130	0.03560	0.04896	0.01847	0.01860	0.01314	0.00937	0.00772	0.00239	0.00854	0.00694	0.00772	0.01314
11	0.77733	0.01534	0.01166	0.01043	0.01534	0.01779	0.00859	0.02331	0.01350	0.03558	0.01104	0.01288	0.00859	0.00736	0.00491	0.00245	0.00613	0.00429	0.00491	0.00859
12	0.01891	0.01402	0.01670	0.01205	0.01898	0.01071	0.00969	0.02238	0.01725	0.10998	0.01631	0.01781	0.01276	0.00638	0.00614	0.00134	0.00599	0.00512	0.00536	0.67212
13	0.77733	0.01534	0.01166	0.01043	0.01534	0.01779	0.00859	0.02331	0.01350	0.03558	0.01104	0.01288	0.00859	0.00736	0.00491	0.00245	0.00613	0.00429	0.00491	0.00859
14	0.77733	0.01534	0.01166	0.01043	0.01534	0.01779	0.00859	0.02331	0.01350	0.03558	0.01104	0.01288	0.00859	0.00736	0.00491	0.00245	0.00613	0.00429	0.00491	0.00859
15	0.01872	0.02139	0.04679	0.03342	0.04144	0.02005	0.64305	0.02540	0.01872	0.02540	0.01604	0.02139	0.01203	0.00668	0.00936	0.00267	0.01337	0.00936	0.00401	0.01070
16	0.01778	0.01806	0.02423	0.02081	0.02095	0.04758	0.01728	0.01952	0.01251	0.01910	0.01047	0.01724	0.01040	0.01368	0.02536	0.00342	0.68255	0.00688	0.00349	0.00869
17	0.01122	0.00811	0.01060	0.00998	0.01185	0.00748	0.00748	0.01496	0.02245	0.03180	0.66766	0.05923	0.07482	0.01621	0.00935	0.00249	0.00374	0.01434	0.00873	0.00748
18	0.02962	0.03779	0.02247	0.02043	0.02451	0.68948	0.01532	0.03166	0.02247	0.01941	0.01226	0.01430	0.01021	0.00817	0.00715	0.00204	0.01430	0.00511	0.00409	0.00919
19	0.01963	0.01884	0.03219	0.04867	0.67185	0.01884	0.02434	0.02434	0.01806	0.02591	0.01492	0.01963	0.01256	0.00707	0.00785	0.00236	0.00942	0.00707	0.00393	0.01256
20	0.01259	0.00867	0.01121	0.01038	0.01253	0.00812	0.00785	0.01699	0.04601	0.05966	0.61669	0.05675	0.07057	0.01573	0.00925	0.00250	0.00396	0.01387	0.00875	0.00793
21	0.02984	0.03128	0.02303	0.01952	0.02455	0.41138	0.01522	0.28837	0.02867	0.03219	0.01509	0.01628	0.01158	0.00874	0.00748	0.00218	0.01197	0.00596	0.00569	0.01099
22	0.02032	0.01733	0.01827	0.01626	0.02085	0.02000	0.01270	0.07653	0.62217	0.03413	0.03152	0.02898	0.02360	0.01069	0.00806	0.00267	0.00642	0.00886	0.00806	0.01260
23	0.01963	0.01884	0.03219	0.04867	0.67185	0.01884	0.02434	0.02434	0.01806	0.02591	0.01492	0.01963	0.01256	0.00707	0.00785	0.00236	0.00942	0.00707	0.00393	0.01256
24	0.03372	0.01343	0.01803	0.01402	0.01989	0.01186	0.01151	0.03776	0.05351	0.61718	0.05980	0.02856	0.02232	0.01015	0.00804	0.00247	0.00659	0.00831	0.00968	0.01318
25	0.01590	0.04102	0.68023	0.02260	0.03432	0.01842	0.02930	0.02511	0.01674	0.02511	0.01423	0.01674	0.01005	0.00753	0.00753	0.00251	0.01172	0.00586	0.00335	0.01172
26	0.01198	0.00833	0.01052	0.00984	0.01203	0.00754	0.00743	0.01541	0.02174	0.05823	0.54411	0.06062	0.16930	0.01656	0.00930	0.00252	0.00392	0.01445	0.00855	0.00762
27	0.01498	0.01409	0.02378	0.70226	0.05462	0.01762	0.02202	0.02026	0.01586	0.02026	0.01409	0.02114	0.01057	0.00793	0.00793	0.00264	0.01057	0.00705	0.00352	0.00881
28	0.01153	0.00769	0.00865	0.00865	0.00865	0.00769	0.00480	0.01153	0.01153	0.01538	0.02499	0.05189	0.02883	0.72131	0.04036	0.00769	0.00769	0.01153	0.00480	0.00480
29	0.01790	0.01826	0.02421	0.02080	0.02098	0.05391	0.01726	0.01964	0.01260	0.01910	0.01049	0.01721	0.01040	0.01363	0.02518	0.00341	0.67597	0.00686	0.00350	0.00870
30	0.01093	0.00794	0.01030	0.01004	0.01175	0.00731	0.00740	0.01427	0.02126	0.02976	0.55658	0.14999	0.09763	0.01756	0.00946	0.00260	0.00387	0.01557	0.00848	0.00731
31	0.01641	0.01712	0.03239	0.02503	0.02923	0.01838	0.32831	0.02066	0.01593	0.02236	0.01899	0.12293	0.01815	0.01562	0.06966	0.00379	0.20088	0.01056	0.00437	0.00923
32	0.01972	0.01703	0.01793	0.01614	0.02062	0.01972	0.01255	0.04214	0.65752	0.03317	0.03228	0.02959	0.02421	0.01076	0.00807	0.00269	0.00628	0.00897	0.00807	0.01255
33	0.03558	0.01350	0.01840	0.01411	0.02024	0.01166	0.01166	0.03865	0.02270	0.67734	0.03128	0.02699	0.01963	0.00981	0.00797	0.00245	0.00675	0.00797	0.00981	0.01350
34	0.02081	0.52468	0.17393	0.01594	0.02363	0.05462	0.01700	0.05112	0.01741	0.02139	0.01209	0.01390	0.01029	0.00711	0.00581	0.00191	0.00940	0.00474	0.00361	0.01060
35	0.01377	0.00689	0.01033	0.01033	0.01033	0.00689	0.00689	0.01033	0.01033	0.01377	0.01377	0.02410	0.01377	0.02755	0.03099	0.76928	0.00689	0.00689	0.00344	0.00344
36	0.00940	0.00794	0.00813	0.00829	0.01078	0.00667	0.00614	0.01135	0.01783	0.02132	0.07724	0.13032	0.61662	0.02048	0.00944	0.00272	0.00407	0.01723	0.00736	0.00667
37	0.01644	0.01409	0.01644	0.01175	0.01879	0.01057	0.00940	0.01997	0.01644	0.02584	0.01409	0.01644	0.01175	0.00587	0.00587	0.00117	0.00587	0.00470	0.00470	0.76979
38	0.01731	0.06893	0.58989	0.02165	0.03240	0.01882	0.02715	0.02560	0.01688	0.06178	0.01492	0.01717	0.01061	0.00787	0.00814	0.00251	0.03705	0.00595	0.00372	0.01164
39	0.01936	0.44475	0.24605	0.01671	0.02489	0.02620	0.01857	0.02574	0.07045	0.02197	0.01385	0.01544	0.01132	0.00736	0.00613	0.00204	0.00934	0.00516	0.00377	0.01088
40	0.01102	0.00800	0.01039	0.00999	0.01177	0.00736	0.00742	0.01450	0.02167	0.03043	0.59286	0.11532	0.09532	0.01709	0.00942	0.00256	0.00382	0.01512	0.00856	0.00736
41	0.01555	0.01468	0.02481	0.62210	0.13032	0.01777	0.02231	0.02076	0.01613	0.02095	0.01420	0.02096	0.01081	0.00782	0.00792	0.00261	0.01043	0.00705	0.00357	0.00927
42	0.02173	0.02394	0.05501	0.09811	0.03657	0.13334	0.34071	0.11422	0.04605	0.02762	0.01619	0.02001	0.01218	0.00765	0.00853	0.00252	0.01226	0.00796	0.00466	0.01074
43	0.01918	0.02466	0.17269	0.04054	0.45301	0.04807	0.07723	0.02491	0.01802	0.02541	0.01475	0.01892	0.01187	0.00718	0.00788	0.00240	0.01046	0.00691	0.00382	0.01208
44	0.00953	0.00797	0.00829	0.00835	0.01084	0.00674	0.00621	0.01163	0.01824	0.02213	0.12217	0.11151	0.58910	0.02006	0.00941	0.00269	0.00403	0.01689	0.00747	0.00674
45	0.01010	0.00757	0.00896	0.00977	0.01101	0.00691	0.00676	0.01167	0.01599	0.02049	0.08002	0.33388	0.25200	0.14040	0.01499	0.00379	0.00502	0.04734	0.00699	0.00634
46	0.04716	0.02315	0.30776	0.01633	0.02235	0.01308	0.01744	0.04623	0.01692	0.02446	0.02970	0.31517	0.05726	0.01549	0.00861	0.00281	0.00799	0.01339	0.00550	0.00920
47	0.01944	0.01950	0.03300	0.10336	0.46254	0.04460	0.12701	0.02505	0.04053	0.02531	0.01554	0.02020	0.01261	0.00725	0.00809	0.00243	0.01026	0.00744	0.00405	0.01178
48	0.02684	0.03328	0.02170	0.01973	0.02322	0.56861	0.01498	0.02894	0.02067	0.01929	0.01296	0.01616	0.01115	0.01354	0.07377	0.00318	0.07341	0.00558	0.00405	0.00895
49	0.01921	0.01981	0.06161	0.06975	0.54472	0.01891	0.07629	0.02491	0.03970	0.02586	0.01554	0.02004	0.01272	0.00721	0.00797	0.00241	0.00979	0.00727	0.00403	0.01222
50	0.02680	0.03055	0.02189	0.02042	0.05177	0.43959	0.01501	0.08572	0.17956	0.02565	0.01786	0.01869	0.01403	0.00887	0.00747	0.00224	0.01165	0.00631	0.00538	0.01053
51	0.01508	0.01424	0.02381	0.67191	0.05311	0.01792	0.02181	0.02021	0.01569	0.02021	0.01393	0.02097	0.01056	0.00819	0.00873	0.00268	0.04157	0.00704	0.00352	0.00880
52	0.00984	0.00814	0.00868	0.00881	0.01134	0.00699	0.00678	0.01214	0.01843	0.02244	0.12207	0.07624	0.56377	0.01996	0.00952	0.00276	0.00431	0.07353	0.00746	0.00681
53	0.02896	0.03640	0.02217	0.02014	0.02425	0.64445	0.01514	0.03237	0.06516	0.02033	0.01360	0.01533	0.01116	0.00835	0.00721	0.00209	0.01376	0.00537	0.00435	0.00942
54	0.01963	0.01884	0.03219	0.04867	0.67185	0.01884	0.02434	0.02434	0.01806	0.02591	0.01492	0.01963	0.01256	0.00707	0.00785	0.00236	0.00942	0.00707	0.00393	0.01256
55	0.03427	0.01362	0.01828	0.01410	0.02005	0.01200	0.01161	0.06263	0.02329	0.62285	0.05898	0.02809	0.02182	0.01009	0.00803	0.00245	0.00670	0.00822	0.00969	0.01323
56	0.77733	0.01534	0.01166	0.01043	0.01534	0.01779	0.00859	0.02331	0.01350	0.03558	0.01104	0.01288	0.00859	0.00736	0.00491	0.00245	0.00613	0.00429	0.00491	0.00859
57	0.01590	0.04102	0.68023	0.02260	0.03432	0.01842	0.02930	0.02511	0.01674	0.02511	0.01423	0.01674	0.01005	0.00753	0.00753	0.00251	0.01172	0.00586	0.00335	0.01172
58	0.00966	0.00690	0.00920	0.01104	0.01150	0.00644	0.00736	0.01104	0.01518	0.02024	0.04371	0.71614	0.05245	0.02484	0.01012	0.00322	0.00460	0.02254	0.00736	0.00644
59	0.01005	0.00745	0.00908	0.01009	0.01119	0.00684	0.00696	0.01165	0.01600	0.02074	0.08595	0.40861	0.20349	0.11021	0.01371	0.00362	0.00491	0.04592	0.00712	0.00640
60	0.01122	0.00811	0.01060	0.00998	0.01185	0.00748	0.00748	0.01496	0.02245	0.03180	0.66766	0.05923	0.07482	0.01621	0.00935	0.00249	0.00374	0.01434	0.00873	0.00748
61	0.01972	0.01698	0.01865	0.07413	0.02364	0.01973	0.01345	0.06303	0.57999	0.03272	0.03024	0.02848	0.02265	0.01047	0.00805	0.00267	0.00673	0.00873	0.00768	0.01227
62	0.03014	0.02221	0.02380	0.01825	0.02459	0.02459	0.01507	0.64541	0.03728	0.04998	0.01904	0.01904	0.01349	0.00952	0.00793	0.00238	0.00873	0.00714	0.00793	0.01349
63	0.01590	0.04102	0.68023	0.02260	0.03432	0.01842	0.02930	0.02511	0.01674	0.02511	0.01423	0.01674	0.01005	0.00753	0.00753	0.00251	0.01172	0.00586	0.00335	0.01172
64	0.01485	0.01014	0.01469	0.04302	0.01742	0.00959	0.05906	0.01859	0.04260	0.10998	0.20049	0.24261	0.12452	0.01729	0.00936	0.00280	0.00572	0.04129	0.00762	0.00836
65	0.03014	0.02221	0.02380	0.01825	0.02459	0.02459	0.01507	0.64541	0.03728	0.04998	0.01904	0.01904	0.01349	0.00952	0.00793	0.00238	0.00873	0.00714	0.00793	0.01349
66	0.01498	0.01409	0.02378	0.70226	0.05462	0.01762	0.02202	0.02026	0.01586	0.02026	0.01409	0.02114	0.01057	0.00793	0.00793	0.00264	0.01057	0.00705	0.00352	0.00881
67	0.02935	0.02227	0.02329	0.01811	0.02416	0.05051	0.01487	0.59489	0.03568	0.04745	0.01886	0.01935	0.01362	0.01153	0.03603	0.00279	0.00946	0.00711	0.00763	0.01305
68	0.01872	0.02139	0.04679	0.03342	0.04144	0.02005	0.64305	0.02540	0.01872	0.02540	0.01604	0.02139	0.01203	0.00668	0.00936	0.00267	0.01337	0.00936	0.00401	0.01070
69	0.01802	0.01932	0.03561	0.08570	0.06096	0.04324	0.35366	0.02301	0.01711	0.02326	0.01667	0.02594	0.01436	0.00972	0.01287	0.00289	0.16365	0.06006	0.00413	0.00983
70	0.01534	0.01462	0.02517	0.64414	0.08093	0.01778	0.04965	0.02067	0.01608	0.02073	0.01422	0.02109	0.01072	0.00784	0.00799	0.00263	0.01064	0.00715	0.00356	0.00906
71	0.02962	0.03779	0.02247	0.02043	0.02451	0.68948	0.01532	0.03166	0.02247	0.01941	0.01226	0.01430	0.01021	0.00817	0.00715	0.00204	0.01430	0.00511	0.00409	0.00919
72	0.00987	0.00702	0.00931	0.01106	0.01155	0.00660	0.00744	0.01127	0.01512	0.02014	0.04273	0.65993	0.05104	0.05854	0.01162	0.00345	0.00485	0.04479	0.00723	0.00639
73	0.05336	0.09155	0.10419	0.01872	0.02503	0.11240	0.06857	0.25552	0.04412	0.06055	0.04463	0.05047	0.01678	0.00951	0.00767	0.00237	0.00958	0.00757	0.00607	0.01137
74	0.02076	0.60402	0.13117	0.01510	0.02248	0.05364	0.01586	0.02423	0.01643	0.01960	0.01152	0.01335	0.01016	0.00694	0.00551	0.00182	0.00915	0.00450	0.00341	0.01036
75	0.01478	0.00739	0.00739	0.00739	0.00924	0.00739	0.00554	0.01848	0.01663	0.02956	0.02587	0.02956	0.02033	0.00924	0.00554	0.00185	0.00370	0.00739	0.76534	0.00739
76	0.00971	0.00756	0.00883	0.00954	0.01118	0.00668	0.00676	0.01165	0.01734	0.02211	0.13194	0.34796	0.33712	0.02168	0.00969	0.00289	0.00423	0.01894	0.00752	0.00668
77	0.01824	0.02161	0.07111	0.03209	0.03996	0.01944	0.59268	0.02482	0.01850	0.02518	0.01707	0.04891	0.01356	0.00744	0.00931	0.00269	0.01295	0.00974	0.00412	0.01057
78	0.01942	0.01863	0.03181	0.07778	0.64436	0.01879	0.02423	0.02416	0.01796	0.02566	0.01488	0.01969	0.01247	0.00710	0.00785	0.00237	0.00947	0.00706	0.00391	0.01239
79	0.00949	0.00794	0.00826	0.00838	0.01083	0.00671	0.00621	0.01153	0.01804	0.02183	0.10576	0.12949	0.58779	0.02030	0.00943	0.00271	0.00405	0.01711	0.00743	0.00671
80	0.05851	0.02038	0.02333	0.05713	0.02597	0.02252	0.04256	0.45271	0.11267	0.07239	0.02053	0.02071	0.01469	0.00939	0.00789	0.00245	0.00853	0.00739	0.00748	0.01277
81	0.02727	0.17011	0.12903	0.01616	0.02292	0.01906	0.01551	0.08431	0.04632	0.31729	0.02208	0.02121	0.01524	0.00905	0.00832	0.00236	0.04796	0.00676	0.00683	0.01220
82	0.01009	0.00814	0.00910	0.00955	0.01185	0.00714	0.00741	0.01242	0.01807	0.02224	0.09894	0.13182	0.47703	0.02062	0.00972	0.00289	0.00464	0.12410	0.00742	0.00682
83	0.00953	0.00804	0.00825	0.00820	0.01081	0.00676	0.00615	0.01168	0.01844	0.02229	0.12964	0.07488	0.61878	0.01976	0.00937	0.00266	0.00399	0.01653	0.00748	0.00676
84	0.03042	0.01579	0.02127	0.01658	0.02257	0.01534	0.06549	0.10227	0.15043	0.42770	0.02890	0.02620	0.01925	0.00971	0.00811	0.00251	0.00742	0.00820	0.00878	0.01307
85	0.01621	0.03918	0.62660	0.02476	0.08708	0.01845	0.02889	0.02505	0.01685	0.02518	0.01429	0.01698	0.01025	0.00750	0.00756	0.00250	0.01153	0.00596	0.00340	0.01179
86	0.03558	0.01350	0.01840	0.01411	0.02024	0.01166	0.01166	0.03865	0.02270	0.67734	0.03128	0.02699	0.01963	0.00981	0.00797	0.00245	0.00675	0.00797	0.00981	0.01350
87	0.02854	0.02360	0.07898	0.01853	0.02526	0.02388	0.01618	0.56999	0.05926	0.04724	0.01914	0.01925	0.01361	0.00940	0.00790	0.00240	0.00888	0.00710	0.00755	0.01330
88	0.01644	0.02546	0.26107	0.08127	0.12403	0.01743	0.20139	0.02306	0.01738	0.02463	0.04492	0.05035	0.01614	0.01131	0.04722	0.00316	0.01168	0.00833	0.00408	0.01065
89	0.01870	0.01835	0.03234	0.15445	0.42780	0.01888	0.12429	0.02484	0.05425	0.02529	0.01595	0.02074	0.01280	0.00736	0.00812	0.00247	0.01008	0.00755	0.00411	0.01162
90	0.01653	0.01656	0.07311	0.01416	0.04664	0.01157	0.01168	0.02058	0.01653	0.02578	0.01414	0.01660	0.01163	0.00606	0.00609	0.00134	0.00651	0.00489	0.00455	0.67504
91	0.01842	0.01590	0.02297	0.13066	0.05346	0.01826	0.04141	0.02162	0.01524	0.07708	0.01412	0.01881	0.01171	0.00996	0.01502	0.00259	0.29972	0.00658	0.00437	0.20210
92	0.01612	0.03949	0.63100	0.02344	0.03487	0.01854	0.07700	0.02514	0.01690	0.02514	0.01437	0.01710	0.01020	0.00747	0.00768	0.00252	0.01185	0.00613	0.00340	0.01164
93	0.01879	0.01402	0.01668	0.01204	0.01897	0.01070	0.00967	0.02226	0.01721	0.10578	0.01620	0.01774	0.01271	0.00636	0.00613	0.00133	0.00598	0.00510	0.00533	0.67700
94	0.02498	0.01964	0.02089	0.01720	0.02262	0.02218	0.01382	0.34629	0.34482	0.04164	0.02560	0.02427	0.01880	0.01013	0.00800	0.00253	0.00751	0.00804	0.00800	0.01302
95	0.02570	0.05435	0.24449	0.01666	0.02485	0.01468	0.01745	0.03090	0.01955	0.33964	0.02230	0.02147	0.01490	0.00838	0.00742	0.00227	0.00840	0.00665	0.00665	0.11330
96	0.01633	0.09561	0.62934	0.02188	0.03321	0.01945	0.02805	0.02500	0.01669	0.02460	0.01398	0.01642	0.01006	0.00747	0.00734	0.00245	0.01146	0.00573	0.00335	0.01160
97	0.02141	0.66728	0.06429	0.01424	0.02107	0.06285	0.01424	0.02418	0.01644	0.01893	0.01120	0.01295	0.01017	0.00688	0.00528	0.00174	0.00888	0.00434	0.00342	0.01019
98	0.01163	0.00994	0.01341	0.01299	0.04137	0.00904	0.06129	0.03698	0.01888	0.02408	0.13616	0.17641	0.38127	0.01837	0.00938	0.00272	0.00527	0.01607	0.00713	0.00758
99	0.03224	0.01572	0.07390	0.01472	0.02108	0.01235	0.01299	0.03659	0.04646	0.56921	0.05793	0.02765	0.02143	0.00994	0.00800	0.00247	0.00702	0.00811	0.00915	0.01304
100	0.00978	0.00705	0.00926	0.01082	0.01149	0.00654	0.00731	0.01137	0.01590	0.02123	0.09595	0.63449	0.08157	0.02393	0.01003	0.00314	0.00451	0.02162	0.00747	0.00654
101	0.01495	0.01302	0.02176	0.55382	0.07198	0.01578	0.01945	0.01868	0.01497	0.01935	0.01407	0.02160	0.01122	0.01135	0.01198	0.13758	0.00988	0.00702	0.00353	0.00802
102	0.02922	0.01599	0.04469	0.05395	0.19148	0.01434	0.01604	0.03379	0.04631	0.43118	0.02573	0.02457	0.01725	0.00898	0.00793	0.00245	0.00776	0.00766	0.00772	0.01295
103	0.02856	0.04775	0.02461	0.02041	0.07640	0.07451	0.07309	0.14079	0.07824	0.28912	0.02319	0.02265	0.01611	0.00923	0.00864	0.00245	0.03704	0.00753	0.00731	0.01238

[dist]
# distance from previous block
# <min> <max>
0	7

[block]
# block no. 3 follows, 24 sequences, length 28
# corresponding to MSA columns:
# 212-239
name=unknown_D
#
# <colnr> <probs for GDERKNQSTAVLIFYWHMCP>
#	G	D	E	R	K	N	Q	S	T	A	V	L	I	F	Y	W	H	M	C	P
0	0.01498	0.01409	0.02378	0.70226	0.05462	0.01762	0.02202	0.02026	0.01586	0.02026	0.01409	0.02114	0.01057	0.00793	0.00793	0.00264	0.01057	0.00705	0.00352	0.00881
1	0.00965	0.00696	0.00914	0.01088	0.01146	0.00645	0.00729	0.01106	0.01534	0.02031	0.04566	0.68192	0.08540	0.02459	0.01008	0.00319	0.00457	0.02223	0.00736	0.00645
2	0.01843	0.09754	0.43430	0.02499	0.09077	0.04652	0.09888	0.02578	0.01752	0.05165	0.01485	0.01752	0.01093	0.00744	0.00756	0.00242	0.01131	0.00630	0.00378	0.01151
3	0.01919	0.01876	0.02954	0.10339	0.53426	0.05586	0.02262	0.02368	0.01774	0.02451	0.01513	0.02026	0.01275	0.01084	0.05513	0.00308	0.01062	0.00705	0.00392	0.01165
4	0.01511	0.01340	0.02159	0.50958	0.07096	0.01596	0.01952	0.03951	0.01686	0.02175	0.02051	0.03244	0.03988	0.01098	0.00920	0.02955	0.00965	0.09057	0.00434	0.00865
5	0.02775	0.09064	0.02603	0.02217	0.05892	0.56006	0.05511	0.03026	0.02150	0.02006	0.01254	0.01490	0.01045	0.00791	0.00716	0.00207	0.01352	0.00541	0.00402	0.00954
6	0.01731	0.01785	0.06282	0.03801	0.43577	0.01643	0.08868	0.02179	0.01748	0.02466	0.02085	0.16112	0.02047	0.01066	0.00846	0.00257	0.00899	0.01040	0.00460	0.01107
7	0.01788	0.12403	0.51557	0.02019	0.03037	0.01900	0.02488	0.02550	0.01740	0.07540	0.04664	0.01908	0.01393	0.00803	0.00735	0.00240	0.01054	0.00623	0.00412	0.01146
8	0.01498	0.01409	0.02378	0.70226	0.05462	0.01762	0.02202	0.02026	0.01586	0.02026	0.01409	0.02114	0.01057	0.00793	0.00793	0.00264	0.01057	0.00705	0.00352	0.00881
9	0.00965	0.00696	0.00914	0.01087	0.01146	0.00646	0.00729	0.01106	0.01535	0.02031	0.04577	0.68012	0.08713	0.02458	0.01008	0.00319	0.00457	0.02222	0.00736	0.00646
10	0.01893	0.01990	0.05624	0.20495	0.42363	0.06134	0.05321	0.02389	0.01778	0.02406	0.01457	0.01963	0.01180	0.00735	0.00788	0.00243	0.01030	0.00700	0.00382	0.01130
11	0.01822	0.02343	0.12461	0.06353	0.06243	0.01969	0.51651	0.02509	0.01831	0.02514	0.01569	0.02074	0.01173	0.00686	0.00901	0.00264	0.01290	0.00874	0.00390	0.01080
12	0.01963	0.01884	0.03219	0.04867	0.67185	0.01884	0.02434	0.02434	0.01806	0.02591	0.01492	0.01963	0.01256	0.00707	0.00785	0.00236	0.00942	0.00707	0.00393	0.01256
13	0.01913	0.01833	0.03128	0.11911	0.60533	0.01871	0.02409	0.02390	0.01782	0.02530	0.01483	0.01979	0.01235	0.00716	0.00786	0.00239	0.00954	0.00706	0.00388	0.01216
14	0.01027	0.00808	0.00943	0.01024	0.01227	0.00724	0.00795	0.01255	0.01755	0.02176	0.06371	0.20534	0.39443	0.02147	0.00991	0.00302	0.00494	0.16570	0.00735	0.00679
15	0.01806	0.01907	0.02638	0.02192	0.02373	0.08943	0.12139	0.02062	0.01460	0.02030	0.01487	0.08743	0.01486	0.01318	0.01972	0.00317	0.44970	0.00872	0.00401	0.00884
16	0.03092	0.02097	0.02303	0.01766	0.02397	0.02275	0.01459	0.55913	0.03521	0.13919	0.02078	0.02017	0.01436	0.00956	0.00794	0.00239	0.00844	0.00726	0.00820	0.01349
17	0.02916	0.05891	0.02072	0.01498	0.02060	0.01431	0.04439	0.08958	0.05276	0.42437	0.11709	0.02970	0.02600	0.01037	0.00806	0.00243	0.00694	0.00867	0.00870	0.01226
18	0.01436	0.01192	0.01307	0.01251	0.01550	0.01266	0.00942	0.02574	0.30839	0.02786	0.12647	0.17082	0.18701	0.01623	0.00892	0.00276	0.00511	0.01397	0.00786	0.00941
19	0.01963	0.01884	0.03219	0.04867	0.67185	0.01884	0.02434	0.02434	0.01806	0.02591	0.01492	0.01963	0.01256	0.00707	0.00785	0.00236	0.00942	0.00707	0.00393	0.01256
20	0.01835	0.02000	0.03718	0.11220	0.10520	0.05511	0.37943	0.02368	0.01772	0.02367	0.01641	0.05656	0.01377	0.00856	0.01047	0.00270	0.07565	0.00908	0.00407	0.01018
21	0.09548	0.02125	0.02158	0.01707	0.02297	0.06614	0.01394	0.43488	0.07915	0.11782	0.02030	0.01990	0.01435	0.00937	0.00763	0.00240	0.00846	0.00699	0.00764	0.01270
22	0.01498	0.01409	0.02378	0.70226	0.05462	0.01762	0.02202	0.02026	0.01586	0.02026	0.01409	0.02114	0.01057	0.00793	0.00793	0.00264	0.01057	0.00705	0.00352	0.00881
23	0.01604	0.01563	0.02748	0.52076	0.11875	0.01834	0.09666	0.02127	0.01628	0.02144	0.01426	0.02084	0.01096	0.00795	0.00889	0.00265	0.04143	0.00732	0.00362	0.00944
24	0.01158	0.00875	0.01210	0.01106	0.01324	0.00800	0.03216	0.01520	0.02138	0.03022	0.55736	0.11794	0.06775	0.01624	0.00929	0.00252	0.00428	0.01453	0.00826	0.03816
25	0.06844	0.50500	0.12667	0.01497	0.02194	0.08047	0.01532	0.02436	0.01656	0.02107	0.01209	0.01401	0.01042	0.00712	0.00560	0.00189	0.00909	0.00465	0.03020	0.01012
26	0.01129	0.00759	0.00872	0.00895	0.00901	0.00753	0.00513	0.01147	0.01199	0.01599	0.02736	0.13600	0.03182	0.63313	0.03653	0.00712	0.00730	0.01293	0.00513	0.00501
27	0.02120	0.72609	0.04155	0.01357	0.02035	0.03138	0.01357	0.02374	0.01611	0.01866	0.01102	0.01272	0.01018	0.00678	0.00509	0.00170	0.00848	0.00424	0.00339	0.01018

[dist]
# distance from previous block
# <min> <max>
0	0

# created by:
# /st0/software/busco_prod/Augustus/scripts/msa2prfl.pl ./align_prep/118661.fa
