[name]
unknown

[dist]
# distance from previous block
# <min> <max>
11	54

[block]
# block no. 0 follows, 25 sequences, length 31
# corresponding to MSA columns:
# 60-90
name=unknown_A
#
# <colnr> <probs for GDERKNQSTAVLIFYWHMCP>
#	G	D	E	R	K	N	Q	S	T	A	V	L	I	F	Y	W	H	M	C	P
0	0.06653	0.07550	0.04309	0.01488	0.01977	0.12211	0.01230	0.13079	0.18048	0.06638	0.04897	0.02686	0.07837	0.01005	0.00727	0.00228	0.00770	0.00776	0.04003	0.03888
1	0.15370	0.02121	0.02074	0.01849	0.07091	0.10969	0.01384	0.33984	0.05353	0.06901	0.04304	0.01937	0.01496	0.00892	0.00722	0.00231	0.00850	0.00664	0.00659	0.01150
2	0.09154	0.02061	0.02002	0.01767	0.04434	0.19113	0.05736	0.13220	0.02145	0.02836	0.09890	0.09828	0.02306	0.01089	0.00863	0.00234	0.04886	0.00867	0.00564	0.07003
3	0.15430	0.04788	0.06371	0.01624	0.04476	0.05519	0.05799	0.05640	0.01851	0.02813	0.20261	0.08460	0.03196	0.01202	0.00946	0.00255	0.07538	0.02370	0.00581	0.00880
4	0.01825	0.01727	0.05178	0.01944	0.02552	0.01554	0.19628	0.07285	0.04454	0.05531	0.01828	0.07681	0.01564	0.00882	0.00901	0.00217	0.06362	0.00806	0.00507	0.27573
5	0.12505	0.08203	0.02093	0.01561	0.02082	0.14858	0.03717	0.07927	0.12797	0.17601	0.04448	0.02129	0.01684	0.00879	0.00703	0.00224	0.00827	0.00671	0.00643	0.04448
6	0.10707	0.32226	0.32022	0.01680	0.02532	0.02296	0.01939	0.02423	0.01594	0.04451	0.01280	0.01463	0.01001	0.00712	0.00610	0.00212	0.00936	0.00497	0.00367	0.01054
7	0.52032	0.01834	0.07601	0.01345	0.01925	0.01808	0.03370	0.11790	0.01777	0.08259	0.01384	0.01512	0.01014	0.00768	0.00584	0.00240	0.00716	0.00518	0.00542	0.00981
8	0.01108	0.00831	0.01246	0.01246	0.01385	0.00969	0.00969	0.01385	0.01246	0.01800	0.02077	0.03046	0.01938	0.05815	0.69678	0.01246	0.02077	0.00831	0.00415	0.00692
9	0.01995	0.49843	0.17043	0.01694	0.02449	0.06413	0.06636	0.02404	0.01642	0.02007	0.01186	0.01398	0.01007	0.00685	0.00590	0.00191	0.00962	0.00490	0.00339	0.01024
10	0.01991	0.02011	0.02972	0.09980	0.55326	0.09442	0.02262	0.02427	0.01796	0.02416	0.01423	0.01873	0.01186	0.00710	0.00761	0.00229	0.00984	0.00669	0.00382	0.01161
11	0.01920	0.01828	0.03038	0.04510	0.62758	0.01849	0.02289	0.02516	0.06831	0.02589	0.01591	0.01995	0.01317	0.00719	0.00769	0.00233	0.00897	0.00705	0.00416	0.01228
12	0.01445	0.00723	0.00723	0.00723	0.00903	0.00723	0.00542	0.01807	0.01626	0.02891	0.02529	0.02891	0.01987	0.00903	0.00542	0.00181	0.00361	0.00723	0.77055	0.00723
13	0.00977	0.00830	0.00848	0.00836	0.01102	0.00723	0.00629	0.01283	0.05041	0.02208	0.10923	0.07140	0.60987	0.01897	0.00910	0.00261	0.00402	0.01585	0.00731	0.00688
14	0.01128	0.00752	0.00846	0.00846	0.00846	0.00752	0.00470	0.01128	0.01128	0.01503	0.02443	0.05074	0.02819	0.72751	0.03946	0.00752	0.00752	0.01128	0.00470	0.00470
15	0.01445	0.00723	0.00723	0.00723	0.00903	0.00723	0.00542	0.01807	0.01626	0.02891	0.02529	0.02891	0.01987	0.00903	0.00542	0.00181	0.00361	0.00723	0.77055	0.00723
16	0.01817	0.01739	0.02964	0.19523	0.53944	0.01816	0.02329	0.02291	0.01717	0.02410	0.01441	0.01952	0.01185	0.00710	0.00769	0.00237	0.00946	0.00690	0.00375	0.01146
17	0.00925	0.00786	0.00797	0.00794	0.01052	0.00658	0.00596	0.01129	0.01787	0.02141	0.10576	0.07386	0.64850	0.01946	0.00916	0.00261	0.00392	0.01626	0.00726	0.00658
18	0.01313	0.00840	0.01082	0.01002	0.01229	0.00760	0.00758	0.01644	0.02121	0.09554	0.52039	0.08734	0.12748	0.01599	0.00905	0.00249	0.00402	0.01400	0.00845	0.00778
19	0.02742	0.03418	0.02290	0.02240	0.08084	0.59827	0.01586	0.02962	0.02101	0.01951	0.01211	0.01461	0.01020	0.00822	0.00812	0.00211	0.05416	0.00526	0.00395	0.00925
20	0.11853	0.02388	0.02548	0.07607	0.28833	0.24388	0.04177	0.02564	0.01820	0.02379	0.01307	0.01671	0.01080	0.00759	0.00778	0.00228	0.03596	0.00601	0.00397	0.01025
21	0.01555	0.04011	0.68733	0.02210	0.03356	0.01801	0.02865	0.02455	0.01637	0.02455	0.01391	0.01637	0.00982	0.00737	0.00737	0.00246	0.01146	0.00573	0.00327	0.01146
22	0.01226	0.00899	0.01192	0.01277	0.01471	0.00891	0.01064	0.01679	0.05647	0.02576	0.21891	0.09473	0.07350	0.01926	0.01003	0.00315	0.00592	0.38026	0.00758	0.00744
23	0.37776	0.19962	0.04492	0.01682	0.10712	0.02030	0.01273	0.02472	0.01553	0.09925	0.01355	0.01507	0.01054	0.00728	0.00564	0.00220	0.00727	0.00499	0.00476	0.00994
24	0.02066	0.01734	0.01831	0.01606	0.02069	0.01993	0.01261	0.12390	0.58020	0.03465	0.02981	0.02754	0.02225	0.01036	0.00787	0.00259	0.00646	0.00852	0.00787	0.01240
25	0.01625	0.13361	0.59996	0.02091	0.03171	0.01972	0.02657	0.02437	0.01629	0.02370	0.01349	0.01584	0.00984	0.00727	0.00704	0.00235	0.01103	0.00552	0.00328	0.01126
26	0.00954	0.00682	0.00908	0.01074	0.01127	0.00636	0.00720	0.01102	0.01526	0.02046	0.07987	0.68342	0.05257	0.02380	0.00985	0.00311	0.00445	0.02157	0.00728	0.00636
27	0.00951	0.00693	0.00896	0.01043	0.01118	0.00638	0.00707	0.01105	0.01555	0.02057	0.08319	0.61589	0.11811	0.02331	0.00978	0.00305	0.00439	0.02098	0.00728	0.00638
28	0.01599	0.01553	0.02188	0.01905	0.01928	0.02142	0.01576	0.01786	0.01197	0.01855	0.01193	0.01920	0.01170	0.02096	0.13675	0.00490	0.59850	0.00704	0.00352	0.00822
29	0.01943	0.01338	0.01493	0.07524	0.01884	0.04102	0.01055	0.18688	0.02207	0.06955	0.08410	0.02887	0.02235	0.05568	0.06290	0.00329	0.00769	0.00805	0.24600	0.00918
30	0.02049	0.70019	0.07051	0.01368	0.02053	0.03009	0.01398	0.02328	0.01578	0.01853	0.01092	0.01262	0.00994	0.00667	0.00509	0.00170	0.00844	0.00422	0.00331	0.01002

[dist]
# distance from previous block
# <min> <max>
0	1

[block]
# block no. 1 follows, 25 sequences, length 115
# corresponding to MSA columns:
# 92-206
name=unknown_B
#
# <colnr> <probs for GDERKNQSTAVLIFYWHMCP>
#	G	D	E	R	K	N	Q	S	T	A	V	L	I	F	Y	W	H	M	C	P
0	0.01571	0.03916	0.65878	0.02321	0.06166	0.01803	0.02844	0.02452	0.01643	0.02459	0.01394	0.01649	0.00993	0.00735	0.00738	0.00245	0.01136	0.00578	0.00330	0.01149
1	0.01689	0.18222	0.50497	0.01981	0.02976	0.02073	0.02428	0.02547	0.06273	0.02381	0.01453	0.01645	0.01084	0.00744	0.00691	0.00230	0.01042	0.00562	0.00361	0.01120
2	0.01110	0.00822	0.00963	0.00987	0.01199	0.00746	0.00740	0.01410	0.04172	0.04706	0.15923	0.21536	0.33810	0.01953	0.00936	0.00278	0.00446	0.06799	0.00752	0.00712
3	0.02884	0.02001	0.02177	0.01687	0.02278	0.02185	0.01388	0.53836	0.06167	0.10804	0.02063	0.02028	0.01453	0.00938	0.00766	0.00232	0.00802	0.00715	0.04308	0.01287
4	0.01445	0.00723	0.00723	0.00723	0.00903	0.00723	0.00542	0.01807	0.01626	0.02891	0.02529	0.02891	0.01987	0.00903	0.00542	0.00181	0.00361	0.00723	0.77055	0.00723
5	0.01128	0.00752	0.00846	0.00846	0.00846	0.00752	0.00470	0.01128	0.01128	0.01503	0.02443	0.05074	0.02819	0.72751	0.03946	0.00752	0.00752	0.01128	0.00470	0.00470
6	0.01518	0.01445	0.02479	0.62520	0.10954	0.01742	0.04395	0.02035	0.01580	0.02049	0.01392	0.02055	0.01056	0.00763	0.00779	0.00256	0.01033	0.00697	0.00350	0.00901
7	0.02073	0.73217	0.04063	0.01327	0.01990	0.03068	0.01327	0.02322	0.01575	0.01824	0.01078	0.01244	0.00995	0.00663	0.00498	0.00166	0.00829	0.00415	0.00332	0.00995
8	0.00916	0.00785	0.00785	0.00785	0.01047	0.00655	0.00589	0.01113	0.01767	0.02095	0.07855	0.07462	0.67599	0.01964	0.00916	0.00262	0.00393	0.01636	0.00720	0.00655
9	0.01819	0.01749	0.02924	0.15346	0.50077	0.01883	0.02264	0.02255	0.01664	0.02366	0.01395	0.01918	0.01172	0.00781	0.00972	0.00247	0.08983	0.00689	0.00372	0.01124
10	0.01608	0.01378	0.01608	0.01148	0.01837	0.01034	0.00919	0.01952	0.01608	0.02527	0.01378	0.01608	0.01148	0.00574	0.00574	0.00115	0.00574	0.00459	0.00459	0.77491
11	0.68113	0.01475	0.01229	0.01068	0.01564	0.01658	0.00880	0.02482	0.01441	0.12271	0.01347	0.01446	0.00986	0.00752	0.00520	0.00240	0.00608	0.00469	0.00545	0.00905
12	0.03479	0.01320	0.01799	0.01380	0.01979	0.01140	0.01140	0.03779	0.02219	0.68451	0.03059	0.02639	0.01919	0.00960	0.00780	0.00240	0.00660	0.00780	0.00960	0.01320
13	0.01608	0.01378	0.01608	0.01148	0.01837	0.01034	0.00919	0.01952	0.01608	0.02527	0.01378	0.01608	0.01148	0.00574	0.00574	0.00115	0.00574	0.00459	0.00459	0.77491
14	0.01696	0.01696	0.02375	0.02036	0.02036	0.02375	0.01696	0.01866	0.01187	0.01866	0.01018	0.01696	0.01018	0.01357	0.02545	0.00339	0.71332	0.00679	0.00339	0.00848
15	0.01696	0.01696	0.02375	0.02036	0.02036	0.02375	0.01696	0.01866	0.01187	0.01866	0.01018	0.01696	0.01018	0.01357	0.02545	0.00339	0.71332	0.00679	0.00339	0.00848
16	0.01109	0.00827	0.01227	0.01227	0.01359	0.00959	0.00946	0.01373	0.01241	0.01786	0.02094	0.03140	0.01979	0.08929	0.66620	0.01223	0.02015	0.00845	0.00418	0.00682
17	0.00945	0.00675	0.00900	0.01080	0.01125	0.00630	0.00720	0.01080	0.01484	0.01979	0.04274	0.72245	0.05128	0.02429	0.00990	0.00315	0.00450	0.02204	0.00720	0.00630
18	0.01083	0.00792	0.01017	0.00960	0.01150	0.00726	0.00720	0.01436	0.02161	0.03029	0.62804	0.05923	0.12067	0.01615	0.00915	0.00245	0.00368	0.01421	0.00843	0.00726
19	0.01097	0.00793	0.01036	0.00975	0.01158	0.00732	0.00732	0.01463	0.02195	0.03109	0.67505	0.05792	0.07316	0.01585	0.00914	0.00244	0.00366	0.01402	0.00854	0.00732
20	0.01608	0.01378	0.01608	0.01148	0.01837	0.01034	0.00919	0.01952	0.01608	0.02527	0.01378	0.01608	0.01148	0.00574	0.00574	0.00115	0.00574	0.00459	0.00459	0.77491
21	0.02077	0.01827	0.01805	0.01600	0.02041	0.07437	0.01259	0.12721	0.45860	0.03275	0.03060	0.03124	0.05050	0.01110	0.00800	0.00258	0.00709	0.04075	0.00748	0.01162
22	0.01825	0.01760	0.03041	0.17849	0.52898	0.01823	0.04861	0.02305	0.01725	0.02421	0.01447	0.01955	0.01187	0.00706	0.00775	0.00237	0.00959	0.00700	0.00376	0.01148
23	0.01696	0.01696	0.02375	0.02036	0.02036	0.02375	0.01696	0.01866	0.01187	0.01866	0.01018	0.01696	0.01018	0.01357	0.02545	0.00339	0.71332	0.00679	0.00339	0.00848
24	0.01088	0.00797	0.01024	0.00980	0.01169	0.00732	0.00743	0.01439	0.02138	0.02982	0.59255	0.06078	0.12542	0.01645	0.00922	0.00251	0.00384	0.04273	0.00835	0.00724
25	0.78228	0.01499	0.01140	0.01020	0.01499	0.01739	0.00840	0.02279	0.01320	0.03479	0.01080	0.01260	0.00840	0.00720	0.00480	0.00240	0.00600	0.00420	0.00480	0.00840
26	0.02860	0.06737	0.02279	0.01968	0.02379	0.66725	0.01491	0.03062	0.02170	0.01894	0.01193	0.01391	0.00999	0.00793	0.00690	0.00198	0.01373	0.00496	0.00397	0.00903
27	0.04841	0.00757	0.00741	0.00736	0.00930	0.00768	0.00555	0.01828	0.01612	0.02917	0.02465	0.02819	0.01937	0.00895	0.00539	0.00183	0.00372	0.00709	0.73669	0.00728
28	0.01919	0.01842	0.03147	0.04759	0.67914	0.01842	0.02380	0.02380	0.01765	0.02533	0.01458	0.01919	0.01228	0.00691	0.00768	0.00230	0.00921	0.00691	0.00384	0.01228
29	0.02905	0.02151	0.02303	0.01775	0.02388	0.02385	0.01463	0.62779	0.06264	0.04818	0.01915	0.01905	0.01362	0.00936	0.00776	0.00234	0.00843	0.00706	0.00776	0.01315
30	0.00945	0.00675	0.00900	0.01080	0.01125	0.00630	0.00720	0.01080	0.01484	0.01979	0.04274	0.72245	0.05128	0.02429	0.00990	0.00315	0.00450	0.02204	0.00720	0.00630
31	0.11514	0.02095	0.02262	0.13597	0.06247	0.10841	0.04253	0.28361	0.07478	0.03489	0.01666	0.01856	0.01241	0.00847	0.00737	0.00237	0.00929	0.00660	0.00583	0.01106
32	0.01911	0.01886	0.03063	0.04387	0.59013	0.04744	0.05175	0.02357	0.01787	0.02483	0.01747	0.02160	0.04273	0.00752	0.00778	0.00232	0.00936	0.00736	0.00400	0.01179
33	0.01649	0.13497	0.50946	0.05170	0.03312	0.01991	0.08207	0.02418	0.01642	0.02348	0.01363	0.01641	0.01004	0.00721	0.00721	0.00236	0.01111	0.00586	0.00335	0.01103
34	0.01738	0.01766	0.02369	0.02034	0.02048	0.04717	0.01689	0.01909	0.01223	0.01867	0.01024	0.01686	0.01017	0.01338	0.02480	0.00334	0.68897	0.00672	0.00341	0.00850
35	0.01192	0.00814	0.01038	0.00977	0.01186	0.00738	0.00734	0.01522	0.02109	0.06335	0.53665	0.08930	0.14552	0.01640	0.00911	0.00249	0.00388	0.01437	0.00836	0.00748
36	0.01726	0.01475	0.01804	0.01298	0.01986	0.01188	0.03947	0.07100	0.01783	0.02715	0.01426	0.01651	0.01163	0.00607	0.00606	0.00131	0.00631	0.00500	0.00482	0.67780
37	0.00945	0.00675	0.00900	0.01080	0.01125	0.00630	0.00720	0.01080	0.01484	0.01979	0.04274	0.72245	0.05128	0.02429	0.00990	0.00315	0.00450	0.02204	0.00720	0.00630
38	0.01097	0.00793	0.01036	0.00975	0.01158	0.00732	0.00732	0.01463	0.02195	0.03109	0.67505	0.05792	0.07316	0.01585	0.00914	0.00244	0.00366	0.01402	0.00854	0.00732
39	0.01792	0.02927	0.33202	0.03412	0.32999	0.04826	0.04966	0.02450	0.01728	0.02468	0.01420	0.01773	0.01103	0.00715	0.00756	0.00237	0.01060	0.00637	0.00359	0.01169
40	0.01744	0.01745	0.03213	0.26755	0.31416	0.01830	0.17373	0.02270	0.01708	0.02335	0.01458	0.02011	0.01150	0.00710	0.00806	0.00247	0.01052	0.00744	0.00373	0.01060
41	0.01188	0.00849	0.01179	0.01358	0.01509	0.00840	0.01143	0.01500	0.01724	0.02252	0.04139	0.21523	0.04596	0.02200	0.01055	0.00349	0.00661	0.50524	0.00715	0.00697
42	0.04297	0.00817	0.01028	0.00994	0.01183	0.00769	0.00749	0.01459	0.02071	0.02965	0.54881	0.10588	0.09579	0.01650	0.00908	0.00254	0.00397	0.03871	0.00817	0.00724
43	0.01642	0.15574	0.57928	0.02062	0.03128	0.02012	0.02608	0.02433	0.01627	0.02350	0.01339	0.01571	0.00984	0.00724	0.00697	0.00232	0.01093	0.00546	0.00328	0.01121
44	0.01479	0.01229	0.01396	0.01381	0.03631	0.01322	0.01005	0.02676	0.33331	0.02836	0.15784	0.15969	0.11799	0.01491	0.00862	0.00267	0.00522	0.01292	0.00768	0.00961
45	0.78228	0.01499	0.01140	0.01020	0.01499	0.01739	0.00840	0.02279	0.01320	0.03479	0.01080	0.01260	0.00840	0.00720	0.00480	0.00240	0.00600	0.00420	0.00480	0.00840
46	0.01894	0.01806	0.03075	0.04633	0.65401	0.01806	0.02337	0.02350	0.01766	0.02525	0.01559	0.02178	0.01351	0.00746	0.00779	0.00235	0.00913	0.03041	0.00396	0.01209
47	0.01981	0.09355	0.35396	0.02188	0.08079	0.04964	0.04715	0.02840	0.10106	0.10343	0.01793	0.01913	0.01302	0.00793	0.00735	0.00237	0.00991	0.00642	0.00473	0.01155
48	0.01009	0.00807	0.00915	0.00939	0.01172	0.00712	0.00738	0.01264	0.01840	0.02303	0.16836	0.07436	0.45749	0.01936	0.00946	0.00277	0.00450	0.13252	0.00741	0.00678
49	0.00945	0.00675	0.00900	0.01080	0.01125	0.00630	0.00720	0.01080	0.01484	0.01979	0.04274	0.72245	0.05128	0.02429	0.00990	0.00315	0.00450	0.02204	0.00720	0.00630
50	0.01786	0.02262	0.11595	0.06365	0.07003	0.01926	0.52279	0.02452	0.01792	0.02459	0.01535	0.02031	0.01150	0.00670	0.00882	0.00258	0.01258	0.00856	0.00382	0.01057
51	0.01968	0.01969	0.02994	0.10016	0.56872	0.07870	0.02282	0.02410	0.01786	0.02431	0.01429	0.01885	0.01192	0.00707	0.00762	0.00230	0.00973	0.00674	0.00382	0.01168
52	0.02868	0.03495	0.02187	0.01971	0.02361	0.63408	0.01491	0.03071	0.02152	0.04939	0.01275	0.01469	0.01042	0.00832	0.00788	0.00208	0.04586	0.00520	0.00422	0.00916
53	0.06798	0.05991	0.02220	0.01905	0.02336	0.58420	0.01456	0.07891	0.02242	0.02211	0.01240	0.01422	0.01015	0.00800	0.00686	0.00203	0.01293	0.00508	0.00431	0.00932
54	0.01060	0.00791	0.00985	0.00936	0.01135	0.00716	0.00702	0.01391	0.02106	0.02900	0.55177	0.06137	0.19775	0.01663	0.00915	0.00248	0.00371	0.01451	0.00826	0.00716
55	0.01879	0.01535	0.01662	0.01522	0.01923	0.01743	0.01183	0.03741	0.55604	0.05724	0.03287	0.08818	0.02672	0.01211	0.00818	0.00271	0.00607	0.03855	0.00787	0.01158
56	0.02073	0.73217	0.04063	0.01327	0.01990	0.03068	0.01327	0.02322	0.01575	0.01824	0.01078	0.01244	0.00995	0.00663	0.00498	0.00166	0.00829	0.00415	0.00332	0.00995
57	0.00952	0.00680	0.00906	0.01075	0.01126	0.00635	0.00720	0.01097	0.01518	0.02032	0.07215	0.69153	0.05230	0.02390	0.00986	0.00312	0.00446	0.02167	0.00726	0.00635
58	0.02749	0.02557	0.08141	0.01828	0.02434	0.15694	0.01566	0.39137	0.08569	0.06858	0.01855	0.01874	0.01343	0.00899	0.00758	0.00230	0.00959	0.00666	0.00670	0.01211
59	0.02050	0.70172	0.06908	0.01366	0.02050	0.03012	0.01394	0.02328	0.01578	0.01852	0.01092	0.01261	0.00994	0.00667	0.00508	0.00169	0.00843	0.00422	0.00331	0.01002
60	0.01074	0.00792	0.01003	0.00950	0.01144	0.00721	0.00713	0.01417	0.02139	0.02976	0.59663	0.06011	0.15241	0.01635	0.00915	0.00246	0.00369	0.01433	0.00836	0.00721
61	0.01464	0.01378	0.02326	0.70887	0.05340	0.01723	0.02153	0.01981	0.01550	0.01981	0.01378	0.02067	0.01034	0.00775	0.00775	0.00258	0.01034	0.00689	0.00345	0.00861
62	0.01095	0.00738	0.00855	0.00887	0.00895	0.00730	0.00514	0.01119	0.01191	0.01588	0.02769	0.17027	0.03230	0.60237	0.03420	0.00674	0.00698	0.01319	0.00514	0.00498
63	0.78228	0.01499	0.01140	0.01020	0.01499	0.01739	0.00840	0.02279	0.01320	0.03479	0.01080	0.01260	0.00840	0.00720	0.00480	0.00240	0.00600	0.00420	0.00480	0.00840
64	0.01128	0.00752	0.00846	0.00846	0.00846	0.00752	0.00470	0.01128	0.01128	0.01503	0.02443	0.05074	0.02819	0.72751	0.03946	0.00752	0.00752	0.01128	0.00470	0.00470
65	0.01696	0.01696	0.02375	0.02036	0.02036	0.02375	0.01696	0.01866	0.01187	0.01866	0.01018	0.01696	0.01018	0.01357	0.02545	0.00339	0.71332	0.00679	0.00339	0.00848
66	0.01347	0.00673	0.01010	0.01010	0.01010	0.00673	0.00673	0.01010	0.01010	0.01347	0.01347	0.02357	0.01347	0.02694	0.03030	0.77441	0.00673	0.00673	0.00337	0.00337
67	0.01608	0.01378	0.01608	0.01148	0.01837	0.01034	0.00919	0.01952	0.01608	0.02527	0.01378	0.01608	0.01148	0.00574	0.00574	0.00115	0.00574	0.00459	0.00459	0.77491
68	0.01608	0.01378	0.01608	0.01148	0.01837	0.01034	0.00919	0.01952	0.01608	0.02527	0.01378	0.01608	0.01148	0.00574	0.00574	0.00115	0.00574	0.00459	0.00459	0.77491
69	0.01128	0.00752	0.00846	0.00846	0.00846	0.00752	0.00470	0.01128	0.01128	0.01503	0.02443	0.05074	0.02819	0.72751	0.03946	0.00752	0.00752	0.01128	0.00470	0.00470
70	0.01476	0.00840	0.00922	0.00881	0.01040	0.00922	0.00681	0.01814	0.01573	0.02767	0.02347	0.02747	0.01870	0.00958	0.00784	0.00200	0.08921	0.00717	0.67802	0.00738
71	0.02947	0.02172	0.02327	0.01784	0.02404	0.02404	0.01474	0.65329	0.03646	0.04887	0.01862	0.01862	0.01319	0.00931	0.00776	0.00233	0.00853	0.00698	0.00776	0.01319
72	0.01097	0.00793	0.01036	0.00975	0.01158	0.00732	0.00732	0.01463	0.02195	0.03109	0.67505	0.05792	0.07316	0.01585	0.00914	0.00244	0.00366	0.01402	0.00854	0.00732
73	0.02112	0.01638	0.01834	0.01683	0.05004	0.01822	0.01263	0.11608	0.45009	0.08606	0.08298	0.02939	0.02560	0.01057	0.00796	0.00254	0.00641	0.00882	0.00788	0.01205
74	0.01696	0.01696	0.02375	0.02036	0.02036	0.02375	0.01696	0.01866	0.01187	0.01866	0.01018	0.01696	0.01018	0.01357	0.02545	0.00339	0.71332	0.00679	0.00339	0.00848
75	0.00945	0.00675	0.00900	0.01080	0.01125	0.00630	0.00720	0.01080	0.01484	0.01979	0.04274	0.72245	0.05128	0.02429	0.00990	0.00315	0.00450	0.02204	0.00720	0.00630
76	0.01696	0.01696	0.02375	0.02036	0.02036	0.02375	0.01696	0.01866	0.01187	0.01866	0.01018	0.01696	0.01018	0.01357	0.02545	0.00339	0.71332	0.00679	0.00339	0.00848
77	0.00945	0.00675	0.00900	0.01080	0.01125	0.00630	0.00720	0.01080	0.01484	0.01979	0.04274	0.72245	0.05128	0.02429	0.00990	0.00315	0.00450	0.02204	0.00720	0.00630
78	0.01696	0.01696	0.02375	0.02036	0.02036	0.02375	0.01696	0.01866	0.01187	0.01866	0.01018	0.01696	0.01018	0.01357	0.02545	0.00339	0.71332	0.00679	0.00339	0.00848
79	0.01090	0.00792	0.01027	0.00968	0.01154	0.00729	0.00726	0.01450	0.02178	0.03070	0.65219	0.05856	0.09626	0.01600	0.00915	0.00245	0.00367	0.01411	0.00848	0.00729
80	0.00945	0.00675	0.00900	0.01080	0.01125	0.00630	0.00720	0.01080	0.01484	0.01979	0.04274	0.72245	0.05128	0.02429	0.00990	0.00315	0.00450	0.02204	0.00720	0.00630
81	0.03479	0.01320	0.01799	0.01380	0.01979	0.01140	0.01140	0.03779	0.02219	0.68451	0.03059	0.02639	0.01919	0.00960	0.00780	0.00240	0.00660	0.00780	0.00960	0.01320
82	0.01608	0.01378	0.01608	0.01148	0.01837	0.01034	0.00919	0.01952	0.01608	0.02527	0.01378	0.01608	0.01148	0.00574	0.00574	0.00115	0.00574	0.00459	0.00459	0.77491
83	0.02606	0.01126	0.01520	0.01231	0.01678	0.00990	0.00990	0.02930	0.02210	0.44493	0.26688	0.03795	0.03898	0.01189	0.00829	0.00241	0.00552	0.01008	0.00921	0.01104
84	0.02912	0.02154	0.02307	0.01777	0.02391	0.02388	0.01465	0.63200	0.05831	0.04829	0.01907	0.01897	0.01355	0.00935	0.00776	0.00234	0.00845	0.00704	0.00776	0.01315
85	0.01774	0.02084	0.06614	0.03117	0.03875	0.01886	0.59578	0.02409	0.01805	0.02456	0.01703	0.05733	0.01376	0.00749	0.00913	0.00264	0.01257	0.00970	0.00407	0.01028
86	0.01236	0.00883	0.01234	0.01413	0.01585	0.00881	0.01226	0.01583	0.01772	0.02306	0.04113	0.11510	0.04491	0.02154	0.01067	0.00355	0.00702	0.60062	0.00714	0.00710
87	0.75092	0.01527	0.01189	0.01051	0.01537	0.01767	0.00866	0.04905	0.01416	0.03537	0.01112	0.01285	0.00860	0.00729	0.00492	0.00240	0.00610	0.00431	0.00492	0.00860
88	0.01111	0.00749	0.00869	0.00884	0.00894	0.00751	0.00514	0.01135	0.01164	0.01558	0.02585	0.10804	0.02979	0.63595	0.06695	0.00736	0.00786	0.01207	0.00489	0.00494
89	0.01301	0.00976	0.01266	0.01385	0.01598	0.00999	0.01175	0.01877	0.10279	0.02410	0.04257	0.10839	0.08739	0.01999	0.01019	0.00336	0.00665	0.47381	0.00725	0.00773
90	0.02969	0.02138	0.02306	0.01768	0.02388	0.02354	0.01460	0.62878	0.03589	0.07418	0.01909	0.01893	0.01343	0.00932	0.00776	0.00233	0.00846	0.00701	0.00783	0.01319
91	0.01529	0.01413	0.02326	0.67863	0.05212	0.01752	0.02124	0.04753	0.01642	0.02108	0.01399	0.02058	0.01046	0.00782	0.00775	0.00257	0.01026	0.00689	0.00363	0.00881
92	0.01034	0.00813	0.00947	0.01095	0.01165	0.03598	0.00737	0.01170	0.01517	0.01964	0.04261	0.63354	0.08123	0.04923	0.01082	0.00323	0.00499	0.02062	0.00697	0.00637
93	0.01047	0.00768	0.00840	0.00834	0.00947	0.00714	0.00536	0.01151	0.01455	0.01859	0.09968	0.06020	0.27224	0.40464	0.02566	0.00527	0.00586	0.01340	0.00595	0.00561
94	0.01110	0.00821	0.01195	0.01195	0.01316	0.00941	0.00905	0.01352	0.01231	0.01762	0.02124	0.03306	0.02051	0.14385	0.61262	0.01183	0.01907	0.00869	0.00422	0.00664
95	0.01485	0.01399	0.02363	0.67864	0.08201	0.01728	0.02164	0.01999	0.01560	0.02006	0.01382	0.02060	0.01042	0.00771	0.00775	0.00257	0.01028	0.00689	0.00346	0.00878
96	0.01157	0.00921	0.01244	0.01192	0.01438	0.00793	0.03536	0.01369	0.01532	0.02145	0.03396	0.50662	0.03912	0.01865	0.00877	0.00260	0.00519	0.01690	0.00637	0.20855
97	0.06031	0.18766	0.02558	0.01808	0.02269	0.52127	0.01432	0.02891	0.02023	0.01951	0.01167	0.01358	0.00991	0.00766	0.00645	0.00194	0.01239	0.00477	0.00388	0.00917
98	0.02972	0.02133	0.02303	0.01765	0.02385	0.02346	0.01458	0.62493	0.03580	0.07815	0.01917	0.01897	0.01346	0.00932	0.00776	0.00233	0.00844	0.00702	0.00784	0.01319
99	0.01115	0.00830	0.01229	0.01237	0.01371	0.00957	0.00960	0.01383	0.01264	0.01809	0.02179	0.03376	0.02084	0.08532	0.63936	0.01187	0.01962	0.03477	0.00430	0.00684
100	0.01347	0.00673	0.01010	0.01010	0.01010	0.00673	0.00673	0.01010	0.01010	0.01347	0.01347	0.02357	0.01347	0.02694	0.03030	0.77441	0.00673	0.00673	0.00337	0.00337
101	0.01128	0.00752	0.00846	0.00846	0.00846	0.00752	0.00470	0.01128	0.01128	0.01503	0.02443	0.05074	0.02819	0.72751	0.03946	0.00752	0.00752	0.01128	0.00470	0.00470
102	0.00967	0.00787	0.00856	0.00839	0.01078	0.00676	0.00629	0.01211	0.01887	0.02379	0.24581	0.06994	0.50696	0.01858	0.00916	0.00257	0.00385	0.01571	0.00757	0.00676
103	0.01929	0.01666	0.01753	0.01578	0.02016	0.01929	0.01227	0.04120	0.66513	0.03243	0.03156	0.02893	0.02367	0.01052	0.00789	0.00263	0.00614	0.00877	0.00789	0.01227
104	0.03278	0.01275	0.01735	0.01345	0.01910	0.01105	0.01105	0.03584	0.02217	0.62948	0.08487	0.02905	0.02374	0.01012	0.00791	0.00240	0.00635	0.00832	0.00951	0.01270
105	0.01987	0.61743	0.14786	0.01473	0.02217	0.02858	0.01582	0.02344	0.01586	0.01929	0.01130	0.01309	0.00993	0.00676	0.00537	0.00179	0.00882	0.00441	0.00331	0.01020
106	0.01830	0.02092	0.04575	0.03268	0.04052	0.01961	0.65098	0.02484	0.01830	0.02484	0.01569	0.02092	0.01176	0.00654	0.00915	0.00261	0.01307	0.00915	0.00392	0.01046
107	0.00945	0.00675	0.00900	0.01080	0.01125	0.00630	0.00720	0.01080	0.01484	0.01979	0.04274	0.72245	0.05128	0.02429	0.00990	0.00315	0.00450	0.02204	0.00720	0.00630
108	0.00922	0.00762	0.00809	0.00847	0.01063	0.00649	0.00616	0.01106	0.01709	0.02071	0.07111	0.20911	0.54630	0.02060	0.00932	0.00273	0.00405	0.01754	0.00720	0.00649
109	0.01697	0.05220	0.37394	0.02668	0.03634	0.01912	0.31324	0.02464	0.01724	0.02449	0.01463	0.01833	0.01072	0.00696	0.00811	0.00250	0.01210	0.00725	0.00357	0.01095
110	0.01212	0.01054	0.01647	0.27464	0.02868	0.01186	0.03743	0.01523	0.01521	0.01995	0.03119	0.31748	0.08044	0.01813	0.04164	0.00332	0.03875	0.01410	0.00535	0.00747
111	0.00943	0.00680	0.00895	0.01067	0.01121	0.00631	0.00714	0.01081	0.01497	0.01984	0.04432	0.69380	0.07891	0.02409	0.00986	0.00313	0.00447	0.02179	0.00720	0.00631
112	0.02826	0.03476	0.02170	0.01957	0.02369	0.61581	0.01477	0.05925	0.07090	0.02131	0.01375	0.01531	0.01116	0.00824	0.00709	0.00206	0.01315	0.00536	0.00445	0.00942
113	0.02748	0.02033	0.02191	0.01720	0.02287	0.02245	0.01404	0.57766	0.06007	0.04590	0.02105	0.07487	0.01663	0.01055	0.00793	0.00240	0.00812	0.00825	0.00772	0.01260
114	0.01636	0.01460	0.02384	0.03447	0.42878	0.01457	0.01872	0.02022	0.01715	0.02383	0.02381	0.09333	0.02413	0.04941	0.01025	0.00295	0.00824	0.16022	0.00496	0.01015

[dist]
# distance from previous block
# <min> <max>
0	6

# created by:
# /st0/software/busco_prod/Augustus/scripts/msa2prfl.pl ./align_prep/118799.fa
