[name]
unknown

[dist]
# distance from previous block
# <min> <max>
0	44

[block]
# block no. 0 follows, 24 sequences, length 23
# corresponding to MSA columns:
# 44-66
name=unknown_A
#
# <colnr> <probs for GDERKNQSTAVLIFYWHMCP>
#	G	D	E	R	K	N	Q	S	T	A	V	L	I	F	Y	W	H	M	C	P
0	0.01278	0.00913	0.01278	0.01460	0.01643	0.00913	0.01278	0.01643	0.01825	0.02373	0.04199	0.08945	0.04564	0.02191	0.01095	0.00365	0.00730	0.61847	0.00730	0.00730
1	0.02855	0.02141	0.02289	0.05638	0.02566	0.04966	0.01505	0.49471	0.09487	0.07899	0.02043	0.02042	0.01456	0.00951	0.00792	0.00242	0.00871	0.00727	0.00764	0.01296
2	0.01122	0.00811	0.01060	0.00998	0.01185	0.00748	0.00748	0.01496	0.02245	0.03180	0.66766	0.05923	0.07482	0.01621	0.00935	0.00249	0.00374	0.01434	0.00873	0.00748
3	0.01590	0.04102	0.68023	0.02260	0.03432	0.01842	0.02930	0.02511	0.01674	0.02511	0.01423	0.01674	0.01005	0.00753	0.00753	0.00251	0.01172	0.00586	0.00335	0.01172
4	0.01122	0.00811	0.01060	0.00998	0.01185	0.00748	0.00748	0.01496	0.02245	0.03180	0.66766	0.05923	0.07482	0.01621	0.00935	0.00249	0.00374	0.01434	0.00873	0.00748
5	0.01590	0.04102	0.68023	0.02260	0.03432	0.01842	0.02930	0.02511	0.01674	0.02511	0.01423	0.01674	0.01005	0.00753	0.00753	0.00251	0.01172	0.00586	0.00335	0.01172
6	0.01536	0.01485	0.02616	0.63311	0.05325	0.01787	0.08622	0.02079	0.01615	0.02079	0.01430	0.02117	0.01072	0.00780	0.00808	0.00265	0.01086	0.00729	0.00357	0.00900
7	0.01963	0.01884	0.03219	0.04867	0.67185	0.01884	0.02434	0.02434	0.01806	0.02591	0.01492	0.01963	0.01256	0.00707	0.00785	0.00236	0.00942	0.00707	0.00393	0.01256
8	0.01370	0.00928	0.01023	0.01014	0.01036	0.00897	0.00582	0.01312	0.01289	0.01741	0.02665	0.05352	0.03019	0.69795	0.04008	0.00788	0.00833	0.01200	0.00549	0.00598
9	0.01085	0.00799	0.01020	0.01049	0.01198	0.00751	0.00754	0.01431	0.04369	0.02689	0.37368	0.30396	0.10221	0.01947	0.00959	0.00278	0.00418	0.01734	0.00811	0.00724
10	0.01407	0.00743	0.00777	0.00777	0.00916	0.00743	0.00544	0.01672	0.01532	0.02600	0.02520	0.03397	0.02182	0.15733	0.01376	0.03359	0.00465	0.00823	0.57763	0.00670
11	0.02444	0.28272	0.10518	0.01768	0.02391	0.25479	0.01610	0.10061	0.06152	0.02425	0.01411	0.01554	0.01145	0.00792	0.00660	0.00205	0.01075	0.00536	0.00445	0.01055
12	0.02947	0.09053	0.04943	0.01492	0.02153	0.01647	0.01297	0.15741	0.02385	0.36246	0.02356	0.02198	0.01589	0.00879	0.00735	0.00218	0.00742	0.00687	0.00778	0.11914
13	0.06772	0.46368	0.15894	0.01653	0.02396	0.08302	0.04403	0.02472	0.01672	0.02129	0.01196	0.01400	0.01014	0.00707	0.00590	0.00197	0.00965	0.00485	0.00356	0.01031
14	0.01544	0.01301	0.01376	0.01260	0.01623	0.01386	0.00972	0.05118	0.33339	0.02933	0.11320	0.04945	0.26743	0.01471	0.00867	0.00265	0.00528	0.01231	0.00787	0.00991
15	0.01249	0.01105	0.01908	0.01711	0.01942	0.01085	0.15533	0.01533	0.01613	0.02171	0.03527	0.45551	0.04008	0.01975	0.01092	0.00315	0.04638	0.07643	0.00636	0.00763
16	0.01872	0.05550	0.16256	0.07415	0.48319	0.01927	0.02473	0.02426	0.01759	0.02514	0.01456	0.01880	0.01185	0.00719	0.00766	0.00237	0.00990	0.00669	0.00376	0.01210
17	0.01992	0.01655	0.02437	0.05955	0.22886	0.01717	0.07377	0.03033	0.23333	0.09490	0.02940	0.02994	0.08621	0.00997	0.00824	0.00255	0.00793	0.00903	0.00628	0.01169
18	0.00963	0.00702	0.00908	0.01073	0.01142	0.00647	0.00722	0.01108	0.01548	0.02036	0.04749	0.64999	0.11615	0.02435	0.01004	0.00316	0.00454	0.02194	0.00736	0.00647
19	0.01681	0.03189	0.41859	0.09779	0.14221	0.01863	0.11305	0.02453	0.01714	0.02479	0.01458	0.01831	0.01079	0.00738	0.00788	0.00252	0.01145	0.00667	0.00355	0.01142
20	0.01943	0.26750	0.29630	0.02408	0.14576	0.04639	0.02201	0.04984	0.01780	0.02389	0.01340	0.01592	0.01070	0.00730	0.00677	0.00219	0.01017	0.00556	0.00368	0.01134
21	0.01068	0.00905	0.00937	0.00930	0.01211	0.00822	0.00713	0.01494	0.08556	0.02281	0.07288	0.07220	0.56197	0.01921	0.00933	0.00274	0.00446	0.05325	0.00743	0.00735
22	0.61145	0.01612	0.04131	0.04839	0.01885	0.01704	0.01056	0.02515	0.01491	0.11483	0.01388	0.01526	0.01014	0.00771	0.00556	0.00247	0.00668	0.00497	0.00538	0.00935

[dist]
# distance from previous block
# <min> <max>
0	1

[block]
# block no. 1 follows, 24 sequences, length 43
# corresponding to MSA columns:
# 69-111
name=unknown_B
#
# <colnr> <probs for GDERKNQSTAVLIFYWHMCP>
#	G	D	E	R	K	N	Q	S	T	A	V	L	I	F	Y	W	H	M	C	P
0	0.01350	0.06878	0.09139	0.01475	0.06316	0.01192	0.01188	0.01862	0.04752	0.02965	0.46826	0.04666	0.05578	0.01360	0.00865	0.00243	0.00554	0.01184	0.00732	0.00875
1	0.01620	0.00781	0.00814	0.00785	0.00999	0.00768	0.00596	0.01985	0.01704	0.07363	0.02624	0.02939	0.02028	0.00928	0.00571	0.00189	0.00390	0.00743	0.71394	0.00781
2	0.01198	0.00826	0.01027	0.00987	0.01201	0.00741	0.00736	0.01501	0.02062	0.06432	0.42308	0.13440	0.21034	0.01773	0.00937	0.00262	0.00407	0.01546	0.00831	0.00752
3	0.69861	0.04100	0.01316	0.01093	0.01588	0.01841	0.00904	0.02461	0.05740	0.03481	0.01249	0.01401	0.00971	0.00757	0.00513	0.00244	0.00623	0.00461	0.00507	0.00891
4	0.01839	0.02308	0.10591	0.03186	0.03989	0.02008	0.55824	0.02511	0.01825	0.02511	0.01563	0.02078	0.01177	0.00707	0.00989	0.00269	0.04269	0.00892	0.00392	0.01071
5	0.01707	0.05528	0.02338	0.19190	0.12833	0.04777	0.04269	0.02084	0.01580	0.02255	0.01590	0.02154	0.01325	0.01254	0.05586	0.00321	0.15372	0.00704	0.14217	0.00916
6	0.01791	0.04553	0.15490	0.08347	0.03924	0.02019	0.42505	0.02447	0.01763	0.02432	0.01504	0.02002	0.01140	0.00741	0.00989	0.00267	0.05824	0.00824	0.00380	0.01058
7	0.01138	0.00771	0.00860	0.00860	0.00880	0.00762	0.00489	0.01152	0.01201	0.01581	0.02900	0.05366	0.07522	0.67047	0.03811	0.00732	0.00742	0.01191	0.00499	0.00494
8	0.05458	0.01949	0.07937	0.07382	0.14731	0.02078	0.12431	0.02185	0.01517	0.02311	0.01329	0.01885	0.01131	0.01004	0.01547	0.00290	0.30203	0.00718	0.02922	0.00993
9	0.02120	0.72609	0.04155	0.01357	0.02035	0.03138	0.01357	0.02374	0.01611	0.01866	0.01102	0.01272	0.01018	0.00678	0.00509	0.00170	0.00848	0.00424	0.00339	0.01018
10	0.01867	0.02052	0.04285	0.07377	0.15671	0.01970	0.49575	0.02492	0.01844	0.02520	0.01573	0.02106	0.01205	0.00682	0.00900	0.00261	0.01249	0.00881	0.00397	0.01093
11	0.01133	0.00850	0.01274	0.01274	0.01416	0.00991	0.00991	0.01416	0.01274	0.01841	0.02124	0.03115	0.01982	0.05947	0.68989	0.01274	0.02124	0.00850	0.00425	0.00708
12	0.01151	0.00778	0.00911	0.00911	0.00927	0.00794	0.00538	0.01183	0.01167	0.01572	0.02457	0.04957	0.02782	0.64725	0.11305	0.00825	0.00920	0.01119	0.00474	0.00506
13	0.02120	0.72609	0.04155	0.01357	0.02035	0.03138	0.01357	0.02374	0.01611	0.01866	0.01102	0.01272	0.01018	0.00678	0.00509	0.00170	0.00848	0.00424	0.00339	0.01018
14	0.02338	0.01963	0.01960	0.01671	0.02163	0.06626	0.01322	0.22519	0.39781	0.03723	0.02659	0.02531	0.01981	0.01014	0.00786	0.00252	0.00747	0.00808	0.03914	0.01240
15	0.01828	0.01535	0.04415	0.01269	0.01968	0.01159	0.01062	0.02324	0.05909	0.08236	0.01677	0.01823	0.01317	0.00660	0.00627	0.00144	0.00622	0.00531	0.00530	0.62364
16	0.04581	0.32184	0.13317	0.02058	0.04867	0.05232	0.14226	0.05164	0.04535	0.04768	0.01466	0.01686	0.01164	0.00735	0.00683	0.00217	0.00999	0.00610	0.00423	0.01086
17	0.01285	0.00911	0.01057	0.01004	0.01033	0.00976	0.00626	0.04143	0.01277	0.01726	0.02358	0.04769	0.02669	0.63334	0.03775	0.00711	0.06215	0.01097	0.00485	0.00551
18	0.01875	0.26627	0.10422	0.01811	0.04880	0.02248	0.04375	0.02429	0.08678	0.04915	0.02023	0.07890	0.04076	0.01072	0.01039	0.00248	0.13110	0.00794	0.00472	0.01016
19	0.00966	0.00690	0.00920	0.01104	0.01150	0.00644	0.00736	0.01104	0.01518	0.02024	0.04371	0.71614	0.05245	0.02484	0.01012	0.00322	0.00460	0.02254	0.00736	0.00644
20	0.01972	0.01703	0.01793	0.01614	0.02062	0.01972	0.01255	0.04214	0.65752	0.03317	0.03228	0.02959	0.02421	0.01076	0.00807	0.00269	0.00628	0.00897	0.00807	0.01255
21	0.00987	0.00705	0.00944	0.01128	0.01183	0.00662	0.00772	0.01140	0.01538	0.02047	0.04359	0.67499	0.05200	0.02465	0.01018	0.00325	0.00478	0.06167	0.00736	0.00650
22	0.01839	0.01785	0.07045	0.37420	0.19777	0.01800	0.07343	0.04483	0.01789	0.06809	0.01580	0.02083	0.01185	0.00777	0.00801	0.00255	0.01028	0.00723	0.00423	0.01054
23	0.02191	0.66819	0.03995	0.01415	0.02070	0.08673	0.01372	0.02441	0.01665	0.01872	0.01113	0.01285	0.01018	0.00690	0.00526	0.00173	0.00897	0.00431	0.00345	0.01009
24	0.01296	0.00958	0.01164	0.01180	0.01349	0.00979	0.00895	0.01819	0.10996	0.02420	0.17098	0.06235	0.06395	0.23288	0.01913	0.00447	0.00640	0.19499	0.00696	0.00732
25	0.01377	0.00689	0.01033	0.01033	0.01033	0.00689	0.00689	0.01033	0.01033	0.01377	0.01377	0.02410	0.01377	0.02755	0.03099	0.76928	0.00689	0.00689	0.00344	0.00344
26	0.00966	0.00690	0.00920	0.01104	0.01150	0.00644	0.00736	0.01104	0.01518	0.02024	0.04371	0.71614	0.05245	0.02484	0.01012	0.00322	0.00460	0.02254	0.00736	0.00644
27	0.01498	0.01409	0.02378	0.70226	0.05462	0.01762	0.02202	0.02026	0.01586	0.02026	0.01409	0.02114	0.01057	0.00793	0.00793	0.00264	0.01057	0.00705	0.00352	0.00881
28	0.01732	0.01671	0.06918	0.13426	0.32207	0.01563	0.05406	0.02226	0.01729	0.02595	0.01774	0.02242	0.01413	0.00779	0.00731	0.00229	0.00844	0.00720	0.20751	0.01045
29	0.01498	0.01409	0.02378	0.70226	0.05462	0.01762	0.02202	0.02026	0.01586	0.02026	0.01409	0.02114	0.01057	0.00793	0.00793	0.00264	0.01057	0.00705	0.00352	0.00881
30	0.01910	0.06003	0.19707	0.03688	0.35796	0.05053	0.11512	0.02500	0.01793	0.02498	0.01460	0.01858	0.01163	0.00716	0.00782	0.00239	0.01076	0.00687	0.00377	0.01181
31	0.67995	0.01660	0.04159	0.04295	0.01897	0.01790	0.03626	0.02333	0.01395	0.03403	0.01152	0.01377	0.00888	0.00737	0.00534	0.00247	0.00687	0.00469	0.00474	0.00882
32	0.02029	0.01423	0.01716	0.06060	0.01998	0.01561	0.04170	0.23711	0.02357	0.03490	0.02202	0.05017	0.01753	0.00997	0.00805	0.00227	0.04592	0.00792	0.34121	0.00981
33	0.01377	0.00689	0.01033	0.01033	0.01033	0.00689	0.00689	0.01033	0.01033	0.01377	0.01377	0.02410	0.01377	0.02755	0.03099	0.76928	0.00689	0.00689	0.00344	0.00344
34	0.01590	0.04102	0.68023	0.02260	0.03432	0.01842	0.02930	0.02511	0.01674	0.02511	0.01423	0.01674	0.01005	0.00753	0.00753	0.00251	0.01172	0.00586	0.00335	0.01172
35	0.00966	0.00690	0.00920	0.01104	0.01150	0.00644	0.00736	0.01104	0.01518	0.02024	0.04371	0.71614	0.05245	0.02484	0.01012	0.00322	0.00460	0.02254	0.00736	0.00644
36	0.01963	0.01884	0.03219	0.04867	0.67185	0.01884	0.02434	0.02434	0.01806	0.02591	0.01492	0.01963	0.01256	0.00707	0.00785	0.00236	0.00942	0.00707	0.00393	0.01256
37	0.01618	0.00903	0.00961	0.03948	0.01266	0.00940	0.00714	0.07523	0.01846	0.03099	0.02472	0.02824	0.01927	0.00921	0.00587	0.00193	0.00446	0.00735	0.66277	0.00801
38	0.01820	0.01404	0.01662	0.01196	0.01893	0.01067	0.00960	0.02169	0.01702	0.08577	0.01568	0.01741	0.01247	0.00624	0.00607	0.00129	0.00595	0.00500	0.00517	0.70022
39	0.02197	0.01437	0.01657	0.01435	0.01890	0.01502	0.01136	0.03510	0.35022	0.19482	0.10302	0.03578	0.05773	0.01171	0.00825	0.00258	0.00604	0.03052	0.00838	0.04330
40	0.02569	0.06988	0.02157	0.01557	0.02094	0.01557	0.06067	0.12613	0.07164	0.28224	0.10468	0.07485	0.02639	0.01103	0.00810	0.00243	0.00713	0.00939	0.00796	0.03814
41	0.04971	0.02046	0.11988	0.04656	0.04735	0.01795	0.04223	0.15181	0.17813	0.12300	0.02269	0.02449	0.01703	0.05747	0.00997	0.00282	0.00831	0.00769	0.00658	0.04585
42	0.07833	0.07334	0.14917	0.06422	0.09075	0.01795	0.01670	0.13701	0.02072	0.02994	0.11713	0.06446	0.02401	0.03988	0.00988	0.00271	0.03949	0.00858	0.00552	0.01021

[dist]
# distance from previous block
# <min> <max>
1	12

[block]
# block no. 2 follows, 24 sequences, length 31
# corresponding to MSA columns:
# 125-155
name=unknown_C
#
# <colnr> <probs for GDERKNQSTAVLIFYWHMCP>
#	G	D	E	R	K	N	Q	S	T	A	V	L	I	F	Y	W	H	M	C	P
0	0.07676	0.05213	0.06573	0.11513	0.12781	0.01727	0.11039	0.05471	0.01842	0.04311	0.09367	0.04712	0.02046	0.00931	0.00877	0.00243	0.04616	0.00818	0.00499	0.07744
1	0.02941	0.01774	0.09324	0.01847	0.08045	0.01448	0.01492	0.07745	0.07540	0.42652	0.04947	0.02598	0.01982	0.00960	0.00797	0.00247	0.00753	0.00791	0.00825	0.01292
2	0.05035	0.02086	0.18177	0.08400	0.02872	0.01476	0.08539	0.03047	0.01954	0.33599	0.02371	0.05240	0.01665	0.00930	0.00800	0.00254	0.00893	0.00803	0.00675	0.01185
3	0.13469	0.07838	0.12065	0.05855	0.04606	0.01799	0.01544	0.10489	0.08121	0.20524	0.04619	0.02214	0.01685	0.00896	0.00727	0.00242	0.00796	0.00696	0.00657	0.01159
4	0.00998	0.00714	0.00954	0.01117	0.01183	0.00669	0.00770	0.01170	0.01597	0.02141	0.09530	0.62323	0.05388	0.02395	0.01011	0.00319	0.00470	0.05846	0.00747	0.00658
5	0.01451	0.00736	0.00749	0.00759	0.00936	0.00734	0.00564	0.01808	0.01655	0.02906	0.02683	0.06640	0.02205	0.01008	0.00579	0.00192	0.00374	0.00820	0.72467	0.00734
6	0.02171	0.01802	0.01905	0.01654	0.02138	0.02065	0.01303	0.15718	0.53924	0.03638	0.02975	0.02757	0.02216	0.01052	0.00804	0.00263	0.00674	0.00862	0.00804	0.01273
7	0.01707	0.01688	0.02654	0.37896	0.09470	0.05985	0.10934	0.02178	0.01649	0.02198	0.01479	0.02082	0.01164	0.00848	0.00999	0.00262	0.09081	0.00727	0.06071	0.00929
8	0.01133	0.00850	0.01274	0.01274	0.01416	0.00991	0.00991	0.01416	0.01274	0.01841	0.02124	0.03115	0.01982	0.05947	0.68989	0.01274	0.02124	0.00850	0.00425	0.00708
9	0.01816	0.01793	0.02868	0.32221	0.35400	0.05368	0.04595	0.02304	0.01739	0.02316	0.01447	0.02005	0.01158	0.00747	0.00790	0.00247	0.01031	0.00704	0.00377	0.01073
10	0.01590	0.04102	0.68023	0.02260	0.03432	0.01842	0.02930	0.02511	0.01674	0.02511	0.01423	0.01674	0.01005	0.00753	0.00753	0.00251	0.01172	0.00586	0.00335	0.01172
11	0.00971	0.00804	0.00854	0.00871	0.01117	0.00688	0.00660	0.01189	0.01821	0.02215	0.11258	0.10974	0.56121	0.02020	0.00951	0.00275	0.00423	0.05365	0.00744	0.00677
12	0.02060	0.01796	0.01825	0.01620	0.02076	0.04611	0.01264	0.08963	0.56012	0.03359	0.03206	0.02973	0.04495	0.01088	0.00807	0.00264	0.00671	0.00893	0.00788	0.01229
13	0.02709	0.09792	0.07891	0.01880	0.02451	0.29186	0.01599	0.25974	0.02652	0.03123	0.01522	0.01684	0.01183	0.01066	0.03611	0.00263	0.01172	0.00599	0.00541	0.01102
14	0.00989	0.00707	0.00940	0.01089	0.01155	0.00659	0.00738	0.01161	0.01623	0.02191	0.13351	0.62159	0.05567	0.02360	0.01001	0.00312	0.00448	0.02136	0.00756	0.00659
15	0.01990	0.01505	0.01805	0.01394	0.01944	0.01403	0.01122	0.11574	0.01961	0.09090	0.01853	0.07593	0.01599	0.00930	0.00905	0.00191	0.08678	0.00712	0.00576	0.43176
16	0.01641	0.07476	0.41880	0.02362	0.03311	0.01853	0.18027	0.02395	0.01738	0.02486	0.04583	0.05383	0.01559	0.00852	0.00805	0.00254	0.01122	0.00784	0.00396	0.01092
17	0.00937	0.00803	0.00803	0.00803	0.01071	0.00669	0.00602	0.01138	0.01807	0.02142	0.08033	0.07632	0.66863	0.02008	0.00937	0.00268	0.00402	0.01674	0.00736	0.00669
18	0.01624	0.01654	0.03048	0.08280	0.10286	0.01756	0.25803	0.02071	0.01632	0.02251	0.02182	0.02731	0.07626	0.01749	0.11713	0.00433	0.12883	0.00908	0.00423	0.00947
19	0.02005	0.01387	0.02258	0.05986	0.02456	0.01334	0.16323	0.08150	0.02007	0.17533	0.03231	0.24200	0.06723	0.01423	0.00906	0.00276	0.00793	0.01325	0.00694	0.00992
20	0.01631	0.02298	0.21597	0.31418	0.20922	0.01786	0.02429	0.02249	0.01675	0.02318	0.01622	0.02103	0.02956	0.00793	0.00783	0.00253	0.01042	0.00698	0.00369	0.01058
21	0.01092	0.00787	0.01033	0.01018	0.01178	0.00728	0.00746	0.01420	0.02104	0.02955	0.54642	0.18688	0.07047	0.01789	0.00950	0.00264	0.00391	0.01593	0.00846	0.00728
22	0.01744	0.01665	0.05126	0.20469	0.23608	0.01687	0.01886	0.08139	0.07412	0.02656	0.02710	0.03272	0.10398	0.01055	0.00828	0.00259	0.00862	0.04651	0.00521	0.01051
23	0.01952	0.03133	0.43394	0.09148	0.10279	0.01725	0.02508	0.02682	0.01780	0.13425	0.01716	0.01921	0.01198	0.00791	0.00768	0.00250	0.01052	0.00646	0.00451	0.01182
24	0.01106	0.00810	0.01040	0.01005	0.01194	0.00744	0.00759	0.01453	0.02153	0.02995	0.55631	0.09002	0.12873	0.01721	0.00946	0.00260	0.00397	0.04328	0.00848	0.00736
25	0.01093	0.00864	0.01006	0.01056	0.01278	0.00800	0.00825	0.01451	0.05249	0.02345	0.12124	0.15393	0.35574	0.02022	0.00976	0.00295	0.00495	0.15682	0.00752	0.00720
26	0.12348	0.02027	0.07946	0.12315	0.38349	0.05345	0.02117	0.02484	0.01751	0.05890	0.01491	0.01876	0.01179	0.00745	0.00740	0.00241	0.00943	0.00653	0.00427	0.01133
27	0.04511	0.27779	0.21963	0.01622	0.02324	0.04511	0.01723	0.02398	0.01722	0.07924	0.05031	0.02294	0.06851	0.00932	0.00798	0.00227	0.05224	0.00675	0.00460	0.01032
28	0.07543	0.03528	0.08707	0.04738	0.02169	0.01665	0.01388	0.17321	0.02236	0.11435	0.10747	0.05027	0.02335	0.01238	0.03167	0.00281	0.06651	0.00831	0.05374	0.03620
29	0.15420	0.01882	0.06912	0.05083	0.05308	0.09490	0.01309	0.05327	0.14184	0.02964	0.01997	0.02199	0.01546	0.00893	0.00731	0.00234	0.03155	0.00670	0.19715	0.00980
30	0.17975	0.04966	0.30709	0.05289	0.05246	0.01739	0.01964	0.04789	0.01765	0.12550	0.01673	0.01833	0.01189	0.00796	0.00692	0.00243	0.00907	0.00602	0.03970	0.01103

[dist]
# distance from previous block
# <min> <max>
2	32

[block]
# block no. 3 follows, 24 sequences, length 31
# corresponding to MSA columns:
# 229-259
name=unknown_D
#
# <colnr> <probs for GDERKNQSTAVLIFYWHMCP>
#	G	D	E	R	K	N	Q	S	T	A	V	L	I	F	Y	W	H	M	C	P
0	0.06845	0.07860	0.02111	0.01547	0.02080	0.04309	0.03972	0.21940	0.09671	0.07760	0.02916	0.03187	0.10429	0.01108	0.00778	0.00239	0.00759	0.04797	0.00682	0.07010
1	0.08746	0.01554	0.06198	0.01584	0.06097	0.01378	0.03954	0.09744	0.04699	0.05718	0.04919	0.07340	0.02083	0.07900	0.01039	0.00271	0.00698	0.00839	0.10205	0.15035
2	0.02109	0.01814	0.06031	0.06293	0.02241	0.04579	0.01356	0.27020	0.02498	0.03456	0.04983	0.11148	0.02128	0.01138	0.00854	0.00239	0.03808	0.00911	0.10769	0.06627
3	0.12203	0.11920	0.04405	0.01784	0.02326	0.01889	0.12782	0.05428	0.09347	0.12923	0.06232	0.02572	0.01944	0.01122	0.03055	0.00285	0.05066	0.03062	0.00598	0.01057
4	0.24990	0.05800	0.25820	0.01743	0.02456	0.04236	0.06141	0.02438	0.05955	0.02785	0.01762	0.09313	0.01536	0.00953	0.00705	0.00254	0.00892	0.00756	0.00466	0.01000
5	0.01940	0.29159	0.22656	0.01616	0.02304	0.07088	0.01698	0.02361	0.01668	0.06609	0.01722	0.06716	0.01567	0.08512	0.01031	0.00277	0.00943	0.00708	0.00430	0.00997
6	0.01751	0.25019	0.33114	0.01769	0.02613	0.02128	0.02006	0.02491	0.07403	0.02352	0.01688	0.06510	0.01441	0.00868	0.00689	0.00224	0.00935	0.00671	0.00415	0.05914
7	0.07615	0.06826	0.02447	0.02102	0.10941	0.02258	0.01533	0.40956	0.05765	0.07105	0.01917	0.03640	0.01453	0.00931	0.00759	0.00237	0.00833	0.00725	0.00697	0.01260
8	0.01377	0.00689	0.01033	0.01033	0.01033	0.00689	0.00689	0.01033	0.01033	0.01377	0.01377	0.02410	0.01377	0.02755	0.03099	0.76928	0.00689	0.00689	0.00344	0.00344
9	0.01195	0.00793	0.01059	0.01158	0.01253	0.00768	0.00814	0.01366	0.01607	0.06385	0.08645	0.54651	0.04918	0.04945	0.01172	0.00332	0.03140	0.04357	0.00737	0.00703
10	0.07214	0.02190	0.02546	0.02180	0.06936	0.12657	0.12540	0.24315	0.06712	0.03459	0.04247	0.02356	0.01677	0.00927	0.00793	0.00243	0.00970	0.02991	0.03932	0.01116
11	0.06788	0.11743	0.22979	0.10790	0.19591	0.04952	0.02173	0.04108	0.01777	0.02532	0.04407	0.01916	0.01378	0.00784	0.00725	0.00235	0.00987	0.00639	0.00403	0.01092
12	0.01266	0.00915	0.01123	0.01255	0.01382	0.03460	0.00945	0.01479	0.01660	0.05024	0.04051	0.43106	0.04610	0.05461	0.01156	0.00348	0.00607	0.20726	0.00720	0.00706
13	0.05974	0.03077	0.02453	0.02373	0.10126	0.43423	0.04506	0.09362	0.02222	0.02434	0.01328	0.01590	0.01086	0.00847	0.00863	0.00226	0.06074	0.00584	0.00446	0.01005
14	0.00966	0.00690	0.00920	0.01104	0.01150	0.00644	0.00736	0.01104	0.01518	0.02024	0.04371	0.71614	0.05245	0.02484	0.01012	0.00322	0.00460	0.02254	0.00736	0.00644
15	0.06591	0.01135	0.04151	0.01281	0.04281	0.01021	0.00971	0.03963	0.04107	0.05567	0.42466	0.08910	0.05456	0.01435	0.00860	0.00250	0.00492	0.01245	0.04969	0.00848
16	0.01500	0.00828	0.00859	0.00797	0.01051	0.00781	0.00606	0.01868	0.01660	0.02907	0.02430	0.02782	0.01918	0.00879	0.00559	0.00176	0.00398	0.00703	0.66425	0.10871
17	0.01153	0.00769	0.00865	0.00865	0.00865	0.00769	0.00480	0.01153	0.01153	0.01538	0.02499	0.05189	0.02883	0.72131	0.04036	0.00769	0.00769	0.01153	0.00480	0.00480
18	0.03558	0.01350	0.01840	0.01411	0.02024	0.01166	0.01166	0.03865	0.02270	0.67734	0.03128	0.02699	0.01963	0.00981	0.00797	0.00245	0.00675	0.00797	0.00981	0.01350
19	0.01554	0.03513	0.54709	0.02270	0.07476	0.01699	0.02606	0.02371	0.01759	0.02606	0.10112	0.02259	0.01883	0.00866	0.00780	0.00250	0.01050	0.00707	0.00410	0.01121
20	0.01150	0.00781	0.00924	0.00924	0.00945	0.00801	0.00555	0.01191	0.01171	0.01582	0.02444	0.04888	0.02752	0.62524	0.13465	0.00842	0.00966	0.01109	0.00472	0.00514
21	0.02074	0.01724	0.01927	0.04764	0.05253	0.01967	0.01366	0.08207	0.53668	0.05400	0.02973	0.02794	0.02218	0.01035	0.00804	0.00264	0.00679	0.00864	0.00773	0.01248
22	0.01972	0.01703	0.01793	0.01614	0.02062	0.01972	0.01255	0.04214	0.65752	0.03317	0.03228	0.02959	0.02421	0.01076	0.00807	0.00269	0.00628	0.00897	0.00807	0.01255
23	0.01621	0.01758	0.09482	0.01848	0.06596	0.05630	0.08686	0.02357	0.12145	0.04640	0.23046	0.06839	0.09467	0.01263	0.00869	0.00256	0.00740	0.01122	0.00668	0.00967
24	0.01498	0.01409	0.02378	0.70226	0.05462	0.01762	0.02202	0.02026	0.01586	0.02026	0.01409	0.02114	0.01057	0.00793	0.00793	0.00264	0.01057	0.00705	0.00352	0.00881
25	0.01550	0.01210	0.01937	0.28628	0.05707	0.01333	0.08600	0.02021	0.01662	0.02527	0.01966	0.02491	0.01522	0.00834	0.00701	0.00228	0.00775	0.00747	0.34708	0.00853
26	0.02906	0.02168	0.02319	0.01803	0.02418	0.02409	0.01481	0.58289	0.10156	0.04823	0.02041	0.02013	0.01460	0.00965	0.00795	0.00241	0.00847	0.00733	0.00795	0.01339
27	0.01150	0.00783	0.00937	0.00937	0.00962	0.00808	0.00571	0.01200	0.01175	0.01591	0.02433	0.04824	0.02724	0.60460	0.15491	0.00858	0.01008	0.01100	0.00471	0.00521
28	0.02040	0.01587	0.01758	0.05893	0.02174	0.03830	0.01273	0.09425	0.34081	0.08883	0.08865	0.03704	0.05218	0.01212	0.00843	0.00268	0.00687	0.06358	0.00776	0.01124
29	0.01015	0.00699	0.00921	0.01071	0.01108	0.00662	0.00702	0.01105	0.01443	0.01924	0.03952	0.59165	0.04710	0.10823	0.01510	0.05371	0.00512	0.02021	0.00680	0.00605
30	0.07926	0.07483	0.38506	0.04778	0.14060	0.01842	0.02362	0.02520	0.01723	0.07094	0.03558	0.01887	0.01309	0.00784	0.00732	0.00243	0.01003	0.00629	0.00420	0.01140

[dist]
# distance from previous block
# <min> <max>
0	5

[block]
# block no. 4 follows, 24 sequences, length 76
# corresponding to MSA columns:
# 270-345
name=unknown_E
#
# <colnr> <probs for GDERKNQSTAVLIFYWHMCP>
#	G	D	E	R	K	N	Q	S	T	A	V	L	I	F	Y	W	H	M	C	P
0	0.21511	0.14698	0.27852	0.06084	0.02699	0.02113	0.01921	0.06838	0.01700	0.02792	0.01302	0.01553	0.00999	0.00783	0.00735	0.00240	0.04188	0.00540	0.00411	0.01044
1	0.60546	0.01528	0.01428	0.03909	0.05928	0.01706	0.01049	0.02523	0.01505	0.11675	0.01400	0.01543	0.01033	0.00768	0.00560	0.00245	0.00659	0.00505	0.00542	0.00948
2	0.01122	0.00811	0.01060	0.00998	0.01185	0.00748	0.00748	0.01496	0.02245	0.03180	0.66766	0.05923	0.07482	0.01621	0.00935	0.00249	0.00374	0.01434	0.00873	0.00748
3	0.05201	0.01844	0.03118	0.31717	0.11686	0.05688	0.21048	0.02302	0.01706	0.02306	0.01435	0.02008	0.01113	0.00775	0.00912	0.00262	0.04764	0.00751	0.00381	0.00982
4	0.01058	0.00808	0.00971	0.00930	0.01145	0.00721	0.00698	0.01372	0.02093	0.02820	0.46369	0.06517	0.28104	0.01756	0.00936	0.00256	0.00384	0.01517	0.00826	0.00721
5	0.02120	0.72609	0.04155	0.01357	0.02035	0.03138	0.01357	0.02374	0.01611	0.01866	0.01102	0.01272	0.01018	0.00678	0.00509	0.00170	0.00848	0.00424	0.00339	0.01018
6	0.00966	0.00690	0.00920	0.01104	0.01150	0.00644	0.00736	0.01104	0.01518	0.02024	0.04371	0.71614	0.05245	0.02484	0.01012	0.00322	0.00460	0.02254	0.00736	0.00644
7	0.02120	0.72609	0.04155	0.01357	0.02035	0.03138	0.01357	0.02374	0.01611	0.01866	0.01102	0.01272	0.01018	0.00678	0.00509	0.00170	0.00848	0.00424	0.00339	0.01018
8	0.01828	0.02299	0.10778	0.06173	0.04133	0.01979	0.55570	0.02515	0.01840	0.02515	0.01578	0.02092	0.01177	0.00682	0.00912	0.00266	0.01308	0.00891	0.00392	0.01071
9	0.03558	0.01350	0.01840	0.01411	0.02024	0.01166	0.01166	0.03865	0.02270	0.67734	0.03128	0.02699	0.01963	0.00981	0.00797	0.00245	0.00675	0.00797	0.00981	0.01350
10	0.02120	0.72609	0.04155	0.01357	0.02035	0.03138	0.01357	0.02374	0.01611	0.01866	0.01102	0.01272	0.01018	0.00678	0.00509	0.00170	0.00848	0.00424	0.00339	0.01018
11	0.01153	0.00769	0.00865	0.00865	0.00865	0.00769	0.00480	0.01153	0.01153	0.01538	0.02499	0.05189	0.02883	0.72131	0.04036	0.00769	0.00769	0.01153	0.00480	0.00480
12	0.77733	0.01534	0.01166	0.01043	0.01534	0.01779	0.00859	0.02331	0.01350	0.03558	0.01104	0.01288	0.00859	0.00736	0.00491	0.00245	0.00613	0.00429	0.00491	0.00859
13	0.01184	0.00909	0.01309	0.01281	0.01391	0.01075	0.00978	0.01418	0.01252	0.01803	0.02090	0.03301	0.02035	0.15046	0.54353	0.01127	0.07451	0.00880	0.00427	0.00688
14	0.01723	0.01417	0.01798	0.05106	0.01896	0.04786	0.04762	0.04320	0.01612	0.02529	0.01814	0.02308	0.01499	0.01068	0.01354	0.00256	0.26240	0.00720	0.33947	0.00843
15	0.01113	0.00810	0.01047	0.00988	0.01179	0.00744	0.00741	0.01478	0.02223	0.03127	0.63791	0.06010	0.10490	0.01641	0.00935	0.00250	0.00376	0.01446	0.00866	0.00744
16	0.77733	0.01534	0.01166	0.01043	0.01534	0.01779	0.00859	0.02331	0.01350	0.03558	0.01104	0.01288	0.00859	0.00736	0.00491	0.00245	0.00613	0.00429	0.00491	0.00859
17	0.01590	0.04102	0.68023	0.02260	0.03432	0.01842	0.02930	0.02511	0.01674	0.02511	0.01423	0.01674	0.01005	0.00753	0.00753	0.00251	0.01172	0.00586	0.00335	0.01172
18	0.00965	0.00799	0.00844	0.00844	0.01090	0.00679	0.00629	0.01187	0.01857	0.02283	0.16148	0.10134	0.55859	0.01974	0.00940	0.00268	0.00400	0.01665	0.00756	0.00679
19	0.01590	0.04102	0.68023	0.02260	0.03432	0.01842	0.02930	0.02511	0.01674	0.02511	0.01423	0.01674	0.01005	0.00753	0.00753	0.00251	0.01172	0.00586	0.00335	0.01172
20	0.01121	0.00815	0.01058	0.01008	0.01199	0.00752	0.00764	0.01486	0.02207	0.03099	0.61491	0.06127	0.10039	0.01663	0.00942	0.00255	0.00390	0.03980	0.00861	0.00744
21	0.00980	0.00707	0.00929	0.01081	0.01150	0.00655	0.00732	0.01144	0.01602	0.02143	0.10670	0.62528	0.07980	0.02380	0.01002	0.00313	0.00449	0.02150	0.00750	0.00655
22	0.01072	0.00793	0.01001	0.00981	0.01162	0.00722	0.00724	0.01387	0.02078	0.02861	0.49125	0.15036	0.16523	0.01798	0.00946	0.00262	0.00390	0.01582	0.00833	0.00722
23	0.01848	0.01530	0.01754	0.01271	0.01965	0.01265	0.01024	0.11282	0.01954	0.02942	0.01483	0.01683	0.01200	0.00641	0.00618	0.00135	0.00630	0.00506	0.00518	0.65751
24	0.01699	0.13667	0.53247	0.02360	0.08819	0.02030	0.02662	0.02485	0.01677	0.02426	0.01383	0.01642	0.01028	0.00739	0.00721	0.00238	0.01106	0.00573	0.00341	0.01157
25	0.71853	0.01592	0.03463	0.01075	0.01580	0.01734	0.00920	0.02287	0.01380	0.03462	0.01408	0.01570	0.03654	0.00790	0.00519	0.00247	0.00624	0.00487	0.00496	0.00862
26	0.53933	0.09127	0.12540	0.04561	0.02084	0.01926	0.01314	0.02351	0.01441	0.03142	0.01171	0.01389	0.00908	0.00736	0.00550	0.00240	0.00750	0.00468	0.00443	0.00927
27	0.02013	0.58778	0.17050	0.01539	0.02317	0.02876	0.01674	0.02402	0.01624	0.01996	0.01167	0.01353	0.01015	0.00694	0.00558	0.00186	0.00913	0.00457	0.00338	0.01049
28	0.01164	0.00944	0.03075	0.01174	0.01400	0.00828	0.00983	0.01525	0.02008	0.02708	0.33070	0.07159	0.15324	0.01862	0.00988	0.00294	0.00531	0.23435	0.00784	0.00742
29	0.01955	0.02189	0.03963	0.03027	0.05971	0.07621	0.45101	0.02618	0.05892	0.02464	0.01603	0.02076	0.01248	0.00796	0.01107	0.00271	0.09766	0.00860	0.00421	0.01051
30	0.03076	0.01893	0.02155	0.01658	0.02282	0.01975	0.01365	0.40436	0.05712	0.24176	0.02313	0.02180	0.01574	0.00949	0.00786	0.00236	0.00788	0.00736	0.00837	0.04875
31	0.03558	0.01350	0.01840	0.01411	0.02024	0.01166	0.01166	0.03865	0.02270	0.67734	0.03128	0.02699	0.01963	0.00981	0.00797	0.00245	0.00675	0.00797	0.00981	0.01350
32	0.01178	0.00990	0.01639	0.04204	0.04322	0.00951	0.10245	0.01436	0.01603	0.02144	0.03730	0.52102	0.04296	0.02066	0.00989	0.00311	0.00647	0.05741	0.00659	0.00745
33	0.07772	0.06761	0.36975	0.07448	0.03376	0.04957	0.13800	0.02453	0.01707	0.02498	0.01518	0.02027	0.01180	0.00797	0.00769	0.00253	0.01126	0.03135	0.00381	0.01068
34	0.01858	0.01750	0.02957	0.17565	0.44806	0.01834	0.05143	0.05019	0.01815	0.02533	0.01539	0.02072	0.01264	0.01067	0.05142	0.00309	0.01056	0.00726	0.00405	0.01141
35	0.00937	0.00803	0.00803	0.00803	0.01071	0.00669	0.00602	0.01138	0.01807	0.02142	0.08033	0.07632	0.66863	0.02008	0.00937	0.00268	0.00402	0.01674	0.00736	0.00669
36	0.01683	0.05990	0.38606	0.13400	0.05991	0.01915	0.07604	0.02641	0.09757	0.02512	0.01653	0.01940	0.01218	0.00789	0.00773	0.00253	0.01076	0.00671	0.00405	0.01123
37	0.04909	0.04175	0.05438	0.23953	0.24229	0.08270	0.02061	0.05137	0.04493	0.02453	0.01469	0.01922	0.01176	0.00823	0.00896	0.00250	0.06206	0.00670	0.00413	0.01057
38	0.02012	0.01537	0.01660	0.01477	0.01919	0.01697	0.01154	0.03743	0.49448	0.10626	0.03888	0.03582	0.11377	0.01195	0.00824	0.00266	0.00601	0.00994	0.00817	0.01184
39	0.03558	0.01350	0.01840	0.01411	0.02024	0.01166	0.01166	0.03865	0.02270	0.67734	0.03128	0.02699	0.01963	0.00981	0.00797	0.00245	0.00675	0.00797	0.00981	0.01350
40	0.08470	0.05340	0.13254	0.05038	0.10177	0.01864	0.26670	0.02380	0.01720	0.05069	0.01754	0.07750	0.01495	0.00897	0.00914	0.00263	0.04587	0.00875	0.00442	0.01043
41	0.01811	0.01856	0.05634	0.23051	0.42779	0.01857	0.06832	0.02330	0.01743	0.02425	0.01474	0.02007	0.01186	0.00730	0.00797	0.00247	0.01012	0.00718	0.00380	0.01134
42	0.00966	0.00690	0.00920	0.01104	0.01150	0.00644	0.00736	0.01104	0.01518	0.02024	0.04371	0.71614	0.05245	0.02484	0.01012	0.00322	0.00460	0.02254	0.00736	0.00644
43	0.77733	0.01534	0.01166	0.01043	0.01534	0.01779	0.00859	0.02331	0.01350	0.03558	0.01104	0.01288	0.00859	0.00736	0.00491	0.00245	0.00613	0.00429	0.00491	0.00859
44	0.00974	0.00696	0.00927	0.01099	0.01152	0.00650	0.00737	0.01125	0.01556	0.02085	0.07627	0.68186	0.05362	0.02439	0.01008	0.00318	0.00456	0.02212	0.00743	0.00650
45	0.05314	0.02162	0.01981	0.01685	0.02178	0.13759	0.01331	0.22124	0.28349	0.05806	0.02364	0.02300	0.01759	0.00970	0.00763	0.00243	0.00832	0.00746	0.04144	0.01190
46	0.56713	0.01690	0.04003	0.01253	0.01796	0.01781	0.03298	0.09005	0.01666	0.03557	0.01296	0.01486	0.00994	0.00757	0.00557	0.00236	0.00678	0.00499	0.03501	0.05235
47	0.02048	0.36699	0.19237	0.01851	0.02564	0.10957	0.05805	0.02477	0.01688	0.02078	0.01222	0.01485	0.01029	0.00776	0.00804	0.00215	0.07149	0.00530	0.00351	0.01033
48	0.01841	0.02207	0.11731	0.08778	0.30240	0.01934	0.23659	0.02427	0.01770	0.02492	0.01496	0.01989	0.01183	0.00735	0.00910	0.00255	0.04062	0.00769	0.00383	0.01137
49	0.01602	0.01519	0.02603	0.48604	0.19481	0.01748	0.04843	0.02115	0.01683	0.02239	0.04848	0.02279	0.01445	0.00811	0.00805	0.00257	0.01007	0.00753	0.00391	0.00969
50	0.01147	0.00866	0.01065	0.01006	0.01222	0.00814	0.00757	0.01612	0.06222	0.03021	0.53241	0.06010	0.16739	0.01649	0.00927	0.00254	0.00395	0.01438	0.00847	0.00768
51	0.01786	0.08790	0.22773	0.04989	0.10315	0.01788	0.15600	0.02376	0.01733	0.04940	0.01671	0.05782	0.01381	0.00807	0.00768	0.00231	0.01005	0.00751	0.00424	0.12090
52	0.77733	0.01534	0.01166	0.01043	0.01534	0.01779	0.00859	0.02331	0.01350	0.03558	0.01104	0.01288	0.00859	0.00736	0.00491	0.00245	0.00613	0.00429	0.00491	0.00859
53	0.01963	0.01884	0.03219	0.04867	0.67185	0.01884	0.02434	0.02434	0.01806	0.02591	0.01492	0.01963	0.01256	0.00707	0.00785	0.00236	0.00942	0.00707	0.00393	0.01256
54	0.01278	0.00913	0.01278	0.01460	0.01643	0.00913	0.01278	0.01643	0.01825	0.02373	0.04199	0.08945	0.04564	0.02191	0.01095	0.00365	0.00730	0.61847	0.00730	0.00730
55	0.02340	0.34437	0.03101	0.01659	0.02179	0.15646	0.01440	0.10688	0.09167	0.02451	0.01462	0.01624	0.01221	0.00863	0.00848	0.00216	0.08582	0.00561	0.00465	0.01051
56	0.01527	0.00900	0.01190	0.01066	0.01324	0.00818	0.00818	0.01890	0.02249	0.13911	0.56187	0.05387	0.06565	0.01515	0.00912	0.00249	0.00424	0.01328	0.00891	0.00848
57	0.01137	0.00833	0.01189	0.01189	0.01301	0.00945	0.00884	0.01361	0.01249	0.01777	0.02202	0.03549	0.02171	0.19797	0.55397	0.01169	0.01840	0.00913	0.00436	0.00660
58	0.00966	0.00690	0.00920	0.01104	0.01150	0.00644	0.00736	0.01104	0.01518	0.02024	0.04371	0.71614	0.05245	0.02484	0.01012	0.00322	0.00460	0.02254	0.00736	0.00644
59	0.01868	0.02157	0.08816	0.06897	0.28133	0.01936	0.33282	0.02474	0.01819	0.02534	0.01539	0.02036	0.01202	0.00695	0.00858	0.00254	0.01161	0.00812	0.00391	0.01140
60	0.01634	0.01515	0.02501	0.57607	0.14289	0.01811	0.02204	0.04942	0.01715	0.02244	0.01444	0.02083	0.01099	0.00788	0.00792	0.00259	0.01032	0.00705	0.00378	0.00957
61	0.01888	0.02041	0.01756	0.01636	0.01849	0.26283	0.01254	0.02109	0.01619	0.01867	0.01677	0.02448	0.01564	0.07685	0.31099	0.00728	0.10570	0.00724	0.00412	0.00792
62	0.01672	0.01484	0.01842	0.24777	0.02917	0.07680	0.01488	0.04782	0.01673	0.02322	0.01893	0.08104	0.01677	0.01345	0.04624	0.00312	0.12950	0.00832	0.16781	0.00844
63	0.01644	0.01409	0.01644	0.01175	0.01879	0.01057	0.00940	0.01997	0.01644	0.02584	0.01409	0.01644	0.01175	0.00587	0.00587	0.00117	0.00587	0.00470	0.00470	0.76979
64	0.01842	0.14335	0.51694	0.02057	0.03099	0.02034	0.02530	0.05507	0.01793	0.05935	0.01486	0.01677	0.01073	0.00763	0.00720	0.00238	0.01082	0.00578	0.00391	0.01166
65	0.01751	0.01782	0.02693	0.02230	0.02324	0.02379	0.09087	0.01983	0.01292	0.01983	0.01107	0.01782	0.01060	0.01303	0.02407	0.00338	0.62532	0.00722	0.00353	0.00891
66	0.01125	0.00833	0.01215	0.01225	0.01348	0.00950	0.00928	0.01373	0.01277	0.01822	0.02287	0.07192	0.02254	0.12128	0.58884	0.01172	0.01899	0.00958	0.00448	0.00682
67	0.03038	0.01831	0.04924	0.02018	0.11147	0.07614	0.01472	0.06140	0.07768	0.41663	0.02612	0.02426	0.01752	0.00926	0.00787	0.00242	0.00806	0.00755	0.00797	0.01281
68	0.01874	0.01975	0.10224	0.10315	0.42135	0.01747	0.02204	0.02475	0.05410	0.05628	0.02140	0.02459	0.06204	0.00851	0.00795	0.00245	0.00909	0.00780	0.00459	0.01170
69	0.00966	0.00690	0.00920	0.01104	0.01150	0.00644	0.00736	0.01104	0.01518	0.02024	0.04371	0.71614	0.05245	0.02484	0.01012	0.00322	0.00460	0.02254	0.00736	0.00644
70	0.01047	0.00772	0.01064	0.01322	0.04897	0.00733	0.00845	0.01207	0.01531	0.02048	0.04105	0.61331	0.04867	0.05898	0.01156	0.00342	0.00516	0.04941	0.00703	0.00675
71	0.02657	0.02157	0.02436	0.13888	0.10154	0.08689	0.01716	0.38207	0.02937	0.06754	0.01763	0.01936	0.01284	0.00886	0.00785	0.00239	0.00957	0.00696	0.00644	0.01216
72	0.02950	0.01676	0.09428	0.01739	0.04991	0.01284	0.04702	0.03358	0.02136	0.47832	0.05519	0.03012	0.02164	0.01023	0.00822	0.00254	0.00767	0.04259	0.00835	0.01251
73	0.01808	0.01845	0.02457	0.02210	0.05139	0.05773	0.01757	0.01997	0.01294	0.01942	0.01071	0.01730	0.01050	0.01327	0.02422	0.00335	0.63917	0.00685	0.00352	0.00888
74	0.01027	0.00807	0.00928	0.00898	0.01126	0.00708	0.00673	0.01312	0.02020	0.02646	0.36540	0.06802	0.38042	0.01820	0.00936	0.00259	0.00388	0.01557	0.00803	0.00708
75	0.00986	0.00704	0.00943	0.01127	0.01182	0.00661	0.00771	0.01139	0.01538	0.02047	0.04360	0.67619	0.05201	0.02466	0.01017	0.00325	0.00477	0.06053	0.00736	0.00650

[dist]
# distance from previous block
# <min> <max>
0	0

# created by:
# /st0/software/busco_prod/Augustus/scripts/msa2prfl.pl ./align_prep/118832.fa
