[name]
unknown

[dist]
# distance from previous block
# <min> <max>
3	31

[block]
# block no. 0 follows, 26 sequences, length 11
# corresponding to MSA columns:
# 32-42
name=unknown_A
#
# <colnr> <probs for GDERKNQSTAVLIFYWHMCP>
#	G	D	E	R	K	N	Q	S	T	A	V	L	I	F	Y	W	H	M	C	P
0	0.06232	0.01719	0.02036	0.16538	0.02760	0.01899	0.01441	0.32646	0.05680	0.03552	0.05027	0.02041	0.01523	0.00874	0.00779	0.00224	0.02952	0.00680	0.00606	0.10792
1	0.01876	0.01149	0.01349	0.01207	0.01522	0.04035	0.00926	0.02442	0.11736	0.20606	0.28787	0.13958	0.04437	0.01395	0.00842	0.00248	0.00527	0.01207	0.00815	0.00935
2	0.05517	0.01622	0.02573	0.05274	0.02676	0.01480	0.21572	0.05567	0.01749	0.05965	0.01491	0.01795	0.01155	0.00663	0.00751	0.00189	0.02968	0.00634	0.00462	0.35898
3	0.02044	0.00985	0.01320	0.01127	0.01469	0.00877	0.00883	0.02361	0.02115	0.30776	0.36850	0.08489	0.04805	0.01344	0.00844	0.00241	0.00484	0.01164	0.00871	0.00952
4	0.02464	0.01300	0.01581	0.01288	0.01730	0.01272	0.01027	0.13722	0.08190	0.31554	0.13806	0.03349	0.05665	0.05526	0.00972	0.00266	0.00609	0.00915	0.03678	0.01086
5	0.01388	0.01289	0.02154	0.65412	0.04867	0.01593	0.01985	0.01862	0.01511	0.01938	0.01594	0.08161	0.01358	0.00899	0.00777	0.00258	0.00962	0.00803	0.00369	0.00823
6	0.00975	0.00697	0.00902	0.01039	0.01105	0.00657	0.00713	0.01120	0.01473	0.01951	0.06211	0.53435	0.08146	0.10828	0.01316	0.00358	0.00492	0.07292	0.00678	0.00609
7	0.00982	0.00666	0.00860	0.01015	0.01075	0.00627	0.00684	0.01140	0.01468	0.02041	0.03981	0.64642	0.04657	0.02201	0.00917	0.00293	0.00430	0.01986	0.09710	0.00627
8	0.02866	0.01529	0.01860	0.01530	0.04126	0.01510	0.01205	0.22509	0.06023	0.37115	0.03053	0.02806	0.08274	0.01024	0.00775	0.00236	0.00683	0.00824	0.00833	0.01218
9	0.01705	0.01436	0.01735	0.09444	0.02262	0.01242	0.01102	0.09188	0.01792	0.02671	0.01402	0.01654	0.01129	0.00624	0.00607	0.00142	0.00645	0.00502	0.00471	0.60246
10	0.05265	0.01438	0.02409	0.57254	0.12414	0.01710	0.04864	0.02019	0.01542	0.02094	0.01351	0.01968	0.01030	0.00741	0.00749	0.00249	0.00989	0.00671	0.00350	0.00892

[dist]
# distance from previous block
# <min> <max>
0	1

[block]
# block no. 1 follows, 26 sequences, length 100
# corresponding to MSA columns:
# 44-143
name=unknown_B
#
# <colnr> <probs for GDERKNQSTAVLIFYWHMCP>
#	G	D	E	R	K	N	Q	S	T	A	V	L	I	F	Y	W	H	M	C	P
0	0.21539	0.01390	0.01624	0.04377	0.01966	0.01397	0.01098	0.06231	0.07519	0.39430	0.04311	0.02301	0.01745	0.00898	0.00695	0.00237	0.00644	0.00695	0.00771	0.01132
1	0.01176	0.00798	0.01047	0.00972	0.01169	0.00733	0.00733	0.01531	0.02148	0.05957	0.65335	0.05530	0.06924	0.01524	0.00889	0.00238	0.00371	0.01345	0.00840	0.00741
2	0.00929	0.00664	0.00884	0.01053	0.01101	0.00619	0.00704	0.01068	0.01474	0.01970	0.06154	0.70777	0.05083	0.02351	0.00966	0.00306	0.00438	0.02132	0.00708	0.00619
3	0.01056	0.00768	0.00994	0.00952	0.01126	0.00706	0.00708	0.01392	0.02084	0.02926	0.61373	0.09856	0.09975	0.01619	0.00899	0.00244	0.00364	0.01431	0.00821	0.00706
4	0.01521	0.03923	0.69413	0.02162	0.03283	0.01762	0.02802	0.02402	0.01601	0.02402	0.01361	0.01601	0.00961	0.00721	0.00721	0.00240	0.01121	0.00560	0.00320	0.01121
5	0.02936	0.01498	0.01827	0.01446	0.02006	0.01472	0.01178	0.13758	0.16025	0.42548	0.02765	0.02475	0.01848	0.00940	0.00757	0.00234	0.00663	0.00759	0.00857	0.04009
6	0.01105	0.00831	0.01167	0.01053	0.01258	0.00769	0.03588	0.01475	0.02131	0.03015	0.65271	0.05506	0.06892	0.01510	0.00895	0.00239	0.00398	0.01351	0.00815	0.00729
7	0.01432	0.01348	0.02275	0.71520	0.05224	0.01685	0.02107	0.01938	0.01517	0.01938	0.01348	0.02022	0.01011	0.00758	0.00758	0.00253	0.01011	0.00674	0.00337	0.00843
8	0.78701	0.01467	0.01115	0.00997	0.01467	0.01702	0.00821	0.02230	0.01291	0.03403	0.01056	0.01232	0.00821	0.00704	0.00469	0.00235	0.00587	0.00411	0.00469	0.00821
9	0.01432	0.01348	0.02275	0.71520	0.05224	0.01685	0.02107	0.01938	0.01517	0.01938	0.01348	0.02022	0.01011	0.00758	0.00758	0.00253	0.01011	0.00674	0.00337	0.00843
10	0.01877	0.01802	0.03079	0.04656	0.68612	0.01802	0.02328	0.02328	0.01727	0.02478	0.01427	0.01877	0.01201	0.00676	0.00751	0.00225	0.00901	0.00676	0.00375	0.01201
11	0.02812	0.02089	0.02236	0.01731	0.02325	0.02319	0.01424	0.61656	0.08108	0.04666	0.01911	0.01893	0.01363	0.00919	0.00760	0.00230	0.00818	0.00695	0.00760	0.01284
12	0.01432	0.01348	0.02275	0.71520	0.05224	0.01685	0.02107	0.01938	0.01517	0.01938	0.01348	0.02022	0.01011	0.00758	0.00758	0.00253	0.01011	0.00674	0.00337	0.00843
13	0.07708	0.02255	0.01862	0.01663	0.02069	0.23068	0.01289	0.06214	0.36290	0.02786	0.02190	0.02161	0.01684	0.00939	0.00808	0.00239	0.04414	0.00694	0.00610	0.01060
14	0.02028	0.73799	0.03975	0.01298	0.01947	0.03001	0.01298	0.02271	0.01541	0.01785	0.01055	0.01217	0.00973	0.00649	0.00487	0.00162	0.00811	0.00406	0.00324	0.00973
15	0.01573	0.01348	0.01573	0.01123	0.01798	0.01011	0.00899	0.01910	0.01573	0.02472	0.01348	0.01573	0.01123	0.00562	0.00562	0.00112	0.00562	0.00449	0.00449	0.77980
16	0.01405	0.01227	0.01960	0.02454	0.26621	0.01184	0.04727	0.01806	0.01953	0.02755	0.37022	0.04124	0.07246	0.01190	0.00841	0.00235	0.00611	0.01095	0.00633	0.00911
17	0.03403	0.01291	0.01760	0.01350	0.01936	0.01115	0.01115	0.03697	0.02171	0.69137	0.02992	0.02582	0.01878	0.00939	0.00763	0.00235	0.00645	0.00763	0.00939	0.01291
18	0.01864	0.01788	0.03054	0.06684	0.66689	0.01799	0.02321	0.02316	0.01721	0.02462	0.01424	0.01882	0.01196	0.00678	0.00751	0.00226	0.00904	0.00676	0.00374	0.01191
19	0.02883	0.02125	0.02276	0.01745	0.02352	0.02352	0.01442	0.66082	0.03566	0.04780	0.01821	0.01821	0.01290	0.00911	0.00759	0.00228	0.00835	0.00683	0.00759	0.01290
20	0.01877	0.01802	0.03079	0.04656	0.68612	0.01802	0.02328	0.02328	0.01727	0.02478	0.01427	0.01877	0.01201	0.00676	0.00751	0.00225	0.00901	0.00676	0.00375	0.01201
21	0.01820	0.02114	0.25758	0.01675	0.02327	0.01273	0.07287	0.02341	0.01831	0.18189	0.13158	0.10470	0.06154	0.01139	0.00810	0.00248	0.00788	0.00994	0.00616	0.01008
22	0.63404	0.12823	0.01592	0.01060	0.01563	0.01880	0.00909	0.02300	0.01368	0.05987	0.01140	0.01288	0.00891	0.00706	0.00485	0.00223	0.00625	0.00425	0.00467	0.00866
23	0.01432	0.01348	0.02275	0.71520	0.05224	0.01685	0.02107	0.01938	0.01517	0.01938	0.01348	0.02022	0.01011	0.00758	0.00758	0.00253	0.01011	0.00674	0.00337	0.00843
24	0.00918	0.00769	0.00798	0.00791	0.01038	0.00649	0.00593	0.01130	0.01780	0.02170	0.15033	0.07101	0.60880	0.01876	0.00896	0.00254	0.00381	0.01573	0.00720	0.00649
25	0.01877	0.01802	0.03079	0.04656	0.68612	0.01802	0.02328	0.02328	0.01727	0.02478	0.01427	0.01877	0.01201	0.00676	0.00751	0.00225	0.00901	0.00676	0.00375	0.01201
26	0.01339	0.01138	0.03312	0.01223	0.01496	0.01134	0.00970	0.02252	0.22506	0.02849	0.33085	0.09472	0.04755	0.01772	0.06372	0.00332	0.00610	0.03762	0.00750	0.00870
27	0.01573	0.01348	0.01573	0.01123	0.01798	0.01011	0.00899	0.01910	0.01573	0.02472	0.01348	0.01573	0.01123	0.00562	0.00562	0.00112	0.00562	0.00449	0.00449	0.77980
28	0.01659	0.01399	0.01619	0.01164	0.01834	0.01099	0.00934	0.06131	0.01704	0.02623	0.01379	0.01589	0.01134	0.00585	0.00575	0.00120	0.00580	0.00465	0.00470	0.72936
29	0.01563	0.01348	0.01624	0.06275	0.02048	0.01060	0.00987	0.01912	0.01569	0.02433	0.01348	0.01606	0.01115	0.00576	0.00576	0.00123	0.00595	0.00466	0.00441	0.72335
30	0.01052	0.00774	0.00984	0.00932	0.01120	0.00707	0.00699	0.01390	0.02096	0.02921	0.60863	0.05864	0.14581	0.01596	0.00895	0.00241	0.00361	0.01400	0.00819	0.00707
31	0.02028	0.73799	0.03975	0.01298	0.01947	0.03001	0.01298	0.02271	0.01541	0.01785	0.01055	0.01217	0.00973	0.00649	0.00487	0.00162	0.00811	0.00406	0.00324	0.00973
32	0.01573	0.01348	0.01573	0.01123	0.01798	0.01011	0.00899	0.01910	0.01573	0.02472	0.01348	0.01573	0.01123	0.00562	0.00562	0.00112	0.00562	0.00449	0.00449	0.77980
33	0.01144	0.01187	0.09490	0.04025	0.01567	0.00885	0.01030	0.01572	0.02054	0.02917	0.57209	0.05014	0.06139	0.01416	0.00868	0.00239	0.00479	0.01243	0.00751	0.00771
34	0.01521	0.03923	0.69413	0.02162	0.03283	0.01762	0.02802	0.02402	0.01601	0.02402	0.01361	0.01601	0.00961	0.00721	0.00721	0.00240	0.01121	0.00560	0.00320	0.01121
35	0.01222	0.00873	0.01222	0.01397	0.01572	0.00873	0.01222	0.01572	0.01746	0.02270	0.04016	0.08556	0.04365	0.02095	0.01048	0.00349	0.00698	0.63506	0.00698	0.00698
36	0.01053	0.00766	0.00991	0.00952	0.01125	0.00704	0.00707	0.01384	0.02072	0.02904	0.60096	0.10940	0.10195	0.01634	0.00900	0.00245	0.00366	0.01444	0.00818	0.00704
37	0.01107	0.00820	0.01038	0.00976	0.01172	0.00773	0.00734	0.01550	0.05536	0.02999	0.61774	0.05599	0.09960	0.01542	0.00888	0.00240	0.00372	0.01356	0.00825	0.00737
38	0.00940	0.00671	0.00898	0.01074	0.01125	0.00630	0.00731	0.01083	0.01468	0.01954	0.04172	0.69480	0.04983	0.02362	0.00972	0.00310	0.00454	0.05370	0.00704	0.00620
39	0.01862	0.01822	0.02878	0.13655	0.54468	0.05102	0.02219	0.02364	0.03868	0.02396	0.01458	0.01904	0.01201	0.00704	0.00749	0.00229	0.00929	0.00672	0.00384	0.01136
40	0.01542	0.06817	0.66704	0.02126	0.03228	0.01813	0.02740	0.02397	0.01599	0.02377	0.01348	0.01585	0.00961	0.00718	0.00711	0.00237	0.01108	0.00554	0.00320	0.01115
41	0.01432	0.01348	0.02275	0.71520	0.05224	0.01685	0.02107	0.01938	0.01517	0.01938	0.01348	0.02022	0.01011	0.00758	0.00758	0.00253	0.01011	0.00674	0.00337	0.00843
42	0.01091	0.00785	0.01078	0.01078	0.01165	0.00872	0.00773	0.01264	0.01177	0.01657	0.02160	0.03692	0.02205	0.29961	0.46487	0.01045	0.01567	0.00917	0.00425	0.00599
43	0.05380	0.01940	0.06864	0.01726	0.04350	0.01990	0.01411	0.22998	0.36045	0.05419	0.02428	0.02323	0.01788	0.00942	0.00751	0.00244	0.00722	0.00755	0.00714	0.01209
44	0.01588	0.06694	0.55784	0.02295	0.03337	0.01842	0.13168	0.02401	0.01630	0.02379	0.01376	0.01658	0.00993	0.00704	0.00739	0.00239	0.01133	0.00609	0.00331	0.01098
45	0.01084	0.00813	0.01219	0.01219	0.01354	0.00948	0.00948	0.01354	0.01219	0.01761	0.02032	0.02980	0.01896	0.05689	0.70337	0.01219	0.02032	0.00813	0.00406	0.00677
46	0.02034	0.15248	0.08181	0.02691	0.10018	0.15872	0.30425	0.02510	0.01799	0.02202	0.01353	0.01714	0.01077	0.00679	0.00753	0.00223	0.01163	0.00680	0.00369	0.01011
47	0.00988	0.00739	0.01066	0.01179	0.01266	0.00695	0.03564	0.01162	0.01493	0.01987	0.04052	0.64037	0.04791	0.02276	0.00972	0.00309	0.00499	0.07592	0.00690	0.00641
48	0.00910	0.00765	0.00791	0.00793	0.01035	0.00645	0.00591	0.01112	0.01749	0.02117	0.11977	0.09725	0.61372	0.01912	0.00899	0.00257	0.00384	0.01606	0.00714	0.00645
49	0.01132	0.00809	0.01116	0.01274	0.01414	0.00793	0.01048	0.01424	0.01697	0.02238	0.08757	0.25428	0.04743	0.02130	0.01015	0.00330	0.00605	0.42658	0.00710	0.00678
50	0.04435	0.01568	0.02336	0.51092	0.13123	0.04272	0.02005	0.08016	0.01751	0.02324	0.01386	0.01932	0.01054	0.00760	0.00744	0.00244	0.00978	0.00659	0.00388	0.00932
51	0.03383	0.01323	0.01780	0.01365	0.01952	0.01163	0.01128	0.06119	0.02225	0.66638	0.02947	0.02552	0.01855	0.00938	0.00763	0.00234	0.00653	0.00760	0.00932	0.01291
52	0.00924	0.00660	0.00880	0.01056	0.01100	0.00616	0.00704	0.01056	0.01452	0.01936	0.04181	0.72848	0.05017	0.02376	0.00968	0.00308	0.00440	0.02156	0.00704	0.00616
53	0.01432	0.01348	0.02275	0.71520	0.05224	0.01685	0.02107	0.01938	0.01517	0.01938	0.01348	0.02022	0.01011	0.00758	0.00758	0.00253	0.01011	0.00674	0.00337	0.00843
54	0.01300	0.00796	0.01078	0.01163	0.01315	0.00746	0.00878	0.01525	0.01672	0.09996	0.09914	0.42898	0.04689	0.02064	0.00956	0.00303	0.00519	0.16721	0.00742	0.00724
55	0.01636	0.07201	0.59608	0.02149	0.03205	0.01808	0.06456	0.02447	0.01632	0.04964	0.01420	0.01647	0.01009	0.00721	0.00721	0.00237	0.01097	0.00581	0.00348	0.01114
56	0.01103	0.00735	0.00827	0.00827	0.00827	0.00735	0.00460	0.01103	0.01103	0.01471	0.02390	0.04964	0.02758	0.73343	0.03861	0.00735	0.00735	0.01103	0.00460	0.00460
57	0.01804	0.01727	0.02946	0.15692	0.58149	0.01783	0.02291	0.02263	0.01692	0.02389	0.01414	0.01901	0.01170	0.00689	0.00752	0.00230	0.00919	0.00676	0.00369	0.01142
58	0.01541	0.03786	0.64661	0.02238	0.03333	0.01773	0.07417	0.02404	0.01615	0.02404	0.01374	0.01634	0.00975	0.00715	0.00733	0.00241	0.01133	0.00585	0.00325	0.01114
59	0.04291	0.03674	0.58413	0.02192	0.03224	0.05362	0.07622	0.02431	0.01634	0.02410	0.01354	0.01611	0.00972	0.00717	0.00724	0.00239	0.01128	0.00578	0.00334	0.01090
60	0.01109	0.00811	0.01068	0.01126	0.01307	0.00770	0.00916	0.01433	0.01894	0.02541	0.30476	0.10064	0.13288	0.01866	0.00964	0.00291	0.00511	0.28116	0.00755	0.00695
61	0.00949	0.00679	0.00906	0.01065	0.01125	0.00636	0.00730	0.01108	0.01517	0.02033	0.08858	0.64831	0.05142	0.02302	0.00967	0.00305	0.00447	0.05058	0.00713	0.00627
62	0.01427	0.01318	0.02218	0.68414	0.05038	0.01640	0.02043	0.01896	0.01493	0.01911	0.01347	0.02035	0.01025	0.00841	0.00855	0.03673	0.00996	0.00673	0.00337	0.00820
63	0.01830	0.01795	0.02865	0.18536	0.52124	0.05090	0.02240	0.02280	0.01703	0.02335	0.01398	0.01883	0.01151	0.00698	0.00749	0.00230	0.00947	0.00666	0.00368	0.01111
64	0.01651	0.01559	0.02637	0.33753	0.37635	0.01706	0.02178	0.02121	0.01636	0.02232	0.01518	0.02264	0.01271	0.00781	0.00769	0.00243	0.00939	0.03714	0.00374	0.01020
65	0.01085	0.00806	0.01183	0.01183	0.01306	0.00929	0.00903	0.01331	0.01208	0.01734	0.02064	0.03161	0.01975	0.11872	0.64262	0.01175	0.01913	0.00839	0.00411	0.00657
66	0.01562	0.06576	0.61982	0.02204	0.03280	0.01823	0.07419	0.02399	0.01613	0.02379	0.01362	0.01619	0.00975	0.00712	0.00724	0.00238	0.01120	0.00579	0.00325	0.01108
67	0.01669	0.03624	0.58144	0.02056	0.03047	0.06692	0.02527	0.02437	0.01659	0.05221	0.01559	0.05188	0.01204	0.00817	0.00732	0.00240	0.01084	0.00644	0.00371	0.01085
68	0.01542	0.06807	0.66713	0.02126	0.03228	0.01813	0.02740	0.02397	0.01599	0.02377	0.01349	0.01586	0.00961	0.00718	0.00711	0.00237	0.01108	0.00554	0.00320	0.01115
69	0.01470	0.01194	0.01359	0.01267	0.01569	0.01289	0.00986	0.02680	0.33423	0.03001	0.29119	0.04607	0.07038	0.01360	0.00848	0.00257	0.00504	0.06296	0.00788	0.00945
70	0.78701	0.01467	0.01115	0.00997	0.01467	0.01702	0.00821	0.02230	0.01291	0.03403	0.01056	0.01232	0.00821	0.00704	0.00469	0.00235	0.00587	0.00411	0.00469	0.00821
71	0.02744	0.02031	0.02171	0.01691	0.02267	0.02253	0.01388	0.58375	0.09049	0.04570	0.01955	0.01945	0.01403	0.00920	0.00752	0.00228	0.00797	0.00699	0.03501	0.01261
72	0.01279	0.01149	0.02010	0.13002	0.05786	0.01154	0.14588	0.01636	0.01638	0.02196	0.08322	0.30358	0.03485	0.01571	0.00912	0.00283	0.00751	0.08524	0.00573	0.00784
73	0.03290	0.01266	0.01724	0.01330	0.01897	0.01096	0.01096	0.03587	0.02170	0.65940	0.06147	0.02731	0.02133	0.00968	0.00769	0.00235	0.00632	0.00792	0.00934	0.01263
74	0.01536	0.03839	0.66763	0.02262	0.05893	0.01763	0.02784	0.02399	0.01606	0.02405	0.01364	0.01612	0.00970	0.00719	0.00722	0.00240	0.01112	0.00565	0.00322	0.01124
75	0.01607	0.03696	0.61317	0.02219	0.03289	0.01802	0.07445	0.05484	0.01711	0.02519	0.01396	0.01645	0.00991	0.00724	0.00736	0.00241	0.01119	0.00591	0.00346	0.01122
76	0.01455	0.01371	0.02315	0.68178	0.08393	0.01691	0.02118	0.01957	0.01527	0.01965	0.01352	0.02015	0.01021	0.00754	0.00758	0.00251	0.01006	0.00674	0.00339	0.00861
77	0.03230	0.01330	0.01755	0.01372	0.01940	0.01203	0.01125	0.03735	0.09610	0.61596	0.03003	0.02610	0.01928	0.00949	0.00764	0.00237	0.00640	0.00774	0.00920	0.01281
78	0.01670	0.01591	0.02705	0.35773	0.39113	0.01748	0.02225	0.02146	0.01629	0.02227	0.01390	0.01945	0.01113	0.00714	0.00754	0.00238	0.00952	0.00675	0.00358	0.01034
79	0.01694	0.01924	0.06332	0.13730	0.06715	0.01840	0.44501	0.02277	0.01705	0.02317	0.01588	0.02314	0.01272	0.00766	0.00945	0.00262	0.04595	0.03855	0.00386	0.00981
80	0.01569	0.10477	0.63276	0.02081	0.03158	0.01878	0.02661	0.02390	0.01596	0.02344	0.01332	0.01565	0.00962	0.00714	0.00699	0.00233	0.01092	0.00546	0.00321	0.01107
81	0.03019	0.01664	0.11191	0.01477	0.02119	0.01232	0.01366	0.05351	0.02114	0.54591	0.02778	0.02710	0.01852	0.00963	0.00771	0.00241	0.00720	0.03767	0.00835	0.01238
82	0.01544	0.03776	0.64557	0.02286	0.05454	0.01769	0.05389	0.02401	0.01613	0.02406	0.01371	0.01629	0.00977	0.00716	0.00729	0.00240	0.01120	0.00578	0.00325	0.01120
83	0.01521	0.03923	0.69413	0.02162	0.03283	0.01762	0.02802	0.02402	0.01601	0.02402	0.01361	0.01601	0.00961	0.00721	0.00721	0.00240	0.01121	0.00560	0.00320	0.01121
84	0.01659	0.01659	0.02323	0.01991	0.01991	0.02323	0.01659	0.01825	0.01162	0.01825	0.00996	0.01659	0.00996	0.01328	0.02489	0.00332	0.71955	0.00664	0.00332	0.00830
85	0.01579	0.01393	0.02343	0.56575	0.08064	0.01669	0.04810	0.02058	0.01561	0.05369	0.01463	0.02054	0.01098	0.00784	0.00826	0.00251	0.03814	0.00689	0.02713	0.00887
86	0.03001	0.01611	0.01873	0.01466	0.02013	0.04522	0.01198	0.23251	0.02610	0.39723	0.08492	0.02568	0.02133	0.00979	0.00770	0.00231	0.00711	0.00781	0.00848	0.01220
87	0.00924	0.00660	0.00880	0.01056	0.01100	0.00616	0.00704	0.01056	0.01452	0.01936	0.04181	0.72848	0.05017	0.02376	0.00968	0.00308	0.00440	0.02156	0.00704	0.00616
88	0.01211	0.00870	0.01207	0.01376	0.01553	0.00865	0.01201	0.01555	0.01746	0.02263	0.04138	0.08514	0.06488	0.02090	0.01043	0.00346	0.00688	0.61451	0.00699	0.00697
89	0.02676	0.12998	0.12484	0.01488	0.02126	0.03835	0.01403	0.03168	0.06387	0.38933	0.02437	0.05106	0.01726	0.00921	0.00720	0.00228	0.00757	0.00731	0.00709	0.01168
90	0.01264	0.00668	0.00961	0.00973	0.00976	0.00665	0.00638	0.01007	0.01034	0.01379	0.01646	0.07513	0.01749	0.11238	0.02936	0.63146	0.00653	0.00817	0.00371	0.00365
91	0.02833	0.03615	0.02149	0.01954	0.02345	0.70298	0.01466	0.03029	0.02149	0.01856	0.01172	0.01368	0.00977	0.00782	0.00684	0.00195	0.01368	0.00489	0.00391	0.00879
92	0.02045	0.37432	0.05197	0.07948	0.05213	0.14479	0.08117	0.02363	0.01651	0.01924	0.01169	0.01470	0.01006	0.00736	0.00758	0.00203	0.06461	0.00529	0.00346	0.00953
93	0.02087	0.02213	0.19879	0.07358	0.03229	0.01595	0.25425	0.02665	0.01809	0.20010	0.01972	0.04995	0.01444	0.00820	0.00809	0.00248	0.01017	0.00811	0.00524	0.01089
94	0.01521	0.03923	0.69413	0.02162	0.03283	0.01762	0.02802	0.02402	0.01601	0.02402	0.01361	0.01601	0.00961	0.00721	0.00721	0.00240	0.01121	0.00560	0.00320	0.01121
95	0.02798	0.03549	0.02183	0.02053	0.04767	0.67794	0.01497	0.03003	0.02134	0.01879	0.01182	0.01386	0.00985	0.00778	0.00686	0.00196	0.01351	0.00495	0.00390	0.00891
96	0.01152	0.01079	0.03609	0.04971	0.01868	0.01008	0.11212	0.01427	0.01569	0.02111	0.08252	0.42607	0.08659	0.01823	0.01008	0.00287	0.04358	0.01660	0.00614	0.00727
97	0.01539	0.01405	0.02275	0.66414	0.05014	0.01734	0.02058	0.06632	0.01667	0.02146	0.01383	0.02008	0.01032	0.00769	0.00758	0.00251	0.00998	0.00675	0.00368	0.00875
98	0.01098	0.00785	0.01007	0.01140	0.01268	0.00766	0.00868	0.01415	0.04756	0.02174	0.04201	0.39601	0.08969	0.02082	0.00946	0.00305	0.00518	0.21094	0.06329	0.00678
99	0.01090	0.00907	0.01397	0.18161	0.02240	0.00944	0.04446	0.01343	0.01506	0.01971	0.03614	0.47241	0.08478	0.01861	0.00908	0.00288	0.00618	0.01692	0.00599	0.00694

[dist]
# distance from previous block
# <min> <max>
0	4

[block]
# block no. 2 follows, 26 sequences, length 30
# corresponding to MSA columns:
# 148-177
name=unknown_C
#
# <colnr> <probs for GDERKNQSTAVLIFYWHMCP>
#	G	D	E	R	K	N	Q	S	T	A	V	L	I	F	Y	W	H	M	C	P
0	0.01777	0.01745	0.03106	0.08460	0.44607	0.01718	0.14364	0.02256	0.01732	0.02456	0.04218	0.02057	0.01422	0.00703	0.00772	0.00226	0.00936	0.00732	0.00399	0.06317
1	0.01477	0.00906	0.01094	0.01058	0.01305	0.00830	0.00784	0.05931	0.01831	0.13704	0.07197	0.32741	0.24485	0.01857	0.00893	0.00271	0.00481	0.01613	0.00753	0.00788
2	0.01432	0.01348	0.02275	0.71520	0.05224	0.01685	0.02107	0.01938	0.01517	0.01938	0.01348	0.02022	0.01011	0.00758	0.00758	0.00253	0.01011	0.00674	0.00337	0.00843
3	0.01207	0.02027	0.28074	0.01424	0.01995	0.01120	0.01551	0.01714	0.01741	0.02374	0.14853	0.07035	0.22937	0.01415	0.00844	0.00258	0.00705	0.07306	0.00573	0.00849
4	0.01399	0.01036	0.01523	0.01354	0.01637	0.00971	0.09386	0.06056	0.01820	0.07994	0.08688	0.32199	0.17477	0.01762	0.00909	0.00275	0.00586	0.03445	0.00694	0.00788
5	0.01432	0.01348	0.02275	0.71520	0.05224	0.01685	0.02107	0.01938	0.01517	0.01938	0.01348	0.02022	0.01011	0.00758	0.00758	0.00253	0.01011	0.00674	0.00337	0.00843
6	0.01022	0.00766	0.00932	0.00916	0.01094	0.00695	0.00675	0.01295	0.01902	0.02567	0.41069	0.10807	0.22929	0.06744	0.01112	0.00286	0.00407	0.03350	0.00761	0.00670
7	0.01790	0.02046	0.04476	0.03197	0.03964	0.01918	0.65857	0.02430	0.01790	0.02430	0.01535	0.02046	0.01151	0.00639	0.00895	0.00256	0.01279	0.00895	0.00384	0.01023
8	0.01791	0.01889	0.07436	0.04027	0.52460	0.01739	0.07004	0.02329	0.03912	0.02471	0.01786	0.02327	0.03531	0.00781	0.00776	0.00235	0.00910	0.03042	0.00408	0.01146
9	0.01558	0.03671	0.60671	0.02301	0.03375	0.01783	0.11291	0.02406	0.01627	0.02406	0.01385	0.01661	0.00986	0.00710	0.00744	0.00242	0.01142	0.00606	0.00329	0.01108
10	0.01953	0.01819	0.11922	0.02198	0.15461	0.03841	0.04752	0.02632	0.10684	0.15389	0.12483	0.06393	0.02661	0.01054	0.00800	0.00245	0.00765	0.03256	0.00629	0.01064
11	0.01490	0.03703	0.64630	0.02077	0.03133	0.01688	0.02657	0.02334	0.01640	0.02447	0.06036	0.01886	0.01394	0.00779	0.00733	0.00240	0.01068	0.00617	0.00356	0.01093
12	0.01906	0.05809	0.45689	0.02190	0.07370	0.01714	0.05455	0.02666	0.03904	0.13637	0.01695	0.01833	0.01186	0.00758	0.00731	0.00237	0.01005	0.00623	0.00446	0.01147
13	0.02874	0.01508	0.06358	0.01582	0.05246	0.01266	0.01289	0.06432	0.06224	0.48240	0.02852	0.06759	0.02034	0.01032	0.00780	0.00243	0.00686	0.02552	0.00830	0.01213
14	0.01819	0.05903	0.49416	0.02225	0.05598	0.01743	0.08842	0.02561	0.01695	0.10828	0.01576	0.01766	0.01105	0.00736	0.00736	0.00238	0.01057	0.00618	0.00407	0.01130
15	0.01470	0.01514	0.05247	0.30782	0.08066	0.01603	0.12796	0.01918	0.01568	0.02117	0.03704	0.10724	0.01881	0.01080	0.01006	0.00271	0.08362	0.04597	0.00424	0.00870
16	0.01771	0.01698	0.02918	0.14506	0.54457	0.01743	0.04238	0.02224	0.01687	0.02375	0.01524	0.04638	0.01318	0.00753	0.00765	0.00234	0.00912	0.00740	0.00383	0.01119
17	0.01677	0.01590	0.02756	0.23044	0.34242	0.01681	0.09055	0.02189	0.03910	0.02290	0.01651	0.02451	0.01405	0.00873	0.00865	0.02865	0.00941	0.05099	0.00400	0.01015
18	0.05389	0.01236	0.05446	0.08428	0.06938	0.01125	0.01230	0.02026	0.05962	0.11895	0.05376	0.22793	0.06261	0.04153	0.00959	0.00290	0.00653	0.08332	0.00642	0.00866
19	0.01677	0.03597	0.60240	0.02272	0.07563	0.01719	0.02653	0.02488	0.01650	0.07074	0.01480	0.01688	0.01041	0.00733	0.00726	0.00239	0.01073	0.00582	0.00367	0.01138
20	0.02465	0.01496	0.10732	0.01343	0.01883	0.01082	0.01224	0.02843	0.02049	0.40939	0.17381	0.05635	0.05276	0.01126	0.00798	0.00239	0.00631	0.00945	0.00816	0.01096
21	0.02412	0.03610	0.01568	0.01235	0.01669	0.01132	0.00991	0.07149	0.04334	0.36516	0.13567	0.10641	0.09329	0.01267	0.00808	0.00243	0.00572	0.01067	0.00837	0.01056
22	0.05658	0.00871	0.00986	0.01032	0.01232	0.00836	0.00773	0.05595	0.01721	0.02295	0.05109	0.32355	0.27751	0.01979	0.00907	0.00284	0.00484	0.08747	0.00693	0.00692
23	0.01627	0.01567	0.06933	0.04206	0.15966	0.01395	0.14911	0.06811	0.01788	0.05720	0.02558	0.27895	0.02606	0.01326	0.00860	0.00264	0.00811	0.01260	0.00550	0.00946
24	0.01492	0.01471	0.02654	0.52537	0.04684	0.01716	0.14513	0.01996	0.01553	0.02029	0.01479	0.04740	0.01192	0.00821	0.00865	0.00259	0.03995	0.00774	0.00360	0.00869
25	0.01784	0.03481	0.50380	0.02530	0.03543	0.01891	0.19271	0.02518	0.01764	0.02573	0.01601	0.01989	0.01201	0.00831	0.00848	0.00280	0.01211	0.00711	0.00407	0.01186
26	0.01952	0.02472	0.14590	0.08825	0.03943	0.05295	0.45186	0.02521	0.01862	0.02519	0.01662	0.02197	0.01285	0.00803	0.00921	0.00285	0.01279	0.00855	0.00438	0.01110
27	0.07073	0.02899	0.35792	0.02556	0.11426	0.01783	0.12843	0.02532	0.01806	0.07062	0.04983	0.02222	0.01571	0.00887	0.00829	0.00275	0.01064	0.00737	0.00484	0.01176
28	0.01585	0.01483	0.02655	0.10974	0.02929	0.01452	0.26057	0.01913	0.01711	0.02312	0.02738	0.25213	0.02834	0.03976	0.01139	0.00333	0.03089	0.06122	0.00572	0.00915
29	0.01826	0.02734	0.27406	0.06837	0.03753	0.01885	0.35246	0.02450	0.01802	0.02536	0.01745	0.04675	0.01398	0.00871	0.00903	0.00287	0.01221	0.00860	0.00438	0.01126

[dist]
# distance from previous block
# <min> <max>
0	13

[block]
# block no. 3 follows, 26 sequences, length 57
# corresponding to MSA columns:
# 191-247
name=unknown_D
#
# <colnr> <probs for GDERKNQSTAVLIFYWHMCP>
#	G	D	E	R	K	N	Q	S	T	A	V	L	I	F	Y	W	H	M	C	P
0	0.02130	0.09174	0.36614	0.05919	0.07727	0.09140	0.02295	0.09324	0.04402	0.02770	0.01687	0.02011	0.01318	0.00924	0.00815	0.00275	0.01115	0.00661	0.00487	0.01214
1	0.01466	0.01048	0.01219	0.01189	0.01320	0.01033	0.00804	0.06306	0.01624	0.02210	0.06153	0.14143	0.07841	0.34288	0.15028	0.00694	0.00978	0.01271	0.00627	0.00756
2	0.01215	0.00947	0.01036	0.01046	0.01264	0.00814	0.00748	0.01346	0.01898	0.02443	0.18229	0.19491	0.42365	0.02059	0.01009	0.00309	0.00486	0.01702	0.00804	0.00789
3	0.02013	0.01849	0.02996	0.14307	0.47540	0.01863	0.05557	0.02444	0.04104	0.02621	0.01856	0.02609	0.01603	0.00942	0.00881	0.00285	0.00991	0.03820	0.00489	0.01229
4	0.01839	0.03275	0.46508	0.02368	0.03295	0.01791	0.14493	0.02483	0.01793	0.04799	0.01936	0.07958	0.01613	0.01022	0.00883	0.00295	0.01143	0.00845	0.00477	0.01185
5	0.01877	0.01771	0.02965	0.11136	0.59502	0.01814	0.02268	0.05029	0.01785	0.02524	0.01436	0.01889	0.01186	0.00694	0.00752	0.00228	0.00909	0.00676	0.00388	0.01170
6	0.06074	0.03779	0.65384	0.02093	0.03176	0.01758	0.02686	0.02392	0.01583	0.02461	0.01343	0.01580	0.00953	0.00720	0.00706	0.00240	0.01089	0.00552	0.00329	0.01103
7	0.01641	0.02213	0.21310	0.17609	0.20241	0.01682	0.06838	0.05269	0.01743	0.02423	0.01751	0.02697	0.01500	0.00897	0.00793	0.00254	0.00984	0.08717	0.00412	0.01029
8	0.01563	0.07407	0.55016	0.02188	0.03199	0.01804	0.10258	0.02357	0.01644	0.02399	0.04238	0.01809	0.01251	0.00743	0.00736	0.00238	0.01090	0.00627	0.00350	0.01084
9	0.00913	0.00764	0.00794	0.00797	0.01037	0.00646	0.00594	0.01117	0.01753	0.02129	0.12725	0.09979	0.60337	0.01909	0.00899	0.00257	0.00384	0.01605	0.00716	0.00646
10	0.00952	0.00687	0.00907	0.01066	0.01137	0.00642	0.00741	0.01112	0.01513	0.02003	0.06239	0.61855	0.08508	0.02303	0.00969	0.00307	0.00456	0.07268	0.00707	0.00627
11	0.01717	0.01855	0.03801	0.19287	0.11756	0.01850	0.43633	0.02303	0.01719	0.02321	0.01479	0.02021	0.01124	0.00671	0.00847	0.00252	0.01173	0.00818	0.00372	0.01002
12	0.00923	0.00666	0.00874	0.01039	0.01096	0.00618	0.00697	0.01058	0.01469	0.01943	0.04387	0.68981	0.08750	0.02349	0.00964	0.00305	0.00437	0.02124	0.00704	0.00618
13	0.01783	0.02025	0.04357	0.03131	0.03856	0.01940	0.62323	0.02396	0.01756	0.02396	0.01505	0.02025	0.01142	0.00677	0.00983	0.00260	0.05169	0.00882	0.00381	0.01012
14	0.01544	0.07039	0.66496	0.02123	0.03223	0.01817	0.02735	0.02396	0.01599	0.02375	0.01348	0.01584	0.00961	0.00717	0.00710	0.00237	0.01107	0.00554	0.00320	0.01114
15	0.01646	0.23903	0.47241	0.01854	0.02794	0.02068	0.02268	0.02317	0.01611	0.02255	0.04516	0.01688	0.01265	0.00740	0.00662	0.00218	0.00995	0.00555	0.00346	0.01059
16	0.03030	0.01240	0.01663	0.01302	0.01827	0.01095	0.01065	0.05421	0.02214	0.56906	0.12915	0.03028	0.02664	0.01031	0.00783	0.00235	0.00608	0.00853	0.00917	0.01203
17	0.01877	0.01802	0.03079	0.04656	0.68612	0.01802	0.02328	0.02328	0.01727	0.02478	0.01427	0.01877	0.01201	0.00676	0.00751	0.00225	0.00901	0.00676	0.00375	0.01201
18	0.02581	0.05636	0.02150	0.01843	0.02246	0.48196	0.01417	0.06855	0.14266	0.02270	0.01555	0.01673	0.01245	0.00854	0.00775	0.00213	0.04209	0.00573	0.00478	0.00965
19	0.01103	0.00735	0.00827	0.00827	0.00827	0.00735	0.00460	0.01103	0.01103	0.01471	0.02390	0.04964	0.02758	0.73343	0.03861	0.00735	0.00735	0.01103	0.00460	0.00460
20	0.00904	0.00769	0.00779	0.00777	0.01029	0.00644	0.00583	0.01104	0.01748	0.02093	0.10382	0.07227	0.65578	0.01904	0.00896	0.00255	0.00383	0.01591	0.00710	0.00644
21	0.01942	0.01747	0.01741	0.01568	0.01994	0.05922	0.01216	0.03971	0.63401	0.03095	0.02974	0.02744	0.02236	0.01014	0.00767	0.00254	0.00646	0.00836	0.00749	0.01182
22	0.01036	0.00781	0.01091	0.01198	0.01301	0.00753	0.03167	0.01305	0.04535	0.02051	0.04014	0.59328	0.04673	0.02217	0.00966	0.00309	0.00509	0.09403	0.00695	0.00668
23	0.01566	0.08868	0.62709	0.02132	0.03208	0.01855	0.04656	0.02394	0.01603	0.02359	0.01345	0.01588	0.00968	0.00713	0.00709	0.00235	0.01104	0.00560	0.00323	0.01107
24	0.02833	0.03615	0.02149	0.01954	0.02345	0.70298	0.01466	0.03029	0.02149	0.01856	0.01172	0.01368	0.00977	0.00782	0.00684	0.00195	0.01368	0.00489	0.00391	0.00879
25	0.00938	0.00671	0.00892	0.01047	0.01103	0.00625	0.00705	0.01091	0.01516	0.02038	0.10077	0.66662	0.05214	0.02300	0.00961	0.00302	0.00432	0.02084	0.00716	0.00625
26	0.02005	0.70576	0.06994	0.01338	0.02008	0.02944	0.01367	0.02277	0.01544	0.01813	0.01069	0.01234	0.00973	0.00652	0.00497	0.00166	0.00825	0.00413	0.00324	0.00980
27	0.01776	0.02144	0.07857	0.03143	0.03929	0.01910	0.62573	0.02428	0.01780	0.02428	0.01526	0.02023	0.01141	0.00644	0.00886	0.00255	0.01271	0.00878	0.00380	0.01028
28	0.01467	0.01396	0.02394	0.65790	0.08254	0.01699	0.04437	0.01975	0.01537	0.01982	0.01359	0.02016	0.01025	0.00750	0.00763	0.00252	0.01016	0.00682	0.00341	0.00867
29	0.00896	0.00768	0.00768	0.00768	0.01025	0.00640	0.00576	0.01089	0.01729	0.02049	0.07684	0.07300	0.68304	0.01921	0.00896	0.00256	0.00384	0.01601	0.00704	0.00640
30	0.01549	0.07769	0.65811	0.02114	0.03209	0.01830	0.02720	0.02395	0.01598	0.02368	0.01344	0.01580	0.00962	0.00717	0.00708	0.00236	0.01104	0.00552	0.00321	0.01113
31	0.04333	0.06028	0.61528	0.02053	0.03109	0.01769	0.02600	0.02455	0.01617	0.05693	0.01420	0.01624	0.01001	0.00728	0.00706	0.00237	0.01069	0.00560	0.00356	0.01114
32	0.03329	0.01274	0.01736	0.01337	0.01911	0.01102	0.01102	0.03624	0.02170	0.67027	0.05074	0.02680	0.02046	0.00958	0.00767	0.00235	0.00636	0.00782	0.00935	0.01272
33	0.00924	0.00660	0.00880	0.01056	0.01100	0.00616	0.00704	0.01056	0.01452	0.01936	0.04181	0.72848	0.05017	0.02376	0.00968	0.00308	0.00440	0.02156	0.00704	0.00616
34	0.02028	0.73799	0.03975	0.01298	0.01947	0.03001	0.01298	0.02271	0.01541	0.01785	0.01055	0.01217	0.00973	0.00649	0.00487	0.00162	0.00811	0.00406	0.00324	0.00973
35	0.02775	0.03518	0.02158	0.01956	0.02327	0.66941	0.01475	0.02969	0.02101	0.01855	0.01164	0.01382	0.00978	0.00809	0.00773	0.00202	0.04854	0.00497	0.00388	0.00877
36	0.01573	0.01348	0.01573	0.01123	0.01798	0.01011	0.00899	0.01910	0.01573	0.02472	0.01348	0.01573	0.01123	0.00562	0.00562	0.00112	0.00562	0.00449	0.00449	0.77980
37	0.01839	0.01778	0.03065	0.04448	0.63103	0.01767	0.05349	0.02289	0.01730	0.02461	0.01652	0.02076	0.03554	0.00718	0.00763	0.00228	0.00901	0.00719	0.00387	0.01173
38	0.02833	0.03615	0.02149	0.01954	0.02345	0.70298	0.01466	0.03029	0.02149	0.01856	0.01172	0.01368	0.00977	0.00782	0.00684	0.00195	0.01368	0.00489	0.00391	0.00879
39	0.01084	0.00813	0.01219	0.01219	0.01354	0.00948	0.00948	0.01354	0.01219	0.01761	0.02032	0.02980	0.01896	0.05689	0.70337	0.01219	0.02032	0.00813	0.00406	0.00677
40	0.02833	0.03615	0.02149	0.01954	0.02345	0.70298	0.01466	0.03029	0.02149	0.01856	0.01172	0.01368	0.00977	0.00782	0.00684	0.00195	0.01368	0.00489	0.00391	0.00879
41	0.01102	0.00739	0.00847	0.00847	0.00853	0.00746	0.00484	0.01115	0.01109	0.01485	0.02372	0.04866	0.02715	0.70021	0.07125	0.00759	0.00799	0.01089	0.00457	0.00470
42	0.03403	0.01291	0.01760	0.01350	0.01936	0.01115	0.01115	0.03697	0.02171	0.69137	0.02992	0.02582	0.01878	0.00939	0.00763	0.00235	0.00645	0.00763	0.00939	0.01291
43	0.00942	0.00770	0.00831	0.00816	0.01052	0.00660	0.00612	0.01176	0.01836	0.02303	0.23164	0.06882	0.52665	0.01826	0.00896	0.00252	0.00377	0.01542	0.00738	0.00660
44	0.02172	0.61261	0.03649	0.01415	0.02018	0.15024	0.01328	0.02407	0.01650	0.01797	0.01076	0.01244	0.00974	0.00673	0.00522	0.00168	0.00911	0.00420	0.00336	0.00957
45	0.01877	0.01802	0.03079	0.04656	0.68612	0.01802	0.02328	0.02328	0.01727	0.02478	0.01427	0.01877	0.01201	0.00676	0.00751	0.00225	0.00901	0.00676	0.00375	0.01201
46	0.01824	0.07482	0.44839	0.02217	0.03163	0.05582	0.13672	0.02539	0.01708	0.07775	0.01496	0.01724	0.01071	0.00723	0.00739	0.00235	0.01106	0.00623	0.00386	0.01095
47	0.78701	0.01467	0.01115	0.00997	0.01467	0.01702	0.00821	0.02230	0.01291	0.03403	0.01056	0.01232	0.00821	0.00704	0.00469	0.00235	0.00587	0.00411	0.00469	0.00821
48	0.01559	0.01489	0.02557	0.52012	0.21468	0.01723	0.04335	0.02055	0.01580	0.02093	0.01375	0.01986	0.01065	0.00733	0.00761	0.00246	0.00992	0.00682	0.00348	0.00941
49	0.01116	0.00847	0.01077	0.01064	0.03027	0.00797	0.00768	0.01549	0.05473	0.02909	0.55392	0.05618	0.14402	0.01546	0.00884	0.00241	0.00389	0.01354	0.00803	0.00745
50	0.01113	0.00975	0.04580	0.01023	0.01270	0.00813	0.00831	0.01558	0.04874	0.02909	0.55547	0.05505	0.13074	0.01524	0.00880	0.00241	0.00411	0.01332	0.00792	0.00750
51	0.01905	0.01796	0.03000	0.07815	0.62228	0.01823	0.02273	0.05439	0.01807	0.02564	0.01442	0.01882	0.01196	0.00691	0.00752	0.00227	0.00903	0.00676	0.00392	0.01188
52	0.01589	0.01633	0.03144	0.42479	0.07880	0.01779	0.26133	0.02142	0.01630	0.02150	0.01422	0.02024	0.01073	0.00709	0.00810	0.00253	0.01107	0.00757	0.00356	0.00928
53	0.01887	0.01629	0.01715	0.01544	0.01972	0.01887	0.01201	0.04031	0.67241	0.03173	0.03087	0.02830	0.02315	0.01029	0.00772	0.00257	0.00600	0.00858	0.00772	0.01201
54	0.01617	0.00902	0.01196	0.01078	0.01353	0.00819	0.00847	0.01954	0.02103	0.18168	0.45533	0.05263	0.07781	0.01470	0.00878	0.00248	0.00455	0.06650	0.00843	0.00844
55	0.00994	0.00737	0.01028	0.01135	0.01221	0.00694	0.02978	0.01156	0.01476	0.01955	0.04072	0.57190	0.06949	0.07355	0.01178	0.00339	0.00512	0.07729	0.00675	0.00627
56	0.01776	0.01978	0.04177	0.03089	0.06566	0.01839	0.57779	0.02383	0.01770	0.02435	0.01515	0.02000	0.01151	0.00635	0.00862	0.00243	0.01204	0.00849	0.00389	0.07364

[dist]
# distance from previous block
# <min> <max>
0	9

# created by:
# /st0/software/busco_prod/Augustus/scripts/msa2prfl.pl ./align_prep/118849.fa
