[name]
unknown

[dist]
# distance from previous block
# <min> <max>
4	81

[block]
# block no. 0 follows, 26 sequences, length 30
# corresponding to MSA columns:
# 83-112
name=unknown_A
#
# <colnr> <probs for GDERKNQSTAVLIFYWHMCP>
#	G	D	E	R	K	N	Q	S	T	A	V	L	I	F	Y	W	H	M	C	P
0	0.01112	0.00769	0.00974	0.00934	0.01113	0.00734	0.00704	0.01448	0.01935	0.02801	0.47102	0.05072	0.10123	0.01929	0.08401	0.00337	0.00541	0.01229	0.12036	0.00705
1	0.01281	0.01036	0.01000	0.01040	0.01133	0.08603	0.00697	0.01416	0.01423	0.01894	0.02877	0.28106	0.03187	0.25709	0.05623	0.00468	0.00718	0.01331	0.11847	0.00611
2	0.02424	0.01369	0.01598	0.01307	0.01788	0.01351	0.01053	0.14939	0.12602	0.29339	0.03984	0.03682	0.18813	0.01199	0.00798	0.00242	0.00607	0.00977	0.00818	0.01110
3	0.28164	0.01218	0.01352	0.09068	0.01921	0.01257	0.00997	0.02329	0.01669	0.21980	0.03154	0.06847	0.14939	0.01114	0.00701	0.00245	0.00603	0.00877	0.00651	0.00913
4	0.06714	0.01331	0.01616	0.01330	0.01789	0.01325	0.01063	0.08621	0.14949	0.34225	0.10083	0.02820	0.02412	0.01143	0.00935	0.06297	0.00618	0.00816	0.00806	0.01107
5	0.01967	0.01239	0.01352	0.01205	0.01513	0.08728	0.00922	0.02253	0.02051	0.23058	0.30984	0.14265	0.04512	0.01399	0.00841	0.00243	0.00573	0.01201	0.00797	0.00896
6	0.01607	0.00931	0.01231	0.09052	0.01760	0.00872	0.00931	0.01841	0.01724	0.19145	0.04573	0.27801	0.22144	0.01693	0.00871	0.00268	0.00541	0.01470	0.00722	0.00821
7	0.01093	0.00898	0.01457	0.01365	0.01528	0.00844	0.11066	0.01306	0.01514	0.02038	0.07958	0.49227	0.04291	0.10104	0.01280	0.00343	0.00602	0.01782	0.00634	0.00670
8	0.01023	0.00743	0.00873	0.00915	0.01050	0.00686	0.00647	0.01210	0.01601	0.02123	0.14944	0.21102	0.23076	0.16304	0.01500	0.00364	0.00484	0.05897	0.04841	0.00618
9	0.10128	0.01212	0.01499	0.16179	0.02267	0.01318	0.01139	0.07016	0.09322	0.07970	0.20136	0.03606	0.07732	0.06095	0.00988	0.00278	0.00637	0.00955	0.00648	0.00876
10	0.10003	0.01183	0.01387	0.03311	0.01607	0.01243	0.00967	0.06209	0.01593	0.02547	0.02201	0.19996	0.02206	0.01234	0.00950	0.00230	0.10909	0.00977	0.12813	0.18433
11	0.01558	0.03426	0.54542	0.02165	0.03196	0.01696	0.09755	0.02351	0.01620	0.02413	0.01379	0.01649	0.01000	0.00694	0.00723	0.00228	0.01077	0.00586	0.00342	0.09601
12	0.10371	0.01816	0.01565	0.01424	0.01814	0.14223	0.01098	0.03116	0.35764	0.02800	0.06650	0.03131	0.10918	0.01094	0.00745	0.00242	0.00698	0.00867	0.00663	0.00999
13	0.06860	0.01291	0.01488	0.04977	0.01844	0.01183	0.00962	0.06530	0.06763	0.02579	0.01983	0.12287	0.01882	0.06029	0.00888	0.00220	0.00605	0.00802	0.00530	0.40296
14	0.09685	0.01055	0.04847	0.06538	0.01603	0.00946	0.00949	0.01569	0.01895	0.02835	0.44652	0.12302	0.05396	0.01444	0.00836	0.00247	0.00485	0.01256	0.00713	0.00748
15	0.02073	0.01650	0.01662	0.01448	0.01867	0.07605	0.01133	0.10406	0.34006	0.10424	0.11132	0.03257	0.07774	0.01118	0.00786	0.00244	0.00652	0.00916	0.00758	0.01089
16	0.01769	0.01767	0.03202	0.11463	0.36394	0.01733	0.19476	0.02265	0.01703	0.02403	0.01439	0.01906	0.01157	0.00663	0.00770	0.00224	0.00979	0.00710	0.00381	0.09594
17	0.03045	0.01376	0.01760	0.01382	0.01928	0.01290	0.01130	0.10455	0.08023	0.51499	0.07559	0.02741	0.02230	0.00988	0.00773	0.00236	0.00642	0.00806	0.00897	0.01242
18	0.01029	0.00753	0.00974	0.01064	0.01181	0.00692	0.00735	0.02541	0.01583	0.02157	0.11000	0.58795	0.04894	0.02124	0.00926	0.00285	0.00448	0.01916	0.00701	0.06201
19	0.01185	0.01029	0.01544	0.05253	0.01732	0.01167	0.05486	0.01380	0.01410	0.01944	0.03093	0.47319	0.03584	0.01921	0.01311	0.00307	0.17418	0.01637	0.00574	0.00707
20	0.07596	0.10165	0.14673	0.01986	0.02610	0.01712	0.20986	0.02080	0.01575	0.02319	0.01782	0.13025	0.01676	0.00968	0.00851	0.00238	0.05005	0.00881	0.00428	0.09445
21	0.11046	0.04588	0.01986	0.01731	0.02133	0.50241	0.01323	0.07315	0.02143	0.02340	0.07076	0.01759	0.01524	0.00847	0.00680	0.00205	0.01142	0.00569	0.00463	0.00890
22	0.02230	0.01778	0.02187	0.01726	0.02259	0.01880	0.08373	0.34704	0.13002	0.03681	0.02235	0.10789	0.01883	0.01046	0.00782	0.00234	0.00770	0.00893	0.00682	0.08865
23	0.07545	0.07717	0.01763	0.01449	0.01787	0.27476	0.01109	0.09178	0.01976	0.02332	0.03805	0.17211	0.08892	0.03426	0.00842	0.00246	0.00876	0.00997	0.00540	0.00832
24	0.01925	0.42706	0.18484	0.01545	0.02271	0.07124	0.01618	0.02451	0.06223	0.02078	0.01297	0.01454	0.01076	0.00695	0.00579	0.00185	0.00888	0.00482	0.00369	0.06551
25	0.01538	0.00962	0.00833	0.00816	0.01012	0.06802	0.00612	0.01878	0.01640	0.02743	0.02360	0.02700	0.01859	0.00875	0.00544	0.00178	0.00442	0.00688	0.70795	0.00722
26	0.08183	0.00774	0.00743	0.00732	0.00935	0.00794	0.00556	0.01808	0.01564	0.02878	0.02350	0.02688	0.01846	0.00868	0.00525	0.00182	0.00374	0.00681	0.70802	0.00717
27	0.47612	0.01924	0.12943	0.09305	0.07464	0.01748	0.01443	0.05247	0.01509	0.03066	0.01205	0.01460	0.00918	0.00720	0.00579	0.00237	0.00760	0.00499	0.00436	0.00926
28	0.04208	0.19701	0.21842	0.19544	0.03184	0.02096	0.01920	0.06913	0.09150	0.02421	0.01502	0.01759	0.01149	0.00761	0.00674	0.00225	0.00922	0.00590	0.00412	0.01026
29	0.01889	0.01302	0.01796	0.07319	0.16206	0.01298	0.01340	0.06868	0.07022	0.15712	0.03652	0.08655	0.16827	0.01272	0.00824	0.00253	0.00670	0.05437	0.00661	0.00998

[dist]
# distance from previous block
# <min> <max>
0	1

[block]
# block no. 1 follows, 26 sequences, length 13
# corresponding to MSA columns:
# 114-126
name=unknown_B
#
# <colnr> <probs for GDERKNQSTAVLIFYWHMCP>
#	G	D	E	R	K	N	Q	S	T	A	V	L	I	F	Y	W	H	M	C	P
0	0.01504	0.01513	0.02865	0.02502	0.10537	0.01476	0.29659	0.01909	0.01618	0.02234	0.02320	0.24631	0.02381	0.01247	0.01005	0.00268	0.06202	0.01235	0.00484	0.04409
1	0.01516	0.01650	0.08859	0.36250	0.20459	0.01575	0.02014	0.01997	0.01576	0.02157	0.01636	0.08574	0.01439	0.00872	0.00759	0.00240	0.00909	0.00787	0.00388	0.06344
2	0.15501	0.01067	0.01271	0.06111	0.01718	0.01123	0.01039	0.04805	0.03561	0.05731	0.15912	0.12124	0.06019	0.01527	0.00844	0.00279	0.00596	0.19306	0.00675	0.00792
3	0.02833	0.03615	0.02149	0.01954	0.02345	0.70298	0.01466	0.03029	0.02149	0.01856	0.01172	0.01368	0.00977	0.00782	0.00684	0.00195	0.01368	0.00489	0.00391	0.00879
4	0.24021	0.02487	0.20361	0.01612	0.02264	0.09167	0.01590	0.18323	0.02052	0.03186	0.01616	0.01784	0.03350	0.01038	0.03835	0.00276	0.00939	0.00588	0.00498	0.01015
5	0.02435	0.01902	0.02024	0.01655	0.02181	0.02143	0.01333	0.38181	0.32198	0.04058	0.02390	0.02275	0.01751	0.00964	0.00765	0.00241	0.00729	0.00761	0.00765	0.01250
6	0.01414	0.00707	0.00707	0.00707	0.00884	0.00707	0.00530	0.01767	0.01591	0.02828	0.02474	0.02828	0.01944	0.00884	0.00530	0.00177	0.00353	0.00707	0.77554	0.00707
7	0.02227	0.01509	0.01783	0.08020	0.02174	0.01610	0.01231	0.31578	0.02567	0.11860	0.06235	0.09881	0.05395	0.06256	0.01024	0.00282	0.00728	0.03891	0.00715	0.01034
8	0.02649	0.03197	0.02026	0.01819	0.02217	0.57101	0.01376	0.08770	0.02242	0.02150	0.01870	0.01990	0.07585	0.00905	0.00712	0.00204	0.01222	0.00615	0.00456	0.00895
9	0.05640	0.27963	0.02686	0.01499	0.02049	0.11191	0.01291	0.21677	0.05912	0.06078	0.05834	0.01859	0.01578	0.00840	0.00648	0.00203	0.00832	0.00604	0.00556	0.01061
10	0.02014	0.01546	0.01687	0.01481	0.01911	0.01730	0.01161	0.07746	0.50655	0.09468	0.09360	0.03019	0.02681	0.01064	0.00782	0.00251	0.00596	0.00888	0.00793	0.01167
11	0.01522	0.01447	0.02154	0.04189	0.02031	0.01889	0.05933	0.01699	0.01243	0.01846	0.01497	0.10323	0.01553	0.01681	0.05332	0.05800	0.47839	0.00865	0.00383	0.00776
12	0.01414	0.00707	0.00707	0.00707	0.00884	0.00707	0.00530	0.01767	0.01591	0.02828	0.02474	0.02828	0.01944	0.00884	0.00530	0.00177	0.00353	0.00707	0.77554	0.00707

[dist]
# distance from previous block
# <min> <max>
11	20

[block]
# block no. 2 follows, 26 sequences, length 8
# corresponding to MSA columns:
# 150-157
name=unknown_C
#
# <colnr> <probs for GDERKNQSTAVLIFYWHMCP>
#	G	D	E	R	K	N	Q	S	T	A	V	L	I	F	Y	W	H	M	C	P
0	0.01217	0.00905	0.01266	0.05064	0.01535	0.00881	0.03839	0.01603	0.04462	0.04528	0.39559	0.11520	0.07175	0.08649	0.01186	0.00302	0.00517	0.04331	0.00727	0.00735
1	0.01414	0.00707	0.00707	0.00707	0.00884	0.00707	0.00530	0.01767	0.01591	0.02828	0.02474	0.02828	0.01944	0.00884	0.00530	0.00177	0.00353	0.00707	0.77554	0.00707
2	0.01029	0.00760	0.00933	0.00937	0.01115	0.00688	0.00700	0.01261	0.01832	0.02433	0.32945	0.12792	0.26312	0.01867	0.01059	0.05747	0.00419	0.05783	0.00734	0.00653
3	0.01550	0.01297	0.01712	0.01351	0.01764	0.01206	0.06723	0.07583	0.01624	0.02349	0.01881	0.08713	0.01865	0.18195	0.01567	0.00317	0.05634	0.00832	0.00489	0.33350
4	0.01399	0.00700	0.00749	0.00749	0.00899	0.00700	0.00550	0.01650	0.01500	0.02601	0.02301	0.02749	0.01850	0.01147	0.00896	0.11857	0.00399	0.00700	0.65953	0.00650
5	0.02051	0.54515	0.07656	0.01392	0.02035	0.02651	0.01368	0.02623	0.11449	0.05765	0.01487	0.01559	0.01224	0.00727	0.00560	0.00185	0.00790	0.00503	0.00425	0.01034
6	0.02314	0.01726	0.01922	0.01558	0.02070	0.01822	0.01282	0.42926	0.02868	0.03883	0.02252	0.07816	0.01992	0.01144	0.00790	0.00236	0.00749	0.10192	0.00703	0.11756
7	0.02337	0.01291	0.05285	0.01300	0.01746	0.01093	0.01086	0.02863	0.09386	0.35987	0.15713	0.12717	0.03326	0.01251	0.00815	0.00248	0.00583	0.01070	0.00833	0.01068

[dist]
# distance from previous block
# <min> <max>
0	2

[block]
# block no. 3 follows, 26 sequences, length 13
# corresponding to MSA columns:
# 160-172
name=unknown_D
#
# <colnr> <probs for GDERKNQSTAVLIFYWHMCP>
#	G	D	E	R	K	N	Q	S	T	A	V	L	I	F	Y	W	H	M	C	P
0	0.05994	0.31014	0.19688	0.07931	0.02530	0.02225	0.01692	0.02490	0.11418	0.02251	0.01515	0.01721	0.01214	0.00994	0.04164	0.00262	0.00925	0.00558	0.00404	0.01010
1	0.01424	0.01384	0.02569	0.02064	0.02427	0.01379	0.28149	0.04004	0.01642	0.02234	0.02697	0.34146	0.02897	0.01500	0.01069	0.00285	0.07323	0.01439	0.00538	0.00830
2	0.18012	0.09477	0.38402	0.01690	0.02479	0.01742	0.01958	0.02195	0.01472	0.02462	0.01368	0.01694	0.01073	0.01459	0.11129	0.00379	0.01115	0.00552	0.00366	0.00976
3	0.02885	0.03403	0.02114	0.01899	0.02308	0.63996	0.01434	0.03090	0.02151	0.07985	0.01338	0.01478	0.01059	0.00796	0.00691	0.00199	0.01302	0.00514	0.00441	0.00917
4	0.01283	0.00919	0.01118	0.02655	0.01347	0.00906	0.00812	0.09214	0.01866	0.03969	0.15857	0.31364	0.12582	0.09196	0.01210	0.00321	0.00522	0.03428	0.00707	0.00727
5	0.01787	0.01515	0.01641	0.01522	0.01912	0.01734	0.01204	0.03660	0.57378	0.03037	0.03227	0.03692	0.02624	0.01190	0.00813	0.00271	0.00615	0.10292	0.00761	0.01125
6	0.01617	0.01541	0.11581	0.01347	0.01761	0.01227	0.01202	0.11427	0.08049	0.07860	0.21797	0.17398	0.07210	0.01421	0.00842	0.00253	0.00604	0.01223	0.00716	0.00925
7	0.01354	0.00701	0.00728	0.00750	0.00910	0.00696	0.00552	0.01680	0.01574	0.02718	0.02684	0.11427	0.02321	0.01067	0.00584	0.00193	0.00364	0.00885	0.68116	0.00696
8	0.02551	0.02644	0.01997	0.01755	0.02186	0.36180	0.01354	0.12731	0.18607	0.06043	0.01882	0.01939	0.01448	0.01101	0.03986	0.00266	0.01090	0.00639	0.00570	0.01033
9	0.01670	0.01392	0.01628	0.01465	0.01719	0.05973	0.01163	0.15101	0.05437	0.02479	0.01896	0.02505	0.01651	0.03717	0.41257	0.00812	0.08030	0.00753	0.00492	0.00861
10	0.02284	0.13141	0.02237	0.01649	0.02115	0.22692	0.01317	0.09118	0.31948	0.02714	0.02089	0.02055	0.01617	0.00887	0.00701	0.00222	0.00884	0.00662	0.00589	0.01078
11	0.01452	0.16071	0.02220	0.18598	0.05618	0.01702	0.01419	0.01778	0.01428	0.01920	0.05224	0.02361	0.01669	0.02587	0.25697	0.00584	0.07757	0.00706	0.00388	0.00819
12	0.01881	0.05503	0.01741	0.01366	0.01841	0.01636	0.01090	0.08826	0.34703	0.06630	0.05122	0.03052	0.09765	0.01041	0.00741	0.00226	0.00597	0.00852	0.00700	0.12684

[dist]
# distance from previous block
# <min> <max>
10	39

[block]
# block no. 4 follows, 26 sequences, length 43
# corresponding to MSA columns:
# 215-257
name=unknown_E
#
# <colnr> <probs for GDERKNQSTAVLIFYWHMCP>
#	G	D	E	R	K	N	Q	S	T	A	V	L	I	F	Y	W	H	M	C	P
0	0.78701	0.01467	0.01115	0.00997	0.01467	0.01702	0.00821	0.02230	0.01291	0.03403	0.01056	0.01232	0.00821	0.00704	0.00469	0.00235	0.00587	0.00411	0.00469	0.00821
1	0.78701	0.01467	0.01115	0.00997	0.01467	0.01702	0.00821	0.02230	0.01291	0.03403	0.01056	0.01232	0.00821	0.00704	0.00469	0.00235	0.00587	0.00411	0.00469	0.00821
2	0.01682	0.01345	0.01584	0.01137	0.01806	0.01017	0.00912	0.02016	0.01609	0.06445	0.01446	0.01633	0.01168	0.00584	0.00574	0.00120	0.00567	0.00468	0.00479	0.73409
3	0.78701	0.01467	0.01115	0.00997	0.01467	0.01702	0.00821	0.02230	0.01291	0.03403	0.01056	0.01232	0.00821	0.00704	0.00469	0.00235	0.00587	0.00411	0.00469	0.00821
4	0.01074	0.00775	0.01014	0.00954	0.01133	0.00716	0.00716	0.01431	0.02147	0.03042	0.68211	0.05666	0.07157	0.01551	0.00895	0.00239	0.00358	0.01372	0.00835	0.00716
5	0.03334	0.01306	0.01758	0.01358	0.01938	0.01150	0.01119	0.03712	0.05124	0.66144	0.02997	0.02593	0.01897	0.00943	0.00763	0.00236	0.00643	0.00767	0.00931	0.01287
6	0.03264	0.01260	0.01716	0.01326	0.01888	0.01091	0.01091	0.03562	0.02170	0.65198	0.06879	0.02766	0.02192	0.00975	0.00771	0.00235	0.00628	0.00799	0.00933	0.01257
7	0.02883	0.02125	0.02276	0.01745	0.02352	0.02352	0.01442	0.66082	0.03566	0.04780	0.01821	0.01821	0.01290	0.00911	0.00759	0.00228	0.00835	0.00683	0.00759	0.01290
8	0.00963	0.00690	0.00915	0.01030	0.01109	0.00642	0.00707	0.01153	0.01632	0.02222	0.20740	0.55473	0.05570	0.02163	0.00949	0.00290	0.00419	0.01953	0.00738	0.00642
9	0.00924	0.00660	0.00880	0.01056	0.01100	0.00616	0.00704	0.01056	0.01452	0.01936	0.04181	0.72848	0.05017	0.02376	0.00968	0.00308	0.00440	0.02156	0.00704	0.00616
10	0.00950	0.00671	0.00873	0.01024	0.01061	0.00633	0.00669	0.01063	0.01403	0.01870	0.03926	0.63188	0.04695	0.12476	0.01380	0.00369	0.00482	0.02006	0.00669	0.00594
11	0.78701	0.01467	0.01115	0.00997	0.01467	0.01702	0.00821	0.02230	0.01291	0.03403	0.01056	0.01232	0.00821	0.00704	0.00469	0.00235	0.00587	0.00411	0.00469	0.00821
12	0.01872	0.01616	0.01708	0.01524	0.01964	0.01845	0.01186	0.03930	0.64138	0.03140	0.03005	0.02771	0.02259	0.01007	0.00762	0.00250	0.00598	0.00838	0.00757	0.04829
13	0.00924	0.00660	0.00880	0.01056	0.01100	0.00616	0.00704	0.01056	0.01452	0.01936	0.04181	0.72848	0.05017	0.02376	0.00968	0.00308	0.00440	0.02156	0.00704	0.00616
14	0.00938	0.00666	0.00876	0.01038	0.01079	0.00626	0.00685	0.01060	0.01425	0.01899	0.04039	0.67485	0.04838	0.07983	0.01197	0.00342	0.00463	0.02073	0.00685	0.00604
15	0.00899	0.00759	0.00778	0.00793	0.01031	0.00638	0.00587	0.01086	0.01705	0.02039	0.07381	0.12972	0.62828	0.01960	0.00903	0.00261	0.00389	0.01649	0.00704	0.00638
16	0.02883	0.02125	0.02276	0.01745	0.02352	0.02352	0.01442	0.66082	0.03566	0.04780	0.01821	0.01821	0.01290	0.00911	0.00759	0.00228	0.00835	0.00683	0.00759	0.01290
17	0.00947	0.00676	0.00906	0.01082	0.01136	0.00636	0.00744	0.01095	0.01475	0.01962	0.04168	0.67948	0.04967	0.02355	0.00974	0.00311	0.00460	0.06832	0.00704	0.00622
18	0.03981	0.00824	0.00908	0.00886	0.00934	0.00842	0.00529	0.04213	0.01241	0.01716	0.02389	0.07474	0.02711	0.64377	0.03473	0.00676	0.00723	0.01102	0.00484	0.00518
19	0.00924	0.00660	0.00880	0.01056	0.01100	0.00616	0.00704	0.01056	0.01452	0.01936	0.04181	0.72848	0.05017	0.02376	0.00968	0.00308	0.00440	0.02156	0.00704	0.00616
20	0.00896	0.00768	0.00768	0.00768	0.01025	0.00640	0.00576	0.01089	0.01729	0.02049	0.07684	0.07300	0.68304	0.01921	0.00896	0.00256	0.00384	0.01601	0.00704	0.00640
21	0.00932	0.00663	0.00878	0.01047	0.01089	0.00621	0.00694	0.01058	0.01438	0.01917	0.04106	0.70023	0.04923	0.05330	0.01089	0.00326	0.00452	0.02112	0.00694	0.00610
22	0.02654	0.02011	0.02147	0.01699	0.02265	0.02245	0.01386	0.51808	0.18214	0.04411	0.02112	0.02053	0.01526	0.00938	0.00762	0.00234	0.00781	0.00723	0.00762	0.01269
23	0.01074	0.00775	0.01014	0.00954	0.01133	0.00716	0.00716	0.01431	0.02147	0.03042	0.68211	0.05666	0.07157	0.01551	0.00895	0.00239	0.00358	0.01372	0.00835	0.00716
24	0.03403	0.01291	0.01760	0.01350	0.01936	0.01115	0.01115	0.03697	0.02171	0.69137	0.02992	0.02582	0.01878	0.00939	0.00763	0.00235	0.00645	0.00763	0.00939	0.01291
25	0.02843	0.01998	0.02178	0.01685	0.02268	0.02183	0.01385	0.58466	0.03369	0.09747	0.02011	0.04817	0.01490	0.00973	0.00768	0.00232	0.00803	0.00750	0.00771	0.01262
26	0.01244	0.00845	0.00942	0.00900	0.00948	0.00863	0.00537	0.06236	0.01298	0.01732	0.02345	0.04715	0.02642	0.67621	0.03616	0.00695	0.00743	0.01070	0.00483	0.00525
27	0.01103	0.00735	0.00827	0.00827	0.00827	0.00735	0.00460	0.01103	0.01103	0.01471	0.02390	0.04964	0.02758	0.73343	0.03861	0.00735	0.00735	0.01103	0.00460	0.00460
28	0.01084	0.00813	0.01219	0.01219	0.01354	0.00948	0.00948	0.01354	0.01219	0.01761	0.02032	0.02980	0.01896	0.05689	0.70337	0.01219	0.02032	0.00813	0.00406	0.00677
29	0.00924	0.00660	0.00880	0.01056	0.01100	0.00616	0.00704	0.01056	0.01452	0.01936	0.04181	0.72848	0.05017	0.02376	0.00968	0.00308	0.00440	0.02156	0.00704	0.00616
30	0.01877	0.01802	0.03079	0.04656	0.68612	0.01802	0.02328	0.02328	0.01727	0.02478	0.01427	0.01877	0.01201	0.00676	0.00751	0.00225	0.00901	0.00676	0.00375	0.01201
31	0.01432	0.01348	0.02275	0.71520	0.05224	0.01685	0.02107	0.01938	0.01517	0.01938	0.01348	0.02022	0.01011	0.00758	0.00758	0.00253	0.01011	0.00674	0.00337	0.00843
32	0.02805	0.02085	0.02232	0.01729	0.02322	0.02315	0.01423	0.61180	0.08597	0.04653	0.01921	0.01901	0.01371	0.00920	0.00760	0.00230	0.00816	0.00697	0.00760	0.01283
33	0.02681	0.03291	0.02201	0.04640	0.04678	0.58551	0.01529	0.05499	0.02111	0.02000	0.01204	0.01446	0.01000	0.00815	0.00800	0.00208	0.05524	0.00520	0.00400	0.00903
34	0.01481	0.01410	0.02421	0.63663	0.10184	0.01703	0.04527	0.01987	0.01544	0.01999	0.01361	0.02012	0.01031	0.00747	0.00763	0.00251	0.01013	0.00683	0.00342	0.00878
35	0.00924	0.00660	0.00880	0.01056	0.01100	0.00616	0.00704	0.01056	0.01452	0.01936	0.04181	0.72848	0.05017	0.02376	0.00968	0.00308	0.00440	0.02156	0.00704	0.00616
36	0.01573	0.01348	0.01573	0.01123	0.01798	0.01011	0.00899	0.01910	0.01573	0.02472	0.01348	0.01573	0.01123	0.00562	0.00562	0.00112	0.00562	0.00449	0.00449	0.77980
37	0.37874	0.04717	0.01765	0.01404	0.01913	0.13197	0.01143	0.21696	0.02159	0.05774	0.01373	0.01478	0.01031	0.00785	0.00603	0.00223	0.00800	0.00518	0.00555	0.00994
38	0.00947	0.00755	0.00830	0.00839	0.01039	0.00658	0.00608	0.01148	0.01728	0.02175	0.17943	0.14264	0.45218	0.07089	0.01119	0.00294	0.00411	0.01586	0.00710	0.00638
39	0.01103	0.00735	0.00827	0.00827	0.00827	0.00735	0.00460	0.01103	0.01103	0.01471	0.02390	0.04964	0.02758	0.73343	0.03861	0.00735	0.00735	0.01103	0.00460	0.00460
40	0.01084	0.00813	0.01219	0.01219	0.01354	0.00948	0.00948	0.01354	0.01219	0.01761	0.02032	0.02980	0.01896	0.05689	0.70337	0.01219	0.02032	0.00813	0.00406	0.00677
41	0.01467	0.01401	0.02417	0.65521	0.07567	0.01701	0.05344	0.01978	0.01539	0.01983	0.01361	0.02018	0.01025	0.00749	0.00765	0.00252	0.01021	0.00685	0.00341	0.00865
42	0.01451	0.01384	0.02386	0.68059	0.05160	0.01697	0.05335	0.01963	0.01531	0.01963	0.01358	0.02023	0.01018	0.00752	0.00765	0.00253	0.01025	0.00685	0.00339	0.00852

[dist]
# distance from previous block
# <min> <max>
0	1

[block]
# block no. 5 follows, 26 sequences, length 11
# corresponding to MSA columns:
# 259-269
name=unknown_F
#
# <colnr> <probs for GDERKNQSTAVLIFYWHMCP>
#	G	D	E	R	K	N	Q	S	T	A	V	L	I	F	Y	W	H	M	C	P
0	0.02232	0.02475	0.02734	0.03653	0.44013	0.27229	0.02008	0.02588	0.01884	0.02247	0.01332	0.01688	0.01118	0.00715	0.00726	0.00214	0.01074	0.00606	0.00381	0.01082
1	0.37537	0.01371	0.01468	0.01190	0.01723	0.01381	0.00982	0.03032	0.01772	0.39338	0.02115	0.01970	0.01399	0.00832	0.00630	0.00235	0.00619	0.00603	0.00726	0.01078
2	0.01346	0.01062	0.01487	0.27156	0.02596	0.01211	0.01168	0.05863	0.01432	0.01888	0.01943	0.03536	0.01957	0.37333	0.06549	0.00551	0.00924	0.00897	0.00431	0.00672
3	0.01008	0.00811	0.00904	0.00873	0.01109	0.00726	0.00657	0.01353	0.04931	0.02470	0.29939	0.06485	0.42537	0.01742	0.00890	0.00250	0.00384	0.01481	0.00756	0.00694
4	0.01945	0.00936	0.01177	0.01037	0.01258	0.00868	0.00720	0.02063	0.01523	0.26621	0.02736	0.08712	0.02585	0.41623	0.02513	0.00520	0.00682	0.01049	0.00654	0.00779
5	0.01469	0.01532	0.03141	0.02402	0.02901	0.01435	0.41671	0.01920	0.01665	0.02247	0.02517	0.28329	0.02586	0.01284	0.00922	0.00275	0.00967	0.01363	0.00503	0.00872
6	0.02252	0.01327	0.01642	0.01207	0.01849	0.01050	0.00979	0.02573	0.01795	0.27219	0.01959	0.01947	0.01403	0.00702	0.00636	0.00158	0.00593	0.00566	0.00631	0.49512
7	0.02114	0.01652	0.01728	0.01494	0.01872	0.05830	0.01160	0.35669	0.05191	0.03483	0.02707	0.28199	0.02694	0.01451	0.00832	0.00257	0.00711	0.01225	0.00717	0.01011
8	0.02008	0.03809	0.44444	0.02085	0.02935	0.27203	0.02306	0.02635	0.01805	0.02200	0.01291	0.01515	0.00967	0.00743	0.00707	0.00224	0.01213	0.00534	0.00346	0.01031
9	0.02528	0.01486	0.01734	0.01462	0.01957	0.01560	0.01164	0.03889	0.39737	0.31055	0.03047	0.02725	0.02130	0.00991	0.00768	0.00248	0.00619	0.00817	0.00842	0.01239
10	0.02483	0.01057	0.01434	0.01241	0.01626	0.00930	0.00962	0.02716	0.01904	0.44191	0.03433	0.28665	0.03043	0.01472	0.00839	0.00262	0.00569	0.01280	0.00852	0.01040

[dist]
# distance from previous block
# <min> <max>
9	24

[block]
# block no. 6 follows, 26 sequences, length 12
# corresponding to MSA columns:
# 294-305
name=unknown_G
#
# <colnr> <probs for GDERKNQSTAVLIFYWHMCP>
#	G	D	E	R	K	N	Q	S	T	A	V	L	I	F	Y	W	H	M	C	P
0	0.01917	0.19826	0.02665	0.37383	0.03719	0.18539	0.01752	0.02283	0.01675	0.01880	0.01233	0.01665	0.00994	0.00737	0.00673	0.00217	0.01048	0.00563	0.00347	0.00884
1	0.01088	0.00794	0.01125	0.01125	0.01227	0.00897	0.00830	0.01294	0.01191	0.01691	0.02118	0.03458	0.02104	0.21986	0.54324	0.01103	0.01719	0.00883	0.00419	0.00625
2	0.01150	0.00912	0.01088	0.00949	0.01266	0.00768	0.00725	0.01462	0.01905	0.02659	0.37124	0.05084	0.20837	0.01404	0.00815	0.00213	0.00413	0.01206	0.00710	0.19309
3	0.01425	0.01798	0.18129	0.37356	0.03708	0.01450	0.01916	0.01815	0.01406	0.01896	0.01344	0.01991	0.01075	0.01214	0.01295	0.19475	0.00950	0.00643	0.00331	0.00783
4	0.01920	0.01334	0.02148	0.54153	0.04410	0.01544	0.01861	0.02373	0.01679	0.18570	0.01755	0.02161	0.01226	0.00803	0.00759	0.00248	0.00921	0.00696	0.00486	0.00954
5	0.01715	0.02692	0.36288	0.01792	0.02527	0.01632	0.01960	0.17839	0.02052	0.02879	0.02154	0.18818	0.02019	0.01166	0.00790	0.00253	0.00886	0.00975	0.00521	0.01041
6	0.01470	0.01353	0.02275	0.34261	0.19413	0.01486	0.05256	0.01933	0.01738	0.02368	0.17926	0.02890	0.02586	0.00928	0.00798	0.00243	0.00837	0.00859	0.00472	0.00907
7	0.02414	0.01564	0.01828	0.01364	0.01996	0.01434	0.01113	0.21360	0.02311	0.19655	0.01895	0.01896	0.01359	0.00758	0.00670	0.00177	0.00663	0.00596	0.00662	0.36284
8	0.02351	0.02038	0.01838	0.01573	0.01991	0.18158	0.01221	0.28308	0.02529	0.06733	0.02289	0.19320	0.02161	0.01227	0.00783	0.00235	0.00842	0.00994	0.00651	0.04758
9	0.04583	0.01037	0.01207	0.01037	0.01407	0.00970	0.00821	0.04245	0.05224	0.25218	0.07790	0.03908	0.18180	0.01194	0.00736	0.00227	0.00494	0.00978	0.19809	0.00935
10	0.02418	0.01596	0.01734	0.04941	0.02024	0.04264	0.01170	0.26417	0.10709	0.14880	0.02290	0.02314	0.01651	0.00911	0.00703	0.00220	0.00686	0.00716	0.19255	0.01100
11	0.02447	0.19761	0.02813	0.02300	0.18158	0.05679	0.01580	0.23402	0.04495	0.09789	0.01663	0.01772	0.01267	0.00789	0.00687	0.00211	0.00845	0.00617	0.00559	0.01167

[dist]
# distance from previous block
# <min> <max>
6	30

# created by:
# /st0/software/busco_prod/Augustus/scripts/msa2prfl.pl ./align_prep/118865.fa
