[name]
unknown

[dist]
# distance from previous block
# <min> <max>
5	26

[block]
# block no. 0 follows, 24 sequences, length 76
# corresponding to MSA columns:
# 28-103
name=unknown_A
#
# <colnr> <probs for GDERKNQSTAVLIFYWHMCP>
#	G	D	E	R	K	N	Q	S	T	A	V	L	I	F	Y	W	H	M	C	P
0	0.06652	0.01391	0.01761	0.01465	0.01889	0.01428	0.05557	0.10721	0.14811	0.13706	0.25342	0.05521	0.03896	0.01226	0.00845	0.00254	0.00622	0.01058	0.00806	0.01049
1	0.01826	0.01669	0.02720	0.08713	0.47685	0.01701	0.02074	0.05973	0.01859	0.02602	0.01997	0.13721	0.01920	0.01028	0.00824	0.00252	0.00865	0.00968	0.00472	0.01132
2	0.02907	0.01728	0.02040	0.05777	0.02355	0.01781	0.01334	0.32367	0.02840	0.25237	0.02296	0.02239	0.01572	0.00928	0.00765	0.00231	0.00765	0.00728	0.06216	0.05895
3	0.01011	0.00752	0.01069	0.01179	0.01263	0.00702	0.03083	0.01185	0.01583	0.02126	0.08723	0.64360	0.05255	0.02356	0.01004	0.00315	0.00486	0.02147	0.00734	0.00667
4	0.11849	0.02050	0.01936	0.01615	0.02099	0.11384	0.01282	0.34149	0.02773	0.07403	0.02195	0.13567	0.01934	0.01167	0.00782	0.00249	0.00839	0.00915	0.00703	0.01109
5	0.50422	0.01376	0.01279	0.01107	0.01570	0.01486	0.00900	0.02488	0.01679	0.15941	0.12574	0.02344	0.02190	0.00933	0.00625	0.00246	0.00585	0.00670	0.00650	0.00935
6	0.01312	0.00948	0.01166	0.01226	0.01371	0.00950	0.00866	0.11806	0.01891	0.02526	0.03954	0.59853	0.04587	0.02226	0.00975	0.00308	0.00530	0.01994	0.00746	0.00763
7	0.00992	0.00710	0.00944	0.01086	0.01156	0.00662	0.00738	0.01170	0.01641	0.02219	0.14897	0.60531	0.05622	0.02339	0.00999	0.00310	0.00446	0.02116	0.00759	0.00662
8	0.03009	0.03234	0.02259	0.01950	0.02430	0.47707	0.01505	0.19307	0.02637	0.06429	0.01510	0.01625	0.01160	0.00862	0.00740	0.00215	0.01241	0.00580	0.00542	0.01056
9	0.74919	0.01529	0.01210	0.03596	0.01679	0.01778	0.00908	0.02320	0.01358	0.03501	0.01115	0.01319	0.00866	0.00738	0.00502	0.00246	0.00630	0.00440	0.00486	0.00860
10	0.01393	0.00886	0.01004	0.00944	0.01246	0.00756	0.00718	0.01617	0.01887	0.13261	0.10469	0.12341	0.46851	0.01853	0.00920	0.00268	0.00451	0.01562	0.00786	0.00787
11	0.03107	0.01450	0.01827	0.01469	0.02035	0.01395	0.01191	0.03964	0.20306	0.49433	0.03157	0.02773	0.02093	0.01008	0.00800	0.00252	0.00661	0.00826	0.00932	0.01323
12	0.01833	0.02016	0.04167	0.02977	0.03762	0.01845	0.53615	0.02448	0.01833	0.02548	0.01571	0.02056	0.01198	0.00655	0.00877	0.00242	0.01210	0.00857	0.00413	0.13876
13	0.01763	0.01827	0.06307	0.21197	0.21066	0.07515	0.01930	0.05635	0.01864	0.02419	0.02295	0.03313	0.06013	0.01268	0.03732	0.00306	0.01012	0.09076	0.00472	0.00991
14	0.01340	0.01062	0.03817	0.12797	0.02076	0.00984	0.01142	0.01715	0.01954	0.06734	0.31684	0.13688	0.08866	0.01598	0.00921	0.00273	0.00585	0.07224	0.00732	0.00804
15	0.01546	0.00918	0.01290	0.01217	0.01411	0.00977	0.00921	0.01778	0.01419	0.12898	0.02367	0.03450	0.02155	0.18046	0.44789	0.01002	0.01615	0.00900	0.00530	0.00772
16	0.01544	0.00926	0.01330	0.01258	0.01465	0.00999	0.00971	0.01804	0.01431	0.12928	0.02330	0.03246	0.02067	0.11536	0.51178	0.01052	0.01748	0.00870	0.00524	0.00794
17	0.12955	0.14426	0.02375	0.06007	0.06294	0.29167	0.01428	0.07021	0.01983	0.02469	0.01373	0.01640	0.01130	0.00981	0.03202	0.00251	0.01092	0.00549	0.04698	0.00958
18	0.15408	0.03107	0.02313	0.02241	0.08983	0.46680	0.05371	0.02913	0.02028	0.02317	0.01256	0.01504	0.01029	0.00783	0.00698	0.00218	0.01237	0.00543	0.00420	0.00953
19	0.02674	0.04342	0.02102	0.03962	0.02269	0.04061	0.01333	0.29855	0.10897	0.16905	0.06287	0.04284	0.02052	0.01021	0.00789	0.00238	0.00770	0.00812	0.00779	0.04568
20	0.01714	0.21633	0.40181	0.13489	0.03408	0.02168	0.02394	0.02394	0.01643	0.02260	0.01337	0.01643	0.01017	0.00740	0.00696	0.00232	0.01068	0.00563	0.00339	0.01082
21	0.00960	0.00785	0.00848	0.00873	0.01096	0.00673	0.00639	0.01168	0.01802	0.02224	0.13193	0.18258	0.50626	0.02051	0.00950	0.00275	0.00409	0.01748	0.00750	0.00673
22	0.01861	0.01561	0.01679	0.01540	0.01930	0.01776	0.01182	0.07070	0.51440	0.03193	0.03346	0.14482	0.02837	0.01307	0.00841	0.00276	0.00613	0.01115	0.00794	0.01157
23	0.01776	0.03528	0.52779	0.02099	0.03114	0.01822	0.02539	0.02882	0.12521	0.06658	0.01832	0.01954	0.01302	0.00822	0.00765	0.00254	0.01050	0.00651	0.00454	0.01197
24	0.01685	0.08369	0.50618	0.02422	0.03484	0.01964	0.15467	0.02508	0.01711	0.02473	0.01439	0.01743	0.01046	0.00731	0.00774	0.00249	0.01184	0.00647	0.00349	0.01140
25	0.01021	0.00716	0.00915	0.01040	0.01084	0.00680	0.00675	0.01140	0.01475	0.01978	0.07731	0.51654	0.04814	0.19154	0.01734	0.00425	0.00529	0.01940	0.00683	0.00611
26	0.01096	0.00866	0.01175	0.01269	0.01307	0.00945	0.00905	0.01240	0.01467	0.02005	0.03809	0.59825	0.04536	0.02299	0.01280	0.00326	0.12307	0.01991	0.00670	0.00682
27	0.01849	0.01827	0.03288	0.18399	0.43527	0.01879	0.12823	0.02366	0.01770	0.02463	0.01493	0.02024	0.01205	0.00718	0.00812	0.00247	0.01033	0.00745	0.00385	0.01145
28	0.02586	0.09494	0.06653	0.02375	0.13372	0.22983	0.01729	0.21691	0.06263	0.03091	0.01595	0.01754	0.01242	0.00838	0.00739	0.00223	0.01059	0.00625	0.00535	0.01152
29	0.01688	0.03466	0.49404	0.02278	0.03285	0.01883	0.09861	0.02802	0.12508	0.02651	0.01749	0.01946	0.01267	0.00798	0.00784	0.00256	0.01099	0.00679	0.00422	0.01174
30	0.00965	0.00694	0.00916	0.01093	0.01147	0.00645	0.00731	0.01105	0.01529	0.02029	0.04502	0.69311	0.07462	0.02467	0.01009	0.00320	0.00458	0.02233	0.00736	0.00645
31	0.01135	0.00839	0.01223	0.01223	0.01346	0.00963	0.00927	0.01383	0.01259	0.01802	0.02171	0.03377	0.02096	0.14315	0.60777	0.01210	0.01953	0.00888	0.00432	0.00679
32	0.02133	0.01614	0.01847	0.01359	0.02039	0.01425	0.01102	0.18214	0.02225	0.07856	0.01659	0.01786	0.01276	0.00709	0.00655	0.00158	0.00667	0.00556	0.00590	0.52130
33	0.04133	0.15217	0.39877	0.01818	0.02643	0.05642	0.02101	0.02290	0.01597	0.02238	0.01528	0.02172	0.01320	0.12786	0.01255	0.00322	0.01045	0.00645	0.00369	0.01005
34	0.01577	0.01335	0.01331	0.01395	0.01592	0.12297	0.01081	0.01829	0.01840	0.06218	0.07862	0.29960	0.04250	0.01954	0.00972	0.00307	0.00723	0.22005	0.00703	0.00770
35	0.04839	0.01665	0.01875	0.01468	0.02067	0.01651	0.01186	0.19635	0.15071	0.14420	0.03901	0.02255	0.01758	0.00881	0.00728	0.00209	0.00682	0.00700	0.00722	0.24286
36	0.02021	0.01813	0.05637	0.09082	0.03382	0.01615	0.32371	0.02546	0.01849	0.13462	0.01978	0.06416	0.01554	0.00837	0.00847	0.00245	0.01031	0.00892	0.00522	0.11899
37	0.06405	0.17098	0.36047	0.01887	0.02817	0.01975	0.05899	0.02388	0.01649	0.02460	0.01348	0.01593	0.01039	0.00704	0.00671	0.00213	0.00984	0.00546	0.00372	0.13905
38	0.01813	0.25814	0.45907	0.01950	0.02950	0.02235	0.02381	0.02505	0.01670	0.04084	0.01368	0.01574	0.01035	0.00736	0.00677	0.00225	0.01055	0.00540	0.00354	0.01128
39	0.01211	0.00877	0.01120	0.12567	0.01640	0.00936	0.00771	0.01300	0.01226	0.01620	0.02315	0.04671	0.02575	0.60096	0.03489	0.00684	0.00817	0.01078	0.00459	0.00548
40	0.01807	0.01675	0.02481	0.25958	0.18715	0.01989	0.01963	0.05251	0.13380	0.02504	0.01711	0.02150	0.01363	0.00946	0.01144	0.00273	0.14431	0.00739	0.00463	0.01056
41	0.03020	0.01434	0.01801	0.01456	0.02008	0.01385	0.01178	0.03888	0.20616	0.47014	0.05230	0.02879	0.02275	0.01030	0.00805	0.00252	0.00651	0.00847	0.00927	0.01303
42	0.01414	0.00809	0.01088	0.01168	0.01315	0.00741	0.00827	0.01588	0.01656	0.13122	0.04155	0.57842	0.04668	0.02221	0.00979	0.00311	0.00506	0.04049	0.00777	0.00766
43	0.01780	0.01562	0.02078	0.01795	0.01938	0.02016	0.01468	0.12326	0.01652	0.02400	0.01508	0.02225	0.01391	0.04772	0.19127	0.00577	0.39294	0.00752	0.00446	0.00896
44	0.04791	0.27186	0.26204	0.01734	0.02531	0.02232	0.01893	0.04966	0.01792	0.13385	0.01585	0.01706	0.01181	0.00808	0.00772	0.00226	0.04840	0.00571	0.00469	0.01127
45	0.01795	0.01683	0.02831	0.04232	0.56044	0.01675	0.02147	0.02209	0.01757	0.02495	0.01977	0.13713	0.01929	0.01006	0.00823	0.00250	0.00861	0.00968	0.00450	0.01153
46	0.01402	0.12996	0.01743	0.01423	0.01682	0.01273	0.01261	0.01736	0.01772	0.02268	0.03686	0.11162	0.04004	0.01952	0.00992	0.00330	0.00735	0.48145	0.00665	0.00774
47	0.14617	0.01694	0.02640	0.22319	0.39019	0.01833	0.02104	0.02303	0.01668	0.02598	0.01403	0.01891	0.01134	0.00735	0.00738	0.00245	0.00918	0.00659	0.00398	0.01085
48	0.48265	0.01453	0.01303	0.01119	0.01587	0.01607	0.00913	0.09187	0.01766	0.10950	0.01673	0.01798	0.01236	0.00819	0.00569	0.00234	0.00607	0.00555	0.13409	0.00948
49	0.01007	0.00729	0.00955	0.01078	0.01170	0.00676	0.00750	0.01205	0.01694	0.02279	0.17342	0.52423	0.09132	0.02271	0.00995	0.00306	0.00449	0.04107	0.00764	0.00670
50	0.01057	0.00829	0.01157	0.12726	0.01869	0.00839	0.00968	0.01276	0.01588	0.02076	0.06324	0.50026	0.12072	0.02114	0.00964	0.00303	0.00551	0.01896	0.00676	0.00690
51	0.01884	0.01804	0.03077	0.15894	0.56772	0.01863	0.02395	0.02365	0.01769	0.02495	0.01478	0.01988	0.01223	0.00721	0.00786	0.00240	0.00961	0.00706	0.00386	0.01193
52	0.02970	0.02199	0.02355	0.01816	0.02442	0.02438	0.01497	0.61975	0.06366	0.04926	0.01960	0.01949	0.01394	0.00957	0.00794	0.00239	0.00862	0.00722	0.00794	0.01345
53	0.01033	0.00814	0.00939	0.00948	0.01174	0.00720	0.00729	0.01302	0.01928	0.02471	0.24760	0.09487	0.39953	0.01932	0.00958	0.00276	0.00434	0.08669	0.00776	0.00699
54	0.03539	0.01381	0.01859	0.01426	0.02040	0.01212	0.01178	0.06025	0.02322	0.65501	0.03085	0.02671	0.01941	0.00980	0.00797	0.00245	0.00682	0.00794	0.00975	0.01349
55	0.02408	0.01821	0.01964	0.01633	0.02149	0.02025	0.01307	0.27406	0.33401	0.07855	0.04928	0.02801	0.04518	0.01074	0.00810	0.00255	0.00709	0.00866	0.00812	0.01259
56	0.03558	0.01350	0.01840	0.01411	0.02024	0.01166	0.01166	0.03865	0.02270	0.67734	0.03128	0.02699	0.01963	0.00981	0.00797	0.00245	0.00675	0.00797	0.00981	0.01350
57	0.02149	0.70252	0.04090	0.01380	0.02050	0.05391	0.01363	0.02402	0.01633	0.01868	0.01107	0.01277	0.01018	0.00683	0.00516	0.00171	0.00868	0.00427	0.00342	0.01014
58	0.01278	0.00913	0.01278	0.01460	0.01643	0.00913	0.01278	0.01643	0.01825	0.02373	0.04199	0.08945	0.04564	0.02191	0.01095	0.00365	0.00730	0.61847	0.00730	0.00730
59	0.02120	0.72609	0.04155	0.01357	0.02035	0.03138	0.01357	0.02374	0.01611	0.01866	0.01102	0.01272	0.01018	0.00678	0.00509	0.00170	0.00848	0.00424	0.00339	0.01018
60	0.06450	0.01875	0.03392	0.02574	0.03026	0.02069	0.32998	0.02222	0.01561	0.02329	0.01399	0.02055	0.01193	0.03973	0.01643	0.00313	0.26716	0.00813	0.00392	0.03007
61	0.06099	0.01412	0.01734	0.01380	0.01912	0.01348	0.01119	0.11235	0.07361	0.36791	0.13518	0.03033	0.02753	0.01058	0.00795	0.00239	0.00638	0.00866	0.00872	0.05837
62	0.01872	0.02139	0.04679	0.03342	0.04144	0.02005	0.64305	0.02540	0.01872	0.02540	0.01604	0.02139	0.01203	0.00668	0.00936	0.00267	0.01337	0.00936	0.00401	0.01070
63	0.00966	0.00690	0.00920	0.01104	0.01150	0.00644	0.00736	0.01104	0.01518	0.02024	0.04371	0.71614	0.05245	0.02484	0.01012	0.00322	0.00460	0.02254	0.00736	0.00644
64	0.01614	0.07117	0.65212	0.02220	0.03371	0.01899	0.02861	0.02505	0.01671	0.02483	0.01409	0.01657	0.01005	0.00750	0.00743	0.00248	0.01158	0.00579	0.00335	0.01165
65	0.03558	0.01350	0.01840	0.01411	0.02024	0.01166	0.01166	0.03865	0.02270	0.67734	0.03128	0.02699	0.01963	0.00981	0.00797	0.00245	0.00675	0.00797	0.00981	0.01350
66	0.01153	0.00769	0.00865	0.00865	0.00865	0.00769	0.00480	0.01153	0.01153	0.01538	0.02499	0.05189	0.02883	0.72131	0.04036	0.00769	0.00769	0.01153	0.00480	0.00480
67	0.00966	0.00690	0.00920	0.01104	0.01150	0.00644	0.00736	0.01104	0.01518	0.02024	0.04371	0.71614	0.05245	0.02484	0.01012	0.00322	0.00460	0.02254	0.00736	0.00644
68	0.02036	0.01735	0.01829	0.01627	0.02086	0.02002	0.01271	0.07924	0.61938	0.03421	0.03146	0.02894	0.02355	0.01068	0.00806	0.00267	0.00643	0.00885	0.00806	0.01261
69	0.03558	0.01350	0.01840	0.01411	0.02024	0.01166	0.01166	0.03865	0.02270	0.67734	0.03128	0.02699	0.01963	0.00981	0.00797	0.00245	0.00675	0.00797	0.00981	0.01350
70	0.01866	0.02122	0.04583	0.03289	0.04057	0.02023	0.61644	0.02513	0.01844	0.02513	0.01580	0.02122	0.01196	0.00699	0.01007	0.00271	0.04286	0.00926	0.00399	0.01061
71	0.02125	0.01742	0.01852	0.01628	0.02099	0.01994	0.01277	0.10060	0.57684	0.05556	0.03096	0.02848	0.02302	0.01061	0.00805	0.00265	0.00653	0.00876	0.00811	0.01267
72	0.01661	0.01532	0.02565	0.42277	0.27075	0.01736	0.02172	0.02159	0.01669	0.02290	0.01519	0.02118	0.01194	0.00771	0.00774	0.00249	0.00969	0.00708	0.05558	0.01004
73	0.01870	0.01789	0.03051	0.17898	0.54879	0.01860	0.02388	0.02352	0.01762	0.02478	0.01475	0.01993	0.01216	0.00724	0.00787	0.00241	0.00965	0.00706	0.00385	0.01181
74	0.01820	0.02012	0.04152	0.08224	0.03944	0.01988	0.50670	0.02415	0.01775	0.02440	0.01525	0.02076	0.01175	0.00746	0.01075	0.00269	0.08162	0.00874	0.00395	0.04263
75	0.74394	0.01560	0.01320	0.01144	0.01648	0.01789	0.03651	0.02340	0.01373	0.03513	0.01126	0.01326	0.00874	0.00733	0.00510	0.00246	0.00645	0.00452	0.00487	0.00868

[dist]
# distance from previous block
# <min> <max>
0	3

[block]
# block no. 1 follows, 24 sequences, length 25
# corresponding to MSA columns:
# 107-131
name=unknown_B
#
# <colnr> <probs for GDERKNQSTAVLIFYWHMCP>
#	G	D	E	R	K	N	Q	S	T	A	V	L	I	F	Y	W	H	M	C	P
0	0.68060	0.01512	0.01273	0.03725	0.01729	0.01722	0.00938	0.02459	0.01442	0.09343	0.01300	0.01448	0.00967	0.00761	0.00530	0.00246	0.00636	0.00473	0.00530	0.00904
1	0.01084	0.00780	0.01029	0.01051	0.01197	0.00725	0.00770	0.01388	0.02010	0.02800	0.45338	0.25455	0.06681	0.01903	0.00966	0.00276	0.00417	0.04587	0.00826	0.00717
2	0.05351	0.06075	0.02339	0.01745	0.02340	0.04598	0.01437	0.47282	0.13398	0.04405	0.02021	0.02001	0.01474	0.00945	0.00767	0.00238	0.00842	0.00711	0.00747	0.01284
3	0.10155	0.01557	0.01834	0.01434	0.02034	0.01509	0.01172	0.13579	0.08965	0.35874	0.02515	0.02320	0.01699	0.00911	0.00741	0.00230	0.00685	0.00716	0.00818	0.11253
4	0.01590	0.04102	0.68023	0.02260	0.03432	0.01842	0.02930	0.02511	0.01674	0.02511	0.01423	0.01674	0.01005	0.00753	0.00753	0.00251	0.01172	0.00586	0.00335	0.01172
5	0.01872	0.02139	0.04679	0.03342	0.04144	0.02005	0.64305	0.02540	0.01872	0.02540	0.01604	0.02139	0.01203	0.00668	0.00936	0.00267	0.01337	0.00936	0.00401	0.01070
6	0.03558	0.01350	0.01840	0.01411	0.02024	0.01166	0.01166	0.03865	0.02270	0.67734	0.03128	0.02699	0.01963	0.00981	0.00797	0.00245	0.00675	0.00797	0.00981	0.01350
7	0.03485	0.01366	0.01838	0.01420	0.02026	0.01202	0.01170	0.03881	0.05177	0.64784	0.03133	0.02711	0.01984	0.00986	0.00798	0.00246	0.00673	0.00802	0.00973	0.01345
8	0.03274	0.01287	0.01749	0.01363	0.01926	0.01117	0.01117	0.03589	0.02267	0.60211	0.10545	0.03075	0.02606	0.01056	0.00814	0.00246	0.00640	0.00872	0.00969	0.01279
9	0.00966	0.00690	0.00920	0.01104	0.01150	0.00644	0.00736	0.01104	0.01518	0.02024	0.04371	0.71614	0.05245	0.02484	0.01012	0.00322	0.00460	0.02254	0.00736	0.00644
10	0.08832	0.01990	0.02165	0.01681	0.02293	0.02154	0.01385	0.46375	0.05805	0.16103	0.02116	0.02042	0.01465	0.00946	0.00771	0.00241	0.00807	0.00714	0.00804	0.01307
11	0.01550	0.01463	0.02473	0.62861	0.12416	0.01776	0.02228	0.02072	0.01610	0.02090	0.01419	0.02097	0.01080	0.00783	0.00792	0.00261	0.01044	0.00705	0.00357	0.00923
12	0.01153	0.00769	0.00865	0.00865	0.00865	0.00769	0.00480	0.01153	0.01153	0.01538	0.02499	0.05189	0.02883	0.72131	0.04036	0.00769	0.00769	0.01153	0.00480	0.00480
13	0.01377	0.00689	0.01033	0.01033	0.01033	0.00689	0.00689	0.01033	0.01033	0.01377	0.01377	0.02410	0.01377	0.02755	0.03099	0.76928	0.00689	0.00689	0.00344	0.00344
14	0.01933	0.01854	0.03165	0.09012	0.63270	0.01876	0.02419	0.02408	0.01792	0.02555	0.01486	0.01972	0.01243	0.00712	0.00786	0.00237	0.00949	0.00706	0.00390	0.01232
15	0.09658	0.02216	0.02125	0.01709	0.02279	0.11812	0.01382	0.36236	0.08204	0.13473	0.02023	0.01984	0.01436	0.00928	0.00757	0.00237	0.00881	0.00686	0.00739	0.01235
16	0.05627	0.01944	0.03586	0.02714	0.03173	0.02166	0.35641	0.02272	0.01578	0.02334	0.01350	0.01932	0.01120	0.00965	0.01592	0.00299	0.29535	0.00812	0.00384	0.00977
17	0.01542	0.01455	0.02459	0.63965	0.11374	0.01774	0.02224	0.02065	0.01607	0.02080	0.01417	0.02100	0.01076	0.00785	0.00792	0.00262	0.01046	0.00705	0.00356	0.00917
18	0.13699	0.01470	0.01615	0.01405	0.01837	0.01433	0.01094	0.08080	0.08953	0.07907	0.22200	0.04009	0.03740	0.01326	0.00880	0.00281	0.00656	0.05440	0.00797	0.13177
19	0.01783	0.01616	0.02583	0.61319	0.11387	0.01883	0.02273	0.02216	0.01749	0.02300	0.01657	0.02416	0.01310	0.00945	0.00891	0.00305	0.01110	0.00778	0.00442	0.01039
20	0.01326	0.00994	0.01165	0.01112	0.01340	0.00877	0.00815	0.01567	0.02235	0.03056	0.47575	0.06573	0.24412	0.01858	0.01029	0.00298	0.00473	0.01546	0.00899	0.00853
21	0.01760	0.01592	0.02541	0.64589	0.08299	0.01877	0.02262	0.02196	0.01738	0.02271	0.01653	0.02424	0.01300	0.00949	0.00891	0.00306	0.01116	0.00778	0.00440	0.01020
22	0.01911	0.12857	0.53743	0.02322	0.03388	0.02124	0.06155	0.02627	0.01815	0.02629	0.01631	0.01983	0.01253	0.00901	0.00832	0.00285	0.01198	0.00662	0.00426	0.01256
23	0.10125	0.02143	0.02321	0.07699	0.02699	0.02330	0.01544	0.47672	0.03297	0.04613	0.05263	0.02390	0.01807	0.01105	0.00870	0.00286	0.00910	0.00794	0.00798	0.01334
24	0.01229	0.00880	0.01104	0.01269	0.01339	0.00799	0.00845	0.01293	0.01663	0.02244	0.04490	0.69103	0.05308	0.02576	0.01102	0.00363	0.00548	0.02264	0.00806	0.00776

[dist]
# distance from previous block
# <min> <max>
0	8

[block]
# block no. 2 follows, 24 sequences, length 25
# corresponding to MSA columns:
# 140-164
name=unknown_C
#
# <colnr> <probs for GDERKNQSTAVLIFYWHMCP>
#	G	D	E	R	K	N	Q	S	T	A	V	L	I	F	Y	W	H	M	C	P
0	0.01289	0.00926	0.01152	0.01266	0.01367	0.00837	0.00859	0.01392	0.01825	0.02500	0.17017	0.55651	0.05764	0.02413	0.01096	0.00353	0.00541	0.02101	0.00842	0.00811
1	0.12195	0.01783	0.02198	0.01744	0.02350	0.04785	0.06212	0.07239	0.02344	0.45528	0.02797	0.02707	0.01911	0.01088	0.00877	0.00293	0.00856	0.00823	0.00907	0.01364
2	0.02109	0.02245	0.04493	0.03301	0.04017	0.02157	0.55434	0.02623	0.01952	0.02699	0.01806	0.02450	0.01440	0.00923	0.01202	0.00323	0.08177	0.00983	0.00489	0.01177
3	0.07598	0.02315	0.02375	0.01906	0.02476	0.05598	0.01527	0.49961	0.03383	0.04658	0.02057	0.02240	0.01564	0.01121	0.00950	0.00288	0.03990	0.00768	0.03858	0.01367
4	0.01737	0.01522	0.02349	0.60062	0.05012	0.01774	0.02087	0.02141	0.01758	0.02328	0.02057	0.02775	0.04499	0.01036	0.00896	0.00308	0.01058	0.00834	0.04769	0.00998
5	0.01650	0.00900	0.01232	0.01220	0.01248	0.00859	0.00811	0.01246	0.01216	0.01650	0.01645	0.02749	0.01622	0.02844	0.03104	0.73513	0.00776	0.00770	0.00440	0.00504
6	0.01854	0.04159	0.65195	0.02391	0.03539	0.01960	0.02951	0.02657	0.01828	0.02733	0.01689	0.02046	0.01266	0.00933	0.00865	0.00299	0.01238	0.00672	0.00431	0.01294
7	0.02034	0.01671	0.01883	0.01434	0.02113	0.01379	0.01116	0.07205	0.06095	0.03039	0.01831	0.02122	0.01523	0.00835	0.00736	0.00191	0.00704	0.00608	0.00607	0.62874
8	0.20793	0.01654	0.01773	0.01437	0.01986	0.01759	0.01173	0.19465	0.12009	0.23708	0.02317	0.02202	0.01609	0.00927	0.00715	0.00245	0.00694	0.00700	0.03639	0.01195
9	0.00966	0.00690	0.00920	0.01104	0.01150	0.00644	0.00736	0.01104	0.01518	0.02024	0.04371	0.71614	0.05245	0.02484	0.01012	0.00322	0.00460	0.02254	0.00736	0.00644
10	0.01567	0.01480	0.02503	0.60526	0.14622	0.01780	0.02237	0.02087	0.01618	0.02110	0.01422	0.02092	0.01087	0.00780	0.00792	0.00260	0.01040	0.00705	0.00358	0.00937
11	0.71643	0.01590	0.01264	0.01107	0.01609	0.01834	0.00912	0.07402	0.01543	0.03675	0.01169	0.01338	0.00899	0.00754	0.00515	0.00245	0.00635	0.00453	0.00515	0.00899
12	0.01014	0.00726	0.00966	0.01096	0.01179	0.00679	0.00762	0.01214	0.01692	0.02295	0.18146	0.54404	0.05710	0.02281	0.00999	0.00308	0.00453	0.04639	0.00766	0.00671
13	0.02808	0.02260	0.02351	0.02019	0.06741	0.07779	0.01539	0.47777	0.11298	0.04376	0.01988	0.02002	0.01451	0.00940	0.00788	0.00239	0.00892	0.00720	0.00737	0.01296
14	0.01377	0.00689	0.01033	0.01033	0.01033	0.00689	0.00689	0.01033	0.01033	0.01377	0.01377	0.02410	0.01377	0.02755	0.03099	0.76928	0.00689	0.00689	0.00344	0.00344
15	0.01498	0.01409	0.02378	0.70226	0.05462	0.01762	0.02202	0.02026	0.01586	0.02026	0.01409	0.02114	0.01057	0.00793	0.00793	0.00264	0.01057	0.00705	0.00352	0.00881
16	0.01304	0.00846	0.01113	0.01036	0.01248	0.00775	0.00780	0.01658	0.02203	0.08164	0.58022	0.09632	0.06915	0.01623	0.00929	0.00253	0.00403	0.01434	0.00873	0.00789
17	0.02120	0.72609	0.04155	0.01357	0.02035	0.03138	0.01357	0.02374	0.01611	0.01866	0.01102	0.01272	0.01018	0.00678	0.00509	0.00170	0.00848	0.00424	0.00339	0.01018
18	0.00973	0.00696	0.00926	0.01099	0.01152	0.00649	0.00737	0.01122	0.01551	0.02077	0.07190	0.68646	0.05346	0.02445	0.01009	0.00319	0.00456	0.02217	0.00742	0.00649
19	0.01849	0.02068	0.04330	0.03127	0.03846	0.02007	0.55471	0.02455	0.01797	0.02480	0.01541	0.02078	0.01186	0.00736	0.01085	0.00269	0.08138	0.00892	0.00399	0.04246
20	0.02407	0.01649	0.01837	0.01578	0.02076	0.01809	0.01248	0.07539	0.47218	0.18664	0.03129	0.02838	0.02252	0.01047	0.00804	0.00262	0.00653	0.00863	0.00847	0.01283
21	0.12872	0.01637	0.02100	0.01610	0.02228	0.01610	0.06148	0.17619	0.02458	0.39815	0.02464	0.02289	0.01619	0.00918	0.00768	0.00245	0.00765	0.00741	0.00829	0.01264
22	0.02866	0.18789	0.02526	0.01527	0.02140	0.02069	0.01308	0.18590	0.10892	0.27765	0.02350	0.02192	0.01644	0.00914	0.00728	0.00228	0.00759	0.00700	0.00757	0.01257
23	0.02618	0.02111	0.02371	0.19553	0.03236	0.06565	0.01689	0.44395	0.03078	0.04031	0.01732	0.01928	0.01252	0.00902	0.00788	0.00243	0.00956	0.00698	0.00654	0.01200
24	0.01571	0.01415	0.02321	0.42393	0.07195	0.01668	0.06456	0.04490	0.01669	0.02268	0.01740	0.06667	0.01475	0.01166	0.03885	0.00309	0.05217	0.00830	0.06367	0.00897

[dist]
# distance from previous block
# <min> <max>
1	6

[block]
# block no. 3 follows, 24 sequences, length 18
# corresponding to MSA columns:
# 171-188
name=unknown_D
#
# <colnr> <probs for GDERKNQSTAVLIFYWHMCP>
#	G	D	E	R	K	N	Q	S	T	A	V	L	I	F	Y	W	H	M	C	P
0	0.05409	0.06109	0.09309	0.01785	0.02459	0.01792	0.09300	0.10342	0.15702	0.16657	0.02211	0.02205	0.01589	0.00856	0.00755	0.00232	0.00820	0.00724	0.00657	0.11086
1	0.02389	0.11457	0.06068	0.04211	0.02182	0.05637	0.01329	0.11329	0.07439	0.19510	0.11279	0.04597	0.02458	0.01021	0.00763	0.00229	0.00757	0.00820	0.00703	0.05821
2	0.01952	0.01695	0.02271	0.01853	0.02143	0.02023	0.05133	0.12998	0.03969	0.04887	0.06231	0.02374	0.04249	0.01203	0.01678	0.00283	0.34823	0.00788	0.00529	0.08919
3	0.18115	0.02303	0.02109	0.06252	0.02469	0.14049	0.01426	0.36851	0.02839	0.03966	0.01588	0.01709	0.01172	0.00874	0.00718	0.00235	0.00931	0.00619	0.00634	0.01142
4	0.38203	0.04499	0.01756	0.08523	0.02228	0.04427	0.01210	0.16455	0.07015	0.03521	0.01768	0.01906	0.03799	0.00870	0.00642	0.00244	0.00750	0.00612	0.00570	0.01003
5	0.01745	0.01376	0.01627	0.01188	0.01859	0.01047	0.00946	0.02086	0.01681	0.06961	0.01649	0.04623	0.01397	0.00693	0.00619	0.00135	0.00588	0.00566	0.00515	0.68698
6	0.01093	0.00788	0.01034	0.01017	0.01178	0.00729	0.00746	0.01424	0.02110	0.02966	0.55226	0.18073	0.07068	0.01781	0.00949	0.00263	0.00390	0.01586	0.00848	0.00729
7	0.03558	0.01350	0.01840	0.01411	0.02024	0.01166	0.01166	0.03865	0.02270	0.67734	0.03128	0.02699	0.01963	0.00981	0.00797	0.00245	0.00675	0.00797	0.00981	0.01350
8	0.00966	0.00690	0.00920	0.01104	0.01150	0.00644	0.00736	0.01104	0.01518	0.02024	0.04371	0.71614	0.05245	0.02484	0.01012	0.00322	0.00460	0.02254	0.00736	0.00644
9	0.01152	0.00828	0.01110	0.01146	0.01317	0.00786	0.00905	0.01499	0.02044	0.02819	0.41632	0.13678	0.06380	0.01881	0.00991	0.00291	0.00489	0.19502	0.00816	0.00732
10	0.01590	0.04102	0.68023	0.02260	0.03432	0.01842	0.02930	0.02511	0.01674	0.02511	0.01423	0.01674	0.01005	0.00753	0.00753	0.00251	0.01172	0.00586	0.00335	0.01172
11	0.00964	0.00698	0.00912	0.01084	0.01145	0.00646	0.00727	0.01106	0.01538	0.02032	0.04618	0.67292	0.09407	0.02452	0.01007	0.00318	0.00456	0.02215	0.00736	0.00646
12	0.01590	0.04102	0.68023	0.02260	0.03432	0.01842	0.02930	0.02511	0.01674	0.02511	0.01423	0.01674	0.01005	0.00753	0.00753	0.00251	0.01172	0.00586	0.00335	0.01172
13	0.00988	0.00707	0.00940	0.01089	0.01155	0.00659	0.00738	0.01159	0.01619	0.02185	0.13058	0.62468	0.05556	0.02364	0.01001	0.00312	0.00448	0.02140	0.00755	0.00659
14	0.73281	0.01575	0.01238	0.01089	0.01589	0.01819	0.00897	0.06038	0.01491	0.03644	0.01152	0.01325	0.00888	0.00749	0.00509	0.00245	0.00629	0.00446	0.00509	0.00888
15	0.01686	0.01553	0.02564	0.57697	0.05042	0.01854	0.07135	0.08591	0.01832	0.02378	0.01477	0.02094	0.01099	0.00799	0.00804	0.00262	0.01060	0.00724	0.00402	0.00945
16	0.10512	0.04509	0.01846	0.01469	0.01988	0.09340	0.01179	0.05644	0.19145	0.25337	0.02831	0.02645	0.05581	0.00996	0.00748	0.00241	0.00738	0.00775	0.00754	0.03722
17	0.57870	0.01890	0.10347	0.04357	0.02010	0.01802	0.01232	0.02494	0.06595	0.03328	0.01332	0.01512	0.01013	0.00768	0.00565	0.00249	0.00710	0.00501	0.00489	0.00934

[dist]
# distance from previous block
# <min> <max>
0	2

[block]
# block no. 4 follows, 24 sequences, length 12
# corresponding to MSA columns:
# 195-206
name=unknown_E
#
# <colnr> <probs for GDERKNQSTAVLIFYWHMCP>
#	G	D	E	R	K	N	Q	S	T	A	V	L	I	F	Y	W	H	M	C	P
0	0.01794	0.02436	0.16521	0.08739	0.08773	0.01945	0.42875	0.02485	0.01805	0.02496	0.01545	0.02035	0.01157	0.00698	0.00878	0.00262	0.01253	0.00833	0.00384	0.01087
1	0.01875	0.40347	0.08386	0.01372	0.01948	0.02294	0.01328	0.07715	0.01985	0.02571	0.19766	0.02677	0.02874	0.00976	0.00675	0.00205	0.00743	0.00749	0.00530	0.00984
2	0.03014	0.02221	0.02380	0.01825	0.02459	0.02459	0.01507	0.64541	0.03728	0.04998	0.01904	0.01904	0.01349	0.00952	0.00793	0.00238	0.00873	0.00714	0.00793	0.01349
3	0.01481	0.10364	0.39804	0.01879	0.02665	0.01647	0.04504	0.02100	0.01631	0.02306	0.02229	0.21424	0.02212	0.01232	0.00808	0.00263	0.00942	0.01054	0.00451	0.01002
4	0.01382	0.01084	0.01530	0.01997	0.19616	0.01084	0.01033	0.01515	0.01338	0.01835	0.02214	0.04277	0.02423	0.51937	0.03117	0.00618	0.00818	0.01027	0.00456	0.00700
5	0.01216	0.00970	0.01421	0.20580	0.02391	0.01026	0.01158	0.01614	0.01998	0.02759	0.43148	0.10257	0.05481	0.01458	0.00901	0.00260	0.00574	0.01295	0.00714	0.00777
6	0.01914	0.01208	0.01324	0.06179	0.01693	0.01301	0.00945	0.19587	0.02241	0.03465	0.02307	0.02597	0.01767	0.00922	0.00640	0.00206	0.00563	0.00729	0.49491	0.00922
7	0.01237	0.01025	0.01403	0.01403	0.01469	0.01191	0.01076	0.01441	0.01564	0.02186	0.11978	0.36360	0.04293	0.02025	0.01460	0.00324	0.20330	0.07861	0.00644	0.00730
8	0.01993	0.03570	0.49463	0.02137	0.03157	0.02016	0.02528	0.20049	0.02255	0.03214	0.01559	0.01739	0.01102	0.00810	0.00765	0.00247	0.01087	0.00622	0.00464	0.01222
9	0.01210	0.00823	0.01022	0.01087	0.01171	0.00820	0.00791	0.01378	0.01477	0.01984	0.06410	0.06527	0.03705	0.39980	0.02659	0.00571	0.00719	0.23550	0.03520	0.00596
10	0.02416	0.49193	0.03556	0.01524	0.02176	0.06306	0.01408	0.19992	0.02242	0.02755	0.01335	0.01459	0.01111	0.00763	0.00600	0.00191	0.00885	0.00510	0.00471	0.01106
11	0.01414	0.03137	0.49050	0.01933	0.02787	0.01503	0.02310	0.02113	0.01630	0.02374	0.02256	0.21449	0.02203	0.01243	0.00827	0.00271	0.00971	0.01058	0.00448	0.01023

[dist]
# distance from previous block
# <min> <max>
0	8

[block]
# block no. 5 follows, 24 sequences, length 22
# corresponding to MSA columns:
# 215-236
name=unknown_F
#
# <colnr> <probs for GDERKNQSTAVLIFYWHMCP>
#	G	D	E	R	K	N	Q	S	T	A	V	L	I	F	Y	W	H	M	C	P
0	0.02270	0.01284	0.01817	0.01519	0.01912	0.01304	0.05075	0.04986	0.05938	0.27762	0.04706	0.08082	0.05438	0.02267	0.15936	0.00489	0.06469	0.00981	0.00722	0.01045
1	0.11984	0.02043	0.02701	0.07152	0.33633	0.07233	0.04240	0.16085	0.02193	0.03158	0.01511	0.01837	0.01194	0.00776	0.00750	0.00238	0.00944	0.00666	0.00492	0.01171
2	0.01302	0.01010	0.01212	0.01136	0.01386	0.01017	0.00868	0.02074	0.16136	0.03115	0.46840	0.05488	0.10142	0.01546	0.00913	0.00259	0.00444	0.03414	0.00845	0.00854
3	0.02281	0.04494	0.07418	0.01941	0.02358	0.40304	0.06373	0.02565	0.01973	0.02049	0.01954	0.16907	0.01961	0.01177	0.00842	0.00241	0.02864	0.00935	0.00471	0.00892
4	0.01745	0.07835	0.03370	0.15305	0.17595	0.01924	0.23510	0.02223	0.01703	0.02306	0.01740	0.08952	0.01566	0.00930	0.00960	0.00262	0.05725	0.00916	0.00415	0.01016
5	0.01070	0.00810	0.00990	0.00970	0.01176	0.00730	0.00734	0.01383	0.02063	0.02781	0.43312	0.09070	0.24978	0.01802	0.00948	0.00264	0.00406	0.04976	0.00819	0.00720
6	0.01165	0.01008	0.01745	0.01595	0.01807	0.00943	0.14683	0.01419	0.01596	0.02137	0.03764	0.56371	0.04358	0.02086	0.00995	0.00310	0.00652	0.01965	0.00663	0.00737
7	0.01939	0.01928	0.02958	0.18987	0.48586	0.07096	0.02312	0.02401	0.01792	0.02416	0.01453	0.01954	0.01194	0.00734	0.00781	0.00239	0.01005	0.00691	0.00385	0.01147
8	0.01763	0.01673	0.02648	0.06365	0.48068	0.04030	0.02020	0.02153	0.01750	0.02422	0.02111	0.17231	0.02115	0.01104	0.00833	0.00254	0.00858	0.01039	0.00467	0.01096
9	0.01310	0.00866	0.01146	0.01289	0.01467	0.00865	0.01099	0.01668	0.01779	0.02488	0.03851	0.09937	0.04033	0.01923	0.00974	0.00324	0.00641	0.46247	0.17362	0.00729
10	0.02919	0.01344	0.01658	0.01327	0.01836	0.01283	0.01078	0.10501	0.07103	0.41362	0.02875	0.02683	0.01941	0.00973	0.00744	0.00233	0.00627	0.00782	0.17523	0.01208
11	0.02172	0.21959	0.21135	0.02133	0.02943	0.07525	0.15606	0.07565	0.01955	0.07589	0.01531	0.01746	0.01155	0.00753	0.00730	0.00227	0.01078	0.00639	0.00443	0.01115
12	0.01014	0.00820	0.00915	0.00966	0.01202	0.00721	0.00759	0.01247	0.01793	0.02185	0.06962	0.11928	0.49334	0.02078	0.00977	0.00293	0.00477	0.14912	0.00735	0.00681
13	0.01853	0.02271	0.08932	0.03270	0.04097	0.01994	0.60184	0.02538	0.01858	0.02538	0.01592	0.02108	0.01190	0.00674	0.00924	0.00266	0.01326	0.00912	0.00397	0.01076
14	0.01830	0.04988	0.39124	0.17177	0.05607	0.01845	0.04806	0.05554	0.01812	0.07607	0.01577	0.01877	0.01123	0.00783	0.00768	0.00251	0.01083	0.00647	0.00416	0.01125
15	0.03175	0.02009	0.02215	0.01708	0.02330	0.04073	0.01406	0.44644	0.03250	0.23571	0.02248	0.02126	0.01522	0.00957	0.00792	0.00239	0.00830	0.00733	0.00838	0.01336
16	0.01021	0.00830	0.00920	0.00964	0.01211	0.00729	0.00768	0.01262	0.01812	0.02199	0.07094	0.07953	0.51600	0.02053	0.00976	0.00292	0.00482	0.16416	0.00735	0.00684
17	0.02116	0.49104	0.06960	0.02218	0.16426	0.07217	0.01682	0.02447	0.01700	0.02062	0.01212	0.01454	0.01070	0.00698	0.00595	0.00190	0.00924	0.00500	0.00355	0.01071
18	0.02110	0.02125	0.16598	0.22704	0.03437	0.01783	0.01961	0.14297	0.04260	0.12308	0.02028	0.02623	0.01556	0.00979	0.00860	0.00264	0.02881	0.05557	0.00569	0.01102
19	0.01591	0.00931	0.01124	0.01032	0.01333	0.00820	0.00800	0.01848	0.01949	0.16712	0.17820	0.06140	0.31331	0.06814	0.01144	0.00303	0.00509	0.06177	0.00798	0.00825
20	0.01407	0.00936	0.01219	0.01173	0.01411	0.00900	0.00932	0.01899	0.06418	0.08140	0.43718	0.06131	0.06064	0.01659	0.00951	0.00276	0.00493	0.14602	0.00846	0.00826
21	0.02019	0.02073	0.07872	0.02176	0.02494	0.02343	0.08532	0.15766	0.01873	0.02702	0.01321	0.01811	0.01123	0.01164	0.01879	0.00307	0.42359	0.00716	0.00450	0.01019

[dist]
# distance from previous block
# <min> <max>
0	9

# created by:
# /st0/software/busco_prod/Augustus/scripts/msa2prfl.pl ./align_prep/118953.fa
