[name]
unknown

[dist]
# distance from previous block
# <min> <max>
0	21

[block]
# block no. 0 follows, 24 sequences, length 74
# corresponding to MSA columns:
# 21-94
name=unknown_A
#
# <colnr> <probs for GDERKNQSTAVLIFYWHMCP>
#	G	D	E	R	K	N	Q	S	T	A	V	L	I	F	Y	W	H	M	C	P
0	0.01278	0.00913	0.01278	0.01460	0.01643	0.00913	0.01278	0.01643	0.01825	0.02373	0.04199	0.08945	0.04564	0.02191	0.01095	0.00365	0.00730	0.61847	0.00730	0.00730
1	0.03558	0.01350	0.01840	0.01411	0.02024	0.01166	0.01166	0.03865	0.02270	0.67734	0.03128	0.02699	0.01963	0.00981	0.00797	0.00245	0.00675	0.00797	0.00981	0.01350
2	0.01390	0.00945	0.01248	0.01219	0.03939	0.00895	0.00876	0.01869	0.05825	0.08104	0.55687	0.05350	0.06524	0.01505	0.00911	0.00250	0.00434	0.01326	0.00858	0.00843
3	0.01858	0.02237	0.07840	0.03288	0.04109	0.01997	0.61242	0.02539	0.01862	0.02539	0.01595	0.02116	0.01193	0.00673	0.00927	0.00267	0.01329	0.00918	0.00398	0.01075
4	0.02723	0.02257	0.02403	0.01979	0.04651	0.09773	0.04774	0.43182	0.06273	0.04113	0.01859	0.01963	0.01375	0.00938	0.00863	0.00239	0.04137	0.00712	0.04559	0.01225
5	0.01377	0.00689	0.01033	0.01033	0.01033	0.00689	0.00689	0.01033	0.01033	0.01377	0.01377	0.02410	0.01377	0.02755	0.03099	0.76928	0.00689	0.00689	0.00344	0.00344
6	0.02096	0.01482	0.01675	0.04802	0.01992	0.01547	0.01144	0.25522	0.07388	0.09816	0.08696	0.07506	0.20229	0.01376	0.00856	0.00256	0.00656	0.01132	0.00778	0.01050
7	0.02111	0.63683	0.07184	0.01597	0.05367	0.04959	0.01493	0.02408	0.01643	0.01936	0.01141	0.01331	0.01029	0.00688	0.00541	0.00178	0.00886	0.00449	0.00344	0.01034
8	0.01465	0.01145	0.01405	0.01277	0.01559	0.03347	0.04415	0.05062	0.08155	0.06144	0.23952	0.19689	0.15872	0.01679	0.00918	0.00269	0.00554	0.01476	0.00771	0.00846
9	0.00966	0.00690	0.00920	0.01104	0.01150	0.00644	0.00736	0.01104	0.01518	0.02024	0.04371	0.71614	0.05245	0.02484	0.01012	0.00322	0.00460	0.02254	0.00736	0.00644
10	0.01918	0.01839	0.03139	0.11080	0.61317	0.01872	0.02412	0.02395	0.01785	0.02537	0.01484	0.01977	0.01237	0.00715	0.00786	0.00238	0.00953	0.00706	0.00389	0.01220
11	0.02856	0.01762	0.02129	0.01903	0.08534	0.01825	0.01402	0.33648	0.02871	0.22547	0.02413	0.06773	0.01807	0.01036	0.00796	0.00243	0.00770	0.00840	0.04584	0.01263
12	0.03036	0.01938	0.02166	0.01679	0.02283	0.02070	0.01381	0.44994	0.06476	0.19634	0.02284	0.02181	0.01572	0.00964	0.00787	0.00239	0.00796	0.00744	0.03451	0.01323
13	0.02000	0.02020	0.03103	0.10852	0.48476	0.07914	0.06724	0.02529	0.04055	0.02498	0.01528	0.01977	0.01252	0.00735	0.00791	0.00239	0.01015	0.00712	0.00405	0.01175
14	0.01963	0.01884	0.03219	0.04867	0.67185	0.01884	0.02434	0.02434	0.01806	0.02591	0.01492	0.01963	0.01256	0.00707	0.00785	0.00236	0.00942	0.00707	0.00393	0.01256
15	0.01972	0.01703	0.01793	0.01614	0.02062	0.01972	0.01255	0.04214	0.65752	0.03317	0.03228	0.02959	0.02421	0.01076	0.00807	0.00269	0.00628	0.00897	0.00807	0.01255
16	0.03317	0.01296	0.01763	0.01370	0.01941	0.01124	0.01124	0.03630	0.02267	0.61352	0.09419	0.03018	0.02509	0.01045	0.00811	0.00246	0.00645	0.00860	0.00971	0.01290
17	0.00965	0.00696	0.00914	0.01087	0.01146	0.00646	0.00729	0.01106	0.01534	0.02031	0.04576	0.68031	0.08695	0.02458	0.01008	0.00319	0.00457	0.02222	0.00736	0.00646
18	0.00970	0.00798	0.00855	0.00871	0.01109	0.00683	0.00652	0.01188	0.01827	0.02243	0.13397	0.12930	0.53622	0.02017	0.00949	0.00274	0.00415	0.03775	0.00750	0.00677
19	0.02263	0.01983	0.02551	0.02067	0.02384	0.05297	0.07100	0.20229	0.04675	0.05940	0.01531	0.01899	0.01241	0.01143	0.01696	0.00294	0.35387	0.00726	0.00531	0.01064
20	0.02120	0.72609	0.04155	0.01357	0.02035	0.03138	0.01357	0.02374	0.01611	0.01866	0.01102	0.01272	0.01018	0.00678	0.00509	0.00170	0.00848	0.00424	0.00339	0.01018
21	0.77733	0.01534	0.01166	0.01043	0.01534	0.01779	0.00859	0.02331	0.01350	0.03558	0.01104	0.01288	0.00859	0.00736	0.00491	0.00245	0.00613	0.00429	0.00491	0.00859
22	0.01963	0.01884	0.03219	0.04867	0.67185	0.01884	0.02434	0.02434	0.01806	0.02591	0.01492	0.01963	0.01256	0.00707	0.00785	0.00236	0.00942	0.00707	0.00393	0.01256
23	0.01498	0.01409	0.02378	0.70226	0.05462	0.01762	0.02202	0.02026	0.01586	0.02026	0.01409	0.02114	0.01057	0.00793	0.00793	0.00264	0.01057	0.00705	0.00352	0.00881
24	0.01963	0.01884	0.03219	0.04867	0.67185	0.01884	0.02434	0.02434	0.01806	0.02591	0.01492	0.01963	0.01256	0.00707	0.00785	0.00236	0.00942	0.00707	0.00393	0.01256
25	0.01129	0.00829	0.00962	0.00916	0.01162	0.00726	0.00692	0.01413	0.02024	0.05325	0.34351	0.06656	0.37365	0.01791	0.00931	0.00259	0.00401	0.01529	0.00808	0.00733
26	0.01735	0.01735	0.02429	0.02082	0.02082	0.02429	0.01735	0.01908	0.01214	0.01908	0.01041	0.01735	0.01041	0.01388	0.02602	0.00347	0.70680	0.00694	0.00347	0.00867
27	0.01133	0.00850	0.01274	0.01274	0.01416	0.00991	0.00991	0.01416	0.01274	0.01841	0.02124	0.03115	0.01982	0.05947	0.68989	0.01274	0.02124	0.00850	0.00425	0.00708
28	0.01013	0.00766	0.01117	0.01221	0.01307	0.00715	0.04060	0.01179	0.01537	0.02051	0.04226	0.67982	0.05033	0.02389	0.01008	0.00319	0.00506	0.02185	0.00719	0.00666
29	0.01153	0.00769	0.00865	0.00865	0.00865	0.00769	0.00480	0.01153	0.01153	0.01538	0.02499	0.05189	0.02883	0.72131	0.04036	0.00769	0.00769	0.01153	0.00480	0.00480
30	0.04852	0.02008	0.08458	0.01798	0.04858	0.01951	0.01486	0.16211	0.34500	0.08366	0.02553	0.02444	0.01875	0.00965	0.00777	0.00251	0.00746	0.00780	0.00729	0.04393
31	0.02120	0.72609	0.04155	0.01357	0.02035	0.03138	0.01357	0.02374	0.01611	0.01866	0.01102	0.01272	0.01018	0.00678	0.00509	0.00170	0.00848	0.00424	0.00339	0.01018
32	0.73443	0.01493	0.01160	0.01040	0.01514	0.01721	0.00853	0.02284	0.01400	0.03537	0.04781	0.01548	0.01230	0.00786	0.00516	0.00246	0.00600	0.00486	0.00512	0.00853
33	0.02159	0.02020	0.02984	0.04147	0.51815	0.05473	0.02203	0.11032	0.05189	0.02920	0.01618	0.01975	0.01313	0.00764	0.00784	0.00236	0.00943	0.00707	0.00468	0.01251
34	0.01590	0.04102	0.68023	0.02260	0.03432	0.01842	0.02930	0.02511	0.01674	0.02511	0.01423	0.01674	0.01005	0.00753	0.00753	0.00251	0.01172	0.00586	0.00335	0.01172
35	0.01260	0.00900	0.01258	0.01440	0.01615	0.00898	0.01247	0.01612	0.01808	0.02353	0.04208	0.12493	0.04602	0.02207	0.01091	0.00363	0.00715	0.58473	0.00731	0.00725
36	0.03536	0.01385	0.01862	0.01428	0.02042	0.01218	0.01179	0.06333	0.02329	0.65182	0.03079	0.02667	0.01938	0.00980	0.00797	0.00245	0.00683	0.00794	0.00974	0.01349
37	0.01590	0.04102	0.68023	0.02260	0.03432	0.01842	0.02930	0.02511	0.01674	0.02511	0.01423	0.01674	0.01005	0.00753	0.00753	0.00251	0.01172	0.00586	0.00335	0.01172
38	0.01590	0.04102	0.68023	0.02260	0.03432	0.01842	0.02930	0.02511	0.01674	0.02511	0.01423	0.01674	0.01005	0.00753	0.00753	0.00251	0.01172	0.00586	0.00335	0.01172
39	0.01133	0.00850	0.01274	0.01274	0.01416	0.00991	0.00991	0.01416	0.01274	0.01841	0.02124	0.03115	0.01982	0.05947	0.68989	0.01274	0.02124	0.00850	0.00425	0.00708
40	0.02097	0.63054	0.10641	0.01475	0.02194	0.05417	0.01525	0.02418	0.01641	0.01935	0.01140	0.01319	0.01016	0.00691	0.00541	0.00179	0.00903	0.00444	0.00341	0.01030
41	0.01072	0.00779	0.01031	0.01186	0.01305	0.00739	0.00901	0.01300	0.01677	0.02197	0.07180	0.41973	0.11328	0.02305	0.01029	0.00328	0.00539	0.21710	0.00740	0.00679
42	0.01934	0.02011	0.05812	0.12364	0.44956	0.05698	0.02255	0.02532	0.06450	0.02499	0.01568	0.02000	0.01281	0.00787	0.00873	0.00246	0.04451	0.00703	0.00414	0.01167
43	0.01972	0.01703	0.01793	0.01614	0.02062	0.01972	0.01255	0.04214	0.65752	0.03317	0.03228	0.02959	0.02421	0.01076	0.00807	0.00269	0.00628	0.00897	0.00807	0.01255
44	0.02120	0.72609	0.04155	0.01357	0.02035	0.03138	0.01357	0.02374	0.01611	0.01866	0.01102	0.01272	0.01018	0.00678	0.00509	0.00170	0.00848	0.00424	0.00339	0.01018
45	0.01590	0.04102	0.68023	0.02260	0.03432	0.01842	0.02930	0.02511	0.01674	0.02511	0.01423	0.01674	0.01005	0.00753	0.00753	0.00251	0.01172	0.00586	0.00335	0.01172
46	0.00966	0.00690	0.00920	0.01104	0.01150	0.00644	0.00736	0.01104	0.01518	0.02024	0.04371	0.71614	0.05245	0.02484	0.01012	0.00322	0.00460	0.02254	0.00736	0.00644
47	0.01134	0.00841	0.00963	0.00960	0.01189	0.00753	0.00709	0.01443	0.04324	0.05162	0.19789	0.19026	0.36956	0.01935	0.00940	0.00273	0.00427	0.01665	0.00779	0.00733
48	0.04663	0.00890	0.01083	0.01051	0.01251	0.00869	0.00794	0.04576	0.02079	0.03043	0.40737	0.15267	0.05782	0.01631	0.00885	0.00258	0.00440	0.04558	0.09378	0.00765
49	0.01498	0.01409	0.02378	0.70226	0.05462	0.01762	0.02202	0.02026	0.01586	0.02026	0.01409	0.02114	0.01057	0.00793	0.00793	0.00264	0.01057	0.00705	0.00352	0.00881
50	0.01915	0.01852	0.03212	0.10880	0.58345	0.01879	0.05446	0.02401	0.01788	0.02536	0.01489	0.01985	0.01235	0.00713	0.00793	0.00240	0.00972	0.00718	0.00389	0.01212
51	0.01404	0.00767	0.01086	0.01083	0.01122	0.00773	0.00737	0.04282	0.01238	0.01652	0.01820	0.11994	0.01913	0.02625	0.02692	0.62380	0.00666	0.00907	0.00422	0.00437
52	0.01507	0.01422	0.02380	0.67496	0.05326	0.01789	0.02184	0.02021	0.01571	0.02021	0.01395	0.02099	0.01056	0.00817	0.00865	0.00268	0.03846	0.00704	0.00352	0.00880
53	0.02119	0.01804	0.02469	0.02144	0.05945	0.02180	0.06090	0.15545	0.07251	0.06514	0.04939	0.02181	0.01624	0.01169	0.01662	0.00295	0.33686	0.00776	0.00548	0.01059
54	0.01923	0.01844	0.03147	0.10447	0.61915	0.01874	0.02414	0.02399	0.01787	0.02542	0.01485	0.01976	0.01239	0.00714	0.00786	0.00238	0.00952	0.00706	0.00389	0.01224
55	0.02839	0.02495	0.02257	0.01841	0.02395	0.17541	0.01473	0.41058	0.13148	0.04036	0.01957	0.01962	0.01443	0.00941	0.00778	0.00235	0.00961	0.00696	0.00708	0.01236
56	0.02190	0.01659	0.02018	0.05338	0.10860	0.01828	0.01444	0.03818	0.44492	0.12970	0.02894	0.02746	0.02130	0.00999	0.00802	0.00261	0.00697	0.00847	0.00756	0.01252
57	0.01001	0.00708	0.00920	0.01065	0.01113	0.00667	0.00702	0.01133	0.01509	0.02023	0.07647	0.58814	0.05049	0.11957	0.01421	0.00379	0.00497	0.02057	0.00709	0.00628
58	0.72185	0.01559	0.01316	0.01323	0.06341	0.01787	0.00974	0.02339	0.01383	0.03487	0.01133	0.01338	0.00888	0.00734	0.00512	0.00245	0.00637	0.00450	0.00484	0.00888
59	0.32869	0.04244	0.01551	0.01202	0.01707	0.01431	0.00990	0.02848	0.01871	0.30023	0.11420	0.02541	0.02279	0.00963	0.00683	0.00243	0.00614	0.00727	0.00743	0.01053
60	0.01957	0.01959	0.03840	0.02796	0.03474	0.01905	0.44921	0.05937	0.01938	0.05851	0.04545	0.02252	0.01513	0.00800	0.01044	0.00260	0.07307	0.00885	0.00473	0.06344
61	0.68292	0.01578	0.01318	0.04629	0.01803	0.01829	0.00975	0.06939	0.01538	0.03587	0.01179	0.01376	0.00905	0.00755	0.00529	0.00246	0.00655	0.00465	0.00506	0.00896
62	0.01937	0.01635	0.02758	0.02034	0.02669	0.01470	0.24915	0.06478	0.01953	0.09511	0.06547	0.05303	0.01968	0.03699	0.00935	0.00240	0.00886	0.00867	0.00559	0.23637
63	0.01377	0.00689	0.01033	0.01033	0.01033	0.00689	0.00689	0.01033	0.01033	0.01377	0.01377	0.02410	0.01377	0.02755	0.03099	0.76928	0.00689	0.00689	0.00344	0.00344
64	0.01768	0.02633	0.23114	0.02777	0.03630	0.01909	0.37776	0.02649	0.08081	0.02591	0.01800	0.04350	0.01396	0.00793	0.00871	0.00264	0.01189	0.00871	0.00432	0.01104
65	0.01090	0.00801	0.01026	0.01022	0.01200	0.00737	0.00768	0.01411	0.02064	0.02840	0.46691	0.14961	0.14351	0.01824	0.00957	0.00270	0.00415	0.06021	0.00828	0.00723
66	0.01616	0.07420	0.64929	0.02216	0.03364	0.01904	0.02854	0.02505	0.01671	0.02480	0.01408	0.01655	0.01005	0.00750	0.00742	0.00247	0.01156	0.00578	0.00335	0.01164
67	0.01122	0.00811	0.01060	0.00998	0.01185	0.00748	0.00748	0.01496	0.02245	0.03180	0.66766	0.05923	0.07482	0.01621	0.00935	0.00249	0.00374	0.01434	0.00873	0.00748
68	0.77733	0.01534	0.01166	0.01043	0.01534	0.01779	0.00859	0.02331	0.01350	0.03558	0.01104	0.01288	0.00859	0.00736	0.00491	0.00245	0.00613	0.00429	0.00491	0.00859
69	0.01667	0.04084	0.64340	0.02248	0.03377	0.05599	0.02852	0.02548	0.01706	0.02479	0.01412	0.01661	0.01005	0.00757	0.00751	0.00249	0.01186	0.00582	0.00339	0.01158
70	0.01858	0.01563	0.01792	0.04730	0.02158	0.01450	0.01134	0.09153	0.16491	0.02980	0.01877	0.01995	0.01472	0.00748	0.00669	0.00172	0.00650	0.00605	0.00575	0.47929
71	0.09233	0.01515	0.01471	0.01364	0.01619	0.13797	0.04453	0.01924	0.01742	0.05971	0.09919	0.19872	0.06169	0.13676	0.01400	0.00353	0.00770	0.03369	0.00616	0.00769
72	0.02084	0.01674	0.01662	0.01414	0.01880	0.11102	0.01089	0.05027	0.12336	0.12237	0.04731	0.14859	0.02434	0.01153	0.00770	0.00220	0.00710	0.00960	0.00666	0.22992
73	0.16868	0.01836	0.01774	0.01488	0.01943	0.07038	0.01181	0.29663	0.05948	0.03810	0.09654	0.08311	0.02393	0.03557	0.00876	0.00265	0.00756	0.00884	0.00700	0.01056

[dist]
# distance from previous block
# <min> <max>
2	5

[block]
# block no. 1 follows, 24 sequences, length 124
# corresponding to MSA columns:
# 100-223
name=unknown_B
#
# <colnr> <probs for GDERKNQSTAVLIFYWHMCP>
#	G	D	E	R	K	N	Q	S	T	A	V	L	I	F	Y	W	H	M	C	P
0	0.01898	0.23865	0.30596	0.01828	0.02644	0.04790	0.02017	0.05182	0.11320	0.02510	0.01751	0.02119	0.01416	0.00863	0.00706	0.00233	0.00970	0.03728	0.00448	0.01113
1	0.02708	0.04833	0.04856	0.01863	0.02476	0.05696	0.04700	0.41275	0.07564	0.07081	0.01900	0.01954	0.01384	0.00928	0.00858	0.00238	0.04002	0.00706	0.00697	0.04280
2	0.02008	0.40561	0.16536	0.01753	0.02485	0.02513	0.07622	0.02511	0.04058	0.05539	0.03790	0.01758	0.01370	0.00785	0.00723	0.00213	0.03708	0.00589	0.00414	0.01063
3	0.05208	0.01428	0.11719	0.01298	0.01655	0.01057	0.01179	0.04849	0.02025	0.02922	0.33928	0.16265	0.05182	0.01599	0.00903	0.00271	0.00582	0.06369	0.00729	0.00832
4	0.00939	0.00798	0.00809	0.00817	0.01075	0.00668	0.00609	0.01136	0.01794	0.02137	0.07862	0.10615	0.63990	0.02030	0.00941	0.00270	0.00404	0.01701	0.00736	0.00668
5	0.01963	0.01884	0.03219	0.04867	0.67185	0.01884	0.02434	0.02434	0.01806	0.02591	0.01492	0.01963	0.01256	0.00707	0.00785	0.00236	0.00942	0.00707	0.00393	0.01256
6	0.01590	0.04102	0.68023	0.02260	0.03432	0.01842	0.02930	0.02511	0.01674	0.02511	0.01423	0.01674	0.01005	0.00753	0.00753	0.00251	0.01172	0.00586	0.00335	0.01172
7	0.02968	0.03596	0.02263	0.02017	0.02452	0.61115	0.01529	0.10397	0.02422	0.02301	0.01306	0.01486	0.01060	0.00833	0.00724	0.00208	0.01364	0.00535	0.00454	0.00970
8	0.02171	0.01430	0.01526	0.01269	0.01659	0.01548	0.01018	0.30831	0.02599	0.03843	0.02247	0.02478	0.01714	0.01195	0.04183	0.00265	0.00692	0.00733	0.37579	0.01019
9	0.03014	0.02221	0.02380	0.01825	0.02459	0.02459	0.01507	0.64541	0.03728	0.04998	0.01904	0.01904	0.01349	0.00952	0.00793	0.00238	0.00873	0.00714	0.00793	0.01349
10	0.02962	0.03779	0.02247	0.02043	0.02451	0.68948	0.01532	0.03166	0.02247	0.01941	0.01226	0.01430	0.01021	0.00817	0.00715	0.00204	0.01430	0.00511	0.00409	0.00919
11	0.01644	0.01409	0.01644	0.01175	0.01879	0.01057	0.00940	0.01997	0.01644	0.02584	0.01409	0.01644	0.01175	0.00587	0.00587	0.00117	0.00587	0.00470	0.00470	0.76979
12	0.01071	0.00784	0.00991	0.00988	0.01148	0.00719	0.00714	0.01359	0.01994	0.02744	0.44129	0.18865	0.14103	0.05453	0.01109	0.00292	0.00414	0.01609	0.00809	0.00705
13	0.01145	0.00766	0.00867	0.00875	0.00877	0.00764	0.00491	0.01151	0.01168	0.01558	0.02576	0.07932	0.02980	0.69256	0.03911	0.00750	0.00756	0.01199	0.00491	0.00487
14	0.01217	0.00880	0.01200	0.01356	0.01533	0.00862	0.01152	0.01550	0.01818	0.02365	0.07654	0.14284	0.09418	0.02174	0.01068	0.00348	0.00664	0.48999	0.00738	0.00719
15	0.01498	0.01409	0.02378	0.70226	0.05462	0.01762	0.02202	0.02026	0.01586	0.02026	0.01409	0.02114	0.01057	0.00793	0.00793	0.00264	0.01057	0.00705	0.00352	0.00881
16	0.01995	0.01962	0.03136	0.07291	0.61471	0.05287	0.02379	0.02455	0.01819	0.02535	0.01475	0.01942	0.01236	0.00716	0.00782	0.00235	0.00971	0.00697	0.00392	0.01224
17	0.02120	0.72609	0.04155	0.01357	0.02035	0.03138	0.01357	0.02374	0.01611	0.01866	0.01102	0.01272	0.01018	0.00678	0.00509	0.00170	0.00848	0.00424	0.00339	0.01018
18	0.01881	0.01624	0.01706	0.01543	0.01975	0.01858	0.01198	0.03943	0.60132	0.03214	0.03650	0.03369	0.08085	0.01158	0.00818	0.00269	0.00608	0.00965	0.00801	0.01204
19	0.01963	0.01884	0.03219	0.04867	0.67185	0.01884	0.02434	0.02434	0.01806	0.02591	0.01492	0.01963	0.01256	0.00707	0.00785	0.00236	0.00942	0.00707	0.00393	0.01256
20	0.02349	0.01868	0.01936	0.01659	0.02157	0.04776	0.01311	0.16531	0.45515	0.08557	0.02865	0.02659	0.02108	0.01032	0.00800	0.00258	0.00715	0.00836	0.00801	0.01268
21	0.02867	0.02139	0.02219	0.01730	0.02313	0.04800	0.01418	0.56281	0.03477	0.04689	0.01943	0.01986	0.01401	0.00944	0.00768	0.00232	0.00846	0.00709	0.07966	0.01275
22	0.01153	0.00769	0.00865	0.00865	0.00865	0.00769	0.00480	0.01153	0.01153	0.01538	0.02499	0.05189	0.02883	0.72131	0.04036	0.00769	0.00769	0.01153	0.00480	0.00480
23	0.01831	0.02074	0.04510	0.03241	0.04009	0.01944	0.61439	0.02475	0.01856	0.02517	0.01729	0.05272	0.01385	0.00750	0.00939	0.00270	0.01297	0.00995	0.00416	0.01050
24	0.01377	0.00689	0.01033	0.01033	0.01033	0.00689	0.00689	0.01033	0.01033	0.01377	0.01377	0.02410	0.01377	0.02755	0.03099	0.76928	0.00689	0.00689	0.00344	0.00344
25	0.01498	0.01409	0.02378	0.70226	0.05462	0.01762	0.02202	0.02026	0.01586	0.02026	0.01409	0.02114	0.01057	0.00793	0.00793	0.00264	0.01057	0.00705	0.00352	0.00881
26	0.01006	0.00806	0.00899	0.00876	0.01114	0.00699	0.00657	0.01272	0.01971	0.02530	0.29984	0.06993	0.44670	0.01864	0.00936	0.00261	0.00391	0.01584	0.00787	0.00699
27	0.01508	0.01424	0.02381	0.67194	0.05311	0.01791	0.02181	0.02021	0.01569	0.02021	0.01393	0.02097	0.01056	0.00819	0.00873	0.00268	0.04154	0.00704	0.00352	0.00880
28	0.02962	0.03779	0.02247	0.02043	0.02451	0.68948	0.01532	0.03166	0.02247	0.01941	0.01226	0.01430	0.01021	0.00817	0.00715	0.00204	0.01430	0.00511	0.00409	0.00919
29	0.00961	0.00712	0.00898	0.01047	0.01135	0.00649	0.00711	0.01111	0.01573	0.02047	0.05064	0.59498	0.16913	0.02394	0.00998	0.00312	0.00449	0.02144	0.00736	0.00649
30	0.01848	0.01530	0.01754	0.01271	0.01965	0.01265	0.01024	0.11285	0.01954	0.02942	0.01483	0.01683	0.01200	0.00641	0.00618	0.00135	0.00630	0.00506	0.00518	0.65747
31	0.01163	0.00884	0.01295	0.01279	0.01402	0.01040	0.00984	0.01418	0.01262	0.01819	0.02104	0.03219	0.02012	0.11111	0.60618	0.01190	0.05210	0.00867	0.00426	0.00697
32	0.01712	0.01453	0.01679	0.01217	0.01909	0.01148	0.00974	0.04579	0.04180	0.02708	0.01499	0.01705	0.01229	0.00621	0.00604	0.00128	0.00600	0.00496	0.00496	0.71062
33	0.01793	0.01687	0.02774	0.07080	0.51938	0.01698	0.02111	0.02294	0.04128	0.02557	0.04577	0.05323	0.06712	0.00927	0.00812	0.00244	0.00854	0.00875	0.00463	0.01151
34	0.01946	0.48602	0.24035	0.01714	0.02551	0.02691	0.04261	0.02423	0.01641	0.02092	0.01221	0.01430	0.01021	0.00701	0.00601	0.00199	0.00968	0.00494	0.00340	0.01068
35	0.01219	0.00912	0.01143	0.01068	0.01284	0.00887	0.00806	0.01805	0.09465	0.03196	0.59542	0.05586	0.06907	0.01559	0.00921	0.00252	0.00403	0.01373	0.00865	0.00806
36	0.01144	0.00806	0.01053	0.01053	0.01118	0.00871	0.00715	0.01274	0.01209	0.01677	0.02327	0.04239	0.02470	0.41793	0.33810	0.01001	0.01390	0.01014	0.00455	0.00585
37	0.02748	0.02340	0.02276	0.01941	0.04953	0.13925	0.01512	0.41737	0.05398	0.03993	0.01889	0.02167	0.01462	0.00992	0.00869	0.00242	0.04197	0.03122	0.03037	0.01200
38	0.01071	0.00788	0.01003	0.00994	0.01164	0.00719	0.00728	0.01381	0.02058	0.02841	0.48124	0.18224	0.14306	0.01827	0.00950	0.00265	0.00393	0.01614	0.00831	0.00719
39	0.02638	0.01969	0.02115	0.01685	0.02218	0.02179	0.01355	0.48729	0.11505	0.04363	0.02219	0.04871	0.01767	0.07355	0.01091	0.00292	0.00816	0.00833	0.00765	0.01234
40	0.01500	0.00892	0.01170	0.01081	0.01329	0.00810	0.00827	0.01835	0.02154	0.13428	0.46225	0.10753	0.09322	0.01627	0.00925	0.00260	0.00444	0.03718	0.00867	0.00832
41	0.01708	0.09292	0.54148	0.02146	0.03193	0.01877	0.05493	0.02513	0.01729	0.05225	0.04384	0.01895	0.01343	0.00792	0.00752	0.00245	0.01097	0.00636	0.00389	0.01143
42	0.01748	0.01455	0.01835	0.01328	0.02008	0.01160	0.04173	0.02108	0.01669	0.05595	0.01486	0.01722	0.01208	0.00639	0.00688	0.00139	0.03183	0.00517	0.00486	0.66853
43	0.02391	0.07709	0.05072	0.01670	0.04698	0.01861	0.01365	0.27246	0.05814	0.10693	0.05476	0.05303	0.02038	0.01030	0.00765	0.00230	0.00753	0.03181	0.04594	0.08111
44	0.01697	0.14698	0.52704	0.02209	0.03272	0.02059	0.07805	0.02492	0.01681	0.02412	0.01388	0.01650	0.01023	0.00735	0.00730	0.00240	0.01135	0.00590	0.00341	0.01139
45	0.01498	0.01409	0.02378	0.70226	0.05462	0.01762	0.02202	0.02026	0.01586	0.02026	0.01409	0.02114	0.01057	0.00793	0.00793	0.00264	0.01057	0.00705	0.00352	0.00881
46	0.01576	0.00855	0.00879	0.00834	0.01053	0.00869	0.00636	0.06563	0.01848	0.03122	0.05797	0.03028	0.02258	0.00961	0.00592	0.00192	0.00408	0.00773	0.66970	0.00786
47	0.01203	0.00775	0.00799	0.00793	0.01015	0.00709	0.00594	0.01498	0.01783	0.02615	0.11185	0.05324	0.31434	0.01474	0.00762	0.00228	0.00384	0.01222	0.35494	0.00709
48	0.00982	0.00805	0.00865	0.00850	0.01099	0.00688	0.00638	0.01225	0.01913	0.02393	0.22240	0.07218	0.52499	0.01915	0.00937	0.00263	0.00395	0.01616	0.00769	0.00688
49	0.00964	0.00804	0.00840	0.00831	0.01087	0.00681	0.00623	0.01189	0.01870	0.02291	0.16431	0.07387	0.58373	0.01953	0.00937	0.00265	0.00398	0.01639	0.00756	0.00681
50	0.01749	0.01667	0.02834	0.34827	0.38891	0.01828	0.02328	0.02247	0.01705	0.02332	0.01454	0.02032	0.01165	0.00746	0.00789	0.00249	0.00995	0.00706	0.00374	0.01084
51	0.01972	0.01703	0.01793	0.01614	0.02062	0.01972	0.01255	0.04214	0.65752	0.03317	0.03228	0.02959	0.02421	0.01076	0.00807	0.00269	0.00628	0.00897	0.00807	0.01255
52	0.02588	0.02081	0.02135	0.01749	0.02297	0.05259	0.01406	0.37225	0.28901	0.04176	0.02412	0.02312	0.01770	0.00996	0.00795	0.00249	0.00798	0.00779	0.00781	0.01291
53	0.02962	0.03779	0.02247	0.02043	0.02451	0.68948	0.01532	0.03166	0.02247	0.01941	0.01226	0.01430	0.01021	0.00817	0.00715	0.00204	0.01430	0.00511	0.00409	0.00919
54	0.01963	0.01884	0.03219	0.04867	0.67185	0.01884	0.02434	0.02434	0.01806	0.02591	0.01492	0.01963	0.01256	0.00707	0.00785	0.00236	0.00942	0.00707	0.00393	0.01256
55	0.01963	0.01884	0.03219	0.04867	0.67185	0.01884	0.02434	0.02434	0.01806	0.02591	0.01492	0.01963	0.01256	0.00707	0.00785	0.00236	0.00942	0.00707	0.00393	0.01256
56	0.01133	0.00850	0.01274	0.01274	0.01416	0.00991	0.00991	0.01416	0.01274	0.01841	0.02124	0.03115	0.01982	0.05947	0.68989	0.01274	0.02124	0.00850	0.00425	0.00708
57	0.01134	0.00846	0.01254	0.01254	0.01388	0.00980	0.00965	0.01403	0.01268	0.01826	0.02143	0.03220	0.02028	0.09284	0.65715	0.01249	0.02056	0.00865	0.00428	0.00697
58	0.01963	0.01884	0.03219	0.04867	0.67185	0.01884	0.02434	0.02434	0.01806	0.02591	0.01492	0.01963	0.01256	0.00707	0.00785	0.00236	0.00942	0.00707	0.00393	0.01256
59	0.01963	0.01884	0.03219	0.04867	0.67185	0.01884	0.02434	0.02434	0.01806	0.02591	0.01492	0.01963	0.01256	0.00707	0.00785	0.00236	0.00942	0.00707	0.00393	0.01256
60	0.01153	0.00769	0.00865	0.00865	0.00865	0.00769	0.00480	0.01153	0.01153	0.01538	0.02499	0.05189	0.02883	0.72131	0.04036	0.00769	0.00769	0.01153	0.00480	0.00480
61	0.11958	0.02410	0.02069	0.01715	0.02238	0.18814	0.01368	0.33094	0.08913	0.03809	0.01794	0.01858	0.01340	0.00903	0.00728	0.00231	0.00934	0.00647	0.04031	0.01146
62	0.01077	0.00829	0.00880	0.00853	0.01127	0.00701	0.00645	0.01303	0.01879	0.05221	0.14659	0.07210	0.57014	0.01917	0.00931	0.00265	0.00411	0.01606	0.00763	0.00709
63	0.01800	0.01436	0.01671	0.01236	0.01895	0.01170	0.00988	0.04746	0.06233	0.06097	0.04254	0.01971	0.01560	0.00697	0.00635	0.00145	0.00598	0.00565	0.00549	0.61755
64	0.02120	0.72609	0.04155	0.01357	0.02035	0.03138	0.01357	0.02374	0.01611	0.01866	0.01102	0.01272	0.01018	0.00678	0.00509	0.00170	0.00848	0.00424	0.00339	0.01018
65	0.00977	0.00703	0.00930	0.01107	0.01167	0.00656	0.00753	0.01127	0.01541	0.02043	0.04502	0.66706	0.07538	0.02455	0.01013	0.00322	0.00469	0.04608	0.00736	0.00648
66	0.02099	0.69918	0.06664	0.01392	0.02090	0.03087	0.01419	0.02380	0.01614	0.01891	0.01115	0.01288	0.01017	0.00681	0.00518	0.00173	0.00861	0.00430	0.00339	0.01024
67	0.01498	0.01409	0.02378	0.70226	0.05462	0.01762	0.02202	0.02026	0.01586	0.02026	0.01409	0.02114	0.01057	0.00793	0.00793	0.00264	0.01057	0.00705	0.00352	0.00881
68	0.02447	0.01898	0.01763	0.01459	0.01899	0.11087	0.01163	0.33149	0.02769	0.03828	0.02058	0.02222	0.01552	0.00923	0.00695	0.00214	0.00767	0.00695	0.28344	0.01067
69	0.01843	0.02287	0.09866	0.03205	0.04007	0.02008	0.56841	0.02514	0.01830	0.02514	0.01568	0.02085	0.01181	0.00703	0.00983	0.00269	0.03935	0.00898	0.00394	0.01070
70	0.00973	0.00696	0.00927	0.01099	0.01152	0.00649	0.00737	0.01122	0.01552	0.02078	0.07280	0.68551	0.05349	0.02444	0.01009	0.00319	0.00456	0.02216	0.00742	0.00649
71	0.01644	0.01409	0.01644	0.01175	0.01879	0.01057	0.00940	0.01997	0.01644	0.02584	0.01409	0.01644	0.01175	0.00587	0.00587	0.00117	0.00587	0.00470	0.00470	0.76979
72	0.00976	0.00694	0.00917	0.01092	0.01135	0.00651	0.00723	0.01107	0.01499	0.01999	0.04274	0.68199	0.05123	0.06065	0.01168	0.00345	0.00476	0.02198	0.00723	0.00636
73	0.01863	0.38258	0.32702	0.01799	0.02664	0.02520	0.02082	0.02412	0.01619	0.02157	0.01243	0.01476	0.01013	0.00748	0.00726	0.00215	0.04574	0.00510	0.00338	0.01079
74	0.08888	0.08222	0.02227	0.04685	0.02306	0.08356	0.01363	0.34939	0.05199	0.06570	0.01846	0.01933	0.01364	0.00894	0.00715	0.00227	0.00845	0.00659	0.07601	0.01159
75	0.02871	0.05741	0.02385	0.01762	0.02377	0.02392	0.01459	0.52346	0.10556	0.06931	0.02056	0.02019	0.01475	0.00953	0.00780	0.00238	0.00837	0.00723	0.00778	0.01321
76	0.03558	0.01350	0.01840	0.01411	0.02024	0.01166	0.01166	0.03865	0.02270	0.67734	0.03128	0.02699	0.01963	0.00981	0.00797	0.00245	0.00675	0.00797	0.00981	0.01350
77	0.00974	0.00700	0.00911	0.01077	0.01132	0.00652	0.00716	0.01108	0.01515	0.02006	0.04462	0.65014	0.08257	0.05971	0.01161	0.00342	0.00473	0.02169	0.00723	0.00637
78	0.02873	0.02288	0.02292	0.01816	0.02406	0.08138	0.01476	0.51339	0.11723	0.04514	0.02019	0.02001	0.01461	0.00957	0.00788	0.00239	0.00889	0.00720	0.00762	0.01299
79	0.01174	0.00821	0.00979	0.00968	0.00981	0.00866	0.00594	0.01211	0.01179	0.01598	0.02463	0.07265	0.02803	0.60695	0.09061	0.00772	0.04419	0.01146	0.00479	0.00524
80	0.02280	0.01751	0.01888	0.01628	0.02120	0.01973	0.01286	0.13531	0.50278	0.09526	0.03013	0.02771	0.02212	0.01048	0.00804	0.00262	0.00670	0.00859	0.00821	0.01278
81	0.01735	0.01735	0.02429	0.02082	0.02082	0.02429	0.01735	0.01908	0.01214	0.01908	0.01041	0.01735	0.01041	0.01388	0.02602	0.00347	0.70680	0.00694	0.00347	0.00867
82	0.03420	0.01400	0.01855	0.01429	0.02028	0.01256	0.01178	0.08758	0.02389	0.60104	0.05470	0.02757	0.02124	0.01004	0.00802	0.00245	0.00679	0.00815	0.00962	0.01326
83	0.02962	0.03779	0.02247	0.02043	0.02451	0.68948	0.01532	0.03166	0.02247	0.01941	0.01226	0.01430	0.01021	0.00817	0.00715	0.00204	0.01430	0.00511	0.00409	0.00919
84	0.02962	0.03779	0.02247	0.02043	0.02451	0.68948	0.01532	0.03166	0.02247	0.01941	0.01226	0.01430	0.01021	0.00817	0.00715	0.00204	0.01430	0.00511	0.00409	0.00919
85	0.01972	0.01703	0.01793	0.01614	0.02062	0.01972	0.01255	0.04214	0.65752	0.03317	0.03228	0.02959	0.02421	0.01076	0.00807	0.00269	0.00628	0.00897	0.00807	0.01255
86	0.00966	0.00690	0.00920	0.01104	0.01150	0.00644	0.00736	0.01104	0.01518	0.02024	0.04371	0.71614	0.05245	0.02484	0.01012	0.00322	0.00460	0.02254	0.00736	0.00644
87	0.00937	0.00803	0.00803	0.00803	0.01071	0.00669	0.00602	0.01138	0.01807	0.02142	0.08033	0.07632	0.66863	0.02008	0.00937	0.00268	0.00402	0.01674	0.00736	0.00669
88	0.01027	0.00807	0.00928	0.00898	0.01126	0.00708	0.00674	0.01313	0.02021	0.02648	0.36672	0.06799	0.37908	0.01820	0.00936	0.00259	0.00388	0.01557	0.00803	0.00708
89	0.03013	0.02278	0.02375	0.01832	0.02459	0.04879	0.01508	0.62307	0.03674	0.04886	0.01879	0.01887	0.01337	0.00947	0.00790	0.00237	0.00893	0.00707	0.00779	0.01333
90	0.01133	0.00850	0.01274	0.01274	0.01416	0.00991	0.00991	0.01416	0.01274	0.01841	0.02124	0.03115	0.01982	0.05947	0.68989	0.01274	0.02124	0.00850	0.00425	0.00708
91	0.02022	0.01893	0.03348	0.04513	0.56028	0.01868	0.10456	0.02512	0.01835	0.05508	0.01580	0.02019	0.01281	0.00714	0.00805	0.00240	0.00982	0.00741	0.00420	0.01236
92	0.01963	0.01884	0.03219	0.04867	0.67185	0.01884	0.02434	0.02434	0.01806	0.02591	0.01492	0.01963	0.01256	0.00707	0.00785	0.00236	0.00942	0.00707	0.00393	0.01256
93	0.01644	0.01409	0.01644	0.01175	0.01879	0.01057	0.00940	0.01997	0.01644	0.02584	0.01409	0.01644	0.01175	0.00587	0.00587	0.00117	0.00587	0.00470	0.00470	0.76979
94	0.01950	0.01957	0.05516	0.04628	0.61965	0.01887	0.02399	0.02516	0.04646	0.02620	0.01566	0.01996	0.01299	0.00725	0.00785	0.00238	0.00936	0.00711	0.00409	0.01253
95	0.01614	0.07177	0.65156	0.02220	0.03369	0.01900	0.02859	0.02505	0.01671	0.02482	0.01409	0.01656	0.01005	0.00750	0.00742	0.00247	0.01157	0.00579	0.00335	0.01165
96	0.00954	0.00798	0.00830	0.00834	0.01084	0.00675	0.00621	0.01165	0.01828	0.02221	0.12621	0.10744	0.58905	0.02001	0.00941	0.00269	0.00402	0.01684	0.00747	0.00675
97	0.00973	0.00695	0.00926	0.01100	0.01152	0.00648	0.00737	0.01121	0.01549	0.02073	0.06987	0.68860	0.05339	0.02448	0.01009	0.00319	0.00456	0.02220	0.00742	0.00648
98	0.02089	0.01624	0.01796	0.04611	0.02163	0.01824	0.01262	0.09582	0.45951	0.08604	0.03261	0.06446	0.04936	0.01152	0.00820	0.00266	0.00657	0.00962	0.00793	0.01201
99	0.01000	0.00736	0.00968	0.01117	0.01170	0.00715	0.00757	0.01137	0.01507	0.02008	0.04346	0.63765	0.07784	0.04961	0.01177	0.00337	0.03025	0.02131	0.00713	0.00647
100	0.01590	0.04102	0.68023	0.02260	0.03432	0.01842	0.02930	0.02511	0.01674	0.02511	0.01423	0.01674	0.01005	0.00753	0.00753	0.00251	0.01172	0.00586	0.00335	0.01172
101	0.01802	0.02086	0.06917	0.02957	0.03630	0.01975	0.48322	0.02468	0.04637	0.02475	0.01746	0.05672	0.01438	0.00866	0.01117	0.00279	0.09191	0.00958	0.00427	0.01037
102	0.01614	0.07149	0.65182	0.02220	0.03370	0.01899	0.02860	0.02505	0.01671	0.02483	0.01409	0.01656	0.01005	0.00750	0.00743	0.00248	0.01158	0.00579	0.00335	0.01165
103	0.00989	0.00707	0.00945	0.01117	0.01177	0.00662	0.00764	0.01149	0.01566	0.02094	0.07163	0.65481	0.05311	0.02431	0.01013	0.00321	0.00470	0.05246	0.00742	0.00653
104	0.01021	0.00729	0.00983	0.01166	0.01236	0.00691	0.00831	0.01198	0.01572	0.02085	0.04341	0.60669	0.05126	0.02433	0.01027	0.00330	0.00507	0.12662	0.00735	0.00659
105	0.07576	0.01761	0.02742	0.23820	0.35663	0.04570	0.04926	0.02316	0.01721	0.02480	0.01474	0.01981	0.01184	0.00746	0.00760	0.00243	0.00968	0.00689	0.03311	0.01071
106	0.01706	0.04075	0.62475	0.02242	0.03349	0.07501	0.02812	0.02567	0.01723	0.02463	0.01406	0.01654	0.01006	0.00759	0.00750	0.00247	0.01194	0.00580	0.00341	0.01151
107	0.01005	0.00719	0.00958	0.01103	0.01178	0.00673	0.00762	0.01191	0.01647	0.02223	0.14247	0.58382	0.05568	0.02334	0.01004	0.00312	0.00459	0.04811	0.00758	0.00664
108	0.01963	0.01884	0.03219	0.04867	0.67185	0.01884	0.02434	0.02434	0.01806	0.02591	0.01492	0.01963	0.01256	0.00707	0.00785	0.00236	0.00942	0.00707	0.00393	0.01256
109	0.01947	0.01973	0.06028	0.04584	0.61001	0.01887	0.02395	0.02529	0.05087	0.02624	0.01578	0.02001	0.01305	0.00728	0.00785	0.00238	0.00936	0.00711	0.00411	0.01252
110	0.01001	0.00726	0.00952	0.01108	0.01192	0.00677	0.00777	0.01178	0.01608	0.02126	0.07855	0.57184	0.10212	0.02374	0.01010	0.00318	0.00477	0.07821	0.00743	0.00660
111	0.02014	0.01981	0.03169	0.04722	0.63865	0.05323	0.02387	0.02471	0.01828	0.02557	0.01478	0.01935	0.01244	0.00712	0.00781	0.00234	0.00967	0.00697	0.00393	0.01239
112	0.60346	0.05228	0.01487	0.01161	0.01685	0.01847	0.00969	0.07729	0.01653	0.09819	0.01368	0.01476	0.01015	0.00775	0.00547	0.00241	0.00653	0.00489	0.00556	0.00956
113	0.02050	0.01646	0.01779	0.01554	0.02014	0.01839	0.01218	0.09144	0.49574	0.06314	0.08394	0.03052	0.02684	0.01087	0.00807	0.00257	0.00628	0.00904	0.00806	0.04249
114	0.05809	0.08543	0.02285	0.01714	0.02250	0.24299	0.01382	0.23668	0.02634	0.14188	0.01814	0.01845	0.01324	0.00879	0.00722	0.00220	0.00992	0.00626	0.03672	0.01135
115	0.05577	0.13201	0.55979	0.02076	0.03146	0.02013	0.02611	0.02484	0.01649	0.02478	0.01363	0.01600	0.00999	0.00742	0.00707	0.00240	0.01100	0.00556	0.00343	0.01135
116	0.70703	0.01519	0.01256	0.04615	0.01756	0.01752	0.00941	0.02380	0.01400	0.06170	0.01205	0.01390	0.00915	0.00749	0.00519	0.00246	0.00639	0.00459	0.00504	0.00881
117	0.02093	0.69155	0.07375	0.01402	0.02106	0.03072	0.01436	0.02381	0.01614	0.01898	0.01119	0.01292	0.01017	0.00682	0.00521	0.00174	0.00864	0.00432	0.00339	0.01025
118	0.08412	0.00951	0.01116	0.01012	0.01307	0.00882	0.00781	0.01817	0.02058	0.12037	0.37300	0.05469	0.20784	0.01546	0.00876	0.00253	0.00445	0.01312	0.00820	0.00823
119	0.02120	0.72609	0.04155	0.01357	0.02035	0.03138	0.01357	0.02374	0.01611	0.01866	0.01102	0.01272	0.01018	0.00678	0.00509	0.00170	0.00848	0.00424	0.00339	0.01018
120	0.01479	0.00766	0.00805	0.03538	0.01107	0.00780	0.00621	0.01855	0.01660	0.02919	0.02539	0.02922	0.01993	0.00919	0.00564	0.00188	0.00397	0.00738	0.73465	0.00745
121	0.01958	0.01890	0.03239	0.04665	0.61461	0.01894	0.05562	0.02507	0.04255	0.02616	0.01564	0.02010	0.01298	0.00719	0.00794	0.00238	0.00950	0.00726	0.00409	0.01246
122	0.02026	0.01730	0.01823	0.01625	0.02082	0.01997	0.01268	0.07315	0.62563	0.03404	0.03159	0.02904	0.02366	0.01069	0.00806	0.00267	0.00640	0.00887	0.00806	0.01260
123	0.01872	0.02139	0.04679	0.03342	0.04144	0.02005	0.64305	0.02540	0.01872	0.02540	0.01604	0.02139	0.01203	0.00668	0.00936	0.00267	0.01337	0.00936	0.00401	0.01070

[dist]
# distance from previous block
# <min> <max>
0	0

# created by:
# /st0/software/busco_prod/Augustus/scripts/msa2prfl.pl ./align_prep/119168.fa
