[name]
unknown

[dist]
# distance from previous block
# <min> <max>
0	0

[block]
# block no. 0 follows, 25 sequences, length 28
# corresponding to MSA columns:
# 0-27
name=unknown_A
#
# <colnr> <probs for GDERKNQSTAVLIFYWHMCP>
#	G	D	E	R	K	N	Q	S	T	A	V	L	I	F	Y	W	H	M	C	P
0	0.01249	0.00892	0.01249	0.01428	0.01606	0.00892	0.01249	0.01606	0.01785	0.02320	0.04105	0.08746	0.04462	0.02142	0.01071	0.00357	0.00714	0.62695	0.00714	0.00714
1	0.01760	0.01471	0.01630	0.01367	0.01850	0.01501	0.01071	0.06527	0.33529	0.03103	0.12701	0.02910	0.02726	0.00987	0.00744	0.00214	0.00576	0.00825	0.00700	0.23807
2	0.01089	0.00792	0.01025	0.00967	0.01153	0.00728	0.00725	0.01448	0.02176	0.03064	0.64843	0.05866	0.10006	0.01602	0.00915	0.00245	0.00367	0.01413	0.00848	0.00728
3	0.01445	0.00723	0.00723	0.00723	0.00903	0.00723	0.00542	0.01807	0.01626	0.02891	0.02529	0.02891	0.01987	0.00903	0.00542	0.00181	0.00361	0.00723	0.77055	0.00723
4	0.02728	0.03147	0.02474	0.02092	0.02547	0.46964	0.08009	0.14016	0.02360	0.02487	0.01344	0.01568	0.01075	0.00839	0.00839	0.00220	0.05256	0.00587	0.00462	0.00986
5	0.01126	0.00757	0.00872	0.00872	0.00882	0.00766	0.00503	0.01145	0.01135	0.01523	0.02419	0.04939	0.02760	0.68286	0.08331	0.00785	0.00840	0.01108	0.00466	0.00485
6	0.01145	0.00749	0.00876	0.00876	0.00881	0.00754	0.00507	0.01129	0.01123	0.01503	0.02338	0.04767	0.02662	0.64238	0.06596	0.07054	0.00800	0.01078	0.00457	0.00468
7	0.00985	0.00705	0.00942	0.01097	0.01168	0.00662	0.00764	0.01162	0.01582	0.02123	0.10726	0.60248	0.05297	0.02319	0.00989	0.00311	0.00463	0.07077	0.00733	0.00647
8	0.01812	0.02220	0.08855	0.03197	0.04006	0.01950	0.60947	0.02482	0.01817	0.02482	0.01557	0.02061	0.01164	0.00659	0.00903	0.00260	0.01296	0.00892	0.00388	0.01052
9	0.78228	0.01499	0.01140	0.01020	0.01499	0.01739	0.00840	0.02279	0.01320	0.03479	0.01080	0.01260	0.00840	0.00720	0.00480	0.00240	0.00600	0.00420	0.00480	0.00840
10	0.01464	0.01378	0.02326	0.70887	0.05340	0.01723	0.02153	0.01981	0.01550	0.01981	0.01378	0.02067	0.01034	0.00775	0.00775	0.00258	0.01034	0.00689	0.00345	0.00861
11	0.01445	0.00723	0.00723	0.00723	0.00903	0.00723	0.00542	0.01807	0.01626	0.02891	0.02529	0.02891	0.01987	0.00903	0.00542	0.00181	0.00361	0.00723	0.77055	0.00723
12	0.01511	0.01426	0.02410	0.64125	0.11739	0.01735	0.02176	0.02022	0.01572	0.02038	0.01386	0.02052	0.01053	0.00767	0.00774	0.00256	0.01022	0.00689	0.00349	0.00899
13	0.01110	0.00823	0.01205	0.01205	0.01329	0.00947	0.00918	0.01358	0.01234	0.01770	0.02114	0.03253	0.02028	0.12660	0.62956	0.01196	0.01941	0.00861	0.00421	0.00670
14	0.78228	0.01499	0.01140	0.01020	0.01499	0.01739	0.00840	0.02279	0.01320	0.03479	0.01080	0.01260	0.00840	0.00720	0.00480	0.00240	0.00600	0.00420	0.00480	0.00840
15	0.01834	0.41315	0.33874	0.01734	0.02620	0.02484	0.02036	0.02383	0.01604	0.02115	0.01222	0.01425	0.00989	0.00697	0.00608	0.00203	0.00975	0.00488	0.00330	0.01065
16	0.01860	0.01786	0.03037	0.12758	0.54904	0.01836	0.04627	0.02410	0.04579	0.02494	0.01527	0.01986	0.01252	0.00716	0.00775	0.00236	0.00936	0.00707	0.00397	0.01176
17	0.01445	0.00723	0.00723	0.00723	0.00903	0.00723	0.00542	0.01807	0.01626	0.02891	0.02529	0.02891	0.01987	0.00903	0.00542	0.00181	0.00361	0.00723	0.77055	0.00723
18	0.01347	0.00673	0.01010	0.01010	0.01010	0.00673	0.00673	0.01010	0.01010	0.01347	0.01347	0.02357	0.01347	0.02694	0.03030	0.77441	0.00673	0.00673	0.00337	0.00337
19	0.02896	0.03695	0.02197	0.01998	0.02397	0.69638	0.01498	0.03096	0.02197	0.01898	0.01199	0.01398	0.00999	0.00799	0.00699	0.00200	0.01398	0.00499	0.00400	0.00899
20	0.01555	0.04011	0.68733	0.02210	0.03356	0.01801	0.02865	0.02455	0.01637	0.02455	0.01391	0.01637	0.00982	0.00737	0.00737	0.00246	0.01146	0.00573	0.00327	0.01146
21	0.01696	0.01696	0.02375	0.02036	0.02036	0.02375	0.01696	0.01866	0.01187	0.01866	0.01018	0.01696	0.01018	0.01357	0.02545	0.00339	0.71332	0.00679	0.00339	0.00848
22	0.01641	0.01408	0.01623	0.01192	0.01856	0.01125	0.00950	0.02174	0.08245	0.02600	0.01560	0.01739	0.01273	0.00623	0.00596	0.00130	0.00578	0.00502	0.00493	0.69692
23	0.04387	0.01509	0.02452	0.53907	0.07544	0.01791	0.06460	0.05595	0.04532	0.02309	0.01489	0.02058	0.01119	0.00782	0.00775	0.00256	0.01004	0.00704	0.00397	0.00931
24	0.57390	0.04789	0.10727	0.05040	0.02021	0.01827	0.01236	0.04744	0.01477	0.03243	0.01169	0.01379	0.00895	0.00731	0.00544	0.00238	0.00718	0.00466	0.00457	0.00908
25	0.68366	0.05600	0.06330	0.01125	0.01664	0.01816	0.01017	0.02295	0.01357	0.03312	0.01103	0.01287	0.00859	0.00718	0.00500	0.00236	0.00653	0.00431	0.00460	0.00871
26	0.33772	0.01978	0.01738	0.11915	0.02402	0.14405	0.01277	0.14480	0.02015	0.03209	0.05063	0.01780	0.01358	0.00833	0.00647	0.00234	0.00849	0.00585	0.00523	0.00940
27	0.28981	0.01544	0.05566	0.32176	0.03352	0.01635	0.01567	0.02290	0.01568	0.09770	0.03769	0.01948	0.01277	0.00802	0.00673	0.00249	0.00822	0.00621	0.00476	0.00915

[dist]
# distance from previous block
# <min> <max>
5	37

[block]
# block no. 1 follows, 25 sequences, length 14
# corresponding to MSA columns:
# 72-85
name=unknown_B
#
# <colnr> <probs for GDERKNQSTAVLIFYWHMCP>
#	G	D	E	R	K	N	Q	S	T	A	V	L	I	F	Y	W	H	M	C	P
0	0.59758	0.01604	0.03703	0.07774	0.02003	0.01754	0.01086	0.05080	0.03755	0.05617	0.01294	0.01480	0.00975	0.00755	0.00551	0.00242	0.00674	0.00491	0.00502	0.00903
1	0.71685	0.01558	0.01243	0.01086	0.01578	0.01797	0.00895	0.07759	0.01522	0.03601	0.01148	0.01312	0.00881	0.00738	0.00506	0.00239	0.00622	0.00444	0.00506	0.00881
2	0.73139	0.01487	0.01185	0.01044	0.01532	0.01699	0.00860	0.02381	0.01381	0.07902	0.01214	0.01353	0.00913	0.00736	0.00500	0.00240	0.00604	0.00444	0.00512	0.00872
3	0.01240	0.00853	0.00997	0.00963	0.01022	0.00888	0.00606	0.05222	0.01304	0.01760	0.02353	0.04576	0.02596	0.58492	0.13292	0.00791	0.00951	0.01057	0.00481	0.00556
4	0.64576	0.01473	0.01270	0.06258	0.01801	0.01701	0.00957	0.04763	0.01486	0.03401	0.05331	0.01631	0.01283	0.00787	0.00541	0.00241	0.00628	0.00513	0.00505	0.00854
5	0.02896	0.03695	0.02197	0.01998	0.02397	0.69638	0.01498	0.03096	0.02197	0.01898	0.01199	0.01398	0.00999	0.00799	0.00699	0.00200	0.01398	0.00499	0.00400	0.00899
6	0.01528	0.01443	0.02441	0.61594	0.14134	0.01739	0.02185	0.02037	0.01581	0.02059	0.01389	0.02046	0.01061	0.00763	0.00774	0.00254	0.01018	0.00689	0.00350	0.00913
7	0.01097	0.00793	0.01036	0.00975	0.01158	0.00732	0.00732	0.01463	0.02195	0.03109	0.67505	0.05792	0.07316	0.01585	0.00914	0.00244	0.00366	0.01402	0.00854	0.00732
8	0.01347	0.00673	0.01010	0.01010	0.01010	0.00673	0.00673	0.01010	0.01010	0.01347	0.01347	0.02357	0.01347	0.02694	0.03030	0.77441	0.00673	0.00673	0.00337	0.00337
9	0.01080	0.00792	0.01013	0.00957	0.01148	0.00724	0.00718	0.01430	0.02154	0.03013	0.61829	0.05951	0.13052	0.01621	0.00915	0.00246	0.00368	0.01425	0.00841	0.00724
10	0.02819	0.03567	0.02209	0.02000	0.02374	0.65324	0.01511	0.03017	0.02132	0.01896	0.01187	0.01417	0.01000	0.00835	0.00817	0.00209	0.05884	0.00511	0.00396	0.00896
11	0.01608	0.01378	0.01608	0.01148	0.01837	0.01034	0.00919	0.01952	0.01608	0.02527	0.01378	0.01608	0.01148	0.00574	0.00574	0.00115	0.00574	0.00459	0.00459	0.77491
12	0.02786	0.04886	0.02661	0.01970	0.02593	0.08615	0.10333	0.44685	0.03094	0.07959	0.01801	0.01874	0.01293	0.00872	0.00778	0.00232	0.00955	0.00704	0.00681	0.01229
13	0.01908	0.02061	0.04261	0.06702	0.03977	0.01987	0.56252	0.07919	0.01973	0.02666	0.01584	0.02070	0.01181	0.00684	0.00896	0.00259	0.01253	0.00884	0.00423	0.01060

[dist]
# distance from previous block
# <min> <max>
14	52

[block]
# block no. 2 follows, 25 sequences, length 10
# corresponding to MSA columns:
# 144-153
name=unknown_C
#
# <colnr> <probs for GDERKNQSTAVLIFYWHMCP>
#	G	D	E	R	K	N	Q	S	T	A	V	L	I	F	Y	W	H	M	C	P
0	0.14547	0.24401	0.12793	0.13894	0.02827	0.04641	0.03466	0.08737	0.01796	0.04457	0.01334	0.01585	0.01039	0.00744	0.00636	0.00219	0.00907	0.00545	0.00425	0.01009
1	0.07957	0.22025	0.02680	0.01690	0.02224	0.24112	0.05464	0.03011	0.10896	0.10428	0.01683	0.01752	0.01302	0.00801	0.00664	0.00211	0.00978	0.00584	0.00509	0.01028
2	0.12026	0.03835	0.01369	0.09660	0.01824	0.01176	0.00967	0.01861	0.06444	0.04344	0.26764	0.08068	0.10209	0.05131	0.00966	0.00273	0.00557	0.01116	0.00666	0.02745
3	0.07389	0.10597	0.03104	0.09262	0.47647	0.01981	0.04465	0.02337	0.01695	0.02468	0.01382	0.01806	0.01154	0.00695	0.00720	0.00226	0.00910	0.00645	0.00381	0.01136
4	0.02939	0.11882	0.02456	0.01634	0.02256	0.02228	0.01382	0.43468	0.03054	0.17977	0.02007	0.01941	0.01401	0.00900	0.00738	0.00225	0.00809	0.00676	0.00753	0.01274
5	0.02821	0.02131	0.02428	0.02151	0.10487	0.02335	0.01585	0.57562	0.03414	0.04596	0.01812	0.01869	0.01307	0.00901	0.00775	0.00232	0.00862	0.00697	0.00727	0.01307
6	0.06024	0.15239	0.21731	0.01852	0.02563	0.21163	0.01827	0.15881	0.02192	0.02754	0.01368	0.01532	0.01053	0.00782	0.00681	0.00216	0.01074	0.00544	0.00450	0.01073
7	0.01126	0.00757	0.00871	0.00871	0.00880	0.00766	0.00502	0.01144	0.01135	0.01522	0.02420	0.04945	0.02763	0.68492	0.08128	0.00783	0.00836	0.01109	0.00466	0.00484
8	0.15657	0.01997	0.02074	0.01627	0.02214	0.02216	0.01340	0.48927	0.06548	0.07105	0.01846	0.01846	0.01318	0.00903	0.00726	0.00236	0.00790	0.00664	0.00734	0.01233
9	0.01123	0.00757	0.00872	0.00864	0.00889	0.00749	0.00506	0.01174	0.01276	0.01727	0.11502	0.05174	0.03445	0.62842	0.03524	0.00681	0.00698	0.01166	0.00523	0.00506

[dist]
# distance from previous block
# <min> <max>
0	7

[block]
# block no. 3 follows, 25 sequences, length 10
# corresponding to MSA columns:
# 161-170
name=unknown_D
#
# <colnr> <probs for GDERKNQSTAVLIFYWHMCP>
#	G	D	E	R	K	N	Q	S	T	A	V	L	I	F	Y	W	H	M	C	P
0	0.02901	0.03568	0.02208	0.01980	0.02398	0.64001	0.01496	0.08314	0.02319	0.02148	0.01254	0.01437	0.01026	0.00810	0.00706	0.00203	0.01353	0.00516	0.00431	0.00934
1	0.01520	0.01435	0.02426	0.62840	0.12955	0.01737	0.02181	0.02030	0.01577	0.02048	0.01388	0.02049	0.01057	0.00765	0.00774	0.00255	0.01020	0.00689	0.00349	0.00906
2	0.01125	0.00761	0.00894	0.00894	0.00911	0.00778	0.00531	0.01159	0.01142	0.01539	0.02398	0.04827	0.02712	0.64605	0.11945	0.00812	0.00913	0.01091	0.00463	0.00497
3	0.06319	0.02063	0.02212	0.01714	0.02318	0.02270	0.01412	0.55617	0.06435	0.08844	0.01965	0.01934	0.01386	0.00929	0.00763	0.00235	0.00818	0.00699	0.00775	0.01293
4	0.07546	0.01560	0.04370	0.01444	0.02035	0.01417	0.01226	0.13710	0.04650	0.46059	0.05872	0.02556	0.02003	0.00966	0.00767	0.00240	0.00691	0.00771	0.00866	0.01252
5	0.00957	0.00680	0.00896	0.01064	0.01106	0.00638	0.00703	0.01083	0.01460	0.01947	0.04149	0.67674	0.04971	0.07215	0.01191	0.00345	0.00470	0.02131	0.00703	0.00619
6	0.14398	0.18522	0.05159	0.01602	0.02172	0.19968	0.01377	0.17272	0.02236	0.08412	0.01470	0.01563	0.01124	0.00798	0.00646	0.00211	0.00947	0.00540	0.00528	0.01054
7	0.02475	0.01901	0.01942	0.01598	0.02123	0.07626	0.01275	0.23108	0.25532	0.11826	0.04658	0.02404	0.01935	0.00960	0.00763	0.00232	0.00750	0.00760	0.00749	0.07382
8	0.02243	0.01988	0.02715	0.02037	0.02662	0.04759	0.17693	0.26133	0.05254	0.03373	0.01659	0.01880	0.01259	0.00803	0.00864	0.00220	0.04902	0.00699	0.00566	0.18291
9	0.02485	0.02495	0.02546	0.08400	0.07041	0.23860	0.09163	0.22624	0.02480	0.03022	0.01502	0.01740	0.01152	0.00796	0.00750	0.00218	0.01081	0.00639	0.00518	0.07490

[dist]
# distance from previous block
# <min> <max>
3	25

[block]
# block no. 4 follows, 25 sequences, length 102
# corresponding to MSA columns:
# 197-298
name=unknown_E
#
# <colnr> <probs for GDERKNQSTAVLIFYWHMCP>
#	G	D	E	R	K	N	Q	S	T	A	V	L	I	F	Y	W	H	M	C	P
0	0.01784	0.29414	0.37245	0.02096	0.06815	0.02282	0.05697	0.02403	0.01633	0.02228	0.01289	0.01534	0.01013	0.00702	0.00660	0.00216	0.01024	0.00540	0.00336	0.01089
1	0.02036	0.55513	0.12839	0.01591	0.02325	0.02791	0.05424	0.05825	0.01714	0.02119	0.01194	0.01383	0.01022	0.00688	0.00571	0.00186	0.00903	0.00482	0.00359	0.01037
2	0.02202	0.33894	0.04942	0.01551	0.02099	0.19993	0.01356	0.05444	0.08606	0.02197	0.01582	0.05834	0.01413	0.00856	0.00635	0.00197	0.00929	0.00614	0.00448	0.05210
3	0.01999	0.36559	0.18240	0.01641	0.02326	0.06316	0.01689	0.07486	0.05378	0.02356	0.04284	0.01711	0.01376	0.00811	0.00735	0.00210	0.04860	0.00563	0.00419	0.01043
4	0.01835	0.05679	0.02999	0.09607	0.47868	0.01844	0.05500	0.02391	0.05400	0.02520	0.05549	0.02194	0.01630	0.00769	0.00771	0.00233	0.00895	0.00741	0.00429	0.01145
5	0.01815	0.05720	0.02588	0.02895	0.27770	0.08047	0.07192	0.02273	0.05345	0.02347	0.02256	0.06226	0.07412	0.01013	0.00975	0.00245	0.08903	0.00854	0.05112	0.01011
6	0.00976	0.00683	0.00899	0.01058	0.01117	0.00640	0.00712	0.01133	0.01530	0.02082	0.07682	0.65471	0.05108	0.02314	0.00965	0.00305	0.00441	0.02094	0.04149	0.00640
7	0.01613	0.11711	0.61538	0.02112	0.03204	0.01942	0.02694	0.02441	0.01630	0.02385	0.01357	0.01593	0.00984	0.00728	0.00710	0.00237	0.01111	0.00555	0.00328	0.01129
8	0.01565	0.01358	0.01412	0.01325	0.01658	0.04384	0.01034	0.02784	0.33600	0.02842	0.14827	0.04805	0.16131	0.01420	0.00860	0.00266	0.00574	0.07428	0.00761	0.00965
9	0.00933	0.00786	0.00808	0.00802	0.01057	0.00661	0.00602	0.01144	0.01805	0.02185	0.13179	0.07313	0.62219	0.01930	0.00916	0.00260	0.00390	0.01615	0.00732	0.00661
10	0.01805	0.02012	0.04236	0.07391	0.07461	0.01964	0.54270	0.02412	0.01773	0.02421	0.01520	0.02058	0.01162	0.00703	0.00992	0.00264	0.05263	0.00876	0.00386	0.01033
11	0.01947	0.01770	0.02311	0.09496	0.27031	0.08562	0.01798	0.07288	0.08656	0.04330	0.02255	0.03498	0.02041	0.01092	0.00831	0.00262	0.00891	0.14343	0.00541	0.01055
12	0.02044	0.69334	0.07692	0.01376	0.02067	0.02997	0.01413	0.02329	0.01579	0.01860	0.01096	0.01266	0.00994	0.00667	0.00511	0.00170	0.00847	0.00423	0.00331	0.01003
13	0.01225	0.00885	0.01216	0.01381	0.01566	0.00875	0.01201	0.01571	0.01784	0.02304	0.04378	0.08653	0.09055	0.02129	0.01060	0.00350	0.00691	0.58254	0.00714	0.00710
14	0.04090	0.21118	0.46945	0.02089	0.06418	0.02118	0.02391	0.02412	0.01619	0.02334	0.01307	0.01542	0.00994	0.00715	0.00671	0.00225	0.01038	0.00535	0.00336	0.01103
15	0.01713	0.01085	0.01271	0.01106	0.01453	0.01029	0.00866	0.09001	0.05666	0.14666	0.25310	0.05193	0.25549	0.01498	0.00869	0.00249	0.00495	0.01263	0.00816	0.00903
16	0.01325	0.00673	0.01004	0.01014	0.01016	0.00671	0.00676	0.01014	0.01036	0.01381	0.01504	0.06104	0.01550	0.02679	0.02921	0.73306	0.00661	0.00755	0.00357	0.00352
17	0.01694	0.03516	0.53218	0.02380	0.03431	0.01803	0.14950	0.02520	0.01701	0.05396	0.01500	0.01770	0.01062	0.00730	0.00773	0.00248	0.01156	0.00649	0.00368	0.01134
18	0.02663	0.02189	0.02206	0.01861	0.04627	0.08890	0.01449	0.42387	0.18422	0.04117	0.02091	0.02064	0.01534	0.00938	0.00771	0.00237	0.00852	0.00721	0.00728	0.01252
19	0.02947	0.02172	0.02327	0.01784	0.02404	0.02404	0.01474	0.65329	0.03646	0.04887	0.01862	0.01862	0.01319	0.00931	0.00776	0.00233	0.00853	0.00698	0.00776	0.01319
20	0.70718	0.01514	0.01283	0.03150	0.03696	0.01767	0.00958	0.02258	0.01335	0.03345	0.01097	0.01320	0.00864	0.00745	0.00577	0.00244	0.03362	0.00446	0.00468	0.00853
21	0.01830	0.02092	0.04575	0.03268	0.04052	0.01961	0.65098	0.02484	0.01830	0.02484	0.01569	0.02092	0.01176	0.00654	0.00915	0.00261	0.01307	0.00915	0.00392	0.01046
22	0.01347	0.00673	0.01010	0.01010	0.01010	0.00673	0.00673	0.01010	0.01010	0.01347	0.01347	0.02357	0.01347	0.02694	0.03030	0.77441	0.00673	0.00673	0.00337	0.00337
23	0.27474	0.01166	0.01210	0.03921	0.01587	0.01172	0.00862	0.01968	0.01567	0.08054	0.04833	0.15167	0.06174	0.01155	0.00673	0.00230	0.00547	0.00932	0.07829	0.13478
24	0.01105	0.00742	0.00852	0.00875	0.00881	0.00736	0.00501	0.01122	0.01173	0.01563	0.02674	0.13535	0.03110	0.63893	0.03574	0.00697	0.00714	0.01263	0.00501	0.00490
25	0.02947	0.02172	0.02327	0.01784	0.02404	0.02404	0.01474	0.65329	0.03646	0.04887	0.01862	0.01862	0.01319	0.00931	0.00776	0.00233	0.00853	0.00698	0.00776	0.01319
26	0.01467	0.00765	0.00769	0.00761	0.00953	0.00777	0.00573	0.01910	0.04534	0.02907	0.02557	0.02891	0.02004	0.00910	0.00553	0.00184	0.00373	0.00730	0.73637	0.00745
27	0.01108	0.00831	0.01246	0.01246	0.01385	0.00969	0.00969	0.01385	0.01246	0.01800	0.02077	0.03046	0.01938	0.05815	0.69678	0.01246	0.02077	0.00831	0.00415	0.00692
28	0.02825	0.02009	0.02179	0.01690	0.02269	0.02208	0.01391	0.56953	0.03390	0.07468	0.01958	0.01993	0.01403	0.01103	0.03200	0.00266	0.00862	0.00708	0.04861	0.01265
29	0.05030	0.01487	0.01465	0.01296	0.01615	0.10692	0.01010	0.07630	0.05562	0.10071	0.23134	0.03789	0.09449	0.01508	0.04776	0.00296	0.03887	0.00994	0.05413	0.00897
30	0.01639	0.01087	0.01435	0.01299	0.01548	0.01071	0.04327	0.11784	0.01967	0.09942	0.10989	0.32139	0.03893	0.11555	0.01328	0.00342	0.00616	0.01489	0.00719	0.00829
31	0.01934	0.01902	0.02969	0.07170	0.53000	0.05604	0.04412	0.02450	0.04282	0.02498	0.01506	0.01923	0.01245	0.00707	0.00759	0.00226	0.00936	0.00682	0.00403	0.05393
32	0.06797	0.04465	0.01927	0.05541	0.06896	0.04522	0.01278	0.03270	0.14380	0.32843	0.05501	0.05017	0.02120	0.00995	0.00762	0.00243	0.00707	0.00817	0.00760	0.01160
33	0.02234	0.01906	0.02181	0.01842	0.05835	0.06873	0.04903	0.27506	0.04800	0.03371	0.01850	0.07428	0.01566	0.00952	0.00841	0.00216	0.04593	0.00763	0.00600	0.19739
34	0.00932	0.00749	0.00832	0.00889	0.01077	0.00649	0.00637	0.01114	0.01690	0.02093	0.08787	0.28682	0.44948	0.02103	0.00940	0.00279	0.00411	0.01815	0.00725	0.00649
35	0.02822	0.02102	0.02258	0.01738	0.02353	0.02303	0.01430	0.58761	0.06563	0.04673	0.01896	0.01897	0.01359	0.00916	0.00765	0.00227	0.00826	0.00693	0.00758	0.05658
36	0.78228	0.01499	0.01140	0.01020	0.01499	0.01739	0.00840	0.02279	0.01320	0.03479	0.01080	0.01260	0.00840	0.00720	0.00480	0.00240	0.00600	0.00420	0.00480	0.00840
37	0.01128	0.00752	0.00846	0.00846	0.00846	0.00752	0.00470	0.01128	0.01128	0.01503	0.02443	0.05074	0.02819	0.72751	0.03946	0.00752	0.00752	0.01128	0.00470	0.00470
38	0.01809	0.01482	0.01630	0.01406	0.01849	0.01570	0.01110	0.11053	0.32995	0.03219	0.11718	0.03493	0.06475	0.01139	0.00792	0.00238	0.00598	0.03886	0.00738	0.12801
39	0.01824	0.39907	0.35190	0.01752	0.02647	0.02458	0.02067	0.02386	0.01605	0.02128	0.01229	0.01433	0.00989	0.00699	0.00613	0.00204	0.00982	0.00491	0.00330	0.01068
40	0.00999	0.00744	0.00984	0.01102	0.01169	0.00737	0.00763	0.01156	0.01504	0.02020	0.07658	0.55700	0.08620	0.04443	0.05049	0.00374	0.03695	0.01950	0.00686	0.00646
41	0.02809	0.02038	0.02179	0.01686	0.02266	0.02249	0.01388	0.59471	0.03459	0.04703	0.01923	0.01956	0.01380	0.00928	0.00754	0.00228	0.00808	0.00700	0.07809	0.01264
42	0.01612	0.01392	0.01642	0.01187	0.01846	0.01093	0.00953	0.01949	0.01589	0.02497	0.01362	0.01612	0.01143	0.00609	0.00661	0.00125	0.03689	0.00469	0.00454	0.74117
43	0.01583	0.07744	0.65244	0.02162	0.03282	0.01869	0.02782	0.02448	0.01634	0.02421	0.01375	0.01616	0.00983	0.00733	0.00724	0.00241	0.01129	0.00564	0.00328	0.01138
44	0.01555	0.04011	0.68733	0.02210	0.03356	0.01801	0.02865	0.02455	0.01637	0.02455	0.01391	0.01637	0.00982	0.00737	0.00737	0.00246	0.01146	0.00573	0.00327	0.01146
45	0.00943	0.00680	0.00895	0.01067	0.01121	0.00631	0.00714	0.01081	0.01497	0.01984	0.04433	0.69364	0.07906	0.02408	0.00986	0.00313	0.00447	0.02179	0.00720	0.00631
46	0.01464	0.01378	0.02326	0.70887	0.05340	0.01723	0.02153	0.01981	0.01550	0.01981	0.01378	0.02067	0.01034	0.00775	0.00775	0.00258	0.01034	0.00689	0.00345	0.00861
47	0.00988	0.00706	0.00949	0.01129	0.01193	0.00667	0.00795	0.01154	0.01527	0.02027	0.04250	0.63279	0.05034	0.02389	0.01001	0.00321	0.00487	0.10745	0.00719	0.00642
48	0.01555	0.04011	0.68733	0.02210	0.03356	0.01801	0.02865	0.02455	0.01637	0.02455	0.01391	0.01637	0.00982	0.00737	0.00737	0.00246	0.01146	0.00573	0.00327	0.01146
49	0.01108	0.00827	0.01230	0.01230	0.01362	0.00960	0.00949	0.01374	0.01241	0.01788	0.02092	0.03130	0.01975	0.08578	0.66965	0.01226	0.02022	0.00843	0.00418	0.00683
50	0.01181	0.00949	0.01285	0.01277	0.01426	0.03804	0.00991	0.01455	0.01285	0.01804	0.02041	0.02978	0.01900	0.05608	0.66831	0.01203	0.02049	0.00817	0.00415	0.00701
51	0.02570	0.02229	0.02218	0.02079	0.09550	0.13921	0.01498	0.28307	0.20185	0.06281	0.02101	0.02099	0.01562	0.00915	0.00765	0.00235	0.00883	0.00714	0.00678	0.01210
52	0.14446	0.01628	0.01726	0.01537	0.04228	0.01804	0.01179	0.17530	0.26710	0.09120	0.02389	0.02339	0.01762	0.00934	0.00708	0.00240	0.00653	0.00731	0.09200	0.01138
53	0.01601	0.01492	0.02477	0.56241	0.16782	0.01769	0.02171	0.04296	0.01664	0.02186	0.01410	0.02033	0.01080	0.00765	0.00774	0.00252	0.01006	0.00690	0.00367	0.00945
54	0.02924	0.01849	0.15417	0.01524	0.02221	0.01254	0.01467	0.03351	0.02079	0.50049	0.05322	0.02530	0.01925	0.00927	0.00770	0.00237	0.00744	0.00752	0.00809	0.03848
55	0.07419	0.02078	0.02194	0.01716	0.02309	0.02314	0.01409	0.55050	0.10123	0.04628	0.01950	0.01934	0.01400	0.00931	0.00759	0.00236	0.00813	0.00700	0.00759	0.01280
56	0.78228	0.01499	0.01140	0.01020	0.01499	0.01739	0.00840	0.02279	0.01320	0.03479	0.01080	0.01260	0.00840	0.00720	0.00480	0.00240	0.00600	0.00420	0.00480	0.00840
57	0.02289	0.48433	0.07328	0.01566	0.02192	0.19113	0.01467	0.05917	0.01842	0.02044	0.01168	0.01338	0.01013	0.00715	0.00576	0.00182	0.00987	0.00460	0.00372	0.00998
58	0.00950	0.00687	0.00900	0.01058	0.01122	0.00636	0.00713	0.01100	0.01535	0.02040	0.07526	0.65403	0.08739	0.02362	0.00982	0.00308	0.00443	0.02134	0.00726	0.00636
59	0.01830	0.02092	0.04575	0.03268	0.04052	0.01961	0.65098	0.02484	0.01830	0.02484	0.01569	0.02092	0.01176	0.00654	0.00915	0.00261	0.01307	0.00915	0.00392	0.01046
60	0.21057	0.02040	0.01840	0.01531	0.02054	0.11712	0.01226	0.22366	0.14645	0.07172	0.01860	0.01873	0.01379	0.00865	0.00684	0.00229	0.00798	0.00627	0.00644	0.05398
61	0.01108	0.00831	0.01246	0.01246	0.01385	0.00969	0.00969	0.01385	0.01246	0.01800	0.02077	0.03046	0.01938	0.05815	0.69678	0.01246	0.02077	0.00831	0.00415	0.00692
62	0.07891	0.00945	0.01163	0.01126	0.01398	0.00891	0.00888	0.01864	0.01867	0.14606	0.18713	0.16687	0.14155	0.01701	0.00896	0.00278	0.00522	0.12820	0.00773	0.00816
63	0.02855	0.06219	0.02269	0.04018	0.02448	0.54606	0.01489	0.09098	0.02293	0.05777	0.01364	0.01524	0.01080	0.00814	0.00705	0.00205	0.01271	0.00536	0.00462	0.00965
64	0.39307	0.01739	0.01672	0.01358	0.01894	0.01936	0.01118	0.28287	0.02370	0.08688	0.03800	0.01760	0.01334	0.00853	0.00638	0.00237	0.00700	0.00593	0.00648	0.01067
65	0.01116	0.00831	0.01043	0.00983	0.01185	0.00777	0.00739	0.01546	0.05012	0.03012	0.58585	0.05833	0.13218	0.01600	0.00909	0.00247	0.00380	0.01403	0.00837	0.00746
66	0.02435	0.02885	0.02994	0.02395	0.02942	0.37018	0.23759	0.05388	0.08109	0.02344	0.01536	0.01798	0.01201	0.00777	0.00786	0.00229	0.01272	0.00688	0.00448	0.00997
67	0.01783	0.02016	0.04378	0.03151	0.03895	0.01889	0.61646	0.02408	0.01812	0.02457	0.01714	0.05853	0.01388	0.00749	0.00919	0.00264	0.01261	0.00984	0.00410	0.01023
68	0.00953	0.00678	0.00897	0.01068	0.01111	0.00636	0.00708	0.01082	0.01467	0.01956	0.04185	0.69003	0.05017	0.05823	0.01132	0.00336	0.00464	0.02152	0.00708	0.00622
69	0.01579	0.00853	0.01118	0.01106	0.01306	0.00773	0.00794	0.01769	0.01717	0.17974	0.10169	0.40080	0.07950	0.07584	0.01164	0.00322	0.00513	0.01667	0.00770	0.00793
70	0.02828	0.06844	0.02331	0.01858	0.02360	0.36694	0.01467	0.27386	0.05611	0.03120	0.01538	0.01638	0.01185	0.00854	0.00722	0.00214	0.01119	0.00589	0.00560	0.01083
71	0.01863	0.02140	0.04503	0.03229	0.04002	0.04026	0.63157	0.02502	0.01841	0.02466	0.01557	0.02070	0.01171	0.00658	0.00908	0.00260	0.01310	0.00902	0.00392	0.01041
72	0.04731	0.00710	0.01016	0.01011	0.01032	0.00720	0.00681	0.01066	0.01024	0.01441	0.01335	0.02309	0.01324	0.02607	0.02918	0.74043	0.00670	0.00662	0.00343	0.00359
73	0.01657	0.01524	0.02499	0.46350	0.21815	0.01755	0.02138	0.05489	0.01731	0.02301	0.01546	0.02310	0.01252	0.00821	0.00786	0.00254	0.00980	0.03419	0.00395	0.00978
74	0.02937	0.02473	0.02301	0.01826	0.02403	0.15681	0.01479	0.53039	0.03360	0.04296	0.01731	0.01770	0.01255	0.00905	0.00761	0.00226	0.00961	0.00659	0.00701	0.01236
75	0.01464	0.01378	0.02326	0.70887	0.05340	0.01723	0.02153	0.01981	0.01550	0.01981	0.01378	0.02067	0.01034	0.00775	0.00775	0.00258	0.01034	0.00689	0.00345	0.00861
76	0.01069	0.00775	0.01008	0.00984	0.01150	0.00714	0.00725	0.01396	0.02078	0.02911	0.56316	0.15392	0.09135	0.01720	0.00925	0.00255	0.00379	0.01526	0.00830	0.00714
77	0.01776	0.02005	0.04352	0.03135	0.03874	0.01880	0.61183	0.02398	0.01809	0.02453	0.01733	0.06358	0.01417	0.00762	0.00920	0.00265	0.01255	0.00993	0.00412	0.01020
78	0.01555	0.04011	0.68733	0.02210	0.03356	0.01801	0.02865	0.02455	0.01637	0.02455	0.01391	0.01637	0.00982	0.00737	0.00737	0.00246	0.01146	0.00573	0.00327	0.01146
79	0.00945	0.00675	0.00900	0.01080	0.01125	0.00630	0.00720	0.01080	0.01484	0.01979	0.04274	0.72245	0.05128	0.02429	0.00990	0.00315	0.00450	0.02204	0.00720	0.00630
80	0.01726	0.01636	0.02772	0.25030	0.44965	0.01740	0.02221	0.02187	0.01684	0.02333	0.01585	0.05736	0.01377	0.00810	0.00782	0.00244	0.00931	0.00771	0.00390	0.01083
81	0.01720	0.01357	0.01342	0.01216	0.01540	0.08792	0.00931	0.04476	0.11871	0.10469	0.21746	0.08329	0.20187	0.01459	0.00855	0.00249	0.00584	0.01224	0.00761	0.00891
82	0.01251	0.00941	0.01413	0.01501	0.01702	0.00928	0.05074	0.01601	0.01754	0.02292	0.03970	0.15388	0.04336	0.02083	0.01052	0.00347	0.00721	0.52225	0.00695	0.00725
83	0.02867	0.02907	0.02307	0.02049	0.05913	0.35611	0.01534	0.31189	0.02829	0.03283	0.01512	0.01636	0.01156	0.00853	0.00737	0.00216	0.01126	0.00599	0.00569	0.01106
84	0.07661	0.01632	0.01831	0.01374	0.02014	0.01535	0.01121	0.22441	0.02321	0.12384	0.01742	0.01806	0.01287	0.00751	0.00660	0.00178	0.00677	0.00577	0.00630	0.37380
85	0.02789	0.05793	0.02106	0.01583	0.02134	0.09809	0.01290	0.26186	0.08353	0.21440	0.06158	0.02307	0.01879	0.00946	0.00755	0.00226	0.00802	0.00732	0.00752	0.03958
86	0.02014	0.01697	0.01790	0.01579	0.02033	0.01946	0.01237	0.10830	0.57747	0.03394	0.03142	0.02905	0.04054	0.01064	0.00791	0.00260	0.00634	0.00878	0.00786	0.01222
87	0.01455	0.01378	0.02370	0.63112	0.05028	0.01674	0.05604	0.01958	0.01562	0.02009	0.01554	0.06071	0.01275	0.00863	0.00795	0.00262	0.01016	0.00788	0.00369	0.00858
88	0.02417	0.01270	0.01560	0.01304	0.01748	0.01223	0.01036	0.08700	0.11469	0.32242	0.11671	0.09201	0.10173	0.01280	0.00830	0.00252	0.00587	0.01075	0.00859	0.01102
89	0.03186	0.01498	0.02083	0.01726	0.05900	0.01393	0.04701	0.10489	0.04640	0.51719	0.02758	0.02491	0.01789	0.00928	0.00786	0.00241	0.00729	0.00776	0.00870	0.01296
90	0.01015	0.00726	0.00974	0.01117	0.01204	0.00686	0.00803	0.01219	0.01639	0.02204	0.13893	0.52314	0.05359	0.02256	0.00991	0.00311	0.00478	0.11412	0.00739	0.00658
91	0.00943	0.00726	0.00863	0.00957	0.01096	0.00646	0.00669	0.01116	0.01639	0.02094	0.09535	0.42598	0.29953	0.02194	0.00956	0.00290	0.00422	0.01931	0.00728	0.00646
92	0.06125	0.01509	0.01860	0.01456	0.02038	0.01462	0.01195	0.14382	0.08979	0.48318	0.02785	0.02477	0.01819	0.00955	0.00768	0.00241	0.00686	0.00762	0.00892	0.01291
93	0.01555	0.04011	0.68733	0.02210	0.03356	0.01801	0.02865	0.02455	0.01637	0.02455	0.01391	0.01637	0.00982	0.00737	0.00737	0.00246	0.01146	0.00573	0.00327	0.01146
94	0.00944	0.00678	0.00896	0.01070	0.01122	0.00631	0.00716	0.01081	0.01494	0.01983	0.04389	0.70157	0.07141	0.02414	0.00987	0.00313	0.00448	0.02186	0.00720	0.00631
95	0.02553	0.08028	0.02500	0.02474	0.15207	0.45781	0.01654	0.02903	0.05133	0.02081	0.01329	0.01573	0.01110	0.00802	0.00774	0.00212	0.03936	0.00556	0.00408	0.00984
96	0.21418	0.06748	0.02060	0.01686	0.02155	0.38619	0.01323	0.12683	0.02176	0.02755	0.01267	0.01429	0.01010	0.00793	0.00646	0.00213	0.01084	0.00506	0.00475	0.00956
97	0.02054	0.01572	0.01930	0.01435	0.02089	0.01403	0.04720	0.13157	0.07271	0.09294	0.01776	0.01881	0.01351	0.00715	0.00665	0.00167	0.00675	0.00591	0.00584	0.46669
98	0.15938	0.05439	0.01942	0.04760	0.02137	0.01699	0.01219	0.19880	0.02381	0.30350	0.05095	0.02230	0.01720	0.00914	0.00718	0.00235	0.00716	0.00699	0.00759	0.01171
99	0.01920	0.01538	0.01860	0.01369	0.02034	0.01329	0.03852	0.11357	0.05643	0.06088	0.01639	0.01789	0.01281	0.00675	0.00641	0.00153	0.00653	0.00553	0.00545	0.55081
100	0.01824	0.01993	0.05636	0.02857	0.07421	0.01782	0.44578	0.04629	0.01842	0.02581	0.01530	0.01964	0.01174	0.00653	0.00829	0.00229	0.01118	0.00794	0.00417	0.16150
101	0.10629	0.01590	0.04700	0.01417	0.01969	0.01500	0.01190	0.10269	0.15761	0.26854	0.06000	0.04191	0.02091	0.00977	0.00742	0.00236	0.00659	0.00784	0.00769	0.07673

[dist]
# distance from previous block
# <min> <max>
60	190

[block]
# block no. 5 follows, 25 sequences, length 15
# corresponding to MSA columns:
# 508-522
name=unknown_F
#
# <colnr> <probs for GDERKNQSTAVLIFYWHMCP>
#	G	D	E	R	K	N	Q	S	T	A	V	L	I	F	Y	W	H	M	C	P
0	0.01962	0.01407	0.01667	0.01231	0.01877	0.01145	0.00988	0.07352	0.01858	0.12239	0.01773	0.04506	0.01428	0.00731	0.00636	0.00150	0.00605	0.00593	0.00568	0.57285
1	0.02752	0.02038	0.02195	0.01722	0.02292	0.02251	0.01407	0.57762	0.06362	0.04596	0.02100	0.07130	0.01649	0.01047	0.00792	0.00240	0.00812	0.00818	0.00772	0.01263
2	0.03363	0.01373	0.01822	0.01393	0.01998	0.01210	0.01149	0.07337	0.02276	0.61702	0.02912	0.02546	0.01849	0.00940	0.00770	0.00234	0.00667	0.00760	0.00926	0.04772
3	0.03115	0.01903	0.02161	0.01656	0.02270	0.02006	0.01368	0.45927	0.03196	0.24924	0.02239	0.02107	0.01508	0.00940	0.00777	0.00235	0.00792	0.00724	0.00834	0.01319
4	0.07648	0.01870	0.01975	0.01625	0.02156	0.02098	0.01309	0.31860	0.30644	0.06848	0.02421	0.02301	0.01766	0.00970	0.00761	0.00247	0.00724	0.00760	0.00769	0.01247
5	0.01128	0.00752	0.00846	0.00846	0.00846	0.00752	0.00470	0.01128	0.01128	0.01503	0.02443	0.05074	0.02819	0.72751	0.03946	0.00752	0.00752	0.01128	0.00470	0.00470
6	0.02848	0.02113	0.02274	0.01737	0.02362	0.02303	0.01433	0.60627	0.03494	0.04711	0.01826	0.01843	0.01306	0.00904	0.00761	0.00224	0.00833	0.00680	0.00752	0.06969
7	0.01128	0.00752	0.00846	0.00846	0.00846	0.00752	0.00470	0.01128	0.01128	0.01503	0.02443	0.05074	0.02819	0.72751	0.03946	0.00752	0.00752	0.01128	0.00470	0.00470
8	0.11935	0.01508	0.01822	0.01577	0.05847	0.04886	0.01200	0.03498	0.04266	0.51333	0.02641	0.02380	0.01720	0.00911	0.00740	0.00238	0.00706	0.00721	0.00835	0.01233
9	0.06039	0.04706	0.01898	0.01402	0.01965	0.01449	0.01156	0.15088	0.02362	0.42485	0.04750	0.05980	0.02027	0.01010	0.00761	0.00234	0.00678	0.00813	0.00841	0.04358
10	0.01890	0.01495	0.01819	0.01335	0.02002	0.01258	0.03638	0.08308	0.05274	0.07265	0.01640	0.01790	0.01282	0.00663	0.00633	0.00148	0.00639	0.00545	0.00538	0.57837
11	0.02401	0.07655	0.01946	0.01458	0.01952	0.06355	0.01178	0.08609	0.23282	0.20821	0.10482	0.02795	0.02499	0.01012	0.00761	0.00233	0.00687	0.00817	0.00763	0.04294
12	0.06060	0.01579	0.01861	0.01628	0.04975	0.01646	0.01243	0.16660	0.20046	0.25632	0.05243	0.05610	0.02185	0.01044	0.00782	0.00248	0.00677	0.00855	0.00811	0.01215
13	0.06339	0.26978	0.06965	0.01608	0.02202	0.17537	0.01433	0.11461	0.07824	0.08440	0.01594	0.01660	0.01236	0.00799	0.00646	0.00207	0.00935	0.00557	0.00512	0.01069
14	0.02141	0.05168	0.02953	0.03568	0.40049	0.08168	0.06133	0.10656	0.08392	0.02811	0.01643	0.01942	0.01317	0.00763	0.00762	0.00230	0.00947	0.00695	0.00473	0.01187

[dist]
# distance from previous block
# <min> <max>
4	16

[block]
# block no. 6 follows, 25 sequences, length 10
# corresponding to MSA columns:
# 539-548
name=unknown_G
#
# <colnr> <probs for GDERKNQSTAVLIFYWHMCP>
#	G	D	E	R	K	N	Q	S	T	A	V	L	I	F	Y	W	H	M	C	P
0	0.02938	0.02145	0.02195	0.01729	0.02313	0.08104	0.01409	0.46288	0.08289	0.13501	0.02075	0.02013	0.01459	0.00933	0.00771	0.00233	0.00855	0.00706	0.00770	0.01275
1	0.02726	0.01220	0.01616	0.01264	0.01791	0.01041	0.01025	0.03045	0.02128	0.45719	0.16027	0.03139	0.02916	0.01033	0.00778	0.00223	0.00587	0.00862	0.00867	0.11993
2	0.03024	0.02050	0.02251	0.01726	0.02343	0.02223	0.01426	0.56498	0.03441	0.14006	0.02033	0.01973	0.01405	0.00935	0.00776	0.00234	0.00825	0.00710	0.00802	0.01319
3	0.53147	0.01808	0.11271	0.01225	0.01803	0.01617	0.01162	0.02467	0.01497	0.11423	0.01455	0.01580	0.01060	0.00763	0.00559	0.00237	0.00675	0.00505	0.04807	0.00939
4	0.01128	0.00752	0.00846	0.00846	0.00846	0.00752	0.00470	0.01128	0.01128	0.01503	0.02443	0.05074	0.02819	0.72751	0.03946	0.00752	0.00752	0.01128	0.00470	0.00470
5	0.02881	0.02261	0.02282	0.01788	0.02380	0.07694	0.01461	0.56671	0.07367	0.04550	0.01888	0.01888	0.01357	0.00928	0.00770	0.00232	0.00882	0.00693	0.00747	0.01280
6	0.01461	0.00832	0.00981	0.00921	0.01006	0.00807	0.00565	0.01503	0.01282	0.10990	0.02530	0.04729	0.02691	0.62578	0.03498	0.00679	0.00739	0.01078	0.00539	0.00590
7	0.02596	0.01842	0.02178	0.01956	0.09775	0.01911	0.01424	0.33251	0.10245	0.13098	0.02067	0.02062	0.01491	0.00871	0.00748	0.00220	0.00766	0.00696	0.00713	0.12092
8	0.02662	0.01914	0.02095	0.01646	0.02211	0.02061	0.01339	0.49001	0.06166	0.07971	0.02168	0.08130	0.01725	0.01045	0.00781	0.00234	0.00776	0.00827	0.00760	0.06488
9	0.21132	0.01519	0.01602	0.01343	0.01861	0.01589	0.01083	0.06918	0.22305	0.14948	0.02301	0.02401	0.01732	0.00912	0.00687	0.00232	0.00631	0.03030	0.00688	0.13086

[dist]
# distance from previous block
# <min> <max>
17	52

[block]
# block no. 7 follows, 25 sequences, length 45
# corresponding to MSA columns:
# 608-652
name=unknown_H
#
# <colnr> <probs for GDERKNQSTAVLIFYWHMCP>
#	G	D	E	R	K	N	Q	S	T	A	V	L	I	F	Y	W	H	M	C	P
0	0.09039	0.05232	0.01819	0.04573	0.02024	0.01467	0.01148	0.07878	0.10717	0.31969	0.10712	0.02754	0.02404	0.00989	0.00749	0.00235	0.00649	0.00799	0.00787	0.04055
1	0.32366	0.01894	0.07042	0.04581	0.05261	0.05491	0.05158	0.09699	0.05345	0.10209	0.04802	0.01934	0.01471	0.00832	0.00667	0.00240	0.00787	0.00632	0.00567	0.01019
2	0.32345	0.01874	0.10091	0.01472	0.02088	0.01673	0.04677	0.10654	0.04364	0.13842	0.04243	0.01910	0.01439	0.00821	0.00656	0.00234	0.00738	0.00617	0.00596	0.05664
3	0.06335	0.01497	0.01905	0.01499	0.02073	0.01435	0.03926	0.11331	0.09751	0.36946	0.02641	0.02673	0.01857	0.00961	0.00766	0.00236	0.00699	0.03740	0.00807	0.08923
4	0.13526	0.04672	0.01906	0.01459	0.01984	0.01802	0.01194	0.26779	0.07702	0.19582	0.05028	0.06940	0.01975	0.01035	0.00744	0.00241	0.00702	0.00812	0.00760	0.01158
5	0.21070	0.37171	0.07851	0.01424	0.02010	0.08398	0.01352	0.02441	0.04295	0.02353	0.01197	0.01385	0.01015	0.00748	0.00651	0.00207	0.04610	0.00469	0.00394	0.00961
6	0.22734	0.01956	0.02129	0.01878	0.07548	0.04984	0.05178	0.32009	0.05525	0.03904	0.01656	0.01781	0.01232	0.00837	0.00694	0.00234	0.00815	0.00637	0.03144	0.01125
7	0.00945	0.00675	0.00900	0.01080	0.01125	0.00630	0.00720	0.01080	0.01484	0.01979	0.04274	0.72245	0.05128	0.02429	0.00990	0.00315	0.00450	0.02204	0.00720	0.00630
8	0.01126	0.00759	0.00884	0.00884	0.00897	0.00772	0.00517	0.01152	0.01139	0.01532	0.02408	0.04881	0.02735	0.66394	0.10188	0.00799	0.00878	0.01099	0.00465	0.00491
9	0.02600	0.01999	0.02132	0.01714	0.02272	0.02242	0.01390	0.44479	0.25060	0.04327	0.02302	0.02213	0.01676	0.00972	0.00780	0.00243	0.00772	0.00759	0.00780	0.01287
10	0.01832	0.01400	0.01661	0.01260	0.01856	0.01196	0.01007	0.04949	0.05761	0.08928	0.01815	0.05710	0.01520	0.00794	0.00727	0.00162	0.03738	0.00633	0.00550	0.54502
11	0.01774	0.02983	0.34394	0.02484	0.03353	0.05443	0.24661	0.02474	0.01760	0.04618	0.04424	0.02006	0.01366	0.00782	0.00884	0.00252	0.04132	0.00739	0.00399	0.01072
12	0.02947	0.02172	0.02327	0.01784	0.02404	0.02404	0.01474	0.65329	0.03646	0.04887	0.01862	0.01862	0.01319	0.00931	0.00776	0.00233	0.00853	0.00698	0.00776	0.01319
13	0.01865	0.09067	0.28875	0.02775	0.19658	0.04524	0.08060	0.07922	0.01886	0.02599	0.01719	0.01986	0.04058	0.00785	0.00750	0.00234	0.01025	0.00676	0.00408	0.01128
14	0.00958	0.00684	0.00915	0.01095	0.01146	0.00641	0.00743	0.01103	0.01498	0.01994	0.04266	0.69420	0.05099	0.02416	0.00993	0.00317	0.00462	0.04895	0.00719	0.00634
15	0.02068	0.01691	0.01800	0.01586	0.02045	0.01935	0.01243	0.08853	0.59138	0.05906	0.03052	0.02803	0.02268	0.01039	0.00788	0.00260	0.00634	0.00859	0.00795	0.01238
16	0.02176	0.01875	0.12194	0.01657	0.02401	0.01339	0.09325	0.04655	0.01871	0.20361	0.01873	0.01959	0.01340	0.00724	0.00703	0.00191	0.00784	0.00628	0.00576	0.33367
17	0.01660	0.18031	0.55632	0.02031	0.03079	0.02057	0.02553	0.02428	0.01625	0.02328	0.01328	0.01557	0.00985	0.00722	0.00688	0.00229	0.01082	0.00541	0.00328	0.01115
18	0.01555	0.04011	0.68733	0.02210	0.03356	0.01801	0.02865	0.02455	0.01637	0.02455	0.01391	0.01637	0.00982	0.00737	0.00737	0.00246	0.01146	0.00573	0.00327	0.01146
19	0.00963	0.00688	0.00921	0.01101	0.01154	0.00646	0.00752	0.01111	0.01503	0.02000	0.04263	0.68412	0.05088	0.02412	0.00995	0.00317	0.00466	0.05855	0.00719	0.00635
20	0.02317	0.11236	0.02783	0.09084	0.26245	0.28654	0.01853	0.04797	0.01958	0.02229	0.01317	0.01643	0.01095	0.00746	0.00709	0.00213	0.01105	0.00582	0.00394	0.01041
21	0.01706	0.02956	0.33473	0.02791	0.03739	0.01889	0.37067	0.02471	0.01743	0.02471	0.01489	0.01887	0.01089	0.00691	0.00835	0.00254	0.01235	0.00761	0.00363	0.01091
22	0.01128	0.00752	0.00846	0.00846	0.00846	0.00752	0.00470	0.01128	0.01128	0.01503	0.02443	0.05074	0.02819	0.72751	0.03946	0.00752	0.00752	0.01128	0.00470	0.00470
23	0.05840	0.01759	0.05287	0.03293	0.38239	0.01686	0.01911	0.05384	0.07630	0.12010	0.02060	0.02652	0.01682	0.00900	0.00783	0.00247	0.00830	0.06080	0.00549	0.01178
24	0.13188	0.01426	0.01765	0.01372	0.01958	0.01341	0.01133	0.09571	0.02241	0.53782	0.02684	0.02383	0.01720	0.00926	0.00740	0.00239	0.00671	0.00725	0.00879	0.01257
25	0.01887	0.01826	0.03163	0.08682	0.61201	0.01840	0.05250	0.02360	0.01755	0.02498	0.01459	0.01936	0.01214	0.00694	0.00775	0.00233	0.00946	0.00701	0.00382	0.01198
26	0.01559	0.01464	0.02419	0.57022	0.14647	0.01752	0.02136	0.02160	0.05178	0.02135	0.01489	0.02090	0.01137	0.00778	0.00775	0.00254	0.00993	0.00700	0.00375	0.00937
27	0.01128	0.00752	0.00846	0.00846	0.00846	0.00752	0.00470	0.01128	0.01128	0.01503	0.02443	0.05074	0.02819	0.72751	0.03946	0.00752	0.00752	0.01128	0.00470	0.00470
28	0.01985	0.01694	0.01785	0.01589	0.02038	0.01955	0.01241	0.07507	0.63034	0.03334	0.03084	0.02836	0.02309	0.01045	0.00788	0.00261	0.00627	0.00867	0.00788	0.01232
29	0.00945	0.00675	0.00900	0.01080	0.01125	0.00630	0.00720	0.01080	0.01484	0.01979	0.04274	0.72245	0.05128	0.02429	0.00990	0.00315	0.00450	0.02204	0.00720	0.00630
30	0.78228	0.01499	0.01140	0.01020	0.01499	0.01739	0.00840	0.02279	0.01320	0.03479	0.01080	0.01260	0.00840	0.00720	0.00480	0.00240	0.00600	0.00420	0.00480	0.00840
31	0.01804	0.02135	0.07490	0.06611	0.07936	0.01934	0.55219	0.02451	0.01803	0.02461	0.01544	0.02058	0.01163	0.00666	0.00891	0.00259	0.01263	0.00874	0.00386	0.01053
32	0.00924	0.00786	0.00796	0.00793	0.01052	0.00658	0.00595	0.01127	0.01785	0.02137	0.10342	0.07392	0.65086	0.01948	0.00916	0.00261	0.00392	0.01627	0.00726	0.00658
33	0.01608	0.01378	0.01608	0.01148	0.01837	0.01034	0.00919	0.01952	0.01608	0.02527	0.01378	0.01608	0.01148	0.00574	0.00574	0.00115	0.00574	0.00459	0.00459	0.77491
34	0.00945	0.00675	0.00900	0.01080	0.01125	0.00630	0.00720	0.01080	0.01484	0.01979	0.04274	0.72245	0.05128	0.02429	0.00990	0.00315	0.00450	0.02204	0.00720	0.00630
35	0.01770	0.01690	0.02877	0.26480	0.47360	0.01803	0.02305	0.02249	0.01695	0.02352	0.01432	0.01968	0.01164	0.00719	0.00770	0.00240	0.00958	0.00690	0.00371	0.01108
36	0.01608	0.01378	0.01608	0.01148	0.01837	0.01034	0.00919	0.01952	0.01608	0.02527	0.01378	0.01608	0.01148	0.00574	0.00574	0.00115	0.00574	0.00459	0.00459	0.77491
37	0.01608	0.01378	0.01608	0.01148	0.01837	0.01034	0.00919	0.01952	0.01608	0.02527	0.01378	0.01608	0.01148	0.00574	0.00574	0.00115	0.00574	0.00459	0.00459	0.77491
38	0.01608	0.01378	0.01608	0.01148	0.01837	0.01034	0.00919	0.01952	0.01608	0.02527	0.01378	0.01608	0.01148	0.00574	0.00574	0.00115	0.00574	0.00459	0.00459	0.77491
39	0.03231	0.01487	0.04702	0.01432	0.02037	0.01262	0.01224	0.09144	0.02321	0.56688	0.06029	0.02680	0.02089	0.00978	0.00784	0.00240	0.00684	0.00794	0.00911	0.01283
40	0.05508	0.28875	0.12931	0.01795	0.02431	0.27110	0.04536	0.04616	0.01878	0.02142	0.01216	0.01418	0.01006	0.00734	0.00634	0.00200	0.01098	0.00502	0.00379	0.00988
41	0.01118	0.00799	0.01099	0.01278	0.01399	0.00779	0.01021	0.01379	0.01655	0.02173	0.04178	0.36127	0.04749	0.02266	0.01036	0.00339	0.00600	0.36612	0.00716	0.00678
42	0.00945	0.00675	0.00900	0.01080	0.01125	0.00630	0.00720	0.01080	0.01484	0.01979	0.04274	0.72245	0.05128	0.02429	0.00990	0.00315	0.00450	0.02204	0.00720	0.00630
43	0.01407	0.00950	0.01233	0.04316	0.01536	0.00929	0.00917	0.01921	0.07856	0.08919	0.42391	0.07927	0.08271	0.01539	0.00901	0.00259	0.00480	0.06608	0.00811	0.00827
