[name]
unknown

[dist]
# distance from previous block
# <min> <max>
7	27

[block]
# block no. 0 follows, 26 sequences, length 10
# corresponding to MSA columns:
# 28-37
name=unknown_A
#
# <colnr> <probs for GDERKNQSTAVLIFYWHMCP>
#	G	D	E	R	K	N	Q	S	T	A	V	L	I	F	Y	W	H	M	C	P
0	0.02152	0.01529	0.01960	0.06848	0.13633	0.01604	0.01386	0.20803	0.08632	0.11256	0.02321	0.11014	0.01944	0.01043	0.00758	0.00234	0.00711	0.00886	0.07324	0.03960
1	0.02196	0.01874	0.02709	0.09255	0.43114	0.06078	0.02008	0.11669	0.02045	0.09304	0.01616	0.01919	0.01251	0.00749	0.00750	0.00227	0.00904	0.00674	0.00484	0.01173
2	0.37881	0.08936	0.05996	0.12720	0.02428	0.06025	0.01328	0.05050	0.03400	0.07564	0.01434	0.01666	0.01098	0.00800	0.00623	0.00243	0.00800	0.00542	0.00499	0.00965
3	0.06041	0.01770	0.02717	0.23991	0.40110	0.06040	0.04032	0.02254	0.01669	0.02329	0.01370	0.01858	0.01109	0.00707	0.00738	0.00233	0.00957	0.00656	0.00370	0.01049
4	0.41750	0.01411	0.01430	0.05575	0.01807	0.01594	0.02840	0.10179	0.05461	0.03032	0.01439	0.01890	0.01199	0.06410	0.01128	0.10269	0.00686	0.00586	0.00495	0.00820
5	0.02017	0.07038	0.02380	0.08569	0.02522	0.01830	0.09730	0.22016	0.04145	0.03058	0.01645	0.01975	0.01298	0.03260	0.00903	0.00227	0.04734	0.00664	0.05898	0.16092
6	0.49127	0.01486	0.01552	0.01685	0.13154	0.01610	0.01124	0.04701	0.01579	0.10850	0.01776	0.01891	0.05127	0.00808	0.00589	0.00234	0.00645	0.00580	0.00533	0.00948
7	0.08929	0.00881	0.00989	0.00942	0.01183	0.00823	0.00694	0.01570	0.01708	0.10105	0.17455	0.14455	0.25216	0.10268	0.01205	0.00313	0.00479	0.01356	0.00705	0.00724
8	0.02461	0.01672	0.01921	0.01556	0.02037	0.01827	0.01266	0.38322	0.07298	0.12490	0.02114	0.02264	0.01582	0.02040	0.17035	0.00463	0.01073	0.00736	0.00701	0.01140
9	0.15574	0.01598	0.01858	0.01965	0.14907	0.08487	0.01295	0.02832	0.01881	0.30492	0.04912	0.07114	0.01906	0.00956	0.00722	0.00234	0.00735	0.00779	0.00671	0.01080

[dist]
# distance from previous block
# <min> <max>
0	1

[block]
# block no. 1 follows, 26 sequences, length 164
# corresponding to MSA columns:
# 39-202
name=unknown_B
#
# <colnr> <probs for GDERKNQSTAVLIFYWHMCP>
#	G	D	E	R	K	N	Q	S	T	A	V	L	I	F	Y	W	H	M	C	P
0	0.01053	0.00725	0.00917	0.01003	0.01110	0.00670	0.00694	0.01217	0.01563	0.04375	0.11407	0.44466	0.13501	0.09885	0.01261	0.00339	0.00472	0.04004	0.00700	0.00640
1	0.02196	0.01616	0.01817	0.04621	0.02072	0.01705	0.01198	0.37972	0.02718	0.05619	0.04916	0.11134	0.07381	0.03236	0.00871	0.00245	0.00707	0.00952	0.00699	0.08325
2	0.63692	0.01525	0.01457	0.01215	0.01722	0.01702	0.05426	0.05441	0.01505	0.08611	0.01280	0.01425	0.00951	0.00728	0.00536	0.00236	0.00652	0.00486	0.00515	0.00895
3	0.02252	0.01207	0.01339	0.01128	0.01502	0.03496	0.00896	0.10654	0.04621	0.23317	0.07129	0.02773	0.02186	0.00953	0.00671	0.00209	0.00549	0.00766	0.33367	0.00985
4	0.01432	0.01348	0.02275	0.71520	0.05224	0.01685	0.02107	0.01938	0.01517	0.01938	0.01348	0.02022	0.01011	0.00758	0.00758	0.00253	0.01011	0.00674	0.00337	0.00843
5	0.03383	0.01324	0.01781	0.01365	0.01953	0.01164	0.01128	0.06171	0.02226	0.66584	0.02946	0.02552	0.01854	0.00938	0.00763	0.00234	0.00653	0.00760	0.00932	0.01291
6	0.08488	0.01303	0.01717	0.01326	0.01905	0.01154	0.01095	0.03597	0.02112	0.64698	0.02862	0.02491	0.01806	0.00923	0.00743	0.00235	0.00641	0.00739	0.00907	0.01259
7	0.02883	0.02125	0.02276	0.01745	0.02352	0.02352	0.01442	0.66082	0.03566	0.04780	0.01821	0.01821	0.01290	0.00911	0.00759	0.00228	0.00835	0.00683	0.00759	0.01290
8	0.69617	0.01546	0.01254	0.01087	0.01573	0.01780	0.00896	0.09880	0.01563	0.03568	0.01148	0.01303	0.00878	0.00729	0.00504	0.00234	0.00616	0.00443	0.00504	0.00878
9	0.05403	0.01071	0.01299	0.01151	0.01501	0.00989	0.00909	0.04761	0.04222	0.08008	0.24774	0.10898	0.04064	0.01345	0.00806	0.00232	0.00521	0.09356	0.00702	0.17989
10	0.11852	0.01946	0.02047	0.01598	0.02179	0.02136	0.01314	0.48946	0.07573	0.06538	0.01834	0.01834	0.01317	0.00878	0.00716	0.00225	0.00769	0.00654	0.00716	0.04928
11	0.01873	0.01814	0.03146	0.04585	0.65492	0.01808	0.05393	0.02333	0.01730	0.02476	0.01432	0.01885	0.01199	0.00674	0.00758	0.00227	0.00919	0.00686	0.00376	0.01193
12	0.25095	0.43262	0.02848	0.01215	0.01802	0.02381	0.01133	0.02434	0.01544	0.10568	0.01294	0.01390	0.01039	0.00701	0.00516	0.00193	0.00724	0.00451	0.00443	0.00967
13	0.02069	0.07782	0.02011	0.01612	0.04541	0.01812	0.01284	0.27505	0.12034	0.03456	0.09815	0.03537	0.02611	0.01163	0.00795	0.00244	0.00711	0.11886	0.00693	0.04439
14	0.00935	0.00674	0.00887	0.01036	0.01100	0.00625	0.00700	0.01088	0.01521	0.02032	0.09619	0.64696	0.07695	0.02290	0.00959	0.00300	0.00431	0.02069	0.00715	0.00625
15	0.01519	0.01291	0.01515	0.01118	0.01739	0.00978	0.00883	0.01839	0.01563	0.02427	0.01584	0.07515	0.01448	0.00713	0.00596	0.00129	0.00552	0.00592	0.00471	0.71530
16	0.74874	0.01500	0.01173	0.01035	0.01512	0.01734	0.00853	0.05453	0.01406	0.03473	0.01095	0.01262	0.00845	0.00715	0.00484	0.00234	0.00599	0.00424	0.00484	0.00845
17	0.01876	0.01408	0.01652	0.01200	0.01859	0.01136	0.00968	0.07558	0.01805	0.09659	0.01561	0.01700	0.01217	0.00631	0.00600	0.00135	0.00594	0.00502	0.00527	0.63413
18	0.01100	0.00800	0.01155	0.01155	0.01278	0.00915	0.00878	0.01346	0.01223	0.01777	0.02089	0.03184	0.01990	0.12669	0.60211	0.01122	0.01820	0.00839	0.03795	0.00655
19	0.01539	0.01309	0.01535	0.01112	0.01753	0.00991	0.00886	0.01878	0.01612	0.02510	0.05864	0.01849	0.01531	0.00629	0.00584	0.00121	0.00548	0.00512	0.00475	0.72762
20	0.01774	0.01924	0.08011	0.11767	0.43390	0.03924	0.06732	0.02321	0.04287	0.02386	0.01617	0.05489	0.01387	0.00789	0.00769	0.00236	0.00938	0.00758	0.00400	0.01101
21	0.01925	0.01649	0.01737	0.01551	0.01987	0.01905	0.01210	0.06435	0.64774	0.03235	0.03038	0.02791	0.02276	0.01024	0.00771	0.00256	0.00609	0.00851	0.00771	0.01204
22	0.01716	0.01313	0.01560	0.01142	0.01780	0.01004	0.00910	0.02040	0.01624	0.08687	0.01626	0.04792	0.01365	0.00677	0.00598	0.00132	0.00564	0.00554	0.00506	0.67411
23	0.01521	0.03923	0.69413	0.02162	0.03283	0.01762	0.02802	0.02402	0.01601	0.02402	0.01361	0.01601	0.00961	0.00721	0.00721	0.00240	0.01121	0.00560	0.00320	0.01121
24	0.01625	0.03728	0.63832	0.02155	0.03238	0.01734	0.04820	0.02468	0.01636	0.05772	0.01449	0.01666	0.01013	0.00729	0.00729	0.00240	0.01102	0.00582	0.00354	0.01126
25	0.01493	0.01389	0.02330	0.54367	0.15899	0.01641	0.02074	0.01976	0.01571	0.02058	0.01574	0.02518	0.01311	0.00851	0.00780	0.00256	0.00967	0.05679	0.00372	0.00893
26	0.03403	0.01291	0.01760	0.01350	0.01936	0.01115	0.01115	0.03697	0.02171	0.69137	0.02992	0.02582	0.01878	0.00939	0.00763	0.00235	0.00645	0.00763	0.00939	0.01291
27	0.03403	0.01291	0.01760	0.01350	0.01936	0.01115	0.01115	0.03697	0.02171	0.69137	0.02992	0.02582	0.01878	0.00939	0.00763	0.00235	0.00645	0.00763	0.00939	0.01291
28	0.03403	0.01291	0.01760	0.01350	0.01936	0.01115	0.01115	0.03697	0.02171	0.69137	0.02992	0.02582	0.01878	0.00939	0.00763	0.00235	0.00645	0.00763	0.00939	0.01291
29	0.03403	0.01291	0.01760	0.01350	0.01936	0.01115	0.01115	0.03697	0.02171	0.69137	0.02992	0.02582	0.01878	0.00939	0.00763	0.00235	0.00645	0.00763	0.00939	0.01291
30	0.01980	0.01768	0.02990	0.04432	0.64109	0.01756	0.02246	0.02420	0.01757	0.06980	0.01532	0.01925	0.01247	0.00694	0.00752	0.00226	0.00884	0.00682	0.00414	0.01208
31	0.01877	0.01802	0.03079	0.04656	0.68612	0.01802	0.02328	0.02328	0.01727	0.02478	0.01427	0.01877	0.01201	0.00676	0.00751	0.00225	0.00901	0.00676	0.00375	0.01201
32	0.01084	0.00813	0.01219	0.01219	0.01354	0.00948	0.00948	0.01354	0.01219	0.01761	0.02032	0.02980	0.01896	0.05689	0.70337	0.01219	0.02032	0.00813	0.00406	0.00677
33	0.02833	0.03615	0.02149	0.01954	0.02345	0.70298	0.01466	0.03029	0.02149	0.01856	0.01172	0.01368	0.00977	0.00782	0.00684	0.00195	0.01368	0.00489	0.00391	0.00879
34	0.01142	0.00824	0.01124	0.01288	0.01442	0.00807	0.01077	0.01437	0.01687	0.02189	0.04293	0.21197	0.08748	0.02139	0.01022	0.00335	0.00626	0.47246	0.00700	0.00678
35	0.01550	0.01403	0.02024	0.41794	0.06410	0.01667	0.01733	0.02521	0.21176	0.02346	0.02296	0.02765	0.05045	0.00944	0.00780	0.00257	0.00840	0.03002	0.00500	0.00948
36	0.01076	0.00907	0.03282	0.01010	0.01247	0.00744	0.00781	0.01370	0.01843	0.02555	0.35277	0.21938	0.14295	0.01681	0.00875	0.00246	0.00427	0.01480	0.00730	0.08235
37	0.01623	0.06155	0.54711	0.02125	0.03073	0.01900	0.04537	0.05128	0.01644	0.02422	0.01336	0.01617	0.00985	0.00790	0.00911	0.00247	0.08783	0.00582	0.00343	0.01088
38	0.02009	0.71184	0.06424	0.01330	0.01997	0.02955	0.01354	0.02276	0.01543	0.01808	0.01066	0.01231	0.00973	0.00652	0.00495	0.00165	0.00823	0.00411	0.00324	0.00979
39	0.01084	0.00813	0.01219	0.01219	0.01354	0.00948	0.00948	0.01354	0.01219	0.01761	0.02032	0.02980	0.01896	0.05689	0.70337	0.01219	0.02032	0.00813	0.00406	0.00677
40	0.01650	0.03108	0.42856	0.02923	0.18767	0.01798	0.13325	0.02389	0.01663	0.02425	0.01406	0.01741	0.01050	0.00696	0.00757	0.00239	0.01096	0.00644	0.00344	0.01123
41	0.01653	0.01346	0.01581	0.01133	0.01804	0.01016	0.00908	0.01988	0.01599	0.05395	0.01420	0.01617	0.01157	0.00578	0.00571	0.00118	0.00565	0.00463	0.00471	0.74617
42	0.01112	0.00849	0.01232	0.01223	0.01348	0.00988	0.00949	0.01360	0.01245	0.01773	0.02264	0.03396	0.04164	0.09661	0.57847	0.01081	0.05217	0.03197	0.00427	0.00670
43	0.01604	0.06241	0.01735	0.01135	0.01808	0.01146	0.00926	0.01934	0.01571	0.02425	0.01328	0.01549	0.01113	0.00568	0.00557	0.00116	0.00579	0.00446	0.00441	0.72779
44	0.02100	0.67537	0.03812	0.01356	0.01982	0.09006	0.01313	0.02339	0.01595	0.01791	0.01065	0.01230	0.00974	0.00661	0.00504	0.00165	0.00861	0.00413	0.00330	0.00965
45	0.02178	0.27204	0.05738	0.04845	0.18081	0.22453	0.04936	0.02510	0.01779	0.02032	0.01224	0.01502	0.01038	0.00701	0.00647	0.00198	0.01039	0.00534	0.00359	0.01003
46	0.78701	0.01467	0.01115	0.00997	0.01467	0.01702	0.00821	0.02230	0.01291	0.03403	0.01056	0.01232	0.00821	0.00704	0.00469	0.00235	0.00587	0.00411	0.00469	0.00821
47	0.01525	0.07592	0.39088	0.04560	0.07929	0.01667	0.02209	0.02133	0.01581	0.02250	0.01792	0.02868	0.01598	0.01071	0.00953	0.03779	0.04401	0.11628	0.00393	0.00983
48	0.78701	0.01467	0.01115	0.00997	0.01467	0.01702	0.00821	0.02230	0.01291	0.03403	0.01056	0.01232	0.00821	0.00704	0.00469	0.00235	0.00587	0.00411	0.00469	0.00821
49	0.01225	0.00907	0.01197	0.01161	0.01302	0.01019	0.00858	0.04403	0.05754	0.01916	0.02188	0.03442	0.02125	0.23050	0.44904	0.00981	0.01538	0.00887	0.00461	0.00683
50	0.78701	0.01467	0.01115	0.00997	0.01467	0.01702	0.00821	0.02230	0.01291	0.03403	0.01056	0.01232	0.00821	0.00704	0.00469	0.00235	0.00587	0.00411	0.00469	0.00821
51	0.02028	0.73799	0.03975	0.01298	0.01947	0.03001	0.01298	0.02271	0.01541	0.01785	0.01055	0.01217	0.00973	0.00649	0.00487	0.00162	0.00811	0.00406	0.00324	0.00973
52	0.01084	0.00813	0.01219	0.01219	0.01354	0.00948	0.00948	0.01354	0.01219	0.01761	0.02032	0.02980	0.01896	0.05689	0.70337	0.01219	0.02032	0.00813	0.00406	0.00677
53	0.01573	0.01348	0.01573	0.01123	0.01798	0.01011	0.00899	0.01910	0.01573	0.02472	0.01348	0.01573	0.01123	0.00562	0.00562	0.00112	0.00562	0.00449	0.00449	0.77980
54	0.01606	0.01440	0.02326	0.03249	0.39507	0.01481	0.01836	0.01993	0.01706	0.02384	0.05449	0.06264	0.02503	0.01223	0.00967	0.00271	0.05601	0.18705	0.00498	0.00990
55	0.00924	0.00660	0.00880	0.01056	0.01100	0.00616	0.00704	0.01056	0.01452	0.01936	0.04181	0.72848	0.05017	0.02376	0.00968	0.00308	0.00440	0.02156	0.00704	0.00616
56	0.01573	0.01348	0.01573	0.01123	0.01798	0.01011	0.00899	0.01910	0.01573	0.02472	0.01348	0.01573	0.01123	0.00562	0.00562	0.00112	0.00562	0.00449	0.00449	0.77980
57	0.02081	0.49447	0.15058	0.01552	0.02248	0.11326	0.01588	0.05283	0.01721	0.02037	0.01158	0.01330	0.00986	0.00690	0.00565	0.00183	0.00937	0.00456	0.00352	0.01001
58	0.01514	0.01431	0.02422	0.59312	0.16798	0.01707	0.02147	0.02009	0.01555	0.02037	0.01363	0.01996	0.01046	0.00743	0.00757	0.00248	0.00991	0.00674	0.00344	0.00908
59	0.02883	0.02125	0.02276	0.01745	0.02352	0.02352	0.01442	0.66082	0.03566	0.04780	0.01821	0.01821	0.01290	0.00911	0.00759	0.00228	0.00835	0.00683	0.00759	0.01290
60	0.01790	0.02046	0.04476	0.03197	0.03964	0.01918	0.65857	0.02430	0.01790	0.02430	0.01535	0.02046	0.01151	0.00639	0.00895	0.00256	0.01279	0.00895	0.00384	0.01023
61	0.01735	0.01774	0.02869	0.02289	0.02506	0.02221	0.17979	0.04203	0.01405	0.02081	0.01161	0.01763	0.01045	0.01138	0.02024	0.00309	0.51519	0.00723	0.00360	0.00895
62	0.01521	0.03923	0.69413	0.02162	0.03283	0.01762	0.02802	0.02402	0.01601	0.02402	0.01361	0.01601	0.00961	0.00721	0.00721	0.00240	0.01121	0.00560	0.00320	0.01121
63	0.01450	0.01366	0.02306	0.68917	0.07692	0.01690	0.02115	0.01953	0.01525	0.01959	0.01351	0.02017	0.01019	0.00755	0.00758	0.00252	0.01007	0.00674	0.00339	0.00857
64	0.02076	0.71237	0.03896	0.01300	0.01946	0.02935	0.01291	0.02322	0.01563	0.04164	0.01123	0.01265	0.01005	0.00659	0.00496	0.00165	0.00805	0.00418	0.00346	0.00985
65	0.01573	0.01348	0.01573	0.01123	0.01798	0.01011	0.00899	0.01910	0.01573	0.02472	0.01348	0.01573	0.01123	0.00562	0.00562	0.00112	0.00562	0.00449	0.00449	0.77980
66	0.01298	0.00672	0.01007	0.01007	0.01019	0.00683	0.00683	0.01019	0.01007	0.01354	0.01377	0.02362	0.01366	0.02888	0.08551	0.71570	0.00773	0.00672	0.00336	0.00358
67	0.01084	0.00813	0.01219	0.01219	0.01354	0.00948	0.00948	0.01354	0.01219	0.01761	0.02032	0.02980	0.01896	0.05689	0.70337	0.01219	0.02032	0.00813	0.00406	0.00677
68	0.05194	0.01977	0.03453	0.02729	0.08421	0.01992	0.37173	0.16605	0.09037	0.03069	0.01733	0.02032	0.01294	0.00746	0.00823	0.00246	0.01051	0.00807	0.00510	0.01106
69	0.01318	0.00659	0.00988	0.00988	0.00988	0.00659	0.00659	0.00988	0.00988	0.01318	0.01318	0.02306	0.01318	0.02635	0.02964	0.77931	0.00659	0.00659	0.00329	0.00329
70	0.02028	0.73799	0.03975	0.01298	0.01947	0.03001	0.01298	0.02271	0.01541	0.01785	0.01055	0.01217	0.00973	0.00649	0.00487	0.00162	0.00811	0.00406	0.00324	0.00973
71	0.01701	0.01722	0.02290	0.01959	0.01998	0.04832	0.01625	0.01874	0.01213	0.01849	0.01015	0.01645	0.00999	0.01280	0.02353	0.00319	0.66779	0.00650	0.00338	0.03558
72	0.01648	0.01409	0.01693	0.01216	0.01889	0.01107	0.02794	0.05279	0.01683	0.02591	0.01378	0.01599	0.01133	0.00582	0.00582	0.00122	0.00597	0.00474	0.00464	0.71759
73	0.02028	0.73799	0.03975	0.01298	0.01947	0.03001	0.01298	0.02271	0.01541	0.01785	0.01055	0.01217	0.00973	0.00649	0.00487	0.00162	0.00811	0.00406	0.00324	0.00973
74	0.00938	0.00666	0.00876	0.01038	0.01079	0.00625	0.00685	0.01060	0.01425	0.01900	0.04040	0.67519	0.04839	0.07947	0.01195	0.00342	0.00463	0.02074	0.00685	0.00604
75	0.01432	0.01348	0.02275	0.71520	0.05224	0.01685	0.02107	0.01938	0.01517	0.01938	0.01348	0.02022	0.01011	0.00758	0.00758	0.00253	0.01011	0.00674	0.00337	0.00843
76	0.01432	0.01348	0.02275	0.71520	0.05224	0.01685	0.02107	0.01938	0.01517	0.01938	0.01348	0.02022	0.01011	0.00758	0.00758	0.00253	0.01011	0.00674	0.00337	0.00843
77	0.02833	0.03615	0.02149	0.01954	0.02345	0.70298	0.01466	0.03029	0.02149	0.01856	0.01172	0.01368	0.00977	0.00782	0.00684	0.00195	0.01368	0.00489	0.00391	0.00879
78	0.01318	0.00659	0.00988	0.00988	0.00988	0.00659	0.00659	0.00988	0.00988	0.01318	0.01318	0.02306	0.01318	0.02635	0.02964	0.77931	0.00659	0.00659	0.00329	0.00329
79	0.76342	0.01461	0.01135	0.01009	0.01482	0.01683	0.00831	0.02276	0.01318	0.05462	0.01117	0.01274	0.00855	0.00711	0.00479	0.00235	0.00589	0.00422	0.00484	0.00836
80	0.01521	0.03923	0.69413	0.02162	0.03283	0.01762	0.02802	0.02402	0.01601	0.02402	0.01361	0.01601	0.00961	0.00721	0.00721	0.00240	0.01121	0.00560	0.00320	0.01121
81	0.01641	0.01394	0.01608	0.01170	0.01829	0.01110	0.00936	0.04566	0.05085	0.02600	0.01458	0.01648	0.01192	0.00600	0.00581	0.00124	0.00575	0.00480	0.00479	0.70925
82	0.01141	0.00843	0.01112	0.01248	0.01436	0.00814	0.01064	0.01449	0.01733	0.02211	0.04827	0.10332	0.18438	0.02066	0.01012	0.00327	0.00621	0.47943	0.00700	0.00683
83	0.01657	0.01650	0.02300	0.01965	0.01985	0.02283	0.01636	0.01828	0.01174	0.01845	0.01007	0.01657	0.01000	0.01304	0.02430	0.00325	0.69757	0.00657	0.00336	0.03205
84	0.01296	0.00673	0.01010	0.01010	0.01022	0.00686	0.00686	0.01022	0.01010	0.01359	0.01384	0.02369	0.01372	0.02921	0.09269	0.70753	0.00787	0.00673	0.00337	0.00362
85	0.02108	0.54587	0.03501	0.01480	0.02013	0.13208	0.01366	0.02335	0.01590	0.01800	0.01066	0.01292	0.00977	0.00749	0.00752	0.00187	0.09263	0.00449	0.00335	0.00942
86	0.01103	0.00735	0.00827	0.00827	0.00827	0.00735	0.00460	0.01103	0.01103	0.01471	0.02390	0.04964	0.02758	0.73343	0.03861	0.00735	0.00735	0.01103	0.00460	0.00460
87	0.02028	0.73799	0.03975	0.01298	0.01947	0.03001	0.01298	0.02271	0.01541	0.01785	0.01055	0.01217	0.00973	0.00649	0.00487	0.00162	0.00811	0.00406	0.00324	0.00973
88	0.01298	0.00888	0.01241	0.01395	0.01584	0.00881	0.01219	0.01645	0.01761	0.04584	0.03981	0.08349	0.04279	0.02055	0.01038	0.00345	0.00697	0.61335	0.00707	0.00719
89	0.01089	0.00791	0.01107	0.01107	0.01204	0.00887	0.00809	0.01283	0.01186	0.01678	0.02134	0.03546	0.02142	0.24990	0.51372	0.01081	0.01662	0.00896	0.00422	0.00615
90	0.01075	0.00923	0.00939	0.00908	0.01195	0.00865	0.00689	0.01618	0.13522	0.02251	0.06856	0.06495	0.56425	0.01760	0.00874	0.00256	0.00423	0.01467	0.00717	0.00741
91	0.01432	0.01348	0.02275	0.71520	0.05224	0.01685	0.02107	0.01938	0.01517	0.01938	0.01348	0.02022	0.01011	0.00758	0.00758	0.00253	0.01011	0.00674	0.00337	0.00843
92	0.02769	0.03481	0.02120	0.01926	0.02320	0.65678	0.01448	0.03096	0.06545	0.01945	0.01302	0.01467	0.01067	0.00798	0.00690	0.00200	0.01316	0.00513	0.00417	0.00901
93	0.01432	0.01348	0.02275	0.71520	0.05224	0.01685	0.02107	0.01938	0.01517	0.01938	0.01348	0.02022	0.01011	0.00758	0.00758	0.00253	0.01011	0.00674	0.00337	0.00843
94	0.01074	0.00775	0.01014	0.00954	0.01133	0.00716	0.00716	0.01431	0.02147	0.03042	0.68211	0.05666	0.07157	0.01551	0.00895	0.00239	0.00358	0.01372	0.00835	0.00716
95	0.02028	0.73799	0.03975	0.01298	0.01947	0.03001	0.01298	0.02271	0.01541	0.01785	0.01055	0.01217	0.00973	0.00649	0.00487	0.00162	0.00811	0.00406	0.00324	0.00973
96	0.01887	0.01629	0.01715	0.01544	0.01972	0.01887	0.01201	0.04031	0.67241	0.03173	0.03087	0.02830	0.02315	0.01029	0.00772	0.00257	0.00600	0.00858	0.00772	0.01201
97	0.02845	0.02105	0.02255	0.01737	0.02337	0.02334	0.01432	0.63667	0.06045	0.04718	0.01870	0.01860	0.01330	0.00915	0.00759	0.00229	0.00826	0.00690	0.00759	0.01286
98	0.01573	0.01348	0.01573	0.01123	0.01798	0.01011	0.00899	0.01910	0.01573	0.02472	0.01348	0.01573	0.01123	0.00562	0.00562	0.00112	0.00562	0.00449	0.00449	0.77980
99	0.02453	0.01872	0.02005	0.01625	0.02136	0.02088	0.01306	0.43367	0.21461	0.04083	0.02298	0.05131	0.01789	0.03727	0.00888	0.00258	0.00748	0.00809	0.00749	0.01206
100	0.01628	0.01289	0.01522	0.01141	0.01724	0.01032	0.00905	0.05131	0.01762	0.05362	0.09562	0.04934	0.02039	0.00785	0.00636	0.00146	0.00550	0.00652	0.00541	0.58657
101	0.01059	0.00763	0.01008	0.01014	0.01167	0.00711	0.00760	0.01374	0.01980	0.02764	0.50325	0.18542	0.06500	0.01755	0.00922	0.00262	0.00404	0.07197	0.00798	0.00695
102	0.02005	0.24098	0.07052	0.01387	0.02069	0.01979	0.01273	0.16508	0.02014	0.02774	0.01365	0.01521	0.01104	0.00678	0.00594	0.00162	0.00738	0.00496	0.00472	0.31712
103	0.01305	0.00667	0.01000	0.01000	0.01007	0.00674	0.00674	0.01007	0.01000	0.01341	0.01355	0.02341	0.01348	0.02795	0.06486	0.73922	0.00731	0.00667	0.00333	0.00348
104	0.02438	0.02080	0.02325	0.12578	0.07357	0.09167	0.01633	0.37594	0.02688	0.03528	0.01554	0.01789	0.01173	0.00909	0.00962	0.00241	0.09628	0.00659	0.00578	0.01118
105	0.02210	0.01777	0.02019	0.01926	0.09173	0.01985	0.01386	0.21239	0.40482	0.05505	0.02553	0.02438	0.01896	0.00956	0.00766	0.00245	0.00699	0.00786	0.00731	0.01228
106	0.01222	0.00873	0.01222	0.01397	0.01572	0.00873	0.01222	0.01572	0.01746	0.02270	0.04016	0.08556	0.04365	0.02095	0.01048	0.00349	0.00698	0.63506	0.00698	0.00698
107	0.01635	0.01117	0.01164	0.06911	0.01548	0.05677	0.00861	0.08834	0.01813	0.02768	0.05561	0.02671	0.01957	0.01218	0.03622	0.05427	0.00619	0.00723	0.45107	0.00768
108	0.01872	0.01807	0.02834	0.04139	0.57664	0.04409	0.02131	0.02433	0.06961	0.02485	0.01674	0.05151	0.01455	0.00785	0.00760	0.00230	0.00874	0.00750	0.00423	0.01162
109	0.01740	0.05536	0.03279	0.08491	0.06468	0.01970	0.30451	0.02373	0.09178	0.02271	0.01550	0.02017	0.01244	0.00926	0.01255	0.03786	0.15317	0.00778	0.00408	0.00964
110	0.00947	0.00679	0.00891	0.01051	0.01108	0.00636	0.00714	0.01086	0.01461	0.01935	0.04218	0.63863	0.07254	0.05769	0.01109	0.00329	0.00465	0.05182	0.00692	0.00614
111	0.01083	0.00716	0.00848	0.00882	0.00891	0.00707	0.00520	0.01086	0.01162	0.01550	0.02662	0.17839	0.03095	0.54920	0.03244	0.05867	0.00673	0.01276	0.00498	0.00481
112	0.74635	0.01425	0.01103	0.01001	0.01448	0.01645	0.00815	0.02168	0.01299	0.03326	0.01219	0.04976	0.01041	0.00792	0.00495	0.00239	0.00579	0.00502	0.00482	0.00811
113	0.01172	0.00796	0.00914	0.00893	0.00927	0.00815	0.00535	0.03690	0.01209	0.01623	0.02341	0.04691	0.02635	0.65401	0.08729	0.00752	0.00837	0.01065	0.00467	0.00509
114	0.00949	0.00729	0.00856	0.00910	0.01062	0.00650	0.00642	0.01140	0.01674	0.02161	0.17154	0.30721	0.31021	0.05465	0.01065	0.00295	0.00417	0.01737	0.00716	0.00636
115	0.74995	0.01475	0.01144	0.01024	0.01491	0.01711	0.00840	0.02317	0.04473	0.03392	0.01154	0.01309	0.00894	0.00720	0.00484	0.00236	0.00587	0.00432	0.00484	0.00840
116	0.01079	0.00731	0.00828	0.00842	0.00858	0.00721	0.00484	0.01099	0.01162	0.01536	0.02795	0.10326	0.06241	0.64256	0.03488	0.00678	0.00695	0.01210	0.00491	0.00481
117	0.01240	0.00903	0.01227	0.01379	0.01568	0.00910	0.01196	0.01664	0.04714	0.02302	0.04119	0.08247	0.06800	0.02040	0.01029	0.00341	0.00682	0.58219	0.00702	0.00719
118	0.01108	0.00732	0.00988	0.01133	0.01229	0.00689	0.00820	0.01288	0.01543	0.05510	0.04089	0.57507	0.04734	0.02250	0.00972	0.00312	0.00498	0.13218	0.00715	0.00666
119	0.01041	0.00715	0.00866	0.00917	0.00952	0.00694	0.00569	0.01126	0.01338	0.01805	0.10598	0.27288	0.04007	0.41778	0.02569	0.00538	0.00595	0.01479	0.00583	0.00541
120	0.01193	0.00852	0.01188	0.01363	0.01525	0.00848	0.01171	0.01520	0.01717	0.02237	0.04032	0.14950	0.04430	0.02123	0.01040	0.00345	0.00673	0.57405	0.00699	0.00690
121	0.01103	0.00735	0.00827	0.00827	0.00827	0.00735	0.00460	0.01103	0.01103	0.01471	0.02390	0.04964	0.02758	0.73343	0.03861	0.00735	0.00735	0.01103	0.00460	0.00460
122	0.17177	0.00940	0.01158	0.01134	0.01342	0.01073	0.00886	0.01504	0.01260	0.02104	0.02184	0.02884	0.06136	0.04286	0.48625	0.03834	0.01569	0.00777	0.00437	0.00692
123	0.00998	0.00717	0.00942	0.01036	0.01135	0.00671	0.00736	0.01211	0.01677	0.02277	0.23198	0.43211	0.07463	0.04751	0.01059	0.00305	0.00446	0.06785	0.00733	0.00647
124	0.78701	0.01467	0.01115	0.00997	0.01467	0.01702	0.00821	0.02230	0.01291	0.03403	0.01056	0.01232	0.00821	0.00704	0.00469	0.00235	0.00587	0.00411	0.00469	0.00821
125	0.01574	0.03560	0.59639	0.02152	0.03183	0.01709	0.06625	0.02390	0.01611	0.04461	0.01458	0.01732	0.01050	0.00982	0.04372	0.00292	0.01164	0.00601	0.00348	0.01097
126	0.01690	0.01859	0.08019	0.02994	0.33869	0.08238	0.01810	0.02098	0.01788	0.02396	0.10209	0.03320	0.08183	0.01056	0.00866	0.00243	0.03602	0.06280	0.00484	0.00996
127	0.01102	0.00734	0.00859	0.00885	0.00911	0.00736	0.00540	0.01160	0.01194	0.01634	0.02629	0.12476	0.02976	0.55912	0.06628	0.00670	0.00747	0.03178	0.04522	0.00509
128	0.01619	0.01433	0.01881	0.01638	0.09897	0.01146	0.03918	0.01983	0.01601	0.02471	0.01366	0.01630	0.01134	0.00579	0.00599	0.00132	0.00634	0.00496	0.00438	0.65407
129	0.02714	0.01701	0.01904	0.01502	0.02026	0.01804	0.01235	0.41500	0.02925	0.17634	0.02242	0.02389	0.01626	0.00960	0.00738	0.00227	0.00722	0.03194	0.11774	0.01183
130	0.01084	0.00813	0.01219	0.01219	0.01354	0.00948	0.00948	0.01354	0.01219	0.01761	0.02032	0.02980	0.01896	0.05689	0.70337	0.01219	0.02032	0.00813	0.00406	0.00677
131	0.01797	0.02018	0.04289	0.03085	0.03830	0.01916	0.61490	0.02538	0.06211	0.02480	0.01639	0.02099	0.01230	0.00666	0.00887	0.00256	0.01233	0.00893	0.00410	0.01035
132	0.01704	0.01344	0.01586	0.01140	0.01807	0.01019	0.00914	0.02038	0.01616	0.07235	0.01466	0.01645	0.01177	0.00589	0.00576	0.00121	0.00568	0.00472	0.00484	0.72501
133	0.01067	0.00775	0.01005	0.00948	0.01129	0.00713	0.00711	0.01419	0.02133	0.03007	0.66103	0.05723	0.09287	0.01564	0.00895	0.00239	0.00359	0.01380	0.00830	0.00713
134	0.10342	0.01259	0.01616	0.01304	0.01821	0.01151	0.01066	0.03303	0.03950	0.53673	0.02930	0.07442	0.02100	0.01062	0.00760	0.00245	0.00627	0.03314	0.00863	0.01174
135	0.01714	0.01344	0.01587	0.01141	0.01808	0.01019	0.00915	0.02048	0.01619	0.07621	0.01475	0.01651	0.01182	0.00591	0.00577	0.00122	0.00568	0.00474	0.00487	0.72056
136	0.01877	0.01802	0.03079	0.04656	0.68612	0.01802	0.02328	0.02328	0.01727	0.02478	0.01427	0.01877	0.01201	0.00676	0.00751	0.00225	0.00901	0.00676	0.00375	0.01201
137	0.01790	0.02046	0.04476	0.03197	0.03964	0.01918	0.65857	0.02430	0.01790	0.02430	0.01535	0.02046	0.01151	0.00639	0.00895	0.00256	0.01279	0.00895	0.00384	0.01023
138	0.01085	0.00807	0.01190	0.01190	0.01315	0.00932	0.00912	0.01336	0.01210	0.01739	0.02058	0.03127	0.01960	0.10718	0.65395	0.01183	0.01935	0.00834	0.00410	0.00661
139	0.01573	0.01348	0.01573	0.01123	0.01798	0.01011	0.00899	0.01910	0.01573	0.02472	0.01348	0.01573	0.01123	0.00562	0.00562	0.00112	0.00562	0.00449	0.00449	0.77980
140	0.01084	0.00810	0.01208	0.01208	0.01339	0.00942	0.00934	0.01347	0.01216	0.01752	0.02042	0.03037	0.01921	0.07655	0.68405	0.01205	0.01994	0.00821	0.00408	0.00671
141	0.02803	0.03393	0.02197	0.02034	0.04826	0.60721	0.01495	0.09511	0.02280	0.02181	0.01249	0.01434	0.01018	0.00791	0.00694	0.00200	0.01295	0.00516	0.00428	0.00934
142	0.07657	0.29657	0.02761	0.01645	0.02137	0.40555	0.01359	0.02692	0.01865	0.01934	0.01121	0.01302	0.00965	0.00727	0.00596	0.00186	0.01107	0.00452	0.00371	0.00911
143	0.00924	0.00660	0.00880	0.01056	0.01100	0.00616	0.00704	0.01056	0.01452	0.01936	0.04181	0.72848	0.05017	0.02376	0.00968	0.00308	0.00440	0.02156	0.00704	0.00616
144	0.01127	0.00871	0.01283	0.01259	0.01378	0.01040	0.00979	0.01378	0.01210	0.01753	0.01971	0.02970	0.01868	0.08335	0.62438	0.01133	0.07112	0.00814	0.00403	0.00679
145	0.00922	0.00667	0.00873	0.01037	0.01095	0.00618	0.00695	0.01058	0.01471	0.01944	0.04417	0.68421	0.09291	0.02346	0.00963	0.00305	0.00436	0.02119	0.00704	0.00618
146	0.01521	0.03923	0.69413	0.02162	0.03283	0.01762	0.02802	0.02402	0.01601	0.02402	0.01361	0.01601	0.00961	0.00721	0.00721	0.00240	0.01121	0.00560	0.00320	0.01121
147	0.01684	0.01580	0.02604	0.38107	0.30740	0.01791	0.02148	0.04715	0.01669	0.02269	0.01382	0.01938	0.01099	0.00758	0.00839	0.00244	0.04382	0.00675	0.00370	0.01006
148	0.78701	0.01467	0.01115	0.00997	0.01467	0.01702	0.00821	0.02230	0.01291	0.03403	0.01056	0.01232	0.00821	0.00704	0.00469	0.00235	0.00587	0.00411	0.00469	0.00821
149	0.78701	0.01467	0.01115	0.00997	0.01467	0.01702	0.00821	0.02230	0.01291	0.03403	0.01056	0.01232	0.00821	0.00704	0.00469	0.00235	0.00587	0.00411	0.00469	0.00821
150	0.02028	0.73799	0.03975	0.01298	0.01947	0.03001	0.01298	0.02271	0.01541	0.01785	0.01055	0.01217	0.00973	0.00649	0.00487	0.00162	0.00811	0.00406	0.00324	0.00973
151	0.01573	0.01348	0.01573	0.01123	0.01798	0.01011	0.00899	0.01910	0.01573	0.02472	0.01348	0.01573	0.01123	0.00562	0.00562	0.00112	0.00562	0.00449	0.00449	0.77980
152	0.04705	0.11762	0.49297	0.01934	0.02891	0.04301	0.02329	0.04892	0.01718	0.07348	0.01444	0.01615	0.01038	0.00737	0.00687	0.00228	0.01028	0.00554	0.00391	0.01103
153	0.01877	0.01802	0.03079	0.04656	0.68612	0.01802	0.02328	0.02328	0.01727	0.02478	0.01427	0.01877	0.01201	0.00676	0.00751	0.00225	0.00901	0.00676	0.00375	0.01201
154	0.01825	0.02531	0.23684	0.02680	0.03537	0.01781	0.39939	0.02501	0.01755	0.07475	0.01587	0.01938	0.01148	0.00684	0.00822	0.00245	0.01161	0.00770	0.00409	0.03529
155	0.01650	0.01341	0.01569	0.01152	0.01782	0.01055	0.00918	0.05012	0.01701	0.04521	0.03749	0.04269	0.01492	0.00687	0.00603	0.00133	0.00566	0.00561	0.00500	0.66741
156	0.01548	0.03765	0.64471	0.02348	0.08150	0.01765	0.02767	0.02397	0.01611	0.02408	0.01366	0.01622	0.00979	0.00717	0.00723	0.00239	0.01105	0.00569	0.00324	0.01127
157	0.01532	0.03389	0.55344	0.01947	0.02975	0.01606	0.02408	0.02300	0.01595	0.02417	0.01358	0.01595	0.00995	0.00688	0.00688	0.00214	0.01005	0.00537	0.00347	0.17061
158	0.01069	0.00987	0.05586	0.01000	0.01257	0.00772	0.00830	0.01430	0.02029	0.02806	0.51938	0.05709	0.18617	0.01567	0.00883	0.00242	0.00415	0.01361	0.00775	0.00728
159	0.01837	0.01750	0.02975	0.04469	0.65205	0.01747	0.02246	0.02283	0.01748	0.02506	0.04798	0.02069	0.01502	0.00720	0.00758	0.00226	0.00874	0.00711	0.00399	0.01177
160	0.02168	0.02507	0.02248	0.01975	0.02145	0.31789	0.01575	0.02347	0.01590	0.01839	0.01072	0.01533	0.00988	0.01091	0.01707	0.00273	0.41357	0.00588	0.00357	0.00851
161	0.01086	0.00802	0.01166	0.01166	0.01283	0.00919	0.00882	0.01320	0.01203	0.01722	0.02080	0.03248	0.02013	0.14839	0.61346	0.01154	0.01856	0.00852	0.00414	0.00648
162	0.01516	0.03495	0.58357	0.02169	0.06369	0.01691	0.02558	0.02384	0.04318	0.02451	0.04283	0.02012	0.03466	0.00803	0.00737	0.00241	0.01034	0.00644	0.00374	0.01097
163	0.00898	0.00763	0.00774	0.00783	0.01028	0.00639	0.00583	0.01087	0.01714	0.02043	0.07501	0.10726	0.64996	0.01945	0.00900	0.00259	0.00387	0.01630	0.00704	0.00639

[dist]
# distance from previous block
# <min> <max>
0	0

# created by:
# /st0/software/busco_prod/Augustus/scripts/msa2prfl.pl ./align_prep/119386.fa
