[name]
unknown

[dist]
# distance from previous block
# <min> <max>
0	18

[block]
# block no. 0 follows, 25 sequences, length 23
# corresponding to MSA columns:
# 18-40
name=unknown_A
#
# <colnr> <probs for GDERKNQSTAVLIFYWHMCP>
#	G	D	E	R	K	N	Q	S	T	A	V	L	I	F	Y	W	H	M	C	P
0	0.01249	0.00892	0.01249	0.01428	0.01606	0.00892	0.01249	0.01606	0.01785	0.02320	0.04105	0.08746	0.04462	0.02142	0.01071	0.00357	0.00714	0.62695	0.00714	0.00714
1	0.03447	0.01370	0.01831	0.01403	0.02005	0.01215	0.01159	0.07428	0.02304	0.64683	0.02988	0.02593	0.01884	0.00958	0.00779	0.00239	0.00671	0.00775	0.00949	0.01319
2	0.02721	0.02059	0.02199	0.01738	0.02318	0.02299	0.01419	0.51715	0.17629	0.04521	0.02149	0.02091	0.01552	0.00958	0.00779	0.00239	0.00800	0.00738	0.00779	0.01298
3	0.07554	0.01865	0.14938	0.01506	0.02212	0.01300	0.01447	0.03306	0.02009	0.47114	0.02498	0.02289	0.01618	0.00876	0.00739	0.00233	0.00746	0.00696	0.00773	0.06284
4	0.01929	0.02102	0.02540	0.05229	0.02438	0.15217	0.07483	0.02164	0.01456	0.01934	0.01119	0.01692	0.01029	0.01159	0.01962	0.00302	0.48346	0.00666	0.00356	0.00877
5	0.02073	0.73217	0.04063	0.01327	0.01990	0.03068	0.01327	0.02322	0.01575	0.01824	0.01078	0.01244	0.00995	0.00663	0.00498	0.00166	0.00829	0.00415	0.00332	0.00995
6	0.01732	0.01664	0.02466	0.50100	0.16329	0.06269	0.02110	0.06006	0.01760	0.02254	0.01410	0.01984	0.01084	0.00771	0.00769	0.00248	0.01026	0.00677	0.00382	0.00958
7	0.03479	0.01320	0.01799	0.01380	0.01979	0.01140	0.01140	0.03779	0.02219	0.68451	0.03059	0.02639	0.01919	0.00960	0.00780	0.00240	0.00660	0.00780	0.00960	0.01320
8	0.01097	0.00793	0.01036	0.00975	0.01158	0.00732	0.00732	0.01463	0.02195	0.03109	0.67505	0.05792	0.07316	0.01585	0.00914	0.00244	0.00366	0.01402	0.00854	0.00732
9	0.00945	0.00675	0.00900	0.01080	0.01125	0.00630	0.00720	0.01080	0.01484	0.01979	0.04274	0.72245	0.05128	0.02429	0.00990	0.00315	0.00450	0.02204	0.00720	0.00630
10	0.01767	0.02111	0.09058	0.02992	0.03735	0.01837	0.54835	0.02353	0.01744	0.02382	0.01536	0.02081	0.01177	0.00838	0.01086	0.06985	0.01240	0.00868	0.00382	0.00991
11	0.03178	0.01339	0.01759	0.01386	0.01947	0.01219	0.01132	0.03716	0.10189	0.57398	0.05998	0.02814	0.02220	0.01000	0.00787	0.00243	0.00641	0.00820	0.00934	0.01281
12	0.00916	0.00785	0.00785	0.00785	0.01047	0.00655	0.00589	0.01113	0.01767	0.02095	0.07855	0.07462	0.67599	0.01964	0.00916	0.00262	0.00393	0.01636	0.00720	0.00655
13	0.01112	0.00745	0.00850	0.00866	0.00870	0.00741	0.00492	0.01123	0.01159	0.01545	0.02603	0.10927	0.03020	0.66623	0.03689	0.00714	0.00725	0.01221	0.00492	0.00484
14	0.02904	0.03475	0.02216	0.01967	0.02398	0.59921	0.01495	0.12091	0.02407	0.02330	0.01294	0.01465	0.01045	0.00818	0.00710	0.00205	0.01319	0.00528	0.00454	0.00960
15	0.01608	0.01378	0.01608	0.01148	0.01837	0.01034	0.00919	0.01952	0.01608	0.02527	0.01378	0.01608	0.01148	0.00574	0.00574	0.00115	0.00574	0.00459	0.00459	0.77491
16	0.02337	0.02080	0.01902	0.01665	0.02127	0.14821	0.01299	0.10428	0.42751	0.08034	0.02638	0.02479	0.01961	0.00984	0.00770	0.00246	0.00792	0.00778	0.00726	0.01181
17	0.02361	0.01936	0.01961	0.01661	0.02159	0.06195	0.01318	0.23153	0.40644	0.06012	0.02628	0.02470	0.01940	0.00995	0.00779	0.00249	0.00738	0.00794	0.00767	0.01239
18	0.01608	0.01378	0.01608	0.01148	0.01837	0.01034	0.00919	0.01952	0.01608	0.02527	0.01378	0.01608	0.01148	0.00574	0.00574	0.00115	0.00574	0.00459	0.00459	0.77491
19	0.01181	0.00803	0.00901	0.00887	0.00922	0.00806	0.00521	0.03527	0.01259	0.01669	0.02690	0.07461	0.05269	0.64885	0.03608	0.00698	0.00731	0.01169	0.00500	0.00514
20	0.78228	0.01499	0.01140	0.01020	0.01499	0.01739	0.00840	0.02279	0.01320	0.03479	0.01080	0.01260	0.00840	0.00720	0.00480	0.00240	0.00600	0.00420	0.00480	0.00840
21	0.02111	0.62591	0.08169	0.01443	0.02116	0.08785	0.01443	0.02398	0.01634	0.01872	0.01109	0.01283	0.00995	0.00680	0.00531	0.00174	0.00900	0.00432	0.00337	0.00997
22	0.01211	0.01033	0.01045	0.00996	0.01247	0.04869	0.00748	0.05092	0.02013	0.02551	0.25246	0.11100	0.36508	0.01752	0.00900	0.00255	0.00475	0.01484	0.00745	0.00730

[dist]
# distance from previous block
# <min> <max>
6	7

[block]
# block no. 1 follows, 25 sequences, length 91
# corresponding to MSA columns:
# 48-138
name=unknown_B
#
# <colnr> <probs for GDERKNQSTAVLIFYWHMCP>
#	G	D	E	R	K	N	Q	S	T	A	V	L	I	F	Y	W	H	M	C	P
0	0.05574	0.13421	0.51437	0.01967	0.02972	0.01928	0.02423	0.02524	0.01655	0.07198	0.01453	0.01636	0.01045	0.00742	0.00693	0.00234	0.01039	0.00558	0.00381	0.01122
1	0.00945	0.00675	0.00900	0.01080	0.01125	0.00630	0.00720	0.01080	0.01484	0.01979	0.04274	0.72245	0.05128	0.02429	0.00990	0.00315	0.00450	0.02204	0.00720	0.00630
2	0.01607	0.04174	0.01798	0.01781	0.10893	0.01401	0.04315	0.02469	0.21184	0.06002	0.04392	0.04529	0.24688	0.03618	0.00937	0.00272	0.00634	0.03670	0.00667	0.00971
3	0.02073	0.73217	0.04063	0.01327	0.01990	0.03068	0.01327	0.02322	0.01575	0.01824	0.01078	0.01244	0.00995	0.00663	0.00498	0.00166	0.00829	0.00415	0.00332	0.00995
4	0.02177	0.64466	0.03828	0.01411	0.02041	0.11448	0.01348	0.02419	0.01654	0.01833	0.01093	0.01263	0.00995	0.00680	0.00523	0.00170	0.00901	0.00425	0.00340	0.00983
5	0.02053	0.70544	0.06561	0.01361	0.02043	0.03019	0.01386	0.02327	0.01578	0.01849	0.01090	0.01259	0.00995	0.00666	0.00507	0.00169	0.00841	0.00421	0.00332	0.01001
6	0.13227	0.01946	0.02077	0.06484	0.02406	0.02175	0.01384	0.48755	0.03068	0.04381	0.01754	0.01847	0.01267	0.00889	0.00722	0.00233	0.00805	0.00660	0.04731	0.01188
7	0.43886	0.01432	0.01387	0.04731	0.01796	0.01587	0.00998	0.10718	0.01817	0.09034	0.07691	0.08155	0.01973	0.01001	0.00645	0.00247	0.00627	0.00748	0.00609	0.00919
8	0.01128	0.00752	0.00846	0.00846	0.00846	0.00752	0.00470	0.01128	0.01128	0.01503	0.02443	0.05074	0.02819	0.72751	0.03946	0.00752	0.00752	0.01128	0.00470	0.00470
9	0.01976	0.60234	0.16196	0.01492	0.02246	0.02830	0.01615	0.02347	0.01587	0.01943	0.01137	0.01318	0.00993	0.00677	0.00542	0.00181	0.00889	0.00444	0.00331	0.01023
10	0.02374	0.01484	0.01771	0.03512	0.02059	0.01455	0.01167	0.10492	0.18403	0.22952	0.05595	0.02703	0.02098	0.00955	0.00752	0.00222	0.00651	0.02645	0.00754	0.17957
11	0.08352	0.08288	0.36459	0.05384	0.05718	0.05363	0.02128	0.05021	0.01775	0.02599	0.06915	0.02299	0.01692	0.00881	0.00730	0.00241	0.00974	0.03713	0.00430	0.01036
12	0.01035	0.00742	0.00964	0.01111	0.01182	0.00709	0.00754	0.03962	0.01581	0.02110	0.04165	0.69087	0.04957	0.02362	0.00980	0.00311	0.00468	0.02137	0.00722	0.00661
13	0.00965	0.00690	0.00918	0.01066	0.01129	0.00643	0.00721	0.01130	0.01579	0.02129	0.12651	0.63441	0.05418	0.02317	0.00980	0.00305	0.00439	0.02098	0.00737	0.00643
14	0.01898	0.01928	0.08812	0.09420	0.42139	0.01751	0.07353	0.02480	0.04546	0.05898	0.01663	0.02047	0.01308	0.00739	0.00768	0.00236	0.00928	0.00713	0.04219	0.01155
15	0.01816	0.02020	0.04284	0.07767	0.10677	0.01933	0.54627	0.02441	0.01805	0.02456	0.01545	0.02072	0.01173	0.00665	0.00891	0.00258	0.01250	0.00878	0.00388	0.01053
16	0.01097	0.00793	0.01036	0.00975	0.01158	0.00732	0.00732	0.01463	0.02195	0.03109	0.67505	0.05792	0.07316	0.01585	0.00914	0.00244	0.00366	0.01402	0.00854	0.00732
17	0.01882	0.01804	0.03080	0.10167	0.62797	0.01832	0.02361	0.02347	0.01748	0.02488	0.01452	0.01931	0.01212	0.00698	0.00768	0.00233	0.00930	0.00691	0.00381	0.01198
18	0.09628	0.27867	0.30257	0.01781	0.02613	0.05801	0.04660	0.02478	0.01644	0.04934	0.01314	0.01508	0.01019	0.00718	0.00634	0.00215	0.00980	0.00521	0.00376	0.01052
19	0.00945	0.00675	0.00900	0.01080	0.01125	0.00630	0.00720	0.01080	0.01484	0.01979	0.04274	0.72245	0.05128	0.02429	0.00990	0.00315	0.00450	0.02204	0.00720	0.00630
20	0.01555	0.04011	0.68733	0.02210	0.03356	0.01801	0.02865	0.02455	0.01637	0.02455	0.01391	0.01637	0.00982	0.00737	0.00737	0.00246	0.01146	0.00573	0.00327	0.01146
21	0.01126	0.00846	0.01130	0.04777	0.01552	0.00844	0.01000	0.01461	0.04543	0.02174	0.04350	0.35864	0.10435	0.02132	0.00993	0.00320	0.00580	0.24469	0.00702	0.00702
22	0.01678	0.01879	0.06639	0.27362	0.07408	0.01829	0.35058	0.02260	0.01697	0.02276	0.01481	0.02060	0.01123	0.00756	0.00905	0.02276	0.01167	0.00801	0.00370	0.00975
23	0.78228	0.01499	0.01140	0.01020	0.01499	0.01739	0.00840	0.02279	0.01320	0.03479	0.01080	0.01260	0.00840	0.00720	0.00480	0.00240	0.00600	0.00420	0.00480	0.00840
24	0.01089	0.00792	0.01025	0.00967	0.01153	0.00728	0.00725	0.01447	0.02175	0.03061	0.64695	0.05870	0.10156	0.01603	0.00915	0.00245	0.00367	0.01413	0.00847	0.00728
25	0.02728	0.02056	0.02263	0.01888	0.05568	0.02272	0.01469	0.53806	0.10086	0.04508	0.02052	0.04142	0.01542	0.00978	0.00783	0.00238	0.00819	0.00763	0.00756	0.01283
26	0.03457	0.01355	0.01821	0.01396	0.01997	0.01192	0.01153	0.06338	0.02279	0.65808	0.03009	0.02607	0.01894	0.00958	0.00780	0.00240	0.00668	0.00776	0.00952	0.01319
27	0.03479	0.01320	0.01799	0.01380	0.01979	0.01140	0.01140	0.03779	0.02219	0.68451	0.03059	0.02639	0.01919	0.00960	0.00780	0.00240	0.00660	0.00780	0.00960	0.01320
28	0.01555	0.04011	0.68733	0.02210	0.03356	0.01801	0.02865	0.02455	0.01637	0.02455	0.01391	0.01637	0.00982	0.00737	0.00737	0.00246	0.01146	0.00573	0.00327	0.01146
29	0.03088	0.01624	0.01993	0.05083	0.02291	0.01637	0.01306	0.23576	0.07475	0.39636	0.02594	0.02378	0.01714	0.00948	0.00779	0.00240	0.00738	0.00756	0.00856	0.01289
30	0.78228	0.01499	0.01140	0.01020	0.01499	0.01739	0.00840	0.02279	0.01320	0.03479	0.01080	0.01260	0.00840	0.00720	0.00480	0.00240	0.00600	0.00420	0.00480	0.00840
31	0.02022	0.66449	0.10388	0.01413	0.02124	0.02944	0.01477	0.02335	0.01581	0.01886	0.01109	0.01282	0.00994	0.00671	0.00521	0.00174	0.00860	0.00430	0.00331	0.01010
32	0.01008	0.00733	0.00959	0.01112	0.01186	0.00702	0.00766	0.01252	0.04332	0.02102	0.07197	0.63287	0.05083	0.02317	0.00981	0.00311	0.00465	0.04815	0.00729	0.00664
33	0.01914	0.02021	0.05453	0.09172	0.09895	0.05148	0.30182	0.08291	0.01941	0.02646	0.01509	0.01914	0.01161	0.00691	0.00796	0.00225	0.01068	0.00737	0.00433	0.14803
34	0.10397	0.01690	0.05234	0.01698	0.05049	0.01645	0.04156	0.09023	0.22326	0.23040	0.05743	0.02553	0.02049	0.00955	0.00761	0.00247	0.00707	0.00788	0.00751	0.01186
35	0.03479	0.01320	0.01799	0.01380	0.01979	0.01140	0.01140	0.03779	0.02219	0.68451	0.03059	0.02639	0.01919	0.00960	0.00780	0.00240	0.00660	0.00780	0.00960	0.01320
36	0.01038	0.00745	0.00968	0.01105	0.01181	0.00711	0.00753	0.03866	0.01613	0.02160	0.07300	0.65923	0.05072	0.02323	0.00977	0.00308	0.00463	0.02100	0.00729	0.00664
37	0.01815	0.02437	0.16364	0.06132	0.03612	0.05471	0.38528	0.04609	0.01848	0.02505	0.04448	0.02105	0.01395	0.00768	0.00934	0.00257	0.04508	0.00819	0.00409	0.01034
38	0.01245	0.01020	0.01422	0.08054	0.01762	0.01215	0.01108	0.01454	0.01414	0.02025	0.02872	0.37082	0.03207	0.02028	0.04957	0.00352	0.18964	0.01452	0.07647	0.00721
39	0.01128	0.00752	0.00846	0.00846	0.00846	0.00752	0.00470	0.01128	0.01128	0.01503	0.02443	0.05074	0.02819	0.72751	0.03946	0.00752	0.00752	0.01128	0.00470	0.00470
40	0.09134	0.16484	0.02534	0.01685	0.02244	0.19913	0.01397	0.31462	0.02666	0.03390	0.01469	0.01569	0.01131	0.00826	0.00676	0.00212	0.00968	0.00567	0.00566	0.01106
41	0.01789	0.02134	0.07594	0.08220	0.04113	0.01935	0.57349	0.02445	0.01800	0.02445	0.01546	0.02067	0.01156	0.00667	0.00896	0.00260	0.01279	0.00881	0.00385	0.01037
42	0.03479	0.01320	0.01799	0.01380	0.01979	0.01140	0.01140	0.03779	0.02219	0.68451	0.03059	0.02639	0.01919	0.00960	0.00780	0.00240	0.00660	0.00780	0.00960	0.01320
43	0.00985	0.00814	0.00867	0.00849	0.01100	0.00710	0.00638	0.01278	0.03851	0.02339	0.20020	0.06976	0.53148	0.01857	0.00912	0.00258	0.00394	0.01565	0.00750	0.00688
44	0.05351	0.05422	0.09265	0.12144	0.03520	0.01991	0.30022	0.07834	0.01855	0.05950	0.01530	0.01941	0.01151	0.00788	0.00976	0.00258	0.07770	0.00759	0.00438	0.01036
45	0.01003	0.00810	0.00901	0.00934	0.01147	0.00728	0.00693	0.01304	0.04802	0.02228	0.12132	0.20854	0.42687	0.01993	0.00933	0.00276	0.00429	0.04723	0.00735	0.00686
46	0.00945	0.00675	0.00900	0.01080	0.01125	0.00630	0.00720	0.01080	0.01484	0.01979	0.04274	0.72245	0.05128	0.02429	0.00990	0.00315	0.00450	0.02204	0.00720	0.00630
47	0.01608	0.01378	0.01608	0.01148	0.01837	0.01034	0.00919	0.01952	0.01608	0.02527	0.01378	0.01608	0.01148	0.00574	0.00574	0.00115	0.00574	0.00459	0.00459	0.77491
48	0.06458	0.02066	0.10186	0.07393	0.03471	0.01814	0.38472	0.07448	0.01887	0.02657	0.02002	0.05848	0.04846	0.00857	0.00853	0.00259	0.01099	0.00920	0.00453	0.01011
49	0.01464	0.01378	0.02326	0.70887	0.05340	0.01723	0.02153	0.01981	0.01550	0.01981	0.01378	0.02067	0.01034	0.00775	0.00775	0.00258	0.01034	0.00689	0.00345	0.00861
50	0.05459	0.01370	0.01787	0.01367	0.01972	0.01207	0.01126	0.06465	0.02204	0.57450	0.02789	0.02467	0.01788	0.00916	0.00752	0.00228	0.00659	0.00736	0.00891	0.08368
51	0.02947	0.02172	0.02327	0.01784	0.02404	0.02404	0.01474	0.65329	0.03646	0.04887	0.01862	0.01862	0.01319	0.00931	0.00776	0.00233	0.00853	0.00698	0.00776	0.01319
52	0.07006	0.01328	0.01768	0.01363	0.01957	0.01168	0.01125	0.03708	0.02177	0.65385	0.02966	0.02574	0.01868	0.00948	0.00766	0.00240	0.00657	0.00763	0.00937	0.01297
53	0.01108	0.00831	0.01246	0.01246	0.01385	0.00969	0.00969	0.01385	0.01246	0.01800	0.02077	0.03046	0.01938	0.05815	0.69678	0.01246	0.02077	0.00831	0.00415	0.00692
54	0.02896	0.03695	0.02197	0.01998	0.02397	0.69638	0.01498	0.03096	0.02197	0.01898	0.01199	0.01398	0.00999	0.00799	0.00699	0.00200	0.01398	0.00499	0.00400	0.00899
55	0.02896	0.03695	0.02197	0.01998	0.02397	0.69638	0.01498	0.03096	0.02197	0.01898	0.01199	0.01398	0.00999	0.00799	0.00699	0.00200	0.01398	0.00499	0.00400	0.00899
56	0.01464	0.01378	0.02326	0.70887	0.05340	0.01723	0.02153	0.01981	0.01550	0.01981	0.01378	0.02067	0.01034	0.00775	0.00775	0.00258	0.01034	0.00689	0.00345	0.00861
57	0.06366	0.01326	0.01774	0.01366	0.01961	0.01163	0.01128	0.03721	0.02184	0.65941	0.02982	0.02586	0.01878	0.00950	0.00768	0.00240	0.00657	0.00766	0.00941	0.01301
58	0.01830	0.02092	0.04575	0.03268	0.04052	0.01961	0.65098	0.02484	0.01830	0.02484	0.01569	0.02092	0.01176	0.00654	0.00915	0.00261	0.01307	0.00915	0.00392	0.01046
59	0.02770	0.01403	0.01729	0.01420	0.01934	0.01385	0.01141	0.03733	0.24596	0.41124	0.07660	0.02951	0.02458	0.01036	0.00792	0.00248	0.00623	0.00858	0.00893	0.01246
60	0.01353	0.01188	0.01907	0.21982	0.20184	0.01266	0.01573	0.01684	0.01578	0.02128	0.02695	0.33418	0.02917	0.01492	0.00869	0.00276	0.00742	0.01367	0.00523	0.00856
61	0.01464	0.01378	0.02326	0.70887	0.05340	0.01723	0.02153	0.01981	0.01550	0.01981	0.01378	0.02067	0.01034	0.00775	0.00775	0.00258	0.01034	0.00689	0.00345	0.00861
62	0.00943	0.00680	0.00894	0.01065	0.01121	0.00631	0.00713	0.01081	0.01499	0.01985	0.04457	0.68929	0.08326	0.02405	0.00986	0.00312	0.00447	0.02175	0.00720	0.00631
63	0.01642	0.01773	0.03710	0.05567	0.05453	0.01683	0.47872	0.02181	0.01748	0.02365	0.02097	0.16060	0.01960	0.01013	0.00920	0.00271	0.01114	0.01156	0.00455	0.00961
64	0.74610	0.01618	0.04329	0.01076	0.01587	0.01742	0.00935	0.02288	0.01335	0.03430	0.01094	0.01277	0.00846	0.00721	0.00492	0.00240	0.00626	0.00427	0.00473	0.00854
65	0.02239	0.59191	0.03687	0.01462	0.02072	0.16498	0.01361	0.02478	0.01701	0.01839	0.01102	0.01275	0.00996	0.00691	0.00538	0.00173	0.00944	0.00432	0.00345	0.00976
66	0.01843	0.01596	0.01724	0.04629	0.02109	0.01816	0.01223	0.03778	0.57490	0.03098	0.03229	0.03025	0.05482	0.01063	0.00785	0.00256	0.00620	0.00887	0.00751	0.04594
67	0.02715	0.05810	0.17595	0.01883	0.08150	0.01510	0.01666	0.03293	0.06318	0.39376	0.02431	0.02286	0.01621	0.00875	0.00754	0.00238	0.00802	0.00711	0.00717	0.01248
68	0.74254	0.01535	0.01202	0.01060	0.01547	0.01775	0.00873	0.05607	0.01442	0.03553	0.01121	0.01291	0.00865	0.00731	0.00495	0.00240	0.00613	0.00435	0.00495	0.00865
69	0.03351	0.07856	0.02005	0.01375	0.01980	0.01315	0.01157	0.03646	0.02161	0.62394	0.02879	0.02512	0.01835	0.00933	0.00754	0.00233	0.00675	0.00747	0.00903	0.01290
70	0.01086	0.00841	0.01053	0.04646	0.01422	0.00831	0.00832	0.01459	0.07500	0.02192	0.08931	0.41228	0.15829	0.04362	0.01042	0.00309	0.00500	0.04521	0.00708	0.00706
71	0.03927	0.08097	0.35447	0.02291	0.06070	0.01785	0.16192	0.02263	0.01619	0.02343	0.01621	0.05064	0.01379	0.07330	0.01055	0.00291	0.01065	0.00759	0.00379	0.01023
72	0.01997	0.64381	0.03715	0.01326	0.01924	0.04993	0.01277	0.02234	0.01587	0.01841	0.01372	0.07703	0.01371	0.00828	0.00549	0.00180	0.00813	0.00580	0.00369	0.00959
73	0.00945	0.00675	0.00900	0.01080	0.01125	0.00630	0.00720	0.01080	0.01484	0.01979	0.04274	0.72245	0.05128	0.02429	0.00990	0.00315	0.00450	0.02204	0.00720	0.00630
74	0.01985	0.42583	0.23546	0.01723	0.02534	0.02574	0.04659	0.08097	0.01794	0.02324	0.01266	0.01457	0.01029	0.00709	0.00614	0.00200	0.00949	0.00511	0.00373	0.01072
75	0.01622	0.01635	0.02977	0.36593	0.06888	0.01783	0.21057	0.02138	0.01623	0.02196	0.01413	0.02001	0.01094	0.00758	0.00924	0.00251	0.06042	0.00736	0.00371	0.07897
76	0.03232	0.01342	0.01780	0.01368	0.01968	0.01169	0.01124	0.03630	0.05356	0.59220	0.02911	0.02558	0.01871	0.00929	0.00762	0.00230	0.00650	0.00755	0.00906	0.08239
77	0.00999	0.01080	0.06996	0.00941	0.01272	0.00769	0.00815	0.01282	0.01813	0.02264	0.15288	0.06708	0.53437	0.01801	0.00900	0.00258	0.00458	0.01508	0.00702	0.00710
78	0.02782	0.01863	0.04196	0.01602	0.02171	0.01894	0.01343	0.41960	0.03027	0.17970	0.04360	0.05906	0.01858	0.01029	0.00781	0.00237	0.00763	0.00814	0.04212	0.01231
79	0.01219	0.00804	0.01163	0.01215	0.01347	0.00742	0.03946	0.01395	0.01568	0.08047	0.04029	0.62444	0.04641	0.02208	0.00967	0.00305	0.00511	0.02011	0.00725	0.00713
80	0.02821	0.02339	0.08364	0.01823	0.02491	0.02350	0.01600	0.59613	0.03463	0.04666	0.01819	0.01841	0.01288	0.00913	0.00772	0.00234	0.00880	0.00687	0.00735	0.01303
81	0.51105	0.04639	0.07400	0.01886	0.14385	0.04639	0.01351	0.02349	0.01478	0.03082	0.01183	0.01422	0.00938	0.00717	0.00566	0.00234	0.00749	0.00488	0.00440	0.00948
82	0.46510	0.04937	0.01574	0.03091	0.01803	0.01814	0.01032	0.15021	0.01934	0.06937	0.07385	0.01885	0.01593	0.00852	0.00603	0.00236	0.00655	0.00591	0.00588	0.00959
83	0.04677	0.01670	0.01946	0.01734	0.05165	0.03681	0.04111	0.11018	0.32917	0.13313	0.08932	0.02832	0.02454	0.01022	0.00790	0.00250	0.00694	0.00858	0.00762	0.01175
84	0.65460	0.03787	0.01378	0.01155	0.01640	0.07983	0.00945	0.05485	0.01522	0.03358	0.01129	0.01302	0.00882	0.00736	0.00515	0.00234	0.00692	0.00441	0.00483	0.00873
85	0.01446	0.01338	0.02194	0.60885	0.04757	0.01669	0.01976	0.01897	0.01493	0.01932	0.01456	0.02321	0.01195	0.07349	0.01157	0.00308	0.04719	0.00728	0.00356	0.00825
86	0.02507	0.01987	0.01990	0.01666	0.02178	0.08168	0.01326	0.24523	0.33415	0.09927	0.02535	0.02387	0.01848	0.00979	0.00775	0.00245	0.00770	0.00773	0.00765	0.01237
87	0.11927	0.01289	0.01636	0.01289	0.01821	0.01174	0.01044	0.03364	0.02016	0.54836	0.02774	0.02701	0.01876	0.07458	0.01033	0.00286	0.00661	0.00770	0.00860	0.01187
88	0.01445	0.00723	0.00723	0.00723	0.00903	0.00723	0.00542	0.01807	0.01626	0.02891	0.02529	0.02891	0.01987	0.00903	0.00542	0.00181	0.00361	0.00723	0.77055	0.00723
89	0.01932	0.02099	0.04371	0.03133	0.03902	0.02001	0.59314	0.08197	0.01995	0.02702	0.01595	0.02071	0.01189	0.00679	0.00902	0.00259	0.01266	0.00895	0.00427	0.01071
90	0.03409	0.01431	0.01868	0.01432	0.02035	0.01305	0.01183	0.11822	0.02406	0.60144	0.02902	0.02537	0.01841	0.00956	0.00779	0.00239	0.00685	0.00769	0.00936	0.01319

[dist]
# distance from previous block
# <min> <max>
0	47

[block]
# block no. 2 follows, 25 sequences, length 64
# corresponding to MSA columns:
# 187-250
name=unknown_C
#
# <colnr> <probs for GDERKNQSTAVLIFYWHMCP>
#	G	D	E	R	K	N	Q	S	T	A	V	L	I	F	Y	W	H	M	C	P
0	0.01045	0.00828	0.01250	0.01291	0.01393	0.00805	0.05873	0.01222	0.01500	0.02015	0.03930	0.63875	0.04651	0.02246	0.01045	0.00312	0.03327	0.02041	0.00679	0.00671
1	0.01163	0.00862	0.01093	0.01023	0.01227	0.00827	0.00771	0.01674	0.07305	0.03120	0.62393	0.05561	0.06923	0.01543	0.00905	0.00245	0.00385	0.01360	0.00848	0.00771
2	0.01812	0.02035	0.04339	0.03100	0.03876	0.01887	0.59999	0.02441	0.01812	0.02487	0.01553	0.02053	0.01174	0.00647	0.00888	0.00250	0.01249	0.00879	0.00397	0.07119
3	0.01624	0.01373	0.02284	0.65365	0.05073	0.01676	0.02073	0.02124	0.01604	0.07262	0.01512	0.02113	0.01104	0.00790	0.00776	0.00257	0.01004	0.00696	0.00393	0.00898
4	0.78228	0.01499	0.01140	0.01020	0.01499	0.01739	0.00840	0.02279	0.01320	0.03479	0.01080	0.01260	0.00840	0.00720	0.00480	0.00240	0.00600	0.00420	0.00480	0.00840
5	0.00986	0.00731	0.01013	0.06626	0.01460	0.00717	0.00834	0.01151	0.01490	0.01979	0.04043	0.66669	0.04803	0.02298	0.00973	0.00310	0.00496	0.02084	0.00690	0.00648
6	0.00958	0.00687	0.00927	0.01093	0.01145	0.00657	0.00740	0.01104	0.01466	0.01965	0.04099	0.66747	0.04875	0.02698	0.06447	0.00389	0.00579	0.02095	0.00696	0.00635
7	0.07451	0.01220	0.01733	0.24872	0.02759	0.01499	0.01411	0.01664	0.01389	0.02024	0.02108	0.19815	0.02225	0.08749	0.01537	0.00341	0.16894	0.01090	0.00461	0.00758
8	0.01464	0.01378	0.02326	0.70887	0.05340	0.01723	0.02153	0.01981	0.01550	0.01981	0.01378	0.02067	0.01034	0.00775	0.00775	0.00258	0.01034	0.00689	0.00345	0.00861
9	0.00945	0.00675	0.00900	0.01080	0.01125	0.00630	0.00720	0.01080	0.01484	0.01979	0.04274	0.72245	0.05128	0.02429	0.00990	0.00315	0.00450	0.02204	0.00720	0.00630
10	0.09124	0.01407	0.01721	0.03506	0.02010	0.01402	0.01176	0.10394	0.10023	0.36151	0.07010	0.03147	0.02345	0.01078	0.00787	0.00252	0.00668	0.05799	0.00832	0.01167
11	0.24541	0.01351	0.01431	0.01306	0.03595	0.04742	0.05075	0.04140	0.01611	0.02963	0.01793	0.02119	0.01420	0.00857	0.00729	0.00220	0.06220	0.00629	0.34425	0.00833
12	0.01697	0.01832	0.03755	0.27908	0.04522	0.01874	0.42161	0.02301	0.01728	0.02301	0.01499	0.02083	0.01124	0.00698	0.00864	0.00260	0.01207	0.00833	0.00375	0.00979
13	0.02380	0.40424	0.03159	0.01594	0.02149	0.24917	0.01383	0.06113	0.07357	0.02132	0.01335	0.01467	0.01129	0.00755	0.00604	0.00189	0.01000	0.00497	0.00416	0.01000
14	0.04644	0.41669	0.28337	0.01652	0.02489	0.02466	0.01884	0.02428	0.01615	0.04728	0.01274	0.01448	0.01021	0.00705	0.00598	0.00202	0.00934	0.00489	0.00360	0.01059
15	0.06553	0.06219	0.50728	0.06630	0.05703	0.01802	0.02500	0.02489	0.01651	0.06674	0.01467	0.01700	0.01046	0.00748	0.00717	0.00242	0.01052	0.00582	0.00381	0.01116
16	0.03479	0.01320	0.01799	0.01380	0.01979	0.01140	0.01140	0.03779	0.02219	0.68451	0.03059	0.02639	0.01919	0.00960	0.00780	0.00240	0.00660	0.00780	0.00960	0.01320
17	0.01568	0.01390	0.02303	0.64542	0.05035	0.01725	0.02086	0.02059	0.01565	0.05059	0.01440	0.02077	0.01074	0.00810	0.00856	0.00261	0.04202	0.00693	0.00373	0.00882
18	0.02289	0.06567	0.16991	0.01670	0.02310	0.01394	0.07518	0.02737	0.01915	0.29443	0.07690	0.11383	0.02416	0.01098	0.00802	0.00248	0.00791	0.00953	0.00685	0.01099
19	0.02073	0.73217	0.04063	0.01327	0.01990	0.03068	0.01327	0.02322	0.01575	0.01824	0.01078	0.01244	0.00995	0.00663	0.00498	0.00166	0.00829	0.00415	0.00332	0.00995
20	0.01128	0.00752	0.00846	0.00846	0.00846	0.00752	0.00470	0.01128	0.01128	0.01503	0.02443	0.05074	0.02819	0.72751	0.03946	0.00752	0.00752	0.01128	0.00470	0.00470
21	0.01681	0.03448	0.52441	0.05375	0.03400	0.01794	0.09631	0.02575	0.04893	0.05235	0.01568	0.01811	0.01114	0.00754	0.00763	0.00249	0.01112	0.00640	0.00385	0.01133
22	0.01723	0.01642	0.02793	0.33251	0.40953	0.01791	0.02282	0.02208	0.01673	0.02295	0.01424	0.01983	0.01144	0.00727	0.00771	0.00242	0.00970	0.00690	0.00367	0.01070
23	0.03479	0.01320	0.01799	0.01380	0.01979	0.01140	0.01140	0.03779	0.02219	0.68451	0.03059	0.02639	0.01919	0.00960	0.00780	0.00240	0.00660	0.00780	0.00960	0.01320
24	0.03479	0.01320	0.01799	0.01380	0.01979	0.01140	0.01140	0.03779	0.02219	0.68451	0.03059	0.02639	0.01919	0.00960	0.00780	0.00240	0.00660	0.00780	0.00960	0.01320
25	0.03254	0.01355	0.01785	0.01393	0.01965	0.01226	0.01142	0.05847	0.07054	0.58888	0.05498	0.02752	0.02139	0.00990	0.00785	0.00242	0.00652	0.00808	0.00937	0.01290
26	0.00945	0.00675	0.00900	0.01080	0.01125	0.00630	0.00720	0.01080	0.01484	0.01979	0.04274	0.72245	0.05128	0.02429	0.00990	0.00315	0.00450	0.02204	0.00720	0.00630
27	0.78228	0.01499	0.01140	0.01020	0.01499	0.01739	0.00840	0.02279	0.01320	0.03479	0.01080	0.01260	0.00840	0.00720	0.00480	0.00240	0.00600	0.00420	0.00480	0.00840
28	0.02947	0.02172	0.02327	0.01784	0.02404	0.02404	0.01474	0.65329	0.03646	0.04887	0.01862	0.01862	0.01319	0.00931	0.00776	0.00233	0.00853	0.00698	0.00776	0.01319
29	0.01713	0.06177	0.53673	0.02312	0.08964	0.01781	0.02580	0.02491	0.01676	0.05986	0.01475	0.01700	0.01063	0.00734	0.00725	0.00235	0.01061	0.00583	0.00373	0.04698
30	0.01128	0.00752	0.00846	0.00846	0.00846	0.00752	0.00470	0.01128	0.01128	0.01503	0.02443	0.05074	0.02819	0.72751	0.03946	0.00752	0.00752	0.01128	0.00470	0.00470
31	0.03479	0.01320	0.01799	0.01380	0.01979	0.01140	0.01140	0.03779	0.02219	0.68451	0.03059	0.02639	0.01919	0.00960	0.00780	0.00240	0.00660	0.00780	0.00960	0.01320
32	0.01482	0.01413	0.02437	0.67538	0.05276	0.01734	0.05271	0.02006	0.01564	0.02006	0.01388	0.02068	0.01041	0.00769	0.00782	0.00259	0.01047	0.00700	0.00347	0.00870
33	0.01823	0.02049	0.04400	0.05836	0.08271	0.01944	0.58701	0.02458	0.01816	0.02469	0.01554	0.02079	0.01175	0.00660	0.00900	0.00259	0.01272	0.00892	0.00390	0.01051
34	0.01830	0.02092	0.04575	0.03268	0.04052	0.01961	0.65098	0.02484	0.01830	0.02484	0.01569	0.02092	0.01176	0.00654	0.00915	0.00261	0.01307	0.00915	0.00392	0.01046
35	0.03232	0.01265	0.01720	0.01338	0.01894	0.01097	0.01097	0.03539	0.02217	0.61675	0.09742	0.02966	0.02479	0.01025	0.00794	0.00240	0.00629	0.00844	0.00949	0.01259
36	0.01098	0.00798	0.01038	0.00992	0.01178	0.00737	0.00754	0.01457	0.02156	0.03027	0.61736	0.06017	0.09552	0.01630	0.00923	0.00251	0.00386	0.04704	0.00841	0.00728
37	0.01101	0.00813	0.01087	0.01080	0.01265	0.00734	0.03394	0.01332	0.01761	0.04714	0.19323	0.34590	0.21922	0.01987	0.00942	0.00280	0.00459	0.01767	0.00745	0.00702
38	0.00945	0.00675	0.00900	0.01080	0.01125	0.00630	0.00720	0.01080	0.01484	0.01979	0.04274	0.72245	0.05128	0.02429	0.00990	0.00315	0.00450	0.02204	0.00720	0.00630
39	0.02896	0.03695	0.02197	0.01998	0.02397	0.69638	0.01498	0.03096	0.02197	0.01898	0.01199	0.01398	0.00999	0.00799	0.00699	0.00200	0.01398	0.00499	0.00400	0.00899
40	0.01608	0.01378	0.01608	0.01148	0.01837	0.01034	0.00919	0.01952	0.01608	0.02527	0.01378	0.01608	0.01148	0.00574	0.00574	0.00115	0.00574	0.00459	0.00459	0.77491
41	0.01108	0.00831	0.01246	0.01246	0.01385	0.00969	0.00969	0.01385	0.01246	0.01800	0.02077	0.03046	0.01938	0.05815	0.69678	0.01246	0.02077	0.00831	0.00415	0.00692
42	0.03479	0.01320	0.01799	0.01380	0.01979	0.01140	0.01140	0.03779	0.02219	0.68451	0.03059	0.02639	0.01919	0.00960	0.00780	0.00240	0.00660	0.00780	0.00960	0.01320
43	0.03479	0.01320	0.01799	0.01380	0.01979	0.01140	0.01140	0.03779	0.02219	0.68451	0.03059	0.02639	0.01919	0.00960	0.00780	0.00240	0.00660	0.00780	0.00960	0.01320
44	0.00956	0.00683	0.00912	0.01092	0.01142	0.00639	0.00739	0.01099	0.01495	0.01992	0.04267	0.69929	0.05104	0.02419	0.00993	0.00316	0.00459	0.04410	0.00720	0.00633
45	0.01445	0.00723	0.00723	0.00723	0.00903	0.00723	0.00542	0.01807	0.01626	0.02891	0.02529	0.02891	0.01987	0.00903	0.00542	0.00181	0.00361	0.00723	0.77055	0.00723
46	0.02896	0.03695	0.02197	0.01998	0.02397	0.69638	0.01498	0.03096	0.02197	0.01898	0.01199	0.01398	0.00999	0.00799	0.00699	0.00200	0.01398	0.00499	0.00400	0.00899
47	0.01689	0.01625	0.02784	0.36148	0.32721	0.01812	0.04866	0.02173	0.01642	0.02241	0.01407	0.01988	0.01125	0.00756	0.00849	0.00249	0.03833	0.00699	0.00364	0.01030
48	0.01249	0.00892	0.01249	0.01428	0.01606	0.00892	0.01249	0.01606	0.01785	0.02320	0.04105	0.08746	0.04462	0.02142	0.01071	0.00357	0.00714	0.62695	0.00714	0.00714
49	0.00945	0.00675	0.00900	0.01080	0.01125	0.00630	0.00720	0.01080	0.01484	0.01979	0.04274	0.72245	0.05128	0.02429	0.00990	0.00315	0.00450	0.02204	0.00720	0.00630
50	0.02701	0.01940	0.02150	0.04828	0.02399	0.02138	0.01414	0.46827	0.11777	0.09310	0.02206	0.05011	0.01652	0.01005	0.00787	0.00242	0.00798	0.00791	0.00770	0.01257
51	0.01580	0.03835	0.62850	0.02307	0.03420	0.01815	0.08572	0.02458	0.01655	0.02458	0.01408	0.01679	0.01000	0.00729	0.00753	0.00247	0.01161	0.00604	0.00333	0.01137
52	0.01106	0.00798	0.01048	0.01000	0.01182	0.00740	0.00759	0.01471	0.02173	0.03067	0.64100	0.05950	0.07163	0.01615	0.00923	0.00250	0.00384	0.04694	0.00846	0.00731
53	0.00916	0.00785	0.00785	0.00785	0.01047	0.00655	0.00589	0.01113	0.01767	0.02095	0.07855	0.07462	0.67599	0.01964	0.00916	0.00262	0.00393	0.01636	0.00720	0.00655
54	0.16339	0.08436	0.02070	0.01676	0.02091	0.40235	0.01312	0.05015	0.04405	0.02388	0.01328	0.01528	0.01087	0.00820	0.00727	0.00213	0.04347	0.00520	0.04551	0.00911
55	0.02021	0.02036	0.03048	0.04470	0.61053	0.08942	0.02287	0.02455	0.01811	0.02467	0.01431	0.01864	0.01204	0.00702	0.00760	0.00227	0.00971	0.00671	0.00385	0.01194
56	0.00945	0.00675	0.00900	0.01080	0.01125	0.00630	0.00720	0.01080	0.01484	0.01979	0.04274	0.72245	0.05128	0.02429	0.00990	0.00315	0.00450	0.02204	0.00720	0.00630
57	0.01561	0.01408	0.02273	0.64050	0.05002	0.01734	0.02056	0.06114	0.01690	0.02201	0.01448	0.02081	0.01084	0.00790	0.00768	0.00254	0.01000	0.00691	0.02912	0.00887
58	0.02843	0.08237	0.02319	0.01954	0.02370	0.65289	0.01487	0.03046	0.02157	0.01893	0.01191	0.01388	0.00999	0.00790	0.00686	0.00198	0.01361	0.00494	0.00395	0.00905
59	0.01608	0.01378	0.01608	0.01148	0.01837	0.01034	0.00919	0.01952	0.01608	0.02527	0.01378	0.01608	0.01148	0.00574	0.00574	0.00115	0.00574	0.00459	0.00459	0.77491
60	0.01988	0.26103	0.33042	0.02036	0.07408	0.07881	0.02103	0.02547	0.01712	0.06521	0.01387	0.01575	0.01067	0.00729	0.00661	0.00214	0.01016	0.00537	0.00380	0.01093
61	0.01472	0.01132	0.05722	0.01316	0.01607	0.00942	0.03543	0.01850	0.03778	0.10162	0.24645	0.16864	0.04648	0.01717	0.01040	0.04425	0.00592	0.12999	0.00734	0.00811
62	0.02418	0.01722	0.01916	0.01491	0.02057	0.01760	0.01209	0.35207	0.05953	0.09010	0.04599	0.04789	0.01789	0.00939	0.00734	0.00209	0.00706	0.00745	0.04177	0.18570
63	0.04102	0.18449	0.43155	0.02005	0.02942	0.04022	0.07219	0.02390	0.01651	0.02324	0.01576	0.01798	0.03602	0.00764	0.00697	0.00229	0.01052	0.00601	0.00356	0.01070

[dist]
# distance from previous block
# <min> <max>
0	4

# created by:
# /st0/software/busco_prod/Augustus/scripts/msa2prfl.pl ./align_prep/119369.fa
