[name]
unknown

[dist]
# distance from previous block
# <min> <max>
0	15

[block]
# block no. 0 follows, 22 sequences, length 7
# corresponding to MSA columns:
# 15-21
name=unknown_A
#
# <colnr> <probs for GDERKNQSTAVLIFYWHMCP>
#	G	D	E	R	K	N	Q	S	T	A	V	L	I	F	Y	W	H	M	C	P
0	0.02059	0.51352	0.09054	0.01733	0.02446	0.02814	0.08154	0.02440	0.01746	0.02139	0.01568	0.02282	0.01464	0.00877	0.00664	0.00216	0.00958	0.06577	0.00404	0.01054
1	0.01695	0.01376	0.02198	0.01796	0.02210	0.01302	0.15520	0.08102	0.02088	0.05974	0.13341	0.22801	0.03821	0.04069	0.01074	0.00299	0.00773	0.03555	0.00697	0.07308
2	0.02112	0.08342	0.02007	0.04962	0.02067	0.01366	0.04140	0.02404	0.01879	0.20596	0.05807	0.20021	0.03062	0.04416	0.01097	0.00295	0.03630	0.04116	0.00720	0.06961
3	0.02056	0.01974	0.03372	0.05099	0.65622	0.01974	0.02550	0.02550	0.01892	0.02714	0.01563	0.02056	0.01316	0.00740	0.00822	0.00247	0.00987	0.00740	0.00411	0.01316
4	0.01849	0.24148	0.40932	0.02063	0.03003	0.02403	0.02439	0.02520	0.01682	0.02360	0.01347	0.01634	0.01061	0.00837	0.00922	0.00248	0.08478	0.00575	0.00354	0.01145
5	0.02001	0.01917	0.03272	0.12332	0.58821	0.01959	0.02522	0.02501	0.01865	0.02647	0.01553	0.02074	0.01292	0.00750	0.00823	0.00250	0.01001	0.00740	0.00406	0.01271
6	0.02734	0.01655	0.02251	0.01736	0.02319	0.01609	0.07490	0.16720	0.02508	0.26467	0.07369	0.06160	0.02306	0.01091	0.00937	0.00251	0.04116	0.00913	0.00800	0.10569

[dist]
# distance from previous block
# <min> <max>
6	7

[block]
# block no. 1 follows, 22 sequences, length 7
# corresponding to MSA columns:
# 29-35
name=unknown_B
#
# <colnr> <probs for GDERKNQSTAVLIFYWHMCP>
#	G	D	E	R	K	N	Q	S	T	A	V	L	I	F	Y	W	H	M	C	P
0	0.40689	0.01848	0.10601	0.01324	0.01869	0.01646	0.01231	0.06840	0.01897	0.03582	0.17965	0.02723	0.02770	0.01033	0.00699	0.00258	0.00681	0.00770	0.00619	0.00955
1	0.02361	0.02024	0.02952	0.12883	0.35937	0.02160	0.02187	0.22913	0.02542	0.03486	0.01697	0.02057	0.01320	0.00840	0.00826	0.00252	0.00979	0.00743	0.00548	0.01294
2	0.01263	0.00836	0.01095	0.01137	0.01303	0.00769	0.00830	0.01531	0.01967	0.06648	0.27521	0.33963	0.10148	0.02111	0.01016	0.00303	0.00476	0.05473	0.00841	0.00770
3	0.02422	0.01776	0.02012	0.01511	0.02200	0.01670	0.01227	0.22989	0.06021	0.09748	0.01933	0.01999	0.01445	0.00813	0.00723	0.00188	0.00728	0.00637	0.00679	0.39282
4	0.02915	0.02081	0.02273	0.01782	0.02384	0.02274	0.01458	0.48387	0.08516	0.08871	0.08302	0.02545	0.02167	0.01078	0.00847	0.00254	0.00829	0.00842	0.00853	0.01344
5	0.01634	0.15216	0.29095	0.01772	0.02457	0.05777	0.01902	0.02148	0.01724	0.02299	0.02463	0.24863	0.02560	0.01393	0.00832	0.00270	0.00930	0.01170	0.00499	0.00995
6	0.56700	0.01654	0.01476	0.01245	0.01797	0.01837	0.01027	0.09321	0.01844	0.14101	0.01595	0.01662	0.01145	0.00838	0.00601	0.00256	0.00683	0.00546	0.00633	0.01040

[dist]
# distance from previous block
# <min> <max>
6	12

[block]
# block no. 2 follows, 22 sequences, length 11
# corresponding to MSA columns:
# 48-58
name=unknown_C
#
# <colnr> <probs for GDERKNQSTAVLIFYWHMCP>
#	G	D	E	R	K	N	Q	S	T	A	V	L	I	F	Y	W	H	M	C	P
0	0.49701	0.01375	0.01176	0.01078	0.01502	0.01515	0.00855	0.02210	0.03625	0.05312	0.06098	0.06100	0.12021	0.03431	0.00782	0.00284	0.00594	0.00858	0.00616	0.00868
1	0.01757	0.01668	0.02831	0.44260	0.28802	0.01895	0.02401	0.02287	0.01750	0.02350	0.01510	0.02154	0.01188	0.00796	0.00827	0.00265	0.01061	0.00739	0.00385	0.01074
2	0.02200	0.01724	0.02004	0.02100	0.12256	0.04730	0.01410	0.03496	0.31632	0.12330	0.03585	0.03426	0.10574	0.01151	0.00846	0.00264	0.00723	0.00967	0.00761	0.03822
3	0.02225	0.02294	0.03208	0.04622	0.55459	0.12531	0.02397	0.02673	0.01966	0.02604	0.01518	0.01966	0.01276	0.00759	0.00811	0.00241	0.01069	0.00707	0.00414	0.01259
4	0.02372	0.60186	0.04053	0.01500	0.02204	0.03173	0.01447	0.12217	0.02045	0.02483	0.01290	0.01439	0.01122	0.00757	0.00581	0.00189	0.00893	0.00493	0.00432	0.01122
5	0.02792	0.02110	0.02297	0.01738	0.02421	0.02202	0.01427	0.47359	0.03349	0.04591	0.01862	0.01925	0.01366	0.00900	0.00776	0.00217	0.00838	0.00683	0.00745	0.20402
6	0.01727	0.00982	0.01186	0.01069	0.01409	0.00851	0.00825	0.02002	0.02101	0.18787	0.19572	0.10176	0.32559	0.01770	0.00949	0.00274	0.00491	0.01501	0.00869	0.00900
7	0.02838	0.02108	0.02250	0.01754	0.02362	0.02300	0.01439	0.53773	0.03610	0.04795	0.02940	0.02878	0.10818	0.01160	0.00853	0.00254	0.00842	0.00896	0.00822	0.01308
8	0.02015	0.01798	0.01774	0.01594	0.02041	0.05969	0.01237	0.06952	0.47003	0.03281	0.03987	0.03729	0.12498	0.01261	0.00861	0.00276	0.00686	0.01035	0.00807	0.01199
9	0.01705	0.01050	0.01407	0.01254	0.01502	0.01047	0.00975	0.02046	0.02195	0.14681	0.43276	0.08930	0.05908	0.01603	0.01146	0.00276	0.07878	0.01347	0.00868	0.00907
10	0.02733	0.02043	0.02231	0.01718	0.02343	0.02167	0.01406	0.47302	0.03417	0.04658	0.08727	0.02408	0.02078	0.01017	0.00815	0.00232	0.00814	0.00792	0.00790	0.12310

[dist]
# distance from previous block
# <min> <max>
10	14

[block]
# block no. 3 follows, 22 sequences, length 80
# corresponding to MSA columns:
# 73-152
name=unknown_D
#
# <colnr> <probs for GDERKNQSTAVLIFYWHMCP>
#	G	D	E	R	K	N	Q	S	T	A	V	L	I	F	Y	W	H	M	C	P
0	0.12008	0.01532	0.04433	0.01430	0.02004	0.01372	0.01206	0.03451	0.09773	0.37984	0.11050	0.03046	0.02667	0.01075	0.00808	0.00257	0.00671	0.00869	0.00883	0.03482
1	0.07653	0.01121	0.01336	0.01202	0.01475	0.01138	0.00926	0.08026	0.02309	0.03391	0.43601	0.09825	0.05881	0.01565	0.00991	0.00264	0.03376	0.01330	0.00822	0.03766
2	0.01971	0.01770	0.02978	0.02342	0.02901	0.01783	0.26167	0.07380	0.17106	0.05991	0.02840	0.12984	0.02528	0.01251	0.00955	0.00294	0.00964	0.06024	0.00663	0.01109
3	0.01268	0.00951	0.01226	0.01357	0.01573	0.00927	0.01144	0.01678	0.04411	0.02451	0.05296	0.12053	0.18724	0.02220	0.01092	0.00352	0.00666	0.41073	0.00770	0.00768
4	0.01693	0.06516	0.57427	0.02214	0.03371	0.01895	0.02791	0.02569	0.01748	0.02613	0.01477	0.01735	0.01071	0.00768	0.00762	0.00245	0.01151	0.00595	0.00366	0.08992
5	0.03103	0.03959	0.02354	0.02140	0.02568	0.67469	0.01605	0.03317	0.02354	0.02033	0.01284	0.01498	0.01070	0.00856	0.00749	0.00214	0.01498	0.00535	0.00428	0.00963
6	0.02066	0.01785	0.01878	0.01691	0.02160	0.02066	0.01315	0.04414	0.64121	0.03475	0.03381	0.03099	0.02536	0.01127	0.00845	0.00282	0.00657	0.00939	0.00845	0.01315
7	0.01188	0.00884	0.01305	0.01305	0.01443	0.01022	0.01001	0.01464	0.01326	0.01906	0.02253	0.03415	0.02143	0.10744	0.63089	0.01298	0.02126	0.00912	0.00449	0.00725
8	0.01939	0.02199	0.04771	0.07057	0.04417	0.02087	0.59322	0.02632	0.01944	0.02632	0.01670	0.02239	0.01252	0.00707	0.00972	0.00280	0.01385	0.00967	0.00417	0.01110
9	0.01089	0.00808	0.01029	0.01182	0.01293	0.00768	0.00842	0.01360	0.04211	0.02234	0.04999	0.52492	0.12920	0.02443	0.01052	0.00333	0.00514	0.08944	0.00773	0.00715
10	0.51070	0.01694	0.01567	0.03849	0.01990	0.01906	0.01109	0.11451	0.05304	0.10779	0.01646	0.01734	0.01199	0.00854	0.00625	0.00258	0.00707	0.00573	0.00629	0.01054
11	0.01723	0.01477	0.01723	0.01230	0.01969	0.01107	0.00984	0.02092	0.01723	0.02707	0.01477	0.01723	0.01230	0.00615	0.00615	0.00123	0.00615	0.00492	0.00492	0.75883
12	0.02031	0.05014	0.02040	0.05324	0.04618	0.08538	0.01386	0.10545	0.04398	0.07159	0.06365	0.03028	0.06544	0.02487	0.18295	0.00543	0.09229	0.00878	0.00586	0.00993
13	0.08083	0.01805	0.02950	0.22473	0.43689	0.01929	0.02346	0.02422	0.01788	0.02633	0.01505	0.02042	0.01224	0.00768	0.00799	0.00256	0.00992	0.00716	0.00408	0.01172
14	0.01631	0.01542	0.02638	0.51356	0.04987	0.01759	0.09368	0.02177	0.01707	0.02285	0.01547	0.02200	0.01177	0.00798	0.00817	0.00258	0.01064	0.00743	0.03203	0.08743
15	0.01254	0.00882	0.01029	0.01002	0.01002	0.00936	0.00602	0.01268	0.01213	0.01640	0.02503	0.05164	0.02875	0.65589	0.04115	0.00772	0.05955	0.01172	0.00493	0.00534
16	0.01899	0.01581	0.01817	0.01314	0.02043	0.01288	0.01057	0.09561	0.01991	0.03018	0.01540	0.01756	0.01253	0.00662	0.00642	0.00139	0.00652	0.00524	0.00534	0.66729
17	0.01460	0.00917	0.01171	0.01068	0.01331	0.00825	0.00815	0.01817	0.02288	0.10874	0.49306	0.06053	0.15523	0.01676	0.00962	0.00264	0.00435	0.01457	0.00908	0.00849
18	0.01963	0.01436	0.01846	0.01648	0.04428	0.01392	0.03562	0.07465	0.10975	0.10484	0.02896	0.20003	0.02739	0.01373	0.00926	0.00256	0.03273	0.02943	0.00705	0.19686
19	0.02801	0.01535	0.01845	0.01540	0.02072	0.01562	0.01230	0.04024	0.29691	0.33722	0.07979	0.03202	0.02703	0.01122	0.00851	0.00268	0.00661	0.00932	0.00939	0.01323
20	0.01338	0.00887	0.01121	0.01049	0.01289	0.00799	0.00791	0.01680	0.02235	0.08124	0.47145	0.09312	0.17562	0.01760	0.00972	0.00268	0.00427	0.01535	0.00891	0.00814
21	0.02414	0.02300	0.02318	0.04891	0.12828	0.15438	0.01635	0.14554	0.24369	0.03325	0.05626	0.02527	0.02056	0.01003	0.00826	0.00255	0.00934	0.00811	0.00672	0.01218
22	0.02186	0.33376	0.18556	0.01884	0.02565	0.14189	0.01904	0.02598	0.01761	0.02136	0.01249	0.01532	0.01067	0.00863	0.00950	0.00231	0.10979	0.00542	0.00368	0.01064
23	0.00983	0.00835	0.00848	0.00859	0.01127	0.00700	0.00639	0.01190	0.01877	0.02237	0.08207	0.11385	0.62030	0.02131	0.00986	0.00284	0.00424	0.01786	0.00771	0.00700
24	0.01012	0.00723	0.00964	0.01157	0.01205	0.00675	0.00771	0.01157	0.01591	0.02121	0.04579	0.70262	0.05495	0.02603	0.01060	0.00337	0.00482	0.02362	0.00771	0.00675
25	0.02015	0.01949	0.03379	0.09814	0.58193	0.01970	0.05398	0.02523	0.01878	0.02667	0.01562	0.02077	0.01298	0.00745	0.00831	0.00251	0.01016	0.00752	0.00408	0.01277
26	0.02117	0.58796	0.15954	0.01598	0.02405	0.03034	0.01729	0.02514	0.01700	0.02081	0.01218	0.01411	0.01064	0.00725	0.00581	0.00194	0.00952	0.00476	0.00355	0.01096
27	0.01267	0.01493	0.13317	0.01292	0.01681	0.00998	0.01210	0.01766	0.02240	0.03201	0.53294	0.05375	0.06572	0.01529	0.00944	0.00262	0.00548	0.01337	0.00809	0.00867
28	0.01006	0.00745	0.00941	0.01098	0.01189	0.00680	0.00745	0.01163	0.01647	0.02144	0.05295	0.58639	0.16656	0.02510	0.01046	0.00327	0.00471	0.02248	0.00771	0.00680
29	0.02413	0.01827	0.01978	0.01701	0.02219	0.02053	0.01345	0.13301	0.48247	0.10527	0.03158	0.02901	0.02313	0.01097	0.00842	0.00274	0.00702	0.00899	0.00863	0.01341
30	0.02891	0.02346	0.02353	0.01880	0.02413	0.09931	0.01532	0.45063	0.03290	0.04368	0.01872	0.02002	0.01394	0.01026	0.01000	0.00253	0.08058	0.00723	0.06344	0.01260
31	0.01299	0.01025	0.01500	0.08387	0.01980	0.01207	0.01193	0.01792	0.06554	0.02076	0.02243	0.03141	0.02014	0.05247	0.55066	0.01138	0.01979	0.00878	0.00470	0.00808
32	0.01012	0.00723	0.00964	0.01157	0.01205	0.00675	0.00771	0.01157	0.01591	0.02121	0.04579	0.70262	0.05495	0.02603	0.01060	0.00337	0.00482	0.02362	0.00771	0.00675
33	0.01867	0.02212	0.07790	0.10147	0.04323	0.02009	0.50734	0.02545	0.01904	0.02582	0.01762	0.04866	0.01399	0.00793	0.00958	0.00281	0.01325	0.00990	0.00425	0.01088
34	0.01747	0.11001	0.52716	0.02301	0.03367	0.02124	0.05226	0.02570	0.01719	0.02514	0.01433	0.01735	0.01065	0.00827	0.00916	0.00262	0.06317	0.00620	0.00355	0.01183
35	0.01596	0.03804	0.57142	0.02179	0.03259	0.01765	0.02742	0.02479	0.01839	0.02731	0.10606	0.02391	0.02024	0.00919	0.00817	0.00263	0.01108	0.00741	0.00431	0.01164
36	0.01983	0.01884	0.03126	0.14515	0.51756	0.01961	0.02420	0.02625	0.06536	0.02681	0.01686	0.02159	0.01376	0.00783	0.00825	0.00254	0.00980	0.00755	0.00437	0.01256
37	0.01187	0.00890	0.01335	0.01335	0.01483	0.01038	0.01038	0.01483	0.01335	0.01928	0.02225	0.03264	0.02077	0.06231	0.67512	0.01335	0.02225	0.00890	0.00445	0.00742
38	0.01724	0.11272	0.60031	0.02269	0.03443	0.02071	0.02898	0.02616	0.01747	0.02560	0.01456	0.01710	0.01054	0.00781	0.00763	0.00254	0.01192	0.00596	0.00351	0.01211
39	0.02505	0.01313	0.01669	0.01334	0.01854	0.01169	0.01068	0.05192	0.05671	0.30589	0.21120	0.03606	0.03611	0.01155	0.00839	0.00235	0.00603	0.00972	0.00881	0.14613
40	0.01640	0.03768	0.54607	0.02324	0.03412	0.01824	0.07748	0.02523	0.01833	0.02706	0.08136	0.02257	0.01776	0.00877	0.00825	0.00264	0.01155	0.00737	0.00415	0.01173
41	0.01291	0.00863	0.01297	0.13755	0.01998	0.00912	0.01038	0.01307	0.01397	0.01845	0.02724	0.30002	0.03027	0.02387	0.01907	0.31039	0.00696	0.01391	0.00529	0.00593
42	0.02371	0.01568	0.01652	0.01355	0.01790	0.01695	0.01091	0.33059	0.02848	0.04190	0.02344	0.02534	0.01763	0.00983	0.00709	0.00222	0.00656	0.00761	0.37309	0.01101
43	0.01710	0.01752	0.03361	0.45247	0.05224	0.01938	0.24061	0.02317	0.01769	0.02317	0.01550	0.02224	0.01163	0.00784	0.00885	0.00278	0.01213	0.00826	0.00388	0.00994
44	0.01978	0.08084	0.10843	0.03656	0.21129	0.02146	0.34648	0.02613	0.01897	0.02614	0.01585	0.02064	0.01238	0.00722	0.00880	0.00261	0.01225	0.00831	0.00405	0.01182
45	0.01312	0.00937	0.01308	0.01499	0.01679	0.00933	0.01292	0.01675	0.01886	0.02456	0.04413	0.14399	0.04840	0.02320	0.01140	0.00379	0.00742	0.55268	0.00765	0.00758
46	0.02008	0.01734	0.01823	0.01645	0.02105	0.01993	0.01278	0.04242	0.60795	0.03409	0.03650	0.03361	0.05890	0.01179	0.00853	0.00282	0.00645	0.00983	0.00841	0.01282
47	0.01861	0.01740	0.02922	0.04363	0.53597	0.01731	0.02218	0.02290	0.01835	0.02603	0.02126	0.14788	0.02096	0.01088	0.00867	0.00264	0.00893	0.01043	0.00478	0.01196
48	0.02066	0.01785	0.01878	0.01691	0.02160	0.02066	0.01315	0.04414	0.64121	0.03475	0.03381	0.03099	0.02536	0.01127	0.00845	0.00282	0.00657	0.00939	0.00845	0.01315
49	0.00992	0.00801	0.00883	0.00949	0.01150	0.00692	0.00679	0.01180	0.01790	0.02202	0.07103	0.29298	0.44829	0.02275	0.01009	0.00300	0.00442	0.01961	0.00771	0.00692
50	0.02143	0.01376	0.01440	0.01225	0.01599	0.01479	0.00972	0.23516	0.05900	0.03871	0.02495	0.02709	0.01899	0.00987	0.00683	0.00218	0.00587	0.00774	0.45099	0.01029
51	0.01708	0.09336	0.61827	0.02297	0.03486	0.02031	0.02945	0.02620	0.01749	0.02580	0.01466	0.01722	0.01053	0.00783	0.00770	0.00257	0.01202	0.00601	0.00351	0.01216
52	0.07411	0.00912	0.01120	0.01049	0.01271	0.00873	0.00793	0.01640	0.02274	0.03364	0.59896	0.05804	0.07265	0.01622	0.00941	0.00261	0.00413	0.01415	0.00881	0.00793
53	0.01029	0.00843	0.00907	0.00891	0.01151	0.00721	0.00668	0.01283	0.02005	0.02508	0.22188	0.07561	0.51349	0.02006	0.00981	0.00276	0.00414	0.01692	0.00806	0.00721
54	0.01767	0.01679	0.02850	0.42911	0.30071	0.01898	0.02406	0.02296	0.01755	0.02363	0.01512	0.02150	0.01192	0.00794	0.00827	0.00265	0.01058	0.00739	0.00386	0.01083
55	0.03430	0.01780	0.02031	0.01611	0.02220	0.06954	0.01309	0.11591	0.08999	0.46528	0.02959	0.02639	0.01942	0.01020	0.00829	0.00255	0.00794	0.00810	0.00934	0.01366
56	0.04687	0.01482	0.02439	0.65997	0.05551	0.01846	0.02249	0.02136	0.01651	0.02189	0.01463	0.02179	0.01099	0.00828	0.00817	0.00276	0.01088	0.00726	0.00375	0.00922
57	0.01191	0.00864	0.01132	0.01106	0.01305	0.00805	0.00857	0.01574	0.02270	0.03166	0.54145	0.06732	0.09787	0.01800	0.01004	0.00279	0.00446	0.09873	0.00887	0.00778
58	0.02056	0.01974	0.03372	0.05099	0.65622	0.01974	0.02550	0.02550	0.01892	0.02714	0.01563	0.02056	0.01316	0.00740	0.00822	0.00247	0.00987	0.00740	0.00411	0.01316
59	0.01994	0.43910	0.29761	0.01808	0.02730	0.02732	0.02095	0.02546	0.01715	0.02231	0.01292	0.01505	0.01060	0.00743	0.00638	0.00213	0.01027	0.00514	0.00353	0.01132
60	0.01056	0.00748	0.00985	0.01157	0.01211	0.00709	0.00784	0.01203	0.01574	0.02094	0.04362	0.59136	0.05186	0.09679	0.01396	0.00389	0.00536	0.06389	0.00743	0.00663
61	0.01283	0.00916	0.01274	0.01466	0.01632	0.00908	0.01241	0.01624	0.01857	0.02423	0.04430	0.19833	0.04904	0.02348	0.01132	0.00375	0.00716	0.50122	0.00766	0.00749
62	0.00995	0.00842	0.00860	0.00856	0.01130	0.00707	0.00642	0.01218	0.01926	0.02320	0.12383	0.07870	0.61270	0.02076	0.00982	0.00279	0.00419	0.01736	0.00781	0.00707
63	0.01882	0.01623	0.02083	0.05084	0.02411	0.01374	0.05751	0.08461	0.01965	0.02936	0.01546	0.01816	0.01245	0.00673	0.00677	0.00156	0.00732	0.00569	0.00515	0.58503
64	0.01569	0.01477	0.02492	0.68808	0.05722	0.01846	0.02307	0.02123	0.01661	0.02123	0.01477	0.02215	0.01107	0.00831	0.00831	0.00277	0.01107	0.00738	0.00369	0.00923
65	0.01187	0.00890	0.01335	0.01335	0.01483	0.01038	0.01038	0.01483	0.01335	0.01928	0.02225	0.03264	0.02077	0.06231	0.67512	0.01335	0.02225	0.00890	0.00445	0.00742
66	0.02056	0.01974	0.03372	0.05099	0.65622	0.01974	0.02550	0.02550	0.01892	0.02714	0.01563	0.02056	0.01316	0.00740	0.00822	0.00247	0.00987	0.00740	0.00411	0.01316
67	0.01314	0.01118	0.01167	0.01127	0.01445	0.01114	0.00851	0.02168	0.20777	0.02608	0.06556	0.11862	0.41076	0.01850	0.00947	0.00286	0.00498	0.01558	0.00794	0.00885
68	0.01096	0.00841	0.01003	0.00973	0.01195	0.00748	0.00726	0.01409	0.02147	0.02871	0.41239	0.09478	0.29489	0.01889	0.00984	0.00272	0.00406	0.01632	0.00855	0.00748
69	0.01139	0.00848	0.01059	0.01006	0.01218	0.00768	0.00755	0.01496	0.02264	0.03124	0.54366	0.06546	0.18786	0.01776	0.00980	0.00265	0.00397	0.01550	0.00887	0.00768
70	0.01051	0.00758	0.00998	0.01140	0.01227	0.00705	0.00789	0.01249	0.01743	0.02343	0.14939	0.54795	0.08126	0.02420	0.01047	0.00324	0.00475	0.04378	0.00795	0.00698
71	0.01233	0.00876	0.01045	0.00986	0.01240	0.00774	0.00745	0.01548	0.02167	0.06249	0.38799	0.06752	0.30881	0.01827	0.00973	0.00269	0.00420	0.01569	0.00862	0.00784
72	0.04817	0.02145	0.02449	0.02035	0.02326	0.07401	0.01674	0.23049	0.04219	0.03213	0.01488	0.01879	0.01238	0.01220	0.01797	0.00307	0.36378	0.00717	0.00549	0.01098
73	0.00982	0.00842	0.00842	0.00842	0.01122	0.00701	0.00631	0.01192	0.01894	0.02244	0.08416	0.07995	0.65285	0.02104	0.00982	0.00281	0.00421	0.01753	0.00771	0.00701
74	0.76672	0.01607	0.01221	0.01092	0.01607	0.01864	0.00900	0.02442	0.01414	0.03727	0.01157	0.01350	0.00900	0.00771	0.00514	0.00257	0.00643	0.00450	0.00514	0.00900
75	0.01961	0.02241	0.04902	0.03501	0.04342	0.02101	0.62605	0.02661	0.01961	0.02661	0.01681	0.02241	0.01261	0.00700	0.00980	0.00280	0.01401	0.00980	0.00420	0.01120
76	0.01048	0.00796	0.01113	0.01223	0.01325	0.00735	0.03274	0.01221	0.01634	0.02154	0.04815	0.61747	0.10841	0.02479	0.01050	0.00330	0.00514	0.02249	0.00757	0.00695
77	0.02928	0.02453	0.02296	0.04563	0.05972	0.19421	0.01557	0.20817	0.13762	0.14425	0.02233	0.02216	0.01617	0.00968	0.00812	0.00248	0.00999	0.00740	0.00721	0.01252
78	0.51742	0.15448	0.08448	0.01327	0.01948	0.04804	0.01248	0.02505	0.01539	0.03205	0.01195	0.01393	0.00954	0.00765	0.00555	0.00241	0.00784	0.00469	0.00463	0.00967
79	0.01955	0.02223	0.04803	0.03446	0.04251	0.02119	0.60052	0.02633	0.01932	0.02633	0.01656	0.02223	0.01253	0.00732	0.01054	0.00284	0.04252	0.00970	0.00418	0.01112

[dist]
# distance from previous block
# <min> <max>
0	1

[block]
# block no. 4 follows, 22 sequences, length 39
# corresponding to MSA columns:
# 154-192
name=unknown_E
#
# <colnr> <probs for GDERKNQSTAVLIFYWHMCP>
#	G	D	E	R	K	N	Q	S	T	A	V	L	I	F	Y	W	H	M	C	P
0	0.16133	0.02936	0.02205	0.01870	0.02401	0.31745	0.01471	0.25294	0.02765	0.03523	0.01526	0.01656	0.01167	0.00894	0.00738	0.00235	0.01130	0.00599	0.00593	0.01119
1	0.01273	0.00919	0.01258	0.01437	0.01615	0.00903	0.01219	0.01614	0.01870	0.02423	0.04684	0.17157	0.08816	0.02322	0.01125	0.00370	0.00706	0.48773	0.00766	0.00749
2	0.01796	0.01913	0.03817	0.29609	0.04785	0.02021	0.35360	0.02412	0.01806	0.02412	0.01569	0.02209	0.01191	0.00791	0.01009	0.00283	0.04720	0.00871	0.00397	0.01031
3	0.01130	0.00876	0.01038	0.01085	0.01313	0.00796	0.00864	0.01413	0.01943	0.02464	0.16036	0.08015	0.35138	0.05033	0.01170	0.00331	0.00537	0.19311	0.00781	0.00725
4	0.30780	0.06792	0.02092	0.01553	0.02148	0.04643	0.01290	0.29413	0.04992	0.06484	0.01695	0.01760	0.01249	0.00893	0.00689	0.00248	0.00814	0.00617	0.00672	0.01176
5	0.03158	0.02327	0.02493	0.01911	0.02576	0.02576	0.01579	0.62852	0.03906	0.05236	0.01995	0.01995	0.01413	0.00997	0.00831	0.00249	0.00914	0.00748	0.00831	0.01413
6	0.01569	0.01477	0.02492	0.68808	0.05722	0.01846	0.02307	0.02123	0.01661	0.02123	0.01477	0.02215	0.01107	0.00831	0.00831	0.00277	0.01107	0.00738	0.00369	0.00923
7	0.01549	0.00774	0.00774	0.00774	0.00968	0.00774	0.00581	0.01936	0.01742	0.03097	0.02710	0.03097	0.02129	0.00968	0.00581	0.00194	0.00387	0.00774	0.75416	0.00774
8	0.01012	0.00723	0.00964	0.01157	0.01205	0.00675	0.00771	0.01157	0.01591	0.02121	0.04579	0.70262	0.05495	0.02603	0.01060	0.00337	0.00482	0.02362	0.00771	0.00675
9	0.01443	0.00722	0.01082	0.01082	0.01082	0.00722	0.00722	0.01082	0.01082	0.01443	0.01443	0.02525	0.01443	0.02886	0.03247	0.75830	0.00722	0.00722	0.00361	0.00361
10	0.02221	0.71304	0.04353	0.01421	0.02132	0.03287	0.01421	0.02488	0.01688	0.01955	0.01155	0.01333	0.01066	0.00711	0.00533	0.00178	0.00888	0.00444	0.00355	0.01066
11	0.02904	0.06188	0.04746	0.01494	0.02178	0.01503	0.01283	0.07249	0.06482	0.35646	0.02550	0.02381	0.01740	0.00902	0.00761	0.00221	0.00728	0.00719	0.00800	0.19527
12	0.06134	0.02216	0.02187	0.01781	0.02362	0.09991	0.01433	0.29899	0.17319	0.14416	0.02406	0.02301	0.01716	0.01006	0.00812	0.00254	0.00879	0.00768	0.00805	0.01314
13	0.02673	0.02682	0.02144	0.01854	0.02282	0.28456	0.01438	0.18885	0.11324	0.03133	0.01930	0.02206	0.01552	0.04814	0.01092	0.00274	0.05526	0.00715	0.05932	0.01089
14	0.02221	0.71304	0.04353	0.01421	0.02132	0.03287	0.01421	0.02488	0.01688	0.01955	0.01155	0.01333	0.01066	0.00711	0.00533	0.00178	0.00888	0.00444	0.00355	0.01066
15	0.02290	0.02157	0.01988	0.01774	0.02248	0.12392	0.01375	0.07488	0.51051	0.03346	0.02974	0.02786	0.02243	0.01077	0.00829	0.00269	0.00804	0.00865	0.00779	0.01265
16	0.01467	0.01007	0.01117	0.01040	0.01128	0.01041	0.00646	0.09393	0.01566	0.02092	0.02535	0.04979	0.02807	0.61535	0.03777	0.00732	0.00820	0.01147	0.00547	0.00624
17	0.02976	0.01671	0.01971	0.01562	0.02123	0.01698	0.01272	0.25084	0.07295	0.28569	0.10430	0.02974	0.02573	0.01104	0.00839	0.00253	0.00724	0.00890	0.04696	0.01296
18	0.02964	0.02189	0.02339	0.01827	0.02447	0.02427	0.01498	0.53858	0.09566	0.04948	0.02167	0.02162	0.01560	0.01008	0.00819	0.00249	0.00860	0.00768	0.04976	0.01368
19	0.01488	0.01320	0.01744	0.01622	0.01732	0.04846	0.01290	0.01714	0.01355	0.01932	0.01794	0.02698	0.01695	0.04341	0.41293	0.04548	0.22572	0.00814	0.00415	0.00786
20	0.02772	0.01948	0.02136	0.01703	0.02279	0.02110	0.01385	0.39036	0.13322	0.11206	0.06833	0.02926	0.06240	0.01139	0.00853	0.00258	0.00784	0.00902	0.00856	0.01310
21	0.01194	0.00808	0.00902	0.00902	0.00920	0.00799	0.00512	0.01207	0.01252	0.01651	0.02990	0.05601	0.07017	0.66395	0.04020	0.00772	0.00781	0.01243	0.00521	0.00516
22	0.02025	0.01931	0.03233	0.08999	0.58252	0.01971	0.02465	0.02626	0.05334	0.02718	0.01658	0.02124	0.01370	0.00767	0.00824	0.00251	0.00976	0.00751	0.00433	0.01291
23	0.03103	0.03959	0.02354	0.02140	0.02568	0.67469	0.01605	0.03317	0.02354	0.02033	0.01284	0.01498	0.01070	0.00856	0.00749	0.00214	0.01498	0.00535	0.00428	0.00963
24	0.02782	0.02297	0.02372	0.09507	0.02861	0.08797	0.01618	0.39916	0.13969	0.04260	0.02107	0.02163	0.01540	0.00987	0.00825	0.00255	0.00949	0.00759	0.00741	0.01296
25	0.02944	0.02171	0.02367	0.01849	0.02457	0.02409	0.01520	0.56178	0.03626	0.04876	0.02020	0.02133	0.01485	0.01566	0.08083	0.00367	0.01057	0.00763	0.00789	0.01340
26	0.01024	0.00732	0.00974	0.01149	0.01208	0.00683	0.00772	0.01186	0.01645	0.02207	0.08894	0.65702	0.05661	0.02538	0.01055	0.00332	0.00476	0.02300	0.00781	0.00683
27	0.01205	0.00818	0.00972	0.00972	0.00994	0.00841	0.00585	0.01250	0.01227	0.01659	0.02558	0.05104	0.02876	0.60939	0.13896	0.00886	0.01022	0.01160	0.00494	0.00540
28	0.34275	0.01415	0.01484	0.01226	0.01758	0.01436	0.01005	0.03103	0.01890	0.31849	0.02310	0.02237	0.01577	0.00912	0.00668	0.00249	0.00639	0.00665	0.10186	0.01116
29	0.01685	0.01123	0.01367	0.01209	0.01520	0.01094	0.00935	0.09600	0.05046	0.09455	0.41874	0.07577	0.11012	0.01587	0.00945	0.00264	0.00504	0.01371	0.00895	0.00935
30	0.08921	0.01428	0.01878	0.01451	0.02084	0.01267	0.01198	0.03934	0.02309	0.61750	0.03126	0.02722	0.01974	0.01010	0.00813	0.00257	0.00702	0.00808	0.00992	0.01377
31	0.02488	0.02652	0.02050	0.01842	0.02294	0.28770	0.01412	0.06600	0.32814	0.02907	0.02713	0.02640	0.05071	0.01060	0.00812	0.00252	0.01002	0.00806	0.00670	0.01145
32	0.01176	0.00849	0.01110	0.01045	0.01241	0.00784	0.00784	0.01568	0.02352	0.03331	0.65184	0.06206	0.07839	0.01698	0.00980	0.00261	0.00392	0.01502	0.00914	0.00784
33	0.01189	0.00881	0.01290	0.01290	0.01423	0.01014	0.00982	0.01454	0.01322	0.01895	0.02267	0.03492	0.02176	0.13032	0.60847	0.01279	0.02076	0.00924	0.00451	0.00717
34	0.30365	0.01456	0.01627	0.01315	0.01887	0.01435	0.01081	0.03333	0.02023	0.40079	0.05645	0.02457	0.01926	0.00968	0.00725	0.00257	0.00667	0.00728	0.00834	0.01193
35	0.01152	0.00848	0.01077	0.01020	0.01226	0.00774	0.00765	0.01521	0.02295	0.03197	0.58177	0.06426	0.14929	0.01748	0.00980	0.00264	0.00395	0.01533	0.00897	0.00774
36	0.01187	0.00890	0.01335	0.01335	0.01483	0.01038	0.01038	0.01483	0.01335	0.01928	0.02225	0.03264	0.02077	0.06231	0.67512	0.01335	0.02225	0.00890	0.00445	0.00742
37	0.01292	0.00886	0.01038	0.01007	0.01066	0.00909	0.00628	0.04047	0.01422	0.01927	0.06839	0.05101	0.03177	0.56005	0.10619	0.00800	0.00934	0.01173	0.00540	0.00589
38	0.01666	0.04297	0.66500	0.02368	0.03596	0.01929	0.03069	0.02631	0.01754	0.02631	0.01491	0.01754	0.01052	0.00789	0.00789	0.00263	0.01228	0.00614	0.00351	0.01228

[dist]
# distance from previous block
# <min> <max>
0	0

# created by:
# /st0/software/busco_prod/Augustus/scripts/msa2prfl.pl ./align_prep/119463.fa
