[name]
unknown

[dist]
# distance from previous block
# <min> <max>
0	8

[block]
# block no. 0 follows, 26 sequences, length 11
# corresponding to MSA columns:
# 8-18
name=unknown_A
#
# <colnr> <probs for GDERKNQSTAVLIFYWHMCP>
#	G	D	E	R	K	N	Q	S	T	A	V	L	I	F	Y	W	H	M	C	P
0	0.02191	0.01309	0.01527	0.01437	0.01794	0.07154	0.01204	0.02607	0.05617	0.26470	0.03342	0.05438	0.03051	0.01501	0.00897	0.00289	0.00733	0.31720	0.00762	0.00957
1	0.07149	0.17802	0.07180	0.01937	0.09135	0.14329	0.03346	0.09601	0.01946	0.04031	0.08824	0.02002	0.01746	0.00879	0.00830	0.00220	0.06940	0.00644	0.00474	0.00984
2	0.08245	0.02070	0.02145	0.10399	0.02618	0.08793	0.01460	0.43053	0.02912	0.08371	0.01722	0.01810	0.01230	0.00866	0.00731	0.00229	0.00878	0.00648	0.00661	0.01160
3	0.02046	0.01577	0.02263	0.08936	0.02615	0.01487	0.12101	0.12639	0.04400	0.11647	0.03611	0.02033	0.01455	0.00746	0.00714	0.00195	0.00780	0.00668	0.00564	0.29523
4	0.02376	0.01811	0.01794	0.01487	0.01949	0.10076	0.01184	0.25818	0.12027	0.12777	0.10901	0.03063	0.09178	0.01100	0.00783	0.00233	0.00734	0.00876	0.00745	0.01088
5	0.01423	0.01260	0.02089	0.62178	0.04658	0.01552	0.01908	0.01856	0.01481	0.01941	0.01409	0.02089	0.01087	0.00908	0.00914	0.06164	0.00947	0.00675	0.04667	0.00796
6	0.01032	0.00752	0.00971	0.00962	0.01119	0.00691	0.00704	0.01334	0.01982	0.02757	0.51526	0.19007	0.10852	0.01738	0.00909	0.00253	0.00376	0.01542	0.00800	0.00691
7	0.01073	0.00730	0.00864	0.00887	0.00911	0.00724	0.00534	0.01129	0.01237	0.01668	0.07438	0.15403	0.03393	0.54631	0.05708	0.00652	0.00711	0.01274	0.00523	0.00511
8	0.08787	0.01382	0.01713	0.01336	0.01910	0.01279	0.01094	0.06555	0.07863	0.48141	0.02624	0.02358	0.01728	0.00888	0.00720	0.00224	0.00638	0.00708	0.00828	0.09224
9	0.10685	0.01500	0.04134	0.01375	0.01911	0.01409	0.01157	0.12092	0.08854	0.36867	0.09713	0.02661	0.02274	0.00979	0.00746	0.00237	0.00647	0.00784	0.00814	0.01164
10	0.09150	0.00921	0.01125	0.01308	0.07126	0.00900	0.00852	0.01463	0.04027	0.02373	0.13978	0.32236	0.18189	0.01780	0.00863	0.00270	0.00477	0.01558	0.00673	0.00731

[dist]
# distance from previous block
# <min> <max>
20	32

[block]
# block no. 1 follows, 26 sequences, length 147
# corresponding to MSA columns:
# 53-199
name=unknown_B
#
# <colnr> <probs for GDERKNQSTAVLIFYWHMCP>
#	G	D	E	R	K	N	Q	S	T	A	V	L	I	F	Y	W	H	M	C	P
0	0.11693	0.01972	0.02069	0.05994	0.10923	0.13829	0.04085	0.16887	0.04840	0.05458	0.02112	0.02266	0.07053	0.01028	0.02749	0.00253	0.00902	0.00705	0.00546	0.04636
1	0.01777	0.01670	0.02287	0.23810	0.03254	0.06456	0.10486	0.08138	0.03868	0.02502	0.01495	0.01868	0.01159	0.00708	0.00704	0.00200	0.00883	0.00628	0.02810	0.25298
2	0.17553	0.01301	0.04232	0.01212	0.01669	0.01171	0.01020	0.02559	0.04749	0.25941	0.17101	0.05350	0.02994	0.01098	0.00739	0.00237	0.00578	0.03837	0.00738	0.05922
3	0.05105	0.01354	0.02180	0.64123	0.04849	0.01647	0.01976	0.01950	0.01509	0.02038	0.01334	0.01959	0.01009	0.00744	0.00733	0.00244	0.00965	0.00649	0.00350	0.05282
4	0.01482	0.03304	0.54055	0.06873	0.03217	0.01649	0.05279	0.02265	0.01649	0.02411	0.06271	0.02247	0.01566	0.00840	0.00758	0.00246	0.01047	0.03412	0.00378	0.01050
5	0.01038	0.00762	0.00972	0.00945	0.01118	0.00697	0.00699	0.01353	0.02025	0.02812	0.54601	0.13187	0.13603	0.01681	0.00903	0.00248	0.00370	0.01483	0.00806	0.00697
6	0.01707	0.02224	0.13649	0.08916	0.03784	0.01914	0.44776	0.02324	0.01678	0.02324	0.01441	0.01941	0.01096	0.00728	0.01011	0.00261	0.08055	0.00804	0.00365	0.01003
7	0.01072	0.00779	0.01011	0.00963	0.01145	0.00718	0.00728	0.01422	0.02115	0.02972	0.63319	0.05840	0.09617	0.01586	0.00900	0.00243	0.00371	0.03661	0.00824	0.00712
8	0.01839	0.01588	0.01670	0.01507	0.01927	0.01827	0.01171	0.03890	0.64119	0.03119	0.03306	0.03043	0.05461	0.01072	0.00778	0.00257	0.00590	0.00893	0.00769	0.01174
9	0.78701	0.01467	0.01115	0.00997	0.01467	0.01702	0.00821	0.02230	0.01291	0.03403	0.01056	0.01232	0.00821	0.00704	0.00469	0.00235	0.00587	0.00411	0.00469	0.00821
10	0.02400	0.01637	0.01818	0.01502	0.01983	0.01775	0.01215	0.28293	0.21727	0.13265	0.05513	0.02793	0.02134	0.01033	0.00767	0.00240	0.00676	0.03773	0.06288	0.01168
11	0.03403	0.01291	0.01760	0.01350	0.01936	0.01115	0.01115	0.03697	0.02171	0.69137	0.02992	0.02582	0.01878	0.00939	0.00763	0.00235	0.00645	0.00763	0.00939	0.01291
12	0.01521	0.03923	0.69413	0.02162	0.03283	0.01762	0.02802	0.02402	0.01601	0.02402	0.01361	0.01601	0.00961	0.00721	0.00721	0.00240	0.01121	0.00560	0.00320	0.01121
13	0.01137	0.00762	0.00977	0.00994	0.01156	0.00692	0.00718	0.01383	0.01827	0.06576	0.31759	0.31542	0.13862	0.01878	0.00915	0.00267	0.00411	0.01665	0.00774	0.00703
14	0.02273	0.01680	0.01920	0.12653	0.02491	0.01884	0.01349	0.37534	0.08913	0.03797	0.01992	0.02143	0.01469	0.00892	0.00716	0.00225	0.00748	0.00703	0.15521	0.01098
15	0.01829	0.01105	0.01241	0.05082	0.01550	0.01169	0.00882	0.16539	0.02080	0.06658	0.05133	0.02667	0.01963	0.01074	0.02935	0.00233	0.00572	0.00735	0.45676	0.00878
16	0.01645	0.01412	0.01729	0.04110	0.02035	0.01140	0.02975	0.05433	0.01686	0.02575	0.01380	0.01619	0.01129	0.00591	0.00591	0.00129	0.00617	0.00485	0.00460	0.68260
17	0.02715	0.01312	0.01690	0.01264	0.01884	0.01076	0.01034	0.03024	0.01946	0.44057	0.02374	0.02202	0.01594	0.00797	0.00687	0.00189	0.00614	0.00645	0.00755	0.30142
18	0.02028	0.73799	0.03975	0.01298	0.01947	0.03001	0.01298	0.02271	0.01541	0.01785	0.01055	0.01217	0.00973	0.00649	0.00487	0.00162	0.00811	0.00406	0.00324	0.00973
19	0.01458	0.01398	0.02433	0.66619	0.05134	0.01702	0.06679	0.01973	0.01536	0.01973	0.01362	0.02024	0.01021	0.00750	0.00768	0.00253	0.01030	0.00690	0.00340	0.00856
20	0.03055	0.01214	0.01649	0.01290	0.01816	0.01055	0.01055	0.03358	0.02167	0.59251	0.12747	0.03043	0.02667	0.01030	0.00782	0.00235	0.00602	0.00854	0.00923	0.01205
21	0.02455	0.01744	0.01956	0.05210	0.02226	0.01918	0.01303	0.37757	0.15053	0.09252	0.05278	0.02322	0.01818	0.01035	0.00860	0.03745	0.00737	0.00754	0.03419	0.01159
22	0.01028	0.00736	0.00964	0.00997	0.01119	0.00687	0.00714	0.01287	0.01835	0.02546	0.40221	0.29119	0.06080	0.05778	0.01087	0.00294	0.00418	0.03659	0.00764	0.00666
23	0.01796	0.01494	0.01923	0.35394	0.03440	0.05184	0.01574	0.12606	0.07190	0.04696	0.02092	0.05522	0.04005	0.00942	0.00746	0.00240	0.00838	0.00789	0.08600	0.00928
24	0.01018	0.00761	0.00926	0.00906	0.01080	0.00689	0.00660	0.01287	0.01903	0.02577	0.42377	0.11763	0.22269	0.07068	0.01122	0.00286	0.00400	0.01477	0.00762	0.00669
25	0.04771	0.01956	0.02079	0.08582	0.02461	0.05960	0.01401	0.46105	0.04752	0.03974	0.01754	0.01899	0.01291	0.00974	0.00851	0.04283	0.00837	0.00668	0.04274	0.01128
26	0.01059	0.00769	0.00988	0.00943	0.01114	0.00708	0.00698	0.01384	0.02054	0.02880	0.59658	0.08543	0.10236	0.04401	0.01013	0.00262	0.00377	0.01407	0.00808	0.00697
27	0.14557	0.01791	0.01965	0.08489	0.07099	0.03748	0.01384	0.26620	0.16190	0.05350	0.02090	0.02143	0.03502	0.00900	0.00717	0.00238	0.00762	0.00701	0.00640	0.01115
28	0.02862	0.02767	0.02222	0.01835	0.02349	0.31636	0.01452	0.38907	0.02956	0.03520	0.01542	0.01626	0.01155	0.00855	0.00727	0.00214	0.01064	0.00599	0.00600	0.01113
29	0.02568	0.01892	0.02131	0.09322	0.02552	0.02099	0.01437	0.47634	0.08678	0.07252	0.02213	0.02227	0.04570	0.00954	0.00767	0.00235	0.00803	0.00745	0.00720	0.01202
30	0.01877	0.01802	0.03079	0.04656	0.68612	0.01802	0.02328	0.02328	0.01727	0.02478	0.01427	0.01877	0.01201	0.00676	0.00751	0.00225	0.00901	0.00676	0.00375	0.01201
31	0.08519	0.11708	0.51007	0.01924	0.02887	0.04465	0.02346	0.02438	0.01606	0.04608	0.01346	0.01548	0.00981	0.00720	0.00671	0.00229	0.01031	0.00533	0.00357	0.01074
32	0.02664	0.02085	0.02103	0.01674	0.02217	0.07061	0.01359	0.49721	0.11709	0.04248	0.01978	0.01979	0.01440	0.00915	0.00742	0.00226	0.00814	0.00693	0.05155	0.01215
33	0.01243	0.00814	0.01060	0.00976	0.01189	0.00743	0.00740	0.01588	0.02130	0.08031	0.60509	0.05505	0.09518	0.01521	0.00885	0.00239	0.00381	0.01336	0.00837	0.00756
34	0.09570	0.04906	0.02210	0.01842	0.02307	0.42565	0.04186	0.15150	0.05711	0.02653	0.01400	0.01545	0.01101	0.00803	0.00687	0.00210	0.01135	0.00554	0.00487	0.00979
35	0.01780	0.39616	0.35987	0.01721	0.02600	0.02395	0.02034	0.02335	0.01571	0.02087	0.01205	0.01405	0.00967	0.00684	0.00601	0.00200	0.00963	0.00481	0.00322	0.01046
36	0.01682	0.00910	0.01209	0.01058	0.01343	0.00820	0.00820	0.02023	0.02153	0.20316	0.51166	0.04860	0.05777	0.01391	0.00860	0.00238	0.00433	0.01213	0.00862	0.00866
37	0.02086	0.01621	0.01855	0.01799	0.07783	0.01806	0.01296	0.05656	0.52355	0.10582	0.02895	0.02690	0.02139	0.00985	0.00769	0.00251	0.00638	0.00826	0.00756	0.01213
38	0.04648	0.13671	0.08729	0.01782	0.02274	0.40501	0.01512	0.04900	0.06440	0.02167	0.03505	0.01628	0.01274	0.00817	0.00723	0.00207	0.03306	0.00547	0.00427	0.00943
39	0.02883	0.02125	0.02276	0.01745	0.02352	0.02352	0.01442	0.66082	0.03566	0.04780	0.01821	0.01821	0.01290	0.00911	0.00759	0.00228	0.00835	0.00683	0.00759	0.01290
40	0.01047	0.00774	0.00977	0.00926	0.01117	0.00704	0.00694	0.01379	0.02083	0.02891	0.59007	0.05914	0.16456	0.01607	0.00895	0.00241	0.00362	0.01407	0.00815	0.00704
41	0.02563	0.01940	0.02185	0.01732	0.02293	0.02144	0.04160	0.42377	0.22231	0.06901	0.02232	0.02161	0.01611	0.00935	0.00769	0.00238	0.00777	0.00747	0.00754	0.01252
42	0.01432	0.01348	0.02275	0.71520	0.05224	0.01685	0.02107	0.01938	0.01517	0.01938	0.01348	0.02022	0.01011	0.00758	0.00758	0.00253	0.01011	0.00674	0.00337	0.00843
43	0.01432	0.01348	0.02275	0.71520	0.05224	0.01685	0.02107	0.01938	0.01517	0.01938	0.01348	0.02022	0.01011	0.00758	0.00758	0.00253	0.01011	0.00674	0.00337	0.00843
44	0.00984	0.00723	0.00929	0.01051	0.01139	0.00686	0.00721	0.01237	0.04450	0.02138	0.12522	0.58057	0.08146	0.02190	0.00947	0.00294	0.00434	0.01972	0.00724	0.00656
45	0.04064	0.25591	0.44016	0.01902	0.02840	0.02154	0.05047	0.02357	0.01581	0.02241	0.01264	0.01489	0.00969	0.00694	0.00648	0.00216	0.01015	0.00522	0.00329	0.01061
46	0.01084	0.00813	0.01219	0.01219	0.01354	0.00948	0.00948	0.01354	0.01219	0.01761	0.02032	0.02980	0.01896	0.05689	0.70337	0.01219	0.02032	0.00813	0.00406	0.00677
47	0.00906	0.00769	0.00782	0.00779	0.01030	0.00644	0.00584	0.01107	0.01752	0.02103	0.10990	0.07210	0.64963	0.01901	0.00896	0.00255	0.00383	0.01588	0.00711	0.00644
48	0.00935	0.00670	0.00878	0.01035	0.01087	0.00625	0.00690	0.01069	0.01462	0.01947	0.05882	0.66195	0.06725	0.05549	0.01095	0.00324	0.00450	0.02073	0.00697	0.00612
49	0.01779	0.02013	0.04292	0.03094	0.03796	0.01953	0.60373	0.02378	0.01737	0.02378	0.01488	0.02013	0.01138	0.00698	0.01031	0.00262	0.07316	0.00875	0.00379	0.01007
50	0.02297	0.01555	0.01734	0.01468	0.01933	0.01691	0.01167	0.14075	0.36896	0.16837	0.06228	0.02759	0.02291	0.01011	0.00763	0.00243	0.00624	0.00829	0.04414	0.01185
51	0.04562	0.00829	0.01019	0.01046	0.01220	0.00792	0.00754	0.01543	0.05142	0.06826	0.21814	0.37305	0.10531	0.01872	0.00896	0.00274	0.00441	0.01657	0.00749	0.00730
52	0.01432	0.01348	0.02275	0.71520	0.05224	0.01685	0.02107	0.01938	0.01517	0.01938	0.01348	0.02022	0.01011	0.00758	0.00758	0.00253	0.01011	0.00674	0.00337	0.00843
53	0.01795	0.02026	0.04346	0.03119	0.03871	0.01917	0.62819	0.02505	0.04865	0.02465	0.01607	0.02083	0.01206	0.00658	0.00889	0.00256	0.01247	0.00893	0.00402	0.01031
54	0.01646	0.01642	0.02320	0.05994	0.02177	0.02287	0.01685	0.01832	0.01182	0.01832	0.01016	0.01680	0.00997	0.01295	0.02390	0.00327	0.67871	0.00664	0.00332	0.00830
55	0.46432	0.14940	0.01951	0.01276	0.01755	0.05657	0.04715	0.02278	0.01432	0.05291	0.01224	0.01529	0.01016	0.04190	0.00760	0.00248	0.03499	0.00498	0.00445	0.00865
56	0.01034	0.00774	0.00959	0.00913	0.01109	0.00699	0.00685	0.01355	0.02054	0.02820	0.54673	0.06031	0.20834	0.01633	0.00895	0.00242	0.00364	0.01423	0.00806	0.00699
57	0.07397	0.01784	0.02425	0.11769	0.32534	0.05013	0.01809	0.13082	0.05109	0.02881	0.01567	0.01891	0.01237	0.00754	0.00713	0.00223	0.00850	0.00650	0.03862	0.04448
58	0.07238	0.26418	0.34491	0.01690	0.02501	0.05302	0.01939	0.02300	0.01628	0.02296	0.06504	0.01758	0.01445	0.00764	0.00638	0.00212	0.00932	0.00560	0.00376	0.01008
59	0.01783	0.13752	0.45968	0.04074	0.09320	0.01893	0.02377	0.02470	0.01649	0.07814	0.01457	0.01663	0.01063	0.00725	0.00693	0.00227	0.01012	0.00568	0.00378	0.01113
60	0.02010	0.44778	0.09556	0.01593	0.02130	0.11087	0.01529	0.02292	0.01550	0.01859	0.01087	0.01356	0.00977	0.00802	0.00916	0.00206	0.14513	0.00480	0.00334	0.00948
61	0.01649	0.01284	0.01507	0.08520	0.02024	0.01404	0.01129	0.02847	0.33453	0.07561	0.10136	0.06712	0.12628	0.01289	0.00823	0.00260	0.00589	0.04466	0.00729	0.00989
62	0.02354	0.01769	0.01919	0.01578	0.02069	0.01960	0.01265	0.35789	0.24460	0.06238	0.06975	0.05785	0.02231	0.01064	0.00782	0.00242	0.00699	0.00860	0.00772	0.01189
63	0.01109	0.00813	0.01045	0.00980	0.01170	0.00767	0.00737	0.01546	0.05012	0.03047	0.65345	0.05541	0.06944	0.01528	0.00889	0.00239	0.00369	0.01349	0.00832	0.00737
64	0.01700	0.01428	0.01965	0.35554	0.03529	0.01681	0.01651	0.05491	0.23667	0.04975	0.02274	0.02946	0.01821	0.00994	0.00791	0.00262	0.00822	0.06906	0.00559	0.00984
65	0.01663	0.01583	0.02691	0.36931	0.38015	0.01746	0.02221	0.02140	0.01626	0.02217	0.01389	0.01947	0.01110	0.00716	0.00755	0.00239	0.00954	0.00675	0.00357	0.01028
66	0.01457	0.04961	0.01584	0.01322	0.01437	0.01488	0.00994	0.04753	0.08084	0.01961	0.02094	0.08282	0.02192	0.31234	0.04950	0.00506	0.20531	0.00965	0.00479	0.00724
67	0.00925	0.00699	0.00855	0.00965	0.01080	0.00629	0.00667	0.01087	0.01574	0.02033	0.08907	0.49507	0.23942	0.02194	0.00943	0.00289	0.00419	0.01946	0.00712	0.00629
68	0.01688	0.01782	0.02955	0.19482	0.03421	0.05695	0.22508	0.02096	0.01509	0.02048	0.01307	0.01909	0.01084	0.01105	0.04090	0.00315	0.25022	0.00737	0.00356	0.00892
69	0.01432	0.01348	0.02275	0.71520	0.05224	0.01685	0.02107	0.01938	0.01517	0.01938	0.01348	0.02022	0.01011	0.00758	0.00758	0.00253	0.01011	0.00674	0.00337	0.00843
70	0.01817	0.21364	0.33288	0.01792	0.02576	0.04265	0.03656	0.05808	0.01766	0.04983	0.07174	0.01913	0.01564	0.00821	0.00762	0.00222	0.04153	0.00617	0.00419	0.01040
71	0.07867	0.17572	0.25877	0.01581	0.02343	0.01768	0.01708	0.02740	0.01772	0.23937	0.04544	0.01976	0.01504	0.00809	0.00673	0.00221	0.00831	0.00615	0.00553	0.01106
72	0.06398	0.44212	0.20402	0.01572	0.02304	0.09798	0.01674	0.02383	0.01607	0.02044	0.01146	0.01332	0.00962	0.00685	0.00567	0.00190	0.00937	0.00454	0.00339	0.00992
73	0.01700	0.01195	0.01759	0.01531	0.01860	0.01175	0.10203	0.08526	0.07165	0.11793	0.07345	0.30922	0.03520	0.01599	0.00894	0.00277	0.00656	0.06276	0.00710	0.00896
74	0.01087	0.00800	0.01153	0.01153	0.01266	0.00913	0.00866	0.01312	0.01200	0.01712	0.02092	0.03312	0.02040	0.17005	0.59218	0.01138	0.01815	0.00861	0.00415	0.00641
75	0.01794	0.01489	0.01882	0.10945	0.02243	0.03602	0.01388	0.08462	0.08361	0.05461	0.01927	0.02304	0.03727	0.01312	0.04667	0.00313	0.26971	0.00733	0.11515	0.00906
76	0.01206	0.00862	0.01202	0.01368	0.01539	0.00858	0.01185	0.01548	0.01751	0.02287	0.06444	0.10689	0.04493	0.02085	0.01039	0.00344	0.00677	0.59022	0.00704	0.00696
77	0.01869	0.25308	0.29891	0.02061	0.02892	0.09497	0.13801	0.02433	0.01676	0.02157	0.01277	0.01539	0.01001	0.00690	0.00676	0.00214	0.01080	0.00566	0.00341	0.01031
78	0.03088	0.01258	0.01683	0.01321	0.01858	0.01117	0.01080	0.03489	0.05723	0.58933	0.09511	0.02903	0.02429	0.01005	0.00776	0.00236	0.00614	0.00829	0.00919	0.01228
79	0.01513	0.03694	0.63197	0.02175	0.03235	0.01726	0.06165	0.02351	0.01606	0.02385	0.01480	0.04400	0.01129	0.00781	0.00740	0.00244	0.01103	0.00641	0.00339	0.01096
80	0.01060	0.00775	0.00995	0.00940	0.01125	0.00710	0.00705	0.01406	0.02116	0.02967	0.63656	0.05789	0.11759	0.01579	0.00895	0.00240	0.00360	0.01389	0.00825	0.00710
81	0.01607	0.01246	0.01466	0.03828	0.03516	0.01340	0.01070	0.12450	0.19424	0.03000	0.14577	0.16843	0.05579	0.01427	0.00837	0.00260	0.00574	0.05282	0.04744	0.00931
82	0.01261	0.00820	0.01081	0.01004	0.01214	0.00753	0.00769	0.01613	0.02131	0.08131	0.60363	0.05553	0.06626	0.01527	0.00891	0.00243	0.00395	0.04028	0.00837	0.00760
83	0.01500	0.01283	0.01357	0.01246	0.01556	0.04158	0.00954	0.02649	0.31767	0.02953	0.29696	0.04356	0.10784	0.01318	0.00830	0.00247	0.00513	0.01123	0.00775	0.00936
84	0.01103	0.00735	0.00827	0.00827	0.00827	0.00735	0.00460	0.01103	0.01103	0.01471	0.02390	0.04964	0.02758	0.73343	0.03861	0.00735	0.00735	0.01103	0.00460	0.00460
85	0.02642	0.01970	0.02120	0.01676	0.02225	0.02182	0.01365	0.55029	0.10104	0.04413	0.02119	0.06884	0.01658	0.01025	0.00775	0.00236	0.00783	0.00804	0.00756	0.01234
86	0.02073	0.60192	0.09428	0.01433	0.02105	0.06858	0.01444	0.05369	0.01679	0.01985	0.01124	0.01288	0.00988	0.00675	0.00532	0.00174	0.00872	0.00437	0.00349	0.00996
87	0.01095	0.00732	0.00830	0.00837	0.00839	0.00730	0.00470	0.01101	0.01118	0.01491	0.02468	0.07918	0.02856	0.70255	0.03735	0.00717	0.00723	0.01149	0.00470	0.00466
88	0.08175	0.09485	0.36904	0.01812	0.05443	0.01664	0.01958	0.02246	0.04772	0.02603	0.15289	0.02448	0.02313	0.00897	0.00717	0.00232	0.00852	0.00721	0.00464	0.01004
89	0.01859	0.01804	0.02911	0.04134	0.56561	0.03595	0.04622	0.02425	0.06588	0.02493	0.01809	0.02168	0.04088	0.00756	0.00762	0.00229	0.00884	0.00732	0.00419	0.01162
90	0.01222	0.00873	0.01222	0.01397	0.01572	0.00873	0.01222	0.01572	0.01746	0.02270	0.04016	0.08556	0.04365	0.02095	0.01048	0.00349	0.00698	0.63506	0.00698	0.00698
91	0.05026	0.03065	0.40460	0.02524	0.03475	0.01821	0.27909	0.02406	0.01663	0.02457	0.01417	0.01763	0.01031	0.00687	0.00779	0.00246	0.01161	0.00688	0.00352	0.01069
92	0.01898	0.05964	0.02896	0.20018	0.03436	0.07954	0.22637	0.05940	0.07560	0.05561	0.01801	0.05364	0.01440	0.00836	0.00785	0.00242	0.01009	0.00806	0.02878	0.00975
93	0.01318	0.00899	0.01115	0.01027	0.01272	0.00847	0.00791	0.03809	0.05062	0.07666	0.47225	0.05539	0.14880	0.01537	0.00882	0.00246	0.00423	0.03864	0.00813	0.00786
94	0.01650	0.01110	0.01395	0.20820	0.02337	0.01241	0.01118	0.11926	0.01880	0.02884	0.02054	0.02443	0.01578	0.00853	0.00630	0.00206	0.00614	0.00694	0.43728	0.00837
95	0.07933	0.02050	0.01935	0.04861	0.02211	0.12692	0.01301	0.35277	0.07289	0.03687	0.05615	0.02256	0.04225	0.00950	0.00730	0.00226	0.00827	0.00719	0.04134	0.01082
96	0.01115	0.00846	0.01027	0.01000	0.01189	0.00815	0.00735	0.01591	0.08783	0.02698	0.41305	0.15044	0.14584	0.04609	0.01014	0.00273	0.00414	0.01449	0.00776	0.00732
97	0.00924	0.00660	0.00880	0.01056	0.01100	0.00616	0.00704	0.01056	0.01452	0.01936	0.04181	0.72848	0.05017	0.02376	0.00968	0.00308	0.00440	0.02156	0.00704	0.00616
98	0.00950	0.00698	0.00891	0.00995	0.01096	0.00639	0.00688	0.01136	0.01631	0.02174	0.17525	0.50147	0.14345	0.02147	0.00943	0.00287	0.00416	0.01921	0.00730	0.00639
99	0.01542	0.06791	0.66728	0.02126	0.03228	0.01812	0.02741	0.02397	0.01599	0.02377	0.01349	0.01586	0.00961	0.00718	0.00711	0.00237	0.01108	0.00554	0.00320	0.01115
100	0.01877	0.01802	0.03079	0.04656	0.68612	0.01802	0.02328	0.02328	0.01727	0.02478	0.01427	0.01877	0.01201	0.00676	0.00751	0.00225	0.00901	0.00676	0.00375	0.01201
101	0.00924	0.00660	0.00880	0.01056	0.01100	0.00616	0.00704	0.01056	0.01452	0.01936	0.04181	0.72848	0.05017	0.02376	0.00968	0.00308	0.00440	0.02156	0.00704	0.00616
102	0.06216	0.69848	0.03818	0.01281	0.01921	0.02930	0.01272	0.02269	0.01528	0.01873	0.01055	0.01218	0.00965	0.00652	0.00486	0.00166	0.00799	0.00406	0.00332	0.00965
103	0.01804	0.01708	0.02894	0.22685	0.44309	0.01805	0.05692	0.05555	0.01769	0.02448	0.01432	0.01923	0.01151	0.00709	0.00761	0.00235	0.00948	0.00688	0.00385	0.01098
104	0.02763	0.02051	0.02194	0.01700	0.02285	0.02267	0.01398	0.60754	0.06519	0.04604	0.02096	0.02070	0.03797	0.00953	0.00764	0.00230	0.00807	0.00725	0.00757	0.01262
105	0.01074	0.00775	0.01014	0.00954	0.01133	0.00716	0.00716	0.01431	0.02147	0.03042	0.68211	0.05666	0.07157	0.01551	0.00895	0.00239	0.00358	0.01372	0.00835	0.00716
106	0.01618	0.05059	0.01456	0.01155	0.01420	0.01283	0.03774	0.09016	0.05168	0.02737	0.02405	0.02839	0.04885	0.05684	0.03616	0.00281	0.06926	0.00771	0.39087	0.00818
107	0.01067	0.00775	0.01005	0.00947	0.01129	0.00713	0.00710	0.01418	0.02131	0.03004	0.65927	0.05728	0.09464	0.01565	0.00895	0.00239	0.00359	0.01380	0.00830	0.00713
108	0.55938	0.01487	0.01305	0.01123	0.01587	0.01684	0.00920	0.11884	0.01689	0.06636	0.01384	0.01552	0.01052	0.00992	0.03844	0.00277	0.00683	0.00503	0.04557	0.00902
109	0.01996	0.17278	0.02284	0.03798	0.02061	0.01850	0.04705	0.04656	0.26833	0.11689	0.06302	0.08882	0.02353	0.01053	0.00739	0.00236	0.00681	0.00885	0.00658	0.01063
110	0.01573	0.01348	0.01573	0.01123	0.01798	0.01011	0.00899	0.01910	0.01573	0.02472	0.01348	0.01573	0.01123	0.00562	0.00562	0.00112	0.00562	0.00449	0.00449	0.77980
111	0.01577	0.01817	0.08037	0.14716	0.03492	0.01735	0.32799	0.02101	0.01626	0.02242	0.05033	0.04534	0.01588	0.01208	0.06008	0.00332	0.08963	0.00867	0.00401	0.00923
112	0.01100	0.00749	0.00895	0.00895	0.00919	0.00772	0.00544	0.01147	0.01123	0.01521	0.02328	0.04620	0.02608	0.61625	0.15375	0.00819	0.00960	0.01053	0.00450	0.00497
113	0.01624	0.01206	0.01465	0.01298	0.01539	0.01349	0.00996	0.20022	0.01887	0.02582	0.02208	0.03187	0.04195	0.19114	0.30312	0.00756	0.04061	0.00862	0.00528	0.00810
114	0.01632	0.01620	0.02271	0.01955	0.01961	0.02259	0.01626	0.01803	0.01164	0.01822	0.01044	0.01722	0.01038	0.01532	0.05677	0.00374	0.68670	0.00671	0.00335	0.00823
115	0.02831	0.02099	0.02247	0.01735	0.02332	0.02328	0.01429	0.62843	0.06890	0.04696	0.01887	0.01874	0.01343	0.00917	0.00759	0.00229	0.00822	0.00692	0.00759	0.01285
116	0.02311	0.01809	0.12162	0.01574	0.02226	0.01391	0.04892	0.02980	0.11091	0.27536	0.02209	0.02163	0.01547	0.00829	0.00788	0.00215	0.03652	0.00675	0.00651	0.19299
117	0.13205	0.03330	0.53384	0.01918	0.02896	0.01697	0.02361	0.02488	0.01604	0.08306	0.01456	0.01631	0.01019	0.00737	0.00687	0.00239	0.01000	0.00556	0.00396	0.01091
118	0.01770	0.01151	0.01293	0.03980	0.01508	0.01286	0.00918	0.16207	0.01986	0.03124	0.02126	0.02446	0.01660	0.00931	0.00797	0.00208	0.08006	0.00696	0.49052	0.00856
119	0.00923	0.00666	0.00874	0.01040	0.01096	0.00617	0.00697	0.01058	0.01468	0.01943	0.04382	0.69075	0.08660	0.02350	0.00964	0.00305	0.00437	0.02124	0.00704	0.00617
120	0.08386	0.06356	0.05760	0.01694	0.02276	0.07693	0.01454	0.43678	0.02899	0.07078	0.01666	0.01724	0.01210	0.00878	0.00785	0.00227	0.03782	0.00628	0.00651	0.01176
121	0.03799	0.01582	0.05736	0.08304	0.06292	0.01496	0.26683	0.01991	0.03918	0.02310	0.05128	0.21082	0.02451	0.01207	0.00945	0.00269	0.04241	0.01180	0.00495	0.00890
122	0.01116	0.00760	0.00993	0.01119	0.01235	0.00720	0.00811	0.01354	0.03529	0.05236	0.04296	0.53087	0.08846	0.02194	0.00960	0.00306	0.00491	0.11553	0.00716	0.00680
123	0.01432	0.01348	0.02275	0.71520	0.05224	0.01685	0.02107	0.01938	0.01517	0.01938	0.01348	0.02022	0.01011	0.00758	0.00758	0.00253	0.01011	0.00674	0.00337	0.00843
124	0.01446	0.01506	0.05648	0.47679	0.07267	0.01601	0.10710	0.01941	0.01560	0.02051	0.01709	0.10283	0.01505	0.00926	0.00799	0.00258	0.00981	0.00872	0.00387	0.00870
125	0.01597	0.01639	0.06383	0.52958	0.07794	0.01765	0.08053	0.06651	0.01705	0.02241	0.01404	0.01979	0.01050	0.00752	0.00769	0.00249	0.01024	0.00689	0.00373	0.00925
126	0.02190	0.01061	0.01397	0.01170	0.01550	0.00966	0.00927	0.02621	0.05905	0.33383	0.34530	0.04087	0.04455	0.01240	0.00827	0.00238	0.00504	0.01063	0.00879	0.01008
127	0.01480	0.00771	0.00778	0.00754	0.00950	0.00781	0.00571	0.04674	0.01680	0.02916	0.02445	0.02782	0.01915	0.00885	0.00541	0.00179	0.00375	0.00706	0.74083	0.00733
128	0.01506	0.01003	0.04391	0.01103	0.01380	0.00824	0.00888	0.01839	0.02011	0.15191	0.42272	0.15969	0.05521	0.01533	0.00874	0.00249	0.00462	0.01349	0.00808	0.00826
129	0.02786	0.01779	0.06741	0.01538	0.02124	0.01649	0.01333	0.30267	0.02709	0.29350	0.07553	0.04540	0.02069	0.01003	0.00775	0.00235	0.00732	0.00804	0.00802	0.01213
130	0.03403	0.01291	0.01760	0.01350	0.01936	0.01115	0.01115	0.03697	0.02171	0.69137	0.02992	0.02582	0.01878	0.00939	0.00763	0.00235	0.00645	0.00763	0.00939	0.01291
131	0.01074	0.00775	0.01014	0.00954	0.01133	0.00716	0.00716	0.01431	0.02147	0.03042	0.68211	0.05666	0.07157	0.01551	0.00895	0.00239	0.00358	0.01372	0.00835	0.00716
132	0.01945	0.08604	0.52605	0.02154	0.03154	0.01871	0.05541	0.02630	0.01770	0.09517	0.01697	0.01947	0.01243	0.00855	0.00792	0.00267	0.01102	0.00645	0.00453	0.01206
133	0.02771	0.03392	0.02127	0.01914	0.02320	0.61666	0.01446	0.06728	0.06723	0.02116	0.01342	0.01495	0.01087	0.00806	0.00694	0.00202	0.01284	0.00525	0.00438	0.00925
134	0.03403	0.01291	0.01760	0.01350	0.01936	0.01115	0.01115	0.03697	0.02171	0.69137	0.02992	0.02582	0.01878	0.00939	0.00763	0.00235	0.00645	0.00763	0.00939	0.01291
135	0.01658	0.01764	0.03517	0.28138	0.07379	0.01845	0.36927	0.02220	0.01661	0.02227	0.01439	0.02013	0.01096	0.00713	0.00905	0.00256	0.04125	0.00795	0.00364	0.00957
136	0.01466	0.01617	0.06100	0.02280	0.02732	0.01508	0.33437	0.01890	0.01596	0.02193	0.02376	0.26289	0.02452	0.01315	0.01087	0.00281	0.08742	0.01287	0.00485	0.00867
137	0.01877	0.01802	0.03079	0.04656	0.68612	0.01802	0.02328	0.02328	0.01727	0.02478	0.01427	0.01877	0.01201	0.00676	0.00751	0.00225	0.00901	0.00676	0.00375	0.01201
138	0.03403	0.01291	0.01760	0.01350	0.01936	0.01115	0.01115	0.03697	0.02171	0.69137	0.02992	0.02582	0.01878	0.00939	0.00763	0.00235	0.00645	0.00763	0.00939	0.01291
139	0.04443	0.01714	0.02145	0.17733	0.04920	0.01916	0.04277	0.34084	0.05020	0.03537	0.01794	0.02131	0.01365	0.04305	0.00886	0.00256	0.00837	0.00711	0.06858	0.01069
140	0.01695	0.16668	0.39703	0.04859	0.17887	0.02004	0.02385	0.02345	0.01616	0.02286	0.01317	0.01605	0.01019	0.00698	0.00684	0.00222	0.01009	0.00561	0.00334	0.01102
141	0.01327	0.00844	0.01069	0.01001	0.01244	0.00761	0.00778	0.01642	0.02028	0.10636	0.42316	0.05888	0.19034	0.01602	0.00892	0.00251	0.00427	0.06686	0.00808	0.00767
142	0.08021	0.01361	0.01416	0.01176	0.01569	0.01456	0.00945	0.27536	0.02389	0.06611	0.02376	0.02505	0.04756	0.00933	0.00645	0.00208	0.00578	0.00720	0.33828	0.00972
143	0.05551	0.05913	0.05722	0.12865	0.03174	0.09493	0.25278	0.07792	0.01866	0.02532	0.01604	0.03819	0.01276	0.00777	0.00752	0.00232	0.01023	0.00747	0.08634	0.00949
144	0.01068	0.00794	0.01014	0.01115	0.01249	0.00770	0.00828	0.01420	0.06226	0.02260	0.13927	0.40276	0.10320	0.02068	0.00953	0.00298	0.00483	0.13515	0.00727	0.00689
145	0.00939	0.00672	0.00893	0.01046	0.01103	0.00626	0.00705	0.01094	0.01521	0.02046	0.10560	0.66154	0.05230	0.02294	0.00961	0.00301	0.00432	0.02078	0.00717	0.00626
146	0.75304	0.01575	0.04121	0.01049	0.01547	0.01704	0.00909	0.02237	0.01305	0.03359	0.01070	0.01248	0.00828	0.00705	0.00480	0.00235	0.00610	0.00417	0.00463	0.00835

[dist]
# distance from previous block
# <min> <max>
0	1

[block]
# block no. 2 follows, 26 sequences, length 16
# corresponding to MSA columns:
# 201-216
name=unknown_C
#
# <colnr> <probs for GDERKNQSTAVLIFYWHMCP>
#	G	D	E	R	K	N	Q	S	T	A	V	L	I	F	Y	W	H	M	C	P
0	0.01733	0.02132	0.09581	0.02972	0.03704	0.01887	0.54813	0.02354	0.01720	0.02370	0.01513	0.02027	0.01157	0.00882	0.03729	0.00297	0.04893	0.00853	0.00377	0.01007
1	0.06702	0.01690	0.01888	0.01519	0.02052	0.01806	0.01233	0.27905	0.18951	0.21633	0.04903	0.02392	0.01901	0.00961	0.00753	0.00238	0.00694	0.00760	0.00798	0.01222
2	0.00935	0.00668	0.00890	0.01049	0.01103	0.00623	0.00705	0.01083	0.01503	0.02016	0.08820	0.67981	0.05172	0.02317	0.00963	0.00303	0.00434	0.02099	0.00714	0.00623
3	0.78701	0.01467	0.01115	0.00997	0.01467	0.01702	0.00821	0.02230	0.01291	0.03403	0.01056	0.01232	0.00821	0.00704	0.00469	0.00235	0.00587	0.00411	0.00469	0.00821
4	0.01829	0.01400	0.01923	0.26641	0.03073	0.01470	0.01452	0.09376	0.01812	0.09713	0.01763	0.07008	0.01456	0.00891	0.00824	0.00217	0.05108	0.00727	0.00509	0.22809
5	0.01686	0.01360	0.01590	0.01157	0.01814	0.01062	0.00926	0.02114	0.05019	0.06021	0.01525	0.01691	0.01225	0.00606	0.00583	0.00126	0.00568	0.00487	0.00492	0.69946
6	0.01045	0.00821	0.01170	0.04393	0.01480	0.00804	0.04108	0.01336	0.05215	0.02036	0.03990	0.59510	0.06931	0.02120	0.00941	0.00298	0.00516	0.01929	0.00675	0.00681
7	0.01103	0.00879	0.01134	0.01201	0.01308	0.03186	0.03717	0.03397	0.01552	0.02037	0.03813	0.62395	0.04495	0.04600	0.01046	0.00313	0.00534	0.01954	0.00672	0.00661
8	0.01034	0.00774	0.00959	0.00913	0.01109	0.00699	0.00685	0.01355	0.02054	0.02820	0.54720	0.06030	0.20787	0.01633	0.00895	0.00242	0.00364	0.01423	0.00806	0.00699
9	0.01481	0.01406	0.02421	0.57338	0.11461	0.01663	0.05678	0.01981	0.01585	0.02075	0.04628	0.02186	0.01338	0.00782	0.00772	0.00249	0.00983	0.00721	0.00368	0.00883
10	0.01521	0.03923	0.69413	0.02162	0.03283	0.01762	0.02802	0.02402	0.01601	0.02402	0.01361	0.01601	0.00961	0.00721	0.00721	0.00240	0.01121	0.00560	0.00320	0.01121
11	0.01539	0.03816	0.66046	0.02289	0.06599	0.01764	0.02778	0.02398	0.01608	0.02406	0.01365	0.01615	0.00973	0.00718	0.00722	0.00239	0.01110	0.00566	0.00323	0.01125
12	0.01602	0.14987	0.59052	0.02025	0.03071	0.01958	0.02564	0.02381	0.01592	0.02304	0.01313	0.01541	0.00963	0.00709	0.00684	0.00228	0.01072	0.00536	0.00321	0.01098
13	0.02233	0.01577	0.01761	0.01514	0.01961	0.01726	0.01213	0.18455	0.32630	0.12753	0.02835	0.03260	0.02245	0.04593	0.00946	0.00280	0.00680	0.07423	0.00770	0.01146
14	0.01667	0.01605	0.02742	0.34829	0.29720	0.01764	0.07608	0.02272	0.05983	0.02274	0.01510	0.02021	0.01184	0.00734	0.00768	0.00243	0.00964	0.00706	0.00385	0.01022
15	0.01521	0.03923	0.69413	0.02162	0.03283	0.01762	0.02802	0.02402	0.01601	0.02402	0.01361	0.01601	0.00961	0.00721	0.00721	0.00240	0.01121	0.00560	0.00320	0.01121

[dist]
# distance from previous block
# <min> <max>
0	6

[block]
# block no. 3 follows, 26 sequences, length 6
# corresponding to MSA columns:
# 223-228
name=unknown_D
#
# <colnr> <probs for GDERKNQSTAVLIFYWHMCP>
#	G	D	E	R	K	N	Q	S	T	A	V	L	I	F	Y	W	H	M	C	P
0	0.01858	0.01644	0.02376	0.32013	0.07331	0.01921	0.06158	0.14652	0.13459	0.02755	0.01734	0.02091	0.01313	0.00867	0.00904	0.00254	0.06427	0.00722	0.00499	0.01023
1	0.20768	0.08783	0.01892	0.01436	0.01864	0.16664	0.01162	0.14649	0.06240	0.03015	0.05251	0.01881	0.01515	0.00871	0.00727	0.00220	0.04535	0.00600	0.06981	0.00947
2	0.28873	0.06627	0.25559	0.01777	0.02521	0.06015	0.08872	0.07002	0.01686	0.02862	0.01278	0.01501	0.00959	0.00719	0.00639	0.00232	0.00928	0.00541	0.00416	0.00994
3	0.13318	0.10701	0.17921	0.01893	0.02529	0.07157	0.15233	0.02376	0.06106	0.02456	0.05101	0.02095	0.01526	0.05349	0.00950	0.00265	0.02952	0.00687	0.00430	0.00953
4	0.05826	0.10803	0.28512	0.05874	0.08093	0.01857	0.13232	0.02259	0.01621	0.02381	0.04131	0.01829	0.01280	0.00743	0.00779	0.00229	0.03664	0.00639	0.00375	0.05870
5	0.09297	0.08193	0.35280	0.05599	0.02883	0.10104	0.05418	0.02577	0.01705	0.09993	0.01482	0.01668	0.01068	0.00744	0.00691	0.00229	0.01026	0.00573	0.00418	0.01052

[dist]
# distance from previous block
# <min> <max>
1	18

[block]
# block no. 4 follows, 26 sequences, length 24
# corresponding to MSA columns:
# 247-270
name=unknown_E
#
# <colnr> <probs for GDERKNQSTAVLIFYWHMCP>
#	G	D	E	R	K	N	Q	S	T	A	V	L	I	F	Y	W	H	M	C	P
0	0.05563	0.01096	0.01443	0.03229	0.04475	0.01080	0.03562	0.07458	0.03958	0.05569	0.03101	0.37716	0.03351	0.03293	0.00921	0.00279	0.00598	0.04739	0.00644	0.07926
1	0.06022	0.01648	0.02502	0.07682	0.02665	0.01752	0.16773	0.12072	0.04268	0.07813	0.01785	0.06990	0.01490	0.00958	0.01049	0.00247	0.12435	0.00805	0.00521	0.10521
2	0.01647	0.01912	0.10793	0.09801	0.02985	0.01740	0.20113	0.04614	0.01608	0.02301	0.01479	0.04330	0.01265	0.03185	0.01225	0.00261	0.15679	0.00749	0.00400	0.13915
3	0.05484	0.04185	0.01740	0.12260	0.09180	0.01229	0.04592	0.01648	0.01471	0.04690	0.02681	0.23117	0.06130	0.09978	0.01355	0.04686	0.03105	0.01194	0.00515	0.00762
4	0.01543	0.01148	0.01354	0.01121	0.01565	0.00994	0.00868	0.02056	0.09545	0.08242	0.12924	0.11170	0.10050	0.01156	0.00738	0.00197	0.00509	0.00986	0.00646	0.33191
5	0.17338	0.05488	0.02066	0.17580	0.02630	0.01863	0.04816	0.05718	0.05000	0.02490	0.01499	0.04293	0.01287	0.02696	0.01173	0.00271	0.17703	0.00688	0.04527	0.00872
6	0.01482	0.01257	0.01962	0.05273	0.02160	0.01191	0.15753	0.05257	0.04610	0.06127	0.08081	0.11081	0.23123	0.01365	0.00861	0.00252	0.00695	0.03318	0.00623	0.05530
7	0.01841	0.01301	0.01554	0.01202	0.01784	0.01076	0.00971	0.02320	0.07308	0.13336	0.02243	0.02629	0.04494	0.00840	0.00664	0.00169	0.00582	0.05436	0.00587	0.49663
8	0.02059	0.01655	0.01807	0.04573	0.03692	0.03817	0.01260	0.16799	0.36262	0.06143	0.05337	0.08606	0.02379	0.01109	0.00787	0.00251	0.00677	0.00925	0.00734	0.01130
9	0.01260	0.00890	0.01088	0.01004	0.01234	0.00845	0.00768	0.03831	0.02006	0.07081	0.38132	0.08483	0.24159	0.01621	0.00953	0.00250	0.03493	0.01376	0.00774	0.00753
10	0.02081	0.01625	0.01768	0.03584	0.02039	0.01836	0.01208	0.17731	0.41712	0.05574	0.02646	0.02669	0.02017	0.04882	0.00983	0.02292	0.00669	0.00813	0.02729	0.01138
11	0.02679	0.01130	0.01528	0.01227	0.01686	0.00991	0.00991	0.02992	0.02164	0.48577	0.23280	0.03541	0.03520	0.01129	0.00804	0.00236	0.00556	0.00952	0.00907	0.01112
12	0.02376	0.01740	0.01916	0.04242	0.02141	0.01925	0.01258	0.36448	0.18249	0.07453	0.02248	0.02541	0.01757	0.10814	0.01185	0.00305	0.00761	0.00786	0.00715	0.01138
13	0.02852	0.02048	0.02213	0.01711	0.02306	0.02254	0.01409	0.58811	0.07351	0.08300	0.01964	0.01925	0.01385	0.00919	0.00760	0.00230	0.00810	0.00698	0.00770	0.01285
14	0.01570	0.01474	0.02508	0.40535	0.04061	0.01692	0.13845	0.05453	0.04192	0.02259	0.01704	0.07137	0.01426	0.00907	0.00886	0.00257	0.04875	0.00830	0.03496	0.00892
15	0.01082	0.00781	0.01025	0.00979	0.01157	0.00724	0.00744	0.01439	0.02125	0.02999	0.64651	0.05826	0.07002	0.01581	0.00903	0.00245	0.00377	0.04818	0.00827	0.00715
16	0.02192	0.01602	0.01729	0.01408	0.01789	0.01751	0.01079	0.39290	0.06557	0.03510	0.02099	0.02996	0.01872	0.26587	0.01859	0.00409	0.00785	0.00842	0.00654	0.00990
17	0.01256	0.00821	0.01039	0.00957	0.01187	0.00739	0.00728	0.01578	0.02075	0.08925	0.51471	0.05674	0.17543	0.01560	0.00883	0.00241	0.00389	0.01357	0.00821	0.00755
18	0.02357	0.01843	0.01978	0.01631	0.02137	0.02080	0.01312	0.35506	0.31713	0.03925	0.02393	0.02323	0.01773	0.01188	0.04032	0.00287	0.00787	0.00767	0.00748	0.01222
19	0.01102	0.00741	0.00855	0.00855	0.00865	0.00751	0.00495	0.01121	0.01111	0.01492	0.02364	0.04821	0.02696	0.68493	0.08626	0.00770	0.00828	0.01082	0.00456	0.00475
20	0.06795	0.02609	0.19770	0.10246	0.03017	0.10948	0.08855	0.21176	0.02244	0.03051	0.01500	0.01743	0.01104	0.00783	0.00730	0.00232	0.01021	0.00632	0.02478	0.01066
21	0.01136	0.00748	0.00929	0.01003	0.01128	0.00686	0.00697	0.01283	0.01522	0.06724	0.04526	0.41936	0.17023	0.12433	0.01361	0.00356	0.00499	0.04675	0.00685	0.00651
22	0.01508	0.01622	0.07296	0.55300	0.12242	0.01716	0.05567	0.02042	0.01561	0.02059	0.01368	0.01977	0.01037	0.00740	0.00762	0.00249	0.01021	0.00678	0.00343	0.00913
23	0.01789	0.35028	0.02729	0.01250	0.01877	0.02005	0.01125	0.02073	0.01536	0.02118	0.01193	0.01412	0.01047	0.00643	0.00629	0.00147	0.04462	0.00440	0.00385	0.38111

[dist]
# distance from previous block
# <min> <max>
0	8

# created by:
# /st0/software/busco_prod/Augustus/scripts/msa2prfl.pl ./align_prep/119428.fa
