[name]
unknown

[dist]
# distance from previous block
# <min> <max>
17	72

[block]
# block no. 0 follows, 24 sequences, length 41
# corresponding to MSA columns:
# 72-112
name=unknown_A
#
# <colnr> <probs for GDERKNQSTAVLIFYWHMCP>
#	G	D	E	R	K	N	Q	S	T	A	V	L	I	F	Y	W	H	M	C	P
0	0.08119	0.01463	0.01858	0.21956	0.05251	0.01683	0.01476	0.02935	0.27787	0.05991	0.02587	0.11149	0.02176	0.01123	0.00801	0.00270	0.00746	0.00959	0.00631	0.01039
1	0.01114	0.00816	0.01028	0.01135	0.01246	0.00789	0.00787	0.04482	0.03813	0.02309	0.08917	0.57820	0.08200	0.02273	0.00985	0.00308	0.00478	0.02042	0.00751	0.00709
2	0.01585	0.01518	0.02044	0.09309	0.02269	0.04107	0.01541	0.01815	0.01406	0.02009	0.01888	0.13894	0.02003	0.01504	0.01866	0.00319	0.40470	0.05373	0.00448	0.04634
3	0.01083	0.00735	0.00983	0.01124	0.01209	0.00686	0.00781	0.01261	0.01627	0.04297	0.10092	0.59790	0.05307	0.02339	0.01003	0.00315	0.00474	0.05456	0.00756	0.00682
4	0.39371	0.25603	0.02361	0.01312	0.01862	0.10668	0.01142	0.05564	0.01668	0.02862	0.01159	0.01331	0.00957	0.00738	0.00540	0.00215	0.00807	0.00452	0.00445	0.00944
5	0.10097	0.07431	0.02357	0.01909	0.06970	0.09142	0.01458	0.33926	0.07200	0.09113	0.01857	0.01889	0.01360	0.00890	0.00735	0.00233	0.00875	0.00662	0.00677	0.01219
6	0.01478	0.00739	0.00739	0.00739	0.00924	0.00739	0.00554	0.01848	0.01663	0.02956	0.02587	0.02956	0.02033	0.00924	0.00554	0.00185	0.00370	0.00739	0.76534	0.00739
7	0.02873	0.01854	0.02180	0.01870	0.06876	0.01953	0.01421	0.37369	0.06695	0.19777	0.06952	0.02453	0.01997	0.00997	0.00805	0.00242	0.00779	0.00796	0.00817	0.01293
8	0.01327	0.00847	0.01079	0.01017	0.01224	0.00772	0.00750	0.01622	0.02038	0.09091	0.42893	0.12169	0.12596	0.07594	0.01190	0.00302	0.00448	0.01454	0.00823	0.00766
9	0.02580	0.02781	0.02166	0.05819	0.02510	0.34708	0.01504	0.12883	0.18769	0.02776	0.01850	0.01950	0.01436	0.00927	0.00833	0.00236	0.03978	0.00661	0.00565	0.01068
10	0.01076	0.00809	0.00996	0.00949	0.01157	0.00729	0.00712	0.01408	0.02136	0.02923	0.52205	0.06347	0.22204	0.01717	0.00936	0.00254	0.00381	0.01493	0.00839	0.00729
11	0.01748	0.01775	0.02457	0.02089	0.02158	0.04992	0.04991	0.01957	0.01295	0.01938	0.01157	0.01844	0.01117	0.01657	0.07253	0.00404	0.59228	0.00711	0.00358	0.00869
12	0.01644	0.01356	0.01522	0.01457	0.01784	0.01508	0.01134	0.03129	0.41015	0.02989	0.10217	0.13579	0.03651	0.01488	0.00890	0.00288	0.00593	0.09921	0.00793	0.01042
13	0.01787	0.01802	0.05043	0.02011	0.02206	0.02194	0.04787	0.06553	0.03635	0.02265	0.01320	0.01904	0.01193	0.01583	0.07098	0.00386	0.48294	0.00710	0.00409	0.04819
14	0.01590	0.04102	0.68023	0.02260	0.03432	0.01842	0.02930	0.02511	0.01674	0.02511	0.01423	0.01674	0.01005	0.00753	0.00753	0.00251	0.01172	0.00586	0.00335	0.01172
15	0.00989	0.00707	0.00947	0.01131	0.01187	0.00664	0.00776	0.01144	0.01541	0.02050	0.04358	0.66943	0.05194	0.02462	0.01018	0.00325	0.00480	0.06696	0.00736	0.00651
16	0.01550	0.01476	0.02586	0.54246	0.04857	0.01767	0.09703	0.02025	0.01568	0.02045	0.01411	0.02113	0.01093	0.00924	0.01044	0.04676	0.04955	0.00732	0.00358	0.00872
17	0.01823	0.01881	0.06287	0.18964	0.26541	0.02008	0.05730	0.04860	0.03840	0.02425	0.01450	0.01973	0.01189	0.00901	0.01198	0.00271	0.16471	0.00717	0.00401	0.01071
18	0.01602	0.06793	0.02116	0.01723	0.01848	0.05422	0.01418	0.01825	0.01320	0.01882	0.01461	0.02202	0.01391	0.03013	0.27214	0.00674	0.36174	0.00723	0.00379	0.00822
19	0.01142	0.00812	0.01085	0.01085	0.01161	0.00888	0.00755	0.01294	0.01218	0.01700	0.02297	0.04075	0.02399	0.36580	0.38926	0.01040	0.01497	0.00990	0.00451	0.00603
20	0.02508	0.02149	0.04478	0.01942	0.02474	0.09106	0.08227	0.23586	0.14723	0.10058	0.02097	0.02190	0.01555	0.01168	0.03720	0.00296	0.07117	0.00760	0.00664	0.01182
21	0.01977	0.15309	0.28357	0.02023	0.02816	0.02149	0.08154	0.09609	0.06963	0.05354	0.01651	0.01874	0.01254	0.01018	0.03325	0.00281	0.05637	0.00656	0.00462	0.01131
22	0.00995	0.00809	0.00890	0.00922	0.01157	0.00704	0.00708	0.01224	0.01819	0.02234	0.11321	0.12322	0.50407	0.02039	0.00963	0.00283	0.00446	0.09331	0.00745	0.00681
23	0.01523	0.01436	0.02425	0.66579	0.08906	0.01769	0.02215	0.02049	0.01598	0.02058	0.01414	0.02106	0.01068	0.00788	0.00792	0.00263	0.01051	0.00705	0.00355	0.00902
24	0.02106	0.01898	0.02949	0.02249	0.02814	0.01985	0.23395	0.20799	0.08165	0.03232	0.02026	0.08433	0.01710	0.01021	0.01027	0.00261	0.07799	0.00930	0.00585	0.06617
25	0.05253	0.11404	0.02393	0.01868	0.05506	0.22115	0.01438	0.17231	0.05718	0.06161	0.02075	0.02173	0.06135	0.00976	0.00868	0.00232	0.06138	0.00690	0.00562	0.01065
26	0.02257	0.01116	0.01476	0.01322	0.01707	0.01032	0.01081	0.02686	0.05744	0.31130	0.13744	0.08459	0.07100	0.01513	0.00911	0.00282	0.00613	0.15933	0.00868	0.01027
27	0.01037	0.00848	0.01057	0.01004	0.01243	0.00746	0.03297	0.01303	0.01912	0.02466	0.25529	0.14331	0.38579	0.01888	0.00945	0.00268	0.00439	0.01637	0.00765	0.00707
28	0.02581	0.02132	0.07175	0.09233	0.09819	0.06941	0.01695	0.23106	0.11367	0.14692	0.02117	0.02164	0.01513	0.00906	0.00786	0.00244	0.00895	0.00727	0.00675	0.01232
29	0.30985	0.02480	0.24227	0.03962	0.02674	0.01804	0.08624	0.05695	0.01726	0.08812	0.01496	0.01694	0.01075	0.00769	0.00680	0.00250	0.00914	0.00593	0.00483	0.01056
30	0.02155	0.69787	0.04077	0.01385	0.02052	0.05836	0.01364	0.02407	0.01637	0.01869	0.01107	0.01279	0.01018	0.00684	0.00517	0.00171	0.00872	0.00428	0.00342	0.01014
31	0.06721	0.14104	0.02661	0.02034	0.07186	0.19866	0.04767	0.17369	0.12314	0.03026	0.01709	0.01822	0.01334	0.00846	0.00718	0.00224	0.00992	0.00636	0.00552	0.01118
32	0.01834	0.05716	0.32005	0.02229	0.02917	0.02055	0.09453	0.02412	0.01589	0.07024	0.01431	0.01806	0.01109	0.00963	0.01367	0.00280	0.23678	0.00670	0.00394	0.01068
33	0.01196	0.01033	0.01324	0.01606	0.12413	0.00930	0.01027	0.01474	0.01801	0.02274	0.06037	0.06554	0.43464	0.01741	0.00916	0.00269	0.00550	0.10079	0.00664	0.04647
34	0.64006	0.01765	0.06130	0.01202	0.01758	0.01812	0.01068	0.07035	0.01583	0.05868	0.01259	0.01412	0.00945	0.00762	0.00543	0.00245	0.00675	0.00475	0.00519	0.00935
35	0.01226	0.00931	0.01145	0.01079	0.01306	0.00909	0.00821	0.01834	0.10585	0.03099	0.52279	0.05746	0.10980	0.01594	0.00923	0.00257	0.00420	0.03206	0.00850	0.00809
36	0.01688	0.01604	0.02723	0.43451	0.30747	0.01812	0.02297	0.02193	0.01676	0.02257	0.01443	0.02052	0.01139	0.00757	0.00790	0.00252	0.01010	0.00705	0.00369	0.01035
37	0.00995	0.00724	0.00918	0.01060	0.01138	0.00673	0.00722	0.01141	0.01539	0.02013	0.04679	0.53710	0.13241	0.08865	0.01287	0.00358	0.00495	0.05096	0.00712	0.00637
38	0.00963	0.00704	0.00906	0.01066	0.01140	0.00647	0.00719	0.01108	0.01554	0.02039	0.04829	0.63601	0.12962	0.02425	0.01003	0.00315	0.00453	0.02182	0.00736	0.00647
39	0.02060	0.31811	0.03123	0.16748	0.08915	0.02435	0.01656	0.12256	0.05327	0.02570	0.01608	0.02115	0.01363	0.00850	0.00688	0.00223	0.00888	0.03840	0.00465	0.01060
40	0.16110	0.01788	0.05886	0.05262	0.36523	0.01720	0.01866	0.02488	0.05424	0.06425	0.04285	0.02356	0.04849	0.00853	0.00744	0.00244	0.00815	0.00740	0.00498	0.01123

[dist]
# distance from previous block
# <min> <max>
3	5

[block]
# block no. 1 follows, 24 sequences, length 27
# corresponding to MSA columns:
# 118-144
name=unknown_B
#
# <colnr> <probs for GDERKNQSTAVLIFYWHMCP>
#	G	D	E	R	K	N	Q	S	T	A	V	L	I	F	Y	W	H	M	C	P
0	0.02553	0.20851	0.06147	0.01878	0.02455	0.23565	0.04791	0.18458	0.04233	0.02796	0.01446	0.01616	0.01154	0.00837	0.00779	0.00218	0.04063	0.00585	0.00493	0.01081
1	0.01044	0.00776	0.00972	0.00989	0.01153	0.00705	0.00716	0.01320	0.01962	0.02663	0.38324	0.24133	0.18463	0.01932	0.00957	0.00273	0.00403	0.01704	0.00809	0.00705
2	0.01866	0.02068	0.04344	0.03350	0.10077	0.01933	0.54276	0.02495	0.01851	0.02548	0.01581	0.02090	0.01206	0.00667	0.00899	0.00255	0.01251	0.00884	0.00405	0.05955
3	0.02223	0.12210	0.24463	0.01656	0.02417	0.04512	0.01739	0.02728	0.01884	0.20708	0.06159	0.05069	0.01883	0.00922	0.00737	0.00226	0.00863	0.00732	0.00584	0.08286
4	0.38871	0.03905	0.01609	0.01492	0.05917	0.01782	0.01103	0.05346	0.17283	0.06182	0.02051	0.07832	0.01716	0.00985	0.00658	0.00254	0.00646	0.00745	0.00612	0.01010
5	0.01751	0.06496	0.34516	0.02735	0.03706	0.01983	0.32305	0.02518	0.01766	0.02494	0.01494	0.01878	0.01101	0.00709	0.00829	0.00255	0.01235	0.00746	0.00367	0.01115
6	0.02337	0.01810	0.02091	0.05843	0.05701	0.02030	0.01468	0.32306	0.16547	0.03840	0.02360	0.02854	0.01886	0.01086	0.00880	0.00259	0.03577	0.06360	0.05583	0.01181
7	0.01478	0.00739	0.00739	0.00739	0.00924	0.00739	0.00554	0.01848	0.01663	0.02956	0.02587	0.02956	0.02033	0.00924	0.00554	0.00185	0.00370	0.00739	0.76534	0.00739
8	0.01478	0.00739	0.00739	0.00739	0.00924	0.00739	0.00554	0.01848	0.01663	0.02956	0.02587	0.02956	0.02033	0.00924	0.00554	0.00185	0.00370	0.00739	0.76534	0.00739
9	0.01144	0.00765	0.00868	0.00877	0.00880	0.00762	0.00494	0.01151	0.01172	0.01563	0.02595	0.08618	0.03005	0.68537	0.03880	0.00746	0.00753	0.01210	0.00494	0.00489
10	0.00987	0.00714	0.00938	0.01102	0.01174	0.00664	0.00759	0.01150	0.01578	0.02090	0.06698	0.61934	0.09053	0.02409	0.01010	0.00319	0.00469	0.05557	0.00740	0.00654
11	0.01664	0.01543	0.02461	0.51929	0.10493	0.01896	0.02124	0.06033	0.01699	0.02253	0.01405	0.02043	0.01092	0.00865	0.01004	0.00270	0.09196	0.00704	0.00383	0.00943
12	0.01312	0.01215	0.02119	0.04502	0.02196	0.01253	0.17109	0.01604	0.01574	0.02142	0.03143	0.42657	0.03538	0.01822	0.01178	0.00309	0.09284	0.01667	0.00588	0.00789
13	0.01016	0.00729	0.00965	0.01070	0.01161	0.00677	0.00740	0.01230	0.01750	0.02394	0.24317	0.50614	0.05960	0.02208	0.00988	0.00299	0.00433	0.01992	0.00780	0.00677
14	0.00984	0.00703	0.00940	0.01124	0.01178	0.00659	0.00767	0.01135	0.01536	0.02044	0.04361	0.68074	0.05206	0.02468	0.01017	0.00324	0.00475	0.05620	0.00736	0.00649
15	0.01693	0.01638	0.02376	0.54747	0.04737	0.06180	0.02072	0.05181	0.01692	0.02154	0.01380	0.02017	0.01067	0.00870	0.00993	0.00268	0.08960	0.00692	0.00377	0.00905
16	0.01153	0.00769	0.00865	0.00865	0.00865	0.00769	0.00480	0.01153	0.01153	0.01538	0.02499	0.05189	0.02883	0.72131	0.04036	0.00769	0.00769	0.01153	0.00480	0.00480
17	0.01134	0.00845	0.01249	0.01249	0.01382	0.00978	0.00960	0.01400	0.01267	0.01822	0.02147	0.03242	0.02038	0.09997	0.65014	0.01243	0.02041	0.00868	0.00428	0.00694
18	0.01105	0.00821	0.01037	0.01014	0.01215	0.00752	0.00781	0.01446	0.02115	0.02894	0.48659	0.06586	0.18291	0.01758	0.00954	0.00266	0.00420	0.08324	0.00831	0.00731
19	0.01650	0.11864	0.60787	0.02158	0.03274	0.01988	0.02752	0.02496	0.01667	0.02438	0.01387	0.01629	0.01006	0.00745	0.00726	0.00242	0.01135	0.00568	0.00335	0.01154
20	0.01677	0.01620	0.02487	0.50993	0.16263	0.04804	0.02154	0.02290	0.05744	0.02207	0.01532	0.02110	0.01178	0.00796	0.00789	0.00257	0.01026	0.00709	0.00391	0.00974
21	0.01122	0.00811	0.01060	0.00998	0.01185	0.00748	0.00748	0.01496	0.02245	0.03180	0.66766	0.05923	0.07482	0.01621	0.00935	0.00249	0.00374	0.01434	0.00873	0.00748
22	0.01153	0.00769	0.00865	0.00865	0.00865	0.00769	0.00480	0.01153	0.01153	0.01538	0.02499	0.05189	0.02883	0.72131	0.04036	0.00769	0.00769	0.01153	0.00480	0.00480
23	0.07616	0.01774	0.01877	0.05787	0.02189	0.04750	0.01278	0.33261	0.02763	0.03755	0.09398	0.03268	0.13512	0.01195	0.00886	0.00250	0.03745	0.00927	0.00707	0.01064
24	0.06492	0.02776	0.02244	0.01887	0.02366	0.29989	0.01492	0.28823	0.05494	0.03359	0.01577	0.01710	0.01213	0.00923	0.00880	0.00234	0.06225	0.00622	0.00587	0.01107
25	0.01182	0.00903	0.01294	0.01268	0.01375	0.01063	0.00963	0.01410	0.01250	0.01796	0.02104	0.03355	0.02061	0.16599	0.53163	0.01120	0.07097	0.00888	0.00428	0.00682
26	0.10327	0.01813	0.06870	0.01547	0.02109	0.01747	0.01329	0.14723	0.22834	0.18752	0.07511	0.02660	0.02235	0.01013	0.00775	0.00252	0.00705	0.00809	0.00781	0.01208

[dist]
# distance from previous block
# <min> <max>
0	2

[block]
# block no. 2 follows, 24 sequences, length 28
# corresponding to MSA columns:
# 147-174
name=unknown_C
#
# <colnr> <probs for GDERKNQSTAVLIFYWHMCP>
#	G	D	E	R	K	N	Q	S	T	A	V	L	I	F	Y	W	H	M	C	P
0	0.07307	0.01866	0.02027	0.01605	0.02186	0.01992	0.01304	0.36242	0.12519	0.10834	0.02223	0.04691	0.01672	0.00979	0.00763	0.00234	0.00753	0.00765	0.00760	0.09275
1	0.02908	0.06506	0.02348	0.01721	0.02331	0.06934	0.01419	0.42626	0.06982	0.12329	0.02022	0.01986	0.01441	0.00923	0.00764	0.00230	0.00859	0.00694	0.00750	0.04228
2	0.01965	0.02404	0.15421	0.02836	0.03606	0.01989	0.40421	0.05542	0.01886	0.06538	0.01624	0.02039	0.01205	0.00787	0.01052	0.00270	0.08048	0.00831	0.00438	0.01098
3	0.02441	0.01649	0.01910	0.01422	0.02087	0.01511	0.01159	0.21688	0.02410	0.16051	0.01898	0.01930	0.01382	0.00777	0.00692	0.00180	0.00693	0.00609	0.00670	0.38842
4	0.01710	0.01761	0.04861	0.02358	0.02836	0.01760	0.29535	0.07350	0.03529	0.02540	0.02424	0.17250	0.04636	0.01263	0.01196	0.00289	0.12041	0.01181	0.00520	0.00962
5	0.01745	0.07143	0.15271	0.02238	0.02728	0.04646	0.17268	0.02186	0.01576	0.02212	0.04535	0.02225	0.01512	0.06011	0.01645	0.00316	0.24619	0.00776	0.00395	0.00954
6	0.01679	0.01924	0.07941	0.29407	0.08044	0.01844	0.30080	0.02281	0.01730	0.02322	0.01607	0.04543	0.01278	0.00789	0.00862	0.00265	0.01163	0.00855	0.00389	0.00998
7	0.01526	0.01438	0.02429	0.66269	0.09198	0.01769	0.02216	0.02051	0.01599	0.02060	0.01414	0.02105	0.01069	0.00788	0.00792	0.00263	0.01050	0.00705	0.00355	0.00904
8	0.11417	0.01699	0.01670	0.04731	0.02008	0.06467	0.01173	0.16489	0.19023	0.03377	0.02602	0.02659	0.06171	0.01021	0.00772	0.00242	0.02651	0.00782	0.14002	0.01043
9	0.02270	0.01668	0.01815	0.01557	0.02022	0.01850	0.01229	0.18514	0.36479	0.09470	0.02936	0.07421	0.02289	0.01125	0.00801	0.00258	0.00664	0.00927	0.05492	0.01212
10	0.07210	0.02183	0.02312	0.01781	0.02407	0.02421	0.01471	0.61048	0.03595	0.04917	0.01859	0.01869	0.01321	0.00940	0.00776	0.00238	0.00858	0.00698	0.00776	0.01321
11	0.02846	0.01644	0.01774	0.01445	0.01935	0.10094	0.01156	0.10335	0.02432	0.36642	0.17641	0.03195	0.03060	0.01106	0.00818	0.00240	0.00726	0.00899	0.00859	0.01152
12	0.00980	0.00701	0.00933	0.01094	0.01153	0.00654	0.00737	0.01140	0.01584	0.02129	0.10042	0.65643	0.05448	0.02406	0.01005	0.00315	0.00452	0.02180	0.00749	0.00654
13	0.03558	0.01350	0.01840	0.01411	0.02024	0.01166	0.01166	0.03865	0.02270	0.67734	0.03128	0.02699	0.01963	0.00981	0.00797	0.00245	0.00675	0.00797	0.00981	0.01350
14	0.02962	0.03779	0.02247	0.02043	0.02451	0.68948	0.01532	0.03166	0.02247	0.01941	0.01226	0.01430	0.01021	0.00817	0.00715	0.00204	0.01430	0.00511	0.00409	0.00919
15	0.09945	0.01785	0.02020	0.01578	0.02179	0.01862	0.01298	0.31181	0.07231	0.29087	0.02398	0.02229	0.01616	0.00952	0.00768	0.00244	0.00755	0.00733	0.00840	0.01298
16	0.01153	0.00769	0.00865	0.00865	0.00865	0.00769	0.00480	0.01153	0.01153	0.01538	0.02499	0.05189	0.02883	0.72131	0.04036	0.00769	0.00769	0.01153	0.00480	0.00480
17	0.01053	0.00800	0.01022	0.01063	0.01193	0.00769	0.00766	0.01288	0.01812	0.02453	0.27243	0.34504	0.15712	0.02047	0.01046	0.00288	0.03683	0.01794	0.00767	0.00696
18	0.02724	0.01979	0.02136	0.01692	0.02267	0.02171	0.01380	0.45935	0.14278	0.08384	0.02633	0.02532	0.06099	0.01048	0.00806	0.00246	0.00785	0.00817	0.00803	0.01285
19	0.00972	0.00803	0.00859	0.00893	0.01133	0.00690	0.00679	0.01183	0.01783	0.02153	0.07335	0.13573	0.55327	0.02069	0.00959	0.00282	0.00438	0.07459	0.00736	0.00673
20	0.01874	0.01782	0.02528	0.36103	0.21067	0.06367	0.02067	0.06696	0.08903	0.02514	0.01653	0.02107	0.01278	0.00814	0.00787	0.00251	0.00992	0.00714	0.00447	0.01056
21	0.01906	0.01967	0.02668	0.35025	0.27833	0.12644	0.02180	0.02361	0.01774	0.02221	0.01410	0.01948	0.01125	0.00765	0.00777	0.00244	0.01075	0.00674	0.00376	0.01026
22	0.02181	0.52550	0.10354	0.01580	0.02244	0.13027	0.01558	0.02493	0.01701	0.01945	0.01152	0.01354	0.01018	0.00733	0.00640	0.00190	0.03455	0.00463	0.00350	0.01013
23	0.01007	0.00767	0.00938	0.01056	0.01203	0.00697	0.00778	0.01205	0.01671	0.02124	0.05641	0.38583	0.26990	0.02267	0.00999	0.00310	0.00484	0.11876	0.00735	0.00667
24	0.01738	0.01773	0.02410	0.22453	0.06156	0.08140	0.04101	0.02049	0.01492	0.02009	0.01443	0.06764	0.01356	0.01178	0.01635	0.00300	0.32932	0.00800	0.00386	0.00886
25	0.01935	0.01754	0.03110	0.05920	0.38802	0.01746	0.14159	0.02402	0.01835	0.07107	0.05764	0.05526	0.01850	0.00886	0.00903	0.00252	0.03557	0.00874	0.00478	0.01140
26	0.01478	0.00739	0.00739	0.00739	0.00924	0.00739	0.00554	0.01848	0.01663	0.02956	0.02587	0.02956	0.02033	0.00924	0.00554	0.00185	0.00370	0.00739	0.76534	0.00739
27	0.01745	0.01763	0.02587	0.02171	0.02227	0.02399	0.06140	0.01953	0.01261	0.01953	0.01081	0.01763	0.01052	0.01337	0.02485	0.00341	0.65799	0.00711	0.00351	0.00882

[dist]
# distance from previous block
# <min> <max>
0	4

[block]
# block no. 3 follows, 24 sequences, length 31
# corresponding to MSA columns:
# 179-209
name=unknown_D
#
# <colnr> <probs for GDERKNQSTAVLIFYWHMCP>
#	G	D	E	R	K	N	Q	S	T	A	V	L	I	F	Y	W	H	M	C	P
0	0.01478	0.00739	0.00739	0.00739	0.00924	0.00739	0.00554	0.01848	0.01663	0.02956	0.02587	0.02956	0.02033	0.00924	0.00554	0.00185	0.00370	0.00739	0.76534	0.00739
1	0.01574	0.02153	0.17346	0.02318	0.02860	0.01750	0.22650	0.02077	0.01596	0.02271	0.01995	0.15104	0.01926	0.01439	0.04604	0.00340	0.15554	0.01053	0.00440	0.00952
2	0.01478	0.00739	0.00739	0.00739	0.00924	0.00739	0.00554	0.01848	0.01663	0.02956	0.02587	0.02956	0.02033	0.00924	0.00554	0.00185	0.00370	0.00739	0.76534	0.00739
3	0.33078	0.04405	0.11934	0.01571	0.02150	0.12657	0.01440	0.11373	0.01938	0.05189	0.03234	0.01656	0.01215	0.00845	0.00735	0.00241	0.04264	0.00560	0.00512	0.01003
4	0.01826	0.03651	0.55944	0.02252	0.03334	0.01781	0.07483	0.02660	0.01754	0.09591	0.01622	0.01821	0.01124	0.00772	0.00772	0.00252	0.01131	0.00636	0.00410	0.01183
5	0.01805	0.20946	0.42287	0.02012	0.02981	0.05367	0.05154	0.02481	0.01693	0.02328	0.01341	0.01582	0.01027	0.00725	0.00689	0.00222	0.01078	0.00551	0.00350	0.05381
6	0.02138	0.01711	0.01831	0.01613	0.02083	0.01948	0.01264	0.07755	0.57938	0.07628	0.03143	0.02879	0.02327	0.01062	0.00805	0.00266	0.00645	0.00879	0.00817	0.01267
7	0.01833	0.02123	0.07263	0.14471	0.07908	0.07126	0.29325	0.02360	0.01742	0.02311	0.01573	0.02321	0.01299	0.00884	0.01113	0.00275	0.10870	0.03805	0.00398	0.00999
8	0.01629	0.01516	0.05495	0.23836	0.15971	0.01492	0.05843	0.02157	0.04881	0.06202	0.05603	0.14412	0.05247	0.01174	0.00850	0.00267	0.00850	0.01073	0.00530	0.00972
9	0.02062	0.01795	0.02619	0.14206	0.26833	0.06119	0.06673	0.02776	0.11651	0.09738	0.02192	0.04499	0.03463	0.00904	0.00809	0.00250	0.00915	0.00825	0.00537	0.01133
10	0.01115	0.00856	0.00987	0.01024	0.01219	0.00793	0.00761	0.04346	0.01806	0.02293	0.09223	0.23335	0.32331	0.07497	0.01207	0.00329	0.00506	0.08952	0.00726	0.00694
11	0.02235	0.50722	0.09785	0.01775	0.08224	0.02654	0.01581	0.02578	0.01717	0.10191	0.01421	0.01552	0.01156	0.00726	0.00593	0.00193	0.00866	0.00512	0.00424	0.01096
12	0.07837	0.01884	0.02072	0.01641	0.02228	0.02032	0.01342	0.35828	0.14321	0.18942	0.02368	0.02234	0.01649	0.00967	0.00777	0.00246	0.00767	0.00747	0.00819	0.01300
13	0.00988	0.00776	0.00895	0.00940	0.01130	0.00683	0.00685	0.01206	0.01805	0.02299	0.17284	0.25200	0.37405	0.02078	0.00962	0.00282	0.00423	0.03521	0.00760	0.00678
14	0.01679	0.02026	0.10337	0.05751	0.03042	0.02003	0.24297	0.02129	0.01559	0.02223	0.01747	0.06879	0.03404	0.01125	0.01550	0.00300	0.27686	0.00907	0.00404	0.00953
15	0.02691	0.01664	0.04612	0.01638	0.02211	0.01595	0.04826	0.06603	0.26469	0.32320	0.04664	0.02776	0.02176	0.01007	0.00811	0.00256	0.00715	0.00848	0.00845	0.01275
16	0.02287	0.02772	0.24325	0.02141	0.05728	0.11537	0.06620	0.07204	0.07683	0.14151	0.02085	0.02471	0.01583	0.00930	0.00800	0.00252	0.01026	0.04685	0.00566	0.01153
17	0.01147	0.00793	0.00988	0.00988	0.01030	0.00835	0.00633	0.01232	0.01189	0.01628	0.02386	0.04568	0.02613	0.52312	0.23486	0.00920	0.01175	0.01062	0.00464	0.00549
18	0.02048	0.33563	0.12906	0.01545	0.02189	0.09363	0.01509	0.02671	0.10659	0.05446	0.02325	0.02358	0.08533	0.00922	0.00671	0.00214	0.00871	0.00680	0.00486	0.01042
19	0.01926	0.01854	0.03211	0.04625	0.60618	0.01846	0.05861	0.02403	0.01810	0.02578	0.01623	0.02294	0.01406	0.00773	0.00808	0.00243	0.00955	0.03538	0.00409	0.01221
20	0.00997	0.00713	0.00952	0.01108	0.01176	0.00668	0.00762	0.01172	0.01612	0.02168	0.11264	0.61545	0.05462	0.02376	0.01007	0.00316	0.00463	0.04830	0.00751	0.00659
21	0.01829	0.14175	0.30952	0.02245	0.03109	0.05068	0.16477	0.02682	0.08840	0.02499	0.03625	0.01980	0.01410	0.00787	0.00766	0.00242	0.01085	0.00698	0.00423	0.01109
22	0.01389	0.01149	0.01559	0.01303	0.01692	0.01048	0.08024	0.04601	0.05096	0.04391	0.19255	0.05399	0.28514	0.01500	0.00888	0.00249	0.00574	0.03564	0.00713	0.09093
23	0.13973	0.05896	0.02275	0.09141	0.08534	0.07145	0.07735	0.04413	0.04756	0.15221	0.02132	0.09727	0.01787	0.01131	0.02497	0.00276	0.00886	0.00855	0.00586	0.01033
24	0.02473	0.09461	0.06610	0.03823	0.06214	0.01848	0.11205	0.11599	0.03986	0.21466	0.04931	0.02284	0.01715	0.00895	0.00869	0.00240	0.04304	0.00758	0.00643	0.04675
25	0.16103	0.01317	0.01616	0.01287	0.01811	0.01228	0.01037	0.03300	0.01987	0.49329	0.02709	0.02731	0.01874	0.08809	0.01103	0.00303	0.00675	0.00773	0.00841	0.01169
26	0.03040	0.01422	0.01771	0.01397	0.01938	0.01359	0.01141	0.13948	0.05515	0.43575	0.05947	0.02760	0.02155	0.01006	0.00777	0.00239	0.00658	0.00812	0.09292	0.01248
27	0.01487	0.01237	0.02042	0.07571	0.06062	0.01232	0.12845	0.01872	0.01905	0.05828	0.29037	0.04311	0.07242	0.09095	0.01327	0.00316	0.03946	0.01151	0.00643	0.00851
28	0.01964	0.01864	0.03061	0.04507	0.59982	0.01894	0.02303	0.02631	0.08878	0.02671	0.01684	0.02073	0.01385	0.00747	0.00787	0.00239	0.00907	0.00728	0.00438	0.01256
29	0.03492	0.01618	0.01885	0.01481	0.02072	0.08663	0.01206	0.03787	0.02267	0.60457	0.02918	0.02559	0.01859	0.00963	0.00788	0.00241	0.00758	0.00766	0.00918	0.01302
30	0.01147	0.00961	0.01384	0.01244	0.01521	0.00872	0.07784	0.01477	0.01958	0.02576	0.27595	0.09716	0.28292	0.01767	0.00958	0.00275	0.00536	0.08445	0.00747	0.00747

[dist]
# distance from previous block
# <min> <max>
0	10

[block]
# block no. 4 follows, 24 sequences, length 15
# corresponding to MSA columns:
# 220-234
name=unknown_E
#
# <colnr> <probs for GDERKNQSTAVLIFYWHMCP>
#	G	D	E	R	K	N	Q	S	T	A	V	L	I	F	Y	W	H	M	C	P
0	0.56502	0.01729	0.01511	0.01265	0.01797	0.01972	0.01043	0.20008	0.02025	0.03967	0.01331	0.01463	0.00998	0.00797	0.00577	0.00243	0.00687	0.00510	0.00577	0.00998
1	0.01484	0.03350	0.52736	0.01972	0.02919	0.01592	0.02432	0.02280	0.01804	0.02664	0.16340	0.02644	0.02483	0.00951	0.00795	0.00251	0.00990	0.00780	0.00458	0.01075
2	0.01009	0.00708	0.00908	0.01050	0.01085	0.00673	0.00678	0.01115	0.01435	0.01913	0.03943	0.56450	0.04706	0.18384	0.01702	0.00424	0.00531	0.02003	0.00678	0.00607
3	0.09977	0.42949	0.03155	0.01402	0.02022	0.08662	0.01280	0.02784	0.01795	0.17076	0.01577	0.01614	0.01218	0.00766	0.00592	0.00198	0.00839	0.00518	0.00507	0.01069
4	0.19356	0.01611	0.01613	0.01380	0.01824	0.01795	0.01088	0.19582	0.20472	0.03560	0.04888	0.03008	0.07737	0.07474	0.01038	0.00299	0.00675	0.00851	0.00698	0.01051
5	0.01290	0.17167	0.01705	0.01092	0.01359	0.01258	0.00871	0.01556	0.01859	0.02465	0.29149	0.23317	0.10684	0.01681	0.00860	0.00253	0.00509	0.01453	0.00701	0.00774
6	0.01002	0.00718	0.00952	0.01080	0.01158	0.00668	0.00739	0.01194	0.01684	0.02288	0.18615	0.56618	0.05756	0.02287	0.00995	0.00305	0.00440	0.02067	0.00767	0.00668
7	0.25894	0.19353	0.31813	0.01662	0.02502	0.02126	0.01903	0.02422	0.01556	0.02692	0.01247	0.01457	0.00961	0.00730	0.00613	0.00230	0.00919	0.00498	0.00385	0.01036
8	0.01377	0.00689	0.01033	0.01033	0.01033	0.00689	0.00689	0.01033	0.01033	0.01377	0.01377	0.02410	0.01377	0.02755	0.03099	0.76928	0.00689	0.00689	0.00344	0.00344
9	0.01000	0.00753	0.00935	0.01065	0.01194	0.00688	0.00771	0.01187	0.01644	0.02106	0.05408	0.44581	0.22997	0.02307	0.01002	0.00312	0.00480	0.10173	0.00735	0.00663
10	0.01511	0.08065	0.42465	0.02028	0.02875	0.01676	0.07795	0.02183	0.01652	0.02356	0.02089	0.17653	0.01991	0.01136	0.00811	0.00263	0.01001	0.00986	0.00433	0.01031
11	0.19427	0.08684	0.06295	0.06064	0.04638	0.17342	0.01486	0.14592	0.05138	0.07026	0.01560	0.01700	0.01179	0.00825	0.00680	0.00230	0.00949	0.00583	0.00539	0.01063
12	0.01355	0.01022	0.01392	0.01347	0.01512	0.01053	0.04321	0.07033	0.01708	0.02290	0.04917	0.22883	0.03678	0.20234	0.05005	0.00480	0.03192	0.15225	0.00632	0.00721
13	0.20374	0.01623	0.07639	0.04975	0.05685	0.01563	0.05149	0.04366	0.01681	0.06522	0.04069	0.02335	0.03541	0.00944	0.00891	0.00246	0.08900	0.00707	0.17860	0.00932
14	0.02242	0.04970	0.02738	0.04693	0.02680	0.01785	0.18019	0.07238	0.08760	0.17511	0.02288	0.08423	0.01842	0.01055	0.01051	0.00265	0.09296	0.00924	0.00626	0.03594

[dist]
# distance from previous block
# <min> <max>
0	11

# created by:
# /st0/software/busco_prod/Augustus/scripts/msa2prfl.pl ./align_prep/119485.fa
