[name]
unknown

[dist]
# distance from previous block
# <min> <max>
0	29

[block]
# block no. 0 follows, 22 sequences, length 6
# corresponding to MSA columns:
# 29-34
name=unknown_A
#
# <colnr> <probs for GDERKNQSTAVLIFYWHMCP>
#	G	D	E	R	K	N	Q	S	T	A	V	L	I	F	Y	W	H	M	C	P
0	0.01528	0.01177	0.01807	0.02352	0.17355	0.01177	0.01559	0.01845	0.01804	0.02412	0.03332	0.06718	0.03512	0.01986	0.01329	0.09763	0.00814	0.38051	0.00628	0.00850
1	0.01893	0.01992	0.07037	0.04255	0.46461	0.01827	0.09746	0.02397	0.01855	0.02630	0.01944	0.10447	0.01807	0.00967	0.00869	0.00263	0.00990	0.00962	0.00453	0.01208
2	0.01187	0.00908	0.01151	0.01175	0.01393	0.00781	0.00824	0.01387	0.01623	0.02265	0.03816	0.53408	0.04446	0.02114	0.00951	0.00285	0.00515	0.01902	0.00703	0.19168
3	0.01665	0.01410	0.01658	0.01211	0.01892	0.01073	0.00963	0.02036	0.01789	0.02773	0.08232	0.02198	0.01931	0.00730	0.00654	0.00138	0.00592	0.00599	0.00537	0.67919
4	0.05683	0.00843	0.01015	0.04338	0.01301	0.00871	0.00748	0.01653	0.01532	0.02525	0.06323	0.02966	0.02155	0.01664	0.01541	0.26440	0.00554	0.00785	0.36417	0.00646
5	0.01169	0.00752	0.01042	0.01183	0.01236	0.00722	0.00829	0.01207	0.01494	0.01984	0.03714	0.44471	0.04317	0.02640	0.01658	0.20620	0.00582	0.09117	0.00660	0.00602

[dist]
# distance from previous block
# <min> <max>
1	2

[block]
# block no. 1 follows, 22 sequences, length 6
# corresponding to MSA columns:
# 37-42
name=unknown_B
#
# <colnr> <probs for GDERKNQSTAVLIFYWHMCP>
#	G	D	E	R	K	N	Q	S	T	A	V	L	I	F	Y	W	H	M	C	P
0	0.03153	0.01566	0.01937	0.01543	0.02149	0.01509	0.01252	0.07606	0.17908	0.42846	0.03114	0.02777	0.02086	0.01026	0.00824	0.00255	0.00701	0.00835	0.00937	0.05976
1	0.01040	0.00755	0.00953	0.01085	0.01167	0.00699	0.00728	0.01195	0.01643	0.02170	0.09129	0.51547	0.12773	0.09346	0.01364	0.00372	0.00501	0.02110	0.00754	0.00668
2	0.02364	0.01342	0.01631	0.01459	0.01869	0.01356	0.01123	0.03338	0.23592	0.25853	0.03690	0.22457	0.03219	0.01519	0.00904	0.00289	0.00625	0.01314	0.00890	0.01165
3	0.02835	0.01187	0.01611	0.01372	0.01820	0.01042	0.01073	0.03098	0.02119	0.45142	0.03705	0.24986	0.03186	0.01546	0.00909	0.00283	0.00633	0.01337	0.00944	0.01171
4	0.01543	0.00858	0.01152	0.01220	0.01384	0.00781	0.00859	0.01722	0.01744	0.14640	0.04325	0.57087	0.04823	0.02295	0.01016	0.00322	0.00526	0.02063	0.00821	0.00819
5	0.01175	0.00956	0.01462	0.01439	0.01573	0.00952	0.06679	0.01399	0.01680	0.02285	0.10163	0.52567	0.05021	0.02251	0.01162	0.00326	0.05413	0.02030	0.00724	0.00744

[dist]
# distance from previous block
# <min> <max>
18	22

[block]
# block no. 2 follows, 22 sequences, length 16
# corresponding to MSA columns:
# 73-88
name=unknown_C
#
# <colnr> <probs for GDERKNQSTAVLIFYWHMCP>
#	G	D	E	R	K	N	Q	S	T	A	V	L	I	F	Y	W	H	M	C	P
0	0.06776	0.54677	0.08021	0.01503	0.02187	0.07518	0.01484	0.02494	0.01718	0.02122	0.01338	0.04414	0.01251	0.00813	0.00587	0.00198	0.00921	0.00547	0.00388	0.01042
1	0.16824	0.34484	0.25036	0.01681	0.02529	0.02539	0.01883	0.02528	0.01656	0.02539	0.01270	0.01480	0.01028	0.00750	0.00617	0.00223	0.00956	0.00503	0.00385	0.01088
2	0.01185	0.00837	0.01001	0.01008	0.01088	0.00816	0.00639	0.01274	0.01356	0.01829	0.03200	0.16640	0.06882	0.44307	0.09839	0.00710	0.00863	0.01373	0.00560	0.04591
3	0.01245	0.05591	0.01510	0.01314	0.01507	0.01170	0.01042	0.01535	0.01389	0.01948	0.02494	0.03395	0.05485	0.05635	0.59380	0.01200	0.02037	0.00908	0.00457	0.00761
4	0.02221	0.71304	0.04353	0.01421	0.02132	0.03287	0.01421	0.02488	0.01688	0.01955	0.01155	0.01333	0.01066	0.00711	0.00533	0.00178	0.00888	0.00444	0.00355	0.01066
5	0.02221	0.71304	0.04353	0.01421	0.02132	0.03287	0.01421	0.02488	0.01688	0.01955	0.01155	0.01333	0.01066	0.00711	0.00533	0.00178	0.00888	0.00444	0.00355	0.01066
6	0.01733	0.12314	0.59064	0.02255	0.03420	0.02092	0.02872	0.02614	0.01746	0.02550	0.01451	0.01704	0.01054	0.00780	0.00759	0.00253	0.01187	0.00594	0.00351	0.01208
7	0.02221	0.71304	0.04353	0.01421	0.02132	0.03287	0.01421	0.02488	0.01688	0.01955	0.01155	0.01333	0.01066	0.00711	0.00533	0.00178	0.00888	0.00444	0.00355	0.01066
8	0.01044	0.00743	0.00984	0.01145	0.01195	0.00713	0.00764	0.01185	0.01535	0.02057	0.04220	0.59163	0.05010	0.09567	0.06056	0.00454	0.00637	0.02144	0.00722	0.00663
9	0.01192	0.00869	0.01226	0.01226	0.01337	0.00979	0.00902	0.01413	0.01303	0.01848	0.02325	0.03816	0.02317	0.22638	0.51433	0.01201	0.01864	0.00971	0.00460	0.00681
10	0.03158	0.02327	0.02493	0.01911	0.02576	0.02576	0.01579	0.62852	0.03906	0.05236	0.01995	0.01995	0.01413	0.00997	0.00831	0.00249	0.00914	0.00748	0.00831	0.01413
11	0.76672	0.01607	0.01221	0.01092	0.01607	0.01864	0.00900	0.02442	0.01414	0.03727	0.01157	0.01350	0.00900	0.00771	0.00514	0.00257	0.00643	0.00450	0.00514	0.00900
12	0.03158	0.02327	0.02493	0.01911	0.02576	0.02576	0.01579	0.62852	0.03906	0.05236	0.01995	0.01995	0.01413	0.00997	0.00831	0.00249	0.00914	0.00748	0.00831	0.01413
13	0.76672	0.01607	0.01221	0.01092	0.01607	0.01864	0.00900	0.02442	0.01414	0.03727	0.01157	0.01350	0.00900	0.00771	0.00514	0.00257	0.00643	0.00450	0.00514	0.00900
14	0.10770	0.02252	0.02361	0.01827	0.02476	0.02502	0.01509	0.56597	0.03648	0.05079	0.01908	0.01928	0.01360	0.00974	0.00798	0.00250	0.00886	0.00717	0.00798	0.01360
15	0.69060	0.01681	0.01353	0.01177	0.01707	0.01937	0.00970	0.08697	0.01672	0.03883	0.01243	0.01416	0.00953	0.00795	0.00547	0.00256	0.00671	0.00481	0.00547	0.00953

[dist]
# distance from previous block
# <min> <max>
0	3

[block]
# block no. 3 follows, 22 sequences, length 6
# corresponding to MSA columns:
# 92-97
name=unknown_D
#
# <colnr> <probs for GDERKNQSTAVLIFYWHMCP>
#	G	D	E	R	K	N	Q	S	T	A	V	L	I	F	Y	W	H	M	C	P
0	0.01447	0.10186	0.01525	0.01097	0.01291	0.01270	0.00791	0.05594	0.01590	0.02085	0.05902	0.04668	0.08707	0.38728	0.11147	0.00677	0.00949	0.01102	0.00544	0.00702
1	0.02002	0.01607	0.01860	0.01410	0.02054	0.01456	0.01136	0.16801	0.02204	0.03221	0.01700	0.01989	0.01385	0.01437	0.09348	0.00311	0.00897	0.00606	0.00569	0.48007
2	0.11527	0.26711	0.27908	0.01701	0.02521	0.02241	0.01917	0.02417	0.01765	0.02631	0.09698	0.02140	0.01929	0.00879	0.00690	0.00232	0.00924	0.00651	0.00448	0.01071
3	0.01187	0.00959	0.01082	0.01103	0.01373	0.00899	0.00877	0.01658	0.07877	0.02518	0.12170	0.07688	0.39843	0.02019	0.01008	0.00303	0.00522	0.15343	0.00790	0.00782
4	0.09529	0.05132	0.21855	0.07547	0.09095	0.02006	0.02047	0.13776	0.06827	0.11462	0.01915	0.02049	0.01374	0.00877	0.00778	0.00257	0.00959	0.00691	0.00586	0.01238
5	0.01628	0.01060	0.01315	0.01266	0.01560	0.01026	0.01004	0.02216	0.10242	0.11419	0.21810	0.11414	0.14887	0.01796	0.00985	0.00298	0.00560	0.13748	0.00855	0.00913

[dist]
# distance from previous block
# <min> <max>
2	6

[block]
# block no. 4 follows, 22 sequences, length 34
# corresponding to MSA columns:
# 104-137
name=unknown_E
#
# <colnr> <probs for GDERKNQSTAVLIFYWHMCP>
#	G	D	E	R	K	N	Q	S	T	A	V	L	I	F	Y	W	H	M	C	P
0	0.01319	0.00886	0.01170	0.01105	0.01323	0.00820	0.00849	0.01707	0.02319	0.06498	0.57323	0.06276	0.07306	0.01710	0.00985	0.00270	0.00437	0.05973	0.00909	0.00815
1	0.02893	0.01994	0.02202	0.01748	0.02340	0.02165	0.01423	0.39530	0.14626	0.13235	0.07008	0.02618	0.02174	0.01076	0.00845	0.00257	0.00800	0.00850	0.00867	0.01349
2	0.01206	0.00808	0.00916	0.00913	0.00923	0.00804	0.00518	0.01226	0.01266	0.01698	0.05788	0.05475	0.03264	0.67303	0.04064	0.00778	0.00784	0.01223	0.00524	0.00518
3	0.02201	0.01795	0.01912	0.01692	0.02180	0.02053	0.01324	0.07401	0.58111	0.06527	0.03305	0.03030	0.02456	0.01116	0.00844	0.00279	0.00673	0.00924	0.00853	0.01325
4	0.02066	0.01785	0.01878	0.01691	0.02160	0.02066	0.01315	0.04414	0.64121	0.03475	0.03381	0.03099	0.02536	0.01127	0.00845	0.00282	0.00657	0.00939	0.00845	0.01315
5	0.01701	0.03918	0.57257	0.02241	0.03378	0.01886	0.02797	0.02733	0.06552	0.02701	0.01635	0.01855	0.01178	0.00804	0.00782	0.00255	0.01143	0.00631	0.00398	0.06155
6	0.01688	0.04147	0.62017	0.02450	0.03650	0.01942	0.07402	0.02633	0.01769	0.02633	0.01505	0.01789	0.01068	0.00783	0.00803	0.00264	0.01240	0.00641	0.00356	0.01220
7	0.02039	0.01492	0.01764	0.01302	0.02006	0.01199	0.01044	0.02556	0.06689	0.11939	0.01885	0.01990	0.01452	0.00715	0.00665	0.00155	0.00632	0.00577	0.00597	0.59302
8	0.01061	0.00789	0.01007	0.01132	0.01253	0.00709	0.00773	0.01228	0.01629	0.02175	0.04719	0.59335	0.10887	0.02410	0.01020	0.00316	0.00486	0.02168	0.00751	0.06151
9	0.01328	0.01060	0.01295	0.01164	0.01529	0.00870	0.00857	0.01595	0.01733	0.02492	0.09288	0.32397	0.06400	0.01651	0.00860	0.00237	0.00527	0.01460	0.00667	0.32590
10	0.01036	0.00733	0.00957	0.01126	0.01169	0.00691	0.00739	0.01163	0.01544	0.02059	0.04340	0.62361	0.05193	0.10915	0.01446	0.00394	0.00521	0.02221	0.00739	0.00654
11	0.03158	0.02327	0.02493	0.01911	0.02576	0.02576	0.01579	0.62852	0.03906	0.05236	0.01995	0.01995	0.01413	0.00997	0.00831	0.00249	0.00914	0.00748	0.00831	0.01413
12	0.02066	0.01785	0.01878	0.01691	0.02160	0.02066	0.01315	0.04414	0.64121	0.03475	0.03381	0.03099	0.02536	0.01127	0.00845	0.00282	0.00657	0.00939	0.00845	0.01315
13	0.02066	0.01785	0.01878	0.01691	0.02160	0.02066	0.01315	0.04414	0.64121	0.03475	0.03381	0.03099	0.02536	0.01127	0.00845	0.00282	0.00657	0.00939	0.00845	0.01315
14	0.01961	0.02241	0.04902	0.03501	0.04342	0.02101	0.62605	0.02661	0.01961	0.02661	0.01681	0.02241	0.01261	0.00700	0.00980	0.00280	0.01401	0.00980	0.00420	0.01120
15	0.03727	0.01414	0.01928	0.01478	0.02121	0.01221	0.01221	0.04049	0.02378	0.66198	0.03277	0.02828	0.02056	0.01028	0.00835	0.00257	0.00707	0.00835	0.01028	0.01414
16	0.02066	0.01785	0.01878	0.01691	0.02160	0.02066	0.01315	0.04414	0.64121	0.03475	0.03381	0.03099	0.02536	0.01127	0.00845	0.00282	0.00657	0.00939	0.00845	0.01315
17	0.39357	0.05590	0.01963	0.01482	0.02075	0.02262	0.01236	0.29898	0.02561	0.04320	0.01537	0.01642	0.01142	0.00871	0.00659	0.00249	0.00779	0.00585	0.00650	0.01142
18	0.01794	0.01656	0.01956	0.01452	0.02141	0.05531	0.05499	0.02165	0.01775	0.02629	0.01641	0.05341	0.01446	0.00742	0.00674	0.00152	0.00724	0.00629	0.00497	0.61559
19	0.03727	0.01414	0.01928	0.01478	0.02121	0.01221	0.01221	0.04049	0.02378	0.66198	0.03277	0.02828	0.02056	0.01028	0.00835	0.00257	0.00707	0.00835	0.01028	0.01414
20	0.01723	0.01477	0.01723	0.01230	0.01969	0.01107	0.00984	0.02092	0.01723	0.02707	0.01477	0.01723	0.01230	0.00615	0.00615	0.00123	0.00615	0.00492	0.00492	0.75883
21	0.03188	0.02279	0.02463	0.01888	0.02552	0.02504	0.01560	0.59735	0.03825	0.08467	0.02063	0.02039	0.01447	0.00999	0.00831	0.00250	0.00903	0.00753	0.00841	0.01413
22	0.03727	0.01414	0.01928	0.01478	0.02121	0.01221	0.01221	0.04049	0.02378	0.66198	0.03277	0.02828	0.02056	0.01028	0.00835	0.00257	0.00707	0.00835	0.01028	0.01414
23	0.02653	0.02028	0.02222	0.01672	0.02362	0.02059	0.01370	0.41463	0.03137	0.04345	0.01812	0.01899	0.01349	0.00863	0.00755	0.00205	0.00809	0.00658	0.00712	0.27628
24	0.01723	0.01477	0.01723	0.01230	0.01969	0.01107	0.00984	0.02092	0.01723	0.02707	0.01477	0.01723	0.01230	0.00615	0.00615	0.00123	0.00615	0.00492	0.00492	0.75883
25	0.03727	0.01414	0.01928	0.01478	0.02121	0.01221	0.01221	0.04049	0.02378	0.66198	0.03277	0.02828	0.02056	0.01028	0.00835	0.00257	0.00707	0.00835	0.01028	0.01414
26	0.03449	0.01422	0.01899	0.01444	0.02100	0.01205	0.01188	0.03777	0.02287	0.57392	0.03028	0.02674	0.01942	0.00971	0.00805	0.00238	0.00694	0.00788	0.00954	0.11741
27	0.01666	0.04297	0.66500	0.02368	0.03596	0.01929	0.03069	0.02631	0.01754	0.02631	0.01491	0.01754	0.01052	0.00789	0.00789	0.00263	0.01228	0.00614	0.00351	0.01228
28	0.01723	0.01477	0.01723	0.01230	0.01969	0.01107	0.00984	0.02092	0.01723	0.02707	0.01477	0.01723	0.01230	0.00615	0.00615	0.00123	0.00615	0.00492	0.00492	0.75883
29	0.03155	0.02409	0.02486	0.01923	0.02576	0.05846	0.01580	0.59852	0.03828	0.05074	0.01959	0.01970	0.01396	0.00990	0.00827	0.00248	0.00944	0.00737	0.00811	0.01390
30	0.07112	0.01880	0.01923	0.01455	0.02137	0.06617	0.01169	0.16768	0.02274	0.03328	0.01565	0.01746	0.01240	0.00736	0.00671	0.00169	0.00757	0.00554	0.00570	0.47331
31	0.02616	0.02570	0.02140	0.01789	0.02337	0.23762	0.01402	0.20076	0.13453	0.03313	0.02196	0.02240	0.04261	0.00958	0.00777	0.00224	0.00993	0.00712	0.00641	0.13542
32	0.01668	0.01419	0.01664	0.01225	0.01910	0.01074	0.00968	0.02020	0.01712	0.02662	0.01715	0.06998	0.01559	0.00768	0.00649	0.00140	0.00605	0.00636	0.00514	0.70094
33	0.05428	0.13727	0.28951	0.01783	0.02659	0.01960	0.01960	0.08843	0.01997	0.02923	0.06376	0.02030	0.01643	0.00834	0.00721	0.00220	0.00928	0.00638	0.00482	0.15897

[dist]
# distance from previous block
# <min> <max>
1	12

[block]
# block no. 5 follows, 22 sequences, length 15
# corresponding to MSA columns:
# 183-197
name=unknown_F
#
# <colnr> <probs for GDERKNQSTAVLIFYWHMCP>
#	G	D	E	R	K	N	Q	S	T	A	V	L	I	F	Y	W	H	M	C	P
0	0.01965	0.03879	0.57135	0.02239	0.03382	0.01827	0.02801	0.02836	0.01844	0.11850	0.01750	0.01910	0.01198	0.00824	0.00796	0.00262	0.01152	0.00646	0.00449	0.01255
1	0.10272	0.01450	0.01722	0.01433	0.01949	0.01451	0.01149	0.03617	0.19035	0.33533	0.12274	0.03253	0.02927	0.01128	0.00827	0.00264	0.00640	0.00924	0.00910	0.01242
2	0.02047	0.37089	0.32573	0.01856	0.02799	0.02560	0.02163	0.02635	0.01754	0.05620	0.01419	0.01603	0.01112	0.00763	0.00666	0.00221	0.01034	0.00542	0.00388	0.01158
3	0.38731	0.01782	0.07339	0.29625	0.03504	0.01862	0.01676	0.02324	0.01547	0.02960	0.01320	0.01747	0.01000	0.00798	0.00670	0.00266	0.00888	0.00585	0.00439	0.00937
4	0.01965	0.03879	0.57135	0.02239	0.03382	0.01827	0.02801	0.02836	0.01844	0.11850	0.01750	0.01910	0.01198	0.00824	0.00796	0.00262	0.01152	0.00646	0.00449	0.01255
5	0.03158	0.02327	0.02493	0.01911	0.02576	0.02576	0.01579	0.62852	0.03906	0.05236	0.01995	0.01995	0.01413	0.00997	0.00831	0.00249	0.00914	0.00748	0.00831	0.01413
6	0.72290	0.01650	0.01297	0.01141	0.01664	0.01906	0.00940	0.06044	0.01562	0.03817	0.01207	0.01388	0.00930	0.00785	0.00533	0.00257	0.00659	0.00468	0.00533	0.00930
7	0.02214	0.01075	0.01412	0.01247	0.01621	0.00952	0.00980	0.02515	0.02162	0.29537	0.18729	0.14710	0.12575	0.01640	0.00941	0.00281	0.00565	0.04913	0.00913	0.01022
8	0.12604	0.06274	0.21672	0.01455	0.01969	0.01481	0.01461	0.01934	0.01448	0.02289	0.01930	0.03260	0.01899	0.29202	0.07407	0.00559	0.01031	0.00839	0.00444	0.00841
9	0.01471	0.01492	0.11125	0.01617	0.01960	0.01119	0.10248	0.01609	0.01490	0.02041	0.07139	0.05329	0.05927	0.04397	0.04748	0.35298	0.00906	0.00944	0.00458	0.00683
10	0.02030	0.26020	0.33242	0.01952	0.02838	0.11817	0.02192	0.02625	0.01852	0.02361	0.04845	0.01823	0.01432	0.00823	0.00710	0.00228	0.01110	0.00596	0.00394	0.01112
11	0.01515	0.01363	0.02281	0.31532	0.09483	0.01500	0.07741	0.01954	0.01757	0.02351	0.11341	0.05701	0.02711	0.11204	0.01380	0.00355	0.00941	0.03498	0.00508	0.00883
12	0.05354	0.23301	0.36031	0.01935	0.02870	0.02341	0.02235	0.02839	0.10764	0.02607	0.01652	0.01808	0.01264	0.00815	0.00710	0.00241	0.01019	0.00604	0.00431	0.01178
13	0.01712	0.01907	0.11630	0.19496	0.08910	0.01671	0.07082	0.08609	0.04448	0.02704	0.02614	0.15402	0.04477	0.01289	0.00903	0.00287	0.00942	0.04340	0.00553	0.01024
14	0.01736	0.09009	0.57208	0.02505	0.08166	0.02032	0.02910	0.02614	0.01759	0.02588	0.01472	0.01746	0.01073	0.00780	0.00773	0.00256	0.01185	0.00611	0.00356	0.01223

[dist]
# distance from previous block
# <min> <max>
18	68

[block]
# block no. 6 follows, 22 sequences, length 20
# corresponding to MSA columns:
# 271-290
name=unknown_G
#
# <colnr> <probs for GDERKNQSTAVLIFYWHMCP>
#	G	D	E	R	K	N	Q	S	T	A	V	L	I	F	Y	W	H	M	C	P
0	0.01584	0.01457	0.02193	0.40035	0.10590	0.01682	0.01882	0.02329	0.10777	0.02402	0.03030	0.03383	0.13071	0.01097	0.00860	0.00275	0.00904	0.00953	0.00516	0.00980
1	0.01575	0.03167	0.42550	0.11802	0.03506	0.01715	0.05170	0.02364	0.01859	0.02687	0.13143	0.02656	0.02310	0.00958	0.00839	0.00266	0.01065	0.00811	0.00460	0.01098
2	0.01512	0.01405	0.02262	0.44693	0.13395	0.01612	0.01980	0.01979	0.01734	0.02230	0.02871	0.05720	0.13032	0.01115	0.00865	0.00275	0.00942	0.00983	0.00463	0.00930
3	0.01710	0.03353	0.41968	0.14752	0.04140	0.01950	0.15329	0.02544	0.01780	0.02544	0.01528	0.01940	0.01106	0.00778	0.00837	0.00269	0.01242	0.00713	0.00369	0.01150
4	0.01470	0.01392	0.02411	0.40788	0.04277	0.01564	0.10610	0.01939	0.01713	0.02211	0.02705	0.15187	0.07775	0.01252	0.00908	0.00289	0.00973	0.01163	0.00487	0.00886
5	0.23173	0.03252	0.41223	0.02014	0.02969	0.01872	0.05968	0.02533	0.01695	0.02977	0.04146	0.01859	0.01313	0.00818	0.00730	0.00262	0.01035	0.00627	0.00426	0.01108
6	0.02017	0.01496	0.02314	0.37866	0.10564	0.01600	0.01887	0.02484	0.01833	0.13988	0.02044	0.02430	0.03444	0.00868	0.00804	0.00248	0.00928	0.00754	0.00525	0.11906
7	0.01797	0.25899	0.39337	0.01920	0.02871	0.02255	0.02292	0.02473	0.01794	0.02482	0.08000	0.02078	0.01762	0.00858	0.00725	0.00235	0.01030	0.00651	0.00411	0.01129
8	0.01755	0.01539	0.02195	0.23419	0.14720	0.01729	0.01759	0.05787	0.17348	0.02731	0.02613	0.15979	0.02393	0.01250	0.00879	0.00283	0.00838	0.01113	0.00600	0.01069
9	0.01540	0.03410	0.49673	0.02027	0.02990	0.01635	0.02481	0.02357	0.01908	0.02811	0.17882	0.02900	0.02799	0.01023	0.00838	0.00263	0.01013	0.00843	0.00496	0.01114
10	0.01711	0.01688	0.03060	0.47636	0.14148	0.01911	0.13368	0.02283	0.01749	0.02307	0.01526	0.02197	0.01166	0.00794	0.00857	0.00273	0.01144	0.00783	0.00385	0.01016
11	0.01759	0.15616	0.32685	0.02242	0.03144	0.02048	0.14980	0.02457	0.01872	0.02615	0.10697	0.02424	0.02082	0.00888	0.00810	0.00251	0.01081	0.00789	0.00448	0.01111
12	0.15409	0.01663	0.02700	0.40343	0.10995	0.01899	0.10811	0.02303	0.01683	0.02555	0.01457	0.02044	0.01113	0.00791	0.00794	0.00271	0.01052	0.00721	0.00407	0.00988
13	0.01666	0.04297	0.66500	0.02368	0.03596	0.01929	0.03069	0.02631	0.01754	0.02631	0.01491	0.01754	0.01052	0.00789	0.00789	0.00263	0.01228	0.00614	0.00351	0.01228
14	0.01395	0.01728	0.13656	0.29417	0.05604	0.01430	0.01883	0.01870	0.01659	0.02234	0.02636	0.27440	0.02736	0.01479	0.00908	0.00296	0.00893	0.01320	0.00517	0.00899
15	0.01697	0.04083	0.60098	0.02486	0.03673	0.01947	0.09257	0.02634	0.01775	0.02634	0.01511	0.01805	0.01074	0.00780	0.00809	0.00265	0.01246	0.00652	0.00358	0.01217
16	0.01716	0.01746	0.03316	0.44943	0.07584	0.01934	0.22078	0.02316	0.01768	0.02322	0.01547	0.02217	0.01166	0.00784	0.00879	0.00277	0.01199	0.00818	0.00387	0.01003
17	0.01559	0.12183	0.22416	0.01483	0.02132	0.01507	0.01580	0.02045	0.01893	0.06058	0.11642	0.06427	0.23103	0.01388	0.00849	0.00258	0.00761	0.01136	0.00609	0.00972
18	0.01590	0.01517	0.02619	0.65356	0.05649	0.01859	0.05494	0.02151	0.01677	0.02151	0.01487	0.02216	0.01116	0.00824	0.00838	0.00277	0.01123	0.00751	0.00372	0.00933
19	0.03150	0.02037	0.08811	0.01720	0.02409	0.01801	0.01530	0.24887	0.05515	0.32908	0.04761	0.02545	0.01941	0.01020	0.00834	0.00256	0.00822	0.00808	0.00875	0.01368

[dist]
# distance from previous block
# <min> <max>
5	15

[block]
# block no. 7 follows, 22 sequences, length 14
# corresponding to MSA columns:
# 311-324
name=unknown_H
#
# <colnr> <probs for GDERKNQSTAVLIFYWHMCP>
#	G	D	E	R	K	N	Q	S	T	A	V	L	I	F	Y	W	H	M	C	P
0	0.01274	0.00856	0.01089	0.01047	0.01226	0.00791	0.00755	0.01569	0.02079	0.05948	0.43091	0.13374	0.10070	0.11434	0.01435	0.00347	0.00477	0.01542	0.00838	0.00758
1	0.01930	0.01528	0.01784	0.01289	0.02017	0.01209	0.01036	0.06149	0.01902	0.06484	0.01613	0.01803	0.01289	0.00664	0.00642	0.00139	0.00640	0.00528	0.00545	0.66809
2	0.01362	0.01110	0.04434	0.01252	0.01533	0.00951	0.01045	0.01847	0.05560	0.05674	0.31795	0.10972	0.13099	0.01831	0.00998	0.00296	0.00552	0.14019	0.00828	0.00842
3	0.01722	0.01126	0.01487	0.01476	0.05993	0.01081	0.01036	0.07752	0.02396	0.11013	0.41185	0.11390	0.05832	0.01571	0.00945	0.00266	0.00531	0.01380	0.00871	0.00947
4	0.01803	0.01518	0.01602	0.01466	0.01838	0.01706	0.01105	0.03526	0.46799	0.03031	0.03826	0.04035	0.09709	0.12631	0.01414	0.00367	0.00655	0.01075	0.00781	0.01113
5	0.02073	0.01703	0.01833	0.01629	0.02070	0.01924	0.01267	0.12866	0.44720	0.03607	0.07540	0.09498	0.03009	0.01286	0.00873	0.00281	0.00662	0.01083	0.00841	0.01233
6	0.16305	0.14585	0.08555	0.01783	0.02417	0.20058	0.01575	0.19733	0.02449	0.03289	0.01458	0.01607	0.01133	0.00849	0.00696	0.00230	0.01047	0.00571	0.00538	0.01121
7	0.02148	0.01723	0.02036	0.01584	0.02194	0.01662	0.03892	0.22327	0.07506	0.03532	0.02200	0.10522	0.01932	0.01036	0.00777	0.00212	0.00736	0.00869	0.00665	0.32450
8	0.02753	0.01556	0.01877	0.01495	0.02059	0.01507	0.01201	0.13093	0.12693	0.28336	0.07061	0.02792	0.02279	0.01128	0.00948	0.04447	0.00698	0.00828	0.00841	0.12408
9	0.02121	0.01483	0.01749	0.06203	0.02186	0.01582	0.01224	0.03439	0.32451	0.14286	0.10097	0.05567	0.02995	0.05135	0.01043	0.00297	0.00668	0.01005	0.00809	0.05661
10	0.07079	0.01739	0.01853	0.01509	0.02043	0.01836	0.01212	0.26745	0.14015	0.03925	0.08955	0.03311	0.10613	0.01171	0.00820	0.00245	0.00698	0.00936	0.00771	0.10524
11	0.08933	0.01308	0.01488	0.01307	0.01727	0.01288	0.01006	0.02653	0.16911	0.10967	0.10471	0.14253	0.05434	0.01392	0.00907	0.02771	0.00588	0.01122	0.00750	0.14725
12	0.19822	0.01663	0.01765	0.03872	0.02108	0.06140	0.01199	0.06445	0.07206	0.30850	0.08443	0.02676	0.02246	0.01021	0.00770	0.00257	0.00739	0.00790	0.00809	0.01179
13	0.01900	0.08169	0.52495	0.02154	0.03264	0.01900	0.02663	0.02723	0.01807	0.08606	0.01637	0.01826	0.01159	0.00796	0.00767	0.00249	0.01120	0.00617	0.00424	0.05723

[dist]
# distance from previous block
# <min> <max>
1	6

[block]
# block no. 8 follows, 22 sequences, length 6
# corresponding to MSA columns:
# 331-336
name=unknown_I
#
# <colnr> <probs for GDERKNQSTAVLIFYWHMCP>
#	G	D	E	R	K	N	Q	S	T	A	V	L	I	F	Y	W	H	M	C	P
0	0.12459	0.02523	0.22298	0.01768	0.02567	0.01806	0.01798	0.10791	0.10251	0.15793	0.02109	0.02115	0.01487	0.00889	0.00758	0.00249	0.00875	0.00684	0.00646	0.08135
1	0.40723	0.28985	0.02566	0.01297	0.01902	0.02487	0.01167	0.08027	0.01751	0.03172	0.01233	0.01402	0.01012	0.00768	0.00551	0.00225	0.00764	0.00475	0.00481	0.01012
2	0.02109	0.01323	0.01608	0.01423	0.01792	0.01312	0.01114	0.17134	0.02377	0.13578	0.08657	0.20978	0.03552	0.03986	0.01119	0.02817	0.00678	0.07898	0.00800	0.05745
3	0.02050	0.30988	0.17040	0.01808	0.02545	0.02479	0.05106	0.08767	0.08270	0.02626	0.01689	0.01938	0.01373	0.01419	0.08196	0.00350	0.01119	0.00642	0.00466	0.01128
4	0.01992	0.39530	0.12468	0.01571	0.02249	0.02561	0.01566	0.02798	0.14504	0.02517	0.08847	0.02301	0.02124	0.00918	0.00684	0.00221	0.00835	0.00689	0.00517	0.01109
5	0.01596	0.01099	0.01498	0.01422	0.01657	0.01085	0.04983	0.05384	0.08173	0.08965	0.03832	0.43087	0.04137	0.07427	0.01246	0.00351	0.00633	0.01788	0.00764	0.00873

[dist]
# distance from previous block
# <min> <max>
2	11

[block]
# block no. 9 follows, 22 sequences, length 18
# corresponding to MSA columns:
# 348-365
name=unknown_J
#
# <colnr> <probs for GDERKNQSTAVLIFYWHMCP>
#	G	D	E	R	K	N	Q	S	T	A	V	L	I	F	Y	W	H	M	C	P
0	0.01769	0.16662	0.55032	0.02193	0.03326	0.02180	0.02765	0.02604	0.01742	0.02506	0.01429	0.01676	0.01055	0.00775	0.00742	0.00247	0.01165	0.00583	0.00352	0.01198
1	0.08983	0.10335	0.49023	0.02160	0.03208	0.02018	0.05285	0.02547	0.01718	0.02655	0.01545	0.04143	0.01207	0.00841	0.00756	0.00258	0.01119	0.00660	0.00385	0.01156
2	0.02165	0.64485	0.10678	0.01518	0.02281	0.03149	0.01589	0.02502	0.01695	0.02023	0.01189	0.01375	0.01065	0.00719	0.00559	0.00186	0.00923	0.00461	0.00355	0.01083
3	0.09301	0.00906	0.01057	0.01068	0.01266	0.00877	0.00790	0.01512	0.01935	0.02823	0.30592	0.20205	0.13592	0.05682	0.01135	0.00317	0.00487	0.04920	0.00790	0.00745
4	0.01313	0.01047	0.01295	0.01304	0.01439	0.04628	0.00981	0.01548	0.01425	0.01923	0.02497	0.04318	0.02527	0.20069	0.42388	0.01051	0.01707	0.07347	0.00492	0.00703
5	0.01027	0.00758	0.00931	0.01060	0.01154	0.00695	0.00711	0.01170	0.01616	0.02093	0.05214	0.49482	0.18440	0.09878	0.01386	0.00375	0.00503	0.02102	0.00742	0.00662
6	0.02688	0.02078	0.02233	0.01773	0.02390	0.02268	0.01438	0.39505	0.20722	0.04454	0.02330	0.02277	0.01711	0.00991	0.00811	0.00244	0.00808	0.00774	0.00797	0.09708
7	0.01913	0.08724	0.02174	0.01712	0.07151	0.01715	0.01263	0.02934	0.22291	0.02884	0.02078	0.02163	0.01651	0.00804	0.00699	0.00191	0.00687	0.00654	0.00588	0.37724
8	0.01767	0.11018	0.53016	0.02196	0.03287	0.02086	0.02707	0.02809	0.08501	0.02652	0.01660	0.01856	0.01214	0.00818	0.00769	0.00256	0.01131	0.00631	0.00405	0.01220
9	0.02020	0.01986	0.08893	0.01568	0.02284	0.01650	0.01380	0.12091	0.16821	0.03271	0.02009	0.02094	0.01548	0.00814	0.00722	0.00195	0.00738	0.00651	0.00613	0.38652
10	0.01981	0.01682	0.01864	0.08430	0.02426	0.01913	0.01351	0.09592	0.43471	0.03350	0.03718	0.03550	0.10625	0.01214	0.00861	0.00278	0.00697	0.01008	0.00786	0.01203
11	0.02207	0.01720	0.02201	0.01782	0.02293	0.01801	0.07516	0.25322	0.09114	0.05113	0.07469	0.07228	0.02531	0.01739	0.08093	0.00376	0.00971	0.04080	0.00723	0.07722
12	0.01585	0.04265	0.01524	0.01201	0.01582	0.01172	0.00894	0.08012	0.01855	0.02610	0.06890	0.16394	0.04550	0.16834	0.01562	0.00346	0.00655	0.01142	0.00614	0.26313
13	0.01396	0.06786	0.04999	0.01451	0.04378	0.01281	0.01096	0.01751	0.04788	0.02009	0.02374	0.03998	0.02383	0.26315	0.27581	0.00855	0.01378	0.03920	0.00489	0.00772
14	0.01885	0.08061	0.11705	0.01451	0.02221	0.01497	0.01357	0.05687	0.01848	0.04877	0.01591	0.01908	0.01306	0.03757	0.00812	0.00190	0.00760	0.00564	0.00497	0.48027
15	0.20238	0.05069	0.08376	0.01565	0.02161	0.01894	0.01405	0.17135	0.08543	0.05793	0.02073	0.02695	0.01711	0.01104	0.00854	0.03431	0.00795	0.06835	0.00637	0.07685
16	0.01607	0.01639	0.10838	0.01358	0.01738	0.01322	0.01167	0.12487	0.05504	0.02676	0.03645	0.11638	0.13926	0.24473	0.02003	0.00453	0.00774	0.01248	0.00636	0.00871
17	0.02105	0.22392	0.07783	0.01605	0.02231	0.02308	0.01442	0.08475	0.26483	0.02959	0.02227	0.02333	0.01774	0.03841	0.00867	0.00253	0.00796	0.00717	0.00610	0.08798

[dist]
# distance from previous block
# <min> <max>
6	35

[block]
# block no. 10 follows, 22 sequences, length 12
# corresponding to MSA columns:
# 404-415
name=unknown_K
#
# <colnr> <probs for GDERKNQSTAVLIFYWHMCP>
#	G	D	E	R	K	N	Q	S	T	A	V	L	I	F	Y	W	H	M	C	P
0	0.02024	0.01648	0.01768	0.01603	0.02043	0.01863	0.01240	0.04018	0.53765	0.06442	0.03701	0.07921	0.05744	0.01270	0.00866	0.00284	0.00636	0.01071	0.00846	0.01246
1	0.01997	0.02606	0.23884	0.05421	0.03030	0.01904	0.08963	0.05232	0.23499	0.07376	0.05703	0.02617	0.02035	0.00970	0.00847	0.00271	0.00954	0.00842	0.00623	0.01226
2	0.02337	0.01363	0.01645	0.01370	0.01828	0.01315	0.01077	0.09737	0.10708	0.22662	0.15700	0.07720	0.06753	0.04375	0.01018	0.00279	0.00629	0.01099	0.00860	0.07523
3	0.01502	0.02767	0.37616	0.01813	0.02575	0.01407	0.02062	0.02129	0.01775	0.05335	0.05425	0.20560	0.08722	0.01437	0.00888	0.00284	0.00899	0.01226	0.00553	0.01023
4	0.01996	0.01676	0.01870	0.03688	0.02210	0.01667	0.01215	0.10070	0.26502	0.03270	0.02512	0.02517	0.03856	0.00917	0.00750	0.00210	0.00676	0.00747	0.00676	0.32975
5	0.02071	0.01758	0.01851	0.01646	0.02117	0.02007	0.01286	0.08622	0.55079	0.03521	0.03637	0.03367	0.06956	0.01187	0.00854	0.00279	0.00660	0.00983	0.00839	0.01278
6	0.01783	0.01862	0.09158	0.01486	0.02167	0.01486	0.01309	0.02847	0.21795	0.02918	0.02500	0.02539	0.05409	0.00888	0.00731	0.00199	0.00688	0.00724	0.00606	0.38904
7	0.01735	0.03157	0.41191	0.01921	0.02799	0.04992	0.02236	0.02426	0.01888	0.07400	0.07316	0.06165	0.10969	0.01146	0.00844	0.00266	0.00993	0.00933	0.00526	0.01096
8	0.02175	0.09443	0.02103	0.01383	0.02015	0.01430	0.03068	0.02652	0.05632	0.16597	0.10126	0.02592	0.02318	0.00888	0.00726	0.00191	0.00666	0.00733	0.00666	0.34596
9	0.02378	0.02208	0.08481	0.01829	0.02436	0.02217	0.01574	0.23045	0.38560	0.03958	0.02748	0.02610	0.02027	0.01052	0.00835	0.00269	0.00797	0.00845	0.00792	0.01338
10	0.02192	0.01847	0.01949	0.01716	0.02208	0.02125	0.01345	0.11124	0.57207	0.03677	0.03222	0.02973	0.02407	0.01112	0.00844	0.00278	0.00687	0.00917	0.00844	0.01326
11	0.02581	0.01632	0.01880	0.01576	0.02129	0.01694	0.01252	0.04068	0.37696	0.24088	0.03162	0.02876	0.02251	0.01045	0.00820	0.00258	0.00670	0.00862	0.00871	0.08591

[dist]
# distance from previous block
# <min> <max>
2	12

[block]
# block no. 11 follows, 22 sequences, length 13
# corresponding to MSA columns:
# 438-450
name=unknown_L
#
# <colnr> <probs for GDERKNQSTAVLIFYWHMCP>
#	G	D	E	R	K	N	Q	S	T	A	V	L	I	F	Y	W	H	M	C	P
0	0.01691	0.01356	0.01805	0.10864	0.02400	0.01373	0.04498	0.02566	0.16764	0.06483	0.21359	0.03988	0.08189	0.01223	0.00866	0.00250	0.00662	0.01068	0.00730	0.11863
1	0.01847	0.01610	0.02258	0.19979	0.16481	0.01634	0.01700	0.10583	0.02073	0.02841	0.02573	0.02871	0.10527	0.00968	0.00800	0.00231	0.00838	0.00829	0.00530	0.18826
2	0.02517	0.01935	0.02073	0.01731	0.02275	0.02165	0.01383	0.26326	0.35995	0.07125	0.03048	0.02859	0.04525	0.01111	0.00845	0.00268	0.00748	0.00894	0.00846	0.01333
3	0.01931	0.01664	0.02209	0.25960	0.07895	0.01899	0.01731	0.08269	0.25038	0.02943	0.02233	0.02496	0.01703	0.01035	0.00939	0.03918	0.00865	0.00797	0.00597	0.05875
4	0.01978	0.01643	0.10879	0.01427	0.01910	0.01280	0.01274	0.02745	0.13429	0.17246	0.21010	0.04265	0.07712	0.08038	0.01210	0.00318	0.00675	0.01107	0.00797	0.01056
5	0.02053	0.01543	0.01810	0.01315	0.02037	0.01245	0.01060	0.07516	0.01978	0.09468	0.01707	0.01860	0.01331	0.00691	0.00656	0.00148	0.00650	0.00550	0.00577	0.61808
6	0.01203	0.00853	0.01010	0.00982	0.01095	0.00802	0.00634	0.01345	0.01585	0.02173	0.17950	0.11872	0.07326	0.39725	0.02750	0.00560	0.00644	0.01372	0.00640	0.05478
7	0.01510	0.01411	0.02300	0.55521	0.08284	0.01687	0.02077	0.02011	0.01707	0.02172	0.02487	0.03044	0.10422	0.01010	0.00852	0.00276	0.01001	0.00886	0.00430	0.00912
8	0.07113	0.01541	0.01737	0.01265	0.01982	0.01256	0.01017	0.06051	0.01842	0.02943	0.01487	0.01714	0.01219	0.00651	0.00622	0.00141	0.00637	0.00506	0.00516	0.65760
9	0.01818	0.01635	0.02472	0.48239	0.09613	0.01952	0.02118	0.07806	0.10930	0.02637	0.01805	0.02311	0.01358	0.00881	0.00832	0.00273	0.01016	0.00768	0.00482	0.01053
10	0.01446	0.01629	0.11201	0.02081	0.12934	0.01239	0.05326	0.01924	0.02065	0.02924	0.34638	0.04590	0.06790	0.06234	0.01155	0.00299	0.00711	0.01195	0.00680	0.00940
11	0.01652	0.01819	0.11047	0.01389	0.02138	0.01189	0.01268	0.02088	0.01716	0.02645	0.01750	0.07729	0.01578	0.00814	0.00679	0.00162	0.00692	0.00674	0.00496	0.58475
12	0.01649	0.11426	0.02427	0.01732	0.02146	0.01534	0.12723	0.02041	0.01964	0.05751	0.15517	0.05372	0.11717	0.01519	0.01034	0.00289	0.04116	0.15468	0.00664	0.00911

[dist]
# distance from previous block
# <min> <max>
0	20

[block]
# block no. 12 follows, 22 sequences, length 7
# corresponding to MSA columns:
# 471-477
name=unknown_M
#
# <colnr> <probs for GDERKNQSTAVLIFYWHMCP>
#	G	D	E	R	K	N	Q	S	T	A	V	L	I	F	Y	W	H	M	C	P
0	0.02383	0.01917	0.01969	0.01722	0.02216	0.05991	0.01363	0.12378	0.43316	0.08854	0.03105	0.03166	0.02371	0.01148	0.00853	0.00276	0.00755	0.04102	0.00829	0.01286
1	0.05632	0.01757	0.02080	0.07412	0.10142	0.01987	0.01520	0.03894	0.45601	0.06341	0.02898	0.02806	0.02173	0.01035	0.00825	0.00275	0.00735	0.00871	0.00748	0.01269
2	0.10734	0.01506	0.01722	0.01361	0.01972	0.01394	0.01092	0.03069	0.14054	0.19492	0.05170	0.02439	0.01962	0.00889	0.00722	0.00210	0.00640	0.00710	0.00722	0.30139
3	0.02230	0.01850	0.01975	0.01678	0.02216	0.02049	0.01326	0.15079	0.45518	0.03714	0.02898	0.02731	0.02172	0.01043	0.00816	0.00257	0.00701	0.00851	0.00801	0.10096
4	0.01790	0.01832	0.03490	0.16772	0.12433	0.01861	0.29782	0.02499	0.06848	0.02559	0.02100	0.10273	0.01837	0.00991	0.00926	0.00282	0.01116	0.01057	0.00484	0.01070
5	0.13369	0.01465	0.01971	0.01519	0.02131	0.01330	0.06049	0.03262	0.02129	0.39280	0.08124	0.02742	0.02245	0.00977	0.00789	0.00244	0.00715	0.00812	0.00834	0.10013
6	0.02435	0.01370	0.01726	0.04923	0.02097	0.01380	0.01212	0.03364	0.19865	0.27317	0.17244	0.04000	0.03600	0.01268	0.00888	0.00273	0.00646	0.04309	0.00902	0.01182

[dist]
# distance from previous block
# <min> <max>
2	4

[block]
# block no. 13 follows, 22 sequences, length 6
# corresponding to MSA columns:
# 482-487
name=unknown_N
#
# <colnr> <probs for GDERKNQSTAVLIFYWHMCP>
#	G	D	E	R	K	N	Q	S	T	A	V	L	I	F	Y	W	H	M	C	P
0	0.02354	0.01854	0.01963	0.01635	0.02156	0.02045	0.01308	0.29730	0.26157	0.04032	0.03679	0.03497	0.13410	0.01247	0.00864	0.00267	0.00728	0.01002	0.00826	0.01247
1	0.02428	0.01704	0.01889	0.01644	0.02152	0.01882	0.01294	0.04335	0.50676	0.17133	0.03359	0.03040	0.02432	0.01106	0.00843	0.00276	0.00668	0.00917	0.00885	0.01336
2	0.01857	0.01631	0.02492	0.56685	0.05152	0.01978	0.02175	0.13128	0.02068	0.02687	0.01570	0.02175	0.01163	0.00861	0.00831	0.00272	0.01072	0.00740	0.00453	0.01012
3	0.01856	0.01467	0.01708	0.04934	0.02103	0.01287	0.01085	0.08909	0.04854	0.06100	0.02969	0.03034	0.12953	0.00983	0.00739	0.00188	0.00647	0.00800	0.00617	0.42767
4	0.01969	0.01805	0.03629	0.02703	0.03356	0.01686	0.40104	0.02548	0.02059	0.09659	0.11547	0.03668	0.02704	0.01057	0.00983	0.00286	0.01107	0.07471	0.00597	0.01064
5	0.01674	0.01503	0.02242	0.04662	0.04969	0.01518	0.12535	0.02635	0.19592	0.02743	0.03063	0.18022	0.02932	0.01411	0.00921	0.00284	0.00794	0.07776	0.00663	0.10061

[dist]
# distance from previous block
# <min> <max>
2	10

[block]
# block no. 14 follows, 22 sequences, length 7
# corresponding to MSA columns:
# 498-504
name=unknown_O
#
# <colnr> <probs for GDERKNQSTAVLIFYWHMCP>
#	G	D	E	R	K	N	Q	S	T	A	V	L	I	F	Y	W	H	M	C	P
0	0.02182	0.02250	0.08908	0.02794	0.03567	0.02027	0.37190	0.06414	0.13960	0.08701	0.02152	0.02405	0.01568	0.00835	0.00918	0.00275	0.01155	0.00917	0.00573	0.01209
1	0.01827	0.09581	0.42999	0.02095	0.03066	0.02089	0.02435	0.03114	0.19075	0.02805	0.01986	0.02090	0.01466	0.00876	0.00782	0.00261	0.01039	0.00689	0.00489	0.01238
2	0.25166	0.01511	0.01449	0.01310	0.01707	0.05500	0.01049	0.07625	0.06537	0.06656	0.19190	0.04053	0.06586	0.01302	0.00808	0.00271	0.00658	0.06941	0.00731	0.00950
3	0.02854	0.03414	0.02216	0.01997	0.02435	0.51697	0.01512	0.06658	0.10382	0.02409	0.01992	0.02094	0.04857	0.00968	0.00779	0.00228	0.01297	0.00667	0.00523	0.01019
4	0.03103	0.03959	0.02354	0.02140	0.02568	0.67469	0.01605	0.03317	0.02354	0.02033	0.01284	0.01498	0.01070	0.00856	0.00749	0.00214	0.01498	0.00535	0.00428	0.00963
5	0.01798	0.20266	0.51689	0.02142	0.03247	0.02253	0.02677	0.02597	0.01738	0.02470	0.01411	0.01654	0.01056	0.00771	0.00728	0.00243	0.01147	0.00573	0.00352	0.01189
6	0.01345	0.00879	0.01162	0.01118	0.01326	0.00810	0.00844	0.01698	0.02227	0.07608	0.49281	0.14701	0.06942	0.01805	0.00990	0.00278	0.00447	0.04831	0.00895	0.00813

[dist]
# distance from previous block
# <min> <max>
0	1

[block]
# block no. 15 follows, 22 sequences, length 15
# corresponding to MSA columns:
# 506-520
name=unknown_P
#
# <colnr> <probs for GDERKNQSTAVLIFYWHMCP>
#	G	D	E	R	K	N	Q	S	T	A	V	L	I	F	Y	W	H	M	C	P
0	0.23438	0.01368	0.01559	0.01269	0.01804	0.01310	0.01032	0.03024	0.02047	0.33793	0.11225	0.03050	0.05378	0.01074	0.00760	0.00251	0.00628	0.00842	0.00828	0.05320
1	0.02663	0.01447	0.01677	0.01387	0.01870	0.06562	0.01093	0.02976	0.02213	0.34693	0.15127	0.10574	0.03385	0.01270	0.00857	0.00248	0.00677	0.01069	0.00870	0.09344
2	0.71865	0.01654	0.01304	0.01146	0.01670	0.01910	0.00944	0.06393	0.01577	0.03826	0.01212	0.01392	0.00933	0.00786	0.00535	0.00257	0.00660	0.00469	0.00535	0.00933
3	0.01722	0.01491	0.01813	0.08586	0.02385	0.01232	0.01143	0.02203	0.04604	0.02679	0.01565	0.01840	0.01278	0.00662	0.00649	0.00147	0.00671	0.00540	0.00495	0.64295
4	0.03067	0.02282	0.02442	0.01893	0.02542	0.02534	0.01557	0.58008	0.08898	0.05090	0.02109	0.02086	0.01506	0.01008	0.00832	0.00252	0.00893	0.00764	0.00832	0.01405
5	0.68592	0.09171	0.01561	0.01128	0.01664	0.02018	0.00956	0.02447	0.01444	0.03535	0.01157	0.01348	0.00918	0.00765	0.00516	0.00248	0.00669	0.00449	0.00497	0.00918
6	0.02183	0.66725	0.08600	0.01486	0.02232	0.03194	0.01534	0.02497	0.01692	0.02001	0.01178	0.01361	0.01065	0.00716	0.00551	0.00184	0.00912	0.00456	0.00355	0.01077
7	0.01801	0.01274	0.01414	0.01237	0.01448	0.01358	0.00862	0.19997	0.02037	0.02733	0.02405	0.04261	0.02476	0.45768	0.06897	0.00667	0.00922	0.01049	0.00600	0.00794
8	0.06717	0.04116	0.62104	0.02282	0.03462	0.01925	0.02923	0.02618	0.01731	0.02705	0.01468	0.01727	0.01042	0.00788	0.00771	0.00263	0.01188	0.00603	0.00362	0.01206
9	0.01109	0.01029	0.00932	0.00919	0.01209	0.04705	0.00690	0.01320	0.01921	0.02232	0.07988	0.07605	0.61435	0.02029	0.00968	0.00277	0.00485	0.01680	0.00751	0.00717
10	0.06846	0.01547	0.02282	0.45407	0.04440	0.01842	0.01963	0.07145	0.01826	0.02549	0.01645	0.02494	0.01342	0.00948	0.00929	0.00273	0.05232	0.04169	0.00450	0.06673
11	0.01845	0.26542	0.36372	0.02184	0.08096	0.02319	0.02325	0.02490	0.01751	0.02386	0.01794	0.02007	0.04889	0.00837	0.00717	0.00234	0.01045	0.00635	0.00382	0.01149
12	0.11159	0.30637	0.14672	0.01771	0.02467	0.22201	0.01715	0.02758	0.01868	0.02310	0.01255	0.01461	0.01045	0.00776	0.00642	0.00213	0.01105	0.00503	0.00395	0.01045
13	0.01830	0.08316	0.19372	0.32402	0.04156	0.11097	0.02245	0.02396	0.01781	0.02230	0.01611	0.05957	0.01345	0.00918	0.00797	0.00260	0.01138	0.00749	0.00395	0.01006
14	0.22614	0.01590	0.02079	0.37215	0.03905	0.01909	0.01751	0.08774	0.01852	0.02956	0.04253	0.02112	0.01380	0.00894	0.00820	0.00271	0.03486	0.00693	0.00484	0.00963

[dist]
# distance from previous block
# <min> <max>
5	17

[block]
# block no. 16 follows, 22 sequences, length 11
# corresponding to MSA columns:
# 539-549
name=unknown_Q
#
# <colnr> <probs for GDERKNQSTAVLIFYWHMCP>
#	G	D	E	R	K	N	Q	S	T	A	V	L	I	F	Y	W	H	M	C	P
0	0.08744	0.27513	0.32774	0.01842	0.02730	0.02320	0.02134	0.02483	0.01713	0.02479	0.01594	0.02231	0.01368	0.00891	0.00704	0.00243	0.01013	0.05718	0.00404	0.01100
1	0.01928	0.01470	0.01744	0.01256	0.01984	0.01119	0.01009	0.02292	0.01790	0.09210	0.01661	0.01836	0.01315	0.00658	0.00638	0.00137	0.00625	0.00527	0.00547	0.68256
2	0.02221	0.71304	0.04353	0.01421	0.02132	0.03287	0.01421	0.02488	0.01688	0.01955	0.01155	0.01333	0.01066	0.00711	0.00533	0.00178	0.00888	0.00444	0.00355	0.01066
3	0.01039	0.00734	0.00956	0.01122	0.01164	0.00693	0.00734	0.01164	0.01538	0.02050	0.04309	0.61331	0.05154	0.11999	0.01497	0.00402	0.00527	0.02203	0.00734	0.00651
4	0.01903	0.01523	0.01632	0.01435	0.01852	0.01637	0.01121	0.17163	0.24296	0.03471	0.09189	0.08985	0.19331	0.01498	0.00903	0.00276	0.00625	0.01248	0.00823	0.01093
5	0.69364	0.01678	0.01347	0.01174	0.01703	0.01934	0.00967	0.08448	0.01662	0.03877	0.01240	0.01414	0.00951	0.00794	0.00546	0.00256	0.00670	0.00479	0.00546	0.00951
6	0.03103	0.03959	0.02354	0.02140	0.02568	0.67469	0.01605	0.03317	0.02354	0.02033	0.01284	0.01498	0.01070	0.00856	0.00749	0.00214	0.01498	0.00535	0.00428	0.00963
7	0.02167	0.01835	0.01935	0.01711	0.02199	0.02113	0.01339	0.09798	0.58574	0.03637	0.03253	0.02998	0.02432	0.01115	0.00844	0.00279	0.00681	0.00922	0.00844	0.01324
8	0.01141	0.00848	0.01063	0.01009	0.01220	0.00769	0.00757	0.01501	0.02270	0.03138	0.55094	0.06524	0.18049	0.01770	0.00980	0.00265	0.00397	0.01547	0.00889	0.00769
9	0.02257	0.57719	0.10326	0.01589	0.02322	0.09750	0.01604	0.02587	0.01763	0.02030	0.01202	0.01392	0.01065	0.00733	0.00581	0.00190	0.00985	0.00470	0.00362	0.01072
10	0.38199	0.01639	0.01561	0.01352	0.01855	0.01833	0.01088	0.08305	0.17985	0.09772	0.06916	0.02372	0.02010	0.00979	0.00694	0.00263	0.00657	0.00720	0.00707	0.01092

[dist]
# distance from previous block
# <min> <max>
1	4

[block]
# block no. 17 follows, 22 sequences, length 27
# corresponding to MSA columns:
# 555-581
name=unknown_R
#
# <colnr> <probs for GDERKNQSTAVLIFYWHMCP>
#	G	D	E	R	K	N	Q	S	T	A	V	L	I	F	Y	W	H	M	C	P
0	0.03155	0.02419	0.02485	0.01924	0.02576	0.06254	0.01580	0.59478	0.03818	0.05054	0.01954	0.01966	0.01393	0.00989	0.00826	0.00247	0.00947	0.00736	0.00808	0.01387
1	0.03158	0.02327	0.02493	0.01911	0.02576	0.02576	0.01579	0.62852	0.03906	0.05236	0.01995	0.01995	0.01413	0.00997	0.00831	0.00249	0.00914	0.00748	0.00831	0.01413
2	0.03727	0.01414	0.01928	0.01478	0.02121	0.01221	0.01221	0.04049	0.02378	0.66198	0.03277	0.02828	0.02056	0.01028	0.00835	0.00257	0.00707	0.00835	0.01028	0.01414
3	0.03727	0.01414	0.01928	0.01478	0.02121	0.01221	0.01221	0.04049	0.02378	0.66198	0.03277	0.02828	0.02056	0.01028	0.00835	0.00257	0.00707	0.00835	0.01028	0.01414
4	0.01961	0.02241	0.04902	0.03501	0.04342	0.02101	0.62605	0.02661	0.01961	0.02661	0.01681	0.02241	0.01261	0.00700	0.00980	0.00280	0.01401	0.00980	0.00420	0.01120
