[name]
unknown

[dist]
# distance from previous block
# <min> <max>
0	61

[block]
# block no. 0 follows, 24 sequences, length 45
# corresponding to MSA columns:
# 61-105
name=unknown_A
#
# <colnr> <probs for GDERKNQSTAVLIFYWHMCP>
#	G	D	E	R	K	N	Q	S	T	A	V	L	I	F	Y	W	H	M	C	P
0	0.01278	0.00913	0.01278	0.01460	0.01643	0.00913	0.01278	0.01643	0.01825	0.02373	0.04199	0.08945	0.04564	0.02191	0.01095	0.00365	0.00730	0.61847	0.00730	0.00730
1	0.01122	0.00811	0.01060	0.00998	0.01185	0.00748	0.00748	0.01496	0.02245	0.03180	0.66766	0.05923	0.07482	0.01621	0.00935	0.00249	0.00374	0.01434	0.00873	0.00748
2	0.77733	0.01534	0.01166	0.01043	0.01534	0.01779	0.00859	0.02331	0.01350	0.03558	0.01104	0.01288	0.00859	0.00736	0.00491	0.00245	0.00613	0.00429	0.00491	0.00859
3	0.01742	0.01756	0.02546	0.02148	0.02190	0.02407	0.05003	0.01941	0.01249	0.01941	0.01070	0.01756	0.01049	0.01350	0.02515	0.00343	0.67058	0.00707	0.00350	0.00878
4	0.00966	0.00690	0.00920	0.01104	0.01150	0.00644	0.00736	0.01104	0.01518	0.02024	0.04371	0.71614	0.05245	0.02484	0.01012	0.00322	0.00460	0.02254	0.00736	0.00644
5	0.01735	0.01735	0.02429	0.02082	0.02082	0.02429	0.01735	0.01908	0.01214	0.01908	0.01041	0.01735	0.01041	0.01388	0.02602	0.00347	0.70680	0.00694	0.00347	0.00867
6	0.00966	0.00690	0.00920	0.01104	0.01150	0.00644	0.00736	0.01104	0.01518	0.02024	0.04371	0.71614	0.05245	0.02484	0.01012	0.00322	0.00460	0.02254	0.00736	0.00644
7	0.01872	0.02139	0.04679	0.03342	0.04144	0.02005	0.64305	0.02540	0.01872	0.02540	0.01604	0.02139	0.01203	0.00668	0.00936	0.00267	0.01337	0.00936	0.00401	0.01070
8	0.03439	0.01376	0.01837	0.01426	0.02027	0.01226	0.01172	0.03891	0.07014	0.62920	0.03136	0.02718	0.01997	0.00989	0.00798	0.00247	0.00671	0.00805	0.00968	0.01342
9	0.01278	0.00913	0.01278	0.01460	0.01643	0.00913	0.01278	0.01643	0.01825	0.02373	0.04199	0.08945	0.04564	0.02191	0.01095	0.00365	0.00730	0.61847	0.00730	0.00730
10	0.02080	0.67375	0.09034	0.01426	0.02142	0.03039	0.01477	0.02385	0.01616	0.01915	0.01127	0.01303	0.01017	0.00684	0.00528	0.00176	0.00873	0.00436	0.00339	0.01029
11	0.01924	0.47183	0.27859	0.01692	0.02554	0.02657	0.01941	0.02425	0.01635	0.02105	0.01221	0.01421	0.01013	0.00706	0.00600	0.00200	0.00968	0.00484	0.00338	0.01075
12	0.03014	0.02221	0.02380	0.01825	0.02459	0.02459	0.01507	0.64541	0.03728	0.04998	0.01904	0.01904	0.01349	0.00952	0.00793	0.00238	0.00873	0.00714	0.00793	0.01349
13	0.00966	0.00690	0.00920	0.01104	0.01150	0.00644	0.00736	0.01104	0.01518	0.02024	0.04371	0.71614	0.05245	0.02484	0.01012	0.00322	0.00460	0.02254	0.00736	0.00644
14	0.01963	0.01884	0.03219	0.04867	0.67185	0.01884	0.02434	0.02434	0.01806	0.02591	0.01492	0.01963	0.01256	0.00707	0.00785	0.00236	0.00942	0.00707	0.00393	0.01256
15	0.77733	0.01534	0.01166	0.01043	0.01534	0.01779	0.00859	0.02331	0.01350	0.03558	0.01104	0.01288	0.00859	0.00736	0.00491	0.00245	0.00613	0.00429	0.00491	0.00859
16	0.01963	0.01884	0.03219	0.04867	0.67185	0.01884	0.02434	0.02434	0.01806	0.02591	0.01492	0.01963	0.01256	0.00707	0.00785	0.00236	0.00942	0.00707	0.00393	0.01256
17	0.02921	0.03565	0.02237	0.02007	0.02434	0.60806	0.01518	0.07903	0.05264	0.02237	0.01369	0.01536	0.01110	0.00839	0.00725	0.00210	0.01351	0.00544	0.00456	0.00967
18	0.01498	0.01409	0.02378	0.70226	0.05462	0.01762	0.02202	0.02026	0.01586	0.02026	0.01409	0.02114	0.01057	0.00793	0.00793	0.00264	0.01057	0.00705	0.00352	0.00881
19	0.01590	0.04102	0.68023	0.02260	0.03432	0.01842	0.02930	0.02511	0.01674	0.02511	0.01423	0.01674	0.01005	0.00753	0.00753	0.00251	0.01172	0.00586	0.00335	0.01172
20	0.77733	0.01534	0.01166	0.01043	0.01534	0.01779	0.00859	0.02331	0.01350	0.03558	0.01104	0.01288	0.00859	0.00736	0.00491	0.00245	0.00613	0.00429	0.00491	0.00859
21	0.00966	0.00690	0.00920	0.01104	0.01150	0.00644	0.00736	0.01104	0.01518	0.02024	0.04371	0.71614	0.05245	0.02484	0.01012	0.00322	0.00460	0.02254	0.00736	0.00644
22	0.00966	0.00690	0.00920	0.01104	0.01150	0.00644	0.00736	0.01104	0.01518	0.02024	0.04371	0.71614	0.05245	0.02484	0.01012	0.00322	0.00460	0.02254	0.00736	0.00644
23	0.02120	0.72609	0.04155	0.01357	0.02035	0.03138	0.01357	0.02374	0.01611	0.01866	0.01102	0.01272	0.01018	0.00678	0.00509	0.00170	0.00848	0.00424	0.00339	0.01018
24	0.03014	0.02221	0.02380	0.01825	0.02459	0.02459	0.01507	0.64541	0.03728	0.04998	0.01904	0.01904	0.01349	0.00952	0.00793	0.00238	0.00873	0.00714	0.00793	0.01349
25	0.01644	0.01409	0.01644	0.01175	0.01879	0.01057	0.00940	0.01997	0.01644	0.02584	0.01409	0.01644	0.01175	0.00587	0.00587	0.00117	0.00587	0.00470	0.00470	0.76979
26	0.02120	0.72609	0.04155	0.01357	0.02035	0.03138	0.01357	0.02374	0.01611	0.01866	0.01102	0.01272	0.01018	0.00678	0.00509	0.00170	0.00848	0.00424	0.00339	0.01018
27	0.03014	0.02221	0.02380	0.01825	0.02459	0.02459	0.01507	0.64541	0.03728	0.04998	0.01904	0.01904	0.01349	0.00952	0.00793	0.00238	0.00873	0.00714	0.00793	0.01349
28	0.77733	0.01534	0.01166	0.01043	0.01534	0.01779	0.00859	0.02331	0.01350	0.03558	0.01104	0.01288	0.00859	0.00736	0.00491	0.00245	0.00613	0.00429	0.00491	0.00859
29	0.00966	0.00690	0.00920	0.01104	0.01150	0.00644	0.00736	0.01104	0.01518	0.02024	0.04371	0.71614	0.05245	0.02484	0.01012	0.00322	0.00460	0.02254	0.00736	0.00644
30	0.01787	0.01405	0.01659	0.01192	0.01890	0.01065	0.00957	0.02136	0.01691	0.07453	0.01538	0.01723	0.01233	0.00617	0.00603	0.00127	0.00594	0.00494	0.00508	0.71327
31	0.01644	0.01409	0.01644	0.01175	0.01879	0.01057	0.00940	0.01997	0.01644	0.02584	0.01409	0.01644	0.01175	0.00587	0.00587	0.00117	0.00587	0.00470	0.00470	0.76979
32	0.03014	0.02221	0.02380	0.01825	0.02459	0.02459	0.01507	0.64541	0.03728	0.04998	0.01904	0.01904	0.01349	0.00952	0.00793	0.00238	0.00873	0.00714	0.00793	0.01349
33	0.01644	0.01409	0.01644	0.01175	0.01879	0.01057	0.00940	0.01997	0.01644	0.02584	0.01409	0.01644	0.01175	0.00587	0.00587	0.00117	0.00587	0.00470	0.00470	0.76979
34	0.08599	0.02170	0.02289	0.01766	0.02390	0.02408	0.01459	0.59891	0.03551	0.04890	0.01844	0.01858	0.01312	0.00936	0.00771	0.00239	0.00853	0.00693	0.00771	0.01312
35	0.01644	0.01409	0.01644	0.01175	0.01879	0.01057	0.00940	0.01997	0.01644	0.02584	0.01409	0.01644	0.01175	0.00587	0.00587	0.00117	0.00587	0.00470	0.00470	0.76979
36	0.01644	0.01409	0.01644	0.01175	0.01879	0.01057	0.00940	0.01997	0.01644	0.02584	0.01409	0.01644	0.01175	0.00587	0.00587	0.00117	0.00587	0.00470	0.00470	0.76979
37	0.01152	0.00775	0.00896	0.00896	0.00907	0.00786	0.00520	0.01173	0.01162	0.01561	0.02470	0.05031	0.02814	0.67076	0.08998	0.00807	0.00872	0.01130	0.00476	0.00498
38	0.01371	0.00774	0.00906	0.00906	0.01077	0.00818	0.00691	0.01713	0.01542	0.02609	0.02443	0.03006	0.02017	0.02490	0.21886	0.00524	0.00916	0.00774	0.52810	0.00729
39	0.02851	0.02124	0.02292	0.01747	0.02390	0.02292	0.01439	0.57070	0.03479	0.04709	0.01845	0.01873	0.01328	0.00908	0.00769	0.00224	0.00839	0.00685	0.00755	0.10383
40	0.01030	0.00754	0.00990	0.01125	0.01226	0.00687	0.00775	0.01194	0.01541	0.02081	0.04142	0.63639	0.04911	0.02330	0.00984	0.00309	0.00481	0.04732	0.00716	0.06353
41	0.03014	0.02221	0.02380	0.01825	0.02459	0.02459	0.01507	0.64541	0.03728	0.04998	0.01904	0.01904	0.01349	0.00952	0.00793	0.00238	0.00873	0.00714	0.00793	0.01349
42	0.01644	0.01409	0.01644	0.01175	0.01879	0.01057	0.00940	0.01997	0.01644	0.02584	0.01409	0.01644	0.01175	0.00587	0.00587	0.00117	0.00587	0.00470	0.00470	0.76979
43	0.41711	0.01563	0.01552	0.01279	0.01823	0.01673	0.01051	0.10082	0.05279	0.24005	0.01947	0.01893	0.01346	0.00856	0.00639	0.00246	0.00663	0.00603	0.00697	0.01091
44	0.01101	0.00845	0.01037	0.01108	0.01271	0.00786	0.00776	0.01434	0.06501	0.02231	0.07070	0.50185	0.12298	0.02129	0.00950	0.00292	0.00473	0.01901	0.00726	0.06887

[dist]
# distance from previous block
# <min> <max>
0	5

[block]
# block no. 1 follows, 24 sequences, length 7
# corresponding to MSA columns:
# 111-117
name=unknown_B
#
# <colnr> <probs for GDERKNQSTAVLIFYWHMCP>
#	G	D	E	R	K	N	Q	S	T	A	V	L	I	F	Y	W	H	M	C	P
0	0.46009	0.01547	0.01432	0.01176	0.01734	0.01623	0.00958	0.06434	0.05190	0.06701	0.01453	0.01581	0.01112	0.00744	0.00567	0.00214	0.00628	0.00503	0.00548	0.19845
1	0.17735	0.01729	0.01741	0.01411	0.01926	0.01876	0.01150	0.36107	0.02766	0.03995	0.03263	0.03201	0.17521	0.01170	0.00767	0.00247	0.00703	0.00894	0.00717	0.01080
2	0.01737	0.01110	0.01146	0.01052	0.01342	0.01197	0.00813	0.07972	0.17764	0.03226	0.02686	0.02864	0.02069	0.00964	0.00638	0.00210	0.00478	0.00776	0.51035	0.00921
3	0.02812	0.01732	0.01984	0.01591	0.02164	0.01810	0.01289	0.22763	0.22153	0.25374	0.02696	0.02481	0.01875	0.00982	0.00789	0.00244	0.00718	0.00786	0.00845	0.04912
4	0.02214	0.19270	0.02386	0.01524	0.02051	0.02158	0.01269	0.03712	0.41634	0.11264	0.02687	0.02506	0.02013	0.00965	0.00732	0.00241	0.00688	0.00766	0.00713	0.01208
5	0.01600	0.01413	0.01764	0.01377	0.01840	0.01358	0.01112	0.01910	0.01615	0.02493	0.09747	0.02219	0.01955	0.00919	0.01133	0.00191	0.17970	0.00650	0.00491	0.48243
6	0.01469	0.03652	0.01634	0.01444	0.01621	0.03983	0.01147	0.01966	0.09139	0.02568	0.24871	0.12954	0.04292	0.01600	0.01336	0.00291	0.17965	0.06561	0.00669	0.00837

[dist]
# distance from previous block
# <min> <max>
5	9

[block]
# block no. 2 follows, 24 sequences, length 9
# corresponding to MSA columns:
# 127-135
name=unknown_C
#
# <colnr> <probs for GDERKNQSTAVLIFYWHMCP>
#	G	D	E	R	K	N	Q	S	T	A	V	L	I	F	Y	W	H	M	C	P
0	0.06675	0.01612	0.02588	0.28334	0.31158	0.01732	0.02073	0.02477	0.01761	0.11586	0.01667	0.02081	0.01257	0.00779	0.00772	0.00248	0.00927	0.00702	0.00466	0.01106
1	0.01822	0.10588	0.02984	0.10080	0.43943	0.01905	0.02074	0.02245	0.01686	0.02341	0.01524	0.02052	0.01309	0.01447	0.10325	0.00376	0.01107	0.00691	0.00387	0.01114
2	0.02050	0.10888	0.43864	0.02056	0.03001	0.11397	0.02371	0.06762	0.01919	0.06428	0.01496	0.01675	0.01088	0.00781	0.00728	0.00235	0.01125	0.00580	0.00415	0.01143
3	0.02796	0.02261	0.02367	0.11448	0.02880	0.08914	0.01607	0.49716	0.03282	0.04279	0.01768	0.01887	0.01275	0.00916	0.00785	0.00238	0.00953	0.00693	0.00693	0.01241
4	0.01659	0.01574	0.02669	0.47597	0.26831	0.01804	0.02282	0.02167	0.01662	0.02222	0.01438	0.02062	0.01126	0.00763	0.00790	0.00254	0.01017	0.00705	0.00366	0.01011
5	0.01633	0.09545	0.62948	0.02188	0.03321	0.01945	0.02805	0.02500	0.01669	0.02460	0.01398	0.01642	0.01006	0.00747	0.00734	0.00245	0.01146	0.00573	0.00335	0.01160
6	0.77733	0.01534	0.01166	0.01043	0.01534	0.01779	0.00859	0.02331	0.01350	0.03558	0.01104	0.01288	0.00859	0.00736	0.00491	0.00245	0.00613	0.00429	0.00491	0.00859
7	0.01963	0.01884	0.03219	0.04867	0.67185	0.01884	0.02434	0.02434	0.01806	0.02591	0.01492	0.01963	0.01256	0.00707	0.00785	0.00236	0.00942	0.00707	0.00393	0.01256
8	0.00966	0.00690	0.00920	0.01104	0.01150	0.00644	0.00736	0.01104	0.01518	0.02024	0.04371	0.71614	0.05245	0.02484	0.01012	0.00322	0.00460	0.02254	0.00736	0.00644

[dist]
# distance from previous block
# <min> <max>
0	5

[block]
# block no. 3 follows, 24 sequences, length 10
# corresponding to MSA columns:
# 141-150
name=unknown_D
#
# <colnr> <probs for GDERKNQSTAVLIFYWHMCP>
#	G	D	E	R	K	N	Q	S	T	A	V	L	I	F	Y	W	H	M	C	P
0	0.00966	0.00690	0.00920	0.01104	0.01150	0.00644	0.00736	0.01104	0.01518	0.02024	0.04371	0.71614	0.05245	0.02484	0.01012	0.00322	0.00460	0.02254	0.00736	0.00644
1	0.01644	0.01409	0.01644	0.01175	0.01879	0.01057	0.00940	0.01997	0.01644	0.02584	0.01409	0.01644	0.01175	0.00587	0.00587	0.00117	0.00587	0.00470	0.00470	0.76979
2	0.01133	0.00850	0.01274	0.01274	0.01416	0.00991	0.00991	0.01416	0.01274	0.01841	0.02124	0.03115	0.01982	0.05947	0.68989	0.01274	0.02124	0.00850	0.00425	0.00708
3	0.00964	0.00699	0.00911	0.01081	0.01144	0.00646	0.00726	0.01107	0.01540	0.02033	0.04651	0.66724	0.09954	0.02448	0.01006	0.00318	0.00456	0.02210	0.00736	0.00646
4	0.01227	0.00885	0.01106	0.01196	0.01317	0.00875	0.00834	0.09182	0.01800	0.02403	0.04057	0.62738	0.04749	0.02289	0.00984	0.00311	0.00513	0.02058	0.00743	0.00734
5	0.01052	0.00782	0.01012	0.01113	0.01243	0.00697	0.00762	0.01218	0.01534	0.02096	0.03994	0.62705	0.04726	0.02243	0.00958	0.00296	0.00476	0.02027	0.00702	0.10364
6	0.02966	0.03660	0.02257	0.02026	0.02452	0.63866	0.01530	0.07857	0.02360	0.02174	0.01278	0.01466	0.01046	0.00827	0.00721	0.00207	0.01387	0.00526	0.00438	0.00952
7	0.02862	0.02085	0.02154	0.01688	0.02258	0.05668	0.01380	0.50881	0.03335	0.07881	0.02012	0.02043	0.01443	0.00943	0.00762	0.00230	0.00833	0.00711	0.09575	0.01255
8	0.02446	0.01702	0.02294	0.01843	0.02402	0.01781	0.11230	0.06970	0.34965	0.21002	0.02875	0.02703	0.02047	0.00979	0.00824	0.00261	0.00766	0.00866	0.00790	0.01257
9	0.77733	0.01534	0.01166	0.01043	0.01534	0.01779	0.00859	0.02331	0.01350	0.03558	0.01104	0.01288	0.00859	0.00736	0.00491	0.00245	0.00613	0.00429	0.00491	0.00859

[dist]
# distance from previous block
# <min> <max>
0	1

[block]
# block no. 4 follows, 24 sequences, length 58
# corresponding to MSA columns:
# 152-209
name=unknown_E
#
# <colnr> <probs for GDERKNQSTAVLIFYWHMCP>
#	G	D	E	R	K	N	Q	S	T	A	V	L	I	F	Y	W	H	M	C	P
0	0.02022	0.59886	0.16016	0.01525	0.02295	0.02897	0.01649	0.02400	0.01623	0.01986	0.01162	0.01347	0.01015	0.00692	0.00554	0.00185	0.00908	0.00454	0.00338	0.01046
1	0.02014	0.01282	0.01674	0.01353	0.01853	0.01110	0.03633	0.06380	0.01953	0.17909	0.05978	0.16468	0.02666	0.01212	0.00790	0.00220	0.00628	0.03730	0.00694	0.28455
2	0.01852	0.01772	0.03019	0.20366	0.52548	0.01855	0.02379	0.02337	0.01753	0.02457	0.01472	0.01999	0.01209	0.00727	0.00787	0.00242	0.00969	0.00706	0.00383	0.01167
3	0.02468	0.01774	0.01948	0.01618	0.02133	0.01953	0.01295	0.24315	0.32618	0.12022	0.06979	0.02767	0.02337	0.01058	0.00810	0.00254	0.00699	0.00858	0.00829	0.01265
4	0.01498	0.01409	0.02378	0.70226	0.05462	0.01762	0.02202	0.02026	0.01586	0.02026	0.01409	0.02114	0.01057	0.00793	0.00793	0.00264	0.01057	0.00705	0.00352	0.00881
5	0.01267	0.00918	0.01299	0.04130	0.01762	0.00929	0.01280	0.01624	0.01797	0.02338	0.04100	0.12568	0.04469	0.02154	0.01078	0.00358	0.00726	0.55755	0.00716	0.00731
6	0.01459	0.01354	0.02143	0.01844	0.02011	0.01678	0.09037	0.01746	0.01324	0.01953	0.01636	0.02455	0.01519	0.03516	0.34670	0.00788	0.28860	0.00799	0.00391	0.00815
7	0.01644	0.01409	0.01644	0.01175	0.01879	0.01057	0.00940	0.01997	0.01644	0.02584	0.01409	0.01644	0.01175	0.00587	0.00587	0.00117	0.00587	0.00470	0.00470	0.76979
8	0.01132	0.00817	0.01074	0.01026	0.01213	0.00758	0.00781	0.01506	0.02219	0.03130	0.62882	0.06111	0.07301	0.01656	0.00945	0.00257	0.00396	0.05184	0.00864	0.00747
9	0.01134	0.00782	0.00916	0.00899	0.00963	0.00758	0.00560	0.01247	0.01486	0.02020	0.20522	0.05509	0.07204	0.49304	0.03032	0.00601	0.00642	0.01256	0.00601	0.00563
10	0.01143	0.00810	0.01074	0.01074	0.01146	0.00882	0.00741	0.01287	0.01215	0.01693	0.02307	0.04130	0.02423	0.38315	0.37223	0.01027	0.01461	0.00998	0.00452	0.00597
11	0.77733	0.01534	0.01166	0.01043	0.01534	0.01779	0.00859	0.02331	0.01350	0.03558	0.01104	0.01288	0.00859	0.00736	0.00491	0.00245	0.00613	0.00429	0.00491	0.00859
12	0.01590	0.04102	0.68023	0.02260	0.03432	0.01842	0.02930	0.02511	0.01674	0.02511	0.01423	0.01674	0.01005	0.00753	0.00753	0.00251	0.01172	0.00586	0.00335	0.01172
13	0.03014	0.02221	0.02380	0.01825	0.02459	0.02459	0.01507	0.64541	0.03728	0.04998	0.01904	0.01904	0.01349	0.00952	0.00793	0.00238	0.00873	0.00714	0.00793	0.01349
14	0.00937	0.00803	0.00803	0.00803	0.01071	0.00669	0.00602	0.01138	0.01807	0.02142	0.08033	0.07632	0.66863	0.02008	0.00937	0.00268	0.00402	0.01674	0.00736	0.00669
15	0.01636	0.03830	0.60092	0.02579	0.11234	0.01847	0.02869	0.02502	0.01690	0.02521	0.01431	0.01709	0.01035	0.00748	0.00757	0.00249	0.01144	0.00601	0.00342	0.01182
16	0.01122	0.00811	0.01060	0.00998	0.01185	0.00748	0.00748	0.01496	0.02245	0.03180	0.66766	0.05923	0.07482	0.01621	0.00935	0.00249	0.00374	0.01434	0.00873	0.00748
17	0.02766	0.11010	0.02424	0.02020	0.04849	0.56187	0.01505	0.02994	0.02135	0.02003	0.01283	0.01502	0.01075	0.00803	0.00688	0.00201	0.01301	0.00519	0.03799	0.00935
18	0.01632	0.01395	0.01624	0.01188	0.01860	0.01075	0.00944	0.02044	0.03897	0.02590	0.01576	0.04122	0.01360	0.00670	0.00610	0.00130	0.00584	0.00547	0.00491	0.71661
19	0.02005	0.02173	0.07007	0.09867	0.48372	0.08920	0.02300	0.02556	0.04545	0.02500	0.01526	0.01944	0.01248	0.00744	0.00777	0.00237	0.01004	0.00686	0.00405	0.01183
20	0.01776	0.01442	0.01683	0.01211	0.01909	0.01121	0.00972	0.04728	0.01757	0.05183	0.01496	0.01696	0.01212	0.00618	0.00604	0.00127	0.00603	0.00493	0.00503	0.70865
21	0.01673	0.03705	0.55188	0.02272	0.06051	0.05160	0.02646	0.02581	0.05078	0.02560	0.04625	0.01944	0.01399	0.00813	0.00764	0.00249	0.01108	0.00644	0.00391	0.01147
22	0.01861	0.01954	0.03780	0.10852	0.16580	0.01950	0.37382	0.02667	0.09652	0.02588	0.01759	0.02202	0.01347	0.00740	0.00874	0.00261	0.01140	0.00860	0.00444	0.01108
23	0.01614	0.03938	0.62735	0.02350	0.03492	0.01855	0.08053	0.02514	0.01691	0.02514	0.01438	0.01713	0.01021	0.00746	0.00769	0.00252	0.01186	0.00615	0.00340	0.01163
24	0.00985	0.00804	0.00873	0.00882	0.01122	0.00693	0.00667	0.01217	0.01861	0.02307	0.16621	0.10645	0.51457	0.01983	0.00949	0.00273	0.00418	0.04804	0.00757	0.00683
25	0.01941	0.01813	0.02997	0.17551	0.50727	0.01898	0.02327	0.06468	0.01890	0.02639	0.01503	0.01989	0.01223	0.00740	0.00787	0.00241	0.00960	0.00707	0.00411	0.01188
26	0.01395	0.00747	0.00771	0.00771	0.00909	0.00747	0.00535	0.01670	0.01532	0.02592	0.02564	0.03529	0.02251	0.19191	0.01448	0.00335	0.00472	0.00845	0.57024	0.00673
27	0.02731	0.02809	0.02231	0.01909	0.02365	0.32518	0.01496	0.22511	0.12662	0.03116	0.01741	0.01843	0.01347	0.00943	0.00895	0.00236	0.06309	0.00649	0.00588	0.01103
28	0.02870	0.02149	0.02299	0.01795	0.02404	0.02392	0.01472	0.56188	0.12316	0.04765	0.02087	0.02050	0.01497	0.00969	0.00795	0.00242	0.00839	0.00739	0.00795	0.01336
29	0.02124	0.02981	0.41215	0.01976	0.02898	0.01575	0.05192	0.02818	0.01895	0.20992	0.06879	0.02309	0.01777	0.00880	0.00788	0.00250	0.00979	0.00727	0.00562	0.01185
30	0.01122	0.00811	0.01060	0.00998	0.01185	0.00748	0.00748	0.01496	0.02245	0.03180	0.66766	0.05923	0.07482	0.01621	0.00935	0.00249	0.00374	0.01434	0.00873	0.00748
31	0.01829	0.01748	0.02978	0.23600	0.49494	0.01849	0.02367	0.02317	0.01743	0.02429	0.01468	0.02006	0.01199	0.00731	0.00787	0.00244	0.00975	0.00706	0.00381	0.01149
32	0.01133	0.00850	0.01274	0.01274	0.01416	0.00991	0.00991	0.01416	0.01274	0.01841	0.02124	0.03115	0.01982	0.05947	0.68989	0.01274	0.02124	0.00850	0.00425	0.00708
33	0.02447	0.55351	0.03608	0.01395	0.02049	0.05311	0.01325	0.02710	0.01771	0.15331	0.01521	0.01570	0.01211	0.00746	0.00576	0.00186	0.00835	0.00504	0.00473	0.01082
34	0.03014	0.02221	0.02380	0.01825	0.02459	0.02459	0.01507	0.64541	0.03728	0.04998	0.01904	0.01904	0.01349	0.00952	0.00793	0.00238	0.00873	0.00714	0.00793	0.01349
35	0.02120	0.60821	0.08747	0.01464	0.02142	0.02922	0.01486	0.02422	0.01623	0.04659	0.01208	0.01386	0.01057	0.00734	0.00648	0.00188	0.04507	0.00466	0.00366	0.01035
36	0.01764	0.01681	0.02860	0.32801	0.40805	0.01832	0.02335	0.02259	0.01712	0.02349	0.01456	0.02027	0.01171	0.00743	0.00788	0.00248	0.00991	0.00706	0.00375	0.01096
37	0.01720	0.01715	0.02426	0.06312	0.02292	0.02387	0.01764	0.01916	0.01237	0.01916	0.01064	0.01758	0.01042	0.01351	0.02490	0.00342	0.66358	0.00695	0.00347	0.00868
38	0.01176	0.00897	0.01293	0.01270	0.01382	0.01055	0.00968	0.01411	0.01253	0.01802	0.02105	0.03317	0.02048	0.15014	0.55396	0.01141	0.06475	0.00882	0.00428	0.00686
39	0.01574	0.01541	0.02769	0.57309	0.07619	0.01804	0.11881	0.02122	0.01639	0.02128	0.01443	0.02112	0.01087	0.00770	0.00815	0.00264	0.01096	0.00741	0.00361	0.00925
40	0.02113	0.64849	0.08860	0.01451	0.02156	0.05560	0.01481	0.02415	0.01640	0.01917	0.01131	0.01308	0.01017	0.00689	0.00535	0.00177	0.00895	0.00439	0.00342	0.01025
41	0.06831	0.02068	0.06917	0.19152	0.04023	0.04943	0.34402	0.02381	0.01725	0.02408	0.01456	0.01991	0.01114	0.00768	0.00977	0.00267	0.06404	0.00791	0.00388	0.00993
42	0.01108	0.00810	0.01041	0.00983	0.01176	0.00742	0.00737	0.01470	0.02212	0.03102	0.62373	0.06051	0.11924	0.01650	0.00935	0.00251	0.00376	0.01452	0.00863	0.00742
43	0.01218	0.00871	0.01187	0.01172	0.01318	0.00955	0.00880	0.03850	0.01504	0.02161	0.09348	0.08511	0.02892	0.12146	0.42260	0.00926	0.01498	0.01035	0.05559	0.00709
44	0.01478	0.00739	0.00739	0.00739	0.00924	0.00739	0.00554	0.01848	0.01663	0.02956	0.02587	0.02956	0.02033	0.00924	0.00554	0.00185	0.00370	0.00739	0.76534	0.00739
45	0.03216	0.01416	0.01827	0.01441	0.02015	0.01319	0.01176	0.06705	0.10904	0.53350	0.05746	0.02831	0.02226	0.01020	0.00804	0.00248	0.00665	0.00833	0.00944	0.01312
46	0.01662	0.01433	0.01790	0.04875	0.02139	0.01159	0.03373	0.04075	0.01714	0.02610	0.01558	0.04654	0.01347	0.00693	0.00636	0.00143	0.00644	0.00583	0.00483	0.64428
47	0.01109	0.00807	0.01026	0.00973	0.01154	0.00743	0.00719	0.01444	0.02137	0.02986	0.57711	0.06014	0.12027	0.06325	0.01141	0.00285	0.00403	0.01435	0.00836	0.00724
48	0.01644	0.01409	0.01644	0.01175	0.01879	0.01057	0.00940	0.01997	0.01644	0.02584	0.01409	0.01644	0.01175	0.00587	0.00587	0.00117	0.00587	0.00470	0.00470	0.76979
49	0.01858	0.01579	0.01700	0.01556	0.01966	0.01803	0.01219	0.03821	0.56302	0.03238	0.08052	0.03620	0.02957	0.01199	0.00838	0.00275	0.00616	0.05418	0.00806	0.01179
50	0.02014	0.01226	0.01534	0.01189	0.01724	0.01000	0.00947	0.02360	0.01980	0.20295	0.20128	0.03124	0.03149	0.00982	0.00741	0.00189	0.00551	0.00827	0.00720	0.35319
51	0.01875	0.01607	0.01706	0.01541	0.01964	0.01838	0.01196	0.03910	0.58920	0.03269	0.08137	0.03332	0.04897	0.01147	0.00821	0.00267	0.00601	0.00962	0.00810	0.01198
52	0.07547	0.02122	0.02147	0.01698	0.02267	0.07176	0.01386	0.46982	0.03191	0.08629	0.01922	0.01974	0.01388	0.01121	0.03372	0.00274	0.00912	0.00693	0.03965	0.01236
53	0.01146	0.00799	0.01016	0.01016	0.01068	0.00851	0.00669	0.01250	0.01198	0.01649	0.02360	0.04424	0.02551	0.47720	0.27993	0.00955	0.01269	0.01041	0.00460	0.00564
54	0.02938	0.02180	0.02380	0.05252	0.02610	0.02424	0.01542	0.61409	0.03621	0.04849	0.01879	0.01914	0.01334	0.00944	0.00793	0.00239	0.00882	0.00713	0.00771	0.01325
55	0.01590	0.04102	0.68023	0.02260	0.03432	0.01842	0.02930	0.02511	0.01674	0.02511	0.01423	0.01674	0.01005	0.00753	0.00753	0.00251	0.01172	0.00586	0.00335	0.01172
56	0.01972	0.01703	0.01793	0.01614	0.02062	0.01972	0.01255	0.04214	0.65752	0.03317	0.03228	0.02959	0.02421	0.01076	0.00807	0.00269	0.00628	0.00897	0.00807	0.01255
57	0.01115	0.00810	0.01049	0.00989	0.01180	0.00745	0.00742	0.01481	0.02226	0.03136	0.64283	0.05996	0.09993	0.01638	0.00935	0.00250	0.00375	0.01444	0.00867	0.00745

[dist]
# distance from previous block
# <min> <max>
0	1

[block]
# block no. 5 follows, 24 sequences, length 50
# corresponding to MSA columns:
# 211-260
name=unknown_F
#
# <colnr> <probs for GDERKNQSTAVLIFYWHMCP>
#	G	D	E	R	K	N	Q	S	T	A	V	L	I	F	Y	W	H	M	C	P
0	0.01110	0.00810	0.01043	0.00985	0.01177	0.00743	0.00738	0.01472	0.02215	0.03111	0.62837	0.06038	0.11455	0.01647	0.00935	0.00251	0.00376	0.01450	0.00864	0.00743
1	0.03463	0.01329	0.01810	0.01395	0.01992	0.01149	0.01149	0.03772	0.02269	0.65217	0.05610	0.02825	0.02178	0.01006	0.00803	0.00246	0.00663	0.00822	0.00977	0.01326
2	0.01411	0.00946	0.01193	0.01106	0.01345	0.00899	0.00843	0.06507	0.02246	0.07434	0.45608	0.12915	0.09284	0.01660	0.00929	0.00261	0.00455	0.03295	0.00847	0.00819
3	0.04541	0.01715	0.03057	0.23652	0.03848	0.01781	0.24997	0.02213	0.01661	0.02369	0.01437	0.01970	0.01125	0.00760	0.00959	0.00245	0.07335	0.00735	0.00397	0.15203
4	0.02842	0.13575	0.02519	0.01945	0.02392	0.59582	0.01507	0.03054	0.02157	0.01930	0.01208	0.01408	0.01021	0.00797	0.00686	0.00199	0.01347	0.00498	0.00399	0.00933
5	0.01599	0.00933	0.01038	0.05064	0.01363	0.01007	0.00780	0.06193	0.01778	0.02987	0.02389	0.02770	0.01875	0.00942	0.00691	0.00202	0.04074	0.00733	0.62786	0.00796
6	0.01972	0.01703	0.01793	0.01614	0.02062	0.01972	0.01255	0.04214	0.65752	0.03317	0.03228	0.02959	0.02421	0.01076	0.00807	0.00269	0.00628	0.00897	0.00807	0.01255
7	0.01377	0.00689	0.01033	0.01033	0.01033	0.00689	0.00689	0.01033	0.01033	0.01377	0.01377	0.02410	0.01377	0.02755	0.03099	0.76928	0.00689	0.00689	0.00344	0.00344
8	0.01498	0.01409	0.02378	0.70226	0.05462	0.01762	0.02202	0.02026	0.01586	0.02026	0.01409	0.02114	0.01057	0.00793	0.00793	0.00264	0.01057	0.00705	0.00352	0.00881
9	0.02704	0.02151	0.02312	0.08529	0.02665	0.06770	0.01558	0.47023	0.03144	0.04183	0.01769	0.01920	0.01300	0.00960	0.00920	0.00245	0.06345	0.00699	0.03590	0.01213
10	0.01134	0.00846	0.01254	0.01254	0.01389	0.00980	0.00966	0.01403	0.01268	0.01826	0.02143	0.03219	0.02027	0.09252	0.65746	0.01249	0.02056	0.00865	0.00428	0.00697
11	0.01917	0.01838	0.03136	0.11280	0.61129	0.01872	0.02411	0.02394	0.01784	0.02535	0.01484	0.01977	0.01237	0.00715	0.00786	0.00238	0.00953	0.00706	0.00389	0.01219
12	0.02694	0.02062	0.02199	0.01760	0.02337	0.02309	0.01430	0.45968	0.22823	0.04480	0.02311	0.02229	0.01679	0.00990	0.00797	0.00248	0.00797	0.00770	0.00797	0.01320
13	0.01759	0.02927	0.30121	0.02908	0.03858	0.01940	0.39653	0.02529	0.01792	0.02529	0.01531	0.01952	0.01123	0.00703	0.00863	0.00261	0.01271	0.00795	0.00374	0.01111
14	0.01103	0.00802	0.01038	0.00995	0.01177	0.00737	0.00740	0.01452	0.02174	0.03050	0.59637	0.10404	0.10321	0.01698	0.00941	0.00255	0.00381	0.01501	0.00857	0.00737
15	0.01345	0.01188	0.01934	0.01696	0.01894	0.01403	0.09182	0.01656	0.01339	0.01943	0.01845	0.02720	0.01698	0.04380	0.47282	0.00964	0.15511	0.00830	0.00406	0.00785
16	0.01006	0.00707	0.00908	0.01053	0.01089	0.00671	0.00681	0.01115	0.01440	0.01920	0.03971	0.57420	0.04740	0.17367	0.01658	0.00418	0.00526	0.02019	0.00681	0.00609
17	0.01594	0.03675	0.56454	0.02339	0.03406	0.01801	0.10671	0.02442	0.01691	0.02490	0.01598	0.05342	0.01249	0.00832	0.00790	0.00257	0.01156	0.00717	0.00364	0.01132
18	0.01644	0.01409	0.01644	0.01175	0.01879	0.01057	0.00940	0.01997	0.01644	0.02584	0.01409	0.01644	0.01175	0.00587	0.00587	0.00117	0.00587	0.00470	0.00470	0.76979
19	0.01498	0.01409	0.02378	0.70226	0.05462	0.01762	0.02202	0.02026	0.01586	0.02026	0.01409	0.02114	0.01057	0.00793	0.00793	0.00264	0.01057	0.00705	0.00352	0.00881
20	0.01834	0.02028	0.04061	0.02996	0.03578	0.02122	0.47123	0.02367	0.01691	0.02367	0.01450	0.02028	0.01159	0.00866	0.01393	0.00289	0.20378	0.00869	0.00386	0.01014
21	0.01691	0.01607	0.02729	0.42983	0.31189	0.01813	0.02299	0.02196	0.01677	0.02261	0.01444	0.02051	0.01140	0.00757	0.00790	0.00252	0.01009	0.00705	0.00369	0.01037
22	0.01644	0.01409	0.01644	0.01175	0.01879	0.01057	0.00940	0.01997	0.01644	0.02584	0.01409	0.01644	0.01175	0.00587	0.00587	0.00117	0.00587	0.00470	0.00470	0.76979
23	0.01030	0.00764	0.00964	0.01029	0.01172	0.00698	0.00742	0.01272	0.01836	0.02459	0.26373	0.33971	0.17572	0.02085	0.00976	0.00289	0.00433	0.04864	0.00783	0.00689
24	0.02211	0.01937	0.02438	0.16660	0.06722	0.05096	0.01784	0.24610	0.02278	0.03089	0.01465	0.01877	0.01167	0.01040	0.01379	0.00278	0.23690	0.00696	0.00514	0.01069
25	0.01137	0.00832	0.01187	0.01187	0.01299	0.00944	0.00883	0.01360	0.01249	0.01776	0.02204	0.03556	0.02174	0.20005	0.55192	0.01167	0.01836	0.00914	0.00437	0.00660
26	0.01815	0.02028	0.04329	0.13518	0.04345	0.01968	0.54857	0.02462	0.01828	0.02462	0.01575	0.02135	0.01181	0.00687	0.00914	0.00267	0.01294	0.00901	0.00394	0.01041
27	0.03014	0.02221	0.02380	0.01825	0.02459	0.02459	0.01507	0.64541	0.03728	0.04998	0.01904	0.01904	0.01349	0.00952	0.00793	0.00238	0.00873	0.00714	0.00793	0.01349
28	0.01921	0.01650	0.01749	0.01577	0.02009	0.01899	0.01225	0.04050	0.61931	0.03309	0.07050	0.03137	0.02725	0.01109	0.00815	0.00268	0.00612	0.00929	0.00811	0.01225
29	0.02336	0.01622	0.01804	0.01567	0.02053	0.01787	0.01235	0.04134	0.51183	0.18101	0.03205	0.02899	0.02316	0.01054	0.00805	0.00264	0.00638	0.00874	0.00847	0.01277
30	0.00937	0.00803	0.00803	0.00803	0.01071	0.00669	0.00602	0.01138	0.01807	0.02142	0.08033	0.07632	0.66863	0.02008	0.00937	0.00268	0.00402	0.01674	0.00736	0.00669
31	0.01021	0.00807	0.00920	0.00892	0.01123	0.00705	0.00669	0.01301	0.02006	0.02614	0.34714	0.06856	0.39889	0.01832	0.00936	0.00259	0.00389	0.01565	0.00798	0.00705
32	0.01138	0.00828	0.01163	0.01163	0.01266	0.00931	0.00852	0.01344	0.01241	0.01758	0.02226	0.03680	0.02228	0.23962	0.51310	0.01137	0.01755	0.00932	0.00440	0.00646
33	0.01644	0.01409	0.01644	0.01175	0.01879	0.01057	0.00940	0.01997	0.01644	0.02584	0.01409	0.01644	0.01175	0.00587	0.00587	0.00117	0.00587	0.00470	0.00470	0.76979
34	0.01963	0.01884	0.03219	0.04867	0.67185	0.01884	0.02434	0.02434	0.01806	0.02591	0.01492	0.01963	0.01256	0.00707	0.00785	0.00236	0.00942	0.00707	0.00393	0.01256
35	0.01776	0.01791	0.02395	0.06007	0.02291	0.04864	0.01736	0.02051	0.03746	0.01970	0.01153	0.01792	0.01094	0.01320	0.02358	0.00334	0.61374	0.00695	0.00367	0.00885
36	0.03407	0.01383	0.01836	0.01430	0.02028	0.01242	0.01174	0.03898	0.08313	0.61602	0.03138	0.02724	0.02007	0.00990	0.00798	0.00248	0.00670	0.00807	0.00965	0.01341
37	0.01817	0.01735	0.02955	0.25363	0.47829	0.01846	0.02361	0.02306	0.01737	0.02414	0.01466	0.02010	0.01194	0.00734	0.00787	0.00245	0.00978	0.00706	0.00380	0.01138
38	0.02878	0.03515	0.02265	0.06128	0.02633	0.59728	0.01571	0.07877	0.02323	0.02184	0.01290	0.01508	0.01049	0.00826	0.00726	0.00211	0.01364	0.00538	0.00435	0.00950
39	0.01780	0.01527	0.01614	0.01466	0.01874	0.01721	0.01135	0.03631	0.53223	0.03147	0.07571	0.03777	0.11636	0.01237	0.00832	0.00268	0.00582	0.01035	0.00801	0.01145
40	0.01160	0.00841	0.01233	0.01233	0.01378	0.00972	0.00957	0.01450	0.01305	0.01928	0.02160	0.03103	0.01986	0.05556	0.63660	0.01190	0.01987	0.00841	0.06351	0.00710
41	0.01498	0.01409	0.02378	0.70226	0.05462	0.01762	0.02202	0.02026	0.01586	0.02026	0.01409	0.02114	0.01057	0.00793	0.00793	0.00264	0.01057	0.00705	0.00352	0.00881
42	0.01972	0.01703	0.01793	0.01614	0.02062	0.01972	0.01255	0.04214	0.65752	0.03317	0.03228	0.02959	0.02421	0.01076	0.00807	0.00269	0.00628	0.00897	0.00807	0.01255
43	0.01972	0.01703	0.01793	0.01614	0.02062	0.01972	0.01255	0.04214	0.65752	0.03317	0.03228	0.02959	0.02421	0.01076	0.00807	0.00269	0.00628	0.00897	0.00807	0.01255
44	0.00966	0.00690	0.00920	0.01104	0.01150	0.00644	0.00736	0.01104	0.01518	0.02024	0.04371	0.71614	0.05245	0.02484	0.01012	0.00322	0.00460	0.02254	0.00736	0.00644
45	0.02794	0.03143	0.02275	0.01984	0.02395	0.45021	0.01538	0.15664	0.05138	0.02623	0.01429	0.01626	0.01150	0.00920	0.00946	0.00230	0.09021	0.00589	0.00498	0.01016
46	0.01180	0.00919	0.01364	0.01337	0.01468	0.01103	0.01049	0.01454	0.01270	0.01846	0.02040	0.03008	0.01909	0.05592	0.63819	0.01202	0.07463	0.00837	0.00419	0.00720
47	0.02800	0.03410	0.02522	0.02357	0.07763	0.54521	0.06491	0.06611	0.02268	0.02216	0.01316	0.01555	0.01073	0.00805	0.00742	0.00214	0.01351	0.00571	0.00429	0.00983
48	0.11470	0.01468	0.01784	0.01369	0.01987	0.01345	0.01125	0.09455	0.02202	0.42686	0.02474	0.02274	0.01638	0.00881	0.00725	0.00222	0.00672	0.00690	0.00817	0.14715
49	0.02395	0.02101	0.01937	0.01679	0.02161	0.15045	0.01322	0.12454	0.32097	0.08533	0.02578	0.02709	0.01988	0.01027	0.00788	0.00246	0.00828	0.03828	0.00718	0.05567

[dist]
# distance from previous block
# <min> <max>
1	4

[block]
# block no. 6 follows, 24 sequences, length 27
# corresponding to MSA columns:
# 265-291
name=unknown_G
#
# <colnr> <probs for GDERKNQSTAVLIFYWHMCP>
#	G	D	E	R	K	N	Q	S	T	A	V	L	I	F	Y	W	H	M	C	P
0	0.20429	0.01720	0.01810	0.01440	0.01990	0.01844	0.01183	0.30498	0.02645	0.17859	0.02050	0.02040	0.01437	0.00905	0.00699	0.00236	0.00717	0.00668	0.08660	0.01171
1	0.01678	0.04626	0.02544	0.56584	0.04893	0.01913	0.04411	0.07503	0.01772	0.02293	0.01435	0.02048	0.01086	0.00816	0.00844	0.00261	0.03265	0.00702	0.00392	0.00934
2	0.01498	0.01409	0.02378	0.70226	0.05462	0.01762	0.02202	0.02026	0.01586	0.02026	0.01409	0.02114	0.01057	0.00793	0.00793	0.00264	0.01057	0.00705	0.00352	0.00881
3	0.01402	0.00837	0.01309	0.15237	0.01942	0.00909	0.00999	0.01237	0.01146	0.01511	0.01384	0.02350	0.01312	0.02352	0.02626	0.61190	0.00764	0.00692	0.00346	0.00454
4	0.01152	0.00772	0.00883	0.00883	0.00890	0.00779	0.00504	0.01165	0.01159	0.01551	0.02482	0.05095	0.02842	0.69125	0.06987	0.00792	0.00830	0.01139	0.00478	0.00491
5	0.01181	0.00872	0.01083	0.01008	0.01225	0.00813	0.00762	0.04235	0.02250	0.03118	0.55853	0.05980	0.15346	0.01645	0.00929	0.00251	0.00400	0.01435	0.00851	0.00764
6	0.03062	0.02145	0.02333	0.01788	0.02421	0.02346	0.01477	0.59255	0.03601	0.10463	0.02011	0.01973	0.01402	0.00955	0.00794	0.00239	0.00855	0.00721	0.00810	0.01349
7	0.02071	0.01747	0.01924	0.07733	0.02418	0.02020	0.01373	0.12180	0.51665	0.03430	0.02887	0.02741	0.02155	0.01034	0.00804	0.00264	0.00699	0.00855	0.00765	0.01235
8	0.01122	0.00811	0.01060	0.00998	0.01185	0.00748	0.00748	0.01496	0.02245	0.03180	0.66766	0.05923	0.07482	0.01621	0.00935	0.00249	0.00374	0.01434	0.00873	0.00748
9	0.01777	0.01910	0.03890	0.22142	0.10899	0.01925	0.40723	0.02386	0.01785	0.02402	0.01539	0.02114	0.01168	0.00707	0.00881	0.00263	0.01219	0.00848	0.00387	0.01036
10	0.00966	0.00690	0.00920	0.01104	0.01150	0.00644	0.00736	0.01104	0.01518	0.02024	0.04371	0.71614	0.05245	0.02484	0.01012	0.00322	0.00460	0.02254	0.00736	0.00644
11	0.01596	0.03769	0.59145	0.08235	0.03644	0.01843	0.05927	0.02470	0.01676	0.02470	0.01431	0.01736	0.01019	0.00753	0.00766	0.00253	0.01170	0.00614	0.00340	0.01141
12	0.03037	0.02184	0.02357	0.01807	0.02441	0.02405	0.01493	0.61984	0.03667	0.07641	0.01955	0.01937	0.01374	0.00953	0.00793	0.00238	0.00864	0.00717	0.00801	0.01349
13	0.02730	0.02072	0.02337	0.11180	0.02841	0.02328	0.01584	0.51568	0.07968	0.04468	0.01933	0.02010	0.01387	0.00939	0.00794	0.00244	0.00880	0.00726	0.00734	0.01278
14	0.01605	0.06912	0.58297	0.09306	0.03581	0.01892	0.02783	0.02455	0.01662	0.02432	0.01407	0.01702	0.01011	0.00754	0.00746	0.00249	0.01145	0.00591	0.00337	0.01135
15	0.02095	0.69309	0.07231	0.01400	0.02103	0.03075	0.01433	0.02381	0.01614	0.01897	0.01118	0.01291	0.01017	0.00682	0.00521	0.00174	0.00864	0.00432	0.00339	0.01025
16	0.08526	0.02035	0.01938	0.01641	0.02141	0.11117	0.01300	0.20788	0.24191	0.11086	0.02451	0.05325	0.01874	0.01030	0.00773	0.00249	0.00804	0.00804	0.00741	0.01188
17	0.10805	0.02149	0.02253	0.01743	0.02363	0.02388	0.01440	0.58054	0.03480	0.04847	0.01820	0.01840	0.01297	0.00929	0.00762	0.00239	0.00846	0.00684	0.00762	0.01297
18	0.01644	0.01409	0.01644	0.01175	0.01879	0.01057	0.00940	0.01997	0.01644	0.02584	0.01409	0.01644	0.01175	0.00587	0.00587	0.00117	0.00587	0.00470	0.00470	0.76979
19	0.01480	0.00792	0.00869	0.06227	0.01282	0.00820	0.00684	0.01862	0.01657	0.02883	0.02494	0.02890	0.01955	0.00914	0.00573	0.00191	0.00424	0.00736	0.70517	0.00750
20	0.00980	0.00815	0.00863	0.00879	0.01135	0.00698	0.00678	0.01204	0.01826	0.02206	0.09857	0.07704	0.58119	0.02013	0.00954	0.00277	0.00435	0.07939	0.00741	0.00679
21	0.00957	0.00804	0.00830	0.00824	0.01083	0.00678	0.00618	0.01175	0.01853	0.02250	0.14157	0.07453	0.60672	0.01968	0.00937	0.00266	0.00399	0.01649	0.00751	0.00678
22	0.01133	0.00850	0.01274	0.01274	0.01416	0.00991	0.00991	0.01416	0.01274	0.01841	0.02124	0.03115	0.01982	0.05947	0.68989	0.01274	0.02124	0.00850	0.00425	0.00708
23	0.01982	0.01662	0.01786	0.01614	0.02050	0.01900	0.01277	0.08710	0.54188	0.03351	0.03224	0.03499	0.02559	0.01182	0.00836	0.00277	0.00658	0.07237	0.00798	0.01208
24	0.01590	0.04102	0.68023	0.02260	0.03432	0.01842	0.02930	0.02511	0.01674	0.02511	0.01423	0.01674	0.01005	0.00753	0.00753	0.00251	0.01172	0.00586	0.00335	0.01172
25	0.02170	0.59699	0.08991	0.01503	0.02191	0.10206	0.01500	0.02472	0.01686	0.01925	0.01141	0.01321	0.01017	0.00699	0.00551	0.00180	0.00937	0.00446	0.00346	0.01019
26	0.00966	0.00690	0.00920	0.01104	0.01150	0.00644	0.00736	0.01104	0.01518	0.02024	0.04371	0.71614	0.05245	0.02484	0.01012	0.00322	0.00460	0.02254	0.00736	0.00644

[dist]
# distance from previous block
# <min> <max>
0	0

# created by:
# /st0/software/busco_prod/Augustus/scripts/msa2prfl.pl ./align_prep/119526.fa
