[name]
unknown

[dist]
# distance from previous block
# <min> <max>
0	60

[block]
# block no. 0 follows, 24 sequences, length 10
# corresponding to MSA columns:
# 60-69
name=unknown_A
#
# <colnr> <probs for GDERKNQSTAVLIFYWHMCP>
#	G	D	E	R	K	N	Q	S	T	A	V	L	I	F	Y	W	H	M	C	P
0	0.19630	0.01034	0.01171	0.01245	0.01467	0.01093	0.01024	0.01714	0.01582	0.02497	0.03128	0.06381	0.03350	0.15307	0.01516	0.00414	0.00710	0.35400	0.00625	0.00713
1	0.02088	0.00976	0.01318	0.01237	0.01529	0.00870	0.00922	0.02299	0.01844	0.30469	0.03833	0.41782	0.03824	0.01834	0.00919	0.00289	0.00553	0.01624	0.00842	0.00949
2	0.01151	0.00941	0.01283	0.01339	0.01374	0.01073	0.00976	0.01297	0.01445	0.01996	0.03570	0.54818	0.04234	0.02221	0.01394	0.00328	0.17338	0.01879	0.00643	0.00698
3	0.01110	0.00810	0.01043	0.00985	0.01177	0.00743	0.00739	0.01473	0.02217	0.03113	0.62994	0.06033	0.11297	0.01646	0.00935	0.00251	0.00376	0.01449	0.00864	0.00743
4	0.00969	0.00721	0.00889	0.01019	0.01116	0.00657	0.00691	0.01115	0.01569	0.02027	0.05154	0.52797	0.19933	0.05975	0.01151	0.00332	0.00462	0.02058	0.00723	0.00642
5	0.02194	0.02189	0.14637	0.01724	0.02311	0.01879	0.01583	0.34246	0.05994	0.03718	0.02472	0.18669	0.02274	0.01288	0.00839	0.00262	0.00818	0.01069	0.00692	0.01140
6	0.02206	0.12160	0.31111	0.02437	0.15182	0.01860	0.02200	0.02803	0.01834	0.18117	0.01803	0.01922	0.01285	0.00789	0.00737	0.00236	0.00965	0.00638	0.00502	0.01210
7	0.01622	0.10589	0.29674	0.01767	0.02494	0.01757	0.04057	0.02581	0.14148	0.02755	0.17446	0.02913	0.02843	0.01013	0.00786	0.00245	0.00844	0.00843	0.00558	0.01065
8	0.01785	0.01697	0.02303	0.01894	0.02201	0.02022	0.06418	0.02529	0.16861	0.02427	0.01682	0.02044	0.01411	0.01102	0.01651	0.00278	0.34860	0.00719	0.00485	0.15630
9	0.01748	0.01631	0.02736	0.07295	0.51494	0.01639	0.02096	0.02158	0.01740	0.02454	0.02042	0.15380	0.02014	0.01053	0.00829	0.00254	0.00855	0.01004	0.00457	0.01120

[dist]
# distance from previous block
# <min> <max>
0	7

[block]
# block no. 1 follows, 24 sequences, length 7
# corresponding to MSA columns:
# 77-83
name=unknown_B
#
# <colnr> <probs for GDERKNQSTAVLIFYWHMCP>
#	G	D	E	R	K	N	Q	S	T	A	V	L	I	F	Y	W	H	M	C	P
0	0.04859	0.07423	0.33236	0.01918	0.02580	0.01956	0.02100	0.02320	0.01552	0.05232	0.01466	0.01816	0.01150	0.00953	0.01231	0.00266	0.20652	0.00623	0.07637	0.01029
1	0.01633	0.01554	0.02052	0.01704	0.01928	0.01874	0.01402	0.01860	0.01392	0.02121	0.01812	0.02271	0.07353	0.01221	0.01875	0.00275	0.44193	0.00724	0.00419	0.22336
2	0.01222	0.01099	0.01981	0.01736	0.01995	0.01028	0.18682	0.01510	0.01618	0.02170	0.03590	0.52000	0.04104	0.01972	0.00991	0.00307	0.00708	0.01882	0.00642	0.00764
3	0.12016	0.01767	0.02001	0.01671	0.01994	0.05684	0.01367	0.16158	0.02104	0.10578	0.09956	0.02349	0.02021	0.01158	0.01399	0.00277	0.25112	0.00761	0.00609	0.01017
4	0.01351	0.01158	0.01966	0.01608	0.01846	0.01118	0.18554	0.01566	0.01411	0.01891	0.02440	0.08376	0.02630	0.44401	0.02838	0.00581	0.00909	0.04201	0.00485	0.00669
5	0.01183	0.00985	0.01346	0.01380	0.01413	0.01148	0.01018	0.01331	0.01432	0.01992	0.03431	0.51886	0.04058	0.02175	0.01461	0.00329	0.20284	0.01814	0.00626	0.00707
6	0.02131	0.01935	0.02529	0.02641	0.20643	0.05587	0.05783	0.14514	0.09991	0.03062	0.01732	0.01972	0.01370	0.00816	0.00857	0.00221	0.04935	0.00682	0.00536	0.18062

[dist]
# distance from previous block
# <min> <max>
0	4

[block]
# block no. 2 follows, 24 sequences, length 135
# corresponding to MSA columns:
# 88-222
name=unknown_C
#
# <colnr> <probs for GDERKNQSTAVLIFYWHMCP>
#	G	D	E	R	K	N	Q	S	T	A	V	L	I	F	Y	W	H	M	C	P
0	0.02978	0.02063	0.10395	0.01694	0.02374	0.01815	0.01528	0.27335	0.07576	0.30206	0.02444	0.02280	0.01638	0.00948	0.00791	0.00245	0.00811	0.00746	0.00813	0.01320
1	0.01122	0.00811	0.01060	0.00998	0.01185	0.00748	0.00748	0.01496	0.02245	0.03180	0.66766	0.05923	0.07482	0.01621	0.00935	0.00249	0.00374	0.01434	0.00873	0.00748
2	0.01114	0.00810	0.01049	0.00989	0.01180	0.00745	0.00742	0.01481	0.02226	0.03135	0.64202	0.05998	0.10075	0.01638	0.00935	0.00250	0.00375	0.01445	0.00867	0.00745
3	0.45338	0.01859	0.09607	0.01469	0.04558	0.01709	0.01274	0.05023	0.04523	0.15492	0.01663	0.01724	0.01187	0.00806	0.00617	0.00246	0.00717	0.00560	0.00585	0.01041
4	0.01590	0.04102	0.68023	0.02260	0.03432	0.01842	0.02930	0.02511	0.01674	0.02511	0.01423	0.01674	0.01005	0.00753	0.00753	0.00251	0.01172	0.00586	0.00335	0.01172
5	0.01153	0.00769	0.00865	0.00865	0.00865	0.00769	0.00480	0.01153	0.01153	0.01538	0.02499	0.05189	0.02883	0.72131	0.04036	0.00769	0.00769	0.01153	0.00480	0.00480
6	0.77733	0.01534	0.01166	0.01043	0.01534	0.01779	0.00859	0.02331	0.01350	0.03558	0.01104	0.01288	0.00859	0.00736	0.00491	0.00245	0.00613	0.00429	0.00491	0.00859
7	0.01498	0.01409	0.02378	0.70226	0.05462	0.01762	0.02202	0.02026	0.01586	0.02026	0.01409	0.02114	0.01057	0.00793	0.00793	0.00264	0.01057	0.00705	0.00352	0.00881
8	0.00937	0.00803	0.00803	0.00803	0.01071	0.00669	0.00602	0.01138	0.01807	0.02142	0.08033	0.07632	0.66863	0.02008	0.00937	0.00268	0.00402	0.01674	0.00736	0.00669
9	0.03504	0.01362	0.01839	0.01418	0.02026	0.01193	0.01169	0.03876	0.04425	0.65547	0.03132	0.02708	0.01978	0.00985	0.00798	0.00246	0.00673	0.00801	0.00976	0.01346
10	0.01016	0.00729	0.00965	0.01070	0.01161	0.00678	0.00740	0.01230	0.01752	0.02396	0.24444	0.50481	0.05965	0.02207	0.00987	0.00299	0.00432	0.01990	0.00780	0.00678
11	0.01653	0.12159	0.60511	0.02154	0.03268	0.01994	0.02745	0.02495	0.01667	0.02435	0.01385	0.01627	0.01006	0.00745	0.00725	0.00242	0.01134	0.00567	0.00335	0.01154
12	0.01139	0.00763	0.00869	0.00883	0.00887	0.00759	0.00500	0.01149	0.01181	0.01575	0.02643	0.10329	0.03066	0.66743	0.03802	0.00734	0.00745	0.01238	0.00500	0.00493
13	0.00964	0.00700	0.00910	0.01077	0.01143	0.00646	0.00724	0.01107	0.01544	0.02035	0.04703	0.65810	0.10834	0.02441	0.01005	0.00317	0.00455	0.02202	0.00736	0.00646
14	0.01589	0.01488	0.02504	0.51642	0.19100	0.01741	0.02202	0.02096	0.01649	0.02173	0.01587	0.02469	0.01301	0.00853	0.00808	0.00264	0.01013	0.04184	0.00383	0.00957
15	0.01685	0.01601	0.02717	0.43871	0.30351	0.01811	0.02296	0.02190	0.01674	0.02254	0.01443	0.02053	0.01137	0.00758	0.00790	0.00253	0.01011	0.00705	0.00369	0.01032
16	0.77733	0.01534	0.01166	0.01043	0.01534	0.01779	0.00859	0.02331	0.01350	0.03558	0.01104	0.01288	0.00859	0.00736	0.00491	0.00245	0.00613	0.00429	0.00491	0.00859
17	0.02472	0.01860	0.02006	0.01673	0.02201	0.02081	0.01338	0.25733	0.38499	0.09092	0.02747	0.02561	0.02001	0.01024	0.00801	0.00256	0.00719	0.00823	0.00816	0.01296
18	0.02993	0.02846	0.02327	0.01912	0.02456	0.29133	0.01517	0.39919	0.03134	0.03771	0.01632	0.01714	0.01217	0.00898	0.00762	0.00224	0.01096	0.00632	0.00639	0.01176
19	0.01760	0.01441	0.01670	0.01235	0.01906	0.01168	0.00985	0.02330	0.09136	0.05293	0.01690	0.01840	0.01351	0.00660	0.00621	0.00140	0.00595	0.00533	0.00530	0.65114
20	0.01944	0.01866	0.03186	0.07423	0.64771	0.01879	0.02425	0.02418	0.01797	0.02569	0.01488	0.01969	0.01248	0.00710	0.00785	0.00237	0.00947	0.00706	0.00391	0.01241
21	0.01025	0.00851	0.00906	0.00907	0.01168	0.00751	0.00696	0.01342	0.04572	0.02307	0.13027	0.07374	0.53744	0.01946	0.00944	0.00274	0.00434	0.06274	0.00752	0.00706
22	0.01133	0.00850	0.01274	0.01274	0.01416	0.00991	0.00991	0.01416	0.01274	0.01841	0.02124	0.03115	0.01982	0.05947	0.68989	0.01274	0.02124	0.00850	0.00425	0.00708
23	0.01614	0.07139	0.65191	0.02220	0.03370	0.01899	0.02860	0.02505	0.01671	0.02483	0.01409	0.01656	0.01005	0.00750	0.00743	0.00248	0.01158	0.00579	0.00335	0.01165
24	0.68679	0.01511	0.01248	0.01088	0.01593	0.01704	0.00896	0.02518	0.01462	0.11392	0.01351	0.01460	0.00994	0.00766	0.00528	0.00245	0.00621	0.00474	0.00551	0.00919
25	0.03558	0.01350	0.01840	0.01411	0.02024	0.01166	0.01166	0.03865	0.02270	0.67734	0.03128	0.02699	0.01963	0.00981	0.00797	0.00245	0.00675	0.00797	0.00981	0.01350
26	0.03558	0.01350	0.01840	0.01411	0.02024	0.01166	0.01166	0.03865	0.02270	0.67734	0.03128	0.02699	0.01963	0.00981	0.00797	0.00245	0.00675	0.00797	0.00981	0.01350
27	0.01498	0.01409	0.02378	0.70226	0.05462	0.01762	0.02202	0.02026	0.01586	0.02026	0.01409	0.02114	0.01057	0.00793	0.00793	0.00264	0.01057	0.00705	0.00352	0.00881
28	0.01963	0.01884	0.03219	0.04867	0.67185	0.01884	0.02434	0.02434	0.01806	0.02591	0.01492	0.01963	0.01256	0.00707	0.00785	0.00236	0.00942	0.00707	0.00393	0.01256
29	0.00966	0.00690	0.00920	0.01104	0.01150	0.00644	0.00736	0.01104	0.01518	0.02024	0.04371	0.71614	0.05245	0.02484	0.01012	0.00322	0.00460	0.02254	0.00736	0.00644
30	0.20521	0.01888	0.01562	0.01344	0.01766	0.13941	0.01064	0.19163	0.02253	0.03467	0.01796	0.01991	0.01380	0.00867	0.00633	0.00217	0.00758	0.00616	0.23807	0.00966
31	0.01212	0.00830	0.01089	0.01013	0.01216	0.00764	0.00764	0.01584	0.02246	0.05561	0.64419	0.05804	0.07279	0.01598	0.00930	0.00249	0.00385	0.01411	0.00877	0.00770
32	0.02224	0.06553	0.02080	0.01434	0.02101	0.01717	0.01182	0.23629	0.04741	0.05593	0.01683	0.01792	0.01296	0.00750	0.00668	0.00172	0.00707	0.00577	0.00602	0.40498
33	0.01768	0.01068	0.01354	0.01182	0.01494	0.01021	0.00928	0.09029	0.02400	0.14655	0.45788	0.05027	0.05706	0.01457	0.00902	0.00252	0.00497	0.03674	0.00877	0.00921
34	0.07681	0.09032	0.57923	0.02096	0.03177	0.01934	0.02647	0.02487	0.01644	0.02546	0.01374	0.01613	0.00994	0.00746	0.00714	0.00245	0.01103	0.00561	0.00348	0.01135
35	0.01797	0.01371	0.01642	0.07099	0.02136	0.01493	0.01285	0.09726	0.23260	0.06095	0.07187	0.05033	0.07966	0.01462	0.00905	0.00291	0.00691	0.18795	0.00752	0.01013
36	0.01109	0.00810	0.01042	0.00984	0.01177	0.00743	0.00738	0.01471	0.02214	0.03106	0.62585	0.06045	0.11709	0.01649	0.00935	0.00251	0.00376	0.01451	0.00863	0.00743
37	0.01854	0.02088	0.04491	0.07207	0.06684	0.01987	0.58352	0.02507	0.01853	0.02513	0.01589	0.02131	0.01197	0.00677	0.00922	0.00266	0.01306	0.00914	0.00398	0.01066
38	0.01719	0.01665	0.02427	0.05045	0.04850	0.02220	0.04664	0.01960	0.01322	0.02057	0.01228	0.01879	0.01139	0.01263	0.02205	0.00322	0.55857	0.00710	0.06584	0.00883
39	0.71665	0.01519	0.01221	0.01073	0.01574	0.01729	0.00884	0.02456	0.01425	0.08808	0.01270	0.01404	0.00949	0.00756	0.00516	0.00245	0.00618	0.00460	0.00531	0.00899
40	0.01108	0.00810	0.01040	0.00983	0.01176	0.00742	0.00737	0.01469	0.02211	0.03100	0.62222	0.06056	0.12076	0.01651	0.00935	0.00251	0.00376	0.01453	0.00862	0.00742
41	0.01590	0.04102	0.68023	0.02260	0.03432	0.01842	0.02930	0.02511	0.01674	0.02511	0.01423	0.01674	0.01005	0.00753	0.00753	0.00251	0.01172	0.00586	0.00335	0.01172
42	0.77733	0.01534	0.01166	0.01043	0.01534	0.01779	0.00859	0.02331	0.01350	0.03558	0.01104	0.01288	0.00859	0.00736	0.00491	0.00245	0.00613	0.00429	0.00491	0.00859
43	0.00966	0.00690	0.00920	0.01104	0.01150	0.00644	0.00736	0.01104	0.01518	0.02024	0.04371	0.71614	0.05245	0.02484	0.01012	0.00322	0.00460	0.02254	0.00736	0.00644
44	0.01265	0.00904	0.01260	0.01422	0.01605	0.00899	0.01234	0.01631	0.01860	0.02440	0.09381	0.08695	0.04805	0.02143	0.01082	0.00356	0.00701	0.56843	0.00742	0.00732
45	0.01147	0.00794	0.00991	0.00991	0.01035	0.00837	0.00638	0.01234	0.01191	0.01631	0.02383	0.04550	0.02605	0.51737	0.24051	0.00925	0.01186	0.01060	0.00463	0.00551
46	0.00965	0.00694	0.00916	0.01094	0.01147	0.00645	0.00732	0.01105	0.01528	0.02028	0.04496	0.69419	0.07359	0.02468	0.01010	0.00320	0.00458	0.02234	0.00736	0.00645
47	0.01124	0.00804	0.01098	0.01261	0.01383	0.00778	0.00990	0.01387	0.01721	0.02281	0.09395	0.37032	0.05110	0.02277	0.01045	0.00336	0.00579	0.29962	0.00745	0.00693
48	0.01827	0.01529	0.01663	0.01546	0.01929	0.01734	0.01204	0.05830	0.49947	0.03138	0.03404	0.11749	0.02915	0.01342	0.00857	0.00283	0.00626	0.06549	0.00791	0.01137
49	0.01606	0.03990	0.64419	0.02322	0.03473	0.01851	0.06422	0.02513	0.01685	0.02513	0.01433	0.01701	0.01016	0.00749	0.00764	0.00252	0.01181	0.00606	0.00339	0.01166
50	0.03014	0.02221	0.02380	0.01825	0.02459	0.02459	0.01507	0.64541	0.03728	0.04998	0.01904	0.01904	0.01349	0.00952	0.00793	0.00238	0.00873	0.00714	0.00793	0.01349
51	0.02889	0.02100	0.02246	0.01736	0.02334	0.02318	0.01429	0.59412	0.03559	0.04831	0.01960	0.01990	0.01405	0.00950	0.00774	0.00234	0.00831	0.00716	0.06989	0.01299
52	0.01925	0.01845	0.03150	0.10214	0.62136	0.01874	0.02415	0.02400	0.01788	0.02544	0.01485	0.01975	0.01240	0.00714	0.00786	0.00238	0.00951	0.00706	0.00389	0.01225
53	0.01488	0.01399	0.01943	0.01767	0.01782	0.01855	0.01414	0.01650	0.01312	0.01946	0.02112	0.24216	0.02393	0.01741	0.02091	0.00339	0.48090	0.01196	0.00472	0.00796
54	0.01359	0.01027	0.01374	0.01552	0.03978	0.01055	0.01248	0.01952	0.10088	0.02508	0.06654	0.13094	0.04350	0.01994	0.01033	0.00339	0.00686	0.44163	0.00735	0.00810
55	0.00952	0.00779	0.00840	0.00877	0.01093	0.00667	0.00638	0.01147	0.01764	0.02163	0.09839	0.21498	0.50804	0.02095	0.00953	0.00279	0.00413	0.01790	0.00742	0.00667
56	0.02974	0.02201	0.02357	0.01816	0.02444	0.02440	0.01497	0.62191	0.06144	0.04932	0.01955	0.01945	0.01390	0.00957	0.00794	0.00239	0.00863	0.00721	0.00794	0.01345
57	0.01654	0.12264	0.60413	0.02153	0.03266	0.01996	0.02742	0.02495	0.01667	0.02434	0.01385	0.01626	0.01006	0.00744	0.00724	0.00241	0.01133	0.00567	0.00335	0.01154
58	0.01172	0.00875	0.01099	0.01047	0.01249	0.00837	0.00782	0.01675	0.07368	0.03062	0.54475	0.10478	0.09545	0.01656	0.00930	0.00257	0.00402	0.01460	0.00852	0.00779
59	0.02120	0.72609	0.04155	0.01357	0.02035	0.03138	0.01357	0.02374	0.01611	0.01866	0.01102	0.01272	0.01018	0.00678	0.00509	0.00170	0.00848	0.00424	0.00339	0.01018
60	0.01153	0.00769	0.00865	0.00865	0.00865	0.00769	0.00480	0.01153	0.01153	0.01538	0.02499	0.05189	0.02883	0.72131	0.04036	0.00769	0.00769	0.01153	0.00480	0.00480
61	0.01339	0.01251	0.02339	0.01941	0.02289	0.01175	0.24049	0.01714	0.01748	0.02362	0.09864	0.34339	0.03945	0.01706	0.00983	0.00298	0.00794	0.06422	0.00627	0.00818
62	0.02120	0.72609	0.04155	0.01357	0.02035	0.03138	0.01357	0.02374	0.01611	0.01866	0.01102	0.01272	0.01018	0.00678	0.00509	0.00170	0.00848	0.00424	0.00339	0.01018
63	0.03014	0.02221	0.02380	0.01825	0.02459	0.02459	0.01507	0.64541	0.03728	0.04998	0.01904	0.01904	0.01349	0.00952	0.00793	0.00238	0.00873	0.00714	0.00793	0.01349
64	0.01108	0.00810	0.01040	0.00983	0.01176	0.00742	0.00737	0.01469	0.02211	0.03100	0.62222	0.06056	0.12076	0.01651	0.00935	0.00251	0.00376	0.01453	0.00862	0.00742
65	0.00965	0.00695	0.00915	0.01091	0.01147	0.00645	0.00730	0.01106	0.01531	0.02029	0.04531	0.68820	0.07935	0.02464	0.01009	0.00320	0.00458	0.02229	0.00736	0.00645
66	0.01613	0.01114	0.01354	0.01190	0.01489	0.01113	0.00922	0.10357	0.08034	0.07724	0.48240	0.04909	0.05847	0.01441	0.00896	0.00249	0.00483	0.01248	0.00864	0.00913
67	0.00966	0.00690	0.00920	0.01104	0.01150	0.00644	0.00736	0.01104	0.01518	0.02024	0.04371	0.71614	0.05245	0.02484	0.01012	0.00322	0.00460	0.02254	0.00736	0.00644
68	0.67551	0.07179	0.05201	0.01136	0.01680	0.01888	0.01015	0.02345	0.01388	0.03367	0.01122	0.01309	0.00879	0.00733	0.00507	0.00240	0.00663	0.00438	0.00470	0.00889
69	0.01145	0.00765	0.00867	0.00875	0.00877	0.00763	0.00491	0.01151	0.01169	0.01558	0.02578	0.08017	0.02983	0.69167	0.03907	0.00750	0.00756	0.01200	0.00491	0.00487
70	0.26734	0.07400	0.02036	0.01476	0.02061	0.02160	0.01230	0.31131	0.06881	0.04003	0.01640	0.01710	0.01226	0.00844	0.00660	0.00228	0.00750	0.00595	0.00639	0.06595
71	0.01695	0.14431	0.53062	0.02210	0.03277	0.02053	0.07710	0.02493	0.01681	0.02415	0.01389	0.01651	0.01023	0.00735	0.00731	0.00240	0.01136	0.00590	0.00341	0.01140
72	0.01629	0.09532	0.58412	0.02186	0.03273	0.01919	0.04951	0.02469	0.01694	0.02480	0.03450	0.01791	0.01216	0.00771	0.00746	0.00245	0.01126	0.00612	0.00354	0.01142
73	0.00978	0.00699	0.00931	0.01096	0.01153	0.00652	0.00737	0.01135	0.01574	0.02114	0.09198	0.66532	0.05418	0.02418	0.01006	0.00316	0.00453	0.02191	0.00747	0.00652
74	0.02897	0.09105	0.02395	0.01990	0.02419	0.63856	0.01519	0.03105	0.02198	0.01935	0.01216	0.01418	0.01021	0.00806	0.00699	0.00202	0.01385	0.00504	0.00403	0.00927
75	0.02031	0.04715	0.03997	0.06219	0.15360	0.07460	0.40757	0.02591	0.01883	0.04783	0.01581	0.02037	0.01212	0.00704	0.00864	0.00252	0.01220	0.00826	0.00417	0.01091
76	0.01279	0.00988	0.01191	0.05068	0.01568	0.01000	0.00909	0.06519	0.07042	0.02431	0.07533	0.29370	0.18092	0.07753	0.01201	0.00332	0.00567	0.05682	0.00710	0.00766
77	0.00966	0.00690	0.00920	0.01104	0.01150	0.00644	0.00736	0.01104	0.01518	0.02024	0.04371	0.71614	0.05245	0.02484	0.01012	0.00322	0.00460	0.02254	0.00736	0.00644
78	0.00979	0.00700	0.00932	0.01095	0.01153	0.00653	0.00737	0.01137	0.01579	0.02121	0.09577	0.66133	0.05431	0.02412	0.01006	0.00316	0.00453	0.02186	0.00748	0.00653
79	0.01879	0.02119	0.04566	0.03460	0.09022	0.01996	0.59518	0.02532	0.01867	0.02544	0.01596	0.02125	0.01207	0.00671	0.00924	0.00265	0.01306	0.00918	0.00400	0.01084
80	0.00984	0.00703	0.00940	0.01124	0.01178	0.00659	0.00767	0.01135	0.01536	0.02044	0.04361	0.68048	0.05206	0.02468	0.01017	0.00324	0.00475	0.05645	0.00736	0.00649
81	0.01133	0.00850	0.01274	0.01274	0.01416	0.00991	0.00991	0.01416	0.01274	0.01841	0.02124	0.03115	0.01982	0.05947	0.68989	0.01274	0.02124	0.00850	0.00425	0.00708
82	0.01209	0.01120	0.03656	0.07772	0.02150	0.01032	0.12050	0.01516	0.01630	0.02185	0.05763	0.46125	0.04090	0.01921	0.00972	0.00305	0.00696	0.04409	0.00636	0.00762
83	0.01806	0.13998	0.25312	0.05648	0.06085	0.02117	0.28906	0.02478	0.01750	0.02402	0.01452	0.01839	0.01104	0.00705	0.00795	0.00245	0.01177	0.00720	0.00367	0.01094
84	0.02154	0.02448	0.02553	0.02172	0.02373	0.24506	0.06786	0.02378	0.01611	0.01971	0.01148	0.01667	0.01048	0.01139	0.01839	0.00293	0.41988	0.00653	0.00372	0.00901
85	0.01758	0.01677	0.02744	0.35882	0.09203	0.02008	0.09820	0.07210	0.01731	0.02352	0.01399	0.02003	0.01111	0.00916	0.01214	0.00279	0.16594	0.00732	0.00397	0.00970
86	0.02617	0.01909	0.02539	0.02747	0.23163	0.02039	0.01756	0.26997	0.05422	0.14151	0.01961	0.02086	0.01442	0.00918	0.00936	0.00248	0.06399	0.00732	0.00660	0.01277
87	0.01761	0.02868	0.28585	0.02890	0.03805	0.01958	0.38944	0.02508	0.01775	0.02508	0.01517	0.01949	0.01122	0.00725	0.00923	0.00264	0.03629	0.00795	0.00374	0.01101
88	0.00975	0.00805	0.00856	0.00843	0.01095	0.00686	0.00633	0.01212	0.01898	0.02357	0.20177	0.07278	0.54585	0.01928	0.00937	0.00264	0.00396	0.01624	0.00765	0.00686
89	0.01498	0.01409	0.02378	0.70226	0.05462	0.01762	0.02202	0.02026	0.01586	0.02026	0.01409	0.02114	0.01057	0.00793	0.00793	0.00264	0.01057	0.00705	0.00352	0.00881
90	0.02371	0.01950	0.02550	0.05254	0.02671	0.02169	0.10718	0.34217	0.10375	0.03762	0.02080	0.06983	0.01685	0.01071	0.01019	0.00265	0.08146	0.00875	0.00666	0.01174
91	0.01040	0.00874	0.00911	0.00890	0.01161	0.00780	0.00671	0.01419	0.06808	0.02359	0.14762	0.07063	0.54698	0.01889	0.00927	0.00266	0.00416	0.01585	0.00758	0.00724
92	0.00966	0.00690	0.00920	0.01104	0.01150	0.00644	0.00736	0.01104	0.01518	0.02024	0.04371	0.71614	0.05245	0.02484	0.01012	0.00322	0.00460	0.02254	0.00736	0.00644
93	0.07668	0.02179	0.02230	0.01771	0.02321	0.07798	0.01449	0.43538	0.05357	0.09486	0.01878	0.01915	0.01355	0.00968	0.00908	0.00246	0.06278	0.00691	0.00724	0.01241
94	0.01705	0.02395	0.19786	0.02726	0.05678	0.01813	0.33465	0.02283	0.01685	0.02368	0.01652	0.05960	0.01387	0.01010	0.01183	0.06202	0.06425	0.00878	0.00395	0.01006
95	0.00975	0.00697	0.00928	0.01098	0.01152	0.00650	0.00737	0.01126	0.01560	0.02090	0.07921	0.67877	0.05372	0.02435	0.01008	0.00318	0.00455	0.02208	0.00744	0.00650
96	0.02255	0.01320	0.01616	0.01283	0.01819	0.01159	0.01021	0.06179	0.06392	0.24601	0.08102	0.08302	0.05506	0.01078	0.00764	0.00212	0.00599	0.00902	0.00750	0.26140
97	0.01927	0.07015	0.01898	0.01324	0.01898	0.01559	0.01083	0.12781	0.08133	0.03025	0.01773	0.01949	0.01411	0.00776	0.00714	0.00174	0.03455	0.00590	0.09825	0.38690
98	0.02837	0.02544	0.02364	0.02098	0.07433	0.19051	0.01565	0.39513	0.08174	0.03910	0.01808	0.01874	0.01345	0.00909	0.00774	0.00232	0.00998	0.00677	0.00667	0.01226
99	0.01214	0.01068	0.01860	0.01641	0.01899	0.00998	0.16253	0.01516	0.01702	0.02288	0.10342	0.43186	0.06695	0.01923	0.00986	0.00301	0.00673	0.04022	0.00668	0.00763
100	0.01709	0.01494	0.01904	0.01365	0.02074	0.01179	0.05862	0.04184	0.01733	0.02663	0.01441	0.01692	0.01183	0.00606	0.00621	0.00133	0.00655	0.00514	0.00476	0.68512
101	0.02600	0.01472	0.02028	0.03984	0.02166	0.01575	0.03590	0.05966	0.06948	0.33332	0.07682	0.02709	0.02162	0.01278	0.03512	0.00306	0.15964	0.00834	0.00751	0.01140
102	0.01134	0.00846	0.01255	0.01255	0.01390	0.00981	0.00967	0.01404	0.01269	0.01826	0.02142	0.03214	0.02025	0.09097	0.65898	0.01250	0.02060	0.00864	0.00427	0.00697
103	0.01697	0.01708	0.02652	0.05222	0.02469	0.02229	0.10441	0.01964	0.01327	0.01997	0.01220	0.01915	0.01137	0.01614	0.07425	0.00404	0.52594	0.00740	0.00361	0.00884
104	0.02915	0.03574	0.02374	0.02087	0.02533	0.60323	0.04517	0.08157	0.02350	0.02219	0.01299	0.01503	0.01057	0.00821	0.00732	0.00210	0.01380	0.00548	0.00440	0.00962
105	0.00966	0.00690	0.00920	0.01104	0.01150	0.00644	0.00736	0.01104	0.01518	0.02024	0.04371	0.71614	0.05245	0.02484	0.01012	0.00322	0.00460	0.02254	0.00736	0.00644
106	0.01590	0.04102	0.68023	0.02260	0.03432	0.01842	0.02930	0.02511	0.01674	0.02511	0.01423	0.01674	0.01005	0.00753	0.00753	0.00251	0.01172	0.00586	0.00335	0.01172
107	0.01377	0.00689	0.01033	0.01033	0.01033	0.00689	0.00689	0.01033	0.01033	0.01377	0.01377	0.02410	0.01377	0.02755	0.03099	0.76928	0.00689	0.00689	0.00344	0.00344
108	0.01498	0.01409	0.02378	0.70226	0.05462	0.01762	0.02202	0.02026	0.01586	0.02026	0.01409	0.02114	0.01057	0.00793	0.00793	0.00264	0.01057	0.00705	0.00352	0.00881
109	0.00974	0.00694	0.00918	0.01094	0.01137	0.00650	0.00725	0.01106	0.01502	0.02003	0.04287	0.68664	0.05140	0.05578	0.01146	0.00342	0.00474	0.02205	0.00725	0.00637
110	0.02120	0.72609	0.04155	0.01357	0.02035	0.03138	0.01357	0.02374	0.01611	0.01866	0.01102	0.01272	0.01018	0.00678	0.00509	0.00170	0.00848	0.00424	0.00339	0.01018
111	0.01197	0.00830	0.01068	0.00997	0.01206	0.00757	0.00752	0.01554	0.02210	0.05474	0.59617	0.05944	0.12136	0.01629	0.00930	0.00251	0.00387	0.01430	0.00866	0.00764
112	0.01961	0.02273	0.04480	0.03236	0.04006	0.07481	0.59170	0.02591	0.01902	0.02491	0.01573	0.02081	0.01188	0.00681	0.00918	0.00262	0.01345	0.00901	0.00402	0.01057
113	0.01005	0.00718	0.00961	0.01124	0.01193	0.00675	0.00781	0.01181	0.01605	0.02150	0.09627	0.60938	0.05378	0.02387	0.01012	0.00319	0.00475	0.07060	0.00747	0.00660
114	0.06808	0.01429	0.01854	0.01428	0.02038	0.01299	0.01180	0.08760	0.02348	0.59752	0.02938	0.02571	0.01864	0.00968	0.00783	0.00245	0.00688	0.00774	0.00944	0.01328
115	0.02959	0.02191	0.02380	0.04333	0.02569	0.02434	0.01533	0.62248	0.03650	0.04889	0.01886	0.01912	0.01338	0.00946	0.00793	0.00239	0.00879	0.00714	0.00777	0.01331
116	0.01498	0.01409	0.02378	0.70226	0.05462	0.01762	0.02202	0.02026	0.01586	0.02026	0.01409	0.02114	0.01057	0.00793	0.00793	0.00264	0.01057	0.00705	0.00352	0.00881
117	0.03151	0.01924	0.02186	0.01685	0.02306	0.02028	0.01389	0.42973	0.05478	0.25009	0.02343	0.02196	0.01583	0.00966	0.00795	0.00241	0.00801	0.00747	0.00854	0.01346
118	0.01190	0.00770	0.01018	0.01087	0.01207	0.00712	0.00758	0.01398	0.01751	0.06739	0.21071	0.46644	0.05536	0.04862	0.01095	0.00315	0.00463	0.01892	0.00780	0.00713
119	0.01516	0.01435	0.02382	0.64953	0.05200	0.01813	0.02166	0.02017	0.01557	0.02017	0.01381	0.02085	0.01056	0.00839	0.00933	0.00271	0.06444	0.00704	0.00352	0.00880
120	0.01850	0.02076	0.04329	0.03146	0.03824	0.02071	0.54582	0.02442	0.01770	0.02442	0.01517	0.02076	0.01178	0.00780	0.01195	0.00280	0.12112	0.00898	0.00393	0.01038
121	0.01848	0.02086	0.04470	0.06469	0.04115	0.02013	0.58570	0.02488	0.01829	0.02488	0.01570	0.02120	0.01189	0.00706	0.01003	0.00271	0.04403	0.00914	0.00396	0.01052
122	0.01075	0.00792	0.00996	0.00977	0.01151	0.00723	0.00715	0.01378	0.02044	0.02812	0.47378	0.14657	0.16081	0.04378	0.01059	0.00281	0.00404	0.01566	0.00820	0.00713
123	0.01524	0.01179	0.01723	0.02207	0.22422	0.01121	0.01270	0.01892	0.01972	0.06443	0.25489	0.04555	0.16252	0.01309	0.00848	0.00243	0.00579	0.01153	0.06887	0.00930
124	0.01644	0.01409	0.01644	0.01175	0.01879	0.01057	0.00940	0.01997	0.01644	0.02584	0.01409	0.01644	0.01175	0.00587	0.00587	0.00117	0.00587	0.00470	0.00470	0.76979
125	0.01726	0.01279	0.01566	0.01580	0.04330	0.01362	0.01225	0.02831	0.27105	0.07780	0.13169	0.05384	0.03840	0.01516	0.00923	0.00296	0.00640	0.21654	0.00788	0.01007
126	0.01060	0.00769	0.01000	0.01026	0.01168	0.00709	0.00738	0.01345	0.01974	0.02734	0.42564	0.28734	0.09345	0.01937	0.00962	0.00275	0.00405	0.01729	0.00820	0.00709
127	0.02120	0.01719	0.01784	0.01587	0.02033	0.04327	0.01248	0.08201	0.49734	0.06992	0.03069	0.03078	0.02345	0.01095	0.00804	0.00264	0.00670	0.03559	0.04161	0.01209
128	0.01227	0.00927	0.01165	0.01277	0.01446	0.00936	0.00992	0.01744	0.10619	0.02328	0.04374	0.31262	0.09413	0.04495	0.01111	0.00342	0.00590	0.24260	0.00735	0.00758
129	0.01675	0.01543	0.02538	0.36734	0.26110	0.01772	0.02111	0.02143	0.01639	0.02288	0.01506	0.02101	0.01204	0.00820	0.00911	0.00254	0.06348	0.00707	0.06598	0.00998
130	0.00984	0.00704	0.00936	0.01092	0.01154	0.00656	0.00737	0.01149	0.01601	0.02156	0.11486	0.64123	0.05500	0.02386	0.01003	0.00314	0.00450	0.02161	0.00752	0.00656
131	0.07817	0.01460	0.02069	0.01789	0.01998	0.01736	0.08266	0.06612	0.01622	0.02413	0.02445	0.20108	0.04868	0.01562	0.01564	0.00313	0.27924	0.04046	0.00532	0.00855
132	0.00966	0.00690	0.00920	0.01104	0.01150	0.00644	0.00736	0.01104	0.01518	0.02024	0.04371	0.71614	0.05245	0.02484	0.01012	0.00322	0.00460	0.02254	0.00736	0.00644
133	0.02167	0.09758	0.14272	0.01826	0.04441	0.04951	0.01649	0.10862	0.24483	0.08336	0.02429	0.02755	0.01908	0.01014	0.00780	0.00253	0.00839	0.05451	0.00646	0.01178
134	0.04752	0.15353	0.07957	0.16484	0.10911	0.02297	0.01841	0.21594	0.02260	0.03071	0.01485	0.01788	0.01153	0.00839	0.00828	0.00238	0.04902	0.00636	0.00495	0.01119

[dist]
# distance from previous block
# <min> <max>
1	8

[block]
# block no. 3 follows, 24 sequences, length 37
# corresponding to MSA columns:
# 231-267
name=unknown_D
#
# <colnr> <probs for GDERKNQSTAVLIFYWHMCP>
#	G	D	E	R	K	N	Q	S	T	A	V	L	I	F	Y	W	H	M	C	P
0	0.02538	0.02079	0.02179	0.09235	0.02643	0.07193	0.01492	0.37989	0.15817	0.03972	0.02349	0.02369	0.04531	0.00998	0.00797	0.00246	0.00863	0.00779	0.00716	0.01215
1	0.05427	0.01516	0.01779	0.08023	0.02218	0.01599	0.01221	0.22053	0.06454	0.19968	0.02555	0.02655	0.03822	0.03716	0.00874	0.00257	0.00713	0.00787	0.13241	0.01123
2	0.01541	0.01385	0.02250	0.42337	0.11429	0.01665	0.01959	0.01942	0.01560	0.02072	0.01710	0.02892	0.01519	0.01156	0.01186	0.05945	0.08206	0.07980	0.00401	0.00865
3	0.01270	0.07060	0.01326	0.01056	0.01281	0.00952	0.00810	0.01584	0.02051	0.05319	0.45822	0.16702	0.08441	0.01676	0.00906	0.00255	0.00443	0.01471	0.00802	0.00774
4	0.00983	0.00697	0.00915	0.01083	0.01125	0.00655	0.00713	0.01109	0.01486	0.01981	0.04205	0.65730	0.05036	0.08653	0.01280	0.00362	0.00487	0.02157	0.00713	0.00630
5	0.01861	0.02108	0.04505	0.03244	0.03984	0.02038	0.59452	0.02491	0.01821	0.02491	0.01561	0.02108	0.01191	0.00724	0.01065	0.00274	0.06715	0.00917	0.00397	0.01054
6	0.02046	0.01523	0.01689	0.01518	0.01948	0.01683	0.01198	0.03733	0.47397	0.11494	0.06232	0.03698	0.05227	0.01210	0.00839	0.00272	0.00622	0.05664	0.00824	0.01182
7	0.02060	0.65743	0.03984	0.07998	0.02366	0.03005	0.01438	0.02341	0.01609	0.01881	0.01132	0.01353	0.01021	0.00689	0.00536	0.00179	0.00868	0.00451	0.00340	0.01004
8	0.01592	0.01354	0.01588	0.01169	0.01823	0.01025	0.00924	0.01927	0.01635	0.02541	0.01639	0.07071	0.01490	0.00734	0.00620	0.00133	0.00577	0.00608	0.00490	0.71059
9	0.18871	0.01677	0.01946	0.11113	0.02542	0.01795	0.01355	0.22788	0.02447	0.24701	0.02063	0.02061	0.01404	0.00893	0.00730	0.00246	0.00779	0.00679	0.00728	0.01179
10	0.02025	0.01730	0.01823	0.01624	0.02082	0.01997	0.01268	0.07270	0.62610	0.03402	0.03160	0.02905	0.02366	0.01070	0.00806	0.00267	0.00640	0.00887	0.00806	0.01260
11	0.00966	0.00690	0.00920	0.01104	0.01150	0.00644	0.00736	0.01104	0.01518	0.02024	0.04371	0.71614	0.05245	0.02484	0.01012	0.00322	0.00460	0.02254	0.00736	0.00644
12	0.01049	0.00818	0.01227	0.01284	0.01403	0.00763	0.05779	0.01240	0.01569	0.02083	0.04281	0.61277	0.07184	0.02312	0.01007	0.00317	0.00538	0.04477	0.00709	0.00682
13	0.01709	0.01697	0.02379	0.02047	0.02053	0.02367	0.01703	0.01887	0.01217	0.01905	0.01088	0.01794	0.01082	0.01585	0.05466	0.00387	0.67723	0.00701	0.00350	0.00861
14	0.00985	0.00715	0.00934	0.01095	0.01170	0.00663	0.00754	0.01148	0.01583	0.02093	0.06914	0.61110	0.10048	0.02401	0.01008	0.00317	0.00466	0.05199	0.00741	0.00654
15	0.00941	0.00788	0.00820	0.00845	0.01082	0.00666	0.00621	0.01133	0.01767	0.02126	0.07525	0.16516	0.58307	0.02074	0.00948	0.00275	0.00410	0.01754	0.00736	0.00666
16	0.02666	0.02145	0.02983	0.02228	0.02901	0.02265	0.19164	0.42337	0.05889	0.06393	0.01920	0.02044	0.01376	0.00879	0.00834	0.00248	0.00986	0.00787	0.00690	0.01266
17	0.01771	0.02371	0.23258	0.01719	0.02379	0.01751	0.01722	0.08098	0.28727	0.03088	0.09031	0.03102	0.07358	0.01086	0.00811	0.00259	0.00783	0.00893	0.00653	0.01141
18	0.00966	0.00690	0.00920	0.01104	0.01150	0.00644	0.00736	0.01104	0.01518	0.02024	0.04371	0.71614	0.05245	0.02484	0.01012	0.00322	0.00460	0.02254	0.00736	0.00644
19	0.01590	0.04102	0.68023	0.02260	0.03432	0.01842	0.02930	0.02511	0.01674	0.02511	0.01423	0.01674	0.01005	0.00753	0.00753	0.00251	0.01172	0.00586	0.00335	0.01172
20	0.08273	0.01471	0.02266	0.14204	0.07770	0.01465	0.09892	0.02873	0.03980	0.27869	0.05424	0.02688	0.04066	0.00931	0.00794	0.00251	0.00814	0.00825	0.03035	0.01109
21	0.03558	0.01350	0.01840	0.01411	0.02024	0.01166	0.01166	0.03865	0.02270	0.67734	0.03128	0.02699	0.01963	0.00981	0.00797	0.00245	0.00675	0.00797	0.00981	0.01350
22	0.00966	0.00690	0.00920	0.01104	0.01150	0.00644	0.00736	0.01104	0.01518	0.02024	0.04371	0.71614	0.05245	0.02484	0.01012	0.00322	0.00460	0.02254	0.00736	0.00644
23	0.03301	0.08395	0.04667	0.01471	0.02114	0.01482	0.01279	0.08374	0.02296	0.53992	0.02772	0.02460	0.01787	0.00941	0.00768	0.00238	0.00726	0.00747	0.00880	0.01311
24	0.02660	0.02303	0.23381	0.01720	0.02489	0.01517	0.01755	0.03481	0.12386	0.36036	0.02589	0.02408	0.01725	0.00923	0.00785	0.00251	0.00829	0.00745	0.00743	0.01276
25	0.01248	0.00848	0.01135	0.01193	0.01375	0.00803	0.00948	0.01565	0.01941	0.05474	0.27316	0.19223	0.08335	0.01975	0.01001	0.00305	0.00532	0.23241	0.00795	0.00745
26	0.01963	0.01884	0.03219	0.04867	0.67185	0.01884	0.02434	0.02434	0.01806	0.02591	0.01492	0.01963	0.01256	0.00707	0.00785	0.00236	0.00942	0.00707	0.00393	0.01256
27	0.02379	0.01905	0.02022	0.01696	0.02217	0.02162	0.01353	0.27743	0.41561	0.03973	0.02711	0.02547	0.02003	0.01028	0.00802	0.00257	0.00723	0.00825	0.00802	0.01292
28	0.08279	0.02429	0.02110	0.01768	0.02289	0.18848	0.01402	0.29530	0.18720	0.03709	0.02007	0.02004	0.01499	0.00933	0.00755	0.00238	0.00931	0.00688	0.00678	0.01182
29	0.01735	0.01735	0.02429	0.02082	0.02082	0.02429	0.01735	0.01908	0.01214	0.01908	0.01041	0.01735	0.01041	0.01388	0.02602	0.00347	0.70680	0.00694	0.00347	0.00867
30	0.03133	0.01636	0.01878	0.01602	0.02073	0.01502	0.01219	0.09161	0.05236	0.32079	0.03242	0.03412	0.02413	0.01326	0.00951	0.00330	0.00780	0.00938	0.25698	0.01390
31	0.02069	0.01791	0.02673	0.63952	0.05494	0.02022	0.02318	0.02384	0.01922	0.02546	0.01977	0.02864	0.01611	0.01173	0.01026	0.00366	0.01208	0.00877	0.00556	0.01170
32	0.02069	0.01791	0.02673	0.63952	0.05494	0.02022	0.02318	0.02384	0.01922	0.02546	0.01977	0.02864	0.01611	0.01173	0.01026	0.00366	0.01208	0.00877	0.00556	0.01170
33	0.01562	0.01243	0.01250	0.01224	0.01527	0.01035	0.00873	0.01582	0.02123	0.02651	0.07962	0.07850	0.61071	0.02271	0.01157	0.00369	0.00616	0.01753	0.00903	0.00979
34	0.01237	0.00767	0.01022	0.01140	0.01245	0.00711	0.00792	0.01396	0.01590	0.08357	0.04171	0.59648	0.04807	0.05009	0.01112	0.00334	0.00505	0.04697	0.00750	0.00710
35	0.01512	0.01409	0.02308	0.63567	0.05116	0.01694	0.02080	0.02023	0.01591	0.02080	0.01409	0.02069	0.01068	0.00773	0.00773	0.00250	0.01012	0.00682	0.00364	0.08219
36	0.02967	0.03629	0.02260	0.02022	0.02452	0.62536	0.01530	0.09085	0.02390	0.02236	0.01291	0.01476	0.01053	0.00830	0.00723	0.00208	0.01376	0.00530	0.00446	0.00961

[dist]
# distance from previous block
# <min> <max>
0	2

# created by:
# /st0/software/busco_prod/Augustus/scripts/msa2prfl.pl ./align_prep/119602.fa
