[name]
unknown

[dist]
# distance from previous block
# <min> <max>
0	40

[block]
# block no. 0 follows, 25 sequences, length 17
# corresponding to MSA columns:
# 40-56
name=unknown_A
#
# <colnr> <probs for GDERKNQSTAVLIFYWHMCP>
#	G	D	E	R	K	N	Q	S	T	A	V	L	I	F	Y	W	H	M	C	P
0	0.01388	0.01014	0.01348	0.01430	0.01677	0.01003	0.01239	0.05826	0.01894	0.02505	0.03750	0.07750	0.04003	0.01943	0.01014	0.00330	0.00712	0.53878	0.00699	0.06598
1	0.02942	0.01573	0.01993	0.06101	0.02288	0.01618	0.01326	0.21194	0.02508	0.37473	0.05566	0.02458	0.01880	0.01000	0.00919	0.00247	0.06105	0.00773	0.00814	0.01225
2	0.01571	0.01514	0.02581	0.48414	0.11401	0.01740	0.08242	0.02065	0.01586	0.02124	0.01387	0.02000	0.01076	0.00769	0.00863	0.00249	0.04613	0.00693	0.00362	0.06750
3	0.01112	0.00812	0.01151	0.01151	0.01257	0.00918	0.00851	0.01324	0.01218	0.01730	0.02164	0.03526	0.02147	0.21671	0.54107	0.01129	0.01763	0.00901	0.00428	0.00640
4	0.00945	0.00675	0.00900	0.01080	0.01125	0.00630	0.00720	0.01080	0.01484	0.01979	0.04274	0.72245	0.05128	0.02429	0.00990	0.00315	0.00450	0.02204	0.00720	0.00630
5	0.01589	0.01505	0.02551	0.52771	0.22483	0.01755	0.02215	0.02090	0.01609	0.02132	0.01400	0.02027	0.01087	0.00752	0.00773	0.00251	0.01003	0.00690	0.00355	0.00962
6	0.01385	0.01207	0.01636	0.01484	0.01509	0.01549	0.01142	0.01516	0.01192	0.01745	0.01794	0.06220	0.01930	0.24858	0.13899	0.00618	0.34298	0.00916	0.00411	0.00692
7	0.01128	0.00752	0.00846	0.00846	0.00846	0.00752	0.00470	0.01128	0.01128	0.01503	0.02443	0.05074	0.02819	0.72751	0.03946	0.00752	0.00752	0.01128	0.00470	0.00470
8	0.01990	0.01696	0.01788	0.01590	0.02040	0.01957	0.01242	0.07835	0.62697	0.03343	0.03077	0.02830	0.02303	0.01045	0.00788	0.00261	0.00628	0.00866	0.00788	0.01233
9	0.02652	0.01373	0.01689	0.01397	0.01890	0.01359	0.01119	0.03608	0.24250	0.37988	0.11097	0.03118	0.02743	0.01069	0.00800	0.00248	0.00607	0.00890	0.00888	0.01215
10	0.01097	0.00793	0.01036	0.00975	0.01158	0.00732	0.00732	0.01463	0.02195	0.03109	0.67505	0.05792	0.07316	0.01585	0.00914	0.00244	0.00366	0.01402	0.00854	0.00732
11	0.78228	0.01499	0.01140	0.01020	0.01499	0.01739	0.00840	0.02279	0.01320	0.03479	0.01080	0.01260	0.00840	0.00720	0.00480	0.00240	0.00600	0.00420	0.00480	0.00840
12	0.02073	0.73217	0.04063	0.01327	0.01990	0.03068	0.01327	0.02322	0.01575	0.01824	0.01078	0.01244	0.00995	0.00663	0.00498	0.00166	0.00829	0.00415	0.00332	0.00995
13	0.01957	0.15522	0.16429	0.02337	0.11635	0.16438	0.10082	0.02418	0.01836	0.02280	0.07681	0.04574	0.01797	0.00861	0.00739	0.00224	0.01033	0.00727	0.00424	0.01006
14	0.01745	0.01823	0.03204	0.07874	0.08890	0.02135	0.23792	0.02135	0.01489	0.02149	0.01275	0.01881	0.01093	0.01010	0.01687	0.00296	0.35445	0.00762	0.00362	0.00952
15	0.01858	0.07409	0.02692	0.02025	0.05784	0.04480	0.15589	0.07189	0.04409	0.02605	0.05770	0.02050	0.01588	0.00826	0.00955	0.00213	0.09771	0.00696	0.00476	0.23615
16	0.21885	0.01629	0.01651	0.04281	0.01981	0.06725	0.01132	0.12134	0.07292	0.20146	0.11245	0.02517	0.02243	0.00970	0.00716	0.00239	0.00700	0.00746	0.00713	0.01056

[dist]
# distance from previous block
# <min> <max>
5	15

[block]
# block no. 1 follows, 25 sequences, length 14
# corresponding to MSA columns:
# 72-85
name=unknown_B
#
# <colnr> <probs for GDERKNQSTAVLIFYWHMCP>
#	G	D	E	R	K	N	Q	S	T	A	V	L	I	F	Y	W	H	M	C	P
0	0.01210	0.01283	0.08256	0.01411	0.01595	0.01158	0.01168	0.01443	0.01441	0.02034	0.03097	0.45475	0.03573	0.01915	0.01284	0.00302	0.16192	0.01603	0.00581	0.04978
1	0.01609	0.01578	0.02203	0.01925	0.01930	0.02172	0.01583	0.01775	0.01222	0.01879	0.01396	0.09895	0.01496	0.01482	0.02364	0.00336	0.63094	0.00856	0.00383	0.00823
2	0.09685	0.10859	0.32009	0.01811	0.05492	0.01743	0.01899	0.02416	0.06396	0.05152	0.12954	0.02412	0.02211	0.00902	0.00720	0.00236	0.00850	0.00717	0.00495	0.01041
3	0.02141	0.12338	0.01923	0.01296	0.01749	0.06510	0.01053	0.04207	0.08657	0.18461	0.18123	0.03137	0.03028	0.04991	0.00918	0.00244	0.00665	0.00849	0.00695	0.09019
4	0.06542	0.01739	0.01984	0.07557	0.02374	0.01848	0.01327	0.36613	0.02749	0.10666	0.02100	0.09156	0.01706	0.01025	0.00761	0.00232	0.00764	0.00821	0.00702	0.09336
5	0.16485	0.11598	0.30017	0.01602	0.02377	0.01732	0.01780	0.02435	0.01692	0.10311	0.08299	0.02058	0.01725	0.00831	0.00674	0.00228	0.00840	0.00628	0.00490	0.04196
6	0.06554	0.25068	0.38768	0.01792	0.02700	0.02132	0.02115	0.02518	0.01649	0.08049	0.01420	0.01579	0.01059	0.00732	0.00651	0.00220	0.00972	0.00532	0.00393	0.01096
7	0.01178	0.00974	0.01455	0.08517	0.01907	0.00994	0.06507	0.01613	0.08334	0.02156	0.03623	0.51659	0.04074	0.01960	0.00940	0.00299	0.00602	0.01797	0.00660	0.00752
8	0.13858	0.03110	0.41015	0.04765	0.02941	0.01919	0.02217	0.16037	0.02019	0.03123	0.01444	0.01644	0.01035	0.00778	0.00706	0.00242	0.00992	0.00581	0.00449	0.01124
9	0.02101	0.01358	0.01818	0.07375	0.02227	0.01188	0.04048	0.05337	0.01900	0.20242	0.06048	0.06116	0.01950	0.00879	0.00715	0.00192	0.00664	0.00751	0.00633	0.34458
10	0.03032	0.01766	0.09634	0.01543	0.02192	0.01444	0.01387	0.10695	0.09050	0.46685	0.02738	0.02460	0.01789	0.00940	0.00775	0.00242	0.00734	0.00757	0.00847	0.01290
11	0.02167	0.01534	0.02080	0.10225	0.15644	0.01633	0.01560	0.05498	0.23369	0.16619	0.02636	0.03112	0.02065	0.01035	0.00810	0.00260	0.00753	0.07162	0.00683	0.01155
12	0.50292	0.08930	0.01859	0.01296	0.01859	0.01783	0.07295	0.02251	0.01444	0.03054	0.01177	0.01397	0.00940	0.00684	0.00540	0.00214	0.00690	0.00475	0.00453	0.13368
13	0.01709	0.07912	0.03269	0.09533	0.03218	0.01809	0.32170	0.02464	0.10676	0.02541	0.09443	0.04229	0.02117	0.00869	0.00833	0.00245	0.00977	0.00909	0.00501	0.04574

[dist]
# distance from previous block
# <min> <max>
2	4

[block]
# block no. 2 follows, 25 sequences, length 52
# corresponding to MSA columns:
# 90-141
name=unknown_C
#
# <colnr> <probs for GDERKNQSTAVLIFYWHMCP>
#	G	D	E	R	K	N	Q	S	T	A	V	L	I	F	Y	W	H	M	C	P
0	0.02339	0.01737	0.05835	0.06766	0.02585	0.01604	0.09258	0.09505	0.16097	0.20844	0.02296	0.02289	0.01627	0.00853	0.00763	0.00229	0.00790	0.00741	0.00676	0.13166
1	0.01037	0.00787	0.01028	0.04455	0.01376	0.00730	0.00792	0.01250	0.01645	0.02219	0.15014	0.46257	0.11392	0.02034	0.00931	0.00281	0.00467	0.01820	0.00707	0.05777
2	0.02101	0.01751	0.01850	0.01613	0.02082	0.02009	0.01269	0.14465	0.55888	0.03521	0.02937	0.02719	0.02190	0.01031	0.00787	0.00258	0.00654	0.00846	0.00787	0.01243
3	0.01118	0.00748	0.00849	0.00858	0.00861	0.00745	0.00483	0.01125	0.01147	0.01529	0.02543	0.08726	0.02944	0.68927	0.03786	0.00728	0.00735	0.01186	0.00483	0.00479
4	0.01496	0.01440	0.02520	0.65057	0.05229	0.01743	0.07581	0.02024	0.01575	0.02024	0.01395	0.02069	0.01046	0.00765	0.00787	0.00259	0.01057	0.00709	0.00349	0.00877
5	0.05574	0.50097	0.16401	0.01584	0.02336	0.02631	0.04839	0.02409	0.01613	0.04592	0.01239	0.01417	0.01030	0.00691	0.00575	0.00192	0.00898	0.00485	0.00365	0.01032
6	0.06764	0.02016	0.02276	0.01752	0.02362	0.02187	0.04043	0.49947	0.05793	0.11987	0.01999	0.01971	0.01399	0.00917	0.00767	0.00236	0.00827	0.00709	0.00766	0.01279
7	0.01000	0.00695	0.00912	0.01076	0.01136	0.00657	0.00738	0.01159	0.01502	0.02041	0.04107	0.61911	0.04833	0.04421	0.01058	0.00323	0.00472	0.06214	0.05110	0.00636
8	0.01789	0.01714	0.02997	0.19070	0.44866	0.01778	0.08370	0.02276	0.01718	0.02422	0.01499	0.02012	0.01214	0.00715	0.00774	0.00237	0.00959	0.00714	0.03770	0.01107
9	0.01555	0.01471	0.02259	0.55090	0.09585	0.05102	0.02016	0.02001	0.01586	0.02007	0.01522	0.02399	0.01249	0.00938	0.00897	0.04038	0.01009	0.04050	0.00370	0.00858
10	0.00945	0.00675	0.00900	0.01080	0.01125	0.00630	0.00720	0.01080	0.01484	0.01979	0.04274	0.72245	0.05128	0.02429	0.00990	0.00315	0.00450	0.02204	0.00720	0.00630
11	0.01113	0.00808	0.01132	0.01132	0.01231	0.00907	0.00827	0.01311	0.01212	0.01715	0.02181	0.03625	0.02190	0.24909	0.50927	0.01105	0.01699	0.00915	0.00431	0.00629
12	0.08682	0.01908	0.02031	0.01610	0.02171	0.02101	0.01317	0.43632	0.12236	0.09490	0.02113	0.02074	0.01511	0.00932	0.00743	0.00236	0.00760	0.00709	0.04504	0.01239
13	0.02873	0.02135	0.02285	0.01769	0.02376	0.02370	0.01456	0.60862	0.08234	0.04767	0.01956	0.01937	0.01395	0.00940	0.00777	0.00235	0.00836	0.00711	0.00777	0.01312
14	0.01984	0.22802	0.33287	0.01999	0.02855	0.11261	0.07842	0.02563	0.01737	0.04966	0.01365	0.01579	0.01045	0.00727	0.00684	0.00219	0.01087	0.00559	0.00371	0.01069
15	0.01548	0.01467	0.02461	0.57251	0.15386	0.01769	0.02171	0.02041	0.01570	0.02066	0.01376	0.02028	0.01065	0.00786	0.00848	0.00257	0.03949	0.00689	0.00351	0.00920
16	0.01128	0.00752	0.00846	0.00846	0.00846	0.00752	0.00470	0.01128	0.01128	0.01503	0.02443	0.05074	0.02819	0.72751	0.03946	0.00752	0.00752	0.01128	0.00470	0.00470
17	0.01830	0.02092	0.04575	0.03268	0.04052	0.01961	0.65098	0.02484	0.01830	0.02484	0.01569	0.02092	0.01176	0.00654	0.00915	0.00261	0.01307	0.00915	0.00392	0.01046
18	0.01007	0.00789	0.00911	0.00881	0.01103	0.00693	0.00660	0.01288	0.01981	0.02603	0.37732	0.06625	0.37404	0.01774	0.00915	0.00253	0.00379	0.01519	0.00787	0.00693
19	0.04635	0.01075	0.01359	0.01228	0.01551	0.01023	0.00937	0.05547	0.05698	0.25155	0.13464	0.28038	0.03874	0.01581	0.00866	0.00268	0.00544	0.01378	0.00821	0.00958
20	0.01087	0.00792	0.01022	0.00965	0.01152	0.00727	0.00723	0.01443	0.02170	0.03051	0.64074	0.05888	0.10783	0.01607	0.00915	0.00245	0.00367	0.01416	0.00846	0.00727
21	0.01097	0.00793	0.01036	0.00975	0.01158	0.00732	0.00732	0.01463	0.02195	0.03109	0.67505	0.05792	0.07316	0.01585	0.00914	0.00244	0.00366	0.01402	0.00854	0.00732
22	0.01444	0.00744	0.00774	0.00769	0.00954	0.00729	0.00569	0.01768	0.01627	0.04833	0.02931	0.06475	0.05939	0.03902	0.00728	0.00216	0.00392	0.00862	0.63621	0.00723
23	0.00958	0.00684	0.00915	0.01095	0.01146	0.00641	0.00743	0.01103	0.01498	0.01994	0.04266	0.69434	0.05099	0.02416	0.00993	0.00317	0.00462	0.04882	0.00719	0.00634
24	0.01082	0.00792	0.01015	0.00960	0.01149	0.00725	0.00720	0.01434	0.02159	0.03024	0.62517	0.05931	0.12357	0.01617	0.00915	0.00245	0.00368	0.01422	0.00842	0.00725
25	0.00969	0.00788	0.00859	0.00841	0.01080	0.00677	0.00631	0.01215	0.01892	0.02392	0.25316	0.06973	0.49953	0.01853	0.00916	0.00257	0.00385	0.01568	0.00759	0.00677
26	0.00960	0.00686	0.00918	0.01097	0.01149	0.00643	0.00747	0.01107	0.01500	0.01997	0.04265	0.69004	0.05094	0.02414	0.00994	0.00317	0.00463	0.05292	0.00719	0.00634
27	0.02073	0.73217	0.04063	0.01327	0.01990	0.03068	0.01327	0.02322	0.01575	0.01824	0.01078	0.01244	0.00995	0.00663	0.00498	0.00166	0.00829	0.00415	0.00332	0.00995
28	0.03479	0.01320	0.01799	0.01380	0.01979	0.01140	0.01140	0.03779	0.02219	0.68451	0.03059	0.02639	0.01919	0.00960	0.00780	0.00240	0.00660	0.00780	0.00960	0.01320
29	0.01050	0.00820	0.00899	0.00896	0.01078	0.00759	0.00629	0.01335	0.05385	0.02154	0.14198	0.11933	0.35365	0.18192	0.01612	0.00377	0.00489	0.01492	0.00685	0.00653
30	0.01128	0.00752	0.00846	0.00846	0.00846	0.00752	0.00470	0.01128	0.01128	0.01503	0.02443	0.05074	0.02819	0.72751	0.03946	0.00752	0.00752	0.01128	0.00470	0.00470
31	0.01097	0.00793	0.01036	0.00975	0.01158	0.00732	0.00732	0.01463	0.02195	0.03109	0.67505	0.05792	0.07316	0.01585	0.00914	0.00244	0.00366	0.01402	0.00854	0.00732
32	0.00966	0.00690	0.00925	0.01104	0.01159	0.00648	0.00757	0.01117	0.01506	0.02004	0.04262	0.67721	0.05081	0.02409	0.00995	0.00318	0.00469	0.06514	0.00719	0.00636
33	0.05477	0.01040	0.01267	0.01066	0.01458	0.00947	0.00850	0.02603	0.01957	0.32504	0.10035	0.03535	0.10013	0.01114	0.00729	0.00226	0.00510	0.00911	0.22769	0.00991
34	0.01571	0.03900	0.65043	0.02271	0.03396	0.01810	0.06444	0.02457	0.01648	0.02457	0.01402	0.01663	0.00993	0.00732	0.00747	0.00246	0.01155	0.00593	0.00331	0.01140
35	0.00951	0.00680	0.00905	0.01075	0.01126	0.00634	0.00720	0.01096	0.01514	0.02027	0.06916	0.69468	0.05220	0.02394	0.00987	0.00312	0.00446	0.02171	0.00725	0.00634
36	0.00945	0.00675	0.00900	0.01080	0.01125	0.00630	0.00720	0.01080	0.01484	0.01979	0.04274	0.72245	0.05128	0.02429	0.00990	0.00315	0.00450	0.02204	0.00720	0.00630
37	0.00943	0.00764	0.00841	0.00897	0.01099	0.00662	0.00660	0.01133	0.01697	0.02078	0.06734	0.23903	0.48179	0.02092	0.00944	0.00281	0.00426	0.05298	0.00720	0.00652
38	0.02073	0.73217	0.04063	0.01327	0.01990	0.03068	0.01327	0.02322	0.01575	0.01824	0.01078	0.01244	0.00995	0.00663	0.00498	0.00166	0.00829	0.00415	0.00332	0.00995
39	0.00945	0.00675	0.00900	0.01080	0.01125	0.00630	0.00720	0.01080	0.01484	0.01979	0.04274	0.72245	0.05128	0.02429	0.00990	0.00315	0.00450	0.02204	0.00720	0.00630
40	0.02988	0.01991	0.02201	0.01700	0.02307	0.02151	0.01400	0.50924	0.06807	0.16237	0.02147	0.02058	0.01484	0.00943	0.00777	0.00236	0.00805	0.00722	0.00809	0.01314
41	0.00988	0.00788	0.00885	0.00861	0.01091	0.00685	0.00646	0.01252	0.01937	0.02498	0.31551	0.06798	0.43651	0.01813	0.00916	0.00255	0.00382	0.01543	0.00773	0.00685
42	0.00924	0.00786	0.00796	0.00793	0.01052	0.00658	0.00595	0.01127	0.01785	0.02137	0.10340	0.07392	0.65088	0.01948	0.00916	0.00261	0.00392	0.01627	0.00726	0.00658
43	0.01903	0.06055	0.10858	0.04022	0.47408	0.03874	0.09848	0.02418	0.01761	0.02461	0.01436	0.01856	0.01175	0.00693	0.00765	0.00231	0.01002	0.00684	0.00376	0.01175
44	0.01823	0.00965	0.01263	0.01196	0.01454	0.00894	0.00888	0.05620	0.01910	0.21815	0.11326	0.39803	0.04227	0.01810	0.00907	0.00280	0.00525	0.01603	0.00809	0.00884
45	0.01910	0.40580	0.31663	0.01707	0.02574	0.02445	0.01978	0.02440	0.01629	0.04875	0.01295	0.01470	0.01028	0.00707	0.00612	0.00203	0.00958	0.00498	0.00356	0.01073
46	0.01743	0.01997	0.10287	0.02044	0.02212	0.02308	0.01824	0.05164	0.01366	0.02090	0.01105	0.01698	0.01029	0.01261	0.02239	0.00323	0.59376	0.00667	0.00360	0.00908
47	0.49383	0.04751	0.08865	0.01392	0.01857	0.04425	0.01268	0.02251	0.01371	0.02933	0.01106	0.01389	0.00901	0.00845	0.00913	0.00255	0.14295	0.00489	0.00427	0.00883
48	0.01743	0.01753	0.02474	0.16139	0.12766	0.05457	0.01882	0.02027	0.01397	0.01992	0.01166	0.01789	0.01052	0.01112	0.01831	0.00300	0.43183	0.00674	0.00350	0.00911
49	0.00979	0.00780	0.00878	0.00870	0.01090	0.00679	0.00646	0.01228	0.01891	0.02428	0.27703	0.11514	0.42833	0.01869	0.00921	0.00260	0.00388	0.01598	0.00765	0.00679
50	0.03242	0.01269	0.01714	0.01332	0.01895	0.01097	0.01094	0.03540	0.02196	0.62147	0.06307	0.03023	0.05387	0.01038	0.00793	0.00241	0.00633	0.00851	0.00943	0.01259
51	0.01608	0.01378	0.01608	0.01148	0.01837	0.01034	0.00919	0.01952	0.01608	0.02527	0.01378	0.01608	0.01148	0.00574	0.00574	0.00115	0.00574	0.00459	0.00459	0.77491

[dist]
# distance from previous block
# <min> <max>
0	39

[block]
# block no. 3 follows, 25 sequences, length 60
# corresponding to MSA columns:
# 181-240
name=unknown_D
#
# <colnr> <probs for GDERKNQSTAVLIFYWHMCP>
#	G	D	E	R	K	N	Q	S	T	A	V	L	I	F	Y	W	H	M	C	P
0	0.01713	0.02921	0.32560	0.02862	0.06173	0.01886	0.35519	0.02467	0.01743	0.02473	0.01487	0.01886	0.01094	0.00691	0.00831	0.00253	0.01222	0.00757	0.00364	0.01096
1	0.01082	0.00792	0.01016	0.00960	0.01149	0.00725	0.00720	0.01434	0.02160	0.03026	0.62597	0.05929	0.12276	0.01616	0.00915	0.00245	0.00368	0.01421	0.00843	0.00725
2	0.01128	0.00752	0.00846	0.00846	0.00846	0.00752	0.00470	0.01128	0.01128	0.01503	0.02443	0.05074	0.02819	0.72751	0.03946	0.00752	0.00752	0.01128	0.00470	0.00470
3	0.01696	0.01696	0.02375	0.02036	0.02036	0.02375	0.01696	0.01866	0.01187	0.01866	0.01018	0.01696	0.01018	0.01357	0.02545	0.00339	0.71332	0.00679	0.00339	0.00848
4	0.01098	0.00821	0.01225	0.01236	0.01368	0.00948	0.00954	0.01366	0.01261	0.01811	0.02213	0.07339	0.02136	0.05605	0.65417	0.01188	0.01976	0.00916	0.00434	0.00688
5	0.00945	0.00675	0.00900	0.01080	0.01125	0.00630	0.00720	0.01080	0.01484	0.01979	0.04274	0.72245	0.05128	0.02429	0.00990	0.00315	0.00450	0.02204	0.00720	0.00630
6	0.02947	0.02172	0.02327	0.01784	0.02404	0.02404	0.01474	0.65329	0.03646	0.04887	0.01862	0.01862	0.01319	0.00931	0.00776	0.00233	0.00853	0.00698	0.00776	0.01319
7	0.00945	0.00675	0.00900	0.01080	0.01125	0.00630	0.00720	0.01080	0.01484	0.01979	0.04274	0.72245	0.05128	0.02429	0.00990	0.00315	0.00450	0.02204	0.00720	0.00630
8	0.03479	0.01320	0.01799	0.01380	0.01979	0.01140	0.01140	0.03779	0.02219	0.68451	0.03059	0.02639	0.01919	0.00960	0.00780	0.00240	0.00660	0.00780	0.00960	0.01320
9	0.00960	0.00693	0.00909	0.01054	0.01125	0.00642	0.00715	0.01123	0.01574	0.02107	0.11268	0.62014	0.08313	0.02316	0.00978	0.00305	0.00438	0.02091	0.00734	0.00642
10	0.00952	0.00680	0.00906	0.01075	0.01126	0.00635	0.00720	0.01098	0.01518	0.02033	0.07292	0.69073	0.05233	0.02389	0.00986	0.00311	0.00446	0.02166	0.00726	0.00635
11	0.01929	0.01666	0.01753	0.01578	0.02016	0.01929	0.01227	0.04120	0.66513	0.03243	0.03156	0.02893	0.02367	0.01052	0.00789	0.00263	0.00614	0.00877	0.00789	0.01227
12	0.01126	0.00754	0.00857	0.00854	0.00865	0.00750	0.00486	0.01148	0.01194	0.01603	0.06479	0.05119	0.03098	0.68336	0.03758	0.00720	0.00728	0.01145	0.00494	0.00486
13	0.01128	0.00752	0.00846	0.00846	0.00846	0.00752	0.00470	0.01128	0.01128	0.01503	0.02443	0.05074	0.02819	0.72751	0.03946	0.00752	0.00752	0.01128	0.00470	0.00470
14	0.01208	0.00872	0.01191	0.01324	0.01508	0.00855	0.01135	0.01556	0.01844	0.02422	0.13591	0.08239	0.08588	0.02050	0.01039	0.00335	0.00644	0.50151	0.00735	0.00713
15	0.01102	0.00795	0.01047	0.01017	0.01193	0.00740	0.00773	0.01457	0.02128	0.02992	0.59418	0.09166	0.06983	0.01670	0.00931	0.00256	0.00398	0.06373	0.00836	0.00725
16	0.01555	0.04011	0.68733	0.02210	0.03356	0.01801	0.02865	0.02455	0.01637	0.02455	0.01391	0.01637	0.00982	0.00737	0.00737	0.00246	0.01146	0.00573	0.00327	0.01146
17	0.00943	0.00681	0.00893	0.01063	0.01120	0.00631	0.00712	0.01082	0.01501	0.01986	0.04479	0.68520	0.08720	0.02402	0.00985	0.00312	0.00447	0.02172	0.00720	0.00631
18	0.02863	0.01288	0.01671	0.01348	0.01848	0.01182	0.01095	0.10025	0.02289	0.46328	0.08429	0.08149	0.05307	0.01195	0.00821	0.00250	0.00634	0.03209	0.00895	0.01174
19	0.68430	0.01399	0.01106	0.01014	0.01436	0.01606	0.00810	0.02130	0.01320	0.03261	0.01377	0.06324	0.01248	0.05067	0.00718	0.00275	0.00598	0.00583	0.00496	0.00804
20	0.01919	0.01842	0.03147	0.04759	0.67914	0.01842	0.02380	0.02380	0.01765	0.02533	0.01458	0.01919	0.01228	0.00691	0.00768	0.00230	0.00921	0.00691	0.00384	0.01228
21	0.00939	0.00695	0.00879	0.01026	0.01110	0.00634	0.00696	0.01086	0.01536	0.02000	0.04931	0.60359	0.16590	0.02344	0.00976	0.00305	0.00439	0.02100	0.00720	0.00634
22	0.01122	0.00773	0.00952	0.00952	0.00989	0.00809	0.00602	0.01196	0.01159	0.01582	0.02346	0.04536	0.02585	0.54979	0.21399	0.00883	0.01104	0.01049	0.00455	0.00529
23	0.03246	0.01296	0.01743	0.01359	0.01922	0.01143	0.01114	0.03628	0.04862	0.61123	0.07645	0.02874	0.02321	0.01008	0.00790	0.00241	0.00637	0.00828	0.00945	0.01274
24	0.01115	0.00801	0.01095	0.01095	0.01181	0.00887	0.00780	0.01287	0.01201	0.01688	0.02215	0.03813	0.02271	0.31122	0.44827	0.01059	0.01576	0.00943	0.00436	0.00608
25	0.01511	0.01458	0.02504	0.60249	0.04981	0.01792	0.06992	0.02011	0.01544	0.02011	0.01365	0.02040	0.01043	0.00811	0.00925	0.00265	0.06570	0.00706	0.00348	0.00875
26	0.01058	0.00746	0.01000	0.01224	0.04297	0.00711	0.00790	0.01233	0.01508	0.02087	0.03890	0.57185	0.04520	0.05046	0.01059	0.00317	0.00485	0.04089	0.08092	0.00664
27	0.01591	0.08768	0.64288	0.02149	0.03262	0.01888	0.02759	0.02446	0.01633	0.02412	0.01370	0.01610	0.00983	0.00732	0.00720	0.00240	0.01124	0.00562	0.00328	0.01136
28	0.01128	0.00752	0.00846	0.00846	0.00846	0.00752	0.00470	0.01128	0.01128	0.01503	0.02443	0.05074	0.02819	0.72751	0.03946	0.00752	0.00752	0.01128	0.00470	0.00470
29	0.01106	0.00747	0.00847	0.00860	0.00874	0.00739	0.00493	0.01123	0.01179	0.01562	0.02791	0.10058	0.05559	0.64821	0.03611	0.00700	0.00715	0.01226	0.00498	0.00489
30	0.01679	0.05184	0.05524	0.06852	0.12040	0.01989	0.16536	0.02063	0.01496	0.02134	0.01479	0.05246	0.01343	0.01376	0.06387	0.00353	0.26187	0.00802	0.00381	0.00946
31	0.01696	0.01696	0.02375	0.02036	0.02036	0.02375	0.01696	0.01866	0.01187	0.01866	0.01018	0.01696	0.01018	0.01357	0.02545	0.00339	0.71332	0.00679	0.00339	0.00848
32	0.01892	0.01815	0.03099	0.08643	0.64239	0.01835	0.02366	0.02356	0.01753	0.02501	0.01454	0.01928	0.01217	0.00696	0.00768	0.00232	0.00928	0.00691	0.00381	0.01207
33	0.01128	0.00752	0.00846	0.00846	0.00846	0.00752	0.00470	0.01128	0.01128	0.01503	0.02443	0.05074	0.02819	0.72751	0.03946	0.00752	0.00752	0.01128	0.00470	0.00470
34	0.01555	0.04011	0.68733	0.02210	0.03356	0.01801	0.02865	0.02455	0.01637	0.02455	0.01391	0.01637	0.00982	0.00737	0.00737	0.00246	0.01146	0.00573	0.00327	0.01146
35	0.01104	0.00797	0.01046	0.00996	0.01179	0.00739	0.00755	0.01470	0.02176	0.03073	0.64595	0.05927	0.07185	0.01611	0.00922	0.00249	0.00382	0.04216	0.00847	0.00731
36	0.01128	0.00752	0.00846	0.00846	0.00846	0.00752	0.00470	0.01128	0.01128	0.01503	0.02443	0.05074	0.02819	0.72751	0.03946	0.00752	0.00752	0.01128	0.00470	0.00470
37	0.02073	0.73217	0.04063	0.01327	0.01990	0.03068	0.01327	0.02322	0.01575	0.01824	0.01078	0.01244	0.00995	0.00663	0.00498	0.00166	0.00829	0.00415	0.00332	0.00995
38	0.58790	0.01453	0.01311	0.01113	0.01624	0.01583	0.00918	0.02669	0.01553	0.20374	0.01594	0.01618	0.01120	0.00782	0.00558	0.00240	0.00615	0.00513	0.00605	0.00964
39	0.00955	0.00726	0.00867	0.00958	0.01087	0.00652	0.00663	0.01122	0.01621	0.02083	0.10220	0.41328	0.27100	0.05521	0.01098	0.00312	0.00438	0.01894	0.00718	0.00639
40	0.01097	0.00793	0.01036	0.00975	0.01158	0.00732	0.00732	0.01463	0.02195	0.03109	0.67505	0.05792	0.07316	0.01585	0.00914	0.00244	0.00366	0.01402	0.00854	0.00732
41	0.01097	0.00793	0.01036	0.00975	0.01158	0.00732	0.00732	0.01463	0.02195	0.03109	0.67505	0.05792	0.07316	0.01585	0.00914	0.00244	0.00366	0.01402	0.00854	0.00732
42	0.01054	0.00792	0.00980	0.00958	0.01155	0.00717	0.00725	0.01367	0.02034	0.02761	0.46177	0.09117	0.22304	0.01748	0.00927	0.00258	0.00396	0.05019	0.00806	0.00707
43	0.01073	0.00785	0.01008	0.00967	0.01147	0.00719	0.00719	0.01411	0.02117	0.02958	0.58821	0.10047	0.11992	0.01668	0.00919	0.00250	0.00373	0.01471	0.00835	0.00719
44	0.02947	0.02172	0.02327	0.01784	0.02404	0.02404	0.01474	0.65329	0.03646	0.04887	0.01862	0.01862	0.01319	0.00931	0.00776	0.00233	0.00853	0.00698	0.00776	0.01319
45	0.01128	0.00752	0.00846	0.00846	0.00846	0.00752	0.00470	0.01128	0.01128	0.01503	0.02443	0.05074	0.02819	0.72751	0.03946	0.00752	0.00752	0.01128	0.00470	0.00470
46	0.01031	0.00790	0.00944	0.00906	0.01117	0.00703	0.00679	0.01334	0.02038	0.02736	0.45560	0.06406	0.29494	0.01724	0.00915	0.00250	0.00376	0.01488	0.00804	0.00703
47	0.00945	0.00675	0.00900	0.01080	0.01125	0.00630	0.00720	0.01080	0.01484	0.01979	0.04274	0.72245	0.05128	0.02429	0.00990	0.00315	0.00450	0.02204	0.00720	0.00630
48	0.02073	0.73217	0.04063	0.01327	0.01990	0.03068	0.01327	0.02322	0.01575	0.01824	0.01078	0.01244	0.00995	0.00663	0.00498	0.00166	0.00829	0.00415	0.00332	0.00995
49	0.00971	0.00788	0.00861	0.00843	0.01081	0.00678	0.00632	0.01218	0.01896	0.02399	0.25777	0.06960	0.49487	0.01850	0.00916	0.00256	0.00385	0.01566	0.00760	0.00678
50	0.01297	0.00838	0.01093	0.01003	0.01225	0.00764	0.00762	0.01651	0.02181	0.08750	0.59626	0.05582	0.09149	0.01545	0.00903	0.00244	0.00392	0.01357	0.00858	0.00780
51	0.01112	0.00784	0.01026	0.01033	0.01096	0.00844	0.00701	0.01240	0.01194	0.01653	0.02350	0.06717	0.02515	0.40318	0.33067	0.00955	0.01330	0.01036	0.00455	0.00575
52	0.00970	0.00821	0.00843	0.00831	0.01094	0.00711	0.00625	0.01258	0.04356	0.02218	0.12266	0.07153	0.60379	0.01899	0.00911	0.00260	0.00399	0.01588	0.00733	0.00683
53	0.01995	0.01290	0.01447	0.01219	0.01493	0.01349	0.00880	0.22974	0.02092	0.09933	0.02315	0.03730	0.02217	0.40814	0.02537	0.00522	0.00776	0.00945	0.00626	0.00847
54	0.01829	0.01715	0.02488	0.14958	0.13498	0.02172	0.01867	0.08961	0.01619	0.02329	0.01249	0.01818	0.01088	0.01095	0.01737	0.00295	0.39238	0.00685	0.00396	0.00965
55	0.01585	0.07990	0.65015	0.02159	0.03277	0.01874	0.02776	0.02448	0.01633	0.02419	0.01373	0.01614	0.00983	0.00732	0.00723	0.00241	0.01128	0.00564	0.00328	0.01137
56	0.02121	0.69134	0.03953	0.01366	0.02014	0.06978	0.01337	0.02367	0.01612	0.01829	0.01085	0.01253	0.00995	0.00671	0.00509	0.00168	0.00863	0.00420	0.00336	0.00989
57	0.03342	0.01289	0.01756	0.01356	0.01932	0.01116	0.01116	0.03646	0.02218	0.64694	0.06764	0.02820	0.02230	0.00996	0.00787	0.00240	0.00643	0.00816	0.00954	0.01286
58	0.01128	0.00752	0.00846	0.00846	0.00846	0.00752	0.00470	0.01128	0.01128	0.01503	0.02443	0.05074	0.02819	0.72751	0.03946	0.00752	0.00752	0.01128	0.00470	0.00470
59	0.02190	0.63450	0.03808	0.01412	0.02047	0.09693	0.01350	0.04901	0.01720	0.01953	0.01121	0.01284	0.01008	0.00688	0.00529	0.00172	0.00887	0.00434	0.00356	0.00998

[dist]
# distance from previous block
# <min> <max>
0	1

[block]
# block no. 4 follows, 25 sequences, length 72
# corresponding to MSA columns:
# 242-313
name=unknown_E
#
# <colnr> <probs for GDERKNQSTAVLIFYWHMCP>
#	G	D	E	R	K	N	Q	S	T	A	V	L	I	F	Y	W	H	M	C	P
0	0.62003	0.01497	0.01305	0.01115	0.01622	0.01664	0.00919	0.05254	0.01576	0.14825	0.01457	0.01525	0.01048	0.00771	0.00545	0.00240	0.00621	0.00494	0.00576	0.00944
1	0.01164	0.00846	0.01121	0.01218	0.01394	0.00816	0.01008	0.01481	0.01831	0.02416	0.18241	0.09512	0.12208	0.05539	0.01161	0.00340	0.00596	0.37678	0.00733	0.00697
2	0.70293	0.01746	0.04867	0.01133	0.01645	0.05138	0.00983	0.02330	0.01381	0.03344	0.01103	0.01287	0.00855	0.00725	0.00505	0.00238	0.00669	0.00432	0.00468	0.00859
3	0.00962	0.00682	0.00894	0.01057	0.01098	0.00642	0.00695	0.01084	0.01450	0.01933	0.04096	0.65727	0.04904	0.09253	0.01277	0.00357	0.00479	0.02100	0.00695	0.00614
4	0.00945	0.00675	0.00900	0.01080	0.01125	0.00630	0.00720	0.01080	0.01484	0.01979	0.04274	0.72245	0.05128	0.02429	0.00990	0.00315	0.00450	0.02204	0.00720	0.00630
5	0.00916	0.00785	0.00785	0.00785	0.01047	0.00655	0.00589	0.01113	0.01767	0.02095	0.07855	0.07462	0.67599	0.01964	0.00916	0.00262	0.00393	0.01636	0.00720	0.00655
6	0.00953	0.00681	0.00907	0.01074	0.01126	0.00635	0.00720	0.01100	0.01523	0.02041	0.07711	0.68632	0.05247	0.02383	0.00986	0.00311	0.00445	0.02161	0.00727	0.00635
7	0.00954	0.00679	0.00897	0.01068	0.01111	0.00636	0.00708	0.01082	0.01467	0.01956	0.04184	0.68961	0.05015	0.05866	0.01134	0.00336	0.00465	0.02152	0.00708	0.00622
8	0.01464	0.01378	0.02326	0.70887	0.05340	0.01723	0.02153	0.01981	0.01550	0.01981	0.01378	0.02067	0.01034	0.00775	0.00775	0.00258	0.01034	0.00689	0.00345	0.00861
9	0.00945	0.00675	0.00900	0.01080	0.01125	0.00630	0.00720	0.01080	0.01484	0.01979	0.04274	0.72245	0.05128	0.02429	0.00990	0.00315	0.00450	0.02204	0.00720	0.00630
10	0.01347	0.00673	0.01010	0.01010	0.01010	0.00673	0.00673	0.01010	0.01010	0.01347	0.01347	0.02357	0.01347	0.02694	0.03030	0.77441	0.00673	0.00673	0.00337	0.00337
11	0.01464	0.01378	0.02326	0.70887	0.05340	0.01723	0.02153	0.01981	0.01550	0.01981	0.01378	0.02067	0.01034	0.00775	0.00775	0.00258	0.01034	0.00689	0.00345	0.00861
12	0.01091	0.00792	0.01027	0.00969	0.01154	0.00729	0.00726	0.01450	0.02179	0.03072	0.65338	0.05852	0.09506	0.01599	0.00915	0.00245	0.00367	0.01411	0.00849	0.00729
13	0.03479	0.01320	0.01799	0.01380	0.01979	0.01140	0.01140	0.03779	0.02219	0.68451	0.03059	0.02639	0.01919	0.00960	0.00780	0.00240	0.00660	0.00780	0.00960	0.01320
14	0.01464	0.01378	0.02326	0.70887	0.05340	0.01723	0.02153	0.01981	0.01550	0.01981	0.01378	0.02067	0.01034	0.00775	0.00775	0.00258	0.01034	0.00689	0.00345	0.00861
15	0.00916	0.00785	0.00785	0.00785	0.01047	0.00655	0.00589	0.01113	0.01767	0.02095	0.07855	0.07462	0.67599	0.01964	0.00916	0.00262	0.00393	0.01636	0.00720	0.00655
16	0.00945	0.00787	0.00825	0.00816	0.01065	0.00667	0.00612	0.01169	0.01835	0.02256	0.17366	0.07196	0.57987	0.01903	0.00916	0.00259	0.00388	0.01599	0.00741	0.00667
17	0.02896	0.03695	0.02197	0.01998	0.02397	0.69638	0.01498	0.03096	0.02197	0.01898	0.01199	0.01398	0.00999	0.00799	0.00699	0.00200	0.01398	0.00499	0.00400	0.00899
18	0.78228	0.01499	0.01140	0.01020	0.01499	0.01739	0.00840	0.02279	0.01320	0.03479	0.01080	0.01260	0.00840	0.00720	0.00480	0.00240	0.00600	0.00420	0.00480	0.00840
19	0.00935	0.00786	0.00811	0.00805	0.01059	0.00662	0.00604	0.01149	0.01811	0.02198	0.13943	0.07291	0.61446	0.01925	0.00916	0.00260	0.00390	0.01612	0.00734	0.00662
20	0.00949	0.00692	0.00894	0.01043	0.01118	0.00638	0.00706	0.01102	0.01550	0.02048	0.07815	0.62035	0.11880	0.02337	0.00978	0.00306	0.00440	0.02104	0.00726	0.00638
21	0.01083	0.00781	0.01028	0.01014	0.01177	0.00725	0.00757	0.01415	0.02070	0.02903	0.54944	0.15645	0.06847	0.01738	0.00934	0.00260	0.00396	0.04742	0.00827	0.00716
22	0.02810	0.02104	0.02250	0.01756	0.02352	0.02341	0.01441	0.57101	0.12096	0.04666	0.02036	0.02000	0.01460	0.00947	0.00777	0.00237	0.00821	0.00722	0.00777	0.01306
23	0.01089	0.00792	0.01024	0.00966	0.01153	0.00728	0.00725	0.01446	0.02174	0.03060	0.64589	0.05873	0.10263	0.01604	0.00915	0.00245	0.00367	0.01414	0.00847	0.00728
24	0.01877	0.02051	0.08602	0.04342	0.53626	0.01856	0.11375	0.02401	0.01764	0.02520	0.01469	0.01921	0.01201	0.00689	0.00786	0.00236	0.00994	0.00713	0.00380	0.01196
25	0.02471	0.02394	0.01953	0.01724	0.02174	0.26077	0.01333	0.07687	0.34062	0.08356	0.02365	0.02271	0.01773	0.00946	0.00755	0.00236	0.00913	0.00722	0.00663	0.01124
26	0.01488	0.01424	0.02471	0.66511	0.05257	0.01738	0.06227	0.02014	0.01568	0.02014	0.01390	0.02069	0.01043	0.00767	0.00784	0.00259	0.01051	0.00704	0.00348	0.00873
27	0.03413	0.01411	0.04084	0.01408	0.02026	0.01162	0.01198	0.03734	0.02199	0.66199	0.03002	0.02605	0.01887	0.00952	0.00778	0.00240	0.00676	0.00773	0.00938	0.01314
28	0.02025	0.34604	0.06798	0.01752	0.02235	0.13116	0.05504	0.02311	0.01590	0.01919	0.01185	0.01538	0.01062	0.01116	0.04733	0.00277	0.16391	0.00548	0.00352	0.00943
29	0.01719	0.01825	0.03356	0.05542	0.03099	0.02077	0.31705	0.02138	0.01510	0.02160	0.01349	0.01970	0.01142	0.01231	0.05193	0.00346	0.31535	0.00799	0.00369	0.00934
30	0.01838	0.01760	0.03026	0.20234	0.46536	0.01840	0.06674	0.04301	0.01779	0.02474	0.01460	0.01964	0.01181	0.00716	0.00780	0.00239	0.00973	0.00706	0.00388	0.01131
31	0.01009	0.00780	0.00922	0.00923	0.01124	0.00693	0.00689	0.01276	0.01918	0.02522	0.32690	0.14107	0.32585	0.01862	0.00930	0.00264	0.00400	0.03845	0.00777	0.00687
32	0.01707	0.02099	0.12423	0.02383	0.05984	0.02203	0.11083	0.02068	0.01377	0.02077	0.01175	0.01757	0.01047	0.01130	0.01951	0.00309	0.47244	0.00698	0.00348	0.00940
33	0.01841	0.01738	0.02939	0.04389	0.61010	0.01735	0.02234	0.02292	0.01790	0.02553	0.05141	0.02469	0.01717	0.00811	0.00791	0.00237	0.00881	0.03830	0.00426	0.01176
34	0.00955	0.00690	0.00905	0.01056	0.01123	0.00639	0.00714	0.01112	0.01556	0.02076	0.09524	0.63518	0.08588	0.02337	0.00980	0.00306	0.00440	0.02110	0.00730	0.00639
35	0.01912	0.01853	0.03187	0.04469	0.59259	0.01856	0.07339	0.02481	0.05251	0.02567	0.01559	0.01985	0.01285	0.00707	0.00781	0.00235	0.00936	0.00719	0.00406	0.01214
36	0.04392	0.07050	0.56874	0.02033	0.03058	0.01821	0.02539	0.02475	0.05006	0.02489	0.01716	0.01903	0.03722	0.00798	0.00725	0.00243	0.01052	0.00618	0.00373	0.01112
37	0.02641	0.02090	0.06423	0.01687	0.02297	0.02111	0.01451	0.48771	0.06684	0.07692	0.02520	0.02463	0.07533	0.01022	0.00787	0.00238	0.00806	0.00791	0.00752	0.01241
38	0.02057	0.02351	0.01751	0.01645	0.01922	0.37415	0.01250	0.02293	0.01751	0.01852	0.01611	0.02171	0.01440	0.03153	0.33068	0.00691	0.01717	0.00655	0.00407	0.00802
39	0.02042	0.59457	0.13329	0.01491	0.02210	0.06462	0.01559	0.02383	0.01618	0.01920	0.01130	0.01309	0.00993	0.00681	0.00543	0.00179	0.00906	0.00442	0.00335	0.01012
40	0.01770	0.01762	0.02424	0.12116	0.05423	0.05718	0.04333	0.04517	0.01441	0.02046	0.01207	0.01891	0.01113	0.03793	0.02028	0.00323	0.46143	0.00698	0.00370	0.00882
41	0.00952	0.00681	0.00907	0.01074	0.01126	0.00635	0.00720	0.01099	0.01520	0.02036	0.07435	0.68923	0.05238	0.02387	0.00986	0.00311	0.00446	0.02164	0.00726	0.00635
42	0.01179	0.00897	0.01160	0.01075	0.01260	0.00900	0.00820	0.01628	0.05479	0.03036	0.59850	0.05376	0.06651	0.01543	0.01013	0.00251	0.04972	0.01328	0.00817	0.00765
43	0.01780	0.02231	0.10970	0.02963	0.03662	0.02009	0.48575	0.02383	0.01709	0.02383	0.01463	0.01982	0.01131	0.00773	0.01153	0.00272	0.12317	0.00842	0.00377	0.01025
44	0.01641	0.01722	0.03410	0.38304	0.04720	0.01837	0.32484	0.02223	0.01685	0.02223	0.01470	0.02079	0.01102	0.00717	0.00843	0.00260	0.01165	0.00798	0.00367	0.00950
45	0.01574	0.00931	0.01199	0.01062	0.01339	0.00854	0.00820	0.03896	0.02218	0.14879	0.49932	0.05206	0.10053	0.01476	0.00886	0.00244	0.00436	0.01283	0.00862	0.00851
46	0.07323	0.02452	0.01933	0.01717	0.02161	0.26922	0.01326	0.09585	0.32462	0.02923	0.02174	0.02136	0.01662	0.00925	0.00735	0.00235	0.00925	0.00691	0.00624	0.01090
47	0.01639	0.14124	0.57394	0.02110	0.03175	0.01991	0.04421	0.02437	0.01633	0.02364	0.01350	0.01592	0.00990	0.00724	0.00707	0.00234	0.01104	0.00559	0.00330	0.01121
48	0.00980	0.00732	0.01047	0.01167	0.01242	0.00683	0.03303	0.01136	0.01498	0.02000	0.04165	0.69430	0.04970	0.02358	0.00987	0.00313	0.00484	0.02153	0.00707	0.00646
49	0.01844	0.02052	0.04350	0.03503	0.14109	0.01942	0.55222	0.02467	0.01820	0.02491	0.01551	0.02064	0.01185	0.00659	0.00892	0.00257	0.01246	0.00880	0.00391	0.01074
50	0.01701	0.03167	0.43231	0.06171	0.12876	0.01812	0.13298	0.02461	0.01700	0.04203	0.01475	0.01803	0.01078	0.00724	0.00775	0.00247	0.01122	0.00659	0.00364	0.01131
51	0.01669	0.01770	0.06412	0.30909	0.07110	0.01902	0.15337	0.05247	0.01659	0.02264	0.01479	0.04357	0.01222	0.00916	0.01141	0.00273	0.14218	0.00781	0.00389	0.00946
52	0.02376	0.02363	0.02181	0.02392	0.17743	0.26490	0.01536	0.08998	0.09145	0.06735	0.02233	0.02348	0.06460	0.00918	0.00747	0.00223	0.00970	0.00722	0.04367	0.01053
53	0.05666	0.35218	0.02874	0.01419	0.02012	0.02353	0.01264	0.08939	0.15281	0.14905	0.01951	0.01904	0.01474	0.00827	0.00636	0.00209	0.00746	0.00605	0.00592	0.01127
54	0.01891	0.05627	0.12485	0.13186	0.30752	0.01875	0.07020	0.02477	0.04513	0.06665	0.01581	0.01956	0.01232	0.00773	0.00856	0.00243	0.04632	0.00690	0.00420	0.01124
55	0.01131	0.00832	0.01090	0.01239	0.01363	0.00828	0.00942	0.01514	0.07058	0.02201	0.04123	0.44915	0.04670	0.02216	0.01000	0.00325	0.00553	0.22568	0.00724	0.00709
56	0.01723	0.09666	0.42610	0.02030	0.02936	0.01819	0.07999	0.02563	0.06684	0.06078	0.07019	0.02132	0.01676	0.00828	0.00752	0.00240	0.01000	0.00692	0.00446	0.01104
57	0.01794	0.05901	0.10352	0.03057	0.08724	0.01973	0.46102	0.02405	0.01777	0.02444	0.03598	0.02091	0.01342	0.00725	0.00935	0.00255	0.04238	0.00844	0.00395	0.01048
58	0.01602	0.08320	0.61409	0.02207	0.03304	0.01889	0.05879	0.02448	0.01643	0.02417	0.01380	0.01635	0.00993	0.00728	0.00730	0.00241	0.01134	0.00580	0.00331	0.01131
59	0.02452	0.02964	0.02128	0.04928	0.09890	0.49107	0.01509	0.02703	0.02076	0.02064	0.05928	0.04637	0.04470	0.00947	0.00744	0.00215	0.01183	0.00699	0.00451	0.00904
60	0.02106	0.07823	0.09449	0.08501	0.03217	0.05548	0.24127	0.14255	0.02130	0.06267	0.04231	0.02058	0.01426	0.00821	0.00889	0.00246	0.04578	0.00761	0.00495	0.01070
61	0.01809	0.01819	0.02665	0.35288	0.31936	0.08842	0.02182	0.02268	0.01710	0.02210	0.01394	0.01934	0.01114	0.00741	0.00764	0.00240	0.01023	0.00670	0.00367	0.01023
62	0.00945	0.00675	0.00900	0.01080	0.01125	0.00630	0.00720	0.01080	0.01484	0.01979	0.04274	0.72245	0.05128	0.02429	0.00990	0.00315	0.00450	0.02204	0.00720	0.00630
63	0.01605	0.01666	0.04771	0.31976	0.09017	0.01735	0.22868	0.02132	0.01647	0.02242	0.01634	0.05587	0.01345	0.00840	0.00890	0.00259	0.03877	0.00838	0.04131	0.00939
64	0.05064	0.03404	0.01916	0.08822	0.02351	0.01476	0.01276	0.06575	0.13787	0.42803	0.02728	0.02508	0.01820	0.00940	0.00764	0.00244	0.00704	0.00763	0.00823	0.01231
65	0.00952	0.00693	0.00898	0.01045	0.01120	0.00639	0.00708	0.01108	0.01557	0.02063	0.08701	0.61875	0.11122	0.02331	0.00978	0.00305	0.00439	0.02099	0.00728	0.00639
66	0.00945	0.00675	0.00900	0.01080	0.01125	0.00630	0.00720	0.01080	0.01484	0.01979	0.04274	0.72245	0.05128	0.02429	0.00990	0.00315	0.00450	0.02204	0.00720	0.00630
67	0.01972	0.01760	0.02968	0.15548	0.40010	0.01844	0.08022	0.05531	0.01826	0.06781	0.01555	0.01992	0.01228	0.00768	0.00880	0.00245	0.04784	0.00717	0.00432	0.01137
68	0.01899	0.04983	0.06914	0.03625	0.30488	0.05546	0.27406	0.02433	0.01801	0.02439	0.01567	0.02170	0.01292	0.00736	0.00822	0.00244	0.01101	0.03032	0.00395	0.01105
69	0.01934	0.02093	0.02340	0.02028	0.02107	0.15708	0.01657	0.02110	0.01388	0.01872	0.01054	0.01637	0.01014	0.01246	0.02179	0.00312	0.57470	0.00643	0.00351	0.00858
70	0.41753	0.05005	0.01773	0.01404	0.01903	0.12460	0.04261	0.11222	0.01870	0.05945	0.01389	0.01548	0.01059	0.00775	0.00593	0.00227	0.00795	0.00526	0.04543	0.00946
71	0.00917	0.00781	0.00790	0.00796	0.01050	0.00654	0.00594	0.01112	0.01757	0.02090	0.07725	0.09815	0.65330	0.01981	0.00919	0.00264	0.00395	0.01657	0.00720	0.00654

[dist]
# distance from previous block
# <min> <max>
0	11

# created by:
# /st0/software/busco_prod/Augustus/scripts/msa2prfl.pl ./align_prep/119726.fa
