[name]
unknown

[dist]
# distance from previous block
# <min> <max>
1	217

[block]
# block no. 0 follows, 24 sequences, length 19
# corresponding to MSA columns:
# 217-235
name=unknown_A
#
# <colnr> <probs for GDERKNQSTAVLIFYWHMCP>
#	G	D	E	R	K	N	Q	S	T	A	V	L	I	F	Y	W	H	M	C	P
0	0.01996	0.01672	0.08531	0.11914	0.02646	0.01456	0.05881	0.10215	0.04713	0.12943	0.02281	0.11327	0.01975	0.05072	0.01095	0.03959	0.00819	0.00931	0.00600	0.09975
1	0.04572	0.01848	0.05716	0.02028	0.06793	0.01893	0.07773	0.09988	0.26438	0.03058	0.02351	0.07197	0.01935	0.01060	0.00979	0.00261	0.07723	0.00878	0.00624	0.06882
2	0.01913	0.01955	0.13038	0.02153	0.02771	0.01546	0.23067	0.05500	0.01944	0.12548	0.07103	0.12508	0.05344	0.01158	0.00951	0.00269	0.03509	0.01096	0.00594	0.01033
3	0.08882	0.01761	0.01998	0.05139	0.05326	0.01896	0.01326	0.31762	0.02560	0.03641	0.02046	0.02404	0.04839	0.07097	0.01127	0.00276	0.04699	0.00741	0.00624	0.11857
4	0.06306	0.01181	0.01526	0.13218	0.02162	0.01305	0.03769	0.09196	0.01878	0.02933	0.06364	0.06168	0.02154	0.01240	0.03714	0.00276	0.03279	0.00844	0.31630	0.00856
5	0.07778	0.01756	0.01895	0.01507	0.02031	0.01865	0.01205	0.33595	0.09181	0.07497	0.04818	0.02513	0.01866	0.08752	0.01111	0.00287	0.00752	0.00767	0.00715	0.10109
6	0.01774	0.27804	0.45926	0.01948	0.02949	0.02290	0.02386	0.02464	0.01652	0.02288	0.01312	0.01535	0.01009	0.00727	0.00669	0.00223	0.01060	0.00530	0.00336	0.01119
7	0.02732	0.06635	0.02364	0.02107	0.05939	0.50448	0.01551	0.08068	0.02243	0.02233	0.01516	0.01723	0.03338	0.00889	0.00829	0.00217	0.05172	0.00585	0.00444	0.00967
8	0.02291	0.02394	0.01902	0.01801	0.05159	0.29270	0.01310	0.14096	0.06717	0.02728	0.05714	0.11090	0.09731	0.01234	0.00812	0.00240	0.00960	0.00975	0.00607	0.00968
9	0.00966	0.00690	0.00920	0.01104	0.01150	0.00644	0.00736	0.01104	0.01518	0.02024	0.04371	0.71614	0.05245	0.02484	0.01012	0.00322	0.00460	0.02254	0.00736	0.00644
10	0.01918	0.01587	0.04515	0.05504	0.27874	0.01520	0.01680	0.06797	0.06270	0.09410	0.20910	0.03253	0.03215	0.01048	0.00831	0.00245	0.00736	0.00937	0.00643	0.01105
11	0.01153	0.00769	0.00865	0.00865	0.00865	0.00769	0.00480	0.01153	0.01153	0.01538	0.02499	0.05189	0.02883	0.72131	0.04036	0.00769	0.00769	0.01153	0.00480	0.00480
12	0.01154	0.00841	0.00941	0.00943	0.01202	0.00728	0.00725	0.01381	0.01837	0.06482	0.09990	0.12688	0.48310	0.01980	0.00950	0.00280	0.00456	0.07633	0.00759	0.00722
13	0.01478	0.00739	0.00739	0.00739	0.00924	0.00739	0.00554	0.01848	0.01663	0.02956	0.02587	0.02956	0.02033	0.00924	0.00554	0.00185	0.00370	0.00739	0.76534	0.00739
14	0.01734	0.08492	0.31557	0.02859	0.19502	0.01942	0.07960	0.02374	0.01725	0.02483	0.05663	0.02039	0.01513	0.00829	0.00901	0.00249	0.05967	0.00698	0.00392	0.01123
15	0.01038	0.00720	0.00899	0.01013	0.01041	0.00692	0.00638	0.01123	0.01378	0.01838	0.03654	0.46185	0.04341	0.29147	0.02170	0.00493	0.00578	0.01833	0.00638	0.00581
16	0.01664	0.01584	0.02669	0.18218	0.10630	0.01584	0.15563	0.02097	0.01630	0.02316	0.01478	0.02016	0.01207	0.01088	0.04569	0.03589	0.04861	0.00697	0.00404	0.22135
17	0.01843	0.01471	0.01731	0.04363	0.02028	0.01475	0.01150	0.11306	0.13259	0.05242	0.04772	0.10155	0.04957	0.01113	0.00885	0.00222	0.05433	0.00902	0.00636	0.27057
18	0.36210	0.06701	0.04126	0.13530	0.12543	0.01887	0.01488	0.05842	0.01682	0.07355	0.01405	0.01672	0.01071	0.00766	0.00634	0.00241	0.00792	0.00564	0.00486	0.01005

[dist]
# distance from previous block
# <min> <max>
2	18

[block]
# block no. 1 follows, 24 sequences, length 24
# corresponding to MSA columns:
# 254-277
name=unknown_B
#
# <colnr> <probs for GDERKNQSTAVLIFYWHMCP>
#	G	D	E	R	K	N	Q	S	T	A	V	L	I	F	Y	W	H	M	C	P
0	0.01722	0.11897	0.47442	0.02191	0.05116	0.01918	0.06814	0.02465	0.01715	0.04860	0.01847	0.02052	0.04895	0.00818	0.00750	0.00243	0.01074	0.00666	0.00389	0.01126
1	0.02167	0.01691	0.05624	0.01522	0.02042	0.01594	0.01290	0.19999	0.12748	0.10365	0.07176	0.05995	0.02525	0.03382	0.00916	0.00261	0.00718	0.07265	0.00730	0.11991
2	0.01089	0.00790	0.01026	0.01007	0.01174	0.00728	0.00740	0.01416	0.02106	0.02945	0.53971	0.16870	0.09606	0.01780	0.00948	0.00262	0.00389	0.01580	0.00845	0.00728
3	0.02119	0.02086	0.09715	0.05991	0.02825	0.01939	0.13908	0.25202	0.10232	0.03478	0.05018	0.05247	0.06497	0.01040	0.00843	0.00256	0.00909	0.00920	0.00639	0.01137
4	0.01104	0.00810	0.01034	0.00978	0.01173	0.00740	0.00733	0.01460	0.02200	0.03075	0.60822	0.06096	0.13493	0.01660	0.00935	0.00251	0.00377	0.01458	0.00859	0.00740
5	0.01597	0.01476	0.02301	0.07587	0.16035	0.01478	0.11927	0.05741	0.08468	0.02682	0.10023	0.04116	0.20750	0.01222	0.00872	0.00257	0.00770	0.01113	0.00602	0.00983
6	0.00979	0.00706	0.00927	0.01081	0.01150	0.00655	0.00731	0.01141	0.01596	0.02133	0.10112	0.62866	0.08215	0.02386	0.01002	0.00313	0.00450	0.02155	0.00748	0.00655
7	0.01644	0.01409	0.01644	0.01175	0.01879	0.01057	0.00940	0.01997	0.01644	0.02584	0.01409	0.01644	0.01175	0.00587	0.00587	0.00117	0.00587	0.00470	0.00470	0.76979
8	0.07618	0.01529	0.01896	0.01472	0.02075	0.01463	0.01212	0.14554	0.05100	0.50290	0.02800	0.02488	0.01810	0.00966	0.00780	0.00245	0.00704	0.00766	0.00913	0.01318
9	0.01811	0.02020	0.04303	0.14273	0.04360	0.01966	0.54156	0.02456	0.01825	0.02456	0.01572	0.02135	0.01179	0.00689	0.00912	0.00267	0.01291	0.00898	0.00393	0.01039
10	0.01486	0.00981	0.05581	0.00849	0.01104	0.00818	0.00725	0.01895	0.01664	0.02924	0.02503	0.02864	0.01959	0.00912	0.00569	0.00190	0.00427	0.00728	0.71051	0.00770
11	0.02761	0.02361	0.02220	0.01812	0.02365	0.13495	0.01452	0.40072	0.18055	0.04090	0.02101	0.02072	0.01546	0.00958	0.00783	0.00240	0.00909	0.00723	0.00732	0.01255
12	0.01083	0.00809	0.01005	0.00956	0.01161	0.00731	0.00717	0.01420	0.02152	0.02959	0.54266	0.06287	0.20120	0.01704	0.00936	0.00253	0.00380	0.01485	0.00844	0.00731
13	0.01573	0.01568	0.05318	0.06722	0.02184	0.01903	0.01580	0.03667	0.01368	0.02050	0.01459	0.02185	0.01341	0.02559	0.20784	0.00587	0.38984	0.00735	0.02584	0.00850
14	0.01844	0.02248	0.08832	0.03194	0.03973	0.02019	0.56427	0.02501	0.01819	0.02501	0.01558	0.02084	0.01180	0.00717	0.01023	0.00271	0.05453	0.00898	0.00393	0.01064
15	0.00966	0.00690	0.00920	0.01104	0.01150	0.00644	0.00736	0.01104	0.01518	0.02024	0.04371	0.71614	0.05245	0.02484	0.01012	0.00322	0.00460	0.02254	0.00736	0.00644
16	0.01498	0.01409	0.02378	0.70226	0.05462	0.01762	0.02202	0.02026	0.01586	0.02026	0.01409	0.02114	0.01057	0.00793	0.00793	0.00264	0.01057	0.00705	0.00352	0.00881
17	0.01003	0.00717	0.00958	0.01117	0.01187	0.00673	0.00774	0.01180	0.01613	0.02165	0.10674	0.60723	0.05425	0.02377	0.01010	0.00318	0.00470	0.06205	0.00750	0.00660
18	0.04766	0.01471	0.02343	0.33693	0.03722	0.01737	0.09070	0.05640	0.01705	0.02422	0.04791	0.02343	0.01536	0.01260	0.05630	0.00334	0.09802	0.00768	0.06067	0.00899
19	0.00945	0.00773	0.00835	0.00884	0.01092	0.00663	0.00638	0.01129	0.01730	0.02111	0.07050	0.24813	0.50317	0.02136	0.00957	0.00282	0.00417	0.01830	0.00736	0.00663
20	0.01683	0.00936	0.00957	0.00883	0.01128	0.00968	0.00681	0.10188	0.01938	0.03228	0.02496	0.02816	0.01942	0.00928	0.00586	0.00192	0.00436	0.00736	0.66457	0.00820
21	0.01389	0.01000	0.01420	0.05652	0.05602	0.00996	0.01292	0.01753	0.01858	0.05340	0.08697	0.07509	0.10221	0.01908	0.01019	0.00329	0.00702	0.41808	0.00710	0.00793
22	0.01634	0.01750	0.05965	0.02799	0.12454	0.01574	0.32919	0.02155	0.01826	0.02551	0.08733	0.13483	0.02524	0.01074	0.00899	0.00265	0.00987	0.01137	0.04288	0.00985
23	0.02782	0.01201	0.01586	0.01292	0.01768	0.01068	0.01032	0.03148	0.04667	0.46606	0.12166	0.07519	0.06816	0.03429	0.00938	0.00269	0.00606	0.01036	0.00915	0.01155

[dist]
# distance from previous block
# <min> <max>
0	2

[block]
# block no. 2 follows, 24 sequences, length 60
# corresponding to MSA columns:
# 280-339
name=unknown_C
#
# <colnr> <probs for GDERKNQSTAVLIFYWHMCP>
#	G	D	E	R	K	N	Q	S	T	A	V	L	I	F	Y	W	H	M	C	P
0	0.01842	0.01908	0.03100	0.08536	0.17693	0.07256	0.23774	0.02540	0.09717	0.02487	0.02104	0.11469	0.01882	0.00994	0.00866	0.00262	0.01027	0.01002	0.00491	0.01050
1	0.09378	0.02987	0.02187	0.02003	0.05283	0.41564	0.01488	0.12818	0.04394	0.06246	0.01498	0.01645	0.01167	0.00862	0.00778	0.00223	0.03351	0.00579	0.00518	0.01030
2	0.01725	0.01257	0.01647	0.15527	0.05257	0.01443	0.01271	0.10887	0.01867	0.02810	0.02067	0.06187	0.01733	0.01098	0.01009	0.03002	0.08990	0.00803	0.30546	0.00876
3	0.01471	0.01383	0.01960	0.01752	0.01805	0.01779	0.03612	0.01646	0.01343	0.01956	0.02332	0.21011	0.05150	0.04917	0.02106	0.00353	0.42971	0.01187	0.00477	0.00788
4	0.01762	0.01483	0.01808	0.01359	0.01991	0.01260	0.03893	0.09026	0.04601	0.02834	0.01811	0.07894	0.01606	0.00819	0.00673	0.00162	0.00644	0.00693	0.00541	0.55141
5	0.02031	0.61037	0.14944	0.01509	0.02271	0.02919	0.01623	0.02398	0.01622	0.01975	0.01157	0.01340	0.01015	0.00691	0.00550	0.00183	0.00903	0.00451	0.00338	0.01044
6	0.01583	0.01357	0.01571	0.01142	0.01809	0.01023	0.00910	0.01922	0.01659	0.02546	0.01984	0.02164	0.06877	0.00711	0.00618	0.00131	0.00571	0.00574	0.00493	0.70354
7	0.01249	0.00840	0.00973	0.00992	0.01065	0.00841	0.00635	0.05456	0.01483	0.02043	0.03043	0.25242	0.03434	0.39708	0.02584	0.00545	0.00646	0.01427	0.07183	0.00612
8	0.14746	0.01654	0.01937	0.01527	0.02074	0.01731	0.01263	0.20357	0.02442	0.34597	0.02292	0.02175	0.01541	0.00970	0.00905	0.00252	0.06798	0.00708	0.00798	0.01231
9	0.00982	0.00759	0.00888	0.00951	0.01112	0.00674	0.00672	0.01176	0.01735	0.02224	0.14734	0.32560	0.32133	0.04338	0.01064	0.00302	0.00432	0.01853	0.00748	0.00665
10	0.00966	0.00690	0.00920	0.01104	0.01150	0.00644	0.00736	0.01104	0.01518	0.02024	0.04371	0.71614	0.05245	0.02484	0.01012	0.00322	0.00460	0.02254	0.00736	0.00644
11	0.02120	0.72609	0.04155	0.01357	0.02035	0.03138	0.01357	0.02374	0.01611	0.01866	0.01102	0.01272	0.01018	0.00678	0.00509	0.00170	0.00848	0.00424	0.00339	0.01018
12	0.01644	0.01409	0.01644	0.01175	0.01879	0.01057	0.00940	0.01997	0.01644	0.02584	0.01409	0.01644	0.01175	0.00587	0.00587	0.00117	0.00587	0.00470	0.00470	0.76979
13	0.01626	0.09143	0.57317	0.02244	0.05932	0.01894	0.02689	0.02452	0.01701	0.02495	0.04354	0.01847	0.01309	0.00785	0.00744	0.00244	0.01101	0.00617	0.00362	0.01144
14	0.01827	0.01728	0.03015	0.16032	0.43387	0.01776	0.09102	0.02322	0.01761	0.02516	0.01585	0.02096	0.01282	0.00737	0.00783	0.00240	0.00957	0.00735	0.06996	0.01123
15	0.01235	0.01004	0.01296	0.01285	0.01430	0.04701	0.00981	0.01492	0.01318	0.01823	0.02104	0.03184	0.02000	0.10821	0.60186	0.01176	0.01980	0.00855	0.00428	0.00702
16	0.02173	0.01865	0.02412	0.01913	0.02473	0.04301	0.13719	0.16725	0.25559	0.06078	0.02908	0.02878	0.07876	0.01020	0.00828	0.00252	0.00830	0.00900	0.00695	0.04597
17	0.00977	0.00698	0.00930	0.01097	0.01152	0.00651	0.00737	0.01131	0.01567	0.02102	0.08562	0.67201	0.05395	0.02426	0.01007	0.00317	0.00454	0.02199	0.00745	0.00651
18	0.00966	0.00690	0.00920	0.01104	0.01150	0.00644	0.00736	0.01104	0.01518	0.02024	0.04371	0.71614	0.05245	0.02484	0.01012	0.00322	0.00460	0.02254	0.00736	0.00644
19	0.01134	0.00844	0.01247	0.01247	0.01379	0.00976	0.00957	0.01398	0.01266	0.01820	0.02149	0.03255	0.02043	0.10393	0.64626	0.01240	0.02033	0.00870	0.00429	0.00693
20	0.02418	0.01577	0.03843	0.01697	0.05673	0.01551	0.01311	0.07316	0.17694	0.25045	0.02975	0.06535	0.05566	0.01125	0.00950	0.00255	0.06409	0.00902	0.00760	0.06399
21	0.01728	0.01645	0.02796	0.37777	0.36106	0.01823	0.02317	0.02228	0.01695	0.02306	0.01450	0.02039	0.01156	0.00750	0.00789	0.00250	0.01000	0.00706	0.00372	0.01067
22	0.58251	0.04751	0.09642	0.01234	0.01794	0.01805	0.01150	0.04442	0.01465	0.03285	0.01187	0.01420	0.00930	0.00857	0.00682	0.04566	0.00706	0.00473	0.00467	0.00892
23	0.14701	0.18737	0.29094	0.01892	0.06878	0.02030	0.01936	0.02461	0.01638	0.05500	0.01377	0.01581	0.01058	0.00726	0.00643	0.00219	0.00915	0.00530	0.00407	0.07679
24	0.02110	0.57138	0.14808	0.01512	0.02270	0.02811	0.01612	0.02479	0.01658	0.05587	0.01268	0.01418	0.01067	0.00708	0.00566	0.00188	0.00893	0.00472	0.00374	0.01062
25	0.01402	0.01021	0.06421	0.01237	0.01367	0.00837	0.03771	0.01220	0.01139	0.01542	0.01499	0.04833	0.01480	0.02494	0.02742	0.64686	0.00748	0.00748	0.00360	0.00453
26	0.01164	0.00834	0.01196	0.01196	0.01330	0.00952	0.00913	0.01433	0.01299	0.01914	0.02193	0.03263	0.02057	0.10673	0.57982	0.01140	0.01866	0.00864	0.07037	0.00693
27	0.01590	0.04102	0.68023	0.02260	0.03432	0.01842	0.02930	0.02511	0.01674	0.02511	0.01423	0.01674	0.01005	0.00753	0.00753	0.00251	0.01172	0.00586	0.00335	0.01172
28	0.02212	0.01068	0.01314	0.01104	0.01536	0.00912	0.00880	0.02470	0.02046	0.33917	0.07699	0.05186	0.33398	0.01498	0.00870	0.00256	0.00533	0.01241	0.00860	0.01001
29	0.01204	0.00946	0.01376	0.01336	0.01450	0.01141	0.01038	0.01453	0.01258	0.01825	0.02028	0.03117	0.01943	0.10574	0.56229	0.01127	0.09971	0.00855	0.00420	0.00709
30	0.02120	0.72609	0.04155	0.01357	0.02035	0.03138	0.01357	0.02374	0.01611	0.01866	0.01102	0.01272	0.01018	0.00678	0.00509	0.00170	0.00848	0.00424	0.00339	0.01018
31	0.02130	0.67978	0.06286	0.01411	0.02097	0.05271	0.01417	0.02405	0.01634	0.01890	0.01118	0.01291	0.01017	0.00686	0.00524	0.00174	0.00878	0.00432	0.00341	0.01020
32	0.01584	0.01072	0.01288	0.01177	0.01359	0.01229	0.00917	0.08548	0.01700	0.02676	0.02182	0.02877	0.01871	0.07803	0.15614	0.00492	0.11079	0.00787	0.34950	0.00797
33	0.01860	0.02221	0.07334	0.03297	0.04115	0.01998	0.61732	0.02539	0.01863	0.02539	0.01597	0.02120	0.01195	0.00672	0.00928	0.00267	0.01330	0.00921	0.00398	0.01074
34	0.01172	0.00831	0.01021	0.00960	0.01188	0.00744	0.00725	0.01495	0.02123	0.05595	0.47624	0.06267	0.23908	0.01703	0.00930	0.00254	0.00394	0.01475	0.00839	0.00751
35	0.00972	0.00738	0.00895	0.00996	0.01128	0.00662	0.00694	0.01152	0.01682	0.02173	0.11495	0.44498	0.25559	0.02247	0.00980	0.00297	0.00433	0.01987	0.00749	0.00662
36	0.01681	0.01679	0.02664	0.49092	0.12710	0.05621	0.07180	0.02176	0.01653	0.02127	0.01405	0.02038	0.01091	0.00806	0.00898	0.00262	0.04895	0.00712	0.00364	0.00944
37	0.01972	0.01703	0.01793	0.01614	0.02062	0.01972	0.01255	0.04214	0.65752	0.03317	0.03228	0.02959	0.02421	0.01076	0.00807	0.00269	0.00628	0.00897	0.00807	0.01255
38	0.00966	0.00690	0.00920	0.01104	0.01150	0.00644	0.00736	0.01104	0.01518	0.02024	0.04371	0.71614	0.05245	0.02484	0.01012	0.00322	0.00460	0.02254	0.00736	0.00644
39	0.06320	0.54945	0.09250	0.01441	0.02102	0.06412	0.01441	0.02358	0.01632	0.02030	0.01316	0.05174	0.01240	0.00795	0.00568	0.00191	0.00873	0.00543	0.00373	0.00996
40	0.01913	0.01002	0.01255	0.01104	0.01467	0.00876	0.00877	0.02202	0.02072	0.25170	0.19830	0.05607	0.26241	0.01573	0.00899	0.00262	0.00512	0.05355	0.00853	0.00928
41	0.01609	0.01546	0.05396	0.01341	0.02032	0.01127	0.04604	0.02012	0.01711	0.02629	0.07095	0.02045	0.01714	0.00691	0.00646	0.00145	0.00643	0.00586	0.00494	0.61934
42	0.01379	0.00800	0.01235	0.11691	0.01720	0.00852	0.00924	0.01189	0.01138	0.01504	0.01508	0.05265	0.01490	0.02441	0.02657	0.61912	0.00736	0.00757	0.00362	0.00440
43	0.02059	0.01666	0.04850	0.01561	0.01966	0.01686	0.04622	0.28101	0.06467	0.03219	0.02091	0.02974	0.01853	0.20139	0.07725	0.05623	0.00965	0.00857	0.00608	0.00969
44	0.01559	0.01443	0.02506	0.22311	0.06004	0.01646	0.14488	0.01926	0.01516	0.02114	0.01685	0.06131	0.01495	0.01606	0.07546	0.07024	0.12739	0.00852	0.04558	0.00850
45	0.08287	0.47887	0.10661	0.01545	0.02184	0.07783	0.01536	0.02405	0.01610	0.02085	0.01142	0.01370	0.01005	0.00763	0.00732	0.00203	0.06971	0.00472	0.00357	0.01001
46	0.02411	0.32771	0.08744	0.01688	0.02382	0.05380	0.06918	0.07629	0.04771	0.14851	0.01731	0.01797	0.01306	0.00783	0.00669	0.00209	0.00894	0.00602	0.00530	0.03932
47	0.02279	0.08101	0.08045	0.08152	0.05470	0.10303	0.07115	0.20613	0.09241	0.03122	0.01777	0.03594	0.01401	0.00907	0.00851	0.00241	0.04132	0.00722	0.00552	0.03382
48	0.52994	0.09398	0.02058	0.01460	0.01989	0.01943	0.10596	0.02313	0.01460	0.03116	0.01290	0.03845	0.01085	0.00799	0.00641	0.00246	0.02825	0.00576	0.00465	0.00901
49	0.01489	0.01180	0.01697	0.05970	0.05437	0.01277	0.06579	0.05263	0.01712	0.02504	0.03031	0.13387	0.10050	0.01695	0.06319	0.00338	0.09256	0.01093	0.20893	0.00830
50	0.01432	0.01344	0.02417	0.09296	0.15363	0.01326	0.16369	0.01802	0.01666	0.02259	0.02845	0.34321	0.03073	0.01531	0.00927	0.00286	0.00824	0.01479	0.00550	0.00890
51	0.02040	0.01608	0.01778	0.01564	0.01989	0.01785	0.01256	0.19905	0.30970	0.03622	0.11848	0.03931	0.03136	0.01276	0.00862	0.00271	0.00674	0.09547	0.00802	0.01136
52	0.09407	0.01275	0.01619	0.01305	0.01811	0.01178	0.01058	0.03264	0.05764	0.45258	0.16043	0.03254	0.03028	0.01097	0.00800	0.00248	0.00605	0.00902	0.00907	0.01178
53	0.01664	0.01582	0.02442	0.18858	0.08595	0.04038	0.08732	0.01971	0.01467	0.02048	0.01434	0.02192	0.01266	0.04467	0.04598	0.06328	0.23439	0.00747	0.03272	0.00860
54	0.00983	0.00809	0.00867	0.00864	0.01114	0.00693	0.00656	0.01220	0.01882	0.02326	0.17743	0.07400	0.54233	0.01951	0.00944	0.00269	0.00411	0.04191	0.00759	0.00685
55	0.01339	0.00989	0.01240	0.01277	0.04031	0.00987	0.00884	0.01934	0.12411	0.04833	0.30920	0.19202	0.07102	0.07791	0.01189	0.00313	0.00502	0.01453	0.00778	0.00824
56	0.01257	0.00831	0.01099	0.01065	0.01257	0.00767	0.00802	0.01590	0.02112	0.06916	0.49874	0.15860	0.06640	0.01745	0.00948	0.00267	0.00426	0.04926	0.00851	0.00768
57	0.01894	0.01807	0.07086	0.03359	0.35190	0.01642	0.07403	0.07091	0.01919	0.06215	0.02210	0.16316	0.02101	0.01106	0.00844	0.00258	0.00873	0.01042	0.00523	0.01121
58	0.02093	0.01617	0.06315	0.01421	0.02141	0.01187	0.04600	0.02490	0.01802	0.17541	0.01816	0.01916	0.01346	0.00693	0.00666	0.00164	0.00688	0.00578	0.00574	0.50353
59	0.01709	0.01388	0.02205	0.02100	0.10161	0.01347	0.13341	0.02368	0.11668	0.08438	0.09872	0.21474	0.03247	0.01355	0.00885	0.00266	0.00732	0.01273	0.00661	0.05513

[dist]
# distance from previous block
# <min> <max>
0	1

[block]
# block no. 3 follows, 24 sequences, length 86
# corresponding to MSA columns:
# 341-352,364-437
name=unknown_D
#
# <colnr> <probs for GDERKNQSTAVLIFYWHMCP>
#	G	D	E	R	K	N	Q	S	T	A	V	L	I	F	Y	W	H	M	C	P
0	0.02597	0.01510	0.02187	0.01893	0.08439	0.01387	0.06949	0.06843	0.02123	0.31804	0.07466	0.02553	0.02049	0.00918	0.00849	0.00226	0.03384	0.00782	0.00733	0.15308
1	0.09360	0.11059	0.15628	0.01415	0.01945	0.01581	0.01375	0.05200	0.07065	0.04732	0.22878	0.06434	0.03501	0.03452	0.00879	0.00260	0.00697	0.00956	0.00627	0.00957
2	0.06942	0.39895	0.08114	0.01473	0.02080	0.10985	0.01394	0.02556	0.04879	0.05406	0.07970	0.01944	0.01773	0.00835	0.00624	0.00202	0.00866	0.00591	0.00465	0.01007
3	0.02328	0.01810	0.02031	0.01781	0.06241	0.01930	0.01337	0.30990	0.17849	0.03856	0.02267	0.05156	0.01779	0.00977	0.00762	0.00228	0.00731	0.00789	0.05094	0.12064
4	0.01699	0.03867	0.61830	0.02347	0.06450	0.01812	0.02824	0.02570	0.01708	0.05529	0.01505	0.01736	0.01061	0.00762	0.00757	0.00250	0.01138	0.00602	0.00368	0.01184
5	0.01682	0.03353	0.48306	0.02300	0.03297	0.01744	0.13292	0.02484	0.01784	0.05358	0.07306	0.02174	0.01653	0.00825	0.00803	0.00254	0.01109	0.00731	0.00421	0.01124
6	0.09104	0.03922	0.02455	0.28923	0.22717	0.04250	0.01939	0.02396	0.01736	0.08980	0.01707	0.02352	0.01369	0.00851	0.00766	0.00252	0.00933	0.03850	0.00462	0.01036
7	0.01631	0.01825	0.09657	0.06287	0.19943	0.03403	0.13582	0.02093	0.01802	0.02442	0.07988	0.03707	0.07462	0.01208	0.01005	0.04580	0.00926	0.08992	0.00497	0.00971
8	0.01949	0.01899	0.08330	0.13290	0.19476	0.01866	0.01887	0.14043	0.09710	0.02968	0.01940	0.02480	0.01571	0.01178	0.04163	0.00305	0.04325	0.03552	0.03954	0.01114
9	0.01741	0.01624	0.02893	0.02220	0.02667	0.04564	0.30592	0.02104	0.01613	0.05794	0.01887	0.02887	0.01685	0.16137	0.10456	0.04922	0.03986	0.00918	0.00448	0.00862
10	0.01884	0.02232	0.07029	0.06077	0.03770	0.05913	0.45788	0.02458	0.01774	0.02388	0.01482	0.02016	0.01153	0.00793	0.01154	0.00275	0.11551	0.00849	0.00388	0.01027
11	0.05595	0.02062	0.06047	0.11748	0.06796	0.02018	0.38763	0.08706	0.01956	0.02742	0.01546	0.02027	0.01170	0.00756	0.00948	0.00265	0.04533	0.00824	0.00433	0.01066
12	0.01487	0.01034	0.01089	0.04608	0.01419	0.05162	0.00803	0.01807	0.04196	0.05377	0.06383	0.16765	0.08927	0.08219	0.01154	0.02752	0.00566	0.01181	0.26325	0.00744
13	0.00966	0.00690	0.00920	0.01104	0.01150	0.00644	0.00736	0.01104	0.01518	0.02024	0.04371	0.71614	0.05245	0.02484	0.01012	0.00322	0.00460	0.02254	0.00736	0.00644
14	0.02505	0.04742	0.01979	0.01626	0.02099	0.16287	0.01282	0.08972	0.26987	0.14983	0.07978	0.02675	0.02316	0.01023	0.00784	0.00242	0.00818	0.00806	0.00740	0.01156
15	0.01418	0.04842	0.13448	0.01487	0.01862	0.03975	0.01371	0.04584	0.01504	0.02092	0.01928	0.02772	0.01749	0.08168	0.44109	0.00922	0.01733	0.00781	0.00424	0.00830
16	0.00966	0.00690	0.00920	0.01104	0.01150	0.00644	0.00736	0.01104	0.01518	0.02024	0.04371	0.71614	0.05245	0.02484	0.01012	0.00322	0.00460	0.02254	0.00736	0.00644
17	0.01049	0.00893	0.00915	0.00894	0.01175	0.00802	0.00675	0.01461	0.08156	0.02312	0.10611	0.07081	0.57402	0.01896	0.00924	0.00267	0.00423	0.01584	0.00750	0.00731
18	0.77733	0.01534	0.01166	0.01043	0.01534	0.01779	0.00859	0.02331	0.01350	0.03558	0.01104	0.01288	0.00859	0.00736	0.00491	0.00245	0.00613	0.00429	0.00491	0.00859
19	0.01496	0.01383	0.01970	0.01761	0.01817	0.01857	0.01439	0.01713	0.01238	0.01882	0.01472	0.02284	0.01415	0.03201	0.28996	0.00716	0.43424	0.00756	0.00378	0.00804
20	0.02242	0.62619	0.03878	0.01456	0.02096	0.12689	0.01382	0.02489	0.01704	0.01877	0.01120	0.01295	0.01018	0.00699	0.00539	0.00175	0.00932	0.00437	0.00349	0.01003
21	0.00975	0.00694	0.00918	0.01093	0.01137	0.00650	0.00725	0.01106	0.01502	0.02002	0.04286	0.68620	0.05138	0.05624	0.01148	0.00342	0.00474	0.02205	0.00725	0.00637
22	0.01911	0.30611	0.32155	0.01792	0.02647	0.06565	0.02031	0.05192	0.01785	0.02313	0.01678	0.01847	0.04731	0.00808	0.00667	0.00217	0.01005	0.00585	0.00384	0.01075
23	0.02221	0.02238	0.08751	0.05162	0.27198	0.07448	0.01944	0.17333	0.10559	0.03190	0.01832	0.02057	0.01415	0.00838	0.00771	0.00238	0.00924	0.00707	0.03967	0.01207
24	0.02026	0.02828	0.36601	0.01852	0.02691	0.01638	0.02074	0.08696	0.06119	0.14161	0.11107	0.02555	0.02208	0.00955	0.00794	0.00250	0.00910	0.00774	0.00597	0.01165
25	0.03150	0.04913	0.01918	0.01432	0.01996	0.04577	0.01175	0.03643	0.08456	0.50975	0.06983	0.02799	0.02267	0.01009	0.00789	0.00242	0.00696	0.00816	0.00899	0.01265
26	0.06205	0.01823	0.02066	0.04774	0.02341	0.01960	0.01363	0.35698	0.09337	0.18068	0.06355	0.02418	0.01942	0.00996	0.00791	0.00245	0.00770	0.00783	0.00806	0.01258
27	0.02466	0.44358	0.03372	0.01638	0.02206	0.30149	0.01429	0.02700	0.01872	0.01896	0.01153	0.01337	0.01019	0.00735	0.00593	0.00184	0.01087	0.00460	0.00368	0.00977
28	0.01524	0.01437	0.02427	0.66453	0.09024	0.01769	0.02216	0.02050	0.01598	0.02059	0.01414	0.02105	0.01069	0.00788	0.00792	0.00263	0.01050	0.00705	0.00355	0.00903
29	0.01011	0.00750	0.01007	0.01161	0.01204	0.00747	0.00794	0.01151	0.01501	0.02018	0.04178	0.67581	0.05002	0.02421	0.01104	0.00323	0.04513	0.02164	0.00714	0.00657
30	0.44180	0.12710	0.01889	0.01256	0.01792	0.02089	0.01070	0.16784	0.01962	0.03595	0.01376	0.01525	0.01065	0.00788	0.00568	0.00228	0.00696	0.00513	0.04926	0.00991
31	0.01618	0.07662	0.64703	0.02213	0.03360	0.01909	0.02848	0.02504	0.01671	0.02478	0.01406	0.01653	0.01005	0.00749	0.00741	0.00247	0.01155	0.00578	0.00335	0.01164
32	0.01010	0.00730	0.00957	0.01095	0.01176	0.00671	0.00738	0.01164	0.01546	0.02087	0.07020	0.63409	0.05090	0.04518	0.01083	0.00323	0.00471	0.02102	0.00722	0.04086
33	0.06099	0.01946	0.01905	0.01620	0.02119	0.08691	0.01283	0.17798	0.32277	0.10345	0.02823	0.02663	0.04812	0.01037	0.00784	0.00252	0.00759	0.00817	0.00764	0.01207
34	0.01149	0.00783	0.00935	0.00933	0.00961	0.00802	0.00569	0.01206	0.01211	0.01643	0.04720	0.04895	0.02907	0.59424	0.13943	0.00828	0.00964	0.01116	0.00486	0.00525
35	0.02364	0.01616	0.01805	0.01564	0.02053	0.01773	0.01233	0.04127	0.50054	0.19247	0.03203	0.02894	0.02307	0.01053	0.00805	0.00263	0.00639	0.00872	0.00850	0.01278
36	0.01498	0.01409	0.02378	0.70226	0.05462	0.01762	0.02202	0.02026	0.01586	0.02026	0.01409	0.02114	0.01057	0.00793	0.00793	0.00264	0.01057	0.00705	0.00352	0.00881
37	0.01498	0.01409	0.02378	0.70226	0.05462	0.01762	0.02202	0.02026	0.01586	0.02026	0.01409	0.02114	0.01057	0.00793	0.00793	0.00264	0.01057	0.00705	0.00352	0.00881
38	0.01963	0.01884	0.03219	0.04867	0.67185	0.01884	0.02434	0.02434	0.01806	0.02591	0.01492	0.01963	0.01256	0.00707	0.00785	0.00236	0.00942	0.00707	0.00393	0.01256
39	0.01039	0.00721	0.00899	0.01011	0.01039	0.00693	0.00637	0.01123	0.01376	0.01835	0.03643	0.45783	0.04326	0.29568	0.02188	0.00496	0.00580	0.01826	0.00637	0.00580
40	0.03281	0.01321	0.01773	0.01386	0.01956	0.01168	0.01135	0.03683	0.05201	0.59373	0.08441	0.02980	0.02444	0.01039	0.00809	0.00247	0.00648	0.00855	0.00964	0.01295
41	0.02774	0.02021	0.02185	0.01739	0.02322	0.02238	0.01416	0.44140	0.20198	0.08976	0.02344	0.02242	0.01678	0.00987	0.00797	0.00247	0.00793	0.00769	0.00810	0.01324
42	0.01799	0.01440	0.01677	0.01236	0.01897	0.01160	0.00986	0.07405	0.01841	0.05197	0.01670	0.05343	0.01431	0.00732	0.00635	0.00143	0.00608	0.00596	0.00531	0.63674
43	0.01498	0.01409	0.02378	0.70226	0.05462	0.01762	0.02202	0.02026	0.01586	0.02026	0.01409	0.02114	0.01057	0.00793	0.00793	0.00264	0.01057	0.00705	0.00352	0.00881
44	0.01784	0.01765	0.02743	0.36504	0.21746	0.05713	0.07418	0.02446	0.07535	0.02336	0.01603	0.02112	0.01246	0.00786	0.00800	0.00254	0.01032	0.00731	0.00412	0.01036
45	0.01653	0.02673	0.27143	0.02647	0.03501	0.01775	0.33976	0.02349	0.01774	0.02472	0.02123	0.06749	0.05552	0.00900	0.00875	0.00265	0.01162	0.00940	0.00420	0.01054
46	0.01654	0.04013	0.65883	0.02233	0.03387	0.01820	0.02873	0.02555	0.01693	0.04620	0.01478	0.01707	0.01036	0.00761	0.00755	0.00251	0.01156	0.00593	0.00356	0.01178
47	0.00972	0.00702	0.00920	0.01082	0.01147	0.00650	0.00729	0.01124	0.01568	0.02084	0.07448	0.64991	0.08814	0.02418	0.01004	0.00316	0.00453	0.02184	0.00742	0.00650
48	0.01850	0.01637	0.02779	0.29424	0.28516	0.01760	0.07690	0.04239	0.01799	0.05464	0.01628	0.02132	0.01259	0.00770	0.00788	0.00247	0.00971	0.00733	0.05245	0.01069
49	0.02289	0.04655	0.02618	0.20879	0.14740	0.26439	0.04685	0.07712	0.04113	0.02396	0.01455	0.01823	0.01152	0.00799	0.00761	0.00233	0.01150	0.00643	0.00432	0.01024
50	0.01498	0.01409	0.02378	0.70226	0.05462	0.01762	0.02202	0.02026	0.01586	0.02026	0.01409	0.02114	0.01057	0.00793	0.00793	0.00264	0.01057	0.00705	0.00352	0.00881
51	0.02174	0.59291	0.06761	0.01500	0.02146	0.10266	0.01461	0.02450	0.01669	0.01905	0.01128	0.01325	0.01018	0.00724	0.00622	0.00184	0.03571	0.00451	0.00347	0.01008
52	0.02000	0.23108	0.12347	0.01460	0.02159	0.01882	0.01411	0.02583	0.08175	0.09932	0.01844	0.05160	0.01515	0.00826	0.00656	0.00193	0.00761	0.00640	0.00516	0.22831
53	0.01570	0.01298	0.01876	0.19032	0.14124	0.01384	0.01484	0.02234	0.11069	0.05600	0.16801	0.06710	0.11108	0.01229	0.00852	0.00259	0.00703	0.01081	0.00630	0.00958
54	0.02041	0.01436	0.05919	0.01657	0.04863	0.01273	0.04486	0.04644	0.12741	0.20334	0.03298	0.27749	0.03087	0.01502	0.00881	0.00278	0.00673	0.01333	0.00758	0.01046
55	0.01133	0.00850	0.01274	0.01274	0.01416	0.00991	0.00991	0.01416	0.01274	0.01841	0.02124	0.03115	0.01982	0.05947	0.68989	0.01274	0.02124	0.00850	0.00425	0.00708
56	0.03143	0.01374	0.01783	0.01418	0.01977	0.01272	0.01154	0.03772	0.12705	0.53051	0.07180	0.02946	0.02388	0.01038	0.00808	0.00250	0.00648	0.00854	0.00946	0.01296
57	0.01871	0.01601	0.01705	0.01562	0.01970	0.01838	0.01203	0.03900	0.59270	0.03187	0.03343	0.09887	0.02706	0.01218	0.00828	0.00274	0.00611	0.01034	0.00800	0.01193
58	0.01618	0.07662	0.64703	0.02213	0.03360	0.01909	0.02848	0.02504	0.01671	0.02478	0.01406	0.01653	0.01005	0.00749	0.00741	0.00247	0.01155	0.00578	0.00335	0.01164
59	0.01644	0.01409	0.01644	0.01175	0.01879	0.01057	0.00940	0.01997	0.01644	0.02584	0.01409	0.01644	0.01175	0.00587	0.00587	0.00117	0.00587	0.00470	0.00470	0.76979
60	0.01377	0.00689	0.01033	0.01033	0.01033	0.00689	0.00689	0.01033	0.01033	0.01377	0.01377	0.02410	0.01377	0.02755	0.03099	0.76928	0.00689	0.00689	0.00344	0.00344
61	0.01353	0.01099	0.01236	0.01150	0.01442	0.01126	0.00877	0.02291	0.22751	0.02972	0.31877	0.05376	0.20264	0.01538	0.00894	0.00260	0.00463	0.01318	0.00818	0.00894
62	0.02164	0.01661	0.01799	0.01589	0.02057	0.01875	0.01244	0.04171	0.58063	0.11119	0.03216	0.02927	0.02365	0.01064	0.00806	0.00266	0.00633	0.00885	0.00828	0.01267
63	0.02588	0.05317	0.02415	0.04724	0.02487	0.06063	0.05438	0.41780	0.02994	0.04009	0.01891	0.04117	0.01461	0.00968	0.00838	0.00238	0.03493	0.00752	0.07249	0.01178
64	0.02723	0.01358	0.01694	0.01375	0.01874	0.01301	0.01108	0.08877	0.11482	0.38177	0.14563	0.03474	0.06077	0.01155	0.00830	0.00250	0.00619	0.00959	0.00908	0.01196
65	0.01665	0.01349	0.01595	0.01166	0.01818	0.01031	0.00930	0.02018	0.01726	0.05076	0.07781	0.02097	0.01813	0.00702	0.00629	0.00135	0.00570	0.00575	0.00528	0.66796
66	0.01040	0.00797	0.00952	0.01010	0.01168	0.00737	0.00716	0.01337	0.04668	0.02341	0.18079	0.34339	0.23845	0.03907	0.01043	0.00300	0.00441	0.01824	0.00761	0.00696
67	0.01756	0.01398	0.01642	0.01241	0.01873	0.01141	0.00998	0.04523	0.05121	0.05695	0.04677	0.02372	0.01754	0.00781	0.00660	0.00156	0.00603	0.04012	0.00556	0.59041
68	0.02453	0.06226	0.05141	0.03066	0.28835	0.24598	0.01883	0.04548	0.02029	0.08193	0.01532	0.01785	0.01216	0.00770	0.00738	0.00218	0.01069	0.00618	0.00460	0.04622
69	0.01922	0.44758	0.25316	0.01658	0.02477	0.04629	0.01858	0.02396	0.01660	0.02095	0.01487	0.01662	0.03611	0.00760	0.00614	0.00202	0.00957	0.00530	0.00356	0.01052
70	0.01432	0.01388	0.02708	0.02163	0.02580	0.01305	0.30873	0.01842	0.01705	0.02327	0.02970	0.32847	0.03152	0.01539	0.00958	0.00292	0.00883	0.04102	0.04080	0.00854
71	0.01775	0.02436	0.17491	0.03130	0.10950	0.01914	0.38665	0.02427	0.01777	0.02488	0.01655	0.05201	0.01346	0.00807	0.00959	0.00266	0.04344	0.00886	0.00399	0.01084
72	0.09218	0.30333	0.21681	0.01644	0.02363	0.02355	0.01748	0.05226	0.05778	0.02522	0.05056	0.01812	0.01467	0.00837	0.00754	0.00224	0.04909	0.00586	0.00433	0.01053
73	0.01422	0.01184	0.02166	0.01813	0.02080	0.01179	0.19272	0.01598	0.01457	0.01978	0.02292	0.16948	0.02364	0.02308	0.08255	0.23580	0.03957	0.04974	0.00473	0.00698
74	0.01165	0.00799	0.01041	0.03653	0.01343	0.00750	0.00780	0.01330	0.01558	0.05065	0.06810	0.48099	0.07397	0.11482	0.01372	0.00361	0.00532	0.01843	0.00694	0.03926
75	0.02576	0.02823	0.04863	0.02830	0.18745	0.29255	0.07854	0.16198	0.02404	0.02841	0.01482	0.01741	0.01168	0.00802	0.00772	0.00227	0.01171	0.00647	0.00485	0.01119
76	0.01563	0.01344	0.02078	0.49481	0.04281	0.01594	0.01819	0.05915	0.01742	0.02364	0.04375	0.02373	0.01495	0.01130	0.04604	0.00305	0.00992	0.00736	0.07248	0.04563
77	0.02017	0.07953	0.06700	0.08057	0.42849	0.08582	0.02192	0.02549	0.04872	0.02441	0.01494	0.01888	0.01236	0.00762	0.00811	0.00235	0.03130	0.00666	0.00402	0.01163
78	0.01039	0.00774	0.00996	0.01111	0.01185	0.00760	0.00774	0.01191	0.01535	0.02035	0.06168	0.49759	0.11176	0.09321	0.01383	0.00363	0.03743	0.05342	0.00696	0.00648
79	0.01952	0.01536	0.01767	0.03829	0.02053	0.01479	0.01142	0.20662	0.05158	0.03203	0.02138	0.09866	0.01952	0.04200	0.00890	0.00228	0.00692	0.03619	0.00619	0.33015
80	0.01074	0.00805	0.00996	0.00956	0.01157	0.00726	0.00714	0.01399	0.02118	0.02898	0.50936	0.08649	0.21171	0.01742	0.00938	0.00256	0.00384	0.01519	0.00836	0.00726
81	0.01925	0.01590	0.01696	0.01521	0.01953	0.01799	0.01186	0.05658	0.53316	0.05287	0.03636	0.03396	0.08890	0.01314	0.02932	0.00298	0.00660	0.00965	0.00793	0.01185
82	0.01033	0.00726	0.00939	0.01083	0.01131	0.00694	0.00728	0.01160	0.01466	0.01950	0.03956	0.52109	0.04683	0.17327	0.01665	0.00421	0.00549	0.07083	0.00681	0.00616
83	0.01589	0.01520	0.02149	0.01886	0.01920	0.02080	0.01555	0.01789	0.01229	0.01892	0.01304	0.02070	0.01269	0.02494	0.18701	0.00572	0.54055	0.00732	0.00366	0.00829
84	0.01211	0.00964	0.01424	0.01379	0.01502	0.01178	0.01088	0.01480	0.01267	0.01850	0.01984	0.02936	0.01860	0.05356	0.60385	0.01154	0.11010	0.00829	0.00415	0.00729
85	0.02008	0.02194	0.05448	0.01803	0.04993	0.26323	0.01418	0.02317	0.01973	0.05155	0.04695	0.11462	0.05255	0.01483	0.00888	0.00276	0.00973	0.19881	0.00589	0.00867

[dist]
# distance from previous block
# <min> <max>
0	1

[block]
# block no. 4 follows, 24 sequences, length 30
# corresponding to MSA columns:
# 439-468
name=unknown_E
#
# <colnr> <probs for GDERKNQSTAVLIFYWHMCP>
#	G	D	E	R	K	N	Q	S	T	A	V	L	I	F	Y	W	H	M	C	P
0	0.13921	0.17245	0.06409	0.10346	0.24080	0.02179	0.04531	0.07847	0.01833	0.02729	0.01375	0.01711	0.01112	0.00737	0.00685	0.00228	0.00906	0.00606	0.00425	0.01096
1	0.01352	0.01116	0.01354	0.01505	0.09391	0.01072	0.00999	0.07856	0.04823	0.02640	0.11764	0.09887	0.37142	0.01701	0.00910	0.00267	0.00540	0.04120	0.00716	0.00844
2	0.02776	0.02367	0.02139	0.01735	0.02258	0.17002	0.01390	0.42255	0.03140	0.04047	0.04646	0.02073	0.01608	0.00949	0.00760	0.00226	0.00927	0.00703	0.07831	0.01170
3	0.01142	0.00761	0.00897	0.00923	0.00959	0.00758	0.00566	0.01222	0.01307	0.01807	0.06167	0.15406	0.03394	0.49436	0.06598	0.00661	0.00745	0.01298	0.05401	0.00549
4	0.02759	0.02261	0.02350	0.02005	0.06144	0.09567	0.01546	0.45543	0.03125	0.04140	0.01752	0.01884	0.01307	0.00964	0.00949	0.00242	0.07649	0.00691	0.03898	0.01224
5	0.01037	0.00789	0.00926	0.00924	0.01104	0.00708	0.00664	0.01278	0.01876	0.02475	0.30331	0.14510	0.28889	0.09419	0.01277	0.00321	0.00437	0.01594	0.00763	0.00677
6	0.01892	0.05285	0.08974	0.06917	0.43164	0.01928	0.13158	0.02425	0.01783	0.02518	0.01482	0.01934	0.01204	0.00703	0.00790	0.00237	0.01021	0.00716	0.00387	0.03481
7	0.01833	0.00968	0.01288	0.01118	0.01430	0.00870	0.00870	0.02188	0.02252	0.22026	0.48188	0.04982	0.05871	0.01434	0.00895	0.00248	0.00462	0.01248	0.00905	0.00924
8	0.02101	0.62158	0.10908	0.01485	0.02204	0.05978	0.01533	0.02425	0.01647	0.01938	0.01142	0.01322	0.01016	0.00693	0.00544	0.00180	0.00909	0.00445	0.00342	0.01030
9	0.01097	0.00816	0.01026	0.01078	0.01175	0.00817	0.00762	0.01278	0.01606	0.02182	0.13386	0.34009	0.13131	0.12141	0.01519	0.00366	0.05369	0.03673	0.03908	0.00662
10	0.10991	0.06906	0.02308	0.02135	0.11668	0.19132	0.01487	0.19420	0.08761	0.03152	0.01694	0.01961	0.01364	0.04605	0.00892	0.00257	0.00964	0.00652	0.00558	0.01094
11	0.02542	0.06449	0.05893	0.01674	0.02179	0.11077	0.04923	0.02993	0.06277	0.26945	0.04705	0.02809	0.07867	0.01076	0.00995	0.00252	0.08738	0.00826	0.00680	0.01099
12	0.01866	0.01569	0.01832	0.05698	0.08582	0.01769	0.01311	0.05989	0.42288	0.03009	0.02777	0.03040	0.02221	0.09712	0.01187	0.00321	0.00699	0.00883	0.04127	0.01120
13	0.01777	0.01405	0.01658	0.01191	0.01889	0.01065	0.00955	0.02127	0.01688	0.07112	0.01529	0.01718	0.01229	0.00615	0.00602	0.00126	0.00593	0.00493	0.00505	0.71723
14	0.02317	0.20149	0.13136	0.06045	0.09543	0.04471	0.01776	0.21312	0.02335	0.05936	0.01615	0.01793	0.01231	0.00812	0.00701	0.00221	0.00919	0.00617	0.03912	0.01159
15	0.14084	0.22881	0.02013	0.01104	0.01519	0.01657	0.00947	0.01999	0.01794	0.06315	0.19438	0.06056	0.10619	0.01189	0.00705	0.00225	0.00581	0.00943	0.05060	0.00869
16	0.00964	0.00697	0.00913	0.01087	0.01146	0.00646	0.00729	0.01106	0.01535	0.02031	0.04579	0.67977	0.08747	0.02457	0.01008	0.00319	0.00457	0.02221	0.00736	0.00646
17	0.00995	0.00760	0.00965	0.04661	0.01345	0.00715	0.00769	0.01163	0.01578	0.02033	0.05050	0.49088	0.20331	0.05278	0.01112	0.00325	0.00490	0.01980	0.00705	0.00656
18	0.01732	0.02355	0.19486	0.03199	0.22675	0.01758	0.19374	0.02395	0.03679	0.02529	0.01948	0.06258	0.01716	0.00944	0.00859	0.00265	0.01055	0.06228	0.00441	0.01105
19	0.01505	0.00950	0.01168	0.01103	0.01352	0.00903	0.00844	0.01888	0.05946	0.11650	0.20124	0.05784	0.17794	0.13004	0.04499	0.00397	0.00625	0.08907	0.00754	0.00802
20	0.01122	0.00771	0.00876	0.00881	0.00920	0.00752	0.00523	0.01173	0.01306	0.01731	0.07553	0.08958	0.08979	0.57364	0.03387	0.00665	0.00693	0.01277	0.00544	0.00524
21	0.06750	0.01274	0.04242	0.24940	0.02920	0.01340	0.03490	0.01787	0.01484	0.05005	0.02201	0.06926	0.05815	0.01553	0.01467	0.18791	0.04508	0.04300	0.00457	0.00751
22	0.01678	0.02420	0.22260	0.26127	0.16082	0.01852	0.13577	0.02336	0.01704	0.02366	0.01464	0.01961	0.01105	0.00743	0.00805	0.00256	0.01120	0.00711	0.00363	0.01070
23	0.01665	0.01285	0.01652	0.09886	0.05745	0.01347	0.01199	0.16826	0.02479	0.03401	0.36979	0.04333	0.07315	0.01322	0.00875	0.00248	0.00611	0.01140	0.00757	0.00935
24	0.01398	0.00906	0.01231	0.01351	0.01536	0.00885	0.01099	0.01748	0.03805	0.07885	0.04130	0.27663	0.04484	0.02143	0.01035	0.00338	0.00638	0.36196	0.00756	0.00773
25	0.04392	0.01690	0.06334	0.01422	0.02007	0.03871	0.01209	0.11650	0.02159	0.24533	0.04936	0.05437	0.01982	0.05494	0.00954	0.00249	0.00728	0.00783	0.00705	0.19464
26	0.02201	0.39763	0.11898	0.02016	0.08933	0.06539	0.04404	0.11221	0.01986	0.02496	0.01324	0.01529	0.01095	0.00737	0.00638	0.00203	0.00957	0.00541	0.00415	0.01105
27	0.09495	0.02085	0.08727	0.09122	0.12219	0.04052	0.22491	0.06296	0.01831	0.02654	0.01835	0.02232	0.04975	0.00869	0.00981	0.00263	0.07605	0.00794	0.00438	0.01036
28	0.32199	0.15649	0.02129	0.07686	0.05461	0.01989	0.01233	0.08535	0.01789	0.09237	0.01526	0.01705	0.01163	0.00786	0.00600	0.00227	0.00732	0.00552	0.05804	0.00999
29	0.01388	0.01225	0.01690	0.04438	0.01892	0.05012	0.09836	0.05131	0.01860	0.02444	0.14861	0.31635	0.07188	0.06246	0.01138	0.00313	0.00691	0.01566	0.00665	0.00780

[dist]
# distance from previous block
# <min> <max>
1	4

[block]
# block no. 5 follows, 24 sequences, length 81
# corresponding to MSA columns:
# 498-524,532-585
name=unknown_F
#
# <colnr> <probs for GDERKNQSTAVLIFYWHMCP>
#	G	D	E	R	K	N	Q	S	T	A	V	L	I	F	Y	W	H	M	C	P
0	0.02127	0.01638	0.08324	0.05547	0.02149	0.01487	0.01326	0.09804	0.18363	0.14794	0.02587	0.02724	0.05060	0.01433	0.01337	0.18082	0.00747	0.00806	0.00652	0.01011
1	0.02712	0.07037	0.02281	0.01645	0.02249	0.02150	0.01361	0.39631	0.10562	0.10818	0.04248	0.02179	0.01706	0.00944	0.00763	0.00228	0.00782	0.00728	0.00759	0.07217
2	0.09764	0.24646	0.19038	0.01723	0.02456	0.07038	0.04749	0.08170	0.01934	0.07497	0.04904	0.01836	0.01449	0.00809	0.00673	0.00221	0.00935	0.00603	0.00479	0.01076
3	0.02189	0.34496	0.12937	0.01648	0.02323	0.13712	0.01594	0.07835	0.05194	0.02357	0.01401	0.01583	0.01158	0.00927	0.02902	0.00232	0.01013	0.00529	0.00423	0.05548
4	0.01131	0.00899	0.01229	0.01301	0.01354	0.00997	0.00953	0.01299	0.01483	0.02040	0.05307	0.51004	0.04347	0.02434	0.04887	0.00377	0.13178	0.04433	0.00653	0.00694
5	0.01248	0.00939	0.01173	0.01107	0.01330	0.00926	0.00846	0.01879	0.10982	0.03156	0.54701	0.05674	0.06630	0.01576	0.00926	0.00258	0.00428	0.04548	0.00856	0.00817
6	0.00966	0.00690	0.00920	0.01104	0.01150	0.00644	0.00736	0.01104	0.01518	0.02024	0.04371	0.71614	0.05245	0.02484	0.01012	0.00322	0.00460	0.02254	0.00736	0.00644
7	0.01963	0.01884	0.03219	0.04867	0.67185	0.01884	0.02434	0.02434	0.01806	0.02591	0.01492	0.01963	0.01256	0.00707	0.00785	0.00236	0.00942	0.00707	0.00393	0.01256
8	0.01102	0.00810	0.01032	0.00976	0.01172	0.00740	0.00732	0.01457	0.02197	0.03067	0.60351	0.06110	0.13969	0.01663	0.00935	0.00251	0.00377	0.01460	0.00858	0.00740
9	0.01911	0.01225	0.01295	0.01140	0.01461	0.01315	0.00882	0.14590	0.13605	0.05375	0.02579	0.02903	0.02027	0.06095	0.00906	0.00254	0.00553	0.00794	0.40137	0.00952
10	0.77733	0.01534	0.01166	0.01043	0.01534	0.01779	0.00859	0.02331	0.01350	0.03558	0.01104	0.01288	0.00859	0.00736	0.00491	0.00245	0.00613	0.00429	0.00491	0.00859
11	0.01498	0.01409	0.02378	0.70226	0.05462	0.01762	0.02202	0.02026	0.01586	0.02026	0.01409	0.02114	0.01057	0.00793	0.00793	0.00264	0.01057	0.00705	0.00352	0.00881
12	0.01621	0.08042	0.64350	0.02208	0.03352	0.01916	0.02839	0.02503	0.01671	0.02474	0.01405	0.01651	0.01005	0.00749	0.00739	0.00246	0.01153	0.00577	0.00335	0.01163
13	0.01590	0.04102	0.68023	0.02260	0.03432	0.01842	0.02930	0.02511	0.01674	0.02511	0.01423	0.01674	0.01005	0.00753	0.00753	0.00251	0.01172	0.00586	0.00335	0.01172
14	0.01151	0.00777	0.00908	0.00908	0.00923	0.00792	0.00535	0.01181	0.01166	0.01570	0.02459	0.04970	0.02788	0.65125	0.10912	0.00822	0.00912	0.01121	0.00475	0.00505
15	0.00992	0.00714	0.00899	0.01035	0.01098	0.00666	0.00682	0.01115	0.01492	0.01961	0.04466	0.54589	0.11360	0.13229	0.01473	0.00386	0.00502	0.02023	0.00697	0.00621
16	0.02653	0.05268	0.02203	0.01659	0.02221	0.02239	0.01364	0.45773	0.13182	0.04380	0.02144	0.02147	0.01571	0.00956	0.00758	0.00234	0.00782	0.00732	0.08477	0.01256
