[name]
unknown

[dist]
# distance from previous block
# <min> <max>
0	21

[block]
# block no. 0 follows, 23 sequences, length 17
# corresponding to MSA columns:
# 21-37
name=unknown_A
#
# <colnr> <probs for GDERKNQSTAVLIFYWHMCP>
#	G	D	E	R	K	N	Q	S	T	A	V	L	I	F	Y	W	H	M	C	P
0	0.15508	0.02129	0.02111	0.01698	0.02278	0.06474	0.01391	0.40800	0.06243	0.07677	0.01995	0.02203	0.01497	0.00988	0.00768	0.00250	0.00856	0.03158	0.00742	0.01236
1	0.06668	0.05560	0.02409	0.10962	0.02859	0.21261	0.01604	0.32285	0.02867	0.03595	0.01604	0.01778	0.01203	0.00889	0.00760	0.00235	0.01067	0.00642	0.00602	0.01149
2	0.01820	0.01698	0.02814	0.37616	0.32368	0.01893	0.02323	0.05301	0.01830	0.02479	0.01504	0.02084	0.01187	0.00780	0.00808	0.00256	0.01020	0.00722	0.00401	0.01095
3	0.01177	0.00849	0.01200	0.01191	0.01328	0.00942	0.00899	0.01451	0.01443	0.02088	0.10817	0.03808	0.02892	0.12690	0.48591	0.01049	0.01687	0.00980	0.04212	0.00705
4	0.02178	0.01849	0.03213	0.05846	0.08312	0.01719	0.26862	0.07756	0.02054	0.11452	0.01810	0.02107	0.01338	0.00741	0.00820	0.00228	0.01005	0.00774	0.00538	0.19399
5	0.01147	0.00945	0.01025	0.00999	0.01275	0.00881	0.00764	0.01658	0.09864	0.02566	0.18897	0.06927	0.43478	0.01866	0.00950	0.00275	0.00451	0.04465	0.00790	0.00779
6	0.01148	0.00829	0.01085	0.01021	0.01212	0.00766	0.00766	0.01531	0.02297	0.03254	0.65994	0.06061	0.07656	0.01659	0.00957	0.00255	0.00383	0.01467	0.00893	0.00766
7	0.01148	0.00829	0.01085	0.01021	0.01212	0.00766	0.00766	0.01531	0.02297	0.03254	0.65994	0.06061	0.07656	0.01659	0.00957	0.00255	0.00383	0.01467	0.00893	0.00766
8	0.01862	0.02341	0.10855	0.07570	0.04255	0.02019	0.53511	0.02562	0.01876	0.02562	0.01610	0.02140	0.01201	0.00701	0.00930	0.00272	0.01333	0.00907	0.00400	0.01092
9	0.77215	0.01569	0.01193	0.01067	0.01569	0.01820	0.00879	0.02385	0.01381	0.03641	0.01130	0.01318	0.00879	0.00753	0.00502	0.00251	0.00628	0.00439	0.00502	0.00879
10	0.01627	0.04197	0.67279	0.02313	0.03512	0.01884	0.02998	0.02570	0.01713	0.02570	0.01456	0.01713	0.01028	0.00771	0.00771	0.00257	0.01199	0.00600	0.00343	0.01199
11	0.03641	0.01381	0.01883	0.01444	0.02071	0.01193	0.01193	0.03954	0.02322	0.66984	0.03201	0.02762	0.02009	0.01004	0.00816	0.00251	0.00690	0.00816	0.01004	0.01381
12	0.02889	0.02531	0.11149	0.01927	0.02650	0.02431	0.01738	0.55499	0.03533	0.04772	0.01882	0.01917	0.01333	0.00947	0.00806	0.00245	0.00934	0.00713	0.00749	0.01356
13	0.01627	0.04197	0.67279	0.02313	0.03512	0.01884	0.02998	0.02570	0.01713	0.02570	0.01456	0.01713	0.01028	0.00771	0.00771	0.00257	0.01199	0.00600	0.00343	0.01199
14	0.02018	0.01743	0.01835	0.01651	0.02110	0.02018	0.01284	0.04312	0.64956	0.03394	0.03303	0.03027	0.02477	0.01101	0.00826	0.00275	0.00642	0.00917	0.00826	0.01284
15	0.02169	0.71972	0.04252	0.01388	0.02083	0.03211	0.01388	0.02430	0.01649	0.01909	0.01128	0.01302	0.01041	0.00694	0.00521	0.00174	0.00868	0.00434	0.00347	0.01041
16	0.03085	0.02273	0.02435	0.01867	0.02516	0.02516	0.01542	0.63716	0.03815	0.05114	0.01948	0.01948	0.01380	0.00974	0.00812	0.00244	0.00893	0.00731	0.00812	0.01380

[dist]
# distance from previous block
# <min> <max>
0	2

[block]
# block no. 1 follows, 23 sequences, length 11
# corresponding to MSA columns:
# 40-50
name=unknown_B
#
# <colnr> <probs for GDERKNQSTAVLIFYWHMCP>
#	G	D	E	R	K	N	Q	S	T	A	V	L	I	F	Y	W	H	M	C	P
0	0.02169	0.71972	0.04252	0.01388	0.02083	0.03211	0.01388	0.02430	0.01649	0.01909	0.01128	0.01302	0.01041	0.00694	0.00521	0.00174	0.00868	0.00434	0.00347	0.01041
1	0.02013	0.45177	0.16967	0.01959	0.02778	0.02726	0.13482	0.02490	0.01712	0.02172	0.01291	0.01552	0.01075	0.00708	0.00654	0.00209	0.01029	0.00566	0.00358	0.01083
2	0.01627	0.04197	0.67279	0.02313	0.03512	0.01884	0.02998	0.02570	0.01713	0.02570	0.01456	0.01713	0.01028	0.00771	0.00771	0.00257	0.01199	0.00600	0.00343	0.01199
3	0.01269	0.00853	0.01102	0.01037	0.01251	0.00778	0.00778	0.01619	0.02216	0.06826	0.53896	0.10187	0.11684	0.01708	0.00954	0.00261	0.00409	0.01502	0.00880	0.00789
4	0.01211	0.00901	0.01294	0.01276	0.01402	0.01052	0.00979	0.01473	0.01311	0.01920	0.02180	0.03308	0.02070	0.11730	0.55233	0.01147	0.05343	0.00884	0.04572	0.00712
5	0.01011	0.00839	0.00894	0.00922	0.01183	0.00722	0.00719	0.01241	0.01852	0.02227	0.07636	0.08009	0.56949	0.02083	0.00983	0.00289	0.00461	0.10532	0.00753	0.00694
6	0.02018	0.01743	0.01835	0.01651	0.02110	0.02018	0.01284	0.04312	0.64956	0.03394	0.03303	0.03027	0.02477	0.01101	0.00826	0.00275	0.00642	0.00917	0.00826	0.01284
7	0.02983	0.02222	0.02378	0.01846	0.02478	0.02469	0.01518	0.58048	0.09649	0.04950	0.02077	0.02051	0.01485	0.00986	0.00813	0.00247	0.00869	0.00748	0.00813	0.01371
8	0.01606	0.00899	0.01210	0.01210	0.01426	0.00825	0.00909	0.01866	0.01922	0.15687	0.18697	0.34654	0.05139	0.01985	0.00982	0.00301	0.00526	0.08476	0.00837	0.00842
9	0.07990	0.01716	0.02017	0.14408	0.02783	0.01813	0.01417	0.18455	0.13250	0.06410	0.01955	0.02099	0.01460	0.00855	0.00737	0.00224	0.00781	0.00679	0.00630	0.20319
10	0.02669	0.01643	0.01945	0.01454	0.02127	0.01497	0.01188	0.19003	0.02449	0.23492	0.02128	0.02092	0.01502	0.00827	0.00724	0.00194	0.00706	0.00652	0.00733	0.32974

[dist]
# distance from previous block
# <min> <max>
0	8

[block]
# block no. 2 follows, 23 sequences, length 23
# corresponding to MSA columns:
# 59-81
name=unknown_C
#
# <colnr> <probs for GDERKNQSTAVLIFYWHMCP>
#	G	D	E	R	K	N	Q	S	T	A	V	L	I	F	Y	W	H	M	C	P
0	0.02514	0.01820	0.05881	0.01609	0.02162	0.01770	0.01355	0.20340	0.20677	0.18126	0.03218	0.07776	0.06683	0.01194	0.00841	0.00264	0.00729	0.00978	0.00823	0.01241
1	0.11039	0.01474	0.01705	0.01384	0.01866	0.01493	0.01119	0.19431	0.02618	0.22761	0.22379	0.03413	0.03485	0.01173	0.00824	0.00250	0.00642	0.00955	0.00860	0.01130
2	0.69157	0.06059	0.01442	0.04042	0.01775	0.01908	0.00971	0.02375	0.01408	0.03462	0.01143	0.01354	0.00898	0.00752	0.00517	0.00247	0.00663	0.00451	0.00486	0.00890
3	0.02253	0.01149	0.01589	0.01411	0.01781	0.01065	0.03463	0.02678	0.06678	0.29696	0.07059	0.26491	0.03646	0.01644	0.00926	0.00289	0.00626	0.05657	0.00858	0.01040
4	0.02009	0.01908	0.03137	0.04622	0.59498	0.01938	0.02360	0.02686	0.08641	0.02731	0.01718	0.02118	0.01414	0.00764	0.00806	0.00245	0.00929	0.00744	0.00447	0.01285
5	0.01136	0.00829	0.01067	0.01008	0.01205	0.00760	0.00756	0.01507	0.02268	0.03184	0.62212	0.06176	0.11481	0.01685	0.00957	0.00256	0.00385	0.01483	0.00884	0.00760
6	0.01837	0.01440	0.01860	0.01408	0.02025	0.01199	0.05412	0.06499	0.01907	0.07363	0.04617	0.09984	0.02019	0.00930	0.00721	0.00179	0.00658	0.00807	0.00585	0.48548
7	0.77215	0.01569	0.01193	0.01067	0.01569	0.01820	0.00879	0.02385	0.01381	0.03641	0.01130	0.01318	0.00879	0.00753	0.00502	0.00251	0.00628	0.00439	0.00502	0.00879
8	0.01627	0.04197	0.67279	0.02313	0.03512	0.01884	0.02998	0.02570	0.01713	0.02570	0.01456	0.01713	0.01028	0.00771	0.00771	0.00257	0.01199	0.00600	0.00343	0.01199
9	0.03641	0.01381	0.01883	0.01444	0.02071	0.01193	0.01193	0.03954	0.02322	0.66984	0.03201	0.02762	0.02009	0.01004	0.00816	0.00251	0.00690	0.00816	0.01004	0.01381
10	0.02909	0.02169	0.02341	0.01784	0.02442	0.02337	0.01470	0.56006	0.03549	0.04805	0.01885	0.01915	0.01358	0.00927	0.00785	0.00228	0.00856	0.00699	0.00770	0.10764
11	0.01627	0.04197	0.67279	0.02313	0.03512	0.01884	0.02998	0.02570	0.01713	0.02570	0.01456	0.01713	0.01028	0.00771	0.00771	0.00257	0.01199	0.00600	0.00343	0.01199
12	0.02018	0.01743	0.01835	0.01651	0.02110	0.02018	0.01284	0.04312	0.64956	0.03394	0.03303	0.03027	0.02477	0.01101	0.00826	0.00275	0.00642	0.00917	0.00826	0.01284
13	0.02131	0.67174	0.08713	0.01454	0.02184	0.03117	0.01502	0.02440	0.01653	0.01956	0.01151	0.01331	0.01040	0.00700	0.00538	0.00179	0.00891	0.00446	0.00347	0.01052
14	0.03085	0.02273	0.02435	0.01867	0.02516	0.02516	0.01542	0.63716	0.03815	0.05114	0.01948	0.01948	0.01380	0.00974	0.00812	0.00244	0.00893	0.00731	0.00812	0.01380
15	0.01666	0.09040	0.62776	0.02247	0.03410	0.01979	0.02883	0.02560	0.01709	0.02522	0.01433	0.01684	0.01029	0.00765	0.00753	0.00251	0.01176	0.00588	0.00343	0.01188
16	0.38299	0.25993	0.13929	0.01397	0.02088	0.02305	0.01427	0.02433	0.01531	0.02862	0.01187	0.01382	0.00960	0.00736	0.00556	0.00226	0.00811	0.00466	0.00421	0.00991
17	0.01771	0.22114	0.50618	0.02068	0.03134	0.02235	0.02572	0.02533	0.01696	0.02395	0.01369	0.01604	0.01031	0.00751	0.00705	0.00235	0.01112	0.00556	0.00344	0.01157
18	0.09968	0.02074	0.15405	0.01743	0.02491	0.01477	0.09710	0.02555	0.04023	0.11324	0.06485	0.02229	0.01762	0.00812	0.00735	0.00215	0.00825	0.00696	0.00557	0.24914
19	0.06081	0.17135	0.36714	0.02097	0.03051	0.02093	0.09471	0.02683	0.01771	0.09374	0.01581	0.01777	0.01151	0.00769	0.00733	0.00241	0.01067	0.00623	0.00431	0.01157
20	0.06010	0.06714	0.10024	0.07439	0.10511	0.06022	0.20917	0.02598	0.06252	0.02574	0.01583	0.01956	0.01241	0.00771	0.00866	0.00243	0.03916	0.00724	0.00435	0.09206
21	0.02555	0.05825	0.01903	0.01409	0.01914	0.01327	0.03103	0.05091	0.06877	0.31494	0.03010	0.07682	0.05949	0.01309	0.01059	0.08439	0.00687	0.00917	0.00766	0.08683
22	0.14369	0.06484	0.02134	0.16309	0.02748	0.01691	0.05157	0.02510	0.05198	0.12466	0.09210	0.02526	0.02070	0.00964	0.00877	0.00250	0.05671	0.00766	0.03193	0.05406

[dist]
# distance from previous block
# <min> <max>
2	7

[block]
# block no. 3 follows, 23 sequences, length 16
# corresponding to MSA columns:
# 89-104
name=unknown_D
#
# <colnr> <probs for GDERKNQSTAVLIFYWHMCP>
#	G	D	E	R	K	N	Q	S	T	A	V	L	I	F	Y	W	H	M	C	P
0	0.02053	0.04835	0.08266	0.07428	0.03070	0.02056	0.18553	0.16378	0.09676	0.03213	0.08892	0.02552	0.02070	0.00978	0.00993	0.00266	0.06142	0.00871	0.00587	0.01121
1	0.02191	0.06927	0.34804	0.02251	0.03197	0.02074	0.11131	0.16840	0.02273	0.08094	0.01714	0.01894	0.01215	0.00819	0.00797	0.00251	0.01095	0.00689	0.00512	0.01231
2	0.04914	0.02217	0.02154	0.01751	0.02276	0.16793	0.03897	0.22433	0.02653	0.17809	0.02739	0.02695	0.08999	0.01077	0.00885	0.00247	0.03772	0.00818	0.00716	0.01154
3	0.10648	0.01547	0.01994	0.05132	0.02316	0.01545	0.06302	0.05322	0.15969	0.21502	0.07464	0.02672	0.02193	0.00959	0.00778	0.00242	0.00720	0.00808	0.00742	0.11144
4	0.01854	0.02203	0.08275	0.02615	0.05660	0.09016	0.31071	0.02364	0.01836	0.02438	0.01943	0.11880	0.01783	0.00992	0.00942	0.00257	0.03551	0.01002	0.00461	0.09855
5	0.01417	0.06595	0.01616	0.01583	0.09060	0.01267	0.01084	0.04371	0.08843	0.02519	0.07400	0.12755	0.30144	0.01699	0.00908	0.00275	0.00589	0.06297	0.00696	0.00882
6	0.01046	0.00740	0.00934	0.01050	0.01105	0.00699	0.00685	0.01174	0.01531	0.02046	0.08893	0.47547	0.07277	0.19247	0.01780	0.00433	0.00539	0.01945	0.00700	0.00628
7	0.01890	0.01787	0.02982	0.31695	0.15542	0.02025	0.12260	0.09447	0.01926	0.02607	0.01508	0.02072	0.01176	0.00861	0.01038	0.00272	0.08668	0.00760	0.00428	0.01057
8	0.02035	0.01793	0.02714	0.27762	0.27555	0.01954	0.02125	0.14762	0.02156	0.02940	0.01577	0.02035	0.01225	0.00800	0.00797	0.00246	0.00972	0.00710	0.00474	0.05368
9	0.02220	0.50230	0.16987	0.01585	0.02376	0.02715	0.01699	0.02626	0.01736	0.09205	0.01424	0.01547	0.01145	0.00744	0.00605	0.00199	0.00917	0.00510	0.00418	0.01111
10	0.00982	0.00732	0.00914	0.01060	0.01159	0.00665	0.00722	0.01138	0.01621	0.02099	0.05324	0.56605	0.19166	0.02431	0.01018	0.00317	0.00457	0.02172	0.00753	0.00665
11	0.01708	0.01465	0.01694	0.01236	0.01937	0.01153	0.00986	0.02217	0.06520	0.02701	0.01584	0.01785	0.01299	0.00639	0.00618	0.00132	0.00604	0.00514	0.00507	0.70698
12	0.01601	0.01356	0.01596	0.01193	0.01836	0.01032	0.00937	0.01936	0.01667	0.02577	0.01797	0.09802	0.01690	0.00828	0.00652	0.00145	0.00586	0.00695	0.00513	0.67560
13	0.00989	0.00706	0.00942	0.01130	0.01177	0.00659	0.00753	0.01130	0.01554	0.02071	0.04472	0.70954	0.05367	0.02542	0.01036	0.00330	0.00471	0.02307	0.00753	0.00659
14	0.01025	0.00816	0.00919	0.00912	0.01141	0.00710	0.00677	0.01285	0.01977	0.02539	0.27324	0.12050	0.41837	0.01959	0.00964	0.00272	0.00406	0.01676	0.00800	0.00710
15	0.01148	0.00829	0.01085	0.01021	0.01212	0.00766	0.00766	0.01531	0.02297	0.03254	0.65994	0.06061	0.07656	0.01659	0.00957	0.00255	0.00383	0.01467	0.00893	0.00766

[dist]
# distance from previous block
# <min> <max>
0	1

[block]
# block no. 4 follows, 23 sequences, length 6
# corresponding to MSA columns:
# 106-111
name=unknown_E
#
# <colnr> <probs for GDERKNQSTAVLIFYWHMCP>
#	G	D	E	R	K	N	Q	S	T	A	V	L	I	F	Y	W	H	M	C	P
0	0.05796	0.01640	0.02630	0.46047	0.14700	0.01901	0.05413	0.07703	0.01857	0.02549	0.01495	0.02076	0.01138	0.00802	0.00801	0.00262	0.01037	0.00720	0.00418	0.01014
1	0.08819	0.31161	0.13357	0.01709	0.02416	0.12922	0.01658	0.14313	0.02153	0.02788	0.01357	0.01518	0.01091	0.00787	0.00648	0.00212	0.00998	0.00531	0.00460	0.01102
2	0.02270	0.01829	0.02095	0.08916	0.02505	0.07777	0.01458	0.06832	0.13360	0.12904	0.01996	0.02166	0.01517	0.00996	0.01159	0.00251	0.15407	0.00707	0.00603	0.15252
3	0.01794	0.01969	0.11559	0.02331	0.18178	0.01460	0.01655	0.05216	0.01827	0.02731	0.01622	0.04795	0.01387	0.00759	0.00705	0.00185	0.00786	0.00650	0.00469	0.39922
4	0.02095	0.39679	0.13436	0.01501	0.02184	0.02363	0.01527	0.02582	0.04759	0.09647	0.10881	0.02299	0.02170	0.00900	0.00671	0.00212	0.00820	0.00675	0.00522	0.01076
5	0.01377	0.01134	0.01407	0.12003	0.02094	0.01149	0.01074	0.04514	0.09036	0.02598	0.13389	0.11883	0.20529	0.04573	0.01032	0.00287	0.00610	0.03022	0.00686	0.07602

[dist]
# distance from previous block
# <min> <max>
0	3

[block]
# block no. 5 follows, 23 sequences, length 12
# corresponding to MSA columns:
# 115-126
name=unknown_F
#
# <colnr> <probs for GDERKNQSTAVLIFYWHMCP>
#	G	D	E	R	K	N	Q	S	T	A	V	L	I	F	Y	W	H	M	C	P
0	0.01873	0.01507	0.01710	0.01418	0.01847	0.08345	0.05305	0.02442	0.08527	0.09237	0.23995	0.03559	0.03686	0.01117	0.00803	0.00222	0.00665	0.00959	0.07615	0.15169
1	0.15890	0.02775	0.34825	0.01783	0.02618	0.01604	0.02005	0.02674	0.01761	0.16002	0.02065	0.08956	0.01648	0.00997	0.00758	0.00262	0.00914	0.00790	0.00551	0.01122
2	0.01862	0.23094	0.30866	0.02138	0.08852	0.02210	0.02139	0.02633	0.07499	0.02469	0.01536	0.01740	0.01205	0.00759	0.00691	0.00220	0.00974	0.00582	0.00407	0.08125
3	0.01704	0.15278	0.22033	0.29772	0.03954	0.02160	0.02264	0.02273	0.01613	0.02177	0.01348	0.01829	0.01056	0.00843	0.00945	0.00258	0.08495	0.00631	0.00352	0.01014
4	0.01920	0.14415	0.02205	0.01623	0.08139	0.01701	0.01179	0.12187	0.02048	0.02901	0.07304	0.02584	0.02042	0.08087	0.01030	0.00250	0.00710	0.00724	0.08667	0.20284
5	0.16079	0.01701	0.01795	0.01442	0.01981	0.01770	0.01161	0.28644	0.02590	0.03893	0.07478	0.08748	0.02177	0.01068	0.00746	0.00229	0.00701	0.00842	0.00690	0.16265
6	0.01844	0.01335	0.01751	0.13854	0.02499	0.01273	0.01268	0.07452	0.02066	0.09780	0.14934	0.03507	0.02913	0.01085	0.00802	0.00224	0.00694	0.06577	0.00652	0.25489
7	0.01966	0.01443	0.01770	0.08201	0.07691	0.01566	0.01292	0.12826	0.17303	0.06355	0.07066	0.09574	0.02601	0.01165	0.00799	0.00253	0.00670	0.00989	0.15402	0.01068
8	0.01660	0.01471	0.02120	0.08970	0.15718	0.01627	0.01575	0.06131	0.01724	0.02445	0.02258	0.21226	0.02355	0.01400	0.01263	0.00280	0.16289	0.01135	0.00523	0.09829
9	0.01738	0.01872	0.14074	0.26208	0.11490	0.01545	0.03790	0.02244	0.01737	0.09237	0.02260	0.15965	0.02063	0.01158	0.00853	0.00274	0.00932	0.01035	0.00512	0.01012
10	0.01714	0.01596	0.08754	0.10162	0.02405	0.01355	0.01407	0.04039	0.03860	0.08454	0.08837	0.15397	0.02723	0.01256	0.00976	0.00249	0.06702	0.01042	0.00603	0.18469
11	0.02190	0.13462	0.09194	0.02187	0.02794	0.02345	0.16262	0.19790	0.02243	0.03041	0.01587	0.02006	0.01283	0.03387	0.03613	0.00314	0.11946	0.00741	0.00503	0.01111

[dist]
# distance from previous block
# <min> <max>
1	4

[block]
# block no. 6 follows, 23 sequences, length 85
# corresponding to MSA columns:
# 131-215
name=unknown_G
#
# <colnr> <probs for GDERKNQSTAVLIFYWHMCP>
#	G	D	E	R	K	N	Q	S	T	A	V	L	I	F	Y	W	H	M	C	P
0	0.02508	0.29239	0.10931	0.01917	0.04979	0.18846	0.01703	0.15896	0.02293	0.02729	0.01392	0.01558	0.01123	0.00800	0.00677	0.00210	0.01063	0.00551	0.00467	0.01118
1	0.02166	0.01816	0.01918	0.01681	0.02166	0.02087	0.01320	0.12540	0.56487	0.03633	0.03115	0.02878	0.02325	0.01083	0.00824	0.00271	0.00677	0.00892	0.00824	0.01298
2	0.00989	0.00706	0.00942	0.01130	0.01177	0.00659	0.00753	0.01130	0.01554	0.02071	0.04472	0.70954	0.05367	0.02542	0.01036	0.00330	0.00471	0.02307	0.00753	0.00659
3	0.00989	0.00706	0.00942	0.01130	0.01177	0.00659	0.00753	0.01130	0.01554	0.02071	0.04472	0.70954	0.05367	0.02542	0.01036	0.00330	0.00471	0.02307	0.00753	0.00659
4	0.01893	0.02346	0.09691	0.03333	0.04184	0.02039	0.58730	0.02597	0.01899	0.02597	0.01627	0.02151	0.01215	0.00691	0.00943	0.00272	0.01355	0.00930	0.00405	0.01103
5	0.01915	0.02189	0.04788	0.03420	0.04241	0.02052	0.63475	0.02599	0.01915	0.02599	0.01642	0.02189	0.01231	0.00684	0.00958	0.00274	0.01368	0.00958	0.00410	0.01094
6	0.02008	0.01928	0.03294	0.04981	0.66422	0.01928	0.02490	0.02490	0.01848	0.02651	0.01526	0.02008	0.01285	0.00723	0.00803	0.00241	0.00964	0.00723	0.00402	0.01285
7	0.00989	0.00706	0.00942	0.01130	0.01177	0.00659	0.00753	0.01130	0.01554	0.02071	0.04472	0.70954	0.05367	0.02542	0.01036	0.00330	0.00471	0.02307	0.00753	0.00659
8	0.01860	0.02086	0.04445	0.05758	0.04075	0.02014	0.55813	0.02494	0.01857	0.02528	0.01708	0.04662	0.01367	0.00793	0.01040	0.00280	0.04756	0.00985	0.00418	0.01061
9	0.01627	0.04197	0.67279	0.02313	0.03512	0.01884	0.02998	0.02570	0.01713	0.02570	0.01456	0.01713	0.01028	0.00771	0.00771	0.00257	0.01199	0.00600	0.00343	0.01199
10	0.06984	0.02204	0.02333	0.01811	0.02442	0.02450	0.01492	0.56917	0.07309	0.04933	0.01985	0.01978	0.01418	0.00970	0.00796	0.00246	0.00864	0.00726	0.00796	0.01347
11	0.03031	0.03867	0.02299	0.02090	0.02508	0.68226	0.01568	0.03240	0.02299	0.01986	0.01254	0.01463	0.01045	0.00836	0.00732	0.00209	0.01463	0.00523	0.00418	0.00941
12	0.06508	0.01720	0.01986	0.01579	0.02127	0.01788	0.01279	0.30129	0.05792	0.25342	0.02467	0.05409	0.01803	0.01196	0.00994	0.06226	0.00766	0.00824	0.00824	0.01239
13	0.01568	0.01500	0.02533	0.61272	0.05247	0.01869	0.04691	0.02084	0.01603	0.02084	0.01419	0.02132	0.01086	0.00857	0.00971	0.00278	0.06805	0.00730	0.00362	0.00908
14	0.00989	0.00706	0.00942	0.01130	0.01177	0.00659	0.00753	0.01130	0.01554	0.02071	0.04472	0.70954	0.05367	0.02542	0.01036	0.00330	0.00471	0.02307	0.00753	0.00659
15	0.01295	0.00826	0.01094	0.01094	0.01256	0.00915	0.00843	0.01618	0.01457	0.02322	0.02355	0.03125	0.02048	0.04113	0.42289	0.00876	0.01485	0.00826	0.29426	0.00737
16	0.05866	0.07446	0.02262	0.01698	0.02206	0.05158	0.01402	0.27038	0.13282	0.10091	0.04779	0.02572	0.01932	0.01081	0.00951	0.00258	0.06707	0.03342	0.00727	0.01202
17	0.02169	0.71972	0.04252	0.01388	0.02083	0.03211	0.01388	0.02430	0.01649	0.01909	0.01128	0.01302	0.01041	0.00694	0.00521	0.00174	0.00868	0.00434	0.00347	0.01041
18	0.01133	0.00829	0.01063	0.01004	0.01203	0.00759	0.00753	0.01501	0.02260	0.03166	0.61226	0.06205	0.12478	0.01692	0.00957	0.00257	0.00385	0.01488	0.00882	0.00759
19	0.39911	0.01840	0.01984	0.06906	0.02412	0.04790	0.07427	0.13348	0.04759	0.07344	0.01572	0.01749	0.01162	0.00823	0.00669	0.00253	0.00824	0.00611	0.00576	0.01040
20	0.01803	0.02082	0.06949	0.02900	0.03490	0.02049	0.41529	0.02341	0.01720	0.02407	0.01694	0.06890	0.01472	0.00993	0.01360	0.00296	0.17610	0.00976	0.00418	0.01020
21	0.02049	0.01562	0.01805	0.04096	0.02176	0.01728	0.01370	0.14285	0.29028	0.06241	0.03291	0.04688	0.02885	0.01417	0.00914	0.00299	0.00739	0.19515	0.00790	0.01126
22	0.01054	0.00763	0.01001	0.01086	0.01190	0.00724	0.00758	0.01272	0.01740	0.02371	0.21647	0.41165	0.08669	0.05815	0.06431	0.00404	0.00592	0.01875	0.00755	0.00687
23	0.01640	0.01520	0.02548	0.51555	0.19187	0.01781	0.02226	0.02159	0.01677	0.02250	0.01519	0.02170	0.01176	0.00798	0.00798	0.00260	0.01021	0.00723	0.04011	0.00982
24	0.01784	0.01926	0.03765	0.02833	0.03349	0.02033	0.40090	0.02273	0.01692	0.02367	0.01765	0.08948	0.01599	0.01074	0.01438	0.00302	0.20315	0.01024	0.00429	0.00994
25	0.01118	0.00811	0.01053	0.01029	0.01203	0.00747	0.00758	0.01458	0.02170	0.03038	0.54680	0.15708	0.09576	0.01805	0.00969	0.00267	0.00397	0.01601	0.00867	0.00747
26	0.01208	0.00940	0.01397	0.01369	0.01502	0.01130	0.01074	0.01488	0.01299	0.01889	0.02086	0.03077	0.01953	0.05720	0.63120	0.01230	0.07495	0.00857	0.00428	0.00737
27	0.39045	0.01780	0.02477	0.01905	0.02503	0.01881	0.21808	0.08293	0.01818	0.03386	0.01498	0.01803	0.01139	0.00766	0.00689	0.00253	0.00881	0.00665	0.06424	0.00989
28	0.13263	0.02751	0.02215	0.01837	0.02383	0.26111	0.01460	0.33476	0.02934	0.03783	0.01585	0.01687	0.01190	0.00894	0.00740	0.00232	0.01062	0.00616	0.00627	0.01153
29	0.03641	0.01381	0.01883	0.01444	0.02071	0.01193	0.01193	0.03954	0.02322	0.66984	0.03201	0.02762	0.02009	0.01004	0.00816	0.00251	0.00690	0.00816	0.01004	0.01381
30	0.02913	0.02172	0.02264	0.01800	0.02399	0.05473	0.01464	0.44082	0.15878	0.09604	0.02287	0.02207	0.01634	0.00995	0.00811	0.00249	0.00854	0.00765	0.00811	0.01340
31	0.01806	0.01721	0.02928	0.32431	0.40553	0.01875	0.02390	0.02313	0.01752	0.02405	0.01491	0.02074	0.01199	0.00761	0.00807	0.00254	0.01014	0.00722	0.00384	0.01122
32	0.01752	0.19831	0.52741	0.02100	0.03182	0.02190	0.02627	0.02537	0.01698	0.02417	0.01380	0.01618	0.01031	0.00753	0.00713	0.00238	0.01123	0.00561	0.00344	0.01163
33	0.01052	0.00826	0.00951	0.00920	0.01153	0.00725	0.00690	0.01345	0.02070	0.02714	0.36633	0.06949	0.37354	0.01860	0.00958	0.00265	0.00397	0.01592	0.00822	0.00725
34	0.01625	0.01590	0.02662	0.47446	0.04643	0.01988	0.07769	0.02093	0.01559	0.02093	0.01371	0.02074	0.01091	0.00944	0.01264	0.00291	0.17475	0.00740	0.00364	0.00916
35	0.02448	0.01807	0.02209	0.01789	0.02312	0.01934	0.06499	0.30943	0.13952	0.08933	0.06404	0.09119	0.02511	0.01222	0.00871	0.00267	0.00796	0.03988	0.00792	0.01206
36	0.03362	0.01319	0.01794	0.01396	0.01975	0.01145	0.01145	0.03683	0.02320	0.59849	0.10231	0.03131	0.02641	0.01078	0.00832	0.00252	0.00656	0.00889	0.00992	0.01312
37	0.02018	0.01743	0.01835	0.01651	0.02110	0.02018	0.01284	0.04312	0.64956	0.03394	0.03303	0.03027	0.02477	0.01101	0.00826	0.00275	0.00642	0.00917	0.00826	0.01284
38	0.06204	0.01714	0.02018	0.01588	0.02193	0.01743	0.01300	0.22287	0.11725	0.36318	0.02748	0.02492	0.01837	0.00999	0.00803	0.00252	0.00743	0.00789	0.00899	0.01347
39	0.02015	0.02060	0.03717	0.02791	0.03314	0.02256	0.34929	0.10074	0.01928	0.02698	0.01486	0.02019	0.01194	0.00968	0.01513	0.00297	0.24391	0.00846	0.00442	0.01061
40	0.01000	0.00711	0.00938	0.01115	0.01160	0.00667	0.00738	0.01133	0.01531	0.02042	0.04359	0.67063	0.05223	0.06628	0.01219	0.00357	0.00489	0.02240	0.00738	0.00649
41	0.07393	0.03524	0.02227	0.01995	0.02438	0.56577	0.01514	0.07976	0.04784	0.02384	0.01380	0.01553	0.01117	0.00852	0.00728	0.00217	0.01337	0.00549	0.00470	0.00985
42	0.02810	0.02132	0.01958	0.01666	0.02174	0.17605	0.01310	0.08444	0.21969	0.23445	0.02919	0.02722	0.05079	0.01044	0.00806	0.00249	0.00863	0.00815	0.00780	0.01210
43	0.03085	0.02273	0.02435	0.01867	0.02516	0.02516	0.01542	0.63716	0.03815	0.05114	0.01948	0.01948	0.01380	0.00974	0.00812	0.00244	0.00893	0.00731	0.00812	0.01380
44	0.01915	0.02189	0.04788	0.03420	0.04241	0.02052	0.63475	0.02599	0.01915	0.02599	0.01642	0.02189	0.01231	0.00684	0.00958	0.00274	0.01368	0.00958	0.00410	0.01094
45	0.17839	0.02599	0.02072	0.01756	0.02277	0.24101	0.01388	0.24527	0.09842	0.03584	0.01709	0.01785	0.01294	0.00899	0.00725	0.00237	0.01000	0.00625	0.00621	0.01123
46	0.33661	0.01541	0.01652	0.01329	0.01907	0.01572	0.01097	0.08854	0.02076	0.35357	0.02238	0.02096	0.01489	0.00899	0.00687	0.00250	0.00684	0.00654	0.00781	0.01176
47	0.00959	0.00822	0.00822	0.00822	0.01096	0.00685	0.00617	0.01165	0.01850	0.02192	0.08220	0.07809	0.66092	0.02055	0.00959	0.00274	0.00411	0.01713	0.00754	0.00685
48	0.00959	0.00822	0.00822	0.00822	0.01096	0.00685	0.00617	0.01165	0.01850	0.02192	0.08220	0.07809	0.66092	0.02055	0.00959	0.00274	0.00411	0.01713	0.00754	0.00685
49	0.05563	0.03620	0.02224	0.02020	0.02444	0.60693	0.01521	0.03294	0.07183	0.02155	0.01411	0.01581	0.01152	0.00854	0.00731	0.00216	0.01369	0.00551	0.00453	0.00965
50	0.03435	0.01487	0.01922	0.01498	0.02110	0.01379	0.01229	0.08679	0.08701	0.55772	0.03113	0.02725	0.02006	0.01012	0.00817	0.00253	0.00702	0.00819	0.00971	0.01371
51	0.03085	0.02273	0.02435	0.01867	0.02516	0.02516	0.01542	0.63716	0.03815	0.05114	0.01948	0.01948	0.01380	0.00974	0.00812	0.00244	0.00893	0.00731	0.00812	0.01380
52	0.01775	0.01775	0.02485	0.02130	0.02130	0.02485	0.01775	0.01953	0.01243	0.01953	0.01065	0.01775	0.01065	0.01420	0.02663	0.00355	0.69998	0.00710	0.00355	0.00888
53	0.03082	0.02335	0.02430	0.01876	0.02516	0.05096	0.01543	0.61342	0.03756	0.04991	0.01921	0.01929	0.01367	0.00969	0.00809	0.00242	0.00915	0.00722	0.00796	0.01363
54	0.00959	0.00822	0.00822	0.00822	0.01096	0.00685	0.00617	0.01165	0.01850	0.02192	0.08220	0.07809	0.66092	0.02055	0.00959	0.00274	0.00411	0.01713	0.00754	0.00685
55	0.01532	0.01442	0.02434	0.69533	0.05589	0.01803	0.02253	0.02073	0.01622	0.02073	0.01442	0.02163	0.01082	0.00811	0.00811	0.00270	0.01082	0.00721	0.00361	0.00901
56	0.00987	0.00712	0.00936	0.01115	0.01173	0.00660	0.00747	0.01131	0.01568	0.02077	0.04651	0.67945	0.08260	0.02519	0.01032	0.00327	0.00468	0.02278	0.00753	0.00660
57	0.00967	0.00822	0.00834	0.00831	0.01101	0.00689	0.00623	0.01181	0.01869	0.02239	0.10750	0.07732	0.63534	0.02038	0.00959	0.00273	0.00410	0.01702	0.00760	0.00689
58	0.01015	0.00726	0.00970	0.01143	0.01206	0.00680	0.00784	0.01183	0.01614	0.02161	0.08109	0.63804	0.05465	0.02474	0.01036	0.00327	0.00480	0.05392	0.00761	0.00670
59	0.01919	0.40647	0.33382	0.01816	0.02743	0.02598	0.02132	0.02494	0.01678	0.02214	0.01280	0.01492	0.01035	0.00730	0.00636	0.00212	0.01021	0.00510	0.00345	0.01114
60	0.02169	0.71972	0.04252	0.01388	0.02083	0.03211	0.01388	0.02430	0.01649	0.01909	0.01128	0.01302	0.01041	0.00694	0.00521	0.00174	0.00868	0.00434	0.00347	0.01041
61	0.00989	0.00706	0.00942	0.01130	0.01177	0.00659	0.00753	0.01130	0.01554	0.02071	0.04472	0.70954	0.05367	0.02542	0.01036	0.00330	0.00471	0.02307	0.00753	0.00659
62	0.01938	0.01856	0.03166	0.14541	0.57412	0.01909	0.02455	0.02428	0.01814	0.02565	0.01514	0.02031	0.01255	0.00736	0.00804	0.00245	0.00981	0.00723	0.00396	0.01228
63	0.03316	0.01585	0.01951	0.01510	0.02109	0.01534	0.01243	0.20750	0.02697	0.44410	0.02802	0.02552	0.01836	0.00991	0.00795	0.00244	0.00723	0.00787	0.06833	0.01332
64	0.01148	0.00829	0.01085	0.01021	0.01212	0.00766	0.00766	0.01531	0.02297	0.03254	0.65994	0.06061	0.07656	0.01659	0.00957	0.00255	0.00383	0.01467	0.00893	0.00766
65	0.03085	0.02273	0.02435	0.01867	0.02516	0.02516	0.01542	0.63716	0.03815	0.05114	0.01948	0.01948	0.01380	0.00974	0.00812	0.00244	0.00893	0.00731	0.00812	0.01380
66	0.01627	0.04197	0.67279	0.02313	0.03512	0.01884	0.02998	0.02570	0.01713	0.02570	0.01456	0.01713	0.01028	0.00771	0.00771	0.00257	0.01199	0.00600	0.00343	0.01199
67	0.02008	0.01928	0.03294	0.04981	0.66422	0.01928	0.02490	0.02490	0.01848	0.02651	0.01526	0.02008	0.01285	0.00723	0.00803	0.00241	0.00964	0.00723	0.00402	0.01285
68	0.00976	0.00828	0.00846	0.00856	0.01125	0.00697	0.00651	0.01190	0.01850	0.02204	0.08024	0.07876	0.63021	0.02064	0.00967	0.00279	0.00428	0.04675	0.00753	0.00688
69	0.02144	0.68759	0.07239	0.01432	0.02150	0.03148	0.01465	0.02436	0.01652	0.01940	0.01144	0.01321	0.01041	0.00698	0.00533	0.00178	0.00883	0.00442	0.00347	0.01049
70	0.00959	0.00822	0.00822	0.00822	0.01096	0.00685	0.00617	0.01165	0.01850	0.02192	0.08220	0.07809	0.66092	0.02055	0.00959	0.00274	0.00411	0.01713	0.00754	0.00685
71	0.00959	0.00822	0.00822	0.00822	0.01096	0.00685	0.00617	0.01165	0.01850	0.02192	0.08220	0.07809	0.66092	0.02055	0.00959	0.00274	0.00411	0.01713	0.00754	0.00685
72	0.02018	0.01743	0.01835	0.01651	0.02110	0.02018	0.01284	0.04312	0.64956	0.03394	0.03303	0.03027	0.02477	0.01101	0.00826	0.00275	0.00642	0.00917	0.00826	0.01284
73	0.03017	0.02367	0.02389	0.01872	0.02492	0.07642	0.01529	0.55450	0.07320	0.04767	0.01974	0.01974	0.01419	0.00971	0.00806	0.00243	0.00923	0.00725	0.00782	0.01340
74	0.01489	0.00764	0.00793	0.00793	0.00979	0.00774	0.00597	0.01861	0.01675	0.02948	0.02615	0.03036	0.02076	0.01291	0.05115	0.00264	0.00499	0.00764	0.70913	0.00754
75	0.02075	0.02312	0.03561	0.02914	0.08798	0.15400	0.34845	0.02580	0.01911	0.02448	0.01633	0.02123	0.01297	0.01041	0.04306	0.00306	0.04265	0.00818	0.06340	0.01026
76	0.00973	0.00768	0.00877	0.00964	0.01133	0.00673	0.00680	0.01148	0.01713	0.02136	0.06488	0.36993	0.38026	0.02280	0.00994	0.00300	0.00439	0.01987	0.00753	0.00673
77	0.00989	0.00706	0.00942	0.01130	0.01177	0.00659	0.00753	0.01130	0.01554	0.02071	0.04472	0.70954	0.05367	0.02542	0.01036	0.00330	0.00471	0.02307	0.00753	0.00659
78	0.01750	0.01482	0.01719	0.01234	0.01952	0.01151	0.00989	0.05012	0.01785	0.02763	0.01467	0.01695	0.01210	0.00619	0.00611	0.00126	0.00615	0.00493	0.00497	0.72830
79	0.02127	0.66656	0.09195	0.01461	0.02195	0.03107	0.01515	0.02441	0.01654	0.01961	0.01154	0.01334	0.01040	0.00700	0.00540	0.00180	0.00894	0.00447	0.00347	0.01054
80	0.00969	0.00815	0.00830	0.00838	0.01092	0.00688	0.00618	0.01164	0.01811	0.02163	0.07835	0.10573	0.60945	0.04713	0.01083	0.00296	0.00428	0.01719	0.00744	0.00676
81	0.02333	0.02542	0.02041	0.04864	0.04761	0.30235	0.01440	0.05498	0.19835	0.02642	0.07361	0.02719	0.05846	0.01066	0.00862	0.00245	0.03268	0.00809	0.00600	0.01035
82	0.01158	0.00867	0.00974	0.00977	0.01246	0.00756	0.00768	0.01413	0.01919	0.05348	0.13068	0.07615	0.47584	0.01997	0.00978	0.00287	0.00475	0.11059	0.00778	0.00735
83	0.02574	0.02497	0.02126	0.04795	0.02449	0.24928	0.01394	0.17269	0.05442	0.05613	0.01656	0.01799	0.01277	0.00821	0.00725	0.00200	0.00998	0.00600	0.00570	0.22268
84	0.06007	0.10485	0.02479	0.01823	0.02286	0.17374	0.04232	0.11959	0.09899	0.09328	0.04890	0.02130	0.01688	0.01001	0.01023	0.00250	0.10751	0.00709	0.00594	0.01092

[dist]
# distance from previous block
# <min> <max>
0	22

# created by:
# /st0/software/busco_prod/Augustus/scripts/msa2prfl.pl ./align_prep/119807.fa
