[name]
unknown

[dist]
# distance from previous block
# <min> <max>
0	102

[block]
# block no. 0 follows, 25 sequences, length 6
# corresponding to MSA columns:
# 102-107
name=unknown_A
#
# <colnr> <probs for GDERKNQSTAVLIFYWHMCP>
#	G	D	E	R	K	N	Q	S	T	A	V	L	I	F	Y	W	H	M	C	P
0	0.01249	0.00892	0.01249	0.01428	0.01606	0.00892	0.01249	0.01606	0.01785	0.02320	0.04105	0.08746	0.04462	0.02142	0.01071	0.00357	0.00714	0.62695	0.00714	0.00714
1	0.03479	0.01320	0.01799	0.01380	0.01979	0.01140	0.01140	0.03779	0.02219	0.68451	0.03059	0.02639	0.01919	0.00960	0.00780	0.00240	0.00660	0.00780	0.00960	0.01320
2	0.02860	0.01269	0.01666	0.01360	0.01862	0.01168	0.01111	0.03394	0.09752	0.48436	0.10513	0.03479	0.02776	0.01129	0.00818	0.00252	0.00625	0.05425	0.00909	0.01197
3	0.02922	0.01990	0.02197	0.01678	0.02301	0.02120	0.01384	0.51715	0.03287	0.13817	0.01997	0.01954	0.01392	0.00908	0.00761	0.00225	0.00804	0.00692	0.00778	0.07080
4	0.01287	0.00913	0.01088	0.01109	0.01223	0.00921	0.00752	0.10301	0.01685	0.02251	0.03370	0.41685	0.03878	0.23649	0.01860	0.00436	0.00600	0.01660	0.00652	0.00680
5	0.11196	0.01625	0.01747	0.05649	0.04837	0.04261	0.01222	0.26258	0.06237	0.03491	0.06097	0.12431	0.04727	0.01177	0.00767	0.00246	0.00710	0.00960	0.05346	0.01016

[dist]
# distance from previous block
# <min> <max>
15	28

[block]
# block no. 1 follows, 25 sequences, length 142
# corresponding to MSA columns:
# 137-278
name=unknown_B
#
# <colnr> <probs for GDERKNQSTAVLIFYWHMCP>
#	G	D	E	R	K	N	Q	S	T	A	V	L	I	F	Y	W	H	M	C	P
0	0.01493	0.01408	0.02378	0.66682	0.09319	0.01730	0.02168	0.02006	0.01564	0.02016	0.01383	0.02058	0.01046	0.00770	0.00775	0.00257	0.01026	0.00689	0.00347	0.00885
1	0.25674	0.01776	0.01794	0.01441	0.01998	0.04793	0.01180	0.23961	0.04626	0.22443	0.01984	0.01918	0.01368	0.00874	0.00685	0.00237	0.00738	0.00635	0.00723	0.01153
2	0.00940	0.00721	0.00852	0.00954	0.01084	0.00644	0.00659	0.01094	0.01584	0.02008	0.05632	0.44124	0.29878	0.04727	0.01065	0.00309	0.00438	0.01941	0.00711	0.00634
3	0.01747	0.01789	0.02482	0.02098	0.02153	0.04794	0.04960	0.01942	0.01257	0.01899	0.01053	0.01706	0.01025	0.01301	0.02394	0.00330	0.65182	0.00684	0.00344	0.00860
4	0.01977	0.01296	0.01520	0.01288	0.01664	0.01334	0.01017	0.16110	0.12230	0.12714	0.31522	0.03925	0.04265	0.01244	0.00830	0.00241	0.00551	0.01052	0.04203	0.01017
5	0.02037	0.01720	0.01814	0.01600	0.02058	0.01979	0.01254	0.10643	0.59813	0.03419	0.03018	0.02783	0.02255	0.01039	0.00788	0.00260	0.00639	0.00858	0.00788	0.01237
6	0.03479	0.01320	0.01799	0.01380	0.01979	0.01140	0.01140	0.03779	0.02219	0.68451	0.03059	0.02639	0.01919	0.00960	0.00780	0.00240	0.00660	0.00780	0.00960	0.01320
7	0.01696	0.01020	0.01285	0.01123	0.01428	0.00967	0.00873	0.05998	0.05347	0.15558	0.45632	0.04881	0.08207	0.01416	0.00874	0.00244	0.00465	0.01225	0.00860	0.00900
8	0.01426	0.00729	0.00753	0.00753	0.00931	0.00737	0.00567	0.01782	0.01604	0.02828	0.02503	0.02900	0.01985	0.01187	0.04537	0.00242	0.00460	0.00729	0.72626	0.00721
9	0.01394	0.00885	0.00893	0.00899	0.01052	0.04220	0.00651	0.01674	0.01535	0.02459	0.02547	0.09134	0.02304	0.10195	0.09702	0.00395	0.00684	0.00902	0.47785	0.00690
10	0.01919	0.01842	0.03147	0.04759	0.67914	0.01842	0.02380	0.02380	0.01765	0.02533	0.01458	0.01919	0.01228	0.00691	0.00768	0.00230	0.00921	0.00691	0.00384	0.01228
11	0.02786	0.03511	0.02214	0.02001	0.02364	0.63434	0.01516	0.02983	0.02104	0.01895	0.01182	0.01426	0.01001	0.00850	0.00869	0.00213	0.07849	0.00516	0.00394	0.00894
12	0.01500	0.01439	0.02466	0.53612	0.04639	0.01741	0.08441	0.01968	0.01521	0.01992	0.01434	0.02229	0.01160	0.05389	0.01143	0.00297	0.07077	0.00739	0.00357	0.00854
13	0.03479	0.01320	0.01799	0.01380	0.01979	0.01140	0.01140	0.03779	0.02219	0.68451	0.03059	0.02639	0.01919	0.00960	0.00780	0.00240	0.00660	0.00780	0.00960	0.01320
14	0.03479	0.01320	0.01799	0.01380	0.01979	0.01140	0.01140	0.03779	0.02219	0.68451	0.03059	0.02639	0.01919	0.00960	0.00780	0.00240	0.00660	0.00780	0.00960	0.01320
15	0.01464	0.01378	0.02326	0.70887	0.05340	0.01723	0.02153	0.01981	0.01550	0.01981	0.01378	0.02067	0.01034	0.00775	0.00775	0.00258	0.01034	0.00689	0.00345	0.00861
16	0.00984	0.00822	0.00862	0.00846	0.01103	0.00717	0.00636	0.01286	0.04433	0.02293	0.16643	0.07027	0.55905	0.01870	0.00911	0.00259	0.00398	0.01571	0.00743	0.00689
17	0.01464	0.01378	0.02326	0.70887	0.05340	0.01723	0.02153	0.01981	0.01550	0.01981	0.01378	0.02067	0.01034	0.00775	0.00775	0.00258	0.01034	0.00689	0.00345	0.00861
18	0.01085	0.00792	0.01019	0.00962	0.01151	0.00726	0.00722	0.01439	0.02165	0.03038	0.63304	0.05909	0.11562	0.01612	0.00915	0.00245	0.00368	0.01419	0.00844	0.00726
19	0.78228	0.01499	0.01140	0.01020	0.01499	0.01739	0.00840	0.02279	0.01320	0.03479	0.01080	0.01260	0.00840	0.00720	0.00480	0.00240	0.00600	0.00420	0.00480	0.00840
20	0.01919	0.01842	0.03147	0.04759	0.67914	0.01842	0.02380	0.02380	0.01765	0.02533	0.01458	0.01919	0.01228	0.00691	0.00768	0.00230	0.00921	0.00691	0.00384	0.01228
21	0.74558	0.01494	0.01196	0.04360	0.01683	0.01739	0.00903	0.02265	0.01331	0.03407	0.01094	0.01298	0.00849	0.00722	0.00494	0.00241	0.00621	0.00433	0.00473	0.00841
22	0.02050	0.59822	0.12718	0.01485	0.02199	0.06743	0.01545	0.02385	0.01620	0.01914	0.01127	0.01306	0.00994	0.00681	0.00542	0.00179	0.00905	0.00441	0.00335	0.01010
23	0.01807	0.01784	0.02861	0.27693	0.40406	0.05302	0.04458	0.02281	0.01715	0.02306	0.01421	0.01950	0.01146	0.00725	0.00772	0.00240	0.00999	0.00688	0.00371	0.01076
24	0.01786	0.01409	0.01652	0.01191	0.01872	0.01101	0.00957	0.04864	0.01737	0.06823	0.01506	0.01685	0.01205	0.00614	0.00596	0.00128	0.00592	0.00490	0.00505	0.69287
25	0.01026	0.00736	0.00976	0.01052	0.01163	0.00687	0.00752	0.01271	0.01805	0.02483	0.31462	0.40464	0.06036	0.02052	0.00961	0.00286	0.00427	0.04906	0.00777	0.00678
26	0.01969	0.01751	0.01772	0.01595	0.02032	0.04764	0.01239	0.04077	0.63820	0.03187	0.03074	0.02830	0.02310	0.01041	0.00785	0.00260	0.00646	0.00861	0.00773	0.01214
27	0.01108	0.00831	0.01246	0.01246	0.01385	0.00969	0.00969	0.01385	0.01246	0.01800	0.02077	0.03046	0.01938	0.05815	0.69678	0.01246	0.02077	0.00831	0.00415	0.00692
28	0.01575	0.06642	0.66275	0.02176	0.03304	0.01849	0.02806	0.02450	0.01635	0.02431	0.01380	0.01622	0.00983	0.00734	0.00728	0.00243	0.01134	0.00567	0.00328	0.01140
29	0.01793	0.02351	0.13265	0.03125	0.03958	0.01939	0.56669	0.02480	0.01804	0.02480	0.01545	0.02030	0.01150	0.00665	0.00891	0.00259	0.01285	0.00869	0.00383	0.01059
30	0.03445	0.01374	0.01833	0.01405	0.02006	0.01220	0.01161	0.07692	0.02310	0.64409	0.02983	0.02590	0.01881	0.00958	0.00779	0.00239	0.00672	0.00775	0.00948	0.01319
31	0.01214	0.01026	0.01307	0.01318	0.01372	0.03297	0.00968	0.01364	0.01373	0.01878	0.02973	0.38187	0.03423	0.09890	0.10809	0.00486	0.16360	0.01518	0.00559	0.00678
32	0.01774	0.01599	0.02174	0.01878	0.04659	0.01935	0.01490	0.02008	0.01375	0.05502	0.01236	0.01731	0.01107	0.01103	0.01861	0.00270	0.46147	0.00626	0.00405	0.21118
33	0.01608	0.01378	0.01608	0.01148	0.01837	0.01034	0.00919	0.01952	0.01608	0.02527	0.01378	0.01608	0.01148	0.00574	0.00574	0.00115	0.00574	0.00459	0.00459	0.77491
34	0.01696	0.01696	0.02375	0.02036	0.02036	0.02375	0.01696	0.01866	0.01187	0.01866	0.01018	0.01696	0.01018	0.01357	0.02545	0.00339	0.71332	0.00679	0.00339	0.00848
35	0.01657	0.01692	0.02815	0.02262	0.02487	0.02088	0.18388	0.01969	0.01365	0.02021	0.01298	0.01972	0.01176	0.01734	0.10600	0.00433	0.44040	0.00760	0.00363	0.00881
36	0.00916	0.00785	0.00785	0.00785	0.01047	0.00655	0.00589	0.01113	0.01767	0.02095	0.07855	0.07462	0.67599	0.01964	0.00916	0.00262	0.00393	0.01636	0.00720	0.00655
37	0.40591	0.01446	0.01494	0.01218	0.01759	0.01492	0.01005	0.05678	0.01834	0.33442	0.02024	0.01920	0.01357	0.00839	0.00631	0.00240	0.00638	0.00597	0.00713	0.01081
38	0.01691	0.01782	0.04818	0.02042	0.02084	0.02354	0.01739	0.01888	0.01204	0.01888	0.01032	0.01694	0.01017	0.01334	0.02478	0.00336	0.68748	0.00675	0.00339	0.00859
39	0.01461	0.01339	0.02179	0.59036	0.04663	0.01674	0.01958	0.01916	0.01503	0.01982	0.01460	0.02247	0.01174	0.04982	0.01077	0.00290	0.06079	0.00715	0.03434	0.00832
40	0.01919	0.01842	0.03147	0.04759	0.67914	0.01842	0.02380	0.02380	0.01765	0.02533	0.01458	0.01919	0.01228	0.00691	0.00768	0.00230	0.00921	0.00691	0.00384	0.01228
41	0.78228	0.01499	0.01140	0.01020	0.01499	0.01739	0.00840	0.02279	0.01320	0.03479	0.01080	0.01260	0.00840	0.00720	0.00480	0.00240	0.00600	0.00420	0.00480	0.00840
42	0.01347	0.00673	0.01010	0.01010	0.01010	0.00673	0.00673	0.01010	0.01010	0.01347	0.01347	0.02357	0.01347	0.02694	0.03030	0.77441	0.00673	0.00673	0.00337	0.00337
43	0.00945	0.00675	0.00900	0.01080	0.01125	0.00630	0.00720	0.01080	0.01484	0.01979	0.04274	0.72245	0.05128	0.02429	0.00990	0.00315	0.00450	0.02204	0.00720	0.00630
44	0.02947	0.02172	0.02327	0.01784	0.02404	0.02404	0.01474	0.65329	0.03646	0.04887	0.01862	0.01862	0.01319	0.00931	0.00776	0.00233	0.00853	0.00698	0.00776	0.01319
45	0.01892	0.02039	0.04348	0.03127	0.03864	0.01947	0.59227	0.02507	0.01814	0.05215	0.01603	0.02095	0.01200	0.00702	0.00991	0.00264	0.04807	0.00897	0.00413	0.01047
46	0.01696	0.01696	0.02375	0.02036	0.02036	0.02375	0.01696	0.01866	0.01187	0.01866	0.01018	0.01696	0.01018	0.01357	0.02545	0.00339	0.71332	0.00679	0.00339	0.00848
47	0.01990	0.01582	0.01709	0.01494	0.01960	0.01745	0.01168	0.03805	0.53408	0.07753	0.02951	0.02746	0.02201	0.00993	0.00759	0.00244	0.00605	0.00823	0.03190	0.08875
48	0.15970	0.02055	0.02122	0.01652	0.02248	0.02289	0.01364	0.54422	0.03243	0.04643	0.01726	0.01757	0.01236	0.00894	0.00724	0.00234	0.00809	0.00650	0.00724	0.01236
49	0.02896	0.03695	0.02197	0.01998	0.02397	0.69638	0.01498	0.03096	0.02197	0.01898	0.01199	0.01398	0.00999	0.00799	0.00699	0.00200	0.01398	0.00499	0.00400	0.00899
50	0.00945	0.00675	0.00900	0.01080	0.01125	0.00630	0.00720	0.01080	0.01484	0.01979	0.04274	0.72245	0.05128	0.02429	0.00990	0.00315	0.00450	0.02204	0.00720	0.00630
51	0.01871	0.08850	0.06316	0.07248	0.29870	0.05431	0.11680	0.02305	0.01675	0.02284	0.01440	0.02041	0.01239	0.00842	0.01033	0.00250	0.11456	0.02725	0.00380	0.01063
52	0.68395	0.01592	0.04051	0.04189	0.01768	0.01715	0.00996	0.02338	0.01382	0.06161	0.01191	0.01371	0.00901	0.00733	0.00517	0.00241	0.00645	0.00454	0.00488	0.00874
53	0.01532	0.03845	0.65241	0.02146	0.03242	0.01746	0.02755	0.02404	0.01666	0.02489	0.04802	0.01851	0.01309	0.00780	0.00746	0.00245	0.01106	0.00616	0.00355	0.01125
54	0.29829	0.16909	0.14095	0.01590	0.02225	0.04292	0.06276	0.02494	0.04429	0.05843	0.01359	0.01551	0.01056	0.00767	0.00701	0.00232	0.04389	0.00537	0.00443	0.00984
55	0.75496	0.01524	0.01183	0.01047	0.01532	0.01764	0.00863	0.04567	0.01404	0.03530	0.01108	0.01281	0.00857	0.00727	0.00491	0.00240	0.00609	0.00430	0.00491	0.00857
56	0.03401	0.01337	0.01797	0.01390	0.01981	0.01179	0.01144	0.03796	0.05457	0.65167	0.03064	0.02652	0.01942	0.00964	0.00780	0.00241	0.00657	0.00785	0.00951	0.01315
57	0.03461	0.01349	0.01817	0.01393	0.01994	0.01183	0.01151	0.05884	0.02268	0.66277	0.03018	0.02612	0.01899	0.00959	0.00780	0.00240	0.00666	0.00777	0.00953	0.01320
58	0.01691	0.22105	0.51825	0.01979	0.02999	0.02132	0.02463	0.02421	0.01621	0.02290	0.01309	0.01534	0.00986	0.00717	0.00674	0.00225	0.01063	0.00532	0.00329	0.01106
59	0.01464	0.01378	0.02326	0.70887	0.05340	0.01723	0.02153	0.01981	0.01550	0.01981	0.01378	0.02067	0.01034	0.00775	0.00775	0.00258	0.01034	0.00689	0.00345	0.00861
60	0.01941	0.01569	0.01696	0.01506	0.01928	0.01773	0.01175	0.06934	0.52688	0.05963	0.11058	0.03188	0.02908	0.01108	0.00803	0.00258	0.00597	0.00929	0.00803	0.01174
61	0.01045	0.00786	0.00972	0.00971	0.01159	0.00713	0.00732	0.01342	0.01976	0.02664	0.40401	0.13532	0.22625	0.01816	0.00935	0.00265	0.00408	0.06165	0.00794	0.00699
62	0.01555	0.04011	0.68733	0.02210	0.03356	0.01801	0.02865	0.02455	0.01637	0.02455	0.01391	0.01637	0.00982	0.00737	0.00737	0.00246	0.01146	0.00573	0.00327	0.01146
63	0.02073	0.73217	0.04063	0.01327	0.01990	0.03068	0.01327	0.02322	0.01575	0.01824	0.01078	0.01244	0.00995	0.00663	0.00498	0.00166	0.00829	0.00415	0.00332	0.00995
64	0.01237	0.00857	0.01087	0.01037	0.01254	0.00800	0.00794	0.01646	0.04708	0.06195	0.48135	0.08442	0.13087	0.01646	0.00917	0.00257	0.00422	0.05886	0.00826	0.00768
65	0.01128	0.00752	0.00846	0.00846	0.00846	0.00752	0.00470	0.01128	0.01128	0.01503	0.02443	0.05074	0.02819	0.72751	0.03946	0.00752	0.00752	0.01128	0.00470	0.00470
66	0.00940	0.00779	0.00822	0.00826	0.01065	0.00662	0.00614	0.01152	0.01801	0.02208	0.14716	0.11287	0.56561	0.01948	0.00921	0.00263	0.00393	0.01644	0.00736	0.00662
67	0.01464	0.01378	0.02326	0.70887	0.05340	0.01723	0.02153	0.01981	0.01550	0.01981	0.01378	0.02067	0.01034	0.00775	0.00775	0.00258	0.01034	0.00689	0.00345	0.00861
68	0.01570	0.01486	0.02516	0.55546	0.19857	0.01750	0.02206	0.02074	0.01600	0.02109	0.01397	0.02033	0.01079	0.00756	0.00773	0.00252	0.01008	0.00689	0.00354	0.00946
69	0.01121	0.00749	0.00848	0.00855	0.00856	0.00747	0.00479	0.01126	0.01141	0.01522	0.02513	0.07631	0.02907	0.70074	0.03834	0.00735	0.00740	0.01169	0.00479	0.00476
70	0.01088	0.00841	0.01025	0.01117	0.01336	0.00777	0.00930	0.01367	0.01776	0.02211	0.05920	0.08124	0.35028	0.02056	0.00996	0.00311	0.00558	0.33135	0.00717	0.00685
71	0.01218	0.00839	0.00992	0.00964	0.01020	0.00875	0.00609	0.04484	0.01278	0.01730	0.02349	0.04555	0.02588	0.57372	0.15247	0.00811	0.00988	0.01054	0.00476	0.00552
72	0.78228	0.01499	0.01140	0.01020	0.01499	0.01739	0.00840	0.02279	0.01320	0.03479	0.01080	0.01260	0.00840	0.00720	0.00480	0.00240	0.00600	0.00420	0.00480	0.00840
73	0.01929	0.01666	0.01753	0.01578	0.02016	0.01929	0.01227	0.04120	0.66513	0.03243	0.03156	0.02893	0.02367	0.01052	0.00789	0.00263	0.00614	0.00877	0.00789	0.01227
74	0.01128	0.00752	0.00846	0.00846	0.00846	0.00752	0.00470	0.01128	0.01128	0.01503	0.02443	0.05074	0.02819	0.72751	0.03946	0.00752	0.00752	0.01128	0.00470	0.00470
75	0.01705	0.01721	0.02515	0.02114	0.02164	0.02349	0.05728	0.01905	0.01228	0.01905	0.01053	0.01721	0.01028	0.01312	0.02441	0.00334	0.66879	0.00694	0.00343	0.00861
76	0.58753	0.01901	0.05654	0.04744	0.01939	0.08530	0.01127	0.05066	0.01539	0.03241	0.01160	0.01364	0.00895	0.00741	0.00546	0.00237	0.00747	0.00463	0.00468	0.00887
77	0.01431	0.00774	0.00814	0.00819	0.00997	0.00776	0.00606	0.04250	0.01686	0.02834	0.02764	0.13254	0.02432	0.01133	0.00619	0.00203	0.00394	0.00944	0.62538	0.00733
78	0.00945	0.00675	0.00900	0.01080	0.01125	0.00630	0.00720	0.01080	0.01484	0.01979	0.04274	0.72245	0.05128	0.02429	0.00990	0.00315	0.00450	0.02204	0.00720	0.00630
79	0.03327	0.01286	0.01751	0.01354	0.01927	0.01114	0.01114	0.03631	0.02218	0.64296	0.07157	0.02840	0.02262	0.00999	0.00788	0.00240	0.00641	0.00819	0.00953	0.01282
80	0.02599	0.28806	0.02871	0.01755	0.02250	0.45594	0.01436	0.02816	0.01973	0.01871	0.01155	0.01342	0.00997	0.00750	0.00626	0.00188	0.01193	0.00469	0.00375	0.00934
81	0.01555	0.04011	0.68733	0.02210	0.03356	0.01801	0.02865	0.02455	0.01637	0.02455	0.01391	0.01637	0.00982	0.00737	0.00737	0.00246	0.01146	0.00573	0.00327	0.01146
82	0.00954	0.00743	0.00868	0.00930	0.01094	0.00656	0.00662	0.01152	0.01719	0.02200	0.15316	0.32740	0.34017	0.02091	0.00945	0.00280	0.00411	0.01825	0.00740	0.00656
83	0.01088	0.00792	0.01023	0.00966	0.01153	0.00728	0.00724	0.01445	0.02173	0.03057	0.64428	0.05878	0.10426	0.01605	0.00915	0.00245	0.00367	0.01414	0.00847	0.00728
84	0.00918	0.00781	0.00790	0.00797	0.01050	0.00654	0.00594	0.01111	0.01756	0.02090	0.07711	0.10065	0.65089	0.01982	0.00919	0.00264	0.00395	0.01659	0.00720	0.00654
85	0.01919	0.01842	0.03147	0.04759	0.67914	0.01842	0.02380	0.02380	0.01765	0.02533	0.01458	0.01919	0.01228	0.00691	0.00768	0.00230	0.00921	0.00691	0.00384	0.01228
86	0.01464	0.01378	0.02326	0.70887	0.05340	0.01723	0.02153	0.01981	0.01550	0.01981	0.01378	0.02067	0.01034	0.00775	0.00775	0.00258	0.01034	0.00689	0.00345	0.00861
87	0.01525	0.01410	0.02326	0.68078	0.05221	0.01750	0.02126	0.04557	0.01636	0.02099	0.01398	0.02059	0.01045	0.00782	0.00775	0.00257	0.01026	0.00689	0.00362	0.00880
88	0.78228	0.01499	0.01140	0.01020	0.01499	0.01739	0.00840	0.02279	0.01320	0.03479	0.01080	0.01260	0.00840	0.00720	0.00480	0.00240	0.00600	0.00420	0.00480	0.00840
89	0.02896	0.03695	0.02197	0.01998	0.02397	0.69638	0.01498	0.03096	0.02197	0.01898	0.01199	0.01398	0.00999	0.00799	0.00699	0.00200	0.01398	0.00499	0.00400	0.00899
90	0.01167	0.00805	0.01069	0.01158	0.01315	0.00759	0.00901	0.01438	0.01794	0.04694	0.18957	0.28598	0.10214	0.02053	0.00986	0.00306	0.00520	0.21802	0.00757	0.00707
91	0.00942	0.00686	0.00888	0.01050	0.01117	0.00632	0.00707	0.01083	0.01513	0.01991	0.04630	0.65788	0.11354	0.02383	0.00982	0.00310	0.00444	0.02148	0.00720	0.00632
92	0.01145	0.00944	0.01029	0.00979	0.01219	0.02823	0.00738	0.01584	0.07089	0.02689	0.37232	0.06086	0.30247	0.01668	0.00899	0.00251	0.00426	0.01426	0.00783	0.00745
93	0.01031	0.00786	0.00947	0.00915	0.01120	0.00702	0.00683	0.01331	0.02024	0.02724	0.44999	0.08881	0.27548	0.01745	0.00918	0.00253	0.00378	0.01512	0.00803	0.00702
94	0.01521	0.00796	0.00803	0.00776	0.00979	0.00807	0.00589	0.05006	0.01728	0.02991	0.02496	0.02839	0.01954	0.00905	0.00554	0.00183	0.00386	0.00721	0.73214	0.00753
95	0.03351	0.01348	0.01791	0.01380	0.01968	0.01194	0.01138	0.07234	0.02284	0.62255	0.03172	0.02777	0.04382	0.00996	0.00785	0.00240	0.00661	0.00808	0.00940	0.01294
96	0.00984	0.00701	0.00925	0.01067	0.01130	0.00658	0.00726	0.01146	0.01558	0.02096	0.11528	0.58283	0.05225	0.06384	0.01155	0.00333	0.00467	0.04276	0.00721	0.00635
97	0.01192	0.00852	0.01153	0.01305	0.01456	0.00841	0.01088	0.01483	0.01687	0.02193	0.04118	0.14625	0.07145	0.09380	0.01350	0.00389	0.00677	0.47696	0.00690	0.00678
98	0.00999	0.00753	0.00916	0.01019	0.01135	0.00704	0.00701	0.01243	0.04453	0.02091	0.07954	0.48142	0.18939	0.05765	0.01110	0.00319	0.00456	0.01926	0.00717	0.00659
99	0.01898	0.02193	0.04424	0.03187	0.03947	0.06264	0.61054	0.02523	0.01853	0.02446	0.01545	0.02047	0.01165	0.00663	0.00901	0.00258	0.01313	0.00889	0.00393	0.01036
100	0.01852	0.01760	0.02986	0.06698	0.61607	0.01768	0.02267	0.02308	0.01786	0.02552	0.05655	0.02170	0.01609	0.00750	0.00777	0.00232	0.00890	0.00736	0.00412	0.01185
101	0.01028	0.00749	0.00983	0.01122	0.01234	0.00704	0.00833	0.01243	0.01650	0.02174	0.10291	0.44146	0.11913	0.02235	0.00994	0.00313	0.00499	0.16495	0.00730	0.00662
102	0.05455	0.01533	0.01981	0.01483	0.02105	0.01360	0.08366	0.12192	0.01938	0.02901	0.01716	0.07839	0.01511	0.00809	0.00678	0.00174	0.00694	0.00700	0.00526	0.46038
103	0.01691	0.01376	0.01616	0.01159	0.01844	0.01038	0.00929	0.02033	0.01635	0.05455	0.01453	0.01654	0.01183	0.00591	0.00583	0.00120	0.00578	0.00474	0.00482	0.74107
104	0.01846	0.01856	0.02974	0.05754	0.02935	0.06311	0.27484	0.09959	0.01941	0.02583	0.04158	0.05269	0.05768	0.01207	0.04134	0.00304	0.10251	0.00911	0.00483	0.03874
105	0.01919	0.01842	0.03147	0.04759	0.67914	0.01842	0.02380	0.02380	0.01765	0.02533	0.01458	0.01919	0.01228	0.00691	0.00768	0.00230	0.00921	0.00691	0.00384	0.01228
106	0.01114	0.00768	0.00918	0.00937	0.00979	0.00777	0.00594	0.01184	0.01227	0.01637	0.02833	0.08132	0.06004	0.53814	0.11701	0.00748	0.00884	0.04721	0.00500	0.00528
107	0.01108	0.00831	0.01246	0.01246	0.01385	0.00969	0.00969	0.01385	0.01246	0.01800	0.02077	0.03046	0.01938	0.05815	0.69678	0.01246	0.02077	0.00831	0.00415	0.00692
108	0.01128	0.00752	0.00846	0.00846	0.00846	0.00752	0.00470	0.01128	0.01128	0.01503	0.02443	0.05074	0.02819	0.72751	0.03946	0.00752	0.00752	0.01128	0.00470	0.00470
109	0.00960	0.00681	0.00895	0.01060	0.01101	0.00640	0.00698	0.01084	0.01454	0.01939	0.04117	0.66490	0.04930	0.08453	0.01243	0.00352	0.00476	0.02112	0.00698	0.00616
110	0.00957	0.00809	0.00831	0.00830	0.01086	0.00697	0.00620	0.01220	0.03826	0.02165	0.09822	0.10037	0.60550	0.01940	0.00915	0.00263	0.00401	0.01628	0.00727	0.00675
111	0.78228	0.01499	0.01140	0.01020	0.01499	0.01739	0.00840	0.02279	0.01320	0.03479	0.01080	0.01260	0.00840	0.00720	0.00480	0.00240	0.00600	0.00420	0.00480	0.00840
112	0.01108	0.00831	0.01246	0.01246	0.01385	0.00969	0.00969	0.01385	0.01246	0.01800	0.02077	0.03046	0.01938	0.05815	0.69678	0.01246	0.02077	0.00831	0.00415	0.00692
113	0.02290	0.01845	0.01957	0.01651	0.02154	0.02097	0.01315	0.25830	0.44215	0.03826	0.02697	0.02527	0.01995	0.01009	0.00784	0.00252	0.00699	0.00813	0.00784	0.01260
114	0.01555	0.04011	0.68733	0.02210	0.03356	0.01801	0.02865	0.02455	0.01637	0.02455	0.01391	0.01637	0.00982	0.00737	0.00737	0.00246	0.01146	0.00573	0.00327	0.01146
115	0.02159	0.02221	0.16051	0.01711	0.02339	0.01901	0.01600	0.22124	0.24827	0.06682	0.08145	0.02561	0.02177	0.00992	0.00785	0.00247	0.00779	0.00800	0.00701	0.01198
116	0.00944	0.00678	0.00896	0.01070	0.01122	0.00631	0.00716	0.01081	0.01494	0.01983	0.04389	0.70147	0.07151	0.02414	0.00987	0.00313	0.00448	0.02186	0.00720	0.00631
117	0.00945	0.00675	0.00900	0.01080	0.01125	0.00630	0.00720	0.01080	0.01484	0.01979	0.04274	0.72245	0.05128	0.02429	0.00990	0.00315	0.00450	0.02204	0.00720	0.00630
118	0.02947	0.02172	0.02327	0.01784	0.02404	0.02404	0.01474	0.65329	0.03646	0.04887	0.01862	0.01862	0.01319	0.00931	0.00776	0.00233	0.00853	0.00698	0.00776	0.01319
119	0.01608	0.01566	0.02206	0.01917	0.01938	0.02164	0.01587	0.01794	0.01196	0.01856	0.01177	0.01899	0.01156	0.02026	0.12616	0.00475	0.60942	0.00701	0.00351	0.00825
120	0.01097	0.00739	0.00855	0.00884	0.00892	0.00732	0.00511	0.01120	0.01186	0.01582	0.02745	0.16157	0.03200	0.61147	0.03459	0.00680	0.00702	0.01305	0.00511	0.00496
121	0.01125	0.00825	0.01219	0.01219	0.01360	0.00956	0.00947	0.01406	0.01266	0.01856	0.02100	0.03038	0.01941	0.05562	0.66112	0.01191	0.01988	0.00825	0.04369	0.00694
122	0.01919	0.01842	0.03147	0.04759	0.67914	0.01842	0.02380	0.02380	0.01765	0.02533	0.01458	0.01919	0.01228	0.00691	0.00768	0.00230	0.00921	0.00691	0.00384	0.01228
123	0.01532	0.00806	0.00815	0.00784	0.00990	0.00820	0.00596	0.05478	0.01743	0.03006	0.02491	0.02831	0.01949	0.00905	0.00556	0.00184	0.00390	0.00721	0.72647	0.00757
124	0.01608	0.01378	0.01608	0.01148	0.01837	0.01034	0.00919	0.01952	0.01608	0.02527	0.01378	0.01608	0.01148	0.00574	0.00574	0.00115	0.00574	0.00459	0.00459	0.77491
125	0.01097	0.00793	0.01036	0.00975	0.01158	0.00732	0.00732	0.01463	0.02195	0.03109	0.67505	0.05792	0.07316	0.01585	0.00914	0.00244	0.00366	0.01402	0.00854	0.00732
126	0.01915	0.01853	0.03210	0.04693	0.65097	0.01847	0.05146	0.02384	0.01768	0.02531	0.01463	0.01927	0.01226	0.00689	0.00774	0.00232	0.00938	0.00701	0.00384	0.01220
127	0.01070	0.00778	0.01034	0.01194	0.01319	0.00743	0.00928	0.01305	0.01641	0.02135	0.04588	0.38564	0.11576	0.02258	0.01016	0.00327	0.00555	0.27582	0.00717	0.00668
128	0.01550	0.06639	0.62192	0.02103	0.03173	0.01790	0.02679	0.02393	0.01667	0.02468	0.05199	0.01861	0.01349	0.00783	0.00737	0.00242	0.01088	0.00614	0.00358	0.01116
129	0.00987	0.00784	0.00890	0.00893	0.01111	0.00686	0.00671	0.01237	0.01875	0.02400	0.25287	0.11859	0.42092	0.01893	0.00928	0.00265	0.00403	0.04302	0.00760	0.00678
130	0.01830	0.02092	0.04575	0.03268	0.04052	0.01961	0.65098	0.02484	0.01830	0.02484	0.01569	0.02092	0.01176	0.00654	0.00915	0.00261	0.01307	0.00915	0.00392	0.01046
131	0.01828	0.01557	0.01673	0.01544	0.01943	0.01784	0.01207	0.03774	0.58161	0.03110	0.03285	0.06375	0.02665	0.01205	0.00822	0.00273	0.00615	0.06242	0.00780	0.01158
132	0.00980	0.00702	0.00931	0.01056	0.01132	0.00653	0.00722	0.01168	0.01648	0.02239	0.18796	0.56982	0.05631	0.02235	0.00972	0.00299	0.00431	0.02020	0.00750	0.00653
133	0.04382	0.05474	0.19744	0.02634	0.09203	0.01857	0.26955	0.06060	0.01834	0.04862	0.01549	0.01904	0.01171	0.00869	0.03017	0.00270	0.01118	0.00723	0.00422	0.05953
134	0.01962	0.33578	0.24242	0.02110	0.09518	0.02420	0.05226	0.08233	0.01820	0.02417	0.01315	0.01540	0.01055	0.00714	0.00649	0.00209	0.00966	0.00546	0.00380	0.01100
135	0.01883	0.01795	0.03001	0.09868	0.59098	0.01838	0.02295	0.02448	0.05490	0.02530	0.01550	0.01987	0.01278	0.00718	0.00769	0.00234	0.00912	0.00701	0.00404	0.01199
136	0.02101	0.01215	0.01612	0.01309	0.01740	0.01130	0.03583	0.04903	0.05837	0.24772	0.24015	0.03805	0.07854	0.01192	0.00872	0.00234	0.02811	0.01009	0.00796	0.09208
137	0.01097	0.00793	0.01036	0.00975	0.01158	0.00732	0.00732	0.01463	0.02195	0.03109	0.67505	0.05792	0.07316	0.01585	0.00914	0.00244	0.00366	0.01402	0.00854	0.00732
138	0.01108	0.00831	0.01246	0.01246	0.01385	0.00969	0.00969	0.01385	0.01246	0.01800	0.02077	0.03046	0.01938	0.05815	0.69678	0.01246	0.02077	0.00831	0.00415	0.00692
139	0.01919	0.01842	0.03147	0.04759	0.67914	0.01842	0.02380	0.02380	0.01765	0.02533	0.01458	0.01919	0.01228	0.00691	0.00768	0.00230	0.00921	0.00691	0.00384	0.01228
140	0.01130	0.00866	0.01315	0.05674	0.01636	0.01017	0.01044	0.01422	0.01265	0.01811	0.02032	0.02984	0.01881	0.05495	0.65297	0.01183	0.02011	0.00822	0.00411	0.00703
141	0.00965	0.00734	0.00924	0.03113	0.01235	0.00677	0.00730	0.01145	0.01615	0.02097	0.09999	0.48101	0.21456	0.02192	0.00958	0.00294	0.00446	0.01948	0.00719	0.00651

[dist]
# distance from previous block
# <min> <max>
0	0

# created by:
# /st0/software/busco_prod/Augustus/scripts/msa2prfl.pl ./align_prep/119896.fa
