[name]
unknown

[dist]
# distance from previous block
# <min> <max>
0	54

[block]
# block no. 0 follows, 26 sequences, length 19
# corresponding to MSA columns:
# 54-72
name=unknown_A
#
# <colnr> <probs for GDERKNQSTAVLIFYWHMCP>
#	G	D	E	R	K	N	Q	S	T	A	V	L	I	F	Y	W	H	M	C	P
0	0.01153	0.00915	0.01276	0.07145	0.01782	0.00900	0.03292	0.01472	0.01713	0.02171	0.04795	0.09566	0.22856	0.01892	0.00971	0.00309	0.00643	0.35787	0.00659	0.00702
1	0.02145	0.01611	0.01726	0.01391	0.01858	0.01710	0.01126	0.41487	0.02905	0.03829	0.09120	0.03760	0.21549	0.01262	0.00811	0.00237	0.00662	0.01011	0.00749	0.01050
2	0.02167	0.01918	0.02959	0.03675	0.43643	0.01974	0.07396	0.21142	0.02275	0.03153	0.01552	0.01875	0.01223	0.00742	0.00765	0.00229	0.00913	0.00696	0.00489	0.01213
3	0.01877	0.01802	0.03079	0.04656	0.68612	0.01802	0.02328	0.02328	0.01727	0.02478	0.01427	0.01877	0.01201	0.00676	0.00751	0.00225	0.00901	0.00676	0.00375	0.01201
4	0.02159	0.02337	0.02805	0.03859	0.49065	0.22006	0.02074	0.02535	0.01852	0.02295	0.01352	0.01727	0.01135	0.00707	0.00731	0.00216	0.01039	0.00621	0.00380	0.01106
5	0.78701	0.01467	0.01115	0.00997	0.01467	0.01702	0.00821	0.02230	0.01291	0.03403	0.01056	0.01232	0.00821	0.00704	0.00469	0.00235	0.00587	0.00411	0.00469	0.00821
6	0.00924	0.00660	0.00880	0.01056	0.01100	0.00616	0.00704	0.01056	0.01452	0.01936	0.04181	0.72848	0.05017	0.02376	0.00968	0.00308	0.00440	0.02156	0.00704	0.00616
7	0.02184	0.01627	0.01864	0.07396	0.02224	0.01784	0.01280	0.41520	0.02771	0.03703	0.02477	0.22789	0.02366	0.01330	0.00820	0.00253	0.00733	0.01117	0.00707	0.01054
8	0.01487	0.01532	0.01255	0.01321	0.01467	0.21170	0.00929	0.01638	0.01658	0.01913	0.03293	0.51764	0.03825	0.01906	0.00884	0.00275	0.00714	0.01664	0.00612	0.00694
9	0.01929	0.06688	0.46899	0.02065	0.02952	0.22028	0.02347	0.02582	0.01761	0.02216	0.01293	0.01517	0.00966	0.00736	0.00700	0.00224	0.01181	0.00533	0.00341	0.01044
10	0.01601	0.03370	0.50259	0.02467	0.03484	0.01808	0.21402	0.02410	0.01657	0.02410	0.01412	0.01733	0.01017	0.00697	0.00772	0.00245	0.01168	0.00659	0.00339	0.01092
11	0.01877	0.01802	0.03079	0.04656	0.68612	0.01802	0.02328	0.02328	0.01727	0.02478	0.01427	0.01877	0.01201	0.00676	0.00751	0.00225	0.00901	0.00676	0.00375	0.01201
12	0.01274	0.01177	0.01831	0.50650	0.03985	0.01377	0.01655	0.01687	0.01579	0.01971	0.03217	0.03579	0.20860	0.01101	0.00799	0.00254	0.00826	0.00947	0.00445	0.00783
13	0.02447	0.01908	0.02031	0.01657	0.02186	0.02148	0.01336	0.38923	0.31436	0.04077	0.02375	0.02263	0.01739	0.00962	0.00764	0.00241	0.00732	0.00759	0.00764	0.01251
14	0.01432	0.01348	0.02275	0.71520	0.05224	0.01685	0.02107	0.01938	0.01517	0.01938	0.01348	0.02022	0.01011	0.00758	0.00758	0.00253	0.01011	0.00674	0.00337	0.00843
15	0.24076	0.01048	0.01191	0.01279	0.01541	0.01117	0.01104	0.01766	0.01612	0.02604	0.03143	0.06396	0.03320	0.01685	0.00877	0.00315	0.00665	0.44895	0.00631	0.00735
16	0.01847	0.00983	0.01359	0.01362	0.01649	0.00928	0.01158	0.02166	0.01853	0.21973	0.03724	0.10834	0.03672	0.01772	0.00959	0.00313	0.00667	0.41144	0.00770	0.00868
17	0.01923	0.03393	0.49610	0.02039	0.03008	0.01936	0.02401	0.21186	0.02181	0.03104	0.01497	0.01666	0.01058	0.00777	0.00732	0.00237	0.01037	0.00597	0.00450	0.01171
18	0.01636	0.00923	0.01061	0.00940	0.01293	0.00780	0.00735	0.01858	0.01859	0.21838	0.06300	0.05908	0.48710	0.01631	0.00857	0.00250	0.00461	0.01354	0.00774	0.00832

[dist]
# distance from previous block
# <min> <max>
0	4

[block]
# block no. 1 follows, 26 sequences, length 9
# corresponding to MSA columns:
# 77-85
name=unknown_B
#
# <colnr> <probs for GDERKNQSTAVLIFYWHMCP>
#	G	D	E	R	K	N	Q	S	T	A	V	L	I	F	Y	W	H	M	C	P
0	0.01756	0.01622	0.02481	0.03254	0.42095	0.01488	0.01761	0.02162	0.01666	0.02475	0.01396	0.01756	0.01171	0.00631	0.00676	0.00180	0.00766	0.00586	0.00405	0.31672
1	0.32418	0.39722	0.07870	0.01245	0.01859	0.02390	0.01224	0.02265	0.01446	0.02474	0.01079	0.01252	0.00912	0.00676	0.00498	0.00197	0.00746	0.00420	0.00382	0.00924
2	0.01772	0.01902	0.01465	0.01351	0.01614	0.28331	0.01013	0.02065	0.02148	0.02571	0.41606	0.03960	0.04704	0.01245	0.00811	0.00221	0.00759	0.01021	0.00659	0.00781
3	0.01414	0.01090	0.01180	0.01112	0.01282	0.01192	0.00754	0.02265	0.27351	0.02146	0.02667	0.04117	0.02582	0.44644	0.02635	0.00546	0.00682	0.01006	0.00584	0.00754
4	0.02430	0.01746	0.03398	0.02464	0.03159	0.01599	0.40163	0.02932	0.01941	0.28904	0.02113	0.02259	0.01439	0.00758	0.00843	0.00247	0.01027	0.00843	0.00604	0.01129
5	0.00924	0.00660	0.00880	0.01056	0.01100	0.00616	0.00704	0.01056	0.01452	0.01936	0.04181	0.72848	0.05017	0.02376	0.00968	0.00308	0.00440	0.02156	0.00704	0.00616
6	0.32366	0.01669	0.02299	0.03204	0.41964	0.01762	0.01730	0.02289	0.01554	0.02845	0.01280	0.01621	0.01051	0.00687	0.00639	0.00229	0.00776	0.00571	0.00413	0.01051
7	0.01968	0.45226	0.03619	0.02630	0.28404	0.02525	0.01707	0.02294	0.01615	0.02060	0.01202	0.01479	0.01064	0.00660	0.00592	0.00187	0.00847	0.00513	0.00345	0.01064
8	0.01193	0.00810	0.00840	0.00842	0.01067	0.00771	0.00638	0.01603	0.06699	0.02449	0.04966	0.07945	0.31632	0.01467	0.00751	0.00231	0.00404	0.03773	0.31208	0.00711

[dist]
# distance from previous block
# <min> <max>
0	1

[block]
# block no. 2 follows, 26 sequences, length 94
# corresponding to MSA columns:
# 87-180
name=unknown_C
#
# <colnr> <probs for GDERKNQSTAVLIFYWHMCP>
#	G	D	E	R	K	N	Q	S	T	A	V	L	I	F	Y	W	H	M	C	P
0	0.07865	0.01776	0.02926	0.04371	0.63378	0.01794	0.02210	0.02320	0.01693	0.02550	0.01398	0.01827	0.01172	0.00678	0.00729	0.00226	0.00877	0.00655	0.00383	0.01172
1	0.00989	0.00841	0.00864	0.00859	0.01125	0.00749	0.00656	0.01341	0.06836	0.02147	0.07148	0.07012	0.60069	0.01860	0.00894	0.00261	0.00416	0.04536	0.00709	0.00687
2	0.03210	0.01242	0.01692	0.01327	0.01871	0.01076	0.01083	0.03491	0.02115	0.63899	0.03085	0.08059	0.02122	0.01051	0.00779	0.00240	0.00629	0.00871	0.00921	0.01238
3	0.01553	0.01294	0.01527	0.01113	0.01734	0.00984	0.00880	0.01838	0.01527	0.02382	0.01346	0.01630	0.01139	0.00723	0.00749	0.06178	0.00569	0.00466	0.00440	0.71928
4	0.01843	0.01767	0.03016	0.09867	0.63671	0.01793	0.02311	0.02297	0.01711	0.02436	0.01421	0.01889	0.01187	0.00682	0.00751	0.00227	0.00910	0.00676	0.00372	0.01173
5	0.02301	0.01839	0.02316	0.01848	0.02391	0.02000	0.10581	0.28663	0.26501	0.06230	0.02395	0.02578	0.01817	0.00973	0.00797	0.00249	0.00799	0.03818	0.00714	0.01190
6	0.01871	0.01821	0.03188	0.04542	0.63573	0.01811	0.07280	0.02336	0.01732	0.02474	0.01435	0.01890	0.01198	0.00673	0.00762	0.00228	0.00931	0.00693	0.00376	0.01188
7	0.72678	0.01458	0.01205	0.06494	0.01760	0.01700	0.00922	0.02207	0.01308	0.03289	0.01079	0.01294	0.00836	0.00708	0.00492	0.00236	0.00620	0.00431	0.00459	0.00823
8	0.00945	0.01014	0.06119	0.00877	0.01201	0.00728	0.00750	0.01191	0.01719	0.02077	0.07191	0.06856	0.63055	0.01827	0.00883	0.00255	0.00442	0.01520	0.00674	0.00678
9	0.02257	0.01597	0.01763	0.01519	0.01992	0.01766	0.01200	0.08283	0.49889	0.16383	0.02980	0.02710	0.02157	0.01003	0.00769	0.00251	0.00626	0.00827	0.00804	0.01225
10	0.01573	0.01348	0.01573	0.01123	0.01798	0.01011	0.00899	0.01910	0.01573	0.02472	0.01348	0.01573	0.01123	0.00562	0.00562	0.00112	0.00562	0.00449	0.00449	0.77980
11	0.01222	0.00873	0.01222	0.01397	0.01572	0.00873	0.01222	0.01572	0.01746	0.02270	0.04016	0.08556	0.04365	0.02095	0.01048	0.00349	0.00698	0.63506	0.00698	0.00698
12	0.02576	0.01902	0.02051	0.01651	0.02196	0.02114	0.01338	0.40880	0.25248	0.08343	0.02329	0.02215	0.01678	0.00953	0.00763	0.00238	0.00742	0.00748	0.00775	0.01259
13	0.01074	0.00775	0.01014	0.00954	0.01133	0.00716	0.00716	0.01431	0.02147	0.03042	0.68211	0.05666	0.07157	0.01551	0.00895	0.00239	0.00358	0.01372	0.00835	0.00716
14	0.01877	0.01802	0.03079	0.04656	0.68612	0.01802	0.02328	0.02328	0.01727	0.02478	0.01427	0.01877	0.01201	0.00676	0.00751	0.00225	0.00901	0.00676	0.00375	0.01201
15	0.01630	0.18867	0.55418	0.01977	0.02997	0.02027	0.02481	0.02374	0.01589	0.02270	0.01296	0.01519	0.00964	0.00705	0.00671	0.00224	0.01055	0.00527	0.00321	0.01089
16	0.01074	0.00775	0.01014	0.00954	0.01133	0.00716	0.00716	0.01431	0.02147	0.03042	0.68211	0.05666	0.07157	0.01551	0.00895	0.00239	0.00358	0.01372	0.00835	0.00716
17	0.00924	0.00660	0.00880	0.01056	0.01100	0.00616	0.00704	0.01056	0.01452	0.01936	0.04181	0.72848	0.05017	0.02376	0.00968	0.00308	0.00440	0.02156	0.00704	0.00616
18	0.01790	0.02046	0.04476	0.03197	0.03964	0.01918	0.65857	0.02430	0.01790	0.02430	0.01535	0.02046	0.01151	0.00639	0.00895	0.00256	0.01279	0.00895	0.00384	0.01023
19	0.02883	0.02125	0.02276	0.01745	0.02352	0.02352	0.01442	0.66082	0.03566	0.04780	0.01821	0.01821	0.01290	0.00911	0.00759	0.00228	0.00835	0.00683	0.00759	0.01290
20	0.00924	0.00660	0.00880	0.01056	0.01100	0.00616	0.00704	0.01056	0.01452	0.01936	0.04181	0.72848	0.05017	0.02376	0.00968	0.00308	0.00440	0.02156	0.00704	0.00616
21	0.01074	0.00775	0.01014	0.00954	0.01133	0.00716	0.00716	0.01431	0.02147	0.03042	0.68211	0.05666	0.07157	0.01551	0.00895	0.00239	0.00358	0.01372	0.00835	0.00716
22	0.02064	0.70673	0.03893	0.01327	0.01965	0.05999	0.01305	0.02305	0.01568	0.01788	0.01060	0.01223	0.00974	0.00655	0.00495	0.00164	0.00836	0.00409	0.00327	0.00969
23	0.02028	0.73799	0.03975	0.01298	0.01947	0.03001	0.01298	0.02271	0.01541	0.01785	0.01055	0.01217	0.00973	0.00649	0.00487	0.00162	0.00811	0.00406	0.00324	0.00973
24	0.02838	0.03483	0.02161	0.01936	0.02346	0.64275	0.01463	0.08618	0.02275	0.02116	0.01230	0.01408	0.01005	0.00793	0.00691	0.00198	0.01321	0.00506	0.00423	0.00916
25	0.01190	0.00850	0.01185	0.01359	0.01520	0.00845	0.01165	0.01515	0.01714	0.02233	0.04034	0.15620	0.04437	0.02126	0.01039	0.00345	0.00670	0.56766	0.00699	0.00689
26	0.01074	0.00775	0.01014	0.00954	0.01133	0.00716	0.00716	0.01431	0.02147	0.03042	0.68211	0.05666	0.07157	0.01551	0.00895	0.00239	0.00358	0.01372	0.00835	0.00716
27	0.02028	0.73799	0.03975	0.01298	0.01947	0.03001	0.01298	0.02271	0.01541	0.01785	0.01055	0.01217	0.00973	0.00649	0.00487	0.00162	0.00811	0.00406	0.00324	0.00973
28	0.01860	0.01188	0.01238	0.01076	0.01396	0.01277	0.00848	0.19322	0.09176	0.03390	0.02364	0.02557	0.01808	0.00907	0.00618	0.00199	0.00510	0.00717	0.48633	0.00917
29	0.01521	0.03923	0.69413	0.02162	0.03283	0.01762	0.02802	0.02402	0.01601	0.02402	0.01361	0.01601	0.00961	0.00721	0.00721	0.00240	0.01121	0.00560	0.00320	0.01121
30	0.01471	0.01388	0.02345	0.65669	0.10771	0.01695	0.02126	0.01972	0.01535	0.01985	0.01355	0.02010	0.01028	0.00751	0.00758	0.00250	0.01001	0.00674	0.00340	0.00874
31	0.01051	0.00774	0.00983	0.00931	0.01119	0.00706	0.00698	0.01388	0.02094	0.02915	0.60477	0.05875	0.14970	0.01598	0.00895	0.00241	0.00361	0.01401	0.00818	0.00706
32	0.78701	0.01467	0.01115	0.00997	0.01467	0.01702	0.00821	0.02230	0.01291	0.03403	0.01056	0.01232	0.00821	0.00704	0.00469	0.00235	0.00587	0.00411	0.00469	0.00821
33	0.01887	0.01629	0.01715	0.01544	0.01972	0.01887	0.01201	0.04031	0.67241	0.03173	0.03087	0.02830	0.02315	0.01029	0.00772	0.00257	0.00600	0.00858	0.00772	0.01201
34	0.02883	0.02125	0.02276	0.01745	0.02352	0.02352	0.01442	0.66082	0.03566	0.04780	0.01821	0.01821	0.01290	0.00911	0.00759	0.00228	0.00835	0.00683	0.00759	0.01290
35	0.02833	0.03615	0.02149	0.01954	0.02345	0.70298	0.01466	0.03029	0.02149	0.01856	0.01172	0.01368	0.00977	0.00782	0.00684	0.00195	0.01368	0.00489	0.00391	0.00879
36	0.01084	0.00813	0.01219	0.01219	0.01354	0.00948	0.00948	0.01354	0.01219	0.01761	0.02032	0.02980	0.01896	0.05689	0.70337	0.01219	0.02032	0.00813	0.00406	0.00677
37	0.01084	0.00809	0.01201	0.01201	0.01331	0.00939	0.00926	0.01343	0.01214	0.01748	0.02048	0.03070	0.01935	0.08747	0.67332	0.01197	0.01973	0.00826	0.00409	0.00667
38	0.01318	0.00659	0.00988	0.00988	0.00988	0.00659	0.00659	0.00988	0.00988	0.01318	0.01318	0.02306	0.01318	0.02635	0.02964	0.77931	0.00659	0.00659	0.00329	0.00329
39	0.03370	0.01344	0.01793	0.01375	0.01963	0.01194	0.01136	0.07683	0.02260	0.65025	0.02918	0.02533	0.01840	0.00937	0.00763	0.00234	0.00658	0.00758	0.00927	0.01291
40	0.01103	0.00735	0.00827	0.00827	0.00827	0.00735	0.00460	0.01103	0.01103	0.01471	0.02390	0.04964	0.02758	0.73343	0.03861	0.00735	0.00735	0.01103	0.00460	0.00460
41	0.01573	0.01348	0.01573	0.01123	0.01798	0.01011	0.00899	0.01910	0.01573	0.02472	0.01348	0.01573	0.01123	0.00562	0.00562	0.00112	0.00562	0.00449	0.00449	0.77980
42	0.02883	0.02125	0.02276	0.01745	0.02352	0.02352	0.01442	0.66082	0.03566	0.04780	0.01821	0.01821	0.01290	0.00911	0.00759	0.00228	0.00835	0.00683	0.00759	0.01290
43	0.01877	0.01802	0.03079	0.04656	0.68612	0.01802	0.02328	0.02328	0.01727	0.02478	0.01427	0.01877	0.01201	0.00676	0.00751	0.00225	0.00901	0.00676	0.00375	0.01201
44	0.03403	0.01291	0.01760	0.01350	0.01936	0.01115	0.01115	0.03697	0.02171	0.69137	0.02992	0.02582	0.01878	0.00939	0.00763	0.00235	0.00645	0.00763	0.00939	0.01291
45	0.01049	0.00700	0.00932	0.01059	0.01141	0.00648	0.00724	0.01211	0.01552	0.05038	0.10414	0.63122	0.05087	0.02231	0.00952	0.00298	0.00441	0.02017	0.00727	0.00656
46	0.02005	0.02234	0.02272	0.01980	0.02095	0.22303	0.01602	0.02179	0.01452	0.01835	0.01048	0.01574	0.00990	0.01167	0.01959	0.00292	0.51208	0.00612	0.00349	0.00844
47	0.02876	0.01311	0.01664	0.01349	0.01859	0.01244	0.01089	0.03571	0.16356	0.48787	0.03033	0.05375	0.02099	0.01012	0.00761	0.00240	0.00613	0.00835	0.04711	0.01216
48	0.01432	0.01348	0.02275	0.71520	0.05224	0.01685	0.02107	0.01938	0.01517	0.01938	0.01348	0.02022	0.01011	0.00758	0.00758	0.00253	0.01011	0.00674	0.00337	0.00843
49	0.01889	0.01942	0.05832	0.04475	0.64014	0.03723	0.02324	0.02351	0.01734	0.02457	0.01417	0.01851	0.01185	0.00681	0.00748	0.00225	0.00923	0.00666	0.00374	0.01189
50	0.01585	0.01566	0.02163	0.21819	0.02880	0.06338	0.04120	0.01876	0.01396	0.01927	0.01498	0.08262	0.01427	0.01302	0.03496	0.00314	0.33280	0.00805	0.03129	0.00816
51	0.01758	0.01681	0.02864	0.22521	0.51675	0.01771	0.02269	0.02224	0.01671	0.02334	0.01406	0.01916	0.01151	0.00698	0.00753	0.00233	0.00930	0.00675	0.00365	0.01106
52	0.00928	0.00669	0.00879	0.01039	0.01098	0.00621	0.00698	0.01070	0.01489	0.01979	0.06515	0.67408	0.08149	0.02326	0.00962	0.00303	0.00435	0.02103	0.00709	0.00621
53	0.01664	0.11085	0.55406	0.02165	0.05329	0.01877	0.04943	0.02433	0.01627	0.04698	0.01395	0.01621	0.01010	0.00716	0.00705	0.00232	0.01070	0.00568	0.00347	0.01110
54	0.01592	0.13668	0.60287	0.02041	0.03097	0.01934	0.02593	0.02384	0.01593	0.02316	0.01318	0.01548	0.00963	0.00711	0.00688	0.00229	0.01078	0.00539	0.00321	0.01100
55	0.00924	0.00660	0.00880	0.01056	0.01100	0.00616	0.00704	0.01056	0.01452	0.01936	0.04181	0.72848	0.05017	0.02376	0.00968	0.00308	0.00440	0.02156	0.00704	0.00616
56	0.01776	0.05517	0.31764	0.02851	0.14844	0.06913	0.20685	0.02438	0.01716	0.02361	0.01398	0.01747	0.01059	0.00691	0.00765	0.00236	0.01135	0.00666	0.00354	0.01084
57	0.01877	0.01826	0.02942	0.08550	0.54996	0.03980	0.04465	0.02461	0.06798	0.02476	0.01546	0.01950	0.01267	0.00710	0.00756	0.00230	0.00913	0.00692	0.00404	0.01162
58	0.01751	0.01983	0.04313	0.03100	0.03835	0.01859	0.62911	0.02368	0.01775	0.02407	0.01654	0.05247	0.01326	0.00718	0.00898	0.00258	0.01241	0.00952	0.00398	0.01005
59	0.01429	0.06297	0.04870	0.01253	0.01522	0.03453	0.01048	0.01664	0.01634	0.07281	0.08805	0.15015	0.25670	0.01589	0.01162	0.00267	0.14400	0.01253	0.00604	0.00784
60	0.02602	0.02352	0.12604	0.01860	0.02546	0.02186	0.04745	0.49125	0.05442	0.06210	0.01819	0.01858	0.01288	0.00874	0.00760	0.00232	0.00886	0.00683	0.00680	0.01248
61	0.01715	0.29313	0.43257	0.01884	0.02820	0.02219	0.04503	0.02355	0.01586	0.02178	0.01256	0.01477	0.00972	0.00692	0.00642	0.00212	0.01014	0.00516	0.00324	0.01064
62	0.28005	0.01503	0.04017	0.01291	0.01843	0.01434	0.01097	0.09060	0.01970	0.36669	0.02223	0.04360	0.01544	0.00899	0.00671	0.00237	0.00655	0.00678	0.00737	0.01108
63	0.01999	0.01968	0.02905	0.04169	0.57287	0.07958	0.02168	0.04757	0.04793	0.02536	0.01493	0.01873	0.01235	0.00710	0.00746	0.00224	0.00927	0.00668	0.00409	0.01176
64	0.01790	0.02046	0.04476	0.03197	0.03964	0.01918	0.65857	0.02430	0.01790	0.02430	0.01535	0.02046	0.01151	0.00639	0.00895	0.00256	0.01279	0.00895	0.00384	0.01023
65	0.01455	0.01371	0.02315	0.68188	0.08383	0.01691	0.02118	0.01957	0.01527	0.01965	0.01352	0.02015	0.01021	0.00754	0.00758	0.00251	0.01006	0.00674	0.00339	0.00860
66	0.01814	0.01765	0.03091	0.12934	0.55434	0.01797	0.07428	0.02287	0.01706	0.02406	0.01426	0.01909	0.01173	0.00683	0.00763	0.00231	0.00945	0.00693	0.00371	0.01142
67	0.04629	0.01289	0.05789	0.01471	0.06688	0.01090	0.01139	0.02380	0.05967	0.22281	0.20638	0.04302	0.12280	0.01277	0.00822	0.00248	0.00583	0.05403	0.00754	0.00970
68	0.02873	0.01810	0.01999	0.01574	0.02130	0.04404	0.01284	0.35274	0.08947	0.24833	0.05243	0.02310	0.01821	0.00954	0.00764	0.00232	0.00752	0.00748	0.00807	0.01241
69	0.00946	0.00677	0.00900	0.01041	0.01105	0.00631	0.00706	0.01112	0.01555	0.02100	0.13689	0.62872	0.05335	0.02254	0.00957	0.00298	0.00428	0.02040	0.00724	0.00631
70	0.01728	0.02515	0.20487	0.02822	0.03646	0.03845	0.45909	0.02405	0.01766	0.02428	0.03859	0.02044	0.01313	0.00696	0.00845	0.00249	0.01209	0.00817	0.00384	0.01032
71	0.01846	0.04924	0.03719	0.03886	0.37931	0.01902	0.29690	0.02369	0.01747	0.02428	0.01458	0.01922	0.01170	0.00659	0.00802	0.00236	0.01060	0.00759	0.00377	0.01115
72	0.03117	0.01311	0.01729	0.01371	0.01916	0.01192	0.01125	0.05556	0.07252	0.57555	0.03034	0.04687	0.02073	0.01028	0.00780	0.00243	0.00645	0.03240	0.00904	0.01243
73	0.01151	0.00795	0.01022	0.00954	0.01156	0.00725	0.00719	0.01492	0.02112	0.05579	0.60390	0.05685	0.12234	0.01558	0.00890	0.00240	0.00372	0.01367	0.00828	0.00732
74	0.04933	0.19841	0.46176	0.02019	0.05820	0.04364	0.02306	0.02383	0.01599	0.02287	0.01274	0.01502	0.00969	0.00703	0.00656	0.00220	0.01026	0.00521	0.00332	0.01070
75	0.01936	0.01720	0.02895	0.04265	0.61089	0.01706	0.02172	0.02372	0.01776	0.06765	0.04755	0.02105	0.01533	0.00735	0.00759	0.00227	0.00859	0.00715	0.00434	0.01184
76	0.03274	0.01371	0.01797	0.01383	0.01960	0.01244	0.01140	0.10749	0.02330	0.59809	0.04815	0.02587	0.01969	0.00954	0.00766	0.00234	0.00658	0.00772	0.00915	0.01273
77	0.01878	0.01912	0.05304	0.07337	0.58721	0.04122	0.02263	0.02401	0.04196	0.02456	0.01475	0.01893	0.01219	0.00698	0.00749	0.00227	0.00918	0.00672	0.00387	0.01172
78	0.01187	0.01345	0.11523	0.01168	0.01496	0.03095	0.01054	0.01606	0.02024	0.02831	0.51366	0.07246	0.08240	0.01441	0.00864	0.00240	0.00511	0.01254	0.00733	0.00777
79	0.78701	0.01467	0.01115	0.00997	0.01467	0.01702	0.00821	0.02230	0.01291	0.03403	0.01056	0.01232	0.00821	0.00704	0.00469	0.00235	0.00587	0.00411	0.00469	0.00821
80	0.01432	0.01348	0.02275	0.71520	0.05224	0.01685	0.02107	0.01938	0.01517	0.01938	0.01348	0.02022	0.01011	0.00758	0.00758	0.00253	0.01011	0.00674	0.00337	0.00843
81	0.01696	0.02707	0.27351	0.02832	0.03724	0.01863	0.43645	0.02420	0.01724	0.02420	0.01473	0.01889	0.01084	0.00668	0.00834	0.00250	0.01223	0.00777	0.00361	0.01058
82	0.11620	0.56615	0.05758	0.01265	0.01873	0.02619	0.01248	0.02207	0.01558	0.02106	0.06143	0.01569	0.01421	0.00727	0.00524	0.00180	0.00760	0.00485	0.00381	0.00940
83	0.01926	0.04565	0.01820	0.01549	0.01985	0.04387	0.01214	0.03925	0.62296	0.03071	0.02938	0.02713	0.02214	0.01005	0.00757	0.00251	0.00636	0.00826	0.00740	0.01180
84	0.01769	0.04863	0.25153	0.03346	0.37645	0.01734	0.02303	0.02345	0.01722	0.04977	0.05719	0.02031	0.01519	0.00756	0.00741	0.00229	0.00927	0.00676	0.00406	0.01139
85	0.01633	0.07187	0.61959	0.02094	0.03159	0.01859	0.02643	0.06465	0.01724	0.02524	0.01376	0.01597	0.00982	0.00729	0.00712	0.00236	0.01088	0.00561	0.00349	0.01125
86	0.01398	0.01311	0.02179	0.66999	0.04956	0.01618	0.02009	0.01884	0.01530	0.01945	0.01753	0.02359	0.05311	0.00833	0.00767	0.00253	0.00971	0.00733	0.00361	0.00830
87	0.05223	0.01917	0.06486	0.01624	0.02226	0.03949	0.03909	0.31799	0.02688	0.24299	0.02141	0.02083	0.01463	0.00884	0.00737	0.00228	0.00791	0.00695	0.05657	0.01203
88	0.05904	0.07352	0.02253	0.01784	0.06405	0.04480	0.01380	0.34795	0.10136	0.14844	0.02023	0.01980	0.01444	0.00881	0.00725	0.00226	0.00787	0.00676	0.00708	0.01216
89	0.01006	0.00737	0.00957	0.01111	0.01189	0.00715	0.00772	0.01282	0.05677	0.02039	0.04099	0.63889	0.04799	0.02271	0.00961	0.00308	0.00468	0.06353	0.00708	0.00659
90	0.01085	0.00957	0.03640	0.01304	0.01450	0.00880	0.04933	0.01373	0.04405	0.02044	0.03718	0.57520	0.04309	0.02093	0.01017	0.00303	0.03765	0.03849	0.00657	0.00698
91	0.01769	0.01706	0.02926	0.10546	0.55183	0.01723	0.05361	0.02218	0.01711	0.02398	0.01825	0.02246	0.05469	0.00761	0.00768	0.00231	0.00897	0.00746	0.00393	0.01123
92	0.01554	0.03507	0.56756	0.06799	0.06716	0.01771	0.07649	0.02371	0.01617	0.02378	0.01377	0.01677	0.00991	0.00714	0.00738	0.00241	0.01115	0.00600	0.00329	0.01100
93	0.00929	0.00664	0.00885	0.01053	0.01101	0.00619	0.00704	0.01069	0.01475	0.01973	0.06305	0.70619	0.05088	0.02349	0.00966	0.00306	0.00437	0.02130	0.00708	0.00619

[dist]
# distance from previous block
# <min> <max>
0	2

[block]
# block no. 3 follows, 26 sequences, length 50
# corresponding to MSA columns:
# 183-232
name=unknown_D
#
# <colnr> <probs for GDERKNQSTAVLIFYWHMCP>
#	G	D	E	R	K	N	Q	S	T	A	V	L	I	F	Y	W	H	M	C	P
0	0.03630	0.01849	0.05619	0.02754	0.13643	0.01797	0.29090	0.02661	0.15027	0.04791	0.01997	0.06435	0.01632	0.00880	0.00911	0.00256	0.04583	0.00888	0.00496	0.01061
1	0.03061	0.08369	0.02090	0.01450	0.02039	0.01634	0.01215	0.18486	0.06228	0.43555	0.02535	0.02285	0.01677	0.00910	0.00736	0.00227	0.00704	0.00715	0.00828	0.01255
2	0.00974	0.00741	0.01089	0.01181	0.01267	0.00692	0.04492	0.01136	0.01472	0.01965	0.04027	0.68732	0.04792	0.02275	0.00964	0.00305	0.00489	0.02083	0.00685	0.00640
3	0.01644	0.01613	0.02504	0.47846	0.23665	0.05708	0.02134	0.02116	0.01615	0.02092	0.01361	0.01942	0.01065	0.00735	0.00752	0.00241	0.01000	0.00664	0.00351	0.00950
4	0.10571	0.07871	0.48260	0.01820	0.02718	0.01708	0.02204	0.02238	0.01545	0.02442	0.03803	0.01725	0.01203	0.00851	0.00807	0.04747	0.00964	0.00565	0.00362	0.03597
5	0.01638	0.03126	0.42120	0.02656	0.06235	0.01822	0.26628	0.02409	0.01678	0.02416	0.01429	0.01781	0.01043	0.00688	0.00788	0.00245	0.01172	0.00692	0.00347	0.01087
6	0.01643	0.01503	0.02441	0.54147	0.12883	0.01773	0.03952	0.08376	0.01755	0.02303	0.01411	0.01985	0.01067	0.00760	0.00761	0.00247	0.00988	0.00682	0.00385	0.00938
7	0.05893	0.16251	0.08302	0.01495	0.02032	0.01977	0.01334	0.05797	0.33050	0.07745	0.02424	0.04888	0.01925	0.00974	0.00708	0.00237	0.00700	0.02530	0.00633	0.01104
8	0.04135	0.02090	0.07338	0.14580	0.05774	0.06420	0.36550	0.04449	0.03603	0.02409	0.01481	0.01940	0.01127	0.00725	0.00888	0.00251	0.04079	0.00772	0.00396	0.00993
9	0.00996	0.00731	0.01025	0.01147	0.01225	0.00692	0.02713	0.01161	0.01476	0.01963	0.03975	0.59157	0.04690	0.06499	0.01147	0.00337	0.00513	0.09244	0.00679	0.00629
10	0.01718	0.01775	0.03403	0.11889	0.26084	0.01793	0.29057	0.02222	0.01683	0.02326	0.01604	0.06164	0.01372	0.00805	0.00914	0.00252	0.04664	0.00856	0.00391	0.01028
11	0.02950	0.01271	0.01667	0.01326	0.01846	0.01160	0.01078	0.03471	0.09893	0.53561	0.10645	0.02973	0.02548	0.01021	0.00779	0.00238	0.00606	0.00845	0.00907	0.01213
12	0.01614	0.05808	0.56984	0.02318	0.05970	0.01833	0.08286	0.04188	0.01677	0.02455	0.01383	0.01646	0.00997	0.00715	0.00731	0.00238	0.01108	0.00593	0.00341	0.01116
13	0.00937	0.00685	0.00882	0.01011	0.01095	0.00630	0.00690	0.01101	0.01560	0.02070	0.11559	0.57857	0.12665	0.02233	0.00952	0.00294	0.00425	0.02006	0.00718	0.00630
14	0.01619	0.17332	0.56856	0.01996	0.03026	0.01999	0.02514	0.02377	0.01590	0.02284	0.01302	0.01528	0.00963	0.00707	0.00676	0.00225	0.01062	0.00531	0.00321	0.01093
15	0.01917	0.01801	0.03102	0.04254	0.56927	0.01796	0.08328	0.02467	0.05082	0.04597	0.01571	0.01964	0.01275	0.00699	0.00766	0.00230	0.00914	0.00709	0.00414	0.01187
16	0.01084	0.00813	0.01219	0.01219	0.01354	0.00948	0.00948	0.01354	0.01219	0.01761	0.02032	0.02980	0.01896	0.05689	0.70337	0.01219	0.02032	0.00813	0.00406	0.00677
17	0.01574	0.01532	0.02713	0.48557	0.19257	0.01739	0.09625	0.02083	0.01596	0.02116	0.01388	0.01993	0.01070	0.00726	0.00773	0.00247	0.01018	0.00700	0.00351	0.00944
18	0.01599	0.14609	0.59406	0.02030	0.03079	0.01951	0.02572	0.02382	0.01592	0.02308	0.01314	0.01543	0.00963	0.00710	0.00685	0.00228	0.01074	0.00537	0.00321	0.01098
19	0.01414	0.00707	0.00707	0.00707	0.00884	0.00707	0.00530	0.01767	0.01591	0.02828	0.02474	0.02828	0.01944	0.00884	0.00530	0.00177	0.00353	0.00707	0.77554	0.00707
20	0.02028	0.73799	0.03975	0.01298	0.01947	0.03001	0.01298	0.02271	0.01541	0.01785	0.01055	0.01217	0.00973	0.00649	0.00487	0.00162	0.00811	0.00406	0.00324	0.00973
21	0.01573	0.01348	0.01573	0.01123	0.01798	0.01011	0.00899	0.01910	0.01573	0.02472	0.01348	0.01573	0.01123	0.00562	0.00562	0.00112	0.00562	0.00449	0.00449	0.77980
22	0.07688	0.05874	0.49205	0.02020	0.02985	0.01738	0.06899	0.02538	0.01656	0.10277	0.01530	0.01706	0.01072	0.00736	0.00710	0.00237	0.01024	0.00591	0.00409	0.01106
23	0.01074	0.00775	0.01014	0.00954	0.01133	0.00716	0.00716	0.01431	0.02147	0.03042	0.68211	0.05666	0.07157	0.01551	0.00895	0.00239	0.00358	0.01372	0.00835	0.00716
24	0.01033	0.00774	0.00958	0.00912	0.01108	0.00698	0.00684	0.01353	0.02051	0.02814	0.54339	0.06040	0.21172	0.01636	0.00895	0.00243	0.00364	0.01424	0.00805	0.00698
25	0.01615	0.09535	0.52292	0.02325	0.05677	0.01891	0.11489	0.02392	0.01627	0.02356	0.01362	0.01641	0.00997	0.00701	0.00726	0.00235	0.01109	0.00598	0.00332	0.01098
26	0.01646	0.07793	0.56933	0.02178	0.03218	0.01826	0.08575	0.02445	0.01637	0.04833	0.01420	0.01657	0.01013	0.00717	0.00725	0.00237	0.01100	0.00590	0.00349	0.01109
27	0.01092	0.00831	0.01041	0.01146	0.01353	0.00780	0.00964	0.01378	0.01739	0.02182	0.05482	0.08054	0.29921	0.02026	0.00987	0.00312	0.00573	0.38763	0.00701	0.00675
28	0.01471	0.01387	0.02344	0.65755	0.10690	0.01695	0.02126	0.01972	0.01535	0.01985	0.01355	0.02010	0.01028	0.00751	0.00758	0.00250	0.01002	0.00674	0.00340	0.00874
29	0.01985	0.02058	0.02940	0.09531	0.50056	0.12387	0.05346	0.02410	0.01779	0.02336	0.01387	0.01819	0.01149	0.00697	0.00748	0.00224	0.01001	0.00658	0.00375	0.01114
30	0.02756	0.02287	0.10675	0.01743	0.02395	0.05535	0.01558	0.43461	0.05030	0.13982	0.01946	0.01916	0.01353	0.00888	0.00751	0.00230	0.00862	0.00675	0.00712	0.01245
31	0.02833	0.03615	0.02149	0.01954	0.02345	0.70298	0.01466	0.03029	0.02149	0.01856	0.01172	0.01368	0.00977	0.00782	0.00684	0.00195	0.01368	0.00489	0.00391	0.00879
32	0.05371	0.00885	0.01084	0.01117	0.04531	0.00821	0.00794	0.01505	0.01940	0.05129	0.38236	0.05723	0.24578	0.01570	0.00866	0.00247	0.00429	0.03680	0.00752	0.00743
33	0.01587	0.01103	0.01302	0.01171	0.01481	0.01123	0.00903	0.02484	0.22493	0.10750	0.35465	0.04544	0.09791	0.01345	0.00841	0.00245	0.00469	0.01157	0.00817	0.00929
34	0.03403	0.01291	0.01760	0.01350	0.01936	0.01115	0.01115	0.03697	0.02171	0.69137	0.02992	0.02582	0.01878	0.00939	0.00763	0.00235	0.00645	0.00763	0.00939	0.01291
35	0.01877	0.01802	0.03079	0.04656	0.68612	0.01802	0.02328	0.02328	0.01727	0.02478	0.01427	0.01877	0.01201	0.00676	0.00751	0.00225	0.00901	0.00676	0.00375	0.01201
36	0.01688	0.11304	0.58343	0.02021	0.03059	0.01857	0.02540	0.02465	0.01629	0.06292	0.01425	0.01618	0.01017	0.00726	0.00698	0.00231	0.01059	0.00556	0.00357	0.01115
37	0.03403	0.01291	0.01760	0.01350	0.01936	0.01115	0.01115	0.03697	0.02171	0.69137	0.02992	0.02582	0.01878	0.00939	0.00763	0.00235	0.00645	0.00763	0.00939	0.01291
38	0.01372	0.00843	0.01103	0.00999	0.01234	0.00765	0.00763	0.01715	0.02135	0.11659	0.57453	0.05322	0.08707	0.01484	0.00877	0.00239	0.00396	0.01300	0.00844	0.00788
39	0.06802	0.02068	0.02150	0.01671	0.02258	0.05564	0.01373	0.52376	0.03216	0.12105	0.01887	0.01858	0.01319	0.00897	0.00741	0.00227	0.00826	0.00669	0.00747	0.01246
40	0.01432	0.01348	0.02275	0.71520	0.05224	0.01685	0.02107	0.01938	0.01517	0.01938	0.01348	0.02022	0.01011	0.00758	0.00758	0.00253	0.01011	0.00674	0.00337	0.00843
41	0.01318	0.00659	0.00988	0.00988	0.00988	0.00659	0.00659	0.00988	0.00988	0.01318	0.01318	0.02306	0.01318	0.02635	0.02964	0.77931	0.00659	0.00659	0.00329	0.00329
42	0.01887	0.01629	0.01715	0.01544	0.01972	0.01887	0.01201	0.04031	0.67241	0.03173	0.03087	0.02830	0.02315	0.01029	0.00772	0.00257	0.00600	0.00858	0.00772	0.01201
43	0.11012	0.65324	0.03640	0.01263	0.01891	0.02849	0.01242	0.02266	0.01512	0.01974	0.01055	0.01219	0.00956	0.00655	0.00485	0.00171	0.00785	0.00406	0.00341	0.00956
44	0.11723	0.03363	0.02028	0.01842	0.02242	0.62261	0.01390	0.02935	0.02049	0.02038	0.01159	0.01352	0.00959	0.00773	0.00659	0.00200	0.01276	0.00479	0.00400	0.00873
45	0.01153	0.00875	0.01074	0.01007	0.01222	0.00846	0.00760	0.01705	0.09737	0.02969	0.55203	0.05479	0.12022	0.01522	0.00880	0.00242	0.00389	0.01332	0.00816	0.00766
46	0.01103	0.00735	0.00827	0.00827	0.00827	0.00735	0.00460	0.01103	0.01103	0.01471	0.02390	0.04964	0.02758	0.73343	0.03861	0.00735	0.00735	0.01103	0.00460	0.00460
47	0.12152	0.01429	0.01758	0.01364	0.01940	0.01359	0.01127	0.12350	0.02265	0.52330	0.02600	0.02316	0.01671	0.00907	0.00728	0.00234	0.00665	0.00710	0.00858	0.01236
48	0.01124	0.01098	0.00934	0.00918	0.01182	0.08801	0.00685	0.01315	0.01768	0.02022	0.06790	0.09057	0.58047	0.01805	0.00874	0.00251	0.00502	0.01491	0.00668	0.00667
49	0.01784	0.01686	0.02861	0.04253	0.60731	0.01702	0.02166	0.02214	0.01668	0.02394	0.01498	0.02006	0.01283	0.01263	0.08904	0.00342	0.01034	0.00692	0.00379	0.01140

[dist]
# distance from previous block
# <min> <max>
0	14

[block]
# block no. 4 follows, 26 sequences, length 9
# corresponding to MSA columns:
# 247-255
name=unknown_E
#
# <colnr> <probs for GDERKNQSTAVLIFYWHMCP>
#	G	D	E	R	K	N	Q	S	T	A	V	L	I	F	Y	W	H	M	C	P
0	0.02536	0.01819	0.02020	0.01524	0.02149	0.01841	0.01250	0.41358	0.02846	0.09729	0.01782	0.01813	0.01291	0.00808	0.00700	0.00194	0.00736	0.00620	0.00682	0.24302
1	0.01318	0.00659	0.00988	0.00988	0.00988	0.00659	0.00659	0.00988	0.00988	0.01318	0.01318	0.02306	0.01318	0.02635	0.02964	0.77931	0.00659	0.00659	0.00329	0.00329
2	0.02831	0.01419	0.01743	0.01423	0.01950	0.01406	0.01147	0.03823	0.26728	0.44242	0.03028	0.02675	0.02043	0.00973	0.00766	0.00243	0.00628	0.00799	0.00876	0.01257
3	0.01812	0.01759	0.02852	0.03856	0.48621	0.01959	0.02127	0.02177	0.01557	0.02282	0.01297	0.01812	0.01140	0.00871	0.01273	0.00257	0.22222	0.00672	0.00362	0.01090
4	0.01690	0.01635	0.02631	0.22229	0.31204	0.01926	0.02066	0.02070	0.01500	0.02134	0.01276	0.01852	0.01087	0.00894	0.01275	0.00265	0.22252	0.00672	0.00352	0.00991
5	0.01591	0.01459	0.02419	0.03576	0.48354	0.01446	0.01841	0.01946	0.01645	0.02315	0.02253	0.23173	0.02346	0.01186	0.00816	0.00250	0.00763	0.01120	0.00474	0.01026
6	0.01637	0.01152	0.01262	0.01103	0.01285	0.01221	0.00754	0.20601	0.01842	0.02464	0.02219	0.04021	0.02317	0.51609	0.02930	0.00583	0.00765	0.00977	0.00549	0.00709
7	0.14714	0.01696	0.01780	0.01375	0.01968	0.04460	0.01121	0.22583	0.02290	0.15497	0.01744	0.01772	0.01259	0.00773	0.00651	0.00194	0.00701	0.00576	0.00637	0.24210
8	0.01621	0.01149	0.01286	0.01142	0.01334	0.01220	0.00799	0.20609	0.01878	0.02519	0.02359	0.09875	0.02474	0.42116	0.05892	0.00569	0.00802	0.01055	0.00568	0.00733

[dist]
# distance from previous block
# <min> <max>
0	2

[block]
# block no. 5 follows, 26 sequences, length 6
# corresponding to MSA columns:
# 258-263
name=unknown_F
#
# <colnr> <probs for GDERKNQSTAVLIFYWHMCP>
#	G	D	E	R	K	N	Q	S	T	A	V	L	I	F	Y	W	H	M	C	P
0	0.11335	0.02245	0.02236	0.02098	0.11455	0.13113	0.01498	0.39858	0.02825	0.03835	0.01575	0.01689	0.01174	0.00834	0.00713	0.00223	0.00901	0.00620	0.00614	0.01159
1	0.22326	0.01652	0.02079	0.31259	0.03393	0.05038	0.04947	0.10995	0.01760	0.02737	0.01312	0.01729	0.01004	0.00800	0.00808	0.00248	0.05961	0.00607	0.00435	0.00909
2	0.00979	0.00729	0.00847	0.00916	0.01028	0.00670	0.00624	0.01108	0.01470	0.01869	0.04886	0.28881	0.25912	0.21118	0.01719	0.00407	0.00514	0.05097	0.00639	0.00587
3	0.02508	0.32711	0.02950	0.01623	0.02180	0.23911	0.01389	0.19514	0.02271	0.02605	0.01296	0.01425	0.01059	0.00760	0.00621	0.00190	0.00992	0.00505	0.00461	0.01028
4	0.01796	0.01681	0.02677	0.03714	0.50806	0.01591	0.01947	0.02216	0.01686	0.02476	0.01406	0.01796	0.01181	0.00645	0.00701	0.00195	0.00811	0.00615	0.00395	0.21662
5	0.23390	0.01661	0.01642	0.01340	0.01868	0.10882	0.01085	0.03213	0.01933	0.42273	0.02224	0.02053	0.01471	0.00854	0.00674	0.00229	0.00730	0.00631	0.00738	0.01109

[dist]
# distance from previous block
# <min> <max>
0	1

[block]
# block no. 6 follows, 26 sequences, length 10
# corresponding to MSA columns:
# 265-274
name=unknown_G
#
# <colnr> <probs for GDERKNQSTAVLIFYWHMCP>
#	G	D	E	R	K	N	Q	S	T	A	V	L	I	F	Y	W	H	M	C	P
0	0.47092	0.01576	0.06067	0.01201	0.01756	0.01501	0.01061	0.02753	0.01619	0.26265	0.01753	0.01729	0.01200	0.00787	0.00589	0.00235	0.00644	0.00544	0.00623	0.01006
1	0.01077	0.00747	0.00747	0.00747	0.00975	0.00664	0.00560	0.01325	0.01681	0.02321	0.05867	0.05740	0.45154	0.01559	0.00769	0.00228	0.00373	0.01289	0.27513	0.00664
2	0.01649	0.01592	0.02586	0.01847	0.02553	0.01328	0.23559	0.02091	0.01649	0.02457	0.01413	0.01738	0.01133	0.00589	0.00678	0.00162	0.00812	0.00605	0.00426	0.51134
3	0.01683	0.07828	0.41391	0.01888	0.02736	0.01889	0.02142	0.02961	0.24496	0.02629	0.01943	0.02004	0.01434	0.00823	0.00723	0.00241	0.00918	0.00654	0.00478	0.01139
4	0.01778	0.43400	0.07425	0.01152	0.01670	0.02114	0.01136	0.02105	0.01563	0.02192	0.01571	0.01806	0.01311	0.00736	0.00518	0.00173	0.00673	0.00522	0.27265	0.00891
5	0.01096	0.00762	0.00964	0.00964	0.01011	0.00810	0.00630	0.01191	0.01143	0.01572	0.02265	0.04272	0.02457	0.49742	0.27051	0.00904	0.01188	0.01002	0.00441	0.00536
6	0.01698	0.48338	0.03013	0.01270	0.01740	0.02285	0.01176	0.01951	0.01429	0.01776	0.01395	0.01832	0.01295	0.02407	0.24854	0.00531	0.01237	0.00548	0.00353	0.00870
7	0.01084	0.00813	0.01219	0.01219	0.01354	0.00948	0.00948	0.01354	0.01219	0.01761	0.02032	0.02980	0.01896	0.05689	0.70337	0.01219	0.02032	0.00813	0.00406	0.00677
8	0.01345	0.01240	0.02260	0.01896	0.02269	0.01175	0.23614	0.01755	0.01752	0.02319	0.07943	0.13788	0.09256	0.01568	0.00961	0.00296	0.00818	0.24349	0.00599	0.00798
9	0.01952	0.40397	0.08535	0.02053	0.02762	0.05980	0.23931	0.02374	0.01663	0.02056	0.01249	0.01540	0.01035	0.00657	0.00655	0.00202	0.01024	0.00591	0.00348	0.00996

[dist]
# distance from previous block
# <min> <max>
0	3

# created by:
# /st0/software/busco_prod/Augustus/scripts/msa2prfl.pl ./align_prep/119932.fa
