[name]
unknown

[dist]
# distance from previous block
# <min> <max>
0	15

[block]
# block no. 0 follows, 25 sequences, length 137
# corresponding to MSA columns:
# 29-165
name=unknown_A
#
# <colnr> <probs for GDERKNQSTAVLIFYWHMCP>
#	G	D	E	R	K	N	Q	S	T	A	V	L	I	F	Y	W	H	M	C	P
0	0.01249	0.00892	0.01249	0.01428	0.01606	0.00892	0.01249	0.01606	0.01785	0.02320	0.04105	0.08746	0.04462	0.02142	0.01071	0.00357	0.00714	0.62695	0.00714	0.00714
1	0.20797	0.01361	0.01647	0.01296	0.01868	0.01279	0.01070	0.03431	0.02011	0.53398	0.02600	0.02319	0.01669	0.00904	0.00710	0.00240	0.00646	0.00696	0.00848	0.01208
2	0.01582	0.03826	0.62566	0.02312	0.03423	0.01816	0.08847	0.02458	0.01656	0.02458	0.01408	0.01681	0.01001	0.00729	0.00754	0.00247	0.01161	0.00606	0.00334	0.01136
3	0.03384	0.04559	0.01932	0.01402	0.02006	0.01302	0.01168	0.07444	0.02277	0.61646	0.02899	0.02530	0.01842	0.00945	0.00767	0.00236	0.00679	0.00759	0.00921	0.01305
4	0.01092	0.00792	0.01028	0.00969	0.01155	0.00729	0.00727	0.01452	0.02181	0.03077	0.65589	0.05845	0.09252	0.01597	0.00915	0.00244	0.00367	0.01410	0.00849	0.00729
5	0.03394	0.01301	0.01772	0.01365	0.01950	0.01125	0.01125	0.03696	0.02218	0.66118	0.05360	0.02752	0.02112	0.00982	0.00785	0.00240	0.00649	0.00802	0.00956	0.01299
6	0.02620	0.03193	0.02397	0.06303	0.15869	0.52171	0.01713	0.02890	0.02074	0.02031	0.01261	0.01540	0.01047	0.00776	0.00717	0.00209	0.01281	0.00549	0.00393	0.00964
7	0.01097	0.00793	0.01036	0.00975	0.01158	0.00732	0.00732	0.01463	0.02195	0.03109	0.67505	0.05792	0.07316	0.01585	0.00914	0.00244	0.00366	0.01402	0.00854	0.00732
8	0.03479	0.01320	0.01799	0.01380	0.01979	0.01140	0.01140	0.03779	0.02219	0.68451	0.03059	0.02639	0.01919	0.00960	0.00780	0.00240	0.00660	0.00780	0.00960	0.01320
9	0.01480	0.01409	0.02423	0.67971	0.05285	0.01733	0.04868	0.02003	0.01562	0.02003	0.01386	0.02068	0.01040	0.00770	0.00781	0.00259	0.01045	0.00699	0.00347	0.00869
10	0.01434	0.01346	0.02242	0.67077	0.05107	0.01665	0.02068	0.01934	0.01562	0.01987	0.01730	0.02360	0.04651	0.00840	0.00783	0.00259	0.00999	0.00741	0.00365	0.00850
11	0.01021	0.00835	0.00906	0.00880	0.01130	0.00745	0.00663	0.01372	0.05403	0.02433	0.23832	0.06759	0.47649	0.01811	0.00909	0.00257	0.00397	0.01531	0.00760	0.00707
12	0.02896	0.03695	0.02197	0.01998	0.02397	0.69638	0.01498	0.03096	0.02197	0.01898	0.01199	0.01398	0.00999	0.00799	0.00699	0.00200	0.01398	0.00499	0.00400	0.00899
13	0.02980	0.04962	0.15045	0.01548	0.02252	0.01383	0.01490	0.03469	0.04568	0.50086	0.02650	0.02392	0.01713	0.00907	0.00759	0.00239	0.00761	0.00727	0.00802	0.01268
14	0.01789	0.01538	0.01624	0.01471	0.01880	0.01747	0.01141	0.03698	0.57118	0.03121	0.06484	0.03483	0.09179	0.01168	0.00807	0.00262	0.00580	0.00977	0.00785	0.01147
15	0.01425	0.00872	0.01158	0.01074	0.01311	0.00801	0.00837	0.01781	0.02157	0.11592	0.52702	0.05675	0.06323	0.01559	0.00913	0.00255	0.00439	0.07468	0.00853	0.00807
16	0.01555	0.04011	0.68733	0.02210	0.03356	0.01801	0.02865	0.02455	0.01637	0.02455	0.01391	0.01637	0.00982	0.00737	0.00737	0.00246	0.01146	0.00573	0.00327	0.01146
17	0.01587	0.13437	0.55197	0.02011	0.03017	0.01899	0.02507	0.02345	0.01618	0.02336	0.01540	0.06287	0.01260	0.00839	0.00720	0.00239	0.01055	0.00660	0.00354	0.01090
18	0.60307	0.01923	0.11479	0.01389	0.01993	0.01767	0.06630	0.02323	0.01410	0.03242	0.01168	0.01387	0.00890	0.00717	0.00555	0.00243	0.00741	0.00485	0.00450	0.00903
19	0.05351	0.01680	0.02784	0.14938	0.50689	0.01744	0.02169	0.02231	0.01693	0.02455	0.01601	0.06241	0.01419	0.00813	0.00769	0.00240	0.00895	0.00771	0.00403	0.01114
20	0.02073	0.73217	0.04063	0.01327	0.01990	0.03068	0.01327	0.02322	0.01575	0.01824	0.01078	0.01244	0.00995	0.00663	0.00498	0.00166	0.00829	0.00415	0.00332	0.00995
21	0.02090	0.01706	0.01832	0.01578	0.01978	0.04007	0.01255	0.19472	0.31290	0.03359	0.02433	0.02495	0.01870	0.01460	0.07205	0.00342	0.06473	0.00785	0.07252	0.01118
22	0.00950	0.00679	0.00905	0.01076	0.01126	0.00634	0.00720	0.01094	0.01511	0.02022	0.06639	0.69758	0.05210	0.02398	0.00987	0.00312	0.00447	0.02174	0.00725	0.00634
23	0.02073	0.73217	0.04063	0.01327	0.01990	0.03068	0.01327	0.02322	0.01575	0.01824	0.01078	0.01244	0.00995	0.00663	0.00498	0.00166	0.00829	0.00415	0.00332	0.00995
24	0.00945	0.00675	0.00900	0.01080	0.01125	0.00630	0.00720	0.01080	0.01484	0.01979	0.04274	0.72245	0.05128	0.02429	0.00990	0.00315	0.00450	0.02204	0.00720	0.00630
25	0.02947	0.02172	0.02327	0.01784	0.02404	0.02404	0.01474	0.65329	0.03646	0.04887	0.01862	0.01862	0.01319	0.00931	0.00776	0.00233	0.00853	0.00698	0.00776	0.01319
26	0.02468	0.21222	0.09656	0.04020	0.04934	0.41098	0.01650	0.02773	0.01945	0.01964	0.01203	0.01424	0.01006	0.00753	0.00657	0.00199	0.01199	0.00498	0.00373	0.00960
27	0.01445	0.00723	0.00723	0.00723	0.00903	0.00723	0.00542	0.01807	0.01626	0.02891	0.02529	0.02891	0.01987	0.00903	0.00542	0.00181	0.00361	0.00723	0.77055	0.00723
28	0.05818	0.01824	0.03174	0.04016	0.46869	0.01854	0.13149	0.02332	0.01719	0.02525	0.01530	0.02157	0.01307	0.00781	0.00897	0.00248	0.05231	0.03035	0.00400	0.01134
29	0.00945	0.00675	0.00900	0.01080	0.01125	0.00630	0.00720	0.01080	0.01484	0.01979	0.04274	0.72245	0.05128	0.02429	0.00990	0.00315	0.00450	0.02204	0.00720	0.00630
30	0.01212	0.00928	0.01006	0.00947	0.01236	0.00847	0.00730	0.05288	0.04470	0.04950	0.15918	0.06556	0.47633	0.01777	0.00902	0.00260	0.00445	0.03385	0.00755	0.00755
31	0.07533	0.02107	0.02227	0.01727	0.02331	0.02341	0.01423	0.58588	0.06439	0.04723	0.01874	0.01873	0.01338	0.00923	0.00758	0.00235	0.00826	0.00689	0.00758	0.01285
32	0.01128	0.00752	0.00846	0.00846	0.00846	0.00752	0.00470	0.01128	0.01128	0.01503	0.02443	0.05074	0.02819	0.72751	0.03946	0.00752	0.00752	0.01128	0.00470	0.00470
33	0.01608	0.01378	0.01608	0.01148	0.01837	0.01034	0.00919	0.01952	0.01608	0.02527	0.01378	0.01608	0.01148	0.00574	0.00574	0.00115	0.00574	0.00459	0.00459	0.77491
34	0.01983	0.61194	0.15298	0.01480	0.02227	0.02848	0.01594	0.02345	0.01586	0.01934	0.01132	0.01312	0.00993	0.00676	0.00539	0.00180	0.00884	0.00442	0.00331	0.01021
35	0.78228	0.01499	0.01140	0.01020	0.01499	0.01739	0.00840	0.02279	0.01320	0.03479	0.01080	0.01260	0.00840	0.00720	0.00480	0.00240	0.00600	0.00420	0.00480	0.00840
36	0.01188	0.00815	0.01053	0.00980	0.01186	0.00744	0.00740	0.01540	0.02167	0.05860	0.60751	0.05767	0.11100	0.01583	0.00909	0.00245	0.00380	0.01391	0.00849	0.00752
37	0.01115	0.00752	0.00876	0.00887	0.00899	0.00759	0.00518	0.01142	0.01157	0.01552	0.02531	0.09073	0.02902	0.63962	0.08144	0.00758	0.00821	0.01174	0.00482	0.00494
38	0.01821	0.01726	0.02929	0.12854	0.56046	0.01770	0.02283	0.02283	0.01740	0.02451	0.01609	0.02351	0.01400	0.00789	0.00787	0.00241	0.00923	0.04448	0.00399	0.01151
39	0.01082	0.00786	0.01027	0.01032	0.01198	0.00731	0.00781	0.01403	0.02020	0.02797	0.47687	0.16086	0.09944	0.01794	0.00943	0.00268	0.00419	0.08482	0.00811	0.00710
40	0.00941	0.00687	0.00887	0.01046	0.01116	0.00633	0.00705	0.01083	0.01517	0.01992	0.04679	0.64902	0.12209	0.02376	0.00981	0.00309	0.00443	0.02140	0.00720	0.00633
41	0.01675	0.01542	0.02304	0.51945	0.07530	0.04054	0.02007	0.08112	0.01780	0.02297	0.01554	0.02364	0.01255	0.00888	0.00868	0.00262	0.04186	0.04053	0.00410	0.00915
42	0.02545	0.02034	0.02060	0.01682	0.02210	0.06248	0.01353	0.38781	0.23909	0.04081	0.02272	0.02215	0.01670	0.00961	0.00765	0.00238	0.00786	0.00745	0.04207	0.01237
43	0.01246	0.00810	0.01045	0.00979	0.01178	0.00763	0.00741	0.01603	0.02068	0.05899	0.52678	0.05128	0.06094	0.01734	0.05095	0.00298	0.00484	0.01256	0.10146	0.00754
44	0.02400	0.01745	0.01859	0.01557	0.02045	0.04103	0.01239	0.23866	0.27150	0.12750	0.02995	0.06513	0.06015	0.01121	0.00799	0.00250	0.00703	0.00910	0.00787	0.01192
45	0.14479	0.31384	0.31555	0.01658	0.02500	0.02299	0.01911	0.02373	0.01560	0.02372	0.01214	0.01417	0.00964	0.00704	0.00598	0.00213	0.00928	0.00484	0.00354	0.01035
46	0.02632	0.05390	0.02487	0.02653	0.18424	0.50984	0.01709	0.02897	0.02072	0.02051	0.01258	0.01521	0.01055	0.00768	0.00710	0.00206	0.01264	0.00544	0.00394	0.00982
47	0.00925	0.00786	0.00797	0.00794	0.01052	0.00658	0.00596	0.01129	0.01787	0.02142	0.10641	0.07384	0.64783	0.01946	0.00916	0.00261	0.00391	0.01625	0.00726	0.00658
48	0.01589	0.01526	0.02362	0.30576	0.03456	0.01960	0.05094	0.03694	0.01462	0.02040	0.01451	0.06879	0.01333	0.01143	0.01566	0.00297	0.31523	0.00804	0.00384	0.00862
49	0.01361	0.01103	0.01497	0.01735	0.13538	0.01078	0.01100	0.04578	0.05995	0.02903	0.36791	0.05113	0.14495	0.01441	0.00881	0.00250	0.00524	0.04016	0.00734	0.00867
50	0.00963	0.00787	0.00850	0.00834	0.01076	0.00674	0.00626	0.01203	0.01877	0.02355	0.23160	0.07033	0.52132	0.01867	0.00916	0.00257	0.00386	0.01576	0.00754	0.00674
51	0.02049	0.01682	0.01786	0.01556	0.02006	0.01902	0.01223	0.17143	0.46266	0.03480	0.03182	0.06156	0.05813	0.01139	0.00802	0.00259	0.00646	0.00941	0.00779	0.01188
52	0.00945	0.00675	0.00900	0.01080	0.01125	0.00630	0.00720	0.01080	0.01484	0.01979	0.04274	0.72245	0.05128	0.02429	0.00990	0.00315	0.00450	0.02204	0.00720	0.00630
53	0.03458	0.01353	0.01820	0.01395	0.01996	0.01189	0.01153	0.06163	0.02274	0.65989	0.03013	0.02609	0.01896	0.00959	0.00780	0.00240	0.00667	0.00777	0.00953	0.01320
54	0.02410	0.35782	0.08354	0.01705	0.02286	0.33537	0.01528	0.02688	0.01866	0.01908	0.01158	0.01346	0.00996	0.00731	0.00609	0.00188	0.01116	0.00466	0.00362	0.00963
55	0.02896	0.03695	0.02197	0.01998	0.02397	0.69638	0.01498	0.03096	0.02197	0.01898	0.01199	0.01398	0.00999	0.00799	0.00699	0.00200	0.01398	0.00499	0.00400	0.00899
56	0.01767	0.03404	0.49848	0.02578	0.12533	0.01832	0.05879	0.06357	0.01807	0.04673	0.01491	0.01746	0.01077	0.00745	0.00754	0.00243	0.01089	0.00622	0.00386	0.01169
57	0.01155	0.00843	0.01128	0.01267	0.01438	0.00815	0.01057	0.01463	0.01772	0.02301	0.09080	0.16772	0.12954	0.02118	0.01029	0.00331	0.00613	0.42442	0.00725	0.00696
58	0.01919	0.01842	0.03147	0.04759	0.67914	0.01842	0.02380	0.02380	0.01765	0.02533	0.01458	0.01919	0.01228	0.00691	0.00768	0.00230	0.00921	0.00691	0.00384	0.01228
59	0.08996	0.01481	0.01719	0.01371	0.01899	0.05450	0.01114	0.08057	0.02253	0.46346	0.10602	0.02781	0.02394	0.01005	0.00767	0.00237	0.00679	0.00804	0.00860	0.01184
60	0.00944	0.00749	0.00849	0.00904	0.01085	0.00654	0.00648	0.01137	0.01715	0.02158	0.12663	0.29228	0.40362	0.02083	0.00941	0.00278	0.00409	0.01805	0.00733	0.00654
61	0.02747	0.02175	0.02207	0.01758	0.02329	0.06792	0.01428	0.49337	0.15715	0.04369	0.02068	0.02030	0.01500	0.00945	0.00773	0.00236	0.00843	0.00719	0.00753	0.01273
62	0.10978	0.02354	0.02179	0.01738	0.02307	0.13532	0.01410	0.48230	0.03156	0.04238	0.01668	0.01720	0.01214	0.00886	0.00731	0.00228	0.00917	0.00635	0.00681	0.01198
63	0.01919	0.01842	0.03147	0.04759	0.67914	0.01842	0.02380	0.02380	0.01765	0.02533	0.01458	0.01919	0.01228	0.00691	0.00768	0.00230	0.00921	0.00691	0.00384	0.01228
64	0.01118	0.00749	0.00854	0.00860	0.00868	0.00745	0.00489	0.01135	0.01176	0.01574	0.04481	0.08233	0.03062	0.67330	0.03717	0.00716	0.00726	0.01186	0.00493	0.00485
65	0.01133	0.00752	0.00834	0.00834	0.00863	0.00743	0.00482	0.01168	0.01200	0.01627	0.02809	0.05101	0.07085	0.63680	0.03538	0.00684	0.00704	0.01137	0.05127	0.00497
66	0.02245	0.01787	0.02012	0.01863	0.07275	0.01987	0.01368	0.28534	0.29485	0.03730	0.02607	0.09230	0.02124	0.01110	0.00802	0.00253	0.00719	0.00920	0.00745	0.01206
67	0.01923	0.01770	0.01708	0.01563	0.01971	0.08631	0.01217	0.03680	0.52106	0.02981	0.03301	0.03379	0.06310	0.01149	0.00805	0.00262	0.00686	0.04690	0.00741	0.01128
68	0.01128	0.00752	0.00846	0.00846	0.00846	0.00752	0.00470	0.01128	0.01128	0.01503	0.02443	0.05074	0.02819	0.72751	0.03946	0.00752	0.00752	0.01128	0.00470	0.00470
69	0.01986	0.01667	0.01777	0.01550	0.02011	0.01879	0.01216	0.10603	0.53234	0.03379	0.05770	0.02838	0.02405	0.01036	0.00781	0.00251	0.00627	0.00858	0.00772	0.05360
70	0.01884	0.02386	0.10273	0.03077	0.03866	0.06956	0.54692	0.02526	0.01840	0.02438	0.01525	0.01999	0.01146	0.00672	0.00883	0.00255	0.01299	0.00853	0.00387	0.01044
71	0.00961	0.00687	0.00919	0.01099	0.01151	0.00644	0.00749	0.01108	0.01501	0.01998	0.04264	0.68794	0.05092	0.02414	0.00994	0.00317	0.00464	0.05492	0.00719	0.00634
72	0.01509	0.01423	0.02406	0.64441	0.11440	0.01734	0.02175	0.02020	0.01571	0.02035	0.01386	0.02053	0.01053	0.00767	0.00774	0.00256	0.01023	0.00689	0.00348	0.00897
73	0.01555	0.04011	0.68733	0.02210	0.03356	0.01801	0.02865	0.02455	0.01637	0.02455	0.01391	0.01637	0.00982	0.00737	0.00737	0.00246	0.01146	0.00573	0.00327	0.01146
74	0.00958	0.00685	0.00912	0.01070	0.01128	0.00639	0.00721	0.01114	0.01549	0.02082	0.09998	0.66228	0.05326	0.02353	0.00983	0.00308	0.00442	0.02132	0.00732	0.00639
75	0.02159	0.65960	0.03868	0.01397	0.02033	0.10017	0.01345	0.02403	0.01640	0.01832	0.01091	0.01260	0.00995	0.00678	0.00519	0.00169	0.00889	0.00423	0.00339	0.00985
76	0.00945	0.00675	0.00900	0.01080	0.01125	0.00630	0.00720	0.01080	0.01484	0.01979	0.04274	0.72245	0.05128	0.02429	0.00990	0.00315	0.00450	0.02204	0.00720	0.00630
77	0.01717	0.02194	0.12809	0.14068	0.03937	0.01947	0.38931	0.02327	0.01684	0.02327	0.01450	0.01980	0.01108	0.00766	0.01054	0.00268	0.09255	0.00804	0.00369	0.01007
78	0.74820	0.01599	0.01187	0.01064	0.01540	0.04811	0.00869	0.02316	0.01359	0.03407	0.01085	0.01266	0.00847	0.00723	0.00490	0.00238	0.00636	0.00423	0.00476	0.00842
79	0.02896	0.03695	0.02197	0.01998	0.02397	0.69638	0.01498	0.03096	0.02197	0.01898	0.01199	0.01398	0.00999	0.00799	0.00699	0.00200	0.01398	0.00499	0.00400	0.00899
80	0.01413	0.00996	0.01351	0.01463	0.08677	0.00949	0.00969	0.01867	0.06022	0.08319	0.41890	0.10615	0.09400	0.01495	0.00886	0.00250	0.00476	0.01321	0.00787	0.00853
81	0.00946	0.00691	0.00884	0.01036	0.01107	0.00636	0.00696	0.01085	0.01510	0.01980	0.04671	0.62208	0.12900	0.04369	0.01064	0.00321	0.00451	0.02102	0.00713	0.00628
82	0.02098	0.01788	0.01839	0.01620	0.02074	0.04515	0.01278	0.13784	0.51074	0.03414	0.02917	0.02936	0.02242	0.01072	0.00796	0.00260	0.00686	0.03630	0.00769	0.01206
83	0.01893	0.01829	0.03133	0.07486	0.57415	0.01849	0.06489	0.02459	0.05114	0.02542	0.01550	0.01988	0.01275	0.00711	0.00779	0.00235	0.00936	0.00715	0.00404	0.01199
84	0.00953	0.00681	0.00907	0.01074	0.01126	0.00635	0.00720	0.01100	0.01523	0.02041	0.07710	0.68633	0.05247	0.02383	0.00986	0.00311	0.00445	0.02161	0.00727	0.00635
85	0.01608	0.01378	0.01608	0.01148	0.01837	0.01034	0.00919	0.01952	0.01608	0.02527	0.01378	0.01608	0.01148	0.00574	0.00574	0.00115	0.00574	0.00459	0.00459	0.77491
86	0.02021	0.66330	0.10499	0.01415	0.02126	0.02942	0.01480	0.02335	0.01582	0.01887	0.01109	0.01283	0.00994	0.00671	0.00521	0.00174	0.00861	0.00430	0.00331	0.01010
87	0.02633	0.01559	0.05834	0.01440	0.01977	0.01396	0.01230	0.13272	0.09738	0.33907	0.15350	0.03096	0.02869	0.01074	0.00804	0.00242	0.00658	0.00886	0.00851	0.01183
88	0.01131	0.00844	0.01045	0.00994	0.01189	0.00801	0.00738	0.01576	0.06362	0.02901	0.51938	0.08106	0.12744	0.04942	0.01051	0.00273	0.00406	0.01406	0.00813	0.00741
89	0.49177	0.01643	0.07352	0.01209	0.01733	0.01568	0.01078	0.04770	0.01629	0.12947	0.05604	0.05111	0.01623	0.00897	0.00608	0.00244	0.00646	0.00640	0.00582	0.00940
90	0.04743	0.12966	0.43513	0.02064	0.02999	0.07780	0.06144	0.06676	0.01810	0.02525	0.01363	0.01592	0.01014	0.00739	0.00705	0.00231	0.01094	0.00569	0.00374	0.01098
91	0.01235	0.00893	0.01222	0.01387	0.01558	0.00898	0.01178	0.01634	0.04252	0.02311	0.04091	0.16971	0.04470	0.02138	0.01049	0.00348	0.00675	0.52249	0.00718	0.00723
92	0.01661	0.03043	0.39404	0.05289	0.14379	0.01811	0.16342	0.02405	0.01713	0.02476	0.03258	0.01914	0.01242	0.00735	0.00787	0.00247	0.01118	0.00695	0.00366	0.01116
93	0.01894	0.02026	0.02346	0.02029	0.02095	0.13473	0.01664	0.02069	0.01354	0.01871	0.01048	0.01647	0.01015	0.01265	0.02240	0.00316	0.59793	0.00649	0.00349	0.00857
94	0.00955	0.00682	0.00911	0.01091	0.01140	0.00638	0.00737	0.01097	0.01494	0.01991	0.04268	0.70157	0.05106	0.02420	0.00992	0.00316	0.00459	0.04193	0.00720	0.00633
95	0.01817	0.01542	0.01680	0.01578	0.04358	0.01725	0.01178	0.07235	0.48390	0.03177	0.08078	0.03516	0.10003	0.01172	0.00811	0.00258	0.00597	0.00982	0.00770	0.01133
96	0.02843	0.02032	0.02193	0.01695	0.02274	0.02232	0.01388	0.58197	0.03419	0.07141	0.01954	0.02062	0.01427	0.04029	0.00905	0.00254	0.00826	0.00721	0.03146	0.01263
97	0.00918	0.00779	0.00792	0.00803	0.01052	0.00653	0.00597	0.01111	0.01750	0.02088	0.07638	0.11387	0.63814	0.01992	0.00921	0.00265	0.00396	0.01671	0.00720	0.00653
98	0.02807	0.11446	0.02420	0.01903	0.02352	0.56361	0.01477	0.08314	0.02250	0.02144	0.01241	0.01420	0.01026	0.00795	0.00683	0.00199	0.01287	0.00507	0.00424	0.00946
99	0.00945	0.00675	0.00900	0.01080	0.01125	0.00630	0.00720	0.01080	0.01484	0.01979	0.04274	0.72245	0.05128	0.02429	0.00990	0.00315	0.00450	0.02204	0.00720	0.00630
100	0.03325	0.01566	0.01952	0.01496	0.02102	0.01505	0.01236	0.21549	0.02631	0.50099	0.02713	0.02415	0.01746	0.00951	0.00779	0.00238	0.00716	0.00756	0.00907	0.01319
101	0.02357	0.05018	0.02406	0.15243	0.06923	0.41456	0.04474	0.02657	0.01925	0.01970	0.01294	0.01673	0.01072	0.01036	0.04023	0.00269	0.04326	0.00586	0.00384	0.00909
102	0.02896	0.03695	0.02197	0.01998	0.02397	0.69638	0.01498	0.03096	0.02197	0.01898	0.01199	0.01398	0.00999	0.00799	0.00699	0.00200	0.01398	0.00499	0.00400	0.00899
103	0.02365	0.02222	0.02676	0.05800	0.33519	0.13210	0.01924	0.20982	0.04381	0.03119	0.01583	0.01852	0.01245	0.00793	0.00760	0.00228	0.00975	0.00667	0.00512	0.01187
104	0.01096	0.00738	0.00855	0.00887	0.00894	0.00730	0.00514	0.01119	0.01190	0.01587	0.02763	0.16821	0.03223	0.60453	0.03429	0.00675	0.00699	0.01316	0.00514	0.00498
105	0.02711	0.02004	0.02261	0.05444	0.05377	0.02210	0.01496	0.51480	0.06742	0.06523	0.02019	0.04614	0.01520	0.00976	0.00784	0.00239	0.00831	0.00767	0.00741	0.01260
106	0.01243	0.03256	0.12398	0.01189	0.01590	0.01050	0.01105	0.04436	0.03764	0.02704	0.29905	0.07469	0.23892	0.01520	0.00868	0.00250	0.00547	0.01291	0.00702	0.00820
107	0.01128	0.00752	0.00846	0.00846	0.00846	0.00752	0.00470	0.01128	0.01128	0.01503	0.02443	0.05074	0.02819	0.72751	0.03946	0.00752	0.00752	0.01128	0.00470	0.00470
108	0.01608	0.01378	0.01608	0.01148	0.01837	0.01034	0.00919	0.01952	0.01608	0.02527	0.01378	0.01608	0.01148	0.00574	0.00574	0.00115	0.00574	0.00459	0.00459	0.77491
109	0.01731	0.30992	0.39236	0.01788	0.02686	0.02234	0.02132	0.02343	0.01647	0.02247	0.05274	0.01734	0.01371	0.00759	0.00654	0.00214	0.00974	0.00561	0.00361	0.01062
110	0.01761	0.01871	0.07373	0.23217	0.41969	0.01813	0.06208	0.02278	0.01700	0.02369	0.01438	0.01953	0.01154	0.00715	0.00777	0.00241	0.00992	0.00696	0.00369	0.01108
111	0.00945	0.00675	0.00900	0.01080	0.01125	0.00630	0.00720	0.01080	0.01484	0.01979	0.04274	0.72245	0.05128	0.02429	0.00990	0.00315	0.00450	0.02204	0.00720	0.00630
112	0.02007	0.01613	0.01725	0.01538	0.01982	0.01831	0.01201	0.03999	0.59844	0.07861	0.03300	0.03021	0.04430	0.01075	0.00792	0.00261	0.00610	0.00894	0.00799	0.01215
113	0.01868	0.15060	0.47048	0.02032	0.03001	0.06143	0.04630	0.02567	0.01709	0.06967	0.01452	0.01645	0.01058	0.00741	0.00705	0.00230	0.01081	0.00569	0.00379	0.01115
114	0.00951	0.00780	0.00839	0.00838	0.01072	0.00667	0.00623	0.01175	0.01829	0.02274	0.18601	0.11080	0.52735	0.01922	0.00920	0.00262	0.00391	0.01628	0.00745	0.00667
115	0.02627	0.01649	0.02355	0.10032	0.10994	0.05648	0.08614	0.06226	0.02089	0.32327	0.05034	0.02401	0.01762	0.00871	0.00786	0.00236	0.00848	0.00766	0.00685	0.04050
116	0.02257	0.01761	0.01888	0.01613	0.02103	0.01990	0.01279	0.18198	0.48137	0.07573	0.02852	0.02640	0.02098	0.01018	0.00785	0.00255	0.00672	0.00830	0.00796	0.01254
117	0.00945	0.00675	0.00900	0.01080	0.01125	0.00630	0.00720	0.01080	0.01484	0.01979	0.04274	0.72245	0.05128	0.02429	0.00990	0.00315	0.00450	0.02204	0.00720	0.00630
118	0.01611	0.03649	0.57091	0.02500	0.07736	0.01822	0.09887	0.02454	0.01667	0.02464	0.01416	0.01707	0.01021	0.00724	0.00759	0.00246	0.01149	0.00620	0.00338	0.01140
119	0.01763	0.01745	0.02442	0.41097	0.17892	0.08962	0.02035	0.04511	0.01722	0.02192	0.01471	0.04263	0.01217	0.00851	0.00864	0.00251	0.04664	0.00719	0.00387	0.00952
120	0.00916	0.00785	0.00785	0.00785	0.01047	0.00655	0.00589	0.01113	0.01767	0.02095	0.07855	0.07462	0.67599	0.01964	0.00916	0.00262	0.00393	0.01636	0.00720	0.00655
121	0.02689	0.21521	0.02697	0.01797	0.02292	0.44108	0.01451	0.10561	0.02215	0.02247	0.01249	0.01415	0.01037	0.00780	0.00656	0.00195	0.01184	0.00502	0.00428	0.00975
122	0.00983	0.00702	0.00941	0.01109	0.01174	0.00661	0.00773	0.01152	0.01551	0.02072	0.07532	0.62525	0.05176	0.02357	0.00994	0.00315	0.00472	0.08143	0.00726	0.00643
123	0.01651	0.03826	0.62245	0.02223	0.03323	0.01844	0.05108	0.06326	0.01768	0.02606	0.01427	0.01668	0.01010	0.00745	0.00746	0.00245	0.01134	0.00593	0.00357	0.01153
124	0.69584	0.01695	0.01266	0.01124	0.01603	0.07024	0.00914	0.04695	0.01474	0.03409	0.01118	0.01293	0.00870	0.00734	0.00508	0.00237	0.00671	0.00436	0.00485	0.00862
125	0.02896	0.03695	0.02197	0.01998	0.02397	0.69638	0.01498	0.03096	0.02197	0.01898	0.01199	0.01398	0.00999	0.00799	0.00699	0.00200	0.01398	0.00499	0.00400	0.00899
126	0.02399	0.04946	0.14897	0.04352	0.05042	0.08614	0.13453	0.27446	0.02547	0.06321	0.01658	0.01841	0.01205	0.00812	0.00777	0.00236	0.01041	0.00690	0.00555	0.01169
127	0.00918	0.00778	0.00793	0.00805	0.01052	0.00653	0.00598	0.01111	0.01749	0.02087	0.07622	0.11666	0.63545	0.01994	0.00921	0.00265	0.00396	0.01673	0.00720	0.00653
128	0.02125	0.01758	0.01865	0.01602	0.02089	0.01988	0.01265	0.16656	0.50743	0.03552	0.02812	0.02625	0.02098	0.01006	0.00777	0.00250	0.00661	0.00822	0.00772	0.04535
129	0.06760	0.16628	0.52282	0.01967	0.02980	0.02031	0.02446	0.02419	0.01604	0.02407	0.01313	0.01539	0.00975	0.00722	0.00675	0.00230	0.01051	0.00533	0.00338	0.01098
130	0.00996	0.00767	0.00912	0.00938	0.01122	0.00684	0.00690	0.01241	0.01850	0.02420	0.27070	0.21280	0.31164	0.01945	0.00937	0.00271	0.00408	0.03863	0.00765	0.00677
131	0.01623	0.01426	0.01806	0.01290	0.01985	0.01095	0.05195	0.01988	0.01623	0.02524	0.01391	0.01640	0.01150	0.00580	0.00597	0.00125	0.00623	0.00490	0.00455	0.72397
132	0.01205	0.00837	0.01130	0.01123	0.01255	0.00837	0.00843	0.01432	0.01812	0.04319	0.34708	0.20738	0.05408	0.01905	0.01259	0.07908	0.05182	0.06680	0.00728	0.00691
133	0.04151	0.10329	0.53632	0.02043	0.03035	0.01848	0.04504	0.02346	0.01616	0.02398	0.01548	0.06306	0.01261	0.00839	0.00727	0.00243	0.01056	0.00672	0.00361	0.01083
134	0.01833	0.01765	0.03023	0.13156	0.51383	0.01780	0.06053	0.02305	0.01731	0.02457	0.01449	0.01928	0.01194	0.00692	0.00765	0.00228	0.00936	0.00689	0.00384	0.06250
135	0.06104	0.00737	0.00924	0.01069	0.01152	0.00710	0.00728	0.01183	0.01517	0.02149	0.07953	0.63425	0.04977	0.02263	0.00951	0.00306	0.00455	0.02036	0.00712	0.00650
136	0.07526	0.01779	0.02065	0.01615	0.02124	0.01921	0.06219	0.40408	0.02817	0.05655	0.01958	0.02286	0.01515	0.07399	0.01023	0.00276	0.00793	0.00741	0.10771	0.01110

[dist]
# distance from previous block
# <min> <max>
5	18

[block]
# block no. 1 follows, 25 sequences, length 15
# corresponding to MSA columns:
# 184-198
name=unknown_B
#
# <colnr> <probs for GDERKNQSTAVLIFYWHMCP>
#	G	D	E	R	K	N	Q	S	T	A	V	L	I	F	Y	W	H	M	C	P
0	0.01837	0.02282	0.14574	0.15520	0.37935	0.06407	0.05618	0.02378	0.01738	0.02378	0.01421	0.01869	0.01133	0.00719	0.00766	0.00237	0.01033	0.00668	0.00369	0.01118
1	0.01774	0.01166	0.01399	0.01250	0.01477	0.01250	0.00932	0.16410	0.10642	0.02648	0.06336	0.04549	0.02025	0.01880	0.01864	0.37351	0.00662	0.00802	0.04842	0.00742
2	0.01338	0.00978	0.01386	0.01676	0.12956	0.00915	0.01027	0.01623	0.01847	0.07109	0.23984	0.25216	0.13527	0.01691	0.00902	0.00265	0.00513	0.01508	0.00719	0.00819
3	0.02334	0.21220	0.02433	0.01610	0.02054	0.40208	0.01293	0.02546	0.01960	0.01913	0.02340	0.02427	0.12736	0.00969	0.00685	0.00202	0.01073	0.00678	0.00438	0.00881
4	0.01073	0.00779	0.01019	0.01044	0.01200	0.00725	0.00785	0.01378	0.01966	0.02710	0.42605	0.20692	0.09828	0.01858	0.00950	0.00274	0.00429	0.09181	0.00800	0.00703
5	0.01911	0.01695	0.02597	0.26896	0.30300	0.01863	0.02048	0.13351	0.04163	0.02762	0.01652	0.04331	0.01344	0.00832	0.00780	0.00244	0.00922	0.00748	0.00464	0.01097
6	0.02806	0.01826	0.02022	0.01580	0.02127	0.01958	0.01287	0.44692	0.04937	0.15717	0.02189	0.02275	0.01583	0.04790	0.00930	0.00259	0.00771	0.00742	0.06279	0.01228
7	0.02585	0.03177	0.01959	0.01794	0.02124	0.57497	0.01317	0.02749	0.02009	0.01828	0.01418	0.02046	0.01320	0.13481	0.01271	0.00297	0.01284	0.00610	0.00412	0.00823
8	0.01599	0.01842	0.13439	0.01336	0.02105	0.01169	0.01262	0.02041	0.01613	0.02514	0.01380	0.01613	0.01119	0.00603	0.00603	0.00138	0.00675	0.00479	0.00436	0.64035
9	0.00963	0.00689	0.00916	0.01067	0.01129	0.00642	0.00721	0.01126	0.01570	0.02115	0.11853	0.64279	0.05390	0.02328	0.00981	0.00306	0.00440	0.02108	0.00736	0.00642
10	0.02419	0.25330	0.07445	0.01669	0.02282	0.12180	0.01493	0.23132	0.11405	0.03071	0.01662	0.01724	0.01291	0.00829	0.00674	0.00212	0.00911	0.00594	0.00549	0.01129
11	0.07408	0.05750	0.02155	0.14053	0.09510	0.05614	0.01483	0.21687	0.02263	0.03110	0.04035	0.10350	0.01833	0.01017	0.00750	0.00234	0.00819	0.00836	0.00565	0.06530
12	0.06382	0.07776	0.07499	0.02469	0.14102	0.20153	0.07944	0.19101	0.02334	0.02969	0.01454	0.01678	0.01131	0.00782	0.00729	0.00223	0.01061	0.00621	0.00489	0.01103
13	0.01678	0.01236	0.01448	0.06136	0.01816	0.01308	0.01005	0.06542	0.21244	0.07264	0.02980	0.14505	0.04653	0.17762	0.01536	0.00370	0.00658	0.01112	0.00660	0.06085
14	0.01716	0.01759	0.02523	0.14254	0.05130	0.09727	0.17619	0.02219	0.06308	0.02188	0.01915	0.09366	0.01775	0.08549	0.01264	0.00305	0.05748	0.00919	0.00455	0.06261

[dist]
# distance from previous block
# <min> <max>
0	8

[block]
# block no. 2 follows, 25 sequences, length 9
# corresponding to MSA columns:
# 207-215
name=unknown_C
#
# <colnr> <probs for GDERKNQSTAVLIFYWHMCP>
#	G	D	E	R	K	N	Q	S	T	A	V	L	I	F	Y	W	H	M	C	P
0	0.13185	0.01751	0.01840	0.01483	0.01984	0.01914	0.01190	0.35266	0.10227	0.06189	0.05918	0.02429	0.01878	0.07179	0.01011	0.00279	0.00734	0.00753	0.00708	0.04082
1	0.01719	0.01773	0.11116	0.01403	0.02027	0.01337	0.01263	0.12079	0.05059	0.02887	0.05266	0.10820	0.02025	0.00962	0.00709	0.00191	0.00675	0.00801	0.00560	0.37329
2	0.01680	0.01761	0.02429	0.01998	0.02290	0.11977	0.18684	0.01964	0.01561	0.02003	0.01987	0.13695	0.02032	0.11629	0.05808	0.00406	0.15803	0.01035	0.00447	0.00812
3	0.02393	0.02276	0.02558	0.02925	0.26605	0.15342	0.01806	0.20683	0.07978	0.03105	0.01644	0.01872	0.01295	0.00852	0.00865	0.00234	0.05198	0.00671	0.00532	0.01167
4	0.01154	0.00747	0.00898	0.00889	0.00917	0.00738	0.00539	0.01162	0.01275	0.01727	0.12262	0.04799	0.03300	0.51921	0.03352	0.11533	0.00681	0.01105	0.00510	0.00491
5	0.01817	0.30553	0.32700	0.01764	0.02607	0.02314	0.02001	0.02674	0.12147	0.02338	0.01556	0.01688	0.01212	0.00759	0.00652	0.00217	0.00936	0.00561	0.00404	0.01100
6	0.01079	0.00847	0.00987	0.00998	0.01197	0.00798	0.00729	0.01510	0.08270	0.02488	0.24597	0.23133	0.26743	0.01877	0.00922	0.00270	0.00421	0.01635	0.00767	0.00729
7	0.12023	0.01256	0.07997	0.01350	0.01648	0.01021	0.06531	0.01511	0.01529	0.02292	0.03587	0.43876	0.08775	0.01827	0.00880	0.00288	0.00610	0.01632	0.00618	0.00749
8	0.12699	0.01488	0.01554	0.01384	0.01779	0.01645	0.01094	0.17141	0.22847	0.03285	0.03125	0.09022	0.08283	0.04905	0.00954	0.00289	0.00649	0.06139	0.00708	0.01012

[dist]
# distance from previous block
# <min> <max>
0	53

# created by:
# /st0/software/busco_prod/Augustus/scripts/msa2prfl.pl ./align_prep/119901.fa
