[name]
unknown

[dist]
# distance from previous block
# <min> <max>
6	29

[block]
# block no. 0 follows, 21 sequences, length 17
# corresponding to MSA columns:
# 34-50
name=unknown_A
#
# <colnr> <probs for GDERKNQSTAVLIFYWHMCP>
#	G	D	E	R	K	N	Q	S	T	A	V	L	I	F	Y	W	H	M	C	P
0	0.01307	0.01341	0.07408	0.01225	0.01591	0.01059	0.01045	0.06175	0.04276	0.02575	0.06082	0.17916	0.36092	0.02275	0.05364	0.00366	0.00694	0.01628	0.00733	0.00848
1	0.01829	0.07212	0.49618	0.02325	0.03328	0.02177	0.02784	0.05255	0.01813	0.02677	0.01467	0.01797	0.01102	0.00924	0.01117	0.00281	0.12059	0.00645	0.00384	0.01205
2	0.14163	0.59500	0.03943	0.01402	0.02098	0.03133	0.01370	0.02541	0.01684	0.02295	0.01183	0.01368	0.01065	0.00738	0.00543	0.00195	0.00870	0.00456	0.00390	0.01065
3	0.01773	0.03987	0.55416	0.02314	0.03446	0.01999	0.02855	0.02989	0.11691	0.02834	0.01839	0.02019	0.01323	0.00864	0.00818	0.00273	0.01164	0.00683	0.00441	0.01272
4	0.03416	0.01562	0.02050	0.06388	0.02476	0.01495	0.01368	0.07986	0.09720	0.49359	0.03147	0.02826	0.02050	0.01049	0.00856	0.00267	0.00762	0.00855	0.00968	0.01400
5	0.01222	0.00819	0.00933	0.00948	0.00952	0.00815	0.00537	0.01234	0.01268	0.01690	0.02836	0.10492	0.03289	0.64903	0.04082	0.00788	0.00800	0.01329	0.00537	0.00529
6	0.01876	0.06460	0.01907	0.01263	0.01954	0.01279	0.01016	0.02215	0.01759	0.06135	0.01682	0.02092	0.01437	0.06007	0.00922	0.00192	0.00671	0.00577	0.00526	0.60032
7	0.01940	0.01408	0.01728	0.01310	0.01957	0.01138	0.01048	0.02300	0.01787	0.10682	0.01873	0.02164	0.01509	0.01611	0.11301	0.00344	0.00908	0.00615	0.00567	0.53811
8	0.01400	0.01009	0.01237	0.01298	0.01447	0.01011	0.00911	0.10971	0.01994	0.02663	0.04174	0.55804	0.04842	0.05421	0.01194	0.00353	0.00580	0.02100	0.00788	0.00805
9	0.01765	0.01513	0.01765	0.01260	0.02017	0.01134	0.01008	0.02143	0.01765	0.02773	0.01513	0.01765	0.01260	0.00630	0.00630	0.00126	0.00630	0.00504	0.00504	0.75295
10	0.02001	0.01653	0.01892	0.01373	0.02117	0.01377	0.01106	0.11772	0.02125	0.03190	0.01598	0.01810	0.01291	0.00693	0.00666	0.00147	0.00680	0.00546	0.00560	0.63404
11	0.01765	0.01513	0.01765	0.01260	0.02017	0.01134	0.01008	0.02143	0.01765	0.02773	0.01513	0.01765	0.01260	0.00630	0.00630	0.00126	0.00630	0.00504	0.00504	0.75295
12	0.01594	0.01465	0.02029	0.06622	0.02163	0.01893	0.01518	0.01909	0.04537	0.02169	0.02400	0.20581	0.02611	0.04249	0.02095	0.00372	0.37126	0.03268	0.00529	0.00868
13	0.03235	0.02384	0.02554	0.01958	0.02639	0.02639	0.01618	0.61946	0.04001	0.05363	0.02043	0.02043	0.01447	0.01022	0.00851	0.00255	0.00936	0.00766	0.00851	0.01447
14	0.01765	0.01513	0.01765	0.01260	0.02017	0.01134	0.01008	0.02143	0.01765	0.02773	0.01513	0.01765	0.01260	0.00630	0.00630	0.00126	0.00630	0.00504	0.00504	0.75295
15	0.71184	0.06241	0.01465	0.01142	0.01682	0.02006	0.00957	0.02505	0.01467	0.03697	0.01185	0.01381	0.00933	0.00786	0.00528	0.00258	0.00675	0.00460	0.00516	0.00933
16	0.09076	0.08293	0.14810	0.09079	0.03774	0.02084	0.29916	0.02616	0.01863	0.04883	0.01750	0.04849	0.01394	0.00847	0.00868	0.00274	0.01191	0.00868	0.00453	0.01113

[dist]
# distance from previous block
# <min> <max>
1	6

[block]
# block no. 1 follows, 21 sequences, length 8
# corresponding to MSA columns:
# 57-64
name=unknown_B
#
# <colnr> <probs for GDERKNQSTAVLIFYWHMCP>
#	G	D	E	R	K	N	Q	S	T	A	V	L	I	F	Y	W	H	M	C	P
0	0.47132	0.01541	0.01503	0.08990	0.02197	0.01672	0.01111	0.02396	0.01587	0.06195	0.01603	0.06018	0.01360	0.00904	0.00633	0.00249	0.00702	0.00647	0.00547	0.13014
1	0.02096	0.39237	0.08637	0.11086	0.02654	0.02492	0.01574	0.02435	0.01712	0.06960	0.01652	0.02279	0.01475	0.11129	0.01201	0.00306	0.00945	0.00661	0.00442	0.01027
2	0.17606	0.04985	0.01724	0.01307	0.01856	0.01428	0.01044	0.05723	0.01905	0.13148	0.02372	0.14991	0.02175	0.01154	0.00742	0.00230	0.00656	0.00935	0.00666	0.25353
3	0.01717	0.01541	0.01393	0.01377	0.01545	0.13159	0.00973	0.06402	0.01848	0.02248	0.03084	0.21099	0.03431	0.27508	0.02238	0.00500	0.00877	0.07684	0.00626	0.00749
4	0.32191	0.01562	0.04671	0.01324	0.01833	0.01483	0.01104	0.02651	0.05490	0.15134	0.02499	0.15691	0.02246	0.01231	0.00748	0.00270	0.00666	0.00978	0.00692	0.07537
5	0.02715	0.14514	0.20306	0.02041	0.02786	0.28981	0.01975	0.03173	0.02134	0.11385	0.01648	0.01777	0.01236	0.00859	0.00756	0.00234	0.01240	0.00600	0.00493	0.01146
6	0.43958	0.15907	0.08322	0.01370	0.02027	0.02122	0.01293	0.02754	0.01674	0.11718	0.01514	0.01626	0.01133	0.00815	0.00603	0.00247	0.00777	0.00530	0.00549	0.01061
7	0.12563	0.16355	0.44950	0.02056	0.03109	0.02226	0.02508	0.02640	0.01734	0.02728	0.01414	0.01656	0.01058	0.00791	0.00719	0.00252	0.01106	0.00572	0.00384	0.01178

[dist]
# distance from previous block
# <min> <max>
0	1

[block]
# block no. 2 follows, 21 sequences, length 11
# corresponding to MSA columns:
# 66-76
name=unknown_C
#
# <colnr> <probs for GDERKNQSTAVLIFYWHMCP>
#	G	D	E	R	K	N	Q	S	T	A	V	L	I	F	Y	W	H	M	C	P
0	0.05849	0.15856	0.30152	0.02061	0.02979	0.07347	0.05272	0.05732	0.02032	0.12492	0.01751	0.01885	0.01264	0.00842	0.00763	0.00248	0.01098	0.00644	0.00510	0.01222
1	0.76103	0.01646	0.01251	0.01119	0.01646	0.01909	0.00922	0.02502	0.01448	0.03818	0.01185	0.01382	0.00922	0.00790	0.00527	0.00263	0.00658	0.00461	0.00527	0.00922
2	0.01905	0.27441	0.44377	0.02088	0.03162	0.02460	0.02557	0.02644	0.01773	0.02454	0.01407	0.01647	0.01083	0.00781	0.00717	0.00239	0.01137	0.00568	0.00361	0.01200
3	0.01325	0.01003	0.01241	0.01189	0.01414	0.00994	0.00886	0.02006	0.11814	0.03273	0.47003	0.14143	0.06866	0.01770	0.00993	0.00281	0.00456	0.01564	0.00906	0.00873
4	0.03235	0.02384	0.02554	0.01958	0.02639	0.02639	0.01618	0.61946	0.04001	0.05363	0.02043	0.02043	0.01447	0.01022	0.00851	0.00255	0.00936	0.00766	0.00851	0.01447
5	0.06345	0.01912	0.03229	0.17548	0.45922	0.01996	0.05680	0.02523	0.01865	0.02716	0.01565	0.02107	0.01277	0.00777	0.00834	0.00261	0.01038	0.00754	0.00419	0.01231
6	0.01037	0.00741	0.00987	0.01185	0.01234	0.00691	0.00790	0.01185	0.01629	0.02172	0.04690	0.69537	0.05629	0.02666	0.01086	0.00346	0.00494	0.02419	0.00790	0.00691
7	0.03204	0.12267	0.02325	0.01459	0.02146	0.01560	0.01239	0.03533	0.02203	0.44083	0.02682	0.02451	0.01794	0.00926	0.00766	0.00226	0.00736	0.00729	0.00846	0.14825
8	0.02004	0.39070	0.33622	0.01918	0.02898	0.02705	0.02260	0.02618	0.01761	0.02332	0.01347	0.01571	0.01085	0.00766	0.00671	0.00224	0.01076	0.00538	0.00362	0.01171
9	0.01613	0.00960	0.01268	0.01140	0.01412	0.00873	0.00873	0.02003	0.02413	0.13095	0.54806	0.05816	0.07104	0.01632	0.00981	0.00267	0.00452	0.01432	0.00955	0.00904
10	0.01765	0.01513	0.01765	0.01260	0.02017	0.01134	0.01008	0.02143	0.01765	0.02773	0.01513	0.01765	0.01260	0.00630	0.00630	0.00126	0.00630	0.00504	0.00504	0.75295

[dist]
# distance from previous block
# <min> <max>
0	2

[block]
# block no. 3 follows, 21 sequences, length 16
# corresponding to MSA columns:
# 79-94
name=unknown_D
#
# <colnr> <probs for GDERKNQSTAVLIFYWHMCP>
#	G	D	E	R	K	N	Q	S	T	A	V	L	I	F	Y	W	H	M	C	P
0	0.02106	0.02022	0.03454	0.05223	0.64784	0.02022	0.02612	0.02612	0.01938	0.02780	0.01601	0.02106	0.01348	0.00758	0.00842	0.00253	0.01011	0.00758	0.00421	0.01348
1	0.01618	0.01513	0.02500	0.63596	0.05605	0.01840	0.02273	0.02172	0.01706	0.02214	0.01513	0.02235	0.01143	0.00836	0.00836	0.00273	0.01101	0.00739	0.00387	0.05901
2	0.01867	0.01778	0.03023	0.35291	0.36584	0.01959	0.02493	0.02402	0.01825	0.02490	0.01559	0.02184	0.01246	0.00803	0.00846	0.00268	0.01070	0.00757	0.00401	0.01155
3	0.42589	0.01654	0.01525	0.01338	0.01839	0.01870	0.01076	0.06763	0.16998	0.06853	0.07873	0.02411	0.02098	0.00997	0.00692	0.00269	0.00659	0.00725	0.00696	0.01075
4	0.01204	0.00870	0.01138	0.01071	0.01271	0.00803	0.00803	0.01606	0.02409	0.03413	0.64335	0.06357	0.08030	0.01740	0.01004	0.00268	0.00401	0.01539	0.00937	0.00803
5	0.01996	0.01910	0.03256	0.19061	0.51805	0.01993	0.02557	0.02515	0.01886	0.02647	0.01581	0.02142	0.01301	0.00779	0.00844	0.00260	0.01038	0.00758	0.00412	0.01259
6	0.01607	0.01513	0.02552	0.68047	0.05861	0.01891	0.02363	0.02174	0.01702	0.02174	0.01513	0.02269	0.01134	0.00851	0.00851	0.00284	0.01134	0.00756	0.00378	0.00945
7	0.01765	0.01513	0.01765	0.01260	0.02017	0.01134	0.01008	0.02143	0.01765	0.02773	0.01513	0.01765	0.01260	0.00630	0.00630	0.00126	0.00630	0.00504	0.00504	0.75295
8	0.01946	0.02173	0.04636	0.13651	0.04668	0.02111	0.52430	0.02640	0.01961	0.02640	0.01689	0.02291	0.01267	0.00738	0.00980	0.00286	0.01388	0.00966	0.00422	0.01116
9	0.01765	0.01513	0.01765	0.01260	0.02017	0.01134	0.01008	0.02143	0.01765	0.02773	0.01513	0.01765	0.01260	0.00630	0.00630	0.00126	0.00630	0.00504	0.00504	0.75295
10	0.02106	0.02022	0.03454	0.05223	0.64784	0.02022	0.02612	0.02612	0.01938	0.02780	0.01601	0.02106	0.01348	0.00758	0.00842	0.00253	0.01011	0.00758	0.00421	0.01348
11	0.01037	0.00741	0.00987	0.01185	0.01234	0.00691	0.00790	0.01185	0.01629	0.02172	0.04690	0.69537	0.05629	0.02666	0.01086	0.00346	0.00494	0.02419	0.00790	0.00691
12	0.02338	0.65967	0.04317	0.01507	0.02215	0.07779	0.01469	0.02607	0.01777	0.02008	0.01192	0.01377	0.01092	0.00738	0.00561	0.00185	0.00954	0.00462	0.00369	0.01085
13	0.03289	0.02297	0.02500	0.01917	0.02596	0.02510	0.01583	0.56584	0.03856	0.10931	0.02165	0.02122	0.01508	0.01025	0.00852	0.00256	0.00917	0.00774	0.00870	0.01447
14	0.02151	0.02480	0.04325	0.03206	0.03889	0.11174	0.45082	0.02726	0.01967	0.02543	0.01582	0.02130	0.01240	0.00846	0.01219	0.00289	0.10726	0.00905	0.00424	0.01095
15	0.01607	0.01513	0.02552	0.68047	0.05861	0.01891	0.02363	0.02174	0.01702	0.02174	0.01513	0.02269	0.01134	0.00851	0.00851	0.00284	0.01134	0.00756	0.00378	0.00945

[dist]
# distance from previous block
# <min> <max>
0	44

[block]
# block no. 4 follows, 21 sequences, length 86
# corresponding to MSA columns:
# 139-224
name=unknown_E
#
# <colnr> <probs for GDERKNQSTAVLIFYWHMCP>
#	G	D	E	R	K	N	Q	S	T	A	V	L	I	F	Y	W	H	M	C	P
0	0.01037	0.00741	0.00987	0.01185	0.01234	0.00691	0.00790	0.01185	0.01629	0.02172	0.04690	0.69537	0.05629	0.02666	0.01086	0.00346	0.00494	0.02419	0.00790	0.00691
1	0.01361	0.01134	0.01223	0.01188	0.01491	0.01141	0.00891	0.02239	0.20267	0.02763	0.11779	0.15258	0.32248	0.01890	0.00975	0.00294	0.00510	0.01611	0.00827	0.00910
2	0.03235	0.02384	0.02554	0.01958	0.02639	0.02639	0.01618	0.61946	0.04001	0.05363	0.02043	0.02043	0.01447	0.01022	0.00851	0.00255	0.00936	0.00766	0.00851	0.01447
3	0.01876	0.24048	0.47515	0.02138	0.03238	0.02389	0.02643	0.02651	0.01777	0.02489	0.01425	0.01669	0.01082	0.00785	0.00731	0.00244	0.01155	0.00577	0.00361	0.01209
4	0.01662	0.01569	0.02651	0.61149	0.12331	0.01905	0.02391	0.02222	0.01728	0.02241	0.01522	0.02251	0.01158	0.00841	0.00850	0.00280	0.01121	0.00757	0.00383	0.00990
5	0.76103	0.01646	0.01251	0.01119	0.01646	0.01909	0.00922	0.02502	0.01448	0.03818	0.01185	0.01382	0.00922	0.00790	0.00527	0.00263	0.00658	0.00461	0.00527	0.00922
6	0.01037	0.00741	0.00987	0.01185	0.01234	0.00691	0.00790	0.01185	0.01629	0.02172	0.04690	0.69537	0.05629	0.02666	0.01086	0.00346	0.00494	0.02419	0.00790	0.00691
7	0.01765	0.01513	0.01765	0.01260	0.02017	0.01134	0.01008	0.02143	0.01765	0.02773	0.01513	0.01765	0.01260	0.00630	0.00630	0.00126	0.00630	0.00504	0.00504	0.75295
8	0.03790	0.01493	0.02003	0.01535	0.02195	0.01317	0.01268	0.06913	0.02511	0.62501	0.03294	0.02856	0.02075	0.01052	0.00856	0.00263	0.00734	0.00852	0.01044	0.01448
9	0.01037	0.00741	0.00987	0.01185	0.01234	0.00691	0.00790	0.01185	0.01629	0.02172	0.04690	0.69537	0.05629	0.02666	0.01086	0.00346	0.00494	0.02419	0.00790	0.00691
10	0.04977	0.01519	0.02494	0.65020	0.05671	0.01892	0.02298	0.02189	0.01690	0.02249	0.01498	0.02229	0.01125	0.00848	0.00836	0.00283	0.01113	0.00743	0.00385	0.00944
11	0.02262	0.01984	0.02003	0.01750	0.02265	0.05607	0.01369	0.09948	0.50369	0.03609	0.03088	0.02889	0.02322	0.01094	0.00845	0.00272	0.00743	0.00892	0.00819	0.05871
12	0.01053	0.00752	0.01006	0.01203	0.01260	0.00705	0.00818	0.01213	0.01645	0.02190	0.04682	0.66669	0.05594	0.02651	0.01090	0.00348	0.00508	0.05129	0.00790	0.00696
13	0.01238	0.00825	0.00928	0.00928	0.00928	0.00825	0.00516	0.01238	0.01238	0.01650	0.02681	0.05569	0.03094	0.70092	0.04331	0.00825	0.00825	0.01238	0.00516	0.00516
14	0.02258	0.43384	0.13003	0.01739	0.02436	0.06155	0.01746	0.02723	0.04494	0.05230	0.01439	0.01647	0.01209	0.00867	0.00874	0.00227	0.08465	0.00559	0.00423	0.01122
15	0.03004	0.16941	0.02808	0.02050	0.02544	0.54418	0.01608	0.03234	0.02279	0.02067	0.01290	0.01502	0.01095	0.00848	0.00724	0.00212	0.01414	0.00530	0.00424	0.01007
16	0.01330	0.00898	0.01178	0.01092	0.01315	0.00825	0.00825	0.01728	0.02410	0.06391	0.61403	0.06190	0.07745	0.01707	0.00997	0.00267	0.00417	0.01506	0.00942	0.00834
17	0.01911	0.01927	0.02943	0.16240	0.18562	0.05382	0.07683	0.02302	0.01677	0.02325	0.01554	0.05282	0.01410	0.01135	0.01572	0.00308	0.25481	0.00845	0.00414	0.01048
18	0.01236	0.00830	0.00952	0.00952	0.00960	0.00838	0.00545	0.01253	0.01245	0.01668	0.02660	0.05448	0.03042	0.66639	0.07713	0.00854	0.00904	0.01220	0.00512	0.00529
19	0.02017	0.01931	0.03294	0.16414	0.54288	0.01999	0.02568	0.02534	0.01896	0.02672	0.01585	0.02135	0.01310	0.00775	0.00844	0.00258	0.01033	0.00758	0.00414	0.01276
20	0.76103	0.01646	0.01251	0.01119	0.01646	0.01909	0.00922	0.02502	0.01448	0.03818	0.01185	0.01382	0.00922	0.00790	0.00527	0.00263	0.00658	0.00461	0.00527	0.00922
21	0.02101	0.02036	0.03532	0.05142	0.61772	0.02028	0.05560	0.02617	0.01941	0.02778	0.01607	0.02116	0.01345	0.00756	0.00851	0.00254	0.01032	0.00771	0.00422	0.01338
22	0.72669	0.01773	0.04226	0.01179	0.01740	0.01912	0.01024	0.02510	0.01464	0.03766	0.01201	0.01402	0.00929	0.00791	0.00540	0.00264	0.00686	0.00469	0.00519	0.00937
23	0.01862	0.01853	0.02648	0.05570	0.05654	0.02542	0.01925	0.02083	0.01355	0.02092	0.01161	0.01894	0.01130	0.01421	0.02598	0.00362	0.61775	0.00746	0.00375	0.00953
24	0.01707	0.04402	0.65683	0.02426	0.03683	0.01976	0.03144	0.02695	0.01797	0.02695	0.01527	0.01797	0.01078	0.00809	0.00809	0.00270	0.01258	0.00629	0.00359	0.01258
25	0.03612	0.01448	0.01939	0.01510	0.02139	0.01285	0.01239	0.04069	0.06104	0.59181	0.05787	0.03051	0.02372	0.01087	0.00862	0.00265	0.00708	0.00889	0.01037	0.01417
26	0.02011	0.07320	0.54308	0.02258	0.03411	0.01951	0.02813	0.02877	0.01877	0.10845	0.01749	0.01919	0.01213	0.00836	0.00802	0.00264	0.01171	0.00650	0.00450	0.01274
27	0.02365	0.63989	0.04256	0.01529	0.02229	0.09661	0.01475	0.02633	0.01797	0.02010	0.01196	0.01382	0.01093	0.00743	0.00568	0.00186	0.00972	0.00464	0.00371	0.01082
28	0.01037	0.00741	0.00987	0.01185	0.01234	0.00691	0.00790	0.01185	0.01629	0.02172	0.04690	0.69537	0.05629	0.02666	0.01086	0.00346	0.00494	0.02419	0.00790	0.00691
29	0.01748	0.01656	0.02807	0.50346	0.22463	0.01928	0.02433	0.02298	0.01768	0.02345	0.01537	0.02223	0.01195	0.00825	0.00848	0.00275	0.01100	0.00757	0.00390	0.01059
30	0.01077	0.00772	0.01023	0.01158	0.01243	0.00718	0.00793	0.01286	0.01816	0.02469	0.18958	0.54423	0.06203	0.02445	0.01066	0.00327	0.00472	0.02209	0.00825	0.00718
31	0.01037	0.00741	0.00987	0.01185	0.01234	0.00691	0.00790	0.01185	0.01629	0.02172	0.04690	0.69537	0.05629	0.02666	0.01086	0.00346	0.00494	0.02419	0.00790	0.00691
32	0.01340	0.00964	0.01331	0.01518	0.01712	0.00955	0.01312	0.01713	0.01943	0.02519	0.04702	0.12203	0.07657	0.02356	0.01164	0.00385	0.00755	0.53913	0.00784	0.00777
33	0.01869	0.02001	0.04022	0.06199	0.10259	0.01993	0.39626	0.02436	0.01873	0.02574	0.02002	0.10412	0.01801	0.01040	0.01164	0.00299	0.07768	0.01114	0.00465	0.01083
34	0.02106	0.01982	0.03304	0.12313	0.54802	0.02038	0.02532	0.05594	0.02016	0.02842	0.01613	0.02122	0.01328	0.00782	0.00844	0.00256	0.01021	0.00758	0.00438	0.01307
35	0.01371	0.00980	0.01371	0.01567	0.01763	0.00980	0.01371	0.01763	0.01959	0.02547	0.04506	0.09599	0.04898	0.02351	0.01175	0.00392	0.00784	0.59056	0.00784	0.00784
36	0.01707	0.04402	0.65683	0.02426	0.03683	0.01976	0.03144	0.02695	0.01797	0.02695	0.01527	0.01797	0.01078	0.00809	0.00809	0.00270	0.01258	0.00629	0.00359	0.01258
37	0.03179	0.04056	0.02412	0.02192	0.02631	0.66676	0.01644	0.03398	0.02412	0.02083	0.01315	0.01535	0.01096	0.00877	0.00767	0.00219	0.01535	0.00548	0.00438	0.00987
38	0.01478	0.00739	0.01109	0.01109	0.01109	0.00739	0.00739	0.01109	0.01109	0.01478	0.01478	0.02587	0.01478	0.02956	0.03326	0.75240	0.00739	0.00739	0.00370	0.00370
39	0.03818	0.01448	0.01975	0.01514	0.02172	0.01251	0.01251	0.04147	0.02436	0.65373	0.03357	0.02897	0.02107	0.01053	0.00856	0.00263	0.00724	0.00856	0.01053	0.01448
40	0.01862	0.01862	0.02607	0.02234	0.02234	0.02607	0.01862	0.02048	0.01303	0.02048	0.01117	0.01862	0.01117	0.01489	0.02793	0.00372	0.68535	0.00745	0.00372	0.00931
41	0.01607	0.01513	0.02552	0.68047	0.05861	0.01891	0.02363	0.02174	0.01702	0.02174	0.01513	0.02269	0.01134	0.00851	0.00851	0.00284	0.01134	0.00756	0.00378	0.00945
42	0.01037	0.00741	0.00987	0.01185	0.01234	0.00691	0.00790	0.01185	0.01629	0.02172	0.04690	0.69537	0.05629	0.02666	0.01086	0.00346	0.00494	0.02419	0.00790	0.00691
43	0.01220	0.00894	0.01277	0.01277	0.01398	0.01014	0.00951	0.01461	0.01341	0.01908	0.02362	0.03803	0.02327	0.19535	0.53840	0.01256	0.01979	0.00979	0.00468	0.00709
44	0.01765	0.01513	0.01765	0.01260	0.02017	0.01134	0.01008	0.02143	0.01765	0.02773	0.01513	0.01765	0.01260	0.00630	0.00630	0.00126	0.00630	0.00504	0.00504	0.75295
45	0.02082	0.01997	0.03410	0.08331	0.61869	0.02015	0.02599	0.02590	0.01926	0.02750	0.01596	0.02114	0.01337	0.00763	0.00843	0.00254	0.01017	0.00758	0.00419	0.01328
46	0.01093	0.00775	0.01025	0.01204	0.01265	0.00736	0.00829	0.01255	0.01629	0.02165	0.04481	0.56800	0.05308	0.08967	0.01401	0.00396	0.00557	0.08663	0.00763	0.00685
47	0.02009	0.02296	0.05022	0.03587	0.04448	0.02152	0.61693	0.02726	0.02009	0.02726	0.01722	0.02296	0.01291	0.00717	0.01004	0.00287	0.01435	0.01004	0.00430	0.01148
48	0.01238	0.00825	0.00928	0.00928	0.00928	0.00825	0.00516	0.01238	0.01238	0.01650	0.02681	0.05569	0.03094	0.70092	0.04331	0.00825	0.00825	0.01238	0.00516	0.00516
49	0.01760	0.10633	0.59920	0.02334	0.03542	0.02107	0.02985	0.02681	0.01790	0.02630	0.01495	0.01756	0.01079	0.00801	0.00784	0.00261	0.01225	0.00612	0.00360	0.01242
50	0.02215	0.63567	0.10967	0.01559	0.02344	0.03219	0.01636	0.02564	0.01736	0.02076	0.01220	0.01411	0.01091	0.00737	0.00574	0.00191	0.00947	0.00474	0.00364	0.01110
51	0.01238	0.00825	0.00928	0.00928	0.00928	0.00825	0.00516	0.01238	0.01238	0.01650	0.02681	0.05569	0.03094	0.70092	0.04331	0.00825	0.00825	0.01238	0.00516	0.00516
52	0.01034	0.00868	0.00902	0.00908	0.01187	0.00736	0.00691	0.01268	0.01964	0.02366	0.11119	0.08173	0.58652	0.02145	0.01014	0.00292	0.00448	0.04710	0.00797	0.00726
53	0.02188	0.60429	0.13870	0.01605	0.02415	0.03154	0.01716	0.02571	0.01740	0.02109	0.01236	0.01431	0.01090	0.00740	0.00586	0.00195	0.00964	0.00482	0.00363	0.01118
54	0.01982	0.01895	0.03230	0.20875	0.50104	0.01989	0.02550	0.02503	0.01879	0.02629	0.01579	0.02147	0.01295	0.00781	0.00845	0.00260	0.01042	0.00758	0.00411	0.01248
55	0.01150	0.00828	0.01089	0.01108	0.01259	0.00767	0.00799	0.01469	0.02155	0.03009	0.44918	0.26924	0.07248	0.02041	0.01031	0.00293	0.00432	0.01826	0.00889	0.00767
56	0.01707	0.04402	0.65683	0.02426	0.03683	0.01976	0.03144	0.02695	0.01797	0.02695	0.01527	0.01797	0.01078	0.00809	0.00809	0.00270	0.01258	0.00629	0.00359	0.01258
57	0.02268	0.01965	0.02825	0.12947	0.34790	0.05818	0.02137	0.05607	0.08476	0.08550	0.04737	0.02464	0.01803	0.00902	0.00850	0.00261	0.00968	0.00810	0.00562	0.01258
58	0.01037	0.00741	0.00987	0.01185	0.01234	0.00691	0.00790	0.01185	0.01629	0.02172	0.04690	0.69537	0.05629	0.02666	0.01086	0.00346	0.00494	0.02419	0.00790	0.00691
59	0.76103	0.01646	0.01251	0.01119	0.01646	0.01909	0.00922	0.02502	0.01448	0.03818	0.01185	0.01382	0.00922	0.00790	0.00527	0.00263	0.00658	0.00461	0.00527	0.00922
60	0.17569	0.02272	0.02163	0.01868	0.05176	0.13422	0.01435	0.21996	0.02713	0.20201	0.02073	0.02052	0.01452	0.00947	0.00774	0.00253	0.00935	0.00691	0.00748	0.01259
61	0.02106	0.02022	0.03454	0.05223	0.64784	0.02022	0.02612	0.02612	0.01938	0.02780	0.01601	0.02106	0.01348	0.00758	0.00842	0.00253	0.01011	0.00758	0.00421	0.01348
62	0.02076	0.01991	0.03399	0.09075	0.61172	0.02014	0.02597	0.02585	0.01923	0.02743	0.01595	0.02116	0.01335	0.00764	0.00843	0.00255	0.01019	0.00758	0.00419	0.01323
63	0.01869	0.23323	0.48185	0.02148	0.03255	0.02374	0.02662	0.02653	0.01777	0.02497	0.01429	0.01673	0.01082	0.00786	0.00734	0.00245	0.01158	0.00579	0.00361	0.01210
64	0.01204	0.00870	0.01138	0.01071	0.01271	0.00803	0.00803	0.01606	0.02409	0.03413	0.64335	0.06357	0.08030	0.01740	0.01004	0.00268	0.00401	0.01539	0.00937	0.00803
65	0.02009	0.02296	0.05022	0.03587	0.04448	0.02152	0.61693	0.02726	0.02009	0.02726	0.01722	0.02296	0.01291	0.00717	0.01004	0.00287	0.01435	0.01004	0.00430	0.01148
66	0.02117	0.01828	0.01924	0.01732	0.02213	0.02117	0.01347	0.04522	0.63246	0.03560	0.03464	0.03175	0.02598	0.01155	0.00866	0.00289	0.00673	0.00962	0.00866	0.01347
67	0.01586	0.00793	0.00793	0.00793	0.00991	0.00793	0.00595	0.01983	0.01785	0.03173	0.02776	0.03173	0.02181	0.00991	0.00595	0.00198	0.00397	0.00793	0.74817	0.00793
68	0.01037	0.00741	0.00987	0.01185	0.01234	0.00691	0.00790	0.01185	0.01629	0.02172	0.04690	0.69537	0.05629	0.02666	0.01086	0.00346	0.00494	0.02419	0.00790	0.00691
69	0.02106	0.02022	0.03454	0.05223	0.64784	0.02022	0.02612	0.02612	0.01938	0.02780	0.01601	0.02106	0.01348	0.00758	0.00842	0.00253	0.01011	0.00758	0.00421	0.01348
70	0.01607	0.01513	0.02552	0.68047	0.05861	0.01891	0.02363	0.02174	0.01702	0.02174	0.01513	0.02269	0.01134	0.00851	0.00851	0.00284	0.01134	0.00756	0.00378	0.00945
71	0.01006	0.00862	0.00862	0.00862	0.01149	0.00718	0.00647	0.01221	0.01940	0.02299	0.08621	0.08190	0.64438	0.02155	0.01006	0.00287	0.00431	0.01796	0.00790	0.00718
72	0.01607	0.01513	0.02552	0.68047	0.05861	0.01891	0.02363	0.02174	0.01702	0.02174	0.01513	0.02269	0.01134	0.00851	0.00851	0.00284	0.01134	0.00756	0.00378	0.00945
73	0.01037	0.00741	0.00987	0.01185	0.01234	0.00691	0.00790	0.01185	0.01629	0.02172	0.04690	0.69537	0.05629	0.02666	0.01086	0.00346	0.00494	0.02419	0.00790	0.00691
74	0.02275	0.70604	0.04459	0.01456	0.02184	0.03367	0.01456	0.02548	0.01729	0.02002	0.01183	0.01365	0.01092	0.00728	0.00546	0.00182	0.00910	0.00455	0.00364	0.01092
75	0.01371	0.00980	0.01371	0.01567	0.01763	0.00980	0.01371	0.01763	0.01959	0.02547	0.04506	0.09599	0.04898	0.02351	0.01175	0.00392	0.00784	0.59056	0.00784	0.00784
76	0.01765	0.01513	0.01765	0.01260	0.02017	0.01134	0.01008	0.02143	0.01765	0.02773	0.01513	0.01765	0.01260	0.00630	0.00630	0.00126	0.00630	0.00504	0.00504	0.75295
77	0.01063	0.00768	0.01009	0.01178	0.01259	0.00715	0.00812	0.01243	0.01713	0.02275	0.08574	0.58853	0.09286	0.02562	0.01081	0.00340	0.00499	0.05266	0.00799	0.00705
78	0.02054	0.01651	0.01772	0.01604	0.02053	0.01849	0.01242	0.03995	0.50168	0.07150	0.04029	0.07246	0.08795	0.01328	0.00891	0.00290	0.00643	0.01116	0.00866	0.01256
79	0.01881	0.07745	0.02980	0.02279	0.02449	0.02539	0.08696	0.02142	0.01425	0.02119	0.01253	0.01946	0.01187	0.01589	0.05710	0.00398	0.51561	0.00759	0.00383	0.00961
80	0.01768	0.07390	0.56056	0.02506	0.03694	0.02063	0.09481	0.02691	0.01817	0.02665	0.01532	0.01830	0.01102	0.00795	0.00817	0.00267	0.01260	0.00662	0.00367	0.01238
81	0.02275	0.70604	0.04459	0.01456	0.02184	0.03367	0.01456	0.02548	0.01729	0.02002	0.01183	0.01365	0.01092	0.00728	0.00546	0.00182	0.00910	0.00455	0.00364	0.01092
82	0.01234	0.00839	0.00997	0.00997	0.01021	0.00863	0.00602	0.01282	0.01258	0.01701	0.02618	0.05219	0.02942	0.60064	0.14152	0.00910	0.01054	0.01186	0.00506	0.00554
83	0.01563	0.01280	0.01631	0.01527	0.01874	0.01309	0.04843	0.05078	0.16193	0.02953	0.11306	0.06649	0.18419	0.01803	0.01020	0.00317	0.00681	0.19797	0.00802	0.00953
84	0.36145	0.18271	0.05468	0.01441	0.02080	0.02336	0.01301	0.11367	0.05122	0.07257	0.01574	0.01678	0.01203	0.00844	0.00630	0.00244	0.00793	0.00562	0.00576	0.01109
85	0.06019	0.02693	0.12365	0.10677	0.25728	0.13974	0.08075	0.02813	0.04733	0.02655	0.01602	0.02002	0.01267	0.00814	0.00825	0.00258	0.01166	0.00718	0.00437	0.01182

[dist]
# distance from previous block
# <min> <max>
4	14

[block]
# block no. 5 follows, 21 sequences, length 10
# corresponding to MSA columns:
# 239-248
name=unknown_F
#
# <colnr> <probs for GDERKNQSTAVLIFYWHMCP>
#	G	D	E	R	K	N	Q	S	T	A	V	L	I	F	Y	W	H	M	C	P
0	0.02061	0.08889	0.05800	0.09031	0.03202	0.02116	0.19833	0.05778	0.01878	0.07516	0.01905	0.06332	0.01658	0.05407	0.01478	0.00326	0.14298	0.00931	0.00504	0.01058
1	0.07564	0.10623	0.05595	0.01367	0.01751	0.05569	0.01159	0.02213	0.08110	0.02876	0.23965	0.10201	0.06659	0.04275	0.01017	0.00292	0.00687	0.04446	0.00711	0.00918
2	0.01467	0.01250	0.01908	0.11052	0.02346	0.01281	0.08853	0.01735	0.01580	0.02179	0.06304	0.10305	0.02813	0.28133	0.02360	0.00488	0.05123	0.01160	0.00528	0.09133
3	0.11200	0.10651	0.19610	0.11983	0.03384	0.02070	0.11674	0.06330	0.01978	0.04934	0.06807	0.02277	0.01740	0.00887	0.00801	0.00262	0.01043	0.00759	0.00497	0.01112
4	0.02200	0.46236	0.13343	0.01660	0.02391	0.06940	0.01682	0.06074	0.01911	0.02330	0.01589	0.07173	0.01490	0.00929	0.00664	0.00216	0.00970	0.00670	0.00433	0.01099
5	0.02010	0.02000	0.11203	0.01779	0.04695	0.01487	0.05222	0.09031	0.02075	0.07014	0.05013	0.02466	0.01811	0.06489	0.01049	0.00249	0.00830	0.00728	0.00573	0.34277
6	0.02098	0.56179	0.10171	0.01509	0.02231	0.02941	0.01550	0.02457	0.01812	0.02230	0.08322	0.01970	0.01871	0.00850	0.00624	0.00200	0.00887	0.00594	0.00428	0.01076
7	0.01790	0.01479	0.01724	0.01301	0.01955	0.01201	0.01028	0.07018	0.01978	0.02974	0.05574	0.08060	0.02065	0.00909	0.00711	0.00165	0.00630	0.00757	0.00584	0.58097
8	0.01460	0.01004	0.01128	0.01055	0.01148	0.01027	0.00663	0.08097	0.01642	0.02209	0.07536	0.05235	0.03303	0.56860	0.03674	0.00716	0.00804	0.01209	0.00587	0.00643
9	0.29744	0.08598	0.07187	0.01490	0.02097	0.02070	0.01332	0.18917	0.02299	0.06052	0.02323	0.06032	0.06481	0.01074	0.00724	0.00260	0.00784	0.00790	0.00643	0.01102

[dist]
# distance from previous block
# <min> <max>
14	44

[block]
# block no. 6 follows, 21 sequences, length 35
# corresponding to MSA columns:
# 294-328
name=unknown_G
#
# <colnr> <probs for GDERKNQSTAVLIFYWHMCP>
#	G	D	E	R	K	N	Q	S	T	A	V	L	I	F	Y	W	H	M	C	P
0	0.02408	0.01437	0.01765	0.01371	0.01987	0.01236	0.01098	0.02998	0.08906	0.23724	0.11038	0.02933	0.02627	0.00982	0.00783	0.00209	0.00635	0.00815	0.00786	0.32261
1	0.01911	0.01395	0.01682	0.01265	0.01913	0.01090	0.01003	0.02276	0.01914	0.10264	0.09269	0.05425	0.02351	0.00901	0.00721	0.00169	0.00608	0.00752	0.00633	0.54458
2	0.03054	0.02223	0.02411	0.01862	0.02532	0.02408	0.01529	0.49671	0.08556	0.07900	0.02179	0.02154	0.01557	0.01002	0.00835	0.00248	0.00880	0.00765	0.00834	0.07399
3	0.01037	0.00741	0.00987	0.01185	0.01234	0.00691	0.00790	0.01185	0.01629	0.02172	0.04690	0.69537	0.05629	0.02666	0.01086	0.00346	0.00494	0.02419	0.00790	0.00691
4	0.02236	0.01887	0.01992	0.01756	0.02259	0.02173	0.01376	0.10664	0.56909	0.03753	0.03312	0.03054	0.02475	0.01140	0.00864	0.00285	0.00702	0.00941	0.00864	0.01358
5	0.01731	0.04232	0.60788	0.02519	0.03745	0.01991	0.07869	0.02698	0.01814	0.02698	0.01543	0.01837	0.01095	0.00801	0.00824	0.00271	0.01272	0.00659	0.00365	0.01249
6	0.01753	0.09744	0.60742	0.02347	0.03562	0.02089	0.03008	0.02683	0.01791	0.02639	0.01499	0.01762	0.01079	0.00802	0.00787	0.00262	0.01230	0.00615	0.00360	0.01244
7	0.02009	0.02296	0.05022	0.03587	0.04448	0.02152	0.61693	0.02726	0.02009	0.02726	0.01722	0.02296	0.01291	0.00717	0.01004	0.00287	0.01435	0.01004	0.00430	0.01148
8	0.01624	0.01588	0.02978	0.32076	0.04341	0.01703	0.21002	0.02152	0.01789	0.02385	0.02241	0.15390	0.02095	0.01166	0.00937	0.00294	0.01081	0.01160	0.03042	0.00956
9	0.01758	0.07240	0.03144	0.42419	0.11688	0.02017	0.11919	0.02302	0.01777	0.02318	0.01662	0.04972	0.01367	0.00884	0.00860	0.00275	0.01125	0.00842	0.00407	0.01024
10	0.01567	0.01458	0.02441	0.63295	0.05532	0.01805	0.02252	0.02104	0.01697	0.02174	0.01738	0.07050	0.01454	0.00980	0.00868	0.00288	0.01089	0.00874	0.00407	0.00927
11	0.01214	0.00929	0.01152	0.01263	0.01498	0.00867	0.01059	0.01529	0.01951	0.02440	0.06281	0.08991	0.30584	0.02266	0.01102	0.00347	0.00632	0.34353	0.00786	0.00755
12	0.01846	0.04207	0.61470	0.02365	0.03583	0.01928	0.03019	0.02791	0.01839	0.06840	0.01648	0.01869	0.01146	0.00825	0.00812	0.00269	0.01222	0.00644	0.00405	0.01270
13	0.01141	0.01072	0.05479	0.04298	0.01715	0.00881	0.03198	0.01384	0.01657	0.02227	0.04235	0.59684	0.04974	0.02393	0.01055	0.00336	0.00606	0.02177	0.00730	0.00756
14	0.03179	0.04056	0.02412	0.02192	0.02631	0.66676	0.01644	0.03398	0.02412	0.02083	0.01315	0.01535	0.01096	0.00877	0.00767	0.00219	0.01535	0.00548	0.00438	0.00987
15	0.01769	0.01678	0.02846	0.47626	0.25014	0.01933	0.02444	0.02317	0.01778	0.02371	0.01541	0.02216	0.01204	0.00821	0.00848	0.00274	0.01094	0.00757	0.00392	0.01076
16	0.01931	0.02118	0.04448	0.07400	0.10507	0.02027	0.48104	0.02580	0.01958	0.02662	0.01893	0.06721	0.01575	0.00858	0.00984	0.00287	0.01311	0.01058	0.00450	0.01126
17	0.01430	0.01262	0.02037	0.39304	0.08056	0.01458	0.01801	0.01839	0.01691	0.02214	0.02687	0.26996	0.02801	0.01512	0.00937	0.00304	0.00891	0.01368	0.00532	0.00879
18	0.03818	0.01448	0.01975	0.01514	0.02172	0.01251	0.01251	0.04147	0.02436	0.65373	0.03357	0.02897	0.02107	0.01053	0.00856	0.00263	0.00724	0.00856	0.01053	0.01448
19	0.01051	0.00750	0.01003	0.01201	0.01256	0.00703	0.00814	0.01209	0.01643	0.02188	0.04683	0.67074	0.05598	0.02653	0.01090	0.00348	0.00506	0.04746	0.00790	0.00695
20	0.01728	0.04252	0.61371	0.02508	0.03738	0.01989	0.07306	0.02697	0.01812	0.02697	0.01541	0.01832	0.01093	0.00802	0.00822	0.00271	0.01270	0.00656	0.00364	0.01250
21	0.01747	0.01656	0.02806	0.50391	0.22420	0.01928	0.02433	0.02297	0.01768	0.02345	0.01537	0.02223	0.01194	0.00825	0.00848	0.00275	0.01100	0.00757	0.00390	0.01059
22	0.01671	0.01578	0.02668	0.60020	0.13390	0.01907	0.02395	0.02230	0.01732	0.02252	0.01524	0.02248	0.01162	0.00839	0.00850	0.00280	0.01119	0.00757	0.00384	0.00997
23	0.01054	0.00764	0.01000	0.01181	0.01258	0.00710	0.00812	0.01221	0.01673	0.02204	0.04997	0.61126	0.10332	0.02607	0.01085	0.00344	0.00505	0.05639	0.00790	0.00699
24	0.03733	0.01585	0.02060	0.01579	0.02241	0.01454	0.01304	0.12610	0.02665	0.56587	0.03165	0.02772	0.02010	0.01049	0.00855	0.00262	0.00755	0.00843	0.01024	0.01448
25	0.01637	0.01543	0.02606	0.64339	0.09339	0.01898	0.02378	0.02200	0.01716	0.02210	0.01518	0.02259	0.01147	0.00845	0.00850	0.00282	0.01127	0.00756	0.00381	0.00969
26	0.01802	0.01886	0.03916	0.02929	0.03585	0.01777	0.44614	0.02399	0.01945	0.02667	0.02427	0.11128	0.02236	0.01136	0.01008	0.00300	0.01195	0.07212	0.04805	0.01035
27	0.02018	0.02344	0.08209	0.03981	0.21484	0.02105	0.41461	0.02692	0.01976	0.02739	0.01676	0.02212	0.01295	0.00734	0.00947	0.00276	0.01304	0.00912	0.00424	0.01211
28	0.01963	0.02383	0.09808	0.03180	0.04013	0.02083	0.47025	0.02730	0.04604	0.02733	0.01739	0.02234	0.01320	0.00772	0.01034	0.00278	0.04306	0.00923	0.00446	0.06426
29	0.01990	0.04753	0.02816	0.02137	0.02693	0.01852	0.18652	0.05766	0.18311	0.05527	0.02691	0.13568	0.02380	0.01209	0.00983	0.00277	0.03706	0.01123	0.00655	0.08914
30	0.09170	0.10422	0.20711	0.01871	0.02610	0.02036	0.04229	0.08336	0.10078	0.09811	0.04735	0.06151	0.01969	0.01052	0.00863	0.00268	0.03048	0.00833	0.00614	0.01190
31	0.02273	0.12897	0.09831	0.04849	0.02641	0.02034	0.04177	0.15493	0.05852	0.06949	0.02094	0.02219	0.03905	0.00882	0.00754	0.00218	0.00871	0.00700	0.00597	0.20762
32	0.05619	0.12128	0.08139	0.01785	0.02423	0.02201	0.03686	0.24085	0.08915	0.10056	0.02433	0.10474	0.02039	0.01160	0.00826	0.00263	0.00864	0.00939	0.00723	0.01242
33	0.06093	0.09788	0.03023	0.02056	0.02724	0.02013	0.15788	0.13550	0.02336	0.17540	0.02154	0.05150	0.01649	0.00965	0.00910	0.00253	0.03827	0.00840	0.00667	0.08675
34	0.02205	0.15079	0.02653	0.01724	0.02286	0.02121	0.07173	0.19458	0.10031	0.03414	0.05245	0.09083	0.05916	0.01180	0.00822	0.00249	0.00811	0.00989	0.03973	0.05587

[dist]
# distance from previous block
# <min> <max>
34	216

# created by:
# /st0/software/busco_prod/Augustus/scripts/msa2prfl.pl ./align_prep/120088.fa
