[name]
unknown

[dist]
# distance from previous block
# <min> <max>
1	7

[block]
# block no. 0 follows, 25 sequences, length 89
# corresponding to MSA columns:
# 8-96
name=unknown_A
#
# <colnr> <probs for GDERKNQSTAVLIFYWHMCP>
#	G	D	E	R	K	N	Q	S	T	A	V	L	I	F	Y	W	H	M	C	P
0	0.04773	0.02295	0.15599	0.02695	0.03475	0.01820	0.41822	0.04913	0.01888	0.04992	0.06474	0.02262	0.01616	0.00762	0.00856	0.00255	0.01140	0.00857	0.00453	0.01053
1	0.07982	0.10304	0.47738	0.02053	0.03009	0.08654	0.05058	0.02493	0.01669	0.02424	0.01325	0.01564	0.00982	0.00731	0.00697	0.00234	0.01103	0.00553	0.00350	0.01078
2	0.52495	0.04543	0.06639	0.06626	0.02050	0.01843	0.01182	0.05262	0.07943	0.03259	0.01367	0.01539	0.01045	0.00765	0.00567	0.00241	0.00697	0.00510	0.00496	0.00931
3	0.01933	0.06622	0.39155	0.02314	0.05705	0.01807	0.13714	0.02704	0.04302	0.11810	0.01716	0.01902	0.01215	0.00760	0.00766	0.00244	0.01060	0.00673	0.00449	0.01151
4	0.01914	0.04971	0.13769	0.02472	0.03243	0.01753	0.35003	0.04347	0.01839	0.08455	0.01764	0.05110	0.01384	0.00773	0.00819	0.00238	0.01069	0.00829	0.00465	0.09783
5	0.02247	0.02082	0.09064	0.01889	0.02580	0.01865	0.11550	0.27655	0.02471	0.05769	0.01650	0.01829	0.01227	0.00791	0.00810	0.00212	0.03639	0.00659	0.00576	0.21434
6	0.00961	0.00718	0.00940	0.03778	0.01279	0.00676	0.00758	0.01120	0.01526	0.01995	0.04656	0.60517	0.13621	0.02300	0.00971	0.00305	0.00465	0.02066	0.00705	0.00642
7	0.01542	0.01308	0.01538	0.01142	0.01767	0.00994	0.00899	0.01866	0.01596	0.02472	0.01665	0.08616	0.01543	0.00758	0.00615	0.00135	0.00562	0.00632	0.00485	0.69865
8	0.01037	0.00773	0.00998	0.01089	0.01224	0.00686	0.00747	0.01201	0.01502	0.02055	0.03871	0.62421	0.04575	0.02171	0.00932	0.00287	0.00467	0.01962	0.00684	0.11320
9	0.01067	0.00780	0.01002	0.00970	0.01146	0.00715	0.00718	0.01396	0.02088	0.02911	0.56192	0.12526	0.12192	0.01701	0.00922	0.00252	0.00376	0.01502	0.00829	0.00715
10	0.01464	0.01378	0.02326	0.70887	0.05340	0.01723	0.02153	0.01981	0.01550	0.01981	0.01378	0.02067	0.01034	0.00775	0.00775	0.00258	0.01034	0.00689	0.00345	0.00861
11	0.02947	0.02172	0.02327	0.01784	0.02404	0.02404	0.01474	0.65329	0.03646	0.04887	0.01862	0.01862	0.01319	0.00931	0.00776	0.00233	0.00853	0.00698	0.00776	0.01319
12	0.00942	0.00684	0.00891	0.01056	0.01118	0.00632	0.00709	0.01082	0.01507	0.01988	0.04559	0.67082	0.10107	0.02392	0.00984	0.00311	0.00445	0.02159	0.00720	0.00632
13	0.02396	0.08624	0.02185	0.01851	0.04907	0.42727	0.01381	0.04763	0.02054	0.02112	0.04279	0.02252	0.08371	0.00959	0.00807	0.00211	0.04686	0.00668	0.00456	0.04311
14	0.02786	0.02091	0.02236	0.01751	0.02343	0.02329	0.01435	0.55616	0.13622	0.04626	0.02067	0.02025	0.01485	0.00950	0.00778	0.00238	0.00815	0.00726	0.00778	0.01304
15	0.07964	0.04318	0.04681	0.48249	0.04373	0.01718	0.07776	0.02014	0.01556	0.02164	0.01581	0.07336	0.01341	0.00880	0.00767	0.00257	0.00973	0.00789	0.00388	0.00874
16	0.01110	0.01000	0.01061	0.07866	0.01584	0.04058	0.00830	0.01408	0.04041	0.02140	0.08556	0.13721	0.46253	0.01797	0.00896	0.00264	0.00517	0.01517	0.00675	0.00707
17	0.01685	0.01730	0.08765	0.11376	0.02778	0.01332	0.09692	0.02148	0.01656	0.05028	0.01470	0.01779	0.01150	0.00644	0.00671	0.00172	0.00795	0.00575	0.00441	0.46112
18	0.01674	0.01042	0.01266	0.01117	0.01428	0.00995	0.00879	0.09693	0.02263	0.12796	0.34122	0.05127	0.15073	0.01470	0.00869	0.00248	0.00492	0.04345	0.04225	0.00878
19	0.02209	0.02264	0.02127	0.08818	0.06940	0.23823	0.01518	0.13163	0.02082	0.02522	0.03681	0.02233	0.04198	0.04045	0.01215	0.00266	0.14061	0.00709	0.03189	0.00941
20	0.01977	0.00983	0.01314	0.01131	0.01462	0.00878	0.00883	0.02306	0.02168	0.27393	0.40285	0.07994	0.05194	0.01395	0.00868	0.00246	0.00480	0.01211	0.00886	0.00945
21	0.01073	0.00790	0.01011	0.01013	0.01191	0.00728	0.00771	0.01389	0.02009	0.02751	0.44843	0.13718	0.15126	0.01796	0.00941	0.00267	0.00419	0.08650	0.00804	0.00708
22	0.01128	0.00752	0.00846	0.00846	0.00846	0.00752	0.00470	0.01128	0.01128	0.01503	0.02443	0.05074	0.02819	0.72751	0.03946	0.00752	0.00752	0.01128	0.00470	0.00470
23	0.01389	0.00754	0.00831	0.03534	0.01114	0.00775	0.00636	0.01725	0.01570	0.02683	0.02526	0.05913	0.02119	0.04654	0.05006	0.00282	0.00516	0.00810	0.62451	0.00710
24	0.02896	0.03695	0.02197	0.01998	0.02397	0.69638	0.01498	0.03096	0.02197	0.01898	0.01199	0.01398	0.00999	0.00799	0.00699	0.00200	0.01398	0.00499	0.00400	0.00899
25	0.01449	0.01307	0.02128	0.58183	0.04595	0.01623	0.01921	0.01913	0.01514	0.02014	0.01503	0.02254	0.01195	0.03791	0.03036	0.00306	0.04151	0.00712	0.05576	0.00831
26	0.02607	0.02003	0.02136	0.01715	0.02275	0.02246	0.01391	0.44905	0.24623	0.04338	0.02293	0.02206	0.01668	0.00971	0.00780	0.00243	0.00773	0.00758	0.00780	0.01288
27	0.01747	0.01482	0.01735	0.03675	0.02029	0.01301	0.01064	0.07497	0.07376	0.02745	0.01559	0.01760	0.01259	0.00682	0.00690	0.00151	0.03262	0.00532	0.00506	0.58949
28	0.04310	0.01347	0.02211	0.63719	0.04938	0.01674	0.02027	0.01953	0.01522	0.02025	0.01413	0.02101	0.01086	0.01103	0.05272	0.00322	0.01086	0.00688	0.00354	0.00849
29	0.01370	0.01044	0.01260	0.03071	0.01487	0.01054	0.00889	0.08084	0.09536	0.03183	0.46823	0.05112	0.11097	0.01469	0.00883	0.00247	0.00463	0.01273	0.00813	0.00843
30	0.01104	0.00797	0.01045	0.00995	0.01177	0.00738	0.00754	0.01469	0.02177	0.03076	0.64820	0.05917	0.07195	0.01609	0.00921	0.00249	0.00381	0.03998	0.00848	0.00731
31	0.01578	0.01537	0.02747	0.45758	0.16196	0.01731	0.11574	0.02088	0.01628	0.02156	0.01550	0.05169	0.01272	0.00815	0.00804	0.00256	0.01028	0.00791	0.00375	0.00945
32	0.01533	0.01299	0.01528	0.01141	0.01757	0.00988	0.00896	0.01854	0.01594	0.02465	0.01705	0.09572	0.01597	0.00783	0.00621	0.00137	0.00560	0.00656	0.00489	0.68825
33	0.00987	0.00725	0.00926	0.01009	0.01124	0.00664	0.00706	0.01200	0.01737	0.02336	0.23871	0.43436	0.14198	0.02111	0.00957	0.00286	0.00417	0.01885	0.00760	0.00664
34	0.01347	0.00673	0.01010	0.01010	0.01010	0.00673	0.00673	0.01010	0.01010	0.01347	0.01347	0.02357	0.01347	0.02694	0.03030	0.77441	0.00673	0.00673	0.00337	0.00337
35	0.00924	0.00786	0.00797	0.00794	0.01052	0.00658	0.00595	0.01128	0.01786	0.02140	0.10521	0.07387	0.64905	0.01947	0.00916	0.00261	0.00392	0.01626	0.00726	0.00658
36	0.10046	0.30819	0.02826	0.01637	0.02148	0.36721	0.01365	0.02711	0.01866	0.02026	0.01139	0.01324	0.00982	0.00738	0.00598	0.00190	0.01095	0.00458	0.00381	0.00931
37	0.01119	0.00786	0.01017	0.01017	0.01076	0.00845	0.00683	0.01238	0.01178	0.01630	0.02286	0.04206	0.02442	0.44115	0.32067	0.00963	0.01319	0.01001	0.00447	0.00565
38	0.01672	0.04882	0.05167	0.40815	0.10576	0.04430	0.06400	0.04545	0.04747	0.02233	0.01608	0.04392	0.01319	0.02979	0.00870	0.00265	0.00997	0.00753	0.00406	0.00945
39	0.78228	0.01499	0.01140	0.01020	0.01499	0.01739	0.00840	0.02279	0.01320	0.03479	0.01080	0.01260	0.00840	0.00720	0.00480	0.00240	0.00600	0.00420	0.00480	0.00840
40	0.01548	0.03049	0.43705	0.02355	0.08175	0.01675	0.09530	0.02271	0.01700	0.02476	0.06894	0.04955	0.01821	0.00928	0.00850	0.00256	0.03141	0.03195	0.00411	0.01063
41	0.01884	0.01452	0.01694	0.01229	0.01905	0.01178	0.00991	0.08380	0.01857	0.07805	0.01555	0.01712	0.01224	0.00639	0.00610	0.00136	0.00608	0.00508	0.00529	0.64106
42	0.01669	0.01831	0.05869	0.16071	0.06092	0.01822	0.32720	0.02282	0.04315	0.02416	0.08070	0.02422	0.01784	0.00861	0.01035	0.00265	0.08190	0.00872	0.00436	0.00977
43	0.04328	0.01451	0.01713	0.01394	0.03859	0.01301	0.01070	0.11912	0.04738	0.12260	0.02047	0.08855	0.01724	0.00896	0.00687	0.00184	0.00629	0.00738	0.00617	0.39599
44	0.01109	0.00827	0.01228	0.01228	0.01361	0.00960	0.00947	0.01373	0.01241	0.01787	0.02093	0.03136	0.01978	0.08796	0.66751	0.01224	0.02018	0.00844	0.00418	0.00682
45	0.10629	0.12349	0.18027	0.01612	0.02253	0.10295	0.01584	0.05222	0.01802	0.07503	0.06170	0.01895	0.01535	0.00841	0.00791	0.00217	0.05712	0.00598	0.00477	0.10486
46	0.01852	0.41849	0.09852	0.01380	0.01991	0.07159	0.01350	0.02248	0.04433	0.02073	0.04656	0.02432	0.10723	0.00912	0.00627	0.00195	0.00803	0.00668	0.00436	0.04362
47	0.00945	0.00728	0.00867	0.00974	0.01112	0.00650	0.00688	0.01114	0.01611	0.02040	0.05720	0.43430	0.30447	0.02229	0.00963	0.00295	0.00437	0.04385	0.00720	0.00643
48	0.01810	0.02021	0.04303	0.08292	0.08992	0.01934	0.55767	0.02439	0.01805	0.02451	0.01546	0.02077	0.01170	0.00665	0.00894	0.00259	0.01258	0.00882	0.00388	0.01046
49	0.01608	0.01378	0.01608	0.01148	0.01837	0.01034	0.00919	0.01952	0.01608	0.02527	0.01378	0.01608	0.01148	0.00574	0.00574	0.00115	0.00574	0.00459	0.00459	0.77491
50	0.50269	0.01314	0.01309	0.04689	0.01715	0.01486	0.03380	0.01988	0.01359	0.02910	0.01627	0.07275	0.01528	0.04220	0.05542	0.03780	0.00753	0.03589	0.00487	0.00780
51	0.02030	0.01696	0.01962	0.06968	0.07536	0.01913	0.01409	0.15741	0.39241	0.03340	0.02871	0.02930	0.04949	0.01052	0.00798	0.00257	0.00710	0.02706	0.00716	0.01177
52	0.72852	0.01572	0.03312	0.01072	0.01577	0.01718	0.00916	0.02344	0.01365	0.06002	0.01167	0.01326	0.00887	0.00730	0.00500	0.00240	0.00619	0.00439	0.00494	0.00868
53	0.01500	0.01440	0.02482	0.45372	0.06591	0.01704	0.09636	0.01962	0.01561	0.02065	0.01699	0.07517	0.01505	0.00996	0.00996	0.00274	0.07981	0.03454	0.00395	0.00872
54	0.01523	0.01644	0.07543	0.49930	0.14014	0.01701	0.04507	0.02050	0.01610	0.02122	0.01727	0.02288	0.04446	0.00816	0.00784	0.00254	0.01003	0.00737	0.00370	0.00933
55	0.01195	0.00873	0.01174	0.01317	0.01508	0.00852	0.01134	0.01529	0.01798	0.02318	0.07116	0.08445	0.13700	0.02094	0.01043	0.00339	0.00654	0.51482	0.00720	0.00706
56	0.02121	0.02039	0.01743	0.01601	0.01992	0.19580	0.01245	0.03380	0.35447	0.05304	0.02863	0.03226	0.04426	0.01114	0.00786	0.00251	0.00814	0.06926	0.04092	0.01051
57	0.01929	0.01666	0.01753	0.01578	0.02016	0.01929	0.01227	0.04120	0.66513	0.03243	0.03156	0.02893	0.02367	0.01052	0.00789	0.00263	0.00614	0.00877	0.00789	0.01227
58	0.01118	0.00790	0.01042	0.01042	0.01110	0.00858	0.00715	0.01254	0.01186	0.01649	0.02264	0.04080	0.02387	0.39939	0.36168	0.00994	0.01401	0.00982	0.00443	0.00579
59	0.01084	0.00792	0.01017	0.00961	0.01150	0.00726	0.00721	0.01436	0.02162	0.03031	0.62931	0.05920	0.11939	0.01614	0.00915	0.00245	0.00368	0.01420	0.00843	0.00726
60	0.70672	0.08615	0.01430	0.01050	0.01548	0.01871	0.00888	0.02283	0.01345	0.03315	0.01079	0.01258	0.00855	0.00714	0.00482	0.00233	0.00623	0.00419	0.00465	0.00855
61	0.01696	0.01696	0.02375	0.02036	0.02036	0.02375	0.01696	0.01866	0.01187	0.01866	0.01018	0.01696	0.01018	0.01357	0.02545	0.00339	0.71332	0.00679	0.00339	0.00848
62	0.01516	0.01281	0.01510	0.01139	0.01739	0.00978	0.00891	0.01831	0.01591	0.02451	0.01779	0.11395	0.01700	0.00831	0.00632	0.00143	0.00557	0.00701	0.00495	0.66841
63	0.01347	0.00673	0.01010	0.01010	0.01010	0.00673	0.00673	0.01010	0.01010	0.01347	0.01347	0.02357	0.01347	0.02694	0.03030	0.77441	0.00673	0.00673	0.00337	0.00337
64	0.01197	0.00869	0.01179	0.01329	0.01511	0.00851	0.01139	0.01530	0.01790	0.02320	0.07330	0.10854	0.11080	0.02109	0.01045	0.00341	0.00656	0.51444	0.00721	0.00706
65	0.01128	0.00752	0.00846	0.00846	0.00846	0.00752	0.00470	0.01128	0.01128	0.01503	0.02443	0.05074	0.02819	0.72751	0.03946	0.00752	0.00752	0.01128	0.00470	0.00470
66	0.01487	0.01402	0.02367	0.67527	0.08520	0.01729	0.02165	0.02001	0.01561	0.02009	0.01382	0.02060	0.01043	0.00771	0.00775	0.00257	0.01028	0.00689	0.00347	0.00880
67	0.02073	0.73217	0.04063	0.01327	0.01990	0.03068	0.01327	0.02322	0.01575	0.01824	0.01078	0.01244	0.00995	0.00663	0.00498	0.00166	0.00829	0.00415	0.00332	0.00995
68	0.03284	0.01411	0.01833	0.01415	0.01996	0.01294	0.01165	0.12165	0.02415	0.56349	0.06169	0.02692	0.02111	0.00987	0.00786	0.00239	0.00672	0.00800	0.00929	0.01290
69	0.01882	0.06071	0.49007	0.02139	0.04993	0.01728	0.05399	0.02625	0.01753	0.12604	0.03503	0.01922	0.01321	0.00787	0.00748	0.00242	0.01038	0.00641	0.00444	0.01153
70	0.02189	0.01813	0.02039	0.01946	0.08654	0.02042	0.01405	0.19651	0.43960	0.03595	0.02655	0.02532	0.01985	0.00985	0.00783	0.00252	0.00706	0.00812	0.00745	0.01251
71	0.02112	0.69940	0.03975	0.01358	0.02009	0.06206	0.01335	0.02358	0.01605	0.01828	0.01084	0.01251	0.00995	0.00670	0.00507	0.00167	0.00856	0.00419	0.00335	0.00990
72	0.01738	0.28417	0.45927	0.01898	0.02874	0.02248	0.02322	0.02408	0.01615	0.02233	0.01281	0.01498	0.00987	0.00711	0.00652	0.00217	0.01034	0.00517	0.00329	0.01093
73	0.01597	0.01280	0.01520	0.01149	0.01747	0.00983	0.00901	0.01912	0.01617	0.05244	0.01841	0.11211	0.01720	0.00842	0.00639	0.00147	0.00561	0.00709	0.00516	0.63863
74	0.01027	0.00732	0.00985	0.01159	0.01236	0.00700	0.00844	0.01213	0.01547	0.02048	0.04168	0.54031	0.04882	0.04780	0.01112	0.00340	0.00526	0.17314	0.00710	0.00645
75	0.01545	0.01386	0.02203	0.19401	0.28415	0.01469	0.01779	0.02032	0.04752	0.02354	0.06778	0.08499	0.04925	0.03890	0.00955	0.00280	0.00813	0.07066	0.00500	0.00959
76	0.01388	0.00857	0.01130	0.01025	0.01259	0.00781	0.00781	0.01746	0.02198	0.11084	0.59640	0.05407	0.06657	0.01509	0.00898	0.00243	0.00402	0.01326	0.00866	0.00803
77	0.02896	0.03695	0.02197	0.01998	0.02397	0.69638	0.01498	0.03096	0.02197	0.01898	0.01199	0.01398	0.00999	0.00799	0.00699	0.00200	0.01398	0.00499	0.00400	0.00899
78	0.27650	0.02151	0.01672	0.01438	0.01890	0.19920	0.01138	0.18811	0.02202	0.03338	0.01520	0.01684	0.01169	0.00822	0.00624	0.00219	0.00845	0.00556	0.11387	0.00963
79	0.01910	0.01867	0.03289	0.04611	0.61578	0.01854	0.08602	0.02390	0.01772	0.02528	0.01469	0.01936	0.01223	0.00687	0.00782	0.00233	0.00959	0.00713	0.00385	0.01210
80	0.05192	0.06829	0.62803	0.02116	0.03210	0.01852	0.02704	0.02442	0.01619	0.02477	0.01363	0.01603	0.00976	0.00733	0.00714	0.00242	0.01107	0.00559	0.00335	0.01125
81	0.01020	0.00726	0.00976	0.01149	0.01222	0.00693	0.00829	0.01199	0.01538	0.02038	0.04168	0.55564	0.04893	0.04991	0.01118	0.00341	0.00520	0.15665	0.00709	0.00643
82	0.01122	0.00772	0.00951	0.00951	0.00987	0.00809	0.00601	0.01195	0.01159	0.01581	0.02347	0.04541	0.02588	0.55163	0.21218	0.00882	0.01100	0.01050	0.00456	0.00528
83	0.01017	0.00697	0.00903	0.01028	0.01108	0.00654	0.00704	0.01210	0.01606	0.02240	0.13644	0.55335	0.05147	0.02150	0.00934	0.00291	0.00428	0.01936	0.08313	0.00654
84	0.01630	0.01449	0.01902	0.01359	0.02057	0.01126	0.07286	0.02005	0.01630	0.02522	0.01397	0.01656	0.01151	0.00582	0.00608	0.00129	0.00647	0.00505	0.00453	0.69906
85	0.02160	0.01822	0.02811	0.06561	0.38933	0.04376	0.06823	0.07276	0.04866	0.10516	0.01874	0.02366	0.01499	0.00830	0.00794	0.00242	0.00914	0.03643	0.00515	0.01178
86	0.02098	0.01353	0.01644	0.01225	0.01856	0.01085	0.00983	0.04450	0.01825	0.19485	0.01972	0.05470	0.01554	0.00779	0.00655	0.00161	0.00599	0.00638	0.00611	0.51555
87	0.05782	0.01656	0.08498	0.01600	0.02150	0.01392	0.06626	0.09712	0.06114	0.20417	0.02640	0.12650	0.02268	0.01174	0.00807	0.00251	0.00745	0.06170	0.00691	0.08659
88	0.04739	0.16674	0.38842	0.04014	0.02762	0.04960	0.02120	0.02412	0.04590	0.02435	0.07948	0.02018	0.01672	0.00824	0.00700	0.00229	0.00970	0.00633	0.00411	0.01047

[dist]
# distance from previous block
# <min> <max>
3	7

[block]
# block no. 1 follows, 25 sequences, length 66
# corresponding to MSA columns:
# 104-169
name=unknown_B
#
# <colnr> <probs for GDERKNQSTAVLIFYWHMCP>
#	G	D	E	R	K	N	Q	S	T	A	V	L	I	F	Y	W	H	M	C	P
0	0.02082	0.01009	0.01338	0.01139	0.01496	0.00895	0.00895	0.02402	0.02154	0.30463	0.34701	0.07156	0.08253	0.01376	0.00861	0.00246	0.00494	0.01185	0.00886	0.00970
1	0.02819	0.06739	0.02320	0.02081	0.05080	0.63855	0.01527	0.03032	0.02152	0.01921	0.01204	0.01413	0.01008	0.00788	0.00693	0.00199	0.01353	0.00503	0.00396	0.00917
2	0.00916	0.00785	0.00785	0.00785	0.01047	0.00655	0.00589	0.01113	0.01767	0.02095	0.07855	0.07462	0.67599	0.01964	0.00916	0.00262	0.00393	0.01636	0.00720	0.00655
3	0.02065	0.01803	0.01825	0.01615	0.02069	0.05011	0.01262	0.09643	0.57907	0.03333	0.02950	0.02732	0.02210	0.01030	0.00784	0.00257	0.00671	0.00843	0.00770	0.01221
4	0.00952	0.00681	0.00907	0.01074	0.01126	0.00635	0.00720	0.01099	0.01520	0.02036	0.07472	0.68884	0.05239	0.02386	0.00986	0.00311	0.00446	0.02164	0.00727	0.00635
5	0.01608	0.01378	0.01608	0.01148	0.01837	0.01034	0.00919	0.01952	0.01608	0.02527	0.01378	0.01608	0.01148	0.00574	0.00574	0.00115	0.00574	0.00459	0.00459	0.77491
6	0.01097	0.00793	0.01036	0.00975	0.01158	0.00732	0.00732	0.01463	0.02195	0.03109	0.67505	0.05792	0.07316	0.01585	0.00914	0.00244	0.00366	0.01402	0.00854	0.00732
7	0.01286	0.15980	0.01704	0.01169	0.01365	0.01318	0.00909	0.01468	0.01356	0.01802	0.02488	0.21379	0.02718	0.15449	0.23630	0.00662	0.02969	0.01157	0.00486	0.00704
8	0.02663	0.02030	0.02167	0.01726	0.02296	0.02272	0.01405	0.48229	0.21209	0.04428	0.02223	0.02150	0.01611	0.00965	0.00779	0.00241	0.00786	0.00748	0.00779	0.01293
9	0.00945	0.00675	0.00900	0.01080	0.01125	0.00630	0.00720	0.01080	0.01484	0.01979	0.04274	0.72245	0.05128	0.02429	0.00990	0.00315	0.00450	0.02204	0.00720	0.00630
10	0.01798	0.01719	0.02929	0.22313	0.51304	0.01811	0.02320	0.02274	0.01708	0.02387	0.01437	0.01958	0.01177	0.00713	0.00770	0.00238	0.00951	0.00690	0.00373	0.01131
11	0.01858	0.40121	0.29181	0.01693	0.02527	0.02476	0.01920	0.02525	0.07052	0.02190	0.01375	0.01536	0.01105	0.00725	0.00616	0.00205	0.00935	0.00515	0.00368	0.01074
12	0.01463	0.01345	0.02245	0.67338	0.05116	0.01672	0.02072	0.01972	0.01554	0.02027	0.01436	0.02109	0.01082	0.00782	0.00763	0.00254	0.01000	0.00691	0.04224	0.00854
13	0.02719	0.01097	0.01397	0.01134	0.01577	0.00984	0.00916	0.03042	0.01998	0.43963	0.02861	0.02733	0.01945	0.00939	0.00691	0.00218	0.00548	0.00758	0.29383	0.01097
14	0.00945	0.00675	0.00900	0.01080	0.01125	0.00630	0.00720	0.01080	0.01484	0.01979	0.04274	0.72245	0.05128	0.02429	0.00990	0.00315	0.00450	0.02204	0.00720	0.00630
15	0.01740	0.01888	0.03842	0.02834	0.03452	0.01886	0.48487	0.02382	0.04974	0.02385	0.01654	0.02203	0.01308	0.01330	0.08909	0.00381	0.08059	0.00881	0.00410	0.00996
16	0.01320	0.00844	0.01097	0.01004	0.01232	0.00767	0.00764	0.01670	0.02174	0.09424	0.57950	0.05576	0.10097	0.01545	0.00901	0.00244	0.00396	0.01354	0.00857	0.00785
17	0.01062	0.00825	0.00970	0.00927	0.01151	0.00751	0.00697	0.01437	0.04630	0.02727	0.42140	0.06312	0.30123	0.01708	0.00910	0.00251	0.00386	0.01470	0.00800	0.00722
18	0.01464	0.01378	0.02326	0.70887	0.05340	0.01723	0.02153	0.01981	0.01550	0.01981	0.01378	0.02067	0.01034	0.00775	0.00775	0.00258	0.01034	0.00689	0.00345	0.00861
19	0.01586	0.01461	0.02445	0.53495	0.13405	0.01719	0.04608	0.04062	0.01661	0.02214	0.01470	0.02083	0.01123	0.00770	0.00768	0.00250	0.00990	0.00700	0.04261	0.00926
20	0.00954	0.00683	0.00919	0.01089	0.01139	0.00648	0.00733	0.01096	0.01471	0.01970	0.04154	0.68469	0.04954	0.02614	0.04738	0.00366	0.00539	0.02129	0.00703	0.00633
21	0.01097	0.00793	0.01036	0.00975	0.01158	0.00732	0.00732	0.01463	0.02195	0.03109	0.67505	0.05792	0.07316	0.01585	0.00914	0.00244	0.00366	0.01402	0.00854	0.00732
22	0.01619	0.01529	0.02594	0.52342	0.08188	0.01760	0.09348	0.05516	0.01711	0.02254	0.01431	0.02028	0.01082	0.00755	0.00781	0.00249	0.01027	0.00704	0.00381	0.04701
23	0.01831	0.01425	0.01758	0.07626	0.04279	0.01221	0.01124	0.07008	0.01822	0.07971	0.01830	0.02012	0.04050	0.00714	0.00645	0.00157	0.00648	0.00582	0.00523	0.52774
24	0.01664	0.03803	0.63195	0.02252	0.05405	0.01769	0.02762	0.02520	0.01671	0.05796	0.01478	0.01697	0.01038	0.00746	0.00740	0.00245	0.01114	0.00587	0.00361	0.01157
25	0.02141	0.67505	0.03910	0.01382	0.02023	0.08538	0.01341	0.02385	0.01627	0.01830	0.01088	0.01256	0.00995	0.00674	0.00514	0.00169	0.00876	0.00422	0.00337	0.00987
26	0.01102	0.00809	0.01123	0.01120	0.01235	0.00894	0.00826	0.01315	0.01284	0.01800	0.05143	0.03843	0.05596	0.20835	0.48350	0.01043	0.01619	0.00962	0.00461	0.00641
27	0.04719	0.01413	0.02222	0.52461	0.04464	0.01649	0.04405	0.04704	0.01650	0.02282	0.01451	0.02024	0.01101	0.00762	0.00739	0.00240	0.00944	0.00668	0.04159	0.07943
28	0.01775	0.01625	0.02610	0.41035	0.19882	0.01847	0.05193	0.09172	0.04643	0.02513	0.01537	0.02046	0.01176	0.00778	0.00781	0.00249	0.00982	0.00710	0.00423	0.01025
29	0.00945	0.00675	0.00900	0.01080	0.01125	0.00630	0.00720	0.01080	0.01484	0.01979	0.04274	0.72245	0.05128	0.02429	0.00990	0.00315	0.00450	0.02204	0.00720	0.00630
30	0.01575	0.06604	0.66310	0.02177	0.03305	0.01848	0.02807	0.02450	0.01635	0.02432	0.01380	0.01622	0.00983	0.00734	0.00728	0.00243	0.01134	0.00567	0.00328	0.01140
31	0.00916	0.00785	0.00785	0.00785	0.01047	0.00655	0.00589	0.01113	0.01767	0.02095	0.07855	0.07462	0.67599	0.01964	0.00916	0.00262	0.00393	0.01636	0.00720	0.00655
32	0.03164	0.01253	0.01682	0.01313	0.01867	0.01082	0.01076	0.03458	0.02180	0.60135	0.06168	0.03176	0.07661	0.01070	0.00797	0.00242	0.00625	0.00878	0.00935	0.01239
33	0.04752	0.01447	0.02348	0.49856	0.07923	0.01785	0.04054	0.01977	0.01490	0.02049	0.01326	0.01987	0.01051	0.00922	0.01101	0.03386	0.10647	0.00683	0.00353	0.00863
34	0.01868	0.01214	0.01264	0.01112	0.01436	0.01313	0.00872	0.16477	0.13508	0.03401	0.02490	0.02660	0.01904	0.00936	0.00638	0.00207	0.00516	0.00744	0.46495	0.00945
35	0.00945	0.00675	0.00900	0.01080	0.01125	0.00630	0.00720	0.01080	0.01484	0.01979	0.04274	0.72245	0.05128	0.02429	0.00990	0.00315	0.00450	0.02204	0.00720	0.00630
36	0.01655	0.01704	0.02869	0.02285	0.02540	0.02063	0.20437	0.01978	0.01407	0.02053	0.01550	0.02163	0.03863	0.01547	0.07631	0.00389	0.41802	0.00801	0.00377	0.00886
37	0.01600	0.10021	0.63117	0.02133	0.03237	0.01911	0.02731	0.02444	0.01632	0.02401	0.01364	0.01603	0.00983	0.00730	0.00716	0.00239	0.01118	0.00559	0.00328	0.01133
38	0.01731	0.27450	0.46830	0.01911	0.02893	0.02230	0.02344	0.02410	0.01616	0.02242	0.01285	0.01504	0.00987	0.00712	0.00656	0.00219	0.01039	0.00519	0.00329	0.01095
39	0.00945	0.00675	0.00900	0.01080	0.01125	0.00630	0.00720	0.01080	0.01484	0.01979	0.04274	0.72245	0.05128	0.02429	0.00990	0.00315	0.00450	0.02204	0.00720	0.00630
40	0.02043	0.03333	0.50988	0.02007	0.03009	0.01679	0.02421	0.05432	0.01852	0.17263	0.01783	0.01870	0.01205	0.00795	0.00748	0.00244	0.01025	0.00624	0.00487	0.01192
41	0.02083	0.53005	0.04031	0.01786	0.02455	0.07827	0.14788	0.02414	0.01676	0.01969	0.01190	0.01434	0.01034	0.00671	0.00601	0.00189	0.00973	0.00526	0.00350	0.00999
42	0.01706	0.01718	0.03253	0.19286	0.14938	0.01706	0.28308	0.02203	0.01681	0.02315	0.01470	0.02015	0.01157	0.00792	0.00933	0.04472	0.01056	0.00756	0.00384	0.09851
43	0.01608	0.01378	0.01608	0.01148	0.01837	0.01034	0.00919	0.01952	0.01608	0.02527	0.01378	0.01608	0.01148	0.00574	0.00574	0.00115	0.00574	0.00459	0.00459	0.77491
44	0.02939	0.02425	0.02305	0.01819	0.02403	0.13561	0.01478	0.55002	0.03405	0.04391	0.01752	0.01785	0.01266	0.00909	0.00763	0.00227	0.00944	0.00665	0.00713	0.01249
45	0.01382	0.00954	0.01165	0.01084	0.01308	0.00950	0.00823	0.01776	0.06404	0.08727	0.26310	0.11577	0.19666	0.04810	0.01144	0.00283	0.05764	0.01346	0.03737	0.00790
46	0.01549	0.04746	0.05963	0.07534	0.05941	0.01552	0.13244	0.06472	0.04536	0.02418	0.04932	0.25665	0.02751	0.01403	0.01027	0.00277	0.07284	0.01255	0.00549	0.00902
47	0.02186	0.01728	0.02814	0.09792	0.48607	0.01738	0.02113	0.05265	0.01903	0.13675	0.01738	0.02051	0.01331	0.00754	0.00771	0.00234	0.00884	0.00706	0.00494	0.01216
48	0.02109	0.70314	0.03992	0.01345	0.02007	0.03041	0.01333	0.04896	0.01660	0.01949	0.01110	0.01269	0.01008	0.00674	0.00509	0.00169	0.00830	0.00426	0.00350	0.01008
49	0.00959	0.00692	0.00912	0.01082	0.01146	0.00645	0.00741	0.01109	0.01516	0.02004	0.04461	0.65312	0.08520	0.02388	0.00990	0.00314	0.00461	0.05392	0.00719	0.00636
50	0.01667	0.01733	0.03320	0.23952	0.06712	0.01870	0.30618	0.02187	0.01653	0.02239	0.01592	0.02444	0.01320	0.00879	0.01091	0.00275	0.10413	0.04695	0.00390	0.00949
51	0.01501	0.01420	0.02373	0.63763	0.08605	0.01762	0.02143	0.01997	0.01544	0.02005	0.01364	0.02040	0.01043	0.00800	0.00865	0.00261	0.04597	0.00689	0.00346	0.00881
52	0.01013	0.00808	0.00923	0.00970	0.01197	0.00718	0.00768	0.01259	0.01790	0.02218	0.11007	0.10309	0.45101	0.02000	0.00958	0.00286	0.00473	0.16799	0.00728	0.00674
53	0.02988	0.02973	0.02178	0.01858	0.02343	0.42683	0.01443	0.19583	0.02582	0.11665	0.01624	0.01688	0.01207	0.00855	0.00730	0.00214	0.01155	0.00590	0.00574	0.01066
54	0.01719	0.01815	0.03778	0.14921	0.03945	0.01782	0.47039	0.02280	0.01726	0.02357	0.01576	0.02145	0.01205	0.00797	0.00982	0.04363	0.01173	0.00852	0.04586	0.00958
55	0.01482	0.01402	0.02461	0.56113	0.04782	0.01654	0.09723	0.01990	0.01584	0.02081	0.01597	0.05668	0.01299	0.00850	0.00793	0.00258	0.01009	0.00795	0.03591	0.00866
56	0.01089	0.00786	0.01029	0.00981	0.01157	0.00726	0.00731	0.01443	0.02157	0.03049	0.64140	0.09328	0.07200	0.01630	0.00918	0.00248	0.00370	0.01445	0.00846	0.00726
57	0.01738	0.03754	0.62357	0.02131	0.03225	0.01738	0.02700	0.02582	0.01692	0.08742	0.01550	0.01732	0.01071	0.00758	0.00741	0.00245	0.01100	0.00593	0.00388	0.01162
58	0.01680	0.01841	0.03859	0.11415	0.03866	0.01776	0.49709	0.02258	0.01767	0.02367	0.02016	0.07526	0.04311	0.00857	0.00903	0.00265	0.01170	0.01014	0.00425	0.00975
59	0.01635	0.01600	0.02527	0.23796	0.11578	0.02022	0.05268	0.01980	0.01411	0.02017	0.01261	0.01919	0.01098	0.01246	0.04570	0.00335	0.33778	0.00703	0.00353	0.00905
60	0.00960	0.00686	0.00917	0.01097	0.01149	0.00643	0.00747	0.01106	0.01500	0.01997	0.04265	0.69020	0.05094	0.02415	0.00994	0.00317	0.00463	0.05276	0.00719	0.00634
61	0.01141	0.00957	0.01569	0.05233	0.04438	0.00925	0.09701	0.01375	0.01531	0.02051	0.03555	0.53136	0.04110	0.05053	0.01086	0.00320	0.00631	0.01839	0.00630	0.00717
62	0.04997	0.08945	0.45674	0.02282	0.03261	0.04847	0.14460	0.02470	0.01679	0.02431	0.01379	0.01666	0.01015	0.00717	0.00739	0.00240	0.01139	0.00616	0.00350	0.01091
63	0.06127	0.07169	0.09667	0.26941	0.03535	0.18904	0.04550	0.04562	0.04254	0.05097	0.01461	0.01803	0.01110	0.00785	0.00724	0.00234	0.01075	0.00617	0.00422	0.00966
64	0.04661	0.01306	0.01692	0.31977	0.05945	0.04778	0.01439	0.01823	0.04290	0.02159	0.03904	0.04085	0.26502	0.01235	0.00813	0.00255	0.00767	0.01037	0.00516	0.00814
65	0.05544	0.02741	0.26882	0.02721	0.03611	0.01913	0.37307	0.05161	0.01815	0.02626	0.01495	0.01881	0.01098	0.00698	0.00825	0.00254	0.01196	0.00761	0.00390	0.01083

[dist]
# distance from previous block
# <min> <max>
0	11

# created by:
# /st0/software/busco_prod/Augustus/scripts/msa2prfl.pl ./align_prep/120169.fa
