[name]
unknown

[dist]
# distance from previous block
# <min> <max>
0	15

[block]
# block no. 0 follows, 24 sequences, length 19
# corresponding to MSA columns:
# 15-33
name=unknown_A
#
# <colnr> <probs for GDERKNQSTAVLIFYWHMCP>
#	G	D	E	R	K	N	Q	S	T	A	V	L	I	F	Y	W	H	M	C	P
0	0.01253	0.00858	0.01159	0.01320	0.01482	0.00851	0.01108	0.01584	0.01759	0.02388	0.04035	0.17945	0.04370	0.02086	0.01018	0.00337	0.00646	0.45395	0.09688	0.00718
1	0.02884	0.01194	0.01569	0.01257	0.01724	0.01049	0.00988	0.03123	0.02018	0.49707	0.03407	0.03578	0.07417	0.14708	0.01430	0.00348	0.00671	0.00937	0.00865	0.01128
2	0.01265	0.00940	0.01138	0.01205	0.01343	0.00958	0.00841	0.06634	0.09261	0.02383	0.03897	0.52944	0.04420	0.07319	0.01193	0.00342	0.00536	0.01888	0.00730	0.00762
3	0.01020	0.00724	0.00949	0.01071	0.01129	0.00697	0.00716	0.01167	0.01503	0.02030	0.08990	0.50983	0.04822	0.13414	0.06475	0.00455	0.00623	0.01914	0.00685	0.00632
4	0.01119	0.00860	0.01042	0.01148	0.01282	0.00853	0.00801	0.01590	0.11503	0.02239	0.04626	0.53418	0.12088	0.02210	0.00971	0.00307	0.00479	0.01975	0.00747	0.00742
5	0.10506	0.01424	0.02235	0.62051	0.04997	0.01764	0.02044	0.02062	0.01558	0.02207	0.01373	0.02017	0.01034	0.00786	0.00757	0.00262	0.01005	0.00672	0.00369	0.00878
6	0.02231	0.01795	0.01929	0.01665	0.02148	0.02033	0.01333	0.22301	0.41670	0.03749	0.02906	0.03132	0.02272	0.01130	0.00827	0.00267	0.00710	0.05864	0.00796	0.01240
7	0.01035	0.00735	0.00963	0.01086	0.01160	0.00694	0.00749	0.01213	0.01620	0.02187	0.14467	0.48958	0.05305	0.10005	0.01339	0.00362	0.00499	0.06246	0.00730	0.00649
8	0.14622	0.01432	0.01755	0.01384	0.01968	0.01358	0.01137	0.05851	0.06341	0.51566	0.02785	0.02474	0.01804	0.00950	0.00752	0.00247	0.00670	0.00745	0.00889	0.01269
9	0.01498	0.01409	0.02378	0.70226	0.05462	0.01762	0.02202	0.02026	0.01586	0.02026	0.01409	0.02114	0.01057	0.00793	0.00793	0.00264	0.01057	0.00705	0.00352	0.00881
10	0.01839	0.02056	0.04364	0.06051	0.04039	0.01927	0.57129	0.02479	0.01843	0.02521	0.01582	0.02103	0.01195	0.00668	0.00905	0.00257	0.01271	0.00893	0.00404	0.06473
11	0.72540	0.01581	0.01250	0.01097	0.01598	0.01826	0.00904	0.06655	0.01515	0.03658	0.01160	0.01331	0.00893	0.00751	0.00512	0.00245	0.00631	0.00449	0.00512	0.00893
12	0.01410	0.00881	0.01129	0.01106	0.01292	0.00835	0.00797	0.01768	0.05589	0.10265	0.28192	0.27577	0.05333	0.08608	0.01237	0.00325	0.00492	0.01579	0.00798	0.00788
13	0.01596	0.00953	0.01075	0.04383	0.01357	0.01041	0.00802	0.06321	0.01762	0.02946	0.02355	0.02757	0.01863	0.01111	0.02890	0.00238	0.05507	0.00736	0.59509	0.00798
14	0.01602	0.01093	0.01316	0.01243	0.01505	0.01071	0.00922	0.13889	0.02101	0.07441	0.09852	0.39299	0.07999	0.01869	0.00921	0.00280	0.00551	0.01644	0.00765	0.04638
15	0.03003	0.02136	0.02315	0.01786	0.02410	0.02346	0.01472	0.57465	0.06565	0.09278	0.02052	0.02009	0.01442	0.00960	0.00794	0.00240	0.00847	0.00728	0.00807	0.01344
16	0.01633	0.01547	0.02623	0.51226	0.23404	0.01797	0.02270	0.02145	0.01650	0.02190	0.01433	0.02070	0.01115	0.00768	0.00791	0.00256	0.01024	0.00705	0.00364	0.00990
17	0.02142	0.01590	0.01817	0.01383	0.02017	0.01457	0.01112	0.15988	0.08969	0.09494	0.01967	0.04068	0.01545	0.00814	0.00689	0.00178	0.00658	0.00654	0.00634	0.42823
18	0.01826	0.01991	0.03921	0.04868	0.03582	0.02065	0.44459	0.02418	0.03712	0.02408	0.01516	0.02058	0.01200	0.00845	0.01295	0.00281	0.16992	0.00859	0.00402	0.03302

[dist]
# distance from previous block
# <min> <max>
2	9

[block]
# block no. 1 follows, 24 sequences, length 112
# corresponding to MSA columns:
# 43-154
name=unknown_B
#
# <colnr> <probs for GDERKNQSTAVLIFYWHMCP>
#	G	D	E	R	K	N	Q	S	T	A	V	L	I	F	Y	W	H	M	C	P
0	0.01552	0.01457	0.02413	0.62425	0.09776	0.01780	0.02177	0.02154	0.04474	0.02125	0.01497	0.02141	0.01133	0.00799	0.00793	0.00262	0.01030	0.00713	0.00376	0.00925
1	0.01740	0.01751	0.02517	0.02131	0.02163	0.02412	0.04192	0.01933	0.01240	0.01933	0.01063	0.01751	0.01047	0.01360	0.02537	0.00344	0.67957	0.00703	0.00349	0.00875
2	0.02963	0.01218	0.01650	0.01310	0.01819	0.01064	0.01064	0.03286	0.02264	0.51976	0.18663	0.03486	0.03310	0.01138	0.00831	0.00246	0.00601	0.00953	0.00955	0.01203
3	0.02302	0.01072	0.01438	0.01198	0.01592	0.00950	0.00950	0.02644	0.02257	0.34459	0.35931	0.04361	0.04808	0.01311	0.00868	0.00247	0.00520	0.01126	0.00926	0.01040
4	0.01644	0.01409	0.01644	0.01175	0.01879	0.01057	0.00940	0.01997	0.01644	0.02584	0.01409	0.01644	0.01175	0.00587	0.00587	0.00117	0.00587	0.00470	0.00470	0.76979
5	0.01278	0.00913	0.01278	0.01460	0.01643	0.00913	0.01278	0.01643	0.01825	0.02373	0.04199	0.08945	0.04564	0.02191	0.01095	0.00365	0.00730	0.61847	0.00730	0.00730
6	0.77733	0.01534	0.01166	0.01043	0.01534	0.01779	0.00859	0.02331	0.01350	0.03558	0.01104	0.01288	0.00859	0.00736	0.00491	0.00245	0.00613	0.00429	0.00491	0.00859
7	0.02082	0.01758	0.01855	0.01636	0.02104	0.02024	0.01282	0.10554	0.59234	0.03494	0.03088	0.02848	0.02308	0.01063	0.00805	0.00266	0.00653	0.00877	0.00805	0.01265
8	0.02229	0.01831	0.01937	0.01666	0.02160	0.02092	0.01317	0.19042	0.50507	0.03730	0.02902	0.02699	0.02157	0.01045	0.00804	0.00261	0.00688	0.00852	0.00804	0.01278
9	0.03530	0.01394	0.01868	0.01432	0.02046	0.01231	0.01183	0.06955	0.02344	0.64538	0.03066	0.02659	0.01932	0.00980	0.00797	0.00245	0.00685	0.00793	0.00972	0.01349
10	0.02010	0.01991	0.03230	0.04660	0.61266	0.05305	0.04961	0.02475	0.01831	0.02555	0.01483	0.01943	0.01242	0.00711	0.00788	0.00235	0.00983	0.00706	0.00394	0.01231
11	0.01630	0.09172	0.63296	0.02193	0.03329	0.01938	0.02813	0.02501	0.01670	0.02464	0.01399	0.01644	0.01005	0.00748	0.00735	0.00245	0.01148	0.00574	0.00335	0.01161
12	0.01590	0.04102	0.68023	0.02260	0.03432	0.01842	0.02930	0.02511	0.01674	0.02511	0.01423	0.01674	0.01005	0.00753	0.00753	0.00251	0.01172	0.00586	0.00335	0.01172
13	0.01278	0.00913	0.01278	0.01460	0.01643	0.00913	0.01278	0.01643	0.01825	0.02373	0.04199	0.08945	0.04564	0.02191	0.01095	0.00365	0.00730	0.61847	0.00730	0.00730
14	0.02817	0.15661	0.02577	0.01924	0.02380	0.57587	0.01502	0.03030	0.02137	0.01928	0.01204	0.01403	0.01021	0.00793	0.00679	0.00198	0.01330	0.00496	0.00397	0.00936
15	0.01893	0.01802	0.03009	0.14482	0.54089	0.01871	0.02330	0.02477	0.05538	0.02549	0.01582	0.02044	0.01295	0.00741	0.00788	0.00242	0.00941	0.00717	0.00411	0.01200
16	0.01153	0.00769	0.00865	0.00865	0.00865	0.00769	0.00480	0.01153	0.01153	0.01538	0.02499	0.05189	0.02883	0.72131	0.04036	0.00769	0.00769	0.01153	0.00480	0.00480
17	0.01377	0.00689	0.01033	0.01033	0.01033	0.00689	0.00689	0.01033	0.01033	0.01377	0.01377	0.02410	0.01377	0.02755	0.03099	0.76928	0.00689	0.00689	0.00344	0.00344
18	0.03173	0.09889	0.05134	0.01500	0.02141	0.01611	0.01311	0.10758	0.04985	0.47102	0.02677	0.02405	0.01757	0.00936	0.00762	0.00237	0.00738	0.00739	0.00848	0.01299
19	0.01963	0.01884	0.03219	0.04867	0.67185	0.01884	0.02434	0.02434	0.01806	0.02591	0.01492	0.01963	0.01256	0.00707	0.00785	0.00236	0.00942	0.00707	0.00393	0.01256
20	0.02962	0.03779	0.02247	0.02043	0.02451	0.68948	0.01532	0.03166	0.02247	0.01941	0.01226	0.01430	0.01021	0.00817	0.00715	0.00204	0.01430	0.00511	0.00409	0.00919
21	0.02767	0.02021	0.02033	0.01680	0.02218	0.09842	0.01342	0.21993	0.25063	0.18570	0.02574	0.02404	0.01830	0.00986	0.00790	0.00247	0.00806	0.00774	0.00796	0.01265
22	0.01789	0.01657	0.02722	0.42392	0.16982	0.01884	0.07552	0.08465	0.04131	0.02523	0.01556	0.02096	0.01186	0.00791	0.00804	0.00256	0.01025	0.00733	0.00424	0.01030
23	0.01087	0.00780	0.01006	0.01147	0.01227	0.00751	0.00782	0.04840	0.01648	0.02199	0.04225	0.67509	0.05015	0.02394	0.00999	0.00317	0.00484	0.02164	0.00739	0.00686
24	0.02931	0.06320	0.02318	0.02018	0.02436	0.66518	0.01526	0.03137	0.02224	0.01938	0.01221	0.01424	0.01021	0.00812	0.00707	0.00203	0.01409	0.00508	0.00406	0.00923
25	0.01498	0.01409	0.02378	0.70226	0.05462	0.01762	0.02202	0.02026	0.01586	0.02026	0.01409	0.02114	0.01057	0.00793	0.00793	0.00264	0.01057	0.00705	0.00352	0.00881
26	0.01644	0.01409	0.01644	0.01175	0.01879	0.01057	0.00940	0.01997	0.01644	0.02584	0.01409	0.01644	0.01175	0.00587	0.00587	0.00117	0.00587	0.00470	0.00470	0.76979
27	0.01174	0.00840	0.01152	0.01291	0.01441	0.00818	0.01052	0.01486	0.01826	0.02434	0.15482	0.23571	0.05253	0.02159	0.01046	0.00334	0.00601	0.36568	0.00757	0.00713
28	0.03014	0.02221	0.02380	0.01825	0.02459	0.02459	0.01507	0.64541	0.03728	0.04998	0.01904	0.01904	0.01349	0.00952	0.00793	0.00238	0.00873	0.00714	0.00793	0.01349
29	0.01644	0.01409	0.01644	0.01175	0.01879	0.01057	0.00940	0.01997	0.01644	0.02584	0.01409	0.01644	0.01175	0.00587	0.00587	0.00117	0.00587	0.00470	0.00470	0.76979
30	0.01735	0.01735	0.02429	0.02082	0.02082	0.02429	0.01735	0.01908	0.01214	0.01908	0.01041	0.01735	0.01041	0.01388	0.02602	0.00347	0.70680	0.00694	0.00347	0.00867
31	0.01001	0.00786	0.00908	0.00944	0.01142	0.00694	0.00697	0.01234	0.01841	0.02354	0.19818	0.21104	0.37513	0.02036	0.00961	0.00280	0.00425	0.04812	0.00766	0.00684
32	0.02106	0.01770	0.01868	0.01641	0.02113	0.02035	0.01287	0.11939	0.57810	0.03532	0.03058	0.02824	0.02283	0.01060	0.00805	0.00265	0.00659	0.00873	0.00805	0.01267
33	0.01109	0.00836	0.00888	0.00857	0.01138	0.00706	0.00649	0.01332	0.01875	0.06101	0.13173	0.07183	0.57552	0.01912	0.00929	0.00265	0.00415	0.01600	0.00763	0.00717
34	0.01133	0.00850	0.01274	0.01274	0.01416	0.00991	0.00991	0.01416	0.01274	0.01841	0.02124	0.03115	0.01982	0.05947	0.68989	0.01274	0.02124	0.00850	0.00425	0.00708
35	0.01835	0.01806	0.03020	0.26084	0.40345	0.03932	0.06853	0.02331	0.01752	0.02382	0.01465	0.02009	0.01180	0.00735	0.00796	0.00246	0.01024	0.00717	0.00380	0.01109
36	0.01377	0.00689	0.01033	0.01033	0.01033	0.00689	0.00689	0.01033	0.01033	0.01377	0.01377	0.02410	0.01377	0.02755	0.03099	0.76928	0.00689	0.00689	0.00344	0.00344
37	0.02953	0.02191	0.02345	0.01812	0.02436	0.02430	0.01492	0.60988	0.07381	0.04899	0.01982	0.01966	0.01412	0.00959	0.00794	0.00240	0.00858	0.00725	0.00794	0.01343
38	0.01074	0.00814	0.00993	0.00964	0.01176	0.00733	0.00734	0.01393	0.02083	0.02808	0.44724	0.06635	0.25871	0.01776	0.00945	0.00262	0.00404	0.05067	0.00822	0.00723
39	0.01644	0.01409	0.01644	0.01175	0.01879	0.01057	0.00940	0.01997	0.01644	0.02584	0.01409	0.01644	0.01175	0.00587	0.00587	0.00117	0.00587	0.00470	0.00470	0.76979
40	0.01278	0.00913	0.01278	0.01460	0.01643	0.00913	0.01278	0.01643	0.01825	0.02373	0.04199	0.08945	0.04564	0.02191	0.01095	0.00365	0.00730	0.61847	0.00730	0.00730
41	0.01703	0.00988	0.01368	0.01412	0.01678	0.00947	0.01212	0.02057	0.01946	0.14990	0.09239	0.07492	0.04309	0.01911	0.01025	0.00332	0.00690	0.45061	0.00790	0.00851
42	0.01278	0.00913	0.01278	0.01460	0.01643	0.00913	0.01278	0.01643	0.01825	0.02373	0.04199	0.08945	0.04564	0.02191	0.01095	0.00365	0.00730	0.61847	0.00730	0.00730
43	0.03014	0.02221	0.02380	0.01825	0.02459	0.02459	0.01507	0.64541	0.03728	0.04998	0.01904	0.01904	0.01349	0.00952	0.00793	0.00238	0.00873	0.00714	0.00793	0.01349
44	0.00955	0.00804	0.00829	0.00822	0.01082	0.00677	0.00617	0.01173	0.01850	0.02244	0.13810	0.07464	0.61023	0.01970	0.00937	0.00266	0.00399	0.01650	0.00750	0.00677
45	0.02393	0.01794	0.01942	0.01644	0.02156	0.02008	0.01308	0.18993	0.43939	0.10407	0.02892	0.02673	0.02110	0.01036	0.00803	0.00259	0.00693	0.00841	0.00822	0.01288
46	0.01686	0.01654	0.02298	0.01980	0.01980	0.02290	0.01630	0.01845	0.01209	0.01877	0.01163	0.02025	0.01195	0.07319	0.02723	0.00382	0.64819	0.00732	0.00358	0.00835
47	0.01498	0.01409	0.02378	0.70226	0.05462	0.01762	0.02202	0.02026	0.01586	0.02026	0.01409	0.02114	0.01057	0.00793	0.00793	0.00264	0.01057	0.00705	0.00352	0.00881
48	0.77733	0.01534	0.01166	0.01043	0.01534	0.01779	0.00859	0.02331	0.01350	0.03558	0.01104	0.01288	0.00859	0.00736	0.00491	0.00245	0.00613	0.00429	0.00491	0.00859
49	0.01972	0.01703	0.01793	0.01614	0.02062	0.01972	0.01255	0.04214	0.65752	0.03317	0.03228	0.02959	0.02421	0.01076	0.00807	0.00269	0.00628	0.00897	0.00807	0.01255
50	0.77733	0.01534	0.01166	0.01043	0.01534	0.01779	0.00859	0.02331	0.01350	0.03558	0.01104	0.01288	0.00859	0.00736	0.00491	0.00245	0.00613	0.00429	0.00491	0.00859
51	0.01039	0.00799	0.00951	0.00930	0.01138	0.00710	0.00691	0.01329	0.02023	0.02695	0.39519	0.11368	0.30272	0.01834	0.00942	0.00262	0.00391	0.01586	0.00810	0.00710
52	0.45302	0.01430	0.01425	0.01185	0.01710	0.01493	0.00974	0.02895	0.01749	0.28668	0.04801	0.02046	0.01584	0.00871	0.00630	0.00246	0.00627	0.00618	0.00700	0.01046
53	0.00966	0.00690	0.00920	0.01104	0.01150	0.00644	0.00736	0.01104	0.01518	0.02024	0.04371	0.71614	0.05245	0.02484	0.01012	0.00322	0.00460	0.02254	0.00736	0.00644
54	0.03014	0.02221	0.02380	0.01825	0.02459	0.02459	0.01507	0.64541	0.03728	0.04998	0.01904	0.01904	0.01349	0.00952	0.00793	0.00238	0.00873	0.00714	0.00793	0.01349
55	0.50258	0.01618	0.01477	0.01254	0.01774	0.01812	0.01025	0.10685	0.09188	0.11674	0.01702	0.01734	0.01238	0.00833	0.00604	0.00247	0.00656	0.00565	0.00627	0.01028
56	0.40028	0.01440	0.01509	0.01230	0.01783	0.01467	0.01015	0.03111	0.01817	0.36180	0.02133	0.02005	0.01420	0.00861	0.00647	0.00245	0.00645	0.00616	0.00740	0.01108
57	0.00974	0.00805	0.00854	0.00842	0.01094	0.00685	0.00632	0.01209	0.01895	0.02349	0.19734	0.07291	0.55034	0.01931	0.00937	0.00264	0.00396	0.01626	0.00764	0.00685
58	0.03014	0.02221	0.02380	0.01825	0.02459	0.02459	0.01507	0.64541	0.03728	0.04998	0.01904	0.01904	0.01349	0.00952	0.00793	0.00238	0.00873	0.00714	0.00793	0.01349
59	0.03037	0.01220	0.01659	0.01344	0.01848	0.01064	0.01079	0.03319	0.02147	0.54406	0.05976	0.13996	0.02724	0.01252	0.00838	0.00258	0.00627	0.01060	0.00937	0.01210
60	0.01150	0.00773	0.00885	0.00878	0.00897	0.00767	0.00508	0.01188	0.01264	0.01704	0.09002	0.05264	0.03348	0.64996	0.03722	0.00716	0.00729	0.01182	0.00520	0.00508
61	0.03558	0.01350	0.01840	0.01411	0.02024	0.01166	0.01166	0.03865	0.02270	0.67734	0.03128	0.02699	0.01963	0.00981	0.00797	0.00245	0.00675	0.00797	0.00981	0.01350
62	0.01459	0.00863	0.01148	0.01110	0.01322	0.00789	0.00830	0.01754	0.02023	0.12762	0.36535	0.24464	0.05873	0.01794	0.00942	0.00274	0.00459	0.03944	0.00845	0.00810
63	0.11837	0.01300	0.01653	0.01320	0.01862	0.01182	0.01075	0.03411	0.02086	0.53093	0.02962	0.07465	0.02073	0.01058	0.00768	0.00248	0.00640	0.00857	0.03889	0.01219
64	0.03558	0.01350	0.01840	0.01411	0.02024	0.01166	0.01166	0.03865	0.02270	0.67734	0.03128	0.02699	0.01963	0.00981	0.00797	0.00245	0.00675	0.00797	0.00981	0.01350
65	0.00981	0.00701	0.00937	0.01121	0.01173	0.00657	0.00761	0.01129	0.01533	0.02041	0.04363	0.68684	0.05213	0.02471	0.01016	0.00324	0.00473	0.05040	0.00736	0.00648
66	0.01237	0.00831	0.01083	0.01020	0.01224	0.00761	0.00764	0.01584	0.02178	0.06590	0.56587	0.10437	0.09354	0.01662	0.00933	0.00255	0.00398	0.01466	0.00864	0.00771
67	0.00966	0.00690	0.00920	0.01104	0.01150	0.00644	0.00736	0.01104	0.01518	0.02024	0.04371	0.71614	0.05245	0.02484	0.01012	0.00322	0.00460	0.02254	0.00736	0.00644
68	0.01644	0.01409	0.01644	0.01175	0.01879	0.01057	0.00940	0.01997	0.01644	0.02584	0.01409	0.01644	0.01175	0.00587	0.00587	0.00117	0.00587	0.00470	0.00470	0.76979
69	0.70679	0.01771	0.07359	0.01156	0.01709	0.01785	0.01051	0.02348	0.01380	0.03461	0.01134	0.01324	0.00872	0.00738	0.00515	0.00246	0.00665	0.00444	0.00476	0.00888
70	0.02892	0.10902	0.02536	0.01851	0.02407	0.26897	0.01499	0.34892	0.02942	0.03517	0.01563	0.01657	0.01191	0.00871	0.00732	0.00218	0.01074	0.00606	0.00600	0.01153
71	0.01137	0.00835	0.01199	0.01199	0.01314	0.00950	0.00897	0.01367	0.01252	0.01785	0.02193	0.03500	0.02149	0.18210	0.56954	0.01181	0.01873	0.00906	0.00435	0.00666
72	0.01940	0.01455	0.01705	0.01260	0.01931	0.01194	0.01011	0.04605	0.07005	0.10236	0.01773	0.01882	0.01373	0.00685	0.00637	0.00149	0.00611	0.00551	0.00568	0.59429
73	0.01471	0.06972	0.02094	0.01679	0.01841	0.01746	0.04258	0.01729	0.01307	0.01901	0.01614	0.02408	0.01518	0.03580	0.35588	0.00793	0.27543	0.00762	0.00388	0.00809
74	0.01154	0.00843	0.01242	0.01242	0.01386	0.00976	0.00965	0.01442	0.01298	0.01908	0.02152	0.03106	0.01985	0.05643	0.64848	0.01208	0.02018	0.00843	0.05030	0.00710
75	0.00966	0.00690	0.00920	0.01104	0.01150	0.00644	0.00736	0.01104	0.01518	0.02024	0.04371	0.71614	0.05245	0.02484	0.01012	0.00322	0.00460	0.02254	0.00736	0.00644
76	0.06225	0.64574	0.07857	0.01394	0.02092	0.02985	0.01425	0.02380	0.01601	0.01997	0.01122	0.01297	0.01008	0.00686	0.00523	0.00179	0.00855	0.00434	0.00347	0.01018
77	0.00979	0.00700	0.00935	0.01119	0.01171	0.00655	0.00759	0.01127	0.01531	0.02039	0.04363	0.68963	0.05216	0.02472	0.01016	0.00324	0.00471	0.04775	0.00736	0.00648
78	0.00956	0.00804	0.00829	0.00823	0.01082	0.00677	0.00617	0.01173	0.01851	0.02245	0.13844	0.07463	0.60988	0.01970	0.00937	0.00266	0.00399	0.01650	0.00750	0.00677
79	0.01808	0.01803	0.02686	0.02216	0.02336	0.02381	0.08934	0.04785	0.01403	0.02119	0.01144	0.01789	0.01073	0.01286	0.02329	0.00333	0.59565	0.00723	0.00373	0.00912
80	0.03014	0.02221	0.02380	0.01825	0.02459	0.02459	0.01507	0.64541	0.03728	0.04998	0.01904	0.01904	0.01349	0.00952	0.00793	0.00238	0.00873	0.00714	0.00793	0.01349
81	0.01022	0.00758	0.01074	0.01193	0.01271	0.00712	0.03146	0.01183	0.01528	0.02037	0.04176	0.63441	0.04959	0.05484	0.01146	0.00342	0.00518	0.04641	0.00712	0.00656
82	0.02817	0.02076	0.02250	0.01759	0.02339	0.02302	0.01440	0.56291	0.06678	0.04636	0.01960	0.02029	0.01431	0.01241	0.03770	0.03310	0.00906	0.00728	0.00761	0.01277
83	0.01093	0.00785	0.00955	0.00979	0.01094	0.00740	0.00679	0.01283	0.01684	0.02258	0.23036	0.16509	0.13979	0.24585	0.01959	0.00440	0.00546	0.06070	0.00694	0.00633
84	0.77733	0.01534	0.01166	0.01043	0.01534	0.01779	0.00859	0.02331	0.01350	0.03558	0.01104	0.01288	0.00859	0.00736	0.00491	0.00245	0.00613	0.00429	0.00491	0.00859
85	0.01664	0.01427	0.01653	0.01201	0.01890	0.01112	0.00959	0.02131	0.05524	0.02628	0.01519	0.01724	0.01250	0.00617	0.00601	0.00127	0.00590	0.00496	0.00490	0.72397
86	0.05433	0.01218	0.01815	0.01467	0.01859	0.01160	0.09720	0.02330	0.01666	0.21548	0.02368	0.03168	0.01984	0.18607	0.13864	0.00548	0.01030	0.00871	0.03825	0.05518
87	0.00989	0.00714	0.00899	0.01036	0.01101	0.00664	0.00685	0.01115	0.01501	0.01970	0.04532	0.54982	0.12015	0.12138	0.01425	0.00378	0.00496	0.02034	0.00701	0.00624
88	0.00978	0.00815	0.00858	0.00883	0.01119	0.00710	0.00648	0.01239	0.03971	0.02162	0.07233	0.18541	0.53970	0.02058	0.00946	0.00277	0.00420	0.01747	0.00739	0.00685
89	0.42793	0.01515	0.01472	0.01253	0.01770	0.01647	0.01019	0.03114	0.13910	0.21216	0.02068	0.01997	0.01462	0.00869	0.00636	0.00250	0.00633	0.00620	0.00687	0.01070
90	0.05924	0.00920	0.01103	0.01159	0.01307	0.00924	0.00817	0.04941	0.04467	0.05226	0.03663	0.45358	0.04135	0.11861	0.01375	0.00371	0.00564	0.04449	0.00703	0.00735
91	0.03386	0.01522	0.01935	0.01494	0.02104	0.01435	0.01231	0.14741	0.05499	0.53493	0.02914	0.02569	0.01874	0.00981	0.00797	0.00245	0.00708	0.00787	0.00940	0.01345
92	0.01963	0.01884	0.03219	0.04867	0.67185	0.01884	0.02434	0.02434	0.01806	0.02591	0.01492	0.01963	0.01256	0.00707	0.00785	0.00236	0.00942	0.00707	0.00393	0.01256
93	0.01133	0.00767	0.00873	0.00881	0.00901	0.00757	0.00510	0.01162	0.01239	0.01648	0.05094	0.09223	0.05709	0.62775	0.03626	0.00704	0.00722	0.01248	0.00519	0.00507
94	0.48880	0.01401	0.01336	0.01137	0.01626	0.01495	0.00929	0.02649	0.01701	0.20840	0.09216	0.02203	0.01920	0.00904	0.00625	0.00246	0.00602	0.00645	0.00667	0.00979
95	0.00956	0.00761	0.00859	0.00926	0.01106	0.00663	0.00659	0.01141	0.01718	0.02144	0.09279	0.31710	0.40943	0.02171	0.00965	0.00287	0.00422	0.01882	0.00742	0.00663
96	0.03467	0.01496	0.01931	0.01480	0.02097	0.01382	0.01223	0.14028	0.02514	0.57226	0.02923	0.02566	0.01860	0.00977	0.00797	0.00244	0.00708	0.00783	0.00950	0.01349
97	0.01158	0.00775	0.00882	0.00890	0.00898	0.00775	0.00514	0.01174	0.01181	0.01573	0.02570	0.05347	0.02954	0.69188	0.03912	0.00752	0.00767	0.03707	0.00491	0.00491
98	0.01644	0.01409	0.01644	0.01175	0.01879	0.01057	0.00940	0.01997	0.01644	0.02584	0.01409	0.01644	0.01175	0.00587	0.00587	0.00117	0.00587	0.00470	0.00470	0.76979
99	0.01206	0.00810	0.01061	0.01045	0.01210	0.00752	0.00765	0.01505	0.02016	0.05705	0.45110	0.19474	0.06401	0.06057	0.01138	0.00299	0.00440	0.03449	0.00821	0.00737
100	0.02950	0.01875	0.02127	0.01666	0.02248	0.01986	0.01376	0.43763	0.03209	0.19366	0.05619	0.02679	0.01980	0.01061	0.00818	0.00247	0.00793	0.04115	0.00838	0.01284
101	0.01136	0.00836	0.01205	0.01205	0.01323	0.00954	0.00905	0.01372	0.01254	0.01790	0.02187	0.03465	0.02134	0.17116	0.58028	0.01189	0.01895	0.00901	0.00434	0.00670
102	0.01735	0.01735	0.02429	0.02082	0.02082	0.02429	0.01735	0.01908	0.01214	0.01908	0.01041	0.01735	0.01041	0.01388	0.02602	0.00347	0.70680	0.00694	0.00347	0.00867
103	0.02110	0.01704	0.01821	0.01611	0.02077	0.01945	0.01260	0.06732	0.59404	0.07181	0.03166	0.02899	0.02349	0.01065	0.00806	0.00266	0.00641	0.00883	0.00817	0.01265
104	0.01114	0.00793	0.01061	0.01091	0.01163	0.00851	0.00755	0.01266	0.01267	0.01754	0.02626	0.14853	0.02848	0.30674	0.33317	0.00929	0.01340	0.01190	0.00496	0.00611
105	0.02962	0.03779	0.02247	0.02043	0.02451	0.68948	0.01532	0.03166	0.02247	0.01941	0.01226	0.01430	0.01021	0.00817	0.00715	0.00204	0.01430	0.00511	0.00409	0.00919
106	0.77733	0.01534	0.01166	0.01043	0.01534	0.01779	0.00859	0.02331	0.01350	0.03558	0.01104	0.01288	0.00859	0.00736	0.00491	0.00245	0.00613	0.00429	0.00491	0.00859
107	0.00961	0.00804	0.00836	0.00828	0.01086	0.00680	0.00621	0.01184	0.01864	0.02276	0.15619	0.07411	0.59194	0.01958	0.00937	0.00265	0.00398	0.01643	0.00754	0.00680
108	0.01498	0.01409	0.02378	0.70226	0.05462	0.01762	0.02202	0.02026	0.01586	0.02026	0.01409	0.02114	0.01057	0.00793	0.00793	0.00264	0.01057	0.00705	0.00352	0.00881
109	0.01735	0.01735	0.02429	0.02082	0.02082	0.02429	0.01735	0.01908	0.01214	0.01908	0.01041	0.01735	0.01041	0.01388	0.02602	0.00347	0.70680	0.00694	0.00347	0.00867
110	0.00966	0.00690	0.00920	0.01104	0.01150	0.00644	0.00736	0.01104	0.01518	0.02024	0.04371	0.71614	0.05245	0.02484	0.01012	0.00322	0.00460	0.02254	0.00736	0.00644
111	0.04052	0.00888	0.01080	0.01056	0.01248	0.00891	0.00790	0.04344	0.01638	0.05663	0.06019	0.11839	0.12137	0.04768	0.11282	0.12554	0.00769	0.03796	0.14484	0.00705

[dist]
# distance from previous block
# <min> <max>
0	2

[block]
# block no. 2 follows, 24 sequences, length 33
# corresponding to MSA columns:
# 157-189
name=unknown_C
#
# <colnr> <probs for GDERKNQSTAVLIFYWHMCP>
#	G	D	E	R	K	N	Q	S	T	A	V	L	I	F	Y	W	H	M	C	P
0	0.01377	0.00689	0.01033	0.01033	0.01033	0.00689	0.00689	0.01033	0.01033	0.01377	0.01377	0.02410	0.01377	0.02755	0.03099	0.76928	0.00689	0.00689	0.00344	0.00344
1	0.02230	0.67173	0.03979	0.01361	0.02034	0.02987	0.01342	0.02488	0.01661	0.06890	0.01257	0.01381	0.01090	0.00702	0.00531	0.00175	0.00835	0.00453	0.00388	0.01043
2	0.01413	0.00969	0.01139	0.01090	0.01351	0.00908	0.00824	0.07893	0.02041	0.07910	0.15721	0.22537	0.27111	0.01880	0.00936	0.00277	0.00495	0.03917	0.00785	0.00803
3	0.77733	0.01534	0.01166	0.01043	0.01534	0.01779	0.00859	0.02331	0.01350	0.03558	0.01104	0.01288	0.00859	0.00736	0.00491	0.00245	0.00613	0.00429	0.00491	0.00859
4	0.01963	0.01884	0.03219	0.04867	0.67185	0.01884	0.02434	0.02434	0.01806	0.02591	0.01492	0.01963	0.01256	0.00707	0.00785	0.00236	0.00942	0.00707	0.00393	0.01256
5	0.77733	0.01534	0.01166	0.01043	0.01534	0.01779	0.00859	0.02331	0.01350	0.03558	0.01104	0.01288	0.00859	0.00736	0.00491	0.00245	0.00613	0.00429	0.00491	0.00859
6	0.01130	0.00759	0.00872	0.00894	0.00900	0.00754	0.00512	0.01147	0.01198	0.01597	0.02728	0.13324	0.03172	0.63602	0.03666	0.00714	0.00731	0.01288	0.00512	0.00501
7	0.01851	0.01787	0.03065	0.19305	0.45024	0.01870	0.07038	0.02444	0.05144	0.02498	0.01574	0.02063	0.01269	0.00743	0.00799	0.00246	0.00981	0.00734	0.00406	0.01157
8	0.00973	0.00800	0.00861	0.00900	0.01134	0.00689	0.00681	0.01181	0.01775	0.02150	0.07246	0.15229	0.53820	0.02081	0.00961	0.00283	0.00439	0.07387	0.00736	0.00672
9	0.01748	0.01406	0.01655	0.01187	0.01887	0.01063	0.00952	0.02098	0.01678	0.06117	0.01503	0.01702	0.01217	0.00609	0.00599	0.00124	0.00592	0.00488	0.00498	0.72878
10	0.01693	0.11808	0.51315	0.02313	0.03373	0.02017	0.11715	0.02500	0.01696	0.02440	0.01412	0.01695	0.01035	0.00732	0.00752	0.00244	0.01158	0.00618	0.00345	0.01139
11	0.01122	0.00811	0.01060	0.00998	0.01185	0.00748	0.00748	0.01496	0.02245	0.03180	0.66766	0.05923	0.07482	0.01621	0.00935	0.00249	0.00374	0.01434	0.00873	0.00748
12	0.01250	0.01037	0.01337	0.01324	0.01482	0.05334	0.01026	0.01528	0.01337	0.01847	0.02067	0.03008	0.01921	0.05619	0.64626	0.01206	0.02080	0.00828	0.00424	0.00722
13	0.08559	0.01456	0.02305	0.58008	0.07631	0.01798	0.02068	0.02067	0.01557	0.02187	0.01369	0.02015	0.01047	0.00810	0.00844	0.00265	0.04075	0.00679	0.00367	0.00895
14	0.02618	0.02024	0.02156	0.01744	0.02308	0.02274	0.01411	0.41574	0.27341	0.04358	0.02408	0.02305	0.01757	0.00999	0.00798	0.00250	0.00779	0.00783	0.00798	0.01313
15	0.77733	0.01534	0.01166	0.01043	0.01534	0.01779	0.00859	0.02331	0.01350	0.03558	0.01104	0.01288	0.00859	0.00736	0.00491	0.00245	0.00613	0.00429	0.00491	0.00859
16	0.01133	0.00850	0.01274	0.01274	0.01416	0.00991	0.00991	0.01416	0.01274	0.01841	0.02124	0.03115	0.01982	0.05947	0.68989	0.01274	0.02124	0.00850	0.00425	0.00708
17	0.01879	0.01316	0.01479	0.01315	0.01710	0.01375	0.01024	0.03084	0.31963	0.13506	0.14801	0.04353	0.16168	0.01339	0.00853	0.00262	0.00547	0.01127	0.00832	0.01068
18	0.01122	0.00811	0.01060	0.00998	0.01185	0.00748	0.00748	0.01496	0.02245	0.03180	0.66766	0.05923	0.07482	0.01621	0.00935	0.00249	0.00374	0.01434	0.00873	0.00748
19	0.00968	0.00793	0.00858	0.00902	0.01128	0.00684	0.00676	0.01171	0.01762	0.02141	0.07147	0.18100	0.52125	0.02099	0.00961	0.00284	0.00436	0.06357	0.00736	0.00670
20	0.45677	0.01385	0.01331	0.01152	0.01620	0.01484	0.00932	0.02636	0.04225	0.18893	0.08513	0.05266	0.02055	0.00976	0.00645	0.00250	0.00598	0.00719	0.00671	0.00972
21	0.00966	0.00690	0.00920	0.01104	0.01150	0.00644	0.00736	0.01104	0.01518	0.02024	0.04371	0.71614	0.05245	0.02484	0.01012	0.00322	0.00460	0.02254	0.00736	0.00644
22	0.02839	0.02134	0.02281	0.01789	0.02392	0.02377	0.01465	0.54363	0.14192	0.04714	0.02127	0.02082	0.01529	0.00973	0.00796	0.00243	0.00831	0.00745	0.00796	0.01333
23	0.01014	0.00787	0.00923	0.00929	0.01128	0.00696	0.00681	0.01272	0.01930	0.02527	0.30305	0.17565	0.33525	0.01936	0.00949	0.00270	0.00401	0.01676	0.00790	0.00696
24	0.00975	0.00742	0.00886	0.00980	0.01112	0.00666	0.00679	0.01146	0.01655	0.02126	0.09984	0.41508	0.27011	0.05320	0.01113	0.00317	0.00447	0.01943	0.00735	0.00653
25	0.02092	0.01711	0.01832	0.01590	0.02080	0.01913	0.01249	0.09030	0.53401	0.05757	0.02976	0.02761	0.02220	0.01025	0.00789	0.00254	0.00647	0.00845	0.00786	0.07042
26	0.02925	0.02177	0.02329	0.01806	0.02425	0.02417	0.01486	0.59366	0.09049	0.04853	0.02017	0.01994	0.01441	0.00963	0.00794	0.00241	0.00852	0.00730	0.00794	0.01341
27	0.01203	0.00838	0.00954	0.00928	0.01184	0.00724	0.00694	0.01436	0.01890	0.08052	0.17618	0.14783	0.43007	0.01908	0.00934	0.00269	0.00428	0.01626	0.00782	0.00740
28	0.14721	0.01343	0.01671	0.01316	0.01888	0.01227	0.01083	0.03456	0.02100	0.53739	0.03133	0.02799	0.05942	0.01010	0.00760	0.00247	0.00648	0.00797	0.00891	0.01231
29	0.01334	0.00793	0.01052	0.01130	0.01271	0.00724	0.00792	0.01512	0.01677	0.11213	0.08169	0.55793	0.07061	0.02206	0.00975	0.00305	0.00483	0.01982	0.00779	0.00749
30	0.02399	0.01231	0.01556	0.01334	0.01765	0.01178	0.01068	0.03079	0.14287	0.32691	0.15198	0.06713	0.06818	0.01320	0.00863	0.00264	0.00592	0.05647	0.00887	0.01112
31	0.02054	0.01032	0.01313	0.01205	0.01506	0.00974	0.00918	0.02448	0.06663	0.25204	0.05961	0.20400	0.03315	0.08936	0.01191	0.00323	0.00586	0.05670	0.09360	0.00941
32	0.01073	0.00809	0.01094	0.04901	0.01503	0.00800	0.00936	0.01304	0.01604	0.02096	0.04478	0.38351	0.13517	0.02614	0.07936	0.00417	0.00710	0.14487	0.00682	0.00685

[dist]
# distance from previous block
# <min> <max>
0	4

# created by:
# /st0/software/busco_prod/Augustus/scripts/msa2prfl.pl ./align_prep/120238.fa
