[name]
unknown

[dist]
# distance from previous block
# <min> <max>
0	4

[block]
# block no. 0 follows, 25 sequences, length 47
# corresponding to MSA columns:
# 4-50
name=unknown_A
#
# <colnr> <probs for GDERKNQSTAVLIFYWHMCP>
#	G	D	E	R	K	N	Q	S	T	A	V	L	I	F	Y	W	H	M	C	P
0	0.01243	0.00888	0.01241	0.01410	0.01588	0.00886	0.01229	0.01601	0.01801	0.02352	0.06649	0.08628	0.04577	0.02120	0.01065	0.00352	0.00700	0.60236	0.00720	0.00715
1	0.01900	0.01823	0.03113	0.07546	0.65277	0.01837	0.02370	0.02363	0.01756	0.02510	0.01455	0.01925	0.01220	0.00694	0.00768	0.00231	0.00926	0.00691	0.00382	0.01213
2	0.00945	0.00675	0.00900	0.01080	0.01125	0.00630	0.00720	0.01080	0.01484	0.01979	0.04274	0.72245	0.05128	0.02429	0.00990	0.00315	0.00450	0.02204	0.00720	0.00630
3	0.01981	0.01692	0.01783	0.01589	0.02036	0.01953	0.01240	0.07287	0.63260	0.03329	0.03089	0.02839	0.02313	0.01046	0.00788	0.00261	0.00626	0.00867	0.00788	0.01232
4	0.01486	0.01411	0.02401	0.65123	0.05147	0.01707	0.04977	0.02003	0.01565	0.02025	0.01387	0.02051	0.01045	0.00762	0.00774	0.00253	0.01028	0.00691	0.00351	0.03815
5	0.01915	0.01854	0.03212	0.04691	0.65003	0.01848	0.05238	0.02384	0.01768	0.02531	0.01463	0.01927	0.01226	0.00689	0.00774	0.00232	0.00939	0.00701	0.00384	0.01220
6	0.01079	0.00875	0.01324	0.01339	0.01441	0.00882	0.06141	0.01260	0.01489	0.02012	0.03785	0.60699	0.04467	0.02195	0.01110	0.00312	0.06273	0.01973	0.00662	0.00682
7	0.01085	0.00792	0.01020	0.00963	0.01151	0.00726	0.00722	0.01440	0.02166	0.03041	0.63492	0.05904	0.11372	0.01611	0.00915	0.00245	0.00368	0.01418	0.00845	0.00726
8	0.00945	0.00675	0.00900	0.01080	0.01125	0.00630	0.00720	0.01080	0.01484	0.01979	0.04274	0.72245	0.05128	0.02429	0.00990	0.00315	0.00450	0.02204	0.00720	0.00630
9	0.03325	0.01392	0.01823	0.01417	0.02005	0.01270	0.01164	0.07026	0.07511	0.59835	0.03004	0.02619	0.01924	0.00966	0.00780	0.00241	0.00666	0.00783	0.00936	0.01312
10	0.01775	0.01901	0.08263	0.21191	0.46931	0.01809	0.02362	0.02285	0.01701	0.02388	0.01433	0.01933	0.01159	0.00716	0.00767	0.00239	0.00968	0.00681	0.00369	0.01129
11	0.03479	0.01320	0.01799	0.01380	0.01979	0.01140	0.01140	0.03779	0.02219	0.68451	0.03059	0.02639	0.01919	0.00960	0.00780	0.00240	0.00660	0.00780	0.00960	0.01320
12	0.01919	0.01842	0.03147	0.04759	0.67914	0.01842	0.02380	0.02380	0.01765	0.02533	0.01458	0.01919	0.01228	0.00691	0.00768	0.00230	0.00921	0.00691	0.00384	0.01228
13	0.03479	0.01320	0.01799	0.01380	0.01979	0.01140	0.01140	0.03779	0.02219	0.68451	0.03059	0.02639	0.01919	0.00960	0.00780	0.00240	0.00660	0.00780	0.00960	0.01320
14	0.02898	0.02147	0.02299	0.01774	0.02386	0.02382	0.01462	0.62373	0.06681	0.04807	0.01924	0.01911	0.01369	0.00937	0.00776	0.00234	0.00842	0.00707	0.00776	0.01314
15	0.02073	0.73217	0.04063	0.01327	0.01990	0.03068	0.01327	0.02322	0.01575	0.01824	0.01078	0.01244	0.00995	0.00663	0.00498	0.00166	0.00829	0.00415	0.00332	0.00995
16	0.00945	0.00675	0.00900	0.01080	0.01125	0.00630	0.00720	0.01080	0.01484	0.01979	0.04274	0.72245	0.05128	0.02429	0.00990	0.00315	0.00450	0.02204	0.00720	0.00630
17	0.01714	0.22587	0.46938	0.02042	0.03034	0.02154	0.06636	0.02421	0.01633	0.02287	0.01319	0.01561	0.00999	0.00711	0.00684	0.00225	0.01071	0.00553	0.00333	0.01098
18	0.02947	0.02172	0.02327	0.01784	0.02404	0.02404	0.01474	0.65329	0.03646	0.04887	0.01862	0.01862	0.01319	0.00931	0.00776	0.00233	0.00853	0.00698	0.00776	0.01319
19	0.01097	0.00793	0.01036	0.00975	0.01158	0.00732	0.00732	0.01463	0.02195	0.03109	0.67505	0.05792	0.07316	0.01585	0.00914	0.00244	0.00366	0.01402	0.00854	0.00732
20	0.01852	0.01773	0.03025	0.14575	0.58626	0.01825	0.02346	0.02320	0.01734	0.02451	0.01447	0.01941	0.01199	0.00703	0.00769	0.00234	0.00938	0.00691	0.00378	0.01174
21	0.01919	0.01842	0.03147	0.04759	0.67914	0.01842	0.02380	0.02380	0.01765	0.02533	0.01458	0.01919	0.01228	0.00691	0.00768	0.00230	0.00921	0.00691	0.00384	0.01228
22	0.00945	0.00675	0.00900	0.01080	0.01125	0.00630	0.00720	0.01080	0.01484	0.01979	0.04274	0.72245	0.05128	0.02429	0.00990	0.00315	0.00450	0.02204	0.00720	0.00630
23	0.02896	0.03695	0.02197	0.01998	0.02397	0.69638	0.01498	0.03096	0.02197	0.01898	0.01199	0.01398	0.00999	0.00799	0.00699	0.00200	0.01398	0.00499	0.00400	0.00899
24	0.01445	0.00723	0.00723	0.00723	0.00903	0.00723	0.00542	0.01807	0.01626	0.02891	0.02529	0.02891	0.01987	0.00903	0.00542	0.00181	0.00361	0.00723	0.77055	0.00723
25	0.01347	0.00673	0.01010	0.01010	0.01010	0.00673	0.00673	0.01010	0.01010	0.01347	0.01347	0.02357	0.01347	0.02694	0.03030	0.77441	0.00673	0.00673	0.00337	0.00337
26	0.78228	0.01499	0.01140	0.01020	0.01499	0.01739	0.00840	0.02279	0.01320	0.03479	0.01080	0.01260	0.00840	0.00720	0.00480	0.00240	0.00600	0.00420	0.00480	0.00840
27	0.01445	0.00723	0.00723	0.00723	0.00903	0.00723	0.00542	0.01807	0.01626	0.02891	0.02529	0.02891	0.01987	0.00903	0.00542	0.00181	0.00361	0.00723	0.77055	0.00723
28	0.02821	0.03442	0.02283	0.02207	0.07714	0.59613	0.01568	0.07225	0.02260	0.02150	0.01264	0.01472	0.01039	0.00799	0.00710	0.00204	0.01323	0.00528	0.00424	0.00954
29	0.00945	0.00675	0.00900	0.01080	0.01125	0.00630	0.00720	0.01080	0.01484	0.01979	0.04274	0.72245	0.05128	0.02429	0.00990	0.00315	0.00450	0.02204	0.00720	0.00630
30	0.02031	0.01716	0.01811	0.01599	0.02055	0.01976	0.01252	0.10277	0.60189	0.03409	0.03026	0.02789	0.02261	0.01040	0.00788	0.00260	0.00638	0.00859	0.00788	0.01236
31	0.02073	0.73217	0.04063	0.01327	0.01990	0.03068	0.01327	0.02322	0.01575	0.01824	0.01078	0.01244	0.00995	0.00663	0.00498	0.00166	0.00829	0.00415	0.00332	0.00995
32	0.00931	0.00786	0.00806	0.00801	0.01056	0.00661	0.00601	0.01141	0.01802	0.02177	0.12695	0.07326	0.62707	0.01933	0.00916	0.00260	0.00391	0.01617	0.00731	0.00661
33	0.02947	0.02172	0.02327	0.01784	0.02404	0.02404	0.01474	0.65329	0.03646	0.04887	0.01862	0.01862	0.01319	0.00931	0.00776	0.00233	0.00853	0.00698	0.00776	0.01319
34	0.00924	0.00786	0.00796	0.00793	0.01052	0.00658	0.00595	0.01127	0.01785	0.02136	0.10277	0.07394	0.65152	0.01948	0.00916	0.00261	0.00392	0.01627	0.00725	0.00658
35	0.01113	0.00745	0.00850	0.00865	0.00868	0.00742	0.00490	0.01124	0.01157	0.01542	0.02592	0.10525	0.03006	0.67044	0.03706	0.00716	0.00727	0.01215	0.00490	0.00483
36	0.02553	0.01845	0.02064	0.04082	0.04490	0.02032	0.01378	0.36892	0.18682	0.09195	0.02289	0.02254	0.01655	0.00948	0.00763	0.00238	0.00754	0.00749	0.05898	0.01238
37	0.01705	0.02575	0.22994	0.02848	0.03699	0.01845	0.43716	0.02403	0.01756	0.02449	0.01657	0.05590	0.01325	0.00770	0.00867	0.00260	0.01216	0.00883	0.00390	0.01053
38	0.01112	0.00845	0.01059	0.01153	0.01363	0.00791	0.00963	0.01409	0.01806	0.02288	0.09798	0.08059	0.28684	0.02037	0.01002	0.00313	0.00568	0.35333	0.00726	0.00693
39	0.01724	0.01390	0.01626	0.01182	0.01841	0.01095	0.00947	0.05278	0.01763	0.05141	0.04482	0.01850	0.01467	0.00653	0.00608	0.00132	0.00582	0.00527	0.00512	0.67200
40	0.02802	0.03435	0.02220	0.01987	0.02368	0.59838	0.01513	0.06991	0.02208	0.02087	0.01226	0.01452	0.01021	0.00853	0.00854	0.00213	0.07065	0.00527	0.00419	0.00922
41	0.00926	0.00786	0.00799	0.00795	0.01053	0.00659	0.00597	0.01131	0.01790	0.02148	0.10975	0.07375	0.64446	0.01944	0.00916	0.00261	0.00391	0.01624	0.00727	0.00659
42	0.01599	0.03751	0.60884	0.02515	0.11082	0.01806	0.02807	0.02446	0.01652	0.02465	0.01399	0.01671	0.01012	0.00731	0.00740	0.00244	0.01119	0.00587	0.00334	0.01156
43	0.01097	0.00793	0.01036	0.00975	0.01158	0.00732	0.00732	0.01463	0.02195	0.03109	0.67505	0.05792	0.07316	0.01585	0.00914	0.00244	0.00366	0.01402	0.00854	0.00732
44	0.00945	0.00675	0.00900	0.01080	0.01125	0.00630	0.00720	0.01080	0.01484	0.01979	0.04274	0.72245	0.05128	0.02429	0.00990	0.00315	0.00450	0.02204	0.00720	0.00630
45	0.02052	0.01638	0.01757	0.01562	0.02013	0.01866	0.01220	0.04093	0.61411	0.08418	0.03148	0.02873	0.02331	0.01045	0.00788	0.00261	0.00617	0.00869	0.00803	0.01235
46	0.00945	0.00675	0.00900	0.01080	0.01125	0.00630	0.00720	0.01080	0.01484	0.01979	0.04274	0.72245	0.05128	0.02429	0.00990	0.00315	0.00450	0.02204	0.00720	0.00630

[dist]
# distance from previous block
# <min> <max>
0	33

[block]
# block no. 1 follows, 25 sequences, length 54
# corresponding to MSA columns:
# 84-137
name=unknown_B
#
# <colnr> <probs for GDERKNQSTAVLIFYWHMCP>
#	G	D	E	R	K	N	Q	S	T	A	V	L	I	F	Y	W	H	M	C	P
0	0.02947	0.02172	0.02327	0.01784	0.02404	0.02404	0.01474	0.65329	0.03646	0.04887	0.01862	0.01862	0.01319	0.00931	0.00776	0.00233	0.00853	0.00698	0.00776	0.01319
1	0.02347	0.01069	0.01437	0.01188	0.01589	0.00946	0.00946	0.02679	0.02208	0.37410	0.33674	0.04137	0.04483	0.01257	0.00844	0.00242	0.00520	0.01075	0.00909	0.01040
2	0.02896	0.03695	0.02197	0.01998	0.02397	0.69638	0.01498	0.03096	0.02197	0.01898	0.01199	0.01398	0.00999	0.00799	0.00699	0.00200	0.01398	0.00499	0.00400	0.00899
3	0.02551	0.02268	0.02653	0.07823	0.13606	0.11915	0.07592	0.35184	0.02794	0.03617	0.01634	0.01842	0.01222	0.00834	0.00776	0.00232	0.00999	0.00688	0.00587	0.01182
4	0.00924	0.00786	0.00796	0.00793	0.01052	0.00658	0.00595	0.01127	0.01785	0.02137	0.10348	0.07392	0.65080	0.01948	0.00916	0.00261	0.00392	0.01627	0.00726	0.00658
5	0.02687	0.07949	0.02309	0.01653	0.02225	0.02237	0.01372	0.49419	0.05693	0.07025	0.05469	0.04598	0.01811	0.01002	0.00768	0.00232	0.00794	0.00776	0.00749	0.01232
6	0.02785	0.02091	0.02235	0.01751	0.02342	0.02328	0.01434	0.55552	0.13688	0.04624	0.02068	0.02026	0.01486	0.00950	0.00778	0.00238	0.00815	0.00727	0.00778	0.01304
7	0.00945	0.00675	0.00900	0.01080	0.01125	0.00630	0.00720	0.01080	0.01484	0.01979	0.04274	0.72245	0.05128	0.02429	0.00990	0.00315	0.00450	0.02204	0.00720	0.00630
8	0.02567	0.02499	0.22104	0.02068	0.08086	0.01888	0.01889	0.27232	0.02563	0.18465	0.01961	0.01977	0.01348	0.00859	0.00764	0.00238	0.00902	0.00679	0.00651	0.01260
9	0.01857	0.01636	0.01833	0.01424	0.01936	0.07081	0.01148	0.02150	0.01608	0.06654	0.01396	0.01677	0.01159	0.00785	0.01018	0.00178	0.15728	0.00530	0.00462	0.49739
10	0.00977	0.00714	0.00899	0.01024	0.01113	0.00661	0.00703	0.01131	0.01546	0.02025	0.07574	0.50246	0.14998	0.08201	0.01226	0.00342	0.00475	0.04810	0.00705	0.00629
11	0.06189	0.01661	0.01969	0.01525	0.02121	0.01671	0.01257	0.26834	0.05406	0.39283	0.02535	0.02303	0.01670	0.00943	0.00767	0.00238	0.00728	0.00739	0.00864	0.01296
12	0.37709	0.01944	0.02073	0.04819	0.02335	0.10192	0.11738	0.12682	0.01914	0.03260	0.01369	0.01609	0.01044	0.00762	0.00643	0.00236	0.00868	0.00581	0.03266	0.00956
13	0.01426	0.00721	0.00730	0.00737	0.00912	0.00719	0.00549	0.01778	0.01620	0.02855	0.02598	0.05629	0.02111	0.00964	0.00560	0.00186	0.00365	0.00781	0.74042	0.00719
14	0.01212	0.01070	0.01838	0.07397	0.02130	0.01027	0.14568	0.01513	0.01618	0.02186	0.07777	0.44184	0.03951	0.01785	0.00935	0.00287	0.00680	0.01683	0.00618	0.03541
15	0.02609	0.02243	0.02178	0.07560	0.02499	0.15713	0.01481	0.35551	0.02774	0.05439	0.01692	0.01865	0.01267	0.00929	0.00904	0.00234	0.07318	0.00660	0.05972	0.01112
16	0.00945	0.00675	0.00900	0.01080	0.01125	0.00630	0.00720	0.01080	0.01484	0.01979	0.04274	0.72245	0.05128	0.02429	0.00990	0.00315	0.00450	0.02204	0.00720	0.00630
17	0.05594	0.01554	0.01565	0.01333	0.01738	0.03968	0.01057	0.23241	0.17107	0.03627	0.04704	0.02533	0.01962	0.00959	0.00691	0.00222	0.00627	0.00753	0.25719	0.01045
18	0.01555	0.04011	0.68733	0.02210	0.03356	0.01801	0.02865	0.02455	0.01637	0.02455	0.01391	0.01637	0.00982	0.00737	0.00737	0.00246	0.01146	0.00573	0.00327	0.01146
19	0.00945	0.00675	0.00900	0.01080	0.01125	0.00630	0.00720	0.01080	0.01484	0.01979	0.04274	0.72245	0.05128	0.02429	0.00990	0.00315	0.00450	0.02204	0.00720	0.00630
20	0.01108	0.00831	0.01246	0.01246	0.01385	0.00969	0.00969	0.01385	0.01246	0.01800	0.02077	0.03046	0.01938	0.05815	0.69678	0.01246	0.02077	0.00831	0.00415	0.00692
21	0.00953	0.00681	0.00907	0.01074	0.01126	0.00635	0.00720	0.01100	0.01522	0.02040	0.07657	0.68689	0.05245	0.02384	0.00986	0.00311	0.00445	0.02161	0.00727	0.00635
22	0.01459	0.01348	0.02270	0.67932	0.05157	0.01678	0.02091	0.01940	0.01528	0.01954	0.01377	0.02079	0.01047	0.00856	0.00871	0.03522	0.01018	0.00688	0.00344	0.00839
23	0.01524	0.01439	0.02433	0.62254	0.13510	0.01738	0.02183	0.02033	0.01578	0.02053	0.01389	0.02048	0.01059	0.00764	0.00774	0.00255	0.01019	0.00689	0.00350	0.00909
24	0.02896	0.03695	0.02197	0.01998	0.02397	0.69638	0.01498	0.03096	0.02197	0.01898	0.01199	0.01398	0.00999	0.00799	0.00699	0.00200	0.01398	0.00499	0.00400	0.00899
25	0.01690	0.09885	0.02033	0.01611	0.01946	0.04334	0.05971	0.10375	0.04197	0.02572	0.03003	0.13246	0.03115	0.01605	0.00976	0.00295	0.03594	0.28052	0.00628	0.00873
26	0.00937	0.00786	0.00814	0.00807	0.01060	0.00663	0.00605	0.01153	0.01816	0.02211	0.14670	0.07271	0.60712	0.01920	0.00916	0.00260	0.00390	0.01610	0.00735	0.00663
27	0.01881	0.01844	0.08043	0.01829	0.02568	0.01457	0.16899	0.08045	0.01885	0.06254	0.01560	0.01807	0.01198	0.00661	0.00701	0.00179	0.00832	0.00620	0.00488	0.41249
28	0.02870	0.02453	0.02263	0.01815	0.02378	0.16255	0.01463	0.48467	0.07467	0.04162	0.01809	0.01833	0.01321	0.00912	0.00761	0.00228	0.00950	0.00669	0.00699	0.01226
29	0.00945	0.00675	0.00900	0.01080	0.01125	0.00630	0.00720	0.01080	0.01484	0.01979	0.04274	0.72245	0.05128	0.02429	0.00990	0.00315	0.00450	0.02204	0.00720	0.00630
30	0.02958	0.01950	0.02152	0.01659	0.02253	0.02101	0.01368	0.51530	0.03297	0.15546	0.02100	0.02048	0.01456	0.00934	0.00764	0.00231	0.00794	0.00713	0.04859	0.01287
31	0.01555	0.04011	0.68733	0.02210	0.03356	0.01801	0.02865	0.02455	0.01637	0.02455	0.01391	0.01637	0.00982	0.00737	0.00737	0.00246	0.01146	0.00573	0.00327	0.01146
32	0.00945	0.00675	0.00900	0.01080	0.01125	0.00630	0.00720	0.01080	0.01484	0.01979	0.04274	0.72245	0.05128	0.02429	0.00990	0.00315	0.00450	0.02204	0.00720	0.00630
33	0.05642	0.01598	0.01878	0.01510	0.01938	0.01761	0.04546	0.30689	0.02514	0.06668	0.01993	0.02204	0.01505	0.01113	0.03343	0.00266	0.06673	0.00711	0.22395	0.01051
34	0.01567	0.01507	0.02127	0.01863	0.01893	0.02067	0.01537	0.01760	0.01200	0.01852	0.01250	0.01992	0.01220	0.02334	0.17262	0.00538	0.56149	0.00712	0.00356	0.00814
35	0.00955	0.00682	0.00912	0.01092	0.01141	0.00639	0.00738	0.01098	0.01495	0.01991	0.04268	0.70026	0.05105	0.02419	0.00992	0.00316	0.00459	0.04318	0.00720	0.00633
36	0.01596	0.01488	0.02456	0.48315	0.15598	0.01734	0.04718	0.02244	0.07051	0.02236	0.01591	0.02142	0.01219	0.00783	0.00773	0.00251	0.00966	0.00716	0.03164	0.00958
37	0.01907	0.01767	0.01830	0.01433	0.01969	0.09773	0.01142	0.09402	0.01860	0.02621	0.01480	0.04358	0.01288	0.00811	0.00871	0.00174	0.09376	0.00586	0.00484	0.46868
38	0.00975	0.00697	0.00935	0.01115	0.01173	0.00656	0.00773	0.01132	0.01515	0.02013	0.04257	0.65883	0.05061	0.02400	0.00998	0.00319	0.00476	0.08264	0.00719	0.00638
39	0.05099	0.01606	0.01794	0.05177	0.02178	0.01738	0.01232	0.08588	0.39268	0.11511	0.02644	0.02511	0.01945	0.00944	0.00748	0.00238	0.00656	0.00771	0.00733	0.10620
40	0.01587	0.01318	0.01979	0.45057	0.03895	0.01605	0.01715	0.06586	0.01692	0.02384	0.01637	0.02203	0.01262	0.00860	0.00863	0.00246	0.06403	0.00696	0.17146	0.00864
41	0.00945	0.00675	0.00900	0.01080	0.01125	0.00630	0.00720	0.01080	0.01484	0.01979	0.04274	0.72245	0.05128	0.02429	0.00990	0.00315	0.00450	0.02204	0.00720	0.00630
42	0.01572	0.01488	0.02520	0.55276	0.20113	0.01751	0.02207	0.02075	0.01601	0.02111	0.01397	0.02032	0.01080	0.00755	0.00773	0.00252	0.01007	0.00689	0.00354	0.00948
43	0.01097	0.00793	0.01036	0.00975	0.01158	0.00732	0.00732	0.01463	0.02195	0.03109	0.67505	0.05792	0.07316	0.01585	0.00914	0.00244	0.00366	0.01402	0.00854	0.00732
44	0.00945	0.00675	0.00900	0.01080	0.01125	0.00630	0.00720	0.01080	0.01484	0.01979	0.04274	0.72245	0.05128	0.02429	0.00990	0.00315	0.00450	0.02204	0.00720	0.00630
45	0.01351	0.00676	0.00997	0.00997	0.01005	0.00676	0.00667	0.01047	0.01039	0.01419	0.01402	0.02382	0.01377	0.02610	0.02914	0.73835	0.00659	0.00676	0.03918	0.00355
46	0.00945	0.00675	0.00900	0.01080	0.01125	0.00630	0.00720	0.01080	0.01484	0.01979	0.04274	0.72245	0.05128	0.02429	0.00990	0.00315	0.00450	0.02204	0.00720	0.00630
47	0.03434	0.01391	0.01844	0.01413	0.02015	0.01246	0.01168	0.08941	0.02339	0.63119	0.02958	0.02574	0.01869	0.00957	0.00779	0.00239	0.00676	0.00773	0.00944	0.01319
48	0.01583	0.07714	0.65273	0.02163	0.03283	0.01869	0.02782	0.02448	0.01634	0.02422	0.01375	0.01616	0.00983	0.00733	0.00724	0.00241	0.01129	0.00564	0.00328	0.01138
49	0.02896	0.03695	0.02197	0.01998	0.02397	0.69638	0.01498	0.03096	0.02197	0.01898	0.01199	0.01398	0.00999	0.00799	0.00699	0.00200	0.01398	0.00499	0.00400	0.00899
50	0.01608	0.01378	0.01608	0.01148	0.01837	0.01034	0.00919	0.01952	0.01608	0.02527	0.01378	0.01608	0.01148	0.00574	0.00574	0.00115	0.00574	0.00459	0.00459	0.77491
51	0.01445	0.00723	0.00723	0.00723	0.00903	0.00723	0.00542	0.01807	0.01626	0.02891	0.02529	0.02891	0.01987	0.00903	0.00542	0.00181	0.00361	0.00723	0.77055	0.00723
52	0.01445	0.00723	0.00723	0.00723	0.00903	0.00723	0.00542	0.01807	0.01626	0.02891	0.02529	0.02891	0.01987	0.00903	0.00542	0.00181	0.00361	0.00723	0.77055	0.00723
53	0.62000	0.07092	0.07200	0.01185	0.01743	0.01879	0.01083	0.05647	0.01489	0.03343	0.01148	0.01323	0.00889	0.00728	0.00519	0.00234	0.00677	0.00447	0.00471	0.00903

[dist]
# distance from previous block
# <min> <max>
0	1

[block]
# block no. 2 follows, 25 sequences, length 33
# corresponding to MSA columns:
# 139-171
name=unknown_C
#
# <colnr> <probs for GDERKNQSTAVLIFYWHMCP>
#	G	D	E	R	K	N	Q	S	T	A	V	L	I	F	Y	W	H	M	C	P
0	0.02021	0.49715	0.19863	0.01607	0.02365	0.08892	0.01722	0.02426	0.01648	0.01987	0.01166	0.01355	0.00992	0.00694	0.00575	0.00189	0.00960	0.00462	0.00337	0.01023
1	0.02115	0.01550	0.01778	0.01330	0.01957	0.01407	0.01078	0.19558	0.02211	0.08798	0.01720	0.01859	0.01317	0.00881	0.02802	0.00196	0.00697	0.00574	0.03455	0.44716
2	0.05830	0.02158	0.02189	0.03915	0.02380	0.16009	0.06831	0.23127	0.11642	0.06925	0.09163	0.02387	0.02054	0.00956	0.00776	0.00235	0.00902	0.00770	0.00658	0.01094
3	0.01886	0.05852	0.03612	0.12040	0.27913	0.05422	0.27096	0.02405	0.01776	0.02374	0.01458	0.01942	0.01159	0.00691	0.00809	0.00241	0.01108	0.00755	0.00380	0.01081
4	0.01108	0.00831	0.01246	0.01246	0.01385	0.00969	0.00969	0.01385	0.01246	0.01800	0.02077	0.03046	0.01938	0.05815	0.69678	0.01246	0.02077	0.00831	0.00415	0.00692
5	0.01464	0.01378	0.02326	0.70887	0.05340	0.01723	0.02153	0.01981	0.01550	0.01981	0.01378	0.02067	0.01034	0.00775	0.00775	0.00258	0.01034	0.00689	0.00345	0.00861
6	0.00970	0.00693	0.00929	0.01109	0.01165	0.00652	0.00764	0.01124	0.01510	0.02008	0.04259	0.66886	0.05072	0.02405	0.00997	0.00318	0.00472	0.07310	0.00719	0.00637
7	0.02045	0.01845	0.01811	0.01619	0.02062	0.07261	0.01258	0.06473	0.58967	0.03203	0.02951	0.02735	0.02218	0.01027	0.00781	0.00257	0.00685	0.00840	0.00758	0.01205
8	0.01085	0.00792	0.01020	0.00963	0.01151	0.00726	0.00722	0.01440	0.02166	0.03041	0.63515	0.05904	0.11348	0.01610	0.00915	0.00245	0.00368	0.01418	0.00845	0.00726
9	0.00943	0.00680	0.00894	0.01066	0.01121	0.00631	0.00714	0.01081	0.01498	0.01985	0.04445	0.69149	0.08114	0.02407	0.00986	0.00312	0.00447	0.02177	0.00720	0.00631
10	0.01488	0.01402	0.02368	0.67492	0.08553	0.01729	0.02165	0.02002	0.01561	0.02009	0.01382	0.02060	0.01044	0.00771	0.00775	0.00257	0.01028	0.00689	0.00347	0.00880
11	0.01920	0.01735	0.01273	0.01196	0.01470	0.22385	0.00901	0.02379	0.07287	0.02579	0.02371	0.02600	0.04240	0.00924	0.00626	0.00197	0.00708	0.00701	0.43689	0.00818
12	0.00945	0.00675	0.00900	0.01080	0.01125	0.00630	0.00720	0.01080	0.01484	0.01979	0.04274	0.72245	0.05128	0.02429	0.00990	0.00315	0.00450	0.02204	0.00720	0.00630
13	0.01629	0.01397	0.01618	0.01177	0.01849	0.01093	0.00939	0.02097	0.05949	0.02575	0.01497	0.01694	0.01230	0.00606	0.00589	0.00125	0.00577	0.00487	0.00481	0.72389
14	0.23514	0.01457	0.01941	0.37959	0.03599	0.01798	0.01648	0.04152	0.01512	0.02521	0.01302	0.01810	0.01016	0.00839	0.00899	0.00260	0.09447	0.00612	0.02850	0.00864
15	0.00945	0.00675	0.00900	0.01080	0.01125	0.00630	0.00720	0.01080	0.01484	0.01979	0.04274	0.72245	0.05128	0.02429	0.00990	0.00315	0.00450	0.02204	0.00720	0.00630
16	0.01753	0.01884	0.03511	0.06410	0.03259	0.02125	0.34541	0.02192	0.01540	0.02192	0.01322	0.01921	0.01101	0.00961	0.01605	0.00295	0.31268	0.00802	0.00367	0.00951
17	0.01852	0.01773	0.03025	0.14555	0.58644	0.01825	0.02346	0.02321	0.01734	0.02451	0.01447	0.01941	0.01199	0.00703	0.00769	0.00234	0.00938	0.00691	0.00378	0.01174
18	0.00945	0.00675	0.00900	0.01080	0.01125	0.00630	0.00720	0.01080	0.01484	0.01979	0.04274	0.72245	0.05128	0.02429	0.00990	0.00315	0.00450	0.02204	0.00720	0.00630
19	0.02073	0.73217	0.04063	0.01327	0.01990	0.03068	0.01327	0.02322	0.01575	0.01824	0.01078	0.01244	0.00995	0.00663	0.00498	0.00166	0.00829	0.00415	0.00332	0.00995
20	0.02896	0.03695	0.02197	0.01998	0.02397	0.69638	0.01498	0.03096	0.02197	0.01898	0.01199	0.01398	0.00999	0.00799	0.00699	0.00200	0.01398	0.00499	0.00400	0.00899
21	0.01755	0.02130	0.08633	0.03058	0.03819	0.01865	0.56831	0.02392	0.01795	0.02450	0.01729	0.06533	0.01415	0.00772	0.00908	0.00264	0.01242	0.00974	0.00409	0.01026
22	0.01310	0.00870	0.01130	0.01017	0.01264	0.00782	0.00774	0.01669	0.02159	0.08008	0.58421	0.05287	0.06515	0.01473	0.00883	0.00235	0.00401	0.01295	0.00836	0.05669
23	0.01097	0.00793	0.01036	0.00975	0.01158	0.00732	0.00732	0.01463	0.02195	0.03109	0.67505	0.05792	0.07316	0.01585	0.00914	0.00244	0.00366	0.01402	0.00854	0.00732
24	0.01929	0.01666	0.01753	0.01578	0.02016	0.01929	0.01227	0.04120	0.66513	0.03243	0.03156	0.02893	0.02367	0.01052	0.00789	0.00263	0.00614	0.00877	0.00789	0.01227
25	0.01689	0.06809	0.60478	0.02156	0.03219	0.07578	0.02687	0.02504	0.01682	0.02383	0.01362	0.01601	0.00984	0.00739	0.00724	0.00238	0.01154	0.00560	0.00334	0.01119
26	0.04402	0.28765	0.43174	0.01852	0.02801	0.02253	0.02242	0.02401	0.01604	0.02264	0.01268	0.01483	0.00982	0.00710	0.00642	0.00217	0.01013	0.00511	0.00334	0.01081
27	0.01555	0.04011	0.68733	0.02210	0.03356	0.01801	0.02865	0.02455	0.01637	0.02455	0.01391	0.01637	0.00982	0.00737	0.00737	0.00246	0.01146	0.00573	0.00327	0.01146
28	0.01012	0.00770	0.00936	0.01008	0.01152	0.00714	0.00712	0.01299	0.04584	0.02290	0.17733	0.39779	0.20994	0.02084	0.00948	0.00285	0.00426	0.01844	0.00750	0.00683
29	0.03266	0.01666	0.01909	0.01503	0.02080	0.07152	0.01224	0.12919	0.05919	0.49815	0.02729	0.02432	0.01776	0.00947	0.00773	0.00237	0.00748	0.00749	0.00876	0.01279
30	0.01184	0.01028	0.01741	0.01651	0.04299	0.00965	0.13807	0.01452	0.01606	0.02148	0.06100	0.44733	0.07363	0.04320	0.01063	0.00312	0.00656	0.04194	0.00637	0.00740
31	0.03479	0.01320	0.01799	0.01380	0.01979	0.01140	0.01140	0.03779	0.02219	0.68451	0.03059	0.02639	0.01919	0.00960	0.00780	0.00240	0.00660	0.00780	0.00960	0.01320
32	0.00989	0.00737	0.00969	0.01095	0.01163	0.00717	0.00756	0.01149	0.01549	0.02077	0.09694	0.59375	0.09112	0.02281	0.01048	0.00307	0.03586	0.02033	0.00714	0.00650

[dist]
# distance from previous block
# <min> <max>
0	1

[block]
# block no. 3 follows, 25 sequences, length 17
# corresponding to MSA columns:
# 173-189
name=unknown_D
#
# <colnr> <probs for GDERKNQSTAVLIFYWHMCP>
#	G	D	E	R	K	N	Q	S	T	A	V	L	I	F	Y	W	H	M	C	P
0	0.01645	0.07843	0.52786	0.02470	0.08445	0.01898	0.09364	0.02444	0.01664	0.02426	0.01397	0.01684	0.01023	0.00720	0.00744	0.00241	0.01126	0.00609	0.00339	0.01133
1	0.78228	0.01499	0.01140	0.01020	0.01499	0.01739	0.00840	0.02279	0.01320	0.03479	0.01080	0.01260	0.00840	0.00720	0.00480	0.00240	0.00600	0.00420	0.00480	0.00840
2	0.01645	0.12651	0.56181	0.02267	0.07458	0.01964	0.02637	0.02433	0.01638	0.02381	0.01356	0.01606	0.01000	0.00724	0.00708	0.00234	0.01091	0.00561	0.00332	0.01132
3	0.01622	0.03555	0.58560	0.02047	0.03071	0.01663	0.02566	0.02438	0.01723	0.06277	0.07698	0.02084	0.01631	0.00829	0.00756	0.00245	0.01045	0.00663	0.00413	0.01117
4	0.01025	0.00788	0.00940	0.00929	0.01135	0.00704	0.00701	0.01310	0.01963	0.02601	0.36926	0.10349	0.31033	0.01812	0.00928	0.00261	0.00399	0.04716	0.00786	0.00694
5	0.06716	0.01684	0.01772	0.03800	0.02055	0.03550	0.01216	0.21498	0.28111	0.03602	0.12182	0.03032	0.05230	0.01095	0.00787	0.00248	0.00672	0.00888	0.00748	0.01114
6	0.02237	0.01673	0.01818	0.01573	0.02051	0.01874	0.01241	0.10394	0.51609	0.11947	0.03010	0.02753	0.02200	0.01027	0.00786	0.00257	0.00644	0.00846	0.00810	0.01249
7	0.01608	0.01378	0.01608	0.01148	0.01837	0.01034	0.00919	0.01952	0.01608	0.02527	0.01378	0.01608	0.01148	0.00574	0.00574	0.00115	0.00574	0.00459	0.00459	0.77491
8	0.01646	0.01412	0.01625	0.01199	0.01859	0.01140	0.00955	0.02209	0.09298	0.02611	0.01589	0.01760	0.01293	0.00631	0.00600	0.00132	0.00579	0.00509	0.00498	0.68455
9	0.40073	0.08019	0.05544	0.01312	0.01877	0.06259	0.01151	0.06748	0.01776	0.18338	0.01615	0.01648	0.01153	0.00790	0.00599	0.00231	0.00734	0.00535	0.00583	0.01017
10	0.04905	0.01807	0.01929	0.01476	0.02098	0.04812	0.01198	0.27220	0.05315	0.10404	0.01804	0.01851	0.01332	0.00791	0.00687	0.00189	0.00733	0.00606	0.00648	0.30196
11	0.01796	0.01231	0.01349	0.01184	0.01529	0.05363	0.00924	0.02153	0.05528	0.17322	0.12206	0.08487	0.25655	0.01468	0.00953	0.00250	0.05127	0.01198	0.00733	0.05545
12	0.02031	0.01904	0.03114	0.02515	0.08716	0.01907	0.25988	0.15972	0.04718	0.02995	0.01605	0.01936	0.01241	0.00776	0.00939	0.00232	0.06825	0.00742	0.00498	0.15348
13	0.02567	0.02443	0.02101	0.01883	0.04754	0.32188	0.05542	0.03101	0.10599	0.14943	0.02169	0.02237	0.03676	0.01078	0.03288	0.00261	0.01068	0.00699	0.04381	0.01021
14	0.01980	0.02075	0.07513	0.02579	0.03280	0.01920	0.39048	0.14635	0.06337	0.03001	0.02011	0.02321	0.03892	0.00802	0.00850	0.00251	0.01080	0.00868	0.04472	0.01084
15	0.01774	0.01360	0.01475	0.01378	0.01631	0.05686	0.01028	0.17443	0.05132	0.06037	0.03173	0.38299	0.03387	0.04495	0.01070	0.00299	0.03256	0.01490	0.00704	0.00882
16	0.07232	0.01889	0.01925	0.01549	0.02113	0.05274	0.01244	0.27045	0.20886	0.03669	0.02042	0.02038	0.01534	0.00868	0.00713	0.00215	0.00735	0.00670	0.00673	0.17686

[dist]
# distance from previous block
# <min> <max>
0	12

[block]
# block no. 4 follows, 25 sequences, length 15
# corresponding to MSA columns:
# 202-216
name=unknown_E
#
# <colnr> <probs for GDERKNQSTAVLIFYWHMCP>
#	G	D	E	R	K	N	Q	S	T	A	V	L	I	F	Y	W	H	M	C	P
0	0.67496	0.01444	0.01189	0.01047	0.01520	0.01631	0.00859	0.02359	0.01446	0.08932	0.05064	0.01636	0.01303	0.00790	0.00530	0.00240	0.00591	0.00507	0.00542	0.00874
1	0.04497	0.07036	0.01606	0.01343	0.01563	0.01105	0.06260	0.01463	0.01523	0.02116	0.03328	0.47151	0.03829	0.01892	0.00966	0.00286	0.03588	0.04694	0.00618	0.05135
2	0.01980	0.01608	0.01899	0.01543	0.02045	0.01677	0.03277	0.11425	0.25514	0.06092	0.02269	0.05196	0.01811	0.00962	0.00884	0.00223	0.06611	0.00767	0.00644	0.23571
3	0.01738	0.33364	0.35347	0.01728	0.02586	0.02253	0.02027	0.02315	0.01658	0.02240	0.06828	0.01819	0.01521	0.00777	0.00649	0.00211	0.00945	0.00575	0.00374	0.01046
4	0.03060	0.01413	0.01787	0.01433	0.01989	0.01353	0.01163	0.03871	0.19597	0.50826	0.03085	0.02708	0.02040	0.00985	0.00782	0.00246	0.00647	0.00806	0.00914	0.01295
5	0.02069	0.27578	0.34647	0.01759	0.02642	0.02126	0.02031	0.02639	0.01717	0.13700	0.01572	0.01674	0.01149	0.00750	0.00661	0.00217	0.00951	0.00554	0.00439	0.01124
6	0.02274	0.01746	0.02110	0.02139	0.13515	0.01897	0.01466	0.20703	0.27688	0.08675	0.05682	0.02719	0.02142	0.01004	0.00795	0.00249	0.00728	0.02516	0.00729	0.01222
7	0.07584	0.03813	0.63418	0.02116	0.03210	0.01796	0.02706	0.02442	0.01612	0.02536	0.01367	0.01607	0.00971	0.00735	0.00716	0.00245	0.01103	0.00561	0.00339	0.01122
8	0.02834	0.03299	0.02183	0.01928	0.02357	0.54465	0.01472	0.14503	0.02426	0.02445	0.01356	0.01550	0.01096	0.01026	0.03500	0.00248	0.01325	0.00549	0.00470	0.00968
9	0.02317	0.60728	0.03670	0.01336	0.01988	0.02733	0.01294	0.02575	0.01687	0.13397	0.01422	0.01486	0.01156	0.00715	0.00547	0.00179	0.00800	0.00478	0.00441	0.01051
10	0.01973	0.01488	0.01725	0.01276	0.01924	0.01267	0.01027	0.13083	0.02008	0.08336	0.01694	0.04034	0.01371	0.00728	0.00640	0.00152	0.00626	0.00584	0.00564	0.55501
11	0.07190	0.00987	0.01492	0.13395	0.02146	0.01025	0.06686	0.01455	0.01514	0.02142	0.03280	0.48253	0.03729	0.01850	0.00906	0.00294	0.00639	0.01686	0.00607	0.00723
12	0.02732	0.06047	0.04888	0.01905	0.02371	0.49261	0.01515	0.13766	0.02355	0.02431	0.01360	0.01563	0.01100	0.01061	0.04098	0.00257	0.01304	0.00550	0.00460	0.00975
13	0.01171	0.00922	0.01414	0.13323	0.02045	0.01089	0.01150	0.01475	0.01293	0.01817	0.01974	0.02976	0.01825	0.08248	0.54461	0.01050	0.01830	0.00821	0.00406	0.00711
14	0.02686	0.03080	0.13812	0.01941	0.02567	0.28302	0.01725	0.30339	0.02737	0.03308	0.01523	0.01643	0.01136	0.00846	0.00739	0.00222	0.01115	0.00599	0.00552	0.01126

[dist]
# distance from previous block
# <min> <max>
2	10

[block]
# block no. 5 follows, 25 sequences, length 19
# corresponding to MSA columns:
# 227-245
name=unknown_F
#
# <colnr> <probs for GDERKNQSTAVLIFYWHMCP>
#	G	D	E	R	K	N	Q	S	T	A	V	L	I	F	Y	W	H	M	C	P
0	0.01817	0.02058	0.11957	0.03997	0.50723	0.01767	0.02303	0.02413	0.04835	0.02540	0.01736	0.02459	0.01501	0.00827	0.00788	0.00244	0.00921	0.05517	0.00421	0.01177
1	0.00916	0.00785	0.00785	0.00785	0.01047	0.00655	0.00589	0.01113	0.01767	0.02095	0.07855	0.07462	0.67599	0.01964	0.00916	0.00262	0.00393	0.01636	0.00720	0.00655
2	0.01536	0.01442	0.02392	0.57254	0.13722	0.01694	0.02104	0.02034	0.01584	0.02092	0.01389	0.02017	0.01068	0.00751	0.00761	0.00245	0.00988	0.00674	0.00357	0.05895
3	0.01890	0.03292	0.51650	0.01972	0.02952	0.01606	0.02399	0.02642	0.01784	0.15001	0.06007	0.02097	0.01572	0.00834	0.00756	0.00244	0.01003	0.00666	0.00481	0.01152
4	0.01698	0.03027	0.36134	0.02811	0.06485	0.01877	0.31700	0.02465	0.01732	0.02472	0.01477	0.01860	0.01083	0.00696	0.00821	0.00252	0.01211	0.00737	0.00360	0.01103
5	0.00945	0.00675	0.00900	0.01080	0.01125	0.00630	0.00720	0.01080	0.01484	0.01979	0.04274	0.72245	0.05128	0.02429	0.00990	0.00315	0.00450	0.02204	0.00720	0.00630
6	0.67666	0.01483	0.01303	0.10633	0.02028	0.01737	0.01020	0.02238	0.01351	0.03273	0.01121	0.01371	0.00866	0.00727	0.00520	0.00242	0.00659	0.00457	0.00461	0.00843
7	0.01226	0.00875	0.01222	0.01401	0.01569	0.00872	0.01208	0.01565	0.01761	0.02294	0.04118	0.13696	0.04514	0.02164	0.01065	0.00354	0.00693	0.57980	0.00714	0.00707
8	0.01876	0.01799	0.03070	0.10992	0.62016	0.01831	0.02358	0.02342	0.01745	0.02481	0.01451	0.01933	0.01210	0.00699	0.00768	0.00233	0.00932	0.00691	0.00380	0.01194
9	0.01532	0.01298	0.01527	0.01141	0.01756	0.00987	0.00896	0.01853	0.01594	0.02464	0.01709	0.09687	0.01604	0.00786	0.00622	0.00138	0.00560	0.00659	0.00489	0.68700
10	0.01074	0.00855	0.01188	0.01533	0.10300	0.00801	0.00925	0.01264	0.01574	0.02076	0.04532	0.50887	0.15857	0.02106	0.00946	0.00294	0.00504	0.01894	0.00674	0.00717
11	0.02385	0.01843	0.02067	0.05238	0.02356	0.01873	0.01310	0.39068	0.02798	0.03880	0.01661	0.01781	0.01242	0.00794	0.00703	0.00192	0.00762	0.00611	0.00638	0.28799
12	0.01464	0.01378	0.02326	0.70887	0.05340	0.01723	0.02153	0.01981	0.01550	0.01981	0.01378	0.02067	0.01034	0.00775	0.00775	0.00258	0.01034	0.00689	0.00345	0.00861
13	0.02025	0.66810	0.10051	0.01408	0.02117	0.02951	0.01469	0.02334	0.01581	0.01883	0.01107	0.01280	0.00994	0.00670	0.00520	0.00173	0.00859	0.00429	0.00331	0.01009
14	0.01907	0.01877	0.03344	0.04554	0.59127	0.01859	0.11009	0.02394	0.01774	0.02526	0.01474	0.01943	0.01221	0.00686	0.00788	0.00235	0.00974	0.00722	0.00385	0.01203
15	0.01128	0.00752	0.00846	0.00846	0.00846	0.00752	0.00470	0.01128	0.01128	0.01503	0.02443	0.05074	0.02819	0.72751	0.03946	0.00752	0.00752	0.01128	0.00470	0.00470
16	0.02152	0.01701	0.01900	0.01407	0.02068	0.01591	0.01144	0.27718	0.02436	0.03486	0.01575	0.01711	0.01218	0.00719	0.00656	0.00163	0.00688	0.00556	0.00588	0.46523
17	0.02665	0.01927	0.02065	0.01602	0.02166	0.02095	0.01314	0.52988	0.03252	0.04478	0.01926	0.01989	0.01401	0.00907	0.00732	0.00219	0.00770	0.00688	0.11253	0.05564
18	0.01291	0.00954	0.01152	0.01134	0.01328	0.00905	0.00795	0.08449	0.01692	0.02313	0.03320	0.44329	0.03793	0.12502	0.01349	0.00343	0.00558	0.01628	0.00652	0.11513

[dist]
# distance from previous block
# <min> <max>
5	11

[block]
# block no. 6 follows, 25 sequences, length 47
# corresponding to MSA columns:
# 257-303
name=unknown_G
#
# <colnr> <probs for GDERKNQSTAVLIFYWHMCP>
#	G	D	E	R	K	N	Q	S	T	A	V	L	I	F	Y	W	H	M	C	P
0	0.14336	0.01212	0.01598	0.05210	0.12406	0.01247	0.01272	0.02124	0.04782	0.10402	0.03011	0.17454	0.04653	0.01464	0.00841	0.00283	0.00672	0.15490	0.00638	0.00904
1	0.01746	0.01664	0.02812	0.23851	0.46973	0.01759	0.02241	0.02212	0.01703	0.02355	0.01695	0.02188	0.03873	0.00767	0.00776	0.00240	0.00932	0.00729	0.00386	0.01098
2	0.01783	0.01703	0.02901	0.24596	0.49143	0.01806	0.02312	0.02260	0.01701	0.02367	0.01434	0.01963	0.01170	0.00716	0.00770	0.00239	0.00955	0.00690	0.00372	0.01118
3	0.02409	0.01894	0.02071	0.05428	0.02387	0.02110	0.01386	0.35417	0.26751	0.03979	0.02287	0.02241	0.01682	0.00946	0.00769	0.00238	0.00758	0.00750	0.00738	0.05759
4	0.01696	0.01696	0.02375	0.02036	0.02036	0.02375	0.01696	0.01866	0.01187	0.01866	0.01018	0.01696	0.01018	0.01357	0.02545	0.00339	0.71332	0.00679	0.00339	0.00848
5	0.01949	0.01477	0.01624	0.01436	0.01852	0.01626	0.01122	0.05797	0.45019	0.09802	0.12350	0.03496	0.06711	0.01165	0.00812	0.00257	0.00580	0.00977	0.00811	0.01138
6	0.00951	0.00680	0.00906	0.01075	0.01126	0.00634	0.00720	0.01097	0.01516	0.02029	0.07056	0.69320	0.05224	0.02392	0.00986	0.00312	0.00446	0.02169	0.00726	0.00634
7	0.01919	0.52704	0.23231	0.01588	0.02395	0.02692	0.01783	0.02361	0.01594	0.02011	0.01171	0.01360	0.00991	0.00685	0.00568	0.00189	0.00923	0.00462	0.00330	0.01040
8	0.03479	0.01320	0.01799	0.01380	0.01979	0.01140	0.01140	0.03779	0.02219	0.68451	0.03059	0.02639	0.01919	0.00960	0.00780	0.00240	0.00660	0.00780	0.00960	0.01320
9	0.01089	0.00792	0.01024	0.00966	0.01153	0.00728	0.00725	0.01446	0.02174	0.03061	0.64651	0.05872	0.10200	0.01603	0.00915	0.00245	0.00367	0.01413	0.00847	0.00728
10	0.00945	0.00675	0.00900	0.01080	0.01125	0.00630	0.00720	0.01080	0.01484	0.01979	0.04274	0.72245	0.05128	0.02429	0.00990	0.00315	0.00450	0.02204	0.00720	0.00630
11	0.00981	0.00701	0.00941	0.01121	0.01182	0.00661	0.00783	0.01143	0.01520	0.02020	0.04253	0.64658	0.05049	0.02395	0.00999	0.00320	0.00481	0.09431	0.00719	0.00640
12	0.00945	0.00675	0.00900	0.01080	0.01125	0.00630	0.00720	0.01080	0.01484	0.01979	0.04274	0.72245	0.05128	0.02429	0.00990	0.00315	0.00450	0.02204	0.00720	0.00630
13	0.00945	0.00675	0.00900	0.01080	0.01125	0.00630	0.00720	0.01080	0.01484	0.01979	0.04274	0.72245	0.05128	0.02429	0.00990	0.00315	0.00450	0.02204	0.00720	0.00630
14	0.05249	0.01769	0.02879	0.21170	0.44916	0.03630	0.04636	0.02298	0.01705	0.02417	0.01418	0.01920	0.01153	0.00715	0.00760	0.00238	0.00963	0.00682	0.00379	0.01102
15	0.02014	0.65366	0.11400	0.01427	0.02145	0.02924	0.01501	0.02337	0.01582	0.01896	0.01114	0.01288	0.00994	0.00672	0.00525	0.00175	0.00865	0.00433	0.00331	0.01012
16	0.00958	0.00685	0.00915	0.01095	0.01146	0.00642	0.00744	0.01103	0.01498	0.01995	0.04266	0.69397	0.05098	0.02416	0.00993	0.00317	0.00462	0.04917	0.00719	0.00634
17	0.02094	0.57931	0.11601	0.01500	0.02194	0.09637	0.01528	0.02416	0.01646	0.01907	0.01128	0.01306	0.00994	0.00686	0.00546	0.00179	0.00924	0.00442	0.00338	0.01003
18	0.01608	0.02770	0.37875	0.04930	0.02751	0.01612	0.02092	0.08520	0.01920	0.02770	0.13113	0.02694	0.02279	0.00978	0.00849	0.00245	0.03710	0.03236	0.00489	0.05558
19	0.01606	0.10843	0.62349	0.02123	0.03221	0.01926	0.02713	0.02442	0.01631	0.02393	0.01360	0.01598	0.00983	0.00729	0.00713	0.00238	0.01115	0.00557	0.00328	0.01131
20	0.01555	0.04011	0.68733	0.02210	0.03356	0.01801	0.02865	0.02455	0.01637	0.02455	0.01391	0.01637	0.00982	0.00737	0.00737	0.00246	0.01146	0.00573	0.00327	0.01146
21	0.00945	0.00675	0.00900	0.01080	0.01125	0.00630	0.00720	0.01080	0.01484	0.01979	0.04274	0.72245	0.05128	0.02429	0.00990	0.00315	0.00450	0.02204	0.00720	0.00630
22	0.01676	0.01690	0.02970	0.28136	0.14186	0.01957	0.16113	0.02128	0.01557	0.02152	0.01344	0.01957	0.01092	0.00880	0.01246	0.00275	0.18587	0.00737	0.00360	0.00958
23	0.01045	0.00828	0.00938	0.00919	0.01146	0.00749	0.00694	0.01382	0.04501	0.02484	0.28069	0.06669	0.38251	0.04519	0.01035	0.00279	0.00422	0.04612	0.00759	0.00700
24	0.01097	0.00793	0.01036	0.00975	0.01158	0.00732	0.00732	0.01463	0.02195	0.03109	0.67505	0.05792	0.07316	0.01585	0.00914	0.00244	0.00366	0.01402	0.00854	0.00732
25	0.01686	0.01758	0.02886	0.06379	0.02762	0.04140	0.20813	0.02020	0.01465	0.02072	0.01536	0.08858	0.01476	0.01199	0.01734	0.00304	0.36731	0.00897	0.00395	0.00889
26	0.05736	0.01558	0.01854	0.05594	0.09405	0.01712	0.01345	0.10661	0.30099	0.07417	0.05335	0.03098	0.04282	0.01063	0.00783	0.00254	0.00680	0.04222	0.03783	0.01119
27	0.03163	0.01447	0.04428	0.01421	0.02012	0.01237	0.01205	0.03690	0.09037	0.56849	0.05018	0.02725	0.02099	0.00980	0.00783	0.00243	0.00665	0.00801	0.00913	0.01284
28	0.02233	0.01598	0.01762	0.01539	0.02009	0.01774	0.01210	0.04053	0.53899	0.16037	0.03137	0.02843	0.02279	0.01034	0.00787	0.00258	0.00623	0.00858	0.00822	0.01245
29	0.01714	0.06881	0.26581	0.02624	0.03481	0.01911	0.34411	0.02465	0.04214	0.02442	0.01658	0.05002	0.01318	0.00776	0.00827	0.00253	0.01159	0.00822	0.00396	0.01066
30	0.02780	0.03308	0.02190	0.01950	0.02355	0.54998	0.01488	0.09508	0.06505	0.02292	0.01386	0.01558	0.01122	0.00856	0.00803	0.00214	0.04712	0.00553	0.00461	0.00961
31	0.01560	0.01476	0.02498	0.57001	0.18480	0.01748	0.02201	0.02065	0.01596	0.02097	0.01395	0.02036	0.01074	0.00757	0.00774	0.00252	0.01010	0.00689	0.00353	0.00938
32	0.01002	0.00766	0.01137	0.01221	0.01314	0.00716	0.04883	0.01170	0.01507	0.02012	0.04099	0.67707	0.04873	0.02314	0.00985	0.00311	0.00505	0.02121	0.00699	0.00657
33	0.01568	0.01593	0.03014	0.31068	0.06717	0.01723	0.24969	0.02066	0.01632	0.02180	0.01776	0.10432	0.01582	0.00959	0.00956	0.00270	0.05219	0.00952	0.00408	0.00915
34	0.02206	0.01570	0.01813	0.06020	0.02212	0.01728	0.01289	0.13324	0.34117	0.13456	0.06240	0.03230	0.02461	0.01111	0.00812	0.00260	0.00681	0.05522	0.00782	0.01168
35	0.01243	0.00975	0.01363	0.12271	0.01935	0.01124	0.01069	0.01612	0.05552	0.01962	0.02424	0.14582	0.02446	0.14613	0.24931	0.00686	0.05038	0.01073	0.04383	0.00717
36	0.01917	0.01656	0.02074	0.13102	0.02692	0.01918	0.04766	0.11090	0.36148	0.03055	0.02541	0.02886	0.02002	0.01061	0.00923	0.00269	0.05329	0.04800	0.00660	0.01112
37	0.01281	0.01110	0.01741	0.23843	0.06330	0.01207	0.04831	0.01725	0.05768	0.02155	0.04955	0.35471	0.03275	0.01591	0.00889	0.00284	0.00718	0.01454	0.00572	0.00801
38	0.05182	0.25743	0.03055	0.05877	0.02444	0.05453	0.11705	0.02142	0.01539	0.02070	0.01403	0.05255	0.01294	0.01175	0.04773	0.00288	0.14422	0.00683	0.00385	0.05113
39	0.06440	0.09903	0.06100	0.05631	0.12825	0.02109	0.01604	0.31218	0.02542	0.03520	0.01752	0.06308	0.01448	0.00914	0.00730	0.00227	0.00834	0.00730	0.00584	0.04581
40	0.13438	0.02956	0.36525	0.01774	0.02531	0.09701	0.01966	0.02423	0.05015	0.02568	0.01752	0.08362	0.01485	0.00928	0.00708	0.00243	0.00952	0.00719	0.04952	0.01000
41	0.01862	0.09738	0.08281	0.04282	0.12998	0.01952	0.12068	0.06121	0.22236	0.02744	0.02370	0.02710	0.04388	0.00935	0.00788	0.00248	0.00865	0.03751	0.00551	0.01112
42	0.05663	0.01560	0.08590	0.01562	0.01989	0.01353	0.07055	0.08444	0.04420	0.10078	0.04519	0.19220	0.05281	0.05255	0.01104	0.00294	0.04592	0.04093	0.00630	0.04297
43	0.02130	0.06333	0.06077	0.02482	0.16325	0.05173	0.11336	0.06178	0.10396	0.12743	0.02282	0.08607	0.01919	0.01006	0.00805	0.00249	0.00876	0.03389	0.00586	0.01109
44	0.04921	0.08439	0.06718	0.10288	0.07588	0.04919	0.01493	0.07769	0.05142	0.06109	0.05879	0.09289	0.04816	0.01350	0.03539	0.00293	0.05406	0.04535	0.00550	0.00955
45	0.02416	0.04512	0.01942	0.01695	0.06538	0.04321	0.01252	0.15850	0.15325	0.20149	0.05833	0.10093	0.02397	0.02993	0.00877	0.00259	0.00710	0.00943	0.00756	0.01139
46	0.04886	0.05843	0.04574	0.01783	0.02270	0.01651	0.14120	0.08616	0.04670	0.05030	0.02348	0.13274	0.05481	0.01138	0.00990	0.00246	0.08939	0.00971	0.00542	0.12630

[dist]
# distance from previous block
# <min> <max>
1	42

# created by:
# /st0/software/busco_prod/Augustus/scripts/msa2prfl.pl ./align_prep/120202.fa
