[name]
unknown

[dist]
# distance from previous block
# <min> <max>
0	4

[block]
# block no. 0 follows, 24 sequences, length 25
# corresponding to MSA columns:
# 4-28
name=unknown_A
#
# <colnr> <probs for GDERKNQSTAVLIFYWHMCP>
#	G	D	E	R	K	N	Q	S	T	A	V	L	I	F	Y	W	H	M	C	P
0	0.01341	0.01129	0.03825	0.01555	0.01848	0.01013	0.05280	0.01745	0.01840	0.02461	0.08180	0.07534	0.04196	0.01891	0.01026	0.00329	0.00749	0.47262	0.00687	0.06109
1	0.03062	0.01601	0.01850	0.01494	0.02021	0.06095	0.01200	0.15254	0.02451	0.42078	0.02924	0.11724	0.02219	0.01166	0.00820	0.00251	0.00737	0.00957	0.00872	0.01224
2	0.01738	0.01611	0.02143	0.07162	0.10867	0.05394	0.03295	0.08227	0.01759	0.02402	0.04943	0.09244	0.05560	0.04355	0.06341	0.00376	0.22215	0.00960	0.00496	0.00914
3	0.01521	0.01431	0.02384	0.57570	0.12967	0.01708	0.02130	0.02021	0.01627	0.02105	0.01841	0.02446	0.05264	0.00859	0.00801	0.00261	0.01001	0.00767	0.00382	0.00915
4	0.01960	0.02085	0.07431	0.04303	0.55348	0.04834	0.02321	0.02441	0.01805	0.02556	0.01469	0.01897	0.01223	0.00706	0.00766	0.00227	0.00954	0.00673	0.00395	0.06607
5	0.05865	0.06119	0.50542	0.02248	0.03287	0.01947	0.09316	0.06900	0.01821	0.02724	0.01448	0.01705	0.01043	0.00755	0.00753	0.00249	0.01127	0.00619	0.00383	0.01151
6	0.01122	0.00811	0.01060	0.00998	0.01185	0.00748	0.00748	0.01496	0.02245	0.03180	0.66766	0.05923	0.07482	0.01621	0.00935	0.00249	0.00374	0.01434	0.00873	0.00748
7	0.01153	0.00769	0.00865	0.00865	0.00865	0.00769	0.00480	0.01153	0.01153	0.01538	0.02499	0.05189	0.02883	0.72131	0.04036	0.00769	0.00769	0.01153	0.00480	0.00480
8	0.01785	0.01974	0.04142	0.03113	0.06003	0.01909	0.52226	0.02366	0.01794	0.02454	0.01808	0.08270	0.01553	0.00879	0.01050	0.00276	0.05919	0.01028	0.00427	0.01025
9	0.06981	0.02115	0.06839	0.01935	0.06741	0.02097	0.01561	0.38521	0.07488	0.14571	0.02089	0.02061	0.01466	0.00923	0.00775	0.00243	0.00835	0.00715	0.00749	0.01296
10	0.01963	0.01884	0.03219	0.04867	0.67185	0.01884	0.02434	0.02434	0.01806	0.02591	0.01492	0.01963	0.01256	0.00707	0.00785	0.00236	0.00942	0.00707	0.00393	0.01256
11	0.01122	0.00811	0.01060	0.00998	0.01185	0.00748	0.00748	0.01496	0.02245	0.03180	0.66766	0.05923	0.07482	0.01621	0.00935	0.00249	0.00374	0.01434	0.00873	0.00748
12	0.00975	0.00694	0.00918	0.01093	0.01137	0.00650	0.00724	0.01106	0.01501	0.02002	0.04283	0.68505	0.05134	0.05744	0.01154	0.00343	0.00475	0.02203	0.00724	0.00636
13	0.06979	0.02052	0.04244	0.05591	0.09210	0.01972	0.52813	0.02500	0.01821	0.02595	0.01555	0.02066	0.01179	0.00680	0.00889	0.00263	0.01246	0.00875	0.00405	0.01064
14	0.01758	0.01675	0.02849	0.33658	0.39995	0.01830	0.02332	0.02254	0.01709	0.02342	0.01455	0.02029	0.01168	0.00745	0.00788	0.00248	0.00993	0.00706	0.00375	0.01091
15	0.00966	0.00690	0.00920	0.01104	0.01150	0.00644	0.00736	0.01104	0.01518	0.02024	0.04371	0.71614	0.05245	0.02484	0.01012	0.00322	0.00460	0.02254	0.00736	0.00644
16	0.01134	0.00846	0.01254	0.01254	0.01389	0.00980	0.00966	0.01403	0.01268	0.01826	0.02143	0.03218	0.02027	0.09216	0.65781	0.01249	0.02057	0.00865	0.00428	0.00697
17	0.01818	0.01502	0.01905	0.01372	0.02076	0.01204	0.05419	0.05504	0.01800	0.05550	0.01525	0.01739	0.01220	0.00630	0.00632	0.00140	0.00659	0.00530	0.00505	0.64271
18	0.02967	0.01287	0.01662	0.01322	0.01841	0.01165	0.01074	0.08149	0.02292	0.47873	0.07628	0.05078	0.06506	0.01125	0.00804	0.00244	0.00626	0.00925	0.06229	0.01204
19	0.06094	0.01509	0.01765	0.01353	0.01959	0.01390	0.01103	0.15918	0.02308	0.25751	0.02741	0.02631	0.07845	0.00947	0.00734	0.00208	0.00662	0.00751	0.00744	0.23588
20	0.02070	0.01656	0.02309	0.03917	0.02478	0.01547	0.12059	0.11454	0.09525	0.09076	0.01987	0.04381	0.01557	0.00818	0.00743	0.00202	0.00781	0.00733	0.00597	0.32108
21	0.05086	0.01842	0.06938	0.11438	0.31617	0.01755	0.05406	0.02540	0.11369	0.02630	0.02238	0.02525	0.06514	0.00872	0.00787	0.00245	0.00875	0.00794	0.00481	0.04048
22	0.01682	0.01361	0.01913	0.01862	0.09027	0.01336	0.06727	0.07857	0.09867	0.05150	0.09095	0.20570	0.03109	0.01575	0.04217	0.00301	0.00748	0.01201	0.00652	0.11746
23	0.06560	0.02818	0.33427	0.06753	0.11182	0.01780	0.07758	0.06822	0.01876	0.05253	0.04068	0.02224	0.04289	0.00851	0.00779	0.00251	0.01013	0.00725	0.00453	0.01118
24	0.01891	0.07220	0.13200	0.03115	0.31591	0.06505	0.02013	0.05448	0.04125	0.02657	0.08692	0.06131	0.02116	0.00941	0.00785	0.00239	0.00905	0.00824	0.00485	0.01118

[dist]
# distance from previous block
# <min> <max>
22	33

[block]
# block no. 1 follows, 24 sequences, length 24
# corresponding to MSA columns:
# 65-88
name=unknown_B
#
# <colnr> <probs for GDERKNQSTAVLIFYWHMCP>
#	G	D	E	R	K	N	Q	S	T	A	V	L	I	F	Y	W	H	M	C	P
0	0.09121	0.01636	0.08210	0.06446	0.02169	0.01475	0.01296	0.02784	0.21676	0.08418	0.11300	0.03382	0.07909	0.01111	0.00783	0.00248	0.00663	0.02393	0.00679	0.08300
1	0.19213	0.01899	0.07068	0.05414	0.07931	0.01733	0.26759	0.02414	0.01707	0.06174	0.01662	0.05319	0.01347	0.00797	0.00772	0.00248	0.00978	0.00790	0.00467	0.07308
2	0.02449	0.04644	0.02156	0.04490	0.06348	0.10441	0.01395	0.30628	0.02773	0.06735	0.07766	0.02753	0.08221	0.01046	0.00788	0.00230	0.00843	0.00823	0.00679	0.04792
3	0.06584	0.01727	0.01988	0.01725	0.06199	0.04858	0.01303	0.14716	0.11611	0.30397	0.02464	0.02316	0.01699	0.00916	0.00759	0.00233	0.00747	0.00729	0.00785	0.08244
4	0.06410	0.10902	0.02051	0.01377	0.01944	0.01588	0.01151	0.06304	0.10587	0.35044	0.05386	0.02521	0.02010	0.00942	0.00730	0.00228	0.00669	0.00744	0.03426	0.05987
5	0.04381	0.01956	0.05385	0.01738	0.03971	0.14728	0.06145	0.10279	0.05240	0.05999	0.11946	0.16631	0.05590	0.01331	0.00848	0.00256	0.00834	0.01138	0.00649	0.00955
6	0.01802	0.01518	0.02028	0.04372	0.05367	0.01378	0.06096	0.08104	0.03909	0.04408	0.04336	0.06392	0.01753	0.00858	0.00780	0.00187	0.03300	0.00731	0.00539	0.42143
7	0.32301	0.01569	0.01859	0.04233	0.02092	0.01750	0.08114	0.11292	0.01842	0.06441	0.01697	0.04444	0.01363	0.00921	0.00824	0.00251	0.06848	0.00687	0.10517	0.00955
8	0.01602	0.01511	0.02531	0.53800	0.18496	0.01763	0.02206	0.02112	0.01635	0.02167	0.01427	0.02065	0.01104	0.00767	0.00784	0.00253	0.01016	0.00697	0.00365	0.03702
9	0.01693	0.01622	0.02795	0.42212	0.29405	0.01819	0.04712	0.02205	0.01682	0.02266	0.01449	0.02056	0.01140	0.00754	0.00795	0.00253	0.01023	0.00714	0.00370	0.01034
10	0.01111	0.00806	0.01073	0.01196	0.01338	0.00767	0.00934	0.01384	0.01792	0.02380	0.16150	0.30646	0.10215	0.02176	0.01024	0.00321	0.00542	0.24688	0.00759	0.00698
11	0.01133	0.00850	0.01274	0.01274	0.01416	0.00991	0.00991	0.01416	0.01274	0.01841	0.02124	0.03115	0.01982	0.05947	0.68989	0.01274	0.02124	0.00850	0.00425	0.00708
12	0.01972	0.01703	0.01793	0.01614	0.02062	0.01972	0.01255	0.04214	0.65752	0.03317	0.03228	0.02959	0.02421	0.01076	0.00807	0.00269	0.00628	0.00897	0.00807	0.01255
13	0.01230	0.00834	0.01095	0.01016	0.01222	0.00767	0.00767	0.01601	0.02246	0.06040	0.63947	0.05781	0.07238	0.01593	0.00929	0.00249	0.00387	0.01406	0.00878	0.00775
14	0.01020	0.00709	0.00932	0.01094	0.01161	0.00668	0.00752	0.01194	0.01574	0.02150	0.06932	0.61408	0.05105	0.02335	0.00984	0.00312	0.00464	0.05030	0.05518	0.00659
15	0.01861	0.01408	0.01663	0.01225	0.01885	0.01115	0.00979	0.05182	0.01800	0.08916	0.01744	0.05212	0.01459	0.00736	0.00638	0.00146	0.00603	0.00601	0.00548	0.62277
16	0.01817	0.01449	0.01693	0.01221	0.01918	0.01137	0.00981	0.05398	0.01787	0.06133	0.01526	0.01713	0.01225	0.00627	0.00609	0.00131	0.00607	0.00500	0.00514	0.69013
17	0.01644	0.01409	0.01644	0.01175	0.01879	0.01057	0.00940	0.01997	0.01644	0.02584	0.01409	0.01644	0.01175	0.00587	0.00587	0.00117	0.00587	0.00470	0.00470	0.76979
18	0.02309	0.10120	0.21435	0.01748	0.05237	0.01588	0.01704	0.02807	0.01857	0.23359	0.01934	0.01963	0.01364	0.00777	0.00703	0.00208	0.00830	0.00614	0.00576	0.18865
19	0.16517	0.41101	0.16969	0.01490	0.02234	0.02509	0.01585	0.02467	0.01607	0.05522	0.01269	0.01429	0.01030	0.00720	0.00571	0.00205	0.00863	0.00477	0.00398	0.01036
20	0.01224	0.00913	0.01250	0.01226	0.01353	0.01052	0.00922	0.01557	0.04654	0.01919	0.02226	0.03424	0.02134	0.17539	0.47088	0.01034	0.04723	0.00896	0.04163	0.00703
21	0.01992	0.06809	0.02575	0.12153	0.26105	0.10684	0.01815	0.08015	0.01965	0.02548	0.06685	0.04875	0.01878	0.03729	0.01002	0.00262	0.04602	0.00793	0.00474	0.01039
22	0.05510	0.01413	0.01522	0.04352	0.01882	0.03862	0.01072	0.07919	0.16822	0.08682	0.08311	0.06735	0.16864	0.01316	0.00822	0.00250	0.00627	0.03316	0.00723	0.07999
23	0.21489	0.12113	0.08310	0.01648	0.02100	0.07002	0.01479	0.05549	0.06677	0.05507	0.01420	0.01674	0.01150	0.00957	0.01150	0.00261	0.19464	0.00586	0.00472	0.00993

[dist]
# distance from previous block
# <min> <max>
30	57

[block]
# block no. 2 follows, 24 sequences, length 10
# corresponding to MSA columns:
# 148-157
name=unknown_C
#
# <colnr> <probs for GDERKNQSTAVLIFYWHMCP>
#	G	D	E	R	K	N	Q	S	T	A	V	L	I	F	Y	W	H	M	C	P
0	0.01578	0.01481	0.02565	0.48344	0.15735	0.01707	0.06416	0.02051	0.01616	0.02130	0.01551	0.04815	0.01280	0.00926	0.00916	0.03791	0.01016	0.00781	0.00377	0.00925
1	0.01595	0.01516	0.02553	0.49915	0.12275	0.01712	0.06385	0.02107	0.01638	0.02193	0.01433	0.02044	0.01104	0.00750	0.00778	0.00244	0.01009	0.00694	0.00374	0.09680
2	0.01599	0.01513	0.02561	0.56021	0.18876	0.01788	0.02253	0.02115	0.01633	0.02149	0.01427	0.02081	0.01100	0.00774	0.00791	0.00258	0.01032	0.00705	0.00361	0.00962
3	0.01551	0.01464	0.02475	0.62691	0.12577	0.01776	0.02229	0.02073	0.01611	0.02091	0.01419	0.02097	0.01080	0.00783	0.00792	0.00261	0.01044	0.00705	0.00357	0.00924
4	0.01587	0.01489	0.02453	0.57501	0.13328	0.01791	0.02175	0.02213	0.05519	0.02178	0.01531	0.02146	0.01166	0.00799	0.00793	0.00261	0.01016	0.00717	0.00385	0.00953
5	0.01599	0.01513	0.02561	0.55993	0.18903	0.01788	0.02253	0.02115	0.01634	0.02149	0.01427	0.02081	0.01100	0.00774	0.00791	0.00258	0.01032	0.00705	0.00361	0.00963
6	0.01866	0.01774	0.03011	0.12176	0.56688	0.01811	0.02320	0.02338	0.01803	0.02556	0.04851	0.02184	0.01555	0.00764	0.00794	0.00240	0.00926	0.00744	0.00413	0.01187
7	0.10045	0.01604	0.02566	0.37693	0.28580	0.01810	0.02143	0.02215	0.01644	0.02410	0.01407	0.01966	0.01111	0.00754	0.00757	0.00251	0.00964	0.00675	0.00383	0.01022
8	0.01872	0.01793	0.02999	0.16395	0.44131	0.01880	0.06414	0.02570	0.09116	0.02567	0.01683	0.02117	0.01350	0.00762	0.00799	0.00247	0.00954	0.00743	0.00433	0.01175
9	0.21507	0.01393	0.01752	0.01688	0.09349	0.01337	0.03395	0.02514	0.01790	0.19730	0.06850	0.08970	0.02163	0.01003	0.00719	0.00232	0.00657	0.00832	0.00652	0.13467

[dist]
# distance from previous block
# <min> <max>
22	35

[block]
# block no. 3 follows, 24 sequences, length 44
# corresponding to MSA columns:
# 200-243
name=unknown_D
#
# <colnr> <probs for GDERKNQSTAVLIFYWHMCP>
#	G	D	E	R	K	N	Q	S	T	A	V	L	I	F	Y	W	H	M	C	P
0	0.01801	0.03047	0.38676	0.02182	0.04733	0.01865	0.06781	0.11416	0.05681	0.02905	0.05126	0.05363	0.01696	0.00950	0.00883	0.00259	0.04239	0.00779	0.00482	0.01136
1	0.28785	0.04931	0.06398	0.10817	0.05304	0.01828	0.04697	0.08749	0.04794	0.10692	0.01637	0.01816	0.01202	0.00796	0.00670	0.00240	0.00804	0.00609	0.00547	0.04684
2	0.36863	0.06273	0.06295	0.01664	0.05473	0.01917	0.05539	0.07115	0.11058	0.08347	0.01702	0.01802	0.01270	0.00811	0.00646	0.00245	0.00756	0.00605	0.00565	0.01055
3	0.03945	0.03449	0.52036	0.05221	0.03208	0.01761	0.02533	0.02641	0.05906	0.06684	0.04101	0.01992	0.01399	0.00823	0.00761	0.00252	0.01054	0.00652	0.00432	0.01150
4	0.04292	0.01534	0.02258	0.25840	0.10458	0.03408	0.06731	0.07620	0.01804	0.02526	0.02021	0.02491	0.05702	0.01019	0.01020	0.03651	0.06485	0.00778	0.09435	0.00924
5	0.01187	0.00962	0.01065	0.01142	0.01308	0.03924	0.00837	0.04229	0.01786	0.02266	0.07107	0.39824	0.20284	0.02155	0.00976	0.00302	0.00537	0.08672	0.00728	0.00709
6	0.02954	0.02191	0.02346	0.01812	0.02436	0.02431	0.01493	0.61065	0.07302	0.04901	0.01980	0.01965	0.01410	0.00959	0.00794	0.00240	0.00858	0.00724	0.00794	0.01343
7	0.01855	0.01743	0.02909	0.26075	0.44304	0.01868	0.02319	0.04922	0.01815	0.02508	0.01482	0.02010	0.01195	0.00745	0.00788	0.00245	0.00977	0.00706	0.00396	0.01138
8	0.02968	0.03592	0.02263	0.02017	0.02452	0.60967	0.01529	0.10533	0.02425	0.02308	0.01307	0.01487	0.01061	0.00833	0.00724	0.00208	0.01363	0.00535	0.00455	0.00971
9	0.01810	0.01729	0.02943	0.26289	0.46955	0.01844	0.02358	0.02300	0.01734	0.02406	0.01465	0.02012	0.01191	0.00735	0.00788	0.00245	0.00980	0.00706	0.00379	0.01133
10	0.01843	0.01762	0.03003	0.21622	0.51362	0.01853	0.02374	0.02329	0.01749	0.02446	0.01471	0.02001	0.01205	0.00729	0.00787	0.00243	0.00972	0.00706	0.00382	0.01160
11	0.01498	0.01409	0.02378	0.70226	0.05462	0.01762	0.02202	0.02026	0.01586	0.02026	0.01409	0.02114	0.01057	0.00793	0.00793	0.00264	0.01057	0.00705	0.00352	0.00881
12	0.01963	0.01884	0.03219	0.04867	0.67185	0.01884	0.02434	0.02434	0.01806	0.02591	0.01492	0.01963	0.01256	0.00707	0.00785	0.00236	0.00942	0.00707	0.00393	0.01256
13	0.01027	0.00733	0.00990	0.01173	0.01246	0.00696	0.00841	0.01209	0.01578	0.02092	0.04337	0.59456	0.05113	0.02427	0.01028	0.00330	0.00512	0.13816	0.00735	0.00661
14	0.01963	0.01884	0.03219	0.04867	0.67185	0.01884	0.02434	0.02434	0.01806	0.02591	0.01492	0.01963	0.01256	0.00707	0.00785	0.00236	0.00942	0.00707	0.00393	0.01256
15	0.01963	0.01884	0.03219	0.04867	0.67185	0.01884	0.02434	0.02434	0.01806	0.02591	0.01492	0.01963	0.01256	0.00707	0.00785	0.00236	0.00942	0.00707	0.00393	0.01256
16	0.01933	0.01854	0.03166	0.08963	0.63317	0.01876	0.02419	0.02408	0.01792	0.02555	0.01486	0.01972	0.01244	0.00712	0.00786	0.00237	0.00949	0.00706	0.00390	0.01233
17	0.01467	0.01368	0.02294	0.66243	0.05213	0.01697	0.02118	0.01973	0.01582	0.02026	0.01580	0.06118	0.01298	0.00890	0.00805	0.00268	0.01023	0.00794	0.00374	0.00867
18	0.01699	0.01712	0.02688	0.17174	0.03070	0.02232	0.09348	0.02010	0.01375	0.02010	0.01189	0.01867	0.01064	0.01171	0.02006	0.00319	0.47092	0.00725	0.00355	0.00895
19	0.01916	0.01837	0.03135	0.11406	0.61010	0.01872	0.02411	0.02393	0.01784	0.02534	0.01483	0.01978	0.01236	0.00715	0.00786	0.00238	0.00954	0.00706	0.00389	0.01219
20	0.01611	0.03969	0.63948	0.02380	0.05573	0.01848	0.04775	0.02510	0.01685	0.02515	0.01431	0.01698	0.01019	0.00749	0.00760	0.00251	0.01169	0.00601	0.00339	0.01172
21	0.01939	0.02023	0.07279	0.04704	0.63190	0.01881	0.02465	0.02439	0.01797	0.02586	0.01487	0.01945	0.01240	0.00709	0.00783	0.00236	0.00956	0.00699	0.00389	0.01251
22	0.00998	0.00710	0.00937	0.01096	0.01152	0.00668	0.00740	0.01148	0.01544	0.02066	0.07481	0.61502	0.05181	0.06978	0.01209	0.00349	0.00486	0.04386	0.00726	0.00642
23	0.01167	0.00944	0.01423	0.19097	0.05356	0.01005	0.01224	0.01434	0.01567	0.02071	0.03465	0.46874	0.03942	0.01949	0.00950	0.00306	0.00652	0.05217	0.00621	0.00738
24	0.03009	0.02116	0.02301	0.01776	0.02399	0.02318	0.01463	0.55954	0.06817	0.10551	0.02083	0.02030	0.01459	0.00961	0.00794	0.00240	0.00842	0.00731	0.00811	0.01344
25	0.01454	0.01052	0.01308	0.01453	0.01600	0.00967	0.01087	0.01578	0.01860	0.02476	0.04722	0.39906	0.09256	0.02470	0.01166	0.00392	0.00683	0.24871	0.00833	0.00865
26	0.77733	0.01534	0.01166	0.01043	0.01534	0.01779	0.00859	0.02331	0.01350	0.03558	0.01104	0.01288	0.00859	0.00736	0.00491	0.00245	0.00613	0.00429	0.00491	0.00859
27	0.01092	0.00784	0.01130	0.01210	0.01316	0.00729	0.03702	0.01275	0.01605	0.03973	0.08440	0.61994	0.05117	0.02299	0.00997	0.00312	0.00501	0.02097	0.00737	0.00691
28	0.01583	0.00986	0.01294	0.01291	0.01554	0.00951	0.01062	0.02044	0.06156	0.12164	0.19791	0.09583	0.08703	0.01801	0.00979	0.00305	0.00594	0.27498	0.00808	0.00852
29	0.01667	0.01429	0.01654	0.01204	0.01892	0.01119	0.00961	0.02147	0.05993	0.02634	0.01533	0.01734	0.01259	0.00620	0.00602	0.00128	0.00590	0.00499	0.00493	0.71842
30	0.01723	0.01654	0.02901	0.45444	0.12770	0.01867	0.13434	0.06254	0.01805	0.02384	0.01487	0.02086	0.01128	0.00770	0.00818	0.00260	0.01081	0.00747	0.00395	0.00993
31	0.03222	0.01546	0.01921	0.01510	0.02101	0.01502	0.01235	0.13780	0.12428	0.47471	0.02945	0.02610	0.01935	0.00991	0.00798	0.00248	0.00700	0.00799	0.00924	0.01335
32	0.02728	0.01481	0.01977	0.16560	0.02793	0.01527	0.01424	0.10222	0.10472	0.34971	0.05566	0.02664	0.02009	0.00978	0.00804	0.00252	0.00761	0.00810	0.00795	0.01207
33	0.03077	0.01373	0.01792	0.01367	0.01978	0.01184	0.01121	0.06108	0.02222	0.50292	0.05814	0.02631	0.02060	0.00941	0.00767	0.00223	0.00654	0.00766	0.00877	0.14756
34	0.01018	0.00730	0.00967	0.01069	0.01162	0.00679	0.00740	0.01234	0.01760	0.02408	0.25097	0.49793	0.05988	0.02198	0.00987	0.00298	0.00432	0.01982	0.00782	0.00679
35	0.01609	0.03974	0.63885	0.02331	0.03479	0.01852	0.06939	0.02513	0.01687	0.02513	0.01435	0.01705	0.01018	0.00748	0.00765	0.00252	0.01183	0.00609	0.00339	0.01165
36	0.01153	0.00769	0.00865	0.00865	0.00865	0.00769	0.00480	0.01153	0.01153	0.01538	0.02499	0.05189	0.02883	0.72131	0.04036	0.00769	0.00769	0.01153	0.00480	0.00480
37	0.01848	0.01580	0.01687	0.01548	0.01963	0.01801	0.01214	0.03804	0.56386	0.03164	0.03620	0.03750	0.06805	0.01227	0.00839	0.00277	0.00621	0.05895	0.00796	0.01174
38	0.01135	0.00842	0.01236	0.01236	0.01364	0.00970	0.00943	0.01391	0.01263	0.01812	0.02159	0.03310	0.02067	0.12160	0.62892	0.01227	0.01997	0.00878	0.00430	0.00687
39	0.02068	0.01862	0.03464	0.21051	0.06781	0.01901	0.31801	0.09329	0.02035	0.09150	0.01731	0.02155	0.01258	0.00766	0.00862	0.00260	0.01128	0.00826	0.00488	0.01085
40	0.01809	0.01921	0.05735	0.17006	0.22074	0.04594	0.14324	0.02304	0.01730	0.02400	0.01447	0.01928	0.01160	0.00735	0.00865	0.00232	0.04349	0.00696	0.00395	0.14296
41	0.07550	0.25370	0.15592	0.01963	0.08515	0.07996	0.01737	0.08348	0.01921	0.05589	0.04429	0.01792	0.01403	0.00825	0.00747	0.00221	0.03873	0.00593	0.00458	0.01078
42	0.24985	0.08488	0.31908	0.04576	0.02611	0.04369	0.01915	0.02370	0.01632	0.02790	0.06358	0.01862	0.01466	0.00813	0.00667	0.00241	0.00917	0.00593	0.00428	0.01009
43	0.26051	0.09956	0.35403	0.01707	0.02546	0.03806	0.01965	0.02429	0.01580	0.02785	0.01335	0.01560	0.01005	0.00750	0.00635	0.00237	0.00933	0.00524	0.03764	0.01030

[dist]
# distance from previous block
# <min> <max>
1	19

[block]
# block no. 4 follows, 24 sequences, length 21
# corresponding to MSA columns:
# 263-267,271-286
name=unknown_E
#
# <colnr> <probs for GDERKNQSTAVLIFYWHMCP>
#	G	D	E	R	K	N	Q	S	T	A	V	L	I	F	Y	W	H	M	C	P
0	0.01814	0.01858	0.03003	0.34108	0.23655	0.07056	0.12508	0.02323	0.01751	0.02275	0.01452	0.02019	0.01139	0.00748	0.00808	0.00251	0.01098	0.00728	0.00377	0.01028
1	0.02503	0.01251	0.01605	0.01339	0.01783	0.01184	0.01083	0.07733	0.07101	0.33989	0.22064	0.04078	0.03785	0.01266	0.00861	0.00257	0.00601	0.05498	0.00903	0.01118
2	0.02998	0.02032	0.17801	0.01627	0.02366	0.01372	0.01596	0.03557	0.05555	0.48523	0.02722	0.02466	0.01756	0.00932	0.00787	0.00248	0.00792	0.00752	0.00816	0.01302
3	0.01678	0.15464	0.57430	0.02110	0.03200	0.02057	0.02669	0.02489	0.01664	0.02404	0.01370	0.01607	0.01007	0.00741	0.00713	0.00238	0.01118	0.00559	0.00336	0.01146
4	0.01058	0.00770	0.00997	0.01021	0.01166	0.00708	0.00735	0.01342	0.01974	0.02727	0.42168	0.28047	0.10459	0.01935	0.00961	0.00275	0.00405	0.01724	0.00819	0.00708
5	0.01731	0.01169	0.01396	0.01312	0.01582	0.01185	0.00989	0.18236	0.02235	0.07993	0.07908	0.38547	0.06632	0.01873	0.00932	0.00288	0.00588	0.03726	0.00779	0.00897
6	0.01989	0.45198	0.19962	0.01733	0.02483	0.05574	0.04086	0.02418	0.01638	0.02058	0.01202	0.01442	0.01023	0.00750	0.00734	0.00207	0.05610	0.00505	0.00344	0.01044
7	0.01153	0.00769	0.00865	0.00865	0.00865	0.00769	0.00480	0.01153	0.01153	0.01538	0.02499	0.05189	0.02883	0.72131	0.04036	0.00769	0.00769	0.01153	0.00480	0.00480
8	0.00974	0.00694	0.00918	0.01094	0.01137	0.00650	0.00725	0.01106	0.01502	0.02003	0.04287	0.68662	0.05140	0.05579	0.01147	0.00342	0.00474	0.02205	0.00725	0.00637
9	0.01668	0.01648	0.03028	0.35653	0.13194	0.01826	0.18398	0.02156	0.01638	0.02196	0.01447	0.02092	0.01139	0.00892	0.01067	0.04407	0.05464	0.00764	0.00370	0.00952
10	0.02374	0.01696	0.01993	0.04153	0.07094	0.01857	0.01386	0.10527	0.39833	0.15774	0.02873	0.02690	0.02082	0.01007	0.00801	0.00258	0.00701	0.00837	0.00793	0.01271
11	0.01926	0.01651	0.01759	0.01604	0.02034	0.01902	0.01257	0.04043	0.61507	0.03254	0.03292	0.03356	0.02563	0.01150	0.00826	0.00275	0.00634	0.04944	0.00802	0.01220
12	0.01624	0.01209	0.01783	0.05895	0.02088	0.03888	0.09558	0.01950	0.04042	0.09278	0.03172	0.25971	0.03284	0.01821	0.01171	0.08025	0.00760	0.13026	0.00642	0.00813
13	0.01716	0.18041	0.51922	0.02196	0.06106	0.02109	0.02584	0.02480	0.01667	0.02383	0.01361	0.01605	0.01019	0.00736	0.00705	0.00234	0.01095	0.00558	0.00338	0.01144
14	0.01012	0.00827	0.00899	0.00909	0.01146	0.00730	0.00679	0.01306	0.04116	0.02319	0.15341	0.14255	0.48070	0.01979	0.00945	0.00274	0.00421	0.03314	0.00757	0.00700
15	0.01159	0.00841	0.01234	0.01234	0.01379	0.00972	0.00958	0.01448	0.01304	0.01924	0.02159	0.03103	0.01986	0.05571	0.63860	0.01193	0.01993	0.00841	0.06129	0.00710
16	0.06959	0.01113	0.01231	0.01333	0.03562	0.05156	0.00959	0.03287	0.03259	0.02478	0.13498	0.29272	0.06656	0.05826	0.01106	0.00322	0.00611	0.11923	0.00696	0.00753
17	0.02749	0.02040	0.02245	0.06798	0.02563	0.02274	0.01485	0.52647	0.06923	0.04557	0.01984	0.02044	0.01430	0.00945	0.00779	0.00238	0.00841	0.00725	0.05461	0.01271
18	0.02242	0.63041	0.03914	0.01420	0.02093	0.03045	0.01377	0.10824	0.01899	0.02291	0.01211	0.01358	0.01063	0.00716	0.00547	0.00179	0.00851	0.00463	0.00401	0.01063
19	0.02186	0.01727	0.02258	0.24545	0.03367	0.01891	0.03771	0.22464	0.10048	0.06778	0.01886	0.02116	0.01385	0.00856	0.00772	0.00235	0.00871	0.00712	0.00600	0.11533
20	0.02590	0.04924	0.02336	0.01910	0.07314	0.02169	0.01448	0.43167	0.06604	0.04145	0.01865	0.02014	0.01415	0.03224	0.00860	0.00238	0.00821	0.00693	0.00690	0.11574

[dist]
# distance from previous block
# <min> <max>
5	13

[block]
# block no. 5 follows, 24 sequences, length 34
# corresponding to MSA columns:
# 302-335
name=unknown_F
#
# <colnr> <probs for GDERKNQSTAVLIFYWHMCP>
#	G	D	E	R	K	N	Q	S	T	A	V	L	I	F	Y	W	H	M	C	P
0	0.02244	0.01722	0.01960	0.01746	0.05616	0.01835	0.01303	0.33681	0.10857	0.03772	0.02556	0.17557	0.02333	0.01263	0.00825	0.00250	0.00728	0.01058	0.00731	0.07964
1	0.16906	0.01798	0.04161	0.01656	0.04848	0.01810	0.01328	0.23496	0.07403	0.23098	0.04203	0.02227	0.01698	0.00934	0.00742	0.00245	0.00744	0.00717	0.00764	0.01222
2	0.09296	0.05646	0.01788	0.01405	0.01870	0.01665	0.01130	0.07308	0.27239	0.16679	0.14340	0.03120	0.02947	0.01092	0.00780	0.00250	0.00619	0.00890	0.00797	0.01138
3	0.01886	0.01046	0.01358	0.01188	0.01533	0.00951	0.00928	0.02319	0.05549	0.21259	0.32909	0.10275	0.04902	0.01437	0.00879	0.00251	0.00510	0.03776	0.00855	0.06190
4	0.01851	0.30098	0.31796	0.02199	0.06723	0.02363	0.09893	0.02458	0.01682	0.02271	0.01326	0.01594	0.01049	0.00711	0.00684	0.00221	0.01054	0.00574	0.00348	0.01105
5	0.16730	0.27154	0.07356	0.01485	0.02144	0.02353	0.01386	0.18057	0.02183	0.11981	0.01601	0.01655	0.01198	0.00804	0.00633	0.00217	0.00809	0.00560	0.00568	0.01126
6	0.00979	0.00696	0.00916	0.01088	0.01131	0.00653	0.00718	0.01108	0.01493	0.01991	0.04242	0.67036	0.05082	0.07284	0.01221	0.00353	0.00481	0.02178	0.00718	0.00633
7	0.01118	0.00794	0.00998	0.01096	0.01175	0.00770	0.00735	0.04552	0.01623	0.02178	0.08000	0.52337	0.04782	0.14122	0.01507	0.00388	0.00529	0.01932	0.00705	0.00661
8	0.07824	0.06482	0.02242	0.11431	0.07073	0.05671	0.01497	0.21047	0.11766	0.10928	0.02026	0.02119	0.01485	0.00893	0.00741	0.00239	0.00834	0.00699	0.03849	0.01157
9	0.12900	0.01793	0.02024	0.13888	0.02681	0.02041	0.01440	0.35360	0.02691	0.03925	0.01754	0.01971	0.01296	0.00905	0.00784	0.00241	0.03154	0.00675	0.09365	0.01110
10	0.00974	0.00736	0.00900	0.01005	0.01131	0.00662	0.00698	0.01155	0.01678	0.02179	0.11923	0.46030	0.23548	0.02255	0.00982	0.00299	0.00434	0.01999	0.00750	0.00662
11	0.05057	0.04057	0.04192	0.01632	0.04187	0.01749	0.01307	0.27477	0.02618	0.24863	0.02370	0.04613	0.01804	0.09060	0.01150	0.00302	0.00787	0.00816	0.00766	0.01195
12	0.11228	0.11832	0.07801	0.03884	0.02430	0.06664	0.01527	0.31784	0.09124	0.03741	0.01738	0.01812	0.01297	0.00873	0.00713	0.00232	0.00881	0.00637	0.00622	0.01181
13	0.59662	0.01678	0.01448	0.10648	0.02167	0.05747	0.01111	0.05003	0.01537	0.03314	0.01188	0.01436	0.00917	0.00758	0.00558	0.00245	0.00733	0.00484	0.00480	0.00886
14	0.05306	0.07006	0.05864	0.01546	0.02088	0.01903	0.01332	0.20110	0.20469	0.11531	0.02482	0.02628	0.01874	0.01001	0.00751	0.00244	0.00726	0.03352	0.08609	0.01179
15	0.01981	0.01602	0.02231	0.04861	0.25132	0.06260	0.03626	0.05642	0.02017	0.10508	0.12421	0.09213	0.02894	0.03367	0.00950	0.00270	0.00808	0.04562	0.00613	0.01042
16	0.01822	0.01437	0.01685	0.01215	0.01911	0.01118	0.00976	0.04516	0.01765	0.06935	0.01541	0.01723	0.01233	0.00627	0.00609	0.00130	0.00604	0.00501	0.00516	0.69136
17	0.02150	0.08713	0.01992	0.01399	0.01987	0.10211	0.01132	0.05076	0.11126	0.10434	0.02232	0.02258	0.05275	0.00841	0.00681	0.00184	0.00738	0.00652	0.00587	0.32333
18	0.05875	0.01785	0.02040	0.01578	0.02183	0.01826	0.01294	0.34773	0.02904	0.25057	0.02327	0.04826	0.01667	0.00983	0.00775	0.00234	0.00759	0.00770	0.00814	0.07530
19	0.04059	0.05308	0.09932	0.01386	0.01794	0.01160	0.05472	0.01919	0.01996	0.08152	0.35412	0.12471	0.04932	0.01418	0.00872	0.00255	0.00610	0.01252	0.00723	0.00879
20	0.01014	0.00737	0.00963	0.01103	0.01199	0.00686	0.00783	0.01207	0.01657	0.02200	0.11639	0.52150	0.10783	0.02316	0.01006	0.00314	0.00474	0.08353	0.00751	0.00667
21	0.02519	0.02141	0.06774	0.02655	0.20693	0.08625	0.04386	0.16680	0.06097	0.14340	0.02001	0.02124	0.01467	0.00855	0.00775	0.00236	0.00912	0.00719	0.04784	0.01217
22	0.07920	0.01740	0.03264	0.14867	0.05681	0.01817	0.32214	0.02213	0.01709	0.02472	0.05169	0.07013	0.01752	0.00941	0.01029	0.00274	0.07581	0.00940	0.00443	0.00959
23	0.00966	0.00690	0.00920	0.01104	0.01150	0.00644	0.00736	0.01104	0.01518	0.02024	0.04371	0.71614	0.05245	0.02484	0.01012	0.00322	0.00460	0.02254	0.00736	0.00644
24	0.01453	0.01072	0.01328	0.04987	0.01579	0.03192	0.00998	0.03657	0.01512	0.02312	0.02104	0.02894	0.01849	0.07480	0.26338	0.00651	0.09296	0.00792	0.25749	0.00758
25	0.13847	0.01634	0.02025	0.14361	0.02675	0.01838	0.05691	0.21265	0.04237	0.03348	0.02300	0.02528	0.07450	0.00995	0.00853	0.00251	0.04893	0.00780	0.08016	0.01011
26	0.00966	0.00690	0.00920	0.01104	0.01150	0.00644	0.00736	0.01104	0.01518	0.02024	0.04371	0.71614	0.05245	0.02484	0.01012	0.00322	0.00460	0.02254	0.00736	0.00644
27	0.05903	0.01747	0.02961	0.23039	0.42322	0.01851	0.06097	0.02320	0.01723	0.02480	0.01454	0.01980	0.01175	0.00730	0.00781	0.00246	0.00981	0.00705	0.00387	0.01117
28	0.02770	0.01686	0.02117	0.05422	0.08903	0.01747	0.01440	0.20486	0.13250	0.26745	0.05233	0.02552	0.01983	0.00978	0.00802	0.00247	0.00756	0.00804	0.00803	0.01275
29	0.01052	0.00723	0.00915	0.01027	0.01078	0.00696	0.00672	0.01182	0.01458	0.01995	0.06490	0.46294	0.04479	0.19889	0.04022	0.00455	0.00585	0.01818	0.04555	0.00615
30	0.01226	0.00818	0.01050	0.01026	0.01219	0.00743	0.00756	0.01523	0.02034	0.07024	0.41989	0.20550	0.13406	0.01816	0.00944	0.00267	0.00416	0.01603	0.00834	0.00755
31	0.04528	0.01768	0.09170	0.05938	0.02988	0.01503	0.30289	0.02064	0.01762	0.02509	0.07878	0.17774	0.02637	0.01181	0.00894	0.00272	0.00959	0.01196	0.03765	0.00925
32	0.01670	0.01815	0.05845	0.13646	0.14029	0.01753	0.29072	0.02187	0.01720	0.02355	0.01946	0.12780	0.01796	0.01014	0.00979	0.00274	0.04643	0.01039	0.00438	0.00998
33	0.02083	0.02308	0.03083	0.19321	0.18380	0.18897	0.17298	0.02606	0.03975	0.02302	0.01489	0.01940	0.01174	0.00758	0.00807	0.00243	0.01180	0.00719	0.00403	0.01035

[dist]
# distance from previous block
# <min> <max>
0	1

[block]
# block no. 6 follows, 24 sequences, length 13
# corresponding to MSA columns:
# 337-349
name=unknown_G
#
# <colnr> <probs for GDERKNQSTAVLIFYWHMCP>
#	G	D	E	R	K	N	Q	S	T	A	V	L	I	F	Y	W	H	M	C	P
0	0.02235	0.01739	0.09629	0.01522	0.02064	0.01515	0.01339	0.03438	0.29063	0.21764	0.11191	0.03297	0.05424	0.01117	0.00819	0.00257	0.00665	0.00931	0.00806	0.01184
1	0.06785	0.22900	0.28002	0.01764	0.02571	0.02207	0.01930	0.06598	0.05533	0.09464	0.01612	0.01735	0.01206	0.00812	0.00751	0.00231	0.03713	0.00583	0.00471	0.01131
2	0.06807	0.02069	0.06491	0.11646	0.22565	0.04490	0.14652	0.11617	0.04415	0.05152	0.01646	0.01993	0.01254	0.00777	0.00797	0.00248	0.01016	0.00733	0.00487	0.01146
3	0.00985	0.00705	0.00937	0.01091	0.01154	0.00657	0.00738	0.01151	0.01605	0.02163	0.11861	0.63728	0.05513	0.02381	0.01003	0.00313	0.00450	0.02156	0.00753	0.00657
4	0.04830	0.02777	0.27744	0.06206	0.15742	0.06075	0.02221	0.06624	0.05927	0.08352	0.01686	0.01913	0.01249	0.00833	0.00850	0.00250	0.04426	0.00657	0.00473	0.01163
5	0.02144	0.02012	0.06988	0.11717	0.25998	0.04452	0.01949	0.10361	0.16300	0.07054	0.02006	0.02204	0.01520	0.00854	0.00788	0.00247	0.00896	0.00740	0.00562	0.01206
6	0.03154	0.01854	0.06466	0.01988	0.05609	0.01559	0.05963	0.08735	0.02429	0.40141	0.06154	0.06753	0.02487	0.01259	0.00962	0.00313	0.00871	0.00990	0.00922	0.01393
7	0.00966	0.00690	0.00920	0.01104	0.01150	0.00644	0.00736	0.01104	0.01518	0.02024	0.04371	0.71614	0.05245	0.02484	0.01012	0.00322	0.00460	0.02254	0.00736	0.00644
8	0.06522	0.02313	0.20740	0.06844	0.10386	0.01678	0.19461	0.02343	0.01792	0.05180	0.06056	0.02853	0.04898	0.00932	0.00836	0.00261	0.01018	0.04367	0.00472	0.01046
9	0.04777	0.16309	0.41869	0.02150	0.03128	0.02069	0.10738	0.02548	0.01705	0.05574	0.01458	0.01697	0.01074	0.00738	0.00725	0.00238	0.01088	0.00607	0.00382	0.01126
10	0.01051	0.00726	0.00895	0.00996	0.01021	0.00701	0.00620	0.01126	0.01353	0.01804	0.03522	0.41505	0.04174	0.34054	0.02383	0.00525	0.00600	0.01755	0.00620	0.00570
11	0.02143	0.02231	0.02993	0.10543	0.07824	0.15786	0.21443	0.10073	0.05207	0.02649	0.01658	0.02062	0.01298	0.01111	0.04899	0.00307	0.03074	0.00758	0.02905	0.01035
12	0.07860	0.08249	0.02620	0.02007	0.02454	0.28159	0.09399	0.11541	0.02118	0.02598	0.01375	0.01669	0.01120	0.00892	0.01005	0.00238	0.11804	0.00618	0.03286	0.00989

[dist]
# distance from previous block
# <min> <max>
0	3

[block]
# block no. 7 follows, 24 sequences, length 14
# corresponding to MSA columns:
# 353-366
name=unknown_H
#
# <colnr> <probs for GDERKNQSTAVLIFYWHMCP>
#	G	D	E	R	K	N	Q	S	T	A	V	L	I	F	Y	W	H	M	C	P
0	0.02604	0.02568	0.02122	0.01821	0.02278	0.26153	0.01427	0.21331	0.19227	0.03233	0.01989	0.02039	0.01521	0.00957	0.00850	0.00237	0.04447	0.00689	0.03384	0.01124
1	0.02655	0.01947	0.02236	0.01746	0.02353	0.02078	0.04200	0.37087	0.16618	0.10060	0.02239	0.02189	0.01612	0.00933	0.00783	0.00235	0.00795	0.00747	0.00764	0.08726
2	0.01831	0.05069	0.01593	0.01310	0.01666	0.01388	0.01020	0.06276	0.19801	0.10705	0.08329	0.12923	0.05859	0.04987	0.07234	0.00371	0.00737	0.01102	0.04007	0.03793
3	0.01141	0.00815	0.01119	0.01289	0.01415	0.00793	0.01026	0.01413	0.01721	0.02273	0.07629	0.34621	0.05001	0.02281	0.01052	0.00341	0.00600	0.34034	0.00740	0.00696
4	0.06886	0.01919	0.02060	0.01609	0.02206	0.02037	0.01309	0.41725	0.07892	0.04198	0.01984	0.05160	0.01553	0.00953	0.00749	0.00222	0.00767	0.00738	0.00714	0.15319
5	0.02545	0.01767	0.10679	0.01641	0.05392	0.01315	0.01403	0.03110	0.07103	0.32778	0.04769	0.02415	0.01853	0.00875	0.00747	0.00217	0.00719	0.00718	0.00726	0.19227
6	0.14157	0.28283	0.31805	0.01722	0.02586	0.02321	0.01976	0.04703	0.01674	0.02539	0.01274	0.01475	0.00998	0.00731	0.00624	0.00220	0.00954	0.00507	0.00378	0.01072
7	0.01597	0.03778	0.60049	0.02130	0.03246	0.01747	0.02691	0.02449	0.01671	0.02520	0.01421	0.01671	0.01025	0.00733	0.00733	0.00235	0.01102	0.00572	0.00351	0.10279
8	0.11248	0.01447	0.01586	0.01387	0.01824	0.01552	0.01091	0.06050	0.29565	0.16160	0.09715	0.07116	0.05514	0.01187	0.00797	0.00261	0.00601	0.00979	0.00803	0.01118
9	0.02475	0.04811	0.05226	0.01560	0.02074	0.05031	0.01305	0.20573	0.11848	0.17988	0.07774	0.10872	0.02556	0.01186	0.00816	0.00251	0.00744	0.00974	0.00776	0.01158
10	0.02713	0.01209	0.01607	0.01296	0.01797	0.01036	0.01035	0.03009	0.02088	0.44010	0.09847	0.12402	0.02906	0.01209	0.00816	0.00241	0.00603	0.01026	0.00875	0.10274
11	0.01176	0.00964	0.01447	0.01253	0.01520	0.00882	0.08359	0.01547	0.02099	0.02887	0.46826	0.08540	0.16194	0.01606	0.00939	0.00258	0.00498	0.01448	0.00788	0.00770
12	0.04429	0.00929	0.01056	0.00974	0.01203	0.00944	0.00751	0.04655	0.01958	0.05467	0.25135	0.04003	0.06325	0.01225	0.00805	0.00224	0.03333	0.01006	0.34778	0.00800
13	0.02438	0.01735	0.01911	0.01565	0.02056	0.01888	0.01256	0.33558	0.16613	0.08919	0.10218	0.05906	0.02573	0.01130	0.00812	0.00248	0.00703	0.00918	0.04357	0.01196

[dist]
# distance from previous block
# <min> <max>
0	6

[block]
# block no. 8 follows, 24 sequences, length 18
# corresponding to MSA columns:
# 373-390
name=unknown_I
#
# <colnr> <probs for GDERKNQSTAVLIFYWHMCP>
#	G	D	E	R	K	N	Q	S	T	A	V	L	I	F	Y	W	H	M	C	P
0	0.01097	0.01404	0.14971	0.01346	0.01628	0.00895	0.01195	0.01399	0.01551	0.02126	0.03753	0.56969	0.04357	0.02122	0.00958	0.00307	0.00609	0.01905	0.00652	0.00755
1	0.01330	0.15809	0.01562	0.00987	0.01154	0.01250	0.00699	0.01418	0.01353	0.01738	0.05184	0.09305	0.06164	0.45716	0.02796	0.00565	0.00728	0.01118	0.00498	0.00625
2	0.01824	0.02152	0.09154	0.07896	0.10373	0.05195	0.19663	0.02268	0.01584	0.02229	0.01322	0.01884	0.01108	0.00979	0.01534	0.00290	0.28427	0.00746	0.00370	0.01000
3	0.01641	0.00954	0.01393	0.01303	0.01543	0.01028	0.01028	0.01929	0.01483	0.15638	0.02334	0.03028	0.01978	0.04908	0.54710	0.01059	0.01821	0.00839	0.00541	0.00842
4	0.01377	0.00689	0.01033	0.01033	0.01033	0.00689	0.00689	0.01033	0.01033	0.01377	0.01377	0.02410	0.01377	0.02755	0.03099	0.76928	0.00689	0.00689	0.00344	0.00344
5	0.01149	0.00997	0.01216	0.01188	0.01362	0.01064	0.00938	0.01356	0.01649	0.02106	0.05644	0.14626	0.37781	0.01960	0.01314	0.00303	0.15164	0.08813	0.00654	0.00715
6	0.18032	0.01624	0.01668	0.01469	0.01947	0.01832	0.01161	0.03776	0.44407	0.11343	0.02771	0.02577	0.02037	0.00993	0.00740	0.00261	0.00630	0.00786	0.00762	0.01184
7	0.01770	0.38975	0.20900	0.01585	0.02285	0.02336	0.01708	0.02211	0.01558	0.02036	0.01403	0.01767	0.01216	0.01802	0.14914	0.00423	0.01203	0.00557	0.00356	0.00995
8	0.01512	0.00919	0.01056	0.00958	0.01287	0.00784	0.00741	0.01759	0.01965	0.16021	0.15207	0.06360	0.44982	0.01739	0.00908	0.00261	0.00455	0.01457	0.00807	0.00823
9	0.01408	0.01016	0.01222	0.01238	0.01404	0.01033	0.00879	0.14391	0.01955	0.02612	0.03719	0.52239	0.04259	0.07173	0.01184	0.00337	0.00569	0.01853	0.00730	0.00780
10	0.01665	0.01440	0.01826	0.15657	0.02651	0.01257	0.01225	0.04347	0.01710	0.02558	0.01428	0.01752	0.01156	0.00644	0.00638	0.00153	0.00696	0.00528	0.00457	0.58211
11	0.01499	0.01046	0.01503	0.15761	0.02373	0.01102	0.01321	0.01940	0.04745	0.08387	0.08554	0.17534	0.03847	0.01741	0.00963	0.00312	0.00712	0.25141	0.00690	0.00829
12	0.07266	0.01852	0.03471	0.23138	0.06584	0.01952	0.32987	0.05180	0.01800	0.02545	0.01493	0.02034	0.01136	0.00759	0.00926	0.00266	0.04394	0.00800	0.00408	0.01008
13	0.31865	0.01846	0.06605	0.15319	0.05571	0.01907	0.01506	0.14450	0.06072	0.05610	0.01566	0.01785	0.01159	0.00819	0.00672	0.00249	0.00810	0.00605	0.00543	0.01040
14	0.05551	0.32258	0.10028	0.01947	0.05442	0.06987	0.12208	0.02441	0.01793	0.04811	0.07981	0.02030	0.01743	0.00805	0.00687	0.00215	0.00944	0.00664	0.00442	0.01024
15	0.01665	0.02208	0.17698	0.21385	0.17211	0.01777	0.13089	0.02345	0.04640	0.02403	0.01760	0.07025	0.01476	0.00879	0.00824	0.00260	0.01045	0.00839	0.00414	0.01058
16	0.01919	0.03962	0.08354	0.06056	0.17723	0.05712	0.01809	0.02533	0.09860	0.06907	0.02053	0.07971	0.01830	0.01142	0.01187	0.00276	0.15490	0.03650	0.00512	0.01054
17	0.01959	0.01497	0.01771	0.05948	0.04971	0.01647	0.01264	0.06179	0.36866	0.09205	0.16271	0.03410	0.03251	0.01141	0.00830	0.00259	0.00631	0.00971	0.00789	0.01138

[dist]
# distance from previous block
# <min> <max>
0	27

# created by:
# /st0/software/busco_prod/Augustus/scripts/msa2prfl.pl ./align_prep/120332.fa
