[name]
unknown

[dist]
# distance from previous block
# <min> <max>
0	6

[block]
# block no. 0 follows, 26 sequences, length 60
# corresponding to MSA columns:
# 6-65
name=unknown_A
#
# <colnr> <probs for GDERKNQSTAVLIFYWHMCP>
#	G	D	E	R	K	N	Q	S	T	A	V	L	I	F	Y	W	H	M	C	P
0	0.01222	0.00873	0.01222	0.01397	0.01572	0.00873	0.01222	0.01572	0.01746	0.02270	0.04016	0.08556	0.04365	0.02095	0.01048	0.00349	0.00698	0.63506	0.00698	0.00698
1	0.01261	0.00817	0.01074	0.00986	0.01198	0.00748	0.00748	0.01614	0.02149	0.08372	0.62952	0.05417	0.06731	0.01501	0.00884	0.00238	0.00381	0.01323	0.00843	0.00762
2	0.01591	0.13572	0.60378	0.02043	0.03098	0.01933	0.02595	0.02384	0.01593	0.02317	0.01319	0.01548	0.00963	0.00711	0.00688	0.00229	0.01078	0.00539	0.00321	0.01101
3	0.01066	0.00770	0.01007	0.00959	0.01132	0.00711	0.00715	0.01413	0.02114	0.02989	0.65131	0.08898	0.07054	0.01590	0.00898	0.00242	0.00362	0.01409	0.00829	0.00711
4	0.01103	0.00735	0.00827	0.00827	0.00827	0.00735	0.00460	0.01103	0.01103	0.01471	0.02390	0.04964	0.02758	0.73343	0.03861	0.00735	0.00735	0.01103	0.00460	0.00460
5	0.02636	0.01643	0.01887	0.01498	0.02015	0.01725	0.01221	0.34631	0.06945	0.21089	0.07762	0.02682	0.04852	0.01262	0.04306	0.00284	0.00774	0.00815	0.00793	0.01180
6	0.78701	0.01467	0.01115	0.00997	0.01467	0.01702	0.00821	0.02230	0.01291	0.03403	0.01056	0.01232	0.00821	0.00704	0.00469	0.00235	0.00587	0.00411	0.00469	0.00821
7	0.01675	0.01525	0.02457	0.62988	0.11227	0.01789	0.02171	0.02102	0.01656	0.02172	0.01555	0.02272	0.01223	0.00884	0.00840	0.00286	0.01055	0.00735	0.00412	0.00978
8	0.02031	0.01544	0.01675	0.01481	0.01921	0.01728	0.01159	0.03844	0.55769	0.11498	0.03300	0.03017	0.05489	0.01061	0.00777	0.00254	0.00595	0.00882	0.00790	0.01185
9	0.00923	0.00665	0.00875	0.01044	0.01097	0.00617	0.00699	0.01058	0.01464	0.01941	0.04327	0.70116	0.07655	0.02357	0.00965	0.00306	0.00438	0.02133	0.00704	0.00617
10	0.00956	0.00689	0.00909	0.01048	0.01124	0.00642	0.00726	0.01130	0.01565	0.02096	0.12329	0.58630	0.07824	0.02241	0.00960	0.00299	0.00440	0.05038	0.00720	0.00634
11	0.02833	0.03615	0.02149	0.01954	0.02345	0.70298	0.01466	0.03029	0.02149	0.01856	0.01172	0.01368	0.00977	0.00782	0.00684	0.00195	0.01368	0.00489	0.00391	0.00879
12	0.01877	0.01802	0.03079	0.04656	0.68612	0.01802	0.02328	0.02328	0.01727	0.02478	0.01427	0.01877	0.01201	0.00676	0.00751	0.00225	0.00901	0.00676	0.00375	0.01201
13	0.01921	0.47468	0.25551	0.01586	0.02389	0.02508	0.01788	0.02377	0.01589	0.04950	0.01241	0.01404	0.01009	0.00685	0.00576	0.00191	0.00906	0.00473	0.00350	0.01036
14	0.78701	0.01467	0.01115	0.00997	0.01467	0.01702	0.00821	0.02230	0.01291	0.03403	0.01056	0.01232	0.00821	0.00704	0.00469	0.00235	0.00587	0.00411	0.00469	0.00821
15	0.01900	0.53558	0.19466	0.01673	0.05645	0.02646	0.01707	0.02305	0.01565	0.01966	0.01146	0.01342	0.00982	0.00667	0.00556	0.00184	0.00889	0.00456	0.00326	0.01020
16	0.01307	0.00803	0.00970	0.00973	0.01072	0.00782	0.00635	0.01489	0.04121	0.08076	0.05789	0.24208	0.03468	0.37561	0.02368	0.00505	0.00607	0.01363	0.03269	0.00632
17	0.01059	0.00801	0.00981	0.00942	0.01140	0.00740	0.00703	0.01438	0.04545	0.02774	0.49196	0.09321	0.20238	0.01653	0.00894	0.00247	0.00377	0.01442	0.00797	0.00713
18	0.01934	0.60825	0.16126	0.01458	0.02195	0.02771	0.01577	0.02296	0.01552	0.01899	0.01111	0.01288	0.00971	0.00662	0.00530	0.00177	0.00869	0.00434	0.00324	0.01001
19	0.01622	0.01377	0.01599	0.01147	0.01818	0.01062	0.00919	0.04328	0.01648	0.02559	0.01366	0.01582	0.01130	0.00575	0.00569	0.00117	0.00572	0.00458	0.00461	0.75091
20	0.01521	0.03923	0.69413	0.02162	0.03283	0.01762	0.02802	0.02402	0.01601	0.02402	0.01361	0.01601	0.00961	0.00721	0.00721	0.00240	0.01121	0.00560	0.00320	0.01121
21	0.01477	0.03493	0.59158	0.02073	0.03070	0.01648	0.05131	0.02282	0.01646	0.02437	0.06614	0.04375	0.01585	0.00838	0.00750	0.00243	0.01045	0.00691	0.00376	0.01068
22	0.03215	0.01280	0.01720	0.01338	0.01897	0.01130	0.01099	0.03597	0.05183	0.62731	0.06305	0.02750	0.02166	0.00974	0.00770	0.00236	0.00629	0.00798	0.00926	0.01258
23	0.00924	0.00660	0.00880	0.01056	0.01100	0.00616	0.00704	0.01056	0.01452	0.01936	0.04181	0.72848	0.05017	0.02376	0.00968	0.00308	0.00440	0.02156	0.00704	0.00616
24	0.05099	0.01375	0.02257	0.65096	0.07982	0.01691	0.02056	0.01970	0.01516	0.02032	0.01338	0.01978	0.01011	0.00752	0.00744	0.00251	0.00986	0.00662	0.00345	0.00858
25	0.02833	0.03615	0.02149	0.01954	0.02345	0.70298	0.01466	0.03029	0.02149	0.01856	0.01172	0.01368	0.00977	0.00782	0.00684	0.00195	0.01368	0.00489	0.00391	0.00879
26	0.01877	0.01802	0.03079	0.04656	0.68612	0.01802	0.02328	0.02328	0.01727	0.02478	0.01427	0.01877	0.01201	0.00676	0.00751	0.00225	0.00901	0.00676	0.00375	0.01201
27	0.01074	0.00775	0.01014	0.00954	0.01133	0.00716	0.00716	0.01431	0.02147	0.03042	0.68211	0.05666	0.07157	0.01551	0.00895	0.00239	0.00358	0.01372	0.00835	0.00716
28	0.01074	0.00775	0.01014	0.00954	0.01133	0.00716	0.00716	0.01431	0.02147	0.03042	0.68211	0.05666	0.07157	0.01551	0.00895	0.00239	0.00358	0.01372	0.00835	0.00716
29	0.78701	0.01467	0.01115	0.00997	0.01467	0.01702	0.00821	0.02230	0.01291	0.03403	0.01056	0.01232	0.00821	0.00704	0.00469	0.00235	0.00587	0.00411	0.00469	0.00821
30	0.00905	0.00733	0.00805	0.00862	0.01049	0.00632	0.00618	0.01078	0.01639	0.02012	0.06546	0.28584	0.47754	0.02069	0.00920	0.00273	0.00402	0.01781	0.00704	0.00632
31	0.01084	0.00813	0.01219	0.01219	0.01354	0.00948	0.00948	0.01354	0.01219	0.01761	0.02032	0.02980	0.01896	0.05689	0.70337	0.01219	0.02032	0.00813	0.00406	0.00677
32	0.01103	0.00735	0.00827	0.00827	0.00827	0.00735	0.00460	0.01103	0.01103	0.01471	0.02390	0.04964	0.02758	0.73343	0.03861	0.00735	0.00735	0.01103	0.00460	0.00460
33	0.02883	0.02125	0.02276	0.01745	0.02352	0.02352	0.01442	0.66082	0.03566	0.04780	0.01821	0.01821	0.01290	0.00911	0.00759	0.00228	0.00835	0.00683	0.00759	0.01290
34	0.03403	0.01291	0.01760	0.01350	0.01936	0.01115	0.01115	0.03697	0.02171	0.69137	0.02992	0.02582	0.01878	0.00939	0.00763	0.00235	0.00645	0.00763	0.00939	0.01291
35	0.75148	0.01459	0.01145	0.01014	0.01489	0.01674	0.00835	0.02299	0.01332	0.06505	0.01148	0.01296	0.00871	0.00715	0.00483	0.00235	0.00590	0.00427	0.00492	0.00844
36	0.01318	0.00659	0.00988	0.00988	0.00988	0.00659	0.00659	0.00988	0.00988	0.01318	0.01318	0.02306	0.01318	0.02635	0.02964	0.77931	0.00659	0.00659	0.00329	0.00329
37	0.01414	0.00707	0.00707	0.00707	0.00884	0.00707	0.00530	0.01767	0.01591	0.02828	0.02474	0.02828	0.01944	0.00884	0.00530	0.00177	0.00353	0.00707	0.77554	0.00707
38	0.01538	0.01311	0.01535	0.01120	0.01760	0.00990	0.00888	0.01864	0.01566	0.02443	0.01501	0.05417	0.01333	0.00660	0.00584	0.00123	0.00555	0.00541	0.00463	0.73807
39	0.01573	0.01348	0.01573	0.01123	0.01798	0.01011	0.00899	0.01910	0.01573	0.02472	0.01348	0.01573	0.01123	0.00562	0.00562	0.00112	0.00562	0.00449	0.00449	0.77980
40	0.01414	0.00707	0.00707	0.00707	0.00884	0.00707	0.00530	0.01767	0.01591	0.02828	0.02474	0.02828	0.01944	0.00884	0.00530	0.00177	0.00353	0.00707	0.77554	0.00707
41	0.01452	0.01386	0.02394	0.67835	0.05156	0.01698	0.05545	0.01965	0.01531	0.01965	0.01358	0.02024	0.01019	0.00752	0.00766	0.00253	0.01026	0.00686	0.00340	0.00852
42	0.02028	0.73799	0.03975	0.01298	0.01947	0.03001	0.01298	0.02271	0.01541	0.01785	0.01055	0.01217	0.00973	0.00649	0.00487	0.00162	0.00811	0.00406	0.00324	0.00973
43	0.01103	0.00735	0.00827	0.00827	0.00827	0.00735	0.00460	0.01103	0.01103	0.01471	0.02390	0.04964	0.02758	0.73343	0.03861	0.00735	0.00735	0.01103	0.00460	0.00460
44	0.01887	0.01629	0.01715	0.01544	0.01972	0.01887	0.01201	0.04031	0.67241	0.03173	0.03087	0.02830	0.02315	0.01029	0.00772	0.00257	0.00600	0.00858	0.00772	0.01201
45	0.01573	0.01348	0.01573	0.01123	0.01798	0.01011	0.00899	0.01910	0.01573	0.02472	0.01348	0.01573	0.01123	0.00562	0.00562	0.00112	0.00562	0.00449	0.00449	0.77980
46	0.00970	0.00757	0.00879	0.00878	0.01077	0.00667	0.00647	0.01219	0.01858	0.02425	0.31051	0.14961	0.36232	0.01833	0.00905	0.00256	0.00381	0.01581	0.00756	0.00667
47	0.00924	0.00660	0.00880	0.01056	0.01100	0.00616	0.00704	0.01056	0.01452	0.01936	0.04181	0.72848	0.05017	0.02376	0.00968	0.00308	0.00440	0.02156	0.00704	0.00616
48	0.01414	0.00707	0.00707	0.00707	0.00884	0.00707	0.00530	0.01767	0.01591	0.02828	0.02474	0.02828	0.01944	0.00884	0.00530	0.00177	0.00353	0.00707	0.77554	0.00707
49	0.02028	0.73799	0.03975	0.01298	0.01947	0.03001	0.01298	0.02271	0.01541	0.01785	0.01055	0.01217	0.00973	0.00649	0.00487	0.00162	0.00811	0.00406	0.00324	0.00973
50	0.01103	0.00735	0.00827	0.00827	0.00827	0.00735	0.00460	0.01103	0.01103	0.01471	0.02390	0.04964	0.02758	0.73343	0.03861	0.00735	0.00735	0.01103	0.00460	0.00460
51	0.01084	0.00813	0.01219	0.01219	0.01354	0.00948	0.00948	0.01354	0.01219	0.01761	0.02032	0.02980	0.01896	0.05689	0.70337	0.01219	0.02032	0.00813	0.00406	0.00677
52	0.01887	0.01629	0.01715	0.01544	0.01972	0.01887	0.01201	0.04031	0.67241	0.03173	0.03087	0.02830	0.02315	0.01029	0.00772	0.00257	0.00600	0.00858	0.00772	0.01201
53	0.01575	0.08869	0.61495	0.02219	0.06329	0.01853	0.02671	0.02389	0.01603	0.02361	0.01342	0.01587	0.00973	0.00713	0.00705	0.00234	0.01088	0.00555	0.00323	0.01114
54	0.00924	0.00660	0.00880	0.01056	0.01100	0.00616	0.00704	0.01056	0.01452	0.01936	0.04181	0.72848	0.05017	0.02376	0.00968	0.00308	0.00440	0.02156	0.00704	0.00616
55	0.01145	0.00850	0.01075	0.01006	0.01206	0.00818	0.00758	0.01658	0.07834	0.03053	0.62522	0.05418	0.06734	0.01505	0.00884	0.00240	0.00379	0.01327	0.00829	0.00758
56	0.01549	0.07692	0.65884	0.02115	0.03211	0.01828	0.02721	0.02395	0.01598	0.02369	0.01345	0.01581	0.00962	0.00717	0.00708	0.00236	0.01104	0.00552	0.00321	0.01113
57	0.01521	0.03923	0.69413	0.02162	0.03283	0.01762	0.02802	0.02402	0.01601	0.02402	0.01361	0.01601	0.00961	0.00721	0.00721	0.00240	0.01121	0.00560	0.00320	0.01121
58	0.10253	0.02057	0.02083	0.10041	0.02548	0.10353	0.01439	0.34712	0.07366	0.06448	0.01718	0.01830	0.01259	0.00882	0.00788	0.00234	0.03603	0.00646	0.00627	0.01115
59	0.01727	0.32352	0.42790	0.01810	0.02739	0.02266	0.02190	0.02349	0.01577	0.02151	0.01236	0.01445	0.00966	0.00691	0.00625	0.00208	0.00995	0.00497	0.00322	0.01061

[dist]
# distance from previous block
# <min> <max>
0	1

[block]
# block no. 1 follows, 26 sequences, length 40
# corresponding to MSA columns:
# 67-106
name=unknown_B
#
# <colnr> <probs for GDERKNQSTAVLIFYWHMCP>
#	G	D	E	R	K	N	Q	S	T	A	V	L	I	F	Y	W	H	M	C	P
0	0.01656	0.01346	0.01581	0.01134	0.01804	0.01016	0.00909	0.01991	0.01600	0.05490	0.01423	0.01619	0.01158	0.00579	0.00571	0.00118	0.00566	0.00464	0.00472	0.74508
1	0.03403	0.01291	0.01760	0.01350	0.01936	0.01115	0.01115	0.03697	0.02171	0.69137	0.02992	0.02582	0.01878	0.00939	0.00763	0.00235	0.00645	0.00763	0.00939	0.01291
2	0.01790	0.02046	0.04476	0.03197	0.03964	0.01918	0.65857	0.02430	0.01790	0.02430	0.01535	0.02046	0.01151	0.00639	0.00895	0.00256	0.01279	0.00895	0.00384	0.01023
3	0.01095	0.00732	0.00830	0.00837	0.00839	0.00730	0.00470	0.01101	0.01118	0.01490	0.02466	0.07834	0.02853	0.70342	0.03738	0.00717	0.00723	0.01148	0.00470	0.00466
4	0.01521	0.03923	0.69413	0.02162	0.03283	0.01762	0.02802	0.02402	0.01601	0.02402	0.01361	0.01601	0.00961	0.00721	0.00721	0.00240	0.01121	0.00560	0.00320	0.01121
5	0.00913	0.00769	0.00792	0.00786	0.01035	0.00647	0.00589	0.01121	0.01768	0.02143	0.13417	0.07145	0.62512	0.01886	0.00896	0.00254	0.00382	0.01579	0.00717	0.00647
6	0.01074	0.00775	0.01014	0.00954	0.01133	0.00716	0.00716	0.01431	0.02147	0.03042	0.68211	0.05666	0.07157	0.01551	0.00895	0.00239	0.00358	0.01372	0.00835	0.00716
7	0.01103	0.00735	0.00827	0.00827	0.00827	0.00735	0.00460	0.01103	0.01103	0.01471	0.02390	0.04964	0.02758	0.73343	0.03861	0.00735	0.00735	0.01103	0.00460	0.00460
8	0.00966	0.00771	0.00865	0.00841	0.01067	0.00670	0.00631	0.01223	0.01893	0.02439	0.31439	0.06659	0.44306	0.01776	0.00896	0.00249	0.00374	0.01511	0.00756	0.00670
9	0.02883	0.02125	0.02276	0.01745	0.02352	0.02352	0.01442	0.66082	0.03566	0.04780	0.01821	0.01821	0.01290	0.00911	0.00759	0.00228	0.00835	0.00683	0.00759	0.01290
10	0.02883	0.02125	0.02276	0.01745	0.02352	0.02352	0.01442	0.66082	0.03566	0.04780	0.01821	0.01821	0.01290	0.00911	0.00759	0.00228	0.00835	0.00683	0.00759	0.01290
11	0.02028	0.73799	0.03975	0.01298	0.01947	0.03001	0.01298	0.02271	0.01541	0.01785	0.01055	0.01217	0.00973	0.00649	0.00487	0.00162	0.00811	0.00406	0.00324	0.00973
12	0.01877	0.01802	0.03079	0.04656	0.68612	0.01802	0.02328	0.02328	0.01727	0.02478	0.01427	0.01877	0.01201	0.00676	0.00751	0.00225	0.00901	0.00676	0.00375	0.01201
13	0.02810	0.02147	0.02231	0.01739	0.02325	0.04931	0.01425	0.59233	0.08053	0.04553	0.01886	0.01876	0.01351	0.00914	0.00757	0.00229	0.00838	0.00688	0.00746	0.01268
14	0.02102	0.01489	0.01678	0.01434	0.01876	0.01573	0.01124	0.16396	0.27171	0.12153	0.02843	0.14999	0.02413	0.01190	0.00784	0.00244	0.00624	0.01003	0.00750	0.08155
15	0.01776	0.37864	0.33864	0.01731	0.02561	0.02396	0.02007	0.02307	0.01548	0.02070	0.01192	0.01417	0.00969	0.00719	0.00703	0.00207	0.04822	0.00491	0.00323	0.01033
16	0.01993	0.68975	0.08493	0.01358	0.02039	0.02916	0.01402	0.02280	0.01545	0.01827	0.01076	0.01243	0.00973	0.00654	0.00503	0.00168	0.00833	0.00416	0.00324	0.00984
17	0.01222	0.00873	0.01222	0.01397	0.01572	0.00873	0.01222	0.01572	0.01746	0.02270	0.04016	0.08556	0.04365	0.02095	0.01048	0.00349	0.00698	0.63506	0.00698	0.00698
18	0.01104	0.00830	0.01163	0.01051	0.01255	0.00768	0.03530	0.01475	0.02132	0.03015	0.65331	0.05510	0.06897	0.01511	0.00895	0.00239	0.00398	0.01351	0.00815	0.00729
19	0.01521	0.03923	0.69413	0.02162	0.03283	0.01762	0.02802	0.02402	0.01601	0.02402	0.01361	0.01601	0.00961	0.00721	0.00721	0.00240	0.01121	0.00560	0.00320	0.01121
20	0.01084	0.00813	0.01219	0.01219	0.01354	0.00948	0.00948	0.01354	0.01219	0.01761	0.02032	0.02980	0.01896	0.05689	0.70337	0.01219	0.02032	0.00813	0.00406	0.00677
21	0.01093	0.00817	0.01219	0.01231	0.01369	0.00943	0.00967	0.01369	0.01255	0.01796	0.02169	0.03365	0.02067	0.05441	0.65553	0.01159	0.01940	0.05141	0.00427	0.00679
22	0.01628	0.01613	0.02263	0.01949	0.01957	0.02248	0.01621	0.01800	0.01165	0.01822	0.01052	0.01731	0.01045	0.01565	0.06179	0.00380	0.68152	0.00672	0.00336	0.00821
23	0.01998	0.69675	0.07837	0.01349	0.02026	0.02928	0.01387	0.02279	0.01545	0.01821	0.01073	0.01239	0.00973	0.00653	0.00501	0.00167	0.00829	0.00415	0.00324	0.00982
24	0.01188	0.00850	0.01190	0.01357	0.01517	0.00853	0.01161	0.01513	0.01694	0.02215	0.03939	0.14306	0.04311	0.02290	0.04285	0.00386	0.00737	0.54834	0.00685	0.00690
25	0.01659	0.01659	0.02323	0.01991	0.01991	0.02323	0.01659	0.01825	0.01162	0.01825	0.00996	0.01659	0.00996	0.01328	0.02489	0.00332	0.71955	0.00664	0.00332	0.00830
26	0.78701	0.01467	0.01115	0.00997	0.01467	0.01702	0.00821	0.02230	0.01291	0.03403	0.01056	0.01232	0.00821	0.00704	0.00469	0.00235	0.00587	0.00411	0.00469	0.00821
27	0.02028	0.73799	0.03975	0.01298	0.01947	0.03001	0.01298	0.02271	0.01541	0.01785	0.01055	0.01217	0.00973	0.00649	0.00487	0.00162	0.00811	0.00406	0.00324	0.00973
28	0.01318	0.00659	0.00988	0.00988	0.00988	0.00659	0.00659	0.00988	0.00988	0.01318	0.01318	0.02306	0.01318	0.02635	0.02964	0.77931	0.00659	0.00659	0.00329	0.00329
29	0.00924	0.00660	0.00880	0.01056	0.01100	0.00616	0.00704	0.01056	0.01452	0.01936	0.04181	0.72848	0.05017	0.02376	0.00968	0.00308	0.00440	0.02156	0.00704	0.00616
30	0.03403	0.01291	0.01760	0.01350	0.01936	0.01115	0.01115	0.03697	0.02171	0.69137	0.02992	0.02582	0.01878	0.00939	0.00763	0.00235	0.00645	0.00763	0.00939	0.01291
31	0.00924	0.00660	0.00880	0.01056	0.01100	0.00616	0.00704	0.01056	0.01452	0.01936	0.04181	0.72848	0.05017	0.02376	0.00968	0.00308	0.00440	0.02156	0.00704	0.00616
32	0.01629	0.01381	0.01603	0.01150	0.01821	0.01068	0.00922	0.04644	0.01658	0.02570	0.01368	0.01583	0.01131	0.00577	0.00570	0.00117	0.00573	0.00459	0.00463	0.74713
33	0.01309	0.00662	0.00981	0.00981	0.00981	0.00662	0.00650	0.00993	0.00993	0.01324	0.01362	0.02417	0.01378	0.05591	0.03002	0.74704	0.00662	0.00677	0.00335	0.00335
34	0.06196	0.01766	0.01796	0.01580	0.02002	0.05154	0.01244	0.10060	0.50236	0.03208	0.02635	0.02503	0.01989	0.01005	0.00851	0.00255	0.04871	0.00787	0.00710	0.01152
35	0.02028	0.73799	0.03975	0.01298	0.01947	0.03001	0.01298	0.02271	0.01541	0.01785	0.01055	0.01217	0.00973	0.00649	0.00487	0.00162	0.00811	0.00406	0.00324	0.00973
36	0.01826	0.31774	0.13618	0.01887	0.02611	0.04471	0.17275	0.02270	0.01633	0.02130	0.01364	0.03924	0.01169	0.00709	0.00654	0.00197	0.00948	0.00616	0.00369	0.10556
37	0.01085	0.00807	0.01192	0.01192	0.01318	0.00933	0.00914	0.01337	0.01211	0.01741	0.02056	0.03117	0.01956	0.10360	0.65748	0.01186	0.01942	0.00833	0.00410	0.00662
38	0.01877	0.01802	0.03079	0.04656	0.68612	0.01802	0.02328	0.02328	0.01727	0.02478	0.01427	0.01877	0.01201	0.00676	0.00751	0.00225	0.00901	0.00676	0.00375	0.01201
39	0.01849	0.01974	0.02295	0.01985	0.02048	0.13269	0.01628	0.02019	0.01321	0.01830	0.01024	0.01613	0.00993	0.01240	0.02199	0.00310	0.60589	0.00636	0.00341	0.00838

[dist]
# distance from previous block
# <min> <max>
0	1

[block]
# block no. 2 follows, 26 sequences, length 55
# corresponding to MSA columns:
# 108-162
name=unknown_C
#
# <colnr> <probs for GDERKNQSTAVLIFYWHMCP>
#	G	D	E	R	K	N	Q	S	T	A	V	L	I	F	Y	W	H	M	C	P
0	0.01608	0.15813	0.58279	0.02015	0.03056	0.01972	0.02546	0.02380	0.01591	0.02297	0.01309	0.01536	0.00963	0.00708	0.00681	0.00227	0.01068	0.00534	0.00321	0.01096
1	0.00924	0.00660	0.00880	0.01056	0.01100	0.00616	0.00704	0.01056	0.01452	0.01936	0.04181	0.72848	0.05017	0.02376	0.00968	0.00308	0.00440	0.02156	0.00704	0.00616
2	0.01832	0.01748	0.02974	0.04485	0.65407	0.01746	0.02251	0.02267	0.01714	0.02452	0.01557	0.05246	0.01383	0.00757	0.00761	0.00229	0.00879	0.00746	0.00391	0.01174
3	0.01860	0.02063	0.06165	0.03723	0.33010	0.04821	0.29871	0.02389	0.01750	0.02406	0.01446	0.01911	0.01154	0.00688	0.00866	0.00241	0.03407	0.00758	0.00376	0.01095
4	0.01487	0.01404	0.02374	0.63279	0.13036	0.01700	0.02134	0.01986	0.01543	0.02005	0.01358	0.02004	0.01035	0.00748	0.00757	0.00249	0.00998	0.00674	0.00342	0.00887
5	0.01085	0.00806	0.01188	0.01188	0.01312	0.00931	0.00909	0.01334	0.01210	0.01738	0.02060	0.03139	0.01965	0.11110	0.65010	0.01180	0.01928	0.00836	0.00411	0.00660
6	0.02420	0.02760	0.02501	0.02989	0.28335	0.37808	0.01792	0.05285	0.04825	0.02272	0.01380	0.01648	0.01135	0.00756	0.00717	0.00211	0.01131	0.00585	0.00416	0.01036
7	0.00905	0.00769	0.00780	0.00777	0.01030	0.00644	0.00583	0.01105	0.01749	0.02097	0.10618	0.07221	0.65340	0.01903	0.00896	0.00255	0.00383	0.01590	0.00711	0.00644
8	0.01926	0.01711	0.01733	0.01561	0.01988	0.04707	0.01212	0.03989	0.64557	0.03119	0.03008	0.02770	0.02260	0.01019	0.00768	0.00255	0.00632	0.00842	0.00756	0.01187
9	0.03403	0.01291	0.01760	0.01350	0.01936	0.01115	0.01115	0.03697	0.02171	0.69137	0.02992	0.02582	0.01878	0.00939	0.00763	0.00235	0.00645	0.00763	0.00939	0.01291
10	0.01065	0.00775	0.01002	0.00945	0.01128	0.00712	0.00709	0.01414	0.02126	0.02992	0.65176	0.05748	0.10223	0.01569	0.00895	0.00239	0.00359	0.01383	0.00828	0.00712
11	0.01573	0.01348	0.01573	0.01123	0.01798	0.01011	0.00899	0.01910	0.01573	0.02472	0.01348	0.01573	0.01123	0.00562	0.00562	0.00112	0.00562	0.00449	0.00449	0.77980
12	0.01856	0.01780	0.03040	0.07897	0.65539	0.01797	0.02317	0.02309	0.01717	0.02452	0.01423	0.01884	0.01192	0.00680	0.00751	0.00227	0.00906	0.00676	0.00374	0.01184
13	0.00924	0.00660	0.00880	0.01056	0.01100	0.00616	0.00704	0.01056	0.01452	0.01936	0.04181	0.72848	0.05017	0.02376	0.00968	0.00308	0.00440	0.02156	0.00704	0.00616
14	0.01074	0.00775	0.01014	0.00954	0.01133	0.00716	0.00716	0.01431	0.02147	0.03042	0.68211	0.05666	0.07157	0.01551	0.00895	0.00239	0.00358	0.01372	0.00835	0.00716
15	0.00896	0.00768	0.00768	0.00768	0.01025	0.00640	0.00576	0.01089	0.01729	0.02049	0.07684	0.07300	0.68304	0.01921	0.00896	0.00256	0.00384	0.01601	0.00704	0.00640
16	0.01074	0.00775	0.01014	0.00954	0.01133	0.00716	0.00716	0.01431	0.02147	0.03042	0.68211	0.05666	0.07157	0.01551	0.00895	0.00239	0.00358	0.01372	0.00835	0.00716
17	0.01877	0.01802	0.03079	0.04656	0.68612	0.01802	0.02328	0.02328	0.01727	0.02478	0.01427	0.01877	0.01201	0.00676	0.00751	0.00225	0.00901	0.00676	0.00375	0.01201
18	0.01521	0.03923	0.69413	0.02162	0.03283	0.01762	0.02802	0.02402	0.01601	0.02402	0.01361	0.01601	0.00961	0.00721	0.00721	0.00240	0.01121	0.00560	0.00320	0.01121
19	0.02800	0.06718	0.02243	0.01908	0.02327	0.61927	0.01456	0.07898	0.02232	0.02080	0.01217	0.01396	0.01001	0.00786	0.00681	0.00196	0.01301	0.00500	0.00416	0.00916
20	0.78701	0.01467	0.01115	0.00997	0.01467	0.01702	0.00821	0.02230	0.01291	0.03403	0.01056	0.01232	0.00821	0.00704	0.00469	0.00235	0.00587	0.00411	0.00469	0.00821
21	0.01858	0.42751	0.19968	0.01880	0.02667	0.02488	0.14328	0.02334	0.01605	0.02061	0.01223	0.01473	0.01005	0.00664	0.00624	0.00200	0.00978	0.00539	0.00335	0.01019
22	0.01081	0.00780	0.01024	0.00975	0.01154	0.00723	0.00740	0.01438	0.02128	0.03005	0.65164	0.05803	0.07024	0.01577	0.00902	0.00244	0.00374	0.04321	0.00828	0.00715
23	0.00896	0.00768	0.00768	0.00768	0.01025	0.00640	0.00576	0.01089	0.01729	0.02049	0.07684	0.07300	0.68304	0.01921	0.00896	0.00256	0.00384	0.01601	0.00704	0.00640
24	0.01887	0.01629	0.01715	0.01544	0.01972	0.01887	0.01201	0.04031	0.67241	0.03173	0.03087	0.02830	0.02315	0.01029	0.00772	0.00257	0.00600	0.00858	0.00772	0.01201
25	0.02004	0.70440	0.07121	0.01339	0.02011	0.02942	0.01370	0.02278	0.01544	0.01814	0.01069	0.01235	0.00973	0.00652	0.00498	0.00166	0.00826	0.00413	0.00324	0.00980
26	0.01877	0.01802	0.03079	0.04656	0.68612	0.01802	0.02328	0.02328	0.01727	0.02478	0.01427	0.01877	0.01201	0.00676	0.00751	0.00225	0.00901	0.00676	0.00375	0.01201
27	0.78701	0.01467	0.01115	0.00997	0.01467	0.01702	0.00821	0.02230	0.01291	0.03403	0.01056	0.01232	0.00821	0.00704	0.00469	0.00235	0.00587	0.00411	0.00469	0.00821
28	0.01432	0.01348	0.02275	0.71520	0.05224	0.01685	0.02107	0.01938	0.01517	0.01938	0.01348	0.02022	0.01011	0.00758	0.00758	0.00253	0.01011	0.00674	0.00337	0.00843
29	0.01877	0.01802	0.03079	0.04656	0.68612	0.01802	0.02328	0.02328	0.01727	0.02478	0.01427	0.01877	0.01201	0.00676	0.00751	0.00225	0.00901	0.00676	0.00375	0.01201
30	0.01790	0.02046	0.04476	0.03197	0.03964	0.01918	0.65857	0.02430	0.01790	0.02430	0.01535	0.02046	0.01151	0.00639	0.00895	0.00256	0.01279	0.00895	0.00384	0.01023
31	0.00896	0.00768	0.00768	0.00768	0.01025	0.00640	0.00576	0.01089	0.01729	0.02049	0.07684	0.07300	0.68304	0.01921	0.00896	0.00256	0.00384	0.01601	0.00704	0.00640
32	0.01432	0.01348	0.02275	0.71520	0.05224	0.01685	0.02107	0.01938	0.01517	0.01938	0.01348	0.02022	0.01011	0.00758	0.00758	0.00253	0.01011	0.00674	0.00337	0.00843
33	0.01945	0.62324	0.14721	0.01440	0.02166	0.02798	0.01545	0.02293	0.01551	0.01886	0.01105	0.01280	0.00971	0.00661	0.00525	0.00175	0.00862	0.00431	0.00324	0.00998
34	0.01609	0.01636	0.03096	0.40244	0.13550	0.01777	0.22725	0.02150	0.01634	0.02171	0.01419	0.02010	0.01082	0.00709	0.00801	0.00250	0.01082	0.00746	0.00357	0.00950
35	0.78701	0.01467	0.01115	0.00997	0.01467	0.01702	0.00821	0.02230	0.01291	0.03403	0.01056	0.01232	0.00821	0.00704	0.00469	0.00235	0.00587	0.00411	0.00469	0.00821
36	0.00924	0.00660	0.00880	0.01056	0.01100	0.00616	0.00704	0.01056	0.01452	0.01936	0.04181	0.72848	0.05017	0.02376	0.00968	0.00308	0.00440	0.02156	0.00704	0.00616
37	0.03356	0.01367	0.01807	0.01385	0.01974	0.01227	0.01145	0.09365	0.02298	0.63289	0.02886	0.02513	0.01824	0.00936	0.00762	0.00234	0.00663	0.00756	0.00922	0.01291
38	0.01481	0.00772	0.00779	0.00755	0.00951	0.00782	0.00572	0.04717	0.01681	0.02917	0.02444	0.02782	0.01914	0.00885	0.00541	0.00179	0.00376	0.00706	0.74032	0.00734
39	0.01103	0.00735	0.00827	0.00827	0.00827	0.00735	0.00460	0.01103	0.01103	0.01471	0.02390	0.04964	0.02758	0.73343	0.03861	0.00735	0.00735	0.01103	0.00460	0.00460
40	0.04252	0.01408	0.02266	0.63027	0.07460	0.01722	0.02038	0.05048	0.01616	0.02148	0.01364	0.01979	0.01025	0.00760	0.00748	0.00250	0.00983	0.00665	0.00364	0.00878
41	0.02685	0.02339	0.02144	0.01750	0.02279	0.16295	0.01401	0.41340	0.15302	0.03873	0.01926	0.01918	0.01419	0.00906	0.00746	0.00227	0.00900	0.00676	0.00685	0.01188
42	0.01318	0.00659	0.00988	0.00988	0.00988	0.00659	0.00659	0.00988	0.00988	0.01318	0.01318	0.02306	0.01318	0.02635	0.02964	0.77931	0.00659	0.00659	0.00329	0.00329
43	0.00923	0.00664	0.00876	0.01045	0.01097	0.00617	0.00699	0.01057	0.01463	0.01941	0.04319	0.70265	0.07511	0.02358	0.00965	0.00306	0.00438	0.02134	0.00704	0.00617
44	0.01755	0.36186	0.39199	0.01763	0.02666	0.02334	0.02108	0.02342	0.01574	0.02117	0.01220	0.01424	0.00967	0.00688	0.00613	0.00204	0.00978	0.00489	0.00322	0.01053
45	0.02461	0.01082	0.01458	0.01190	0.01612	0.00953	0.00953	0.02781	0.02161	0.42414	0.29361	0.03829	0.04012	0.01186	0.00816	0.00236	0.00529	0.01009	0.00897	0.01058
46	0.03403	0.01291	0.01760	0.01350	0.01936	0.01115	0.01115	0.03697	0.02171	0.69137	0.02992	0.02582	0.01878	0.00939	0.00763	0.00235	0.00645	0.00763	0.00939	0.01291
47	0.01542	0.06807	0.66712	0.02126	0.03228	0.01813	0.02740	0.02397	0.01599	0.02377	0.01349	0.01586	0.00961	0.00718	0.00711	0.00237	0.01108	0.00554	0.00320	0.01115
48	0.00926	0.00770	0.00809	0.00799	0.01042	0.00653	0.00599	0.01145	0.01797	0.02212	0.17614	0.07032	0.58272	0.01860	0.00896	0.00253	0.00380	0.01563	0.00726	0.00653
49	0.01103	0.00735	0.00827	0.00827	0.00827	0.00735	0.00460	0.01103	0.01103	0.01471	0.02390	0.04964	0.02758	0.73343	0.03861	0.00735	0.00735	0.01103	0.00460	0.00460
50	0.01774	0.02101	0.06874	0.03105	0.03853	0.01930	0.60670	0.02403	0.01756	0.02403	0.01505	0.02012	0.01137	0.00672	0.00957	0.00258	0.04320	0.00872	0.00379	0.01018
51	0.02833	0.03615	0.02149	0.01954	0.02345	0.70298	0.01466	0.03029	0.02149	0.01856	0.01172	0.01368	0.00977	0.00782	0.00684	0.00195	0.01368	0.00489	0.00391	0.00879
52	0.01103	0.00735	0.00827	0.00827	0.00827	0.00735	0.00460	0.01103	0.01103	0.01471	0.02390	0.04964	0.02758	0.73343	0.03861	0.00735	0.00735	0.01103	0.00460	0.00460
53	0.01879	0.01931	0.05811	0.04281	0.60241	0.04060	0.02248	0.02334	0.01728	0.02454	0.01411	0.01833	0.01180	0.00676	0.00738	0.00219	0.00909	0.00653	0.00377	0.05038
54	0.48268	0.07087	0.04318	0.01094	0.01591	0.01595	0.00957	0.02425	0.01501	0.13850	0.01548	0.01650	0.01141	0.00759	0.00536	0.00223	0.00610	0.00508	0.09430	0.00909

[dist]
# distance from previous block
# <min> <max>
0	1

# created by:
# /st0/software/busco_prod/Augustus/scripts/msa2prfl.pl ./align_prep/120540.fa
