[name]
unknown

[dist]
# distance from previous block
# <min> <max>
15	31

[block]
# block no. 0 follows, 24 sequences, length 8
# corresponding to MSA columns:
# 39-46
name=unknown_A
#
# <colnr> <probs for GDERKNQSTAVLIFYWHMCP>
#	G	D	E	R	K	N	Q	S	T	A	V	L	I	F	Y	W	H	M	C	P
0	0.01213	0.00884	0.01186	0.01122	0.01350	0.00789	0.02981	0.01494	0.01894	0.05216	0.29269	0.27389	0.12782	0.01816	0.00929	0.00266	0.00468	0.01618	0.00768	0.06564
1	0.02732	0.01893	0.02200	0.01722	0.02280	0.02040	0.04055	0.45346	0.03131	0.11036	0.02170	0.04909	0.01641	0.01334	0.05320	0.00309	0.00911	0.00804	0.04935	0.01233
2	0.05552	0.01268	0.01584	0.01301	0.01751	0.01212	0.01043	0.08334	0.06564	0.32736	0.25233	0.03719	0.03828	0.01199	0.00834	0.00248	0.00581	0.01005	0.00895	0.01113
3	0.01526	0.01348	0.02221	0.51105	0.04433	0.01626	0.05373	0.02018	0.01598	0.02213	0.01610	0.02246	0.01236	0.00836	0.00843	0.00254	0.04170	0.00723	0.13753	0.00866
4	0.04649	0.01112	0.01310	0.01168	0.01470	0.01100	0.00900	0.12708	0.02331	0.08184	0.33402	0.13321	0.12062	0.01572	0.00892	0.00258	0.00508	0.01350	0.00819	0.00882
5	0.01823	0.34127	0.40031	0.01864	0.02820	0.02410	0.02240	0.02451	0.01647	0.02228	0.01283	0.01498	0.01010	0.00721	0.00646	0.00215	0.01030	0.00515	0.00337	0.01104
6	0.02737	0.01818	0.02040	0.01634	0.02162	0.01942	0.01319	0.44088	0.03116	0.14087	0.02525	0.14285	0.02128	0.01226	0.00832	0.00254	0.00770	0.00998	0.00812	0.01225
7	0.01136	0.00835	0.01202	0.01202	0.01319	0.00952	0.00901	0.01370	0.01253	0.01788	0.02190	0.03480	0.02141	0.17587	0.57566	0.01186	0.01886	0.00903	0.00435	0.00668

[dist]
# distance from previous block
# <min> <max>
0	2

[block]
# block no. 1 follows, 24 sequences, length 60
# corresponding to MSA columns:
# 49-75,77-109
name=unknown_B
#
# <colnr> <probs for GDERKNQSTAVLIFYWHMCP>
#	G	D	E	R	K	N	Q	S	T	A	V	L	I	F	Y	W	H	M	C	P
0	0.26702	0.01527	0.06036	0.01478	0.06246	0.01416	0.01160	0.06574	0.01964	0.13380	0.18599	0.03162	0.06535	0.01086	0.00736	0.00247	0.00629	0.00862	0.00682	0.00979
1	0.12726	0.08783	0.44227	0.02116	0.07312	0.01883	0.02333	0.02433	0.01629	0.02623	0.01355	0.01604	0.01013	0.00730	0.00687	0.00234	0.01009	0.00551	0.00371	0.06382
2	0.01963	0.01884	0.03219	0.04867	0.67185	0.01884	0.02434	0.02434	0.01806	0.02591	0.01492	0.01963	0.01256	0.00707	0.00785	0.00236	0.00942	0.00707	0.00393	0.01256
3	0.01963	0.01884	0.03219	0.04867	0.67185	0.01884	0.02434	0.02434	0.01806	0.02591	0.01492	0.01963	0.01256	0.00707	0.00785	0.00236	0.00942	0.00707	0.00393	0.01256
4	0.09750	0.00825	0.00785	0.00772	0.00990	0.00852	0.00587	0.01900	0.01629	0.03022	0.02426	0.02775	0.01905	0.00904	0.00547	0.00191	0.00396	0.00706	0.68285	0.00752
5	0.00948	0.00804	0.00818	0.00814	0.01078	0.00674	0.00611	0.01158	0.01832	0.02201	0.11370	0.07535	0.63490	0.01986	0.00937	0.00267	0.00400	0.01660	0.00744	0.00674
6	0.03014	0.02221	0.02380	0.01825	0.02459	0.02459	0.01507	0.64541	0.03728	0.04998	0.01904	0.01904	0.01349	0.00952	0.00793	0.00238	0.00873	0.00714	0.00793	0.01349
7	0.02120	0.72609	0.04155	0.01357	0.02035	0.03138	0.01357	0.02374	0.01611	0.01866	0.01102	0.01272	0.01018	0.00678	0.00509	0.00170	0.00848	0.00424	0.00339	0.01018
8	0.01114	0.00804	0.01053	0.01003	0.01183	0.00743	0.00748	0.01476	0.02208	0.03121	0.63579	0.09280	0.07368	0.01665	0.00939	0.00253	0.00379	0.01476	0.00866	0.00743
9	0.01498	0.01409	0.02378	0.70226	0.05462	0.01762	0.02202	0.02026	0.01586	0.02026	0.01409	0.02114	0.01057	0.00793	0.00793	0.00264	0.01057	0.00705	0.00352	0.00881
10	0.01498	0.01409	0.02378	0.70226	0.05462	0.01762	0.02202	0.02026	0.01586	0.02026	0.01409	0.02114	0.01057	0.00793	0.00793	0.00264	0.01057	0.00705	0.00352	0.00881
11	0.01972	0.01703	0.01793	0.01614	0.02062	0.01972	0.01255	0.04214	0.65752	0.03317	0.03228	0.02959	0.02421	0.01076	0.00807	0.00269	0.00628	0.00897	0.00807	0.01255
12	0.01153	0.00769	0.00865	0.00865	0.00865	0.00769	0.00480	0.01153	0.01153	0.01538	0.02499	0.05189	0.02883	0.72131	0.04036	0.00769	0.00769	0.01153	0.00480	0.00480
13	0.01478	0.00739	0.00739	0.00739	0.00924	0.00739	0.00554	0.01848	0.01663	0.02956	0.02587	0.02956	0.02033	0.00924	0.00554	0.00185	0.00370	0.00739	0.76534	0.00739
14	0.00966	0.00690	0.00920	0.01104	0.01150	0.00644	0.00736	0.01104	0.01518	0.02024	0.04371	0.71614	0.05245	0.02484	0.01012	0.00322	0.00460	0.02254	0.00736	0.00644
15	0.01153	0.00769	0.00865	0.00865	0.00865	0.00769	0.00480	0.01153	0.01153	0.01538	0.02499	0.05189	0.02883	0.72131	0.04036	0.00769	0.00769	0.01153	0.00480	0.00480
16	0.01122	0.00811	0.01060	0.00998	0.01185	0.00748	0.00748	0.01496	0.02245	0.03180	0.66766	0.05923	0.07482	0.01621	0.00935	0.00249	0.00374	0.01434	0.00873	0.00748
17	0.01972	0.01703	0.01793	0.01614	0.02062	0.01972	0.01255	0.04214	0.65752	0.03317	0.03228	0.02959	0.02421	0.01076	0.00807	0.00269	0.00628	0.00897	0.00807	0.01255
18	0.01153	0.00769	0.00865	0.00865	0.00865	0.00769	0.00480	0.01153	0.01153	0.01538	0.02499	0.05189	0.02883	0.72131	0.04036	0.00769	0.00769	0.01153	0.00480	0.00480
19	0.02120	0.72609	0.04155	0.01357	0.02035	0.03138	0.01357	0.02374	0.01611	0.01866	0.01102	0.01272	0.01018	0.00678	0.00509	0.00170	0.00848	0.00424	0.00339	0.01018
20	0.00966	0.00690	0.00920	0.01104	0.01150	0.00644	0.00736	0.01104	0.01518	0.02024	0.04371	0.71614	0.05245	0.02484	0.01012	0.00322	0.00460	0.02254	0.00736	0.00644
21	0.00966	0.00690	0.00920	0.01104	0.01150	0.00644	0.00736	0.01104	0.01518	0.02024	0.04371	0.71614	0.05245	0.02484	0.01012	0.00322	0.00460	0.02254	0.00736	0.00644
22	0.01153	0.00769	0.00865	0.00865	0.00865	0.00769	0.00480	0.01153	0.01153	0.01538	0.02499	0.05189	0.02883	0.72131	0.04036	0.00769	0.00769	0.01153	0.00480	0.00480
23	0.01001	0.00806	0.00892	0.00871	0.01111	0.00697	0.00653	0.01262	0.01959	0.02502	0.28411	0.07039	0.46261	0.01874	0.00937	0.00261	0.00392	0.01590	0.00784	0.00697
24	0.02045	0.01739	0.01834	0.01628	0.02090	0.02006	0.01273	0.08401	0.61447	0.03434	0.03136	0.02885	0.02346	0.01067	0.00806	0.00267	0.00645	0.00884	0.00806	0.01262
25	0.00990	0.00707	0.00948	0.01132	0.01188	0.00665	0.00778	0.01146	0.01542	0.02051	0.04357	0.66798	0.05192	0.02462	0.01019	0.00325	0.00481	0.06834	0.00736	0.00651
26	0.00975	0.00697	0.00928	0.01098	0.01152	0.00650	0.00737	0.01126	0.01559	0.02090	0.07915	0.67882	0.05372	0.02435	0.01008	0.00318	0.00455	0.02208	0.00744	0.00650
27	0.01377	0.00689	0.01033	0.01033	0.01033	0.00689	0.00689	0.01033	0.01033	0.01377	0.01377	0.02410	0.01377	0.02755	0.03099	0.76928	0.00689	0.00689	0.00344	0.00344
28	0.00937	0.00803	0.00803	0.00803	0.01071	0.00669	0.00602	0.01138	0.01807	0.02142	0.08033	0.07632	0.66863	0.02008	0.00937	0.00268	0.00402	0.01674	0.00736	0.00669
29	0.00939	0.00796	0.00810	0.00822	0.01076	0.00668	0.00611	0.01136	0.01790	0.02135	0.07810	0.11535	0.63104	0.02037	0.00942	0.00271	0.00405	0.01709	0.00736	0.00668
30	0.01590	0.04102	0.68023	0.02260	0.03432	0.01842	0.02930	0.02511	0.01674	0.02511	0.01423	0.01674	0.01005	0.00753	0.00753	0.00251	0.01172	0.00586	0.00335	0.01172
31	0.00966	0.00690	0.00920	0.01104	0.01150	0.00644	0.00736	0.01104	0.01518	0.02024	0.04371	0.71614	0.05245	0.02484	0.01012	0.00322	0.00460	0.02254	0.00736	0.00644
32	0.02962	0.03779	0.02247	0.02043	0.02451	0.68948	0.01532	0.03166	0.02247	0.01941	0.01226	0.01430	0.01021	0.00817	0.00715	0.00204	0.01430	0.00511	0.00409	0.00919
33	0.06648	0.00912	0.01137	0.01057	0.01304	0.00862	0.00818	0.01750	0.02143	0.08567	0.50917	0.05575	0.08507	0.01554	0.00903	0.00257	0.00439	0.05005	0.00842	0.00803
34	0.02972	0.03487	0.02272	0.02002	0.02453	0.56482	0.01527	0.14673	0.02525	0.02514	0.01353	0.01519	0.01083	0.00842	0.00730	0.00211	0.01326	0.00549	0.00481	0.01000
35	0.73082	0.01526	0.01239	0.05263	0.01773	0.01778	0.00941	0.02312	0.01364	0.03464	0.01123	0.01339	0.00871	0.00740	0.00509	0.00247	0.00640	0.00446	0.00482	0.00860
36	0.71258	0.01593	0.01271	0.01111	0.01614	0.01838	0.00915	0.07721	0.01556	0.03683	0.01173	0.01342	0.00901	0.00755	0.00517	0.00245	0.00636	0.00454	0.00517	0.00901
37	0.00970	0.00789	0.00859	0.00875	0.01099	0.00678	0.00643	0.01189	0.01835	0.02286	0.16568	0.16199	0.49219	0.02014	0.00947	0.00272	0.00405	0.01717	0.00757	0.00678
38	0.01865	0.02129	0.11439	0.05448	0.06318	0.01754	0.38762	0.02466	0.01821	0.06983	0.01854	0.06902	0.01507	0.00827	0.00874	0.00256	0.01131	0.00925	0.00459	0.06279
39	0.02070	0.04943	0.13513	0.02913	0.18371	0.06352	0.18740	0.02695	0.04811	0.09786	0.06393	0.02311	0.01752	0.00823	0.00819	0.00246	0.01030	0.00796	0.00503	0.01135
40	0.01841	0.02253	0.09530	0.05773	0.07981	0.01976	0.53413	0.02513	0.01842	0.02522	0.01576	0.02091	0.01185	0.00682	0.00907	0.00264	0.01290	0.00886	0.00394	0.01082
41	0.00966	0.00690	0.00920	0.01104	0.01150	0.00644	0.00736	0.01104	0.01518	0.02024	0.04371	0.71614	0.05245	0.02484	0.01012	0.00322	0.00460	0.02254	0.00736	0.00644
42	0.01978	0.19083	0.24783	0.04610	0.10783	0.10539	0.02036	0.04867	0.06273	0.02415	0.01760	0.01957	0.03992	0.00823	0.00711	0.00226	0.01015	0.00632	0.00420	0.01096
43	0.01955	0.02145	0.11713	0.03781	0.38826	0.01823	0.13446	0.02578	0.04583	0.06288	0.01888	0.02230	0.03482	0.00781	0.00815	0.00246	0.00996	0.00778	0.00449	0.01197
44	0.01590	0.04102	0.68023	0.02260	0.03432	0.01842	0.02930	0.02511	0.01674	0.02511	0.01423	0.01674	0.01005	0.00753	0.00753	0.00251	0.01172	0.00586	0.00335	0.01172
45	0.01113	0.00810	0.01047	0.00988	0.01179	0.00744	0.00741	0.01478	0.02222	0.03127	0.63766	0.06011	0.10516	0.01641	0.00935	0.00250	0.00376	0.01446	0.00866	0.00744
46	0.00977	0.00698	0.00930	0.01097	0.01153	0.00651	0.00737	0.01131	0.01568	0.02104	0.08651	0.67108	0.05398	0.02425	0.01007	0.00317	0.00454	0.02198	0.00745	0.00651
47	0.01836	0.02106	0.07497	0.02363	0.05014	0.06927	0.09878	0.02141	0.01427	0.02062	0.01172	0.01770	0.01066	0.01183	0.02052	0.00316	0.49191	0.00705	0.00359	0.00934
48	0.01133	0.00850	0.01274	0.01274	0.01416	0.00991	0.00991	0.01416	0.01274	0.01841	0.02124	0.03115	0.01982	0.05947	0.68989	0.01274	0.02124	0.00850	0.00425	0.00708
49	0.02178	0.67887	0.04024	0.01404	0.02064	0.07652	0.01369	0.02429	0.01655	0.01871	0.01111	0.01283	0.01018	0.00688	0.00523	0.00172	0.00888	0.00430	0.00344	0.01011
50	0.01135	0.00840	0.01227	0.01227	0.01353	0.00966	0.00933	0.01386	0.01261	0.01806	0.02167	0.03353	0.02086	0.13546	0.61532	0.01216	0.01968	0.00884	0.00431	0.00682
51	0.01859	0.01773	0.02422	0.04609	0.02248	0.02407	0.01729	0.08433	0.01490	0.02234	0.01145	0.01767	0.01074	0.01320	0.02346	0.00333	0.60803	0.00696	0.00394	0.00918
52	0.02778	0.01574	0.02081	0.06699	0.11868	0.04884	0.01456	0.03222	0.05926	0.38010	0.02811	0.02714	0.05399	0.01012	0.00925	0.00253	0.05620	0.00812	0.00753	0.01204
53	0.03014	0.02221	0.02380	0.01825	0.02459	0.02459	0.01507	0.64541	0.03728	0.04998	0.01904	0.01904	0.01349	0.00952	0.00793	0.00238	0.00873	0.00714	0.00793	0.01349
54	0.01153	0.00769	0.00865	0.00865	0.00865	0.00769	0.00480	0.01153	0.01153	0.01538	0.02499	0.05189	0.02883	0.72131	0.04036	0.00769	0.00769	0.01153	0.00480	0.00480
55	0.01140	0.00763	0.00869	0.00881	0.00884	0.00760	0.00498	0.01150	0.01178	0.01571	0.02627	0.09746	0.03045	0.67354	0.03829	0.00738	0.00748	0.01229	0.00498	0.00492
56	0.02120	0.72609	0.04155	0.01357	0.02035	0.03138	0.01357	0.02374	0.01611	0.01866	0.01102	0.01272	0.01018	0.00678	0.00509	0.00170	0.00848	0.00424	0.00339	0.01018
57	0.00937	0.00803	0.00803	0.00803	0.01071	0.00669	0.00602	0.01138	0.01807	0.02142	0.08033	0.07632	0.66863	0.02008	0.00937	0.00268	0.00402	0.01674	0.00736	0.00669
58	0.01153	0.00769	0.00865	0.00865	0.00865	0.00769	0.00480	0.01153	0.01153	0.01538	0.02499	0.05189	0.02883	0.72131	0.04036	0.00769	0.00769	0.01153	0.00480	0.00480
59	0.00994	0.00722	0.00938	0.01061	0.01151	0.00666	0.00729	0.01182	0.01680	0.02256	0.16684	0.54192	0.10246	0.02282	0.00992	0.00304	0.00439	0.02053	0.00763	0.00666

[dist]
# distance from previous block
# <min> <max>
0	2

[block]
# block no. 2 follows, 24 sequences, length 25
# corresponding to MSA columns:
# 112-136
name=unknown_C
#
# <colnr> <probs for GDERKNQSTAVLIFYWHMCP>
#	G	D	E	R	K	N	Q	S	T	A	V	L	I	F	Y	W	H	M	C	P
0	0.00966	0.00690	0.00920	0.01104	0.01150	0.00644	0.00736	0.01104	0.01518	0.02024	0.04371	0.71614	0.05245	0.02484	0.01012	0.00322	0.00460	0.02254	0.00736	0.00644
1	0.03518	0.01511	0.01867	0.01453	0.02053	0.05657	0.01190	0.03818	0.02268	0.63374	0.03002	0.02615	0.01901	0.00971	0.00792	0.00243	0.00725	0.00778	0.00944	0.01321
2	0.01318	0.00848	0.01102	0.01032	0.01251	0.00772	0.00776	0.01654	0.02153	0.08892	0.51509	0.11602	0.10715	0.01666	0.00930	0.00257	0.00411	0.01465	0.00862	0.00789
3	0.01137	0.00762	0.00870	0.00885	0.00889	0.00758	0.00502	0.01149	0.01184	0.01579	0.02659	0.10873	0.03085	0.66172	0.03777	0.00731	0.00742	0.01247	0.00502	0.00494
4	0.01498	0.01409	0.02378	0.70226	0.05462	0.01762	0.02202	0.02026	0.01586	0.02026	0.01409	0.02114	0.01057	0.00793	0.00793	0.00264	0.01057	0.00705	0.00352	0.00881
5	0.01153	0.00769	0.00865	0.00865	0.00865	0.00769	0.00480	0.01153	0.01153	0.01538	0.02499	0.05189	0.02883	0.72131	0.04036	0.00769	0.00769	0.01153	0.00480	0.00480
6	0.08730	0.01395	0.01786	0.01413	0.01991	0.01288	0.01166	0.06151	0.05135	0.54606	0.02985	0.02861	0.01997	0.01022	0.00789	0.00252	0.00679	0.03554	0.00919	0.01281
7	0.05776	0.01178	0.01494	0.01270	0.01686	0.01103	0.01016	0.05505	0.04478	0.32115	0.19948	0.08572	0.06334	0.01349	0.00857	0.00260	0.00579	0.04546	0.00876	0.01057
8	0.00966	0.00690	0.00920	0.01104	0.01150	0.00644	0.00736	0.01104	0.01518	0.02024	0.04371	0.71614	0.05245	0.02484	0.01012	0.00322	0.00460	0.02254	0.00736	0.00644
9	0.00937	0.00803	0.00803	0.00803	0.01071	0.00669	0.00602	0.01138	0.01807	0.02142	0.08033	0.07632	0.66863	0.02008	0.00937	0.00268	0.00402	0.01674	0.00736	0.00669
10	0.00995	0.00711	0.00954	0.01138	0.01196	0.00669	0.00787	0.01155	0.01547	0.02057	0.04354	0.65735	0.05181	0.02457	0.01020	0.00326	0.00485	0.07845	0.00736	0.00652
11	0.03558	0.01350	0.01840	0.01411	0.02024	0.01166	0.01166	0.03865	0.02270	0.67734	0.03128	0.02699	0.01963	0.00981	0.00797	0.00245	0.00675	0.00797	0.00981	0.01350
12	0.01133	0.00850	0.01274	0.01274	0.01416	0.00991	0.00991	0.01416	0.01274	0.01841	0.02124	0.03115	0.01982	0.05947	0.68989	0.01274	0.02124	0.00850	0.00425	0.00708
13	0.03558	0.01350	0.01840	0.01411	0.02024	0.01166	0.01166	0.03865	0.02270	0.67734	0.03128	0.02699	0.01963	0.00981	0.00797	0.00245	0.00675	0.00797	0.00981	0.01350
14	0.01266	0.00848	0.01071	0.00993	0.01225	0.00764	0.00753	0.01604	0.02169	0.07670	0.51728	0.05993	0.17628	0.01644	0.00926	0.00252	0.00401	0.01431	0.00857	0.00778
15	0.01478	0.00739	0.00739	0.00739	0.00924	0.00739	0.00554	0.01848	0.01663	0.02956	0.02587	0.02956	0.02033	0.00924	0.00554	0.00185	0.00370	0.00739	0.76534	0.00739
16	0.01807	0.01725	0.02937	0.26753	0.46517	0.01843	0.02356	0.02297	0.01732	0.02402	0.01464	0.02013	0.01189	0.00735	0.00788	0.00245	0.00981	0.00706	0.00379	0.01130
17	0.00966	0.00690	0.00920	0.01104	0.01150	0.00644	0.00736	0.01104	0.01518	0.02024	0.04371	0.71614	0.05245	0.02484	0.01012	0.00322	0.00460	0.02254	0.00736	0.00644
18	0.01519	0.01451	0.02509	0.66427	0.05387	0.01776	0.05729	0.02055	0.01602	0.02055	0.01421	0.02116	0.01065	0.00786	0.00801	0.00264	0.01073	0.00718	0.00355	0.00892
19	0.01735	0.01735	0.02429	0.02082	0.02082	0.02429	0.01735	0.01908	0.01214	0.01908	0.01041	0.01735	0.01041	0.01388	0.02602	0.00347	0.70680	0.00694	0.00347	0.00867
20	0.01377	0.00689	0.01033	0.01033	0.01033	0.00689	0.00689	0.01033	0.01033	0.01377	0.01377	0.02410	0.01377	0.02755	0.03099	0.76928	0.00689	0.00689	0.00344	0.00344
21	0.01535	0.00737	0.01092	0.01060	0.01105	0.00723	0.00723	0.01238	0.01123	0.06182	0.01504	0.02431	0.01420	0.02626	0.02933	0.71376	0.00688	0.00697	0.00390	0.00417
22	0.03426	0.01320	0.01798	0.01388	0.01979	0.01143	0.01143	0.03736	0.02268	0.64228	0.06585	0.02874	0.02263	0.01016	0.00805	0.00246	0.00658	0.00832	0.00976	0.01317
23	0.00999	0.00806	0.00888	0.00868	0.01109	0.00696	0.00651	0.01257	0.01952	0.02486	0.27492	0.07066	0.47190	0.01880	0.00937	0.00262	0.00393	0.01594	0.00782	0.00696
24	0.03558	0.01350	0.01840	0.01411	0.02024	0.01166	0.01166	0.03865	0.02270	0.67734	0.03128	0.02699	0.01963	0.00981	0.00797	0.00245	0.00675	0.00797	0.00981	0.01350

[dist]
# distance from previous block
# <min> <max>
0	10

[block]
# block no. 3 follows, 24 sequences, length 64
# corresponding to MSA columns:
# 147-210
name=unknown_D
#
# <colnr> <probs for GDERKNQSTAVLIFYWHMCP>
#	G	D	E	R	K	N	Q	S	T	A	V	L	I	F	Y	W	H	M	C	P
0	0.00954	0.00800	0.00830	0.00832	0.01084	0.00675	0.00620	0.01168	0.01834	0.02228	0.12995	0.09939	0.59340	0.01993	0.00940	0.00268	0.00402	0.01675	0.00748	0.00675
1	0.02019	0.01727	0.01820	0.01623	0.02080	0.01994	0.01267	0.06934	0.62956	0.03393	0.03168	0.02911	0.02372	0.01070	0.00806	0.00268	0.00639	0.00888	0.00806	0.01259
2	0.01972	0.01703	0.01793	0.01614	0.02062	0.01972	0.01255	0.04214	0.65752	0.03317	0.03228	0.02959	0.02421	0.01076	0.00807	0.00269	0.00628	0.00897	0.00807	0.01255
3	0.03000	0.01400	0.01775	0.01442	0.01976	0.01335	0.01161	0.06271	0.14820	0.46732	0.03202	0.08595	0.02307	0.01127	0.00817	0.00256	0.00656	0.00938	0.00918	0.01271
4	0.01309	0.00900	0.01096	0.01027	0.01275	0.00833	0.00776	0.01741	0.06140	0.07802	0.40067	0.09617	0.21038	0.01680	0.00921	0.00259	0.00425	0.01456	0.00836	0.00801
5	0.02465	0.01948	0.02071	0.01713	0.02250	0.02203	0.01374	0.32737	0.36426	0.04112	0.02602	0.02460	0.01914	0.01017	0.00800	0.00254	0.00743	0.00810	0.00800	0.01299
6	0.02084	0.01363	0.01429	0.01210	0.01582	0.01473	0.00962	0.25134	0.07637	0.03738	0.02387	0.02569	0.01812	0.00947	0.00663	0.00211	0.00576	0.00743	0.42474	0.01006
7	0.16152	0.01316	0.01629	0.01297	0.01837	0.01222	0.01062	0.03311	0.02107	0.48764	0.10484	0.02844	0.02440	0.01016	0.00761	0.00246	0.00628	0.00811	0.00883	0.01191
8	0.01153	0.00769	0.00865	0.00865	0.00865	0.00769	0.00480	0.01153	0.01153	0.01538	0.02499	0.05189	0.02883	0.72131	0.04036	0.00769	0.00769	0.01153	0.00480	0.00480
9	0.00966	0.00690	0.00920	0.01104	0.01150	0.00644	0.00736	0.01104	0.01518	0.02024	0.04371	0.71614	0.05245	0.02484	0.01012	0.00322	0.00460	0.02254	0.00736	0.00644
10	0.00937	0.00803	0.00803	0.00803	0.01071	0.00669	0.00602	0.01138	0.01807	0.02142	0.08033	0.07632	0.66863	0.02008	0.00937	0.00268	0.00402	0.01674	0.00736	0.00669
11	0.01982	0.01003	0.01324	0.01134	0.01478	0.00893	0.00889	0.02322	0.02229	0.26184	0.40710	0.04868	0.08867	0.01415	0.00886	0.00249	0.00483	0.01220	0.00904	0.00959
12	0.01963	0.01884	0.03219	0.04867	0.67185	0.01884	0.02434	0.02434	0.01806	0.02591	0.01492	0.01963	0.01256	0.00707	0.00785	0.00236	0.00942	0.00707	0.00393	0.01256
13	0.01122	0.00811	0.01060	0.00998	0.01185	0.00748	0.00748	0.01496	0.02245	0.03180	0.66766	0.05923	0.07482	0.01621	0.00935	0.00249	0.00374	0.01434	0.00873	0.00748
14	0.00954	0.00796	0.00833	0.00841	0.01086	0.00674	0.00624	0.01165	0.01822	0.02218	0.12540	0.12232	0.57468	0.02012	0.00943	0.00270	0.00404	0.01697	0.00747	0.00674
15	0.00980	0.00729	0.00914	0.01029	0.01138	0.00663	0.00710	0.01161	0.01670	0.02197	0.13127	0.50145	0.18086	0.02277	0.00987	0.00302	0.00437	0.02031	0.00754	0.00663
16	0.02952	0.02184	0.02346	0.01795	0.02433	0.02395	0.01481	0.61672	0.03633	0.04887	0.01881	0.01892	0.01341	0.00935	0.00784	0.00232	0.00860	0.00703	0.00778	0.04818
17	0.01937	0.01864	0.03177	0.07731	0.58695	0.01887	0.04984	0.02499	0.04669	0.02595	0.01570	0.02022	0.01297	0.00726	0.00793	0.00240	0.00950	0.00725	0.00410	0.01231
18	0.00966	0.00690	0.00920	0.01104	0.01150	0.00644	0.00736	0.01104	0.01518	0.02024	0.04371	0.71614	0.05245	0.02484	0.01012	0.00322	0.00460	0.02254	0.00736	0.00644
19	0.00966	0.00690	0.00920	0.01104	0.01150	0.00644	0.00736	0.01104	0.01518	0.02024	0.04371	0.71614	0.05245	0.02484	0.01012	0.00322	0.00460	0.02254	0.00736	0.00644
20	0.02876	0.02078	0.02250	0.01760	0.02354	0.02287	0.01440	0.54609	0.08163	0.07625	0.02162	0.04963	0.01621	0.01027	0.00804	0.00244	0.00828	0.00796	0.00800	0.01312
21	0.01809	0.02020	0.04333	0.03247	0.06834	0.01899	0.56738	0.02429	0.01842	0.02504	0.01804	0.07277	0.01505	0.00805	0.00935	0.00270	0.01254	0.01023	0.00425	0.01047
22	0.77733	0.01534	0.01166	0.01043	0.01534	0.01779	0.00859	0.02331	0.01350	0.03558	0.01104	0.01288	0.00859	0.00736	0.00491	0.00245	0.00613	0.00429	0.00491	0.00859
23	0.03450	0.01353	0.01829	0.01398	0.02016	0.01159	0.01153	0.03759	0.02234	0.64051	0.03031	0.02639	0.01918	0.00959	0.00786	0.00238	0.00670	0.00779	0.00953	0.05625
24	0.01143	0.00764	0.00868	0.00878	0.00881	0.00762	0.00495	0.01150	0.01174	0.01565	0.02604	0.08944	0.03016	0.68194	0.03865	0.00744	0.00751	0.01215	0.00495	0.00490
25	0.77733	0.01534	0.01166	0.01043	0.01534	0.01779	0.00859	0.02331	0.01350	0.03558	0.01104	0.01288	0.00859	0.00736	0.00491	0.00245	0.00613	0.00429	0.00491	0.00859
26	0.01133	0.00850	0.01274	0.01274	0.01416	0.00991	0.00991	0.01416	0.01274	0.01841	0.02124	0.03115	0.01982	0.05947	0.68989	0.01274	0.02124	0.00850	0.00425	0.00708
27	0.00966	0.00690	0.00920	0.01104	0.01150	0.00644	0.00736	0.01104	0.01518	0.02024	0.04371	0.71614	0.05245	0.02484	0.01012	0.00322	0.00460	0.02254	0.00736	0.00644
28	0.00966	0.00690	0.00920	0.01104	0.01150	0.00644	0.00736	0.01104	0.01518	0.02024	0.04371	0.71614	0.05245	0.02484	0.01012	0.00322	0.00460	0.02254	0.00736	0.00644
29	0.01613	0.01376	0.01611	0.01171	0.01846	0.01038	0.00930	0.01955	0.01639	0.02558	0.01546	0.04876	0.01363	0.00675	0.00607	0.00127	0.00581	0.00552	0.00482	0.73453
30	0.00937	0.00803	0.00803	0.00803	0.01071	0.00669	0.00602	0.01138	0.01807	0.02142	0.08033	0.07632	0.66863	0.02008	0.00937	0.00268	0.00402	0.01674	0.00736	0.00669
31	0.01258	0.00993	0.01090	0.01025	0.01292	0.00956	0.00775	0.06215	0.07813	0.02652	0.19908	0.06226	0.34928	0.07855	0.01189	0.00308	0.00494	0.03492	0.00756	0.00777
32	0.03014	0.02221	0.02380	0.01825	0.02459	0.02459	0.01507	0.64541	0.03728	0.04998	0.01904	0.01904	0.01349	0.00952	0.00793	0.00238	0.00873	0.00714	0.00793	0.01349
33	0.01153	0.00769	0.00865	0.00865	0.00865	0.00769	0.00480	0.01153	0.01153	0.01538	0.02499	0.05189	0.02883	0.72131	0.04036	0.00769	0.00769	0.01153	0.00480	0.00480
34	0.01031	0.00807	0.00933	0.00902	0.01129	0.00709	0.00676	0.01320	0.02029	0.02668	0.37808	0.06766	0.36760	0.01812	0.00936	0.00258	0.00388	0.01552	0.00806	0.00709
35	0.00966	0.00690	0.00920	0.01104	0.01150	0.00644	0.00736	0.01104	0.01518	0.02024	0.04371	0.71614	0.05245	0.02484	0.01012	0.00322	0.00460	0.02254	0.00736	0.00644
36	0.03429	0.01321	0.01799	0.01389	0.01980	0.01143	0.01143	0.03739	0.02268	0.64312	0.06502	0.02870	0.02256	0.01015	0.00805	0.00246	0.00659	0.00831	0.00976	0.01318
37	0.01377	0.00689	0.01033	0.01033	0.01033	0.00689	0.00689	0.01033	0.01033	0.01377	0.01377	0.02410	0.01377	0.02755	0.03099	0.76928	0.00689	0.00689	0.00344	0.00344
38	0.00940	0.00791	0.00816	0.00836	0.01080	0.00667	0.00617	0.01134	0.01776	0.02129	0.07632	0.14641	0.60113	0.02060	0.00945	0.00274	0.00408	0.01737	0.00736	0.00667
39	0.01590	0.04102	0.68023	0.02260	0.03432	0.01842	0.02930	0.02511	0.01674	0.02511	0.01423	0.01674	0.01005	0.00753	0.00753	0.00251	0.01172	0.00586	0.00335	0.01172
40	0.01972	0.01703	0.01793	0.01614	0.02062	0.01972	0.01255	0.04214	0.65752	0.03317	0.03228	0.02959	0.02421	0.01076	0.00807	0.00269	0.00628	0.00897	0.00807	0.01255
41	0.01377	0.00689	0.01033	0.01033	0.01033	0.00689	0.00689	0.01033	0.01033	0.01377	0.01377	0.02410	0.01377	0.02755	0.03099	0.76928	0.00689	0.00689	0.00344	0.00344
42	0.01003	0.00706	0.00909	0.01056	0.01093	0.00669	0.00685	0.01114	0.01445	0.01927	0.03998	0.58381	0.04774	0.16359	0.01615	0.00411	0.00522	0.02035	0.00685	0.00612
43	0.00966	0.00690	0.00920	0.01104	0.01150	0.00644	0.00736	0.01104	0.01518	0.02024	0.04371	0.71614	0.05245	0.02484	0.01012	0.00322	0.00460	0.02254	0.00736	0.00644
44	0.02120	0.72609	0.04155	0.01357	0.02035	0.03138	0.01357	0.02374	0.01611	0.01866	0.01102	0.01272	0.01018	0.00678	0.00509	0.00170	0.00848	0.00424	0.00339	0.01018
45	0.01153	0.00769	0.00865	0.00865	0.00865	0.00769	0.00480	0.01153	0.01153	0.01538	0.02499	0.05189	0.02883	0.72131	0.04036	0.00769	0.00769	0.01153	0.00480	0.00480
46	0.01963	0.01884	0.03219	0.04867	0.67185	0.01884	0.02434	0.02434	0.01806	0.02591	0.01492	0.01963	0.01256	0.00707	0.00785	0.00236	0.00942	0.00707	0.00393	0.01256
47	0.01122	0.00811	0.01060	0.00998	0.01185	0.00748	0.00748	0.01496	0.02245	0.03180	0.66766	0.05923	0.07482	0.01621	0.00935	0.00249	0.00374	0.01434	0.00873	0.00748
48	0.00966	0.00690	0.00920	0.01104	0.01150	0.00644	0.00736	0.01104	0.01518	0.02024	0.04371	0.71614	0.05245	0.02484	0.01012	0.00322	0.00460	0.02254	0.00736	0.00644
49	0.01644	0.01409	0.01644	0.01175	0.01879	0.01057	0.00940	0.01997	0.01644	0.02584	0.01409	0.01644	0.01175	0.00587	0.00587	0.00117	0.00587	0.00470	0.00470	0.76979
50	0.01872	0.02139	0.04679	0.03342	0.04144	0.02005	0.64305	0.02540	0.01872	0.02540	0.01604	0.02139	0.01203	0.00668	0.00936	0.00267	0.01337	0.00936	0.00401	0.01070
51	0.01590	0.04102	0.68023	0.02260	0.03432	0.01842	0.02930	0.02511	0.01674	0.02511	0.01423	0.01674	0.01005	0.00753	0.00753	0.00251	0.01172	0.00586	0.00335	0.01172
52	0.03415	0.01637	0.01909	0.01546	0.02105	0.07146	0.01227	0.03640	0.02305	0.54825	0.03332	0.05922	0.04652	0.01186	0.00880	0.00279	0.00782	0.00920	0.00958	0.01334
53	0.07980	0.14176	0.35999	0.01800	0.02625	0.06849	0.02041	0.02409	0.01703	0.05388	0.01979	0.07105	0.04846	0.00950	0.00721	0.00240	0.00978	0.00733	0.00434	0.01046
54	0.02171	0.65608	0.07037	0.01402	0.02100	0.02972	0.01421	0.02460	0.01649	0.05388	0.01225	0.01367	0.01067	0.00698	0.00536	0.00177	0.00854	0.00451	0.00373	0.01042
55	0.01611	0.03956	0.63330	0.02340	0.03485	0.01854	0.07476	0.02513	0.01689	0.02513	0.01436	0.01709	0.01019	0.00747	0.00767	0.00252	0.01184	0.00612	0.00340	0.01164
56	0.02631	0.02921	0.02083	0.01944	0.04943	0.44274	0.01430	0.05539	0.05183	0.07057	0.02279	0.02369	0.08792	0.01006	0.00842	0.00227	0.04282	0.00710	0.00520	0.00968
57	0.01489	0.01356	0.02279	0.65100	0.05134	0.01682	0.02090	0.01953	0.01545	0.01978	0.01407	0.02136	0.01081	0.00938	0.00964	0.05943	0.01030	0.00704	0.00352	0.00841
58	0.01179	0.00914	0.01315	0.04356	0.01541	0.01066	0.01002	0.01407	0.01298	0.01836	0.02341	0.11888	0.02401	0.14024	0.43116	0.00965	0.07148	0.01050	0.00462	0.00689
59	0.01577	0.01377	0.02547	0.07660	0.05646	0.01322	0.23641	0.01960	0.01715	0.07086	0.02986	0.27589	0.05366	0.04412	0.01065	0.00305	0.00870	0.01410	0.00577	0.00890
60	0.07988	0.01780	0.01888	0.01524	0.02030	0.01932	0.01216	0.36143	0.10871	0.03962	0.02159	0.05232	0.01763	0.07198	0.01037	0.00280	0.00750	0.00800	0.04132	0.07315
61	0.01175	0.00821	0.00962	0.00942	0.01124	0.00747	0.00674	0.01385	0.01781	0.05250	0.22612	0.09354	0.26419	0.18747	0.01686	0.00389	0.00511	0.04020	0.00724	0.00678
62	0.01445	0.01180	0.01855	0.01574	0.01931	0.01105	0.11692	0.01827	0.01896	0.05088	0.21500	0.10876	0.06606	0.01502	0.00991	0.00270	0.03429	0.13884	0.00677	0.10668
63	0.02428	0.48035	0.03510	0.01554	0.02184	0.12732	0.01414	0.15204	0.02138	0.02517	0.01285	0.01425	0.01086	0.00755	0.00597	0.00189	0.00939	0.00496	0.00442	0.01071

[dist]
# distance from previous block
# <min> <max>
0	3

[block]
# block no. 4 follows, 24 sequences, length 8
# corresponding to MSA columns:
# 214-221
name=unknown_E
#
# <colnr> <probs for GDERKNQSTAVLIFYWHMCP>
#	G	D	E	R	K	N	Q	S	T	A	V	L	I	F	Y	W	H	M	C	P
0	0.02226	0.01376	0.01642	0.01372	0.01840	0.01342	0.01079	0.09728	0.15597	0.20519	0.10465	0.12260	0.02970	0.01217	0.00812	0.00241	0.00608	0.01032	0.00798	0.12876
1	0.01763	0.15195	0.53634	0.02086	0.03145	0.02091	0.02587	0.06213	0.01787	0.02555	0.01399	0.01622	0.01027	0.00753	0.00716	0.00237	0.01101	0.00567	0.00363	0.01157
2	0.01574	0.01487	0.02344	0.53384	0.04627	0.01893	0.02052	0.02167	0.06239	0.02101	0.01479	0.02111	0.01155	0.00917	0.01107	0.00279	0.13078	0.00717	0.00385	0.00906
3	0.03068	0.01697	0.09289	0.01511	0.02178	0.01311	0.01359	0.03629	0.08131	0.50286	0.02839	0.02543	0.01849	0.00940	0.00780	0.00240	0.00721	0.00763	0.00860	0.06006
4	0.01946	0.01485	0.01734	0.01259	0.01949	0.01205	0.01015	0.08344	0.01905	0.08476	0.01608	0.01762	0.01260	0.00658	0.00626	0.00140	0.00623	0.00522	0.00546	0.62936
5	0.01010	0.00714	0.00925	0.01057	0.01109	0.00673	0.00698	0.01149	0.01530	0.02058	0.09946	0.55151	0.05089	0.13190	0.01473	0.00384	0.00500	0.02007	0.00709	0.00629
6	0.01088	0.00814	0.01033	0.01136	0.01306	0.00759	0.00892	0.01353	0.01798	0.02330	0.13479	0.24131	0.21565	0.02142	0.01011	0.00313	0.00528	0.22874	0.00752	0.00695
7	0.32069	0.01457	0.01708	0.03468	0.01899	0.01700	0.04653	0.03975	0.01463	0.02778	0.01555	0.06399	0.01416	0.01609	0.09196	0.00386	0.15199	0.00712	0.02817	0.05542

[dist]
# distance from previous block
# <min> <max>
5	9

[block]
# block no. 5 follows, 24 sequences, length 17
# corresponding to MSA columns:
# 232-248
name=unknown_F
#
# <colnr> <probs for GDERKNQSTAVLIFYWHMCP>
#	G	D	E	R	K	N	Q	S	T	A	V	L	I	F	Y	W	H	M	C	P
0	0.02029	0.60841	0.15126	0.01512	0.02275	0.02915	0.01627	0.02398	0.01622	0.01977	0.01158	0.01341	0.01015	0.00691	0.00551	0.00184	0.00904	0.00452	0.00338	0.01044
1	0.77733	0.01534	0.01166	0.01043	0.01534	0.01779	0.00859	0.02331	0.01350	0.03558	0.01104	0.01288	0.00859	0.00736	0.00491	0.00245	0.00613	0.00429	0.00491	0.00859
2	0.01808	0.02037	0.04415	0.03185	0.03934	0.01910	0.59836	0.02439	0.01847	0.02504	0.01799	0.07023	0.01487	0.00796	0.00941	0.00271	0.01275	0.01029	0.00425	0.01040
3	0.01153	0.00769	0.00865	0.00865	0.00865	0.00769	0.00480	0.01153	0.01153	0.01538	0.02499	0.05189	0.02883	0.72131	0.04036	0.00769	0.00769	0.01153	0.00480	0.00480
4	0.01133	0.00850	0.01274	0.01274	0.01416	0.00991	0.00991	0.01416	0.01274	0.01841	0.02124	0.03115	0.01982	0.05947	0.68989	0.01274	0.02124	0.00850	0.00425	0.00708
5	0.03014	0.02221	0.02380	0.01825	0.02459	0.02459	0.01507	0.64541	0.03728	0.04998	0.01904	0.01904	0.01349	0.00952	0.00793	0.00238	0.00873	0.00714	0.00793	0.01349
6	0.01644	0.01409	0.01644	0.01175	0.01879	0.01057	0.00940	0.01997	0.01644	0.02584	0.01409	0.01644	0.01175	0.00587	0.00587	0.00117	0.00587	0.00470	0.00470	0.76979
7	0.01644	0.01409	0.01644	0.01175	0.01879	0.01057	0.00940	0.01997	0.01644	0.02584	0.01409	0.01644	0.01175	0.00587	0.00587	0.00117	0.00587	0.00470	0.00470	0.76979
8	0.01623	0.08263	0.64143	0.02205	0.03347	0.01920	0.02834	0.02503	0.01670	0.02472	0.01404	0.01650	0.01005	0.00749	0.00739	0.00246	0.01152	0.00576	0.00335	0.01163
9	0.03014	0.02221	0.02380	0.01825	0.02459	0.02459	0.01507	0.64541	0.03728	0.04998	0.01904	0.01904	0.01349	0.00952	0.00793	0.00238	0.00873	0.00714	0.00793	0.01349
10	0.01082	0.00779	0.01029	0.01059	0.01201	0.00725	0.00776	0.01382	0.01991	0.02768	0.43400	0.26795	0.06604	0.01927	0.00969	0.00279	0.00422	0.05276	0.00821	0.00714
11	0.03558	0.01350	0.01840	0.01411	0.02024	0.01166	0.01166	0.03865	0.02270	0.67734	0.03128	0.02699	0.01963	0.00981	0.00797	0.00245	0.00675	0.00797	0.00981	0.01350
12	0.02120	0.72609	0.04155	0.01357	0.02035	0.03138	0.01357	0.02374	0.01611	0.01866	0.01102	0.01272	0.01018	0.00678	0.00509	0.00170	0.00848	0.00424	0.00339	0.01018
13	0.02951	0.02190	0.02344	0.01812	0.02435	0.02430	0.01492	0.60876	0.07496	0.04896	0.01984	0.01968	0.01414	0.00959	0.00794	0.00240	0.00858	0.00725	0.00794	0.01343
14	0.02071	0.66308	0.10029	0.01440	0.02164	0.03019	0.01502	0.02387	0.01617	0.01925	0.01132	0.01309	0.01016	0.00685	0.00531	0.00177	0.00878	0.00439	0.00339	0.01032
15	0.01639	0.10402	0.62149	0.02177	0.03304	0.01961	0.02785	0.02499	0.01668	0.02452	0.01394	0.01637	0.01006	0.00746	0.00731	0.00244	0.01142	0.00571	0.00335	0.01158
16	0.05441	0.37336	0.30694	0.01724	0.02597	0.02441	0.01985	0.02498	0.01656	0.05243	0.01330	0.01507	0.01048	0.00726	0.00624	0.00211	0.00965	0.00509	0.00374	0.01090

[dist]
# distance from previous block
# <min> <max>
2	4

[block]
# block no. 6 follows, 24 sequences, length 6
# corresponding to MSA columns:
# 253-258
name=unknown_G
#
# <colnr> <probs for GDERKNQSTAVLIFYWHMCP>
#	G	D	E	R	K	N	Q	S	T	A	V	L	I	F	Y	W	H	M	C	P
0	0.01996	0.56549	0.19128	0.01569	0.02363	0.02834	0.01726	0.02407	0.01626	0.02017	0.01178	0.01366	0.01015	0.00696	0.00566	0.00189	0.00924	0.00462	0.00338	0.01054
1	0.01963	0.01884	0.03219	0.04867	0.67185	0.01884	0.02434	0.02434	0.01806	0.02591	0.01492	0.01963	0.01256	0.00707	0.00785	0.00236	0.00942	0.00707	0.00393	0.01256
2	0.01745	0.01802	0.02974	0.09045	0.02917	0.02260	0.17089	0.02074	0.01411	0.02074	0.01215	0.01871	0.01082	0.01154	0.02018	0.00319	0.46915	0.00754	0.00361	0.00918
3	0.13176	0.52438	0.12765	0.01439	0.02159	0.02754	0.01506	0.02387	0.01582	0.02206	0.01148	0.01331	0.00992	0.00698	0.00541	0.00192	0.00859	0.00448	0.00361	0.01016
4	0.01672	0.01256	0.01489	0.01203	0.01709	0.01048	0.00930	0.06618	0.01823	0.07039	0.02651	0.19531	0.05696	0.01190	0.00742	0.00194	0.00573	0.01020	0.00610	0.43008
5	0.01464	0.03356	0.53182	0.01996	0.02930	0.01584	0.02445	0.02229	0.01694	0.02489	0.06699	0.12285	0.02109	0.01073	0.00805	0.00261	0.01008	0.00894	0.00434	0.01063

[dist]
# distance from previous block
# <min> <max>
0	8

# created by:
# /st0/software/busco_prod/Augustus/scripts/msa2prfl.pl ./align_prep/120688.fa
