[name]
unknown

[dist]
# distance from previous block
# <min> <max>
0	139

[block]
# block no. 0 follows, 24 sequences, length 9
# corresponding to MSA columns:
# 139-147
name=unknown_A
#
# <colnr> <probs for GDERKNQSTAVLIFYWHMCP>
#	G	D	E	R	K	N	Q	S	T	A	V	L	I	F	Y	W	H	M	C	P
0	0.01405	0.01141	0.01598	0.01633	0.01765	0.01334	0.01405	0.01717	0.01656	0.02244	0.03321	0.06942	0.03585	0.01968	0.01514	0.00360	0.20161	0.44860	0.00624	0.00768
1	0.01608	0.01513	0.02422	0.13486	0.39615	0.01528	0.01890	0.02013	0.01773	0.02382	0.03296	0.03560	0.19451	0.01081	0.00828	0.00249	0.00809	0.00975	0.00482	0.01037
2	0.01988	0.52831	0.03458	0.01306	0.01992	0.02560	0.01241	0.02270	0.01620	0.02065	0.01188	0.01375	0.01061	0.00653	0.00531	0.00155	0.00776	0.00437	0.00375	0.22118
3	0.01899	0.01625	0.02300	0.03067	0.33340	0.05039	0.01704	0.05858	0.06136	0.06678	0.02519	0.21391	0.02479	0.01262	0.00847	0.00261	0.00792	0.01145	0.00576	0.01080
4	0.01953	0.01180	0.01482	0.01208	0.01660	0.01026	0.00958	0.05494	0.02124	0.18599	0.25833	0.05978	0.03912	0.01191	0.00806	0.00217	0.00546	0.02962	0.00774	0.22096
5	0.01764	0.01735	0.02896	0.21911	0.26631	0.02012	0.07591	0.02185	0.01587	0.02242	0.01354	0.01956	0.01137	0.00916	0.01305	0.00277	0.20380	0.00723	0.00370	0.01029
6	0.02065	0.01767	0.02528	0.25201	0.21337	0.01909	0.01929	0.19501	0.02249	0.03072	0.01570	0.01960	0.01207	0.00790	0.00767	0.00232	0.00920	0.00681	0.00499	0.09818
7	0.36036	0.05301	0.01468	0.05523	0.01805	0.05945	0.01008	0.02163	0.01566	0.08452	0.02216	0.21007	0.02206	0.01249	0.00697	0.00261	0.00671	0.00991	0.00579	0.00856
8	0.34408	0.01915	0.07551	0.01540	0.02117	0.01911	0.04699	0.10395	0.19613	0.05693	0.01914	0.01954	0.01420	0.00863	0.00673	0.00253	0.00739	0.00647	0.00613	0.01083

[dist]
# distance from previous block
# <min> <max>
3	12

[block]
# block no. 1 follows, 24 sequences, length 6
# corresponding to MSA columns:
# 160-165
name=unknown_B
#
# <colnr> <probs for GDERKNQSTAVLIFYWHMCP>
#	G	D	E	R	K	N	Q	S	T	A	V	L	I	F	Y	W	H	M	C	P
0	0.01946	0.44364	0.07317	0.01566	0.02162	0.07968	0.06251	0.02270	0.01742	0.02105	0.07869	0.07625	0.02013	0.00935	0.00657	0.00205	0.00875	0.00730	0.00434	0.00966
1	0.09041	0.04208	0.08160	0.01462	0.01969	0.06992	0.01286	0.02914	0.13094	0.19604	0.10749	0.03549	0.06632	0.01165	0.00799	0.00255	0.00729	0.05604	0.00726	0.01061
2	0.04653	0.07259	0.01973	0.01544	0.01965	0.11998	0.04687	0.08249	0.11165	0.09139	0.10591	0.08822	0.08388	0.01274	0.00824	0.00253	0.00779	0.04768	0.00682	0.00987
3	0.08657	0.07878	0.02349	0.01724	0.02254	0.10898	0.07042	0.23799	0.06029	0.07128	0.12053	0.02497	0.02287	0.00982	0.00771	0.00235	0.00863	0.00788	0.00668	0.01098
4	0.02090	0.01479	0.01994	0.05845	0.02268	0.01495	0.07140	0.20336	0.02449	0.11324	0.14019	0.12362	0.03171	0.01287	0.00865	0.00256	0.00734	0.04397	0.00735	0.05754
5	0.02352	0.01582	0.02040	0.01820	0.07441	0.01583	0.04699	0.13234	0.16165	0.18814	0.09059	0.03009	0.05696	0.01038	0.00807	0.00240	0.00704	0.00883	0.00763	0.08073

[dist]
# distance from previous block
# <min> <max>
4	12

[block]
# block no. 2 follows, 24 sequences, length 121
# corresponding to MSA columns:
# 178-298
name=unknown_C
#
# <colnr> <probs for GDERKNQSTAVLIFYWHMCP>
#	G	D	E	R	K	N	Q	S	T	A	V	L	I	F	Y	W	H	M	C	P
0	0.01830	0.02203	0.10194	0.03472	0.18736	0.01932	0.39219	0.02439	0.01799	0.02507	0.01631	0.04364	0.01326	0.00775	0.00952	0.00263	0.03972	0.00883	0.00402	0.01101
1	0.01756	0.25254	0.42377	0.02084	0.06415	0.02210	0.02341	0.02419	0.01657	0.02298	0.01422	0.03816	0.01159	0.00783	0.00687	0.00227	0.01035	0.00596	0.00352	0.01111
2	0.01907	0.45065	0.29834	0.01720	0.02597	0.02617	0.01989	0.02429	0.01637	0.02125	0.01231	0.01434	0.01012	0.00709	0.00607	0.00202	0.00978	0.00489	0.00337	0.01080
3	0.06926	0.43911	0.09009	0.01458	0.02090	0.05534	0.01423	0.07813	0.01846	0.02408	0.06083	0.01803	0.01558	0.01044	0.03918	0.00249	0.00917	0.00563	0.00435	0.01011
4	0.19822	0.09266	0.01914	0.01422	0.01922	0.01997	0.01158	0.09384	0.31412	0.03347	0.05544	0.02373	0.02000	0.00947	0.00696	0.00242	0.00658	0.00726	0.00669	0.04501
5	0.02693	0.01912	0.02111	0.01702	0.02243	0.02084	0.01394	0.47318	0.06707	0.08493	0.02432	0.07854	0.02008	0.01179	0.00836	0.00257	0.00804	0.05936	0.00797	0.01239
6	0.01135	0.00771	0.00886	0.00894	0.00914	0.00771	0.00523	0.01164	0.01201	0.01598	0.02777	0.08130	0.05424	0.62875	0.07156	0.00756	0.00811	0.01207	0.00499	0.00507
7	0.02191	0.01673	0.01880	0.01443	0.02064	0.01602	0.01161	0.22932	0.09003	0.06501	0.01974	0.05040	0.01580	0.00862	0.00707	0.00188	0.00684	0.00690	0.00648	0.37177
8	0.01127	0.00814	0.01067	0.01013	0.01199	0.00754	0.00765	0.01501	0.02231	0.03154	0.64752	0.06021	0.07388	0.01639	0.00940	0.00253	0.00386	0.03379	0.00868	0.00748
9	0.01963	0.01884	0.03219	0.04867	0.67185	0.01884	0.02434	0.02434	0.01806	0.02591	0.01492	0.01963	0.01256	0.00707	0.00785	0.00236	0.00942	0.00707	0.00393	0.01256
10	0.00962	0.00804	0.00838	0.00830	0.01087	0.00680	0.00622	0.01187	0.01867	0.02283	0.16010	0.07400	0.58798	0.01956	0.00937	0.00265	0.00398	0.01641	0.00755	0.00680
11	0.01872	0.02139	0.04679	0.03342	0.04144	0.02005	0.64305	0.02540	0.01872	0.02540	0.01604	0.02139	0.01203	0.00668	0.00936	0.00267	0.01337	0.00936	0.00401	0.01070
12	0.77733	0.01534	0.01166	0.01043	0.01534	0.01779	0.00859	0.02331	0.01350	0.03558	0.01104	0.01288	0.00859	0.00736	0.00491	0.00245	0.00613	0.00429	0.00491	0.00859
13	0.03454	0.01353	0.01830	0.01398	0.02016	0.01160	0.01153	0.03763	0.02236	0.64209	0.03035	0.02642	0.01920	0.00960	0.00786	0.00238	0.00670	0.00780	0.00954	0.05442
14	0.77733	0.01534	0.01166	0.01043	0.01534	0.01779	0.00859	0.02331	0.01350	0.03558	0.01104	0.01288	0.00859	0.00736	0.00491	0.00245	0.00613	0.00429	0.00491	0.00859
15	0.01104	0.00804	0.01039	0.00993	0.01177	0.00739	0.00740	0.01457	0.02183	0.03064	0.60360	0.09414	0.10580	0.01687	0.00939	0.00254	0.00380	0.01489	0.00858	0.00739
16	0.01662	0.13366	0.59386	0.02138	0.03243	0.02017	0.02717	0.02493	0.01666	0.02424	0.01380	0.01620	0.01006	0.00743	0.00720	0.00240	0.01128	0.00564	0.00335	0.01151
17	0.02137	0.01519	0.01911	0.01418	0.02086	0.01301	0.04518	0.06943	0.07023	0.14990	0.01921	0.01991	0.01435	0.00730	0.00678	0.00170	0.00668	0.00608	0.00611	0.47344
18	0.01153	0.00769	0.00865	0.00865	0.00865	0.00769	0.00480	0.01153	0.01153	0.01538	0.02499	0.05189	0.02883	0.72131	0.04036	0.00769	0.00769	0.01153	0.00480	0.00480
19	0.01628	0.08966	0.63488	0.02196	0.03333	0.01934	0.02818	0.02502	0.01670	0.02465	0.01400	0.01646	0.01005	0.00748	0.00736	0.00245	0.01149	0.00574	0.00335	0.01161
20	0.00989	0.00716	0.00925	0.01082	0.01154	0.00666	0.00739	0.01138	0.01544	0.02030	0.04621	0.59024	0.10993	0.05804	0.01156	0.00341	0.00483	0.05228	0.00723	0.00643
21	0.01877	0.02116	0.04529	0.03252	0.04036	0.02004	0.61029	0.02627	0.05191	0.02580	0.01689	0.02182	0.01266	0.00690	0.00929	0.00267	0.01300	0.00934	0.00422	0.01079
22	0.01104	0.00810	0.01034	0.00978	0.01173	0.00740	0.00734	0.01461	0.02201	0.03076	0.60878	0.06095	0.13436	0.01660	0.00935	0.00251	0.00377	0.01458	0.00859	0.00740
23	0.01947	0.02062	0.02391	0.02029	0.02191	0.14313	0.04887	0.02171	0.01480	0.02033	0.01198	0.01755	0.01101	0.01183	0.01969	0.00297	0.47429	0.00664	0.04065	0.04836
24	0.66362	0.01511	0.01314	0.07061	0.01905	0.01738	0.00995	0.02403	0.01429	0.07548	0.01261	0.01450	0.00947	0.00757	0.00537	0.00247	0.00656	0.00477	0.00510	0.00892
25	0.01153	0.00769	0.00865	0.00865	0.00865	0.00769	0.00480	0.01153	0.01153	0.01538	0.02499	0.05189	0.02883	0.72131	0.04036	0.00769	0.00769	0.01153	0.00480	0.00480
26	0.01383	0.00691	0.01018	0.01018	0.01027	0.00691	0.00682	0.01075	0.01066	0.01459	0.01440	0.02439	0.01411	0.02660	0.02967	0.72941	0.00672	0.00691	0.04303	0.00365
27	0.01078	0.00842	0.01175	0.06991	0.01594	0.00894	0.00947	0.01252	0.01497	0.02014	0.03830	0.59651	0.04525	0.02246	0.01133	0.00319	0.06671	0.01987	0.00670	0.00684
28	0.01122	0.00811	0.01060	0.00998	0.01185	0.00748	0.00748	0.01496	0.02245	0.03180	0.66766	0.05923	0.07482	0.01621	0.00935	0.00249	0.00374	0.01434	0.00873	0.00748
29	0.01876	0.02126	0.04604	0.03421	0.07405	0.01999	0.61104	0.02535	0.01868	0.02543	0.01598	0.02130	0.01206	0.00670	0.00928	0.00266	0.01316	0.00924	0.00401	0.01079
30	0.02075	0.66727	0.09639	0.01434	0.02155	0.03026	0.01492	0.02386	0.01617	0.01921	0.01130	0.01307	0.01017	0.00685	0.00530	0.00177	0.00876	0.00438	0.00339	0.01031
31	0.03351	0.01337	0.01796	0.01398	0.01981	0.01181	0.01147	0.03753	0.05258	0.61207	0.06577	0.02886	0.02283	0.01021	0.00805	0.00247	0.00656	0.00837	0.00967	0.01313
32	0.01034	0.00776	0.00959	0.00980	0.01148	0.00700	0.00710	0.01301	0.01938	0.02609	0.35297	0.24462	0.21277	0.01953	0.00957	0.00274	0.00405	0.01719	0.00802	0.00700
33	0.01223	0.00902	0.01191	0.01327	0.01511	0.00892	0.01104	0.01628	0.04896	0.02375	0.07077	0.17868	0.11139	0.02139	0.01046	0.00339	0.00636	0.41229	0.00741	0.00737
34	0.02679	0.01976	0.01913	0.01635	0.02136	0.13306	0.01287	0.06667	0.32420	0.22997	0.02791	0.02567	0.01989	0.00996	0.00788	0.00249	0.00792	0.00791	0.00791	0.01230
35	0.01024	0.00752	0.00962	0.01042	0.01168	0.00691	0.00741	0.01255	0.01803	0.02426	0.25012	0.39527	0.14276	0.02131	0.00980	0.00293	0.00434	0.04020	0.00780	0.00684
36	0.00983	0.00702	0.00939	0.01123	0.01176	0.00658	0.00765	0.01132	0.01534	0.02043	0.04362	0.68321	0.05209	0.02469	0.01017	0.00324	0.00474	0.05385	0.00736	0.00649
37	0.26796	0.02015	0.01982	0.01722	0.05521	0.05607	0.01325	0.36144	0.02718	0.04156	0.01671	0.03929	0.01295	0.00912	0.00699	0.00241	0.00809	0.00662	0.00654	0.01142
38	0.01553	0.01466	0.02479	0.62429	0.12824	0.01776	0.02230	0.02075	0.01612	0.02093	0.01419	0.02096	0.01081	0.00783	0.00792	0.00261	0.01043	0.00705	0.00357	0.00926
39	0.02193	0.31097	0.23904	0.01841	0.02599	0.21601	0.01907	0.02645	0.01814	0.02092	0.01240	0.01445	0.01015	0.00742	0.00646	0.00205	0.01118	0.00500	0.00358	0.01038
40	0.01614	0.07148	0.65183	0.02220	0.03370	0.01899	0.02860	0.02505	0.01671	0.02483	0.01409	0.01656	0.01005	0.00750	0.00743	0.00248	0.01158	0.00579	0.00335	0.01165
41	0.01122	0.00811	0.01060	0.00998	0.01185	0.00748	0.00748	0.01496	0.02245	0.03180	0.66766	0.05923	0.07482	0.01621	0.00935	0.00249	0.00374	0.01434	0.00873	0.00748
42	0.02321	0.01106	0.01364	0.03875	0.01621	0.01064	0.00905	0.06634	0.01930	0.27848	0.02687	0.03196	0.02090	0.15060	0.01364	0.00331	0.00628	0.00841	0.24165	0.00970
43	0.01644	0.01409	0.01644	0.01175	0.01879	0.01057	0.00940	0.01997	0.01644	0.02584	0.01409	0.01644	0.01175	0.00587	0.00587	0.00117	0.00587	0.00470	0.00470	0.76979
44	0.01498	0.01409	0.02378	0.70226	0.05462	0.01762	0.02202	0.02026	0.01586	0.02026	0.01409	0.02114	0.01057	0.00793	0.00793	0.00264	0.01057	0.00705	0.00352	0.00881
45	0.02620	0.02025	0.02158	0.01745	0.02309	0.02275	0.01412	0.41695	0.27217	0.04361	0.02405	0.02303	0.01755	0.00999	0.00798	0.00250	0.00780	0.00783	0.00798	0.01313
46	0.02908	0.02922	0.02227	0.01877	0.02375	0.35606	0.01470	0.30566	0.02879	0.03362	0.01601	0.01722	0.01221	0.00883	0.00742	0.00218	0.01125	0.00614	0.04580	0.01102
47	0.00973	0.00696	0.00926	0.01099	0.01152	0.00649	0.00737	0.01122	0.01551	0.02077	0.07206	0.68629	0.05346	0.02445	0.01009	0.00319	0.00456	0.02217	0.00742	0.00649
48	0.03132	0.02032	0.02263	0.01735	0.02365	0.02179	0.01433	0.51394	0.03412	0.18591	0.02169	0.02076	0.01482	0.00958	0.00794	0.00240	0.00830	0.00732	0.00834	0.01349
49	0.00966	0.00690	0.00920	0.01104	0.01150	0.00644	0.00736	0.01104	0.01518	0.02024	0.04371	0.71614	0.05245	0.02484	0.01012	0.00322	0.00460	0.02254	0.00736	0.00644
50	0.06343	0.01639	0.01969	0.01532	0.02135	0.01629	0.01260	0.21763	0.07075	0.42066	0.02690	0.02424	0.01768	0.00969	0.00784	0.00245	0.00727	0.00764	0.00893	0.01322
51	0.00993	0.00706	0.00908	0.01058	0.01105	0.00663	0.00694	0.01113	0.01475	0.01957	0.04227	0.59522	0.07115	0.12730	0.01455	0.00386	0.00503	0.02071	0.00698	0.00621
52	0.03268	0.01733	0.02068	0.01594	0.02210	0.01744	0.01314	0.29630	0.05240	0.38721	0.02612	0.02371	0.01719	0.00972	0.00796	0.00243	0.00757	0.00766	0.00895	0.01346
53	0.77733	0.01534	0.01166	0.01043	0.01534	0.01779	0.00859	0.02331	0.01350	0.03558	0.01104	0.01288	0.00859	0.00736	0.00491	0.00245	0.00613	0.00429	0.00491	0.00859
54	0.02104	0.01364	0.01700	0.01475	0.01891	0.01407	0.03261	0.05995	0.24108	0.17967	0.17899	0.04196	0.03642	0.01289	0.00871	0.00269	0.00627	0.07998	0.00839	0.01097
55	0.02005	0.01698	0.01739	0.01534	0.01991	0.04475	0.01197	0.06883	0.48304	0.05518	0.03460	0.03229	0.08570	0.01124	0.00804	0.00256	0.00650	0.00924	0.00773	0.04867
56	0.00966	0.00690	0.00920	0.01104	0.01150	0.00644	0.00736	0.01104	0.01518	0.02024	0.04371	0.71614	0.05245	0.02484	0.01012	0.00322	0.00460	0.02254	0.00736	0.00644
57	0.02120	0.72609	0.04155	0.01357	0.02035	0.03138	0.01357	0.02374	0.01611	0.01866	0.01102	0.01272	0.01018	0.00678	0.00509	0.00170	0.00848	0.00424	0.00339	0.01018
58	0.01718	0.01453	0.01684	0.01210	0.01911	0.01133	0.00970	0.05381	0.01757	0.02715	0.01436	0.01658	0.01184	0.00607	0.00598	0.00124	0.00603	0.00483	0.00487	0.72886
59	0.01106	0.00841	0.01092	0.01161	0.01219	0.00882	0.00816	0.01249	0.01485	0.02005	0.07253	0.41787	0.07592	0.15357	0.01749	0.00404	0.08189	0.04510	0.00653	0.00649
60	0.02778	0.01322	0.01689	0.01410	0.01900	0.01259	0.01158	0.06697	0.10264	0.40416	0.06538	0.03735	0.02640	0.01190	0.00834	0.00262	0.00656	0.09283	0.04781	0.01189
61	0.05339	0.06207	0.54847	0.02299	0.03375	0.01905	0.10167	0.02501	0.01680	0.02542	0.01418	0.01697	0.01022	0.00740	0.00754	0.00250	0.01153	0.00615	0.00351	0.01139
62	0.00983	0.00702	0.00940	0.01124	0.01177	0.00659	0.00766	0.01134	0.01535	0.02043	0.04361	0.68181	0.05207	0.02468	0.01017	0.00324	0.00475	0.05519	0.00736	0.00649
63	0.01847	0.02086	0.04479	0.06812	0.04141	0.02008	0.58828	0.02491	0.01833	0.02491	0.01574	0.02123	0.01190	0.00700	0.00987	0.00270	0.03776	0.00915	0.00397	0.01052
64	0.06659	0.05612	0.02437	0.01863	0.02441	0.14608	0.04843	0.37594	0.09574	0.03911	0.01823	0.01878	0.01351	0.00901	0.00759	0.00234	0.00960	0.00680	0.00666	0.01204
65	0.01013	0.00757	0.00932	0.01014	0.01149	0.00690	0.00720	0.01217	0.01729	0.02268	0.16956	0.36316	0.21429	0.05464	0.01125	0.00318	0.00458	0.05029	0.00750	0.00667
66	0.01963	0.01884	0.03219	0.04867	0.67185	0.01884	0.02434	0.02434	0.01806	0.02591	0.01492	0.01963	0.01256	0.00707	0.00785	0.00236	0.00942	0.00707	0.00393	0.01256
67	0.71315	0.01662	0.01264	0.01120	0.01613	0.04806	0.00916	0.04932	0.01488	0.03545	0.01143	0.01320	0.00886	0.00749	0.00513	0.00243	0.00661	0.00445	0.00500	0.00882
68	0.01010	0.00709	0.00907	0.01048	0.01083	0.00673	0.00676	0.01116	0.01432	0.01910	0.03930	0.55975	0.04689	0.18882	0.01724	0.00427	0.00533	0.01995	0.00676	0.00606
69	0.01923	0.01843	0.03147	0.10479	0.61885	0.01874	0.02414	0.02399	0.01787	0.02542	0.01485	0.01976	0.01239	0.00714	0.00786	0.00238	0.00952	0.00706	0.00389	0.01224
70	0.02459	0.01419	0.01870	0.01376	0.02047	0.01147	0.04019	0.02808	0.01918	0.29970	0.02141	0.02111	0.01507	0.00757	0.00692	0.00178	0.00659	0.00629	0.00682	0.41610
71	0.77733	0.01534	0.01166	0.01043	0.01534	0.01779	0.00859	0.02331	0.01350	0.03558	0.01104	0.01288	0.00859	0.00736	0.00491	0.00245	0.00613	0.00429	0.00491	0.00859
72	0.02955	0.01293	0.01701	0.01351	0.01869	0.01173	0.01098	0.06692	0.04388	0.48380	0.16711	0.03355	0.03128	0.01120	0.00827	0.00247	0.00620	0.00933	0.00942	0.01217
73	0.01564	0.01208	0.01328	0.01221	0.01560	0.01250	0.00937	0.04621	0.25629	0.06382	0.14951	0.09277	0.23807	0.01540	0.00881	0.00267	0.00515	0.01305	0.00800	0.00957
74	0.00985	0.00738	0.00920	0.01050	0.01166	0.00673	0.00741	0.01162	0.01635	0.02113	0.07108	0.48954	0.20969	0.02317	0.00997	0.00309	0.00462	0.06302	0.00740	0.00660
75	0.01498	0.01409	0.02378	0.70226	0.05462	0.01762	0.02202	0.02026	0.01586	0.02026	0.01409	0.02114	0.01057	0.00793	0.00793	0.00264	0.01057	0.00705	0.00352	0.00881
76	0.00966	0.00690	0.00920	0.01104	0.01150	0.00644	0.00736	0.01104	0.01518	0.02024	0.04371	0.71614	0.05245	0.02484	0.01012	0.00322	0.00460	0.02254	0.00736	0.00644
77	0.01156	0.00862	0.01083	0.01028	0.01237	0.00813	0.00780	0.01616	0.05667	0.03060	0.55527	0.06027	0.12833	0.01648	0.00934	0.00256	0.00403	0.03452	0.00851	0.00768
78	0.01590	0.04102	0.68023	0.02260	0.03432	0.01842	0.02930	0.02511	0.01674	0.02511	0.01423	0.01674	0.01005	0.00753	0.00753	0.00251	0.01172	0.00586	0.00335	0.01172
79	0.01646	0.11320	0.61293	0.02165	0.03285	0.01978	0.02764	0.02497	0.01668	0.02443	0.01389	0.01632	0.01006	0.00745	0.00728	0.00243	0.01138	0.00569	0.00335	0.01156
80	0.01765	0.01481	0.01709	0.01232	0.01930	0.01181	0.00990	0.07519	0.01828	0.02797	0.01453	0.01667	0.01190	0.00619	0.00605	0.00128	0.00612	0.00491	0.00498	0.70302
81	0.01134	0.00846	0.01255	0.01255	0.01389	0.00980	0.00966	0.01403	0.01269	0.01826	0.02142	0.03216	0.02026	0.09159	0.65837	0.01250	0.02058	0.00864	0.00428	0.00697
82	0.02307	0.01869	0.01981	0.01681	0.02189	0.02128	0.01336	0.23557	0.45865	0.03856	0.02803	0.02620	0.02077	0.01036	0.00803	0.00259	0.00706	0.00838	0.00803	0.01285
83	0.02183	0.01439	0.01703	0.01313	0.01879	0.01301	0.01049	0.14083	0.02115	0.15928	0.02310	0.02546	0.04930	0.05802	0.05682	0.00296	0.00768	0.00714	0.00645	0.33313
84	0.01595	0.01476	0.02313	0.49371	0.04387	0.01887	0.01997	0.03810	0.01567	0.02129	0.01395	0.02061	0.01108	0.00940	0.01196	0.00279	0.16949	0.00704	0.03952	0.00885
85	0.02934	0.02122	0.02291	0.01781	0.02395	0.02342	0.01463	0.55140	0.10091	0.08068	0.02105	0.02054	0.01492	0.00966	0.00795	0.00242	0.00837	0.00737	0.00804	0.01339
86	0.03413	0.01354	0.01820	0.01405	0.01997	0.01192	0.01157	0.05990	0.02322	0.62102	0.06345	0.02835	0.02223	0.01013	0.00804	0.00245	0.00667	0.00827	0.00969	0.01319
87	0.01579	0.04140	0.02708	0.58083	0.08114	0.01842	0.08230	0.02108	0.01625	0.02097	0.01421	0.02078	0.01079	0.00772	0.00796	0.00260	0.01071	0.00717	0.00359	0.00922
88	0.01841	0.01052	0.01491	0.01320	0.01610	0.01000	0.04004	0.02118	0.01929	0.21218	0.19513	0.24231	0.07589	0.01654	0.01024	0.00278	0.04982	0.01437	0.00800	0.00909
89	0.01735	0.01735	0.02429	0.02082	0.02082	0.02429	0.01735	0.01908	0.01214	0.01908	0.01041	0.01735	0.01041	0.01388	0.02602	0.00347	0.70680	0.00694	0.00347	0.00867
90	0.00966	0.00690	0.00920	0.01104	0.01150	0.00644	0.00736	0.01104	0.01518	0.02024	0.04371	0.71614	0.05245	0.02484	0.01012	0.00322	0.00460	0.02254	0.00736	0.00644
91	0.03528	0.01397	0.01870	0.01434	0.02048	0.01236	0.01184	0.07188	0.02350	0.64297	0.03061	0.02655	0.01929	0.00980	0.00797	0.00245	0.00686	0.00793	0.00971	0.01349
92	0.01550	0.01491	0.02497	0.57262	0.04916	0.01869	0.05149	0.02034	0.01547	0.02034	0.01366	0.02061	0.01062	0.00872	0.01058	0.00276	0.10999	0.00714	0.00354	0.00888
93	0.01097	0.00798	0.01033	0.01000	0.01176	0.00734	0.00740	0.01439	0.02149	0.03011	0.57524	0.12822	0.10047	0.01729	0.00943	0.00258	0.00384	0.01531	0.00852	0.00734
94	0.01324	0.04345	0.02205	0.01747	0.02079	0.01182	0.19463	0.01683	0.01811	0.02463	0.19306	0.31319	0.04438	0.01650	0.00948	0.00281	0.00713	0.01576	0.00655	0.00812
95	0.01674	0.14864	0.57989	0.02118	0.03213	0.02045	0.02683	0.02490	0.01664	0.02410	0.01373	0.01611	0.01007	0.00742	0.00715	0.00238	0.01121	0.00561	0.00336	0.01148
96	0.00988	0.00703	0.00932	0.01106	0.01155	0.00661	0.00745	0.01128	0.01512	0.02013	0.04268	0.65703	0.05096	0.06042	0.01170	0.00347	0.00487	0.04581	0.00723	0.00639
97	0.00966	0.00690	0.00920	0.01104	0.01150	0.00644	0.00736	0.01104	0.01518	0.02024	0.04371	0.71614	0.05245	0.02484	0.01012	0.00322	0.00460	0.02254	0.00736	0.00644
98	0.01572	0.01439	0.02348	0.60446	0.07907	0.01751	0.02108	0.05249	0.01704	0.02206	0.01578	0.05370	0.01279	0.00877	0.00803	0.00264	0.01014	0.00778	0.00395	0.00911
99	0.03408	0.01383	0.01836	0.01430	0.02028	0.01242	0.01174	0.03898	0.08286	0.61629	0.03138	0.02724	0.02006	0.00990	0.00798	0.00248	0.00670	0.00807	0.00965	0.01341
100	0.02354	0.01787	0.05469	0.01488	0.02112	0.01617	0.01263	0.26280	0.02564	0.11911	0.07470	0.02368	0.01933	0.03273	0.00848	0.00221	0.00728	0.00718	0.00688	0.24909
101	0.62636	0.01625	0.01382	0.01178	0.01697	0.01846	0.00971	0.11602	0.01751	0.07286	0.01333	0.01456	0.00992	0.00781	0.00552	0.00244	0.00655	0.00492	0.00562	0.00958
102	0.01644	0.01409	0.01644	0.01175	0.01879	0.01057	0.00940	0.01997	0.01644	0.02584	0.01409	0.01644	0.01175	0.00587	0.00587	0.00117	0.00587	0.00470	0.00470	0.76979
103	0.01942	0.02211	0.04086	0.03015	0.03647	0.07825	0.48223	0.02486	0.01792	0.02381	0.01476	0.02009	0.01160	0.00804	0.01202	0.00276	0.13195	0.00858	0.00392	0.01022
104	0.02120	0.72609	0.04155	0.01357	0.02035	0.03138	0.01357	0.02374	0.01611	0.01866	0.01102	0.01272	0.01018	0.00678	0.00509	0.00170	0.00848	0.00424	0.00339	0.01018
105	0.03528	0.01397	0.01869	0.01433	0.02048	0.01236	0.01184	0.07148	0.02349	0.64339	0.03062	0.02656	0.01930	0.00980	0.00797	0.00245	0.00685	0.00793	0.00971	0.01349
106	0.00966	0.00690	0.00920	0.01104	0.01150	0.00644	0.00736	0.01104	0.01518	0.02024	0.04371	0.71614	0.05245	0.02484	0.01012	0.00322	0.00460	0.02254	0.00736	0.00644
107	0.01483	0.01367	0.02239	0.61187	0.04955	0.01682	0.02055	0.02057	0.04237	0.02095	0.01743	0.05612	0.01460	0.00944	0.00817	0.00272	0.00998	0.03513	0.00405	0.00879
108	0.01647	0.11353	0.61263	0.02165	0.03284	0.01979	0.02763	0.02497	0.01668	0.02443	0.01389	0.01632	0.01006	0.00745	0.00728	0.00243	0.01138	0.00569	0.00335	0.01156
109	0.77733	0.01534	0.01166	0.01043	0.01534	0.01779	0.00859	0.02331	0.01350	0.03558	0.01104	0.01288	0.00859	0.00736	0.00491	0.00245	0.00613	0.00429	0.00491	0.00859
110	0.01507	0.01337	0.02218	0.57982	0.04763	0.01622	0.04025	0.02017	0.01606	0.02177	0.01586	0.02236	0.01203	0.00808	0.00763	0.00253	0.00967	0.00717	0.11344	0.00867
111	0.03014	0.02221	0.02380	0.01825	0.02459	0.02459	0.01507	0.64541	0.03728	0.04998	0.01904	0.01904	0.01349	0.00952	0.00793	0.00238	0.00873	0.00714	0.00793	0.01349
112	0.01644	0.01409	0.01644	0.01175	0.01879	0.01057	0.00940	0.01997	0.01644	0.02584	0.01409	0.01644	0.01175	0.00587	0.00587	0.00117	0.00587	0.00470	0.00470	0.76979
113	0.02996	0.02160	0.02331	0.01797	0.02423	0.02380	0.01481	0.59298	0.06218	0.07779	0.02014	0.01983	0.01421	0.00958	0.00794	0.00240	0.00854	0.00725	0.00802	0.01345
114	0.01023	0.00775	0.00943	0.00967	0.01141	0.00696	0.00700	0.01280	0.01913	0.02547	0.31766	0.24391	0.25024	0.01975	0.00957	0.00275	0.00406	0.01731	0.00794	0.00696
115	0.00966	0.00690	0.00920	0.01104	0.01150	0.00644	0.00736	0.01104	0.01518	0.02024	0.04371	0.71614	0.05245	0.02484	0.01012	0.00322	0.00460	0.02254	0.00736	0.00644
116	0.02134	0.13485	0.36783	0.02040	0.02904	0.18671	0.02233	0.08320	0.01995	0.02507	0.01373	0.01578	0.01042	0.00777	0.00713	0.00227	0.01163	0.00556	0.00396	0.01104
117	0.02208	0.01684	0.01825	0.01599	0.02075	0.01898	0.01256	0.06866	0.55413	0.11073	0.03157	0.02881	0.02318	0.01059	0.00805	0.00265	0.00644	0.00877	0.00827	0.01271
118	0.00962	0.00706	0.00904	0.01062	0.01139	0.00648	0.00717	0.01109	0.01559	0.02041	0.04884	0.62638	0.13889	0.02418	0.01002	0.00314	0.00452	0.02173	0.00736	0.00648
119	0.02056	0.01729	0.01836	0.01630	0.02088	0.01985	0.01282	0.10384	0.57052	0.03458	0.03125	0.03061	0.02385	0.01102	0.00816	0.00269	0.00657	0.03035	0.00803	0.01246
120	0.01749	0.01770	0.02732	0.02203	0.02414	0.02214	0.12354	0.02026	0.01371	0.02087	0.01176	0.01795	0.01083	0.01182	0.02108	0.00310	0.51545	0.00712	0.00369	0.08802

[dist]
# distance from previous block
# <min> <max>
14	20

[block]
# block no. 3 follows, 24 sequences, length 7
# corresponding to MSA columns:
# 319-325
name=unknown_D
#
# <colnr> <probs for GDERKNQSTAVLIFYWHMCP>
#	G	D	E	R	K	N	Q	S	T	A	V	L	I	F	Y	W	H	M	C	P
0	0.06892	0.02216	0.02164	0.01725	0.02306	0.11777	0.01398	0.37629	0.06140	0.16685	0.02069	0.02011	0.01449	0.00933	0.00768	0.00236	0.00889	0.00695	0.00760	0.01257
1	0.02722	0.08414	0.08186	0.02017	0.02491	0.55174	0.01654	0.02991	0.02101	0.01984	0.01225	0.01456	0.01021	0.00831	0.00799	0.00213	0.04861	0.00521	0.00394	0.00946
2	0.02457	0.02026	0.01948	0.01621	0.02157	0.12296	0.01280	0.14090	0.26637	0.11472	0.02379	0.02291	0.01756	0.00923	0.00753	0.00226	0.00795	0.00723	0.00710	0.13459
3	0.01914	0.01834	0.03130	0.11752	0.60683	0.01871	0.02409	0.02391	0.01782	0.02531	0.01483	0.01979	0.01235	0.00716	0.00786	0.00239	0.00954	0.00706	0.00388	0.01217
4	0.06979	0.01690	0.01823	0.01526	0.02057	0.01818	0.01213	0.12484	0.37141	0.10079	0.02635	0.02488	0.01944	0.00958	0.00753	0.00239	0.00661	0.00770	0.00755	0.11987
5	0.01694	0.17435	0.55592	0.02084	0.03160	0.02094	0.02624	0.02485	0.01662	0.02386	0.01361	0.01596	0.01007	0.00739	0.00706	0.00235	0.01109	0.00554	0.00336	0.01142
6	0.02201	0.01977	0.05362	0.02311	0.02987	0.01880	0.27503	0.18097	0.07202	0.08046	0.07174	0.02439	0.01887	0.00867	0.00849	0.00246	0.00982	0.00863	0.00613	0.06513

[dist]
# distance from previous block
# <min> <max>
5	7

[block]
# block no. 4 follows, 24 sequences, length 13
# corresponding to MSA columns:
# 333-345
name=unknown_E
#
# <colnr> <probs for GDERKNQSTAVLIFYWHMCP>
#	G	D	E	R	K	N	Q	S	T	A	V	L	I	F	Y	W	H	M	C	P
0	0.01576	0.01334	0.01559	0.01193	0.01795	0.01060	0.00933	0.02018	0.05628	0.02556	0.01911	0.10897	0.01786	0.00866	0.00657	0.00154	0.00573	0.00730	0.00526	0.62250
1	0.01644	0.01409	0.01644	0.01175	0.01879	0.01057	0.00940	0.01997	0.01644	0.02584	0.01409	0.01644	0.01175	0.00587	0.00587	0.00117	0.00587	0.00470	0.00470	0.76979
2	0.01766	0.22211	0.45117	0.01962	0.02938	0.02200	0.02362	0.02624	0.07294	0.02410	0.01496	0.01680	0.01133	0.00762	0.00693	0.00231	0.01037	0.00570	0.00378	0.01138
3	0.01134	0.00843	0.01242	0.01242	0.01372	0.00974	0.00951	0.01395	0.01265	0.01817	0.02154	0.03280	0.02054	0.11198	0.63836	0.01234	0.02017	0.00874	0.00429	0.00690
4	0.00965	0.00736	0.00888	0.00995	0.01125	0.00659	0.00691	0.01138	0.01659	0.02131	0.09227	0.45848	0.26540	0.02271	0.00982	0.00299	0.00435	0.02008	0.00744	0.00659
5	0.01023	0.00768	0.01033	0.01177	0.01220	0.00777	0.00811	0.01164	0.01496	0.02016	0.04122	0.66406	0.04931	0.02403	0.01131	0.00324	0.05693	0.02138	0.00707	0.00661
6	0.01644	0.01409	0.01644	0.01175	0.01879	0.01057	0.00940	0.01997	0.01644	0.02584	0.01409	0.01644	0.01175	0.00587	0.00587	0.00117	0.00587	0.00470	0.00470	0.76979
7	0.77733	0.01534	0.01166	0.01043	0.01534	0.01779	0.00859	0.02331	0.01350	0.03558	0.01104	0.01288	0.00859	0.00736	0.00491	0.00245	0.00613	0.00429	0.00491	0.00859
8	0.02849	0.01844	0.02082	0.01623	0.02189	0.01955	0.01330	0.43387	0.03224	0.17188	0.11520	0.02643	0.02357	0.01054	0.00815	0.00241	0.00761	0.00835	0.00842	0.01262
9	0.02495	0.01828	0.02157	0.01974	0.08230	0.02007	0.01451	0.32716	0.12800	0.09739	0.02406	0.09869	0.01978	0.01148	0.00932	0.00259	0.05132	0.00919	0.00741	0.01217
10	0.01672	0.14624	0.58213	0.02121	0.03218	0.02041	0.02688	0.02490	0.01665	0.02412	0.01374	0.01612	0.01007	0.00742	0.00716	0.00239	0.01122	0.00561	0.00336	0.01148
11	0.01415	0.01290	0.02126	0.57684	0.04683	0.01568	0.01938	0.01893	0.01637	0.02127	0.07435	0.08936	0.02013	0.01024	0.00826	0.00268	0.00941	0.00914	0.00434	0.00847
12	0.01644	0.01409	0.01644	0.01175	0.01879	0.01057	0.00940	0.01997	0.01644	0.02584	0.01409	0.01644	0.01175	0.00587	0.00587	0.00117	0.00587	0.00470	0.00470	0.76979

[dist]
# distance from previous block
# <min> <max>
0	1

[block]
# block no. 5 follows, 24 sequences, length 100
# corresponding to MSA columns:
# 347-446
name=unknown_F
#
# <colnr> <probs for GDERKNQSTAVLIFYWHMCP>
#	G	D	E	R	K	N	Q	S	T	A	V	L	I	F	Y	W	H	M	C	P
0	0.00966	0.00690	0.00920	0.01104	0.01150	0.00644	0.00736	0.01104	0.01518	0.02024	0.04371	0.71614	0.05245	0.02484	0.01012	0.00322	0.00460	0.02254	0.00736	0.00644
1	0.01680	0.00996	0.01353	0.01399	0.01656	0.00966	0.01174	0.02088	0.04538	0.14287	0.06716	0.14261	0.04204	0.01932	0.01013	0.00330	0.00671	0.39095	0.00786	0.00856
2	0.06410	0.01443	0.01778	0.01414	0.01995	0.01362	0.01148	0.03676	0.16327	0.43576	0.02877	0.02581	0.01932	0.00950	0.00763	0.00237	0.00652	0.00768	0.00866	0.09242
3	0.00995	0.00711	0.00953	0.01137	0.01195	0.00669	0.00786	0.01154	0.01546	0.02056	0.04355	0.65859	0.05182	0.02457	0.01020	0.00326	0.00485	0.07727	0.00736	0.00652
4	0.00979	0.00699	0.00935	0.01119	0.01171	0.00655	0.00759	0.01127	0.01531	0.02039	0.04363	0.69015	0.05217	0.02472	0.01016	0.00324	0.00471	0.04725	0.00736	0.00648
5	0.01644	0.01409	0.01644	0.01175	0.01879	0.01057	0.00940	0.01997	0.01644	0.02584	0.01409	0.01644	0.01175	0.00587	0.00587	0.00117	0.00587	0.00470	0.00470	0.76979
6	0.02221	0.02030	0.02292	0.01951	0.02163	0.11635	0.01592	0.08429	0.06878	0.08548	0.01522	0.01898	0.01265	0.01203	0.01849	0.00301	0.42035	0.00696	0.00495	0.00997
7	0.07450	0.05688	0.02389	0.01919	0.05456	0.10992	0.01498	0.44465	0.05685	0.04183	0.01763	0.01820	0.01299	0.00902	0.00751	0.00232	0.00921	0.00663	0.00685	0.01239
8	0.02519	0.01941	0.02095	0.01706	0.02258	0.02146	0.01388	0.38946	0.22810	0.04199	0.02433	0.02651	0.01871	0.01049	0.00806	0.00250	0.00774	0.04504	0.00778	0.04876
9	0.01801	0.01892	0.03676	0.02748	0.03298	0.01973	0.40679	0.05227	0.01753	0.02441	0.01579	0.02180	0.01283	0.01530	0.10385	0.00417	0.14864	0.00867	0.00412	0.00995
10	0.02022	0.01663	0.01876	0.01443	0.02054	0.01603	0.01162	0.16836	0.13208	0.03238	0.01822	0.01936	0.01424	0.00793	0.00765	0.00182	0.03880	0.00610	0.00597	0.42884
11	0.01623	0.07031	0.59084	0.05513	0.03497	0.01905	0.05605	0.02483	0.01676	0.02460	0.01416	0.01698	0.01017	0.00748	0.00752	0.00249	0.01159	0.00600	0.00339	0.01146
12	0.02355	0.01183	0.01524	0.01264	0.01697	0.01090	0.01004	0.02909	0.09420	0.32750	0.27797	0.03939	0.04128	0.01225	0.00844	0.00244	0.00549	0.01043	0.00899	0.04136
13	0.01697	0.01511	0.01699	0.01245	0.01909	0.03648	0.00995	0.02037	0.01649	0.02532	0.01387	0.01640	0.01163	0.00629	0.00676	0.00130	0.03525	0.00481	0.00462	0.70984
14	0.06052	0.02467	0.02269	0.07161	0.02633	0.17840	0.01527	0.39827	0.06061	0.03912	0.01736	0.01833	0.01280	0.00905	0.00763	0.00234	0.00994	0.00662	0.00657	0.01187
15	0.01331	0.00869	0.01114	0.01089	0.01254	0.00956	0.00827	0.04393	0.01500	0.02316	0.02298	0.03200	0.02053	0.10179	0.37868	0.00830	0.01377	0.00836	0.24986	0.00726
16	0.00971	0.00699	0.00920	0.01088	0.01148	0.00649	0.00731	0.01120	0.01556	0.02071	0.06754	0.66611	0.07880	0.02434	0.01006	0.00317	0.00455	0.02201	0.00741	0.00649
17	0.01592	0.01484	0.02468	0.17876	0.26215	0.01549	0.07534	0.02127	0.05648	0.02411	0.05235	0.15003	0.05132	0.01161	0.00856	0.00264	0.00849	0.01091	0.00508	0.00999
18	0.02120	0.72609	0.04155	0.01357	0.02035	0.03138	0.01357	0.02374	0.01611	0.01866	0.01102	0.01272	0.01018	0.00678	0.00509	0.00170	0.00848	0.00424	0.00339	0.01018
19	0.01001	0.00720	0.00957	0.01133	0.01204	0.00676	0.00793	0.01168	0.01565	0.02069	0.04498	0.61839	0.07636	0.02431	0.01019	0.00325	0.00489	0.09088	0.00735	0.00655
20	0.02915	0.02091	0.02252	0.01746	0.02350	0.02301	0.01436	0.56192	0.06532	0.07423	0.02050	0.02037	0.01457	0.00958	0.00783	0.00237	0.00829	0.00727	0.04368	0.01315
21	0.00966	0.00690	0.00920	0.01104	0.01150	0.00644	0.00736	0.01104	0.01518	0.02024	0.04371	0.71614	0.05245	0.02484	0.01012	0.00322	0.00460	0.02254	0.00736	0.00644
22	0.03014	0.02221	0.02380	0.01825	0.02459	0.02459	0.01507	0.64541	0.03728	0.04998	0.01904	0.01904	0.01349	0.00952	0.00793	0.00238	0.00873	0.00714	0.00793	0.01349
23	0.01722	0.00974	0.00999	0.00911	0.01167	0.01012	0.00705	0.11780	0.01990	0.03280	0.02479	0.02790	0.01924	0.00928	0.00592	0.00193	0.00449	0.00735	0.64534	0.00836
24	0.01377	0.00689	0.01033	0.01033	0.01033	0.00689	0.00689	0.01033	0.01033	0.01377	0.01377	0.02410	0.01377	0.02755	0.03099	0.76928	0.00689	0.00689	0.00344	0.00344
25	0.02831	0.06744	0.02347	0.02015	0.02405	0.60911	0.01540	0.03035	0.02140	0.01935	0.01206	0.01446	0.01023	0.00854	0.00849	0.00214	0.06664	0.00521	0.00401	0.00920
26	0.01644	0.01409	0.01644	0.01175	0.01879	0.01057	0.00940	0.01997	0.01644	0.02584	0.01409	0.01644	0.01175	0.00587	0.00587	0.00117	0.00587	0.00470	0.00470	0.76979
27	0.01612	0.01382	0.01606	0.01157	0.01842	0.01039	0.00924	0.01957	0.01652	0.02564	0.01714	0.01919	0.04192	0.00653	0.00603	0.00124	0.00579	0.00525	0.00482	0.73474
28	0.01644	0.01409	0.01644	0.01175	0.01879	0.01057	0.00940	0.01997	0.01644	0.02584	0.01409	0.01644	0.01175	0.00587	0.00587	0.00117	0.00587	0.00470	0.00470	0.76979
29	0.77733	0.01534	0.01166	0.01043	0.01534	0.01779	0.00859	0.02331	0.01350	0.03558	0.01104	0.01288	0.00859	0.00736	0.00491	0.00245	0.00613	0.00429	0.00491	0.00859
30	0.01883	0.01723	0.02244	0.01878	0.02059	0.02195	0.01545	0.10393	0.04415	0.02443	0.01353	0.01944	0.01233	0.04158	0.02121	0.00321	0.47732	0.00700	0.00446	0.09212
31	0.01498	0.01409	0.02378	0.70226	0.05462	0.01762	0.02202	0.02026	0.01586	0.02026	0.01409	0.02114	0.01057	0.00793	0.00793	0.00264	0.01057	0.00705	0.00352	0.00881
32	0.01946	0.01867	0.03188	0.07238	0.64946	0.01880	0.02425	0.02419	0.01798	0.02570	0.01489	0.01968	0.01249	0.00710	0.00785	0.00237	0.00946	0.00706	0.00391	0.01242
33	0.00976	0.00703	0.00927	0.01103	0.01164	0.00655	0.00749	0.01125	0.01543	0.02042	0.04539	0.66318	0.08162	0.02451	0.01012	0.00321	0.00467	0.04358	0.00736	0.00648
34	0.01872	0.02139	0.04679	0.03342	0.04144	0.02005	0.64305	0.02540	0.01872	0.02540	0.01604	0.02139	0.01203	0.00668	0.00936	0.00267	0.01337	0.00936	0.00401	0.01070
35	0.77733	0.01534	0.01166	0.01043	0.01534	0.01779	0.00859	0.02331	0.01350	0.03558	0.01104	0.01288	0.00859	0.00736	0.00491	0.00245	0.00613	0.00429	0.00491	0.00859
36	0.02120	0.72609	0.04155	0.01357	0.02035	0.03138	0.01357	0.02374	0.01611	0.01866	0.01102	0.01272	0.01018	0.00678	0.00509	0.00170	0.00848	0.00424	0.00339	0.01018
37	0.01152	0.00773	0.00886	0.00886	0.00893	0.00780	0.00507	0.01167	0.01159	0.01553	0.02479	0.05082	0.02836	0.68701	0.07403	0.00795	0.00839	0.01137	0.00478	0.00492
38	0.01051	0.00748	0.01006	0.01182	0.01260	0.00716	0.00859	0.01239	0.01579	0.02090	0.04251	0.53375	0.04979	0.05296	0.01158	0.00351	0.00540	0.16937	0.00724	0.00659
39	0.01133	0.00850	0.01274	0.01274	0.01416	0.00991	0.00991	0.01416	0.01274	0.01841	0.02124	0.03115	0.01982	0.05947	0.68989	0.01274	0.02124	0.00850	0.00425	0.00708
40	0.00951	0.00808	0.00822	0.00829	0.01094	0.00679	0.00629	0.01158	0.01808	0.02151	0.07881	0.07684	0.64390	0.02016	0.00943	0.00272	0.00415	0.04063	0.00736	0.00672
41	0.02431	0.01884	0.02016	0.01685	0.02210	0.02122	0.01346	0.26950	0.39729	0.06622	0.02724	0.02550	0.01997	0.01025	0.00801	0.00256	0.00722	0.00824	0.00809	0.01294
42	0.01179	0.00826	0.01062	0.00994	0.01200	0.00754	0.00749	0.01537	0.02210	0.04988	0.60143	0.05967	0.12131	0.01634	0.00931	0.00251	0.00385	0.01435	0.00865	0.00759
43	0.01512	0.01091	0.01602	0.01361	0.01610	0.01117	0.06938	0.01866	0.01971	0.08191	0.37399	0.04418	0.04835	0.04411	0.01231	0.00279	0.09490	0.01154	0.08692	0.00831
44	0.01972	0.01703	0.01793	0.01614	0.02062	0.01972	0.01255	0.04214	0.65752	0.03317	0.03228	0.02959	0.02421	0.01076	0.00807	0.00269	0.00628	0.00897	0.00807	0.01255
45	0.01393	0.00977	0.01290	0.04626	0.03876	0.00968	0.01047	0.01834	0.07657	0.07479	0.07001	0.30555	0.11460	0.01939	0.00964	0.00305	0.00585	0.14494	0.00737	0.00814
46	0.01590	0.04102	0.68023	0.02260	0.03432	0.01842	0.02930	0.02511	0.01674	0.02511	0.01423	0.01674	0.01005	0.00753	0.00753	0.00251	0.01172	0.00586	0.00335	0.01172
47	0.74438	0.01564	0.01219	0.01077	0.01574	0.01809	0.00887	0.05074	0.01454	0.03621	0.01139	0.01315	0.00880	0.00746	0.00504	0.00245	0.00625	0.00442	0.00504	0.00880
48	0.01596	0.01526	0.02630	0.55716	0.16241	0.01794	0.05058	0.02121	0.01637	0.02149	0.01433	0.02089	0.01099	0.00772	0.00798	0.00259	0.01050	0.00716	0.00362	0.00955
49	0.01628	0.01500	0.02392	0.28942	0.06299	0.01845	0.06874	0.02045	0.04518	0.02084	0.01445	0.02099	0.01206	0.01177	0.01570	0.08330	0.21423	0.00729	0.03029	0.00865
50	0.01398	0.00759	0.00835	0.00835	0.00999	0.00782	0.00619	0.01726	0.01562	0.02669	0.02506	0.03151	0.02089	0.07119	0.11852	0.00405	0.00683	0.00788	0.58510	0.00715
51	0.02095	0.69383	0.07163	0.01399	0.02101	0.03077	0.01431	0.02381	0.01614	0.01896	0.01118	0.01291	0.01017	0.00682	0.00520	0.00173	0.00863	0.00432	0.00339	0.01025
52	0.00954	0.00799	0.00830	0.00832	0.01084	0.00675	0.00620	0.01166	0.01831	0.02223	0.12729	0.10276	0.59272	0.01997	0.00940	0.00269	0.00402	0.01679	0.00748	0.00675
53	0.01972	0.01703	0.01793	0.01614	0.02062	0.01972	0.01255	0.04214	0.65752	0.03317	0.03228	0.02959	0.02421	0.01076	0.00807	0.00269	0.00628	0.00897	0.00807	0.01255
54	0.03014	0.02221	0.02380	0.01825	0.02459	0.02459	0.01507	0.64541	0.03728	0.04998	0.01904	0.01904	0.01349	0.00952	0.00793	0.00238	0.00873	0.00714	0.00793	0.01349
55	0.01684	0.00938	0.00959	0.00885	0.01130	0.00970	0.00682	0.10262	0.01940	0.03230	0.02495	0.02815	0.01941	0.00928	0.00586	0.00192	0.00437	0.00736	0.66369	0.00821
56	0.01622	0.01384	0.01619	0.01167	0.01849	0.01044	0.00931	0.01975	0.01670	0.02610	0.04224	0.01829	0.01446	0.00632	0.00602	0.00123	0.00578	0.00511	0.00487	0.73696
57	0.01788	0.01706	0.02903	0.29457	0.43963	0.01838	0.02347	0.02280	0.01723	0.02378	0.01461	0.02020	0.01181	0.00739	0.00788	0.00246	0.00985	0.00706	0.00377	0.01115
58	0.77733	0.01534	0.01166	0.01043	0.01534	0.01779	0.00859	0.02331	0.01350	0.03558	0.01104	0.01288	0.00859	0.00736	0.00491	0.00245	0.00613	0.00429	0.00491	0.00859
59	0.01153	0.00769	0.00865	0.00865	0.00865	0.00769	0.00480	0.01153	0.01153	0.01538	0.02499	0.05189	0.02883	0.72131	0.04036	0.00769	0.00769	0.01153	0.00480	0.00480
60	0.01150	0.00783	0.00937	0.00937	0.00962	0.00808	0.00570	0.01199	0.01174	0.01591	0.02433	0.04825	0.02725	0.60508	0.15443	0.00858	0.01007	0.01100	0.00471	0.00520
61	0.01024	0.00780	0.01121	0.01198	0.01305	0.00724	0.04026	0.01212	0.01608	0.02149	0.09396	0.59810	0.08045	0.02299	0.00999	0.00311	0.00496	0.02094	0.00730	0.00676
62	0.02962	0.03779	0.02247	0.02043	0.02451	0.68948	0.01532	0.03166	0.02247	0.01941	0.01226	0.01430	0.01021	0.00817	0.00715	0.00204	0.01430	0.00511	0.00409	0.00919
63	0.01498	0.01409	0.02378	0.70226	0.05462	0.01762	0.02202	0.02026	0.01586	0.02026	0.01409	0.02114	0.01057	0.00793	0.00793	0.00264	0.01057	0.00705	0.00352	0.00881
64	0.03014	0.02221	0.02380	0.01825	0.02459	0.02459	0.01507	0.64541	0.03728	0.04998	0.01904	0.01904	0.01349	0.00952	0.00793	0.00238	0.00873	0.00714	0.00793	0.01349
65	0.01972	0.01703	0.01793	0.01614	0.02062	0.01972	0.01255	0.04214	0.65752	0.03317	0.03228	0.02959	0.02421	0.01076	0.00807	0.00269	0.00628	0.00897	0.00807	0.01255
66	0.01482	0.02502	0.34297	0.01718	0.02396	0.01366	0.01893	0.02061	0.01729	0.05575	0.11551	0.18331	0.02960	0.01302	0.00907	0.00265	0.03604	0.01098	0.00541	0.04423
67	0.02008	0.48866	0.22865	0.01658	0.02468	0.06167	0.01829	0.02456	0.01663	0.02060	0.01203	0.01399	0.01014	0.00708	0.00592	0.00195	0.00974	0.00476	0.00342	0.01058
68	0.01699	0.00985	0.01281	0.01161	0.01450	0.00915	0.00913	0.04675	0.02222	0.16156	0.39776	0.08482	0.07857	0.01574	0.00921	0.00264	0.00497	0.07420	0.00866	0.00886
69	0.01152	0.00774	0.00890	0.00890	0.00899	0.00782	0.00512	0.01169	0.01161	0.01556	0.02476	0.05062	0.02828	0.68077	0.08015	0.00800	0.00852	0.01135	0.00477	0.00494
70	0.02120	0.72609	0.04155	0.01357	0.02035	0.03138	0.01357	0.02374	0.01611	0.01866	0.01102	0.01272	0.01018	0.00678	0.00509	0.00170	0.00848	0.00424	0.00339	0.01018
71	0.01644	0.01409	0.01644	0.01175	0.01879	0.01057	0.00940	0.01997	0.01644	0.02584	0.01409	0.01644	0.01175	0.00587	0.00587	0.00117	0.00587	0.00470	0.00470	0.76979
72	0.01498	0.01409	0.02378	0.70226	0.05462	0.01762	0.02202	0.02026	0.01586	0.02026	0.01409	0.02114	0.01057	0.00793	0.00793	0.00264	0.01057	0.00705	0.00352	0.00881
73	0.01762	0.01406	0.01656	0.01189	0.01888	0.01064	0.00953	0.02111	0.01683	0.06575	0.01515	0.01709	0.01223	0.00611	0.00600	0.00125	0.00593	0.00490	0.00501	0.72346
74	0.03247	0.01465	0.01870	0.01461	0.02044	0.01378	0.01197	0.11674	0.07467	0.51450	0.05973	0.02768	0.02179	0.01015	0.00804	0.00246	0.00683	0.00824	0.00938	0.01314
75	0.02073	0.02017	0.03666	0.02671	0.03386	0.01955	0.40445	0.17024	0.02270	0.03096	0.01801	0.05640	0.01444	0.00822	0.00874	0.00250	0.01114	0.00909	0.00517	0.08025
76	0.02971	0.02200	0.02355	0.01816	0.02443	0.02439	0.01497	0.62039	0.06300	0.04928	0.01959	0.01948	0.01393	0.00957	0.00794	0.00239	0.00862	0.00722	0.00794	0.01345
77	0.02829	0.02082	0.02241	0.01765	0.02362	0.02309	0.01443	0.50005	0.16026	0.07264	0.02218	0.02147	0.01588	0.00978	0.00796	0.00244	0.00816	0.00754	0.00804	0.01330
78	0.01775	0.01423	0.01661	0.01221	0.01885	0.01140	0.00976	0.04319	0.04790	0.05823	0.04408	0.01950	0.01548	0.00686	0.00630	0.00140	0.00594	0.00555	0.00538	0.63936
79	0.01285	0.00894	0.01152	0.01040	0.01296	0.00796	0.00787	0.01644	0.02153	0.06109	0.54324	0.08046	0.06468	0.01518	0.00895	0.00238	0.00414	0.01337	0.00830	0.08772
