[name]
unknown

[dist]
# distance from previous block
# <min> <max>
5	17

[block]
# block no. 0 follows, 26 sequences, length 37
# corresponding to MSA columns:
# 17-53
name=unknown_A
#
# <colnr> <probs for GDERKNQSTAVLIFYWHMCP>
#	G	D	E	R	K	N	Q	S	T	A	V	L	I	F	Y	W	H	M	C	P
0	0.08391	0.32538	0.07187	0.04904	0.02585	0.02213	0.18614	0.02181	0.01561	0.02144	0.01424	0.04804	0.01256	0.01109	0.05805	0.00287	0.01017	0.00666	0.00376	0.00939
1	0.09509	0.25442	0.05489	0.01342	0.01922	0.01981	0.01215	0.07583	0.10484	0.16962	0.02313	0.02250	0.06337	0.00881	0.00646	0.00211	0.00703	0.00661	0.00595	0.03472
2	0.01838	0.05157	0.03973	0.17577	0.02834	0.01668	0.07283	0.16478	0.06821	0.04746	0.07053	0.07467	0.04933	0.01007	0.00771	0.00233	0.00792	0.00873	0.00572	0.07927
3	0.01558	0.08964	0.64693	0.02100	0.03187	0.01851	0.02694	0.02393	0.01597	0.02358	0.01339	0.01574	0.00962	0.00715	0.00704	0.00235	0.01099	0.00549	0.00321	0.01110
4	0.01414	0.00707	0.00707	0.00707	0.00884	0.00707	0.00530	0.01767	0.01591	0.02828	0.02474	0.02828	0.01944	0.00884	0.00530	0.00177	0.00353	0.00707	0.77554	0.00707
5	0.01573	0.01348	0.01573	0.01123	0.01798	0.01011	0.00899	0.01910	0.01573	0.02472	0.01348	0.01573	0.01123	0.00562	0.00562	0.00112	0.00562	0.00449	0.00449	0.77980
6	0.01061	0.00775	0.00996	0.00941	0.01125	0.00710	0.00706	0.01407	0.02117	0.02970	0.63845	0.05784	0.11568	0.01577	0.00895	0.00240	0.00360	0.01388	0.00826	0.00710
7	0.01414	0.00707	0.00707	0.00707	0.00884	0.00707	0.00530	0.01767	0.01591	0.02828	0.02474	0.02828	0.01944	0.00884	0.00530	0.00177	0.00353	0.00707	0.77554	0.00707
8	0.01085	0.00805	0.01181	0.01181	0.01303	0.00927	0.00900	0.01330	0.01208	0.01732	0.02067	0.03175	0.01981	0.12332	0.63810	0.01172	0.01904	0.00841	0.00412	0.00656
9	0.01589	0.13309	0.60623	0.02046	0.03103	0.01928	0.02600	0.02385	0.01593	0.02319	0.01320	0.01550	0.00963	0.00711	0.00689	0.00230	0.01079	0.00540	0.00321	0.01101
10	0.04329	0.01616	0.01685	0.01405	0.01823	0.04189	0.01123	0.33454	0.07881	0.03656	0.05225	0.05627	0.04173	0.01400	0.06084	0.00302	0.00787	0.00823	0.13383	0.01034
11	0.01008	0.00721	0.00910	0.01005	0.01077	0.00669	0.00657	0.01120	0.01375	0.01856	0.03571	0.51970	0.04228	0.19486	0.01645	0.00400	0.00519	0.01795	0.00629	0.05359
12	0.02563	0.01930	0.02279	0.06198	0.05787	0.02118	0.03861	0.46455	0.08780	0.06504	0.02002	0.04553	0.01511	0.00944	0.00772	0.00236	0.00823	0.00762	0.00705	0.01216
13	0.49092	0.24548	0.02072	0.01117	0.01652	0.02077	0.00994	0.02343	0.01431	0.07366	0.01188	0.01319	0.00942	0.00702	0.00495	0.00212	0.00662	0.00433	0.00455	0.00902
14	0.02551	0.01845	0.01901	0.01572	0.02080	0.07368	0.01257	0.23251	0.26248	0.17061	0.02683	0.02507	0.04202	0.00986	0.00763	0.00238	0.00737	0.00781	0.00769	0.01201
15	0.02018	0.02948	0.43810	0.02013	0.06060	0.01569	0.02213	0.02763	0.04500	0.19425	0.04092	0.02052	0.01470	0.00815	0.00741	0.00239	0.00942	0.00657	0.00516	0.01158
16	0.01432	0.01348	0.02275	0.71520	0.05224	0.01685	0.02107	0.01938	0.01517	0.01938	0.01348	0.02022	0.01011	0.00758	0.00758	0.00253	0.01011	0.00674	0.00337	0.00843
17	0.01841	0.01590	0.01672	0.01508	0.01929	0.01829	0.01172	0.03896	0.64235	0.03121	0.03298	0.03035	0.05344	0.01070	0.00778	0.00257	0.00590	0.00892	0.00769	0.01175
18	0.00924	0.00660	0.00880	0.01056	0.01100	0.00616	0.00704	0.01056	0.01452	0.01936	0.04181	0.72848	0.05017	0.02376	0.00968	0.00308	0.00440	0.02156	0.00704	0.00616
19	0.02825	0.02068	0.02214	0.01704	0.02294	0.02287	0.01405	0.63523	0.03488	0.04703	0.01847	0.01861	0.01316	0.00909	0.00750	0.00226	0.00816	0.00684	0.03815	0.01267
20	0.01414	0.00707	0.00707	0.00707	0.00884	0.00707	0.00530	0.01767	0.01591	0.02828	0.02474	0.02828	0.01944	0.00884	0.00530	0.00177	0.00353	0.00707	0.77554	0.00707
21	0.73232	0.01514	0.01199	0.01051	0.01531	0.01749	0.00866	0.06836	0.01455	0.03502	0.01111	0.01275	0.00855	0.00719	0.00490	0.00234	0.00605	0.00430	0.00490	0.00855
22	0.01659	0.01659	0.02323	0.01991	0.01991	0.02323	0.01659	0.01825	0.01162	0.01825	0.00996	0.01659	0.00996	0.01328	0.02489	0.00332	0.71955	0.00664	0.00332	0.00830
23	0.05475	0.01108	0.01353	0.01182	0.01470	0.01143	0.00929	0.06760	0.06815	0.12014	0.38657	0.04306	0.07566	0.01340	0.00958	0.00246	0.05910	0.01110	0.00777	0.00882
24	0.01103	0.00735	0.00827	0.00827	0.00827	0.00735	0.00460	0.01103	0.01103	0.01471	0.02390	0.04964	0.02758	0.73343	0.03861	0.00735	0.00735	0.01103	0.00460	0.00460
25	0.01414	0.00707	0.00707	0.00707	0.00884	0.00707	0.00530	0.01767	0.01591	0.02828	0.02474	0.02828	0.01944	0.00884	0.00530	0.00177	0.00353	0.00707	0.77554	0.00707
26	0.01659	0.01659	0.02323	0.01991	0.01991	0.02323	0.01659	0.01825	0.01162	0.01825	0.00996	0.01659	0.00996	0.01328	0.02489	0.00332	0.71955	0.00664	0.00332	0.00830
27	0.02028	0.73799	0.03975	0.01298	0.01947	0.03001	0.01298	0.02271	0.01541	0.01785	0.01055	0.01217	0.00973	0.00649	0.00487	0.00162	0.00811	0.00406	0.00324	0.00973
28	0.01414	0.00707	0.00707	0.00707	0.00884	0.00707	0.00530	0.01767	0.01591	0.02828	0.02474	0.02828	0.01944	0.00884	0.00530	0.00177	0.00353	0.00707	0.77554	0.00707
29	0.00924	0.00660	0.00880	0.01056	0.01100	0.00616	0.00704	0.01056	0.01452	0.01936	0.04181	0.72848	0.05017	0.02376	0.00968	0.00308	0.00440	0.02156	0.00704	0.00616
30	0.01074	0.00775	0.01014	0.00954	0.01133	0.00716	0.00716	0.01431	0.02147	0.03042	0.68211	0.05666	0.07157	0.01551	0.00895	0.00239	0.00358	0.01372	0.00835	0.00716
31	0.07458	0.01677	0.02755	0.19221	0.49583	0.01769	0.02167	0.02234	0.01648	0.02427	0.01382	0.01862	0.01131	0.00696	0.00732	0.00232	0.00902	0.00656	0.00374	0.01094
32	0.01827	0.01569	0.01664	0.01513	0.01918	0.01808	0.01170	0.03847	0.63176	0.03097	0.03155	0.07157	0.02482	0.01112	0.00784	0.00260	0.00590	0.00938	0.00768	0.01164
33	0.00937	0.00666	0.00876	0.01039	0.01080	0.00625	0.00686	0.01060	0.01426	0.01902	0.04048	0.67829	0.04850	0.07623	0.01182	0.00340	0.00462	0.02078	0.00686	0.00605
34	0.01069	0.00771	0.01015	0.00998	0.01162	0.00717	0.00752	0.01403	0.02046	0.02870	0.56846	0.12825	0.06729	0.01676	0.00914	0.00254	0.00392	0.06046	0.00811	0.00704
35	0.11927	0.01900	0.01849	0.01495	0.01992	0.07138	0.01211	0.40228	0.04840	0.03973	0.04974	0.02243	0.04505	0.00949	0.00710	0.00224	0.00755	0.00713	0.07277	0.01094
36	0.04876	0.01052	0.01126	0.01010	0.01347	0.01008	0.00787	0.08238	0.06964	0.08857	0.12066	0.05529	0.41144	0.01568	0.00841	0.00249	0.00477	0.01297	0.00740	0.00825

[dist]
# distance from previous block
# <min> <max>
4	8

[block]
# block no. 1 follows, 26 sequences, length 21
# corresponding to MSA columns:
# 62-82
name=unknown_B
#
# <colnr> <probs for GDERKNQSTAVLIFYWHMCP>
#	G	D	E	R	K	N	Q	S	T	A	V	L	I	F	Y	W	H	M	C	P
0	0.01505	0.01402	0.02254	0.60441	0.08067	0.01713	0.02018	0.02188	0.08762	0.02101	0.01544	0.02104	0.01164	0.00784	0.00759	0.00252	0.00960	0.00694	0.00387	0.00900
1	0.01921	0.49113	0.07346	0.09281	0.02539	0.05179	0.05893	0.02249	0.01554	0.01886	0.01137	0.01421	0.00991	0.00719	0.00711	0.00197	0.06077	0.00499	0.00333	0.00957
2	0.02148	0.01988	0.01984	0.01803	0.04711	0.11302	0.01370	0.13414	0.38454	0.03073	0.02331	0.02305	0.01782	0.00996	0.00946	0.00251	0.08608	0.00751	0.00654	0.01130
3	0.00898	0.00761	0.00777	0.00789	0.01030	0.00639	0.00586	0.01086	0.01709	0.02041	0.07429	0.12067	0.63701	0.01954	0.00902	0.00260	0.00388	0.01641	0.00704	0.00639
4	0.01524	0.00888	0.01082	0.00967	0.01269	0.00775	0.00749	0.01800	0.01983	0.17471	0.28982	0.05638	0.30817	0.01564	0.00866	0.00245	0.00433	0.01328	0.00805	0.00814
5	0.01414	0.00707	0.00707	0.00707	0.00884	0.00707	0.00530	0.01767	0.01591	0.02828	0.02474	0.02828	0.01944	0.00884	0.00530	0.00177	0.00353	0.00707	0.77554	0.00707
6	0.01573	0.01348	0.01573	0.01123	0.01798	0.01011	0.00899	0.01910	0.01573	0.02472	0.01348	0.01573	0.01123	0.00562	0.00562	0.00112	0.00562	0.00449	0.00449	0.77980
7	0.01035	0.00789	0.00960	0.00960	0.01165	0.00714	0.00748	0.01333	0.01935	0.02566	0.36479	0.06708	0.28353	0.01769	0.00920	0.00263	0.00422	0.11430	0.00767	0.00686
8	0.01414	0.00707	0.00707	0.00707	0.00884	0.00707	0.00530	0.01767	0.01591	0.02828	0.02474	0.02828	0.01944	0.00884	0.00530	0.00177	0.00353	0.00707	0.77554	0.00707
9	0.01432	0.01348	0.02275	0.71520	0.05224	0.01685	0.02107	0.01938	0.01517	0.01938	0.01348	0.02022	0.01011	0.00758	0.00758	0.00253	0.01011	0.00674	0.00337	0.00843
10	0.01659	0.01659	0.02323	0.01991	0.01991	0.02323	0.01659	0.01825	0.01162	0.01825	0.00996	0.01659	0.00996	0.01328	0.02489	0.00332	0.71955	0.00664	0.00332	0.00830
11	0.00964	0.00690	0.00921	0.01066	0.01137	0.00647	0.00741	0.01141	0.01564	0.02105	0.12652	0.59577	0.05256	0.02248	0.00964	0.00302	0.00447	0.06222	0.00721	0.00635
12	0.01887	0.01629	0.01715	0.01544	0.01972	0.01887	0.01201	0.04031	0.67241	0.03173	0.03087	0.02830	0.02315	0.01029	0.00772	0.00257	0.00600	0.00858	0.00772	0.01201
13	0.01103	0.00735	0.00827	0.00827	0.00827	0.00735	0.00460	0.01103	0.01103	0.01471	0.02390	0.04964	0.02758	0.73343	0.03861	0.00735	0.00735	0.01103	0.00460	0.00460
14	0.00925	0.00757	0.00816	0.00827	0.01048	0.00648	0.00610	0.01134	0.01759	0.02179	0.15998	0.14280	0.52549	0.01918	0.00904	0.00259	0.00387	0.01629	0.00723	0.00648
15	0.01676	0.01710	0.07060	0.11426	0.24094	0.01669	0.01723	0.02723	0.24535	0.02592	0.02771	0.02884	0.09916	0.00968	0.00775	0.00245	0.00762	0.00846	0.00546	0.01080
16	0.01758	0.01954	0.10235	0.16478	0.49952	0.01777	0.02340	0.02265	0.01675	0.02372	0.01405	0.01873	0.01141	0.00696	0.00749	0.00232	0.00945	0.00663	0.00362	0.01128
17	0.11175	0.01623	0.03086	0.13240	0.03351	0.01628	0.36432	0.02089	0.01626	0.02388	0.01906	0.14265	0.01761	0.00968	0.00833	0.00262	0.01005	0.01020	0.00443	0.00899
18	0.10313	0.01877	0.02995	0.08079	0.23594	0.06625	0.21651	0.04343	0.01738	0.02503	0.01550	0.05850	0.01326	0.00808	0.00833	0.00244	0.03457	0.00785	0.00416	0.01012
19	0.15248	0.11982	0.28261	0.01614	0.02393	0.06733	0.01743	0.02482	0.01639	0.09810	0.01433	0.01575	0.01061	0.00717	0.00629	0.00209	0.00884	0.00518	0.00436	0.10636
20	0.02032	0.09292	0.06596	0.01251	0.01695	0.01259	0.01066	0.04216	0.03673	0.23088	0.04646	0.14210	0.04794	0.10986	0.01175	0.00298	0.00657	0.01002	0.00661	0.07400

[dist]
# distance from previous block
# <min> <max>
6	17

[block]
# block no. 2 follows, 26 sequences, length 14
# corresponding to MSA columns:
# 101-114
name=unknown_C
#
# <colnr> <probs for GDERKNQSTAVLIFYWHMCP>
#	G	D	E	R	K	N	Q	S	T	A	V	L	I	F	Y	W	H	M	C	P
0	0.14951	0.09313	0.24767	0.01685	0.04974	0.01704	0.01677	0.02329	0.05332	0.07674	0.04833	0.05301	0.05763	0.00966	0.00807	0.00241	0.05476	0.00733	0.00486	0.00988
1	0.31740	0.01644	0.06990	0.10786	0.02537	0.01559	0.10463	0.02502	0.01646	0.16926	0.05092	0.01997	0.01458	0.00797	0.00671	0.00241	0.00782	0.00650	0.00547	0.00969
2	0.01818	0.01969	0.04036	0.03656	0.24307	0.01882	0.45866	0.02398	0.01770	0.02445	0.01501	0.01993	0.01167	0.00651	0.00850	0.00246	0.01160	0.00826	0.00381	0.01079
3	0.01596	0.01367	0.01443	0.01319	0.01691	0.01512	0.01019	0.03156	0.47294	0.02896	0.08472	0.04085	0.18411	0.01277	0.00810	0.00256	0.00533	0.01069	0.00760	0.01035
4	0.00924	0.00660	0.00880	0.01056	0.01100	0.00616	0.00704	0.01056	0.01452	0.01936	0.04181	0.72848	0.05017	0.02376	0.00968	0.00308	0.00440	0.02156	0.00704	0.00616
5	0.01577	0.03591	0.59009	0.02553	0.13530	0.01768	0.02728	0.02390	0.01621	0.02414	0.01371	0.01645	0.00999	0.00714	0.00725	0.00238	0.01086	0.00579	0.00329	0.01134
6	0.01061	0.00775	0.00996	0.00941	0.01125	0.00710	0.00706	0.01407	0.02117	0.02970	0.63858	0.05783	0.11555	0.01577	0.00895	0.00240	0.00360	0.01388	0.00826	0.00710
7	0.01672	0.01412	0.01625	0.01186	0.01842	0.01143	0.00949	0.06052	0.05301	0.02655	0.01473	0.01657	0.01199	0.00609	0.00586	0.00128	0.00581	0.00486	0.00486	0.68957
8	0.01454	0.01005	0.01217	0.01163	0.01385	0.00999	0.00861	0.13750	0.02075	0.05984	0.19383	0.36142	0.07964	0.01802	0.00897	0.00270	0.00503	0.01588	0.00758	0.00803
9	0.05337	0.01296	0.01533	0.05825	0.01911	0.01220	0.01018	0.05559	0.07278	0.05484	0.02227	0.10593	0.04649	0.00979	0.00750	0.00193	0.03563	0.00798	0.03811	0.35976
10	0.01470	0.05309	0.01527	0.01180	0.01567	0.01182	0.00905	0.04684	0.06912	0.02353	0.04417	0.18750	0.02489	0.08844	0.01123	0.00257	0.03665	0.00996	0.00550	0.31820
11	0.01865	0.01407	0.01714	0.04834	0.02032	0.01361	0.02897	0.06931	0.19253	0.09872	0.11546	0.02647	0.02385	0.00902	0.00718	0.00200	0.00613	0.00761	0.00655	0.27408
12	0.10023	0.01202	0.01479	0.01245	0.01646	0.01150	0.03026	0.02135	0.06385	0.12508	0.09580	0.15394	0.05538	0.01206	0.00841	0.00227	0.04624	0.01005	0.00637	0.20148
13	0.14867	0.05299	0.04971	0.13902	0.02599	0.01534	0.07680	0.04289	0.04833	0.04562	0.08433	0.02149	0.01754	0.00788	0.00674	0.00208	0.00747	0.00662	0.00494	0.19553

[dist]
# distance from previous block
# <min> <max>
4	25

[block]
# block no. 3 follows, 26 sequences, length 10
# corresponding to MSA columns:
# 140-149
name=unknown_D
#
# <colnr> <probs for GDERKNQSTAVLIFYWHMCP>
#	G	D	E	R	K	N	Q	S	T	A	V	L	I	F	Y	W	H	M	C	P
0	0.10241	0.03021	0.01508	0.01304	0.01602	0.03625	0.01011	0.04220	0.06766	0.15159	0.02592	0.21609	0.02497	0.05253	0.04193	0.00327	0.08484	0.01086	0.00631	0.04871
1	0.08691	0.07530	0.01949	0.01448	0.01887	0.01632	0.04417	0.12538	0.08719	0.06186	0.02172	0.15655	0.02024	0.01127	0.00867	0.00231	0.06534	0.00912	0.00586	0.14894
2	0.13184	0.01906	0.04953	0.13864	0.02653	0.05865	0.01432	0.28042	0.02387	0.03429	0.03998	0.01847	0.01338	0.00815	0.00690	0.00217	0.00820	0.00620	0.00563	0.11376
3	0.39837	0.01659	0.08444	0.12565	0.02324	0.01596	0.01275	0.02327	0.06857	0.05562	0.01559	0.05261	0.01266	0.00827	0.00610	0.00236	0.00705	0.00611	0.00487	0.05992
4	0.01397	0.00980	0.01366	0.01226	0.01455	0.00950	0.06131	0.06728	0.01885	0.05965	0.23558	0.20397	0.04368	0.10155	0.01225	0.00313	0.00562	0.03495	0.07081	0.00761
5	0.10779	0.02047	0.04860	0.11549	0.04746	0.13467	0.01492	0.16853	0.07202	0.02904	0.01584	0.01857	0.01235	0.01032	0.03100	0.00269	0.08380	0.00630	0.05029	0.00985
6	0.06519	0.00996	0.01400	0.21398	0.02315	0.01131	0.01120	0.01676	0.06683	0.01943	0.01574	0.02250	0.01343	0.01653	0.01731	0.35956	0.00720	0.00668	0.08306	0.00621
7	0.01131	0.00847	0.00947	0.00933	0.01183	0.00766	0.00708	0.01481	0.06107	0.05629	0.14556	0.12906	0.43231	0.01817	0.00896	0.00263	0.00430	0.04712	0.00737	0.00721
8	0.13409	0.01184	0.01382	0.07873	0.01845	0.01258	0.01020	0.06785	0.08058	0.12522	0.12218	0.03430	0.04917	0.05001	0.03505	0.00303	0.00656	0.04523	0.09216	0.00895
9	0.04686	0.03797	0.06096	0.27480	0.03221	0.01648	0.04983	0.01962	0.01486	0.04666	0.01638	0.04492	0.01452	0.01079	0.01170	0.03587	0.13883	0.05866	0.00414	0.06392

[dist]
# distance from previous block
# <min> <max>
0	3

[block]
# block no. 4 follows, 26 sequences, length 8
# corresponding to MSA columns:
# 153-160
name=unknown_E
#
# <colnr> <probs for GDERKNQSTAVLIFYWHMCP>
#	G	D	E	R	K	N	Q	S	T	A	V	L	I	F	Y	W	H	M	C	P
0	0.04209	0.00976	0.01348	0.03888	0.01501	0.01036	0.07432	0.01701	0.01480	0.02401	0.04308	0.04742	0.02093	0.13062	0.05637	0.00362	0.05593	0.00839	0.36677	0.00713
1	0.04197	0.00871	0.00978	0.00962	0.01095	0.00889	0.00676	0.06157	0.01558	0.02293	0.07155	0.09853	0.03054	0.32583	0.02101	0.00457	0.00606	0.07491	0.16385	0.00640
2	0.06483	0.01392	0.02138	0.50723	0.09292	0.01659	0.01876	0.06391	0.01671	0.02332	0.01518	0.02199	0.01193	0.00808	0.00735	0.00246	0.00915	0.02628	0.04914	0.00887
3	0.23932	0.01367	0.04300	0.09598	0.01926	0.01418	0.01062	0.12133	0.01669	0.02806	0.01585	0.02192	0.01345	0.08551	0.01311	0.12498	0.00698	0.00640	0.10184	0.00783
4	0.01363	0.05113	0.01178	0.00974	0.01243	0.00873	0.00754	0.01604	0.01824	0.11017	0.21052	0.10690	0.29207	0.05775	0.01037	0.00279	0.00475	0.04059	0.00731	0.00754
5	0.02238	0.01610	0.01751	0.01436	0.01843	0.01749	0.01126	0.42627	0.02760	0.03749	0.02283	0.12268	0.02076	0.11844	0.01231	0.00310	0.00729	0.00952	0.06389	0.01030
6	0.01875	0.02537	0.26374	0.04843	0.02671	0.06397	0.07063	0.16263	0.02027	0.02782	0.01686	0.06248	0.01384	0.01013	0.00915	0.06206	0.00948	0.00724	0.03919	0.04125
7	0.14513	0.01432	0.02040	0.42918	0.08918	0.01676	0.01739	0.02231	0.08266	0.02386	0.01484	0.01933	0.01135	0.00758	0.00698	0.00239	0.00861	0.00635	0.00414	0.05723

[dist]
# distance from previous block
# <min> <max>
7	15

[block]
# block no. 5 follows, 26 sequences, length 29
# corresponding to MSA columns:
# 177-205
name=unknown_F
#
# <colnr> <probs for GDERKNQSTAVLIFYWHMCP>
#	G	D	E	R	K	N	Q	S	T	A	V	L	I	F	Y	W	H	M	C	P
0	0.06400	0.16996	0.02415	0.04553	0.08427	0.19373	0.01398	0.05910	0.03178	0.02261	0.01353	0.01660	0.01145	0.01091	0.05113	0.00267	0.07391	0.00552	0.03478	0.07036
1	0.05837	0.09161	0.02108	0.01507	0.02051	0.10624	0.01241	0.18253	0.07555	0.28572	0.04063	0.02159	0.01672	0.00898	0.00717	0.00222	0.00787	0.00683	0.00728	0.01163
2	0.02414	0.01692	0.01870	0.01516	0.01970	0.01847	0.01221	0.44056	0.02885	0.07300	0.02283	0.12741	0.01947	0.01145	0.00820	0.00238	0.02952	0.00913	0.09081	0.01110
3	0.01786	0.02465	0.18719	0.02895	0.03732	0.01906	0.48659	0.05645	0.01838	0.02543	0.01511	0.01936	0.01116	0.00671	0.00850	0.00251	0.01221	0.00810	0.00389	0.01058
4	0.00949	0.00770	0.00841	0.00823	0.01057	0.00663	0.00617	0.01190	0.01852	0.02342	0.25527	0.06818	0.50278	0.01812	0.00896	0.00251	0.00376	0.01533	0.00743	0.00663
5	0.01103	0.00735	0.00827	0.00827	0.00827	0.00735	0.00460	0.01103	0.01103	0.01471	0.02390	0.04964	0.02758	0.73343	0.03861	0.00735	0.00735	0.01103	0.00460	0.00460
6	0.00990	0.00837	0.00864	0.00845	0.01109	0.00745	0.00637	0.01350	0.06952	0.02222	0.12413	0.06808	0.57933	0.01819	0.00886	0.00255	0.00399	0.01523	0.00721	0.00691
7	0.00896	0.00768	0.00768	0.00768	0.01025	0.00640	0.00576	0.01089	0.01729	0.02049	0.07684	0.07300	0.68304	0.01921	0.00896	0.00256	0.00384	0.01601	0.00704	0.00640
8	0.02756	0.06117	0.02327	0.01704	0.02299	0.02352	0.01415	0.57579	0.08495	0.04485	0.01878	0.01867	0.01353	0.00905	0.00745	0.00226	0.00815	0.00681	0.00735	0.01265
9	0.02807	0.11137	0.11350	0.01555	0.02197	0.08588	0.01433	0.08227	0.04982	0.36696	0.02252	0.02103	0.01520	0.00858	0.00714	0.00223	0.00818	0.00660	0.00700	0.01182
10	0.01510	0.01833	0.10944	0.06309	0.03142	0.01522	0.35216	0.02041	0.01683	0.02287	0.02285	0.16199	0.02216	0.01149	0.00898	0.00274	0.01021	0.08090	0.00470	0.00911
11	0.78701	0.01467	0.01115	0.00997	0.01467	0.01702	0.00821	0.02230	0.01291	0.03403	0.01056	0.01232	0.00821	0.00704	0.00469	0.00235	0.00587	0.00411	0.00469	0.00821
12	0.01432	0.01348	0.02275	0.71520	0.05224	0.01685	0.02107	0.01938	0.01517	0.01938	0.01348	0.02022	0.01011	0.00758	0.00758	0.00253	0.01011	0.00674	0.00337	0.00843
13	0.01573	0.01348	0.01573	0.01123	0.01798	0.01011	0.00899	0.01910	0.01573	0.02472	0.01348	0.01573	0.01123	0.00562	0.00562	0.00112	0.00562	0.00449	0.00449	0.77980
14	0.01206	0.00862	0.01204	0.01379	0.01546	0.00859	0.01194	0.01544	0.01730	0.02252	0.04025	0.12023	0.04400	0.02110	0.01043	0.00347	0.00685	0.60198	0.00699	0.00694
15	0.02736	0.01430	0.01805	0.01575	0.05635	0.01404	0.01195	0.10085	0.15603	0.39054	0.07034	0.02839	0.04057	0.01006	0.00776	0.00239	0.00645	0.00831	0.00841	0.01213
16	0.01645	0.21039	0.53384	0.01950	0.02956	0.02065	0.02434	0.02370	0.01587	0.02251	0.01286	0.01507	0.00964	0.00703	0.00663	0.00221	0.01045	0.00523	0.00321	0.01085
17	0.11003	0.24875	0.34223	0.01813	0.02657	0.05156	0.05957	0.02371	0.01582	0.02311	0.01233	0.01457	0.00960	0.00694	0.00628	0.00215	0.00983	0.00513	0.00346	0.01023
18	0.02028	0.73799	0.03975	0.01298	0.01947	0.03001	0.01298	0.02271	0.01541	0.01785	0.01055	0.01217	0.00973	0.00649	0.00487	0.00162	0.00811	0.00406	0.00324	0.00973
19	0.02579	0.01149	0.01500	0.01230	0.01683	0.01029	0.00985	0.02978	0.06120	0.44880	0.13347	0.07439	0.09262	0.01211	0.00808	0.00243	0.00563	0.01019	0.00877	0.01098
20	0.01282	0.01022	0.01138	0.03229	0.01389	0.04725	0.00820	0.01582	0.05176	0.04799	0.14059	0.26692	0.13898	0.10201	0.01273	0.00319	0.02544	0.01451	0.00660	0.03741
21	0.09638	0.24425	0.02618	0.05043	0.02205	0.06999	0.01340	0.26666	0.02353	0.03170	0.05119	0.01764	0.01428	0.00843	0.00709	0.00211	0.03288	0.00594	0.00538	0.01048
22	0.01288	0.03488	0.01196	0.01048	0.01280	0.03802	0.00796	0.01702	0.06049	0.05337	0.43274	0.11593	0.13147	0.01552	0.00866	0.00244	0.00453	0.01346	0.00771	0.00766
23	0.17562	0.06824	0.01434	0.01088	0.01455	0.01251	0.00874	0.02135	0.07047	0.10001	0.33213	0.03617	0.04078	0.01143	0.00732	0.00226	0.00502	0.00940	0.00704	0.05172
24	0.01611	0.01158	0.01373	0.01328	0.01626	0.01211	0.01064	0.06328	0.20721	0.07961	0.07579	0.14201	0.09592	0.01613	0.00894	0.00286	0.00592	0.19201	0.00751	0.00911
25	0.01992	0.01674	0.01698	0.01508	0.01918	0.06680	0.01182	0.09321	0.43427	0.06076	0.10612	0.03179	0.02759	0.01100	0.00789	0.00250	0.00655	0.03312	0.00755	0.01112
26	0.01941	0.01250	0.01471	0.01262	0.01639	0.01277	0.00993	0.10233	0.18495	0.16252	0.27454	0.03994	0.08002	0.01247	0.00822	0.00242	0.00534	0.01056	0.00823	0.01014
27	0.07568	0.00993	0.01205	0.01070	0.01349	0.00966	0.00828	0.06867	0.02174	0.10909	0.48112	0.06696	0.05513	0.01387	0.00837	0.00239	0.00450	0.01194	0.00808	0.00834
28	0.01620	0.01592	0.04553	0.08448	0.02519	0.03676	0.15093	0.08543	0.07309	0.02652	0.12893	0.03583	0.12088	0.01150	0.00960	0.00253	0.06055	0.03376	0.00574	0.03063

[dist]
# distance from previous block
# <min> <max>
2	11

[block]
# block no. 6 follows, 26 sequences, length 35
# corresponding to MSA columns:
# 217-251
name=unknown_G
#
# <colnr> <probs for GDERKNQSTAVLIFYWHMCP>
#	G	D	E	R	K	N	Q	S	T	A	V	L	I	F	Y	W	H	M	C	P
0	0.04530	0.01649	0.03742	0.54478	0.04487	0.07462	0.01967	0.04559	0.01621	0.02101	0.01320	0.01898	0.01010	0.00799	0.00847	0.00251	0.05403	0.00646	0.00362	0.00868
1	0.15813	0.01565	0.02051	0.31615	0.03391	0.01831	0.03873	0.16274	0.04729	0.02905	0.01759	0.02099	0.04219	0.00867	0.00791	0.00248	0.03843	0.00686	0.00492	0.00950
2	0.04837	0.01379	0.02043	0.39181	0.03661	0.04622	0.06918	0.01964	0.01574	0.04492	0.01983	0.02456	0.06461	0.00965	0.00879	0.05118	0.00882	0.00742	0.06002	0.03842
3	0.01502	0.01247	0.01923	0.41017	0.07891	0.01446	0.01659	0.02078	0.07976	0.05247	0.02173	0.15306	0.01975	0.01094	0.00789	0.00258	0.00813	0.00973	0.03761	0.00874
4	0.04739	0.00952	0.01028	0.01008	0.01257	0.00942	0.00757	0.01754	0.13881	0.02439	0.14861	0.13095	0.31530	0.04903	0.00999	0.00283	0.00463	0.03639	0.00714	0.00755
5	0.01414	0.00707	0.00707	0.00707	0.00884	0.00707	0.00530	0.01767	0.01591	0.02828	0.02474	0.02828	0.01944	0.00884	0.00530	0.00177	0.00353	0.00707	0.77554	0.00707
6	0.02242	0.01603	0.01765	0.01523	0.01994	0.01778	0.01203	0.08584	0.50420	0.15544	0.02975	0.02709	0.02158	0.01003	0.00769	0.00251	0.00626	0.00827	0.00802	0.01224
7	0.01779	0.01529	0.01618	0.01474	0.01878	0.01745	0.01149	0.03693	0.59325	0.03045	0.03505	0.03417	0.07883	0.01143	0.00793	0.00261	0.00586	0.03277	0.00763	0.01135
8	0.09281	0.01532	0.01829	0.01431	0.02001	0.01521	0.01176	0.18647	0.07474	0.43167	0.02560	0.02308	0.01684	0.00920	0.00739	0.00235	0.00683	0.00722	0.00844	0.01245
9	0.10319	0.01308	0.01976	0.50694	0.04092	0.01619	0.01758	0.01929	0.01464	0.02167	0.01411	0.02010	0.01098	0.00975	0.03316	0.00284	0.05327	0.00651	0.06780	0.00822
10	0.01357	0.00695	0.00804	0.00804	0.00911	0.00695	0.00564	0.01469	0.01362	0.02243	0.02111	0.02856	0.01823	0.07831	0.01575	0.24175	0.00481	0.00727	0.46950	0.00569
11	0.00952	0.00681	0.00905	0.01037	0.01106	0.00635	0.00706	0.01126	0.01581	0.02142	0.16073	0.60370	0.05414	0.02223	0.00954	0.00295	0.00425	0.02011	0.00728	0.00635
12	0.01082	0.00717	0.00919	0.01011	0.01102	0.00672	0.00693	0.01247	0.01540	0.04527	0.11350	0.47188	0.07013	0.10802	0.01286	0.00343	0.00475	0.03460	0.03931	0.00640
13	0.01315	0.00926	0.01056	0.01000	0.01207	0.00934	0.00728	0.01910	0.13900	0.04384	0.24293	0.07118	0.11344	0.14476	0.01360	0.00328	0.00485	0.01173	0.11300	0.00762
14	0.01015	0.00669	0.00848	0.00991	0.01060	0.00633	0.00672	0.01188	0.01478	0.02102	0.03864	0.59843	0.04446	0.02099	0.00887	0.00284	0.00424	0.01887	0.14977	0.00633
15	0.00949	0.00678	0.00909	0.01085	0.01139	0.00637	0.00747	0.01099	0.01477	0.01964	0.04167	0.67498	0.04963	0.02353	0.00975	0.00311	0.00462	0.07261	0.00704	0.00623
16	0.01951	0.01399	0.01554	0.01298	0.01693	0.01458	0.01031	0.29741	0.04384	0.06329	0.17925	0.08286	0.15031	0.01333	0.00822	0.00240	0.00594	0.01105	0.02842	0.00983
17	0.02288	0.01132	0.01420	0.01207	0.01605	0.01050	0.00944	0.05505	0.07278	0.34349	0.07692	0.13409	0.12649	0.04687	0.00964	0.00273	0.00569	0.01140	0.00821	0.01018
18	0.01098	0.00743	0.00862	0.00851	0.00884	0.00732	0.00507	0.01164	0.01297	0.01762	0.14615	0.05094	0.03575	0.60009	0.03310	0.00643	0.00665	0.01153	0.00529	0.00507
19	0.01678	0.01404	0.01496	0.01351	0.01727	0.01552	0.01046	0.07820	0.42791	0.03028	0.08929	0.06435	0.14971	0.01277	0.00811	0.00255	0.00553	0.01071	0.00761	0.01044
20	0.01169	0.00787	0.01007	0.01032	0.01191	0.00733	0.00742	0.01474	0.04194	0.06642	0.28044	0.35755	0.10550	0.01894	0.00915	0.00272	0.00424	0.01686	0.00770	0.00719
21	0.01427	0.00808	0.01092	0.01159	0.01323	0.00745	0.00854	0.01620	0.01628	0.14465	0.03936	0.50618	0.04341	0.02069	0.00941	0.00300	0.00515	0.10657	0.00747	0.00753
22	0.03403	0.01291	0.01760	0.01350	0.01936	0.01115	0.01115	0.03697	0.02171	0.69137	0.02992	0.02582	0.01878	0.00939	0.00763	0.00235	0.00645	0.00763	0.00939	0.01291
23	0.00975	0.00698	0.00928	0.01042	0.01126	0.00652	0.00726	0.01174	0.01646	0.02240	0.21024	0.52786	0.05556	0.02149	0.00952	0.00291	0.00428	0.04224	0.00738	0.00645
24	0.01203	0.00860	0.01067	0.00992	0.01215	0.00812	0.00751	0.01676	0.07137	0.05416	0.53424	0.05527	0.13953	0.01532	0.00880	0.00242	0.00391	0.01337	0.00818	0.00766
25	0.02757	0.01234	0.01571	0.01265	0.01771	0.01119	0.01025	0.03252	0.09853	0.48806	0.03875	0.03488	0.14267	0.01132	0.00789	0.00241	0.00592	0.00930	0.00875	0.01159
26	0.03068	0.01287	0.01702	0.01336	0.01868	0.01157	0.01090	0.08230	0.02247	0.55924	0.08254	0.05761	0.02395	0.01047	0.00782	0.00238	0.00628	0.00865	0.00906	0.01215
27	0.01643	0.01373	0.01505	0.01367	0.01721	0.01535	0.01055	0.03251	0.47720	0.03134	0.22618	0.03680	0.03767	0.01185	0.00809	0.00252	0.00528	0.01012	0.00791	0.01055
28	0.00933	0.00686	0.00855	0.00985	0.01065	0.00630	0.00661	0.01066	0.01477	0.01921	0.04693	0.55418	0.16596	0.07786	0.01179	0.00331	0.00453	0.01972	0.00685	0.00608
29	0.01613	0.01478	0.02112	0.01509	0.02200	0.01180	0.12963	0.02006	0.01613	0.02464	0.01383	0.01661	0.01129	0.00576	0.00624	0.00139	0.00695	0.00532	0.00437	0.63687
30	0.01335	0.00668	0.00936	0.00936	0.00969	0.00668	0.00635	0.01133	0.01100	0.01598	0.01532	0.02403	0.01434	0.02310	0.02512	0.63490	0.00602	0.00668	0.14672	0.00400
31	0.01148	0.00931	0.01038	0.00983	0.01242	0.00901	0.00745	0.01766	0.14056	0.02637	0.29945	0.05846	0.32696	0.01614	0.00873	0.00250	0.00414	0.01375	0.00767	0.00773
32	0.00996	0.00715	0.00948	0.01093	0.01178	0.00677	0.00788	0.01184	0.01559	0.02072	0.09175	0.50906	0.07328	0.04721	0.01076	0.00323	0.00490	0.13433	0.00705	0.00635
33	0.00997	0.00660	0.00900	0.01044	0.01079	0.00624	0.00696	0.01044	0.01366	0.01821	0.03649	0.59746	0.04330	0.02424	0.01339	0.14725	0.00481	0.01878	0.00635	0.00563
34	0.05429	0.01327	0.01808	0.14392	0.02508	0.01313	0.01310	0.08312	0.02101	0.41349	0.04945	0.02939	0.02012	0.01006	0.00778	0.00246	0.00721	0.05607	0.00773	0.01124

[dist]
# distance from previous block
# <min> <max>
0	0

# created by:
# /st0/software/busco_prod/Augustus/scripts/msa2prfl.pl ./align_prep/120870.fa
