[name]
unknown

[dist]
# distance from previous block
# <min> <max>
0	28

[block]
# block no. 0 follows, 24 sequences, length 139
# corresponding to MSA columns:
# 29-167
name=unknown_A
#
# <colnr> <probs for GDERKNQSTAVLIFYWHMCP>
#	G	D	E	R	K	N	Q	S	T	A	V	L	I	F	Y	W	H	M	C	P
0	0.01278	0.00913	0.01278	0.01460	0.01643	0.00913	0.01278	0.01643	0.01825	0.02373	0.04199	0.08945	0.04564	0.02191	0.01095	0.00365	0.00730	0.61847	0.00730	0.00730
1	0.02007	0.01944	0.03009	0.04362	0.56715	0.04784	0.02256	0.02675	0.09367	0.02648	0.01685	0.02057	0.01383	0.00755	0.00785	0.00238	0.00926	0.00721	0.00442	0.01241
2	0.02039	0.01731	0.01905	0.07656	0.02402	0.02004	0.01364	0.10280	0.53688	0.03378	0.02931	0.02775	0.02190	0.01038	0.00804	0.00265	0.00691	0.00861	0.00766	0.01232
3	0.01122	0.00811	0.01060	0.00998	0.01185	0.00748	0.00748	0.01496	0.02245	0.03180	0.66766	0.05923	0.07482	0.01621	0.00935	0.00249	0.00374	0.01434	0.00873	0.00748
4	0.01153	0.00769	0.00865	0.00865	0.00865	0.00769	0.00480	0.01153	0.01153	0.01538	0.02499	0.05189	0.02883	0.72131	0.04036	0.00769	0.00769	0.01153	0.00480	0.00480
5	0.01122	0.00811	0.01060	0.00998	0.01185	0.00748	0.00748	0.01496	0.02245	0.03180	0.66766	0.05923	0.07482	0.01621	0.00935	0.00249	0.00374	0.01434	0.00873	0.00748
6	0.01972	0.01703	0.01793	0.01614	0.02062	0.01972	0.01255	0.04214	0.65752	0.03317	0.03228	0.02959	0.02421	0.01076	0.00807	0.00269	0.00628	0.00897	0.00807	0.01255
7	0.01122	0.00811	0.01060	0.00998	0.01185	0.00748	0.00748	0.01496	0.02245	0.03180	0.66766	0.05923	0.07482	0.01621	0.00935	0.00249	0.00374	0.01434	0.00873	0.00748
8	0.77733	0.01534	0.01166	0.01043	0.01534	0.01779	0.00859	0.02331	0.01350	0.03558	0.01104	0.01288	0.00859	0.00736	0.00491	0.00245	0.00613	0.00429	0.00491	0.00859
9	0.02051	0.01742	0.01837	0.01630	0.02092	0.02009	0.01274	0.08742	0.61097	0.03443	0.03128	0.02879	0.02340	0.01067	0.00806	0.00267	0.00646	0.00883	0.00806	0.01262
10	0.01972	0.01703	0.01793	0.01614	0.02062	0.01972	0.01255	0.04214	0.65752	0.03317	0.03228	0.02959	0.02421	0.01076	0.00807	0.00269	0.00628	0.00897	0.00807	0.01255
11	0.02519	0.01941	0.02387	0.11475	0.13230	0.02137	0.01677	0.41123	0.02966	0.04046	0.01824	0.02024	0.01348	0.00888	0.00773	0.00237	0.00869	0.00713	0.06599	0.01223
12	0.01153	0.00769	0.00865	0.00865	0.00865	0.00769	0.00480	0.01153	0.01153	0.01538	0.02499	0.05189	0.02883	0.72131	0.04036	0.00769	0.00769	0.01153	0.00480	0.00480
13	0.02120	0.72609	0.04155	0.01357	0.02035	0.03138	0.01357	0.02374	0.01611	0.01866	0.01102	0.01272	0.01018	0.00678	0.00509	0.00170	0.00848	0.00424	0.00339	0.01018
14	0.01754	0.23714	0.47065	0.02045	0.03060	0.02221	0.04995	0.02473	0.01664	0.02327	0.01338	0.01578	0.01016	0.00728	0.00691	0.00228	0.01086	0.00554	0.00339	0.01123
15	0.00966	0.00690	0.00920	0.01104	0.01150	0.00644	0.00736	0.01104	0.01518	0.02024	0.04371	0.71614	0.05245	0.02484	0.01012	0.00322	0.00460	0.02254	0.00736	0.00644
16	0.01021	0.00861	0.00867	0.00845	0.01127	0.00742	0.00639	0.03698	0.01885	0.02257	0.07786	0.07400	0.64217	0.01966	0.00931	0.00267	0.00421	0.01635	0.00739	0.00697
17	0.05174	0.06156	0.45444	0.01979	0.02924	0.04506	0.02331	0.04857	0.03932	0.09418	0.04712	0.01988	0.01462	0.00834	0.00747	0.00245	0.01028	0.00646	0.00469	0.01150
18	0.02521	0.02035	0.04765	0.09689	0.02592	0.09839	0.01494	0.19422	0.14879	0.14110	0.02220	0.02259	0.01604	0.00952	0.00836	0.00246	0.03350	0.00734	0.05289	0.01163
19	0.01061	0.00810	0.00978	0.00969	0.01178	0.00728	0.00737	0.01361	0.02021	0.02690	0.37862	0.09860	0.28454	0.01845	0.00952	0.00268	0.00416	0.06289	0.00806	0.00714
20	0.01887	0.01606	0.01686	0.01510	0.01944	0.01815	0.01177	0.07431	0.52803	0.03250	0.03838	0.03566	0.11614	0.01202	0.00825	0.00267	0.00610	0.00997	0.00796	0.01177
21	0.02807	0.02064	0.02205	0.01724	0.02309	0.02287	0.01413	0.54492	0.09063	0.04696	0.02072	0.02076	0.01495	0.00961	0.00777	0.00237	0.00813	0.00732	0.06484	0.01295
22	0.02293	0.11058	0.12754	0.06408	0.04937	0.01924	0.01629	0.19756	0.02297	0.10417	0.01706	0.01836	0.01260	0.00789	0.00706	0.00207	0.00846	0.00612	0.00569	0.17997
23	0.01733	0.08102	0.60423	0.02158	0.03268	0.01882	0.02735	0.02579	0.01704	0.06144	0.01500	0.01708	0.01059	0.00762	0.00741	0.00246	0.01124	0.00588	0.00372	0.01173
24	0.02655	0.01619	0.01733	0.01431	0.01893	0.09616	0.01138	0.10613	0.05140	0.30694	0.20905	0.03375	0.03365	0.01144	0.00826	0.00242	0.00705	0.00938	0.00849	0.01121
25	0.01393	0.00962	0.01197	0.01106	0.01355	0.00933	0.00839	0.01995	0.10664	0.07623	0.49189	0.08070	0.08447	0.01553	0.00912	0.00255	0.00433	0.01360	0.00861	0.00851
26	0.01886	0.02164	0.07757	0.03791	0.25178	0.01956	0.40166	0.02503	0.01838	0.02555	0.01556	0.02054	0.01210	0.00686	0.00875	0.00256	0.01196	0.00839	0.00394	0.01138
27	0.02819	0.01527	0.08708	0.01405	0.01990	0.01145	0.01258	0.03198	0.02183	0.46912	0.14178	0.03351	0.05480	0.01110	0.00822	0.00248	0.00664	0.00921	0.00884	0.01199
28	0.00965	0.00695	0.00915	0.01091	0.01147	0.00645	0.00730	0.01106	0.01531	0.02029	0.04526	0.68893	0.07866	0.02464	0.01009	0.00320	0.00458	0.02230	0.00736	0.00645
29	0.01616	0.01495	0.02407	0.07541	0.41876	0.01485	0.01842	0.02012	0.01807	0.02483	0.07971	0.08041	0.13816	0.01139	0.00840	0.00250	0.00774	0.01043	0.00513	0.01046
30	0.06102	0.18124	0.02452	0.01505	0.02045	0.04214	0.03760	0.07139	0.04278	0.27828	0.02357	0.02403	0.03729	0.03415	0.03721	0.00292	0.04121	0.00724	0.00670	0.01120
31	0.01474	0.01378	0.02292	0.63558	0.05077	0.01718	0.02096	0.01966	0.01568	0.02022	0.01576	0.06316	0.01310	0.00917	0.00872	0.00271	0.03550	0.00798	0.00375	0.00866
32	0.77733	0.01534	0.01166	0.01043	0.01534	0.01779	0.00859	0.02331	0.01350	0.03558	0.01104	0.01288	0.00859	0.00736	0.00491	0.00245	0.00613	0.00429	0.00491	0.00859
33	0.01150	0.00841	0.01233	0.01233	0.01371	0.00971	0.00951	0.01425	0.01287	0.01880	0.02160	0.03192	0.02021	0.08384	0.63224	0.01204	0.01989	0.00857	0.03927	0.00700
34	0.04689	0.02880	0.32459	0.02380	0.09559	0.01929	0.07426	0.06701	0.18372	0.02920	0.01929	0.02074	0.01428	0.00836	0.00778	0.00254	0.00982	0.00710	0.00502	0.01192
35	0.04765	0.13652	0.06218	0.36479	0.07719	0.02078	0.09104	0.02195	0.01604	0.02167	0.01348	0.01886	0.01067	0.00791	0.00871	0.00251	0.05817	0.00666	0.00362	0.00959
36	0.00998	0.00714	0.00952	0.01107	0.01175	0.00668	0.00761	0.01174	0.01618	0.02176	0.11764	0.61138	0.05481	0.02369	0.01007	0.00315	0.00461	0.04710	0.00752	0.00660
37	0.01223	0.00970	0.01125	0.01063	0.01272	0.03550	0.00797	0.01666	0.05365	0.03038	0.55479	0.07972	0.10235	0.01613	0.00923	0.00252	0.00434	0.01412	0.00838	0.00772
38	0.00966	0.00690	0.00920	0.01104	0.01150	0.00644	0.00736	0.01104	0.01518	0.02024	0.04371	0.71614	0.05245	0.02484	0.01012	0.00322	0.00460	0.02254	0.00736	0.00644
39	0.01872	0.02139	0.04679	0.03342	0.04144	0.02005	0.64305	0.02540	0.01872	0.02540	0.01604	0.02139	0.01203	0.00668	0.00936	0.00267	0.01337	0.00936	0.00401	0.01070
40	0.01106	0.00808	0.01026	0.00973	0.01159	0.00742	0.00722	0.01446	0.02152	0.03004	0.58144	0.06052	0.12930	0.04972	0.01081	0.00276	0.00395	0.01444	0.00841	0.00728
41	0.77733	0.01534	0.01166	0.01043	0.01534	0.01779	0.00859	0.02331	0.01350	0.03558	0.01104	0.01288	0.00859	0.00736	0.00491	0.00245	0.00613	0.00429	0.00491	0.00859
42	0.01609	0.01571	0.02525	0.57129	0.09643	0.04173	0.04521	0.02109	0.01617	0.02078	0.01398	0.02061	0.01075	0.00812	0.00885	0.00264	0.04548	0.00706	0.00359	0.00916
43	0.77733	0.01534	0.01166	0.01043	0.01534	0.01779	0.00859	0.02331	0.01350	0.03558	0.01104	0.01288	0.00859	0.00736	0.00491	0.00245	0.00613	0.00429	0.00491	0.00859
44	0.02995	0.02128	0.02307	0.01782	0.02405	0.02337	0.01468	0.56708	0.07114	0.09490	0.02068	0.02021	0.01454	0.00961	0.00794	0.00240	0.00844	0.00730	0.00808	0.01343
45	0.01166	0.00874	0.01079	0.01054	0.01200	0.00863	0.00758	0.03551	0.01860	0.02534	0.29815	0.19254	0.14067	0.13096	0.01526	0.00355	0.03986	0.01530	0.00734	0.00700
46	0.01057	0.00777	0.01029	0.05228	0.01381	0.00753	0.00790	0.01261	0.01664	0.02244	0.18920	0.40729	0.08129	0.10644	0.01346	0.00353	0.00511	0.01804	0.00714	0.00664
47	0.01644	0.01409	0.01644	0.01175	0.01879	0.01057	0.00940	0.01997	0.01644	0.02584	0.01409	0.01644	0.01175	0.00587	0.00587	0.00117	0.00587	0.00470	0.00470	0.76979
48	0.07574	0.36310	0.05987	0.01446	0.02088	0.02372	0.01348	0.06047	0.10416	0.16524	0.01877	0.01855	0.01414	0.00818	0.00635	0.00211	0.00781	0.00590	0.00573	0.01134
49	0.02718	0.01507	0.01842	0.01389	0.02022	0.01346	0.01135	0.14042	0.02317	0.31857	0.04633	0.02313	0.01784	0.00865	0.00730	0.00200	0.00669	0.00694	0.00769	0.27169
50	0.05933	0.43866	0.09936	0.01705	0.02398	0.02587	0.09005	0.02526	0.01680	0.08404	0.01385	0.01574	0.01122	0.00750	0.00709	0.00209	0.04191	0.00550	0.00416	0.01056
51	0.02987	0.02203	0.02309	0.01797	0.02410	0.05092	0.01473	0.54936	0.07071	0.08582	0.02025	0.01992	0.01433	0.00955	0.00791	0.00239	0.00870	0.00721	0.00790	0.01326
52	0.01465	0.00740	0.00744	0.00744	0.00921	0.00740	0.00551	0.01819	0.01642	0.02898	0.02583	0.03048	0.02068	0.03857	0.00698	0.00209	0.00386	0.00756	0.73401	0.00728
53	0.01998	0.01459	0.01742	0.01317	0.01926	0.01271	0.01060	0.09579	0.01931	0.10829	0.01807	0.04418	0.01472	0.01025	0.03874	0.00217	0.03349	0.00630	0.00574	0.49522
54	0.31196	0.02068	0.10006	0.01866	0.02317	0.04543	0.09811	0.02274	0.01447	0.02703	0.01192	0.01597	0.00987	0.00944	0.01275	0.00280	0.23552	0.00604	0.00411	0.00929
55	0.01009	0.00767	0.00936	0.01030	0.01182	0.00694	0.00752	0.01220	0.01733	0.02235	0.12736	0.35530	0.26238	0.02192	0.00987	0.00300	0.00460	0.08571	0.00751	0.00674
56	0.05430	0.01856	0.06377	0.27260	0.16512	0.01941	0.01961	0.12790	0.12525	0.02940	0.01793	0.02123	0.01357	0.00843	0.00777	0.00253	0.00920	0.00718	0.00513	0.01111
57	0.01001	0.00723	0.00952	0.01094	0.01176	0.00673	0.00759	0.01186	0.01645	0.02203	0.12962	0.56667	0.08346	0.02331	0.01002	0.00312	0.00459	0.05092	0.00754	0.00664
58	0.01721	0.06939	0.45812	0.06508	0.06133	0.05041	0.07270	0.02463	0.01681	0.02388	0.01388	0.01721	0.01037	0.00790	0.00883	0.00253	0.05892	0.00621	0.00348	0.01110
59	0.02798	0.01289	0.01671	0.01343	0.01838	0.01190	0.01085	0.07396	0.05937	0.43048	0.19604	0.03498	0.03383	0.01151	0.00834	0.00247	0.00607	0.00963	0.00931	0.01188
60	0.01152	0.00775	0.00896	0.00896	0.00907	0.00786	0.00519	0.01173	0.01162	0.01561	0.02470	0.05031	0.02814	0.67092	0.08982	0.00807	0.00872	0.01130	0.00476	0.00498
61	0.01508	0.01423	0.02381	0.67306	0.05317	0.01790	0.02182	0.02021	0.01570	0.02021	0.01394	0.02098	0.01056	0.00818	0.00870	0.00268	0.04040	0.00704	0.00352	0.00880
62	0.01150	0.00781	0.00928	0.00928	0.00950	0.00803	0.00559	0.01194	0.01172	0.01584	0.02441	0.04869	0.02744	0.61912	0.14065	0.00847	0.00978	0.01106	0.00472	0.00516
63	0.01963	0.01884	0.03219	0.04867	0.67185	0.01884	0.02434	0.02434	0.01806	0.02591	0.01492	0.01963	0.01256	0.00707	0.00785	0.00236	0.00942	0.00707	0.00393	0.01256
64	0.02129	0.54030	0.14198	0.01568	0.02305	0.07397	0.01627	0.05001	0.01752	0.02103	0.01195	0.01373	0.01029	0.00711	0.00574	0.00188	0.00941	0.00468	0.00362	0.01049
65	0.03014	0.02221	0.02380	0.01825	0.02459	0.02459	0.01507	0.64541	0.03728	0.04998	0.01904	0.01904	0.01349	0.00952	0.00793	0.00238	0.00873	0.00714	0.00793	0.01349
66	0.00938	0.00799	0.00808	0.00815	0.01074	0.00668	0.00607	0.01137	0.01797	0.02138	0.07896	0.10028	0.64555	0.02026	0.00940	0.00270	0.00404	0.01695	0.00736	0.00668
67	0.03444	0.01374	0.01839	0.01417	0.02016	0.01215	0.01168	0.06809	0.02342	0.62301	0.05336	0.02774	0.02129	0.01003	0.00802	0.00245	0.00674	0.00816	0.00968	0.01328
68	0.01796	0.11100	0.54067	0.02214	0.05814	0.01935	0.02622	0.02586	0.01713	0.06883	0.01508	0.01713	0.01081	0.00759	0.00732	0.00241	0.01094	0.00588	0.00382	0.01171
69	0.02225	0.57226	0.07718	0.01524	0.02188	0.13794	0.01481	0.02512	0.01719	0.01917	0.01142	0.01322	0.01017	0.00706	0.00557	0.00180	0.00963	0.00448	0.00350	0.01011
70	0.01089	0.00850	0.01014	0.01088	0.01317	0.00775	0.00893	0.01366	0.01834	0.02284	0.08915	0.08112	0.38082	0.02069	0.01004	0.00308	0.00539	0.27023	0.00740	0.00698
71	0.01792	0.02042	0.10866	0.24896	0.30181	0.01873	0.10144	0.04244	0.01788	0.02471	0.01484	0.01996	0.01159	0.00742	0.00803	0.00251	0.01053	0.00720	0.00386	0.01107
72	0.01932	0.01947	0.03365	0.09980	0.03441	0.05667	0.33954	0.09021	0.01974	0.02675	0.01749	0.05099	0.01423	0.00880	0.01002	0.00262	0.06909	0.00883	0.06828	0.01008
73	0.03471	0.01489	0.01927	0.01477	0.02094	0.01372	0.01220	0.13562	0.02503	0.57707	0.02933	0.02572	0.01865	0.00977	0.00797	0.00244	0.00706	0.00784	0.00951	0.01349
74	0.02098	0.68618	0.04058	0.01398	0.02038	0.03098	0.01378	0.02348	0.01589	0.01868	0.01099	0.01298	0.01019	0.00718	0.00627	0.00180	0.04780	0.00439	0.00340	0.01009
75	0.00973	0.00696	0.00927	0.01099	0.01152	0.00649	0.00737	0.01123	0.01552	0.02079	0.07303	0.68527	0.05350	0.02444	0.01009	0.00319	0.00456	0.02216	0.00743	0.00649
76	0.01075	0.00809	0.00995	0.00948	0.01156	0.00728	0.00711	0.01405	0.02133	0.02916	0.51804	0.06359	0.22609	0.01720	0.00936	0.00254	0.00381	0.01495	0.00838	0.00728
77	0.00955	0.00804	0.00827	0.00822	0.01082	0.00677	0.00616	0.01172	0.01848	0.02239	0.13532	0.07472	0.61304	0.01972	0.00937	0.00266	0.00399	0.01651	0.00749	0.00677
78	0.03014	0.02221	0.02380	0.01825	0.02459	0.02459	0.01507	0.64541	0.03728	0.04998	0.01904	0.01904	0.01349	0.00952	0.00793	0.00238	0.00873	0.00714	0.00793	0.01349
79	0.01735	0.01735	0.02429	0.02082	0.02082	0.02429	0.01735	0.01908	0.01214	0.01908	0.01041	0.01735	0.01041	0.01388	0.02602	0.00347	0.70680	0.00694	0.00347	0.00867
80	0.03558	0.01350	0.01840	0.01411	0.02024	0.01166	0.01166	0.03865	0.02270	0.67734	0.03128	0.02699	0.01963	0.00981	0.00797	0.00245	0.00675	0.00797	0.00981	0.01350
81	0.77733	0.01534	0.01166	0.01043	0.01534	0.01779	0.00859	0.02331	0.01350	0.03558	0.01104	0.01288	0.00859	0.00736	0.00491	0.00245	0.00613	0.00429	0.00491	0.00859
82	0.03558	0.01350	0.01840	0.01411	0.02024	0.01166	0.01166	0.03865	0.02270	0.67734	0.03128	0.02699	0.01963	0.00981	0.00797	0.00245	0.00675	0.00797	0.00981	0.01350
83	0.77733	0.01534	0.01166	0.01043	0.01534	0.01779	0.00859	0.02331	0.01350	0.03558	0.01104	0.01288	0.00859	0.00736	0.00491	0.00245	0.00613	0.00429	0.00491	0.00859
84	0.03014	0.02221	0.02380	0.01825	0.02459	0.02459	0.01507	0.64541	0.03728	0.04998	0.01904	0.01904	0.01349	0.00952	0.00793	0.00238	0.00873	0.00714	0.00793	0.01349
85	0.01478	0.00739	0.00739	0.00739	0.00924	0.00739	0.00554	0.01848	0.01663	0.02956	0.02587	0.02956	0.02033	0.00924	0.00554	0.00185	0.00370	0.00739	0.76534	0.00739
86	0.00966	0.00690	0.00920	0.01104	0.01150	0.00644	0.00736	0.01104	0.01518	0.02024	0.04371	0.71614	0.05245	0.02484	0.01012	0.00322	0.00460	0.02254	0.00736	0.00644
87	0.01590	0.04102	0.68023	0.02260	0.03432	0.01842	0.02930	0.02511	0.01674	0.02511	0.01423	0.01674	0.01005	0.00753	0.00753	0.00251	0.01172	0.00586	0.00335	0.01172
88	0.03041	0.01414	0.01792	0.01443	0.01994	0.01350	0.01169	0.03842	0.18362	0.48370	0.06144	0.02916	0.02338	0.01035	0.00806	0.00252	0.00649	0.00852	0.00932	0.01297
89	0.00979	0.00700	0.00935	0.01119	0.01171	0.00656	0.00759	0.01127	0.01531	0.02039	0.04363	0.68948	0.05216	0.02472	0.01016	0.00324	0.00472	0.04789	0.00736	0.00648
90	0.73526	0.01572	0.01234	0.01087	0.01586	0.01817	0.00895	0.05834	0.01483	0.03639	0.01149	0.01323	0.00886	0.00748	0.00508	0.00245	0.00628	0.00445	0.00508	0.00886
91	0.03558	0.01350	0.01840	0.01411	0.02024	0.01166	0.01166	0.03865	0.02270	0.67734	0.03128	0.02699	0.01963	0.00981	0.00797	0.00245	0.00675	0.00797	0.00981	0.01350
92	0.64869	0.04439	0.01544	0.01253	0.01759	0.07427	0.04101	0.02413	0.01460	0.03309	0.01139	0.01342	0.00896	0.00737	0.00532	0.00240	0.00726	0.00461	0.00474	0.00880
93	0.01899	0.01820	0.03105	0.13741	0.58805	0.01868	0.02402	0.02378	0.01776	0.02514	0.01480	0.01983	0.01229	0.00718	0.00786	0.00239	0.00958	0.00706	0.00387	0.01205
94	0.02001	0.01461	0.01725	0.01254	0.01941	0.01175	0.01012	0.06837	0.01881	0.11488	0.01676	0.01805	0.01293	0.00667	0.00631	0.00143	0.00620	0.00532	0.00562	0.61298
95	0.00966	0.00690	0.00920	0.01104	0.01150	0.00644	0.00736	0.01104	0.01518	0.02024	0.04371	0.71614	0.05245	0.02484	0.01012	0.00322	0.00460	0.02254	0.00736	0.00644
96	0.00966	0.00690	0.00920	0.01104	0.01150	0.00644	0.00736	0.01104	0.01518	0.02024	0.04371	0.71614	0.05245	0.02484	0.01012	0.00322	0.00460	0.02254	0.00736	0.00644
97	0.01122	0.00811	0.01060	0.00998	0.01185	0.00748	0.00748	0.01496	0.02245	0.03180	0.66766	0.05923	0.07482	0.01621	0.00935	0.00249	0.00374	0.01434	0.00873	0.00748
98	0.01122	0.00811	0.01060	0.00998	0.01185	0.00748	0.00748	0.01496	0.02245	0.03180	0.66766	0.05923	0.07482	0.01621	0.00935	0.00249	0.00374	0.01434	0.00873	0.00748
99	0.01122	0.00811	0.01060	0.00998	0.01185	0.00748	0.00748	0.01496	0.02245	0.03180	0.66766	0.05923	0.07482	0.01621	0.00935	0.00249	0.00374	0.01434	0.00873	0.00748
100	0.02962	0.03779	0.02247	0.02043	0.02451	0.68948	0.01532	0.03166	0.02247	0.01941	0.01226	0.01430	0.01021	0.00817	0.00715	0.00204	0.01430	0.00511	0.00409	0.00919
101	0.02120	0.72609	0.04155	0.01357	0.02035	0.03138	0.01357	0.02374	0.01611	0.01866	0.01102	0.01272	0.01018	0.00678	0.00509	0.00170	0.00848	0.00424	0.00339	0.01018
102	0.06527	0.01823	0.02979	0.08948	0.56332	0.01873	0.02274	0.02473	0.04386	0.02641	0.01534	0.01973	0.01266	0.00729	0.00769	0.00239	0.00917	0.00697	0.00413	0.01206
103	0.00966	0.00690	0.00920	0.01104	0.01150	0.00644	0.00736	0.01104	0.01518	0.02024	0.04371	0.71614	0.05245	0.02484	0.01012	0.00322	0.00460	0.02254	0.00736	0.00644
104	0.01278	0.00913	0.01278	0.01460	0.01643	0.00913	0.01278	0.01643	0.01825	0.02373	0.04199	0.08945	0.04564	0.02191	0.01095	0.00365	0.00730	0.61847	0.00730	0.00730
105	0.02347	0.54259	0.03657	0.01526	0.02146	0.16559	0.01402	0.06307	0.01870	0.02071	0.01176	0.01343	0.01038	0.00723	0.00568	0.00181	0.00969	0.00459	0.00381	0.01018
106	0.02962	0.03779	0.02247	0.02043	0.02451	0.68948	0.01532	0.03166	0.02247	0.01941	0.01226	0.01430	0.01021	0.00817	0.00715	0.00204	0.01430	0.00511	0.00409	0.00919
107	0.01735	0.01735	0.02429	0.02082	0.02082	0.02429	0.01735	0.01908	0.01214	0.01908	0.01041	0.01735	0.01041	0.01388	0.02602	0.00347	0.70680	0.00694	0.00347	0.00867
108	0.01872	0.02139	0.04679	0.03342	0.04144	0.02005	0.64305	0.02540	0.01872	0.02540	0.01604	0.02139	0.01203	0.00668	0.00936	0.00267	0.01337	0.00936	0.00401	0.01070
109	0.00973	0.00695	0.00926	0.01100	0.01152	0.00649	0.00737	0.01121	0.01550	0.02074	0.07059	0.68783	0.05341	0.02447	0.01009	0.00319	0.00456	0.02219	0.00742	0.00649
110	0.01590	0.04102	0.68023	0.02260	0.03432	0.01842	0.02930	0.02511	0.01674	0.02511	0.01423	0.01674	0.01005	0.00753	0.00753	0.00251	0.01172	0.00586	0.00335	0.01172
111	0.00966	0.00690	0.00920	0.01104	0.01150	0.00644	0.00736	0.01104	0.01518	0.02024	0.04371	0.71614	0.05245	0.02484	0.01012	0.00322	0.00460	0.02254	0.00736	0.00644
112	0.03558	0.01350	0.01840	0.01411	0.02024	0.01166	0.01166	0.03865	0.02270	0.67734	0.03128	0.02699	0.01963	0.00981	0.00797	0.00245	0.00675	0.00797	0.00981	0.01350
113	0.01792	0.01686	0.02697	0.42612	0.23212	0.04876	0.04843	0.02286	0.01717	0.04596	0.01496	0.02061	0.01153	0.00770	0.00793	0.00253	0.01039	0.00710	0.00392	0.01018
114	0.01839	0.02074	0.04475	0.09262	0.04261	0.01984	0.58808	0.02495	0.01846	0.02495	0.01587	0.02137	0.01190	0.00679	0.00923	0.00267	0.01312	0.00915	0.00397	0.01053
115	0.00966	0.00690	0.00920	0.01104	0.01150	0.00644	0.00736	0.01104	0.01518	0.02024	0.04371	0.71614	0.05245	0.02484	0.01012	0.00322	0.00460	0.02254	0.00736	0.00644
116	0.01711	0.01742	0.02797	0.02274	0.02454	0.02216	0.14713	0.01997	0.01357	0.02034	0.01253	0.01939	0.01157	0.01635	0.08031	0.00411	0.50261	0.00758	0.00365	0.00896
117	0.02283	0.01461	0.02022	0.05910	0.05278	0.01469	0.06360	0.11361	0.09366	0.20963	0.08157	0.03960	0.07192	0.01227	0.00870	0.00268	0.00750	0.09238	0.00764	0.01104
118	0.02130	0.65018	0.07934	0.01446	0.02141	0.06344	0.01461	0.02422	0.01647	0.01909	0.01128	0.01304	0.01017	0.00690	0.00534	0.00176	0.00897	0.00438	0.00342	0.01022
119	0.10880	0.02132	0.02251	0.01783	0.02307	0.04574	0.01470	0.47209	0.03078	0.04317	0.01677	0.01799	0.01243	0.00984	0.01007	0.00253	0.10461	0.00674	0.00687	0.01216
120	0.01735	0.01735	0.02429	0.02082	0.02082	0.02429	0.01735	0.01908	0.01214	0.01908	0.01041	0.01735	0.01041	0.01388	0.02602	0.00347	0.70680	0.00694	0.00347	0.00867
121	0.00987	0.00692	0.00913	0.01089	0.01141	0.00648	0.00729	0.01134	0.01524	0.02062	0.04299	0.68841	0.05115	0.02421	0.00994	0.00317	0.00456	0.02193	0.03797	0.00648
122	0.01018	0.00766	0.01000	0.01129	0.01189	0.00759	0.00775	0.01158	0.01509	0.02007	0.04398	0.59373	0.10018	0.05191	0.01224	0.00337	0.04727	0.02067	0.00702	0.00653
123	0.01133	0.00850	0.01274	0.01274	0.01416	0.00991	0.00991	0.01416	0.01274	0.01841	0.02124	0.03115	0.01982	0.05947	0.68989	0.01274	0.02124	0.00850	0.00425	0.00708
124	0.01478	0.00739	0.00739	0.00739	0.00924	0.00739	0.00554	0.01848	0.01663	0.02956	0.02587	0.02956	0.02033	0.00924	0.00554	0.00185	0.00370	0.00739	0.76534	0.00739
125	0.01972	0.01703	0.01793	0.01614	0.02062	0.01972	0.01255	0.04214	0.65752	0.03317	0.03228	0.02959	0.02421	0.01076	0.00807	0.00269	0.00628	0.00897	0.00807	0.01255
126	0.01493	0.00827	0.00892	0.04041	0.01217	0.00814	0.00664	0.01869	0.01658	0.02881	0.02433	0.02807	0.01915	0.00890	0.00568	0.00183	0.00420	0.00715	0.66579	0.07135
127	0.02759	0.02082	0.02330	0.09250	0.02750	0.02309	0.01551	0.53179	0.05432	0.04519	0.01873	0.01951	0.01345	0.00924	0.00785	0.00237	0.00873	0.00709	0.00732	0.04410
128	0.02008	0.01637	0.01756	0.01578	0.02012	0.01864	0.01225	0.06083	0.56509	0.06047	0.03255	0.07581	0.02556	0.01163	0.00820	0.00270	0.00627	0.00978	0.00809	0.01221
129	0.00977	0.00698	0.00930	0.01097	0.01153	0.00651	0.00737	0.01131	0.01568	0.02103	0.08615	0.67145	0.05397	0.02426	0.01007	0.00317	0.00454	0.02199	0.00745	0.00651
130	0.02033	0.01666	0.01793	0.01604	0.04115	0.04232	0.01213	0.10139	0.34684	0.06311	0.09678	0.03069	0.04922	0.01070	0.00793	0.00241	0.00658	0.00886	0.00749	0.10145
131	0.01875	0.06197	0.44724	0.02360	0.03371	0.01930	0.14809	0.06808	0.01884	0.06332	0.01575	0.01823	0.01122	0.00760	0.00785	0.00250	0.01143	0.00669	0.00416	0.01167
132	0.02043	0.01739	0.01833	0.01628	0.02089	0.02006	0.01272	0.08318	0.61533	0.03432	0.03137	0.02887	0.02348	0.01067	0.00806	0.00267	0.00644	0.00884	0.00806	0.01262
133	0.01012	0.00739	0.00969	0.01109	0.01200	0.00672	0.00750	0.01165	0.01527	0.02062	0.04169	0.66854	0.04968	0.02355	0.00983	0.00308	0.00469	0.02133	0.00718	0.05837
134	0.06835	0.01566	0.02522	0.44206	0.23097	0.01806	0.02148	0.02237	0.03727	0.02337	0.01472	0.02041	0.01146	0.00773	0.00770	0.00255	0.00979	0.00693	0.00388	0.01001
135	0.02111	0.16252	0.04980	0.01607	0.02123	0.09038	0.01357	0.08160	0.34616	0.02972	0.06742	0.02531	0.02199	0.00984	0.00743	0.00238	0.00778	0.00772	0.00656	0.01142
136	0.01267	0.00906	0.01263	0.01429	0.01612	0.00902	0.01242	0.01633	0.01854	0.02428	0.08455	0.08739	0.04762	0.02152	0.01084	0.00357	0.00706	0.57737	0.00740	0.00731
137	0.02094	0.67787	0.04038	0.01406	0.02038	0.03089	0.01383	0.02343	0.01584	0.01869	0.01098	0.01304	0.01019	0.00727	0.00651	0.00182	0.05599	0.00442	0.00340	0.01007
138	0.01017	0.00707	0.00896	0.01039	0.01103	0.00664	0.00692	0.01161	0.01509	0.02048	0.04276	0.56971	0.08269	0.09030	0.01267	0.00352	0.00480	0.02013	0.05868	0.00636

[dist]
# distance from previous block
# <min> <max>
0	6

[block]
# block no. 1 follows, 24 sequences, length 6
# corresponding to MSA columns:
# 179-184
name=unknown_B
#
# <colnr> <probs for GDERKNQSTAVLIFYWHMCP>
#	G	D	E	R	K	N	Q	S	T	A	V	L	I	F	Y	W	H	M	C	P
0	0.01518	0.01008	0.01340	0.01190	0.01514	0.00881	0.03938	0.01805	0.01716	0.08803	0.07747	0.28735	0.03405	0.01481	0.00805	0.00236	0.00531	0.01316	0.13791	0.18239
1	0.01585	0.01358	0.01645	0.06123	0.02084	0.01078	0.01016	0.01935	0.01631	0.02504	0.01622	0.06697	0.01458	0.00738	0.00632	0.00143	0.00612	0.00615	0.00480	0.66045
2	0.70164	0.01521	0.01286	0.07911	0.01924	0.01777	0.00992	0.02301	0.01373	0.03406	0.01134	0.01370	0.00878	0.00742	0.00521	0.00247	0.00657	0.00457	0.00477	0.00861
3	0.01760	0.02166	0.10312	0.18236	0.04371	0.01935	0.44420	0.02422	0.01788	0.02422	0.01543	0.02088	0.01151	0.00705	0.00886	0.00265	0.01258	0.00850	0.00384	0.01037
4	0.01660	0.01466	0.01780	0.01331	0.01914	0.01294	0.01077	0.01981	0.01570	0.02467	0.01346	0.01660	0.01151	0.00726	0.00936	0.00157	0.12700	0.00509	0.00449	0.63826
5	0.05270	0.02266	0.11514	0.06140	0.22306	0.02008	0.22199	0.13189	0.02114	0.02998	0.01571	0.01951	0.01198	0.00747	0.00819	0.00250	0.01077	0.00755	0.00460	0.01169

[dist]
# distance from previous block
# <min> <max>
0	17

[block]
# block no. 2 follows, 24 sequences, length 13
# corresponding to MSA columns:
# 202-214
name=unknown_C
#
# <colnr> <probs for GDERKNQSTAVLIFYWHMCP>
#	G	D	E	R	K	N	Q	S	T	A	V	L	I	F	Y	W	H	M	C	P
0	0.02410	0.02787	0.02412	0.02670	0.18306	0.36956	0.01720	0.02809	0.06191	0.02193	0.01559	0.05191	0.01385	0.00955	0.00969	0.00238	0.09112	0.00692	0.00440	0.01005
1	0.01153	0.00769	0.00865	0.00865	0.00865	0.00769	0.00480	0.01153	0.01153	0.01538	0.02499	0.05189	0.02883	0.72131	0.04036	0.00769	0.00769	0.01153	0.00480	0.00480
2	0.03127	0.01441	0.01979	0.01569	0.02038	0.01464	0.01300	0.03402	0.02020	0.52180	0.02635	0.02471	0.01745	0.01078	0.01224	0.00269	0.17216	0.00773	0.00832	0.01236
3	0.02700	0.12152	0.02727	0.02126	0.06931	0.26924	0.04957	0.23616	0.05136	0.03089	0.01555	0.01704	0.01212	0.00838	0.00734	0.00219	0.01095	0.00619	0.00543	0.01121
4	0.01153	0.00769	0.00865	0.00865	0.00865	0.00769	0.00480	0.01153	0.01153	0.01538	0.02499	0.05189	0.02883	0.72131	0.04036	0.00769	0.00769	0.01153	0.00480	0.00480
5	0.01482	0.01074	0.01301	0.01310	0.01509	0.01100	0.00973	0.16148	0.02071	0.02762	0.03770	0.48814	0.04255	0.02093	0.00969	0.00307	0.00585	0.07908	0.00749	0.00819
6	0.02085	0.55854	0.03597	0.01418	0.02042	0.02862	0.01333	0.02809	0.16767	0.02209	0.01605	0.01671	0.01349	0.00772	0.00579	0.00193	0.00796	0.00536	0.00450	0.01074
7	0.01701	0.01612	0.02510	0.13521	0.39707	0.04421	0.01960	0.02090	0.01724	0.02346	0.02148	0.18420	0.02159	0.01144	0.00837	0.00259	0.00866	0.01064	0.00468	0.01042
8	0.02905	0.01170	0.01528	0.01225	0.01709	0.01037	0.00993	0.03231	0.02125	0.48151	0.07216	0.02973	0.02345	0.01010	0.00749	0.00231	0.00583	0.00826	0.18826	0.01165
9	0.01481	0.01453	0.01272	0.01297	0.01467	0.16812	0.00928	0.01700	0.01891	0.02323	0.20843	0.36906	0.04864	0.01852	0.00921	0.00274	0.00666	0.01616	0.00696	0.00738
10	0.60078	0.01696	0.01452	0.01228	0.01752	0.01940	0.01012	0.17030	0.01912	0.03898	0.01293	0.01434	0.00975	0.00787	0.00562	0.00244	0.00675	0.00497	0.00562	0.00975
11	0.00997	0.00766	0.00898	0.00945	0.01109	0.00683	0.00670	0.01203	0.01770	0.02289	0.18850	0.27925	0.30934	0.05886	0.01129	0.00309	0.00435	0.01784	0.00751	0.00667
12	0.01686	0.01442	0.02400	0.07595	0.17968	0.01437	0.13049	0.05103	0.01837	0.04994	0.13203	0.03485	0.02732	0.17765	0.01609	0.00373	0.00870	0.00985	0.00538	0.00930

[dist]
# distance from previous block
# <min> <max>
0	2

# created by:
# /st0/software/busco_prod/Augustus/scripts/msa2prfl.pl ./align_prep/120918.fa
