[name]
unknown

[dist]
# distance from previous block
# <min> <max>
0	10

[block]
# block no. 0 follows, 25 sequences, length 124
# corresponding to MSA columns:
# 10-133
name=unknown_A
#
# <colnr> <probs for GDERKNQSTAVLIFYWHMCP>
#	G	D	E	R	K	N	Q	S	T	A	V	L	I	F	Y	W	H	M	C	P
0	0.01249	0.00892	0.01249	0.01428	0.01606	0.00892	0.01249	0.01606	0.01785	0.02320	0.04105	0.08746	0.04462	0.02142	0.01071	0.00357	0.00714	0.62695	0.00714	0.00714
1	0.01929	0.01666	0.01753	0.01578	0.02016	0.01929	0.01227	0.04120	0.66513	0.03243	0.03156	0.02893	0.02367	0.01052	0.00789	0.00263	0.00614	0.00877	0.00789	0.01227
2	0.03479	0.01320	0.01799	0.01380	0.01979	0.01140	0.01140	0.03779	0.02219	0.68451	0.03059	0.02639	0.01919	0.00960	0.00780	0.00240	0.00660	0.00780	0.00960	0.01320
3	0.02857	0.03621	0.02235	0.02108	0.05010	0.66934	0.01533	0.03068	0.02180	0.01923	0.01209	0.01419	0.01008	0.00795	0.00702	0.00201	0.01379	0.00507	0.00399	0.00912
4	0.01555	0.04011	0.68733	0.02210	0.03356	0.01801	0.02865	0.02455	0.01637	0.02455	0.01391	0.01637	0.00982	0.00737	0.00737	0.00246	0.01146	0.00573	0.00327	0.01146
5	0.01993	0.62564	0.14018	0.01463	0.02200	0.02873	0.01563	0.02342	0.01585	0.01921	0.01126	0.01304	0.00993	0.00675	0.00534	0.00178	0.00878	0.00439	0.00331	0.01018
6	0.01830	0.02092	0.04575	0.03268	0.04052	0.01961	0.65098	0.02484	0.01830	0.02484	0.01569	0.02092	0.01176	0.00654	0.00915	0.00261	0.01307	0.00915	0.00392	0.01046
7	0.01555	0.04011	0.68733	0.02210	0.03356	0.01801	0.02865	0.02455	0.01637	0.02455	0.01391	0.01637	0.00982	0.00737	0.00737	0.00246	0.01146	0.00573	0.00327	0.01146
8	0.01249	0.00892	0.01249	0.01428	0.01606	0.00892	0.01249	0.01606	0.01785	0.02320	0.04105	0.08746	0.04462	0.02142	0.01071	0.00357	0.00714	0.62695	0.00714	0.00714
9	0.01555	0.04011	0.68733	0.02210	0.03356	0.01801	0.02865	0.02455	0.01637	0.02455	0.01391	0.01637	0.00982	0.00737	0.00737	0.00246	0.01146	0.00573	0.00327	0.01146
10	0.00945	0.00675	0.00900	0.01080	0.01125	0.00630	0.00720	0.01080	0.01484	0.01979	0.04274	0.72245	0.05128	0.02429	0.00990	0.00315	0.00450	0.02204	0.00720	0.00630
11	0.01555	0.04011	0.68733	0.02210	0.03356	0.01801	0.02865	0.02455	0.01637	0.02455	0.01391	0.01637	0.00982	0.00737	0.00737	0.00246	0.01146	0.00573	0.00327	0.01146
12	0.03479	0.01320	0.01799	0.01380	0.01979	0.01140	0.01140	0.03779	0.02219	0.68451	0.03059	0.02639	0.01919	0.00960	0.00780	0.00240	0.00660	0.00780	0.00960	0.01320
13	0.00945	0.00675	0.00900	0.01080	0.01125	0.00630	0.00720	0.01080	0.01484	0.01979	0.04274	0.72245	0.05128	0.02429	0.00990	0.00315	0.00450	0.02204	0.00720	0.00630
14	0.01458	0.01380	0.02366	0.64661	0.05093	0.01685	0.04991	0.01964	0.01560	0.02004	0.01516	0.05194	0.01223	0.00843	0.00791	0.00261	0.01020	0.00767	0.00363	0.00860
15	0.02947	0.02172	0.02327	0.01784	0.02404	0.02404	0.01474	0.65329	0.03646	0.04887	0.01862	0.01862	0.01319	0.00931	0.00776	0.00233	0.00853	0.00698	0.00776	0.01319
16	0.00916	0.00785	0.00785	0.00785	0.01047	0.00655	0.00589	0.01113	0.01767	0.02095	0.07855	0.07462	0.67599	0.01964	0.00916	0.00262	0.00393	0.01636	0.00720	0.00655
17	0.01108	0.00831	0.01246	0.01246	0.01385	0.00969	0.00969	0.01385	0.01246	0.01800	0.02077	0.03046	0.01938	0.05815	0.69678	0.01246	0.02077	0.00831	0.00415	0.00692
18	0.05115	0.07274	0.62459	0.02112	0.03204	0.01860	0.02696	0.02441	0.01619	0.02472	0.01362	0.01600	0.00976	0.00732	0.00713	0.00241	0.01105	0.00558	0.00335	0.01124
19	0.70925	0.04930	0.04617	0.01093	0.01614	0.01804	0.00962	0.02290	0.01347	0.03352	0.01095	0.01277	0.00854	0.00718	0.00493	0.00237	0.00637	0.00427	0.00465	0.00862
20	0.02073	0.73217	0.04063	0.01327	0.01990	0.03068	0.01327	0.02322	0.01575	0.01824	0.01078	0.01244	0.00995	0.00663	0.00498	0.00166	0.00829	0.00415	0.00332	0.00995
21	0.01668	0.19156	0.54581	0.02017	0.03057	0.02078	0.02528	0.02426	0.01624	0.02317	0.01323	0.01551	0.00985	0.00721	0.00684	0.00228	0.01077	0.00538	0.00328	0.01113
22	0.03981	0.00751	0.00748	0.00742	0.00933	0.00757	0.00559	0.01810	0.01637	0.02918	0.04882	0.02944	0.02146	0.00922	0.00554	0.00185	0.00369	0.00738	0.71698	0.00727
23	0.01128	0.00752	0.00846	0.00846	0.00846	0.00752	0.00470	0.01128	0.01128	0.01503	0.02443	0.05074	0.02819	0.72751	0.03946	0.00752	0.00752	0.01128	0.00470	0.00470
24	0.01919	0.01842	0.03147	0.04759	0.67914	0.01842	0.02380	0.02380	0.01765	0.02533	0.01458	0.01919	0.01228	0.00691	0.00768	0.00230	0.00921	0.00691	0.00384	0.01228
25	0.01555	0.04011	0.68733	0.02210	0.03356	0.01801	0.02865	0.02455	0.01637	0.02455	0.01391	0.01637	0.00982	0.00737	0.00737	0.00246	0.01146	0.00573	0.00327	0.01146
26	0.00954	0.00739	0.00870	0.00938	0.01096	0.00655	0.00665	0.01148	0.01707	0.02189	0.14774	0.34968	0.32304	0.02109	0.00947	0.00282	0.00413	0.01846	0.00739	0.00655
27	0.05604	0.02224	0.02279	0.01768	0.02372	0.05720	0.01453	0.60011	0.03491	0.04688	0.01801	0.01817	0.01286	0.00917	0.00761	0.00231	0.00871	0.00678	0.00747	0.01281
28	0.01732	0.01478	0.01804	0.01299	0.01986	0.01192	0.03886	0.07367	0.01791	0.02725	0.01428	0.01651	0.01164	0.00608	0.00607	0.00132	0.00631	0.00500	0.00483	0.67534
29	0.03674	0.00920	0.01133	0.01043	0.01267	0.00897	0.00793	0.04465	0.05413	0.03207	0.59286	0.05329	0.06598	0.01502	0.00888	0.00244	0.00407	0.01314	0.00835	0.00786
30	0.02921	0.02107	0.02274	0.01755	0.02366	0.02323	0.01446	0.59451	0.06702	0.07735	0.01981	0.01949	0.01398	0.00938	0.00776	0.00235	0.00832	0.00711	0.00785	0.01314
31	0.01128	0.00752	0.00846	0.00846	0.00846	0.00752	0.00470	0.01128	0.01128	0.01503	0.02443	0.05074	0.02819	0.72751	0.03946	0.00752	0.00752	0.01128	0.00470	0.00470
32	0.01830	0.02092	0.04575	0.03268	0.04052	0.01961	0.65098	0.02484	0.01830	0.02484	0.01569	0.02092	0.01176	0.00654	0.00915	0.00261	0.01307	0.00915	0.00392	0.01046
33	0.01108	0.00755	0.00902	0.00919	0.00940	0.00768	0.00557	0.01156	0.01176	0.01586	0.02567	0.11092	0.02922	0.57652	0.12045	0.00774	0.00892	0.01190	0.00486	0.00513
34	0.01464	0.01378	0.02326	0.70887	0.05340	0.01723	0.02153	0.01981	0.01550	0.01981	0.01378	0.02067	0.01034	0.00775	0.00775	0.00258	0.01034	0.00689	0.00345	0.00861
35	0.00982	0.00788	0.00876	0.00854	0.01087	0.00682	0.00641	0.01239	0.01922	0.02461	0.29415	0.06858	0.45811	0.01827	0.00916	0.00255	0.00383	0.01552	0.00768	0.00682
36	0.78228	0.01499	0.01140	0.01020	0.01499	0.01739	0.00840	0.02279	0.01320	0.03479	0.01080	0.01260	0.00840	0.00720	0.00480	0.00240	0.00600	0.00420	0.00480	0.00840
37	0.01996	0.54760	0.18269	0.01552	0.02310	0.05817	0.01674	0.02387	0.01617	0.01967	0.01153	0.01338	0.00992	0.00686	0.00560	0.00185	0.00925	0.00453	0.00334	0.01024
38	0.01206	0.01039	0.01489	0.01454	0.01515	0.01208	0.03555	0.01372	0.01409	0.01965	0.03185	0.48208	0.03733	0.02036	0.01455	0.00320	0.21852	0.01693	0.00592	0.00712
39	0.01737	0.21746	0.49719	0.01976	0.02971	0.04604	0.02420	0.02445	0.01642	0.02273	0.01304	0.01527	0.00986	0.00720	0.00674	0.00223	0.01074	0.00530	0.00331	0.01098
40	0.02008	0.62500	0.11347	0.01437	0.02147	0.02878	0.01498	0.02408	0.04146	0.01952	0.01196	0.01354	0.01048	0.00687	0.00536	0.00179	0.00857	0.00451	0.00349	0.01021
41	0.02364	0.01785	0.01963	0.04205	0.02237	0.01930	0.01299	0.32402	0.20585	0.07057	0.02654	0.02579	0.06444	0.01002	0.00771	0.00234	0.00725	0.00798	0.00739	0.08227
42	0.01919	0.01842	0.03147	0.04759	0.67914	0.01842	0.02380	0.02380	0.01765	0.02533	0.01458	0.01919	0.01228	0.00691	0.00768	0.00230	0.00921	0.00691	0.00384	0.01228
43	0.03350	0.01527	0.01928	0.01478	0.02083	0.01447	0.01221	0.18754	0.02566	0.52985	0.02768	0.02450	0.01773	0.00953	0.00779	0.00238	0.00707	0.00760	0.00915	0.01319
44	0.01128	0.00752	0.00846	0.00846	0.00846	0.00752	0.00470	0.01128	0.01128	0.01503	0.02443	0.05074	0.02819	0.72751	0.03946	0.00752	0.00752	0.01128	0.00470	0.00470
45	0.00931	0.00730	0.00843	0.00933	0.01086	0.00642	0.00655	0.01096	0.01626	0.02037	0.06062	0.39897	0.36322	0.02197	0.00953	0.00288	0.00421	0.01921	0.00720	0.00642
46	0.00945	0.00675	0.00900	0.01080	0.01125	0.00630	0.00720	0.01080	0.01484	0.01979	0.04274	0.72245	0.05128	0.02429	0.00990	0.00315	0.00450	0.02204	0.00720	0.00630
47	0.01959	0.57939	0.18340	0.01522	0.02292	0.02788	0.01666	0.02351	0.01589	0.01964	0.01147	0.01331	0.00992	0.00680	0.00550	0.00183	0.00899	0.00450	0.00331	0.01028
48	0.01015	0.00788	0.00915	0.00884	0.01097	0.00697	0.00658	0.01291	0.01964	0.02591	0.37995	0.06536	0.34881	0.04046	0.01013	0.00268	0.00391	0.01501	0.00780	0.00688
49	0.02646	0.01930	0.02137	0.01799	0.04742	0.02126	0.01404	0.38874	0.22563	0.09925	0.02346	0.02246	0.01687	0.00961	0.00780	0.00242	0.00766	0.00759	0.00781	0.01287
50	0.01347	0.00673	0.01010	0.01010	0.01010	0.00673	0.00673	0.01010	0.01010	0.01347	0.01347	0.02357	0.01347	0.02694	0.03030	0.77441	0.00673	0.00673	0.00337	0.00337
51	0.01608	0.01378	0.01608	0.01148	0.01837	0.01034	0.00919	0.01952	0.01608	0.02527	0.01378	0.01608	0.01148	0.00574	0.00574	0.00115	0.00574	0.00459	0.00459	0.77491
52	0.01633	0.11928	0.57977	0.02234	0.06403	0.01950	0.02662	0.02436	0.01636	0.02386	0.01358	0.01605	0.00996	0.00726	0.00710	0.00236	0.01098	0.00560	0.00331	0.01132
53	0.02091	0.01775	0.01786	0.01605	0.02034	0.07447	0.01271	0.09332	0.44971	0.06041	0.02982	0.03351	0.02384	0.01144	0.00813	0.00265	0.00715	0.08090	0.00754	0.01152
54	0.01108	0.00831	0.01246	0.01246	0.01385	0.00969	0.00969	0.01385	0.01246	0.01800	0.02077	0.03046	0.01938	0.05815	0.69678	0.01246	0.02077	0.00831	0.00415	0.00692
55	0.01608	0.01378	0.01608	0.01148	0.01837	0.01034	0.00919	0.01952	0.01608	0.02527	0.01378	0.01608	0.01148	0.00574	0.00574	0.00115	0.00574	0.00459	0.00459	0.77491
56	0.01535	0.03869	0.65756	0.02156	0.03259	0.01754	0.02771	0.02412	0.01662	0.02484	0.04299	0.01820	0.01261	0.00774	0.00744	0.00245	0.01112	0.00609	0.00351	0.01128
57	0.01901	0.01615	0.01715	0.01547	0.01974	0.01847	0.01213	0.06798	0.57597	0.03228	0.03340	0.03323	0.05187	0.01138	0.00807	0.00266	0.00621	0.03919	0.00782	0.01182
58	0.10352	0.01500	0.04254	0.01407	0.02017	0.01315	0.01201	0.08229	0.02221	0.55148	0.02722	0.02415	0.01739	0.00927	0.00750	0.00240	0.00687	0.00732	0.00878	0.01268
59	0.01608	0.01378	0.01608	0.01148	0.01837	0.01034	0.00919	0.01952	0.01608	0.02527	0.01378	0.01608	0.01148	0.00574	0.00574	0.00115	0.00574	0.00459	0.00459	0.77491
60	0.01890	0.02358	0.13345	0.02567	0.06188	0.07987	0.24979	0.05452	0.01752	0.02416	0.01428	0.01881	0.01140	0.00880	0.01237	0.00266	0.18433	0.00736	0.04056	0.01007
61	0.00934	0.00772	0.00823	0.00859	0.01082	0.00660	0.00637	0.01127	0.01722	0.02085	0.07120	0.18105	0.54867	0.02047	0.00935	0.00274	0.00415	0.04165	0.00720	0.00653
62	0.02814	0.02079	0.02223	0.01728	0.02318	0.02305	0.01420	0.58298	0.08307	0.04687	0.01985	0.01978	0.01423	0.00939	0.00768	0.00233	0.00816	0.00712	0.03679	0.01289
63	0.00945	0.00675	0.00900	0.01080	0.01125	0.00630	0.00720	0.01080	0.01484	0.01979	0.04274	0.72245	0.05128	0.02429	0.00990	0.00315	0.00450	0.02204	0.00720	0.00630
64	0.02043	0.67254	0.06374	0.01454	0.02140	0.02968	0.04535	0.02334	0.01590	0.01879	0.01113	0.01300	0.01004	0.00665	0.00527	0.00173	0.00864	0.00445	0.00335	0.01003
65	0.12377	0.01396	0.01741	0.01364	0.01942	0.01306	0.01123	0.06356	0.05250	0.54681	0.02772	0.02451	0.01784	0.00934	0.00744	0.00241	0.00659	0.00737	0.00886	0.01257
66	0.01128	0.00752	0.00846	0.00846	0.00846	0.00752	0.00470	0.01128	0.01128	0.01503	0.02443	0.05074	0.02819	0.72751	0.03946	0.00752	0.00752	0.01128	0.00470	0.00470
67	0.01128	0.00752	0.00846	0.00846	0.00846	0.00752	0.00470	0.01128	0.01128	0.01503	0.02443	0.05074	0.02819	0.72751	0.03946	0.00752	0.00752	0.01128	0.00470	0.00470
68	0.02896	0.03695	0.02197	0.01998	0.02397	0.69638	0.01498	0.03096	0.02197	0.01898	0.01199	0.01398	0.00999	0.00799	0.00699	0.00200	0.01398	0.00499	0.00400	0.00899
69	0.02822	0.03554	0.02270	0.02208	0.07400	0.64461	0.01565	0.03041	0.02164	0.01946	0.01218	0.01438	0.01016	0.00791	0.00704	0.00202	0.01362	0.00514	0.00398	0.00924
70	0.01519	0.01434	0.02425	0.62865	0.12932	0.01737	0.02181	0.02029	0.01576	0.02048	0.01388	0.02049	0.01057	0.00765	0.00774	0.00255	0.01020	0.00689	0.00349	0.00906
71	0.00918	0.00780	0.00791	0.00800	0.01051	0.00653	0.00595	0.01111	0.01754	0.02089	0.07683	0.10561	0.64611	0.01986	0.00920	0.00264	0.00395	0.01664	0.00720	0.00653
72	0.02858	0.02111	0.02259	0.01740	0.02345	0.02328	0.01435	0.62504	0.03563	0.04764	0.02125	0.02108	0.04234	0.00976	0.00782	0.00234	0.00833	0.00739	0.00773	0.01289
73	0.02642	0.01392	0.01741	0.01317	0.01933	0.01191	0.01071	0.08313	0.02087	0.35893	0.02368	0.04644	0.01692	0.00865	0.00710	0.00195	0.00637	0.00703	0.00748	0.29858
74	0.05095	0.06249	0.56883	0.02142	0.03188	0.01859	0.05612	0.02526	0.04838	0.02519	0.01461	0.01689	0.01054	0.00745	0.00727	0.00244	0.01091	0.00592	0.00360	0.01126
75	0.01804	0.01599	0.01618	0.01469	0.01873	0.04460	0.01136	0.03585	0.52989	0.03038	0.06402	0.03533	0.10772	0.01180	0.00807	0.00259	0.00607	0.00980	0.00767	0.01120
76	0.01919	0.01842	0.03147	0.04759	0.67914	0.01842	0.02380	0.02380	0.01765	0.02533	0.01458	0.01919	0.01228	0.00691	0.00768	0.00230	0.00921	0.00691	0.00384	0.01228
77	0.01821	0.02125	0.06883	0.03303	0.09795	0.01964	0.53768	0.02443	0.01785	0.02457	0.01525	0.02038	0.01166	0.00695	0.00974	0.00262	0.04685	0.00869	0.00386	0.01057
78	0.01165	0.04405	0.01198	0.01137	0.01282	0.00938	0.00820	0.04068	0.04583	0.02173	0.06920	0.45065	0.07100	0.05417	0.09512	0.00428	0.00699	0.01712	0.00665	0.00712
79	0.00916	0.00785	0.00785	0.00785	0.01047	0.00655	0.00589	0.01113	0.01767	0.02095	0.07855	0.07462	0.67599	0.01964	0.00916	0.00262	0.00393	0.01636	0.00720	0.00655
80	0.00986	0.00744	0.00917	0.01033	0.01146	0.00693	0.00713	0.01229	0.04214	0.02111	0.08123	0.52477	0.18295	0.02233	0.00962	0.00298	0.00440	0.01991	0.00729	0.00664
81	0.02896	0.02036	0.02220	0.01720	0.02312	0.02224	0.01413	0.57579	0.03435	0.09697	0.02066	0.05167	0.01541	0.01002	0.00786	0.00237	0.00820	0.00774	0.00787	0.01287
82	0.07723	0.01817	0.03068	0.06808	0.55851	0.01839	0.06849	0.02365	0.01728	0.02581	0.01435	0.01887	0.01188	0.00693	0.00757	0.00234	0.00929	0.00687	0.00390	0.01172
83	0.00970	0.00693	0.00929	0.01109	0.01165	0.00652	0.00764	0.01124	0.01510	0.02008	0.04259	0.66887	0.05072	0.02405	0.00997	0.00318	0.00472	0.07308	0.00719	0.00637
84	0.01795	0.03418	0.49912	0.02262	0.03254	0.01863	0.10323	0.07724	0.01837	0.05542	0.01512	0.01758	0.01077	0.00775	0.00830	0.00250	0.03684	0.00639	0.00401	0.01145
85	0.01568	0.03834	0.63634	0.02212	0.03326	0.01778	0.05261	0.02437	0.01644	0.02459	0.01398	0.01654	0.00996	0.00727	0.00738	0.00241	0.01131	0.00582	0.00335	0.04045
86	0.01830	0.02092	0.04575	0.03268	0.04052	0.01961	0.65098	0.02484	0.01830	0.02484	0.01569	0.02092	0.01176	0.00654	0.00915	0.00261	0.01307	0.00915	0.00392	0.01046
87	0.01295	0.00836	0.01100	0.01009	0.01227	0.00765	0.00765	0.01656	0.02197	0.08536	0.62152	0.05530	0.06868	0.01533	0.00903	0.00244	0.00390	0.01351	0.00862	0.00780
88	0.01591	0.07319	0.63205	0.02206	0.03315	0.01868	0.05089	0.02450	0.01641	0.02426	0.01383	0.01635	0.00990	0.00730	0.00732	0.00242	0.01136	0.00578	0.00330	0.01135
89	0.03239	0.01285	0.01734	0.01358	0.01916	0.01130	0.01110	0.03596	0.04257	0.61249	0.05718	0.05350	0.02271	0.01042	0.00793	0.00244	0.00639	0.00861	0.00941	0.01267
90	0.02898	0.03637	0.02202	0.01989	0.02397	0.67082	0.01497	0.05462	0.02252	0.02011	0.01224	0.01416	0.01011	0.00804	0.00702	0.00201	0.01378	0.00507	0.00414	0.00915
91	0.00960	0.00685	0.00917	0.01097	0.01148	0.00643	0.00746	0.01105	0.01499	0.01996	0.04265	0.69144	0.05096	0.02415	0.00994	0.00317	0.00463	0.05158	0.00719	0.00634
92	0.78228	0.01499	0.01140	0.01020	0.01499	0.01739	0.00840	0.02279	0.01320	0.03479	0.01080	0.01260	0.00840	0.00720	0.00480	0.00240	0.00600	0.00420	0.00480	0.00840
93	0.02086	0.04973	0.05234	0.01614	0.02124	0.01998	0.01337	0.10839	0.51097	0.05632	0.02828	0.02633	0.02104	0.01002	0.00772	0.00254	0.00678	0.00818	0.00751	0.01227
94	0.03479	0.01320	0.01799	0.01380	0.01979	0.01140	0.01140	0.03779	0.02219	0.68451	0.03059	0.02639	0.01919	0.00960	0.00780	0.00240	0.00660	0.00780	0.00960	0.01320
95	0.01249	0.00892	0.01249	0.01428	0.01606	0.00892	0.01249	0.01606	0.01785	0.02320	0.04105	0.08746	0.04462	0.02142	0.01071	0.00357	0.00714	0.62695	0.00714	0.00714
96	0.01342	0.00997	0.01318	0.01448	0.01662	0.01033	0.01246	0.01947	0.10561	0.02446	0.03977	0.07952	0.04178	0.01994	0.01033	0.00344	0.00700	0.54314	0.00724	0.00784
97	0.01108	0.00831	0.01246	0.01246	0.01385	0.00969	0.00969	0.01385	0.01246	0.01800	0.02077	0.03046	0.01938	0.05815	0.69678	0.01246	0.02077	0.00831	0.00415	0.00692
98	0.01929	0.01666	0.01753	0.01578	0.02016	0.01929	0.01227	0.04120	0.66513	0.03243	0.03156	0.02893	0.02367	0.01052	0.00789	0.00263	0.00614	0.00877	0.00789	0.01227
99	0.00945	0.00675	0.00900	0.01080	0.01125	0.00630	0.00720	0.01080	0.01484	0.01979	0.04274	0.72245	0.05128	0.02429	0.00990	0.00315	0.00450	0.02204	0.00720	0.00630
100	0.01127	0.00756	0.00866	0.00866	0.00872	0.00763	0.00495	0.01140	0.01133	0.01518	0.02425	0.04973	0.02775	0.69427	0.07211	0.00776	0.00818	0.01113	0.00467	0.00481
101	0.01555	0.04011	0.68733	0.02210	0.03356	0.01801	0.02865	0.02455	0.01637	0.02455	0.01391	0.01637	0.00982	0.00737	0.00737	0.00246	0.01146	0.00573	0.00327	0.01146
102	0.01347	0.00673	0.01010	0.01010	0.01010	0.00673	0.00673	0.01010	0.01010	0.01347	0.01347	0.02357	0.01347	0.02694	0.03030	0.77441	0.00673	0.00673	0.00337	0.00337
103	0.03479	0.01320	0.01799	0.01380	0.01979	0.01140	0.01140	0.03779	0.02219	0.68451	0.03059	0.02639	0.01919	0.00960	0.00780	0.00240	0.00660	0.00780	0.00960	0.01320
104	0.01919	0.01842	0.03147	0.04759	0.67914	0.01842	0.02380	0.02380	0.01765	0.02533	0.01458	0.01919	0.01228	0.00691	0.00768	0.00230	0.00921	0.00691	0.00384	0.01228
105	0.01591	0.08861	0.64201	0.02148	0.03260	0.01890	0.02757	0.02446	0.01633	0.02411	0.01369	0.01609	0.00983	0.00732	0.00720	0.00240	0.01124	0.00562	0.00328	0.01135
106	0.02851	0.03543	0.02211	0.01989	0.02383	0.63751	0.01505	0.06025	0.02226	0.02039	0.01223	0.01432	0.01015	0.00827	0.00776	0.00207	0.04148	0.00516	0.00415	0.00917
107	0.01838	0.02068	0.04443	0.03406	0.09952	0.01950	0.59304	0.02474	0.01824	0.02488	0.01558	0.02076	0.01181	0.00657	0.00901	0.00259	0.01272	0.00894	0.00391	0.01063
108	0.01652	0.06671	0.59663	0.02076	0.03132	0.01774	0.02619	0.02471	0.01688	0.05722	0.04405	0.01855	0.01311	0.00782	0.00737	0.00242	0.01074	0.00613	0.00382	0.01130
109	0.02272	0.01602	0.07203	0.01493	0.01985	0.01447	0.01295	0.12768	0.14923	0.21663	0.10996	0.06529	0.02937	0.01230	0.00836	0.00261	0.00682	0.07968	0.00794	0.01115
110	0.00945	0.00675	0.00900	0.01080	0.01125	0.00630	0.00720	0.01080	0.01484	0.01979	0.04274	0.72245	0.05128	0.02429	0.00990	0.00315	0.00450	0.02204	0.00720	0.00630
111	0.01249	0.00892	0.01249	0.01428	0.01606	0.00892	0.01249	0.01606	0.01785	0.02320	0.04105	0.08746	0.04462	0.02142	0.01071	0.00357	0.00714	0.62695	0.00714	0.00714
112	0.01555	0.04011	0.68733	0.02210	0.03356	0.01801	0.02865	0.02455	0.01637	0.02455	0.01391	0.01637	0.00982	0.00737	0.00737	0.00246	0.01146	0.00573	0.00327	0.01146
113	0.02898	0.03637	0.02202	0.01989	0.02397	0.67080	0.01497	0.05464	0.02252	0.02011	0.01224	0.01416	0.01011	0.00804	0.00702	0.00201	0.01378	0.00507	0.00414	0.00915
114	0.01696	0.01696	0.02375	0.02036	0.02036	0.02375	0.01696	0.01866	0.01187	0.01866	0.01018	0.01696	0.01018	0.01357	0.02545	0.00339	0.71332	0.00679	0.00339	0.00848
115	0.01787	0.01847	0.03562	0.17994	0.28565	0.01866	0.28108	0.02339	0.01747	0.02397	0.01487	0.02021	0.01166	0.00693	0.00830	0.00249	0.01103	0.00783	0.00379	0.01076
116	0.01867	0.01400	0.01655	0.01197	0.01874	0.01094	0.00963	0.04399	0.01749	0.10080	0.01586	0.01734	0.01242	0.00630	0.00605	0.00133	0.00594	0.00504	0.00527	0.66167
117	0.01117	0.00820	0.01049	0.00987	0.01181	0.00767	0.00742	0.01534	0.04223	0.03073	0.63079	0.05766	0.09563	0.01583	0.00911	0.00245	0.00375	0.01395	0.00846	0.00744
118	0.01447	0.03869	0.01414	0.01294	0.04675	0.01078	0.00947	0.04775	0.07531	0.06292	0.44977	0.05035	0.08256	0.01438	0.00874	0.00246	0.00484	0.03715	0.00795	0.00860
119	0.05887	0.05325	0.02016	0.01622	0.02101	0.04840	0.03793	0.15653	0.36528	0.03328	0.02801	0.02901	0.04912	0.01056	0.00776	0.00253	0.00727	0.03628	0.00710	0.01145
120	0.03271	0.01343	0.01781	0.01385	0.01958	0.01206	0.01137	0.06125	0.05200	0.59770	0.06163	0.02774	0.02179	0.00993	0.00787	0.00241	0.00651	0.00811	0.00939	0.01287
121	0.01214	0.00818	0.01078	0.01022	0.01219	0.00755	0.00777	0.01566	0.02143	0.06209	0.58332	0.08808	0.06811	0.01621	0.00919	0.00253	0.00401	0.04452	0.00846	0.00755
122	0.02046	0.01691	0.01846	0.01634	0.02077	0.05089	0.03663	0.03781	0.50475	0.08465	0.03067	0.03232	0.02384	0.01103	0.00811	0.00265	0.00690	0.05746	0.00763	0.01171
123	0.01283	0.00909	0.01122	0.01155	0.01333	0.00875	0.00823	0.06536	0.04630	0.04874	0.06525	0.51549	0.07517	0.02043	0.00928	0.00288	0.00498	0.01824	0.00729	0.04560

[dist]
# distance from previous block
# <min> <max>
2	12

[block]
# block no. 1 follows, 25 sequences, length 52
# corresponding to MSA columns:
# 146-197
name=unknown_B
#
# <colnr> <probs for GDERKNQSTAVLIFYWHMCP>
#	G	D	E	R	K	N	Q	S	T	A	V	L	I	F	Y	W	H	M	C	P
0	0.09512	0.01946	0.01771	0.01496	0.01969	0.14910	0.01177	0.13083	0.15278	0.10546	0.10753	0.02509	0.02273	0.00965	0.00734	0.00224	0.00773	0.00748	0.00677	0.08658
1	0.02660	0.01944	0.02102	0.07148	0.02461	0.06313	0.01402	0.36373	0.08872	0.12867	0.04979	0.02215	0.01716	0.00938	0.00769	0.00232	0.00819	0.00733	0.00733	0.04724
2	0.01913	0.01364	0.01568	0.01339	0.01775	0.01372	0.01053	0.09387	0.21961	0.11149	0.12066	0.08841	0.05974	0.01207	0.00798	0.00236	0.00583	0.02849	0.00752	0.13815
3	0.05210	0.01439	0.01740	0.03912	0.02041	0.03838	0.01168	0.07910	0.06340	0.44376	0.03242	0.03141	0.07607	0.01076	0.00791	0.00246	0.00689	0.03201	0.00847	0.01186
4	0.02022	0.01779	0.03002	0.07532	0.59797	0.01781	0.02271	0.02472	0.01792	0.07745	0.01582	0.01983	0.01274	0.00716	0.00769	0.00232	0.00906	0.00698	0.00428	0.01219
5	0.01898	0.01821	0.03110	0.07753	0.65082	0.01837	0.02369	0.02362	0.01756	0.02508	0.01455	0.01926	0.01219	0.00695	0.00768	0.00232	0.00926	0.00691	0.00382	0.01212
6	0.01859	0.01781	0.03039	0.13502	0.59641	0.01826	0.02350	0.02327	0.01737	0.02460	0.01448	0.01939	0.01202	0.00702	0.00769	0.00234	0.00936	0.00691	0.00379	0.01180
7	0.01596	0.09509	0.63595	0.02140	0.03247	0.01901	0.02743	0.02445	0.01632	0.02405	0.01367	0.01606	0.00983	0.00731	0.00718	0.00239	0.01121	0.00560	0.00328	0.01134
8	0.01854	0.01776	0.03029	0.14238	0.58945	0.01825	0.02347	0.02322	0.01735	0.02454	0.01447	0.01940	0.01200	0.00703	0.00769	0.00234	0.00937	0.00691	0.00378	0.01176
9	0.01919	0.01842	0.03147	0.04759	0.67914	0.01842	0.02380	0.02380	0.01765	0.02533	0.01458	0.01919	0.01228	0.00691	0.00768	0.00230	0.00921	0.00691	0.00384	0.01228
10	0.01555	0.04011	0.68733	0.02210	0.03356	0.01801	0.02865	0.02455	0.01637	0.02455	0.01391	0.01637	0.00982	0.00737	0.00737	0.00246	0.01146	0.00573	0.00327	0.01146
11	0.01819	0.02060	0.04400	0.03170	0.03892	0.01994	0.60060	0.02435	0.01779	0.02435	0.01525	0.02060	0.01164	0.00709	0.01045	0.00268	0.06871	0.00896	0.00388	0.01030
12	0.00945	0.00675	0.00900	0.01080	0.01125	0.00630	0.00720	0.01080	0.01484	0.01979	0.04274	0.72245	0.05128	0.02429	0.00990	0.00315	0.00450	0.02204	0.00720	0.00630
13	0.01929	0.01666	0.01753	0.01578	0.02016	0.01929	0.01227	0.04120	0.66513	0.03243	0.03156	0.02893	0.02367	0.01052	0.00789	0.00263	0.00614	0.00877	0.00789	0.01227
14	0.01919	0.01842	0.03147	0.04759	0.67914	0.01842	0.02380	0.02380	0.01765	0.02533	0.01458	0.01919	0.01228	0.00691	0.00768	0.00230	0.00921	0.00691	0.00384	0.01228
15	0.03372	0.01492	0.01906	0.01461	0.02065	0.01395	0.01207	0.16199	0.02507	0.55624	0.02817	0.02482	0.01798	0.00954	0.00779	0.00238	0.00699	0.00763	0.00923	0.01319
16	0.01830	0.02092	0.04575	0.03268	0.04052	0.01961	0.65098	0.02484	0.01830	0.02484	0.01569	0.02092	0.01176	0.00654	0.00915	0.00261	0.01307	0.00915	0.00392	0.01046
17	0.01919	0.01842	0.03147	0.04759	0.67914	0.01842	0.02380	0.02380	0.01765	0.02533	0.01458	0.01919	0.01228	0.00691	0.00768	0.00230	0.00921	0.00691	0.00384	0.01228
18	0.01484	0.01399	0.02362	0.67946	0.08123	0.01728	0.02163	0.01999	0.01560	0.02006	0.01382	0.02061	0.01042	0.00771	0.00775	0.00257	0.01029	0.00689	0.00346	0.00878
19	0.01690	0.01609	0.02734	0.38038	0.36424	0.01782	0.02266	0.02179	0.01657	0.02255	0.01418	0.01994	0.01130	0.00733	0.00771	0.00244	0.00978	0.00690	0.00364	0.01044
20	0.01033	0.00801	0.00961	0.01053	0.01248	0.00729	0.00833	0.01271	0.01721	0.02149	0.05950	0.19739	0.35127	0.02108	0.00981	0.00303	0.00510	0.22094	0.00718	0.00670
21	0.01191	0.00992	0.01064	0.01011	0.01297	0.00968	0.00768	0.01888	0.16962	0.02577	0.19373	0.06043	0.39633	0.01671	0.00886	0.00258	0.00439	0.01410	0.00764	0.00804
22	0.21580	0.02299	0.01767	0.01516	0.01969	0.23832	0.01195	0.20595	0.02315	0.03289	0.01542	0.01702	0.01187	0.00831	0.00645	0.00217	0.00899	0.00567	0.11072	0.00980
23	0.01561	0.01476	0.02500	0.56874	0.18601	0.01748	0.02201	0.02066	0.01596	0.02098	0.01395	0.02036	0.01075	0.00757	0.00774	0.00252	0.01010	0.00689	0.00353	0.00939
24	0.01928	0.01680	0.01864	0.01831	0.07252	0.01922	0.01319	0.03982	0.61369	0.03187	0.03021	0.02815	0.02276	0.01023	0.00787	0.00260	0.00638	0.00862	0.00757	0.01227
25	0.02073	0.73217	0.04063	0.01327	0.01990	0.03068	0.01327	0.02322	0.01575	0.01824	0.01078	0.01244	0.00995	0.00663	0.00498	0.00166	0.00829	0.00415	0.00332	0.00995
26	0.02724	0.03409	0.02223	0.02003	0.02345	0.59996	0.01527	0.02920	0.02053	0.01893	0.01173	0.01441	0.01001	0.00879	0.00964	0.00220	0.11423	0.00525	0.00391	0.00892
27	0.01848	0.01770	0.03020	0.15023	0.58202	0.01824	0.02344	0.02318	0.01732	0.02447	0.01446	0.01942	0.01198	0.00704	0.00769	0.00235	0.00939	0.00691	0.00378	0.01171
28	0.78228	0.01499	0.01140	0.01020	0.01499	0.01739	0.00840	0.02279	0.01320	0.03479	0.01080	0.01260	0.00840	0.00720	0.00480	0.00240	0.00600	0.00420	0.00480	0.00840
29	0.01526	0.03804	0.64385	0.02131	0.03215	0.01732	0.02728	0.02392	0.01673	0.02497	0.05638	0.01904	0.01389	0.00791	0.00748	0.00245	0.01096	0.00626	0.00361	0.01119
30	0.00945	0.00675	0.00900	0.01080	0.01125	0.00630	0.00720	0.01080	0.01484	0.01979	0.04274	0.72245	0.05128	0.02429	0.00990	0.00315	0.00450	0.02204	0.00720	0.00630
31	0.01608	0.01378	0.01608	0.01148	0.01837	0.01034	0.00919	0.01952	0.01608	0.02527	0.01378	0.01608	0.01148	0.00574	0.00574	0.00115	0.00574	0.00459	0.00459	0.77491
32	0.01464	0.01378	0.02326	0.70887	0.05340	0.01723	0.02153	0.01981	0.01550	0.01981	0.01378	0.02067	0.01034	0.00775	0.00775	0.00258	0.01034	0.00689	0.00345	0.00861
33	0.78228	0.01499	0.01140	0.01020	0.01499	0.01739	0.00840	0.02279	0.01320	0.03479	0.01080	0.01260	0.00840	0.00720	0.00480	0.00240	0.00600	0.00420	0.00480	0.00840
34	0.01347	0.00673	0.01010	0.01010	0.01010	0.00673	0.00673	0.01010	0.01010	0.01347	0.01347	0.02357	0.01347	0.02694	0.03030	0.77441	0.00673	0.00673	0.00337	0.00337
35	0.02662	0.23450	0.02727	0.01807	0.02281	0.50722	0.01449	0.02876	0.02021	0.01877	0.01164	0.01354	0.00998	0.00760	0.00642	0.00190	0.01237	0.00475	0.00380	0.00926
36	0.01347	0.00673	0.01010	0.01010	0.01010	0.00673	0.00673	0.01010	0.01010	0.01347	0.01347	0.02357	0.01347	0.02694	0.03030	0.77441	0.00673	0.00673	0.00337	0.00337
37	0.01078	0.00792	0.01009	0.00955	0.01146	0.00723	0.00716	0.01425	0.02148	0.02999	0.61005	0.05974	0.13885	0.01626	0.00915	0.00246	0.00369	0.01428	0.00839	0.00723
38	0.02073	0.73217	0.04063	0.01327	0.01990	0.03068	0.01327	0.02322	0.01575	0.01824	0.01078	0.01244	0.00995	0.00663	0.00498	0.00166	0.00829	0.00415	0.00332	0.00995
39	0.01097	0.00793	0.01036	0.00975	0.01158	0.00732	0.00732	0.01463	0.02195	0.03109	0.67505	0.05792	0.07316	0.01585	0.00914	0.00244	0.00366	0.01402	0.00854	0.00732
40	0.00936	0.00786	0.00813	0.00806	0.01059	0.00663	0.00605	0.01151	0.01814	0.02205	0.14339	0.07280	0.61046	0.01923	0.00916	0.00260	0.00390	0.01611	0.00735	0.00663
41	0.01919	0.01842	0.03147	0.04759	0.67914	0.01842	0.02380	0.02380	0.01765	0.02533	0.01458	0.01919	0.01228	0.00691	0.00768	0.00230	0.00921	0.00691	0.00384	0.01228
42	0.01725	0.01729	0.02553	0.02363	0.08683	0.02303	0.04680	0.01945	0.01275	0.01961	0.01087	0.01737	0.01046	0.01258	0.02293	0.00325	0.61106	0.00691	0.00346	0.00895
43	0.01043	0.00773	0.00985	0.01129	0.01213	0.00759	0.00770	0.01382	0.07954	0.02105	0.04162	0.65345	0.04853	0.02292	0.00970	0.00310	0.00466	0.02072	0.00727	0.00689
44	0.02814	0.02093	0.02255	0.01721	0.02348	0.02268	0.01419	0.59023	0.03443	0.04652	0.01813	0.01836	0.01302	0.00895	0.00756	0.00221	0.00825	0.00674	0.00744	0.08897
45	0.01757	0.01675	0.02879	0.13153	0.50026	0.01711	0.05023	0.02202	0.01712	0.02402	0.01733	0.08943	0.01588	0.00873	0.00797	0.00244	0.00907	0.00851	0.00412	0.01111
46	0.01912	0.01607	0.01714	0.01545	0.01958	0.01837	0.01196	0.08681	0.55048	0.03248	0.03164	0.09711	0.02558	0.01179	0.00808	0.00266	0.00616	0.00995	0.00781	0.01175
47	0.70539	0.01417	0.01116	0.01026	0.01462	0.01629	0.00828	0.02160	0.01336	0.03330	0.01397	0.08322	0.01266	0.00890	0.00531	0.00247	0.00585	0.00597	0.00504	0.00819
48	0.70536	0.01428	0.01104	0.00996	0.01454	0.01631	0.00815	0.02163	0.01364	0.03341	0.01754	0.01877	0.07482	0.00844	0.00523	0.00242	0.00579	0.00541	0.00504	0.00821
49	0.05529	0.01756	0.02709	0.13501	0.43951	0.04316	0.02066	0.02547	0.01796	0.11962	0.01650	0.01995	0.01274	0.00747	0.00755	0.00235	0.00904	0.00684	0.00466	0.01159
50	0.04651	0.41789	0.20941	0.01687	0.05270	0.02424	0.01726	0.02322	0.01594	0.02155	0.01209	0.01416	0.01012	0.00677	0.00580	0.00188	0.00884	0.00474	0.00351	0.08651
51	0.01870	0.47784	0.18514	0.01527	0.02231	0.04782	0.01625	0.02255	0.01602	0.01987	0.01472	0.08403	0.01403	0.00860	0.00608	0.00200	0.00883	0.00632	0.00372	0.00990

[dist]
# distance from previous block
# <min> <max>
0	79

# created by:
# /st0/software/busco_prod/Augustus/scripts/msa2prfl.pl ./align_prep/120952.fa
