[name]
unknown

[dist]
# distance from previous block
# <min> <max>
27	71

[block]
# block no. 0 follows, 25 sequences, length 91
# corresponding to MSA columns:
# 100-190
name=unknown_A
#
# <colnr> <probs for GDERKNQSTAVLIFYWHMCP>
#	G	D	E	R	K	N	Q	S	T	A	V	L	I	F	Y	W	H	M	C	P
0	0.05856	0.06236	0.06700	0.05218	0.26043	0.12315	0.01775	0.06756	0.06275	0.05709	0.04183	0.06103	0.01704	0.00901	0.00746	0.00233	0.00907	0.00756	0.00500	0.01083
1	0.02077	0.06660	0.04403	0.04445	0.13720	0.01532	0.01415	0.08140	0.05893	0.13611	0.03992	0.06130	0.01861	0.00919	0.00729	0.00211	0.00723	0.02666	0.00594	0.20281
2	0.06159	0.06682	0.02160	0.01722	0.05943	0.06183	0.01326	0.28626	0.07947	0.12315	0.01974	0.01995	0.01441	0.00865	0.00710	0.00218	0.00782	0.00661	0.05092	0.07198
3	0.12608	0.11536	0.24769	0.01809	0.05445	0.04207	0.01785	0.06510	0.07190	0.04657	0.08158	0.02106	0.01777	0.00877	0.00761	0.00236	0.03365	0.00661	0.00493	0.01050
4	0.04571	0.03001	0.36816	0.06249	0.09538	0.06081	0.02234	0.06138	0.03933	0.04856	0.01515	0.01747	0.01119	0.00751	0.00720	0.00229	0.01007	0.00595	0.00419	0.08481
5	0.02510	0.06249	0.03584	0.01497	0.02053	0.01762	0.01248	0.18010	0.20314	0.20566	0.04792	0.02459	0.01960	0.00948	0.00746	0.00230	0.00690	0.00757	0.03016	0.06612
6	0.03596	0.07709	0.39176	0.04985	0.05461	0.01816	0.02210	0.07096	0.04996	0.10787	0.03777	0.01964	0.01398	0.00815	0.00734	0.00239	0.00968	0.00644	0.00483	0.01145
7	0.02206	0.01479	0.04987	0.01411	0.02052	0.01144	0.05625	0.02585	0.01885	0.24827	0.08009	0.02374	0.01967	0.00810	0.00707	0.00185	0.00663	0.00691	0.00653	0.35738
8	0.01644	0.01486	0.02546	0.50294	0.10055	0.01680	0.08388	0.02148	0.01632	0.05242	0.01483	0.02051	0.01114	0.00750	0.00775	0.00245	0.01002	0.00700	0.00390	0.06374
9	0.10646	0.01211	0.01641	0.16616	0.07005	0.01328	0.01260	0.04833	0.01560	0.06124	0.03856	0.02770	0.01784	0.12944	0.18192	0.00561	0.01111	0.00773	0.00478	0.05307
10	0.02601	0.02745	0.05404	0.02258	0.12000	0.31815	0.01619	0.15867	0.02359	0.06587	0.01580	0.01857	0.01251	0.00835	0.00732	0.00214	0.01083	0.02170	0.00517	0.06505
11	0.01464	0.01378	0.02326	0.70887	0.05340	0.01723	0.02153	0.01981	0.01550	0.01981	0.01378	0.02067	0.01034	0.00775	0.00775	0.00258	0.01034	0.00689	0.00345	0.00861
12	0.00976	0.00707	0.00921	0.01080	0.01154	0.00660	0.00750	0.01133	0.01525	0.02006	0.04497	0.58900	0.10152	0.04549	0.01083	0.00328	0.00479	0.07754	0.00711	0.00635
13	0.01832	0.01727	0.02864	0.04243	0.58076	0.01738	0.02163	0.02363	0.05480	0.02524	0.01811	0.08326	0.01646	0.00869	0.00789	0.00240	0.00861	0.00838	0.00438	0.01174
14	0.01011	0.00746	0.00953	0.01087	0.01175	0.00714	0.00744	0.01284	0.05347	0.02134	0.08575	0.60595	0.08190	0.02270	0.00969	0.00305	0.00451	0.02045	0.00733	0.00673
15	0.01126	0.00757	0.00871	0.00871	0.00880	0.00766	0.00502	0.01144	0.01135	0.01522	0.02420	0.04944	0.02763	0.68468	0.08152	0.00783	0.00836	0.01109	0.00466	0.00484
16	0.02523	0.24971	0.07218	0.01791	0.02326	0.37912	0.01540	0.07199	0.02042	0.02124	0.01216	0.01408	0.01020	0.00778	0.00698	0.00199	0.03167	0.00497	0.00399	0.00973
17	0.01870	0.01944	0.07219	0.08288	0.56526	0.01837	0.02334	0.02456	0.05282	0.02535	0.01542	0.01963	0.01263	0.00718	0.00767	0.00235	0.00925	0.00693	0.00400	0.01201
18	0.01090	0.00787	0.01030	0.00981	0.01157	0.00727	0.00731	0.01444	0.02160	0.03054	0.64389	0.09066	0.07208	0.01627	0.00918	0.00247	0.00370	0.01442	0.00847	0.00727
19	0.01169	0.00867	0.01138	0.01274	0.01472	0.00835	0.01091	0.01488	0.01781	0.02266	0.05006	0.08438	0.19626	0.02099	0.01034	0.00334	0.00637	0.48030	0.00715	0.00700
20	0.01719	0.07525	0.34053	0.02657	0.03600	0.01958	0.32393	0.02460	0.01725	0.02429	0.01456	0.01828	0.01076	0.00692	0.00806	0.00248	0.01202	0.00726	0.00359	0.01089
21	0.01880	0.01888	0.05309	0.08539	0.62082	0.01834	0.02383	0.02359	0.01749	0.02498	0.01452	0.01918	0.01209	0.00697	0.00767	0.00232	0.00935	0.00687	0.00380	0.01204
22	0.02947	0.02172	0.02327	0.01784	0.02404	0.02404	0.01474	0.65329	0.03646	0.04887	0.01862	0.01862	0.01319	0.00931	0.00776	0.00233	0.00853	0.00698	0.00776	0.01319
23	0.00959	0.00685	0.00917	0.01096	0.01148	0.00642	0.00745	0.01105	0.01499	0.01996	0.04265	0.69175	0.05096	0.02415	0.00994	0.00317	0.00463	0.05129	0.00719	0.00634
24	0.01937	0.02877	0.23668	0.02595	0.06067	0.13472	0.25606	0.05537	0.01899	0.02465	0.01607	0.05646	0.01311	0.00816	0.00814	0.00246	0.01187	0.00788	0.00409	0.01050
25	0.01802	0.01914	0.06872	0.23560	0.35211	0.07318	0.02150	0.02229	0.01676	0.02229	0.01401	0.01933	0.01145	0.00870	0.00923	0.05720	0.00990	0.00666	0.00367	0.01024
26	0.01060	0.00723	0.00866	0.00932	0.00949	0.00707	0.00562	0.01110	0.01259	0.01679	0.03120	0.29904	0.03673	0.46756	0.02853	0.00590	0.00640	0.01526	0.00562	0.00529
27	0.01020	0.00797	0.00935	0.00961	0.01174	0.00712	0.00744	0.01282	0.01860	0.02384	0.22262	0.11847	0.37260	0.01929	0.00947	0.00277	0.00443	0.11730	0.00753	0.00682
28	0.02300	0.11371	0.29052	0.01868	0.02651	0.05856	0.03569	0.08435	0.01960	0.18380	0.01766	0.01852	0.01247	0.00840	0.00840	0.00237	0.05474	0.00626	0.00527	0.01149
29	0.01808	0.31307	0.02932	0.01616	0.02000	0.07064	0.06296	0.02042	0.01513	0.01891	0.01737	0.06728	0.04311	0.05791	0.03615	0.00303	0.17020	0.00752	0.00397	0.00876
30	0.03051	0.01263	0.01677	0.01316	0.01851	0.01114	0.01075	0.05638	0.02243	0.55147	0.10283	0.03234	0.06322	0.01085	0.00802	0.00241	0.00619	0.00894	0.00927	0.01217
31	0.06574	0.02150	0.02264	0.05529	0.02520	0.04733	0.01480	0.56541	0.03365	0.04552	0.01773	0.01827	0.01268	0.00907	0.00758	0.00233	0.00870	0.00677	0.00724	0.01255
32	0.01168	0.03877	0.00984	0.00866	0.00895	0.00852	0.00507	0.01179	0.01147	0.01517	0.02384	0.04909	0.02740	0.69641	0.03798	0.00726	0.00755	0.01097	0.00464	0.00492
33	0.02233	0.11986	0.02837	0.02536	0.15719	0.20525	0.05419	0.07865	0.01880	0.02301	0.01270	0.01637	0.01088	0.00899	0.01159	0.00242	0.18376	0.00612	0.00404	0.01011
34	0.10315	0.01391	0.02159	0.52412	0.08564	0.01660	0.01907	0.02090	0.01597	0.05010	0.04616	0.02169	0.01365	0.00810	0.00748	0.00253	0.00929	0.00697	0.00413	0.00895
35	0.01256	0.00783	0.00898	0.00875	0.00908	0.00773	0.00506	0.01272	0.01187	0.05161	0.02477	0.04941	0.02770	0.68829	0.03773	0.00724	0.00747	0.01109	0.00497	0.00516
36	0.03181	0.01531	0.01886	0.01462	0.02041	0.01486	0.01203	0.20172	0.04856	0.45886	0.02716	0.02452	0.01778	0.00952	0.00767	0.00236	0.00695	0.00758	0.04654	0.01287
37	0.02425	0.01971	0.02627	0.02204	0.06850	0.02254	0.08777	0.33588	0.02565	0.06353	0.01617	0.01879	0.01238	0.01004	0.01286	0.00266	0.20634	0.00720	0.00592	0.01150
38	0.01828	0.01390	0.01602	0.01479	0.01843	0.01519	0.01205	0.13571	0.25133	0.05297	0.05374	0.04697	0.06445	0.01738	0.05768	0.00352	0.00769	0.18230	0.00743	0.01018
39	0.01128	0.00752	0.00846	0.00846	0.00846	0.00752	0.00470	0.01128	0.01128	0.01503	0.02443	0.05074	0.02819	0.72751	0.03946	0.00752	0.00752	0.01128	0.00470	0.00470
40	0.01592	0.01569	0.02507	0.35789	0.03795	0.02027	0.06422	0.01966	0.01411	0.01966	0.01233	0.01906	0.01037	0.01023	0.01564	0.00294	0.31985	0.00700	0.00346	0.00869
41	0.01631	0.01452	0.01914	0.01367	0.02066	0.01129	0.07533	0.02007	0.01631	0.02522	0.01398	0.01658	0.01151	0.00582	0.00609	0.00130	0.00650	0.00506	0.00452	0.69612
42	0.00992	0.00697	0.00893	0.01023	0.01063	0.00661	0.00664	0.01105	0.01432	0.01917	0.06334	0.54582	0.04696	0.18169	0.01650	0.00410	0.00514	0.01931	0.00669	0.00598
43	0.01277	0.00913	0.01262	0.01224	0.01401	0.01043	0.00956	0.05974	0.01460	0.02145	0.02114	0.02944	0.01900	0.04901	0.56797	0.01051	0.01792	0.00809	0.09297	0.00740
44	0.01933	0.01917	0.05281	0.04473	0.61500	0.01859	0.02328	0.04049	0.04339	0.02618	0.01533	0.01946	0.01267	0.00713	0.00768	0.00232	0.00915	0.00694	0.00408	0.01228
45	0.01824	0.02004	0.07115	0.03548	0.31842	0.05022	0.21726	0.02343	0.01802	0.02453	0.01846	0.02884	0.01638	0.00890	0.00851	0.00257	0.01049	0.09400	0.00430	0.01079
46	0.02827	0.06907	0.02326	0.02043	0.04529	0.60263	0.01517	0.06673	0.02238	0.02090	0.01240	0.01435	0.01025	0.00797	0.00696	0.00201	0.01323	0.00513	0.00418	0.00939
47	0.01545	0.01325	0.01592	0.05587	0.01996	0.01047	0.00975	0.01896	0.01639	0.02502	0.04845	0.02083	0.04207	0.00694	0.00618	0.00136	0.00586	0.00569	0.00482	0.65677
48	0.01865	0.02233	0.07374	0.06385	0.06643	0.05846	0.52844	0.02490	0.01826	0.02427	0.01525	0.02021	0.01152	0.00673	0.00881	0.00256	0.01276	0.00855	0.00387	0.01041
49	0.01405	0.01328	0.05438	0.24062	0.09815	0.01310	0.01605	0.04400	0.01773	0.02365	0.08873	0.13618	0.06026	0.01400	0.00880	0.00280	0.00784	0.13232	0.00556	0.00852
50	0.01741	0.01208	0.01486	0.01474	0.01791	0.01278	0.01229	0.02723	0.24128	0.10280	0.03657	0.06025	0.03447	0.01630	0.00940	0.00311	0.00673	0.34250	0.00768	0.00961
51	0.01576	0.03885	0.64945	0.02357	0.07085	0.01803	0.02837	0.02451	0.01644	0.02460	0.01395	0.01653	0.00996	0.00734	0.00738	0.00245	0.01133	0.00580	0.00331	0.01151
52	0.02360	0.02229	0.08032	0.01845	0.05782	0.13091	0.01491	0.25771	0.05402	0.07216	0.14032	0.02585	0.02419	0.01021	0.00842	0.00235	0.03087	0.00797	0.00663	0.01100
53	0.00940	0.00793	0.00818	0.00831	0.01087	0.00671	0.00636	0.01148	0.01769	0.02111	0.07588	0.07553	0.63116	0.01976	0.00927	0.00269	0.00416	0.05972	0.00720	0.00659
54	0.01652	0.01632	0.02291	0.01977	0.01987	0.02270	0.01642	0.01830	0.01192	0.01861	0.01097	0.01797	0.01086	0.01690	0.07553	0.00407	0.66165	0.00690	0.00345	0.00837
55	0.01864	0.01809	0.03121	0.10298	0.55593	0.01864	0.05950	0.02326	0.01723	0.02450	0.01437	0.01931	0.01198	0.00728	0.00863	0.00240	0.04357	0.00703	0.00379	0.01167
56	0.01812	0.02175	0.08128	0.03220	0.06683	0.01964	0.56158	0.02452	0.01789	0.02458	0.01531	0.02041	0.01161	0.00689	0.00966	0.00262	0.04197	0.00876	0.00386	0.01051
57	0.01128	0.00752	0.00846	0.00846	0.00846	0.00752	0.00470	0.01128	0.01128	0.01503	0.02443	0.05074	0.02819	0.72751	0.03946	0.00752	0.00752	0.01128	0.00470	0.00470
58	0.01228	0.00952	0.01038	0.00979	0.01267	0.00897	0.00746	0.01786	0.12297	0.05358	0.19600	0.06163	0.41426	0.01693	0.00890	0.00257	0.00434	0.01427	0.00770	0.00792
59	0.02148	0.09689	0.38168	0.01947	0.02853	0.02068	0.02189	0.22129	0.02291	0.06967	0.01605	0.01729	0.01142	0.00803	0.00729	0.00234	0.00997	0.00609	0.00504	0.01196
60	0.01759	0.16353	0.32403	0.02110	0.02925	0.02053	0.12458	0.05958	0.01762	0.02436	0.01612	0.02292	0.01351	0.00881	0.00851	0.00247	0.04891	0.06202	0.00400	0.01056
61	0.00951	0.00679	0.00905	0.01076	0.01126	0.00634	0.00720	0.01095	0.01512	0.02023	0.06744	0.69648	0.05214	0.02396	0.00987	0.00312	0.00447	0.02173	0.00725	0.00634
62	0.01790	0.01935	0.03960	0.13974	0.16238	0.01902	0.43620	0.02387	0.01775	0.02415	0.01519	0.02055	0.01164	0.00679	0.00866	0.00255	0.01193	0.00838	0.00383	0.01052
63	0.08479	0.05847	0.02625	0.17558	0.34236	0.01868	0.01943	0.02563	0.10339	0.04717	0.01666	0.02007	0.01315	0.00766	0.00732	0.00238	0.00862	0.00679	0.00454	0.01107
64	0.02756	0.01781	0.01894	0.01561	0.02072	0.07724	0.01246	0.19137	0.17340	0.26719	0.02699	0.07333	0.02016	0.01064	0.00789	0.00245	0.00749	0.00858	0.00807	0.01211
65	0.00929	0.00786	0.00803	0.00799	0.01055	0.00660	0.00599	0.01138	0.01798	0.02167	0.12091	0.07343	0.63318	0.01937	0.00916	0.00261	0.00391	0.01620	0.00729	0.00660
66	0.01817	0.02028	0.04316	0.07354	0.09841	0.01936	0.55808	0.02445	0.01808	0.02459	0.01548	0.02075	0.01173	0.00664	0.00894	0.00258	0.01257	0.00882	0.00389	0.01051
67	0.01799	0.32943	0.36896	0.02020	0.07366	0.02336	0.02184	0.02394	0.01620	0.02196	0.01264	0.01492	0.01005	0.00703	0.00638	0.00211	0.00997	0.00515	0.00333	0.01088
68	0.02011	0.64892	0.11842	0.01433	0.02154	0.02916	0.01512	0.02338	0.01583	0.01900	0.01116	0.01291	0.00993	0.00672	0.00526	0.00175	0.00867	0.00434	0.00331	0.01013
69	0.00916	0.00785	0.00785	0.00785	0.01047	0.00655	0.00589	0.01113	0.01767	0.02095	0.07855	0.07462	0.67599	0.01964	0.00916	0.00262	0.00393	0.01636	0.00720	0.00655
70	0.05043	0.04694	0.01945	0.05971	0.02224	0.13481	0.01292	0.16109	0.10437	0.15935	0.05557	0.02740	0.04262	0.01019	0.00761	0.00237	0.00821	0.03331	0.03062	0.01081
71	0.01797	0.01821	0.02792	0.32525	0.22701	0.07649	0.09985	0.02407	0.06316	0.02285	0.01536	0.02029	0.01199	0.00757	0.00785	0.00246	0.01037	0.00715	0.00398	0.01019
72	0.00986	0.00722	0.00929	0.01040	0.01145	0.00666	0.00732	0.01185	0.01673	0.02231	0.17047	0.48035	0.13352	0.02192	0.00970	0.00296	0.00439	0.04957	0.00746	0.00657
73	0.01174	0.01030	0.01038	0.01041	0.01293	0.05178	0.00815	0.01510	0.04654	0.02322	0.15334	0.06863	0.40232	0.01826	0.00925	0.00272	0.00521	0.12534	0.00721	0.00717
74	0.01574	0.06559	0.66352	0.02177	0.03306	0.01847	0.02808	0.02451	0.01635	0.02432	0.01380	0.01623	0.00983	0.00734	0.00728	0.00243	0.01134	0.00567	0.00328	0.01140
75	0.01555	0.04011	0.68733	0.02210	0.03356	0.01801	0.02865	0.02455	0.01637	0.02455	0.01391	0.01637	0.00982	0.00737	0.00737	0.00246	0.01146	0.00573	0.00327	0.01146
76	0.73445	0.01488	0.01182	0.01043	0.01530	0.01701	0.00859	0.02375	0.01377	0.07636	0.01206	0.01348	0.00909	0.00735	0.00499	0.00240	0.00604	0.00443	0.00511	0.00870
77	0.04670	0.17542	0.12120	0.11610	0.02923	0.12416	0.09389	0.06359	0.01828	0.02320	0.01592	0.04305	0.01398	0.00905	0.00791	0.00237	0.03396	0.04807	0.00422	0.00969
78	0.00952	0.00678	0.00897	0.01070	0.01113	0.00635	0.00709	0.01082	0.01470	0.01959	0.04197	0.69447	0.05032	0.05358	0.01113	0.00333	0.00462	0.02159	0.00709	0.00623
79	0.01703	0.03305	0.45300	0.02482	0.03462	0.01894	0.20270	0.05400	0.01770	0.02558	0.01451	0.01777	0.01054	0.00744	0.00850	0.00253	0.03566	0.00679	0.00367	0.01116
80	0.01551	0.01032	0.01211	0.01107	0.01341	0.01059	0.00835	0.11455	0.04333	0.04971	0.21916	0.08231	0.03877	0.12108	0.05175	0.00371	0.00630	0.03363	0.14625	0.00809
81	0.01919	0.01842	0.03147	0.04759	0.67914	0.01842	0.02380	0.02380	0.01765	0.02533	0.01458	0.01919	0.01228	0.00691	0.00768	0.00230	0.00921	0.00691	0.00384	0.01228
82	0.00994	0.00699	0.00899	0.01039	0.01079	0.00665	0.00682	0.01107	0.01416	0.01886	0.03866	0.55499	0.04600	0.17853	0.01641	0.00412	0.00524	0.03878	0.00665	0.00597
83	0.02264	0.19011	0.23392	0.02009	0.04814	0.31565	0.01916	0.02702	0.01871	0.02077	0.01241	0.01456	0.01000	0.00746	0.00669	0.00208	0.01178	0.00510	0.00362	0.01008
84	0.01641	0.03877	0.61872	0.02339	0.06835	0.05146	0.02771	0.02483	0.01672	0.02432	0.01386	0.01641	0.00996	0.00737	0.00736	0.00242	0.01146	0.00576	0.00334	0.01138
85	0.00943	0.00680	0.00894	0.01066	0.01121	0.00631	0.00714	0.01081	0.01498	0.01985	0.04442	0.69198	0.08066	0.02407	0.00986	0.00312	0.00447	0.02178	0.00720	0.00631
86	0.02102	0.70737	0.03996	0.01351	0.02005	0.05443	0.01333	0.02349	0.01598	0.01827	0.01082	0.01249	0.00995	0.00668	0.00505	0.00167	0.00849	0.00418	0.00334	0.00992
87	0.01788	0.01802	0.05073	0.16276	0.48944	0.01785	0.05724	0.02272	0.01717	0.02411	0.01544	0.04340	0.01316	0.00764	0.00784	0.00240	0.00953	0.00751	0.00387	0.01130
88	0.00945	0.00675	0.00900	0.01080	0.01125	0.00630	0.00720	0.01080	0.01484	0.01979	0.04274	0.72245	0.05128	0.02429	0.00990	0.00315	0.00450	0.02204	0.00720	0.00630
89	0.05737	0.03684	0.61112	0.02059	0.03113	0.01735	0.02620	0.02408	0.01619	0.02537	0.01440	0.01689	0.01032	0.00745	0.00711	0.00241	0.01071	0.00573	0.04768	0.01105
90	0.02164	0.08759	0.17100	0.10123	0.10092	0.05801	0.01816	0.10653	0.02064	0.13777	0.05787	0.02349	0.04360	0.00896	0.00751	0.00233	0.00897	0.00724	0.00552	0.01101

[dist]
# distance from previous block
# <min> <max>
0	1

[block]
# block no. 1 follows, 25 sequences, length 82
# corresponding to MSA columns:
# 192-273
name=unknown_B
#
# <colnr> <probs for GDERKNQSTAVLIFYWHMCP>
#	G	D	E	R	K	N	Q	S	T	A	V	L	I	F	Y	W	H	M	C	P
0	0.03312	0.01319	0.01770	0.01376	0.01952	0.01167	0.01130	0.03715	0.05638	0.62673	0.05342	0.02764	0.02134	0.00987	0.00785	0.00241	0.00647	0.00807	0.00947	0.01294
1	0.01920	0.02124	0.11085	0.04097	0.51223	0.01873	0.04925	0.05462	0.04882	0.02667	0.01554	0.01935	0.01254	0.00723	0.00771	0.00235	0.00947	0.00695	0.00415	0.01215
2	0.05964	0.30509	0.12763	0.01713	0.02339	0.27390	0.01602	0.05568	0.01899	0.02167	0.01206	0.01389	0.01002	0.00740	0.00620	0.00197	0.01077	0.00483	0.00384	0.00990
3	0.02475	0.07354	0.02470	0.04656	0.13451	0.12915	0.01601	0.27508	0.13765	0.03410	0.01839	0.01939	0.01401	0.00866	0.00744	0.00228	0.00914	0.00676	0.00605	0.01182
4	0.01750	0.01429	0.01845	0.01486	0.02031	0.01321	0.06577	0.02593	0.18558	0.06375	0.02372	0.05412	0.02039	0.00975	0.00744	0.00208	0.00664	0.07902	0.00606	0.35112
5	0.04759	0.32638	0.20235	0.01831	0.02595	0.09027	0.08889	0.02560	0.01721	0.07165	0.01375	0.01561	0.01077	0.00719	0.00647	0.00209	0.01000	0.00548	0.00397	0.01049
6	0.01882	0.01322	0.01589	0.01199	0.01805	0.01053	0.00952	0.04208	0.01759	0.13099	0.01962	0.09086	0.01689	0.00839	0.00657	0.00159	0.00584	0.00699	0.00577	0.54881
7	0.03260	0.01304	0.01751	0.01364	0.01931	0.01152	0.01119	0.03654	0.05277	0.61379	0.06979	0.02843	0.02268	0.01002	0.00788	0.00241	0.00640	0.00822	0.00945	0.01279
8	0.01347	0.00673	0.01010	0.01010	0.01010	0.00673	0.00673	0.01010	0.01010	0.01347	0.01347	0.02357	0.01347	0.02694	0.03030	0.77441	0.00673	0.00673	0.00337	0.00337
9	0.01464	0.01378	0.02326	0.70887	0.05340	0.01723	0.02153	0.01981	0.01550	0.01981	0.01378	0.02067	0.01034	0.00775	0.00775	0.00258	0.01034	0.00689	0.00345	0.00861
10	0.01608	0.01378	0.01608	0.01148	0.01837	0.01034	0.00919	0.01952	0.01608	0.02527	0.01378	0.01608	0.01148	0.00574	0.00574	0.00115	0.00574	0.00459	0.00459	0.77491
11	0.02918	0.02157	0.02310	0.01778	0.02393	0.02391	0.01467	0.63542	0.05480	0.04839	0.01899	0.01892	0.01349	0.00934	0.00776	0.00234	0.00846	0.00703	0.00776	0.01316
12	0.78228	0.01499	0.01140	0.01020	0.01499	0.01739	0.00840	0.02279	0.01320	0.03479	0.01080	0.01260	0.00840	0.00720	0.00480	0.00240	0.00600	0.00420	0.00480	0.00840
13	0.01282	0.07836	0.01340	0.01009	0.01265	0.00969	0.00794	0.01617	0.02093	0.05850	0.52226	0.05373	0.12436	0.01505	0.00868	0.00238	0.00427	0.01301	0.00795	0.00776
14	0.01608	0.01378	0.01608	0.01148	0.01837	0.01034	0.00919	0.01952	0.01608	0.02527	0.01378	0.01608	0.01148	0.00574	0.00574	0.00115	0.00574	0.00459	0.00459	0.77491
15	0.01555	0.04011	0.68733	0.02210	0.03356	0.01801	0.02865	0.02455	0.01637	0.02455	0.01391	0.01637	0.00982	0.00737	0.00737	0.00246	0.01146	0.00573	0.00327	0.01146
16	0.01782	0.02204	0.10952	0.08840	0.11912	0.01910	0.45757	0.02427	0.01779	0.02446	0.01521	0.02021	0.01151	0.00677	0.00867	0.00256	0.01221	0.00833	0.00380	0.01064
17	0.02073	0.73217	0.04063	0.01327	0.01990	0.03068	0.01327	0.02322	0.01575	0.01824	0.01078	0.01244	0.00995	0.00663	0.00498	0.00166	0.00829	0.00415	0.00332	0.00995
18	0.01033	0.00732	0.00895	0.00955	0.01026	0.00692	0.00623	0.01166	0.01507	0.02019	0.14899	0.31723	0.10059	0.26793	0.02003	0.00451	0.00536	0.01641	0.00656	0.00594
19	0.05852	0.00843	0.00831	0.00795	0.01016	0.00869	0.00608	0.05184	0.01715	0.03029	0.02412	0.02744	0.01887	0.00894	0.00551	0.00187	0.00401	0.00704	0.68715	0.00761
20	0.08139	0.02125	0.02245	0.01731	0.02342	0.02359	0.01430	0.60980	0.03485	0.04789	0.01808	0.01820	0.01286	0.00916	0.00755	0.00233	0.00836	0.00679	0.00755	0.01286
21	0.01176	0.04835	0.01056	0.00892	0.00958	0.00879	0.00558	0.01246	0.01315	0.01766	0.12273	0.04968	0.03401	0.57859	0.03291	0.00641	0.00697	0.01129	0.00520	0.00539
22	0.00981	0.00710	0.00928	0.01038	0.01129	0.00656	0.00716	0.01176	0.01675	0.02265	0.20115	0.52377	0.08965	0.02196	0.00967	0.00295	0.00426	0.01976	0.00753	0.00656
23	0.01227	0.00930	0.01176	0.01250	0.01470	0.00921	0.01042	0.01728	0.08001	0.02482	0.14203	0.07499	0.16941	0.01921	0.00991	0.00313	0.00590	0.35818	0.00743	0.00754
24	0.01810	0.01498	0.01717	0.01245	0.01923	0.01241	0.01003	0.11540	0.01916	0.02884	0.01451	0.01646	0.01174	0.00628	0.00605	0.00133	0.00616	0.00495	0.00507	0.65967
25	0.01212	0.00902	0.01286	0.01255	0.01414	0.01038	0.00971	0.04968	0.01375	0.01958	0.02084	0.03086	0.01950	0.09071	0.62334	0.01163	0.01938	0.00839	0.00439	0.00716
26	0.01177	0.00929	0.01364	0.01324	0.01442	0.01126	0.01037	0.01432	0.01235	0.01797	0.01966	0.02959	0.01861	0.07624	0.59540	0.01123	0.10128	0.00823	0.00408	0.00703
27	0.01667	0.01709	0.03345	0.05262	0.11633	0.01660	0.36331	0.02285	0.05415	0.02441	0.02243	0.10497	0.02078	0.01061	0.00911	0.00275	0.01043	0.08670	0.00487	0.00987
28	0.10827	0.01842	0.03143	0.04081	0.49847	0.01849	0.12317	0.02385	0.01724	0.02636	0.01432	0.01870	0.01174	0.00688	0.00758	0.00236	0.00946	0.00695	0.00396	0.01153
29	0.01830	0.02092	0.04575	0.03268	0.04052	0.01961	0.65098	0.02484	0.01830	0.02484	0.01569	0.02092	0.01176	0.00654	0.00915	0.00261	0.01307	0.00915	0.00392	0.01046
30	0.01563	0.03542	0.55829	0.11052	0.03657	0.01802	0.07066	0.02397	0.01639	0.02397	0.01402	0.01723	0.01002	0.00736	0.00754	0.00248	0.01143	0.00611	0.00334	0.01103
31	0.05378	0.02071	0.18318	0.05781	0.05051	0.01455	0.07554	0.03133	0.01956	0.37923	0.02294	0.02238	0.01510	0.00849	0.00770	0.00244	0.00866	0.00721	0.00681	0.01206
32	0.01108	0.00828	0.01232	0.01232	0.01365	0.00961	0.00951	0.01375	0.01242	0.01789	0.02090	0.03119	0.01970	0.08224	0.67312	0.01228	0.02029	0.00841	0.00417	0.00684
33	0.01115	0.00798	0.01090	0.01233	0.01363	0.00772	0.00978	0.01393	0.01737	0.02315	0.13729	0.31455	0.05136	0.02163	0.01018	0.00325	0.00565	0.31392	0.00737	0.00686
34	0.01697	0.01585	0.02543	0.47690	0.16893	0.04103	0.04383	0.02173	0.01631	0.04486	0.01438	0.02020	0.01106	0.00789	0.00859	0.00254	0.04322	0.00694	0.00378	0.00955
35	0.01288	0.01140	0.01786	0.37362	0.05492	0.01331	0.01560	0.01645	0.01553	0.02038	0.04916	0.23986	0.06258	0.01405	0.00947	0.00279	0.04500	0.01231	0.00499	0.00785
36	0.01571	0.03903	0.65124	0.02269	0.03395	0.01810	0.06366	0.02457	0.01648	0.02457	0.01401	0.01663	0.00993	0.00732	0.00747	0.00246	0.01155	0.00592	0.00331	0.01140
37	0.00945	0.00675	0.00900	0.01080	0.01125	0.00630	0.00720	0.01080	0.01484	0.01979	0.04274	0.72245	0.05128	0.02429	0.00990	0.00315	0.00450	0.02204	0.00720	0.00630
38	0.01784	0.01848	0.06637	0.21257	0.48529	0.01810	0.02350	0.02284	0.01704	0.02390	0.01434	0.01940	0.01165	0.00715	0.00768	0.00238	0.00962	0.00684	0.00371	0.01131
39	0.01890	0.01812	0.03094	0.09048	0.63855	0.01834	0.02365	0.02354	0.01752	0.02497	0.01453	0.01929	0.01216	0.00696	0.00768	0.00232	0.00928	0.00691	0.00381	0.01204
40	0.00927	0.00742	0.00830	0.00900	0.01078	0.00645	0.00640	0.01100	0.01657	0.02050	0.06455	0.32782	0.43182	0.02146	0.00945	0.00283	0.00415	0.01858	0.00720	0.00645
41	0.01679	0.01827	0.03817	0.15340	0.04008	0.01791	0.47548	0.02259	0.01746	0.02344	0.01791	0.08755	0.01526	0.00844	0.00897	0.00266	0.01176	0.00997	0.00415	0.00973
42	0.02649	0.04243	0.05604	0.05434	0.27946	0.01538	0.01752	0.03047	0.01965	0.34578	0.02218	0.02238	0.01537	0.00826	0.00763	0.00234	0.00806	0.00719	0.00658	0.01246
43	0.01555	0.04011	0.68733	0.02210	0.03356	0.01801	0.02865	0.02455	0.01637	0.02455	0.01391	0.01637	0.00982	0.00737	0.00737	0.00246	0.01146	0.00573	0.00327	0.01146
44	0.02896	0.03695	0.02197	0.01998	0.02397	0.69638	0.01498	0.03096	0.02197	0.01898	0.01199	0.01398	0.00999	0.00799	0.00699	0.00200	0.01398	0.00499	0.00400	0.00899
45	0.03294	0.01311	0.01762	0.01370	0.01943	0.01158	0.01125	0.03687	0.05269	0.62306	0.06072	0.02798	0.02193	0.00993	0.00786	0.00241	0.00644	0.00813	0.00947	0.01288
46	0.03108	0.01361	0.01766	0.01389	0.01941	0.01257	0.01135	0.07852	0.07646	0.53018	0.08550	0.02879	0.02381	0.01019	0.00792	0.00242	0.00644	0.00836	0.00924	0.01261
47	0.00945	0.00675	0.00900	0.01080	0.01125	0.00630	0.00720	0.01080	0.01484	0.01979	0.04274	0.72245	0.05128	0.02429	0.00990	0.00315	0.00450	0.02204	0.00720	0.00630
48	0.03479	0.01320	0.01799	0.01380	0.01979	0.01140	0.01140	0.03779	0.02219	0.68451	0.03059	0.02639	0.01919	0.00960	0.00780	0.00240	0.00660	0.00780	0.00960	0.01320
49	0.01721	0.05933	0.22412	0.02815	0.05899	0.01894	0.38850	0.02390	0.01743	0.02420	0.01634	0.05618	0.01323	0.00773	0.00843	0.00254	0.01180	0.00855	0.00388	0.01056
50	0.01768	0.01715	0.03001	0.25586	0.42986	0.01814	0.07324	0.02262	0.01703	0.02354	0.01442	0.01980	0.01162	0.00715	0.00782	0.00242	0.00988	0.00708	0.00372	0.01097
51	0.01275	0.00832	0.01093	0.01006	0.01220	0.00762	0.00762	0.01636	0.02197	0.07996	0.62685	0.05556	0.06912	0.01538	0.00904	0.00244	0.00388	0.01356	0.00861	0.00776
52	0.01547	0.01628	0.03337	0.08453	0.03331	0.01562	0.41393	0.02041	0.01708	0.02297	0.02321	0.22031	0.02288	0.01169	0.00924	0.00276	0.01040	0.01262	0.00481	0.00912
53	0.04979	0.01530	0.05552	0.01438	0.02037	0.01308	0.01238	0.07700	0.06396	0.51599	0.05868	0.02661	0.02082	0.00975	0.00777	0.00241	0.00682	0.00789	0.00884	0.01264
54	0.75816	0.01521	0.01178	0.01044	0.01528	0.01761	0.00860	0.04299	0.01394	0.03524	0.01105	0.01279	0.00855	0.00727	0.00489	0.00240	0.00608	0.00429	0.00489	0.00855
55	0.01464	0.01378	0.02326	0.70887	0.05340	0.01723	0.02153	0.01981	0.01550	0.01981	0.01378	0.02067	0.01034	0.00775	0.00775	0.00258	0.01034	0.00689	0.00345	0.00861
56	0.01703	0.11392	0.54858	0.02140	0.03186	0.01981	0.05579	0.05986	0.01753	0.02525	0.01392	0.01628	0.01012	0.00736	0.00721	0.00237	0.01102	0.00579	0.00356	0.01134
57	0.16354	0.01853	0.01895	0.14026	0.02608	0.10459	0.01375	0.16498	0.07513	0.13606	0.01957	0.05225	0.01499	0.00932	0.00723	0.00242	0.00840	0.00718	0.00623	0.01055
58	0.00923	0.00780	0.00798	0.00804	0.01054	0.00656	0.00599	0.01121	0.01766	0.02117	0.09348	0.10440	0.63004	0.01975	0.00920	0.00264	0.00395	0.01656	0.00724	0.00656
59	0.06667	0.01467	0.01790	0.01415	0.01973	0.01429	0.01157	0.12729	0.10043	0.45145	0.02775	0.02501	0.01836	0.00952	0.00755	0.00239	0.00666	0.00760	0.04442	0.01258
60	0.01766	0.02024	0.05883	0.13209	0.03740	0.05723	0.38766	0.02297	0.01704	0.02272	0.01570	0.05277	0.01304	0.00855	0.01084	0.00269	0.10020	0.00876	0.00392	0.00969
61	0.02257	0.01660	0.01814	0.01567	0.02047	0.01854	0.01237	0.09759	0.50966	0.13237	0.03021	0.02759	0.02202	0.01027	0.00786	0.00257	0.00643	0.00845	0.00813	0.01250
62	0.04737	0.07138	0.62930	0.02120	0.03216	0.01857	0.02710	0.02442	0.01621	0.02468	0.01364	0.01603	0.00977	0.00733	0.00715	0.00242	0.01109	0.00559	0.00334	0.01126
63	0.01863	0.02098	0.03736	0.05197	0.03466	0.08470	0.42946	0.02362	0.01726	0.02279	0.01523	0.04474	0.01268	0.00864	0.01189	0.00272	0.14030	0.00871	0.00393	0.00974
64	0.01540	0.01508	0.02552	0.44203	0.04262	0.01854	0.09653	0.01979	0.01500	0.02016	0.01439	0.04877	0.01216	0.00960	0.01201	0.00279	0.16948	0.00777	0.00365	0.00871
65	0.00926	0.00778	0.00804	0.00814	0.01057	0.00656	0.00604	0.01125	0.01765	0.02128	0.10065	0.11861	0.60808	0.01980	0.00921	0.00265	0.00396	0.01666	0.00725	0.00656
66	0.03005	0.01885	0.02126	0.01651	0.02249	0.02004	0.01357	0.42388	0.08951	0.22689	0.02317	0.02175	0.01583	0.00950	0.00778	0.00237	0.00777	0.00737	0.00829	0.01311
67	0.02564	0.01700	0.02035	0.01656	0.02185	0.04145	0.05632	0.12225	0.28551	0.24103	0.04828	0.02654	0.02107	0.00986	0.00794	0.00248	0.00730	0.00827	0.00802	0.01229
68	0.09551	0.04707	0.01875	0.01395	0.01961	0.01475	0.01154	0.10664	0.07566	0.44769	0.04989	0.02502	0.01946	0.00952	0.00746	0.00238	0.00670	0.00753	0.00851	0.01235
69	0.01217	0.00816	0.01071	0.01001	0.01200	0.00749	0.00753	0.01570	0.02167	0.06510	0.61501	0.08363	0.06941	0.01587	0.00910	0.00247	0.00385	0.01402	0.00854	0.00758
70	0.02038	0.40921	0.23717	0.01712	0.02524	0.02428	0.05368	0.02515	0.01672	0.08594	0.01396	0.01549	0.01092	0.00714	0.00622	0.00203	0.00937	0.00527	0.00395	0.01076
71	0.05919	0.09588	0.59579	0.02070	0.03138	0.01902	0.02624	0.02435	0.01614	0.02461	0.01348	0.01583	0.00975	0.00730	0.00702	0.00239	0.01089	0.00551	0.00336	0.01116
72	0.01300	0.00674	0.00997	0.01018	0.01023	0.00668	0.00679	0.01018	0.01065	0.01420	0.01685	0.10440	0.01784	0.02663	0.02794	0.68521	0.00648	0.00850	0.00381	0.00371
73	0.01837	0.01916	0.06603	0.12771	0.52298	0.01833	0.06703	0.02341	0.01736	0.02457	0.01452	0.01935	0.01187	0.00701	0.00777	0.00237	0.00974	0.00700	0.00377	0.01165
74	0.03036	0.01246	0.01673	0.01321	0.01847	0.01101	0.01076	0.03413	0.04488	0.55488	0.13574	0.03162	0.02815	0.01065	0.00802	0.00241	0.00610	0.00885	0.00936	0.01220
75	0.02759	0.02033	0.02192	0.01713	0.02308	0.02233	0.01402	0.51290	0.13134	0.06832	0.02084	0.02037	0.01494	0.00937	0.00770	0.00233	0.00799	0.00719	0.00772	0.04259
76	0.01728	0.01184	0.05921	0.01196	0.01546	0.00963	0.01002	0.04910	0.02165	0.17547	0.40056	0.10519	0.05215	0.01433	0.00873	0.00249	0.00514	0.01246	0.00825	0.00908
77	0.06030	0.01915	0.09590	0.01734	0.02352	0.01732	0.06904	0.10605	0.24599	0.22335	0.02546	0.02414	0.01786	0.00926	0.00775	0.00250	0.00774	0.00776	0.00737	0.01222
78	0.01957	0.22275	0.28428	0.01977	0.08329	0.02036	0.01952	0.02648	0.07267	0.10022	0.01950	0.02042	0.04259	0.00821	0.00691	0.00224	0.00902	0.00638	0.00465	0.01116
79	0.01233	0.00821	0.00980	0.00992	0.01086	0.00799	0.00648	0.04284	0.01512	0.04556	0.07801	0.26624	0.07184	0.35281	0.02352	0.00506	0.00610	0.01486	0.00623	0.00622
80	0.05858	0.03456	0.54644	0.02098	0.03083	0.01718	0.06836	0.02333	0.01588	0.02433	0.01477	0.01943	0.01146	0.06940	0.01011	0.00290	0.01092	0.00636	0.00353	0.01063
81	0.02278	0.02080	0.10630	0.23935	0.11142	0.07420	0.01909	0.13267	0.02122	0.15054	0.01771	0.02012	0.01262	0.00823	0.00764	0.00241	0.00964	0.00677	0.00540	0.01107

[dist]
# distance from previous block
# <min> <max>
5	17

# created by:
# /st0/software/busco_prod/Augustus/scripts/msa2prfl.pl ./align_prep/121198.fa
