[name]
unknown

[dist]
# distance from previous block
# <min> <max>
6	73

[block]
# block no. 0 follows, 24 sequences, length 8
# corresponding to MSA columns:
# 73-80
name=unknown_A
#
# <colnr> <probs for GDERKNQSTAVLIFYWHMCP>
#	G	D	E	R	K	N	Q	S	T	A	V	L	I	F	Y	W	H	M	C	P
0	0.01516	0.00878	0.01133	0.01070	0.01298	0.00795	0.00790	0.01783	0.01969	0.14498	0.31044	0.20375	0.11300	0.06496	0.01137	0.00302	0.00478	0.01508	0.00822	0.00809
1	0.64281	0.01657	0.01384	0.01184	0.01700	0.01901	0.00976	0.13531	0.01778	0.03817	0.01248	0.01399	0.00947	0.00775	0.00545	0.00244	0.00660	0.00481	0.00545	0.00947
2	0.01005	0.00719	0.00896	0.01020	0.01079	0.00674	0.00666	0.01119	0.01467	0.01928	0.04332	0.50292	0.11060	0.17890	0.01675	0.00416	0.00523	0.01950	0.00679	0.00610
3	0.57052	0.01614	0.01434	0.01207	0.01735	0.01804	0.00996	0.11911	0.01825	0.11915	0.01482	0.01560	0.01073	0.00800	0.00575	0.00244	0.00660	0.00519	0.00599	0.00995
4	0.01710	0.00964	0.01197	0.01085	0.01378	0.00874	0.00820	0.02049	0.04578	0.18906	0.22816	0.13009	0.18940	0.06670	0.01127	0.00299	0.00505	0.01383	0.00822	0.00870
5	0.10910	0.00895	0.01072	0.01051	0.01258	0.00870	0.00778	0.01607	0.01939	0.05883	0.38956	0.22624	0.05795	0.01709	0.00893	0.00268	0.00441	0.01495	0.00793	0.00762
6	0.08630	0.01269	0.01654	0.01312	0.01842	0.01138	0.01070	0.03338	0.02197	0.51721	0.14076	0.03157	0.02844	0.01075	0.00799	0.00246	0.00618	0.00881	0.00926	0.01208
7	0.01554	0.00869	0.01124	0.01116	0.01297	0.00803	0.00800	0.01738	0.01696	0.15074	0.10196	0.30560	0.06753	0.16690	0.01600	0.00394	0.00575	0.05650	0.00744	0.00767

[dist]
# distance from previous block
# <min> <max>
0	2

[block]
# block no. 1 follows, 24 sequences, length 8
# corresponding to MSA columns:
# 83-90
name=unknown_B
#
# <colnr> <probs for GDERKNQSTAVLIFYWHMCP>
#	G	D	E	R	K	N	Q	S	T	A	V	L	I	F	Y	W	H	M	C	P
0	0.25669	0.01830	0.01899	0.01501	0.02088	0.01981	0.01239	0.32950	0.02702	0.17823	0.01921	0.01886	0.01331	0.00893	0.00703	0.00242	0.00753	0.00646	0.00742	0.01201
1	0.01232	0.00945	0.01152	0.01176	0.01355	0.00960	0.00850	0.01895	0.15341	0.02691	0.25383	0.34728	0.05410	0.01893	0.00943	0.00286	0.00466	0.01688	0.00798	0.00809
2	0.01651	0.11952	0.60704	0.02157	0.03272	0.01990	0.02750	0.02496	0.01667	0.02437	0.01386	0.01628	0.01006	0.00745	0.00725	0.00242	0.01135	0.00567	0.00335	0.01154
3	0.06392	0.00761	0.00947	0.01038	0.01130	0.00748	0.00715	0.01283	0.01472	0.02179	0.07094	0.41470	0.03954	0.02186	0.01327	0.15251	0.00500	0.01601	0.09336	0.00617
4	0.00970	0.00722	0.00905	0.01033	0.01136	0.00656	0.00709	0.01137	0.01628	0.02126	0.09297	0.53719	0.18417	0.02326	0.00991	0.00306	0.00442	0.02077	0.00745	0.00656
5	0.14190	0.08102	0.01667	0.01266	0.01616	0.12873	0.00971	0.02355	0.01744	0.14970	0.09012	0.03057	0.02337	0.17882	0.01580	0.03322	0.00800	0.00805	0.00592	0.00857
6	0.01429	0.00883	0.01313	0.18583	0.02137	0.00972	0.01046	0.01458	0.01307	0.01876	0.01641	0.02450	0.01434	0.01868	0.01974	0.41195	0.00715	0.00703	0.16449	0.00564
7	0.00984	0.00729	0.00906	0.01018	0.01122	0.00666	0.00696	0.01150	0.01628	0.02131	0.10858	0.48500	0.18353	0.05945	0.01147	0.00327	0.00456	0.01998	0.00736	0.00651

[dist]
# distance from previous block
# <min> <max>
6	12

[block]
# block no. 2 follows, 24 sequences, length 22
# corresponding to MSA columns:
# 103-124
name=unknown_C
#
# <colnr> <probs for GDERKNQSTAVLIFYWHMCP>
#	G	D	E	R	K	N	Q	S	T	A	V	L	I	F	Y	W	H	M	C	P
0	0.22633	0.01684	0.02291	0.32808	0.15573	0.05242	0.04472	0.02265	0.01607	0.02569	0.01340	0.01825	0.01044	0.00757	0.00710	0.00251	0.00945	0.00629	0.00403	0.00954
1	0.01835	0.01401	0.01594	0.01282	0.01832	0.01286	0.01012	0.02732	0.20871	0.09274	0.05769	0.02960	0.08772	0.00967	0.00726	0.00197	0.00579	0.00799	0.00667	0.35443
2	0.01074	0.00822	0.01114	0.08272	0.01637	0.00827	0.00907	0.01363	0.04481	0.02151	0.07601	0.55017	0.07381	0.02178	0.00973	0.00307	0.00522	0.01963	0.00707	0.00703
3	0.02507	0.02916	0.02585	0.03055	0.26076	0.38905	0.01854	0.02911	0.05254	0.02247	0.01418	0.01712	0.01178	0.00808	0.00806	0.00224	0.03459	0.00608	0.00421	0.01058
4	0.01649	0.03755	0.57877	0.02668	0.13413	0.01848	0.02852	0.02499	0.01695	0.02524	0.01434	0.01719	0.01044	0.00746	0.00758	0.00249	0.01136	0.00605	0.00344	0.01185
5	0.01242	0.00837	0.01098	0.01018	0.01226	0.00769	0.00769	0.01613	0.02246	0.06357	0.63635	0.05765	0.07211	0.01590	0.00928	0.00249	0.00389	0.01403	0.00878	0.00778
6	0.00983	0.00704	0.00908	0.01064	0.01118	0.00658	0.00704	0.01111	0.01498	0.01983	0.04389	0.61559	0.08410	0.09302	0.01305	0.00363	0.00487	0.02114	0.00711	0.00629
7	0.01153	0.00769	0.00865	0.00865	0.00865	0.00769	0.00480	0.01153	0.01153	0.01538	0.02499	0.05189	0.02883	0.72131	0.04036	0.00769	0.00769	0.01153	0.00480	0.00480
8	0.01153	0.00769	0.00865	0.00865	0.00865	0.00769	0.00480	0.01153	0.01153	0.01538	0.02499	0.05189	0.02883	0.72131	0.04036	0.00769	0.00769	0.01153	0.00480	0.00480
9	0.01644	0.01409	0.01644	0.01175	0.01879	0.01057	0.00940	0.01997	0.01644	0.02584	0.01409	0.01644	0.01175	0.00587	0.00587	0.00117	0.00587	0.00470	0.00470	0.76979
10	0.02685	0.01995	0.02139	0.01694	0.02254	0.02210	0.01381	0.49176	0.12625	0.04550	0.05302	0.02313	0.01843	0.01001	0.00789	0.00240	0.00785	0.00777	0.04970	0.01272
11	0.01701	0.08453	0.41269	0.02275	0.10314	0.01817	0.02335	0.02486	0.04766	0.02523	0.01491	0.01734	0.01132	0.00730	0.00713	0.00221	0.00995	0.00583	0.00388	0.14075
12	0.01222	0.00987	0.01356	0.01245	0.01520	0.00922	0.05341	0.01669	0.05493	0.02710	0.30329	0.09767	0.18149	0.01698	0.00944	0.00272	0.00533	0.11079	0.00760	0.04003
13	0.06939	0.01421	0.01722	0.01408	0.01924	0.01405	0.01135	0.06793	0.17188	0.37614	0.10988	0.03046	0.02672	0.01069	0.00800	0.00251	0.00633	0.00876	0.00890	0.01225
14	0.01478	0.00739	0.00739	0.00739	0.00924	0.00739	0.00554	0.01848	0.01663	0.02956	0.02587	0.02956	0.02033	0.00924	0.00554	0.00185	0.00370	0.00739	0.76534	0.00739
15	0.01265	0.00968	0.01185	0.01145	0.01371	0.00968	0.00874	0.01945	0.13486	0.02993	0.42292	0.11134	0.09014	0.01660	0.00932	0.00269	0.00457	0.06384	0.00832	0.00825
16	0.01604	0.04008	0.64987	0.02312	0.03466	0.01849	0.05871	0.02513	0.01684	0.02513	0.01432	0.01696	0.01014	0.00749	0.00762	0.00252	0.01180	0.00603	0.00338	0.01167
17	0.01817	0.01699	0.02396	0.05344	0.02242	0.02332	0.01728	0.02014	0.01286	0.05287	0.01166	0.01803	0.01089	0.01338	0.02422	0.00338	0.63726	0.00700	0.00380	0.00893
18	0.00977	0.00746	0.00877	0.00963	0.01099	0.00669	0.00665	0.01141	0.01639	0.02090	0.08770	0.38199	0.29250	0.07641	0.01213	0.00332	0.00457	0.01901	0.00723	0.00647
19	0.01113	0.00764	0.00927	0.00960	0.00993	0.00765	0.00596	0.01188	0.01295	0.01751	0.06250	0.18085	0.03503	0.48108	0.09728	0.00704	0.00822	0.01355	0.00546	0.00550
20	0.02425	0.02045	0.02289	0.10974	0.02789	0.08497	0.04551	0.24341	0.20312	0.06731	0.02147	0.02224	0.01586	0.00962	0.00887	0.00254	0.04377	0.00758	0.00670	0.01182
21	0.01803	0.01475	0.01826	0.03755	0.02127	0.01211	0.03413	0.04418	0.04434	0.05859	0.01594	0.01795	0.01268	0.00650	0.00634	0.00145	0.00648	0.00538	0.00514	0.61892

[dist]
# distance from previous block
# <min> <max>
1	4

[block]
# block no. 3 follows, 24 sequences, length 79
# corresponding to MSA columns:
# 129-155,163-195,219,220,249-265
name=unknown_D
#
# <colnr> <probs for GDERKNQSTAVLIFYWHMCP>
#	G	D	E	R	K	N	Q	S	T	A	V	L	I	F	Y	W	H	M	C	P
0	0.02020	0.01480	0.01999	0.07516	0.02401	0.01354	0.06546	0.05508	0.08712	0.13490	0.05143	0.04554	0.01872	0.00858	0.00733	0.00199	0.00710	0.00746	0.00617	0.33540
1	0.01704	0.01575	0.01912	0.03529	0.01921	0.07753	0.04147	0.07070	0.01605	0.02180	0.01952	0.10800	0.02000	0.13959	0.07720	0.00462	0.25122	0.00969	0.02808	0.00812
2	0.02407	0.01865	0.02053	0.01548	0.02204	0.01862	0.01263	0.36272	0.05485	0.03934	0.01756	0.01842	0.01322	0.00807	0.00709	0.00190	0.00745	0.00621	0.00661	0.32453
3	0.01487	0.00774	0.00799	0.00786	0.00965	0.00799	0.00596	0.01850	0.01647	0.02919	0.02532	0.02913	0.01998	0.00940	0.00627	0.00190	0.02850	0.00738	0.73845	0.00744
4	0.01547	0.00999	0.01202	0.01103	0.01346	0.00946	0.00792	0.06555	0.01743	0.07947	0.07799	0.20758	0.03295	0.18727	0.04442	0.00411	0.00656	0.01247	0.07796	0.10688
5	0.01478	0.00739	0.00739	0.00739	0.00924	0.00739	0.00554	0.01848	0.01663	0.02956	0.02587	0.02956	0.02033	0.00924	0.00554	0.00185	0.00370	0.00739	0.76534	0.00739
6	0.01915	0.01513	0.01771	0.04580	0.02108	0.01326	0.01086	0.11593	0.04067	0.05625	0.01662	0.01942	0.01341	0.03694	0.00789	0.00180	0.00666	0.00574	0.00546	0.53022
7	0.00988	0.00703	0.00934	0.01110	0.01160	0.00661	0.00750	0.01131	0.01517	0.02020	0.04284	0.65988	0.05114	0.05407	0.01143	0.00343	0.00485	0.04895	0.00725	0.00641
8	0.01759	0.01432	0.01666	0.01223	0.01901	0.01140	0.00977	0.02270	0.07150	0.05585	0.01642	0.01804	0.01317	0.00647	0.00616	0.00136	0.00595	0.00521	0.00522	0.67099
9	0.01735	0.01735	0.02429	0.02082	0.02082	0.02429	0.01735	0.01908	0.01214	0.01908	0.01041	0.01735	0.01041	0.01388	0.02602	0.00347	0.70680	0.00694	0.00347	0.00867
10	0.74274	0.01637	0.01216	0.01089	0.01576	0.04886	0.00890	0.02370	0.01391	0.03483	0.01110	0.01295	0.00866	0.00740	0.00501	0.00243	0.00651	0.00433	0.00487	0.00862
11	0.01192	0.00949	0.01359	0.01429	0.06947	0.00884	0.03586	0.01542	0.02051	0.02832	0.42830	0.12188	0.13833	0.01655	0.00936	0.00262	0.00487	0.03476	0.00777	0.00785
12	0.01824	0.10999	0.46395	0.02418	0.08671	0.08478	0.05502	0.02555	0.01744	0.02396	0.01385	0.01655	0.01038	0.00744	0.00735	0.00237	0.01151	0.00589	0.00351	0.01134
13	0.01972	0.01703	0.01793	0.01614	0.02062	0.01972	0.01255	0.04214	0.65752	0.03317	0.03228	0.02959	0.02421	0.01076	0.00807	0.00269	0.00628	0.00897	0.00807	0.01255
14	0.02880	0.02141	0.02308	0.01761	0.02402	0.02322	0.01452	0.58401	0.03524	0.04761	0.01855	0.01878	0.01331	0.00916	0.00773	0.00226	0.00845	0.00690	0.00762	0.08773
15	0.01156	0.00778	0.00902	0.00926	0.00943	0.00776	0.00559	0.01193	0.01226	0.01629	0.02722	0.08285	0.03125	0.63246	0.03659	0.00716	0.00753	0.06385	0.00513	0.00509
16	0.02571	0.01916	0.02091	0.01699	0.02236	0.02137	0.01375	0.38968	0.21610	0.06846	0.02361	0.02349	0.01742	0.01416	0.06624	0.00336	0.00900	0.00782	0.00774	0.01267
17	0.01517	0.01417	0.02332	0.62270	0.05034	0.01787	0.02112	0.02011	0.01556	0.02045	0.01414	0.02108	0.01086	0.00848	0.00940	0.00269	0.06984	0.00705	0.02691	0.00875
18	0.00966	0.00690	0.00920	0.01104	0.01150	0.00644	0.00736	0.01104	0.01518	0.02024	0.04371	0.71614	0.05245	0.02484	0.01012	0.00322	0.00460	0.02254	0.00736	0.00644
19	0.00966	0.00690	0.00920	0.01104	0.01150	0.00644	0.00736	0.01104	0.01518	0.02024	0.04371	0.71614	0.05245	0.02484	0.01012	0.00322	0.00460	0.02254	0.00736	0.00644
20	0.07640	0.01881	0.11222	0.33372	0.03900	0.01846	0.07305	0.05012	0.01679	0.02447	0.03597	0.02088	0.01304	0.00888	0.01006	0.00268	0.09984	0.00711	0.02902	0.00945
21	0.01606	0.01523	0.02113	0.03806	0.01971	0.02062	0.01526	0.01801	0.01273	0.01946	0.01575	0.02328	0.04026	0.05154	0.07791	0.00429	0.53604	0.00772	0.03872	0.00822
22	0.00950	0.00753	0.00856	0.00938	0.01107	0.00658	0.00662	0.01123	0.01678	0.02089	0.06391	0.36319	0.39235	0.02222	0.00971	0.00292	0.00428	0.01934	0.00736	0.00658
23	0.00979	0.00699	0.00935	0.01119	0.01171	0.00655	0.00759	0.01127	0.01531	0.02039	0.04363	0.69003	0.05216	0.02472	0.01016	0.00324	0.00471	0.04737	0.00736	0.00648
24	0.03014	0.02221	0.02380	0.01825	0.02459	0.02459	0.01507	0.64541	0.03728	0.04998	0.01904	0.01904	0.01349	0.00952	0.00793	0.00238	0.00873	0.00714	0.00793	0.01349
25	0.03316	0.01349	0.01797	0.01405	0.01985	0.01205	0.01151	0.03771	0.07022	0.59655	0.06345	0.02881	0.02276	0.01021	0.00805	0.00247	0.00656	0.00837	0.00963	0.01312
26	0.02531	0.01861	0.02100	0.10704	0.02601	0.02079	0.01440	0.43993	0.05703	0.04216	0.02000	0.02139	0.01461	0.00932	0.00757	0.00234	0.00809	0.00724	0.12528	0.01188
27	0.02539	0.01887	0.02055	0.01647	0.02164	0.02071	0.01336	0.46161	0.08933	0.04365	0.09947	0.02901	0.02376	0.04487	0.00978	0.00272	0.00780	0.03111	0.00787	0.01203
28	0.02921	0.02175	0.02327	0.01806	0.02423	0.02415	0.01485	0.59119	0.09303	0.04847	0.02023	0.01999	0.01445	0.00963	0.00794	0.00241	0.00851	0.00730	0.00794	0.01340
29	0.00966	0.00690	0.00920	0.01104	0.01150	0.00644	0.00736	0.01104	0.01518	0.02024	0.04371	0.71614	0.05245	0.02484	0.01012	0.00322	0.00460	0.02254	0.00736	0.00644
30	0.02111	0.63937	0.09448	0.01462	0.02170	0.05808	0.01497	0.02419	0.01643	0.01923	0.01135	0.01313	0.01017	0.00691	0.00538	0.00178	0.00900	0.00441	0.00342	0.01026
31	0.01001	0.00716	0.00955	0.01107	0.01178	0.00671	0.00763	0.01181	0.01628	0.02193	0.12556	0.60011	0.05506	0.02357	0.01006	0.00315	0.00462	0.04977	0.00754	0.00662
32	0.01478	0.00739	0.00739	0.00739	0.00924	0.00739	0.00554	0.01848	0.01663	0.02956	0.02587	0.02956	0.02033	0.00924	0.00554	0.00185	0.00370	0.00739	0.76534	0.00739
33	0.01050	0.00792	0.00970	0.00958	0.01148	0.00712	0.00706	0.01344	0.02025	0.02735	0.41992	0.15200	0.23779	0.01845	0.00946	0.00264	0.00393	0.01611	0.00816	0.00712
34	0.01153	0.00769	0.00865	0.00865	0.00865	0.00769	0.00480	0.01153	0.01153	0.01538	0.02499	0.05189	0.02883	0.72131	0.04036	0.00769	0.00769	0.01153	0.00480	0.00480
35	0.03282	0.01867	0.02105	0.01630	0.02243	0.05170	0.01339	0.31301	0.02929	0.36012	0.02478	0.02275	0.01637	0.00960	0.00791	0.00240	0.00802	0.00745	0.00867	0.01327
36	0.01153	0.00769	0.00865	0.00865	0.00865	0.00769	0.00480	0.01153	0.01153	0.01538	0.02499	0.05189	0.02883	0.72131	0.04036	0.00769	0.00769	0.01153	0.00480	0.00480
37	0.02834	0.02131	0.02278	0.01788	0.02390	0.02375	0.01464	0.54083	0.14481	0.04706	0.02133	0.02087	0.01534	0.00973	0.00796	0.00243	0.00830	0.00746	0.00796	0.01332
38	0.02775	0.03500	0.05051	0.02046	0.02454	0.55812	0.01612	0.05933	0.02183	0.02107	0.01247	0.01496	0.01038	0.00882	0.00923	0.00223	0.08814	0.00543	0.00417	0.00945
39	0.01575	0.01113	0.01651	0.01609	0.01899	0.01103	0.06902	0.02103	0.07307	0.08460	0.03797	0.12439	0.03895	0.01871	0.01022	0.00333	0.00749	0.40587	0.00731	0.00856
40	0.02097	0.46463	0.20073	0.01654	0.02442	0.05533	0.01775	0.07670	0.01832	0.02295	0.01256	0.01434	0.01042	0.00726	0.00603	0.00197	0.00957	0.00493	0.00379	0.01080
41	0.00981	0.00701	0.00937	0.01121	0.01174	0.00657	0.00762	0.01130	0.01533	0.02041	0.04362	0.68637	0.05212	0.02470	0.01016	0.00324	0.00473	0.05085	0.00736	0.00648
42	0.02511	0.01735	0.01842	0.01469	0.01956	0.01895	0.01195	0.43991	0.03051	0.04329	0.02128	0.02249	0.01573	0.00943	0.00715	0.00221	0.00708	0.00722	0.25620	0.01149
43	0.01519	0.01431	0.02417	0.67227	0.08294	0.01767	0.02213	0.02045	0.01596	0.02052	0.01413	0.02107	0.01066	0.00789	0.00792	0.00263	0.01052	0.00705	0.00354	0.00898
44	0.03558	0.01350	0.01840	0.01411	0.02024	0.01166	0.01166	0.03865	0.02270	0.67734	0.03128	0.02699	0.01963	0.00981	0.00797	0.00245	0.00675	0.00797	0.00981	0.01350
45	0.01092	0.00805	0.01022	0.00978	0.01169	0.00734	0.00729	0.01435	0.02159	0.03000	0.56714	0.08914	0.14886	0.01706	0.00939	0.00255	0.00381	0.01499	0.00850	0.00734
46	0.00973	0.00696	0.00926	0.01099	0.01152	0.00649	0.00737	0.01122	0.01551	0.02076	0.07184	0.68651	0.05346	0.02445	0.01009	0.00319	0.00456	0.02217	0.00742	0.00649
47	0.02018	0.01028	0.01412	0.01414	0.04546	0.00951	0.01002	0.02301	0.03651	0.26638	0.03633	0.37380	0.03596	0.01968	0.04194	0.00334	0.00648	0.01532	0.00799	0.00957
48	0.00966	0.00690	0.00920	0.01104	0.01150	0.00644	0.00736	0.01104	0.01518	0.02024	0.04371	0.71614	0.05245	0.02484	0.01012	0.00322	0.00460	0.02254	0.00736	0.00644
49	0.01672	0.01663	0.02519	0.07942	0.02493	0.02205	0.07233	0.01930	0.01310	0.01968	0.01220	0.01928	0.01142	0.01685	0.08295	0.00417	0.52418	0.00730	0.00359	0.00872
50	0.05171	0.02052	0.05367	0.14386	0.08480	0.06975	0.05997	0.23334	0.05413	0.08800	0.01853	0.02058	0.01353	0.00863	0.00774	0.00242	0.00938	0.00712	0.04084	0.01147
51	0.01666	0.01628	0.02902	0.44635	0.20902	0.01826	0.10666	0.02199	0.01680	0.02239	0.01457	0.02079	0.01127	0.00754	0.00810	0.00257	0.01066	0.00736	0.00369	0.01001
52	0.74078	0.01550	0.01265	0.01227	0.04700	0.01784	0.00935	0.02336	0.01372	0.03511	0.01123	0.01321	0.00878	0.00735	0.00505	0.00245	0.00629	0.00443	0.00486	0.00878
53	0.01114	0.00845	0.01031	0.00986	0.01198	0.00782	0.00739	0.01526	0.04986	0.02915	0.48671	0.08573	0.20258	0.01714	0.00933	0.00257	0.00395	0.01493	0.00835	0.00750
54	0.01924	0.01293	0.01542	0.04764	0.01903	0.01301	0.01069	0.02880	0.22885	0.15704	0.16745	0.03946	0.11287	0.01228	0.00827	0.00246	0.00574	0.01037	0.00792	0.08053
55	0.01048	0.00812	0.00957	0.00932	0.01154	0.00721	0.00707	0.01346	0.02036	0.02693	0.38493	0.06796	0.33278	0.01814	0.00943	0.00262	0.00401	0.04085	0.00807	0.00713
56	0.01498	0.01409	0.02378	0.70226	0.05462	0.01762	0.02202	0.02026	0.01586	0.02026	0.01409	0.02114	0.01057	0.00793	0.00793	0.00264	0.01057	0.00705	0.00352	0.00881
57	0.01100	0.00810	0.01029	0.00974	0.01171	0.00739	0.00731	0.01453	0.02192	0.03055	0.59676	0.06130	0.14651	0.01668	0.00936	0.00252	0.00377	0.01463	0.00856	0.00739
58	0.00990	0.00709	0.00942	0.01088	0.01156	0.00660	0.00738	0.01165	0.01631	0.02203	0.14024	0.61451	0.05591	0.02351	0.01000	0.00311	0.00447	0.02127	0.00757	0.00660
59	0.04021	0.01527	0.01653	0.01457	0.01872	0.01700	0.01140	0.09578	0.40493	0.06160	0.14702	0.03342	0.03166	0.01144	0.00809	0.00257	0.00595	0.00953	0.04291	0.01141
60	0.02075	0.66755	0.09612	0.01434	0.02155	0.03027	0.01491	0.02386	0.01617	0.01921	0.01130	0.01306	0.01017	0.00685	0.00530	0.00177	0.00876	0.00438	0.00339	0.01031
61	0.01738	0.01845	0.08284	0.22865	0.35593	0.01764	0.02258	0.02330	0.04446	0.02434	0.01774	0.02637	0.01518	0.00881	0.00813	0.00258	0.00963	0.06079	0.00423	0.01096
62	0.02085	0.50722	0.06887	0.01832	0.07758	0.04603	0.04156	0.05007	0.01759	0.02170	0.03525	0.01596	0.01288	0.00755	0.00659	0.00195	0.03037	0.00536	0.00386	0.01045
63	0.01289	0.01100	0.01358	0.01340	0.01504	0.06797	0.01037	0.01566	0.01358	0.01849	0.02047	0.02971	0.01900	0.05509	0.63156	0.01183	0.02065	0.00821	0.00423	0.00726
64	0.02156	0.01436	0.01694	0.01506	0.01918	0.01505	0.01242	0.18505	0.13383	0.13049	0.08790	0.04865	0.05835	0.01445	0.00904	0.00284	0.00697	0.18908	0.00810	0.01070
65	0.02933	0.04441	0.01899	0.01443	0.01978	0.01452	0.01176	0.12904	0.07777	0.40856	0.06040	0.08751	0.02421	0.01135	0.00811	0.00250	0.00675	0.00936	0.00884	0.01236
66	0.00989	0.00849	0.00853	0.00844	0.01121	0.00735	0.00635	0.01293	0.05033	0.02201	0.07791	0.07396	0.63613	0.01961	0.00931	0.00268	0.00413	0.01634	0.00740	0.00699
67	0.02127	0.05173	0.01954	0.01599	0.02042	0.04847	0.01272	0.12993	0.42093	0.03351	0.02684	0.02596	0.02034	0.01028	0.00848	0.00253	0.03902	0.00807	0.07214	0.01182
68	0.77733	0.01534	0.01166	0.01043	0.01534	0.01779	0.00859	0.02331	0.01350	0.03558	0.01104	0.01288	0.00859	0.00736	0.00491	0.00245	0.00613	0.00429	0.00491	0.00859
69	0.03014	0.02221	0.02380	0.01825	0.02459	0.02459	0.01507	0.64541	0.03728	0.04998	0.01904	0.01904	0.01349	0.00952	0.00793	0.00238	0.00873	0.00714	0.00793	0.01349
70	0.01875	0.02128	0.04618	0.03406	0.06796	0.02000	0.61702	0.02536	0.01869	0.02542	0.01600	0.02132	0.01205	0.00670	0.00929	0.00266	0.01320	0.00926	0.00401	0.01077
71	0.00946	0.00804	0.00816	0.00813	0.01077	0.00673	0.00610	0.01155	0.01829	0.02192	0.10866	0.07549	0.63999	0.01990	0.00937	0.00267	0.00400	0.01662	0.00743	0.00673
72	0.68063	0.01552	0.01258	0.01087	0.01602	0.01746	0.00893	0.04941	0.01476	0.03536	0.01164	0.01345	0.00907	0.00733	0.00512	0.00234	0.00622	0.00445	0.00502	0.07383
73	0.02037	0.01161	0.01448	0.01227	0.01615	0.01100	0.00966	0.05513	0.09452	0.22143	0.32661	0.04344	0.07206	0.01313	0.00859	0.00245	0.00525	0.01122	0.00871	0.04192
74	0.00977	0.00705	0.00926	0.01082	0.01149	0.00653	0.00731	0.01137	0.01589	0.02121	0.09460	0.63475	0.08271	0.02394	0.01003	0.00314	0.00451	0.02163	0.00747	0.00653
75	0.01438	0.01329	0.02190	0.58337	0.04757	0.01644	0.01991	0.01901	0.01561	0.02021	0.01780	0.11170	0.01603	0.01039	0.00898	0.00275	0.03908	0.00907	0.00402	0.00849
76	0.08318	0.01748	0.02897	0.20568	0.43746	0.01850	0.04827	0.02329	0.01715	0.02532	0.01443	0.01950	0.01171	0.00729	0.00768	0.00245	0.00959	0.00692	0.00391	0.01122
77	0.03535	0.01386	0.01863	0.01428	0.02042	0.01219	0.01180	0.06388	0.02330	0.65125	0.03078	0.02666	0.01937	0.00980	0.00797	0.00245	0.00683	0.00794	0.00974	0.01349
78	0.77733	0.01534	0.01166	0.01043	0.01534	0.01779	0.00859	0.02331	0.01350	0.03558	0.01104	0.01288	0.00859	0.00736	0.00491	0.00245	0.00613	0.00429	0.00491	0.00859

[dist]
# distance from previous block
# <min> <max>
0	10

[block]
# block no. 4 follows, 24 sequences, length 8
# corresponding to MSA columns:
# 277-284
name=unknown_E
#
# <colnr> <probs for GDERKNQSTAVLIFYWHMCP>
#	G	D	E	R	K	N	Q	S	T	A	V	L	I	F	Y	W	H	M	C	P
0	0.00960	0.00804	0.00834	0.00827	0.01085	0.00679	0.00620	0.01182	0.01861	0.02268	0.15164	0.07424	0.59654	0.01961	0.00937	0.00266	0.00398	0.01645	0.00753	0.00679
1	0.01747	0.01083	0.01074	0.04031	0.01382	0.05614	0.00791	0.04826	0.01807	0.06390	0.02418	0.02760	0.01883	0.01148	0.03772	0.00246	0.00594	0.00729	0.56891	0.00817
2	0.01320	0.00854	0.01123	0.01031	0.01253	0.00782	0.00782	0.01689	0.02247	0.08427	0.61593	0.05661	0.07034	0.01569	0.00924	0.00249	0.00399	0.01382	0.00882	0.00797
3	0.01498	0.01409	0.02378	0.70226	0.05462	0.01762	0.02202	0.02026	0.01586	0.02026	0.01409	0.02114	0.01057	0.00793	0.00793	0.00264	0.01057	0.00705	0.00352	0.00881
4	0.01723	0.01395	0.01541	0.04131	0.01659	0.07016	0.01111	0.04379	0.01614	0.02493	0.01901	0.02501	0.01618	0.05408	0.01454	0.00279	0.23002	0.00729	0.35236	0.00809
5	0.07809	0.36369	0.19453	0.01606	0.02323	0.09872	0.01682	0.02422	0.01730	0.02274	0.06614	0.01775	0.01536	0.00795	0.00627	0.00206	0.00937	0.00558	0.00402	0.01011
6	0.09757	0.01187	0.01549	0.07722	0.02029	0.01234	0.03313	0.06100	0.05408	0.09511	0.14056	0.14989	0.03749	0.01537	0.00891	0.00287	0.00664	0.14410	0.00718	0.00891
7	0.37665	0.01797	0.01742	0.07205	0.05207	0.05325	0.01255	0.16399	0.07946	0.03590	0.03894	0.01854	0.01394	0.00855	0.00654	0.00245	0.00757	0.00612	0.00581	0.01024

[dist]
# distance from previous block
# <min> <max>
0	3

[block]
# block no. 5 follows, 24 sequences, length 65
# corresponding to MSA columns:
# 288-352
name=unknown_F
#
# <colnr> <probs for GDERKNQSTAVLIFYWHMCP>
#	G	D	E	R	K	N	Q	S	T	A	V	L	I	F	Y	W	H	M	C	P
0	0.02604	0.05904	0.02068	0.01517	0.02071	0.01801	0.01249	0.28484	0.06264	0.18156	0.09652	0.02599	0.02247	0.01222	0.03878	0.00275	0.00789	0.00794	0.00774	0.07653
1	0.01116	0.00812	0.01037	0.00996	0.01178	0.00751	0.00746	0.01453	0.02122	0.02955	0.54907	0.06171	0.12112	0.05889	0.01128	0.00288	0.00417	0.04367	0.00831	0.00725
2	0.01593	0.01391	0.01896	0.01691	0.01797	0.01796	0.01369	0.07017	0.01487	0.02200	0.01762	0.07817	0.01722	0.02779	0.22016	0.00606	0.36047	0.00869	0.03305	0.00838
3	0.01278	0.00913	0.01278	0.01460	0.01643	0.00913	0.01278	0.01643	0.01825	0.02373	0.04199	0.08945	0.04564	0.02191	0.01095	0.00365	0.00730	0.61847	0.00730	0.00730
4	0.01735	0.01735	0.02429	0.02082	0.02082	0.02429	0.01735	0.01908	0.01214	0.01908	0.01041	0.01735	0.01041	0.01388	0.02602	0.00347	0.70680	0.00694	0.00347	0.00867
5	0.01735	0.01735	0.02429	0.02082	0.02082	0.02429	0.01735	0.01908	0.01214	0.01908	0.01041	0.01735	0.01041	0.01388	0.02602	0.00347	0.70680	0.00694	0.00347	0.00867
6	0.01963	0.01884	0.03219	0.04867	0.67185	0.01884	0.02434	0.02434	0.01806	0.02591	0.01492	0.01963	0.01256	0.00707	0.00785	0.00236	0.00942	0.00707	0.00393	0.01256
7	0.01153	0.00769	0.00865	0.00865	0.00865	0.00769	0.00480	0.01153	0.01153	0.01538	0.02499	0.05189	0.02883	0.72131	0.04036	0.00769	0.00769	0.01153	0.00480	0.00480
8	0.03422	0.01320	0.01797	0.01388	0.01978	0.01142	0.01142	0.03733	0.02268	0.64146	0.06665	0.02878	0.02270	0.01017	0.00805	0.00246	0.00658	0.00833	0.00975	0.01316
9	0.01074	0.00773	0.01017	0.01031	0.01174	0.00716	0.00744	0.01375	0.02020	0.02823	0.47472	0.26237	0.06790	0.01888	0.00959	0.00272	0.00401	0.01688	0.00831	0.00716
10	0.01255	0.00840	0.01093	0.01033	0.01243	0.00769	0.00783	0.01604	0.02172	0.06891	0.54528	0.09115	0.10244	0.01666	0.00936	0.00258	0.00410	0.03526	0.00860	0.00774
11	0.02120	0.72609	0.04155	0.01357	0.02035	0.03138	0.01357	0.02374	0.01611	0.01866	0.01102	0.01272	0.01018	0.00678	0.00509	0.00170	0.00848	0.00424	0.00339	0.01018
12	0.59697	0.01761	0.03758	0.05344	0.01955	0.04556	0.01114	0.06657	0.01572	0.03408	0.01192	0.01415	0.00923	0.00781	0.00621	0.00248	0.03120	0.00483	0.00490	0.00908
13	0.01592	0.01471	0.02419	0.63817	0.08312	0.01801	0.02181	0.05007	0.01698	0.02194	0.01437	0.02097	0.01081	0.00796	0.00792	0.00262	0.01043	0.00705	0.00375	0.00921
14	0.01350	0.01176	0.01885	0.10518	0.19794	0.01184	0.04008	0.01659	0.01645	0.02220	0.03284	0.35895	0.06380	0.01688	0.00921	0.00288	0.00707	0.03955	0.00582	0.00861
15	0.00966	0.00690	0.00920	0.01104	0.01150	0.00644	0.00736	0.01104	0.01518	0.02024	0.04371	0.71614	0.05245	0.02484	0.01012	0.00322	0.00460	0.02254	0.00736	0.00644
16	0.00944	0.00804	0.00813	0.00811	0.01075	0.00672	0.00608	0.01151	0.01824	0.02181	0.10225	0.07568	0.64647	0.01994	0.00937	0.00267	0.00401	0.01665	0.00741	0.00672
17	0.02065	0.01838	0.01840	0.01645	0.02098	0.05712	0.01280	0.06339	0.59978	0.03302	0.03068	0.02835	0.02304	0.01057	0.00801	0.00264	0.00681	0.00868	0.00784	0.01240
18	0.77733	0.01534	0.01166	0.01043	0.01534	0.01779	0.00859	0.02331	0.01350	0.03558	0.01104	0.01288	0.00859	0.00736	0.00491	0.00245	0.00613	0.00429	0.00491	0.00859
19	0.03014	0.02221	0.02380	0.01825	0.02459	0.02459	0.01507	0.64541	0.03728	0.04998	0.01904	0.01904	0.01349	0.00952	0.00793	0.00238	0.00873	0.00714	0.00793	0.01349
20	0.00966	0.00690	0.00920	0.01104	0.01150	0.00644	0.00736	0.01104	0.01518	0.02024	0.04371	0.71614	0.05245	0.02484	0.01012	0.00322	0.00460	0.02254	0.00736	0.00644
21	0.02962	0.03779	0.02247	0.02043	0.02451	0.68948	0.01532	0.03166	0.02247	0.01941	0.01226	0.01430	0.01021	0.00817	0.00715	0.00204	0.01430	0.00511	0.00409	0.00919
22	0.01377	0.00689	0.01033	0.01033	0.01033	0.00689	0.00689	0.01033	0.01033	0.01377	0.01377	0.02410	0.01377	0.02755	0.03099	0.76928	0.00689	0.00689	0.00344	0.00344
23	0.01972	0.01703	0.01793	0.01614	0.02062	0.01972	0.01255	0.04214	0.65752	0.03317	0.03228	0.02959	0.02421	0.01076	0.00807	0.00269	0.00628	0.00897	0.00807	0.01255
24	0.01427	0.00881	0.01207	0.01218	0.01402	0.00831	0.03049	0.01724	0.04028	0.10561	0.07384	0.45946	0.04409	0.01987	0.00935	0.00295	0.00523	0.04201	0.07207	0.00788
25	0.02033	0.01736	0.02115	0.01796	0.02291	0.01939	0.08235	0.04012	0.55789	0.06161	0.03043	0.02856	0.02265	0.01026	0.00821	0.00268	0.00708	0.00896	0.00770	0.01239
26	0.09861	0.01365	0.01783	0.01380	0.01983	0.01218	0.01139	0.03734	0.02191	0.62280	0.02956	0.02579	0.01869	0.00961	0.00771	0.00245	0.00670	0.00766	0.00940	0.01308
27	0.01102	0.00810	0.01032	0.00976	0.01172	0.00739	0.00732	0.01457	0.02196	0.03065	0.60251	0.06113	0.14070	0.01664	0.00935	0.00251	0.00377	0.01461	0.00858	0.00739
28	0.01860	0.02105	0.04488	0.03235	0.03969	0.02041	0.58988	0.02486	0.01816	0.02486	0.01556	0.02105	0.01189	0.00730	0.01077	0.00274	0.07230	0.00915	0.00396	0.01052
29	0.15250	0.07858	0.02167	0.07265	0.02373	0.02143	0.01350	0.35636	0.02733	0.06992	0.01773	0.01888	0.01298	0.00878	0.00699	0.00232	0.00792	0.00647	0.06876	0.01149
30	0.02967	0.03647	0.02258	0.02024	0.02452	0.63298	0.01530	0.08382	0.02373	0.02201	0.01283	0.01470	0.01049	0.00829	0.00722	0.00207	0.01383	0.00528	0.00441	0.00956
31	0.01890	0.01671	0.02312	0.05427	0.30305	0.07225	0.01839	0.05073	0.01948	0.04996	0.02530	0.04484	0.02461	0.01280	0.00893	0.00281	0.00897	0.22901	0.00556	0.01031
32	0.01590	0.04102	0.68023	0.02260	0.03432	0.01842	0.02930	0.02511	0.01674	0.02511	0.01423	0.01674	0.01005	0.00753	0.00753	0.00251	0.01172	0.00586	0.00335	0.01172
33	0.02962	0.03779	0.02247	0.02043	0.02451	0.68948	0.01532	0.03166	0.02247	0.01941	0.01226	0.01430	0.01021	0.00817	0.00715	0.00204	0.01430	0.00511	0.00409	0.00919
34	0.01067	0.00806	0.00987	0.00963	0.01167	0.00726	0.00724	0.01379	0.02068	0.02794	0.44429	0.09642	0.24564	0.01796	0.00945	0.00262	0.00399	0.03741	0.00821	0.00720
35	0.00976	0.00752	0.00895	0.00988	0.01138	0.00671	0.00702	0.01163	0.01695	0.02161	0.09979	0.39076	0.30352	0.02224	0.00980	0.00297	0.00440	0.04102	0.00745	0.00664
36	0.01054	0.00804	0.00968	0.00936	0.01145	0.00718	0.00698	0.01360	0.02069	0.02785	0.44531	0.08973	0.27506	0.01785	0.00939	0.00258	0.00387	0.01546	0.00822	0.00718
37	0.01972	0.01703	0.01793	0.01614	0.02062	0.01972	0.01255	0.04214	0.65752	0.03317	0.03228	0.02959	0.02421	0.01076	0.00807	0.00269	0.00628	0.00897	0.00807	0.01255
38	0.01615	0.09005	0.60149	0.02156	0.03244	0.01893	0.02736	0.02460	0.01677	0.02457	0.01531	0.01989	0.01174	0.00816	0.00752	0.00251	0.01127	0.03476	0.00354	0.01140
39	0.01578	0.10487	0.52227	0.01992	0.02977	0.01817	0.02466	0.02355	0.01748	0.02541	0.10575	0.02231	0.01916	0.00868	0.00755	0.00243	0.01027	0.00689	0.00411	0.01097
40	0.01886	0.01376	0.01633	0.01239	0.01864	0.01121	0.00983	0.02377	0.07169	0.11476	0.02004	0.06760	0.01670	0.00814	0.00664	0.00162	0.00594	0.00675	0.00587	0.54947
41	0.01921	0.29132	0.33769	0.05110	0.06465	0.02281	0.02180	0.02515	0.01690	0.06146	0.01409	0.01622	0.01083	0.00738	0.00669	0.00220	0.01004	0.00551	0.00379	0.01117
42	0.00977	0.00695	0.00917	0.01090	0.01133	0.00652	0.00721	0.01107	0.01496	0.01995	0.04259	0.67650	0.05104	0.06640	0.01193	0.00349	0.00478	0.02189	0.00721	0.00634
43	0.01115	0.00805	0.01053	0.01003	0.01183	0.00743	0.00748	0.01478	0.02211	0.03126	0.63864	0.08979	0.07378	0.01661	0.00939	0.00253	0.00378	0.01472	0.00867	0.00743
44	0.04734	0.01748	0.03410	0.32007	0.04499	0.01842	0.32680	0.02258	0.01715	0.02341	0.01600	0.04598	0.01272	0.00790	0.00859	0.00267	0.01155	0.00863	0.00396	0.00964
45	0.01644	0.01409	0.01644	0.01175	0.01879	0.01057	0.00940	0.01997	0.01644	0.02584	0.01409	0.01644	0.01175	0.00587	0.00587	0.00117	0.00587	0.00470	0.00470	0.76979
46	0.01148	0.00789	0.00967	0.00967	0.01003	0.00824	0.00608	0.01219	0.01183	0.01613	0.02405	0.04671	0.02658	0.55587	0.20272	0.00895	0.01108	0.01077	0.00467	0.00537
47	0.01134	0.01115	0.04599	0.03529	0.01692	0.00920	0.07548	0.01466	0.01878	0.02440	0.20789	0.12557	0.33884	0.01719	0.00930	0.00268	0.00559	0.01510	0.00702	0.00760
48	0.05431	0.10004	0.05393	0.15486	0.28804	0.01967	0.09472	0.02529	0.04064	0.07046	0.01603	0.01978	0.01251	0.00750	0.00760	0.00240	0.00962	0.00697	0.00439	0.01124
49	0.01614	0.03935	0.62640	0.02352	0.03493	0.01856	0.08145	0.02514	0.01691	0.02514	0.01438	0.01714	0.01021	0.00746	0.00769	0.00253	0.01186	0.00616	0.00340	0.01163
50	0.01153	0.00769	0.00865	0.00865	0.00865	0.00769	0.00480	0.01153	0.01153	0.01538	0.02499	0.05189	0.02883	0.72131	0.04036	0.00769	0.00769	0.01153	0.00480	0.00480
51	0.02078	0.05377	0.06628	0.02186	0.04860	0.11066	0.15207	0.04494	0.01791	0.07897	0.01726	0.04532	0.01435	0.01162	0.03490	0.00296	0.17033	0.00778	0.06974	0.00990
52	0.01575	0.01657	0.06492	0.55536	0.12728	0.01791	0.04831	0.02125	0.01629	0.02144	0.01428	0.02071	0.01084	0.00775	0.00795	0.00260	0.01062	0.00707	0.00358	0.00951
53	0.00965	0.00695	0.00915	0.01092	0.01147	0.00645	0.00731	0.01106	0.01530	0.02029	0.04521	0.68979	0.07782	0.02465	0.01009	0.00320	0.00458	0.02230	0.00736	0.00645
54	0.01377	0.00689	0.01033	0.01033	0.01033	0.00689	0.00689	0.01033	0.01033	0.01377	0.01377	0.02410	0.01377	0.02755	0.03099	0.76928	0.00689	0.00689	0.00344	0.00344
55	0.04773	0.14091	0.21108	0.01495	0.02093	0.01549	0.01539	0.02200	0.01822	0.10463	0.16191	0.13853	0.03201	0.01233	0.00787	0.00247	0.00747	0.01029	0.00602	0.00978
56	0.02044	0.06087	0.01788	0.03930	0.01865	0.03628	0.04544	0.04574	0.01945	0.19411	0.09803	0.15669	0.06001	0.01330	0.00884	0.00252	0.03467	0.01127	0.10696	0.00954
57	0.02975	0.03412	0.02278	0.01991	0.02453	0.53263	0.01526	0.17645	0.02597	0.02662	0.01386	0.01542	0.01099	0.00849	0.00733	0.00212	0.01299	0.00559	0.00499	0.01021
58	0.02151	0.66678	0.07037	0.01401	0.02100	0.03001	0.01423	0.02438	0.01640	0.04432	0.01195	0.01346	0.01053	0.00694	0.00531	0.00176	0.00856	0.00446	0.00364	0.01038
59	0.01699	0.01442	0.01674	0.01201	0.01903	0.01113	0.00962	0.04505	0.01728	0.02681	0.01429	0.01655	0.01182	0.00602	0.00596	0.00122	0.00599	0.00480	0.00483	0.73946
60	0.06427	0.01654	0.07404	0.01499	0.02093	0.01407	0.01307	0.09603	0.07725	0.41678	0.02881	0.08406	0.02089	0.01085	0.00798	0.00254	0.00712	0.00888	0.00849	0.01243
61	0.02012	0.02054	0.03215	0.24087	0.10169	0.11169	0.24338	0.02592	0.04234	0.05953	0.01625	0.02078	0.01225	0.00764	0.00833	0.00253	0.01161	0.00773	0.00433	0.01030
62	0.01570	0.04268	0.01917	0.06803	0.04287	0.04740	0.01356	0.01973	0.06860	0.02061	0.01970	0.09048	0.01921	0.07428	0.15597	0.00531	0.23264	0.00908	0.02661	0.00838
63	0.05078	0.01366	0.01712	0.01639	0.06412	0.03601	0.03342	0.05642	0.03809	0.02516	0.02135	0.11554	0.02031	0.04702	0.11038	0.00409	0.09072	0.00911	0.09738	0.13293
64	0.01844	0.01638	0.02141	0.08216	0.11436	0.07373	0.05763	0.05028	0.01825	0.05636	0.07362	0.07499	0.02160	0.05277	0.01169	0.00269	0.08308	0.00873	0.03358	0.12825

[dist]
# distance from previous block
# <min> <max>
0	18

# created by:
# /st0/software/busco_prod/Augustus/scripts/msa2prfl.pl ./align_prep/121263.fa
