[name]
unknown

[dist]
# distance from previous block
# <min> <max>
0	33

[block]
# block no. 0 follows, 24 sequences, length 41
# corresponding to MSA columns:
# 33-73
name=unknown_A
#
# <colnr> <probs for GDERKNQSTAVLIFYWHMCP>
#	G	D	E	R	K	N	Q	S	T	A	V	L	I	F	Y	W	H	M	C	P
0	0.09697	0.00981	0.01265	0.01414	0.01631	0.01008	0.01232	0.01719	0.01773	0.02504	0.03858	0.08102	0.04156	0.02030	0.01029	0.00352	0.00717	0.55084	0.00704	0.00744
1	0.02741	0.01485	0.01754	0.01445	0.01957	0.01515	0.01161	0.09540	0.23821	0.32830	0.02986	0.02739	0.02067	0.01004	0.00773	0.00246	0.00644	0.00817	0.09224	0.01250
2	0.02703	0.01752	0.01987	0.01588	0.02116	0.01857	0.01286	0.36834	0.07702	0.17030	0.09551	0.07172	0.02482	0.01142	0.00825	0.00249	0.00733	0.00925	0.00837	0.01229
3	0.01230	0.00955	0.01018	0.00976	0.01272	0.00885	0.00740	0.01736	0.11042	0.05659	0.10191	0.09830	0.47918	0.01825	0.00915	0.00269	0.00449	0.01534	0.00766	0.00791
4	0.01102	0.00825	0.00912	0.00888	0.01144	0.00708	0.00666	0.01341	0.01907	0.05463	0.19953	0.10254	0.48219	0.01902	0.00934	0.00266	0.00412	0.01611	0.00777	0.00717
5	0.01824	0.01700	0.02768	0.06437	0.48875	0.01706	0.02078	0.02334	0.04216	0.02515	0.01618	0.02104	0.01366	0.01290	0.08278	0.00341	0.01030	0.00707	0.00418	0.08394
6	0.01519	0.03739	0.60621	0.02100	0.03172	0.01713	0.02674	0.02360	0.01689	0.02471	0.02151	0.02330	0.08257	0.00892	0.00774	0.00253	0.01087	0.00706	0.00379	0.01117
7	0.01972	0.01703	0.01793	0.01614	0.02062	0.01972	0.01255	0.04214	0.65752	0.03317	0.03228	0.02959	0.02421	0.01076	0.00807	0.00269	0.00628	0.00897	0.00807	0.01255
8	0.01949	0.02016	0.03913	0.06251	0.03728	0.01919	0.45968	0.09270	0.02032	0.02791	0.01602	0.02047	0.01208	0.00695	0.00867	0.00244	0.01173	0.00839	0.00451	0.11037
9	0.02845	0.02058	0.02199	0.01705	0.02290	0.02270	0.01402	0.57637	0.03501	0.04773	0.01979	0.02020	0.01424	0.00949	0.00767	0.00232	0.00817	0.00717	0.09134	0.01281
10	0.00937	0.00803	0.00803	0.00803	0.01071	0.00669	0.00602	0.01138	0.01807	0.02142	0.08033	0.07632	0.66863	0.02008	0.00937	0.00268	0.00402	0.01674	0.00736	0.00669
11	0.01932	0.01853	0.03163	0.09169	0.63122	0.01876	0.02418	0.02407	0.01791	0.02554	0.01486	0.01973	0.01243	0.00712	0.00786	0.00237	0.00950	0.00706	0.00390	0.01231
12	0.01738	0.08453	0.60028	0.02152	0.03260	0.01888	0.02725	0.02580	0.01704	0.06205	0.01500	0.01706	0.01060	0.00762	0.00740	0.00245	0.01122	0.00587	0.00372	0.01172
13	0.03558	0.01350	0.01840	0.01411	0.02024	0.01166	0.01166	0.03865	0.02270	0.67734	0.03128	0.02699	0.01963	0.00981	0.00797	0.00245	0.00675	0.00797	0.00981	0.01350
14	0.01134	0.00818	0.01076	0.01032	0.01218	0.00760	0.00787	0.01507	0.02214	0.03120	0.62152	0.06146	0.07267	0.01663	0.00947	0.00258	0.00400	0.05889	0.00862	0.00747
15	0.05525	0.01667	0.01692	0.03699	0.02052	0.06231	0.01231	0.03502	0.43692	0.05209	0.03247	0.07010	0.04949	0.01223	0.00822	0.00272	0.00686	0.05436	0.00745	0.01112
16	0.01407	0.01163	0.01520	0.01396	0.01442	0.01424	0.01041	0.03911	0.01327	0.01886	0.02123	0.10595	0.02330	0.30121	0.10246	0.00610	0.25245	0.01058	0.00467	0.00691
17	0.00968	0.00809	0.00846	0.00851	0.01108	0.00687	0.00647	0.01190	0.01841	0.02230	0.12172	0.07572	0.59355	0.01989	0.00945	0.00271	0.00416	0.04678	0.00746	0.00678
18	0.02962	0.03779	0.02247	0.02043	0.02451	0.68948	0.01532	0.03166	0.02247	0.01941	0.01226	0.01430	0.01021	0.00817	0.00715	0.00204	0.01430	0.00511	0.00409	0.00919
19	0.02818	0.01827	0.05602	0.01696	0.02308	0.01754	0.04354	0.17537	0.19852	0.29441	0.02716	0.02509	0.01862	0.00974	0.00803	0.00251	0.00764	0.00801	0.00829	0.01301
20	0.00977	0.00805	0.00858	0.00845	0.01095	0.00686	0.00634	0.01215	0.01901	0.02365	0.20645	0.07265	0.54112	0.01925	0.00937	0.00264	0.00396	0.01622	0.00766	0.00686
21	0.02038	0.61987	0.14058	0.01497	0.02252	0.02937	0.01601	0.02396	0.01621	0.01966	0.01152	0.01334	0.01016	0.00690	0.00547	0.00182	0.00898	0.00449	0.00339	0.01042
22	0.01472	0.01093	0.01208	0.01110	0.01386	0.04742	0.00838	0.04089	0.02098	0.08069	0.33123	0.13725	0.16726	0.01624	0.00898	0.00252	0.00505	0.01399	0.00788	0.04854
23	0.02898	0.03322	0.02223	0.01948	0.02402	0.51624	0.01492	0.16725	0.02560	0.02627	0.01631	0.01767	0.03556	0.00892	0.00741	0.00214	0.01268	0.00599	0.00506	0.01005
24	0.01963	0.01884	0.03219	0.04867	0.67185	0.01884	0.02434	0.02434	0.01806	0.02591	0.01492	0.01963	0.01256	0.00707	0.00785	0.00236	0.00942	0.00707	0.00393	0.01256
25	0.01141	0.00764	0.00869	0.00881	0.00884	0.00761	0.00497	0.01150	0.01177	0.01570	0.02622	0.09561	0.03038	0.67547	0.03837	0.00739	0.00748	0.01226	0.00497	0.00491
26	0.06333	0.02071	0.02199	0.01723	0.02327	0.02282	0.01410	0.49567	0.12450	0.04559	0.02031	0.02013	0.01471	0.00940	0.00770	0.00236	0.00810	0.00714	0.00764	0.05332
27	0.01546	0.01459	0.02465	0.63468	0.11844	0.01774	0.02226	0.02068	0.01608	0.02084	0.01418	0.02098	0.01078	0.00784	0.00792	0.00261	0.01045	0.00705	0.00357	0.00920
28	0.00966	0.00690	0.00920	0.01104	0.01150	0.00644	0.00736	0.01104	0.01518	0.02024	0.04371	0.71614	0.05245	0.02484	0.01012	0.00322	0.00460	0.02254	0.00736	0.00644
29	0.00956	0.00730	0.00879	0.00998	0.01122	0.00653	0.00689	0.01116	0.01621	0.02066	0.05668	0.48942	0.27079	0.02316	0.00986	0.00303	0.00439	0.02049	0.00736	0.00653
30	0.02955	0.02192	0.02346	0.01812	0.02436	0.02431	0.01493	0.61085	0.07281	0.04901	0.01980	0.01964	0.01410	0.00959	0.00794	0.00240	0.00859	0.00724	0.00794	0.01343
31	0.01498	0.01409	0.02378	0.70226	0.05462	0.01762	0.02202	0.02026	0.01586	0.02026	0.01409	0.02114	0.01057	0.00793	0.00793	0.00264	0.01057	0.00705	0.00352	0.00881
32	0.00937	0.00803	0.00803	0.00803	0.01071	0.00669	0.00602	0.01138	0.01807	0.02142	0.08033	0.07632	0.66863	0.02008	0.00937	0.00268	0.00402	0.01674	0.00736	0.00669
33	0.01095	0.00817	0.00958	0.01013	0.01154	0.00766	0.00700	0.04327	0.01698	0.02196	0.08183	0.36576	0.22831	0.12224	0.01410	0.00362	0.00504	0.01808	0.00709	0.00669
34	0.01805	0.02032	0.04402	0.03177	0.03924	0.01905	0.59617	0.02434	0.01846	0.02502	0.01808	0.07262	0.01501	0.00802	0.00941	0.00271	0.01272	0.01033	0.00426	0.01038
35	0.01881	0.01801	0.03072	0.16308	0.56381	0.01863	0.02393	0.02362	0.01767	0.02492	0.01477	0.01989	0.01221	0.00722	0.00786	0.00241	0.00962	0.00706	0.00385	0.01190
36	0.00983	0.00703	0.00936	0.01092	0.01154	0.00656	0.00737	0.01147	0.01598	0.02152	0.11242	0.64380	0.05491	0.02389	0.01004	0.00314	0.00451	0.02164	0.00751	0.00656
37	0.01735	0.01735	0.02429	0.02082	0.02082	0.02429	0.01735	0.01908	0.01214	0.01908	0.01041	0.01735	0.01041	0.01388	0.02602	0.00347	0.70680	0.00694	0.00347	0.00867
38	0.00977	0.00698	0.00930	0.01097	0.01152	0.00651	0.00737	0.01131	0.01567	0.02102	0.08563	0.67200	0.05395	0.02426	0.01007	0.00317	0.00454	0.02199	0.00745	0.00651
39	0.01963	0.01884	0.03219	0.04867	0.67185	0.01884	0.02434	0.02434	0.01806	0.02591	0.01492	0.01963	0.01256	0.00707	0.00785	0.00236	0.00942	0.00707	0.00393	0.01256
40	0.42807	0.02314	0.21624	0.03499	0.02291	0.01779	0.01574	0.02597	0.06253	0.06588	0.01474	0.01628	0.01083	0.00781	0.00619	0.00249	0.00801	0.00539	0.00489	0.01010

[dist]
# distance from previous block
# <min> <max>
0	1

[block]
# block no. 1 follows, 24 sequences, length 123
# corresponding to MSA columns:
# 75-197
name=unknown_B
#
# <colnr> <probs for GDERKNQSTAVLIFYWHMCP>
#	G	D	E	R	K	N	Q	S	T	A	V	L	I	F	Y	W	H	M	C	P
0	0.01611	0.01480	0.02415	0.63215	0.07926	0.01810	0.02169	0.05887	0.01727	0.02233	0.01443	0.02095	0.01084	0.00799	0.00793	0.00261	0.01041	0.00705	0.00381	0.00926
1	0.02132	0.01716	0.01850	0.01588	0.02059	0.01901	0.01247	0.20840	0.36758	0.03600	0.02868	0.10427	0.02361	0.01171	0.00813	0.00257	0.00675	0.00973	0.00774	0.05991
2	0.01153	0.00769	0.00865	0.00865	0.00865	0.00769	0.00480	0.01153	0.01153	0.01538	0.02499	0.05189	0.02883	0.72131	0.04036	0.00769	0.00769	0.01153	0.00480	0.00480
3	0.03014	0.02221	0.02380	0.01825	0.02459	0.02459	0.01507	0.64541	0.03728	0.04998	0.01904	0.01904	0.01349	0.00952	0.00793	0.00238	0.00873	0.00714	0.00793	0.01349
4	0.01667	0.03629	0.53833	0.02740	0.13556	0.01859	0.06673	0.02501	0.01707	0.02526	0.01445	0.01749	0.01057	0.00741	0.00770	0.00250	0.01146	0.00627	0.00348	0.01179
5	0.01687	0.16566	0.56403	0.02096	0.03178	0.02077	0.02644	0.02486	0.01663	0.02394	0.01365	0.01601	0.01007	0.00740	0.00709	0.00236	0.01113	0.00557	0.00336	0.01144
6	0.01590	0.04102	0.68023	0.02260	0.03432	0.01842	0.02930	0.02511	0.01674	0.02511	0.01423	0.01674	0.01005	0.00753	0.00753	0.00251	0.01172	0.00586	0.00335	0.01172
7	0.01590	0.04102	0.68023	0.02260	0.03432	0.01842	0.02930	0.02511	0.01674	0.02511	0.01423	0.01674	0.01005	0.00753	0.00753	0.00251	0.01172	0.00586	0.00335	0.01172
8	0.01703	0.03289	0.42439	0.02720	0.06364	0.01916	0.22902	0.02498	0.01729	0.02505	0.01473	0.01840	0.01081	0.00744	0.00874	0.00259	0.03462	0.00709	0.00359	0.01132
9	0.01963	0.01884	0.03219	0.04867	0.67185	0.01884	0.02434	0.02434	0.01806	0.02591	0.01492	0.01963	0.01256	0.00707	0.00785	0.00236	0.00942	0.00707	0.00393	0.01256
10	0.00966	0.00690	0.00920	0.01104	0.01150	0.00644	0.00736	0.01104	0.01518	0.02024	0.04371	0.71614	0.05245	0.02484	0.01012	0.00322	0.00460	0.02254	0.00736	0.00644
11	0.01850	0.02288	0.09487	0.03260	0.04090	0.01993	0.59646	0.02538	0.01857	0.02538	0.01591	0.02104	0.01188	0.00675	0.00922	0.00266	0.01324	0.00909	0.00396	0.01077
12	0.02727	0.01781	0.01997	0.01603	0.02154	0.01902	0.01300	0.31217	0.17776	0.18724	0.05532	0.02744	0.04736	0.01060	0.00810	0.00249	0.00729	0.00847	0.00840	0.01273
13	0.03558	0.01350	0.01840	0.01411	0.02024	0.01166	0.01166	0.03865	0.02270	0.67734	0.03128	0.02699	0.01963	0.00981	0.00797	0.00245	0.00675	0.00797	0.00981	0.01350
14	0.00974	0.00693	0.00918	0.01094	0.01138	0.00649	0.00725	0.01106	0.01503	0.02003	0.04290	0.68756	0.05143	0.05481	0.01142	0.00341	0.00473	0.02207	0.00725	0.00637
15	0.07672	0.01995	0.02160	0.01690	0.02282	0.02174	0.01386	0.48965	0.05322	0.11969	0.02142	0.04952	0.01589	0.01011	0.00784	0.00244	0.00808	0.00777	0.00794	0.01285
16	0.01009	0.00721	0.00969	0.01153	0.01218	0.00681	0.00810	0.01178	0.01560	0.02072	0.04347	0.63039	0.05152	0.02444	0.01024	0.00328	0.00497	0.10408	0.00735	0.00656
17	0.01876	0.41008	0.33616	0.01774	0.02680	0.02540	0.02082	0.02438	0.01640	0.02163	0.01250	0.01458	0.01012	0.00713	0.00622	0.00207	0.00997	0.00499	0.00337	0.01089
18	0.01934	0.01855	0.03166	0.08937	0.63341	0.01877	0.02419	0.02408	0.01792	0.02556	0.01486	0.01972	0.01244	0.00712	0.00786	0.00237	0.00949	0.00706	0.00390	0.01233
19	0.01878	0.02070	0.03714	0.05702	0.03473	0.06221	0.39186	0.02376	0.01716	0.02337	0.01429	0.01969	0.01146	0.00845	0.01281	0.00272	0.17384	0.00814	0.00391	0.05796
20	0.06430	0.04437	0.01953	0.01458	0.02050	0.01499	0.01204	0.09600	0.10335	0.48126	0.02853	0.02536	0.01875	0.00967	0.00773	0.00244	0.00692	0.00771	0.00894	0.01303
21	0.00966	0.00690	0.00920	0.01104	0.01150	0.00644	0.00736	0.01104	0.01518	0.02024	0.04371	0.71614	0.05245	0.02484	0.01012	0.00322	0.00460	0.02254	0.00736	0.00644
22	0.02524	0.07011	0.02580	0.01984	0.02426	0.18269	0.05448	0.24352	0.06480	0.03123	0.01564	0.01794	0.01240	0.00989	0.01167	0.00253	0.16482	0.00668	0.00550	0.01095
23	0.00966	0.00690	0.00920	0.01104	0.01150	0.00644	0.00736	0.01104	0.01518	0.02024	0.04371	0.71614	0.05245	0.02484	0.01012	0.00322	0.00460	0.02254	0.00736	0.00644
24	0.01109	0.00799	0.01051	0.01030	0.01199	0.00742	0.00768	0.01453	0.02136	0.03002	0.56411	0.14314	0.07084	0.01753	0.00951	0.00263	0.00399	0.03952	0.00850	0.00734
25	0.00991	0.00709	0.00942	0.01087	0.01156	0.00660	0.00738	0.01166	0.01632	0.02205	0.14133	0.61336	0.05595	0.02349	0.01000	0.00311	0.00447	0.02126	0.00758	0.00660
26	0.01612	0.06939	0.65377	0.02223	0.03374	0.01895	0.02865	0.02506	0.01672	0.02485	0.01410	0.01658	0.01005	0.00750	0.00743	0.00248	0.01159	0.00579	0.00335	0.01166
27	0.01972	0.01703	0.01793	0.01614	0.02062	0.01972	0.01255	0.04214	0.65752	0.03317	0.03228	0.02959	0.02421	0.01076	0.00807	0.00269	0.00628	0.00897	0.00807	0.01255
28	0.02218	0.01431	0.01657	0.01401	0.01831	0.01482	0.01108	0.16776	0.16667	0.16746	0.17206	0.07980	0.07440	0.01296	0.00851	0.00256	0.00612	0.01088	0.00845	0.01109
29	0.03307	0.01752	0.02089	0.01602	0.02225	0.01762	0.01323	0.31853	0.02943	0.38795	0.02564	0.02332	0.01680	0.00968	0.00796	0.00242	0.00766	0.00759	0.00895	0.01349
30	0.01152	0.00772	0.00882	0.00882	0.00888	0.00778	0.00502	0.01164	0.01158	0.01550	0.02483	0.05101	0.02845	0.69321	0.06795	0.00790	0.00826	0.01140	0.00478	0.00490
31	0.00948	0.00791	0.00828	0.00846	0.01085	0.00670	0.00624	0.01150	0.01793	0.02173	0.10131	0.14945	0.57201	0.02047	0.00946	0.00273	0.00407	0.01730	0.00742	0.00670
32	0.00970	0.00711	0.00899	0.01047	0.01126	0.00653	0.00704	0.01112	0.01548	0.02022	0.04865	0.58729	0.14807	0.05398	0.01130	0.00333	0.00464	0.02116	0.00725	0.00641
33	0.01590	0.04102	0.68023	0.02260	0.03432	0.01842	0.02930	0.02511	0.01674	0.02511	0.01423	0.01674	0.01005	0.00753	0.00753	0.00251	0.01172	0.00586	0.00335	0.01172
34	0.01872	0.02139	0.04679	0.03342	0.04144	0.02005	0.64305	0.02540	0.01872	0.02540	0.01604	0.02139	0.01203	0.00668	0.00936	0.00267	0.01337	0.00936	0.00401	0.01070
35	0.03558	0.01350	0.01840	0.01411	0.02024	0.01166	0.01166	0.03865	0.02270	0.67734	0.03128	0.02699	0.01963	0.00981	0.00797	0.00245	0.00675	0.00797	0.00981	0.01350
36	0.01461	0.00886	0.01169	0.01055	0.01302	0.00806	0.00806	0.01826	0.02248	0.12164	0.57910	0.05475	0.06714	0.01532	0.00916	0.00249	0.00416	0.01345	0.00888	0.00832
37	0.01158	0.00887	0.01323	0.01308	0.01444	0.01051	0.01022	0.01437	0.01272	0.01844	0.02079	0.03058	0.01943	0.05757	0.66219	0.01236	0.04985	0.00843	0.00422	0.00715
38	0.01735	0.01735	0.02429	0.02082	0.02082	0.02429	0.01735	0.01908	0.01214	0.01908	0.01041	0.01735	0.01041	0.01388	0.02602	0.00347	0.70680	0.00694	0.00347	0.00867
39	0.02967	0.03622	0.02261	0.02021	0.02452	0.62222	0.01530	0.09375	0.02397	0.02250	0.01294	0.01478	0.01055	0.00831	0.00723	0.00208	0.01374	0.00531	0.00447	0.00963
40	0.01211	0.00888	0.01041	0.00979	0.01233	0.00813	0.00742	0.01632	0.06084	0.05609	0.37166	0.06259	0.29980	0.01709	0.00922	0.00258	0.00414	0.01465	0.00820	0.00776
41	0.01933	0.01854	0.03165	0.09025	0.63258	0.01876	0.02419	0.02408	0.01792	0.02555	0.01486	0.01972	0.01243	0.00712	0.00786	0.00237	0.00949	0.00706	0.00390	0.01232
42	0.01766	0.01406	0.01657	0.01190	0.01888	0.01064	0.00954	0.02116	0.01684	0.06729	0.01519	0.01711	0.01225	0.00612	0.00601	0.00126	0.00593	0.00491	0.00502	0.72167
43	0.08753	0.01361	0.01757	0.01372	0.01945	0.01236	0.01127	0.06231	0.02265	0.55527	0.07651	0.02801	0.02265	0.01010	0.00785	0.00245	0.00657	0.00814	0.00929	0.01269
44	0.02852	0.02071	0.02232	0.01739	0.02322	0.02282	0.01417	0.54864	0.07437	0.06718	0.02064	0.02198	0.01531	0.05337	0.00994	0.00273	0.00844	0.00755	0.00781	0.01289
45	0.00980	0.00696	0.00916	0.01087	0.01129	0.00653	0.00717	0.01108	0.01491	0.01988	0.04233	0.66717	0.05071	0.07619	0.01235	0.00355	0.00483	0.02173	0.00717	0.00632
46	0.01817	0.01891	0.03720	0.12128	0.24034	0.01869	0.33102	0.02387	0.01812	0.02481	0.01704	0.02499	0.01408	0.00790	0.00880	0.00263	0.01140	0.04579	0.00412	0.01084
47	0.01872	0.02139	0.04679	0.03342	0.04144	0.02005	0.64305	0.02540	0.01872	0.02540	0.01604	0.02139	0.01203	0.00668	0.00936	0.00267	0.01337	0.00936	0.00401	0.01070
48	0.01872	0.02139	0.04679	0.03342	0.04144	0.02005	0.64305	0.02540	0.01872	0.02540	0.01604	0.02139	0.01203	0.00668	0.00936	0.00267	0.01337	0.00936	0.00401	0.01070
49	0.00966	0.00690	0.00920	0.01104	0.01150	0.00644	0.00736	0.01104	0.01518	0.02024	0.04371	0.71614	0.05245	0.02484	0.01012	0.00322	0.00460	0.02254	0.00736	0.00644
50	0.01603	0.04016	0.65252	0.02308	0.03463	0.01849	0.05615	0.02513	0.01683	0.02513	0.01431	0.01695	0.01013	0.00750	0.00761	0.00252	0.01179	0.00601	0.00338	0.01167
51	0.11806	0.02455	0.04076	0.01798	0.04837	0.28335	0.01392	0.07539	0.02190	0.16210	0.05802	0.02498	0.01848	0.00982	0.00753	0.00236	0.00996	0.04604	0.00612	0.01033
52	0.00997	0.00792	0.00895	0.00897	0.01115	0.00690	0.00662	0.01243	0.01907	0.02444	0.25466	0.14533	0.41662	0.01946	0.00945	0.00268	0.00400	0.01668	0.00778	0.00690
53	0.06741	0.01858	0.02344	0.02067	0.04879	0.06278	0.03907	0.08778	0.01633	0.02464	0.01285	0.01807	0.01138	0.01181	0.01894	0.00302	0.44669	0.00681	0.05156	0.00938
54	0.01030	0.00756	0.00976	0.01099	0.01216	0.00702	0.00799	0.01244	0.01708	0.02258	0.13810	0.43981	0.14143	0.02250	0.01003	0.00310	0.00479	0.10804	0.00755	0.00675
55	0.02660	0.12470	0.06755	0.01854	0.02412	0.23200	0.05365	0.13583	0.02279	0.12462	0.01696	0.01821	0.01274	0.00867	0.00821	0.00225	0.04732	0.00627	0.03810	0.01087
56	0.02033	0.01697	0.02101	0.01553	0.02232	0.01552	0.06537	0.18107	0.06136	0.03240	0.01664	0.01834	0.01298	0.00717	0.00683	0.00170	0.00727	0.00598	0.00567	0.46554
57	0.01969	0.50627	0.20590	0.01712	0.02525	0.02734	0.05681	0.02420	0.01644	0.02073	0.01216	0.01429	0.01026	0.00697	0.00598	0.00197	0.00962	0.00497	0.00342	0.01060
58	0.01963	0.01884	0.03219	0.04867	0.67185	0.01884	0.02434	0.02434	0.01806	0.02591	0.01492	0.01963	0.01256	0.00707	0.00785	0.00236	0.00942	0.00707	0.00393	0.01256
59	0.03429	0.01321	0.01799	0.01389	0.01980	0.01143	0.01143	0.03739	0.02268	0.64321	0.06493	0.02870	0.02255	0.01015	0.00805	0.00246	0.00659	0.00831	0.00976	0.01318
60	0.01652	0.12047	0.60615	0.02155	0.03270	0.01992	0.02747	0.02495	0.01667	0.02436	0.01386	0.01628	0.01006	0.00745	0.00725	0.00242	0.01134	0.00567	0.00335	0.01154
61	0.02117	0.01080	0.01397	0.01197	0.01574	0.00987	0.00948	0.02568	0.06212	0.28295	0.30987	0.04717	0.09840	0.01387	0.00879	0.00254	0.00521	0.03135	0.00895	0.01008
62	0.01122	0.00762	0.00867	0.00887	0.00906	0.00750	0.00514	0.01147	0.01226	0.01621	0.02990	0.12361	0.06516	0.61040	0.03552	0.00695	0.00717	0.01297	0.00521	0.00508
63	0.02718	0.01829	0.01978	0.01554	0.02088	0.01983	0.01272	0.46152	0.03164	0.09303	0.02147	0.02196	0.01546	0.00948	0.00741	0.00227	0.00747	0.00726	0.17467	0.01215
64	0.01834	0.02079	0.04522	0.03249	0.04019	0.01949	0.61653	0.02480	0.01857	0.02519	0.01720	0.05037	0.01372	0.00744	0.00939	0.00270	0.01300	0.00991	0.00415	0.01052
65	0.02649	0.01323	0.01657	0.01379	0.01865	0.01267	0.01116	0.05407	0.14318	0.37728	0.10232	0.03808	0.07485	0.01216	0.00842	0.00259	0.00624	0.04746	0.00897	0.01180
66	0.01377	0.00689	0.01033	0.01033	0.01033	0.00689	0.00689	0.01033	0.01033	0.01377	0.01377	0.02410	0.01377	0.02755	0.03099	0.76928	0.00689	0.00689	0.00344	0.00344
67	0.03302	0.01447	0.01916	0.01594	0.04765	0.01336	0.01243	0.06496	0.08950	0.55539	0.03017	0.02661	0.01954	0.00979	0.00798	0.00247	0.00690	0.00800	0.00930	0.01336
68	0.02517	0.01778	0.02006	0.01761	0.04758	0.01948	0.01350	0.19285	0.36270	0.15172	0.02807	0.02607	0.02022	0.01013	0.00801	0.00256	0.00710	0.00825	0.00818	0.01296
69	0.03113	0.05946	0.01986	0.01460	0.02031	0.04142	0.01201	0.06346	0.10571	0.47182	0.05521	0.02692	0.02128	0.00994	0.00783	0.00242	0.00706	0.00798	0.00883	0.01274
70	0.65236	0.01477	0.01233	0.01077	0.01570	0.01659	0.00885	0.02504	0.01478	0.11612	0.01420	0.01535	0.01046	0.00775	0.00532	0.00243	0.00611	0.00489	0.03702	0.00916
71	0.01834	0.01484	0.01847	0.01345	0.02017	0.01217	0.03700	0.04742	0.01763	0.06713	0.01531	0.01745	0.01227	0.00662	0.00704	0.00146	0.03438	0.00529	0.00507	0.62848
72	0.01874	0.40715	0.33889	0.01777	0.02686	0.02534	0.02089	0.02438	0.01641	0.02166	0.01252	0.01459	0.01012	0.00713	0.00623	0.00208	0.00999	0.00499	0.00337	0.01089
73	0.01175	0.00888	0.01103	0.01149	0.01304	0.00886	0.00821	0.01719	0.11828	0.02603	0.24489	0.39477	0.05530	0.01983	0.00955	0.00290	0.00458	0.01775	0.00792	0.00774
74	0.01063	0.00789	0.00991	0.00981	0.01159	0.00717	0.00720	0.01367	0.02045	0.02802	0.45886	0.17237	0.17645	0.01835	0.00949	0.00265	0.00393	0.01614	0.00826	0.00717
75	0.01623	0.06953	0.61196	0.02210	0.03288	0.01934	0.02788	0.02468	0.01643	0.02446	0.01386	0.01660	0.01007	0.00789	0.00856	0.00253	0.05431	0.00586	0.00336	0.01146
76	0.01839	0.01742	0.02953	0.16066	0.52382	0.01803	0.02322	0.02314	0.01768	0.02479	0.01644	0.02418	0.01425	0.00813	0.00805	0.00249	0.00949	0.04465	0.00406	0.01158
77	0.01014	0.00751	0.00907	0.00994	0.01108	0.00690	0.00685	0.01176	0.01610	0.02090	0.10219	0.36311	0.21220	0.13198	0.01464	0.00374	0.00497	0.04347	0.00707	0.00637
78	0.01709	0.01626	0.02761	0.40449	0.33582	0.01818	0.02308	0.02212	0.01686	0.02283	0.01447	0.02045	0.01148	0.00754	0.00789	0.00251	0.01005	0.00706	0.00371	0.01052
79	0.01640	0.01864	0.07174	0.17106	0.03553	0.03950	0.25998	0.02124	0.01662	0.02237	0.01921	0.13550	0.01802	0.01104	0.01124	0.00283	0.10504	0.01036	0.00435	0.00933
80	0.11929	0.02505	0.02209	0.15764	0.10296	0.29701	0.01649	0.05292	0.04663	0.06600	0.01509	0.01773	0.01166	0.00816	0.00723	0.00232	0.01094	0.00604	0.00474	0.01001
81	0.01183	0.00977	0.00991	0.00982	0.01260	0.00835	0.00720	0.01390	0.04076	0.02349	0.07719	0.09774	0.60586	0.02081	0.01009	0.00304	0.00483	0.01694	0.00795	0.00792
82	0.01147	0.00766	0.00867	0.00873	0.00874	0.00765	0.00489	0.01152	0.01165	0.01553	0.02559	0.07336	0.02959	0.69881	0.03938	0.00754	0.00759	0.01189	0.00489	0.00486
83	0.03471	0.01401	0.01862	0.01437	0.02045	0.01253	0.01184	0.06489	0.04870	0.62460	0.03080	0.02675	0.01955	0.00984	0.00798	0.00246	0.00681	0.00798	0.00966	0.01346
84	0.01644	0.01409	0.01644	0.01175	0.01879	0.01057	0.00940	0.01997	0.01644	0.02584	0.01409	0.01644	0.01175	0.00587	0.00587	0.00117	0.00587	0.00470	0.00470	0.76979
85	0.01892	0.01821	0.02965	0.12687	0.53512	0.03805	0.02306	0.02356	0.01793	0.02488	0.01642	0.02400	0.01430	0.00813	0.00803	0.00246	0.00958	0.04508	0.00409	0.01167
86	0.01963	0.01884	0.03219	0.04867	0.67185	0.01884	0.02434	0.02434	0.01806	0.02591	0.01492	0.01963	0.01256	0.00707	0.00785	0.00236	0.00942	0.00707	0.00393	0.01256
87	0.00966	0.00690	0.00920	0.01104	0.01150	0.00644	0.00736	0.01104	0.01518	0.02024	0.04371	0.71614	0.05245	0.02484	0.01012	0.00322	0.00460	0.02254	0.00736	0.00644
88	0.01813	0.32890	0.41184	0.01881	0.02845	0.02386	0.02269	0.02454	0.01648	0.02240	0.01288	0.01505	0.01010	0.00722	0.00651	0.00217	0.01036	0.00518	0.00337	0.01107
89	0.01482	0.01310	0.01932	0.05941	0.02031	0.01613	0.05263	0.04324	0.01416	0.02029	0.01852	0.07071	0.01840	0.11271	0.22470	0.00662	0.25354	0.00913	0.00434	0.00792
90	0.01108	0.00810	0.01040	0.00982	0.01176	0.00742	0.00737	0.01468	0.02210	0.03098	0.62153	0.06058	0.12147	0.01652	0.00935	0.00251	0.00376	0.01453	0.00862	0.00742
91	0.64853	0.01720	0.01369	0.01187	0.01693	0.04805	0.00972	0.10368	0.01695	0.03672	0.01212	0.01374	0.00929	0.00767	0.00539	0.00243	0.00682	0.00470	0.00526	0.00924
92	0.01377	0.00689	0.01033	0.01033	0.01033	0.00689	0.00689	0.01033	0.01033	0.01377	0.01377	0.02410	0.01377	0.02755	0.03099	0.76928	0.00689	0.00689	0.00344	0.00344
93	0.01836	0.02135	0.07079	0.03137	0.03917	0.01921	0.57825	0.02496	0.01851	0.02564	0.01657	0.02170	0.01246	0.00688	0.00905	0.00262	0.01271	0.00909	0.05079	0.01053
94	0.00986	0.00704	0.00943	0.01127	0.01181	0.00661	0.00770	0.01138	0.01538	0.02046	0.04360	0.67659	0.05202	0.02466	0.01017	0.00325	0.00477	0.06015	0.00736	0.00650
95	0.02936	0.03620	0.02242	0.02016	0.02440	0.62770	0.01522	0.07071	0.04220	0.02174	0.01328	0.01505	0.01083	0.00833	0.00723	0.00208	0.01371	0.00535	0.00445	0.00956
96	0.00966	0.00690	0.00920	0.01104	0.01150	0.00644	0.00736	0.01104	0.01518	0.02024	0.04371	0.71614	0.05245	0.02484	0.01012	0.00322	0.00460	0.02254	0.00736	0.00644
97	0.01809	0.02116	0.07042	0.03254	0.07938	0.01906	0.53791	0.02442	0.01837	0.02510	0.01762	0.06448	0.01451	0.00788	0.00923	0.00268	0.01250	0.00989	0.00419	0.01059
98	0.01278	0.00913	0.01278	0.01460	0.01643	0.00913	0.01278	0.01643	0.01825	0.02373	0.04199	0.08945	0.04564	0.02191	0.01095	0.00365	0.00730	0.61847	0.00730	0.00730
99	0.22518	0.01452	0.01702	0.01343	0.01926	0.01405	0.01109	0.07332	0.02127	0.47308	0.02532	0.02287	0.01641	0.00917	0.00719	0.00245	0.00672	0.00698	0.00844	0.01224
100	0.01925	0.02088	0.04329	0.07474	0.06730	0.02014	0.53880	0.06448	0.01969	0.02667	0.01607	0.02115	0.01206	0.00696	0.00912	0.00264	0.01274	0.00898	0.00423	0.01083
101	0.03043	0.02175	0.02351	0.01803	0.02436	0.02391	0.01489	0.61333	0.03651	0.08315	0.01969	0.01946	0.01381	0.00953	0.00793	0.00238	0.00862	0.00718	0.00803	0.01349
102	0.07419	0.06356	0.02288	0.07445	0.02538	0.02242	0.01454	0.38223	0.12835	0.08191	0.02046	0.02058	0.01479	0.00929	0.00759	0.00242	0.00819	0.00711	0.00723	0.01243
103	0.01826	0.02201	0.08399	0.07486	0.04112	0.01994	0.54353	0.02484	0.01818	0.02484	0.01561	0.02094	0.01176	0.00707	0.00973	0.00269	0.03724	0.00891	0.00392	0.01057
104	0.03472	0.01488	0.01926	0.01477	0.02093	0.01371	0.01220	0.13498	0.02501	0.57773	0.02934	0.02573	0.01865	0.00977	0.00797	0.00244	0.00706	0.00784	0.00952	0.01349
105	0.01728	0.01636	0.02733	0.37771	0.33176	0.01826	0.02266	0.02304	0.04446	0.02336	0.01525	0.02082	0.01206	0.00766	0.00790	0.00251	0.00987	0.00714	0.00390	0.01066
106	0.01093	0.00864	0.01347	0.01374	0.01512	0.00814	0.07355	0.01310	0.01588	0.02115	0.04067	0.57695	0.04754	0.02265	0.01013	0.00321	0.00580	0.08536	0.00701	0.00697
107	0.01963	0.01884	0.03219	0.04867	0.67185	0.01884	0.02434	0.02434	0.01806	0.02591	0.01492	0.01963	0.01256	0.00707	0.00785	0.00236	0.00942	0.00707	0.00393	0.01256
108	0.02823	0.07884	0.09158	0.01636	0.02284	0.01911	0.01473	0.29061	0.02717	0.23947	0.02299	0.05110	0.01667	0.00983	0.00768	0.00238	0.00806	0.00770	0.03213	0.01253
109	0.01644	0.01409	0.01644	0.01175	0.01879	0.01057	0.00940	0.01997	0.01644	0.02584	0.01409	0.01644	0.01175	0.00587	0.00587	0.00117	0.00587	0.00470	0.00470	0.76979
110	0.02345	0.01887	0.02295	0.09063	0.02559	0.02270	0.01596	0.33764	0.02559	0.03556	0.01614	0.01936	0.01260	0.01075	0.01366	0.00273	0.23512	0.00708	0.05259	0.01106
111	0.03558	0.01350	0.01840	0.01411	0.02024	0.01166	0.01166	0.03865	0.02270	0.67734	0.03128	0.02699	0.01963	0.00981	0.00797	0.00245	0.00675	0.00797	0.00981	0.01350
112	0.01163	0.00865	0.01089	0.01023	0.01231	0.00818	0.00770	0.01641	0.06121	0.03122	0.59123	0.05850	0.10949	0.01612	0.00928	0.00252	0.00391	0.01416	0.00860	0.00774
113	0.00966	0.00690	0.00920	0.01104	0.01150	0.00644	0.00736	0.01104	0.01518	0.02024	0.04371	0.71614	0.05245	0.02484	0.01012	0.00322	0.00460	0.02254	0.00736	0.00644
114	0.01952	0.11076	0.23510	0.02622	0.03472	0.10514	0.30534	0.02591	0.01829	0.02378	0.01444	0.01809	0.01099	0.00714	0.00803	0.00243	0.01242	0.00717	0.00375	0.01076
115	0.00988	0.00699	0.00914	0.01077	0.01118	0.00658	0.00707	0.01110	0.01476	0.01969	0.04157	0.64018	0.04975	0.10449	0.01358	0.00373	0.00495	0.02128	0.00707	0.00625
116	0.73172	0.01522	0.01207	0.01065	0.01564	0.01741	0.00878	0.02425	0.01406	0.07504	0.01229	0.01375	0.00927	0.00751	0.00510	0.00245	0.00617	0.00452	0.00521	0.00889
117	0.01023	0.00744	0.00964	0.01041	0.01157	0.00685	0.00731	0.01255	0.01815	0.02471	0.28309	0.41915	0.10702	0.02121	0.00977	0.00290	0.00423	0.01900	0.00788	0.00685
118	0.01973	0.01867	0.02627	0.38754	0.06594	0.07537	0.08079	0.14004	0.02061	0.02645	0.01489	0.01993	0.01130	0.00844	0.00904	0.00258	0.05079	0.00712	0.00446	0.01004
119	0.05209	0.02709	0.09901	0.02221	0.09550	0.21388	0.01735	0.19119	0.06467	0.07119	0.01686	0.01831	0.01274	0.00893	0.00870	0.00239	0.05444	0.00645	0.00559	0.01141
120	0.01590	0.04102	0.68023	0.02260	0.03432	0.01842	0.02930	0.02511	0.01674	0.02511	0.01423	0.01674	0.01005	0.00753	0.00753	0.00251	0.01172	0.00586	0.00335	0.01172
121	0.02094	0.61897	0.08074	0.01448	0.02125	0.06454	0.01454	0.02390	0.01637	0.01910	0.01167	0.01374	0.01053	0.00885	0.03062	0.00217	0.00947	0.00455	0.00346	0.01011
122	0.02681	0.06800	0.10004	0.01822	0.02469	0.02319	0.01639	0.41987	0.07025	0.08070	0.01902	0.01942	0.01374	0.00948	0.00884	0.00244	0.05225	0.00696	0.00696	0.01271

[dist]
# distance from previous block
# <min> <max>
1	2

[block]
# block no. 2 follows, 24 sequences, length 32
# corresponding to MSA columns:
# 200-231
name=unknown_C
#
# <colnr> <probs for GDERKNQSTAVLIFYWHMCP>
#	G	D	E	R	K	N	Q	S	T	A	V	L	I	F	Y	W	H	M	C	P
0	0.04219	0.01530	0.04270	0.09721	0.02248	0.04072	0.01301	0.02772	0.20446	0.09733	0.19348	0.03358	0.03267	0.01160	0.00949	0.00260	0.05944	0.00942	0.03449	0.01010
1	0.03710	0.01400	0.02300	0.04529	0.02395	0.01317	0.19064	0.02013	0.04413	0.02833	0.24682	0.15587	0.04229	0.01427	0.00958	0.00286	0.00777	0.01317	0.00693	0.06072
2	0.01470	0.02660	0.32888	0.02104	0.02923	0.01542	0.17400	0.02120	0.01762	0.02411	0.03386	0.03517	0.20163	0.01097	0.00852	0.00260	0.00989	0.00988	0.00468	0.01001
3	0.02218	0.09265	0.02440	0.04356	0.13617	0.25841	0.01531	0.02526	0.01863	0.02235	0.01310	0.01606	0.01109	0.00745	0.00764	0.00190	0.04380	0.00540	0.00412	0.23053
4	0.01263	0.00980	0.01217	0.01047	0.01382	0.00832	0.00799	0.01618	0.02032	0.02937	0.43935	0.07105	0.07200	0.01363	0.00837	0.00214	0.00440	0.01191	0.00747	0.22861
5	0.01155	0.00807	0.00971	0.00950	0.01006	0.00808	0.00606	0.01274	0.01486	0.02044	0.21175	0.07892	0.04254	0.46798	0.02975	0.00588	0.02771	0.01264	0.00600	0.00576
6	0.01292	0.00797	0.00980	0.00945	0.01134	0.00750	0.00705	0.01642	0.02015	0.05127	0.40765	0.10536	0.05531	0.01471	0.00827	0.00237	0.00390	0.01281	0.22819	0.00756
7	0.01491	0.05253	0.42230	0.01937	0.02782	0.01578	0.06388	0.02214	0.01851	0.02686	0.20385	0.02925	0.02898	0.00997	0.00810	0.00249	0.00941	0.00850	0.00496	0.01037
8	0.01094	0.00744	0.00882	0.00941	0.00956	0.00729	0.00562	0.01138	0.01269	0.01693	0.03095	0.26339	0.03635	0.49956	0.03073	0.00627	0.00670	0.01504	0.00562	0.00533
9	0.02689	0.02768	0.02150	0.01861	0.02340	0.32045	0.01445	0.19595	0.21063	0.03143	0.01985	0.01998	0.01513	0.00928	0.00762	0.00232	0.01051	0.00676	0.00625	0.01130
10	0.01775	0.01852	0.03082	0.02448	0.02680	0.02306	0.19890	0.02092	0.01405	0.02092	0.01204	0.01852	0.01088	0.01179	0.02119	0.00324	0.50559	0.00764	0.00363	0.00926
11	0.01760	0.01966	0.05528	0.22780	0.06913	0.01926	0.42402	0.02386	0.01781	0.02392	0.01539	0.02114	0.01158	0.00708	0.00884	0.00265	0.01237	0.00851	0.00385	0.01024
12	0.01790	0.09716	0.28533	0.02741	0.03671	0.02053	0.35036	0.02513	0.01772	0.02464	0.01487	0.01880	0.01110	0.00701	0.00826	0.00252	0.01227	0.00754	0.00370	0.01103
13	0.01280	0.01000	0.01199	0.01277	0.01450	0.01049	0.00925	0.02045	0.20178	0.02424	0.04027	0.47252	0.04377	0.02055	0.00958	0.00310	0.00528	0.06083	0.00756	0.00827
14	0.01113	0.00712	0.00859	0.00977	0.01079	0.00673	0.00674	0.01322	0.01581	0.02303	0.04113	0.47159	0.08679	0.01998	0.00874	0.00278	0.00430	0.01774	0.22730	0.00673
15	0.01464	0.10173	0.39966	0.01777	0.02624	0.01641	0.03975	0.02100	0.01712	0.02338	0.03313	0.03375	0.20121	0.01107	0.00787	0.00248	0.00920	0.00896	0.00454	0.01007
16	0.01213	0.00743	0.00915	0.00921	0.00922	0.00742	0.00549	0.01117	0.01129	0.01506	0.02229	0.06363	0.02517	0.49925	0.03674	0.22854	0.00736	0.01051	0.00449	0.00446
17	0.01086	0.00798	0.01143	0.01196	0.01300	0.00875	0.00881	0.01307	0.01337	0.01873	0.02802	0.23138	0.02993	0.09632	0.44662	0.00962	0.01545	0.01279	0.00519	0.00673
18	0.02488	0.06332	0.03123	0.02583	0.07495	0.37400	0.19809	0.04356	0.02073	0.02231	0.01358	0.01690	0.01099	0.00785	0.00850	0.00230	0.04032	0.00656	0.00409	0.01000
19	0.02256	0.02014	0.03162	0.03790	0.40354	0.02066	0.10066	0.20468	0.02372	0.03283	0.01626	0.01968	0.01276	0.00773	0.00807	0.00240	0.00972	0.00738	0.00510	0.01259
20	0.01576	0.01608	0.01340	0.01411	0.01576	0.20489	0.01020	0.01755	0.01760	0.02034	0.03441	0.45170	0.03953	0.01972	0.00934	0.00292	0.00768	0.07530	0.00640	0.00732
21	0.01558	0.03126	0.48500	0.01819	0.02704	0.01522	0.02241	0.02319	0.01671	0.02640	0.01761	0.02046	0.01303	0.00803	0.00696	0.00232	0.00939	0.00630	0.22445	0.01046
22	0.01797	0.01398	0.01589	0.04820	0.01932	0.01486	0.01148	0.20171	0.12318	0.03337	0.14000	0.04853	0.17939	0.01457	0.00886	0.00268	0.00640	0.08208	0.00765	0.00987
23	0.01070	0.00811	0.00988	0.00951	0.01162	0.00729	0.00718	0.01391	0.02100	0.02842	0.47170	0.06526	0.25519	0.01755	0.00940	0.00258	0.00392	0.03128	0.00827	0.00724
24	0.01898	0.02065	0.04255	0.03785	0.22436	0.01970	0.46352	0.02509	0.01852	0.02555	0.01572	0.02088	0.01219	0.00680	0.00892	0.00258	0.01222	0.00869	0.00399	0.01124
25	0.25549	0.06603	0.01778	0.01379	0.01890	0.01830	0.01122	0.03434	0.28452	0.16478	0.02405	0.02274	0.01748	0.00924	0.00687	0.00250	0.00649	0.00699	0.00713	0.01136
26	0.02203	0.02163	0.04012	0.02902	0.03655	0.02137	0.46083	0.20530	0.02410	0.03253	0.01691	0.02071	0.01245	0.00751	0.00894	0.00259	0.01202	0.00871	0.00515	0.01150
27	0.01301	0.21558	0.01859	0.01177	0.01407	0.01368	0.00916	0.01473	0.01545	0.01978	0.03422	0.51204	0.04018	0.01960	0.00866	0.00278	0.00573	0.01723	0.00621	0.00752
28	0.02048	0.52161	0.04307	0.01933	0.02647	0.02809	0.19622	0.02423	0.01687	0.02061	0.01248	0.01524	0.01071	0.00676	0.00633	0.00198	0.00990	0.00573	0.00357	0.01033
29	0.24621	0.01985	0.01986	0.01583	0.02162	0.02227	0.01301	0.42215	0.07433	0.04461	0.01766	0.01800	0.01282	0.00898	0.00706	0.00242	0.00780	0.00644	0.00706	0.01200
30	0.01718	0.00881	0.01187	0.01193	0.01404	0.00795	0.00861	0.01905	0.01736	0.21091	0.04010	0.51618	0.04293	0.02048	0.00950	0.00300	0.00522	0.01832	0.00807	0.00849
31	0.01956	0.01433	0.01519	0.01361	0.01750	0.01601	0.01060	0.06541	0.41071	0.06310	0.02971	0.02893	0.02233	0.01021	0.00732	0.00242	0.00567	0.00837	0.22787	0.01115

[dist]
# distance from previous block
# <min> <max>
0	31

# created by:
# /st0/software/busco_prod/Augustus/scripts/msa2prfl.pl ./align_prep/121252.fa
