[name]
unknown

[dist]
# distance from previous block
# <min> <max>
0	4

[block]
# block no. 0 follows, 23 sequences, length 12
# corresponding to MSA columns:
# 22-33
name=unknown_A
#
# <colnr> <probs for GDERKNQSTAVLIFYWHMCP>
#	G	D	E	R	K	N	Q	S	T	A	V	L	I	F	Y	W	H	M	C	P
0	0.01587	0.01061	0.01415	0.01507	0.01762	0.01074	0.01295	0.02164	0.08767	0.08133	0.04093	0.07933	0.04201	0.02010	0.01062	0.00352	0.00731	0.49215	0.00778	0.00861
1	0.02611	0.13222	0.08192	0.08869	0.02461	0.01584	0.01443	0.02983	0.01998	0.34052	0.05023	0.09631	0.02224	0.01097	0.00791	0.00249	0.00774	0.00904	0.00735	0.01157
2	0.09920	0.01682	0.05112	0.15700	0.33088	0.01677	0.02017	0.02202	0.01726	0.02575	0.02011	0.08679	0.01902	0.01062	0.00824	0.00270	0.00893	0.07137	0.00469	0.01056
3	0.08242	0.01406	0.01396	0.01294	0.01618	0.08149	0.00990	0.02322	0.11488	0.07042	0.22449	0.13463	0.07401	0.01476	0.00863	0.00261	0.00617	0.03701	0.00751	0.05073
4	0.01346	0.03826	0.01647	0.14125	0.02233	0.01324	0.01258	0.01662	0.01443	0.02070	0.02216	0.11038	0.02130	0.03451	0.31149	0.00736	0.08228	0.00972	0.08366	0.00782
5	0.04578	0.01510	0.02235	0.23221	0.23579	0.04591	0.01827	0.02018	0.01706	0.02327	0.02319	0.20035	0.02355	0.01273	0.00860	0.00276	0.00876	0.02961	0.00495	0.00958
6	0.01091	0.00819	0.01053	0.03176	0.01361	0.00750	0.00791	0.01260	0.01558	0.02100	0.04147	0.52443	0.08428	0.07708	0.01223	0.00338	0.00524	0.01941	0.00692	0.08597
7	0.01121	0.00828	0.01078	0.01121	0.01270	0.00849	0.00839	0.01350	0.01511	0.02039	0.04079	0.14510	0.16992	0.11260	0.28325	0.00756	0.01195	0.06468	0.03724	0.00684
8	0.01220	0.00882	0.01061	0.01044	0.01199	0.00847	0.00739	0.04771	0.01901	0.02568	0.26488	0.16281	0.13115	0.19751	0.01783	0.00410	0.00547	0.03952	0.00740	0.00701
9	0.40127	0.01494	0.03976	0.01289	0.01781	0.01477	0.04897	0.02376	0.01681	0.12850	0.07764	0.02749	0.08516	0.01106	0.00811	0.04127	0.00666	0.00770	0.00619	0.00924
10	0.01220	0.00989	0.01108	0.01095	0.01352	0.00965	0.00825	0.01861	0.13987	0.02631	0.18269	0.15312	0.30870	0.01868	0.00951	0.00283	0.00473	0.04331	0.00795	0.00815
11	0.01211	0.00816	0.00994	0.01014	0.01179	0.00741	0.00712	0.01411	0.01783	0.06369	0.18447	0.27451	0.20258	0.12132	0.01435	0.00361	0.00497	0.01720	0.00762	0.00710

[dist]
# distance from previous block
# <min> <max>
1	2

[block]
# block no. 1 follows, 23 sequences, length 17
# corresponding to MSA columns:
# 36-52
name=unknown_B
#
# <colnr> <probs for GDERKNQSTAVLIFYWHMCP>
#	G	D	E	R	K	N	Q	S	T	A	V	L	I	F	Y	W	H	M	C	P
0	0.08118	0.00810	0.00973	0.01084	0.01195	0.00789	0.00744	0.01297	0.01608	0.02324	0.11214	0.50344	0.07196	0.06934	0.01184	0.00343	0.00495	0.01939	0.00728	0.00681
1	0.03221	0.01288	0.01749	0.01372	0.01927	0.01121	0.01121	0.03546	0.02318	0.56250	0.13777	0.03318	0.02960	0.01115	0.00840	0.00252	0.00639	0.00926	0.00986	0.01277
2	0.01000	0.00711	0.00938	0.01115	0.01160	0.00667	0.00738	0.01133	0.01531	0.02042	0.04359	0.67064	0.05224	0.06628	0.01219	0.00357	0.00489	0.02240	0.00738	0.00649
3	0.01546	0.00858	0.00954	0.04755	0.01290	0.00893	0.00719	0.04256	0.01718	0.02885	0.02479	0.03012	0.02002	0.04187	0.03024	0.03538	0.00527	0.00773	0.59826	0.00759
4	0.01940	0.02044	0.07700	0.10471	0.56665	0.01914	0.02505	0.02459	0.01818	0.02594	0.01514	0.02001	0.01249	0.00734	0.00802	0.00245	0.00991	0.00714	0.00394	0.01245
5	0.01450	0.01156	0.01607	0.04399	0.01799	0.01395	0.01208	0.07032	0.01560	0.02243	0.02113	0.07536	0.02003	0.04178	0.41073	0.00896	0.13333	0.00920	0.03285	0.00814
6	0.02717	0.01807	0.01953	0.01544	0.02071	0.01954	0.01260	0.42920	0.03147	0.09367	0.02228	0.02293	0.01612	0.00969	0.00748	0.00230	0.00743	0.00744	0.20478	0.01217
7	0.01366	0.01503	0.07922	0.06786	0.02506	0.01324	0.16124	0.01739	0.01635	0.02232	0.03048	0.38113	0.03355	0.01731	0.01104	0.00308	0.06186	0.01596	0.00576	0.00846
8	0.03641	0.01381	0.01883	0.01444	0.02071	0.01193	0.01193	0.03954	0.02322	0.66984	0.03201	0.02762	0.02009	0.01004	0.00816	0.00251	0.00690	0.00816	0.01004	0.01381
9	0.01759	0.08928	0.45945	0.02307	0.06741	0.06545	0.04896	0.02511	0.01816	0.02544	0.07104	0.02081	0.01636	0.00842	0.00774	0.00247	0.01113	0.00679	0.00403	0.01132
10	0.11942	0.00945	0.01177	0.01125	0.01246	0.00997	0.00796	0.06103	0.01338	0.02033	0.01550	0.05341	0.01512	0.02379	0.02525	0.56605	0.00698	0.00742	0.00427	0.00518
11	0.03031	0.03867	0.02299	0.02090	0.02508	0.68226	0.01568	0.03240	0.02299	0.01986	0.01254	0.01463	0.01045	0.00836	0.00732	0.00209	0.01463	0.00523	0.00418	0.00941
12	0.02678	0.01450	0.01761	0.01463	0.01966	0.01454	0.01169	0.05889	0.23609	0.33124	0.13070	0.03341	0.03033	0.01139	0.00841	0.00260	0.00633	0.00950	0.00919	0.01251
13	0.02018	0.01743	0.01835	0.01651	0.02110	0.02018	0.01284	0.04312	0.64956	0.03394	0.03303	0.03027	0.02477	0.01101	0.00826	0.00275	0.00642	0.00917	0.00826	0.01284
14	0.02092	0.20123	0.13126	0.07264	0.19309	0.02106	0.01923	0.06783	0.01982	0.08296	0.07803	0.02244	0.01853	0.00862	0.00743	0.00231	0.00899	0.00710	0.00505	0.01147
15	0.14638	0.11966	0.29392	0.01805	0.02631	0.01900	0.04688	0.02708	0.04482	0.11120	0.05896	0.02091	0.01637	0.00856	0.00721	0.00246	0.00924	0.00665	0.00516	0.01119
16	0.02303	0.01766	0.03972	0.05388	0.02361	0.01648	0.01314	0.21450	0.06693	0.10101	0.02038	0.04946	0.01593	0.00892	0.00739	0.00204	0.00744	0.00718	0.00662	0.30469

[dist]
# distance from previous block
# <min> <max>
0	51

[block]
# block no. 2 follows, 23 sequences, length 9
# corresponding to MSA columns:
# 104-112
name=unknown_C
#
# <colnr> <probs for GDERKNQSTAVLIFYWHMCP>
#	G	D	E	R	K	N	Q	S	T	A	V	L	I	F	Y	W	H	M	C	P
0	0.07938	0.02503	0.08550	0.01724	0.02292	0.22884	0.01469	0.03424	0.10931	0.23691	0.04967	0.02319	0.01831	0.00951	0.00770	0.00242	0.00965	0.00716	0.00685	0.01147
1	0.06010	0.02528	0.02528	0.15153	0.03207	0.26052	0.09155	0.10947	0.02254	0.08690	0.01616	0.01877	0.01209	0.00832	0.00777	0.00235	0.01151	0.00664	0.00520	0.04595
2	0.06584	0.06594	0.05447	0.06827	0.14467	0.11418	0.01679	0.03354	0.29285	0.02850	0.02202	0.02285	0.01704	0.00911	0.00766	0.00250	0.00888	0.00738	0.00585	0.01167
3	0.01977	0.01605	0.05491	0.01464	0.01938	0.01529	0.01219	0.10405	0.23517	0.09418	0.22961	0.03673	0.03785	0.01201	0.00847	0.00251	0.00624	0.01013	0.00810	0.06272
4	0.01868	0.04654	0.01667	0.01326	0.01704	0.01422	0.01050	0.15963	0.08408	0.07248	0.32467	0.08714	0.04729	0.01391	0.00876	0.00251	0.00577	0.01185	0.00825	0.03676
5	0.02216	0.07074	0.08391	0.01765	0.02271	0.02127	0.01560	0.27194	0.02465	0.03409	0.04064	0.06378	0.01750	0.01352	0.04315	0.00306	0.14312	0.00803	0.00599	0.07647
6	0.01459	0.00751	0.00775	0.00794	0.00969	0.00746	0.00586	0.01813	0.01687	0.02928	0.02832	0.09919	0.02413	0.01107	0.00615	0.00203	0.00388	0.00914	0.68353	0.00746
7	0.07679	0.10592	0.04990	0.13493	0.02784	0.06291	0.01754	0.07789	0.01683	0.02409	0.01249	0.01744	0.01077	0.01077	0.01565	0.00288	0.31514	0.00644	0.00411	0.00968
8	0.01672	0.01539	0.02150	0.10186	0.02476	0.01845	0.04420	0.04251	0.08268	0.02361	0.02056	0.14272	0.02016	0.01366	0.01567	0.00297	0.28108	0.01003	0.00509	0.09638

[dist]
# distance from previous block
# <min> <max>
6	18

[block]
# block no. 3 follows, 23 sequences, length 59
# corresponding to MSA columns:
# 131-189
name=unknown_D
#
# <colnr> <probs for GDERKNQSTAVLIFYWHMCP>
#	G	D	E	R	K	N	Q	S	T	A	V	L	I	F	Y	W	H	M	C	P
0	0.06725	0.41224	0.08803	0.01767	0.06876	0.02655	0.01551	0.02859	0.15648	0.02455	0.01666	0.01771	0.01365	0.00796	0.00629	0.00213	0.00838	0.00576	0.00466	0.01116
1	0.02046	0.11506	0.07812	0.01759	0.02334	0.04447	0.07442	0.06947	0.26814	0.06192	0.07440	0.03012	0.06617	0.01061	0.00806	0.00253	0.00804	0.00892	0.00673	0.01145
2	0.15351	0.11257	0.17766	0.05476	0.02566	0.02047	0.03962	0.02343	0.01557	0.05521	0.01395	0.01761	0.01125	0.01145	0.04282	0.00308	0.15427	0.00608	0.00422	0.05681
3	0.06544	0.04774	0.09686	0.07104	0.13148	0.05044	0.23214	0.02499	0.04147	0.02577	0.01811	0.02191	0.03777	0.00806	0.00873	0.00249	0.03323	0.00781	0.00436	0.07016
4	0.01565	0.01085	0.04865	0.01360	0.04366	0.00978	0.00963	0.06235	0.01361	0.01841	0.01556	0.02599	0.01508	0.08166	0.02820	0.56286	0.00766	0.00741	0.00403	0.00536
5	0.07480	0.06215	0.02387	0.01877	0.02391	0.24005	0.01509	0.30514	0.05135	0.03552	0.01617	0.01745	0.01241	0.00937	0.00882	0.00238	0.05881	0.00635	0.00609	0.01150
6	0.68053	0.06415	0.01469	0.01133	0.01656	0.01953	0.00950	0.05729	0.01532	0.03603	0.01174	0.01351	0.00917	0.00761	0.00520	0.00245	0.00659	0.00455	0.00508	0.00917
7	0.01745	0.01750	0.02565	0.02168	0.02226	0.02364	0.05937	0.01955	0.01304	0.02003	0.01277	0.05296	0.01294	0.01427	0.02464	0.00348	0.61802	0.00808	0.00379	0.00890
8	0.01170	0.00786	0.00906	0.00915	0.00924	0.00790	0.00527	0.01189	0.01204	0.01611	0.02634	0.08446	0.03029	0.65267	0.06750	0.00787	0.00831	0.01222	0.00502	0.00510
9	0.02862	0.02162	0.02310	0.01822	0.02432	0.02412	0.01488	0.51326	0.16567	0.04755	0.02231	0.02173	0.01609	0.01001	0.00815	0.00250	0.00841	0.00770	0.00815	0.01360
10	0.02006	0.02424	0.15548	0.06164	0.38955	0.06684	0.02331	0.02634	0.05023	0.04873	0.01912	0.02231	0.03946	0.00827	0.00800	0.00246	0.01003	0.00738	0.00447	0.01208
11	0.01513	0.00756	0.00756	0.00756	0.00945	0.00756	0.00567	0.01891	0.01702	0.03025	0.02647	0.03025	0.02080	0.00945	0.00567	0.00189	0.00378	0.00756	0.75988	0.00756
12	0.01698	0.01456	0.01690	0.01223	0.01932	0.01126	0.00977	0.02150	0.04657	0.02679	0.01530	0.01746	0.01262	0.00624	0.00611	0.00127	0.00603	0.00501	0.00497	0.72911
13	0.01807	0.07937	0.37190	0.03133	0.20982	0.02009	0.10501	0.02542	0.01772	0.02551	0.01477	0.01828	0.01126	0.00741	0.00787	0.00249	0.01133	0.00668	0.00368	0.01199
14	0.01711	0.03610	0.50672	0.02807	0.14344	0.01928	0.05137	0.02527	0.01721	0.02555	0.01456	0.01785	0.01082	0.00791	0.00877	0.00260	0.04548	0.00640	0.00356	0.01195
15	0.01129	0.00864	0.01302	0.01309	0.01436	0.00899	0.04259	0.01351	0.01434	0.01977	0.03166	0.32469	0.03500	0.09836	0.30214	0.00785	0.01279	0.01519	0.00575	0.00697
16	0.01815	0.06396	0.13142	0.05454	0.13063	0.03521	0.04853	0.02772	0.18042	0.04720	0.04662	0.08991	0.06829	0.01130	0.00830	0.00262	0.00843	0.00982	0.00588	0.01106
17	0.04548	0.06775	0.02496	0.01936	0.02108	0.02180	0.07306	0.02072	0.04801	0.02092	0.01483	0.02387	0.01446	0.12284	0.02396	0.00394	0.41218	0.00788	0.00412	0.00877
18	0.01164	0.00852	0.01215	0.01215	0.01329	0.00966	0.00903	0.01392	0.01278	0.01818	0.02255	0.03640	0.02225	0.20024	0.54598	0.01194	0.01878	0.00936	0.00447	0.00675
19	0.01513	0.00756	0.00756	0.00756	0.00945	0.00756	0.00567	0.01891	0.01702	0.03025	0.02647	0.03025	0.02080	0.00945	0.00567	0.00189	0.00378	0.00756	0.75988	0.00756
20	0.01017	0.00824	0.00903	0.00883	0.01132	0.00710	0.00662	0.01277	0.01987	0.02519	0.26012	0.07271	0.48096	0.01933	0.00958	0.00268	0.00402	0.01637	0.00797	0.00710
21	0.01792	0.01786	0.02544	0.02338	0.06825	0.02445	0.01827	0.01992	0.01287	0.02004	0.01099	0.01792	0.01081	0.01369	0.02527	0.00347	0.64957	0.00711	0.00358	0.00917
22	0.77215	0.01569	0.01193	0.01067	0.01569	0.01820	0.00879	0.02385	0.01381	0.03641	0.01130	0.01318	0.00879	0.00753	0.00502	0.00251	0.00628	0.00439	0.00502	0.00879
23	0.01933	0.10242	0.26560	0.05538	0.10010	0.02050	0.05950	0.10533	0.08382	0.02949	0.06538	0.02241	0.01762	0.00880	0.00786	0.00248	0.00986	0.00737	0.00505	0.01170
24	0.01513	0.00756	0.00756	0.00756	0.00945	0.00756	0.00567	0.01891	0.01702	0.03025	0.02647	0.03025	0.02080	0.00945	0.00567	0.00189	0.00378	0.00756	0.75988	0.00756
25	0.01564	0.01486	0.02441	0.60628	0.05132	0.01893	0.02190	0.02057	0.01572	0.02057	0.01392	0.02112	0.01079	0.00892	0.01056	0.00282	0.10187	0.00720	0.00360	0.00900
26	0.01172	0.00820	0.01053	0.01053	0.01110	0.00878	0.00701	0.01288	0.01230	0.01697	0.02403	0.04462	0.02582	0.45339	0.29771	0.00994	0.01341	0.01056	0.00469	0.00585
27	0.01065	0.00815	0.00977	0.00961	0.01167	0.00726	0.00711	0.01361	0.02065	0.02760	0.39371	0.13033	0.28272	0.01887	0.00965	0.00269	0.00401	0.01637	0.00830	0.00726
28	0.01820	0.02099	0.13250	0.03232	0.27770	0.01695	0.12683	0.02461	0.04904	0.05130	0.10746	0.02932	0.05708	0.00951	0.00856	0.00255	0.00938	0.00911	0.00522	0.01139
29	0.01772	0.15560	0.46106	0.02091	0.03082	0.02013	0.05466	0.02503	0.01725	0.04970	0.01683	0.06434	0.01375	0.00883	0.00756	0.00248	0.01080	0.00713	0.00401	0.01137
30	0.01821	0.06893	0.08051	0.02871	0.03584	0.01994	0.44438	0.02427	0.01873	0.02554	0.06396	0.02708	0.01838	0.00879	0.01017	0.00274	0.04958	0.03928	0.00451	0.01045
31	0.02377	0.12518	0.09061	0.03029	0.22949	0.27301	0.06489	0.02782	0.01984	0.02285	0.01370	0.01690	0.01133	0.00764	0.00746	0.00223	0.01192	0.00613	0.00396	0.01099
32	0.02633	0.01625	0.02144	0.06358	0.02506	0.01682	0.05899	0.12225	0.19039	0.25755	0.02920	0.03255	0.02181	0.01110	0.00858	0.00271	0.00789	0.06694	0.00817	0.01240
33	0.01656	0.01412	0.01653	0.01193	0.01887	0.01066	0.00952	0.02018	0.01713	0.02675	0.04675	0.01902	0.01525	0.00654	0.00619	0.00127	0.00590	0.00530	0.00501	0.72654
34	0.02886	0.01955	0.02157	0.01692	0.02276	0.02095	0.01382	0.47391	0.03337	0.13194	0.02704	0.06732	0.06131	0.01149	0.00836	0.00252	0.00806	0.00907	0.00830	0.01288
35	0.01513	0.00756	0.00756	0.00756	0.00945	0.00756	0.00567	0.01891	0.01702	0.03025	0.02647	0.03025	0.02080	0.00945	0.00567	0.00189	0.00378	0.00756	0.75988	0.00756
36	0.01481	0.01363	0.02227	0.52622	0.08936	0.01616	0.01988	0.01976	0.01728	0.02250	0.08996	0.02991	0.06561	0.00989	0.00837	0.00267	0.00948	0.00875	0.00450	0.00897
37	0.01513	0.00756	0.00756	0.00756	0.00945	0.00756	0.00567	0.01891	0.01702	0.03025	0.02647	0.03025	0.02080	0.00945	0.00567	0.00189	0.00378	0.00756	0.75988	0.00756
38	0.04601	0.06492	0.33881	0.02244	0.03019	0.05368	0.10256	0.02476	0.03727	0.02449	0.01577	0.05059	0.01309	0.00965	0.01111	0.00273	0.12979	0.00738	0.00399	0.01076
39	0.07150	0.02009	0.02199	0.14499	0.10348	0.11931	0.01603	0.13353	0.04626	0.02909	0.01826	0.02131	0.03640	0.01050	0.03021	0.00266	0.03588	0.00686	0.00518	0.12649
40	0.70974	0.01763	0.01286	0.01153	0.01648	0.07407	0.00937	0.02457	0.01458	0.03501	0.01140	0.01330	0.00893	0.00760	0.00521	0.00248	0.00698	0.00446	0.00495	0.00884
41	0.01165	0.00845	0.01182	0.01182	0.01285	0.00948	0.00862	0.01371	0.01268	0.01794	0.02285	0.03804	0.02296	0.25083	0.49636	0.01154	0.01771	0.00960	0.00451	0.00657
42	0.01269	0.01083	0.01109	0.01047	0.01277	0.03838	0.00771	0.03768	0.04217	0.02352	0.13467	0.06195	0.37141	0.13725	0.01565	0.00359	0.03965	0.01424	0.00697	0.00731
43	0.77215	0.01569	0.01193	0.01067	0.01569	0.01820	0.00879	0.02385	0.01381	0.03641	0.01130	0.01318	0.00879	0.00753	0.00502	0.00251	0.00628	0.00439	0.00502	0.00879
44	0.02967	0.02091	0.02331	0.01811	0.02405	0.02304	0.01493	0.48364	0.05816	0.11640	0.02062	0.02061	0.01465	0.01004	0.00942	0.00250	0.05898	0.00739	0.00791	0.03566
45	0.01532	0.01442	0.02434	0.69533	0.05589	0.01803	0.02253	0.02073	0.01622	0.02073	0.01442	0.02163	0.01082	0.00811	0.00811	0.00270	0.01082	0.00721	0.00361	0.00901
46	0.01513	0.00756	0.00756	0.00756	0.00945	0.00756	0.00567	0.01891	0.01702	0.03025	0.02647	0.03025	0.02080	0.00945	0.00567	0.00189	0.00378	0.00756	0.75988	0.00756
47	0.01627	0.04197	0.67279	0.02313	0.03512	0.01884	0.02998	0.02570	0.01713	0.02570	0.01456	0.01713	0.01028	0.00771	0.00771	0.00257	0.01199	0.00600	0.00343	0.01199
48	0.01137	0.00855	0.01253	0.01267	0.01411	0.00972	0.00975	0.01411	0.01350	0.01913	0.02644	0.08368	0.05480	0.05625	0.59988	0.01181	0.01961	0.01017	0.00474	0.00718
49	0.01080	0.00807	0.01038	0.03734	0.01339	0.00758	0.00784	0.01337	0.01883	0.02543	0.29717	0.29217	0.15077	0.05523	0.01140	0.00312	0.00466	0.01759	0.00781	0.00707
50	0.02149	0.52215	0.06122	0.01574	0.02217	0.09338	0.03761	0.02536	0.04438	0.02030	0.01337	0.01570	0.01178	0.01096	0.05206	0.00265	0.01037	0.00519	0.00383	0.01028
51	0.01050	0.00735	0.00954	0.01083	0.01134	0.00707	0.00716	0.01157	0.01462	0.01948	0.03996	0.49975	0.06727	0.15079	0.05836	0.03581	0.00640	0.01930	0.00670	0.00622
52	0.11029	0.41879	0.08121	0.01373	0.01997	0.02428	0.01334	0.02336	0.01599	0.05237	0.01436	0.01832	0.01275	0.06220	0.05014	0.00305	0.00918	0.00549	0.00419	0.04698
53	0.04317	0.00993	0.01257	0.01161	0.01371	0.00973	0.00841	0.04498	0.03890	0.04874	0.08485	0.11098	0.02677	0.07391	0.06830	0.27578	0.00749	0.00995	0.00556	0.09467
54	0.01628	0.01545	0.02712	0.14003	0.03126	0.01640	0.20665	0.05063	0.01733	0.02371	0.02177	0.17275	0.02138	0.01496	0.03732	0.03161	0.09288	0.01136	0.00493	0.04618
55	0.01307	0.01120	0.01510	0.08574	0.11521	0.01113	0.01166	0.01795	0.07207	0.02559	0.17721	0.11668	0.26400	0.01612	0.00916	0.00270	0.00582	0.01402	0.00696	0.00862
56	0.49805	0.06097	0.04427	0.01434	0.02005	0.01919	0.06528	0.02735	0.09277	0.06820	0.01566	0.01696	0.01182	0.00800	0.00610	0.00251	0.00735	0.00570	0.00545	0.00997
57	0.07418	0.19087	0.42984	0.01955	0.02902	0.02163	0.02343	0.02461	0.01676	0.02501	0.03720	0.01753	0.01266	0.00812	0.00778	0.00242	0.03866	0.00587	0.00376	0.01111
58	0.01908	0.01982	0.03461	0.21680	0.27771	0.05543	0.20853	0.02452	0.01832	0.02444	0.01524	0.02075	0.01201	0.00741	0.00848	0.00257	0.01145	0.00783	0.00394	0.01106

[dist]
# distance from previous block
# <min> <max>
0	2

[block]
# block no. 4 follows, 23 sequences, length 29
# corresponding to MSA columns:
# 192-220
name=unknown_E
#
# <colnr> <probs for GDERKNQSTAVLIFYWHMCP>
#	G	D	E	R	K	N	Q	S	T	A	V	L	I	F	Y	W	H	M	C	P
0	0.04802	0.02118	0.07191	0.11432	0.07702	0.02038	0.40918	0.02456	0.01779	0.02515	0.01526	0.02077	0.01176	0.00780	0.01066	0.00277	0.07837	0.00853	0.00399	0.01059
1	0.00988	0.00821	0.00867	0.00887	0.01138	0.00700	0.00669	0.01205	0.01849	0.02239	0.10073	0.12060	0.56322	0.02082	0.00973	0.00282	0.00432	0.04964	0.00759	0.00690
2	0.01009	0.00813	0.00899	0.00901	0.01133	0.00703	0.00667	0.01252	0.01932	0.02445	0.22241	0.13507	0.45644	0.02004	0.00966	0.00275	0.00410	0.01709	0.00788	0.00703
3	0.00996	0.00820	0.00856	0.00849	0.01094	0.00701	0.00625	0.01207	0.01853	0.02268	0.14338	0.07437	0.55072	0.06881	0.01181	0.00308	0.00434	0.01648	0.00751	0.00681
4	0.15735	0.01249	0.01490	0.01225	0.01713	0.01165	0.00991	0.02911	0.02090	0.36847	0.13648	0.03726	0.11412	0.01208	0.00803	0.00255	0.00592	0.00977	0.00865	0.01100
5	0.17828	0.01073	0.01025	0.00936	0.01245	0.01140	0.00734	0.07020	0.01825	0.05653	0.02288	0.02566	0.01766	0.00909	0.00582	0.00209	0.00484	0.00689	0.51174	0.00855
6	0.01480	0.00963	0.01155	0.01054	0.01350	0.00881	0.00808	0.01923	0.06366	0.11509	0.34054	0.05994	0.26016	0.01665	0.00930	0.00262	0.00451	0.01424	0.00857	0.00857
7	0.00997	0.00823	0.00875	0.00862	0.01119	0.00701	0.00646	0.01238	0.01939	0.02405	0.19823	0.07458	0.54356	0.01975	0.00959	0.00270	0.00405	0.01663	0.00782	0.00701
8	0.03273	0.01392	0.01829	0.01435	0.02011	0.01264	0.01173	0.06741	0.05968	0.53922	0.09372	0.03063	0.02564	0.01073	0.00830	0.00252	0.00667	0.00882	0.00973	0.01314
9	0.42897	0.01409	0.01382	0.01181	0.01666	0.01496	0.00959	0.02738	0.04229	0.20251	0.12026	0.02515	0.02311	0.00976	0.00669	0.00253	0.00606	0.00720	0.00709	0.01009
10	0.01002	0.00712	0.00938	0.01113	0.01156	0.00668	0.00735	0.01133	0.01527	0.02036	0.04338	0.66348	0.05197	0.07379	0.01253	0.00362	0.00493	0.02228	0.00735	0.00647
11	0.01262	0.00847	0.01075	0.01034	0.01246	0.00765	0.00768	0.01575	0.02116	0.07194	0.43302	0.15791	0.16340	0.01810	0.00960	0.00269	0.00421	0.01588	0.00857	0.00778
12	0.01078	0.00762	0.00925	0.00995	0.01061	0.00723	0.00641	0.01197	0.01519	0.02021	0.10905	0.32622	0.10238	0.29029	0.02215	0.00493	0.00578	0.01724	0.00668	0.00609
13	0.01002	0.00716	0.00957	0.01145	0.01198	0.00671	0.00777	0.01153	0.01567	0.02086	0.04465	0.68341	0.05337	0.02529	0.01039	0.00331	0.00482	0.04786	0.00753	0.00663
14	0.01085	0.00900	0.00964	0.00984	0.01237	0.00824	0.00738	0.01493	0.07974	0.02303	0.06971	0.17001	0.47527	0.02045	0.00966	0.00288	0.00460	0.04739	0.00760	0.00743
15	0.01147	0.00762	0.00995	0.01115	0.01223	0.00699	0.00768	0.01320	0.01672	0.05838	0.08850	0.57485	0.10371	0.02355	0.01012	0.00315	0.00472	0.02117	0.00777	0.00709
16	0.00993	0.00724	0.00936	0.01093	0.01170	0.00667	0.00740	0.01153	0.01621	0.02142	0.07897	0.61277	0.11702	0.02449	0.01024	0.00320	0.00460	0.02204	0.00760	0.00667
17	0.01007	0.00807	0.00900	0.00912	0.01134	0.00700	0.00670	0.01244	0.01910	0.02419	0.20981	0.16472	0.43923	0.02034	0.00970	0.00278	0.00413	0.01741	0.00786	0.00700
18	0.05652	0.00930	0.01127	0.01081	0.01325	0.00880	0.00824	0.01744	0.03977	0.07415	0.37045	0.12901	0.15215	0.01733	0.00935	0.00273	0.00461	0.04844	0.00832	0.00806
19	0.01488	0.01047	0.01162	0.01069	0.01211	0.01075	0.00707	0.12121	0.01749	0.02325	0.05479	0.07869	0.07403	0.48398	0.03062	0.00614	0.00749	0.01201	0.00594	0.00679
20	0.01038	0.00871	0.00908	0.00890	0.01163	0.00765	0.00670	0.01374	0.05196	0.02387	0.15158	0.07342	0.55498	0.01956	0.00952	0.00272	0.00420	0.01641	0.00775	0.00726
21	0.01481	0.00759	0.00768	0.00768	0.00940	0.00759	0.00560	0.01824	0.01653	0.02889	0.02639	0.03239	0.02161	0.07551	0.00901	0.00245	0.00416	0.00796	0.68918	0.00732
22	0.01045	0.00814	0.00897	0.00888	0.01104	0.00716	0.00646	0.01278	0.01883	0.02420	0.21864	0.09551	0.41171	0.08432	0.01246	0.00317	0.00440	0.01597	0.03001	0.00688
23	0.01450	0.00770	0.00820	0.00820	0.00988	0.00783	0.00603	0.01788	0.01619	0.02792	0.02594	0.03237	0.02150	0.07495	0.07322	0.00347	0.00584	0.00803	0.62306	0.00731
24	0.02893	0.01826	0.02075	0.01652	0.02220	0.01933	0.01342	0.33955	0.11816	0.20828	0.05909	0.05363	0.02189	0.01100	0.00832	0.00254	0.00761	0.00882	0.00866	0.01305
25	0.01894	0.01989	0.02574	0.08682	0.02608	0.09482	0.04849	0.02135	0.01426	0.02000	0.01150	0.01799	0.01073	0.01262	0.02192	0.00327	0.52583	0.00703	0.00365	0.00905
26	0.01661	0.01492	0.02368	0.55374	0.08578	0.01803	0.02096	0.05252	0.05051	0.02375	0.01630	0.02233	0.01232	0.00836	0.00799	0.00263	0.01007	0.00734	0.04257	0.00960
27	0.01602	0.01507	0.02412	0.51361	0.08300	0.01812	0.02082	0.02081	0.01599	0.02151	0.01405	0.02062	0.01104	0.00852	0.00995	0.00263	0.08694	0.00695	0.00375	0.08649
28	0.05049	0.01380	0.01821	0.08179	0.15559	0.03510	0.01366	0.07918	0.01825	0.02620	0.02392	0.16635	0.02365	0.06531	0.08798	0.00411	0.00923	0.01073	0.07976	0.03669

[dist]
# distance from previous block
# <min> <max>
5	11

[block]
# block no. 5 follows, 23 sequences, length 19
# corresponding to MSA columns:
# 232-250
name=unknown_F
#
# <colnr> <probs for GDERKNQSTAVLIFYWHMCP>
#	G	D	E	R	K	N	Q	S	T	A	V	L	I	F	Y	W	H	M	C	P
0	0.01615	0.01541	0.02609	0.56184	0.12858	0.01861	0.03994	0.02133	0.01639	0.02153	0.01438	0.02125	0.01110	0.00829	0.00911	0.00271	0.04682	0.00727	0.00367	0.00953
1	0.05495	0.01785	0.03037	0.21035	0.32234	0.01877	0.10846	0.02559	0.05102	0.05717	0.01677	0.02132	0.01303	0.00775	0.00815	0.00256	0.01006	0.00757	0.00449	0.01144
2	0.01863	0.03544	0.43878	0.02764	0.15594	0.08155	0.02639	0.02745	0.06422	0.02591	0.01586	0.01843	0.01186	0.00792	0.00778	0.00251	0.01137	0.00640	0.00397	0.01198
3	0.01784	0.03667	0.50719	0.02442	0.06212	0.05070	0.08273	0.02604	0.01810	0.04648	0.04169	0.01970	0.01362	0.00808	0.00797	0.00255	0.01167	0.00677	0.00399	0.01169
4	0.06986	0.01656	0.02211	0.07399	0.21239	0.01625	0.01567	0.02663	0.14598	0.02825	0.01825	0.02063	0.01455	0.00765	0.00715	0.00207	0.00753	0.00656	0.00520	0.28271
5	0.04914	0.01493	0.02108	0.30982	0.09644	0.01696	0.01745	0.05118	0.13449	0.06162	0.02692	0.03242	0.07565	0.01073	0.00833	0.00272	0.00860	0.04558	0.00570	0.01025
6	0.02442	0.23492	0.16422	0.02070	0.05606	0.32551	0.01857	0.02832	0.01969	0.02116	0.01273	0.01494	0.01052	0.00776	0.00682	0.00210	0.01213	0.00522	0.00381	0.01040
7	0.33148	0.02775	0.32650	0.01683	0.02512	0.01765	0.01903	0.02545	0.01641	0.07435	0.04086	0.01799	0.01305	0.00816	0.00670	0.00254	0.00894	0.00583	0.00477	0.01061
8	0.02046	0.10853	0.02036	0.01560	0.04441	0.01780	0.01205	0.05155	0.29254	0.10920	0.12666	0.03578	0.08728	0.01186	0.00814	0.00253	0.00639	0.00981	0.00770	0.01135
9	0.01677	0.10380	0.61529	0.02228	0.03382	0.02005	0.02851	0.02557	0.01707	0.02509	0.01426	0.01676	0.01029	0.00764	0.00748	0.00249	0.01169	0.00584	0.00343	0.01185
10	0.01967	0.01874	0.03129	0.10401	0.57153	0.01923	0.02395	0.02566	0.05721	0.02646	0.01629	0.02085	0.01341	0.00754	0.00805	0.00246	0.00954	0.00735	0.00424	0.01252
11	0.01134	0.00900	0.01251	0.06256	0.01621	0.00977	0.00992	0.01319	0.01549	0.02103	0.06263	0.54623	0.04602	0.02239	0.01221	0.00325	0.09278	0.01956	0.00680	0.00710
12	0.10180	0.02380	0.02262	0.02070	0.06546	0.17857	0.01556	0.18309	0.10870	0.03177	0.01675	0.01884	0.01328	0.01011	0.01142	0.00263	0.15143	0.00672	0.00568	0.01105
13	0.01732	0.01231	0.01544	0.01517	0.01856	0.01244	0.01285	0.07436	0.10637	0.06788	0.03635	0.06636	0.03614	0.01753	0.00988	0.00319	0.00728	0.38483	0.00755	0.07818
14	0.01481	0.04972	0.05883	0.01369	0.01662	0.03844	0.01159	0.03874	0.01843	0.05876	0.04205	0.29100	0.11474	0.01974	0.00972	0.00309	0.00677	0.17800	0.00704	0.00819
15	0.05091	0.13108	0.07550	0.01634	0.02097	0.13705	0.01432	0.06970	0.06290	0.06093	0.05855	0.05919	0.07821	0.01211	0.00978	0.00257	0.08064	0.04358	0.00575	0.00994
16	0.02443	0.03804	0.02016	0.01626	0.02163	0.01920	0.01318	0.18953	0.29815	0.12462	0.02815	0.03000	0.02153	0.01087	0.00816	0.00256	0.00724	0.05049	0.00802	0.06776
17	0.03744	0.01962	0.04827	0.09266	0.02552	0.08831	0.01520	0.15814	0.05678	0.09972	0.02169	0.09388	0.01871	0.01171	0.01060	0.00265	0.10078	0.02619	0.00623	0.06591
18	0.10727	0.02738	0.21603	0.04767	0.05430	0.12517	0.01882	0.06406	0.04249	0.19147	0.01926	0.01986	0.01347	0.00861	0.00754	0.00247	0.00999	0.00653	0.00587	0.01173

[dist]
# distance from previous block
# <min> <max>
1	12

[block]
# block no. 6 follows, 23 sequences, length 9
# corresponding to MSA columns:
# 263-271
name=unknown_G
#
# <colnr> <probs for GDERKNQSTAVLIFYWHMCP>
#	G	D	E	R	K	N	Q	S	T	A	V	L	I	F	Y	W	H	M	C	P
0	0.08469	0.01671	0.06477	0.04807	0.05005	0.01603	0.01396	0.03079	0.18719	0.17303	0.11775	0.02941	0.02619	0.01080	0.00936	0.00261	0.05827	0.00861	0.00724	0.04447
1	0.01927	0.20126	0.42839	0.02105	0.03114	0.02164	0.06786	0.02641	0.01757	0.07188	0.01520	0.01726	0.01118	0.00764	0.00727	0.00238	0.01094	0.00601	0.00398	0.01167
2	0.01784	0.01685	0.06710	0.05789	0.02353	0.01466	0.04241	0.02764	0.20300	0.05466	0.05275	0.07482	0.02195	0.00986	0.00767	0.00220	0.00708	0.00849	0.00622	0.28339
3	0.02088	0.01583	0.01853	0.04930	0.02143	0.01700	0.01260	0.19581	0.13520	0.06456	0.09205	0.10083	0.02663	0.01214	0.00951	0.00252	0.05618	0.00983	0.02888	0.11029
4	0.01946	0.22729	0.10296	0.08269	0.02609	0.04454	0.03997	0.02623	0.11467	0.05141	0.01946	0.08233	0.01715	0.01059	0.00989	0.00255	0.09934	0.00803	0.00494	0.01042
5	0.02037	0.01839	0.01784	0.01598	0.02042	0.07429	0.01240	0.07541	0.47974	0.03233	0.03663	0.03428	0.10263	0.01190	0.00834	0.00268	0.00698	0.00972	0.00782	0.01186
6	0.02853	0.17930	0.02703	0.01945	0.02421	0.54801	0.01531	0.03073	0.02165	0.01970	0.01228	0.01430	0.01044	0.00807	0.00688	0.00202	0.01340	0.00504	0.00403	0.00961
7	0.02738	0.07884	0.08462	0.01684	0.02330	0.01982	0.01493	0.18496	0.19934	0.22523	0.02580	0.02413	0.01809	0.00975	0.00789	0.00250	0.00790	0.00770	0.00789	0.01308
8	0.01183	0.00822	0.01053	0.00996	0.01187	0.00765	0.00747	0.01566	0.02240	0.03232	0.59932	0.05771	0.07123	0.01591	0.00920	0.00249	0.00382	0.01399	0.08079	0.00765

[dist]
# distance from previous block
# <min> <max>
0	20

# created by:
# /st0/software/busco_prod/Augustus/scripts/msa2prfl.pl ./align_prep/121320.fa
