[name]
unknown

[dist]
# distance from previous block
# <min> <max>
7	37

[block]
# block no. 0 follows, 25 sequences, length 29
# corresponding to MSA columns:
# 38-66
name=unknown_A
#
# <colnr> <probs for GDERKNQSTAVLIFYWHMCP>
#	G	D	E	R	K	N	Q	S	T	A	V	L	I	F	Y	W	H	M	C	P
0	0.05702	0.01520	0.01391	0.01250	0.01602	0.09169	0.00965	0.14661	0.09680	0.02914	0.04057	0.10388	0.22371	0.01377	0.00791	0.00244	0.00639	0.01118	0.09264	0.00897
1	0.01072	0.00776	0.00994	0.01088	0.01194	0.00729	0.00745	0.03524	0.01613	0.02186	0.09444	0.57244	0.04878	0.05755	0.01105	0.00318	0.00478	0.01944	0.00709	0.04204
2	0.16460	0.55079	0.03367	0.01272	0.01897	0.02693	0.01223	0.02408	0.01569	0.06468	0.01207	0.01337	0.01026	0.00693	0.00513	0.00185	0.00775	0.00439	0.00400	0.00987
3	0.02906	0.02151	0.02304	0.01776	0.02389	0.02385	0.01464	0.62835	0.06207	0.04820	0.01914	0.01904	0.01361	0.00936	0.00776	0.00234	0.00843	0.00705	0.00776	0.01315
4	0.01608	0.01378	0.01608	0.01148	0.01837	0.01034	0.00919	0.01952	0.01608	0.02527	0.01378	0.01608	0.01148	0.00574	0.00574	0.00115	0.00574	0.00459	0.00459	0.77491
5	0.02633	0.01931	0.02085	0.01643	0.02164	0.02122	0.01323	0.54668	0.03251	0.04356	0.02077	0.06763	0.01718	0.08279	0.01110	0.00290	0.00817	0.00839	0.00741	0.01188
6	0.01896	0.01818	0.03105	0.08156	0.64700	0.01836	0.02368	0.02359	0.01754	0.02505	0.01454	0.01927	0.01218	0.00695	0.00768	0.00232	0.00927	0.00691	0.00382	0.01209
7	0.02388	0.02889	0.02398	0.02075	0.02418	0.43712	0.08993	0.02631	0.01913	0.01968	0.01477	0.07679	0.01381	0.01022	0.01077	0.00242	0.13708	0.00728	0.00416	0.00884
8	0.02947	0.02172	0.02327	0.01784	0.02404	0.02404	0.01474	0.65329	0.03646	0.04887	0.01862	0.01862	0.01319	0.00931	0.00776	0.00233	0.00853	0.00698	0.00776	0.01319
9	0.01109	0.00824	0.01211	0.01211	0.01338	0.00950	0.00926	0.01362	0.01236	0.01774	0.02109	0.03222	0.02015	0.11622	0.63976	0.01203	0.01962	0.00856	0.00420	0.00673
10	0.00978	0.00766	0.00863	0.00880	0.01066	0.00675	0.00631	0.01183	0.01756	0.02240	0.19469	0.17654	0.38796	0.08101	0.01191	0.00309	0.00428	0.01637	0.00727	0.00651
11	0.78228	0.01499	0.01140	0.01020	0.01499	0.01739	0.00840	0.02279	0.01320	0.03479	0.01080	0.01260	0.00840	0.00720	0.00480	0.00240	0.00600	0.00420	0.00480	0.00840
12	0.02947	0.02172	0.02327	0.01784	0.02404	0.02404	0.01474	0.65329	0.03646	0.04887	0.01862	0.01862	0.01319	0.00931	0.00776	0.00233	0.00853	0.00698	0.00776	0.01319
13	0.01117	0.00795	0.01066	0.01066	0.01142	0.00871	0.00745	0.01269	0.01193	0.01667	0.02242	0.03958	0.02334	0.35915	0.40119	0.01024	0.01481	0.00964	0.00440	0.00592
14	0.01205	0.00974	0.01433	0.01377	0.01493	0.01203	0.01090	0.01464	0.01236	0.01811	0.01901	0.02822	0.01786	0.05075	0.58534	0.01096	0.13573	0.00805	0.00403	0.00718
15	0.01697	0.01716	0.03066	0.04479	0.05015	0.06330	0.34591	0.02137	0.01757	0.04989	0.02414	0.23321	0.02390	0.01219	0.00908	0.00271	0.01007	0.01257	0.00514	0.00921
16	0.01541	0.01307	0.01536	0.01141	0.01766	0.00993	0.00899	0.01864	0.01595	0.02471	0.01670	0.08740	0.01550	0.00761	0.00616	0.00135	0.00562	0.00636	0.00486	0.69731
17	0.01608	0.01378	0.01608	0.01148	0.01837	0.01034	0.00919	0.01952	0.01608	0.02527	0.01378	0.01608	0.01148	0.00574	0.00574	0.00115	0.00574	0.00459	0.00459	0.77491
18	0.02071	0.41924	0.23222	0.01641	0.02442	0.02531	0.01795	0.08791	0.01833	0.05399	0.01343	0.01489	0.01067	0.00726	0.00610	0.00200	0.00919	0.00508	0.00404	0.01088
19	0.01575	0.01452	0.02424	0.37768	0.27251	0.01622	0.02037	0.02027	0.01624	0.02209	0.01737	0.09126	0.01548	0.00916	0.00786	0.00251	0.00912	0.00844	0.02924	0.00965
20	0.01293	0.00865	0.01057	0.01048	0.01300	0.00769	0.00819	0.01552	0.01837	0.08992	0.15235	0.16006	0.28697	0.01856	0.00930	0.00277	0.00489	0.12879	0.00755	0.03343
21	0.01959	0.01531	0.01873	0.05777	0.08717	0.01599	0.01310	0.25292	0.05384	0.03299	0.06430	0.13204	0.04100	0.03648	0.00920	0.00260	0.00718	0.04169	0.00660	0.09152
22	0.01906	0.01650	0.08556	0.06209	0.02256	0.01407	0.03189	0.10048	0.01884	0.10806	0.02004	0.08855	0.01703	0.01221	0.04394	0.00269	0.05821	0.00787	0.04408	0.22626
23	0.01729	0.01425	0.01945	0.01613	0.04157	0.01356	0.08246	0.10390	0.04965	0.05044	0.09645	0.10599	0.06472	0.01116	0.00867	0.00219	0.04223	0.00965	0.00607	0.24416
24	0.05633	0.01325	0.01524	0.01261	0.01704	0.01247	0.00975	0.15822	0.01983	0.04835	0.02229	0.19074	0.02188	0.01311	0.00935	0.06908	0.00618	0.00967	0.00599	0.28861
25	0.05237	0.01266	0.01844	0.20512	0.07772	0.01388	0.03423	0.06105	0.01724	0.09046	0.02339	0.08892	0.03994	0.05168	0.07713	0.00379	0.02884	0.03444	0.05979	0.00892
26	0.01774	0.01706	0.10284	0.12341	0.02764	0.01539	0.10033	0.02378	0.07379	0.11417	0.10230	0.05397	0.04710	0.01149	0.01051	0.00271	0.09345	0.04679	0.00580	0.00974
27	0.01625	0.01541	0.04161	0.13761	0.17422	0.05974	0.04153	0.02063	0.04157	0.04762	0.07807	0.19540	0.02704	0.01231	0.00826	0.00251	0.00791	0.01111	0.00540	0.05581
28	0.10686	0.17940	0.17980	0.01714	0.04196	0.01928	0.05453	0.02452	0.06282	0.07307	0.01626	0.02007	0.01329	0.07014	0.01015	0.00268	0.03757	0.00627	0.00453	0.05964

[dist]
# distance from previous block
# <min> <max>
10	68

[block]
# block no. 1 follows, 25 sequences, length 11
# corresponding to MSA columns:
# 141-151
name=unknown_B
#
# <colnr> <probs for GDERKNQSTAVLIFYWHMCP>
#	G	D	E	R	K	N	Q	S	T	A	V	L	I	F	Y	W	H	M	C	P
0	0.10153	0.01604	0.02060	0.01644	0.02110	0.01717	0.09192	0.18757	0.07744	0.03141	0.01824	0.02217	0.01479	0.04537	0.10086	0.00385	0.05621	0.00717	0.04385	0.10628
1	0.06696	0.01770	0.08406	0.07478	0.07560	0.01606	0.18758	0.05217	0.01733	0.02514	0.02045	0.11492	0.01940	0.01101	0.00950	0.00263	0.05768	0.06772	0.00482	0.07449
2	0.07172	0.01688	0.02272	0.01797	0.02355	0.01755	0.13628	0.09388	0.27944	0.10135	0.02379	0.02378	0.01753	0.00880	0.00761	0.00239	0.00763	0.00781	0.03539	0.08393
3	0.02208	0.04665	0.02071	0.09417	0.11601	0.06572	0.01429	0.09527	0.13107	0.15498	0.07279	0.02963	0.08233	0.01029	0.00783	0.00240	0.00765	0.00854	0.00665	0.01093
4	0.02132	0.01590	0.01986	0.07935	0.02376	0.01593	0.02900	0.13886	0.08990	0.11647	0.01853	0.01991	0.01391	0.00828	0.00856	0.00205	0.06712	0.00641	0.00596	0.29895
5	0.02314	0.16499	0.09792	0.02094	0.09387	0.24469	0.01656	0.07889	0.13827	0.02493	0.01634	0.01759	0.01296	0.00811	0.00694	0.00216	0.01023	0.00596	0.00478	0.01073
6	0.01900	0.01229	0.01654	0.01360	0.01792	0.01152	0.07782	0.06629	0.07708	0.19250	0.07300	0.07564	0.28578	0.01423	0.00864	0.00256	0.00611	0.01226	0.00760	0.00963
7	0.18074	0.29973	0.02727	0.01499	0.02056	0.18165	0.01292	0.13425	0.02027	0.02713	0.01242	0.01390	0.01020	0.00753	0.00589	0.00201	0.00919	0.00485	0.00455	0.00997
8	0.12019	0.08885	0.02537	0.01787	0.02398	0.05454	0.06970	0.43211	0.02937	0.04074	0.01635	0.01728	0.01202	0.00849	0.00722	0.00228	0.00885	0.00647	0.00646	0.01186
9	0.02037	0.01918	0.09165	0.14725	0.29772	0.01730	0.10929	0.02615	0.04229	0.12601	0.01764	0.02089	0.01314	0.00759	0.00789	0.00244	0.00963	0.00731	0.00477	0.01148
10	0.14575	0.06588	0.01866	0.01322	0.01908	0.01370	0.01108	0.03448	0.02038	0.53860	0.02618	0.02331	0.01690	0.00902	0.00714	0.00235	0.00663	0.00699	0.00842	0.01224

[dist]
# distance from previous block
# <min> <max>
0	1

[block]
# block no. 2 follows, 25 sequences, length 38
# corresponding to MSA columns:
# 153-190
name=unknown_C
#
# <colnr> <probs for GDERKNQSTAVLIFYWHMCP>
#	G	D	E	R	K	N	Q	S	T	A	V	L	I	F	Y	W	H	M	C	P
0	0.01097	0.00793	0.01036	0.00975	0.01158	0.00732	0.00732	0.01463	0.02195	0.03109	0.67505	0.05792	0.07316	0.01585	0.00914	0.00244	0.00366	0.01402	0.00854	0.00732
1	0.01017	0.00785	0.00928	0.00901	0.01111	0.00696	0.00672	0.01304	0.01992	0.02649	0.40570	0.08956	0.32074	0.01773	0.00918	0.00254	0.00380	0.01529	0.00794	0.00696
2	0.02662	0.30243	0.05632	0.01420	0.02036	0.07782	0.01294	0.02955	0.01914	0.30154	0.02266	0.02163	0.04561	0.00866	0.00665	0.00208	0.00799	0.00642	0.00622	0.01115
3	0.03479	0.01320	0.01799	0.01380	0.01979	0.01140	0.01140	0.03779	0.02219	0.68451	0.03059	0.02639	0.01919	0.00960	0.00780	0.00240	0.00660	0.00780	0.00960	0.01320
4	0.00945	0.00675	0.00900	0.01080	0.01125	0.00630	0.00720	0.01080	0.01484	0.01979	0.04274	0.72245	0.05128	0.02429	0.00990	0.00315	0.00450	0.02204	0.00720	0.00630
5	0.01864	0.01786	0.03047	0.12806	0.60300	0.01828	0.02352	0.02331	0.01739	0.02466	0.01449	0.01937	0.01204	0.00701	0.00769	0.00234	0.00935	0.00691	0.00379	0.01184
6	0.02141	0.02034	0.01856	0.01659	0.02099	0.13448	0.01285	0.06827	0.52634	0.03092	0.02763	0.02591	0.02085	0.01003	0.00773	0.00251	0.00758	0.00804	0.00722	0.01176
7	0.00945	0.00675	0.00900	0.01080	0.01125	0.00630	0.00720	0.01080	0.01484	0.01979	0.04274	0.72245	0.05128	0.02429	0.00990	0.00315	0.00450	0.02204	0.00720	0.00630
8	0.01830	0.02092	0.04575	0.03268	0.04052	0.01961	0.65098	0.02484	0.01830	0.02484	0.01569	0.02092	0.01176	0.00654	0.00915	0.00261	0.01307	0.00915	0.00392	0.01046
9	0.01646	0.03647	0.59600	0.08051	0.03455	0.01760	0.02715	0.02483	0.01660	0.05811	0.01476	0.01725	0.01035	0.00751	0.00742	0.00246	0.01111	0.00594	0.00361	0.01130
10	0.01919	0.01842	0.03147	0.04759	0.67914	0.01842	0.02380	0.02380	0.01765	0.02533	0.01458	0.01919	0.01228	0.00691	0.00768	0.00230	0.00921	0.00691	0.00384	0.01228
11	0.01017	0.00818	0.00925	0.00979	0.01215	0.00726	0.00788	0.01261	0.01773	0.02162	0.06727	0.07848	0.48610	0.02017	0.00963	0.00290	0.00489	0.20001	0.00718	0.00672
12	0.01527	0.01419	0.02363	0.57765	0.12715	0.01718	0.02102	0.02019	0.01568	0.02081	0.01423	0.02070	0.01095	0.00789	0.00822	0.00254	0.03253	0.00690	0.03427	0.00900
13	0.01486	0.01383	0.02414	0.59534	0.04885	0.01660	0.07428	0.01947	0.01531	0.01974	0.01392	0.02092	0.01071	0.00917	0.00967	0.06400	0.01028	0.00707	0.00348	0.00835
14	0.01059	0.00783	0.01007	0.01154	0.01246	0.00769	0.00811	0.01399	0.07369	0.02122	0.04158	0.60556	0.04822	0.02280	0.00979	0.00314	0.00487	0.07267	0.00725	0.00691
15	0.01555	0.04011	0.68733	0.02210	0.03356	0.01801	0.02865	0.02455	0.01637	0.02455	0.01391	0.01637	0.00982	0.00737	0.00737	0.00246	0.01146	0.00573	0.00327	0.01146
16	0.01295	0.00927	0.01486	0.01407	0.01604	0.00859	0.09599	0.01516	0.01598	0.08037	0.03793	0.56339	0.04296	0.02053	0.00960	0.00301	0.00587	0.01899	0.00696	0.00749
17	0.01555	0.04011	0.68733	0.02210	0.03356	0.01801	0.02865	0.02455	0.01637	0.02455	0.01391	0.01637	0.00982	0.00737	0.00737	0.00246	0.01146	0.00573	0.00327	0.01146
18	0.01566	0.01466	0.02383	0.55865	0.13347	0.01757	0.02100	0.02227	0.07432	0.02168	0.01549	0.02122	0.01180	0.00789	0.00775	0.00255	0.00981	0.00706	0.00390	0.00943
19	0.01806	0.01399	0.02094	0.05210	0.27951	0.01392	0.01547	0.07779	0.02072	0.08764	0.20115	0.06660	0.06127	0.01154	0.00834	0.00244	0.00695	0.02492	0.00636	0.01031
20	0.01771	0.04689	0.09671	0.09100	0.03871	0.01999	0.46655	0.02380	0.01727	0.02362	0.01474	0.01988	0.01128	0.00729	0.01005	0.00263	0.06965	0.00828	0.00376	0.01020
21	0.03108	0.01430	0.01867	0.01479	0.02006	0.01398	0.01214	0.06117	0.10013	0.51961	0.02839	0.02554	0.01869	0.01006	0.00940	0.00251	0.07029	0.00779	0.00876	0.01266
22	0.01745	0.03365	0.50992	0.02224	0.03229	0.01715	0.11064	0.02535	0.01740	0.08434	0.04496	0.01973	0.01374	0.00783	0.00773	0.00247	0.01089	0.00675	0.00416	0.01130
23	0.05535	0.02050	0.08631	0.17886	0.29428	0.06035	0.05054	0.05733	0.07360	0.02593	0.01572	0.01950	0.01231	0.00763	0.00758	0.00241	0.00968	0.00682	0.00431	0.01099
24	0.02795	0.02823	0.02321	0.02143	0.08289	0.33178	0.01558	0.28900	0.05082	0.03244	0.01568	0.01691	0.01202	0.00853	0.00740	0.00218	0.01101	0.00613	0.00568	0.01115
25	0.01311	0.00983	0.01316	0.01249	0.01440	0.01072	0.00985	0.07208	0.01819	0.02551	0.23547	0.04389	0.03866	0.05243	0.29449	0.00686	0.04402	0.07101	0.00618	0.00765
26	0.01713	0.01984	0.09747	0.11239	0.11200	0.01778	0.28269	0.04140	0.04188	0.02460	0.01906	0.05573	0.03775	0.00865	0.00914	0.00254	0.04168	0.00876	0.00433	0.04518
27	0.01759	0.02044	0.06870	0.11122	0.03936	0.01974	0.47360	0.02349	0.01712	0.02349	0.01473	0.02022	0.01132	0.00755	0.01084	0.00270	0.09561	0.00845	0.00377	0.01005
28	0.01081	0.00747	0.00888	0.00912	0.00959	0.00730	0.00566	0.01168	0.01358	0.01825	0.11216	0.16878	0.06811	0.46269	0.04834	0.00603	0.00673	0.01364	0.00572	0.00546
29	0.02755	0.01951	0.02158	0.01686	0.02224	0.02157	0.01382	0.51626	0.03196	0.09024	0.01953	0.02098	0.01442	0.03817	0.03424	0.00292	0.04226	0.00724	0.02637	0.01227
30	0.01593	0.01824	0.08747	0.08524	0.05214	0.01863	0.18951	0.02015	0.01477	0.02117	0.01538	0.05130	0.01374	0.01695	0.10896	0.00422	0.24502	0.00823	0.00382	0.00912
31	0.02180	0.29114	0.18631	0.01713	0.05667	0.02069	0.01663	0.02684	0.04074	0.16433	0.04244	0.01922	0.01501	0.00791	0.00659	0.00208	0.00836	0.00601	0.00510	0.04501
32	0.02800	0.01229	0.01605	0.01291	0.01789	0.01107	0.01044	0.03259	0.07509	0.48252	0.13128	0.03495	0.07677	0.01137	0.00811	0.00244	0.00592	0.00945	0.00912	0.01174
33	0.05242	0.01841	0.03453	0.15209	0.03710	0.01963	0.36175	0.02435	0.07206	0.02415	0.01569	0.02062	0.01214	0.00813	0.01090	0.00271	0.11114	0.00814	0.00414	0.00990
34	0.07382	0.01849	0.02658	0.13268	0.29101	0.07962	0.06382	0.02230	0.01610	0.02288	0.01325	0.01844	0.01118	0.00926	0.01163	0.04226	0.12630	0.00667	0.00377	0.00995
35	0.04412	0.01619	0.02578	0.04785	0.05576	0.03758	0.16031	0.01961	0.01419	0.02077	0.01454	0.02180	0.01309	0.04410	0.15908	0.00508	0.27999	0.00766	0.00381	0.00868
36	0.02009	0.02073	0.13677	0.09244	0.08783	0.01707	0.20455	0.02538	0.01754	0.13789	0.01701	0.02013	0.01247	0.00791	0.00950	0.00245	0.07347	0.00729	0.00476	0.08471
37	0.06019	0.07748	0.08738	0.02171	0.02833	0.01980	0.24384	0.16260	0.02126	0.05417	0.01643	0.01928	0.01236	0.00785	0.00843	0.00235	0.04330	0.00721	0.06033	0.04569

[dist]
# distance from previous block
# <min> <max>
0	34

[block]
# block no. 3 follows, 25 sequences, length 38
# corresponding to MSA columns:
# 225-262
name=unknown_D
#
# <colnr> <probs for GDERKNQSTAVLIFYWHMCP>
#	G	D	E	R	K	N	Q	S	T	A	V	L	I	F	Y	W	H	M	C	P
0	0.01630	0.34847	0.04781	0.01220	0.01667	0.01919	0.01110	0.04318	0.01894	0.02478	0.27422	0.07831	0.03767	0.01157	0.00713	0.00212	0.00633	0.00939	0.00580	0.00885
1	0.02297	0.01721	0.02169	0.02112	0.12200	0.01855	0.03611	0.25720	0.13580	0.09017	0.02355	0.09307	0.01936	0.01076	0.00865	0.00249	0.03647	0.00895	0.04225	0.01163
2	0.01923	0.01915	0.03491	0.04102	0.44705	0.01875	0.20753	0.04807	0.01852	0.02608	0.01504	0.01959	0.01214	0.00686	0.00806	0.00236	0.01022	0.00750	0.00403	0.03388
3	0.01038	0.01187	0.11313	0.01253	0.01467	0.00810	0.01049	0.01291	0.01508	0.02052	0.03831	0.61405	0.04492	0.02169	0.00951	0.00304	0.00557	0.01954	0.00660	0.00709
4	0.01815	0.02007	0.03777	0.05236	0.03456	0.04380	0.42346	0.02308	0.01647	0.02267	0.01390	0.01952	0.01119	0.00867	0.01375	0.00282	0.21599	0.00824	0.00375	0.00977
5	0.02779	0.13061	0.02574	0.01707	0.02328	0.02490	0.01443	0.53615	0.05425	0.04362	0.01784	0.01801	0.01304	0.00894	0.00733	0.00223	0.00842	0.00661	0.00708	0.01266
6	0.14538	0.01338	0.01623	0.01322	0.01843	0.01289	0.01080	0.03361	0.09606	0.44254	0.07126	0.02871	0.02252	0.01015	0.00753	0.00247	0.00627	0.02828	0.00851	0.01176
7	0.01457	0.03516	0.58302	0.01991	0.03001	0.01625	0.02515	0.02249	0.01657	0.02400	0.02384	0.02531	0.11209	0.00925	0.00764	0.00248	0.01030	0.00736	0.00388	0.01070
8	0.02797	0.01435	0.01733	0.01386	0.01918	0.01392	0.01126	0.14544	0.10368	0.38694	0.03591	0.03270	0.11949	0.01120	0.00801	0.00245	0.00648	0.00908	0.00868	0.01206
9	0.01464	0.01378	0.02326	0.70887	0.05340	0.01723	0.02153	0.01981	0.01550	0.01981	0.01378	0.02067	0.01034	0.00775	0.00775	0.00258	0.01034	0.00689	0.00345	0.00861
10	0.01445	0.00723	0.00723	0.00723	0.00903	0.00723	0.00542	0.01807	0.01626	0.02891	0.02529	0.02891	0.01987	0.00903	0.00542	0.00181	0.00361	0.00723	0.77055	0.00723
11	0.02187	0.01880	0.02733	0.13681	0.30110	0.04675	0.06187	0.17601	0.02225	0.06049	0.01652	0.01985	0.01266	0.00784	0.00770	0.00235	0.00936	0.00705	0.03186	0.01154
12	0.00983	0.00745	0.00911	0.00984	0.01132	0.00672	0.00708	0.01197	0.01736	0.02270	0.18703	0.35096	0.24843	0.02093	0.00955	0.00286	0.00428	0.04849	0.00748	0.00663
13	0.00945	0.00675	0.00900	0.01080	0.01125	0.00630	0.00720	0.01080	0.01484	0.01979	0.04274	0.72245	0.05128	0.02429	0.00990	0.00315	0.00450	0.02204	0.00720	0.00630
14	0.01597	0.03716	0.58884	0.02372	0.03463	0.01825	0.12418	0.02460	0.01667	0.02460	0.01419	0.01707	0.01012	0.00724	0.00764	0.00248	0.01171	0.00625	0.00337	0.01131
15	0.01919	0.01842	0.03147	0.04759	0.67914	0.01842	0.02380	0.02380	0.01765	0.02533	0.01458	0.01919	0.01228	0.00691	0.00768	0.00230	0.00921	0.00691	0.00384	0.01228
16	0.01810	0.02031	0.04237	0.03079	0.03743	0.02024	0.55365	0.02389	0.01731	0.02389	0.01484	0.02031	0.01152	0.00762	0.01165	0.00273	0.12057	0.00879	0.00384	0.01015
17	0.00945	0.00675	0.00900	0.01080	0.01125	0.00630	0.00720	0.01080	0.01484	0.01979	0.04274	0.72245	0.05128	0.02429	0.00990	0.00315	0.00450	0.02204	0.00720	0.00630
18	0.02018	0.40394	0.22121	0.01669	0.02414	0.12812	0.01772	0.02449	0.01709	0.02059	0.03430	0.01533	0.01206	0.00736	0.00611	0.00196	0.00991	0.00506	0.00358	0.01014
19	0.01256	0.01023	0.01610	0.06458	0.11863	0.01154	0.01265	0.01577	0.01346	0.01925	0.01935	0.02807	0.01769	0.04690	0.54476	0.01024	0.01829	0.00800	0.00406	0.00786
20	0.01354	0.01011	0.01327	0.01451	0.01669	0.01052	0.01246	0.01992	0.11722	0.02462	0.03960	0.07848	0.04141	0.01975	0.01028	0.00343	0.00699	0.53205	0.00725	0.00793
21	0.01736	0.01607	0.02636	0.41271	0.28780	0.01814	0.02193	0.06382	0.01772	0.02385	0.01441	0.01997	0.01126	0.00754	0.00772	0.00246	0.00979	0.00690	0.00388	0.01031
22	0.01782	0.01703	0.02900	0.24668	0.49076	0.01806	0.02311	0.02260	0.01701	0.02367	0.01434	0.01964	0.01170	0.00716	0.00770	0.00239	0.00955	0.00690	0.00372	0.01118
23	0.01558	0.01144	0.01451	0.01493	0.01758	0.01198	0.01282	0.11567	0.06669	0.02780	0.03693	0.07273	0.03831	0.01879	0.01006	0.00331	0.00728	0.48786	0.00729	0.00843
24	0.01059	0.00783	0.00988	0.00954	0.01139	0.00713	0.00709	0.01382	0.02079	0.02873	0.53856	0.10769	0.16415	0.01703	0.00920	0.00252	0.00376	0.01495	0.00824	0.00713
25	0.01647	0.07338	0.63245	0.02138	0.03241	0.01841	0.02730	0.02494	0.01654	0.04685	0.01433	0.01652	0.01015	0.00741	0.00726	0.00241	0.01114	0.00572	0.00349	0.01144
26	0.02438	0.02535	0.02143	0.12525	0.05386	0.31724	0.01557	0.16476	0.02314	0.02686	0.01606	0.02077	0.01314	0.00905	0.00788	0.00227	0.03026	0.03477	0.05821	0.00977
27	0.07852	0.01218	0.01568	0.01266	0.01749	0.01114	0.01024	0.03130	0.04819	0.45532	0.18568	0.03322	0.03175	0.01099	0.00793	0.00242	0.00583	0.00911	0.00895	0.01141
28	0.07273	0.02563	0.22170	0.06778	0.34629	0.06370	0.04461	0.02427	0.01717	0.02506	0.01394	0.01768	0.01102	0.00716	0.00739	0.00236	0.01015	0.00632	0.00373	0.01130
29	0.01766	0.01986	0.10366	0.20146	0.42832	0.01815	0.05281	0.02298	0.01703	0.02391	0.01437	0.01931	0.01152	0.00714	0.00773	0.00240	0.00991	0.00688	0.00369	0.01123
30	0.01707	0.26859	0.39625	0.01871	0.02772	0.02155	0.04779	0.02341	0.01664	0.02292	0.05990	0.01819	0.01444	0.00769	0.00677	0.00219	0.00991	0.00593	0.00369	0.01062
31	0.01835	0.01675	0.02538	0.27938	0.22943	0.01950	0.02009	0.09360	0.06359	0.02544	0.01526	0.02001	0.01215	0.00876	0.01046	0.00260	0.11742	0.00702	0.00435	0.01046
32	0.02044	0.16723	0.05151	0.05008	0.06594	0.21788	0.01451	0.05199	0.04063	0.02196	0.04521	0.05243	0.08168	0.01135	0.02328	0.00248	0.05977	0.00765	0.00467	0.00929
33	0.02589	0.01761	0.01767	0.01488	0.01958	0.11892	0.01176	0.08755	0.18011	0.26609	0.10397	0.02995	0.04979	0.01066	0.00790	0.00240	0.00734	0.00859	0.00794	0.01138
34	0.01342	0.01024	0.01262	0.01198	0.01438	0.01005	0.00889	0.03761	0.06891	0.04613	0.09510	0.35124	0.08724	0.01745	0.00991	0.00266	0.05423	0.01507	0.00681	0.12606
35	0.01484	0.01299	0.04535	0.01573	0.07041	0.03898	0.01165	0.01998	0.08510	0.05729	0.12579	0.19215	0.08097	0.01590	0.00886	0.00271	0.00629	0.12523	0.00679	0.06302
36	0.01758	0.14166	0.42562	0.02102	0.03052	0.06507	0.09248	0.02445	0.01684	0.02330	0.01349	0.01609	0.01018	0.00709	0.00706	0.00223	0.01092	0.00573	0.00349	0.06519
37	0.04985	0.02642	0.02524	0.09739	0.17405	0.33567	0.05983	0.04877	0.02030	0.06967	0.01450	0.01729	0.01136	0.00776	0.00738	0.00222	0.01151	0.00614	0.00445	0.01020

[dist]
# distance from previous block
# <min> <max>
5	24

[block]
# block no. 4 follows, 25 sequences, length 7
# corresponding to MSA columns:
# 287-293
name=unknown_E
#
# <colnr> <probs for GDERKNQSTAVLIFYWHMCP>
#	G	D	E	R	K	N	Q	S	T	A	V	L	I	F	Y	W	H	M	C	P
0	0.02202	0.05078	0.07206	0.01482	0.02081	0.01627	0.01284	0.19842	0.08795	0.11830	0.02211	0.09521	0.01827	0.00988	0.00732	0.00213	0.00710	0.00804	0.00657	0.20909
1	0.02115	0.25137	0.08307	0.07267	0.02736	0.19452	0.11435	0.05287	0.01883	0.02164	0.01742	0.01973	0.05696	0.00814	0.00696	0.00213	0.01060	0.00646	0.00406	0.00971
2	0.01768	0.01629	0.06471	0.01290	0.01690	0.08946	0.01073	0.09068	0.05033	0.08320	0.08995	0.04448	0.21505	0.09862	0.01197	0.00302	0.00708	0.02996	0.00654	0.04047
3	0.01723	0.01807	0.03467	0.11496	0.03494	0.01953	0.36509	0.02216	0.01617	0.02289	0.01468	0.02041	0.01172	0.00865	0.01287	0.00275	0.19055	0.00813	0.05503	0.00950
4	0.07891	0.06941	0.01648	0.01289	0.01695	0.01560	0.01029	0.11485	0.19086	0.07680	0.03758	0.10581	0.16766	0.01495	0.03381	0.00290	0.00656	0.01075	0.00703	0.00989
5	0.01823	0.01971	0.03960	0.03326	0.15756	0.01913	0.44620	0.02385	0.01756	0.02449	0.01495	0.02000	0.01172	0.00709	0.00990	0.00253	0.06490	0.00827	0.00391	0.05714
6	0.01306	0.01185	0.01957	0.14373	0.06126	0.01293	0.09712	0.01601	0.01520	0.02063	0.02820	0.37353	0.03123	0.01661	0.01125	0.00296	0.09674	0.01481	0.00541	0.00788

[dist]
# distance from previous block
# <min> <max>
0	3

[block]
# block no. 5 follows, 25 sequences, length 60
# corresponding to MSA columns:
# 297-356
name=unknown_F
#
# <colnr> <probs for GDERKNQSTAVLIFYWHMCP>
#	G	D	E	R	K	N	Q	S	T	A	V	L	I	F	Y	W	H	M	C	P
0	0.01677	0.08835	0.56900	0.02199	0.03264	0.01884	0.07462	0.02491	0.01666	0.04573	0.01437	0.01676	0.01029	0.00732	0.00734	0.00241	0.01119	0.00594	0.00353	0.01133
1	0.01772	0.01674	0.02833	0.19043	0.49514	0.01749	0.02250	0.02238	0.01720	0.02397	0.01627	0.02432	0.01413	0.00811	0.00791	0.00245	0.00931	0.05050	0.00398	0.01111
2	0.00945	0.00675	0.00900	0.01080	0.01125	0.00630	0.00720	0.01080	0.01484	0.01979	0.04274	0.72245	0.05128	0.02429	0.00990	0.00315	0.00450	0.02204	0.00720	0.00630
3	0.01555	0.04011	0.68733	0.02210	0.03356	0.01801	0.02865	0.02455	0.01637	0.02455	0.01391	0.01637	0.00982	0.00737	0.00737	0.00246	0.01146	0.00573	0.00327	0.01146
4	0.02267	0.02043	0.07250	0.15811	0.07802	0.04154	0.06212	0.28525	0.06040	0.05480	0.01891	0.02347	0.01458	0.00918	0.00796	0.00248	0.00938	0.04088	0.00594	0.01138
5	0.01612	0.10343	0.60731	0.02162	0.03252	0.01923	0.04691	0.02444	0.01637	0.02398	0.01368	0.01615	0.00990	0.00727	0.00720	0.00239	0.01122	0.00569	0.00330	0.01129
6	0.01385	0.00742	0.00817	0.00817	0.00990	0.00767	0.00619	0.01731	0.01558	0.02694	0.02448	0.02919	0.01979	0.01788	0.12995	0.00373	0.00670	0.00742	0.63250	0.00717
7	0.01026	0.00905	0.04121	0.01154	0.01304	0.00751	0.03167	0.01223	0.01543	0.02053	0.07725	0.49938	0.11557	0.08227	0.01217	0.00338	0.00528	0.01884	0.00676	0.00663
8	0.01925	0.01895	0.03011	0.11426	0.57909	0.05508	0.02308	0.02377	0.01767	0.02442	0.01436	0.01906	0.01196	0.00705	0.00765	0.00232	0.00959	0.00680	0.00381	0.01172
9	0.00955	0.00679	0.00897	0.01067	0.01109	0.00637	0.00706	0.01082	0.01465	0.01953	0.04171	0.68485	0.04999	0.06366	0.01155	0.00339	0.00467	0.02144	0.00706	0.00621
10	0.02497	0.01990	0.02071	0.01699	0.02233	0.04000	0.01366	0.36699	0.31296	0.04083	0.02414	0.02303	0.01772	0.00981	0.00779	0.00245	0.00762	0.00771	0.00771	0.01267
11	0.02167	0.02094	0.02465	0.31430	0.10146	0.14978	0.04212	0.18021	0.02228	0.02761	0.01479	0.01874	0.01122	0.00806	0.00765	0.00238	0.01058	0.00663	0.00468	0.01025
12	0.01959	0.01663	0.01765	0.01583	0.02022	0.01914	0.01242	0.07446	0.60415	0.03299	0.03121	0.03068	0.02392	0.01089	0.00799	0.00265	0.00631	0.03330	0.00785	0.01212
13	0.01830	0.02092	0.04575	0.03268	0.04052	0.01961	0.65098	0.02484	0.01830	0.02484	0.01569	0.02092	0.01176	0.00654	0.00915	0.00261	0.01307	0.00915	0.00392	0.01046
14	0.02601	0.02005	0.02083	0.01696	0.02239	0.05023	0.01366	0.36908	0.26548	0.07606	0.02373	0.02262	0.01722	0.00971	0.00777	0.00243	0.00778	0.00759	0.00774	0.01267
15	0.01254	0.01580	0.17660	0.04150	0.01908	0.01013	0.01353	0.01646	0.01674	0.04886	0.11444	0.34119	0.06455	0.01747	0.00904	0.00285	0.00658	0.05818	0.00634	0.00812
16	0.03396	0.01369	0.01820	0.01404	0.01999	0.01224	0.01157	0.06412	0.04793	0.63197	0.03012	0.02616	0.01911	0.00962	0.00780	0.00241	0.00666	0.00780	0.00945	0.01316
17	0.01555	0.04011	0.68733	0.02210	0.03356	0.01801	0.02865	0.02455	0.01637	0.02455	0.01391	0.01637	0.00982	0.00737	0.00737	0.00246	0.01146	0.00573	0.00327	0.01146
18	0.01610	0.01353	0.02077	0.24972	0.16843	0.01489	0.01778	0.02245	0.08966	0.04536	0.02511	0.04258	0.02337	0.01226	0.00869	0.00284	0.00850	0.20308	0.00540	0.00948
19	0.01919	0.01842	0.03147	0.04759	0.67914	0.01842	0.02380	0.02380	0.01765	0.02533	0.01458	0.01919	0.01228	0.00691	0.00768	0.00230	0.00921	0.00691	0.00384	0.01228
20	0.00933	0.00721	0.00852	0.00957	0.01092	0.00640	0.00665	0.01093	0.01602	0.02027	0.05762	0.45326	0.31087	0.02236	0.00959	0.00293	0.00426	0.01968	0.00720	0.00640
21	0.02462	0.04596	0.23036	0.02031	0.04948	0.01681	0.09740	0.08674	0.05016	0.26763	0.02137	0.02134	0.01450	0.00836	0.00774	0.00242	0.00921	0.00715	0.00630	0.01214
22	0.01150	0.00921	0.01244	0.01181	0.01405	0.00858	0.05275	0.04771	0.01858	0.02437	0.17004	0.28886	0.23443	0.01912	0.00941	0.00279	0.00511	0.04472	0.00725	0.00727
23	0.00945	0.00675	0.00900	0.01080	0.01125	0.00630	0.00720	0.01080	0.01484	0.01979	0.04274	0.72245	0.05128	0.02429	0.00990	0.00315	0.00450	0.02204	0.00720	0.00630
24	0.01555	0.04011	0.68733	0.02210	0.03356	0.01801	0.02865	0.02455	0.01637	0.02455	0.01391	0.01637	0.00982	0.00737	0.00737	0.00246	0.01146	0.00573	0.00327	0.01146
25	0.01754	0.02313	0.14178	0.07479	0.03888	0.01949	0.46879	0.02403	0.01737	0.02403	0.01490	0.01992	0.01126	0.00724	0.00993	0.00264	0.06187	0.00831	0.00375	0.01035
26	0.01883	0.01805	0.03082	0.10023	0.62933	0.01833	0.02362	0.02348	0.01748	0.02489	0.01452	0.01931	0.01213	0.00698	0.00768	0.00233	0.00930	0.00691	0.00381	0.01199
27	0.00945	0.00675	0.00900	0.01080	0.01125	0.00630	0.00720	0.01080	0.01484	0.01979	0.04274	0.72245	0.05128	0.02429	0.00990	0.00315	0.00450	0.02204	0.00720	0.00630
28	0.01149	0.00962	0.01492	0.01540	0.04534	0.00980	0.06937	0.01359	0.01526	0.02080	0.05732	0.53479	0.04263	0.02052	0.01118	0.00306	0.07288	0.01842	0.00642	0.00720
29	0.01912	0.02623	0.26609	0.06871	0.27333	0.03931	0.06497	0.02515	0.01745	0.07975	0.01549	0.01874	0.01170	0.00757	0.00824	0.00243	0.03347	0.00664	0.00409	0.01151
30	0.01555	0.04011	0.68733	0.02210	0.03356	0.01801	0.02865	0.02455	0.01637	0.02455	0.01391	0.01637	0.00982	0.00737	0.00737	0.00246	0.01146	0.00573	0.00327	0.01146
31	0.01596	0.03754	0.60746	0.02465	0.08813	0.01810	0.05220	0.02450	0.01655	0.02463	0.01404	0.01678	0.01010	0.00730	0.00746	0.00245	0.01133	0.00596	0.00335	0.01149
32	0.01689	0.01695	0.02586	0.06011	0.05977	0.02223	0.07782	0.01943	0.01302	0.01965	0.01150	0.01812	0.01077	0.01374	0.04480	0.00352	0.54643	0.00708	0.00350	0.00883
33	0.01574	0.03876	0.64223	0.02284	0.03405	0.01812	0.07240	0.02457	0.01651	0.02457	0.01404	0.01669	0.00996	0.00731	0.00749	0.00247	0.01157	0.00597	0.00332	0.01139
34	0.01464	0.01378	0.02326	0.70887	0.05340	0.01723	0.02153	0.01981	0.01550	0.01981	0.01378	0.02067	0.01034	0.00775	0.00775	0.00258	0.01034	0.00689	0.00345	0.00861
35	0.01784	0.01681	0.02836	0.04250	0.58672	0.01674	0.02150	0.02200	0.01727	0.02456	0.01848	0.11650	0.01768	0.00931	0.00798	0.00242	0.00856	0.00900	0.00430	0.01145
36	0.01176	0.00735	0.00964	0.01079	0.01185	0.00677	0.00743	0.01337	0.01563	0.07611	0.04240	0.61161	0.07140	0.02227	0.00952	0.00301	0.00462	0.02004	0.03749	0.00692
37	0.01050	0.00781	0.00977	0.00948	0.01134	0.00708	0.00703	0.01364	0.02054	0.02821	0.50831	0.11700	0.18608	0.01728	0.00921	0.00253	0.00378	0.01514	0.00817	0.00708
38	0.01830	0.02092	0.04575	0.03268	0.04052	0.01961	0.65098	0.02484	0.01830	0.02484	0.01569	0.02092	0.01176	0.00654	0.00915	0.00261	0.01307	0.00915	0.00392	0.01046
39	0.01540	0.03695	0.60787	0.02187	0.03249	0.01739	0.06118	0.02392	0.01684	0.02500	0.05745	0.01935	0.01409	0.00788	0.00758	0.00246	0.01103	0.00646	0.00366	0.01113
40	0.01919	0.01842	0.03147	0.04759	0.67914	0.01842	0.02380	0.02380	0.01765	0.02533	0.01458	0.01919	0.01228	0.00691	0.00768	0.00230	0.00921	0.00691	0.00384	0.01228
41	0.03192	0.01295	0.01733	0.01357	0.01912	0.01149	0.01110	0.03603	0.05816	0.59304	0.08485	0.02918	0.02398	0.01017	0.00792	0.00242	0.00632	0.00838	0.00941	0.01265
42	0.05438	0.28996	0.22631	0.01782	0.05002	0.04911	0.01800	0.07877	0.01870	0.10784	0.01507	0.01622	0.01138	0.00754	0.00645	0.00212	0.00920	0.00546	0.00458	0.01107
43	0.01584	0.03409	0.52314	0.02286	0.03275	0.01733	0.13081	0.02339	0.01617	0.02367	0.01417	0.01774	0.01045	0.00887	0.00959	0.06742	0.01133	0.00639	0.00339	0.01061
44	0.01000	0.00734	0.00959	0.01085	0.01185	0.00664	0.00736	0.01153	0.01495	0.02025	0.04030	0.66303	0.04793	0.02273	0.00955	0.00298	0.00460	0.02057	0.00698	0.07095
45	0.01815	0.02196	0.08073	0.03210	0.04014	0.01952	0.61705	0.02482	0.01820	0.02482	0.01559	0.02067	0.01166	0.00658	0.00905	0.00261	0.01298	0.00896	0.00389	0.01051
46	0.01551	0.01454	0.02384	0.58081	0.12613	0.01751	0.02115	0.02179	0.06143	0.02136	0.01513	0.02107	0.01151	0.00785	0.00775	0.00255	0.00991	0.00702	0.00380	0.00931
47	0.13395	0.03623	0.58295	0.02026	0.03069	0.01791	0.02552	0.02428	0.01588	0.02614	0.01343	0.01579	0.00960	0.00734	0.00697	0.00245	0.01062	0.00549	0.00351	0.01099
48	0.01041	0.00778	0.01024	0.01122	0.01165	0.00799	0.00768	0.01174	0.01450	0.01968	0.07289	0.53397	0.04589	0.11916	0.01521	0.00373	0.06449	0.01884	0.00661	0.00632
49	0.04968	0.28292	0.32605	0.01864	0.02721	0.07146	0.05477	0.02491	0.01672	0.04342	0.01317	0.01522	0.01023	0.00717	0.00650	0.00214	0.01023	0.00531	0.00364	0.01062
50	0.01902	0.07580	0.05447	0.01363	0.01789	0.06257	0.01158	0.07290	0.11577	0.11688	0.14708	0.06973	0.12162	0.01318	0.00821	0.00249	0.00668	0.05368	0.00713	0.00971
51	0.02745	0.13086	0.02460	0.01848	0.02324	0.45919	0.01458	0.13497	0.05288	0.02451	0.01382	0.01523	0.01114	0.00814	0.00688	0.00203	0.01191	0.00538	0.00471	0.00998
52	0.01058	0.00777	0.01045	0.05982	0.01437	0.00789	0.00841	0.01251	0.01525	0.02097	0.06253	0.54081	0.06541	0.02095	0.00994	0.00296	0.03303	0.01864	0.07104	0.00667
53	0.01347	0.01190	0.02016	0.26783	0.03122	0.01270	0.11999	0.01753	0.01652	0.02254	0.07316	0.17953	0.07174	0.01267	0.00839	0.00262	0.00786	0.01175	0.09040	0.00803
54	0.01397	0.00959	0.01205	0.01234	0.01421	0.00954	0.00917	0.08083	0.04311	0.05971	0.03669	0.43266	0.04057	0.04583	0.03786	0.00353	0.00622	0.09753	0.00713	0.02746
55	0.02125	0.01640	0.02001	0.01631	0.02022	0.01823	0.04718	0.31151	0.02501	0.03497	0.04190	0.12098	0.02066	0.01198	0.01057	0.00252	0.11621	0.00937	0.09391	0.04081
56	0.02154	0.01470	0.01775	0.07263	0.02169	0.01512	0.01230	0.25179	0.02518	0.11631	0.12548	0.09503	0.02867	0.01212	0.00818	0.00242	0.00692	0.05483	0.00732	0.09002
57	0.02482	0.01618	0.05018	0.01523	0.02165	0.01374	0.05454	0.11597	0.04149	0.27104	0.02240	0.04713	0.01635	0.00862	0.00730	0.00205	0.00716	0.00724	0.00697	0.24993
58	0.04141	0.01500	0.06835	0.01325	0.01811	0.01289	0.01135	0.08292	0.12312	0.08827	0.17802	0.05678	0.06682	0.01157	0.00783	0.00227	0.00603	0.02962	0.00699	0.15940
59	0.02275	0.01728	0.06544	0.01507	0.02072	0.01592	0.01294	0.17416	0.16734	0.15633	0.08183	0.02845	0.02290	0.01008	0.00772	0.00230	0.00692	0.03598	0.00737	0.12849

[dist]
# distance from previous block
# <min> <max>
1	3

[block]
# block no. 6 follows, 25 sequences, length 6
# corresponding to MSA columns:
# 360-365
name=unknown_G
#
# <colnr> <probs for GDERKNQSTAVLIFYWHMCP>
#	G	D	E	R	K	N	Q	S	T	A	V	L	I	F	Y	W	H	M	C	P
0	0.09195	0.01893	0.10334	0.02237	0.17107	0.01678	0.01603	0.11317	0.12629	0.06821	0.05528	0.02785	0.06824	0.00980	0.00760	0.00241	0.00757	0.02398	0.00599	0.04314
1	0.18845	0.01853	0.02708	0.05900	0.35192	0.04974	0.09741	0.02511	0.06233	0.02736	0.01492	0.01844	0.01198	0.00726	0.00721	0.00238	0.00903	0.00663	0.00434	0.01090
2	0.01837	0.01600	0.02252	0.06038	0.13274	0.01481	0.07389	0.11819	0.01959	0.02822	0.01672	0.06340	0.01442	0.00788	0.00708	0.00187	0.00763	0.00704	0.00500	0.36426
3	0.01988	0.01960	0.02955	0.08115	0.35788	0.06649	0.11101	0.05306	0.13103	0.02664	0.01762	0.02084	0.01393	0.00771	0.00789	0.00240	0.00962	0.00742	0.00470	0.01158
4	0.01815	0.01717	0.02837	0.13835	0.50648	0.01724	0.02165	0.02269	0.01715	0.02453	0.01437	0.01901	0.01190	0.00688	0.00745	0.00220	0.00894	0.00662	0.00388	0.10699
5	0.02073	0.01797	0.02830	0.06876	0.41190	0.01852	0.06094	0.07313	0.12161	0.07211	0.01867	0.02135	0.01448	0.00785	0.00782	0.00240	0.00880	0.00741	0.00514	0.01211

[dist]
# distance from previous block
# <min> <max>
12	17

[block]
# block no. 7 follows, 25 sequences, length 6
# corresponding to MSA columns:
# 383-388
name=unknown_H
#
# <colnr> <probs for GDERKNQSTAVLIFYWHMCP>
#	G	D	E	R	K	N	Q	S	T	A	V	L	I	F	Y	W	H	M	C	P
0	0.02230	0.01697	0.05318	0.01465	0.02030	0.01574	0.01233	0.22762	0.09487	0.12089	0.08858	0.06295	0.02278	0.01006	0.00756	0.00217	0.00682	0.00823	0.00711	0.18491
1	0.01917	0.01506	0.01989	0.06715	0.02332	0.01351	0.06511	0.11412	0.02013	0.07931	0.06637	0.02119	0.01697	0.00755	0.00690	0.00175	0.00703	0.00647	0.00560	0.42342
2	0.06021	0.01581	0.01729	0.01719	0.09047	0.07320	0.01205	0.14905	0.03892	0.06385	0.02493	0.05628	0.07251	0.01534	0.07815	0.00332	0.03896	0.00825	0.11902	0.04521
3	0.04839	0.01460	0.01591	0.01378	0.01722	0.03774	0.01085	0.21722	0.05287	0.08188	0.06497	0.11068	0.05659	0.07045	0.01153	0.00295	0.04654	0.04437	0.07187	0.00961
4	0.01488	0.01213	0.01466	0.05074	0.01824	0.01037	0.00938	0.05354	0.01654	0.02423	0.02146	0.17778	0.02186	0.07151	0.00977	0.00229	0.00603	0.00934	0.00530	0.44995
5	0.05642	0.01678	0.05489	0.24498	0.22519	0.05246	0.04233	0.02071	0.01635	0.02252	0.01840	0.08421	0.01718	0.04964	0.00968	0.00283	0.00930	0.04245	0.00426	0.00942

[dist]
# distance from previous block
# <min> <max>
0	1

[block]
# block no. 8 follows, 25 sequences, length 33
# corresponding to MSA columns:
# 390-393,397-409,411-426
name=unknown_I
#
# <colnr> <probs for GDERKNQSTAVLIFYWHMCP>
#	G	D	E	R	K	N	Q	S	T	A	V	L	I	F	Y	W	H	M	C	P
0	0.01919	0.01823	0.02770	0.10221	0.40136	0.05872	0.06030	0.02431	0.04590	0.04662	0.01775	0.02134	0.03469	0.00759	0.00762	0.00225	0.00914	0.00714	0.00437	0.08359
1	0.01805	0.01619	0.02790	0.28992	0.28896	0.01744	0.08522	0.02277	0.01701	0.06749	0.01732	0.02206	0.03266	0.00802	0.00857	0.00250	0.03580	0.00748	0.00418	0.01046
2	0.01164	0.00860	0.01142	0.01249	0.01437	0.00805	0.01003	0.01436	0.01665	0.02213	0.04090	0.29537	0.07622	0.02077	0.00987	0.00314	0.00594	0.32939	0.00691	0.08174
3	0.01608	0.01378	0.01608	0.01148	0.01837	0.01034	0.00919	0.01952	0.01608	0.02527	0.01378	0.01608	0.01148	0.00574	0.00574	0.00115	0.00574	0.00459	0.00459	0.77491
4	0.01128	0.00752	0.00846	0.00846	0.00846	0.00752	0.00470	0.01128	0.01128	0.01503	0.02443	0.05074	0.02819	0.72751	0.03946	0.00752	0.00752	0.01128	0.00470	0.00470
5	0.01090	0.00792	0.01026	0.00967	0.01154	0.00728	0.00725	0.01448	0.02176	0.03065	0.64912	0.05864	0.09936	0.01602	0.00915	0.00245	0.00367	0.01412	0.00848	0.00728
6	0.03377	0.01298	0.01759	0.01356	0.01942	0.01120	0.01118	0.03673	0.02201	0.65816	0.03249	0.02831	0.04528	0.01000	0.00785	0.00241	0.00649	0.00814	0.00950	0.01293
7	0.78228	0.01499	0.01140	0.01020	0.01499	0.01739	0.00840	0.02279	0.01320	0.03479	0.01080	0.01260	0.00840	0.00720	0.00480	0.00240	0.00600	0.00420	0.00480	0.00840
8	0.01866	0.01602	0.01764	0.01693	0.04655	0.01830	0.01276	0.03820	0.57976	0.03130	0.03174	0.03388	0.02512	0.01137	0.00814	0.00270	0.00635	0.06511	0.00766	0.01180
9	0.02972	0.02132	0.02303	0.01765	0.02385	0.02346	0.01458	0.62479	0.03579	0.07830	0.01917	0.01898	0.01346	0.00932	0.00776	0.00233	0.00844	0.00702	0.00784	0.01319
10	0.01829	0.01574	0.01661	0.01509	0.01922	0.01801	0.01168	0.03819	0.60055	0.03125	0.03499	0.05605	0.06687	0.01159	0.00804	0.00265	0.00594	0.00972	0.00782	0.01169
11	0.02945	0.02250	0.02320	0.01795	0.02404	0.05873	0.01475	0.62118	0.03571	0.04732	0.01827	0.01838	0.01302	0.00924	0.00772	0.00231	0.00881	0.00688	0.00756	0.01297
12	0.01699	0.01432	0.01657	0.01192	0.01876	0.01126	0.00956	0.06247	0.01746	0.02686	0.01411	0.01625	0.01160	0.00598	0.00588	0.00123	0.00593	0.00476	0.00481	0.72329
13	0.02947	0.02172	0.02327	0.01784	0.02404	0.02404	0.01474	0.65329	0.03646	0.04887	0.01862	0.01862	0.01319	0.00931	0.00776	0.00233	0.00853	0.00698	0.00776	0.01319
14	0.01696	0.01696	0.02375	0.02036	0.02036	0.02375	0.01696	0.01866	0.01187	0.01866	0.01018	0.01696	0.01018	0.01357	0.02545	0.00339	0.71332	0.00679	0.00339	0.00848
15	0.02947	0.02172	0.02327	0.01784	0.02404	0.02404	0.01474	0.65329	0.03646	0.04887	0.01862	0.01862	0.01319	0.00931	0.00776	0.00233	0.00853	0.00698	0.00776	0.01319
16	0.01097	0.00793	0.01036	0.00975	0.01158	0.00732	0.00732	0.01463	0.02195	0.03109	0.67505	0.05792	0.07316	0.01585	0.00914	0.00244	0.00366	0.01402	0.00854	0.00732
17	0.02031	0.02101	0.02334	0.06290	0.02346	0.15065	0.01666	0.08299	0.01641	0.02174	0.01157	0.01679	0.01045	0.01174	0.01913	0.00297	0.46844	0.00647	0.00394	0.00904
18	0.03479	0.01320	0.01799	0.01380	0.01979	0.01140	0.01140	0.03779	0.02219	0.68451	0.03059	0.02639	0.01919	0.00960	0.00780	0.00240	0.00660	0.00780	0.00960	0.01320
19	0.02896	0.03695	0.02197	0.01998	0.02397	0.69638	0.01498	0.03096	0.02197	0.01898	0.01199	0.01398	0.00999	0.00799	0.00699	0.00200	0.01398	0.00499	0.00400	0.00899
20	0.01060	0.00786	0.00992	0.00980	0.01163	0.00718	0.00737	0.01373	0.02025	0.02772	0.46947	0.12752	0.17527	0.01768	0.00932	0.00261	0.00400	0.05291	0.00808	0.00707
21	0.01830	0.02092	0.04575	0.03268	0.04052	0.01961	0.65098	0.02484	0.01830	0.02484	0.01569	0.02092	0.01176	0.00654	0.00915	0.00261	0.01307	0.00915	0.00392	0.01046
22	0.05896	0.02172	0.02203	0.01731	0.02310	0.06488	0.01414	0.54125	0.06173	0.04513	0.03986	0.01982	0.01521	0.00941	0.00764	0.00233	0.00850	0.00705	0.00743	0.01250
23	0.01009	0.00778	0.00921	0.00908	0.01110	0.00690	0.00672	0.01283	0.01951	0.02586	0.37051	0.12956	0.31644	0.01822	0.00923	0.00258	0.00385	0.01576	0.00786	0.00690
24	0.00994	0.00679	0.00882	0.01045	0.01103	0.00639	0.00702	0.01151	0.01498	0.02068	0.04103	0.65477	0.04822	0.02280	0.00946	0.00302	0.00441	0.02060	0.08169	0.00639
25	0.01696	0.01696	0.02375	0.02036	0.02036	0.02375	0.01696	0.01866	0.01187	0.01866	0.01018	0.01696	0.01018	0.01357	0.02545	0.00339	0.71332	0.00679	0.00339	0.00848
26	0.01151	0.00830	0.01131	0.01299	0.01448	0.00810	0.01072	0.01441	0.01707	0.02219	0.04382	0.24955	0.08564	0.02204	0.01040	0.00340	0.00626	0.43377	0.00716	0.00689
27	0.01206	0.00862	0.01200	0.01379	0.01538	0.00855	0.01175	0.01532	0.01742	0.02272	0.04129	0.17730	0.04557	0.02183	0.01059	0.00351	0.00677	0.54137	0.00715	0.00702
28	0.01919	0.01842	0.03147	0.04759	0.67914	0.01842	0.02380	0.02380	0.01765	0.02533	0.01458	0.01919	0.01228	0.00691	0.00768	0.00230	0.00921	0.00691	0.00384	0.01228
29	0.01726	0.01730	0.02632	0.02162	0.02346	0.02211	0.12103	0.02206	0.08654	0.02121	0.01384	0.01940	0.01226	0.01351	0.04251	0.00347	0.49546	0.00745	0.00401	0.00918
30	0.01665	0.01689	0.02727	0.18000	0.03126	0.02157	0.12284	0.01994	0.01377	0.01994	0.01191	0.01847	0.01048	0.01108	0.01870	0.00308	0.43661	0.00720	0.00349	0.00884
31	0.04993	0.02134	0.03842	0.02804	0.03504	0.07114	0.47242	0.06378	0.01914	0.02610	0.01508	0.01945	0.01151	0.00703	0.00904	0.00247	0.03555	0.00811	0.00423	0.06217
32	0.01762	0.01464	0.01958	0.01426	0.02076	0.01215	0.07245	0.02123	0.01645	0.06949	0.01488	0.01730	0.01195	0.00657	0.00744	0.00152	0.05056	0.00539	0.00479	0.60098

[dist]
# distance from previous block
# <min> <max>
0	14

[block]
# block no. 9 follows, 25 sequences, length 12
# corresponding to MSA columns:
# 441-452
name=unknown_J
#
# <colnr> <probs for GDERKNQSTAVLIFYWHMCP>
#	G	D	E	R	K	N	Q	S	T	A	V	L	I	F	Y	W	H	M	C	P
0	0.01652	0.01697	0.03211	0.26983	0.04004	0.01884	0.28380	0.02123	0.01577	0.02140	0.01393	0.02027	0.01106	0.00923	0.01257	0.04156	0.13433	0.00781	0.00363	0.00910
