[name]
unknown

[dist]
# distance from previous block
# <min> <max>
0	87

[block]
# block no. 0 follows, 24 sequences, length 16
# corresponding to MSA columns:
# 87-102
name=unknown_A
#
# <colnr> <probs for GDERKNQSTAVLIFYWHMCP>
#	G	D	E	R	K	N	Q	S	T	A	V	L	I	F	Y	W	H	M	C	P
0	0.01564	0.01126	0.01384	0.01362	0.01619	0.01207	0.01116	0.10522	0.07906	0.02749	0.03247	0.05426	0.04790	0.05556	0.13802	0.00503	0.00952	0.24866	0.09455	0.00849
1	0.01683	0.07390	0.23547	0.01593	0.02151	0.06962	0.01607	0.02129	0.01747	0.08213	0.05895	0.25589	0.02890	0.01408	0.00826	0.00262	0.00817	0.01199	0.03150	0.00941
2	0.43798	0.06864	0.16188	0.01475	0.02135	0.06843	0.01454	0.08244	0.01725	0.03237	0.01257	0.01440	0.00958	0.00762	0.00594	0.00238	0.00834	0.00496	0.00469	0.00988
3	0.07891	0.00914	0.01158	0.01138	0.01351	0.00900	0.00861	0.01728	0.01797	0.10026	0.23268	0.21403	0.04657	0.05009	0.09441	0.00422	0.00708	0.05805	0.00738	0.00784
4	0.02725	0.02085	0.02140	0.01724	0.02251	0.08338	0.01395	0.44917	0.03113	0.07837	0.02039	0.04888	0.01590	0.01620	0.09220	0.00367	0.01051	0.00779	0.00720	0.01201
5	0.03010	0.02367	0.02367	0.01845	0.02458	0.08668	0.01510	0.58809	0.03590	0.04712	0.01841	0.01860	0.01318	0.00939	0.00786	0.00235	0.00925	0.00695	0.00757	0.01308
6	0.10832	0.01141	0.01334	0.01163	0.01540	0.01073	0.00890	0.02220	0.06497	0.14251	0.18147	0.14487	0.03640	0.04845	0.00955	0.00264	0.00546	0.01112	0.00729	0.14337
7	0.05059	0.02304	0.11451	0.02563	0.03223	0.08091	0.33135	0.02538	0.01814	0.07856	0.01813	0.07164	0.01498	0.00916	0.01006	0.00267	0.06901	0.00899	0.00466	0.01035
8	0.02661	0.11522	0.02477	0.01848	0.02327	0.29761	0.01484	0.19681	0.10356	0.02925	0.01628	0.01749	0.01284	0.00909	0.00857	0.00227	0.06053	0.00616	0.00549	0.01085
9	0.00977	0.00707	0.00924	0.01076	0.01148	0.00654	0.00729	0.01139	0.01597	0.02128	0.09797	0.62060	0.09367	0.02382	0.01001	0.00313	0.00449	0.02149	0.00748	0.00654
10	0.01801	0.02188	0.09419	0.06667	0.08065	0.01920	0.49807	0.02449	0.01823	0.02495	0.01679	0.04768	0.01339	0.00754	0.00907	0.00266	0.01250	0.00932	0.00406	0.01064
11	0.03558	0.01350	0.01840	0.01411	0.02024	0.01166	0.01166	0.03865	0.02270	0.67734	0.03128	0.02699	0.01963	0.00981	0.00797	0.00245	0.00675	0.00797	0.00981	0.01350
12	0.00966	0.00690	0.00920	0.01104	0.01150	0.00644	0.00736	0.01104	0.01518	0.02024	0.04371	0.71614	0.05245	0.02484	0.01012	0.00322	0.00460	0.02254	0.00736	0.00644
13	0.03098	0.02087	0.02297	0.01761	0.02392	0.02261	0.01455	0.55224	0.03504	0.14630	0.02092	0.02026	0.01443	0.00956	0.00794	0.00239	0.00842	0.00727	0.00822	0.01349
14	0.03508	0.04226	0.05284	0.01780	0.02391	0.07316	0.01451	0.08162	0.02522	0.45741	0.05507	0.03073	0.02319	0.01234	0.00954	0.00315	0.00907	0.00890	0.00969	0.01449
15	0.01107	0.00907	0.01013	0.01170	0.01242	0.05448	0.00792	0.01249	0.01569	0.02018	0.04149	0.66678	0.04948	0.02367	0.00991	0.00314	0.00528	0.02132	0.00713	0.00663

[dist]
# distance from previous block
# <min> <max>
7	15

[block]
# block no. 1 follows, 24 sequences, length 7
# corresponding to MSA columns:
# 118-124
name=unknown_B
#
# <colnr> <probs for GDERKNQSTAVLIFYWHMCP>
#	G	D	E	R	K	N	Q	S	T	A	V	L	I	F	Y	W	H	M	C	P
0	0.06046	0.28048	0.36040	0.04974	0.02886	0.02319	0.02167	0.04912	0.01712	0.02418	0.01310	0.01540	0.01017	0.00736	0.00656	0.00222	0.01009	0.00530	0.00364	0.01094
1	0.01765	0.30820	0.38009	0.01833	0.02735	0.02289	0.02169	0.02377	0.01620	0.02208	0.01348	0.01621	0.01081	0.01104	0.05649	0.00294	0.01114	0.00542	0.00343	0.01077
2	0.01998	0.36479	0.16032	0.01601	0.02250	0.09269	0.01611	0.05760	0.01753	0.02158	0.01450	0.04644	0.01302	0.01268	0.05541	0.03860	0.01039	0.00603	0.00394	0.00987
3	0.04218	0.06370	0.11025	0.03854	0.07695	0.01361	0.01300	0.05702	0.01780	0.02782	0.04928	0.05591	0.01971	0.01216	0.04457	0.00271	0.00742	0.00770	0.28839	0.05126
4	0.04437	0.06853	0.04923	0.11382	0.18715	0.01806	0.18132	0.05656	0.01880	0.02605	0.06524	0.07164	0.04498	0.00958	0.00827	0.00252	0.00950	0.00928	0.00481	0.01031
5	0.02573	0.08526	0.02494	0.02189	0.09176	0.34612	0.04355	0.11694	0.06602	0.02631	0.01591	0.01786	0.01268	0.00832	0.00721	0.00215	0.01117	0.00615	0.05962	0.01040
6	0.01720	0.01039	0.01368	0.04296	0.01694	0.01005	0.01034	0.06450	0.02136	0.14679	0.25672	0.14542	0.06849	0.01655	0.00933	0.00280	0.00573	0.12374	0.00815	0.00887

[dist]
# distance from previous block
# <min> <max>
0	2

[block]
# block no. 2 follows, 24 sequences, length 14
# corresponding to MSA columns:
# 127-140
name=unknown_C
#
# <colnr> <probs for GDERKNQSTAVLIFYWHMCP>
#	G	D	E	R	K	N	Q	S	T	A	V	L	I	F	Y	W	H	M	C	P
0	0.02027	0.01304	0.01607	0.01365	0.01748	0.01327	0.03608	0.16333	0.05483	0.10736	0.04842	0.06099	0.04780	0.01521	0.04374	0.05357	0.00726	0.05688	0.16629	0.04444
1	0.06024	0.01525	0.06463	0.01445	0.02071	0.01215	0.01262	0.03602	0.02164	0.58133	0.02984	0.05344	0.01987	0.01017	0.00792	0.00249	0.00699	0.00828	0.00908	0.01291
2	0.01684	0.01722	0.02967	0.26266	0.11524	0.04824	0.20191	0.02170	0.01732	0.02294	0.05166	0.07637	0.01789	0.00961	0.00971	0.00268	0.05525	0.00922	0.00431	0.00956
3	0.01100	0.00786	0.01074	0.01257	0.01362	0.00759	0.00969	0.01335	0.01650	0.02174	0.04297	0.44718	0.04952	0.02358	0.01048	0.00341	0.00576	0.27830	0.00734	0.00681
4	0.61608	0.01679	0.01301	0.01148	0.01623	0.06194	0.00932	0.07172	0.01615	0.03520	0.01279	0.01463	0.00991	0.00771	0.00533	0.00238	0.00670	0.00479	0.05891	0.00892
5	0.01644	0.01409	0.01644	0.01175	0.01879	0.01057	0.00940	0.01997	0.01644	0.02584	0.01409	0.01644	0.01175	0.00587	0.00587	0.00117	0.00587	0.00470	0.00470	0.76979
6	0.77733	0.01534	0.01166	0.01043	0.01534	0.01779	0.00859	0.02331	0.01350	0.03558	0.01104	0.01288	0.00859	0.00736	0.00491	0.00245	0.00613	0.00429	0.00491	0.00859
7	0.01957	0.14872	0.03026	0.02103	0.02385	0.06897	0.09890	0.04756	0.01546	0.02114	0.01174	0.01691	0.01070	0.01108	0.01801	0.00290	0.41334	0.00665	0.00375	0.00945
8	0.00948	0.00804	0.00818	0.00815	0.01078	0.00674	0.00611	0.01159	0.01833	0.02202	0.11441	0.07532	0.63418	0.01986	0.00937	0.00267	0.00400	0.01660	0.00744	0.00674
9	0.67921	0.01585	0.01327	0.01164	0.01625	0.01865	0.00961	0.05564	0.01464	0.03506	0.01141	0.01355	0.00899	0.00798	0.00670	0.00253	0.06056	0.00465	0.00495	0.00885
10	0.02073	0.01422	0.01710	0.01302	0.01912	0.01218	0.01043	0.05004	0.06068	0.15796	0.02042	0.05695	0.01636	0.00840	0.00739	0.00176	0.02835	0.00676	0.00619	0.47194
11	0.01970	0.01595	0.01999	0.01602	0.04785	0.01455	0.04049	0.11947	0.04613	0.05971	0.01716	0.03769	0.01400	0.00785	0.00778	0.00178	0.04293	0.00633	0.00553	0.45911
12	0.02271	0.01686	0.02052	0.04969	0.08266	0.01634	0.01341	0.18686	0.08679	0.10600	0.01921	0.02013	0.01435	0.00796	0.00714	0.00196	0.00730	0.00646	0.00632	0.30735
13	0.02315	0.01904	0.06024	0.03001	0.28037	0.01788	0.06084	0.12833	0.06683	0.13359	0.01981	0.02246	0.01508	0.03566	0.00913	0.00257	0.00879	0.00750	0.00586	0.05285

[dist]
# distance from previous block
# <min> <max>
8	16

[block]
# block no. 3 follows, 24 sequences, length 18
# corresponding to MSA columns:
# 157-174
name=unknown_D
#
# <colnr> <probs for GDERKNQSTAVLIFYWHMCP>
#	G	D	E	R	K	N	Q	S	T	A	V	L	I	F	Y	W	H	M	C	P
0	0.02709	0.14349	0.02555	0.01972	0.04686	0.44695	0.01508	0.10323	0.02261	0.02316	0.01341	0.01564	0.01116	0.01058	0.04029	0.00256	0.01286	0.00545	0.00444	0.00989
1	0.02824	0.02098	0.02241	0.01755	0.02348	0.02330	0.01438	0.54583	0.11282	0.04708	0.02094	0.02076	0.01508	0.00966	0.00785	0.00240	0.00822	0.00737	0.03852	0.01312
2	0.02141	0.01794	0.03004	0.07609	0.55985	0.01788	0.02263	0.02594	0.01853	0.10761	0.01694	0.02063	0.01335	0.00745	0.00787	0.00238	0.00914	0.00718	0.00465	0.01250
3	0.02228	0.50945	0.11248	0.01597	0.02319	0.05955	0.04588	0.02582	0.01727	0.08404	0.01368	0.01508	0.01118	0.00723	0.00596	0.00193	0.00921	0.00508	0.00408	0.01066
4	0.00952	0.00804	0.00824	0.00819	0.01080	0.00676	0.00614	0.01166	0.01842	0.02225	0.12693	0.07496	0.62151	0.01978	0.00937	0.00266	0.00399	0.01655	0.00747	0.00676
5	0.01377	0.00689	0.01033	0.01033	0.01033	0.00689	0.00689	0.01033	0.01033	0.01377	0.01377	0.02410	0.01377	0.02755	0.03099	0.76928	0.00689	0.00689	0.00344	0.00344
6	0.06618	0.21180	0.02696	0.01607	0.02209	0.05935	0.01380	0.37785	0.02839	0.03804	0.01649	0.01736	0.01255	0.00858	0.00683	0.00215	0.00853	0.00612	0.04911	0.01177
7	0.01588	0.03505	0.53746	0.02168	0.05343	0.01732	0.02557	0.02511	0.05760	0.02626	0.07281	0.02138	0.01677	0.00843	0.00769	0.00248	0.01042	0.00681	0.00418	0.03368
8	0.01711	0.09130	0.58882	0.02242	0.05227	0.01917	0.02734	0.02546	0.01694	0.04749	0.01461	0.01688	0.01047	0.00754	0.00737	0.00244	0.01123	0.00585	0.00360	0.01169
9	0.01612	0.08073	0.55744	0.10756	0.03600	0.01913	0.02739	0.02442	0.01659	0.02410	0.01401	0.01704	0.01012	0.00754	0.00743	0.00248	0.01137	0.00591	0.00337	0.01126
10	0.01103	0.00795	0.01042	0.01011	0.01180	0.00735	0.00747	0.01447	0.02153	0.03035	0.58915	0.14190	0.07201	0.01730	0.00945	0.00259	0.00385	0.01537	0.00856	0.00735
11	0.02744	0.01442	0.01766	0.01448	0.01979	0.01405	0.01175	0.07419	0.18418	0.36519	0.04783	0.03252	0.04504	0.01101	0.00813	0.00252	0.00657	0.04214	0.00873	0.05236
12	0.01633	0.09537	0.62955	0.02188	0.03321	0.01944	0.02805	0.02500	0.01669	0.02460	0.01398	0.01642	0.01006	0.00747	0.00734	0.00245	0.01146	0.00573	0.00335	0.01160
13	0.68218	0.10477	0.01542	0.01082	0.01597	0.01950	0.00921	0.02336	0.01382	0.03345	0.01104	0.01286	0.00879	0.00729	0.00493	0.00236	0.00643	0.00429	0.00472	0.00879
14	0.02461	0.01999	0.10220	0.01598	0.02235	0.01759	0.01435	0.25376	0.10418	0.14802	0.02529	0.02478	0.05015	0.00964	0.00763	0.00231	0.00762	0.00761	0.05119	0.09075
15	0.01804	0.02111	0.07872	0.02806	0.03400	0.02066	0.39504	0.02332	0.01662	0.02362	0.01424	0.01970	0.01143	0.00873	0.01377	0.00281	0.20876	0.00821	0.00385	0.04930
16	0.01362	0.00978	0.01229	0.01175	0.01318	0.01062	0.00843	0.09233	0.01560	0.02142	0.02439	0.09931	0.02534	0.29701	0.30025	0.00869	0.01310	0.01073	0.00520	0.00698
17	0.06032	0.54200	0.10403	0.01444	0.02128	0.06434	0.01466	0.02367	0.01649	0.02041	0.01500	0.01651	0.04400	0.00765	0.00567	0.00189	0.00879	0.00510	0.00371	0.01002

[dist]
# distance from previous block
# <min> <max>
0	4

[block]
# block no. 4 follows, 24 sequences, length 9
# corresponding to MSA columns:
# 179-187
name=unknown_E
#
# <colnr> <probs for GDERKNQSTAVLIFYWHMCP>
#	G	D	E	R	K	N	Q	S	T	A	V	L	I	F	Y	W	H	M	C	P
0	0.02050	0.53867	0.11917	0.01488	0.02218	0.06035	0.01526	0.02396	0.01654	0.02018	0.01178	0.01366	0.01031	0.00686	0.00557	0.00177	0.00893	0.00453	0.00354	0.08135
1	0.01135	0.03883	0.01248	0.01178	0.01288	0.00996	0.00863	0.01313	0.01593	0.02137	0.11727	0.41136	0.12422	0.04958	0.01298	0.00322	0.09367	0.01763	0.00676	0.00697
2	0.02432	0.01780	0.01823	0.01563	0.01963	0.11182	0.01240	0.05376	0.19030	0.20451	0.05356	0.02842	0.05448	0.01110	0.01014	0.00256	0.09599	0.00835	0.05597	0.01103
3	0.02120	0.72609	0.04155	0.01357	0.02035	0.03138	0.01357	0.02374	0.01611	0.01866	0.01102	0.01272	0.01018	0.00678	0.00509	0.00170	0.00848	0.00424	0.00339	0.01018
4	0.01945	0.01631	0.01951	0.01460	0.02123	0.01478	0.04314	0.13527	0.10540	0.03112	0.01749	0.01891	0.01373	0.00722	0.00671	0.00167	0.00682	0.00594	0.00569	0.49502
5	0.01498	0.01409	0.02378	0.70226	0.05462	0.01762	0.02202	0.02026	0.01586	0.02026	0.01409	0.02114	0.01057	0.00793	0.00793	0.00264	0.01057	0.00705	0.00352	0.00881
6	0.01908	0.01470	0.01953	0.01407	0.02109	0.01159	0.06893	0.02284	0.01745	0.10833	0.01645	0.01824	0.01277	0.00645	0.00646	0.00148	0.00668	0.00555	0.00528	0.60300
7	0.01864	0.02079	0.04404	0.03315	0.08177	0.01941	0.56481	0.02501	0.01854	0.02546	0.01585	0.02098	0.01205	0.00666	0.00905	0.00256	0.01267	0.00893	0.00405	0.05557
8	0.01644	0.01409	0.01644	0.01175	0.01879	0.01057	0.00940	0.01997	0.01644	0.02584	0.01409	0.01644	0.01175	0.00587	0.00587	0.00117	0.00587	0.00470	0.00470	0.76979

[dist]
# distance from previous block
# <min> <max>
0	44

[block]
# block no. 5 follows, 24 sequences, length 104
# corresponding to MSA columns:
# 232-335
name=unknown_F
#
# <colnr> <probs for GDERKNQSTAVLIFYWHMCP>
#	G	D	E	R	K	N	Q	S	T	A	V	L	I	F	Y	W	H	M	C	P
0	0.01626	0.07174	0.62512	0.02263	0.03397	0.01908	0.05350	0.02506	0.01679	0.02483	0.01416	0.01675	0.01013	0.00746	0.00750	0.00248	0.01164	0.00593	0.00338	0.01161
1	0.01133	0.00850	0.01274	0.01274	0.01416	0.00991	0.00991	0.01416	0.01274	0.01841	0.02124	0.03115	0.01982	0.05947	0.68989	0.01274	0.02124	0.00850	0.00425	0.00708
2	0.01673	0.14742	0.58103	0.02120	0.03215	0.02043	0.02686	0.02490	0.01664	0.02411	0.01373	0.01612	0.01007	0.00742	0.00715	0.00238	0.01122	0.00561	0.00336	0.01148
3	0.00960	0.00804	0.00835	0.00827	0.01085	0.00679	0.00621	0.01183	0.01862	0.02271	0.15323	0.07420	0.59493	0.01960	0.00937	0.00265	0.00398	0.01644	0.00753	0.00679
4	0.01008	0.00799	0.00909	0.00920	0.01138	0.00700	0.00689	0.01257	0.01898	0.02426	0.23582	0.14002	0.41011	0.01961	0.00952	0.00273	0.00416	0.04591	0.00774	0.00691
5	0.00980	0.00700	0.00937	0.01121	0.01173	0.00656	0.00761	0.01129	0.01532	0.02040	0.04363	0.68731	0.05213	0.02471	0.01016	0.00324	0.00472	0.04996	0.00736	0.00648
6	0.01959	0.01894	0.03278	0.04806	0.64637	0.01889	0.04934	0.02438	0.01808	0.02589	0.01496	0.01970	0.01254	0.00705	0.00791	0.00237	0.00958	0.00716	0.00393	0.01249
7	0.01872	0.02139	0.04679	0.03342	0.04144	0.02005	0.64305	0.02540	0.01872	0.02540	0.01604	0.02139	0.01203	0.00668	0.00936	0.00267	0.01337	0.00936	0.00401	0.01070
8	0.02769	0.02302	0.02360	0.04787	0.05152	0.10383	0.01570	0.44835	0.07545	0.04143	0.01834	0.01922	0.01352	0.00949	0.00873	0.00242	0.04347	0.00700	0.00692	0.01244
9	0.01112	0.00802	0.01050	0.01005	0.01182	0.00741	0.00747	0.01469	0.02194	0.03100	0.62457	0.10460	0.07328	0.01681	0.00941	0.00254	0.00380	0.01491	0.00863	0.00741
10	0.74916	0.01547	0.01242	0.01185	0.03975	0.01783	0.00917	0.02335	0.01366	0.03522	0.01119	0.01313	0.00874	0.00735	0.00502	0.00245	0.00626	0.00440	0.00487	0.00874
11	0.02038	0.01675	0.01790	0.01588	0.02053	0.01899	0.01239	0.04114	0.60264	0.06440	0.03155	0.02897	0.02352	0.01053	0.00798	0.00262	0.00628	0.00876	0.00803	0.04075
12	0.01604	0.04006	0.64947	0.02313	0.03467	0.01850	0.05910	0.02513	0.01684	0.02513	0.01432	0.01697	0.01014	0.00749	0.00762	0.00252	0.01180	0.00603	0.00338	0.01167
13	0.02120	0.72609	0.04155	0.01357	0.02035	0.03138	0.01357	0.02374	0.01611	0.01866	0.01102	0.01272	0.01018	0.00678	0.00509	0.00170	0.00848	0.00424	0.00339	0.01018
14	0.00989	0.00723	0.00931	0.01053	0.01147	0.00664	0.00723	0.01174	0.01672	0.02231	0.15212	0.53583	0.12401	0.02288	0.00991	0.00304	0.00439	0.02053	0.00759	0.00664
15	0.01153	0.00769	0.00865	0.00865	0.00865	0.00769	0.00480	0.01153	0.01153	0.01538	0.02499	0.05189	0.02883	0.72131	0.04036	0.00769	0.00769	0.01153	0.00480	0.00480
16	0.00975	0.00694	0.00918	0.01093	0.01137	0.00650	0.00724	0.01106	0.01501	0.02002	0.04284	0.68556	0.05136	0.05691	0.01151	0.00343	0.00474	0.02204	0.00724	0.00637
17	0.77733	0.01534	0.01166	0.01043	0.01534	0.01779	0.00859	0.02331	0.01350	0.03558	0.01104	0.01288	0.00859	0.00736	0.00491	0.00245	0.00613	0.00429	0.00491	0.00859
18	0.01075	0.00768	0.01045	0.01229	0.01323	0.00738	0.00926	0.01293	0.01626	0.02146	0.04310	0.49684	0.05006	0.02382	0.01041	0.00337	0.00555	0.23108	0.00734	0.00674
19	0.02958	0.02358	0.02337	0.01837	0.02439	0.09343	0.01497	0.55214	0.06607	0.04598	0.01898	0.01906	0.01367	0.00944	0.00786	0.00236	0.00919	0.00702	0.00754	0.01299
20	0.29465	0.01615	0.05068	0.38424	0.03863	0.01784	0.04822	0.02186	0.01517	0.02635	0.01308	0.01792	0.00989	0.00764	0.00687	0.00257	0.00914	0.00610	0.00405	0.00896
21	0.01963	0.01884	0.03219	0.04867	0.67185	0.01884	0.02434	0.02434	0.01806	0.02591	0.01492	0.01963	0.01256	0.00707	0.00785	0.00236	0.00942	0.00707	0.00393	0.01256
22	0.02223	0.64165	0.03921	0.01441	0.02086	0.11211	0.01378	0.02472	0.01689	0.01875	0.01118	0.01291	0.01018	0.00695	0.00534	0.00174	0.00919	0.00435	0.00348	0.01006
23	0.01644	0.01409	0.01644	0.01175	0.01879	0.01057	0.00940	0.01997	0.01644	0.02584	0.01409	0.01644	0.01175	0.00587	0.00587	0.00117	0.00587	0.00470	0.00470	0.76979
24	0.03014	0.02221	0.02380	0.01825	0.02459	0.02459	0.01507	0.64541	0.03728	0.04998	0.01904	0.01904	0.01349	0.00952	0.00793	0.00238	0.00873	0.00714	0.00793	0.01349
25	0.03014	0.02221	0.02380	0.01825	0.02459	0.02459	0.01507	0.64541	0.03728	0.04998	0.01904	0.01904	0.01349	0.00952	0.00793	0.00238	0.00873	0.00714	0.00793	0.01349
26	0.01361	0.00927	0.01286	0.01438	0.01641	0.00916	0.01253	0.01719	0.01843	0.05056	0.04272	0.08648	0.06367	0.02135	0.01078	0.00357	0.00718	0.57490	0.00741	0.00754
27	0.01655	0.00910	0.00928	0.00864	0.01101	0.00937	0.00664	0.09062	0.01901	0.03191	0.02508	0.02835	0.01954	0.00927	0.00582	0.00191	0.00427	0.00736	0.67818	0.00809
28	0.01478	0.00739	0.00739	0.00739	0.00924	0.00739	0.00554	0.01848	0.01663	0.02956	0.02587	0.02956	0.02033	0.00924	0.00554	0.00185	0.00370	0.00739	0.76534	0.00739
29	0.01670	0.14403	0.58419	0.02124	0.03222	0.02037	0.02693	0.02491	0.01665	0.02414	0.01375	0.01614	0.01006	0.00742	0.00717	0.00239	0.01123	0.00562	0.00335	0.01149
30	0.03252	0.05211	0.02187	0.01587	0.02213	0.01822	0.01323	0.30050	0.02869	0.37363	0.02499	0.02285	0.01651	0.00954	0.00782	0.00238	0.00769	0.00743	0.00869	0.01333
31	0.01214	0.00867	0.01205	0.01388	0.01543	0.00858	0.01167	0.01533	0.01763	0.02302	0.04234	0.21711	0.04702	0.02250	0.01078	0.00356	0.00675	0.49708	0.00731	0.00713
32	0.01008	0.00751	0.01069	0.01184	0.01265	0.00701	0.03142	0.01178	0.01567	0.02100	0.07317	0.65773	0.05201	0.02373	0.01005	0.00316	0.00489	0.02164	0.00730	0.00665
33	0.01122	0.00811	0.01060	0.00998	0.01185	0.00748	0.00748	0.01496	0.02245	0.03180	0.66766	0.05923	0.07482	0.01621	0.00935	0.00249	0.00374	0.01434	0.00873	0.00748
34	0.01866	0.01786	0.03045	0.18400	0.54405	0.01859	0.02386	0.02349	0.01760	0.02474	0.01475	0.01994	0.01215	0.00724	0.00787	0.00241	0.00966	0.00706	0.00384	0.01178
35	0.00973	0.00805	0.00854	0.00841	0.01093	0.00685	0.00631	0.01208	0.01893	0.02346	0.19540	0.07297	0.55229	0.01932	0.00937	0.00264	0.00396	0.01627	0.00763	0.00685
36	0.01943	0.01864	0.03183	0.07652	0.64555	0.01879	0.02424	0.02416	0.01796	0.02567	0.01488	0.01969	0.01248	0.00710	0.00785	0.00237	0.00947	0.00706	0.00391	0.01240
37	0.00979	0.00699	0.00935	0.01119	0.01171	0.00655	0.00759	0.01127	0.01531	0.02039	0.04363	0.69002	0.05216	0.02472	0.01016	0.00324	0.00471	0.04738	0.00736	0.00648
38	0.01644	0.01409	0.01644	0.01175	0.01879	0.01057	0.00940	0.01997	0.01644	0.02584	0.01409	0.01644	0.01175	0.00587	0.00587	0.00117	0.00587	0.00470	0.00470	0.76979
39	0.09138	0.54775	0.11607	0.01466	0.02176	0.05561	0.01510	0.02420	0.01621	0.02105	0.01147	0.01329	0.01001	0.00699	0.00546	0.00188	0.00890	0.00448	0.00356	0.01018
40	0.02015	0.01724	0.01817	0.01622	0.02078	0.01992	0.01265	0.06664	0.63233	0.03385	0.03174	0.02916	0.02377	0.01071	0.00806	0.00268	0.00638	0.00889	0.00806	0.01259
41	0.02019	0.02173	0.06302	0.07391	0.51621	0.08618	0.05423	0.02498	0.01837	0.02493	0.01463	0.01911	0.01209	0.00722	0.00784	0.00236	0.01027	0.00692	0.00390	0.01192
42	0.03057	0.01258	0.01682	0.01340	0.01869	0.01108	0.01087	0.03418	0.04203	0.54044	0.09255	0.06378	0.05308	0.01155	0.00826	0.00251	0.00624	0.00962	0.00945	0.01231
43	0.02517	0.01758	0.01930	0.01607	0.02126	0.01933	0.01286	0.21701	0.34617	0.14356	0.02798	0.02608	0.02016	0.01018	0.00791	0.00253	0.00697	0.00821	0.03892	0.01277
44	0.02017	0.59313	0.16550	0.01532	0.02306	0.02886	0.01662	0.02401	0.01623	0.01991	0.01165	0.01350	0.01015	0.00693	0.00556	0.00185	0.00911	0.00455	0.00338	0.01048
45	0.01092	0.00787	0.01032	0.01019	0.01178	0.00728	0.00746	0.01419	0.02102	0.02953	0.54495	0.18843	0.07042	0.01791	0.00950	0.00264	0.00391	0.01595	0.00846	0.00728
46	0.01231	0.04575	0.01217	0.01022	0.01227	0.00967	0.00755	0.01662	0.07106	0.02708	0.40277	0.05464	0.11490	0.15148	0.01500	0.00349	0.00498	0.01307	0.00752	0.00744
47	0.00966	0.00690	0.00920	0.01104	0.01150	0.00644	0.00736	0.01104	0.01518	0.02024	0.04371	0.71614	0.05245	0.02484	0.01012	0.00322	0.00460	0.02254	0.00736	0.00644
48	0.02084	0.67877	0.08566	0.01419	0.02132	0.03048	0.01465	0.02384	0.01616	0.01910	0.01125	0.01300	0.01017	0.00684	0.00526	0.00175	0.00870	0.00435	0.00339	0.01028
49	0.01101	0.00801	0.01037	0.00997	0.01176	0.00736	0.00740	0.01448	0.02166	0.03039	0.59019	0.11160	0.10190	0.01708	0.00941	0.00256	0.00382	0.01510	0.00856	0.00736
50	0.01944	0.01909	0.03048	0.14293	0.54943	0.05190	0.02355	0.02410	0.01795	0.02476	0.01466	0.01958	0.01215	0.00725	0.00783	0.00238	0.00983	0.00697	0.00387	0.01184
51	0.01649	0.11688	0.60950	0.02160	0.03277	0.01985	0.02756	0.02496	0.01667	0.02440	0.01388	0.01630	0.01006	0.00745	0.00726	0.00242	0.01136	0.00568	0.00335	0.01155
52	0.01938	0.01818	0.02812	0.07025	0.40783	0.01912	0.05247	0.02968	0.21528	0.02784	0.02029	0.02287	0.01603	0.00823	0.00800	0.00249	0.00871	0.00777	0.00519	0.01228
53	0.01152	0.00772	0.00882	0.00882	0.00888	0.00778	0.00502	0.01164	0.01158	0.01550	0.02483	0.05101	0.02845	0.69312	0.06803	0.00790	0.00827	0.01140	0.00478	0.00490
54	0.00974	0.00696	0.00927	0.01099	0.01152	0.00649	0.00737	0.01124	0.01554	0.02082	0.07463	0.68358	0.05356	0.02442	0.01008	0.00318	0.00456	0.02214	0.00743	0.00649
55	0.02093	0.69078	0.07447	0.01403	0.02107	0.03071	0.01438	0.02382	0.01615	0.01899	0.01119	0.01293	0.01017	0.00682	0.00521	0.00174	0.00865	0.00432	0.00339	0.01026
56	0.00966	0.00690	0.00920	0.01104	0.01150	0.00644	0.00736	0.01104	0.01518	0.02024	0.04371	0.71614	0.05245	0.02484	0.01012	0.00322	0.00460	0.02254	0.00736	0.00644
57	0.01498	0.01409	0.02378	0.70226	0.05462	0.01762	0.02202	0.02026	0.01586	0.02026	0.01409	0.02114	0.01057	0.00793	0.00793	0.00264	0.01057	0.00705	0.00352	0.00881
58	0.01972	0.01703	0.01793	0.01614	0.02062	0.01972	0.01255	0.04214	0.65752	0.03317	0.03228	0.02959	0.02421	0.01076	0.00807	0.00269	0.00628	0.00897	0.00807	0.01255
59	0.01766	0.01420	0.01817	0.01451	0.04590	0.01147	0.03931	0.02190	0.04080	0.07071	0.01811	0.06587	0.01558	0.00771	0.00663	0.00158	0.00635	0.00661	0.00530	0.57165
60	0.02038	0.02028	0.03145	0.04653	0.62281	0.06965	0.02365	0.02489	0.01839	0.02541	0.01471	0.01922	0.01238	0.00715	0.00780	0.00233	0.00979	0.00692	0.00394	0.01231
61	0.01189	0.00922	0.01343	0.01312	0.01429	0.01101	0.01014	0.01438	0.01259	0.01821	0.02059	0.03169	0.01975	0.11205	0.57471	0.01148	0.08159	0.00862	0.00423	0.00703
62	0.01912	0.01832	0.03127	0.12036	0.60415	0.01871	0.02408	0.02389	0.01781	0.02529	0.01483	0.01979	0.01234	0.00716	0.00786	0.00239	0.00955	0.00706	0.00388	0.01215
63	0.00966	0.00690	0.00920	0.01104	0.01150	0.00644	0.00736	0.01104	0.01518	0.02024	0.04371	0.71614	0.05245	0.02484	0.01012	0.00322	0.00460	0.02254	0.00736	0.00644
64	0.77733	0.01534	0.01166	0.01043	0.01534	0.01779	0.00859	0.02331	0.01350	0.03558	0.01104	0.01288	0.00859	0.00736	0.00491	0.00245	0.00613	0.00429	0.00491	0.00859
65	0.00966	0.00690	0.00920	0.01104	0.01150	0.00644	0.00736	0.01104	0.01518	0.02024	0.04371	0.71614	0.05245	0.02484	0.01012	0.00322	0.00460	0.02254	0.00736	0.00644
66	0.01735	0.01735	0.02429	0.02082	0.02082	0.02429	0.01735	0.01908	0.01214	0.01908	0.01041	0.01735	0.01041	0.01388	0.02602	0.00347	0.70680	0.00694	0.00347	0.00867
67	0.00966	0.00690	0.00920	0.01104	0.01150	0.00644	0.00736	0.01104	0.01518	0.02024	0.04371	0.71614	0.05245	0.02484	0.01012	0.00322	0.00460	0.02254	0.00736	0.00644
68	0.01644	0.01409	0.01644	0.01175	0.01879	0.01057	0.00940	0.01997	0.01644	0.02584	0.01409	0.01644	0.01175	0.00587	0.00587	0.00117	0.00587	0.00470	0.00470	0.76979
69	0.01756	0.03859	0.02635	0.02147	0.02223	0.02421	0.06045	0.01966	0.01272	0.01951	0.01082	0.01749	0.01051	0.01317	0.02425	0.00336	0.63826	0.00703	0.00350	0.00886
70	0.01763	0.01480	0.01708	0.01231	0.01930	0.01179	0.00989	0.07422	0.01825	0.02793	0.01452	0.01667	0.01190	0.00619	0.00605	0.00128	0.00612	0.00491	0.00498	0.70418
71	0.01113	0.00841	0.01031	0.00978	0.01191	0.00775	0.00735	0.01516	0.04406	0.02962	0.51914	0.06184	0.20038	0.01685	0.00931	0.00254	0.00389	0.01466	0.00841	0.00749
72	0.01718	0.01722	0.02533	0.09033	0.02524	0.02341	0.04820	0.01951	0.01284	0.01951	0.01106	0.01793	0.01050	0.01293	0.02338	0.00335	0.60273	0.00707	0.00350	0.00879
73	0.08075	0.02114	0.02317	0.02034	0.08351	0.05482	0.01526	0.43008	0.03069	0.10521	0.01862	0.01914	0.01338	0.00928	0.00842	0.00242	0.03704	0.00691	0.00717	0.01266
74	0.08141	0.07035	0.09148	0.05877	0.03257	0.04066	0.30101	0.02361	0.01655	0.02412	0.01376	0.01850	0.01100	0.00828	0.01149	0.00265	0.14549	0.00741	0.00388	0.03700
75	0.04368	0.09091	0.49489	0.07100	0.09796	0.01942	0.02630	0.02453	0.01665	0.02471	0.01392	0.01688	0.01029	0.00745	0.00730	0.00244	0.01095	0.00588	0.00348	0.01137
76	0.68843	0.01578	0.01287	0.01118	0.01625	0.01804	0.00921	0.07102	0.01570	0.06470	0.01253	0.01396	0.00944	0.00763	0.00527	0.00245	0.00636	0.00467	0.00535	0.00917
77	0.01987	0.01903	0.02743	0.15769	0.38893	0.06147	0.02108	0.05204	0.12182	0.02663	0.01757	0.02114	0.01397	0.00798	0.00786	0.00244	0.00940	0.00725	0.00469	0.01171
78	0.03558	0.01350	0.01840	0.01411	0.02024	0.01166	0.01166	0.03865	0.02270	0.67734	0.03128	0.02699	0.01963	0.00981	0.00797	0.00245	0.00675	0.00797	0.00981	0.01350
79	0.01741	0.01833	0.03664	0.23459	0.07078	0.01892	0.37605	0.02325	0.01746	0.02378	0.01557	0.02141	0.01189	0.00748	0.00940	0.00265	0.04085	0.00838	0.03517	0.00999
80	0.01145	0.00765	0.00867	0.00875	0.00877	0.00763	0.00492	0.01151	0.01169	0.01559	0.02580	0.08091	0.02986	0.69089	0.03904	0.00749	0.00755	0.01201	0.00492	0.00488
81	0.01101	0.00785	0.00866	0.00866	0.00980	0.00750	0.00565	0.01216	0.01418	0.01863	0.04344	0.05702	0.24350	0.38532	0.07671	0.00598	0.00720	0.01277	0.05815	0.00579
82	0.07955	0.01935	0.02079	0.01659	0.02229	0.02128	0.01352	0.39761	0.16089	0.10796	0.04319	0.02286	0.01793	0.00987	0.00780	0.00246	0.00769	0.00763	0.00797	0.01276
83	0.01641	0.10580	0.61983	0.02175	0.03300	0.01964	0.02781	0.02498	0.01668	0.02450	0.01393	0.01636	0.01006	0.00746	0.00730	0.00243	0.01141	0.00571	0.00335	0.01157
84	0.01688	0.01482	0.02559	0.57592	0.07453	0.01745	0.07161	0.02210	0.01664	0.06627	0.01547	0.02151	0.01139	0.00793	0.00804	0.00262	0.01049	0.00730	0.00401	0.00943
85	0.01813	0.03160	0.41736	0.02512	0.06472	0.01782	0.16555	0.02572	0.01755	0.07903	0.01644	0.01950	0.01190	0.01008	0.04182	0.00304	0.01204	0.00702	0.00411	0.01145
86	0.06773	0.03757	0.59999	0.02112	0.03186	0.01781	0.02676	0.02447	0.01681	0.02617	0.04769	0.01867	0.01328	0.00797	0.00745	0.00251	0.01093	0.00619	0.00373	0.01129
87	0.01035	0.00759	0.00980	0.01139	0.01213	0.00735	0.00772	0.01317	0.05911	0.02113	0.04292	0.66919	0.05052	0.02388	0.00998	0.00318	0.00472	0.02161	0.00741	0.00686
88	0.01659	0.03544	0.51027	0.02518	0.05865	0.01909	0.12575	0.02472	0.01679	0.02478	0.01428	0.01763	0.01048	0.00782	0.00910	0.00260	0.05943	0.00653	0.00348	0.01138
89	0.01144	0.00870	0.01060	0.01002	0.01222	0.00817	0.00754	0.01612	0.06502	0.02986	0.50914	0.06055	0.18770	0.01660	0.00927	0.00254	0.00397	0.01444	0.00842	0.00767
90	0.02019	0.01760	0.02021	0.01743	0.02225	0.02000	0.05580	0.07208	0.58187	0.03351	0.03048	0.02848	0.02282	0.01042	0.00815	0.00267	0.00689	0.00890	0.00778	0.01247
91	0.00977	0.00698	0.00930	0.01097	0.01153	0.00651	0.00737	0.01131	0.01568	0.02103	0.08638	0.67122	0.05398	0.02425	0.01007	0.00317	0.00454	0.02198	0.00745	0.00651
92	0.01392	0.01328	0.05917	0.01218	0.01712	0.00959	0.01000	0.01712	0.01628	0.02415	0.05060	0.25327	0.02787	0.01278	0.00756	0.00201	0.00576	0.01116	0.00566	0.43053
93	0.01230	0.00885	0.01219	0.01393	0.01566	0.00874	0.01191	0.01564	0.01793	0.02326	0.04393	0.15362	0.07502	0.02213	0.01079	0.00356	0.00687	0.52917	0.00731	0.00718
94	0.02368	0.05666	0.02592	0.02718	0.19186	0.36574	0.05999	0.02671	0.02012	0.02162	0.01828	0.06681	0.04260	0.00939	0.00770	0.00226	0.01162	0.00757	0.00438	0.00991
95	0.01615	0.01586	0.02336	0.59233	0.04934	0.06351	0.02075	0.02097	0.01618	0.02042	0.01381	0.02028	0.01060	0.00810	0.00857	0.00257	0.04101	0.00680	0.00362	0.04578
96	0.01665	0.01375	0.01600	0.01258	0.01831	0.01165	0.00994	0.06712	0.06178	0.02734	0.02084	0.11018	0.01957	0.00968	0.00697	0.00175	0.00602	0.03746	0.00564	0.52678
97	0.01331	0.00880	0.01188	0.01315	0.01481	0.00859	0.01045	0.01669	0.04147	0.06734	0.04160	0.34238	0.04587	0.02187	0.01030	0.00335	0.00611	0.30693	0.00753	0.00757
98	0.07331	0.62863	0.03885	0.01575	0.06456	0.02958	0.01396	0.02376	0.01606	0.02032	0.01129	0.01320	0.01023	0.00684	0.00526	0.00179	0.00838	0.00444	0.00353	0.01023
99	0.01667	0.04747	0.01542	0.01226	0.01472	0.01154	0.05563	0.07422	0.01714	0.08183	0.04554	0.11375	0.02719	0.29819	0.02092	0.00453	0.00712	0.01099	0.11712	0.00774
100	0.00975	0.00782	0.00841	0.00867	0.01065	0.00681	0.00616	0.01152	0.01709	0.02105	0.09680	0.17258	0.47039	0.10088	0.01303	0.00333	0.00451	0.01693	0.00714	0.00648
101	0.02653	0.03207	0.02005	0.01838	0.02208	0.55212	0.01376	0.04644	0.02184	0.02112	0.01796	0.06569	0.03728	0.00985	0.00734	0.00214	0.01238	0.00693	0.05711	0.00892
102	0.04685	0.00918	0.01251	0.06141	0.04663	0.00924	0.01090	0.01476	0.01670	0.02277	0.05888	0.33522	0.08625	0.02051	0.00982	0.00319	0.00613	0.21487	0.00685	0.00732
103	0.02120	0.02003	0.07935	0.02694	0.06242	0.01771	0.35940	0.02885	0.09120	0.14058	0.02173	0.05687	0.01661	0.00866	0.00881	0.00264	0.01068	0.00937	0.00560	0.01134

[dist]
# distance from previous block
# <min> <max>
0	15

# created by:
# /st0/software/busco_prod/Augustus/scripts/msa2prfl.pl ./align_prep/121682.fa
