[name]
unknown

[dist]
# distance from previous block
# <min> <max>
0	29

[block]
# block no. 0 follows, 25 sequences, length 158
# corresponding to MSA columns:
# 29-186
name=unknown_A
#
# <colnr> <probs for GDERKNQSTAVLIFYWHMCP>
#	G	D	E	R	K	N	Q	S	T	A	V	L	I	F	Y	W	H	M	C	P
0	0.01249	0.00892	0.01249	0.01428	0.01606	0.00892	0.01249	0.01606	0.01785	0.02320	0.04105	0.08746	0.04462	0.02142	0.01071	0.00357	0.00714	0.62695	0.00714	0.00714
1	0.01701	0.01756	0.02841	0.02360	0.04823	0.03966	0.18417	0.02023	0.01414	0.02046	0.01314	0.01966	0.01180	0.01679	0.10246	0.00422	0.39827	0.00755	0.00366	0.00896
2	0.01156	0.00870	0.01203	0.01241	0.01369	0.00844	0.04160	0.06205	0.01659	0.02216	0.03872	0.60461	0.04533	0.04895	0.01081	0.00322	0.00538	0.01977	0.00697	0.00700
3	0.02027	0.01700	0.01793	0.01575	0.02031	0.01944	0.01236	0.12228	0.55598	0.03420	0.03161	0.02929	0.04714	0.01070	0.00792	0.00259	0.00637	0.00882	0.00785	0.01218
4	0.01886	0.02062	0.03973	0.06350	0.05740	0.04438	0.47396	0.05156	0.01830	0.02471	0.01489	0.02003	0.01152	0.00762	0.01085	0.00266	0.09670	0.00844	0.00400	0.01025
5	0.01838	0.19471	0.18824	0.02078	0.05203	0.02096	0.14082	0.04879	0.12337	0.02563	0.04878	0.02056	0.01586	0.00794	0.00727	0.00226	0.00934	0.00696	0.00466	0.04269
6	0.00953	0.00678	0.00897	0.01069	0.01112	0.00635	0.00708	0.01082	0.01468	0.01958	0.04191	0.69220	0.05024	0.05596	0.01123	0.00335	0.00463	0.02156	0.00708	0.00623
7	0.01582	0.07656	0.65327	0.02163	0.03284	0.01867	0.02784	0.02448	0.01634	0.02422	0.01375	0.01616	0.00983	0.00733	0.00724	0.00241	0.01129	0.00565	0.00328	0.01138
8	0.00945	0.00675	0.00900	0.01080	0.01125	0.00630	0.00720	0.01080	0.01484	0.01979	0.04274	0.72245	0.05128	0.02429	0.00990	0.00315	0.00450	0.02204	0.00720	0.00630
9	0.01123	0.00772	0.00946	0.00946	0.00981	0.00806	0.00595	0.01192	0.01157	0.01578	0.02351	0.04565	0.02598	0.55945	0.20450	0.00876	0.01084	0.01053	0.00456	0.00526
10	0.01608	0.01378	0.01608	0.01148	0.01837	0.01034	0.00919	0.01952	0.01608	0.02527	0.01378	0.01608	0.01148	0.00574	0.00574	0.00115	0.00574	0.00459	0.00459	0.77491
11	0.13818	0.45892	0.18700	0.01485	0.02232	0.02565	0.01610	0.02346	0.01550	0.02229	0.01151	0.01338	0.00968	0.00689	0.00551	0.00196	0.00867	0.00452	0.00354	0.01006
12	0.01560	0.01339	0.01876	0.06341	0.02081	0.01581	0.05881	0.05643	0.12558	0.02408	0.04960	0.05895	0.02084	0.04871	0.18129	0.00532	0.15783	0.00889	0.04708	0.00880
13	0.01849	0.01552	0.02091	0.27512	0.08354	0.01771	0.01640	0.15713	0.14663	0.03046	0.11510	0.02717	0.02286	0.00973	0.00798	0.00250	0.00808	0.00832	0.00599	0.01038
14	0.01097	0.00793	0.01036	0.00975	0.01158	0.00732	0.00732	0.01463	0.02195	0.03109	0.67505	0.05792	0.07316	0.01585	0.00914	0.00244	0.00366	0.01402	0.00854	0.00732
15	0.01893	0.01634	0.01719	0.01550	0.01982	0.01883	0.01205	0.04013	0.64213	0.03203	0.03323	0.03055	0.04684	0.01084	0.00793	0.00263	0.00606	0.00904	0.00787	0.01207
16	0.01830	0.02092	0.04575	0.03268	0.04052	0.01961	0.65098	0.02484	0.01830	0.02484	0.01569	0.02092	0.01176	0.00654	0.00915	0.00261	0.01307	0.00915	0.00392	0.01046
17	0.01093	0.00761	0.00975	0.01087	0.01219	0.00722	0.00823	0.01344	0.01695	0.02323	0.12703	0.33912	0.10817	0.02036	0.00945	0.00297	0.00490	0.17062	0.09019	0.00677
18	0.00945	0.00675	0.00900	0.01080	0.01125	0.00630	0.00720	0.01080	0.01484	0.01979	0.04274	0.72245	0.05128	0.02429	0.00990	0.00315	0.00450	0.02204	0.00720	0.00630
19	0.01127	0.00756	0.00865	0.00865	0.00872	0.00762	0.00494	0.01140	0.01133	0.01518	0.02425	0.04975	0.02776	0.69490	0.07149	0.00776	0.00816	0.01113	0.00467	0.00481
20	0.01935	0.01848	0.03153	0.06890	0.60667	0.01863	0.05089	0.04554	0.01826	0.02593	0.01474	0.01930	0.01222	0.00700	0.00775	0.00233	0.00940	0.00701	0.00396	0.01211
21	0.02025	0.46285	0.18497	0.04646	0.02495	0.07988	0.01732	0.04621	0.01711	0.02089	0.01200	0.01403	0.01006	0.00705	0.00590	0.00193	0.00956	0.00479	0.00352	0.01027
22	0.01097	0.00793	0.01036	0.00975	0.01158	0.00732	0.00732	0.01463	0.02195	0.03109	0.67505	0.05792	0.07316	0.01585	0.00914	0.00244	0.00366	0.01402	0.00854	0.00732
23	0.01846	0.01799	0.03159	0.14023	0.53293	0.01836	0.07973	0.02332	0.01741	0.02450	0.01457	0.01956	0.01196	0.00699	0.00782	0.00237	0.00972	0.00711	0.00379	0.01160
24	0.02896	0.03695	0.02197	0.01998	0.02397	0.69638	0.01498	0.03096	0.02197	0.01898	0.01199	0.01398	0.00999	0.00799	0.00699	0.00200	0.01398	0.00499	0.00400	0.00899
25	0.03265	0.01257	0.01686	0.01310	0.01866	0.01096	0.01077	0.03571	0.02157	0.61550	0.03003	0.02666	0.01926	0.00954	0.00755	0.00234	0.00628	0.00774	0.08969	0.01257
26	0.03278	0.01405	0.01879	0.01560	0.04891	0.01283	0.01215	0.06513	0.06768	0.58131	0.02942	0.02590	0.01893	0.00953	0.00780	0.00241	0.00677	0.00779	0.00914	0.01309
27	0.03950	0.03932	0.66622	0.02173	0.03298	0.01799	0.02801	0.02450	0.01627	0.02487	0.01382	0.01625	0.00978	0.00736	0.00729	0.00245	0.01129	0.00568	0.00332	0.01136
28	0.00945	0.00675	0.00900	0.01080	0.01125	0.00630	0.00720	0.01080	0.01484	0.01979	0.04274	0.72245	0.05128	0.02429	0.00990	0.00315	0.00450	0.02204	0.00720	0.00630
29	0.01482	0.01396	0.02357	0.68365	0.07727	0.01727	0.02162	0.01996	0.01559	0.02002	0.01381	0.02062	0.01041	0.00772	0.00775	0.00257	0.01029	0.00689	0.00346	0.00875
30	0.01857	0.01932	0.03753	0.07306	0.35989	0.01890	0.30729	0.02407	0.01784	0.02484	0.01504	0.02004	0.01195	0.00678	0.00835	0.00246	0.01101	0.00792	0.00386	0.01128
31	0.02328	0.01974	0.02150	0.02322	0.16812	0.13129	0.01553	0.21374	0.02423	0.06806	0.02170	0.03124	0.01879	0.01067	0.00795	0.00245	0.00888	0.11539	0.06345	0.01077
32	0.03479	0.01320	0.01799	0.01380	0.01979	0.01140	0.01140	0.03779	0.02219	0.68451	0.03059	0.02639	0.01919	0.00960	0.00780	0.00240	0.00660	0.00780	0.00960	0.01320
33	0.01144	0.00830	0.01103	0.01135	0.01321	0.00788	0.00918	0.01498	0.02017	0.02756	0.40326	0.06996	0.09609	0.01816	0.00973	0.00287	0.00498	0.24472	0.00794	0.00721
34	0.10027	0.06539	0.46889	0.02239	0.07321	0.06612	0.05039	0.02472	0.01656	0.02506	0.01342	0.01600	0.00993	0.00729	0.00705	0.00238	0.01082	0.00566	0.00356	0.01090
35	0.78228	0.01499	0.01140	0.01020	0.01499	0.01739	0.00840	0.02279	0.01320	0.03479	0.01080	0.01260	0.00840	0.00720	0.00480	0.00240	0.00600	0.00420	0.00480	0.00840
36	0.01780	0.06208	0.17045	0.06297	0.32172	0.05102	0.08536	0.02306	0.01734	0.02373	0.01835	0.05154	0.04353	0.00839	0.00775	0.00238	0.00986	0.00773	0.00399	0.01095
37	0.00940	0.00780	0.00812	0.00815	0.01052	0.00663	0.00601	0.01139	0.01765	0.02147	0.12187	0.09935	0.57810	0.04635	0.01034	0.00281	0.00407	0.01622	0.00721	0.00653
38	0.02774	0.06849	0.02732	0.02437	0.10215	0.36758	0.07756	0.10161	0.02325	0.04965	0.01619	0.01917	0.01319	0.00915	0.00812	0.00249	0.01228	0.00658	0.00530	0.03780
39	0.71095	0.01449	0.01141	0.01017	0.01484	0.01660	0.00834	0.02310	0.01371	0.05919	0.01236	0.01403	0.00945	0.00739	0.00495	0.00237	0.00589	0.00450	0.04774	0.00851
40	0.03479	0.01320	0.01799	0.01380	0.01979	0.01140	0.01140	0.03779	0.02219	0.68451	0.03059	0.02639	0.01919	0.00960	0.00780	0.00240	0.00660	0.00780	0.00960	0.01320
41	0.00945	0.00675	0.00900	0.01080	0.01125	0.00630	0.00720	0.01080	0.01484	0.01979	0.04274	0.72245	0.05128	0.02429	0.00990	0.00315	0.00450	0.02204	0.00720	0.00630
42	0.00925	0.00786	0.00798	0.00795	0.01053	0.00658	0.00596	0.01130	0.01788	0.02144	0.10761	0.07381	0.64663	0.01945	0.00916	0.00261	0.00391	0.01625	0.00727	0.00658
43	0.02853	0.03553	0.02246	0.02116	0.05403	0.63981	0.01538	0.05421	0.02232	0.02040	0.01236	0.01440	0.01021	0.00799	0.00705	0.00202	0.01356	0.00516	0.00413	0.00930
44	0.01694	0.01375	0.01617	0.01159	0.01844	0.01038	0.00929	0.02036	0.01636	0.05551	0.01455	0.01655	0.01184	0.00592	0.00584	0.00121	0.00578	0.00474	0.00482	0.73997
45	0.02361	0.01961	0.02140	0.05707	0.07177	0.05210	0.01474	0.28693	0.29749	0.03728	0.02319	0.02289	0.01722	0.00950	0.00777	0.00245	0.00792	0.00763	0.00712	0.01229
46	0.01232	0.00881	0.01229	0.01399	0.01572	0.00877	0.01211	0.01581	0.01788	0.02336	0.06381	0.11046	0.04590	0.02133	0.01062	0.00351	0.00691	0.58209	0.00719	0.00711
47	0.00996	0.00737	0.00930	0.00990	0.01123	0.00672	0.00701	0.01226	0.01795	0.02415	0.28145	0.36475	0.16868	0.02037	0.00949	0.00279	0.00409	0.01810	0.00769	0.00672
48	0.01070	0.00779	0.01007	0.00977	0.01148	0.00716	0.00722	0.01400	0.02090	0.02925	0.57011	0.13480	0.10366	0.01702	0.00923	0.00253	0.00377	0.01507	0.00831	0.00716
49	0.10360	0.38875	0.03071	0.01508	0.02096	0.14949	0.01336	0.15011	0.02075	0.02621	0.01256	0.01397	0.01044	0.00747	0.00588	0.00193	0.00914	0.00487	0.00448	0.01026
50	0.01716	0.01350	0.01597	0.01162	0.01823	0.01027	0.00927	0.02050	0.01646	0.07126	0.01597	0.04136	0.01341	0.00666	0.00603	0.00131	0.00576	0.00542	0.00503	0.69482
51	0.01116	0.00747	0.00849	0.00861	0.00863	0.00744	0.00486	0.01125	0.01150	0.01534	0.02560	0.09350	0.02966	0.68274	0.03758	0.00724	0.00732	0.01196	0.00486	0.00480
52	0.01830	0.02092	0.04575	0.03268	0.04052	0.01961	0.65098	0.02484	0.01830	0.02484	0.01569	0.02092	0.01176	0.00654	0.00915	0.00261	0.01307	0.00915	0.00392	0.01046
53	0.01245	0.00903	0.01099	0.01023	0.01261	0.00860	0.00776	0.01773	0.08895	0.05442	0.48345	0.05645	0.16628	0.01568	0.00896	0.00249	0.00408	0.01362	0.00829	0.00793
54	0.01016	0.00770	0.01127	0.01212	0.01311	0.00721	0.04338	0.01201	0.01554	0.02082	0.07446	0.62044	0.04994	0.02273	0.00985	0.00310	0.00505	0.04741	0.00708	0.00662
55	0.01159	0.00802	0.01039	0.00987	0.01178	0.00734	0.00737	0.01496	0.02119	0.05236	0.57268	0.10685	0.10333	0.01647	0.00915	0.00250	0.00384	0.01453	0.00840	0.00740
56	0.03479	0.01320	0.01799	0.01380	0.01979	0.01140	0.01140	0.03779	0.02219	0.68451	0.03059	0.02639	0.01919	0.00960	0.00780	0.00240	0.00660	0.00780	0.00960	0.01320
57	0.03197	0.01414	0.01815	0.01430	0.02004	0.01326	0.01169	0.06531	0.12983	0.54814	0.03023	0.02647	0.01968	0.00974	0.00781	0.00243	0.00661	0.00792	0.00923	0.01304
58	0.02896	0.03695	0.02197	0.01998	0.02397	0.69638	0.01498	0.03096	0.02197	0.01898	0.01199	0.01398	0.00999	0.00799	0.00699	0.00200	0.01398	0.00499	0.00400	0.00899
59	0.01919	0.01842	0.03147	0.04759	0.67914	0.01842	0.02380	0.02380	0.01765	0.02533	0.01458	0.01919	0.01228	0.00691	0.00768	0.00230	0.00921	0.00691	0.00384	0.01228
60	0.03462	0.01346	0.01816	0.01392	0.01993	0.01179	0.01150	0.05704	0.02264	0.66462	0.03021	0.02615	0.01901	0.00959	0.00780	0.00240	0.00666	0.00777	0.00954	0.01320
61	0.01078	0.00775	0.00987	0.00961	0.01110	0.00720	0.00690	0.01365	0.01966	0.02742	0.50034	0.12531	0.09151	0.10906	0.01315	0.00318	0.00426	0.01458	0.00784	0.00684
62	0.01734	0.01734	0.02295	0.01976	0.02000	0.05008	0.01638	0.01913	0.01247	0.01912	0.01092	0.01737	0.01060	0.01315	0.02382	0.00327	0.65395	0.00673	0.03718	0.00845
63	0.01039	0.00743	0.00960	0.01094	0.01165	0.00710	0.00740	0.03680	0.01581	0.02116	0.06360	0.64078	0.04952	0.05433	0.01108	0.00328	0.00476	0.02068	0.00716	0.00654
64	0.01789	0.02076	0.06526	0.02950	0.03571	0.02048	0.48425	0.02343	0.01678	0.02343	0.01438	0.01985	0.01133	0.00815	0.01276	0.00278	0.17093	0.00849	0.00378	0.01005
65	0.02028	0.01872	0.02666	0.10374	0.38980	0.04636	0.01998	0.09657	0.14499	0.02849	0.01813	0.02095	0.01430	0.00800	0.00771	0.00238	0.00885	0.00720	0.00502	0.01188
66	0.01619	0.01565	0.01519	0.01355	0.01704	0.11764	0.03905	0.04321	0.18544	0.02647	0.15970	0.04632	0.24564	0.01389	0.00845	0.00248	0.00656	0.01161	0.00699	0.00892
67	0.69199	0.01622	0.03813	0.03513	0.01744	0.01772	0.00991	0.05168	0.01446	0.03453	0.01138	0.01329	0.00874	0.00732	0.00513	0.00240	0.00647	0.00448	0.00483	0.00874
68	0.01958	0.01867	0.03179	0.04567	0.62259	0.01871	0.05219	0.05003	0.01847	0.02629	0.01480	0.01925	0.01230	0.00699	0.00775	0.00232	0.00936	0.00701	0.00400	0.01224
69	0.01243	0.00888	0.01240	0.01408	0.01586	0.00885	0.01226	0.01600	0.01803	0.02356	0.06960	0.08613	0.04591	0.02117	0.01064	0.00352	0.00698	0.59935	0.00720	0.00715
70	0.01919	0.01842	0.03147	0.04759	0.67914	0.01842	0.02380	0.02380	0.01765	0.02533	0.01458	0.01919	0.01228	0.00691	0.00768	0.00230	0.00921	0.00691	0.00384	0.01228
71	0.01929	0.01666	0.01753	0.01578	0.02016	0.01929	0.01227	0.04120	0.66513	0.03243	0.03156	0.02893	0.02367	0.01052	0.00789	0.00263	0.00614	0.00877	0.00789	0.01227
72	0.01486	0.01401	0.02366	0.67666	0.08389	0.01728	0.02164	0.02000	0.01561	0.02008	0.01382	0.02060	0.01043	0.00771	0.00775	0.00257	0.01028	0.00689	0.00346	0.00879
73	0.06235	0.02010	0.02143	0.01693	0.02272	0.02230	0.01384	0.48377	0.15134	0.07315	0.02118	0.02059	0.01517	0.00945	0.00765	0.00239	0.00789	0.00722	0.00773	0.01280
74	0.00953	0.00678	0.00897	0.01069	0.01112	0.00635	0.00709	0.01082	0.01469	0.01958	0.04193	0.69301	0.05027	0.05511	0.01119	0.00334	0.00463	0.02157	0.00709	0.00623
75	0.01562	0.01474	0.01440	0.01375	0.01571	0.15252	0.01037	0.04521	0.01534	0.01918	0.01932	0.02911	0.01828	0.13096	0.43951	0.00921	0.01713	0.00794	0.00435	0.00734
76	0.02973	0.02130	0.02301	0.01764	0.02384	0.02343	0.01457	0.62330	0.03576	0.07983	0.01920	0.01899	0.01348	0.00932	0.00776	0.00233	0.00844	0.00702	0.00785	0.01319
77	0.01555	0.04011	0.68733	0.02210	0.03356	0.01801	0.02865	0.02455	0.01637	0.02455	0.01391	0.01637	0.00982	0.00737	0.00737	0.00246	0.01146	0.00573	0.00327	0.01146
78	0.00936	0.00786	0.00813	0.00806	0.01059	0.00663	0.00605	0.01151	0.01814	0.02205	0.14327	0.07281	0.61058	0.01923	0.00916	0.00260	0.00390	0.01611	0.00735	0.00663
79	0.00916	0.00785	0.00785	0.00785	0.01047	0.00655	0.00589	0.01113	0.01767	0.02095	0.07855	0.07462	0.67599	0.01964	0.00916	0.00262	0.00393	0.01636	0.00720	0.00655
80	0.01125	0.00761	0.00895	0.00895	0.00912	0.00778	0.00531	0.01159	0.01142	0.01540	0.02398	0.04826	0.02711	0.64559	0.11991	0.00812	0.00914	0.01091	0.00463	0.00497
81	0.02906	0.03421	0.02221	0.01959	0.02398	0.57547	0.01494	0.14288	0.02458	0.02435	0.01318	0.01482	0.01056	0.00823	0.00713	0.00206	0.01300	0.00535	0.00467	0.00974
82	0.00958	0.00687	0.00889	0.01044	0.01097	0.00641	0.00692	0.01085	0.01470	0.01946	0.04318	0.63129	0.08357	0.08234	0.01231	0.00348	0.00472	0.02084	0.00699	0.00618
83	0.02864	0.02091	0.02237	0.01725	0.02321	0.02311	0.01422	0.61782	0.03533	0.04775	0.01899	0.01919	0.01356	0.00929	0.00763	0.00230	0.00826	0.00699	0.05035	0.01285
84	0.01608	0.01378	0.01608	0.01148	0.01837	0.01034	0.00919	0.01952	0.01608	0.02527	0.01378	0.01608	0.01148	0.00574	0.00574	0.00115	0.00574	0.00459	0.00459	0.77491
85	0.01959	0.01729	0.01767	0.01591	0.02028	0.04043	0.01236	0.04088	0.64505	0.03201	0.03095	0.02846	0.02324	0.01044	0.00786	0.00261	0.00638	0.00865	0.00777	0.01217
86	0.02896	0.03695	0.02197	0.01998	0.02397	0.69638	0.01498	0.03096	0.02197	0.01898	0.01199	0.01398	0.00999	0.00799	0.00699	0.00200	0.01398	0.00499	0.00400	0.00899
87	0.02855	0.03550	0.02244	0.02110	0.05281	0.63857	0.01536	0.05654	0.02239	0.02050	0.01238	0.01440	0.01022	0.00800	0.00705	0.00202	0.01355	0.00516	0.00414	0.00931
88	0.00916	0.00785	0.00785	0.00785	0.01047	0.00655	0.00589	0.01113	0.01767	0.02095	0.07855	0.07462	0.67599	0.01964	0.00916	0.00262	0.00393	0.01636	0.00720	0.00655
89	0.02947	0.02172	0.02327	0.01784	0.02404	0.02404	0.01474	0.65329	0.03646	0.04887	0.01862	0.01862	0.01319	0.00931	0.00776	0.00233	0.00853	0.00698	0.00776	0.01319
90	0.01648	0.16364	0.57189	0.02052	0.03112	0.02027	0.02590	0.02432	0.01626	0.02343	0.01335	0.01567	0.00984	0.00724	0.00694	0.00231	0.01089	0.00545	0.00328	0.01119
91	0.03428	0.01402	0.01850	0.01419	0.02020	0.01262	0.01172	0.09718	0.02357	0.62317	0.02943	0.02564	0.01861	0.00957	0.00779	0.00239	0.00678	0.00772	0.00942	0.01319
92	0.01128	0.00752	0.00846	0.00846	0.00846	0.00752	0.00470	0.01128	0.01128	0.01503	0.02443	0.05074	0.02819	0.72751	0.03946	0.00752	0.00752	0.01128	0.00470	0.00470
93	0.01903	0.01826	0.03119	0.07058	0.65739	0.01838	0.02372	0.02366	0.01758	0.02514	0.01456	0.01924	0.01221	0.00694	0.00768	0.00231	0.00925	0.00691	0.00382	0.01215
94	0.01553	0.01468	0.02485	0.58022	0.17514	0.01746	0.02197	0.02059	0.01592	0.02088	0.01394	0.02038	0.01071	0.00759	0.00774	0.00253	0.01012	0.00689	0.00352	0.00933
95	0.01128	0.00752	0.00846	0.00846	0.00846	0.00752	0.00470	0.01128	0.01128	0.01503	0.02443	0.05074	0.02819	0.72751	0.03946	0.00752	0.00752	0.01128	0.00470	0.00470
96	0.78228	0.01499	0.01140	0.01020	0.01499	0.01739	0.00840	0.02279	0.01320	0.03479	0.01080	0.01260	0.00840	0.00720	0.00480	0.00240	0.00600	0.00420	0.00480	0.00840
97	0.01019	0.00832	0.00874	0.00873	0.01125	0.00741	0.00660	0.01349	0.05398	0.02266	0.11335	0.09233	0.52741	0.01866	0.00902	0.00262	0.00415	0.03610	0.03804	0.00696
98	0.02998	0.02091	0.02277	0.01746	0.02364	0.02285	0.01442	0.59526	0.03511	0.10879	0.01974	0.01935	0.01375	0.00933	0.00776	0.00233	0.00835	0.00706	0.00793	0.01319
99	0.02045	0.69428	0.07604	0.01375	0.02065	0.02999	0.01411	0.02329	0.01579	0.01859	0.01095	0.01265	0.00994	0.00667	0.00511	0.00170	0.00847	0.00423	0.00331	0.01003
100	0.40479	0.05079	0.01880	0.03898	0.02099	0.09282	0.03599	0.19708	0.02092	0.03533	0.01337	0.01500	0.01015	0.00783	0.00613	0.00232	0.00808	0.00533	0.00538	0.00993
101	0.02073	0.73217	0.04063	0.01327	0.01990	0.03068	0.01327	0.02322	0.01575	0.01824	0.01078	0.01244	0.00995	0.00663	0.00498	0.00166	0.00829	0.00415	0.00332	0.00995
102	0.05672	0.24128	0.06912	0.04298	0.02356	0.13835	0.01507	0.17870	0.07954	0.02826	0.01502	0.01646	0.01192	0.00831	0.00750	0.00217	0.04364	0.00572	0.00499	0.01068
103	0.03045	0.01733	0.02011	0.01561	0.02144	0.01789	0.01283	0.34179	0.06286	0.30665	0.02448	0.02279	0.01649	0.00948	0.00768	0.00235	0.00740	0.00742	0.04208	0.01288
104	0.01076	0.00787	0.01009	0.00963	0.01147	0.00721	0.00719	0.01418	0.02131	0.02978	0.59932	0.08466	0.12453	0.01650	0.00918	0.00248	0.00371	0.01453	0.00837	0.00721
105	0.01056	0.00790	0.01077	0.01213	0.01281	0.00811	0.00889	0.01237	0.01504	0.02021	0.03921	0.53513	0.04588	0.02454	0.04120	0.00365	0.05532	0.12287	0.00679	0.00662
106	0.01021	0.00790	0.00931	0.00896	0.01112	0.00699	0.00672	0.01316	0.02015	0.02683	0.42419	0.06494	0.32668	0.01744	0.00915	0.00251	0.00377	0.01501	0.00797	0.00699
107	0.01329	0.00844	0.01111	0.01015	0.01238	0.00771	0.00771	0.01689	0.02197	0.09476	0.61225	0.05485	0.06790	0.01524	0.00901	0.00243	0.00394	0.01342	0.00864	0.00789
108	0.00997	0.00715	0.00950	0.01065	0.01152	0.00667	0.00743	0.01202	0.01686	0.02294	0.21152	0.52078	0.05687	0.02193	0.00973	0.00298	0.00437	0.04297	0.00755	0.00660
109	0.01070	0.00792	0.00999	0.00947	0.01142	0.00720	0.00710	0.01411	0.02131	0.02958	0.58633	0.06040	0.16282	0.01641	0.00915	0.00247	0.00370	0.01437	0.00834	0.00720
110	0.01691	0.04404	0.02487	0.02028	0.02094	0.02322	0.04441	0.01889	0.01233	0.01889	0.01091	0.01756	0.01064	0.01495	0.05334	0.00369	0.62528	0.00686	0.00345	0.00856
111	0.08234	0.05720	0.05855	0.02075	0.10156	0.26856	0.01525	0.12529	0.05762	0.02726	0.01558	0.04010	0.01292	0.00840	0.00699	0.00213	0.01006	0.00623	0.00494	0.07830
112	0.01870	0.01993	0.09228	0.13640	0.46646	0.01853	0.02298	0.05475	0.04730	0.02594	0.01537	0.01954	0.01233	0.00735	0.00767	0.00237	0.00942	0.00688	0.00410	0.01172
113	0.01896	0.41262	0.30925	0.01715	0.02577	0.02511	0.01974	0.05150	0.01692	0.02222	0.01243	0.01435	0.01004	0.00706	0.00609	0.00202	0.00962	0.00493	0.00349	0.01072
114	0.05868	0.19223	0.50689	0.01949	0.02951	0.02078	0.02413	0.02416	0.01606	0.02372	0.01305	0.01529	0.00977	0.00719	0.00670	0.00228	0.01046	0.00529	0.00337	0.01096
115	0.02101	0.01720	0.05439	0.05372	0.02285	0.01689	0.03964	0.20321	0.17266	0.08596	0.09769	0.05265	0.04663	0.01064	0.00795	0.00239	0.00720	0.00893	0.00710	0.07127
116	0.01719	0.01842	0.07365	0.02159	0.02687	0.05275	0.25375	0.02151	0.01649	0.05134	0.01881	0.09482	0.01705	0.03891	0.07203	0.00355	0.08203	0.00916	0.00455	0.10552
117	0.01952	0.09992	0.01880	0.01415	0.01750	0.12470	0.01111	0.07199	0.05346	0.07378	0.02242	0.14626	0.02163	0.07649	0.04788	0.00332	0.06392	0.00942	0.03922	0.06451
118	0.01105	0.00868	0.01165	0.01397	0.08171	0.00810	0.00899	0.01348	0.01733	0.02305	0.17880	0.28565	0.18911	0.05038	0.01071	0.00302	0.00503	0.06509	0.00701	0.00719
119	0.02561	0.25433	0.06430	0.01598	0.02245	0.02417	0.01447	0.29851	0.07646	0.10404	0.01808	0.01811	0.01341	0.00845	0.00684	0.00215	0.00822	0.00621	0.00626	0.01196
120	0.02222	0.57186	0.07264	0.01447	0.02112	0.07761	0.01420	0.05226	0.01751	0.05718	0.01249	0.01382	0.01060	0.00706	0.00553	0.00180	0.00880	0.00462	0.00391	0.01028
121	0.01027	0.00831	0.00918	0.00898	0.01137	0.00746	0.00672	0.01381	0.05429	0.02456	0.25296	0.09318	0.43483	0.01819	0.00912	0.00259	0.00399	0.01548	0.00764	0.00708
122	0.01679	0.01158	0.01387	0.04888	0.01738	0.01200	0.01009	0.05484	0.18116	0.10325	0.19655	0.09896	0.10490	0.01402	0.00846	0.00258	0.00545	0.03941	0.05043	0.00940
123	0.03002	0.04843	0.02098	0.01549	0.02134	0.01807	0.01283	0.31107	0.05776	0.31217	0.05344	0.02384	0.01874	0.00966	0.00772	0.00235	0.00738	0.00760	0.00837	0.01274
124	0.01774	0.01574	0.02627	0.21437	0.40348	0.01655	0.02106	0.02230	0.01745	0.05132	0.04078	0.02756	0.01720	0.00890	0.00803	0.00250	0.00901	0.06457	0.00445	0.01071
125	0.01088	0.00792	0.01023	0.00965	0.01153	0.00728	0.00724	0.01445	0.02172	0.03056	0.64363	0.05880	0.10491	0.01605	0.00915	0.00245	0.00367	0.01415	0.00846	0.00728
126	0.02097	0.53593	0.11845	0.01654	0.05092	0.07667	0.01582	0.04932	0.01720	0.02062	0.01174	0.01358	0.01017	0.00694	0.00565	0.00184	0.00915	0.00464	0.00356	0.01030
127	0.78228	0.01499	0.01140	0.01020	0.01499	0.01739	0.00840	0.02279	0.01320	0.03479	0.01080	0.01260	0.00840	0.00720	0.00480	0.00240	0.00600	0.00420	0.00480	0.00840
128	0.01691	0.01919	0.07133	0.12307	0.06706	0.01762	0.42518	0.02288	0.01775	0.02446	0.04680	0.04456	0.01590	0.00786	0.00866	0.00256	0.01132	0.00910	0.03787	0.00992
129	0.01830	0.02092	0.04575	0.03268	0.04052	0.01961	0.65098	0.02484	0.01830	0.02484	0.01569	0.02092	0.01176	0.00654	0.00915	0.00261	0.01307	0.00915	0.00392	0.01046
130	0.00966	0.00773	0.00863	0.00870	0.01085	0.00671	0.00642	0.01197	0.01840	0.02337	0.22482	0.15176	0.44517	0.01926	0.00925	0.00264	0.00393	0.01649	0.00754	0.00671
131	0.01730	0.03828	0.01679	0.01168	0.01826	0.01096	0.00941	0.02060	0.01645	0.07116	0.01596	0.04343	0.01348	0.00675	0.00602	0.00133	0.00584	0.00546	0.00500	0.66582
132	0.01799	0.00944	0.01250	0.01096	0.01400	0.00846	0.00849	0.02127	0.02149	0.22660	0.42663	0.08538	0.07597	0.01456	0.00878	0.00247	0.00460	0.01267	0.00874	0.00900
133	0.04957	0.31869	0.34366	0.01866	0.05477	0.02280	0.02050	0.02345	0.01587	0.02212	0.01290	0.01592	0.01056	0.03191	0.00741	0.00230	0.00971	0.00526	0.00343	0.01052
134	0.01782	0.32506	0.17468	0.04357	0.02701	0.02294	0.12832	0.02244	0.01615	0.02112	0.01539	0.05599	0.01396	0.00878	0.00797	0.00229	0.04899	0.03382	0.00379	0.00992
135	0.01040	0.00775	0.00962	0.00977	0.01146	0.00708	0.00723	0.01312	0.01901	0.02558	0.35602	0.18168	0.20419	0.04571	0.01055	0.00288	0.00426	0.05909	0.00775	0.00685
136	0.02904	0.02081	0.02258	0.01727	0.02350	0.02259	0.01425	0.58422	0.03454	0.08307	0.01902	0.01891	0.01343	0.00913	0.00765	0.00227	0.00827	0.00690	0.00769	0.05489
137	0.02309	0.04437	0.04404	0.01790	0.05133	0.02055	0.01419	0.32797	0.22000	0.03791	0.02443	0.07674	0.01997	0.01093	0.00794	0.00250	0.00759	0.02931	0.00724	0.01198
138	0.00972	0.00710	0.00910	0.01058	0.01142	0.00659	0.00735	0.01128	0.01533	0.02004	0.04679	0.55799	0.13508	0.05020	0.01099	0.00328	0.00475	0.06899	0.00710	0.00634
139	0.02658	0.02004	0.02138	0.01699	0.02262	0.02235	0.01384	0.48884	0.18203	0.04435	0.02186	0.02137	0.01586	0.00958	0.00771	0.00238	0.00780	0.00740	0.03425	0.01277
140	0.02103	0.70747	0.04003	0.01343	0.02004	0.03045	0.01332	0.04513	0.01647	0.01931	0.01105	0.01265	0.01006	0.00673	0.00507	0.00168	0.00830	0.00424	0.00347	0.01006
141	0.01590	0.01280	0.01461	0.01342	0.01596	0.03671	0.01032	0.05882	0.14428	0.05474	0.12512	0.16876	0.09258	0.05002	0.01223	0.00296	0.09234	0.03366	0.00686	0.03791
142	0.02557	0.01862	0.09940	0.01501	0.02089	0.08307	0.01339	0.03071	0.06746	0.32840	0.08259	0.02843	0.02249	0.00988	0.00769	0.00230	0.00759	0.03478	0.00737	0.09434
143	0.01899	0.01837	0.03183	0.07024	0.62832	0.01843	0.05196	0.02370	0.01761	0.02511	0.01461	0.01932	0.01219	0.00692	0.00775	0.00233	0.00942	0.00701	0.00383	0.01207
144	0.00940	0.00786	0.00818	0.00810	0.01062	0.00665	0.00608	0.01158	0.01823	0.02226	0.15587	0.07245	0.59785	0.01915	0.00916	0.00259	0.00389	0.01606	0.00737	0.00665
145	0.01844	0.01777	0.03066	0.15206	0.55759	0.01827	0.04525	0.02320	0.01734	0.02444	0.01450	0.01949	0.01195	0.00703	0.00774	0.00236	0.00952	0.00698	0.00378	0.01164
146	0.01919	0.01842	0.03147	0.04759	0.67914	0.01842	0.02380	0.02380	0.01765	0.02533	0.01458	0.01919	0.01228	0.00691	0.00768	0.00230	0.00921	0.00691	0.00384	0.01228
147	0.00972	0.00700	0.00914	0.01064	0.01133	0.00653	0.00727	0.01128	0.01539	0.02046	0.07924	0.59660	0.08554	0.05008	0.01097	0.00326	0.00465	0.04739	0.00718	0.00634
148	0.01109	0.00824	0.01211	0.01211	0.01338	0.00950	0.00926	0.01362	0.01236	0.01774	0.02109	0.03222	0.02015	0.11612	0.63986	0.01203	0.01962	0.00856	0.00420	0.00673
149	0.01919	0.01842	0.03147	0.04759	0.67914	0.01842	0.02380	0.02380	0.01765	0.02533	0.01458	0.01919	0.01228	0.00691	0.00768	0.00230	0.00921	0.00691	0.00384	0.01228
150	0.01112	0.00853	0.01026	0.00984	0.01198	0.00802	0.00737	0.01569	0.07111	0.02820	0.45012	0.09594	0.20929	0.01678	0.00909	0.00253	0.00396	0.01460	0.00810	0.00747
151	0.02160	0.01664	0.01803	0.01558	0.02040	0.01854	0.01227	0.09479	0.51637	0.09845	0.02952	0.02719	0.02175	0.01011	0.00777	0.00251	0.00638	0.00833	0.00790	0.04587
152	0.01789	0.01447	0.01777	0.01281	0.01965	0.01152	0.03542	0.05540	0.01761	0.06126	0.01501	0.01695	0.01199	0.00617	0.00610	0.00134	0.00623	0.00508	0.00500	0.66233
153	0.01894	0.02093	0.06898	0.06222	0.03968	0.01898	0.56136	0.02532	0.01831	0.06143	0.01636	0.02103	0.01204	0.00680	0.00894	0.00259	0.01252	0.00883	0.00419	0.01057
154	0.01555	0.04011	0.68733	0.02210	0.03356	0.01801	0.02865	0.02455	0.01637	0.02455	0.01391	0.01637	0.00982	0.00737	0.00737	0.00246	0.01146	0.00573	0.00327	0.01146
155	0.01678	0.20465	0.53357	0.02000	0.03031	0.02102	0.02499	0.02424	0.01622	0.02305	0.01317	0.01544	0.00985	0.00719	0.00680	0.00227	0.01071	0.00535	0.00328	0.01110
156	0.01967	0.01704	0.02648	0.06046	0.45855	0.01756	0.01984	0.02748	0.14227	0.06350	0.01928	0.02203	0.01519	0.00789	0.00761	0.00235	0.00822	0.00733	0.04531	0.01194
157	0.01502	0.00921	0.00874	0.00840	0.01056	0.03802	0.00636	0.04336	0.01775	0.02865	0.06360	0.03360	0.08276	0.01034	0.00613	0.00194	0.00430	0.00832	0.59546	0.00749

[dist]
# distance from previous block
# <min> <max>
0	2

[block]
# block no. 1 follows, 25 sequences, length 15
# corresponding to MSA columns:
# 189-203
name=unknown_B
#
# <colnr> <probs for GDERKNQSTAVLIFYWHMCP>
#	G	D	E	R	K	N	Q	S	T	A	V	L	I	F	Y	W	H	M	C	P
0	0.00982	0.00704	0.00933	0.01054	0.01133	0.00655	0.00723	0.01173	0.01658	0.02256	0.19747	0.55983	0.05664	0.02223	0.00971	0.00298	0.00429	0.02008	0.00752	0.00655
1	0.00945	0.00675	0.00900	0.01080	0.01125	0.00630	0.00720	0.01080	0.01484	0.01979	0.04274	0.72245	0.05128	0.02429	0.00990	0.00315	0.00450	0.02204	0.00720	0.00630
2	0.02028	0.67267	0.09623	0.01403	0.02107	0.02959	0.01459	0.02333	0.01581	0.01878	0.01105	0.01278	0.00994	0.00670	0.00518	0.00173	0.00856	0.00428	0.00331	0.01008
3	0.03479	0.01320	0.01799	0.01380	0.01979	0.01140	0.01140	0.03779	0.02219	0.68451	0.03059	0.02639	0.01919	0.00960	0.00780	0.00240	0.00660	0.00780	0.00960	0.01320
4	0.01396	0.00859	0.01132	0.01026	0.01261	0.00783	0.00783	0.01754	0.02198	0.11310	0.59417	0.05396	0.06639	0.01507	0.00898	0.00243	0.00403	0.01324	0.00867	0.00805
5	0.01044	0.00781	0.00968	0.00942	0.01131	0.00706	0.00699	0.01352	0.02038	0.02785	0.48694	0.11880	0.20644	0.01743	0.00921	0.00254	0.00379	0.01524	0.00812	0.00706
6	0.01458	0.00790	0.00826	0.00821	0.01007	0.00796	0.00611	0.04914	0.01710	0.02877	0.02715	0.11543	0.02348	0.01096	0.00610	0.00200	0.00397	0.00907	0.63634	0.00741
7	0.01464	0.01378	0.02326	0.70887	0.05340	0.01723	0.02153	0.01981	0.01550	0.01981	0.01378	0.02067	0.01034	0.00775	0.00775	0.00258	0.01034	0.00689	0.00345	0.00861
8	0.01249	0.00892	0.01249	0.01428	0.01606	0.00892	0.01249	0.01606	0.01785	0.02320	0.04105	0.08746	0.04462	0.02142	0.01071	0.00357	0.00714	0.62695	0.00714	0.00714
9	0.03479	0.01320	0.01799	0.01380	0.01979	0.01140	0.01140	0.03779	0.02219	0.68451	0.03059	0.02639	0.01919	0.00960	0.00780	0.00240	0.00660	0.00780	0.00960	0.01320
10	0.02036	0.01222	0.01432	0.01241	0.01648	0.01209	0.00976	0.02909	0.22062	0.22765	0.14003	0.04325	0.18241	0.01318	0.00835	0.00253	0.00538	0.01105	0.00835	0.01046
11	0.01919	0.01842	0.03147	0.04759	0.67914	0.01842	0.02380	0.02380	0.01765	0.02533	0.01458	0.01919	0.01228	0.00691	0.00768	0.00230	0.00921	0.00691	0.00384	0.01228
12	0.02008	0.64532	0.12179	0.01438	0.02161	0.02909	0.01520	0.02339	0.01583	0.01903	0.01117	0.01293	0.00993	0.00673	0.00528	0.00176	0.00869	0.00434	0.00331	0.01014
13	0.01100	0.00789	0.01022	0.00966	0.01135	0.00733	0.00712	0.01438	0.02114	0.02988	0.62588	0.05738	0.06976	0.06964	0.01144	0.00282	0.00395	0.01381	0.00825	0.00712
14	0.01338	0.00890	0.01167	0.01196	0.01395	0.00853	0.00946	0.04240	0.01948	0.06920	0.23577	0.21638	0.07635	0.01902	0.00967	0.00296	0.00537	0.21017	0.00777	0.00763

[dist]
# distance from previous block
# <min> <max>
0	0

# created by:
# /st0/software/busco_prod/Augustus/scripts/msa2prfl.pl ./align_prep/121672.fa
