[name]
unknown

[dist]
# distance from previous block
# <min> <max>
6	11

[block]
# block no. 0 follows, 25 sequences, length 10
# corresponding to MSA columns:
# 11-20
name=unknown_A
#
# <colnr> <probs for GDERKNQSTAVLIFYWHMCP>
#	G	D	E	R	K	N	Q	S	T	A	V	L	I	F	Y	W	H	M	C	P
0	0.05635	0.01064	0.01317	0.01163	0.01504	0.01011	0.00902	0.02419	0.08563	0.23153	0.26259	0.12212	0.08764	0.01421	0.00848	0.00254	0.00505	0.01219	0.00837	0.00952
1	0.07081	0.01726	0.02331	0.34120	0.10310	0.01988	0.01839	0.25446	0.02331	0.03208	0.01545	0.01923	0.01146	0.00821	0.00755	0.00245	0.00927	0.00675	0.00517	0.01066
2	0.28671	0.01795	0.01617	0.04813	0.03978	0.11626	0.01150	0.07242	0.10075	0.11133	0.02057	0.02118	0.04043	0.00883	0.00655	0.00234	0.00752	0.00644	0.05524	0.00989
3	0.02165	0.01147	0.01444	0.01229	0.01611	0.01084	0.00966	0.07985	0.05985	0.27376	0.23716	0.10828	0.08396	0.01374	0.00853	0.00251	0.00542	0.01174	0.00860	0.01015
4	0.01570	0.01093	0.00925	0.00900	0.01077	0.09193	0.00647	0.01850	0.01612	0.02534	0.02351	0.03076	0.02006	0.13035	0.01137	0.00280	0.00555	0.00764	0.54694	0.00702
5	0.01533	0.01554	0.02943	0.28253	0.03892	0.01677	0.25801	0.02011	0.01618	0.02163	0.01913	0.13911	0.01779	0.01052	0.00997	0.00275	0.06281	0.01030	0.00426	0.00891
6	0.01908	0.02135	0.03760	0.07316	0.03618	0.08804	0.43518	0.02573	0.06608	0.02387	0.01583	0.02041	0.01222	0.00776	0.01036	0.00263	0.08194	0.00832	0.00414	0.01013
7	0.01146	0.00807	0.01053	0.06211	0.01459	0.00792	0.00821	0.01377	0.01621	0.04573	0.11471	0.30269	0.16087	0.05175	0.07956	0.00392	0.00651	0.01558	0.05885	0.00695
8	0.02423	0.01197	0.01516	0.01265	0.01683	0.01111	0.00991	0.08678	0.03887	0.34260	0.10143	0.13559	0.06457	0.05769	0.01024	0.00281	0.00604	0.01109	0.00833	0.03210
9	0.08927	0.14358	0.10023	0.01649	0.05670	0.01802	0.01425	0.05306	0.12204	0.23681	0.03803	0.02182	0.01681	0.00865	0.00698	0.00227	0.00745	0.00675	0.00652	0.03430

[dist]
# distance from previous block
# <min> <max>
4	17

[block]
# block no. 1 follows, 25 sequences, length 17
# corresponding to MSA columns:
# 38-54
name=unknown_B
#
# <colnr> <probs for GDERKNQSTAVLIFYWHMCP>
#	G	D	E	R	K	N	Q	S	T	A	V	L	I	F	Y	W	H	M	C	P
0	0.03936	0.00917	0.01192	0.01160	0.01342	0.00875	0.03221	0.04782	0.01689	0.02373	0.13626	0.39804	0.04420	0.10156	0.01261	0.00331	0.00540	0.01634	0.00676	0.06065
1	0.02014	0.01865	0.03233	0.09606	0.03331	0.01918	0.32003	0.19332	0.02242	0.03054	0.01838	0.06603	0.01494	0.00889	0.00894	0.00255	0.03019	0.00900	0.04460	0.01051
2	0.01516	0.01465	0.02500	0.58639	0.04900	0.01808	0.06839	0.02007	0.01534	0.02007	0.01355	0.02030	0.01043	0.00827	0.00970	0.00267	0.08368	0.00705	0.00348	0.00874
3	0.02083	0.01494	0.01687	0.01431	0.01921	0.01543	0.01123	0.05356	0.36455	0.13898	0.02841	0.07786	0.02232	0.01044	0.00761	0.00234	0.00609	0.00874	0.00748	0.15881
4	0.01031	0.01049	0.07954	0.01142	0.01334	0.00772	0.00914	0.01265	0.01572	0.02114	0.10065	0.47637	0.11260	0.06707	0.01141	0.00324	0.00528	0.01831	0.00675	0.00685
5	0.02110	0.01538	0.01683	0.01401	0.01755	0.04967	0.03084	0.25501	0.02344	0.05091	0.02129	0.04506	0.01756	0.07015	0.03092	0.00297	0.05342	0.00786	0.24640	0.00963
6	0.07384	0.01878	0.01952	0.06495	0.02298	0.05370	0.01323	0.38735	0.07676	0.03926	0.02237	0.04908	0.04304	0.01007	0.00749	0.00236	0.00785	0.00782	0.06831	0.01125
7	0.07822	0.01934	0.02074	0.01648	0.02220	0.02130	0.01346	0.42077	0.16320	0.11066	0.02201	0.02115	0.01565	0.00945	0.00759	0.00240	0.00767	0.00725	0.00778	0.01268
8	0.02920	0.05686	0.01870	0.01335	0.01906	0.01280	0.01106	0.06979	0.02200	0.46935	0.09372	0.02727	0.02306	0.00965	0.00755	0.00222	0.00642	0.00784	0.00847	0.09163
9	0.01779	0.00946	0.01237	0.01077	0.01389	0.00844	0.00838	0.02110	0.02164	0.22155	0.43282	0.05018	0.11140	0.01436	0.00875	0.00244	0.00454	0.01241	0.00873	0.00897
10	0.06636	0.01493	0.02252	0.53970	0.04536	0.01844	0.01963	0.08582	0.01726	0.02372	0.01382	0.01965	0.01049	0.00832	0.00889	0.00261	0.06273	0.00672	0.00398	0.00907
11	0.01149	0.02845	0.01344	0.01276	0.01364	0.00975	0.04293	0.01277	0.01404	0.01898	0.03306	0.46808	0.03870	0.11030	0.01618	0.04338	0.08250	0.01706	0.00599	0.00651
12	0.01812	0.02178	0.08302	0.03225	0.07123	0.01963	0.55447	0.02450	0.01787	0.02458	0.01529	0.02038	0.01160	0.00691	0.00967	0.00262	0.04295	0.00873	0.00386	0.01052
13	0.12002	0.11800	0.46089	0.01905	0.02866	0.01903	0.03872	0.02386	0.01590	0.02523	0.01315	0.01548	0.00979	0.00714	0.00668	0.00228	0.01003	0.00535	0.00358	0.05717
14	0.02720	0.01771	0.05818	0.03476	0.03711	0.05617	0.01339	0.14489	0.07441	0.31642	0.08517	0.02603	0.02167	0.00970	0.00776	0.00234	0.00750	0.00784	0.00781	0.04395
15	0.02486	0.06874	0.23893	0.01778	0.05266	0.01527	0.01754	0.04337	0.01935	0.31495	0.02116	0.02066	0.01430	0.00815	0.00725	0.00223	0.00836	0.00650	0.00632	0.09162
16	0.05827	0.04064	0.10432	0.01689	0.02355	0.01531	0.08011	0.04995	0.11014	0.34392	0.02447	0.02318	0.01658	0.00873	0.00758	0.00237	0.00785	0.00736	0.00728	0.05150

[dist]
# distance from previous block
# <min> <max>
0	13

[block]
# block no. 2 follows, 25 sequences, length 115
# corresponding to MSA columns:
# 68-182
name=unknown_C
#
# <colnr> <probs for GDERKNQSTAVLIFYWHMCP>
#	G	D	E	R	K	N	Q	S	T	A	V	L	I	F	Y	W	H	M	C	P
0	0.02047	0.02210	0.10395	0.04996	0.21814	0.09465	0.06564	0.07019	0.04225	0.05694	0.01573	0.01842	0.01225	0.00727	0.00729	0.00209	0.00934	0.00634	0.00464	0.17234
1	0.05089	0.07531	0.04774	0.04576	0.05802	0.01818	0.01333	0.14378	0.22446	0.07612	0.08998	0.02809	0.04777	0.01016	0.00754	0.00239	0.00693	0.00826	0.03419	0.01107
2	0.15284	0.02022	0.02185	0.04664	0.10852	0.05888	0.01491	0.35985	0.05739	0.05951	0.01720	0.01823	0.01266	0.00858	0.00722	0.00234	0.00840	0.00650	0.00644	0.01182
3	0.04897	0.06812	0.08327	0.15541	0.41875	0.01921	0.02209	0.04931	0.01765	0.02518	0.01415	0.01847	0.01147	0.00719	0.00737	0.00233	0.00937	0.00652	0.00389	0.01130
4	0.01870	0.28684	0.21461	0.04034	0.02421	0.02106	0.01697	0.05885	0.04437	0.05408	0.01739	0.08666	0.01534	0.00903	0.00670	0.00214	0.00855	0.00703	0.00452	0.06261
5	0.01194	0.00855	0.01079	0.01252	0.07561	0.00852	0.00678	0.01249	0.01216	0.01639	0.02470	0.09344	0.02818	0.60756	0.03427	0.00670	0.00748	0.01157	0.00478	0.00556
6	0.02702	0.09182	0.02468	0.06444	0.02542	0.02397	0.01492	0.51271	0.06832	0.04290	0.01823	0.01872	0.01326	0.00900	0.00749	0.00229	0.00850	0.00679	0.00703	0.01250
7	0.01390	0.01154	0.01718	0.06228	0.01882	0.01328	0.06150	0.01616	0.01416	0.04121	0.05020	0.12464	0.04833	0.17018	0.10381	0.00513	0.17814	0.03716	0.00500	0.00736
8	0.01069	0.00750	0.00973	0.01030	0.01101	0.00772	0.00702	0.01214	0.01317	0.01816	0.03102	0.25810	0.05429	0.25615	0.21992	0.00718	0.01016	0.01384	0.03586	0.00602
9	0.01608	0.01378	0.01608	0.01148	0.01837	0.01034	0.00919	0.01952	0.01608	0.02527	0.01378	0.01608	0.01148	0.00574	0.00574	0.00115	0.00574	0.00459	0.00459	0.77491
10	0.01608	0.01378	0.01608	0.01148	0.01837	0.01034	0.00919	0.01952	0.01608	0.02527	0.01378	0.01608	0.01148	0.00574	0.00574	0.00115	0.00574	0.00459	0.00459	0.77491
11	0.01057	0.00743	0.00972	0.01113	0.01180	0.00719	0.00793	0.01216	0.01480	0.01959	0.03840	0.42657	0.04473	0.17457	0.01644	0.00419	0.00578	0.16422	0.00665	0.00616
12	0.01608	0.01378	0.01608	0.01148	0.01837	0.01034	0.00919	0.01952	0.01608	0.02527	0.01378	0.01608	0.01148	0.00574	0.00574	0.00115	0.00574	0.00459	0.00459	0.77491
13	0.69720	0.01553	0.03990	0.01050	0.01538	0.01673	0.00906	0.02254	0.01354	0.03395	0.01192	0.01387	0.00924	0.00733	0.00495	0.00236	0.00607	0.00447	0.05701	0.00845
14	0.01765	0.07363	0.19760	0.02735	0.03505	0.02047	0.38241	0.02393	0.01690	0.02359	0.01427	0.01877	0.01098	0.00757	0.01036	0.00260	0.09507	0.00770	0.00366	0.01043
15	0.01933	0.54541	0.21515	0.01565	0.02359	0.02726	0.01742	0.02358	0.01592	0.01995	0.01163	0.01350	0.00992	0.00683	0.00562	0.00187	0.00915	0.00457	0.00331	0.01036
16	0.02947	0.02172	0.02327	0.01784	0.02404	0.02404	0.01474	0.65329	0.03646	0.04887	0.01862	0.01862	0.01319	0.00931	0.00776	0.00233	0.00853	0.00698	0.00776	0.01319
17	0.04923	0.01555	0.01807	0.01362	0.01985	0.01433	0.01110	0.19120	0.02309	0.19412	0.04447	0.02077	0.01609	0.00807	0.00688	0.00186	0.00662	0.00636	0.00682	0.33190
18	0.00945	0.00675	0.00900	0.01080	0.01125	0.00630	0.00720	0.01080	0.01484	0.01979	0.04274	0.72245	0.05128	0.02429	0.00990	0.00315	0.00450	0.02204	0.00720	0.00630
19	0.01596	0.01432	0.02206	0.56791	0.04644	0.01733	0.01950	0.08265	0.04537	0.02328	0.01902	0.02415	0.05230	0.00876	0.00785	0.00256	0.00958	0.00756	0.00429	0.00909
20	0.01347	0.00673	0.01010	0.01010	0.01010	0.00673	0.00673	0.01010	0.01010	0.01347	0.01347	0.02357	0.01347	0.02694	0.03030	0.77441	0.00673	0.00673	0.00337	0.00337
21	0.47420	0.11779	0.01754	0.01194	0.01721	0.05621	0.01009	0.02647	0.01595	0.16841	0.01503	0.01556	0.01098	0.00767	0.00558	0.00227	0.00690	0.00499	0.00555	0.00966
22	0.70712	0.01567	0.01258	0.01096	0.01590	0.01806	0.00903	0.08574	0.01552	0.03619	0.01158	0.01320	0.00888	0.00741	0.00509	0.00239	0.00625	0.00448	0.00509	0.00888
23	0.01847	0.01765	0.03057	0.04328	0.57001	0.01756	0.06549	0.02310	0.01772	0.02509	0.01728	0.02606	0.01544	0.00832	0.00808	0.00245	0.00927	0.06835	0.00417	0.01165
24	0.01962	0.01856	0.03113	0.04635	0.65185	0.01866	0.02342	0.05002	0.01844	0.02631	0.01475	0.01917	0.01232	0.00701	0.00768	0.00230	0.00918	0.00691	0.00400	0.01232
25	0.01123	0.00769	0.00935	0.00935	0.00967	0.00800	0.00582	0.01185	0.01154	0.01570	0.02361	0.04619	0.02621	0.57736	0.18691	0.00863	0.01049	0.01061	0.00458	0.00520
26	0.01690	0.10917	0.59321	0.02085	0.03159	0.01901	0.02635	0.02498	0.01656	0.05203	0.01431	0.01640	0.01023	0.00739	0.00714	0.00237	0.01093	0.00566	0.00355	0.01138
27	0.01615	0.12020	0.61249	0.02108	0.03198	0.01947	0.02687	0.02440	0.01630	0.02382	0.01355	0.01591	0.00984	0.00728	0.00709	0.00236	0.01109	0.00555	0.00328	0.01128
28	0.00945	0.00675	0.00900	0.01080	0.01125	0.00630	0.00720	0.01080	0.01484	0.01979	0.04274	0.72245	0.05128	0.02429	0.00990	0.00315	0.00450	0.02204	0.00720	0.00630
29	0.01612	0.01392	0.01640	0.01186	0.01846	0.01090	0.00952	0.01949	0.01590	0.02499	0.01363	0.01612	0.01143	0.00607	0.00658	0.00124	0.03568	0.00469	0.00454	0.74248
30	0.00916	0.00785	0.00785	0.00785	0.01047	0.00655	0.00589	0.01113	0.01767	0.02095	0.07855	0.07462	0.67599	0.01964	0.00916	0.00262	0.00393	0.01636	0.00720	0.00655
31	0.02105	0.01007	0.01319	0.01144	0.01502	0.00886	0.00891	0.02383	0.02038	0.31771	0.20974	0.14718	0.13031	0.01489	0.00866	0.00255	0.00513	0.01281	0.00862	0.00966
32	0.01701	0.01710	0.02453	0.02079	0.02107	0.02360	0.03953	0.01888	0.01210	0.01888	0.01037	0.01710	0.01023	0.01332	0.02487	0.00336	0.68839	0.00687	0.00341	0.00855
33	0.00939	0.00786	0.00817	0.00810	0.01061	0.00664	0.00607	0.01157	0.01822	0.02223	0.15429	0.07250	0.59944	0.01916	0.00916	0.00260	0.00389	0.01607	0.00737	0.00664
34	0.01919	0.01842	0.03147	0.04759	0.67914	0.01842	0.02380	0.02380	0.01765	0.02533	0.01458	0.01919	0.01228	0.00691	0.00768	0.00230	0.00921	0.00691	0.00384	0.01228
35	0.03479	0.01320	0.01799	0.01380	0.01979	0.01140	0.01140	0.03779	0.02219	0.68451	0.03059	0.02639	0.01919	0.00960	0.00780	0.00240	0.00660	0.00780	0.00960	0.01320
36	0.01929	0.01666	0.01753	0.01578	0.02016	0.01929	0.01227	0.04120	0.66513	0.03243	0.03156	0.02893	0.02367	0.01052	0.00789	0.00263	0.00614	0.00877	0.00789	0.01227
37	0.01109	0.00826	0.01224	0.01224	0.01354	0.00957	0.00941	0.01370	0.01239	0.01783	0.02097	0.03160	0.01988	0.09580	0.65981	0.01218	0.02002	0.00847	0.00418	0.00680
38	0.02896	0.03695	0.02197	0.01998	0.02397	0.69638	0.01498	0.03096	0.02197	0.01898	0.01199	0.01398	0.00999	0.00799	0.00699	0.00200	0.01398	0.00499	0.00400	0.00899
39	0.02896	0.03695	0.02197	0.01998	0.02397	0.69638	0.01498	0.03096	0.02197	0.01898	0.01199	0.01398	0.00999	0.00799	0.00699	0.00200	0.01398	0.00499	0.00400	0.00899
40	0.01929	0.01666	0.01753	0.01578	0.02016	0.01929	0.01227	0.04120	0.66513	0.03243	0.03156	0.02893	0.02367	0.01052	0.00789	0.00263	0.00614	0.00877	0.00789	0.01227
41	0.01696	0.01696	0.02375	0.02036	0.02036	0.02375	0.01696	0.01866	0.01187	0.01866	0.01018	0.01696	0.01018	0.01357	0.02545	0.00339	0.71332	0.00679	0.00339	0.00848
42	0.00923	0.00786	0.00795	0.00793	0.01052	0.00658	0.00595	0.01126	0.01784	0.02134	0.10144	0.07398	0.65286	0.01949	0.00916	0.00261	0.00392	0.01627	0.00725	0.00658
43	0.01797	0.02024	0.04388	0.03164	0.03915	0.01901	0.61507	0.02434	0.01828	0.02474	0.01711	0.02466	0.01361	0.00737	0.00924	0.00267	0.01274	0.04390	0.00410	0.01027
44	0.01034	0.00743	0.00983	0.01039	0.01160	0.00692	0.00746	0.01295	0.01859	0.02569	0.36578	0.35915	0.06221	0.01987	0.00954	0.00280	0.00417	0.04055	0.00788	0.00685
45	0.01928	0.01651	0.01738	0.01556	0.01994	0.01899	0.01213	0.06188	0.61891	0.03260	0.03283	0.03024	0.04732	0.01081	0.00793	0.00262	0.00614	0.00898	0.00786	0.01209
46	0.02102	0.70762	0.03997	0.01350	0.02004	0.05419	0.01333	0.02349	0.01597	0.01827	0.01082	0.01249	0.00995	0.00668	0.00505	0.00167	0.00849	0.00418	0.00334	0.00992
47	0.07510	0.01884	0.01809	0.01511	0.01891	0.10909	0.01208	0.27885	0.02430	0.03428	0.01792	0.02108	0.01421	0.04004	0.01043	0.00252	0.09369	0.00674	0.17870	0.01002
48	0.02247	0.01926	0.16199	0.01620	0.02225	0.01428	0.04008	0.08449	0.09978	0.24155	0.09479	0.09940	0.02593	0.01127	0.00813	0.00252	0.00749	0.00959	0.00727	0.01126
49	0.78228	0.01499	0.01140	0.01020	0.01499	0.01739	0.00840	0.02279	0.01320	0.03479	0.01080	0.01260	0.00840	0.00720	0.00480	0.00240	0.00600	0.00420	0.00480	0.00840
50	0.01920	0.02118	0.06366	0.03337	0.16659	0.05017	0.42974	0.02495	0.01831	0.04805	0.01656	0.04109	0.01315	0.00735	0.00866	0.00253	0.01179	0.00871	0.00418	0.01077
51	0.02225	0.01665	0.01893	0.01540	0.02004	0.01816	0.01242	0.37882	0.04941	0.03655	0.01948	0.02325	0.01569	0.05001	0.19774	0.00522	0.01153	0.00737	0.00639	0.07467
52	0.01141	0.00834	0.01106	0.01243	0.01391	0.00817	0.00989	0.01485	0.04283	0.02284	0.08992	0.30293	0.08371	0.02147	0.01011	0.00325	0.00575	0.31280	0.00730	0.00703
53	0.01428	0.01091	0.04955	0.01114	0.01422	0.00912	0.00918	0.01926	0.06518	0.10233	0.46924	0.05160	0.11408	0.01465	0.00881	0.00246	0.00462	0.01272	0.00819	0.00847
54	0.01464	0.01378	0.02326	0.70887	0.05340	0.01723	0.02153	0.01981	0.01550	0.01981	0.01378	0.02067	0.01034	0.00775	0.00775	0.00258	0.01034	0.00689	0.00345	0.00861
55	0.01929	0.01666	0.01753	0.01578	0.02016	0.01929	0.01227	0.04120	0.66513	0.03243	0.03156	0.02893	0.02367	0.01052	0.00789	0.00263	0.00614	0.00877	0.00789	0.01227
56	0.02947	0.02172	0.02327	0.01784	0.02404	0.02404	0.01474	0.65329	0.03646	0.04887	0.01862	0.01862	0.01319	0.00931	0.00776	0.00233	0.00853	0.00698	0.00776	0.01319
57	0.01445	0.00723	0.00723	0.00723	0.00903	0.00723	0.00542	0.01807	0.01626	0.02891	0.02529	0.02891	0.01987	0.00903	0.00542	0.00181	0.00361	0.00723	0.77055	0.00723
58	0.78228	0.01499	0.01140	0.01020	0.01499	0.01739	0.00840	0.02279	0.01320	0.03479	0.01080	0.01260	0.00840	0.00720	0.00480	0.00240	0.00600	0.00420	0.00480	0.00840
59	0.02224	0.01623	0.01829	0.05456	0.02221	0.01815	0.01280	0.07724	0.48258	0.14145	0.02960	0.02740	0.02153	0.01014	0.00786	0.00257	0.00660	0.00839	0.00792	0.01228
60	0.01555	0.04011	0.68733	0.02210	0.03356	0.01801	0.02865	0.02455	0.01637	0.02455	0.01391	0.01637	0.00982	0.00737	0.00737	0.00246	0.01146	0.00573	0.00327	0.01146
61	0.78228	0.01499	0.01140	0.01020	0.01499	0.01739	0.00840	0.02279	0.01320	0.03479	0.01080	0.01260	0.00840	0.00720	0.00480	0.00240	0.00600	0.00420	0.00480	0.00840
62	0.01128	0.00752	0.00846	0.00846	0.00846	0.00752	0.00470	0.01128	0.01128	0.01503	0.02443	0.05074	0.02819	0.72751	0.03946	0.00752	0.00752	0.01128	0.00470	0.00470
63	0.01796	0.01717	0.02925	0.22635	0.50999	0.01810	0.02318	0.02272	0.01707	0.02384	0.01437	0.01959	0.01176	0.00714	0.00770	0.00238	0.00952	0.00690	0.00373	0.01129
64	0.02896	0.03695	0.02197	0.01998	0.02397	0.69638	0.01498	0.03096	0.02197	0.01898	0.01199	0.01398	0.00999	0.00799	0.00699	0.00200	0.01398	0.00499	0.00400	0.00899
65	0.01244	0.00912	0.01031	0.00951	0.01227	0.00829	0.00728	0.05966	0.02072	0.05740	0.27930	0.06255	0.38834	0.01711	0.00899	0.00252	0.00429	0.01448	0.00782	0.00760
66	0.01919	0.01842	0.03147	0.04759	0.67914	0.01842	0.02380	0.02380	0.01765	0.02533	0.01458	0.01919	0.01228	0.00691	0.00768	0.00230	0.00921	0.00691	0.00384	0.01228
67	0.01888	0.01811	0.03091	0.09273	0.63643	0.01834	0.02364	0.02352	0.01751	0.02495	0.01453	0.01929	0.01215	0.00697	0.00768	0.00232	0.00929	0.00691	0.00381	0.01203
68	0.05959	0.02115	0.02261	0.01739	0.02353	0.02333	0.01437	0.60625	0.03502	0.07099	0.01873	0.01865	0.01321	0.00923	0.00764	0.00233	0.00836	0.00690	0.00770	0.01300
69	0.01929	0.01666	0.01753	0.01578	0.02016	0.01929	0.01227	0.04120	0.66513	0.03243	0.03156	0.02893	0.02367	0.01052	0.00789	0.00263	0.00614	0.00877	0.00789	0.01227
70	0.01608	0.01378	0.01608	0.01148	0.01837	0.01034	0.00919	0.01952	0.01608	0.02527	0.01378	0.01608	0.01148	0.00574	0.00574	0.00115	0.00574	0.00459	0.00459	0.77491
71	0.00972	0.00788	0.00862	0.00844	0.01081	0.00678	0.00633	0.01220	0.01898	0.02405	0.26084	0.06952	0.49177	0.01848	0.00916	0.00256	0.00385	0.01565	0.00761	0.00678
72	0.03479	0.01320	0.01799	0.01380	0.01979	0.01140	0.01140	0.03779	0.02219	0.68451	0.03059	0.02639	0.01919	0.00960	0.00780	0.00240	0.00660	0.00780	0.00960	0.01320
73	0.03459	0.01351	0.01819	0.01394	0.01995	0.01186	0.01152	0.06045	0.02272	0.66110	0.03015	0.02610	0.01897	0.00959	0.00780	0.00240	0.00667	0.00777	0.00953	0.01320
74	0.01830	0.02092	0.04575	0.03268	0.04052	0.01961	0.65098	0.02484	0.01830	0.02484	0.01569	0.02092	0.01176	0.00654	0.00915	0.00261	0.01307	0.00915	0.00392	0.01046
75	0.01929	0.01666	0.01753	0.01578	0.02016	0.01929	0.01227	0.04120	0.66513	0.03243	0.03156	0.02893	0.02367	0.01052	0.00789	0.00263	0.00614	0.00877	0.00789	0.01227
76	0.03322	0.01355	0.01795	0.01400	0.01983	0.01219	0.01148	0.03813	0.08724	0.61854	0.03069	0.02665	0.01965	0.00969	0.00781	0.00242	0.00655	0.00790	0.00942	0.01310
77	0.69726	0.01479	0.01215	0.01061	0.01554	0.01671	0.00874	0.02450	0.01422	0.10868	0.01305	0.01416	0.00962	0.00747	0.00514	0.00240	0.00607	0.00461	0.00534	0.00894
78	0.00916	0.00785	0.00785	0.00785	0.01047	0.00655	0.00589	0.01113	0.01767	0.02095	0.07855	0.07462	0.67599	0.01964	0.00916	0.00262	0.00393	0.01636	0.00720	0.00655
79	0.03021	0.02055	0.02254	0.01728	0.02346	0.02231	0.01428	0.56866	0.03449	0.13626	0.02026	0.01968	0.01401	0.00935	0.00776	0.00234	0.00827	0.00709	0.00801	0.01319
80	0.03229	0.01313	0.01739	0.01360	0.01929	0.01166	0.01115	0.03652	0.06583	0.60268	0.03335	0.02928	0.05644	0.01022	0.00788	0.00243	0.00642	0.00835	0.00935	0.01276
81	0.03479	0.01320	0.01799	0.01380	0.01979	0.01140	0.01140	0.03779	0.02219	0.68451	0.03059	0.02639	0.01919	0.00960	0.00780	0.00240	0.00660	0.00780	0.00960	0.01320
82	0.05651	0.01429	0.01811	0.01521	0.03866	0.01377	0.01207	0.11012	0.08234	0.43643	0.05152	0.03026	0.02193	0.01051	0.00794	0.00249	0.00678	0.05012	0.00867	0.01229
83	0.01919	0.01842	0.03147	0.04759	0.67914	0.01842	0.02380	0.02380	0.01765	0.02533	0.01458	0.01919	0.01228	0.00691	0.00768	0.00230	0.00921	0.00691	0.00384	0.01228
84	0.03479	0.01320	0.01799	0.01380	0.01979	0.01140	0.01140	0.03779	0.02219	0.68451	0.03059	0.02639	0.01919	0.00960	0.00780	0.00240	0.00660	0.00780	0.00960	0.01320
85	0.01944	0.01711	0.02558	0.11671	0.02998	0.01854	0.17676	0.03380	0.36523	0.07324	0.02495	0.02555	0.01846	0.00905	0.00819	0.00260	0.00853	0.00854	0.00637	0.01136
86	0.15696	0.01525	0.05440	0.01367	0.01952	0.01337	0.01183	0.07504	0.02132	0.45260	0.06754	0.02504	0.01997	0.00946	0.00736	0.00240	0.00671	0.00743	0.00824	0.01191
87	0.01943	0.01783	0.03018	0.04493	0.62994	0.01775	0.02272	0.02394	0.01798	0.04913	0.04050	0.02093	0.01487	0.00735	0.00774	0.00231	0.00890	0.00721	0.00422	0.01212
88	0.78228	0.01499	0.01140	0.01020	0.01499	0.01739	0.00840	0.02279	0.01320	0.03479	0.01080	0.01260	0.00840	0.00720	0.00480	0.00240	0.00600	0.00420	0.00480	0.00840
89	0.01091	0.00788	0.01031	0.00980	0.01157	0.00727	0.00731	0.01447	0.02165	0.03062	0.64870	0.08561	0.07225	0.01620	0.00918	0.00247	0.00369	0.01436	0.00848	0.00727
90	0.02092	0.01652	0.01849	0.01739	0.05716	0.01851	0.01286	0.09176	0.49862	0.08213	0.02987	0.05619	0.02293	0.01072	0.00794	0.00259	0.00648	0.00899	0.00775	0.01217
91	0.01144	0.00801	0.00981	0.00969	0.00997	0.00854	0.00615	0.01206	0.01154	0.01576	0.02318	0.04543	0.02576	0.56661	0.17194	0.00837	0.03539	0.01051	0.00454	0.00528
92	0.01198	0.00815	0.01069	0.00993	0.01193	0.00749	0.00749	0.01561	0.02196	0.05873	0.64779	0.05658	0.07088	0.01559	0.00909	0.00244	0.00378	0.01376	0.00858	0.00756
93	0.01464	0.01378	0.02326	0.70887	0.05340	0.01723	0.02153	0.01981	0.01550	0.01981	0.01378	0.02067	0.01034	0.00775	0.00775	0.00258	0.01034	0.00689	0.00345	0.00861
94	0.01097	0.00793	0.01036	0.00975	0.01158	0.00732	0.00732	0.01463	0.02195	0.03109	0.67505	0.05792	0.07316	0.01585	0.00914	0.00244	0.00366	0.01402	0.00854	0.00732
95	0.01049	0.00758	0.00993	0.01019	0.01160	0.00702	0.00742	0.01335	0.01941	0.02690	0.43285	0.27079	0.08414	0.01885	0.00944	0.00271	0.00406	0.03829	0.00802	0.00696
96	0.01076	0.00787	0.01010	0.00965	0.01148	0.00721	0.00720	0.01418	0.02128	0.02976	0.59843	0.09021	0.11978	0.01654	0.00918	0.00249	0.00372	0.01458	0.00837	0.00721
97	0.01919	0.01842	0.03147	0.04759	0.67914	0.01842	0.02380	0.02380	0.01765	0.02533	0.01458	0.01919	0.01228	0.00691	0.00768	0.00230	0.00921	0.00691	0.00384	0.01228
98	0.78228	0.01499	0.01140	0.01020	0.01499	0.01739	0.00840	0.02279	0.01320	0.03479	0.01080	0.01260	0.00840	0.00720	0.00480	0.00240	0.00600	0.00420	0.00480	0.00840
99	0.00941	0.00690	0.00884	0.01040	0.01114	0.00633	0.00702	0.01084	0.01523	0.01995	0.04758	0.63479	0.13581	0.02366	0.00980	0.00308	0.00442	0.02127	0.00720	0.00633
100	0.78228	0.01499	0.01140	0.01020	0.01499	0.01739	0.00840	0.02279	0.01320	0.03479	0.01080	0.01260	0.00840	0.00720	0.00480	0.00240	0.00600	0.00420	0.00480	0.00840
101	0.01643	0.01491	0.02079	0.01485	0.02189	0.01181	0.11105	0.02037	0.01643	0.02520	0.01408	0.01685	0.01153	0.00587	0.00628	0.00138	0.00691	0.00532	0.00449	0.65358
102	0.78228	0.01499	0.01140	0.01020	0.01499	0.01739	0.00840	0.02279	0.01320	0.03479	0.01080	0.01260	0.00840	0.00720	0.00480	0.00240	0.00600	0.00420	0.00480	0.00840
103	0.01464	0.01378	0.02326	0.70887	0.05340	0.01723	0.02153	0.01981	0.01550	0.01981	0.01378	0.02067	0.01034	0.00775	0.00775	0.00258	0.01034	0.00689	0.00345	0.00861
104	0.01242	0.00965	0.01590	0.01467	0.01676	0.00902	0.11761	0.01490	0.01616	0.05222	0.07210	0.48211	0.04311	0.04676	0.01079	0.00317	0.00624	0.04236	0.00673	0.00736
105	0.02811	0.02032	0.02358	0.01803	0.02408	0.02197	0.05340	0.53678	0.03355	0.08978	0.05592	0.02148	0.01686	0.00952	0.00792	0.00236	0.00841	0.00756	0.00769	0.01269
106	0.03293	0.01327	0.01773	0.01384	0.01950	0.01179	0.01132	0.07050	0.02254	0.60795	0.03067	0.06895	0.02084	0.01049	0.00792	0.00244	0.00658	0.00863	0.00935	0.01277
107	0.01046	0.00946	0.00877	0.00864	0.01114	0.04516	0.00638	0.01237	0.01767	0.02083	0.09256	0.06917	0.57749	0.06258	0.01091	0.00288	0.00470	0.01533	0.00691	0.00660
108	0.01820	0.01737	0.02974	0.11237	0.54973	0.01767	0.04582	0.02265	0.01706	0.02411	0.01515	0.02136	0.01305	0.05149	0.00970	0.00267	0.00937	0.00726	0.00385	0.01137
109	0.69197	0.01445	0.01180	0.04904	0.01677	0.01676	0.00895	0.02233	0.01351	0.03359	0.01186	0.01405	0.00921	0.00734	0.00500	0.00237	0.00609	0.00454	0.05202	0.00834
110	0.05773	0.00781	0.00962	0.01104	0.01198	0.00771	0.00756	0.01324	0.05106	0.02143	0.04014	0.63986	0.04709	0.02247	0.00947	0.00307	0.00468	0.02020	0.00709	0.00676
111	0.02378	0.01709	0.01873	0.01586	0.02086	0.01894	0.01261	0.16016	0.43865	0.14085	0.02887	0.02651	0.02090	0.01013	0.00785	0.00253	0.00668	0.00826	0.00814	0.01260
112	0.01314	0.00975	0.01308	0.01400	0.01647	0.00944	0.01210	0.01731	0.03930	0.02376	0.03753	0.07711	0.04002	0.01921	0.01003	0.00325	0.00694	0.53307	0.00687	0.09762
113	0.69435	0.01478	0.01217	0.01062	0.01556	0.01669	0.00875	0.02456	0.01425	0.11121	0.01312	0.01422	0.00967	0.00748	0.00515	0.00240	0.00607	0.00462	0.00536	0.00896
114	0.69240	0.01521	0.01246	0.01111	0.01561	0.01787	0.00911	0.02370	0.05339	0.03374	0.01204	0.01385	0.00944	0.00776	0.00614	0.00247	0.04551	0.00463	0.00491	0.00864

[dist]
# distance from previous block
# <min> <max>
4	10

[block]
# block no. 3 follows, 25 sequences, length 15
# corresponding to MSA columns:
# 193-207
name=unknown_D
#
# <colnr> <probs for GDERKNQSTAVLIFYWHMCP>
#	G	D	E	R	K	N	Q	S	T	A	V	L	I	F	Y	W	H	M	C	P
0	0.01571	0.01378	0.01790	0.18885	0.02728	0.01209	0.01233	0.01960	0.01593	0.02388	0.01378	0.01725	0.01119	0.00625	0.00625	0.00151	0.00691	0.00518	0.00430	0.58001
1	0.01697	0.00922	0.01225	0.01083	0.01366	0.00831	0.00835	0.02036	0.02171	0.19680	0.48429	0.07812	0.05851	0.01462	0.00883	0.00246	0.00444	0.01278	0.00875	0.00877
2	0.01975	0.01596	0.01805	0.01323	0.01993	0.01409	0.01071	0.19312	0.02166	0.03173	0.01511	0.01677	0.01195	0.00672	0.00629	0.00147	0.00651	0.00525	0.00546	0.56626
3	0.01349	0.01178	0.01581	0.01467	0.01478	0.01486	0.01112	0.01464	0.01247	0.01795	0.02236	0.20564	0.02557	0.21185	0.02533	0.00446	0.33971	0.01190	0.00472	0.00689
4	0.02199	0.02552	0.02278	0.20877	0.03111	0.33928	0.01728	0.02478	0.01763	0.01912	0.01202	0.01657	0.01013	0.00934	0.01189	0.00251	0.19085	0.00597	0.00369	0.00876
5	0.37673	0.01335	0.01247	0.01188	0.01546	0.01509	0.00915	0.02478	0.19219	0.03033	0.02461	0.19761	0.02349	0.01245	0.00694	0.00265	0.00565	0.00999	0.00626	0.00892
6	0.01580	0.01196	0.01794	0.19673	0.20387	0.01284	0.01455	0.02008	0.01645	0.02561	0.01943	0.02415	0.01537	0.00813	0.00663	0.00214	0.00686	0.00705	0.36544	0.00896
7	0.01464	0.01378	0.02326	0.70887	0.05340	0.01723	0.02153	0.01981	0.01550	0.01981	0.01378	0.02067	0.01034	0.00775	0.00775	0.00258	0.01034	0.00689	0.00345	0.00861
8	0.02009	0.01775	0.02603	0.01891	0.02588	0.01636	0.18639	0.18217	0.02187	0.03115	0.01553	0.01805	0.01199	0.00687	0.00719	0.00185	0.00846	0.00645	0.00521	0.37178
9	0.01871	0.01596	0.02326	0.51959	0.04536	0.01909	0.01967	0.19333	0.02124	0.02777	0.01511	0.02011	0.01112	0.00818	0.00775	0.00251	0.00984	0.00692	0.00463	0.00987
10	0.01801	0.01765	0.02739	0.03320	0.33114	0.02124	0.02019	0.02108	0.01460	0.02181	0.01226	0.01801	0.01117	0.01043	0.01706	0.00288	0.38115	0.00684	0.00360	0.01027
11	0.02491	0.01601	0.02637	0.02026	0.02494	0.01673	0.17545	0.02848	0.01837	0.31237	0.04288	0.02348	0.01665	0.01012	0.01302	0.00273	0.20172	0.00807	0.00642	0.01101
12	0.01625	0.01505	0.02368	0.35037	0.21589	0.01580	0.01901	0.02083	0.01624	0.02271	0.01400	0.01910	0.01116	0.00701	0.00722	0.00214	0.00886	0.00631	0.00384	0.20451
13	0.01459	0.01278	0.01806	0.34148	0.03358	0.01501	0.01535	0.02338	0.19328	0.02326	0.02601	0.20142	0.02440	0.01272	0.00834	0.00274	0.00770	0.01126	0.00562	0.00903
14	0.01308	0.01099	0.01457	0.01455	0.01568	0.01283	0.01160	0.01681	0.06730	0.02147	0.03475	0.26456	0.07580	0.01919	0.01416	0.00325	0.19944	0.17614	0.00620	0.00761

[dist]
# distance from previous block
# <min> <max>
0	16

# created by:
# /st0/software/busco_prod/Augustus/scripts/msa2prfl.pl ./align_prep/121894.fa
