[name]
unknown

[dist]
# distance from previous block
# <min> <max>
0	0

[block]
# block no. 0 follows, 21 sequences, length 24
# corresponding to MSA columns:
# 41-64
name=unknown_A
#
# <colnr> <probs for GDERKNQSTAVLIFYWHMCP>
#	G	D	E	R	K	N	Q	S	T	A	V	L	I	F	Y	W	H	M	C	P
0	0.01371	0.00980	0.01371	0.01567	0.01763	0.00980	0.01371	0.01763	0.01959	0.02547	0.04506	0.09599	0.04898	0.02351	0.01175	0.00392	0.00784	0.59056	0.00784	0.00784
1	0.01739	0.08162	0.62206	0.02370	0.03598	0.02055	0.03048	0.02687	0.01793	0.02656	0.01508	0.01772	0.01079	0.00804	0.00794	0.00265	0.01238	0.00619	0.00360	0.01248
2	0.01017	0.00863	0.00878	0.00874	0.01156	0.00723	0.00655	0.01243	0.01966	0.02362	0.11785	0.08086	0.61235	0.02132	0.01006	0.00286	0.00429	0.01781	0.00799	0.00723
3	0.01765	0.01513	0.01765	0.01260	0.02017	0.01134	0.01008	0.02143	0.01765	0.02773	0.01513	0.01765	0.01260	0.00630	0.00630	0.00126	0.00630	0.00504	0.00504	0.75295
4	0.03643	0.01454	0.01957	0.01492	0.02159	0.01241	0.01230	0.03976	0.02378	0.60027	0.03200	0.02800	0.02034	0.01017	0.00837	0.00252	0.00716	0.00826	0.01006	0.07755
5	0.01006	0.00862	0.00862	0.00862	0.01149	0.00718	0.00647	0.01221	0.01940	0.02299	0.08621	0.08190	0.64438	0.02155	0.01006	0.00287	0.00431	0.01796	0.00790	0.00718
6	0.03179	0.04056	0.02412	0.02192	0.02631	0.66676	0.01644	0.03398	0.02412	0.02083	0.01315	0.01535	0.01096	0.00877	0.00767	0.00219	0.01535	0.00548	0.00438	0.00987
7	0.01037	0.00741	0.00987	0.01185	0.01234	0.00691	0.00790	0.01185	0.01629	0.02172	0.04690	0.69537	0.05629	0.02666	0.01086	0.00346	0.00494	0.02419	0.00790	0.00691
8	0.02106	0.02022	0.03454	0.05223	0.64784	0.02022	0.02612	0.02612	0.01938	0.02780	0.01601	0.02106	0.01348	0.00758	0.00842	0.00253	0.01011	0.00758	0.00421	0.01348
9	0.03818	0.01448	0.01975	0.01514	0.02172	0.01251	0.01251	0.04147	0.02436	0.65373	0.03357	0.02897	0.02107	0.01053	0.00856	0.00263	0.00724	0.00856	0.01053	0.01448
10	0.01006	0.00862	0.00862	0.00862	0.01149	0.00718	0.00647	0.01221	0.01940	0.02299	0.08621	0.08190	0.64438	0.02155	0.01006	0.00287	0.00431	0.01796	0.00790	0.00718
11	0.01178	0.00850	0.01114	0.01089	0.01266	0.00785	0.00801	0.01540	0.02287	0.03219	0.55001	0.16244	0.07654	0.01885	0.01017	0.00280	0.00416	0.01677	0.00914	0.00785
12	0.01049	0.00760	0.00992	0.01153	0.01232	0.00703	0.00781	0.01223	0.01717	0.02287	0.10056	0.59893	0.09906	0.02552	0.01074	0.00335	0.00482	0.02301	0.00803	0.00703
13	0.01467	0.00928	0.01222	0.01115	0.01362	0.00848	0.00848	0.01862	0.02412	0.09647	0.58200	0.06009	0.07434	0.01671	0.00989	0.00267	0.00434	0.01470	0.00949	0.00868
14	0.01862	0.01862	0.02607	0.02234	0.02234	0.02607	0.01862	0.02048	0.01303	0.02048	0.01117	0.01862	0.01117	0.01489	0.02793	0.00372	0.68535	0.00745	0.00372	0.00931
15	0.01478	0.00739	0.01109	0.01109	0.01109	0.00739	0.00739	0.01109	0.01109	0.01478	0.01478	0.02587	0.01478	0.02956	0.03326	0.75240	0.00739	0.00739	0.00370	0.00370
16	0.01033	0.00755	0.00973	0.01146	0.01224	0.00694	0.00773	0.01189	0.01666	0.02188	0.05159	0.62220	0.12643	0.02605	0.01077	0.00339	0.00486	0.02345	0.00790	0.00694
17	0.01037	0.00741	0.00987	0.01185	0.01234	0.00691	0.00790	0.01185	0.01629	0.02172	0.04690	0.69537	0.05629	0.02666	0.01086	0.00346	0.00494	0.02419	0.00790	0.00691
18	0.02117	0.01828	0.01924	0.01732	0.02213	0.02117	0.01347	0.04522	0.63246	0.03560	0.03464	0.03175	0.02598	0.01155	0.00866	0.00289	0.00673	0.00962	0.00866	0.01347
19	0.01176	0.00876	0.01098	0.01063	0.01281	0.00798	0.00810	0.01539	0.02282	0.03126	0.48848	0.06955	0.19298	0.01867	0.01016	0.00280	0.00434	0.05575	0.00896	0.00784
20	0.01478	0.00739	0.01109	0.01109	0.01109	0.00739	0.00739	0.01109	0.01109	0.01478	0.01478	0.02587	0.01478	0.02956	0.03326	0.75240	0.00739	0.00739	0.00370	0.00370
21	0.67173	0.01621	0.01340	0.01168	0.01711	0.01828	0.00962	0.02705	0.01570	0.11423	0.01453	0.01570	0.01068	0.00822	0.00567	0.00263	0.00666	0.00510	0.00592	0.00987
22	0.01887	0.01084	0.01115	0.01006	0.01292	0.01130	0.00782	0.12931	0.02189	0.03573	0.02642	0.02966	0.02047	0.00997	0.00642	0.00209	0.00495	0.00788	0.61311	0.00913
23	0.01273	0.00932	0.01245	0.01411	0.01603	0.00904	0.01187	0.01608	0.01915	0.02462	0.05165	0.16786	0.14196	0.02360	0.01138	0.00370	0.00693	0.43203	0.00785	0.00762

[dist]
# distance from previous block
# <min> <max>
0	2

[block]
# block no. 1 follows, 21 sequences, length 56
# corresponding to MSA columns:
# 67-122
name=unknown_B
#
# <colnr> <probs for GDERKNQSTAVLIFYWHMCP>
#	G	D	E	R	K	N	Q	S	T	A	V	L	I	F	Y	W	H	M	C	P
0	0.11520	0.00885	0.01146	0.01138	0.01226	0.00927	0.00801	0.01353	0.01213	0.01876	0.01670	0.02916	0.01662	0.05324	0.05831	0.55205	0.00805	0.03593	0.00421	0.00488
1	0.01138	0.00842	0.01097	0.01214	0.01352	0.00757	0.00846	0.01325	0.01662	0.02261	0.04317	0.58588	0.05090	0.02416	0.01039	0.00323	0.00525	0.05221	0.00757	0.09229
2	0.01765	0.01513	0.01765	0.01260	0.02017	0.01134	0.01008	0.02143	0.01765	0.02773	0.01513	0.01765	0.01260	0.00630	0.00630	0.00126	0.00630	0.00504	0.00504	0.75295
3	0.02459	0.04706	0.02229	0.01738	0.02265	0.09726	0.03580	0.17676	0.10208	0.09074	0.06597	0.02878	0.05981	0.01363	0.04179	0.00303	0.04111	0.00862	0.00708	0.09357
4	0.03273	0.02323	0.02516	0.01929	0.02609	0.02548	0.01594	0.58175	0.03899	0.09279	0.02129	0.02099	0.01490	0.01024	0.00852	0.00256	0.00923	0.00772	0.00864	0.01447
5	0.01221	0.00890	0.01256	0.01256	0.01369	0.01003	0.00924	0.01448	0.01335	0.01893	0.02382	0.03909	0.02373	0.22579	0.50859	0.01230	0.01910	0.00995	0.00471	0.00698
6	0.03121	0.01467	0.01858	0.01471	0.02054	0.01352	0.01196	0.09067	0.06485	0.42803	0.09248	0.03499	0.07143	0.01184	0.00872	0.00261	0.00685	0.00973	0.00970	0.04292
7	0.01388	0.00743	0.01059	0.01103	0.01128	0.00732	0.00740	0.01189	0.01273	0.01756	0.02285	0.17467	0.02449	0.02749	0.02630	0.53168	0.00660	0.01115	0.05893	0.00472
8	0.66114	0.01618	0.01351	0.01174	0.01719	0.01818	0.00967	0.02729	0.01585	0.12325	0.01485	0.01592	0.01085	0.00826	0.00572	0.00263	0.00667	0.00515	0.00599	0.00994
9	0.03114	0.08847	0.02559	0.02139	0.02599	0.62118	0.01631	0.03337	0.02362	0.02077	0.01306	0.01522	0.01096	0.00866	0.00751	0.00217	0.01490	0.00541	0.00433	0.00994
10	0.01219	0.00822	0.00959	0.00995	0.01012	0.00816	0.00596	0.01259	0.01326	0.01765	0.03036	0.13982	0.03514	0.57858	0.03748	0.00741	0.00780	0.04454	0.00565	0.00552
11	0.08266	0.02196	0.02309	0.01824	0.02449	0.02448	0.01493	0.47515	0.11993	0.04922	0.02206	0.02194	0.01596	0.01022	0.00821	0.00259	0.00860	0.00772	0.03482	0.01372
12	0.01540	0.00948	0.01255	0.01153	0.01410	0.00868	0.00889	0.01932	0.02388	0.11112	0.53521	0.06097	0.07122	0.01687	0.00994	0.00274	0.00462	0.04522	0.00943	0.00883
13	0.01037	0.00741	0.00987	0.01185	0.01234	0.00691	0.00790	0.01185	0.01629	0.02172	0.04690	0.69537	0.05629	0.02666	0.01086	0.00346	0.00494	0.02419	0.00790	0.00691
14	0.03818	0.01448	0.01975	0.01514	0.02172	0.01251	0.01251	0.04147	0.02436	0.65373	0.03357	0.02897	0.02107	0.01053	0.00856	0.00263	0.00724	0.00856	0.01053	0.01448
15	0.01147	0.00853	0.01068	0.01046	0.01244	0.00773	0.00772	0.01482	0.02225	0.03052	0.46585	0.14476	0.18272	0.01931	0.01014	0.00281	0.00418	0.01695	0.00891	0.00773
16	0.72410	0.01636	0.01288	0.01139	0.01673	0.01875	0.00938	0.02586	0.01499	0.06964	0.01296	0.01460	0.00982	0.00803	0.00543	0.00263	0.00662	0.00481	0.00554	0.00949
17	0.01204	0.00870	0.01138	0.01071	0.01271	0.00803	0.00803	0.01606	0.02409	0.03413	0.64335	0.06357	0.08030	0.01740	0.01004	0.00268	0.00401	0.01539	0.00937	0.00803
18	0.01478	0.00739	0.01109	0.01109	0.01109	0.00739	0.00739	0.01109	0.01109	0.01478	0.01478	0.02587	0.01478	0.02956	0.03326	0.75240	0.00739	0.00739	0.00370	0.00370
19	0.03818	0.01448	0.01975	0.01514	0.02172	0.01251	0.01251	0.04147	0.02436	0.65373	0.03357	0.02897	0.02107	0.01053	0.00856	0.00263	0.00724	0.00856	0.01053	0.01448
20	0.01032	0.00871	0.00899	0.00914	0.01194	0.00737	0.00699	0.01261	0.01941	0.02317	0.08321	0.08293	0.60095	0.02170	0.01018	0.00295	0.00457	0.05973	0.00790	0.00723
21	0.03818	0.01448	0.01975	0.01514	0.02172	0.01251	0.01251	0.04147	0.02436	0.65373	0.03357	0.02897	0.02107	0.01053	0.00856	0.00263	0.00724	0.00856	0.01053	0.01448
22	0.01996	0.02259	0.04819	0.03474	0.04262	0.02190	0.56686	0.02669	0.01950	0.02669	0.01671	0.02259	0.01277	0.00782	0.01154	0.00294	0.07050	0.00983	0.00426	0.01130
23	0.01607	0.01513	0.02552	0.68047	0.05861	0.01891	0.02363	0.02174	0.01702	0.02174	0.01513	0.02269	0.01134	0.00851	0.00851	0.00284	0.01134	0.00756	0.00378	0.00945
24	0.02275	0.70604	0.04459	0.01456	0.02184	0.03367	0.01456	0.02548	0.01729	0.02002	0.01183	0.01365	0.01092	0.00728	0.00546	0.00182	0.00910	0.00455	0.00364	0.01092
25	0.03235	0.02384	0.02554	0.01958	0.02639	0.02639	0.01618	0.61946	0.04001	0.05363	0.02043	0.02043	0.01447	0.01022	0.00851	0.00255	0.00936	0.00766	0.00851	0.01447
26	0.01060	0.00855	0.00943	0.00940	0.01188	0.00739	0.00698	0.01319	0.02040	0.02581	0.22929	0.12126	0.45432	0.02083	0.01011	0.00286	0.00428	0.01774	0.00829	0.00739
27	0.02275	0.70604	0.04459	0.01456	0.02184	0.03367	0.01456	0.02548	0.01729	0.02002	0.01183	0.01365	0.01092	0.00728	0.00546	0.00182	0.00910	0.00455	0.00364	0.01092
28	0.03818	0.01448	0.01975	0.01514	0.02172	0.01251	0.01251	0.04147	0.02436	0.65373	0.03357	0.02897	0.02107	0.01053	0.00856	0.00263	0.00724	0.00856	0.01053	0.01448
29	0.01204	0.00870	0.01138	0.01071	0.01271	0.00803	0.00803	0.01606	0.02409	0.03413	0.64335	0.06357	0.08030	0.01740	0.01004	0.00268	0.00401	0.01539	0.00937	0.00803
30	0.01041	0.00764	0.00978	0.01135	0.01224	0.00700	0.00771	0.01211	0.01710	0.02251	0.08160	0.58014	0.13818	0.02551	0.01071	0.00334	0.00481	0.02291	0.00797	0.00700
31	0.01324	0.00946	0.01317	0.01513	0.01689	0.00939	0.01289	0.01682	0.01913	0.02494	0.04532	0.18053	0.05001	0.02395	0.01163	0.00385	0.00743	0.51068	0.00785	0.00771
32	0.01238	0.00825	0.00928	0.00928	0.00928	0.00825	0.00516	0.01238	0.01238	0.01650	0.02681	0.05569	0.03094	0.70092	0.04331	0.00825	0.00825	0.01238	0.00516	0.00516
33	0.01037	0.00741	0.00987	0.01185	0.01234	0.00691	0.00790	0.01185	0.01629	0.02172	0.04690	0.69537	0.05629	0.02666	0.01086	0.00346	0.00494	0.02419	0.00790	0.00691
34	0.01151	0.00898	0.01068	0.01143	0.01379	0.00815	0.00921	0.01438	0.01964	0.02460	0.10969	0.11828	0.36216	0.02222	0.01070	0.00326	0.00557	0.22030	0.00798	0.00746
35	0.70900	0.01632	0.01303	0.01148	0.01684	0.01862	0.00945	0.02620	0.01519	0.08250	0.01341	0.01491	0.01007	0.00809	0.00550	0.00263	0.00663	0.00489	0.00565	0.00960
36	0.01327	0.00972	0.01300	0.01465	0.01656	0.00968	0.01226	0.01761	0.04778	0.02516	0.04759	0.19177	0.08834	0.02334	0.01135	0.00372	0.00707	0.43134	0.00789	0.00790
37	0.02116	0.01139	0.01441	0.01316	0.01685	0.01057	0.01036	0.02597	0.07589	0.23626	0.12287	0.15724	0.14828	0.01750	0.00975	0.00298	0.00597	0.08005	0.00902	0.01032
38	0.01414	0.00896	0.01173	0.01133	0.01346	0.00817	0.00838	0.01740	0.02205	0.09176	0.41762	0.21266	0.09134	0.01911	0.01009	0.00287	0.00457	0.01693	0.00907	0.00836
39	0.02172	0.01856	0.01955	0.01743	0.02234	0.02143	0.01360	0.07360	0.60318	0.03649	0.03394	0.03119	0.02541	0.01148	0.00865	0.00287	0.00686	0.00952	0.00865	0.01352
40	0.01016	0.00862	0.00876	0.00873	0.01156	0.00723	0.00655	0.01241	0.01964	0.02356	0.11468	0.08096	0.61556	0.02134	0.01006	0.00286	0.00430	0.01783	0.00798	0.00723
41	0.01058	0.00757	0.01006	0.01171	0.01239	0.00705	0.00792	0.01238	0.01728	0.02329	0.12223	0.61558	0.05932	0.02549	0.01076	0.00336	0.00482	0.02308	0.00809	0.00705
42	0.02054	0.01748	0.01837	0.01642	0.02113	0.01983	0.01280	0.07742	0.52193	0.03523	0.03990	0.03703	0.09914	0.01266	0.00882	0.00286	0.00661	0.01049	0.00856	0.01278
43	0.02275	0.70604	0.04459	0.01456	0.02184	0.03367	0.01456	0.02548	0.01729	0.02002	0.01183	0.01365	0.01092	0.00728	0.00546	0.00182	0.00910	0.00455	0.00364	0.01092
44	0.01015	0.00862	0.00874	0.00871	0.01155	0.00722	0.00654	0.01238	0.01961	0.02348	0.11098	0.08108	0.61930	0.02137	0.01006	0.00286	0.00430	0.01785	0.00797	0.00722
45	0.01065	0.00864	0.00944	0.00924	0.01186	0.00744	0.00693	0.01336	0.02079	0.02630	0.25197	0.07645	0.47656	0.02032	0.01005	0.00282	0.00422	0.01720	0.00834	0.00744
46	0.01871	0.01889	0.02759	0.02319	0.02374	0.02578	0.05627	0.02091	0.01348	0.02091	0.01155	0.01889	0.01128	0.01441	0.02680	0.00367	0.64312	0.00761	0.00376	0.00945
47	0.01205	0.00823	0.00926	0.00939	0.00967	0.00807	0.00545	0.01233	0.01322	0.01739	0.03312	0.09963	0.08415	0.59982	0.03840	0.00749	0.00770	0.01362	0.00557	0.00544
48	0.62601	0.01782	0.01492	0.01275	0.01830	0.02044	0.01051	0.13516	0.01921	0.04104	0.01344	0.01505	0.01019	0.00833	0.00587	0.00262	0.00710	0.00517	0.00587	0.01019
49	0.01022	0.00856	0.00889	0.00894	0.01163	0.00723	0.00666	0.01247	0.01957	0.02373	0.12477	0.11308	0.57206	0.02152	0.01010	0.00289	0.00432	0.01810	0.00801	0.00723
50	0.01215	0.00873	0.01161	0.01161	0.01255	0.00948	0.00815	0.01388	0.01340	0.01855	0.02742	0.04498	0.05431	0.32787	0.37612	0.01091	0.01586	0.01089	0.00496	0.00656
51	0.01216	0.00912	0.01368	0.01368	0.01520	0.01064	0.01064	0.01520	0.01368	0.01976	0.02279	0.03343	0.02127	0.06382	0.66720	0.01368	0.02279	0.00912	0.00456	0.00760
52	0.02175	0.01636	0.01902	0.01388	0.02124	0.01369	0.01122	0.11228	0.02160	0.09007	0.01764	0.01912	0.01367	0.00728	0.00684	0.00158	0.00685	0.00576	0.00607	0.57407
53	0.02023	0.01332	0.01663	0.04558	0.01977	0.01388	0.01189	0.13878	0.05407	0.12123	0.14910	0.23121	0.04193	0.01719	0.01040	0.00299	0.03307	0.04009	0.00835	0.01026
54	0.06509	0.01798	0.01851	0.01562	0.01988	0.09615	0.01225	0.13636	0.02336	0.18607	0.06313	0.03353	0.02372	0.12034	0.04535	0.00401	0.04109	0.03455	0.00731	0.03569
55	0.01897	0.27237	0.24782	0.01768	0.02615	0.02276	0.01935	0.02440	0.01781	0.02475	0.05334	0.01926	0.01556	0.00839	0.00791	0.00217	0.04268	0.00607	0.00425	0.14831

[dist]
# distance from previous block
# <min> <max>
5	11

[block]
# block no. 2 follows, 21 sequences, length 36
# corresponding to MSA columns:
# 134-169
name=unknown_C
#
# <colnr> <probs for GDERKNQSTAVLIFYWHMCP>
#	G	D	E	R	K	N	Q	S	T	A	V	L	I	F	Y	W	H	M	C	P
0	0.01691	0.01557	0.02553	0.64661	0.05696	0.01929	0.02325	0.05237	0.01819	0.02338	0.01540	0.02257	0.01150	0.00860	0.00851	0.00282	0.01124	0.00757	0.00402	0.00971
1	0.01238	0.00825	0.00928	0.00928	0.00928	0.00825	0.00516	0.01238	0.01238	0.01650	0.02681	0.05569	0.03094	0.70092	0.04331	0.00825	0.00825	0.01238	0.00516	0.00516
2	0.03176	0.02354	0.02521	0.01946	0.02617	0.02612	0.01603	0.58922	0.07122	0.05268	0.02118	0.02103	0.01508	0.01029	0.00852	0.00257	0.00923	0.00777	0.00852	0.01442
3	0.11707	0.01596	0.04461	0.01510	0.02074	0.01484	0.01274	0.03600	0.14892	0.33308	0.08970	0.03400	0.02735	0.01164	0.00847	0.00276	0.00700	0.03847	0.00897	0.01260
4	0.76103	0.01646	0.01251	0.01119	0.01646	0.01909	0.00922	0.02502	0.01448	0.03818	0.01185	0.01382	0.00922	0.00790	0.00527	0.00263	0.00658	0.00461	0.00527	0.00922
5	0.01371	0.00980	0.01371	0.01567	0.01763	0.00980	0.01371	0.01763	0.01959	0.02547	0.04506	0.09599	0.04898	0.02351	0.01175	0.00392	0.00784	0.59056	0.00784	0.00784
6	0.03786	0.01500	0.02007	0.01539	0.02198	0.01328	0.01271	0.07356	0.02523	0.62042	0.03284	0.02849	0.02070	0.01052	0.00856	0.00263	0.00736	0.00851	0.01042	0.01448
7	0.01006	0.00862	0.00862	0.00862	0.01149	0.00718	0.00647	0.01221	0.01940	0.02299	0.08621	0.08190	0.64438	0.02155	0.01006	0.00287	0.00431	0.01796	0.00790	0.00718
8	0.01060	0.00750	0.00981	0.01156	0.01199	0.00707	0.00759	0.01191	0.01584	0.02113	0.04461	0.62219	0.05339	0.10380	0.01457	0.00400	0.00532	0.02284	0.00759	0.00671
9	0.12261	0.02850	0.02345	0.01932	0.02513	0.23932	0.01540	0.35017	0.03154	0.04076	0.01694	0.01791	0.01265	0.00945	0.00783	0.00244	0.01102	0.00655	0.00673	0.01228
10	0.01037	0.00741	0.00987	0.01185	0.01234	0.00691	0.00790	0.01185	0.01629	0.02172	0.04690	0.69537	0.05629	0.02666	0.01086	0.00346	0.00494	0.02419	0.00790	0.00691
11	0.01045	0.00762	0.00984	0.01143	0.01228	0.00702	0.00775	0.01218	0.01716	0.02271	0.09204	0.58630	0.12093	0.02548	0.01072	0.00334	0.00481	0.02292	0.00800	0.00702
12	0.01035	0.00747	0.00981	0.01169	0.01230	0.00693	0.00783	0.01187	0.01645	0.02179	0.04886	0.66482	0.08557	0.02641	0.01082	0.00343	0.00491	0.02388	0.00790	0.00693
13	0.02106	0.02022	0.03454	0.05223	0.64784	0.02022	0.02612	0.02612	0.01938	0.02780	0.01601	0.02106	0.01348	0.00758	0.00842	0.00253	0.01011	0.00758	0.00421	0.01348
14	0.01765	0.01513	0.01765	0.01260	0.02017	0.01134	0.01008	0.02143	0.01765	0.02773	0.01513	0.01765	0.01260	0.00630	0.00630	0.00126	0.00630	0.00504	0.00504	0.75295
15	0.01707	0.00977	0.01261	0.01138	0.01421	0.00881	0.00862	0.02041	0.02265	0.15653	0.40318	0.08999	0.11705	0.05533	0.01165	0.00304	0.00498	0.01453	0.00915	0.00903
16	0.03235	0.02384	0.02554	0.01958	0.02639	0.02639	0.01618	0.61946	0.04001	0.05363	0.02043	0.02043	0.01447	0.01022	0.00851	0.00255	0.00936	0.00766	0.00851	0.01447
17	0.01586	0.00793	0.00793	0.00793	0.00991	0.00793	0.00595	0.01983	0.01785	0.03173	0.02776	0.03173	0.02181	0.00991	0.00595	0.00198	0.00397	0.00793	0.74817	0.00793
18	0.01238	0.00825	0.00928	0.00928	0.00928	0.00825	0.00516	0.01238	0.01238	0.01650	0.02681	0.05569	0.03094	0.70092	0.04331	0.00825	0.00825	0.01238	0.00516	0.00516
19	0.01222	0.00828	0.00924	0.00924	0.00943	0.00818	0.00525	0.01236	0.01286	0.01695	0.03089	0.05749	0.07303	0.65431	0.04103	0.00788	0.00798	0.01276	0.00534	0.00530
20	0.01181	0.00869	0.01105	0.01046	0.01257	0.00793	0.00784	0.01560	0.02353	0.03281	0.57749	0.06574	0.14697	0.01789	0.01004	0.00270	0.00405	0.01569	0.00919	0.00793
21	0.01216	0.00912	0.01368	0.01368	0.01520	0.01064	0.01064	0.01520	0.01368	0.01976	0.02279	0.03343	0.02127	0.06382	0.66720	0.01368	0.02279	0.00912	0.00456	0.00760
22	0.02009	0.02296	0.05022	0.03587	0.04448	0.02152	0.61693	0.02726	0.02009	0.02726	0.01722	0.02296	0.01291	0.00717	0.01004	0.00287	0.01435	0.01004	0.00430	0.01148
23	0.01371	0.00980	0.01371	0.01567	0.01763	0.00980	0.01371	0.01763	0.01959	0.02547	0.04506	0.09599	0.04898	0.02351	0.01175	0.00392	0.00784	0.59056	0.00784	0.00784
24	0.01216	0.00912	0.01368	0.01368	0.01520	0.01064	0.01064	0.01520	0.01368	0.01976	0.02279	0.03343	0.02127	0.06382	0.66720	0.01368	0.02279	0.00912	0.00456	0.00760
25	0.01654	0.01560	0.02637	0.62166	0.11377	0.01903	0.02387	0.02215	0.01724	0.02231	0.01521	0.02254	0.01154	0.00842	0.00850	0.00281	0.01123	0.00756	0.00382	0.00983
26	0.01707	0.04402	0.65683	0.02426	0.03683	0.01976	0.03144	0.02695	0.01797	0.02695	0.01527	0.01797	0.01078	0.00809	0.00809	0.00270	0.01258	0.00629	0.00359	0.01258
27	0.01607	0.01513	0.02552	0.68047	0.05861	0.01891	0.02363	0.02174	0.01702	0.02174	0.01513	0.02269	0.01134	0.00851	0.00851	0.00284	0.01134	0.00756	0.00378	0.00945
28	0.76103	0.01646	0.01251	0.01119	0.01646	0.01909	0.00922	0.02502	0.01448	0.03818	0.01185	0.01382	0.00922	0.00790	0.00527	0.00263	0.00658	0.00461	0.00527	0.00922
29	0.76103	0.01646	0.01251	0.01119	0.01646	0.01909	0.00922	0.02502	0.01448	0.03818	0.01185	0.01382	0.00922	0.00790	0.00527	0.00263	0.00658	0.00461	0.00527	0.00922
30	0.02166	0.57912	0.16197	0.01642	0.02472	0.03101	0.01780	0.02576	0.01742	0.02135	0.01249	0.01448	0.01089	0.00743	0.00596	0.00199	0.00977	0.00488	0.00363	0.01124
31	0.01216	0.00912	0.01368	0.01368	0.01520	0.01064	0.01064	0.01520	0.01368	0.01976	0.02279	0.03343	0.02127	0.06382	0.66720	0.01368	0.02279	0.00912	0.00456	0.00760
32	0.03182	0.03959	0.02420	0.02179	0.02631	0.62953	0.01643	0.06802	0.02504	0.02274	0.01358	0.01564	0.01117	0.00885	0.00772	0.00221	0.01500	0.00561	0.00462	0.01013
33	0.01136	0.00860	0.01047	0.01015	0.01233	0.00772	0.00756	0.01468	0.02226	0.03012	0.44433	0.10364	0.24740	0.01915	0.01009	0.00278	0.00415	0.01664	0.00885	0.00772
34	0.03119	0.03931	0.02384	0.02167	0.02607	0.63059	0.01628	0.03461	0.05819	0.02166	0.01436	0.01627	0.01180	0.00893	0.00773	0.00223	0.01486	0.00571	0.00462	0.01007
35	0.01215	0.00816	0.00935	0.00957	0.00962	0.00810	0.00546	0.01232	0.01281	0.01708	0.02904	0.12656	0.03375	0.62623	0.03972	0.00772	0.00788	0.01368	0.00546	0.00535

[dist]
# distance from previous block
# <min> <max>
0	1

[block]
# block no. 3 follows, 21 sequences, length 19
# corresponding to MSA columns:
# 171-189
name=unknown_D
#
# <colnr> <probs for GDERKNQSTAVLIFYWHMCP>
#	G	D	E	R	K	N	Q	S	T	A	V	L	I	F	Y	W	H	M	C	P
0	0.76103	0.01646	0.01251	0.01119	0.01646	0.01909	0.00922	0.02502	0.01448	0.03818	0.01185	0.01382	0.00922	0.00790	0.00527	0.00263	0.00658	0.00461	0.00527	0.00922
1	0.01238	0.00825	0.00928	0.00928	0.00928	0.00825	0.00516	0.01238	0.01238	0.01650	0.02681	0.05569	0.03094	0.70092	0.04331	0.00825	0.00825	0.01238	0.00516	0.00516
2	0.01765	0.01513	0.01765	0.01260	0.02017	0.01134	0.01008	0.02143	0.01765	0.02773	0.01513	0.01765	0.01260	0.00630	0.00630	0.00126	0.00630	0.00504	0.00504	0.75295
3	0.06768	0.01985	0.02136	0.04958	0.02451	0.02234	0.01430	0.32239	0.21978	0.04221	0.02470	0.02690	0.01910	0.07307	0.01153	0.00319	0.00838	0.00852	0.00784	0.01277
4	0.01164	0.00860	0.01093	0.01093	0.01286	0.00789	0.00822	0.01502	0.02195	0.03004	0.42910	0.15514	0.16146	0.01978	0.01029	0.00291	0.00449	0.06221	0.00882	0.00773
5	0.02687	0.02112	0.02246	0.01847	0.02430	0.02383	0.01485	0.33832	0.33007	0.04480	0.02739	0.02597	0.02011	0.01087	0.00858	0.00272	0.00808	0.00862	0.00858	0.01398
6	0.01668	0.01632	0.02928	0.58237	0.05646	0.01930	0.11393	0.02258	0.01748	0.02258	0.01544	0.02273	0.01158	0.00831	0.00874	0.00284	0.01180	0.00794	0.00386	0.00976
7	0.03179	0.04056	0.02412	0.02192	0.02631	0.66676	0.01644	0.03398	0.02412	0.02083	0.01315	0.01535	0.01096	0.00877	0.00767	0.00219	0.01535	0.00548	0.00438	0.00987
8	0.01607	0.01513	0.02552	0.68047	0.05861	0.01891	0.02363	0.02174	0.01702	0.02174	0.01513	0.02269	0.01134	0.00851	0.00851	0.00284	0.01134	0.00756	0.00378	0.00945
9	0.02197	0.61525	0.12855	0.01589	0.02390	0.03177	0.01688	0.02568	0.01738	0.02097	0.01230	0.01424	0.01090	0.00739	0.00582	0.00194	0.00958	0.00479	0.00363	0.01115
10	0.03508	0.01590	0.02019	0.01587	0.02220	0.01506	0.01298	0.09370	0.11816	0.50618	0.03256	0.02863	0.02122	0.01066	0.00857	0.00266	0.00735	0.00864	0.01007	0.01433
11	0.01216	0.00912	0.01368	0.01368	0.01520	0.01064	0.01064	0.01520	0.01368	0.01976	0.02279	0.03343	0.02127	0.06382	0.66720	0.01368	0.02279	0.00912	0.00456	0.00760
12	0.01981	0.02487	0.10524	0.03481	0.04378	0.02136	0.56382	0.02723	0.01989	0.02723	0.01704	0.02250	0.01272	0.00726	0.00987	0.00285	0.01419	0.00970	0.00424	0.01158
13	0.03287	0.02300	0.02502	0.01918	0.02597	0.02515	0.01585	0.56781	0.03861	0.10726	0.02161	0.02119	0.01506	0.01024	0.00852	0.00256	0.00917	0.00774	0.00869	0.01447
14	0.01006	0.00862	0.00862	0.00862	0.01149	0.00718	0.00647	0.01221	0.01940	0.02299	0.08621	0.08190	0.64438	0.02155	0.01006	0.00287	0.00431	0.01796	0.00790	0.00718
15	0.02275	0.70604	0.04459	0.01456	0.02184	0.03367	0.01456	0.02548	0.01729	0.02002	0.01183	0.01365	0.01092	0.00728	0.00546	0.00182	0.00910	0.00455	0.00364	0.01092
16	0.01941	0.02091	0.03968	0.02957	0.03525	0.02222	0.37158	0.02456	0.01756	0.02506	0.01506	0.02111	0.01231	0.00966	0.01566	0.00303	0.23537	0.00879	0.00417	0.06905
17	0.02028	0.02439	0.08047	0.03265	0.04069	0.05263	0.48997	0.02688	0.01961	0.02652	0.01644	0.02179	0.01257	0.00775	0.01077	0.00281	0.05609	0.00922	0.00426	0.04419
18	0.02156	0.53800	0.15078	0.01791	0.02621	0.03032	0.06483	0.02588	0.01763	0.02179	0.01285	0.01513	0.01105	0.00741	0.00627	0.00205	0.01011	0.00528	0.00368	0.01125

[dist]
# distance from previous block
# <min> <max>
1	3

[block]
# block no. 4 follows, 21 sequences, length 18
# corresponding to MSA columns:
# 193-210
name=unknown_E
#
# <colnr> <probs for GDERKNQSTAVLIFYWHMCP>
#	G	D	E	R	K	N	Q	S	T	A	V	L	I	F	Y	W	H	M	C	P
0	0.17447	0.09122	0.02334	0.01652	0.02278	0.02320	0.01379	0.28783	0.11100	0.12218	0.02147	0.02106	0.01548	0.00968	0.00758	0.00255	0.00816	0.00712	0.00765	0.01293
1	0.08261	0.02372	0.02346	0.01863	0.02492	0.09057	0.01516	0.41867	0.07588	0.10937	0.02141	0.02110	0.01521	0.01003	0.00822	0.00255	0.00939	0.00745	0.00808	0.01356
2	0.02353	0.01823	0.02038	0.01559	0.02207	0.01769	0.01258	0.29089	0.02814	0.03958	0.06294	0.05635	0.02038	0.00987	0.00779	0.00205	0.00746	0.00792	0.00706	0.32950
3	0.08678	0.01491	0.01921	0.01503	0.02139	0.01362	0.01235	0.04062	0.07007	0.56409	0.03216	0.02813	0.02062	0.01043	0.00834	0.00265	0.00716	0.00837	0.01003	0.01404
4	0.02922	0.03451	0.02704	0.02649	0.11004	0.46338	0.04815	0.08269	0.02416	0.02491	0.01428	0.01708	0.01171	0.00893	0.00888	0.00237	0.04440	0.00627	0.00469	0.01080
5	0.01964	0.01631	0.01872	0.01355	0.02101	0.01338	0.01091	0.10242	0.02068	0.03124	0.01584	0.01802	0.01286	0.00683	0.00660	0.00144	0.00672	0.00540	0.00551	0.65293
6	0.01233	0.00842	0.01012	0.01012	0.01041	0.00870	0.00620	0.01291	0.01262	0.01712	0.02605	0.05145	0.02910	0.57962	0.16210	0.00928	0.01102	0.01176	0.00504	0.00562
7	0.07352	0.03579	0.02181	0.01990	0.02418	0.55923	0.01497	0.03118	0.02305	0.02210	0.02066	0.02216	0.07660	0.01004	0.00778	0.00229	0.01367	0.00672	0.00480	0.00955
8	0.02009	0.02296	0.05022	0.03587	0.04448	0.02152	0.61693	0.02726	0.02009	0.02726	0.01722	0.02296	0.01291	0.00717	0.01004	0.00287	0.01435	0.01004	0.00430	0.01148
9	0.11078	0.01554	0.02107	0.01632	0.02278	0.01441	0.05404	0.03904	0.06501	0.50384	0.03026	0.02717	0.01961	0.01010	0.00833	0.00267	0.00763	0.00832	0.00943	0.01366
10	0.01845	0.02960	0.27558	0.05350	0.06899	0.01962	0.28542	0.02617	0.01908	0.02719	0.03346	0.02171	0.01391	0.00781	0.00891	0.00267	0.01252	0.00821	0.00420	0.06300
11	0.12020	0.46233	0.13782	0.01572	0.02355	0.02810	0.01645	0.02671	0.01750	0.06536	0.01383	0.01538	0.01134	0.00771	0.00606	0.00212	0.00921	0.00510	0.00430	0.01120
12	0.14666	0.01972	0.02356	0.02130	0.08147	0.04943	0.07665	0.15953	0.13854	0.03667	0.06338	0.02471	0.01995	0.00988	0.00860	0.00260	0.02865	0.00807	0.03134	0.04929
13	0.02075	0.01975	0.03298	0.04856	0.58967	0.01940	0.02463	0.02568	0.01922	0.02780	0.01593	0.02075	0.01340	0.00746	0.00823	0.00241	0.00976	0.00735	0.00429	0.08201
14	0.02064	0.01648	0.01940	0.01498	0.02119	0.01545	0.01205	0.06265	0.11849	0.07347	0.01948	0.02099	0.01532	0.00857	0.00922	0.00195	0.07710	0.00644	0.00608	0.46004
15	0.59015	0.01610	0.01457	0.07359	0.02099	0.01808	0.01084	0.02560	0.01562	0.07851	0.01388	0.01596	0.01047	0.00803	0.00587	0.00256	0.00705	0.00519	0.00548	0.06147
16	0.02151	0.01250	0.01720	0.06015	0.02090	0.01167	0.03124	0.02672	0.05968	0.21943	0.30368	0.04303	0.04624	0.01305	0.00908	0.00257	0.00621	0.01136	0.00874	0.07504
17	0.01982	0.01377	0.02187	0.42226	0.04290	0.01577	0.01875	0.02439	0.01817	0.15312	0.02243	0.08325	0.01818	0.01563	0.06977	0.00385	0.01100	0.00935	0.00562	0.01011

[dist]
# distance from previous block
# <min> <max>
0	3

# created by:
# /st0/software/busco_prod/Augustus/scripts/msa2prfl.pl ./align_prep/121971.fa
