[name]
unknown

[dist]
# distance from previous block
# <min> <max>
2	50

[block]
# block no. 0 follows, 25 sequences, length 40
# corresponding to MSA columns:
# 66-105
name=unknown_A
#
# <colnr> <probs for GDERKNQSTAVLIFYWHMCP>
#	G	D	E	R	K	N	Q	S	T	A	V	L	I	F	Y	W	H	M	C	P
0	0.06543	0.01993	0.06740	0.08146	0.04582	0.08381	0.03904	0.21737	0.05141	0.03172	0.01941	0.09024	0.01659	0.01009	0.00808	0.00237	0.03220	0.00809	0.05694	0.05258
1	0.06117	0.04983	0.07011	0.04261	0.04785	0.06834	0.06485	0.22448	0.05106	0.03240	0.01676	0.03943	0.01334	0.00822	0.00714	0.00210	0.00860	0.00667	0.00553	0.17950
2	0.02070	0.02168	0.14600	0.08059	0.09373	0.01802	0.04207	0.19123	0.02179	0.05903	0.01577	0.01821	0.01188	0.00794	0.00832	0.00219	0.04976	0.00632	0.00514	0.17966
3	0.05718	0.05607	0.02731	0.13447	0.38460	0.01773	0.04238	0.02286	0.04329	0.02463	0.01846	0.02217	0.05065	0.00783	0.00741	0.00228	0.00864	0.00717	0.00421	0.06064
4	0.02372	0.09114	0.04589	0.01713	0.05569	0.01970	0.01377	0.26473	0.12182	0.08676	0.01935	0.01959	0.01440	0.00832	0.00707	0.00207	0.00756	0.00649	0.00647	0.16832
5	0.07382	0.45292	0.17876	0.01446	0.02162	0.02445	0.01558	0.02226	0.01590	0.02112	0.01835	0.01962	0.07732	0.00816	0.00592	0.00199	0.00839	0.00574	0.00381	0.00983
6	0.01740	0.01682	0.02927	0.29874	0.39902	0.01804	0.06375	0.02234	0.01688	0.02319	0.01435	0.01987	0.01151	0.00721	0.00780	0.00243	0.00989	0.00705	0.00369	0.01076
7	0.01756	0.01516	0.02207	0.47169	0.08441	0.03974	0.01881	0.09302	0.01865	0.04829	0.01878	0.02346	0.04587	0.00862	0.00770	0.00248	0.00942	0.00737	0.03751	0.00939
8	0.01126	0.00754	0.00854	0.00851	0.00860	0.00751	0.00481	0.01142	0.01175	0.01575	0.05328	0.05106	0.03018	0.69595	0.03812	0.00729	0.00735	0.01140	0.00487	0.00481
9	0.02979	0.01552	0.01893	0.01458	0.02037	0.01498	0.01194	0.22819	0.02569	0.37642	0.04738	0.02399	0.01829	0.00997	0.00842	0.02917	0.00703	0.00742	0.00830	0.08361
10	0.00945	0.00675	0.00900	0.01080	0.01125	0.00630	0.00720	0.01080	0.01484	0.01979	0.04274	0.72245	0.05128	0.02429	0.00990	0.00315	0.00450	0.02204	0.00720	0.00630
11	0.01733	0.01261	0.01464	0.01348	0.01607	0.01398	0.01015	0.08212	0.30141	0.02563	0.02392	0.03025	0.02031	0.04485	0.01762	0.29059	0.00669	0.04389	0.00602	0.00844
12	0.01108	0.00831	0.01246	0.01246	0.01385	0.00969	0.00969	0.01385	0.01246	0.01800	0.02077	0.03046	0.01938	0.05815	0.69678	0.01246	0.02077	0.00831	0.00415	0.00692
13	0.01026	0.00805	0.00941	0.00975	0.01194	0.00720	0.00766	0.01289	0.01846	0.02344	0.18994	0.10195	0.39079	0.01945	0.00952	0.00281	0.00459	0.14760	0.00746	0.00682
14	0.78228	0.01499	0.01140	0.01020	0.01499	0.01739	0.00840	0.02279	0.01320	0.03479	0.01080	0.01260	0.00840	0.00720	0.00480	0.00240	0.00600	0.00420	0.00480	0.00840
15	0.05074	0.00716	0.01002	0.00996	0.01028	0.00728	0.00675	0.01113	0.01057	0.01530	0.01395	0.02331	0.01355	0.02506	0.02778	0.69716	0.00654	0.00664	0.04304	0.00381
16	0.02531	0.01797	0.01911	0.01518	0.02024	0.01975	0.01237	0.46738	0.06633	0.04318	0.02093	0.02165	0.01537	0.00931	0.00720	0.00222	0.00722	0.00714	0.19043	0.01171
17	0.02643	0.01839	0.02034	0.01612	0.02162	0.01977	0.01310	0.41344	0.11695	0.11905	0.06061	0.04808	0.02008	0.01028	0.00786	0.00237	0.00745	0.00817	0.00790	0.04202
18	0.00945	0.00675	0.00900	0.01080	0.01125	0.00630	0.00720	0.01080	0.01484	0.01979	0.04274	0.72245	0.05128	0.02429	0.00990	0.00315	0.00450	0.02204	0.00720	0.00630
19	0.02073	0.73217	0.04063	0.01327	0.01990	0.03068	0.01327	0.02322	0.01575	0.01824	0.01078	0.01244	0.00995	0.00663	0.00498	0.00166	0.00829	0.00415	0.00332	0.00995
20	0.01511	0.01426	0.02411	0.64038	0.11821	0.01735	0.02177	0.02022	0.01573	0.02038	0.01386	0.02052	0.01054	0.00766	0.00774	0.00255	0.01022	0.00689	0.00349	0.00899
21	0.01464	0.01378	0.02326	0.70887	0.05340	0.01723	0.02153	0.01981	0.01550	0.01981	0.01378	0.02067	0.01034	0.00775	0.00775	0.00258	0.01034	0.00689	0.00345	0.00861
22	0.02060	0.01688	0.01795	0.01585	0.02042	0.01932	0.01241	0.08422	0.59608	0.05868	0.03061	0.02810	0.02276	0.01040	0.00788	0.00260	0.00632	0.00860	0.00795	0.01237
23	0.01988	0.01695	0.01787	0.01590	0.02039	0.01956	0.01242	0.07679	0.62858	0.03339	0.03081	0.02833	0.02306	0.01045	0.00788	0.00261	0.00628	0.00866	0.00788	0.01233
24	0.00945	0.00675	0.00900	0.01080	0.01125	0.00630	0.00720	0.01080	0.01484	0.01979	0.04274	0.72245	0.05128	0.02429	0.00990	0.00315	0.00450	0.02204	0.00720	0.00630
25	0.01608	0.01378	0.01608	0.01148	0.01837	0.01034	0.00919	0.01952	0.01608	0.02527	0.01378	0.01608	0.01148	0.00574	0.00574	0.00115	0.00574	0.00459	0.00459	0.77491
26	0.01249	0.00892	0.01249	0.01428	0.01606	0.00892	0.01249	0.01606	0.01785	0.02320	0.04105	0.08746	0.04462	0.02142	0.01071	0.00357	0.00714	0.62695	0.00714	0.00714
27	0.00959	0.00685	0.00917	0.01096	0.01148	0.00642	0.00745	0.01105	0.01499	0.01996	0.04265	0.69171	0.05096	0.02415	0.00994	0.00317	0.00463	0.05133	0.00719	0.00634
28	0.01608	0.01378	0.01608	0.01148	0.01837	0.01034	0.00919	0.01952	0.01608	0.02527	0.01378	0.01608	0.01148	0.00574	0.00574	0.00115	0.00574	0.00459	0.00459	0.77491
29	0.01347	0.00673	0.01010	0.01010	0.01010	0.00673	0.00673	0.01010	0.01010	0.01347	0.01347	0.02357	0.01347	0.02694	0.03030	0.77441	0.00673	0.00673	0.00337	0.00337
30	0.00945	0.00675	0.00900	0.01080	0.01125	0.00630	0.00720	0.01080	0.01484	0.01979	0.04274	0.72245	0.05128	0.02429	0.00990	0.00315	0.00450	0.02204	0.00720	0.00630
31	0.01097	0.00793	0.01036	0.00975	0.01158	0.00732	0.00732	0.01463	0.02195	0.03109	0.67505	0.05792	0.07316	0.01585	0.00914	0.00244	0.00366	0.01402	0.00854	0.00732
32	0.03479	0.01320	0.01799	0.01380	0.01979	0.01140	0.01140	0.03779	0.02219	0.68451	0.03059	0.02639	0.01919	0.00960	0.00780	0.00240	0.00660	0.00780	0.00960	0.01320
33	0.01584	0.07832	0.65163	0.02161	0.03280	0.01871	0.02780	0.02448	0.01634	0.02421	0.01374	0.01615	0.00983	0.00733	0.00723	0.00241	0.01128	0.00564	0.00328	0.01138
34	0.00916	0.00785	0.00785	0.00785	0.01047	0.00655	0.00589	0.01113	0.01767	0.02095	0.07855	0.07462	0.67599	0.01964	0.00916	0.00262	0.00393	0.01636	0.00720	0.00655
35	0.01464	0.01378	0.02326	0.70887	0.05340	0.01723	0.02153	0.01981	0.01550	0.01981	0.01378	0.02067	0.01034	0.00775	0.00775	0.00258	0.01034	0.00689	0.00345	0.00861
36	0.01494	0.01408	0.02379	0.66584	0.09412	0.01730	0.02168	0.02007	0.01564	0.02017	0.01383	0.02058	0.01046	0.00770	0.00775	0.00257	0.01026	0.00689	0.00347	0.00885
37	0.01670	0.01588	0.02697	0.41033	0.33589	0.01777	0.02255	0.02161	0.01647	0.02230	0.01414	0.02000	0.01121	0.00737	0.00772	0.00246	0.00983	0.00690	0.00362	0.01027
38	0.11523	0.01909	0.02018	0.04262	0.02254	0.02122	0.01327	0.48777	0.03079	0.04398	0.01822	0.01908	0.01322	0.00897	0.00716	0.00229	0.00778	0.00668	0.08808	0.01182
39	0.01555	0.04011	0.68733	0.02210	0.03356	0.01801	0.02865	0.02455	0.01637	0.02455	0.01391	0.01637	0.00982	0.00737	0.00737	0.00246	0.01146	0.00573	0.00327	0.01146

[dist]
# distance from previous block
# <min> <max>
4	11

[block]
# block no. 1 follows, 25 sequences, length 21
# corresponding to MSA columns:
# 117-137
name=unknown_B
#
# <colnr> <probs for GDERKNQSTAVLIFYWHMCP>
#	G	D	E	R	K	N	Q	S	T	A	V	L	I	F	Y	W	H	M	C	P
0	0.01775	0.02003	0.04347	0.03132	0.03870	0.01878	0.61093	0.02396	0.01809	0.02452	0.01737	0.06456	0.01422	0.00764	0.00920	0.00265	0.01254	0.00995	0.00413	0.01020
1	0.02476	0.01403	0.01733	0.01285	0.01932	0.01163	0.01046	0.06661	0.01991	0.30333	0.02113	0.02056	0.01482	0.00758	0.00673	0.00175	0.00627	0.00609	0.00689	0.40793
2	0.01464	0.01378	0.02326	0.70887	0.05340	0.01723	0.02153	0.01981	0.01550	0.01981	0.01378	0.02067	0.01034	0.00775	0.00775	0.00258	0.01034	0.00689	0.00345	0.00861
3	0.07289	0.06249	0.53409	0.02038	0.03039	0.01775	0.04766	0.02363	0.01611	0.02492	0.01477	0.04431	0.01151	0.00791	0.00718	0.00240	0.01048	0.00628	0.00362	0.04124
4	0.01097	0.00793	0.01036	0.00975	0.01158	0.00732	0.00732	0.01463	0.02195	0.03109	0.67505	0.05792	0.07316	0.01585	0.00914	0.00244	0.00366	0.01402	0.00854	0.00732
5	0.01794	0.07374	0.04182	0.02905	0.03594	0.02013	0.52230	0.02357	0.01758	0.02367	0.01794	0.02258	0.04379	0.00772	0.01010	0.00260	0.06651	0.00894	0.00399	0.01008
6	0.00942	0.00684	0.00890	0.01054	0.01118	0.00632	0.00708	0.01082	0.01509	0.01989	0.04584	0.66629	0.10543	0.02389	0.00983	0.00310	0.00445	0.02155	0.00720	0.00632
7	0.01390	0.01017	0.01236	0.01151	0.01385	0.01027	0.00873	0.08975	0.05231	0.04830	0.30520	0.18424	0.12839	0.01809	0.03168	0.00295	0.02820	0.01424	0.00770	0.00814
8	0.00943	0.00683	0.00891	0.01057	0.01119	0.00632	0.00710	0.01082	0.01506	0.01988	0.04544	0.67347	0.09851	0.02394	0.00984	0.00311	0.00446	0.02161	0.00720	0.00632
9	0.02262	0.02230	0.01883	0.01661	0.02022	0.23621	0.01305	0.13976	0.13969	0.02814	0.02260	0.02598	0.04766	0.01063	0.00944	0.00241	0.08666	0.03725	0.09007	0.00988
10	0.01871	0.01450	0.01687	0.01234	0.01902	0.01188	0.00993	0.07439	0.04214	0.07672	0.01609	0.01753	0.01265	0.00650	0.00614	0.00139	0.00605	0.00519	0.00535	0.62659
11	0.01612	0.01393	0.01645	0.01191	0.01847	0.01098	0.00956	0.01948	0.01588	0.02495	0.01361	0.01612	0.01142	0.00612	0.00669	0.00126	0.03967	0.00470	0.00454	0.73816
12	0.01066	0.00739	0.00869	0.00907	0.00952	0.00714	0.00559	0.01142	0.01346	0.01789	0.08470	0.21233	0.08622	0.45061	0.02775	0.00571	0.00622	0.01443	0.00579	0.00543
13	0.00976	0.00770	0.00881	0.00891	0.01094	0.00674	0.00654	0.01215	0.01853	0.02387	0.25559	0.17344	0.39104	0.01922	0.00928	0.00265	0.00394	0.01656	0.00761	0.00674
14	0.01464	0.01378	0.02326	0.70887	0.05340	0.01723	0.02153	0.01981	0.01550	0.01981	0.01378	0.02067	0.01034	0.00775	0.00775	0.00258	0.01034	0.00689	0.00345	0.00861
15	0.01445	0.00723	0.00723	0.00723	0.00903	0.00723	0.00542	0.01807	0.01626	0.02891	0.02529	0.02891	0.01987	0.00903	0.00542	0.00181	0.00361	0.00723	0.77055	0.00723
16	0.01097	0.00793	0.01036	0.00975	0.01158	0.00732	0.00732	0.01463	0.02195	0.03109	0.67505	0.05792	0.07316	0.01585	0.00914	0.00244	0.00366	0.01402	0.00854	0.00732
17	0.01608	0.01378	0.01608	0.01148	0.01837	0.01034	0.00919	0.01952	0.01608	0.02527	0.01378	0.01608	0.01148	0.00574	0.00574	0.00115	0.00574	0.00459	0.00459	0.77491
18	0.03081	0.01600	0.01918	0.01498	0.02072	0.01600	0.01229	0.23846	0.08049	0.39162	0.02651	0.02418	0.01764	0.00955	0.00768	0.00237	0.00705	0.00759	0.04406	0.01284
19	0.08495	0.02872	0.02145	0.01826	0.02315	0.36504	0.01427	0.26117	0.05688	0.03185	0.01527	0.01630	0.01169	0.00854	0.00715	0.00218	0.01100	0.00585	0.00563	0.01065
20	0.02824	0.02413	0.02177	0.01754	0.02291	0.17717	0.01410	0.46295	0.03162	0.04051	0.01759	0.01832	0.01295	0.00898	0.00741	0.00221	0.00942	0.00654	0.06386	0.01178

[dist]
# distance from previous block
# <min> <max>
0	7

[block]
# block no. 2 follows, 25 sequences, length 81
# corresponding to MSA columns:
# 145-225
name=unknown_C
#
# <colnr> <probs for GDERKNQSTAVLIFYWHMCP>
#	G	D	E	R	K	N	Q	S	T	A	V	L	I	F	Y	W	H	M	C	P
0	0.02928	0.02612	0.02213	0.01816	0.02350	0.25797	0.01444	0.35794	0.05805	0.08991	0.01785	0.01809	0.01302	0.00892	0.00750	0.00223	0.01017	0.00643	0.00660	0.01168
1	0.02904	0.03471	0.02216	0.01966	0.02398	0.59745	0.01495	0.12253	0.02410	0.02337	0.01296	0.01466	0.01046	0.00818	0.00710	0.00205	0.01318	0.00529	0.00455	0.00961
2	0.02780	0.01830	0.02053	0.01596	0.02172	0.01937	0.01309	0.42347	0.05426	0.16101	0.02133	0.02118	0.01510	0.01137	0.03865	0.00271	0.00827	0.00711	0.03651	0.06225
3	0.02947	0.02172	0.02327	0.01784	0.02404	0.02404	0.01474	0.65329	0.03646	0.04887	0.01862	0.01862	0.01319	0.00931	0.00776	0.00233	0.00853	0.00698	0.00776	0.01319
4	0.01088	0.00792	0.01024	0.00966	0.01153	0.00728	0.00724	0.01445	0.02173	0.03058	0.64474	0.05877	0.10379	0.01604	0.00915	0.00245	0.00367	0.01414	0.00847	0.00728
5	0.01128	0.00752	0.00846	0.00846	0.00846	0.00752	0.00470	0.01128	0.01128	0.01503	0.02443	0.05074	0.02819	0.72751	0.03946	0.00752	0.00752	0.01128	0.00470	0.00470
6	0.00916	0.00785	0.00785	0.00785	0.01047	0.00655	0.00589	0.01113	0.01767	0.02095	0.07855	0.07462	0.67599	0.01964	0.00916	0.00262	0.00393	0.01636	0.00720	0.00655
7	0.01128	0.00752	0.00846	0.00846	0.00846	0.00752	0.00470	0.01128	0.01128	0.01503	0.02443	0.05074	0.02819	0.72751	0.03946	0.00752	0.00752	0.01128	0.00470	0.00470
8	0.01555	0.04011	0.68733	0.02210	0.03356	0.01801	0.02865	0.02455	0.01637	0.02455	0.01391	0.01637	0.00982	0.00737	0.00737	0.00246	0.01146	0.00573	0.00327	0.01146
9	0.01696	0.01696	0.02375	0.02036	0.02036	0.02375	0.01696	0.01866	0.01187	0.01866	0.01018	0.01696	0.01018	0.01357	0.02545	0.00339	0.71332	0.00679	0.00339	0.00848
10	0.01919	0.01842	0.03147	0.04759	0.67914	0.01842	0.02380	0.02380	0.01765	0.02533	0.01458	0.01919	0.01228	0.00691	0.00768	0.00230	0.00921	0.00691	0.00384	0.01228
11	0.03479	0.01320	0.01799	0.01380	0.01979	0.01140	0.01140	0.03779	0.02219	0.68451	0.03059	0.02639	0.01919	0.00960	0.00780	0.00240	0.00660	0.00780	0.00960	0.01320
12	0.01830	0.02092	0.04575	0.03268	0.04052	0.01961	0.65098	0.02484	0.01830	0.02484	0.01569	0.02092	0.01176	0.00654	0.00915	0.00261	0.01307	0.00915	0.00392	0.01046
13	0.01119	0.00800	0.01019	0.01082	0.01131	0.00845	0.00744	0.01257	0.01381	0.01953	0.03266	0.39704	0.03736	0.18498	0.04522	0.00440	0.07200	0.01594	0.09083	0.00626
14	0.00930	0.00786	0.00805	0.00800	0.01056	0.00660	0.00600	0.01139	0.01800	0.02172	0.12389	0.07335	0.63017	0.01935	0.00916	0.00260	0.00391	0.01619	0.00730	0.00660
15	0.02968	0.02139	0.02307	0.01768	0.02388	0.02356	0.01461	0.62948	0.03590	0.07345	0.01908	0.01892	0.01342	0.00932	0.00776	0.00233	0.00846	0.00701	0.00783	0.01319
16	0.01464	0.01378	0.02326	0.70887	0.05340	0.01723	0.02153	0.01981	0.01550	0.01981	0.01378	0.02067	0.01034	0.00775	0.00775	0.00258	0.01034	0.00689	0.00345	0.00861
17	0.01128	0.00752	0.00846	0.00846	0.00846	0.00752	0.00470	0.01128	0.01128	0.01503	0.02443	0.05074	0.02819	0.72751	0.03946	0.00752	0.00752	0.01128	0.00470	0.00470
18	0.00942	0.00791	0.00822	0.00826	0.01079	0.00670	0.00627	0.01156	0.01794	0.02166	0.11273	0.07419	0.61124	0.01949	0.00923	0.00265	0.00406	0.04378	0.00728	0.00662
19	0.01696	0.01696	0.02375	0.02036	0.02036	0.02375	0.01696	0.01866	0.01187	0.01866	0.01018	0.01696	0.01018	0.01357	0.02545	0.00339	0.71332	0.00679	0.00339	0.00848
20	0.02896	0.03695	0.02197	0.01998	0.02397	0.69638	0.01498	0.03096	0.02197	0.01898	0.01199	0.01398	0.00999	0.00799	0.00699	0.00200	0.01398	0.00499	0.00400	0.00899
21	0.02947	0.02172	0.02327	0.01784	0.02404	0.02404	0.01474	0.65329	0.03646	0.04887	0.01862	0.01862	0.01319	0.00931	0.00776	0.00233	0.00853	0.00698	0.00776	0.01319
22	0.02479	0.03000	0.02259	0.02011	0.02271	0.46255	0.01567	0.02668	0.01846	0.01887	0.01136	0.01502	0.01005	0.00993	0.01341	0.00248	0.25709	0.00562	0.00379	0.00881
23	0.02073	0.73217	0.04063	0.01327	0.01990	0.03068	0.01327	0.02322	0.01575	0.01824	0.01078	0.01244	0.00995	0.00663	0.00498	0.00166	0.00829	0.00415	0.00332	0.00995
24	0.00968	0.00706	0.00921	0.01068	0.01147	0.00646	0.00721	0.01114	0.01503	0.02005	0.04338	0.66477	0.07999	0.02337	0.00971	0.00305	0.00452	0.02112	0.00710	0.03500
25	0.02405	0.01801	0.02058	0.01902	0.07966	0.01985	0.01396	0.22806	0.34649	0.10527	0.02596	0.02462	0.01896	0.00973	0.00782	0.00248	0.00720	0.00795	0.00767	0.01265
26	0.01130	0.00824	0.01211	0.01211	0.01352	0.00953	0.00941	0.01413	0.01272	0.01873	0.02107	0.03036	0.01942	0.05486	0.65049	0.01175	0.01962	0.00824	0.05547	0.00694
27	0.01128	0.00752	0.00846	0.00846	0.00846	0.00752	0.00470	0.01128	0.01128	0.01503	0.02443	0.05074	0.02819	0.72751	0.03946	0.00752	0.00752	0.01128	0.00470	0.00470
28	0.03423	0.01409	0.01855	0.01422	0.02024	0.01272	0.01175	0.10222	0.02369	0.61797	0.02934	0.02558	0.01856	0.00957	0.00779	0.00239	0.00680	0.00771	0.00940	0.01319
29	0.01108	0.00831	0.01246	0.01246	0.01385	0.00969	0.00969	0.01385	0.01246	0.01800	0.02077	0.03046	0.01938	0.05815	0.69678	0.01246	0.02077	0.00831	0.00415	0.00692
30	0.00945	0.00675	0.00900	0.01080	0.01125	0.00630	0.00720	0.01080	0.01484	0.01979	0.04274	0.72245	0.05128	0.02429	0.00990	0.00315	0.00450	0.02204	0.00720	0.00630
31	0.00958	0.00741	0.00880	0.00983	0.01132	0.00663	0.00708	0.01138	0.01631	0.02058	0.05798	0.39021	0.31921	0.02205	0.00965	0.00296	0.00448	0.07086	0.00719	0.00648
32	0.01485	0.01399	0.02362	0.67927	0.08141	0.01728	0.02163	0.01999	0.01560	0.02006	0.01382	0.02061	0.01042	0.00771	0.00775	0.00257	0.01029	0.00689	0.00346	0.00878
33	0.42360	0.01669	0.01555	0.01291	0.01801	0.01874	0.01058	0.22667	0.05276	0.06817	0.01608	0.01692	0.01185	0.00825	0.00607	0.00235	0.00670	0.00566	0.05217	0.01027
34	0.01819	0.02058	0.04388	0.03163	0.03881	0.01996	0.59701	0.02431	0.01775	0.02431	0.01522	0.02058	0.01163	0.00713	0.01054	0.00268	0.07268	0.00895	0.00388	0.01029
35	0.01608	0.01378	0.01608	0.01148	0.01837	0.01034	0.00919	0.01952	0.01608	0.02527	0.01378	0.01608	0.01148	0.00574	0.00574	0.00115	0.00574	0.00459	0.00459	0.77491
36	0.01986	0.61652	0.14871	0.01474	0.02218	0.02856	0.01584	0.02344	0.01586	0.01930	0.01130	0.01309	0.00993	0.00676	0.00537	0.00179	0.00882	0.00441	0.00331	0.01020
37	0.02737	0.17187	0.02559	0.01867	0.02318	0.56719	0.01465	0.02946	0.02077	0.01883	0.01175	0.01368	0.00998	0.00773	0.00660	0.00193	0.01288	0.00483	0.00386	0.00918
38	0.01608	0.01378	0.01608	0.01148	0.01837	0.01034	0.00919	0.01952	0.01608	0.02527	0.01378	0.01608	0.01148	0.00574	0.00574	0.00115	0.00574	0.00459	0.00459	0.77491
39	0.01555	0.04011	0.68733	0.02210	0.03356	0.01801	0.02865	0.02455	0.01637	0.02455	0.01391	0.01637	0.00982	0.00737	0.00737	0.00246	0.01146	0.00573	0.00327	0.01146
40	0.07499	0.02093	0.02232	0.01720	0.02331	0.02307	0.01421	0.58759	0.03441	0.07671	0.01869	0.01860	0.01317	0.00919	0.00758	0.00233	0.00829	0.00685	0.00766	0.01290
41	0.01567	0.03926	0.65893	0.02257	0.03387	0.01808	0.05620	0.02457	0.01646	0.02457	0.01399	0.01657	0.00991	0.00733	0.00745	0.00246	0.01153	0.00588	0.00330	0.01141
42	0.01249	0.00892	0.01249	0.01428	0.01606	0.00892	0.01249	0.01606	0.01785	0.02320	0.04105	0.08746	0.04462	0.02142	0.01071	0.00357	0.00714	0.62695	0.00714	0.00714
43	0.03033	0.01774	0.02054	0.01586	0.02172	0.01836	0.01306	0.38736	0.03031	0.28276	0.06252	0.02385	0.01901	0.00981	0.00786	0.00236	0.00752	0.00771	0.00848	0.01284
44	0.01445	0.00723	0.00723	0.00723	0.00903	0.00723	0.00542	0.01807	0.01626	0.02891	0.02529	0.02891	0.01987	0.00903	0.00542	0.00181	0.00361	0.00723	0.77055	0.00723
45	0.01696	0.01696	0.02375	0.02036	0.02036	0.02375	0.01696	0.01866	0.01187	0.01866	0.01018	0.01696	0.01018	0.01357	0.02545	0.00339	0.71332	0.00679	0.00339	0.00848
46	0.01097	0.00793	0.01036	0.00975	0.01158	0.00732	0.00732	0.01463	0.02195	0.03109	0.67505	0.05792	0.07316	0.01585	0.00914	0.00244	0.00366	0.01402	0.00854	0.00732
47	0.01128	0.00752	0.00846	0.00846	0.00846	0.00752	0.00470	0.01128	0.01128	0.01503	0.02443	0.05074	0.02819	0.72751	0.03946	0.00752	0.00752	0.01128	0.00470	0.00470
48	0.01865	0.01787	0.03049	0.12661	0.60437	0.01828	0.02353	0.02332	0.01740	0.02467	0.01449	0.01937	0.01205	0.00701	0.00769	0.00234	0.00935	0.00691	0.00379	0.01184
49	0.03479	0.01320	0.01799	0.01380	0.01979	0.01140	0.01140	0.03779	0.02219	0.68451	0.03059	0.02639	0.01919	0.00960	0.00780	0.00240	0.00660	0.00780	0.00960	0.01320
50	0.15873	0.01377	0.01321	0.01149	0.01505	0.04240	0.00914	0.18578	0.02094	0.03396	0.01999	0.02273	0.01558	0.01252	0.05934	0.00288	0.00709	0.00660	0.33974	0.00905
51	0.02069	0.64166	0.09350	0.01432	0.02123	0.06121	0.01463	0.02370	0.01610	0.01880	0.01110	0.01284	0.00994	0.00676	0.00527	0.00174	0.00883	0.00432	0.00335	0.01003
52	0.01608	0.01378	0.01608	0.01148	0.01837	0.01034	0.00919	0.01952	0.01608	0.02527	0.01378	0.01608	0.01148	0.00574	0.00574	0.00115	0.00574	0.00459	0.00459	0.77491
53	0.02810	0.07806	0.02345	0.02061	0.04844	0.63077	0.01521	0.03023	0.02144	0.01917	0.01201	0.01409	0.01007	0.00787	0.00690	0.00199	0.01346	0.00502	0.00395	0.00917
54	0.01834	0.02080	0.04507	0.03339	0.07083	0.01955	0.62122	0.02479	0.01827	0.02486	0.01563	0.02083	0.01179	0.00655	0.00908	0.00260	0.01289	0.00904	0.00392	0.01054
55	0.01097	0.00793	0.01036	0.00975	0.01158	0.00732	0.00732	0.01463	0.02195	0.03109	0.67505	0.05792	0.07316	0.01585	0.00914	0.00244	0.00366	0.01402	0.00854	0.00732
56	0.01831	0.01458	0.01691	0.01225	0.01903	0.01181	0.00987	0.08651	0.01848	0.05724	0.01504	0.01680	0.01201	0.00629	0.00604	0.00133	0.00607	0.00499	0.00515	0.66129
57	0.04656	0.07254	0.62897	0.02120	0.03215	0.01859	0.02709	0.02442	0.01621	0.02466	0.01364	0.01603	0.00977	0.00732	0.00715	0.00241	0.01109	0.00559	0.00334	0.01126
58	0.01097	0.00793	0.01036	0.00975	0.01158	0.00732	0.00732	0.01463	0.02195	0.03109	0.67505	0.05792	0.07316	0.01585	0.00914	0.00244	0.00366	0.01402	0.00854	0.00732
59	0.00923	0.00786	0.00794	0.00792	0.01051	0.00657	0.00594	0.01125	0.01783	0.02131	0.09979	0.07402	0.65452	0.01950	0.00916	0.00261	0.00392	0.01628	0.00725	0.00657
60	0.02870	0.02131	0.02207	0.01723	0.02306	0.05674	0.01411	0.54652	0.05420	0.07439	0.01952	0.01951	0.01392	0.00928	0.00762	0.00230	0.00843	0.00698	0.04142	0.01268
61	0.02641	0.02063	0.02275	0.12051	0.02809	0.04534	0.01555	0.48749	0.08480	0.04218	0.01874	0.01962	0.01352	0.00913	0.00774	0.00238	0.00879	0.00705	0.00700	0.01229
62	0.00916	0.00785	0.00785	0.00785	0.01047	0.00655	0.00589	0.01113	0.01767	0.02095	0.07855	0.07462	0.67599	0.01964	0.00916	0.00262	0.00393	0.01636	0.00720	0.00655
63	0.01464	0.01378	0.02326	0.70887	0.05340	0.01723	0.02153	0.01981	0.01550	0.01981	0.01378	0.02067	0.01034	0.00775	0.00775	0.00258	0.01034	0.00689	0.00345	0.00861
64	0.01959	0.02009	0.04243	0.03054	0.03786	0.01913	0.56835	0.02561	0.01832	0.07874	0.01665	0.02118	0.01230	0.00712	0.00981	0.00263	0.04577	0.00893	0.00436	0.01059
65	0.01440	0.00913	0.01182	0.01083	0.01331	0.00861	0.00837	0.01908	0.06045	0.10905	0.52693	0.05390	0.06227	0.01506	0.00899	0.00250	0.00434	0.04410	0.00855	0.00831
66	0.02947	0.02172	0.02327	0.01784	0.02404	0.02404	0.01474	0.65329	0.03646	0.04887	0.01862	0.01862	0.01319	0.00931	0.00776	0.00233	0.00853	0.00698	0.00776	0.01319
67	0.01919	0.01842	0.03147	0.04759	0.67914	0.01842	0.02380	0.02380	0.01765	0.02533	0.01458	0.01919	0.01228	0.00691	0.00768	0.00230	0.00921	0.00691	0.00384	0.01228
68	0.02862	0.01865	0.02090	0.01626	0.02199	0.01990	0.01334	0.45369	0.05356	0.17504	0.07774	0.02390	0.01989	0.00997	0.00789	0.00236	0.00764	0.00781	0.00820	0.01265
69	0.03191	0.01256	0.01707	0.01331	0.01880	0.01090	0.01090	0.03499	0.02216	0.60549	0.10852	0.03020	0.02572	0.01035	0.00796	0.00240	0.00624	0.00855	0.00947	0.01248
70	0.00979	0.00721	0.00967	0.01123	0.01166	0.00709	0.00764	0.01115	0.01471	0.01974	0.04125	0.69027	0.04941	0.02380	0.01061	0.00316	0.03683	0.02135	0.00702	0.00640
71	0.01919	0.01835	0.03091	0.04632	0.65279	0.01846	0.02334	0.02449	0.04354	0.02562	0.01526	0.01958	0.01274	0.00705	0.00768	0.00232	0.00909	0.00698	0.00400	0.01228
72	0.10353	0.07007	0.57931	0.02032	0.03079	0.01854	0.02560	0.02429	0.01598	0.02543	0.01341	0.01575	0.00967	0.00731	0.00696	0.00241	0.01068	0.00548	0.00345	0.01104
73	0.01963	0.51008	0.22032	0.01601	0.02388	0.05488	0.01763	0.02391	0.01619	0.02003	0.01170	0.01360	0.00992	0.00689	0.00573	0.00189	0.00941	0.00462	0.00333	0.01033
74	0.02877	0.01827	0.01926	0.01576	0.02113	0.08842	0.01264	0.15178	0.20795	0.31092	0.02669	0.02436	0.01838	0.00964	0.00773	0.00241	0.00760	0.00763	0.00818	0.01249
75	0.01918	0.01873	0.03046	0.10029	0.60428	0.04319	0.02329	0.02373	0.01764	0.02465	0.01442	0.01912	0.01204	0.00702	0.00766	0.00231	0.00948	0.00684	0.00381	0.01186
76	0.01623	0.01392	0.01615	0.01169	0.01846	0.01077	0.00934	0.02057	0.04744	0.02561	0.01464	0.01670	0.01207	0.00597	0.00585	0.00122	0.00576	0.00480	0.00475	0.73805
77	0.01854	0.01776	0.03030	0.14164	0.59015	0.01825	0.02347	0.02323	0.01735	0.02455	0.01447	0.01940	0.01200	0.00703	0.00769	0.00234	0.00937	0.00691	0.00378	0.01176
78	0.01804	0.02026	0.04333	0.05898	0.03992	0.01904	0.59289	0.02436	0.01807	0.02465	0.01551	0.02066	0.01169	0.00654	0.00892	0.00254	0.01259	0.00883	0.00394	0.04922
79	0.01618	0.12473	0.60826	0.02102	0.03189	0.01956	0.02677	0.02439	0.01629	0.02378	0.01353	0.01589	0.00984	0.00728	0.00707	0.00236	0.01107	0.00554	0.00328	0.01127
80	0.15788	0.01715	0.01744	0.01454	0.01972	0.07700	0.01166	0.07563	0.19905	0.29181	0.02501	0.02310	0.01736	0.00928	0.00723	0.00242	0.00716	0.00714	0.00768	0.01174

[dist]
# distance from previous block
# <min> <max>
0	1

[block]
# block no. 3 follows, 25 sequences, length 46
# corresponding to MSA columns:
# 227-272
name=unknown_D
#
# <colnr> <probs for GDERKNQSTAVLIFYWHMCP>
#	G	D	E	R	K	N	Q	S	T	A	V	L	I	F	Y	W	H	M	C	P
0	0.01875	0.46707	0.28836	0.01665	0.02513	0.02583	0.01916	0.02373	0.01599	0.02066	0.01198	0.01394	0.00990	0.00691	0.00589	0.00196	0.00951	0.00475	0.00330	0.01053
1	0.01555	0.04011	0.68733	0.02210	0.03356	0.01801	0.02865	0.02455	0.01637	0.02455	0.01391	0.01637	0.00982	0.00737	0.00737	0.00246	0.01146	0.00573	0.00327	0.01146
2	0.03268	0.01540	0.01927	0.01474	0.02082	0.01459	0.01216	0.19456	0.02560	0.49563	0.02686	0.02399	0.01735	0.00937	0.00771	0.00233	0.00706	0.00746	0.00893	0.04349
3	0.01128	0.00752	0.00846	0.00846	0.00846	0.00752	0.00470	0.01128	0.01128	0.01503	0.02443	0.05074	0.02819	0.72751	0.03946	0.00752	0.00752	0.01128	0.00470	0.00470
4	0.01108	0.00831	0.01246	0.01246	0.01385	0.00969	0.00969	0.01385	0.01246	0.01800	0.02077	0.03046	0.01938	0.05815	0.69678	0.01246	0.02077	0.00831	0.00415	0.00692
5	0.02896	0.03695	0.02197	0.01998	0.02397	0.69638	0.01498	0.03096	0.02197	0.01898	0.01199	0.01398	0.00999	0.00799	0.00699	0.00200	0.01398	0.00499	0.00400	0.00899
6	0.02947	0.02172	0.02327	0.01784	0.02404	0.02404	0.01474	0.65329	0.03646	0.04887	0.01862	0.01862	0.01319	0.00931	0.00776	0.00233	0.00853	0.00698	0.00776	0.01319
7	0.01830	0.02092	0.04575	0.03268	0.04052	0.01961	0.65098	0.02484	0.01830	0.02484	0.01569	0.02092	0.01176	0.00654	0.00915	0.00261	0.01307	0.00915	0.00392	0.01046
8	0.01893	0.01816	0.03100	0.08554	0.64323	0.01835	0.02367	0.02357	0.01753	0.02501	0.01454	0.01928	0.01217	0.00696	0.00768	0.00232	0.00928	0.00691	0.00382	0.01207
9	0.01125	0.00760	0.00890	0.00890	0.00905	0.00776	0.00525	0.01156	0.01141	0.01536	0.02403	0.04850	0.02722	0.65369	0.11196	0.00806	0.00898	0.01095	0.00464	0.00494
10	0.01555	0.04011	0.68733	0.02210	0.03356	0.01801	0.02865	0.02455	0.01637	0.02455	0.01391	0.01637	0.00982	0.00737	0.00737	0.00246	0.01146	0.00573	0.00327	0.01146
11	0.01097	0.00793	0.01036	0.00975	0.01158	0.00732	0.00732	0.01463	0.02195	0.03109	0.67505	0.05792	0.07316	0.01585	0.00914	0.00244	0.00366	0.01402	0.00854	0.00732
12	0.00945	0.00675	0.00900	0.01080	0.01125	0.00630	0.00720	0.01080	0.01484	0.01979	0.04274	0.72245	0.05128	0.02429	0.00990	0.00315	0.00450	0.02204	0.00720	0.00630
13	0.01108	0.00831	0.01246	0.01246	0.01385	0.00969	0.00969	0.01385	0.01246	0.01800	0.02077	0.03046	0.01938	0.05815	0.69678	0.01246	0.02077	0.00831	0.00415	0.00692
14	0.01446	0.00762	0.00819	0.04919	0.01169	0.00782	0.00638	0.01817	0.01621	0.02836	0.02461	0.02841	0.01930	0.00896	0.00556	0.00185	0.00402	0.00721	0.72467	0.00731
15	0.78228	0.01499	0.01140	0.01020	0.01499	0.01739	0.00840	0.02279	0.01320	0.03479	0.01080	0.01260	0.00840	0.00720	0.00480	0.00240	0.00600	0.00420	0.00480	0.00840
16	0.01919	0.01842	0.03147	0.04759	0.67914	0.01842	0.02380	0.02380	0.01765	0.02533	0.01458	0.01919	0.01228	0.00691	0.00768	0.00230	0.00921	0.00691	0.00384	0.01228
17	0.01097	0.00793	0.01036	0.00975	0.01158	0.00732	0.00732	0.01463	0.02195	0.03109	0.67505	0.05792	0.07316	0.01585	0.00914	0.00244	0.00366	0.01402	0.00854	0.00732
18	0.01834	0.01558	0.01683	0.01557	0.01959	0.01784	0.01230	0.03770	0.57506	0.03115	0.03288	0.03707	0.02658	0.01204	0.00828	0.00276	0.00628	0.09479	0.00779	0.01156
19	0.01082	0.00792	0.01016	0.00960	0.01149	0.00725	0.00720	0.01434	0.02159	0.03025	0.62576	0.05930	0.12297	0.01616	0.00915	0.00245	0.00368	0.01422	0.00842	0.00725
20	0.38902	0.01675	0.01424	0.01261	0.01706	0.11347	0.01003	0.02538	0.01671	0.15844	0.01930	0.08727	0.01649	0.00996	0.00648	0.00241	0.00717	0.03194	0.00595	0.03934
21	0.01740	0.01784	0.02458	0.02079	0.02150	0.05491	0.05453	0.01944	0.01276	0.01902	0.01097	0.01754	0.01059	0.01448	0.04765	0.00360	0.61345	0.00690	0.00348	0.00857
22	0.01919	0.01842	0.03147	0.04759	0.67914	0.01842	0.02380	0.02380	0.01765	0.02533	0.01458	0.01919	0.01228	0.00691	0.00768	0.00230	0.00921	0.00691	0.00384	0.01228
23	0.01919	0.01842	0.03147	0.04759	0.67914	0.01842	0.02380	0.02380	0.01765	0.02533	0.01458	0.01919	0.01228	0.00691	0.00768	0.00230	0.00921	0.00691	0.00384	0.01228
24	0.03359	0.01293	0.01761	0.01359	0.01938	0.01119	0.01119	0.03662	0.02218	0.65161	0.06304	0.02798	0.02191	0.00991	0.00787	0.00240	0.00645	0.00811	0.00954	0.01290
25	0.01996	0.01608	0.01816	0.01333	0.02002	0.01431	0.01080	0.20318	0.02198	0.03210	0.01518	0.01681	0.01198	0.00678	0.00633	0.00149	0.00655	0.00529	0.00551	0.55417
26	0.02796	0.01935	0.02130	0.01632	0.02243	0.02046	0.01343	0.49038	0.03195	0.12161	0.02195	0.02152	0.04014	0.00940	0.00762	0.00223	0.00784	0.00721	0.00764	0.08927
27	0.02009	0.01706	0.01799	0.01594	0.02047	0.01966	0.01247	0.08980	0.61521	0.03374	0.03053	0.02811	0.02284	0.01042	0.00788	0.00261	0.00633	0.00862	0.00788	0.01235
28	0.00943	0.00680	0.00894	0.01066	0.01121	0.00631	0.00714	0.01081	0.01498	0.01985	0.04443	0.69171	0.08092	0.02407	0.00986	0.00312	0.00447	0.02177	0.00720	0.00631
29	0.00955	0.00787	0.00839	0.00826	0.01071	0.00671	0.00620	0.01188	0.01859	0.02312	0.20658	0.07103	0.54660	0.01882	0.00916	0.00258	0.00387	0.01586	0.00749	0.00671
30	0.02073	0.73217	0.04063	0.01327	0.01990	0.03068	0.01327	0.02322	0.01575	0.01824	0.01078	0.01244	0.00995	0.00663	0.00498	0.00166	0.00829	0.00415	0.00332	0.00995
31	0.02073	0.73217	0.04063	0.01327	0.01990	0.03068	0.01327	0.02322	0.01575	0.01824	0.01078	0.01244	0.00995	0.00663	0.00498	0.00166	0.00829	0.00415	0.00332	0.00995
32	0.01445	0.00723	0.00723	0.00723	0.00903	0.00723	0.00542	0.01807	0.01626	0.02891	0.02529	0.02891	0.01987	0.00903	0.00542	0.00181	0.00361	0.00723	0.77055	0.00723
33	0.00947	0.00787	0.00828	0.00817	0.01066	0.00667	0.00613	0.01172	0.01839	0.02265	0.17866	0.07182	0.57482	0.01900	0.00916	0.00259	0.00388	0.01597	0.00742	0.00667
34	0.02018	0.57127	0.15857	0.01522	0.02261	0.06064	0.01618	0.02384	0.01617	0.01944	0.01141	0.01324	0.00993	0.00683	0.00551	0.00182	0.00915	0.00448	0.00334	0.01018
35	0.01847	0.01759	0.02991	0.07353	0.61648	0.01771	0.02280	0.02292	0.01741	0.02480	0.01608	0.05739	0.01431	0.00789	0.00780	0.00236	0.00900	0.00773	0.00400	0.01180
36	0.01128	0.00752	0.00846	0.00846	0.00846	0.00752	0.00470	0.01128	0.01128	0.01503	0.02443	0.05074	0.02819	0.72751	0.03946	0.00752	0.00752	0.01128	0.00470	0.00470
37	0.01547	0.01493	0.02494	0.52375	0.08323	0.01849	0.05261	0.02010	0.01517	0.02019	0.01333	0.01999	0.01049	0.00860	0.01072	0.00270	0.12591	0.00699	0.00348	0.00890
38	0.01760	0.02282	0.12643	0.03047	0.03848	0.01888	0.54606	0.02425	0.01792	0.02460	0.01652	0.04786	0.01307	0.00734	0.00895	0.00262	0.01253	0.00922	0.00397	0.01042
39	0.01696	0.01696	0.02375	0.02036	0.02036	0.02375	0.01696	0.01866	0.01187	0.01866	0.01018	0.01696	0.01018	0.01357	0.02545	0.00339	0.71332	0.00679	0.00339	0.00848
40	0.01555	0.04011	0.68733	0.02210	0.03356	0.01801	0.02865	0.02455	0.01637	0.02455	0.01391	0.01637	0.00982	0.00737	0.00737	0.00246	0.01146	0.00573	0.00327	0.01146
41	0.01383	0.01001	0.01185	0.01119	0.01371	0.00991	0.00841	0.05312	0.11734	0.06132	0.29066	0.17980	0.15521	0.01662	0.00896	0.00262	0.00465	0.01446	0.00797	0.00835
42	0.01602	0.08055	0.62007	0.02268	0.06088	0.01878	0.02752	0.02444	0.01639	0.02421	0.01376	0.01626	0.00994	0.00730	0.00724	0.00240	0.01117	0.00569	0.00330	0.01140
43	0.01578	0.01480	0.02502	0.61613	0.05071	0.01780	0.07056	0.05656	0.01693	0.02187	0.01421	0.02057	0.01061	0.00775	0.00786	0.00257	0.01045	0.00707	0.00373	0.00902
44	0.01894	0.01817	0.03103	0.08346	0.64520	0.01836	0.02367	0.02358	0.01754	0.02503	0.01454	0.01927	0.01218	0.00695	0.00768	0.00232	0.00927	0.00691	0.00382	0.01208
45	0.01453	0.01363	0.02266	0.64506	0.04996	0.01707	0.02069	0.01936	0.01530	0.01975	0.01487	0.05108	0.01211	0.00875	0.00870	0.00265	0.04417	0.00755	0.00361	0.00851

[dist]
# distance from previous block
# <min> <max>
13	15

[block]
# block no. 4 follows, 25 sequences, length 6
# corresponding to MSA columns:
# 288-293
name=unknown_E
#
# <colnr> <probs for GDERKNQSTAVLIFYWHMCP>
#	G	D	E	R	K	N	Q	S	T	A	V	L	I	F	Y	W	H	M	C	P
0	0.01215	0.00969	0.01306	0.01225	0.01361	0.01060	0.00958	0.01525	0.01915	0.02725	0.45197	0.10035	0.05709	0.01642	0.01252	0.00276	0.14378	0.05773	0.00732	0.00746
1	0.01614	0.15615	0.32780	0.01707	0.02421	0.04606	0.01884	0.04946	0.01751	0.02381	0.06822	0.15784	0.02287	0.01131	0.00756	0.00242	0.00891	0.00930	0.00468	0.00983
2	0.01170	0.01376	0.14233	0.01169	0.01405	0.00930	0.00999	0.01378	0.01310	0.01801	0.02659	0.19925	0.02991	0.42307	0.02631	0.00551	0.00760	0.01267	0.00500	0.00640
3	0.01145	0.00861	0.01019	0.01079	0.01229	0.00835	0.00757	0.06002	0.04755	0.02251	0.04686	0.46078	0.17727	0.06373	0.01126	0.00321	0.00494	0.01846	0.00712	0.00705
4	0.01053	0.00792	0.00990	0.01053	0.01231	0.00729	0.00816	0.01322	0.01830	0.02399	0.22166	0.20096	0.23539	0.01998	0.00969	0.00291	0.00476	0.16809	0.00754	0.00685
5	0.51012	0.02174	0.18928	0.01384	0.02035	0.01773	0.01407	0.02497	0.07472	0.03188	0.01355	0.01511	0.01019	0.00755	0.00576	0.00244	0.00744	0.00503	0.00469	0.00956

[dist]
# distance from previous block
# <min> <max>
1	3

[block]
# block no. 5 follows, 25 sequences, length 9
# corresponding to MSA columns:
# 297-305
name=unknown_F
#
# <colnr> <probs for GDERKNQSTAVLIFYWHMCP>
#	G	D	E	R	K	N	Q	S	T	A	V	L	I	F	Y	W	H	M	C	P
0	0.02073	0.73217	0.04063	0.01327	0.01990	0.03068	0.01327	0.02322	0.01575	0.01824	0.01078	0.01244	0.00995	0.00663	0.00498	0.00166	0.00829	0.00415	0.00332	0.00995
1	0.01647	0.01436	0.01801	0.01601	0.10119	0.01135	0.01102	0.02006	0.01628	0.02527	0.01388	0.01647	0.01158	0.00589	0.00598	0.00129	0.00618	0.00488	0.00450	0.67933
2	0.01032	0.00787	0.01159	0.01217	0.01331	0.00736	0.04729	0.01237	0.01608	0.02167	0.12024	0.56835	0.05129	0.02201	0.00979	0.00304	0.00504	0.04632	0.00716	0.00672
3	0.02430	0.01723	0.01909	0.01526	0.02048	0.01814	0.01244	0.37698	0.06347	0.07930	0.02208	0.02740	0.01774	0.04390	0.00912	0.00252	0.00745	0.06000	0.05582	0.10731
4	0.02648	0.01760	0.01987	0.01548	0.02145	0.01805	0.01260	0.30348	0.13601	0.17826	0.02250	0.02157	0.01594	0.00893	0.00742	0.00218	0.00721	0.00703	0.00760	0.15032
5	0.07235	0.01522	0.01734	0.01408	0.01895	0.01554	0.01129	0.24761	0.06019	0.17386	0.10500	0.10078	0.02611	0.01142	0.00781	0.00236	0.00656	0.00936	0.00773	0.07642
6	0.01380	0.01005	0.01146	0.01206	0.01366	0.04456	0.00854	0.01773	0.08922	0.07837	0.06267	0.52268	0.04409	0.02031	0.00931	0.00294	0.00533	0.01813	0.00736	0.00774
7	0.13559	0.02042	0.01830	0.01698	0.04926	0.16482	0.01270	0.14288	0.14973	0.03028	0.02125	0.06186	0.03358	0.01149	0.02633	0.00268	0.04687	0.00764	0.03722	0.01010
8	0.01791	0.08982	0.36674	0.09643	0.05209	0.01906	0.02213	0.12464	0.01958	0.02726	0.01817	0.02035	0.04934	0.00830	0.00733	0.00234	0.00988	0.00654	0.00431	0.03778

[dist]
# distance from previous block
# <min> <max>
7	35

[block]
# block no. 6 follows, 25 sequences, length 10
# corresponding to MSA columns:
# 341-350
name=unknown_G
#
# <colnr> <probs for GDERKNQSTAVLIFYWHMCP>
#	G	D	E	R	K	N	Q	S	T	A	V	L	I	F	Y	W	H	M	C	P
0	0.05965	0.15434	0.07797	0.01398	0.01981	0.01714	0.01265	0.09891	0.06110	0.18747	0.10603	0.04471	0.02293	0.00962	0.00711	0.00218	0.00698	0.00763	0.00662	0.08318
1	0.02349	0.01847	0.02375	0.02068	0.07902	0.01965	0.08566	0.40547	0.02866	0.03857	0.02259	0.15440	0.02028	0.01168	0.00832	0.00252	0.00832	0.01012	0.00688	0.01148
2	0.16617	0.01557	0.02293	0.01814	0.02311	0.01592	0.18636	0.09497	0.08380	0.08612	0.08686	0.11981	0.02456	0.01098	0.00802	0.00258	0.00786	0.01004	0.00630	0.00990
3	0.25287	0.01699	0.01967	0.02065	0.14566	0.01892	0.01388	0.21889	0.02143	0.03443	0.01752	0.09599	0.01561	0.01022	0.00846	0.00252	0.06237	0.00780	0.00570	0.01042
4	0.14647	0.01611	0.01678	0.01405	0.01842	0.01765	0.01121	0.35549	0.02624	0.03873	0.02274	0.15427	0.02049	0.01182	0.00742	0.00244	0.00679	0.00945	0.09302	0.01041
5	0.16243	0.01148	0.01265	0.01249	0.01505	0.01217	0.00958	0.13620	0.01905	0.02868	0.03177	0.36645	0.03488	0.01776	0.00862	0.00290	0.00591	0.09700	0.00683	0.00813
6	0.01425	0.01325	0.02218	0.65623	0.05022	0.01640	0.02045	0.01913	0.01545	0.01981	0.01596	0.07359	0.01342	0.00900	0.00791	0.00263	0.00990	0.00803	0.00373	0.00844
7	0.50940	0.01518	0.01290	0.01133	0.01567	0.04934	0.00912	0.07133	0.01747	0.05914	0.14007	0.02238	0.02173	0.00916	0.00609	0.00238	0.00616	0.00648	0.00589	0.00877
8	0.17678	0.01576	0.01800	0.01417	0.01992	0.01594	0.01167	0.18565	0.04808	0.37943	0.02389	0.02193	0.01581	0.00910	0.00721	0.00239	0.00694	0.00694	0.00816	0.01223
9	0.01085	0.00734	0.00858	0.00900	0.00911	0.00723	0.00528	0.01116	0.01211	0.01614	0.02870	0.20751	0.03358	0.56338	0.03256	0.00650	0.00681	0.01379	0.00528	0.00507

[dist]
# distance from previous block
# <min> <max>
0	1

[block]
# block no. 7 follows, 25 sequences, length 11
# corresponding to MSA columns:
# 352-362
name=unknown_H
#
# <colnr> <probs for GDERKNQSTAVLIFYWHMCP>
#	G	D	E	R	K	N	Q	S	T	A	V	L	I	F	Y	W	H	M	C	P
0	0.01555	0.04011	0.68733	0.02210	0.03356	0.01801	0.02865	0.02455	0.01637	0.02455	0.01391	0.01637	0.00982	0.00737	0.00737	0.00246	0.01146	0.00573	0.00327	0.01146
1	0.01678	0.01011	0.01130	0.07921	0.01579	0.01081	0.00847	0.11581	0.01929	0.03106	0.02311	0.02650	0.01789	0.00895	0.00601	0.00196	0.00504	0.00716	0.57648	0.00828
2	0.00916	0.00785	0.00785	0.00785	0.01047	0.00655	0.00589	0.01113	0.01767	0.02095	0.07855	0.07462	0.67599	0.01964	0.00916	0.00262	0.00393	0.01636	0.00720	0.00655
3	0.01081	0.00892	0.01464	0.01416	0.01574	0.00834	0.10608	0.01295	0.01538	0.02057	0.03858	0.61470	0.04521	0.02156	0.00978	0.00307	0.00582	0.02006	0.00669	0.00694
4	0.01555	0.04011	0.68733	0.02210	0.03356	0.01801	0.02865	0.02455	0.01637	0.02455	0.01391	0.01637	0.00982	0.00737	0.00737	0.00246	0.01146	0.00573	0.00327	0.01146
5	0.02035	0.66046	0.03894	0.01398	0.01995	0.02999	0.01364	0.02276	0.01537	0.01828	0.01072	0.01289	0.00997	0.00733	0.00703	0.00183	0.07898	0.00441	0.00332	0.00980
6	0.02875	0.02136	0.02286	0.01769	0.02377	0.02371	0.01456	0.60962	0.08130	0.04769	0.01954	0.01935	0.01393	0.00939	0.00777	0.00235	0.00836	0.00711	0.00777	0.01312
7	0.78228	0.01499	0.01140	0.01020	0.01499	0.01739	0.00840	0.02279	0.01320	0.03479	0.01080	0.01260	0.00840	0.00720	0.00480	0.00240	0.00600	0.00420	0.00480	0.00840
8	0.01128	0.00752	0.00846	0.00846	0.00846	0.00752	0.00470	0.01128	0.01128	0.01503	0.02443	0.05074	0.02819	0.72751	0.03946	0.00752	0.00752	0.01128	0.00470	0.00470
9	0.09480	0.09081	0.53560	0.02071	0.03093	0.01902	0.05609	0.02428	0.01609	0.02512	0.01344	0.01590	0.00978	0.00725	0.00700	0.00240	0.01073	0.00562	0.00347	0.01098
10	0.01621	0.09258	0.57809	0.02237	0.03312	0.01915	0.08425	0.02448	0.01650	0.02409	0.01383	0.01648	0.01001	0.00723	0.00734	0.00241	0.01136	0.00592	0.00334	0.01125

[dist]
# distance from previous block
# <min> <max>
1	5

[block]
# block no. 8 follows, 25 sequences, length 21
# corresponding to MSA columns:
# 368-388
name=unknown_I
#
# <colnr> <probs for GDERKNQSTAVLIFYWHMCP>
#	G	D	E	R	K	N	Q	S	T	A	V	L	I	F	Y	W	H	M	C	P
0	0.01550	0.03789	0.63401	0.02135	0.03214	0.01761	0.02715	0.02477	0.04112	0.02512	0.04193	0.01856	0.01297	0.00784	0.00746	0.00246	0.01094	0.00619	0.00367	0.01132
1	0.01108	0.00759	0.00863	0.00856	0.00897	0.00742	0.00509	0.01165	0.01299	0.01733	0.10332	0.05337	0.08224	0.59227	0.03369	0.00656	0.00680	0.01198	0.00533	0.00514
2	0.01464	0.01378	0.02326	0.70887	0.05340	0.01723	0.02153	0.01981	0.01550	0.01981	0.01378	0.02067	0.01034	0.00775	0.00775	0.00258	0.01034	0.00689	0.00345	0.00861
3	0.01899	0.01553	0.01683	0.01528	0.01941	0.01764	0.01199	0.03795	0.56175	0.05743	0.06645	0.03433	0.02755	0.01150	0.00814	0.00267	0.00609	0.05082	0.00794	0.01170
4	0.01464	0.01378	0.02326	0.70887	0.05340	0.01723	0.02153	0.01981	0.01550	0.01981	0.01378	0.02067	0.01034	0.00775	0.00775	0.00258	0.01034	0.00689	0.00345	0.00861
5	0.01445	0.00723	0.00723	0.00723	0.00903	0.00723	0.00542	0.01807	0.01626	0.02891	0.02529	0.02891	0.01987	0.00903	0.00542	0.00181	0.00361	0.00723	0.77055	0.00723
6	0.02927	0.02776	0.02275	0.01869	0.02402	0.29075	0.01483	0.40642	0.03071	0.03701	0.01599	0.01678	0.01192	0.00879	0.00745	0.00220	0.01069	0.00619	0.00626	0.01152
