[name]
unknown

[dist]
# distance from previous block
# <min> <max>
0	288

[block]
# block no. 0 follows, 26 sequences, length 150
# corresponding to MSA columns:
# 288-437
name=unknown_A
#
# <colnr> <probs for GDERKNQSTAVLIFYWHMCP>
#	G	D	E	R	K	N	Q	S	T	A	V	L	I	F	Y	W	H	M	C	P
0	0.03099	0.01266	0.01705	0.01351	0.01900	0.01112	0.01119	0.03452	0.03988	0.58849	0.03023	0.03076	0.02081	0.01029	0.00781	0.00241	0.00646	0.06270	0.00894	0.04120
1	0.06551	0.01865	0.02014	0.01575	0.02122	0.02040	0.01294	0.50448	0.03098	0.09540	0.01935	0.01974	0.01387	0.01080	0.03343	0.00262	0.00814	0.00682	0.06777	0.01198
2	0.05348	0.01737	0.04108	0.01510	0.02004	0.01800	0.01248	0.33049	0.12742	0.11157	0.02337	0.05439	0.01863	0.05846	0.00964	0.00273	0.00730	0.02771	0.03948	0.01126
3	0.02045	0.01425	0.01865	0.01370	0.02019	0.01182	0.05976	0.04448	0.04503	0.17176	0.01810	0.01890	0.01345	0.00681	0.00646	0.00160	0.00645	0.00577	0.00575	0.49662
4	0.01573	0.01348	0.01573	0.01123	0.01798	0.01011	0.00899	0.01910	0.01573	0.02472	0.01348	0.01573	0.01123	0.00562	0.00562	0.00112	0.00562	0.00449	0.00449	0.77980
5	0.01762	0.01714	0.02134	0.01846	0.04617	0.06019	0.01456	0.04416	0.01449	0.02145	0.01153	0.01633	0.01049	0.01041	0.01713	0.00255	0.42452	0.00595	0.00386	0.22164
6	0.02833	0.03615	0.02149	0.01954	0.02345	0.70298	0.01466	0.03029	0.02149	0.01856	0.01172	0.01368	0.00977	0.00782	0.00684	0.00195	0.01368	0.00489	0.00391	0.00879
7	0.01103	0.00735	0.00827	0.00827	0.00827	0.00735	0.00460	0.01103	0.01103	0.01471	0.02390	0.04964	0.02758	0.73343	0.03861	0.00735	0.00735	0.01103	0.00460	0.00460
8	0.02833	0.02100	0.02248	0.01735	0.02333	0.02329	0.01430	0.62964	0.06766	0.04700	0.01885	0.01872	0.01341	0.00916	0.00759	0.00229	0.00823	0.00692	0.00759	0.01285
9	0.01318	0.00659	0.00988	0.00988	0.00988	0.00659	0.00659	0.00988	0.00988	0.01318	0.01318	0.02306	0.01318	0.02635	0.02964	0.77931	0.00659	0.00659	0.00329	0.00329
10	0.01066	0.00775	0.01003	0.00946	0.01128	0.00712	0.00709	0.01416	0.02128	0.02997	0.65482	0.05740	0.09914	0.01567	0.00895	0.00239	0.00359	0.01382	0.00829	0.00712
11	0.01670	0.24395	0.50242	0.01909	0.02891	0.02125	0.02362	0.02364	0.01584	0.02221	0.01271	0.01489	0.00965	0.00700	0.00652	0.00217	0.01030	0.00515	0.00322	0.01078
12	0.01644	0.01450	0.01907	0.01459	0.04540	0.01162	0.06680	0.03934	0.01659	0.02539	0.01382	0.01634	0.01134	0.00584	0.00604	0.00133	0.00646	0.00504	0.00450	0.65957
13	0.47381	0.04303	0.01853	0.04873	0.09954	0.01852	0.04762	0.04678	0.03883	0.03036	0.01239	0.01503	0.00985	0.00764	0.00715	0.00241	0.06082	0.00527	0.00454	0.00917
14	0.01877	0.01802	0.03079	0.04656	0.68612	0.01802	0.02328	0.02328	0.01727	0.02478	0.01427	0.01877	0.01201	0.00676	0.00751	0.00225	0.00901	0.00676	0.00375	0.01201
15	0.00960	0.00688	0.00913	0.01031	0.01108	0.00640	0.00707	0.01147	0.01621	0.02204	0.19709	0.56556	0.05536	0.02176	0.00950	0.00291	0.00420	0.01966	0.00736	0.00640
16	0.03403	0.01291	0.01760	0.01350	0.01936	0.01115	0.01115	0.03697	0.02171	0.69137	0.02992	0.02582	0.01878	0.00939	0.00763	0.00235	0.00645	0.00763	0.00939	0.01291
17	0.78701	0.01467	0.01115	0.00997	0.01467	0.01702	0.00821	0.02230	0.01291	0.03403	0.01056	0.01232	0.00821	0.00704	0.00469	0.00235	0.00587	0.00411	0.00469	0.00821
18	0.00961	0.00686	0.00922	0.01098	0.01158	0.00648	0.00767	0.01119	0.01488	0.01977	0.04160	0.64984	0.04937	0.02342	0.00978	0.00313	0.00472	0.09661	0.00703	0.00626
19	0.06530	0.01298	0.01733	0.01335	0.01917	0.01139	0.01103	0.03636	0.02134	0.66408	0.02912	0.02526	0.01834	0.00929	0.00751	0.00235	0.00643	0.00748	0.00919	0.01271
20	0.01136	0.00821	0.01144	0.06754	0.01631	0.00832	0.01046	0.01408	0.01592	0.02121	0.03733	0.30710	0.04162	0.04645	0.01075	0.00333	0.00616	0.31305	0.04265	0.00672
21	0.01573	0.01348	0.01573	0.01123	0.01798	0.01011	0.00899	0.01910	0.01573	0.02472	0.01348	0.01573	0.01123	0.00562	0.00562	0.00112	0.00562	0.00449	0.00449	0.77980
22	0.01515	0.01420	0.02392	0.64032	0.07003	0.01723	0.04760	0.04344	0.01610	0.02080	0.01376	0.02011	0.01033	0.00756	0.00764	0.00251	0.01012	0.00684	0.00356	0.00878
23	0.01178	0.00848	0.01177	0.01337	0.01501	0.00847	0.01141	0.01499	0.01693	0.02208	0.04056	0.13826	0.06487	0.02294	0.04517	0.00386	0.00732	0.52899	0.00684	0.00688
24	0.01698	0.01460	0.01629	0.01291	0.01867	0.01360	0.01019	0.02754	0.27710	0.02751	0.02040	0.02073	0.01598	0.00748	0.00645	0.00170	0.00577	0.00612	0.00578	0.47421
25	0.15308	0.01371	0.01538	0.01238	0.01722	0.01386	0.01011	0.16188	0.02196	0.30594	0.02315	0.02251	0.01593	0.00882	0.00664	0.00221	0.00613	0.00676	0.17143	0.01089
26	0.01626	0.08038	0.32029	0.02015	0.02558	0.02126	0.02136	0.02113	0.01384	0.02077	0.01161	0.01601	0.00979	0.01009	0.01560	0.00279	0.35416	0.00599	0.00326	0.00969
27	0.01084	0.00813	0.01219	0.01219	0.01354	0.00948	0.00948	0.01354	0.01219	0.01761	0.02032	0.02980	0.01896	0.05689	0.70337	0.01219	0.02032	0.00813	0.00406	0.00677
28	0.01663	0.01930	0.07361	0.24631	0.04323	0.01836	0.42330	0.02273	0.01694	0.02273	0.01466	0.02014	0.01096	0.00681	0.00842	0.00254	0.01186	0.00807	0.00365	0.00972
29	0.01111	0.00840	0.01219	0.01205	0.01318	0.00982	0.00920	0.01344	0.01203	0.01729	0.02030	0.03163	0.01962	0.13678	0.59377	0.01122	0.04890	0.00841	0.00410	0.00658
30	0.00934	0.00667	0.00892	0.01068	0.01116	0.00625	0.00722	0.01074	0.01462	0.01948	0.04175	0.70647	0.04994	0.02367	0.00971	0.00309	0.00449	0.04257	0.00704	0.00619
31	0.00960	0.00674	0.00901	0.01041	0.01099	0.00630	0.00703	0.01097	0.01513	0.02038	0.11626	0.61589	0.05097	0.02291	0.01053	0.03938	0.00441	0.01993	0.00702	0.00614
32	0.02187	0.49929	0.09267	0.01540	0.02165	0.19890	0.01472	0.02474	0.01700	0.01857	0.01111	0.01289	0.00973	0.00689	0.00557	0.00177	0.00979	0.00440	0.00341	0.00963
33	0.02794	0.03492	0.02247	0.01995	0.02409	0.64800	0.04020	0.05589	0.02193	0.01999	0.01213	0.01413	0.00997	0.00781	0.00695	0.00199	0.01342	0.00513	0.00406	0.00902
34	0.75843	0.01548	0.01154	0.01034	0.01500	0.04285	0.00846	0.02260	0.01323	0.03345	0.01061	0.01237	0.00827	0.00707	0.00477	0.00233	0.00616	0.00414	0.00466	0.00824
35	0.00909	0.00769	0.00786	0.00782	0.01032	0.00646	0.00586	0.01114	0.01759	0.02121	0.12095	0.07181	0.63847	0.01894	0.00896	0.00255	0.00382	0.01584	0.00714	0.00646
36	0.01862	0.01871	0.03195	0.09925	0.50677	0.04386	0.12236	0.02338	0.01735	0.02402	0.01427	0.01897	0.01169	0.00681	0.00772	0.00231	0.00987	0.00703	0.00374	0.01131
37	0.01666	0.01678	0.02424	0.02048	0.02084	0.02304	0.04668	0.01854	0.01191	0.01854	0.01021	0.01678	0.01003	0.01295	0.02415	0.00328	0.68642	0.00675	0.00334	0.00839
38	0.00924	0.00660	0.00880	0.01056	0.01100	0.00616	0.00704	0.01056	0.01452	0.01936	0.04181	0.72848	0.05017	0.02376	0.00968	0.00308	0.00440	0.02156	0.00704	0.00616
39	0.01053	0.00775	0.00985	0.00933	0.01121	0.00707	0.00700	0.01392	0.02099	0.02927	0.61199	0.05855	0.14241	0.01594	0.00895	0.00241	0.00361	0.01398	0.00820	0.00707
40	0.01770	0.01140	0.01184	0.01056	0.01359	0.01231	0.00824	0.13762	0.14669	0.03246	0.02476	0.02647	0.01899	0.00917	0.00618	0.00201	0.00488	0.00732	0.48874	0.00907
41	0.00924	0.00660	0.00880	0.01056	0.01100	0.00616	0.00704	0.01056	0.01452	0.01936	0.04181	0.72848	0.05017	0.02376	0.00968	0.00308	0.00440	0.02156	0.00704	0.00616
42	0.01811	0.01133	0.01177	0.01033	0.01337	0.01211	0.00811	0.17464	0.08056	0.03330	0.02373	0.02586	0.01820	0.00903	0.00607	0.00196	0.00492	0.00715	0.52053	0.00892
43	0.01521	0.03923	0.69413	0.02162	0.03283	0.01762	0.02802	0.02402	0.01601	0.02402	0.01361	0.01601	0.00961	0.00721	0.00721	0.00240	0.01121	0.00560	0.00320	0.01121
44	0.01449	0.01333	0.02192	0.66074	0.04929	0.01654	0.02010	0.02010	0.03995	0.02020	0.01458	0.02085	0.01097	0.00774	0.00750	0.00250	0.00970	0.00682	0.03418	0.00851
45	0.01855	0.01779	0.03038	0.08016	0.65426	0.01796	0.02317	0.02308	0.01717	0.02451	0.01423	0.01885	0.01192	0.00680	0.00751	0.00227	0.00907	0.00676	0.00374	0.01183
46	0.01573	0.01348	0.01573	0.01123	0.01798	0.01011	0.00899	0.01910	0.01573	0.02472	0.01348	0.01573	0.01123	0.00562	0.00562	0.00112	0.00562	0.00449	0.00449	0.77980
47	0.01573	0.01348	0.01573	0.01123	0.01798	0.01011	0.00899	0.01910	0.01573	0.02472	0.01348	0.01573	0.01123	0.00562	0.00562	0.00112	0.00562	0.00449	0.00449	0.77980
48	0.01918	0.05078	0.01899	0.01644	0.01926	0.30568	0.03617	0.02165	0.01646	0.01830	0.01560	0.02127	0.01398	0.03008	0.32161	0.00664	0.04949	0.00654	0.00392	0.00795
49	0.01533	0.01474	0.02081	0.01822	0.01852	0.02022	0.01504	0.01722	0.01174	0.01811	0.01223	0.01949	0.01193	0.02284	0.17362	0.00526	0.56627	0.00696	0.00348	0.00796
50	0.02006	0.70787	0.06796	0.01335	0.02004	0.02948	0.01363	0.02277	0.01544	0.01811	0.01068	0.01233	0.00973	0.00652	0.00497	0.00166	0.00825	0.00412	0.00324	0.00980
51	0.02284	0.01780	0.01904	0.01602	0.02098	0.02009	0.01277	0.24712	0.43198	0.06553	0.02661	0.02483	0.01955	0.00986	0.00767	0.00246	0.00680	0.00795	0.00775	0.01234
52	0.01374	0.00714	0.00736	0.00732	0.00901	0.00709	0.00542	0.01712	0.01613	0.02786	0.07634	0.03143	0.02389	0.04060	0.00702	0.00206	0.00370	0.00776	0.68204	0.00697
53	0.01573	0.01348	0.01573	0.01123	0.01798	0.01011	0.00899	0.01910	0.01573	0.02472	0.01348	0.01573	0.01123	0.00562	0.00562	0.00112	0.00562	0.00449	0.00449	0.77980
54	0.17781	0.10549	0.34314	0.02086	0.07882	0.01877	0.07992	0.02397	0.01579	0.05062	0.01347	0.01583	0.01004	0.00707	0.00663	0.00231	0.00956	0.00560	0.00385	0.01046
55	0.00935	0.00674	0.00886	0.01035	0.01099	0.00625	0.00699	0.01087	0.01519	0.02028	0.09368	0.64615	0.08039	0.02291	0.00959	0.00300	0.00431	0.02070	0.00714	0.00625
56	0.01835	0.01898	0.05324	0.02690	0.13025	0.01882	0.26767	0.03086	0.29289	0.02749	0.02165	0.02334	0.01642	0.00812	0.00815	0.00251	0.00930	0.00834	0.00543	0.01128
57	0.00968	0.00730	0.01061	0.01164	0.01244	0.00682	0.03978	0.01125	0.01469	0.01961	0.04048	0.69290	0.04822	0.02289	0.00964	0.00305	0.00482	0.02093	0.00688	0.00637
58	0.01659	0.01659	0.02323	0.01991	0.01991	0.02323	0.01659	0.01825	0.01162	0.01825	0.00996	0.01659	0.00996	0.01328	0.02489	0.00332	0.71955	0.00664	0.00332	0.00830
59	0.01659	0.01659	0.02323	0.01991	0.01991	0.02323	0.01659	0.01825	0.01162	0.01825	0.00996	0.01659	0.00996	0.01328	0.02489	0.00332	0.71955	0.00664	0.00332	0.00830
60	0.00898	0.00763	0.00774	0.00783	0.01028	0.00639	0.00583	0.01087	0.01715	0.02043	0.07508	0.10594	0.65124	0.01944	0.00900	0.00259	0.00387	0.01629	0.00704	0.00639
61	0.01903	0.01894	0.02916	0.11893	0.56344	0.07169	0.02235	0.02339	0.01737	0.02369	0.01398	0.01853	0.01163	0.00693	0.00746	0.00226	0.00950	0.00661	0.00372	0.01136
62	0.00896	0.00768	0.00768	0.00768	0.01025	0.00640	0.00576	0.01089	0.01729	0.02049	0.07684	0.07300	0.68304	0.01921	0.00896	0.00256	0.00384	0.01601	0.00704	0.00640
63	0.02059	0.07480	0.05215	0.01663	0.02069	0.07209	0.06751	0.02600	0.09708	0.15974	0.11668	0.02744	0.04698	0.01082	0.01121	0.00252	0.15291	0.00824	0.00603	0.00990
64	0.02028	0.73799	0.03975	0.01298	0.01947	0.03001	0.01298	0.02271	0.01541	0.01785	0.01055	0.01217	0.00973	0.00649	0.00487	0.00162	0.00811	0.00406	0.00324	0.00973
65	0.01103	0.00735	0.00827	0.00827	0.00827	0.00735	0.00460	0.01103	0.01103	0.01471	0.02390	0.04964	0.02758	0.73343	0.03861	0.00735	0.00735	0.01103	0.00460	0.00460
66	0.01753	0.01309	0.01365	0.01242	0.01585	0.01470	0.00963	0.05793	0.40274	0.03113	0.02807	0.02787	0.02135	0.00970	0.00682	0.00226	0.00519	0.00795	0.29191	0.01022
67	0.02021	0.01334	0.01619	0.01179	0.01832	0.01037	0.00952	0.02348	0.01719	0.18811	0.01751	0.01820	0.01308	0.00654	0.00611	0.00142	0.00582	0.00526	0.00569	0.59184
68	0.01573	0.01348	0.01573	0.01123	0.01798	0.01011	0.00899	0.01910	0.01573	0.02472	0.01348	0.01573	0.01123	0.00562	0.00562	0.00112	0.00562	0.00449	0.00449	0.77980
69	0.02439	0.01899	0.02095	0.07515	0.02469	0.02146	0.01419	0.40636	0.24003	0.04022	0.02191	0.02164	0.01599	0.00936	0.00763	0.00239	0.00774	0.00739	0.00728	0.01224
70	0.01532	0.04031	0.01617	0.01194	0.01662	0.01134	0.03888	0.06195	0.01621	0.02332	0.02030	0.02977	0.04695	0.18556	0.01432	0.00298	0.00664	0.03309	0.00487	0.40346
71	0.05184	0.25882	0.10712	0.01565	0.02222	0.06820	0.01475	0.20359	0.04634	0.08763	0.01572	0.01637	0.01191	0.00777	0.00641	0.00202	0.00850	0.00557	0.00531	0.04424
72	0.01790	0.02046	0.04476	0.03197	0.03964	0.01918	0.65857	0.02430	0.01790	0.02430	0.01535	0.02046	0.01151	0.00639	0.00895	0.00256	0.01279	0.00895	0.00384	0.01023
73	0.00912	0.00773	0.00790	0.00798	0.01050	0.00651	0.00607	0.01111	0.01730	0.02059	0.07512	0.07359	0.65307	0.01929	0.00904	0.00260	0.00399	0.04502	0.00704	0.00643
74	0.02042	0.41968	0.09040	0.02024	0.10059	0.11536	0.06650	0.02384	0.01654	0.01979	0.01175	0.01428	0.01014	0.00700	0.00670	0.00194	0.03633	0.00509	0.00344	0.00998
75	0.01532	0.01492	0.02311	0.57739	0.07281	0.05115	0.04351	0.02072	0.03996	0.02019	0.01515	0.04551	0.01214	0.00820	0.00767	0.00251	0.00999	0.00733	0.00372	0.00870
76	0.01103	0.00735	0.00827	0.00827	0.00827	0.00735	0.00460	0.01103	0.01103	0.01471	0.02390	0.04964	0.02758	0.73343	0.03861	0.00735	0.00735	0.01103	0.00460	0.00460
77	0.00924	0.00660	0.00880	0.01056	0.01100	0.00616	0.00704	0.01056	0.01452	0.01936	0.04181	0.72848	0.05017	0.02376	0.00968	0.00308	0.00440	0.02156	0.00704	0.00616
78	0.02759	0.01974	0.02140	0.01679	0.02255	0.02174	0.01375	0.50624	0.14123	0.09731	0.02128	0.02052	0.01509	0.00933	0.00761	0.00233	0.00780	0.00719	0.00776	0.01275
79	0.00910	0.00769	0.00787	0.00782	0.01033	0.00646	0.00587	0.01115	0.01761	0.02124	0.12267	0.07176	0.63674	0.01893	0.00896	0.00255	0.00382	0.01583	0.00714	0.00646
80	0.01064	0.00775	0.01000	0.00944	0.01127	0.00712	0.00708	0.01412	0.02124	0.02987	0.64876	0.05756	0.10526	0.01571	0.00895	0.00240	0.00359	0.01384	0.00828	0.00712
81	0.01560	0.09199	0.64473	0.02097	0.03182	0.01855	0.02689	0.02392	0.01597	0.02355	0.01338	0.01572	0.00962	0.00715	0.00703	0.00234	0.01098	0.00549	0.00321	0.01110
82	0.04525	0.21350	0.44262	0.02069	0.06189	0.02082	0.04966	0.02360	0.01589	0.02288	0.01283	0.01523	0.00979	0.00696	0.00661	0.00220	0.01018	0.00536	0.00332	0.01072
83	0.06631	0.01329	0.01751	0.01349	0.01931	0.01185	0.01114	0.05920	0.02184	0.63944	0.02866	0.02496	0.01811	0.00928	0.00750	0.00234	0.00650	0.00745	0.00912	0.01271
84	0.02833	0.03615	0.02149	0.01954	0.02345	0.70298	0.01466	0.03029	0.02149	0.01856	0.01172	0.01368	0.00977	0.00782	0.00684	0.00195	0.01368	0.00489	0.00391	0.00879
85	0.02783	0.01561	0.01839	0.01460	0.01981	0.01590	0.01187	0.27901	0.06910	0.30374	0.05642	0.06324	0.02098	0.01040	0.00771	0.00236	0.00682	0.00841	0.03583	0.01200
86	0.01898	0.01794	0.03008	0.07670	0.62925	0.01819	0.02281	0.04922	0.01793	0.02547	0.01439	0.01882	0.01196	0.00689	0.00752	0.00227	0.00904	0.00676	0.00389	0.01188
87	0.72212	0.01509	0.01248	0.01187	0.04399	0.01733	0.00912	0.04909	0.01405	0.03421	0.01104	0.01285	0.00857	0.00712	0.00494	0.00234	0.00611	0.00434	0.00477	0.00857
88	0.01565	0.03622	0.58984	0.02328	0.03392	0.01787	0.12929	0.02407	0.01632	0.02407	0.01389	0.01673	0.00991	0.00708	0.00749	0.00243	0.01146	0.00614	0.00330	0.01105
89	0.70190	0.01477	0.01206	0.01051	0.01535	0.01680	0.00866	0.04629	0.01440	0.08513	0.01233	0.01357	0.00920	0.00730	0.00502	0.00234	0.00600	0.00448	0.00516	0.00874
90	0.01160	0.00794	0.01042	0.00969	0.01163	0.00730	0.00730	0.01515	0.02148	0.05487	0.65799	0.05552	0.06962	0.01528	0.00890	0.00238	0.00368	0.01349	0.00839	0.00737
91	0.13215	0.01314	0.01676	0.01304	0.01875	0.01191	0.01077	0.03505	0.02056	0.60571	0.02740	0.02406	0.01740	0.00908	0.00725	0.00235	0.00638	0.00717	0.00878	0.01230
92	0.01074	0.00775	0.01014	0.00954	0.01133	0.00716	0.00716	0.01431	0.02147	0.03042	0.68211	0.05666	0.07157	0.01551	0.00895	0.00239	0.00358	0.01372	0.00835	0.00716
93	0.01659	0.01659	0.02323	0.01991	0.01991	0.02323	0.01659	0.01825	0.01162	0.01825	0.00996	0.01659	0.00996	0.01328	0.02489	0.00332	0.71955	0.00664	0.00332	0.00830
94	0.01414	0.00707	0.00707	0.00707	0.00884	0.00707	0.00530	0.01767	0.01591	0.02828	0.02474	0.02828	0.01944	0.00884	0.00530	0.00177	0.00353	0.00707	0.77554	0.00707
95	0.01126	0.00804	0.01112	0.01287	0.01419	0.00790	0.01055	0.01405	0.01651	0.02162	0.04069	0.29338	0.04576	0.02186	0.01022	0.00336	0.00615	0.43675	0.00700	0.00672
96	0.01629	0.01618	0.02263	0.01953	0.01954	0.02253	0.01620	0.01794	0.01174	0.01830	0.01128	0.04608	0.01162	0.01371	0.02426	0.00331	0.68993	0.00726	0.00347	0.00821
97	0.78701	0.01467	0.01115	0.00997	0.01467	0.01702	0.00821	0.02230	0.01291	0.03403	0.01056	0.01232	0.00821	0.00704	0.00469	0.00235	0.00587	0.00411	0.00469	0.00821
98	0.01424	0.01279	0.01737	0.01545	0.01559	0.01679	0.01208	0.01549	0.01150	0.01708	0.01543	0.02833	0.01643	0.24273	0.10260	0.00554	0.42162	0.00817	0.00380	0.00698
99	0.78701	0.01467	0.01115	0.00997	0.01467	0.01702	0.00821	0.02230	0.01291	0.03403	0.01056	0.01232	0.00821	0.00704	0.00469	0.00235	0.00587	0.00411	0.00469	0.00821
100	0.01432	0.01348	0.02275	0.71520	0.05224	0.01685	0.02107	0.01938	0.01517	0.01938	0.01348	0.02022	0.01011	0.00758	0.00758	0.00253	0.01011	0.00674	0.00337	0.00843
101	0.01887	0.01629	0.01715	0.01544	0.01972	0.01887	0.01201	0.04031	0.67241	0.03173	0.03087	0.02830	0.02315	0.01029	0.00772	0.00257	0.00600	0.00858	0.00772	0.01201
102	0.78701	0.01467	0.01115	0.00997	0.01467	0.01702	0.00821	0.02230	0.01291	0.03403	0.01056	0.01232	0.00821	0.00704	0.00469	0.00235	0.00587	0.00411	0.00469	0.00821
103	0.01887	0.01629	0.01715	0.01544	0.01972	0.01887	0.01201	0.04031	0.67241	0.03173	0.03087	0.02830	0.02315	0.01029	0.00772	0.00257	0.00600	0.00858	0.00772	0.01201
104	0.01222	0.00873	0.01222	0.01397	0.01572	0.00873	0.01222	0.01572	0.01746	0.02270	0.04016	0.08556	0.04365	0.02095	0.01048	0.00349	0.00698	0.63506	0.00698	0.00698
105	0.00924	0.00660	0.00880	0.01056	0.01100	0.00616	0.00704	0.01056	0.01452	0.01936	0.04181	0.72848	0.05017	0.02376	0.00968	0.00308	0.00440	0.02156	0.00704	0.00616
106	0.03403	0.01291	0.01760	0.01350	0.01936	0.01115	0.01115	0.03697	0.02171	0.69137	0.02992	0.02582	0.01878	0.00939	0.00763	0.00235	0.00645	0.00763	0.00939	0.01291
107	0.01414	0.00707	0.00707	0.00707	0.00884	0.00707	0.00530	0.01767	0.01591	0.02828	0.02474	0.02828	0.01944	0.00884	0.00530	0.00177	0.00353	0.00707	0.77554	0.00707
108	0.01084	0.00813	0.01219	0.01219	0.01354	0.00948	0.00948	0.01354	0.01219	0.01761	0.02032	0.02980	0.01896	0.05689	0.70337	0.01219	0.02032	0.00813	0.00406	0.00677
109	0.00924	0.00660	0.00880	0.01056	0.01100	0.00616	0.00704	0.01056	0.01452	0.01936	0.04181	0.72848	0.05017	0.02376	0.00968	0.00308	0.00440	0.02156	0.00704	0.00616
110	0.01074	0.00775	0.01014	0.00954	0.01133	0.00716	0.00716	0.01431	0.02147	0.03042	0.68211	0.05666	0.07157	0.01551	0.00895	0.00239	0.00358	0.01372	0.00835	0.00716
111	0.01863	0.01890	0.05833	0.04552	0.65899	0.01801	0.02348	0.02331	0.01722	0.02475	0.01424	0.01866	0.01191	0.00678	0.00750	0.00226	0.00910	0.00671	0.00373	0.01198
112	0.02047	0.01778	0.02019	0.02088	0.12827	0.04429	0.01431	0.13081	0.42058	0.03223	0.02590	0.02683	0.02006	0.00985	0.00774	0.00249	0.00717	0.03144	0.00689	0.01184
113	0.01497	0.01426	0.02450	0.61292	0.12415	0.01707	0.04550	0.02001	0.01551	0.02018	0.01364	0.02007	0.01038	0.00744	0.00763	0.00250	0.01009	0.00683	0.00343	0.00890
114	0.01877	0.01802	0.03079	0.04656	0.68612	0.01802	0.02328	0.02328	0.01727	0.02478	0.01427	0.01877	0.01201	0.00676	0.00751	0.00225	0.00901	0.00676	0.00375	0.01201
115	0.00951	0.00771	0.00854	0.00904	0.01120	0.00673	0.00694	0.01160	0.01695	0.02069	0.06652	0.16083	0.50030	0.02008	0.00929	0.00277	0.00441	0.11339	0.00703	0.00646
116	0.02712	0.01993	0.02149	0.01681	0.02261	0.02193	0.01376	0.52159	0.13323	0.07019	0.02050	0.02001	0.01467	0.00920	0.00755	0.00229	0.00783	0.00706	0.00759	0.03464
117	0.78701	0.01467	0.01115	0.00997	0.01467	0.01702	0.00821	0.02230	0.01291	0.03403	0.01056	0.01232	0.00821	0.00704	0.00469	0.00235	0.00587	0.00411	0.00469	0.00821
118	0.01017	0.00784	0.00848	0.00832	0.01078	0.00668	0.00624	0.01236	0.01796	0.04671	0.16642	0.09947	0.53497	0.01849	0.00895	0.00255	0.00392	0.01561	0.00733	0.00675
119	0.01958	0.64106	0.13052	0.01418	0.02132	0.02829	0.01507	0.02289	0.01550	0.01870	0.01097	0.01270	0.00972	0.00659	0.00519	0.00173	0.00854	0.00427	0.00324	0.00994
120	0.03403	0.01291	0.01760	0.01350	0.01936	0.01115	0.01115	0.03697	0.02171	0.69137	0.02992	0.02582	0.01878	0.00939	0.00763	0.00235	0.00645	0.00763	0.00939	0.01291
121	0.00896	0.00768	0.00768	0.00768	0.01025	0.00640	0.00576	0.01089	0.01729	0.02049	0.07684	0.07300	0.68304	0.01921	0.00896	0.00256	0.00384	0.01601	0.00704	0.00640
122	0.02759	0.03146	0.02242	0.02241	0.10709	0.53585	0.01546	0.05422	0.02152	0.07316	0.01372	0.01545	0.01088	0.00785	0.00701	0.00204	0.01232	0.00541	0.00446	0.00968
123	0.01518	0.03826	0.66866	0.04793	0.03357	0.01759	0.02776	0.02385	0.01598	0.02385	0.01361	0.01617	0.00963	0.00722	0.00722	0.00241	0.01117	0.00565	0.00321	0.01110
124	0.00896	0.00768	0.00768	0.00768	0.01025	0.00640	0.00576	0.01089	0.01729	0.02049	0.07684	0.07300	0.68304	0.01921	0.00896	0.00256	0.00384	0.01601	0.00704	0.00640
125	0.01432	0.01348	0.02275	0.71520	0.05224	0.01685	0.02107	0.01938	0.01517	0.01938	0.01348	0.02022	0.01011	0.00758	0.00758	0.00253	0.01011	0.00674	0.00337	0.00843
126	0.01597	0.01571	0.04981	0.55459	0.09561	0.01759	0.04973	0.06972	0.01706	0.02238	0.01399	0.01981	0.01051	0.00757	0.00763	0.00248	0.01006	0.00681	0.00374	0.00922
127	0.00982	0.00750	0.00916	0.01025	0.01179	0.00684	0.00774	0.01186	0.01624	0.02055	0.05470	0.33383	0.28832	0.02140	0.00959	0.00298	0.00478	0.15921	0.00703	0.00644
128	0.01432	0.01348	0.02275	0.71520	0.05224	0.01685	0.02107	0.01938	0.01517	0.01938	0.01348	0.02022	0.01011	0.00758	0.00758	0.00253	0.01011	0.00674	0.00337	0.00843
129	0.01829	0.01571	0.02349	0.29422	0.07682	0.01737	0.06327	0.11260	0.01842	0.05392	0.01466	0.01892	0.01128	0.00804	0.00929	0.00232	0.08882	0.00656	0.00448	0.14151
130	0.78701	0.01467	0.01115	0.00997	0.01467	0.01702	0.00821	0.02230	0.01291	0.03403	0.01056	0.01232	0.00821	0.00704	0.00469	0.00235	0.00587	0.00411	0.00469	0.00821
131	0.02883	0.02125	0.02276	0.01745	0.02352	0.02352	0.01442	0.66082	0.03566	0.04780	0.01821	0.01821	0.01290	0.00911	0.00759	0.00228	0.00835	0.00683	0.00759	0.01290
132	0.00896	0.00768	0.00768	0.00768	0.01025	0.00640	0.00576	0.01089	0.01729	0.02049	0.07684	0.07300	0.68304	0.01921	0.00896	0.00256	0.00384	0.01601	0.00704	0.00640
133	0.01521	0.03923	0.69413	0.02162	0.03283	0.01762	0.02802	0.02402	0.01601	0.02402	0.01361	0.01601	0.00961	0.00721	0.00721	0.00240	0.01121	0.00560	0.00320	0.01121
134	0.01887	0.01629	0.01715	0.01544	0.01972	0.01887	0.01201	0.04031	0.67241	0.03173	0.03087	0.02830	0.02315	0.01029	0.00772	0.00257	0.00600	0.00858	0.00772	0.01201
135	0.01758	0.01706	0.02411	0.15939	0.02820	0.04649	0.07029	0.07447	0.04377	0.02205	0.01321	0.01872	0.01130	0.01268	0.04532	0.00329	0.37217	0.00695	0.00398	0.00899
136	0.01595	0.14106	0.59877	0.02036	0.03088	0.01942	0.02583	0.02383	0.01593	0.02312	0.01317	0.01545	0.00963	0.00710	0.00687	0.00229	0.01076	0.00538	0.00321	0.01099
137	0.01790	0.02046	0.04476	0.03197	0.03964	0.01918	0.65857	0.02430	0.01790	0.02430	0.01535	0.02046	0.01151	0.00639	0.00895	0.00256	0.01279	0.00895	0.00384	0.01023
138	0.01521	0.03923	0.69413	0.02162	0.03283	0.01762	0.02802	0.02402	0.01601	0.02402	0.01361	0.01601	0.00961	0.00721	0.00721	0.00240	0.01121	0.00560	0.00320	0.01121
139	0.01859	0.01853	0.03369	0.04353	0.55198	0.01826	0.15509	0.02349	0.01740	0.02468	0.01449	0.01912	0.01191	0.00668	0.00781	0.00232	0.00979	0.00721	0.00377	0.01164
140	0.02874	0.01248	0.01666	0.01381	0.01877	0.01139	0.01152	0.05576	0.04581	0.50401	0.03165	0.03802	0.02388	0.01181	0.00822	0.00259	0.00662	0.13782	0.00876	0.01165
141	0.01187	0.00803	0.01035	0.00961	0.01168	0.00731	0.00726	0.01528	0.02114	0.06602	0.59624	0.05631	0.11911	0.01548	0.00888	0.00240	0.00376	0.01357	0.00830	0.00741
142	0.01118	0.00832	0.01128	0.01158	0.04851	0.00776	0.00805	0.01481	0.02124	0.03011	0.64532	0.05457	0.06829	0.01502	0.00887	0.00238	0.00388	0.01333	0.00810	0.00742
143	0.01783	0.02025	0.04357	0.03131	0.03855	0.01940	0.62320	0.02396	0.01756	0.02396	0.01505	0.02025	0.01142	0.00677	0.00983	0.00260	0.05173	0.00882	0.00381	0.01012
144	0.01093	0.00734	0.00843	0.00853	0.00859	0.00736	0.00489	0.01109	0.01126	0.01506	0.02477	0.08640	0.02854	0.67236	0.05860	0.00728	0.00761	0.01152	0.00471	0.00475
145	0.01283	0.01036	0.01455	0.01375	0.01523	0.01263	0.01089	0.03962	0.04934	0.01960	0.01923	0.02726	0.01759	0.04586	0.53519	0.00993	0.12647	0.00788	0.00428	0.00752
146	0.01864	0.01998	0.04043	0.02911	0.03628	0.01921	0.54232	0.07699	0.01901	0.02604	0.01526	0.01985	0.01155	0.00686	0.00931	0.00249	0.04129	0.00843	0.00416	0.05278
147	0.01533	0.01525	0.02700	0.48693	0.04527	0.01820	0.14155	0.02015	0.01518	0.02015	0.01334	0.01975	0.01035	0.00816	0.01029	0.00265	0.11108	0.00715	0.00345	0.00875
148	0.01791	0.01625	0.01505	0.01356	0.01735	0.09634	0.01048	0.08097	0.33218	0.02830	0.03948	0.03765	0.19645	0.01220	0.00780	0.00243	0.00639	0.00989	0.04938	0.00993
149	0.01869	0.01957	0.06667	0.07446	0.60002	0.04019	0.02316	0.02337	0.01724	0.02429	0.01411	0.01852	0.01172	0.00685	0.00747	0.00226	0.00933	0.00663	0.00371	0.01170

[dist]
# distance from previous block
# <min> <max>
0	17

# created by:
# /st0/software/busco_prod/Augustus/scripts/msa2prfl.pl ./align_prep/122037.fa
