[name]
unknown

[dist]
# distance from previous block
# <min> <max>
1	101

[block]
# block no. 0 follows, 24 sequences, length 94
# corresponding to MSA columns:
# 114-133,135-208
name=unknown_A
#
# <colnr> <probs for GDERKNQSTAVLIFYWHMCP>
#	G	D	E	R	K	N	Q	S	T	A	V	L	I	F	Y	W	H	M	C	P
0	0.02082	0.05365	0.02614	0.03150	0.33930	0.06634	0.01814	0.08396	0.04505	0.05899	0.04364	0.02553	0.07115	0.00932	0.00860	0.00235	0.04003	0.00788	0.00521	0.04240
1	0.01113	0.00825	0.01096	0.04428	0.01387	0.00782	0.00812	0.01457	0.02100	0.02930	0.52993	0.14191	0.09486	0.01707	0.00938	0.00260	0.00420	0.01513	0.00824	0.00738
2	0.01775	0.01584	0.04993	0.01294	0.01992	0.01203	0.01097	0.04645	0.01741	0.05192	0.01485	0.01700	0.01199	0.00653	0.00679	0.00142	0.02976	0.00506	0.00492	0.64650
3	0.55449	0.08263	0.15201	0.01321	0.01968	0.01910	0.01329	0.02372	0.01439	0.03195	0.01170	0.01366	0.00903	0.00735	0.00546	0.00240	0.00749	0.00461	0.00445	0.00937
4	0.01963	0.01884	0.03219	0.04867	0.67185	0.01884	0.02434	0.02434	0.01806	0.02591	0.01492	0.01963	0.01256	0.00707	0.00785	0.00236	0.00942	0.00707	0.00393	0.01256
5	0.01920	0.01841	0.03143	0.10790	0.61592	0.01873	0.02413	0.02397	0.01786	0.02540	0.01484	0.01976	0.01238	0.00714	0.00786	0.00238	0.00952	0.00706	0.00389	0.01222
6	0.01121	0.00838	0.01249	0.01262	0.01397	0.00966	0.00973	0.01394	0.01292	0.01854	0.02285	0.08033	0.02217	0.05699	0.64108	0.01206	0.02005	0.00950	0.00447	0.00703
7	0.02962	0.03779	0.02247	0.02043	0.02451	0.68948	0.01532	0.03166	0.02247	0.01941	0.01226	0.01430	0.01021	0.00817	0.00715	0.00204	0.01430	0.00511	0.00409	0.00919
8	0.01478	0.00739	0.00739	0.00739	0.00924	0.00739	0.00554	0.01848	0.01663	0.02956	0.02587	0.02956	0.02033	0.00924	0.00554	0.00185	0.00370	0.00739	0.76534	0.00739
9	0.02962	0.03779	0.02247	0.02043	0.02451	0.68948	0.01532	0.03166	0.02247	0.01941	0.01226	0.01430	0.01021	0.00817	0.00715	0.00204	0.01430	0.00511	0.00409	0.00919
10	0.01189	0.04966	0.01440	0.01279	0.01452	0.01114	0.01012	0.01471	0.01294	0.01842	0.02065	0.03010	0.01927	0.05645	0.65061	0.01211	0.02051	0.00825	0.00420	0.00726
11	0.01972	0.01703	0.01793	0.01614	0.02062	0.01972	0.01255	0.04214	0.65752	0.03317	0.03228	0.02959	0.02421	0.01076	0.00807	0.00269	0.00628	0.00897	0.00807	0.01255
12	0.77733	0.01534	0.01166	0.01043	0.01534	0.01779	0.00859	0.02331	0.01350	0.03558	0.01104	0.01288	0.00859	0.00736	0.00491	0.00245	0.00613	0.00429	0.00491	0.00859
13	0.01657	0.01421	0.01650	0.01191	0.01886	0.01092	0.00952	0.02081	0.04094	0.02612	0.01479	0.01695	0.01222	0.00606	0.00596	0.00123	0.00589	0.00486	0.00483	0.74086
14	0.01875	0.01402	0.01668	0.01203	0.01897	0.01070	0.00967	0.02222	0.01720	0.10443	0.01617	0.01772	0.01270	0.00635	0.00613	0.00133	0.00598	0.00509	0.00532	0.67856
15	0.01352	0.01236	0.01995	0.08501	0.14607	0.01199	0.09605	0.01721	0.01823	0.02410	0.12945	0.12530	0.21567	0.01476	0.00909	0.00269	0.00706	0.03675	0.00609	0.00865
16	0.01691	0.01437	0.01669	0.01197	0.01899	0.01105	0.00959	0.04112	0.01715	0.02666	0.01426	0.01653	0.01180	0.00600	0.00594	0.00122	0.00597	0.00478	0.00481	0.74421
17	0.00966	0.00690	0.00920	0.01104	0.01150	0.00644	0.00736	0.01104	0.01518	0.02024	0.04371	0.71614	0.05245	0.02484	0.01012	0.00322	0.00460	0.02254	0.00736	0.00644
18	0.01733	0.10921	0.11147	0.01650	0.02341	0.03905	0.08030	0.02164	0.01675	0.02401	0.01586	0.04166	0.01401	0.00801	0.00761	0.00188	0.03765	0.03290	0.00440	0.37634
19	0.01947	0.02188	0.15656	0.05466	0.08148	0.06282	0.01653	0.02413	0.01747	0.09098	0.01563	0.01799	0.01203	0.00739	0.00780	0.00194	0.04302	0.00574	0.00471	0.33777
20	0.04428	0.27647	0.43658	0.01906	0.02884	0.02287	0.02315	0.02458	0.01641	0.02325	0.01301	0.01522	0.01004	0.00727	0.00660	0.00223	0.01041	0.00525	0.00342	0.01108
21	0.64806	0.04119	0.01390	0.01123	0.01638	0.01801	0.00934	0.05207	0.01549	0.09538	0.01328	0.01446	0.00989	0.00766	0.00533	0.00242	0.00639	0.00476	0.00544	0.00932
22	0.01446	0.01358	0.02344	0.01948	0.02213	0.01561	0.16110	0.01795	0.01402	0.02021	0.01752	0.02567	0.01582	0.03652	0.37652	0.00823	0.17707	0.00834	0.00401	0.00830
23	0.08369	0.21635	0.34254	0.01842	0.02701	0.02122	0.04485	0.02370	0.01643	0.02443	0.04130	0.01736	0.01293	0.00781	0.00739	0.00226	0.03496	0.00578	0.00382	0.04772
24	0.00975	0.00697	0.00928	0.01098	0.01152	0.00650	0.00737	0.01127	0.01560	0.02091	0.07950	0.67846	0.05373	0.02435	0.01008	0.00318	0.00455	0.02207	0.00744	0.00650
25	0.00982	0.00702	0.00934	0.01093	0.01154	0.00655	0.00737	0.01144	0.01592	0.02142	0.10724	0.64925	0.05473	0.02396	0.01004	0.00315	0.00451	0.02171	0.00750	0.00655
26	0.02019	0.01493	0.02110	0.05285	0.07750	0.01553	0.08462	0.03098	0.25723	0.14156	0.08290	0.11309	0.02809	0.01186	0.00853	0.00266	0.00722	0.01069	0.00731	0.01115
27	0.01618	0.07687	0.64680	0.02213	0.03359	0.01909	0.02848	0.02504	0.01671	0.02478	0.01406	0.01653	0.01005	0.00749	0.00741	0.00247	0.01155	0.00577	0.00335	0.01164
28	0.00964	0.00697	0.00913	0.01087	0.01146	0.00646	0.00728	0.01106	0.01535	0.02031	0.04581	0.67944	0.08779	0.02457	0.01008	0.00319	0.00457	0.02221	0.00736	0.00646
29	0.01478	0.00739	0.00739	0.00739	0.00924	0.00739	0.00554	0.01848	0.01663	0.02956	0.02587	0.02956	0.02033	0.00924	0.00554	0.00185	0.00370	0.00739	0.76534	0.00739
30	0.01644	0.01409	0.01644	0.01175	0.01879	0.01057	0.00940	0.01997	0.01644	0.02584	0.01409	0.01644	0.01175	0.00587	0.00587	0.00117	0.00587	0.00470	0.00470	0.76979
31	0.72259	0.01525	0.01253	0.06010	0.01816	0.01778	0.00955	0.02309	0.01366	0.03448	0.01126	0.01347	0.00873	0.00740	0.00512	0.00247	0.00645	0.00449	0.00481	0.00860
32	0.01083	0.00785	0.01093	0.01152	0.01240	0.00843	0.00825	0.01273	0.01332	0.01849	0.02903	0.25313	0.03173	0.15855	0.36495	0.00886	0.01368	0.01348	0.00533	0.00650
33	0.02156	0.49042	0.03299	0.01367	0.01937	0.08640	0.01261	0.02430	0.01824	0.07471	0.11720	0.02143	0.02123	0.00866	0.00619	0.00192	0.00812	0.00623	0.00483	0.00993
34	0.01133	0.00850	0.01274	0.01274	0.01416	0.00991	0.00991	0.01416	0.01274	0.01841	0.02124	0.03115	0.01982	0.05947	0.68989	0.01274	0.02124	0.00850	0.00425	0.00708
35	0.66300	0.01726	0.06576	0.01167	0.01721	0.01740	0.01047	0.02456	0.01442	0.08082	0.01275	0.01420	0.00950	0.00755	0.00534	0.00246	0.00663	0.00468	0.00513	0.00919
36	0.02730	0.19343	0.02662	0.01869	0.02341	0.51231	0.01481	0.03029	0.04714	0.01980	0.01280	0.01457	0.01078	0.00796	0.00672	0.00199	0.01265	0.00507	0.00409	0.00955
37	0.01713	0.07361	0.02855	0.42928	0.06947	0.06690	0.12187	0.02209	0.01723	0.02170	0.04641	0.02185	0.01401	0.00803	0.00795	0.00251	0.01075	0.00742	0.00391	0.00933
38	0.02874	0.02198	0.04865	0.06735	0.02694	0.02331	0.01597	0.55123	0.03435	0.07335	0.01902	0.01944	0.01340	0.00934	0.00792	0.00241	0.00889	0.00712	0.00752	0.01308
39	0.01010	0.00730	0.00956	0.01061	0.01157	0.00675	0.00734	0.01219	0.01741	0.02364	0.22598	0.49888	0.08492	0.02214	0.00987	0.00299	0.00433	0.01992	0.00776	0.00675
40	0.01478	0.00739	0.00739	0.00739	0.00924	0.00739	0.00554	0.01848	0.01663	0.02956	0.02587	0.02956	0.02033	0.00924	0.00554	0.00185	0.00370	0.00739	0.76534	0.00739
41	0.01478	0.00739	0.00739	0.00739	0.00924	0.00739	0.00554	0.01848	0.01663	0.02956	0.02587	0.02956	0.02033	0.00924	0.00554	0.00185	0.00370	0.00739	0.76534	0.00739
42	0.02398	0.49859	0.03525	0.01584	0.02173	0.24889	0.01415	0.02636	0.01821	0.01890	0.01143	0.01324	0.01019	0.00724	0.00577	0.00181	0.01040	0.00453	0.00362	0.00985
43	0.01858	0.01255	0.03709	0.01291	0.01667	0.01170	0.01053	0.02672	0.17268	0.16806	0.30568	0.04604	0.07031	0.01369	0.00877	0.00260	0.00544	0.04141	0.00849	0.01007
44	0.02306	0.18203	0.05711	0.02365	0.05722	0.08051	0.24840	0.02889	0.06348	0.13208	0.01812	0.02006	0.01351	0.00769	0.00775	0.00234	0.01052	0.00734	0.00510	0.01115
45	0.01872	0.02139	0.04679	0.03342	0.04144	0.02005	0.64305	0.02540	0.01872	0.02540	0.01604	0.02139	0.01203	0.00668	0.00936	0.00267	0.01337	0.00936	0.00401	0.01070
46	0.00966	0.00690	0.00920	0.01104	0.01150	0.00644	0.00736	0.01104	0.01518	0.02024	0.04371	0.71614	0.05245	0.02484	0.01012	0.00322	0.00460	0.02254	0.00736	0.00644
47	0.01866	0.02004	0.05094	0.25953	0.13121	0.08959	0.14309	0.04984	0.01800	0.02333	0.01530	0.04404	0.01267	0.00883	0.00998	0.00263	0.08049	0.00780	0.00405	0.00997
48	0.01972	0.01703	0.01793	0.01614	0.02062	0.01972	0.01255	0.04214	0.65752	0.03317	0.03228	0.02959	0.02421	0.01076	0.00807	0.00269	0.00628	0.00897	0.00807	0.01255
49	0.00966	0.00690	0.00920	0.01104	0.01150	0.00644	0.00736	0.01104	0.01518	0.02024	0.04371	0.71614	0.05245	0.02484	0.01012	0.00322	0.00460	0.02254	0.00736	0.00644
50	0.01902	0.01828	0.03127	0.04489	0.58388	0.01860	0.04561	0.02357	0.01753	0.02517	0.01513	0.02026	0.01287	0.01034	0.04779	0.00301	0.03962	0.00723	0.00393	0.01202
51	0.52988	0.04783	0.01555	0.01210	0.01746	0.01812	0.01008	0.09686	0.01791	0.14742	0.01545	0.01602	0.01113	0.00801	0.00579	0.00241	0.00664	0.00525	0.00603	0.01007
52	0.02999	0.02674	0.02341	0.01888	0.02457	0.21761	0.01514	0.46724	0.03298	0.04110	0.01707	0.01766	0.01254	0.00913	0.00771	0.00228	0.01034	0.00655	0.00682	0.01224
53	0.00968	0.00713	0.00908	0.01052	0.01139	0.00653	0.00715	0.01127	0.01596	0.02093	0.07653	0.58598	0.15138	0.02371	0.00997	0.00310	0.00447	0.02126	0.00742	0.00653
54	0.01872	0.02139	0.04679	0.03342	0.04144	0.02005	0.64305	0.02540	0.01872	0.02540	0.01604	0.02139	0.01203	0.00668	0.00936	0.00267	0.01337	0.00936	0.00401	0.01070
55	0.00986	0.00721	0.00927	0.01053	0.01146	0.00663	0.00722	0.01167	0.01661	0.02212	0.14164	0.54277	0.12782	0.02299	0.00992	0.00305	0.00440	0.02063	0.00757	0.00663
56	0.01644	0.01409	0.01644	0.01175	0.01879	0.01057	0.00940	0.01997	0.01644	0.02584	0.01409	0.01644	0.01175	0.00587	0.00587	0.00117	0.00587	0.00470	0.00470	0.76979
57	0.00975	0.00698	0.00939	0.01113	0.01164	0.00662	0.00749	0.01120	0.01505	0.02015	0.04253	0.68029	0.05074	0.02666	0.04570	0.00372	0.00547	0.02181	0.00720	0.00647
58	0.01872	0.02139	0.04679	0.03342	0.04144	0.02005	0.64305	0.02540	0.01872	0.02540	0.01604	0.02139	0.01203	0.00668	0.00936	0.00267	0.01337	0.00936	0.00401	0.01070
59	0.01141	0.00783	0.00956	0.00964	0.00997	0.00811	0.00602	0.01208	0.01195	0.01625	0.02500	0.07657	0.02792	0.54755	0.17956	0.00859	0.01048	0.01136	0.00480	0.00537
60	0.00966	0.00690	0.00920	0.01104	0.01150	0.00644	0.00736	0.01104	0.01518	0.02024	0.04371	0.71614	0.05245	0.02484	0.01012	0.00322	0.00460	0.02254	0.00736	0.00644
61	0.03014	0.02221	0.02380	0.01825	0.02459	0.02459	0.01507	0.64541	0.03728	0.04998	0.01904	0.01904	0.01349	0.00952	0.00793	0.00238	0.00873	0.00714	0.00793	0.01349
62	0.01498	0.01409	0.02378	0.70226	0.05462	0.01762	0.02202	0.02026	0.01586	0.02026	0.01409	0.02114	0.01057	0.00793	0.00793	0.00264	0.01057	0.00705	0.00352	0.00881
63	0.01478	0.00739	0.00739	0.00739	0.00924	0.00739	0.00554	0.01848	0.01663	0.02956	0.02587	0.02956	0.02033	0.00924	0.00554	0.00185	0.00370	0.00739	0.76534	0.00739
64	0.01644	0.01409	0.01644	0.01175	0.01879	0.01057	0.00940	0.01997	0.01644	0.02584	0.01409	0.01644	0.01175	0.00587	0.00587	0.00117	0.00587	0.00470	0.00470	0.76979
65	0.03431	0.01553	0.01966	0.01507	0.02126	0.01467	0.01245	0.18005	0.02610	0.53113	0.02843	0.02514	0.01820	0.00975	0.00796	0.00244	0.00721	0.00778	0.00938	0.01349
66	0.01478	0.00739	0.00739	0.00739	0.00924	0.00739	0.00554	0.01848	0.01663	0.02956	0.02587	0.02956	0.02033	0.00924	0.00554	0.00185	0.00370	0.00739	0.76534	0.00739
67	0.01151	0.00776	0.00904	0.00904	0.00917	0.00790	0.00529	0.01178	0.01165	0.01566	0.02463	0.04993	0.02798	0.65876	0.10175	0.00817	0.00897	0.01124	0.00475	0.00502
68	0.01204	0.00894	0.01216	0.01134	0.01216	0.00944	0.03777	0.01328	0.01273	0.01752	0.05492	0.04462	0.02748	0.47062	0.18754	0.00820	0.03787	0.01068	0.00478	0.00590
69	0.02962	0.03779	0.02247	0.02043	0.02451	0.68948	0.01532	0.03166	0.02247	0.01941	0.01226	0.01430	0.01021	0.00817	0.00715	0.00204	0.01430	0.00511	0.00409	0.00919
70	0.01004	0.00706	0.00909	0.01056	0.01092	0.00669	0.00684	0.01114	0.01444	0.01926	0.03992	0.58178	0.04767	0.16572	0.01624	0.00412	0.00523	0.02032	0.00684	0.00611
71	0.01271	0.00909	0.01269	0.01441	0.01624	0.00906	0.01256	0.01637	0.01843	0.02406	0.06772	0.08821	0.04684	0.02167	0.01089	0.00360	0.00716	0.59363	0.00736	0.00731
72	0.02671	0.03074	0.02120	0.01903	0.02336	0.45257	0.01449	0.06998	0.21179	0.02525	0.01859	0.01911	0.01455	0.00902	0.00747	0.00225	0.01160	0.00637	0.00549	0.01044
73	0.00975	0.00694	0.00917	0.01092	0.01136	0.00650	0.00724	0.01107	0.01500	0.02001	0.04279	0.68371	0.05129	0.05885	0.01160	0.00344	0.00475	0.02201	0.00724	0.00636
74	0.01153	0.00769	0.00865	0.00865	0.00865	0.00769	0.00480	0.01153	0.01153	0.01538	0.02499	0.05189	0.02883	0.72131	0.04036	0.00769	0.00769	0.01153	0.00480	0.00480
75	0.01478	0.00739	0.00739	0.00739	0.00924	0.00739	0.00554	0.01848	0.01663	0.02956	0.02587	0.02956	0.02033	0.00924	0.00554	0.00185	0.00370	0.00739	0.76534	0.00739
76	0.01590	0.04102	0.68023	0.02260	0.03432	0.01842	0.02930	0.02511	0.01674	0.02511	0.01423	0.01674	0.01005	0.00753	0.00753	0.00251	0.01172	0.00586	0.00335	0.01172
77	0.00966	0.00690	0.00920	0.01104	0.01150	0.00644	0.00736	0.01104	0.01518	0.02024	0.04371	0.71614	0.05245	0.02484	0.01012	0.00322	0.00460	0.02254	0.00736	0.00644
78	0.01972	0.01703	0.01793	0.01614	0.02062	0.01972	0.01255	0.04214	0.65752	0.03317	0.03228	0.02959	0.02421	0.01076	0.00807	0.00269	0.00628	0.00897	0.00807	0.01255
79	0.01478	0.00739	0.00739	0.00739	0.00924	0.00739	0.00554	0.01848	0.01663	0.02956	0.02587	0.02956	0.02033	0.00924	0.00554	0.00185	0.00370	0.00739	0.76534	0.00739
80	0.03014	0.02221	0.02380	0.01825	0.02459	0.02459	0.01507	0.64541	0.03728	0.04998	0.01904	0.01904	0.01349	0.00952	0.00793	0.00238	0.00873	0.00714	0.00793	0.01349
81	0.01716	0.01452	0.01683	0.01209	0.01910	0.01130	0.00969	0.05270	0.01753	0.02710	0.01435	0.01658	0.01184	0.00606	0.00598	0.00124	0.00602	0.00483	0.00487	0.73021
82	0.01699	0.04788	0.02433	0.22109	0.03058	0.04540	0.01816	0.01981	0.01388	0.01946	0.01269	0.04135	0.01184	0.01198	0.01858	0.00309	0.42323	0.00731	0.00363	0.00872
83	0.01872	0.02139	0.04679	0.03342	0.04144	0.02005	0.64305	0.02540	0.01872	0.02540	0.01604	0.02139	0.01203	0.00668	0.00936	0.00267	0.01337	0.00936	0.00401	0.01070
84	0.03014	0.02221	0.02380	0.01825	0.02459	0.02459	0.01507	0.64541	0.03728	0.04998	0.01904	0.01904	0.01349	0.00952	0.00793	0.00238	0.00873	0.00714	0.00793	0.01349
85	0.01793	0.08768	0.03792	0.06547	0.03453	0.01857	0.42013	0.02325	0.01819	0.04686	0.04859	0.10412	0.01961	0.00944	0.00890	0.00262	0.01103	0.01045	0.00473	0.00999
86	0.01153	0.00769	0.00865	0.00865	0.00865	0.00769	0.00480	0.01153	0.01153	0.01538	0.02499	0.05189	0.02883	0.72131	0.04036	0.00769	0.00769	0.01153	0.00480	0.00480
87	0.01145	0.00828	0.01117	0.01268	0.01415	0.00800	0.01021	0.01429	0.01762	0.02311	0.09346	0.27949	0.09472	0.02224	0.01046	0.00336	0.00596	0.34492	0.00743	0.00701
88	0.02971	0.03530	0.02268	0.02008	0.02453	0.58321	0.01528	0.12976	0.02484	0.02429	0.01334	0.01506	0.01074	0.00839	0.00728	0.00210	0.01341	0.00543	0.00470	0.00988
89	0.14130	0.01385	0.01674	0.01346	0.01881	0.01334	0.01096	0.06068	0.07464	0.42971	0.09829	0.02834	0.02421	0.01022	0.00768	0.00247	0.00637	0.00818	0.00874	0.01202
90	0.01937	0.01680	0.01866	0.01822	0.06702	0.01916	0.01319	0.03975	0.58568	0.03259	0.05697	0.03008	0.02544	0.01072	0.00811	0.00266	0.00640	0.00905	0.00780	0.01235
91	0.05855	0.07279	0.08099	0.03387	0.32185	0.04692	0.10512	0.13248	0.02119	0.02965	0.01516	0.01851	0.01200	0.00751	0.00768	0.00236	0.00997	0.00688	0.00460	0.01191
92	0.01104	0.00779	0.00866	0.00862	0.00934	0.00746	0.00527	0.01176	0.01377	0.01793	0.08572	0.05772	0.17026	0.51659	0.03133	0.00621	0.00660	0.01287	0.00565	0.00542
93	0.02463	0.04810	0.04708	0.04147	0.04602	0.16232	0.01491	0.28115	0.09514	0.03464	0.05722	0.07130	0.01988	0.01054	0.00790	0.00240	0.00926	0.00827	0.00652	0.01125

[dist]
# distance from previous block
# <min> <max>
0	10

[block]
# block no. 1 follows, 24 sequences, length 74
# corresponding to MSA columns:
# 219-292
name=unknown_B
#
# <colnr> <probs for GDERKNQSTAVLIFYWHMCP>
#	G	D	E	R	K	N	Q	S	T	A	V	L	I	F	Y	W	H	M	C	P
0	0.31804	0.08630	0.02174	0.05080	0.09356	0.01917	0.05331	0.04870	0.05896	0.06742	0.01692	0.02224	0.01402	0.00907	0.00775	0.00254	0.04595	0.04829	0.00522	0.00998
1	0.05564	0.04647	0.02006	0.03719	0.06944	0.01895	0.01326	0.10641	0.35681	0.03281	0.05053	0.02546	0.02089	0.00955	0.00754	0.00238	0.00686	0.00783	0.00689	0.10505
2	0.02905	0.09076	0.02435	0.01936	0.02419	0.48020	0.01512	0.17424	0.02541	0.02648	0.01374	0.01528	0.01097	0.00837	0.00716	0.00209	0.01252	0.00551	0.00493	0.01028
3	0.01122	0.00811	0.01060	0.00998	0.01185	0.00748	0.00748	0.01496	0.02245	0.03180	0.66766	0.05923	0.07482	0.01621	0.00935	0.00249	0.00374	0.01434	0.00873	0.00748
4	0.06081	0.01151	0.05711	0.03913	0.01573	0.00989	0.00981	0.01762	0.05403	0.03062	0.48962	0.05123	0.09343	0.01465	0.00882	0.00252	0.00486	0.01268	0.00780	0.00812
5	0.01874	0.03562	0.49880	0.02400	0.09196	0.06075	0.02589	0.02722	0.04698	0.07283	0.01624	0.01819	0.01164	0.00784	0.00760	0.00247	0.01106	0.00622	0.00414	0.01181
6	0.01090	0.00786	0.01031	0.01020	0.01178	0.00727	0.00746	0.01415	0.02095	0.02941	0.53872	0.19498	0.07020	0.01800	0.00951	0.00264	0.00392	0.01604	0.00845	0.00727
7	0.02111	0.05254	0.10477	0.02626	0.03386	0.02130	0.34671	0.16152	0.09303	0.03127	0.01809	0.02094	0.01341	0.00784	0.00854	0.00255	0.01120	0.00825	0.00521	0.01159
8	0.01133	0.00850	0.01274	0.01274	0.01416	0.00991	0.00991	0.01416	0.01274	0.01841	0.02124	0.03115	0.01982	0.05947	0.68989	0.01274	0.02124	0.00850	0.00425	0.00708
9	0.01133	0.00850	0.01274	0.01274	0.01416	0.00991	0.00991	0.01416	0.01274	0.01841	0.02124	0.03115	0.01982	0.05947	0.68989	0.01274	0.02124	0.00850	0.00425	0.00708
10	0.00947	0.00804	0.00817	0.00813	0.01077	0.00674	0.00610	0.01157	0.01830	0.02196	0.11066	0.07543	0.63797	0.01988	0.00937	0.00267	0.00400	0.01661	0.00743	0.00674
11	0.60132	0.01770	0.01404	0.01228	0.01725	0.06504	0.00997	0.08844	0.05754	0.03577	0.01329	0.01467	0.01019	0.00785	0.00557	0.00243	0.00697	0.00494	0.00536	0.00938
12	0.01877	0.02268	0.10041	0.03312	0.16537	0.05056	0.37405	0.02549	0.04505	0.02528	0.01741	0.05239	0.01422	0.00791	0.00876	0.00259	0.01176	0.00895	0.00426	0.01098
13	0.01981	0.05559	0.01954	0.04578	0.02209	0.02002	0.01316	0.07037	0.53221	0.03225	0.03009	0.03057	0.02330	0.01088	0.00803	0.00266	0.00676	0.03725	0.00757	0.01206
14	0.01153	0.00769	0.00865	0.00865	0.00865	0.00769	0.00480	0.01153	0.01153	0.01538	0.02499	0.05189	0.02883	0.72131	0.04036	0.00769	0.00769	0.01153	0.00480	0.00480
15	0.03233	0.01503	0.01894	0.01479	0.02065	0.01432	0.01213	0.14138	0.07561	0.49094	0.05708	0.02725	0.02136	0.01012	0.00804	0.00246	0.00692	0.00819	0.00931	0.01316
16	0.02816	0.15841	0.02589	0.01913	0.02378	0.54715	0.01500	0.05465	0.02194	0.02049	0.01231	0.01421	0.01034	0.00798	0.00682	0.00200	0.01305	0.00504	0.00412	0.00954
17	0.03558	0.01350	0.01840	0.01411	0.02024	0.01166	0.01166	0.03865	0.02270	0.67734	0.03128	0.02699	0.01963	0.00981	0.00797	0.00245	0.00675	0.00797	0.00981	0.01350
18	0.01278	0.00913	0.01278	0.01460	0.01643	0.00913	0.01278	0.01643	0.01825	0.02373	0.04199	0.08945	0.04564	0.02191	0.01095	0.00365	0.00730	0.61847	0.00730	0.00730
19	0.01135	0.00842	0.01234	0.01234	0.01361	0.00969	0.00940	0.01390	0.01262	0.01811	0.02161	0.03321	0.02072	0.12523	0.62536	0.01224	0.01989	0.00880	0.00430	0.00685
20	0.02962	0.03779	0.02247	0.02043	0.02451	0.68948	0.01532	0.03166	0.02247	0.01941	0.01226	0.01430	0.01021	0.00817	0.00715	0.00204	0.01430	0.00511	0.00409	0.00919
21	0.03558	0.01350	0.01840	0.01411	0.02024	0.01166	0.01166	0.03865	0.02270	0.67734	0.03128	0.02699	0.01963	0.00981	0.00797	0.00245	0.00675	0.00797	0.00981	0.01350
22	0.01478	0.00739	0.00739	0.00739	0.00924	0.00739	0.00554	0.01848	0.01663	0.02956	0.02587	0.02956	0.02033	0.00924	0.00554	0.00185	0.00370	0.00739	0.76534	0.00739
23	0.01821	0.01774	0.03190	0.20321	0.29996	0.01839	0.16865	0.04771	0.01845	0.02520	0.01699	0.02516	0.01424	0.00830	0.00844	0.00259	0.01047	0.04930	0.00424	0.01087
24	0.02120	0.72609	0.04155	0.01357	0.02035	0.03138	0.01357	0.02374	0.01611	0.01866	0.01102	0.01272	0.01018	0.00678	0.00509	0.00170	0.00848	0.00424	0.00339	0.01018
25	0.01122	0.00811	0.01060	0.00998	0.01185	0.00748	0.00748	0.01496	0.02245	0.03180	0.66766	0.05923	0.07482	0.01621	0.00935	0.00249	0.00374	0.01434	0.00873	0.00748
26	0.01831	0.02425	0.13898	0.03185	0.04041	0.01982	0.55373	0.02536	0.01843	0.02536	0.01578	0.02071	0.01174	0.00681	0.00909	0.00265	0.01313	0.00885	0.00391	0.01084
27	0.03303	0.01285	0.01750	0.01381	0.01938	0.01114	0.01123	0.03593	0.02196	0.61261	0.03251	0.09487	0.02286	0.01130	0.00819	0.00253	0.00654	0.00941	0.00957	0.01280
28	0.01644	0.01409	0.01644	0.01175	0.01879	0.01057	0.00940	0.01997	0.01644	0.02584	0.01409	0.01644	0.01175	0.00587	0.00587	0.00117	0.00587	0.00470	0.00470	0.76979
29	0.03014	0.02221	0.02380	0.01825	0.02459	0.02459	0.01507	0.64541	0.03728	0.04998	0.01904	0.01904	0.01349	0.00952	0.00793	0.00238	0.00873	0.00714	0.00793	0.01349
30	0.02906	0.02167	0.02319	0.01803	0.02418	0.02409	0.01481	0.58286	0.10159	0.04823	0.02041	0.02013	0.01460	0.00965	0.00795	0.00241	0.00847	0.00733	0.00795	0.01339
31	0.02962	0.03779	0.02247	0.02043	0.02451	0.68948	0.01532	0.03166	0.02247	0.01941	0.01226	0.01430	0.01021	0.00817	0.00715	0.00204	0.01430	0.00511	0.00409	0.00919
32	0.01263	0.00990	0.04021	0.01112	0.01368	0.00826	0.00913	0.01631	0.02101	0.06264	0.44703	0.08069	0.13056	0.01687	0.00942	0.00267	0.00473	0.08711	0.00819	0.00784
33	0.01928	0.01833	0.03050	0.04471	0.60170	0.01795	0.02273	0.02387	0.01788	0.02590	0.01483	0.01928	0.01247	0.00694	0.00764	0.00223	0.00904	0.00681	0.00401	0.09390
34	0.03431	0.01321	0.01800	0.01389	0.01981	0.01144	0.01144	0.03741	0.02268	0.64374	0.06440	0.02867	0.02250	0.01015	0.00805	0.00246	0.00659	0.00831	0.00976	0.01318
35	0.00966	0.00690	0.00920	0.01104	0.01150	0.00644	0.00736	0.01104	0.01518	0.02024	0.04371	0.71614	0.05245	0.02484	0.01012	0.00322	0.00460	0.02254	0.00736	0.00644
36	0.11056	0.02116	0.02230	0.01726	0.02344	0.02339	0.01425	0.55671	0.03420	0.07108	0.01862	0.01866	0.01318	0.00930	0.00761	0.00239	0.00838	0.00686	0.00768	0.01296
37	0.00979	0.00706	0.00931	0.01105	0.01169	0.00658	0.00755	0.01131	0.01548	0.02047	0.04552	0.65373	0.08395	0.02446	0.01012	0.00321	0.00470	0.05017	0.00736	0.00649
38	0.00966	0.00690	0.00920	0.01104	0.01150	0.00644	0.00736	0.01104	0.01518	0.02024	0.04371	0.71614	0.05245	0.02484	0.01012	0.00322	0.00460	0.02254	0.00736	0.00644
39	0.01478	0.00739	0.00739	0.00739	0.00924	0.00739	0.00554	0.01848	0.01663	0.02956	0.02587	0.02956	0.02033	0.00924	0.00554	0.00185	0.00370	0.00739	0.76534	0.00739
40	0.77733	0.01534	0.01166	0.01043	0.01534	0.01779	0.00859	0.02331	0.01350	0.03558	0.01104	0.01288	0.00859	0.00736	0.00491	0.00245	0.00613	0.00429	0.00491	0.00859
41	0.01846	0.01752	0.02908	0.21118	0.47124	0.01859	0.02294	0.02454	0.06171	0.02499	0.01591	0.02070	0.01286	0.00754	0.00789	0.00245	0.00949	0.00719	0.00411	0.01161
42	0.02057	0.60321	0.10215	0.01465	0.02174	0.02919	0.01503	0.02533	0.06672	0.02043	0.01301	0.01444	0.01127	0.00717	0.00556	0.00185	0.00862	0.00477	0.00376	0.01051
43	0.03218	0.01308	0.01760	0.01359	0.01943	0.01122	0.01114	0.03533	0.02224	0.57716	0.08445	0.02902	0.02380	0.01009	0.00795	0.00237	0.00643	0.00829	0.00937	0.06527
44	0.02274	0.04607	0.03108	0.06202	0.34707	0.04353	0.08938	0.20226	0.02362	0.03203	0.01596	0.01929	0.01252	0.00779	0.00792	0.00237	0.00983	0.00717	0.00505	0.01227
45	0.02004	0.44459	0.11258	0.01691	0.02387	0.02501	0.09446	0.02400	0.01715	0.05712	0.05534	0.01874	0.01540	0.00964	0.03256	0.00243	0.00957	0.00609	0.00419	0.01031
46	0.01478	0.00739	0.00739	0.00739	0.00924	0.00739	0.00554	0.01848	0.01663	0.02956	0.02587	0.02956	0.02033	0.00924	0.00554	0.00185	0.00370	0.00739	0.76534	0.00739
47	0.02731	0.03295	0.02141	0.01943	0.02361	0.53325	0.01468	0.03411	0.17060	0.02262	0.01693	0.01787	0.01348	0.00878	0.00736	0.00219	0.01243	0.00601	0.00501	0.00998
48	0.03021	0.01366	0.01785	0.01345	0.01984	0.01135	0.01102	0.03341	0.02094	0.49467	0.02646	0.02403	0.01742	0.00871	0.00739	0.00210	0.00650	0.00706	0.00838	0.22555
49	0.02020	0.01845	0.02002	0.01747	0.02216	0.05638	0.05284	0.04050	0.58211	0.03192	0.03015	0.02823	0.02267	0.01036	0.00810	0.00265	0.00717	0.00878	0.00759	0.01225
50	0.02764	0.03459	0.02222	0.02159	0.06839	0.59965	0.01535	0.02987	0.02189	0.01999	0.01678	0.01862	0.05229	0.00885	0.00734	0.00210	0.01331	0.00598	0.00428	0.00927
51	0.01377	0.00689	0.01033	0.01033	0.01033	0.00689	0.00689	0.01033	0.01033	0.01377	0.01377	0.02410	0.01377	0.02755	0.03099	0.76928	0.00689	0.00689	0.00344	0.00344
52	0.00937	0.00803	0.00803	0.00803	0.01071	0.00669	0.00602	0.01138	0.01807	0.02142	0.08033	0.07632	0.66863	0.02008	0.00937	0.00268	0.00402	0.01674	0.00736	0.00669
53	0.01909	0.02435	0.13875	0.03078	0.03923	0.02013	0.50899	0.06822	0.01971	0.02706	0.01598	0.02054	0.01184	0.00701	0.00899	0.00263	0.01280	0.00869	0.00418	0.01104
54	0.01133	0.00850	0.01274	0.01274	0.01416	0.00991	0.00991	0.01416	0.01274	0.01841	0.02124	0.03115	0.01982	0.05947	0.68989	0.01274	0.02124	0.00850	0.00425	0.00708
55	0.01264	0.00903	0.01262	0.01445	0.01622	0.00901	0.01254	0.01620	0.01812	0.02358	0.04206	0.11661	0.04593	0.02203	0.01092	0.00363	0.00718	0.59264	0.00730	0.00726
56	0.01153	0.00769	0.00865	0.00865	0.00865	0.00769	0.00480	0.01153	0.01153	0.01538	0.02499	0.05189	0.02883	0.72131	0.04036	0.00769	0.00769	0.01153	0.00480	0.00480
57	0.02693	0.26756	0.02946	0.01732	0.02312	0.23153	0.01464	0.24407	0.02549	0.02987	0.01421	0.01542	0.01135	0.00817	0.00672	0.00204	0.01036	0.00552	0.00520	0.01103
58	0.01174	0.04658	0.01148	0.00972	0.01287	0.01012	0.00754	0.01716	0.12185	0.02364	0.09463	0.06471	0.50419	0.01772	0.00894	0.00262	0.00460	0.01473	0.00733	0.00786
59	0.02477	0.17143	0.11394	0.02314	0.11712	0.30590	0.01806	0.09163	0.02135	0.02409	0.01335	0.01555	0.01086	0.00779	0.00697	0.00211	0.01153	0.00552	0.00423	0.01064
60	0.02962	0.03779	0.02247	0.02043	0.02451	0.68948	0.01532	0.03166	0.02247	0.01941	0.01226	0.01430	0.01021	0.00817	0.00715	0.00204	0.01430	0.00511	0.00409	0.00919
61	0.68551	0.01576	0.01414	0.01506	0.09489	0.01792	0.01050	0.02343	0.01405	0.03441	0.01151	0.01370	0.00907	0.00733	0.00526	0.00244	0.00653	0.00463	0.00479	0.00907
62	0.01872	0.02139	0.04679	0.03342	0.04144	0.02005	0.64305	0.02540	0.01872	0.02540	0.01604	0.02139	0.01203	0.00668	0.00936	0.00267	0.01337	0.00936	0.00401	0.01070
63	0.02412	0.01400	0.01676	0.01410	0.01868	0.01426	0.01120	0.07380	0.23948	0.26594	0.18014	0.03492	0.03374	0.01162	0.00833	0.00254	0.00601	0.00975	0.00884	0.01176
64	0.01644	0.01409	0.01644	0.01175	0.01879	0.01057	0.00940	0.01997	0.01644	0.02584	0.01409	0.01644	0.01175	0.00587	0.00587	0.00117	0.00587	0.00470	0.00470	0.76979
65	0.01153	0.00769	0.00865	0.00865	0.00865	0.00769	0.00480	0.01153	0.01153	0.01538	0.02499	0.05189	0.02883	0.72131	0.04036	0.00769	0.00769	0.01153	0.00480	0.00480
66	0.07112	0.05002	0.01913	0.01373	0.02013	0.04971	0.01119	0.12178	0.04105	0.13533	0.01779	0.01846	0.01333	0.00749	0.00657	0.00177	0.00704	0.00572	0.00606	0.38259
67	0.00937	0.00803	0.00803	0.00803	0.01071	0.00669	0.00602	0.01138	0.01807	0.02142	0.08033	0.07632	0.66863	0.02008	0.00937	0.00268	0.00402	0.01674	0.00736	0.00669
68	0.01639	0.15071	0.08855	0.01505	0.04871	0.09027	0.01268	0.02179	0.08485	0.02433	0.14883	0.04082	0.20134	0.01271	0.00792	0.00236	0.00723	0.01029	0.00599	0.00917
69	0.01711	0.01407	0.01651	0.01183	0.01884	0.01061	0.00948	0.02062	0.01666	0.04867	0.01470	0.01681	0.01202	0.00601	0.00595	0.00122	0.00590	0.00481	0.00488	0.74329
70	0.01122	0.00982	0.01047	0.01107	0.04049	0.03599	0.00787	0.01379	0.01916	0.02377	0.19227	0.06851	0.45762	0.01833	0.00930	0.00265	0.00480	0.04826	0.00735	0.00725
71	0.01145	0.00765	0.00867	0.00876	0.00878	0.00763	0.00492	0.01151	0.01170	0.01560	0.02584	0.08229	0.02991	0.68945	0.03898	0.00748	0.00755	0.01204	0.00492	0.00488
72	0.02676	0.02096	0.05263	0.01754	0.02357	0.02196	0.01476	0.39561	0.21894	0.08720	0.02358	0.02260	0.01692	0.00981	0.00796	0.00248	0.00800	0.00768	0.00789	0.01313
73	0.11484	0.63807	0.03785	0.01318	0.01973	0.02969	0.01295	0.02369	0.01579	0.02075	0.01103	0.01274	0.00998	0.00686	0.00507	0.00179	0.00819	0.00425	0.00358	0.00998

[dist]
# distance from previous block
# <min> <max>
0	1

[block]
# block no. 2 follows, 24 sequences, length 71
# corresponding to MSA columns:
# 294-364
name=unknown_C
#
# <colnr> <probs for GDERKNQSTAVLIFYWHMCP>
#	G	D	E	R	K	N	Q	S	T	A	V	L	I	F	Y	W	H	M	C	P
0	0.01700	0.01737	0.08854	0.01321	0.02073	0.01205	0.01180	0.04867	0.01741	0.02685	0.01433	0.01659	0.01164	0.00622	0.00614	0.00137	0.00663	0.00493	0.00470	0.65379
1	0.01206	0.00900	0.01151	0.01088	0.01322	0.00831	0.00833	0.01631	0.04532	0.02971	0.47999	0.10544	0.06276	0.01621	0.00919	0.00254	0.00442	0.06892	0.00810	0.07778
2	0.06857	0.01782	0.02181	0.01687	0.02254	0.01864	0.04654	0.30539	0.02745	0.26500	0.02261	0.02311	0.01588	0.04327	0.01032	0.00273	0.04358	0.00760	0.00785	0.01243
3	0.65631	0.03933	0.01420	0.01261	0.04106	0.04889	0.00979	0.02444	0.01458	0.06290	0.01216	0.01384	0.00936	0.00748	0.00527	0.00241	0.00674	0.00460	0.00501	0.00904
4	0.01237	0.00919	0.01326	0.01485	0.04842	0.00978	0.01118	0.01528	0.01509	0.02057	0.02974	0.05662	0.03097	0.12333	0.30066	0.00792	0.01334	0.25474	0.00553	0.00717
5	0.02054	0.07916	0.02008	0.01609	0.02059	0.09668	0.01269	0.03797	0.49756	0.03029	0.06106	0.02794	0.02403	0.01041	0.00778	0.00252	0.00725	0.00840	0.00725	0.01170
6	0.01591	0.01347	0.01575	0.01157	0.01799	0.01025	0.00909	0.01917	0.01616	0.02510	0.01594	0.04973	0.01439	0.04027	0.00768	0.00157	0.00590	0.00583	0.00482	0.69942
7	0.01278	0.00913	0.01278	0.01460	0.01643	0.00913	0.01278	0.01643	0.01825	0.02373	0.04199	0.08945	0.04564	0.02191	0.01095	0.00365	0.00730	0.61847	0.00730	0.00730
8	0.06173	0.03401	0.02203	0.02091	0.05410	0.56691	0.01519	0.03190	0.07975	0.02169	0.01415	0.01588	0.01153	0.00832	0.00717	0.00213	0.01297	0.00551	0.00448	0.00963
9	0.02962	0.03779	0.02247	0.02043	0.02451	0.68948	0.01532	0.03166	0.02247	0.01941	0.01226	0.01430	0.01021	0.00817	0.00715	0.00204	0.01430	0.00511	0.00409	0.00919
10	0.02159	0.05016	0.02954	0.12385	0.38744	0.04254	0.05011	0.02590	0.01827	0.11738	0.01673	0.02035	0.01300	0.00788	0.00861	0.00243	0.04073	0.00710	0.00468	0.01172
11	0.01972	0.01703	0.01793	0.01614	0.02062	0.01972	0.01255	0.04214	0.65752	0.03317	0.03228	0.02959	0.02421	0.01076	0.00807	0.00269	0.00628	0.00897	0.00807	0.01255
12	0.01215	0.00930	0.01353	0.07623	0.05022	0.01041	0.01023	0.01445	0.01294	0.01805	0.02139	0.03588	0.02131	0.25095	0.39725	0.00977	0.01558	0.00920	0.00433	0.00684
13	0.24154	0.12930	0.02107	0.01490	0.04447	0.07862	0.01192	0.03077	0.01886	0.30663	0.01999	0.01931	0.01388	0.00839	0.00657	0.00229	0.00764	0.00605	0.00666	0.01116
14	0.01478	0.00739	0.00739	0.00739	0.00924	0.00739	0.00554	0.01848	0.01663	0.02956	0.02587	0.02956	0.02033	0.00924	0.00554	0.00185	0.00370	0.00739	0.76534	0.00739
15	0.02307	0.02153	0.01963	0.01722	0.02192	0.14015	0.01343	0.13154	0.45019	0.03325	0.02670	0.02526	0.02008	0.01011	0.00788	0.00253	0.00808	0.00800	0.00734	0.01209
16	0.01632	0.07480	0.61410	0.02272	0.03399	0.01916	0.06112	0.02506	0.01681	0.02480	0.01416	0.01678	0.01016	0.00745	0.00751	0.00248	0.01164	0.00596	0.00339	0.01159
17	0.46252	0.01881	0.04979	0.01364	0.01945	0.01970	0.01178	0.22477	0.02150	0.03927	0.01393	0.01523	0.01039	0.00800	0.00606	0.00238	0.00725	0.00531	0.00580	0.04441
18	0.00966	0.00690	0.00920	0.01104	0.01150	0.00644	0.00736	0.01104	0.01518	0.02024	0.04371	0.71614	0.05245	0.02484	0.01012	0.00322	0.00460	0.02254	0.00736	0.00644
19	0.01876	0.28736	0.38783	0.01844	0.02790	0.02246	0.02187	0.02501	0.01677	0.05280	0.01384	0.01574	0.01061	0.00729	0.00659	0.00215	0.01005	0.00532	0.00372	0.04548
20	0.02120	0.72609	0.04155	0.01357	0.02035	0.03138	0.01357	0.02374	0.01611	0.01866	0.01102	0.01272	0.01018	0.00678	0.00509	0.00170	0.00848	0.00424	0.00339	0.01018
21	0.77733	0.01534	0.01166	0.01043	0.01534	0.01779	0.00859	0.02331	0.01350	0.03558	0.01104	0.01288	0.00859	0.00736	0.00491	0.00245	0.00613	0.00429	0.00491	0.00859
22	0.03014	0.02221	0.02380	0.01825	0.02459	0.02459	0.01507	0.64541	0.03728	0.04998	0.01904	0.01904	0.01349	0.00952	0.00793	0.00238	0.00873	0.00714	0.00793	0.01349
23	0.62999	0.01768	0.07804	0.01198	0.01768	0.01725	0.01092	0.02499	0.01471	0.09726	0.01333	0.01464	0.00981	0.00762	0.00547	0.00246	0.00674	0.00481	0.00523	0.00938
24	0.01750	0.01472	0.01701	0.01225	0.01924	0.01165	0.00983	0.06814	0.01805	0.02770	0.01448	0.01664	0.01188	0.00615	0.00603	0.00127	0.00609	0.00489	0.00495	0.71153
25	0.01478	0.00739	0.00739	0.00739	0.00924	0.00739	0.00554	0.01848	0.01663	0.02956	0.02587	0.02956	0.02033	0.00924	0.00554	0.00185	0.00370	0.00739	0.76534	0.00739
26	0.03014	0.02221	0.02380	0.01825	0.02459	0.02459	0.01507	0.64541	0.03728	0.04998	0.01904	0.01904	0.01349	0.00952	0.00793	0.00238	0.00873	0.00714	0.00793	0.01349
27	0.01478	0.00739	0.00739	0.00739	0.00924	0.00739	0.00554	0.01848	0.01663	0.02956	0.02587	0.02956	0.02033	0.00924	0.00554	0.00185	0.00370	0.00739	0.76534	0.00739
28	0.01872	0.02139	0.04679	0.03342	0.04144	0.02005	0.64305	0.02540	0.01872	0.02540	0.01604	0.02139	0.01203	0.00668	0.00936	0.00267	0.01337	0.00936	0.00401	0.01070
29	0.02120	0.72609	0.04155	0.01357	0.02035	0.03138	0.01357	0.02374	0.01611	0.01866	0.01102	0.01272	0.01018	0.00678	0.00509	0.00170	0.00848	0.00424	0.00339	0.01018
30	0.01478	0.00739	0.00739	0.00739	0.00924	0.00739	0.00554	0.01848	0.01663	0.02956	0.02587	0.02956	0.02033	0.00924	0.00554	0.00185	0.00370	0.00739	0.76534	0.00739
31	0.02579	0.01872	0.02100	0.01811	0.05196	0.02052	0.01393	0.31709	0.24766	0.10796	0.05410	0.02535	0.02056	0.01017	0.00804	0.00250	0.00748	0.00818	0.00803	0.01285
32	0.02035	0.08193	0.06192	0.02870	0.26134	0.06886	0.06955	0.02432	0.01819	0.09529	0.02027	0.11869	0.01840	0.00987	0.00785	0.00235	0.00891	0.00892	0.00506	0.06924
33	0.02844	0.01378	0.04799	0.01364	0.01899	0.01141	0.01158	0.05389	0.02288	0.46464	0.18715	0.03418	0.03258	0.01128	0.00829	0.00246	0.00631	0.00942	0.00917	0.01193
34	0.01478	0.00739	0.00739	0.00739	0.00924	0.00739	0.00554	0.01848	0.01663	0.02956	0.02587	0.02956	0.02033	0.00924	0.00554	0.00185	0.00370	0.00739	0.76534	0.00739
35	0.77733	0.01534	0.01166	0.01043	0.01534	0.01779	0.00859	0.02331	0.01350	0.03558	0.01104	0.01288	0.00859	0.00736	0.00491	0.00245	0.00613	0.00429	0.00491	0.00859
36	0.01644	0.01409	0.01644	0.01175	0.01879	0.01057	0.00940	0.01997	0.01644	0.02584	0.01409	0.01644	0.01175	0.00587	0.00587	0.00117	0.00587	0.00470	0.00470	0.76979
37	0.01920	0.01778	0.02843	0.07063	0.38845	0.01841	0.07254	0.05560	0.12612	0.02773	0.02054	0.02786	0.01743	0.00916	0.00830	0.00257	0.00906	0.06331	0.00510	0.01178
38	0.01644	0.01409	0.01644	0.01175	0.01879	0.01057	0.00940	0.01997	0.01644	0.02584	0.01409	0.01644	0.01175	0.00587	0.00587	0.00117	0.00587	0.00470	0.00470	0.76979
39	0.01162	0.00987	0.03539	0.01159	0.01409	0.00843	0.04105	0.01551	0.02152	0.03022	0.55533	0.08767	0.09512	0.01600	0.00933	0.00255	0.00457	0.01429	0.00817	0.00771
40	0.01644	0.01409	0.01644	0.01175	0.01879	0.01057	0.00940	0.01997	0.01644	0.02584	0.01409	0.01644	0.01175	0.00587	0.00587	0.00117	0.00587	0.00470	0.00470	0.76979
41	0.01644	0.01409	0.01644	0.01175	0.01879	0.01057	0.00940	0.01997	0.01644	0.02584	0.01409	0.01644	0.01175	0.00587	0.00587	0.00117	0.00587	0.00470	0.00470	0.76979
42	0.01864	0.01474	0.01716	0.01242	0.01936	0.01180	0.00999	0.07309	0.01852	0.06362	0.01545	0.01724	0.01232	0.00639	0.00616	0.00135	0.00616	0.00508	0.00525	0.66527
43	0.01296	0.00922	0.01152	0.01122	0.01366	0.00823	0.00813	0.01618	0.04598	0.05992	0.14703	0.37971	0.07898	0.01838	0.00901	0.00265	0.00483	0.01634	0.00731	0.13875
44	0.01644	0.01395	0.01635	0.04334	0.01997	0.01177	0.01016	0.04466	0.07109	0.02659	0.02080	0.05932	0.04843	0.00828	0.00664	0.00160	0.00606	0.00685	0.00533	0.56236
45	0.01571	0.01348	0.01659	0.01238	0.01868	0.01040	0.03016	0.01909	0.01637	0.02516	0.01767	0.09957	0.01658	0.00815	0.00649	0.00147	0.00597	0.00697	0.00499	0.65411
46	0.01644	0.01409	0.01644	0.01175	0.01879	0.01057	0.00940	0.01997	0.01644	0.02584	0.01409	0.01644	0.01175	0.00587	0.00587	0.00117	0.00587	0.00470	0.00470	0.76979
47	0.01377	0.00689	0.01033	0.01033	0.01033	0.00689	0.00689	0.01033	0.01033	0.01377	0.01377	0.02410	0.01377	0.02755	0.03099	0.76928	0.00689	0.00689	0.00344	0.00344
48	0.01917	0.01662	0.01795	0.01695	0.04489	0.01900	0.01265	0.03982	0.59919	0.03227	0.03417	0.03169	0.05801	0.01111	0.00813	0.00268	0.00628	0.00931	0.00787	0.01224
49	0.00947	0.00798	0.00821	0.00828	0.01080	0.00672	0.00616	0.01153	0.01812	0.02183	0.10507	0.10865	0.60982	0.02015	0.00941	0.00270	0.00403	0.01693	0.00743	0.00672
50	0.01005	0.00712	0.00903	0.01038	0.01085	0.00672	0.00674	0.01116	0.01453	0.01925	0.04139	0.54208	0.07649	0.17538	0.01663	0.00416	0.00524	0.01988	0.00681	0.00610
51	0.77733	0.01534	0.01166	0.01043	0.01534	0.01779	0.00859	0.02331	0.01350	0.03558	0.01104	0.01288	0.00859	0.00736	0.00491	0.00245	0.00613	0.00429	0.00491	0.00859
52	0.01082	0.00811	0.01043	0.01123	0.01292	0.00772	0.00872	0.01347	0.01760	0.02308	0.14861	0.22165	0.20270	0.02507	0.07922	0.00405	0.00672	0.17368	0.00725	0.00696
53	0.05523	0.69409	0.04021	0.01343	0.02013	0.03077	0.01334	0.02373	0.01599	0.01942	0.01103	0.01273	0.01010	0.00681	0.00508	0.00173	0.00837	0.00424	0.00346	0.01010
54	0.03558	0.01350	0.01840	0.01411	0.02024	0.01166	0.01166	0.03865	0.02270	0.67734	0.03128	0.02699	0.01963	0.00981	0.00797	0.00245	0.00675	0.00797	0.00981	0.01350
55	0.01278	0.00913	0.01278	0.01460	0.01643	0.00913	0.01278	0.01643	0.01825	0.02373	0.04199	0.08945	0.04564	0.02191	0.01095	0.00365	0.00730	0.61847	0.00730	0.00730
56	0.02395	0.01788	0.01806	0.01558	0.01997	0.10867	0.01227	0.10396	0.22327	0.17122	0.07912	0.02836	0.02367	0.01685	0.09677	0.00381	0.00951	0.00839	0.00744	0.01127
57	0.01107	0.00796	0.00990	0.00958	0.01105	0.00741	0.00678	0.01375	0.01940	0.02688	0.45238	0.08863	0.11310	0.16892	0.01607	0.00366	0.00465	0.01430	0.00771	0.00679
58	0.00937	0.00803	0.00803	0.00803	0.01071	0.00669	0.00602	0.01138	0.01807	0.02142	0.08033	0.07632	0.66863	0.02008	0.00937	0.00268	0.00402	0.01674	0.00736	0.00669
59	0.01278	0.00913	0.01278	0.01460	0.01643	0.00913	0.01278	0.01643	0.01825	0.02373	0.04199	0.08945	0.04564	0.02191	0.01095	0.00365	0.00730	0.61847	0.00730	0.00730
60	0.05569	0.00735	0.01040	0.01034	0.01061	0.00749	0.00698	0.01104	0.01050	0.01497	0.01362	0.02349	0.01349	0.02644	0.02956	0.72718	0.00685	0.00674	0.00352	0.00373
61	0.01198	0.00871	0.00957	0.00937	0.01191	0.00778	0.00699	0.04163	0.01897	0.05355	0.11556	0.16917	0.42817	0.01900	0.00916	0.00268	0.00440	0.01613	0.04790	0.00737
62	0.03001	0.02109	0.02286	0.01758	0.02376	0.02309	0.01450	0.58098	0.03554	0.09380	0.02014	0.01996	0.01415	0.00953	0.00785	0.00237	0.00841	0.00721	0.03389	0.01328
63	0.01133	0.00850	0.01274	0.01274	0.01416	0.00991	0.00991	0.01416	0.01274	0.01841	0.02124	0.03115	0.01982	0.05947	0.68989	0.01274	0.02124	0.00850	0.00425	0.00708
64	0.01335	0.00986	0.01239	0.01256	0.01482	0.00978	0.01016	0.06847	0.04283	0.02808	0.23064	0.13385	0.11420	0.01889	0.00988	0.00303	0.00572	0.24575	0.00782	0.00791
65	0.05732	0.01345	0.01700	0.01360	0.01872	0.01267	0.01103	0.09391	0.05379	0.42179	0.16522	0.03267	0.03060	0.01110	0.00815	0.00247	0.00626	0.00916	0.00913	0.01198
66	0.01153	0.00769	0.00865	0.00865	0.00865	0.00769	0.00480	0.01153	0.01153	0.01538	0.02499	0.05189	0.02883	0.72131	0.04036	0.00769	0.00769	0.01153	0.00480	0.00480
67	0.00966	0.00690	0.00920	0.01104	0.01150	0.00644	0.00736	0.01104	0.01518	0.02024	0.04371	0.71614	0.05245	0.02484	0.01012	0.00322	0.00460	0.02254	0.00736	0.00644
68	0.00999	0.00704	0.00910	0.01062	0.01100	0.00666	0.00691	0.01113	0.01454	0.01939	0.04042	0.59965	0.04831	0.14698	0.01542	0.00400	0.00514	0.02061	0.00691	0.00615
69	0.01021	0.00795	0.00927	0.00919	0.01129	0.00701	0.00680	0.01291	0.01968	0.02583	0.33274	0.13450	0.34643	0.01888	0.00944	0.00265	0.00396	0.01629	0.00796	0.00701
70	0.01143	0.00764	0.00868	0.00878	0.00881	0.00762	0.00495	0.01150	0.01173	0.01564	0.02601	0.08836	0.03013	0.68308	0.03870	0.00744	0.00752	0.01214	0.00495	0.00489

[dist]
# distance from previous block
# <min> <max>
0	2

[block]
# block no. 3 follows, 24 sequences, length 33
# corresponding to MSA columns:
# 367-399
name=unknown_D
#
# <colnr> <probs for GDERKNQSTAVLIFYWHMCP>
#	G	D	E	R	K	N	Q	S	T	A	V	L	I	F	Y	W	H	M	C	P
