[name]
unknown

[dist]
# distance from previous block
# <min> <max>
0	37

[block]
# block no. 0 follows, 25 sequences, length 47
# corresponding to MSA columns:
# 37-79,81-84
name=unknown_A
#
# <colnr> <probs for GDERKNQSTAVLIFYWHMCP>
#	G	D	E	R	K	N	Q	S	T	A	V	L	I	F	Y	W	H	M	C	P
0	0.01249	0.00892	0.01249	0.01428	0.01606	0.00892	0.01249	0.01606	0.01785	0.02320	0.04105	0.08746	0.04462	0.02142	0.01071	0.00357	0.00714	0.62695	0.00714	0.00714
1	0.01024	0.00713	0.00871	0.00964	0.00999	0.00684	0.00604	0.01102	0.01340	0.01775	0.03625	0.39952	0.06825	0.33275	0.02284	0.00504	0.00580	0.01707	0.00610	0.00561
2	0.38708	0.02034	0.01697	0.01435	0.01941	0.11874	0.01156	0.21310	0.07359	0.03648	0.01496	0.01590	0.01128	0.00821	0.00625	0.00234	0.00793	0.00551	0.00581	0.01022
3	0.11629	0.02931	0.02118	0.01813	0.02296	0.39276	0.01414	0.23834	0.02581	0.03081	0.01407	0.01537	0.01087	0.00834	0.00699	0.00215	0.01123	0.00557	0.00535	0.01033
4	0.01746	0.01872	0.03779	0.02789	0.03366	0.01904	0.46730	0.02278	0.01676	0.02369	0.01560	0.02121	0.01239	0.01044	0.04533	0.00318	0.13474	0.00857	0.05370	0.00973
5	0.78228	0.01499	0.01140	0.01020	0.01499	0.01739	0.00840	0.02279	0.01320	0.03479	0.01080	0.01260	0.00840	0.00720	0.00480	0.00240	0.00600	0.00420	0.00480	0.00840
6	0.00916	0.00785	0.00785	0.00785	0.01047	0.00655	0.00589	0.01113	0.01767	0.02095	0.07855	0.07462	0.67599	0.01964	0.00916	0.00262	0.00393	0.01636	0.00720	0.00655
7	0.01824	0.02073	0.04472	0.03210	0.03958	0.01980	0.62123	0.02455	0.01800	0.02455	0.01543	0.02073	0.01169	0.00687	0.00991	0.00265	0.04593	0.00904	0.00390	0.01036
8	0.01677	0.01387	0.01640	0.01186	0.01849	0.01082	0.00952	0.02014	0.01615	0.04827	0.01425	0.01647	0.01171	0.00614	0.00647	0.00127	0.02932	0.00478	0.00473	0.72256
9	0.01081	0.00792	0.01014	0.00959	0.01149	0.00725	0.00719	0.01432	0.02157	0.03019	0.62217	0.05940	0.12660	0.01619	0.00915	0.00245	0.00368	0.01423	0.00842	0.00725
10	0.01998	0.01673	0.01875	0.07169	0.04576	0.01918	0.01343	0.11382	0.48627	0.03308	0.02769	0.02666	0.02076	0.00996	0.00775	0.00254	0.00677	0.00827	0.03902	0.01189
11	0.01023	0.00745	0.00963	0.01002	0.01136	0.00685	0.00716	0.01284	0.01879	0.02582	0.37774	0.32378	0.11048	0.01950	0.00945	0.00274	0.00401	0.01739	0.00790	0.00685
12	0.01455	0.00971	0.01370	0.01191	0.01474	0.00909	0.04765	0.01886	0.04553	0.10918	0.46809	0.05033	0.09146	0.01651	0.04120	0.00293	0.00551	0.01262	0.00808	0.00835
13	0.01110	0.00744	0.00851	0.00868	0.00873	0.00740	0.00494	0.01123	0.01162	0.01549	0.02619	0.11547	0.03041	0.65974	0.03662	0.00710	0.00723	0.01231	0.00494	0.00485
14	0.02801	0.03091	0.02222	0.01924	0.02362	0.45096	0.01490	0.19577	0.05398	0.02749	0.01452	0.01604	0.01146	0.00876	0.00825	0.00219	0.05054	0.00579	0.00513	0.01022
15	0.02896	0.03695	0.02197	0.01998	0.02397	0.69638	0.01498	0.03096	0.02197	0.01898	0.01199	0.01398	0.00999	0.00799	0.00699	0.00200	0.01398	0.00499	0.00400	0.00899
16	0.02689	0.01663	0.01937	0.01655	0.04545	0.01755	0.01282	0.21061	0.23038	0.24497	0.02670	0.02485	0.01870	0.00968	0.00771	0.00242	0.00696	0.00782	0.04133	0.01261
17	0.01919	0.01842	0.03147	0.04759	0.67914	0.01842	0.02380	0.02380	0.01765	0.02533	0.01458	0.01919	0.01228	0.00691	0.00768	0.00230	0.00921	0.00691	0.00384	0.01228
18	0.02896	0.03695	0.02197	0.01998	0.02397	0.69638	0.01498	0.03096	0.02197	0.01898	0.01199	0.01398	0.00999	0.00799	0.00699	0.00200	0.01398	0.00499	0.00400	0.00899
19	0.01445	0.00723	0.00723	0.00723	0.00903	0.00723	0.00542	0.01807	0.01626	0.02891	0.02529	0.02891	0.01987	0.00903	0.00542	0.00181	0.00361	0.00723	0.77055	0.00723
20	0.01128	0.00752	0.00846	0.00846	0.00846	0.00752	0.00470	0.01128	0.01128	0.01503	0.02443	0.05074	0.02819	0.72751	0.03946	0.00752	0.00752	0.01128	0.00470	0.00470
21	0.00942	0.00684	0.00890	0.01054	0.01118	0.00632	0.00708	0.01082	0.01509	0.01989	0.04582	0.66664	0.10510	0.02389	0.00983	0.00310	0.00445	0.02155	0.00720	0.00632
22	0.01673	0.01679	0.02499	0.04691	0.02292	0.02258	0.06689	0.01899	0.01254	0.01916	0.01119	0.01798	0.01070	0.01467	0.05176	0.00368	0.60241	0.00704	0.00347	0.00858
23	0.00944	0.00679	0.00895	0.01068	0.01122	0.00631	0.00715	0.01081	0.01495	0.01984	0.04409	0.69787	0.07499	0.02411	0.00987	0.00313	0.00448	0.02183	0.00720	0.00631
24	0.01931	0.01570	0.01781	0.01302	0.01974	0.01364	0.01053	0.17237	0.02099	0.03096	0.01495	0.01669	0.01189	0.00660	0.00623	0.00143	0.00642	0.00517	0.00536	0.59120
25	0.02377	0.01816	0.01995	0.01542	0.02134	0.01863	0.01250	0.39904	0.05551	0.03931	0.01944	0.06747	0.01580	0.00937	0.00733	0.00206	0.00734	0.00742	0.00681	0.23334
26	0.02394	0.02300	0.02633	0.07600	0.34853	0.21338	0.01932	0.05224	0.02004	0.10035	0.01580	0.01859	0.01233	0.00768	0.00750	0.00224	0.01033	0.00646	0.00468	0.01124
27	0.00971	0.00690	0.00911	0.01078	0.01126	0.00650	0.00725	0.01106	0.01472	0.01960	0.04133	0.64578	0.04931	0.07519	0.01208	0.00348	0.00483	0.04787	0.00701	0.00622
28	0.01170	0.00821	0.00957	0.00914	0.01160	0.00717	0.00688	0.01433	0.01941	0.07275	0.29187	0.10052	0.37299	0.01778	0.00910	0.00257	0.00405	0.01519	0.00786	0.00730
29	0.02707	0.01974	0.02203	0.01870	0.05877	0.02169	0.01442	0.43453	0.17384	0.09390	0.02221	0.02155	0.01594	0.00947	0.00778	0.00240	0.00789	0.00744	0.00772	0.01293
30	0.01819	0.01955	0.02965	0.02446	0.04919	0.08428	0.20449	0.02143	0.01507	0.02081	0.01372	0.05239	0.01271	0.01126	0.01751	0.00298	0.38128	0.00807	0.00381	0.00914
31	0.00945	0.00675	0.00900	0.01080	0.01125	0.00630	0.00720	0.01080	0.01484	0.01979	0.04274	0.72245	0.05128	0.02429	0.00990	0.00315	0.00450	0.02204	0.00720	0.00630
32	0.02495	0.01781	0.01940	0.04284	0.02161	0.01958	0.01279	0.47118	0.03058	0.04236	0.02089	0.05378	0.01620	0.00989	0.00739	0.00227	0.00743	0.00773	0.15981	0.01149
33	0.00945	0.00675	0.00900	0.01080	0.01125	0.00630	0.00720	0.01080	0.01484	0.01979	0.04274	0.72245	0.05128	0.02429	0.00990	0.00315	0.00450	0.02204	0.00720	0.00630
34	0.02059	0.02281	0.02830	0.08010	0.05652	0.19783	0.17033	0.04198	0.04190	0.02195	0.01384	0.01846	0.01150	0.01083	0.03468	0.00296	0.20490	0.00703	0.00402	0.00949
35	0.01584	0.07806	0.65187	0.02162	0.03281	0.01870	0.02780	0.02448	0.01634	0.02421	0.01374	0.01615	0.00983	0.00733	0.00724	0.00241	0.01129	0.00564	0.00328	0.01138
36	0.06922	0.03278	0.02127	0.01894	0.02326	0.54137	0.01443	0.10202	0.06273	0.02406	0.01388	0.01535	0.01111	0.00825	0.00701	0.00210	0.01245	0.00541	0.00471	0.00964
37	0.01830	0.02092	0.04575	0.03268	0.04052	0.01961	0.65098	0.02484	0.01830	0.02484	0.01569	0.02092	0.01176	0.00654	0.00915	0.00261	0.01307	0.00915	0.00392	0.01046
38	0.02801	0.01221	0.01597	0.01271	0.01785	0.01073	0.01031	0.03182	0.04973	0.48736	0.10628	0.03477	0.09560	0.01126	0.00802	0.00239	0.00593	0.00933	0.00896	0.04075
39	0.00953	0.00681	0.00907	0.01074	0.01126	0.00635	0.00720	0.01100	0.01523	0.02041	0.07698	0.68646	0.05247	0.02383	0.00986	0.00311	0.00445	0.02161	0.00727	0.00635
40	0.01555	0.04011	0.68733	0.02210	0.03356	0.01801	0.02865	0.02455	0.01637	0.02455	0.01391	0.01637	0.00982	0.00737	0.00737	0.00246	0.01146	0.00573	0.00327	0.01146
41	0.00945	0.00675	0.00900	0.01080	0.01125	0.00630	0.00720	0.01080	0.01484	0.01979	0.04274	0.72245	0.05128	0.02429	0.00990	0.00315	0.00450	0.02204	0.00720	0.00630
42	0.02855	0.02083	0.02228	0.01719	0.02312	0.02301	0.01416	0.61419	0.03521	0.04764	0.01903	0.01925	0.01360	0.00929	0.00761	0.00229	0.00823	0.00700	0.05470	0.01282
43	0.05502	0.00749	0.01056	0.03901	0.01217	0.00775	0.00741	0.01152	0.01093	0.01575	0.01506	0.05337	0.01495	0.02428	0.02616	0.63775	0.00663	0.00729	0.03278	0.00413
44	0.56219	0.18644	0.01835	0.01091	0.01600	0.02008	0.00951	0.02250	0.01424	0.03064	0.04323	0.01477	0.01193	0.00749	0.00505	0.00222	0.00643	0.00467	0.00463	0.00872
45	0.07855	0.05508	0.02201	0.04522	0.02194	0.17894	0.05298	0.04333	0.01732	0.04771	0.06270	0.05807	0.01764	0.01107	0.01289	0.00262	0.22611	0.00760	0.02936	0.00888
46	0.36805	0.10724	0.01774	0.01239	0.01698	0.01867	0.01045	0.11130	0.01765	0.08186	0.01517	0.01707	0.01177	0.01044	0.03770	0.00275	0.05066	0.00548	0.07716	0.00946

[dist]
# distance from previous block
# <min> <max>
0	1

[block]
# block no. 1 follows, 25 sequences, length 12
# corresponding to MSA columns:
# 86-97
name=unknown_B
#
# <colnr> <probs for GDERKNQSTAVLIFYWHMCP>
#	G	D	E	R	K	N	Q	S	T	A	V	L	I	F	Y	W	H	M	C	P
0	0.02401	0.01717	0.02181	0.01858	0.07282	0.01722	0.05670	0.23977	0.09163	0.13471	0.02058	0.02122	0.01507	0.00982	0.02768	0.00244	0.00801	0.00700	0.02920	0.16456
1	0.01892	0.01470	0.01724	0.03829	0.02043	0.01276	0.01060	0.07581	0.08728	0.07868	0.01737	0.01862	0.01347	0.00692	0.00637	0.00155	0.00625	0.00557	0.00555	0.54360
2	0.01072	0.00773	0.01014	0.00993	0.01153	0.00715	0.00730	0.01399	0.02076	0.02921	0.56974	0.16859	0.06952	0.01726	0.00927	0.00256	0.00380	0.01536	0.00831	0.00715
3	0.01123	0.00771	0.00946	0.00946	0.00981	0.00806	0.00595	0.01192	0.01157	0.01578	0.02351	0.04566	0.02598	0.55993	0.20403	0.00875	0.01083	0.01053	0.00456	0.00526
4	0.00958	0.00680	0.00896	0.01063	0.01105	0.00639	0.00702	0.01083	0.01459	0.01945	0.04142	0.67428	0.04963	0.07472	0.01202	0.00346	0.00471	0.02127	0.00702	0.00618
5	0.02885	0.02141	0.02292	0.01771	0.02381	0.02375	0.01459	0.61561	0.07515	0.04785	0.01941	0.01925	0.01383	0.00938	0.00776	0.00235	0.00838	0.00709	0.00776	0.01313
6	0.01347	0.00673	0.01010	0.01010	0.01010	0.00673	0.00673	0.01010	0.01010	0.01347	0.01347	0.02357	0.01347	0.02694	0.03030	0.77441	0.00673	0.00673	0.00337	0.00337
7	0.01629	0.01371	0.01430	0.01313	0.01687	0.01513	0.01014	0.03173	0.45158	0.02916	0.04361	0.04104	0.19635	0.01284	0.00807	0.00257	0.00539	0.01068	0.05696	0.01043
8	0.01532	0.01484	0.02668	0.31304	0.10366	0.01579	0.16958	0.02000	0.01604	0.02163	0.01750	0.07962	0.01551	0.04126	0.04444	0.00322	0.01052	0.00879	0.00407	0.05848
9	0.16981	0.02264	0.01840	0.01700	0.05748	0.23168	0.01257	0.19479	0.02301	0.03208	0.01591	0.01775	0.01233	0.00831	0.00656	0.00215	0.00899	0.00586	0.13280	0.00990
10	0.13029	0.01406	0.02172	0.47610	0.04195	0.01704	0.05182	0.01984	0.01503	0.02226	0.01519	0.06728	0.01291	0.00911	0.00865	0.00265	0.05402	0.00764	0.00393	0.00851
11	0.02444	0.01855	0.02321	0.05132	0.07497	0.05372	0.05843	0.17508	0.16282	0.15342	0.02153	0.02215	0.01575	0.00965	0.01005	0.00255	0.09646	0.00753	0.00663	0.01173

[dist]
# distance from previous block
# <min> <max>
2	5

[block]
# block no. 2 follows, 25 sequences, length 118
# corresponding to MSA columns:
# 103-220
name=unknown_C
#
# <colnr> <probs for GDERKNQSTAVLIFYWHMCP>
#	G	D	E	R	K	N	Q	S	T	A	V	L	I	F	Y	W	H	M	C	P
0	0.06391	0.35646	0.14411	0.01788	0.02503	0.04237	0.11248	0.02336	0.01611	0.02188	0.01230	0.01494	0.01025	0.00706	0.00706	0.00203	0.04191	0.00536	0.00361	0.07189
1	0.14621	0.08787	0.26966	0.01753	0.02541	0.02056	0.01851	0.20952	0.05191	0.05920	0.01599	0.01705	0.01160	0.00808	0.00690	0.00235	0.00900	0.00593	0.00530	0.01144
2	0.02083	0.13003	0.02695	0.01936	0.02282	0.17004	0.07399	0.06062	0.04278	0.02178	0.01308	0.01708	0.01138	0.01178	0.04151	0.00294	0.26431	0.00628	0.00407	0.03834
3	0.01756	0.05229	0.08581	0.24478	0.22493	0.06341	0.02023	0.02368	0.06930	0.02336	0.05388	0.02170	0.01558	0.00841	0.00844	0.00244	0.04261	0.00710	0.00423	0.01025
4	0.01216	0.00819	0.01074	0.00996	0.01199	0.00752	0.00752	0.01579	0.02196	0.06368	0.64291	0.05635	0.07047	0.01554	0.00908	0.00244	0.00380	0.01371	0.00859	0.00761
5	0.01624	0.03914	0.66328	0.02180	0.03306	0.01777	0.02803	0.02503	0.01658	0.04827	0.01451	0.01673	0.01016	0.00745	0.00738	0.00245	0.01128	0.00580	0.00350	0.01152
6	0.00966	0.00699	0.00901	0.01035	0.01109	0.00648	0.00699	0.01122	0.01560	0.02077	0.10697	0.57313	0.10281	0.05618	0.01115	0.00324	0.00451	0.02029	0.00721	0.00634
7	0.02262	0.01782	0.01582	0.01343	0.01727	0.13272	0.01058	0.25948	0.02485	0.03470	0.02048	0.02245	0.01565	0.00896	0.00657	0.00204	0.00726	0.00675	0.35080	0.00978
8	0.01481	0.01410	0.02426	0.67873	0.05283	0.01733	0.04959	0.02003	0.01563	0.02003	0.01387	0.02068	0.01040	0.00770	0.00781	0.00259	0.01046	0.00699	0.00347	0.00870
9	0.01809	0.02030	0.04233	0.03077	0.03739	0.02025	0.55250	0.02388	0.01730	0.02388	0.01483	0.02030	0.01152	0.00763	0.01168	0.00274	0.12184	0.00878	0.00384	0.01015
10	0.00959	0.00685	0.00916	0.01096	0.01147	0.00642	0.00744	0.01104	0.01498	0.01995	0.04266	0.69313	0.05097	0.02416	0.00993	0.00317	0.00462	0.04997	0.00719	0.00634
11	0.74710	0.01491	0.01171	0.01037	0.01522	0.01711	0.00854	0.02350	0.01362	0.06536	0.01173	0.01324	0.00891	0.00731	0.00494	0.00240	0.00603	0.00437	0.00502	0.00862
12	0.05288	0.06476	0.55901	0.02189	0.06170	0.01813	0.02583	0.02516	0.01660	0.06358	0.01465	0.01675	0.01043	0.00744	0.00719	0.00241	0.01068	0.00577	0.00374	0.01139
13	0.01859	0.01773	0.02982	0.13482	0.56942	0.01830	0.02304	0.02395	0.04290	0.02487	0.01515	0.01977	0.01247	0.00716	0.00769	0.00235	0.00924	0.00698	0.00395	0.01179
14	0.00985	0.00740	0.01068	0.01180	0.01259	0.00691	0.03676	0.01144	0.01500	0.02002	0.04149	0.69023	0.04947	0.02348	0.00986	0.00312	0.00489	0.02145	0.00705	0.00649
15	0.78228	0.01499	0.01140	0.01020	0.01499	0.01739	0.00840	0.02279	0.01320	0.03479	0.01080	0.01260	0.00840	0.00720	0.00480	0.00240	0.00600	0.00420	0.00480	0.00840
16	0.00946	0.00694	0.00888	0.01035	0.01115	0.00637	0.00702	0.01097	0.01548	0.02033	0.06888	0.60988	0.13914	0.02336	0.00977	0.00305	0.00439	0.02098	0.00724	0.00637
17	0.01774	0.01813	0.05892	0.20258	0.36901	0.01797	0.06427	0.02434	0.07559	0.02455	0.01594	0.02030	0.01266	0.00739	0.00773	0.00239	0.00944	0.00708	0.00412	0.03985
18	0.04852	0.57147	0.16436	0.01486	0.02235	0.02773	0.01605	0.02346	0.01578	0.02009	0.01139	0.01320	0.00987	0.00680	0.00543	0.00184	0.00882	0.00445	0.00336	0.01018
19	0.74678	0.01494	0.01194	0.04250	0.01677	0.01739	0.00900	0.02265	0.01330	0.03410	0.01093	0.01297	0.00849	0.00722	0.00493	0.00241	0.00620	0.00432	0.00474	0.00841
20	0.01592	0.03761	0.60816	0.02275	0.03364	0.01819	0.08044	0.02520	0.04088	0.02487	0.01473	0.01722	0.01051	0.00741	0.00754	0.00248	0.01140	0.00613	0.00350	0.01141
21	0.01830	0.02092	0.04575	0.03268	0.04052	0.01961	0.65098	0.02484	0.01830	0.02484	0.01569	0.02092	0.01176	0.00654	0.00915	0.00261	0.01307	0.00915	0.00392	0.01046
22	0.63764	0.01411	0.01167	0.01028	0.01493	0.01587	0.00842	0.02386	0.01437	0.09911	0.01409	0.01546	0.01052	0.00760	0.00515	0.00235	0.00584	0.00483	0.07510	0.00877
23	0.01126	0.00758	0.00878	0.00878	0.00889	0.00769	0.00510	0.01148	0.01137	0.01527	0.02413	0.04910	0.02748	0.67344	0.09256	0.00792	0.00859	0.01104	0.00465	0.00488
24	0.00943	0.00680	0.00894	0.01066	0.01121	0.00631	0.00714	0.01081	0.01498	0.01985	0.04439	0.69249	0.08017	0.02408	0.00986	0.00312	0.00447	0.02178	0.00720	0.00631
25	0.01525	0.01440	0.02435	0.62098	0.13657	0.01739	0.02183	0.02034	0.01579	0.02054	0.01389	0.02047	0.01059	0.00764	0.00774	0.00255	0.01019	0.00689	0.00350	0.00910
26	0.01671	0.01420	0.01640	0.01191	0.01866	0.01125	0.00953	0.04331	0.04713	0.02645	0.01479	0.01677	0.01211	0.00609	0.00591	0.00126	0.00586	0.00487	0.00486	0.71191
27	0.01445	0.00723	0.00723	0.00723	0.00903	0.00723	0.00542	0.01807	0.01626	0.02891	0.02529	0.02891	0.01987	0.00903	0.00542	0.00181	0.00361	0.00723	0.77055	0.00723
28	0.04279	0.01587	0.02435	0.05192	0.02366	0.01945	0.12187	0.04108	0.04699	0.02218	0.03951	0.04894	0.01573	0.01467	0.04537	0.04873	0.35581	0.00814	0.00428	0.00867
29	0.01868	0.02125	0.04305	0.06283	0.06619	0.05130	0.56758	0.02486	0.01832	0.02436	0.01538	0.02051	0.01164	0.00667	0.00893	0.00257	0.01284	0.00876	0.00390	0.01038
30	0.01168	0.00815	0.01048	0.00992	0.01196	0.00745	0.00756	0.01515	0.02134	0.05213	0.56412	0.05987	0.12981	0.01627	0.00917	0.00251	0.00395	0.04267	0.00837	0.00743
31	0.02236	0.01816	0.02529	0.01971	0.02500	0.01901	0.16126	0.36214	0.02736	0.03672	0.02337	0.17771	0.02144	0.01204	0.00856	0.00258	0.00868	0.01088	0.00674	0.01100
32	0.02947	0.02172	0.02327	0.01784	0.02404	0.02404	0.01474	0.65329	0.03646	0.04887	0.01862	0.01862	0.01319	0.00931	0.00776	0.00233	0.00853	0.00698	0.00776	0.01319
33	0.01037	0.00754	0.00977	0.00998	0.01141	0.00694	0.00719	0.01318	0.01940	0.02684	0.43536	0.27397	0.10149	0.01881	0.00939	0.00268	0.00395	0.01676	0.00802	0.00694
34	0.01975	0.05415	0.03308	0.02478	0.02921	0.10860	0.27698	0.04565	0.04260	0.02280	0.01384	0.01853	0.01143	0.00938	0.01414	0.00275	0.25111	0.00749	0.00401	0.00974
35	0.01813	0.02059	0.04472	0.06373	0.04111	0.01950	0.62207	0.02461	0.01817	0.02461	0.01560	0.02090	0.01170	0.00659	0.00909	0.00261	0.01295	0.00905	0.00390	0.01037
36	0.01097	0.00793	0.01036	0.00975	0.01158	0.00732	0.00732	0.01463	0.02195	0.03109	0.67505	0.05792	0.07316	0.01585	0.00914	0.00244	0.00366	0.01402	0.00854	0.00732
37	0.01191	0.00805	0.00908	0.00895	0.00922	0.00812	0.00522	0.03689	0.01246	0.01662	0.02511	0.08296	0.02874	0.66375	0.03672	0.00709	0.00741	0.01164	0.00494	0.00512
38	0.01195	0.00814	0.01068	0.00992	0.01192	0.00748	0.00748	0.01558	0.02196	0.05778	0.64873	0.05663	0.07096	0.01560	0.00909	0.00244	0.00378	0.01377	0.00858	0.00756
39	0.01555	0.04011	0.68733	0.02210	0.03356	0.01801	0.02865	0.02455	0.01637	0.02455	0.01391	0.01637	0.00982	0.00737	0.00737	0.00246	0.01146	0.00573	0.00327	0.01146
40	0.01608	0.01378	0.01608	0.01148	0.01837	0.01034	0.00919	0.01952	0.01608	0.02527	0.01378	0.01608	0.01148	0.00574	0.00574	0.00115	0.00574	0.00459	0.00459	0.77491
41	0.00952	0.00680	0.00906	0.01075	0.01126	0.00634	0.00720	0.01097	0.01517	0.02031	0.07177	0.69193	0.05229	0.02390	0.00986	0.00312	0.00446	0.02167	0.00726	0.00634
42	0.02920	0.02109	0.02275	0.01756	0.02366	0.02324	0.01447	0.59532	0.06717	0.07638	0.01979	0.01948	0.01398	0.00938	0.00776	0.00235	0.00833	0.00711	0.00785	0.01314
43	0.02635	0.01794	0.01993	0.01541	0.02093	0.01875	0.01242	0.41909	0.02910	0.12463	0.02029	0.02318	0.01557	0.09533	0.01133	0.00282	0.00782	0.00731	0.00724	0.10456
44	0.02073	0.73217	0.04063	0.01327	0.01990	0.03068	0.01327	0.02322	0.01575	0.01824	0.01078	0.01244	0.00995	0.00663	0.00498	0.00166	0.00829	0.00415	0.00332	0.00995
45	0.02073	0.73217	0.04063	0.01327	0.01990	0.03068	0.01327	0.02322	0.01575	0.01824	0.01078	0.01244	0.00995	0.00663	0.00498	0.00166	0.00829	0.00415	0.00332	0.00995
46	0.01347	0.00673	0.01010	0.01010	0.01010	0.00673	0.00673	0.01010	0.01010	0.01347	0.01347	0.02357	0.01347	0.02694	0.03030	0.77441	0.00673	0.00673	0.00337	0.00337
47	0.01555	0.04011	0.68733	0.02210	0.03356	0.01801	0.02865	0.02455	0.01637	0.02455	0.01391	0.01637	0.00982	0.00737	0.00737	0.00246	0.01146	0.00573	0.00327	0.01146
48	0.00916	0.00785	0.00785	0.00785	0.01047	0.00655	0.00589	0.01113	0.01767	0.02095	0.07855	0.07462	0.67599	0.01964	0.00916	0.00262	0.00393	0.01636	0.00720	0.00655
49	0.00945	0.00675	0.00900	0.01080	0.01125	0.00630	0.00720	0.01080	0.01484	0.01979	0.04274	0.72245	0.05128	0.02429	0.00990	0.00315	0.00450	0.02204	0.00720	0.00630
50	0.01655	0.06704	0.63380	0.02140	0.03244	0.01825	0.02732	0.02504	0.01658	0.05125	0.01447	0.01662	0.01021	0.00743	0.00729	0.00242	0.01113	0.00575	0.00353	0.01147
51	0.00945	0.00675	0.00900	0.01080	0.01125	0.00630	0.00720	0.01080	0.01484	0.01979	0.04274	0.72245	0.05128	0.02429	0.00990	0.00315	0.00450	0.02204	0.00720	0.00630
52	0.01696	0.01696	0.02375	0.02036	0.02036	0.02375	0.01696	0.01866	0.01187	0.01866	0.01018	0.01696	0.01018	0.01357	0.02545	0.00339	0.71332	0.00679	0.00339	0.00848
53	0.02918	0.02075	0.02240	0.01724	0.02327	0.02278	0.01422	0.59875	0.03499	0.07982	0.01946	0.01939	0.01374	0.00931	0.00767	0.00231	0.00825	0.00703	0.03648	0.01296
54	0.02586	0.01572	0.01839	0.01526	0.02009	0.01635	0.01237	0.27147	0.09962	0.22324	0.02849	0.11547	0.02359	0.01245	0.00831	0.00259	0.00708	0.06379	0.00818	0.01170
55	0.03168	0.01327	0.01753	0.01371	0.01926	0.01197	0.01122	0.06458	0.05150	0.56632	0.08869	0.02901	0.02402	0.01019	0.00792	0.00241	0.00640	0.00837	0.00934	0.01262
56	0.00945	0.00675	0.00900	0.01080	0.01125	0.00630	0.00720	0.01080	0.01484	0.01979	0.04274	0.72245	0.05128	0.02429	0.00990	0.00315	0.00450	0.02204	0.00720	0.00630
57	0.01555	0.04011	0.68733	0.02210	0.03356	0.01801	0.02865	0.02455	0.01637	0.02455	0.01391	0.01637	0.00982	0.00737	0.00737	0.00246	0.01146	0.00573	0.00327	0.01146
58	0.01806	0.02189	0.09617	0.07043	0.09532	0.05044	0.41286	0.02482	0.04783	0.02440	0.01712	0.05260	0.01384	0.00778	0.00865	0.00257	0.01175	0.00889	0.00417	0.01043
59	0.01794	0.01928	0.03796	0.08789	0.14783	0.01988	0.39111	0.02326	0.01694	0.02353	0.01446	0.01997	0.01148	0.00782	0.01139	0.00268	0.12428	0.00820	0.00378	0.01031
60	0.00944	0.00679	0.00895	0.01068	0.01122	0.00631	0.00715	0.01081	0.01496	0.01984	0.04417	0.69657	0.07623	0.02411	0.00987	0.00313	0.00448	0.02182	0.00720	0.00631
61	0.00945	0.00675	0.00900	0.01080	0.01125	0.00630	0.00720	0.01080	0.01484	0.01979	0.04274	0.72245	0.05128	0.02429	0.00990	0.00315	0.00450	0.02204	0.00720	0.00630
62	0.02148	0.66878	0.03893	0.01388	0.02027	0.09138	0.01342	0.02392	0.01632	0.01831	0.01089	0.01258	0.00995	0.00676	0.00516	0.00169	0.00881	0.00422	0.00338	0.00986
63	0.01830	0.02092	0.04575	0.03268	0.04052	0.01961	0.65098	0.02484	0.01830	0.02484	0.01569	0.02092	0.01176	0.00654	0.00915	0.00261	0.01307	0.00915	0.00392	0.01046
64	0.00916	0.00785	0.00785	0.00785	0.01047	0.00655	0.00589	0.01113	0.01767	0.02095	0.07855	0.07462	0.67599	0.01964	0.00916	0.00262	0.00393	0.01636	0.00720	0.00655
65	0.01464	0.01378	0.02326	0.70887	0.05340	0.01723	0.02153	0.01981	0.01550	0.01981	0.01378	0.02067	0.01034	0.00775	0.00775	0.00258	0.01034	0.00689	0.00345	0.00861
66	0.01105	0.00798	0.01047	0.00998	0.01181	0.00740	0.00757	0.01470	0.02174	0.03070	0.64343	0.05939	0.07174	0.01613	0.00922	0.00250	0.00383	0.04459	0.00847	0.00731
67	0.01097	0.00793	0.01036	0.00975	0.01158	0.00732	0.00732	0.01463	0.02195	0.03109	0.67505	0.05792	0.07316	0.01585	0.00914	0.00244	0.00366	0.01402	0.00854	0.00732
68	0.01125	0.00762	0.00900	0.00900	0.00918	0.00781	0.00537	0.01162	0.01144	0.01543	0.02394	0.04801	0.02700	0.63739	0.12796	0.00818	0.00930	0.01088	0.00462	0.00500
69	0.01863	0.01927	0.06329	0.06941	0.06156	0.01733	0.31358	0.09526	0.01952	0.02751	0.01566	0.01952	0.01197	0.00689	0.00786	0.00220	0.01016	0.00740	0.03009	0.18289
70	0.05162	0.46915	0.06058	0.01509	0.02100	0.06699	0.01423	0.09251	0.04371	0.02312	0.01260	0.01440	0.01080	0.00779	0.00732	0.00200	0.06781	0.00498	0.00408	0.01021
71	0.31963	0.01388	0.01548	0.01242	0.01796	0.01368	0.01025	0.03207	0.01876	0.43693	0.02305	0.02113	0.01508	0.00868	0.00665	0.00240	0.00637	0.00643	0.00777	0.01137
72	0.01059	0.00784	0.00987	0.00950	0.01138	0.00713	0.00707	0.01383	0.02083	0.02876	0.53990	0.09970	0.17092	0.01697	0.00919	0.00251	0.00375	0.01488	0.00824	0.00713
73	0.01129	0.00745	0.00844	0.00857	0.00869	0.00741	0.00492	0.01156	0.01177	0.01603	0.02582	0.09925	0.02950	0.64209	0.03569	0.00693	0.00711	0.01188	0.04065	0.00493
74	0.01608	0.01378	0.01608	0.01148	0.01837	0.01034	0.00919	0.01952	0.01608	0.02527	0.01378	0.01608	0.01148	0.00574	0.00574	0.00115	0.00574	0.00459	0.00459	0.77491
75	0.01097	0.00793	0.01036	0.00975	0.01158	0.00732	0.00732	0.01463	0.02195	0.03109	0.67505	0.05792	0.07316	0.01585	0.00914	0.00244	0.00366	0.01402	0.00854	0.00732
76	0.01347	0.00673	0.01010	0.01010	0.01010	0.00673	0.00673	0.01010	0.01010	0.01347	0.01347	0.02357	0.01347	0.02694	0.03030	0.77441	0.00673	0.00673	0.00337	0.00337
77	0.01097	0.00793	0.01036	0.00975	0.01158	0.00732	0.00732	0.01463	0.02195	0.03109	0.67505	0.05792	0.07316	0.01585	0.00914	0.00244	0.00366	0.01402	0.00854	0.00732
78	0.02045	0.64040	0.06413	0.01388	0.02034	0.05882	0.01379	0.02318	0.01590	0.01851	0.01142	0.01349	0.01038	0.00910	0.03710	0.00220	0.00925	0.00444	0.00338	0.00983
79	0.02249	0.08065	0.03375	0.05022	0.03149	0.12896	0.28470	0.16299	0.05222	0.02856	0.01581	0.01885	0.01209	0.00785	0.00861	0.00240	0.03533	0.00743	0.00487	0.01072
80	0.01671	0.01672	0.02466	0.11239	0.02564	0.02270	0.04577	0.01909	0.01264	0.01909	0.01090	0.01763	0.01027	0.01248	0.02237	0.00325	0.58876	0.00690	0.00342	0.00859
81	0.01909	0.01643	0.01738	0.01573	0.02004	0.01898	0.01228	0.04046	0.64607	0.03216	0.03184	0.03065	0.02429	0.01084	0.00797	0.00266	0.00617	0.02697	0.00787	0.01212
82	0.01584	0.00948	0.01211	0.01070	0.01351	0.00875	0.00827	0.04845	0.02236	0.14456	0.48831	0.05183	0.10546	0.01474	0.00885	0.00244	0.00442	0.01278	0.00858	0.00856
83	0.00924	0.00786	0.00796	0.00793	0.01052	0.00658	0.00595	0.01127	0.01785	0.02136	0.10271	0.07394	0.65157	0.01948	0.00916	0.00261	0.00392	0.01627	0.00725	0.00658
84	0.01109	0.00824	0.01211	0.01211	0.01338	0.00950	0.00926	0.01362	0.01236	0.01774	0.02109	0.03222	0.02015	0.11639	0.63959	0.01203	0.01962	0.00857	0.00420	0.00673
85	0.00934	0.00786	0.00810	0.00804	0.01058	0.00662	0.00603	0.01147	0.01809	0.02193	0.13614	0.07301	0.61779	0.01927	0.00916	0.00260	0.00390	0.01614	0.00733	0.00662
86	0.01572	0.01531	0.02736	0.46540	0.15512	0.01730	0.11515	0.02083	0.01625	0.02149	0.01549	0.05174	0.01270	0.00817	0.00804	0.00257	0.01029	0.00791	0.00375	0.00940
87	0.00924	0.00786	0.00795	0.00793	0.01052	0.00658	0.00595	0.01127	0.01784	0.02135	0.10207	0.07396	0.65222	0.01949	0.00916	0.00261	0.00392	0.01627	0.00725	0.00658
88	0.11204	0.01250	0.01572	0.01268	0.01764	0.01161	0.01029	0.03167	0.05083	0.45216	0.15700	0.03127	0.02897	0.01062	0.00774	0.00242	0.00592	0.00869	0.00878	0.01145
89	0.02979	0.02122	0.02296	0.01760	0.02380	0.02330	0.01454	0.61713	0.03562	0.08621	0.01932	0.01907	0.01354	0.00932	0.00776	0.00233	0.00842	0.00703	0.00786	0.01319
90	0.00957	0.00691	0.00896	0.01045	0.01110	0.00641	0.00702	0.01102	0.01524	0.02022	0.07382	0.61994	0.09638	0.04996	0.01092	0.00324	0.00453	0.02086	0.00717	0.00630
91	0.02584	0.01859	0.02065	0.04396	0.02311	0.02045	0.01368	0.42150	0.13885	0.09152	0.02363	0.08210	0.01861	0.01077	0.00797	0.00247	0.00770	0.00865	0.00770	0.01225
92	0.01608	0.01378	0.01608	0.01148	0.01837	0.01034	0.00919	0.01952	0.01608	0.02527	0.01378	0.01608	0.01148	0.00574	0.00574	0.00115	0.00574	0.00459	0.00459	0.77491
93	0.02439	0.01809	0.02066	0.04813	0.02282	0.01991	0.01361	0.37268	0.08280	0.07624	0.02041	0.05340	0.01623	0.03725	0.01038	0.00259	0.06697	0.00781	0.00689	0.07873
94	0.01327	0.00843	0.01110	0.01014	0.01238	0.00771	0.00771	0.01687	0.02197	0.09418	0.61282	0.05487	0.06795	0.01525	0.00901	0.00243	0.00394	0.01342	0.00864	0.00788
95	0.01677	0.01411	0.01665	0.04012	0.01992	0.01147	0.01001	0.06477	0.01776	0.02698	0.04129	0.01816	0.01409	0.00649	0.00611	0.00134	0.00604	0.00525	0.00494	0.65773
96	0.01111	0.00817	0.01178	0.01178	0.01292	0.00932	0.00884	0.01341	0.01226	0.01749	0.02140	0.03393	0.02089	0.17274	0.58425	0.01161	0.01850	0.00882	0.00425	0.00654
97	0.78228	0.01499	0.01140	0.01020	0.01499	0.01739	0.00840	0.02279	0.01320	0.03479	0.01080	0.01260	0.00840	0.00720	0.00480	0.00240	0.00600	0.00420	0.00480	0.00840
98	0.01485	0.01407	0.02330	0.64609	0.05039	0.01782	0.02112	0.01971	0.01517	0.01971	0.01345	0.02033	0.01032	0.00828	0.00937	0.00266	0.07444	0.00688	0.00344	0.00860
99	0.00945	0.00675	0.00900	0.01080	0.01125	0.00630	0.00720	0.01080	0.01484	0.01979	0.04274	0.72245	0.05128	0.02429	0.00990	0.00315	0.00450	0.02204	0.00720	0.00630
100	0.01555	0.04011	0.68733	0.02210	0.03356	0.01801	0.02865	0.02455	0.01637	0.02455	0.01391	0.01637	0.00982	0.00737	0.00737	0.00246	0.01146	0.00573	0.00327	0.01146
101	0.01833	0.02079	0.04491	0.03217	0.03991	0.01960	0.63185	0.02533	0.03767	0.02506	0.01616	0.02116	0.01212	0.00666	0.00911	0.00261	0.01286	0.00914	0.00404	0.01051
102	0.01211	0.00809	0.00910	0.00896	0.00934	0.00817	0.00532	0.04015	0.01281	0.01739	0.02528	0.08787	0.02854	0.62466	0.03492	0.00679	0.00722	0.01155	0.03644	0.00527
103	0.01929	0.01666	0.01753	0.01578	0.02016	0.01929	0.01227	0.04120	0.66513	0.03243	0.03156	0.02893	0.02367	0.01052	0.00789	0.00263	0.00614	0.00877	0.00789	0.01227
104	0.01555	0.04011	0.68733	0.02210	0.03356	0.01801	0.02865	0.02455	0.01637	0.02455	0.01391	0.01637	0.00982	0.00737	0.00737	0.00246	0.01146	0.00573	0.00327	0.01146
105	0.00945	0.00675	0.00900	0.01080	0.01125	0.00630	0.00720	0.01080	0.01484	0.01979	0.04274	0.72245	0.05128	0.02429	0.00990	0.00315	0.00450	0.02204	0.00720	0.00630
106	0.01248	0.00988	0.01096	0.01023	0.01250	0.04220	0.00777	0.01544	0.02030	0.05273	0.41158	0.05808	0.24862	0.01628	0.00958	0.00250	0.02988	0.01378	0.00776	0.00744
107	0.01097	0.00793	0.01036	0.00975	0.01158	0.00732	0.00732	0.01463	0.02195	0.03109	0.67505	0.05792	0.07316	0.01585	0.00914	0.00244	0.00366	0.01402	0.00854	0.00732
108	0.02902	0.02149	0.02301	0.01775	0.02387	0.02383	0.01463	0.62606	0.06442	0.04813	0.01919	0.01907	0.01365	0.00936	0.00776	0.00234	0.00843	0.00706	0.00776	0.01315
109	0.01618	0.01411	0.01745	0.01246	0.01940	0.01076	0.03881	0.01977	0.01618	0.02525	0.01387	0.01630	0.01150	0.00578	0.00590	0.00122	0.00608	0.00480	0.00456	0.73962
110	0.01919	0.01842	0.03147	0.04759	0.67914	0.01842	0.02380	0.02380	0.01765	0.02533	0.01458	0.01919	0.01228	0.00691	0.00768	0.00230	0.00921	0.00691	0.00384	0.01228
111	0.01406	0.01179	0.01342	0.01245	0.01527	0.04092	0.03835	0.10830	0.03869	0.02564	0.07311	0.24402	0.26913	0.01799	0.00910	0.00274	0.00584	0.04418	0.00705	0.00796
112	0.04904	0.01418	0.02278	0.60233	0.04807	0.01795	0.02045	0.01982	0.01500	0.02035	0.01325	0.01991	0.01023	0.00837	0.00956	0.00266	0.08719	0.00676	0.00350	0.00859
113	0.10954	0.04655	0.01945	0.01429	0.01993	0.01466	0.04845	0.07673	0.04974	0.28952	0.02378	0.02317	0.03788	0.00886	0.00764	0.00220	0.03041	0.00701	0.03311	0.13707
114	0.57981	0.15008	0.04823	0.01165	0.01707	0.04318	0.01046	0.02323	0.01412	0.03070	0.01098	0.01279	0.00881	0.00713	0.00502	0.00225	0.00695	0.00429	0.00443	0.00885
115	0.14633	0.04895	0.03776	0.07262	0.01917	0.07125	0.01079	0.06774	0.06770	0.02650	0.07009	0.04082	0.26595	0.01281	0.00765	0.00245	0.00665	0.01017	0.00603	0.00855
116	0.24424	0.07626	0.13901	0.06701	0.11128	0.05009	0.04641	0.07784	0.01776	0.05565	0.01491	0.04055	0.01197	0.00805	0.00670	0.00236	0.00874	0.00627	0.00465	0.01024
117	0.02114	0.13179	0.02650	0.07574	0.05591	0.16470	0.10685	0.08941	0.05001	0.05067	0.04677	0.07913	0.04834	0.00998	0.00766	0.00231	0.00959	0.00846	0.00520	0.00983

[dist]
# distance from previous block
# <min> <max>
9	23

[block]
# block no. 3 follows, 25 sequences, length 6
# corresponding to MSA columns:
# 244-249
name=unknown_D
#
# <colnr> <probs for GDERKNQSTAVLIFYWHMCP>
#	G	D	E	R	K	N	Q	S	T	A	V	L	I	F	Y	W	H	M	C	P
0	0.01808	0.02049	0.06962	0.07530	0.09673	0.06763	0.28165	0.02397	0.04751	0.02370	0.01548	0.02001	0.01229	0.01010	0.04532	0.00293	0.06005	0.00752	0.00409	0.09754
1	0.07678	0.11356	0.02334	0.05040	0.04876	0.23915	0.05406	0.07130	0.01969	0.07881	0.01923	0.06810	0.03790	0.01255	0.05084	0.00288	0.01067	0.00743	0.00502	0.00954
2	0.01759	0.05136	0.01612	0.01289	0.01684	0.05685	0.01020	0.11127	0.09584	0.05113	0.14257	0.07809	0.10791	0.03958	0.00919	0.00251	0.00638	0.04765	0.00679	0.11924
3	0.09312	0.24698	0.07022	0.01495	0.02127	0.05253	0.01364	0.14423	0.06682	0.15281	0.01781	0.01785	0.01317	0.00809	0.00649	0.00211	0.00804	0.00585	0.00585	0.03818
4	0.01613	0.06589	0.05357	0.07055	0.02116	0.10689	0.05225	0.05130	0.01793	0.02279	0.08814	0.19719	0.05809	0.06389	0.01080	0.00282	0.02582	0.01149	0.00549	0.05783
5	0.04968	0.01709	0.02293	0.01796	0.02345	0.01760	0.12557	0.21503	0.13214	0.06134	0.02176	0.07298	0.01775	0.01266	0.05141	0.00298	0.00886	0.00847	0.00637	0.11396

[dist]
# distance from previous block
# <min> <max>
3	29

[block]
# block no. 4 follows, 25 sequences, length 9
# corresponding to MSA columns:
# 280-288
name=unknown_E
#
# <colnr> <probs for GDERKNQSTAVLIFYWHMCP>
#	G	D	E	R	K	N	Q	S	T	A	V	L	I	F	Y	W	H	M	C	P
0	0.01836	0.05869	0.06519	0.01575	0.01997	0.01576	0.06271	0.13816	0.04190	0.07997	0.17230	0.07544	0.05554	0.01599	0.06506	0.00333	0.06969	0.01003	0.00648	0.00968
1	0.05676	0.01369	0.01812	0.06951	0.02176	0.01276	0.05741	0.04217	0.04273	0.09298	0.06377	0.05270	0.01901	0.00873	0.00761	0.00196	0.03365	0.00731	0.05161	0.32578
2	0.01961	0.07587	0.05482	0.05281	0.02474	0.09233	0.10645	0.12170	0.05897	0.02698	0.02120	0.02348	0.06603	0.01082	0.03463	0.00259	0.04294	0.00736	0.03479	0.12189
3	0.11103	0.01946	0.05748	0.01971	0.05376	0.03511	0.10802	0.24575	0.02349	0.03441	0.06133	0.02108	0.01626	0.00920	0.00938	0.00244	0.08421	0.00727	0.04793	0.03269
4	0.10714	0.07422	0.02860	0.09953	0.02895	0.05193	0.20367	0.05965	0.01731	0.02504	0.05112	0.05234	0.01598	0.00962	0.01100	0.00262	0.13943	0.00802	0.00446	0.00933
5	0.01993	0.02055	0.06604	0.05663	0.03132	0.02157	0.26884	0.15396	0.01995	0.02777	0.01448	0.01902	0.01142	0.00931	0.01355	0.00278	0.22024	0.00772	0.00451	0.01040
6	0.01424	0.00932	0.01492	0.08617	0.01795	0.00923	0.05937	0.01326	0.01194	0.01625	0.01371	0.02228	0.01280	0.02111	0.02372	0.55214	0.00751	0.00672	0.00355	0.08381
7	0.67001	0.01478	0.01280	0.06654	0.01840	0.01697	0.00965	0.02357	0.01399	0.07759	0.01238	0.01418	0.00928	0.00740	0.00524	0.00241	0.00639	0.00466	0.00501	0.00874
8	0.68405	0.01432	0.01163	0.01045	0.01502	0.01627	0.00849	0.02286	0.01385	0.07276	0.01419	0.06243	0.01201	0.00852	0.00533	0.00245	0.00593	0.00565	0.00525	0.00854

[dist]
# distance from previous block
# <min> <max>
0	2

[block]
# block no. 5 follows, 25 sequences, length 10
# corresponding to MSA columns:
# 291-300
name=unknown_F
#
# <colnr> <probs for GDERKNQSTAVLIFYWHMCP>
#	G	D	E	R	K	N	Q	S	T	A	V	L	I	F	Y	W	H	M	C	P
0	0.10252	0.56661	0.03513	0.01381	0.01990	0.11501	0.01297	0.02417	0.01628	0.02009	0.01094	0.01265	0.00979	0.00687	0.00522	0.00178	0.00878	0.00426	0.00356	0.00966
1	0.01020	0.00726	0.00970	0.01129	0.01204	0.00691	0.00809	0.01201	0.01556	0.02072	0.07048	0.53509	0.04980	0.06003	0.01156	0.00342	0.00512	0.13716	0.00712	0.00642
2	0.01925	0.01789	0.02936	0.16039	0.51590	0.01868	0.02265	0.07517	0.01883	0.02632	0.01478	0.01940	0.01202	0.00725	0.00770	0.00235	0.00935	0.00691	0.00409	0.01172
3	0.06350	0.02314	0.02229	0.01767	0.02344	0.11012	0.01436	0.51612	0.06235	0.04362	0.01800	0.01822	0.01303	0.00910	0.00753	0.00230	0.00901	0.00668	0.00714	0.01238
4	0.00983	0.00691	0.00888	0.01030	0.01066	0.00656	0.00667	0.01090	0.01409	0.01879	0.03886	0.58038	0.04640	0.17302	0.01615	0.00407	0.00514	0.01977	0.00667	0.00596
5	0.01005	0.00727	0.00916	0.00991	0.01088	0.00675	0.00676	0.01188	0.01647	0.02216	0.20570	0.39529	0.11813	0.11632	0.01361	0.00350	0.00463	0.01796	0.00720	0.00637
6	0.01617	0.01509	0.02338	0.49063	0.04317	0.01931	0.01995	0.05945	0.01590	0.02135	0.01317	0.01960	0.01048	0.00933	0.01224	0.00277	0.18857	0.00687	0.00370	0.00887
7	0.01431	0.01185	0.01588	0.01467	0.01635	0.01452	0.01162	0.05081	0.09758	0.02146	0.01997	0.02757	0.01801	0.06425	0.40910	0.00861	0.16252	0.00809	0.00468	0.00818
8	0.01080	0.00796	0.01036	0.01154	0.01308	0.00751	0.00910	0.01342	0.01740	0.02272	0.12470	0.27399	0.16170	0.02130	0.01000	0.00314	0.00535	0.26179	0.00734	0.00680
9	0.01083	0.00853	0.00917	0.00923	0.01103	0.00810	0.00640	0.01424	0.08260	0.02037	0.05414	0.14900	0.34859	0.21300	0.01742	0.00403	0.00521	0.01494	0.00659	0.00660

[dist]
# distance from previous block
# <min> <max>
4	8

[block]
# block no. 6 follows, 25 sequences, length 27
# corresponding to MSA columns:
# 309-335
name=unknown_G
#
# <colnr> <probs for GDERKNQSTAVLIFYWHMCP>
#	G	D	E	R	K	N	Q	S	T	A	V	L	I	F	Y	W	H	M	C	P
0	0.03810	0.09340	0.58040	0.02040	0.03078	0.01845	0.02571	0.02388	0.01652	0.02469	0.04792	0.01810	0.01308	0.00774	0.00719	0.00239	0.01064	0.00599	0.00360	0.01103
1	0.01501	0.03357	0.01816	0.01635	0.05001	0.05729	0.08714	0.01967	0.07690	0.04818	0.15608	0.21490	0.11294	0.01532	0.00956	0.00266	0.03770	0.01353	0.00655	0.00849
2	0.01612	0.01300	0.01529	0.01136	0.01758	0.00993	0.00899	0.01934	0.01634	0.05371	0.01961	0.06622	0.04694	0.00782	0.00628	0.00141	0.00561	0.00647	0.00511	0.65286
3	0.02088	0.01785	0.09695	0.01582	0.05390	0.01365	0.01329	0.11692	0.02015	0.13555	0.01870	0.05287	0.01478	0.00805	0.00687	0.00184	0.00708	0.00657	0.00581	0.37245
4	0.01105	0.00819	0.01034	0.00983	0.01177	0.00763	0.00736	0.01512	0.04403	0.02982	0.57557	0.08200	0.12551	0.01631	0.00913	0.00249	0.00380	0.01433	0.00834	0.00738
5	0.01608	0.01378	0.01608	0.01148	0.01837	0.01034	0.00919	0.01952	0.01608	0.02527	0.01378	0.01608	0.01148	0.00574	0.00574	0.00115	0.00574	0.00459	0.00459	0.77491
6	0.04903	0.13459	0.06971	0.01610	0.02167	0.07947	0.01396	0.18087	0.25537	0.03193	0.02379	0.02332	0.04819	0.00950	0.00723	0.00233	0.00799	0.00728	0.00633	0.01137
7	0.01146	0.00815	0.00933	0.00902	0.01149	0.00707	0.00677	0.01390	0.01889	0.06998	0.23106	0.12137	0.41683	0.01832	0.00912	0.00260	0.00409	0.01562	0.00772	0.00720
8	0.01702	0.01434	0.01658	0.01193	0.01877	0.01130	0.00958	0.06387	0.01750	0.02692	0.01412	0.01626	0.01160	0.00599	0.00588	0.00123	0.00594	0.00476	0.00482	0.72161
9	0.02244	0.03324	0.01575	0.01237	0.01696	0.01091	0.00983	0.02668	0.06261	0.30080	0.15140	0.11565	0.03209	0.01189	0.00788	0.00227	0.00565	0.01013	0.00793	0.14350
10	0.00995	0.00749	0.00909	0.00951	0.01101	0.00676	0.00675	0.01217	0.01782	0.02361	0.25964	0.28812	0.23579	0.05288	0.01081	0.00297	0.00420	0.01729	0.00752	0.00663
11	0.01014	0.00710	0.00873	0.00975	0.01013	0.00678	0.00617	0.01100	0.01360	0.01801	0.03739	0.43047	0.07289	0.29656	0.02132	0.00482	0.00564	0.01759	0.00623	0.00569
12	0.07707	0.01593	0.02103	0.13578	0.10205	0.01635	0.04729	0.06535	0.16456	0.02818	0.01808	0.02027	0.01403	0.00768	0.00702	0.00211	0.00758	0.00655	0.00524	0.23786
13	0.02073	0.73217	0.04063	0.01327	0.01990	0.03068	0.01327	0.02322	0.01575	0.01824	0.01078	0.01244	0.00995	0.00663	0.00498	0.00166	0.00829	0.00415	0.00332	0.00995
14	0.02548	0.01756	0.01932	0.05110	0.02191	0.01922	0.01278	0.44504	0.03004	0.07229	0.02046	0.02146	0.01486	0.00918	0.00722	0.00222	0.00740	0.00707	0.18381	0.01157
15	0.01176	0.00842	0.00991	0.00948	0.01187	0.00758	0.00712	0.01516	0.04246	0.06310	0.32469	0.10765	0.31723	0.01746	0.00908	0.00257	0.00408	0.01501	0.00793	0.00743
16	0.01077	0.00779	0.01049	0.01108	0.01178	0.00831	0.00779	0.01240	0.01323	0.01840	0.02987	0.30369	0.03337	0.18328	0.24881	0.00719	0.03409	0.01420	0.02720	0.00627
17	0.01464	0.01378	0.02326	0.70887	0.05340	0.01723	0.02153	0.01981	0.01550	0.01981	0.01378	0.02067	0.01034	0.00775	0.00775	0.00258	0.01034	0.00689	0.00345	0.00861
18	0.01193	0.00893	0.01119	0.01045	0.01257	0.00869	0.00789	0.01769	0.09603	0.03125	0.60093	0.05458	0.06746	0.01524	0.00900	0.00246	0.00394	0.01342	0.00846	0.00789
19	0.01593	0.00903	0.00922	0.00856	0.01095	0.00923	0.00658	0.09487	0.01881	0.03081	0.02801	0.03069	0.06256	0.00977	0.00595	0.00192	0.00423	0.00780	0.62716	0.00791
20	0.56105	0.01597	0.01477	0.15839	0.02381	0.04913	0.01168	0.04278	0.01484	0.03134	0.01173	0.01456	0.00903	0.00742	0.00562	0.00242	0.00737	0.00489	0.00457	0.00862
21	0.06790	0.01586	0.01946	0.01818	0.08758	0.01674	0.01319	0.15785	0.14851	0.22013	0.09404	0.02671	0.02289	0.01018	0.00865	0.00247	0.04213	0.00814	0.00760	0.01178
22	0.01635	0.01286	0.01534	0.01147	0.01748	0.00990	0.00901	0.01924	0.01594	0.05542	0.01659	0.06642	0.01475	0.00842	0.00752	0.04508	0.00575	0.00609	0.00494	0.64144
23	0.01608	0.01378	0.01608	0.01148	0.01837	0.01034	0.00919	0.01952	0.01608	0.02527	0.01378	0.01608	0.01148	0.00574	0.00574	0.00115	0.00574	0.00459	0.00459	0.77491
24	0.06693	0.26162	0.02551	0.11872	0.02362	0.01999	0.01322	0.04470	0.01673	0.07560	0.03869	0.02340	0.01597	0.04279	0.00924	0.00239	0.05389	0.04109	0.00471	0.10118
25	0.02606	0.01722	0.01935	0.01545	0.02062	0.01816	0.01256	0.40286	0.02910	0.13760	0.02350	0.07398	0.01908	0.03701	0.00902	0.00257	0.00750	0.03919	0.04128	0.04788
26	0.01571	0.04561	0.01343	0.01150	0.01429	0.00972	0.00865	0.05020	0.01826	0.12531	0.11057	0.35989	0.08233	0.01740	0.00870	0.00262	0.00520	0.01529	0.00732	0.07800

[dist]
# distance from previous block
# <min> <max>
0	5

[block]
# block no. 7 follows, 25 sequences, length 14
# corresponding to MSA columns:
# 341-354
name=unknown_H
#
# <colnr> <probs for GDERKNQSTAVLIFYWHMCP>
#	G	D	E	R	K	N	Q	S	T	A	V	L	I	F	Y	W	H	M	C	P
0	0.09970	0.01337	0.01559	0.07529	0.02005	0.01353	0.01084	0.13530	0.04599	0.13260	0.15250	0.03521	0.12251	0.01145	0.00773	0.00233	0.00617	0.00936	0.00711	0.08336
1	0.02566	0.01613	0.01706	0.01389	0.01879	0.08362	0.01110	0.13627	0.06533	0.26937	0.09144	0.02962	0.06536	0.01040	0.00764	0.00225	0.00695	0.00834	0.05560	0.06516
2	0.01988	0.01676	0.04962	0.01771	0.02133	0.01838	0.04867	0.02849	0.20699	0.12310	0.02091	0.02292	0.01626	0.01388	0.05880	0.00340	0.24273	0.00757	0.00579	0.05682
