[name]
unknown

[dist]
# distance from previous block
# <min> <max>
0	39

[block]
# block no. 0 follows, 26 sequences, length 26
# corresponding to MSA columns:
# 39-64
name=unknown_A
#
# <colnr> <probs for GDERKNQSTAVLIFYWHMCP>
#	G	D	E	R	K	N	Q	S	T	A	V	L	I	F	Y	W	H	M	C	P
0	0.01384	0.10076	0.01513	0.01285	0.01532	0.01163	0.01124	0.01803	0.04717	0.02336	0.03363	0.06486	0.03471	0.01678	0.00885	0.00295	0.00655	0.43012	0.12465	0.00758
1	0.12995	0.00896	0.00939	0.00940	0.01130	0.00895	0.00679	0.02849	0.01501	0.02188	0.06047	0.12898	0.22677	0.21748	0.03309	0.00421	0.00592	0.06060	0.00598	0.00638
2	0.02019	0.01737	0.03060	0.09578	0.44997	0.01724	0.11919	0.02484	0.01775	0.10830	0.01634	0.02004	0.01263	0.00710	0.00775	0.00233	0.00936	0.00720	0.00445	0.01155
3	0.01606	0.01607	0.02489	0.02046	0.02186	0.02058	0.11406	0.01869	0.01382	0.02072	0.09553	0.02224	0.01796	0.01250	0.02043	0.00308	0.52068	0.00789	0.00403	0.00845
4	0.01357	0.01033	0.01367	0.11898	0.01916	0.01071	0.01021	0.09660	0.02229	0.03091	0.49567	0.04621	0.05473	0.01348	0.00857	0.00239	0.00518	0.01178	0.00749	0.00808
5	0.01110	0.00728	0.00845	0.00845	0.00877	0.00712	0.00505	0.01084	0.01164	0.01520	0.02893	0.04850	0.10800	0.53473	0.03349	0.12538	0.00679	0.01098	0.00470	0.00462
6	0.01249	0.00950	0.01271	0.11971	0.01892	0.00999	0.01013	0.09390	0.01729	0.02295	0.03448	0.53010	0.03931	0.01943	0.00910	0.00289	0.00578	0.01743	0.00655	0.00736
7	0.13662	0.01608	0.01700	0.01516	0.01897	0.01913	0.01200	0.03476	0.48776	0.03038	0.02511	0.02437	0.01919	0.01017	0.00942	0.00263	0.09594	0.00764	0.00670	0.01096
8	0.57136	0.12490	0.01518	0.01022	0.01460	0.01779	0.00849	0.02094	0.01306	0.02911	0.01224	0.01700	0.01089	0.09853	0.00900	0.00287	0.00640	0.00497	0.00446	0.00799
9	0.01623	0.01351	0.01740	0.12046	0.02322	0.01252	0.02974	0.10020	0.01941	0.02799	0.14991	0.02518	0.02353	0.00839	0.00694	0.00178	0.00645	0.00714	0.00548	0.38451
10	0.01645	0.01513	0.02209	0.01887	0.10554	0.01250	0.11061	0.02042	0.01626	0.02466	0.01387	0.01684	0.01138	0.00588	0.00637	0.00149	0.00715	0.00546	0.00430	0.56474
11	0.67050	0.01568	0.01293	0.01112	0.01603	0.01802	0.00917	0.12042	0.01641	0.03615	0.01174	0.01323	0.00893	0.00736	0.00514	0.00234	0.00625	0.00453	0.00514	0.00893
12	0.01074	0.00775	0.01014	0.00954	0.01133	0.00716	0.00716	0.01431	0.02147	0.03042	0.68211	0.05666	0.07157	0.01551	0.00895	0.00239	0.00358	0.01372	0.00835	0.00716
13	0.78701	0.01467	0.01115	0.00997	0.01467	0.01702	0.00821	0.02230	0.01291	0.03403	0.01056	0.01232	0.00821	0.00704	0.00469	0.00235	0.00587	0.00411	0.00469	0.00821
14	0.01877	0.01802	0.03079	0.04656	0.68612	0.01802	0.02328	0.02328	0.01727	0.02478	0.01427	0.01877	0.01201	0.00676	0.00751	0.00225	0.00901	0.00676	0.00375	0.01201
15	0.01931	0.01651	0.01740	0.01553	0.01989	0.01907	0.01211	0.06776	0.64423	0.03244	0.03031	0.02785	0.02270	0.01024	0.00771	0.00256	0.00611	0.00850	0.00771	0.01205
16	0.01887	0.01629	0.01715	0.01544	0.01972	0.01887	0.01201	0.04031	0.67241	0.03173	0.03087	0.02830	0.02315	0.01029	0.00772	0.00257	0.00600	0.00858	0.00772	0.01201
17	0.00930	0.00664	0.00885	0.01052	0.01101	0.00620	0.00705	0.01070	0.01478	0.01978	0.06592	0.70318	0.05097	0.02345	0.00965	0.00305	0.00437	0.02127	0.00709	0.00620
18	0.01074	0.00775	0.01014	0.00954	0.01133	0.00716	0.00716	0.01431	0.02147	0.03042	0.68211	0.05666	0.07157	0.01551	0.00895	0.00239	0.00358	0.01372	0.00835	0.00716
19	0.01779	0.01988	0.04218	0.06053	0.08936	0.01911	0.56553	0.02385	0.01756	0.02396	0.01503	0.02021	0.01145	0.00667	0.00924	0.00255	0.03244	0.00863	0.00380	0.01024
20	0.01898	0.01983	0.06387	0.04420	0.62622	0.04585	0.02317	0.02360	0.01738	0.02449	0.01413	0.01843	0.01180	0.00682	0.00747	0.00225	0.00931	0.00662	0.00373	0.01184
21	0.02790	0.01155	0.01564	0.01245	0.01725	0.01010	0.01010	0.03100	0.02165	0.51739	0.20160	0.03394	0.03267	0.01100	0.00797	0.00236	0.00570	0.00923	0.00911	0.01139
22	0.01488	0.00826	0.00951	0.00868	0.01090	0.00828	0.03780	0.04214	0.01675	0.02882	0.02404	0.02752	0.01881	0.00873	0.00557	0.00183	0.00417	0.00715	0.70873	0.00744
23	0.01646	0.18468	0.52346	0.02107	0.06298	0.02024	0.02463	0.02371	0.01595	0.02276	0.01300	0.01535	0.00976	0.00703	0.00673	0.00223	0.01045	0.00534	0.00324	0.01094
24	0.02948	0.01423	0.04024	0.01388	0.01937	0.01256	0.01166	0.10075	0.05273	0.49526	0.07690	0.05344	0.02313	0.01032	0.00779	0.00238	0.00651	0.00849	0.00874	0.01213
25	0.00965	0.00696	0.00922	0.01082	0.01157	0.00653	0.00764	0.01134	0.01523	0.02016	0.06169	0.59551	0.08111	0.02295	0.00973	0.00309	0.00468	0.09877	0.00707	0.00631

[dist]
# distance from previous block
# <min> <max>
0	2

[block]
# block no. 1 follows, 26 sequences, length 41
# corresponding to MSA columns:
# 67-107
name=unknown_B
#
# <colnr> <probs for GDERKNQSTAVLIFYWHMCP>
#	G	D	E	R	K	N	Q	S	T	A	V	L	I	F	Y	W	H	M	C	P
0	0.06568	0.01898	0.02071	0.01620	0.02197	0.02061	0.01330	0.45604	0.10314	0.15307	0.02121	0.02032	0.01480	0.00918	0.00747	0.00232	0.00765	0.00702	0.00776	0.01257
1	0.68696	0.05933	0.06111	0.01098	0.01624	0.01783	0.00990	0.02244	0.01328	0.03236	0.01078	0.01257	0.00840	0.00702	0.00488	0.00231	0.00638	0.00421	0.00450	0.00852
2	0.01182	0.00826	0.01088	0.01033	0.01206	0.00796	0.00785	0.01505	0.02012	0.05137	0.53936	0.08041	0.06286	0.04879	0.01097	0.00274	0.03018	0.05388	0.00789	0.00723
3	0.26306	0.01743	0.05991	0.01345	0.01874	0.01740	0.01163	0.25022	0.04537	0.06076	0.04978	0.02171	0.04580	0.00901	0.00657	0.00226	0.00677	0.00666	0.05643	0.03706
4	0.01067	0.00761	0.00955	0.00924	0.01101	0.00699	0.00686	0.01389	0.02010	0.02835	0.52108	0.10596	0.13442	0.01606	0.00874	0.00241	0.00367	0.01408	0.06233	0.00699
5	0.01796	0.09721	0.42134	0.02051	0.02898	0.02039	0.05409	0.11544	0.01835	0.02619	0.01363	0.01627	0.01023	0.00813	0.00933	0.00243	0.09880	0.00593	0.00389	0.01091
6	0.78701	0.01467	0.01115	0.00997	0.01467	0.01702	0.00821	0.02230	0.01291	0.03403	0.01056	0.01232	0.00821	0.00704	0.00469	0.00235	0.00587	0.00411	0.00469	0.00821
7	0.01103	0.00735	0.00827	0.00827	0.00827	0.00735	0.00460	0.01103	0.01103	0.01471	0.02390	0.04964	0.02758	0.73343	0.03861	0.00735	0.00735	0.01103	0.00460	0.00460
8	0.01105	0.00806	0.01186	0.01186	0.01324	0.00932	0.00921	0.01381	0.01243	0.01830	0.02061	0.02970	0.01899	0.05376	0.65787	0.01151	0.01922	0.00806	0.05435	0.00679
9	0.01887	0.01629	0.01715	0.01544	0.01972	0.01887	0.01201	0.04031	0.67241	0.03173	0.03087	0.02830	0.02315	0.01029	0.00772	0.00257	0.00600	0.00858	0.00772	0.01201
10	0.01607	0.03703	0.62620	0.02203	0.03281	0.01749	0.06997	0.02450	0.01634	0.04783	0.01431	0.01666	0.01006	0.00723	0.00734	0.00241	0.01115	0.00590	0.00347	0.01120
11	0.01521	0.03923	0.69413	0.02162	0.03283	0.01762	0.02802	0.02402	0.01601	0.02402	0.01361	0.01601	0.00961	0.00721	0.00721	0.00240	0.01121	0.00560	0.00320	0.01121
12	0.01057	0.00763	0.00999	0.00965	0.01130	0.00705	0.00714	0.01391	0.02072	0.02922	0.61279	0.12939	0.06925	0.01640	0.00903	0.00246	0.00367	0.01457	0.00821	0.00705
13	0.01432	0.01348	0.02275	0.71520	0.05224	0.01685	0.02107	0.01938	0.01517	0.01938	0.01348	0.02022	0.01011	0.00758	0.00758	0.00253	0.01011	0.00674	0.00337	0.00843
14	0.01555	0.03609	0.62228	0.02048	0.03084	0.01665	0.02596	0.02379	0.01660	0.04767	0.06142	0.01923	0.01431	0.00787	0.00734	0.00240	0.01051	0.00625	0.00378	0.01098
15	0.53148	0.01504	0.01504	0.14104	0.02259	0.01793	0.01168	0.06305	0.01470	0.03092	0.01155	0.01451	0.00901	0.00779	0.00709	0.00246	0.06604	0.00498	0.00453	0.00857
16	0.70964	0.01451	0.01199	0.03606	0.01635	0.01663	0.00888	0.02314	0.01356	0.07631	0.01193	0.01349	0.00897	0.00721	0.00499	0.00235	0.00606	0.00443	0.00495	0.00853
17	0.06513	0.01405	0.02286	0.59688	0.11842	0.01699	0.02047	0.01999	0.01525	0.02092	0.01338	0.01955	0.01019	0.00746	0.00739	0.00249	0.00972	0.00657	0.00350	0.00880
18	0.01432	0.01348	0.02275	0.71520	0.05224	0.01685	0.02107	0.01938	0.01517	0.01938	0.01348	0.02022	0.01011	0.00758	0.00758	0.00253	0.01011	0.00674	0.00337	0.00843
19	0.01088	0.00807	0.01018	0.00960	0.01155	0.00754	0.00721	0.01500	0.04605	0.02955	0.60143	0.05708	0.12599	0.01565	0.00890	0.00241	0.00370	0.01373	0.00821	0.00727
20	0.78701	0.01467	0.01115	0.00997	0.01467	0.01702	0.00821	0.02230	0.01291	0.03403	0.01056	0.01232	0.00821	0.00704	0.00469	0.00235	0.00587	0.00411	0.00469	0.00821
21	0.01103	0.00735	0.00827	0.00827	0.00827	0.00735	0.00460	0.01103	0.01103	0.01471	0.02390	0.04964	0.02758	0.73343	0.03861	0.00735	0.00735	0.01103	0.00460	0.00460
22	0.02028	0.73799	0.03975	0.01298	0.01947	0.03001	0.01298	0.02271	0.01541	0.01785	0.01055	0.01217	0.00973	0.00649	0.00487	0.00162	0.00811	0.00406	0.00324	0.00973
23	0.01084	0.00782	0.01029	0.00986	0.01164	0.00727	0.00751	0.01441	0.02119	0.02987	0.63675	0.05870	0.06960	0.01589	0.00905	0.00246	0.00382	0.05763	0.00825	0.00714
24	0.01074	0.00775	0.01014	0.00954	0.01133	0.00716	0.00716	0.01431	0.02147	0.03042	0.68211	0.05666	0.07157	0.01551	0.00895	0.00239	0.00358	0.01372	0.00835	0.00716
25	0.01982	0.01677	0.01769	0.01563	0.02009	0.01931	0.01224	0.09981	0.61135	0.03327	0.02966	0.02733	0.02217	0.01018	0.00771	0.00254	0.00623	0.00841	0.00771	0.01209
26	0.01104	0.00748	0.00985	0.01022	0.01152	0.00696	0.00733	0.01349	0.01797	0.04890	0.33888	0.33404	0.05771	0.05182	0.01062	0.00294	0.00433	0.04044	0.00762	0.00683
27	0.02168	0.01799	0.01932	0.08064	0.04407	0.06353	0.01370	0.13955	0.40338	0.07405	0.02538	0.02449	0.01878	0.00952	0.00761	0.00246	0.00739	0.00776	0.00704	0.01168
28	0.78701	0.01467	0.01115	0.00997	0.01467	0.01702	0.00821	0.02230	0.01291	0.03403	0.01056	0.01232	0.00821	0.00704	0.00469	0.00235	0.00587	0.00411	0.00469	0.00821
29	0.01720	0.10150	0.41440	0.02529	0.10907	0.01896	0.13801	0.02426	0.01662	0.04456	0.01421	0.01706	0.01053	0.00701	0.00734	0.00233	0.01078	0.00625	0.00358	0.01104
30	0.01432	0.01348	0.02275	0.71520	0.05224	0.01685	0.02107	0.01938	0.01517	0.01938	0.01348	0.02022	0.01011	0.00758	0.00758	0.00253	0.01011	0.00674	0.00337	0.00843
31	0.68347	0.01447	0.01236	0.05615	0.01745	0.01659	0.00926	0.02314	0.01368	0.07953	0.01212	0.01379	0.00908	0.00724	0.00509	0.00236	0.00619	0.00453	0.00494	0.00856
32	0.01618	0.04009	0.02056	0.11156	0.02315	0.01758	0.03165	0.01968	0.04478	0.05324	0.02286	0.02625	0.11055	0.01166	0.01499	0.00266	0.31557	0.00788	0.00453	0.10457
33	0.00924	0.00660	0.00880	0.01056	0.01100	0.00616	0.00704	0.01056	0.01452	0.01936	0.04181	0.72848	0.05017	0.02376	0.00968	0.00308	0.00440	0.02156	0.00704	0.00616
34	0.02951	0.02016	0.02209	0.01694	0.02298	0.02191	0.01399	0.57952	0.03384	0.13167	0.01974	0.01920	0.01367	0.00914	0.00759	0.00229	0.00810	0.00693	0.00782	0.01290
35	0.01432	0.01348	0.02275	0.71520	0.05224	0.01685	0.02107	0.01938	0.01517	0.01938	0.01348	0.02022	0.01011	0.00758	0.00758	0.00253	0.01011	0.00674	0.00337	0.00843
36	0.01003	0.00790	0.00908	0.00897	0.01107	0.00711	0.00665	0.01321	0.04146	0.02462	0.30664	0.13229	0.35777	0.01793	0.00899	0.00255	0.00387	0.01543	0.00757	0.00687
37	0.37307	0.01489	0.01739	0.31207	0.03170	0.01767	0.01439	0.09167	0.01639	0.02930	0.01265	0.01635	0.00954	0.00750	0.00625	0.00242	0.00795	0.00553	0.00445	0.00882
38	0.06559	0.24156	0.13754	0.01690	0.02324	0.10440	0.01577	0.10964	0.10187	0.05273	0.01788	0.01955	0.01420	0.00906	0.00714	0.00242	0.00926	0.00622	0.03363	0.01139
39	0.19549	0.05998	0.06765	0.01823	0.09715	0.03349	0.05699	0.09589	0.06175	0.06284	0.11082	0.04426	0.04562	0.00960	0.00711	0.00234	0.00730	0.00789	0.00573	0.00986
40	0.05199	0.01625	0.01902	0.03686	0.02141	0.01673	0.01242	0.28496	0.07157	0.30630	0.02696	0.02514	0.05554	0.00979	0.00761	0.00235	0.00712	0.00773	0.00808	0.01217

[dist]
# distance from previous block
# <min> <max>
0	31

[block]
# block no. 2 follows, 26 sequences, length 31
# corresponding to MSA columns:
# 139-169
name=unknown_C
#
# <colnr> <probs for GDERKNQSTAVLIFYWHMCP>
#	G	D	E	R	K	N	Q	S	T	A	V	L	I	F	Y	W	H	M	C	P
0	0.02618	0.01732	0.01997	0.04707	0.02254	0.01780	0.01285	0.37393	0.02776	0.16866	0.02055	0.05022	0.01528	0.00915	0.00736	0.00215	0.00743	0.00724	0.00722	0.13932
1	0.08161	0.01492	0.02046	0.10116	0.02382	0.01688	0.03526	0.04339	0.01644	0.21555	0.01701	0.01944	0.01267	0.00976	0.01302	0.00256	0.24697	0.00658	0.00546	0.09705
2	0.72800	0.01518	0.01205	0.01056	0.01536	0.01752	0.00870	0.07199	0.01468	0.03510	0.01116	0.01278	0.00858	0.00720	0.00492	0.00234	0.00606	0.00432	0.00492	0.00858
3	0.12281	0.01372	0.02033	0.46311	0.06278	0.01677	0.01767	0.02017	0.03730	0.02276	0.06258	0.02173	0.01486	0.00860	0.00863	0.00255	0.06407	0.00694	0.00408	0.00854
4	0.01605	0.01462	0.02369	0.51329	0.09246	0.01747	0.04878	0.06968	0.01689	0.02254	0.01430	0.02013	0.01093	0.00794	0.00845	0.00250	0.04712	0.00686	0.03725	0.00905
5	0.05625	0.03524	0.57032	0.02353	0.08310	0.01770	0.06181	0.02389	0.01605	0.02462	0.01360	0.01628	0.00983	0.00712	0.00720	0.00240	0.01085	0.00580	0.00336	0.01106
6	0.01234	0.00945	0.01308	0.01236	0.01375	0.01106	0.00963	0.01483	0.01265	0.01913	0.01924	0.02842	0.01794	0.09190	0.43630	0.00873	0.11797	0.00781	0.09579	0.04761
7	0.01743	0.01468	0.01871	0.20086	0.05813	0.01691	0.01490	0.03118	0.37517	0.04901	0.02654	0.03203	0.02135	0.01057	0.00798	0.00264	0.00735	0.07767	0.00637	0.01054
8	0.01074	0.00775	0.01014	0.00954	0.01133	0.00716	0.00716	0.01431	0.02147	0.03042	0.68211	0.05666	0.07157	0.01551	0.00895	0.00239	0.00358	0.01372	0.00835	0.00716
9	0.78701	0.01467	0.01115	0.00997	0.01467	0.01702	0.00821	0.02230	0.01291	0.03403	0.01056	0.01232	0.00821	0.00704	0.00469	0.00235	0.00587	0.00411	0.00469	0.00821
10	0.01848	0.02125	0.04189	0.06700	0.03911	0.06934	0.57767	0.02448	0.01802	0.02362	0.01498	0.01995	0.01131	0.00656	0.00872	0.00251	0.01271	0.00854	0.00382	0.01003
11	0.01084	0.00813	0.01219	0.01219	0.01354	0.00948	0.00948	0.01354	0.01219	0.01761	0.02032	0.02980	0.01896	0.05689	0.70337	0.01219	0.02032	0.00813	0.00406	0.00677
12	0.01062	0.00775	0.01001	0.00968	0.01147	0.00714	0.00732	0.01398	0.02066	0.02882	0.57728	0.08718	0.11418	0.01641	0.00906	0.00249	0.00381	0.04696	0.00813	0.00705
13	0.01074	0.00775	0.01014	0.00954	0.01133	0.00716	0.00716	0.01431	0.02147	0.03042	0.68211	0.05666	0.07157	0.01551	0.00895	0.00239	0.00358	0.01372	0.00835	0.00716
14	0.02028	0.73799	0.03975	0.01298	0.01947	0.03001	0.01298	0.02271	0.01541	0.01785	0.01055	0.01217	0.00973	0.00649	0.00487	0.00162	0.00811	0.00406	0.00324	0.00973
15	0.00942	0.00674	0.00896	0.01044	0.01104	0.00628	0.00705	0.01101	0.01534	0.02067	0.11760	0.64896	0.05270	0.02279	0.00959	0.00300	0.00430	0.02063	0.00720	0.00628
16	0.01686	0.01484	0.02014	0.01457	0.02119	0.01233	0.10077	0.07038	0.01785	0.02672	0.04178	0.01828	0.01390	0.00641	0.00638	0.00147	0.00676	0.00569	0.00481	0.57887
17	0.02931	0.02048	0.02229	0.01709	0.02314	0.02238	0.01412	0.60330	0.03438	0.10714	0.01929	0.01891	0.01344	0.00913	0.00759	0.00228	0.00817	0.00690	0.00775	0.01290
18	0.01103	0.00735	0.00827	0.00827	0.00827	0.00735	0.00460	0.01103	0.01103	0.01471	0.02390	0.04964	0.02758	0.73343	0.03861	0.00735	0.00735	0.01103	0.00460	0.00460
19	0.01521	0.03923	0.69413	0.02162	0.03283	0.01762	0.02802	0.02402	0.01601	0.02402	0.01361	0.01601	0.00961	0.00721	0.00721	0.00240	0.01121	0.00560	0.00320	0.01121
20	0.02614	0.02673	0.02204	0.05760	0.02438	0.33967	0.01510	0.20888	0.02372	0.05352	0.01413	0.01626	0.01107	0.00906	0.00986	0.00230	0.11851	0.00592	0.00506	0.01004
21	0.00963	0.00689	0.00917	0.01049	0.01123	0.00644	0.00725	0.01145	0.01593	0.02155	0.16180	0.57957	0.05395	0.02212	0.00957	0.00296	0.00434	0.04198	0.00728	0.00638
22	0.02977	0.01196	0.01624	0.01277	0.01789	0.01042	0.01042	0.03282	0.02167	0.57040	0.14929	0.03146	0.02844	0.01051	0.00787	0.00235	0.00593	0.00874	0.00920	0.01186
23	0.00924	0.00660	0.00880	0.01056	0.01100	0.00616	0.00704	0.01056	0.01452	0.01936	0.04181	0.72848	0.05017	0.02376	0.00968	0.00308	0.00440	0.02156	0.00704	0.00616
24	0.01573	0.01348	0.01573	0.01123	0.01798	0.01011	0.00899	0.01910	0.01573	0.02472	0.01348	0.01573	0.01123	0.00562	0.00562	0.00112	0.00562	0.00449	0.00449	0.77980
25	0.00924	0.00660	0.00880	0.01056	0.01100	0.00616	0.00704	0.01056	0.01452	0.01936	0.04181	0.72848	0.05017	0.02376	0.00968	0.00308	0.00440	0.02156	0.00704	0.00616
26	0.01087	0.00729	0.00832	0.00847	0.00851	0.00725	0.00481	0.01099	0.01133	0.01511	0.02546	0.10872	0.02954	0.67166	0.03609	0.00698	0.00710	0.01195	0.00481	0.00473
27	0.01596	0.01488	0.02441	0.53575	0.08265	0.01760	0.06768	0.05534	0.06772	0.02250	0.01527	0.02068	0.01148	0.00774	0.00769	0.00250	0.00984	0.00705	0.00399	0.00927
28	0.02544	0.05570	0.02405	0.02303	0.11197	0.46603	0.03342	0.06169	0.04376	0.02151	0.01303	0.01543	0.01077	0.00809	0.00812	0.00212	0.05654	0.00556	0.00415	0.00960
29	0.01488	0.01046	0.02910	0.01155	0.01419	0.00965	0.00916	0.07209	0.04444	0.09438	0.23992	0.15087	0.10754	0.06895	0.01108	0.00300	0.00539	0.08779	0.00748	0.00809
30	0.38123	0.04224	0.06700	0.09331	0.02285	0.04191	0.03294	0.11897	0.01816	0.05536	0.05064	0.01763	0.01336	0.00797	0.00620	0.00233	0.00758	0.00577	0.00514	0.00941

[dist]
# distance from previous block
# <min> <max>
2	15

[block]
# block no. 3 follows, 26 sequences, length 29
# corresponding to MSA columns:
# 185-213
name=unknown_D
#
# <colnr> <probs for GDERKNQSTAVLIFYWHMCP>
#	G	D	E	R	K	N	Q	S	T	A	V	L	I	F	Y	W	H	M	C	P
0	0.04742	0.01520	0.02481	0.38701	0.28897	0.01711	0.02080	0.02157	0.03819	0.02255	0.01510	0.02170	0.01226	0.00776	0.00753	0.00245	0.00928	0.02662	0.00383	0.00985
1	0.01943	0.01722	0.02900	0.14050	0.39648	0.01767	0.09347	0.07643	0.01882	0.06320	0.01653	0.02225	0.01341	0.00776	0.00782	0.00239	0.00933	0.03263	0.00447	0.01119
2	0.01045	0.00754	0.00989	0.00974	0.01127	0.00697	0.00713	0.01360	0.02016	0.02833	0.56097	0.18377	0.06752	0.01707	0.00909	0.00252	0.00373	0.01520	0.00810	0.00697
3	0.01103	0.00735	0.00827	0.00827	0.00827	0.00735	0.00460	0.01103	0.01103	0.01471	0.02390	0.04964	0.02758	0.73343	0.03861	0.00735	0.00735	0.01103	0.00460	0.00460
4	0.01035	0.00774	0.00960	0.00914	0.01109	0.00699	0.00685	0.01356	0.02056	0.02824	0.54958	0.06024	0.20546	0.01632	0.00895	0.00242	0.00364	0.01422	0.00806	0.00699
5	0.00933	0.00771	0.00822	0.00836	0.01071	0.00660	0.00634	0.01146	0.01753	0.02141	0.12358	0.10090	0.56422	0.01921	0.00909	0.00263	0.00404	0.05501	0.00715	0.00649
6	0.02028	0.73799	0.03975	0.01298	0.01947	0.03001	0.01298	0.02271	0.01541	0.01785	0.01055	0.01217	0.00973	0.00649	0.00487	0.00162	0.00811	0.00406	0.00324	0.00973
7	0.01521	0.03923	0.69413	0.02162	0.03283	0.01762	0.02802	0.02402	0.01601	0.02402	0.01361	0.01601	0.00961	0.00721	0.00721	0.00240	0.01121	0.00560	0.00320	0.01121
8	0.00946	0.00770	0.00837	0.00820	0.01055	0.00661	0.00615	0.01184	0.01846	0.02327	0.24609	0.06843	0.51205	0.01817	0.00896	0.00251	0.00377	0.01537	0.00741	0.00661
9	0.78701	0.01467	0.01115	0.00997	0.01467	0.01702	0.00821	0.02230	0.01291	0.03403	0.01056	0.01232	0.00821	0.00704	0.00469	0.00235	0.00587	0.00411	0.00469	0.00821
10	0.01855	0.01779	0.03038	0.08039	0.65405	0.01796	0.02317	0.02308	0.01716	0.02451	0.01423	0.01885	0.01192	0.00680	0.00751	0.00227	0.00907	0.00676	0.00374	0.01183
11	0.01222	0.00873	0.01222	0.01397	0.01572	0.00873	0.01222	0.01572	0.01746	0.02270	0.04016	0.08556	0.04365	0.02095	0.01048	0.00349	0.00698	0.63506	0.00698	0.00698
12	0.01521	0.03923	0.69413	0.02162	0.03283	0.01762	0.02802	0.02402	0.01601	0.02402	0.01361	0.01601	0.00961	0.00721	0.00721	0.00240	0.01121	0.00560	0.00320	0.01121
13	0.00924	0.00660	0.00880	0.01056	0.01100	0.00616	0.00704	0.01056	0.01452	0.01936	0.04181	0.72848	0.05017	0.02376	0.00968	0.00308	0.00440	0.02156	0.00704	0.00616
14	0.01103	0.00735	0.00827	0.00827	0.00827	0.00735	0.00460	0.01103	0.01103	0.01471	0.02390	0.04964	0.02758	0.73343	0.03861	0.00735	0.00735	0.01103	0.00460	0.00460
15	0.02883	0.02125	0.02276	0.01745	0.02352	0.02352	0.01442	0.66082	0.03566	0.04780	0.01821	0.01821	0.01290	0.00911	0.00759	0.00228	0.00835	0.00683	0.00759	0.01290
16	0.01743	0.02057	0.07154	0.08808	0.03956	0.01908	0.54996	0.02362	0.01733	0.02362	0.01489	0.02008	0.01124	0.00682	0.00942	0.00258	0.04187	0.00852	0.00375	0.01004
17	0.02637	0.05846	0.04811	0.01503	0.02142	0.01761	0.01289	0.30223	0.02591	0.20641	0.01962	0.01922	0.01375	0.00822	0.00701	0.00202	0.00738	0.00634	0.00698	0.17502
18	0.01103	0.00735	0.00827	0.00827	0.00827	0.00735	0.00460	0.01103	0.01103	0.01471	0.02390	0.04964	0.02758	0.73343	0.03861	0.00735	0.00735	0.01103	0.00460	0.00460
19	0.00912	0.00769	0.00790	0.00784	0.01034	0.00647	0.00588	0.01118	0.01765	0.02135	0.12898	0.07159	0.63036	0.01889	0.00896	0.00255	0.00382	0.01581	0.00716	0.00647
20	0.01582	0.01427	0.02336	0.56345	0.07470	0.01703	0.04637	0.07286	0.01681	0.02188	0.01397	0.02015	0.01064	0.00858	0.00876	0.04214	0.00985	0.00683	0.00375	0.00877
21	0.03210	0.01285	0.01699	0.01316	0.01870	0.01144	0.01083	0.06719	0.02194	0.60312	0.02889	0.02563	0.01853	0.00933	0.00743	0.00229	0.00631	0.00754	0.07331	0.01242
22	0.01074	0.00775	0.01014	0.00954	0.01133	0.00716	0.00716	0.01431	0.02147	0.03042	0.68211	0.05666	0.07157	0.01551	0.00895	0.00239	0.00358	0.01372	0.00835	0.00716
23	0.01452	0.01369	0.02311	0.68522	0.08067	0.01690	0.02116	0.01955	0.01526	0.01962	0.01352	0.02016	0.01020	0.00755	0.00758	0.00252	0.01006	0.00674	0.00339	0.00859
24	0.01760	0.01988	0.04292	0.08905	0.04069	0.01899	0.60530	0.02389	0.01767	0.02389	0.01519	0.02044	0.01139	0.00649	0.00884	0.00256	0.01256	0.00877	0.00380	0.01008
25	0.01868	0.01483	0.01603	0.01450	0.01860	0.01659	0.01138	0.03596	0.52789	0.07796	0.03558	0.03547	0.08501	0.01165	0.00798	0.00261	0.00589	0.04440	0.00774	0.01127
26	0.00924	0.00660	0.00880	0.01056	0.01100	0.00616	0.00704	0.01056	0.01452	0.01936	0.04181	0.72848	0.05017	0.02376	0.00968	0.00308	0.00440	0.02156	0.00704	0.00616
27	0.06305	0.65338	0.07931	0.01335	0.02004	0.02850	0.01366	0.02277	0.01531	0.01914	0.01074	0.01242	0.00964	0.00657	0.00500	0.00171	0.00818	0.00416	0.00332	0.00974
28	0.10532	0.02078	0.07652	0.01785	0.06364	0.04892	0.01454	0.37691	0.02731	0.09059	0.01791	0.01861	0.01290	0.00853	0.00705	0.00225	0.00809	0.00644	0.06425	0.01160

[dist]
# distance from previous block
# <min> <max>
0	1

[block]
# block no. 4 follows, 26 sequences, length 49
# corresponding to MSA columns:
# 215-263
name=unknown_E
#
# <colnr> <probs for GDERKNQSTAVLIFYWHMCP>
#	G	D	E	R	K	N	Q	S	T	A	V	L	I	F	Y	W	H	M	C	P
0	0.09274	0.04365	0.01907	0.01443	0.01965	0.01832	0.01185	0.34900	0.05490	0.11742	0.09636	0.02358	0.02052	0.00949	0.00721	0.00222	0.00691	0.00736	0.03979	0.04554
1	0.01379	0.00787	0.00884	0.03594	0.01124	0.00839	0.00659	0.01689	0.01499	0.02553	0.02328	0.02970	0.01944	0.08751	0.04093	0.00293	0.04034	0.00750	0.59138	0.00691
2	0.02072	0.01573	0.01699	0.01440	0.01884	0.01733	0.01141	0.19971	0.33492	0.05667	0.08150	0.02745	0.02356	0.01006	0.00746	0.00233	0.00617	0.00821	0.08494	0.04160
3	0.00978	0.00772	0.00881	0.00854	0.01074	0.00675	0.00640	0.01246	0.01921	0.02504	0.35453	0.06550	0.40250	0.01751	0.00896	0.00248	0.00372	0.01496	0.00764	0.00675
4	0.00924	0.00660	0.00880	0.01056	0.01100	0.00616	0.00704	0.01056	0.01452	0.01936	0.04181	0.72848	0.05017	0.02376	0.00968	0.00308	0.00440	0.02156	0.00704	0.00616
5	0.78701	0.01467	0.01115	0.00997	0.01467	0.01702	0.00821	0.02230	0.01291	0.03403	0.01056	0.01232	0.00821	0.00704	0.00469	0.00235	0.00587	0.00411	0.00469	0.00821
6	0.01887	0.01629	0.01715	0.01544	0.01972	0.01887	0.01201	0.04031	0.67241	0.03173	0.03087	0.02830	0.02315	0.01029	0.00772	0.00257	0.00600	0.00858	0.00772	0.01201
7	0.00907	0.00769	0.00783	0.00779	0.01031	0.00645	0.00584	0.01108	0.01753	0.02106	0.11180	0.07205	0.64772	0.01900	0.00896	0.00255	0.00383	0.01588	0.00712	0.00645
8	0.01573	0.01348	0.01573	0.01123	0.01798	0.01011	0.00899	0.01910	0.01573	0.02472	0.01348	0.01573	0.01123	0.00562	0.00562	0.00112	0.00562	0.00449	0.00449	0.77980
9	0.01246	0.00833	0.01009	0.00967	0.01198	0.00753	0.00723	0.01567	0.04019	0.08975	0.30340	0.16110	0.25959	0.01721	0.00890	0.00255	0.00415	0.01490	0.00781	0.00748
10	0.01573	0.01348	0.01573	0.01123	0.01798	0.01011	0.00899	0.01910	0.01573	0.02472	0.01348	0.01573	0.01123	0.00562	0.00562	0.00112	0.00562	0.00449	0.00449	0.77980
11	0.01943	0.01823	0.03027	0.04467	0.64308	0.01838	0.02270	0.06468	0.01847	0.02628	0.01452	0.01874	0.01207	0.00691	0.00751	0.00225	0.00897	0.00676	0.00400	0.01207
12	0.74150	0.01478	0.01186	0.01056	0.01498	0.01738	0.00871	0.02206	0.01283	0.03310	0.01053	0.01257	0.00832	0.00741	0.00589	0.00240	0.04802	0.00426	0.00461	0.00822
13	0.01810	0.01733	0.02957	0.14803	0.58992	0.01784	0.02294	0.02269	0.01695	0.02396	0.01415	0.01899	0.01173	0.00688	0.00752	0.00229	0.00918	0.00676	0.00370	0.01147
14	0.01573	0.01348	0.01573	0.01123	0.01798	0.01011	0.00899	0.01910	0.01573	0.02472	0.01348	0.01573	0.01123	0.00562	0.00562	0.00112	0.00562	0.00449	0.00449	0.77980
15	0.00924	0.00660	0.00880	0.01056	0.01100	0.00616	0.00704	0.01056	0.01452	0.01936	0.04181	0.72848	0.05017	0.02376	0.00968	0.00308	0.00440	0.02156	0.00704	0.00616
16	0.57896	0.01392	0.01254	0.01074	0.01555	0.01520	0.00882	0.02517	0.01531	0.18077	0.04928	0.01761	0.01382	0.00800	0.00557	0.00235	0.00588	0.00539	0.00593	0.00921
17	0.00940	0.00668	0.00881	0.01038	0.01083	0.00627	0.00689	0.01071	0.01451	0.01940	0.06018	0.66389	0.04935	0.06960	0.01154	0.00334	0.00457	0.02064	0.00692	0.00609
18	0.01083	0.00782	0.01027	0.00983	0.01162	0.00726	0.00749	0.01440	0.02121	0.02992	0.64042	0.05854	0.06976	0.01586	0.00905	0.00246	0.00380	0.05407	0.00826	0.00715
19	0.01630	0.03771	0.65505	0.02115	0.03205	0.01724	0.02705	0.02477	0.01634	0.06257	0.01455	0.01658	0.01014	0.00733	0.00723	0.00240	0.01094	0.00572	0.00356	0.01131
20	0.01521	0.03923	0.69413	0.02162	0.03283	0.01762	0.02802	0.02402	0.01601	0.02402	0.01361	0.01601	0.00961	0.00721	0.00721	0.00240	0.01121	0.00560	0.00320	0.01121
21	0.01024	0.00769	0.00948	0.00913	0.01105	0.00693	0.00681	0.01332	0.02016	0.02753	0.50756	0.08903	0.21967	0.01676	0.00898	0.00246	0.00368	0.01461	0.00798	0.00693
22	0.01426	0.01308	0.02201	0.67446	0.04979	0.01626	0.02023	0.01883	0.01486	0.01902	0.01346	0.02039	0.01029	0.00867	0.00886	0.04740	0.00991	0.00673	0.00337	0.00813
23	0.13782	0.01933	0.01876	0.01523	0.02052	0.10348	0.01231	0.26648	0.08489	0.19297	0.02192	0.02110	0.03339	0.00911	0.00714	0.00230	0.00786	0.00681	0.00714	0.01145
24	0.01497	0.01383	0.02275	0.68394	0.05095	0.01715	0.02077	0.04812	0.01609	0.02065	0.01369	0.02013	0.01024	0.00765	0.00758	0.00252	0.01003	0.00674	0.00356	0.00863
25	0.03978	0.01630	0.02243	0.23850	0.11603	0.01810	0.04115	0.13327	0.17331	0.05697	0.01914	0.02140	0.01431	0.00828	0.00748	0.00238	0.00832	0.00713	0.00551	0.05023
26	0.02028	0.73799	0.03975	0.01298	0.01947	0.03001	0.01298	0.02271	0.01541	0.01785	0.01055	0.01217	0.00973	0.00649	0.00487	0.00162	0.00811	0.00406	0.00324	0.00973
27	0.01174	0.00800	0.01035	0.00962	0.01165	0.00730	0.00727	0.01519	0.02124	0.06143	0.61518	0.05615	0.10516	0.01543	0.00888	0.00239	0.00373	0.01356	0.00832	0.00739
28	0.01832	0.01735	0.02837	0.11239	0.54287	0.01800	0.02174	0.02485	0.09315	0.02503	0.01611	0.02003	0.01311	0.00725	0.00754	0.00232	0.00878	0.00697	0.00418	0.01164
29	0.01035	0.00760	0.00970	0.00948	0.01117	0.00695	0.00699	0.01346	0.02013	0.02793	0.53478	0.14524	0.13403	0.01697	0.00904	0.00249	0.00371	0.01498	0.00804	0.00695
30	0.01101	0.00742	0.00859	0.00856	0.00872	0.00747	0.00500	0.01133	0.01156	0.01558	0.05298	0.04878	0.02902	0.66152	0.07655	0.00742	0.00795	0.01098	0.00473	0.00484
31	0.01694	0.01370	0.01528	0.01419	0.01770	0.01528	0.01130	0.03097	0.41392	0.05760	0.03805	0.04332	0.12131	0.01339	0.00910	0.00274	0.03762	0.10994	0.00738	0.01026
32	0.01051	0.00774	0.00983	0.00931	0.01119	0.00706	0.00698	0.01388	0.02094	0.02915	0.60510	0.05874	0.14937	0.01598	0.00895	0.00241	0.00361	0.01401	0.00818	0.00706
33	0.02298	0.01834	0.01947	0.01627	0.02129	0.02079	0.01300	0.29628	0.40974	0.03836	0.02565	0.02414	0.01892	0.00980	0.00766	0.00245	0.00697	0.00786	0.00766	0.01237
34	0.01825	0.01765	0.03060	0.11868	0.58510	0.01795	0.05444	0.02290	0.01707	0.02417	0.01424	0.01901	0.01178	0.00683	0.00759	0.00230	0.00932	0.00686	0.00372	0.01154
35	0.05383	0.10207	0.60039	0.02025	0.03071	0.01872	0.02567	0.02382	0.01581	0.02395	0.01318	0.01548	0.00955	0.00713	0.00687	0.00233	0.01066	0.00539	0.00328	0.01093
36	0.02833	0.03615	0.02149	0.01954	0.02345	0.70298	0.01466	0.03029	0.02149	0.01856	0.01172	0.01368	0.00977	0.00782	0.00684	0.00195	0.01368	0.00489	0.00391	0.00879
37	0.01432	0.01348	0.02275	0.71520	0.05224	0.01685	0.02107	0.01938	0.01517	0.01938	0.01348	0.02022	0.01011	0.00758	0.00758	0.00253	0.01011	0.00674	0.00337	0.00843
38	0.02489	0.33731	0.02937	0.01666	0.02174	0.39411	0.01393	0.04530	0.01929	0.01910	0.01141	0.01316	0.00985	0.00728	0.00601	0.00182	0.01113	0.00459	0.00373	0.00932
39	0.02413	0.01353	0.01744	0.01530	0.04516	0.01383	0.01183	0.08830	0.10793	0.30665	0.15023	0.03245	0.02868	0.01132	0.00952	0.00250	0.06948	0.03274	0.00794	0.01103
40	0.00911	0.00740	0.00809	0.00853	0.01049	0.00637	0.00616	0.01095	0.01673	0.02061	0.09323	0.24655	0.48883	0.02026	0.00915	0.00269	0.00398	0.01739	0.00710	0.00637
41	0.00995	0.00723	0.00917	0.01051	0.01121	0.00694	0.00711	0.01208	0.04232	0.01955	0.04098	0.56849	0.07654	0.10123	0.01279	0.00352	0.00486	0.04244	0.00680	0.00628
42	0.02007	0.13441	0.03660	0.02404	0.03099	0.02029	0.37164	0.08837	0.06180	0.05908	0.01646	0.01935	0.01246	0.00702	0.00778	0.00227	0.01034	0.00755	0.00469	0.06477
43	0.01932	0.57368	0.13833	0.01585	0.02314	0.02726	0.06877	0.02304	0.01571	0.01931	0.01140	0.01343	0.00986	0.00659	0.00556	0.00182	0.00896	0.00469	0.00329	0.01000
44	0.00918	0.00769	0.00799	0.00791	0.01038	0.00650	0.00594	0.01131	0.01781	0.02172	0.15184	0.07097	0.60727	0.01875	0.00896	0.00254	0.00381	0.01572	0.00721	0.00650
45	0.00991	0.00716	0.00937	0.01000	0.01113	0.00662	0.00705	0.01227	0.01776	0.02440	0.33278	0.40201	0.08151	0.01987	0.00932	0.00275	0.00401	0.01782	0.00763	0.00662
46	0.06210	0.01705	0.03678	0.01512	0.02074	0.01712	0.01262	0.27020	0.11626	0.27926	0.05553	0.02391	0.01898	0.00954	0.00755	0.00235	0.00707	0.00754	0.00806	0.01225
47	0.02689	0.01397	0.01704	0.01405	0.01909	0.01397	0.01128	0.03712	0.27709	0.39862	0.06370	0.02837	0.02320	0.01006	0.00773	0.00244	0.00613	0.00831	0.00868	0.01226
48	0.00959	0.00687	0.00911	0.01032	0.01108	0.00639	0.00707	0.01143	0.01614	0.02193	0.19051	0.57246	0.05514	0.02185	0.00951	0.00292	0.00421	0.01974	0.00734	0.00639

[dist]
# distance from previous block
# <min> <max>
0	30

# created by:
# /st0/software/busco_prod/Augustus/scripts/msa2prfl.pl ./align_prep/122218.fa
