[name]
unknown

[dist]
# distance from previous block
# <min> <max>
0	24

[block]
# block no. 0 follows, 25 sequences, length 22
# corresponding to MSA columns:
# 24-45
name=unknown_A
#
# <colnr> <probs for GDERKNQSTAVLIFYWHMCP>
#	G	D	E	R	K	N	Q	S	T	A	V	L	I	F	Y	W	H	M	C	P
0	0.15150	0.01192	0.01453	0.14404	0.02204	0.01336	0.01168	0.06889	0.03989	0.04990	0.02558	0.20196	0.02525	0.01362	0.00843	0.00270	0.03301	0.06376	0.08958	0.00836
1	0.04820	0.01412	0.02159	0.54279	0.04474	0.01732	0.01905	0.07028	0.01698	0.02338	0.01474	0.02062	0.01118	0.00820	0.00822	0.00253	0.03981	0.00680	0.06059	0.00886
2	0.01174	0.00820	0.01125	0.12650	0.01807	0.00861	0.00950	0.01444	0.01532	0.02208	0.03261	0.37774	0.03510	0.01922	0.03933	0.00317	0.00610	0.04217	0.19186	0.00697
3	0.07042	0.01716	0.01947	0.01510	0.02084	0.01764	0.01239	0.34203	0.02836	0.22466	0.07776	0.02368	0.01966	0.00957	0.00757	0.00227	0.00722	0.00749	0.00795	0.06876
4	0.01797	0.01718	0.02927	0.22485	0.51141	0.01810	0.02319	0.02273	0.01708	0.02385	0.01437	0.01959	0.01176	0.00713	0.00770	0.00238	0.00951	0.00690	0.00373	0.01130
5	0.01976	0.00981	0.01311	0.01134	0.01463	0.00876	0.00883	0.02300	0.02151	0.27438	0.38750	0.09530	0.05138	0.01414	0.00870	0.00248	0.00482	0.01229	0.00883	0.00944
6	0.00945	0.00675	0.00900	0.01080	0.01125	0.00630	0.00720	0.01080	0.01484	0.01979	0.04274	0.72245	0.05128	0.02429	0.00990	0.00315	0.00450	0.02204	0.00720	0.00630
7	0.01830	0.02092	0.04575	0.03268	0.04052	0.01961	0.65098	0.02484	0.01830	0.02484	0.01569	0.02092	0.01176	0.00654	0.00915	0.00261	0.01307	0.00915	0.00392	0.01046
8	0.00945	0.00675	0.00900	0.01080	0.01125	0.00630	0.00720	0.01080	0.01484	0.01979	0.04274	0.72245	0.05128	0.02429	0.00990	0.00315	0.00450	0.02204	0.00720	0.00630
9	0.01929	0.01666	0.01753	0.01578	0.02016	0.01929	0.01227	0.04120	0.66513	0.03243	0.03156	0.02893	0.02367	0.01052	0.00789	0.00263	0.00614	0.00877	0.00789	0.01227
10	0.00945	0.00675	0.00900	0.01080	0.01125	0.00630	0.00720	0.01080	0.01484	0.01979	0.04274	0.72245	0.05128	0.02429	0.00990	0.00315	0.00450	0.02204	0.00720	0.00630
11	0.03479	0.01320	0.01799	0.01380	0.01979	0.01140	0.01140	0.03779	0.02219	0.68451	0.03059	0.02639	0.01919	0.00960	0.00780	0.00240	0.00660	0.00780	0.00960	0.01320
12	0.01066	0.00791	0.00993	0.00943	0.01139	0.00718	0.00707	0.01403	0.02121	0.02935	0.57264	0.06079	0.17666	0.01650	0.00915	0.00247	0.00370	0.01442	0.00831	0.00718
13	0.00941	0.00786	0.00820	0.00812	0.01063	0.00665	0.00609	0.01161	0.01826	0.02235	0.16107	0.07231	0.59260	0.01911	0.00916	0.00259	0.00389	0.01604	0.00738	0.00665
14	0.01919	0.01842	0.03147	0.04759	0.67914	0.01842	0.02380	0.02380	0.01765	0.02533	0.01458	0.01919	0.01228	0.00691	0.00768	0.00230	0.00921	0.00691	0.00384	0.01228
15	0.01608	0.01378	0.01608	0.01148	0.01837	0.01034	0.00919	0.01952	0.01608	0.02527	0.01378	0.01608	0.01148	0.00574	0.00574	0.00115	0.00574	0.00459	0.00459	0.77491
16	0.02073	0.73217	0.04063	0.01327	0.01990	0.03068	0.01327	0.02322	0.01575	0.01824	0.01078	0.01244	0.00995	0.00663	0.00498	0.00166	0.00829	0.00415	0.00332	0.00995
17	0.03479	0.01320	0.01799	0.01380	0.01979	0.01140	0.01140	0.03779	0.02219	0.68451	0.03059	0.02639	0.01919	0.00960	0.00780	0.00240	0.00660	0.00780	0.00960	0.01320
18	0.01111	0.00803	0.01044	0.01020	0.01197	0.00750	0.00780	0.01451	0.02074	0.02890	0.53751	0.06212	0.09314	0.04957	0.01075	0.00283	0.00430	0.09331	0.00812	0.00714
19	0.03479	0.01320	0.01799	0.01380	0.01979	0.01140	0.01140	0.03779	0.02219	0.68451	0.03059	0.02639	0.01919	0.00960	0.00780	0.00240	0.00660	0.00780	0.00960	0.01320
20	0.01696	0.01696	0.02375	0.02036	0.02036	0.02375	0.01696	0.01866	0.01187	0.01866	0.01018	0.01696	0.01018	0.01357	0.02545	0.00339	0.71332	0.00679	0.00339	0.00848
21	0.01608	0.01378	0.01608	0.01148	0.01837	0.01034	0.00919	0.01952	0.01608	0.02527	0.01378	0.01608	0.01148	0.00574	0.00574	0.00115	0.00574	0.00459	0.00459	0.77491

[dist]
# distance from previous block
# <min> <max>
2	42

[block]
# block no. 1 follows, 25 sequences, length 10
# corresponding to MSA columns:
# 88-97
name=unknown_B
#
# <colnr> <probs for GDERKNQSTAVLIFYWHMCP>
#	G	D	E	R	K	N	Q	S	T	A	V	L	I	F	Y	W	H	M	C	P
0	0.20923	0.01036	0.01135	0.01150	0.01390	0.01073	0.00859	0.05534	0.01646	0.07400	0.03215	0.40972	0.03531	0.01779	0.00837	0.00288	0.00544	0.05228	0.00679	0.00781
1	0.01700	0.03087	0.41185	0.02312	0.07007	0.01852	0.08755	0.02877	0.18163	0.02663	0.01862	0.02020	0.01369	0.00806	0.00770	0.00251	0.01013	0.00692	0.00455	0.01161
2	0.03179	0.01647	0.08634	0.01491	0.02139	0.01302	0.01334	0.06230	0.05629	0.55621	0.02844	0.02518	0.01823	0.00941	0.00776	0.00241	0.00715	0.00760	0.00879	0.01297
3	0.20596	0.00893	0.00952	0.01043	0.01214	0.00914	0.00741	0.01387	0.01463	0.02369	0.03722	0.49475	0.08588	0.01961	0.00855	0.00292	0.00484	0.01709	0.00659	0.00685
4	0.01505	0.01437	0.02000	0.01793	0.01804	0.01931	0.01448	0.01666	0.01263	0.01895	0.01846	0.19637	0.02063	0.01630	0.02149	0.00333	0.53306	0.01067	0.00436	0.00793
5	0.01723	0.02042	0.09132	0.20529	0.10825	0.01875	0.37589	0.02343	0.01736	0.02359	0.01494	0.02030	0.01129	0.00695	0.00850	0.00256	0.01185	0.00807	0.00374	0.01026
6	0.01851	0.02198	0.19147	0.14380	0.18163	0.03600	0.02019	0.02600	0.09791	0.09159	0.02235	0.04490	0.05145	0.00916	0.00778	0.00248	0.00903	0.00786	0.00501	0.01094
7	0.00962	0.00787	0.00849	0.00834	0.01076	0.00674	0.00625	0.01202	0.01876	0.02353	0.23024	0.07037	0.52269	0.01867	0.00916	0.00257	0.00386	0.01577	0.00754	0.00674
8	0.00945	0.00675	0.00900	0.01080	0.01125	0.00630	0.00720	0.01080	0.01484	0.01979	0.04274	0.72245	0.05128	0.02429	0.00990	0.00315	0.00450	0.02204	0.00720	0.00630
9	0.01702	0.26062	0.30614	0.19385	0.03412	0.02197	0.02179	0.02291	0.01595	0.02128	0.01285	0.01617	0.00999	0.00722	0.00668	0.00223	0.01013	0.00550	0.00333	0.01024

[dist]
# distance from previous block
# <min> <max>
4	7

[block]
# block no. 2 follows, 25 sequences, length 11
# corresponding to MSA columns:
# 105-115
name=unknown_C
#
# <colnr> <probs for GDERKNQSTAVLIFYWHMCP>
#	G	D	E	R	K	N	Q	S	T	A	V	L	I	F	Y	W	H	M	C	P
0	0.01472	0.01099	0.01272	0.01116	0.01413	0.01089	0.00867	0.15649	0.02429	0.03293	0.40320	0.05265	0.18638	0.01519	0.00884	0.00245	0.00480	0.01294	0.00808	0.00846
1	0.01513	0.01428	0.02413	0.63827	0.12021	0.01735	0.02177	0.02024	0.01573	0.02040	0.01387	0.02051	0.01054	0.00766	0.00774	0.00255	0.01022	0.00689	0.00349	0.00900
2	0.01910	0.01440	0.01754	0.10066	0.13188	0.04433	0.01303	0.15838	0.02096	0.03083	0.01994	0.02342	0.01554	0.00995	0.02655	0.00241	0.00739	0.00701	0.32706	0.00962
3	0.02119	0.01885	0.02910	0.08420	0.49194	0.01960	0.02163	0.16409	0.02171	0.03022	0.01543	0.01916	0.01236	0.00750	0.00770	0.00233	0.00913	0.00692	0.00469	0.01224
4	0.02182	0.45792	0.14480	0.01576	0.02311	0.02708	0.01616	0.16412	0.02048	0.02613	0.01305	0.01447	0.01065	0.00735	0.00600	0.00194	0.00887	0.00504	0.00430	0.01092
5	0.01068	0.00837	0.01224	0.16661	0.02067	0.00879	0.01040	0.01299	0.01532	0.02032	0.06561	0.53492	0.04315	0.02021	0.00938	0.00299	0.00576	0.01829	0.00642	0.00686
6	0.01270	0.00896	0.01203	0.01086	0.01307	0.00825	0.04410	0.01528	0.01821	0.06733	0.28488	0.05732	0.18842	0.17492	0.01591	0.00368	0.00549	0.04432	0.00711	0.00712
7	0.01704	0.01008	0.01304	0.01183	0.01321	0.01060	0.00852	0.15371	0.01599	0.02137	0.01462	0.02246	0.01341	0.02300	0.02527	0.60202	0.00714	0.00679	0.00435	0.00556
8	0.01645	0.02127	0.17465	0.37925	0.12057	0.01810	0.08321	0.05227	0.01723	0.02340	0.01432	0.01946	0.01073	0.00752	0.00779	0.00251	0.01063	0.00685	0.00371	0.01008
9	0.01492	0.01352	0.02200	0.36038	0.12629	0.01522	0.04882	0.02041	0.04951	0.02226	0.02423	0.03852	0.05243	0.01137	0.00855	0.00277	0.00907	0.14602	0.00476	0.00896
10	0.06028	0.02288	0.11617	0.02511	0.03270	0.02019	0.32953	0.20526	0.02318	0.06264	0.01675	0.01953	0.01210	0.00761	0.00825	0.00249	0.01092	0.00779	0.00525	0.01139

[dist]
# distance from previous block
# <min> <max>
0	1

[block]
# block no. 3 follows, 25 sequences, length 126
# corresponding to MSA columns:
# 117-242
name=unknown_D
#
# <colnr> <probs for GDERKNQSTAVLIFYWHMCP>
#	G	D	E	R	K	N	Q	S	T	A	V	L	I	F	Y	W	H	M	C	P
0	0.06965	0.59314	0.09326	0.01415	0.02095	0.06093	0.01435	0.02368	0.01594	0.01988	0.01111	0.01286	0.00984	0.00680	0.00527	0.00179	0.00869	0.00433	0.00344	0.00993
1	0.02881	0.02151	0.02380	0.01975	0.06616	0.02368	0.01532	0.61282	0.03525	0.04735	0.01836	0.01865	0.01313	0.00915	0.00775	0.00233	0.00858	0.00698	0.00750	0.01313
2	0.01530	0.03699	0.61119	0.02191	0.03248	0.01734	0.05882	0.02368	0.01637	0.02426	0.01586	0.06200	0.01259	0.00841	0.00762	0.00251	0.01109	0.00695	0.00356	0.01108
3	0.01494	0.01365	0.02258	0.49274	0.14598	0.01600	0.01994	0.01953	0.01580	0.02070	0.01720	0.02876	0.01507	0.05520	0.01006	0.00295	0.00967	0.06648	0.00394	0.00880
4	0.01128	0.00752	0.00846	0.00846	0.00846	0.00752	0.00470	0.01128	0.01128	0.01503	0.02443	0.05074	0.02819	0.72751	0.03946	0.00752	0.00752	0.01128	0.00470	0.00470
5	0.01095	0.00828	0.01216	0.01216	0.01363	0.00949	0.00945	0.01367	0.01280	0.01819	0.02448	0.03330	0.06160	0.05568	0.65257	0.01183	0.01969	0.00883	0.00435	0.00690
6	0.03342	0.01380	0.01859	0.01439	0.02001	0.01272	0.01189	0.06242	0.02213	0.61499	0.02877	0.02546	0.01836	0.00984	0.00893	0.00246	0.05212	0.00770	0.00912	0.01289
7	0.01526	0.03804	0.64381	0.02131	0.03215	0.01732	0.02728	0.02392	0.01673	0.02498	0.05642	0.01904	0.01389	0.00791	0.00748	0.00245	0.01096	0.00626	0.00361	0.01119
8	0.01711	0.01694	0.02335	0.02006	0.02034	0.02346	0.01666	0.02011	0.05387	0.01955	0.01155	0.01773	0.01105	0.01337	0.02432	0.00334	0.66785	0.00691	0.00368	0.00873
9	0.02762	0.02201	0.10134	0.02096	0.09777	0.02047	0.01680	0.40022	0.02947	0.15558	0.01972	0.01979	0.01375	0.00886	0.00771	0.00235	0.00861	0.00697	0.00712	0.01288
10	0.62498	0.01899	0.10816	0.01238	0.01821	0.01791	0.01168	0.06358	0.01514	0.03424	0.01174	0.01352	0.00891	0.00736	0.00535	0.00240	0.00694	0.00459	0.00477	0.00914
11	0.01464	0.01378	0.02326	0.70887	0.05340	0.01723	0.02153	0.01981	0.01550	0.01981	0.01378	0.02067	0.01034	0.00775	0.00775	0.00258	0.01034	0.00689	0.00345	0.00861
12	0.01128	0.00752	0.00846	0.00846	0.00846	0.00752	0.00470	0.01128	0.01128	0.01503	0.02443	0.05074	0.02819	0.72751	0.03946	0.00752	0.00752	0.01128	0.00470	0.00470
13	0.01128	0.00752	0.00846	0.00846	0.00846	0.00752	0.00470	0.01128	0.01128	0.01503	0.02443	0.05074	0.02819	0.72751	0.03946	0.00752	0.00752	0.01128	0.00470	0.00470
14	0.01109	0.00824	0.01211	0.01211	0.01337	0.00950	0.00925	0.01362	0.01236	0.01774	0.02109	0.03225	0.02016	0.11714	0.63885	0.01203	0.01960	0.00857	0.00420	0.00673
15	0.01830	0.02092	0.04575	0.03268	0.04052	0.01961	0.65098	0.02484	0.01830	0.02484	0.01569	0.02092	0.01176	0.00654	0.00915	0.00261	0.01307	0.00915	0.00392	0.01046
16	0.01464	0.01378	0.02326	0.70887	0.05340	0.01723	0.02153	0.01981	0.01550	0.01981	0.01378	0.02067	0.01034	0.00775	0.00775	0.00258	0.01034	0.00689	0.00345	0.00861
17	0.00945	0.00675	0.00900	0.01080	0.01125	0.00630	0.00720	0.01080	0.01484	0.01979	0.04274	0.72245	0.05128	0.02429	0.00990	0.00315	0.00450	0.02204	0.00720	0.00630
18	0.01097	0.00793	0.01036	0.00975	0.01158	0.00732	0.00732	0.01463	0.02195	0.03109	0.67505	0.05792	0.07316	0.01585	0.00914	0.00244	0.00366	0.01402	0.00854	0.00732
19	0.01555	0.04011	0.68733	0.02210	0.03356	0.01801	0.02865	0.02455	0.01637	0.02455	0.01391	0.01637	0.00982	0.00737	0.00737	0.00246	0.01146	0.00573	0.00327	0.01146
20	0.01125	0.00762	0.00897	0.00897	0.00914	0.00779	0.00533	0.01160	0.01143	0.01541	0.02396	0.04815	0.02707	0.64216	0.12328	0.00815	0.00921	0.01090	0.00463	0.00498
21	0.01249	0.00892	0.01249	0.01428	0.01606	0.00892	0.01249	0.01606	0.01785	0.02320	0.04105	0.08746	0.04462	0.02142	0.01071	0.00357	0.00714	0.62695	0.00714	0.00714
22	0.02990	0.02103	0.02284	0.01751	0.02370	0.02302	0.01447	0.60359	0.03530	0.10019	0.01958	0.01924	0.01367	0.00933	0.00776	0.00233	0.00838	0.00705	0.00791	0.01319
23	0.02947	0.02172	0.02327	0.01784	0.02404	0.02404	0.01474	0.65329	0.03646	0.04887	0.01862	0.01862	0.01319	0.00931	0.00776	0.00233	0.00853	0.00698	0.00776	0.01319
24	0.78228	0.01499	0.01140	0.01020	0.01499	0.01739	0.00840	0.02279	0.01320	0.03479	0.01080	0.01260	0.00840	0.00720	0.00480	0.00240	0.00600	0.00420	0.00480	0.00840
25	0.01608	0.01378	0.01608	0.01148	0.01837	0.01034	0.00919	0.01952	0.01608	0.02527	0.01378	0.01608	0.01148	0.00574	0.00574	0.00115	0.00574	0.00459	0.00459	0.77491
26	0.01249	0.00892	0.01249	0.01428	0.01606	0.00892	0.01249	0.01606	0.01785	0.02320	0.04105	0.08746	0.04462	0.02142	0.01071	0.00357	0.00714	0.62695	0.00714	0.00714
27	0.01481	0.01411	0.02428	0.67806	0.05282	0.01734	0.05021	0.02004	0.01563	0.02004	0.01387	0.02068	0.01040	0.00770	0.00782	0.00259	0.01046	0.00699	0.00347	0.00870
28	0.03479	0.01320	0.01799	0.01380	0.01979	0.01140	0.01140	0.03779	0.02219	0.68451	0.03059	0.02639	0.01919	0.00960	0.00780	0.00240	0.00660	0.00780	0.00960	0.01320
29	0.01108	0.00831	0.01246	0.01246	0.01385	0.00969	0.00969	0.01385	0.01246	0.01800	0.02077	0.03046	0.01938	0.05815	0.69678	0.01246	0.02077	0.00831	0.00415	0.00692
30	0.00955	0.00782	0.00842	0.00837	0.01073	0.00669	0.00624	0.01184	0.01844	0.02299	0.20005	0.09764	0.52621	0.01905	0.00919	0.00260	0.00390	0.01611	0.00748	0.00669
31	0.00945	0.00675	0.00900	0.01080	0.01125	0.00630	0.00720	0.01080	0.01484	0.01979	0.04274	0.72245	0.05128	0.02429	0.00990	0.00315	0.00450	0.02204	0.00720	0.00630
32	0.03479	0.01320	0.01799	0.01380	0.01979	0.01140	0.01140	0.03779	0.02219	0.68451	0.03059	0.02639	0.01919	0.00960	0.00780	0.00240	0.00660	0.00780	0.00960	0.01320
33	0.01520	0.01435	0.02425	0.62852	0.12943	0.01737	0.02181	0.02029	0.01577	0.02048	0.01388	0.02049	0.01057	0.00765	0.00774	0.00255	0.01020	0.00689	0.00349	0.00906
34	0.01617	0.10431	0.60247	0.02221	0.05603	0.01921	0.02702	0.02440	0.01636	0.02399	0.01364	0.01610	0.00992	0.00728	0.00715	0.00238	0.01108	0.00562	0.00330	0.01135
35	0.02149	0.66785	0.03890	0.01389	0.02028	0.09227	0.01343	0.02393	0.01633	0.01831	0.01089	0.01258	0.00995	0.00676	0.00516	0.00169	0.00882	0.00422	0.00338	0.00986
36	0.06312	0.01326	0.01774	0.01366	0.01961	0.01162	0.01128	0.03722	0.02185	0.65989	0.02984	0.02587	0.01878	0.00951	0.00768	0.00240	0.00657	0.00766	0.00941	0.01301
37	0.00925	0.00786	0.00797	0.00795	0.01053	0.00658	0.00596	0.01129	0.01788	0.02143	0.10699	0.07382	0.64725	0.01946	0.00916	0.00261	0.00391	0.01625	0.00726	0.00658
38	0.04990	0.01639	0.02088	0.24986	0.03169	0.01961	0.01614	0.16114	0.18354	0.02971	0.01980	0.04675	0.01569	0.01005	0.00986	0.00265	0.09244	0.00781	0.00568	0.01041
39	0.01661	0.01673	0.02606	0.10624	0.02675	0.02185	0.09866	0.01940	0.01317	0.01957	0.01175	0.01847	0.01077	0.01375	0.04819	0.00356	0.50911	0.00716	0.00350	0.00869
40	0.01347	0.00673	0.01010	0.01010	0.01010	0.00673	0.00673	0.01010	0.01010	0.01347	0.01347	0.02357	0.01347	0.02694	0.03030	0.77441	0.00673	0.00673	0.00337	0.00337
41	0.01464	0.01378	0.02326	0.70887	0.05340	0.01723	0.02153	0.01981	0.01550	0.01981	0.01378	0.02067	0.01034	0.00775	0.00775	0.00258	0.01034	0.00689	0.00345	0.00861
42	0.09526	0.13872	0.46357	0.02029	0.05496	0.01991	0.02331	0.02493	0.04668	0.02507	0.01399	0.01610	0.01045	0.00737	0.00678	0.00233	0.01008	0.00553	0.00368	0.01099
43	0.01060	0.00812	0.01219	0.01294	0.01414	0.00769	0.05342	0.01269	0.01561	0.02074	0.04054	0.56339	0.04735	0.02255	0.00998	0.00318	0.00556	0.12563	0.00696	0.00674
44	0.01249	0.00892	0.01249	0.01428	0.01606	0.00892	0.01249	0.01606	0.01785	0.02320	0.04105	0.08746	0.04462	0.02142	0.01071	0.00357	0.00714	0.62695	0.00714	0.00714
45	0.78228	0.01499	0.01140	0.01020	0.01499	0.01739	0.00840	0.02279	0.01320	0.03479	0.01080	0.01260	0.00840	0.00720	0.00480	0.00240	0.00600	0.00420	0.00480	0.00840
46	0.01608	0.01378	0.01608	0.01148	0.01837	0.01034	0.00919	0.01952	0.01608	0.02527	0.01378	0.01608	0.01148	0.00574	0.00574	0.00115	0.00574	0.00459	0.00459	0.77491
47	0.01929	0.01666	0.01753	0.01578	0.02016	0.01929	0.01227	0.04120	0.66513	0.03243	0.03156	0.02893	0.02367	0.01052	0.00789	0.00263	0.00614	0.00877	0.00789	0.01227
48	0.01919	0.01842	0.03147	0.04759	0.67914	0.01842	0.02380	0.02380	0.01765	0.02533	0.01458	0.01919	0.01228	0.00691	0.00768	0.00230	0.00921	0.00691	0.00384	0.01228
49	0.01097	0.00793	0.01036	0.00975	0.01158	0.00732	0.00732	0.01463	0.02195	0.03109	0.67505	0.05792	0.07316	0.01585	0.00914	0.00244	0.00366	0.01402	0.00854	0.00732
50	0.01124	0.00765	0.00912	0.00912	0.00935	0.00788	0.00552	0.01170	0.01147	0.01552	0.02383	0.04739	0.02673	0.61688	0.14810	0.00833	0.00971	0.01079	0.00461	0.00507
51	0.01496	0.01439	0.02519	0.65079	0.05230	0.01743	0.07560	0.02024	0.01574	0.02024	0.01394	0.02069	0.01046	0.00765	0.00787	0.00259	0.01057	0.00708	0.00349	0.00877
52	0.03479	0.01320	0.01799	0.01380	0.01979	0.01140	0.01140	0.03779	0.02219	0.68451	0.03059	0.02639	0.01919	0.00960	0.00780	0.00240	0.00660	0.00780	0.00960	0.01320
53	0.01464	0.01378	0.02326	0.70887	0.05340	0.01723	0.02153	0.01981	0.01550	0.01981	0.01378	0.02067	0.01034	0.00775	0.00775	0.00258	0.01034	0.00689	0.00345	0.00861
54	0.01161	0.00893	0.01281	0.01252	0.01358	0.01056	0.00955	0.01386	0.01223	0.01760	0.02042	0.03241	0.01994	0.15666	0.53897	0.01093	0.07789	0.00863	0.00417	0.00672
55	0.02012	0.01764	0.01797	0.01603	0.02049	0.04442	0.01249	0.06977	0.61175	0.03272	0.03023	0.02789	0.02267	0.01037	0.00785	0.00259	0.00654	0.00854	0.00774	0.01220
56	0.02940	0.06661	0.02390	0.01718	0.02339	0.02331	0.01434	0.55643	0.03382	0.10509	0.01921	0.01893	0.01353	0.00916	0.00758	0.00229	0.00834	0.00687	0.00764	0.01298
57	0.01608	0.01378	0.01608	0.01148	0.01837	0.01034	0.00919	0.01952	0.01608	0.02527	0.01378	0.01608	0.01148	0.00574	0.00574	0.00115	0.00574	0.00459	0.00459	0.77491
58	0.02517	0.08063	0.07966	0.04883	0.02316	0.04504	0.01424	0.12674	0.17362	0.23323	0.02479	0.05220	0.01827	0.00978	0.00758	0.00241	0.00774	0.00785	0.00720	0.01187
59	0.02494	0.01895	0.02016	0.01636	0.02163	0.02120	0.01322	0.40098	0.24575	0.04188	0.02345	0.02284	0.01720	0.00969	0.00763	0.00239	0.00736	0.00760	0.06434	0.01244
60	0.00937	0.00769	0.00829	0.00872	0.01088	0.00661	0.00645	0.01129	0.01713	0.02082	0.06983	0.20199	0.52497	0.02063	0.00938	0.00277	0.00419	0.04530	0.00720	0.00652
61	0.01464	0.01378	0.02326	0.70887	0.05340	0.01723	0.02153	0.01981	0.01550	0.01981	0.01378	0.02067	0.01034	0.00775	0.00775	0.00258	0.01034	0.00689	0.00345	0.00861
62	0.25483	0.01373	0.01605	0.01274	0.01838	0.01316	0.01051	0.03337	0.01954	0.49325	0.02476	0.02233	0.01602	0.00889	0.00691	0.00240	0.00642	0.00674	0.00818	0.01178
63	0.01640	0.01750	0.03602	0.09829	0.06661	0.01689	0.43749	0.02186	0.01770	0.02398	0.05252	0.11744	0.02009	0.00955	0.00904	0.00266	0.01097	0.01080	0.00455	0.00963
64	0.01119	0.00785	0.01014	0.01014	0.01073	0.00843	0.00680	0.01236	0.01177	0.01628	0.02289	0.04220	0.02448	0.44557	0.31633	0.00960	0.01310	0.01003	0.00447	0.00564
65	0.78228	0.01499	0.01140	0.01020	0.01499	0.01739	0.00840	0.02279	0.01320	0.03479	0.01080	0.01260	0.00840	0.00720	0.00480	0.00240	0.00600	0.00420	0.00480	0.00840
66	0.00945	0.00675	0.00900	0.01080	0.01125	0.00630	0.00720	0.01080	0.01484	0.01979	0.04274	0.72245	0.05128	0.02429	0.00990	0.00315	0.00450	0.02204	0.00720	0.00630
67	0.01970	0.01686	0.01777	0.01586	0.02032	0.01948	0.01237	0.06620	0.63945	0.03311	0.03103	0.02851	0.02324	0.01047	0.00788	0.00262	0.00623	0.00869	0.00788	0.01231
68	0.02073	0.73217	0.04063	0.01327	0.01990	0.03068	0.01327	0.02322	0.01575	0.01824	0.01078	0.01244	0.00995	0.00663	0.00498	0.00166	0.00829	0.00415	0.00332	0.00995
69	0.01929	0.01666	0.01753	0.01578	0.02016	0.01929	0.01227	0.04120	0.66513	0.03243	0.03156	0.02893	0.02367	0.01052	0.00789	0.00263	0.00614	0.00877	0.00789	0.01227
70	0.01464	0.01378	0.02326	0.70887	0.05340	0.01723	0.02153	0.01981	0.01550	0.01981	0.01378	0.02067	0.01034	0.00775	0.00775	0.00258	0.01034	0.00689	0.00345	0.00861
71	0.02896	0.03695	0.02197	0.01998	0.02397	0.69638	0.01498	0.03096	0.02197	0.01898	0.01199	0.01398	0.00999	0.00799	0.00699	0.00200	0.01398	0.00499	0.00400	0.00899
72	0.01929	0.01666	0.01753	0.01578	0.02016	0.01929	0.01227	0.04120	0.66513	0.03243	0.03156	0.02893	0.02367	0.01052	0.00789	0.00263	0.00614	0.00877	0.00789	0.01227
73	0.01929	0.01666	0.01753	0.01578	0.02016	0.01929	0.01227	0.04120	0.66513	0.03243	0.03156	0.02893	0.02367	0.01052	0.00789	0.00263	0.00614	0.00877	0.00789	0.01227
74	0.01696	0.01696	0.02375	0.02036	0.02036	0.02375	0.01696	0.01866	0.01187	0.01866	0.01018	0.01696	0.01018	0.01357	0.02545	0.00339	0.71332	0.00679	0.00339	0.00848
75	0.78228	0.01499	0.01140	0.01020	0.01499	0.01739	0.00840	0.02279	0.01320	0.03479	0.01080	0.01260	0.00840	0.00720	0.00480	0.00240	0.00600	0.00420	0.00480	0.00840
76	0.02947	0.02172	0.02327	0.01784	0.02404	0.02404	0.01474	0.65329	0.03646	0.04887	0.01862	0.01862	0.01319	0.00931	0.00776	0.00233	0.00853	0.00698	0.00776	0.01319
77	0.02073	0.73217	0.04063	0.01327	0.01990	0.03068	0.01327	0.02322	0.01575	0.01824	0.01078	0.01244	0.00995	0.00663	0.00498	0.00166	0.00829	0.00415	0.00332	0.00995
78	0.02947	0.02172	0.02327	0.01784	0.02404	0.02404	0.01474	0.65329	0.03646	0.04887	0.01862	0.01862	0.01319	0.00931	0.00776	0.00233	0.00853	0.00698	0.00776	0.01319
79	0.01611	0.01422	0.09348	0.01233	0.01709	0.01040	0.01096	0.04962	0.02014	0.10713	0.27386	0.06450	0.09573	0.01231	0.00802	0.00220	0.00566	0.01049	0.00701	0.16872
80	0.01550	0.03779	0.62650	0.02212	0.03299	0.01764	0.05931	0.02415	0.01670	0.02484	0.04165	0.01834	0.01257	0.00768	0.00753	0.00246	0.01121	0.00625	0.00353	0.01123
81	0.02947	0.02172	0.02327	0.01784	0.02404	0.02404	0.01474	0.65329	0.03646	0.04887	0.01862	0.01862	0.01319	0.00931	0.00776	0.00233	0.00853	0.00698	0.00776	0.01319
82	0.03479	0.01320	0.01799	0.01380	0.01979	0.01140	0.01140	0.03779	0.02219	0.68451	0.03059	0.02639	0.01919	0.00960	0.00780	0.00240	0.00660	0.00780	0.00960	0.01320
83	0.01788	0.02041	0.09004	0.15760	0.11690	0.01967	0.28551	0.05477	0.01758	0.02431	0.01445	0.01962	0.01125	0.00797	0.01070	0.00265	0.10677	0.00773	0.00389	0.01029
84	0.01486	0.01401	0.02365	0.67689	0.08366	0.01728	0.02164	0.02000	0.01561	0.02008	0.01382	0.02060	0.01043	0.00771	0.00775	0.00257	0.01028	0.00689	0.00346	0.00879
85	0.01555	0.04011	0.68733	0.02210	0.03356	0.01801	0.02865	0.02455	0.01637	0.02455	0.01391	0.01637	0.00982	0.00737	0.00737	0.00246	0.01146	0.00573	0.00327	0.01146
86	0.00930	0.00790	0.00804	0.00811	0.01070	0.00664	0.00616	0.01133	0.01768	0.02104	0.07704	0.07513	0.65066	0.01971	0.00923	0.00266	0.00406	0.04086	0.00720	0.00657
87	0.04972	0.04683	0.02086	0.04262	0.05383	0.04466	0.01343	0.25312	0.10113	0.20749	0.02309	0.04325	0.01686	0.00958	0.00752	0.00236	0.00766	0.00759	0.03638	0.01199
88	0.01128	0.00752	0.00846	0.00846	0.00846	0.00752	0.00470	0.01128	0.01128	0.01503	0.02443	0.05074	0.02819	0.72751	0.03946	0.00752	0.00752	0.01128	0.00470	0.00470
89	0.01128	0.00752	0.00846	0.00846	0.00846	0.00752	0.00470	0.01128	0.01128	0.01503	0.02443	0.05074	0.02819	0.72751	0.03946	0.00752	0.00752	0.01128	0.00470	0.00470
90	0.01128	0.00752	0.00846	0.00846	0.00846	0.00752	0.00470	0.01128	0.01128	0.01503	0.02443	0.05074	0.02819	0.72751	0.03946	0.00752	0.00752	0.01128	0.00470	0.00470
91	0.01608	0.01378	0.01608	0.01148	0.01837	0.01034	0.00919	0.01952	0.01608	0.02527	0.01378	0.01608	0.01148	0.00574	0.00574	0.00115	0.00574	0.00459	0.00459	0.77491
92	0.01874	0.46635	0.28903	0.01666	0.02515	0.02581	0.01917	0.02373	0.01599	0.02067	0.01198	0.01395	0.00990	0.00692	0.00589	0.00196	0.00951	0.00475	0.00330	0.01053
93	0.01128	0.00752	0.00846	0.00846	0.00846	0.00752	0.00470	0.01128	0.01128	0.01503	0.02443	0.05074	0.02819	0.72751	0.03946	0.00752	0.00752	0.01128	0.00470	0.00470
94	0.02179	0.01856	0.01799	0.04297	0.01975	0.13445	0.01245	0.20599	0.02235	0.03087	0.01794	0.02091	0.01414	0.00967	0.00996	0.00230	0.13102	0.00668	0.25065	0.00955
95	0.01843	0.01130	0.01662	0.01393	0.01782	0.01031	0.07760	0.02261	0.04011	0.19782	0.25398	0.04866	0.09841	0.01375	0.00883	0.00257	0.00607	0.09330	0.00784	0.04003
96	0.01911	0.18058	0.32655	0.05405	0.09054	0.02073	0.07752	0.05526	0.01783	0.06669	0.01476	0.01714	0.01104	0.00735	0.00710	0.00228	0.01021	0.00605	0.00402	0.01119
97	0.01689	0.10420	0.43311	0.02369	0.06325	0.01988	0.11987	0.02484	0.04371	0.02405	0.01446	0.01735	0.01085	0.00757	0.00829	0.00244	0.04452	0.00632	0.00360	0.01109
98	0.01347	0.00673	0.01010	0.01010	0.01010	0.00673	0.00673	0.01010	0.01010	0.01347	0.01347	0.02357	0.01347	0.02694	0.03030	0.77441	0.00673	0.00673	0.00337	0.00337
99	0.01215	0.00883	0.01196	0.01357	0.01519	0.00886	0.01129	0.01615	0.04999	0.02290	0.04095	0.22763	0.04506	0.02151	0.01038	0.00343	0.00649	0.45926	0.00719	0.00721
100	0.01675	0.09000	0.50562	0.02373	0.10363	0.01885	0.02560	0.04800	0.01730	0.02501	0.01521	0.01982	0.01188	0.00800	0.00739	0.00242	0.01064	0.03516	0.00369	0.01129
101	0.01740	0.01877	0.08500	0.20681	0.41101	0.01769	0.04934	0.02255	0.01705	0.02378	0.01564	0.02264	0.01311	0.00783	0.00787	0.00246	0.00974	0.03647	0.00385	0.01098
102	0.01705	0.08937	0.52177	0.02110	0.03111	0.01911	0.05507	0.07885	0.01811	0.02602	0.01533	0.04489	0.01189	0.00812	0.00740	0.00242	0.01076	0.00654	0.00386	0.01124
103	0.01555	0.04011	0.68733	0.02210	0.03356	0.01801	0.02865	0.02455	0.01637	0.02455	0.01391	0.01637	0.00982	0.00737	0.00737	0.00246	0.01146	0.00573	0.00327	0.01146
104	0.01554	0.01321	0.01551	0.01143	0.01780	0.01001	0.00903	0.01882	0.01598	0.02482	0.01612	0.07322	0.01470	0.00724	0.00608	0.00131	0.00564	0.00601	0.00480	0.71273
105	0.04821	0.01187	0.01404	0.03943	0.01659	0.01289	0.01008	0.17918	0.02009	0.02830	0.02927	0.33286	0.03110	0.05103	0.04354	0.00343	0.04019	0.01380	0.06570	0.00839
106	0.01118	0.00754	0.00877	0.00881	0.00899	0.00756	0.00517	0.01155	0.01202	0.01618	0.05798	0.07733	0.03098	0.63057	0.06851	0.00732	0.00784	0.01171	0.00497	0.00500
107	0.01464	0.01378	0.02326	0.70887	0.05340	0.01723	0.02153	0.01981	0.01550	0.01981	0.01378	0.02067	0.01034	0.00775	0.00775	0.00258	0.01034	0.00689	0.00345	0.00861
108	0.02708	0.01707	0.01999	0.01692	0.04853	0.01790	0.01309	0.33197	0.08444	0.20905	0.05136	0.08335	0.02132	0.01093	0.00801	0.00245	0.00730	0.00892	0.00807	0.01224
109	0.72311	0.01490	0.01231	0.06405	0.01796	0.01738	0.00941	0.02256	0.01337	0.03363	0.01103	0.01322	0.00855	0.00724	0.00503	0.00241	0.00633	0.00441	0.00469	0.00841
110	0.01686	0.01739	0.03164	0.18624	0.10890	0.01953	0.24019	0.02136	0.01572	0.02188	0.01468	0.04643	0.01258	0.00943	0.01307	0.00280	0.19975	0.00823	0.00379	0.00955
111	0.01275	0.00886	0.01050	0.01026	0.01286	0.00809	0.00804	0.01635	0.04955	0.08061	0.19994	0.09172	0.33228	0.01795	0.00925	0.00273	0.00471	0.10818	0.00773	0.00764
112	0.01571	0.07902	0.22224	0.09186	0.02836	0.01831	0.08552	0.02195	0.05735	0.02273	0.05043	0.07577	0.01795	0.01273	0.04416	0.00313	0.13056	0.00828	0.00430	0.00965
113	0.01109	0.00825	0.01218	0.01218	0.01347	0.00954	0.00935	0.01367	0.01238	0.01779	0.02102	0.03186	0.01999	0.10431	0.65145	0.01212	0.01985	0.00851	0.00419	0.00677
114	0.02180	0.64211	0.03821	0.01414	0.02043	0.11692	0.01349	0.02422	0.01656	0.01834	0.01094	0.01264	0.00996	0.00681	0.00524	0.00170	0.00903	0.00426	0.00340	0.00983
115	0.01679	0.04943	0.11814	0.02378	0.06094	0.01876	0.21723	0.02136	0.01568	0.02260	0.01554	0.07083	0.01397	0.00976	0.01261	0.00261	0.19574	0.00817	0.00399	0.10206
116	0.01767	0.02460	0.17906	0.03025	0.06454	0.01950	0.45093	0.02432	0.01744	0.02439	0.01490	0.01962	0.01127	0.00720	0.00980	0.00262	0.05937	0.00818	0.00375	0.01061
117	0.04793	0.07231	0.02881	0.21075	0.27359	0.08804	0.07067	0.07213	0.01873	0.02484	0.01409	0.01840	0.01125	0.00738	0.00745	0.00233	0.01006	0.00659	0.00406	0.01059
118	0.01704	0.01859	0.03861	0.05996	0.03613	0.01822	0.49478	0.02260	0.01739	0.02366	0.01857	0.08332	0.01633	0.00924	0.01039	0.00275	0.06259	0.03581	0.00428	0.00974
119	0.00973	0.00819	0.00848	0.00835	0.01095	0.00710	0.00628	0.01261	0.04212	0.02245	0.14010	0.07115	0.58786	0.01890	0.00911	0.00260	0.00398	0.01583	0.00737	0.00684
120	0.01696	0.01696	0.02375	0.02036	0.02036	0.02375	0.01696	0.01866	0.01187	0.01866	0.01018	0.01696	0.01018	0.01357	0.02545	0.00339	0.71332	0.00679	0.00339	0.00848
121	0.01900	0.01688	0.01820	0.01795	0.06858	0.04566	0.01299	0.03722	0.53463	0.03096	0.06248	0.03123	0.02555	0.01082	0.00800	0.00260	0.00659	0.03151	0.00744	0.01170
122	0.01212	0.00855	0.01095	0.01093	0.01305	0.00744	0.00779	0.01425	0.01636	0.05401	0.11932	0.46792	0.04504	0.01896	0.00891	0.00264	0.00473	0.01699	0.00699	0.15305
123	0.02045	0.01567	0.02050	0.01885	0.08470	0.01599	0.06160	0.26361	0.02423	0.05726	0.04770	0.19216	0.02506	0.04154	0.00954	0.00267	0.00745	0.01105	0.00665	0.07332
124	0.08723	0.04211	0.03960	0.01929	0.13396	0.01473	0.01333	0.04663	0.06991	0.20261	0.07761	0.07765	0.02285	0.01045	0.00832	0.00240	0.04008	0.00859	0.04359	0.03907
125	0.01903	0.01837	0.06032	0.02152	0.05134	0.01786	0.17456	0.04844	0.10208	0.06797	0.01715	0.02005	0.01339	0.00867	0.01127	0.00240	0.15264	0.00718	0.00495	0.18082

[dist]
# distance from previous block
# <min> <max>
0	3

# created by:
# /st0/software/busco_prod/Augustus/scripts/msa2prfl.pl ./align_prep/122962.fa
