[name]
unknown

[dist]
# distance from previous block
# <min> <max>
0	25

[block]
# block no. 0 follows, 26 sequences, length 23
# corresponding to MSA columns:
# 25-47
name=unknown_A
#
# <colnr> <probs for GDERKNQSTAVLIFYWHMCP>
#	G	D	E	R	K	N	Q	S	T	A	V	L	I	F	Y	W	H	M	C	P
0	0.01222	0.00873	0.01222	0.01397	0.01572	0.00873	0.01222	0.01572	0.01746	0.02270	0.04016	0.08556	0.04365	0.02095	0.01048	0.00349	0.00698	0.63506	0.00698	0.00698
1	0.00924	0.00660	0.00880	0.01056	0.01100	0.00616	0.00704	0.01056	0.01452	0.01936	0.04181	0.72848	0.05017	0.02376	0.00968	0.00308	0.00440	0.02156	0.00704	0.00616
2	0.03313	0.01311	0.01758	0.01361	0.01938	0.01161	0.01120	0.03716	0.06057	0.65198	0.02998	0.02597	0.01904	0.00944	0.00763	0.00236	0.00643	0.00768	0.00929	0.01285
3	0.01996	0.01654	0.01746	0.01520	0.01968	0.01875	0.01196	0.15550	0.49931	0.03387	0.03216	0.02997	0.07407	0.01078	0.00779	0.00252	0.00627	0.00884	0.00764	0.01173
4	0.01458	0.01364	0.02244	0.67609	0.05042	0.01696	0.02056	0.02055	0.05190	0.02007	0.01445	0.02067	0.01084	0.00773	0.00759	0.00253	0.00988	0.00684	0.00361	0.00863
5	0.03174	0.01240	0.01687	0.01311	0.01857	0.01075	0.01075	0.03473	0.02169	0.62623	0.09420	0.02886	0.02398	0.00999	0.00776	0.00235	0.00617	0.00823	0.00929	0.01234
6	0.00956	0.00673	0.00871	0.01016	0.01052	0.00637	0.00661	0.01064	0.01390	0.01854	0.03864	0.60827	0.04617	0.14943	0.01480	0.00384	0.00492	0.01970	0.00661	0.00588
7	0.02185	0.01753	0.02242	0.32437	0.03593	0.02031	0.01720	0.34150	0.06467	0.03434	0.01689	0.01970	0.01228	0.00851	0.00759	0.00240	0.00898	0.00689	0.00574	0.01088
8	0.00965	0.00704	0.00934	0.01074	0.01119	0.00687	0.00726	0.01099	0.01448	0.01947	0.06261	0.64361	0.04832	0.06022	0.01171	0.00329	0.03000	0.02020	0.00683	0.00619
9	0.01011	0.00766	0.00911	0.00885	0.01071	0.00688	0.00648	0.01276	0.01897	0.02540	0.40163	0.08548	0.27442	0.07456	0.01135	0.00287	0.00400	0.01456	0.00756	0.00666
10	0.71465	0.01530	0.01226	0.01069	0.01551	0.01764	0.00881	0.08324	0.01508	0.03535	0.01129	0.01288	0.00866	0.00724	0.00497	0.00234	0.00610	0.00437	0.00497	0.00866
11	0.01929	0.01922	0.03097	0.04420	0.61328	0.05840	0.05601	0.02374	0.01755	0.02439	0.01417	0.01856	0.01186	0.00680	0.00755	0.00225	0.00948	0.00676	0.00377	0.01173
12	0.01432	0.01348	0.02275	0.71520	0.05224	0.01685	0.02107	0.01938	0.01517	0.01938	0.01348	0.02022	0.01011	0.00758	0.00758	0.00253	0.01011	0.00674	0.00337	0.00843
13	0.03267	0.01261	0.01717	0.01326	0.01889	0.01092	0.01092	0.03564	0.02170	0.65284	0.06794	0.02761	0.02185	0.00974	0.00770	0.00235	0.00629	0.00798	0.00933	0.01257
14	0.00904	0.00739	0.00798	0.00845	0.01045	0.00634	0.00610	0.01080	0.01655	0.02019	0.06748	0.24818	0.51389	0.02043	0.00916	0.00270	0.00399	0.01749	0.00704	0.00634
15	0.02883	0.02125	0.02276	0.01745	0.02352	0.02352	0.01442	0.66082	0.03566	0.04780	0.01821	0.01821	0.01290	0.00911	0.00759	0.00228	0.00835	0.00683	0.00759	0.01290
16	0.02065	0.01590	0.01720	0.01521	0.01968	0.01796	0.01191	0.03991	0.59598	0.10921	0.03076	0.02801	0.02264	0.01018	0.00771	0.00255	0.00606	0.00846	0.00791	0.01211
17	0.02835	0.02101	0.02249	0.01736	0.02334	0.02330	0.01430	0.63100	0.06626	0.04703	0.01882	0.01870	0.01339	0.00916	0.00759	0.00229	0.00823	0.00691	0.00759	0.01286
18	0.01026	0.00773	0.00948	0.00904	0.01104	0.00695	0.00678	0.01339	0.02034	0.02774	0.51876	0.06107	0.23660	0.01651	0.00895	0.00243	0.00365	0.01434	0.00800	0.00695
19	0.01532	0.00821	0.00833	0.00790	0.01001	0.00839	0.00603	0.06919	0.01749	0.02984	0.02422	0.02747	0.01892	0.00886	0.00549	0.00181	0.00392	0.00705	0.71403	0.00754
20	0.01096	0.00739	0.00978	0.01022	0.01150	0.00682	0.00727	0.01338	0.01801	0.05240	0.33474	0.39136	0.05867	0.01938	0.00926	0.00273	0.00411	0.01739	0.00774	0.00690
21	0.01432	0.01348	0.02275	0.71520	0.05224	0.01685	0.02107	0.01938	0.01517	0.01938	0.01348	0.02022	0.01011	0.00758	0.00758	0.00253	0.01011	0.00674	0.00337	0.00843
22	0.78701	0.01467	0.01115	0.00997	0.01467	0.01702	0.00821	0.02230	0.01291	0.03403	0.01056	0.01232	0.00821	0.00704	0.00469	0.00235	0.00587	0.00411	0.00469	0.00821

[dist]
# distance from previous block
# <min> <max>
0	1

[block]
# block no. 1 follows, 26 sequences, length 145
# corresponding to MSA columns:
# 49-193
name=unknown_B
#
# <colnr> <probs for GDERKNQSTAVLIFYWHMCP>
#	G	D	E	R	K	N	Q	S	T	A	V	L	I	F	Y	W	H	M	C	P
0	0.01659	0.01659	0.02323	0.01991	0.01991	0.02323	0.01659	0.01825	0.01162	0.01825	0.00996	0.01659	0.00996	0.01328	0.02489	0.00332	0.71955	0.00664	0.00332	0.00830
1	0.78701	0.01467	0.01115	0.00997	0.01467	0.01702	0.00821	0.02230	0.01291	0.03403	0.01056	0.01232	0.00821	0.00704	0.00469	0.00235	0.00587	0.00411	0.00469	0.00821
2	0.01067	0.00775	0.01005	0.00948	0.01129	0.00713	0.00711	0.01419	0.02132	0.03006	0.66054	0.05724	0.09337	0.01564	0.00895	0.00239	0.00359	0.01380	0.00830	0.00713
3	0.03298	0.01353	0.01786	0.01381	0.01960	0.01220	0.01137	0.07052	0.05550	0.62343	0.02935	0.02554	0.01868	0.00942	0.00763	0.00235	0.00653	0.00763	0.00921	0.01286
4	0.01877	0.01802	0.03079	0.04656	0.68612	0.01802	0.02328	0.02328	0.01727	0.02478	0.01427	0.01877	0.01201	0.00676	0.00751	0.00225	0.00901	0.00676	0.00375	0.01201
5	0.01056	0.00775	0.00989	0.00936	0.01122	0.00708	0.00702	0.01397	0.02106	0.02943	0.62194	0.05828	0.13235	0.01587	0.00895	0.00240	0.00360	0.01395	0.00822	0.00708
6	0.01557	0.08833	0.64815	0.02101	0.03189	0.01849	0.02697	0.02393	0.01597	0.02359	0.01340	0.01574	0.00962	0.00716	0.00704	0.00235	0.01099	0.00550	0.00321	0.01111
7	0.08118	0.46390	0.09121	0.01355	0.02008	0.02414	0.01346	0.04819	0.01692	0.09112	0.03756	0.01591	0.01295	0.00729	0.00563	0.00186	0.00780	0.00504	0.00439	0.03781
8	0.01084	0.00813	0.01219	0.01219	0.01354	0.00948	0.00948	0.01354	0.01219	0.01761	0.02032	0.02980	0.01896	0.05689	0.70337	0.01219	0.02032	0.00813	0.00406	0.00677
9	0.02427	0.01742	0.01904	0.01581	0.02091	0.01928	0.01267	0.24153	0.37250	0.13117	0.02662	0.02467	0.01920	0.00978	0.00766	0.00244	0.00683	0.00787	0.00791	0.01243
10	0.00924	0.00660	0.00880	0.01056	0.01100	0.00616	0.00704	0.01056	0.01452	0.01936	0.04181	0.72848	0.05017	0.02376	0.00968	0.00308	0.00440	0.02156	0.00704	0.00616
11	0.01573	0.01348	0.01573	0.01123	0.01798	0.01011	0.00899	0.01910	0.01573	0.02472	0.01348	0.01573	0.01123	0.00562	0.00562	0.00112	0.00562	0.00449	0.00449	0.77980
12	0.05989	0.01432	0.01790	0.01379	0.01956	0.01338	0.01135	0.14580	0.02348	0.48690	0.04897	0.02440	0.01871	0.00923	0.00743	0.00226	0.00662	0.00737	0.00855	0.06011
13	0.01084	0.00813	0.01219	0.01219	0.01354	0.00948	0.00948	0.01354	0.01219	0.01761	0.02032	0.02980	0.01896	0.05689	0.70337	0.01219	0.02032	0.00813	0.00406	0.00677
14	0.01080	0.00739	0.00821	0.00821	0.00849	0.00725	0.00473	0.01101	0.01172	0.01535	0.02977	0.05223	0.10030	0.65418	0.03532	0.00682	0.00696	0.01158	0.00487	0.00480
15	0.02028	0.73799	0.03975	0.01298	0.01947	0.03001	0.01298	0.02271	0.01541	0.01785	0.01055	0.01217	0.00973	0.00649	0.00487	0.00162	0.00811	0.00406	0.00324	0.00973
16	0.01539	0.01409	0.02222	0.61775	0.04787	0.01734	0.01991	0.04947	0.07890	0.02181	0.01535	0.02091	0.01148	0.00791	0.00760	0.00252	0.00964	0.00692	0.00397	0.00896
17	0.01416	0.01300	0.02087	0.58355	0.04527	0.01572	0.01879	0.01975	0.05288	0.02028	0.01713	0.08680	0.01465	0.00918	0.00772	0.00253	0.00918	0.00815	0.00400	0.03637
18	0.01639	0.22690	0.48714	0.01875	0.02827	0.02051	0.02304	0.02324	0.01609	0.02263	0.04205	0.01675	0.01236	0.00738	0.00665	0.00219	0.01004	0.00554	0.00344	0.01063
19	0.02336	0.02180	0.01825	0.01583	0.01999	0.24132	0.01233	0.16157	0.13721	0.07836	0.07996	0.02681	0.06609	0.01290	0.04755	0.00283	0.00951	0.00786	0.00636	0.01010
20	0.01573	0.01348	0.01573	0.01123	0.01798	0.01011	0.00899	0.01910	0.01573	0.02472	0.01348	0.01573	0.01123	0.00562	0.00562	0.00112	0.00562	0.00449	0.00449	0.77980
21	0.00924	0.00660	0.00880	0.01056	0.01100	0.00616	0.00704	0.01056	0.01452	0.01936	0.04181	0.72848	0.05017	0.02376	0.00968	0.00308	0.00440	0.02156	0.00704	0.00616
22	0.01573	0.01348	0.01573	0.01123	0.01798	0.01011	0.00899	0.01910	0.01573	0.02472	0.01348	0.01573	0.01123	0.00562	0.00562	0.00112	0.00562	0.00449	0.00449	0.77980
23	0.01870	0.51954	0.24433	0.01568	0.02364	0.02614	0.01768	0.02312	0.01560	0.01978	0.01150	0.01337	0.00969	0.00671	0.00560	0.00187	0.00908	0.00454	0.00323	0.01020
24	0.00982	0.00772	0.00888	0.00859	0.01077	0.00677	0.00644	0.01255	0.01932	0.02531	0.37076	0.06506	0.38611	0.01741	0.00896	0.00248	0.00371	0.01490	0.00768	0.00677
25	0.02225	0.01650	0.02314	0.13272	0.14205	0.01728	0.06154	0.20234	0.05576	0.11739	0.01897	0.02093	0.01390	0.00813	0.00739	0.00225	0.00816	0.00703	0.06610	0.05618
26	0.01088	0.00795	0.01130	0.01130	0.01235	0.00900	0.00837	0.01297	0.01193	0.01695	0.02113	0.03431	0.02092	0.21063	0.55230	0.01109	0.01737	0.00879	0.00418	0.00628
27	0.01074	0.00775	0.01014	0.00954	0.01133	0.00716	0.00716	0.01431	0.02147	0.03042	0.68211	0.05666	0.07157	0.01551	0.00895	0.00239	0.00358	0.01372	0.00835	0.00716
28	0.01798	0.01938	0.03862	0.05472	0.07463	0.01898	0.49253	0.02668	0.12501	0.02537	0.01776	0.02164	0.01340	0.00710	0.00862	0.00254	0.01136	0.00868	0.00445	0.01056
29	0.02333	0.17354	0.07860	0.01993	0.02622	0.16069	0.15491	0.11739	0.06713	0.08276	0.01623	0.01772	0.01229	0.00768	0.00715	0.00217	0.01023	0.00642	0.00496	0.01064
30	0.00924	0.00660	0.00880	0.01056	0.01100	0.00616	0.00704	0.01056	0.01452	0.01936	0.04181	0.72848	0.05017	0.02376	0.00968	0.00308	0.00440	0.02156	0.00704	0.00616
31	0.02641	0.02160	0.02130	0.01719	0.02261	0.09233	0.01387	0.44829	0.18572	0.04097	0.02056	0.02014	0.01502	0.00925	0.00754	0.00231	0.00834	0.00704	0.00724	0.01226
32	0.02345	0.01360	0.01668	0.01261	0.01858	0.01164	0.01021	0.07312	0.04484	0.27960	0.05981	0.02260	0.01820	0.00806	0.00680	0.00180	0.00603	0.00655	0.00692	0.35891
33	0.01445	0.05672	0.52913	0.01881	0.02789	0.01586	0.02316	0.02195	0.01713	0.02514	0.15277	0.02435	0.02252	0.00891	0.00749	0.00237	0.00951	0.00724	0.00428	0.01031
34	0.01790	0.02046	0.04476	0.03197	0.03964	0.01918	0.65857	0.02430	0.01790	0.02430	0.01535	0.02046	0.01151	0.00639	0.00895	0.00256	0.01279	0.00895	0.00384	0.01023
35	0.01838	0.01694	0.02951	0.10280	0.47720	0.01698	0.09202	0.02295	0.01736	0.05460	0.01816	0.02372	0.03679	0.00786	0.00784	0.00237	0.00916	0.02997	0.00422	0.01115
36	0.02892	0.01989	0.02177	0.01683	0.02277	0.02166	0.01386	0.54441	0.07110	0.12954	0.02046	0.01978	0.01425	0.00921	0.00760	0.00230	0.00797	0.00703	0.00783	0.01285
37	0.00924	0.00660	0.00880	0.01056	0.01100	0.00616	0.00704	0.01056	0.01452	0.01936	0.04181	0.72848	0.05017	0.02376	0.00968	0.00308	0.00440	0.02156	0.00704	0.00616
38	0.01877	0.01802	0.03079	0.04656	0.68612	0.01802	0.02328	0.02328	0.01727	0.02478	0.01427	0.01877	0.01201	0.00676	0.00751	0.00225	0.00901	0.00676	0.00375	0.01201
39	0.01521	0.03923	0.69413	0.02162	0.03283	0.01762	0.02802	0.02402	0.01601	0.02402	0.01361	0.01601	0.00961	0.00721	0.00721	0.00240	0.01121	0.00560	0.00320	0.01121
40	0.01877	0.01802	0.03079	0.04656	0.68612	0.01802	0.02328	0.02328	0.01727	0.02478	0.01427	0.01877	0.01201	0.00676	0.00751	0.00225	0.00901	0.00676	0.00375	0.01201
41	0.01521	0.03923	0.69413	0.02162	0.03283	0.01762	0.02802	0.02402	0.01601	0.02402	0.01361	0.01601	0.00961	0.00721	0.00721	0.00240	0.01121	0.00560	0.00320	0.01121
42	0.01819	0.01743	0.03006	0.06782	0.59465	0.01749	0.05171	0.02274	0.01724	0.02444	0.01580	0.02281	0.01377	0.00760	0.00775	0.00235	0.00911	0.04359	0.00393	0.01151
43	0.78701	0.01467	0.01115	0.00997	0.01467	0.01702	0.00821	0.02230	0.01291	0.03403	0.01056	0.01232	0.00821	0.00704	0.00469	0.00235	0.00587	0.00411	0.00469	0.00821
44	0.02857	0.02047	0.02214	0.01710	0.02306	0.02253	0.01409	0.58871	0.07143	0.08450	0.01962	0.01924	0.01383	0.00919	0.00760	0.00230	0.00810	0.00698	0.00770	0.01285
45	0.01318	0.00659	0.00988	0.00988	0.00988	0.00659	0.00659	0.00988	0.00988	0.01318	0.01318	0.02306	0.01318	0.02635	0.02964	0.77931	0.00659	0.00659	0.00329	0.00329
46	0.02833	0.01314	0.01675	0.01353	0.01864	0.01246	0.01094	0.03543	0.16581	0.47892	0.09560	0.02946	0.02504	0.01020	0.00778	0.00240	0.00607	0.00845	0.00891	0.01213
47	0.07285	0.01474	0.01869	0.01696	0.08168	0.01453	0.01245	0.10949	0.11380	0.39146	0.05460	0.02515	0.01974	0.00937	0.00751	0.00236	0.00670	0.00764	0.00809	0.01217
48	0.00924	0.00660	0.00880	0.01056	0.01100	0.00616	0.00704	0.01056	0.01452	0.01936	0.04181	0.72848	0.05017	0.02376	0.00968	0.00308	0.00440	0.02156	0.00704	0.00616
49	0.02825	0.02096	0.02244	0.01733	0.02330	0.02325	0.01428	0.62455	0.07289	0.04686	0.01895	0.01880	0.01350	0.00917	0.00760	0.00229	0.00821	0.00693	0.00760	0.01285
50	0.02393	0.02853	0.02013	0.06010	0.06454	0.48200	0.01424	0.05151	0.02082	0.02080	0.04368	0.04609	0.07274	0.00962	0.00732	0.00213	0.01141	0.00707	0.00456	0.00878
51	0.01727	0.18958	0.51772	0.01933	0.02924	0.01998	0.02390	0.02439	0.01617	0.05657	0.01377	0.01568	0.01010	0.00716	0.00672	0.00223	0.01030	0.00537	0.00353	0.01098
52	0.01521	0.03923	0.69413	0.02162	0.03283	0.01762	0.02802	0.02402	0.01601	0.02402	0.01361	0.01601	0.00961	0.00721	0.00721	0.00240	0.01121	0.00560	0.00320	0.01121
53	0.01877	0.01802	0.03079	0.04656	0.68612	0.01802	0.02328	0.02328	0.01727	0.02478	0.01427	0.01877	0.01201	0.00676	0.00751	0.00225	0.00901	0.00676	0.00375	0.01201
54	0.00981	0.00765	0.00894	0.00900	0.01101	0.00678	0.00675	0.01236	0.01853	0.02411	0.29187	0.13708	0.35888	0.01843	0.00911	0.00260	0.00397	0.04888	0.00752	0.00668
55	0.06859	0.01299	0.01731	0.01333	0.01915	0.01142	0.01101	0.03629	0.02131	0.66120	0.02904	0.02520	0.01829	0.00928	0.00749	0.00235	0.00643	0.00747	0.00917	0.01269
56	0.00924	0.00660	0.00880	0.01056	0.01100	0.00616	0.00704	0.01056	0.01452	0.01936	0.04181	0.72848	0.05017	0.02376	0.00968	0.00308	0.00440	0.02156	0.00704	0.00616
57	0.01084	0.00813	0.01219	0.01219	0.01354	0.00948	0.00948	0.01354	0.01219	0.01761	0.02032	0.02980	0.01896	0.05689	0.70337	0.01219	0.02032	0.00813	0.00406	0.00677
58	0.01440	0.01359	0.02277	0.69095	0.05111	0.01707	0.02091	0.01934	0.01504	0.01934	0.01336	0.02010	0.01011	0.00778	0.00819	0.00256	0.03485	0.00674	0.00337	0.00842
59	0.00897	0.00765	0.00772	0.00778	0.01027	0.00639	0.00581	0.01087	0.01719	0.02045	0.07562	0.09586	0.66096	0.01937	0.00899	0.00258	0.00386	0.01620	0.00704	0.00639
60	0.02883	0.02125	0.02276	0.01745	0.02352	0.02352	0.01442	0.66082	0.03566	0.04780	0.01821	0.01821	0.01290	0.00911	0.00759	0.00228	0.00835	0.00683	0.00759	0.01290
61	0.01103	0.00735	0.00827	0.00827	0.00827	0.00735	0.00460	0.01103	0.01103	0.01471	0.02390	0.04964	0.02758	0.73343	0.03861	0.00735	0.00735	0.01103	0.00460	0.00460
62	0.02000	0.02185	0.06490	0.04122	0.55288	0.11959	0.02225	0.02436	0.01783	0.02382	0.01386	0.01787	0.01155	0.00694	0.00739	0.00222	0.00982	0.00642	0.00375	0.01149
63	0.01794	0.13795	0.24106	0.02664	0.09078	0.04768	0.28313	0.02412	0.01703	0.02302	0.01383	0.01739	0.01063	0.00675	0.00757	0.00231	0.01128	0.00681	0.00355	0.01055
64	0.02883	0.02125	0.02276	0.01745	0.02352	0.02352	0.01442	0.66082	0.03566	0.04780	0.01821	0.01821	0.01290	0.00911	0.00759	0.00228	0.00835	0.00683	0.00759	0.01290
65	0.01101	0.00743	0.00864	0.00864	0.00877	0.00755	0.00505	0.01127	0.01114	0.01498	0.02356	0.04778	0.02677	0.67012	0.10082	0.00781	0.00857	0.01076	0.00455	0.00480
66	0.03337	0.01306	0.01758	0.01358	0.01938	0.01149	0.01119	0.03711	0.05020	0.66249	0.02997	0.02593	0.01897	0.00943	0.00763	0.00236	0.00643	0.00767	0.00931	0.01287
67	0.01521	0.03923	0.69413	0.02162	0.03283	0.01762	0.02802	0.02402	0.01601	0.02402	0.01361	0.01601	0.00961	0.00721	0.00721	0.00240	0.01121	0.00560	0.00320	0.01121
68	0.01222	0.00873	0.01222	0.01397	0.01572	0.00873	0.01222	0.01572	0.01746	0.02270	0.04016	0.08556	0.04365	0.02095	0.01048	0.00349	0.00698	0.63506	0.00698	0.00698
69	0.08861	0.05724	0.02104	0.01831	0.02239	0.58547	0.01393	0.02996	0.05799	0.02054	0.01269	0.01436	0.01041	0.00785	0.00665	0.00201	0.01242	0.00501	0.00417	0.00896
70	0.01758	0.02148	0.11753	0.07451	0.22897	0.01866	0.33468	0.02346	0.01710	0.02390	0.01451	0.01927	0.01129	0.00692	0.00881	0.00247	0.03678	0.00769	0.00369	0.01070
71	0.62741	0.05642	0.01442	0.01200	0.03957	0.01754	0.00948	0.04537	0.01471	0.08762	0.01256	0.01386	0.00947	0.00726	0.00515	0.00230	0.00624	0.00458	0.00506	0.00899
72	0.02461	0.01915	0.02038	0.01660	0.02191	0.02155	0.01339	0.39774	0.30563	0.04099	0.02358	0.02249	0.01725	0.00961	0.00764	0.00240	0.00735	0.00757	0.00764	0.01252
73	0.32956	0.01932	0.03797	0.01530	0.04330	0.08216	0.01226	0.22182	0.02217	0.12568	0.01589	0.01644	0.01142	0.00806	0.00636	0.00229	0.00771	0.00564	0.00607	0.01058
74	0.01531	0.03855	0.67060	0.02199	0.03308	0.01767	0.05087	0.02403	0.01608	0.02403	0.01367	0.01618	0.00968	0.00718	0.00727	0.00241	0.01127	0.00573	0.00323	0.01117
75	0.01318	0.00659	0.00988	0.00988	0.00988	0.00659	0.00659	0.00988	0.00988	0.01318	0.01318	0.02306	0.01318	0.02635	0.02964	0.77931	0.00659	0.00659	0.00329	0.00329
76	0.01877	0.01802	0.03079	0.04656	0.68612	0.01802	0.02328	0.02328	0.01727	0.02478	0.01427	0.01877	0.01201	0.00676	0.00751	0.00225	0.00901	0.00676	0.00375	0.01201
77	0.02551	0.01960	0.02089	0.01678	0.02226	0.02197	0.01361	0.45402	0.24787	0.04245	0.02243	0.02157	0.01632	0.00950	0.00763	0.00238	0.00757	0.00741	0.00763	0.01260
78	0.01064	0.00775	0.01001	0.00944	0.01127	0.00712	0.00708	0.01413	0.02125	0.02989	0.64973	0.05753	0.10429	0.01570	0.00895	0.00240	0.00359	0.01384	0.00828	0.00712
79	0.01037	0.00752	0.00934	0.00925	0.01063	0.00696	0.00653	0.01282	0.01820	0.02499	0.40773	0.15100	0.13258	0.14168	0.01420	0.00337	0.00438	0.01461	0.00736	0.00649
80	0.39835	0.01376	0.01448	0.01179	0.01709	0.01399	0.00973	0.02987	0.01745	0.37332	0.02056	0.01929	0.01367	0.00825	0.00621	0.00235	0.00617	0.00592	0.00712	0.01064
81	0.78701	0.01467	0.01115	0.00997	0.01467	0.01702	0.00821	0.02230	0.01291	0.03403	0.01056	0.01232	0.00821	0.00704	0.00469	0.00235	0.00587	0.00411	0.00469	0.00821
82	0.01021	0.00776	0.00901	0.00919	0.01127	0.00696	0.00709	0.01286	0.01821	0.02385	0.22865	0.10114	0.35835	0.01810	0.00900	0.00263	0.00423	0.10324	0.05153	0.00671
83	0.01046	0.00729	0.00932	0.01048	0.01104	0.00709	0.00727	0.01177	0.01394	0.01846	0.03540	0.36741	0.04118	0.26376	0.01965	0.00461	0.00593	0.14295	0.00620	0.00580
84	0.01102	0.00737	0.00834	0.00832	0.00839	0.00735	0.00469	0.01116	0.01143	0.01531	0.04902	0.04990	0.02925	0.70603	0.03747	0.00716	0.00721	0.01113	0.00474	0.00469
85	0.05030	0.00769	0.00854	0.00858	0.00893	0.00775	0.00507	0.01172	0.01186	0.01674	0.05472	0.09671	0.03023	0.61273	0.03345	0.00657	0.00689	0.01156	0.00495	0.00501
86	0.00996	0.00750	0.00892	0.00926	0.01079	0.00683	0.00666	0.01203	0.01695	0.02214	0.21256	0.20326	0.26664	0.11424	0.01315	0.00332	0.00457	0.05785	0.00704	0.00634
87	0.75953	0.01491	0.01157	0.01025	0.01499	0.01725	0.00844	0.04544	0.01373	0.03453	0.01084	0.01254	0.00838	0.00712	0.00480	0.00234	0.00596	0.00421	0.00480	0.00838
88	0.01087	0.00733	0.00854	0.00877	0.00894	0.00727	0.00522	0.01126	0.01200	0.01604	0.04924	0.12488	0.03213	0.60612	0.03344	0.00658	0.00689	0.03448	0.00508	0.00494
89	0.02056	0.01658	0.01770	0.01553	0.02006	0.01891	0.01219	0.09790	0.58009	0.06673	0.02965	0.02723	0.02198	0.01013	0.00770	0.00253	0.00624	0.00836	0.00779	0.01213
90	0.78701	0.01467	0.01115	0.00997	0.01467	0.01702	0.00821	0.02230	0.01291	0.03403	0.01056	0.01232	0.00821	0.00704	0.00469	0.00235	0.00587	0.00411	0.00469	0.00821
91	0.00972	0.00685	0.00883	0.01003	0.01051	0.00648	0.00659	0.01100	0.01451	0.01952	0.09875	0.53579	0.04788	0.15821	0.01512	0.00383	0.00489	0.01882	0.00670	0.00596
92	0.01002	0.00765	0.00920	0.00898	0.01094	0.00683	0.00667	0.01287	0.01953	0.02621	0.42822	0.11120	0.27937	0.01738	0.00901	0.00250	0.00373	0.01507	0.00781	0.00683
93	0.01065	0.00775	0.01001	0.00945	0.01128	0.00712	0.00709	0.01414	0.02126	0.02991	0.65137	0.05749	0.10262	0.01569	0.00895	0.00239	0.00359	0.01383	0.00828	0.00712
94	0.01189	0.00741	0.00956	0.01031	0.01135	0.00687	0.00700	0.01329	0.01510	0.08209	0.06886	0.49860	0.07244	0.13118	0.01388	0.00362	0.00499	0.01803	0.00694	0.00661
95	0.01318	0.00659	0.00988	0.00988	0.00988	0.00659	0.00659	0.00988	0.00988	0.01318	0.01318	0.02306	0.01318	0.02635	0.02964	0.77931	0.00659	0.00659	0.00329	0.00329
96	0.01790	0.02046	0.04476	0.03197	0.03964	0.01918	0.65857	0.02430	0.01790	0.02430	0.01535	0.02046	0.01151	0.00639	0.00895	0.00256	0.01279	0.00895	0.00384	0.01023
97	0.01432	0.01348	0.02275	0.71520	0.05224	0.01685	0.02107	0.01938	0.01517	0.01938	0.01348	0.02022	0.01011	0.00758	0.00758	0.00253	0.01011	0.00674	0.00337	0.00843
98	0.01819	0.01734	0.02932	0.07822	0.60273	0.01773	0.02246	0.02258	0.01699	0.02420	0.01522	0.02170	0.01324	0.00764	0.00821	0.00236	0.03227	0.03426	0.00386	0.01149
99	0.01092	0.00780	0.01054	0.01054	0.01133	0.00859	0.00743	0.01249	0.01170	0.01639	0.02182	0.03815	0.02259	0.34159	0.42362	0.01015	0.01486	0.00935	0.00429	0.00586
100	0.01074	0.00775	0.01014	0.00954	0.01133	0.00716	0.00716	0.01431	0.02147	0.03042	0.68211	0.05666	0.07157	0.01551	0.00895	0.00239	0.00358	0.01372	0.00835	0.00716
101	0.01086	0.00804	0.01174	0.01174	0.01293	0.00923	0.00892	0.01325	0.01206	0.01727	0.02073	0.03210	0.01996	0.13530	0.62632	0.01163	0.01881	0.00846	0.00413	0.00652
102	0.78701	0.01467	0.01115	0.00997	0.01467	0.01702	0.00821	0.02230	0.01291	0.03403	0.01056	0.01232	0.00821	0.00704	0.00469	0.00235	0.00587	0.00411	0.00469	0.00821
103	0.01687	0.20494	0.08663	0.01268	0.01978	0.01602	0.01184	0.02051	0.01567	0.02286	0.01273	0.01483	0.01069	0.00600	0.00557	0.00138	0.00680	0.00449	0.00404	0.50568
104	0.01060	0.00765	0.01002	0.00963	0.01130	0.00707	0.00715	0.01399	0.02086	0.02945	0.62602	0.11552	0.06969	0.01623	0.00901	0.00245	0.00365	0.01440	0.00824	0.00707
105	0.01573	0.01348	0.01573	0.01123	0.01798	0.01011	0.00899	0.01910	0.01573	0.02472	0.01348	0.01573	0.01123	0.00562	0.00562	0.00112	0.00562	0.00449	0.00449	0.77980
106	0.01741	0.01731	0.02351	0.01954	0.02101	0.04502	0.04999	0.04164	0.01357	0.02031	0.01097	0.01667	0.01027	0.01176	0.02076	0.00296	0.55662	0.00648	0.00364	0.09055
107	0.01887	0.01629	0.01715	0.01544	0.01972	0.01887	0.01201	0.04031	0.67241	0.03173	0.03087	0.02830	0.02315	0.01029	0.00772	0.00257	0.00600	0.00858	0.00772	0.01201
108	0.01086	0.00728	0.00832	0.00849	0.00853	0.00724	0.00482	0.01099	0.01136	0.01514	0.02557	0.11282	0.02968	0.66737	0.03591	0.00696	0.00708	0.01201	0.00482	0.00474
109	0.02083	0.50420	0.12828	0.01479	0.02176	0.02635	0.01512	0.08723	0.05287	0.04665	0.01352	0.01466	0.01107	0.00716	0.00572	0.00187	0.00840	0.00492	0.00413	0.01049
110	0.04334	0.07109	0.06101	0.04258	0.04383	0.01539	0.06635	0.07963	0.06422	0.04986	0.01557	0.01749	0.01219	0.00677	0.00643	0.00173	0.00732	0.00565	0.00488	0.38466
111	0.01539	0.08684	0.57043	0.02157	0.06368	0.01782	0.02539	0.02305	0.01594	0.02332	0.01517	0.06008	0.01226	0.00816	0.00721	0.00238	0.01045	0.00654	0.00347	0.01083
112	0.01149	0.00767	0.01141	0.01141	0.01234	0.00860	0.00850	0.01244	0.01151	0.01627	0.01845	0.02862	0.01765	0.07213	0.49239	0.22568	0.01604	0.00780	0.00387	0.00573
113	0.01872	0.01816	0.03160	0.04570	0.64832	0.01809	0.06042	0.02334	0.01731	0.02475	0.01433	0.01887	0.01199	0.00674	0.00759	0.00227	0.00923	0.00689	0.00376	0.01191
114	0.04510	0.02985	0.39988	0.02354	0.03288	0.01740	0.21945	0.02540	0.01708	0.09410	0.01574	0.01827	0.01110	0.00718	0.00770	0.00244	0.01101	0.00679	0.00410	0.01098
115	0.02075	0.01730	0.03025	0.03832	0.46759	0.01685	0.11492	0.02527	0.01805	0.12599	0.01764	0.02225	0.01399	0.00756	0.00784	0.00235	0.00911	0.02751	0.00473	0.01172
116	0.01537	0.03814	0.65617	0.02222	0.03323	0.01771	0.06489	0.02404	0.01612	0.02404	0.01371	0.01627	0.00972	0.00716	0.00731	0.00241	0.01130	0.00580	0.00324	0.01115
117	0.00943	0.00684	0.00891	0.01021	0.01099	0.00632	0.00697	0.01111	0.01569	0.02099	0.13380	0.58788	0.09824	0.02228	0.00953	0.00295	0.00425	0.02007	0.00722	0.00632
118	0.01790	0.02046	0.04476	0.03197	0.03964	0.01918	0.65857	0.02430	0.01790	0.02430	0.01535	0.02046	0.01151	0.00639	0.00895	0.00256	0.01279	0.00895	0.00384	0.01023
119	0.01458	0.01374	0.02321	0.67679	0.08866	0.01692	0.02119	0.01960	0.01529	0.01969	0.01353	0.02014	0.01022	0.00754	0.00758	0.00251	0.01005	0.00674	0.00339	0.00863
120	0.01328	0.00891	0.01242	0.01379	0.01574	0.00880	0.01199	0.01674	0.01782	0.05694	0.06276	0.08148	0.04339	0.02017	0.01028	0.00339	0.00683	0.58082	0.00716	0.00729
121	0.00924	0.00660	0.00880	0.01056	0.01100	0.00616	0.00704	0.01056	0.01452	0.01936	0.04181	0.72848	0.05017	0.02376	0.00968	0.00308	0.00440	0.02156	0.00704	0.00616
122	0.02028	0.73799	0.03975	0.01298	0.01947	0.03001	0.01298	0.02271	0.01541	0.01785	0.01055	0.01217	0.00973	0.00649	0.00487	0.00162	0.00811	0.00406	0.00324	0.00973
123	0.01222	0.00873	0.01222	0.01397	0.01572	0.00873	0.01222	0.01572	0.01746	0.02270	0.04016	0.08556	0.04365	0.02095	0.01048	0.00349	0.00698	0.63506	0.00698	0.00698
124	0.01432	0.01348	0.02275	0.71520	0.05224	0.01685	0.02107	0.01938	0.01517	0.01938	0.01348	0.02022	0.01011	0.00758	0.00758	0.00253	0.01011	0.00674	0.00337	0.00843
125	0.01091	0.00857	0.00985	0.01002	0.01243	0.00787	0.00805	0.04103	0.01860	0.02339	0.13149	0.07219	0.41257	0.01883	0.00931	0.00278	0.00486	0.18312	0.00720	0.00693
126	0.05301	0.03460	0.02123	0.01911	0.02317	0.64166	0.01443	0.06625	0.02203	0.02075	0.01206	0.01389	0.00990	0.00787	0.00681	0.00199	0.01312	0.00497	0.00415	0.00901
127	0.01573	0.01348	0.01573	0.01123	0.01798	0.01011	0.00899	0.01910	0.01573	0.02472	0.01348	0.01573	0.01123	0.00562	0.00562	0.00112	0.00562	0.00449	0.00449	0.77980
128	0.01061	0.00775	0.00997	0.00942	0.01126	0.00711	0.00706	0.01408	0.02118	0.02974	0.64062	0.05778	0.11349	0.01576	0.00895	0.00240	0.00360	0.01387	0.00826	0.00711
129	0.01578	0.03472	0.54302	0.02348	0.03354	0.01816	0.14573	0.02382	0.01618	0.02382	0.01378	0.01687	0.00998	0.00732	0.00831	0.00247	0.04252	0.00628	0.00333	0.01090
130	0.78701	0.01467	0.01115	0.00997	0.01467	0.01702	0.00821	0.02230	0.01291	0.03403	0.01056	0.01232	0.00821	0.00704	0.00469	0.00235	0.00587	0.00411	0.00469	0.00821
131	0.01047	0.00731	0.00825	0.00848	0.00894	0.00705	0.00510	0.01095	0.01246	0.01622	0.03449	0.14300	0.13232	0.52874	0.03018	0.00604	0.00642	0.01320	0.00530	0.00508
132	0.05656	0.02034	0.02193	0.01686	0.02287	0.02229	0.01393	0.58772	0.03372	0.09899	0.01888	0.01861	0.01320	0.00905	0.00749	0.00228	0.00811	0.00680	0.00763	0.01273
133	0.03291	0.01470	0.01871	0.01435	0.02026	0.01381	0.01185	0.17129	0.02471	0.55280	0.02740	0.02418	0.01751	0.00933	0.00762	0.00233	0.00686	0.00746	0.00900	0.01291
134	0.01968	0.01993	0.02925	0.04178	0.56816	0.09409	0.02188	0.02372	0.01736	0.02366	0.01370	0.01806	0.01163	0.00731	0.00860	0.00229	0.05721	0.00654	0.00374	0.01141
135	0.01318	0.00659	0.00988	0.00988	0.00988	0.00659	0.00659	0.00988	0.00988	0.01318	0.01318	0.02306	0.01318	0.02635	0.02964	0.77931	0.00659	0.00659	0.00329	0.00329
136	0.02028	0.73799	0.03975	0.01298	0.01947	0.03001	0.01298	0.02271	0.01541	0.01785	0.01055	0.01217	0.00973	0.00649	0.00487	0.00162	0.00811	0.00406	0.00324	0.00973
137	0.01166	0.00873	0.01268	0.01243	0.01400	0.01013	0.00971	0.04326	0.01327	0.01899	0.02022	0.02927	0.01868	0.05469	0.67143	0.01174	0.01977	0.00807	0.00423	0.00705
138	0.01521	0.03923	0.69413	0.02162	0.03283	0.01762	0.02802	0.02402	0.01601	0.02402	0.01361	0.01601	0.00961	0.00721	0.00721	0.00240	0.01121	0.00560	0.00320	0.01121
139	0.02778	0.03511	0.02203	0.02109	0.06152	0.66363	0.01515	0.02989	0.02125	0.01892	0.01187	0.01397	0.00990	0.00776	0.00688	0.00197	0.01341	0.00499	0.00390	0.00898
140	0.01952	0.01972	0.03013	0.06502	0.57831	0.08425	0.04523	0.02387	0.01763	0.02399	0.01404	0.01839	0.01172	0.00687	0.00750	0.00224	0.00963	0.00666	0.00376	0.01152
141	0.04548	0.01945	0.08262	0.02629	0.03329	0.01689	0.44958	0.02489	0.01791	0.11367	0.01923	0.06057	0.01534	0.00827	0.00859	0.00257	0.01096	0.02927	0.00484	0.01027
142	0.01318	0.00659	0.00988	0.00988	0.00988	0.00659	0.00659	0.00988	0.00988	0.01318	0.01318	0.02306	0.01318	0.02635	0.02964	0.77931	0.00659	0.00659	0.00329	0.00329
143	0.01877	0.01802	0.03079	0.04656	0.68612	0.01802	0.02328	0.02328	0.01727	0.02478	0.01427	0.01877	0.01201	0.00676	0.00751	0.00225	0.00901	0.00676	0.00375	0.01201
144	0.01935	0.01821	0.03033	0.04489	0.64805	0.01834	0.02277	0.05990	0.01833	0.02610	0.01449	0.01874	0.01207	0.00689	0.00751	0.00225	0.00897	0.00676	0.00397	0.01207

[dist]
# distance from previous block
# <min> <max>
0	0

# created by:
# /st0/software/busco_prod/Augustus/scripts/msa2prfl.pl ./align_prep/123062.fa
