[name]
unknown

[dist]
# distance from previous block
# <min> <max>
0	83

[block]
# block no. 0 follows, 23 sequences, length 24
# corresponding to MSA columns:
# 83-106
name=unknown_A
#
# <colnr> <probs for GDERKNQSTAVLIFYWHMCP>
#	G	D	E	R	K	N	Q	S	T	A	V	L	I	F	Y	W	H	M	C	P
0	0.01568	0.01066	0.01415	0.01510	0.01763	0.01086	0.01296	0.02172	0.09618	0.07352	0.04093	0.07928	0.04204	0.02010	0.01062	0.00352	0.00730	0.49139	0.00776	0.00860
1	0.03102	0.01523	0.02212	0.01708	0.02309	0.01411	0.08811	0.08596	0.05558	0.45835	0.03005	0.07714	0.02135	0.01082	0.00850	0.00260	0.00771	0.00942	0.00888	0.01287
2	0.02250	0.01440	0.01645	0.01365	0.01762	0.01468	0.01032	0.17929	0.09911	0.14810	0.02592	0.05906	0.02269	0.23583	0.01867	0.00416	0.00751	0.00952	0.00716	0.07336
3	0.01918	0.00973	0.01281	0.01216	0.01492	0.00868	0.00898	0.02125	0.01814	0.23796	0.04003	0.36995	0.06907	0.06278	0.01141	0.00323	0.00573	0.03136	0.00811	0.03449
4	0.09396	0.01879	0.02045	0.08443	0.02515	0.02122	0.01413	0.33327	0.16995	0.04111	0.02186	0.02245	0.01610	0.00964	0.00766	0.00250	0.00788	0.00747	0.06987	0.01212
5	0.01480	0.00904	0.01157	0.01148	0.01258	0.00919	0.00803	0.08818	0.01612	0.02216	0.02602	0.24470	0.02787	0.04959	0.02018	0.33493	0.00629	0.01243	0.06869	0.00615
6	0.01254	0.00941	0.01218	0.05856	0.01449	0.01040	0.00848	0.01326	0.01311	0.01762	0.02864	0.13215	0.07453	0.36065	0.04885	0.06939	0.09236	0.01230	0.00507	0.00600
7	0.08241	0.01433	0.01792	0.14875	0.02607	0.01576	0.01426	0.14942	0.06959	0.07205	0.07678	0.07703	0.02904	0.01380	0.00886	0.00290	0.00779	0.15630	0.00698	0.00996
8	0.08582	0.01166	0.01669	0.33883	0.03281	0.01374	0.01451	0.01922	0.01550	0.02405	0.01787	0.02417	0.01428	0.01402	0.05936	0.06692	0.00900	0.00714	0.20640	0.00801
9	0.06401	0.01540	0.02550	0.49060	0.04716	0.01797	0.09516	0.05139	0.01797	0.02467	0.05952	0.02373	0.01558	0.00859	0.00820	0.00267	0.01030	0.00785	0.00435	0.00938
10	0.01703	0.01759	0.03294	0.24103	0.04024	0.01971	0.26595	0.02208	0.01639	0.02245	0.01509	0.02182	0.01217	0.01318	0.06839	0.00374	0.14846	0.00826	0.00386	0.00961
11	0.01013	0.00710	0.00942	0.01114	0.01157	0.00667	0.00737	0.01130	0.01517	0.02023	0.04270	0.65192	0.05108	0.06290	0.01272	0.02799	0.00495	0.02194	0.00726	0.00640
12	0.01720	0.01394	0.01690	0.06497	0.02114	0.01242	0.01090	0.08846	0.01967	0.02913	0.09491	0.02441	0.02093	0.01182	0.05379	0.00247	0.00745	0.00685	0.03451	0.44812
13	0.01651	0.01627	0.02932	0.37358	0.04471	0.01723	0.19336	0.02197	0.01727	0.02324	0.01645	0.02459	0.01326	0.00818	0.00838	0.00255	0.01075	0.03847	0.00412	0.11977
14	0.02224	0.01160	0.01420	0.01230	0.01588	0.01088	0.00931	0.07742	0.03889	0.26571	0.04005	0.14788	0.13258	0.14552	0.01492	0.00367	0.00644	0.01263	0.00806	0.00983
15	0.01855	0.01037	0.01310	0.01161	0.01485	0.00959	0.00893	0.02314	0.06835	0.20248	0.31609	0.09139	0.12610	0.03605	0.01008	0.00278	0.00506	0.01324	0.00881	0.00946
16	0.02559	0.01913	0.02203	0.02046	0.10028	0.02071	0.01470	0.42231	0.04788	0.04262	0.02375	0.06644	0.03904	0.01079	0.00805	0.00245	0.00799	0.00870	0.08475	0.01233
17	0.01536	0.01405	0.02088	0.01727	0.02041	0.01520	0.08496	0.01832	0.01482	0.02195	0.01902	0.10636	0.01886	0.04219	0.14345	0.00477	0.20670	0.00920	0.00462	0.20162
18	0.01128	0.00771	0.00924	0.00969	0.00997	0.00759	0.00591	0.01197	0.01350	0.01817	0.07041	0.22239	0.03844	0.47438	0.04945	0.00650	0.00719	0.01480	0.00583	0.00559
19	0.11425	0.01395	0.01716	0.09650	0.02270	0.01421	0.01207	0.11112	0.02237	0.28787	0.07691	0.02720	0.02155	0.00993	0.00754	0.00244	0.00688	0.00794	0.11618	0.01122
20	0.01817	0.01764	0.02885	0.38608	0.04477	0.05431	0.17599	0.06533	0.01892	0.02493	0.01619	0.02189	0.01222	0.00803	0.00824	0.00259	0.01103	0.00774	0.06734	0.00974
21	0.07344	0.01224	0.01542	0.07312	0.02008	0.01223	0.01104	0.05309	0.07384	0.22419	0.15661	0.14476	0.06802	0.01407	0.00865	0.00269	0.00616	0.01200	0.00814	0.01023
22	0.01386	0.00859	0.01101	0.01061	0.01251	0.00804	0.00788	0.01691	0.02008	0.08186	0.37169	0.12224	0.05702	0.10214	0.01320	0.00330	0.00492	0.05532	0.07111	0.00771
23	0.08224	0.01581	0.03676	0.25829	0.16541	0.01621	0.01826	0.02456	0.03891	0.09901	0.01896	0.02575	0.01522	0.00893	0.00780	0.00249	0.00880	0.04864	0.00511	0.10282

[dist]
# distance from previous block
# <min> <max>
0	14

[block]
# block no. 1 follows, 23 sequences, length 11
# corresponding to MSA columns:
# 121-131
name=unknown_B
#
# <colnr> <probs for GDERKNQSTAVLIFYWHMCP>
#	G	D	E	R	K	N	Q	S	T	A	V	L	I	F	Y	W	H	M	C	P
0	0.01658	0.01301	0.02116	0.44426	0.07785	0.01508	0.01824	0.02035	0.01668	0.06819	0.07699	0.02612	0.01832	0.01192	0.01167	0.11311	0.00925	0.00797	0.00459	0.00866
1	0.01110	0.00885	0.01328	0.01294	0.01468	0.00818	0.06699	0.01364	0.01783	0.02401	0.18496	0.43940	0.11043	0.02121	0.01003	0.00302	0.00531	0.01934	0.00752	0.00727
2	0.02123	0.01891	0.02698	0.02185	0.02463	0.02339	0.09625	0.12757	0.06324	0.05843	0.01551	0.01994	0.01286	0.01207	0.01910	0.00315	0.41169	0.00765	0.00504	0.01050
3	0.46289	0.01722	0.06522	0.24052	0.03058	0.01819	0.01496	0.02295	0.01486	0.03037	0.01259	0.01630	0.00958	0.00774	0.00625	0.00258	0.00822	0.00545	0.00443	0.00910
4	0.07930	0.01968	0.05812	0.01634	0.02236	0.01956	0.01388	0.27879	0.16201	0.09803	0.06719	0.02461	0.02041	0.00992	0.00783	0.00243	0.00759	0.00780	0.00760	0.07655
5	0.04368	0.01632	0.02109	0.01650	0.02219	0.01615	0.06875	0.15613	0.12051	0.20133	0.07793	0.02669	0.02198	0.01055	0.00904	0.03432	0.00748	0.00823	0.00763	0.11350
6	0.01651	0.01426	0.02187	0.50696	0.04511	0.01689	0.01908	0.07654	0.01880	0.02527	0.06244	0.02466	0.01660	0.00888	0.00796	0.00255	0.00944	0.00768	0.05756	0.04094
7	0.05255	0.01433	0.02282	0.29871	0.05914	0.01593	0.09501	0.04683	0.06265	0.02545	0.06977	0.15366	0.02502	0.01204	0.00869	0.00278	0.00886	0.01105	0.00540	0.00930
8	0.11310	0.01406	0.02294	0.39249	0.04022	0.01621	0.09278	0.01980	0.01517	0.02210	0.01420	0.02117	0.01138	0.01180	0.01250	0.15115	0.00985	0.00711	0.00383	0.00815
9	0.01576	0.01064	0.01562	0.01365	0.01643	0.01007	0.07234	0.01924	0.03552	0.11790	0.23908	0.18568	0.09513	0.08289	0.01293	0.00327	0.02314	0.01456	0.00767	0.00849
10	0.24184	0.01482	0.01659	0.01517	0.05562	0.01519	0.01133	0.03095	0.13645	0.21881	0.08907	0.02615	0.02255	0.00972	0.00725	0.00246	0.00641	0.00764	0.00742	0.06458

[dist]
# distance from previous block
# <min> <max>
1	4

[block]
# block no. 2 follows, 23 sequences, length 6
# corresponding to MSA columns:
# 136-141
name=unknown_C
#
# <colnr> <probs for GDERKNQSTAVLIFYWHMCP>
#	G	D	E	R	K	N	Q	S	T	A	V	L	I	F	Y	W	H	M	C	P
0	0.43695	0.02396	0.09363	0.01519	0.02111	0.13769	0.01353	0.11990	0.01958	0.03446	0.01316	0.01487	0.01003	0.00804	0.00622	0.00243	0.00885	0.00518	0.00516	0.01005
1	0.02380	0.01562	0.02136	0.01564	0.02263	0.01317	0.08005	0.06767	0.02039	0.21807	0.02017	0.02075	0.01455	0.00754	0.00718	0.00184	0.00732	0.00649	0.00650	0.40925
2	0.01308	0.00705	0.01029	0.01075	0.01086	0.00694	0.00716	0.01075	0.01177	0.01569	0.02148	0.18989	0.02364	0.02752	0.02656	0.58042	0.00648	0.01091	0.00449	0.00426
3	0.39322	0.02260	0.01655	0.01471	0.01936	0.21939	0.01153	0.07913	0.01930	0.06507	0.01571	0.06155	0.01333	0.00930	0.00651	0.00243	0.00897	0.00635	0.00547	0.00952
4	0.02079	0.01866	0.02922	0.20851	0.39554	0.02001	0.02261	0.13295	0.02141	0.02943	0.01580	0.02037	0.01250	0.00790	0.00807	0.00249	0.00981	0.00724	0.00464	0.01204
5	0.02729	0.02014	0.02165	0.13793	0.02862	0.10397	0.01528	0.22914	0.08933	0.17801	0.02453	0.02464	0.04281	0.00993	0.00810	0.00250	0.00909	0.00782	0.00723	0.01199

[dist]
# distance from previous block
# <min> <max>
2	9

[block]
# block no. 3 follows, 23 sequences, length 121
# corresponding to MSA columns:
# 151-271
name=unknown_D
#
# <colnr> <probs for GDERKNQSTAVLIFYWHMCP>
#	G	D	E	R	K	N	Q	S	T	A	V	L	I	F	Y	W	H	M	C	P
0	0.01767	0.01972	0.06097	0.13267	0.03905	0.01888	0.38848	0.02344	0.01753	0.02414	0.01602	0.02251	0.01276	0.03493	0.03425	0.00321	0.05898	0.00863	0.00405	0.06208
1	0.01630	0.01506	0.02343	0.06536	0.02452	0.01732	0.10714	0.04894	0.01573	0.02276	0.01695	0.04602	0.01542	0.02520	0.20605	0.00574	0.21936	0.00822	0.00437	0.09610
2	0.01830	0.02182	0.08461	0.05442	0.03789	0.02064	0.44670	0.02429	0.01758	0.02445	0.01547	0.02125	0.01215	0.01018	0.03746	0.00324	0.12632	0.00881	0.00396	0.01047
3	0.01104	0.00824	0.01088	0.01168	0.01226	0.00864	0.00809	0.01246	0.01434	0.01945	0.03663	0.40984	0.06379	0.15946	0.12190	0.00567	0.05540	0.01740	0.00627	0.00654
4	0.02206	0.01785	0.01912	0.01644	0.02154	0.01995	0.01296	0.12591	0.49663	0.05901	0.02979	0.02772	0.02217	0.01045	0.00808	0.00259	0.00677	0.00857	0.00807	0.06433
5	0.01922	0.32041	0.38982	0.01901	0.02872	0.02407	0.02271	0.02561	0.01708	0.04574	0.01383	0.01581	0.01068	0.00748	0.00669	0.00222	0.01045	0.00539	0.00368	0.01141
6	0.00989	0.00706	0.00942	0.01130	0.01177	0.00659	0.00753	0.01130	0.01554	0.02071	0.04472	0.70954	0.05367	0.02542	0.01036	0.00330	0.00471	0.02307	0.00753	0.00659
7	0.02085	0.61422	0.14063	0.01532	0.02305	0.03004	0.01639	0.02452	0.01659	0.02012	0.01179	0.01366	0.01039	0.00706	0.00560	0.00187	0.00919	0.00460	0.00346	0.01066
8	0.02008	0.01928	0.03294	0.04981	0.66422	0.01928	0.02490	0.02490	0.01848	0.02651	0.01526	0.02008	0.01285	0.00723	0.00803	0.00241	0.00964	0.00723	0.00402	0.01285
9	0.03641	0.01381	0.01883	0.01444	0.02071	0.01193	0.01193	0.03954	0.02322	0.66984	0.03201	0.02762	0.02009	0.01004	0.00816	0.00251	0.00690	0.00816	0.01004	0.01381
10	0.02132	0.67344	0.08555	0.01452	0.02180	0.03120	0.01498	0.02439	0.01653	0.01954	0.01150	0.01330	0.01040	0.00699	0.00538	0.00179	0.00890	0.00445	0.00347	0.01052
11	0.03641	0.01381	0.01883	0.01444	0.02071	0.01193	0.01193	0.03954	0.02322	0.66984	0.03201	0.02762	0.02009	0.01004	0.00816	0.00251	0.00690	0.00816	0.01004	0.01381
12	0.01018	0.00706	0.00949	0.01125	0.01169	0.00662	0.00750	0.01125	0.01519	0.02026	0.04261	0.66238	0.05094	0.02561	0.01183	0.05567	0.00487	0.02196	0.00726	0.00638
13	0.01246	0.00895	0.01234	0.01415	0.01583	0.00883	0.01198	0.01578	0.01818	0.02365	0.04456	0.18727	0.06854	0.02282	0.01102	0.00363	0.00693	0.49828	0.00748	0.00731
14	0.00989	0.00706	0.00942	0.01130	0.01177	0.00659	0.00753	0.01130	0.01554	0.02071	0.04472	0.70954	0.05367	0.02542	0.01036	0.00330	0.00471	0.02307	0.00753	0.00659
15	0.01532	0.01442	0.02434	0.69533	0.05589	0.01803	0.02253	0.02073	0.01622	0.02073	0.01442	0.02163	0.01082	0.00811	0.00811	0.00270	0.01082	0.00721	0.00361	0.00901
16	0.02008	0.01928	0.03294	0.04981	0.66422	0.01928	0.02490	0.02490	0.01848	0.02651	0.01526	0.02008	0.01285	0.00723	0.00803	0.00241	0.00964	0.00723	0.00402	0.01285
17	0.03123	0.02211	0.02397	0.01838	0.02486	0.02425	0.01518	0.59601	0.03712	0.09374	0.02034	0.02004	0.01423	0.00976	0.00812	0.00244	0.00879	0.00736	0.00825	0.01380
18	0.01679	0.01634	0.02301	0.02002	0.02024	0.02256	0.01657	0.01874	0.01252	0.01942	0.01238	0.01995	0.01215	0.02146	0.12875	0.00503	0.59441	0.00735	0.00367	0.00862
19	0.01627	0.04197	0.67279	0.02313	0.03512	0.01884	0.02998	0.02570	0.01713	0.02570	0.01456	0.01713	0.01028	0.00771	0.00771	0.00257	0.01199	0.00600	0.00343	0.01199
20	0.02018	0.01743	0.01835	0.01651	0.02110	0.02018	0.01284	0.04312	0.64956	0.03394	0.03303	0.03027	0.02477	0.01101	0.00826	0.00275	0.00642	0.00917	0.00826	0.01284
21	0.77215	0.01569	0.01193	0.01067	0.01569	0.01820	0.00879	0.02385	0.01381	0.03641	0.01130	0.01318	0.00879	0.00753	0.00502	0.00251	0.00628	0.00439	0.00502	0.00879
22	0.01180	0.00787	0.00885	0.00885	0.00885	0.00787	0.00492	0.01180	0.01180	0.01573	0.02557	0.05310	0.02950	0.71483	0.04130	0.00787	0.00787	0.01180	0.00492	0.00492
23	0.00989	0.00706	0.00942	0.01130	0.01177	0.00659	0.00753	0.01130	0.01554	0.02071	0.04472	0.70954	0.05367	0.02542	0.01036	0.00330	0.00471	0.02307	0.00753	0.00659
24	0.03123	0.02211	0.02397	0.01838	0.02486	0.02425	0.01518	0.59601	0.03712	0.09374	0.02034	0.02004	0.01423	0.00976	0.00812	0.00244	0.00879	0.00736	0.00825	0.01380
25	0.01409	0.00705	0.01057	0.01057	0.01057	0.00705	0.00705	0.01057	0.01057	0.01409	0.01409	0.02467	0.01409	0.02819	0.03171	0.76392	0.00705	0.00705	0.00352	0.00352
26	0.01150	0.00774	0.00894	0.00923	0.00930	0.00767	0.00532	0.01172	0.01238	0.01651	0.02855	0.15528	0.03326	0.60752	0.03648	0.00716	0.00737	0.01355	0.00532	0.00518
27	0.01606	0.01518	0.02568	0.59485	0.15058	0.01822	0.02290	0.02138	0.01658	0.02163	0.01455	0.02139	0.01113	0.00798	0.00810	0.00266	0.01063	0.00721	0.00367	0.00961
28	0.03031	0.03867	0.02299	0.02090	0.02508	0.68226	0.01568	0.03240	0.02299	0.01986	0.01254	0.01463	0.01045	0.00836	0.00732	0.00209	0.01463	0.00523	0.00418	0.00941
29	0.77215	0.01569	0.01193	0.01067	0.01569	0.01820	0.00879	0.02385	0.01381	0.03641	0.01130	0.01318	0.00879	0.00753	0.00502	0.00251	0.00628	0.00439	0.00502	0.00879
30	0.00989	0.00706	0.00942	0.01130	0.01177	0.00659	0.00753	0.01130	0.01554	0.02071	0.04472	0.70954	0.05367	0.02542	0.01036	0.00330	0.00471	0.02307	0.00753	0.00659
31	0.00989	0.00706	0.00942	0.01130	0.01177	0.00659	0.00753	0.01130	0.01554	0.02071	0.04472	0.70954	0.05367	0.02542	0.01036	0.00330	0.00471	0.02307	0.00753	0.00659
32	0.03599	0.01447	0.01924	0.01475	0.02104	0.01291	0.01219	0.08391	0.02433	0.62390	0.03108	0.02701	0.01962	0.01002	0.00816	0.00251	0.00705	0.00810	0.00990	0.01381
33	0.02176	0.02074	0.01907	0.01720	0.02172	0.12324	0.01328	0.04145	0.55203	0.03175	0.02984	0.02784	0.02254	0.01060	0.00811	0.00265	0.00770	0.00856	0.00762	0.01231
34	0.77215	0.01569	0.01193	0.01067	0.01569	0.01820	0.00879	0.02385	0.01381	0.03641	0.01130	0.01318	0.00879	0.00753	0.00502	0.00251	0.00628	0.00439	0.00502	0.00879
35	0.00968	0.00822	0.00834	0.00831	0.01101	0.00689	0.00623	0.01182	0.01870	0.02241	0.10910	0.07728	0.63371	0.02037	0.00959	0.00273	0.00410	0.01701	0.00760	0.00689
36	0.77215	0.01569	0.01193	0.01067	0.01569	0.01820	0.00879	0.02385	0.01381	0.03641	0.01130	0.01318	0.00879	0.00753	0.00502	0.00251	0.00628	0.00439	0.00502	0.00879
37	0.01148	0.00829	0.01085	0.01021	0.01212	0.00766	0.00766	0.01531	0.02297	0.03254	0.65994	0.06061	0.07656	0.01659	0.00957	0.00255	0.00383	0.01467	0.00893	0.00766
38	0.01002	0.00824	0.00881	0.00867	0.01122	0.00703	0.00650	0.01247	0.01950	0.02430	0.21191	0.07417	0.52973	0.01966	0.00959	0.00270	0.00405	0.01657	0.00785	0.00703
39	0.03547	0.01531	0.01976	0.01515	0.02146	0.01416	0.01252	0.14038	0.02574	0.56544	0.02990	0.02625	0.01903	0.00999	0.00815	0.00250	0.00725	0.00802	0.00972	0.01381
40	0.01179	0.00792	0.00914	0.00914	0.00924	0.00802	0.00528	0.01199	0.01189	0.01595	0.02530	0.05164	0.02887	0.66980	0.08546	0.00822	0.00882	0.01159	0.00488	0.00508
41	0.01613	0.01340	0.01329	0.01216	0.01473	0.11296	0.00920	0.01964	0.02299	0.07445	0.51593	0.05118	0.06238	0.01486	0.00912	0.00248	0.00572	0.01276	0.00827	0.00835
42	0.01915	0.02189	0.04788	0.03420	0.04241	0.02052	0.63475	0.02599	0.01915	0.02599	0.01642	0.02189	0.01231	0.00684	0.00958	0.00274	0.01368	0.00958	0.00410	0.01094
43	0.03081	0.02382	0.02426	0.01882	0.02516	0.07003	0.01544	0.59587	0.03712	0.04900	0.01901	0.01915	0.01357	0.00965	0.00806	0.00241	0.00932	0.00716	0.00785	0.01350
44	0.02029	0.54457	0.20540	0.01627	0.02452	0.02868	0.01804	0.02466	0.01665	0.02080	0.01213	0.01408	0.01038	0.00714	0.00585	0.00195	0.00953	0.00477	0.00346	0.01082
45	0.01569	0.11961	0.01662	0.01123	0.01438	0.01191	0.00907	0.01926	0.02199	0.09746	0.49294	0.04973	0.06033	0.01440	0.00874	0.00242	0.00491	0.01238	0.00820	0.00873
46	0.77215	0.01569	0.01193	0.01067	0.01569	0.01820	0.00879	0.02385	0.01381	0.03641	0.01130	0.01318	0.00879	0.00753	0.00502	0.00251	0.00628	0.00439	0.00502	0.00879
47	0.01532	0.01442	0.02434	0.69533	0.05589	0.01803	0.02253	0.02073	0.01622	0.02073	0.01442	0.02163	0.01082	0.00811	0.00811	0.00270	0.01082	0.00721	0.00361	0.00901
48	0.01672	0.03885	0.57552	0.02485	0.03625	0.01911	0.12412	0.02574	0.01745	0.02574	0.01485	0.01787	0.01060	0.00757	0.00800	0.00260	0.01225	0.00655	0.00353	0.01183
49	0.03641	0.01381	0.01883	0.01444	0.02071	0.01193	0.01193	0.03954	0.02322	0.66984	0.03201	0.02762	0.02009	0.01004	0.00816	0.00251	0.00690	0.00816	0.01004	0.01381
50	0.61770	0.01530	0.01338	0.01146	0.01675	0.01689	0.00945	0.02715	0.01579	0.16938	0.01565	0.01621	0.01116	0.00806	0.00568	0.00251	0.00641	0.00518	0.00608	0.00984
51	0.01214	0.00852	0.01219	0.01219	0.01371	0.00974	0.00945	0.01518	0.01366	0.02061	0.02247	0.03162	0.02037	0.05286	0.57730	0.01131	0.01894	0.00852	0.12195	0.00729
52	0.08319	0.01308	0.01711	0.01352	0.01903	0.01169	0.01105	0.03469	0.02254	0.52702	0.12833	0.03176	0.02810	0.01089	0.00816	0.00252	0.00638	0.00891	0.00952	0.01251
53	0.01180	0.00787	0.00885	0.00885	0.00885	0.00787	0.00492	0.01180	0.01180	0.01573	0.02557	0.05310	0.02950	0.71483	0.04130	0.00787	0.00787	0.01180	0.00492	0.00492
54	0.01150	0.00774	0.00894	0.00923	0.00930	0.00767	0.00532	0.01172	0.01238	0.01651	0.02855	0.15528	0.03326	0.60752	0.03648	0.00716	0.00737	0.01355	0.00532	0.00518
55	0.01013	0.00817	0.00859	0.00853	0.01075	0.00709	0.00613	0.01205	0.01792	0.02207	0.13413	0.07236	0.50119	0.12820	0.01452	0.00352	0.00467	0.01604	0.00727	0.00663
56	0.00989	0.00706	0.00942	0.01130	0.01177	0.00659	0.00753	0.01130	0.01554	0.02071	0.04472	0.70954	0.05367	0.02542	0.01036	0.00330	0.00471	0.02307	0.00753	0.00659
57	0.77215	0.01569	0.01193	0.01067	0.01569	0.01820	0.00879	0.02385	0.01381	0.03641	0.01130	0.01318	0.00879	0.00753	0.00502	0.00251	0.00628	0.00439	0.00502	0.00879
58	0.65376	0.01460	0.01210	0.01104	0.01550	0.01695	0.00900	0.02239	0.01369	0.03367	0.01292	0.01609	0.01058	0.01583	0.11050	0.00415	0.00868	0.00506	0.00492	0.00855
59	0.01441	0.00901	0.01136	0.01055	0.01318	0.00807	0.00810	0.01766	0.02155	0.11524	0.39892	0.08645	0.19780	0.01716	0.00948	0.00266	0.00448	0.03700	0.00866	0.00826
60	0.01513	0.00756	0.00756	0.00756	0.00945	0.00756	0.00567	0.01891	0.01702	0.03025	0.02647	0.03025	0.02080	0.00945	0.00567	0.00189	0.00378	0.00756	0.75988	0.00756
61	0.01173	0.00846	0.01119	0.01095	0.01285	0.00792	0.00850	0.01555	0.02230	0.03125	0.56390	0.06542	0.07191	0.01750	0.00983	0.00274	0.00440	0.10728	0.00870	0.00763
62	0.02783	0.02048	0.02225	0.01735	0.02313	0.02244	0.01421	0.54036	0.03579	0.04824	0.11917	0.02588	0.02357	0.01081	0.00834	0.00245	0.00813	0.00845	0.00824	0.01284
63	0.01310	0.00936	0.01033	0.01004	0.01076	0.00978	0.00615	0.01667	0.11107	0.01857	0.02673	0.04955	0.02876	0.60528	0.03616	0.00707	0.00764	0.01139	0.00544	0.00615
64	0.77215	0.01569	0.01193	0.01067	0.01569	0.01820	0.00879	0.02385	0.01381	0.03641	0.01130	0.01318	0.00879	0.00753	0.00502	0.00251	0.00628	0.00439	0.00502	0.00879
65	0.53467	0.01605	0.01422	0.01206	0.01721	0.01796	0.00990	0.12047	0.01871	0.09851	0.01559	0.01671	0.01147	0.00825	0.00585	0.00246	0.00658	0.00542	0.05796	0.00996
66	0.06110	0.01302	0.01732	0.01363	0.01918	0.01151	0.01114	0.03516	0.02282	0.54603	0.12895	0.03219	0.02844	0.01096	0.00826	0.00252	0.00640	0.00903	0.00968	0.01266
67	0.03046	0.02254	0.02413	0.01859	0.02502	0.02498	0.01533	0.61555	0.06040	0.05051	0.01997	0.01987	0.01420	0.00979	0.00812	0.00245	0.00884	0.00737	0.00812	0.01376
68	0.01159	0.00869	0.01304	0.01304	0.01449	0.01014	0.01014	0.01449	0.01304	0.01884	0.02173	0.03188	0.02029	0.06086	0.68268	0.01304	0.02173	0.00869	0.00435	0.00724
69	0.01066	0.00804	0.00988	0.01006	0.01189	0.00726	0.00741	0.01346	0.01993	0.02667	0.34068	0.20848	0.23436	0.01984	0.00981	0.00281	0.00423	0.03914	0.00818	0.00719
70	0.64425	0.01529	0.01281	0.01142	0.01638	0.01731	0.00942	0.02557	0.03871	0.08982	0.01542	0.01886	0.01219	0.00860	0.00571	0.00258	0.00639	0.03427	0.00569	0.00930
71	0.03067	0.02782	0.02392	0.01938	0.02514	0.23517	0.01550	0.44388	0.03331	0.04114	0.01726	0.01793	0.01273	0.00930	0.00786	0.00232	0.01075	0.00664	0.00686	0.01240
72	0.00989	0.00706	0.00942	0.01130	0.01177	0.00659	0.00753	0.01130	0.01554	0.02071	0.04472	0.70954	0.05367	0.02542	0.01036	0.00330	0.00471	0.02307	0.00753	0.00659
73	0.01112	0.00758	0.00905	0.00972	0.00989	0.00741	0.00585	0.01162	0.01313	0.01751	0.03240	0.28719	0.03812	0.46898	0.03027	0.00624	0.00674	0.01582	0.00585	0.00551
74	0.03144	0.01665	0.01996	0.01587	0.02180	0.01680	0.01292	0.17499	0.16994	0.38492	0.02942	0.02639	0.01974	0.01020	0.00817	0.00255	0.00725	0.00820	0.00920	0.01359
75	0.00989	0.00706	0.00942	0.01130	0.01177	0.00659	0.00753	0.01130	0.01554	0.02071	0.04472	0.70954	0.05367	0.02542	0.01036	0.00330	0.00471	0.02307	0.00753	0.00659
76	0.01532	0.01442	0.02434	0.69533	0.05589	0.01803	0.02253	0.02073	0.01622	0.02073	0.01442	0.02163	0.01082	0.00811	0.00811	0.00270	0.01082	0.00721	0.00361	0.00901
77	0.01624	0.01535	0.02599	0.57153	0.17256	0.01827	0.02299	0.02153	0.01666	0.02184	0.01458	0.02134	0.01121	0.00794	0.00810	0.00265	0.01059	0.00721	0.00368	0.00975
78	0.01181	0.00896	0.01112	0.01220	0.01403	0.00869	0.00958	0.01570	0.06098	0.02310	0.05172	0.24710	0.19702	0.04791	0.01151	0.00346	0.00585	0.24443	0.00746	0.00736
79	0.01308	0.00934	0.01308	0.01494	0.01681	0.00934	0.01308	0.01681	0.01868	0.02428	0.04296	0.09153	0.04670	0.02242	0.01121	0.00374	0.00747	0.60960	0.00747	0.00747
80	0.01038	0.00742	0.00999	0.01187	0.01255	0.00702	0.00840	0.01216	0.01602	0.02127	0.04445	0.61334	0.05258	0.02495	0.01049	0.00336	0.00514	0.11437	0.00752	0.00673
81	0.00988	0.00710	0.00937	0.01118	0.01174	0.00660	0.00748	0.01131	0.01564	0.02076	0.04610	0.68625	0.07606	0.02524	0.01033	0.00327	0.00469	0.02285	0.00753	0.00660
82	0.02989	0.02216	0.02384	0.01822	0.02476	0.02418	0.01503	0.59505	0.03669	0.04945	0.01914	0.01930	0.01368	0.00949	0.00797	0.00235	0.00873	0.00713	0.00789	0.06505
83	0.01086	0.00780	0.01037	0.01118	0.01240	0.00730	0.00811	0.01352	0.01898	0.02605	0.30456	0.37652	0.06268	0.02140	0.01011	0.00302	0.00460	0.07530	0.00812	0.00712
84	0.01683	0.01442	0.01683	0.01202	0.01923	0.01082	0.00961	0.02043	0.01683	0.02644	0.01442	0.01683	0.01202	0.00601	0.00601	0.00120	0.00601	0.00481	0.00481	0.76444
85	0.03308	0.01566	0.01955	0.01537	0.02141	0.01512	0.01257	0.12615	0.12287	0.48177	0.03037	0.02686	0.01991	0.01015	0.00817	0.00254	0.00712	0.00819	0.00949	0.01366
86	0.01454	0.00846	0.01129	0.01151	0.01329	0.00772	0.00827	0.01686	0.01871	0.12750	0.20386	0.43060	0.05430	0.02065	0.00980	0.00298	0.00483	0.01849	0.00830	0.00802
87	0.00989	0.00706	0.00942	0.01130	0.01177	0.00659	0.00753	0.01130	0.01554	0.02071	0.04472	0.70954	0.05367	0.02542	0.01036	0.00330	0.00471	0.02307	0.00753	0.00659
88	0.00994	0.00722	0.00939	0.01099	0.01172	0.00666	0.00743	0.01152	0.01614	0.02139	0.07765	0.62633	0.10451	0.02459	0.01026	0.00321	0.00462	0.02217	0.00760	0.00666
89	0.02084	0.02389	0.03712	0.02829	0.03356	0.14411	0.35515	0.02545	0.01806	0.02313	0.01416	0.01944	0.01152	0.00909	0.01372	0.00283	0.19745	0.00811	0.00397	0.01011
90	0.35103	0.01668	0.01606	0.01378	0.01861	0.01892	0.01113	0.17080	0.13940	0.03795	0.06354	0.02248	0.01851	0.01298	0.05294	0.00326	0.00781	0.00699	0.00659	0.01055
91	0.05500	0.01410	0.01801	0.01460	0.02014	0.01326	0.01190	0.05743	0.10371	0.48509	0.03219	0.06330	0.02299	0.01140	0.00832	0.00263	0.00681	0.03687	0.00935	0.01288
92	0.01536	0.00904	0.01181	0.01096	0.01345	0.00816	0.00826	0.01857	0.02155	0.13872	0.41758	0.15719	0.10326	0.01712	0.00945	0.00267	0.00451	0.01504	0.00881	0.00849
93	0.01148	0.00829	0.01085	0.01021	0.01212	0.00766	0.00766	0.01531	0.02297	0.03254	0.65994	0.06061	0.07656	0.01659	0.00957	0.00255	0.00383	0.01467	0.00893	0.00766
94	0.31415	0.01658	0.01634	0.01391	0.01865	0.01836	0.01114	0.23925	0.04710	0.05842	0.04380	0.12656	0.02089	0.01162	0.00732	0.00262	0.00691	0.00899	0.00692	0.01048
95	0.02919	0.02190	0.02342	0.01833	0.02453	0.02439	0.01502	0.54469	0.13332	0.04846	0.02159	0.02116	0.01551	0.00994	0.00814	0.00248	0.00854	0.00760	0.00814	0.01365
96	0.01583	0.00939	0.01202	0.01105	0.01392	0.00844	0.00867	0.01919	0.02176	0.14617	0.37695	0.06084	0.17426	0.01670	0.00947	0.00269	0.00479	0.07052	0.00873	0.00861
97	0.13067	0.01368	0.01738	0.01366	0.01947	0.01245	0.01123	0.03584	0.02198	0.54371	0.07218	0.02799	0.02247	0.01016	0.00785	0.00251	0.00661	0.00811	0.00931	0.01273
98	0.01161	0.00826	0.01035	0.01142	0.01223	0.00806	0.00766	0.05411	0.01650	0.02202	0.04002	0.56024	0.04718	0.13166	0.01502	0.00395	0.00549	0.02024	0.00717	0.00682
99	0.01447	0.01006	0.01135	0.01075	0.01183	0.01037	0.00695	0.10907	0.01647	0.02200	0.02752	0.14735	0.03072	0.50060	0.03145	0.00633	0.00755	0.01281	0.00581	0.00655
100	0.01409	0.00705	0.01057	0.01057	0.01057	0.00705	0.00705	0.01057	0.01057	0.01409	0.01409	0.02467	0.01409	0.02819	0.03171	0.76392	0.00705	0.00705	0.00352	0.00352
101	0.01013	0.00725	0.00964	0.01113	0.01182	0.00676	0.00755	0.01192	0.01669	0.02255	0.14049	0.60853	0.05723	0.02405	0.01023	0.00318	0.00457	0.02176	0.00775	0.00676
102	0.01570	0.00819	0.00881	0.00855	0.01036	0.00830	0.00634	0.04640	0.01700	0.02871	0.02422	0.02888	0.01943	0.01238	0.00984	0.12053	0.00453	0.00747	0.60714	0.00722
103	0.03602	0.01442	0.01921	0.01473	0.02102	0.01284	0.01217	0.08069	0.02425	0.62724	0.03115	0.02706	0.01965	0.01002	0.00816	0.00251	0.00704	0.00810	0.00991	0.01381
104	0.01148	0.00829	0.01085	0.01021	0.01212	0.00766	0.00766	0.01531	0.02297	0.03254	0.65994	0.06061	0.07656	0.01659	0.00957	0.00255	0.00383	0.01467	0.00893	0.00766
105	0.03085	0.02273	0.02435	0.01867	0.02516	0.02516	0.01542	0.63716	0.03815	0.05114	0.01948	0.01948	0.01380	0.00974	0.00812	0.00244	0.00893	0.00731	0.00812	0.01380
106	0.00989	0.00706	0.00942	0.01130	0.01177	0.00659	0.00753	0.01130	0.01554	0.02071	0.04472	0.70954	0.05367	0.02542	0.01036	0.00330	0.00471	0.02307	0.00753	0.00659
107	0.01159	0.00869	0.01304	0.01304	0.01449	0.01014	0.01014	0.01449	0.01304	0.01884	0.02173	0.03188	0.02029	0.06086	0.68268	0.01304	0.02173	0.00869	0.00435	0.00724
108	0.01131	0.00966	0.00989	0.00959	0.01258	0.00896	0.00726	0.01668	0.11689	0.02419	0.09619	0.06999	0.54001	0.01892	0.00938	0.00273	0.00446	0.01580	0.00770	0.00781
109	0.65510	0.01596	0.01293	0.01158	0.01653	0.01851	0.00942	0.02685	0.11277	0.03602	0.01468	0.01584	0.01128	0.00807	0.00553	0.00255	0.00630	0.00514	0.00553	0.00942
110	0.01603	0.01527	0.02500	0.54634	0.09204	0.01918	0.02195	0.02083	0.01579	0.02094	0.01389	0.02092	0.01093	0.00900	0.01099	0.00282	0.11801	0.00720	0.00363	0.00925
111	0.01035	0.00741	0.00989	0.01138	0.01217	0.00694	0.00793	0.01230	0.01691	0.02280	0.14037	0.56633	0.05676	0.02384	0.01029	0.00321	0.00476	0.06181	0.00775	0.00682
112	0.01578	0.03689	0.57010	0.02185	0.03227	0.01736	0.02735	0.02431	0.01737	0.02548	0.01898	0.02871	0.01595	0.01000	0.00825	0.00275	0.01129	0.09995	0.00406	0.01129
113	0.01148	0.00829	0.01085	0.01021	0.01212	0.00766	0.00766	0.01531	0.02297	0.03254	0.65994	0.06061	0.07656	0.01659	0.00957	0.00255	0.00383	0.01467	0.00893	0.00766
114	0.01523	0.03672	0.56934	0.02081	0.03136	0.01698	0.02627	0.02351	0.01734	0.02511	0.02509	0.02662	0.11156	0.00971	0.00800	0.00260	0.01077	0.00773	0.00407	0.01119
115	0.00959	0.00822	0.00822	0.00822	0.01096	0.00685	0.00617	0.01165	0.01850	0.02192	0.08220	0.07809	0.66092	0.02055	0.00959	0.00274	0.00411	0.01713	0.00754	0.00685
116	0.01085	0.00919	0.00974	0.00895	0.01233	0.00752	0.00680	0.01327	0.01854	0.02335	0.11143	0.06735	0.51968	0.01801	0.00903	0.00249	0.00439	0.01504	0.00721	0.12483
117	0.13488	0.01702	0.02278	0.10207	0.02466	0.02298	0.01694	0.02035	0.01311	0.02230	0.01121	0.01752	0.01038	0.01242	0.02100	0.00329	0.50773	0.00669	0.00379	0.00888
118	0.05329	0.20145	0.38291	0.01842	0.02704	0.02016	0.02151	0.02302	0.01656	0.02382	0.01829	0.12371	0.01699	0.01027	0.00738	0.00248	0.00977	0.00817	0.00415	0.01061
119	0.06510	0.35909	0.30483	0.01854	0.02755	0.02514	0.05044	0.02494	0.01672	0.02325	0.01290	0.01518	0.01035	0.00729	0.00646	0.00218	0.01016	0.00529	0.00358	0.01100
120	0.04516	0.31090	0.36572	0.05161	0.02972	0.02409	0.02243	0.02483	0.01671	0.02319	0.01313	0.01556	0.01031	0.00742	0.00663	0.00224	0.01041	0.00534	0.00351	0.01110

[dist]
# distance from previous block
# <min> <max>
5	25

[block]
# block no. 4 follows, 23 sequences, length 12
# corresponding to MSA columns:
# 297-308
name=unknown_E
#
# <colnr> <probs for GDERKNQSTAVLIFYWHMCP>
#	G	D	E	R	K	N	Q	S	T	A	V	L	I	F	Y	W	H	M	C	P
0	0.01932	0.17498	0.31305	0.08928	0.03078	0.02167	0.02163	0.12478	0.02084	0.02854	0.06700	0.02065	0.01632	0.00865	0.00745	0.00239	0.01001	0.00670	0.00467	0.01130
1	0.09290	0.00852	0.00812	0.00799	0.01035	0.00855	0.00608	0.01822	0.01693	0.02952	0.03407	0.03636	0.12500	0.01108	0.00625	0.00210	0.00409	0.00881	0.55748	0.00757
2	0.12994	0.01638	0.02404	0.30794	0.10071	0.01777	0.06824	0.07197	0.01821	0.02747	0.01462	0.01928	0.01128	0.00762	0.00742	0.00238	0.00932	0.00660	0.00446	0.13436
3	0.02518	0.18886	0.18374	0.01944	0.02736	0.05460	0.08217	0.12938	0.02223	0.16390	0.01838	0.01914	0.01318	0.00830	0.00746	0.00233	0.00995	0.00661	0.00571	0.01207
4	0.01443	0.01321	0.02188	0.58264	0.04862	0.01614	0.02006	0.01918	0.01611	0.02073	0.01941	0.13496	0.01788	0.01096	0.00848	0.00280	0.00981	0.00982	0.00425	0.00861
5	0.01679	0.01557	0.02563	0.42315	0.21356	0.01826	0.02171	0.02164	0.01657	0.02279	0.01510	0.02144	0.01198	0.00846	0.00946	0.00264	0.06658	0.00723	0.05149	0.00994
6	0.06953	0.23188	0.18937	0.01752	0.02441	0.06479	0.01768	0.02908	0.12139	0.07714	0.01739	0.01857	0.01345	0.00878	0.00845	0.00240	0.06591	0.00615	0.00493	0.01119
7	0.04186	0.01606	0.05066	0.19227	0.02990	0.03210	0.07639	0.01896	0.01616	0.02198	0.03122	0.05810	0.17214	0.01321	0.01338	0.00293	0.18898	0.01021	0.00480	0.00868
8	0.09924	0.01812	0.05475	0.23519	0.03360	0.02005	0.04817	0.16110	0.02047	0.02962	0.01718	0.07517	0.01478	0.01076	0.01111	0.00281	0.12442	0.00826	0.00511	0.01010
9	0.14042	0.02171	0.07592	0.02024	0.05522	0.07447	0.05551	0.14204	0.02122	0.12938	0.01685	0.01894	0.01260	0.00970	0.01140	0.00266	0.15131	0.00676	0.00576	0.02789
10	0.12785	0.06311	0.08560	0.01520	0.01905	0.08317	0.01330	0.02108	0.03622	0.02342	0.03583	0.02440	0.01686	0.06108	0.23113	0.00619	0.08254	0.00716	0.00451	0.04230
11	0.02005	0.08832	0.12218	0.17651	0.07364	0.02004	0.04955	0.17450	0.02251	0.03006	0.02025	0.03103	0.01755	0.01058	0.00835	0.00268	0.00983	0.10613	0.00537	0.01086

[dist]
# distance from previous block
# <min> <max>
0	21

# created by:
# /st0/software/busco_prod/Augustus/scripts/msa2prfl.pl ./align_prep/123172.fa
