[name]
unknown

[dist]
# distance from previous block
# <min> <max>
5	18

[block]
# block no. 0 follows, 23 sequences, length 10
# corresponding to MSA columns:
# 63-72
name=unknown_A
#
# <colnr> <probs for GDERKNQSTAVLIFYWHMCP>
#	G	D	E	R	K	N	Q	S	T	A	V	L	I	F	Y	W	H	M	C	P
0	0.01392	0.00776	0.00877	0.00857	0.01036	0.00756	0.00638	0.01730	0.01852	0.03005	0.22531	0.03950	0.03798	0.01277	0.00838	0.04543	0.00398	0.00977	0.48032	0.00736
1	0.01398	0.00779	0.00860	0.00840	0.01029	0.00759	0.00630	0.01777	0.01889	0.03097	0.22601	0.03981	0.03836	0.01170	0.00690	0.00210	0.00380	0.00980	0.52333	0.00759
2	0.01609	0.01547	0.02450	0.48301	0.04499	0.02018	0.02103	0.02035	0.01503	0.02035	0.01323	0.02041	0.01076	0.01003	0.01395	0.00297	0.22790	0.00718	0.00359	0.00897
3	0.01672	0.01067	0.01096	0.01038	0.01312	0.01154	0.00793	0.02653	0.21627	0.03141	0.02854	0.03026	0.02205	0.00994	0.00649	0.00216	0.00461	0.00807	0.52312	0.00923
4	0.01579	0.01079	0.01307	0.01195	0.01316	0.01302	0.00944	0.01876	0.01532	0.02617	0.02144	0.02743	0.01803	0.04529	0.01401	0.00270	0.22328	0.00762	0.48488	0.00785
5	0.48130	0.01579	0.01671	0.22690	0.02902	0.01864	0.01359	0.06626	0.01629	0.03251	0.01286	0.01629	0.00978	0.00787	0.00621	0.00257	0.00789	0.00549	0.00479	0.00921
6	0.02210	0.01164	0.01477	0.01278	0.01623	0.01145	0.00973	0.02750	0.11068	0.26424	0.11171	0.03845	0.03025	0.17148	0.10540	0.00512	0.00862	0.01003	0.00776	0.01005
7	0.02361	0.01762	0.01891	0.01572	0.02082	0.01935	0.01255	0.24276	0.29406	0.06369	0.02638	0.02568	0.01955	0.01004	0.00773	0.00243	0.00693	0.00802	0.10816	0.05597
8	0.11853	0.01363	0.01484	0.01341	0.01674	0.01432	0.01012	0.21068	0.02224	0.03237	0.02921	0.31294	0.03101	0.06575	0.01088	0.00312	0.00655	0.01376	0.00704	0.05286
9	0.01174	0.00924	0.01044	0.00986	0.01251	0.00854	0.00752	0.05464	0.02085	0.02701	0.25599	0.06561	0.39111	0.02127	0.05430	0.00335	0.00552	0.01514	0.00780	0.00759

[dist]
# distance from previous block
# <min> <max>
5	11

[block]
# block no. 1 follows, 23 sequences, length 152
# corresponding to MSA columns:
# 84-235
name=unknown_B
#
# <colnr> <probs for GDERKNQSTAVLIFYWHMCP>
#	G	D	E	R	K	N	Q	S	T	A	V	L	I	F	Y	W	H	M	C	P
0	0.01268	0.00951	0.01140	0.01175	0.01362	0.00949	0.00851	0.01754	0.10778	0.04837	0.08600	0.38095	0.18578	0.02076	0.01031	0.00303	0.02878	0.01811	0.00768	0.00796
1	0.02207	0.02468	0.09370	0.03860	0.40231	0.13319	0.05875	0.02680	0.01915	0.05439	0.01538	0.01922	0.01240	0.00784	0.00869	0.00244	0.03725	0.00694	0.00425	0.01196
2	0.02340	0.01817	0.01873	0.01631	0.02105	0.05716	0.01273	0.08848	0.45181	0.11809	0.03028	0.02919	0.02265	0.04279	0.00969	0.00289	0.00723	0.00878	0.00809	0.01249
3	0.02162	0.02041	0.02442	0.02925	0.25748	0.08438	0.01766	0.06255	0.32937	0.03064	0.02390	0.02452	0.01851	0.00931	0.00808	0.00255	0.00851	0.00799	0.00630	0.01256
4	0.01587	0.01323	0.01503	0.01239	0.01745	0.01171	0.00958	0.04948	0.11681	0.02719	0.03171	0.14095	0.10877	0.01211	0.00765	0.00205	0.00574	0.01027	0.00631	0.38569
5	0.07139	0.02603	0.08611	0.01878	0.02481	0.13627	0.01623	0.38516	0.03004	0.03981	0.01814	0.04952	0.01429	0.01006	0.00857	0.00248	0.03630	0.00736	0.00660	0.01206
6	0.02068	0.48714	0.18995	0.01640	0.02439	0.06553	0.01762	0.02492	0.01703	0.02104	0.01228	0.01426	0.01046	0.00716	0.00596	0.00193	0.00969	0.00481	0.00356	0.04519
7	0.02018	0.01743	0.01835	0.01651	0.02110	0.02018	0.01284	0.04312	0.64956	0.03394	0.03303	0.03027	0.02477	0.01101	0.00826	0.00275	0.00642	0.00917	0.00826	0.01284
8	0.01473	0.00881	0.01484	0.01324	0.01427	0.00865	0.08078	0.01270	0.01182	0.01610	0.01483	0.02455	0.01414	0.02498	0.02813	0.64587	0.00770	0.00736	0.03195	0.00455
9	0.01329	0.00873	0.01121	0.01033	0.01269	0.00791	0.00784	0.01687	0.02250	0.08277	0.54676	0.05984	0.13528	0.01649	0.00946	0.00257	0.00411	0.01441	0.00887	0.00806
10	0.01148	0.00829	0.01085	0.01021	0.01212	0.00766	0.00766	0.01531	0.02297	0.03254	0.65994	0.06061	0.07656	0.01659	0.00957	0.00255	0.00383	0.01467	0.00893	0.00766
11	0.01000	0.00711	0.00938	0.01116	0.01160	0.00666	0.00738	0.01133	0.01532	0.02043	0.04362	0.67163	0.05227	0.06523	0.01214	0.00356	0.00489	0.02242	0.00738	0.00649
12	0.01866	0.02044	0.04423	0.03189	0.03930	0.01920	0.57339	0.02448	0.01831	0.02483	0.01619	0.02216	0.01249	0.00893	0.01174	0.07714	0.01303	0.00933	0.00405	0.01022
13	0.02931	0.03678	0.02397	0.02373	0.08756	0.61745	0.01658	0.03167	0.02255	0.02051	0.01281	0.01517	0.01069	0.00825	0.00739	0.00212	0.01414	0.00542	0.00416	0.00974
14	0.00989	0.00706	0.00942	0.01130	0.01177	0.00659	0.00753	0.01130	0.01554	0.02071	0.04472	0.70954	0.05367	0.02542	0.01036	0.00330	0.00471	0.02307	0.00753	0.00659
15	0.00989	0.00706	0.00942	0.01130	0.01177	0.00659	0.00753	0.01130	0.01554	0.02071	0.04472	0.70954	0.05367	0.02542	0.01036	0.00330	0.00471	0.02307	0.00753	0.00659
16	0.01253	0.00916	0.01232	0.01389	0.01590	0.00895	0.01199	0.01600	0.01865	0.02391	0.04910	0.08943	0.14280	0.02212	0.01095	0.00358	0.00695	0.51691	0.00748	0.00737
17	0.01513	0.00756	0.00756	0.00756	0.00945	0.00756	0.00567	0.01891	0.01702	0.03025	0.02647	0.03025	0.02080	0.00945	0.00567	0.00189	0.00378	0.00756	0.75988	0.00756
18	0.01215	0.00885	0.01191	0.01355	0.01531	0.00860	0.01136	0.01532	0.01816	0.02344	0.04804	0.18657	0.12295	0.02266	0.01088	0.00355	0.00663	0.44533	0.00749	0.00726
19	0.08561	0.00896	0.01066	0.01012	0.01235	0.00857	0.00763	0.01565	0.02136	0.03148	0.51962	0.08500	0.12040	0.01643	0.00916	0.00260	0.00413	0.01424	0.00837	0.00765
20	0.01940	0.01198	0.01244	0.01090	0.01411	0.01275	0.00856	0.17708	0.05890	0.03576	0.02508	0.02752	0.01925	0.00962	0.00644	0.00208	0.00524	0.00759	0.52585	0.00945
21	0.01180	0.00787	0.00885	0.00885	0.00885	0.00787	0.00492	0.01180	0.01180	0.01573	0.02557	0.05310	0.02950	0.71483	0.04130	0.00787	0.00787	0.01180	0.00492	0.00492
22	0.01159	0.00869	0.01304	0.01304	0.01449	0.01014	0.01014	0.01449	0.01304	0.01884	0.02173	0.03188	0.02029	0.06086	0.68268	0.01304	0.02173	0.00869	0.00435	0.00724
23	0.03171	0.02135	0.02350	0.01801	0.02447	0.02311	0.01488	0.54461	0.03584	0.14695	0.02142	0.02074	0.01477	0.00979	0.00812	0.00245	0.00862	0.00744	0.00842	0.01380
24	0.01005	0.00725	0.00952	0.01104	0.01177	0.00672	0.00748	0.01175	0.01649	0.02206	0.11367	0.60923	0.08446	0.02423	0.01024	0.00319	0.00458	0.02187	0.00769	0.00672
25	0.01159	0.00869	0.01304	0.01304	0.01449	0.01014	0.01014	0.01449	0.01304	0.01884	0.02173	0.03188	0.02029	0.06086	0.68268	0.01304	0.02173	0.00869	0.00435	0.00724
26	0.01160	0.00865	0.01280	0.01280	0.01416	0.01001	0.00984	0.01433	0.01297	0.01866	0.02196	0.03310	0.02082	0.09862	0.64564	0.01274	0.02093	0.00887	0.00438	0.00711
27	0.00993	0.00831	0.00870	0.00882	0.01146	0.00708	0.00676	0.01218	0.01867	0.02248	0.09954	0.07853	0.59168	0.02056	0.00972	0.00281	0.00437	0.06389	0.00758	0.00693
28	0.01898	0.01121	0.01413	0.01250	0.01591	0.01088	0.00980	0.02588	0.12910	0.18460	0.37545	0.04900	0.05293	0.01435	0.00909	0.00263	0.00517	0.03938	0.00902	0.01000
29	0.01137	0.00821	0.01074	0.01029	0.01210	0.00758	0.00765	0.01502	0.02243	0.03169	0.61573	0.10724	0.07492	0.01722	0.00963	0.00261	0.00389	0.01528	0.00883	0.00758
30	0.03082	0.02340	0.02429	0.01876	0.02516	0.05300	0.01543	0.61154	0.03751	0.04981	0.01919	0.01928	0.01366	0.00968	0.00808	0.00242	0.00917	0.00722	0.00795	0.01361
31	0.01038	0.00743	0.00990	0.01130	0.01213	0.00696	0.00788	0.01240	0.01716	0.02322	0.16409	0.54784	0.05771	0.02353	0.01025	0.00318	0.00470	0.05531	0.00780	0.00685
32	0.01513	0.00756	0.00756	0.00756	0.00945	0.00756	0.00567	0.01891	0.01702	0.03025	0.02647	0.03025	0.02080	0.00945	0.00567	0.00189	0.00378	0.00756	0.75988	0.00756
33	0.00978	0.00823	0.00848	0.00841	0.01107	0.00693	0.00631	0.01200	0.01893	0.02296	0.13867	0.07638	0.60380	0.02016	0.00959	0.00272	0.00408	0.01689	0.00767	0.00693
34	0.77215	0.01569	0.01193	0.01067	0.01569	0.01820	0.00879	0.02385	0.01381	0.03641	0.01130	0.01318	0.00879	0.00753	0.00502	0.00251	0.00628	0.00439	0.00502	0.00879
35	0.01029	0.00761	0.00934	0.01018	0.01137	0.00696	0.00699	0.01212	0.01712	0.02255	0.15822	0.39199	0.19039	0.09019	0.01307	0.00349	0.00473	0.01918	0.00752	0.00667
36	0.01021	0.00720	0.00932	0.01088	0.01128	0.00681	0.00709	0.01138	0.01490	0.01987	0.04148	0.59849	0.04958	0.14204	0.01559	0.00407	0.00524	0.02116	0.00709	0.00631
37	0.01567	0.01477	0.02496	0.64895	0.09959	0.01812	0.02270	0.02103	0.01639	0.02115	0.01448	0.02152	0.01096	0.00805	0.00811	0.00268	0.01073	0.00721	0.00364	0.00929
38	0.01277	0.00849	0.01117	0.01056	0.01258	0.00780	0.00789	0.01632	0.02226	0.06818	0.56354	0.12214	0.07106	0.01707	0.00957	0.00262	0.00409	0.01512	0.00886	0.00791
39	0.01757	0.07520	0.21684	0.02096	0.02526	0.02308	0.02077	0.02172	0.01427	0.02157	0.01199	0.01719	0.01058	0.01146	0.01874	0.00304	0.42147	0.00649	0.00356	0.03823
40	0.01712	0.14801	0.57418	0.02168	0.03288	0.02092	0.02746	0.02548	0.01703	0.02466	0.01405	0.01649	0.01030	0.00759	0.00732	0.00244	0.01147	0.00574	0.00343	0.01174
41	0.01081	0.01071	0.05700	0.01017	0.01327	0.00806	0.00860	0.01404	0.01989	0.02581	0.26860	0.06832	0.39966	0.01837	0.00950	0.00270	0.00469	0.03460	0.00770	0.00751
42	0.02716	0.28796	0.03014	0.01833	0.02353	0.44428	0.01502	0.02943	0.02061	0.01958	0.01208	0.01404	0.01044	0.00784	0.00654	0.00196	0.01245	0.00490	0.00392	0.00978
43	0.02814	0.02100	0.02242	0.01752	0.02354	0.02308	0.01437	0.54114	0.07212	0.04727	0.02641	0.02584	0.07770	0.01087	0.00827	0.00248	0.00831	0.00838	0.00807	0.01306
44	0.01068	0.00752	0.01039	0.05130	0.01415	0.00735	0.00828	0.01180	0.01497	0.01990	0.03932	0.58062	0.04649	0.04735	0.01333	0.07776	0.00540	0.02020	0.00682	0.00638
45	0.01002	0.00716	0.00957	0.01145	0.01198	0.00671	0.00777	0.01153	0.01567	0.02087	0.04465	0.68315	0.05337	0.02529	0.01039	0.00331	0.00483	0.04811	0.00753	0.00663
46	0.03430	0.01428	0.01877	0.01471	0.02076	0.01300	0.01205	0.04001	0.10466	0.58716	0.03214	0.02796	0.02069	0.01017	0.00817	0.00254	0.00684	0.00829	0.00981	0.01368
47	0.01683	0.01442	0.01683	0.01202	0.01923	0.01082	0.00961	0.02043	0.01683	0.02644	0.01442	0.01683	0.01202	0.00601	0.00601	0.00120	0.00601	0.00481	0.00481	0.76444
48	0.01180	0.00787	0.00885	0.00885	0.00885	0.00787	0.00492	0.01180	0.01180	0.01573	0.02557	0.05310	0.02950	0.71483	0.04130	0.00787	0.00787	0.01180	0.00492	0.00492
49	0.02231	0.67078	0.04112	0.01439	0.02113	0.07882	0.01401	0.02488	0.01695	0.01915	0.01137	0.01313	0.01042	0.00704	0.00536	0.00176	0.00911	0.00440	0.00352	0.01034
50	0.01161	0.00861	0.01263	0.01263	0.01394	0.00992	0.00963	0.01423	0.01292	0.01853	0.02211	0.03395	0.02119	0.12478	0.61998	0.01253	0.02038	0.00900	0.00440	0.00702
51	0.01995	0.01742	0.01968	0.05054	0.06893	0.02002	0.01416	0.04077	0.57470	0.03279	0.03088	0.02914	0.02326	0.01060	0.00823	0.00273	0.00686	0.00894	0.00774	0.01267
52	0.01920	0.01514	0.01642	0.01495	0.01918	0.01671	0.01175	0.03604	0.45961	0.07796	0.04136	0.04196	0.12553	0.01325	0.00867	0.00280	0.00617	0.05348	0.00822	0.01159
53	0.01915	0.02189	0.04788	0.03420	0.04241	0.02052	0.63475	0.02599	0.01915	0.02599	0.01642	0.02189	0.01231	0.00684	0.00958	0.00274	0.01368	0.00958	0.00410	0.01094
54	0.01730	0.08336	0.01934	0.01220	0.01939	0.01290	0.01003	0.02081	0.01679	0.02572	0.01412	0.01645	0.01186	0.00610	0.00593	0.00125	0.00627	0.00476	0.00468	0.69073
55	0.03085	0.02273	0.02435	0.01867	0.02516	0.02516	0.01542	0.63716	0.03815	0.05114	0.01948	0.01948	0.01380	0.00974	0.00812	0.00244	0.00893	0.00731	0.00812	0.01380
56	0.01409	0.00705	0.01057	0.01057	0.01057	0.00705	0.00705	0.01057	0.01057	0.01409	0.01409	0.02467	0.01409	0.02819	0.03171	0.76392	0.00705	0.00705	0.00352	0.00352
57	0.01971	0.02391	0.10727	0.03200	0.04046	0.02069	0.53113	0.06988	0.02032	0.02777	0.01645	0.02125	0.01222	0.00713	0.00929	0.00270	0.01317	0.00906	0.00433	0.01125
58	0.03045	0.03459	0.02334	0.02033	0.02510	0.51416	0.01561	0.18711	0.02687	0.02786	0.01432	0.01587	0.01131	0.00871	0.00752	0.00218	0.01317	0.00576	0.00519	0.01053
59	0.01683	0.01442	0.01683	0.01202	0.01923	0.01082	0.00961	0.02043	0.01683	0.02644	0.01442	0.01683	0.01202	0.00601	0.00601	0.00120	0.00601	0.00481	0.00481	0.76444
60	0.02008	0.01928	0.03294	0.04981	0.66422	0.01928	0.02490	0.02490	0.01848	0.02651	0.01526	0.02008	0.01285	0.00723	0.00803	0.00241	0.00964	0.00723	0.00402	0.01285
61	0.01160	0.00866	0.01286	0.01286	0.01425	0.01005	0.00992	0.01438	0.01299	0.01871	0.02190	0.03277	0.02068	0.08851	0.65555	0.01282	0.02115	0.00883	0.00437	0.00715
62	0.01002	0.00716	0.00957	0.01145	0.01198	0.00671	0.00777	0.01153	0.01567	0.02087	0.04465	0.68315	0.05337	0.02529	0.01039	0.00331	0.00483	0.04811	0.00753	0.00663
63	0.01327	0.00869	0.01142	0.01051	0.01274	0.00796	0.00796	0.01705	0.02299	0.07833	0.61482	0.05824	0.07250	0.01612	0.00947	0.00255	0.00405	0.01421	0.00901	0.00810
64	0.34338	0.02005	0.04619	0.01526	0.02118	0.02146	0.01298	0.29342	0.08632	0.04214	0.01712	0.01776	0.01259	0.00884	0.00680	0.00250	0.00769	0.00620	0.00662	0.01151
65	0.01148	0.00829	0.01085	0.01021	0.01212	0.00766	0.00766	0.01531	0.02297	0.03254	0.65994	0.06061	0.07656	0.01659	0.00957	0.00255	0.00383	0.01467	0.00893	0.00766
66	0.00967	0.00822	0.00833	0.00830	0.01101	0.00688	0.00623	0.01180	0.01869	0.02237	0.10687	0.07734	0.63597	0.02038	0.00959	0.00273	0.00410	0.01702	0.00759	0.00688
67	0.03085	0.02273	0.02435	0.01867	0.02516	0.02516	0.01542	0.63716	0.03815	0.05114	0.01948	0.01948	0.01380	0.00974	0.00812	0.00244	0.00893	0.00731	0.00812	0.01380
68	0.01949	0.01664	0.01784	0.01636	0.02068	0.01913	0.01287	0.04056	0.58829	0.03301	0.03399	0.03622	0.02690	0.01212	0.00854	0.00285	0.00652	0.06749	0.00818	0.01232
69	0.01627	0.04197	0.67279	0.02313	0.03512	0.01884	0.02998	0.02570	0.01713	0.02570	0.01456	0.01713	0.01028	0.00771	0.00771	0.00257	0.01199	0.00600	0.00343	0.01199
70	0.01131	0.00816	0.01069	0.01033	0.01208	0.00754	0.00764	0.01487	0.02216	0.03125	0.59274	0.13149	0.07406	0.01755	0.00966	0.00263	0.00392	0.01559	0.00878	0.00754
71	0.02018	0.01743	0.01835	0.01651	0.02110	0.02018	0.01284	0.04312	0.64956	0.03394	0.03303	0.03027	0.02477	0.01101	0.00826	0.00275	0.00642	0.00917	0.00826	0.01284
72	0.01159	0.00869	0.01304	0.01304	0.01449	0.01014	0.01014	0.01449	0.01304	0.01884	0.02173	0.03188	0.02029	0.06086	0.68268	0.01304	0.02173	0.00869	0.00435	0.00724
73	0.01088	0.00808	0.01004	0.00993	0.01173	0.00734	0.00725	0.01386	0.02060	0.02810	0.43172	0.16010	0.18908	0.04166	0.01073	0.00287	0.00415	0.01632	0.00831	0.00725
74	0.01000	0.00715	0.00952	0.01122	0.01179	0.00667	0.00754	0.01159	0.01607	0.02156	0.08893	0.66291	0.05531	0.02479	0.01030	0.00324	0.00464	0.02246	0.00763	0.00667
75	0.65650	0.01627	0.01355	0.01167	0.01691	0.01851	0.00962	0.08472	0.01674	0.07503	0.01331	0.01464	0.00994	0.00790	0.00551	0.00250	0.00657	0.00490	0.00562	0.00957
76	0.77215	0.01569	0.01193	0.01067	0.01569	0.01820	0.00879	0.02385	0.01381	0.03641	0.01130	0.01318	0.00879	0.00753	0.00502	0.00251	0.00628	0.00439	0.00502	0.00879
77	0.01020	0.00740	0.00975	0.01133	0.01211	0.00678	0.00763	0.01172	0.01559	0.02098	0.04334	0.67788	0.05176	0.02453	0.01016	0.00320	0.00477	0.02223	0.00741	0.04123
78	0.01097	0.00809	0.01026	0.01010	0.01190	0.00738	0.00743	0.01417	0.02118	0.02921	0.48310	0.16458	0.15449	0.01852	0.00970	0.00269	0.00401	0.01633	0.00852	0.00738
79	0.01180	0.00787	0.00885	0.00885	0.00885	0.00787	0.00492	0.01180	0.01180	0.01573	0.02557	0.05310	0.02950	0.71483	0.04130	0.00787	0.00787	0.01180	0.00492	0.00492
80	0.10832	0.01399	0.01816	0.01407	0.02022	0.01254	0.01162	0.03801	0.02230	0.60792	0.02999	0.02621	0.01898	0.00980	0.00785	0.00251	0.00684	0.00779	0.00955	0.01332
81	0.01409	0.00705	0.01057	0.01057	0.01057	0.00705	0.00705	0.01057	0.01057	0.01409	0.01409	0.02467	0.01409	0.02819	0.03171	0.76392	0.00705	0.00705	0.00352	0.00352
82	0.00962	0.00811	0.00834	0.00852	0.01104	0.00682	0.00630	0.01161	0.01821	0.02180	0.07854	0.13981	0.60156	0.02103	0.00966	0.00279	0.00417	0.01771	0.00753	0.00682
83	0.01148	0.00829	0.01085	0.01021	0.01212	0.00766	0.00766	0.01531	0.02297	0.03254	0.65994	0.06061	0.07656	0.01659	0.00957	0.00255	0.00383	0.01467	0.00893	0.00766
84	0.01680	0.10822	0.61118	0.02222	0.03372	0.02014	0.02841	0.02556	0.01707	0.02505	0.01424	0.01673	0.01029	0.00763	0.00746	0.00249	0.01167	0.00583	0.00343	0.01184
85	0.01627	0.04197	0.67279	0.02313	0.03512	0.01884	0.02998	0.02570	0.01713	0.02570	0.01456	0.01713	0.01028	0.00771	0.00771	0.00257	0.01199	0.00600	0.00343	0.01199
86	0.01420	0.00710	0.01028	0.01028	0.01046	0.00710	0.00691	0.01139	0.01120	0.01567	0.01530	0.02521	0.01475	0.02636	0.02917	0.68943	0.00673	0.00710	0.07746	0.00392
87	0.01164	0.00840	0.01106	0.01067	0.01258	0.00782	0.00819	0.01546	0.02255	0.03173	0.59963	0.06363	0.07364	0.01716	0.00973	0.00267	0.00418	0.07283	0.00879	0.00764
88	0.01409	0.00705	0.01057	0.01057	0.01057	0.00705	0.00705	0.01057	0.01057	0.01409	0.01409	0.02467	0.01409	0.02819	0.03171	0.76392	0.00705	0.00705	0.00352	0.00352
89	0.02169	0.71972	0.04252	0.01388	0.02083	0.03211	0.01388	0.02430	0.01649	0.01909	0.01128	0.01302	0.01041	0.00694	0.00521	0.00174	0.00868	0.00434	0.00347	0.01041
90	0.01159	0.00869	0.01304	0.01304	0.01449	0.01014	0.01014	0.01449	0.01304	0.01884	0.02173	0.03188	0.02029	0.06086	0.68268	0.01304	0.02173	0.00869	0.00435	0.00724
91	0.03641	0.01381	0.01883	0.01444	0.02071	0.01193	0.01193	0.03954	0.02322	0.66984	0.03201	0.02762	0.02009	0.01004	0.00816	0.00251	0.00690	0.00816	0.01004	0.01381
92	0.00975	0.00819	0.00827	0.00827	0.01081	0.00692	0.00608	0.01166	0.01801	0.02148	0.07813	0.07629	0.61556	0.07043	0.01187	0.00311	0.00438	0.01674	0.00735	0.00671
93	0.02018	0.01743	0.01835	0.01651	0.02110	0.02018	0.01284	0.04312	0.64956	0.03394	0.03303	0.03027	0.02477	0.01101	0.00826	0.00275	0.00642	0.00917	0.00826	0.01284
94	0.01148	0.00829	0.01085	0.01021	0.01212	0.00766	0.00766	0.01531	0.02297	0.03254	0.65994	0.06061	0.07656	0.01659	0.00957	0.00255	0.00383	0.01467	0.00893	0.00766
95	0.02018	0.01743	0.01835	0.01651	0.02110	0.02018	0.01284	0.04312	0.64956	0.03394	0.03303	0.03027	0.02477	0.01101	0.00826	0.00275	0.00642	0.00917	0.00826	0.01284
96	0.01000	0.00711	0.00938	0.01115	0.01160	0.00667	0.00738	0.01133	0.01532	0.02042	0.04360	0.67100	0.05225	0.06589	0.01217	0.00356	0.00489	0.02241	0.00738	0.00649
97	0.00981	0.00736	0.00911	0.01052	0.01156	0.00666	0.00719	0.01139	0.01629	0.02102	0.05423	0.54942	0.20765	0.02419	0.01016	0.00315	0.00456	0.02156	0.00753	0.00666
98	0.01775	0.01775	0.02485	0.02130	0.02130	0.02485	0.01775	0.01953	0.01243	0.01953	0.01065	0.01775	0.01065	0.01420	0.02663	0.00355	0.69998	0.00710	0.00355	0.00888
99	0.01069	0.00826	0.00975	0.00938	0.01164	0.00732	0.00703	0.01378	0.02110	0.02810	0.41867	0.06791	0.32059	0.01824	0.00958	0.00263	0.00395	0.01570	0.00835	0.00732
100	0.32246	0.01383	0.01508	0.01241	0.01762	0.01384	0.01014	0.03023	0.01949	0.33798	0.10544	0.02623	0.02298	0.00991	0.00711	0.00252	0.00626	0.00753	0.00792	0.01104
101	0.01165	0.00826	0.01117	0.01286	0.01397	0.00807	0.01001	0.01407	0.01672	0.02199	0.04198	0.34037	0.04787	0.09133	0.01380	0.00396	0.00638	0.31143	0.00725	0.00686
102	0.02018	0.01743	0.01835	0.01651	0.02110	0.02018	0.01284	0.04312	0.64956	0.03394	0.03303	0.03027	0.02477	0.01101	0.00826	0.00275	0.00642	0.00917	0.00826	0.01284
103	0.01137	0.00829	0.01069	0.01009	0.01206	0.00761	0.00757	0.01510	0.02271	0.03193	0.62657	0.06162	0.11031	0.01682	0.00957	0.00256	0.00384	0.01482	0.00885	0.00761
104	0.03450	0.01339	0.01822	0.01411	0.02006	0.01160	0.01160	0.03769	0.02320	0.62116	0.07998	0.03014	0.02440	0.01054	0.00827	0.00251	0.00667	0.00866	0.00996	0.01334
105	0.01148	0.00829	0.01085	0.01021	0.01212	0.00766	0.00766	0.01531	0.02297	0.03254	0.65994	0.06061	0.07656	0.01659	0.00957	0.00255	0.00383	0.01467	0.00893	0.00766
106	0.01308	0.00934	0.01308	0.01494	0.01681	0.00934	0.01308	0.01681	0.01868	0.02428	0.04296	0.09153	0.04670	0.02242	0.01121	0.00374	0.00747	0.60960	0.00747	0.00747
107	0.03169	0.02137	0.02351	0.01802	0.02448	0.02315	0.01489	0.54605	0.03588	0.14547	0.02139	0.02072	0.01476	0.00979	0.00812	0.00245	0.00862	0.00744	0.00841	0.01380
108	0.02149	0.69431	0.06615	0.01423	0.02136	0.03161	0.01449	0.02435	0.01651	0.01934	0.01140	0.01317	0.01041	0.00697	0.00530	0.00177	0.00880	0.00440	0.00347	0.01047
109	0.01169	0.00788	0.00908	0.00909	0.00931	0.00779	0.00531	0.01214	0.01311	0.01768	0.09200	0.08164	0.03539	0.61345	0.03671	0.00712	0.00732	0.01257	0.00544	0.00527
110	0.01683	0.01442	0.01683	0.01202	0.01923	0.01082	0.00961	0.02043	0.01683	0.02644	0.01442	0.01683	0.01202	0.00601	0.00601	0.00120	0.00601	0.00481	0.00481	0.76444
111	0.03085	0.02273	0.02435	0.01867	0.02516	0.02516	0.01542	0.63716	0.03815	0.05114	0.01948	0.01948	0.01380	0.00974	0.00812	0.00244	0.00893	0.00731	0.00812	0.01380
112	0.02919	0.01622	0.04067	0.01557	0.02135	0.01549	0.01290	0.04052	0.27532	0.39199	0.03183	0.02833	0.02164	0.01035	0.00818	0.00261	0.00688	0.00850	0.00910	0.01336
113	0.01647	0.04083	0.64046	0.02448	0.06690	0.01887	0.02972	0.02566	0.01720	0.02574	0.01460	0.01728	0.01041	0.00768	0.00773	0.00256	0.01187	0.00606	0.00346	0.01204
114	0.01780	0.01791	0.02571	0.02178	0.02209	0.02469	0.04073	0.01977	0.01268	0.01977	0.01087	0.01791	0.01071	0.01393	0.02599	0.00352	0.67442	0.00719	0.00357	0.00895
115	0.01385	0.00721	0.01081	0.01081	0.01095	0.00735	0.00735	0.01095	0.01081	0.01455	0.01484	0.02537	0.01470	0.03136	0.09494	0.69099	0.00847	0.00721	0.00360	0.00389
116	0.01409	0.00705	0.01057	0.01057	0.01057	0.00705	0.00705	0.01057	0.01057	0.01409	0.01409	0.02467	0.01409	0.02819	0.03171	0.76392	0.00705	0.00705	0.00352	0.00352
117	0.01372	0.00970	0.01056	0.00994	0.01318	0.00860	0.00778	0.05147	0.02012	0.08714	0.07073	0.07070	0.51514	0.01903	0.00948	0.00277	0.00491	0.05923	0.00781	0.00798
118	0.03641	0.01381	0.01883	0.01444	0.02071	0.01193	0.01193	0.03954	0.02322	0.66984	0.03201	0.02762	0.02009	0.01004	0.00816	0.00251	0.00690	0.00816	0.01004	0.01381
119	0.00987	0.00713	0.00935	0.01112	0.01172	0.00661	0.00745	0.01132	0.01571	0.02078	0.04692	0.67247	0.08931	0.02514	0.01031	0.00326	0.00467	0.02272	0.00753	0.00661
120	0.74475	0.01562	0.01218	0.01081	0.01588	0.01797	0.00890	0.02444	0.01416	0.06000	0.01207	0.01372	0.00921	0.00763	0.00514	0.00251	0.00630	0.00453	0.00521	0.00897
121	0.02934	0.02165	0.02324	0.01803	0.02418	0.02385	0.01481	0.59248	0.03664	0.04901	0.02263	0.04601	0.03852	0.01068	0.00825	0.00248	0.00861	0.00822	0.00808	0.01329
122	0.77215	0.01569	0.01193	0.01067	0.01569	0.01820	0.00879	0.02385	0.01381	0.03641	0.01130	0.01318	0.00879	0.00753	0.00502	0.00251	0.00628	0.00439	0.00502	0.00879
123	0.00989	0.00706	0.00942	0.01130	0.01177	0.00659	0.00753	0.01130	0.01554	0.02071	0.04472	0.70954	0.05367	0.02542	0.01036	0.00330	0.00471	0.02307	0.00753	0.00659
124	0.01111	0.00800	0.01051	0.01047	0.01204	0.00740	0.00763	0.01436	0.02121	0.02974	0.51409	0.21445	0.07113	0.01868	0.00976	0.00273	0.00404	0.01666	0.00860	0.00740
125	0.01308	0.00934	0.01308	0.01494	0.01681	0.00934	0.01308	0.01681	0.01868	0.02428	0.04296	0.09153	0.04670	0.02242	0.01121	0.00374	0.00747	0.60960	0.00747	0.00747
126	0.01308	0.00934	0.01308	0.01494	0.01681	0.00934	0.01308	0.01681	0.01868	0.02428	0.04296	0.09153	0.04670	0.02242	0.01121	0.00374	0.00747	0.60960	0.00747	0.00747
127	0.00959	0.00822	0.00822	0.00822	0.01096	0.00685	0.00617	0.01165	0.01850	0.02192	0.08220	0.07809	0.66092	0.02055	0.00959	0.00274	0.00411	0.01713	0.00754	0.00685
128	0.01188	0.00773	0.00880	0.00904	0.00929	0.00767	0.00533	0.01243	0.01279	0.01780	0.02814	0.13594	0.03178	0.55654	0.03381	0.00669	0.00706	0.01285	0.07905	0.00539
129	0.64150	0.01572	0.01309	0.01153	0.01661	0.01791	0.00943	0.02695	0.07668	0.08537	0.01503	0.01597	0.01123	0.00807	0.00558	0.00253	0.00634	0.00515	0.00573	0.00957
130	0.77215	0.01569	0.01193	0.01067	0.01569	0.01820	0.00879	0.02385	0.01381	0.03641	0.01130	0.01318	0.00879	0.00753	0.00502	0.00251	0.00628	0.00439	0.00502	0.00879
131	0.01915	0.02189	0.04788	0.03420	0.04241	0.02052	0.63475	0.02599	0.01915	0.02599	0.01642	0.02189	0.01231	0.00684	0.00958	0.00274	0.01368	0.00958	0.00410	0.01094
132	0.00994	0.00721	0.00928	0.01090	0.01157	0.00667	0.00729	0.01135	0.01566	0.02062	0.04746	0.62208	0.11005	0.05412	0.01159	0.00344	0.00478	0.02203	0.00742	0.00654
133	0.01088	0.00801	0.01031	0.01178	0.01269	0.00780	0.00815	0.01417	0.06527	0.02247	0.07483	0.60173	0.05233	0.02375	0.01018	0.00323	0.00490	0.04269	0.00766	0.00716
134	0.03641	0.01381	0.01883	0.01444	0.02071	0.01193	0.01193	0.03954	0.02322	0.66984	0.03201	0.02762	0.02009	0.01004	0.00816	0.00251	0.00690	0.00816	0.01004	0.01381
135	0.01212	0.00949	0.01435	0.06241	0.01775	0.01133	0.01135	0.01515	0.01324	0.01900	0.02074	0.03054	0.01920	0.05509	0.60647	0.01190	0.04963	0.00852	0.00426	0.00744
136	0.01819	0.01741	0.02924	0.28151	0.39774	0.01923	0.02353	0.02301	0.01723	0.02392	0.01463	0.02048	0.01196	0.00805	0.00940	0.00260	0.05967	0.00721	0.00383	0.01118
137	0.01004	0.00713	0.00937	0.01110	0.01153	0.00669	0.00732	0.01134	0.01523	0.02031	0.04316	0.65589	0.05169	0.08177	0.01289	0.00367	0.00497	0.02215	0.00732	0.00645
138	0.01161	0.00779	0.00891	0.00909	0.00914	0.00774	0.00517	0.01175	0.01217	0.01622	0.02744	0.11727	0.03186	0.64744	0.03828	0.00742	0.00756	0.01290	0.00517	0.00508
139	0.01532	0.01442	0.02434	0.69533	0.05589	0.01803	0.02253	0.02073	0.01622	0.02073	0.01442	0.02163	0.01082	0.00811	0.00811	0.00270	0.01082	0.00721	0.00361	0.00901
140	0.03023	0.02987	0.02352	0.01962	0.02499	0.32669	0.01545	0.33904	0.05223	0.03618	0.01676	0.01763	0.01264	0.00915	0.00775	0.00229	0.01146	0.00642	0.00631	0.01175
141	0.02941	0.03717	0.02313	0.02093	0.02481	0.63502	0.01583	0.03148	0.02224	0.01984	0.01241	0.01486	0.01047	0.00878	0.00870	0.00220	0.06387	0.00536	0.00414	0.00937
142	0.01259	0.00854	0.00975	0.00951	0.00987	0.00873	0.00566	0.03845	0.01299	0.01741	0.02509	0.05045	0.02830	0.64720	0.07693	0.00794	0.00871	0.01143	0.00502	0.00543
143	0.01141	0.00829	0.01075	0.01014	0.01208	0.00763	0.00760	0.01518	0.02280	0.03215	0.63868	0.06125	0.09806	0.01673	0.00957	0.00256	0.00384	0.01476	0.00888	0.00763
144	0.01420	0.01201	0.01711	0.01580	0.01699	0.01524	0.01269	0.03895	0.01377	0.02024	0.01823	0.02706	0.01707	0.04456	0.45520	0.00972	0.23079	0.00815	0.00424	0.00799
145	0.01683	0.01442	0.01683	0.01202	0.01923	0.01082	0.00961	0.02043	0.01683	0.02644	0.01442	0.01683	0.01202	0.00601	0.00601	0.00120	0.00601	0.00481	0.00481	0.76444
146	0.03115	0.05269	0.07217	0.01562	0.02212	0.01542	0.01376	0.06354	0.12634	0.45470	0.02921	0.02614	0.01932	0.00985	0.00799	0.00251	0.00740	0.00793	0.00881	0.01333
147	0.04424	0.28554	0.42270	0.01936	0.02929	0.02361	0.02344	0.02513	0.01678	0.02368	0.01327	0.01551	0.01028	0.00743	0.00671	0.00227	0.01060	0.00534	0.00350	0.01131
148	0.00989	0.00706	0.00942	0.01130	0.01177	0.00659	0.00753	0.01130	0.01554	0.02071	0.04472	0.70954	0.05367	0.02542	0.01036	0.00330	0.00471	0.02307	0.00753	0.00659
149	0.01872	0.02120	0.04609	0.03313	0.04098	0.01987	0.60552	0.02531	0.01898	0.02575	0.01773	0.05393	0.01424	0.00771	0.00961	0.00276	0.01326	0.01020	0.00426	0.01074
150	0.03031	0.03867	0.02299	0.02090	0.02508	0.68226	0.01568	0.03240	0.02299	0.01986	0.01254	0.01463	0.01045	0.00836	0.00732	0.00209	0.01463	0.00523	0.00418	0.00941
151	0.01180	0.00787	0.00885	0.00885	0.00885	0.00787	0.00492	0.01180	0.01180	0.01573	0.02557	0.05310	0.02950	0.71483	0.04130	0.00787	0.00787	0.01180	0.00492	0.00492

[dist]
# distance from previous block
# <min> <max>
0	0

# created by:
# /st0/software/busco_prod/Augustus/scripts/msa2prfl.pl ./align_prep/123149.fa
