[name]
unknown

[dist]
# distance from previous block
# <min> <max>
10	44

[block]
# block no. 0 follows, 26 sequences, length 27
# corresponding to MSA columns:
# 46-72
name=unknown_A
#
# <colnr> <probs for GDERKNQSTAVLIFYWHMCP>
#	G	D	E	R	K	N	Q	S	T	A	V	L	I	F	Y	W	H	M	C	P
0	0.07252	0.06295	0.04659	0.05633	0.06428	0.11639	0.14260	0.08647	0.05578	0.07178	0.08850	0.02249	0.01855	0.00885	0.00858	0.00236	0.05228	0.00747	0.00524	0.00999
1	0.01736	0.01959	0.09750	0.11950	0.33690	0.01720	0.15186	0.02262	0.01685	0.02393	0.01424	0.01869	0.01135	0.00670	0.00757	0.00224	0.00977	0.00684	0.00375	0.09554
2	0.02484	0.05369	0.02149	0.07148	0.04137	0.04271	0.03026	0.19390	0.04518	0.20933	0.03826	0.02102	0.01556	0.00867	0.00804	0.00218	0.04065	0.00680	0.00658	0.11801
3	0.02680	0.02247	0.02299	0.05039	0.02514	0.13257	0.04731	0.42258	0.05729	0.06246	0.01758	0.01829	0.01278	0.00862	0.00747	0.00222	0.00925	0.00663	0.00656	0.04059
4	0.05716	0.01702	0.02252	0.14514	0.11565	0.07838	0.07478	0.06773	0.06085	0.02336	0.01678	0.04849	0.01510	0.10099	0.01413	0.00317	0.11736	0.00785	0.00446	0.00908
5	0.02833	0.03615	0.02149	0.01954	0.02345	0.70298	0.01466	0.03029	0.02149	0.01856	0.01172	0.01368	0.00977	0.00782	0.00684	0.00195	0.01368	0.00489	0.00391	0.00879
6	0.01051	0.00785	0.00893	0.00883	0.01104	0.00688	0.00662	0.01282	0.01802	0.04556	0.21695	0.10807	0.41299	0.04957	0.01033	0.00280	0.00420	0.04397	0.00733	0.00674
7	0.01033	0.00774	0.00958	0.00912	0.01109	0.00699	0.00684	0.01354	0.02052	0.02817	0.54513	0.06036	0.20996	0.01634	0.00895	0.00243	0.00364	0.01424	0.00805	0.00699
8	0.02681	0.01843	0.02276	0.01767	0.02350	0.01956	0.07782	0.34148	0.15964	0.17646	0.02293	0.02206	0.01606	0.00913	0.00776	0.00238	0.00792	0.00756	0.00761	0.01245
9	0.01334	0.01075	0.01310	0.01311	0.04243	0.01124	0.00942	0.05923	0.12703	0.02697	0.23835	0.18111	0.14904	0.01597	0.00970	0.00263	0.04745	0.01364	0.00723	0.00828
10	0.01038	0.00840	0.00932	0.00928	0.01154	0.00778	0.00687	0.01452	0.08345	0.02357	0.19624	0.16121	0.39355	0.01819	0.00894	0.00260	0.00408	0.01559	0.00739	0.00709
11	0.02883	0.02125	0.02276	0.01745	0.02352	0.02352	0.01442	0.66082	0.03566	0.04780	0.01821	0.01821	0.01290	0.00911	0.00759	0.00228	0.00835	0.00683	0.00759	0.01290
12	0.01800	0.02159	0.10276	0.03218	0.18930	0.04826	0.35237	0.02329	0.01702	0.02329	0.01438	0.01924	0.01136	0.00793	0.01015	0.03958	0.04766	0.00769	0.00370	0.01026
13	0.01049	0.00731	0.00847	0.00869	0.00923	0.00704	0.00537	0.01127	0.01334	0.01767	0.09872	0.15834	0.11052	0.46960	0.02775	0.00564	0.00612	0.01350	0.00563	0.00530
14	0.02939	0.01188	0.01612	0.01271	0.01776	0.01035	0.01035	0.03245	0.02166	0.55971	0.15984	0.03196	0.02929	0.01061	0.00789	0.00235	0.00588	0.00884	0.00918	0.01176
15	0.01977	0.66794	0.10535	0.01384	0.02081	0.02877	0.01449	0.02284	0.01547	0.01846	0.01085	0.01255	0.00972	0.00656	0.00510	0.00170	0.00842	0.00421	0.00324	0.00988
16	0.01980	0.56356	0.16278	0.01501	0.02224	0.06783	0.01593	0.02341	0.01589	0.01906	0.01120	0.01299	0.00971	0.00670	0.00543	0.00179	0.00903	0.00440	0.00328	0.00996
17	0.02385	0.02869	0.02216	0.01968	0.02210	0.44353	0.01540	0.02570	0.01772	0.01845	0.01105	0.01479	0.00984	0.00990	0.01373	0.00248	0.28310	0.00555	0.00368	0.00860
18	0.00923	0.00665	0.00875	0.01043	0.01097	0.00617	0.00698	0.01058	0.01465	0.01942	0.04345	0.69765	0.07993	0.02355	0.00965	0.00306	0.00437	0.02130	0.00704	0.00617
19	0.02084	0.01659	0.01776	0.01552	0.02009	0.01886	0.01220	0.10401	0.56601	0.07476	0.02951	0.02710	0.02182	0.01011	0.00770	0.00253	0.00627	0.00834	0.00781	0.01215
20	0.00958	0.00693	0.00878	0.00989	0.01066	0.00643	0.00665	0.01108	0.01523	0.02025	0.11780	0.50649	0.11653	0.10102	0.01273	0.00342	0.00457	0.01890	0.00692	0.00613
21	0.01028	0.00762	0.00959	0.00935	0.01112	0.00692	0.00691	0.01334	0.02002	0.02758	0.51268	0.13260	0.16987	0.01702	0.00903	0.00249	0.00371	0.01495	0.00799	0.00692
22	0.01432	0.01348	0.02275	0.71520	0.05224	0.01685	0.02107	0.01938	0.01517	0.01938	0.01348	0.02022	0.01011	0.00758	0.00758	0.00253	0.01011	0.00674	0.00337	0.00843
23	0.02843	0.03336	0.02173	0.01915	0.02346	0.57596	0.01461	0.14816	0.02414	0.02403	0.01294	0.01453	0.01036	0.00806	0.00698	0.00201	0.01268	0.00525	0.00460	0.00956
24	0.00918	0.00748	0.00813	0.00841	0.01049	0.00643	0.00614	0.01114	0.01714	0.02119	0.12574	0.19872	0.50393	0.01975	0.00910	0.00265	0.00393	0.01688	0.00716	0.00643
25	0.02883	0.02125	0.02276	0.01745	0.02352	0.02352	0.01442	0.66082	0.03566	0.04780	0.01821	0.01821	0.01290	0.00911	0.00759	0.00228	0.00835	0.00683	0.00759	0.01290
26	0.05564	0.01516	0.01619	0.01447	0.01862	0.01714	0.01129	0.03664	0.53682	0.07108	0.09513	0.03023	0.02703	0.01060	0.00769	0.00253	0.00578	0.00882	0.00774	0.01139

[dist]
# distance from previous block
# <min> <max>
0	5

[block]
# block no. 1 follows, 26 sequences, length 12
# corresponding to MSA columns:
# 78-89
name=unknown_B
#
# <colnr> <probs for GDERKNQSTAVLIFYWHMCP>
#	G	D	E	R	K	N	Q	S	T	A	V	L	I	F	Y	W	H	M	C	P
0	0.78701	0.01467	0.01115	0.00997	0.01467	0.01702	0.00821	0.02230	0.01291	0.03403	0.01056	0.01232	0.00821	0.00704	0.00469	0.00235	0.00587	0.00411	0.00469	0.00821
1	0.01022	0.00761	0.00951	0.00930	0.01108	0.00690	0.00687	0.01321	0.01986	0.02721	0.49047	0.13705	0.18838	0.01718	0.00903	0.00250	0.00372	0.01507	0.00794	0.00690
2	0.00950	0.00746	0.00859	0.00883	0.01071	0.00655	0.00642	0.01172	0.01777	0.02286	0.22917	0.21804	0.37687	0.01927	0.00912	0.00263	0.00390	0.01667	0.00739	0.00655
3	0.00990	0.00760	0.00906	0.00895	0.01088	0.00676	0.00661	0.01259	0.01910	0.02541	0.38058	0.13826	0.30119	0.01784	0.00904	0.00253	0.00377	0.01547	0.00771	0.00676
4	0.00914	0.00752	0.00803	0.00826	0.01044	0.00642	0.00606	0.01108	0.01716	0.02103	0.11514	0.17342	0.54077	0.01965	0.00907	0.00263	0.00391	0.01670	0.00714	0.00642
5	0.10630	0.01358	0.01689	0.01325	0.01866	0.01280	0.01088	0.10526	0.02242	0.49311	0.08467	0.02634	0.02175	0.00967	0.00745	0.00234	0.00636	0.00773	0.00862	0.01193
6	0.01432	0.01348	0.02275	0.71520	0.05224	0.01685	0.02107	0.01938	0.01517	0.01938	0.01348	0.02022	0.01011	0.00758	0.00758	0.00253	0.01011	0.00674	0.00337	0.00843
7	0.02883	0.02125	0.02276	0.01745	0.02352	0.02352	0.01442	0.66082	0.03566	0.04780	0.01821	0.01821	0.01290	0.00911	0.00759	0.00228	0.00835	0.00683	0.00759	0.01290
8	0.00919	0.00760	0.00807	0.00815	0.01044	0.00647	0.00604	0.01125	0.01753	0.02154	0.14360	0.12942	0.55614	0.01919	0.00903	0.00259	0.00386	0.01624	0.00719	0.00647
9	0.01689	0.01610	0.02738	0.33009	0.41732	0.01753	0.02234	0.02163	0.01638	0.02249	0.01393	0.01939	0.01121	0.00711	0.00754	0.00237	0.00948	0.00675	0.00359	0.01049
10	0.00937	0.00670	0.00892	0.01047	0.01103	0.00625	0.00705	0.01089	0.01514	0.02034	0.09851	0.66898	0.05206	0.02303	0.00962	0.00302	0.00433	0.02087	0.00716	0.00625
11	0.01093	0.00882	0.00996	0.01021	0.01255	0.00839	0.00792	0.01561	0.09901	0.02286	0.10356	0.14292	0.37325	0.01866	0.00915	0.00277	0.00471	0.12427	0.00721	0.00723

[dist]
# distance from previous block
# <min> <max>
0	2

[block]
# block no. 2 follows, 26 sequences, length 53
# corresponding to MSA columns:
# 92-144
name=unknown_C
#
# <colnr> <probs for GDERKNQSTAVLIFYWHMCP>
#	G	D	E	R	K	N	Q	S	T	A	V	L	I	F	Y	W	H	M	C	P
0	0.01968	0.01611	0.01718	0.01533	0.01970	0.01845	0.01196	0.04013	0.63737	0.06726	0.03082	0.02817	0.02292	0.01024	0.00771	0.00256	0.00603	0.00852	0.00781	0.01205
1	0.01814	0.01730	0.02904	0.14056	0.56617	0.01789	0.02246	0.02348	0.04600	0.02432	0.01489	0.01940	0.01224	0.00703	0.00753	0.00231	0.00903	0.00684	0.00388	0.01150
2	0.01103	0.00735	0.00827	0.00827	0.00827	0.00735	0.00460	0.01103	0.01103	0.01471	0.02390	0.04964	0.02758	0.73343	0.03861	0.00735	0.00735	0.01103	0.00460	0.00460
3	0.30928	0.01734	0.02376	0.06669	0.02546	0.04412	0.18494	0.05056	0.03095	0.02791	0.03327	0.01771	0.01203	0.00829	0.00947	0.00255	0.11564	0.00651	0.00445	0.00906
4	0.02934	0.01421	0.01768	0.01393	0.01921	0.01371	0.01131	0.15363	0.07651	0.44425	0.07137	0.02758	0.02191	0.03838	0.00894	0.00255	0.00662	0.00810	0.00865	0.01212
5	0.06299	0.01241	0.01619	0.01261	0.01801	0.01081	0.01030	0.03163	0.02065	0.50993	0.10781	0.02795	0.02402	0.00964	0.00745	0.00222	0.00598	0.00789	0.00853	0.09296
6	0.02694	0.01836	0.02055	0.03516	0.02223	0.02015	0.01339	0.45534	0.05924	0.12645	0.02037	0.02048	0.01447	0.00930	0.00810	0.00230	0.03625	0.00702	0.07184	0.01206
7	0.01644	0.18324	0.51538	0.02050	0.03050	0.02030	0.06639	0.02377	0.01601	0.02276	0.01309	0.01551	0.00976	0.00700	0.00683	0.00225	0.01067	0.00550	0.00325	0.01084
8	0.00907	0.00769	0.00783	0.00779	0.01031	0.00645	0.00585	0.01109	0.01754	0.02108	0.11272	0.07203	0.64679	0.01899	0.00896	0.00255	0.00383	0.01587	0.00712	0.00645
9	0.01573	0.01348	0.01573	0.01123	0.01798	0.01011	0.00899	0.01910	0.01573	0.02472	0.01348	0.01573	0.01123	0.00562	0.00562	0.00112	0.00562	0.00449	0.00449	0.77980
10	0.02956	0.01311	0.01698	0.01354	0.01872	0.01214	0.01098	0.08257	0.07160	0.51071	0.06597	0.07337	0.02364	0.01072	0.00784	0.00241	0.00627	0.00889	0.00891	0.01208
11	0.01378	0.01247	0.02076	0.60315	0.04577	0.01535	0.01894	0.01811	0.01473	0.01900	0.01551	0.06285	0.01310	0.01206	0.04619	0.03879	0.01016	0.00769	0.00362	0.00797
12	0.01103	0.00735	0.00827	0.00827	0.00827	0.00735	0.00460	0.01103	0.01103	0.01471	0.02390	0.04964	0.02758	0.73343	0.03861	0.00735	0.00735	0.01103	0.00460	0.00460
13	0.00923	0.00769	0.00805	0.00796	0.01041	0.00652	0.00597	0.01140	0.01792	0.02199	0.16803	0.07054	0.59091	0.01865	0.00896	0.00253	0.00380	0.01566	0.00724	0.00652
14	0.01521	0.03923	0.69413	0.02162	0.03283	0.01762	0.02802	0.02402	0.01601	0.02402	0.01361	0.01601	0.00961	0.00721	0.00721	0.00240	0.01121	0.00560	0.00320	0.01121
15	0.03784	0.01520	0.02379	0.54961	0.16218	0.04374	0.02084	0.02058	0.01572	0.02072	0.01347	0.01948	0.01038	0.00743	0.00746	0.00245	0.00993	0.00660	0.00350	0.00907
16	0.02836	0.03550	0.02155	0.01945	0.02345	0.67311	0.01465	0.05801	0.02212	0.01985	0.01201	0.01388	0.00991	0.00787	0.00687	0.00197	0.01344	0.00497	0.00407	0.00897
17	0.01041	0.00774	0.00969	0.00920	0.01113	0.00702	0.00690	0.01368	0.02070	0.02859	0.57093	0.05966	0.18389	0.01619	0.00895	0.00242	0.00363	0.01414	0.00811	0.00702
18	0.02516	0.01895	0.02097	0.06708	0.02404	0.02099	0.01392	0.50594	0.07441	0.04243	0.06068	0.02376	0.04690	0.00991	0.00774	0.00233	0.00784	0.00776	0.00731	0.01188
19	0.00919	0.00681	0.00859	0.01002	0.01086	0.00621	0.00680	0.01062	0.01505	0.01958	0.04846	0.60401	0.17034	0.02290	0.00955	0.00298	0.00429	0.02051	0.00704	0.00621
20	0.01447	0.01369	0.02278	0.66944	0.05011	0.01727	0.02077	0.01931	0.01493	0.01931	0.01325	0.01998	0.01010	0.00796	0.00872	0.00258	0.05680	0.00673	0.00337	0.00842
21	0.73592	0.01421	0.01108	0.00995	0.01445	0.01637	0.00814	0.02177	0.01347	0.03379	0.05476	0.01524	0.01238	0.00760	0.00497	0.00235	0.00572	0.00474	0.00493	0.00814
22	0.01664	0.01556	0.02622	0.33364	0.38110	0.01701	0.02150	0.02134	0.01630	0.02261	0.01441	0.01984	0.01153	0.00721	0.00744	0.00235	0.00923	0.00677	0.03907	0.01024
23	0.01050	0.00765	0.00987	0.00951	0.01124	0.00703	0.00706	0.01378	0.02062	0.02886	0.59011	0.11432	0.10818	0.01644	0.00901	0.00246	0.00366	0.01452	0.00816	0.00703
24	0.01603	0.01498	0.02239	0.24244	0.03021	0.01941	0.04331	0.04396	0.01435	0.02078	0.01356	0.03800	0.01195	0.01096	0.01618	0.00287	0.36378	0.00721	0.05917	0.00845
25	0.04642	0.02049	0.02161	0.11753	0.02663	0.10362	0.01497	0.35022	0.05378	0.09772	0.01764	0.01882	0.01278	0.00901	0.00851	0.00236	0.05358	0.00664	0.00636	0.01131
26	0.00991	0.00772	0.00900	0.00868	0.01083	0.00681	0.00651	0.01272	0.01953	0.02580	0.40070	0.06426	0.35586	0.01723	0.00895	0.00247	0.00370	0.01478	0.00774	0.00681
27	0.02081	0.01679	0.01916	0.01870	0.08788	0.01881	0.01336	0.10384	0.50003	0.07182	0.02779	0.02612	0.02068	0.00975	0.00768	0.00250	0.00658	0.00815	0.00740	0.01215
28	0.01621	0.17629	0.56578	0.01992	0.03021	0.02005	0.02507	0.02376	0.01590	0.02281	0.01301	0.01526	0.00963	0.00707	0.00675	0.00225	0.01060	0.00530	0.00321	0.01092
29	0.04278	0.02034	0.06887	0.16623	0.30562	0.10121	0.04470	0.05173	0.04811	0.02434	0.01720	0.02077	0.03926	0.00785	0.00746	0.00232	0.00961	0.00692	0.00418	0.01049
30	0.67962	0.01527	0.01259	0.01088	0.01576	0.01744	0.00896	0.08783	0.01558	0.06187	0.01212	0.01346	0.00912	0.00735	0.00511	0.00234	0.00614	0.00453	0.00518	0.00888
31	0.00931	0.00687	0.00863	0.00991	0.01079	0.00629	0.00673	0.01079	0.01522	0.01989	0.07476	0.55666	0.16805	0.04513	0.01044	0.00309	0.00436	0.01986	0.00702	0.00620
32	0.01715	0.03302	0.50181	0.02488	0.09837	0.01743	0.10530	0.02483	0.01675	0.06805	0.01497	0.01749	0.01069	0.00720	0.00748	0.00240	0.01087	0.00627	0.00374	0.01128
33	0.01064	0.00768	0.01005	0.00961	0.01131	0.00709	0.00715	0.01408	0.02103	0.02972	0.64189	0.09886	0.07022	0.01603	0.00899	0.00243	0.00363	0.01421	0.00827	0.00709
34	0.01521	0.03923	0.69413	0.02162	0.03283	0.01762	0.02802	0.02402	0.01601	0.02402	0.01361	0.01601	0.00961	0.00721	0.00721	0.00240	0.01121	0.00560	0.00320	0.01121
35	0.01659	0.01659	0.02323	0.01991	0.01991	0.02323	0.01659	0.01825	0.01162	0.01825	0.00996	0.01659	0.00996	0.01328	0.02489	0.00332	0.71955	0.00664	0.00332	0.00830
36	0.01078	0.00820	0.00997	0.00944	0.01154	0.00762	0.00711	0.01494	0.05559	0.02826	0.51122	0.05880	0.20617	0.01606	0.00888	0.00244	0.00377	0.01395	0.00802	0.00725
37	0.01573	0.01348	0.01573	0.01123	0.01798	0.01011	0.00899	0.01910	0.01573	0.02472	0.01348	0.01573	0.01123	0.00562	0.00562	0.00112	0.00562	0.00449	0.00449	0.77980
38	0.00904	0.00769	0.00779	0.00776	0.01029	0.00644	0.00582	0.01103	0.01747	0.02091	0.10237	0.07231	0.65724	0.01905	0.00896	0.00255	0.00383	0.01591	0.00710	0.00644
39	0.01376	0.01100	0.01550	0.04744	0.05313	0.01282	0.01173	0.07048	0.05601	0.02153	0.01958	0.02695	0.01743	0.04253	0.49361	0.00928	0.05686	0.00782	0.00450	0.00806
40	0.00981	0.00716	0.00922	0.00989	0.01106	0.00658	0.00697	0.01208	0.01753	0.02384	0.29820	0.40066	0.11877	0.02007	0.00932	0.00276	0.00402	0.01793	0.00756	0.00658
41	0.01573	0.01348	0.01573	0.01123	0.01798	0.01011	0.00899	0.01910	0.01573	0.02472	0.01348	0.01573	0.01123	0.00562	0.00562	0.00112	0.00562	0.00449	0.00449	0.77980
42	0.05977	0.00799	0.00990	0.00996	0.01167	0.00755	0.00726	0.01422	0.01839	0.05105	0.36861	0.27802	0.09195	0.01771	0.00888	0.00262	0.00412	0.01563	0.00765	0.00706
43	0.00936	0.00698	0.00861	0.00970	0.01074	0.00634	0.00664	0.01094	0.01557	0.02028	0.09759	0.49337	0.20279	0.05059	0.01062	0.00308	0.00432	0.01922	0.00704	0.00623
44	0.02883	0.02125	0.02276	0.01745	0.02352	0.02352	0.01442	0.66082	0.03566	0.04780	0.01821	0.01821	0.01290	0.00911	0.00759	0.00228	0.00835	0.00683	0.00759	0.01290
45	0.05135	0.01454	0.01741	0.11311	0.02346	0.01323	0.01142	0.09665	0.03586	0.02732	0.01439	0.01686	0.01146	0.00651	0.00615	0.00156	0.00661	0.00519	0.00480	0.52210
46	0.00941	0.00678	0.00895	0.01064	0.01125	0.00632	0.00729	0.01088	0.01482	0.01961	0.04326	0.66133	0.07782	0.02340	0.00970	0.00308	0.00453	0.05768	0.00704	0.00622
47	0.00930	0.00663	0.00878	0.01048	0.01091	0.00620	0.00696	0.01058	0.01440	0.01920	0.04119	0.70496	0.04938	0.04835	0.01068	0.00323	0.00450	0.02120	0.00696	0.00611
48	0.09981	0.05999	0.02071	0.05951	0.02233	0.02028	0.01335	0.26252	0.14387	0.09166	0.04395	0.02117	0.01635	0.00955	0.00895	0.00243	0.07887	0.00701	0.00655	0.01112
49	0.01863	0.01968	0.07183	0.07383	0.59781	0.03777	0.02323	0.02336	0.01722	0.02431	0.01412	0.01852	0.01171	0.00685	0.00747	0.00227	0.00933	0.00663	0.00371	0.01171
50	0.04706	0.01369	0.02014	0.24122	0.10128	0.01669	0.01605	0.01897	0.01456	0.02201	0.04232	0.02142	0.01433	0.01112	0.03430	0.00287	0.21529	0.00691	0.10456	0.03522
51	0.04965	0.01882	0.03160	0.14215	0.20349	0.05956	0.23010	0.02260	0.01636	0.02278	0.01354	0.01866	0.01094	0.00783	0.01047	0.00254	0.11803	0.00724	0.00370	0.00994
52	0.23184	0.19000	0.04064	0.01300	0.01841	0.06446	0.01132	0.08873	0.07167	0.02859	0.06489	0.01822	0.01566	0.00791	0.00594	0.00201	0.00713	0.00562	0.00505	0.10892

[dist]
# distance from previous block
# <min> <max>
0	74

[block]
# block no. 3 follows, 26 sequences, length 51
# corresponding to MSA columns:
# 219-269
name=unknown_D
#
# <colnr> <probs for GDERKNQSTAVLIFYWHMCP>
#	G	D	E	R	K	N	Q	S	T	A	V	L	I	F	Y	W	H	M	C	P
0	0.01935	0.10677	0.04724	0.01644	0.06738	0.01752	0.01275	0.11561	0.22126	0.06673	0.11460	0.05398	0.02530	0.01009	0.00738	0.00224	0.00661	0.00836	0.00656	0.07382
1	0.08022	0.01795	0.01970	0.01567	0.02116	0.01949	0.01280	0.37363	0.13652	0.16561	0.02208	0.02130	0.01559	0.01077	0.03003	0.00267	0.00781	0.00712	0.00764	0.01223
2	0.01653	0.01244	0.01461	0.01226	0.01659	0.01127	0.00940	0.12202	0.04122	0.05597	0.02534	0.26297	0.02568	0.01277	0.00750	0.00209	0.00569	0.01104	0.00620	0.32842
3	0.00949	0.00686	0.00904	0.01068	0.01138	0.00641	0.00742	0.01104	0.01496	0.01973	0.04391	0.62873	0.09022	0.02322	0.00971	0.00308	0.00460	0.07624	0.00704	0.00625
4	0.01593	0.21442	0.02229	0.01374	0.01732	0.01543	0.07050	0.05327	0.01724	0.06469	0.07628	0.32672	0.03272	0.01494	0.00796	0.00248	0.00652	0.01318	0.00595	0.00842
5	0.01074	0.00775	0.01014	0.00954	0.01133	0.00716	0.00716	0.01431	0.02147	0.03042	0.68211	0.05666	0.07157	0.01551	0.00895	0.00239	0.00358	0.01372	0.00835	0.00716
6	0.01600	0.01563	0.02201	0.35836	0.03527	0.05689	0.01804	0.01944	0.01413	0.01938	0.01259	0.01885	0.01055	0.00995	0.01436	0.00277	0.29466	0.00661	0.04618	0.00832
7	0.00924	0.00660	0.00880	0.01056	0.01100	0.00616	0.00704	0.01056	0.01452	0.01936	0.04181	0.72848	0.05017	0.02376	0.00968	0.00308	0.00440	0.02156	0.00704	0.00616
8	0.03403	0.01291	0.01760	0.01350	0.01936	0.01115	0.01115	0.03697	0.02171	0.69137	0.02992	0.02582	0.01878	0.00939	0.00763	0.00235	0.00645	0.00763	0.00939	0.01291
9	0.78701	0.01467	0.01115	0.00997	0.01467	0.01702	0.00821	0.02230	0.01291	0.03403	0.01056	0.01232	0.00821	0.00704	0.00469	0.00235	0.00587	0.00411	0.00469	0.00821
10	0.01067	0.00775	0.01005	0.00947	0.01129	0.00713	0.00711	0.01419	0.02132	0.03005	0.66003	0.05726	0.09388	0.01564	0.00895	0.00239	0.00359	0.01380	0.00830	0.00713
11	0.01685	0.24286	0.46588	0.01967	0.02930	0.02134	0.05912	0.02365	0.01594	0.02223	0.01281	0.01514	0.00975	0.00695	0.00662	0.00218	0.01039	0.00534	0.00325	0.01072
12	0.00943	0.00675	0.00897	0.01043	0.01104	0.00629	0.00706	0.01103	0.01540	0.02075	0.12232	0.64401	0.05286	0.02273	0.00959	0.00299	0.00430	0.02058	0.00721	0.00629
13	0.01992	0.01606	0.01718	0.01530	0.01970	0.01833	0.01195	0.04007	0.62723	0.07753	0.03081	0.02813	0.02285	0.01023	0.00771	0.00256	0.00603	0.00851	0.00783	0.01207
14	0.01899	0.01729	0.09609	0.01400	0.02096	0.01278	0.03562	0.09304	0.01879	0.10151	0.01842	0.01959	0.03846	0.00717	0.00650	0.00165	0.00686	0.00585	0.00531	0.46113
15	0.01602	0.10839	0.55704	0.02186	0.03221	0.01905	0.09487	0.02392	0.01616	0.02342	0.01349	0.01610	0.00983	0.00705	0.00716	0.00234	0.01107	0.00581	0.00328	0.01095
16	0.78701	0.01467	0.01115	0.00997	0.01467	0.01702	0.00821	0.02230	0.01291	0.03403	0.01056	0.01232	0.00821	0.00704	0.00469	0.00235	0.00587	0.00411	0.00469	0.00821
17	0.01586	0.01483	0.02594	0.30957	0.16749	0.01664	0.11912	0.01979	0.01517	0.02084	0.01400	0.02023	0.01137	0.00973	0.01158	0.08137	0.07719	0.00708	0.03337	0.00884
18	0.01888	0.14290	0.06190	0.01431	0.01863	0.01509	0.04320	0.02397	0.08421	0.16331	0.11375	0.13817	0.03004	0.01271	0.00857	0.00250	0.03496	0.05675	0.00655	0.00959
19	0.01318	0.00659	0.00988	0.00988	0.00988	0.00659	0.00659	0.00988	0.00988	0.01318	0.01318	0.02306	0.01318	0.02635	0.02964	0.77931	0.00659	0.00659	0.00329	0.00329
20	0.00922	0.00669	0.00871	0.01033	0.01094	0.00618	0.00694	0.01059	0.01474	0.01945	0.04457	0.67672	0.10015	0.02340	0.00962	0.00304	0.00436	0.02112	0.00704	0.00618
21	0.07927	0.01885	0.07398	0.14446	0.08684	0.01774	0.29458	0.07160	0.01828	0.06279	0.01663	0.05040	0.01312	0.00786	0.00801	0.00249	0.01033	0.00812	0.00451	0.01014
22	0.01842	0.06239	0.14507	0.09950	0.20107	0.04147	0.21102	0.02388	0.01723	0.06014	0.01583	0.04103	0.01263	0.00751	0.00780	0.00238	0.01044	0.00751	0.00404	0.01061
23	0.02294	0.02595	0.02515	0.04752	0.04802	0.33050	0.12468	0.06253	0.07818	0.02292	0.01486	0.01772	0.01192	0.00852	0.00948	0.00232	0.09666	0.00644	0.03419	0.00952
24	0.00937	0.00670	0.00892	0.01047	0.01103	0.00625	0.00705	0.01089	0.01513	0.02034	0.09814	0.66937	0.05205	0.02304	0.00962	0.00302	0.00433	0.02087	0.00716	0.00625
25	0.01997	0.01388	0.01896	0.13798	0.11120	0.01456	0.01428	0.09372	0.11586	0.15031	0.05915	0.10199	0.02390	0.01133	0.00803	0.00251	0.00720	0.05264	0.00655	0.03600
26	0.01791	0.01403	0.01633	0.01197	0.01848	0.01142	0.00961	0.05765	0.05367	0.07269	0.01585	0.01727	0.01251	0.00633	0.00598	0.00135	0.00585	0.00507	0.00519	0.64081
27	0.02749	0.05527	0.01889	0.01413	0.01965	0.04459	0.01152	0.05540	0.18030	0.38214	0.02642	0.02398	0.01808	0.00903	0.00728	0.00223	0.00674	0.00723	0.00790	0.08175
28	0.01735	0.07547	0.22710	0.02844	0.06774	0.01944	0.40482	0.02406	0.01717	0.02379	0.01447	0.01855	0.01087	0.00665	0.00810	0.00243	0.01183	0.00756	0.00361	0.01056
29	0.01688	0.01344	0.01510	0.01423	0.01774	0.01486	0.01136	0.03138	0.42267	0.05368	0.08737	0.04507	0.06022	0.01342	0.00848	0.00275	0.00595	0.14748	0.00764	0.01030
30	0.01074	0.00775	0.01014	0.00954	0.01133	0.00716	0.00716	0.01431	0.02147	0.03042	0.68211	0.05666	0.07157	0.01551	0.00895	0.00239	0.00358	0.01372	0.00835	0.00716
31	0.01318	0.00659	0.00988	0.00988	0.00988	0.00659	0.00659	0.00988	0.00988	0.01318	0.01318	0.02306	0.01318	0.02635	0.02964	0.77931	0.00659	0.00659	0.00329	0.00329
32	0.00949	0.00676	0.00867	0.01009	0.01057	0.00635	0.00662	0.01065	0.01415	0.01874	0.04089	0.59722	0.07762	0.12746	0.01388	0.00368	0.00481	0.01975	0.00668	0.00594
33	0.01721	0.01670	0.02925	0.27001	0.41908	0.01773	0.07564	0.02205	0.01662	0.02293	0.01409	0.01940	0.01133	0.00701	0.00765	0.00237	0.00970	0.00694	0.00363	0.01066
34	0.00924	0.00660	0.00880	0.01056	0.01100	0.00616	0.00704	0.01056	0.01452	0.01936	0.04181	0.72848	0.05017	0.02376	0.00968	0.00308	0.00440	0.02156	0.00704	0.00616
35	0.00914	0.00765	0.00795	0.00795	0.01037	0.00647	0.00594	0.01120	0.01759	0.02138	0.13224	0.09328	0.60483	0.01902	0.00899	0.00256	0.00384	0.01598	0.00717	0.00647
36	0.04577	0.01858	0.02188	0.16858	0.02909	0.02079	0.01537	0.43689	0.04838	0.09161	0.01828	0.01939	0.01294	0.00878	0.00752	0.00235	0.00845	0.00685	0.00674	0.01178
37	0.01466	0.01414	0.02481	0.65111	0.05106	0.01707	0.08087	0.01984	0.01542	0.01984	0.01366	0.02024	0.01024	0.00747	0.00771	0.00253	0.01036	0.00695	0.00341	0.00860
38	0.01636	0.09430	0.46535	0.02363	0.03349	0.01910	0.19426	0.02398	0.01646	0.02356	0.01381	0.01686	0.01012	0.00693	0.00747	0.00238	0.01136	0.00636	0.00337	0.01082
39	0.10496	0.45379	0.07802	0.01419	0.02048	0.09681	0.01363	0.05419	0.01720	0.06826	0.01259	0.01384	0.01034	0.00706	0.00554	0.00187	0.00857	0.00463	0.00410	0.00994
40	0.02029	0.30639	0.23579	0.01814	0.02526	0.17706	0.04309	0.02469	0.01690	0.02017	0.01191	0.01420	0.00978	0.00730	0.00706	0.00205	0.04156	0.00502	0.00341	0.00993
41	0.01851	0.01363	0.01575	0.05779	0.01974	0.01473	0.01150	0.08765	0.29704	0.10158	0.08582	0.04053	0.11715	0.01259	0.00822	0.00259	0.00614	0.07120	0.00750	0.01033
42	0.00935	0.00668	0.00889	0.01049	0.01102	0.00623	0.00705	0.01082	0.01500	0.02013	0.08627	0.68183	0.05165	0.02319	0.00963	0.00303	0.00434	0.02102	0.00713	0.00623
43	0.01745	0.17357	0.02624	0.01802	0.01961	0.04312	0.01541	0.01933	0.01275	0.01814	0.01064	0.01619	0.01034	0.01377	0.05301	0.00334	0.51108	0.00610	0.00336	0.00855
44	0.01414	0.00707	0.00707	0.00707	0.00884	0.00707	0.00530	0.01767	0.01591	0.02828	0.02474	0.02828	0.01944	0.00884	0.00530	0.00177	0.00353	0.00707	0.77554	0.00707
45	0.00942	0.00668	0.00875	0.01033	0.01073	0.00628	0.00679	0.01061	0.01417	0.01889	0.04000	0.66017	0.04789	0.09517	0.01259	0.00351	0.00470	0.02050	0.00679	0.00600
46	0.01074	0.00775	0.01014	0.00954	0.01133	0.00716	0.00716	0.01431	0.02147	0.03042	0.68211	0.05666	0.07157	0.01551	0.00895	0.00239	0.00358	0.01372	0.00835	0.00716
47	0.02690	0.02003	0.02178	0.04354	0.02370	0.02226	0.01408	0.57177	0.06902	0.04429	0.01900	0.02031	0.01404	0.04277	0.00904	0.00254	0.00824	0.00712	0.00730	0.01229
48	0.01433	0.01386	0.02514	0.04632	0.02478	0.01396	0.25680	0.01942	0.04764	0.02540	0.24153	0.11168	0.03626	0.01222	0.01035	0.00263	0.07164	0.01165	0.00582	0.00859
49	0.10566	0.02465	0.02124	0.01726	0.02260	0.20843	0.01385	0.42380	0.02948	0.03842	0.01566	0.01638	0.01157	0.00854	0.00709	0.00220	0.00955	0.00602	0.00629	0.01130
50	0.05841	0.01496	0.02497	0.48158	0.20938	0.01724	0.04524	0.02071	0.01568	0.02174	0.01359	0.01943	0.01054	0.00730	0.00746	0.00245	0.00970	0.00668	0.00356	0.00939

[dist]
# distance from previous block
# <min> <max>
0	1

[block]
# block no. 4 follows, 26 sequences, length 24
# corresponding to MSA columns:
# 271-294
name=unknown_E
#
# <colnr> <probs for GDERKNQSTAVLIFYWHMCP>
#	G	D	E	R	K	N	Q	S	T	A	V	L	I	F	Y	W	H	M	C	P
0	0.66301	0.01566	0.01224	0.03833	0.01654	0.06201	0.00909	0.02227	0.01404	0.03223	0.04815	0.01519	0.01192	0.00759	0.00519	0.00233	0.00643	0.00480	0.00479	0.00820
1	0.02086	0.01542	0.01724	0.01457	0.01859	0.01650	0.01155	0.36686	0.04999	0.03625	0.07012	0.17289	0.02755	0.04607	0.00964	0.00273	0.00690	0.05222	0.00725	0.03682
2	0.01147	0.00824	0.01047	0.01110	0.01244	0.00803	0.00824	0.05019	0.01743	0.02337	0.16251	0.32288	0.07570	0.09813	0.01271	0.00343	0.00530	0.14457	0.00705	0.00675
3	0.01236	0.00793	0.01150	0.12737	0.01669	0.00844	0.00857	0.01184	0.01161	0.01534	0.01936	0.11485	0.02073	0.19820	0.02576	0.36391	0.00710	0.00953	0.00408	0.00482
4	0.12057	0.06342	0.02142	0.01675	0.02188	0.22684	0.01345	0.30742	0.07970	0.03438	0.01594	0.01662	0.01205	0.00842	0.00687	0.00218	0.00944	0.00590	0.00590	0.01084
5	0.01421	0.01141	0.01419	0.07377	0.01830	0.01310	0.01072	0.02339	0.23996	0.02428	0.06160	0.10195	0.02572	0.04952	0.18992	0.00524	0.03533	0.00981	0.06893	0.00867
6	0.01625	0.00928	0.00969	0.00888	0.01128	0.00969	0.00687	0.11597	0.01877	0.03082	0.02356	0.02680	0.01842	0.01091	0.03523	0.00229	0.00498	0.00708	0.62527	0.00795
7	0.01109	0.00827	0.01051	0.01094	0.01262	0.00801	0.00834	0.01527	0.06731	0.02535	0.29482	0.23629	0.10717	0.01861	0.00934	0.00281	0.00464	0.13384	0.00759	0.00717
8	0.02833	0.03615	0.02149	0.01954	0.02345	0.70298	0.01466	0.03029	0.02149	0.01856	0.01172	0.01368	0.00977	0.00782	0.00684	0.00195	0.01368	0.00489	0.00391	0.00879
9	0.01543	0.06871	0.66653	0.02125	0.03227	0.01814	0.02739	0.02397	0.01599	0.02376	0.01348	0.01585	0.00961	0.00718	0.00711	0.00237	0.01108	0.00554	0.00320	0.01115
10	0.01552	0.03710	0.62025	0.02280	0.03360	0.01779	0.09977	0.02405	0.01623	0.02405	0.01381	0.01652	0.00982	0.00711	0.00740	0.00242	0.01139	0.00599	0.00327	0.01110
11	0.01120	0.00750	0.00969	0.01007	0.01153	0.00684	0.00719	0.01351	0.01777	0.06257	0.27967	0.37529	0.11970	0.01944	0.00922	0.00273	0.00416	0.01732	0.00766	0.00694
12	0.00924	0.00660	0.00880	0.01056	0.01100	0.00616	0.00704	0.01056	0.01452	0.01936	0.04181	0.72848	0.05017	0.02376	0.00968	0.00308	0.00440	0.02156	0.00704	0.00616
13	0.01573	0.01352	0.02104	0.49927	0.06534	0.01609	0.01834	0.09126	0.01726	0.02250	0.01644	0.05500	0.01395	0.01038	0.00939	0.05853	0.00923	0.03403	0.00418	0.00853
14	0.01087	0.00913	0.01481	0.01418	0.01567	0.00890	0.10392	0.01296	0.01488	0.02004	0.03637	0.58966	0.04252	0.02069	0.01030	0.00301	0.03984	0.01898	0.00639	0.00687
15	0.78701	0.01467	0.01115	0.00997	0.01467	0.01702	0.00821	0.02230	0.01291	0.03403	0.01056	0.01232	0.00821	0.00704	0.00469	0.00235	0.00587	0.00411	0.00469	0.00821
16	0.00924	0.00660	0.00880	0.01056	0.01100	0.00616	0.00704	0.01056	0.01452	0.01936	0.04181	0.72848	0.05017	0.02376	0.00968	0.00308	0.00440	0.02156	0.00704	0.00616
17	0.23449	0.01338	0.01588	0.01256	0.01811	0.01271	0.01037	0.03306	0.01937	0.51637	0.02477	0.02222	0.01596	0.00876	0.00685	0.00235	0.00630	0.00669	0.00814	0.01166
18	0.01462	0.01378	0.02328	0.67080	0.09434	0.01693	0.02121	0.01964	0.01531	0.01974	0.01353	0.02013	0.01024	0.00753	0.00758	0.00251	0.01004	0.00674	0.00340	0.00866
19	0.01978	0.01673	0.01796	0.04080	0.02130	0.01930	0.01259	0.10670	0.57989	0.03303	0.02888	0.02692	0.02158	0.01007	0.00770	0.00254	0.00640	0.00832	0.00755	0.01197
20	0.02941	0.01423	0.01782	0.01456	0.01950	0.01298	0.01149	0.08061	0.05968	0.44066	0.17004	0.03484	0.03178	0.01222	0.00888	0.00279	0.00674	0.00960	0.00954	0.01265
21	0.01573	0.01348	0.01573	0.01123	0.01798	0.01011	0.00899	0.01910	0.01573	0.02472	0.01348	0.01573	0.01123	0.00562	0.00562	0.00112	0.00562	0.00449	0.00449	0.77980
22	0.01128	0.00785	0.00952	0.00924	0.01124	0.00702	0.00680	0.01385	0.01882	0.06108	0.34681	0.14267	0.25530	0.05168	0.01039	0.00276	0.00410	0.01494	0.00766	0.00699
23	0.01972	0.01264	0.01689	0.01401	0.01796	0.01256	0.05596	0.04460	0.14420	0.19843	0.17432	0.07289	0.05757	0.03685	0.00994	0.00261	0.03831	0.01022	0.00746	0.05285

[dist]
# distance from previous block
# <min> <max>
0	4

[block]
# block no. 5 follows, 26 sequences, length 31
# corresponding to MSA columns:
# 299-329
name=unknown_F
#
# <colnr> <probs for GDERKNQSTAVLIFYWHMCP>
#	G	D	E	R	K	N	Q	S	T	A	V	L	I	F	Y	W	H	M	C	P
0	0.00988	0.00709	0.00937	0.01013	0.01114	0.00658	0.00709	0.01216	0.01747	0.02406	0.31384	0.44305	0.05926	0.02026	0.00937	0.00279	0.00405	0.01823	0.00760	0.00658
1	0.05373	0.15012	0.02231	0.06424	0.02095	0.01695	0.05526	0.06298	0.01650	0.05879	0.02075	0.19432	0.02082	0.01199	0.00950	0.00238	0.09756	0.00972	0.00511	0.10602
2	0.01558	0.01355	0.01648	0.01290	0.01790	0.01260	0.01035	0.02025	0.07310	0.02366	0.01531	0.01854	0.01299	0.01282	0.08662	0.00279	0.10445	0.00556	0.00457	0.51999
3	0.14766	0.28893	0.02926	0.04768	0.02212	0.02377	0.07324	0.02173	0.01428	0.03941	0.01147	0.01497	0.00997	0.00867	0.01123	0.00238	0.21487	0.00548	0.00373	0.00913
4	0.02796	0.02081	0.02227	0.01728	0.02319	0.02312	0.01421	0.60665	0.09125	0.04640	0.01932	0.01909	0.01379	0.00921	0.00760	0.00230	0.00814	0.00698	0.00760	0.01282
5	0.01472	0.01392	0.02302	0.58332	0.04680	0.01653	0.04783	0.01952	0.01520	0.02010	0.01342	0.01962	0.01028	0.00757	0.00817	0.00242	0.03958	0.00660	0.00350	0.08788
6	0.00946	0.00687	0.00867	0.00991	0.01065	0.00636	0.00663	0.01083	0.01487	0.01957	0.07508	0.54287	0.13169	0.09376	0.01245	0.00341	0.00458	0.01941	0.00686	0.00608
7	0.01096	0.00828	0.01210	0.01207	0.01323	0.00962	0.00923	0.01336	0.01220	0.01750	0.02132	0.06610	0.02088	0.10487	0.59530	0.01107	0.04208	0.00897	0.00423	0.00663
8	0.01247	0.00664	0.00963	0.00988	0.00995	0.00657	0.00653	0.01005	0.01063	0.01417	0.01800	0.12771	0.01944	0.06829	0.02726	0.61971	0.00631	0.00904	0.00392	0.00379
9	0.05030	0.01491	0.02451	0.51552	0.10843	0.01767	0.06315	0.04854	0.01622	0.02210	0.01363	0.01952	0.01042	0.00769	0.00820	0.00251	0.03714	0.00677	0.00368	0.00908
10	0.00936	0.00677	0.00885	0.01030	0.01099	0.00626	0.00697	0.01091	0.01530	0.02041	0.10055	0.62982	0.08994	0.02276	0.00957	0.00299	0.00429	0.02054	0.00716	0.00626
11	0.01632	0.01641	0.02284	0.01953	0.02023	0.04612	0.05014	0.01834	0.01246	0.01857	0.01230	0.04102	0.01217	0.01708	0.08557	0.00404	0.56777	0.00732	0.00356	0.00821
12	0.01808	0.01656	0.02903	0.25712	0.37669	0.01740	0.09138	0.02288	0.01691	0.05891	0.01498	0.01980	0.01171	0.00712	0.00770	0.00238	0.00964	0.00704	0.00394	0.01072
13	0.01432	0.01348	0.02275	0.71520	0.05224	0.01685	0.02107	0.01938	0.01517	0.01938	0.01348	0.02022	0.01011	0.00758	0.00758	0.00253	0.01011	0.00674	0.00337	0.00843
14	0.00933	0.00664	0.00878	0.01045	0.01087	0.00622	0.00692	0.01058	0.01435	0.01914	0.04094	0.69578	0.04908	0.05795	0.01107	0.00329	0.00454	0.02106	0.00692	0.00609
15	0.01268	0.01127	0.01554	0.01493	0.01516	0.01413	0.01150	0.01415	0.01317	0.01885	0.02693	0.39606	0.03139	0.01887	0.01678	0.00319	0.33835	0.01459	0.00530	0.00716
16	0.01569	0.01488	0.02522	0.50947	0.24727	0.01721	0.02175	0.02058	0.01581	0.02104	0.01372	0.01978	0.01070	0.00733	0.00756	0.00244	0.00977	0.00675	0.00349	0.00953
17	0.03246	0.01340	0.01753	0.01353	0.01920	0.01212	0.01115	0.09619	0.02275	0.59348	0.02851	0.02521	0.01824	0.00933	0.00750	0.00231	0.00648	0.00752	0.05049	0.01259
18	0.01539	0.03797	0.65042	0.02232	0.03329	0.01772	0.07047	0.02404	0.01614	0.02404	0.01373	0.01631	0.00974	0.00715	0.00732	0.00241	0.01132	0.00583	0.00325	0.01114
19	0.05098	0.01011	0.01351	0.01200	0.01461	0.00986	0.04702	0.07536	0.02089	0.05938	0.40161	0.17095	0.05321	0.01521	0.00869	0.00251	0.00496	0.01350	0.00764	0.00800
20	0.01826	0.01746	0.02969	0.16916	0.44598	0.01842	0.07613	0.05455	0.01759	0.02457	0.01420	0.01906	0.01156	0.00731	0.00848	0.00238	0.04334	0.00694	0.00386	0.01105
21	0.03403	0.01291	0.01760	0.01350	0.01936	0.01115	0.01115	0.03697	0.02171	0.69137	0.02992	0.02582	0.01878	0.00939	0.00763	0.00235	0.00645	0.00763	0.00939	0.01291
22	0.01521	0.03923	0.69413	0.02162	0.03283	0.01762	0.02802	0.02402	0.01601	0.02402	0.01361	0.01601	0.00961	0.00721	0.00721	0.00240	0.01121	0.00560	0.00320	0.01121
23	0.01644	0.01587	0.02763	0.38687	0.31905	0.01750	0.06491	0.02136	0.01624	0.02199	0.01394	0.01963	0.01101	0.00715	0.00764	0.00241	0.00983	0.00690	0.00356	0.01006
24	0.01881	0.01706	0.02889	0.15034	0.55412	0.01751	0.02235	0.02332	0.01715	0.05603	0.01490	0.01934	0.01204	0.00701	0.00753	0.00230	0.00906	0.00680	0.00397	0.01149
25	0.72700	0.01486	0.01206	0.03964	0.01656	0.01725	0.00898	0.04559	0.01384	0.03393	0.01096	0.01287	0.00847	0.00714	0.00492	0.00235	0.00614	0.00432	0.00474	0.00840
26	0.01476	0.01635	0.08911	0.44109	0.10318	0.01613	0.08511	0.01971	0.01550	0.02062	0.01588	0.07317	0.01350	0.00918	0.00855	0.02775	0.00984	0.00797	0.00371	0.00887
27	0.78701	0.01467	0.01115	0.00997	0.01467	0.01702	0.00821	0.02230	0.01291	0.03403	0.01056	0.01232	0.00821	0.00704	0.00469	0.00235	0.00587	0.00411	0.00469	0.00821
28	0.00972	0.00692	0.00923	0.01091	0.01150	0.00656	0.00762	0.01127	0.01475	0.01959	0.04077	0.61221	0.04827	0.05577	0.01111	0.00333	0.00488	0.10247	0.00692	0.00620
29	0.01318	0.00659	0.00988	0.00988	0.00988	0.00659	0.00659	0.00988	0.00988	0.01318	0.01318	0.02306	0.01318	0.02635	0.02964	0.77931	0.00659	0.00659	0.00329	0.00329
30	0.01801	0.01719	0.02905	0.10528	0.54139	0.01756	0.04623	0.02345	0.05032	0.02484	0.04200	0.02098	0.01478	0.00735	0.00764	0.00231	0.00889	0.00721	0.00411	0.01142

[dist]
# distance from previous block
# <min> <max>
0	2

[block]
# block no. 6 follows, 26 sequences, length 28
# corresponding to MSA columns:
# 332-359
name=unknown_G
#
# <colnr> <probs for GDERKNQSTAVLIFYWHMCP>
#	G	D	E	R	K	N	Q	S	T	A	V	L	I	F	Y	W	H	M	C	P
0	0.01554	0.02875	0.39288	0.20661	0.07428	0.01765	0.11226	0.02280	0.01612	0.02288	0.01385	0.01788	0.01013	0.00717	0.00756	0.00245	0.01102	0.00642	0.00336	0.01039
1	0.01814	0.21226	0.31435	0.05385	0.02858	0.02059	0.07210	0.05942	0.01715	0.04519	0.01366	0.01603	0.01043	0.00716	0.00706	0.00214	0.02490	0.00561	0.00382	0.06756
2	0.05261	0.02105	0.02182	0.01709	0.02287	0.04497	0.01400	0.56131	0.09416	0.04490	0.01894	0.01882	0.01361	0.00911	0.00748	0.00230	0.00822	0.00684	0.00739	0.01253
3	0.01115	0.00885	0.01256	0.07445	0.01671	0.00899	0.03922	0.01497	0.07400	0.02141	0.08842	0.48793	0.04321	0.04800	0.01038	0.00308	0.00550	0.01743	0.00663	0.00709
4	0.01336	0.00770	0.01196	0.12404	0.01674	0.00825	0.00893	0.01142	0.01074	0.01418	0.01322	0.02260	0.01268	0.02331	0.02607	0.65358	0.00716	0.00661	0.00331	0.00412
5	0.01607	0.07070	0.54849	0.02285	0.08786	0.01838	0.02555	0.02521	0.06947	0.02440	0.01492	0.01706	0.01093	0.00738	0.00716	0.00236	0.01044	0.00587	0.00362	0.01127
6	0.01489	0.01431	0.02493	0.61898	0.09461	0.01710	0.06838	0.02001	0.01551	0.02011	0.01367	0.02014	0.01034	0.00744	0.00768	0.00251	0.01023	0.00691	0.00343	0.00880
7	0.01669	0.01021	0.01273	0.01207	0.01483	0.01005	0.00938	0.02262	0.13355	0.15784	0.16187	0.16865	0.07586	0.04903	0.01021	0.00294	0.00544	0.10948	0.00776	0.00879
8	0.02470	0.01788	0.02069	0.01858	0.07640	0.01936	0.01399	0.37839	0.12847	0.09376	0.05373	0.02771	0.02014	0.01038	0.00790	0.00243	0.00755	0.05857	0.00743	0.01194
9	0.04844	0.10587	0.08336	0.08287	0.25839	0.04770	0.11361	0.02312	0.04977	0.02343	0.01889	0.04444	0.05083	0.00827	0.00741	0.00231	0.00921	0.00758	0.00417	0.01033
10	0.02847	0.01273	0.01646	0.01306	0.01814	0.01167	0.01062	0.07891	0.05520	0.48711	0.12210	0.03189	0.05708	0.01073	0.00788	0.00237	0.00605	0.00886	0.00892	0.01176
11	0.01023	0.00781	0.00935	0.01006	0.01142	0.00743	0.00703	0.01351	0.06924	0.02162	0.12082	0.40905	0.19153	0.06083	0.01091	0.00308	0.00448	0.01777	0.00711	0.00672
12	0.01793	0.06830	0.02309	0.38189	0.08655	0.01815	0.01756	0.15666	0.01932	0.02531	0.01542	0.04699	0.01262	0.00982	0.00914	0.06140	0.00901	0.00713	0.00443	0.00928
13	0.01995	0.30939	0.15681	0.12528	0.02796	0.13072	0.01760	0.05834	0.01737	0.02103	0.01216	0.01492	0.00996	0.00747	0.00713	0.00208	0.04329	0.00517	0.00360	0.00977
14	0.04811	0.02844	0.02015	0.01763	0.02179	0.42345	0.01346	0.17125	0.07659	0.02637	0.01561	0.01851	0.01284	0.06197	0.00937	0.00249	0.01116	0.00605	0.00512	0.00965
15	0.02296	0.01462	0.01846	0.01764	0.10157	0.01418	0.01260	0.15913	0.06160	0.21080	0.02951	0.03271	0.09208	0.01067	0.00774	0.00230	0.00679	0.06368	0.00708	0.11386
16	0.04927	0.00776	0.00956	0.00996	0.01143	0.00737	0.00725	0.01308	0.01755	0.02467	0.30149	0.27851	0.11725	0.05458	0.01057	0.00295	0.00441	0.05835	0.00733	0.00667
17	0.01283	0.00850	0.01021	0.00987	0.01169	0.00810	0.00703	0.01629	0.06553	0.07751	0.22779	0.16579	0.14493	0.16748	0.01504	0.00357	0.00496	0.01383	0.02189	0.00716
18	0.07479	0.01393	0.02101	0.39795	0.11698	0.01575	0.01753	0.05387	0.01747	0.10577	0.04921	0.02399	0.04297	0.00860	0.00749	0.00244	0.00856	0.00738	0.00485	0.00948
19	0.01539	0.01002	0.01237	0.01228	0.01438	0.01002	0.00903	0.10978	0.05448	0.09631	0.03644	0.48647	0.03965	0.01924	0.00908	0.00287	0.00538	0.04120	0.00741	0.00822
20	0.01052	0.00782	0.00979	0.01059	0.01218	0.00731	0.00823	0.01294	0.01697	0.02203	0.14488	0.19070	0.21433	0.07813	0.01200	0.00332	0.00522	0.21952	0.00702	0.00652
21	0.07753	0.01513	0.02452	0.28816	0.34210	0.01656	0.01988	0.02065	0.01553	0.02255	0.01359	0.01915	0.01111	0.00871	0.00915	0.06687	0.00897	0.00653	0.00365	0.00966
22	0.07928	0.01468	0.02319	0.47999	0.18066	0.01722	0.02000	0.02153	0.04968	0.02237	0.01431	0.01969	0.01103	0.00751	0.00734	0.00246	0.00932	0.00662	0.00379	0.00935
23	0.00966	0.00747	0.00873	0.00936	0.01102	0.00670	0.00686	0.01161	0.01654	0.02096	0.11396	0.25779	0.34450	0.06075	0.01100	0.00306	0.00451	0.08214	0.00701	0.00636
24	0.01018	0.00708	0.00844	0.00914	0.00949	0.00682	0.00564	0.01084	0.01284	0.01694	0.03460	0.31980	0.08129	0.40388	0.02514	0.00534	0.00595	0.01554	0.00573	0.00534
25	0.01882	0.01827	0.02835	0.18955	0.39161	0.05567	0.06674	0.05978	0.05104	0.02486	0.01509	0.01938	0.01204	0.00728	0.00761	0.00234	0.00959	0.00690	0.00410	0.01096
26	0.01443	0.01185	0.01947	0.38921	0.12443	0.01364	0.01643	0.01681	0.01376	0.01814	0.01409	0.02247	0.01220	0.05370	0.01542	0.21741	0.00883	0.00694	0.00347	0.00728
27	0.01843	0.01443	0.01649	0.04696	0.02030	0.01578	0.01205	0.04933	0.41158	0.07437	0.02995	0.05764	0.02484	0.01167	0.00799	0.00258	0.00634	0.09857	0.00724	0.07345

[dist]
# distance from previous block
# <min> <max>
0	6

# created by:
# /st0/software/busco_prod/Augustus/scripts/msa2prfl.pl ./align_prep/123197.fa
