[name]
unknown

[dist]
# distance from previous block
# <min> <max>
0	35

[block]
# block no. 0 follows, 25 sequences, length 59
# corresponding to MSA columns:
# 35-93
name=unknown_A
#
# <colnr> <probs for GDERKNQSTAVLIFYWHMCP>
#	G	D	E	R	K	N	Q	S	T	A	V	L	I	F	Y	W	H	M	C	P
0	0.01445	0.01040	0.01455	0.01475	0.01753	0.01004	0.03396	0.03961	0.01850	0.04900	0.03643	0.07375	0.03832	0.01856	0.00997	0.00322	0.00724	0.50224	0.00690	0.08057
1	0.03301	0.01325	0.01781	0.01358	0.01966	0.01130	0.01119	0.03605	0.02161	0.62193	0.02899	0.02541	0.01846	0.00923	0.00760	0.00228	0.00652	0.00749	0.00912	0.08550
2	0.01884	0.02048	0.09373	0.04517	0.61786	0.01838	0.02426	0.02387	0.01753	0.02526	0.01452	0.01892	0.01205	0.00695	0.00765	0.00232	0.00942	0.00680	0.00378	0.01220
3	0.01168	0.01061	0.07290	0.00975	0.01084	0.00851	0.00697	0.01254	0.01176	0.01594	0.02343	0.04748	0.02645	0.65915	0.03642	0.00704	0.00789	0.01075	0.00456	0.00534
4	0.01090	0.01028	0.07313	0.01076	0.01204	0.00799	0.00804	0.01233	0.01329	0.01798	0.03129	0.33583	0.03636	0.35727	0.02372	0.00516	0.00660	0.01537	0.00564	0.00603
5	0.02240	0.01865	0.02202	0.01803	0.02332	0.02081	0.07368	0.23224	0.40592	0.03688	0.02598	0.02492	0.01924	0.00976	0.00797	0.00253	0.00755	0.00824	0.00747	0.01239
6	0.06296	0.01671	0.02837	0.08610	0.03037	0.01513	0.26752	0.02188	0.01674	0.02515	0.01437	0.01824	0.01130	0.00634	0.00724	0.00195	0.00913	0.00661	0.00423	0.34966
7	0.06028	0.06888	0.01788	0.01341	0.01805	0.03769	0.01087	0.05244	0.15334	0.27375	0.17574	0.03175	0.03080	0.01082	0.00774	0.00238	0.00625	0.00885	0.00804	0.01103
8	0.01803	0.01993	0.04156	0.03017	0.03738	0.01903	0.56385	0.02581	0.07956	0.02535	0.01831	0.05056	0.01452	0.00765	0.00906	0.00264	0.01206	0.00964	0.00443	0.01046
9	0.01003	0.00909	0.01145	0.01021	0.01333	0.00779	0.06712	0.01243	0.01773	0.02132	0.07258	0.06952	0.61294	0.01839	0.00916	0.00262	0.00480	0.01568	0.00689	0.00692
10	0.02838	0.08732	0.02339	0.01940	0.02367	0.62127	0.01485	0.05475	0.02208	0.02009	0.01216	0.01405	0.01011	0.00794	0.00687	0.00199	0.01335	0.00501	0.00409	0.00922
11	0.01555	0.04011	0.68733	0.02210	0.03356	0.01801	0.02865	0.02455	0.01637	0.02455	0.01391	0.01637	0.00982	0.00737	0.00737	0.00246	0.01146	0.00573	0.00327	0.01146
12	0.01138	0.00760	0.00889	0.00889	0.00913	0.00777	0.00533	0.01186	0.01162	0.01596	0.02403	0.04741	0.02679	0.61778	0.11707	0.00788	0.00895	0.01075	0.03585	0.00507
13	0.01919	0.01842	0.03147	0.04759	0.67914	0.01842	0.02380	0.02380	0.01765	0.02533	0.01458	0.01919	0.01228	0.00691	0.00768	0.00230	0.00921	0.00691	0.00384	0.01228
14	0.01555	0.04011	0.68733	0.02210	0.03356	0.01801	0.02865	0.02455	0.01637	0.02455	0.01391	0.01637	0.00982	0.00737	0.00737	0.00246	0.01146	0.00573	0.00327	0.01146
15	0.01445	0.00723	0.00723	0.00723	0.00903	0.00723	0.00542	0.01807	0.01626	0.02891	0.02529	0.02891	0.01987	0.00903	0.00542	0.00181	0.00361	0.00723	0.77055	0.00723
16	0.01128	0.00752	0.00846	0.00846	0.00846	0.00752	0.00470	0.01128	0.01128	0.01503	0.02443	0.05074	0.02819	0.72751	0.03946	0.00752	0.00752	0.01128	0.00470	0.00470
17	0.02947	0.02172	0.02327	0.01784	0.02404	0.02404	0.01474	0.65329	0.03646	0.04887	0.01862	0.01862	0.01319	0.00931	0.00776	0.00233	0.00853	0.00698	0.00776	0.01319
18	0.00953	0.00678	0.00897	0.01068	0.01111	0.00636	0.00708	0.01082	0.01467	0.01957	0.04186	0.69044	0.05018	0.05780	0.01131	0.00336	0.00464	0.02153	0.00708	0.00622
19	0.01132	0.00867	0.01293	0.01279	0.01412	0.01028	0.01000	0.01405	0.01244	0.01803	0.02033	0.02990	0.01900	0.05629	0.66877	0.01208	0.04966	0.00824	0.00412	0.00699
20	0.02073	0.73217	0.04063	0.01327	0.01990	0.03068	0.01327	0.02322	0.01575	0.01824	0.01078	0.01244	0.00995	0.00663	0.00498	0.00166	0.00829	0.00415	0.00332	0.00995
21	0.01919	0.01842	0.03147	0.04759	0.67914	0.01842	0.02380	0.02380	0.01765	0.02533	0.01458	0.01919	0.01228	0.00691	0.00768	0.00230	0.00921	0.00691	0.00384	0.01228
22	0.01984	0.01985	0.03024	0.07664	0.59102	0.07870	0.02290	0.02424	0.01794	0.02450	0.01431	0.01880	0.01198	0.00704	0.00762	0.00229	0.00969	0.00674	0.00383	0.01181
23	0.01683	0.01799	0.03611	0.29239	0.04458	0.01888	0.38033	0.02263	0.01694	0.02263	0.01471	0.02064	0.01114	0.00732	0.00934	0.00264	0.04336	0.00817	0.00371	0.00966
24	0.01953	0.01945	0.02994	0.10818	0.56788	0.07198	0.02288	0.02398	0.01779	0.02430	0.01430	0.01892	0.01192	0.00707	0.00763	0.00231	0.00970	0.00676	0.00381	0.01167
25	0.78228	0.01499	0.01140	0.01020	0.01499	0.01739	0.00840	0.02279	0.01320	0.03479	0.01080	0.01260	0.00840	0.00720	0.00480	0.00240	0.00600	0.00420	0.00480	0.00840
26	0.01895	0.01818	0.03105	0.08193	0.64665	0.01836	0.02368	0.02359	0.01754	0.02504	0.01454	0.01927	0.01218	0.00695	0.00768	0.00232	0.00927	0.00691	0.00382	0.01209
27	0.00916	0.00785	0.00785	0.00785	0.01047	0.00655	0.00589	0.01113	0.01767	0.02095	0.07855	0.07462	0.67599	0.01964	0.00916	0.00262	0.00393	0.01636	0.00720	0.00655
28	0.02002	0.24668	0.31695	0.01833	0.02662	0.08126	0.04346	0.02554	0.01752	0.08339	0.04161	0.01776	0.01342	0.00772	0.00678	0.00217	0.01001	0.00584	0.00418	0.01073
29	0.03173	0.01519	0.01836	0.01437	0.01996	0.04538	0.01174	0.13004	0.02435	0.50144	0.08116	0.02722	0.02230	0.00999	0.00786	0.00237	0.00700	0.00805	0.00896	0.01251
30	0.01897	0.01834	0.03178	0.07388	0.62505	0.01843	0.05178	0.02368	0.01760	0.02508	0.01460	0.01933	0.01218	0.00693	0.00775	0.00233	0.00943	0.00701	0.00383	0.01205
31	0.02067	0.70408	0.03972	0.01337	0.01991	0.03023	0.01323	0.02392	0.04125	0.01880	0.01160	0.01309	0.01049	0.00679	0.00509	0.00170	0.00821	0.00433	0.00350	0.01004
32	0.00956	0.00683	0.00910	0.01072	0.01127	0.00637	0.00721	0.01108	0.01536	0.02062	0.08880	0.67403	0.05288	0.02368	0.00984	0.00310	0.00444	0.02146	0.00729	0.00637
33	0.00956	0.00796	0.00841	0.00855	0.01106	0.00681	0.00658	0.01176	0.01789	0.02163	0.10287	0.07506	0.58788	0.01963	0.00931	0.00270	0.00422	0.07421	0.00726	0.00664
34	0.01929	0.01666	0.01753	0.01578	0.02016	0.01929	0.01227	0.04120	0.66513	0.03243	0.03156	0.02893	0.02367	0.01052	0.00789	0.00263	0.00614	0.00877	0.00789	0.01227
35	0.01097	0.00793	0.01036	0.00975	0.01158	0.00732	0.00732	0.01463	0.02195	0.03109	0.67505	0.05792	0.07316	0.01585	0.00914	0.00244	0.00366	0.01402	0.00854	0.00732
36	0.01249	0.00892	0.01249	0.01428	0.01606	0.00892	0.01249	0.01606	0.01785	0.02320	0.04105	0.08746	0.04462	0.02142	0.01071	0.00357	0.00714	0.62695	0.00714	0.00714
37	0.01464	0.01378	0.02326	0.70887	0.05340	0.01723	0.02153	0.01981	0.01550	0.01981	0.01378	0.02067	0.01034	0.00775	0.00775	0.00258	0.01034	0.00689	0.00345	0.00861
38	0.01604	0.00875	0.00892	0.00835	0.01062	0.00900	0.00640	0.08504	0.01839	0.03101	0.02459	0.02782	0.01917	0.00906	0.00567	0.00186	0.00413	0.00720	0.69013	0.00786
39	0.00945	0.00675	0.00900	0.01080	0.01125	0.00630	0.00720	0.01080	0.01484	0.01979	0.04274	0.72245	0.05128	0.02429	0.00990	0.00315	0.00450	0.02204	0.00720	0.00630
40	0.78228	0.01499	0.01140	0.01020	0.01499	0.01739	0.00840	0.02279	0.01320	0.03479	0.01080	0.01260	0.00840	0.00720	0.00480	0.00240	0.00600	0.00420	0.00480	0.00840
41	0.02054	0.01676	0.01785	0.01579	0.02035	0.01916	0.01236	0.07283	0.60243	0.06377	0.03084	0.02827	0.02292	0.01041	0.00788	0.00260	0.00628	0.00863	0.00796	0.01236
42	0.02840	0.02068	0.02212	0.01708	0.02297	0.02284	0.01407	0.60795	0.03501	0.04744	0.01909	0.01935	0.01366	0.00929	0.00759	0.00229	0.00818	0.00700	0.06220	0.01276
43	0.01608	0.01378	0.01608	0.01148	0.01837	0.01034	0.00919	0.01952	0.01608	0.02527	0.01378	0.01608	0.01148	0.00574	0.00574	0.00115	0.00574	0.00459	0.00459	0.77491
44	0.01929	0.01666	0.01753	0.01578	0.02016	0.01929	0.01227	0.04120	0.66513	0.03243	0.03156	0.02893	0.02367	0.01052	0.00789	0.00263	0.00614	0.00877	0.00789	0.01227
45	0.01184	0.00912	0.01185	0.01144	0.01230	0.01007	0.00815	0.01320	0.01262	0.01762	0.02572	0.12962	0.05130	0.30525	0.20505	0.00723	0.09910	0.01124	0.00482	0.04246
46	0.54564	0.01930	0.01494	0.01291	0.01783	0.11623	0.01042	0.13137	0.01842	0.03491	0.01230	0.01382	0.00944	0.00767	0.00562	0.00233	0.00758	0.00479	0.00519	0.00930
47	0.01555	0.04011	0.68733	0.02210	0.03356	0.01801	0.02865	0.02455	0.01637	0.02455	0.01391	0.01637	0.00982	0.00737	0.00737	0.00246	0.01146	0.00573	0.00327	0.01146
48	0.00976	0.00788	0.00868	0.00848	0.01084	0.00680	0.00636	0.01229	0.01909	0.02430	0.27580	0.06910	0.47665	0.01838	0.00916	0.00256	0.00384	0.01559	0.00764	0.00680
49	0.01774	0.33758	0.37680	0.05075	0.02860	0.02344	0.02167	0.02375	0.01606	0.02161	0.01255	0.01488	0.00990	0.00707	0.00635	0.00212	0.01004	0.00510	0.00330	0.01067
50	0.01464	0.01378	0.02326	0.70887	0.05340	0.01723	0.02153	0.01981	0.01550	0.01981	0.01378	0.02067	0.01034	0.00775	0.00775	0.00258	0.01034	0.00689	0.00345	0.00861
51	0.01696	0.01696	0.02375	0.02036	0.02036	0.02375	0.01696	0.01866	0.01187	0.01866	0.01018	0.01696	0.01018	0.01357	0.02545	0.00339	0.71332	0.00679	0.00339	0.00848
52	0.00945	0.00675	0.00900	0.01080	0.01125	0.00630	0.00720	0.01080	0.01484	0.01979	0.04274	0.72245	0.05128	0.02429	0.00990	0.00315	0.00450	0.02204	0.00720	0.00630
53	0.01834	0.02080	0.04508	0.03338	0.07037	0.01955	0.62166	0.02479	0.01827	0.02486	0.01563	0.02083	0.01179	0.00655	0.00908	0.00260	0.01289	0.00905	0.00392	0.01054
54	0.01082	0.00792	0.01015	0.00960	0.01149	0.00725	0.00720	0.01434	0.02159	0.03024	0.62502	0.05932	0.12372	0.01617	0.00915	0.00245	0.00368	0.01422	0.00842	0.00725
55	0.01707	0.01727	0.02543	0.02130	0.02190	0.02343	0.06542	0.01913	0.01237	0.01913	0.01060	0.01727	0.01030	0.01303	0.02420	0.00333	0.65980	0.00697	0.00343	0.00863
56	0.01919	0.01842	0.03147	0.04759	0.67914	0.01842	0.02380	0.02380	0.01765	0.02533	0.01458	0.01919	0.01228	0.00691	0.00768	0.00230	0.00921	0.00691	0.00384	0.01228
57	0.00934	0.00791	0.00810	0.00819	0.01076	0.00667	0.00623	0.01138	0.01768	0.02106	0.07660	0.07529	0.64321	0.01973	0.00924	0.00267	0.00409	0.04807	0.00720	0.00658
58	0.11084	0.33801	0.26557	0.01769	0.05557	0.02324	0.01858	0.02424	0.01601	0.04887	0.01285	0.01472	0.01019	0.00709	0.00604	0.00209	0.00912	0.00499	0.00375	0.01054

[dist]
# distance from previous block
# <min> <max>
0	30

[block]
# block no. 1 follows, 25 sequences, length 94
# corresponding to MSA columns:
# 124-217
name=unknown_B
#
# <colnr> <probs for GDERKNQSTAVLIFYWHMCP>
#	G	D	E	R	K	N	Q	S	T	A	V	L	I	F	Y	W	H	M	C	P
0	0.01919	0.01842	0.03147	0.04759	0.67914	0.01842	0.02380	0.02380	0.01765	0.02533	0.01458	0.01919	0.01228	0.00691	0.00768	0.00230	0.00921	0.00691	0.00384	0.01228
1	0.02271	0.01982	0.02234	0.02415	0.17963	0.09076	0.01580	0.15876	0.26428	0.05830	0.02311	0.02503	0.01798	0.00951	0.00782	0.00245	0.00824	0.03084	0.00652	0.01196
2	0.70811	0.04350	0.01295	0.01053	0.01547	0.01757	0.00877	0.02369	0.01382	0.07219	0.01196	0.01340	0.00909	0.00732	0.00498	0.00237	0.00612	0.00441	0.00502	0.00874
3	0.01719	0.03786	0.62321	0.02146	0.03241	0.01788	0.02712	0.05067	0.01751	0.06234	0.01503	0.01702	0.01048	0.00757	0.00741	0.00245	0.01107	0.00590	0.00381	0.01163
4	0.00979	0.00706	0.00926	0.01044	0.01129	0.00654	0.00717	0.01169	0.01659	0.02243	0.18911	0.54393	0.08156	0.02217	0.00969	0.00296	0.00428	0.01997	0.00750	0.00654
5	0.02073	0.73217	0.04063	0.01327	0.01990	0.03068	0.01327	0.02322	0.01575	0.01824	0.01078	0.01244	0.00995	0.00663	0.00498	0.00166	0.00829	0.00415	0.00332	0.00995
6	0.01128	0.00752	0.00846	0.00846	0.00846	0.00752	0.00470	0.01128	0.01128	0.01503	0.02443	0.05074	0.02819	0.72751	0.03946	0.00752	0.00752	0.01128	0.00470	0.00470
7	0.02947	0.02172	0.02327	0.01784	0.02404	0.02404	0.01474	0.65329	0.03646	0.04887	0.01862	0.01862	0.01319	0.00931	0.00776	0.00233	0.00853	0.00698	0.00776	0.01319
8	0.01943	0.01654	0.01756	0.01580	0.02015	0.01905	0.01239	0.06598	0.61130	0.03274	0.03141	0.03096	0.02411	0.01093	0.00800	0.00266	0.00628	0.03476	0.00785	0.01209
9	0.01128	0.00752	0.00846	0.00846	0.00846	0.00752	0.00470	0.01128	0.01128	0.01503	0.02443	0.05074	0.02819	0.72751	0.03946	0.00752	0.00752	0.01128	0.00470	0.00470
10	0.00945	0.00675	0.00900	0.01080	0.01125	0.00630	0.00720	0.01080	0.01484	0.01979	0.04274	0.72245	0.05128	0.02429	0.00990	0.00315	0.00450	0.02204	0.00720	0.00630
11	0.01988	0.01743	0.01768	0.01576	0.02017	0.04646	0.01228	0.07548	0.57735	0.03241	0.03182	0.02948	0.04764	0.01070	0.00789	0.00259	0.00651	0.00880	0.00770	0.01197
12	0.01217	0.00882	0.01205	0.01366	0.01553	0.00870	0.01186	0.01559	0.01783	0.02299	0.04466	0.08622	0.10543	0.02125	0.01056	0.00348	0.00683	0.56815	0.00715	0.00708
13	0.01236	0.00888	0.01231	0.01403	0.01584	0.00883	0.01223	0.01587	0.01784	0.02311	0.04253	0.08695	0.06957	0.02135	0.01065	0.00353	0.00701	0.60283	0.00714	0.00712
14	0.01696	0.01696	0.02375	0.02036	0.02036	0.02375	0.01696	0.01866	0.01187	0.01866	0.01018	0.01696	0.01018	0.01357	0.02545	0.00339	0.71332	0.00679	0.00339	0.00848
15	0.01464	0.01378	0.02326	0.70887	0.05340	0.01723	0.02153	0.01981	0.01550	0.01981	0.01378	0.02067	0.01034	0.00775	0.00775	0.00258	0.01034	0.00689	0.00345	0.00861
16	0.01830	0.02092	0.04575	0.03268	0.04052	0.01961	0.65098	0.02484	0.01830	0.02484	0.01569	0.02092	0.01176	0.00654	0.00915	0.00261	0.01307	0.00915	0.00392	0.01046
17	0.01215	0.00929	0.01221	0.01394	0.03898	0.00905	0.01125	0.01603	0.04138	0.02305	0.04911	0.07963	0.20047	0.02005	0.01011	0.00325	0.00638	0.42923	0.00706	0.00737
18	0.01830	0.02092	0.04575	0.03268	0.04052	0.01961	0.65098	0.02484	0.01830	0.02484	0.01569	0.02092	0.01176	0.00654	0.00915	0.00261	0.01307	0.00915	0.00392	0.01046
19	0.01830	0.02092	0.04575	0.03268	0.04052	0.01961	0.65098	0.02484	0.01830	0.02484	0.01569	0.02092	0.01176	0.00654	0.00915	0.00261	0.01307	0.00915	0.00392	0.01046
20	0.01555	0.04011	0.68733	0.02210	0.03356	0.01801	0.02865	0.02455	0.01637	0.02455	0.01391	0.01637	0.00982	0.00737	0.00737	0.00246	0.01146	0.00573	0.00327	0.01146
21	0.02073	0.73217	0.04063	0.01327	0.01990	0.03068	0.01327	0.02322	0.01575	0.01824	0.01078	0.01244	0.00995	0.00663	0.00498	0.00166	0.00829	0.00415	0.00332	0.00995
22	0.01608	0.01378	0.01608	0.01148	0.01837	0.01034	0.00919	0.01952	0.01608	0.02527	0.01378	0.01608	0.01148	0.00574	0.00574	0.00115	0.00574	0.00459	0.00459	0.77491
23	0.06077	0.01927	0.06169	0.04433	0.61198	0.01835	0.02318	0.02378	0.01735	0.02581	0.01435	0.01869	0.01195	0.00695	0.00750	0.00232	0.00914	0.00670	0.00386	0.01203
24	0.02517	0.01821	0.01795	0.01545	0.02014	0.12126	0.01213	0.03698	0.32562	0.23509	0.06591	0.02751	0.02304	0.01015	0.00779	0.00245	0.00735	0.00818	0.00786	0.01176
25	0.01555	0.04011	0.68733	0.02210	0.03356	0.01801	0.02865	0.02455	0.01637	0.02455	0.01391	0.01637	0.00982	0.00737	0.00737	0.00246	0.01146	0.00573	0.00327	0.01146
26	0.00916	0.00785	0.00785	0.00785	0.01047	0.00655	0.00589	0.01113	0.01767	0.02095	0.07855	0.07462	0.67599	0.01964	0.00916	0.00262	0.00393	0.01636	0.00720	0.00655
27	0.01212	0.00866	0.01078	0.01231	0.01298	0.00788	0.00815	0.01268	0.01611	0.02174	0.04307	0.66550	0.05085	0.05879	0.01220	0.00376	0.00551	0.02164	0.00777	0.00752
28	0.01567	0.03930	0.66028	0.02255	0.03385	0.01807	0.05489	0.02457	0.01645	0.02457	0.01399	0.01656	0.00990	0.00733	0.00744	0.00246	0.01153	0.00587	0.00330	0.01142
29	0.03479	0.01320	0.01799	0.01380	0.01979	0.01140	0.01140	0.03779	0.02219	0.68451	0.03059	0.02639	0.01919	0.00960	0.00780	0.00240	0.00660	0.00780	0.00960	0.01320
30	0.01092	0.00766	0.01000	0.01133	0.01210	0.00747	0.00829	0.01264	0.01491	0.01968	0.03747	0.34159	0.04315	0.20462	0.01778	0.00441	0.00614	0.21715	0.00653	0.00616
31	0.01490	0.01377	0.02305	0.64004	0.08815	0.01687	0.02097	0.01997	0.01566	0.02052	0.01432	0.02094	0.01086	0.00776	0.00765	0.00253	0.00998	0.00691	0.03637	0.00877
32	0.01249	0.00892	0.01249	0.01428	0.01606	0.00892	0.01249	0.01606	0.01785	0.02320	0.04105	0.08746	0.04462	0.02142	0.01071	0.00357	0.00714	0.62695	0.00714	0.00714
33	0.01884	0.01627	0.01711	0.01543	0.01973	0.01872	0.01199	0.03987	0.63655	0.03193	0.03363	0.03095	0.05247	0.01092	0.00795	0.00263	0.00604	0.00910	0.00786	0.01202
34	0.02073	0.73217	0.04063	0.01327	0.01990	0.03068	0.01327	0.02322	0.01575	0.01824	0.01078	0.01244	0.00995	0.00663	0.00498	0.00166	0.00829	0.00415	0.00332	0.00995
35	0.01882	0.01804	0.03080	0.10163	0.62801	0.01832	0.02361	0.02347	0.01748	0.02488	0.01452	0.01931	0.01212	0.00698	0.00768	0.00233	0.00930	0.00691	0.00381	0.01198
36	0.01815	0.02048	0.04330	0.03131	0.03828	0.02007	0.58040	0.02415	0.01759	0.02415	0.01507	0.02048	0.01159	0.00732	0.01096	0.00270	0.09102	0.00889	0.00386	0.01024
37	0.01972	0.01944	0.03095	0.04608	0.64329	0.05551	0.02331	0.02419	0.01789	0.02498	0.01444	0.01891	0.01216	0.00697	0.00764	0.00229	0.00947	0.00680	0.00385	0.01210
38	0.01878	0.01801	0.03073	0.10705	0.62288	0.01832	0.02359	0.02344	0.01746	0.02483	0.01451	0.01932	0.01211	0.00698	0.00768	0.00233	0.00931	0.00691	0.00380	0.01195
39	0.78228	0.01499	0.01140	0.01020	0.01499	0.01739	0.00840	0.02279	0.01320	0.03479	0.01080	0.01260	0.00840	0.00720	0.00480	0.00240	0.00600	0.00420	0.00480	0.00840
40	0.01289	0.01005	0.01430	0.01341	0.01540	0.01137	0.03440	0.04249	0.07529	0.02061	0.02184	0.03129	0.02004	0.10989	0.51812	0.01030	0.01740	0.00860	0.00469	0.00762
41	0.00916	0.00785	0.00785	0.00785	0.01047	0.00655	0.00589	0.01113	0.01767	0.02095	0.07855	0.07462	0.67599	0.01964	0.00916	0.00262	0.00393	0.01636	0.00720	0.00655
42	0.01537	0.01733	0.07025	0.02399	0.02981	0.01489	0.37570	0.02029	0.01700	0.02338	0.02335	0.22551	0.02319	0.01172	0.00900	0.00265	0.00989	0.01236	0.00489	0.06942
43	0.03479	0.01320	0.01799	0.01380	0.01979	0.01140	0.01140	0.03779	0.02219	0.68451	0.03059	0.02639	0.01919	0.00960	0.00780	0.00240	0.00660	0.00780	0.00960	0.01320
44	0.02928	0.02084	0.02258	0.01744	0.02353	0.02289	0.01436	0.57582	0.07051	0.09271	0.02018	0.01974	0.01419	0.00940	0.00777	0.00235	0.00826	0.00714	0.00789	0.01314
45	0.01555	0.04011	0.68733	0.02210	0.03356	0.01801	0.02865	0.02455	0.01637	0.02455	0.01391	0.01637	0.00982	0.00737	0.00737	0.00246	0.01146	0.00573	0.00327	0.01146
46	0.00945	0.00675	0.00900	0.01080	0.01125	0.00630	0.00720	0.01080	0.01484	0.01979	0.04274	0.72245	0.05128	0.02429	0.00990	0.00315	0.00450	0.02204	0.00720	0.00630
47	0.01489	0.01404	0.02371	0.67269	0.08764	0.01729	0.02166	0.02003	0.01562	0.02011	0.01383	0.02059	0.01044	0.00771	0.00775	0.00257	0.01027	0.00689	0.00347	0.00881
48	0.03364	0.01345	0.01796	0.01394	0.01982	0.01198	0.01146	0.03804	0.06988	0.63615	0.03066	0.02658	0.01953	0.00967	0.00780	0.00242	0.00656	0.00787	0.00947	0.01313
49	0.01919	0.01842	0.03147	0.04759	0.67914	0.01842	0.02380	0.02380	0.01765	0.02533	0.01458	0.01919	0.01228	0.00691	0.00768	0.00230	0.00921	0.00691	0.00384	0.01228
50	0.00945	0.00675	0.00900	0.01080	0.01125	0.00630	0.00720	0.01080	0.01484	0.01979	0.04274	0.72245	0.05128	0.02429	0.00990	0.00315	0.00450	0.02204	0.00720	0.00630
51	0.01929	0.01666	0.01753	0.01578	0.02016	0.01929	0.01227	0.04120	0.66513	0.03243	0.03156	0.02893	0.02367	0.01052	0.00789	0.00263	0.00614	0.00877	0.00789	0.01227
52	0.24133	0.01421	0.01662	0.01880	0.12181	0.01548	0.01317	0.05898	0.12534	0.02991	0.02516	0.04112	0.02364	0.01246	0.00786	0.00280	0.00704	0.20868	0.00609	0.00951
53	0.00975	0.00696	0.00934	0.01114	0.01172	0.00656	0.00772	0.01131	0.01514	0.02013	0.04257	0.66024	0.05063	0.02401	0.00998	0.00319	0.00476	0.08130	0.00719	0.00638
54	0.78228	0.01499	0.01140	0.01020	0.01499	0.01739	0.00840	0.02279	0.01320	0.03479	0.01080	0.01260	0.00840	0.00720	0.00480	0.00240	0.00600	0.00420	0.00480	0.00840
55	0.01555	0.04011	0.68733	0.02210	0.03356	0.01801	0.02865	0.02455	0.01637	0.02455	0.01391	0.01637	0.00982	0.00737	0.00737	0.00246	0.01146	0.00573	0.00327	0.01146
56	0.01919	0.01842	0.03147	0.04759	0.67914	0.01842	0.02380	0.02380	0.01765	0.02533	0.01458	0.01919	0.01228	0.00691	0.00768	0.00230	0.00921	0.00691	0.00384	0.01228
57	0.00945	0.00675	0.00900	0.01080	0.01125	0.00630	0.00720	0.01080	0.01484	0.01979	0.04274	0.72245	0.05128	0.02429	0.00990	0.00315	0.00450	0.02204	0.00720	0.00630
58	0.01984	0.01693	0.01785	0.01589	0.02037	0.01955	0.01241	0.07469	0.63074	0.03333	0.03085	0.02836	0.02310	0.01045	0.00788	0.00261	0.00627	0.00867	0.00788	0.01232
59	0.02404	0.29081	0.05302	0.01719	0.02212	0.36088	0.01466	0.02653	0.01891	0.01938	0.03827	0.01544	0.01253	0.00810	0.00738	0.00199	0.05037	0.00517	0.00387	0.00934
60	0.01960	0.01768	0.02993	0.11053	0.58176	0.01792	0.02290	0.02417	0.01769	0.06086	0.01538	0.01973	0.01247	0.00714	0.00769	0.00234	0.00918	0.00696	0.00411	0.01197
61	0.01555	0.04011	0.68733	0.02210	0.03356	0.01801	0.02865	0.02455	0.01637	0.02455	0.01391	0.01637	0.00982	0.00737	0.00737	0.00246	0.01146	0.00573	0.00327	0.01146
62	0.01097	0.00793	0.01036	0.00975	0.01158	0.00732	0.00732	0.01463	0.02195	0.03109	0.67505	0.05792	0.07316	0.01585	0.00914	0.00244	0.00366	0.01402	0.00854	0.00732
63	0.02073	0.73217	0.04063	0.01327	0.01990	0.03068	0.01327	0.02322	0.01575	0.01824	0.01078	0.01244	0.00995	0.00663	0.00498	0.00166	0.00829	0.00415	0.00332	0.00995
64	0.01810	0.26554	0.44602	0.01884	0.02848	0.02186	0.02285	0.02470	0.01643	0.05163	0.01362	0.01552	0.01028	0.00722	0.00660	0.00219	0.01021	0.00530	0.00357	0.01104
65	0.00945	0.00675	0.00900	0.01080	0.01125	0.00630	0.00720	0.01080	0.01484	0.01979	0.04274	0.72245	0.05128	0.02429	0.00990	0.00315	0.00450	0.02204	0.00720	0.00630
66	0.01128	0.00752	0.00846	0.00846	0.00846	0.00752	0.00470	0.01128	0.01128	0.01503	0.02443	0.05074	0.02819	0.72751	0.03946	0.00752	0.00752	0.01128	0.00470	0.00470
67	0.01776	0.01696	0.02889	0.25543	0.48247	0.01805	0.02308	0.02254	0.01698	0.02360	0.01433	0.01966	0.01167	0.00717	0.00770	0.00239	0.00956	0.00690	0.00371	0.01113
68	0.01555	0.04011	0.68733	0.02210	0.03356	0.01801	0.02865	0.02455	0.01637	0.02455	0.01391	0.01637	0.00982	0.00737	0.00737	0.00246	0.01146	0.00573	0.00327	0.01146
69	0.11158	0.01351	0.01729	0.01350	0.01931	0.01231	0.01112	0.03636	0.04498	0.59320	0.02858	0.02506	0.01824	0.00938	0.00749	0.00241	0.00652	0.00746	0.00904	0.01266
70	0.02744	0.03442	0.02220	0.02002	0.02351	0.61110	0.01523	0.02940	0.02069	0.01894	0.01176	0.01436	0.01001	0.00870	0.00933	0.00217	0.10265	0.00522	0.00392	0.00892
71	0.01040	0.00790	0.00956	0.00915	0.01123	0.00707	0.00686	0.01351	0.02058	0.02786	0.48486	0.06324	0.26537	0.01706	0.00915	0.00250	0.00374	0.01477	0.00811	0.00707
72	0.21378	0.01675	0.02492	0.15189	0.40134	0.01795	0.01946	0.02285	0.01614	0.02680	0.01348	0.01776	0.01095	0.00713	0.00695	0.00238	0.00858	0.00621	0.00402	0.01066
73	0.02336	0.01819	0.02089	0.09388	0.02549	0.01874	0.01367	0.37191	0.02734	0.03777	0.01647	0.01801	0.01230	0.00795	0.00709	0.00197	0.00781	0.00618	0.00622	0.26476
74	0.02619	0.27148	0.02827	0.01771	0.02260	0.47181	0.01440	0.02835	0.01987	0.01873	0.01158	0.01346	0.00997	0.00753	0.00631	0.00188	0.01206	0.00471	0.00377	0.00931
75	0.78228	0.01499	0.01140	0.01020	0.01499	0.01739	0.00840	0.02279	0.01320	0.03479	0.01080	0.01260	0.00840	0.00720	0.00480	0.00240	0.00600	0.00420	0.00480	0.00840
76	0.01230	0.01003	0.01299	0.01497	0.08869	0.00988	0.00985	0.01745	0.10052	0.02477	0.17539	0.20045	0.19533	0.01878	0.03413	0.00308	0.00568	0.05056	0.00706	0.00808
77	0.01027	0.00790	0.00938	0.00901	0.01115	0.00701	0.00676	0.01326	0.02028	0.02712	0.44178	0.06445	0.30891	0.01733	0.00915	0.00251	0.00376	0.01494	0.00801	0.00701
78	0.02200	0.05354	0.02493	0.10619	0.11023	0.30682	0.04064	0.02487	0.01774	0.01997	0.01262	0.01697	0.01083	0.01103	0.04061	0.00286	0.15902	0.00610	0.00376	0.00926
79	0.01108	0.00831	0.01246	0.01246	0.01385	0.00969	0.00969	0.01385	0.01246	0.01800	0.02077	0.03046	0.01938	0.05815	0.69678	0.01246	0.02077	0.00831	0.00415	0.00692
80	0.01593	0.03786	0.61945	0.02474	0.10038	0.01805	0.02815	0.02448	0.01650	0.02464	0.01398	0.01666	0.01008	0.00732	0.00740	0.00244	0.01123	0.00585	0.00333	0.01154
81	0.01799	0.09733	0.48595	0.02336	0.08537	0.01875	0.06020	0.02543	0.01699	0.07619	0.01510	0.01730	0.01089	0.00739	0.00731	0.00238	0.01069	0.00604	0.00386	0.01147
82	0.01128	0.00752	0.00846	0.00846	0.00846	0.00752	0.00470	0.01128	0.01128	0.01503	0.02443	0.05074	0.02819	0.72751	0.03946	0.00752	0.00752	0.01128	0.00470	0.00470
83	0.02078	0.01632	0.01758	0.01559	0.02013	0.01853	0.01219	0.04087	0.60334	0.09511	0.03147	0.02868	0.02324	0.01043	0.00788	0.00261	0.00618	0.00867	0.00805	0.01236
84	0.01783	0.01941	0.09570	0.27341	0.13629	0.01795	0.23826	0.02363	0.01725	0.06174	0.01555	0.02046	0.01158	0.00728	0.00819	0.00253	0.01100	0.00761	0.00401	0.01032
85	0.01235	0.00888	0.01229	0.01400	0.01582	0.00882	0.01220	0.01585	0.01784	0.02310	0.04271	0.08689	0.07250	0.02134	0.01064	0.00353	0.00700	0.59999	0.00714	0.00711
86	0.01088	0.00786	0.01028	0.00982	0.01156	0.00726	0.00731	0.01441	0.02153	0.03043	0.63801	0.09685	0.07188	0.01635	0.00919	0.00248	0.00371	0.01449	0.00846	0.00726
87	0.01929	0.01666	0.01753	0.01578	0.02016	0.01929	0.01227	0.04120	0.66513	0.03243	0.03156	0.02893	0.02367	0.01052	0.00789	0.00263	0.00614	0.00877	0.00789	0.01227
88	0.00945	0.00675	0.00900	0.01080	0.01125	0.00630	0.00720	0.01080	0.01484	0.01979	0.04274	0.72245	0.05128	0.02429	0.00990	0.00315	0.00450	0.02204	0.00720	0.00630
89	0.01608	0.01378	0.01608	0.01148	0.01837	0.01034	0.00919	0.01952	0.01608	0.02527	0.01378	0.01608	0.01148	0.00574	0.00574	0.00115	0.00574	0.00459	0.00459	0.77491
90	0.01680	0.01428	0.01644	0.01204	0.01871	0.01152	0.00962	0.04326	0.06789	0.02665	0.01535	0.01718	0.01250	0.00624	0.00598	0.00131	0.00587	0.00501	0.00496	0.68838
91	0.01109	0.00814	0.01047	0.00974	0.01179	0.00740	0.00732	0.01466	0.02155	0.03044	0.62489	0.05708	0.09672	0.01564	0.00902	0.00240	0.00375	0.01377	0.00833	0.03581
92	0.02073	0.73217	0.04063	0.01327	0.01990	0.03068	0.01327	0.02322	0.01575	0.01824	0.01078	0.01244	0.00995	0.00663	0.00498	0.00166	0.00829	0.00415	0.00332	0.00995
93	0.01108	0.00831	0.01246	0.01246	0.01385	0.00969	0.00969	0.01385	0.01246	0.01800	0.02077	0.03046	0.01938	0.05815	0.69678	0.01246	0.02077	0.00831	0.00415	0.00692

[dist]
# distance from previous block
# <min> <max>
0	0

# created by:
# /st0/software/busco_prod/Augustus/scripts/msa2prfl.pl ./align_prep/123296.fa
