[name]
unknown

[dist]
# distance from previous block
# <min> <max>
3	11

[block]
# block no. 0 follows, 25 sequences, length 16
# corresponding to MSA columns:
# 18-33
name=unknown_A
#
# <colnr> <probs for GDERKNQSTAVLIFYWHMCP>
#	G	D	E	R	K	N	Q	S	T	A	V	L	I	F	Y	W	H	M	C	P
0	0.05150	0.43442	0.03599	0.02604	0.26745	0.02553	0.01702	0.02342	0.01636	0.02159	0.01221	0.01498	0.01076	0.00676	0.00598	0.00193	0.00854	0.00519	0.00357	0.01076
1	0.02136	0.01560	0.01716	0.01464	0.01869	0.01709	0.01138	0.23337	0.24917	0.07107	0.02802	0.07007	0.05044	0.07156	0.01238	0.06384	0.00691	0.00930	0.00725	0.01069
2	0.03398	0.01337	0.01797	0.01390	0.01981	0.01181	0.01144	0.03796	0.05555	0.65068	0.03064	0.02652	0.01943	0.00964	0.00780	0.00241	0.00657	0.00785	0.00951	0.01315
3	0.01067	0.00791	0.00995	0.00944	0.01140	0.00719	0.00708	0.01405	0.02124	0.02941	0.57622	0.06069	0.17304	0.01648	0.00915	0.00247	0.00370	0.01441	0.00831	0.00719
4	0.00941	0.00690	0.00884	0.01040	0.01114	0.00633	0.00702	0.01084	0.01522	0.01995	0.04751	0.63601	0.13463	0.02367	0.00980	0.00308	0.00442	0.02128	0.00720	0.00633
5	0.01822	0.02067	0.04441	0.03193	0.03929	0.01986	0.61220	0.02446	0.01791	0.02446	0.01535	0.02067	0.01167	0.00697	0.01015	0.00266	0.05591	0.00901	0.00389	0.01034
6	0.78228	0.01499	0.01140	0.01020	0.01499	0.01739	0.00840	0.02279	0.01320	0.03479	0.01080	0.01260	0.00840	0.00720	0.00480	0.00240	0.00600	0.00420	0.00480	0.00840
7	0.27273	0.01423	0.01617	0.01287	0.01849	0.01399	0.01062	0.06601	0.02009	0.44336	0.02364	0.02158	0.01543	0.00882	0.00684	0.00240	0.00651	0.00661	0.00797	0.01167
8	0.01128	0.00752	0.00846	0.00846	0.00846	0.00752	0.00470	0.01128	0.01128	0.01503	0.02443	0.05074	0.02819	0.72751	0.03946	0.00752	0.00752	0.01128	0.00470	0.00470
9	0.00954	0.00682	0.00908	0.01073	0.01127	0.00636	0.00720	0.01103	0.01528	0.02048	0.08123	0.68199	0.05261	0.02378	0.00985	0.00311	0.00445	0.02155	0.00728	0.00636
10	0.01237	0.00994	0.01502	0.05527	0.01799	0.00986	0.07872	0.06570	0.01704	0.02273	0.03609	0.54649	0.04141	0.02014	0.00951	0.00299	0.00611	0.01850	0.00666	0.00745
11	0.03451	0.01364	0.01827	0.01401	0.02001	0.01205	0.01157	0.06972	0.02293	0.65153	0.02997	0.02599	0.01888	0.00958	0.00780	0.00240	0.00670	0.00775	0.00950	0.01319
12	0.04922	0.32584	0.14342	0.01676	0.02337	0.21318	0.01617	0.05068	0.01868	0.05932	0.01309	0.01459	0.01054	0.00743	0.00621	0.00198	0.01026	0.00497	0.00408	0.01020
13	0.01815	0.01796	0.03240	0.17324	0.44489	0.01840	0.13419	0.02321	0.01735	0.02417	0.01462	0.01978	0.01181	0.00701	0.00795	0.00241	0.01011	0.00730	0.00378	0.01125
14	0.01005	0.00782	0.01108	0.01176	0.01302	0.00721	0.04400	0.01188	0.01560	0.02041	0.04649	0.55668	0.14249	0.02245	0.00978	0.00306	0.00502	0.04758	0.00701	0.00661
15	0.01534	0.00899	0.00965	0.00918	0.01141	0.00951	0.00704	0.05725	0.07038	0.02909	0.02488	0.02848	0.01973	0.01498	0.08754	0.00317	0.00614	0.00747	0.57182	0.00796

[dist]
# distance from previous block
# <min> <max>
0	3

[block]
# block no. 1 follows, 25 sequences, length 29
# corresponding to MSA columns:
# 37-65
name=unknown_B
#
# <colnr> <probs for GDERKNQSTAVLIFYWHMCP>
#	G	D	E	R	K	N	Q	S	T	A	V	L	I	F	Y	W	H	M	C	P
0	0.02386	0.01994	0.06583	0.01593	0.02224	0.01912	0.01373	0.39644	0.05483	0.03987	0.04391	0.02025	0.01562	0.00868	0.00726	0.00207	0.00764	0.00673	0.03489	0.18115
1	0.00945	0.00675	0.00900	0.01080	0.01125	0.00630	0.00720	0.01080	0.01484	0.01979	0.04274	0.72245	0.05128	0.02429	0.00990	0.00315	0.00450	0.02204	0.00720	0.00630
2	0.02935	0.01968	0.02177	0.01687	0.02277	0.02123	0.01386	0.52672	0.03320	0.14655	0.02163	0.05339	0.01594	0.01007	0.00786	0.00238	0.00804	0.00783	0.00802	0.01286
3	0.02707	0.06128	0.02053	0.01537	0.02066	0.04662	0.01255	0.28932	0.09858	0.20291	0.02421	0.06502	0.01827	0.01020	0.00758	0.00235	0.00746	0.00807	0.04999	0.01196
4	0.00978	0.00725	0.00917	0.01030	0.01144	0.00664	0.00729	0.01170	0.01652	0.02173	0.13376	0.46926	0.17497	0.02209	0.00970	0.00298	0.00444	0.05707	0.00737	0.00653
5	0.05071	0.02249	0.08616	0.12854	0.11750	0.10243	0.28338	0.02509	0.04207	0.02413	0.01501	0.01926	0.01154	0.00716	0.00803	0.00243	0.01142	0.00740	0.00400	0.03124
6	0.01919	0.01842	0.03147	0.04759	0.67914	0.01842	0.02380	0.02380	0.01765	0.02533	0.01458	0.01919	0.01228	0.00691	0.00768	0.00230	0.00921	0.00691	0.00384	0.01228
7	0.07284	0.02216	0.21991	0.01622	0.02359	0.01510	0.01651	0.10800	0.02132	0.33036	0.02257	0.02170	0.01500	0.00871	0.00735	0.00237	0.00810	0.00682	0.04933	0.01205
8	0.01997	0.63092	0.13524	0.01456	0.02190	0.02883	0.01552	0.02341	0.01584	0.01917	0.01124	0.01301	0.00993	0.00674	0.00532	0.00177	0.00876	0.00438	0.00331	0.01017
9	0.01347	0.00673	0.01010	0.01010	0.01010	0.00673	0.00673	0.01010	0.01010	0.01347	0.01347	0.02357	0.01347	0.02694	0.03030	0.77441	0.00673	0.00673	0.00337	0.00337
10	0.05367	0.14304	0.08231	0.01695	0.02296	0.06055	0.01519	0.34463	0.02667	0.06286	0.01806	0.01890	0.03329	0.00917	0.00836	0.00229	0.05700	0.00650	0.00606	0.01154
11	0.01886	0.01601	0.02440	0.36670	0.18607	0.01831	0.01985	0.09305	0.06908	0.06198	0.01668	0.02094	0.01261	0.00825	0.00837	0.00251	0.03405	0.00710	0.00469	0.01048
12	0.01208	0.00821	0.01050	0.00976	0.01191	0.00745	0.00738	0.01551	0.02147	0.06607	0.57019	0.05811	0.14011	0.01594	0.00907	0.00246	0.00385	0.01395	0.00844	0.00755
13	0.56110	0.01589	0.05417	0.01432	0.08243	0.01625	0.01081	0.02240	0.01423	0.03246	0.01321	0.01556	0.01033	0.00741	0.00532	0.00232	0.00635	0.00495	0.10165	0.00883
14	0.04905	0.05211	0.04988	0.18414	0.07399	0.07987	0.05557	0.02091	0.01539	0.02146	0.01488	0.06147	0.01337	0.01014	0.01225	0.00263	0.20067	0.00741	0.04043	0.03437
15	0.01639	0.01408	0.01720	0.01241	0.01913	0.01100	0.03333	0.03912	0.01701	0.02619	0.03837	0.01788	0.01382	0.00625	0.00606	0.00129	0.00603	0.00519	0.00481	0.69446
16	0.00989	0.00788	0.00886	0.00862	0.01092	0.00685	0.00646	0.01253	0.01939	0.02501	0.31747	0.06793	0.43454	0.01812	0.00916	0.00255	0.00382	0.01543	0.00773	0.00685
17	0.01060	0.00732	0.00952	0.01042	0.01154	0.00672	0.00726	0.01259	0.01697	0.04386	0.19414	0.49312	0.10401	0.02147	0.00960	0.00292	0.00432	0.01925	0.00759	0.00678
18	0.01926	0.10547	0.18458	0.06672	0.03412	0.07427	0.29526	0.02511	0.01782	0.05966	0.01588	0.03788	0.01238	0.00758	0.00796	0.00242	0.01148	0.00762	0.00409	0.01043
19	0.03374	0.01400	0.01839	0.01419	0.02014	0.01270	0.01169	0.08581	0.04946	0.60853	0.02970	0.02589	0.01891	0.00961	0.00780	0.00240	0.00673	0.00777	0.00938	0.01316
20	0.01031	0.00763	0.00965	0.00998	0.01154	0.00698	0.00732	0.01300	0.01894	0.02565	0.35481	0.25351	0.16970	0.01924	0.00945	0.00274	0.00414	0.05070	0.00784	0.00688
21	0.07776	0.01665	0.02826	0.26343	0.17280	0.01784	0.16036	0.02494	0.07286	0.06493	0.01670	0.02085	0.01260	0.00761	0.00783	0.00251	0.00979	0.00741	0.00450	0.01037
22	0.01587	0.08266	0.64757	0.02156	0.03272	0.01879	0.02770	0.02447	0.01633	0.02417	0.01372	0.01613	0.00983	0.00732	0.00722	0.00241	0.01126	0.00563	0.00328	0.01137
23	0.01058	0.00864	0.00946	0.00935	0.01176	0.00796	0.00696	0.01483	0.08359	0.02400	0.18876	0.13709	0.42212	0.01847	0.00911	0.00264	0.00416	0.01575	0.00754	0.00725
24	0.01506	0.00920	0.00902	0.00886	0.01080	0.04082	0.00666	0.04003	0.01685	0.02766	0.02527	0.07546	0.02128	0.01386	0.05967	0.00275	0.00568	0.00821	0.59543	0.00743
25	0.49254	0.05881	0.10839	0.06372	0.02239	0.01876	0.04346	0.06613	0.01577	0.03189	0.01220	0.01449	0.00931	0.00734	0.00578	0.00238	0.00769	0.00502	0.00457	0.00934
26	0.09506	0.06698	0.06479	0.02092	0.02575	0.04501	0.24175	0.02077	0.01586	0.02308	0.01903	0.14515	0.01863	0.03924	0.01157	0.00284	0.10006	0.00991	0.00450	0.02907
27	0.14402	0.21262	0.11187	0.03511	0.05373	0.04516	0.01511	0.15654	0.02043	0.06936	0.01627	0.05815	0.01352	0.00871	0.00658	0.00222	0.00836	0.00649	0.00515	0.01060
28	0.06061	0.06215	0.20552	0.12879	0.02984	0.04922	0.08751	0.06617	0.01810	0.06601	0.01831	0.07598	0.01508	0.00910	0.00742	0.00241	0.00936	0.00774	0.07071	0.00997

[dist]
# distance from previous block
# <min> <max>
0	10

[block]
# block no. 2 follows, 25 sequences, length 18
# corresponding to MSA columns:
# 76-93
name=unknown_C
#
# <colnr> <probs for GDERKNQSTAVLIFYWHMCP>
#	G	D	E	R	K	N	Q	S	T	A	V	L	I	F	Y	W	H	M	C	P
0	0.03774	0.04180	0.07495	0.01352	0.01719	0.01319	0.01148	0.10369	0.06754	0.09539	0.14552	0.23608	0.03625	0.01487	0.00897	0.00263	0.02983	0.01265	0.02743	0.00929
1	0.05436	0.10934	0.02309	0.03652	0.02121	0.05945	0.04077	0.11690	0.03500	0.12081	0.01737	0.02005	0.01360	0.01286	0.05611	0.00313	0.17429	0.00669	0.06840	0.01005
2	0.01287	0.00680	0.00999	0.01016	0.01032	0.00672	0.00682	0.01043	0.01131	0.01518	0.05375	0.10588	0.02115	0.02601	0.02678	0.64261	0.00631	0.00890	0.00410	0.00392
3	0.01662	0.01793	0.07971	0.25566	0.30551	0.01722	0.06107	0.02241	0.04439	0.02341	0.01985	0.02412	0.06165	0.00830	0.00789	0.00246	0.00947	0.00774	0.00409	0.01048
4	0.01912	0.01861	0.03252	0.04650	0.63225	0.01851	0.06985	0.02387	0.01770	0.02529	0.01467	0.01932	0.01224	0.00688	0.00778	0.00233	0.00949	0.00707	0.00384	0.01215
5	0.01766	0.01681	0.02794	0.26242	0.38286	0.01816	0.04621	0.02423	0.08059	0.02419	0.01603	0.02070	0.01274	0.00753	0.00778	0.00244	0.00943	0.00717	0.00411	0.01100
6	0.01017	0.00814	0.00916	0.00923	0.01143	0.00732	0.00689	0.01336	0.04570	0.02378	0.21286	0.15156	0.40421	0.01900	0.00925	0.00268	0.00414	0.03664	0.00754	0.00696
7	0.01005	0.00760	0.00928	0.00946	0.01117	0.00683	0.00687	0.01263	0.01888	0.02524	0.33901	0.23245	0.24405	0.01911	0.00934	0.00267	0.00395	0.01676	0.00780	0.00683
8	0.06009	0.00769	0.00747	0.00740	0.00939	0.00783	0.00560	0.01835	0.01608	0.02926	0.02443	0.02794	0.01919	0.00892	0.00538	0.00184	0.00376	0.00705	0.72504	0.00730
9	0.01410	0.00912	0.01089	0.00994	0.01279	0.00826	0.00763	0.01804	0.05613	0.11915	0.32340	0.05818	0.29053	0.01611	0.00889	0.00251	0.00431	0.01374	0.00814	0.00813
10	0.01042	0.00763	0.00978	0.00982	0.01139	0.00699	0.00715	0.01335	0.01980	0.02734	0.46214	0.22147	0.12730	0.01828	0.00933	0.00263	0.00389	0.01621	0.00808	0.00699
11	0.01347	0.00673	0.01010	0.01010	0.01010	0.00673	0.00673	0.01010	0.01010	0.01347	0.01347	0.02357	0.01347	0.02694	0.03030	0.77441	0.00673	0.00673	0.00337	0.00337
12	0.01731	0.01283	0.01472	0.01368	0.01648	0.01361	0.01027	0.24032	0.07442	0.03108	0.03332	0.41828	0.03561	0.01790	0.00898	0.00282	0.00605	0.01566	0.00745	0.00921
13	0.01883	0.01805	0.03082	0.10040	0.62917	0.01833	0.02362	0.02348	0.01748	0.02489	0.01452	0.01931	0.01213	0.00698	0.00768	0.00233	0.00930	0.00691	0.00381	0.01199
14	0.01138	0.00745	0.00961	0.01057	0.01180	0.00678	0.00735	0.01310	0.01626	0.06957	0.09256	0.54075	0.12965	0.02201	0.00959	0.00297	0.00452	0.01969	0.00747	0.00691
15	0.00964	0.00688	0.00922	0.01102	0.01155	0.00646	0.00753	0.01113	0.01503	0.02001	0.04263	0.68250	0.05086	0.02411	0.00995	0.00318	0.00466	0.06009	0.00719	0.00635
16	0.12313	0.10023	0.11825	0.01418	0.01998	0.01824	0.01339	0.21540	0.02236	0.07634	0.01834	0.01971	0.01365	0.00839	0.00644	0.00216	0.00732	0.00621	0.18575	0.01053
17	0.07361	0.01471	0.02070	0.24063	0.11363	0.01639	0.03537	0.06411	0.13419	0.05275	0.08939	0.02928	0.04292	0.00991	0.00788	0.00254	0.00794	0.02840	0.00568	0.00999

[dist]
# distance from previous block
# <min> <max>
0	10

[block]
# block no. 3 follows, 25 sequences, length 69
# corresponding to MSA columns:
# 104-172
name=unknown_D
#
# <colnr> <probs for GDERKNQSTAVLIFYWHMCP>
#	G	D	E	R	K	N	Q	S	T	A	V	L	I	F	Y	W	H	M	C	P
0	0.33508	0.06532	0.23394	0.06305	0.09358	0.01819	0.01781	0.02307	0.01514	0.02817	0.01341	0.01753	0.01070	0.00770	0.00633	0.00241	0.00855	0.02606	0.00411	0.00986
1	0.01595	0.08051	0.53729	0.02324	0.09480	0.01817	0.02580	0.02375	0.01682	0.02465	0.05655	0.01908	0.01417	0.00782	0.00736	0.00239	0.01053	0.00628	0.00367	0.01117
2	0.02259	0.57673	0.03658	0.01461	0.02081	0.13254	0.01363	0.06750	0.01813	0.02045	0.01150	0.01310	0.01018	0.00702	0.00548	0.00176	0.00918	0.00447	0.00372	0.01002
3	0.01164	0.05132	0.01234	0.04069	0.01422	0.00967	0.00827	0.01586	0.06117	0.02601	0.32939	0.05871	0.28019	0.01615	0.00881	0.00251	0.00460	0.03344	0.00743	0.00756
4	0.01745	0.29405	0.45004	0.01886	0.02855	0.02266	0.02300	0.02406	0.01614	0.02224	0.01276	0.01493	0.00987	0.00710	0.00649	0.00216	0.01030	0.00515	0.00329	0.01091
5	0.01636	0.01339	0.04648	0.10445	0.09200	0.01283	0.01307	0.02360	0.14123	0.09016	0.12112	0.05963	0.13710	0.01257	0.00823	0.00254	0.00643	0.03766	0.05159	0.00955
6	0.12557	0.01621	0.02102	0.17735	0.07098	0.03822	0.04015	0.10262	0.06466	0.23578	0.02053	0.02143	0.01429	0.00854	0.00741	0.00244	0.00824	0.00699	0.00643	0.01114
7	0.01347	0.00673	0.01010	0.01010	0.01010	0.00673	0.00673	0.01010	0.01010	0.01347	0.01347	0.02357	0.01347	0.02694	0.03030	0.77441	0.00673	0.00673	0.00337	0.00337
8	0.01646	0.01555	0.02632	0.41490	0.31065	0.01747	0.02220	0.02134	0.01646	0.02219	0.01493	0.02207	0.01217	0.00782	0.00781	0.00250	0.00978	0.02558	0.00372	0.01008
9	0.01576	0.06769	0.66156	0.02175	0.03301	0.01851	0.02803	0.02450	0.01635	0.02430	0.01379	0.01621	0.00983	0.00734	0.00727	0.00242	0.01133	0.00567	0.00328	0.01140
10	0.02739	0.17320	0.02582	0.01840	0.02317	0.48783	0.01461	0.10017	0.02238	0.02223	0.01250	0.01420	0.01034	0.00787	0.00668	0.00197	0.01223	0.00505	0.00429	0.00966
11	0.01787	0.01372	0.01626	0.01171	0.01851	0.01044	0.00940	0.02128	0.01667	0.08857	0.01540	0.01707	0.01222	0.00611	0.00594	0.00127	0.00582	0.00490	0.00507	0.70176
12	0.01100	0.00778	0.00928	0.00994	0.01042	0.00775	0.00627	0.01300	0.05505	0.01821	0.03279	0.33933	0.03787	0.37759	0.02466	0.00532	0.00612	0.01576	0.00598	0.00588
13	0.01128	0.00752	0.00846	0.00846	0.00846	0.00752	0.00470	0.01128	0.01128	0.01503	0.02443	0.05074	0.02819	0.72751	0.03946	0.00752	0.00752	0.01128	0.00470	0.00470
14	0.02490	0.04385	0.02016	0.01476	0.02074	0.01759	0.01215	0.32240	0.02642	0.12707	0.01905	0.01972	0.01398	0.01044	0.03746	0.00242	0.00786	0.00642	0.03724	0.21537
15	0.01453	0.00927	0.01188	0.04267	0.01498	0.00891	0.00869	0.05932	0.01887	0.10612	0.17111	0.33192	0.10835	0.04363	0.01022	0.00293	0.00518	0.01597	0.00755	0.00790
16	0.01767	0.01978	0.04200	0.03050	0.03736	0.01908	0.56834	0.02356	0.01765	0.02411	0.01696	0.06344	0.01407	0.00810	0.01031	0.00270	0.06045	0.00977	0.00409	0.01007
17	0.02777	0.03485	0.06601	0.02032	0.02519	0.55174	0.03856	0.10121	0.02313	0.02295	0.01300	0.01491	0.01040	0.00805	0.00718	0.00209	0.01317	0.00542	0.00437	0.00968
18	0.25463	0.01708	0.01875	0.01513	0.02027	0.01860	0.05037	0.28143	0.04898	0.07684	0.06128	0.06579	0.01874	0.00995	0.00718	0.00244	0.00726	0.00781	0.00675	0.01071
19	0.00967	0.00684	0.00893	0.01051	0.01090	0.00645	0.00689	0.01086	0.01440	0.01921	0.04047	0.63951	0.04843	0.11112	0.01355	0.00369	0.00487	0.02071	0.00689	0.00610
20	0.01608	0.01378	0.01608	0.01148	0.01837	0.01034	0.00919	0.01952	0.01608	0.02527	0.01378	0.01608	0.01148	0.00574	0.00574	0.00115	0.00574	0.00459	0.00459	0.77491
21	0.01960	0.29645	0.26996	0.01943	0.07292	0.02316	0.01954	0.10499	0.01881	0.02541	0.01338	0.01536	0.01058	0.00721	0.00644	0.00205	0.00938	0.00531	0.00399	0.05604
22	0.00991	0.00777	0.00900	0.00911	0.01115	0.00685	0.00678	0.01241	0.01869	0.02417	0.26586	0.15620	0.37324	0.01910	0.00931	0.00267	0.00404	0.03934	0.00763	0.00678
23	0.02911	0.03265	0.02234	0.01937	0.02399	0.50634	0.01491	0.20687	0.02607	0.02742	0.01386	0.01529	0.01089	0.00836	0.00721	0.00209	0.01244	0.00556	0.00506	0.01018
24	0.01574	0.01514	0.02255	0.28559	0.03271	0.01972	0.01790	0.01894	0.01358	0.01950	0.01228	0.01895	0.01074	0.01283	0.04773	0.00335	0.36450	0.00675	0.00353	0.05797
25	0.01976	0.01256	0.01498	0.01296	0.01689	0.01275	0.01015	0.02993	0.25671	0.18394	0.26478	0.03840	0.04017	0.01206	0.00824	0.00245	0.00533	0.01030	0.00840	0.03923
26	0.01097	0.00793	0.01036	0.00975	0.01158	0.00732	0.00732	0.01463	0.02195	0.03109	0.67505	0.05792	0.07316	0.01585	0.00914	0.00244	0.00366	0.01402	0.00854	0.00732
27	0.00979	0.00696	0.00921	0.01089	0.01140	0.00657	0.00741	0.01121	0.01482	0.01971	0.04136	0.63072	0.04922	0.07218	0.01198	0.00348	0.00490	0.06492	0.00702	0.00625
28	0.01043	0.00725	0.00882	0.00967	0.01006	0.00699	0.00614	0.01124	0.01338	0.01769	0.03552	0.34732	0.06825	0.36097	0.02406	0.00523	0.00602	0.03939	0.00600	0.00557
29	0.01573	0.03886	0.64583	0.02278	0.03401	0.01811	0.06891	0.02457	0.01649	0.02457	0.01403	0.01666	0.00995	0.00731	0.00748	0.00247	0.01156	0.00595	0.00332	0.01139
30	0.00976	0.00695	0.00915	0.01052	0.01113	0.00650	0.00707	0.01133	0.01557	0.02100	0.12500	0.59538	0.05281	0.06451	0.01154	0.00331	0.00457	0.02035	0.00723	0.00634
31	0.01066	0.00786	0.00996	0.00954	0.01142	0.00716	0.00712	0.01398	0.02104	0.02920	0.56507	0.09028	0.15438	0.01675	0.00918	0.00250	0.00373	0.01470	0.00829	0.00716
32	0.01869	0.01813	0.03159	0.11166	0.57629	0.01838	0.06415	0.02347	0.01749	0.02476	0.01458	0.01945	0.01206	0.00697	0.00778	0.00235	0.00957	0.00705	0.00380	0.01180
33	0.02853	0.02076	0.02199	0.01716	0.02294	0.04611	0.01404	0.54903	0.03383	0.08738	0.04198	0.04302	0.01671	0.00998	0.00785	0.00235	0.00831	0.00769	0.00775	0.01262
34	0.01684	0.01166	0.01425	0.01395	0.01687	0.01217	0.01126	0.06114	0.18401	0.09247	0.08252	0.15935	0.03803	0.01681	0.00929	0.00299	0.00625	0.23314	0.00772	0.00928
35	0.27352	0.08868	0.05804	0.01624	0.06506	0.01890	0.01316	0.16526	0.02113	0.18460	0.01751	0.01775	0.01244	0.00815	0.00650	0.00231	0.00745	0.00591	0.00626	0.01115
36	0.02341	0.01092	0.01341	0.01120	0.01459	0.01029	0.00845	0.06807	0.01871	0.31303	0.02689	0.03378	0.02166	0.22898	0.01703	0.00385	0.00645	0.00870	0.15108	0.00947
37	0.02746	0.01437	0.01771	0.01427	0.01907	0.01433	0.01145	0.21280	0.02414	0.33802	0.02648	0.07383	0.02027	0.06559	0.07958	0.00380	0.00852	0.00883	0.00800	0.01149
38	0.09242	0.15876	0.02726	0.11903	0.08701	0.06686	0.07385	0.11725	0.04038	0.06597	0.01531	0.01768	0.01182	0.00758	0.00686	0.00216	0.00896	0.00613	0.00489	0.06982
39	0.01246	0.00919	0.01050	0.00972	0.01256	0.00838	0.00741	0.01693	0.07733	0.06476	0.28262	0.05967	0.34013	0.01639	0.00884	0.00249	0.00425	0.01393	0.00779	0.03464
40	0.01117	0.00794	0.01059	0.01059	0.01133	0.00868	0.00736	0.01265	0.01191	0.01662	0.02248	0.03992	0.02349	0.37050	0.39005	0.01015	0.01458	0.00969	0.00441	0.00588
41	0.02682	0.01278	0.01635	0.01328	0.01808	0.01203	0.01069	0.05991	0.10833	0.41411	0.18360	0.03389	0.03237	0.01120	0.00813	0.00244	0.00592	0.00937	0.00904	0.01167
42	0.04551	0.04951	0.26792	0.16422	0.03436	0.05750	0.08286	0.08761	0.01814	0.02532	0.01383	0.01760	0.01046	0.00822	0.00936	0.00253	0.08438	0.00639	0.00394	0.01034
43	0.01014	0.00707	0.00894	0.01015	0.01050	0.00678	0.00656	0.01112	0.01379	0.01836	0.03675	0.48406	0.04358	0.25201	0.01950	0.00458	0.00556	0.03835	0.00639	0.00581
44	0.00945	0.00675	0.00900	0.01080	0.01125	0.00630	0.00720	0.01080	0.01484	0.01979	0.04274	0.72245	0.05128	0.02429	0.00990	0.00315	0.00450	0.02204	0.00720	0.00630
45	0.01286	0.01022	0.01555	0.01601	0.05866	0.00993	0.07959	0.05553	0.01725	0.02362	0.05165	0.45782	0.04028	0.01896	0.00930	0.00291	0.00609	0.05450	0.05156	0.00772
46	0.01579	0.00919	0.01112	0.05711	0.01426	0.01010	0.00841	0.01914	0.01593	0.06883	0.02365	0.05295	0.01924	0.01139	0.02662	0.00241	0.08631	0.00778	0.53197	0.00781
47	0.01012	0.00703	0.00880	0.00994	0.01022	0.00675	0.00628	0.01097	0.01354	0.01805	0.03602	0.47598	0.04281	0.28232	0.02075	0.00475	0.00561	0.01809	0.00628	0.00571
48	0.01670	0.04249	0.02300	0.01583	0.02290	0.01298	0.13893	0.02074	0.01651	0.02491	0.01405	0.01692	0.01148	0.00594	0.00640	0.00146	0.00732	0.00550	0.00441	0.59152
49	0.11323	0.01758	0.07228	0.09025	0.02644	0.01624	0.10865	0.10754	0.01882	0.07073	0.01783	0.08112	0.01511	0.00922	0.00839	0.00232	0.04930	0.00777	0.00521	0.16195
50	0.07308	0.09076	0.02197	0.04786	0.06035	0.01665	0.03801	0.14810	0.02171	0.20024	0.04577	0.06913	0.01852	0.00947	0.00728	0.00221	0.00733	0.00779	0.00659	0.10718
51	0.01885	0.06385	0.12565	0.07380	0.03239	0.01781	0.29331	0.02411	0.01738	0.10450	0.01919	0.09060	0.01606	0.00937	0.00952	0.00261	0.05684	0.00917	0.00475	0.01022
52	0.01139	0.00974	0.01434	0.06106	0.01789	0.00937	0.07902	0.01488	0.04523	0.02179	0.06459	0.31180	0.22777	0.01879	0.00940	0.00288	0.00591	0.06017	0.00664	0.00734
53	0.06360	0.00909	0.00954	0.00878	0.01129	0.00924	0.00676	0.06122	0.01778	0.07767	0.04515	0.02779	0.02017	0.00992	0.00682	0.03268	0.00443	0.00727	0.56282	0.00797
54	0.07016	0.01658	0.06373	0.04348	0.04214	0.01591	0.01340	0.15151	0.15468	0.11689	0.08675	0.07291	0.02568	0.01149	0.00798	0.00253	0.00702	0.05417	0.00711	0.03587
55	0.01573	0.03887	0.64589	0.02278	0.03401	0.01811	0.06885	0.02457	0.01649	0.02457	0.01403	0.01666	0.00995	0.00731	0.00748	0.00247	0.01156	0.00595	0.00332	0.01139
56	0.00951	0.00694	0.00895	0.01040	0.01118	0.00639	0.00706	0.01107	0.01560	0.02061	0.08534	0.60899	0.12294	0.02325	0.00977	0.00305	0.00438	0.02091	0.00728	0.00639
57	0.04825	0.07525	0.35572	0.04753	0.09885	0.01925	0.06900	0.10266	0.01931	0.07010	0.01545	0.01768	0.01122	0.00760	0.00737	0.00238	0.01022	0.00627	0.00441	0.01148
58	0.06497	0.01437	0.02242	0.34800	0.19055	0.01660	0.01874	0.02058	0.04145	0.02252	0.01797	0.10970	0.01643	0.01010	0.00890	0.00263	0.05176	0.00873	0.00428	0.00931
59	0.00945	0.00675	0.00900	0.01080	0.01125	0.00630	0.00720	0.01080	0.01484	0.01979	0.04274	0.72245	0.05128	0.02429	0.00990	0.00315	0.00450	0.02204	0.00720	0.00630
60	0.01622	0.00989	0.01237	0.01118	0.01401	0.00937	0.00855	0.04857	0.06273	0.14565	0.35686	0.13226	0.11019	0.01549	0.00886	0.00254	0.00469	0.01347	0.00836	0.00875
61	0.01910	0.10909	0.27278	0.02638	0.10360	0.02073	0.20320	0.10436	0.01955	0.02709	0.01474	0.01782	0.01109	0.00724	0.00769	0.00238	0.01094	0.00682	0.00410	0.01131
62	0.01643	0.01618	0.02272	0.01964	0.01976	0.02247	0.01630	0.01822	0.01193	0.01860	0.01114	0.01819	0.01102	0.01763	0.08650	0.00422	0.65034	0.00692	0.00346	0.00834
63	0.01064	0.00776	0.01001	0.00976	0.01146	0.00713	0.00720	0.01388	0.02070	0.02888	0.54910	0.14855	0.11145	0.01725	0.00925	0.00255	0.00379	0.01526	0.00826	0.00713
64	0.04580	0.01599	0.02147	0.19722	0.15203	0.01795	0.01656	0.09600	0.22427	0.05084	0.02242	0.06803	0.01811	0.00975	0.00782	0.00254	0.00794	0.00841	0.00589	0.01095
65	0.02289	0.01915	0.05942	0.10960	0.02609	0.01967	0.01488	0.38602	0.07340	0.03819	0.02634	0.02686	0.09681	0.01036	0.00784	0.00241	0.00804	0.00821	0.03247	0.01137
66	0.02250	0.22253	0.22198	0.01804	0.02552	0.11605	0.01833	0.18521	0.05072	0.02858	0.01477	0.01610	0.01134	0.00788	0.00679	0.00215	0.00996	0.00565	0.00472	0.01118
67	0.02040	0.01624	0.01828	0.01421	0.01975	0.01622	0.01148	0.20999	0.10336	0.03297	0.01803	0.01943	0.01403	0.00817	0.00793	0.00188	0.05486	0.00616	0.06081	0.34578
68	0.05051	0.01706	0.04773	0.01653	0.04634	0.01738	0.01319	0.19607	0.23154	0.09908	0.11752	0.03157	0.02693	0.01103	0.00802	0.00252	0.00687	0.04106	0.00759	0.01145

[dist]
# distance from previous block
# <min> <max>
0	1

[block]
# block no. 4 follows, 25 sequences, length 21
# corresponding to MSA columns:
# 174-194
name=unknown_E
#
# <colnr> <probs for GDERKNQSTAVLIFYWHMCP>
#	G	D	E	R	K	N	Q	S	T	A	V	L	I	F	Y	W	H	M	C	P
0	0.01847	0.10633	0.46742	0.01972	0.02956	0.01800	0.04411	0.02558	0.01703	0.10117	0.01559	0.01726	0.01113	0.00740	0.00710	0.00227	0.01016	0.00583	0.00414	0.07174
1	0.01984	0.28774	0.28519	0.02124	0.09481	0.02213	0.05172	0.02529	0.01694	0.08656	0.01455	0.01642	0.01113	0.00723	0.00665	0.00215	0.00967	0.00564	0.00400	0.01111
2	0.02073	0.73217	0.04063	0.01327	0.01990	0.03068	0.01327	0.02322	0.01575	0.01824	0.01078	0.01244	0.00995	0.00663	0.00498	0.00166	0.00829	0.00415	0.00332	0.00995
3	0.01448	0.00872	0.01112	0.01013	0.01272	0.00781	0.00773	0.01764	0.02095	0.13553	0.44000	0.08327	0.16811	0.01584	0.00896	0.00249	0.00422	0.01375	0.00842	0.00810
4	0.01689	0.01649	0.02962	0.14727	0.16596	0.01783	0.21088	0.02146	0.01624	0.02329	0.01618	0.04466	0.01360	0.00891	0.01101	0.00261	0.13031	0.00812	0.08900	0.00967
5	0.01038	0.00718	0.00884	0.00966	0.00999	0.00692	0.00606	0.01127	0.01368	0.01836	0.07577	0.37201	0.04216	0.34507	0.02336	0.00510	0.00582	0.01660	0.00614	0.00563
6	0.01030	0.00710	0.00875	0.00971	0.00995	0.00686	0.00604	0.01102	0.01319	0.01758	0.03424	0.41076	0.04057	0.35060	0.02362	0.00518	0.00590	0.01705	0.00604	0.00556
7	0.00964	0.00683	0.00894	0.01055	0.01096	0.00642	0.00694	0.01085	0.01447	0.01930	0.04083	0.65248	0.04888	0.09754	0.01298	0.00360	0.00481	0.02092	0.00694	0.00613
8	0.01700	0.23405	0.50611	0.01962	0.02973	0.02156	0.02434	0.02418	0.01620	0.02279	0.01304	0.01527	0.00986	0.00716	0.00670	0.00223	0.01057	0.00529	0.00329	0.01104
9	0.01079	0.00784	0.01015	0.00973	0.01151	0.00721	0.00724	0.01421	0.02127	0.02985	0.60442	0.10323	0.10026	0.01660	0.00920	0.00249	0.00373	0.01467	0.00838	0.00721
10	0.01347	0.00673	0.01010	0.01010	0.01010	0.00673	0.00673	0.01010	0.01010	0.01347	0.01347	0.02357	0.01347	0.02694	0.03030	0.77441	0.00673	0.00673	0.00337	0.00337
11	0.01361	0.00759	0.01169	0.09472	0.01534	0.00800	0.00853	0.01128	0.01076	0.01424	0.01351	0.02322	0.01309	0.02461	0.02757	0.68095	0.00717	0.00675	0.00338	0.00400
12	0.07358	0.03693	0.59335	0.02191	0.03262	0.01807	0.06881	0.02444	0.01626	0.02535	0.01380	0.01639	0.00984	0.00730	0.00729	0.00246	0.01115	0.00584	0.00343	0.01116
13	0.00970	0.00693	0.00929	0.01109	0.01165	0.00652	0.00764	0.01124	0.01510	0.02008	0.04259	0.66891	0.05072	0.02405	0.00997	0.00318	0.00472	0.07304	0.00719	0.00637
14	0.01301	0.00688	0.01015	0.01045	0.01061	0.00684	0.00716	0.01057	0.01108	0.01473	0.01815	0.09583	0.01922	0.02631	0.02701	0.64808	0.00654	0.04948	0.00399	0.00390
15	0.01978	0.01827	0.02974	0.11521	0.54399	0.01888	0.02261	0.08894	0.01938	0.02719	0.01492	0.01929	0.01217	0.00725	0.00769	0.00234	0.00926	0.00691	0.00420	0.01198
16	0.56643	0.05135	0.03925	0.01119	0.01615	0.01763	0.00968	0.08007	0.01589	0.03425	0.01314	0.01498	0.01016	0.00756	0.00524	0.00230	0.00630	0.00482	0.08470	0.00891
17	0.01698	0.01837	0.06951	0.38081	0.17924	0.06820	0.04956	0.02197	0.01669	0.02206	0.01433	0.01965	0.01115	0.00746	0.00754	0.00238	0.01011	0.00668	0.03135	0.04596
18	0.11786	0.20155	0.14736	0.16638	0.05320	0.01964	0.01689	0.03781	0.01611	0.04266	0.04243	0.01864	0.01330	0.00919	0.00835	0.06050	0.00869	0.00596	0.00408	0.00939
19	0.16943	0.07747	0.26488	0.01983	0.07380	0.01795	0.06090	0.02239	0.01615	0.02649	0.08181	0.02020	0.01655	0.00846	0.00826	0.00240	0.06044	0.00652	0.00428	0.04179
20	0.07733	0.07396	0.06994	0.05827	0.09309	0.01882	0.10635	0.11463	0.04405	0.05851	0.03801	0.03809	0.01567	0.00913	0.00922	0.00244	0.08188	0.00746	0.07281	0.01032

[dist]
# distance from previous block
# <min> <max>
0	7

[block]
# block no. 5 follows, 25 sequences, length 12
# corresponding to MSA columns:
# 202-213
name=unknown_F
#
# <colnr> <probs for GDERKNQSTAVLIFYWHMCP>
#	G	D	E	R	K	N	Q	S	T	A	V	L	I	F	Y	W	H	M	C	P
0	0.04251	0.08284	0.27071	0.02427	0.15844	0.01719	0.05670	0.02296	0.06266	0.02427	0.02023	0.14459	0.01884	0.01043	0.00774	0.00250	0.00902	0.00913	0.00452	0.01047
1	0.07079	0.39245	0.22603	0.01881	0.05752	0.02464	0.06746	0.02373	0.01605	0.02206	0.01226	0.01458	0.01006	0.00689	0.00611	0.00205	0.00947	0.00513	0.00348	0.01044
2	0.07401	0.20069	0.02556	0.01592	0.02160	0.12891	0.01342	0.23323	0.08718	0.10129	0.01764	0.01779	0.01323	0.00845	0.00677	0.00215	0.00873	0.00604	0.00607	0.01133
3	0.01083	0.00841	0.00983	0.01046	0.01213	0.00808	0.00755	0.01472	0.08500	0.02189	0.07805	0.32441	0.24088	0.07105	0.01160	0.00324	0.00487	0.06288	0.00715	0.00700
4	0.05953	0.29473	0.32724	0.01689	0.02526	0.02167	0.01945	0.02410	0.01666	0.06135	0.05502	0.01788	0.01431	0.00774	0.00647	0.00215	0.00921	0.00569	0.00407	0.01057
5	0.01778	0.01813	0.08893	0.09714	0.10321	0.01652	0.16552	0.02675	0.15663	0.06410	0.06070	0.03252	0.02201	0.01016	0.00851	0.00266	0.00907	0.08352	0.00563	0.01052
6	0.01455	0.00889	0.01189	0.01227	0.01451	0.00834	0.00997	0.01753	0.01863	0.11663	0.15005	0.17910	0.10585	0.01914	0.00976	0.00306	0.00574	0.27856	0.00773	0.00782
7	0.01128	0.00752	0.00846	0.00846	0.00846	0.00752	0.00470	0.01128	0.01128	0.01503	0.02443	0.05074	0.02819	0.72751	0.03946	0.00752	0.00752	0.01128	0.00470	0.00470
8	0.02780	0.01529	0.01771	0.01444	0.01952	0.04568	0.01161	0.09977	0.16025	0.36983	0.10638	0.02934	0.02560	0.01044	0.00794	0.00243	0.00669	0.00854	0.00865	0.01209
9	0.05848	0.07214	0.02394	0.02164	0.12691	0.17364	0.04784	0.09732	0.04495	0.19311	0.02168	0.02200	0.04444	0.00879	0.00740	0.00226	0.00922	0.00701	0.00607	0.01116
10	0.01739	0.02170	0.11013	0.08732	0.03953	0.01866	0.49728	0.02391	0.01784	0.02430	0.01672	0.02404	0.01323	0.00754	0.00893	0.00265	0.01235	0.04229	0.00399	0.01023
11	0.01366	0.00775	0.00925	0.00899	0.01020	0.00750	0.00612	0.01522	0.01530	0.06377	0.14069	0.08198	0.03332	0.25268	0.02027	0.07876	0.00547	0.01066	0.21208	0.00634

[dist]
# distance from previous block
# <min> <max>
7	14

[block]
# block no. 6 follows, 25 sequences, length 9
# corresponding to MSA columns:
# 228-236
name=unknown_G
#
# <colnr> <probs for GDERKNQSTAVLIFYWHMCP>
#	G	D	E	R	K	N	Q	S	T	A	V	L	I	F	Y	W	H	M	C	P
0	0.03062	0.01473	0.01854	0.01407	0.02026	0.01333	0.01157	0.13778	0.02351	0.46241	0.02564	0.02328	0.01684	0.00887	0.00743	0.00217	0.00677	0.00710	0.00841	0.14668
1	0.01919	0.01842	0.03147	0.04759	0.67914	0.01842	0.02380	0.02380	0.01765	0.02533	0.01458	0.01919	0.01228	0.00691	0.00768	0.00230	0.00921	0.00691	0.00384	0.01228
2	0.01464	0.01378	0.02326	0.70887	0.05340	0.01723	0.02153	0.01981	0.01550	0.01981	0.01378	0.02067	0.01034	0.00775	0.00775	0.00258	0.01034	0.00689	0.00345	0.00861
3	0.01202	0.00780	0.00974	0.01018	0.01116	0.00727	0.00667	0.01311	0.01409	0.05933	0.03387	0.40101	0.03888	0.27375	0.02011	0.00456	0.00577	0.01637	0.00631	0.04801
4	0.01919	0.01842	0.03147	0.04759	0.67914	0.01842	0.02380	0.02380	0.01765	0.02533	0.01458	0.01919	0.01228	0.00691	0.00768	0.00230	0.00921	0.00691	0.00384	0.01228
5	0.01346	0.01055	0.01339	0.01407	0.05429	0.00993	0.00964	0.06208	0.05192	0.02416	0.03292	0.42445	0.03656	0.01764	0.00872	0.00264	0.00553	0.04296	0.00656	0.15852
6	0.02026	0.66985	0.09886	0.01406	0.02113	0.02954	0.01465	0.02334	0.01581	0.01881	0.01106	0.01279	0.00994	0.00670	0.00519	0.00173	0.00858	0.00429	0.00331	0.01009
7	0.01964	0.05158	0.01884	0.01406	0.01978	0.01651	0.01131	0.15472	0.20572	0.03152	0.02108	0.05373	0.01713	0.00876	0.00693	0.00193	0.00649	0.00708	0.00624	0.32694
8	0.02120	0.13115	0.15465	0.01759	0.02430	0.08478	0.07279	0.12134	0.02097	0.08517	0.06974	0.04647	0.01816	0.00887	0.00729	0.00216	0.00900	0.00725	0.00536	0.09175

[dist]
# distance from previous block
# <min> <max>
0	7

[block]
# block no. 7 follows, 25 sequences, length 47
# corresponding to MSA columns:
# 244-290
name=unknown_H
#
# <colnr> <probs for GDERKNQSTAVLIFYWHMCP>
#	G	D	E	R	K	N	Q	S	T	A	V	L	I	F	Y	W	H	M	C	P
0	0.09442	0.09348	0.04512	0.01707	0.02241	0.19793	0.04259	0.15550	0.10665	0.09060	0.04731	0.02009	0.01602	0.00879	0.00715	0.00225	0.00931	0.00661	0.00596	0.01076
1	0.02072	0.01640	0.01802	0.05564	0.02204	0.03823	0.01278	0.09070	0.38493	0.08697	0.02781	0.03035	0.02171	0.01053	0.00786	0.00250	0.00692	0.05741	0.00728	0.08119
2	0.01888	0.41424	0.06190	0.01198	0.01723	0.02184	0.01154	0.05814	0.01716	0.02389	0.01622	0.01847	0.01343	0.00762	0.00541	0.00179	0.00691	0.00542	0.25861	0.00931
3	0.01090	0.00817	0.01019	0.01017	0.01204	0.00763	0.00767	0.01464	0.04453	0.02722	0.41029	0.15176	0.17025	0.01789	0.00933	0.00267	0.00420	0.06524	0.00799	0.00722
4	0.01084	0.00793	0.01025	0.01081	0.01225	0.00725	0.00775	0.01298	0.01645	0.02260	0.16897	0.40096	0.04956	0.07683	0.01180	0.00321	0.00495	0.07934	0.00702	0.07825
5	0.02207	0.02027	0.02328	0.01912	0.02237	0.10759	0.05991	0.23334	0.02189	0.02904	0.01518	0.02029	0.01294	0.05536	0.06205	0.00365	0.24944	0.00715	0.00510	0.00994
6	0.01041	0.00849	0.01024	0.03233	0.01305	0.00815	0.00785	0.01286	0.01791	0.02315	0.20874	0.15419	0.35834	0.01871	0.01023	0.00273	0.04546	0.04308	0.00717	0.00690
7	0.00953	0.00678	0.00897	0.01069	0.01112	0.00635	0.00709	0.01082	0.01469	0.01958	0.04193	0.69301	0.05027	0.05511	0.01119	0.00334	0.00463	0.02157	0.00709	0.00623
8	0.01036	0.00717	0.00890	0.00980	0.01008	0.00700	0.00616	0.01115	0.01310	0.01753	0.03339	0.38442	0.03931	0.34811	0.05336	0.00556	0.00659	0.01651	0.00592	0.00559
9	0.04333	0.05465	0.10050	0.07747	0.02777	0.12539	0.14726	0.02289	0.01631	0.02242	0.01410	0.01858	0.01150	0.00903	0.01181	0.00255	0.18637	0.00673	0.09212	0.00923
10	0.14410	0.01437	0.01687	0.01377	0.01916	0.01436	0.01117	0.03640	0.18821	0.41623	0.02784	0.02496	0.01872	0.00947	0.00737	0.00246	0.00639	0.00750	0.00842	0.01223
11	0.00970	0.00689	0.00903	0.01052	0.01101	0.00647	0.00698	0.01106	0.01493	0.02002	0.07776	0.62269	0.05045	0.08787	0.01255	0.00351	0.00472	0.02060	0.00705	0.00621
12	0.01781	0.02010	0.09103	0.30484	0.28582	0.07223	0.02217	0.02361	0.04502	0.02286	0.01472	0.01951	0.01157	0.00753	0.00763	0.00242	0.01013	0.00671	0.00381	0.01048
13	0.08136	0.27000	0.13308	0.02163	0.10065	0.13429	0.08239	0.05123	0.01802	0.02341	0.01273	0.01522	0.01041	0.00715	0.00652	0.00210	0.01014	0.00548	0.00385	0.01036
14	0.01090	0.00840	0.01024	0.01120	0.01312	0.00794	0.00887	0.01422	0.04663	0.02204	0.05488	0.21959	0.27896	0.02089	0.00983	0.00308	0.00532	0.23969	0.00721	0.00697
15	0.05229	0.02028	0.08852	0.03566	0.42322	0.01862	0.02093	0.11540	0.04376	0.08149	0.01683	0.01950	0.01299	0.00765	0.00756	0.00234	0.00887	0.00684	0.00499	0.01225
16	0.08572	0.39638	0.19047	0.01560	0.02286	0.02502	0.01658	0.08143	0.01749	0.02432	0.01264	0.01456	0.01036	0.00739	0.00644	0.00203	0.03056	0.00496	0.02483	0.01036
17	0.01799	0.01596	0.02288	0.01894	0.02134	0.04391	0.11498	0.04598	0.04398	0.06095	0.01901	0.09682	0.01769	0.04333	0.01684	0.00310	0.30652	0.00912	0.07173	0.00893
18	0.00998	0.00766	0.00902	0.00913	0.01094	0.00683	0.00661	0.01237	0.01845	0.02423	0.29105	0.18639	0.30774	0.05136	0.01067	0.00287	0.00410	0.01631	0.00758	0.00670
19	0.02530	0.05261	0.02122	0.01651	0.02181	0.09311	0.01333	0.31714	0.21090	0.06104	0.02179	0.02140	0.01612	0.00928	0.00743	0.00229	0.00807	0.00712	0.03788	0.03566
20	0.02526	0.02009	0.02414	0.01980	0.05281	0.02186	0.07235	0.40945	0.17508	0.04116	0.02093	0.02109	0.01532	0.00910	0.00784	0.00238	0.00834	0.00750	0.00716	0.03833
21	0.02388	0.01745	0.02018	0.01568	0.02170	0.01769	0.03283	0.25638	0.16676	0.11188	0.02145	0.02117	0.01568	0.00856	0.00729	0.00209	0.00718	0.00689	0.00702	0.21821
22	0.08774	0.35972	0.30134	0.01684	0.02518	0.04833	0.01917	0.02400	0.01600	0.02234	0.01210	0.01411	0.00976	0.00703	0.00601	0.00206	0.00958	0.00483	0.00346	0.01039
23	0.01090	0.00759	0.01005	0.01112	0.01198	0.00735	0.00774	0.01253	0.01567	0.04742	0.09011	0.58555	0.07707	0.02240	0.01040	0.00305	0.03514	0.01996	0.00723	0.00676
24	0.01545	0.00895	0.00912	0.00858	0.01095	0.00915	0.00657	0.07134	0.04959	0.03001	0.02989	0.03222	0.07928	0.01009	0.00608	0.00196	0.00417	0.00811	0.60058	0.00790
25	0.01185	0.00784	0.00977	0.00999	0.01083	0.00833	0.00697	0.01368	0.01348	0.02013	0.02693	0.17432	0.02814	0.23588	0.17157	0.00621	0.03672	0.01162	0.18947	0.00627
26	0.01463	0.01377	0.02524	0.04344	0.10916	0.01333	0.23677	0.01802	0.01561	0.02125	0.04616	0.12998	0.02467	0.23187	0.01837	0.00415	0.00922	0.01144	0.00477	0.00816
27	0.09289	0.01416	0.01761	0.01370	0.01942	0.01333	0.01129	0.11688	0.02305	0.51468	0.02715	0.02439	0.01757	0.00934	0.00743	0.00236	0.00665	0.00737	0.04824	0.01250
28	0.00960	0.00686	0.00918	0.01098	0.01149	0.00643	0.00747	0.01107	0.01500	0.01997	0.04265	0.68968	0.05094	0.02414	0.00994	0.00317	0.00463	0.05326	0.00719	0.00634
29	0.02877	0.02119	0.02277	0.01759	0.02360	0.02342	0.01447	0.63079	0.03570	0.04785	0.01946	0.04326	0.01452	0.00983	0.00783	0.00236	0.00839	0.00751	0.00774	0.01294
30	0.01979	0.02267	0.01582	0.01471	0.01780	0.35684	0.01109	0.02226	0.02096	0.02263	0.19704	0.03999	0.16166	0.01281	0.00811	0.00229	0.00907	0.03054	0.00592	0.00800
31	0.02055	0.01311	0.01374	0.01154	0.01513	0.01405	0.00920	0.27596	0.02446	0.03701	0.02258	0.02473	0.01716	0.00914	0.00637	0.00202	0.00561	0.00713	0.46087	0.00965
32	0.00942	0.00685	0.00889	0.01053	0.01118	0.00632	0.00708	0.01083	0.01510	0.01990	0.04600	0.66343	0.10819	0.02387	0.00983	0.00310	0.00445	0.02152	0.00720	0.00632
33	0.02168	0.65198	0.03848	0.01404	0.02037	0.10746	0.01346	0.02411	0.01647	0.01833	0.01092	0.01262	0.00995	0.00679	0.00521	0.00170	0.00895	0.00424	0.00339	0.00984
34	0.02375	0.01326	0.01618	0.01390	0.01814	0.01331	0.01129	0.11595	0.12764	0.26339	0.08909	0.04010	0.02873	0.04371	0.00972	0.00283	0.00654	0.11330	0.03830	0.01088
35	0.00966	0.00693	0.00894	0.01037	0.01096	0.00646	0.00690	0.01101	0.01497	0.01988	0.06861	0.59689	0.08631	0.08775	0.01252	0.00349	0.00471	0.02041	0.00702	0.00621
36	0.01101	0.00815	0.01192	0.01201	0.01322	0.00932	0.00911	0.01345	0.01248	0.01782	0.02224	0.06802	0.02183	0.11738	0.60145	0.01153	0.01872	0.00929	0.00436	0.00669
37	0.01978	0.01690	0.01781	0.01588	0.02035	0.01952	0.01239	0.07093	0.63459	0.03323	0.03093	0.02843	0.02316	0.01046	0.00788	0.00262	0.00625	0.00868	0.00788	0.01232
38	0.02726	0.01888	0.02021	0.01615	0.02152	0.04221	0.01304	0.37798	0.14170	0.14549	0.02306	0.02325	0.01675	0.04079	0.00907	0.00259	0.00778	0.00755	0.03241	0.01233
39	0.01160	0.00836	0.01044	0.01024	0.01054	0.00914	0.00672	0.01235	0.01166	0.01605	0.02309	0.06180	0.02562	0.51515	0.17619	0.00814	0.06224	0.01060	0.00455	0.00549
40	0.00969	0.00692	0.00928	0.01108	0.01164	0.00651	0.00763	0.01122	0.01509	0.02007	0.04260	0.67090	0.05074	0.02406	0.00996	0.00318	0.00471	0.07115	0.00719	0.00637
41	0.01173	0.00840	0.00948	0.00978	0.01186	0.00783	0.00710	0.01540	0.07283	0.05095	0.05488	0.29361	0.31029	0.01909	0.00891	0.00272	0.00441	0.01651	0.07690	0.00730
42	0.04565	0.47684	0.14977	0.01664	0.04901	0.05587	0.01630	0.04754	0.04032	0.02184	0.01257	0.01429	0.01059	0.00709	0.00579	0.00192	0.00898	0.00484	0.00374	0.01042
43	0.01793	0.01795	0.03138	0.06517	0.03070	0.04026	0.31985	0.07327	0.01923	0.02655	0.10431	0.02516	0.02017	0.00913	0.01069	0.00256	0.10069	0.00881	0.03974	0.03646
44	0.09231	0.02403	0.24981	0.01849	0.02606	0.03408	0.08346	0.05514	0.01938	0.23117	0.04458	0.02434	0.01683	0.00900	0.00767	0.00248	0.00908	0.03477	0.00602	0.01128
45	0.01474	0.07143	0.01615	0.01371	0.05344	0.01312	0.00988	0.02245	0.17767	0.02777	0.28793	0.04082	0.06064	0.07512	0.01076	0.00275	0.00551	0.01046	0.00693	0.07872
46	0.01497	0.12251	0.08499	0.04612	0.06006	0.01374	0.01239	0.03532	0.01937	0.05566	0.29526	0.04068	0.10741	0.01467	0.04148	0.00282	0.00692	0.01042	0.00636	0.00882

[dist]
# distance from previous block
# <min> <max>
0	1

[block]
# block no. 8 follows, 25 sequences, length 19
# corresponding to MSA columns:
# 292-310
name=unknown_I
#
# <colnr> <probs for GDERKNQSTAVLIFYWHMCP>
#	G	D	E	R	K	N	Q	S	T	A	V	L	I	F	Y	W	H	M	C	P
0	0.01867	0.01539	0.01745	0.01293	0.01950	0.01342	0.01040	0.13206	0.06959	0.02995	0.01599	0.01751	0.01272	0.00673	0.00626	0.00147	0.00626	0.00533	0.00540	0.58297
1	0.02032	0.01209	0.01552	0.01488	0.06715	0.01153	0.01063	0.02675	0.13307	0.22880	0.19057	0.06949	0.10431	0.01261	0.00827	0.00244	0.00558	0.01081	0.00799	0.04718
2	0.07581	0.02539	0.27892	0.06857	0.22019	0.01723	0.04556	0.02417	0.04867	0.02596	0.01542	0.01863	0.01185	0.00739	0.00720	0.00234	0.00942	0.00634	0.04603	0.04493
3	0.01492	0.10880	0.34839	0.01689	0.02418	0.01621	0.01907	0.02228	0.06724	0.02513	0.13754	0.06828	0.05194	0.01102	0.00779	0.00246	0.00844	0.03436	0.00510	0.00996
4	0.01904	0.11237	0.03252	0.07307	0.50675	0.02027	0.04735	0.02334	0.01707	0.02381	0.01389	0.01834	0.01177	0.00720	0.00818	0.00229	0.04085	0.00663	0.00373	0.01155
5	0.01011	0.00723	0.00973	0.01133	0.01213	0.00685	0.00814	0.01204	0.01596	0.02132	0.09441	0.55554	0.05190	0.02309	0.00998	0.00316	0.00490	0.12835	0.00730	0.00653
6	0.01742	0.14432	0.09741	0.05026	0.02842	0.02119	0.21338	0.03655	0.01615	0.02222	0.03249	0.05136	0.01454	0.01111	0.03281	0.00293	0.18598	0.00790	0.00397	0.00958
7	0.01775	0.01592	0.01615	0.05519	0.01930	0.10551	0.03702	0.14753	0.05726	0.02771	0.08510	0.05755	0.21421	0.06412	0.01045	0.00279	0.00734	0.01084	0.03947	0.00877
8	0.00939	0.00698	0.00875	0.01017	0.01108	0.00635	0.00692	0.01087	0.01544	0.02004	0.05032	0.58527	0.18357	0.02331	0.00974	0.00304	0.00438	0.02084	0.00720	0.00635
9	0.02502	0.01528	0.01702	0.01389	0.01861	0.01616	0.01120	0.25000	0.13808	0.17947	0.02519	0.02474	0.01803	0.00951	0.00719	0.00226	0.00644	0.00753	0.20286	0.01151
