[name]
unknown

[dist]
# distance from previous block
# <min> <max>
0	22

[block]
# block no. 0 follows, 25 sequences, length 16
# corresponding to MSA columns:
# 24-39
name=unknown_A
#
# <colnr> <probs for GDERKNQSTAVLIFYWHMCP>
#	G	D	E	R	K	N	Q	S	T	A	V	L	I	F	Y	W	H	M	C	P
0	0.01589	0.01054	0.01307	0.01234	0.01503	0.01010	0.00939	0.10241	0.01949	0.08905	0.09505	0.30765	0.03905	0.05440	0.01056	0.00298	0.00579	0.09393	0.00723	0.08607
1	0.01741	0.01349	0.01704	0.11885	0.05711	0.01464	0.01252	0.20361	0.05502	0.03001	0.08868	0.22407	0.03087	0.06760	0.01087	0.00301	0.00703	0.01230	0.00660	0.00927
2	0.05872	0.01296	0.01568	0.10160	0.02123	0.01343	0.01130	0.12086	0.08195	0.02857	0.08933	0.18263	0.02818	0.01488	0.04155	0.00287	0.00707	0.01072	0.00625	0.15021
3	0.05823	0.00924	0.01049	0.01017	0.01134	0.00955	0.00678	0.07306	0.01530	0.02166	0.07680	0.16473	0.03276	0.40125	0.06100	0.00581	0.00737	0.01243	0.00571	0.00633
4	0.01166	0.00876	0.01043	0.01013	0.01205	0.00851	0.00740	0.03363	0.06630	0.02500	0.26578	0.13083	0.20551	0.08394	0.04871	0.03749	0.00553	0.01405	0.00718	0.00712
5	0.04678	0.01819	0.02212	0.17908	0.05815	0.07922	0.05280	0.17871	0.04139	0.02930	0.01712	0.05593	0.01412	0.00908	0.00838	0.00232	0.04556	0.00736	0.02964	0.10474
6	0.05994	0.01535	0.02003	0.20417	0.02839	0.05615	0.07005	0.10559	0.01855	0.02591	0.02217	0.05215	0.06666	0.04539	0.01079	0.00275	0.07533	0.00840	0.10347	0.00878
7	0.01279	0.00924	0.01228	0.08330	0.01760	0.00920	0.01026	0.01669	0.04924	0.05855	0.16183	0.18802	0.15287	0.01807	0.00941	0.00291	0.00569	0.16721	0.00721	0.00763
8	0.01262	0.00935	0.01196	0.04771	0.01476	0.01004	0.00884	0.06714	0.01573	0.02152	0.03192	0.21582	0.08967	0.15508	0.18403	0.00601	0.03158	0.01287	0.04635	0.00701
9	0.05107	0.01734	0.05346	0.05651	0.02134	0.06974	0.06932	0.17589	0.04300	0.02783	0.05348	0.03242	0.04428	0.23072	0.01757	0.00398	0.00873	0.00890	0.00557	0.00886
10	0.05583	0.01145	0.01418	0.01344	0.03953	0.01139	0.01021	0.08720	0.05415	0.14199	0.22994	0.06825	0.05945	0.01419	0.00909	0.02492	0.00569	0.09193	0.04795	0.00921
11	0.02328	0.01468	0.01729	0.04769	0.02026	0.01535	0.01167	0.20436	0.13089	0.19149	0.06286	0.10063	0.05927	0.05186	0.00992	0.00280	0.00679	0.01010	0.00780	0.01099
12	0.11878	0.01303	0.01678	0.15964	0.06241	0.01438	0.01281	0.12786	0.01817	0.05921	0.01743	0.02414	0.01442	0.01331	0.01262	0.18506	0.00756	0.03652	0.07748	0.00837
13	0.04994	0.01396	0.02235	0.36978	0.09572	0.01557	0.06697	0.05012	0.01660	0.02290	0.01826	0.12098	0.01673	0.01051	0.00864	0.02720	0.00896	0.00900	0.00439	0.05143
14	0.12529	0.01055	0.01182	0.01124	0.01399	0.01069	0.00842	0.01996	0.11888	0.05674	0.18608	0.21650	0.07391	0.01572	0.00908	0.03273	0.00500	0.01287	0.00708	0.05345
15	0.03991	0.01224	0.01539	0.05363	0.05187	0.01312	0.01165	0.05572	0.14659	0.07645	0.10952	0.15919	0.08324	0.01509	0.00960	0.00279	0.04303	0.08472	0.00704	0.00921

[dist]
# distance from previous block
# <min> <max>
3	18

[block]
# block no. 1 follows, 25 sequences, length 9
# corresponding to MSA columns:
# 58-66
name=unknown_B
#
# <colnr> <probs for GDERKNQSTAVLIFYWHMCP>
#	G	D	E	R	K	N	Q	S	T	A	V	L	I	F	Y	W	H	M	C	P
0	0.05986	0.01428	0.01633	0.04007	0.01903	0.03852	0.02988	0.08989	0.08914	0.02729	0.06319	0.08371	0.06135	0.06394	0.01055	0.00263	0.03291	0.04035	0.00590	0.21115
1	0.01865	0.05026	0.01854	0.05206	0.02056	0.01292	0.03341	0.05911	0.03798	0.09961	0.04273	0.02297	0.01666	0.07659	0.00973	0.00223	0.00676	0.00650	0.00545	0.40727
2	0.05545	0.01389	0.01590	0.01281	0.01771	0.01343	0.01023	0.13933	0.09288	0.12593	0.17234	0.03174	0.06191	0.01054	0.00754	0.00213	0.00586	0.00867	0.00728	0.19443
3	0.58218	0.01461	0.01283	0.01120	0.01592	0.01628	0.00911	0.06601	0.01599	0.11528	0.01613	0.06694	0.01321	0.00889	0.00574	0.00245	0.00613	0.00614	0.00577	0.00916
4	0.01211	0.00830	0.01141	0.01094	0.01244	0.00757	0.02996	0.01222	0.01340	0.01813	0.02953	0.24845	0.08433	0.09265	0.01919	0.26483	0.00597	0.01264	0.00521	0.10073
5	0.05991	0.01601	0.01808	0.04848	0.02156	0.01575	0.01168	0.15372	0.15555	0.07592	0.01943	0.02001	0.01467	0.00789	0.00679	0.00191	0.00669	0.00625	0.00621	0.33350
6	0.05975	0.01222	0.01689	0.12519	0.05541	0.01326	0.04907	0.07047	0.01711	0.05756	0.02407	0.06327	0.06541	0.04756	0.01188	0.06284	0.05426	0.00867	0.17681	0.00830
7	0.01162	0.00861	0.01058	0.01002	0.01210	0.00808	0.00751	0.05125	0.02144	0.02942	0.47976	0.12044	0.16623	0.01687	0.00914	0.00253	0.00407	0.01474	0.00815	0.00744
8	0.01669	0.01332	0.02432	0.05994	0.02504	0.01271	0.24517	0.02029	0.01660	0.10391	0.02590	0.19922	0.02523	0.12066	0.01348	0.00342	0.00867	0.01225	0.04454	0.00863

[dist]
# distance from previous block
# <min> <max>
0	1

[block]
# block no. 2 follows, 25 sequences, length 122
# corresponding to MSA columns:
# 68-189
name=unknown_C
#
# <colnr> <probs for GDERKNQSTAVLIFYWHMCP>
#	G	D	E	R	K	N	Q	S	T	A	V	L	I	F	Y	W	H	M	C	P
0	0.06420	0.01337	0.01719	0.01379	0.01918	0.01242	0.01134	0.05789	0.07251	0.51125	0.05825	0.03085	0.02278	0.01056	0.00791	0.00249	0.00651	0.04626	0.00898	0.01228
1	0.03063	0.01317	0.01673	0.01326	0.01836	0.03617	0.01066	0.03344	0.02137	0.54995	0.09002	0.03065	0.02457	0.06207	0.01019	0.00276	0.00666	0.00853	0.00893	0.01187
2	0.75258	0.01526	0.01186	0.01050	0.01535	0.01766	0.00865	0.04766	0.01411	0.03534	0.01110	0.01283	0.00859	0.00728	0.00491	0.00240	0.00610	0.00431	0.00491	0.00859
3	0.01919	0.01842	0.03147	0.04759	0.67914	0.01842	0.02380	0.02380	0.01765	0.02533	0.01458	0.01919	0.01228	0.00691	0.00768	0.00230	0.00921	0.00691	0.00384	0.01228
4	0.01956	0.01912	0.03111	0.04655	0.65445	0.04397	0.02346	0.02407	0.01782	0.02509	0.01449	0.01899	0.01220	0.00695	0.00765	0.00229	0.00939	0.00684	0.00384	0.01216
5	0.04915	0.41751	0.04977	0.01478	0.02021	0.05465	0.04678	0.04918	0.01653	0.02095	0.01697	0.01968	0.05255	0.01453	0.09510	0.00332	0.03894	0.00602	0.00398	0.00940
6	0.01127	0.00931	0.01462	0.07996	0.01852	0.00977	0.06314	0.01363	0.01472	0.01991	0.03310	0.46720	0.03768	0.02537	0.10497	0.00434	0.04256	0.01688	0.00596	0.00706
7	0.01358	0.01037	0.01145	0.01032	0.01354	0.00973	0.00777	0.01940	0.13481	0.05950	0.13333	0.05261	0.30302	0.08812	0.01159	0.00292	0.00500	0.01239	0.00708	0.09345
8	0.04597	0.58676	0.08962	0.01452	0.02110	0.07018	0.01456	0.02364	0.01598	0.01935	0.01109	0.01300	0.00990	0.00702	0.00595	0.00182	0.03180	0.00441	0.00341	0.00991
9	0.00952	0.00678	0.00898	0.01071	0.01114	0.00634	0.00710	0.01081	0.01471	0.01961	0.04205	0.69713	0.05041	0.05079	0.01101	0.00331	0.00461	0.02164	0.00710	0.00624
10	0.01651	0.08792	0.01844	0.01182	0.01833	0.01278	0.00969	0.02084	0.05080	0.02518	0.04341	0.01822	0.01468	0.00653	0.00593	0.00134	0.00594	0.00518	0.00481	0.62165
11	0.01492	0.04960	0.11687	0.01296	0.01691	0.01193	0.01191	0.05291	0.02070	0.07377	0.38323	0.07106	0.07356	0.01371	0.00925	0.00247	0.03671	0.01157	0.00717	0.00878
12	0.00967	0.00692	0.00920	0.01064	0.01130	0.00645	0.00721	0.01135	0.01588	0.02144	0.13465	0.62585	0.05446	0.02306	0.00979	0.00305	0.00438	0.02088	0.00739	0.00645
13	0.02389	0.02877	0.04972	0.01998	0.06243	0.43584	0.01489	0.02642	0.02002	0.04114	0.05972	0.06711	0.03711	0.01036	0.00901	0.00229	0.07014	0.00745	0.00468	0.00903
14	0.01555	0.04011	0.68733	0.02210	0.03356	0.01801	0.02865	0.02455	0.01637	0.02455	0.01391	0.01637	0.00982	0.00737	0.00737	0.00246	0.01146	0.00573	0.00327	0.01146
15	0.01851	0.41322	0.30973	0.01842	0.05381	0.02487	0.02013	0.02380	0.01609	0.02118	0.01225	0.01437	0.01000	0.00695	0.00609	0.00202	0.00965	0.00492	0.00332	0.01068
16	0.01682	0.19764	0.50270	0.01998	0.02970	0.02123	0.02448	0.02393	0.01598	0.02278	0.01299	0.01550	0.00987	0.00754	0.00781	0.00232	0.04906	0.00542	0.00329	0.01095
17	0.00953	0.00678	0.00897	0.01069	0.01112	0.00635	0.00708	0.01082	0.01468	0.01958	0.04191	0.69199	0.05023	0.05618	0.01124	0.00335	0.00464	0.02155	0.00708	0.00623
18	0.01617	0.12222	0.61061	0.02105	0.03194	0.01951	0.02682	0.02440	0.01630	0.02381	0.01354	0.01590	0.00984	0.00728	0.00708	0.00236	0.01108	0.00554	0.00328	0.01128
19	0.01555	0.04011	0.68733	0.02210	0.03356	0.01801	0.02865	0.02455	0.01637	0.02455	0.01391	0.01637	0.00982	0.00737	0.00737	0.00246	0.01146	0.00573	0.00327	0.01146
20	0.01830	0.02092	0.04575	0.03268	0.04052	0.01961	0.65098	0.02484	0.01830	0.02484	0.01569	0.02092	0.01176	0.00654	0.00915	0.00261	0.01307	0.00915	0.00392	0.01046
21	0.01128	0.00752	0.00846	0.00846	0.00846	0.00752	0.00470	0.01128	0.01128	0.01503	0.02443	0.05074	0.02819	0.72751	0.03946	0.00752	0.00752	0.01128	0.00470	0.00470
22	0.01097	0.00793	0.01036	0.00975	0.01158	0.00732	0.00732	0.01463	0.02195	0.03109	0.67505	0.05792	0.07316	0.01585	0.00914	0.00244	0.00366	0.01402	0.00854	0.00732
23	0.01464	0.01378	0.02326	0.70887	0.05340	0.01723	0.02153	0.01981	0.01550	0.01981	0.01378	0.02067	0.01034	0.00775	0.00775	0.00258	0.01034	0.00689	0.00345	0.00861
24	0.78228	0.01499	0.01140	0.01020	0.01499	0.01739	0.00840	0.02279	0.01320	0.03479	0.01080	0.01260	0.00840	0.00720	0.00480	0.00240	0.00600	0.00420	0.00480	0.00840
25	0.02795	0.02102	0.02270	0.01773	0.02350	0.02355	0.01457	0.56605	0.09954	0.04601	0.01960	0.01960	0.01414	0.00960	0.00846	0.00240	0.03592	0.00716	0.00760	0.01291
26	0.78228	0.01499	0.01140	0.01020	0.01499	0.01739	0.00840	0.02279	0.01320	0.03479	0.01080	0.01260	0.00840	0.00720	0.00480	0.00240	0.00600	0.00420	0.00480	0.00840
27	0.01608	0.01378	0.01608	0.01148	0.01837	0.01034	0.00919	0.01952	0.01608	0.02527	0.01378	0.01608	0.01148	0.00574	0.00574	0.00115	0.00574	0.00459	0.00459	0.77491
28	0.78228	0.01499	0.01140	0.01020	0.01499	0.01739	0.00840	0.02279	0.01320	0.03479	0.01080	0.01260	0.00840	0.00720	0.00480	0.00240	0.00600	0.00420	0.00480	0.00840
29	0.78228	0.01499	0.01140	0.01020	0.01499	0.01739	0.00840	0.02279	0.01320	0.03479	0.01080	0.01260	0.00840	0.00720	0.00480	0.00240	0.00600	0.00420	0.00480	0.00840
30	0.01830	0.02092	0.04575	0.03268	0.04052	0.01961	0.65098	0.02484	0.01830	0.02484	0.01569	0.02092	0.01176	0.00654	0.00915	0.00261	0.01307	0.00915	0.00392	0.01046
31	0.03479	0.01320	0.01799	0.01380	0.01979	0.01140	0.01140	0.03779	0.02219	0.68451	0.03059	0.02639	0.01919	0.00960	0.00780	0.00240	0.00660	0.00780	0.00960	0.01320
32	0.01929	0.01666	0.01753	0.01578	0.02016	0.01929	0.01227	0.04120	0.66513	0.03243	0.03156	0.02893	0.02367	0.01052	0.00789	0.00263	0.00614	0.00877	0.00789	0.01227
33	0.02899	0.03626	0.02203	0.01988	0.02397	0.66589	0.01497	0.05918	0.02263	0.02033	0.01229	0.01419	0.01013	0.00805	0.00703	0.00201	0.01374	0.00508	0.00417	0.00918
34	0.01919	0.01842	0.03147	0.04759	0.67914	0.01842	0.02380	0.02380	0.01765	0.02533	0.01458	0.01919	0.01228	0.00691	0.00768	0.00230	0.00921	0.00691	0.00384	0.01228
35	0.01929	0.01666	0.01753	0.01578	0.02016	0.01929	0.01227	0.04120	0.66513	0.03243	0.03156	0.02893	0.02367	0.01052	0.00789	0.00263	0.00614	0.00877	0.00789	0.01227
36	0.02861	0.02232	0.02227	0.01746	0.02322	0.08482	0.01425	0.56149	0.03402	0.04503	0.01837	0.01875	0.01326	0.00917	0.00756	0.00227	0.00876	0.00681	0.04907	0.01248
37	0.02896	0.03695	0.02197	0.01998	0.02397	0.69638	0.01498	0.03096	0.02197	0.01898	0.01199	0.01398	0.00999	0.00799	0.00699	0.00200	0.01398	0.00499	0.00400	0.00899
38	0.01445	0.00723	0.00723	0.00723	0.00903	0.00723	0.00542	0.01807	0.01626	0.02891	0.02529	0.02891	0.01987	0.00903	0.00542	0.00181	0.00361	0.00723	0.77055	0.00723
39	0.01245	0.00825	0.01084	0.01000	0.01209	0.00757	0.00757	0.01606	0.02196	0.07152	0.63518	0.05597	0.06982	0.01546	0.00906	0.00244	0.00384	0.01364	0.00860	0.00768
40	0.01097	0.00793	0.01036	0.00975	0.01158	0.00732	0.00732	0.01463	0.02195	0.03109	0.67505	0.05792	0.07316	0.01585	0.00914	0.00244	0.00366	0.01402	0.00854	0.00732
41	0.00945	0.00675	0.00900	0.01080	0.01125	0.00630	0.00720	0.01080	0.01484	0.01979	0.04274	0.72245	0.05128	0.02429	0.00990	0.00315	0.00450	0.02204	0.00720	0.00630
42	0.01847	0.01768	0.03016	0.15296	0.57944	0.01823	0.02344	0.02316	0.01731	0.02445	0.01446	0.01943	0.01197	0.00704	0.00769	0.00235	0.00939	0.00691	0.00378	0.01170
43	0.01696	0.01696	0.02375	0.02036	0.02036	0.02375	0.01696	0.01866	0.01187	0.01866	0.01018	0.01696	0.01018	0.01357	0.02545	0.00339	0.71332	0.00679	0.00339	0.00848
44	0.01155	0.00996	0.00991	0.00942	0.01218	0.03467	0.00714	0.04190	0.04587	0.02434	0.17600	0.06502	0.48881	0.01770	0.00896	0.00255	0.00456	0.01479	0.00736	0.00730
45	0.01608	0.01378	0.01608	0.01148	0.01837	0.01034	0.00919	0.01952	0.01608	0.02527	0.01378	0.01608	0.01148	0.00574	0.00574	0.00115	0.00574	0.00459	0.00459	0.77491
46	0.02206	0.01804	0.01910	0.01634	0.02122	0.02058	0.01294	0.20810	0.49370	0.03692	0.02803	0.02612	0.02081	0.01019	0.00785	0.00255	0.00679	0.00828	0.00785	0.01252
47	0.78228	0.01499	0.01140	0.01020	0.01499	0.01739	0.00840	0.02279	0.01320	0.03479	0.01080	0.01260	0.00840	0.00720	0.00480	0.00240	0.00600	0.00420	0.00480	0.00840
48	0.00993	0.00827	0.00872	0.00853	0.01110	0.00725	0.00642	0.01308	0.04775	0.02318	0.17701	0.06973	0.54475	0.01858	0.00910	0.00259	0.00398	0.01562	0.00746	0.00694
49	0.01097	0.00793	0.01036	0.00975	0.01158	0.00732	0.00732	0.01463	0.02195	0.03109	0.67505	0.05792	0.07316	0.01585	0.00914	0.00244	0.00366	0.01402	0.00854	0.00732
50	0.01097	0.00793	0.01036	0.00975	0.01158	0.00732	0.00732	0.01463	0.02195	0.03109	0.67505	0.05792	0.07316	0.01585	0.00914	0.00244	0.00366	0.01402	0.00854	0.00732
51	0.01919	0.01842	0.03147	0.04759	0.67914	0.01842	0.02380	0.02380	0.01765	0.02533	0.01458	0.01919	0.01228	0.00691	0.00768	0.00230	0.00921	0.00691	0.00384	0.01228
52	0.01445	0.00723	0.00723	0.00723	0.00903	0.00723	0.00542	0.01807	0.01626	0.02891	0.02529	0.02891	0.01987	0.00903	0.00542	0.00181	0.00361	0.00723	0.77055	0.00723
53	0.01696	0.01696	0.02375	0.02036	0.02036	0.02375	0.01696	0.01866	0.01187	0.01866	0.01018	0.01696	0.01018	0.01357	0.02545	0.00339	0.71332	0.00679	0.00339	0.00848
54	0.01812	0.02233	0.09600	0.03250	0.06838	0.01943	0.57373	0.02477	0.01812	0.02484	0.01550	0.02048	0.01163	0.00662	0.00894	0.00259	0.01277	0.00878	0.00387	0.01062
55	0.01929	0.01666	0.01753	0.01578	0.02016	0.01929	0.01227	0.04120	0.66513	0.03243	0.03156	0.02893	0.02367	0.01052	0.00789	0.00263	0.00614	0.00877	0.00789	0.01227
56	0.01464	0.01378	0.02326	0.70887	0.05340	0.01723	0.02153	0.01981	0.01550	0.01981	0.01378	0.02067	0.01034	0.00775	0.00775	0.00258	0.01034	0.00689	0.00345	0.00861
57	0.02947	0.02172	0.02327	0.01784	0.02404	0.02404	0.01474	0.65329	0.03646	0.04887	0.01862	0.01862	0.01319	0.00931	0.00776	0.00233	0.00853	0.00698	0.00776	0.01319
58	0.01086	0.00783	0.01030	0.01004	0.01172	0.00727	0.00750	0.01426	0.02100	0.02954	0.58064	0.13256	0.06964	0.01700	0.00929	0.00256	0.00389	0.03858	0.00833	0.00720
59	0.01872	0.46370	0.29150	0.01669	0.02520	0.02576	0.01923	0.02374	0.01599	0.02069	0.01200	0.01396	0.00990	0.00692	0.00590	0.00197	0.00952	0.00476	0.00330	0.01054
60	0.01317	0.01116	0.01381	0.01299	0.01586	0.01138	0.04851	0.02156	0.21694	0.02490	0.06888	0.22053	0.22175	0.01716	0.00904	0.00280	0.00549	0.04827	0.00725	0.00855
61	0.02896	0.03695	0.02197	0.01998	0.02397	0.69638	0.01498	0.03096	0.02197	0.01898	0.01199	0.01398	0.00999	0.00799	0.00699	0.00200	0.01398	0.00499	0.00400	0.00899
62	0.01464	0.01378	0.02326	0.70887	0.05340	0.01723	0.02153	0.01981	0.01550	0.01981	0.01378	0.02067	0.01034	0.00775	0.00775	0.00258	0.01034	0.00689	0.00345	0.00861
63	0.01899	0.01822	0.03111	0.07660	0.65169	0.01837	0.02370	0.02362	0.01756	0.02509	0.01455	0.01926	0.01220	0.00695	0.00768	0.00232	0.00926	0.00691	0.00382	0.01212
64	0.01499	0.01418	0.02373	0.64213	0.08611	0.01758	0.02145	0.01998	0.01546	0.02006	0.01366	0.02043	0.01044	0.00796	0.00853	0.00260	0.04154	0.00689	0.00346	0.00881
65	0.03479	0.01320	0.01799	0.01380	0.01979	0.01140	0.01140	0.03779	0.02219	0.68451	0.03059	0.02639	0.01919	0.00960	0.00780	0.00240	0.00660	0.00780	0.00960	0.01320
66	0.01464	0.01378	0.02326	0.70887	0.05340	0.01723	0.02153	0.01981	0.01550	0.01981	0.01378	0.02067	0.01034	0.00775	0.00775	0.00258	0.01034	0.00689	0.00345	0.00861
67	0.04234	0.13971	0.52069	0.02120	0.03145	0.01997	0.07290	0.02432	0.01632	0.02399	0.01348	0.01601	0.00994	0.00719	0.00706	0.00235	0.01093	0.00570	0.00338	0.01106
68	0.00925	0.00786	0.00798	0.00795	0.01053	0.00658	0.00596	0.01130	0.01788	0.02144	0.10762	0.07381	0.64661	0.01945	0.00916	0.00261	0.00391	0.01625	0.00727	0.00658
69	0.01165	0.00832	0.01152	0.01331	0.01472	0.00819	0.01102	0.01460	0.01701	0.02225	0.04152	0.26435	0.04648	0.02222	0.01048	0.00345	0.00640	0.45844	0.00716	0.00691
70	0.01571	0.01550	0.02810	0.52669	0.10622	0.01777	0.13704	0.02108	0.01621	0.02122	0.01420	0.02059	0.01077	0.00745	0.00800	0.00256	0.01074	0.00731	0.00357	0.00927
71	0.01512	0.03495	0.56170	0.02176	0.03174	0.01688	0.07767	0.02310	0.01637	0.02407	0.01715	0.09244	0.01443	0.00911	0.00778	0.00254	0.01085	0.00776	0.00375	0.01082
72	0.01870	0.01792	0.03059	0.11849	0.61206	0.01829	0.02355	0.02337	0.01742	0.02474	0.01450	0.01935	0.01207	0.00700	0.00768	0.00233	0.00933	0.00691	0.00380	0.01189
73	0.00945	0.00675	0.00900	0.01080	0.01125	0.00630	0.00720	0.01080	0.01484	0.01979	0.04274	0.72245	0.05128	0.02429	0.00990	0.00315	0.00450	0.02204	0.00720	0.00630
74	0.01990	0.62190	0.14367	0.01467	0.02208	0.02866	0.01572	0.02343	0.01585	0.01925	0.01128	0.01306	0.00993	0.00675	0.00536	0.00179	0.00880	0.00440	0.00331	0.01019
75	0.01041	0.00790	0.00958	0.00916	0.01124	0.00708	0.00687	0.01354	0.02061	0.02792	0.48872	0.06314	0.26147	0.01703	0.00915	0.00249	0.00374	0.01475	0.00812	0.00708
76	0.02000	0.01307	0.07520	0.03495	0.01731	0.01045	0.01064	0.02361	0.04219	0.25137	0.14189	0.06605	0.05647	0.18380	0.01573	0.00369	0.00667	0.01043	0.00720	0.00926
77	0.01151	0.00882	0.01324	0.01279	0.01417	0.00991	0.03435	0.01401	0.01291	0.01852	0.02294	0.10153	0.02289	0.11564	0.49215	0.01002	0.03956	0.00994	0.02827	0.00684
78	0.01891	0.01814	0.03096	0.08850	0.64043	0.01835	0.02366	0.02355	0.01752	0.02499	0.01453	0.01928	0.01216	0.00696	0.00768	0.00232	0.00928	0.00691	0.00381	0.01205
79	0.78228	0.01499	0.01140	0.01020	0.01499	0.01739	0.00840	0.02279	0.01320	0.03479	0.01080	0.01260	0.00840	0.00720	0.00480	0.00240	0.00600	0.00420	0.00480	0.00840
80	0.01675	0.09012	0.57436	0.02260	0.06642	0.01925	0.02662	0.05238	0.01729	0.02520	0.01392	0.01632	0.01011	0.00737	0.00722	0.00238	0.01097	0.00573	0.00351	0.01147
81	0.01393	0.15777	0.22860	0.01517	0.02023	0.01548	0.01545	0.01787	0.01526	0.02079	0.02552	0.31199	0.02777	0.03693	0.00975	0.00279	0.03859	0.01246	0.00497	0.00867
82	0.02947	0.02172	0.02327	0.01784	0.02404	0.02404	0.01474	0.65329	0.03646	0.04887	0.01862	0.01862	0.01319	0.00931	0.00776	0.00233	0.00853	0.00698	0.00776	0.01319
83	0.05856	0.15343	0.47926	0.02099	0.03092	0.02026	0.08533	0.02426	0.01628	0.02408	0.01339	0.01594	0.00995	0.00715	0.00700	0.00233	0.01078	0.00571	0.00343	0.01094
84	0.01006	0.00753	0.00934	0.00964	0.01121	0.00681	0.00694	0.01259	0.01868	0.02511	0.33342	0.27333	0.20809	0.01943	0.00939	0.00271	0.00399	0.01713	0.00780	0.00681
85	0.00993	0.00704	0.00915	0.01033	0.01120	0.00655	0.00710	0.01185	0.01642	0.02243	0.16869	0.53810	0.07902	0.02184	0.00954	0.00293	0.00427	0.01965	0.03739	0.00655
86	0.01492	0.01347	0.02222	0.05972	0.25213	0.01327	0.08195	0.01963	0.03679	0.02705	0.27486	0.06461	0.06322	0.01165	0.00856	0.00246	0.00705	0.01092	0.00602	0.00953
87	0.01858	0.01876	0.02671	0.06368	0.35107	0.10956	0.07954	0.02269	0.01810	0.02351	0.02034	0.06781	0.01946	0.01048	0.00837	0.00257	0.00968	0.11421	0.00460	0.01029
88	0.01866	0.01788	0.03051	0.12462	0.60626	0.01828	0.02353	0.02333	0.01740	0.02469	0.01449	0.01936	0.01206	0.00701	0.00768	0.00234	0.00934	0.00691	0.00379	0.01185
89	0.01980	0.02174	0.11427	0.09164	0.47204	0.05985	0.02304	0.02477	0.01783	0.05945	0.01513	0.01900	0.01204	0.00724	0.00761	0.00233	0.00974	0.00668	0.00405	0.01174
90	0.01555	0.04011	0.68733	0.02210	0.03356	0.01801	0.02865	0.02455	0.01637	0.02455	0.01391	0.01637	0.00982	0.00737	0.00737	0.00246	0.01146	0.00573	0.00327	0.01146
91	0.02943	0.02077	0.02394	0.01822	0.02450	0.02247	0.04913	0.55390	0.03396	0.11475	0.01972	0.01956	0.01374	0.00919	0.00784	0.00235	0.00858	0.00719	0.00774	0.01304
92	0.01362	0.02027	0.24356	0.10472	0.02517	0.01292	0.01694	0.04304	0.01896	0.02630	0.22090	0.04156	0.11051	0.01252	0.00842	0.00256	0.00766	0.05556	0.00579	0.00902
93	0.01274	0.01090	0.01845	0.04426	0.02002	0.01057	0.15500	0.01639	0.04493	0.02226	0.06168	0.35254	0.06391	0.01768	0.01041	0.04500	0.00687	0.03545	0.04338	0.00758
94	0.01611	0.01528	0.02591	0.49489	0.25589	0.01761	0.02227	0.02110	0.01620	0.02160	0.01404	0.02019	0.01097	0.00748	0.00773	0.00249	0.00997	0.00690	0.00357	0.00980
95	0.01919	0.01842	0.03147	0.04759	0.67914	0.01842	0.02380	0.02380	0.01765	0.02533	0.01458	0.01919	0.01228	0.00691	0.00768	0.00230	0.00921	0.00691	0.00384	0.01228
96	0.01743	0.01934	0.04131	0.03109	0.06645	0.01818	0.55601	0.02334	0.01791	0.02434	0.01843	0.09334	0.01587	0.00839	0.00916	0.00266	0.01201	0.01038	0.00426	0.01011
97	0.01666	0.20142	0.42667	0.01989	0.02914	0.02033	0.07462	0.02348	0.01682	0.02358	0.06524	0.01907	0.01499	0.00779	0.00708	0.00228	0.01022	0.00628	0.00375	0.01069
98	0.01919	0.01842	0.03147	0.04759	0.67914	0.01842	0.02380	0.02380	0.01765	0.02533	0.01458	0.01919	0.01228	0.00691	0.00768	0.00230	0.00921	0.00691	0.00384	0.01228
99	0.01504	0.01418	0.02397	0.65146	0.10773	0.01733	0.02173	0.02016	0.01569	0.02029	0.01385	0.02054	0.01050	0.00768	0.00775	0.00256	0.01024	0.00689	0.00348	0.00893
100	0.01794	0.01635	0.02803	0.32315	0.35969	0.01766	0.04914	0.02279	0.01698	0.05231	0.01501	0.02021	0.01175	0.00737	0.00778	0.00244	0.00973	0.00704	0.00393	0.01070
101	0.01794	0.01714	0.02920	0.23010	0.50644	0.01809	0.02317	0.02270	0.01706	0.02381	0.01436	0.01960	0.01174	0.00714	0.00770	0.00238	0.00952	0.00690	0.00373	0.01127
102	0.01973	0.01038	0.01354	0.01150	0.01492	0.00954	0.00904	0.05613	0.02280	0.24524	0.42988	0.04554	0.05236	0.01346	0.00863	0.00242	0.00488	0.01162	0.00884	0.00955
103	0.02611	0.03207	0.02305	0.09678	0.08768	0.53777	0.01657	0.02868	0.02054	0.01964	0.01236	0.01529	0.01024	0.00805	0.00776	0.00214	0.03670	0.00544	0.00390	0.00924
104	0.01593	0.07614	0.62781	0.02204	0.03311	0.01874	0.05223	0.02449	0.01641	0.02423	0.01382	0.01634	0.00990	0.00729	0.00731	0.00242	0.01135	0.00578	0.00330	0.01134
105	0.02750	0.03378	0.02115	0.01921	0.02314	0.59941	0.01444	0.05493	0.05732	0.02092	0.01481	0.04951	0.01287	0.00897	0.00721	0.00210	0.01288	0.00611	0.00451	0.00920
106	0.00963	0.00693	0.00916	0.01078	0.01143	0.00646	0.00738	0.01119	0.01538	0.02045	0.06995	0.64175	0.07731	0.02363	0.00987	0.00312	0.00455	0.04738	0.00725	0.00639
107	0.01537	0.03886	0.66114	0.02162	0.03271	0.01759	0.02782	0.02417	0.01659	0.02481	0.03950	0.01798	0.01227	0.00769	0.00744	0.00245	0.01116	0.00605	0.00348	0.01130
108	0.01689	0.01607	0.02731	0.38217	0.36254	0.01782	0.02265	0.02178	0.01657	0.02254	0.01418	0.01994	0.01130	0.00734	0.00771	0.00245	0.00978	0.00690	0.00364	0.01043
109	0.01919	0.01842	0.03147	0.04759	0.67914	0.01842	0.02380	0.02380	0.01765	0.02533	0.01458	0.01919	0.01228	0.00691	0.00768	0.00230	0.00921	0.00691	0.00384	0.01228
110	0.01558	0.01474	0.02496	0.57203	0.18289	0.01747	0.02200	0.02064	0.01595	0.02095	0.01395	0.02037	0.01074	0.00758	0.00774	0.00253	0.01010	0.00689	0.00353	0.00937
111	0.01147	0.00997	0.01677	0.07286	0.02002	0.00963	0.12481	0.01411	0.01570	0.02078	0.03764	0.49682	0.07936	0.01941	0.00954	0.00297	0.00650	0.01809	0.00629	0.00726
112	0.01111	0.00745	0.00850	0.00866	0.00870	0.00741	0.00492	0.01123	0.01159	0.01545	0.02605	0.11008	0.03023	0.66538	0.03685	0.00713	0.00725	0.01223	0.00492	0.00484
113	0.01952	0.01905	0.03115	0.04666	0.65704	0.04130	0.02350	0.02404	0.01780	0.02512	0.01450	0.01901	0.01220	0.00694	0.00765	0.00229	0.00937	0.00684	0.00384	0.01217
114	0.01640	0.03599	0.56145	0.05992	0.05605	0.01834	0.06600	0.05187	0.01737	0.02541	0.01425	0.01707	0.01020	0.00741	0.00752	0.00246	0.01130	0.00610	0.00354	0.01135
115	0.09496	0.01549	0.01724	0.01441	0.01939	0.05146	0.01182	0.12699	0.08042	0.32040	0.02950	0.03345	0.04927	0.01129	0.00792	0.00255	0.00716	0.08690	0.00801	0.01139
116	0.00981	0.00734	0.01025	0.01133	0.01221	0.00681	0.02882	0.01149	0.01549	0.02064	0.07810	0.63096	0.08159	0.02301	0.00979	0.00307	0.00471	0.02089	0.00716	0.00651
117	0.02397	0.01395	0.04420	0.01454	0.01900	0.03903	0.03943	0.05477	0.02046	0.33126	0.08624	0.14404	0.02961	0.01517	0.03797	0.00303	0.00752	0.05742	0.00788	0.01049
118	0.02869	0.01628	0.06002	0.01621	0.04625	0.01455	0.01326	0.08771	0.14958	0.41456	0.04987	0.02641	0.02055	0.00972	0.00783	0.00244	0.00697	0.00797	0.00846	0.01267
119	0.08094	0.50778	0.05983	0.01571	0.04744	0.02655	0.04165	0.04314	0.01641	0.02153	0.01481	0.01662	0.04257	0.00765	0.00627	0.00194	0.03015	0.00531	0.00382	0.00989
120	0.02604	0.02027	0.02240	0.01751	0.02315	0.09681	0.06622	0.31607	0.04833	0.11902	0.01939	0.02110	0.01448	0.03980	0.03447	0.00280	0.00934	0.00708	0.00666	0.08903
121	0.01974	0.02045	0.10543	0.03946	0.49948	0.01802	0.02247	0.02644	0.08059	0.06671	0.01714	0.02025	0.01353	0.00748	0.00767	0.00236	0.00901	0.00701	0.00452	0.01224

[dist]
# distance from previous block
# <min> <max>
0	11

# created by:
# /st0/software/busco_prod/Augustus/scripts/msa2prfl.pl ./align_prep/123700.fa
