[name]
unknown

[dist]
# distance from previous block
# <min> <max>
0	49

[block]
# block no. 0 follows, 24 sequences, length 15
# corresponding to MSA columns:
# 91-105
name=unknown_A
#
# <colnr> <probs for GDERKNQSTAVLIFYWHMCP>
#	G	D	E	R	K	N	Q	S	T	A	V	L	I	F	Y	W	H	M	C	P
0	0.22557	0.01825	0.06637	0.02783	0.26269	0.01870	0.01783	0.02309	0.03531	0.02736	0.01579	0.02326	0.01402	0.00970	0.01045	0.00270	0.12961	0.05668	0.00448	0.01031
1	0.01155	0.06020	0.01157	0.01001	0.01099	0.00923	0.00674	0.01255	0.01349	0.01771	0.03307	0.22585	0.08486	0.35990	0.09253	0.00616	0.00799	0.01405	0.00553	0.00602
2	0.01777	0.07263	0.08774	0.02728	0.03430	0.01948	0.42546	0.02362	0.01824	0.02512	0.08064	0.02379	0.01795	0.00817	0.00991	0.00258	0.05791	0.00891	0.00438	0.03413
3	0.02174	0.58483	0.03761	0.06497	0.02290	0.02845	0.01420	0.02450	0.01646	0.07234	0.01287	0.01470	0.01098	0.00742	0.00644	0.00190	0.03860	0.00487	0.00393	0.01028
4	0.00998	0.00714	0.00948	0.01083	0.01157	0.00665	0.00739	0.01183	0.01664	0.02257	0.16916	0.58406	0.05695	0.02311	0.00997	0.00307	0.00443	0.02089	0.00764	0.00665
5	0.01563	0.03452	0.52733	0.02216	0.03204	0.01708	0.07309	0.02377	0.01713	0.02492	0.01873	0.02853	0.01580	0.00973	0.00821	0.00270	0.01115	0.10251	0.00402	0.01095
6	0.01843	0.11369	0.44699	0.02524	0.12620	0.08741	0.02541	0.02550	0.01744	0.02394	0.01378	0.01648	0.01045	0.00745	0.00727	0.00235	0.01128	0.00578	0.00351	0.01142
7	0.02037	0.01655	0.01741	0.01557	0.01968	0.04672	0.01222	0.12119	0.37635	0.05817	0.08261	0.08394	0.02948	0.01264	0.00845	0.00269	0.00673	0.04995	0.00789	0.01137
8	0.58876	0.01598	0.06106	0.01153	0.01635	0.01603	0.01004	0.02217	0.01426	0.05246	0.01655	0.11365	0.01528	0.00994	0.00594	0.00257	0.00635	0.00712	0.00529	0.00867
9	0.01818	0.08950	0.50196	0.02421	0.09786	0.06398	0.02615	0.02576	0.01739	0.04344	0.01443	0.01687	0.01061	0.00754	0.00737	0.00240	0.01126	0.00587	0.00365	0.01157
10	0.02720	0.13611	0.02316	0.01521	0.02087	0.01938	0.01288	0.23245	0.07414	0.23085	0.07613	0.02753	0.02199	0.01033	0.00772	0.00238	0.00743	0.03436	0.00778	0.01210
11	0.01015	0.00725	0.00976	0.01160	0.01228	0.00686	0.00821	0.01189	0.01567	0.02079	0.04344	0.61754	0.05138	0.02438	0.01025	0.00329	0.00503	0.11630	0.00735	0.00658
12	0.01176	0.01000	0.01031	0.01029	0.01214	0.05702	0.00741	0.01414	0.01898	0.02445	0.28237	0.18639	0.23419	0.07066	0.01164	0.00304	0.00505	0.01572	0.00744	0.00698
13	0.05114	0.15414	0.16373	0.02142	0.07968	0.01998	0.10607	0.09908	0.02065	0.13569	0.05879	0.02141	0.01661	0.00839	0.00750	0.00234	0.00927	0.00713	0.00551	0.01147
14	0.01048	0.00739	0.00883	0.00969	0.01064	0.00696	0.00648	0.01193	0.01500	0.02012	0.04471	0.36562	0.16610	0.17432	0.03993	0.00430	0.00566	0.01729	0.06832	0.00624

[dist]
# distance from previous block
# <min> <max>
0	1

[block]
# block no. 1 follows, 24 sequences, length 7
# corresponding to MSA columns:
# 107-113
name=unknown_B
#
# <colnr> <probs for GDERKNQSTAVLIFYWHMCP>
#	G	D	E	R	K	N	Q	S	T	A	V	L	I	F	Y	W	H	M	C	P
0	0.02411	0.03089	0.10050	0.02364	0.09548	0.37349	0.05542	0.03042	0.10786	0.02323	0.01720	0.02136	0.01421	0.00892	0.00772	0.00234	0.01198	0.03625	0.00468	0.01031
1	0.03009	0.02381	0.02366	0.01847	0.02458	0.09260	0.01510	0.58263	0.03577	0.04685	0.01834	0.01855	0.01315	0.00938	0.00785	0.00235	0.00930	0.00693	0.00754	0.01305
2	0.08561	0.02128	0.02241	0.01749	0.02357	0.02369	0.01438	0.55007	0.08531	0.04754	0.01950	0.01942	0.01398	0.00946	0.00772	0.00241	0.00833	0.00707	0.00772	0.01304
3	0.02008	0.02695	0.15585	0.03139	0.15993	0.13023	0.26024	0.02573	0.01838	0.02402	0.01447	0.01873	0.01135	0.00766	0.00952	0.00253	0.06083	0.00739	0.00385	0.01086
4	0.02252	0.01200	0.01529	0.01264	0.01729	0.01054	0.00992	0.02692	0.06636	0.28904	0.12525	0.14145	0.03190	0.01244	0.00809	0.00233	0.00573	0.01067	0.00804	0.17158
5	0.01666	0.16310	0.47682	0.01999	0.02941	0.02045	0.02420	0.02381	0.01671	0.02399	0.05668	0.01886	0.01438	0.00838	0.00838	0.00242	0.05488	0.00619	0.00372	0.01096
6	0.02096	0.13603	0.07752	0.07219	0.26921	0.07696	0.08541	0.07805	0.06060	0.02624	0.01555	0.01874	0.01246	0.00760	0.00751	0.00231	0.01006	0.00673	0.00440	0.01149

[dist]
# distance from previous block
# <min> <max>
0	1

[block]
# block no. 2 follows, 24 sequences, length 45
# corresponding to MSA columns:
# 115-159
name=unknown_C
#
# <colnr> <probs for GDERKNQSTAVLIFYWHMCP>
#	G	D	E	R	K	N	Q	S	T	A	V	L	I	F	Y	W	H	M	C	P
0	0.01162	0.00761	0.01015	0.01119	0.01230	0.00705	0.00788	0.01362	0.01706	0.06152	0.15396	0.53068	0.05418	0.02228	0.00989	0.00306	0.00469	0.04642	0.00775	0.00708
1	0.01689	0.01630	0.02831	0.34125	0.23913	0.01769	0.10501	0.03787	0.01764	0.02356	0.01966	0.02475	0.06029	0.00844	0.00820	0.00255	0.01006	0.00809	0.00411	0.01019
2	0.10507	0.01731	0.06742	0.15836	0.08427	0.01638	0.11600	0.02787	0.07306	0.17613	0.03966	0.02558	0.01714	0.00901	0.00797	0.00259	0.00894	0.03047	0.00590	0.01089
3	0.01762	0.00953	0.01241	0.01110	0.01414	0.00852	0.00862	0.02081	0.02138	0.20627	0.36033	0.09488	0.13014	0.01568	0.00908	0.00259	0.00478	0.03443	0.00872	0.00896
4	0.01646	0.01517	0.02489	0.33574	0.27298	0.01682	0.02083	0.02199	0.04314	0.02383	0.05637	0.02904	0.01867	0.00942	0.00825	0.00262	0.00929	0.05989	0.00449	0.01012
5	0.05284	0.13491	0.24313	0.02170	0.10848	0.11093	0.01936	0.04805	0.01858	0.04224	0.05181	0.07840	0.01785	0.00952	0.00738	0.00235	0.00975	0.00758	0.00458	0.01054
6	0.01850	0.02921	0.34110	0.03481	0.34080	0.01835	0.02619	0.02529	0.01762	0.05211	0.01526	0.01855	0.01165	0.00740	0.00770	0.00243	0.01041	0.00653	0.00389	0.01220
7	0.01711	0.01788	0.03356	0.14028	0.06969	0.01952	0.29973	0.02190	0.01661	0.02310	0.04404	0.04995	0.01581	0.00983	0.01316	0.00286	0.18213	0.00901	0.00414	0.00967
8	0.01863	0.02041	0.04198	0.07407	0.08049	0.01980	0.51160	0.02645	0.07317	0.02578	0.01724	0.02196	0.01302	0.00713	0.00906	0.00265	0.01234	0.00904	0.00432	0.01086
9	0.02498	0.01425	0.05412	0.01561	0.02071	0.01197	0.07681	0.05150	0.02092	0.34693	0.07963	0.12697	0.02807	0.01241	0.00848	0.00260	0.00709	0.03538	0.05049	0.01106
10	0.01033	0.00736	0.00925	0.01037	0.01100	0.00705	0.00690	0.01155	0.01449	0.01913	0.04088	0.43149	0.09728	0.20924	0.04719	0.00478	0.00619	0.04286	0.00655	0.00609
11	0.01216	0.00840	0.01000	0.00992	0.01050	0.00862	0.00629	0.04160	0.01360	0.01837	0.04388	0.12152	0.03084	0.50704	0.11755	0.00745	0.00902	0.01224	0.00527	0.00576
12	0.02079	0.51396	0.18163	0.01597	0.02381	0.02792	0.01718	0.07725	0.01806	0.02277	0.01242	0.01415	0.01043	0.00718	0.00587	0.00194	0.00922	0.00485	0.00377	0.01080
13	0.01571	0.01526	0.02610	0.29338	0.10880	0.01769	0.11359	0.01988	0.01573	0.02145	0.01828	0.12585	0.01735	0.01134	0.01190	0.00286	0.14177	0.00973	0.00422	0.00913
14	0.01620	0.06796	0.02277	0.01843	0.01908	0.02146	0.01522	0.01800	0.01291	0.01918	0.01586	0.11909	0.01699	0.01738	0.05758	0.00380	0.51655	0.00909	0.00407	0.00838
15	0.01392	0.00980	0.01175	0.01172	0.01420	0.00956	0.00899	0.01960	0.12008	0.07689	0.14295	0.21318	0.19466	0.01857	0.00945	0.00290	0.00515	0.10046	0.00787	0.00831
16	0.01725	0.10420	0.45727	0.02165	0.06393	0.05525	0.02409	0.02555	0.05558	0.02518	0.06341	0.02028	0.01585	0.00830	0.00745	0.00241	0.01050	0.00654	0.00410	0.01121
17	0.02072	0.01623	0.01758	0.01562	0.02011	0.01832	0.01220	0.04035	0.56481	0.09236	0.06651	0.03095	0.02652	0.01097	0.00813	0.00266	0.00618	0.00916	0.00827	0.01236
18	0.01823	0.01925	0.09208	0.20373	0.39637	0.01792	0.02314	0.02389	0.03365	0.04118	0.01666	0.02315	0.01372	0.00812	0.00798	0.00251	0.00969	0.03322	0.00417	0.01135
19	0.07551	0.01859	0.02884	0.15402	0.49226	0.04711	0.02240	0.02389	0.01754	0.02540	0.01438	0.01915	0.01183	0.00728	0.00762	0.00240	0.00958	0.00677	0.00394	0.01149
20	0.01764	0.01441	0.01553	0.01393	0.01781	0.01571	0.01087	0.11545	0.33435	0.03225	0.10672	0.07124	0.15695	0.01389	0.00860	0.00267	0.00586	0.02757	0.00793	0.01060
21	0.01440	0.00990	0.01215	0.01140	0.01400	0.00967	0.00870	0.02065	0.12124	0.08495	0.37815	0.11253	0.11435	0.01616	0.00917	0.00265	0.00464	0.03826	0.00841	0.00862
22	0.02238	0.01689	0.01834	0.01600	0.02081	0.01898	0.01259	0.07756	0.53929	0.11672	0.03136	0.02863	0.02298	0.01056	0.00805	0.00264	0.00648	0.00873	0.00828	0.01273
23	0.01769	0.02321	0.13756	0.02961	0.03716	0.01937	0.46884	0.02408	0.01773	0.02459	0.01689	0.05922	0.01387	0.00837	0.01038	0.00274	0.06479	0.00939	0.00406	0.01046
24	0.00960	0.00756	0.00867	0.00942	0.01111	0.00663	0.00668	0.01144	0.01709	0.02150	0.09756	0.34777	0.37310	0.02189	0.00969	0.00290	0.00425	0.01907	0.00744	0.00663
25	0.01001	0.00710	0.00926	0.01067	0.01120	0.00668	0.00707	0.01143	0.01538	0.02066	0.09492	0.58235	0.05160	0.10544	0.01359	0.00368	0.00489	0.02056	0.00718	0.00634
26	0.02423	0.02588	0.02652	0.08075	0.23527	0.27434	0.04531	0.11325	0.02229	0.02626	0.01557	0.02056	0.01297	0.00848	0.00779	0.00233	0.01135	0.03138	0.00466	0.01083
27	0.06346	0.51588	0.13682	0.01522	0.02262	0.02799	0.01586	0.08113	0.01801	0.02348	0.01226	0.01393	0.01037	0.00718	0.00572	0.00193	0.00887	0.00476	0.00389	0.01063
28	0.01248	0.01081	0.06117	0.01230	0.01454	0.00880	0.01001	0.01629	0.04535	0.04981	0.21185	0.31448	0.05099	0.05222	0.01107	0.00318	0.00554	0.09400	0.00743	0.00769
29	0.01810	0.01045	0.01308	0.01166	0.01489	0.00986	0.00899	0.02356	0.09865	0.19339	0.31510	0.10545	0.11419	0.01507	0.00892	0.00259	0.00491	0.01302	0.00867	0.00945
30	0.01744	0.01891	0.03778	0.06879	0.03561	0.01954	0.42925	0.02262	0.01696	0.02342	0.01724	0.08115	0.01515	0.00974	0.01257	0.00287	0.14705	0.00990	0.00417	0.00982
31	0.01838	0.01402	0.01681	0.01411	0.01835	0.01447	0.05686	0.13806	0.17606	0.06651	0.07608	0.04258	0.21796	0.01314	0.00836	0.00253	0.00622	0.01109	0.07827	0.01012
32	0.01606	0.03996	0.64601	0.02319	0.03471	0.01850	0.06246	0.02513	0.01685	0.02513	0.01433	0.01699	0.01015	0.00749	0.00763	0.00252	0.01181	0.00605	0.00338	0.01166
33	0.05683	0.07793	0.60886	0.02145	0.03253	0.01911	0.02731	0.02494	0.01653	0.02531	0.01388	0.01631	0.00997	0.00748	0.00726	0.00246	0.01124	0.00569	0.00343	0.01147
34	0.05161	0.03829	0.05828	0.10595	0.10507	0.06693	0.01583	0.21714	0.04824	0.03231	0.07289	0.08309	0.02166	0.03677	0.00915	0.00267	0.00861	0.00885	0.00602	0.01064
35	0.01822	0.00959	0.01278	0.01126	0.01427	0.00862	0.00869	0.02159	0.02198	0.21952	0.43545	0.09857	0.05704	0.01498	0.00901	0.00254	0.00468	0.01309	0.00894	0.00916
36	0.51569	0.01524	0.01367	0.01167	0.01652	0.01697	0.00954	0.11169	0.01846	0.09197	0.06333	0.01918	0.01569	0.00862	0.00596	0.00242	0.00626	0.00590	0.04166	0.00956
37	0.01829	0.02028	0.04138	0.05961	0.03795	0.02078	0.49341	0.02394	0.01730	0.02394	0.01485	0.02059	0.01165	0.00815	0.01257	0.00283	0.14959	0.00878	0.00388	0.01022
38	0.01831	0.07846	0.02871	0.32506	0.25742	0.05934	0.04511	0.02378	0.04534	0.02275	0.01488	0.01988	0.01185	0.00763	0.00767	0.00243	0.01014	0.00687	0.00390	0.01046
39	0.00975	0.00694	0.00918	0.01093	0.01137	0.00650	0.00724	0.01106	0.01501	0.02001	0.04283	0.68503	0.05134	0.05746	0.01154	0.00343	0.00475	0.02203	0.00724	0.00636
40	0.01041	0.00765	0.00985	0.01142	0.01218	0.00743	0.00775	0.01335	0.06285	0.02120	0.04286	0.66519	0.05035	0.02380	0.00997	0.00318	0.00472	0.02154	0.00741	0.00689
41	0.04956	0.65714	0.03927	0.01388	0.02043	0.07178	0.01349	0.02422	0.01641	0.01933	0.01110	0.01282	0.01012	0.00689	0.00521	0.00175	0.00876	0.00430	0.00349	0.01006
42	0.01214	0.00919	0.01161	0.01269	0.01460	0.00912	0.01019	0.01691	0.08288	0.02380	0.07091	0.22910	0.14571	0.02096	0.01015	0.00325	0.00590	0.29588	0.00746	0.00754
43	0.01682	0.07344	0.51800	0.02542	0.08179	0.01935	0.10566	0.02502	0.01706	0.02486	0.01434	0.01733	0.01049	0.00735	0.00766	0.00248	0.01158	0.00630	0.00348	0.01157
44	0.08424	0.02700	0.27318	0.02270	0.08476	0.01904	0.08622	0.17687	0.02241	0.03288	0.07866	0.02184	0.01747	0.00872	0.00781	0.00248	0.00971	0.00734	0.00525	0.01144

[dist]
# distance from previous block
# <min> <max>
0	1

[block]
# block no. 3 follows, 24 sequences, length 125
# corresponding to MSA columns:
# 161-179,181-286
name=unknown_D
#
# <colnr> <probs for GDERKNQSTAVLIFYWHMCP>
#	G	D	E	R	K	N	Q	S	T	A	V	L	I	F	Y	W	H	M	C	P
0	0.01869	0.01797	0.03101	0.13164	0.54004	0.01834	0.05162	0.02353	0.01795	0.02535	0.03744	0.02127	0.01443	0.00748	0.00798	0.00241	0.00955	0.00742	0.00404	0.01181
1	0.02286	0.02225	0.02601	0.02819	0.21407	0.16069	0.06621	0.16910	0.02311	0.02929	0.01915	0.06708	0.01725	0.01042	0.00900	0.00252	0.03994	0.05653	0.00536	0.01096
2	0.07280	0.02005	0.09277	0.08668	0.07004	0.01872	0.30423	0.02248	0.01673	0.02438	0.01845	0.06458	0.03650	0.00950	0.01096	0.00276	0.10518	0.00908	0.00422	0.00990
3	0.01713	0.01351	0.02225	0.31779	0.11038	0.01469	0.05639	0.02175	0.01820	0.09318	0.09980	0.03716	0.02526	0.01119	0.00867	0.00273	0.00885	0.10610	0.00551	0.00946
4	0.01776	0.07851	0.24735	0.01984	0.05515	0.01634	0.06217	0.02523	0.08465	0.08466	0.04679	0.08362	0.02372	0.01181	0.00838	0.00270	0.00895	0.10619	0.00562	0.01057
5	0.01717	0.02081	0.13629	0.22850	0.18900	0.01796	0.14305	0.04514	0.01790	0.02456	0.01717	0.05508	0.01446	0.00873	0.00833	0.00261	0.01058	0.02798	0.00415	0.01054
6	0.01646	0.09542	0.59940	0.02237	0.03352	0.01954	0.05638	0.02502	0.01678	0.02461	0.01406	0.01663	0.01015	0.00743	0.00742	0.00245	0.01153	0.00589	0.00338	0.01155
7	0.01012	0.00699	0.00899	0.01058	0.01126	0.00654	0.00714	0.01174	0.01543	0.02115	0.04352	0.62675	0.07423	0.02321	0.00967	0.00307	0.00449	0.02090	0.07766	0.00654
8	0.04254	0.19384	0.35444	0.05024	0.07654	0.05121	0.02224	0.02407	0.01707	0.02372	0.03689	0.02035	0.01390	0.00824	0.00710	0.00234	0.01023	0.03045	0.00384	0.01076
9	0.02613	0.04627	0.02503	0.02441	0.15778	0.12137	0.01673	0.34140	0.05798	0.03714	0.01882	0.02272	0.01501	0.00948	0.00788	0.00239	0.00950	0.04144	0.00635	0.01215
10	0.01033	0.00739	0.00990	0.01133	0.01220	0.00697	0.00809	0.01240	0.01680	0.02263	0.14780	0.52441	0.05530	0.02302	0.01010	0.00316	0.00481	0.09905	0.00758	0.00673
11	0.01619	0.03904	0.61647	0.02369	0.03504	0.01858	0.09108	0.02514	0.01694	0.02514	0.01441	0.01721	0.01025	0.00745	0.00772	0.00253	0.01189	0.00621	0.00342	0.01162
12	0.01743	0.07195	0.30294	0.02747	0.11010	0.01996	0.18943	0.02405	0.01710	0.02448	0.03584	0.01955	0.01307	0.00815	0.00990	0.00258	0.08398	0.00723	0.00379	0.01099
13	0.01747	0.03011	0.32835	0.02861	0.03828	0.01933	0.37024	0.02527	0.01784	0.02527	0.01524	0.01932	0.01115	0.00706	0.00855	0.00260	0.01264	0.00780	0.00372	0.01115
14	0.00990	0.00716	0.00936	0.01070	0.01151	0.00662	0.00730	0.01169	0.01651	0.02216	0.14572	0.57468	0.09093	0.02319	0.00996	0.00307	0.00443	0.02090	0.00758	0.00662
15	0.01804	0.02136	0.09471	0.22021	0.06292	0.04757	0.32494	0.04520	0.01841	0.02439	0.01601	0.04002	0.01257	0.00780	0.00862	0.00262	0.01193	0.00842	0.00404	0.01023
16	0.01780	0.01883	0.03771	0.16858	0.17235	0.01877	0.36694	0.02358	0.01787	0.02428	0.01654	0.04895	0.01348	0.00774	0.00880	0.00262	0.01165	0.00896	0.00403	0.01053
17	0.01774	0.01165	0.01354	0.01325	0.05111	0.01239	0.00948	0.16389	0.02061	0.03127	0.02371	0.05750	0.02012	0.06102	0.10520	0.00396	0.00796	0.00837	0.35837	0.00886
18	0.01686	0.01513	0.02019	0.08167	0.07140	0.01649	0.07401	0.03014	0.34353	0.02788	0.03434	0.11472	0.09409	0.01253	0.00855	0.00272	0.00714	0.01116	0.00679	0.01066
19	0.03323	0.01471	0.01921	0.04240	0.02214	0.01382	0.01251	0.10703	0.06004	0.54313	0.02926	0.02600	0.01883	0.00976	0.00797	0.00247	0.00710	0.00790	0.00925	0.01325
20	0.01852	0.01790	0.03110	0.19662	0.49561	0.01863	0.05886	0.02347	0.01759	0.02459	0.01479	0.02007	0.01208	0.00724	0.00795	0.00244	0.00991	0.00719	0.00384	0.01160
21	0.02885	0.02352	0.02464	0.02206	0.10059	0.09646	0.01619	0.50551	0.03341	0.04381	0.01781	0.01859	0.01302	0.00908	0.00784	0.00234	0.00942	0.00691	0.00704	0.01291
22	0.01827	0.07157	0.03972	0.02823	0.03411	0.02116	0.42865	0.02343	0.01711	0.02347	0.01595	0.02375	0.01346	0.00908	0.01266	0.00283	0.15950	0.04297	0.00404	0.01004
23	0.01536	0.01445	0.01338	0.01293	0.01607	0.09613	0.00999	0.02349	0.20537	0.02481	0.05088	0.09609	0.28468	0.01638	0.00895	0.00275	0.00639	0.08595	0.00715	0.00878
24	0.01635	0.01231	0.01442	0.01417	0.01696	0.01319	0.01097	0.08098	0.23120	0.05063	0.03691	0.28169	0.03710	0.01770	0.00933	0.00302	0.00612	0.12970	0.00772	0.00952
25	0.02024	0.54967	0.12661	0.01789	0.05452	0.02823	0.06238	0.02408	0.01648	0.02035	0.01200	0.01422	0.01041	0.00689	0.00586	0.00191	0.00932	0.00497	0.00346	0.01053
26	0.03104	0.02077	0.02291	0.01756	0.02387	0.02245	0.01451	0.54519	0.03487	0.15360	0.02106	0.02035	0.01450	0.00957	0.00794	0.00239	0.00840	0.00728	0.00824	0.01349
27	0.01623	0.08342	0.64069	0.02204	0.03346	0.01922	0.02832	0.02503	0.01670	0.02471	0.01403	0.01649	0.01005	0.00749	0.00738	0.00246	0.01152	0.00576	0.00335	0.01162
28	0.00994	0.00757	0.00930	0.01045	0.01184	0.00692	0.00756	0.01182	0.01640	0.02095	0.05519	0.41129	0.25939	0.02407	0.03247	0.00340	0.00524	0.08232	0.00725	0.00664
29	0.01847	0.05497	0.11785	0.03094	0.03909	0.02050	0.52689	0.02511	0.01818	0.02488	0.01545	0.02036	0.01168	0.00700	0.00945	0.00264	0.03328	0.00866	0.00389	0.01073
30	0.01145	0.00765	0.00867	0.00876	0.00878	0.00763	0.00492	0.01151	0.01169	0.01559	0.02582	0.08155	0.02988	0.69022	0.03901	0.00749	0.00755	0.01202	0.00492	0.00488
31	0.00966	0.00690	0.00920	0.01104	0.01150	0.00644	0.00736	0.01104	0.01518	0.02024	0.04371	0.71614	0.05245	0.02484	0.01012	0.00322	0.00460	0.02254	0.00736	0.00644
32	0.01848	0.02061	0.04385	0.08860	0.08913	0.01977	0.54711	0.02491	0.01844	0.02502	0.01580	0.02124	0.01195	0.00681	0.00913	0.00265	0.01285	0.00900	0.00397	0.01068
33	0.17247	0.01767	0.02453	0.20794	0.22916	0.04543	0.04821	0.06307	0.03944	0.05689	0.01543	0.01917	0.01187	0.00778	0.00734	0.00247	0.00918	0.00664	0.00468	0.01064
34	0.01590	0.04102	0.68023	0.02260	0.03432	0.01842	0.02930	0.02511	0.01674	0.02511	0.01423	0.01674	0.01005	0.00753	0.00753	0.00251	0.01172	0.00586	0.00335	0.01172
35	0.00995	0.00719	0.00914	0.01058	0.01128	0.00670	0.00713	0.01132	0.01520	0.01995	0.04549	0.55195	0.11548	0.10128	0.01342	0.00367	0.00498	0.04190	0.00708	0.00632
36	0.01700	0.14443	0.52814	0.02280	0.06052	0.02049	0.05137	0.02488	0.01678	0.02417	0.01384	0.01644	0.01026	0.00736	0.00725	0.00239	0.01119	0.00580	0.00341	0.01148
37	0.02580	0.02337	0.02350	0.20937	0.03294	0.16875	0.01706	0.33630	0.02806	0.03498	0.01617	0.01858	0.01195	0.00878	0.00776	0.00238	0.01047	0.00667	0.00586	0.01124
38	0.00971	0.00694	0.00925	0.01101	0.01151	0.00648	0.00737	0.01117	0.01542	0.02063	0.06447	0.69428	0.05319	0.02456	0.01010	0.00320	0.00457	0.02227	0.00741	0.00648
39	0.01587	0.01508	0.02590	0.50408	0.18170	0.01747	0.04917	0.02092	0.01641	0.02167	0.01570	0.05248	0.01296	0.00846	0.00807	0.00261	0.01018	0.00786	0.00380	0.00957
40	0.02362	0.13441	0.15895	0.04922	0.02634	0.23213	0.01773	0.13683	0.04278	0.02679	0.01493	0.01697	0.01167	0.00840	0.00773	0.00224	0.03566	0.00587	0.03714	0.01061
41	0.02999	0.02161	0.02134	0.01720	0.02287	0.12397	0.01386	0.30475	0.12010	0.20685	0.02308	0.02189	0.01612	0.00956	0.00784	0.00239	0.00872	0.00730	0.00785	0.01269
42	0.01615	0.07268	0.65071	0.02218	0.03368	0.01902	0.02857	0.02505	0.01671	0.02481	0.01408	0.01656	0.01005	0.00750	0.00742	0.00247	0.01157	0.00578	0.00335	0.01165
43	0.01990	0.01984	0.03092	0.12388	0.09334	0.08300	0.21277	0.05037	0.01825	0.05316	0.04352	0.02142	0.01450	0.00934	0.01244	0.00273	0.16814	0.00793	0.00445	0.01011
44	0.01628	0.07285	0.62145	0.02265	0.03397	0.01911	0.05595	0.02506	0.01680	0.02482	0.01416	0.01676	0.01014	0.00746	0.00750	0.00248	0.01164	0.00594	0.00338	0.01160
45	0.01003	0.00751	0.00938	0.01058	0.01184	0.00686	0.00760	0.01198	0.01676	0.02175	0.09854	0.44165	0.20828	0.02271	0.00996	0.00308	0.00467	0.08269	0.00746	0.00667
46	0.01747	0.02816	0.28926	0.02675	0.03566	0.01897	0.32173	0.02657	0.08033	0.02626	0.03850	0.02163	0.01453	0.00773	0.00852	0.00261	0.01172	0.00812	0.00430	0.01117
47	0.02369	0.01573	0.01736	0.01497	0.01967	0.03790	0.01180	0.03779	0.38490	0.21948	0.07954	0.03203	0.04707	0.01110	0.00815	0.00259	0.00642	0.00920	0.00847	0.01215
48	0.00984	0.00703	0.00940	0.01124	0.01178	0.00659	0.00767	0.01135	0.01536	0.02044	0.04361	0.68064	0.05206	0.02468	0.01017	0.00324	0.00475	0.05630	0.00736	0.00649
49	0.01854	0.02105	0.04573	0.06432	0.04205	0.01994	0.61436	0.02516	0.01858	0.02516	0.01595	0.02138	0.01196	0.00674	0.00929	0.00267	0.01324	0.00925	0.00399	0.01061
50	0.02522	0.02467	0.03088	0.02388	0.02955	0.18776	0.22710	0.17324	0.02363	0.07689	0.01634	0.01906	0.01231	0.00870	0.01011	0.00251	0.08442	0.00742	0.00532	0.01097
51	0.01590	0.04102	0.68023	0.02260	0.03432	0.01842	0.02930	0.02511	0.01674	0.02511	0.01423	0.01674	0.01005	0.00753	0.00753	0.00251	0.01172	0.00586	0.00335	0.01172
52	0.01117	0.00806	0.01055	0.01001	0.01183	0.00745	0.00748	0.01482	0.02219	0.03139	0.64547	0.08260	0.07403	0.01652	0.00938	0.00252	0.00377	0.01463	0.00868	0.00745
53	0.02171	0.64839	0.06077	0.01441	0.02114	0.08397	0.01422	0.02443	0.01665	0.01893	0.01123	0.01298	0.01018	0.00692	0.00533	0.00175	0.00905	0.00436	0.00345	0.01015
54	0.01624	0.08384	0.64031	0.02204	0.03345	0.01923	0.02832	0.02503	0.01670	0.02471	0.01403	0.01649	0.01005	0.00749	0.00738	0.00246	0.01152	0.00576	0.00335	0.01162
55	0.02085	0.70055	0.04045	0.01344	0.02005	0.03053	0.01335	0.02343	0.01634	0.01912	0.03438	0.01437	0.01248	0.00712	0.00524	0.00172	0.00831	0.00460	0.00358	0.01008
56	0.01972	0.01703	0.01793	0.01614	0.02062	0.01972	0.01255	0.04214	0.65752	0.03317	0.03228	0.02959	0.02421	0.01076	0.00807	0.00269	0.00628	0.00897	0.00807	0.01255
57	0.01972	0.01703	0.01793	0.01614	0.02062	0.01972	0.01255	0.04214	0.65752	0.03317	0.03228	0.02959	0.02421	0.01076	0.00807	0.00269	0.00628	0.00897	0.00807	0.01255
58	0.01590	0.04102	0.68023	0.02260	0.03432	0.01842	0.02930	0.02511	0.01674	0.02511	0.01423	0.01674	0.01005	0.00753	0.00753	0.00251	0.01172	0.00586	0.00335	0.01172
59	0.01089	0.00809	0.01013	0.00962	0.01164	0.00734	0.00722	0.01431	0.02165	0.02992	0.56105	0.06233	0.18261	0.01691	0.00936	0.00253	0.00379	0.01478	0.00848	0.00734
60	0.00937	0.00803	0.00803	0.00803	0.01071	0.00669	0.00602	0.01138	0.01807	0.02142	0.08033	0.07632	0.66863	0.02008	0.00937	0.00268	0.00402	0.01674	0.00736	0.00669
61	0.01644	0.01409	0.01644	0.01175	0.01879	0.01057	0.00940	0.01997	0.01644	0.02584	0.01409	0.01644	0.01175	0.00587	0.00587	0.00117	0.00587	0.00470	0.00470	0.76979
62	0.02977	0.02202	0.02359	0.01817	0.02445	0.02441	0.01498	0.62351	0.05980	0.04937	0.01952	0.01942	0.01387	0.00956	0.00794	0.00239	0.00864	0.00721	0.00794	0.01345
63	0.03364	0.01427	0.01860	0.01451	0.02048	0.01310	0.01191	0.06664	0.09099	0.58015	0.03083	0.02690	0.01984	0.00990	0.00798	0.00248	0.00679	0.00804	0.00954	0.01339
64	0.01103	0.00891	0.01106	0.01210	0.05997	0.00802	0.00827	0.01401	0.01984	0.02603	0.30979	0.06590	0.35304	0.01766	0.00933	0.00263	0.00445	0.04287	0.00766	0.00747
65	0.01159	0.00887	0.01324	0.01309	0.01444	0.01053	0.01023	0.01437	0.01272	0.01844	0.02078	0.03056	0.01942	0.05752	0.66151	0.01235	0.05055	0.00843	0.00421	0.00715
66	0.01072	0.00781	0.01011	0.01028	0.01183	0.00720	0.00752	0.01370	0.02003	0.02766	0.43560	0.23783	0.11141	0.01901	0.00962	0.00274	0.00411	0.03746	0.00821	0.00714
67	0.03158	0.01317	0.01751	0.01375	0.01926	0.01178	0.01123	0.05534	0.04417	0.54820	0.11703	0.03118	0.02705	0.01070	0.00816	0.00246	0.00639	0.00884	0.00955	0.01265
68	0.01857	0.02071	0.04405	0.07620	0.09911	0.01979	0.54881	0.02499	0.01848	0.02513	0.01582	0.02122	0.01199	0.00680	0.00913	0.00264	0.01284	0.00901	0.00397	0.01075
69	0.00997	0.00714	0.00948	0.01083	0.01157	0.00665	0.00739	0.01182	0.01663	0.02255	0.16821	0.58506	0.05691	0.02312	0.00997	0.00308	0.00443	0.02091	0.00763	0.00665
70	0.01248	0.01023	0.01296	0.01284	0.01429	0.05177	0.00977	0.01500	0.01323	0.01819	0.02103	0.03205	0.02007	0.11813	0.58695	0.01161	0.01954	0.00857	0.00429	0.00700
71	0.01448	0.01220	0.01690	0.01539	0.01640	0.01552	0.01228	0.04135	0.01360	0.02022	0.01765	0.02703	0.01678	0.08716	0.33810	0.00803	0.27178	0.00804	0.03931	0.00777
72	0.01404	0.01237	0.01984	0.02705	0.28332	0.01201	0.03606	0.01701	0.01667	0.02282	0.03335	0.36464	0.07512	0.01662	0.00911	0.00281	0.00684	0.01536	0.00584	0.00911
73	0.01019	0.00807	0.00917	0.00890	0.01122	0.00704	0.00667	0.01297	0.02002	0.02603	0.34139	0.06872	0.40469	0.01836	0.00936	0.00260	0.00389	0.01567	0.00797	0.00704
74	0.01972	0.01703	0.01793	0.01614	0.02062	0.01972	0.01255	0.04214	0.65752	0.03317	0.03228	0.02959	0.02421	0.01076	0.00807	0.00269	0.00628	0.00897	0.00807	0.01255
75	0.01949	0.01902	0.03093	0.11830	0.58163	0.04305	0.02376	0.02416	0.01798	0.02506	0.01473	0.01960	0.01226	0.00720	0.00783	0.00237	0.00972	0.00699	0.00389	0.01203
76	0.00937	0.00803	0.00803	0.00803	0.01071	0.00669	0.00602	0.01138	0.01807	0.02142	0.08033	0.07632	0.66863	0.02008	0.00937	0.00268	0.00402	0.01674	0.00736	0.00669
77	0.01941	0.01862	0.03180	0.07887	0.64333	0.01878	0.02423	0.02415	0.01795	0.02565	0.01488	0.01970	0.01247	0.00711	0.00785	0.00237	0.00947	0.00706	0.00391	0.01239
78	0.01288	0.00689	0.01009	0.01048	0.01058	0.00679	0.00699	0.01048	0.01138	0.01518	0.02026	0.17414	0.02216	0.02696	0.02647	0.60320	0.00639	0.01028	0.00429	0.00409
79	0.01629	0.09131	0.63334	0.02194	0.03330	0.01937	0.02814	0.02501	0.01670	0.02464	0.01400	0.01645	0.01005	0.00748	0.00735	0.00245	0.01148	0.00574	0.00335	0.01161
80	0.01153	0.00863	0.01222	0.01238	0.01341	0.00978	0.00931	0.01373	0.01313	0.01848	0.02519	0.11929	0.02619	0.15678	0.43437	0.00984	0.04902	0.04514	0.00485	0.00673
81	0.09120	0.47899	0.05662	0.01507	0.02135	0.14953	0.01406	0.05488	0.01807	0.02204	0.01174	0.01346	0.01019	0.00725	0.00567	0.00189	0.00946	0.00460	0.00387	0.01006
82	0.06261	0.01662	0.01743	0.01565	0.02007	0.01907	0.01228	0.06809	0.54835	0.03375	0.05258	0.03115	0.02526	0.01107	0.00802	0.00269	0.00633	0.02908	0.00788	0.01202
83	0.01765	0.07100	0.37892	0.02354	0.03327	0.01902	0.18467	0.05323	0.01814	0.02605	0.01473	0.01779	0.01091	0.00719	0.00771	0.00236	0.01120	0.00661	0.00388	0.09214
84	0.01707	0.01407	0.01651	0.01182	0.01884	0.01061	0.00947	0.02057	0.01665	0.04701	0.01465	0.01679	0.01200	0.00600	0.00594	0.00122	0.00590	0.00480	0.00486	0.74522
85	0.14344	0.07545	0.02342	0.02000	0.05803	0.22347	0.01538	0.04585	0.01696	0.02324	0.01167	0.01557	0.01027	0.01006	0.01378	0.00265	0.27161	0.00578	0.00406	0.00931
86	0.01001	0.00844	0.00872	0.00858	0.01126	0.00735	0.00646	0.01310	0.04705	0.02295	0.13477	0.07258	0.58265	0.01929	0.00931	0.00266	0.00409	0.01616	0.00753	0.00703
87	0.00966	0.00690	0.00920	0.01104	0.01150	0.00644	0.00736	0.01104	0.01518	0.02024	0.04371	0.71614	0.05245	0.02484	0.01012	0.00322	0.00460	0.02254	0.00736	0.00644
88	0.01834	0.01770	0.03065	0.22193	0.47743	0.01857	0.05326	0.02330	0.01750	0.02438	0.01475	0.02011	0.01201	0.00728	0.00794	0.00245	0.00992	0.00717	0.00382	0.01147
89	0.73141	0.01522	0.01207	0.01066	0.01564	0.01741	0.00878	0.02426	0.01406	0.07530	0.01229	0.01376	0.00927	0.00751	0.00510	0.00245	0.00617	0.00452	0.00521	0.00889
90	0.01302	0.00850	0.01118	0.01028	0.01247	0.00779	0.00779	0.01671	0.02247	0.07943	0.62071	0.05686	0.07075	0.01574	0.00925	0.00249	0.00396	0.01387	0.00881	0.00793
91	0.01735	0.01735	0.02429	0.02082	0.02082	0.02429	0.01735	0.01908	0.01214	0.01908	0.01041	0.01735	0.01041	0.01388	0.02602	0.00347	0.70680	0.00694	0.00347	0.00867
92	0.01134	0.00844	0.01244	0.01244	0.01376	0.00975	0.00954	0.01397	0.01266	0.01819	0.02152	0.03268	0.02049	0.10806	0.64221	0.01237	0.02025	0.00872	0.00429	0.00691
93	0.77733	0.01534	0.01166	0.01043	0.01534	0.01779	0.00859	0.02331	0.01350	0.03558	0.01104	0.01288	0.00859	0.00736	0.00491	0.00245	0.00613	0.00429	0.00491	0.00859
94	0.02524	0.08151	0.05407	0.05205	0.13613	0.01573	0.01505	0.03045	0.06648	0.28622	0.02218	0.02208	0.01568	0.00828	0.00732	0.00218	0.00760	0.00686	0.00662	0.13826
95	0.02107	0.63790	0.09717	0.01464	0.02175	0.05673	0.01503	0.02418	0.01642	0.01926	0.01136	0.01314	0.01017	0.00691	0.00539	0.00178	0.00900	0.00442	0.00342	0.01027
96	0.00980	0.00711	0.00926	0.01071	0.01148	0.00657	0.00728	0.01147	0.01614	0.02151	0.11009	0.60211	0.09997	0.02361	0.00999	0.00311	0.00447	0.02128	0.00750	0.00657
97	0.03031	0.01233	0.01671	0.01321	0.01843	0.01075	0.01075	0.03352	0.02264	0.53762	0.16902	0.03397	0.03158	0.01120	0.00827	0.00246	0.00610	0.00935	0.00958	0.01219
98	0.02020	0.01727	0.01820	0.01623	0.02080	0.01995	0.01267	0.06960	0.62928	0.03394	0.03167	0.02911	0.02372	0.01070	0.00806	0.00268	0.00639	0.00888	0.00806	0.01259
99	0.01644	0.01409	0.01644	0.01175	0.01879	0.01057	0.00940	0.01997	0.01644	0.02584	0.01409	0.01644	0.01175	0.00587	0.00587	0.00117	0.00587	0.00470	0.00470	0.76979
100	0.00937	0.00803	0.00803	0.00803	0.01071	0.00669	0.00602	0.01138	0.01807	0.02142	0.08033	0.07632	0.66863	0.02008	0.00937	0.00268	0.00402	0.01674	0.00736	0.00669
101	0.02859	0.03446	0.02276	0.02025	0.02420	0.56547	0.01548	0.09082	0.02301	0.02238	0.01276	0.01503	0.01055	0.00881	0.00889	0.00220	0.07489	0.00547	0.00441	0.00957
102	0.00970	0.00800	0.00854	0.00870	0.01112	0.00685	0.00654	0.01187	0.01822	0.02228	0.12352	0.12249	0.54747	0.02020	0.00950	0.00275	0.00418	0.04384	0.00747	0.00677
103	0.02120	0.72609	0.04155	0.01357	0.02035	0.03138	0.01357	0.02374	0.01611	0.01866	0.01102	0.01272	0.01018	0.00678	0.00509	0.00170	0.00848	0.00424	0.00339	0.01018
104	0.02021	0.01736	0.01886	0.01772	0.05046	0.01991	0.01321	0.06981	0.59912	0.03363	0.03086	0.02863	0.02317	0.01053	0.00805	0.00266	0.00653	0.00879	0.00787	0.01260
105	0.02653	0.02025	0.02313	0.06983	0.06591	0.02246	0.01558	0.47942	0.08731	0.04347	0.02071	0.05235	0.01594	0.01007	0.00804	0.00246	0.00850	0.00800	0.00735	0.01268
106	0.02161	0.01649	0.06710	0.01609	0.02099	0.01518	0.04858	0.15188	0.12390	0.15206	0.12809	0.09895	0.03165	0.01289	0.00867	0.00266	0.00719	0.05728	0.00776	0.01098
107	0.01598	0.01558	0.02803	0.38725	0.08278	0.01764	0.16254	0.02100	0.01637	0.02213	0.01654	0.06058	0.01384	0.00905	0.00959	0.00269	0.06160	0.00846	0.03907	0.00926
108	0.02867	0.05486	0.02406	0.01764	0.02396	0.02407	0.01464	0.56291	0.06025	0.04671	0.01896	0.01904	0.01368	0.00927	0.00771	0.00230	0.00848	0.00696	0.00757	0.04824
109	0.01640	0.01857	0.10380	0.26026	0.09557	0.01577	0.08609	0.02168	0.01667	0.02376	0.01440	0.01895	0.01124	0.00699	0.00735	0.00212	0.00936	0.00638	0.00398	0.26068
110	0.10912	0.01305	0.01425	0.05517	0.03895	0.01407	0.01018	0.18102	0.02211	0.03469	0.07267	0.02827	0.04818	0.00993	0.00677	0.00221	0.00592	0.00786	0.31623	0.00935
111	0.02155	0.22895	0.27920	0.01726	0.02530	0.02100	0.01885	0.09220	0.01926	0.12201	0.01715	0.01994	0.01325	0.06027	0.00935	0.00263	0.00944	0.00626	0.00492	0.01122
112	0.01071	0.00812	0.00989	0.00955	0.01166	0.00730	0.00723	0.01392	0.02095	0.02831	0.46431	0.06558	0.25640	0.01761	0.00942	0.00259	0.00396	0.03701	0.00826	0.00723
113	0.03048	0.02167	0.02346	0.01799	0.02432	0.02379	0.01486	0.60785	0.03638	0.08881	0.01980	0.01953	0.01387	0.00954	0.00794	0.00238	0.00860	0.00719	0.00805	0.01349
114	0.02134	0.66239	0.07127	0.01421	0.02121	0.03046	0.01439	0.05117	0.01707	0.02034	0.01153	0.01319	0.01032	0.00694	0.00533	0.00177	0.00865	0.00445	0.00359	0.01040
115	0.01666	0.02399	0.20876	0.02515	0.03219	0.01830	0.28727	0.02367	0.04613	0.02396	0.01665	0.02176	0.01320	0.01647	0.12272	0.00437	0.07643	0.00804	0.00401	0.01028
116	0.00966	0.00690	0.00920	0.01104	0.01150	0.00644	0.00736	0.01104	0.01518	0.02024	0.04371	0.71614	0.05245	0.02484	0.01012	0.00322	0.00460	0.02254	0.00736	0.00644
117	0.01377	0.00689	0.01033	0.01033	0.01033	0.00689	0.00689	0.01033	0.01033	0.01377	0.01377	0.02410	0.01377	0.02755	0.03099	0.76928	0.00689	0.00689	0.00344	0.00344
118	0.21873	0.11126	0.02342	0.04008	0.02327	0.15261	0.03432	0.24749	0.02433	0.03460	0.01441	0.01591	0.01104	0.00822	0.00670	0.00227	0.00933	0.00573	0.00556	0.01073
119	0.01099	0.00746	0.00881	0.00934	0.00948	0.00733	0.00555	0.01139	0.01259	0.01679	0.03042	0.24467	0.03568	0.51919	0.03159	0.00639	0.00679	0.01473	0.00555	0.00528
120	0.01114	0.00810	0.01048	0.00988	0.01179	0.00745	0.00741	0.01480	0.02224	0.03131	0.63994	0.06004	0.10286	0.01639	0.00935	0.00250	0.00375	0.01445	0.00866	0.00745
121	0.02903	0.02261	0.02333	0.01917	0.04994	0.07338	0.01506	0.54772	0.03452	0.04585	0.01866	0.01916	0.01350	0.00931	0.00777	0.00233	0.00896	0.00700	0.03986	0.01287
122	0.02143	0.06123	0.01993	0.01608	0.02094	0.02052	0.01280	0.09410	0.53512	0.06211	0.02975	0.02750	0.02219	0.01036	0.00787	0.00259	0.00665	0.00847	0.00784	0.01253
123	0.01717	0.16510	0.50512	0.02263	0.06216	0.02089	0.05241	0.02484	0.01677	0.02398	0.01375	0.01634	0.01027	0.00734	0.00718	0.00236	0.01109	0.00577	0.00341	0.01143
124	0.01382	0.00691	0.01019	0.01019	0.01028	0.00691	0.00682	0.01071	0.01062	0.01450	0.01433	0.02436	0.01408	0.02670	0.02982	0.73382	0.00674	0.00691	0.03865	0.00363

[dist]
# distance from previous block
# <min> <max>
0	34

# created by:
# /st0/software/busco_prod/Augustus/scripts/msa2prfl.pl ./align_prep/123818.fa
