[name]
unknown

[dist]
# distance from previous block
# <min> <max>
0	30

[block]
# block no. 0 follows, 25 sequences, length 40
# corresponding to MSA columns:
# 30-69
name=unknown_A
#
# <colnr> <probs for GDERKNQSTAVLIFYWHMCP>
#	G	D	E	R	K	N	Q	S	T	A	V	L	I	F	Y	W	H	M	C	P
0	0.01311	0.00992	0.01453	0.01535	0.01758	0.00996	0.04741	0.01764	0.04611	0.02370	0.03925	0.08127	0.04191	0.02013	0.01050	0.00348	0.00742	0.56619	0.00700	0.00755
1	0.02947	0.02172	0.02327	0.01784	0.02404	0.02404	0.01474	0.65329	0.03646	0.04887	0.01862	0.01862	0.01319	0.00931	0.00776	0.00233	0.00853	0.00698	0.00776	0.01319
2	0.00975	0.00704	0.00928	0.01089	0.01163	0.00657	0.00758	0.01141	0.01552	0.02058	0.06854	0.60773	0.08571	0.02347	0.00990	0.00313	0.00466	0.07294	0.00724	0.00642
3	0.02818	0.02290	0.02295	0.01902	0.04819	0.09960	0.01490	0.50812	0.08665	0.04323	0.01880	0.01897	0.01367	0.00917	0.00768	0.00231	0.00897	0.00690	0.00720	0.01260
4	0.02812	0.01467	0.01793	0.01429	0.01950	0.01448	0.01160	0.17190	0.09853	0.36633	0.12874	0.02987	0.02680	0.01061	0.00801	0.00242	0.00652	0.00870	0.00883	0.01217
5	0.01082	0.00792	0.01015	0.00959	0.01149	0.00725	0.00719	0.01433	0.02158	0.03022	0.62372	0.05936	0.12504	0.01618	0.00915	0.00245	0.00368	0.01422	0.00842	0.00725
6	0.02053	0.07895	0.02810	0.02290	0.06558	0.18433	0.12322	0.02427	0.04337	0.02105	0.01322	0.01756	0.01137	0.00981	0.01417	0.00264	0.27545	0.00665	0.02743	0.00941
7	0.36505	0.01739	0.01666	0.01352	0.01903	0.01911	0.01106	0.24911	0.07372	0.03854	0.01558	0.01644	0.01168	0.00805	0.00621	0.00225	0.00688	0.00560	0.00608	0.09804
8	0.02099	0.01911	0.01892	0.01653	0.02099	0.12357	0.04440	0.03616	0.43726	0.07298	0.03136	0.02964	0.07237	0.01058	0.00791	0.00251	0.00757	0.00873	0.00714	0.01128
9	0.00958	0.00685	0.00911	0.01071	0.01127	0.00638	0.00721	0.01112	0.01545	0.02076	0.09677	0.66566	0.05315	0.02357	0.00983	0.00309	0.00443	0.02136	0.00731	0.00638
10	0.02813	0.02105	0.02251	0.01757	0.02353	0.02342	0.01441	0.57269	0.11923	0.04670	0.02032	0.01997	0.01457	0.00947	0.00777	0.00237	0.00822	0.00722	0.00777	0.01307
11	0.02850	0.02284	0.02262	0.01787	0.02369	0.09309	0.01454	0.53376	0.09167	0.04429	0.01910	0.01907	0.01380	0.00928	0.00769	0.00232	0.00888	0.00694	0.00738	0.01267
12	0.00945	0.00675	0.00900	0.01080	0.01125	0.00630	0.00720	0.01080	0.01484	0.01979	0.04274	0.72245	0.05128	0.02429	0.00990	0.00315	0.00450	0.02204	0.00720	0.00630
13	0.01919	0.01842	0.03147	0.04759	0.67914	0.01842	0.02380	0.02380	0.01765	0.02533	0.01458	0.01919	0.01228	0.00691	0.00768	0.00230	0.00921	0.00691	0.00384	0.01228
14	0.02630	0.01838	0.02018	0.01639	0.02185	0.02018	0.01324	0.31528	0.28175	0.14256	0.02560	0.02390	0.01826	0.00983	0.00782	0.00246	0.00728	0.00781	0.00810	0.01283
15	0.01433	0.00724	0.00727	0.00727	0.00901	0.00724	0.00539	0.01781	0.01607	0.02837	0.02526	0.02975	0.02019	0.03672	0.00673	0.00203	0.00376	0.00738	0.74104	0.00713
16	0.01758	0.01977	0.04277	0.03091	0.03815	0.01853	0.59878	0.02370	0.01802	0.02443	0.01788	0.07780	0.01497	0.00798	0.00921	0.00266	0.01238	0.01020	0.00419	0.01012
17	0.02557	0.01566	0.04501	0.01445	0.01978	0.03321	0.01199	0.03493	0.22708	0.33013	0.08602	0.02859	0.02430	0.01007	0.00778	0.00239	0.00655	0.00829	0.00822	0.05999
18	0.02032	0.67687	0.09230	0.01397	0.02099	0.02967	0.01450	0.02332	0.01580	0.01875	0.01103	0.01275	0.00994	0.00669	0.00517	0.00172	0.00854	0.00427	0.00331	0.01007
19	0.00944	0.00758	0.00844	0.00883	0.01080	0.00657	0.00639	0.01144	0.01743	0.02181	0.13737	0.24033	0.44554	0.02041	0.00935	0.00274	0.00404	0.01757	0.00735	0.00657
20	0.53531	0.01708	0.01445	0.01228	0.01736	0.06615	0.01002	0.09696	0.01776	0.12866	0.01461	0.01536	0.01061	0.00784	0.00572	0.00236	0.00695	0.00509	0.00577	0.00967
21	0.01959	0.06186	0.01843	0.01501	0.01952	0.01879	0.01189	0.03797	0.54765	0.06646	0.03312	0.03060	0.06348	0.01079	0.00778	0.00255	0.00616	0.00889	0.00765	0.01181
22	0.65344	0.01405	0.01157	0.01036	0.01483	0.01604	0.00847	0.02271	0.01377	0.06584	0.01322	0.01532	0.01027	0.01069	0.04941	0.00301	0.00685	0.00481	0.04687	0.00848
23	0.01249	0.00892	0.01249	0.01428	0.01606	0.00892	0.01249	0.01606	0.01785	0.02320	0.04105	0.08746	0.04462	0.02142	0.01071	0.00357	0.00714	0.62695	0.00714	0.00714
24	0.02073	0.73217	0.04063	0.01327	0.01990	0.03068	0.01327	0.02322	0.01575	0.01824	0.01078	0.01244	0.00995	0.00663	0.00498	0.00166	0.00829	0.00415	0.00332	0.00995
25	0.01043	0.00844	0.00943	0.00967	0.01212	0.00762	0.00764	0.01368	0.04429	0.02280	0.12353	0.07389	0.46430	0.01929	0.00943	0.00280	0.00465	0.14168	0.00734	0.00697
26	0.01090	0.00792	0.01026	0.00968	0.01154	0.00728	0.00726	0.01449	0.02177	0.03068	0.65092	0.05859	0.09755	0.01600	0.00915	0.00245	0.00367	0.01412	0.00848	0.00728
27	0.02210	0.01813	0.01973	0.01774	0.04995	0.02057	0.01346	0.20984	0.46293	0.03667	0.02724	0.02565	0.02027	0.01003	0.00784	0.00253	0.00693	0.00819	0.00768	0.01253
28	0.02124	0.58452	0.09940	0.01477	0.02167	0.07090	0.01490	0.05830	0.01734	0.02056	0.01158	0.01324	0.01012	0.00693	0.00548	0.00179	0.00896	0.00450	0.00360	0.01021
29	0.01203	0.00813	0.01059	0.00993	0.01194	0.00745	0.00746	0.01549	0.02149	0.06286	0.59304	0.08591	0.09203	0.01605	0.00911	0.00247	0.00385	0.01415	0.00848	0.00754
30	0.08278	0.01331	0.01757	0.01356	0.01948	0.01178	0.01120	0.03682	0.02161	0.64279	0.02932	0.02551	0.01850	0.00944	0.00760	0.00240	0.00656	0.00757	0.00929	0.01289
31	0.01044	0.00756	0.01007	0.01172	0.01279	0.00720	0.00886	0.01258	0.01608	0.02103	0.04506	0.45801	0.09949	0.02296	0.01011	0.00325	0.00533	0.22367	0.00718	0.00660
32	0.11105	0.61676	0.06532	0.01329	0.01991	0.02855	0.01336	0.02322	0.01548	0.02048	0.01092	0.01263	0.00976	0.00673	0.00506	0.00178	0.00816	0.00422	0.00349	0.00983
33	0.00946	0.00692	0.00891	0.01041	0.01117	0.00636	0.00705	0.01096	0.01542	0.02031	0.06828	0.62305	0.12629	0.02345	0.00978	0.00306	0.00440	0.02110	0.00724	0.00636
34	0.01952	0.01085	0.01527	0.01268	0.01641	0.00991	0.04919	0.02385	0.04958	0.24498	0.36118	0.04488	0.08239	0.01319	0.00865	0.00245	0.00534	0.01157	0.00849	0.00962
35	0.01555	0.04011	0.68733	0.02210	0.03356	0.01801	0.02865	0.02455	0.01637	0.02455	0.01391	0.01637	0.00982	0.00737	0.00737	0.00246	0.01146	0.00573	0.00327	0.01146
36	0.02634	0.05507	0.01877	0.01454	0.01956	0.05828	0.01173	0.06269	0.23762	0.30408	0.05495	0.02679	0.02164	0.00987	0.00757	0.00238	0.00683	0.00795	0.04140	0.01194
37	0.10018	0.02132	0.09952	0.05376	0.03633	0.01861	0.46004	0.02522	0.01772	0.06745	0.01587	0.01994	0.01164	0.00692	0.00838	0.00256	0.01166	0.00813	0.00430	0.01044
38	0.38474	0.32722	0.02483	0.01209	0.01771	0.04902	0.01092	0.02405	0.01510	0.05982	0.01183	0.01328	0.00968	0.00710	0.00511	0.00206	0.00733	0.00439	0.00437	0.00934
39	0.06173	0.07230	0.23964	0.02001	0.07152	0.06744	0.01887	0.11809	0.09410	0.04822	0.01987	0.02645	0.01643	0.00970	0.00759	0.00249	0.00928	0.08002	0.00528	0.01096

[dist]
# distance from previous block
# <min> <max>
0	3

[block]
# block no. 1 follows, 25 sequences, length 32
# corresponding to MSA columns:
# 73-104
name=unknown_B
#
# <colnr> <probs for GDERKNQSTAVLIFYWHMCP>
#	G	D	E	R	K	N	Q	S	T	A	V	L	I	F	Y	W	H	M	C	P
0	0.02369	0.08492	0.20621	0.01894	0.02569	0.24724	0.01812	0.17820	0.04681	0.02822	0.01718	0.01841	0.03560	0.00855	0.00724	0.00222	0.01089	0.00617	0.00491	0.01078
1	0.02046	0.01811	0.06290	0.08987	0.08553	0.05204	0.01437	0.09406	0.04314	0.09619	0.01671	0.01858	0.01269	0.00726	0.00682	0.00185	0.00778	0.00590	0.00528	0.34044
2	0.29385	0.18848	0.02219	0.01331	0.01893	0.02132	0.01151	0.18962	0.02119	0.10359	0.03945	0.01728	0.01356	0.00819	0.00610	0.00220	0.00719	0.00566	0.00587	0.01050
3	0.01188	0.00788	0.00941	0.00972	0.01157	0.00699	0.00692	0.01364	0.01673	0.08220	0.08376	0.33005	0.29243	0.06604	0.01129	0.00312	0.00463	0.01743	0.00732	0.00698
4	0.04691	0.01914	0.05430	0.08304	0.46545	0.01859	0.09736	0.05914	0.01854	0.04123	0.01509	0.01928	0.01208	0.00714	0.00775	0.00237	0.00961	0.00706	0.00418	0.01173
5	0.01950	0.02618	0.28208	0.03409	0.35884	0.01749	0.02430	0.02562	0.01766	0.09718	0.01608	0.01889	0.01209	0.00738	0.00757	0.00237	0.00979	0.00655	0.00425	0.01207
6	0.01029	0.00735	0.00996	0.01176	0.01257	0.00702	0.00866	0.01225	0.01567	0.02073	0.04227	0.54747	0.04945	0.02350	0.01012	0.00326	0.00523	0.18873	0.00718	0.00653
7	0.06889	0.06016	0.52000	0.02096	0.03093	0.01863	0.05945	0.02595	0.07649	0.02578	0.01532	0.01739	0.01112	0.00758	0.00725	0.00245	0.01056	0.00604	0.00384	0.01121
8	0.02259	0.12845	0.16150	0.02111	0.07994	0.01739	0.12075	0.02777	0.03391	0.22451	0.02137	0.07104	0.01654	0.00906	0.00765	0.00239	0.00895	0.00803	0.00575	0.01131
9	0.01154	0.00825	0.01137	0.01295	0.01438	0.00808	0.01062	0.01453	0.01741	0.02299	0.09778	0.25456	0.04894	0.02169	0.01035	0.00336	0.00612	0.41086	0.00728	0.00693
10	0.01124	0.00870	0.01057	0.01133	0.01347	0.00827	0.00920	0.01502	0.05341	0.02300	0.09062	0.13016	0.29023	0.02005	0.00980	0.00305	0.00543	0.27204	0.00729	0.00713
11	0.00966	0.00690	0.00924	0.01104	0.01158	0.00648	0.00756	0.01116	0.01505	0.02003	0.04262	0.67884	0.05082	0.02409	0.00995	0.00318	0.00468	0.06358	0.00719	0.00636
12	0.01876	0.18676	0.44515	0.01989	0.02915	0.12743	0.02323	0.02528	0.01712	0.02233	0.01294	0.01516	0.00988	0.00731	0.00680	0.00221	0.01118	0.00528	0.00340	0.01075
13	0.01381	0.00720	0.00746	0.00763	0.00921	0.00716	0.00554	0.01701	0.01585	0.02729	0.02687	0.09454	0.02326	0.05059	0.00774	0.00225	0.00391	0.00883	0.65687	0.00700
14	0.03421	0.01412	0.01857	0.01424	0.02026	0.01277	0.01176	0.10484	0.02375	0.61527	0.02928	0.02554	0.01854	0.00957	0.00779	0.00239	0.00681	0.00771	0.00940	0.01319
15	0.01765	0.01609	0.02688	0.34546	0.35356	0.01767	0.02201	0.02298	0.03621	0.04506	0.01526	0.02039	0.01197	0.00749	0.00772	0.00244	0.00954	0.00699	0.00397	0.01065
16	0.00964	0.00689	0.00922	0.01102	0.01156	0.00647	0.00754	0.01114	0.01504	0.02001	0.04263	0.68152	0.05085	0.02411	0.00995	0.00318	0.00467	0.06103	0.00719	0.00635
17	0.02011	0.64890	0.11844	0.01433	0.02154	0.02916	0.01512	0.02338	0.01583	0.01900	0.01116	0.01291	0.00993	0.00672	0.00526	0.00175	0.00867	0.00434	0.00331	0.01013
18	0.01850	0.01718	0.07877	0.46782	0.06160	0.01763	0.04369	0.09282	0.01869	0.08551	0.01598	0.02059	0.01154	0.00800	0.00777	0.00252	0.00995	0.00697	0.00451	0.00995
19	0.01627	0.13549	0.59820	0.02088	0.03168	0.01975	0.02653	0.02437	0.01629	0.02368	0.01348	0.01583	0.00984	0.00727	0.00704	0.00235	0.01102	0.00551	0.00328	0.01125
20	0.00950	0.00786	0.00838	0.00869	0.01106	0.00675	0.00661	0.01156	0.01746	0.02106	0.07210	0.12942	0.56566	0.02019	0.00937	0.00275	0.00427	0.07354	0.00719	0.00658
21	0.02629	0.05838	0.04632	0.01941	0.02352	0.50214	0.01536	0.05521	0.07441	0.02144	0.01373	0.01571	0.01126	0.00870	0.00875	0.00220	0.07776	0.00555	0.00436	0.00951
22	0.01507	0.01129	0.01204	0.06841	0.01577	0.07284	0.00921	0.01825	0.01546	0.02376	0.02123	0.02726	0.01780	0.04358	0.16456	0.00457	0.04822	0.00735	0.39591	0.00742
23	0.01115	0.00746	0.00849	0.00862	0.00865	0.00743	0.00487	0.01124	0.01152	0.01536	0.02569	0.09687	0.02977	0.67922	0.03743	0.00722	0.00731	0.01201	0.00487	0.00481
24	0.01251	0.00908	0.01132	0.01046	0.01257	0.00875	0.00793	0.06722	0.02224	0.03099	0.53797	0.05602	0.08666	0.05542	0.01079	0.00276	0.00442	0.03712	0.00815	0.00762
25	0.04659	0.30862	0.33019	0.01757	0.02613	0.05989	0.02004	0.02517	0.01670	0.06467	0.01354	0.01521	0.01044	0.00725	0.00635	0.00211	0.00985	0.00515	0.00379	0.01074
26	0.02141	0.01254	0.01510	0.01254	0.01660	0.01226	0.00999	0.15460	0.04757	0.21181	0.27121	0.04201	0.11321	0.01303	0.00845	0.00243	0.00559	0.01094	0.00849	0.01023
27	0.01178	0.00816	0.01050	0.00990	0.01196	0.00746	0.00753	0.01526	0.02141	0.05518	0.57150	0.05933	0.12601	0.01616	0.00915	0.00250	0.00392	0.03641	0.00840	0.00747
28	0.08990	0.07892	0.21869	0.02681	0.11671	0.09103	0.22002	0.02496	0.01740	0.02465	0.01384	0.01729	0.01065	0.00704	0.00752	0.00237	0.01120	0.00663	0.00377	0.01060
29	0.01757	0.02333	0.17448	0.02595	0.03270	0.01925	0.34035	0.04365	0.01721	0.02477	0.01513	0.01976	0.01171	0.00822	0.01132	0.00265	0.13488	0.00780	0.05912	0.01018
30	0.01516	0.00955	0.01264	0.01251	0.04047	0.00891	0.00932	0.01920	0.04235	0.12606	0.39030	0.05623	0.11317	0.01548	0.00906	0.00260	0.00490	0.09544	0.00817	0.00846
31	0.01864	0.01604	0.01695	0.01529	0.01953	0.01842	0.01188	0.03923	0.62007	0.03200	0.05640	0.03152	0.04743	0.01102	0.00798	0.00262	0.00597	0.00921	0.00789	0.01190

[dist]
# distance from previous block
# <min> <max>
2	5

[block]
# block no. 2 follows, 25 sequences, length 22
# corresponding to MSA columns:
# 110-131
name=unknown_C
#
# <colnr> <probs for GDERKNQSTAVLIFYWHMCP>
#	G	D	E	R	K	N	Q	S	T	A	V	L	I	F	Y	W	H	M	C	P
0	0.01886	0.08380	0.20193	0.02727	0.03568	0.05048	0.39493	0.02535	0.01792	0.04634	0.01519	0.01898	0.01131	0.00692	0.00823	0.00246	0.01211	0.00766	0.00391	0.01069
1	0.02009	0.12950	0.05897	0.02220	0.02917	0.07482	0.26980	0.08806	0.01941	0.02577	0.01437	0.01759	0.01133	0.00696	0.00776	0.00210	0.02451	0.00672	0.00433	0.16653
2	0.01570	0.01371	0.01759	0.01292	0.01935	0.01066	0.05413	0.01919	0.01613	0.02479	0.01627	0.07377	0.01474	0.00730	0.00632	0.00141	0.00616	0.00633	0.00476	0.65877
3	0.01807	0.16918	0.46516	0.02021	0.02980	0.02024	0.05071	0.02504	0.01659	0.06984	0.01444	0.01654	0.01061	0.00757	0.00765	0.00234	0.03536	0.00576	0.00376	0.01114
4	0.09189	0.03520	0.03214	0.01428	0.02009	0.01475	0.01196	0.08637	0.11711	0.45196	0.02726	0.02442	0.01804	0.00939	0.00748	0.00241	0.00678	0.00744	0.00850	0.01254
5	0.01198	0.00885	0.01182	0.01287	0.01490	0.00833	0.01059	0.01493	0.01694	0.02250	0.04035	0.23171	0.07107	0.02043	0.00994	0.00318	0.00622	0.39117	0.00690	0.08533
6	0.01342	0.00998	0.01222	0.04129	0.01348	0.01090	0.00799	0.06508	0.01555	0.02134	0.14296	0.04470	0.03271	0.43262	0.02844	0.00552	0.07910	0.01079	0.00547	0.00643
7	0.07441	0.06707	0.02279	0.04629	0.09164	0.12834	0.01471	0.19558	0.09185	0.14503	0.01917	0.01962	0.01403	0.00876	0.00772	0.00231	0.02622	0.00662	0.00633	0.01152
8	0.00943	0.00683	0.00892	0.01059	0.01119	0.00632	0.00711	0.01082	0.01504	0.01987	0.04525	0.67692	0.09519	0.02396	0.00985	0.00311	0.00446	0.02164	0.00720	0.00632
9	0.02314	0.01836	0.02293	0.13273	0.12644	0.02033	0.01641	0.35649	0.07953	0.03703	0.02016	0.07485	0.01642	0.00996	0.00792	0.00245	0.00842	0.00828	0.00644	0.01170
10	0.11512	0.10570	0.05859	0.01537	0.02129	0.09546	0.01331	0.14316	0.07479	0.25086	0.02083	0.01998	0.01456	0.00868	0.00700	0.00227	0.00815	0.00644	0.00684	0.01160
11	0.01931	0.01530	0.02139	0.12253	0.19490	0.01632	0.01630	0.16734	0.05751	0.05806	0.02439	0.14307	0.02288	0.01225	0.00840	0.00264	0.00794	0.07289	0.00606	0.01049
12	0.01534	0.00889	0.01176	0.01050	0.01309	0.00806	0.00806	0.01888	0.02199	0.15089	0.55689	0.05214	0.06327	0.01470	0.00890	0.00243	0.00420	0.01288	0.00873	0.00839
13	0.01961	0.02214	0.09769	0.04275	0.56007	0.07335	0.02358	0.02445	0.01787	0.02474	0.01431	0.01848	0.01184	0.00704	0.00759	0.00229	0.00983	0.00663	0.00379	0.01193
14	0.01984	0.13908	0.31292	0.08921	0.03179	0.11789	0.08603	0.02577	0.01761	0.06903	0.01450	0.01702	0.01078	0.00746	0.00720	0.00229	0.01105	0.00599	0.00392	0.01061
15	0.01690	0.02192	0.14415	0.22252	0.10489	0.06501	0.20267	0.02254	0.01708	0.02258	0.01666	0.07636	0.01416	0.00861	0.00820	0.00255	0.01099	0.00844	0.00394	0.00985
16	0.01119	0.00751	0.00862	0.00870	0.00876	0.00754	0.00498	0.01134	0.01148	0.01535	0.02512	0.08009	0.02892	0.67337	0.06042	0.00749	0.00783	0.01166	0.00479	0.00485
17	0.02248	0.01721	0.05586	0.07226	0.02379	0.01743	0.01423	0.14105	0.28910	0.14695	0.02770	0.03131	0.02136	0.01086	0.00810	0.00262	0.00737	0.07111	0.00747	0.01173
18	0.03133	0.14534	0.39576	0.07136	0.09732	0.01944	0.04466	0.02313	0.01626	0.02322	0.01507	0.05573	0.01248	0.00814	0.00719	0.00236	0.01020	0.00667	0.00362	0.01072
19	0.01347	0.01223	0.01712	0.28924	0.07582	0.05009	0.01477	0.01677	0.01604	0.02044	0.02913	0.28261	0.05792	0.01523	0.00876	0.00281	0.00782	0.05660	0.00530	0.00785
20	0.01469	0.01277	0.01910	0.01975	0.11413	0.01273	0.09269	0.02038	0.09814	0.04233	0.04249	0.08903	0.21758	0.01508	0.00971	0.00280	0.03417	0.12718	0.00629	0.00894
21	0.03104	0.07919	0.06847	0.01523	0.02171	0.01632	0.01352	0.17145	0.02437	0.43987	0.02505	0.02276	0.01640	0.00912	0.00751	0.00232	0.00752	0.00715	0.00820	0.01279

[dist]
# distance from previous block
# <min> <max>
0	2

[block]
# block no. 3 follows, 25 sequences, length 25
# corresponding to MSA columns:
# 134-158
name=unknown_D
#
# <colnr> <probs for GDERKNQSTAVLIFYWHMCP>
#	G	D	E	R	K	N	Q	S	T	A	V	L	I	F	Y	W	H	M	C	P
0	0.02769	0.02083	0.04631	0.04663	0.08044	0.02179	0.01586	0.47745	0.05311	0.10212	0.01945	0.01972	0.01378	0.00904	0.00774	0.00236	0.00850	0.00706	0.00728	0.01284
1	0.02118	0.56547	0.11173	0.01512	0.02197	0.11359	0.01523	0.02435	0.01661	0.01905	0.01129	0.01308	0.00994	0.00689	0.00550	0.00179	0.00937	0.00443	0.00340	0.01000
2	0.07927	0.05080	0.05339	0.07775	0.02390	0.01560	0.01361	0.13211	0.02267	0.41506	0.02407	0.02255	0.01581	0.00897	0.00743	0.00237	0.00753	0.00707	0.00781	0.01222
3	0.01882	0.41911	0.24403	0.01782	0.02597	0.02519	0.07205	0.02464	0.04744	0.02148	0.01318	0.01519	0.01072	0.00704	0.00622	0.00204	0.00959	0.00529	0.00357	0.01058
4	0.00968	0.00706	0.00888	0.01007	0.01090	0.00652	0.00679	0.01116	0.01544	0.02033	0.09111	0.51837	0.14335	0.08690	0.01242	0.00342	0.00463	0.01965	0.00707	0.00626
5	0.04189	0.01991	0.05396	0.05047	0.03043	0.04550	0.28350	0.02206	0.01526	0.02201	0.01283	0.01850	0.01078	0.00980	0.01606	0.00292	0.32344	0.00760	0.00368	0.00943
6	0.02095	0.02224	0.02567	0.19590	0.20365	0.19915	0.04938	0.05148	0.07652	0.02352	0.01521	0.01899	0.01212	0.00813	0.00847	0.00239	0.04500	0.00667	0.00429	0.01027
7	0.01696	0.01696	0.02375	0.02036	0.02036	0.02375	0.01696	0.01866	0.01187	0.01866	0.01018	0.01696	0.01018	0.01357	0.02545	0.00339	0.71332	0.00679	0.00339	0.00848
8	0.07269	0.01975	0.02870	0.02438	0.10911	0.05249	0.20022	0.19250	0.02290	0.07892	0.01664	0.01896	0.01239	0.00755	0.00766	0.00225	0.00955	0.00707	0.00549	0.11076
9	0.01919	0.01842	0.03147	0.04759	0.67914	0.01842	0.02380	0.02380	0.01765	0.02533	0.01458	0.01919	0.01228	0.00691	0.00768	0.00230	0.00921	0.00691	0.00384	0.01228
10	0.01092	0.00793	0.01033	0.01002	0.01181	0.00734	0.00759	0.01439	0.02115	0.02960	0.57754	0.09371	0.09501	0.01679	0.00929	0.00256	0.00394	0.05454	0.00832	0.00722
11	0.01312	0.00836	0.01095	0.01030	0.01243	0.00764	0.00780	0.01645	0.02108	0.09280	0.51788	0.11551	0.08616	0.01628	0.00913	0.00254	0.00412	0.03126	0.00843	0.00776
12	0.03022	0.01489	0.02054	0.01585	0.02168	0.01407	0.06580	0.10680	0.08191	0.46472	0.05908	0.02678	0.02088	0.00969	0.00798	0.00243	0.00719	0.00821	0.00870	0.01260
13	0.01112	0.00745	0.00850	0.00865	0.00869	0.00741	0.00491	0.01123	0.01158	0.01544	0.02598	0.10760	0.03014	0.66798	0.03696	0.00715	0.00726	0.01219	0.00491	0.00483
14	0.01797	0.01736	0.03038	0.16299	0.47709	0.01786	0.07983	0.02280	0.01734	0.02420	0.01582	0.02291	0.01345	0.00773	0.00797	0.00244	0.00966	0.03706	0.00393	0.01121
15	0.01743	0.25592	0.42574	0.02028	0.02990	0.02214	0.08036	0.02416	0.01635	0.02260	0.01309	0.01555	0.01004	0.00706	0.00678	0.00222	0.01061	0.00554	0.00335	0.01089
16	0.06408	0.02250	0.02118	0.01713	0.02257	0.12337	0.01381	0.42895	0.10863	0.04057	0.02123	0.02114	0.04049	0.00957	0.00757	0.00233	0.00875	0.00714	0.00704	0.01194
17	0.00975	0.00767	0.00883	0.00913	0.01107	0.00675	0.00671	0.01203	0.01807	0.02314	0.20924	0.21080	0.38043	0.01981	0.00937	0.00272	0.00409	0.03618	0.00751	0.00669
18	0.01883	0.01968	0.05128	0.24707	0.25720	0.07910	0.09474	0.04987	0.06043	0.02436	0.01548	0.01991	0.01210	0.00758	0.00782	0.00243	0.01029	0.00708	0.00414	0.01063
19	0.02553	0.02826	0.02402	0.11113	0.14266	0.38052	0.01731	0.13145	0.02280	0.02515	0.01377	0.01651	0.01096	0.00799	0.00733	0.00218	0.01178	0.00590	0.00452	0.01022
20	0.02733	0.01852	0.02053	0.01610	0.02148	0.02010	0.01314	0.48080	0.03113	0.11761	0.02071	0.02213	0.01524	0.04156	0.05721	0.00323	0.00889	0.00735	0.04482	0.01212
21	0.04181	0.01198	0.01653	0.01646	0.07244	0.01202	0.04189	0.09152	0.01906	0.13180	0.07501	0.30632	0.03390	0.05008	0.01094	0.00298	0.03542	0.01385	0.00694	0.00906
22	0.02082	0.05331	0.02541	0.02628	0.22076	0.07829	0.07210	0.13873	0.02193	0.05419	0.07597	0.02890	0.04704	0.00974	0.00793	0.00233	0.00870	0.05118	0.00558	0.05082
23	0.01911	0.02098	0.08195	0.02768	0.03499	0.01904	0.45064	0.02871	0.14764	0.05811	0.01946	0.02247	0.01437	0.00754	0.00871	0.00260	0.01127	0.00878	0.00494	0.01102
24	0.07152	0.01286	0.01583	0.01295	0.01755	0.01243	0.01042	0.08641	0.07971	0.34091	0.21447	0.03417	0.03397	0.01131	0.00801	0.00242	0.00585	0.00939	0.00868	0.01112

[dist]
# distance from previous block
# <min> <max>
5	11

[block]
# block no. 4 follows, 25 sequences, length 86
# corresponding to MSA columns:
# 170-255
name=unknown_E
#
# <colnr> <probs for GDERKNQSTAVLIFYWHMCP>
#	G	D	E	R	K	N	Q	S	T	A	V	L	I	F	Y	W	H	M	C	P
0	0.01657	0.08925	0.60904	0.02137	0.03212	0.05176	0.02689	0.02477	0.01660	0.02384	0.01360	0.01597	0.00984	0.00734	0.00718	0.00238	0.01136	0.00558	0.00331	0.01123
1	0.00972	0.00694	0.00929	0.01098	0.01158	0.00652	0.00756	0.01131	0.01535	0.02050	0.06945	0.65179	0.05176	0.02374	0.00992	0.00315	0.00464	0.06216	0.00725	0.00640
2	0.02073	0.73217	0.04063	0.01327	0.01990	0.03068	0.01327	0.02322	0.01575	0.01824	0.01078	0.01244	0.00995	0.00663	0.00498	0.00166	0.00829	0.00415	0.00332	0.00995
3	0.01642	0.15622	0.57883	0.02062	0.03127	0.02013	0.02607	0.02433	0.01627	0.02350	0.01339	0.01571	0.00984	0.00724	0.00697	0.00232	0.01093	0.00546	0.00328	0.01121
4	0.02038	0.68589	0.08388	0.01386	0.02081	0.02983	0.01430	0.02331	0.01580	0.01866	0.01099	0.01270	0.00994	0.00668	0.00514	0.00171	0.00850	0.00425	0.00331	0.01005
5	0.00920	0.00771	0.00801	0.00825	0.01058	0.00651	0.00607	0.01108	0.01729	0.02079	0.07372	0.16196	0.59177	0.02026	0.00926	0.00269	0.00400	0.01713	0.00720	0.00651
6	0.03268	0.01319	0.01762	0.01375	0.01945	0.01174	0.01127	0.03698	0.06518	0.61159	0.05956	0.02797	0.02191	0.00994	0.00786	0.00242	0.00643	0.00814	0.00943	0.01287
7	0.01090	0.00787	0.01030	0.00981	0.01157	0.00727	0.00731	0.01445	0.02160	0.03055	0.64443	0.09010	0.07210	0.01626	0.00918	0.00247	0.00370	0.01441	0.00847	0.00727
8	0.01926	0.01633	0.01743	0.01576	0.02004	0.01876	0.01240	0.06687	0.59082	0.03251	0.03165	0.03264	0.02469	0.01124	0.00808	0.00268	0.00632	0.05272	0.00783	0.01195
9	0.01802	0.02047	0.04460	0.03200	0.03961	0.01919	0.63089	0.02440	0.01819	0.02468	0.01653	0.04281	0.01300	0.00709	0.00917	0.00263	0.01280	0.00955	0.00402	0.01033
10	0.02788	0.02092	0.02237	0.01752	0.02344	0.02330	0.01435	0.55728	0.13506	0.04629	0.02065	0.02023	0.01483	0.00950	0.00778	0.00237	0.00816	0.00726	0.00778	0.01304
11	0.01828	0.04907	0.07293	0.03148	0.03943	0.01997	0.59992	0.02476	0.01812	0.02457	0.01542	0.02040	0.01161	0.00658	0.00891	0.00257	0.01282	0.00881	0.00387	0.01048
12	0.01273	0.00994	0.01181	0.01109	0.01358	0.01002	0.00848	0.02037	0.16788	0.03009	0.44551	0.05404	0.12288	0.01522	0.00891	0.00254	0.00437	0.03399	0.00820	0.00836
13	0.02896	0.03695	0.02197	0.01998	0.02397	0.69638	0.01498	0.03096	0.02197	0.01898	0.01199	0.01398	0.00999	0.00799	0.00699	0.00200	0.01398	0.00499	0.00400	0.00899
14	0.01128	0.00773	0.00900	0.00899	0.00937	0.00761	0.00535	0.01168	0.01187	0.01605	0.02564	0.11455	0.02939	0.59906	0.06468	0.00705	0.00774	0.01193	0.00492	0.03611
15	0.01968	0.01726	0.01741	0.01552	0.01988	0.04904	0.01209	0.08207	0.54261	0.03213	0.03331	0.03097	0.07156	0.01101	0.00794	0.00258	0.00649	0.00904	0.00765	0.01176
16	0.01445	0.00723	0.00723	0.00723	0.00903	0.00723	0.00542	0.01807	0.01626	0.02891	0.02529	0.02891	0.01987	0.00903	0.00542	0.00181	0.00361	0.00723	0.77055	0.00723
17	0.01608	0.01378	0.01608	0.01148	0.01837	0.01034	0.00919	0.01952	0.01608	0.02527	0.01378	0.01608	0.01148	0.00574	0.00574	0.00115	0.00574	0.00459	0.00459	0.77491
18	0.00946	0.00691	0.00891	0.01044	0.01117	0.00636	0.00706	0.01095	0.01538	0.02027	0.06601	0.62984	0.12172	0.02351	0.00979	0.00307	0.00441	0.02116	0.00724	0.00636
19	0.01929	0.01666	0.01753	0.01578	0.02016	0.01929	0.01227	0.04120	0.66513	0.03243	0.03156	0.02893	0.02367	0.01052	0.00789	0.00263	0.00614	0.00877	0.00789	0.01227
20	0.01839	0.02060	0.04383	0.03310	0.08254	0.01952	0.58723	0.02533	0.04034	0.02513	0.01615	0.02107	0.01221	0.00670	0.00901	0.00259	0.01258	0.00899	0.00405	0.01064
21	0.01089	0.00953	0.04958	0.01072	0.01279	0.00770	0.00853	0.01432	0.01997	0.02808	0.48926	0.21016	0.06437	0.01732	0.00922	0.00260	0.00431	0.01540	0.00792	0.00732
22	0.01662	0.15358	0.51426	0.02098	0.03124	0.01998	0.06706	0.02418	0.01639	0.02354	0.01350	0.01601	0.01003	0.00713	0.00703	0.00229	0.01085	0.00566	0.00337	0.03630
23	0.01249	0.00892	0.01249	0.01428	0.01606	0.00892	0.01249	0.01606	0.01785	0.02320	0.04105	0.08746	0.04462	0.02142	0.01071	0.00357	0.00714	0.62695	0.00714	0.00714
24	0.01248	0.01123	0.06825	0.01146	0.01429	0.00896	0.00970	0.01738	0.05303	0.04922	0.51405	0.08148	0.06159	0.01528	0.00899	0.00253	0.00471	0.03937	0.00797	0.00804
25	0.02855	0.03617	0.02238	0.02115	0.05176	0.66762	0.01536	0.03066	0.02179	0.01925	0.01210	0.01420	0.01008	0.00794	0.00702	0.00201	0.01378	0.00507	0.00399	0.00913
26	0.01608	0.01378	0.01608	0.01148	0.01837	0.01034	0.00919	0.01952	0.01608	0.02527	0.01378	0.01608	0.01148	0.00574	0.00574	0.00115	0.00574	0.00459	0.00459	0.77491
27	0.01135	0.00817	0.01093	0.01111	0.01287	0.00774	0.00882	0.01489	0.02046	0.02833	0.46455	0.09394	0.06396	0.01782	0.00963	0.00280	0.00471	0.19263	0.00807	0.00722
28	0.01846	0.01768	0.03015	0.15372	0.57872	0.01823	0.02343	0.02316	0.01731	0.02445	0.01446	0.01943	0.01197	0.00704	0.00769	0.00235	0.00939	0.00691	0.00378	0.01169
29	0.02896	0.03695	0.02197	0.01998	0.02397	0.69638	0.01498	0.03096	0.02197	0.01898	0.01199	0.01398	0.00999	0.00799	0.00699	0.00200	0.01398	0.00499	0.00400	0.00899
30	0.01848	0.01767	0.02979	0.04476	0.63151	0.01758	0.02252	0.02289	0.01766	0.02502	0.01914	0.02314	0.05956	0.00782	0.00778	0.00233	0.00883	0.00758	0.00408	0.01187
31	0.01919	0.01842	0.03147	0.04759	0.67914	0.01842	0.02380	0.02380	0.01765	0.02533	0.01458	0.01919	0.01228	0.00691	0.00768	0.00230	0.00921	0.00691	0.00384	0.01228
32	0.01445	0.00723	0.00723	0.00723	0.00903	0.00723	0.00542	0.01807	0.01626	0.02891	0.02529	0.02891	0.01987	0.00903	0.00542	0.00181	0.00361	0.00723	0.77055	0.00723
33	0.05763	0.03066	0.02541	0.02132	0.02587	0.45026	0.11168	0.09095	0.02178	0.02348	0.01303	0.01566	0.01053	0.00826	0.00862	0.00224	0.06279	0.00592	0.00435	0.00957
34	0.01696	0.01696	0.02375	0.02036	0.02036	0.02375	0.01696	0.01866	0.01187	0.01866	0.01018	0.01696	0.01018	0.01357	0.02545	0.00339	0.71332	0.00679	0.00339	0.00848
35	0.01600	0.01570	0.02025	0.01796	0.01865	0.06452	0.01465	0.01804	0.01273	0.01848	0.01347	0.02081	0.01293	0.02657	0.22553	0.00602	0.45887	0.00712	0.00366	0.00805
36	0.01108	0.00831	0.01246	0.01246	0.01385	0.00969	0.00969	0.01385	0.01246	0.01800	0.02077	0.03046	0.01938	0.05815	0.69678	0.01246	0.02077	0.00831	0.00415	0.00692
37	0.01989	0.62042	0.14505	0.01469	0.02211	0.02863	0.01575	0.02343	0.01585	0.01926	0.01129	0.01307	0.00993	0.00675	0.00536	0.00179	0.00880	0.00440	0.00331	0.01019
38	0.01702	0.02863	0.31564	0.05765	0.06350	0.01878	0.33593	0.02446	0.01734	0.02452	0.01481	0.01891	0.01090	0.00695	0.00828	0.00253	0.01212	0.00752	0.00362	0.01087
39	0.08965	0.08930	0.41009	0.02315	0.11542	0.04604	0.02322	0.05150	0.01744	0.04553	0.01408	0.01637	0.01045	0.00740	0.00699	0.00234	0.01023	0.00570	0.00390	0.01119
40	0.03286	0.01326	0.01780	0.01356	0.01965	0.01129	0.01117	0.03590	0.02156	0.61643	0.02885	0.02533	0.01840	0.00920	0.00759	0.00227	0.00651	0.00747	0.00908	0.09185
41	0.01425	0.00886	0.01017	0.00928	0.01240	0.00758	0.00716	0.01669	0.01923	0.14662	0.16845	0.06284	0.45335	0.01713	0.00891	0.00255	0.00438	0.01438	0.00787	0.00792
42	0.01013	0.00745	0.01021	0.05154	0.01397	0.00722	0.00828	0.01218	0.01619	0.02181	0.14571	0.54429	0.05223	0.02180	0.00968	0.00302	0.00481	0.04564	0.00720	0.00664
43	0.18047	0.10150	0.09671	0.01531	0.02143	0.06323	0.01392	0.21889	0.04649	0.10045	0.02036	0.02057	0.05096	0.00894	0.00683	0.00230	0.00811	0.00652	0.00606	0.01095
44	0.01250	0.00810	0.01106	0.01234	0.01376	0.00773	0.00958	0.01493	0.01681	0.06890	0.06439	0.39943	0.04719	0.02181	0.01004	0.00323	0.00565	0.25801	0.00739	0.00716
45	0.00916	0.00785	0.00785	0.00785	0.01047	0.00655	0.00589	0.01113	0.01767	0.02095	0.07855	0.07462	0.67599	0.01964	0.00916	0.00262	0.00393	0.01636	0.00720	0.00655
46	0.01826	0.01907	0.06866	0.13945	0.46053	0.01837	0.06766	0.02450	0.06061	0.02492	0.01564	0.02002	0.01258	0.00727	0.00779	0.00240	0.00958	0.00712	0.00402	0.01157
47	0.02236	0.01982	0.02023	0.10234	0.06628	0.13596	0.01474	0.08894	0.30068	0.08398	0.02406	0.02574	0.01843	0.00973	0.00779	0.00248	0.00849	0.03019	0.00653	0.01123
48	0.01693	0.01612	0.02739	0.37582	0.36855	0.01783	0.02267	0.02182	0.01659	0.02259	0.01419	0.01993	0.01132	0.00733	0.00771	0.00244	0.00977	0.00690	0.00364	0.01046
49	0.01753	0.01995	0.07706	0.11496	0.03177	0.04727	0.21267	0.04014	0.01589	0.02208	0.01419	0.04567	0.01232	0.01026	0.01495	0.00288	0.27918	0.00797	0.00385	0.00939
50	0.04817	0.02470	0.02450	0.02605	0.19512	0.21726	0.01699	0.24088	0.04869	0.03178	0.01554	0.01755	0.01214	0.00845	0.00815	0.00228	0.03864	0.00636	0.00538	0.01136
51	0.02035	0.02397	0.03878	0.02886	0.03551	0.17320	0.47880	0.02564	0.01899	0.02329	0.01599	0.04910	0.01304	0.00762	0.00869	0.00250	0.01292	0.00875	0.00408	0.00995
52	0.05659	0.01950	0.02872	0.08720	0.51362	0.07834	0.02178	0.02385	0.01738	0.02452	0.01390	0.01840	0.01165	0.00741	0.00837	0.00235	0.04461	0.00660	0.00385	0.01136
53	0.01919	0.01842	0.03147	0.04759	0.67914	0.01842	0.02380	0.02380	0.01765	0.02533	0.01458	0.01919	0.01228	0.00691	0.00768	0.00230	0.00921	0.00691	0.00384	0.01228
54	0.01879	0.01773	0.02939	0.04344	0.59477	0.01790	0.02234	0.02449	0.06097	0.02568	0.01733	0.02399	0.01501	0.00803	0.00787	0.00240	0.00888	0.04472	0.00431	0.01197
55	0.01285	0.00726	0.00783	0.00804	0.00912	0.00720	0.00541	0.01506	0.01453	0.02347	0.02714	0.12002	0.02629	0.23515	0.01659	0.00375	0.00494	0.01029	0.43871	0.00632
56	0.01462	0.01302	0.02139	0.62702	0.04823	0.01606	0.01965	0.01961	0.01559	0.02087	0.01512	0.02163	0.01145	0.00790	0.00748	0.00249	0.00955	0.00693	0.09293	0.00845
57	0.01445	0.00723	0.00723	0.00723	0.00903	0.00723	0.00542	0.01807	0.01626	0.02891	0.02529	0.02891	0.01987	0.00903	0.00542	0.00181	0.00361	0.00723	0.77055	0.00723
58	0.01608	0.01378	0.01608	0.01148	0.01837	0.01034	0.00919	0.01952	0.01608	0.02527	0.01378	0.01608	0.01148	0.00574	0.00574	0.00115	0.00574	0.00459	0.00459	0.77491
59	0.01160	0.00875	0.01211	0.01280	0.06214	0.00832	0.00873	0.01527	0.02095	0.02973	0.57858	0.05304	0.06473	0.01819	0.05802	0.00314	0.00530	0.01308	0.00787	0.00766
60	0.01088	0.00792	0.01024	0.00966	0.01153	0.00728	0.00725	0.01446	0.02174	0.03059	0.64535	0.05875	0.10317	0.01604	0.00915	0.00245	0.00367	0.01414	0.00847	0.00728
61	0.78228	0.01499	0.01140	0.01020	0.01499	0.01739	0.00840	0.02279	0.01320	0.03479	0.01080	0.01260	0.00840	0.00720	0.00480	0.00240	0.00600	0.00420	0.00480	0.00840
62	0.01445	0.00723	0.00723	0.00723	0.00903	0.00723	0.00542	0.01807	0.01626	0.02891	0.02529	0.02891	0.01987	0.00903	0.00542	0.00181	0.00361	0.00723	0.77055	0.00723
63	0.49753	0.12829	0.01766	0.01162	0.01698	0.01864	0.00995	0.04858	0.01610	0.15169	0.01470	0.01532	0.01079	0.00762	0.00548	0.00228	0.00656	0.00495	0.00555	0.00970
64	0.02896	0.03695	0.02197	0.01998	0.02397	0.69638	0.01498	0.03096	0.02197	0.01898	0.01199	0.01398	0.00999	0.00799	0.00699	0.00200	0.01398	0.00499	0.00400	0.00899
65	0.04418	0.01714	0.01996	0.01921	0.09105	0.01876	0.01392	0.18634	0.31196	0.10472	0.02654	0.02859	0.02040	0.01038	0.00793	0.00255	0.00716	0.04958	0.00747	0.01214
66	0.02117	0.69680	0.03977	0.01349	0.02011	0.03035	0.01334	0.05458	0.01679	0.01977	0.01117	0.01275	0.01011	0.00677	0.00511	0.00169	0.00830	0.00429	0.00354	0.01011
67	0.01108	0.00800	0.01052	0.01008	0.01190	0.00743	0.00768	0.01473	0.02166	0.03053	0.62989	0.06002	0.07113	0.01625	0.00926	0.00252	0.00391	0.05768	0.00844	0.00730
68	0.01838	0.01757	0.02906	0.15248	0.42624	0.01844	0.06902	0.02584	0.11542	0.02544	0.01710	0.02104	0.01364	0.00757	0.00783	0.00242	0.00923	0.00736	0.00439	0.01153
69	0.01679	0.04994	0.33930	0.05383	0.06109	0.01823	0.23520	0.02394	0.01699	0.02436	0.01443	0.01805	0.01075	0.00692	0.00778	0.00237	0.01127	0.00683	0.00364	0.07830
70	0.08981	0.01964	0.02117	0.01666	0.02244	0.02150	0.01381	0.51097	0.03220	0.09617	0.02043	0.02334	0.01537	0.00997	0.00772	0.00242	0.00808	0.04828	0.00762	0.01239
71	0.02073	0.73217	0.04063	0.01327	0.01990	0.03068	0.01327	0.02322	0.01575	0.01824	0.01078	0.01244	0.00995	0.00663	0.00498	0.00166	0.00829	0.00415	0.00332	0.00995
72	0.00945	0.00675	0.00900	0.01080	0.01125	0.00630	0.00720	0.01080	0.01484	0.01979	0.04274	0.72245	0.05128	0.02429	0.00990	0.00315	0.00450	0.02204	0.00720	0.00630
73	0.01116	0.01367	0.13091	0.01130	0.01514	0.00896	0.01064	0.01519	0.01945	0.02637	0.34802	0.05630	0.27246	0.01565	0.00883	0.00250	0.00515	0.01335	0.00713	0.00779
74	0.01437	0.01193	0.01508	0.01232	0.01701	0.00982	0.03420	0.03997	0.01649	0.02423	0.02400	0.25958	0.02526	0.01229	0.00738	0.00194	0.00571	0.01087	0.00558	0.45196
75	0.02073	0.73217	0.04063	0.01327	0.01990	0.03068	0.01327	0.02322	0.01575	0.01824	0.01078	0.01244	0.00995	0.00663	0.00498	0.00166	0.00829	0.00415	0.00332	0.00995
76	0.01854	0.01665	0.03211	0.06410	0.03181	0.01541	0.36438	0.02344	0.01784	0.10371	0.02100	0.12106	0.01818	0.00941	0.00858	0.00248	0.00999	0.01012	0.00513	0.10606
77	0.01328	0.00970	0.01165	0.01155	0.01402	0.00957	0.00902	0.01934	0.12878	0.05875	0.20562	0.14266	0.18522	0.01755	0.00926	0.00281	0.00505	0.13030	0.00776	0.00812
78	0.01066	0.00762	0.01039	0.01219	0.01317	0.00735	0.00931	0.01290	0.01604	0.02115	0.04206	0.46901	0.04862	0.02315	0.01022	0.00332	0.00555	0.26348	0.00717	0.00663
79	0.01628	0.01522	0.02578	0.43572	0.28388	0.01725	0.02178	0.02090	0.01609	0.02161	0.01407	0.02024	0.01118	0.00820	0.00862	0.03314	0.00978	0.00689	0.00359	0.00977
80	0.01464	0.01378	0.02326	0.70887	0.05340	0.01723	0.02153	0.01981	0.01550	0.01981	0.01378	0.02067	0.01034	0.00775	0.00775	0.00258	0.01034	0.00689	0.00345	0.00861
81	0.01578	0.01351	0.02258	0.16001	0.21323	0.01398	0.06880	0.02001	0.01729	0.04482	0.02597	0.09652	0.02579	0.01327	0.00899	0.00287	0.00861	0.21340	0.00531	0.00929
82	0.01035	0.00866	0.00875	0.00844	0.01127	0.00757	0.00641	0.04863	0.01877	0.02258	0.07505	0.07135	0.63728	0.01903	0.00908	0.00260	0.00420	0.01582	0.00723	0.00693
83	0.01835	0.02077	0.04492	0.03355	0.07782	0.01954	0.61435	0.02478	0.01826	0.02487	0.01562	0.02081	0.01179	0.00656	0.00906	0.00260	0.01285	0.00902	0.00392	0.01056
84	0.02659	0.02759	0.02451	0.04938	0.10042	0.32196	0.04686	0.22755	0.04909	0.03000	0.01535	0.01719	0.01186	0.00830	0.00748	0.00221	0.01124	0.00625	0.00529	0.01087
85	0.01773	0.01850	0.03097	0.05671	0.12253	0.06303	0.26298	0.02311	0.05421	0.02264	0.01629	0.02255	0.01373	0.04840	0.08549	0.00393	0.11531	0.00810	0.00411	0.00970

[dist]
# distance from previous block
# <min> <max>
0	9

# created by:
# /st0/software/busco_prod/Augustus/scripts/msa2prfl.pl ./align_prep/123839.fa
