[name]
unknown

[dist]
# distance from previous block
# <min> <max>
0	33

[block]
# block no. 0 follows, 25 sequences, length 17
# corresponding to MSA columns:
# 33-49
name=unknown_A
#
# <colnr> <probs for GDERKNQSTAVLIFYWHMCP>
#	G	D	E	R	K	N	Q	S	T	A	V	L	I	F	Y	W	H	M	C	P
0	0.01249	0.00892	0.01249	0.01428	0.01606	0.00892	0.01249	0.01606	0.01785	0.02320	0.04105	0.08746	0.04462	0.02142	0.01071	0.00357	0.00714	0.62695	0.00714	0.00714
1	0.01608	0.01378	0.01608	0.01148	0.01837	0.01034	0.00919	0.01952	0.01608	0.02527	0.01378	0.01608	0.01148	0.00574	0.00574	0.00115	0.00574	0.00459	0.00459	0.77491
2	0.01472	0.00959	0.01211	0.01095	0.01357	0.00924	0.00839	0.02052	0.10012	0.10647	0.52269	0.05077	0.06094	0.01448	0.00884	0.00246	0.00430	0.01267	0.00858	0.00859
3	0.01864	0.02051	0.08459	0.09635	0.10255	0.01844	0.39932	0.05224	0.01877	0.05306	0.01870	0.02281	0.04026	0.00756	0.00862	0.00255	0.01144	0.00861	0.00437	0.01060
4	0.02947	0.02172	0.02327	0.01784	0.02404	0.02404	0.01474	0.65329	0.03646	0.04887	0.01862	0.01862	0.01319	0.00931	0.00776	0.00233	0.00853	0.00698	0.00776	0.01319
5	0.01075	0.00799	0.01091	0.06394	0.01469	0.00774	0.00837	0.01377	0.01911	0.02650	0.41595	0.27383	0.06112	0.01801	0.00929	0.00268	0.00445	0.01611	0.00770	0.00708
6	0.01596	0.01249	0.01486	0.01166	0.01702	0.01007	0.00906	0.04621	0.01719	0.05354	0.04352	0.15954	0.02200	0.01013	0.00687	0.00170	0.00558	0.00866	0.00560	0.52833
7	0.01294	0.00841	0.01028	0.00958	0.01198	0.00749	0.00720	0.01576	0.01994	0.09744	0.36952	0.08272	0.25297	0.04665	0.01031	0.00273	0.00425	0.01425	0.00802	0.00756
8	0.01593	0.01423	0.02448	0.62768	0.05080	0.01708	0.06292	0.02108	0.01604	0.05473	0.01478	0.02099	0.01089	0.00777	0.00785	0.00258	0.01032	0.00709	0.00380	0.00897
9	0.02021	0.64794	0.07371	0.01421	0.02065	0.02955	0.01433	0.02298	0.01553	0.01860	0.01091	0.01295	0.00996	0.00713	0.00646	0.00182	0.05541	0.00441	0.00332	0.00993
10	0.08819	0.01548	0.01745	0.01379	0.01929	0.01536	0.01115	0.18643	0.09991	0.17009	0.09291	0.02468	0.02146	0.00924	0.00723	0.00213	0.00647	0.00736	0.00727	0.18414
11	0.03043	0.01790	0.02073	0.01583	0.02201	0.01823	0.01305	0.37305	0.02952	0.28561	0.02273	0.02134	0.01531	0.00914	0.00762	0.00226	0.00759	0.00710	0.00820	0.07235
12	0.01140	0.00834	0.00976	0.00946	0.01085	0.00784	0.00629	0.01354	0.03748	0.02087	0.16010	0.14282	0.10640	0.33589	0.02255	0.00474	0.00578	0.01320	0.00616	0.06655
13	0.01562	0.01500	0.02187	0.01843	0.02011	0.01853	0.06403	0.01796	0.01334	0.02010	0.01580	0.10383	0.01613	0.01648	0.06765	0.00365	0.42960	0.00864	0.00411	0.10913
14	0.05852	0.01166	0.01453	0.01279	0.01558	0.01202	0.03250	0.09087	0.05768	0.12502	0.04383	0.04039	0.02507	0.26692	0.09601	0.00544	0.00886	0.06771	0.00624	0.00837
15	0.05349	0.01444	0.02267	0.62276	0.04932	0.01775	0.02038	0.06741	0.01696	0.02272	0.01400	0.02012	0.01045	0.00784	0.00761	0.00256	0.00999	0.00677	0.00383	0.00895
16	0.01105	0.00720	0.00962	0.01091	0.01178	0.00666	0.00745	0.01264	0.01572	0.06006	0.08119	0.63984	0.05073	0.02289	0.00973	0.00306	0.00457	0.02070	0.00742	0.00677

[dist]
# distance from previous block
# <min> <max>
0	1

[block]
# block no. 1 follows, 25 sequences, length 40
# corresponding to MSA columns:
# 51-90
name=unknown_B
#
# <colnr> <probs for GDERKNQSTAVLIFYWHMCP>
#	G	D	E	R	K	N	Q	S	T	A	V	L	I	F	Y	W	H	M	C	P
0	0.00945	0.00675	0.00900	0.01080	0.01125	0.00630	0.00720	0.01080	0.01484	0.01979	0.04274	0.72245	0.05128	0.02429	0.00990	0.00315	0.00450	0.02204	0.00720	0.00630
1	0.01779	0.01997	0.04242	0.03076	0.03768	0.01930	0.57432	0.02373	0.01767	0.02415	0.01653	0.05314	0.01348	0.00788	0.01039	0.00270	0.06438	0.00957	0.00403	0.01012
2	0.01822	0.02068	0.04443	0.03194	0.03931	0.01986	0.61299	0.02447	0.01792	0.02447	0.01536	0.02068	0.01167	0.00696	0.01013	0.00266	0.05503	0.00901	0.00389	0.01034
3	0.01108	0.00831	0.01246	0.01246	0.01385	0.00969	0.00969	0.01385	0.01246	0.01800	0.02077	0.03046	0.01938	0.05815	0.69678	0.01246	0.02077	0.00831	0.00415	0.00692
4	0.00945	0.00675	0.00900	0.01080	0.01125	0.00630	0.00720	0.01080	0.01484	0.01979	0.04274	0.72245	0.05128	0.02429	0.00990	0.00315	0.00450	0.02204	0.00720	0.00630
5	0.01455	0.01201	0.01274	0.01176	0.01413	0.05173	0.00890	0.10893	0.02005	0.02599	0.16585	0.11126	0.20667	0.10165	0.04398	0.00363	0.03937	0.03233	0.00674	0.00771
6	0.00945	0.00675	0.00900	0.01080	0.01125	0.00630	0.00720	0.01080	0.01484	0.01979	0.04274	0.72245	0.05128	0.02429	0.00990	0.00315	0.00450	0.02204	0.00720	0.00630
7	0.00945	0.00675	0.00900	0.01080	0.01125	0.00630	0.00720	0.01080	0.01484	0.01979	0.04274	0.72245	0.05128	0.02429	0.00990	0.00315	0.00450	0.02204	0.00720	0.00630
8	0.01889	0.01812	0.03093	0.09105	0.63802	0.01834	0.02365	0.02353	0.01751	0.02497	0.01453	0.01929	0.01215	0.00696	0.00768	0.00232	0.00929	0.00691	0.00381	0.01204
9	0.01979	0.02033	0.03019	0.12601	0.47669	0.10329	0.06362	0.02426	0.01797	0.02381	0.01423	0.01884	0.01172	0.00713	0.00770	0.00232	0.01020	0.00681	0.00381	0.01129
10	0.01108	0.00831	0.01246	0.01246	0.01385	0.00969	0.00969	0.01385	0.01246	0.01800	0.02077	0.03046	0.01938	0.05815	0.69678	0.01246	0.02077	0.00831	0.00415	0.00692
11	0.01608	0.01378	0.01608	0.01148	0.01837	0.01034	0.00919	0.01952	0.01608	0.02527	0.01378	0.01608	0.01148	0.00574	0.00574	0.00115	0.00574	0.00459	0.00459	0.77491
12	0.00916	0.00785	0.00785	0.00785	0.01047	0.00655	0.00589	0.01113	0.01767	0.02095	0.07855	0.07462	0.67599	0.01964	0.00916	0.00262	0.00393	0.01636	0.00720	0.00655
13	0.00936	0.00709	0.00864	0.00989	0.01101	0.00637	0.00679	0.01090	0.01572	0.02015	0.05380	0.52222	0.24437	0.02285	0.00967	0.00298	0.00432	0.02029	0.00720	0.00637
14	0.01929	0.01666	0.01753	0.01578	0.02016	0.01929	0.01227	0.04120	0.66513	0.03243	0.03156	0.02893	0.02367	0.01052	0.00789	0.00263	0.00614	0.00877	0.00789	0.01227
15	0.01919	0.01842	0.03147	0.04759	0.67914	0.01842	0.02380	0.02380	0.01765	0.02533	0.01458	0.01919	0.01228	0.00691	0.00768	0.00230	0.00921	0.00691	0.00384	0.01228
16	0.02970	0.02136	0.02305	0.01767	0.02387	0.02351	0.01460	0.62740	0.03586	0.07560	0.01912	0.01894	0.01344	0.00932	0.00776	0.00233	0.00845	0.00702	0.00783	0.01319
17	0.01091	0.00783	0.01014	0.00971	0.01132	0.00728	0.00710	0.01416	0.02072	0.02921	0.58911	0.09408	0.06843	0.07209	0.01156	0.00288	0.00401	0.01425	0.00816	0.00705
18	0.01985	0.01694	0.01785	0.01589	0.02038	0.01955	0.01241	0.07503	0.63038	0.03334	0.03084	0.02836	0.02309	0.01045	0.00788	0.00261	0.00627	0.00867	0.00788	0.01232
19	0.02947	0.02172	0.02327	0.01784	0.02404	0.02404	0.01474	0.65329	0.03646	0.04887	0.01862	0.01862	0.01319	0.00931	0.00776	0.00233	0.00853	0.00698	0.00776	0.01319
20	0.56074	0.01486	0.01359	0.01145	0.01661	0.01620	0.00944	0.05566	0.01652	0.19777	0.01610	0.01632	0.01132	0.00789	0.00568	0.00240	0.00626	0.00523	0.00613	0.00982
21	0.01007	0.00838	0.00887	0.00878	0.01129	0.00747	0.00656	0.01353	0.06060	0.02292	0.14878	0.10532	0.52250	0.01882	0.00912	0.00263	0.00407	0.01588	0.00741	0.00701
22	0.00943	0.00680	0.00895	0.01066	0.01121	0.00631	0.00714	0.01081	0.01497	0.01984	0.04434	0.69347	0.07922	0.02408	0.00986	0.00313	0.00447	0.02179	0.00720	0.00631
23	0.02901	0.02149	0.02301	0.01775	0.02387	0.02383	0.01463	0.62553	0.06496	0.04812	0.01920	0.01908	0.01366	0.00936	0.00776	0.00234	0.00842	0.00706	0.00776	0.01314
24	0.03417	0.01333	0.01798	0.01387	0.01981	0.01171	0.01143	0.03792	0.04792	0.65842	0.03063	0.02649	0.01937	0.00963	0.00780	0.00241	0.00658	0.00784	0.00953	0.01316
25	0.00969	0.00689	0.00911	0.01079	0.01126	0.00649	0.00725	0.01105	0.01474	0.01962	0.04146	0.65173	0.04949	0.07038	0.01187	0.00345	0.00481	0.04666	0.00703	0.00623
26	0.78228	0.01499	0.01140	0.01020	0.01499	0.01739	0.00840	0.02279	0.01320	0.03479	0.01080	0.01260	0.00840	0.00720	0.00480	0.00240	0.00600	0.00420	0.00480	0.00840
27	0.02896	0.03695	0.02197	0.01998	0.02397	0.69638	0.01498	0.03096	0.02197	0.01898	0.01199	0.01398	0.00999	0.00799	0.00699	0.00200	0.01398	0.00499	0.00400	0.00899
28	0.00945	0.00675	0.00900	0.01080	0.01125	0.00630	0.00720	0.01080	0.01484	0.01979	0.04274	0.72245	0.05128	0.02429	0.00990	0.00315	0.00450	0.02204	0.00720	0.00630
29	0.00945	0.00675	0.00900	0.01080	0.01125	0.00630	0.00720	0.01080	0.01484	0.01979	0.04274	0.72245	0.05128	0.02429	0.00990	0.00315	0.00450	0.02204	0.00720	0.00630
30	0.02947	0.02172	0.02327	0.01784	0.02404	0.02404	0.01474	0.65329	0.03646	0.04887	0.01862	0.01862	0.01319	0.00931	0.00776	0.00233	0.00853	0.00698	0.00776	0.01319
31	0.01830	0.02092	0.04575	0.03268	0.04052	0.01961	0.65098	0.02484	0.01830	0.02484	0.01569	0.02092	0.01176	0.00654	0.00915	0.00261	0.01307	0.00915	0.00392	0.01046
32	0.06869	0.01144	0.01305	0.01161	0.01481	0.04107	0.00898	0.02206	0.04549	0.19306	0.16602	0.04100	0.12493	0.07445	0.12431	0.00448	0.00829	0.01034	0.00712	0.00880
33	0.01036	0.00743	0.00968	0.01094	0.01176	0.00707	0.00749	0.03510	0.01642	0.02211	0.11095	0.62365	0.05226	0.02281	0.00973	0.00304	0.00456	0.02061	0.00736	0.00667
34	0.01555	0.04011	0.68733	0.02210	0.03356	0.01801	0.02865	0.02455	0.01637	0.02455	0.01391	0.01637	0.00982	0.00737	0.00737	0.00246	0.01146	0.00573	0.00327	0.01146
35	0.05413	0.01520	0.01903	0.05748	0.05132	0.04521	0.01287	0.10428	0.02213	0.43512	0.02518	0.02415	0.01690	0.01320	0.06464	0.00321	0.00866	0.00741	0.00789	0.01201
36	0.01581	0.01512	0.02605	0.53299	0.19160	0.01759	0.04927	0.02091	0.01610	0.02125	0.01404	0.02035	0.01083	0.00751	0.00780	0.00252	0.01020	0.00699	0.00355	0.00951
37	0.06506	0.01742	0.02867	0.12377	0.53424	0.01790	0.02205	0.02388	0.01733	0.05469	0.01498	0.01930	0.01212	0.00715	0.00752	0.00235	0.00904	0.00678	0.00411	0.01165
38	0.02038	0.02028	0.02963	0.08306	0.54507	0.09176	0.02235	0.04917	0.01873	0.02524	0.01441	0.01869	0.01195	0.00717	0.00761	0.00229	0.00977	0.00670	0.00399	0.01174
39	0.02793	0.05746	0.02034	0.06259	0.02240	0.04078	0.04159	0.03291	0.08361	0.41887	0.05451	0.02715	0.02051	0.04261	0.00919	0.00262	0.00742	0.00799	0.00787	0.01165

[dist]
# distance from previous block
# <min> <max>
0	6

[block]
# block no. 2 follows, 25 sequences, length 131
# corresponding to MSA columns:
# 97-227
name=unknown_C
#
# <colnr> <probs for GDERKNQSTAVLIFYWHMCP>
#	G	D	E	R	K	N	Q	S	T	A	V	L	I	F	Y	W	H	M	C	P
0	0.05369	0.07129	0.02837	0.03509	0.40953	0.15040	0.01968	0.07179	0.04132	0.02597	0.01453	0.01773	0.01197	0.00741	0.00725	0.00222	0.00978	0.00630	0.00430	0.01139
1	0.01867	0.24354	0.38702	0.02125	0.08443	0.04473	0.02245	0.02486	0.01673	0.05001	0.01366	0.01578	0.01047	0.00722	0.00668	0.00219	0.01020	0.00542	0.00362	0.01107
2	0.00961	0.00780	0.00836	0.00834	0.01057	0.00673	0.00611	0.01171	0.01786	0.02222	0.17350	0.09939	0.50570	0.06421	0.01112	0.00292	0.00414	0.01590	0.00726	0.00655
3	0.02224	0.60559	0.03730	0.01440	0.02064	0.12488	0.01357	0.04908	0.01745	0.01955	0.01126	0.01290	0.01008	0.00693	0.00537	0.00173	0.00911	0.00438	0.00359	0.00994
4	0.04645	0.01094	0.01318	0.04359	0.01615	0.01151	0.00958	0.02112	0.13745	0.07536	0.25413	0.10366	0.15118	0.01490	0.00967	0.00263	0.04996	0.01249	0.00744	0.00862
5	0.05806	0.01238	0.01559	0.01329	0.01717	0.01226	0.01044	0.07969	0.04620	0.29318	0.02825	0.16159	0.02434	0.05129	0.07225	0.00369	0.03936	0.01041	0.00746	0.04308
6	0.72676	0.01486	0.01189	0.01046	0.01535	0.01695	0.00862	0.02391	0.01386	0.08304	0.01227	0.01362	0.00920	0.00738	0.00502	0.00240	0.00604	0.00447	0.00515	0.00875
7	0.02327	0.01229	0.01551	0.01208	0.01756	0.01009	0.00968	0.02625	0.01915	0.32259	0.05663	0.07271	0.08054	0.01035	0.00739	0.00203	0.00580	0.00861	0.00742	0.28007
8	0.02570	0.01184	0.01541	0.01263	0.01703	0.01090	0.01002	0.03057	0.08579	0.41102	0.19369	0.03619	0.03390	0.05691	0.01016	0.00276	0.00586	0.00969	0.00885	0.01107
9	0.01499	0.01426	0.02333	0.60555	0.04844	0.01821	0.02085	0.01964	0.01496	0.01964	0.01324	0.02012	0.01031	0.00863	0.01041	0.00271	0.11583	0.00687	0.00344	0.00859
10	0.01118	0.00790	0.01038	0.01038	0.01105	0.00856	0.00710	0.01251	0.01185	0.01646	0.02267	0.04099	0.02396	0.40585	0.35534	0.00989	0.01388	0.00985	0.00444	0.00577
11	0.03479	0.01320	0.01799	0.01380	0.01979	0.01140	0.01140	0.03779	0.02219	0.68451	0.03059	0.02639	0.01919	0.00960	0.00780	0.00240	0.00660	0.00780	0.00960	0.01320
12	0.00974	0.00777	0.00872	0.00872	0.01088	0.00675	0.00645	0.01215	0.01868	0.02388	0.25435	0.13357	0.43306	0.01896	0.00923	0.00262	0.00390	0.01622	0.00760	0.00675
13	0.01112	0.00813	0.01155	0.01155	0.01262	0.00920	0.00856	0.01326	0.01219	0.01733	0.02160	0.03506	0.02138	0.21005	0.54761	0.01134	0.01776	0.00898	0.00428	0.00642
14	0.78228	0.01499	0.01140	0.01020	0.01499	0.01739	0.00840	0.02279	0.01320	0.03479	0.01080	0.01260	0.00840	0.00720	0.00480	0.00240	0.00600	0.00420	0.00480	0.00840
15	0.00961	0.00684	0.00904	0.01063	0.01113	0.00641	0.00708	0.01100	0.01501	0.02010	0.07226	0.65745	0.05120	0.05846	0.01131	0.00333	0.00461	0.02113	0.00714	0.00627
16	0.01109	0.00736	0.00852	0.00891	0.01001	0.00698	0.00602	0.01294	0.01554	0.02204	0.12478	0.22581	0.13018	0.20484	0.01659	0.00386	0.00492	0.01436	0.15900	0.00623
17	0.00963	0.00785	0.00839	0.00827	0.01060	0.00675	0.00612	0.01184	0.01824	0.02272	0.19630	0.07016	0.52487	0.05125	0.01055	0.00281	0.00404	0.01566	0.00735	0.00662
18	0.01929	0.01666	0.01753	0.01578	0.02016	0.01929	0.01227	0.04120	0.66513	0.03243	0.03156	0.02893	0.02367	0.01052	0.00789	0.00263	0.00614	0.00877	0.00789	0.01227
19	0.78228	0.01499	0.01140	0.01020	0.01499	0.01739	0.00840	0.02279	0.01320	0.03479	0.01080	0.01260	0.00840	0.00720	0.00480	0.00240	0.00600	0.00420	0.00480	0.00840
20	0.01608	0.01378	0.01608	0.01148	0.01837	0.01034	0.00919	0.01952	0.01608	0.02527	0.01378	0.01608	0.01148	0.00574	0.00574	0.00115	0.00574	0.00459	0.00459	0.77491
21	0.01047	0.00776	0.00977	0.00957	0.01135	0.00706	0.00706	0.01355	0.02031	0.02793	0.49331	0.14632	0.17170	0.01757	0.00924	0.00256	0.00381	0.01545	0.00814	0.00706
22	0.02947	0.02172	0.02327	0.01784	0.02404	0.02404	0.01474	0.65329	0.03646	0.04887	0.01862	0.01862	0.01319	0.00931	0.00776	0.00233	0.00853	0.00698	0.00776	0.01319
23	0.01696	0.01696	0.02375	0.02036	0.02036	0.02375	0.01696	0.01866	0.01187	0.01866	0.01018	0.01696	0.01018	0.01357	0.02545	0.00339	0.71332	0.00679	0.00339	0.00848
24	0.01111	0.00813	0.01163	0.01167	0.01301	0.00914	0.00889	0.01368	0.01310	0.01884	0.04495	0.05779	0.04502	0.09742	0.55485	0.01071	0.01749	0.00939	0.03643	0.00676
25	0.01128	0.00752	0.00846	0.00846	0.00846	0.00752	0.00470	0.01128	0.01128	0.01503	0.02443	0.05074	0.02819	0.72751	0.03946	0.00752	0.00752	0.01128	0.00470	0.00470
26	0.01108	0.00831	0.01246	0.01246	0.01385	0.00969	0.00969	0.01385	0.01246	0.01800	0.02077	0.03046	0.01938	0.05815	0.69678	0.01246	0.02077	0.00831	0.00415	0.00692
27	0.01801	0.02007	0.04103	0.03003	0.03619	0.02050	0.51478	0.02351	0.01692	0.02351	0.01450	0.02007	0.01142	0.00805	0.01265	0.00278	0.16350	0.00864	0.00381	0.01003
28	0.00945	0.00675	0.00900	0.01080	0.01125	0.00630	0.00720	0.01080	0.01484	0.01979	0.04274	0.72245	0.05128	0.02429	0.00990	0.00315	0.00450	0.02204	0.00720	0.00630
29	0.01121	0.00801	0.01102	0.01281	0.01404	0.00782	0.01027	0.01385	0.01658	0.02177	0.04176	0.35471	0.04743	0.02263	0.01037	0.00339	0.00603	0.37236	0.00716	0.00679
30	0.01555	0.04011	0.68733	0.02210	0.03356	0.01801	0.02865	0.02455	0.01637	0.02455	0.01391	0.01637	0.00982	0.00737	0.00737	0.00246	0.01146	0.00573	0.00327	0.01146
31	0.01396	0.01038	0.05410	0.01148	0.01411	0.00832	0.00935	0.01729	0.01968	0.11054	0.36834	0.21964	0.05571	0.01685	0.00911	0.00266	0.00487	0.03759	0.00795	0.00806
32	0.01135	0.00678	0.00947	0.01037	0.01059	0.00655	0.00687	0.01051	0.01253	0.01670	0.02861	0.37370	0.03306	0.06006	0.02057	0.35179	0.00566	0.01460	0.00534	0.00490
33	0.01118	0.00809	0.01049	0.01160	0.01299	0.00778	0.00911	0.01364	0.01673	0.02187	0.10153	0.20202	0.12519	0.11649	0.01409	0.00380	0.00596	0.29389	0.00696	0.00659
34	0.01608	0.01378	0.01608	0.01148	0.01837	0.01034	0.00919	0.01952	0.01608	0.02527	0.01378	0.01608	0.01148	0.00574	0.00574	0.00115	0.00574	0.00459	0.00459	0.77491
35	0.02451	0.01722	0.01838	0.01567	0.02060	0.04972	0.01241	0.09558	0.41836	0.19475	0.02922	0.02666	0.02096	0.01006	0.00781	0.00252	0.00684	0.00819	0.00812	0.01243
36	0.02208	0.01754	0.01874	0.01611	0.02095	0.01991	0.01274	0.16717	0.50669	0.06514	0.02885	0.02669	0.02131	0.01023	0.00786	0.00256	0.00665	0.00835	0.00794	0.01250
37	0.01842	0.36851	0.08375	0.01285	0.01832	0.02012	0.01241	0.02182	0.01825	0.08750	0.20118	0.02960	0.05837	0.01014	0.00681	0.00206	0.00691	0.00794	0.00555	0.00951
38	0.01602	0.01413	0.01818	0.09285	0.02323	0.01190	0.03280	0.01971	0.01595	0.02440	0.01373	0.01680	0.01132	0.00626	0.00675	0.00144	0.03031	0.00509	0.00440	0.63474
39	0.01127	0.00815	0.01105	0.01121	0.01203	0.00902	0.00806	0.01307	0.01270	0.01807	0.02514	0.14942	0.02661	0.22486	0.34883	0.00873	0.04258	0.01124	0.04164	0.00631
40	0.01615	0.00886	0.00904	0.00843	0.01073	0.00913	0.00647	0.08987	0.01854	0.03116	0.02454	0.02774	0.01912	0.00906	0.00568	0.00187	0.00417	0.00720	0.68433	0.00790
41	0.01071	0.00812	0.01011	0.01092	0.01282	0.00751	0.00873	0.01345	0.01801	0.02317	0.15041	0.16251	0.26770	0.02034	0.00983	0.00301	0.00515	0.24327	0.00738	0.00685
42	0.01039	0.00794	0.00963	0.00946	0.01149	0.00704	0.00696	0.01313	0.01918	0.02586	0.35968	0.18045	0.24174	0.01803	0.00914	0.00256	0.00398	0.01574	0.00774	0.03984
43	0.01919	0.01842	0.03147	0.04759	0.67914	0.01842	0.02380	0.02380	0.01765	0.02533	0.01458	0.01919	0.01228	0.00691	0.00768	0.00230	0.00921	0.00691	0.00384	0.01228
44	0.01534	0.01416	0.02326	0.67626	0.05202	0.01755	0.02121	0.04971	0.01649	0.02118	0.01401	0.02057	0.01047	0.00783	0.00775	0.00257	0.01025	0.00689	0.00365	0.00883
45	0.00945	0.00675	0.00900	0.01080	0.01125	0.00630	0.00720	0.01080	0.01484	0.01979	0.04274	0.72245	0.05128	0.02429	0.00990	0.00315	0.00450	0.02204	0.00720	0.00630
46	0.00945	0.00675	0.00900	0.01080	0.01125	0.00630	0.00720	0.01080	0.01484	0.01979	0.04274	0.72245	0.05128	0.02429	0.00990	0.00315	0.00450	0.02204	0.00720	0.00630
47	0.00945	0.00675	0.00900	0.01080	0.01125	0.00630	0.00720	0.01080	0.01484	0.01979	0.04274	0.72245	0.05128	0.02429	0.00990	0.00315	0.00450	0.02204	0.00720	0.00630
48	0.01958	0.57896	0.18380	0.01522	0.02292	0.02787	0.01667	0.02351	0.01589	0.01964	0.01147	0.01331	0.00992	0.00680	0.00550	0.00183	0.00899	0.00450	0.00331	0.01028
49	0.01464	0.01378	0.02326	0.70887	0.05340	0.01723	0.02153	0.01981	0.01550	0.01981	0.01378	0.02067	0.01034	0.00775	0.00775	0.00258	0.01034	0.00689	0.00345	0.00861
50	0.00945	0.00675	0.00900	0.01080	0.01125	0.00630	0.00720	0.01080	0.01484	0.01979	0.04274	0.72245	0.05128	0.02429	0.00990	0.00315	0.00450	0.02204	0.00720	0.00630
51	0.01013	0.00784	0.00892	0.00868	0.01068	0.00696	0.00632	0.01254	0.01863	0.02429	0.30903	0.06522	0.36165	0.10017	0.01267	0.00311	0.00424	0.01484	0.00744	0.00664
52	0.01119	0.00753	0.00843	0.00843	0.00854	0.00748	0.00475	0.01127	0.01153	0.01527	0.02662	0.05171	0.05440	0.69887	0.03824	0.00732	0.00737	0.01148	0.00480	0.00477
53	0.03455	0.01358	0.01823	0.01398	0.01998	0.01196	0.01155	0.06543	0.02283	0.65597	0.03005	0.02604	0.01892	0.00958	0.00780	0.00240	0.00668	0.00776	0.00951	0.01319
54	0.01608	0.01378	0.01608	0.01148	0.01837	0.01034	0.00919	0.01952	0.01608	0.02527	0.01378	0.01608	0.01148	0.00574	0.00574	0.00115	0.00574	0.00459	0.00459	0.77491
55	0.34426	0.01394	0.01526	0.01231	0.01781	0.01388	0.01015	0.03158	0.01847	0.41551	0.02239	0.02068	0.01472	0.00860	0.00656	0.00240	0.00635	0.00631	0.00761	0.01121
56	0.01128	0.00752	0.00846	0.00846	0.00846	0.00752	0.00470	0.01128	0.01128	0.01503	0.02443	0.05074	0.02819	0.72751	0.03946	0.00752	0.00752	0.01128	0.00470	0.00470
57	0.00945	0.00675	0.00900	0.01080	0.01125	0.00630	0.00720	0.01080	0.01484	0.01979	0.04274	0.72245	0.05128	0.02429	0.00990	0.00315	0.00450	0.02204	0.00720	0.00630
58	0.00970	0.00693	0.00928	0.01108	0.01164	0.00651	0.00763	0.01123	0.01509	0.02007	0.04260	0.67021	0.05073	0.02406	0.00996	0.00318	0.00472	0.07181	0.00719	0.00637
59	0.00946	0.00705	0.00881	0.01009	0.01109	0.00640	0.00691	0.01106	0.01582	0.02060	0.08178	0.54580	0.19120	0.02284	0.00970	0.00300	0.00433	0.02039	0.00726	0.00640
60	0.01128	0.00752	0.00846	0.00846	0.00846	0.00752	0.00470	0.01128	0.01128	0.01503	0.02443	0.05074	0.02819	0.72751	0.03946	0.00752	0.00752	0.01128	0.00470	0.00470
61	0.01116	0.00798	0.01078	0.01078	0.01158	0.00878	0.00759	0.01277	0.01196	0.01675	0.02231	0.03898	0.02308	0.33937	0.42062	0.01038	0.01520	0.00955	0.00438	0.00599
62	0.01321	0.00907	0.01062	0.01005	0.01145	0.00903	0.00682	0.05509	0.04595	0.04360	0.19803	0.10274	0.06809	0.35596	0.02351	0.00493	0.00609	0.01256	0.00649	0.00673
63	0.01184	0.00812	0.01064	0.00990	0.01188	0.00746	0.00746	0.01547	0.02196	0.05480	0.65167	0.05677	0.07120	0.01562	0.00910	0.00244	0.00376	0.01380	0.00857	0.00753
64	0.01234	0.00888	0.01228	0.01399	0.01581	0.00882	0.01219	0.01584	0.01784	0.02310	0.04277	0.08687	0.07350	0.02134	0.01064	0.00353	0.00699	0.59903	0.00714	0.00711
65	0.02791	0.03474	0.02149	0.01952	0.02355	0.62237	0.01469	0.03208	0.09227	0.02045	0.01412	0.01562	0.01148	0.00827	0.00709	0.00207	0.01312	0.00541	0.00442	0.00935
66	0.01449	0.00927	0.01066	0.00984	0.01297	0.00823	0.00766	0.01794	0.05112	0.13720	0.15480	0.06217	0.41301	0.01698	0.00893	0.00260	0.00460	0.04159	0.00784	0.00811
67	0.00945	0.00675	0.00900	0.01080	0.01125	0.00630	0.00720	0.01080	0.01484	0.01979	0.04274	0.72245	0.05128	0.02429	0.00990	0.00315	0.00450	0.02204	0.00720	0.00630
68	0.01555	0.04011	0.68733	0.02210	0.03356	0.01801	0.02865	0.02455	0.01637	0.02455	0.01391	0.01637	0.00982	0.00737	0.00737	0.00246	0.01146	0.00573	0.00327	0.01146
69	0.37958	0.01382	0.01476	0.04172	0.01854	0.01427	0.01016	0.02896	0.01728	0.32684	0.02043	0.02076	0.01418	0.03828	0.00772	0.00262	0.00652	0.00623	0.00690	0.01042
70	0.01945	0.01910	0.03064	0.07650	0.61900	0.05099	0.02327	0.02396	0.01776	0.02477	0.01442	0.01901	0.01208	0.00700	0.00765	0.00230	0.00949	0.00682	0.00383	0.01196
71	0.39601	0.01669	0.01637	0.10401	0.05394	0.04867	0.01234	0.05559	0.17161	0.03176	0.01675	0.01820	0.01279	0.00818	0.00629	0.00245	0.00722	0.00593	0.00542	0.00978
72	0.01559	0.00987	0.01233	0.03510	0.01409	0.04270	0.00878	0.03842	0.04269	0.04444	0.01939	0.08768	0.01912	0.02268	0.02262	0.49980	0.00708	0.04755	0.00459	0.00548
73	0.05033	0.11957	0.11613	0.01877	0.05020	0.01822	0.09605	0.08564	0.07383	0.19728	0.01981	0.02019	0.01416	0.00800	0.00722	0.00223	0.00846	0.00673	0.00598	0.08120
74	0.02219	0.57454	0.09354	0.01410	0.02107	0.02696	0.01434	0.02531	0.01668	0.10935	0.01374	0.01467	0.01120	0.00710	0.00557	0.00183	0.00834	0.00478	0.00417	0.01052
75	0.01072	0.00733	0.00878	0.00925	0.00953	0.00715	0.00565	0.01143	0.01323	0.01780	0.08601	0.24579	0.03876	0.46239	0.02828	0.00581	0.00631	0.01463	0.00575	0.00539
76	0.01653	0.02690	0.29051	0.06117	0.07698	0.01788	0.29266	0.02355	0.01737	0.02453	0.03801	0.04645	0.01451	0.00792	0.00832	0.00255	0.01143	0.00821	0.00392	0.01061
77	0.02144	0.19309	0.06130	0.08477	0.24965	0.08014	0.06383	0.07872	0.01921	0.05628	0.01454	0.01752	0.01162	0.00733	0.00708	0.00218	0.00969	0.00623	0.00429	0.01109
78	0.01919	0.01842	0.03147	0.04759	0.67914	0.01842	0.02380	0.02380	0.01765	0.02533	0.01458	0.01919	0.01228	0.00691	0.00768	0.00230	0.00921	0.00691	0.00384	0.01228
79	0.01074	0.00779	0.01038	0.01182	0.01309	0.00743	0.00917	0.01320	0.01685	0.02215	0.09674	0.36353	0.10448	0.02208	0.01009	0.00321	0.00541	0.25782	0.00728	0.00673
80	0.01713	0.01627	0.02551	0.35704	0.29268	0.04209	0.02103	0.04349	0.01727	0.02295	0.01604	0.06439	0.01379	0.00854	0.00783	0.00248	0.00960	0.00779	0.00401	0.01007
81	0.08216	0.01582	0.02104	0.13278	0.11164	0.01702	0.03962	0.12735	0.13210	0.13624	0.05262	0.02406	0.01815	0.00902	0.00755	0.00243	0.00769	0.00761	0.04401	0.01110
82	0.10911	0.02067	0.02192	0.11032	0.02702	0.05546	0.01498	0.46886	0.03039	0.04195	0.01679	0.01801	0.01212	0.00880	0.00740	0.00235	0.00877	0.00657	0.00667	0.01184
83	0.01110	0.00820	0.01193	0.01193	0.01314	0.00941	0.00904	0.01351	0.01231	0.01761	0.02125	0.03313	0.02054	0.14619	0.61032	0.01181	0.01903	0.00870	0.00423	0.00663
84	0.01331	0.00673	0.01006	0.01013	0.01015	0.00672	0.00675	0.01013	0.01029	0.01372	0.01461	0.05088	0.01495	0.02683	0.02951	0.74427	0.00665	0.00733	0.00352	0.00348
85	0.01860	0.01567	0.01710	0.01437	0.01947	0.01625	0.01126	0.08019	0.38446	0.03087	0.02563	0.05847	0.02047	0.00963	0.00732	0.00218	0.00612	0.00800	0.00683	0.24712
86	0.03479	0.01320	0.01799	0.01380	0.01979	0.01140	0.01140	0.03779	0.02219	0.68451	0.03059	0.02639	0.01919	0.00960	0.00780	0.00240	0.00660	0.00780	0.00960	0.01320
87	0.00971	0.00694	0.00930	0.01110	0.01166	0.00653	0.00766	0.01125	0.01510	0.02009	0.04259	0.66752	0.05071	0.02404	0.00997	0.00319	0.00473	0.07437	0.00719	0.00637
88	0.01871	0.01791	0.03034	0.04568	0.64697	0.01785	0.02293	0.02319	0.01766	0.02512	0.01766	0.02186	0.04422	0.00752	0.00775	0.00232	0.00896	0.00736	0.00400	0.01201
89	0.01249	0.00892	0.01249	0.01428	0.01606	0.00892	0.01249	0.01606	0.01785	0.02320	0.04105	0.08746	0.04462	0.02142	0.01071	0.00357	0.00714	0.62695	0.00714	0.00714
90	0.02896	0.03695	0.02197	0.01998	0.02397	0.69638	0.01498	0.03096	0.02197	0.01898	0.01199	0.01398	0.00999	0.00799	0.00699	0.00200	0.01398	0.00499	0.00400	0.00899
91	0.01347	0.00673	0.01010	0.01010	0.01010	0.00673	0.00673	0.01010	0.01010	0.01347	0.01347	0.02357	0.01347	0.02694	0.03030	0.77441	0.00673	0.00673	0.00337	0.00337
92	0.01890	0.01813	0.03095	0.08963	0.63936	0.01835	0.02365	0.02354	0.01752	0.02498	0.01453	0.01928	0.01216	0.00696	0.00768	0.00232	0.00928	0.00691	0.00381	0.01205
93	0.01086	0.00792	0.01020	0.00963	0.01151	0.00727	0.00723	0.01441	0.02168	0.03045	0.63713	0.05898	0.11148	0.01609	0.00915	0.00245	0.00368	0.01417	0.00845	0.00727
94	0.01347	0.00673	0.01010	0.01010	0.01010	0.00673	0.00673	0.01010	0.01010	0.01347	0.01347	0.02357	0.01347	0.02694	0.03030	0.77441	0.00673	0.00673	0.00337	0.00337
95	0.01929	0.01666	0.01753	0.01578	0.02016	0.01929	0.01227	0.04120	0.66513	0.03243	0.03156	0.02893	0.02367	0.01052	0.00789	0.00263	0.00614	0.00877	0.00789	0.01227
96	0.01608	0.01378	0.01608	0.01148	0.01837	0.01034	0.00919	0.01952	0.01608	0.02527	0.01378	0.01608	0.01148	0.00574	0.00574	0.00115	0.00574	0.00459	0.00459	0.77491
97	0.01118	0.00753	0.00843	0.00843	0.00855	0.00747	0.00475	0.01127	0.01158	0.01531	0.02698	0.05187	0.05876	0.69410	0.03803	0.00729	0.00735	0.01152	0.00482	0.00479
98	0.01837	0.02062	0.04377	0.03149	0.03910	0.01959	0.60620	0.02598	0.06365	0.02537	0.01680	0.02148	0.01260	0.00682	0.00906	0.00262	0.01259	0.00912	0.00420	0.01058
99	0.01128	0.00752	0.00846	0.00846	0.00846	0.00752	0.00470	0.01128	0.01128	0.01503	0.02443	0.05074	0.02819	0.72751	0.03946	0.00752	0.00752	0.01128	0.00470	0.00470
100	0.00983	0.00779	0.00872	0.00865	0.01076	0.00681	0.00635	0.01217	0.01847	0.02365	0.25395	0.10958	0.42218	0.05359	0.01069	0.00284	0.00406	0.01577	0.00748	0.00667
101	0.02896	0.03695	0.02197	0.01998	0.02397	0.69638	0.01498	0.03096	0.02197	0.01898	0.01199	0.01398	0.00999	0.00799	0.00699	0.00200	0.01398	0.00499	0.00400	0.00899
102	0.00961	0.00787	0.00847	0.00832	0.01075	0.00673	0.00624	0.01199	0.01872	0.02343	0.22484	0.07052	0.52815	0.01871	0.00916	0.00257	0.00386	0.01579	0.00753	0.00673
103	0.02799	0.03552	0.02128	0.01938	0.02331	0.66247	0.01453	0.02999	0.02176	0.01907	0.01526	0.01696	0.04273	0.00856	0.00710	0.00203	0.01349	0.00555	0.00415	0.00887
104	0.01121	0.00776	0.00969	0.00969	0.01011	0.00818	0.00623	0.01206	0.01164	0.01594	0.02331	0.04451	0.02548	0.52195	0.24132	0.00904	0.01159	0.01036	0.00453	0.00538
105	0.01097	0.00793	0.01036	0.00975	0.01158	0.00732	0.00732	0.01463	0.02195	0.03109	0.67505	0.05792	0.07316	0.01585	0.00914	0.00244	0.00366	0.01402	0.00854	0.00732
106	0.01676	0.01376	0.01615	0.01157	0.01843	0.01037	0.00927	0.02019	0.01630	0.04939	0.01440	0.01646	0.01177	0.00588	0.00582	0.00119	0.00577	0.00471	0.00478	0.74703
107	0.01090	0.00792	0.01026	0.00967	0.01154	0.00728	0.00725	0.01448	0.02176	0.03066	0.64946	0.05863	0.09902	0.01601	0.00915	0.00245	0.00367	0.01412	0.00848	0.00728
108	0.01800	0.02301	0.11575	0.03153	0.03976	0.01943	0.58308	0.02481	0.01809	0.02481	0.01549	0.02042	0.01155	0.00663	0.00896	0.00260	0.01290	0.00878	0.00385	0.01057
109	0.01122	0.00749	0.00847	0.00853	0.00855	0.00748	0.00478	0.01126	0.01139	0.01519	0.02503	0.07275	0.02895	0.70446	0.03850	0.00737	0.00742	0.01163	0.00478	0.00475
110	0.01464	0.01378	0.02326	0.70887	0.05340	0.01723	0.02153	0.01981	0.01550	0.01981	0.01378	0.02067	0.01034	0.00775	0.00775	0.00258	0.01034	0.00689	0.00345	0.00861
111	0.01097	0.00793	0.01036	0.00975	0.01158	0.00732	0.00732	0.01463	0.02195	0.03109	0.67505	0.05792	0.07316	0.01585	0.00914	0.00244	0.00366	0.01402	0.00854	0.00732
112	0.00945	0.00675	0.00900	0.01080	0.01125	0.00630	0.00720	0.01080	0.01484	0.01979	0.04274	0.72245	0.05128	0.02429	0.00990	0.00315	0.00450	0.02204	0.00720	0.00630
113	0.01128	0.00752	0.00846	0.00846	0.00846	0.00752	0.00470	0.01128	0.01128	0.01503	0.02443	0.05074	0.02819	0.72751	0.03946	0.00752	0.00752	0.01128	0.00470	0.00470
114	0.03479	0.01320	0.01799	0.01380	0.01979	0.01140	0.01140	0.03779	0.02219	0.68451	0.03059	0.02639	0.01919	0.00960	0.00780	0.00240	0.00660	0.00780	0.00960	0.01320
115	0.02896	0.03695	0.02197	0.01998	0.02397	0.69638	0.01498	0.03096	0.02197	0.01898	0.01199	0.01398	0.00999	0.00799	0.00699	0.00200	0.01398	0.00499	0.00400	0.00899
116	0.01187	0.00856	0.01134	0.01244	0.01404	0.00837	0.01003	0.03298	0.01806	0.02391	0.13111	0.22720	0.07978	0.04285	0.01103	0.00335	0.00593	0.33280	0.00729	0.00704
117	0.01011	0.00789	0.00916	0.00884	0.01105	0.00695	0.00663	0.01295	0.01990	0.02623	0.38897	0.06593	0.36228	0.01767	0.00915	0.00252	0.00379	0.01515	0.00789	0.00695
118	0.03479	0.01320	0.01799	0.01380	0.01979	0.01140	0.01140	0.03779	0.02219	0.68451	0.03059	0.02639	0.01919	0.00960	0.00780	0.00240	0.00660	0.00780	0.00960	0.01320
119	0.00960	0.00681	0.00895	0.01060	0.01101	0.00640	0.00699	0.01084	0.01454	0.01939	0.04118	0.66548	0.04932	0.08393	0.01240	0.00352	0.00475	0.02113	0.00699	0.00616
120	0.01128	0.00752	0.00846	0.00846	0.00846	0.00752	0.00470	0.01128	0.01128	0.01503	0.02443	0.05074	0.02819	0.72751	0.03946	0.00752	0.00752	0.01128	0.00470	0.00470
121	0.01347	0.00673	0.01010	0.01010	0.01010	0.00673	0.00673	0.01010	0.01010	0.01347	0.01347	0.02357	0.01347	0.02694	0.03030	0.77441	0.00673	0.00673	0.00337	0.00337
122	0.01196	0.00972	0.01293	0.01283	0.01435	0.04366	0.00995	0.01469	0.01293	0.01805	0.02033	0.02965	0.01892	0.05567	0.66266	0.01194	0.02043	0.00814	0.00415	0.00702
123	0.03479	0.01320	0.01799	0.01380	0.01979	0.01140	0.01140	0.03779	0.02219	0.68451	0.03059	0.02639	0.01919	0.00960	0.00780	0.00240	0.00660	0.00780	0.00960	0.01320
124	0.01108	0.00831	0.01246	0.01246	0.01385	0.00969	0.00969	0.01385	0.01246	0.01800	0.02077	0.03046	0.01938	0.05815	0.69678	0.01246	0.02077	0.00831	0.00415	0.00692
125	0.00945	0.00675	0.00900	0.01080	0.01125	0.00630	0.00720	0.01080	0.01484	0.01979	0.04274	0.72245	0.05128	0.02429	0.00990	0.00315	0.00450	0.02204	0.00720	0.00630
126	0.03402	0.01337	0.01797	0.01389	0.01981	0.01179	0.01144	0.03796	0.05399	0.65226	0.03064	0.02652	0.01941	0.00964	0.00780	0.00241	0.00657	0.00785	0.00951	0.01315
127	0.02838	0.02117	0.02265	0.01762	0.02363	0.02353	0.01447	0.58754	0.10399	0.04710	0.02001	0.01972	0.01431	0.00944	0.00777	0.00236	0.00827	0.00717	0.00777	0.01309
128	0.01097	0.00793	0.01036	0.00975	0.01158	0.00732	0.00732	0.01463	0.02195	0.03109	0.67505	0.05792	0.07316	0.01585	0.00914	0.00244	0.00366	0.01402	0.00854	0.00732
129	0.01464	0.01378	0.02326	0.70887	0.05340	0.01723	0.02153	0.01981	0.01550	0.01981	0.01378	0.02067	0.01034	0.00775	0.00775	0.00258	0.01034	0.00689	0.00345	0.00861
130	0.01913	0.01858	0.03238	0.04664	0.63854	0.01850	0.06366	0.02386	0.01770	0.02530	0.01465	0.01930	0.01225	0.00688	0.00777	0.00232	0.00946	0.00705	0.00384	0.01217

[dist]
# distance from previous block
# <min> <max>
0	0

# created by:
# /st0/software/busco_prod/Augustus/scripts/msa2prfl.pl ./align_prep/123912.fa
