[name]
unknown

[dist]
# distance from previous block
# <min> <max>
0	32

[block]
# block no. 0 follows, 24 sequences, length 14
# corresponding to MSA columns:
# 32-45
name=unknown_A
#
# <colnr> <probs for GDERKNQSTAVLIFYWHMCP>
#	G	D	E	R	K	N	Q	S	T	A	V	L	I	F	Y	W	H	M	C	P
0	0.01278	0.00913	0.01278	0.01460	0.01643	0.00913	0.01278	0.01643	0.01825	0.02373	0.04199	0.08945	0.04564	0.02191	0.01095	0.00365	0.00730	0.61847	0.00730	0.00730
1	0.01590	0.04102	0.68023	0.02260	0.03432	0.01842	0.02930	0.02511	0.01674	0.02511	0.01423	0.01674	0.01005	0.00753	0.00753	0.00251	0.01172	0.00586	0.00335	0.01172
2	0.02120	0.72609	0.04155	0.01357	0.02035	0.03138	0.01357	0.02374	0.01611	0.01866	0.01102	0.01272	0.01018	0.00678	0.00509	0.00170	0.00848	0.00424	0.00339	0.01018
3	0.01153	0.00769	0.00865	0.00865	0.00865	0.00769	0.00480	0.01153	0.01153	0.01538	0.02499	0.05189	0.02883	0.72131	0.04036	0.00769	0.00769	0.01153	0.00480	0.00480
4	0.03014	0.02221	0.02380	0.01825	0.02459	0.02459	0.01507	0.64541	0.03728	0.04998	0.01904	0.01904	0.01349	0.00952	0.00793	0.00238	0.00873	0.00714	0.00793	0.01349
5	0.77733	0.01534	0.01166	0.01043	0.01534	0.01779	0.00859	0.02331	0.01350	0.03558	0.01104	0.01288	0.00859	0.00736	0.00491	0.00245	0.00613	0.00429	0.00491	0.00859
6	0.00966	0.00690	0.00920	0.01104	0.01150	0.00644	0.00736	0.01104	0.01518	0.02024	0.04371	0.71614	0.05245	0.02484	0.01012	0.00322	0.00460	0.02254	0.00736	0.00644
7	0.03451	0.06652	0.02013	0.01407	0.02025	0.01312	0.01180	0.03754	0.02221	0.62833	0.02978	0.02593	0.01893	0.00959	0.00776	0.00240	0.00688	0.00770	0.00934	0.01325
8	0.00966	0.00690	0.00920	0.01104	0.01150	0.00644	0.00736	0.01104	0.01518	0.02024	0.04371	0.71614	0.05245	0.02484	0.01012	0.00322	0.00460	0.02254	0.00736	0.00644
9	0.01644	0.01409	0.01644	0.01175	0.01879	0.01057	0.00940	0.01997	0.01644	0.02584	0.01409	0.01644	0.01175	0.00587	0.00587	0.00117	0.00587	0.00470	0.00470	0.76979
10	0.01644	0.01409	0.01644	0.01175	0.01879	0.01057	0.00940	0.01997	0.01644	0.02584	0.01409	0.01644	0.01175	0.00587	0.00587	0.00117	0.00587	0.00470	0.00470	0.76979
11	0.00966	0.00690	0.00920	0.01104	0.01150	0.00644	0.00736	0.01104	0.01518	0.02024	0.04371	0.71614	0.05245	0.02484	0.01012	0.00322	0.00460	0.02254	0.00736	0.00644
12	0.01153	0.00769	0.00865	0.00865	0.00865	0.00769	0.00480	0.01153	0.01153	0.01538	0.02499	0.05189	0.02883	0.72131	0.04036	0.00769	0.00769	0.01153	0.00480	0.00480
13	0.77733	0.01534	0.01166	0.01043	0.01534	0.01779	0.00859	0.02331	0.01350	0.03558	0.01104	0.01288	0.00859	0.00736	0.00491	0.00245	0.00613	0.00429	0.00491	0.00859

[dist]
# distance from previous block
# <min> <max>
0	1

[block]
# block no. 1 follows, 24 sequences, length 8
# corresponding to MSA columns:
# 47-54
name=unknown_B
#
# <colnr> <probs for GDERKNQSTAVLIFYWHMCP>
#	G	D	E	R	K	N	Q	S	T	A	V	L	I	F	Y	W	H	M	C	P
0	0.67422	0.01881	0.10219	0.01208	0.01791	0.01787	0.01139	0.02355	0.01393	0.03416	0.01147	0.01340	0.00879	0.00738	0.00526	0.00246	0.00689	0.00451	0.00470	0.00901
1	0.01735	0.01735	0.02429	0.02082	0.02082	0.02429	0.01735	0.01908	0.01214	0.01908	0.01041	0.01735	0.01041	0.01388	0.02602	0.00347	0.70680	0.00694	0.00347	0.00867
2	0.00937	0.00803	0.00803	0.00803	0.01071	0.00669	0.00602	0.01138	0.01807	0.02142	0.08033	0.07632	0.66863	0.02008	0.00937	0.00268	0.00402	0.01674	0.00736	0.00669
3	0.00966	0.00690	0.00920	0.01104	0.01150	0.00644	0.00736	0.01104	0.01518	0.02024	0.04371	0.71614	0.05245	0.02484	0.01012	0.00322	0.00460	0.02254	0.00736	0.00644
4	0.01590	0.04102	0.68023	0.02260	0.03432	0.01842	0.02930	0.02511	0.01674	0.02511	0.01423	0.01674	0.01005	0.00753	0.00753	0.00251	0.01172	0.00586	0.00335	0.01172
5	0.03558	0.01350	0.01840	0.01411	0.02024	0.01166	0.01166	0.03865	0.02270	0.67734	0.03128	0.02699	0.01963	0.00981	0.00797	0.00245	0.00675	0.00797	0.00981	0.01350
6	0.01590	0.04102	0.68023	0.02260	0.03432	0.01842	0.02930	0.02511	0.01674	0.02511	0.01423	0.01674	0.01005	0.00753	0.00753	0.00251	0.01172	0.00586	0.00335	0.01172
7	0.00966	0.00690	0.00920	0.01104	0.01150	0.00644	0.00736	0.01104	0.01518	0.02024	0.04371	0.71614	0.05245	0.02484	0.01012	0.00322	0.00460	0.02254	0.00736	0.00644

[dist]
# distance from previous block
# <min> <max>
0	1

[block]
# block no. 2 follows, 24 sequences, length 6
# corresponding to MSA columns:
# 56-61
name=unknown_C
#
# <colnr> <probs for GDERKNQSTAVLIFYWHMCP>
#	G	D	E	R	K	N	Q	S	T	A	V	L	I	F	Y	W	H	M	C	P
0	0.02044	0.01430	0.01698	0.01268	0.01927	0.01178	0.01017	0.02595	0.08805	0.15045	0.01936	0.01989	0.01461	0.00716	0.00651	0.00158	0.00608	0.00579	0.00604	0.54289
1	0.61264	0.10114	0.01594	0.01117	0.01643	0.01883	0.00949	0.02488	0.01472	0.09687	0.01304	0.01425	0.00987	0.00753	0.00523	0.00236	0.00648	0.00465	0.00521	0.00926
2	0.63347	0.02019	0.13797	0.01273	0.01892	0.01791	0.01250	0.02365	0.01411	0.03360	0.01164	0.01361	0.00886	0.00739	0.00540	0.00246	0.00719	0.00459	0.00461	0.00918
3	0.01122	0.00811	0.01060	0.00998	0.01185	0.00748	0.00748	0.01496	0.02245	0.03180	0.66766	0.05923	0.07482	0.01621	0.00935	0.00249	0.00374	0.01434	0.00873	0.00748
4	0.01590	0.04102	0.68023	0.02260	0.03432	0.01842	0.02930	0.02511	0.01674	0.02511	0.01423	0.01674	0.01005	0.00753	0.00753	0.00251	0.01172	0.00586	0.00335	0.01172
5	0.00966	0.00690	0.00920	0.01104	0.01150	0.00644	0.00736	0.01104	0.01518	0.02024	0.04371	0.71614	0.05245	0.02484	0.01012	0.00322	0.00460	0.02254	0.00736	0.00644

[dist]
# distance from previous block
# <min> <max>
6	15

[block]
# block no. 3 follows, 24 sequences, length 7
# corresponding to MSA columns:
# 77-83
name=unknown_D
#
# <colnr> <probs for GDERKNQSTAVLIFYWHMCP>
#	G	D	E	R	K	N	Q	S	T	A	V	L	I	F	Y	W	H	M	C	P
0	0.00961	0.00709	0.00901	0.01055	0.01137	0.00648	0.00714	0.01110	0.01566	0.02044	0.04970	0.61142	0.15329	0.02406	0.01000	0.00313	0.00451	0.02159	0.00736	0.00648
1	0.01018	0.00755	0.00969	0.01089	0.01202	0.00679	0.00743	0.01177	0.01548	0.02077	0.04392	0.61605	0.09223	0.02301	0.00973	0.00302	0.00466	0.02072	0.00715	0.06693
2	0.05754	0.27268	0.37425	0.01873	0.02747	0.02329	0.02188	0.02407	0.01599	0.02297	0.01266	0.01521	0.01004	0.00777	0.00803	0.00230	0.06556	0.00531	0.00345	0.01079
3	0.09061	0.07118	0.02330	0.01765	0.02328	0.17353	0.01433	0.37724	0.06954	0.03880	0.01716	0.01771	0.01280	0.00894	0.00733	0.00228	0.00959	0.00637	0.00653	0.01184
4	0.11457	0.08953	0.06867	0.09530	0.02394	0.01800	0.01385	0.03068	0.24047	0.10997	0.09287	0.02673	0.02310	0.00983	0.00744	0.00249	0.00718	0.00790	0.00660	0.01088
5	0.18898	0.01768	0.11177	0.01391	0.01950	0.01485	0.01277	0.05971	0.10633	0.16386	0.11523	0.02684	0.02390	0.00982	0.00722	0.00242	0.00671	0.00773	0.05690	0.03387
6	0.02075	0.01962	0.06070	0.02399	0.03098	0.01784	0.31089	0.08055	0.01969	0.09401	0.01693	0.02018	0.01267	0.00769	0.00959	0.00236	0.06572	0.00768	0.00503	0.17313

[dist]
# distance from previous block
# <min> <max>
1	17

[block]
# block no. 4 follows, 24 sequences, length 70
# corresponding to MSA columns:
# 101-170
name=unknown_E
#
# <colnr> <probs for GDERKNQSTAVLIFYWHMCP>
#	G	D	E	R	K	N	Q	S	T	A	V	L	I	F	Y	W	H	M	C	P
0	0.01952	0.49275	0.23212	0.01708	0.02539	0.02705	0.04430	0.02422	0.01641	0.02086	0.01219	0.01428	0.01021	0.00700	0.00599	0.00198	0.00965	0.00493	0.00340	0.01066
1	0.01636	0.07733	0.61635	0.02328	0.06219	0.01914	0.02822	0.02500	0.01677	0.02480	0.01409	0.01665	0.01017	0.00747	0.00741	0.00246	0.01144	0.00583	0.00338	0.01167
2	0.01690	0.15703	0.55022	0.02143	0.03218	0.02068	0.04720	0.02489	0.01670	0.02402	0.01375	0.01621	0.01013	0.00738	0.00718	0.00238	0.01122	0.00570	0.00338	0.01142
3	0.01616	0.01498	0.02471	0.59965	0.12143	0.01806	0.02197	0.04853	0.01705	0.02221	0.01441	0.02088	0.01092	0.00790	0.00792	0.00260	0.01036	0.00705	0.00376	0.00943
4	0.01523	0.01435	0.02425	0.66642	0.08846	0.01769	0.02215	0.02048	0.01598	0.02057	0.01414	0.02106	0.01068	0.00788	0.00792	0.00263	0.01051	0.00705	0.00355	0.00901
5	0.02597	0.02517	0.30464	0.01760	0.02596	0.01440	0.01911	0.03172	0.02011	0.36593	0.05247	0.02400	0.01796	0.00911	0.00785	0.00248	0.00877	0.00734	0.00697	0.01246
6	0.01021	0.00765	0.01071	0.08259	0.01596	0.00760	0.00888	0.01200	0.01525	0.02024	0.04064	0.64420	0.04811	0.02309	0.00989	0.00316	0.00522	0.02094	0.00696	0.00669
7	0.01986	0.47557	0.21962	0.01669	0.02446	0.05263	0.01823	0.02423	0.01636	0.02052	0.01195	0.01412	0.01015	0.00736	0.00679	0.00202	0.04069	0.00485	0.00341	0.01051
8	0.01925	0.01850	0.03130	0.08288	0.60265	0.01907	0.02383	0.02383	0.01761	0.02523	0.01463	0.01959	0.01233	0.00748	0.00884	0.00243	0.04746	0.00706	0.00388	0.01214
9	0.01809	0.01712	0.02553	0.46458	0.18400	0.05521	0.02156	0.07561	0.01854	0.02400	0.01460	0.02026	0.01123	0.00789	0.00787	0.00253	0.01037	0.00695	0.00402	0.01005
10	0.01963	0.01884	0.03219	0.04867	0.67185	0.01884	0.02434	0.02434	0.01806	0.02591	0.01492	0.01963	0.01256	0.00707	0.00785	0.00236	0.00942	0.00707	0.00393	0.01256
11	0.01166	0.00839	0.01222	0.01222	0.01368	0.00967	0.00949	0.01458	0.01312	0.01949	0.02169	0.03100	0.01987	0.05459	0.62335	0.01168	0.01953	0.00839	0.07825	0.00711
12	0.01147	0.00963	0.01553	0.01476	0.01636	0.00943	0.09993	0.01375	0.01588	0.02149	0.06822	0.54559	0.04540	0.02120	0.01084	0.00312	0.04407	0.01939	0.00673	0.00723
13	0.03145	0.01408	0.01812	0.01427	0.01989	0.01313	0.01165	0.08954	0.08132	0.50560	0.08846	0.02948	0.02455	0.01046	0.00811	0.00247	0.00660	0.00857	0.00939	0.01286
14	0.00966	0.00690	0.00920	0.01104	0.01150	0.00644	0.00736	0.01104	0.01518	0.02024	0.04371	0.71614	0.05245	0.02484	0.01012	0.00322	0.00460	0.02254	0.00736	0.00644
15	0.02921	0.02395	0.02295	0.01815	0.02401	0.12326	0.01474	0.52741	0.03427	0.04422	0.02056	0.02070	0.04010	0.00975	0.00788	0.00234	0.00936	0.00723	0.00733	0.01256
16	0.01712	0.01643	0.02835	0.39524	0.31699	0.01824	0.04956	0.02222	0.01692	0.02289	0.01453	0.02051	0.01148	0.00751	0.00796	0.00252	0.01020	0.00715	0.00372	0.01049
17	0.01533	0.01446	0.02442	0.65251	0.10159	0.01771	0.02220	0.02057	0.01602	0.02069	0.01416	0.02103	0.01072	0.00786	0.00792	0.00262	0.01048	0.00705	0.00355	0.00909
18	0.01478	0.00739	0.00739	0.00739	0.00924	0.00739	0.00554	0.01848	0.01663	0.02956	0.02587	0.02956	0.02033	0.00924	0.00554	0.00185	0.00370	0.00739	0.76534	0.00739
19	0.01914	0.01826	0.03107	0.04684	0.63975	0.01824	0.02351	0.02369	0.01792	0.02563	0.01632	0.05348	0.01450	0.00793	0.00796	0.00240	0.00919	0.00782	0.00409	0.01226
20	0.01628	0.08929	0.63522	0.02197	0.03334	0.01933	0.02819	0.02502	0.01670	0.02466	0.01400	0.01646	0.01005	0.00748	0.00736	0.00245	0.01149	0.00575	0.00335	0.01161
21	0.00937	0.00803	0.00803	0.00803	0.01071	0.00669	0.00602	0.01138	0.01807	0.02142	0.08033	0.07632	0.66863	0.02008	0.00937	0.00268	0.00402	0.01674	0.00736	0.00669
22	0.01606	0.03995	0.64560	0.02319	0.03471	0.01851	0.06285	0.02513	0.01685	0.02513	0.01433	0.01700	0.01015	0.00749	0.00763	0.00252	0.01181	0.00605	0.00338	0.01166
23	0.01872	0.02139	0.04679	0.03342	0.04144	0.02005	0.64305	0.02540	0.01872	0.02540	0.01604	0.02139	0.01203	0.00668	0.00936	0.00267	0.01337	0.00936	0.00401	0.01070
24	0.01122	0.00811	0.01060	0.00998	0.01185	0.00748	0.00748	0.01496	0.02245	0.03180	0.66766	0.05923	0.07482	0.01621	0.00935	0.00249	0.00374	0.01434	0.00873	0.00748
25	0.02962	0.03779	0.02247	0.02043	0.02451	0.68948	0.01532	0.03166	0.02247	0.01941	0.01226	0.01430	0.01021	0.00817	0.00715	0.00204	0.01430	0.00511	0.00409	0.00919
26	0.01744	0.02971	0.32007	0.02817	0.03743	0.01953	0.34919	0.02499	0.01757	0.02499	0.01501	0.01920	0.01110	0.00738	0.00932	0.00264	0.04379	0.00773	0.00370	0.01105
27	0.01895	0.01815	0.03097	0.14339	0.58240	0.01866	0.02400	0.02375	0.01774	0.02509	0.01480	0.01985	0.01227	0.00719	0.00786	0.00240	0.00959	0.00706	0.00387	0.01202
28	0.00950	0.00802	0.00824	0.00839	0.01094	0.00676	0.00631	0.01153	0.01795	0.02145	0.07742	0.10523	0.62030	0.02036	0.00946	0.00273	0.00415	0.03719	0.00736	0.00670
29	0.00973	0.00696	0.00927	0.01099	0.01152	0.00649	0.00737	0.01122	0.01552	0.02078	0.07251	0.68581	0.05348	0.02445	0.01009	0.00319	0.00456	0.02216	0.00742	0.00649
30	0.71013	0.01635	0.01246	0.01107	0.01599	0.05018	0.00904	0.02435	0.01431	0.06149	0.01194	0.01354	0.00913	0.00750	0.00514	0.00243	0.00656	0.00449	0.00507	0.00882
31	0.01498	0.01409	0.02378	0.70226	0.05462	0.01762	0.02202	0.02026	0.01586	0.02026	0.01409	0.02114	0.01057	0.00793	0.00793	0.00264	0.01057	0.00705	0.00352	0.00881
32	0.00966	0.00690	0.00920	0.01104	0.01150	0.00644	0.00736	0.01104	0.01518	0.02024	0.04371	0.71614	0.05245	0.02484	0.01012	0.00322	0.00460	0.02254	0.00736	0.00644
33	0.01741	0.01754	0.02533	0.02140	0.02177	0.02409	0.04624	0.01938	0.01245	0.01938	0.01067	0.01754	0.01048	0.01355	0.02525	0.00343	0.67479	0.00705	0.00349	0.00877
34	0.01832	0.02076	0.04515	0.03245	0.04014	0.01946	0.61537	0.02478	0.01856	0.02518	0.01725	0.05164	0.01379	0.00748	0.00939	0.00270	0.01299	0.00993	0.00416	0.01051
35	0.01122	0.00811	0.01060	0.00998	0.01185	0.00748	0.00748	0.01496	0.02245	0.03180	0.66766	0.05923	0.07482	0.01621	0.00935	0.00249	0.00374	0.01434	0.00873	0.00748
36	0.01865	0.02119	0.04570	0.03281	0.04044	0.02026	0.61258	0.02509	0.01840	0.02509	0.01577	0.02119	0.01195	0.00703	0.01017	0.00271	0.04713	0.00924	0.00398	0.01060
37	0.01498	0.01409	0.02378	0.70226	0.05462	0.01762	0.02202	0.02026	0.01586	0.02026	0.01409	0.02114	0.01057	0.00793	0.00793	0.00264	0.01057	0.00705	0.00352	0.00881
38	0.00948	0.00760	0.00848	0.00918	0.01101	0.00660	0.00653	0.01125	0.01697	0.02097	0.06640	0.31967	0.43427	0.02189	0.00966	0.00288	0.00424	0.01894	0.00736	0.00660
39	0.01972	0.01703	0.01793	0.01614	0.02062	0.01972	0.01255	0.04214	0.65752	0.03317	0.03228	0.02959	0.02421	0.01076	0.00807	0.00269	0.00628	0.00897	0.00807	0.01255
40	0.01498	0.01409	0.02378	0.70226	0.05462	0.01762	0.02202	0.02026	0.01586	0.02026	0.01409	0.02114	0.01057	0.00793	0.00793	0.00264	0.01057	0.00705	0.00352	0.00881
41	0.01498	0.01409	0.02378	0.70226	0.05462	0.01762	0.02202	0.02026	0.01586	0.02026	0.01409	0.02114	0.01057	0.00793	0.00793	0.00264	0.01057	0.00705	0.00352	0.00881
42	0.01041	0.00744	0.01007	0.01190	0.01269	0.00709	0.00867	0.01234	0.01592	0.02109	0.04329	0.56473	0.05080	0.02413	0.01032	0.00332	0.00525	0.16652	0.00735	0.00665
43	0.01912	0.01832	0.03127	0.11999	0.60449	0.01871	0.02408	0.02389	0.01782	0.02529	0.01483	0.01979	0.01234	0.00716	0.00786	0.00239	0.00955	0.00706	0.00388	0.01215
44	0.01924	0.01937	0.05488	0.08358	0.61523	0.01876	0.02439	0.02414	0.01789	0.02557	0.01485	0.01961	0.01236	0.00713	0.00784	0.00238	0.00957	0.00702	0.00388	0.01233
45	0.01590	0.04102	0.68023	0.02260	0.03432	0.01842	0.02930	0.02511	0.01674	0.02511	0.01423	0.01674	0.01005	0.00753	0.00753	0.00251	0.01172	0.00586	0.00335	0.01172
46	0.01498	0.01409	0.02378	0.70226	0.05462	0.01762	0.02202	0.02026	0.01586	0.02026	0.01409	0.02114	0.01057	0.00793	0.00793	0.00264	0.01057	0.00705	0.00352	0.00881
47	0.01518	0.01404	0.02366	0.63654	0.08630	0.01722	0.02149	0.02005	0.01574	0.02029	0.01413	0.02119	0.01082	0.00874	0.00893	0.03600	0.01035	0.00704	0.00354	0.00878
48	0.01152	0.00772	0.00882	0.00882	0.00888	0.00778	0.00502	0.01164	0.01158	0.01551	0.02483	0.05101	0.02844	0.69302	0.06813	0.00790	0.00827	0.01140	0.00478	0.00490
49	0.00966	0.00690	0.00920	0.01104	0.01150	0.00644	0.00736	0.01104	0.01518	0.02024	0.04371	0.71614	0.05245	0.02484	0.01012	0.00322	0.00460	0.02254	0.00736	0.00644
50	0.01278	0.00913	0.01278	0.01460	0.01643	0.00913	0.01278	0.01643	0.01825	0.02373	0.04199	0.08945	0.04564	0.02191	0.01095	0.00365	0.00730	0.61847	0.00730	0.00730
51	0.01963	0.01884	0.03219	0.04867	0.67185	0.01884	0.02434	0.02434	0.01806	0.02591	0.01492	0.01963	0.01256	0.00707	0.00785	0.00236	0.00942	0.00707	0.00393	0.01256
52	0.02049	0.01686	0.01795	0.01604	0.02060	0.01933	0.01251	0.04197	0.62665	0.06450	0.03223	0.02946	0.02398	0.01071	0.00806	0.00268	0.00630	0.00892	0.00815	0.01260
53	0.00966	0.00690	0.00920	0.01104	0.01150	0.00644	0.00736	0.01104	0.01518	0.02024	0.04371	0.71614	0.05245	0.02484	0.01012	0.00322	0.00460	0.02254	0.00736	0.00644
54	0.02213	0.65322	0.03972	0.01405	0.02079	0.03067	0.01372	0.08810	0.01830	0.02190	0.01185	0.01337	0.01052	0.00707	0.00538	0.00177	0.00851	0.00454	0.00386	0.01052
55	0.03346	0.01689	0.02051	0.01572	0.02194	0.01670	0.01299	0.27527	0.02839	0.43268	0.02651	0.02389	0.01723	0.00970	0.00796	0.00242	0.00752	0.00765	0.00908	0.01349
56	0.01527	0.01429	0.02030	0.01803	0.01852	0.01932	0.01478	0.01738	0.01235	0.01885	0.01415	0.02212	0.01366	0.02963	0.25537	0.00667	0.46996	0.00748	0.00374	0.00812
57	0.77733	0.01534	0.01166	0.01043	0.01534	0.01779	0.00859	0.02331	0.01350	0.03558	0.01104	0.01288	0.00859	0.00736	0.00491	0.00245	0.00613	0.00429	0.00491	0.00859
58	0.02120	0.72609	0.04155	0.01357	0.02035	0.03138	0.01357	0.02374	0.01611	0.01866	0.01102	0.01272	0.01018	0.00678	0.00509	0.00170	0.00848	0.00424	0.00339	0.01018
59	0.02093	0.69105	0.07422	0.01403	0.02107	0.03071	0.01437	0.02381	0.01614	0.01899	0.01119	0.01293	0.01017	0.00682	0.00521	0.00174	0.00865	0.00432	0.00339	0.01026
60	0.01133	0.00850	0.01274	0.01274	0.01416	0.00991	0.00991	0.01416	0.01274	0.01841	0.02124	0.03115	0.01982	0.05947	0.68989	0.01274	0.02124	0.00850	0.00425	0.00708
61	0.01498	0.01409	0.02378	0.70226	0.05462	0.01762	0.02202	0.02026	0.01586	0.02026	0.01409	0.02114	0.01057	0.00793	0.00793	0.00264	0.01057	0.00705	0.00352	0.00881
62	0.02748	0.02999	0.02233	0.02150	0.07674	0.43128	0.01544	0.09549	0.09055	0.06069	0.01749	0.02046	0.01412	0.00912	0.00758	0.00226	0.01179	0.02993	0.00533	0.01043
63	0.03458	0.01403	0.01860	0.01438	0.02044	0.01259	0.01184	0.06406	0.05417	0.61992	0.03082	0.02679	0.01960	0.00985	0.00798	0.00246	0.00681	0.00799	0.00965	0.01345
64	0.01817	0.02019	0.04242	0.03067	0.03788	0.01933	0.54710	0.02424	0.01795	0.02474	0.01589	0.02140	0.01231	0.00961	0.04324	0.00313	0.05141	0.00896	0.00403	0.04732
65	0.00965	0.00696	0.00914	0.01089	0.01146	0.00645	0.00729	0.01106	0.01533	0.02030	0.04558	0.68342	0.08396	0.02460	0.01008	0.00319	0.00457	0.02225	0.00736	0.00645
66	0.01972	0.01703	0.01793	0.01614	0.02062	0.01972	0.01255	0.04214	0.65752	0.03317	0.03228	0.02959	0.02421	0.01076	0.00807	0.00269	0.00628	0.00897	0.00807	0.01255
67	0.00973	0.00813	0.00853	0.00866	0.01123	0.00693	0.00665	0.01195	0.01827	0.02205	0.10157	0.07670	0.59209	0.02007	0.00950	0.00275	0.00428	0.06671	0.00742	0.00678
68	0.01256	0.00951	0.01168	0.01215	0.01397	0.00929	0.00876	0.04195	0.08639	0.02346	0.03780	0.46829	0.04248	0.05171	0.01084	0.00318	0.00543	0.06729	0.00710	0.07616
69	0.00966	0.00690	0.00920	0.01104	0.01150	0.00644	0.00736	0.01104	0.01518	0.02024	0.04371	0.71614	0.05245	0.02484	0.01012	0.00322	0.00460	0.02254	0.00736	0.00644

[dist]
# distance from previous block
# <min> <max>
0	4

[block]
# block no. 5 follows, 24 sequences, length 6
# corresponding to MSA columns:
# 175-180
name=unknown_F
#
# <colnr> <probs for GDERKNQSTAVLIFYWHMCP>
#	G	D	E	R	K	N	Q	S	T	A	V	L	I	F	Y	W	H	M	C	P
0	0.01625	0.03861	0.60265	0.02393	0.03519	0.01862	0.10446	0.02515	0.01698	0.02515	0.01445	0.01731	0.01029	0.00743	0.00776	0.00253	0.01192	0.00629	0.00343	0.01159
1	0.01984	0.55068	0.20508	0.01588	0.02393	0.02806	0.01760	0.02410	0.01627	0.02031	0.01185	0.01375	0.01014	0.00698	0.00571	0.00190	0.00931	0.00465	0.00338	0.01057
2	0.01703	0.18614	0.54494	0.02069	0.03136	0.02116	0.02597	0.02482	0.01661	0.02375	0.01355	0.01589	0.01007	0.00738	0.00702	0.00234	0.01103	0.00552	0.00336	0.01139
3	0.15037	0.01640	0.01770	0.01397	0.01934	0.01699	0.01139	0.24330	0.02404	0.09079	0.05568	0.02118	0.01677	0.00894	0.00764	0.00215	0.03596	0.00663	0.06455	0.17621
4	0.68074	0.01578	0.01427	0.01530	0.09903	0.01792	0.01060	0.02344	0.01408	0.03435	0.01154	0.01374	0.00909	0.00732	0.00528	0.00244	0.00655	0.00465	0.00478	0.00909
5	0.09141	0.01235	0.01567	0.01290	0.01763	0.01144	0.01034	0.03107	0.05480	0.41958	0.15234	0.07990	0.03178	0.01192	0.00813	0.00253	0.00595	0.00994	0.00893	0.01139

[dist]
# distance from previous block
# <min> <max>
0	1

[block]
# block no. 6 follows, 24 sequences, length 8
# corresponding to MSA columns:
# 182-189
name=unknown_G
#
# <colnr> <probs for GDERKNQSTAVLIFYWHMCP>
#	G	D	E	R	K	N	Q	S	T	A	V	L	I	F	Y	W	H	M	C	P
0	0.01431	0.00962	0.01199	0.01218	0.01395	0.00948	0.00875	0.10541	0.01947	0.06429	0.09344	0.51707	0.04678	0.02098	0.00961	0.00299	0.00525	0.01873	0.00771	0.00797
1	0.01982	0.54690	0.20861	0.01593	0.02401	0.02799	0.01768	0.02410	0.01628	0.02035	0.01186	0.01377	0.01014	0.00698	0.00573	0.00191	0.00933	0.00466	0.00338	0.01058
2	0.06143	0.01604	0.01774	0.01388	0.01948	0.01590	0.01123	0.24933	0.05139	0.09855	0.07083	0.02632	0.06041	0.00967	0.00733	0.00209	0.00665	0.00766	0.04187	0.21219
3	0.10661	0.04474	0.01777	0.01395	0.01878	0.06796	0.01120	0.09380	0.02194	0.33233	0.07056	0.11776	0.02485	0.01172	0.00784	0.00249	0.00708	0.00951	0.00797	0.01114
4	0.02264	0.01158	0.01504	0.01241	0.01703	0.00978	0.00971	0.02553	0.01959	0.30713	0.10525	0.17697	0.03140	0.01289	0.00811	0.00233	0.00572	0.01110	0.00796	0.18784
5	0.50998	0.01568	0.04594	0.01151	0.01691	0.01557	0.00995	0.02521	0.01555	0.13466	0.01563	0.01671	0.01145	0.00776	0.00564	0.00231	0.00632	0.00519	0.05741	0.07061
6	0.18163	0.01212	0.01448	0.01214	0.01660	0.01156	0.00972	0.02783	0.02019	0.34315	0.17946	0.08159	0.03285	0.01192	0.00782	0.00252	0.00575	0.00978	0.00836	0.01054
7	0.01850	0.22923	0.37008	0.01958	0.05398	0.02064	0.02158	0.02455	0.01693	0.07076	0.01697	0.07269	0.01430	0.00886	0.00710	0.00233	0.00977	0.00695	0.00418	0.01102

[dist]
# distance from previous block
# <min> <max>
10	17

[block]
# block no. 7 follows, 24 sequences, length 16
# corresponding to MSA columns:
# 208-223
name=unknown_H
#
# <colnr> <probs for GDERKNQSTAVLIFYWHMCP>
#	G	D	E	R	K	N	Q	S	T	A	V	L	I	F	Y	W	H	M	C	P
0	0.02239	0.01973	0.02300	0.01900	0.02179	0.06334	0.01564	0.23731	0.02185	0.03052	0.01430	0.01823	0.01193	0.01152	0.01698	0.00285	0.36664	0.00683	0.03704	0.03910
1	0.09110	0.01528	0.01743	0.01424	0.01970	0.01541	0.01143	0.07163	0.23758	0.24849	0.04879	0.02577	0.02064	0.00956	0.00748	0.00235	0.00642	0.00769	0.00791	0.12111
2	0.09482	0.01384	0.01698	0.01366	0.01888	0.01333	0.01109	0.08297	0.08166	0.40935	0.12872	0.03042	0.02727	0.01067	0.00793	0.00248	0.00634	0.00868	0.00890	0.01203
3	0.73231	0.01484	0.01151	0.01046	0.01511	0.01712	0.00852	0.02259	0.01359	0.03468	0.01296	0.05413	0.01116	0.00839	0.00521	0.00250	0.00604	0.00536	0.00505	0.00846
4	0.01899	0.01499	0.01882	0.01383	0.02063	0.01243	0.04830	0.04551	0.06704	0.08429	0.01729	0.01877	0.01347	0.00677	0.00651	0.00154	0.00653	0.00568	0.00548	0.57316
5	0.01922	0.01843	0.03145	0.10580	0.61790	0.01873	0.02413	0.02398	0.01786	0.02541	0.01484	0.01976	0.01239	0.00714	0.00786	0.00238	0.00952	0.00706	0.00389	0.01223
6	0.01880	0.01800	0.03069	0.16477	0.56221	0.01862	0.02393	0.02361	0.01767	0.02490	0.01477	0.01990	0.01221	0.00722	0.00786	0.00241	0.00962	0.00706	0.00385	0.01189
7	0.01828	0.01747	0.02976	0.23781	0.49323	0.01849	0.02367	0.02316	0.01742	0.02427	0.01468	0.02006	0.01198	0.00732	0.00787	0.00244	0.00975	0.00706	0.00381	0.01148
8	0.01521	0.01433	0.02420	0.66976	0.08530	0.01768	0.02214	0.02046	0.01597	0.02054	0.01414	0.02107	0.01067	0.00789	0.00792	0.00263	0.01051	0.00705	0.00354	0.00900
9	0.01848	0.01924	0.02412	0.02078	0.02116	0.08566	0.01716	0.02024	0.01310	0.01911	0.01058	0.01707	0.01039	0.01335	0.02428	0.00334	0.64291	0.00677	0.00353	0.00872
10	0.01467	0.01361	0.02272	0.64627	0.05116	0.01680	0.02085	0.01983	0.01639	0.02119	0.06695	0.02422	0.01577	0.00860	0.00804	0.00263	0.01002	0.00764	0.00394	0.00870
11	0.01068	0.00868	0.00955	0.00942	0.01185	0.00791	0.00702	0.01470	0.07058	0.02475	0.21386	0.12450	0.42037	0.01882	0.00933	0.00268	0.00418	0.01604	0.00775	0.00733
12	0.01798	0.01605	0.02237	0.01608	0.02324	0.01340	0.12076	0.07300	0.01858	0.02777	0.01485	0.01753	0.01194	0.00632	0.00665	0.00154	0.00742	0.00572	0.00485	0.57396
13	0.01765	0.01669	0.02774	0.28413	0.38936	0.01767	0.02219	0.02247	0.01711	0.02384	0.01454	0.01990	0.01176	0.00728	0.00771	0.00236	0.00953	0.00685	0.00385	0.07738
14	0.01814	0.10898	0.16582	0.02814	0.03644	0.02059	0.42674	0.02461	0.01790	0.02435	0.01612	0.04531	0.01293	0.00753	0.00853	0.00255	0.01214	0.00857	0.00393	0.01067
15	0.01692	0.10402	0.41172	0.12706	0.13918	0.01970	0.02579	0.02412	0.01676	0.02385	0.01399	0.01745	0.01054	0.00744	0.00739	0.00242	0.01084	0.00606	0.00347	0.01126

[dist]
# distance from previous block
# <min> <max>
4	8

[block]
# block no. 8 follows, 24 sequences, length 9
# corresponding to MSA columns:
# 232-240
name=unknown_I
#
# <colnr> <probs for GDERKNQSTAVLIFYWHMCP>
#	G	D	E	R	K	N	Q	S	T	A	V	L	I	F	Y	W	H	M	C	P
0	0.01920	0.10410	0.48620	0.02132	0.03101	0.15695	0.02497	0.02633	0.01786	0.02334	0.01353	0.01587	0.01009	0.00759	0.00723	0.00234	0.01195	0.00556	0.00350	0.01106
1	0.02341	0.01610	0.01859	0.01414	0.02054	0.01494	0.01144	0.16139	0.10129	0.15459	0.02064	0.02061	0.01514	0.00801	0.00698	0.00186	0.00670	0.00637	0.00678	0.37048
2	0.02148	0.38092	0.22543	0.01718	0.02532	0.02618	0.01849	0.15136	0.02063	0.02696	0.01361	0.01519	0.01082	0.00756	0.00639	0.00208	0.00948	0.00531	0.00431	0.01131
3	0.01273	0.00969	0.01358	0.01291	0.01482	0.00990	0.05505	0.01571	0.01711	0.02440	0.10810	0.20296	0.12123	0.01724	0.01059	0.00284	0.07201	0.10969	0.16200	0.00744
4	0.02591	0.02002	0.02686	0.01995	0.02674	0.02033	0.14237	0.36777	0.02888	0.08812	0.01852	0.01968	0.01336	0.00835	0.00788	0.00224	0.00905	0.00725	0.00673	0.13998
5	0.05903	0.01188	0.01409	0.01259	0.01584	0.01202	0.01007	0.14612	0.02405	0.08133	0.32546	0.07185	0.07130	0.01508	0.00896	0.00265	0.00564	0.09475	0.00815	0.00913
6	0.01191	0.00816	0.01060	0.01143	0.01236	0.00814	0.00802	0.01457	0.07577	0.02100	0.08231	0.37764	0.04174	0.06142	0.01586	0.16016	0.00553	0.06035	0.00658	0.00646
7	0.02653	0.01613	0.02407	0.01821	0.02461	0.01505	0.14082	0.05818	0.12520	0.31837	0.02532	0.02441	0.01742	0.00874	0.00796	0.00235	0.00798	0.00791	0.00752	0.12323
8	0.01698	0.16236	0.36573	0.16102	0.03653	0.02084	0.08315	0.02389	0.01663	0.02293	0.01377	0.01733	0.01037	0.00739	0.00733	0.00240	0.01103	0.00613	0.00346	0.01074

[dist]
# distance from previous block
# <min> <max>
0	1

[block]
# block no. 9 follows, 24 sequences, length 8
# corresponding to MSA columns:
# 242-249
name=unknown_J
#
# <colnr> <probs for GDERKNQSTAVLIFYWHMCP>
#	G	D	E	R	K	N	Q	S	T	A	V	L	I	F	Y	W	H	M	C	P
0	0.02478	0.01858	0.02066	0.01710	0.02158	0.05647	0.01381	0.16894	0.21576	0.14828	0.02298	0.02293	0.01698	0.01048	0.01118	0.00260	0.13729	0.00755	0.00709	0.05496
1	0.02331	0.02111	0.03431	0.02518	0.03208	0.02158	0.31332	0.28459	0.02606	0.03544	0.01693	0.01992	0.01255	0.00815	0.00931	0.00250	0.04241	0.00804	0.00567	0.05755
2	0.01113	0.00761	0.00909	0.00932	0.00973	0.00742	0.00574	0.01203	0.01408	0.01910	0.13877	0.17639	0.04111	0.47107	0.02943	0.00597	0.00644	0.01406	0.00595	0.00557
3	0.31442	0.01945	0.13780	0.05336	0.02187	0.01683	0.01402	0.08790	0.07548	0.03142	0.02017	0.13693	0.01843	0.01096	0.00706	0.00262	0.00744	0.00859	0.00556	0.00968
4	0.19151	0.09177	0.23529	0.02238	0.14459	0.01843	0.01920	0.02676	0.01722	0.13894	0.01626	0.01779	0.01184	0.00773	0.00684	0.00238	0.00888	0.00594	0.00492	0.01133
5	0.01531	0.13170	0.01593	0.01157	0.01398	0.01238	0.00951	0.01784	0.01609	0.05141	0.02892	0.05289	0.02945	0.19246	0.01621	0.00394	0.00691	0.21927	0.14675	0.00746
6	0.01748	0.01471	0.01700	0.01224	0.01923	0.01163	0.00983	0.06732	0.01802	0.02767	0.01447	0.01664	0.01188	0.00615	0.00603	0.00127	0.00609	0.00488	0.00494	0.71254
7	0.02855	0.01920	0.02279	0.13488	0.02894	0.02099	0.01563	0.42553	0.03090	0.16127	0.02046	0.02087	0.01413	0.00930	0.00794	0.00244	0.00868	0.00728	0.00753	0.01268

[dist]
# distance from previous block
# <min> <max>
0	1

[block]
# block no. 10 follows, 24 sequences, length 6
# corresponding to MSA columns:
# 251-256
name=unknown_K
#
# <colnr> <probs for GDERKNQSTAVLIFYWHMCP>
#	G	D	E	R	K	N	Q	S	T	A	V	L	I	F	Y	W	H	M	C	P
0	0.01644	0.01409	0.01644	0.01175	0.01879	0.01057	0.00940	0.01997	0.01644	0.02584	0.01409	0.01644	0.01175	0.00587	0.00587	0.00117	0.00587	0.00470	0.00470	0.76979
1	0.02157	0.18737	0.02523	0.12484	0.02640	0.06215	0.01439	0.08654	0.21551	0.06695	0.02032	0.02108	0.01555	0.00863	0.00708	0.00224	0.00819	0.00672	0.00580	0.07344
2	0.02485	0.02346	0.17758	0.01713	0.02403	0.01905	0.01661	0.33528	0.02759	0.10478	0.02023	0.02098	0.01438	0.00903	0.00746	0.00233	0.00844	0.00696	0.12774	0.01209
3	0.01150	0.00940	0.01281	0.01338	0.01373	0.01071	0.00975	0.01296	0.01446	0.01997	0.03575	0.54907	0.04240	0.02222	0.01392	0.00328	0.17249	0.01881	0.00643	0.00697
4	0.02599	0.02015	0.02146	0.01741	0.02301	0.02265	0.01407	0.40503	0.28443	0.04328	0.02431	0.02324	0.01776	0.01001	0.00799	0.00250	0.00775	0.00787	0.00799	0.01311
5	0.01699	0.13511	0.18263	0.01929	0.02321	0.02255	0.01878	0.02061	0.01413	0.02055	0.01415	0.07378	0.01373	0.01213	0.01696	0.00294	0.37172	0.00753	0.00375	0.00946

[dist]
# distance from previous block
# <min> <max>
0	10

# created by:
# /st0/software/busco_prod/Augustus/scripts/msa2prfl.pl ./align_prep/124022.fa
