[name]
unknown

[dist]
# distance from previous block
# <min> <max>
0	0

[block]
# block no. 0 follows, 26 sequences, length 40
# corresponding to MSA columns:
# 0-39
name=unknown_A
#
# <colnr> <probs for GDERKNQSTAVLIFYWHMCP>
#	G	D	E	R	K	N	Q	S	T	A	V	L	I	F	Y	W	H	M	C	P
0	0.01222	0.00873	0.01222	0.01397	0.01572	0.00873	0.01222	0.01572	0.01746	0.02270	0.04016	0.08556	0.04365	0.02095	0.01048	0.00349	0.00698	0.63506	0.00698	0.00698
1	0.07341	0.01618	0.01672	0.01505	0.01936	0.01873	0.01174	0.03903	0.62558	0.03189	0.02943	0.02716	0.02209	0.01006	0.00750	0.00256	0.00599	0.00826	0.00750	0.01174
2	0.03092	0.01789	0.02069	0.01586	0.02185	0.01855	0.01310	0.40991	0.03005	0.30665	0.02292	0.02127	0.01526	0.00922	0.00760	0.00230	0.00759	0.00715	0.00831	0.01290
3	0.01432	0.01348	0.02275	0.71520	0.05224	0.01685	0.02107	0.01938	0.01517	0.01938	0.01348	0.02022	0.01011	0.00758	0.00758	0.00253	0.01011	0.00674	0.00337	0.00843
4	0.73354	0.01454	0.01161	0.01022	0.01500	0.01660	0.00842	0.02334	0.01353	0.08071	0.01194	0.01328	0.00896	0.00721	0.00490	0.00235	0.00591	0.00436	0.00503	0.00855
5	0.07386	0.01640	0.01698	0.01514	0.01954	0.01894	0.01185	0.06700	0.59687	0.03262	0.02886	0.02671	0.02163	0.01001	0.00750	0.00254	0.00610	0.00818	0.00750	0.01178
6	0.01843	0.01426	0.01847	0.01334	0.02003	0.01144	0.06025	0.04578	0.01732	0.09986	0.01564	0.01732	0.01216	0.00623	0.00618	0.00142	0.00637	0.00528	0.00510	0.60511
7	0.02883	0.02125	0.02276	0.01745	0.02352	0.02352	0.01442	0.66082	0.03566	0.04780	0.01821	0.01821	0.01290	0.00911	0.00759	0.00228	0.00835	0.00683	0.00759	0.01290
8	0.01432	0.01348	0.02275	0.71520	0.05224	0.01685	0.02107	0.01938	0.01517	0.01938	0.01348	0.02022	0.01011	0.00758	0.00758	0.00253	0.01011	0.00674	0.00337	0.00843
9	0.01103	0.00735	0.00827	0.00827	0.00827	0.00735	0.00460	0.01103	0.01103	0.01471	0.02390	0.04964	0.02758	0.73343	0.03861	0.00735	0.00735	0.01103	0.00460	0.00460
10	0.00924	0.00660	0.00880	0.01056	0.01100	0.00616	0.00704	0.01056	0.01452	0.01936	0.04181	0.72848	0.05017	0.02376	0.00968	0.00308	0.00440	0.02156	0.00704	0.00616
11	0.01744	0.01852	0.03708	0.16593	0.20290	0.01845	0.37889	0.02311	0.01722	0.02348	0.01472	0.02000	0.01137	0.00671	0.00833	0.00248	0.01134	0.00798	0.00373	0.01033
12	0.02883	0.02125	0.02276	0.01745	0.02352	0.02352	0.01442	0.66082	0.03566	0.04780	0.01821	0.01821	0.01290	0.00911	0.00759	0.00228	0.00835	0.00683	0.00759	0.01290
13	0.01066	0.00775	0.01003	0.00946	0.01129	0.00712	0.00710	0.01417	0.02129	0.03000	0.65639	0.05735	0.09755	0.01566	0.00895	0.00239	0.00359	0.01381	0.00829	0.00712
14	0.00924	0.00660	0.00880	0.01056	0.01100	0.00616	0.00704	0.01056	0.01452	0.01936	0.04181	0.72848	0.05017	0.02376	0.00968	0.00308	0.00440	0.02156	0.00704	0.00616
15	0.01742	0.01939	0.04039	0.09632	0.03879	0.01938	0.53018	0.02319	0.01698	0.02319	0.01460	0.02003	0.01121	0.00723	0.01049	0.00263	0.08647	0.00850	0.00374	0.00985
16	0.02833	0.03615	0.02149	0.01954	0.02345	0.70298	0.01466	0.03029	0.02149	0.01856	0.01172	0.01368	0.00977	0.00782	0.00684	0.00195	0.01368	0.00489	0.00391	0.00879
17	0.78701	0.01467	0.01115	0.00997	0.01467	0.01702	0.00821	0.02230	0.01291	0.03403	0.01056	0.01232	0.00821	0.00704	0.00469	0.00235	0.00587	0.00411	0.00469	0.00821
18	0.01149	0.00789	0.01019	0.00963	0.01157	0.00721	0.00722	0.01479	0.02077	0.05642	0.57447	0.09606	0.11154	0.01600	0.00894	0.00244	0.00376	0.01409	0.00822	0.00728
19	0.74272	0.01457	0.01153	0.01018	0.01494	0.01667	0.00839	0.02316	0.01343	0.07270	0.01170	0.01312	0.00884	0.00718	0.00487	0.00235	0.00590	0.00431	0.00497	0.00849
20	0.01432	0.01348	0.02275	0.71520	0.05224	0.01685	0.02107	0.01938	0.01517	0.01938	0.01348	0.02022	0.01011	0.00758	0.00758	0.00253	0.01011	0.00674	0.00337	0.00843
21	0.01084	0.00813	0.01219	0.01219	0.01354	0.00948	0.00948	0.01354	0.01219	0.01761	0.02032	0.02980	0.01896	0.05689	0.70337	0.01219	0.02032	0.00813	0.00406	0.00677
22	0.01074	0.00775	0.01014	0.00954	0.01133	0.00716	0.00716	0.01431	0.02147	0.03042	0.68211	0.05666	0.07157	0.01551	0.00895	0.00239	0.00358	0.01372	0.00835	0.00716
23	0.01414	0.00707	0.00707	0.00707	0.00884	0.00707	0.00530	0.01767	0.01591	0.02828	0.02474	0.02828	0.01944	0.00884	0.00530	0.00177	0.00353	0.00707	0.77554	0.00707
24	0.01790	0.02046	0.04476	0.03197	0.03964	0.01918	0.65857	0.02430	0.01790	0.02430	0.01535	0.02046	0.01151	0.00639	0.00895	0.00256	0.01279	0.00895	0.00384	0.01023
25	0.00924	0.00660	0.00880	0.01056	0.01100	0.00616	0.00704	0.01056	0.01452	0.01936	0.04181	0.72848	0.05017	0.02376	0.00968	0.00308	0.00440	0.02156	0.00704	0.00616
26	0.01877	0.01802	0.03079	0.04656	0.68612	0.01802	0.02328	0.02328	0.01727	0.02478	0.01427	0.01877	0.01201	0.00676	0.00751	0.00225	0.00901	0.00676	0.00375	0.01201
27	0.01432	0.01348	0.02275	0.71520	0.05224	0.01685	0.02107	0.01938	0.01517	0.01938	0.01348	0.02022	0.01011	0.00758	0.00758	0.00253	0.01011	0.00674	0.00337	0.00843
28	0.00980	0.00764	0.00889	0.00874	0.01080	0.00673	0.00649	0.01244	0.01901	0.02497	0.35235	0.11207	0.35722	0.01783	0.00901	0.00252	0.00376	0.01535	0.00764	0.00673
29	0.02941	0.02032	0.02219	0.01701	0.02306	0.02214	0.01405	0.59129	0.03411	0.11953	0.01952	0.01906	0.01355	0.00914	0.00759	0.00228	0.00814	0.00692	0.00779	0.01290
30	0.00909	0.00719	0.00820	0.00900	0.01059	0.00629	0.00635	0.01074	0.01602	0.01997	0.06078	0.37347	0.39293	0.02130	0.00929	0.00280	0.00410	0.01855	0.00704	0.00629
31	0.00935	0.00767	0.00827	0.00837	0.01066	0.00659	0.00629	0.01152	0.01769	0.02184	0.15402	0.11100	0.53662	0.01906	0.00907	0.00261	0.00397	0.04167	0.00722	0.00651
32	0.01103	0.00735	0.00827	0.00827	0.00827	0.00735	0.00460	0.01103	0.01103	0.01471	0.02390	0.04964	0.02758	0.73343	0.03861	0.00735	0.00735	0.01103	0.00460	0.00460
33	0.02883	0.02125	0.02276	0.01745	0.02352	0.02352	0.01442	0.66082	0.03566	0.04780	0.01821	0.01821	0.01290	0.00911	0.00759	0.00228	0.00835	0.00683	0.00759	0.01290
34	0.01835	0.01752	0.02953	0.08522	0.61372	0.01755	0.02242	0.02283	0.01707	0.02445	0.01418	0.01871	0.01186	0.00675	0.00742	0.00221	0.00890	0.00664	0.00377	0.05091
35	0.02115	0.02247	0.02530	0.10747	0.33326	0.21870	0.01890	0.04872	0.05765	0.02383	0.04012	0.01943	0.01412	0.00779	0.00739	0.00222	0.01009	0.00658	0.00431	0.01052
36	0.40762	0.01583	0.01504	0.01242	0.01761	0.05577	0.01016	0.08012	0.01846	0.27254	0.01827	0.01777	0.01252	0.00811	0.00612	0.00232	0.00674	0.00565	0.00659	0.01033
37	0.01830	0.02068	0.04011	0.02902	0.03612	0.05993	0.54150	0.02400	0.01771	0.02377	0.01478	0.01951	0.01133	0.00666	0.00911	0.00243	0.03730	0.00824	0.00388	0.07563
38	0.27614	0.01910	0.01897	0.01501	0.02063	0.02140	0.01239	0.45255	0.02824	0.04331	0.01572	0.01629	0.01137	0.00843	0.00664	0.00230	0.00754	0.00594	0.00664	0.01137
39	0.02909	0.02084	0.02251	0.01726	0.02332	0.02292	0.01426	0.63033	0.03498	0.07926	0.01878	0.01858	0.01319	0.00912	0.00759	0.00228	0.00825	0.00687	0.00768	0.01290

[dist]
# distance from previous block
# <min> <max>
0	43

[block]
# block no. 1 follows, 26 sequences, length 28
# corresponding to MSA columns:
# 83-110
name=unknown_B
#
# <colnr> <probs for GDERKNQSTAVLIFYWHMCP>
#	G	D	E	R	K	N	Q	S	T	A	V	L	I	F	Y	W	H	M	C	P
0	0.01041	0.00840	0.00958	0.01111	0.01176	0.04870	0.00751	0.01177	0.01495	0.01931	0.03997	0.68484	0.04770	0.02279	0.00951	0.00301	0.00497	0.02054	0.00685	0.00632
1	0.78701	0.01467	0.01115	0.00997	0.01467	0.01702	0.00821	0.02230	0.01291	0.03403	0.01056	0.01232	0.00821	0.00704	0.00469	0.00235	0.00587	0.00411	0.00469	0.00821
2	0.01881	0.00957	0.01279	0.01109	0.01428	0.00860	0.00874	0.02217	0.02139	0.25753	0.43094	0.04725	0.05224	0.01363	0.00856	0.00242	0.00471	0.03751	0.00865	0.00913
3	0.01432	0.01348	0.02275	0.71520	0.05224	0.01685	0.02107	0.01938	0.01517	0.01938	0.01348	0.02022	0.01011	0.00758	0.00758	0.00253	0.01011	0.00674	0.00337	0.00843
4	0.05146	0.34244	0.33854	0.01723	0.02565	0.06483	0.01980	0.02376	0.01595	0.02143	0.01203	0.01404	0.00961	0.00692	0.00606	0.00203	0.00978	0.00482	0.00333	0.01029
5	0.01102	0.00739	0.00848	0.00848	0.00855	0.00747	0.00485	0.01116	0.01109	0.01486	0.02371	0.04859	0.02712	0.69770	0.07371	0.00761	0.00804	0.01088	0.00457	0.00471
6	0.00920	0.00769	0.00800	0.00793	0.01039	0.00650	0.00595	0.01133	0.01784	0.02179	0.15592	0.07086	0.60315	0.01873	0.00896	0.00254	0.00381	0.01571	0.00721	0.00650
7	0.01521	0.03923	0.69413	0.02162	0.03283	0.01762	0.02802	0.02402	0.01601	0.02402	0.01361	0.01601	0.00961	0.00721	0.00721	0.00240	0.01121	0.00560	0.00320	0.01121
8	0.01810	0.16726	0.47359	0.01972	0.02897	0.12201	0.02327	0.02471	0.01672	0.02207	0.01277	0.01496	0.00966	0.00717	0.00672	0.00219	0.01101	0.00521	0.00332	0.01058
9	0.78701	0.01467	0.01115	0.00997	0.01467	0.01702	0.00821	0.02230	0.01291	0.03403	0.01056	0.01232	0.00821	0.00704	0.00469	0.00235	0.00587	0.00411	0.00469	0.00821
10	0.01267	0.00818	0.01076	0.00987	0.01200	0.00749	0.00749	0.01619	0.02149	0.08521	0.62805	0.05410	0.06719	0.01500	0.00884	0.00238	0.00382	0.01321	0.00844	0.00763
11	0.01059	0.00775	0.00994	0.00939	0.01124	0.00709	0.00704	0.01403	0.02112	0.02959	0.63194	0.05801	0.12226	0.01581	0.00895	0.00240	0.00360	0.01391	0.00824	0.00709
12	0.02028	0.73799	0.03975	0.01298	0.01947	0.03001	0.01298	0.02271	0.01541	0.01785	0.01055	0.01217	0.00973	0.00649	0.00487	0.00162	0.00811	0.00406	0.00324	0.00973
13	0.01092	0.00779	0.01046	0.01046	0.01122	0.00854	0.00733	0.01244	0.01168	0.01633	0.02190	0.03855	0.02276	0.35525	0.41021	0.01006	0.01460	0.00941	0.00430	0.00581
14	0.03403	0.01291	0.01760	0.01350	0.01936	0.01115	0.01115	0.03697	0.02171	0.69137	0.02992	0.02582	0.01878	0.00939	0.00763	0.00235	0.00645	0.00763	0.00939	0.01291
15	0.01944	0.02002	0.02871	0.14493	0.47019	0.11654	0.04434	0.02373	0.01758	0.02304	0.01382	0.01832	0.01138	0.00702	0.00748	0.00226	0.00999	0.00656	0.00372	0.01094
16	0.01970	0.02135	0.04999	0.03724	0.44124	0.13662	0.07892	0.02396	0.01781	0.02326	0.01498	0.02053	0.01280	0.00953	0.03757	0.00270	0.01066	0.02640	0.00389	0.01088
17	0.02770	0.03448	0.02120	0.01918	0.02308	0.64851	0.01445	0.05624	0.02175	0.01976	0.01232	0.01447	0.01024	0.00970	0.03282	0.00235	0.01370	0.00509	0.00407	0.00889
18	0.01573	0.01348	0.01573	0.01123	0.01798	0.01011	0.00899	0.01910	0.01573	0.02472	0.01348	0.01573	0.01123	0.00562	0.00562	0.00112	0.00562	0.00449	0.00449	0.77980
19	0.57351	0.01547	0.01377	0.01158	0.01664	0.01728	0.00955	0.12334	0.01756	0.11975	0.01421	0.01495	0.01029	0.00766	0.00552	0.00234	0.00633	0.00498	0.00574	0.00954
20	0.01645	0.01398	0.01495	0.01361	0.01732	0.01561	0.01052	0.03286	0.49631	0.03012	0.13026	0.03801	0.11326	0.01216	0.00805	0.00254	0.00538	0.01025	0.00772	0.01060
21	0.01074	0.00775	0.01014	0.00954	0.01133	0.00716	0.00716	0.01431	0.02147	0.03042	0.68211	0.05666	0.07157	0.01551	0.00895	0.00239	0.00358	0.01372	0.00835	0.00716
22	0.01074	0.00775	0.01014	0.00954	0.01133	0.00716	0.00716	0.01431	0.02147	0.03042	0.68211	0.05666	0.07157	0.01551	0.00895	0.00239	0.00358	0.01372	0.00835	0.00716
23	0.01084	0.00813	0.01219	0.01219	0.01354	0.00948	0.00948	0.01354	0.01219	0.01761	0.02032	0.02980	0.01896	0.05689	0.70337	0.01219	0.02032	0.00813	0.00406	0.00677
24	0.01044	0.00774	0.00973	0.00923	0.01115	0.00703	0.00693	0.01374	0.02078	0.02877	0.58167	0.05937	0.17304	0.01612	0.00895	0.00241	0.00362	0.01410	0.00813	0.00703
25	0.02890	0.05124	0.02306	0.01693	0.02300	0.02277	0.01408	0.58179	0.03364	0.09987	0.01885	0.01858	0.01325	0.00902	0.00747	0.00225	0.00818	0.00678	0.00755	0.01276
26	0.01694	0.01344	0.01585	0.01138	0.01807	0.01018	0.00913	0.02028	0.01612	0.06878	0.01457	0.01640	0.01173	0.00587	0.00575	0.00120	0.00567	0.00470	0.00482	0.72911
27	0.01770	0.02186	0.09328	0.03120	0.03913	0.01906	0.61145	0.02428	0.01776	0.02428	0.01522	0.02013	0.01137	0.00645	0.00882	0.00255	0.01267	0.00870	0.00379	0.01030

[dist]
# distance from previous block
# <min> <max>
0	1

[block]
# block no. 2 follows, 26 sequences, length 78
# corresponding to MSA columns:
# 112-189
name=unknown_C
#
# <colnr> <probs for GDERKNQSTAVLIFYWHMCP>
#	G	D	E	R	K	N	Q	S	T	A	V	L	I	F	Y	W	H	M	C	P
0	0.06894	0.01769	0.02014	0.01560	0.02151	0.01832	0.03697	0.31376	0.12322	0.09988	0.01967	0.01966	0.01431	0.00836	0.00708	0.00210	0.00727	0.00660	0.00682	0.17208
1	0.01662	0.01029	0.01119	0.00996	0.01244	0.01099	0.00780	0.13753	0.02002	0.03166	0.09911	0.02909	0.02378	0.00989	0.00716	0.00201	0.04133	0.00777	0.50311	0.00823
2	0.01839	0.01818	0.02534	0.40641	0.07973	0.09882	0.09332	0.08911	0.05234	0.02376	0.01492	0.01960	0.01131	0.00772	0.00766	0.00242	0.01038	0.00688	0.00417	0.00954
3	0.01216	0.00962	0.01201	0.01345	0.09120	0.00888	0.00878	0.01600	0.05618	0.05071	0.23012	0.05772	0.37307	0.01583	0.00866	0.00247	0.00461	0.01354	0.00714	0.00785
4	0.01680	0.01345	0.01584	0.01137	0.01806	0.01017	0.00911	0.02015	0.01608	0.06390	0.01445	0.01632	0.01168	0.00584	0.00574	0.00120	0.00567	0.00468	0.00478	0.73472
5	0.01854	0.01779	0.03038	0.08083	0.65363	0.01796	0.02317	0.02308	0.01716	0.02450	0.01423	0.01885	0.01192	0.00680	0.00751	0.00227	0.00907	0.00676	0.00373	0.01183
6	0.00931	0.00754	0.00827	0.00842	0.01054	0.00650	0.00619	0.01144	0.01762	0.02206	0.17716	0.16328	0.48674	0.01921	0.00906	0.00260	0.00388	0.01640	0.00727	0.00650
7	0.01074	0.00775	0.01014	0.00954	0.01133	0.00716	0.00716	0.01431	0.02147	0.03042	0.68211	0.05666	0.07157	0.01551	0.00895	0.00239	0.00358	0.01372	0.00835	0.00716
8	0.03403	0.01291	0.01760	0.01350	0.01936	0.01115	0.01115	0.03697	0.02171	0.69137	0.02992	0.02582	0.01878	0.00939	0.00763	0.00235	0.00645	0.00763	0.00939	0.01291
9	0.01521	0.03923	0.69413	0.02162	0.03283	0.01762	0.02802	0.02402	0.01601	0.02402	0.01361	0.01601	0.00961	0.00721	0.00721	0.00240	0.01121	0.00560	0.00320	0.01121
10	0.01084	0.00813	0.01219	0.01219	0.01354	0.00948	0.00948	0.01354	0.01219	0.01761	0.02032	0.02980	0.01896	0.05689	0.70337	0.01219	0.02032	0.00813	0.00406	0.00677
11	0.00924	0.00660	0.00880	0.01056	0.01100	0.00616	0.00704	0.01056	0.01452	0.01936	0.04181	0.72848	0.05017	0.02376	0.00968	0.00308	0.00440	0.02156	0.00704	0.00616
12	0.02835	0.03555	0.02155	0.01946	0.02345	0.67570	0.01465	0.05560	0.02206	0.01974	0.01198	0.01386	0.00990	0.00787	0.00687	0.00197	0.01346	0.00496	0.00406	0.00896
13	0.78701	0.01467	0.01115	0.00997	0.01467	0.01702	0.00821	0.02230	0.01291	0.03403	0.01056	0.01232	0.00821	0.00704	0.00469	0.00235	0.00587	0.00411	0.00469	0.00821
14	0.02751	0.03194	0.02121	0.01889	0.02285	0.55332	0.01441	0.06766	0.05917	0.05568	0.01405	0.01556	0.01120	0.00839	0.00790	0.00210	0.04873	0.00544	0.00460	0.00941
15	0.01190	0.00908	0.01109	0.01036	0.01258	0.00894	0.00783	0.01818	0.12302	0.03004	0.54495	0.05318	0.09969	0.01491	0.00876	0.00243	0.00397	0.01305	0.00817	0.00787
16	0.01643	0.01556	0.02603	0.39828	0.32648	0.01744	0.02169	0.02186	0.04083	0.02219	0.01448	0.01990	0.01143	0.00733	0.00756	0.00241	0.00948	0.00682	0.00370	0.01012
17	0.01549	0.03750	0.64291	0.02115	0.03184	0.01771	0.02681	0.02525	0.06567	0.02460	0.01492	0.01694	0.01063	0.00744	0.00725	0.00242	0.01082	0.00583	0.00354	0.01127
18	0.01521	0.03923	0.69413	0.02162	0.03283	0.01762	0.02802	0.02402	0.01601	0.02402	0.01361	0.01601	0.00961	0.00721	0.00721	0.00240	0.01121	0.00560	0.00320	0.01121
19	0.01466	0.05417	0.01495	0.01229	0.01554	0.05062	0.04205	0.01972	0.11110	0.06597	0.07713	0.19661	0.23380	0.01552	0.00836	0.00251	0.00578	0.01336	0.00669	0.03919
20	0.00980	0.00767	0.00887	0.00868	0.01078	0.00674	0.00647	0.01247	0.01911	0.02506	0.35673	0.09434	0.37078	0.01769	0.00899	0.00250	0.00374	0.01519	0.00765	0.00674
21	0.02248	0.01947	0.01813	0.01585	0.02042	0.13724	0.01235	0.06176	0.43628	0.10311	0.02626	0.02459	0.01947	0.00953	0.00747	0.00237	0.00747	0.00760	0.00711	0.04104
22	0.06491	0.02504	0.02108	0.02027	0.09857	0.28866	0.01434	0.24341	0.02487	0.03101	0.01544	0.01716	0.01196	0.00819	0.00691	0.00210	0.00993	0.00594	0.07983	0.01037
23	0.01874	0.01812	0.03137	0.04595	0.65915	0.01807	0.04977	0.02332	0.01730	0.02476	0.01431	0.01884	0.01199	0.00674	0.00757	0.00227	0.00917	0.00685	0.00376	0.01194
24	0.01985	0.01678	0.01770	0.01563	0.02010	0.01933	0.01224	0.10153	0.60958	0.03332	0.02962	0.02730	0.02214	0.01017	0.00771	0.00254	0.00623	0.00840	0.00771	0.01209
25	0.02735	0.02002	0.02261	0.01733	0.02338	0.02162	0.03910	0.52803	0.07048	0.08020	0.01922	0.01917	0.01368	0.00888	0.00754	0.00224	0.00812	0.00693	0.00737	0.05673
26	0.01800	0.02134	0.11271	0.02580	0.03346	0.01772	0.41600	0.08013	0.01894	0.02632	0.01690	0.02057	0.03067	0.00699	0.00815	0.00231	0.01092	0.00794	0.00429	0.12085
27	0.01708	0.02618	0.24251	0.02882	0.03757	0.01870	0.46655	0.02421	0.01733	0.02421	0.01482	0.01911	0.01093	0.00664	0.00842	0.00251	0.01231	0.00793	0.00364	0.01053
28	0.00931	0.00770	0.00816	0.00804	0.01045	0.00655	0.00603	0.01155	0.01810	0.02241	0.19360	0.06985	0.56508	0.01850	0.00896	0.00253	0.00379	0.01557	0.00730	0.00655
29	0.11385	0.01513	0.01700	0.01407	0.01870	0.01581	0.01124	0.27090	0.04482	0.20615	0.02565	0.16749	0.02194	0.01202	0.00770	0.00248	0.00668	0.00984	0.00761	0.01093
30	0.01693	0.07092	0.53101	0.02216	0.03232	0.01810	0.11443	0.02473	0.01657	0.06202	0.01463	0.01700	0.01041	0.00718	0.00735	0.00238	0.01100	0.00611	0.00365	0.01109
31	0.00952	0.00694	0.00896	0.01007	0.01099	0.00639	0.00694	0.01136	0.01621	0.02172	0.17549	0.52753	0.11659	0.02164	0.00946	0.00289	0.00418	0.01942	0.00731	0.00639
32	0.00930	0.00698	0.00863	0.00974	0.01084	0.00631	0.00673	0.01097	0.01583	0.02061	0.10627	0.50364	0.21283	0.02189	0.00944	0.00289	0.00419	0.01947	0.00716	0.00631
33	0.06471	0.01586	0.01745	0.01674	0.05750	0.01793	0.01239	0.03731	0.53690	0.07052	0.02896	0.02845	0.02201	0.01017	0.00761	0.00256	0.00622	0.02764	0.00739	0.01168
34	0.01846	0.01789	0.03113	0.08557	0.61031	0.01802	0.06049	0.02311	0.01718	0.02443	0.01428	0.01896	0.01187	0.00679	0.00760	0.00229	0.00930	0.00689	0.00374	0.01170
35	0.00958	0.00685	0.00919	0.01095	0.01154	0.00646	0.00764	0.01115	0.01486	0.01975	0.04162	0.65463	0.04942	0.02344	0.00977	0.00313	0.00470	0.09204	0.00703	0.00626
36	0.02334	0.01640	0.01810	0.01537	0.02024	0.01808	0.01221	0.13481	0.44829	0.16241	0.02875	0.02627	0.02073	0.00993	0.00768	0.00248	0.00645	0.00812	0.00802	0.01232
37	0.06663	0.10541	0.02289	0.01826	0.02260	0.55968	0.01414	0.06591	0.02126	0.02099	0.01192	0.01372	0.00987	0.00772	0.00657	0.00196	0.01240	0.00487	0.00410	0.00910
38	0.01790	0.02046	0.04476	0.03197	0.03964	0.01918	0.65857	0.02430	0.01790	0.02430	0.01535	0.02046	0.01151	0.00639	0.00895	0.00256	0.01279	0.00895	0.00384	0.01023
39	0.02883	0.02125	0.02276	0.01745	0.02352	0.02352	0.01442	0.66082	0.03566	0.04780	0.01821	0.01821	0.01290	0.00911	0.00759	0.00228	0.00835	0.00683	0.00759	0.01290
40	0.78701	0.01467	0.01115	0.00997	0.01467	0.01702	0.00821	0.02230	0.01291	0.03403	0.01056	0.01232	0.00821	0.00704	0.00469	0.00235	0.00587	0.00411	0.00469	0.00821
41	0.00998	0.00779	0.01187	0.01239	0.01345	0.00727	0.06272	0.01174	0.01481	0.01978	0.03954	0.66797	0.04686	0.02228	0.00962	0.00304	0.00512	0.02049	0.00677	0.00651
42	0.01944	0.62193	0.14844	0.01441	0.02169	0.02795	0.01548	0.02293	0.01551	0.01887	0.01105	0.01281	0.00971	0.00661	0.00526	0.00175	0.00863	0.00431	0.00324	0.00998
43	0.00931	0.00770	0.00816	0.00805	0.01046	0.00655	0.00604	0.01156	0.01811	0.02243	0.19518	0.06980	0.56349	0.01849	0.00896	0.00253	0.00379	0.01556	0.00730	0.00655
44	0.00910	0.00769	0.00787	0.00782	0.01033	0.00646	0.00587	0.01114	0.01760	0.02123	0.12202	0.07178	0.63739	0.01893	0.00896	0.00255	0.00382	0.01584	0.00714	0.00646
45	0.01432	0.01348	0.02275	0.71520	0.05224	0.01685	0.02107	0.01938	0.01517	0.01938	0.01348	0.02022	0.01011	0.00758	0.00758	0.00253	0.01011	0.00674	0.00337	0.00843
46	0.00903	0.00744	0.00794	0.00833	0.01042	0.00635	0.00605	0.01081	0.01666	0.02024	0.06892	0.22125	0.53990	0.02024	0.00913	0.00268	0.00397	0.01726	0.00704	0.00635
47	0.01432	0.01348	0.02275	0.71520	0.05224	0.01685	0.02107	0.01938	0.01517	0.01938	0.01348	0.02022	0.01011	0.00758	0.00758	0.00253	0.01011	0.00674	0.00337	0.00843
48	0.01917	0.01877	0.03040	0.04544	0.65874	0.04632	0.02292	0.02357	0.01745	0.02452	0.01416	0.01856	0.01192	0.00680	0.00748	0.00224	0.00920	0.00668	0.00376	0.01188
49	0.01573	0.01348	0.01573	0.01123	0.01798	0.01011	0.00899	0.01910	0.01573	0.02472	0.01348	0.01573	0.01123	0.00562	0.00562	0.00112	0.00562	0.00449	0.00449	0.77980
50	0.01103	0.00795	0.00994	0.00946	0.01013	0.00781	0.03206	0.01168	0.01214	0.01600	0.02949	0.07076	0.09618	0.57168	0.06744	0.00677	0.00778	0.01164	0.00487	0.00518
51	0.01659	0.01659	0.02323	0.01991	0.01991	0.02323	0.01659	0.01825	0.01162	0.01825	0.00996	0.01659	0.00996	0.01328	0.02489	0.00332	0.71955	0.00664	0.00332	0.00830
52	0.01945	0.01658	0.01748	0.01555	0.01995	0.01914	0.01215	0.07652	0.63525	0.03267	0.03013	0.02771	0.02256	0.01022	0.00771	0.00256	0.00614	0.00847	0.00771	0.01206
53	0.02086	0.68773	0.03844	0.01345	0.01975	0.07821	0.01310	0.02326	0.01585	0.01790	0.01063	0.01228	0.00974	0.00658	0.00501	0.00165	0.00851	0.00412	0.00329	0.00967
54	0.02767	0.02426	0.02184	0.01769	0.02298	0.19180	0.01420	0.45882	0.04982	0.03880	0.01706	0.01786	0.01267	0.01081	0.03642	0.00262	0.01010	0.00645	0.00653	0.01160
55	0.01573	0.01348	0.01573	0.01123	0.01798	0.01011	0.00899	0.01910	0.01573	0.02472	0.01348	0.01573	0.01123	0.00562	0.00562	0.00112	0.00562	0.00449	0.00449	0.77980
56	0.02883	0.02125	0.02276	0.01745	0.02352	0.02352	0.01442	0.66082	0.03566	0.04780	0.01821	0.01821	0.01290	0.00911	0.00759	0.00228	0.00835	0.00683	0.00759	0.01290
57	0.00896	0.00768	0.00768	0.00768	0.01025	0.00640	0.00576	0.01089	0.01729	0.02049	0.07684	0.07300	0.68304	0.01921	0.00896	0.00256	0.00384	0.01601	0.00704	0.00640
58	0.01790	0.02046	0.04476	0.03197	0.03964	0.01918	0.65857	0.02430	0.01790	0.02430	0.01535	0.02046	0.01151	0.00639	0.00895	0.00256	0.01279	0.00895	0.00384	0.01023
59	0.78701	0.01467	0.01115	0.00997	0.01467	0.01702	0.00821	0.02230	0.01291	0.03403	0.01056	0.01232	0.00821	0.00704	0.00469	0.00235	0.00587	0.00411	0.00469	0.00821
60	0.01707	0.01903	0.04038	0.02941	0.03600	0.01829	0.56448	0.02275	0.01724	0.02352	0.01733	0.08177	0.01478	0.00831	0.00995	0.00265	0.05331	0.00991	0.00408	0.00976
61	0.01318	0.00659	0.00988	0.00988	0.00988	0.00659	0.00659	0.00988	0.00988	0.01318	0.01318	0.02306	0.01318	0.02635	0.02964	0.77931	0.00659	0.00659	0.00329	0.00329
62	0.01700	0.01727	0.02317	0.01990	0.02004	0.04669	0.01653	0.01867	0.01196	0.01826	0.01002	0.01649	0.00995	0.01309	0.02427	0.00327	0.69519	0.00658	0.00334	0.00831
63	0.01573	0.01348	0.01573	0.01123	0.01798	0.01011	0.00899	0.01910	0.01573	0.02472	0.01348	0.01573	0.01123	0.00562	0.00562	0.00112	0.00562	0.00449	0.00449	0.77980
64	0.01103	0.00735	0.00827	0.00827	0.00827	0.00735	0.00460	0.01103	0.01103	0.01471	0.02390	0.04964	0.02758	0.73343	0.03861	0.00735	0.00735	0.01103	0.00460	0.00460
65	0.01741	0.01486	0.01585	0.01435	0.01826	0.01687	0.01112	0.03578	0.56323	0.03100	0.10886	0.03388	0.06260	0.01135	0.00792	0.00255	0.00561	0.00955	0.00776	0.01116
66	0.02782	0.03529	0.02157	0.01956	0.02329	0.67297	0.01474	0.02976	0.02106	0.01855	0.01165	0.01381	0.00978	0.00806	0.00764	0.00201	0.04484	0.00496	0.00388	0.00877
67	0.01432	0.01348	0.02275	0.71520	0.05224	0.01685	0.02107	0.01938	0.01517	0.01938	0.01348	0.02022	0.01011	0.00758	0.00758	0.00253	0.01011	0.00674	0.00337	0.00843
68	0.01642	0.01346	0.01580	0.01132	0.01803	0.01015	0.00907	0.01977	0.01595	0.04982	0.01410	0.01611	0.01152	0.00576	0.00569	0.00117	0.00565	0.00461	0.00468	0.75092
69	0.01589	0.01335	0.01581	0.03855	0.01902	0.01082	0.00960	0.05610	0.01677	0.02541	0.01620	0.07743	0.01464	0.00746	0.00616	0.00141	0.00585	0.00619	0.00485	0.63849
70	0.02719	0.01876	0.02044	0.01606	0.02159	0.02047	0.01314	0.47438	0.10816	0.11460	0.02144	0.02094	0.01521	0.00926	0.00745	0.00228	0.00753	0.00714	0.06159	0.01239
71	0.01184	0.00907	0.01091	0.03274	0.04125	0.00818	0.00802	0.01493	0.04076	0.05678	0.13641	0.15207	0.36961	0.01687	0.00865	0.00250	0.00461	0.01445	0.00695	0.05341
72	0.55694	0.13556	0.04348	0.05427	0.04225	0.01922	0.01107	0.02229	0.01373	0.02976	0.01098	0.01314	0.00877	0.00698	0.00509	0.00224	0.00681	0.00441	0.00428	0.00873
73	0.01519	0.01335	0.01458	0.01194	0.01684	0.05108	0.00929	0.01921	0.05395	0.02409	0.05479	0.13339	0.02290	0.01025	0.00690	0.00176	0.00591	0.04495	0.00539	0.48423
74	0.01007	0.05119	0.01024	0.00859	0.01109	0.00798	0.00659	0.01239	0.01803	0.02264	0.21504	0.09925	0.46486	0.01781	0.00875	0.00249	0.00406	0.01504	0.00713	0.00677
75	0.19880	0.05677	0.02040	0.43782	0.06372	0.01715	0.01669	0.02033	0.01477	0.02351	0.01330	0.01827	0.01026	0.00743	0.00660	0.00238	0.00855	0.00597	0.04876	0.00852
76	0.01628	0.01397	0.01682	0.01352	0.05797	0.01096	0.00999	0.03736	0.01638	0.02537	0.01366	0.01598	0.01133	0.00578	0.00579	0.00122	0.00590	0.00469	0.00454	0.71249
77	0.05633	0.01764	0.03456	0.08570	0.03419	0.01713	0.42804	0.02217	0.01729	0.02473	0.07426	0.02268	0.01651	0.00754	0.00892	0.00243	0.03784	0.00844	0.00428	0.07931

[dist]
# distance from previous block
# <min> <max>
0	11

# created by:
# /st0/software/busco_prod/Augustus/scripts/msa2prfl.pl ./align_prep/124238.fa
