[name]
unknown

[dist]
# distance from previous block
# <min> <max>
0	8

[block]
# block no. 0 follows, 25 sequences, length 35
# corresponding to MSA columns:
# 9-43
name=unknown_A
#
# <colnr> <probs for GDERKNQSTAVLIFYWHMCP>
#	G	D	E	R	K	N	Q	S	T	A	V	L	I	F	Y	W	H	M	C	P
0	0.11195	0.01317	0.01980	0.46970	0.04069	0.01560	0.01784	0.02085	0.01602	0.06753	0.01864	0.03006	0.01584	0.00986	0.00783	0.00270	0.00906	0.09960	0.00459	0.00868
1	0.06142	0.11762	0.01588	0.01078	0.01398	0.01195	0.00871	0.01927	0.02016	0.11289	0.43076	0.04410	0.05135	0.03748	0.00912	0.00249	0.00500	0.01106	0.00754	0.00844
2	0.57508	0.04684	0.01410	0.01100	0.01622	0.01654	0.00916	0.02502	0.01496	0.13860	0.01420	0.01506	0.01042	0.00746	0.00536	0.00228	0.00618	0.00481	0.00549	0.06122
3	0.01414	0.01090	0.01701	0.05659	0.01955	0.01059	0.10530	0.05745	0.01858	0.06398	0.14387	0.34548	0.07029	0.01714	0.00923	0.00279	0.00636	0.01575	0.00689	0.00810
4	0.01325	0.00771	0.01035	0.01125	0.01253	0.00706	0.00783	0.01484	0.01595	0.11947	0.04091	0.61807	0.04647	0.02209	0.00958	0.00304	0.00481	0.01991	0.00756	0.00733
5	0.02816	0.12826	0.02587	0.01715	0.02342	0.02504	0.01452	0.55880	0.03335	0.04427	0.01744	0.01769	0.01270	0.00891	0.00734	0.00223	0.00850	0.00656	0.00709	0.01270
6	0.01888	0.01369	0.01637	0.01183	0.01859	0.01049	0.00952	0.02226	0.01699	0.12412	0.01630	0.01762	0.01264	0.00632	0.00605	0.00134	0.00587	0.00507	0.00534	0.66068
7	0.00987	0.00707	0.00937	0.01051	0.01134	0.00658	0.00723	0.01185	0.01680	0.02290	0.21684	0.53947	0.05731	0.02197	0.00969	0.00295	0.00427	0.01983	0.00757	0.00658
8	0.01555	0.04011	0.68733	0.02210	0.03356	0.01801	0.02865	0.02455	0.01637	0.02455	0.01391	0.01637	0.00982	0.00737	0.00737	0.00246	0.01146	0.00573	0.00327	0.01146
9	0.01555	0.04011	0.68733	0.02210	0.03356	0.01801	0.02865	0.02455	0.01637	0.02455	0.01391	0.01637	0.00982	0.00737	0.00737	0.00246	0.01146	0.00573	0.00327	0.01146
10	0.02947	0.02172	0.02327	0.01784	0.02404	0.02404	0.01474	0.65329	0.03646	0.04887	0.01862	0.01862	0.01319	0.00931	0.00776	0.00233	0.00853	0.00698	0.00776	0.01319
11	0.03059	0.01992	0.02216	0.01699	0.02315	0.02138	0.01403	0.52379	0.03345	0.18260	0.02113	0.02025	0.01445	0.00937	0.00777	0.00234	0.00813	0.00715	0.00814	0.01319
12	0.02968	0.01405	0.06203	0.01391	0.01944	0.01108	0.01194	0.03284	0.02070	0.54008	0.03128	0.13009	0.02337	0.01165	0.00808	0.00252	0.00661	0.00979	0.00881	0.01204
13	0.01666	0.18884	0.54835	0.02020	0.03062	0.02073	0.02534	0.02427	0.01624	0.02320	0.01324	0.01552	0.00985	0.00721	0.00685	0.00228	0.01078	0.00539	0.00328	0.01113
14	0.01146	0.00921	0.01039	0.00986	0.01240	0.00879	0.00746	0.01715	0.11661	0.02704	0.32848	0.06057	0.31847	0.01664	0.00896	0.00254	0.00414	0.01422	0.00788	0.00774
15	0.02947	0.02172	0.02327	0.01784	0.02404	0.02404	0.01474	0.65329	0.03646	0.04887	0.01862	0.01862	0.01319	0.00931	0.00776	0.00233	0.00853	0.00698	0.00776	0.01319
16	0.13066	0.01468	0.02124	0.46470	0.04159	0.01768	0.03848	0.02404	0.12528	0.02436	0.01641	0.02087	0.01235	0.00810	0.00738	0.00257	0.00906	0.00688	0.00442	0.00926
17	0.02073	0.73217	0.04063	0.01327	0.01990	0.03068	0.01327	0.02322	0.01575	0.01824	0.01078	0.01244	0.00995	0.00663	0.00498	0.00166	0.00829	0.00415	0.00332	0.00995
18	0.02947	0.02172	0.02327	0.01784	0.02404	0.02404	0.01474	0.65329	0.03646	0.04887	0.01862	0.01862	0.01319	0.00931	0.00776	0.00233	0.00853	0.00698	0.00776	0.01319
19	0.78228	0.01499	0.01140	0.01020	0.01499	0.01739	0.00840	0.02279	0.01320	0.03479	0.01080	0.01260	0.00840	0.00720	0.00480	0.00240	0.00600	0.00420	0.00480	0.00840
20	0.01489	0.01588	0.01213	0.01148	0.01436	0.19661	0.00861	0.01712	0.01951	0.02195	0.15126	0.05537	0.40060	0.01585	0.00856	0.00242	0.00665	0.01288	0.00652	0.00734
21	0.01097	0.00793	0.01036	0.00975	0.01158	0.00732	0.00732	0.01463	0.02195	0.03109	0.67505	0.05792	0.07316	0.01585	0.00914	0.00244	0.00366	0.01402	0.00854	0.00732
22	0.02947	0.02172	0.02327	0.01784	0.02404	0.02404	0.01474	0.65329	0.03646	0.04887	0.01862	0.01862	0.01319	0.00931	0.00776	0.00233	0.00853	0.00698	0.00776	0.01319
23	0.01777	0.02007	0.04356	0.03138	0.03878	0.01882	0.61266	0.02400	0.01809	0.02454	0.01730	0.06267	0.01412	0.00759	0.00919	0.00265	0.01256	0.00992	0.00412	0.01021
24	0.02947	0.02172	0.02327	0.01784	0.02404	0.02404	0.01474	0.65329	0.03646	0.04887	0.01862	0.01862	0.01319	0.00931	0.00776	0.00233	0.00853	0.00698	0.00776	0.01319
25	0.02658	0.01672	0.08156	0.01509	0.02087	0.01454	0.01316	0.03665	0.24117	0.36932	0.05828	0.02771	0.02225	0.00998	0.00785	0.00249	0.00677	0.00821	0.00836	0.01245
26	0.02947	0.02172	0.02327	0.01784	0.02404	0.02404	0.01474	0.65329	0.03646	0.04887	0.01862	0.01862	0.01319	0.00931	0.00776	0.00233	0.00853	0.00698	0.00776	0.01319
27	0.02878	0.02137	0.02288	0.01770	0.02378	0.02372	0.01457	0.61178	0.07909	0.04775	0.01949	0.01931	0.01390	0.00939	0.00777	0.00235	0.00837	0.00710	0.00777	0.01312
28	0.01131	0.00729	0.00964	0.01078	0.01166	0.00677	0.00733	0.01284	0.01559	0.06345	0.08372	0.59158	0.04929	0.06526	0.01150	0.00332	0.00476	0.01992	0.00729	0.00672
29	0.02947	0.02172	0.02327	0.01784	0.02404	0.02404	0.01474	0.65329	0.03646	0.04887	0.01862	0.01862	0.01319	0.00931	0.00776	0.00233	0.00853	0.00698	0.00776	0.01319
30	0.01212	0.00868	0.01197	0.01315	0.01495	0.00852	0.01121	0.01571	0.01887	0.02516	0.19859	0.08012	0.05171	0.02004	0.01032	0.00329	0.00627	0.47465	0.00749	0.00718
31	0.01381	0.00984	0.01203	0.01154	0.01384	0.00989	0.00860	0.02081	0.15850	0.06759	0.34821	0.20765	0.05412	0.01634	0.00897	0.00265	0.00457	0.01443	0.00814	0.00849
32	0.02947	0.02172	0.02327	0.01784	0.02404	0.02404	0.01474	0.65329	0.03646	0.04887	0.01862	0.01862	0.01319	0.00931	0.00776	0.00233	0.00853	0.00698	0.00776	0.01319
33	0.13177	0.20264	0.43057	0.01819	0.02749	0.02096	0.02191	0.02397	0.01575	0.02457	0.01269	0.01486	0.00964	0.00717	0.00641	0.00226	0.00988	0.00512	0.00351	0.01064
34	0.11635	0.01033	0.01182	0.01041	0.01409	0.00951	0.00817	0.02120	0.01894	0.22494	0.14265	0.08837	0.26384	0.01471	0.00823	0.00253	0.00499	0.01220	0.00782	0.00890

[dist]
# distance from previous block
# <min> <max>
0	1

[block]
# block no. 1 follows, 25 sequences, length 14
# corresponding to MSA columns:
# 45-58
name=unknown_B
#
# <colnr> <probs for GDERKNQSTAVLIFYWHMCP>
#	G	D	E	R	K	N	Q	S	T	A	V	L	I	F	Y	W	H	M	C	P
0	0.02947	0.02172	0.02327	0.01784	0.02404	0.02404	0.01474	0.65329	0.03646	0.04887	0.01862	0.01862	0.01319	0.00931	0.00776	0.00233	0.00853	0.00698	0.00776	0.01319
1	0.02941	0.02378	0.02309	0.01813	0.02403	0.11489	0.01477	0.56920	0.03450	0.04483	0.01772	0.01799	0.01275	0.00913	0.00765	0.00228	0.00927	0.00671	0.00725	0.01262
2	0.78228	0.01499	0.01140	0.01020	0.01499	0.01739	0.00840	0.02279	0.01320	0.03479	0.01080	0.01260	0.00840	0.00720	0.00480	0.00240	0.00600	0.00420	0.00480	0.00840
3	0.02096	0.01760	0.01767	0.01559	0.01995	0.07057	0.01216	0.08015	0.47572	0.07233	0.08586	0.02946	0.02598	0.01065	0.00792	0.00253	0.00672	0.00875	0.00774	0.01170
4	0.01097	0.00793	0.01036	0.00975	0.01158	0.00732	0.00732	0.01463	0.02195	0.03109	0.67505	0.05792	0.07316	0.01585	0.00914	0.00244	0.00366	0.01402	0.00854	0.00732
5	0.02947	0.02172	0.02327	0.01784	0.02404	0.02404	0.01474	0.65329	0.03646	0.04887	0.01862	0.01862	0.01319	0.00931	0.00776	0.00233	0.00853	0.00698	0.00776	0.01319
6	0.01808	0.02025	0.04205	0.03061	0.03713	0.02030	0.54438	0.02380	0.01722	0.02380	0.01476	0.02025	0.01150	0.00772	0.01189	0.00275	0.13081	0.00875	0.00383	0.01013
7	0.02947	0.02172	0.02327	0.01784	0.02404	0.02404	0.01474	0.65329	0.03646	0.04887	0.01862	0.01862	0.01319	0.00931	0.00776	0.00233	0.00853	0.00698	0.00776	0.01319
8	0.01628	0.01451	0.01783	0.01351	0.01883	0.01340	0.01097	0.01933	0.01512	0.02375	0.01296	0.01628	0.01119	0.00753	0.01025	0.00166	0.16763	0.00510	0.00432	0.59956
9	0.02947	0.02172	0.02327	0.01784	0.02404	0.02404	0.01474	0.65329	0.03646	0.04887	0.01862	0.01862	0.01319	0.00931	0.00776	0.00233	0.00853	0.00698	0.00776	0.01319
10	0.01128	0.00752	0.00846	0.00846	0.00846	0.00752	0.00470	0.01128	0.01128	0.01503	0.02443	0.05074	0.02819	0.72751	0.03946	0.00752	0.00752	0.01128	0.00470	0.00470
11	0.53915	0.05810	0.01505	0.01186	0.01654	0.06518	0.00964	0.09971	0.01666	0.03305	0.01281	0.01615	0.01060	0.05896	0.00780	0.00269	0.00710	0.00510	0.00501	0.00885
12	0.07642	0.01318	0.01681	0.01341	0.01862	0.01219	0.01089	0.08742	0.02231	0.49041	0.07533	0.08108	0.02435	0.01101	0.00787	0.00245	0.00636	0.00905	0.00888	0.01195
13	0.14970	0.01665	0.01690	0.01358	0.01907	0.10708	0.01093	0.03089	0.01984	0.36747	0.04898	0.02229	0.01731	0.00870	0.00697	0.00217	0.00728	0.00663	0.00730	0.12026

[dist]
# distance from previous block
# <min> <max>
1	43

[block]
# block no. 2 follows, 25 sequences, length 119
# corresponding to MSA columns:
# 110-228
name=unknown_C
#
# <colnr> <probs for GDERKNQSTAVLIFYWHMCP>
#	G	D	E	R	K	N	Q	S	T	A	V	L	I	F	Y	W	H	M	C	P
0	0.01776	0.02653	0.22477	0.02678	0.03442	0.06095	0.34634	0.02414	0.01748	0.02402	0.03932	0.02019	0.01326	0.00791	0.01011	0.00260	0.08135	0.00786	0.00386	0.01034
1	0.09476	0.50422	0.15510	0.01543	0.02282	0.02658	0.04418	0.02349	0.01573	0.02131	0.01157	0.01355	0.00986	0.00682	0.00558	0.00192	0.00885	0.00466	0.00348	0.01009
2	0.01973	0.53612	0.20066	0.01569	0.02343	0.05062	0.01715	0.02382	0.01612	0.01984	0.01160	0.01347	0.00992	0.00686	0.00564	0.00187	0.00928	0.00457	0.00333	0.01029
3	0.04129	0.10017	0.49362	0.05621	0.03150	0.01858	0.05752	0.02332	0.01595	0.02348	0.01425	0.01846	0.01105	0.05181	0.00916	0.00271	0.01076	0.00611	0.00346	0.01060
4	0.01100	0.05110	0.04168	0.01062	0.01292	0.00877	0.00852	0.01382	0.01825	0.02440	0.27591	0.24811	0.18295	0.01837	0.00911	0.00268	0.00472	0.04258	0.00728	0.00720
5	0.00943	0.00680	0.00895	0.01067	0.01121	0.00631	0.00714	0.01081	0.01497	0.01984	0.04433	0.69361	0.07909	0.02408	0.00986	0.00313	0.00447	0.02179	0.00720	0.00631
6	0.01525	0.01466	0.02579	0.53312	0.10465	0.01703	0.09249	0.02043	0.01639	0.02152	0.05245	0.02273	0.01432	0.00801	0.00799	0.00255	0.01016	0.00756	0.00383	0.00907
7	0.01687	0.07150	0.05225	0.09482	0.02841	0.02153	0.16230	0.02033	0.01433	0.02043	0.01368	0.05450	0.01266	0.01117	0.01688	0.00295	0.36473	0.00789	0.00371	0.00905
8	0.02027	0.01644	0.01756	0.01565	0.02014	0.01878	0.01222	0.04098	0.62423	0.07392	0.03150	0.02877	0.02338	0.01046	0.00788	0.00262	0.00617	0.00870	0.00800	0.01233
9	0.03479	0.01320	0.01799	0.01380	0.01979	0.01140	0.01140	0.03779	0.02219	0.68451	0.03059	0.02639	0.01919	0.00960	0.00780	0.00240	0.00660	0.00780	0.00960	0.01320
10	0.01161	0.00994	0.01657	0.05763	0.01892	0.00959	0.12683	0.01402	0.01522	0.02022	0.03522	0.44600	0.06320	0.10138	0.01303	0.00350	0.00677	0.01725	0.00607	0.00703
11	0.07687	0.09628	0.02521	0.07659	0.02624	0.05763	0.06332	0.32872	0.11052	0.03663	0.01795	0.01900	0.01336	0.00862	0.00734	0.00233	0.00881	0.00678	0.00624	0.01158
12	0.01110	0.00822	0.01201	0.01201	0.01323	0.00944	0.00912	0.01355	0.01233	0.01766	0.02118	0.03277	0.02039	0.13427	0.62203	0.01190	0.01926	0.00864	0.00422	0.00667
13	0.02993	0.02098	0.02281	0.01749	0.02368	0.02295	0.01445	0.60011	0.03522	0.10378	0.01965	0.01929	0.01370	0.00933	0.00776	0.00233	0.00836	0.00705	0.00792	0.01319
14	0.03017	0.02008	0.02184	0.01693	0.02295	0.04021	0.01391	0.47507	0.06036	0.18549	0.02159	0.02062	0.01486	0.00939	0.00775	0.00235	0.00816	0.00718	0.00806	0.01303
15	0.01108	0.00831	0.01246	0.01246	0.01385	0.00969	0.00969	0.01385	0.01246	0.01800	0.02077	0.03046	0.01938	0.05815	0.69678	0.01246	0.02077	0.00831	0.00415	0.00692
16	0.00931	0.00771	0.00816	0.00837	0.01064	0.00656	0.00615	0.01129	0.01753	0.02138	0.10823	0.16292	0.55492	0.02006	0.00926	0.00268	0.00399	0.01701	0.00728	0.00656
17	0.01552	0.01458	0.02410	0.58086	0.13878	0.01750	0.02137	0.02147	0.04950	0.02123	0.01482	0.02089	0.01130	0.00778	0.00775	0.00255	0.00996	0.00699	0.00373	0.00931
18	0.03243	0.04233	0.04193	0.01409	0.02015	0.01278	0.01206	0.06327	0.02237	0.58241	0.05342	0.02636	0.02031	0.00963	0.00772	0.00237	0.00680	0.00779	0.00901	0.01278
19	0.02298	0.09185	0.02129	0.01655	0.02129	0.16634	0.01314	0.09150	0.38345	0.05327	0.02411	0.02308	0.01828	0.00945	0.00739	0.00236	0.00827	0.00730	0.00665	0.01145
20	0.03353	0.01292	0.01759	0.01358	0.01936	0.01118	0.01118	0.03656	0.02218	0.65003	0.06460	0.02805	0.02204	0.00993	0.00787	0.00240	0.00644	0.00813	0.00954	0.01289
21	0.57763	0.09830	0.06384	0.01167	0.01708	0.01875	0.01060	0.04643	0.01498	0.03254	0.04088	0.01509	0.01174	0.00761	0.00531	0.00232	0.00664	0.00485	0.00480	0.00893
22	0.01668	0.22184	0.48020	0.01911	0.02878	0.02080	0.02345	0.02368	0.01650	0.02323	0.04797	0.01752	0.01320	0.00762	0.00683	0.00224	0.01021	0.00575	0.00356	0.01084
23	0.01572	0.03892	0.64765	0.02275	0.03399	0.01811	0.06714	0.02457	0.01649	0.02457	0.01402	0.01665	0.00994	0.00732	0.00748	0.00247	0.01156	0.00594	0.00331	0.01140
24	0.00971	0.00792	0.00861	0.00858	0.01099	0.00683	0.00653	0.01210	0.01856	0.02314	0.19883	0.07186	0.51971	0.01895	0.00924	0.00263	0.00404	0.04756	0.00747	0.00673
25	0.01043	0.00906	0.03646	0.04888	0.01557	0.00816	0.03108	0.01262	0.01489	0.01998	0.03807	0.53204	0.06621	0.02586	0.08775	0.00411	0.00719	0.01842	0.00640	0.00683
26	0.09399	0.04980	0.01217	0.03557	0.01397	0.07242	0.00812	0.04564	0.01709	0.02812	0.02101	0.02439	0.01666	0.01038	0.03075	0.00231	0.00610	0.00658	0.49699	0.00793
27	0.00965	0.00684	0.00894	0.01053	0.01093	0.00644	0.00691	0.01085	0.01444	0.01925	0.04065	0.64606	0.04866	0.10426	0.01326	0.00365	0.00484	0.02082	0.00691	0.00612
28	0.01578	0.07115	0.65832	0.02170	0.03295	0.01858	0.02796	0.02449	0.01634	0.02427	0.01377	0.01619	0.00983	0.00733	0.00726	0.00242	0.01132	0.00566	0.00328	0.01139
29	0.01919	0.01842	0.03147	0.04759	0.67914	0.01842	0.02380	0.02380	0.01765	0.02533	0.01458	0.01919	0.01228	0.00691	0.00768	0.00230	0.00921	0.00691	0.00384	0.01228
30	0.02947	0.02172	0.02327	0.01784	0.02404	0.02404	0.01474	0.65329	0.03646	0.04887	0.01862	0.01862	0.01319	0.00931	0.00776	0.00233	0.00853	0.00698	0.00776	0.01319
31	0.00945	0.00675	0.00900	0.01080	0.01125	0.00630	0.00720	0.01080	0.01484	0.01979	0.04274	0.72245	0.05128	0.02429	0.00990	0.00315	0.00450	0.02204	0.00720	0.00630
32	0.01576	0.06817	0.66111	0.02174	0.03300	0.01852	0.02802	0.02450	0.01635	0.02430	0.01379	0.01621	0.00983	0.00734	0.00727	0.00242	0.01133	0.00567	0.00328	0.01140
33	0.01555	0.04011	0.68733	0.02210	0.03356	0.01801	0.02865	0.02455	0.01637	0.02455	0.01391	0.01637	0.00982	0.00737	0.00737	0.00246	0.01146	0.00573	0.00327	0.01146
34	0.01249	0.00892	0.01249	0.01428	0.01606	0.00892	0.01249	0.01606	0.01785	0.02320	0.04105	0.08746	0.04462	0.02142	0.01071	0.00357	0.00714	0.62695	0.00714	0.00714
35	0.00945	0.00675	0.00900	0.01080	0.01125	0.00630	0.00720	0.01080	0.01484	0.01979	0.04274	0.72245	0.05128	0.02429	0.00990	0.00315	0.00450	0.02204	0.00720	0.00630
36	0.01929	0.01666	0.01753	0.01578	0.02016	0.01929	0.01227	0.04120	0.66513	0.03243	0.03156	0.02893	0.02367	0.01052	0.00789	0.00263	0.00614	0.00877	0.00789	0.01227
37	0.01464	0.01378	0.02326	0.70887	0.05340	0.01723	0.02153	0.01981	0.01550	0.01981	0.01378	0.02067	0.01034	0.00775	0.00775	0.00258	0.01034	0.00689	0.00345	0.00861
38	0.01097	0.00793	0.01036	0.00975	0.01158	0.00732	0.00732	0.01463	0.02195	0.03109	0.67505	0.05792	0.07316	0.01585	0.00914	0.00244	0.00366	0.01402	0.00854	0.00732
39	0.02073	0.73217	0.04063	0.01327	0.01990	0.03068	0.01327	0.02322	0.01575	0.01824	0.01078	0.01244	0.00995	0.00663	0.00498	0.00166	0.00829	0.00415	0.00332	0.00995
40	0.01555	0.04011	0.68733	0.02210	0.03356	0.01801	0.02865	0.02455	0.01637	0.02455	0.01391	0.01637	0.00982	0.00737	0.00737	0.00246	0.01146	0.00573	0.00327	0.01146
41	0.01128	0.00752	0.00846	0.00846	0.00846	0.00752	0.00470	0.01128	0.01128	0.01503	0.02443	0.05074	0.02819	0.72751	0.03946	0.00752	0.00752	0.01128	0.00470	0.00470
42	0.01097	0.00793	0.01036	0.00975	0.01158	0.00732	0.00732	0.01463	0.02195	0.03109	0.67505	0.05792	0.07316	0.01585	0.00914	0.00244	0.00366	0.01402	0.00854	0.00732
43	0.78228	0.01499	0.01140	0.01020	0.01499	0.01739	0.00840	0.02279	0.01320	0.03479	0.01080	0.01260	0.00840	0.00720	0.00480	0.00240	0.00600	0.00420	0.00480	0.00840
44	0.01249	0.00892	0.01249	0.01428	0.01606	0.00892	0.01249	0.01606	0.01785	0.02320	0.04105	0.08746	0.04462	0.02142	0.01071	0.00357	0.00714	0.62695	0.00714	0.00714
45	0.00945	0.00675	0.00900	0.01080	0.01125	0.00630	0.00720	0.01080	0.01484	0.01979	0.04274	0.72245	0.05128	0.02429	0.00990	0.00315	0.00450	0.02204	0.00720	0.00630
46	0.02073	0.73217	0.04063	0.01327	0.01990	0.03068	0.01327	0.02322	0.01575	0.01824	0.01078	0.01244	0.00995	0.00663	0.00498	0.00166	0.00829	0.00415	0.00332	0.00995
47	0.01249	0.00892	0.01249	0.01428	0.01606	0.00892	0.01249	0.01606	0.01785	0.02320	0.04105	0.08746	0.04462	0.02142	0.01071	0.00357	0.00714	0.62695	0.00714	0.00714
48	0.00916	0.00785	0.00785	0.00785	0.01047	0.00655	0.00589	0.01113	0.01767	0.02095	0.07855	0.07462	0.67599	0.01964	0.00916	0.00262	0.00393	0.01636	0.00720	0.00655
49	0.01464	0.01378	0.02326	0.70887	0.05340	0.01723	0.02153	0.01981	0.01550	0.01981	0.01378	0.02067	0.01034	0.00775	0.00775	0.00258	0.01034	0.00689	0.00345	0.00861
50	0.02903	0.03513	0.02213	0.01972	0.02398	0.61578	0.01495	0.10557	0.02371	0.02256	0.01278	0.01454	0.01037	0.00815	0.00708	0.00204	0.01333	0.00523	0.00445	0.00949
51	0.02073	0.73217	0.04063	0.01327	0.01990	0.03068	0.01327	0.02322	0.01575	0.01824	0.01078	0.01244	0.00995	0.00663	0.00498	0.00166	0.00829	0.00415	0.00332	0.00995
52	0.01929	0.01666	0.01753	0.01578	0.02016	0.01929	0.01227	0.04120	0.66513	0.03243	0.03156	0.02893	0.02367	0.01052	0.00789	0.00263	0.00614	0.00877	0.00789	0.01227
53	0.02904	0.02150	0.02303	0.01775	0.02388	0.02384	0.01463	0.62724	0.06320	0.04817	0.01917	0.01905	0.01363	0.00936	0.00776	0.00234	0.00843	0.00706	0.00776	0.01315
54	0.01830	0.02092	0.04575	0.03268	0.04052	0.01961	0.65098	0.02484	0.01830	0.02484	0.01569	0.02092	0.01176	0.00654	0.00915	0.00261	0.01307	0.00915	0.00392	0.01046
55	0.00945	0.00787	0.00825	0.00816	0.01065	0.00667	0.00612	0.01169	0.01835	0.02256	0.17349	0.07196	0.58004	0.01903	0.00916	0.00259	0.00388	0.01599	0.00741	0.00667
56	0.01097	0.00793	0.01036	0.00975	0.01158	0.00732	0.00732	0.01463	0.02195	0.03109	0.67505	0.05792	0.07316	0.01585	0.00914	0.00244	0.00366	0.01402	0.00854	0.00732
57	0.02904	0.03466	0.02217	0.01965	0.02398	0.59522	0.01494	0.12460	0.02415	0.02347	0.01298	0.01468	0.01047	0.00819	0.00711	0.00205	0.01316	0.00529	0.00456	0.00962
58	0.01570	0.06415	0.60235	0.02092	0.03145	0.01806	0.02637	0.02478	0.04490	0.02496	0.04481	0.01867	0.01333	0.00786	0.00738	0.00243	0.01075	0.00618	0.00372	0.01125
59	0.02852	0.03637	0.04511	0.01995	0.02431	0.64209	0.01544	0.05921	0.02244	0.02054	0.01236	0.01428	0.01013	0.00803	0.00704	0.00203	0.01365	0.00511	0.00414	0.00927
60	0.00943	0.00681	0.00893	0.01063	0.01120	0.00631	0.00712	0.01082	0.01501	0.01986	0.04481	0.68485	0.08754	0.02402	0.00985	0.00312	0.00447	0.02171	0.00720	0.00631
61	0.01608	0.01378	0.01608	0.01148	0.01837	0.01034	0.00919	0.01952	0.01608	0.02527	0.01378	0.01608	0.01148	0.00574	0.00574	0.00115	0.00574	0.00459	0.00459	0.77491
62	0.01843	0.02054	0.04361	0.03492	0.13642	0.01943	0.55680	0.02468	0.01820	0.02491	0.01552	0.02066	0.01184	0.00659	0.00893	0.00257	0.01249	0.00881	0.00391	0.01073
63	0.00916	0.00785	0.00785	0.00785	0.01047	0.00655	0.00589	0.01113	0.01767	0.02095	0.07855	0.07462	0.67599	0.01964	0.00916	0.00262	0.00393	0.01636	0.00720	0.00655
64	0.01687	0.01822	0.03666	0.02737	0.03281	0.01861	0.44350	0.02191	0.01645	0.02284	0.01686	0.06448	0.01462	0.01351	0.07408	0.00367	0.13449	0.00946	0.00405	0.00954
65	0.01660	0.01754	0.03471	0.33591	0.04545	0.01871	0.34125	0.02232	0.01677	0.02232	0.01460	0.02064	0.01106	0.00738	0.00922	0.00263	0.04164	0.00803	0.00369	0.00954
66	0.01872	0.01794	0.03061	0.11663	0.61382	0.01830	0.02356	0.02338	0.01743	0.02475	0.01450	0.01934	0.01208	0.00700	0.00768	0.00233	0.00933	0.00691	0.00380	0.01190
67	0.02995	0.02096	0.02280	0.01748	0.02367	0.02291	0.01444	0.59828	0.03518	0.10567	0.01969	0.01931	0.01372	0.00933	0.00776	0.00233	0.00836	0.00705	0.00792	0.01319
68	0.01713	0.27892	0.43967	0.01855	0.02803	0.02200	0.02253	0.02363	0.01620	0.02224	0.01506	0.01702	0.03286	0.00754	0.00660	0.00218	0.01010	0.00555	0.00342	0.01077
69	0.01601	0.10195	0.62954	0.02131	0.03234	0.01914	0.02727	0.02444	0.01631	0.02399	0.01363	0.01602	0.00983	0.00730	0.00715	0.00238	0.01118	0.00559	0.00328	0.01132
70	0.01230	0.00886	0.01223	0.01391	0.01574	0.00879	0.01211	0.01578	0.01784	0.02307	0.04323	0.08672	0.08127	0.02132	0.01062	0.00351	0.00695	0.59151	0.00714	0.00711
71	0.01464	0.01378	0.02326	0.70887	0.05340	0.01723	0.02153	0.01981	0.01550	0.01981	0.01378	0.02067	0.01034	0.00775	0.00775	0.00258	0.01034	0.00689	0.00345	0.00861
72	0.01755	0.02500	0.19164	0.02919	0.03720	0.01959	0.45372	0.02425	0.01731	0.02425	0.01481	0.01953	0.01118	0.00733	0.01013	0.00264	0.07226	0.00816	0.00373	0.01052
73	0.00930	0.00783	0.00809	0.00826	0.01072	0.00662	0.00621	0.01129	0.01752	0.02096	0.07508	0.11269	0.61638	0.01997	0.00926	0.00268	0.00408	0.03928	0.00720	0.00655
74	0.01108	0.00831	0.01246	0.01246	0.01385	0.00969	0.00969	0.01385	0.01246	0.01800	0.02077	0.03046	0.01938	0.05815	0.69678	0.01246	0.02077	0.00831	0.00415	0.00692
75	0.01485	0.01391	0.02300	0.67778	0.05191	0.01732	0.02112	0.02077	0.04465	0.02038	0.01458	0.02104	0.01093	0.00788	0.00776	0.00259	0.01015	0.00697	0.00364	0.00878
76	0.01684	0.01603	0.02723	0.38888	0.35620	0.01781	0.02263	0.02174	0.01654	0.02248	0.01417	0.01995	0.01128	0.00734	0.00772	0.00245	0.00979	0.00690	0.00364	0.01039
77	0.00916	0.00785	0.00785	0.00785	0.01047	0.00655	0.00589	0.01113	0.01767	0.02095	0.07855	0.07462	0.67599	0.01964	0.00916	0.00262	0.00393	0.01636	0.00720	0.00655
78	0.02073	0.73217	0.04063	0.01327	0.01990	0.03068	0.01327	0.02322	0.01575	0.01824	0.01078	0.01244	0.00995	0.00663	0.00498	0.00166	0.00829	0.00415	0.00332	0.00995
79	0.01897	0.01840	0.03200	0.07073	0.61936	0.01845	0.06011	0.02371	0.01761	0.02510	0.01462	0.01934	0.01218	0.00692	0.00776	0.00233	0.00948	0.00704	0.00383	0.01204
80	0.00945	0.00675	0.00900	0.01080	0.01125	0.00630	0.00720	0.01080	0.01484	0.01979	0.04274	0.72245	0.05128	0.02429	0.00990	0.00315	0.00450	0.02204	0.00720	0.00630
81	0.01598	0.09788	0.63334	0.02136	0.03242	0.01906	0.02736	0.02444	0.01632	0.02403	0.01365	0.01604	0.00983	0.00731	0.00717	0.00239	0.01119	0.00560	0.00328	0.01133
82	0.07715	0.01443	0.01828	0.01468	0.02023	0.01284	0.01173	0.03580	0.04200	0.55050	0.08481	0.03093	0.02498	0.01138	0.00862	0.00280	0.00702	0.00876	0.00972	0.01333
83	0.01128	0.00752	0.00846	0.00846	0.00846	0.00752	0.00470	0.01128	0.01128	0.01503	0.02443	0.05074	0.02819	0.72751	0.03946	0.00752	0.00752	0.01128	0.00470	0.00470
84	0.01097	0.00793	0.01036	0.00975	0.01158	0.00732	0.00732	0.01463	0.02195	0.03109	0.67505	0.05792	0.07316	0.01585	0.00914	0.00244	0.00366	0.01402	0.00854	0.00732
85	0.01891	0.01814	0.03096	0.08849	0.64044	0.01835	0.02366	0.02355	0.01752	0.02499	0.01453	0.01928	0.01216	0.00696	0.00768	0.00232	0.00928	0.00691	0.00381	0.01205
86	0.01216	0.00882	0.01203	0.01363	0.01550	0.00868	0.01183	0.01557	0.01783	0.02298	0.04484	0.08616	0.10837	0.02124	0.01055	0.00347	0.00682	0.56530	0.00715	0.00708
87	0.01097	0.00793	0.01036	0.00975	0.01158	0.00732	0.00732	0.01463	0.02195	0.03109	0.67505	0.05792	0.07316	0.01585	0.00914	0.00244	0.00366	0.01402	0.00854	0.00732
88	0.60639	0.01546	0.01350	0.01146	0.01657	0.01731	0.00945	0.09072	0.01680	0.12067	0.01419	0.01502	0.01030	0.00773	0.00550	0.00239	0.00634	0.00496	0.00573	0.00952
89	0.03268	0.01453	0.01891	0.01469	0.02034	0.01383	0.01212	0.11048	0.04542	0.55100	0.02811	0.02505	0.01815	0.00980	0.00873	0.00245	0.04411	0.00768	0.00899	0.01291
90	0.02896	0.03695	0.02197	0.01998	0.02397	0.69638	0.01498	0.03096	0.02197	0.01898	0.01199	0.01398	0.00999	0.00799	0.00699	0.00200	0.01398	0.00499	0.00400	0.00899
91	0.01097	0.00793	0.01036	0.00975	0.01158	0.00732	0.00732	0.01463	0.02195	0.03109	0.67505	0.05792	0.07316	0.01585	0.00914	0.00244	0.00366	0.01402	0.00854	0.00732
92	0.11276	0.02498	0.02161	0.01755	0.02302	0.19994	0.01410	0.41993	0.03007	0.03945	0.01601	0.01673	0.01182	0.00873	0.00723	0.00225	0.00968	0.00615	0.00644	0.01155
93	0.02911	0.01362	0.04666	0.01354	0.01898	0.01130	0.01149	0.03326	0.04796	0.51356	0.14320	0.03159	0.02844	0.01063	0.00802	0.00242	0.00628	0.00884	0.00906	0.01205
94	0.01249	0.00892	0.01249	0.01428	0.01606	0.00892	0.01249	0.01606	0.01785	0.02320	0.04105	0.08746	0.04462	0.02142	0.01071	0.00357	0.00714	0.62695	0.00714	0.00714
95	0.01575	0.06626	0.66289	0.02177	0.03304	0.01849	0.02807	0.02450	0.01635	0.02432	0.01380	0.01622	0.00983	0.00734	0.00728	0.00243	0.01134	0.00567	0.00328	0.01140
96	0.01606	0.09113	0.61159	0.02189	0.03283	0.01902	0.05397	0.02447	0.01641	0.02409	0.01376	0.01627	0.00991	0.00728	0.00726	0.00240	0.01129	0.00576	0.00330	0.01130
97	0.01820	0.02061	0.04405	0.03173	0.03896	0.01993	0.60196	0.02436	0.01780	0.02436	0.01526	0.02061	0.01164	0.00708	0.01041	0.00267	0.06721	0.00897	0.00388	0.01030
98	0.01077	0.00777	0.01018	0.00989	0.01154	0.00718	0.00730	0.01412	0.02100	0.02959	0.59071	0.14655	0.07024	0.01698	0.00925	0.00253	0.00377	0.01509	0.00836	0.00718
99	0.01939	0.01685	0.01732	0.01628	0.04324	0.05941	0.01215	0.03651	0.50390	0.05538	0.05480	0.03218	0.07624	0.01111	0.00797	0.00256	0.00649	0.00921	0.00753	0.01148
100	0.01702	0.01995	0.07033	0.02935	0.03640	0.01781	0.53887	0.02300	0.01776	0.02417	0.01912	0.11185	0.01681	0.00888	0.00917	0.00268	0.01188	0.01067	0.00432	0.00996
101	0.03184	0.01254	0.01705	0.01329	0.01878	0.01089	0.01089	0.03492	0.02216	0.60352	0.11047	0.03030	0.02588	0.01037	0.00796	0.00240	0.00623	0.00857	0.00947	0.01247
102	0.01555	0.04011	0.68733	0.02210	0.03356	0.01801	0.02865	0.02455	0.01637	0.02455	0.01391	0.01637	0.00982	0.00737	0.00737	0.00246	0.01146	0.00573	0.00327	0.01146
103	0.65510	0.01501	0.01302	0.01219	0.04152	0.01693	0.00942	0.02489	0.03660	0.09627	0.01354	0.01473	0.01010	0.00753	0.00530	0.00240	0.00619	0.00480	0.00532	0.00914
104	0.01605	0.10607	0.62569	0.02126	0.03226	0.01921	0.02718	0.02443	0.01631	0.02395	0.01362	0.01600	0.00983	0.00730	0.00714	0.00238	0.01116	0.00558	0.00328	0.01132
105	0.01275	0.01013	0.01705	0.01527	0.01772	0.00945	0.13465	0.01567	0.01711	0.05311	0.13381	0.41675	0.04503	0.01867	0.00958	0.00292	0.00630	0.04954	0.00686	0.00763
106	0.63046	0.01583	0.01413	0.04464	0.04672	0.01817	0.01037	0.09257	0.01607	0.03525	0.01196	0.01392	0.00919	0.00744	0.00539	0.00240	0.00662	0.00475	0.00502	0.00911
107	0.01992	0.01697	0.01789	0.01591	0.02040	0.01958	0.01243	0.07906	0.62625	0.03345	0.03076	0.02829	0.02302	0.01044	0.00788	0.00261	0.00628	0.00866	0.00788	0.01233
108	0.00943	0.00683	0.00892	0.01059	0.01119	0.00632	0.00710	0.01082	0.01505	0.01988	0.04529	0.67626	0.09582	0.02396	0.00984	0.00311	0.00446	0.02164	0.00720	0.00632
109	0.01608	0.01378	0.01608	0.01148	0.01837	0.01034	0.00919	0.01952	0.01608	0.02527	0.01378	0.01608	0.01148	0.00574	0.00574	0.00115	0.00574	0.00459	0.00459	0.77491
110	0.52676	0.01728	0.01543	0.01279	0.01807	0.01965	0.01055	0.23679	0.02109	0.03957	0.01345	0.01464	0.01002	0.00791	0.00580	0.00237	0.00686	0.00514	0.00580	0.01002
111	0.03361	0.01346	0.01796	0.01395	0.01982	0.01200	0.01146	0.03805	0.07113	0.63488	0.03066	0.02658	0.01953	0.00967	0.00780	0.00242	0.00656	0.00787	0.00947	0.01313
112	0.01128	0.00752	0.00846	0.00846	0.00846	0.00752	0.00470	0.01128	0.01128	0.01503	0.02443	0.05074	0.02819	0.72751	0.03946	0.00752	0.00752	0.01128	0.00470	0.00470
113	0.01857	0.01779	0.03035	0.13770	0.59388	0.01826	0.02349	0.02325	0.01736	0.02458	0.01448	0.01939	0.01202	0.00702	0.00769	0.00234	0.00936	0.00691	0.00378	0.01178
114	0.01919	0.01842	0.03147	0.04759	0.67914	0.01842	0.02380	0.02380	0.01765	0.02533	0.01458	0.01919	0.01228	0.00691	0.00768	0.00230	0.00921	0.00691	0.00384	0.01228
115	0.00961	0.00796	0.00839	0.00858	0.01101	0.00684	0.00657	0.01167	0.01744	0.02096	0.07232	0.07509	0.58142	0.04752	0.01052	0.00291	0.00442	0.08312	0.00710	0.00654
116	0.01049	0.00718	0.00869	0.00947	0.00966	0.00699	0.00578	0.01107	0.01282	0.01709	0.03234	0.34086	0.03816	0.42377	0.02669	0.00563	0.00621	0.01593	0.00578	0.00539
117	0.01464	0.01378	0.02326	0.70887	0.05340	0.01723	0.02153	0.01981	0.01550	0.01981	0.01378	0.02067	0.01034	0.00775	0.00775	0.00258	0.01034	0.00689	0.00345	0.00861
118	0.02019	0.01710	0.01804	0.01596	0.02051	0.01971	0.01249	0.09536	0.60951	0.03389	0.03041	0.02802	0.02274	0.01041	0.00788	0.00260	0.00635	0.00861	0.00788	0.01235

[dist]
# distance from previous block
# <min> <max>
0	2

[block]
# block no. 3 follows, 25 sequences, length 14
# corresponding to MSA columns:
# 231-244
name=unknown_D
#
# <colnr> <probs for GDERKNQSTAVLIFYWHMCP>
#	G	D	E	R	K	N	Q	S	T	A	V	L	I	F	Y	W	H	M	C	P
0	0.01457	0.00978	0.01223	0.01101	0.01362	0.00950	0.00844	0.04504	0.08451	0.08805	0.53115	0.05083	0.06133	0.01454	0.00885	0.00245	0.00435	0.01270	0.00853	0.00854
1	0.01833	0.01512	0.01729	0.01255	0.01933	0.01264	0.01012	0.12610	0.01950	0.02923	0.01459	0.01650	0.01177	0.00634	0.00608	0.00135	0.00621	0.00500	0.00513	0.64681
2	0.57773	0.01591	0.01406	0.01184	0.01700	0.01784	0.00976	0.12814	0.01799	0.10724	0.01422	0.01508	0.01035	0.00780	0.00561	0.00239	0.00648	0.00504	0.00580	0.00970
3	0.01128	0.00752	0.00846	0.00846	0.00846	0.00752	0.00470	0.01128	0.01128	0.01503	0.02443	0.05074	0.02819	0.72751	0.03946	0.00752	0.00752	0.01128	0.00470	0.00470
4	0.00945	0.00675	0.00900	0.01080	0.01125	0.00630	0.00720	0.01080	0.01484	0.01979	0.04274	0.72245	0.05128	0.02429	0.00990	0.00315	0.00450	0.02204	0.00720	0.00630
5	0.02906	0.03417	0.02221	0.01958	0.02398	0.57346	0.01494	0.14474	0.02462	0.02444	0.01320	0.01483	0.01057	0.00823	0.00713	0.00206	0.01299	0.00536	0.00468	0.00976
6	0.01919	0.01842	0.03147	0.04759	0.67914	0.01842	0.02380	0.02380	0.01765	0.02533	0.01458	0.01919	0.01228	0.00691	0.00768	0.00230	0.00921	0.00691	0.00384	0.01228
7	0.01658	0.01540	0.02283	0.01631	0.02342	0.01245	0.15524	0.02073	0.01658	0.02517	0.01421	0.01718	0.01155	0.00592	0.00652	0.00148	0.00741	0.00563	0.00444	0.60095
8	0.03246	0.01621	0.01917	0.01500	0.02084	0.04739	0.01227	0.15629	0.06729	0.48696	0.02745	0.02446	0.01789	0.00952	0.00776	0.00238	0.00730	0.00757	0.00886	0.01293
9	0.11069	0.02246	0.02186	0.01722	0.02306	0.08808	0.01408	0.52528	0.03255	0.04447	0.01713	0.01752	0.01236	0.00895	0.00736	0.00230	0.00878	0.00649	0.00707	0.01226
10	0.01689	0.01396	0.01617	0.01210	0.01830	0.01143	0.00959	0.08710	0.01816	0.02729	0.01709	0.08439	0.01550	0.00791	0.00636	0.00147	0.00592	0.00653	0.00519	0.61865
11	0.01614	0.01485	0.02428	0.58363	0.12913	0.01780	0.02139	0.05998	0.01708	0.02231	0.01418	0.02036	0.01076	0.00774	0.00774	0.00253	0.01008	0.00690	0.00376	0.00935
12	0.01464	0.01378	0.02326	0.70887	0.05340	0.01723	0.02153	0.01981	0.01550	0.01981	0.01378	0.02067	0.01034	0.00775	0.00775	0.00258	0.01034	0.00689	0.00345	0.00861
13	0.01840	0.01524	0.02036	0.05839	0.02353	0.01356	0.07967	0.05556	0.09310	0.06660	0.01731	0.01913	0.01341	0.00692	0.00671	0.00170	0.00705	0.00602	0.00529	0.47205

[dist]
# distance from previous block
# <min> <max>
0	5

[block]
# block no. 4 follows, 25 sequences, length 16
# corresponding to MSA columns:
# 250-265
name=unknown_E
#
# <colnr> <probs for GDERKNQSTAVLIFYWHMCP>
#	G	D	E	R	K	N	Q	S	T	A	V	L	I	F	Y	W	H	M	C	P
0	0.01811	0.01580	0.02345	0.24207	0.03162	0.02018	0.03745	0.06061	0.01555	0.06825	0.01386	0.01952	0.01142	0.01245	0.03985	0.00328	0.34617	0.00703	0.00417	0.00916
1	0.01792	0.01990	0.04139	0.05517	0.03809	0.01920	0.54022	0.02386	0.01759	0.02424	0.01510	0.02030	0.01158	0.00703	0.01003	0.00257	0.06237	0.00860	0.00391	0.06092
2	0.01575	0.03874	0.64163	0.02285	0.03405	0.01812	0.07298	0.02458	0.01651	0.02458	0.01404	0.01669	0.00996	0.00731	0.00749	0.00247	0.01157	0.00597	0.00332	0.01139
3	0.01058	0.00853	0.00968	0.00959	0.01205	0.00752	0.00712	0.01361	0.04402	0.02285	0.13452	0.21049	0.35794	0.01867	0.00902	0.00262	0.00437	0.03517	0.00716	0.07450
4	0.01608	0.01378	0.01608	0.01148	0.01837	0.01034	0.00919	0.01952	0.01608	0.02527	0.01378	0.01608	0.01148	0.00574	0.00574	0.00115	0.00574	0.00459	0.00459	0.77491
5	0.10245	0.01805	0.02022	0.08926	0.02483	0.01924	0.01353	0.34612	0.05319	0.07978	0.01774	0.01869	0.01291	0.00837	0.00711	0.00217	0.00776	0.00639	0.00656	0.14564
6	0.01081	0.00792	0.01014	0.00959	0.01149	0.00725	0.00719	0.01432	0.02157	0.03020	0.62250	0.05939	0.12627	0.01618	0.00915	0.00245	0.00368	0.01423	0.00842	0.00725
7	0.01117	0.00747	0.00849	0.00859	0.00861	0.00745	0.00484	0.01125	0.01147	0.01530	0.02544	0.08792	0.02947	0.68858	0.03783	0.00728	0.00735	0.01187	0.00484	0.00479
8	0.01462	0.01308	0.02155	0.63408	0.04867	0.01616	0.01982	0.01962	0.01558	0.02078	0.01501	0.02155	0.01135	0.00789	0.00750	0.00250	0.00962	0.00693	0.08521	0.00847
9	0.01929	0.01666	0.01753	0.01578	0.02016	0.01929	0.01227	0.04120	0.66513	0.03243	0.03156	0.02893	0.02367	0.01052	0.00789	0.00263	0.00614	0.00877	0.00789	0.01227
10	0.01985	0.60118	0.11964	0.01481	0.02162	0.02867	0.01541	0.02309	0.01559	0.01905	0.01113	0.01321	0.00995	0.00716	0.00657	0.00187	0.05334	0.00451	0.00332	0.01004
11	0.02073	0.73217	0.04063	0.01327	0.01990	0.03068	0.01327	0.02322	0.01575	0.01824	0.01078	0.01244	0.00995	0.00663	0.00498	0.00166	0.00829	0.00415	0.00332	0.00995
12	0.01109	0.00825	0.01218	0.01218	0.01346	0.00954	0.00934	0.01366	0.01238	0.01779	0.02103	0.03190	0.02001	0.10554	0.65025	0.01211	0.01983	0.00852	0.00419	0.00677
13	0.01105	0.00755	0.00839	0.00839	0.00867	0.00741	0.00483	0.01126	0.01196	0.01566	0.03020	0.05329	0.09724	0.65205	0.03623	0.00699	0.00713	0.01182	0.00496	0.00490
14	0.01733	0.01578	0.04139	0.01568	0.04389	0.01520	0.03123	0.06438	0.29180	0.02926	0.05061	0.03223	0.09077	0.01049	0.00766	0.00227	0.00642	0.03222	0.00657	0.19483
15	0.02224	0.01760	0.01934	0.01490	0.02106	0.01765	0.01205	0.28792	0.13972	0.03639	0.01895	0.01942	0.01436	0.00808	0.00696	0.00190	0.00698	0.00633	0.00650	0.32166

[dist]
# distance from previous block
# <min> <max>
0	14

# created by:
# /st0/software/busco_prod/Augustus/scripts/msa2prfl.pl ./align_prep/124200.fa
