[name]
unknown

[dist]
# distance from previous block
# <min> <max>
0	13

[block]
# block no. 0 follows, 23 sequences, length 94
# corresponding to MSA columns:
# 13-106
name=unknown_A
#
# <colnr> <probs for GDERKNQSTAVLIFYWHMCP>
#	G	D	E	R	K	N	Q	S	T	A	V	L	I	F	Y	W	H	M	C	P
0	0.01129	0.00807	0.01103	0.01291	0.01399	0.00780	0.00998	0.01373	0.01692	0.02229	0.04395	0.43712	0.05060	0.02410	0.01073	0.00349	0.00593	0.28161	0.00751	0.00698
1	0.01761	0.18917	0.50155	0.02170	0.03238	0.02184	0.05874	0.02541	0.01710	0.02427	0.01394	0.01648	0.01042	0.00749	0.00726	0.00240	0.01136	0.00582	0.00347	0.01159
2	0.01627	0.04197	0.67279	0.02313	0.03512	0.01884	0.02998	0.02570	0.01713	0.02570	0.01456	0.01713	0.01028	0.00771	0.00771	0.00257	0.01199	0.00600	0.00343	0.01199
3	0.25785	0.01547	0.02228	0.39189	0.04053	0.01808	0.07264	0.02291	0.01598	0.05080	0.01427	0.01919	0.01065	0.00789	0.00726	0.00264	0.00948	0.00656	0.00435	0.00930
4	0.03511	0.01469	0.01923	0.01487	0.02108	0.01338	0.01224	0.08559	0.05780	0.58843	0.03110	0.02714	0.01985	0.01007	0.00816	0.00252	0.00703	0.00815	0.00980	0.01376
5	0.01556	0.01474	0.02439	0.63053	0.05256	0.01868	0.02207	0.02062	0.01586	0.02062	0.01406	0.02126	0.01080	0.00870	0.00989	0.00279	0.07707	0.00720	0.00360	0.00900
6	0.03055	0.02143	0.02382	0.05438	0.02638	0.02351	0.01547	0.54681	0.03555	0.10900	0.02042	0.02038	0.01424	0.00968	0.00812	0.00246	0.00884	0.00738	0.00806	0.01354
7	0.01887	0.01299	0.01391	0.10080	0.01955	0.04309	0.01038	0.13206	0.04607	0.03244	0.02326	0.02648	0.01792	0.00934	0.00661	0.00214	0.00623	0.00743	0.46127	0.00917
8	0.00989	0.00706	0.00942	0.01130	0.01177	0.00659	0.00753	0.01130	0.01554	0.02071	0.04472	0.70954	0.05367	0.02542	0.01036	0.00330	0.00471	0.02307	0.00753	0.00659
9	0.01260	0.00903	0.01131	0.01300	0.01372	0.00819	0.00865	0.01324	0.01702	0.02297	0.04592	0.68375	0.05427	0.02635	0.01128	0.00371	0.00562	0.02315	0.00825	0.00795
10	0.01547	0.01436	0.02440	0.63139	0.05284	0.01757	0.04665	0.02085	0.01639	0.02146	0.01515	0.02211	0.01141	0.00813	0.00804	0.00266	0.01056	0.00733	0.04422	0.00901
11	0.02037	0.01514	0.01795	0.01494	0.01824	0.01636	0.03877	0.27649	0.02426	0.03300	0.04840	0.09780	0.02502	0.23233	0.01959	0.00426	0.03972	0.01060	0.03727	0.00948
12	0.01565	0.01475	0.02492	0.65161	0.09709	0.01811	0.02270	0.02101	0.01638	0.02112	0.01448	0.02153	0.01095	0.00805	0.00811	0.00268	0.01074	0.00721	0.00363	0.00927
13	0.02131	0.07253	0.02547	0.01954	0.02218	0.02280	0.04412	0.08259	0.07447	0.09397	0.01732	0.04417	0.01481	0.01253	0.01820	0.00307	0.38739	0.00788	0.00526	0.01037
14	0.01970	0.01930	0.02662	0.15378	0.22724	0.08251	0.07636	0.05166	0.13836	0.02723	0.05238	0.02624	0.04404	0.00927	0.00831	0.00255	0.00958	0.00839	0.00531	0.01117
15	0.00989	0.00706	0.00942	0.01130	0.01177	0.00659	0.00753	0.01130	0.01554	0.02071	0.04472	0.70954	0.05367	0.02542	0.01036	0.00330	0.00471	0.02307	0.00753	0.00659
16	0.01623	0.03984	0.62029	0.02317	0.03463	0.01852	0.05694	0.02534	0.01743	0.02596	0.03787	0.01891	0.01276	0.00799	0.00786	0.00258	0.01178	0.00647	0.00366	0.01179
17	0.01880	0.06278	0.15435	0.03122	0.04000	0.02086	0.49810	0.02585	0.01866	0.02557	0.01582	0.02060	0.01186	0.00699	0.00902	0.00265	0.01312	0.00868	0.00395	0.01109
18	0.02071	0.65132	0.03947	0.01353	0.01999	0.02976	0.01329	0.02343	0.01711	0.02038	0.07364	0.01759	0.01677	0.00787	0.00563	0.00181	0.00821	0.00533	0.00400	0.01015
19	0.00993	0.00833	0.00869	0.00887	0.01152	0.00709	0.00683	0.01214	0.01851	0.02215	0.07843	0.07938	0.60187	0.02073	0.00975	0.00284	0.00443	0.07408	0.00753	0.00691
20	0.02004	0.01941	0.03369	0.04901	0.63272	0.01934	0.05579	0.02496	0.01851	0.02648	0.01532	0.02017	0.01283	0.00721	0.00811	0.00243	0.00984	0.00735	0.00402	0.01276
21	0.02474	0.01417	0.01764	0.01300	0.01983	0.01127	0.01055	0.02816	0.01941	0.28657	0.02153	0.02119	0.01528	0.00764	0.00688	0.00173	0.00637	0.00616	0.00692	0.46096
22	0.05356	0.08845	0.02730	0.01972	0.02591	0.02298	0.07576	0.32531	0.07412	0.09529	0.02358	0.06063	0.01883	0.01152	0.00895	0.00288	0.00933	0.00885	0.00789	0.03913
23	0.01243	0.04706	0.01500	0.01323	0.01495	0.01182	0.01049	0.01535	0.01415	0.02020	0.08197	0.03292	0.02468	0.05136	0.54858	0.01095	0.05367	0.00896	0.00470	0.00754
24	0.00987	0.00711	0.00937	0.01118	0.01174	0.00660	0.00748	0.01131	0.01565	0.02076	0.04618	0.68501	0.07725	0.02523	0.01033	0.00327	0.00468	0.02284	0.00753	0.00660
25	0.01277	0.00912	0.01272	0.01459	0.01633	0.00908	0.01254	0.01628	0.01838	0.02394	0.04313	0.15094	0.04737	0.02270	0.01113	0.00369	0.00721	0.55321	0.00748	0.00739
26	0.02169	0.71972	0.04252	0.01388	0.02083	0.03211	0.01388	0.02430	0.01649	0.01909	0.01128	0.01302	0.01041	0.00694	0.00521	0.00174	0.00868	0.00434	0.00347	0.01041
27	0.01775	0.01775	0.02485	0.02130	0.02130	0.02485	0.01775	0.01953	0.01243	0.01953	0.01065	0.01775	0.01065	0.01420	0.02663	0.00355	0.69998	0.00710	0.00355	0.00888
28	0.01308	0.00934	0.01308	0.01494	0.01681	0.00934	0.01308	0.01681	0.01868	0.02428	0.04296	0.09153	0.04670	0.02242	0.01121	0.00374	0.00747	0.60960	0.00747	0.00747
29	0.00987	0.00823	0.00861	0.00851	0.01113	0.00697	0.00639	0.01219	0.01916	0.02349	0.16768	0.07550	0.57447	0.01996	0.00959	0.00271	0.00407	0.01676	0.00774	0.00697
30	0.03093	0.02170	0.02361	0.01820	0.02459	0.02375	0.01500	0.55891	0.06103	0.10708	0.02117	0.02065	0.01481	0.00982	0.00813	0.00245	0.00864	0.00746	0.00830	0.01376
31	0.02169	0.71972	0.04252	0.01388	0.02083	0.03211	0.01388	0.02430	0.01649	0.01909	0.01128	0.01302	0.01041	0.00694	0.00521	0.00174	0.00868	0.00434	0.00347	0.01041
32	0.53096	0.07473	0.11410	0.01354	0.01969	0.04994	0.01287	0.02549	0.04568	0.03260	0.01289	0.01465	0.00998	0.00772	0.00570	0.00245	0.00771	0.00490	0.00478	0.00962
33	0.01380	0.00882	0.01150	0.01053	0.01290	0.00803	0.00800	0.01749	0.02280	0.09336	0.57517	0.05818	0.09581	0.01613	0.00944	0.00256	0.00414	0.01415	0.00898	0.00821
34	0.01076	0.00787	0.01027	0.01167	0.01290	0.00738	0.00869	0.01304	0.01737	0.02285	0.10822	0.42022	0.13149	0.02324	0.01039	0.00326	0.00520	0.16062	0.00765	0.00694
35	0.02244	0.01855	0.01962	0.01697	0.02196	0.02124	0.01339	0.16883	0.52017	0.03758	0.03016	0.02799	0.02245	0.01074	0.00823	0.00269	0.00695	0.00878	0.00823	0.01305
36	0.13638	0.01253	0.01425	0.06884	0.01840	0.03609	0.01047	0.02147	0.07106	0.06546	0.36561	0.04198	0.04769	0.01323	0.00924	0.00260	0.03751	0.01094	0.00745	0.00882
37	0.02003	0.51293	0.18329	0.01676	0.02473	0.02781	0.04535	0.02440	0.01696	0.02132	0.03326	0.01588	0.01261	0.00742	0.00611	0.00199	0.00949	0.00528	0.00367	0.01070
38	0.01627	0.04197	0.67279	0.02313	0.03512	0.01884	0.02998	0.02570	0.01713	0.02570	0.01456	0.01713	0.01028	0.00771	0.00771	0.00257	0.01199	0.00600	0.00343	0.01199
39	0.01627	0.04197	0.67279	0.02313	0.03512	0.01884	0.02998	0.02570	0.01713	0.02570	0.01456	0.01713	0.01028	0.00771	0.00771	0.00257	0.01199	0.00600	0.00343	0.01199
40	0.04966	0.18867	0.42577	0.01982	0.02960	0.05331	0.02351	0.02669	0.01761	0.07348	0.01494	0.01674	0.01101	0.00774	0.00706	0.00236	0.01077	0.00569	0.00404	0.01153
41	0.01857	0.01708	0.02664	0.32074	0.27551	0.01916	0.02162	0.05545	0.11301	0.02633	0.01777	0.02225	0.01381	0.00830	0.00810	0.00259	0.00963	0.00752	0.00467	0.01125
42	0.01054	0.00826	0.00954	0.00922	0.01154	0.00726	0.00691	0.01349	0.02074	0.02725	0.37244	0.06931	0.36735	0.01856	0.00958	0.00265	0.00397	0.01589	0.00824	0.00726
43	0.01721	0.01502	0.02176	0.31846	0.09680	0.01747	0.01798	0.08100	0.11132	0.02618	0.02295	0.12138	0.02078	0.01187	0.00935	0.00282	0.03799	0.03422	0.00546	0.00999
44	0.02500	0.02079	0.04912	0.01637	0.02166	0.10858	0.01351	0.19626	0.16784	0.13028	0.06001	0.03154	0.10016	0.01145	0.00828	0.00252	0.00815	0.00907	0.00765	0.01176
45	0.01863	0.02000	0.06278	0.07011	0.29458	0.01865	0.27693	0.02398	0.01811	0.02518	0.01680	0.04868	0.01412	0.00882	0.00985	0.03756	0.01115	0.00878	0.00413	0.01116
46	0.05462	0.01563	0.04405	0.05127	0.08343	0.01306	0.01296	0.04833	0.01870	0.14132	0.02021	0.07681	0.01679	0.00885	0.00716	0.00196	0.00701	0.00740	0.00591	0.36453
47	0.02057	0.01769	0.01889	0.01681	0.02129	0.02060	0.01316	0.06943	0.59558	0.03415	0.03149	0.02927	0.02369	0.01108	0.00900	0.00277	0.03474	0.00900	0.00806	0.01273
48	0.01578	0.01489	0.02516	0.63327	0.11437	0.01815	0.02276	0.02113	0.01644	0.02129	0.01450	0.02148	0.01101	0.00803	0.00810	0.00268	0.01070	0.00721	0.00365	0.00938
49	0.01929	0.01847	0.03150	0.15749	0.56274	0.01907	0.02451	0.02421	0.01810	0.02555	0.01512	0.02034	0.01251	0.00738	0.00805	0.00246	0.00984	0.00723	0.00395	0.01221
50	0.01895	0.37678	0.36143	0.01856	0.02806	0.02540	0.02203	0.02501	0.01681	0.02243	0.01294	0.01510	0.01035	0.00733	0.00647	0.00216	0.01035	0.00518	0.00345	0.01121
51	0.01896	0.02151	0.04669	0.06769	0.04309	0.02039	0.60374	0.02573	0.01900	0.02573	0.01631	0.02187	0.01224	0.00690	0.00950	0.00273	0.01353	0.00946	0.00408	0.01085
52	0.03641	0.01381	0.01883	0.01444	0.02071	0.01193	0.01193	0.03954	0.02322	0.66984	0.03201	0.02762	0.02009	0.01004	0.00816	0.00251	0.00690	0.00816	0.01004	0.01381
53	0.05415	0.01283	0.01652	0.01336	0.01829	0.01183	0.01078	0.05725	0.04989	0.41276	0.21024	0.03631	0.03576	0.01185	0.00846	0.00253	0.00607	0.00990	0.00939	0.01183
54	0.03437	0.01491	0.01925	0.01499	0.02112	0.01383	0.01231	0.08997	0.08495	0.55659	0.03106	0.02719	0.02001	0.01011	0.00817	0.00253	0.00703	0.00819	0.00971	0.01372
55	0.00999	0.00714	0.00954	0.01142	0.01194	0.00668	0.00772	0.01149	0.01564	0.02084	0.04466	0.68853	0.05343	0.02532	0.01039	0.00331	0.00480	0.04301	0.00753	0.00662
56	0.01009	0.00760	0.00935	0.01027	0.01161	0.00685	0.00718	0.01212	0.01768	0.02317	0.16592	0.42125	0.22241	0.02251	0.01001	0.00301	0.00439	0.01994	0.00779	0.00685
57	0.01752	0.19784	0.52784	0.02100	0.03183	0.02189	0.02628	0.02538	0.01698	0.02418	0.01381	0.01618	0.01031	0.00753	0.00713	0.00238	0.01123	0.00561	0.00344	0.01163
58	0.01047	0.00766	0.00989	0.01119	0.01212	0.00724	0.00768	0.01302	0.03916	0.02295	0.13528	0.56457	0.08161	0.02342	0.01014	0.00314	0.00462	0.02111	0.00776	0.00698
59	0.01008	0.00734	0.00950	0.01086	0.01174	0.00676	0.00742	0.01189	0.01685	0.02247	0.13398	0.56063	0.11304	0.02374	0.01018	0.00314	0.00453	0.02135	0.00773	0.00676
60	0.00989	0.00706	0.00942	0.01130	0.01177	0.00659	0.00753	0.01130	0.01554	0.02071	0.04472	0.70954	0.05367	0.02542	0.01036	0.00330	0.00471	0.02307	0.00753	0.00659
61	0.01610	0.01462	0.02524	0.41249	0.13290	0.01656	0.07805	0.02072	0.01663	0.02224	0.01733	0.02720	0.01457	0.01043	0.01007	0.05755	0.01010	0.05211	0.03593	0.00917
62	0.02008	0.01928	0.03294	0.04981	0.66422	0.01928	0.02490	0.02490	0.01848	0.02651	0.01526	0.02008	0.01285	0.00723	0.00803	0.00241	0.00964	0.00723	0.00402	0.01285
63	0.09423	0.62126	0.03870	0.01389	0.02052	0.06014	0.01348	0.02462	0.01652	0.02079	0.01134	0.01311	0.01026	0.00706	0.00528	0.00183	0.00872	0.00438	0.00365	0.01021
64	0.02985	0.07502	0.02404	0.02053	0.02486	0.64756	0.01558	0.03197	0.02265	0.01982	0.01248	0.01455	0.01045	0.00829	0.00720	0.00207	0.01432	0.00518	0.00414	0.00946
65	0.01809	0.01585	0.02227	0.36877	0.03880	0.04753	0.04291	0.10811	0.01947	0.02615	0.01774	0.04642	0.01439	0.01206	0.04310	0.00314	0.04737	0.00790	0.09050	0.00944
66	0.03145	0.01437	0.01793	0.01418	0.01974	0.01367	0.01157	0.11532	0.07141	0.45044	0.02966	0.02712	0.01971	0.00999	0.00781	0.00243	0.00669	0.00804	0.11562	0.01285
67	0.01165	0.00846	0.01187	0.01187	0.01292	0.00951	0.00869	0.01374	0.01270	0.01797	0.02280	0.03779	0.02285	0.24298	0.50407	0.01160	0.01787	0.00956	0.00451	0.00660
68	0.01133	0.00976	0.01138	0.01284	0.07440	0.00880	0.00846	0.01489	0.05092	0.02405	0.13223	0.06831	0.50676	0.01838	0.00937	0.00269	0.00473	0.01552	0.00738	0.00781
69	0.03085	0.02273	0.02435	0.01867	0.02516	0.02516	0.01542	0.63716	0.03815	0.05114	0.01948	0.01948	0.01380	0.00974	0.00812	0.00244	0.00893	0.00731	0.00812	0.01380
70	0.01159	0.00780	0.00900	0.00916	0.00930	0.00773	0.00531	0.01191	0.01269	0.01701	0.05664	0.12043	0.03413	0.61243	0.03669	0.00716	0.00736	0.01308	0.00537	0.00521
71	0.01159	0.00869	0.01304	0.01304	0.01449	0.01014	0.01014	0.01449	0.01304	0.01884	0.02173	0.03188	0.02029	0.06086	0.68268	0.01304	0.02173	0.00869	0.00435	0.00724
72	0.03031	0.03867	0.02299	0.02090	0.02508	0.68226	0.01568	0.03240	0.02299	0.01986	0.01254	0.01463	0.01045	0.00836	0.00732	0.00209	0.01463	0.00523	0.00418	0.00941
73	0.03618	0.01417	0.01905	0.01461	0.02089	0.01246	0.01207	0.06354	0.02382	0.64499	0.03151	0.02729	0.01983	0.01003	0.00816	0.00251	0.00699	0.00813	0.00997	0.01381
74	0.00989	0.00706	0.00942	0.01130	0.01177	0.00659	0.00753	0.01130	0.01554	0.02071	0.04472	0.70954	0.05367	0.02542	0.01036	0.00330	0.00471	0.02307	0.00753	0.00659
75	0.01093	0.00841	0.01049	0.03841	0.01358	0.00775	0.00782	0.01407	0.02064	0.02776	0.40231	0.12655	0.24503	0.01826	0.00959	0.00269	0.00429	0.01590	0.00816	0.00737
76	0.01899	0.01697	0.02847	0.25959	0.40979	0.01808	0.02279	0.02389	0.01787	0.05170	0.01614	0.02133	0.01281	0.00773	0.00797	0.00249	0.00967	0.00728	0.03502	0.01141
77	0.01627	0.04197	0.67279	0.02313	0.03512	0.01884	0.02998	0.02570	0.01713	0.02570	0.01456	0.01713	0.01028	0.00771	0.00771	0.00257	0.01199	0.00600	0.00343	0.01199
78	0.10148	0.02034	0.08369	0.01738	0.02385	0.01910	0.04083	0.20434	0.16315	0.20510	0.02434	0.02324	0.01696	0.00956	0.00787	0.00256	0.00808	0.00762	0.00773	0.01280
79	0.01159	0.00869	0.01304	0.01304	0.01449	0.01014	0.01014	0.01449	0.01304	0.01884	0.02173	0.03188	0.02029	0.06086	0.68268	0.01304	0.02173	0.00869	0.00435	0.00724
80	0.25850	0.29388	0.08877	0.01424	0.02020	0.02357	0.01369	0.05602	0.01635	0.02693	0.01305	0.01588	0.01106	0.01301	0.07370	0.00330	0.03850	0.00522	0.00430	0.00985
81	0.05169	0.62593	0.10187	0.01464	0.02199	0.03027	0.01522	0.02441	0.01644	0.02043	0.01160	0.01342	0.01033	0.00704	0.00544	0.00185	0.00890	0.00450	0.00353	0.01050
82	0.00989	0.00706	0.00942	0.01130	0.01177	0.00659	0.00753	0.01130	0.01554	0.02071	0.04472	0.70954	0.05367	0.02542	0.01036	0.00330	0.00471	0.02307	0.00753	0.00659
83	0.03641	0.01381	0.01883	0.01444	0.02071	0.01193	0.01193	0.03954	0.02322	0.66984	0.03201	0.02762	0.02009	0.01004	0.00816	0.00251	0.00690	0.00816	0.01004	0.01381
84	0.02553	0.02440	0.04909	0.04641	0.08695	0.20501	0.01573	0.19915	0.05026	0.05908	0.01851	0.02044	0.01412	0.00913	0.00814	0.00233	0.03300	0.00680	0.11481	0.01111
85	0.01075	0.00815	0.01154	0.01242	0.01362	0.00749	0.03410	0.01259	0.01586	0.02136	0.04186	0.62308	0.04948	0.02351	0.01012	0.00317	0.00525	0.04116	0.00724	0.04725
86	0.00989	0.00706	0.00942	0.01130	0.01177	0.00659	0.00753	0.01130	0.01554	0.02071	0.04472	0.70954	0.05367	0.02542	0.01036	0.00330	0.00471	0.02307	0.00753	0.00659
87	0.01735	0.01710	0.02602	0.02162	0.02348	0.02176	0.10753	0.02206	0.07476	0.02178	0.01517	0.02150	0.01357	0.01917	0.11185	0.00465	0.43923	0.00788	0.00419	0.00934
88	0.08015	0.10591	0.05266	0.04441	0.08576	0.06235	0.07808	0.13316	0.02237	0.13477	0.04687	0.02114	0.01601	0.00851	0.00750	0.00229	0.00900	0.00702	0.00599	0.07605
89	0.04972	0.47716	0.03498	0.01529	0.02098	0.08639	0.01405	0.04989	0.01763	0.05099	0.01304	0.01531	0.01136	0.01021	0.03490	0.00249	0.07603	0.00516	0.00412	0.01028
90	0.00989	0.00706	0.00942	0.01130	0.01177	0.00659	0.00753	0.01130	0.01554	0.02071	0.04472	0.70954	0.05367	0.02542	0.01036	0.00330	0.00471	0.02307	0.00753	0.00659
91	0.01683	0.01442	0.01683	0.01202	0.01923	0.01082	0.00961	0.02043	0.01683	0.02644	0.01442	0.01683	0.01202	0.00601	0.00601	0.00120	0.00601	0.00481	0.00481	0.76444
92	0.09078	0.08184	0.02483	0.09984	0.02640	0.01637	0.14865	0.01987	0.01629	0.02406	0.02238	0.20106	0.02265	0.01251	0.00947	0.00264	0.05743	0.01113	0.03031	0.08148
93	0.01271	0.04231	0.01269	0.01118	0.01374	0.01058	0.00845	0.01894	0.13023	0.02730	0.26051	0.17599	0.20919	0.01779	0.00929	0.00273	0.00474	0.01539	0.00795	0.00829

[dist]
# distance from previous block
# <min> <max>
4	10

[block]
# block no. 1 follows, 23 sequences, length 43
# corresponding to MSA columns:
# 117-159
name=unknown_B
#
# <colnr> <probs for GDERKNQSTAVLIFYWHMCP>
#	G	D	E	R	K	N	Q	S	T	A	V	L	I	F	Y	W	H	M	C	P
0	0.47840	0.05579	0.04492	0.01422	0.01949	0.12322	0.01206	0.09408	0.01820	0.03360	0.01253	0.01443	0.00982	0.00812	0.00660	0.00244	0.03238	0.00501	0.00504	0.00967
1	0.15482	0.01680	0.04738	0.01340	0.01807	0.04335	0.01106	0.17864	0.02236	0.03362	0.08361	0.06726	0.07708	0.06151	0.00989	0.00275	0.00704	0.00907	0.05033	0.09196
2	0.02330	0.01960	0.05341	0.01874	0.02458	0.02005	0.08174	0.17340	0.33365	0.09141	0.02909	0.02792	0.04449	0.01040	0.00839	0.00265	0.00800	0.00886	0.00767	0.01266
3	0.02179	0.01676	0.01906	0.01481	0.02086	0.01634	0.01195	0.22175	0.08631	0.05672	0.01931	0.02104	0.01504	0.01383	0.08081	0.00309	0.00874	0.00659	0.00635	0.33884
4	0.05365	0.08273	0.01921	0.01505	0.01778	0.01717	0.01224	0.10906	0.04060	0.02528	0.02046	0.07892	0.01919	0.03388	0.30843	0.00730	0.11617	0.00877	0.00513	0.00899
5	0.03931	0.00856	0.01089	0.01023	0.01225	0.00804	0.00770	0.01562	0.02263	0.03268	0.63621	0.05888	0.07408	0.01626	0.00940	0.00255	0.00392	0.01430	0.00879	0.00770
6	0.01973	0.02254	0.04586	0.03444	0.07633	0.05191	0.57124	0.02624	0.01930	0.02573	0.01617	0.02144	0.01225	0.00693	0.00938	0.00269	0.01350	0.00924	0.00410	0.01098
7	0.05632	0.01400	0.01569	0.01431	0.01835	0.01489	0.01142	0.06243	0.27842	0.11848	0.05989	0.07259	0.11304	0.01435	0.00882	0.00285	0.00631	0.09889	0.00812	0.01082
8	0.01198	0.00915	0.01178	0.04672	0.01539	0.00889	0.00931	0.01639	0.05066	0.02841	0.37557	0.09245	0.16060	0.01785	0.00973	0.00282	0.00499	0.11145	0.00810	0.00777
9	0.00989	0.00706	0.00942	0.01130	0.01177	0.00659	0.00753	0.01130	0.01554	0.02071	0.04472	0.70954	0.05367	0.02542	0.01036	0.00330	0.00471	0.02307	0.00753	0.00659
10	0.02789	0.02082	0.02268	0.05063	0.02519	0.02292	0.01481	0.54237	0.03505	0.04663	0.02572	0.02565	0.08058	0.01078	0.00827	0.00248	0.00852	0.00832	0.00784	0.01285
11	0.01707	0.03817	0.58472	0.02248	0.03354	0.01801	0.05087	0.02582	0.01779	0.05598	0.04865	0.02004	0.01422	0.00824	0.00790	0.00257	0.01140	0.00668	0.00404	0.01181
12	0.77215	0.01569	0.01193	0.01067	0.01569	0.01820	0.00879	0.02385	0.01381	0.03641	0.01130	0.01318	0.00879	0.00753	0.00502	0.00251	0.00628	0.00439	0.00502	0.00879
13	0.77215	0.01569	0.01193	0.01067	0.01569	0.01820	0.00879	0.02385	0.01381	0.03641	0.01130	0.01318	0.00879	0.00753	0.00502	0.00251	0.00628	0.00439	0.00502	0.00879
14	0.01139	0.00829	0.01071	0.01010	0.01206	0.00761	0.00758	0.01512	0.02274	0.03199	0.62981	0.06152	0.10703	0.01680	0.00957	0.00256	0.00384	0.01480	0.00886	0.00761
15	0.01683	0.01442	0.01683	0.01202	0.01923	0.01082	0.00961	0.02043	0.01683	0.02644	0.01442	0.01683	0.01202	0.00601	0.00601	0.00120	0.00601	0.00481	0.00481	0.76444
16	0.01890	0.02107	0.04449	0.03178	0.03988	0.01946	0.56655	0.02539	0.01890	0.02604	0.01620	0.02134	0.01228	0.00675	0.00919	0.00257	0.01284	0.00906	0.00418	0.09315
17	0.01532	0.01442	0.02434	0.69533	0.05589	0.01803	0.02253	0.02073	0.01622	0.02073	0.01442	0.02163	0.01082	0.00811	0.00811	0.00270	0.01082	0.00721	0.00361	0.00901
18	0.01683	0.01442	0.01683	0.01202	0.01923	0.01082	0.00961	0.02043	0.01683	0.02644	0.01442	0.01683	0.01202	0.00601	0.00601	0.00120	0.00601	0.00481	0.00481	0.76444
19	0.01215	0.01206	0.08326	0.01204	0.01505	0.00903	0.01058	0.01658	0.02195	0.03105	0.53437	0.05863	0.06666	0.01614	0.00951	0.00266	0.00504	0.06692	0.00820	0.00811
20	0.01420	0.00890	0.01172	0.01067	0.01306	0.00812	0.00812	0.01796	0.02300	0.10206	0.59143	0.05701	0.07040	0.01587	0.00942	0.00255	0.00416	0.01396	0.00905	0.00833
21	0.01180	0.00787	0.00885	0.00885	0.00885	0.00787	0.00492	0.01180	0.01180	0.01573	0.02557	0.05310	0.02950	0.71483	0.04130	0.00787	0.00787	0.01180	0.00492	0.00492
22	0.01148	0.00829	0.01085	0.01021	0.01212	0.00766	0.00766	0.01531	0.02297	0.03254	0.65994	0.06061	0.07656	0.01659	0.00957	0.00255	0.00383	0.01467	0.00893	0.00766
23	0.02827	0.02506	0.02426	0.02084	0.05574	0.16020	0.01607	0.38685	0.06033	0.03922	0.01752	0.01883	0.01324	0.00988	0.00997	0.00250	0.08541	0.00694	0.00661	0.01226
24	0.01532	0.01442	0.02434	0.69533	0.05589	0.01803	0.02253	0.02073	0.01622	0.02073	0.01442	0.02163	0.01082	0.00811	0.00811	0.00270	0.01082	0.00721	0.00361	0.00901
25	0.01714	0.01470	0.01697	0.01244	0.01940	0.01169	0.00992	0.02256	0.07612	0.02714	0.01617	0.01809	0.01321	0.00648	0.00622	0.00135	0.00605	0.00522	0.00513	0.69401
26	0.01860	0.02874	0.36659	0.01853	0.02734	0.01592	0.02090	0.02739	0.08740	0.10175	0.08597	0.02427	0.02015	0.00903	0.00778	0.00239	0.00912	0.00734	0.00548	0.11531
27	0.01058	0.01087	0.08179	0.01259	0.01432	0.00793	0.00998	0.01287	0.01571	0.02126	0.04143	0.63400	0.04893	0.02349	0.01007	0.00322	0.00550	0.02121	0.00708	0.00718
28	0.01179	0.01193	0.08265	0.01213	0.01479	0.00893	0.01014	0.03460	0.01935	0.02651	0.25976	0.31990	0.11780	0.01939	0.00964	0.00287	0.00527	0.01715	0.00759	0.00781
29	0.02937	0.11297	0.02512	0.02014	0.02462	0.61133	0.01548	0.03152	0.02228	0.01978	0.01240	0.01446	0.01045	0.00821	0.00709	0.00205	0.01398	0.00513	0.00410	0.00952
30	0.01661	0.01931	0.10068	0.28517	0.15031	0.01778	0.16830	0.02230	0.01734	0.02352	0.01809	0.08973	0.01575	0.00934	0.00863	0.00271	0.01082	0.00923	0.00417	0.01022
31	0.01195	0.00840	0.01021	0.00991	0.01214	0.00748	0.00737	0.01485	0.02055	0.06075	0.35788	0.14812	0.26303	0.01869	0.00960	0.00271	0.00419	0.01622	0.00835	0.00757
32	0.01551	0.01479	0.02549	0.66289	0.05522	0.01815	0.05257	0.02099	0.01637	0.02099	0.01452	0.02165	0.01089	0.00805	0.00818	0.00271	0.01096	0.00733	0.00363	0.00911
33	0.01721	0.03735	0.55681	0.02406	0.05849	0.01824	0.06209	0.02580	0.01760	0.05049	0.01670	0.02142	0.01259	0.00842	0.00801	0.00263	0.01159	0.03476	0.00393	0.01182
34	0.01972	0.01877	0.03191	0.04801	0.63091	0.01877	0.02429	0.02449	0.01849	0.02639	0.01669	0.02376	0.01459	0.00801	0.00820	0.00248	0.00953	0.03822	0.00419	0.01258
35	0.00989	0.00706	0.00942	0.01130	0.01177	0.00659	0.00753	0.01130	0.01554	0.02071	0.04472	0.70954	0.05367	0.02542	0.01036	0.00330	0.00471	0.02307	0.00753	0.00659
36	0.01298	0.04364	0.01491	0.01346	0.01530	0.04381	0.01059	0.01582	0.01369	0.01890	0.02080	0.03015	0.01934	0.05577	0.61797	0.01198	0.02077	0.00832	0.00430	0.00750
37	0.01665	0.01612	0.02826	0.35865	0.20117	0.01800	0.10024	0.02159	0.01693	0.02280	0.01732	0.08016	0.01519	0.00950	0.00933	0.00272	0.04238	0.00888	0.00411	0.01001
38	0.00989	0.00706	0.00942	0.01130	0.01177	0.00659	0.00753	0.01130	0.01554	0.02071	0.04472	0.70954	0.05367	0.02542	0.01036	0.00330	0.00471	0.02307	0.00753	0.00659
39	0.01809	0.01956	0.04002	0.09807	0.10136	0.01930	0.43645	0.02392	0.01819	0.02480	0.01800	0.07436	0.01532	0.00879	0.01018	0.00278	0.04599	0.01003	0.00428	0.01051
40	0.02161	0.13004	0.06028	0.06306	0.39974	0.07744	0.05023	0.02609	0.01867	0.05592	0.01522	0.01891	0.01241	0.00746	0.00760	0.00232	0.01012	0.00671	0.00420	0.01195
41	0.05076	0.24361	0.13145	0.01773	0.02464	0.05843	0.08305	0.02806	0.08108	0.11103	0.04734	0.02353	0.04788	0.00903	0.00728	0.00231	0.00910	0.00726	0.00541	0.01101
42	0.02205	0.01506	0.01768	0.01367	0.01981	0.01359	0.01096	0.08371	0.12130	0.15613	0.07137	0.02472	0.02080	0.00876	0.00726	0.00192	0.00635	0.00715	0.00700	0.37072

[dist]
# distance from previous block
# <min> <max>
0	1

[block]
# block no. 2 follows, 23 sequences, length 62
# corresponding to MSA columns:
# 161-222
name=unknown_C
#
# <colnr> <probs for GDERKNQSTAVLIFYWHMCP>
#	G	D	E	R	K	N	Q	S	T	A	V	L	I	F	Y	W	H	M	C	P
0	0.77215	0.01569	0.01193	0.01067	0.01569	0.01820	0.00879	0.02385	0.01381	0.03641	0.01130	0.01318	0.00879	0.00753	0.00502	0.00251	0.00628	0.00439	0.00502	0.00879
1	0.01409	0.00705	0.01057	0.01057	0.01057	0.00705	0.00705	0.01057	0.01057	0.01409	0.01409	0.02467	0.01409	0.02819	0.03171	0.76392	0.00705	0.00705	0.00352	0.00352
2	0.01140	0.00829	0.01072	0.01012	0.01207	0.00762	0.00759	0.01514	0.02276	0.03205	0.63322	0.06142	0.10358	0.01677	0.00957	0.00256	0.00384	0.01479	0.00887	0.00762
3	0.02018	0.01743	0.01835	0.01651	0.02110	0.02018	0.01284	0.04312	0.64956	0.03394	0.03303	0.03027	0.02477	0.01101	0.00826	0.00275	0.00642	0.00917	0.00826	0.01284
4	0.01123	0.00828	0.01049	0.00994	0.01197	0.00755	0.00746	0.01482	0.02237	0.03111	0.58207	0.06297	0.15532	0.01712	0.00957	0.00258	0.00387	0.01500	0.00874	0.00755
5	0.01209	0.00846	0.01008	0.00990	0.01004	0.00897	0.00608	0.01246	0.01195	0.01623	0.02442	0.04924	0.02764	0.61606	0.10156	0.00813	0.04528	0.01126	0.00479	0.00534
6	0.77215	0.01569	0.01193	0.01067	0.01569	0.01820	0.00879	0.02385	0.01381	0.03641	0.01130	0.01318	0.00879	0.00753	0.00502	0.00251	0.00628	0.00439	0.00502	0.00879
7	0.01308	0.00934	0.01308	0.01494	0.01681	0.00934	0.01308	0.01681	0.01868	0.02428	0.04296	0.09153	0.04670	0.02242	0.01121	0.00374	0.00747	0.60960	0.00747	0.00747
8	0.03641	0.01381	0.01883	0.01444	0.02071	0.01193	0.01193	0.03954	0.02322	0.66984	0.03201	0.02762	0.02009	0.01004	0.00816	0.00251	0.00690	0.00816	0.01004	0.01381
9	0.77215	0.01569	0.01193	0.01067	0.01569	0.01820	0.00879	0.02385	0.01381	0.03641	0.01130	0.01318	0.00879	0.00753	0.00502	0.00251	0.00628	0.00439	0.00502	0.00879
10	0.02945	0.02164	0.02322	0.01795	0.02397	0.02390	0.01465	0.59144	0.03622	0.04855	0.01993	0.02194	0.01495	0.06129	0.01054	0.00283	0.00885	0.00763	0.00788	0.01315
11	0.77215	0.01569	0.01193	0.01067	0.01569	0.01820	0.00879	0.02385	0.01381	0.03641	0.01130	0.01318	0.00879	0.00753	0.00502	0.00251	0.00628	0.00439	0.00502	0.00879
12	0.02008	0.01928	0.03294	0.04981	0.66422	0.01928	0.02490	0.02490	0.01848	0.02651	0.01526	0.02008	0.01285	0.00723	0.00803	0.00241	0.00964	0.00723	0.00402	0.01285
13	0.03085	0.02273	0.02435	0.01867	0.02516	0.02516	0.01542	0.63716	0.03815	0.05114	0.01948	0.01948	0.01380	0.00974	0.00812	0.00244	0.00893	0.00731	0.00812	0.01380
14	0.01138	0.00829	0.01070	0.01010	0.01206	0.00761	0.00758	0.01511	0.02273	0.03197	0.62873	0.06156	0.10812	0.01680	0.00957	0.00256	0.00384	0.01481	0.00886	0.00761
15	0.01003	0.00722	0.00954	0.01134	0.01197	0.00673	0.00774	0.01157	0.01581	0.02093	0.04621	0.65375	0.07875	0.02507	0.01037	0.00329	0.00481	0.05069	0.00753	0.00664
16	0.03448	0.01338	0.01821	0.01411	0.02005	0.01160	0.01160	0.03768	0.02320	0.62069	0.08043	0.03016	0.02444	0.01055	0.00827	0.00251	0.00667	0.00866	0.00996	0.01333
17	0.03538	0.01546	0.01985	0.01522	0.02154	0.01437	0.01257	0.15009	0.02599	0.55539	0.02969	0.02611	0.01892	0.00999	0.00815	0.00250	0.00728	0.00800	0.00969	0.01381
18	0.01627	0.04197	0.67279	0.02313	0.03512	0.01884	0.02998	0.02570	0.01713	0.02570	0.01456	0.01713	0.01028	0.00771	0.00771	0.00257	0.01199	0.00600	0.00343	0.01199
19	0.03493	0.01401	0.01874	0.01445	0.02054	0.01241	0.01190	0.06923	0.02398	0.60763	0.06120	0.02877	0.02245	0.01034	0.00822	0.00251	0.00686	0.00843	0.00989	0.01352
20	0.01148	0.00829	0.01085	0.01021	0.01212	0.00766	0.00766	0.01531	0.02297	0.03254	0.65994	0.06061	0.07656	0.01659	0.00957	0.00255	0.00383	0.01467	0.00893	0.00766
21	0.01557	0.01467	0.02478	0.66203	0.08727	0.01809	0.02266	0.02095	0.01634	0.02103	0.01447	0.02155	0.01092	0.00807	0.00811	0.00269	0.01076	0.00721	0.00363	0.00921
22	0.02012	0.43861	0.03545	0.01686	0.02102	0.02920	0.01543	0.02239	0.01486	0.01927	0.01103	0.01491	0.01051	0.00985	0.01379	0.00246	0.28552	0.00544	0.00350	0.00980
23	0.01866	0.02169	0.08223	0.08505	0.06130	0.07087	0.11291	0.02234	0.01525	0.02150	0.01256	0.01856	0.01098	0.01123	0.01848	0.00311	0.39263	0.00726	0.00370	0.00970
24	0.17153	0.05097	0.09109	0.06874	0.05838	0.01900	0.01558	0.14517	0.08862	0.18213	0.02073	0.02093	0.01464	0.00892	0.00736	0.00250	0.00818	0.00685	0.00671	0.01197
25	0.01000	0.00721	0.00947	0.01107	0.01176	0.00668	0.00748	0.01162	0.01624	0.02168	0.09377	0.63043	0.08350	0.02452	0.01026	0.00321	0.00461	0.02215	0.00764	0.00668
26	0.00962	0.00808	0.00836	0.00858	0.01106	0.00682	0.00633	0.01160	0.01815	0.02178	0.07780	0.15231	0.58955	0.02112	0.00968	0.00281	0.00418	0.01782	0.00753	0.00682
27	0.05158	0.03033	0.35510	0.02836	0.19674	0.01918	0.02455	0.02861	0.13373	0.02790	0.01800	0.02015	0.01355	0.00818	0.00778	0.00256	0.01010	0.00683	0.00454	0.01223
28	0.01678	0.14674	0.52468	0.02072	0.03118	0.02012	0.02580	0.02472	0.01746	0.02515	0.06123	0.01966	0.01515	0.00824	0.00745	0.00244	0.01087	0.00637	0.00384	0.01143
29	0.01496	0.00760	0.00771	0.00768	0.00957	0.00757	0.00576	0.01875	0.01728	0.03035	0.05458	0.03160	0.02327	0.00977	0.00585	0.00192	0.00378	0.00788	0.72655	0.00757
30	0.01180	0.00787	0.00885	0.00885	0.00885	0.00787	0.00492	0.01180	0.01180	0.01573	0.02557	0.05310	0.02950	0.71483	0.04130	0.00787	0.00787	0.01180	0.00492	0.00492
31	0.01683	0.01442	0.01683	0.01202	0.01923	0.01082	0.00961	0.02043	0.01683	0.02644	0.01442	0.01683	0.01202	0.00601	0.00601	0.00120	0.00601	0.00481	0.00481	0.76444
32	0.46927	0.18492	0.05344	0.01293	0.01877	0.06514	0.01168	0.02543	0.01571	0.06371	0.01262	0.01419	0.00995	0.00759	0.00552	0.00230	0.00772	0.00471	0.00478	0.00964
33	0.77215	0.01569	0.01193	0.01067	0.01569	0.01820	0.00879	0.02385	0.01381	0.03641	0.01130	0.01318	0.00879	0.00753	0.00502	0.00251	0.00628	0.00439	0.00502	0.00879
34	0.01073	0.00826	0.00981	0.00942	0.01166	0.00734	0.00707	0.01386	0.02120	0.02833	0.43104	0.06754	0.30809	0.01816	0.00958	0.00263	0.00394	0.01565	0.00838	0.00734
35	0.01783	0.01799	0.02616	0.02204	0.02250	0.02461	0.05287	0.01990	0.01281	0.01990	0.01098	0.01799	0.01075	0.01378	0.02566	0.00350	0.66092	0.00724	0.00358	0.00899
36	0.01409	0.00705	0.01057	0.01057	0.01057	0.00705	0.00705	0.01057	0.01057	0.01409	0.01409	0.02467	0.01409	0.02819	0.03171	0.76392	0.00705	0.00705	0.00352	0.00352
37	0.01015	0.00725	0.00969	0.01143	0.01206	0.00680	0.00784	0.01182	0.01613	0.02158	0.07965	0.63923	0.05459	0.02476	0.01036	0.00328	0.00481	0.05427	0.00761	0.00670
38	0.03145	0.02176	0.02375	0.01821	0.02468	0.02372	0.01504	0.57213	0.03653	0.11846	0.02084	0.02037	0.01448	0.00977	0.00812	0.00244	0.00871	0.00740	0.00833	0.01380
39	0.01026	0.00825	0.00914	0.00892	0.01137	0.00713	0.00669	0.01294	0.02007	0.02566	0.28550	0.07194	0.45529	0.01916	0.00958	0.00267	0.00401	0.01626	0.00803	0.00713
40	0.77215	0.01569	0.01193	0.01067	0.01569	0.01820	0.00879	0.02385	0.01381	0.03641	0.01130	0.01318	0.00879	0.00753	0.00502	0.00251	0.00628	0.00439	0.00502	0.00879
41	0.01896	0.02151	0.04670	0.06740	0.04308	0.02039	0.60401	0.02573	0.01900	0.02573	0.01632	0.02188	0.01224	0.00690	0.00950	0.00273	0.01354	0.00946	0.00408	0.01085
42	0.01110	0.00744	0.00927	0.01026	0.01137	0.00697	0.00714	0.01340	0.01730	0.02461	0.15366	0.43551	0.08643	0.02070	0.00933	0.00288	0.00435	0.01844	0.14287	0.00697
43	0.01974	0.47596	0.26920	0.01721	0.02597	0.02734	0.01967	0.02480	0.01672	0.02147	0.01246	0.01450	0.01036	0.00722	0.00611	0.00204	0.00987	0.00493	0.00345	0.01098
44	0.01819	0.01716	0.02900	0.20727	0.45914	0.01803	0.02311	0.02297	0.01781	0.02474	0.01742	0.05142	0.01543	0.00883	0.00828	0.00258	0.00964	0.03335	0.00420	0.01142
45	0.06742	0.01503	0.01787	0.01332	0.02004	0.01287	0.01083	0.08147	0.02062	0.23829	0.02041	0.02036	0.01461	0.00774	0.00684	0.00181	0.00657	0.00609	0.00681	0.41099
46	0.17216	0.52480	0.05992	0.01388	0.02052	0.05528	0.01356	0.02459	0.01624	0.02285	0.01146	0.01327	0.01008	0.00715	0.00535	0.00194	0.00857	0.00445	0.00381	0.01011
47	0.00989	0.00706	0.00942	0.01130	0.01177	0.00659	0.00753	0.01130	0.01554	0.02071	0.04472	0.70954	0.05367	0.02542	0.01036	0.00330	0.00471	0.02307	0.00753	0.00659
48	0.00989	0.00706	0.00942	0.01130	0.01177	0.00659	0.00753	0.01130	0.01554	0.02071	0.04472	0.70954	0.05367	0.02542	0.01036	0.00330	0.00471	0.02307	0.00753	0.00659
49	0.04538	0.00931	0.01164	0.01082	0.01317	0.00891	0.00819	0.01820	0.05373	0.06667	0.53976	0.08413	0.06703	0.01596	0.00927	0.00259	0.00427	0.01398	0.00873	0.00825
50	0.01870	0.01787	0.03044	0.23732	0.48751	0.01892	0.02421	0.02369	0.01782	0.02483	0.01502	0.02053	0.01226	0.00749	0.00806	0.00250	0.00998	0.00722	0.00390	0.01174
51	0.01095	0.00854	0.01015	0.01082	0.01307	0.00775	0.00869	0.01370	0.01881	0.02361	0.11943	0.11360	0.37026	0.02107	0.01017	0.00309	0.00524	0.21628	0.00764	0.00712
52	0.01915	0.02189	0.04788	0.03420	0.04241	0.02052	0.63475	0.02599	0.01915	0.02599	0.01642	0.02189	0.01231	0.00684	0.00958	0.00274	0.01368	0.00958	0.00410	0.01094
53	0.02942	0.02098	0.02281	0.01788	0.02395	0.02303	0.01463	0.50984	0.10000	0.09362	0.02268	0.04505	0.01678	0.01044	0.00821	0.00250	0.00837	0.00811	0.00825	0.01345
54	0.00989	0.00706	0.00942	0.01130	0.01177	0.00659	0.00753	0.01130	0.01554	0.02071	0.04472	0.70954	0.05367	0.02542	0.01036	0.00330	0.00471	0.02307	0.00753	0.00659
55	0.01513	0.00756	0.00756	0.00756	0.00945	0.00756	0.00567	0.01891	0.01702	0.03025	0.02647	0.03025	0.02080	0.00945	0.00567	0.00189	0.00378	0.00756	0.75988	0.00756
56	0.01170	0.00782	0.00888	0.00898	0.00900	0.00780	0.00505	0.01177	0.01199	0.01599	0.02657	0.08734	0.03076	0.67888	0.03969	0.00763	0.00770	0.01239	0.00505	0.00500
57	0.01532	0.01442	0.02434	0.69533	0.05589	0.01803	0.02253	0.02073	0.01622	0.02073	0.01442	0.02163	0.01082	0.00811	0.00811	0.00270	0.01082	0.00721	0.00361	0.00901
58	0.00989	0.00706	0.00942	0.01130	0.01177	0.00659	0.00753	0.01130	0.01554	0.02071	0.04472	0.70954	0.05367	0.02542	0.01036	0.00330	0.00471	0.02307	0.00753	0.00659
59	0.01667	0.09152	0.62671	0.02245	0.03407	0.01981	0.02880	0.02559	0.01708	0.02521	0.01432	0.01683	0.01029	0.00765	0.00753	0.00251	0.01175	0.00587	0.00343	0.01188
60	0.01847	0.02080	0.04507	0.03253	0.04017	0.01950	0.58889	0.02492	0.01889	0.02561	0.01849	0.07216	0.01534	0.00820	0.00963	0.00278	0.01302	0.01056	0.00435	0.01063
61	0.10588	0.07383	0.02410	0.01908	0.05032	0.13288	0.04760	0.28702	0.05239	0.03662	0.01844	0.04750	0.01478	0.00950	0.00750	0.00237	0.00935	0.00730	0.04210	0.01145

[dist]
# distance from previous block
# <min> <max>
4	10

[block]
# block no. 3 follows, 23 sequences, length 88
# corresponding to MSA columns:
# 233-320
name=unknown_D
#
# <colnr> <probs for GDERKNQSTAVLIFYWHMCP>
#	G	D	E	R	K	N	Q	S	T	A	V	L	I	F	Y	W	H	M	C	P
0	0.02005	0.01834	0.02935	0.02294	0.02672	0.02101	0.18180	0.07405	0.01757	0.06646	0.01591	0.04550	0.01370	0.01131	0.01695	0.00296	0.32821	0.00825	0.00476	0.07416
1	0.01514	0.01413	0.02370	0.66289	0.05381	0.01754	0.02183	0.02048	0.01654	0.02129	0.04498	0.02348	0.01393	0.00851	0.00818	0.00270	0.01049	0.00756	0.00386	0.00895
2	0.01621	0.01373	0.01670	0.05633	0.02064	0.01172	0.01057	0.02030	0.03503	0.02606	0.04320	0.05731	0.01749	0.00830	0.00755	0.00165	0.03893	0.00670	0.03686	0.55472
3	0.01778	0.01434	0.01682	0.01231	0.01914	0.01116	0.00981	0.04226	0.01777	0.05322	0.01675	0.05015	0.01438	0.00722	0.00638	0.00140	0.00609	0.00590	0.00526	0.67186
4	0.02730	0.02591	0.02224	0.06220	0.02581	0.23758	0.01514	0.27842	0.12978	0.03533	0.01937	0.02023	0.01458	0.00938	0.00778	0.00237	0.01029	0.00693	0.03772	0.01164
5	0.02904	0.02183	0.02333	0.01830	0.02447	0.02432	0.01499	0.53647	0.14178	0.04822	0.02178	0.02131	0.01566	0.00996	0.00814	0.00249	0.00850	0.00762	0.00814	0.01364
6	0.00997	0.00742	0.00929	0.01054	0.01163	0.00675	0.00725	0.01175	0.01686	0.02207	0.11005	0.51481	0.18488	0.02356	0.01012	0.00311	0.00450	0.02102	0.00766	0.00675
7	0.01961	0.45897	0.28500	0.01744	0.02632	0.02700	0.02008	0.02484	0.01674	0.02163	0.01254	0.01460	0.01036	0.00724	0.00617	0.00206	0.00995	0.00498	0.00345	0.01102
8	0.01627	0.04197	0.67279	0.02313	0.03512	0.01884	0.02998	0.02570	0.01713	0.02570	0.01456	0.01713	0.01028	0.00771	0.00771	0.00257	0.01199	0.00600	0.00343	0.01199
9	0.03641	0.01381	0.01883	0.01444	0.02071	0.01193	0.01193	0.03954	0.02322	0.66984	0.03201	0.02762	0.02009	0.01004	0.00816	0.00251	0.00690	0.00816	0.01004	0.01381
10	0.02008	0.01928	0.03294	0.04981	0.66422	0.01928	0.02490	0.02490	0.01848	0.02651	0.01526	0.02008	0.01285	0.00723	0.00803	0.00241	0.00964	0.00723	0.00402	0.01285
11	0.01687	0.11696	0.60306	0.02210	0.03354	0.02031	0.02820	0.02554	0.01706	0.02497	0.01420	0.01668	0.01029	0.00762	0.00743	0.00248	0.01163	0.00581	0.00343	0.01182
12	0.01556	0.01459	0.02508	0.62108	0.05288	0.01771	0.06122	0.02099	0.01645	0.02151	0.01510	0.02205	0.01137	0.00809	0.00809	0.00267	0.01068	0.00738	0.03843	0.00907
13	0.00989	0.00706	0.00942	0.01130	0.01177	0.00659	0.00753	0.01130	0.01554	0.02071	0.04472	0.70954	0.05367	0.02542	0.01036	0.00330	0.00471	0.02307	0.00753	0.00659
14	0.01532	0.01442	0.02434	0.69533	0.05589	0.01803	0.02253	0.02073	0.01622	0.02073	0.01442	0.02163	0.01082	0.00811	0.00811	0.00270	0.01082	0.00721	0.00361	0.00901
15	0.01178	0.00795	0.00926	0.00926	0.00940	0.00809	0.00543	0.01206	0.01192	0.01604	0.02519	0.05103	0.02860	0.65100	0.10391	0.00837	0.00922	0.01150	0.00486	0.00514
16	0.00989	0.00706	0.00942	0.01130	0.01177	0.00659	0.00753	0.01130	0.01554	0.02071	0.04472	0.70954	0.05367	0.02542	0.01036	0.00330	0.00471	0.02307	0.00753	0.00659
17	0.01268	0.00912	0.01252	0.01390	0.01581	0.00896	0.01191	0.01636	0.01937	0.02553	0.14489	0.08596	0.07651	0.02139	0.01088	0.00350	0.00674	0.48878	0.00771	0.00748
18	0.01027	0.00778	0.01010	0.01145	0.01218	0.00761	0.00791	0.01179	0.01574	0.02080	0.04757	0.59326	0.12725	0.02421	0.01114	0.00324	0.04217	0.02146	0.00732	0.00675
19	0.01623	0.01587	0.02369	0.57987	0.04987	0.06080	0.02119	0.02109	0.01629	0.02051	0.01448	0.02151	0.01128	0.01121	0.04427	0.00325	0.04884	0.00715	0.00368	0.00894
20	0.01742	0.01656	0.02812	0.41127	0.32358	0.01858	0.02358	0.02257	0.01722	0.02327	0.01479	0.02095	0.01171	0.00772	0.00808	0.00257	0.01030	0.00722	0.00379	0.01070
21	0.01192	0.00890	0.01255	0.01238	0.01341	0.01025	0.00920	0.01406	0.01271	0.01810	0.02217	0.03646	0.02212	0.21972	0.49499	0.01134	0.04913	0.00939	0.00445	0.00675
22	0.01813	0.01438	0.01696	0.01218	0.01933	0.01089	0.00977	0.02170	0.01725	0.06926	0.01559	0.01754	0.01256	0.00628	0.00615	0.00129	0.00607	0.00503	0.00516	0.71448
23	0.01532	0.01442	0.02434	0.69533	0.05589	0.01803	0.02253	0.02073	0.01622	0.02073	0.01442	0.02163	0.01082	0.00811	0.00811	0.00270	0.01082	0.00721	0.00361	0.00901
24	0.02994	0.02110	0.02287	0.01776	0.02393	0.02313	0.01460	0.52896	0.07558	0.09556	0.02158	0.02122	0.01526	0.00983	0.00803	0.00244	0.00841	0.00750	0.03882	0.01348
25	0.00989	0.00706	0.00942	0.01130	0.01177	0.00659	0.00753	0.01130	0.01554	0.02071	0.04472	0.70954	0.05367	0.02542	0.01036	0.00330	0.00471	0.02307	0.00753	0.00659
26	0.00989	0.00706	0.00942	0.01130	0.01177	0.00659	0.00753	0.01130	0.01554	0.02071	0.04472	0.70954	0.05367	0.02542	0.01036	0.00330	0.00471	0.02307	0.00753	0.00659
27	0.00974	0.00827	0.00842	0.00850	0.01121	0.00695	0.00646	0.01186	0.01850	0.02202	0.08055	0.07866	0.63508	0.02063	0.00966	0.00278	0.00425	0.04205	0.00753	0.00688
28	0.00989	0.00706	0.00942	0.01130	0.01177	0.00659	0.00753	0.01130	0.01554	0.02071	0.04472	0.70954	0.05367	0.02542	0.01036	0.00330	0.00471	0.02307	0.00753	0.00659
29	0.02169	0.71972	0.04252	0.01388	0.02083	0.03211	0.01388	0.02430	0.01649	0.01909	0.01128	0.01302	0.01041	0.00694	0.00521	0.00174	0.00868	0.00434	0.00347	0.01041
30	0.02169	0.71972	0.04252	0.01388	0.02083	0.03211	0.01388	0.02430	0.01649	0.01909	0.01128	0.01302	0.01041	0.00694	0.00521	0.00174	0.00868	0.00434	0.00347	0.01041
31	0.01045	0.00825	0.00941	0.00912	0.01149	0.00722	0.00684	0.01331	0.02053	0.02674	0.34458	0.07015	0.39554	0.01875	0.00958	0.00265	0.00398	0.01601	0.00817	0.00722
32	0.01409	0.00705	0.01057	0.01057	0.01057	0.00705	0.00705	0.01057	0.01057	0.01409	0.01409	0.02467	0.01409	0.02819	0.03171	0.76392	0.00705	0.00705	0.00352	0.00352
33	0.02147	0.69213	0.06817	0.01426	0.02141	0.03157	0.01454	0.02435	0.01651	0.01936	0.01141	0.01318	0.01041	0.00697	0.00531	0.00177	0.00881	0.00441	0.00347	0.01048
34	0.15979	0.02068	0.02127	0.01667	0.02266	0.02299	0.01373	0.49640	0.03275	0.04743	0.01843	0.01896	0.01330	0.00934	0.00744	0.00242	0.00819	0.00681	0.04816	0.01259
35	0.02622	0.01732	0.01978	0.01642	0.02163	0.01873	0.01330	0.23955	0.22416	0.17519	0.02771	0.02897	0.02066	0.01519	0.06647	0.00352	0.00874	0.03556	0.00822	0.01265
36	0.01392	0.01033	0.01274	0.01175	0.01427	0.01028	0.00909	0.06878	0.07796	0.03365	0.51362	0.05662	0.06503	0.01592	0.00944	0.00264	0.00470	0.05194	0.00871	0.00860
37	0.00989	0.00706	0.00942	0.01130	0.01177	0.00659	0.00753	0.01130	0.01554	0.02071	0.04472	0.70954	0.05367	0.02542	0.01036	0.00330	0.00471	0.02307	0.00753	0.00659
38	0.01900	0.01818	0.03099	0.19611	0.52634	0.01900	0.02437	0.02396	0.01797	0.02520	0.01507	0.02043	0.01239	0.00743	0.00805	0.00248	0.00991	0.00723	0.00392	0.01198
39	0.02701	0.01298	0.01678	0.01380	0.01856	0.01214	0.01120	0.08349	0.05261	0.37505	0.19990	0.03999	0.03660	0.01261	0.00873	0.00261	0.00627	0.04864	0.00933	0.01171
