[name]
unknown

[dist]
# distance from previous block
# <min> <max>
0	98

[block]
# block no. 0 follows, 24 sequences, length 139
# corresponding to MSA columns:
# 100-119,123-241
name=unknown_A
#
# <colnr> <probs for GDERKNQSTAVLIFYWHMCP>
#	G	D	E	R	K	N	Q	S	T	A	V	L	I	F	Y	W	H	M	C	P
0	0.13230	0.01393	0.01658	0.01550	0.05558	0.01406	0.01185	0.12074	0.04564	0.17494	0.10933	0.03968	0.05207	0.01240	0.00816	0.00261	0.00667	0.11444	0.00750	0.04603
1	0.02955	0.01530	0.02019	0.01783	0.07737	0.01484	0.01327	0.11840	0.04688	0.40387	0.05611	0.02571	0.01996	0.00988	0.00894	0.00243	0.04698	0.00787	0.00827	0.05636
2	0.04344	0.04009	0.65605	0.02216	0.03363	0.01839	0.02855	0.02505	0.01662	0.02549	0.01412	0.01660	0.00999	0.00753	0.00744	0.00251	0.01152	0.00580	0.00340	0.01161
3	0.01506	0.01409	0.02336	0.66250	0.05255	0.01721	0.02130	0.02024	0.01589	0.02058	0.01409	0.02087	0.01064	0.00781	0.00781	0.00256	0.01030	0.00691	0.00359	0.05262
4	0.01049	0.00836	0.00919	0.00902	0.01124	0.00753	0.00659	0.01358	0.04590	0.02381	0.21410	0.09149	0.41169	0.08714	0.01235	0.00314	0.00443	0.01553	0.00748	0.00694
5	0.69564	0.01481	0.01180	0.01047	0.01529	0.01690	0.00860	0.02391	0.01417	0.07096	0.01295	0.01455	0.00982	0.00760	0.00511	0.00242	0.00604	0.00466	0.04549	0.00880
6	0.01137	0.00834	0.01198	0.01198	0.01313	0.00950	0.00896	0.01367	0.01252	0.01784	0.02194	0.03503	0.02151	0.18331	0.56835	0.01180	0.01870	0.00906	0.00435	0.00665
7	0.00943	0.00780	0.00827	0.00865	0.01087	0.00664	0.00630	0.01131	0.01748	0.02118	0.07285	0.20697	0.54281	0.02106	0.00953	0.00279	0.00414	0.01792	0.00736	0.00664
8	0.02095	0.01765	0.01862	0.01639	0.02109	0.02030	0.01285	0.11332	0.58434	0.03515	0.03071	0.02834	0.02294	0.01061	0.00805	0.00265	0.00656	0.00875	0.00805	0.01266
9	0.01498	0.01409	0.02378	0.70226	0.05462	0.01762	0.02202	0.02026	0.01586	0.02026	0.01409	0.02114	0.01057	0.00793	0.00793	0.00264	0.01057	0.00705	0.00352	0.00881
10	0.01132	0.00960	0.04183	0.01053	0.01285	0.00793	0.00845	0.01517	0.02177	0.03071	0.59408	0.08017	0.09307	0.01624	0.00929	0.00253	0.00415	0.01431	0.00838	0.00762
11	0.01816	0.02294	0.11972	0.03069	0.03881	0.01915	0.53480	0.02498	0.01837	0.02560	0.01637	0.02129	0.01226	0.00693	0.00893	0.00261	0.01264	0.00883	0.04628	0.01063
12	0.02828	0.02069	0.02211	0.01714	0.02305	0.02275	0.01410	0.57932	0.03519	0.04745	0.02233	0.02235	0.04487	0.01000	0.00786	0.00236	0.00821	0.00761	0.05151	0.01281
13	0.01146	0.00766	0.00867	0.00874	0.00875	0.00764	0.00490	0.01151	0.01167	0.01556	0.02568	0.07652	0.02971	0.69550	0.03924	0.00752	0.00757	0.01194	0.00490	0.00487
14	0.03014	0.02221	0.02380	0.01825	0.02459	0.02459	0.01507	0.64541	0.03728	0.04998	0.01904	0.01904	0.01349	0.00952	0.00793	0.00238	0.00873	0.00714	0.00793	0.01349
15	0.03558	0.01350	0.01840	0.01411	0.02024	0.01166	0.01166	0.03865	0.02270	0.67734	0.03128	0.02699	0.01963	0.00981	0.00797	0.00245	0.00675	0.00797	0.00981	0.01350
16	0.01632	0.00888	0.00904	0.00848	0.01078	0.00912	0.00650	0.08137	0.01870	0.03161	0.02518	0.02851	0.01964	0.00927	0.00578	0.00190	0.00420	0.00737	0.68936	0.00800
17	0.01735	0.01735	0.02429	0.02082	0.02082	0.02429	0.01735	0.01908	0.01214	0.01908	0.01041	0.01735	0.01041	0.01388	0.02602	0.00347	0.70680	0.00694	0.00347	0.00867
18	0.01498	0.01409	0.02378	0.70226	0.05462	0.01762	0.02202	0.02026	0.01586	0.02026	0.01409	0.02114	0.01057	0.00793	0.00793	0.00264	0.01057	0.00705	0.00352	0.00881
19	0.00966	0.00690	0.00920	0.01104	0.01150	0.00644	0.00736	0.01104	0.01518	0.02024	0.04371	0.71614	0.05245	0.02484	0.01012	0.00322	0.00460	0.02254	0.00736	0.00644
20	0.01735	0.01735	0.02429	0.02082	0.02082	0.02429	0.01735	0.01908	0.01214	0.01908	0.01041	0.01735	0.01041	0.01388	0.02602	0.00347	0.70680	0.00694	0.00347	0.00867
21	0.03012	0.02290	0.02374	0.01834	0.02459	0.05411	0.01508	0.61816	0.03663	0.04862	0.01874	0.01883	0.01334	0.00946	0.00790	0.00236	0.00897	0.00705	0.00776	0.01330
22	0.01546	0.05435	0.02027	0.02407	0.24070	0.04392	0.01395	0.01882	0.01854	0.02509	0.16693	0.14079	0.10470	0.01317	0.00836	0.00242	0.00677	0.01167	0.00590	0.06412
23	0.02267	0.01835	0.02188	0.01906	0.04403	0.05155	0.01501	0.20904	0.04443	0.07822	0.01831	0.05948	0.01552	0.01203	0.01509	0.00283	0.28589	0.00798	0.04808	0.01057
24	0.01060	0.00760	0.00987	0.01137	0.01210	0.00727	0.00771	0.04005	0.01619	0.02160	0.04258	0.68427	0.05067	0.02414	0.01002	0.00318	0.00479	0.02184	0.00739	0.00676
25	0.02940	0.02184	0.02338	0.01809	0.02431	0.02424	0.01489	0.60211	0.08180	0.04877	0.01999	0.01980	0.01426	0.00961	0.00794	0.00240	0.00855	0.00727	0.00794	0.01342
26	0.02097	0.69662	0.06903	0.01396	0.02095	0.03082	0.01425	0.02380	0.01614	0.01893	0.01116	0.01289	0.01017	0.00682	0.00519	0.00173	0.00862	0.00431	0.00339	0.01024
27	0.04278	0.06370	0.61170	0.02276	0.05530	0.01887	0.02784	0.02497	0.01665	0.02528	0.01403	0.01656	0.01009	0.00748	0.00737	0.00247	0.01133	0.00579	0.00342	0.01158
28	0.01625	0.13285	0.53667	0.02031	0.03053	0.01930	0.02532	0.02408	0.01713	0.02478	0.06786	0.01970	0.01542	0.00815	0.00735	0.00240	0.01061	0.00634	0.00380	0.01116
29	0.02962	0.03779	0.02247	0.02043	0.02451	0.68948	0.01532	0.03166	0.02247	0.01941	0.01226	0.01430	0.01021	0.00817	0.00715	0.00204	0.01430	0.00511	0.00409	0.00919
30	0.01870	0.01872	0.05254	0.07326	0.56212	0.01810	0.02295	0.02404	0.03961	0.02562	0.01921	0.02319	0.05055	0.00799	0.00794	0.00240	0.00913	0.00764	0.00423	0.01203
31	0.01794	0.02232	0.16389	0.22981	0.30391	0.01871	0.05327	0.05087	0.01803	0.02516	0.01477	0.01952	0.01148	0.00750	0.00788	0.00249	0.01038	0.00692	0.00387	0.01126
32	0.01107	0.00858	0.01014	0.00966	0.01195	0.00790	0.00727	0.01527	0.05630	0.02837	0.43416	0.06335	0.27236	0.01721	0.00929	0.00257	0.00398	0.01485	0.00823	0.00750
33	0.01142	0.00814	0.01094	0.01094	0.01173	0.00893	0.00766	0.01300	0.01221	0.01707	0.02289	0.04031	0.02380	0.35162	0.40318	0.01051	0.01526	0.00984	0.00449	0.00608
34	0.77733	0.01534	0.01166	0.01043	0.01534	0.01779	0.00859	0.02331	0.01350	0.03558	0.01104	0.01288	0.00859	0.00736	0.00491	0.00245	0.00613	0.00429	0.00491	0.00859
35	0.01906	0.01816	0.03088	0.04653	0.63418	0.01813	0.02337	0.02358	0.01789	0.02558	0.01656	0.05935	0.01484	0.00808	0.00798	0.00240	0.00915	0.00795	0.00412	0.01221
36	0.01478	0.00739	0.00739	0.00739	0.00924	0.00739	0.00554	0.01848	0.01663	0.02956	0.02587	0.02956	0.02033	0.00924	0.00554	0.00185	0.00370	0.00739	0.76534	0.00739
37	0.02962	0.03779	0.02247	0.02043	0.02451	0.68948	0.01532	0.03166	0.02247	0.01941	0.01226	0.01430	0.01021	0.00817	0.00715	0.00204	0.01430	0.00511	0.00409	0.00919
38	0.02962	0.03779	0.02247	0.02043	0.02451	0.68948	0.01532	0.03166	0.02247	0.01941	0.01226	0.01430	0.01021	0.00817	0.00715	0.00204	0.01430	0.00511	0.00409	0.00919
39	0.01644	0.01409	0.01644	0.01175	0.01879	0.01057	0.00940	0.01997	0.01644	0.02584	0.01409	0.01644	0.01175	0.00587	0.00587	0.00117	0.00587	0.00470	0.00470	0.76979
40	0.02642	0.03259	0.02162	0.01965	0.02303	0.54921	0.01495	0.02852	0.02038	0.01927	0.01303	0.01641	0.01126	0.01422	0.08185	0.00333	0.08566	0.00566	0.00404	0.00891
41	0.77733	0.01534	0.01166	0.01043	0.01534	0.01779	0.00859	0.02331	0.01350	0.03558	0.01104	0.01288	0.00859	0.00736	0.00491	0.00245	0.00613	0.00429	0.00491	0.00859
42	0.01735	0.01735	0.02429	0.02082	0.02082	0.02429	0.01735	0.01908	0.01214	0.01908	0.01041	0.01735	0.01041	0.01388	0.02602	0.00347	0.70680	0.00694	0.00347	0.00867
43	0.77733	0.01534	0.01166	0.01043	0.01534	0.01779	0.00859	0.02331	0.01350	0.03558	0.01104	0.01288	0.00859	0.00736	0.00491	0.00245	0.00613	0.00429	0.00491	0.00859
44	0.01735	0.01735	0.02429	0.02082	0.02082	0.02429	0.01735	0.01908	0.01214	0.01908	0.01041	0.01735	0.01041	0.01388	0.02602	0.00347	0.70680	0.00694	0.00347	0.00867
45	0.02962	0.03779	0.02247	0.02043	0.02451	0.68948	0.01532	0.03166	0.02247	0.01941	0.01226	0.01430	0.01021	0.00817	0.00715	0.00204	0.01430	0.00511	0.00409	0.00919
46	0.01133	0.00850	0.01274	0.01274	0.01416	0.00991	0.00991	0.01416	0.01274	0.01841	0.02124	0.03115	0.01982	0.05947	0.68989	0.01274	0.02124	0.00850	0.00425	0.00708
47	0.01964	0.01861	0.03038	0.04454	0.58917	0.01895	0.02284	0.02660	0.09924	0.02683	0.01712	0.02089	0.01404	0.00753	0.00788	0.00240	0.00902	0.00731	0.00445	0.01256
48	0.01218	0.00832	0.01091	0.01014	0.01218	0.00765	0.00765	0.01589	0.02246	0.05714	0.64269	0.05797	0.07266	0.01596	0.00930	0.00249	0.00386	0.01409	0.00877	0.00772
49	0.01590	0.04102	0.68023	0.02260	0.03432	0.01842	0.02930	0.02511	0.01674	0.02511	0.01423	0.01674	0.01005	0.00753	0.00753	0.00251	0.01172	0.00586	0.00335	0.01172
50	0.01104	0.00810	0.01035	0.00979	0.01174	0.00741	0.00734	0.01462	0.02202	0.03079	0.61080	0.06089	0.13232	0.01659	0.00935	0.00251	0.00377	0.01457	0.00860	0.00741
51	0.01972	0.01703	0.01793	0.01614	0.02062	0.01972	0.01255	0.04214	0.65752	0.03317	0.03228	0.02959	0.02421	0.01076	0.00807	0.00269	0.00628	0.00897	0.00807	0.01255
52	0.01122	0.00811	0.01060	0.00998	0.01185	0.00748	0.00748	0.01496	0.02245	0.03180	0.66766	0.05923	0.07482	0.01621	0.00935	0.00249	0.00374	0.01434	0.00873	0.00748
53	0.01517	0.01448	0.02500	0.66680	0.05392	0.01775	0.05494	0.02053	0.01601	0.02053	0.01420	0.02115	0.01065	0.00786	0.00800	0.00264	0.01072	0.00717	0.00355	0.00891
54	0.74448	0.01525	0.01195	0.01059	0.01555	0.01752	0.00872	0.02399	0.01390	0.06400	0.01194	0.01351	0.00908	0.00747	0.00504	0.00245	0.00616	0.00446	0.00512	0.00881
55	0.01963	0.01884	0.03219	0.04867	0.67185	0.01884	0.02434	0.02434	0.01806	0.02591	0.01492	0.01963	0.01256	0.00707	0.00785	0.00236	0.00942	0.00707	0.00393	0.01256
56	0.00937	0.00803	0.00803	0.00803	0.01071	0.00669	0.00602	0.01138	0.01807	0.02142	0.08033	0.07632	0.66863	0.02008	0.00937	0.00268	0.00402	0.01674	0.00736	0.00669
57	0.02098	0.68566	0.04057	0.01398	0.02038	0.03097	0.01378	0.02348	0.01589	0.01868	0.01099	0.01298	0.01019	0.00719	0.00628	0.00180	0.04831	0.00439	0.00340	0.01009
58	0.01797	0.01558	0.02384	0.22203	0.06825	0.01662	0.07270	0.02200	0.01622	0.07091	0.01489	0.01940	0.01180	0.00841	0.01083	0.00233	0.13924	0.00661	0.00439	0.23600
59	0.01560	0.04176	0.01636	0.04114	0.06515	0.13552	0.01139	0.01823	0.01882	0.02321	0.17889	0.13358	0.18070	0.01526	0.01011	0.00260	0.06488	0.01250	0.00620	0.00810
60	0.01972	0.01703	0.01793	0.01614	0.02062	0.01972	0.01255	0.04214	0.65752	0.03317	0.03228	0.02959	0.02421	0.01076	0.00807	0.00269	0.00628	0.00897	0.00807	0.01255
61	0.77733	0.01534	0.01166	0.01043	0.01534	0.01779	0.00859	0.02331	0.01350	0.03558	0.01104	0.01288	0.00859	0.00736	0.00491	0.00245	0.00613	0.00429	0.00491	0.00859
62	0.01278	0.00913	0.01278	0.01460	0.01643	0.00913	0.01278	0.01643	0.01825	0.02373	0.04199	0.08945	0.04564	0.02191	0.01095	0.00365	0.00730	0.61847	0.00730	0.00730
63	0.01122	0.00811	0.01060	0.00998	0.01185	0.00748	0.00748	0.01496	0.02245	0.03180	0.66766	0.05923	0.07482	0.01621	0.00935	0.00249	0.00374	0.01434	0.00873	0.00748
64	0.01278	0.00913	0.01278	0.01460	0.01643	0.00913	0.01278	0.01643	0.01825	0.02373	0.04199	0.08945	0.04564	0.02191	0.01095	0.00365	0.00730	0.61847	0.00730	0.00730
65	0.02962	0.03779	0.02247	0.02043	0.02451	0.68948	0.01532	0.03166	0.02247	0.01941	0.01226	0.01430	0.01021	0.00817	0.00715	0.00204	0.01430	0.00511	0.00409	0.00919
66	0.00961	0.00711	0.00898	0.01048	0.01135	0.00649	0.00711	0.01110	0.01572	0.02046	0.05050	0.59745	0.16676	0.02396	0.00998	0.00312	0.00449	0.02147	0.00736	0.00649
67	0.02045	0.01687	0.01795	0.01604	0.02060	0.01935	0.01251	0.04198	0.62850	0.06262	0.03223	0.02947	0.02400	0.01072	0.00806	0.00268	0.00630	0.00892	0.00815	0.01259
68	0.02095	0.69399	0.07147	0.01399	0.02101	0.03077	0.01431	0.02381	0.01614	0.01896	0.01117	0.01291	0.01017	0.00682	0.00520	0.00173	0.00863	0.00432	0.00339	0.01025
69	0.00984	0.00703	0.00941	0.01124	0.01178	0.00659	0.00767	0.01135	0.01536	0.02044	0.04361	0.68039	0.05206	0.02468	0.01017	0.00325	0.00475	0.05653	0.00736	0.00649
70	0.01963	0.01884	0.03219	0.04867	0.67185	0.01884	0.02434	0.02434	0.01806	0.02591	0.01492	0.01963	0.01256	0.00707	0.00785	0.00236	0.00942	0.00707	0.00393	0.01256
71	0.01713	0.01948	0.09193	0.31284	0.17036	0.01863	0.17609	0.02379	0.04642	0.02369	0.01558	0.02088	0.01190	0.00754	0.00824	0.00258	0.01094	0.00760	0.00392	0.01046
72	0.01407	0.00893	0.01090	0.01047	0.01187	0.01015	0.00806	0.01711	0.01483	0.02471	0.02274	0.02966	0.01943	0.06179	0.17841	0.00506	0.09666	0.00784	0.43998	0.00733
73	0.00946	0.00804	0.00815	0.00813	0.01076	0.00673	0.00609	0.01155	0.01828	0.02191	0.10811	0.07551	0.64054	0.01990	0.00937	0.00267	0.00400	0.01662	0.00743	0.00673
74	0.01607	0.03990	0.64410	0.02322	0.03473	0.01851	0.06431	0.02513	0.01685	0.02513	0.01433	0.01701	0.01016	0.00749	0.00764	0.00252	0.01181	0.00606	0.00339	0.01166
75	0.01766	0.18362	0.51647	0.02051	0.03095	0.02141	0.02535	0.05319	0.01755	0.02490	0.01378	0.01600	0.01023	0.00747	0.00704	0.00233	0.01090	0.00558	0.00357	0.01148
76	0.05894	0.01006	0.01293	0.01121	0.01448	0.00925	0.00876	0.02231	0.02205	0.22026	0.44727	0.04737	0.05522	0.01388	0.00872	0.00248	0.00474	0.01195	0.00884	0.00929
77	0.00964	0.00804	0.00841	0.00832	0.01088	0.00681	0.00624	0.01191	0.01872	0.02295	0.16686	0.07380	0.58114	0.01951	0.00937	0.00265	0.00398	0.01638	0.00756	0.00681
78	0.01262	0.00908	0.01256	0.01430	0.01616	0.00901	0.01246	0.01619	0.01825	0.02362	0.04378	0.08883	0.07482	0.02182	0.01088	0.00361	0.00715	0.59028	0.00730	0.00727
79	0.01506	0.10537	0.01851	0.01729	0.12449	0.04979	0.01143	0.02024	0.09913	0.02356	0.07123	0.04882	0.33670	0.01424	0.00828	0.00246	0.00632	0.01182	0.00624	0.00903
80	0.01644	0.01409	0.01644	0.01175	0.01879	0.01057	0.00940	0.01997	0.01644	0.02584	0.01409	0.01644	0.01175	0.00587	0.00587	0.00117	0.00587	0.00470	0.00470	0.76979
81	0.00966	0.00690	0.00920	0.01104	0.01150	0.00644	0.00736	0.01104	0.01518	0.02024	0.04371	0.71614	0.05245	0.02484	0.01012	0.00322	0.00460	0.02254	0.00736	0.00644
82	0.02120	0.72609	0.04155	0.01357	0.02035	0.03138	0.01357	0.02374	0.01611	0.01866	0.01102	0.01272	0.01018	0.00678	0.00509	0.00170	0.00848	0.00424	0.00339	0.01018
83	0.01735	0.01735	0.02429	0.02082	0.02082	0.02429	0.01735	0.01908	0.01214	0.01908	0.01041	0.01735	0.01041	0.01388	0.02602	0.00347	0.70680	0.00694	0.00347	0.00867
84	0.01963	0.01884	0.03219	0.04867	0.67185	0.01884	0.02434	0.02434	0.01806	0.02591	0.01492	0.01963	0.01256	0.00707	0.00785	0.00236	0.00942	0.00707	0.00393	0.01256
85	0.02962	0.03779	0.02247	0.02043	0.02451	0.68948	0.01532	0.03166	0.02247	0.01941	0.01226	0.01430	0.01021	0.00817	0.00715	0.00204	0.01430	0.00511	0.00409	0.00919
86	0.00966	0.00690	0.00920	0.01104	0.01150	0.00644	0.00736	0.01104	0.01518	0.02024	0.04371	0.71614	0.05245	0.02484	0.01012	0.00322	0.00460	0.02254	0.00736	0.00644
87	0.02120	0.72609	0.04155	0.01357	0.02035	0.03138	0.01357	0.02374	0.01611	0.01866	0.01102	0.01272	0.01018	0.00678	0.00509	0.00170	0.00848	0.00424	0.00339	0.01018
88	0.01723	0.01600	0.02675	0.06933	0.49914	0.01606	0.02050	0.02123	0.01733	0.02441	0.02122	0.17303	0.02125	0.01102	0.00835	0.00256	0.00841	0.01047	0.00466	0.01105
89	0.02097	0.69567	0.06991	0.01397	0.02097	0.03080	0.01427	0.02381	0.01614	0.01894	0.01117	0.01290	0.01017	0.00682	0.00520	0.00173	0.00862	0.00431	0.00339	0.01024
90	0.01122	0.00811	0.01060	0.00998	0.01185	0.00748	0.00748	0.01496	0.02245	0.03180	0.66766	0.05923	0.07482	0.01621	0.00935	0.00249	0.00374	0.01434	0.00873	0.00748
91	0.01644	0.01409	0.01644	0.01175	0.01879	0.01057	0.00940	0.01997	0.01644	0.02584	0.01409	0.01644	0.01175	0.00587	0.00587	0.00117	0.00587	0.00470	0.00470	0.76979
92	0.01181	0.00920	0.01367	0.01339	0.01469	0.01106	0.01051	0.01455	0.01270	0.01846	0.02037	0.03005	0.01907	0.05582	0.63674	0.01200	0.07613	0.00837	0.00419	0.00721
93	0.01153	0.00769	0.00865	0.00865	0.00865	0.00769	0.00480	0.01153	0.01153	0.01538	0.02499	0.05189	0.02883	0.72131	0.04036	0.00769	0.00769	0.01153	0.00480	0.00480
94	0.03156	0.01713	0.07675	0.01539	0.02182	0.01431	0.01358	0.12690	0.04790	0.47923	0.05161	0.02620	0.02009	0.00984	0.00798	0.00246	0.00735	0.00794	0.00886	0.01308
95	0.02591	0.21833	0.02775	0.01906	0.05165	0.31575	0.01491	0.11735	0.09101	0.02531	0.01516	0.01643	0.01228	0.00822	0.00683	0.00208	0.01086	0.00566	0.00487	0.01058
96	0.01151	0.00857	0.01076	0.01013	0.01221	0.00806	0.00762	0.01608	0.05572	0.03093	0.58082	0.05921	0.12588	0.01627	0.00929	0.00252	0.00390	0.01427	0.00857	0.00768
97	0.01359	0.00864	0.01126	0.01030	0.01264	0.00787	0.00783	0.01718	0.02227	0.09625	0.57614	0.05679	0.09709	0.01575	0.00922	0.00250	0.00406	0.01381	0.00877	0.00805
98	0.03014	0.02221	0.02380	0.01825	0.02459	0.02459	0.01507	0.64541	0.03728	0.04998	0.01904	0.01904	0.01349	0.00952	0.00793	0.00238	0.00873	0.00714	0.00793	0.01349
99	0.01972	0.01703	0.01793	0.01614	0.02062	0.01972	0.01255	0.04214	0.65752	0.03317	0.03228	0.02959	0.02421	0.01076	0.00807	0.00269	0.00628	0.00897	0.00807	0.01255
100	0.01972	0.01703	0.01793	0.01614	0.02062	0.01972	0.01255	0.04214	0.65752	0.03317	0.03228	0.02959	0.02421	0.01076	0.00807	0.00269	0.00628	0.00897	0.00807	0.01255
101	0.01590	0.04102	0.68023	0.02260	0.03432	0.01842	0.02930	0.02511	0.01674	0.02511	0.01423	0.01674	0.01005	0.00753	0.00753	0.00251	0.01172	0.00586	0.00335	0.01172
102	0.02962	0.03779	0.02247	0.02043	0.02451	0.68948	0.01532	0.03166	0.02247	0.01941	0.01226	0.01430	0.01021	0.00817	0.00715	0.00204	0.01430	0.00511	0.00409	0.00919
103	0.01009	0.00724	0.00959	0.01075	0.01160	0.00673	0.00739	0.01213	0.01720	0.02345	0.21688	0.53382	0.05866	0.02245	0.00991	0.00302	0.00436	0.02027	0.00774	0.00673
104	0.03507	0.01431	0.01890	0.01449	0.02065	0.01286	0.01197	0.09509	0.02405	0.61898	0.03015	0.02625	0.01906	0.00979	0.00797	0.00245	0.00693	0.00790	0.00964	0.01349
105	0.01112	0.00810	0.01045	0.00987	0.01178	0.00744	0.00740	0.01476	0.02220	0.03121	0.63416	0.06021	0.10869	0.01643	0.00935	0.00250	0.00376	0.01448	0.00865	0.00744
106	0.01136	0.00839	0.01219	0.01219	0.01341	0.00961	0.00922	0.01380	0.01258	0.01800	0.02175	0.03397	0.02105	0.14951	0.60152	0.01206	0.01940	0.00891	0.00432	0.00677
107	0.00937	0.00803	0.00803	0.00803	0.01071	0.00669	0.00602	0.01138	0.01807	0.02142	0.08033	0.07632	0.66863	0.02008	0.00937	0.00268	0.00402	0.01674	0.00736	0.00669
108	0.01377	0.00689	0.01033	0.01033	0.01033	0.00689	0.00689	0.01033	0.01033	0.01377	0.01377	0.02410	0.01377	0.02755	0.03099	0.76928	0.00689	0.00689	0.00344	0.00344
109	0.02169	0.68646	0.04045	0.01396	0.02059	0.06927	0.01367	0.02420	0.01648	0.01870	0.01110	0.01281	0.01018	0.00686	0.00521	0.00172	0.00882	0.00429	0.00343	0.01012
110	0.06965	0.03143	0.02228	0.04984	0.02505	0.46573	0.01537	0.12454	0.02313	0.02504	0.01317	0.01550	0.01066	0.00879	0.00871	0.00226	0.06882	0.00561	0.00465	0.00976
111	0.01222	0.00873	0.01213	0.01396	0.01554	0.00864	0.01180	0.01546	0.01770	0.02310	0.04230	0.20233	0.04686	0.02243	0.01080	0.00357	0.00682	0.51113	0.00731	0.00715
112	0.01684	0.01030	0.01435	0.01235	0.01554	0.00951	0.04384	0.02126	0.05077	0.16240	0.41344	0.07925	0.08822	0.01471	0.00905	0.00255	0.00506	0.01301	0.00853	0.00903
113	0.01963	0.01884	0.03219	0.04867	0.67185	0.01884	0.02434	0.02434	0.01806	0.02591	0.01492	0.01963	0.01256	0.00707	0.00785	0.00236	0.00942	0.00707	0.00393	0.01256
114	0.01669	0.01083	0.03828	0.04556	0.01768	0.00940	0.03262	0.01973	0.01882	0.16869	0.17609	0.30525	0.04488	0.01739	0.00929	0.00284	0.00586	0.04360	0.00776	0.00873
115	0.00964	0.00697	0.00913	0.01087	0.01146	0.00646	0.00728	0.01106	0.01535	0.02031	0.04582	0.67930	0.08792	0.02457	0.01008	0.00319	0.00457	0.02221	0.00736	0.00646
116	0.01755	0.01406	0.01656	0.01188	0.01888	0.01063	0.00953	0.02104	0.01680	0.06335	0.01508	0.01705	0.01220	0.00610	0.00599	0.00125	0.00592	0.00489	0.00499	0.72625
117	0.02198	0.01558	0.04207	0.01360	0.02016	0.01269	0.01145	0.06040	0.01895	0.18776	0.01842	0.01926	0.01366	0.00756	0.00769	0.00174	0.04546	0.00581	0.00603	0.46975
118	0.14141	0.12987	0.02361	0.01780	0.02255	0.44799	0.01404	0.07331	0.02129	0.02394	0.01239	0.01420	0.01020	0.00795	0.00658	0.00208	0.01185	0.00501	0.00439	0.00955
119	0.01248	0.00929	0.01209	0.01371	0.04425	0.00911	0.00949	0.07156	0.01825	0.02430	0.06958	0.47306	0.08256	0.02156	0.00984	0.00309	0.00548	0.09544	0.00731	0.00755
120	0.00966	0.00690	0.00920	0.01104	0.01150	0.00644	0.00736	0.01104	0.01518	0.02024	0.04371	0.71614	0.05245	0.02484	0.01012	0.00322	0.00460	0.02254	0.00736	0.00644
121	0.01172	0.03666	0.01387	0.01278	0.01440	0.01075	0.01006	0.01454	0.01288	0.01842	0.02084	0.03043	0.01945	0.05741	0.66301	0.01231	0.02074	0.00833	0.00421	0.00720
122	0.01590	0.04102	0.68023	0.02260	0.03432	0.01842	0.02930	0.02511	0.01674	0.02511	0.01423	0.01674	0.01005	0.00753	0.00753	0.00251	0.01172	0.00586	0.00335	0.01172
123	0.00967	0.00804	0.00844	0.00834	0.01089	0.00682	0.00626	0.01195	0.01877	0.02307	0.17347	0.07361	0.57446	0.01947	0.00937	0.00265	0.00397	0.01636	0.00758	0.00682
124	0.01907	0.01828	0.03119	0.12616	0.59867	0.01870	0.02406	0.02385	0.01780	0.02524	0.01482	0.01981	0.01232	0.00717	0.00786	0.00239	0.00956	0.00706	0.00388	0.01212
125	0.00990	0.00809	0.00877	0.00870	0.01117	0.00696	0.00659	0.01235	0.01904	0.02378	0.20749	0.07306	0.51554	0.01930	0.00943	0.00267	0.00408	0.03852	0.00766	0.00689
126	0.01567	0.01489	0.02108	0.01857	0.01897	0.02029	0.01528	0.01771	0.01231	0.01890	0.01342	0.02119	0.01303	0.02657	0.21080	0.00605	0.51599	0.00737	0.00369	0.00823
127	0.01590	0.04102	0.68023	0.02260	0.03432	0.01842	0.02930	0.02511	0.01674	0.02511	0.01423	0.01674	0.01005	0.00753	0.00753	0.00251	0.01172	0.00586	0.00335	0.01172
128	0.01972	0.01703	0.01793	0.01614	0.02062	0.01972	0.01255	0.04214	0.65752	0.03317	0.03228	0.02959	0.02421	0.01076	0.00807	0.00269	0.00628	0.00897	0.00807	0.01255
129	0.02177	0.65698	0.06774	0.01399	0.02095	0.02972	0.01414	0.02463	0.01651	0.05558	0.01229	0.01369	0.01070	0.00699	0.00535	0.00177	0.00852	0.00452	0.00375	0.01043
130	0.02016	0.01985	0.03167	0.04718	0.63753	0.05439	0.02386	0.02473	0.01829	0.02556	0.01478	0.01934	0.01244	0.00712	0.00781	0.00234	0.00968	0.00696	0.00393	0.01238
131	0.02962	0.03779	0.02247	0.02043	0.02451	0.68948	0.01532	0.03166	0.02247	0.01941	0.01226	0.01430	0.01021	0.00817	0.00715	0.00204	0.01430	0.00511	0.00409	0.00919
132	0.01028	0.00856	0.00904	0.00883	0.01148	0.00758	0.00665	0.01376	0.05564	0.02387	0.17763	0.07071	0.53036	0.01889	0.00929	0.00265	0.00410	0.01588	0.00764	0.00717
133	0.01105	0.00808	0.01023	0.00970	0.01156	0.00741	0.00719	0.01441	0.02141	0.02985	0.57231	0.06063	0.13434	0.05399	0.01100	0.00279	0.00398	0.01444	0.00838	0.00726
134	0.01139	0.00869	0.01059	0.01027	0.01249	0.00814	0.00790	0.01577	0.05721	0.02859	0.42999	0.06450	0.21528	0.01737	0.00943	0.00266	0.00428	0.06968	0.00823	0.00756
135	0.01133	0.00850	0.01274	0.01274	0.01416	0.00991	0.00991	0.01416	0.01274	0.01841	0.02124	0.03115	0.01982	0.05947	0.68989	0.01274	0.02124	0.00850	0.00425	0.00708
136	0.01498	0.01409	0.02378	0.70226	0.05462	0.01762	0.02202	0.02026	0.01586	0.02026	0.01409	0.02114	0.01057	0.00793	0.00793	0.00264	0.01057	0.00705	0.00352	0.00881
137	0.77733	0.01534	0.01166	0.01043	0.01534	0.01779	0.00859	0.02331	0.01350	0.03558	0.01104	0.01288	0.00859	0.00736	0.00491	0.00245	0.00613	0.00429	0.00491	0.00859
138	0.01590	0.04102	0.68023	0.02260	0.03432	0.01842	0.02930	0.02511	0.01674	0.02511	0.01423	0.01674	0.01005	0.00753	0.00753	0.00251	0.01172	0.00586	0.00335	0.01172

[dist]
# distance from previous block
# <min> <max>
0	0

# created by:
# /st0/software/busco_prod/Augustus/scripts/msa2prfl.pl ./align_prep/124234.fa
