[name]
unknown

[dist]
# distance from previous block
# <min> <max>
0	29

[block]
# block no. 0 follows, 24 sequences, length 30
# corresponding to MSA columns:
# 29-58
name=unknown_A
#
# <colnr> <probs for GDERKNQSTAVLIFYWHMCP>
#	G	D	E	R	K	N	Q	S	T	A	V	L	I	F	Y	W	H	M	C	P
0	0.01278	0.00913	0.01278	0.01460	0.01643	0.00913	0.01278	0.01643	0.01825	0.02373	0.04199	0.08945	0.04564	0.02191	0.01095	0.00365	0.00730	0.61847	0.00730	0.00730
1	0.00964	0.00697	0.00913	0.01087	0.01146	0.00646	0.00728	0.01106	0.01535	0.02031	0.04580	0.67965	0.08759	0.02457	0.01008	0.00319	0.00457	0.02221	0.00736	0.00646
2	0.02892	0.02158	0.02345	0.04543	0.02556	0.02402	0.01520	0.58470	0.07318	0.04779	0.01963	0.01975	0.01400	0.00953	0.00794	0.00241	0.00865	0.00724	0.00776	0.01324
3	0.02237	0.08693	0.08698	0.03466	0.35529	0.04204	0.08404	0.04641	0.01927	0.12087	0.01704	0.01979	0.01305	0.00756	0.00772	0.00234	0.00968	0.00700	0.00483	0.01213
4	0.01733	0.01808	0.09413	0.10552	0.29773	0.01669	0.01964	0.02299	0.06160	0.04432	0.01905	0.06489	0.01689	0.05167	0.07074	0.00375	0.05146	0.00838	0.00455	0.01059
5	0.01590	0.04102	0.68023	0.02260	0.03432	0.01842	0.02930	0.02511	0.01674	0.02511	0.01423	0.01674	0.01005	0.00753	0.00753	0.00251	0.01172	0.00586	0.00335	0.01172
6	0.01940	0.01861	0.03177	0.08106	0.64127	0.01878	0.02422	0.02413	0.01795	0.02563	0.01488	0.01970	0.01246	0.00711	0.00785	0.00237	0.00948	0.00706	0.00391	0.01237
7	0.01873	0.08445	0.29188	0.08347	0.18046	0.01885	0.06073	0.02574	0.04091	0.07137	0.01705	0.02140	0.01321	0.00812	0.00772	0.00247	0.01022	0.02742	0.00431	0.01149
8	0.00991	0.00716	0.00943	0.01116	0.01187	0.00668	0.00774	0.01152	0.01562	0.02061	0.04576	0.62444	0.08891	0.02431	0.01015	0.00322	0.00480	0.07282	0.00736	0.00653
9	0.00950	0.00754	0.00855	0.00935	0.01106	0.00658	0.00661	0.01123	0.01681	0.02090	0.06426	0.35715	0.39818	0.02217	0.00970	0.00292	0.00427	0.01928	0.00736	0.00658
10	0.02050	0.01367	0.05134	0.03896	0.11650	0.01168	0.03805	0.02422	0.02014	0.23239	0.17302	0.09601	0.10360	0.01292	0.00863	0.00255	0.00663	0.01136	0.00748	0.01035
11	0.01820	0.14829	0.33241	0.02135	0.06651	0.02037	0.06558	0.08321	0.05303	0.02654	0.02108	0.02270	0.06933	0.00878	0.00750	0.00239	0.00990	0.00715	0.00447	0.01121
12	0.00973	0.00785	0.00868	0.00903	0.01116	0.00680	0.00665	0.01185	0.01799	0.02238	0.13500	0.19940	0.46584	0.02065	0.00956	0.00279	0.00420	0.03615	0.00751	0.00675
13	0.01386	0.00693	0.01008	0.01008	0.01024	0.00693	0.00677	0.01102	0.01087	0.01512	0.01480	0.02457	0.01433	0.02599	0.02883	0.70409	0.00662	0.00693	0.06816	0.00378
14	0.09887	0.20713	0.29298	0.01994	0.06302	0.07876	0.02034	0.02522	0.01675	0.04759	0.01335	0.01569	0.01046	0.00782	0.00776	0.00231	0.05201	0.00543	0.00386	0.01072
15	0.01909	0.01747	0.02833	0.31272	0.29858	0.01918	0.05319	0.10681	0.01979	0.02682	0.01519	0.02026	0.01184	0.00773	0.00797	0.00249	0.01000	0.00718	0.00431	0.01105
16	0.01187	0.00790	0.01056	0.01186	0.01312	0.00742	0.00882	0.01403	0.01683	0.05731	0.07748	0.46793	0.07760	0.02267	0.01013	0.00322	0.00528	0.16135	0.00755	0.00709
17	0.01848	0.01389	0.01558	0.01470	0.04215	0.01461	0.01101	0.08051	0.28532	0.09292	0.04546	0.06740	0.21628	0.01406	0.00860	0.00267	0.00595	0.03200	0.00781	0.01059
18	0.01617	0.01533	0.05177	0.01257	0.01932	0.01134	0.01065	0.01994	0.01662	0.02587	0.04935	0.01881	0.01502	0.00682	0.00691	0.00140	0.03259	0.00537	0.00480	0.65935
19	0.01580	0.07905	0.01465	0.01089	0.01398	0.01050	0.00868	0.01905	0.02081	0.12973	0.39725	0.05020	0.12922	0.01710	0.04557	0.00299	0.00566	0.01233	0.00797	0.00857
20	0.03558	0.01350	0.01840	0.01411	0.02024	0.01166	0.01166	0.03865	0.02270	0.67734	0.03128	0.02699	0.01963	0.00981	0.00797	0.00245	0.00675	0.00797	0.00981	0.01350
21	0.01922	0.03659	0.53674	0.02150	0.03204	0.01928	0.02607	0.13793	0.02068	0.05389	0.01574	0.01754	0.01102	0.00798	0.00762	0.00249	0.01099	0.00617	0.00442	0.01211
22	0.01886	0.33283	0.23478	0.01741	0.02459	0.04553	0.01858	0.02510	0.07048	0.02195	0.01433	0.01678	0.01183	0.01066	0.04237	0.00275	0.07115	0.00562	0.00385	0.01054
23	0.00937	0.00803	0.00803	0.00803	0.01071	0.00669	0.00602	0.01138	0.01807	0.02142	0.08033	0.07632	0.66863	0.02008	0.00937	0.00268	0.00402	0.01674	0.00736	0.00669
24	0.77733	0.01534	0.01166	0.01043	0.01534	0.01779	0.00859	0.02331	0.01350	0.03558	0.01104	0.01288	0.00859	0.00736	0.00491	0.00245	0.00613	0.00429	0.00491	0.00859
25	0.03211	0.01906	0.02185	0.01675	0.02302	0.01991	0.01384	0.42578	0.03200	0.27706	0.02347	0.02192	0.01571	0.00963	0.00795	0.00241	0.00801	0.00744	0.00861	0.01349
26	0.01832	0.35367	0.38875	0.01848	0.02795	0.02433	0.02212	0.02449	0.01645	0.02217	0.01277	0.01491	0.01011	0.00719	0.00642	0.00214	0.01024	0.00512	0.00337	0.01102
27	0.03307	0.01518	0.01902	0.01468	0.02061	0.01444	0.01210	0.18007	0.02577	0.49150	0.02809	0.02527	0.01823	0.00971	0.00782	0.00240	0.00703	0.00774	0.05414	0.01313
28	0.00966	0.00690	0.00920	0.01104	0.01150	0.00644	0.00736	0.01104	0.01518	0.02024	0.04371	0.71614	0.05245	0.02484	0.01012	0.00322	0.00460	0.02254	0.00736	0.00644
29	0.01227	0.01072	0.01213	0.01297	0.01375	0.06655	0.00924	0.01383	0.01534	0.01994	0.03618	0.54190	0.04248	0.02436	0.05240	0.00372	0.08023	0.01858	0.00649	0.00695

[dist]
# distance from previous block
# <min> <max>
0	10

[block]
# block no. 1 follows, 24 sequences, length 46
# corresponding to MSA columns:
# 69-114
name=unknown_B
#
# <colnr> <probs for GDERKNQSTAVLIFYWHMCP>
#	G	D	E	R	K	N	Q	S	T	A	V	L	I	F	Y	W	H	M	C	P
0	0.01498	0.01409	0.02378	0.70226	0.05462	0.01762	0.02202	0.02026	0.01586	0.02026	0.01409	0.02114	0.01057	0.00793	0.00793	0.00264	0.01057	0.00705	0.00352	0.00881
1	0.01278	0.00913	0.01278	0.01460	0.01643	0.00913	0.01278	0.01643	0.01825	0.02373	0.04199	0.08945	0.04564	0.02191	0.01095	0.00365	0.00730	0.61847	0.00730	0.00730
2	0.01156	0.00778	0.00903	0.00927	0.00945	0.00776	0.00561	0.01193	0.01228	0.01632	0.02730	0.08483	0.03134	0.62954	0.03646	0.00714	0.00752	0.06466	0.00514	0.00509
3	0.02411	0.01665	0.01813	0.01558	0.02043	0.03916	0.01230	0.06817	0.41858	0.19493	0.06057	0.02933	0.02447	0.01064	0.00807	0.00259	0.00665	0.00876	0.00840	0.01248
4	0.02203	0.01545	0.01672	0.01427	0.01863	0.01695	0.01131	0.17982	0.28667	0.08892	0.05744	0.02824	0.02279	0.01031	0.00753	0.00240	0.00622	0.00835	0.17449	0.01148
5	0.01147	0.00793	0.00990	0.00990	0.01033	0.00837	0.00636	0.01233	0.01190	0.01630	0.02385	0.04558	0.02609	0.51982	0.23811	0.00923	0.01181	0.01061	0.00464	0.00550
6	0.01644	0.01409	0.01644	0.01175	0.01879	0.01057	0.00940	0.01997	0.01644	0.02584	0.01409	0.01644	0.01175	0.00587	0.00587	0.00117	0.00587	0.00470	0.00470	0.76979
7	0.45192	0.01684	0.02047	0.02685	0.29728	0.01824	0.01535	0.02375	0.01545	0.03142	0.01271	0.01578	0.01029	0.00723	0.00617	0.00241	0.00755	0.00548	0.00449	0.01029
8	0.02178	0.01806	0.01909	0.01655	0.02141	0.02069	0.01305	0.16138	0.53493	0.03649	0.02966	0.02750	0.02209	0.01051	0.00804	0.00263	0.00676	0.00860	0.00804	0.01274
9	0.01963	0.01884	0.03219	0.04867	0.67185	0.01884	0.02434	0.02434	0.01806	0.02591	0.01492	0.01963	0.01256	0.00707	0.00785	0.00236	0.00942	0.00707	0.00393	0.01256
10	0.01941	0.01670	0.01766	0.01591	0.02030	0.01927	0.01236	0.04113	0.63400	0.03312	0.05580	0.03068	0.02608	0.01096	0.00812	0.00268	0.00618	0.00916	0.00809	0.01236
11	0.01133	0.00850	0.01274	0.01274	0.01416	0.00991	0.00991	0.01416	0.01274	0.01841	0.02124	0.03115	0.01982	0.05947	0.68989	0.01274	0.02124	0.00850	0.00425	0.00708
12	0.01153	0.00769	0.00865	0.00865	0.00865	0.00769	0.00480	0.01153	0.01153	0.01538	0.02499	0.05189	0.02883	0.72131	0.04036	0.00769	0.00769	0.01153	0.00480	0.00480
13	0.08498	0.01864	0.02103	0.01623	0.02239	0.01952	0.01340	0.38629	0.03043	0.27132	0.02281	0.02142	0.01532	0.00947	0.00773	0.00241	0.00784	0.00723	0.00839	0.01314
14	0.01735	0.01735	0.02429	0.02082	0.02082	0.02429	0.01735	0.01908	0.01214	0.01908	0.01041	0.01735	0.01041	0.01388	0.02602	0.00347	0.70680	0.00694	0.00347	0.00867
15	0.01087	0.00721	0.00963	0.01118	0.01191	0.00668	0.00756	0.01233	0.01553	0.05096	0.04313	0.68392	0.05091	0.02414	0.01002	0.00318	0.00470	0.02186	0.00748	0.00677
16	0.02156	0.69636	0.04073	0.01386	0.02053	0.05980	0.01364	0.02409	0.01639	0.01869	0.01108	0.01279	0.01018	0.00684	0.00518	0.00171	0.00873	0.00428	0.00342	0.01013
17	0.00941	0.00787	0.00820	0.00847	0.01083	0.00666	0.00622	0.01133	0.01766	0.02125	0.07504	0.16876	0.57960	0.02077	0.00948	0.00276	0.00410	0.01757	0.00736	0.00666
18	0.05368	0.02070	0.02341	0.07884	0.06303	0.02307	0.01578	0.48996	0.07920	0.04430	0.01907	0.01982	0.01380	0.00926	0.00783	0.00243	0.00865	0.00716	0.00723	0.01279
19	0.02006	0.01421	0.01782	0.05476	0.02139	0.01218	0.01116	0.02348	0.01729	0.14905	0.01711	0.01880	0.01308	0.00731	0.00782	0.00167	0.05596	0.00562	0.00551	0.52572
20	0.36935	0.01686	0.01915	0.29726	0.03346	0.07001	0.04464	0.02280	0.01541	0.02753	0.01263	0.01680	0.00969	0.00763	0.00654	0.00251	0.00894	0.00573	0.00423	0.00883
21	0.03014	0.02221	0.02380	0.01825	0.02459	0.02459	0.01507	0.64541	0.03728	0.04998	0.01904	0.01904	0.01349	0.00952	0.00793	0.00238	0.00873	0.00714	0.00793	0.01349
22	0.07684	0.05146	0.17589	0.05091	0.06183	0.01700	0.01701	0.08829	0.07498	0.19010	0.02012	0.02050	0.01424	0.00832	0.00728	0.00230	0.00832	0.00658	0.00611	0.10192
23	0.01749	0.01777	0.02663	0.02213	0.02296	0.02385	0.08245	0.01974	0.01283	0.01974	0.01100	0.01777	0.01058	0.01313	0.02429	0.00339	0.63465	0.00719	0.00353	0.00888
24	0.01011	0.00722	0.00972	0.01155	0.01221	0.00683	0.00814	0.01182	0.01562	0.02074	0.04346	0.62600	0.05147	0.02442	0.01024	0.00328	0.00499	0.10826	0.00735	0.00656
25	0.01456	0.01289	0.01842	0.36166	0.03475	0.03774	0.01577	0.05194	0.01668	0.02158	0.02375	0.23118	0.02433	0.04464	0.03011	0.00331	0.03166	0.01187	0.00501	0.00815
26	0.02860	0.02073	0.02229	0.01741	0.02336	0.02289	0.01428	0.53597	0.09805	0.06902	0.02109	0.02084	0.01508	0.00964	0.00784	0.00239	0.00819	0.00736	0.04186	0.01312
27	0.01622	0.01592	0.02202	0.01918	0.01941	0.02173	0.01581	0.01795	0.01280	0.01934	0.01792	0.07118	0.06188	0.01511	0.02367	0.00339	0.60530	0.00877	0.00403	0.00837
28	0.77733	0.01534	0.01166	0.01043	0.01534	0.01779	0.00859	0.02331	0.01350	0.03558	0.01104	0.01288	0.00859	0.00736	0.00491	0.00245	0.00613	0.00429	0.00491	0.00859
29	0.01927	0.01969	0.06227	0.07345	0.61737	0.01877	0.02448	0.02421	0.01791	0.02564	0.01485	0.01955	0.01236	0.00712	0.00784	0.00237	0.00957	0.00701	0.00388	0.01237
30	0.01928	0.01849	0.03157	0.09683	0.62637	0.01875	0.02417	0.02404	0.01789	0.02549	0.01486	0.01974	0.01241	0.00713	0.00786	0.00238	0.00951	0.00706	0.00390	0.01228
31	0.00937	0.00803	0.00803	0.00803	0.01071	0.00669	0.00602	0.01138	0.01807	0.02142	0.08033	0.07632	0.66863	0.02008	0.00937	0.00268	0.00402	0.01674	0.00736	0.00669
32	0.01096	0.00810	0.01024	0.00970	0.01169	0.00737	0.00728	0.01446	0.02183	0.03034	0.58498	0.06164	0.15842	0.01676	0.00936	0.00252	0.00378	0.01468	0.00854	0.00737
33	0.01171	0.01255	0.09155	0.01473	0.01745	0.00957	0.06566	0.01495	0.01637	0.02234	0.08061	0.42295	0.04302	0.02228	0.04807	0.00362	0.00735	0.08107	0.00652	0.00763
34	0.03558	0.01350	0.01840	0.01411	0.02024	0.01166	0.01166	0.03865	0.02270	0.67734	0.03128	0.02699	0.01963	0.00981	0.00797	0.00245	0.00675	0.00797	0.00981	0.01350
35	0.00953	0.00784	0.00839	0.00868	0.01092	0.00670	0.00635	0.01153	0.01782	0.02182	0.10819	0.18808	0.52534	0.02070	0.00950	0.00276	0.00410	0.01762	0.00744	0.00670
36	0.07560	0.01331	0.01761	0.01388	0.01920	0.01233	0.01140	0.03442	0.02154	0.54208	0.08876	0.02866	0.02365	0.01050	0.00894	0.00251	0.04585	0.00830	0.00907	0.01237
37	0.04286	0.08014	0.61952	0.02165	0.03284	0.01915	0.02765	0.02497	0.01659	0.02510	0.01393	0.01637	0.01000	0.00748	0.00730	0.00246	0.01133	0.00571	0.00341	0.01152
38	0.64171	0.01447	0.01192	0.01051	0.01527	0.01631	0.00861	0.02433	0.01463	0.09518	0.01422	0.01565	0.01064	0.00775	0.00525	0.00240	0.00598	0.00491	0.07131	0.00894
39	0.03082	0.01537	0.01892	0.01496	0.02064	0.01507	0.01220	0.15457	0.11722	0.42578	0.06625	0.02772	0.02233	0.01027	0.00806	0.00248	0.00688	0.00833	0.00914	0.01301
40	0.01893	0.01857	0.03256	0.12124	0.44988	0.01896	0.12412	0.02529	0.06319	0.02567	0.01623	0.02080	0.01306	0.00737	0.00812	0.00246	0.00998	0.00757	0.00419	0.01181
41	0.02340	0.39874	0.03282	0.01686	0.02178	0.24543	0.01469	0.02566	0.01762	0.01896	0.01134	0.01391	0.01022	0.00826	0.00879	0.00207	0.11128	0.00491	0.00363	0.00964
42	0.00937	0.00803	0.00803	0.00803	0.01071	0.00669	0.00602	0.01138	0.01807	0.02142	0.08033	0.07632	0.66863	0.02008	0.00937	0.00268	0.00402	0.01674	0.00736	0.00669
43	0.12727	0.02132	0.02222	0.01723	0.02339	0.02371	0.01423	0.56454	0.03419	0.04810	0.01800	0.01824	0.01285	0.00924	0.00754	0.00239	0.00839	0.00677	0.00754	0.01285
44	0.02103	0.01911	0.03062	0.05206	0.03075	0.02019	0.26263	0.10684	0.24247	0.06141	0.02242	0.02401	0.01666	0.00898	0.00939	0.00267	0.04233	0.00868	0.00613	0.01164
45	0.01232	0.00809	0.01070	0.01163	0.01309	0.00735	0.00829	0.01417	0.01609	0.06935	0.04055	0.56147	0.04656	0.02214	0.00973	0.00306	0.00508	0.07188	0.00735	0.06109

[dist]
# distance from previous block
# <min> <max>
0	2

[block]
# block no. 2 follows, 24 sequences, length 65
# corresponding to MSA columns:
# 117-154,176-189,195-198,204-212
name=unknown_C
#
# <colnr> <probs for GDERKNQSTAVLIFYWHMCP>
#	G	D	E	R	K	N	Q	S	T	A	V	L	I	F	Y	W	H	M	C	P
0	0.02191	0.01703	0.01777	0.01596	0.02039	0.05858	0.01262	0.03848	0.46561	0.12312	0.03186	0.03414	0.02480	0.01156	0.00828	0.00271	0.00694	0.06828	0.00800	0.01197
1	0.01681	0.01566	0.09170	0.01390	0.01817	0.01350	0.01215	0.08363	0.17446	0.06542	0.34706	0.04181	0.04666	0.01295	0.00863	0.00253	0.00589	0.01107	0.00793	0.01005
2	0.02174	0.01909	0.01871	0.01659	0.02120	0.07938	0.01293	0.07825	0.54324	0.05284	0.02965	0.02750	0.02216	0.01042	0.00798	0.00261	0.00716	0.00848	0.00776	0.01234
3	0.00982	0.00701	0.00938	0.01122	0.01175	0.00658	0.00763	0.01131	0.01534	0.02042	0.04362	0.68462	0.05211	0.02470	0.01016	0.00324	0.00474	0.05252	0.00736	0.00648
4	0.08028	0.01420	0.01824	0.01418	0.02018	0.01304	0.01168	0.06826	0.05114	0.57769	0.02947	0.02584	0.01885	0.00969	0.00779	0.00246	0.00679	0.00775	0.00934	0.01315
5	0.01662	0.01391	0.01643	0.01221	0.01859	0.01127	0.00976	0.05357	0.01717	0.02633	0.01516	0.01823	0.01274	0.01206	0.08238	0.00253	0.00775	0.00526	0.00483	0.64319
6	0.00966	0.00690	0.00920	0.01104	0.01150	0.00644	0.00736	0.01104	0.01518	0.02024	0.04371	0.71614	0.05245	0.02484	0.01012	0.00322	0.00460	0.02254	0.00736	0.00644
7	0.02310	0.02171	0.03798	0.02761	0.03499	0.02179	0.40242	0.26298	0.02583	0.03482	0.01719	0.02049	0.01259	0.00777	0.00881	0.00256	0.01159	0.00851	0.00551	0.01176
8	0.01755	0.01437	0.01751	0.16651	0.02629	0.01632	0.01348	0.03125	0.35886	0.06077	0.05941	0.08088	0.07881	0.01208	0.00834	0.00270	0.00684	0.01032	0.00707	0.01064
9	0.01026	0.00725	0.00947	0.01085	0.01134	0.00701	0.00727	0.01157	0.01447	0.01936	0.03867	0.51923	0.04563	0.15982	0.05779	0.00468	0.00634	0.04612	0.00668	0.00621
10	0.01735	0.01735	0.02429	0.02082	0.02082	0.02429	0.01735	0.01908	0.01214	0.01908	0.01041	0.01735	0.01041	0.01388	0.02602	0.00347	0.70680	0.00694	0.00347	0.00867
11	0.03558	0.01350	0.01840	0.01411	0.02024	0.01166	0.01166	0.03865	0.02270	0.67734	0.03128	0.02699	0.01963	0.00981	0.00797	0.00245	0.00675	0.00797	0.00981	0.01350
12	0.01133	0.00850	0.01274	0.01274	0.01416	0.00991	0.00991	0.01416	0.01274	0.01841	0.02124	0.03115	0.01982	0.05947	0.68989	0.01274	0.02124	0.00850	0.00425	0.00708
13	0.01797	0.01943	0.03986	0.03163	0.09893	0.01856	0.48061	0.02489	0.05745	0.02541	0.01968	0.09079	0.01685	0.00878	0.00921	0.00270	0.01168	0.01042	0.00458	0.01057
14	0.00966	0.00690	0.00920	0.01104	0.01150	0.00644	0.00736	0.01104	0.01518	0.02024	0.04371	0.71614	0.05245	0.02484	0.01012	0.00322	0.00460	0.02254	0.00736	0.00644
15	0.01534	0.01427	0.02394	0.58164	0.12028	0.01716	0.02163	0.02044	0.01627	0.02113	0.01614	0.02577	0.01325	0.00881	0.00813	0.00268	0.01021	0.04994	0.00383	0.00912
16	0.00937	0.00803	0.00803	0.00803	0.01071	0.00669	0.00602	0.01138	0.01807	0.02142	0.08033	0.07632	0.66863	0.02008	0.00937	0.00268	0.00402	0.01674	0.00736	0.00669
17	0.02073	0.43446	0.03409	0.01614	0.02051	0.02769	0.01477	0.02303	0.01513	0.05917	0.01205	0.01521	0.01084	0.00945	0.01259	0.00236	0.25269	0.00541	0.00381	0.00985
18	0.01644	0.01409	0.01644	0.01175	0.01879	0.01057	0.00940	0.01997	0.01644	0.02584	0.01409	0.01644	0.01175	0.00587	0.00587	0.00117	0.00587	0.00470	0.00470	0.76979
19	0.06648	0.01660	0.01807	0.04136	0.02125	0.01928	0.01277	0.11192	0.42477	0.03328	0.02676	0.02648	0.02037	0.01332	0.04976	0.00325	0.03883	0.00820	0.03566	0.01159
20	0.02901	0.03663	0.02307	0.02216	0.06418	0.64838	0.01587	0.03122	0.02220	0.01981	0.01242	0.01463	0.01036	0.00810	0.00719	0.00206	0.01400	0.00523	0.00408	0.00940
21	0.01142	0.00764	0.00868	0.00879	0.00882	0.00761	0.00496	0.01150	0.01175	0.01567	0.02612	0.09203	0.03026	0.67923	0.03853	0.00742	0.00750	0.01220	0.00496	0.00490
22	0.01963	0.01884	0.03219	0.04867	0.67185	0.01884	0.02434	0.02434	0.01806	0.02591	0.01492	0.01963	0.01256	0.00707	0.00785	0.00236	0.00942	0.00707	0.00393	0.01256
23	0.01018	0.00757	0.01024	0.01168	0.01217	0.00763	0.00806	0.01167	0.01487	0.02007	0.04053	0.63648	0.04817	0.02634	0.05207	0.00381	0.04406	0.02084	0.00696	0.00660
24	0.01048	0.00725	0.00896	0.00999	0.01025	0.00699	0.00624	0.01126	0.01358	0.01811	0.03551	0.42543	0.04211	0.32965	0.02336	0.00518	0.00595	0.01772	0.00624	0.00572
25	0.02829	0.02364	0.02188	0.01762	0.02307	0.14780	0.01418	0.45160	0.05681	0.04179	0.01888	0.01948	0.01389	0.00929	0.00758	0.00228	0.00924	0.00685	0.07372	0.01211
26	0.01742	0.01757	0.02552	0.02151	0.02195	0.02406	0.05161	0.01943	0.01250	0.01943	0.01072	0.01757	0.01050	0.01349	0.02511	0.00343	0.66883	0.00707	0.00350	0.00879
27	0.01536	0.00794	0.00800	0.00780	0.00981	0.00803	0.00590	0.04190	0.01740	0.03033	0.02561	0.02917	0.02007	0.00925	0.00563	0.00187	0.00388	0.00738	0.73704	0.00762
28	0.01135	0.00852	0.01086	0.01201	0.01397	0.00804	0.00992	0.01427	0.01808	0.02303	0.08195	0.14628	0.24013	0.02138	0.01031	0.00326	0.00586	0.34636	0.00739	0.00704
29	0.00964	0.00697	0.00913	0.01086	0.01145	0.00646	0.00728	0.01106	0.01536	0.02031	0.04592	0.67747	0.08968	0.02456	0.01008	0.00319	0.00457	0.02219	0.00736	0.00646
30	0.01122	0.00811	0.01060	0.00998	0.01185	0.00748	0.00748	0.01496	0.02245	0.03180	0.66766	0.05923	0.07482	0.01621	0.00935	0.00249	0.00374	0.01434	0.00873	0.00748
31	0.02476	0.01709	0.01895	0.01603	0.02116	0.01876	0.01276	0.13629	0.42400	0.17377	0.02998	0.02737	0.02154	0.01036	0.00803	0.00259	0.00676	0.00847	0.00842	0.01290
32	0.00966	0.00690	0.00920	0.01104	0.01150	0.00644	0.00736	0.01104	0.01518	0.02024	0.04371	0.71614	0.05245	0.02484	0.01012	0.00322	0.00460	0.02254	0.00736	0.00644
33	0.03496	0.01450	0.01902	0.01458	0.02074	0.01314	0.01205	0.10824	0.02437	0.60538	0.02988	0.02608	0.01892	0.00978	0.00797	0.00245	0.00697	0.00788	0.00960	0.01349
34	0.01697	0.00934	0.00951	0.00893	0.01129	0.03616	0.00680	0.02054	0.01822	0.09288	0.10932	0.03254	0.02693	0.01016	0.00634	0.00200	0.00444	0.00826	0.56129	0.00808
35	0.01491	0.01380	0.02041	0.15285	0.02532	0.01826	0.01584	0.01770	0.01307	0.01910	0.01469	0.02262	0.01353	0.02764	0.24000	0.00635	0.34454	0.00747	0.00374	0.00818
36	0.01142	0.00845	0.01178	0.06101	0.01670	0.00844	0.01076	0.01411	0.01672	0.02185	0.04234	0.36123	0.07144	0.02215	0.01031	0.00335	0.00620	0.28768	0.00707	0.00700
37	0.55012	0.01551	0.01599	0.04436	0.04126	0.01689	0.04893	0.02451	0.01512	0.09221	0.01369	0.01554	0.01026	0.00746	0.00576	0.00238	0.00692	0.00519	0.00519	0.06271
38	0.06669	0.34901	0.24419	0.01810	0.02640	0.02496	0.06263	0.08011	0.01824	0.02506	0.01313	0.01520	0.01046	0.00730	0.00642	0.00214	0.00974	0.00538	0.00392	0.01091
39	0.04370	0.41067	0.28666	0.01724	0.02576	0.05261	0.01956	0.02458	0.01653	0.02172	0.01231	0.01434	0.01008	0.00715	0.00611	0.00205	0.00989	0.00490	0.00345	0.01068
40	0.01153	0.00769	0.00865	0.00865	0.00865	0.00769	0.00480	0.01153	0.01153	0.01538	0.02499	0.05189	0.02883	0.72131	0.04036	0.00769	0.00769	0.01153	0.00480	0.00480
41	0.02108	0.10880	0.02162	0.01604	0.02103	0.02177	0.01296	0.10715	0.50576	0.03318	0.02806	0.02624	0.02120	0.01011	0.00767	0.00253	0.00683	0.00815	0.00745	0.01235
42	0.01845	0.01730	0.09403	0.01366	0.02084	0.01221	0.01230	0.02251	0.01695	0.09459	0.01577	0.01764	0.01233	0.00684	0.00719	0.00157	0.03795	0.00528	0.00503	0.56757
43	0.01190	0.01101	0.05881	0.04563	0.01579	0.00910	0.00983	0.01658	0.04133	0.03015	0.53253	0.05444	0.10199	0.01525	0.00911	0.00252	0.00475	0.01335	0.00798	0.00796
44	0.02993	0.01445	0.05788	0.01415	0.01983	0.01172	0.01214	0.03415	0.04827	0.51186	0.09264	0.06733	0.02638	0.01116	0.00820	0.00251	0.00663	0.00930	0.00910	0.01238
45	0.01735	0.01735	0.02429	0.02082	0.02082	0.02429	0.01735	0.01908	0.01214	0.01908	0.01041	0.01735	0.01041	0.01388	0.02602	0.00347	0.70680	0.00694	0.00347	0.00867
46	0.08762	0.01362	0.01793	0.01385	0.01990	0.01209	0.01144	0.03757	0.02205	0.63232	0.02986	0.02600	0.01885	0.00964	0.00776	0.00245	0.00670	0.00772	0.00947	0.01315
47	0.03558	0.01350	0.01840	0.01411	0.02024	0.01166	0.01166	0.03865	0.02270	0.67734	0.03128	0.02699	0.01963	0.00981	0.00797	0.00245	0.00675	0.00797	0.00981	0.01350
48	0.01295	0.00952	0.01231	0.01339	0.01536	0.00963	0.01107	0.01780	0.08879	0.02350	0.04349	0.13422	0.11332	0.02112	0.01178	0.05711	0.00653	0.38352	0.00713	0.00747
49	0.02120	0.72609	0.04155	0.01357	0.02035	0.03138	0.01357	0.02374	0.01611	0.01866	0.01102	0.01272	0.01018	0.00678	0.00509	0.00170	0.00848	0.00424	0.00339	0.01018
50	0.01963	0.01884	0.03219	0.04867	0.67185	0.01884	0.02434	0.02434	0.01806	0.02591	0.01492	0.01963	0.01256	0.00707	0.00785	0.00236	0.00942	0.00707	0.00393	0.01256
51	0.01129	0.00806	0.01083	0.01096	0.01173	0.00876	0.00766	0.01287	0.01242	0.01730	0.02434	0.08764	0.02578	0.32624	0.37801	0.01002	0.01456	0.01072	0.00469	0.00611
52	0.00966	0.00690	0.00920	0.01104	0.01150	0.00644	0.00736	0.01104	0.01518	0.02024	0.04371	0.71614	0.05245	0.02484	0.01012	0.00322	0.00460	0.02254	0.00736	0.00644
53	0.03014	0.02221	0.02380	0.01825	0.02459	0.02459	0.01507	0.64541	0.03728	0.04998	0.01904	0.01904	0.01349	0.00952	0.00793	0.00238	0.00873	0.00714	0.00793	0.01349
54	0.03558	0.01350	0.01840	0.01411	0.02024	0.01166	0.01166	0.03865	0.02270	0.67734	0.03128	0.02699	0.01963	0.00981	0.00797	0.00245	0.00675	0.00797	0.00981	0.01350
55	0.01139	0.00777	0.00927	0.00932	0.00963	0.00786	0.00569	0.01204	0.01262	0.01711	0.07060	0.08350	0.03224	0.56290	0.10921	0.00766	0.00877	0.01194	0.00515	0.00533
56	0.03273	0.01534	0.01927	0.01489	0.02081	0.01463	0.01225	0.18855	0.02632	0.48128	0.06723	0.02698	0.02148	0.01013	0.00805	0.00244	0.00706	0.00816	0.00928	0.01312
57	0.03558	0.01350	0.01840	0.01411	0.02024	0.01166	0.01166	0.03865	0.02270	0.67734	0.03128	0.02699	0.01963	0.00981	0.00797	0.00245	0.00675	0.00797	0.00981	0.01350
58	0.01122	0.00811	0.01060	0.00998	0.01185	0.00748	0.00748	0.01496	0.02245	0.03180	0.66766	0.05923	0.07482	0.01621	0.00935	0.00249	0.00374	0.01434	0.00873	0.00748
59	0.00966	0.00690	0.00920	0.01104	0.01150	0.00644	0.00736	0.01104	0.01518	0.02024	0.04371	0.71614	0.05245	0.02484	0.01012	0.00322	0.00460	0.02254	0.00736	0.00644
60	0.03404	0.01498	0.01920	0.01483	0.02092	0.01399	0.01222	0.13121	0.05327	0.55303	0.02946	0.02590	0.01890	0.00981	0.00797	0.00245	0.00703	0.00789	0.00945	0.01345
61	0.01590	0.04102	0.68023	0.02260	0.03432	0.01842	0.02930	0.02511	0.01674	0.02511	0.01423	0.01674	0.01005	0.00753	0.00753	0.00251	0.01172	0.00586	0.00335	0.01172
62	0.01963	0.01884	0.03219	0.04867	0.67185	0.01884	0.02434	0.02434	0.01806	0.02591	0.01492	0.01963	0.01256	0.00707	0.00785	0.00236	0.00942	0.00707	0.00393	0.01256
63	0.01137	0.00834	0.01197	0.01197	0.01312	0.00949	0.00895	0.01367	0.01252	0.01784	0.02194	0.03505	0.02152	0.18381	0.56787	0.01179	0.01869	0.00907	0.00435	0.00665
64	0.01498	0.01409	0.02378	0.70226	0.05462	0.01762	0.02202	0.02026	0.01586	0.02026	0.01409	0.02114	0.01057	0.00793	0.00793	0.00264	0.01057	0.00705	0.00352	0.00881

[dist]
# distance from previous block
# <min> <max>
0	0

# created by:
# /st0/software/busco_prod/Augustus/scripts/msa2prfl.pl ./align_prep/124297.fa
