[name]
unknown

[dist]
# distance from previous block
# <min> <max>
0	27

[block]
# block no. 0 follows, 25 sequences, length 6
# corresponding to MSA columns:
# 27-32
name=unknown_A
#
# <colnr> <probs for GDERKNQSTAVLIFYWHMCP>
#	G	D	E	R	K	N	Q	S	T	A	V	L	I	F	Y	W	H	M	C	P
0	0.03021	0.01442	0.01824	0.01469	0.02013	0.01385	0.01217	0.14373	0.06628	0.45207	0.02978	0.03239	0.02143	0.01100	0.00814	0.00254	0.00697	0.08068	0.00887	0.01242
1	0.29915	0.01404	0.01717	0.01424	0.01856	0.01483	0.07724	0.06693	0.01802	0.14576	0.09039	0.11326	0.02354	0.01114	0.00810	0.00257	0.04023	0.00903	0.00640	0.00941
2	0.11245	0.02479	0.02331	0.01952	0.02322	0.27845	0.07967	0.05706	0.01810	0.02333	0.01220	0.01574	0.01031	0.00919	0.01198	0.00245	0.20452	0.00589	0.00415	0.06366
3	0.00954	0.00731	0.00876	0.00958	0.01101	0.00652	0.00673	0.01142	0.01682	0.02170	0.13876	0.39669	0.28435	0.02147	0.00953	0.00286	0.00418	0.01890	0.00737	0.00652
4	0.01919	0.01842	0.03147	0.04759	0.67914	0.01842	0.02380	0.02380	0.01765	0.02533	0.01458	0.01919	0.01228	0.00691	0.00768	0.00230	0.00921	0.00691	0.00384	0.01228
5	0.02073	0.73217	0.04063	0.01327	0.01990	0.03068	0.01327	0.02322	0.01575	0.01824	0.01078	0.01244	0.00995	0.00663	0.00498	0.00166	0.00829	0.00415	0.00332	0.00995

[dist]
# distance from previous block
# <min> <max>
0	1

[block]
# block no. 1 follows, 25 sequences, length 11
# corresponding to MSA columns:
# 34-44
name=unknown_B
#
# <colnr> <probs for GDERKNQSTAVLIFYWHMCP>
#	G	D	E	R	K	N	Q	S	T	A	V	L	I	F	Y	W	H	M	C	P
0	0.01644	0.15933	0.57592	0.02058	0.03121	0.02019	0.02600	0.02432	0.01626	0.02347	0.01337	0.01569	0.00984	0.00724	0.00695	0.00232	0.01091	0.00546	0.00328	0.01120
1	0.03479	0.01320	0.01799	0.01380	0.01979	0.01140	0.01140	0.03779	0.02219	0.68451	0.03059	0.02639	0.01919	0.00960	0.00780	0.00240	0.00660	0.00780	0.00960	0.01320
2	0.01130	0.00843	0.01176	0.01173	0.01262	0.00960	0.00862	0.01321	0.01233	0.01744	0.02290	0.09028	0.02367	0.22063	0.44277	0.01001	0.05176	0.01007	0.00449	0.00640
3	0.01717	0.02118	0.09840	0.02955	0.03697	0.01813	0.53154	0.02340	0.01778	0.02430	0.01825	0.09111	0.01557	0.00840	0.00907	0.00265	0.01207	0.01015	0.00419	0.01013
4	0.01464	0.01378	0.02326	0.70887	0.05340	0.01723	0.02153	0.01981	0.01550	0.01981	0.01378	0.02067	0.01034	0.00775	0.00775	0.00258	0.01034	0.00689	0.00345	0.00861
5	0.00964	0.00699	0.00916	0.01081	0.01153	0.00651	0.00748	0.01120	0.01529	0.02013	0.04548	0.62465	0.10085	0.02371	0.00990	0.00314	0.00464	0.06531	0.00719	0.00638
6	0.02896	0.03695	0.02197	0.01998	0.02397	0.69638	0.01498	0.03096	0.02197	0.01898	0.01199	0.01398	0.00999	0.00799	0.00699	0.00200	0.01398	0.00499	0.00400	0.00899
7	0.01117	0.00793	0.01056	0.01056	0.01129	0.00866	0.00732	0.01262	0.01190	0.01659	0.02251	0.04010	0.02357	0.37620	0.38445	0.01011	0.01447	0.00972	0.00441	0.00587
8	0.00943	0.00683	0.00891	0.01058	0.01119	0.00632	0.00710	0.01082	0.01505	0.01988	0.04538	0.67466	0.09736	0.02395	0.00984	0.00311	0.00446	0.02162	0.00720	0.00632
9	0.01108	0.00831	0.01246	0.01246	0.01385	0.00969	0.00969	0.01385	0.01246	0.01800	0.02077	0.03046	0.01938	0.05815	0.69678	0.01246	0.02077	0.00831	0.00415	0.00692
10	0.01830	0.02092	0.04575	0.03268	0.04052	0.01961	0.65098	0.02484	0.01830	0.02484	0.01569	0.02092	0.01176	0.00654	0.00915	0.00261	0.01307	0.00915	0.00392	0.01046

[dist]
# distance from previous block
# <min> <max>
0	5

[block]
# block no. 2 follows, 25 sequences, length 10
# corresponding to MSA columns:
# 50-59
name=unknown_C
#
# <colnr> <probs for GDERKNQSTAVLIFYWHMCP>
#	G	D	E	R	K	N	Q	S	T	A	V	L	I	F	Y	W	H	M	C	P
0	0.03479	0.01320	0.01799	0.01380	0.01979	0.01140	0.01140	0.03779	0.02219	0.68451	0.03059	0.02639	0.01919	0.00960	0.00780	0.00240	0.00660	0.00780	0.00960	0.01320
1	0.03479	0.01320	0.01799	0.01380	0.01979	0.01140	0.01140	0.03779	0.02219	0.68451	0.03059	0.02639	0.01919	0.00960	0.00780	0.00240	0.00660	0.00780	0.00960	0.01320
2	0.01696	0.01696	0.02375	0.02036	0.02036	0.02375	0.01696	0.01866	0.01187	0.01866	0.01018	0.01696	0.01018	0.01357	0.02545	0.00339	0.71332	0.00679	0.00339	0.00848
3	0.01468	0.00809	0.00869	0.00839	0.01003	0.00869	0.00644	0.01812	0.01587	0.02800	0.02396	0.02785	0.01902	0.00943	0.00719	0.00195	0.06629	0.00719	0.70280	0.00734
4	0.01097	0.00793	0.01036	0.00975	0.01158	0.00732	0.00732	0.01463	0.02195	0.03109	0.67505	0.05792	0.07316	0.01585	0.00914	0.00244	0.00366	0.01402	0.00854	0.00732
5	0.00943	0.00683	0.00891	0.01057	0.01119	0.00632	0.00710	0.01082	0.01506	0.01988	0.04547	0.67296	0.09900	0.02394	0.00984	0.00311	0.00445	0.02161	0.00720	0.00632
6	0.03096	0.01813	0.02150	0.01663	0.02262	0.04919	0.04291	0.27513	0.05769	0.34581	0.02443	0.02266	0.01630	0.00931	0.00781	0.00237	0.00797	0.00746	0.00828	0.01282
7	0.01840	0.02392	0.12533	0.02967	0.03715	0.05553	0.48686	0.02463	0.01774	0.02400	0.01482	0.01965	0.01129	0.00728	0.01010	0.00262	0.06854	0.00830	0.00380	0.01035
8	0.02814	0.03424	0.02166	0.01947	0.02364	0.59585	0.01473	0.06939	0.07984	0.02197	0.01412	0.01559	0.01139	0.00829	0.00712	0.00207	0.01296	0.00545	0.00457	0.00953
9	0.01608	0.01378	0.01608	0.01148	0.01837	0.01034	0.00919	0.01952	0.01608	0.02527	0.01378	0.01608	0.01148	0.00574	0.00574	0.00115	0.00574	0.00459	0.00459	0.77491

[dist]
# distance from previous block
# <min> <max>
0	1

[block]
# block no. 3 follows, 25 sequences, length 23
# corresponding to MSA columns:
# 61-83
name=unknown_D
#
# <colnr> <probs for GDERKNQSTAVLIFYWHMCP>
#	G	D	E	R	K	N	Q	S	T	A	V	L	I	F	Y	W	H	M	C	P
0	0.01843	0.13826	0.42269	0.01941	0.02855	0.12346	0.02233	0.02484	0.01711	0.02284	0.01315	0.01540	0.01003	0.00719	0.00680	0.00214	0.01081	0.00527	0.00352	0.08776
1	0.02896	0.03695	0.02197	0.01998	0.02397	0.69638	0.01498	0.03096	0.02197	0.01898	0.01199	0.01398	0.00999	0.00799	0.00699	0.00200	0.01398	0.00499	0.00400	0.00899
2	0.01358	0.00916	0.01154	0.01084	0.01329	0.00870	0.00843	0.01848	0.07310	0.08337	0.44580	0.05763	0.12261	0.01585	0.00909	0.00258	0.00448	0.07506	0.00830	0.00811
3	0.01555	0.04011	0.68733	0.02210	0.03356	0.01801	0.02865	0.02455	0.01637	0.02455	0.01391	0.01637	0.00982	0.00737	0.00737	0.00246	0.01146	0.00573	0.00327	0.01146
4	0.00945	0.00675	0.00900	0.01080	0.01125	0.00630	0.00720	0.01080	0.01484	0.01979	0.04274	0.72245	0.05128	0.02429	0.00990	0.00315	0.00450	0.02204	0.00720	0.00630
5	0.03449	0.01367	0.01829	0.01402	0.02003	0.01210	0.01158	0.07208	0.02299	0.64909	0.02992	0.02596	0.01886	0.00958	0.00779	0.00240	0.00671	0.00775	0.00949	0.01319
6	0.01464	0.01378	0.02326	0.70887	0.05340	0.01723	0.02153	0.01981	0.01550	0.01981	0.01378	0.02067	0.01034	0.00775	0.00775	0.00258	0.01034	0.00689	0.00345	0.00861
7	0.01128	0.00752	0.00846	0.00846	0.00846	0.00752	0.00470	0.01128	0.01128	0.01503	0.02443	0.05074	0.02819	0.72751	0.03946	0.00752	0.00752	0.01128	0.00470	0.00470
8	0.01108	0.00831	0.01246	0.01246	0.01385	0.00969	0.00969	0.01385	0.01246	0.01800	0.02077	0.03046	0.01938	0.05815	0.69678	0.01246	0.02077	0.00831	0.00415	0.00692
9	0.01410	0.00730	0.00754	0.00748	0.00929	0.00724	0.00561	0.01772	0.01683	0.02913	0.09074	0.03183	0.02524	0.00972	0.00580	0.00187	0.00362	0.00791	0.69379	0.00724
10	0.01199	0.00820	0.00956	0.00939	0.00984	0.00843	0.00577	0.04057	0.01270	0.01709	0.02465	0.07859	0.02770	0.59476	0.10286	0.00758	0.00876	0.01128	0.00490	0.00538
11	0.01981	0.01691	0.01783	0.01588	0.02036	0.01953	0.01240	0.07251	0.63298	0.03328	0.03090	0.02840	0.02313	0.01046	0.00788	0.00261	0.00626	0.00867	0.00788	0.01232
12	0.01830	0.02092	0.04575	0.03268	0.04052	0.01961	0.65098	0.02484	0.01830	0.02484	0.01569	0.02092	0.01176	0.00654	0.00915	0.00261	0.01307	0.00915	0.00392	0.01046
13	0.01826	0.01748	0.02980	0.18230	0.55167	0.01818	0.02333	0.02298	0.01722	0.02421	0.01442	0.01949	0.01189	0.00708	0.00769	0.00236	0.00944	0.00690	0.00376	0.01153
14	0.02026	0.01870	0.01798	0.01620	0.02055	0.08749	0.01255	0.04017	0.60035	0.03108	0.02959	0.02742	0.02229	0.01026	0.00780	0.00257	0.00693	0.00839	0.00750	0.01194
15	0.00935	0.00786	0.00811	0.00805	0.01059	0.00663	0.00604	0.01149	0.01812	0.02200	0.14025	0.07289	0.61363	0.01925	0.00916	0.00260	0.00390	0.01612	0.00734	0.00663
16	0.03304	0.01499	0.01898	0.01466	0.02062	0.01419	0.01208	0.15570	0.05524	0.53216	0.02834	0.02502	0.01826	0.00958	0.00779	0.00240	0.00695	0.00769	0.00916	0.01315
17	0.01675	0.01594	0.02707	0.40201	0.34377	0.01778	0.02258	0.02166	0.01650	0.02237	0.01415	0.01998	0.01124	0.00736	0.00772	0.00245	0.00981	0.00690	0.00363	0.01032
18	0.01464	0.01378	0.02326	0.70887	0.05340	0.01723	0.02153	0.01981	0.01550	0.01981	0.01378	0.02067	0.01034	0.00775	0.00775	0.00258	0.01034	0.00689	0.00345	0.00861
19	0.00945	0.00675	0.00900	0.01080	0.01125	0.00630	0.00720	0.01080	0.01484	0.01979	0.04274	0.72245	0.05128	0.02429	0.00990	0.00315	0.00450	0.02204	0.00720	0.00630
20	0.01097	0.00793	0.01036	0.00975	0.01158	0.00732	0.00732	0.01463	0.02195	0.03109	0.67505	0.05792	0.07316	0.01585	0.00914	0.00244	0.00366	0.01402	0.00854	0.00732
21	0.00943	0.00682	0.00893	0.01062	0.01120	0.00631	0.00712	0.01082	0.01502	0.01986	0.04492	0.68288	0.08943	0.02401	0.00985	0.00312	0.00446	0.02170	0.00720	0.00631
22	0.01464	0.01378	0.02326	0.70887	0.05340	0.01723	0.02153	0.01981	0.01550	0.01981	0.01378	0.02067	0.01034	0.00775	0.00775	0.00258	0.01034	0.00689	0.00345	0.00861

[dist]
# distance from previous block
# <min> <max>
0	23

[block]
# block no. 4 follows, 25 sequences, length 30
# corresponding to MSA columns:
# 107-136
name=unknown_E
#
# <colnr> <probs for GDERKNQSTAVLIFYWHMCP>
#	G	D	E	R	K	N	Q	S	T	A	V	L	I	F	Y	W	H	M	C	P
0	0.01785	0.02004	0.04298	0.11596	0.04211	0.01931	0.57345	0.02422	0.01796	0.02422	0.01545	0.02089	0.01159	0.00669	0.00898	0.00261	0.01273	0.00887	0.00386	0.01023
1	0.02073	0.73217	0.04063	0.01327	0.01990	0.03068	0.01327	0.02322	0.01575	0.01824	0.01078	0.01244	0.00995	0.00663	0.00498	0.00166	0.00829	0.00415	0.00332	0.00995
2	0.01608	0.01378	0.01608	0.01148	0.01837	0.01034	0.00919	0.01952	0.01608	0.02527	0.01378	0.01608	0.01148	0.00574	0.00574	0.00115	0.00574	0.00459	0.00459	0.77491
3	0.02947	0.02172	0.02327	0.01784	0.02404	0.02404	0.01474	0.65329	0.03646	0.04887	0.01862	0.01862	0.01319	0.00931	0.00776	0.00233	0.00853	0.00698	0.00776	0.01319
4	0.01097	0.00793	0.01036	0.00975	0.01158	0.00732	0.00732	0.01463	0.02195	0.03109	0.67505	0.05792	0.07316	0.01585	0.00914	0.00244	0.00366	0.01402	0.00854	0.00732
5	0.01919	0.01842	0.03147	0.04759	0.67914	0.01842	0.02380	0.02380	0.01765	0.02533	0.01458	0.01919	0.01228	0.00691	0.00768	0.00230	0.00921	0.00691	0.00384	0.01228
6	0.01464	0.01378	0.02326	0.70887	0.05340	0.01723	0.02153	0.01981	0.01550	0.01981	0.01378	0.02067	0.01034	0.00775	0.00775	0.00258	0.01034	0.00689	0.00345	0.00861
7	0.02007	0.01648	0.01756	0.01568	0.02014	0.01889	0.01223	0.04103	0.63261	0.06542	0.03151	0.02880	0.02344	0.01047	0.00788	0.00262	0.00616	0.00872	0.00798	0.01232
8	0.00983	0.00743	0.00915	0.01011	0.01151	0.00675	0.00732	0.01185	0.01683	0.02180	0.12800	0.38615	0.24328	0.02161	0.00966	0.00294	0.00448	0.07737	0.00735	0.00657
9	0.01445	0.00723	0.00723	0.00723	0.00903	0.00723	0.00542	0.01807	0.01626	0.02891	0.02529	0.02891	0.01987	0.00903	0.00542	0.00181	0.00361	0.00723	0.77055	0.00723
10	0.01919	0.01842	0.03147	0.04759	0.67914	0.01842	0.02380	0.02380	0.01765	0.02533	0.01458	0.01919	0.01228	0.00691	0.00768	0.00230	0.00921	0.00691	0.00384	0.01228
11	0.01840	0.01785	0.02822	0.21440	0.45676	0.04422	0.02224	0.02402	0.05330	0.02407	0.01522	0.01991	0.01233	0.00737	0.00768	0.00238	0.00951	0.00693	0.00397	0.01121
12	0.01445	0.00723	0.00723	0.00723	0.00903	0.00723	0.00542	0.01807	0.01626	0.02891	0.02529	0.02891	0.01987	0.00903	0.00542	0.00181	0.00361	0.00723	0.77055	0.00723
13	0.01577	0.00902	0.00968	0.00903	0.01116	0.00939	0.00684	0.09225	0.01787	0.02914	0.02369	0.02882	0.01927	0.05324	0.05814	0.03167	0.00576	0.00748	0.55416	0.00763
14	0.08628	0.01981	0.02098	0.01665	0.02239	0.02200	0.01361	0.45635	0.15567	0.07498	0.02109	0.02052	0.01513	0.00939	0.00755	0.00239	0.00778	0.00715	0.00764	0.01264
15	0.00945	0.00675	0.00900	0.01080	0.01125	0.00630	0.00720	0.01080	0.01484	0.01979	0.04274	0.72245	0.05128	0.02429	0.00990	0.00315	0.00450	0.02204	0.00720	0.00630
16	0.00945	0.00675	0.00900	0.01080	0.01125	0.00630	0.00720	0.01080	0.01484	0.01979	0.04274	0.72245	0.05128	0.02429	0.00990	0.00315	0.00450	0.02204	0.00720	0.00630
17	0.00982	0.00788	0.00876	0.00854	0.01087	0.00682	0.00640	0.01239	0.01921	0.02460	0.29319	0.06861	0.45907	0.01827	0.00916	0.00255	0.00383	0.01552	0.00768	0.00682
18	0.01608	0.01378	0.01608	0.01148	0.01837	0.01034	0.00919	0.01952	0.01608	0.02527	0.01378	0.01608	0.01148	0.00574	0.00574	0.00115	0.00574	0.00459	0.00459	0.77491
19	0.78228	0.01499	0.01140	0.01020	0.01499	0.01739	0.00840	0.02279	0.01320	0.03479	0.01080	0.01260	0.00840	0.00720	0.00480	0.00240	0.00600	0.00420	0.00480	0.00840
20	0.01087	0.00791	0.01026	0.00989	0.01170	0.00730	0.00745	0.01433	0.02123	0.02970	0.58717	0.08900	0.10453	0.01667	0.00925	0.00253	0.00386	0.04080	0.00834	0.00722
21	0.01976	0.01689	0.01780	0.01588	0.02034	0.01951	0.01239	0.06988	0.63568	0.03320	0.03095	0.02845	0.02318	0.01046	0.00788	0.00262	0.00625	0.00868	0.00788	0.01232
22	0.12608	0.01466	0.01795	0.01394	0.01982	0.01398	0.01151	0.12585	0.02317	0.51163	0.02640	0.02356	0.01699	0.00926	0.00742	0.00239	0.00681	0.00723	0.00874	0.01260
23	0.02049	0.01639	0.01757	0.01562	0.02013	0.01867	0.01220	0.04094	0.61515	0.08313	0.03148	0.02873	0.02332	0.01045	0.00788	0.00261	0.00617	0.00869	0.00802	0.01234
24	0.01689	0.01220	0.01401	0.01279	0.01603	0.01299	0.00981	0.02853	0.31079	0.08894	0.24745	0.09232	0.04180	0.01322	0.00834	0.00255	0.00510	0.01140	0.04487	0.00999
25	0.01464	0.01378	0.02326	0.70887	0.05340	0.01723	0.02153	0.01981	0.01550	0.01981	0.01378	0.02067	0.01034	0.00775	0.00775	0.00258	0.01034	0.00689	0.00345	0.00861
26	0.01830	0.02092	0.04575	0.03268	0.04052	0.01961	0.65098	0.02484	0.01830	0.02484	0.01569	0.02092	0.01176	0.00654	0.00915	0.00261	0.01307	0.00915	0.00392	0.01046
27	0.01598	0.01531	0.02607	0.49275	0.20100	0.01791	0.04500	0.02089	0.01595	0.02126	0.01387	0.02015	0.01085	0.00779	0.00864	0.00256	0.04396	0.00697	0.00355	0.00955
28	0.01725	0.01557	0.02471	0.50798	0.16050	0.01827	0.02111	0.09746	0.01843	0.02432	0.01451	0.02016	0.01103	0.00779	0.00774	0.00250	0.00992	0.00690	0.00404	0.00982
29	0.10013	0.01590	0.02357	0.17773	0.31331	0.01730	0.01844	0.05362	0.07280	0.02681	0.01661	0.02072	0.01326	0.00988	0.03682	0.00281	0.00895	0.00686	0.05392	0.01056

[dist]
# distance from previous block
# <min> <max>
0	1

[block]
# block no. 5 follows, 25 sequences, length 41
# corresponding to MSA columns:
# 138-178
name=unknown_F
#
# <colnr> <probs for GDERKNQSTAVLIFYWHMCP>
#	G	D	E	R	K	N	Q	S	T	A	V	L	I	F	Y	W	H	M	C	P
0	0.12696	0.01509	0.02043	0.25606	0.15243	0.03291	0.01654	0.09164	0.01809	0.02694	0.01753	0.05652	0.01504	0.01091	0.03183	0.00282	0.00888	0.03116	0.05875	0.00946
1	0.01798	0.01758	0.02805	0.28708	0.42153	0.04882	0.02257	0.02267	0.01707	0.02303	0.01417	0.01949	0.01147	0.00726	0.00767	0.00239	0.00984	0.00681	0.00370	0.01080
2	0.02033	0.01931	0.02640	0.09419	0.06763	0.09588	0.17339	0.03067	0.23505	0.07248	0.02336	0.02479	0.03886	0.00909	0.00869	0.00254	0.03258	0.00825	0.00570	0.01081
3	0.09181	0.01463	0.02152	0.53204	0.04452	0.01771	0.01885	0.09645	0.01783	0.02511	0.01448	0.01992	0.01083	0.00793	0.00738	0.00251	0.00945	0.00665	0.03129	0.00909
4	0.01352	0.00886	0.01133	0.01226	0.05700	0.00851	0.00767	0.01501	0.01509	0.07363	0.11049	0.09150	0.08520	0.38541	0.02483	0.00520	0.00660	0.05521	0.00602	0.00665
5	0.01929	0.01666	0.01753	0.01578	0.02016	0.01929	0.01227	0.04120	0.66513	0.03243	0.03156	0.02893	0.02367	0.01052	0.00789	0.00263	0.00614	0.00877	0.00789	0.01227
6	0.01074	0.00789	0.01008	0.00974	0.01159	0.00723	0.00732	0.01408	0.02096	0.02908	0.55259	0.09325	0.14161	0.01690	0.00924	0.00253	0.00385	0.03586	0.00827	0.00717
7	0.01133	0.00857	0.01064	0.01100	0.01275	0.00833	0.00822	0.01596	0.08537	0.02570	0.27367	0.26560	0.12628	0.01897	0.00943	0.00283	0.00460	0.08560	0.00775	0.00741
8	0.01521	0.01439	0.02367	0.60359	0.04905	0.01776	0.04303	0.02145	0.06133	0.02083	0.01494	0.02109	0.01132	0.00818	0.00864	0.00263	0.04311	0.00710	0.00377	0.00893
9	0.01445	0.00723	0.00723	0.00723	0.00903	0.00723	0.00542	0.01807	0.01626	0.02891	0.02529	0.02891	0.01987	0.00903	0.00542	0.00181	0.00361	0.00723	0.77055	0.00723
10	0.00943	0.00681	0.00893	0.01062	0.01120	0.00631	0.00712	0.01082	0.01501	0.01986	0.04485	0.68425	0.08811	0.02402	0.00985	0.00312	0.00446	0.02171	0.00720	0.00631
11	0.09144	0.02181	0.02224	0.01730	0.02330	0.05185	0.01423	0.57513	0.03393	0.04645	0.01769	0.01792	0.01266	0.00908	0.00748	0.00232	0.00855	0.00667	0.00735	0.01261
12	0.01445	0.00723	0.00723	0.00723	0.00903	0.00723	0.00542	0.01807	0.01626	0.02891	0.02529	0.02891	0.01987	0.00903	0.00542	0.00181	0.00361	0.00723	0.77055	0.00723
13	0.72242	0.01526	0.01297	0.01313	0.06709	0.01747	0.00961	0.02287	0.01355	0.03405	0.01109	0.01311	0.00870	0.00717	0.00502	0.00239	0.00625	0.00441	0.00472	0.00870
14	0.01679	0.01978	0.08283	0.02810	0.06054	0.01818	0.41574	0.02213	0.01688	0.02340	0.01845	0.11380	0.01673	0.00986	0.01109	0.00276	0.09866	0.01024	0.00424	0.00980
15	0.02241	0.01791	0.02015	0.04354	0.06865	0.02013	0.01390	0.25239	0.33850	0.03703	0.02482	0.02432	0.01849	0.00965	0.00768	0.00245	0.00720	0.00785	0.05074	0.01217
16	0.01849	0.01771	0.03021	0.14932	0.58288	0.01824	0.02345	0.02318	0.01732	0.02448	0.01446	0.01942	0.01198	0.00704	0.00769	0.00235	0.00938	0.00691	0.00378	0.01172
17	0.01982	0.01746	0.02311	0.21278	0.13031	0.04171	0.04150	0.10016	0.25458	0.04568	0.02134	0.02315	0.01606	0.00881	0.00782	0.00251	0.00857	0.00763	0.00580	0.01121
18	0.01014	0.00704	0.00879	0.00991	0.01019	0.00676	0.00625	0.01098	0.01349	0.01799	0.03581	0.46831	0.04254	0.29035	0.02108	0.00480	0.00564	0.01797	0.00625	0.00569
19	0.01260	0.01044	0.01489	0.01615	0.09180	0.00926	0.03625	0.01506	0.01562	0.02201	0.03113	0.43559	0.03519	0.01691	0.00857	0.00253	0.00571	0.01540	0.00602	0.19886
20	0.02896	0.03695	0.02197	0.01998	0.02397	0.69638	0.01498	0.03096	0.02197	0.01898	0.01199	0.01398	0.00999	0.00799	0.00699	0.00200	0.01398	0.00499	0.00400	0.00899
21	0.02785	0.13135	0.02451	0.01906	0.02342	0.60599	0.01475	0.02991	0.02113	0.01888	0.01182	0.01377	0.00998	0.00781	0.00672	0.00195	0.01321	0.00488	0.00390	0.00912
22	0.01569	0.01337	0.01566	0.01144	0.01795	0.01010	0.00907	0.01901	0.01601	0.02494	0.01549	0.05773	0.01383	0.00684	0.00599	0.00127	0.00567	0.00562	0.00475	0.72959
23	0.04737	0.39665	0.09602	0.02262	0.18028	0.05620	0.01706	0.02466	0.01684	0.05902	0.01318	0.01531	0.01097	0.00702	0.00610	0.00197	0.00890	0.00521	0.00388	0.01074
24	0.01448	0.01332	0.01899	0.01703	0.01761	0.01782	0.01390	0.01663	0.01212	0.01838	0.01464	0.02265	0.01406	0.03236	0.30837	0.00721	0.42146	0.00743	0.00371	0.00782
25	0.01673	0.01262	0.01910	0.12655	0.06905	0.01320	0.10605	0.08249	0.01865	0.02819	0.02176	0.02887	0.01772	0.00922	0.00710	0.00226	0.00720	0.05119	0.35321	0.00886
26	0.00945	0.00675	0.00900	0.01080	0.01125	0.00630	0.00720	0.01080	0.01484	0.01979	0.04274	0.72245	0.05128	0.02429	0.00990	0.00315	0.00450	0.02204	0.00720	0.00630
27	0.01347	0.00673	0.01010	0.01010	0.01010	0.00673	0.00673	0.01010	0.01010	0.01347	0.01347	0.02357	0.01347	0.02694	0.03030	0.77441	0.00673	0.00673	0.00337	0.00337
28	0.01692	0.01104	0.01550	0.01296	0.01632	0.01050	0.05914	0.06509	0.04334	0.13611	0.45355	0.04628	0.05391	0.01349	0.00879	0.00244	0.00529	0.01198	0.00827	0.00907
29	0.02089	0.67192	0.06653	0.01394	0.02065	0.06044	0.01398	0.02362	0.01606	0.01854	0.01096	0.01267	0.00995	0.00673	0.00517	0.00171	0.00868	0.00425	0.00335	0.00997
30	0.01599	0.01640	0.03153	0.46018	0.04867	0.01810	0.25303	0.02166	0.01653	0.02166	0.01448	0.02076	0.01086	0.00730	0.00827	0.00260	0.01134	0.00772	0.00362	0.00929
31	0.01741	0.01415	0.01650	0.01188	0.01870	0.01104	0.00954	0.05105	0.01729	0.05045	0.01463	0.01658	0.01185	0.00606	0.00592	0.00125	0.00591	0.00483	0.00493	0.71004
32	0.01555	0.04011	0.68733	0.02210	0.03356	0.01801	0.02865	0.02455	0.01637	0.02455	0.01391	0.01637	0.00982	0.00737	0.00737	0.00246	0.01146	0.00573	0.00327	0.01146
33	0.03437	0.01386	0.01841	0.01411	0.02013	0.01239	0.01166	0.08607	0.02331	0.63465	0.02965	0.02578	0.01872	0.00957	0.00779	0.00239	0.00675	0.00773	0.00945	0.01319
34	0.01760	0.01979	0.04283	0.03094	0.03820	0.01855	0.59987	0.02372	0.01803	0.02444	0.01783	0.07662	0.01490	0.00795	0.00921	0.00266	0.01239	0.01017	0.00418	0.01013
35	0.01248	0.00881	0.01363	0.01343	0.01514	0.00818	0.07365	0.01460	0.01592	0.07261	0.03894	0.56628	0.04441	0.02119	0.00969	0.00306	0.00566	0.04798	0.00705	0.00730
36	0.01665	0.07649	0.53549	0.02311	0.03354	0.03878	0.12016	0.02471	0.01679	0.02408	0.01394	0.01675	0.01012	0.00722	0.00749	0.00242	0.01159	0.00613	0.00339	0.01115
37	0.02326	0.02991	0.07817	0.02501	0.03077	0.35134	0.25935	0.02747	0.01960	0.02159	0.01343	0.01697	0.01067	0.00771	0.00889	0.00235	0.05320	0.00674	0.00388	0.00970
38	0.01787	0.02096	0.07842	0.05398	0.08781	0.01945	0.45663	0.02375	0.01731	0.02407	0.01480	0.01993	0.01147	0.00735	0.01044	0.00261	0.08424	0.00830	0.00383	0.03681
39	0.05446	0.01884	0.05299	0.02682	0.21988	0.04533	0.10210	0.08391	0.06393	0.04949	0.01772	0.05329	0.01468	0.00812	0.00747	0.00219	0.00862	0.00742	0.00502	0.15770
40	0.01879	0.02153	0.08586	0.03064	0.09688	0.01896	0.45401	0.06777	0.01919	0.02656	0.01551	0.01989	0.01175	0.00676	0.00852	0.00244	0.01171	0.00819	0.00419	0.07086

[dist]
# distance from previous block
# <min> <max>
0	6

[block]
# block no. 6 follows, 25 sequences, length 6
# corresponding to MSA columns:
# 185-190
name=unknown_G
#
# <colnr> <probs for GDERKNQSTAVLIFYWHMCP>
#	G	D	E	R	K	N	Q	S	T	A	V	L	I	F	Y	W	H	M	C	P
0	0.06637	0.28798	0.02918	0.01588	0.02197	0.02308	0.06283	0.13404	0.12614	0.13171	0.01897	0.01902	0.01424	0.00820	0.00668	0.00216	0.00796	0.00634	0.00592	0.01133
1	0.01857	0.01852	0.06487	0.02597	0.22179	0.04729	0.06841	0.10231	0.01948	0.02718	0.01879	0.11682	0.01738	0.00943	0.00761	0.00217	0.00832	0.00852	0.00497	0.19161
2	0.23569	0.04713	0.08458	0.08764	0.07990	0.05288	0.01481	0.13392	0.02010	0.09244	0.04598	0.02076	0.03586	0.00864	0.00684	0.00236	0.00808	0.00654	0.00554	0.01032
3	0.07868	0.01257	0.01489	0.03446	0.01793	0.01248	0.01032	0.04623	0.14676	0.12789	0.02584	0.13066	0.02308	0.01348	0.00997	0.08072	0.00621	0.04731	0.00654	0.15400
4	0.02354	0.01854	0.05912	0.01752	0.02349	0.01777	0.08660	0.24037	0.13063	0.13019	0.08806	0.02534	0.02136	0.00949	0.00790	0.00234	0.00782	0.00809	0.00717	0.07465
5	0.02047	0.01568	0.02153	0.01892	0.07307	0.05906	0.11562	0.07754	0.05188	0.14079	0.11896	0.06865	0.02662	0.08308	0.01132	0.00287	0.00797	0.00956	0.00642	0.07000

[dist]
# distance from previous block
# <min> <max>
19	34

# created by:
# /st0/software/busco_prod/Augustus/scripts/msa2prfl.pl ./align_prep/124333.fa
