[name]
unknown

[dist]
# distance from previous block
# <min> <max>
0	12

[block]
# block no. 0 follows, 25 sequences, length 86
# corresponding to MSA columns:
# 12-97
name=unknown_A
#
# <colnr> <probs for GDERKNQSTAVLIFYWHMCP>
#	G	D	E	R	K	N	Q	S	T	A	V	L	I	F	Y	W	H	M	C	P
0	0.07829	0.01374	0.01764	0.01389	0.01960	0.01266	0.01146	0.06716	0.05108	0.56059	0.02920	0.02744	0.01934	0.00990	0.00772	0.00245	0.00666	0.02949	0.00905	0.01265
1	0.02635	0.04879	0.07402	0.01656	0.02253	0.04913	0.01438	0.32381	0.10692	0.15161	0.06828	0.02342	0.01927	0.00966	0.00771	0.00235	0.00801	0.00755	0.00745	0.01221
2	0.02861	0.02145	0.02376	0.01824	0.02442	0.02367	0.03608	0.60302	0.06570	0.04727	0.01913	0.01918	0.01364	0.00927	0.00781	0.00235	0.00857	0.00714	0.00763	0.01305
3	0.00975	0.00698	0.00927	0.01059	0.01131	0.00650	0.00722	0.01156	0.01626	0.02205	0.16901	0.58973	0.05565	0.02261	0.00975	0.00301	0.00433	0.02044	0.00746	0.00650
4	0.00929	0.00778	0.00809	0.00818	0.01060	0.00657	0.00607	0.01131	0.01773	0.02147	0.11193	0.12073	0.59419	0.01975	0.00922	0.00265	0.00395	0.01664	0.00728	0.00657
5	0.01536	0.00810	0.00820	0.00787	0.00994	0.00824	0.00598	0.05652	0.01748	0.03012	0.02489	0.02828	0.01947	0.00905	0.00556	0.00184	0.00391	0.00721	0.72437	0.00759
6	0.08810	0.02110	0.02083	0.06491	0.05427	0.11511	0.01421	0.35771	0.05832	0.03794	0.01772	0.01902	0.01319	0.00877	0.00721	0.00227	0.00870	0.00657	0.07277	0.01129
7	0.01929	0.14203	0.40174	0.01959	0.02824	0.12824	0.02211	0.07343	0.01866	0.02438	0.01475	0.04631	0.01193	0.00824	0.00708	0.00228	0.01085	0.00618	0.00391	0.01074
8	0.01833	0.01573	0.01666	0.01506	0.01921	0.01799	0.01169	0.03824	0.59713	0.03184	0.07263	0.03273	0.05595	0.01125	0.00802	0.00262	0.00589	0.00943	0.00790	0.01172
9	0.01705	0.01850	0.03869	0.05918	0.07549	0.01759	0.49202	0.02289	0.01834	0.02503	0.08188	0.05777	0.01967	0.00837	0.00904	0.00260	0.01139	0.01001	0.00451	0.00998
10	0.02742	0.02009	0.02162	0.01683	0.02253	0.02216	0.01383	0.57875	0.03399	0.04585	0.02094	0.02136	0.03519	0.01156	0.03489	0.00271	0.00865	0.00735	0.04184	0.01246
11	0.01457	0.01335	0.02246	0.66657	0.05078	0.01659	0.02064	0.01922	0.01518	0.01943	0.01376	0.02085	0.01053	0.00891	0.00912	0.04931	0.01012	0.00688	0.00344	0.00830
12	0.01097	0.00793	0.01036	0.00975	0.01158	0.00732	0.00732	0.01463	0.02195	0.03109	0.67505	0.05792	0.07316	0.01585	0.00914	0.00244	0.00366	0.01402	0.00854	0.00732
13	0.02947	0.02172	0.02327	0.01784	0.02404	0.02404	0.01474	0.65329	0.03646	0.04887	0.01862	0.01862	0.01319	0.00931	0.00776	0.00233	0.00853	0.00698	0.00776	0.01319
14	0.02912	0.02154	0.02307	0.01777	0.02391	0.02388	0.01465	0.63201	0.05831	0.04829	0.01907	0.01897	0.01355	0.00935	0.00776	0.00234	0.00845	0.00704	0.00776	0.01315
15	0.01097	0.00793	0.01036	0.00975	0.01158	0.00732	0.00732	0.01463	0.02195	0.03109	0.67505	0.05792	0.07316	0.01585	0.00914	0.00244	0.00366	0.01402	0.00854	0.00732
16	0.00945	0.00675	0.00900	0.01080	0.01125	0.00630	0.00720	0.01080	0.01484	0.01979	0.04274	0.72245	0.05128	0.02429	0.00990	0.00315	0.00450	0.02204	0.00720	0.00630
17	0.02899	0.03626	0.02203	0.01988	0.02397	0.66584	0.01497	0.05923	0.02263	0.02033	0.01229	0.01419	0.01013	0.00805	0.00703	0.00201	0.01373	0.00508	0.00417	0.00918
18	0.01464	0.01378	0.02326	0.70887	0.05340	0.01723	0.02153	0.01981	0.01550	0.01981	0.01378	0.02067	0.01034	0.00775	0.00775	0.00258	0.01034	0.00689	0.00345	0.00861
19	0.02073	0.73217	0.04063	0.01327	0.01990	0.03068	0.01327	0.02322	0.01575	0.01824	0.01078	0.01244	0.00995	0.00663	0.00498	0.00166	0.00829	0.00415	0.00332	0.00995
20	0.05093	0.00856	0.01081	0.00999	0.01218	0.00803	0.00758	0.01625	0.02152	0.06536	0.60810	0.05400	0.06709	0.01509	0.00886	0.00243	0.00393	0.01320	0.00840	0.00768
21	0.01919	0.01842	0.03147	0.04759	0.67914	0.01842	0.02380	0.02380	0.01765	0.02533	0.01458	0.01919	0.01228	0.00691	0.00768	0.00230	0.00921	0.00691	0.00384	0.01228
22	0.01823	0.02072	0.04465	0.03206	0.03951	0.01982	0.61916	0.02453	0.01798	0.02453	0.01541	0.02072	0.01169	0.00689	0.00997	0.00265	0.04822	0.00903	0.00390	0.01036
23	0.01119	0.00786	0.01020	0.01020	0.01080	0.00846	0.00687	0.01239	0.01179	0.01632	0.02284	0.04192	0.02436	0.43644	0.32529	0.00967	0.01328	0.00998	0.00446	0.00567
24	0.78228	0.01499	0.01140	0.01020	0.01499	0.01739	0.00840	0.02279	0.01320	0.03479	0.01080	0.01260	0.00840	0.00720	0.00480	0.00240	0.00600	0.00420	0.00480	0.00840
25	0.01919	0.01842	0.03147	0.04759	0.67914	0.01842	0.02380	0.02380	0.01765	0.02533	0.01458	0.01919	0.01228	0.00691	0.00768	0.00230	0.00921	0.00691	0.00384	0.01228
26	0.01950	0.01915	0.03071	0.04514	0.62049	0.04764	0.02310	0.02386	0.01757	0.02475	0.01427	0.01886	0.01209	0.00726	0.00847	0.00234	0.04217	0.00682	0.00382	0.01196
27	0.01282	0.01065	0.01170	0.01151	0.01257	0.07270	0.00813	0.01438	0.01286	0.01687	0.02146	0.03728	0.02214	0.32927	0.36176	0.00945	0.01468	0.00922	0.00436	0.00620
28	0.01231	0.00879	0.01228	0.01407	0.01577	0.00877	0.01217	0.01575	0.01767	0.02300	0.04115	0.12590	0.04503	0.02159	0.01066	0.00354	0.00698	0.59033	0.00714	0.00709
29	0.01128	0.00752	0.00846	0.00846	0.00846	0.00752	0.00470	0.01128	0.01128	0.01503	0.02443	0.05074	0.02819	0.72751	0.03946	0.00752	0.00752	0.01128	0.00470	0.00470
30	0.02073	0.73217	0.04063	0.01327	0.01990	0.03068	0.01327	0.02322	0.01575	0.01824	0.01078	0.01244	0.00995	0.00663	0.00498	0.00166	0.00829	0.00415	0.00332	0.00995
31	0.02130	0.01535	0.01529	0.01382	0.04390	0.06825	0.01036	0.25207	0.02417	0.03529	0.02135	0.02355	0.01632	0.00896	0.00650	0.00203	0.00647	0.00695	0.39830	0.00976
32	0.02830	0.09523	0.02367	0.01923	0.02363	0.58540	0.01481	0.08029	0.02260	0.02131	0.01241	0.01422	0.01024	0.00798	0.00688	0.00199	0.01306	0.00508	0.00424	0.00941
33	0.01555	0.04011	0.68733	0.02210	0.03356	0.01801	0.02865	0.02455	0.01637	0.02455	0.01391	0.01637	0.00982	0.00737	0.00737	0.00246	0.01146	0.00573	0.00327	0.01146
34	0.01555	0.04011	0.68733	0.02210	0.03356	0.01801	0.02865	0.02455	0.01637	0.02455	0.01391	0.01637	0.00982	0.00737	0.00737	0.00246	0.01146	0.00573	0.00327	0.01146
35	0.01929	0.01666	0.01753	0.01578	0.02016	0.01929	0.01227	0.04120	0.66513	0.03243	0.03156	0.02893	0.02367	0.01052	0.00789	0.00263	0.00614	0.00877	0.00789	0.01227
36	0.01445	0.00723	0.00723	0.00723	0.00903	0.00723	0.00542	0.01807	0.01626	0.02891	0.02529	0.02891	0.01987	0.00903	0.00542	0.00181	0.00361	0.00723	0.77055	0.00723
37	0.01347	0.00673	0.01010	0.01010	0.01010	0.00673	0.00673	0.01010	0.01010	0.01347	0.01347	0.02357	0.01347	0.02694	0.03030	0.77441	0.00673	0.00673	0.00337	0.00337
38	0.02900	0.03578	0.02207	0.01981	0.02398	0.64475	0.01496	0.07875	0.02308	0.02127	0.01249	0.01434	0.01023	0.00809	0.00705	0.00202	0.01356	0.00515	0.00428	0.00931
39	0.02947	0.02172	0.02327	0.01784	0.02404	0.02404	0.01474	0.65329	0.03646	0.04887	0.01862	0.01862	0.01319	0.00931	0.00776	0.00233	0.00853	0.00698	0.00776	0.01319
40	0.02073	0.73217	0.04063	0.01327	0.01990	0.03068	0.01327	0.02322	0.01575	0.01824	0.01078	0.01244	0.00995	0.00663	0.00498	0.00166	0.00829	0.00415	0.00332	0.00995
41	0.01830	0.02092	0.04575	0.03268	0.04052	0.01961	0.65098	0.02484	0.01830	0.02484	0.01569	0.02092	0.01176	0.00654	0.00915	0.00261	0.01307	0.00915	0.00392	0.01046
42	0.78228	0.01499	0.01140	0.01020	0.01499	0.01739	0.00840	0.02279	0.01320	0.03479	0.01080	0.01260	0.00840	0.00720	0.00480	0.00240	0.00600	0.00420	0.00480	0.00840
43	0.01808	0.30610	0.37154	0.01772	0.02649	0.02203	0.02080	0.02389	0.01630	0.05059	0.01493	0.05210	0.01244	0.00806	0.00659	0.00218	0.00965	0.00605	0.00377	0.01068
44	0.01890	0.01331	0.01619	0.05535	0.01894	0.04165	0.06068	0.15201	0.02072	0.05901	0.02256	0.05728	0.01823	0.01343	0.06194	0.00297	0.00778	0.00801	0.34197	0.00908
45	0.01830	0.02092	0.04575	0.03268	0.04052	0.01961	0.65098	0.02484	0.01830	0.02484	0.01569	0.02092	0.01176	0.00654	0.00915	0.00261	0.01307	0.00915	0.00392	0.01046
46	0.01347	0.00673	0.01010	0.01010	0.01010	0.00673	0.00673	0.01010	0.01010	0.01347	0.01347	0.02357	0.01347	0.02694	0.03030	0.77441	0.00673	0.00673	0.00337	0.00337
47	0.01085	0.00783	0.01025	0.00984	0.01156	0.00723	0.00731	0.01432	0.02136	0.03016	0.62299	0.11263	0.07136	0.01655	0.00921	0.00250	0.00373	0.01468	0.00843	0.00723
48	0.01777	0.01325	0.01480	0.01323	0.01634	0.01400	0.01002	0.24958	0.07332	0.03168	0.06373	0.25723	0.09662	0.07752	0.01140	0.00310	0.00627	0.01362	0.00730	0.00922
49	0.00958	0.00684	0.00915	0.01095	0.01145	0.00641	0.00742	0.01102	0.01497	0.01994	0.04266	0.69523	0.05100	0.02417	0.00993	0.00317	0.00461	0.04797	0.00720	0.00633
50	0.01658	0.15786	0.54290	0.02114	0.03158	0.02027	0.05846	0.02434	0.01637	0.02349	0.01347	0.01593	0.00995	0.00720	0.00705	0.00233	0.01100	0.00564	0.00332	0.01115
51	0.01128	0.00752	0.00846	0.00846	0.00846	0.00752	0.00470	0.01128	0.01128	0.01503	0.02443	0.05074	0.02819	0.72751	0.03946	0.00752	0.00752	0.01128	0.00470	0.00470
52	0.01608	0.01378	0.01608	0.01148	0.01837	0.01034	0.00919	0.01952	0.01608	0.02527	0.01378	0.01608	0.01148	0.00574	0.00574	0.00115	0.00574	0.00459	0.00459	0.77491
53	0.11594	0.04175	0.09079	0.08718	0.10623	0.01873	0.34986	0.02358	0.01723	0.02575	0.03864	0.02035	0.01330	0.00718	0.00803	0.00250	0.01088	0.00781	0.00408	0.01019
54	0.02391	0.01786	0.01995	0.01543	0.02128	0.01832	0.01254	0.34547	0.07160	0.07178	0.01930	0.04472	0.01501	0.00904	0.00785	0.00207	0.03117	0.00698	0.00675	0.23897
55	0.01186	0.00864	0.01092	0.01009	0.01218	0.00815	0.00764	0.04778	0.02251	0.03156	0.61403	0.05662	0.09710	0.01568	0.00907	0.00244	0.00392	0.01376	0.00843	0.00759
56	0.01819	0.01797	0.02950	0.23464	0.39686	0.04496	0.07612	0.02359	0.03842	0.02368	0.01490	0.01988	0.01196	0.00728	0.00780	0.00241	0.00995	0.00708	0.00387	0.01094
57	0.01087	0.00796	0.01025	0.00996	0.01182	0.00734	0.00758	0.01429	0.02100	0.02916	0.54900	0.08350	0.12690	0.01692	0.00929	0.00257	0.00398	0.06217	0.00826	0.00720
58	0.02772	0.02061	0.02207	0.01723	0.02298	0.02286	0.01406	0.56843	0.09252	0.04583	0.02006	0.02101	0.01482	0.04204	0.00921	0.00259	0.00827	0.00734	0.00763	0.01272
59	0.01670	0.03566	0.56963	0.02143	0.03179	0.01743	0.05421	0.02570	0.04713	0.05957	0.03799	0.01908	0.01318	0.00788	0.00755	0.00247	0.01077	0.00641	0.00403	0.01140
60	0.00978	0.00719	0.00917	0.01013	0.01122	0.00658	0.00704	0.01178	0.01697	0.02271	0.20187	0.46993	0.14392	0.02158	0.00961	0.00290	0.00421	0.01929	0.00752	0.00658
61	0.01809	0.01785	0.02873	0.18720	0.44575	0.04914	0.05344	0.02265	0.01742	0.02358	0.01768	0.02225	0.04634	0.00779	0.00781	0.00238	0.00960	0.00742	0.00394	0.01094
62	0.01004	0.00740	0.00940	0.00993	0.01127	0.00676	0.00705	0.01244	0.01823	0.02468	0.31175	0.34940	0.15288	0.02008	0.00947	0.00277	0.00406	0.01786	0.00776	0.00676
63	0.01793	0.02032	0.04421	0.03176	0.03929	0.01905	0.62390	0.02425	0.01816	0.02462	0.01682	0.05043	0.01343	0.00728	0.00918	0.00264	0.01271	0.00969	0.00406	0.01028
64	0.01128	0.00752	0.00846	0.00846	0.00846	0.00752	0.00470	0.01128	0.01128	0.01503	0.02443	0.05074	0.02819	0.72751	0.03946	0.00752	0.00752	0.01128	0.00470	0.00470
65	0.01830	0.02092	0.04575	0.03268	0.04052	0.01961	0.65098	0.02484	0.01830	0.02484	0.01569	0.02092	0.01176	0.00654	0.00915	0.00261	0.01307	0.00915	0.00392	0.01046
66	0.78228	0.01499	0.01140	0.01020	0.01499	0.01739	0.00840	0.02279	0.01320	0.03479	0.01080	0.01260	0.00840	0.00720	0.00480	0.00240	0.00600	0.00420	0.00480	0.00840
67	0.78228	0.01499	0.01140	0.01020	0.01499	0.01739	0.00840	0.02279	0.01320	0.03479	0.01080	0.01260	0.00840	0.00720	0.00480	0.00240	0.00600	0.00420	0.00480	0.00840
68	0.01128	0.00752	0.00846	0.00846	0.00846	0.00752	0.00470	0.01128	0.01128	0.01503	0.02443	0.05074	0.02819	0.72751	0.03946	0.00752	0.00752	0.01128	0.00470	0.00470
69	0.02997	0.02092	0.02277	0.01746	0.02365	0.02286	0.01442	0.59542	0.03511	0.10862	0.01974	0.01935	0.01375	0.00933	0.00776	0.00233	0.00835	0.00706	0.00793	0.01319
70	0.30454	0.01384	0.01561	0.01250	0.01806	0.01356	0.01031	0.03238	0.01895	0.45004	0.02345	0.02141	0.01530	0.00873	0.00672	0.00240	0.00638	0.00650	0.00787	0.01146
71	0.06500	0.01781	0.02955	0.10236	0.58497	0.01826	0.02267	0.02339	0.01720	0.02543	0.01429	0.01892	0.01188	0.00700	0.00751	0.00233	0.00911	0.00674	0.00386	0.01173
72	0.02242	0.01773	0.01894	0.01619	0.02108	0.02009	0.01283	0.18862	0.48556	0.06479	0.02840	0.02633	0.02095	0.01019	0.00785	0.00255	0.00673	0.00829	0.00793	0.01253
73	0.01445	0.00723	0.00723	0.00723	0.00903	0.00723	0.00542	0.01807	0.01626	0.02891	0.02529	0.02891	0.01987	0.00903	0.00542	0.00181	0.00361	0.00723	0.77055	0.00723
74	0.01567	0.01483	0.02511	0.55923	0.19500	0.01750	0.02205	0.02071	0.01599	0.02106	0.01396	0.02034	0.01078	0.00756	0.00773	0.00252	0.01008	0.00689	0.00353	0.00944
75	0.00951	0.00683	0.00892	0.01057	0.01109	0.00636	0.00703	0.01083	0.01481	0.01964	0.04350	0.66501	0.07748	0.05468	0.01115	0.00332	0.00460	0.02133	0.00709	0.00624
76	0.01566	0.03829	0.63539	0.02196	0.03253	0.01846	0.02773	0.02409	0.01602	0.02409	0.01362	0.01642	0.00985	0.00785	0.00878	0.00253	0.06639	0.00581	0.00328	0.01123
77	0.78228	0.01499	0.01140	0.01020	0.01499	0.01739	0.00840	0.02279	0.01320	0.03479	0.01080	0.01260	0.00840	0.00720	0.00480	0.00240	0.00600	0.00420	0.00480	0.00840
78	0.01776	0.01104	0.01212	0.03407	0.01460	0.01184	0.00861	0.17055	0.02074	0.03238	0.02288	0.02630	0.01790	0.01363	0.07040	0.00295	0.00662	0.00726	0.48970	0.00868
79	0.01613	0.01308	0.01686	0.01455	0.01794	0.04081	0.07100	0.08702	0.01841	0.05486	0.02981	0.31602	0.05209	0.01523	0.00922	0.00253	0.04009	0.01338	0.03205	0.13893
80	0.04903	0.01849	0.02868	0.09917	0.48455	0.05202	0.04871	0.02423	0.04829	0.02508	0.01716	0.02113	0.03385	0.00762	0.00766	0.00236	0.00927	0.00720	0.00415	0.01138
81	0.01933	0.46080	0.27174	0.01645	0.02479	0.02551	0.01872	0.02417	0.01618	0.04206	0.01254	0.01430	0.01020	0.00699	0.00592	0.00197	0.00937	0.00483	0.00350	0.01060
82	0.54132	0.02040	0.12881	0.01523	0.06215	0.04689	0.01326	0.02406	0.01474	0.05555	0.01235	0.01424	0.00936	0.00733	0.00563	0.00239	0.00751	0.00480	0.00462	0.00938
83	0.02280	0.41778	0.08494	0.01573	0.02180	0.15485	0.01478	0.02674	0.05122	0.07380	0.01393	0.01523	0.01142	0.00769	0.00680	0.00197	0.03905	0.00508	0.00420	0.01021
84	0.01173	0.00814	0.00947	0.00969	0.01031	0.00809	0.00617	0.04360	0.01394	0.01846	0.03159	0.20369	0.06416	0.46724	0.02846	0.00586	0.00670	0.04138	0.00564	0.00568
85	0.02105	0.01863	0.09520	0.07175	0.08450	0.05671	0.01526	0.03113	0.22862	0.15929	0.08805	0.05088	0.02402	0.01026	0.00792	0.00249	0.00762	0.00864	0.00679	0.01120

[dist]
# distance from previous block
# <min> <max>
0	1

[block]
# block no. 1 follows, 25 sequences, length 52
# corresponding to MSA columns:
# 99-150
name=unknown_B
#
# <colnr> <probs for GDERKNQSTAVLIFYWHMCP>
#	G	D	E	R	K	N	Q	S	T	A	V	L	I	F	Y	W	H	M	C	P
0	0.00944	0.00767	0.00840	0.00884	0.01093	0.00663	0.00651	0.01141	0.01725	0.02121	0.09329	0.21176	0.49180	0.02055	0.00939	0.00277	0.00418	0.04418	0.00725	0.00655
1	0.07837	0.04533	0.04937	0.04279	0.02119	0.01809	0.01297	0.23945	0.14945	0.06750	0.08296	0.05648	0.02335	0.01081	0.00765	0.00245	0.00708	0.03129	0.04248	0.01093
2	0.01857	0.27788	0.03291	0.06793	0.02574	0.05238	0.12731	0.02178	0.01567	0.02040	0.04950	0.01848	0.01396	0.00929	0.01217	0.00245	0.21388	0.00659	0.00378	0.00933
3	0.01112	0.00749	0.00846	0.00854	0.00866	0.00743	0.00486	0.01125	0.01167	0.01546	0.02718	0.08272	0.05200	0.67006	0.03703	0.00714	0.00725	0.01195	0.00490	0.00484
4	0.01108	0.00831	0.01246	0.01246	0.01385	0.00969	0.00969	0.01385	0.01246	0.01800	0.02077	0.03046	0.01938	0.05815	0.69678	0.01246	0.02077	0.00831	0.00415	0.00692
5	0.01608	0.01378	0.01608	0.01148	0.01837	0.01034	0.00919	0.01952	0.01608	0.02527	0.01378	0.01608	0.01148	0.00574	0.00574	0.00115	0.00574	0.00459	0.00459	0.77491
6	0.01555	0.04011	0.68733	0.02210	0.03356	0.01801	0.02865	0.02455	0.01637	0.02455	0.01391	0.01637	0.00982	0.00737	0.00737	0.00246	0.01146	0.00573	0.00327	0.01146
7	0.02073	0.73217	0.04063	0.01327	0.01990	0.03068	0.01327	0.02322	0.01575	0.01824	0.01078	0.01244	0.00995	0.00663	0.00498	0.00166	0.00829	0.00415	0.00332	0.00995
8	0.02728	0.17937	0.02579	0.01860	0.02314	0.56001	0.01463	0.02937	0.02070	0.01883	0.01174	0.01367	0.00998	0.00771	0.00658	0.00193	0.01282	0.00482	0.00386	0.00919
9	0.02901	0.03554	0.02209	0.01978	0.02398	0.63405	0.01496	0.08866	0.02332	0.02175	0.01260	0.01441	0.01028	0.00811	0.00706	0.00203	0.01348	0.00518	0.00434	0.00938
10	0.02642	0.01967	0.01997	0.01582	0.02102	0.05888	0.01288	0.49001	0.03157	0.04315	0.01958	0.02042	0.01435	0.00918	0.00724	0.00220	0.00785	0.00692	0.16112	0.01175
11	0.01054	0.00756	0.00979	0.01109	0.01191	0.00724	0.00758	0.04317	0.01633	0.02189	0.07748	0.64944	0.05062	0.02306	0.00975	0.00307	0.00465	0.02083	0.00730	0.00670
12	0.01830	0.02092	0.04575	0.03268	0.04052	0.01961	0.65098	0.02484	0.01830	0.02484	0.01569	0.02092	0.01176	0.00654	0.00915	0.00261	0.01307	0.00915	0.00392	0.01046
13	0.02789	0.02046	0.02187	0.01693	0.02278	0.02252	0.01393	0.59650	0.03473	0.04672	0.02168	0.02165	0.04420	0.00977	0.00772	0.00232	0.00811	0.00743	0.04018	0.01262
14	0.01128	0.00752	0.00846	0.00846	0.00846	0.00752	0.00470	0.01128	0.01128	0.01503	0.02443	0.05074	0.02819	0.72751	0.03946	0.00752	0.00752	0.01128	0.00470	0.00470
15	0.01608	0.01378	0.01608	0.01148	0.01837	0.01034	0.00919	0.01952	0.01608	0.02527	0.01378	0.01608	0.01148	0.00574	0.00574	0.00115	0.00574	0.00459	0.00459	0.77491
16	0.00916	0.00785	0.00785	0.00785	0.01047	0.00655	0.00589	0.01113	0.01767	0.02095	0.07855	0.07462	0.67599	0.01964	0.00916	0.00262	0.00393	0.01636	0.00720	0.00655
17	0.06150	0.02124	0.07466	0.02998	0.03779	0.01901	0.55636	0.02448	0.01782	0.02541	0.01524	0.02001	0.01146	0.00658	0.00867	0.00253	0.01228	0.00851	0.00397	0.04248
18	0.01810	0.16221	0.48062	0.02130	0.06238	0.04516	0.02428	0.02516	0.01682	0.05553	0.01413	0.01620	0.01043	0.00734	0.00696	0.00228	0.01063	0.00558	0.00365	0.01122
19	0.03248	0.01356	0.01786	0.01391	0.01963	0.01228	0.01141	0.06766	0.05945	0.58383	0.06140	0.02768	0.02177	0.00994	0.00787	0.00241	0.00653	0.00811	0.00936	0.01286
20	0.01818	0.01475	0.01649	0.01205	0.01874	0.04047	0.00962	0.02152	0.01684	0.07904	0.01508	0.01683	0.01205	0.00616	0.00597	0.00129	0.00617	0.00487	0.00498	0.67891
21	0.02104	0.01160	0.01461	0.01283	0.01661	0.01097	0.00999	0.06107	0.08971	0.24995	0.10746	0.21439	0.03458	0.01450	0.00849	0.00258	0.00573	0.03920	0.00808	0.06662
22	0.01133	0.00829	0.01070	0.01027	0.01214	0.00786	0.00775	0.01567	0.04955	0.03026	0.58849	0.09044	0.06869	0.01627	0.00919	0.00253	0.00396	0.04076	0.00838	0.00748
23	0.02072	0.39200	0.03834	0.02000	0.02608	0.10659	0.18855	0.02419	0.01686	0.02017	0.01222	0.01534	0.01047	0.00737	0.00814	0.00211	0.07159	0.00585	0.00357	0.00985
24	0.01817	0.01707	0.02885	0.16089	0.53729	0.01767	0.02250	0.02282	0.01721	0.02454	0.01497	0.01992	0.01231	0.00716	0.00758	0.00233	0.00913	0.00692	0.04127	0.01139
25	0.01038	0.00753	0.00982	0.01024	0.01160	0.00697	0.00742	0.01310	0.01892	0.02606	0.38342	0.30638	0.09399	0.01941	0.00949	0.00276	0.00413	0.04357	0.00791	0.00689
26	0.01919	0.01842	0.03147	0.04759	0.67914	0.01842	0.02380	0.02380	0.01765	0.02533	0.01458	0.01919	0.01228	0.00691	0.00768	0.00230	0.00921	0.00691	0.00384	0.01228
27	0.00916	0.00785	0.00785	0.00785	0.01047	0.00655	0.00589	0.01113	0.01767	0.02095	0.07855	0.07462	0.67599	0.01964	0.00916	0.00262	0.00393	0.01636	0.00720	0.00655
28	0.01245	0.00858	0.01097	0.01107	0.01302	0.00815	0.00856	0.01618	0.04658	0.05889	0.30356	0.15594	0.12138	0.04615	0.01066	0.00300	0.00495	0.14467	0.00778	0.00746
29	0.01128	0.00752	0.00846	0.00846	0.00846	0.00752	0.00470	0.01128	0.01128	0.01503	0.02443	0.05074	0.02819	0.72751	0.03946	0.00752	0.00752	0.01128	0.00470	0.00470
30	0.01572	0.03911	0.65711	0.02327	0.06331	0.01803	0.02842	0.02452	0.01643	0.02459	0.01395	0.01650	0.00994	0.00735	0.00738	0.00245	0.01136	0.00578	0.00330	0.01150
31	0.02899	0.03629	0.02203	0.01988	0.02397	0.66723	0.01497	0.05794	0.02260	0.02027	0.01227	0.01418	0.01013	0.00805	0.00702	0.00201	0.01375	0.00508	0.00416	0.00917
32	0.02947	0.02172	0.02327	0.01784	0.02404	0.02404	0.01474	0.65329	0.03646	0.04887	0.01862	0.01862	0.01319	0.00931	0.00776	0.00233	0.00853	0.00698	0.00776	0.01319
33	0.02703	0.01415	0.01726	0.01427	0.01933	0.01416	0.01144	0.03741	0.27140	0.38384	0.07821	0.02969	0.02488	0.01041	0.00793	0.00249	0.00620	0.00863	0.00886	0.01241
34	0.02073	0.73217	0.04063	0.01327	0.01990	0.03068	0.01327	0.02322	0.01575	0.01824	0.01078	0.01244	0.00995	0.00663	0.00498	0.00166	0.00829	0.00415	0.00332	0.00995
35	0.01128	0.00752	0.00846	0.00846	0.00846	0.00752	0.00470	0.01128	0.01128	0.01503	0.02443	0.05074	0.02819	0.72751	0.03946	0.00752	0.00752	0.01128	0.00470	0.00470
36	0.01128	0.00752	0.00846	0.00846	0.00846	0.00752	0.00470	0.01128	0.01128	0.01503	0.02443	0.05074	0.02819	0.72751	0.03946	0.00752	0.00752	0.01128	0.00470	0.00470
37	0.78228	0.01499	0.01140	0.01020	0.01499	0.01739	0.00840	0.02279	0.01320	0.03479	0.01080	0.01260	0.00840	0.00720	0.00480	0.00240	0.00600	0.00420	0.00480	0.00840
38	0.01464	0.01378	0.02326	0.70887	0.05340	0.01723	0.02153	0.01981	0.01550	0.01981	0.01378	0.02067	0.01034	0.00775	0.00775	0.00258	0.01034	0.00689	0.00345	0.00861
39	0.00933	0.00786	0.00808	0.00803	0.01057	0.00662	0.00602	0.01144	0.01806	0.02186	0.13237	0.07311	0.62160	0.01930	0.00916	0.00260	0.00390	0.01615	0.00732	0.00662
40	0.00934	0.00786	0.00810	0.00804	0.01058	0.00662	0.00603	0.01146	0.01808	0.02192	0.13589	0.07301	0.61804	0.01927	0.00916	0.00260	0.00390	0.01614	0.00733	0.00662
41	0.01083	0.00792	0.01017	0.00961	0.01150	0.00726	0.00721	0.01436	0.02162	0.03031	0.62911	0.05920	0.11959	0.01614	0.00915	0.00245	0.00368	0.01420	0.00843	0.00726
42	0.01108	0.00831	0.01246	0.01246	0.01385	0.00969	0.00969	0.01385	0.01246	0.01800	0.02077	0.03046	0.01938	0.05815	0.69678	0.01246	0.02077	0.00831	0.00415	0.00692
43	0.02835	0.02067	0.02227	0.01739	0.02334	0.02286	0.01426	0.54485	0.11956	0.07448	0.02086	0.02033	0.01484	0.00948	0.00778	0.00237	0.00813	0.00725	0.00785	0.01306
44	0.00945	0.00675	0.00900	0.01080	0.01125	0.00630	0.00720	0.01080	0.01484	0.01979	0.04274	0.72245	0.05128	0.02429	0.00990	0.00315	0.00450	0.02204	0.00720	0.00630
45	0.02048	0.69850	0.07210	0.01370	0.02057	0.03006	0.01402	0.02328	0.01578	0.01855	0.01093	0.01263	0.00994	0.00667	0.00509	0.00170	0.00845	0.00422	0.00331	0.01002
46	0.00984	0.00788	0.00880	0.00857	0.01089	0.00683	0.00643	0.01244	0.01928	0.02475	0.30229	0.06835	0.44988	0.01822	0.00916	0.00255	0.00383	0.01549	0.00770	0.00683
47	0.00954	0.00679	0.00897	0.01068	0.01111	0.00636	0.00707	0.01082	0.01467	0.01955	0.04182	0.68882	0.05013	0.05949	0.01138	0.00337	0.00465	0.02150	0.00707	0.00622
48	0.78228	0.01499	0.01140	0.01020	0.01499	0.01739	0.00840	0.02279	0.01320	0.03479	0.01080	0.01260	0.00840	0.00720	0.00480	0.00240	0.00600	0.00420	0.00480	0.00840
49	0.07512	0.03816	0.63482	0.02117	0.03212	0.01796	0.02707	0.02442	0.01612	0.02535	0.01367	0.01608	0.00971	0.00735	0.00717	0.00245	0.01103	0.00561	0.00339	0.01122
50	0.01802	0.01792	0.02817	0.30356	0.36784	0.06264	0.04561	0.02275	0.01712	0.02274	0.01414	0.01949	0.01135	0.00730	0.00772	0.00240	0.01011	0.00686	0.00370	0.01056
51	0.02721	0.04467	0.01867	0.01452	0.01972	0.01526	0.01187	0.09062	0.20524	0.35504	0.06078	0.03001	0.02327	0.01052	0.00789	0.00248	0.00659	0.03487	0.00853	0.01225

[dist]
# distance from previous block
# <min> <max>
0	58

# created by:
# /st0/software/busco_prod/Augustus/scripts/msa2prfl.pl ./align_prep/124488.fa
