[name]
unknown

[dist]
# distance from previous block
# <min> <max>
0	24

[block]
# block no. 0 follows, 24 sequences, length 8
# corresponding to MSA columns:
# 24-31
name=unknown_A
#
# <colnr> <probs for GDERKNQSTAVLIFYWHMCP>
#	G	D	E	R	K	N	Q	S	T	A	V	L	I	F	Y	W	H	M	C	P
0	0.32492	0.01187	0.01234	0.01135	0.01481	0.01244	0.00891	0.02181	0.01610	0.14592	0.07423	0.09257	0.02534	0.07341	0.01161	0.05449	0.00621	0.06680	0.00644	0.00841
1	0.01596	0.01012	0.01227	0.01166	0.01380	0.00990	0.00840	0.10207	0.01948	0.10057	0.11222	0.30795	0.07790	0.14243	0.01477	0.00369	0.00582	0.01549	0.00744	0.00807
2	0.13487	0.01107	0.01241	0.06590	0.01677	0.01223	0.00957	0.07093	0.04015	0.02860	0.02292	0.03211	0.01989	0.06155	0.10692	0.00416	0.00821	0.05921	0.27435	0.00817
3	0.01638	0.01464	0.02377	0.46768	0.08684	0.01702	0.05823	0.07311	0.01799	0.02397	0.01764	0.07606	0.01485	0.00933	0.00806	0.00261	0.00968	0.00844	0.04439	0.00931
4	0.17671	0.01446	0.01671	0.01565	0.06890	0.01491	0.01141	0.15356	0.02241	0.18744	0.09961	0.07250	0.02443	0.01077	0.00743	0.00243	0.00647	0.00868	0.07485	0.01069
5	0.01325	0.00890	0.01095	0.01115	0.01293	0.00844	0.00797	0.06341	0.01858	0.06830	0.12059	0.41462	0.13929	0.04943	0.01084	0.00312	0.00501	0.01806	0.00763	0.00757
6	0.04789	0.01814	0.02312	0.01860	0.02326	0.04957	0.11746	0.23703	0.08041	0.03456	0.06532	0.06340	0.02206	0.01121	0.00948	0.00260	0.05711	0.04109	0.06703	0.01065
7	0.01911	0.01493	0.01865	0.13319	0.06573	0.01632	0.01356	0.23474	0.05692	0.03202	0.07704	0.12792	0.05354	0.08641	0.01179	0.00313	0.00766	0.01084	0.00657	0.00991

[dist]
# distance from previous block
# <min> <max>
5	13

[block]
# block no. 1 follows, 24 sequences, length 8
# corresponding to MSA columns:
# 46-53
name=unknown_B
#
# <colnr> <probs for GDERKNQSTAVLIFYWHMCP>
#	G	D	E	R	K	N	Q	S	T	A	V	L	I	F	Y	W	H	M	C	P
0	0.07577	0.01233	0.01499	0.04276	0.01824	0.01247	0.01048	0.08717	0.08284	0.21741	0.03179	0.25878	0.02986	0.05493	0.01031	0.00303	0.00635	0.01279	0.00772	0.00998
1	0.02294	0.01767	0.02266	0.02055	0.08786	0.01859	0.06668	0.22891	0.18036	0.08633	0.02505	0.10030	0.02063	0.01087	0.00821	0.00251	0.00781	0.00941	0.00713	0.05552
2	0.02168	0.01920	0.02018	0.07890	0.02443	0.13860	0.04351	0.11740	0.02112	0.07870	0.01925	0.09575	0.01678	0.00950	0.00742	0.00205	0.00858	0.00783	0.00563	0.26348
3	0.07054	0.00950	0.01058	0.01039	0.01219	0.00982	0.00748	0.08710	0.01714	0.02646	0.02772	0.22967	0.02810	0.08133	0.01330	0.09298	0.00546	0.01190	0.24113	0.00720
4	0.08156	0.01504	0.01856	0.03229	0.02121	0.01391	0.05589	0.04140	0.13529	0.05651	0.01988	0.05916	0.01646	0.00835	0.00689	0.00191	0.00667	0.00706	0.00572	0.39625
5	0.01387	0.00965	0.01690	0.01467	0.01636	0.00929	0.12430	0.01356	0.01351	0.01823	0.06671	0.13181	0.02383	0.02246	0.02223	0.45479	0.00750	0.01028	0.00453	0.00553
6	0.01585	0.01184	0.01353	0.01252	0.01442	0.04687	0.00924	0.03893	0.06225	0.07673	0.09227	0.07519	0.06907	0.22043	0.14534	0.00596	0.06494	0.01082	0.00600	0.00780
7	0.08355	0.01135	0.01315	0.01222	0.01529	0.01163	0.00982	0.08275	0.07516	0.06576	0.27162	0.05222	0.08276	0.01493	0.00875	0.00269	0.00552	0.12695	0.04504	0.00884

[dist]
# distance from previous block
# <min> <max>
0	2

[block]
# block no. 2 follows, 24 sequences, length 127
# corresponding to MSA columns:
# 56-182
name=unknown_C
#
# <colnr> <probs for GDERKNQSTAVLIFYWHMCP>
#	G	D	E	R	K	N	Q	S	T	A	V	L	I	F	Y	W	H	M	C	P
0	0.01510	0.01394	0.02300	0.63036	0.05051	0.01748	0.02095	0.02011	0.01569	0.02066	0.01448	0.02135	0.01105	0.00832	0.00880	0.00265	0.04840	0.00706	0.04138	0.00873
1	0.02790	0.02268	0.02239	0.01797	0.02359	0.09874	0.01454	0.47110	0.11092	0.04292	0.02001	0.02038	0.01474	0.01191	0.04055	0.00288	0.00966	0.00720	0.00734	0.01258
2	0.01916	0.01821	0.03057	0.04568	0.61632	0.01829	0.02309	0.02437	0.04183	0.02591	0.01692	0.05288	0.01488	0.00804	0.00797	0.00241	0.00908	0.00787	0.00424	0.01227
3	0.01227	0.00868	0.00994	0.00966	0.00991	0.00917	0.00585	0.01359	0.04698	0.01654	0.02466	0.04895	0.02766	0.64720	0.03788	0.00720	0.04235	0.01116	0.00492	0.00542
4	0.02103	0.01771	0.01977	0.07479	0.02420	0.02062	0.01403	0.14476	0.46258	0.03432	0.02733	0.02642	0.02049	0.01046	0.00893	0.00267	0.04188	0.00838	0.00743	0.01221
5	0.01894	0.01814	0.03095	0.14462	0.58124	0.01866	0.02400	0.02374	0.01773	0.02508	0.01480	0.01985	0.01227	0.00719	0.00786	0.00240	0.00959	0.00706	0.00387	0.01201
6	0.03057	0.01884	0.02145	0.01653	0.02275	0.01964	0.01360	0.39427	0.06576	0.24118	0.02329	0.02194	0.01588	0.00950	0.00785	0.00236	0.00784	0.00738	0.00836	0.05102
7	0.01498	0.01409	0.02378	0.70226	0.05462	0.01762	0.02202	0.02026	0.01586	0.02026	0.01409	0.02114	0.01057	0.00793	0.00793	0.00264	0.01057	0.00705	0.00352	0.00881
8	0.00963	0.00804	0.00839	0.00830	0.01087	0.00680	0.00623	0.01188	0.01868	0.02286	0.16173	0.07395	0.58634	0.01955	0.00937	0.00265	0.00398	0.01640	0.00755	0.00680
9	0.01814	0.01543	0.01895	0.01368	0.02070	0.01270	0.04479	0.09212	0.01896	0.02859	0.01477	0.01701	0.01196	0.00634	0.00630	0.00140	0.00661	0.00523	0.00503	0.64128
10	0.01895	0.02082	0.07559	0.02914	0.24471	0.07311	0.11531	0.02366	0.01788	0.02519	0.01453	0.01813	0.01181	0.00672	0.00732	0.00198	0.00939	0.00635	0.00418	0.27523
11	0.01663	0.03621	0.53158	0.02514	0.06037	0.01874	0.12616	0.02570	0.03849	0.02546	0.01515	0.01802	0.01093	0.00749	0.00785	0.00254	0.01171	0.00657	0.00363	0.01162
12	0.01030	0.00777	0.00965	0.00991	0.01158	0.00711	0.00720	0.01287	0.01872	0.02508	0.30185	0.24686	0.22220	0.02203	0.04689	0.00331	0.00501	0.01696	0.00774	0.00696
13	0.01138	0.00762	0.00869	0.00885	0.00889	0.00758	0.00502	0.01149	0.01184	0.01578	0.02655	0.10727	0.03080	0.66325	0.03784	0.00732	0.00743	0.01245	0.00502	0.00494
14	0.02049	0.08815	0.39982	0.01851	0.02745	0.01674	0.02151	0.02712	0.01870	0.17916	0.08729	0.02333	0.01919	0.00893	0.00763	0.00243	0.00943	0.00712	0.00545	0.01156
15	0.01678	0.03914	0.62838	0.02273	0.03408	0.01823	0.05428	0.02564	0.01705	0.05013	0.01496	0.01733	0.01050	0.00759	0.00763	0.00252	0.01160	0.00609	0.00362	0.01174
16	0.01505	0.01396	0.02325	0.63782	0.05100	0.01752	0.02115	0.01978	0.01543	0.01993	0.01389	0.02107	0.01070	0.00906	0.00984	0.03473	0.04670	0.00703	0.00352	0.00858
17	0.03058	0.01966	0.02202	0.01704	0.02311	0.02098	0.01401	0.48431	0.03315	0.19020	0.02275	0.04762	0.01637	0.01017	0.00803	0.00243	0.00812	0.00792	0.00833	0.01322
18	0.01929	0.01893	0.03359	0.07782	0.56490	0.01893	0.10044	0.02427	0.01803	0.02558	0.01502	0.01992	0.01240	0.00706	0.00804	0.00241	0.00996	0.00735	0.00392	0.01215
19	0.01620	0.07858	0.64521	0.02211	0.03356	0.01913	0.02844	0.02504	0.01671	0.02476	0.01405	0.01652	0.01005	0.00749	0.00740	0.00247	0.01154	0.00577	0.00335	0.01163
20	0.01735	0.01735	0.02429	0.02082	0.02082	0.02429	0.01735	0.01908	0.01214	0.01908	0.01041	0.01735	0.01041	0.01388	0.02602	0.00347	0.70680	0.00694	0.00347	0.00867
21	0.01649	0.13824	0.56274	0.02082	0.03145	0.01986	0.02620	0.02453	0.01687	0.02444	0.03882	0.01779	0.01255	0.00776	0.00725	0.00239	0.01095	0.00595	0.00356	0.01134
22	0.01910	0.01816	0.03087	0.07078	0.61513	0.01829	0.02365	0.02378	0.01799	0.02559	0.01630	0.02332	0.01421	0.00787	0.00802	0.00243	0.00935	0.03893	0.00409	0.01215
23	0.01161	0.00891	0.01329	0.01313	0.01447	0.01059	0.01026	0.01439	0.01272	0.01844	0.02073	0.03050	0.01938	0.05732	0.65855	0.01231	0.05361	0.00842	0.00421	0.00716
24	0.74838	0.01526	0.01192	0.01057	0.01553	0.01755	0.00871	0.02391	0.01385	0.06062	0.01183	0.01343	0.00902	0.00746	0.00503	0.00245	0.00616	0.00444	0.00510	0.00878
25	0.77733	0.01534	0.01166	0.01043	0.01534	0.01779	0.00859	0.02331	0.01350	0.03558	0.01104	0.01288	0.00859	0.00736	0.00491	0.00245	0.00613	0.00429	0.00491	0.00859
26	0.02223	0.64225	0.03923	0.01440	0.02086	0.11154	0.01378	0.02471	0.01689	0.01875	0.01117	0.01291	0.01018	0.00695	0.00534	0.00174	0.00919	0.00435	0.00348	0.01006
27	0.01654	0.01440	0.01771	0.01265	0.01973	0.01097	0.03574	0.02019	0.01654	0.02582	0.01418	0.01665	0.01176	0.00591	0.00602	0.00124	0.00618	0.00489	0.00467	0.73823
28	0.01846	0.24877	0.45359	0.01944	0.02938	0.02205	0.02365	0.02534	0.01684	0.05441	0.01407	0.01601	0.01054	0.00741	0.00681	0.00226	0.01049	0.00547	0.00367	0.01133
29	0.01805	0.02140	0.07405	0.03126	0.03877	0.01939	0.55790	0.02439	0.01820	0.02489	0.01726	0.05859	0.01407	0.00796	0.00989	0.00272	0.03680	0.00982	0.00414	0.01044
30	0.01644	0.01409	0.01644	0.01175	0.01879	0.01057	0.00940	0.01997	0.01644	0.02584	0.01409	0.01644	0.01175	0.00587	0.00587	0.00117	0.00587	0.00470	0.00470	0.76979
31	0.01735	0.01735	0.02429	0.02082	0.02082	0.02429	0.01735	0.01908	0.01214	0.01908	0.01041	0.01735	0.01041	0.01388	0.02602	0.00347	0.70680	0.00694	0.00347	0.00867
32	0.01926	0.01832	0.03115	0.04685	0.63677	0.01832	0.02372	0.02391	0.01807	0.02579	0.01636	0.02336	0.01433	0.00786	0.00802	0.00242	0.00931	0.03978	0.00411	0.01228
33	0.00966	0.00690	0.00920	0.01104	0.01150	0.00644	0.00736	0.01104	0.01518	0.02024	0.04371	0.71614	0.05245	0.02484	0.01012	0.00322	0.00460	0.02254	0.00736	0.00644
34	0.01735	0.01735	0.02429	0.02082	0.02082	0.02429	0.01735	0.01908	0.01214	0.01908	0.01041	0.01735	0.01041	0.01388	0.02602	0.00347	0.70680	0.00694	0.00347	0.00867
35	0.00966	0.00793	0.00850	0.00861	0.01095	0.00678	0.00636	0.01184	0.01838	0.02273	0.15734	0.13887	0.52451	0.02003	0.00945	0.00271	0.00404	0.01700	0.00755	0.00678
36	0.01112	0.00810	0.01046	0.00987	0.01179	0.00744	0.00740	0.01477	0.02221	0.03124	0.63591	0.06016	0.10693	0.01642	0.00935	0.00250	0.00376	0.01447	0.00866	0.00744
37	0.01972	0.01703	0.01793	0.01614	0.02062	0.01972	0.01255	0.04214	0.65752	0.03317	0.03228	0.02959	0.02421	0.01076	0.00807	0.00269	0.00628	0.00897	0.00807	0.01255
38	0.01498	0.01409	0.02378	0.70226	0.05462	0.01762	0.02202	0.02026	0.01586	0.02026	0.01409	0.02114	0.01057	0.00793	0.00793	0.00264	0.01057	0.00705	0.00352	0.00881
39	0.01093	0.00809	0.01020	0.00967	0.01167	0.00736	0.00725	0.01440	0.02176	0.03017	0.57556	0.06191	0.16795	0.01682	0.00936	0.00252	0.00378	0.01472	0.00852	0.00736
40	0.01923	0.01843	0.03146	0.10504	0.61862	0.01874	0.02414	0.02399	0.01787	0.02542	0.01485	0.01976	0.01239	0.00714	0.00786	0.00238	0.00952	0.00706	0.00389	0.01224
41	0.05739	0.02171	0.02307	0.01786	0.02406	0.02411	0.01471	0.59383	0.06568	0.04865	0.01937	0.01931	0.01381	0.00950	0.00783	0.00240	0.00851	0.00712	0.00783	0.01326
42	0.01957	0.01377	0.01582	0.01382	0.01795	0.01446	0.01079	0.03259	0.34188	0.13236	0.21317	0.03696	0.03732	0.01191	0.00830	0.00251	0.00560	0.01012	0.00834	0.05276
43	0.01480	0.01194	0.01751	0.02175	0.15694	0.01227	0.01487	0.04115	0.01870	0.02511	0.06488	0.08787	0.06201	0.01762	0.01076	0.00321	0.04218	0.36127	0.00648	0.00868
44	0.13250	0.01429	0.02191	0.59561	0.04856	0.01764	0.01995	0.02073	0.01549	0.02262	0.01362	0.01987	0.01027	0.00784	0.00746	0.00261	0.00989	0.00662	0.00374	0.00877
45	0.01498	0.01409	0.02378	0.70226	0.05462	0.01762	0.02202	0.02026	0.01586	0.02026	0.01409	0.02114	0.01057	0.00793	0.00793	0.00264	0.01057	0.00705	0.00352	0.00881
46	0.01644	0.01409	0.01644	0.01175	0.01879	0.01057	0.00940	0.01997	0.01644	0.02584	0.01409	0.01644	0.01175	0.00587	0.00587	0.00117	0.00587	0.00470	0.00470	0.76979
47	0.01133	0.00850	0.01274	0.01274	0.01416	0.00991	0.00991	0.01416	0.01274	0.01841	0.02124	0.03115	0.01982	0.05947	0.68989	0.01274	0.02124	0.00850	0.00425	0.00708
48	0.01377	0.00689	0.01033	0.01033	0.01033	0.00689	0.00689	0.01033	0.01033	0.01377	0.01377	0.02410	0.01377	0.02755	0.03099	0.76928	0.00689	0.00689	0.00344	0.00344
49	0.01590	0.04102	0.68023	0.02260	0.03432	0.01842	0.02930	0.02511	0.01674	0.02511	0.01423	0.01674	0.01005	0.00753	0.00753	0.00251	0.01172	0.00586	0.00335	0.01172
50	0.01963	0.01884	0.03219	0.04867	0.67185	0.01884	0.02434	0.02434	0.01806	0.02591	0.01492	0.01963	0.01256	0.00707	0.00785	0.00236	0.00942	0.00707	0.00393	0.01256
51	0.01940	0.12480	0.15335	0.06691	0.33970	0.07910	0.02203	0.02440	0.01802	0.02415	0.04495	0.01958	0.01440	0.00769	0.00741	0.00228	0.00994	0.00661	0.00396	0.01134
52	0.01100	0.00826	0.01038	0.01097	0.01289	0.00764	0.00868	0.01395	0.01908	0.02505	0.23722	0.14946	0.23116	0.02005	0.00994	0.00299	0.00501	0.20144	0.00775	0.00708
53	0.01106	0.00810	0.01037	0.00980	0.01175	0.00741	0.00735	0.01465	0.02206	0.03088	0.61572	0.06075	0.12734	0.01655	0.00935	0.00251	0.00377	0.01455	0.00861	0.00741
54	0.01900	0.02482	0.18739	0.03999	0.46272	0.04439	0.02485	0.02455	0.01762	0.02514	0.01443	0.01862	0.01176	0.00755	0.00862	0.00243	0.04359	0.00670	0.00377	0.01204
55	0.08310	0.12759	0.04810	0.01654	0.02030	0.02163	0.01434	0.17260	0.01933	0.02804	0.01513	0.01959	0.01297	0.02066	0.15759	0.00479	0.19639	0.00664	0.00483	0.00985
56	0.01022	0.00717	0.00922	0.01063	0.01104	0.00683	0.00699	0.01137	0.01447	0.01926	0.03934	0.53864	0.04675	0.18468	0.01710	0.00426	0.00542	0.04373	0.00677	0.00610
57	0.71375	0.01467	0.01130	0.01017	0.01483	0.01692	0.00833	0.02291	0.01376	0.03508	0.01228	0.01427	0.00957	0.00752	0.00496	0.00240	0.00593	0.00455	0.06831	0.00849
58	0.00966	0.00690	0.00920	0.01104	0.01150	0.00644	0.00736	0.01104	0.01518	0.02024	0.04371	0.71614	0.05245	0.02484	0.01012	0.00322	0.00460	0.02254	0.00736	0.00644
59	0.09435	0.02112	0.13341	0.02623	0.06377	0.01719	0.32711	0.02302	0.01759	0.02590	0.02045	0.06679	0.01845	0.01009	0.00882	0.00278	0.01083	0.09744	0.00465	0.01001
60	0.01954	0.01878	0.03189	0.04762	0.64727	0.01905	0.02407	0.02414	0.01783	0.02565	0.01475	0.01954	0.01248	0.00732	0.00854	0.00240	0.03575	0.00706	0.00391	0.01241
61	0.09825	0.01462	0.01806	0.01407	0.01996	0.01377	0.01159	0.12175	0.02373	0.50002	0.03022	0.02709	0.05005	0.01007	0.00777	0.00245	0.00684	0.00797	0.00900	0.01273
62	0.01892	0.02008	0.02440	0.02090	0.02186	0.11939	0.04043	0.02093	0.01391	0.01934	0.01134	0.01764	0.01083	0.01468	0.05027	0.00362	0.55226	0.00683	0.00361	0.00876
63	0.01622	0.01943	0.15074	0.02064	0.09418	0.01519	0.07938	0.05766	0.13402	0.02944	0.19868	0.06848	0.05811	0.01177	0.00856	0.00257	0.00769	0.01051	0.00638	0.01035
64	0.01712	0.01450	0.01681	0.01207	0.01908	0.01127	0.00968	0.05105	0.01748	0.02704	0.01434	0.01657	0.01183	0.00605	0.00598	0.00123	0.00601	0.00482	0.00486	0.73221
65	0.01253	0.01020	0.01529	0.25013	0.02680	0.01113	0.01265	0.01676	0.01964	0.02708	0.40648	0.04453	0.04960	0.01565	0.04528	0.00309	0.00705	0.01150	0.00668	0.00792
66	0.01005	0.00806	0.00897	0.00874	0.01113	0.00698	0.00656	0.01269	0.01967	0.02522	0.29507	0.07007	0.45152	0.01867	0.00937	0.00261	0.00392	0.01586	0.00786	0.00698
67	0.01735	0.01735	0.02429	0.02082	0.02082	0.02429	0.01735	0.01908	0.01214	0.01908	0.01041	0.01735	0.01041	0.01388	0.02602	0.00347	0.70680	0.00694	0.00347	0.00867
68	0.01963	0.01884	0.03219	0.04867	0.67185	0.01884	0.02434	0.02434	0.01806	0.02591	0.01492	0.01963	0.01256	0.00707	0.00785	0.00236	0.00942	0.00707	0.00393	0.01256
69	0.02962	0.03779	0.02247	0.02043	0.02451	0.68948	0.01532	0.03166	0.02247	0.01941	0.01226	0.01430	0.01021	0.00817	0.00715	0.00204	0.01430	0.00511	0.00409	0.00919
70	0.01549	0.01336	0.01389	0.01283	0.01657	0.01440	0.00988	0.02957	0.39617	0.02837	0.05192	0.04868	0.28759	0.01457	0.00860	0.00268	0.00535	0.01214	0.00778	0.01016
71	0.01704	0.01448	0.01675	0.01213	0.01906	0.01140	0.00971	0.04242	0.04096	0.02695	0.01494	0.01702	0.01227	0.00618	0.00603	0.00127	0.00599	0.00494	0.00494	0.71552
72	0.03256	0.01834	0.02140	0.01641	0.02266	0.01885	0.01355	0.37599	0.03081	0.32854	0.02448	0.02257	0.01621	0.00965	0.00795	0.00241	0.00785	0.00751	0.00877	0.01349
73	0.01122	0.00811	0.01060	0.00998	0.01185	0.00748	0.00748	0.01496	0.02245	0.03180	0.66766	0.05923	0.07482	0.01621	0.00935	0.00249	0.00374	0.01434	0.00873	0.00748
74	0.02962	0.03779	0.02247	0.02043	0.02451	0.68948	0.01532	0.03166	0.02247	0.01941	0.01226	0.01430	0.01021	0.00817	0.00715	0.00204	0.01430	0.00511	0.00409	0.00919
75	0.02757	0.05770	0.05825	0.01890	0.02377	0.38096	0.01543	0.16407	0.02432	0.05836	0.01525	0.01691	0.01186	0.00882	0.00826	0.00222	0.04982	0.00590	0.04124	0.01040
76	0.01802	0.01935	0.03919	0.06597	0.16084	0.01895	0.42006	0.02365	0.01790	0.02460	0.01740	0.06935	0.01481	0.00842	0.00984	0.00269	0.04460	0.00961	0.00418	0.01057
77	0.00966	0.00690	0.00920	0.01104	0.01150	0.00644	0.00736	0.01104	0.01518	0.02024	0.04371	0.71614	0.05245	0.02484	0.01012	0.00322	0.00460	0.02254	0.00736	0.00644
78	0.01963	0.01884	0.03219	0.04867	0.67185	0.01884	0.02434	0.02434	0.01806	0.02591	0.01492	0.01963	0.01256	0.00707	0.00785	0.00236	0.00942	0.00707	0.00393	0.01256
79	0.01096	0.00832	0.00919	0.00918	0.01074	0.00788	0.00634	0.01314	0.04037	0.01985	0.07423	0.06293	0.30826	0.30182	0.04889	0.00513	0.00641	0.04384	0.00629	0.00624
80	0.00996	0.00806	0.00885	0.00865	0.01107	0.00694	0.00649	0.01252	0.01946	0.02471	0.26631	0.07091	0.48060	0.01886	0.00937	0.00262	0.00393	0.01598	0.00780	0.00694
81	0.01963	0.01884	0.03219	0.04867	0.67185	0.01884	0.02434	0.02434	0.01806	0.02591	0.01492	0.01963	0.01256	0.00707	0.00785	0.00236	0.00942	0.00707	0.00393	0.01256
82	0.01735	0.01735	0.02429	0.02082	0.02082	0.02429	0.01735	0.01908	0.01214	0.01908	0.01041	0.01735	0.01041	0.01388	0.02602	0.00347	0.70680	0.00694	0.00347	0.00867
83	0.00966	0.00690	0.00920	0.01104	0.01150	0.00644	0.00736	0.01104	0.01518	0.02024	0.04371	0.71614	0.05245	0.02484	0.01012	0.00322	0.00460	0.02254	0.00736	0.00644
84	0.01102	0.00800	0.01039	0.01000	0.01178	0.00736	0.00742	0.01450	0.02166	0.03044	0.59332	0.11744	0.09267	0.01710	0.00942	0.00256	0.00383	0.01514	0.00856	0.00736
85	0.01583	0.01496	0.02532	0.58257	0.16765	0.01784	0.02245	0.02101	0.01626	0.02129	0.01424	0.02086	0.01094	0.00777	0.00791	0.00259	0.01036	0.00705	0.00360	0.00950
86	0.00937	0.00803	0.00803	0.00803	0.01071	0.00669	0.00602	0.01138	0.01807	0.02142	0.08033	0.07632	0.66863	0.02008	0.00937	0.00268	0.00402	0.01674	0.00736	0.00669
87	0.01803	0.02489	0.16803	0.05796	0.04059	0.01964	0.49997	0.02514	0.01822	0.02514	0.01562	0.02048	0.01159	0.00690	0.00895	0.00264	0.01294	0.00859	0.00386	0.01082
88	0.01644	0.01409	0.01644	0.01175	0.01879	0.01057	0.00940	0.01997	0.01644	0.02584	0.01409	0.01644	0.01175	0.00587	0.00587	0.00117	0.00587	0.00470	0.00470	0.76979
89	0.00966	0.00690	0.00920	0.01104	0.01150	0.00644	0.00736	0.01104	0.01518	0.02024	0.04371	0.71614	0.05245	0.02484	0.01012	0.00322	0.00460	0.02254	0.00736	0.00644
90	0.01937	0.01871	0.03233	0.07913	0.61897	0.01883	0.04736	0.02418	0.01798	0.02562	0.01492	0.01976	0.01245	0.00709	0.00791	0.00238	0.00962	0.00715	0.00391	0.01231
91	0.01454	0.01180	0.01343	0.01344	0.01588	0.01284	0.00985	0.02607	0.32286	0.02687	0.06186	0.36271	0.03978	0.01778	0.00911	0.00294	0.00537	0.01573	0.00775	0.00940
92	0.01644	0.01409	0.01644	0.01175	0.01879	0.01057	0.00940	0.01997	0.01644	0.02584	0.01409	0.01644	0.01175	0.00587	0.00587	0.00117	0.00587	0.00470	0.00470	0.76979
93	0.01458	0.01340	0.01766	0.01623	0.01724	0.05081	0.01303	0.01695	0.01302	0.01872	0.01664	0.02501	0.01573	0.03941	0.40106	0.00865	0.28240	0.00773	0.00394	0.00780
94	0.77733	0.01534	0.01166	0.01043	0.01534	0.01779	0.00859	0.02331	0.01350	0.03558	0.01104	0.01288	0.00859	0.00736	0.00491	0.00245	0.00613	0.00429	0.00491	0.00859
95	0.00966	0.00690	0.00920	0.01104	0.01150	0.00644	0.00736	0.01104	0.01518	0.02024	0.04371	0.71614	0.05245	0.02484	0.01012	0.00322	0.00460	0.02254	0.00736	0.00644
96	0.01644	0.01409	0.01644	0.01175	0.01879	0.01057	0.00940	0.01997	0.01644	0.02584	0.01409	0.01644	0.01175	0.00587	0.00587	0.00117	0.00587	0.00470	0.00470	0.76979
97	0.02993	0.12136	0.05829	0.01552	0.02195	0.01829	0.01367	0.16256	0.07892	0.35998	0.02494	0.02292	0.01685	0.00927	0.00753	0.00235	0.00764	0.00723	0.00799	0.01283
98	0.01590	0.04102	0.68023	0.02260	0.03432	0.01842	0.02930	0.02511	0.01674	0.02511	0.01423	0.01674	0.01005	0.00753	0.00753	0.00251	0.01172	0.00586	0.00335	0.01172
99	0.05808	0.03133	0.38602	0.02519	0.03433	0.01942	0.22045	0.02457	0.01678	0.02523	0.01429	0.01805	0.01062	0.00782	0.00962	0.00264	0.07394	0.00697	0.00365	0.01096
100	0.01998	0.56875	0.18823	0.01564	0.02356	0.02840	0.01718	0.02406	0.01626	0.02014	0.01176	0.01364	0.01015	0.00696	0.00565	0.00188	0.00922	0.00461	0.00338	0.01053
101	0.01255	0.00897	0.01249	0.01419	0.01595	0.00891	0.01224	0.01609	0.01833	0.02400	0.07555	0.11787	0.04753	0.02174	0.01083	0.00357	0.00698	0.55758	0.00738	0.00727
102	0.06184	0.01375	0.01813	0.01408	0.02008	0.01231	0.01159	0.03827	0.05633	0.61942	0.03060	0.02661	0.01947	0.00978	0.00787	0.00247	0.00670	0.00789	0.00954	0.01327
103	0.06224	0.47295	0.03352	0.01513	0.02083	0.19903	0.01356	0.02524	0.01743	0.01972	0.01190	0.01413	0.01063	0.01002	0.04263	0.00242	0.01055	0.00470	0.00370	0.00967
104	0.02209	0.01782	0.01897	0.01644	0.02130	0.02030	0.01296	0.14767	0.52707	0.05826	0.02992	0.02765	0.02217	0.01051	0.00804	0.00263	0.00672	0.00861	0.00811	0.01275
105	0.01174	0.00861	0.01214	0.01202	0.01315	0.00989	0.00903	0.01406	0.01269	0.01841	0.02177	0.03439	0.02117	0.17678	0.51464	0.01097	0.04207	0.00894	0.04080	0.00673
106	0.00951	0.00749	0.00860	0.00949	0.01109	0.00657	0.00667	0.01122	0.01668	0.02085	0.06262	0.38572	0.37066	0.02239	0.00973	0.00294	0.00430	0.01954	0.00736	0.00657
107	0.02864	0.03503	0.02353	0.02318	0.09019	0.58550	0.01622	0.06410	0.02282	0.02172	0.01289	0.01510	0.01063	0.00813	0.00726	0.00209	0.01350	0.00542	0.00428	0.00977
108	0.02879	0.02154	0.02303	0.01797	0.02407	0.02396	0.01474	0.56674	0.11816	0.04778	0.02076	0.02041	0.01488	0.00968	0.00795	0.00242	0.00841	0.00738	0.00795	0.01336
109	0.01937	0.01854	0.02864	0.12339	0.47504	0.03892	0.02195	0.02682	0.11736	0.02615	0.01743	0.02120	0.01406	0.00778	0.00787	0.00243	0.00922	0.00730	0.00452	0.01200
110	0.77733	0.01534	0.01166	0.01043	0.01534	0.01779	0.00859	0.02331	0.01350	0.03558	0.01104	0.01288	0.00859	0.00736	0.00491	0.00245	0.00613	0.00429	0.00491	0.00859
111	0.01590	0.04102	0.68023	0.02260	0.03432	0.01842	0.02930	0.02511	0.01674	0.02511	0.01423	0.01674	0.01005	0.00753	0.00753	0.00251	0.01172	0.00586	0.00335	0.01172
112	0.00966	0.00690	0.00920	0.01104	0.01150	0.00644	0.00736	0.01104	0.01518	0.02024	0.04371	0.71614	0.05245	0.02484	0.01012	0.00322	0.00460	0.02254	0.00736	0.00644
113	0.01024	0.00810	0.00924	0.00906	0.01138	0.00710	0.00687	0.01301	0.01983	0.02566	0.31352	0.07000	0.40744	0.01861	0.00943	0.00264	0.00403	0.03890	0.00791	0.00703
114	0.01081	0.00809	0.01003	0.00954	0.01159	0.00731	0.00716	0.01417	0.02148	0.02949	0.53717	0.06303	0.20675	0.01707	0.00936	0.00253	0.00380	0.01487	0.00843	0.00731
115	0.01611	0.01522	0.02523	0.44038	0.12132	0.01839	0.05424	0.02075	0.01573	0.02155	0.01436	0.02083	0.01140	0.00877	0.01073	0.00270	0.12047	0.00718	0.04536	0.00927
116	0.01561	0.01500	0.02546	0.57397	0.08000	0.01841	0.05494	0.02062	0.01578	0.02070	0.01390	0.02074	0.01073	0.00836	0.00964	0.00271	0.07364	0.00716	0.00356	0.00907
117	0.01073	0.00761	0.01008	0.04768	0.01386	0.00729	0.00804	0.01264	0.01541	0.02141	0.03916	0.58203	0.04537	0.02162	0.00937	0.00297	0.00488	0.01948	0.08436	0.03600
118	0.01081	0.00879	0.01396	0.01378	0.01529	0.00819	0.08847	0.01289	0.01574	0.02095	0.04156	0.60322	0.07061	0.02235	0.01000	0.00313	0.00570	0.02064	0.00693	0.00699
119	0.02026	0.02144	0.03492	0.03808	0.34201	0.08722	0.22430	0.02615	0.05182	0.02520	0.01575	0.02010	0.01268	0.00751	0.00898	0.00249	0.03777	0.00771	0.00417	0.01146
120	0.01661	0.01425	0.01652	0.01197	0.01889	0.01105	0.00956	0.02112	0.04985	0.02622	0.01504	0.01713	0.01239	0.00613	0.00599	0.00125	0.00589	0.00492	0.00487	0.73033
121	0.01464	0.01296	0.08356	0.01260	0.01591	0.01025	0.01075	0.05236	0.05126	0.07801	0.35196	0.18866	0.05328	0.01602	0.00908	0.00265	0.00539	0.01406	0.00787	0.00873
122	0.01872	0.24247	0.38707	0.02009	0.05881	0.02154	0.02234	0.02509	0.01691	0.05725	0.01418	0.01619	0.01080	0.00731	0.00675	0.00218	0.01006	0.00548	0.00380	0.05295
123	0.02043	0.02012	0.02913	0.02262	0.05069	0.09564	0.22799	0.05016	0.01878	0.05630	0.01528	0.01868	0.01203	0.00748	0.00918	0.00214	0.06927	0.00687	0.00464	0.26258
124	0.01836	0.01750	0.02919	0.04364	0.58994	0.01734	0.02207	0.02273	0.01806	0.02535	0.02302	0.02665	0.09384	0.00868	0.00804	0.00240	0.00875	0.00826	0.00435	0.01183
125	0.03137	0.05507	0.07733	0.01534	0.02189	0.01509	0.01366	0.09126	0.07323	0.47869	0.02771	0.02483	0.01811	0.00950	0.00779	0.00243	0.00741	0.00760	0.00861	0.01309
126	0.01227	0.04613	0.03665	0.01042	0.01369	0.01004	0.00858	0.06772	0.01950	0.02430	0.08597	0.12399	0.44389	0.01842	0.00912	0.00269	0.00515	0.04667	0.00711	0.00768

[dist]
# distance from previous block
# <min> <max>
0	4

# created by:
# /st0/software/busco_prod/Augustus/scripts/msa2prfl.pl ./align_prep/124510.fa
