[name]
unknown

[dist]
# distance from previous block
# <min> <max>
0	0

[block]
# block no. 0 follows, 21 sequences, length 77
# corresponding to MSA columns:
# 0-76
name=unknown_A
#
# <colnr> <probs for GDERKNQSTAVLIFYWHMCP>
#	G	D	E	R	K	N	Q	S	T	A	V	L	I	F	Y	W	H	M	C	P
0	0.01371	0.00980	0.01371	0.01567	0.01763	0.00980	0.01371	0.01763	0.01959	0.02547	0.04506	0.09599	0.04898	0.02351	0.01175	0.00392	0.00784	0.59056	0.00784	0.00784
1	0.01037	0.00741	0.00987	0.01185	0.01234	0.00691	0.00790	0.01185	0.01629	0.02172	0.04690	0.69537	0.05629	0.02666	0.01086	0.00346	0.00494	0.02419	0.00790	0.00691
2	0.01037	0.00741	0.00987	0.01185	0.01234	0.00691	0.00790	0.01185	0.01629	0.02172	0.04690	0.69537	0.05629	0.02666	0.01086	0.00346	0.00494	0.02419	0.00790	0.00691
3	0.01765	0.01513	0.01765	0.01260	0.02017	0.01134	0.01008	0.02143	0.01765	0.02773	0.01513	0.01765	0.01260	0.00630	0.00630	0.00126	0.00630	0.00504	0.00504	0.75295
4	0.03235	0.02384	0.02554	0.01958	0.02639	0.02639	0.01618	0.61946	0.04001	0.05363	0.02043	0.02043	0.01447	0.01022	0.00851	0.00255	0.00936	0.00766	0.00851	0.01447
5	0.02275	0.70604	0.04459	0.01456	0.02184	0.03367	0.01456	0.02548	0.01729	0.02002	0.01183	0.01365	0.01092	0.00728	0.00546	0.00182	0.00910	0.00455	0.00364	0.01092
6	0.01148	0.00868	0.01060	0.01012	0.01237	0.00779	0.00759	0.01497	0.02276	0.03097	0.48555	0.06876	0.24006	0.01857	0.01004	0.00273	0.00410	0.01612	0.00895	0.00779
7	0.03818	0.01448	0.01975	0.01514	0.02172	0.01251	0.01251	0.04147	0.02436	0.65373	0.03357	0.02897	0.02107	0.01053	0.00856	0.00263	0.00724	0.00856	0.01053	0.01448
8	0.01607	0.01513	0.02552	0.68047	0.05861	0.01891	0.02363	0.02174	0.01702	0.02174	0.01513	0.02269	0.01134	0.00851	0.00851	0.00284	0.01134	0.00756	0.00378	0.00945
9	0.01037	0.00741	0.00987	0.01185	0.01234	0.00691	0.00790	0.01185	0.01629	0.02172	0.04690	0.69537	0.05629	0.02666	0.01086	0.00346	0.00494	0.02419	0.00790	0.00691
10	0.01194	0.00869	0.01123	0.01059	0.01265	0.00798	0.00795	0.01585	0.02384	0.03353	0.61350	0.06455	0.11052	0.01762	0.01004	0.00269	0.00403	0.01553	0.00929	0.00798
11	0.01037	0.00741	0.00987	0.01185	0.01234	0.00691	0.00790	0.01185	0.01629	0.02172	0.04690	0.69537	0.05629	0.02666	0.01086	0.00346	0.00494	0.02419	0.00790	0.00691
12	0.76103	0.01646	0.01251	0.01119	0.01646	0.01909	0.00922	0.02502	0.01448	0.03818	0.01185	0.01382	0.00922	0.00790	0.00527	0.00263	0.00658	0.00461	0.00527	0.00922
13	0.01216	0.00912	0.01368	0.01368	0.01520	0.01064	0.01064	0.01520	0.01368	0.01976	0.02279	0.03343	0.02127	0.06382	0.66720	0.01368	0.02279	0.00912	0.00456	0.00760
14	0.01056	0.00754	0.01009	0.01207	0.01265	0.00708	0.00823	0.01218	0.01648	0.02194	0.04680	0.66105	0.05587	0.02648	0.01091	0.00348	0.00510	0.05662	0.00790	0.00697
15	0.02009	0.02296	0.05022	0.03587	0.04448	0.02152	0.61693	0.02726	0.02009	0.02726	0.01722	0.02296	0.01291	0.00717	0.01004	0.00287	0.01435	0.01004	0.00430	0.01148
16	0.01849	0.06797	0.39572	0.02822	0.03903	0.02111	0.25409	0.02700	0.01874	0.02673	0.01585	0.01966	0.01160	0.00770	0.00871	0.00272	0.01308	0.00764	0.00387	0.01208
17	0.01707	0.04402	0.65683	0.02426	0.03683	0.01976	0.03144	0.02695	0.01797	0.02695	0.01527	0.01797	0.01078	0.00809	0.00809	0.00270	0.01258	0.00629	0.00359	0.01258
18	0.76103	0.01646	0.01251	0.01119	0.01646	0.01909	0.00922	0.02502	0.01448	0.03818	0.01185	0.01382	0.00922	0.00790	0.00527	0.00263	0.00658	0.00461	0.00527	0.00922
19	0.01037	0.00741	0.00987	0.01185	0.01234	0.00691	0.00790	0.01185	0.01629	0.02172	0.04690	0.69537	0.05629	0.02666	0.01086	0.00346	0.00494	0.02419	0.00790	0.00691
20	0.02913	0.02200	0.02260	0.01792	0.02370	0.05368	0.01450	0.47221	0.06748	0.04717	0.02189	0.02359	0.01643	0.04264	0.00986	0.00276	0.00891	0.00791	0.08252	0.01311
21	0.03636	0.01614	0.02062	0.01595	0.02247	0.01513	0.01313	0.13175	0.05933	0.52714	0.03158	0.02778	0.02030	0.01054	0.00856	0.00263	0.00755	0.00848	0.01012	0.01443
22	0.02117	0.01828	0.01924	0.01732	0.02213	0.02117	0.01347	0.04522	0.63246	0.03560	0.03464	0.03175	0.02598	0.01155	0.00866	0.00289	0.00673	0.00962	0.00866	0.01347
23	0.03089	0.02270	0.02427	0.01884	0.02529	0.02513	0.01549	0.55785	0.06924	0.05153	0.02155	0.02162	0.01546	0.01027	0.00838	0.00254	0.00894	0.00778	0.04815	0.01407
24	0.01935	0.02130	0.04464	0.16238	0.07639	0.02095	0.47266	0.02613	0.01945	0.02621	0.01675	0.02281	0.01263	0.00745	0.00967	0.00285	0.01356	0.00944	0.00420	0.01118
25	0.03542	0.01555	0.02000	0.01570	0.02204	0.01452	0.01285	0.07399	0.11250	0.53181	0.03300	0.02889	0.02141	0.01066	0.00857	0.00267	0.00729	0.00866	0.01015	0.01434
26	0.01238	0.00825	0.00928	0.00928	0.00928	0.00825	0.00516	0.01238	0.01238	0.01650	0.02681	0.05569	0.03094	0.70092	0.04331	0.00825	0.00825	0.01238	0.00516	0.00516
27	0.01034	0.00863	0.00902	0.00892	0.01167	0.00731	0.00669	0.01277	0.02008	0.02460	0.16671	0.07925	0.56288	0.02095	0.01005	0.00285	0.00427	0.01759	0.00811	0.00731
28	0.01642	0.01596	0.02284	0.05763	0.02341	0.04931	0.08160	0.01897	0.01549	0.02146	0.02328	0.20867	0.02518	0.04862	0.05002	0.00410	0.29073	0.01257	0.00508	0.00866
29	0.01707	0.04402	0.65683	0.02426	0.03683	0.01976	0.03144	0.02695	0.01797	0.02695	0.01527	0.01797	0.01078	0.00809	0.00809	0.00270	0.01258	0.00629	0.00359	0.01258
30	0.03235	0.02384	0.02554	0.01958	0.02639	0.02639	0.01618	0.61946	0.04001	0.05363	0.02043	0.02043	0.01447	0.01022	0.00851	0.00255	0.00936	0.00766	0.00851	0.01447
31	0.01827	0.01550	0.01798	0.01290	0.02043	0.01199	0.01034	0.04698	0.01860	0.02884	0.01535	0.01777	0.01268	0.00647	0.00640	0.00132	0.00643	0.00515	0.00519	0.72140
32	0.03179	0.04056	0.02412	0.02192	0.02631	0.66676	0.01644	0.03398	0.02412	0.02083	0.01315	0.01535	0.01096	0.00877	0.00767	0.00219	0.01535	0.00548	0.00438	0.00987
33	0.01037	0.00741	0.00987	0.01185	0.01234	0.00691	0.00790	0.01185	0.01629	0.02172	0.04690	0.69537	0.05629	0.02666	0.01086	0.00346	0.00494	0.02419	0.00790	0.00691
34	0.02035	0.01950	0.03326	0.14158	0.56404	0.02003	0.02576	0.02550	0.01904	0.02694	0.01588	0.02129	0.01318	0.00771	0.00844	0.00257	0.01029	0.00758	0.00415	0.01291
35	0.01707	0.04402	0.65683	0.02426	0.03683	0.01976	0.03144	0.02695	0.01797	0.02695	0.01527	0.01797	0.01078	0.00809	0.00809	0.00270	0.01258	0.00629	0.00359	0.01258
36	0.01216	0.00912	0.01368	0.01368	0.01520	0.01064	0.01064	0.01520	0.01368	0.01976	0.02279	0.03343	0.02127	0.06382	0.66720	0.01368	0.02279	0.00912	0.00456	0.00760
37	0.03787	0.01498	0.02006	0.01538	0.02197	0.01325	0.01270	0.07243	0.02520	0.62159	0.03287	0.02851	0.02071	0.01052	0.00856	0.00263	0.00736	0.00851	0.01042	0.01448
38	0.01799	0.15131	0.55760	0.02268	0.03440	0.02202	0.02871	0.02671	0.01786	0.02583	0.01471	0.01727	0.01080	0.00795	0.00766	0.00255	0.01201	0.00601	0.00360	0.01231
39	0.01831	0.01817	0.02548	0.02194	0.02201	0.02534	0.01824	0.02023	0.01306	0.02045	0.01172	0.01931	0.01165	0.01719	0.05796	0.00419	0.65422	0.00753	0.00376	0.00923
40	0.02612	0.02074	0.02203	0.01832	0.02402	0.02348	0.01467	0.29942	0.37020	0.04358	0.02835	0.02674	0.02088	0.01096	0.00859	0.00274	0.00790	0.00875	0.00859	0.01391
41	0.02251	0.01832	0.01953	0.01699	0.02196	0.02057	0.01350	0.18199	0.39859	0.03835	0.03645	0.03690	0.08152	0.01276	0.00891	0.00286	0.00721	0.03974	0.00851	0.01285
42	0.40080	0.12589	0.23638	0.01613	0.02417	0.02144	0.01755	0.02574	0.01608	0.03173	0.01301	0.01521	0.01000	0.00787	0.00625	0.00254	0.00899	0.00517	0.00446	0.01061
43	0.02275	0.70604	0.04459	0.01456	0.02184	0.03367	0.01456	0.02548	0.01729	0.02002	0.01183	0.01365	0.01092	0.00728	0.00546	0.00182	0.00910	0.00455	0.00364	0.01092
44	0.71965	0.01634	0.01292	0.01142	0.01676	0.01871	0.00940	0.02596	0.01505	0.07342	0.01309	0.01469	0.00989	0.00805	0.00545	0.00263	0.00662	0.00483	0.00557	0.00952
45	0.02176	0.01593	0.01760	0.01561	0.02008	0.01747	0.01210	0.03887	0.43266	0.12027	0.09168	0.03780	0.05970	0.04661	0.01056	0.00310	0.00652	0.01053	0.00878	0.01241
46	0.01033	0.00857	0.00904	0.00905	0.01169	0.00728	0.00674	0.01268	0.01984	0.02434	0.15510	0.11106	0.54239	0.02129	0.01010	0.00288	0.00431	0.01795	0.00809	0.00728
47	0.01765	0.01513	0.01765	0.01260	0.02017	0.01134	0.01008	0.02143	0.01765	0.02773	0.01513	0.01765	0.01260	0.00630	0.00630	0.00126	0.00630	0.00504	0.00504	0.75295
48	0.03818	0.01448	0.01975	0.01514	0.02172	0.01251	0.01251	0.04147	0.02436	0.65373	0.03357	0.02897	0.02107	0.01053	0.00856	0.00263	0.00724	0.00856	0.01053	0.01448
49	0.01586	0.00793	0.00793	0.00793	0.00991	0.00793	0.00595	0.01983	0.01785	0.03173	0.02776	0.03173	0.02181	0.00991	0.00595	0.00198	0.00397	0.00793	0.74817	0.00793
50	0.01250	0.00921	0.01177	0.01117	0.01326	0.00876	0.00835	0.01759	0.06029	0.03355	0.57476	0.09550	0.07574	0.01754	0.01000	0.00273	0.00423	0.01551	0.00925	0.00830
51	0.01284	0.00914	0.01175	0.01088	0.01140	0.00905	0.04197	0.01327	0.01284	0.01715	0.02624	0.05372	0.02985	0.65917	0.04131	0.00793	0.00862	0.01224	0.00511	0.00554
52	0.03235	0.02384	0.02554	0.01958	0.02639	0.02639	0.01618	0.61946	0.04001	0.05363	0.02043	0.02043	0.01447	0.01022	0.00851	0.00255	0.00936	0.00766	0.00851	0.01447
53	0.01069	0.00804	0.00991	0.01073	0.01221	0.00725	0.00756	0.01296	0.01899	0.02505	0.20144	0.38247	0.21554	0.02309	0.01045	0.00312	0.00455	0.02044	0.00826	0.00725
54	0.01238	0.00825	0.00928	0.00928	0.00928	0.00825	0.00516	0.01238	0.01238	0.01650	0.02681	0.05569	0.03094	0.70092	0.04331	0.00825	0.00825	0.01238	0.00516	0.00516
55	0.76103	0.01646	0.01251	0.01119	0.01646	0.01909	0.00922	0.02502	0.01448	0.03818	0.01185	0.01382	0.00922	0.00790	0.00527	0.00263	0.00658	0.00461	0.00527	0.00922
56	0.02166	0.02135	0.03397	0.05056	0.61345	0.05599	0.02558	0.02655	0.01964	0.02742	0.01585	0.02075	0.01334	0.00765	0.00838	0.00251	0.01040	0.00747	0.00422	0.01328
57	0.39210	0.02736	0.01849	0.01644	0.02145	0.29729	0.01285	0.07482	0.02059	0.03194	0.01307	0.01499	0.01037	0.00845	0.00655	0.00244	0.01055	0.00522	0.00514	0.00990
58	0.01037	0.00741	0.00987	0.01185	0.01234	0.00691	0.00790	0.01185	0.01629	0.02172	0.04690	0.69537	0.05629	0.02666	0.01086	0.00346	0.00494	0.02419	0.00790	0.00691
59	0.02186	0.01875	0.01974	0.01875	0.05283	0.04885	0.01386	0.04205	0.51914	0.06120	0.03515	0.03274	0.05371	0.01165	0.00867	0.00283	0.00719	0.00968	0.00829	0.01306
60	0.02209	0.01740	0.01870	0.01664	0.02150	0.01961	0.01300	0.04306	0.54376	0.09058	0.03739	0.03427	0.05975	0.01201	0.00873	0.00286	0.00665	0.00999	0.00879	0.01321
61	0.01006	0.00862	0.00862	0.00862	0.01149	0.00718	0.00647	0.01221	0.01940	0.02299	0.08621	0.08190	0.64438	0.02155	0.01006	0.00287	0.00431	0.01796	0.00790	0.00718
62	0.01037	0.00741	0.00987	0.01185	0.01234	0.00691	0.00790	0.01185	0.01629	0.02172	0.04690	0.69537	0.05629	0.02666	0.01086	0.00346	0.00494	0.02419	0.00790	0.00691
63	0.03179	0.04056	0.02412	0.02192	0.02631	0.66676	0.01644	0.03398	0.02412	0.02083	0.01315	0.01535	0.01096	0.00877	0.00767	0.00219	0.01535	0.00548	0.00438	0.00987
64	0.01707	0.04402	0.65683	0.02426	0.03683	0.01976	0.03144	0.02695	0.01797	0.02695	0.01527	0.01797	0.01078	0.00809	0.00809	0.00270	0.01258	0.00629	0.00359	0.01258
65	0.01216	0.00912	0.01368	0.01368	0.01520	0.01064	0.01064	0.01520	0.01368	0.01976	0.02279	0.03343	0.02127	0.06382	0.66720	0.01368	0.02279	0.00912	0.00456	0.00760
66	0.01222	0.00881	0.01162	0.01123	0.01323	0.00821	0.00863	0.01622	0.02362	0.03322	0.58062	0.06697	0.07701	0.01804	0.01022	0.00281	0.00442	0.07569	0.00921	0.00801
67	0.03818	0.01448	0.01975	0.01514	0.02172	0.01251	0.01251	0.04147	0.02436	0.65373	0.03357	0.02897	0.02107	0.01053	0.00856	0.00263	0.00724	0.00856	0.01053	0.01448
68	0.02541	0.01248	0.01620	0.01353	0.01801	0.01158	0.01074	0.03127	0.09046	0.32767	0.28834	0.04372	0.04634	0.01351	0.00919	0.00268	0.00584	0.01153	0.00984	0.01168
69	0.02058	0.01960	0.03330	0.05001	0.61386	0.01957	0.02515	0.02558	0.01963	0.02814	0.04957	0.02334	0.01705	0.00811	0.00851	0.00254	0.00978	0.00800	0.00449	0.01319
70	0.02988	0.01634	0.01950	0.01620	0.02192	0.01673	0.01298	0.04330	0.32101	0.35219	0.03409	0.03032	0.02346	0.01103	0.00861	0.00276	0.00699	0.00908	0.00962	0.01399
71	0.02076	0.01991	0.03400	0.09004	0.61238	0.02014	0.02597	0.02585	0.01924	0.02744	0.01595	0.02116	0.01335	0.00764	0.00843	0.00255	0.01018	0.00758	0.00419	0.01324
72	0.01733	0.07448	0.62866	0.02381	0.03614	0.02040	0.03067	0.02688	0.01794	0.02663	0.01511	0.01777	0.01079	0.00805	0.00796	0.00265	0.01242	0.00621	0.00360	0.01250
73	0.02892	0.02235	0.02364	0.01968	0.02550	0.02429	0.01550	0.34276	0.26664	0.04616	0.03161	0.03151	0.05265	0.01303	0.00976	0.00320	0.00890	0.00974	0.00930	0.01487
74	0.12319	0.01472	0.01691	0.01401	0.01818	0.01580	0.04664	0.16282	0.02292	0.07081	0.02600	0.02811	0.05286	0.01051	0.00826	0.00244	0.04292	0.00812	0.30453	0.01025
75	0.01820	0.02268	0.12558	0.06045	0.03115	0.02276	0.15887	0.02277	0.01566	0.02305	0.01410	0.02063	0.01213	0.01469	0.05824	0.00392	0.35304	0.00798	0.00389	0.01021
76	0.01732	0.07367	0.62941	0.02382	0.03616	0.02039	0.03069	0.02688	0.01794	0.02664	0.01512	0.01777	0.01079	0.00805	0.00797	0.00266	0.01242	0.00621	0.00360	0.01250

[dist]
# distance from previous block
# <min> <max>
0	2

[block]
# block no. 1 follows, 21 sequences, length 48
# corresponding to MSA columns:
# 79-126
name=unknown_B
#
# <colnr> <probs for GDERKNQSTAVLIFYWHMCP>
#	G	D	E	R	K	N	Q	S	T	A	V	L	I	F	Y	W	H	M	C	P
0	0.01127	0.00867	0.01030	0.00989	0.01224	0.00770	0.00742	0.01456	0.02226	0.02979	0.42627	0.07071	0.30008	0.01902	0.01005	0.00275	0.00413	0.01639	0.00880	0.00770
1	0.01765	0.01513	0.01765	0.01260	0.02017	0.01134	0.01008	0.02143	0.01765	0.02773	0.01513	0.01765	0.01260	0.00630	0.00630	0.00126	0.00630	0.00504	0.00504	0.75295
2	0.02872	0.01224	0.01656	0.01377	0.01850	0.01075	0.01091	0.03185	0.02297	0.43406	0.14891	0.14581	0.03789	0.01448	0.00921	0.00278	0.00626	0.01242	0.00988	0.01203
3	0.01301	0.00933	0.01273	0.01358	0.01556	0.00905	0.01132	0.01697	0.02148	0.02911	0.29699	0.08234	0.06217	0.02094	0.01103	0.00340	0.00623	0.34836	0.00848	0.00792
4	0.01334	0.00953	0.01329	0.01525	0.01704	0.00947	0.01307	0.01699	0.01922	0.02505	0.04526	0.16275	0.04979	0.02386	0.01165	0.00387	0.00751	0.52748	0.00784	0.00773
5	0.02240	0.01919	0.01950	0.01745	0.02231	0.05178	0.01357	0.04452	0.57724	0.06134	0.03356	0.03084	0.02505	0.01137	0.00861	0.00284	0.00717	0.00938	0.00853	0.01334
6	0.03235	0.02384	0.02554	0.01958	0.02639	0.02639	0.01618	0.61946	0.04001	0.05363	0.02043	0.02043	0.01447	0.01022	0.00851	0.00255	0.00936	0.00766	0.00851	0.01447
7	0.01037	0.00741	0.00987	0.01185	0.01234	0.00691	0.00790	0.01185	0.01629	0.02172	0.04690	0.69537	0.05629	0.02666	0.01086	0.00346	0.00494	0.02419	0.00790	0.00691
8	0.01478	0.00739	0.01109	0.01109	0.01109	0.00739	0.00739	0.01109	0.01109	0.01478	0.01478	0.02587	0.01478	0.02956	0.03326	0.75240	0.00739	0.00739	0.00370	0.00370
9	0.02106	0.02022	0.03454	0.05223	0.64784	0.02022	0.02612	0.02612	0.01938	0.02780	0.01601	0.02106	0.01348	0.00758	0.00842	0.00253	0.01011	0.00758	0.00421	0.01348
10	0.02106	0.02022	0.03454	0.05223	0.64784	0.02022	0.02612	0.02612	0.01938	0.02780	0.01601	0.02106	0.01348	0.00758	0.00842	0.00253	0.01011	0.00758	0.00421	0.01348
11	0.01037	0.00741	0.00987	0.01185	0.01234	0.00691	0.00790	0.01185	0.01629	0.02172	0.04690	0.69537	0.05629	0.02666	0.01086	0.00346	0.00494	0.02419	0.00790	0.00691
12	0.02221	0.64246	0.10339	0.01549	0.02328	0.03234	0.01618	0.02562	0.01736	0.02069	0.01216	0.01407	0.01091	0.00736	0.00571	0.00190	0.00943	0.00472	0.00364	0.01108
13	0.01234	0.00830	0.00951	0.00944	0.00966	0.00823	0.00548	0.01279	0.01368	0.01846	0.09548	0.05657	0.03644	0.62479	0.03961	0.00763	0.00778	0.01271	0.00563	0.00548
14	0.02117	0.01828	0.01924	0.01732	0.02213	0.02117	0.01347	0.04522	0.63246	0.03560	0.03464	0.03175	0.02598	0.01155	0.00866	0.00289	0.00673	0.00962	0.00866	0.01347
15	0.01037	0.00741	0.00987	0.01185	0.01234	0.00691	0.00790	0.01185	0.01629	0.02172	0.04690	0.69537	0.05629	0.02666	0.01086	0.00346	0.00494	0.02419	0.00790	0.00691
16	0.03109	0.03828	0.02490	0.02387	0.06870	0.58855	0.01709	0.06464	0.02464	0.02305	0.01374	0.01601	0.01132	0.00877	0.00777	0.00223	0.01467	0.00574	0.00459	0.01036
17	0.02009	0.02296	0.05022	0.03587	0.04448	0.02152	0.61693	0.02726	0.02009	0.02726	0.01722	0.02296	0.01291	0.00717	0.01004	0.00287	0.01435	0.01004	0.00430	0.01148
18	0.01006	0.00862	0.00862	0.00862	0.01149	0.00718	0.00647	0.01221	0.01940	0.02299	0.08621	0.08190	0.64438	0.02155	0.01006	0.00287	0.00431	0.01796	0.00790	0.00718
19	0.02084	0.01999	0.03414	0.08059	0.62125	0.02016	0.02601	0.02592	0.01927	0.02753	0.01597	0.02114	0.01338	0.00762	0.00843	0.00254	0.01017	0.00758	0.00419	0.01330
20	0.02893	0.02054	0.02189	0.01716	0.02297	0.02256	0.01405	0.49509	0.03541	0.04909	0.02195	0.02277	0.01599	0.01015	0.00798	0.00244	0.00824	0.00772	0.16193	0.01312
21	0.01187	0.00848	0.01159	0.01356	0.01471	0.00820	0.01050	0.01444	0.01777	0.02340	0.04608	0.42701	0.05301	0.02525	0.01126	0.00366	0.00624	0.27777	0.00787	0.00733
22	0.02009	0.02296	0.05022	0.03587	0.04448	0.02152	0.61693	0.02726	0.02009	0.02726	0.01722	0.02296	0.01291	0.00717	0.01004	0.00287	0.01435	0.01004	0.00430	0.01148
23	0.03183	0.03942	0.02421	0.02176	0.02631	0.62309	0.01642	0.07391	0.02520	0.02306	0.01365	0.01569	0.01120	0.00887	0.00773	0.00222	0.01494	0.00563	0.00467	0.01018
24	0.03265	0.02336	0.02524	0.01935	0.02615	0.02568	0.01599	0.58977	0.03921	0.08446	0.02111	0.02087	0.01481	0.01023	0.00852	0.00256	0.00926	0.00771	0.00862	0.01447
25	0.01765	0.01513	0.01765	0.01260	0.02017	0.01134	0.01008	0.02143	0.01765	0.02773	0.01513	0.01765	0.01260	0.00630	0.00630	0.00126	0.00630	0.00504	0.00504	0.75295
26	0.03152	0.01449	0.01839	0.01461	0.02035	0.01337	0.01189	0.09221	0.05824	0.44362	0.08592	0.03690	0.09475	0.01232	0.00884	0.00267	0.00684	0.01011	0.00985	0.01311
27	0.01121	0.00869	0.01025	0.01016	0.01249	0.00773	0.00771	0.01429	0.02139	0.02809	0.33103	0.09786	0.32932	0.02002	0.01019	0.00288	0.00444	0.05610	0.00855	0.00760
28	0.02483	0.02013	0.02642	0.02063	0.02610	0.02206	0.10592	0.34777	0.02953	0.03980	0.02550	0.02787	0.07392	0.01724	0.08412	0.00398	0.07606	0.00913	0.00692	0.01207
29	0.03053	0.01807	0.02895	0.02166	0.02854	0.01707	0.18715	0.12986	0.02524	0.34174	0.02743	0.06135	0.01952	0.01037	0.00910	0.00273	0.00951	0.00967	0.00827	0.01321
30	0.02560	0.02320	0.01933	0.01644	0.02097	0.19780	0.01282	0.25202	0.02804	0.03511	0.02923	0.03120	0.10570	0.04455	0.00979	0.00269	0.00945	0.00880	0.11653	0.01073
31	0.02009	0.02296	0.05022	0.03587	0.04448	0.02152	0.61693	0.02726	0.02009	0.02726	0.01722	0.02296	0.01291	0.00717	0.01004	0.00287	0.01435	0.01004	0.00430	0.01148
32	0.01607	0.01513	0.02552	0.68047	0.05861	0.01891	0.02363	0.02174	0.01702	0.02174	0.01513	0.02269	0.01134	0.00851	0.00851	0.00284	0.01134	0.00756	0.00378	0.00945
33	0.01700	0.01249	0.01482	0.01473	0.01769	0.01320	0.01145	0.02755	0.24459	0.07126	0.06625	0.23092	0.06391	0.01878	0.01002	0.00324	0.00631	0.13729	0.00840	0.01009
34	0.01607	0.01513	0.02552	0.68047	0.05861	0.01891	0.02363	0.02174	0.01702	0.02174	0.01513	0.02269	0.01134	0.00851	0.00851	0.00284	0.01134	0.00756	0.00378	0.00945
35	0.02675	0.02105	0.02238	0.01845	0.02426	0.02377	0.01482	0.33176	0.33684	0.04460	0.02755	0.02610	0.02024	0.01088	0.00859	0.00272	0.00805	0.00864	0.00859	0.01397
36	0.01702	0.01646	0.02896	0.54715	0.12285	0.01931	0.08221	0.02277	0.01758	0.02296	0.01543	0.02253	0.01174	0.00827	0.00865	0.00280	0.01150	0.00781	0.00388	0.01010
37	0.02256	0.02357	0.01743	0.01604	0.01956	0.30672	0.01221	0.02542	0.02320	0.06827	0.20321	0.04374	0.12660	0.01395	0.00896	0.00255	0.00961	0.04036	0.00689	0.00917
38	0.65060	0.01758	0.01448	0.01246	0.01796	0.02020	0.01027	0.11510	0.01835	0.04052	0.01315	0.01483	0.01001	0.00825	0.00576	0.00262	0.00700	0.00507	0.00576	0.01001
39	0.01082	0.00841	0.00987	0.01022	0.01226	0.00746	0.00751	0.01340	0.01999	0.02588	0.23011	0.21935	0.32909	0.02166	0.01030	0.00299	0.00451	0.04050	0.00831	0.00738
40	0.02639	0.01621	0.06566	0.01836	0.02427	0.01330	0.10496	0.03092	0.02247	0.32787	0.11794	0.04292	0.03197	0.01290	0.00947	0.00288	0.00832	0.10272	0.00852	0.01192
41	0.03004	0.03773	0.02427	0.09527	0.02991	0.59460	0.01724	0.03262	0.02333	0.02093	0.01337	0.01616	0.01100	0.00874	0.00777	0.00226	0.01490	0.00571	0.00432	0.00982
42	0.01352	0.01039	0.01415	0.01529	0.01695	0.01102	0.01288	0.01675	0.01846	0.02424	0.04548	0.15604	0.10318	0.02273	0.01329	0.00374	0.08262	0.40409	0.00739	0.00783
43	0.02817	0.01477	0.02237	0.31654	0.03843	0.01541	0.01755	0.03254	0.02103	0.36743	0.02522	0.02612	0.01666	0.00962	0.00854	0.00273	0.00910	0.00811	0.00747	0.01220
44	0.08874	0.01537	0.02369	0.50776	0.04857	0.01860	0.02077	0.02418	0.01738	0.09361	0.01666	0.02233	0.01222	0.00902	0.00926	0.00284	0.04696	0.00739	0.00467	0.00998
45	0.01863	0.02049	0.04340	0.09382	0.04223	0.01965	0.49330	0.02502	0.01937	0.02612	0.02033	0.09782	0.01760	0.00947	0.00999	0.00293	0.01302	0.01139	0.00466	0.01078
46	0.01875	0.01778	0.03085	0.46793	0.05198	0.02030	0.15068	0.08951	0.02024	0.02648	0.01617	0.02249	0.01203	0.00841	0.00884	0.00281	0.01177	0.00811	0.00442	0.01045
47	0.05240	0.01397	0.01796	0.11212	0.02432	0.01439	0.01292	0.09363	0.07417	0.20033	0.24367	0.03892	0.03972	0.01260	0.00894	0.00269	0.00688	0.01065	0.00854	0.01117

[dist]
# distance from previous block
# <min> <max>
18	31

[block]
# block no. 2 follows, 21 sequences, length 6
# corresponding to MSA columns:
# 158-163
name=unknown_C
#
# <colnr> <probs for GDERKNQSTAVLIFYWHMCP>
#	G	D	E	R	K	N	Q	S	T	A	V	L	I	F	Y	W	H	M	C	P
0	0.02045	0.01980	0.03120	0.02449	0.02873	0.02279	0.19008	0.08581	0.09836	0.02808	0.01756	0.02230	0.01440	0.01328	0.04277	0.00352	0.27441	0.00845	0.00511	0.04841
1	0.20398	0.01908	0.01942	0.01605	0.02158	0.02106	0.01322	0.33738	0.05714	0.04361	0.02754	0.03203	0.07733	0.01200	0.00817	0.00274	0.00795	0.06024	0.00762	0.01186
2	0.01474	0.07758	0.01612	0.01341	0.01654	0.01277	0.01096	0.02045	0.09832	0.02589	0.09019	0.12795	0.13193	0.05236	0.01145	0.00331	0.00661	0.20092	0.00734	0.06115
3	0.01241	0.01038	0.01583	0.01463	0.01720	0.00934	0.08693	0.01510	0.01778	0.02402	0.08606	0.43671	0.10739	0.02101	0.01018	0.00306	0.00616	0.01927	0.00726	0.07928
4	0.54777	0.01799	0.01594	0.01335	0.01906	0.02030	0.01101	0.16055	0.02092	0.08296	0.01525	0.01633	0.01120	0.00860	0.00622	0.00262	0.00726	0.00556	0.00635	0.01076
5	0.01739	0.01734	0.02562	0.08058	0.02590	0.02262	0.06379	0.02005	0.01476	0.02144	0.02172	0.02752	0.09342	0.01459	0.02249	0.00347	0.48474	0.00902	0.00432	0.00921

[dist]
# distance from previous block
# <min> <max>
0	4

[block]
# block no. 3 follows, 21 sequences, length 13
# corresponding to MSA columns:
# 168-180
name=unknown_D
#
# <colnr> <probs for GDERKNQSTAVLIFYWHMCP>
#	G	D	E	R	K	N	Q	S	T	A	V	L	I	F	Y	W	H	M	C	P
0	0.02576	0.01748	0.01850	0.01492	0.01980	0.01901	0.01209	0.37973	0.03115	0.04488	0.02336	0.02495	0.01741	0.01010	0.00749	0.00233	0.00721	0.00777	0.30422	0.01186
1	0.01470	0.01102	0.01427	0.01341	0.01539	0.01244	0.01035	0.07732	0.01713	0.02412	0.02964	0.03882	0.09043	0.11592	0.37037	0.00927	0.06010	0.01012	0.05704	0.00813
2	0.02679	0.02071	0.02128	0.01783	0.02331	0.06388	0.01419	0.22656	0.31345	0.10385	0.05547	0.02817	0.02320	0.01109	0.00860	0.00270	0.00808	0.00887	0.00855	0.01342
3	0.19080	0.02057	0.02078	0.01663	0.02279	0.06210	0.01358	0.27119	0.06031	0.20513	0.02231	0.02151	0.01545	0.00977	0.00778	0.00259	0.00845	0.00720	0.00808	0.01299
4	0.01673	0.01478	0.02040	0.01637	0.02184	0.01324	0.09287	0.02375	0.11929	0.02746	0.02662	0.19089	0.02583	0.01240	0.00835	0.00230	0.00713	0.01129	0.00626	0.34220
5	0.01909	0.02029	0.03568	0.02693	0.03258	0.04783	0.31911	0.02394	0.01790	0.02493	0.01722	0.05650	0.01503	0.01231	0.04205	0.00331	0.16111	0.00930	0.00448	0.11041
6	0.01971	0.01532	0.01651	0.01506	0.01901	0.03842	0.01184	0.08202	0.26067	0.07602	0.12219	0.08202	0.11582	0.01536	0.00940	0.00292	0.00665	0.07154	0.00850	0.01103
7	0.01625	0.01538	0.02556	0.63328	0.05601	0.01942	0.02327	0.02165	0.01673	0.02165	0.01484	0.02240	0.01133	0.00897	0.00990	0.00290	0.05967	0.00755	0.00378	0.00944
8	0.02189	0.01514	0.01960	0.01553	0.02158	0.01340	0.04733	0.06885	0.06347	0.14525	0.02606	0.08442	0.02254	0.01121	0.00819	0.00227	0.00725	0.06821	0.00703	0.33076
9	0.02907	0.01840	0.02031	0.01652	0.02233	0.05139	0.01326	0.14999	0.19702	0.25493	0.06518	0.02870	0.02360	0.01079	0.00847	0.00258	0.00768	0.00870	0.00887	0.06221
10	0.02008	0.01592	0.01912	0.01478	0.02103	0.01450	0.03789	0.10289	0.10361	0.06478	0.06722	0.03028	0.08436	0.01005	0.00782	0.00205	0.00682	0.00839	0.00681	0.36162
11	0.29168	0.01704	0.01475	0.01336	0.01771	0.08288	0.01044	0.06362	0.08240	0.07530	0.03373	0.10774	0.13140	0.01329	0.00780	0.00275	0.00714	0.01032	0.00687	0.00980
12	0.19082	0.01718	0.01748	0.01432	0.01972	0.01844	0.01158	0.21274	0.10035	0.07257	0.02174	0.02258	0.01621	0.00942	0.00710	0.00238	0.00700	0.00704	0.14350	0.08784

[dist]
# distance from previous block
# <min> <max>
17	30

[block]
# block no. 4 follows, 21 sequences, length 21
# corresponding to MSA columns:
# 211-231
name=unknown_E
#
# <colnr> <probs for GDERKNQSTAVLIFYWHMCP>
#	G	D	E	R	K	N	Q	S	T	A	V	L	I	F	Y	W	H	M	C	P
0	0.01094	0.00801	0.01002	0.01118	0.01221	0.00733	0.00748	0.01241	0.01618	0.02145	0.04716	0.50977	0.11684	0.11493	0.01488	0.00393	0.00537	0.02103	0.00740	0.04148
1	0.02716	0.02916	0.02161	0.01911	0.02406	0.34971	0.01461	0.03700	0.23058	0.05994	0.02173	0.02187	0.01676	0.00957	0.00792	0.00236	0.01112	0.00701	0.00623	0.08248
2	0.02197	0.01825	0.02272	0.01660	0.02405	0.01645	0.06521	0.18911	0.02411	0.03493	0.01679	0.01889	0.01315	0.00747	0.00725	0.00176	0.00787	0.00621	0.00595	0.48125
3	0.69127	0.01716	0.01376	0.01199	0.01741	0.01979	0.00988	0.08193	0.01693	0.03966	0.01267	0.01446	0.00972	0.00812	0.00558	0.00263	0.00685	0.00490	0.00558	0.00972
4	0.01850	0.01563	0.01811	0.01301	0.02053	0.01222	0.01044	0.05619	0.01895	0.02924	0.01543	0.01781	0.01271	0.00653	0.00643	0.00134	0.00648	0.00519	0.00524	0.71003
5	0.01355	0.00904	0.01237	0.01375	0.01541	0.00870	0.01095	0.01655	0.01904	0.05672	0.10231	0.31165	0.05326	0.02344	0.01110	0.00356	0.00637	0.29623	0.00814	0.00785
6	0.03235	0.02384	0.02554	0.01958	0.02639	0.02639	0.01618	0.61946	0.04001	0.05363	0.02043	0.02043	0.01447	0.01022	0.00851	0.00255	0.00936	0.00766	0.00851	0.01447
7	0.01765	0.01513	0.01765	0.01260	0.02017	0.01134	0.01008	0.02143	0.01765	0.02773	0.01513	0.01765	0.01260	0.00630	0.00630	0.00126	0.00630	0.00504	0.00504	0.75295
8	0.56544	0.01592	0.01447	0.01226	0.01788	0.01731	0.01011	0.02947	0.01715	0.20474	0.01773	0.01792	0.01242	0.00861	0.00616	0.00263	0.00676	0.00568	0.00669	0.01064
9	0.01607	0.01513	0.02552	0.68047	0.05861	0.01891	0.02363	0.02174	0.01702	0.02174	0.01513	0.02269	0.01134	0.00851	0.00851	0.00284	0.01134	0.00756	0.00378	0.00945
10	0.01607	0.01513	0.02552	0.68047	0.05861	0.01891	0.02363	0.02174	0.01702	0.02174	0.01513	0.02269	0.01134	0.00851	0.00851	0.00284	0.01134	0.00756	0.00378	0.00945
11	0.02106	0.02022	0.03454	0.05223	0.64784	0.02022	0.02612	0.02612	0.01938	0.02780	0.01601	0.02106	0.01348	0.00758	0.00842	0.00253	0.01011	0.00758	0.00421	0.01348
12	0.01518	0.00759	0.00992	0.00992	0.01065	0.00759	0.00686	0.01433	0.01359	0.02106	0.01959	0.02804	0.01739	0.02228	0.02314	0.47427	0.00612	0.00759	0.27962	0.00527
13	0.02275	0.70604	0.04459	0.01456	0.02184	0.03367	0.01456	0.02548	0.01729	0.02002	0.01183	0.01365	0.01092	0.00728	0.00546	0.00182	0.00910	0.00455	0.00364	0.01092
14	0.02584	0.02146	0.02182	0.01839	0.02392	0.05542	0.01462	0.25749	0.38243	0.04154	0.02830	0.02673	0.02096	0.01091	0.00856	0.00273	0.00814	0.00869	0.00839	0.01366
15	0.01765	0.01513	0.01765	0.01260	0.02017	0.01134	0.01008	0.02143	0.01765	0.02773	0.01513	0.01765	0.01260	0.00630	0.00630	0.00126	0.00630	0.00504	0.00504	0.75295
16	0.01607	0.01513	0.02552	0.68047	0.05861	0.01891	0.02363	0.02174	0.01702	0.02174	0.01513	0.02269	0.01134	0.00851	0.00851	0.00284	0.01134	0.00756	0.00378	0.00945
17	0.01921	0.01833	0.03120	0.28508	0.42945	0.01973	0.02520	0.02450	0.01850	0.02556	0.01568	0.02167	0.01269	0.00793	0.00846	0.00264	0.01057	0.00758	0.00405	0.01199
18	0.01591	0.01477	0.02474	0.63645	0.05590	0.01830	0.02298	0.02147	0.01719	0.02199	0.01711	0.02754	0.01384	0.00950	0.00872	0.00291	0.01111	0.04616	0.00405	0.00935
19	0.39977	0.01923	0.01842	0.01493	0.02094	0.02139	0.01232	0.26484	0.02566	0.10331	0.01737	0.01792	0.01246	0.00908	0.00688	0.00260	0.00776	0.00621	0.00707	0.01183
20	0.65846	0.01618	0.01354	0.01175	0.01720	0.01816	0.00968	0.02735	0.01588	0.12553	0.01493	0.01597	0.01090	0.00827	0.00573	0.00263	0.00668	0.00517	0.00601	0.00996

[dist]
# distance from previous block
# <min> <max>
18	26

[block]
# block no. 5 follows, 21 sequences, length 10
# corresponding to MSA columns:
# 261-270
name=unknown_F
#
# <colnr> <probs for GDERKNQSTAVLIFYWHMCP>
#	G	D	E	R	K	N	Q	S	T	A	V	L	I	F	Y	W	H	M	C	P
0	0.02303	0.02061	0.02051	0.01675	0.02235	0.09971	0.01324	0.16177	0.14477	0.03349	0.02172	0.06353	0.01814	0.01027	0.00888	0.00226	0.04421	0.00793	0.00657	0.26025
1	0.01799	0.03591	0.43496	0.02690	0.03706	0.02092	0.17440	0.02629	0.01792	0.02629	0.01528	0.01927	0.01135	0.00864	0.01084	0.00286	0.09006	0.00735	0.00378	0.01193
2	0.01772	0.11984	0.58671	0.02315	0.03512	0.02136	0.02951	0.02678	0.01789	0.02616	0.01488	0.01747	0.01080	0.00799	0.00778	0.00259	0.01218	0.00609	0.00360	0.01239
3	0.02367	0.01197	0.01556	0.01315	0.01730	0.01109	0.01038	0.02924	0.08031	0.28993	0.33559	0.04636	0.05085	0.01403	0.00930	0.00268	0.00560	0.01204	0.00978	0.01119
4	0.05975	0.00949	0.01164	0.01078	0.01332	0.00888	0.00820	0.01763	0.02306	0.06710	0.51735	0.06036	0.12688	0.01683	0.00966	0.00269	0.00438	0.01460	0.00904	0.00837
5	0.02482	0.29210	0.03157	0.01846	0.05021	0.05516	0.01520	0.16803	0.20076	0.03262	0.02064	0.02084	0.01620	0.00927	0.00731	0.00234	0.00879	0.00690	0.00627	0.01254
6	0.08859	0.04137	0.59489	0.02300	0.03487	0.01970	0.02931	0.02676	0.01763	0.02803	0.01494	0.01757	0.01063	0.00807	0.00781	0.00269	0.01200	0.00613	0.00375	0.01225
7	0.03179	0.04056	0.02412	0.02192	0.02631	0.66676	0.01644	0.03398	0.02412	0.02083	0.01315	0.01535	0.01096	0.00877	0.00767	0.00219	0.01535	0.00548	0.00438	0.00987
8	0.01193	0.00806	0.00941	0.00986	0.00997	0.00795	0.00577	0.01226	0.01325	0.01767	0.03131	0.19880	0.03661	0.55007	0.03605	0.00718	0.00751	0.01502	0.00577	0.00555
9	0.02094	0.01707	0.01941	0.01417	0.02156	0.01471	0.01145	0.15522	0.02265	0.03353	0.01631	0.01827	0.01302	0.00718	0.00680	0.00155	0.00699	0.00563	0.00582	0.58773

[dist]
# distance from previous block
# <min> <max>
0	3

[block]
# block no. 6 follows, 21 sequences, length 39
# corresponding to MSA columns:
# 274-303,305-313
name=unknown_G
#
# <colnr> <probs for GDERKNQSTAVLIFYWHMCP>
#	G	D	E	R	K	N	Q	S	T	A	V	L	I	F	Y	W	H	M	C	P
0	0.02009	0.02296	0.05022	0.03587	0.04448	0.02152	0.61693	0.02726	0.02009	0.02726	0.01722	0.02296	0.01291	0.00717	0.01004	0.00287	0.01435	0.01004	0.00430	0.01148
1	0.01161	0.00842	0.01121	0.01300	0.01427	0.00803	0.00997	0.01407	0.01783	0.02326	0.04981	0.41199	0.10747	0.02500	0.01113	0.00358	0.00598	0.23821	0.00788	0.00729
2	0.01193	0.00861	0.01127	0.01079	0.01269	0.00795	0.00802	0.01576	0.02354	0.03325	0.60100	0.10842	0.07859	0.01806	0.01010	0.00273	0.00408	0.01602	0.00926	0.00795
3	0.01006	0.00862	0.00862	0.00862	0.01149	0.00718	0.00647	0.01221	0.01940	0.02299	0.08621	0.08190	0.64438	0.02155	0.01006	0.00287	0.00431	0.01796	0.00790	0.00718
4	0.01955	0.07388	0.19297	0.03169	0.04115	0.02192	0.43826	0.02707	0.01940	0.02670	0.01640	0.02115	0.01228	0.00740	0.00927	0.00276	0.01358	0.00879	0.00409	0.01170
5	0.03183	0.03943	0.02421	0.02177	0.02631	0.62368	0.01642	0.07337	0.02519	0.02303	0.01364	0.01569	0.01120	0.00887	0.00773	0.00222	0.01494	0.00563	0.00466	0.01018
6	0.03818	0.01448	0.01975	0.01514	0.02172	0.01251	0.01251	0.04147	0.02436	0.65373	0.03357	0.02897	0.02107	0.01053	0.00856	0.00263	0.00724	0.00856	0.01053	0.01448
7	0.01606	0.01474	0.02459	0.64475	0.05603	0.01832	0.02269	0.02164	0.01706	0.02227	0.01580	0.02317	0.01190	0.00858	0.00837	0.00279	0.01095	0.00758	0.04332	0.00937
8	0.02035	0.42593	0.30364	0.01866	0.02818	0.02779	0.02170	0.02610	0.01758	0.02295	0.01329	0.01548	0.01086	0.00762	0.00657	0.00219	0.01057	0.00529	0.00362	0.01162
9	0.02046	0.01961	0.03346	0.12755	0.57720	0.02006	0.02582	0.02559	0.01909	0.02708	0.01590	0.02126	0.01322	0.00769	0.00843	0.00256	0.01026	0.00758	0.00416	0.01300
10	0.01024	0.00868	0.00888	0.00898	0.01181	0.00732	0.00684	0.01249	0.01941	0.02312	0.08410	0.08262	0.61392	0.02165	0.01014	0.00293	0.00449	0.04726	0.00790	0.00722
11	0.01037	0.00741	0.00987	0.01185	0.01234	0.00691	0.00790	0.01185	0.01629	0.02172	0.04690	0.69537	0.05629	0.02666	0.01086	0.00346	0.00494	0.02419	0.00790	0.00691
12	0.45176	0.02529	0.01812	0.01777	0.06244	0.24964	0.01292	0.02828	0.01824	0.03131	0.01259	0.01485	0.01012	0.00819	0.00634	0.00247	0.00994	0.00512	0.00488	0.00973
13	0.02275	0.70604	0.04459	0.01456	0.02184	0.03367	0.01456	0.02548	0.01729	0.02002	0.01183	0.01365	0.01092	0.00728	0.00546	0.00182	0.00910	0.00455	0.00364	0.01092
14	0.01722	0.01629	0.02759	0.53637	0.19376	0.01921	0.02420	0.02275	0.01756	0.02313	0.01533	0.02232	0.01183	0.00830	0.00849	0.00277	0.01106	0.00757	0.00388	0.01038
15	0.02966	0.02139	0.02328	0.01845	0.02448	0.02345	0.01499	0.49647	0.07255	0.07582	0.02461	0.09127	0.01978	0.01201	0.00877	0.00267	0.00865	0.00953	0.00855	0.01363
16	0.01037	0.00741	0.00987	0.01185	0.01234	0.00691	0.00790	0.01185	0.01629	0.02172	0.04690	0.69537	0.05629	0.02666	0.01086	0.00346	0.00494	0.02419	0.00790	0.00691
17	0.02009	0.02296	0.05022	0.03587	0.04448	0.02152	0.61693	0.02726	0.02009	0.02726	0.01722	0.02296	0.01291	0.00717	0.01004	0.00287	0.01435	0.01004	0.00430	0.01148
18	0.01707	0.04402	0.65683	0.02426	0.03683	0.01976	0.03144	0.02695	0.01797	0.02695	0.01527	0.01797	0.01078	0.00809	0.00809	0.00270	0.01258	0.00629	0.00359	0.01258
19	0.02106	0.02022	0.03454	0.05223	0.64784	0.02022	0.02612	0.02612	0.01938	0.02780	0.01601	0.02106	0.01348	0.00758	0.00842	0.00253	0.01011	0.00758	0.00421	0.01348
20	0.01037	0.00741	0.00987	0.01185	0.01234	0.00691	0.00790	0.01185	0.01629	0.02172	0.04690	0.69537	0.05629	0.02666	0.01086	0.00346	0.00494	0.02419	0.00790	0.00691
21	0.03818	0.01448	0.01975	0.01514	0.02172	0.01251	0.01251	0.04147	0.02436	0.65373	0.03357	0.02897	0.02107	0.01053	0.00856	0.00263	0.00724	0.00856	0.01053	0.01448
22	0.01707	0.04402	0.65683	0.02426	0.03683	0.01976	0.03144	0.02695	0.01797	0.02695	0.01527	0.01797	0.01078	0.00809	0.00809	0.00270	0.01258	0.00629	0.00359	0.01258
23	0.03179	0.04056	0.02412	0.02192	0.02631	0.66676	0.01644	0.03398	0.02412	0.02083	0.01315	0.01535	0.01096	0.00877	0.00767	0.00219	0.01535	0.00548	0.00438	0.00987
24	0.01006	0.00862	0.00862	0.00862	0.01149	0.00718	0.00647	0.01221	0.01940	0.02299	0.08621	0.08190	0.64438	0.02155	0.01006	0.00287	0.00431	0.01796	0.00790	0.00718
25	0.03179	0.04056	0.02412	0.02192	0.02631	0.66676	0.01644	0.03398	0.02412	0.02083	0.01315	0.01535	0.01096	0.00877	0.00767	0.00219	0.01535	0.00548	0.00438	0.00987
26	0.02106	0.02022	0.03454	0.05223	0.64784	0.02022	0.02612	0.02612	0.01938	0.02780	0.01601	0.02106	0.01348	0.00758	0.00842	0.00253	0.01011	0.00758	0.00421	0.01348
27	0.01006	0.00862	0.00862	0.00862	0.01149	0.00718	0.00647	0.01221	0.01940	0.02299	0.08621	0.08190	0.64438	0.02155	0.01006	0.00287	0.00431	0.01796	0.00790	0.00718
28	0.01037	0.00741	0.00987	0.01185	0.01234	0.00691	0.00790	0.01185	0.01629	0.02172	0.04690	0.69537	0.05629	0.02666	0.01086	0.00346	0.00494	0.02419	0.00790	0.00691
29	0.21210	0.01539	0.01827	0.01439	0.02067	0.01474	0.01188	0.06422	0.02270	0.47767	0.02773	0.02492	0.01791	0.00988	0.00776	0.00263	0.00718	0.00756	0.00917	0.01321
30	0.03215	0.02979	0.02503	0.02042	0.02636	0.25453	0.01627	0.41088	0.03435	0.04195	0.01784	0.01862	0.01322	0.00970	0.00821	0.00243	0.01150	0.00688	0.00704	0.01283
31	0.01988	0.37174	0.35375	0.01946	0.02941	0.02665	0.02309	0.02622	0.01763	0.02352	0.01357	0.01583	0.01085	0.00769	0.00679	0.00226	0.01086	0.00543	0.00362	0.01176
32	0.09177	0.01913	0.01724	0.01417	0.01976	0.13899	0.01107	0.02576	0.05247	0.08034	0.06940	0.02883	0.08736	0.01002	0.00746	0.00205	0.00780	0.00777	0.00621	0.30238
33	0.02287	0.01747	0.01936	0.01598	0.02088	0.01879	0.01275	0.27791	0.16165	0.04239	0.21873	0.03628	0.03752	0.01257	0.00892	0.00260	0.00697	0.01039	0.00865	0.04732
34	0.01765	0.01513	0.01765	0.01260	0.02017	0.01134	0.01008	0.02143	0.01765	0.02773	0.01513	0.01765	0.01260	0.00630	0.00630	0.00126	0.00630	0.00504	0.00504	0.75295
35	0.02160	0.02330	0.04787	0.03485	0.04302	0.02156	0.55730	0.02753	0.02125	0.02884	0.02356	0.02949	0.05310	0.00962	0.01091	0.00328	0.01421	0.01110	0.00532	0.01229
36	0.02459	0.01666	0.01868	0.01586	0.02120	0.01759	0.01256	0.07668	0.35881	0.17880	0.03712	0.03421	0.08103	0.01184	0.00861	0.00271	0.00677	0.00975	0.00880	0.05772
37	0.03012	0.02227	0.02407	0.01871	0.02511	0.02432	0.01531	0.54895	0.03730	0.05018	0.02207	0.06822	0.01736	0.01120	0.00858	0.00256	0.00891	0.00872	0.00831	0.04774
38	0.02074	0.01989	0.03396	0.09255	0.61003	0.02014	0.02596	0.02584	0.01923	0.02741	0.01595	0.02117	0.01334	0.00764	0.00843	0.00255	0.01019	0.00758	0.00418	0.01322

[dist]
# distance from previous block
# <min> <max>
0	4

[block]
# block no. 7 follows, 21 sequences, length 53
# corresponding to MSA columns:
# 318-370
name=unknown_H
#
# <colnr> <probs for GDERKNQSTAVLIFYWHMCP>
#	G	D	E	R	K	N	Q	S	T	A	V	L	I	F	Y	W	H	M	C	P
0	0.06085	0.02114	0.02287	0.01807	0.02428	0.02317	0.01477	0.42788	0.12461	0.10513	0.05214	0.02462	0.01961	0.01068	0.00847	0.00262	0.00841	0.00826	0.00863	0.01381
1	0.02476	0.01891	0.02041	0.01752	0.02285	0.02128	0.01386	0.14716	0.46962	0.09706	0.03201	0.02947	0.02347	0.01121	0.00862	0.00280	0.00725	0.00917	0.00881	0.01374
2	0.01262	0.00932	0.01197	0.01194	0.01404	0.00893	0.00928	0.01740	0.05451	0.03116	0.42956	0.10823	0.10293	0.01905	0.01034	0.00298	0.00495	0.12374	0.00887	0.00816
3	0.01748	0.09218	0.61229	0.02355	0.03574	0.02078	0.03021	0.02684	0.01792	0.02645	0.01502	0.01765	0.01079	0.00803	0.00789	0.00263	0.01232	0.00616	0.00360	0.01246
4	0.02503	0.05737	0.02958	0.02072	0.02788	0.01635	0.19646	0.03047	0.04588	0.22539	0.05384	0.02550	0.01923	0.00873	0.00839	0.00236	0.00912	0.00836	0.00683	0.18251
5	0.02173	0.58754	0.15418	0.01630	0.02453	0.03118	0.01758	0.02575	0.01741	0.02126	0.01245	0.01442	0.01090	0.00742	0.00593	0.00198	0.00972	0.00486	0.00363	0.01122
6	0.01991	0.02239	0.04785	0.03418	0.04271	0.02078	0.57278	0.02684	0.01991	0.02729	0.01706	0.02257	0.01289	0.00711	0.00977	0.00275	0.01376	0.00968	0.00436	0.06542
7	0.03235	0.02384	0.02554	0.01958	0.02639	0.02639	0.01618	0.61946	0.04001	0.05363	0.02043	0.02043	0.01447	0.01022	0.00851	0.00255	0.00936	0.00766	0.00851	0.01447
8	0.01006	0.00862	0.00862	0.00862	0.01149	0.00718	0.00647	0.01221	0.01940	0.02299	0.08621	0.08190	0.64438	0.02155	0.01006	0.00287	0.00431	0.01796	0.00790	0.00718
9	0.02275	0.70604	0.04459	0.01456	0.02184	0.03367	0.01456	0.02548	0.01729	0.02002	0.01183	0.01365	0.01092	0.00728	0.00546	0.00182	0.00910	0.00455	0.00364	0.01092
10	0.01707	0.04402	0.65683	0.02426	0.03683	0.01976	0.03144	0.02695	0.01797	0.02695	0.01527	0.01797	0.01078	0.00809	0.00809	0.00270	0.01258	0.00629	0.00359	0.01258
11	0.01006	0.00862	0.00862	0.00862	0.01149	0.00718	0.00647	0.01221	0.01940	0.02299	0.08621	0.08190	0.64438	0.02155	0.01006	0.00287	0.00431	0.01796	0.00790	0.00718
12	0.01037	0.00741	0.00987	0.01185	0.01234	0.00691	0.00790	0.01185	0.01629	0.02172	0.04690	0.69537	0.05629	0.02666	0.01086	0.00346	0.00494	0.02419	0.00790	0.00691
13	0.76103	0.01646	0.01251	0.01119	0.01646	0.01909	0.00922	0.02502	0.01448	0.03818	0.01185	0.01382	0.00922	0.00790	0.00527	0.00263	0.00658	0.00461	0.00527	0.00922
14	0.01037	0.00741	0.00987	0.01185	0.01234	0.00691	0.00790	0.01185	0.01629	0.02172	0.04690	0.69537	0.05629	0.02666	0.01086	0.00346	0.00494	0.02419	0.00790	0.00691
15	0.01961	0.02625	0.14500	0.03405	0.04328	0.02125	0.52545	0.02721	0.01975	0.02721	0.01691	0.02218	0.01258	0.00732	0.00974	0.00284	0.01407	0.00946	0.00419	0.01165
16	0.76103	0.01646	0.01251	0.01119	0.01646	0.01909	0.00922	0.02502	0.01448	0.03818	0.01185	0.01382	0.00922	0.00790	0.00527	0.00263	0.00658	0.00461	0.00527	0.00922
17	0.01707	0.04402	0.65683	0.02426	0.03683	0.01976	0.03144	0.02695	0.01797	0.02695	0.01527	0.01797	0.01078	0.00809	0.00809	0.00270	0.01258	0.00629	0.00359	0.01258
18	0.01006	0.00862	0.00862	0.00862	0.01149	0.00718	0.00647	0.01221	0.01940	0.02299	0.08621	0.08190	0.64438	0.02155	0.01006	0.00287	0.00431	0.01796	0.00790	0.00718
