[name]
unknown

[dist]
# distance from previous block
# <min> <max>
0	39

[block]
# block no. 0 follows, 23 sequences, length 13
# corresponding to MSA columns:
# 39-51
name=unknown_A
#
# <colnr> <probs for GDERKNQSTAVLIFYWHMCP>
#	G	D	E	R	K	N	Q	S	T	A	V	L	I	F	Y	W	H	M	C	P
0	0.01444	0.00957	0.01344	0.01472	0.01684	0.00959	0.01271	0.01805	0.01842	0.06544	0.04018	0.08157	0.04240	0.02538	0.07669	0.00457	0.00883	0.51199	0.00733	0.00786
1	0.10804	0.01453	0.01849	0.01432	0.02049	0.01334	0.01183	0.07423	0.02321	0.57037	0.02923	0.02571	0.01860	0.00978	0.00785	0.00251	0.00697	0.00774	0.00944	0.01332
2	0.12700	0.01392	0.01650	0.01364	0.01880	0.01369	0.01115	0.06368	0.09312	0.37117	0.02883	0.02984	0.02054	0.01050	0.00766	0.00254	0.00655	0.04449	0.09446	0.01194
3	0.01044	0.00754	0.00968	0.01059	0.01159	0.00700	0.00727	0.01246	0.01750	0.02365	0.21367	0.43710	0.10255	0.07452	0.01241	0.00340	0.00466	0.01950	0.00772	0.00677
4	0.06280	0.01229	0.01288	0.05566	0.01663	0.05872	0.00970	0.04685	0.06559	0.02787	0.10155	0.03461	0.02655	0.01486	0.02692	0.10365	0.00672	0.05221	0.25595	0.00799
5	0.02009	0.01966	0.02481	0.21337	0.22532	0.11346	0.01910	0.07031	0.04514	0.02573	0.01749	0.06429	0.01505	0.00903	0.00792	0.00240	0.00983	0.00781	0.00471	0.08448
6	0.01990	0.01135	0.01529	0.01516	0.06172	0.01026	0.01056	0.02289	0.02237	0.20308	0.35673	0.12998	0.05381	0.01589	0.00965	0.00284	0.00564	0.01364	0.00903	0.01019
7	0.01416	0.00947	0.01316	0.08799	0.01819	0.00927	0.01018	0.01791	0.02130	0.08645	0.43078	0.10483	0.05979	0.01623	0.00948	0.00273	0.00527	0.06634	0.00820	0.00826
8	0.01958	0.01473	0.01700	0.06355	0.02044	0.01561	0.01145	0.23040	0.06261	0.03349	0.09706	0.03418	0.05642	0.12378	0.05331	0.00384	0.00816	0.00930	0.04514	0.07995
9	0.16714	0.01831	0.02028	0.22501	0.03145	0.07706	0.01549	0.17889	0.02245	0.08725	0.01867	0.06973	0.01508	0.00987	0.00762	0.00257	0.00902	0.00776	0.00591	0.01045
10	0.06777	0.01355	0.01580	0.01357	0.01758	0.01367	0.01057	0.16666	0.04896	0.17116	0.11280	0.18585	0.03327	0.03169	0.00933	0.00276	0.00631	0.01201	0.03192	0.03477
11	0.04585	0.01598	0.02457	0.40716	0.04259	0.01838	0.07700	0.13214	0.02115	0.02865	0.08904	0.02540	0.01892	0.00923	0.00830	0.00263	0.00978	0.00820	0.00513	0.00990
12	0.07279	0.01608	0.01922	0.17061	0.07366	0.05445	0.01453	0.16099	0.03525	0.03061	0.08299	0.08861	0.02393	0.05593	0.03268	0.00324	0.00877	0.00946	0.03643	0.00976

[dist]
# distance from previous block
# <min> <max>
14	43

[block]
# block no. 1 follows, 23 sequences, length 24
# corresponding to MSA columns:
# 97-120
name=unknown_B
#
# <colnr> <probs for GDERKNQSTAVLIFYWHMCP>
#	G	D	E	R	K	N	Q	S	T	A	V	L	I	F	Y	W	H	M	C	P
0	0.10361	0.05910	0.09799	0.01487	0.02104	0.01563	0.01342	0.05039	0.09898	0.30394	0.02494	0.02580	0.01801	0.07007	0.01038	0.00290	0.00760	0.00755	0.00737	0.04644
1	0.01933	0.25662	0.28219	0.01850	0.02630	0.08005	0.02000	0.02655	0.08226	0.02338	0.01683	0.05710	0.01436	0.00912	0.00777	0.00235	0.03538	0.00675	0.00425	0.01092
2	0.06571	0.01781	0.02859	0.23786	0.40644	0.01918	0.02266	0.05863	0.01864	0.02681	0.01501	0.02008	0.01205	0.00766	0.00788	0.00251	0.00974	0.00705	0.00419	0.01151
3	0.01867	0.01507	0.01910	0.01566	0.05748	0.01273	0.03580	0.05137	0.05577	0.06503	0.06482	0.02199	0.01816	0.00759	0.00688	0.00165	0.00657	0.00643	0.00569	0.51352
4	0.09592	0.01747	0.02896	0.17257	0.38049	0.01830	0.07433	0.02345	0.01788	0.02669	0.05458	0.02234	0.01591	0.00798	0.00797	0.00252	0.00952	0.00760	0.00435	0.01117
5	0.06211	0.02081	0.02334	0.05849	0.05412	0.02300	0.01553	0.46166	0.08683	0.08131	0.02052	0.02074	0.01466	0.00956	0.00799	0.00248	0.00862	0.00738	0.00766	0.01317
6	0.77215	0.01569	0.01193	0.01067	0.01569	0.01820	0.00879	0.02385	0.01381	0.03641	0.01130	0.01318	0.00879	0.00753	0.00502	0.00251	0.00628	0.00439	0.00502	0.00879
7	0.01180	0.00787	0.00885	0.00885	0.00885	0.00787	0.00492	0.01180	0.01180	0.01573	0.02557	0.05310	0.02950	0.71483	0.04130	0.00787	0.00787	0.01180	0.00492	0.00492
8	0.03641	0.01381	0.01883	0.01444	0.02071	0.01193	0.01193	0.03954	0.02322	0.66984	0.03201	0.02762	0.02009	0.01004	0.00816	0.00251	0.00690	0.00816	0.01004	0.01381
9	0.03426	0.01333	0.01814	0.01407	0.01997	0.01156	0.01156	0.03745	0.02320	0.61484	0.08620	0.03047	0.02496	0.01061	0.00828	0.00251	0.00664	0.00872	0.00995	0.01328
10	0.03641	0.01381	0.01883	0.01444	0.02071	0.01193	0.01193	0.03954	0.02322	0.66984	0.03201	0.02762	0.02009	0.01004	0.00816	0.00251	0.00690	0.00816	0.01004	0.01381
11	0.01172	0.00819	0.01050	0.01050	0.01107	0.00876	0.00697	0.01286	0.01229	0.01695	0.02406	0.04476	0.02588	0.45795	0.29323	0.00990	0.01331	0.01058	0.00469	0.00583
12	0.01879	0.25724	0.31001	0.02160	0.05736	0.04946	0.08488	0.02490	0.01777	0.02378	0.05152	0.01887	0.01454	0.00790	0.00720	0.00229	0.01061	0.00636	0.00389	0.01105
13	0.01457	0.01308	0.02258	0.08946	0.05369	0.01298	0.16660	0.05362	0.01861	0.02509	0.08485	0.34032	0.03678	0.01652	0.00963	0.00294	0.00796	0.01572	0.00627	0.00872
14	0.01856	0.02013	0.03809	0.02872	0.03343	0.02236	0.37236	0.02324	0.01629	0.02324	0.01396	0.02013	0.01161	0.00997	0.01683	0.00308	0.30554	0.00852	0.00387	0.01006
15	0.02811	0.02160	0.06240	0.01802	0.02433	0.02195	0.01547	0.42009	0.12740	0.10945	0.02357	0.02501	0.01736	0.01040	0.00825	0.00256	0.00846	0.03430	0.00802	0.01326
16	0.05295	0.32362	0.33662	0.01787	0.02680	0.02370	0.02086	0.02438	0.01707	0.02383	0.05287	0.01790	0.01436	0.00793	0.00665	0.00222	0.00983	0.00576	0.00386	0.01091
17	0.01035	0.00739	0.00994	0.01183	0.01250	0.00699	0.00833	0.01210	0.01599	0.02123	0.04447	0.62012	0.05266	0.02499	0.01048	0.00336	0.00511	0.10793	0.00752	0.00672
18	0.06192	0.01816	0.03429	0.30317	0.12637	0.01921	0.27099	0.02359	0.01756	0.02453	0.01516	0.02104	0.01157	0.00745	0.00852	0.00267	0.01156	0.00801	0.00394	0.01028
19	0.01634	0.01636	0.03068	0.39731	0.08344	0.01788	0.20600	0.02190	0.01751	0.02318	0.04536	0.05373	0.01623	0.00882	0.00871	0.00272	0.01103	0.00896	0.00419	0.00965
20	0.01824	0.03013	0.33625	0.12305	0.09614	0.01962	0.15909	0.07224	0.01919	0.02710	0.01539	0.01926	0.01130	0.00769	0.00823	0.00260	0.01174	0.00716	0.00402	0.01156
21	0.08318	0.09209	0.06745	0.02059	0.02748	0.01862	0.19235	0.03256	0.11298	0.23575	0.02289	0.02311	0.01608	0.00861	0.00800	0.00253	0.00922	0.00790	0.00661	0.01199
22	0.02010	0.09446	0.28916	0.02215	0.04882	0.04344	0.11056	0.02612	0.01829	0.11115	0.04202	0.06090	0.01698	0.00957	0.00912	0.00258	0.05042	0.00804	0.00491	0.01121
23	0.08732	0.05015	0.08235	0.06677	0.02772	0.04327	0.06194	0.29413	0.06258	0.07504	0.01843	0.01960	0.01339	0.00876	0.00768	0.00241	0.00922	0.00694	0.00644	0.05586

[dist]
# distance from previous block
# <min> <max>
1	17

[block]
# block no. 2 follows, 23 sequences, length 13
# corresponding to MSA columns:
# 138-150
name=unknown_C
#
# <colnr> <probs for GDERKNQSTAVLIFYWHMCP>
#	G	D	E	R	K	N	Q	S	T	A	V	L	I	F	Y	W	H	M	C	P
0	0.02438	0.01769	0.02085	0.06677	0.05302	0.01862	0.01394	0.29510	0.08798	0.09459	0.08037	0.02631	0.02141	0.03924	0.00939	0.00258	0.00780	0.00811	0.00732	0.10451
1	0.26282	0.04531	0.06775	0.18700	0.08517	0.01859	0.01617	0.07836	0.03918	0.05992	0.05473	0.02085	0.01545	0.00862	0.00706	0.00253	0.00833	0.00667	0.00525	0.01023
2	0.01983	0.14548	0.14693	0.04568	0.05269	0.04934	0.24142	0.06109	0.05478	0.02649	0.03974	0.02073	0.01467	0.00785	0.00802	0.00241	0.01101	0.00758	0.00453	0.03974
3	0.01851	0.17582	0.30762	0.05867	0.05526	0.05078	0.02119	0.05721	0.04384	0.02628	0.09209	0.02238	0.01915	0.00888	0.00747	0.00237	0.00989	0.00697	0.00460	0.01102
4	0.02102	0.06324	0.17774	0.08912	0.13213	0.01908	0.13576	0.06798	0.05193	0.10586	0.01937	0.04708	0.01494	0.00873	0.00822	0.00256	0.01025	0.00804	0.00519	0.01175
5	0.02908	0.02193	0.02267	0.01806	0.02402	0.06085	0.01466	0.43971	0.15896	0.09095	0.02272	0.02196	0.01627	0.00994	0.00810	0.00248	0.00860	0.00762	0.00806	0.01336
6	0.01180	0.00787	0.00885	0.00885	0.00885	0.00787	0.00492	0.01180	0.01180	0.01573	0.02557	0.05310	0.02950	0.71483	0.04130	0.00787	0.00787	0.01180	0.00492	0.00492
7	0.07315	0.01415	0.01830	0.01419	0.02037	0.01265	0.01166	0.03764	0.05732	0.55774	0.02980	0.02628	0.01921	0.00969	0.00786	0.00244	0.00678	0.00779	0.00933	0.06364
8	0.03130	0.01949	0.02220	0.01719	0.02334	0.02068	0.01417	0.43790	0.03264	0.21964	0.02306	0.02241	0.01589	0.01268	0.04579	0.00305	0.00909	0.00762	0.00844	0.01344
9	0.00989	0.00706	0.00942	0.01130	0.01177	0.00659	0.00753	0.01130	0.01554	0.02071	0.04472	0.70954	0.05367	0.02542	0.01036	0.00330	0.00471	0.02307	0.00753	0.00659
10	0.01031	0.00724	0.00929	0.01076	0.01112	0.00687	0.00696	0.01141	0.01471	0.01961	0.04050	0.56469	0.04833	0.17755	0.01718	0.00430	0.00540	0.02058	0.00696	0.00622
11	0.01566	0.01507	0.02638	0.63805	0.05472	0.01824	0.07558	0.02119	0.01648	0.02119	0.01459	0.02166	0.01095	0.00800	0.00824	0.00271	0.01106	0.00742	0.00365	0.00918
12	0.01902	0.05986	0.02662	0.35702	0.04003	0.04812	0.06053	0.02313	0.01640	0.07689	0.01488	0.02040	0.01164	0.00963	0.01254	0.00281	0.17949	0.00717	0.00420	0.00963

[dist]
# distance from previous block
# <min> <max>
3	10

[block]
# block no. 3 follows, 23 sequences, length 33
# corresponding to MSA columns:
# 161-193
name=unknown_D
#
# <colnr> <probs for GDERKNQSTAVLIFYWHMCP>
#	G	D	E	R	K	N	Q	S	T	A	V	L	I	F	Y	W	H	M	C	P
0	0.01910	0.01943	0.05792	0.13467	0.50322	0.01876	0.04709	0.02421	0.01807	0.02566	0.01513	0.02010	0.01241	0.00730	0.00800	0.00242	0.00989	0.00716	0.00397	0.04550
1	0.06593	0.67822	0.04072	0.01369	0.02052	0.03129	0.01358	0.02427	0.01633	0.02011	0.01128	0.01303	0.01032	0.00698	0.00520	0.00178	0.00854	0.00434	0.00356	0.01032
2	0.02031	0.01851	0.03137	0.11800	0.56927	0.01881	0.02406	0.02512	0.01845	0.05505	0.01593	0.02059	0.01296	0.00745	0.00805	0.00245	0.00964	0.00727	0.00425	0.01248
3	0.01226	0.00956	0.01174	0.03622	0.01482	0.00932	0.00887	0.01776	0.08749	0.02921	0.39036	0.06241	0.19586	0.01705	0.00952	0.00272	0.00473	0.06381	0.00823	0.00806
4	0.01288	0.00856	0.01125	0.01051	0.01261	0.00786	0.00790	0.01656	0.02265	0.06957	0.59489	0.08824	0.07219	0.01661	0.00952	0.00258	0.00405	0.01467	0.00893	0.00797
5	0.01082	0.00814	0.00987	0.00966	0.01159	0.00734	0.00708	0.01373	0.02046	0.02760	0.40824	0.12140	0.23917	0.05510	0.01131	0.00295	0.00420	0.01595	0.00820	0.00719
6	0.77215	0.01569	0.01193	0.01067	0.01569	0.01820	0.00879	0.02385	0.01381	0.03641	0.01130	0.01318	0.00879	0.00753	0.00502	0.00251	0.00628	0.00439	0.00502	0.00879
7	0.01911	0.01861	0.02743	0.36544	0.27843	0.07199	0.02250	0.05554	0.01875	0.02441	0.01485	0.02038	0.01170	0.00789	0.00802	0.00253	0.01058	0.00706	0.00404	0.01073
8	0.01018	0.00824	0.00904	0.00884	0.01132	0.00710	0.00663	0.01278	0.01988	0.02522	0.26164	0.07266	0.47943	0.01932	0.00958	0.00268	0.00402	0.01636	0.00797	0.00710
9	0.01159	0.00795	0.00906	0.00906	0.00940	0.00792	0.00536	0.01196	0.01248	0.01649	0.03039	0.05398	0.08547	0.61089	0.07941	0.00774	0.00842	0.01208	0.00511	0.00524
10	0.01747	0.01748	0.02592	0.11923	0.02734	0.02365	0.04901	0.02002	0.01331	0.02002	0.01148	0.01852	0.01076	0.01296	0.02311	0.00339	0.56652	0.00724	0.00359	0.00900
11	0.01074	0.00827	0.00982	0.00943	0.01167	0.00734	0.00707	0.01387	0.02121	0.02837	0.43329	0.06747	0.30581	0.01814	0.00958	0.00263	0.00394	0.01564	0.00838	0.00734
12	0.01123	0.00828	0.01049	0.00994	0.01197	0.00755	0.00746	0.01482	0.02237	0.03111	0.58232	0.06296	0.15507	0.01712	0.00957	0.00258	0.00387	0.01500	0.00874	0.00755
13	0.15252	0.02197	0.03093	0.14327	0.13634	0.13219	0.21765	0.02564	0.01826	0.02596	0.01433	0.01879	0.01121	0.00750	0.00790	0.00253	0.01141	0.00715	0.00418	0.01028
14	0.02169	0.71972	0.04252	0.01388	0.02083	0.03211	0.01388	0.02430	0.01649	0.01909	0.01128	0.01302	0.01041	0.00694	0.00521	0.00174	0.00868	0.00434	0.00347	0.01041
15	0.02169	0.71972	0.04252	0.01388	0.02083	0.03211	0.01388	0.02430	0.01649	0.01909	0.01128	0.01302	0.01041	0.00694	0.00521	0.00174	0.00868	0.00434	0.00347	0.01041
16	0.01000	0.00715	0.00951	0.01122	0.01179	0.00666	0.00754	0.01158	0.01605	0.02153	0.08742	0.66450	0.05526	0.02481	0.01030	0.00324	0.00465	0.02248	0.00763	0.00666
17	0.01159	0.00869	0.01304	0.01304	0.01449	0.01014	0.01014	0.01449	0.01304	0.01884	0.02173	0.03188	0.02029	0.06086	0.68268	0.01304	0.02173	0.00869	0.00435	0.00724
18	0.01012	0.00824	0.00895	0.00877	0.01128	0.00707	0.00658	0.01267	0.01974	0.02488	0.24332	0.07322	0.49795	0.01945	0.00958	0.00269	0.00403	0.01644	0.00792	0.00707
19	0.02169	0.71972	0.04252	0.01388	0.02083	0.03211	0.01388	0.02430	0.01649	0.01909	0.01128	0.01302	0.01041	0.00694	0.00521	0.00174	0.00868	0.00434	0.00347	0.01041
20	0.01180	0.00787	0.00885	0.00885	0.00885	0.00787	0.00492	0.01180	0.01180	0.01573	0.02557	0.05310	0.02950	0.71483	0.04130	0.00787	0.00787	0.01180	0.00492	0.00492
21	0.77215	0.01569	0.01193	0.01067	0.01569	0.01820	0.00879	0.02385	0.01381	0.03641	0.01130	0.01318	0.00879	0.00753	0.00502	0.00251	0.00628	0.00439	0.00502	0.00879
22	0.66147	0.01541	0.01296	0.01124	0.01645	0.01726	0.00926	0.02621	0.01523	0.13170	0.01441	0.01535	0.01049	0.00791	0.00549	0.00251	0.00637	0.00496	0.00578	0.00954
23	0.02008	0.01928	0.03294	0.04981	0.66422	0.01928	0.02490	0.02490	0.01848	0.02651	0.01526	0.02008	0.01285	0.00723	0.00803	0.00241	0.00964	0.00723	0.00402	0.01285
24	0.01180	0.00787	0.00885	0.00885	0.00885	0.00787	0.00492	0.01180	0.01180	0.01573	0.02557	0.05310	0.02950	0.71483	0.04130	0.00787	0.00787	0.01180	0.00492	0.00492
25	0.01769	0.01754	0.02434	0.02071	0.02117	0.02396	0.01723	0.01959	0.01271	0.01997	0.01089	0.01769	0.01074	0.01368	0.02531	0.00340	0.65568	0.00695	0.00363	0.05711
26	0.01660	0.00800	0.00834	0.00804	0.01024	0.00787	0.00611	0.02034	0.01745	0.07464	0.02685	0.03007	0.02075	0.00949	0.00584	0.00193	0.00400	0.00760	0.70784	0.00800
27	0.01148	0.00829	0.01085	0.01021	0.01212	0.00766	0.00766	0.01531	0.02297	0.03254	0.65994	0.06061	0.07656	0.01659	0.00957	0.00255	0.00383	0.01467	0.00893	0.00766
28	0.01513	0.00756	0.00756	0.00756	0.00945	0.00756	0.00567	0.01891	0.01702	0.03025	0.02647	0.03025	0.02080	0.00945	0.00567	0.00189	0.00378	0.00756	0.75988	0.00756
29	0.01813	0.01807	0.03307	0.28315	0.30427	0.01909	0.15821	0.02361	0.01780	0.02428	0.01521	0.02105	0.01199	0.00747	0.00840	0.00259	0.01096	0.00774	0.00389	0.01102
30	0.01532	0.01442	0.02434	0.69533	0.05589	0.01803	0.02253	0.02073	0.01622	0.02073	0.01442	0.02163	0.01082	0.00811	0.00811	0.00270	0.01082	0.00721	0.00361	0.00901
31	0.01757	0.01487	0.01723	0.01237	0.01955	0.01158	0.00993	0.05338	0.01797	0.02776	0.01469	0.01697	0.01211	0.00621	0.00612	0.00127	0.00617	0.00494	0.00498	0.72433
32	0.02925	0.01761	0.06611	0.01929	0.09163	0.01533	0.01482	0.10943	0.07690	0.36787	0.04878	0.02588	0.01980	0.00964	0.00805	0.00245	0.00761	0.00794	0.00822	0.05338

[dist]
# distance from previous block
# <min> <max>
0	1

[block]
# block no. 4 follows, 23 sequences, length 48
# corresponding to MSA columns:
# 195-242
name=unknown_E
#
# <colnr> <probs for GDERKNQSTAVLIFYWHMCP>
#	G	D	E	R	K	N	Q	S	T	A	V	L	I	F	Y	W	H	M	C	P
0	0.27375	0.41474	0.06303	0.01363	0.02004	0.05971	0.01308	0.02463	0.01595	0.02527	0.01152	0.01336	0.00986	0.00725	0.00538	0.00206	0.00834	0.00449	0.00403	0.00990
1	0.56919	0.01516	0.01424	0.01363	0.05523	0.01668	0.01018	0.02579	0.01545	0.13742	0.01504	0.01652	0.01113	0.00897	0.00706	0.04108	0.00662	0.00531	0.00570	0.00958
2	0.01853	0.26689	0.37421	0.02212	0.05420	0.02349	0.08555	0.02523	0.01717	0.02354	0.01367	0.01634	0.01062	0.00735	0.00707	0.00230	0.01096	0.00585	0.00353	0.01139
3	0.04889	0.01920	0.05824	0.17012	0.49521	0.01898	0.02403	0.02410	0.01780	0.02577	0.01491	0.01998	0.01219	0.00743	0.00791	0.00248	0.00983	0.00706	0.00395	0.01192
4	0.01076	0.00784	0.01099	0.01193	0.01280	0.00825	0.00854	0.01275	0.01420	0.01958	0.03335	0.36873	0.03737	0.08262	0.31119	0.00790	0.01247	0.01600	0.00596	0.00678
5	0.01873	0.02091	0.04368	0.07922	0.04102	0.02082	0.52355	0.02491	0.01820	0.02491	0.01564	0.02141	0.01202	0.00774	0.01136	0.00282	0.08933	0.00914	0.00401	0.01058
6	0.01558	0.01438	0.02394	0.60917	0.08334	0.01738	0.02154	0.02054	0.01614	0.02099	0.01445	0.02148	0.01109	0.00876	0.00894	0.03206	0.01042	0.00711	0.00367	0.03900
7	0.77215	0.01569	0.01193	0.01067	0.01569	0.01820	0.00879	0.02385	0.01381	0.03641	0.01130	0.01318	0.00879	0.00753	0.00502	0.00251	0.00628	0.00439	0.00502	0.00879
8	0.02720	0.01974	0.02141	0.01713	0.02284	0.02166	0.01391	0.40824	0.17711	0.08989	0.05038	0.02645	0.04484	0.01074	0.00827	0.00253	0.00782	0.00847	0.00830	0.01307
9	0.01608	0.01439	0.02351	0.49444	0.12272	0.01698	0.02069	0.04284	0.01713	0.02241	0.01739	0.05186	0.01492	0.01051	0.00955	0.04111	0.01000	0.04010	0.00418	0.00920
10	0.01139	0.00822	0.01076	0.01027	0.01210	0.00759	0.00765	0.01508	0.02254	0.03186	0.62442	0.09807	0.07524	0.01710	0.00962	0.00259	0.00388	0.01516	0.00885	0.00759
11	0.01499	0.01395	0.02315	0.58701	0.08413	0.01688	0.02099	0.01997	0.01641	0.02110	0.01946	0.06555	0.04396	0.00969	0.00831	0.00273	0.01007	0.00863	0.00405	0.00898
12	0.00996	0.00712	0.00948	0.01125	0.01179	0.00664	0.00754	0.01149	0.01588	0.02127	0.07354	0.67914	0.05474	0.02501	0.01032	0.00326	0.00467	0.02267	0.00760	0.00664
13	0.01519	0.01418	0.02379	0.62792	0.07801	0.01739	0.02173	0.02033	0.01628	0.02097	0.01628	0.06292	0.01348	0.00912	0.00824	0.00273	0.01040	0.00817	0.00386	0.00902
14	0.01022	0.00731	0.00975	0.01132	0.01203	0.00684	0.00779	0.01202	0.01657	0.02230	0.11914	0.60413	0.05614	0.02422	0.01030	0.00322	0.00472	0.04751	0.00770	0.00676
15	0.01592	0.02444	0.24391	0.06071	0.06965	0.01697	0.17726	0.02194	0.01732	0.02453	0.05020	0.14518	0.02188	0.01154	0.01015	0.00281	0.06011	0.01060	0.00465	0.01022
16	0.02216	0.68323	0.04147	0.01426	0.02105	0.06694	0.01398	0.02473	0.01684	0.01913	0.01135	0.01310	0.01042	0.00702	0.00532	0.00175	0.00900	0.00439	0.00351	0.01036
17	0.01322	0.00885	0.01162	0.01204	0.01405	0.00797	0.00891	0.01558	0.01741	0.06981	0.09899	0.42792	0.04763	0.02079	0.00975	0.00299	0.00534	0.10512	0.00753	0.09450
18	0.01627	0.04197	0.67279	0.02313	0.03512	0.01884	0.02998	0.02570	0.01713	0.02570	0.01456	0.01713	0.01028	0.00771	0.00771	0.00257	0.01199	0.00600	0.00343	0.01199
19	0.01024	0.00732	0.00983	0.01171	0.01233	0.00690	0.00815	0.01192	0.01589	0.02111	0.04453	0.64034	0.05289	0.02508	0.01045	0.00334	0.00502	0.08874	0.00753	0.00669
20	0.02071	0.01769	0.01864	0.01662	0.02130	0.02043	0.01297	0.07252	0.61929	0.03479	0.03236	0.02974	0.02423	0.01095	0.00825	0.00274	0.00655	0.00908	0.00825	0.01289
21	0.08610	0.01930	0.02165	0.01670	0.02302	0.02032	0.01380	0.39693	0.03150	0.25302	0.02300	0.02170	0.01550	0.00968	0.00791	0.00247	0.00807	0.00738	0.00853	0.01344
22	0.01532	0.01442	0.02434	0.69533	0.05589	0.01803	0.02253	0.02073	0.01622	0.02073	0.01442	0.02163	0.01082	0.00811	0.00811	0.00270	0.01082	0.00721	0.00361	0.00901
23	0.01180	0.00787	0.00885	0.00885	0.00885	0.00787	0.00492	0.01180	0.01180	0.01573	0.02557	0.05310	0.02950	0.71483	0.04130	0.00787	0.00787	0.01180	0.00492	0.00492
24	0.00989	0.00706	0.00942	0.01130	0.01177	0.00659	0.00753	0.01130	0.01554	0.02071	0.04472	0.70954	0.05367	0.02542	0.01036	0.00330	0.00471	0.02307	0.00753	0.00659
25	0.77215	0.01569	0.01193	0.01067	0.01569	0.01820	0.00879	0.02385	0.01381	0.03641	0.01130	0.01318	0.00879	0.00753	0.00502	0.00251	0.00628	0.00439	0.00502	0.00879
26	0.07236	0.01466	0.01896	0.01461	0.02084	0.01336	0.01207	0.08929	0.02402	0.58618	0.02993	0.02622	0.01900	0.00989	0.00800	0.00250	0.00704	0.00790	0.00963	0.01356
27	0.02334	0.09891	0.07265	0.05143	0.09141	0.22341	0.04728	0.10661	0.07656	0.02782	0.08500	0.02275	0.01952	0.00925	0.00777	0.00233	0.01050	0.00731	0.00537	0.01078
28	0.02069	0.01741	0.01848	0.01635	0.02097	0.01993	0.01279	0.09793	0.55532	0.03550	0.06793	0.03100	0.02672	0.01121	0.00832	0.00271	0.00651	0.00931	0.00828	0.01263
29	0.02115	0.68162	0.04094	0.01384	0.02049	0.03093	0.01368	0.02377	0.01630	0.01908	0.01184	0.01403	0.01094	0.00983	0.04150	0.00234	0.00938	0.00457	0.00352	0.01024
30	0.01956	0.01677	0.01781	0.01606	0.02045	0.01928	0.01247	0.04111	0.60440	0.03384	0.07821	0.03246	0.02850	0.01141	0.00835	0.00274	0.00623	0.00957	0.00831	0.01247
31	0.02018	0.01743	0.01835	0.01651	0.02110	0.02018	0.01284	0.04312	0.64956	0.03394	0.03303	0.03027	0.02477	0.01101	0.00826	0.00275	0.00642	0.00917	0.00826	0.01284
32	0.00989	0.00706	0.00942	0.01130	0.01177	0.00659	0.00753	0.01130	0.01554	0.02071	0.04472	0.70954	0.05367	0.02542	0.01036	0.00330	0.00471	0.02307	0.00753	0.00659
33	0.00989	0.00706	0.00942	0.01130	0.01177	0.00659	0.00753	0.01130	0.01554	0.02071	0.04472	0.70954	0.05367	0.02542	0.01036	0.00330	0.00471	0.02307	0.00753	0.00659
34	0.01627	0.04197	0.67279	0.02313	0.03512	0.01884	0.02998	0.02570	0.01713	0.02570	0.01456	0.01713	0.01028	0.00771	0.00771	0.00257	0.01199	0.00600	0.00343	0.01199
35	0.03615	0.01422	0.01909	0.01463	0.02092	0.01254	0.01209	0.06732	0.02392	0.64108	0.03143	0.02724	0.01979	0.01003	0.00816	0.00251	0.00700	0.00812	0.00995	0.01381
36	0.01954	0.27507	0.13538	0.02436	0.03208	0.02475	0.27921	0.02487	0.01742	0.02301	0.01389	0.01771	0.01121	0.00753	0.00896	0.00241	0.06110	0.00700	0.00374	0.01076
37	0.07632	0.01391	0.01846	0.01423	0.02044	0.01227	0.01176	0.03869	0.02271	0.63548	0.03089	0.02684	0.01947	0.00991	0.00799	0.00251	0.00687	0.00796	0.00977	0.01354
38	0.01360	0.01204	0.04573	0.01233	0.01518	0.01118	0.00985	0.02161	0.16582	0.02952	0.34567	0.08037	0.08345	0.06645	0.04793	0.00358	0.00615	0.01295	0.00783	0.00877
39	0.00989	0.00706	0.00942	0.01130	0.01177	0.00659	0.00753	0.01130	0.01554	0.02071	0.04472	0.70954	0.05367	0.02542	0.01036	0.00330	0.00471	0.02307	0.00753	0.00659
40	0.00989	0.00706	0.00942	0.01130	0.01177	0.00659	0.00753	0.01130	0.01554	0.02071	0.04472	0.70954	0.05367	0.02542	0.01036	0.00330	0.00471	0.02307	0.00753	0.00659
41	0.73459	0.01605	0.01256	0.01108	0.01617	0.01856	0.00912	0.05493	0.01504	0.03715	0.01171	0.01350	0.00904	0.00764	0.00518	0.00251	0.00641	0.00454	0.00518	0.00904
42	0.01332	0.01071	0.01308	0.01165	0.01546	0.00868	0.00856	0.01582	0.01617	0.02355	0.02972	0.36651	0.03304	0.01581	0.00820	0.00226	0.00535	0.01403	0.00618	0.38187
43	0.01166	0.00786	0.01024	0.01132	0.01253	0.00729	0.00807	0.01363	0.01708	0.05260	0.11004	0.46850	0.10604	0.05041	0.01142	0.00336	0.00506	0.07811	0.00769	0.00708
44	0.01899	0.38164	0.35692	0.01849	0.02796	0.02549	0.02191	0.02500	0.01681	0.02239	0.01292	0.01507	0.01035	0.00732	0.00645	0.00215	0.01033	0.00517	0.00345	0.01120
45	0.39290	0.01945	0.01710	0.01457	0.01934	0.09034	0.01179	0.15084	0.05184	0.05947	0.04062	0.01821	0.01402	0.00918	0.00791	0.00254	0.05764	0.00606	0.00596	0.01022
46	0.07081	0.01547	0.02514	0.51858	0.17306	0.01829	0.02201	0.02178	0.01650	0.02300	0.01436	0.02072	0.01107	0.00790	0.00787	0.00263	0.01026	0.00701	0.00379	0.00976
47	0.01887	0.24422	0.32111	0.01996	0.05967	0.02238	0.02123	0.04464	0.05413	0.02505	0.01479	0.01682	0.01158	0.00753	0.00682	0.00217	0.00982	0.00565	0.00404	0.08951

[dist]
# distance from previous block
# <min> <max>
0	35

# created by:
# /st0/software/busco_prod/Augustus/scripts/msa2prfl.pl ./align_prep/124545.fa
