[name]
unknown

[dist]
# distance from previous block
# <min> <max>
0	5

[block]
# block no. 0 follows, 25 sequences, length 6
# corresponding to MSA columns:
# 5-10
name=unknown_A
#
# <colnr> <probs for GDERKNQSTAVLIFYWHMCP>
#	G	D	E	R	K	N	Q	S	T	A	V	L	I	F	Y	W	H	M	C	P
0	0.02053	0.04681	0.03147	0.02316	0.02931	0.06079	0.30038	0.13763	0.02151	0.05248	0.02007	0.05479	0.01729	0.00953	0.00848	0.00249	0.01031	0.07671	0.00535	0.07092
1	0.02159	0.02166	0.08710	0.03878	0.48218	0.08683	0.02195	0.02614	0.01848	0.09749	0.01603	0.01920	0.01259	0.00736	0.00759	0.00230	0.00961	0.00671	0.00444	0.01197
2	0.02393	0.01684	0.07908	0.01874	0.09414	0.01396	0.03914	0.03091	0.12272	0.28082	0.05682	0.02479	0.01948	0.00881	0.00754	0.00223	0.00721	0.00751	0.00702	0.13829
3	0.01772	0.08570	0.12889	0.03125	0.19800	0.01900	0.28991	0.02349	0.01795	0.02488	0.07236	0.02231	0.01683	0.00757	0.00815	0.00241	0.01061	0.00807	0.00416	0.01074
4	0.02896	0.03695	0.02197	0.01998	0.02397	0.69638	0.01498	0.03096	0.02197	0.01898	0.01199	0.01398	0.00999	0.00799	0.00699	0.00200	0.01398	0.00499	0.00400	0.00899
5	0.01376	0.00963	0.01072	0.00979	0.01289	0.00881	0.00755	0.05035	0.05522	0.09276	0.18248	0.06102	0.42232	0.01684	0.00888	0.00255	0.00451	0.01413	0.00777	0.00804

[dist]
# distance from previous block
# <min> <max>
0	1

[block]
# block no. 1 follows, 25 sequences, length 8
# corresponding to MSA columns:
# 12-19
name=unknown_B
#
# <colnr> <probs for GDERKNQSTAVLIFYWHMCP>
#	G	D	E	R	K	N	Q	S	T	A	V	L	I	F	Y	W	H	M	C	P
0	0.02804	0.02100	0.02246	0.01755	0.02350	0.02337	0.01439	0.56692	0.12516	0.04655	0.02044	0.02007	0.01467	0.00948	0.00778	0.00237	0.00819	0.00723	0.00778	0.01306
1	0.02725	0.01897	0.02212	0.12090	0.02758	0.02092	0.01511	0.42825	0.07679	0.13175	0.02049	0.02075	0.01435	0.00920	0.00777	0.00240	0.00836	0.00721	0.00737	0.01243
2	0.01025	0.00876	0.01053	0.11341	0.01708	0.00826	0.00845	0.01294	0.01797	0.02226	0.15614	0.06407	0.48778	0.01730	0.00895	0.00259	0.00485	0.01460	0.00683	0.00697
3	0.01508	0.01272	0.01501	0.01138	0.01730	0.00973	0.00889	0.01821	0.01589	0.02444	0.01813	0.12216	0.01746	0.00853	0.00637	0.00145	0.00556	0.00721	0.00498	0.65948
4	0.00931	0.00786	0.00806	0.00801	0.01056	0.00661	0.00601	0.01141	0.01802	0.02177	0.12692	0.07327	0.62711	0.01933	0.00916	0.00260	0.00391	0.01617	0.00731	0.00661
5	0.02073	0.73217	0.04063	0.01327	0.01990	0.03068	0.01327	0.02322	0.01575	0.01824	0.01078	0.01244	0.00995	0.00663	0.00498	0.00166	0.00829	0.00415	0.00332	0.00995
6	0.50210	0.01681	0.05685	0.01403	0.05147	0.01673	0.01143	0.06543	0.01684	0.16148	0.01554	0.01624	0.01109	0.00779	0.00588	0.00239	0.00678	0.00531	0.00578	0.01002
7	0.01090	0.00758	0.00835	0.00835	0.00882	0.00734	0.00491	0.01125	0.01241	0.01608	0.03405	0.05498	0.14335	0.60167	0.03408	0.00665	0.00688	0.01218	0.00514	0.00503

[dist]
# distance from previous block
# <min> <max>
0	1

[block]
# block no. 2 follows, 25 sequences, length 13
# corresponding to MSA columns:
# 21-33
name=unknown_C
#
# <colnr> <probs for GDERKNQSTAVLIFYWHMCP>
#	G	D	E	R	K	N	Q	S	T	A	V	L	I	F	Y	W	H	M	C	P
0	0.02947	0.02172	0.02327	0.01784	0.02404	0.02404	0.01474	0.65329	0.03646	0.04887	0.01862	0.01862	0.01319	0.00931	0.00776	0.00233	0.00853	0.00698	0.00776	0.01319
1	0.02794	0.03502	0.02296	0.02286	0.09236	0.62561	0.01590	0.03021	0.02152	0.01964	0.01226	0.01453	0.01023	0.00788	0.00706	0.00203	0.01348	0.00519	0.00398	0.00933
2	0.01013	0.00743	0.00958	0.01056	0.01179	0.00688	0.00767	0.01238	0.01728	0.02306	0.19932	0.40298	0.13843	0.02131	0.00971	0.00296	0.00453	0.08982	0.00751	0.00667
3	0.01464	0.01378	0.02326	0.70887	0.05340	0.01723	0.02153	0.01981	0.01550	0.01981	0.01378	0.02067	0.01034	0.00775	0.00775	0.00258	0.01034	0.00689	0.00345	0.00861
4	0.00942	0.00786	0.00820	0.00812	0.01063	0.00665	0.00609	0.01161	0.01827	0.02236	0.16140	0.07230	0.59226	0.01911	0.00916	0.00259	0.00389	0.01604	0.00739	0.00665
5	0.01929	0.01666	0.01753	0.01578	0.02016	0.01929	0.01227	0.04120	0.66513	0.03243	0.03156	0.02893	0.02367	0.01052	0.00789	0.00263	0.00614	0.00877	0.00789	0.01227
6	0.02947	0.02172	0.02327	0.01784	0.02404	0.02404	0.01474	0.65329	0.03646	0.04887	0.01862	0.01862	0.01319	0.00931	0.00776	0.00233	0.00853	0.00698	0.00776	0.01319
7	0.01272	0.00903	0.01027	0.00999	0.01257	0.00834	0.00746	0.01694	0.08527	0.08080	0.13798	0.18638	0.35680	0.01822	0.00905	0.00268	0.00446	0.01561	0.00765	0.00777
8	0.01347	0.00673	0.01010	0.01010	0.01010	0.00673	0.00673	0.01010	0.01010	0.01347	0.01347	0.02357	0.01347	0.02694	0.03030	0.77441	0.00673	0.00673	0.00337	0.00337
9	0.02005	0.01704	0.01796	0.01593	0.02045	0.01964	0.01246	0.08711	0.61797	0.03367	0.03059	0.02815	0.02288	0.01043	0.00788	0.00261	0.00632	0.00863	0.00788	0.01234
10	0.01128	0.00752	0.00846	0.00846	0.00846	0.00752	0.00470	0.01128	0.01128	0.01503	0.02443	0.05074	0.02819	0.72751	0.03946	0.00752	0.00752	0.01128	0.00470	0.00470
11	0.00958	0.00680	0.00896	0.01063	0.01104	0.00639	0.00701	0.01083	0.01458	0.01944	0.04140	0.67329	0.04959	0.07575	0.01206	0.00347	0.00472	0.02125	0.00701	0.00618
12	0.01395	0.01257	0.02274	0.07949	0.02582	0.01241	0.20103	0.01821	0.01734	0.02289	0.03144	0.15515	0.03292	0.01626	0.00987	0.00314	0.00878	0.30198	0.00588	0.00812

[dist]
# distance from previous block
# <min> <max>
0	1

[block]
# block no. 3 follows, 25 sequences, length 7
# corresponding to MSA columns:
# 35-41
name=unknown_D
#
# <colnr> <probs for GDERKNQSTAVLIFYWHMCP>
#	G	D	E	R	K	N	Q	S	T	A	V	L	I	F	Y	W	H	M	C	P
0	0.01016	0.00789	0.00923	0.00890	0.01108	0.00697	0.00667	0.01305	0.02002	0.02653	0.40661	0.06543	0.34445	0.01755	0.00915	0.00252	0.00378	0.01508	0.00793	0.00697
1	0.01824	0.14728	0.17317	0.02841	0.08766	0.02110	0.36422	0.02442	0.01742	0.02368	0.01439	0.01839	0.01110	0.00675	0.00795	0.00239	0.01161	0.00741	0.00368	0.01072
2	0.01347	0.00673	0.01010	0.01010	0.01010	0.00673	0.00673	0.01010	0.01010	0.01347	0.01347	0.02357	0.01347	0.02694	0.03030	0.77441	0.00673	0.00673	0.00337	0.00337
3	0.02742	0.02070	0.02211	0.01742	0.02326	0.02308	0.01424	0.52977	0.16332	0.04555	0.02123	0.02070	0.01530	0.00955	0.00778	0.00239	0.00805	0.00734	0.00778	0.01300
4	0.01555	0.04011	0.68733	0.02210	0.03356	0.01801	0.02865	0.02455	0.01637	0.02455	0.01391	0.01637	0.00982	0.00737	0.00737	0.00246	0.01146	0.00573	0.00327	0.01146
5	0.01898	0.01495	0.01756	0.04902	0.02111	0.01315	0.01088	0.09936	0.07191	0.06684	0.01680	0.01828	0.01308	0.00689	0.00639	0.00156	0.00640	0.00553	0.00548	0.53582
6	0.01327	0.00718	0.01058	0.01094	0.01130	0.00718	0.00790	0.01130	0.01166	0.01543	0.01903	0.03646	0.01975	0.02582	0.02635	0.61886	0.00682	0.13189	0.00413	0.00413

[dist]
# distance from previous block
# <min> <max>
0	1

[block]
# block no. 4 follows, 25 sequences, length 53
# corresponding to MSA columns:
# 43-95
name=unknown_E
#
# <colnr> <probs for GDERKNQSTAVLIFYWHMCP>
#	G	D	E	R	K	N	Q	S	T	A	V	L	I	F	Y	W	H	M	C	P
0	0.00992	0.00684	0.00878	0.01033	0.01100	0.00640	0.00697	0.01151	0.01510	0.02072	0.04250	0.62898	0.07355	0.02262	0.00943	0.00300	0.00439	0.02038	0.08118	0.00640
1	0.01000	0.00784	0.00866	0.00875	0.01098	0.00682	0.00662	0.01172	0.01732	0.02128	0.12094	0.06925	0.50940	0.02016	0.01133	0.07748	0.00443	0.06374	0.00694	0.00635
2	0.71331	0.01483	0.01200	0.01053	0.01544	0.01684	0.00867	0.02418	0.01403	0.09473	0.01262	0.01387	0.00939	0.00742	0.00508	0.00240	0.00605	0.00453	0.00524	0.00884
3	0.04553	0.01170	0.01362	0.01487	0.01611	0.01053	0.01005	0.01598	0.01838	0.02577	0.04438	0.61010	0.05100	0.02576	0.01189	0.00411	0.00677	0.04512	0.00879	0.00956
4	0.01017	0.00777	0.01090	0.01144	0.01272	0.00719	0.03668	0.01227	0.01655	0.02209	0.14779	0.49419	0.11725	0.02153	0.00969	0.00297	0.00478	0.04004	0.00726	0.00671
5	0.04239	0.01028	0.01217	0.01095	0.01373	0.01001	0.00828	0.06491	0.06086	0.11385	0.29888	0.09055	0.12949	0.08505	0.01168	0.00300	0.00510	0.01257	0.00781	0.00843
6	0.01128	0.00752	0.00846	0.00846	0.00846	0.00752	0.00470	0.01128	0.01128	0.01503	0.02443	0.05074	0.02819	0.72751	0.03946	0.00752	0.00752	0.01128	0.00470	0.00470
7	0.01709	0.01735	0.02588	0.02155	0.02231	0.02335	0.07841	0.01926	0.01250	0.01926	0.01071	0.01735	0.01033	0.01289	0.02387	0.00332	0.64545	0.00701	0.00344	0.00867
8	0.04022	0.00898	0.01124	0.01044	0.01301	0.00817	0.00785	0.01821	0.01939	0.15890	0.29390	0.17438	0.14688	0.04075	0.00991	0.00276	0.00465	0.01418	0.00805	0.00814
9	0.01115	0.00767	0.00976	0.00987	0.01121	0.00712	0.00694	0.01349	0.01810	0.04391	0.34225	0.25030	0.09647	0.11992	0.01365	0.00338	0.00456	0.01593	0.00755	0.00677
10	0.01445	0.00723	0.00723	0.00723	0.00903	0.00723	0.00542	0.01807	0.01626	0.02891	0.02529	0.02891	0.01987	0.00903	0.00542	0.00181	0.00361	0.00723	0.77055	0.00723
11	0.01018	0.00706	0.00878	0.00986	0.01013	0.00679	0.00620	0.01099	0.01342	0.01789	0.03542	0.45395	0.04205	0.30539	0.02172	0.00489	0.00571	0.01774	0.00620	0.00566
12	0.05078	0.00963	0.01194	0.01075	0.01347	0.00898	0.00791	0.02200	0.01709	0.25330	0.06258	0.17099	0.02996	0.17531	0.01501	0.00363	0.00581	0.01149	0.11075	0.00861
13	0.01323	0.00855	0.01046	0.01068	0.01219	0.00831	0.00749	0.01657	0.07024	0.07796	0.09222	0.31705	0.08077	0.16820	0.01551	0.00383	0.00540	0.03635	0.03778	0.00722
14	0.01929	0.01666	0.01753	0.01578	0.02016	0.01929	0.01227	0.04120	0.66513	0.03243	0.03156	0.02893	0.02367	0.01052	0.00789	0.00263	0.00614	0.00877	0.00789	0.01227
15	0.01069	0.00750	0.00945	0.00998	0.01130	0.00686	0.00700	0.01278	0.01736	0.04202	0.23347	0.36530	0.15086	0.06460	0.01135	0.00311	0.00441	0.01773	0.00751	0.00673
16	0.01028	0.00737	0.00929	0.00980	0.01080	0.00689	0.00669	0.01223	0.01685	0.02290	0.25952	0.32471	0.10017	0.14869	0.01495	0.00366	0.00472	0.01692	0.00720	0.00638
17	0.02049	0.01725	0.01821	0.01602	0.02062	0.01985	0.01256	0.11362	0.59075	0.03438	0.03003	0.02771	0.02243	0.01038	0.00787	0.00259	0.00642	0.00855	0.00787	0.01238
18	0.01446	0.00849	0.00925	0.03291	0.01189	0.00879	0.00679	0.04220	0.05060	0.02716	0.02657	0.09781	0.02343	0.08828	0.00984	0.00264	0.00468	0.00916	0.51766	0.00741
19	0.01624	0.01574	0.02768	0.46310	0.22271	0.01778	0.08315	0.02138	0.01636	0.02180	0.01418	0.02029	0.01100	0.00740	0.00787	0.00251	0.01029	0.00711	0.00360	0.00979
20	0.01126	0.00840	0.01109	0.01091	0.01183	0.00928	0.00782	0.01286	0.01249	0.01721	0.02720	0.04165	0.08585	0.30261	0.35034	0.00920	0.04911	0.01012	0.00461	0.00613
21	0.01092	0.00816	0.01213	0.01230	0.01359	0.00936	0.00945	0.01355	0.01269	0.01817	0.02290	0.09753	0.02248	0.05487	0.63021	0.01156	0.01919	0.00964	0.00445	0.00686
22	0.01547	0.01496	0.02630	0.57393	0.11783	0.01758	0.08277	0.02072	0.01600	0.02088	0.01405	0.02054	0.01068	0.00755	0.00788	0.00256	0.01048	0.00711	0.00353	0.00918
23	0.02133	0.00987	0.01323	0.01200	0.01521	0.00875	0.00911	0.02364	0.01889	0.32966	0.08462	0.32486	0.06261	0.01666	0.00884	0.00273	0.00539	0.01461	0.00841	0.00959
24	0.01830	0.02092	0.04575	0.03268	0.04052	0.01961	0.65098	0.02484	0.01830	0.02484	0.01569	0.02092	0.01176	0.00654	0.00915	0.00261	0.01307	0.00915	0.00392	0.01046
25	0.01121	0.00920	0.00946	0.00891	0.01184	0.00828	0.00681	0.07352	0.01969	0.02412	0.09999	0.06843	0.58421	0.01846	0.00903	0.00258	0.00436	0.01535	0.00732	0.00722
26	0.08843	0.00802	0.00780	0.00768	0.00953	0.00825	0.00561	0.01760	0.01528	0.02758	0.02377	0.03032	0.01990	0.10722	0.01002	0.00265	0.00438	0.00749	0.59149	0.00699
27	0.01613	0.01604	0.02433	0.02048	0.02148	0.02098	0.08748	0.01840	0.01290	0.01943	0.01427	0.08109	0.01451	0.01609	0.05767	0.00376	0.53421	0.00850	0.00383	0.00843
28	0.01128	0.00752	0.00846	0.00846	0.00846	0.00752	0.00470	0.01128	0.01128	0.01503	0.02443	0.05074	0.02819	0.72751	0.03946	0.00752	0.00752	0.01128	0.00470	0.00470
29	0.01013	0.00739	0.00963	0.01116	0.01191	0.00712	0.00767	0.01273	0.04953	0.02096	0.06252	0.63970	0.05027	0.02318	0.00980	0.00311	0.00466	0.04456	0.00728	0.00668
30	0.00994	0.00723	0.00941	0.01048	0.01151	0.00669	0.00739	0.01201	0.01693	0.02276	0.19676	0.47846	0.10737	0.02175	0.00970	0.00296	0.00438	0.05017	0.00751	0.00660
31	0.01128	0.00836	0.01091	0.01220	0.01400	0.00798	0.01011	0.01420	0.01757	0.02254	0.07368	0.16750	0.18880	0.02119	0.01019	0.00326	0.00593	0.38619	0.00721	0.00690
32	0.01606	0.00904	0.01189	0.01060	0.01333	0.00814	0.00815	0.01943	0.02160	0.17330	0.48971	0.07416	0.08377	0.01491	0.00888	0.00246	0.00434	0.01302	0.00867	0.00854
33	0.47940	0.01408	0.01315	0.01123	0.01600	0.01529	0.00917	0.05052	0.03888	0.17543	0.04267	0.01931	0.01477	0.00838	0.00588	0.00236	0.00597	0.00584	0.06205	0.00963
34	0.01101	0.00786	0.01079	0.01258	0.01371	0.00764	0.00991	0.01349	0.01638	0.02154	0.04187	0.39745	0.04787	0.02282	0.01031	0.00336	0.00585	0.33164	0.00717	0.00673
35	0.01097	0.00793	0.01036	0.00975	0.01158	0.00732	0.00732	0.01463	0.02195	0.03109	0.67505	0.05792	0.07316	0.01585	0.00914	0.00244	0.00366	0.01402	0.00854	0.00732
36	0.01228	0.00853	0.01260	0.01239	0.01396	0.00970	0.00961	0.01497	0.01291	0.05152	0.02139	0.03094	0.01967	0.07842	0.63972	0.01179	0.01960	0.00838	0.00445	0.00716
37	0.11018	0.01961	0.02050	0.01606	0.02157	0.02172	0.01310	0.52272	0.03165	0.04454	0.01835	0.02031	0.01383	0.05394	0.00933	0.00264	0.00803	0.00695	0.03304	0.01193
38	0.03384	0.01298	0.01769	0.01363	0.01946	0.01123	0.01123	0.03686	0.02218	0.65838	0.05636	0.02765	0.02135	0.00985	0.00785	0.00240	0.00648	0.00805	0.00955	0.01296
39	0.01555	0.04011	0.68733	0.02210	0.03356	0.01801	0.02865	0.02455	0.01637	0.02455	0.01391	0.01637	0.00982	0.00737	0.00737	0.00246	0.01146	0.00573	0.00327	0.01146
40	0.01219	0.01010	0.01306	0.01293	0.01448	0.05260	0.01002	0.01492	0.01306	0.01806	0.02022	0.02943	0.01880	0.05502	0.65368	0.01181	0.02034	0.00810	0.00414	0.00705
41	0.00949	0.00686	0.00898	0.01057	0.01121	0.00635	0.00712	0.01097	0.01531	0.02032	0.07043	0.65521	0.09119	0.02366	0.00982	0.00309	0.00443	0.02136	0.00725	0.00635
42	0.02896	0.03695	0.02197	0.01998	0.02397	0.69638	0.01498	0.03096	0.02197	0.01898	0.01199	0.01398	0.00999	0.00799	0.00699	0.00200	0.01398	0.00499	0.00400	0.00899
43	0.01555	0.04011	0.68733	0.02210	0.03356	0.01801	0.02865	0.02455	0.01637	0.02455	0.01391	0.01637	0.00982	0.00737	0.00737	0.00246	0.01146	0.00573	0.00327	0.01146
44	0.01012	0.00728	0.00940	0.01034	0.01130	0.00680	0.00721	0.01207	0.01661	0.02240	0.19779	0.42935	0.09335	0.08121	0.01221	0.00333	0.00465	0.05076	0.00731	0.00647
45	0.03479	0.01320	0.01799	0.01380	0.01979	0.01140	0.01140	0.03779	0.02219	0.68451	0.03059	0.02639	0.01919	0.00960	0.00780	0.00240	0.00660	0.00780	0.00960	0.01320
46	0.03479	0.01320	0.01799	0.01380	0.01979	0.01140	0.01140	0.03779	0.02219	0.68451	0.03059	0.02639	0.01919	0.00960	0.00780	0.00240	0.00660	0.00780	0.00960	0.01320
47	0.01296	0.00972	0.01416	0.04282	0.06518	0.00984	0.01348	0.01659	0.01765	0.02312	0.03817	0.10058	0.04121	0.01995	0.01035	0.00343	0.00732	0.53917	0.00676	0.00754
48	0.02802	0.03529	0.02244	0.02111	0.05035	0.63817	0.01543	0.03011	0.02134	0.01922	0.01201	0.01433	0.01009	0.00820	0.00786	0.00207	0.04574	0.00515	0.00396	0.00910
49	0.01347	0.00673	0.01010	0.01010	0.01010	0.00673	0.00673	0.01010	0.01010	0.01347	0.01347	0.02357	0.01347	0.02694	0.03030	0.77441	0.00673	0.00673	0.00337	0.00337
50	0.01482	0.01396	0.02358	0.68317	0.07772	0.01727	0.02162	0.01997	0.01559	0.02003	0.01381	0.02061	0.01041	0.00772	0.00775	0.00257	0.01029	0.00689	0.00346	0.00876
51	0.02742	0.01916	0.02349	0.01805	0.02392	0.02030	0.07527	0.44908	0.03105	0.13369	0.04633	0.05693	0.01811	0.01009	0.00806	0.00241	0.00831	0.00833	0.00764	0.01235
52	0.01124	0.00759	0.00879	0.00873	0.00896	0.00758	0.00514	0.01170	0.01235	0.01670	0.08735	0.05067	0.03221	0.63324	0.06136	0.00721	0.00764	0.01143	0.00505	0.00504

[dist]
# distance from previous block
# <min> <max>
0	1

[block]
# block no. 5 follows, 25 sequences, length 58
# corresponding to MSA columns:
# 97-154
name=unknown_F
#
# <colnr> <probs for GDERKNQSTAVLIFYWHMCP>
#	G	D	E	R	K	N	Q	S	T	A	V	L	I	F	Y	W	H	M	C	P
0	0.02862	0.02105	0.02258	0.01740	0.02332	0.02327	0.01427	0.62330	0.03528	0.04729	0.01889	0.02012	0.01389	0.04286	0.00924	0.00257	0.00848	0.00718	0.00761	0.01279
1	0.02255	0.05111	0.08410	0.06049	0.32131	0.28246	0.02034	0.02647	0.01907	0.02233	0.01336	0.01676	0.01102	0.00739	0.00730	0.00219	0.01128	0.00597	0.00382	0.01070
2	0.01124	0.00765	0.00913	0.00913	0.00936	0.00788	0.00554	0.01171	0.01147	0.01553	0.02382	0.04734	0.02671	0.61533	0.14963	0.00835	0.00974	0.01078	0.00461	0.00507
3	0.01830	0.02092	0.04575	0.03268	0.04052	0.01961	0.65098	0.02484	0.01830	0.02484	0.01569	0.02092	0.01176	0.00654	0.00915	0.00261	0.01307	0.00915	0.00392	0.01046
4	0.01108	0.00831	0.01246	0.01246	0.01385	0.00969	0.00969	0.01385	0.01246	0.01800	0.02077	0.03046	0.01938	0.05815	0.69678	0.01246	0.02077	0.00831	0.00415	0.00692
5	0.01128	0.00752	0.00846	0.00846	0.00846	0.00752	0.00470	0.01128	0.01128	0.01503	0.02443	0.05074	0.02819	0.72751	0.03946	0.00752	0.00752	0.01128	0.00470	0.00470
6	0.02073	0.73217	0.04063	0.01327	0.01990	0.03068	0.01327	0.02322	0.01575	0.01824	0.01078	0.01244	0.00995	0.00663	0.00498	0.00166	0.00829	0.00415	0.00332	0.00995
7	0.02947	0.02172	0.02327	0.01784	0.02404	0.02404	0.01474	0.65329	0.03646	0.04887	0.01862	0.01862	0.01319	0.00931	0.00776	0.00233	0.00853	0.00698	0.00776	0.01319
8	0.01999	0.02019	0.02819	0.07762	0.49275	0.10992	0.02139	0.02515	0.05269	0.02445	0.01619	0.02192	0.01381	0.00790	0.00772	0.00235	0.00967	0.03247	0.00419	0.01142
9	0.78228	0.01499	0.01140	0.01020	0.01499	0.01739	0.00840	0.02279	0.01320	0.03479	0.01080	0.01260	0.00840	0.00720	0.00480	0.00240	0.00600	0.00420	0.00480	0.00840
10	0.01249	0.00892	0.01249	0.01428	0.01606	0.00892	0.01249	0.01606	0.01785	0.02320	0.04105	0.08746	0.04462	0.02142	0.01071	0.00357	0.00714	0.62695	0.00714	0.00714
11	0.01128	0.00752	0.00846	0.00846	0.00846	0.00752	0.00470	0.01128	0.01128	0.01503	0.02443	0.05074	0.02819	0.72751	0.03946	0.00752	0.00752	0.01128	0.00470	0.00470
12	0.00916	0.00785	0.00785	0.00785	0.01047	0.00655	0.00589	0.01113	0.01767	0.02095	0.07855	0.07462	0.67599	0.01964	0.00916	0.00262	0.00393	0.01636	0.00720	0.00655
13	0.02947	0.02172	0.02327	0.01784	0.02404	0.02404	0.01474	0.65329	0.03646	0.04887	0.01862	0.01862	0.01319	0.00931	0.00776	0.00233	0.00853	0.00698	0.00776	0.01319
14	0.00945	0.00675	0.00900	0.01080	0.01125	0.00630	0.00720	0.01080	0.01484	0.01979	0.04274	0.72245	0.05128	0.02429	0.00990	0.00315	0.00450	0.02204	0.00720	0.00630
15	0.01217	0.00821	0.01064	0.00987	0.01197	0.00750	0.00746	0.01570	0.02172	0.06631	0.60552	0.05715	0.10479	0.01573	0.00907	0.00245	0.00383	0.01382	0.00852	0.00759
16	0.01115	0.00802	0.01099	0.01099	0.01187	0.00889	0.00786	0.01290	0.01203	0.01691	0.02211	0.03790	0.02261	0.30357	0.45578	0.01065	0.01591	0.00940	0.00435	0.00611
17	0.02947	0.02172	0.02327	0.01784	0.02404	0.02404	0.01474	0.65329	0.03646	0.04887	0.01862	0.01862	0.01319	0.00931	0.00776	0.00233	0.00853	0.00698	0.00776	0.01319
18	0.01506	0.00899	0.01075	0.00969	0.01276	0.00780	0.00748	0.01777	0.01996	0.16209	0.25632	0.05934	0.34972	0.01636	0.00887	0.00252	0.00440	0.01385	0.00812	0.00817
19	0.01608	0.01378	0.01608	0.01148	0.01837	0.01034	0.00919	0.01952	0.01608	0.02527	0.01378	0.01608	0.01148	0.00574	0.00574	0.00115	0.00574	0.00459	0.00459	0.77491
20	0.00945	0.00675	0.00900	0.01080	0.01125	0.00630	0.00720	0.01080	0.01484	0.01979	0.04274	0.72245	0.05128	0.02429	0.00990	0.00315	0.00450	0.02204	0.00720	0.00630
21	0.00945	0.00675	0.00900	0.01080	0.01125	0.00630	0.00720	0.01080	0.01484	0.01979	0.04274	0.72245	0.05128	0.02429	0.00990	0.00315	0.00450	0.02204	0.00720	0.00630
22	0.01008	0.00730	0.00932	0.01052	0.01137	0.00676	0.00714	0.01148	0.01475	0.01964	0.04119	0.54064	0.08224	0.11261	0.01349	0.00361	0.00503	0.04840	0.00677	0.03767
23	0.02896	0.03695	0.02197	0.01998	0.02397	0.69638	0.01498	0.03096	0.02197	0.01898	0.01199	0.01398	0.00999	0.00799	0.00699	0.00200	0.01398	0.00499	0.00400	0.00899
24	0.02477	0.01578	0.01795	0.01523	0.02022	0.01696	0.01210	0.06869	0.42820	0.24372	0.03064	0.02763	0.02173	0.01016	0.00785	0.00254	0.00640	0.00837	0.00843	0.01261
25	0.01051	0.00800	0.00972	0.00955	0.01165	0.00721	0.00734	0.01358	0.02009	0.02686	0.40922	0.06653	0.27565	0.01769	0.00931	0.00261	0.00409	0.07542	0.00794	0.00704
26	0.00950	0.00787	0.00832	0.00821	0.01068	0.00669	0.00616	0.01178	0.01847	0.02283	0.18914	0.07152	0.56422	0.01893	0.00916	0.00258	0.00388	0.01593	0.00745	0.00669
27	0.00926	0.00786	0.00799	0.00796	0.01053	0.00659	0.00597	0.01132	0.01791	0.02150	0.11123	0.07370	0.64297	0.01943	0.00916	0.00261	0.00391	0.01624	0.00727	0.00659
28	0.01097	0.00793	0.01036	0.00975	0.01158	0.00732	0.00732	0.01463	0.02195	0.03109	0.67505	0.05792	0.07316	0.01585	0.00914	0.00244	0.00366	0.01402	0.00854	0.00732
29	0.10547	0.01087	0.01365	0.01296	0.01654	0.01041	0.01096	0.02332	0.01872	0.23861	0.03837	0.05789	0.10122	0.01580	0.00894	0.00296	0.00649	0.28997	0.00768	0.00918
30	0.01069	0.00770	0.01011	0.00995	0.01152	0.00712	0.00729	0.01391	0.02061	0.02896	0.55591	0.18312	0.06904	0.01744	0.00929	0.00257	0.00382	0.01553	0.00828	0.00712
31	0.01347	0.00673	0.01010	0.01010	0.01010	0.00673	0.00673	0.01010	0.01010	0.01347	0.01347	0.02357	0.01347	0.02694	0.03030	0.77441	0.00673	0.00673	0.00337	0.00337
32	0.01079	0.00786	0.01015	0.00970	0.01150	0.00722	0.00723	0.01423	0.02133	0.02992	0.60805	0.09432	0.10559	0.01651	0.00919	0.00249	0.00372	0.01458	0.00839	0.00722
33	0.01226	0.00946	0.01454	0.04331	0.06710	0.01088	0.01124	0.01469	0.01276	0.01826	0.01901	0.02813	0.01764	0.04789	0.53406	0.07862	0.04105	0.00795	0.00401	0.00714
34	0.01490	0.01405	0.02373	0.67093	0.08930	0.01730	0.02166	0.02004	0.01563	0.02013	0.01383	0.02059	0.01045	0.00770	0.00775	0.00257	0.01027	0.00689	0.00347	0.00882
35	0.01929	0.01666	0.01753	0.01578	0.02016	0.01929	0.01227	0.04120	0.66513	0.03243	0.03156	0.02893	0.02367	0.01052	0.00789	0.00263	0.00614	0.00877	0.00789	0.01227
36	0.01119	0.00753	0.00843	0.00843	0.00854	0.00748	0.00475	0.01127	0.01154	0.01528	0.02665	0.05172	0.05476	0.69848	0.03822	0.00732	0.00737	0.01148	0.00480	0.00477
37	0.02903	0.01917	0.02124	0.01642	0.02224	0.02059	0.01351	0.49960	0.03269	0.15390	0.04733	0.02190	0.01687	0.00961	0.00773	0.00232	0.00782	0.00741	0.03788	0.01272
38	0.02002	0.01649	0.01755	0.01568	0.02014	0.01891	0.01223	0.04104	0.63456	0.06345	0.03151	0.02881	0.02346	0.01048	0.00789	0.00262	0.00616	0.00872	0.00797	0.01232
39	0.01249	0.00892	0.01249	0.01428	0.01606	0.00892	0.01249	0.01606	0.01785	0.02320	0.04105	0.08746	0.04462	0.02142	0.01071	0.00357	0.00714	0.62695	0.00714	0.00714
40	0.02098	0.01586	0.01723	0.01522	0.01975	0.01776	0.01192	0.03962	0.55506	0.11907	0.03319	0.03030	0.04747	0.01074	0.00792	0.00260	0.00612	0.00892	0.00809	0.01218
41	0.01555	0.04011	0.68733	0.02210	0.03356	0.01801	0.02865	0.02455	0.01637	0.02455	0.01391	0.01637	0.00982	0.00737	0.00737	0.00246	0.01146	0.00573	0.00327	0.01146
42	0.00945	0.00675	0.00900	0.01080	0.01125	0.00630	0.00720	0.01080	0.01484	0.01979	0.04274	0.72245	0.05128	0.02429	0.00990	0.00315	0.00450	0.02204	0.00720	0.00630
43	0.01919	0.01842	0.03147	0.04759	0.67914	0.01842	0.02380	0.02380	0.01765	0.02533	0.01458	0.01919	0.01228	0.00691	0.00768	0.00230	0.00921	0.00691	0.00384	0.01228
44	0.01765	0.01517	0.01600	0.01452	0.01857	0.01717	0.01125	0.03627	0.55614	0.03091	0.06381	0.03595	0.10907	0.01190	0.00810	0.00262	0.00575	0.00995	0.00783	0.01134
45	0.00961	0.00687	0.00919	0.01099	0.01151	0.00644	0.00749	0.01108	0.01501	0.01998	0.04264	0.68766	0.05092	0.02413	0.00994	0.00317	0.00464	0.05518	0.00719	0.00634
46	0.01830	0.02092	0.04575	0.03268	0.04052	0.01961	0.65098	0.02484	0.01830	0.02484	0.01569	0.02092	0.01176	0.00654	0.00915	0.00261	0.01307	0.00915	0.00392	0.01046
47	0.00945	0.00675	0.00900	0.01080	0.01125	0.00630	0.00720	0.01080	0.01484	0.01979	0.04274	0.72245	0.05128	0.02429	0.00990	0.00315	0.00450	0.02204	0.00720	0.00630
48	0.01915	0.01854	0.03215	0.04688	0.64874	0.01848	0.05365	0.02385	0.01769	0.02531	0.01464	0.01927	0.01226	0.00689	0.00775	0.00232	0.00940	0.00702	0.00384	0.01219
49	0.01514	0.01475	0.02632	0.61672	0.05165	0.01755	0.10731	0.02050	0.01589	0.02050	0.01404	0.02070	0.01053	0.00759	0.00794	0.00259	0.01071	0.00720	0.00351	0.00886
50	0.01865	0.01787	0.03049	0.12647	0.60450	0.01828	0.02353	0.02332	0.01740	0.02467	0.01449	0.01937	0.01205	0.00701	0.00769	0.00234	0.00935	0.00691	0.00379	0.01184
51	0.03262	0.01368	0.01872	0.01585	0.05574	0.01226	0.01228	0.06529	0.02242	0.58688	0.02964	0.02853	0.01974	0.01000	0.00793	0.00245	0.00686	0.03716	0.00908	0.01286
52	0.02237	0.01428	0.02279	0.36251	0.07414	0.01562	0.04393	0.02662	0.01796	0.25811	0.01975	0.02247	0.01367	0.00859	0.00866	0.00254	0.04248	0.00730	0.00569	0.01053
53	0.01528	0.01331	0.02186	0.56347	0.08209	0.01585	0.01956	0.01993	0.01603	0.05182	0.01970	0.06126	0.04932	0.00932	0.00794	0.00259	0.00943	0.00826	0.00416	0.00880
54	0.01821	0.03162	0.44282	0.06136	0.05714	0.01754	0.13499	0.02576	0.01734	0.09638	0.01606	0.01859	0.01130	0.00747	0.00776	0.00248	0.01107	0.00666	0.00411	0.01135
55	0.02116	0.02384	0.06582	0.08530	0.35031	0.17053	0.09508	0.05064	0.01923	0.02435	0.01420	0.01816	0.01147	0.00729	0.00769	0.00230	0.01091	0.00668	0.00398	0.01105
56	0.02067	0.01895	0.02317	0.35063	0.10818	0.13174	0.01865	0.06928	0.05496	0.08080	0.01624	0.02008	0.01220	0.00832	0.00823	0.00245	0.03404	0.00676	0.00466	0.00999
57	0.01770	0.07478	0.26448	0.07034	0.32125	0.01914	0.07518	0.02390	0.01701	0.02424	0.01413	0.01795	0.01111	0.00707	0.00751	0.00235	0.01031	0.00648	0.00359	0.01149

[dist]
# distance from previous block
# <min> <max>
0	4

# created by:
# /st0/software/busco_prod/Augustus/scripts/msa2prfl.pl ./align_prep/124690.fa
