[name]
unknown

[dist]
# distance from previous block
# <min> <max>
3	6

[block]
# block no. 0 follows, 21 sequences, length 26
# corresponding to MSA columns:
# 9-34
name=unknown_A
#
# <colnr> <probs for GDERKNQSTAVLIFYWHMCP>
#	G	D	E	R	K	N	Q	S	T	A	V	L	I	F	Y	W	H	M	C	P
0	0.09695	0.04106	0.58765	0.02285	0.03464	0.01969	0.02906	0.02674	0.01759	0.02816	0.01490	0.01752	0.01061	0.00807	0.00778	0.00269	0.01193	0.00611	0.00377	0.01222
1	0.02132	0.02332	0.10389	0.02687	0.03519	0.01973	0.32289	0.08902	0.06507	0.05273	0.01879	0.02208	0.01401	0.00786	0.00888	0.00253	0.01146	0.00845	0.00532	0.14059
2	0.01581	0.00992	0.01375	0.01501	0.01723	0.00963	0.01266	0.01928	0.01958	0.09233	0.04412	0.18354	0.04713	0.02261	0.01127	0.00371	0.00731	0.43854	0.00814	0.00840
3	0.36729	0.05146	0.01756	0.01330	0.01906	0.01717	0.01106	0.06519	0.02035	0.26745	0.05718	0.02274	0.01816	0.00954	0.00697	0.00259	0.00697	0.00688	0.00757	0.01150
4	0.01789	0.01590	0.02086	0.01490	0.02256	0.01235	0.06991	0.02200	0.01789	0.02768	0.01533	0.01817	0.01264	0.00639	0.00667	0.00142	0.00710	0.00553	0.00497	0.67985
5	0.02009	0.02296	0.05022	0.03587	0.04448	0.02152	0.61693	0.02726	0.02009	0.02726	0.01722	0.02296	0.01291	0.00717	0.01004	0.00287	0.01435	0.01004	0.00430	0.01148
6	0.02386	0.02216	0.02059	0.01823	0.02317	0.11831	0.01418	0.10015	0.48300	0.03517	0.03002	0.02818	0.02260	0.01100	0.00850	0.00275	0.00828	0.00881	0.00801	0.01303
7	0.01235	0.00834	0.00975	0.00975	0.00992	0.00851	0.00574	0.01268	0.01252	0.01685	0.02638	0.05330	0.02990	0.63252	0.11030	0.00883	0.00981	0.01203	0.00509	0.00542
8	0.01053	0.00753	0.01002	0.01174	0.01238	0.00702	0.00791	0.01226	0.01706	0.02295	0.10571	0.63308	0.05865	0.02575	0.01078	0.00338	0.00485	0.02332	0.00804	0.00702
9	0.01216	0.00912	0.01368	0.01368	0.01520	0.01064	0.01064	0.01520	0.01368	0.01976	0.02279	0.03343	0.02127	0.06382	0.66720	0.01368	0.02279	0.00912	0.00456	0.00760
10	0.76103	0.01646	0.01251	0.01119	0.01646	0.01909	0.00922	0.02502	0.01448	0.03818	0.01185	0.01382	0.00922	0.00790	0.00527	0.00263	0.00658	0.00461	0.00527	0.00922
11	0.01586	0.00793	0.00793	0.00793	0.00991	0.00793	0.00595	0.01983	0.01785	0.03173	0.02776	0.03173	0.02181	0.00991	0.00595	0.00198	0.00397	0.00793	0.74817	0.00793
12	0.01623	0.02751	0.34186	0.01826	0.02597	0.01496	0.02050	0.02430	0.05686	0.05707	0.23658	0.06141	0.03804	0.01235	0.00893	0.00273	0.00873	0.01044	0.00637	0.01091
13	0.01047	0.00748	0.00996	0.01178	0.01236	0.00698	0.00791	0.01209	0.01675	0.02244	0.08156	0.65866	0.05768	0.02612	0.01081	0.00341	0.00488	0.02368	0.00798	0.00698
14	0.01909	0.02930	0.30789	0.03368	0.28008	0.01836	0.02593	0.02610	0.01948	0.05617	0.08383	0.02461	0.01979	0.00899	0.00845	0.00262	0.01042	0.00789	0.00477	0.01254
15	0.07528	0.01785	0.04503	0.01709	0.02408	0.01595	0.05303	0.13385	0.02523	0.39206	0.02656	0.02475	0.01753	0.00960	0.00822	0.00250	0.00812	0.00785	0.00869	0.08671
16	0.76103	0.01646	0.01251	0.01119	0.01646	0.01909	0.00922	0.02502	0.01448	0.03818	0.01185	0.01382	0.00922	0.00790	0.00527	0.00263	0.00658	0.00461	0.00527	0.00922
17	0.02106	0.02022	0.03454	0.05223	0.64784	0.02022	0.02612	0.02612	0.01938	0.02780	0.01601	0.02106	0.01348	0.00758	0.00842	0.00253	0.01011	0.00758	0.00421	0.01348
18	0.01836	0.19470	0.51749	0.02205	0.03342	0.02293	0.02760	0.02662	0.01781	0.02537	0.01449	0.01698	0.01081	0.00790	0.00749	0.00250	0.01179	0.00589	0.00360	0.01220
19	0.04833	0.00907	0.01130	0.01063	0.01284	0.00853	0.00802	0.01632	0.02341	0.03381	0.58707	0.06200	0.10277	0.01713	0.00981	0.00268	0.00415	0.01498	0.00910	0.00805
20	0.01485	0.01209	0.01569	0.01670	0.08278	0.01251	0.01119	0.02209	0.13021	0.03136	0.36810	0.05180	0.09079	0.05519	0.01242	0.00308	0.03851	0.01312	0.00808	0.00943
21	0.01238	0.00825	0.00928	0.00928	0.00928	0.00825	0.00516	0.01238	0.01238	0.01650	0.02681	0.05569	0.03094	0.70092	0.04331	0.00825	0.00825	0.01238	0.00516	0.00516
22	0.02896	0.07484	0.02373	0.01993	0.02446	0.52102	0.01525	0.06598	0.02416	0.02296	0.02135	0.02270	0.07918	0.01014	0.00785	0.00227	0.01344	0.00690	0.00496	0.00991
23	0.01765	0.01513	0.01765	0.01260	0.02017	0.01134	0.01008	0.02143	0.01765	0.02773	0.01513	0.01765	0.01260	0.00630	0.00630	0.00126	0.00630	0.00504	0.00504	0.75295
24	0.01834	0.09895	0.57232	0.02319	0.03502	0.02128	0.02922	0.05755	0.01905	0.02775	0.01525	0.01773	0.01098	0.00813	0.00789	0.00261	0.01212	0.00621	0.00385	0.01254
25	0.02176	0.59094	0.15104	0.01625	0.02445	0.03125	0.01750	0.02574	0.01741	0.02123	0.01243	0.01440	0.01090	0.00742	0.00592	0.00197	0.00971	0.00485	0.00363	0.01121

[dist]
# distance from previous block
# <min> <max>
0	1

[block]
# block no. 1 follows, 21 sequences, length 83
# corresponding to MSA columns:
# 36-118
name=unknown_B
#
# <colnr> <probs for GDERKNQSTAVLIFYWHMCP>
#	G	D	E	R	K	N	Q	S	T	A	V	L	I	F	Y	W	H	M	C	P
0	0.02200	0.61880	0.12528	0.01584	0.02382	0.03184	0.01679	0.02568	0.01738	0.02093	0.01228	0.01422	0.01090	0.00739	0.00581	0.00194	0.00956	0.00478	0.00363	0.01114
1	0.05692	0.48944	0.15333	0.01624	0.02434	0.02851	0.01723	0.02720	0.01793	0.08022	0.01446	0.01586	0.01175	0.00775	0.00622	0.00209	0.00945	0.00524	0.00434	0.01147
2	0.01189	0.00817	0.00994	0.01032	0.01071	0.00814	0.00643	0.01277	0.01422	0.01924	0.07700	0.19464	0.03938	0.44840	0.08618	0.00724	0.00843	0.01492	0.00602	0.00596
3	0.01798	0.13105	0.54432	0.02356	0.03523	0.02170	0.05914	0.02677	0.01799	0.02604	0.01491	0.01765	0.01091	0.00793	0.00784	0.00259	0.01220	0.00625	0.00364	0.01230
4	0.01862	0.01862	0.02607	0.02234	0.02234	0.02607	0.01862	0.02048	0.01303	0.02048	0.01117	0.01862	0.01117	0.01489	0.02793	0.00372	0.68535	0.00745	0.00372	0.00931
5	0.02009	0.02296	0.05022	0.03587	0.04448	0.02152	0.61693	0.02726	0.02009	0.02726	0.01722	0.02296	0.01291	0.00717	0.01004	0.00287	0.01435	0.01004	0.00430	0.01148
6	0.01037	0.00741	0.00987	0.01185	0.01234	0.00691	0.00790	0.01185	0.01629	0.02172	0.04690	0.69537	0.05629	0.02666	0.01086	0.00346	0.00494	0.02419	0.00790	0.00691
7	0.02681	0.41737	0.03653	0.01669	0.02377	0.03059	0.01524	0.27682	0.02691	0.03424	0.01547	0.01652	0.01242	0.00852	0.00675	0.00213	0.00921	0.00587	0.00570	0.01242
8	0.01053	0.00776	0.00987	0.01121	0.01226	0.00710	0.00770	0.01244	0.01776	0.02350	0.12890	0.52107	0.14927	0.02470	0.01063	0.00327	0.00472	0.02212	0.00809	0.00710
9	0.01631	0.01537	0.02595	0.65090	0.08634	0.01897	0.02375	0.02195	0.01713	0.02203	0.01517	0.02261	0.01144	0.00846	0.00850	0.00282	0.01129	0.00756	0.00380	0.00964
10	0.01424	0.01046	0.01404	0.01564	0.01779	0.01070	0.01342	0.01989	0.07562	0.02622	0.04419	0.11831	0.04721	0.02256	0.01143	0.00380	0.00760	0.51064	0.00791	0.00831
11	0.02479	0.01152	0.01546	0.01287	0.01711	0.01021	0.01021	0.02845	0.02422	0.33620	0.34607	0.04670	0.05142	0.01405	0.00932	0.00266	0.00559	0.01206	0.00994	0.01118
12	0.01738	0.00939	0.00955	0.00900	0.01143	0.00962	0.00689	0.07480	0.01988	0.03374	0.02709	0.03069	0.02114	0.00994	0.00618	0.00204	0.00446	0.00791	0.68036	0.00853
13	0.01204	0.00870	0.01138	0.01071	0.01271	0.00803	0.00803	0.01606	0.02409	0.03413	0.64335	0.06357	0.08030	0.01740	0.01004	0.00268	0.00401	0.01539	0.00937	0.00803
14	0.02250	0.67631	0.07209	0.01500	0.02252	0.03305	0.01532	0.02555	0.01732	0.02033	0.01199	0.01385	0.01091	0.00732	0.00558	0.00186	0.00926	0.00463	0.00364	0.01100
15	0.01869	0.01540	0.01900	0.01362	0.02118	0.01179	0.03361	0.02258	0.01805	0.05676	0.01606	0.01838	0.01301	0.00653	0.00655	0.00139	0.00666	0.00540	0.00527	0.69007
16	0.06248	0.02089	0.02370	0.02097	0.07740	0.02275	0.01570	0.35145	0.15966	0.11980	0.02425	0.02360	0.01737	0.01021	0.00840	0.00263	0.00849	0.00804	0.00828	0.01394
17	0.02166	0.01853	0.01952	0.01742	0.02232	0.02140	0.01359	0.07052	0.60636	0.03639	0.03401	0.03125	0.02547	0.01149	0.00865	0.00287	0.00685	0.00954	0.00865	0.01351
18	0.02106	0.02022	0.03454	0.05223	0.64784	0.02022	0.02612	0.02612	0.01938	0.02780	0.01601	0.02106	0.01348	0.00758	0.00842	0.00253	0.01011	0.00758	0.00421	0.01348
19	0.02275	0.70604	0.04459	0.01456	0.02184	0.03367	0.01456	0.02548	0.01729	0.02002	0.01183	0.01365	0.01092	0.00728	0.00546	0.00182	0.00910	0.00455	0.00364	0.01092
20	0.01722	0.04299	0.62711	0.02482	0.03721	0.01985	0.06012	0.02697	0.01807	0.02697	0.01537	0.01821	0.01088	0.00804	0.00818	0.00270	0.01266	0.00647	0.00363	0.01252
21	0.01037	0.00741	0.00987	0.01185	0.01234	0.00691	0.00790	0.01185	0.01629	0.02172	0.04690	0.69537	0.05629	0.02666	0.01086	0.00346	0.00494	0.02419	0.00790	0.00691
22	0.02335	0.02682	0.02942	0.02445	0.02738	0.24373	0.11749	0.02621	0.01799	0.02173	0.01285	0.01823	0.01139	0.01152	0.01805	0.00306	0.34522	0.00721	0.00405	0.00986
23	0.01216	0.00916	0.01147	0.01199	0.01404	0.00868	0.00934	0.01621	0.04721	0.02761	0.25029	0.17901	0.18535	0.02109	0.01055	0.00317	0.00531	0.16111	0.00840	0.00785
24	0.01204	0.00870	0.01138	0.01071	0.01271	0.00803	0.00803	0.01606	0.02409	0.03413	0.64335	0.06357	0.08030	0.01740	0.01004	0.00268	0.00401	0.01539	0.00937	0.00803
25	0.01707	0.04402	0.65683	0.02426	0.03683	0.01976	0.03144	0.02695	0.01797	0.02695	0.01527	0.01797	0.01078	0.00809	0.00809	0.00270	0.01258	0.00629	0.00359	0.01258
26	0.01195	0.00874	0.01125	0.01076	0.01284	0.00804	0.00816	0.01581	0.02349	0.03279	0.56910	0.06659	0.12630	0.01803	0.01012	0.00275	0.00421	0.04194	0.00917	0.00795
27	0.01707	0.04402	0.65683	0.02426	0.03683	0.01976	0.03144	0.02695	0.01797	0.02695	0.01527	0.01797	0.01078	0.00809	0.00809	0.00270	0.01258	0.00629	0.00359	0.01258
28	0.76103	0.01646	0.01251	0.01119	0.01646	0.01909	0.00922	0.02502	0.01448	0.03818	0.01185	0.01382	0.00922	0.00790	0.00527	0.00263	0.00658	0.00461	0.00527	0.00922
29	0.01834	0.01924	0.03873	0.11707	0.03965	0.01907	0.40636	0.02438	0.01907	0.02628	0.02277	0.02792	0.06067	0.00906	0.01034	0.00283	0.04511	0.00998	0.07267	0.01045
30	0.07885	0.59054	0.04023	0.01502	0.02187	0.09339	0.01434	0.02626	0.01774	0.02146	0.01196	0.01383	0.01080	0.00747	0.00566	0.00192	0.00951	0.00464	0.00383	0.01069
31	0.03085	0.01741	0.02134	0.01846	0.05447	0.01764	0.01421	0.21093	0.10063	0.30461	0.03015	0.06732	0.02256	0.01191	0.00882	0.00274	0.00786	0.03540	0.00911	0.01358
32	0.01871	0.07757	0.56751	0.02355	0.03510	0.07979	0.02920	0.02752	0.01850	0.02603	0.01490	0.01751	0.01080	0.00811	0.00791	0.00260	0.01265	0.00613	0.00367	0.01224
33	0.76103	0.01646	0.01251	0.01119	0.01646	0.01909	0.00922	0.02502	0.01448	0.03818	0.01185	0.01382	0.00922	0.00790	0.00527	0.00263	0.00658	0.00461	0.00527	0.00922
34	0.01987	0.02468	0.10760	0.03334	0.04205	0.02132	0.51416	0.02857	0.06569	0.02785	0.01833	0.02312	0.01368	0.00759	0.00975	0.00285	0.01360	0.00964	0.00456	0.01173
35	0.02064	0.01957	0.03207	0.04468	0.50277	0.01988	0.05093	0.02846	0.10718	0.02917	0.04608	0.02453	0.01815	0.00856	0.00860	0.00260	0.00956	0.00833	0.00508	0.01315
36	0.01159	0.00868	0.01074	0.01023	0.01243	0.00784	0.00767	0.01518	0.02301	0.03157	0.51541	0.06778	0.20983	0.01835	0.01004	0.00272	0.00408	0.01598	0.00903	0.00784
37	0.02149	0.02088	0.03299	0.04843	0.57656	0.04574	0.02479	0.02786	0.06543	0.02811	0.01729	0.02164	0.01432	0.00793	0.00841	0.00254	0.01006	0.00765	0.00455	0.01334
38	0.03662	0.01483	0.01970	0.01534	0.02176	0.01330	0.01260	0.04182	0.08011	0.59706	0.03367	0.02922	0.02152	0.01063	0.00857	0.00266	0.00719	0.00866	0.01036	0.01439
39	0.01804	0.01039	0.01360	0.01217	0.01527	0.00963	0.00949	0.02277	0.05046	0.16461	0.45873	0.05646	0.06389	0.01599	0.00975	0.00274	0.00500	0.04187	0.00951	0.00962
40	0.01056	0.00754	0.01009	0.01207	0.01264	0.00708	0.00823	0.01218	0.01648	0.02194	0.04680	0.66122	0.05587	0.02648	0.01091	0.00348	0.00510	0.05646	0.00790	0.00696
41	0.02684	0.01197	0.01611	0.01322	0.01781	0.01056	0.01056	0.03044	0.02424	0.38481	0.29823	0.04398	0.04677	0.01351	0.00920	0.00265	0.00584	0.01152	0.01003	0.01168
42	0.02970	0.02103	0.02294	0.01836	0.02454	0.02313	0.01492	0.37648	0.21599	0.12148	0.02630	0.02487	0.01873	0.01065	0.00856	0.00266	0.00832	0.00836	0.00880	0.01417
43	0.01052	0.00752	0.01001	0.01174	0.01238	0.00701	0.00791	0.01224	0.01701	0.02286	0.10158	0.63745	0.05849	0.02581	0.01079	0.00338	0.00485	0.02339	0.00803	0.00701
44	0.02039	0.01953	0.03332	0.13720	0.56815	0.02004	0.02578	0.02553	0.01906	0.02698	0.01589	0.02128	0.01319	0.00771	0.00844	0.00257	0.01028	0.00758	0.00415	0.01294
45	0.01765	0.01513	0.01765	0.01260	0.02017	0.01134	0.01008	0.02143	0.01765	0.02773	0.01513	0.01765	0.01260	0.00630	0.00630	0.00126	0.00630	0.00504	0.00504	0.75295
46	0.03235	0.02384	0.02554	0.01958	0.02639	0.02639	0.01618	0.61946	0.04001	0.05363	0.02043	0.02043	0.01447	0.01022	0.00851	0.00255	0.00936	0.00766	0.00851	0.01447
47	0.02026	0.01661	0.01769	0.01589	0.02025	0.01885	0.01235	0.06621	0.48701	0.03592	0.09538	0.03447	0.03060	0.01193	0.00854	0.00277	0.00632	0.00996	0.07652	0.01245
48	0.01187	0.00921	0.01304	0.01379	0.01514	0.00894	0.04327	0.01547	0.06275	0.02324	0.04422	0.58145	0.05123	0.02428	0.01069	0.00340	0.00573	0.04682	0.00775	0.00770
49	0.01765	0.01513	0.01765	0.01260	0.02017	0.01134	0.01008	0.02143	0.01765	0.02773	0.01513	0.01765	0.01260	0.00630	0.00630	0.00126	0.00630	0.00504	0.00504	0.75295
50	0.03084	0.02238	0.02393	0.01851	0.02488	0.02470	0.01524	0.56449	0.03798	0.05162	0.02110	0.02147	0.01515	0.01019	0.00828	0.00250	0.00887	0.00769	0.07632	0.01387
51	0.01428	0.00919	0.01209	0.01108	0.01348	0.00841	0.00841	0.01823	0.02411	0.08701	0.59130	0.06062	0.07524	0.01681	0.00991	0.00267	0.00429	0.01481	0.00947	0.00858
52	0.01822	0.01020	0.01045	0.00960	0.01227	0.01057	0.00741	0.10547	0.02101	0.03486	0.02671	0.03011	0.02076	0.00996	0.00632	0.00206	0.00474	0.00789	0.64252	0.00887
53	0.01049	0.00750	0.00999	0.01176	0.01237	0.00700	0.00791	0.01216	0.01688	0.02265	0.09153	0.64810	0.05808	0.02597	0.01080	0.00340	0.00487	0.02353	0.00801	0.00700
54	0.66032	0.01663	0.01379	0.01195	0.01741	0.01883	0.00985	0.05462	0.01659	0.09534	0.01425	0.01552	0.01055	0.00825	0.00572	0.00263	0.00677	0.00511	0.00590	0.00995
55	0.76103	0.01646	0.01251	0.01119	0.01646	0.01909	0.00922	0.02502	0.01448	0.03818	0.01185	0.01382	0.00922	0.00790	0.00527	0.00263	0.00658	0.00461	0.00527	0.00922
56	0.01222	0.00822	0.00950	0.00965	0.00974	0.00824	0.00558	0.01245	0.01272	0.01702	0.02816	0.10267	0.03245	0.62527	0.06557	0.00811	0.00858	0.01313	0.00534	0.00538
57	0.02089	0.02885	0.28907	0.02007	0.02832	0.01983	0.02099	0.03717	0.32023	0.08501	0.02635	0.02568	0.01913	0.00999	0.00841	0.00278	0.00925	0.00812	0.00668	0.01318
58	0.01025	0.00856	0.00893	0.00899	0.01165	0.00724	0.00668	0.01253	0.01963	0.02389	0.13265	0.11525	0.56159	0.02148	0.01010	0.00289	0.00432	0.01809	0.00803	0.00724
59	0.02572	0.01847	0.02027	0.01729	0.02270	0.02048	0.01371	0.13030	0.44079	0.14323	0.03234	0.02959	0.02343	0.01118	0.00862	0.00279	0.00721	0.00915	0.00896	0.01379
60	0.01834	0.01554	0.01802	0.01293	0.02046	0.01206	0.01037	0.04970	0.01870	0.02895	0.01538	0.01778	0.01269	0.00649	0.00641	0.00132	0.00645	0.00517	0.00521	0.71804
61	0.01765	0.01513	0.01765	0.01260	0.02017	0.01134	0.01008	0.02143	0.01765	0.02773	0.01513	0.01765	0.01260	0.00630	0.00630	0.00126	0.00630	0.00504	0.00504	0.75295
62	0.02594	0.01177	0.01583	0.01306	0.01750	0.01041	0.01041	0.02957	0.02423	0.36355	0.31915	0.04517	0.04881	0.01375	0.00925	0.00265	0.00573	0.01176	0.00999	0.01146
63	0.01180	0.00869	0.01104	0.01045	0.01257	0.00793	0.00784	0.01559	0.02352	0.03278	0.57582	0.06579	0.14867	0.01790	0.01004	0.00270	0.00405	0.01570	0.00919	0.00793
64	0.01238	0.00825	0.00928	0.00928	0.00928	0.00825	0.00516	0.01238	0.01238	0.01650	0.02681	0.05569	0.03094	0.70092	0.04331	0.00825	0.00825	0.01238	0.00516	0.00516
65	0.01607	0.01513	0.02552	0.68047	0.05861	0.01891	0.02363	0.02174	0.01702	0.02174	0.01513	0.02269	0.01134	0.00851	0.00851	0.00284	0.01134	0.00756	0.00378	0.00945
66	0.01037	0.00741	0.00987	0.01185	0.01234	0.00691	0.00790	0.01185	0.01629	0.02172	0.04690	0.69537	0.05629	0.02666	0.01086	0.00346	0.00494	0.02419	0.00790	0.00691
67	0.01966	0.01879	0.03201	0.22834	0.48267	0.01985	0.02542	0.02489	0.01872	0.02610	0.01576	0.02152	0.01288	0.00784	0.00845	0.00261	0.01046	0.00758	0.00409	0.01235
68	0.03336	0.01829	0.02163	0.01701	0.02338	0.01867	0.01391	0.23821	0.13138	0.34672	0.02929	0.02654	0.01965	0.01059	0.00856	0.00265	0.00788	0.00843	0.00953	0.01431
69	0.76103	0.01646	0.01251	0.01119	0.01646	0.01909	0.00922	0.02502	0.01448	0.03818	0.01185	0.01382	0.00922	0.00790	0.00527	0.00263	0.00658	0.00461	0.00527	0.00922
70	0.03351	0.02197	0.02439	0.01870	0.02546	0.02362	0.01544	0.50427	0.03689	0.17324	0.02305	0.02213	0.01579	0.01028	0.00852	0.00257	0.00894	0.00784	0.00892	0.01447
71	0.76103	0.01646	0.01251	0.01119	0.01646	0.01909	0.00922	0.02502	0.01448	0.03818	0.01185	0.01382	0.00922	0.00790	0.00527	0.00263	0.00658	0.00461	0.00527	0.00922
72	0.01765	0.01513	0.01765	0.01260	0.02017	0.01134	0.01008	0.02143	0.01765	0.02773	0.01513	0.01765	0.01260	0.00630	0.00630	0.00126	0.00630	0.00504	0.00504	0.75295
73	0.01121	0.00867	0.01021	0.00983	0.01220	0.00767	0.00737	0.01444	0.02211	0.02943	0.40826	0.07130	0.31831	0.01915	0.01005	0.00276	0.00414	0.01647	0.00875	0.00767
74	0.01862	0.01862	0.02607	0.02234	0.02234	0.02607	0.01862	0.02048	0.01303	0.02048	0.01117	0.01862	0.01117	0.01489	0.02793	0.00372	0.68535	0.00745	0.00372	0.00931
75	0.01018	0.00816	0.00910	0.00984	0.01182	0.00708	0.00701	0.01208	0.01822	0.02251	0.07132	0.31427	0.42163	0.02349	0.01036	0.00309	0.00455	0.02032	0.00790	0.00708
76	0.03039	0.02242	0.02396	0.01871	0.02506	0.02486	0.01534	0.53265	0.09306	0.05073	0.02215	0.02211	0.01595	0.01032	0.00838	0.00255	0.00882	0.00786	0.05067	0.01401
77	0.76103	0.01646	0.01251	0.01119	0.01646	0.01909	0.00922	0.02502	0.01448	0.03818	0.01185	0.01382	0.00922	0.00790	0.00527	0.00263	0.00658	0.00461	0.00527	0.00922
78	0.02009	0.02296	0.05022	0.03587	0.04448	0.02152	0.61693	0.02726	0.02009	0.02726	0.01722	0.02296	0.01291	0.00717	0.01004	0.00287	0.01435	0.01004	0.00430	0.01148
79	0.01862	0.01862	0.02607	0.02234	0.02234	0.02607	0.01862	0.02048	0.01303	0.02048	0.01117	0.01862	0.01117	0.01489	0.02793	0.00372	0.68535	0.00745	0.00372	0.00931
80	0.01037	0.00741	0.00987	0.01185	0.01234	0.00691	0.00790	0.01185	0.01629	0.02172	0.04690	0.69537	0.05629	0.02666	0.01086	0.00346	0.00494	0.02419	0.00790	0.00691
81	0.01169	0.00869	0.01089	0.01034	0.01250	0.00788	0.00775	0.01538	0.02326	0.03215	0.54452	0.06682	0.18035	0.01813	0.01004	0.00271	0.00407	0.01585	0.00911	0.00788
82	0.01246	0.00921	0.01209	0.01364	0.01558	0.00883	0.01135	0.01566	0.01908	0.02441	0.05401	0.17863	0.17576	0.02355	0.01127	0.00363	0.00668	0.38874	0.00786	0.00757

[dist]
# distance from previous block
# <min> <max>
2	7

[block]
# block no. 2 follows, 21 sequences, length 8
# corresponding to MSA columns:
# 126-133
name=unknown_C
#
# <colnr> <probs for GDERKNQSTAVLIFYWHMCP>
#	G	D	E	R	K	N	Q	S	T	A	V	L	I	F	Y	W	H	M	C	P
0	0.03132	0.02333	0.02496	0.01937	0.02600	0.02591	0.01593	0.56667	0.09448	0.05197	0.02174	0.02147	0.01553	0.01034	0.00853	0.00258	0.00912	0.00784	0.00853	0.01438
1	0.01213	0.00815	0.00935	0.00959	0.00965	0.00809	0.00549	0.01231	0.01285	0.01713	0.02923	0.13253	0.03398	0.61993	0.03942	0.00767	0.00785	0.01380	0.00549	0.00537
2	0.02157	0.56794	0.17231	0.01658	0.02497	0.03077	0.01808	0.02579	0.01743	0.02147	0.01255	0.01455	0.01089	0.00745	0.00601	0.00200	0.00983	0.00491	0.00363	0.01127
3	0.01833	0.19121	0.52071	0.02210	0.03350	0.02286	0.02769	0.02662	0.01782	0.02541	0.01451	0.01701	0.01081	0.00791	0.00750	0.00250	0.01180	0.00590	0.00360	0.01221
4	0.02163	0.37294	0.27876	0.01902	0.02815	0.06435	0.02128	0.06059	0.01925	0.02467	0.01373	0.01580	0.01107	0.00785	0.00678	0.00222	0.01082	0.00545	0.00394	0.01170
5	0.01980	0.36228	0.36250	0.01960	0.02963	0.02645	0.02333	0.02624	0.01764	0.02362	0.01362	0.01589	0.01085	0.00770	0.00682	0.00227	0.01091	0.00545	0.00362	0.01178
6	0.01955	0.38061	0.25524	0.01811	0.02654	0.02560	0.02037	0.02495	0.01784	0.02318	0.01749	0.02619	0.01597	0.00973	0.00722	0.00241	0.01015	0.08359	0.00419	0.01109
7	0.11909	0.32512	0.30721	0.01834	0.02766	0.02566	0.02121	0.02606	0.01721	0.02547	0.01333	0.01556	0.01063	0.00771	0.00658	0.00231	0.01028	0.00532	0.00384	0.01141

[dist]
# distance from previous block
# <min> <max>
0	7

[block]
# block no. 3 follows, 21 sequences, length 15
# corresponding to MSA columns:
# 141-155
name=unknown_D
#
# <colnr> <probs for GDERKNQSTAVLIFYWHMCP>
#	G	D	E	R	K	N	Q	S	T	A	V	L	I	F	Y	W	H	M	C	P
0	0.01761	0.10682	0.59875	0.02334	0.03541	0.02108	0.02984	0.02681	0.01790	0.02629	0.01495	0.01756	0.01079	0.00801	0.00784	0.00261	0.01225	0.00612	0.00360	0.01242
1	0.01798	0.15035	0.55850	0.02270	0.03442	0.02200	0.02873	0.02671	0.01786	0.02584	0.01472	0.01727	0.01080	0.00796	0.00766	0.00255	0.01202	0.00601	0.00360	0.01231
2	0.01622	0.03916	0.56800	0.02223	0.03342	0.01809	0.02810	0.02515	0.01844	0.02705	0.05736	0.02568	0.06502	0.00969	0.00835	0.00271	0.01142	0.00774	0.00427	0.01189
3	0.04952	0.16691	0.26782	0.01887	0.02679	0.07180	0.02017	0.02817	0.07031	0.07614	0.02147	0.07406	0.01849	0.01074	0.00792	0.00262	0.01010	0.04140	0.00528	0.01143
4	0.01380	0.00899	0.01170	0.01141	0.01357	0.00822	0.00859	0.01712	0.02200	0.08081	0.40147	0.18315	0.11377	0.01928	0.01018	0.00291	0.00470	0.05107	0.00898	0.00827
5	0.01972	0.01699	0.02745	0.18123	0.27306	0.01732	0.05891	0.02546	0.04863	0.07321	0.02478	0.03003	0.06668	0.00978	0.00865	0.00262	0.00943	0.02950	0.00531	0.07124
6	0.06520	0.01631	0.01916	0.01879	0.06787	0.01749	0.01391	0.03675	0.33751	0.12613	0.03246	0.03867	0.02624	0.01247	0.00880	0.00289	0.00720	0.09764	0.00812	0.04640
7	0.03205	0.02065	0.02312	0.01813	0.02457	0.02213	0.01484	0.38626	0.12875	0.19972	0.02591	0.02432	0.01791	0.01050	0.00855	0.00263	0.00843	0.00819	0.00904	0.01432
8	0.02022	0.01744	0.02527	0.03442	0.35006	0.05368	0.01895	0.02533	0.05523	0.07397	0.06250	0.14672	0.02777	0.01277	0.00908	0.00277	0.00862	0.03751	0.00608	0.01161
9	0.02106	0.02022	0.03454	0.05223	0.64784	0.02022	0.02612	0.02612	0.01938	0.02780	0.01601	0.02106	0.01348	0.00758	0.00842	0.00253	0.01011	0.00758	0.00421	0.01348
10	0.01607	0.01513	0.02552	0.68047	0.05861	0.01891	0.02363	0.02174	0.01702	0.02174	0.01513	0.02269	0.01134	0.00851	0.00851	0.00284	0.01134	0.00756	0.00378	0.00945
11	0.06835	0.01566	0.01969	0.01505	0.02176	0.01366	0.03925	0.07485	0.02126	0.19186	0.02265	0.02718	0.01771	0.00924	0.00762	0.00209	0.00730	0.05401	0.00695	0.36385
12	0.10449	0.01420	0.01817	0.01424	0.02040	0.01270	0.01171	0.03756	0.02302	0.54463	0.03574	0.03178	0.07005	0.01117	0.00837	0.00265	0.00694	0.00894	0.00982	0.01340
13	0.02241	0.01629	0.01881	0.01457	0.02091	0.01490	0.01163	0.15115	0.06790	0.09964	0.04168	0.07884	0.02063	0.01001	0.00768	0.00203	0.00690	0.00823	0.00700	0.37881
14	0.02909	0.01747	0.02029	0.01604	0.02171	0.01781	0.01290	0.26288	0.07471	0.23067	0.07982	0.03032	0.02429	0.06634	0.01134	0.00300	0.00778	0.00898	0.00875	0.05580

[dist]
# distance from previous block
# <min> <max>
0	1

[block]
# block no. 4 follows, 21 sequences, length 19
# corresponding to MSA columns:
# 158-176
name=unknown_E
#
# <colnr> <probs for GDERKNQSTAVLIFYWHMCP>
#	G	D	E	R	K	N	Q	S	T	A	V	L	I	F	Y	W	H	M	C	P
0	0.11184	0.01639	0.01935	0.01536	0.02157	0.03897	0.01255	0.06379	0.07822	0.48563	0.03009	0.02677	0.01961	0.01027	0.00819	0.00264	0.00752	0.00809	0.00950	0.01367
1	0.02357	0.01708	0.07349	0.01684	0.02258	0.01415	0.04589	0.11169	0.02288	0.19629	0.03031	0.14001	0.02721	0.01392	0.00909	0.00275	0.00796	0.09533	0.00770	0.12126
2	0.02054	0.01969	0.03360	0.11798	0.58617	0.02008	0.02586	0.02566	0.01913	0.02717	0.01592	0.02123	0.01326	0.00768	0.00843	0.00256	0.01024	0.00758	0.00417	0.01306
3	0.02992	0.02110	0.02329	0.01780	0.02464	0.02209	0.01461	0.43046	0.05946	0.11116	0.02148	0.02132	0.01532	0.00962	0.00814	0.00235	0.00850	0.00738	0.00813	0.14322
4	0.02169	0.02128	0.03955	0.03137	0.08854	0.02089	0.37850	0.14835	0.02376	0.03220	0.02089	0.09264	0.01782	0.00988	0.00967	0.00284	0.01197	0.01082	0.00555	0.01179
5	0.02106	0.02022	0.03454	0.05223	0.64784	0.02022	0.02612	0.02612	0.01938	0.02780	0.01601	0.02106	0.01348	0.00758	0.00842	0.00253	0.01011	0.00758	0.00421	0.01348
6	0.02064	0.01979	0.03378	0.10552	0.59786	0.02011	0.02591	0.02575	0.01918	0.02729	0.01593	0.02120	0.01330	0.00766	0.00843	0.00255	0.01021	0.00758	0.00418	0.01314
7	0.01392	0.01021	0.01340	0.01469	0.01701	0.01009	0.01264	0.04283	0.02044	0.02628	0.05070	0.09042	0.14460	0.02261	0.01134	0.00369	0.00733	0.47190	0.00788	0.00802
8	0.02078	0.01993	0.03404	0.08748	0.61478	0.02015	0.02598	0.02587	0.01924	0.02746	0.01596	0.02115	0.01336	0.00763	0.00843	0.00254	0.01018	0.00758	0.00419	0.01325
9	0.01385	0.01045	0.01485	0.01798	0.07029	0.01031	0.01385	0.01759	0.01938	0.02526	0.04613	0.12035	0.09613	0.02216	0.01128	0.00369	0.00758	0.46311	0.00754	0.00821
10	0.02082	0.48060	0.25308	0.01786	0.02695	0.02894	0.02031	0.02598	0.01752	0.02238	0.01300	0.01512	0.01087	0.00755	0.00635	0.00212	0.01028	0.00514	0.00362	0.01148
11	0.01574	0.04627	0.24803	0.01657	0.02278	0.01356	0.01759	0.02166	0.02078	0.06285	0.26844	0.07895	0.04497	0.01438	0.00930	0.00282	0.00792	0.07043	0.00690	0.01006
12	0.05959	0.29654	0.34109	0.01932	0.02892	0.02520	0.02247	0.02755	0.06040	0.02548	0.01511	0.01704	0.01181	0.00801	0.00696	0.00237	0.01050	0.00576	0.00406	0.01182
13	0.01992	0.33354	0.31172	0.01892	0.02804	0.05565	0.02165	0.02587	0.01839	0.02410	0.05748	0.01912	0.01570	0.00841	0.00704	0.00228	0.01058	0.00612	0.00405	0.01140
14	0.02003	0.38953	0.33730	0.01920	0.02901	0.02702	0.02263	0.02618	0.01761	0.02333	0.01348	0.01571	0.01085	0.00767	0.00672	0.00224	0.01076	0.00538	0.00362	0.01171
15	0.05863	0.45666	0.24101	0.01753	0.02642	0.02843	0.01975	0.02593	0.01737	0.02319	0.01295	0.01506	0.01079	0.00757	0.00630	0.00214	0.01010	0.00512	0.00371	0.01137
16	0.02161	0.57322	0.16742	0.01651	0.02485	0.03088	0.01795	0.02578	0.01743	0.02141	0.01252	0.01452	0.01089	0.00744	0.00599	0.00200	0.00980	0.00490	0.00363	0.01125
17	0.02191	0.60766	0.13558	0.01600	0.02407	0.03161	0.01707	0.02570	0.01739	0.02105	0.01234	0.01429	0.01090	0.00740	0.00585	0.00195	0.00962	0.00481	0.00363	0.01117
18	0.02124	0.34200	0.31323	0.01937	0.02894	0.02676	0.02219	0.08830	0.01997	0.02660	0.01425	0.01627	0.01123	0.00794	0.00694	0.00228	0.01067	0.00564	0.00413	0.01202

[dist]
# distance from previous block
# <min> <max>
0	23

[block]
# block no. 5 follows, 21 sequences, length 14
# corresponding to MSA columns:
# 200-213
name=unknown_F
#
# <colnr> <probs for GDERKNQSTAVLIFYWHMCP>
#	G	D	E	R	K	N	Q	S	T	A	V	L	I	F	Y	W	H	M	C	P
0	0.02084	0.48345	0.25044	0.01782	0.02688	0.02900	0.02024	0.02598	0.01752	0.02235	0.01299	0.01510	0.01087	0.00755	0.00634	0.00211	0.01027	0.00513	0.00362	0.01148
1	0.01990	0.37380	0.35185	0.01943	0.02937	0.02669	0.02303	0.02622	0.01763	0.02350	0.01356	0.01582	0.01085	0.00768	0.00678	0.00226	0.01085	0.00542	0.00362	0.01175
2	0.02034	0.42545	0.30408	0.01867	0.02820	0.02778	0.02172	0.02610	0.01758	0.02296	0.01329	0.01548	0.01086	0.00762	0.00657	0.00219	0.01057	0.00529	0.00362	0.01162
3	0.01787	0.13736	0.57051	0.02289	0.03472	0.02172	0.02906	0.02674	0.01787	0.02597	0.01479	0.01736	0.01080	0.00797	0.00772	0.00257	0.01209	0.00604	0.00360	0.01234
4	0.01765	0.11231	0.59367	0.02326	0.03529	0.02120	0.02970	0.02680	0.01790	0.02624	0.01492	0.01752	0.01079	0.00800	0.00781	0.00260	0.01222	0.00611	0.00360	0.01241
5	0.02583	0.10750	0.25250	0.02068	0.02960	0.02485	0.02143	0.34187	0.02961	0.04036	0.01763	0.01879	0.01276	0.00913	0.00802	0.00252	0.01048	0.00682	0.00621	0.01340
6	0.01971	0.07644	0.50203	0.02271	0.03378	0.02152	0.02745	0.10970	0.05350	0.03071	0.01682	0.01880	0.01210	0.00852	0.00803	0.00264	0.01163	0.00656	0.00454	0.01279
7	0.01912	0.05850	0.36636	0.01887	0.02758	0.01609	0.02166	0.02582	0.01951	0.12672	0.08191	0.07805	0.08000	0.01183	0.00860	0.00272	0.00952	0.00973	0.00592	0.01151
8	0.01771	0.11823	0.58820	0.02317	0.03515	0.02132	0.02955	0.02679	0.01789	0.02617	0.01489	0.01748	0.01080	0.00799	0.00779	0.00260	0.01219	0.00609	0.00360	0.01239
9	0.01716	0.03882	0.54073	0.02642	0.10359	0.01897	0.02916	0.02608	0.01856	0.02756	0.06045	0.02159	0.01607	0.00870	0.00826	0.00267	0.01169	0.00709	0.00408	0.01235
10	0.02678	0.02075	0.02212	0.01810	0.02373	0.02329	0.01448	0.35697	0.27381	0.04437	0.02644	0.02692	0.01998	0.04984	0.01054	0.00301	0.00826	0.00871	0.00838	0.01355
11	0.01765	0.01513	0.01765	0.01260	0.02017	0.01134	0.01008	0.02143	0.01765	0.02773	0.01513	0.01765	0.01260	0.00630	0.00630	0.00126	0.00630	0.00504	0.00504	0.75295
12	0.01204	0.00870	0.01138	0.01071	0.01271	0.00803	0.00803	0.01606	0.02409	0.03413	0.64335	0.06357	0.08030	0.01740	0.01004	0.00268	0.00401	0.01539	0.00937	0.00803
13	0.02106	0.02022	0.03454	0.05223	0.64784	0.02022	0.02612	0.02612	0.01938	0.02780	0.01601	0.02106	0.01348	0.00758	0.00842	0.00253	0.01011	0.00758	0.00421	0.01348

[dist]
# distance from previous block
# <min> <max>
1	13

[block]
# block no. 6 follows, 21 sequences, length 7
# corresponding to MSA columns:
# 227-233
name=unknown_G
#
# <colnr> <probs for GDERKNQSTAVLIFYWHMCP>
#	G	D	E	R	K	N	Q	S	T	A	V	L	I	F	Y	W	H	M	C	P
0	0.02170	0.01890	0.06320	0.01641	0.02262	0.01775	0.01378	0.03763	0.37546	0.09464	0.02831	0.02699	0.02109	0.00989	0.00802	0.00244	0.00708	0.00814	0.00759	0.19836
1	0.02278	0.01497	0.01817	0.01324	0.02056	0.01164	0.01069	0.02644	0.01932	0.18421	0.01974	0.02048	0.01472	0.00736	0.00687	0.00160	0.00654	0.00592	0.00641	0.56835
2	0.03219	0.01889	0.02121	0.01686	0.02287	0.05158	0.01369	0.23115	0.09257	0.31134	0.07411	0.02832	0.02332	0.01096	0.00862	0.00261	0.00807	0.00873	0.00926	0.01365
3	0.02259	0.02312	0.03305	0.04791	0.55916	0.11246	0.02474	0.02724	0.02005	0.02681	0.01560	0.02025	0.01312	0.00775	0.00832	0.00248	0.01086	0.00728	0.00424	0.01296
4	0.02037	0.01732	0.02724	0.01981	0.02714	0.01492	0.18730	0.05482	0.02053	0.08070	0.06474	0.02372	0.01857	0.00794	0.00797	0.00201	0.00871	0.00770	0.00578	0.38272
5	0.02034	0.02123	0.04117	0.04132	0.30361	0.02025	0.31921	0.02636	0.01961	0.02753	0.01655	0.02177	0.01314	0.00729	0.00908	0.00261	0.01195	0.00863	0.00432	0.06404
6	0.07713	0.02005	0.02014	0.01805	0.05072	0.10967	0.01355	0.03771	0.24373	0.19835	0.02671	0.02538	0.01931	0.00986	0.00799	0.00250	0.00820	0.00780	0.00771	0.09544

[dist]
# distance from previous block
# <min> <max>
0	1

[block]
# block no. 7 follows, 21 sequences, length 9
# corresponding to MSA columns:
# 235-243
name=unknown_H
#
# <colnr> <probs for GDERKNQSTAVLIFYWHMCP>
#	G	D	E	R	K	N	Q	S	T	A	V	L	I	F	Y	W	H	M	C	P
0	0.02138	0.01530	0.01962	0.01468	0.02152	0.01276	0.04569	0.02701	0.07198	0.14047	0.06238	0.02426	0.01982	0.00830	0.00737	0.00183	0.00682	0.00704	0.00658	0.46520
1	0.03225	0.01547	0.01945	0.01546	0.02169	0.01453	0.01254	0.04068	0.17291	0.44862	0.03226	0.02868	0.02155	0.01042	0.00839	0.00258	0.00704	0.00852	0.00960	0.07737
2	0.01981	0.02206	0.04650	0.03321	0.04170	0.02036	0.54766	0.02659	0.01981	0.02731	0.01698	0.02235	0.01288	0.00707	0.00962	0.00269	0.01343	0.00947	0.00439	0.09611
3	0.03179	0.04056	0.02412	0.02192	0.02631	0.66676	0.01644	0.03398	0.02412	0.02083	0.01315	0.01535	0.01096	0.00877	0.00767	0.00219	0.01535	0.00548	0.00438	0.00987
4	0.76103	0.01646	0.01251	0.01119	0.01646	0.01909	0.00922	0.02502	0.01448	0.03818	0.01185	0.01382	0.00922	0.00790	0.00527	0.00263	0.00658	0.00461	0.00527	0.00922
5	0.02195	0.02051	0.03383	0.04966	0.59876	0.02071	0.02533	0.07297	0.02101	0.02984	0.01636	0.02101	0.01356	0.00779	0.00843	0.00253	0.01005	0.00759	0.00455	0.01356
6	0.22590	0.02299	0.02131	0.01735	0.02332	0.08763	0.01408	0.34716	0.08861	0.04451	0.01878	0.01925	0.01383	0.00958	0.00758	0.00257	0.00896	0.00682	0.00725	0.01251
7	0.02841	0.02137	0.02286	0.01768	0.02404	0.06389	0.01443	0.32562	0.02980	0.11128	0.01951	0.02025	0.01430	0.00950	0.00922	0.00230	0.05414	0.00695	0.00728	0.19718
8	0.06892	0.01895	0.02809	0.03615	0.37078	0.01910	0.02032	0.08782	0.06320	0.17012	0.02133	0.02305	0.01584	0.00877	0.00830	0.00258	0.00897	0.00777	0.00639	0.01355

[dist]
# distance from previous block
# <min> <max>
23	35

[block]
# block no. 8 follows, 21 sequences, length 55
# corresponding to MSA columns:
# 283-337
name=unknown_I
#
# <colnr> <probs for GDERKNQSTAVLIFYWHMCP>
#	G	D	E	R	K	N	Q	S	T	A	V	L	I	F	Y	W	H	M	C	P
0	0.02420	0.02038	0.01895	0.01543	0.02102	0.16061	0.01209	0.06589	0.04854	0.12704	0.12517	0.02745	0.02571	0.00987	0.00784	0.00208	0.00832	0.00780	0.00686	0.26475
1	0.01115	0.00828	0.01118	0.05217	0.01541	0.00791	0.00885	0.01294	0.01625	0.02182	0.04265	0.59692	0.05045	0.05031	0.01173	0.00349	0.00552	0.02179	0.00741	0.04375
2	0.02491	0.02014	0.02135	0.01808	0.02356	0.02292	0.01438	0.23757	0.43401	0.04164	0.02988	0.02796	0.02212	0.01110	0.00861	0.00278	0.00762	0.00897	0.00861	0.01381
3	0.05302	0.00870	0.01053	0.01130	0.01303	0.00821	0.00831	0.01426	0.01901	0.02627	0.19702	0.32622	0.17149	0.02207	0.01028	0.00316	0.00498	0.07659	0.00810	0.00746
4	0.02216	0.06183	0.10200	0.01496	0.02294	0.01462	0.01378	0.05012	0.01977	0.14032	0.01846	0.01958	0.01386	0.00751	0.00697	0.00178	0.00757	0.00591	0.00589	0.44997
5	0.01813	0.12309	0.50946	0.02444	0.03589	0.02169	0.09879	0.02681	0.01814	0.02613	0.01508	0.01803	0.01105	0.00788	0.00799	0.00261	0.01236	0.00652	0.00368	0.01224
6	0.01090	0.00863	0.00992	0.01052	0.01277	0.00765	0.00806	0.01340	0.01933	0.02417	0.12149	0.18333	0.39861	0.02236	0.01047	0.00313	0.00498	0.11495	0.00802	0.00732
7	0.02106	0.02022	0.03454	0.05223	0.64784	0.02022	0.02612	0.02612	0.01938	0.02780	0.01601	0.02106	0.01348	0.00758	0.00842	0.00253	0.01011	0.00758	0.00421	0.01348
8	0.03221	0.01650	0.05975	0.01550	0.02188	0.01380	0.01339	0.07250	0.06365	0.46433	0.07285	0.03298	0.05803	0.01145	0.00871	0.00266	0.00732	0.00937	0.00963	0.01349
9	0.02068	0.01983	0.03385	0.10062	0.60246	0.02012	0.02593	0.02578	0.01920	0.02734	0.01594	0.02119	0.01332	0.00765	0.00843	0.00255	0.01021	0.00758	0.00418	0.01317
10	0.01228	0.00906	0.01189	0.01346	0.01530	0.00867	0.01105	0.01534	0.01887	0.02419	0.05375	0.21694	0.17067	0.02376	0.01123	0.00361	0.00653	0.35801	0.00786	0.00751
11	0.01289	0.00944	0.01334	0.01601	0.04440	0.00927	0.01227	0.01602	0.01844	0.02428	0.04438	0.29919	0.04989	0.02387	0.01130	0.00370	0.00694	0.36890	0.00769	0.00777
12	0.02527	0.03126	0.37635	0.02038	0.03021	0.01713	0.02317	0.03358	0.05983	0.26317	0.02340	0.02299	0.01562	0.00923	0.00830	0.00268	0.01020	0.00736	0.00653	0.01335
13	0.12016	0.02010	0.02194	0.01726	0.02364	0.02158	0.01417	0.35039	0.08913	0.19898	0.02401	0.02283	0.01657	0.01014	0.00815	0.00261	0.00826	0.00770	0.00864	0.01375
14	0.01231	0.00914	0.01159	0.01134	0.01347	0.00862	0.00868	0.01683	0.04806	0.03154	0.46948	0.09861	0.13163	0.01867	0.01020	0.00287	0.00460	0.07532	0.00896	0.00809
15	0.02241	0.02761	0.19996	0.03479	0.25388	0.06092	0.12277	0.02942	0.04242	0.09597	0.01844	0.02144	0.01380	0.00819	0.00858	0.00263	0.01137	0.00769	0.00493	0.01279
16	0.02106	0.02022	0.03454	0.05223	0.64784	0.02022	0.02612	0.02612	0.01938	0.02780	0.01601	0.02106	0.01348	0.00758	0.00842	0.00253	0.01011	0.00758	0.00421	0.01348
17	0.76103	0.01646	0.01251	0.01119	0.01646	0.01909	0.00922	0.02502	0.01448	0.03818	0.01185	0.01382	0.00922	0.00790	0.00527	0.00263	0.00658	0.00461	0.00527	0.00922
18	0.01184	0.00869	0.01109	0.01049	0.01259	0.00794	0.00787	0.01566	0.02360	0.03296	0.58518	0.06548	0.13918	0.01783	0.01004	0.00270	0.00405	0.01566	0.00922	0.00794
19	0.02786	0.02238	0.02261	0.02045	0.06368	0.12151	0.01547	0.27199	0.09750	0.10225	0.05926	0.03189	0.02299	0.01175	0.00881	0.00269	0.00939	0.06720	0.00779	0.01254
20	0.01037	0.00741	0.00987	0.01185	0.01234	0.00691	0.00790	0.01185	0.01629	0.02172	0.04690	0.69537	0.05629	0.02666	0.01086	0.00346	0.00494	0.02419	0.00790	0.00691
21	0.01765	0.01513	0.01765	0.01260	0.02017	0.01134	0.01008	0.02143	0.01765	0.02773	0.01513	0.01765	0.01260	0.00630	0.00630	0.00126	0.00630	0.00504	0.00504	0.75295
22	0.02175	0.02153	0.03387	0.05029	0.60793	0.06173	0.02550	0.02662	0.01968	0.02735	0.01582	0.02070	0.01332	0.00766	0.00838	0.00251	0.01045	0.00745	0.00422	0.01325
23	0.01479	0.00942	0.01199	0.01159	0.01393	0.00871	0.00858	0.01870	0.04714	0.10123	0.33073	0.22892	0.12278	0.01926	0.01003	0.00291	0.00478	0.01698	0.00893	0.00862
24	0.01971	0.02561	0.12671	0.03440	0.04351	0.02130	0.54310	0.02722	0.01982	0.02722	0.01697	0.02233	0.01264	0.00729	0.00980	0.00285	0.01412	0.00957	0.00421	0.01162
25	0.05848	0.01451	0.01730	0.01332	0.01969	0.01210	0.01060	0.04998	0.01981	0.17293	0.02313	0.09901	0.01955	0.00989	0.00739	0.00195	0.00650	0.00817	0.00680	0.42888
26	0.02106	0.02022	0.03454	0.05223	0.64784	0.02022	0.02612	0.02612	0.01938	0.02780	0.01601	0.02106	0.01348	0.00758	0.00842	0.00253	0.01011	0.00758	0.00421	0.01348
27	0.01238	0.00825	0.00928	0.00928	0.00928	0.00825	0.00516	0.01238	0.01238	0.01650	0.02681	0.05569	0.03094	0.70092	0.04331	0.00825	0.00825	0.01238	0.00516	0.00516
28	0.01743	0.08643	0.61761	0.02363	0.03587	0.02065	0.03036	0.02686	0.01792	0.02651	0.01505	0.01769	0.01079	0.00803	0.00792	0.00264	0.01235	0.00618	0.00360	0.01247
29	0.03184	0.03898	0.02425	0.02170	0.02632	0.60616	0.01642	0.08939	0.02562	0.02393	0.01384	0.01583	0.01129	0.00891	0.00775	0.00223	0.01478	0.00569	0.00478	0.01030
30	0.01225	0.00845	0.01045	0.01052	0.01094	0.00882	0.00669	0.01309	0.01286	0.01754	0.02650	0.07327	0.02934	0.50997	0.20497	0.00949	0.01193	0.01196	0.00510	0.00586
31	0.01199	0.00850	0.01111	0.01112	0.01284	0.00793	0.00828	0.01553	0.02211	0.03119	0.47053	0.18125	0.07152	0.01919	0.01013	0.00287	0.00442	0.05285	0.03882	0.00781
32	0.02119	0.02091	0.03297	0.11624	0.54856	0.05913	0.02527	0.02613	0.01942	0.02675	0.01574	0.02089	0.01310	0.00775	0.00839	0.00254	0.01056	0.00745	0.00418	0.01284
33	0.02659	0.03190	0.02402	0.02144	0.02420	0.42780	0.01659	0.02857	0.01997	0.02050	0.01318	0.01837	0.01201	0.04458	0.01595	0.00298	0.23123	0.00645	0.00421	0.00946
34	0.42766	0.01816	0.01658	0.01402	0.01944	0.02064	0.01142	0.18720	0.09862	0.04163	0.01796	0.01892	0.01348	0.00910	0.00660	0.00260	0.00719	0.00626	0.05143	0.01108
35	0.01490	0.01324	0.01844	0.01622	0.01798	0.04835	0.08890	0.01702	0.01480	0.01988	0.02415	0.10536	0.02560	0.27861	0.17491	0.00745	0.09015	0.01159	0.00498	0.00746
36	0.02115	0.02160	0.03054	0.19334	0.38971	0.10517	0.02380	0.02578	0.01905	0.02502	0.01513	0.02054	0.01251	0.00841	0.00955	0.00263	0.05287	0.00729	0.00410	0.01181
37	0.05728	0.00917	0.01144	0.01074	0.01294	0.00870	0.00810	0.01660	0.02351	0.03437	0.60521	0.06056	0.07600	0.01682	0.00975	0.00267	0.00417	0.01474	0.00912	0.00810
38	0.02586	0.01820	0.01995	0.01690	0.02224	0.02007	0.01344	0.15674	0.38264	0.13979	0.03128	0.02906	0.02268	0.01103	0.00847	0.00273	0.00719	0.00897	0.04926	0.01353
39	0.02240	0.66446	0.08305	0.01517	0.02278	0.03280	0.01562	0.02557	0.01733	0.02046	0.01205	0.01392	0.01091	0.00733	0.00563	0.00188	0.00932	0.00466	0.00364	0.01103
40	0.02419	0.05983	0.02023	0.01441	0.02081	0.01526	0.01173	0.08994	0.08404	0.18042	0.05267	0.05247	0.02108	0.00969	0.00762	0.00208	0.00690	0.00788	0.00731	0.31144
41	0.02086	0.02116	0.05833	0.04803	0.55137	0.02033	0.05772	0.02744	0.05864	0.02824	0.01724	0.02173	0.01415	0.00783	0.00852	0.00258	0.01022	0.00780	0.00448	0.01334
42	0.01548	0.03740	0.04957	0.01230	0.01586	0.01081	0.01034	0.02062	0.06066	0.08948	0.35808	0.05885	0.16644	0.01655	0.00962	0.00275	0.00540	0.04206	0.00856	0.00918
43	0.01085	0.00859	0.00916	0.00902	0.01165	0.00741	0.00676	0.01351	0.02029	0.02590	0.20014	0.07481	0.48536	0.01993	0.00979	0.00277	0.00423	0.01678	0.05564	0.00741
44	0.06406	0.02388	0.17249	0.02034	0.02854	0.01766	0.09351	0.11943	0.02414	0.31273	0.02432	0.02370	0.01613	0.00937	0.00847	0.00267	0.00966	0.00790	0.00759	0.01341
45	0.01843	0.20205	0.51069	0.02194	0.03325	0.02308	0.02741	0.02660	0.01781	0.02530	0.01445	0.01694	0.01081	0.00789	0.00746	0.00249	0.01175	0.00587	0.00360	0.01218
46	0.01050	0.00750	0.01003	0.01201	0.01256	0.00703	0.00814	0.01209	0.01643	0.02188	0.04683	0.67088	0.05599	0.02653	0.01090	0.00347	0.00506	0.04733	0.00790	0.00695
47	0.01478	0.00739	0.01109	0.01109	0.01109	0.00739	0.00739	0.01109	0.01109	0.01478	0.01478	0.02587	0.01478	0.02956	0.03326	0.75240	0.00739	0.00739	0.00370	0.00370
48	0.02168	0.02161	0.03463	0.04959	0.58105	0.06029	0.05325	0.02666	0.01970	0.02735	0.01589	0.02080	0.01330	0.00764	0.00845	0.00252	0.01063	0.00757	0.00423	0.01316
49	0.01462	0.00750	0.01125	0.01125	0.01134	0.00759	0.00759	0.01134	0.01125	0.01509	0.01528	0.02634	0.01518	0.03168	0.07249	0.70669	0.00834	0.00750	0.00375	0.00394
