[name]
unknown

[dist]
# distance from previous block
# <min> <max>
0	9

[block]
# block no. 0 follows, 25 sequences, length 12
# corresponding to MSA columns:
# 9-20
name=unknown_A
#
# <colnr> <probs for GDERKNQSTAVLIFYWHMCP>
#	G	D	E	R	K	N	Q	S	T	A	V	L	I	F	Y	W	H	M	C	P
0	0.01309	0.00960	0.01294	0.01441	0.01642	0.00983	0.01247	0.01827	0.07470	0.02401	0.04022	0.08232	0.04278	0.02046	0.01046	0.00349	0.00705	0.57266	0.00721	0.00759
1	0.02843	0.01979	0.02152	0.01677	0.02260	0.02163	0.01377	0.51408	0.08498	0.10738	0.02113	0.02069	0.01493	0.00942	0.00766	0.00233	0.00791	0.00722	0.04492	0.01282
2	0.02196	0.01311	0.01374	0.01182	0.01543	0.05223	0.00943	0.14752	0.02202	0.15859	0.04910	0.02981	0.02117	0.01007	0.00686	0.00216	0.00597	0.04153	0.35780	0.00966
3	0.02749	0.03455	0.02159	0.01962	0.02329	0.62934	0.01482	0.02951	0.02101	0.01891	0.01233	0.01494	0.01046	0.01074	0.04193	0.00258	0.04880	0.00525	0.00397	0.00886
4	0.10184	0.01758	0.01807	0.01487	0.01986	0.04079	0.01198	0.27592	0.17954	0.11005	0.02285	0.02246	0.01660	0.00934	0.00718	0.00234	0.00706	0.00718	0.10289	0.01160
5	0.09177	0.01837	0.01810	0.01462	0.01946	0.05901	0.01184	0.40081	0.02846	0.04082	0.01922	0.02041	0.01426	0.00898	0.00686	0.00218	0.00739	0.00668	0.19973	0.01101
6	0.01108	0.00799	0.01051	0.01007	0.01189	0.00743	0.00767	0.01473	0.02166	0.03055	0.63115	0.05996	0.07118	0.01624	0.00925	0.00252	0.00390	0.05646	0.00844	0.00730
7	0.01719	0.01484	0.01553	0.01414	0.01816	0.01665	0.01095	0.03498	0.53127	0.03006	0.04127	0.03837	0.15854	0.01240	0.00815	0.00263	0.00568	0.01034	0.00775	0.01109
8	0.01893	0.01544	0.02070	0.24137	0.03080	0.01858	0.01604	0.07770	0.19066	0.07867	0.05597	0.02450	0.01825	0.01033	0.01129	0.00271	0.14426	0.00784	0.00574	0.01023
9	0.01028	0.00752	0.00955	0.00980	0.01121	0.00691	0.00700	0.01284	0.01871	0.02559	0.37400	0.27176	0.13640	0.04940	0.01068	0.00290	0.00412	0.01675	0.00778	0.00679
10	0.01781	0.08930	0.05645	0.19994	0.03591	0.06639	0.24438	0.02264	0.01669	0.02214	0.01453	0.01956	0.01147	0.00792	0.00960	0.00249	0.08488	0.00727	0.06123	0.00942
11	0.01348	0.00848	0.01160	0.06730	0.01581	0.00810	0.00888	0.01595	0.01771	0.10768	0.19804	0.38741	0.07176	0.01880	0.00924	0.00281	0.00501	0.01679	0.00753	0.00763

[dist]
# distance from previous block
# <min> <max>
1	4

[block]
# block no. 1 follows, 25 sequences, length 36
# corresponding to MSA columns:
# 25-60
name=unknown_B
#
# <colnr> <probs for GDERKNQSTAVLIFYWHMCP>
#	G	D	E	R	K	N	Q	S	T	A	V	L	I	F	Y	W	H	M	C	P
0	0.35739	0.04693	0.01938	0.04708	0.11235	0.01951	0.01316	0.17535	0.05463	0.06461	0.01531	0.01678	0.01153	0.00795	0.00634	0.00236	0.00737	0.00576	0.00563	0.01058
1	0.01806	0.04534	0.04229	0.10432	0.08147	0.01968	0.52222	0.02418	0.01787	0.02410	0.01524	0.02048	0.01158	0.00669	0.00876	0.00256	0.01237	0.00859	0.00384	0.01036
2	0.03109	0.01296	0.01719	0.01356	0.01900	0.01165	0.01106	0.03575	0.07655	0.56387	0.09526	0.02977	0.02498	0.01030	0.00794	0.00242	0.00626	0.00850	0.00935	0.01253
3	0.01707	0.19419	0.18159	0.02066	0.05713	0.01956	0.14502	0.02201	0.01656	0.02290	0.04570	0.06297	0.01612	0.00860	0.00817	0.00223	0.04673	0.00743	0.00410	0.10127
4	0.01687	0.01791	0.06151	0.29851	0.21921	0.01789	0.18498	0.02237	0.01688	0.02313	0.01487	0.02039	0.01152	0.00723	0.00800	0.00248	0.01057	0.00744	0.02805	0.01018
5	0.02131	0.01480	0.05831	0.01339	0.01858	0.01254	0.01136	0.11562	0.05119	0.19754	0.18491	0.06268	0.03127	0.01092	0.00779	0.00220	0.00617	0.00916	0.00748	0.16278
6	0.01821	0.01779	0.06127	0.01907	0.02633	0.01455	0.20701	0.05020	0.04275	0.05386	0.01596	0.01860	0.01234	0.00657	0.00713	0.00183	0.00846	0.00644	0.00479	0.40686
7	0.01035	0.00773	0.00962	0.00951	0.01129	0.00699	0.00699	0.01329	0.01994	0.02718	0.44989	0.16437	0.19838	0.01797	0.00927	0.00259	0.00385	0.01576	0.00804	0.00699
8	0.01696	0.01696	0.02375	0.02036	0.02036	0.02375	0.01696	0.01866	0.01187	0.01866	0.01018	0.01696	0.01018	0.01357	0.02545	0.00339	0.71332	0.00679	0.00339	0.00848
9	0.00964	0.00683	0.00894	0.01055	0.01095	0.00643	0.00693	0.01085	0.01447	0.01929	0.04080	0.65147	0.04884	0.09860	0.01302	0.00361	0.00482	0.02090	0.00693	0.00613
10	0.01065	0.00769	0.01033	0.01201	0.01313	0.00737	0.00924	0.01293	0.01623	0.02123	0.04432	0.42686	0.08805	0.02285	0.01018	0.00328	0.00552	0.26431	0.00717	0.00665
11	0.01608	0.01378	0.01608	0.01148	0.01837	0.01034	0.00919	0.01952	0.01608	0.02527	0.01378	0.01608	0.01148	0.00574	0.00574	0.00115	0.00574	0.00459	0.00459	0.77491
12	0.01445	0.00723	0.00723	0.00723	0.00903	0.00723	0.00542	0.01807	0.01626	0.02891	0.02529	0.02891	0.01987	0.00903	0.00542	0.00181	0.00361	0.00723	0.77055	0.00723
13	0.01601	0.10174	0.62974	0.02131	0.03234	0.01914	0.02728	0.02444	0.01632	0.02399	0.01364	0.01602	0.00983	0.00730	0.00715	0.00238	0.01118	0.00559	0.00328	0.01132
14	0.00933	0.00786	0.00809	0.00803	0.01058	0.00662	0.00603	0.01146	0.01808	0.02190	0.13474	0.07305	0.61920	0.01928	0.00916	0.00260	0.00390	0.01614	0.00733	0.00662
15	0.01555	0.04011	0.68733	0.02210	0.03356	0.01801	0.02865	0.02455	0.01637	0.02455	0.01391	0.01637	0.00982	0.00737	0.00737	0.00246	0.01146	0.00573	0.00327	0.01146
16	0.01643	0.01618	0.02273	0.01965	0.01977	0.02248	0.01631	0.01823	0.01193	0.01860	0.01113	0.01818	0.01101	0.01758	0.08586	0.00421	0.65099	0.00692	0.00346	0.00834
17	0.02475	0.34294	0.05955	0.01712	0.02260	0.37357	0.01483	0.02727	0.01899	0.01890	0.01154	0.01341	0.00996	0.00737	0.00612	0.00187	0.01137	0.00465	0.00366	0.00952
18	0.78228	0.01499	0.01140	0.01020	0.01499	0.01739	0.00840	0.02279	0.01320	0.03479	0.01080	0.01260	0.00840	0.00720	0.00480	0.00240	0.00600	0.00420	0.00480	0.00840
19	0.01930	0.01356	0.01619	0.01220	0.01826	0.01109	0.00972	0.06719	0.01859	0.12925	0.03935	0.07189	0.01768	0.00830	0.00662	0.00162	0.00592	0.00686	0.00592	0.52050
20	0.03479	0.01320	0.01799	0.01380	0.01979	0.01140	0.01140	0.03779	0.02219	0.68451	0.03059	0.02639	0.01919	0.00960	0.00780	0.00240	0.00660	0.00780	0.00960	0.01320
21	0.01718	0.06275	0.21459	0.05983	0.03706	0.01914	0.39658	0.02390	0.01739	0.02398	0.01590	0.04610	0.01260	0.00750	0.00842	0.00254	0.01193	0.00836	0.00382	0.01045
22	0.01071	0.00792	0.01000	0.00948	0.01142	0.00720	0.00711	0.01412	0.02132	0.02960	0.58738	0.06037	0.16176	0.01641	0.00915	0.00247	0.00370	0.01437	0.00834	0.00720
23	0.02818	0.01996	0.02129	0.01667	0.02223	0.04147	0.01352	0.49292	0.06087	0.11201	0.02071	0.02221	0.01534	0.06404	0.01016	0.00273	0.00831	0.00741	0.00761	0.01237
24	0.01733	0.02214	0.13317	0.07818	0.08655	0.01880	0.39712	0.02353	0.01737	0.02403	0.01622	0.02339	0.01306	0.00798	0.00973	0.00266	0.05368	0.04082	0.00393	0.01032
25	0.01114	0.00807	0.01128	0.01128	0.01225	0.00905	0.00822	0.01309	0.01211	0.01712	0.02185	0.03646	0.02199	0.25605	0.50245	0.01100	0.01685	0.00918	0.00431	0.00627
26	0.01101	0.00741	0.00854	0.00880	0.00886	0.00734	0.00506	0.01121	0.01179	0.01572	0.02709	0.14818	0.03154	0.62549	0.03518	0.00688	0.00708	0.01284	0.00506	0.00493
27	0.02155	0.01999	0.01893	0.01673	0.02108	0.11421	0.01306	0.09884	0.49080	0.03168	0.02680	0.02541	0.02026	0.01016	0.00838	0.00254	0.03265	0.00800	0.00717	0.01177
28	0.02957	0.01414	0.01800	0.01359	0.01983	0.01231	0.01115	0.09060	0.02198	0.45875	0.02523	0.02306	0.01669	0.00860	0.00727	0.00208	0.00656	0.00691	0.00816	0.20553
29	0.01977	0.01592	0.01714	0.01530	0.01963	0.01808	0.01192	0.03941	0.58629	0.07352	0.06976	0.03049	0.02633	0.01078	0.00796	0.00260	0.00602	0.00902	0.00804	0.01204
30	0.01413	0.01134	0.01309	0.01241	0.01523	0.01200	0.00961	0.02463	0.26988	0.02965	0.29584	0.07840	0.09545	0.01494	0.00884	0.00266	0.00500	0.06979	0.00800	0.00912
31	0.01914	0.01857	0.03232	0.04670	0.64116	0.01849	0.06109	0.02386	0.01769	0.02530	0.01465	0.01929	0.01225	0.00689	0.00776	0.00232	0.00944	0.00704	0.00384	0.01217
32	0.01968	0.49609	0.20414	0.01662	0.02441	0.05639	0.04393	0.02397	0.01629	0.02015	0.01183	0.01386	0.01000	0.00688	0.00585	0.00192	0.00955	0.00479	0.00336	0.01031
33	0.01696	0.04584	0.02456	0.35659	0.05886	0.04482	0.06188	0.04844	0.01627	0.02202	0.01415	0.01985	0.01133	0.00897	0.01114	0.00261	0.15408	0.00687	0.06575	0.00899
34	0.01919	0.01842	0.03147	0.04759	0.67914	0.01842	0.02380	0.02380	0.01765	0.02533	0.01458	0.01919	0.01228	0.00691	0.00768	0.00230	0.00921	0.00691	0.00384	0.01228
35	0.04023	0.01684	0.02626	0.02291	0.07236	0.04058	0.15875	0.02037	0.01466	0.02200	0.01492	0.04492	0.01346	0.01332	0.05060	0.00336	0.33351	0.00786	0.07413	0.00895

[dist]
# distance from previous block
# <min> <max>
0	29

[block]
# block no. 2 follows, 25 sequences, length 30
# corresponding to MSA columns:
# 90-119
name=unknown_C
#
# <colnr> <probs for GDERKNQSTAVLIFYWHMCP>
#	G	D	E	R	K	N	Q	S	T	A	V	L	I	F	Y	W	H	M	C	P
0	0.01586	0.08125	0.64889	0.02157	0.03275	0.01876	0.02773	0.02448	0.01633	0.02418	0.01373	0.01614	0.00983	0.00732	0.00722	0.00241	0.01127	0.00564	0.00328	0.01137
1	0.01708	0.01585	0.02569	0.03600	0.45047	0.01585	0.03855	0.02245	0.06313	0.02492	0.02581	0.06666	0.07937	0.01067	0.00830	0.00254	0.00818	0.07268	0.00494	0.01087
2	0.02126	0.01733	0.01856	0.01617	0.02081	0.01971	0.01288	0.18606	0.46969	0.03573	0.02912	0.03052	0.02261	0.01098	0.00805	0.00262	0.00678	0.05120	0.00781	0.01214
3	0.01089	0.00792	0.01025	0.00967	0.01153	0.00728	0.00725	0.01447	0.02176	0.03064	0.64831	0.05867	0.10018	0.01602	0.00915	0.00245	0.00367	0.01413	0.00848	0.00728
4	0.02947	0.02172	0.02327	0.01784	0.02404	0.02404	0.01474	0.65329	0.03646	0.04887	0.01862	0.01862	0.01319	0.00931	0.00776	0.00233	0.00853	0.00698	0.00776	0.01319
5	0.01116	0.00755	0.00885	0.00895	0.00910	0.00765	0.00529	0.01149	0.01158	0.01556	0.02508	0.08499	0.02862	0.62813	0.09834	0.00774	0.00857	0.01158	0.00478	0.00499
6	0.01464	0.01378	0.02326	0.70887	0.05340	0.01723	0.02153	0.01981	0.01550	0.01981	0.01378	0.02067	0.01034	0.00775	0.00775	0.00258	0.01034	0.00689	0.00345	0.00861
7	0.78228	0.01499	0.01140	0.01020	0.01499	0.01739	0.00840	0.02279	0.01320	0.03479	0.01080	0.01260	0.00840	0.00720	0.00480	0.00240	0.00600	0.00420	0.00480	0.00840
8	0.01464	0.01378	0.02326	0.70887	0.05340	0.01723	0.02153	0.01981	0.01550	0.01981	0.01378	0.02067	0.01034	0.00775	0.00775	0.00258	0.01034	0.00689	0.00345	0.00861
9	0.62723	0.01713	0.07456	0.04568	0.01888	0.01707	0.01109	0.02375	0.01417	0.07396	0.01247	0.01420	0.00930	0.00739	0.00537	0.00241	0.00675	0.00470	0.00489	0.00899
10	0.00945	0.00675	0.00900	0.01080	0.01125	0.00630	0.00720	0.01080	0.01484	0.01979	0.04274	0.72245	0.05128	0.02429	0.00990	0.00315	0.00450	0.02204	0.00720	0.00630
11	0.01890	0.01813	0.03096	0.08916	0.63981	0.01835	0.02365	0.02355	0.01752	0.02498	0.01453	0.01928	0.01216	0.00696	0.00768	0.00232	0.00928	0.00691	0.00381	0.01205
12	0.78228	0.01499	0.01140	0.01020	0.01499	0.01739	0.00840	0.02279	0.01320	0.03479	0.01080	0.01260	0.00840	0.00720	0.00480	0.00240	0.00600	0.00420	0.00480	0.00840
13	0.02048	0.01989	0.04208	0.03018	0.03778	0.01852	0.56638	0.02655	0.01882	0.11209	0.01766	0.02164	0.01275	0.00694	0.00897	0.00259	0.01222	0.00897	0.00467	0.01082
14	0.01577	0.03882	0.64834	0.02362	0.07194	0.01803	0.02836	0.02451	0.01645	0.02460	0.01395	0.01654	0.00997	0.00734	0.00738	0.00245	0.01133	0.00580	0.00331	0.01151
15	0.00998	0.00749	0.00925	0.00964	0.01118	0.00676	0.00691	0.01239	0.01835	0.02453	0.30046	0.29697	0.21818	0.01979	0.00942	0.00274	0.00402	0.01745	0.00772	0.00676
16	0.02469	0.02080	0.02060	0.01669	0.02155	0.12147	0.03775	0.36183	0.05716	0.03712	0.02375	0.02441	0.07116	0.01005	0.00812	0.00230	0.03060	0.00768	0.09126	0.01102
17	0.01457	0.00766	0.00797	0.00782	0.00954	0.00797	0.00594	0.01809	0.01606	0.02845	0.02461	0.02837	0.01944	0.00924	0.00632	0.00188	0.03547	0.00721	0.73611	0.00728
18	0.01620	0.01416	0.01767	0.01262	0.01957	0.01083	0.04370	0.01981	0.01620	0.02524	0.01388	0.01634	0.01150	0.00578	0.00593	0.00123	0.00614	0.00484	0.00456	0.73380
19	0.01904	0.02126	0.07466	0.03263	0.09793	0.01903	0.53213	0.02535	0.01833	0.05639	0.01621	0.02079	0.01207	0.00676	0.00886	0.00257	0.01233	0.00871	0.00415	0.01081
20	0.68742	0.10432	0.01504	0.01058	0.01561	0.01905	0.00900	0.02284	0.01351	0.03273	0.01079	0.01258	0.00859	0.00713	0.00482	0.00231	0.00628	0.00419	0.00461	0.00859
21	0.01109	0.00827	0.01227	0.01227	0.01358	0.00959	0.00945	0.01372	0.01240	0.01785	0.02095	0.03145	0.01981	0.09088	0.66464	0.01222	0.02012	0.00845	0.00418	0.00681
22	0.02009	0.01706	0.01799	0.01594	0.02047	0.01966	0.01247	0.08974	0.61528	0.03374	0.03053	0.02811	0.02284	0.01042	0.00788	0.00261	0.00633	0.00862	0.00788	0.01235
23	0.78228	0.01499	0.01140	0.01020	0.01499	0.01739	0.00840	0.02279	0.01320	0.03479	0.01080	0.01260	0.00840	0.00720	0.00480	0.00240	0.00600	0.00420	0.00480	0.00840
24	0.00960	0.00687	0.00914	0.01069	0.01128	0.00640	0.00721	0.01119	0.01557	0.02094	0.10714	0.65476	0.05351	0.02343	0.00982	0.00308	0.00441	0.02123	0.00733	0.00640
25	0.01097	0.00793	0.01036	0.00975	0.01158	0.00732	0.00732	0.01463	0.02195	0.03109	0.67505	0.05792	0.07316	0.01585	0.00914	0.00244	0.00366	0.01402	0.00854	0.00732
26	0.00973	0.00695	0.00932	0.01112	0.01169	0.00654	0.00768	0.01128	0.01512	0.02011	0.04258	0.66404	0.05067	0.02403	0.00997	0.00319	0.00474	0.07768	0.00719	0.00638
27	0.01885	0.01808	0.03086	0.09644	0.63292	0.01833	0.02363	0.02350	0.01750	0.02492	0.01453	0.01930	0.01214	0.00697	0.00768	0.00232	0.00929	0.00691	0.00381	0.01201
28	0.01593	0.07223	0.62488	0.02220	0.03325	0.01869	0.05852	0.02450	0.01644	0.02427	0.01385	0.01641	0.00992	0.00729	0.00734	0.00243	0.01139	0.00582	0.00331	0.01134
29	0.01335	0.10465	0.01446	0.01031	0.01316	0.01149	0.00808	0.01777	0.07988	0.04528	0.29246	0.05169	0.20568	0.08506	0.01143	0.00290	0.00504	0.01235	0.00710	0.00786

[dist]
# distance from previous block
# <min> <max>
0	1

[block]
# block no. 3 follows, 25 sequences, length 54
# corresponding to MSA columns:
# 121-174
name=unknown_D
#
# <colnr> <probs for GDERKNQSTAVLIFYWHMCP>
#	G	D	E	R	K	N	Q	S	T	A	V	L	I	F	Y	W	H	M	C	P
0	0.02327	0.11054	0.02842	0.02115	0.02567	0.36091	0.14392	0.02621	0.01903	0.02015	0.01607	0.01894	0.04732	0.00886	0.00957	0.00229	0.09787	0.00659	0.00401	0.00920
1	0.01813	0.01734	0.02955	0.20243	0.53262	0.01814	0.02327	0.02286	0.01715	0.02404	0.01440	0.01954	0.01183	0.00711	0.00769	0.00237	0.00947	0.00690	0.00375	0.01142
2	0.01789	0.01476	0.01784	0.01341	0.01911	0.01339	0.01088	0.05991	0.01695	0.05491	0.01425	0.01684	0.01172	0.00739	0.00912	0.00164	0.11940	0.00524	0.00482	0.57052
3	0.43156	0.05134	0.01718	0.01309	0.01854	0.01941	0.01091	0.21829	0.02146	0.11020	0.01539	0.01596	0.01114	0.00808	0.00605	0.00234	0.00695	0.00545	0.00617	0.01047
4	0.02842	0.02100	0.02250	0.01741	0.02332	0.02325	0.01427	0.60688	0.05845	0.04700	0.01931	0.02020	0.01413	0.03629	0.00895	0.00253	0.00841	0.00721	0.00765	0.01283
5	0.02044	0.69411	0.07620	0.01375	0.02065	0.02998	0.01411	0.02329	0.01579	0.01859	0.01095	0.01265	0.00994	0.00667	0.00511	0.00170	0.00847	0.00423	0.00331	0.01003
6	0.01815	0.02197	0.08104	0.03210	0.04014	0.01952	0.61675	0.02482	0.01819	0.02482	0.01559	0.02067	0.01166	0.00658	0.00905	0.00261	0.01298	0.00896	0.00389	0.01051
7	0.01555	0.04011	0.68733	0.02210	0.03356	0.01801	0.02865	0.02455	0.01637	0.02455	0.01391	0.01637	0.00982	0.00737	0.00737	0.00246	0.01146	0.00573	0.00327	0.01146
8	0.02073	0.73217	0.04063	0.01327	0.01990	0.03068	0.01327	0.02322	0.01575	0.01824	0.01078	0.01244	0.00995	0.00663	0.00498	0.00166	0.00829	0.00415	0.00332	0.00995
9	0.05862	0.01385	0.02258	0.66884	0.05120	0.01724	0.02078	0.01998	0.01537	0.02067	0.01361	0.02021	0.01022	0.00772	0.00758	0.00257	0.01009	0.00674	0.00352	0.00860
10	0.01866	0.01537	0.01603	0.01442	0.01843	0.03965	0.01118	0.03494	0.47490	0.06815	0.10870	0.03565	0.08663	0.01180	0.00811	0.00257	0.00595	0.00986	0.00787	0.01114
11	0.01090	0.00787	0.01030	0.00980	0.01157	0.00727	0.00731	0.01445	0.02160	0.03055	0.64451	0.09001	0.07210	0.01626	0.00918	0.00247	0.00370	0.01441	0.00847	0.00727
12	0.01704	0.01597	0.02693	0.26566	0.40718	0.01713	0.02197	0.02173	0.01695	0.02328	0.01682	0.02613	0.01469	0.00856	0.00799	0.00252	0.00939	0.06547	0.00402	0.01057
13	0.01066	0.00788	0.00995	0.00951	0.01141	0.00717	0.00710	0.01399	0.02108	0.02922	0.56594	0.08243	0.16151	0.01669	0.00917	0.00249	0.00373	0.01463	0.00829	0.00717
14	0.02743	0.02070	0.02212	0.01743	0.02327	0.02309	0.01424	0.53044	0.16263	0.04557	0.02121	0.02069	0.01529	0.00955	0.00778	0.00239	0.00805	0.00734	0.00778	0.01300
15	0.02875	0.02102	0.02249	0.01733	0.02332	0.02323	0.01429	0.62261	0.03548	0.04790	0.01894	0.01911	0.01351	0.00929	0.00764	0.00230	0.00829	0.00699	0.04459	0.01290
16	0.01199	0.00899	0.01124	0.01049	0.01263	0.00878	0.00792	0.01787	0.10039	0.03126	0.59657	0.05438	0.06712	0.01520	0.00899	0.00246	0.00396	0.01338	0.00846	0.00792
17	0.01128	0.00752	0.00846	0.00846	0.00846	0.00752	0.00470	0.01128	0.01128	0.01503	0.02443	0.05074	0.02819	0.72751	0.03946	0.00752	0.00752	0.01128	0.00470	0.00470
18	0.01976	0.36858	0.03374	0.01790	0.02209	0.07396	0.06854	0.02227	0.01502	0.01900	0.01106	0.01487	0.01019	0.00919	0.01276	0.00238	0.26027	0.00557	0.00344	0.00940
19	0.02080	0.02210	0.02787	0.11149	0.41596	0.17521	0.02106	0.02468	0.01803	0.02282	0.01360	0.01800	0.01140	0.00769	0.00870	0.00234	0.05712	0.00646	0.00380	0.01087
20	0.01043	0.00727	0.00919	0.01021	0.01070	0.00700	0.00678	0.01164	0.01430	0.01913	0.07585	0.39482	0.04409	0.26747	0.02017	0.00465	0.00571	0.06828	0.00641	0.00588
21	0.01953	0.01655	0.01755	0.01561	0.01998	0.01900	0.01218	0.07946	0.59234	0.03343	0.06288	0.02971	0.02546	0.01071	0.00794	0.00260	0.00617	0.00891	0.00791	0.01208
22	0.01108	0.00831	0.01246	0.01246	0.01385	0.00969	0.00969	0.01385	0.01246	0.01800	0.02077	0.03046	0.01938	0.05815	0.69678	0.01246	0.02077	0.00831	0.00415	0.00692
23	0.01347	0.00673	0.01010	0.01010	0.01010	0.00673	0.00673	0.01010	0.01010	0.01347	0.01347	0.02357	0.01347	0.02694	0.03030	0.77441	0.00673	0.00673	0.00337	0.00337
24	0.02896	0.03695	0.02197	0.01998	0.02397	0.69638	0.01498	0.03096	0.02197	0.01898	0.01199	0.01398	0.00999	0.00799	0.00699	0.00200	0.01398	0.00499	0.00400	0.00899
25	0.00945	0.00675	0.00900	0.01080	0.01125	0.00630	0.00720	0.01080	0.01484	0.01979	0.04274	0.72245	0.05128	0.02429	0.00990	0.00315	0.00450	0.02204	0.00720	0.00630
26	0.01604	0.07186	0.61293	0.02127	0.03204	0.01870	0.02685	0.02557	0.05830	0.02476	0.01490	0.01699	0.01072	0.00754	0.00729	0.00243	0.01096	0.00585	0.00357	0.01144
27	0.01964	0.01811	0.01741	0.01573	0.01997	0.08380	0.01217	0.03849	0.56606	0.03048	0.03236	0.03011	0.05972	0.01080	0.00788	0.00257	0.00677	0.00884	0.00747	0.01163
28	0.01543	0.01346	0.01769	0.01436	0.04810	0.01073	0.05106	0.01884	0.01612	0.02448	0.01799	0.11535	0.01711	0.00844	0.00663	0.00157	0.00620	0.00743	0.00488	0.58414
29	0.01608	0.01378	0.01608	0.01148	0.01837	0.01034	0.00919	0.01952	0.01608	0.02527	0.01378	0.01608	0.01148	0.00574	0.00574	0.00115	0.00574	0.00459	0.00459	0.77491
30	0.02507	0.02590	0.02037	0.01787	0.02241	0.29853	0.01382	0.14531	0.28943	0.02981	0.02122	0.02096	0.01619	0.00926	0.00750	0.00232	0.00979	0.00690	0.00626	0.01108
31	0.02757	0.02001	0.02179	0.01674	0.02291	0.02143	0.01375	0.50822	0.06924	0.08005	0.01943	0.01933	0.01391	0.00896	0.00752	0.00221	0.00795	0.00684	0.00749	0.10466
32	0.02073	0.73217	0.04063	0.01327	0.01990	0.03068	0.01327	0.02322	0.01575	0.01824	0.01078	0.01244	0.00995	0.00663	0.00498	0.00166	0.00829	0.00415	0.00332	0.00995
33	0.02073	0.73217	0.04063	0.01327	0.01990	0.03068	0.01327	0.02322	0.01575	0.01824	0.01078	0.01244	0.00995	0.00663	0.00498	0.00166	0.00829	0.00415	0.00332	0.00995
34	0.29008	0.01501	0.01561	0.08512	0.02131	0.01704	0.01150	0.03119	0.26922	0.10566	0.02202	0.02201	0.01623	0.00890	0.00668	0.00249	0.00648	0.00679	0.03625	0.01043
35	0.01064	0.00791	0.00990	0.00940	0.01138	0.00717	0.00705	0.01399	0.02116	0.02923	0.56526	0.06099	0.18411	0.01655	0.00915	0.00247	0.00371	0.01445	0.00829	0.00717
36	0.01105	0.00797	0.01047	0.00997	0.01180	0.00739	0.00757	0.01470	0.02175	0.03071	0.64448	0.05934	0.07178	0.01612	0.00922	0.00249	0.00383	0.04358	0.00847	0.00731
37	0.01303	0.00963	0.01359	0.01599	0.04932	0.00971	0.01305	0.01721	0.03736	0.02359	0.03944	0.08228	0.04237	0.02037	0.01047	0.00348	0.00721	0.57732	0.00700	0.00755
38	0.03419	0.01416	0.01859	0.01425	0.02027	0.01282	0.01177	0.10727	0.02380	0.61275	0.02924	0.02551	0.01852	0.00956	0.00779	0.00239	0.00682	0.00771	0.00939	0.01319
39	0.01249	0.00892	0.01249	0.01428	0.01606	0.00892	0.01249	0.01606	0.01785	0.02320	0.04105	0.08746	0.04462	0.02142	0.01071	0.00357	0.00714	0.62695	0.00714	0.00714
40	0.02524	0.41571	0.03060	0.01372	0.01989	0.02304	0.01254	0.03001	0.08867	0.24077	0.01961	0.01886	0.01451	0.00804	0.00623	0.00201	0.00749	0.00586	0.00590	0.01128
41	0.01347	0.00673	0.01010	0.01010	0.01010	0.00673	0.00673	0.01010	0.01010	0.01347	0.01347	0.02357	0.01347	0.02694	0.03030	0.77441	0.00673	0.00673	0.00337	0.00337
42	0.01626	0.01394	0.01616	0.01172	0.01847	0.01083	0.00936	0.02073	0.05209	0.02566	0.01477	0.01679	0.01216	0.00601	0.00586	0.00123	0.00576	0.00483	0.00478	0.73259
43	0.01838	0.10179	0.42245	0.02392	0.12353	0.01941	0.02391	0.05739	0.05971	0.05502	0.01582	0.01776	0.01167	0.00763	0.00725	0.00236	0.01012	0.00609	0.00416	0.01164
44	0.00951	0.00679	0.00905	0.01076	0.01126	0.00634	0.00720	0.01094	0.01512	0.02023	0.06725	0.69669	0.05213	0.02396	0.00987	0.00312	0.00447	0.02173	0.00725	0.00634
45	0.03449	0.01367	0.01829	0.01402	0.02003	0.01210	0.01158	0.07194	0.02298	0.64924	0.02992	0.02596	0.01886	0.00958	0.00780	0.00240	0.00671	0.00775	0.00949	0.01319
46	0.01646	0.12370	0.55938	0.02289	0.07947	0.01960	0.02640	0.02433	0.01639	0.02384	0.01358	0.01609	0.01002	0.00724	0.00709	0.00235	0.01090	0.00562	0.00332	0.01133
47	0.03173	0.01261	0.01724	0.01386	0.01928	0.01106	0.01155	0.03481	0.02160	0.59381	0.03202	0.03477	0.02268	0.01122	0.00820	0.00256	0.00667	0.09272	0.00926	0.01236
48	0.00985	0.00829	0.00873	0.00862	0.01142	0.00697	0.00665	0.01204	0.01759	0.02139	0.07154	0.07229	0.58293	0.01898	0.00910	0.00261	0.00431	0.06801	0.00704	0.05162
49	0.01691	0.01678	0.02330	0.01984	0.02024	0.02296	0.01651	0.01871	0.01212	0.01905	0.01039	0.01691	0.01025	0.01311	0.02429	0.00326	0.67185	0.00666	0.00346	0.05340
50	0.57785	0.01719	0.04560	0.01194	0.01721	0.05622	0.01025	0.02583	0.01535	0.14065	0.01428	0.01514	0.01034	0.00765	0.00555	0.00238	0.00683	0.00491	0.00547	0.00937
51	0.01924	0.01529	0.01818	0.01479	0.05806	0.01317	0.01107	0.11499	0.03999	0.06082	0.01592	0.01754	0.01254	0.00667	0.00632	0.00150	0.00641	0.00537	0.00536	0.55677
52	0.01119	0.00841	0.01098	0.01032	0.01203	0.00821	0.00781	0.01457	0.02092	0.02950	0.58644	0.07836	0.09772	0.01618	0.01013	0.00253	0.04529	0.01398	0.00813	0.00731
53	0.06034	0.30157	0.34199	0.01718	0.02598	0.02217	0.01996	0.02407	0.01612	0.04343	0.01306	0.01495	0.01018	0.00705	0.00623	0.00207	0.00946	0.00504	0.00365	0.05551

[dist]
# distance from previous block
# <min> <max>
0	2

# created by:
# /st0/software/busco_prod/Augustus/scripts/msa2prfl.pl ./align_prep/124762.fa
