[name]
unknown

[dist]
# distance from previous block
# <min> <max>
0	28

[block]
# block no. 0 follows, 24 sequences, length 38
# corresponding to MSA columns:
# 28-51,53-66
name=unknown_A
#
# <colnr> <probs for GDERKNQSTAVLIFYWHMCP>
#	G	D	E	R	K	N	Q	S	T	A	V	L	I	F	Y	W	H	M	C	P
0	0.06909	0.01067	0.01440	0.05256	0.01922	0.01068	0.01279	0.02140	0.01866	0.15064	0.03627	0.06839	0.03615	0.01781	0.00980	0.00328	0.00730	0.42482	0.00741	0.00867
1	0.17255	0.01421	0.01834	0.06214	0.06147	0.01365	0.01256	0.03364	0.02022	0.47246	0.02532	0.02349	0.01651	0.00906	0.00739	0.00246	0.00705	0.00716	0.00811	0.01220
2	0.77733	0.01534	0.01166	0.01043	0.01534	0.01779	0.00859	0.02331	0.01350	0.03558	0.01104	0.01288	0.00859	0.00736	0.00491	0.00245	0.00613	0.00429	0.00491	0.00859
3	0.01798	0.01716	0.02921	0.28044	0.45297	0.01841	0.02352	0.02289	0.01728	0.02390	0.01462	0.02016	0.01186	0.00737	0.00788	0.00246	0.00983	0.00706	0.00378	0.01123
4	0.77733	0.01534	0.01166	0.01043	0.01534	0.01779	0.00859	0.02331	0.01350	0.03558	0.01104	0.01288	0.00859	0.00736	0.00491	0.00245	0.00613	0.00429	0.00491	0.00859
5	0.01498	0.01409	0.02378	0.70226	0.05462	0.01762	0.02202	0.02026	0.01586	0.02026	0.01409	0.02114	0.01057	0.00793	0.00793	0.00264	0.01057	0.00705	0.00352	0.00881
6	0.77733	0.01534	0.01166	0.01043	0.01534	0.01779	0.00859	0.02331	0.01350	0.03558	0.01104	0.01288	0.00859	0.00736	0.00491	0.00245	0.00613	0.00429	0.00491	0.00859
7	0.01173	0.00835	0.01000	0.00943	0.01183	0.00739	0.00713	0.01477	0.02078	0.06010	0.40960	0.06420	0.30079	0.01738	0.00929	0.00256	0.00400	0.01494	0.00826	0.00748
8	0.23617	0.01399	0.01658	0.01311	0.01892	0.01331	0.01083	0.03450	0.02021	0.50379	0.02581	0.02318	0.01664	0.00915	0.00715	0.00245	0.00658	0.00698	0.00849	0.01217
9	0.03512	0.01424	0.01886	0.01446	0.02061	0.01276	0.01195	0.09036	0.02394	0.62387	0.03024	0.02631	0.01911	0.00979	0.00797	0.00245	0.00692	0.00790	0.00965	0.01349
10	0.01153	0.00769	0.00865	0.00865	0.00865	0.00769	0.00480	0.01153	0.01153	0.01538	0.02499	0.05189	0.02883	0.72131	0.04036	0.00769	0.00769	0.01153	0.00480	0.00480
11	0.02089	0.01761	0.01859	0.01637	0.02107	0.02027	0.01283	0.10981	0.58795	0.03506	0.03079	0.02840	0.02300	0.01062	0.00805	0.00265	0.00655	0.00876	0.00805	0.01266
12	0.01153	0.00769	0.00865	0.00865	0.00865	0.00769	0.00480	0.01153	0.01153	0.01538	0.02499	0.05189	0.02883	0.72131	0.04036	0.00769	0.00769	0.01153	0.00480	0.00480
13	0.02962	0.03779	0.02247	0.02043	0.02451	0.68948	0.01532	0.03166	0.02247	0.01941	0.01226	0.01430	0.01021	0.00817	0.00715	0.00204	0.01430	0.00511	0.00409	0.00919
14	0.00949	0.00804	0.00820	0.00816	0.01078	0.00674	0.00612	0.01161	0.01836	0.02209	0.11809	0.07522	0.63045	0.01983	0.00937	0.00267	0.00400	0.01658	0.00745	0.00674
15	0.01681	0.15804	0.57113	0.02106	0.03193	0.02063	0.02661	0.02488	0.01663	0.02401	0.01368	0.01606	0.01007	0.00741	0.00712	0.00237	0.01117	0.00558	0.00336	0.01146
16	0.03443	0.01534	0.01955	0.01498	0.02116	0.01439	0.01238	0.16714	0.02579	0.54448	0.02869	0.02531	0.01833	0.00975	0.00797	0.00244	0.00717	0.00780	0.00942	0.01349
17	0.00966	0.00690	0.00920	0.01104	0.01150	0.00644	0.00736	0.01104	0.01518	0.02024	0.04371	0.71614	0.05245	0.02484	0.01012	0.00322	0.00460	0.02254	0.00736	0.00644
18	0.77733	0.01534	0.01166	0.01043	0.01534	0.01779	0.00859	0.02331	0.01350	0.03558	0.01104	0.01288	0.00859	0.00736	0.00491	0.00245	0.00613	0.00429	0.00491	0.00859
19	0.00948	0.00760	0.00848	0.00919	0.01102	0.00660	0.00654	0.01125	0.01696	0.02097	0.06619	0.32331	0.43076	0.02192	0.00966	0.00289	0.00424	0.01898	0.00736	0.00660
20	0.36945	0.01925	0.01752	0.01455	0.01991	0.05395	0.01184	0.26136	0.09770	0.03995	0.01659	0.01722	0.01234	0.00861	0.00653	0.00243	0.00754	0.00595	0.00638	0.01093
21	0.01498	0.01409	0.02378	0.70226	0.05462	0.01762	0.02202	0.02026	0.01586	0.02026	0.01409	0.02114	0.01057	0.00793	0.00793	0.00264	0.01057	0.00705	0.00352	0.00881
22	0.69065	0.01512	0.01244	0.01086	0.01591	0.01707	0.00895	0.02510	0.01457	0.11057	0.01341	0.01453	0.00988	0.00765	0.00527	0.00245	0.00621	0.00472	0.00548	0.00916
23	0.02988	0.02418	0.02261	0.01802	0.02375	0.15385	0.01456	0.46212	0.03267	0.08576	0.01877	0.01901	0.01349	0.00926	0.00770	0.00230	0.00952	0.00681	0.03331	0.01243
24	0.01238	0.00884	0.01232	0.01414	0.01579	0.00878	0.01208	0.01574	0.01786	0.02328	0.04221	0.17020	0.04651	0.02228	0.01085	0.00360	0.00695	0.54169	0.00731	0.00719
25	0.01644	0.01409	0.01644	0.01175	0.01879	0.01057	0.00940	0.01997	0.01644	0.02584	0.01409	0.01644	0.01175	0.00587	0.00587	0.00117	0.00587	0.00470	0.00470	0.76979
26	0.01659	0.10400	0.57731	0.02249	0.03349	0.01974	0.06945	0.02500	0.01682	0.02453	0.01405	0.01668	0.01019	0.00741	0.00743	0.00245	0.01153	0.00594	0.00340	0.01151
27	0.02818	0.01548	0.01843	0.01521	0.02060	0.01587	0.01221	0.06683	0.30997	0.35898	0.03119	0.02781	0.02143	0.01023	0.00802	0.00256	0.00662	0.00839	0.00894	0.01307
28	0.01749	0.01585	0.02816	0.46557	0.04729	0.01788	0.15829	0.02398	0.05617	0.06669	0.01680	0.02211	0.01234	0.00795	0.00826	0.00264	0.01067	0.00774	0.00434	0.00977
29	0.01212	0.01147	0.05874	0.16453	0.02293	0.01032	0.01234	0.01612	0.01905	0.02628	0.33685	0.17581	0.05089	0.01565	0.00912	0.00271	0.00608	0.03423	0.00690	0.00786
30	0.74405	0.01525	0.01196	0.01059	0.01556	0.01751	0.00873	0.02400	0.01391	0.06437	0.01195	0.01351	0.00908	0.00747	0.00504	0.00245	0.00616	0.00446	0.00513	0.00881
31	0.01644	0.01409	0.01644	0.01175	0.01879	0.01057	0.00940	0.01997	0.01644	0.02584	0.01409	0.01644	0.01175	0.00587	0.00587	0.00117	0.00587	0.00470	0.00470	0.76979
32	0.02461	0.02112	0.02573	0.05557	0.06661	0.09548	0.11260	0.29151	0.05031	0.06389	0.02349	0.02671	0.05914	0.01001	0.00830	0.00249	0.00965	0.03481	0.00645	0.01151
33	0.01686	0.01472	0.01852	0.01662	0.10507	0.01166	0.01137	0.02054	0.01666	0.02585	0.01420	0.01686	0.01185	0.00603	0.00613	0.00133	0.00634	0.00501	0.00460	0.66975
34	0.00999	0.00714	0.00958	0.01142	0.01202	0.00672	0.00793	0.01161	0.01551	0.02061	0.04352	0.65008	0.05173	0.02453	0.01021	0.00327	0.00489	0.08536	0.00735	0.00653
35	0.01149	0.00784	0.00944	0.00944	0.00972	0.00812	0.00580	0.01204	0.01177	0.01597	0.02426	0.04786	0.02708	0.59268	0.16660	0.00867	0.01032	0.01094	0.00470	0.00525
36	0.01644	0.01409	0.01644	0.01175	0.01879	0.01057	0.00940	0.01997	0.01644	0.02584	0.01409	0.01644	0.01175	0.00587	0.00587	0.00117	0.00587	0.00470	0.00470	0.76979
37	0.02280	0.16061	0.06104	0.01897	0.02514	0.17298	0.10620	0.12882	0.05395	0.02759	0.05153	0.01945	0.01548	0.00820	0.00725	0.00211	0.01005	0.00660	0.00507	0.09616

[dist]
# distance from previous block
# <min> <max>
0	23

[block]
# block no. 1 follows, 24 sequences, length 41
# corresponding to MSA columns:
# 90-130
name=unknown_B
#
# <colnr> <probs for GDERKNQSTAVLIFYWHMCP>
#	G	D	E	R	K	N	Q	S	T	A	V	L	I	F	Y	W	H	M	C	P
0	0.01621	0.01267	0.01423	0.01306	0.01647	0.01351	0.01013	0.02867	0.32692	0.05933	0.23433	0.04695	0.12264	0.01403	0.00874	0.00266	0.00527	0.03588	0.00823	0.01008
1	0.01800	0.31172	0.42786	0.01903	0.02880	0.02354	0.02308	0.02457	0.01649	0.02256	0.01296	0.01515	0.01010	0.00724	0.00657	0.00219	0.01044	0.00522	0.00337	0.01111
2	0.01146	0.00795	0.00995	0.00992	0.01043	0.00834	0.00644	0.01247	0.01238	0.01701	0.05272	0.04607	0.02822	0.49324	0.23175	0.00896	0.01153	0.01076	0.00482	0.00560
3	0.01963	0.01884	0.03219	0.04867	0.67185	0.01884	0.02434	0.02434	0.01806	0.02591	0.01492	0.01963	0.01256	0.00707	0.00785	0.00236	0.00942	0.00707	0.00393	0.01256
4	0.01644	0.01409	0.01644	0.01175	0.01879	0.01057	0.00940	0.01997	0.01644	0.02584	0.01409	0.01644	0.01175	0.00587	0.00587	0.00117	0.00587	0.00470	0.00470	0.76979
5	0.07739	0.00868	0.01052	0.00997	0.01209	0.00830	0.00751	0.01538	0.02120	0.03122	0.56073	0.08142	0.09445	0.01595	0.00900	0.00253	0.00399	0.01389	0.00829	0.00750
6	0.01644	0.01409	0.01644	0.01175	0.01879	0.01057	0.00940	0.01997	0.01644	0.02584	0.01409	0.01644	0.01175	0.00587	0.00587	0.00117	0.00587	0.00470	0.00470	0.76979
7	0.00966	0.00690	0.00920	0.01104	0.01150	0.00644	0.00736	0.01104	0.01518	0.02024	0.04371	0.71614	0.05245	0.02484	0.01012	0.00322	0.00460	0.02254	0.00736	0.00644
8	0.02053	0.01904	0.03073	0.04438	0.58273	0.01938	0.02293	0.07839	0.05283	0.02834	0.01617	0.02009	0.01324	0.00747	0.00787	0.00237	0.00920	0.00717	0.00448	0.01264
9	0.05775	0.05561	0.04759	0.01404	0.01951	0.01461	0.01201	0.11935	0.04836	0.33368	0.13705	0.03150	0.05204	0.01092	0.00795	0.00243	0.00669	0.00886	0.00834	0.01170
10	0.77733	0.01534	0.01166	0.01043	0.01534	0.01779	0.00859	0.02331	0.01350	0.03558	0.01104	0.01288	0.00859	0.00736	0.00491	0.00245	0.00613	0.00429	0.00491	0.00859
11	0.01590	0.04102	0.68023	0.02260	0.03432	0.01842	0.02930	0.02511	0.01674	0.02511	0.01423	0.01674	0.01005	0.00753	0.00753	0.00251	0.01172	0.00586	0.00335	0.01172
12	0.02095	0.58409	0.14453	0.01506	0.02262	0.02842	0.01605	0.02460	0.01650	0.04787	0.01241	0.01399	0.01056	0.00704	0.00561	0.00186	0.00893	0.00466	0.00366	0.01057
13	0.01621	0.08001	0.64388	0.02209	0.03353	0.01915	0.02840	0.02504	0.01671	0.02475	0.01405	0.01651	0.01005	0.00749	0.00739	0.00246	0.01154	0.00577	0.00335	0.01163
14	0.02064	0.55236	0.16590	0.01573	0.02333	0.06629	0.01676	0.02446	0.01660	0.01997	0.01172	0.01360	0.01015	0.00701	0.00569	0.00188	0.00945	0.00461	0.00342	0.01042
15	0.01133	0.00850	0.01274	0.01274	0.01416	0.00991	0.00991	0.01416	0.01274	0.01841	0.02124	0.03115	0.01982	0.05947	0.68989	0.01274	0.02124	0.00850	0.00425	0.00708
16	0.01278	0.00913	0.01278	0.01460	0.01643	0.00913	0.01278	0.01643	0.01825	0.02373	0.04199	0.08945	0.04564	0.02191	0.01095	0.00365	0.00730	0.61847	0.00730	0.00730
17	0.01012	0.00752	0.01046	0.07086	0.01523	0.00741	0.00863	0.01184	0.01524	0.02024	0.04114	0.65599	0.04882	0.02338	0.00993	0.00317	0.00512	0.02120	0.00703	0.00665
18	0.09904	0.01365	0.01783	0.01379	0.01982	0.01218	0.01139	0.03733	0.02191	0.62244	0.02955	0.02578	0.01868	0.00960	0.00771	0.00245	0.00670	0.00766	0.00939	0.01308
19	0.00966	0.00690	0.00920	0.01104	0.01150	0.00644	0.00736	0.01104	0.01518	0.02024	0.04371	0.71614	0.05245	0.02484	0.01012	0.00322	0.00460	0.02254	0.00736	0.00644
20	0.01963	0.01884	0.03219	0.04867	0.67185	0.01884	0.02434	0.02434	0.01806	0.02591	0.01492	0.01963	0.01256	0.00707	0.00785	0.00236	0.00942	0.00707	0.00393	0.01256
21	0.01872	0.02139	0.04679	0.03342	0.04144	0.02005	0.64305	0.02540	0.01872	0.02540	0.01604	0.02139	0.01203	0.00668	0.00936	0.00267	0.01337	0.00936	0.00401	0.01070
22	0.01590	0.04102	0.68023	0.02260	0.03432	0.01842	0.02930	0.02511	0.01674	0.02511	0.01423	0.01674	0.01005	0.00753	0.00753	0.00251	0.01172	0.00586	0.00335	0.01172
23	0.01164	0.00862	0.01129	0.01271	0.01456	0.00826	0.01062	0.01466	0.01785	0.02280	0.05081	0.16052	0.18649	0.02184	0.01050	0.00338	0.00624	0.41281	0.00732	0.00706
24	0.01498	0.01409	0.02378	0.70226	0.05462	0.01762	0.02202	0.02026	0.01586	0.02026	0.01409	0.02114	0.01057	0.00793	0.00793	0.00264	0.01057	0.00705	0.00352	0.00881
25	0.66830	0.01455	0.01169	0.01039	0.01510	0.01654	0.00851	0.02380	0.01431	0.07295	0.01351	0.01514	0.01024	0.00767	0.00514	0.00240	0.00596	0.00478	0.07025	0.00878
26	0.02209	0.01575	0.01967	0.10491	0.07784	0.01726	0.01434	0.03619	0.36900	0.16442	0.05180	0.02826	0.02245	0.01010	0.00806	0.00260	0.00708	0.00856	0.00754	0.01209
27	0.01278	0.00913	0.01278	0.01460	0.01643	0.00913	0.01278	0.01643	0.01825	0.02373	0.04199	0.08945	0.04564	0.02191	0.01095	0.00365	0.00730	0.61847	0.00730	0.00730
28	0.01891	0.02007	0.04008	0.06880	0.28805	0.01947	0.37427	0.02476	0.01833	0.02537	0.01552	0.02069	0.01217	0.00689	0.00871	0.00255	0.01170	0.00836	0.00396	0.01134
29	0.10936	0.07769	0.02545	0.42013	0.04186	0.05825	0.08139	0.02172	0.01624	0.02246	0.01485	0.04960	0.01226	0.00839	0.00751	0.00253	0.01009	0.00727	0.00393	0.00901
30	0.01041	0.00791	0.01125	0.10791	0.01754	0.00801	0.00942	0.01233	0.01528	0.02025	0.03956	0.61874	0.04658	0.02247	0.00981	0.00314	0.00544	0.02037	0.00682	0.00677
31	0.01644	0.01409	0.01644	0.01175	0.01879	0.01057	0.00940	0.01997	0.01644	0.02584	0.01409	0.01644	0.01175	0.00587	0.00587	0.00117	0.00587	0.00470	0.00470	0.76979
32	0.01475	0.01288	0.01737	0.01553	0.01581	0.01673	0.01212	0.01621	0.01227	0.01845	0.01686	0.02987	0.01752	0.22727	0.11262	0.00579	0.37875	0.00851	0.04344	0.00727
33	0.02868	0.03623	0.02261	0.02046	0.02423	0.63860	0.01548	0.03070	0.02168	0.01938	0.01212	0.01453	0.01023	0.00861	0.00859	0.00215	0.06726	0.00525	0.00404	0.00915
34	0.00953	0.00804	0.00825	0.00820	0.01081	0.00676	0.00615	0.01169	0.01845	0.02231	0.13058	0.07485	0.61783	0.01975	0.00937	0.00266	0.00399	0.01653	0.00748	0.00676
35	0.01945	0.01841	0.03004	0.04371	0.57758	0.01843	0.02245	0.02560	0.07267	0.02652	0.01635	0.02029	0.01351	0.00731	0.00775	0.00231	0.00894	0.00709	0.00433	0.05726
36	0.01765	0.01295	0.01688	0.01548	0.07283	0.01185	0.01097	0.02073	0.01694	0.10084	0.08216	0.04660	0.02193	0.06392	0.04649	0.00292	0.06907	0.00773	0.02985	0.33224
37	0.01586	0.01517	0.02533	0.13564	0.02956	0.01570	0.17502	0.01989	0.01605	0.02300	0.01884	0.12253	0.01776	0.01067	0.01102	0.00251	0.12281	0.00940	0.03486	0.17839
38	0.02833	0.02405	0.11681	0.01796	0.02463	0.08798	0.01614	0.29964	0.08583	0.18525	0.02166	0.02100	0.01503	0.00928	0.00782	0.00241	0.00905	0.00710	0.00732	0.01271
39	0.18289	0.03060	0.14092	0.02129	0.08697	0.30882	0.01731	0.07690	0.02030	0.02690	0.01316	0.01534	0.01033	0.00789	0.00688	0.00227	0.01120	0.00542	0.00441	0.01019
40	0.01930	0.01805	0.02968	0.09387	0.54421	0.01849	0.02257	0.04797	0.04504	0.02696	0.04502	0.02190	0.01572	0.00779	0.00794	0.00240	0.00910	0.00747	0.00443	0.01208

[dist]
# distance from previous block
# <min> <max>
0	1

[block]
# block no. 2 follows, 24 sequences, length 14
# corresponding to MSA columns:
# 132-145
name=unknown_C
#
# <colnr> <probs for GDERKNQSTAVLIFYWHMCP>
#	G	D	E	R	K	N	Q	S	T	A	V	L	I	F	Y	W	H	M	C	P
0	0.15620	0.01721	0.01798	0.01440	0.02013	0.08561	0.01168	0.08079	0.04505	0.38638	0.02387	0.02209	0.01597	0.00899	0.00724	0.00233	0.00752	0.00682	0.00785	0.06191
1	0.10285	0.37667	0.24972	0.01666	0.02472	0.06708	0.01837	0.02465	0.01644	0.02271	0.01217	0.01418	0.00996	0.00718	0.00601	0.00207	0.00967	0.00484	0.00359	0.01045
2	0.01122	0.00811	0.01060	0.00998	0.01185	0.00748	0.00748	0.01496	0.02245	0.03180	0.66766	0.05923	0.07482	0.01621	0.00935	0.00249	0.00374	0.01434	0.00873	0.00748
3	0.01590	0.04102	0.68023	0.02260	0.03432	0.01842	0.02930	0.02511	0.01674	0.02511	0.01423	0.01674	0.01005	0.00753	0.00753	0.00251	0.01172	0.00586	0.00335	0.01172
4	0.01709	0.01625	0.02760	0.40562	0.33475	0.01817	0.02307	0.02211	0.01685	0.02282	0.01447	0.02045	0.01147	0.00754	0.00789	0.00251	0.01005	0.00706	0.00371	0.01051
5	0.01133	0.00850	0.01274	0.01274	0.01416	0.00991	0.00991	0.01416	0.01274	0.01841	0.02124	0.03115	0.01982	0.05947	0.68989	0.01274	0.02124	0.00850	0.00425	0.00708
6	0.01917	0.01741	0.02405	0.10384	0.27452	0.01915	0.01812	0.03290	0.34154	0.02897	0.02361	0.02483	0.01824	0.00903	0.00797	0.00256	0.00795	0.00803	0.00598	0.01214
7	0.01710	0.03798	0.59319	0.02313	0.03426	0.01823	0.08189	0.02579	0.01720	0.05656	0.01521	0.01764	0.01068	0.00757	0.00771	0.00252	0.01162	0.00627	0.00372	0.01172
8	0.01588	0.01470	0.02440	0.40241	0.23239	0.01658	0.02101	0.02067	0.01687	0.02237	0.02024	0.03055	0.04326	0.00973	0.00830	0.00267	0.00959	0.07449	0.00422	0.00967
9	0.01133	0.00850	0.01274	0.01274	0.01416	0.00991	0.00991	0.01416	0.01274	0.01841	0.02124	0.03115	0.01982	0.05947	0.68989	0.01274	0.02124	0.00850	0.00425	0.00708
10	0.01466	0.01008	0.01338	0.01292	0.01532	0.00982	0.03705	0.01995	0.11108	0.09591	0.11054	0.35531	0.09643	0.01886	0.00944	0.00293	0.00545	0.04467	0.00773	0.00847
11	0.01853	0.01834	0.03306	0.17696	0.43763	0.01881	0.13237	0.02371	0.01773	0.02469	0.01495	0.02024	0.01207	0.00717	0.00813	0.00247	0.01034	0.00746	0.00386	0.01148
12	0.02065	0.02433	0.18713	0.02897	0.09814	0.01846	0.31763	0.02697	0.01852	0.12382	0.01758	0.02082	0.01271	0.00769	0.00927	0.00260	0.04053	0.00801	0.00470	0.01146
13	0.02155	0.01847	0.01977	0.06763	0.11599	0.11960	0.01410	0.18273	0.02357	0.05767	0.06791	0.02971	0.09228	0.01362	0.05086	0.00299	0.00921	0.00851	0.07357	0.01025

[dist]
# distance from previous block
# <min> <max>
1	4

[block]
# block no. 3 follows, 24 sequences, length 23
# corresponding to MSA columns:
# 150-172
name=unknown_D
#
# <colnr> <probs for GDERKNQSTAVLIFYWHMCP>
#	G	D	E	R	K	N	Q	S	T	A	V	L	I	F	Y	W	H	M	C	P
0	0.05005	0.47873	0.03398	0.04107	0.02152	0.05638	0.01382	0.04902	0.01714	0.06010	0.01398	0.04267	0.01254	0.00856	0.00764	0.00207	0.07075	0.00570	0.00422	0.01007
1	0.02056	0.25510	0.31987	0.01966	0.02831	0.11018	0.05824	0.02625	0.01772	0.05582	0.01394	0.01595	0.01072	0.00745	0.00684	0.00220	0.01087	0.00557	0.00383	0.01093
2	0.04913	0.10395	0.46929	0.01981	0.02941	0.05340	0.02367	0.02592	0.04783	0.04846	0.01818	0.01976	0.04108	0.00830	0.00729	0.00242	0.01051	0.00632	0.00410	0.01118
3	0.01377	0.00689	0.01033	0.01033	0.01033	0.00689	0.00689	0.01033	0.01033	0.01377	0.01377	0.02410	0.01377	0.02755	0.03099	0.76928	0.00689	0.00689	0.00344	0.00344
4	0.01923	0.01661	0.01746	0.01575	0.02015	0.01910	0.01224	0.04067	0.62705	0.03261	0.03457	0.03181	0.05491	0.01120	0.00813	0.00269	0.00617	0.00934	0.00804	0.01227
5	0.01644	0.01409	0.01644	0.01175	0.01879	0.01057	0.00940	0.01997	0.01644	0.02584	0.01409	0.01644	0.01175	0.00587	0.00587	0.00117	0.00587	0.00470	0.00470	0.76979
6	0.02120	0.72609	0.04155	0.01357	0.02035	0.03138	0.01357	0.02374	0.01611	0.01866	0.01102	0.01272	0.01018	0.00678	0.00509	0.00170	0.00848	0.00424	0.00339	0.01018
7	0.01377	0.00689	0.01033	0.01033	0.01033	0.00689	0.00689	0.01033	0.01033	0.01377	0.01377	0.02410	0.01377	0.02755	0.03099	0.76928	0.00689	0.00689	0.00344	0.00344
8	0.02831	0.03401	0.02566	0.02181	0.02664	0.53182	0.09389	0.09904	0.02365	0.02355	0.01348	0.01571	0.01081	0.00814	0.00751	0.00216	0.01356	0.00587	0.00450	0.00986
9	0.01249	0.00979	0.01417	0.21997	0.02495	0.01067	0.01201	0.04061	0.01674	0.02259	0.06310	0.40432	0.03736	0.01775	0.00906	0.00289	0.00648	0.01592	0.05157	0.00755
10	0.01079	0.00737	0.00887	0.00960	0.00978	0.00719	0.00582	0.01134	0.01298	0.01731	0.03243	0.31612	0.03822	0.44427	0.02833	0.00591	0.00646	0.01591	0.00582	0.00546
11	0.01644	0.01409	0.01644	0.01175	0.01879	0.01057	0.00940	0.01997	0.01644	0.02584	0.01409	0.01644	0.01175	0.00587	0.00587	0.00117	0.00587	0.00470	0.00470	0.76979
12	0.01963	0.01884	0.03219	0.04867	0.67185	0.01884	0.02434	0.02434	0.01806	0.02591	0.01492	0.01963	0.01256	0.00707	0.00785	0.00236	0.00942	0.00707	0.00393	0.01256
13	0.01590	0.04102	0.68023	0.02260	0.03432	0.01842	0.02930	0.02511	0.01674	0.02511	0.01423	0.01674	0.01005	0.00753	0.00753	0.00251	0.01172	0.00586	0.00335	0.01172
14	0.00966	0.00690	0.00920	0.01104	0.01150	0.00644	0.00736	0.01104	0.01518	0.02024	0.04371	0.71614	0.05245	0.02484	0.01012	0.00322	0.00460	0.02254	0.00736	0.00644
15	0.01374	0.01050	0.01552	0.01941	0.10892	0.01050	0.01441	0.01755	0.01823	0.02404	0.03817	0.07960	0.04097	0.01981	0.01052	0.00347	0.00760	0.53220	0.00683	0.00804
16	0.01644	0.01409	0.01644	0.01175	0.01879	0.01057	0.00940	0.01997	0.01644	0.02584	0.01409	0.01644	0.01175	0.00587	0.00587	0.00117	0.00587	0.00470	0.00470	0.76979
17	0.01752	0.01901	0.03933	0.19053	0.06933	0.01890	0.44692	0.02359	0.01788	0.02401	0.01661	0.04810	0.01327	0.00769	0.00899	0.00267	0.01221	0.00923	0.00402	0.01016
18	0.01980	0.01825	0.02865	0.07029	0.49759	0.01884	0.02151	0.07073	0.09248	0.02806	0.01967	0.02297	0.03905	0.00820	0.00794	0.00242	0.00885	0.00766	0.00480	0.01223
19	0.01920	0.01797	0.02981	0.19388	0.49512	0.01890	0.02327	0.05980	0.01869	0.02605	0.01497	0.01993	0.01217	0.00740	0.00787	0.00242	0.00964	0.00707	0.00407	0.01177
20	0.01797	0.01702	0.02791	0.12595	0.49271	0.01746	0.02156	0.02334	0.04896	0.02508	0.02248	0.02621	0.08125	0.00871	0.00803	0.00244	0.00885	0.00816	0.00443	0.01147
21	0.01427	0.01223	0.01574	0.07690	0.08851	0.01178	0.01144	0.02029	0.11211	0.02533	0.09659	0.13632	0.15404	0.01342	0.00822	0.00237	0.00598	0.01165	0.00630	0.17649
22	0.04987	0.01451	0.02074	0.25479	0.11802	0.04182	0.04380	0.04622	0.04844	0.02482	0.08546	0.08389	0.04279	0.01176	0.00950	0.04837	0.00840	0.00936	0.02841	0.00902

[dist]
# distance from previous block
# <min> <max>
11	18

[block]
# block no. 4 follows, 24 sequences, length 15
# corresponding to MSA columns:
# 191-205
name=unknown_E
#
# <colnr> <probs for GDERKNQSTAVLIFYWHMCP>
#	G	D	E	R	K	N	Q	S	T	A	V	L	I	F	Y	W	H	M	C	P
0	0.01894	0.02391	0.26848	0.02096	0.07044	0.01491	0.09075	0.02561	0.03982	0.14112	0.17212	0.02969	0.02785	0.00995	0.00829	0.00251	0.00883	0.00881	0.00601	0.01100
1	0.02201	0.27840	0.14173	0.01772	0.02335	0.10613	0.01715	0.02550	0.01679	0.09294	0.01382	0.01627	0.01126	0.00909	0.01102	0.00238	0.17422	0.00567	0.00420	0.01033
2	0.01089	0.00788	0.00973	0.01017	0.01143	0.00740	0.00727	0.01298	0.01717	0.02292	0.21731	0.19983	0.14699	0.18557	0.01703	0.00404	0.00534	0.09243	0.00713	0.00649
3	0.01085	0.00707	0.00872	0.01004	0.01093	0.00668	0.00687	0.01281	0.01566	0.02250	0.04126	0.52356	0.07443	0.02094	0.00901	0.00287	0.00436	0.01869	0.18609	0.00668
4	0.02512	0.05740	0.02873	0.02175	0.02767	0.17740	0.16270	0.22399	0.13527	0.03274	0.01866	0.02002	0.01408	0.00862	0.00798	0.00239	0.01068	0.00737	0.00593	0.01152
5	0.01801	0.01655	0.02761	0.04064	0.51730	0.01655	0.02161	0.02247	0.01810	0.02539	0.02130	0.03609	0.02036	0.01056	0.00858	0.00266	0.00892	0.15123	0.00472	0.01132
6	0.00966	0.00690	0.00920	0.01104	0.01150	0.00644	0.00736	0.01104	0.01518	0.02024	0.04371	0.71614	0.05245	0.02484	0.01012	0.00322	0.00460	0.02254	0.00736	0.00644
7	0.02008	0.46541	0.07255	0.17701	0.02956	0.07851	0.01660	0.02362	0.01658	0.01946	0.01203	0.01506	0.01026	0.00720	0.00606	0.00199	0.00961	0.00506	0.00347	0.00987
8	0.02066	0.13672	0.38849	0.02090	0.02980	0.17834	0.04545	0.02693	0.01827	0.04472	0.01394	0.01610	0.01050	0.00762	0.00717	0.00229	0.01176	0.00565	0.00377	0.01093
9	0.01063	0.00690	0.00947	0.01087	0.01123	0.00655	0.00725	0.01087	0.01404	0.01872	0.03665	0.55296	0.04333	0.02548	0.01504	0.18385	0.00514	0.01885	0.00644	0.00573
10	0.02293	0.02454	0.28177	0.17973	0.03392	0.01574	0.02109	0.02895	0.01873	0.26411	0.02048	0.02155	0.01370	0.00847	0.00779	0.00252	0.00962	0.00692	0.00577	0.01169
11	0.01901	0.01864	0.02973	0.20141	0.49494	0.05105	0.02335	0.02373	0.01775	0.02426	0.01459	0.01973	0.01198	0.00732	0.00783	0.00241	0.00993	0.00697	0.00384	0.01151
12	0.01926	0.01866	0.02999	0.07153	0.57619	0.04443	0.02274	0.02382	0.01844	0.02582	0.05931	0.02218	0.01664	0.00777	0.00793	0.00236	0.00927	0.00748	0.00424	0.01193
13	0.29406	0.42252	0.07432	0.01305	0.01949	0.02558	0.01284	0.02368	0.01521	0.02521	0.01125	0.01305	0.00959	0.00704	0.00519	0.00203	0.00785	0.00437	0.00394	0.00971
14	0.01808	0.40386	0.11747	0.05517	0.02390	0.02328	0.03618	0.02205	0.01677	0.02101	0.01908	0.03210	0.01860	0.01051	0.00709	0.00235	0.00890	0.14961	0.00434	0.00964

[dist]
# distance from previous block
# <min> <max>
1	3

[block]
# block no. 5 follows, 24 sequences, length 9
# corresponding to MSA columns:
# 216-224
name=unknown_F
#
# <colnr> <probs for GDERKNQSTAVLIFYWHMCP>
#	G	D	E	R	K	N	Q	S	T	A	V	L	I	F	Y	W	H	M	C	P
0	0.01916	0.37098	0.25268	0.01706	0.02511	0.02497	0.01869	0.02743	0.12868	0.02338	0.01583	0.01703	0.01259	0.00773	0.00643	0.00214	0.00919	0.00561	0.00420	0.01111
1	0.01750	0.03034	0.35877	0.14832	0.20348	0.05672	0.02593	0.02443	0.01726	0.02414	0.01427	0.01812	0.01080	0.00752	0.00766	0.00247	0.01107	0.00634	0.00357	0.01128
2	0.02110	0.02523	0.21141	0.14298	0.11480	0.02042	0.02129	0.22287	0.08385	0.03303	0.01753	0.01982	0.01289	0.00848	0.00782	0.00249	0.00976	0.00692	0.00536	0.01196
3	0.13632	0.33944	0.07716	0.05679	0.20283	0.02426	0.01727	0.02377	0.01628	0.02379	0.01247	0.01534	0.01060	0.00706	0.00613	0.00210	0.00870	0.00528	0.00378	0.01063
4	0.01689	0.18482	0.42678	0.13969	0.03485	0.02109	0.02461	0.02397	0.01645	0.02286	0.01351	0.01664	0.01017	0.00744	0.00707	0.00236	0.01082	0.00572	0.00339	0.01088
5	0.01834	0.02971	0.37764	0.02979	0.24159	0.01740	0.02505	0.02528	0.01796	0.07506	0.05424	0.02097	0.01541	0.00806	0.00778	0.00245	0.01012	0.00692	0.00434	0.01188
6	0.02051	0.01561	0.02293	0.02888	0.30508	0.01561	0.01659	0.02820	0.14408	0.12848	0.13512	0.02952	0.02679	0.00977	0.00810	0.00242	0.00727	0.00876	0.00651	0.03977
7	0.07956	0.02594	0.28901	0.02442	0.16199	0.01632	0.02114	0.02826	0.01837	0.20200	0.01873	0.01981	0.01311	0.00797	0.00745	0.00241	0.00924	0.00652	0.00538	0.04237
8	0.07069	0.08941	0.15565	0.03415	0.37534	0.01949	0.02184	0.02505	0.04987	0.02610	0.01499	0.01830	0.01213	0.00728	0.00724	0.00229	0.00921	0.00635	0.00408	0.05055

[dist]
# distance from previous block
# <min> <max>
4	9

[block]
# block no. 6 follows, 24 sequences, length 8
# corresponding to MSA columns:
# 234-241
name=unknown_G
#
# <colnr> <probs for GDERKNQSTAVLIFYWHMCP>
#	G	D	E	R	K	N	Q	S	T	A	V	L	I	F	Y	W	H	M	C	P
0	0.01572	0.03572	0.55099	0.15641	0.03832	0.01826	0.02787	0.02416	0.01657	0.02416	0.01420	0.01761	0.01015	0.00761	0.00761	0.00254	0.01149	0.00609	0.00338	0.01115
1	0.10879	0.06823	0.43963	0.02581	0.15684	0.01908	0.02503	0.02467	0.01658	0.02621	0.01382	0.01664	0.01037	0.00738	0.00716	0.00243	0.01043	0.00583	0.00365	0.01143
2	0.01359	0.01514	0.14927	0.01269	0.01690	0.00967	0.01196	0.01733	0.01827	0.08578	0.15126	0.21145	0.22186	0.01701	0.00904	0.00272	0.00597	0.01465	0.00699	0.00845
3	0.05892	0.03029	0.41481	0.02506	0.15535	0.01679	0.02382	0.02315	0.01743	0.02629	0.07966	0.02436	0.05245	0.00894	0.00772	0.00248	0.00978	0.00740	0.00428	0.01103
4	0.12769	0.03118	0.44939	0.01848	0.02772	0.01644	0.02215	0.02462	0.01696	0.08660	0.02247	0.02355	0.08166	0.00907	0.00739	0.00252	0.00962	0.00700	0.00461	0.01089
5	0.10188	0.03083	0.43496	0.15427	0.03481	0.01753	0.02421	0.02334	0.01654	0.02575	0.05301	0.01972	0.01387	0.00811	0.00742	0.00253	0.01038	0.00642	0.00388	0.01054
6	0.18503	0.03084	0.37696	0.01957	0.02858	0.01957	0.04921	0.14685	0.02017	0.03231	0.01456	0.01656	0.01049	0.00785	0.00712	0.00248	0.00998	0.00593	0.00462	0.01134
7	0.01209	0.05877	0.11515	0.01320	0.01618	0.01119	0.01170	0.01514	0.01444	0.01986	0.02933	0.23902	0.05778	0.09661	0.24549	0.00667	0.01191	0.01272	0.00519	0.00757

[dist]
# distance from previous block
# <min> <max>
1	16

[block]
# block no. 7 follows, 24 sequences, length 21
# corresponding to MSA columns:
# 258-278
name=unknown_H
#
# <colnr> <probs for GDERKNQSTAVLIFYWHMCP>
#	G	D	E	R	K	N	Q	S	T	A	V	L	I	F	Y	W	H	M	C	P
0	0.01478	0.02956	0.44040	0.01973	0.02789	0.01508	0.02336	0.02199	0.01729	0.02462	0.02420	0.04287	0.02283	0.01270	0.00876	0.00292	0.01013	0.22598	0.00477	0.01013
1	0.01626	0.29235	0.19428	0.01460	0.02088	0.01947	0.01542	0.02094	0.01855	0.02504	0.24779	0.03047	0.03337	0.01036	0.00725	0.00219	0.00761	0.00829	0.00530	0.00960
2	0.01201	0.00984	0.04133	0.01212	0.01434	0.00829	0.01006	0.01485	0.01756	0.04397	0.08584	0.22782	0.18844	0.04551	0.01108	0.00331	0.00589	0.23323	0.00723	0.00728
3	0.01334	0.02766	0.40802	0.01679	0.02481	0.01370	0.01994	0.01971	0.01748	0.02409	0.06792	0.04009	0.24965	0.01244	0.00828	0.00257	0.00859	0.01016	0.00504	0.00972
4	0.01728	0.03240	0.44225	0.02028	0.02940	0.01889	0.02328	0.03123	0.24698	0.02801	0.02071	0.02136	0.01513	0.00869	0.00773	0.00258	0.00976	0.00698	0.00504	0.01202
5	0.01686	0.16472	0.56490	0.02097	0.03180	0.02076	0.02646	0.02487	0.01663	0.02395	0.01365	0.01602	0.01007	0.00740	0.00709	0.00236	0.01113	0.00557	0.00336	0.01144
6	0.02245	0.02669	0.01770	0.01706	0.01984	0.44405	0.01246	0.02425	0.01985	0.01971	0.02356	0.26648	0.02539	0.01416	0.00822	0.00247	0.01082	0.01137	0.00526	0.00820
7	0.02637	0.47004	0.03324	0.01376	0.02031	0.02429	0.01288	0.02910	0.01848	0.25533	0.01830	0.01785	0.01357	0.00787	0.00613	0.00197	0.00786	0.00558	0.00570	0.01137
8	0.01129	0.00836	0.01197	0.01175	0.01333	0.00904	0.00904	0.01445	0.01623	0.02322	0.25351	0.04124	0.03959	0.04393	0.44536	0.00906	0.01495	0.01060	0.00586	0.00722
9	0.01060	0.00843	0.00974	0.01039	0.01277	0.00757	0.00845	0.01319	0.01814	0.02225	0.06655	0.08103	0.44478	0.02074	0.00994	0.00303	0.00520	0.23295	0.00734	0.00691
10	0.02254	0.11631	0.20447	0.01712	0.02429	0.01903	0.01711	0.03419	0.24828	0.17853	0.02425	0.02321	0.01738	0.00912	0.00751	0.00245	0.00818	0.00725	0.00655	0.01223
11	0.02263	0.01873	0.01800	0.01480	0.01960	0.08715	0.01185	0.35391	0.02884	0.03654	0.04036	0.03913	0.24855	0.01318	0.00837	0.00245	0.00761	0.01038	0.00733	0.01060
12	0.01221	0.00792	0.01188	0.01188	0.01278	0.00883	0.00883	0.01278	0.01188	0.01674	0.01856	0.02862	0.01765	0.04800	0.45314	0.28458	0.01608	0.00792	0.00396	0.00577
13	0.01198	0.00821	0.01013	0.01079	0.01144	0.00821	0.00767	0.01329	0.01395	0.01838	0.03109	0.06539	0.03487	0.47001	0.02979	0.00624	0.00755	0.22962	0.00570	0.00570
14	0.01922	0.28896	0.20880	0.02860	0.25818	0.02341	0.02164	0.02432	0.01698	0.02299	0.01328	0.01628	0.01100	0.00709	0.00673	0.00215	0.00968	0.00569	0.00357	0.01145
15	0.02264	0.21314	0.02540	0.01548	0.02135	0.26974	0.01272	0.02535	0.01861	0.02152	0.01259	0.01465	0.01075	0.00697	0.00614	0.00164	0.00972	0.00473	0.00412	0.28275
16	0.50426	0.01606	0.01619	0.01416	0.01731	0.02012	0.01174	0.02179	0.01301	0.02965	0.01081	0.01449	0.00924	0.00970	0.01249	0.00282	0.25789	0.00524	0.00439	0.00862
17	0.01882	0.23172	0.25643	0.01765	0.02533	0.02266	0.01870	0.03083	0.24680	0.02613	0.01978	0.02019	0.01517	0.00847	0.00701	0.00234	0.00882	0.00650	0.00506	0.01157
18	0.02120	0.72609	0.04155	0.01357	0.02035	0.03138	0.01357	0.02374	0.01611	0.01866	0.01102	0.01272	0.01018	0.00678	0.00509	0.00170	0.00848	0.00424	0.00339	0.01018
19	0.01083	0.00752	0.00941	0.01007	0.01042	0.00754	0.00642	0.01171	0.01301	0.01754	0.03120	0.28774	0.03609	0.38094	0.11794	0.00677	0.00842	0.01508	0.00565	0.00570
20	0.21732	0.03798	0.01547	0.01265	0.01680	0.01332	0.01031	0.02536	0.01651	0.25149	0.02173	0.02434	0.01651	0.02692	0.25210	0.00612	0.01186	0.00708	0.00632	0.00981

[dist]
# distance from previous block
# <min> <max>
0	1

[block]
# block no. 8 follows, 24 sequences, length 12
# corresponding to MSA columns:
# 280-291
name=unknown_I
#
# <colnr> <probs for GDERKNQSTAVLIFYWHMCP>
#	G	D	E	R	K	N	Q	S	T	A	V	L	I	F	Y	W	H	M	C	P
0	0.10377	0.01634	0.01923	0.01482	0.02097	0.01606	0.01222	0.21841	0.02572	0.37662	0.02433	0.02243	0.01611	0.00919	0.00751	0.00233	0.00722	0.00712	0.00838	0.07125
1	0.36643	0.19220	0.02266	0.01355	0.01936	0.02318	0.01176	0.21071	0.02130	0.03575	0.01344	0.01470	0.01045	0.00787	0.00586	0.00225	0.00749	0.00514	0.00545	0.01045
2	0.02454	0.01784	0.01924	0.01536	0.01979	0.01950	0.01198	0.45457	0.02953	0.03956	0.02083	0.02893	0.01811	0.22381	0.01770	0.00398	0.00841	0.00846	0.00699	0.01087
3	0.02365	0.48261	0.06564	0.01539	0.02227	0.02874	0.01475	0.21097	0.02252	0.02838	0.01358	0.01481	0.01117	0.00764	0.00606	0.00194	0.00870	0.00519	0.00476	0.01124
4	0.01726	0.38897	0.14500	0.01408	0.02026	0.02189	0.01451	0.02134	0.01813	0.02375	0.20928	0.02743	0.02962	0.00975	0.00680	0.00208	0.00763	0.00757	0.00499	0.00964
5	0.02380	0.05969	0.01917	0.01657	0.01955	0.45462	0.01208	0.02525	0.01889	0.01816	0.01603	0.02555	0.01582	0.22281	0.01706	0.00373	0.01205	0.00700	0.00427	0.00792
6	0.01313	0.00849	0.01081	0.01185	0.01372	0.00839	0.00997	0.01673	0.01802	0.02590	0.07837	0.06893	0.06714	0.01765	0.00915	0.00299	0.00585	0.36995	0.23561	0.00731
7	0.02389	0.51418	0.03621	0.01498	0.02163	0.02933	0.01402	0.21090	0.02249	0.02809	0.01344	0.01462	0.01117	0.00761	0.00594	0.00190	0.00855	0.00511	0.00476	0.01117
8	0.32345	0.01902	0.17547	0.01378	0.01908	0.01423	0.01345	0.02080	0.01524	0.05930	0.02263	0.22623	0.02268	0.01279	0.00727	0.00270	0.00707	0.01035	0.00550	0.00895
9	0.05487	0.02766	0.32226	0.02820	0.22258	0.01716	0.02333	0.02752	0.01819	0.15700	0.01773	0.01950	0.01267	0.00784	0.00760	0.00245	0.00978	0.00658	0.00489	0.01219
10	0.07496	0.22886	0.02485	0.01412	0.02004	0.01960	0.01222	0.03389	0.14782	0.30889	0.02410	0.02232	0.01701	0.00894	0.00693	0.00227	0.00714	0.00682	0.00722	0.01200
11	0.01804	0.01532	0.01689	0.01546	0.01932	0.01775	0.01202	0.03651	0.52784	0.03020	0.03006	0.02990	0.02333	0.02056	0.14520	0.00471	0.00929	0.00887	0.00730	0.01145

[dist]
# distance from previous block
# <min> <max>
0	59

# created by:
# /st0/software/busco_prod/Augustus/scripts/msa2prfl.pl ./align_prep/124825.fa
