[name]
unknown

[dist]
# distance from previous block
# <min> <max>
0	26

[block]
# block no. 0 follows, 25 sequences, length 70
# corresponding to MSA columns:
# 26-95
name=unknown_A
#
# <colnr> <probs for GDERKNQSTAVLIFYWHMCP>
#	G	D	E	R	K	N	Q	S	T	A	V	L	I	F	Y	W	H	M	C	P
0	0.01548	0.01009	0.01184	0.01126	0.01399	0.03238	0.00881	0.01886	0.03768	0.13551	0.23739	0.11778	0.19631	0.01683	0.00911	0.00269	0.00522	0.10267	0.00790	0.00820
1	0.01796	0.12140	0.09490	0.02575	0.22878	0.01729	0.04982	0.02214	0.01788	0.07465	0.13836	0.06576	0.02551	0.01018	0.00890	0.00239	0.05408	0.00874	0.00518	0.01033
2	0.01216	0.00876	0.01191	0.01192	0.01353	0.00834	0.03670	0.05223	0.01747	0.04530	0.11819	0.47886	0.08495	0.04795	0.01067	0.00310	0.00518	0.01833	0.00723	0.00722
3	0.00943	0.00683	0.00891	0.01058	0.01119	0.00632	0.00710	0.01082	0.01505	0.01988	0.04536	0.67497	0.09706	0.02395	0.00984	0.00311	0.00446	0.02163	0.00720	0.00632
4	0.05024	0.08987	0.20863	0.01876	0.02575	0.22303	0.01813	0.17798	0.02309	0.07171	0.01519	0.01640	0.01125	0.00810	0.00709	0.00222	0.01075	0.00576	0.00503	0.01102
5	0.01803	0.01627	0.02701	0.30852	0.37241	0.01769	0.02186	0.02357	0.04622	0.05083	0.01570	0.02052	0.01231	0.00752	0.00772	0.00243	0.00941	0.00702	0.00410	0.01086
6	0.00942	0.00703	0.00877	0.01010	0.01108	0.00638	0.00690	0.01098	0.01569	0.02037	0.06852	0.55618	0.19436	0.02299	0.00971	0.00301	0.00434	0.02052	0.00724	0.00638
7	0.02277	0.01703	0.01931	0.03570	0.02187	0.01664	0.01211	0.26570	0.07994	0.08143	0.01835	0.01902	0.01369	0.00785	0.00691	0.00186	0.00705	0.00616	0.00641	0.34019
8	0.07895	0.05850	0.07659	0.04800	0.02130	0.06187	0.01286	0.07412	0.01943	0.14364	0.09338	0.05444	0.02116	0.00953	0.00773	0.00215	0.03140	0.00747	0.00599	0.17152
9	0.04901	0.01910	0.09367	0.01789	0.04981	0.01749	0.04424	0.12937	0.24857	0.13884	0.05773	0.02509	0.02022	0.00944	0.00770	0.00243	0.00747	0.00786	0.00706	0.04702
10	0.01752	0.30305	0.44162	0.01874	0.02837	0.02282	0.02280	0.02405	0.01614	0.02216	0.01272	0.01488	0.00987	0.00709	0.00646	0.00215	0.01026	0.00513	0.00329	0.01089
11	0.01541	0.00815	0.00825	0.00790	0.00999	0.00830	0.00601	0.05859	0.01755	0.03018	0.02487	0.02825	0.01945	0.00905	0.00557	0.00184	0.00393	0.00721	0.72189	0.00761
12	0.01382	0.01099	0.01374	0.07994	0.01846	0.01024	0.00967	0.04476	0.04855	0.02632	0.17690	0.17105	0.06096	0.01306	0.00787	0.00220	0.00544	0.01137	0.03789	0.23677
13	0.01973	0.01880	0.03101	0.07602	0.57932	0.04132	0.05134	0.02431	0.01786	0.04412	0.01498	0.01937	0.01229	0.00705	0.00773	0.00232	0.00952	0.00697	0.00400	0.01194
14	0.01005	0.00700	0.00882	0.01002	0.01032	0.00670	0.00637	0.01096	0.01366	0.01822	0.03667	0.49986	0.04363	0.25732	0.01969	0.00460	0.00550	0.01847	0.00637	0.00577
15	0.01226	0.00711	0.00790	0.00854	0.00993	0.00684	0.00609	0.01494	0.01587	0.02505	0.03571	0.27763	0.08340	0.01527	0.00730	0.00235	0.00395	0.01319	0.43982	0.00684
16	0.01696	0.01696	0.02375	0.02036	0.02036	0.02375	0.01696	0.01866	0.01187	0.01866	0.01018	0.01696	0.01018	0.01357	0.02545	0.00339	0.71332	0.00679	0.00339	0.00848
17	0.01579	0.01375	0.02295	0.66913	0.05148	0.01689	0.02095	0.02084	0.01589	0.05781	0.01474	0.02100	0.01084	0.00786	0.00775	0.00257	0.01012	0.00694	0.00380	0.00888
18	0.01266	0.00821	0.01076	0.01011	0.01207	0.00754	0.00752	0.01594	0.02098	0.07926	0.54826	0.11319	0.06558	0.04089	0.01016	0.00267	0.00409	0.01415	0.00837	0.00758
19	0.01089	0.00792	0.01024	0.00966	0.01153	0.00728	0.00725	0.01446	0.02174	0.03060	0.64596	0.05873	0.10256	0.01604	0.00915	0.00245	0.00367	0.01414	0.00847	0.00728
20	0.02073	0.73217	0.04063	0.01327	0.01990	0.03068	0.01327	0.02322	0.01575	0.01824	0.01078	0.01244	0.00995	0.00663	0.00498	0.00166	0.00829	0.00415	0.00332	0.00995
21	0.66103	0.01822	0.09121	0.01191	0.01755	0.01774	0.01104	0.04919	0.01453	0.03417	0.01149	0.01329	0.00876	0.00730	0.00522	0.00240	0.00674	0.00449	0.00474	0.00896
22	0.00988	0.00708	0.00938	0.01050	0.01134	0.00659	0.00723	0.01188	0.01686	0.02299	0.22188	0.53418	0.05748	0.02190	0.00968	0.00295	0.00426	0.01977	0.00758	0.00659
23	0.01445	0.00723	0.00723	0.00723	0.00903	0.00723	0.00542	0.01807	0.01626	0.02891	0.02529	0.02891	0.01987	0.00903	0.00542	0.00181	0.00361	0.00723	0.77055	0.00723
24	0.78228	0.01499	0.01140	0.01020	0.01499	0.01739	0.00840	0.02279	0.01320	0.03479	0.01080	0.01260	0.00840	0.00720	0.00480	0.00240	0.00600	0.00420	0.00480	0.00840
25	0.01609	0.01502	0.02525	0.59647	0.05003	0.01796	0.07670	0.06845	0.01735	0.02247	0.01432	0.02054	0.01068	0.00776	0.00788	0.00257	0.01044	0.00710	0.00382	0.00912
26	0.02090	0.06440	0.31095	0.02455	0.11637	0.04985	0.06697	0.19806	0.02243	0.03083	0.01519	0.01739	0.01123	0.00777	0.00751	0.00235	0.01042	0.00637	0.00466	0.01179
27	0.07835	0.01487	0.01928	0.01464	0.02044	0.01371	0.07457	0.08709	0.01763	0.02733	0.01500	0.01841	0.01240	0.01323	0.09425	0.00303	0.03521	0.00583	0.00478	0.42995
28	0.01710	0.01439	0.01663	0.01197	0.01881	0.01138	0.00961	0.06774	0.01763	0.02706	0.01415	0.01627	0.01161	0.00601	0.00590	0.00124	0.00595	0.00478	0.00483	0.71696
29	0.01624	0.01414	0.02268	0.31097	0.11378	0.01594	0.08055	0.04720	0.04736	0.02443	0.01830	0.05114	0.01493	0.00889	0.00828	0.00246	0.03791	0.00789	0.14768	0.00924
30	0.01430	0.01279	0.02085	0.49735	0.07136	0.01542	0.01872	0.01848	0.01535	0.01999	0.01834	0.06291	0.01677	0.03600	0.01071	0.02921	0.03579	0.07340	0.00408	0.00819
31	0.14207	0.01896	0.10358	0.01614	0.04008	0.01723	0.01404	0.16222	0.10671	0.14990	0.04758	0.02576	0.06758	0.01010	0.00829	0.00249	0.04171	0.00772	0.00672	0.01112
32	0.01971	0.59538	0.16845	0.01501	0.02260	0.02818	0.01631	0.02348	0.01588	0.01949	0.01140	0.01322	0.00992	0.00678	0.00545	0.00182	0.00892	0.00446	0.00331	0.01025
33	0.01193	0.00929	0.01329	0.01303	0.01458	0.01098	0.01018	0.01612	0.06209	0.01912	0.02117	0.02981	0.01934	0.05276	0.61775	0.01135	0.04711	0.00828	0.00441	0.00739
34	0.28466	0.01856	0.01792	0.01445	0.01987	0.05001	0.01184	0.31535	0.02546	0.11410	0.01730	0.01767	0.01238	0.00855	0.00663	0.00232	0.00750	0.00605	0.03824	0.01113
35	0.02616	0.21393	0.10104	0.01565	0.02233	0.02086	0.01466	0.16458	0.08463	0.22967	0.02084	0.02004	0.01476	0.00857	0.00698	0.00221	0.00798	0.00649	0.00661	0.01203
36	0.01793	0.01469	0.01769	0.15826	0.02581	0.01672	0.01350	0.06004	0.36572	0.05547	0.08400	0.03346	0.06232	0.01115	0.00811	0.00261	0.00683	0.02796	0.00702	0.01070
37	0.01322	0.00676	0.00985	0.00999	0.01013	0.00673	0.00669	0.01061	0.01081	0.01483	0.01637	0.07704	0.01671	0.02571	0.02733	0.67156	0.00639	0.00793	0.04752	0.00381
38	0.02803	0.02100	0.02245	0.01755	0.02349	0.02337	0.01439	0.56639	0.12571	0.04653	0.02045	0.02008	0.01467	0.00948	0.00778	0.00237	0.00819	0.00723	0.00778	0.01306
39	0.00978	0.00708	0.00934	0.01078	0.01154	0.00650	0.00728	0.01131	0.01520	0.02050	0.06898	0.66565	0.05065	0.02319	0.00970	0.00304	0.00451	0.02100	0.00715	0.03682
40	0.01732	0.06474	0.24239	0.05257	0.02736	0.01810	0.08374	0.07459	0.17848	0.02791	0.06521	0.05130	0.04262	0.00980	0.00787	0.00250	0.00882	0.00842	0.00546	0.01083
41	0.01569	0.03911	0.65416	0.02265	0.03392	0.01809	0.06083	0.02457	0.01647	0.02457	0.01401	0.01660	0.00992	0.00732	0.00746	0.00246	0.01154	0.00591	0.00331	0.01141
42	0.01460	0.00791	0.01104	0.01062	0.01110	0.00808	0.00726	0.05908	0.01215	0.01622	0.01430	0.02427	0.01403	0.05347	0.02895	0.68516	0.00690	0.00693	0.00375	0.00417
43	0.09805	0.00926	0.01095	0.01178	0.01344	0.00948	0.00871	0.04768	0.04699	0.02449	0.06158	0.45886	0.04312	0.02022	0.00921	0.00303	0.00529	0.10350	0.00703	0.00733
44	0.01755	0.09447	0.41678	0.05492	0.03401	0.07101	0.15549	0.02477	0.01711	0.02343	0.01386	0.01699	0.01027	0.00720	0.00752	0.00239	0.01166	0.00630	0.00348	0.01080
45	0.00955	0.00689	0.00905	0.01058	0.01124	0.00639	0.00715	0.01110	0.01551	0.02070	0.09246	0.64264	0.08115	0.02344	0.00981	0.00307	0.00441	0.02118	0.00730	0.00639
46	0.01344	0.01182	0.01260	0.04475	0.01621	0.08067	0.00992	0.01808	0.09862	0.02267	0.09113	0.39881	0.04274	0.01904	0.00927	0.00292	0.00619	0.08660	0.00689	0.00762
47	0.02333	0.36643	0.06605	0.01827	0.05983	0.21203	0.01543	0.08548	0.01943	0.02212	0.01222	0.01423	0.01041	0.00760	0.00692	0.00197	0.03917	0.00500	0.00396	0.01015
48	0.02518	0.01770	0.01937	0.01558	0.02040	0.01928	0.01237	0.40348	0.11293	0.09389	0.02299	0.04900	0.01859	0.11821	0.01263	0.00318	0.00777	0.00843	0.00745	0.01156
49	0.00951	0.00682	0.00893	0.01060	0.01110	0.00636	0.00705	0.01083	0.01480	0.01964	0.04323	0.67208	0.07217	0.05315	0.01109	0.00331	0.00460	0.02140	0.00709	0.00624
50	0.02425	0.01966	0.02117	0.01901	0.07192	0.04637	0.01418	0.34352	0.24766	0.03905	0.02528	0.02463	0.04767	0.00997	0.00783	0.00243	0.00776	0.00795	0.00734	0.01234
51	0.05331	0.01618	0.02070	0.05654	0.04929	0.01654	0.03549	0.22867	0.04726	0.29848	0.05160	0.02426	0.01838	0.01123	0.03361	0.00278	0.00812	0.00770	0.00777	0.01212
52	0.01004	0.00715	0.00889	0.00985	0.01049	0.00673	0.00645	0.01130	0.01479	0.01967	0.09844	0.43434	0.09774	0.20661	0.01748	0.00418	0.00516	0.01804	0.00667	0.00599
53	0.01108	0.00764	0.00887	0.00887	0.00924	0.00769	0.00537	0.01156	0.01192	0.01585	0.02833	0.05030	0.07893	0.59348	0.11311	0.00770	0.00876	0.01134	0.00484	0.00510
54	0.01525	0.01329	0.02027	0.49744	0.04169	0.01627	0.01791	0.02199	0.09074	0.02256	0.01738	0.02268	0.01327	0.00850	0.00816	0.00251	0.03785	0.00715	0.11628	0.00883
55	0.01173	0.00881	0.01152	0.07066	0.01570	0.00896	0.00883	0.04180	0.04888	0.02387	0.18138	0.39289	0.04792	0.07582	0.01171	0.00323	0.00530	0.01676	0.00704	0.00719
56	0.06381	0.01371	0.01774	0.01386	0.01954	0.01253	0.01136	0.09183	0.02274	0.56546	0.02931	0.06111	0.01986	0.01023	0.00778	0.00243	0.00664	0.00831	0.00911	0.01264
57	0.01225	0.00822	0.01068	0.00989	0.01200	0.00751	0.00748	0.01578	0.02175	0.06795	0.60912	0.05693	0.09947	0.01568	0.00907	0.00245	0.00384	0.01378	0.00853	0.00761
58	0.62932	0.01405	0.01250	0.01102	0.01541	0.01592	0.03023	0.02148	0.01436	0.03323	0.08956	0.01905	0.01664	0.01058	0.03793	0.00288	0.00666	0.00572	0.00518	0.00827
59	0.06684	0.02319	0.02384	0.18651	0.16009	0.21415	0.01784	0.16474	0.02231	0.02798	0.01433	0.01754	0.01114	0.00797	0.00735	0.00229	0.01051	0.00622	0.00472	0.01045
60	0.08510	0.07850	0.02395	0.05306	0.14010	0.34152	0.01611	0.04814	0.01955	0.03874	0.01393	0.01816	0.01183	0.00850	0.00805	0.00224	0.05130	0.02718	0.00430	0.00973
61	0.01871	0.01317	0.01395	0.01228	0.01578	0.03613	0.00982	0.19417	0.04222	0.06141	0.03508	0.03962	0.15139	0.01605	0.06010	0.00313	0.00721	0.06096	0.19966	0.00920
62	0.02764	0.02009	0.02191	0.01667	0.02297	0.02133	0.01372	0.52658	0.03264	0.07439	0.01841	0.01858	0.01320	0.00877	0.00745	0.00215	0.00801	0.00665	0.00735	0.13150
63	0.02013	0.65160	0.11592	0.01430	0.02149	0.02920	0.01506	0.02337	0.01583	0.01898	0.01114	0.01290	0.00994	0.00672	0.00525	0.00175	0.00866	0.00433	0.00331	0.01013
64	0.01666	0.03290	0.45957	0.02652	0.10306	0.01842	0.14676	0.02539	0.05043	0.02510	0.01524	0.01819	0.01117	0.00732	0.00777	0.00248	0.01125	0.00667	0.00370	0.01140
65	0.01572	0.03644	0.58463	0.02351	0.06342	0.01769	0.07002	0.02413	0.01679	0.02488	0.04153	0.01854	0.01270	0.00764	0.00758	0.00246	0.01114	0.00636	0.00356	0.01126
66	0.01089	0.00790	0.01028	0.00992	0.01171	0.00730	0.00747	0.01436	0.02125	0.02979	0.59314	0.09415	0.09415	0.01666	0.00925	0.00253	0.00386	0.03982	0.00836	0.00723
67	0.01265	0.01116	0.01931	0.01962	0.09369	0.01061	0.13960	0.01569	0.01642	0.02223	0.06361	0.42205	0.03938	0.01811	0.00952	0.00294	0.00693	0.06234	0.00621	0.00793
68	0.07841	0.02057	0.17023	0.01659	0.02359	0.01521	0.04640	0.08956	0.06564	0.32405	0.02584	0.02454	0.04537	0.00927	0.00762	0.00244	0.00800	0.00753	0.00716	0.01197
69	0.14691	0.01490	0.04848	0.04943	0.10333	0.01447	0.03930	0.11749	0.01988	0.06747	0.11006	0.18257	0.02889	0.01265	0.00796	0.00257	0.00692	0.01092	0.00628	0.00952

[dist]
# distance from previous block
# <min> <max>
3	7

[block]
# block no. 1 follows, 25 sequences, length 31
# corresponding to MSA columns:
# 103-133
name=unknown_B
#
# <colnr> <probs for GDERKNQSTAVLIFYWHMCP>
#	G	D	E	R	K	N	Q	S	T	A	V	L	I	F	Y	W	H	M	C	P
0	0.14892	0.01819	0.02021	0.05067	0.07569	0.03521	0.01378	0.29944	0.07713	0.11606	0.05409	0.02151	0.01687	0.00915	0.00734	0.00238	0.00771	0.00709	0.00694	0.01164
1	0.01581	0.01507	0.02170	0.01875	0.01936	0.02028	0.03719	0.01796	0.01240	0.01920	0.01299	0.02012	0.01236	0.02137	0.14818	0.00497	0.52964	0.00717	0.03726	0.00821
2	0.09241	0.01574	0.02050	0.01791	0.07454	0.01557	0.04187	0.12268	0.09910	0.37924	0.02538	0.02360	0.01707	0.00911	0.00760	0.00242	0.00728	0.00749	0.00801	0.01249
3	0.04952	0.22849	0.32690	0.01998	0.07666	0.02130	0.02063	0.06300	0.01764	0.05317	0.01396	0.01589	0.01068	0.00726	0.00658	0.00215	0.00952	0.00543	0.00400	0.04726
4	0.02772	0.01212	0.01571	0.01267	0.01758	0.01093	0.01025	0.03220	0.07126	0.47147	0.11014	0.03434	0.07927	0.01119	0.00796	0.00241	0.00585	0.00927	0.04605	0.01160
5	0.01036	0.00775	0.00961	0.00946	0.01129	0.00701	0.00698	0.01333	0.02004	0.02730	0.45643	0.14913	0.20716	0.01782	0.00925	0.00257	0.00383	0.01561	0.00806	0.00701
6	0.01089	0.00823	0.01165	0.01230	0.01343	0.00787	0.04189	0.04270	0.01608	0.02147	0.04012	0.65091	0.04733	0.02262	0.00975	0.00308	0.00515	0.02062	0.00705	0.00685
7	0.02503	0.02294	0.02841	0.02281	0.05350	0.11604	0.17493	0.31382	0.10072	0.03585	0.01827	0.01974	0.01354	0.00847	0.00801	0.00239	0.01019	0.00745	0.00613	0.01177
8	0.04551	0.00798	0.00930	0.00888	0.01083	0.00772	0.00669	0.01620	0.01956	0.03048	0.41629	0.04569	0.05149	0.01306	0.00764	0.00221	0.00374	0.01119	0.27820	0.00733
9	0.00978	0.00701	0.00930	0.01057	0.01132	0.00652	0.00722	0.01164	0.01640	0.02226	0.18103	0.57711	0.05607	0.02245	0.00973	0.00299	0.00431	0.02029	0.00749	0.00652
10	0.01631	0.01558	0.02578	0.42165	0.23670	0.01843	0.02162	0.02086	0.01568	0.02132	0.01356	0.01975	0.01090	0.00825	0.01002	0.00260	0.10086	0.00688	0.00356	0.00970
11	0.09519	0.01540	0.01872	0.01447	0.02042	0.01494	0.01195	0.18498	0.02489	0.47761	0.02607	0.02338	0.01685	0.00933	0.00754	0.00238	0.00701	0.00730	0.00876	0.01280
12	0.01464	0.01378	0.02326	0.70887	0.05340	0.01723	0.02153	0.01981	0.01550	0.01981	0.01378	0.02067	0.01034	0.00775	0.00775	0.00258	0.01034	0.00689	0.00345	0.00861
13	0.01612	0.01761	0.07389	0.25440	0.09957	0.01774	0.18827	0.02073	0.01555	0.02128	0.01470	0.02217	0.01228	0.06192	0.01347	0.03155	0.09820	0.00772	0.00368	0.00915
14	0.04745	0.06483	0.51530	0.05416	0.03304	0.01829	0.07652	0.02489	0.01663	0.05770	0.01463	0.01713	0.01042	0.00739	0.00735	0.00243	0.01094	0.00604	0.00372	0.01114
15	0.01587	0.08262	0.64761	0.02156	0.03272	0.01879	0.02770	0.02447	0.01633	0.02417	0.01372	0.01613	0.00983	0.00732	0.00722	0.00241	0.01126	0.00563	0.00328	0.01137
16	0.00919	0.00776	0.00795	0.00809	0.01054	0.00653	0.00600	0.01110	0.01744	0.02085	0.07564	0.12724	0.62525	0.02001	0.00922	0.00266	0.00397	0.01683	0.00720	0.00653
17	0.01537	0.01407	0.02177	0.49605	0.04246	0.01774	0.01896	0.02125	0.06775	0.02128	0.01545	0.02132	0.01205	0.00898	0.01039	0.00266	0.12030	0.00705	0.05632	0.00879
18	0.01690	0.01582	0.02768	0.10142	0.02907	0.01761	0.22622	0.02144	0.04003	0.05541	0.01972	0.12709	0.01826	0.01171	0.01338	0.00287	0.20483	0.01004	0.03135	0.00916
19	0.03435	0.01389	0.01842	0.01413	0.02014	0.01243	0.01167	0.08807	0.02336	0.63258	0.02961	0.02576	0.01870	0.00957	0.00779	0.00239	0.00676	0.00773	0.00945	0.01319
20	0.00945	0.00675	0.00900	0.01080	0.01125	0.00630	0.00720	0.01080	0.01484	0.01979	0.04274	0.72245	0.05128	0.02429	0.00990	0.00315	0.00450	0.02204	0.00720	0.00630
21	0.01018	0.00731	0.00965	0.01030	0.01141	0.00679	0.00725	0.01264	0.01826	0.02522	0.34658	0.40312	0.06179	0.02024	0.00954	0.00281	0.00409	0.01819	0.00784	0.00679
22	0.05637	0.44871	0.17730	0.01581	0.02306	0.09264	0.01651	0.02501	0.04366	0.02107	0.01246	0.01415	0.01043	0.00712	0.00581	0.00194	0.00935	0.00477	0.00364	0.01021
23	0.01545	0.01460	0.02471	0.59175	0.16423	0.01744	0.02193	0.02052	0.01588	0.02079	0.01392	0.02041	0.01068	0.00760	0.00774	0.00253	0.01014	0.00689	0.00351	0.00926
24	0.01929	0.01666	0.01753	0.01578	0.02016	0.01929	0.01227	0.04120	0.66513	0.03243	0.03156	0.02893	0.02367	0.01052	0.00789	0.00263	0.00614	0.00877	0.00789	0.01227
25	0.02769	0.03390	0.02173	0.01957	0.02351	0.58829	0.01484	0.05428	0.07432	0.02116	0.01374	0.01549	0.01122	0.00848	0.00787	0.00212	0.04252	0.00545	0.00443	0.00939
26	0.15828	0.01820	0.01757	0.05123	0.02089	0.10038	0.01196	0.22452	0.02380	0.14908	0.01933	0.02010	0.01392	0.00870	0.00678	0.00224	0.00774	0.00643	0.12819	0.01065
27	0.00976	0.00795	0.00869	0.00872	0.01112	0.00688	0.00668	0.01217	0.01847	0.02299	0.18491	0.07259	0.51483	0.01909	0.00928	0.00266	0.00414	0.06490	0.00744	0.00673
28	0.02775	0.02006	0.02143	0.01662	0.02232	0.02212	0.01367	0.58040	0.03414	0.04658	0.01938	0.01980	0.01395	0.00928	0.00749	0.00227	0.00797	0.00701	0.09529	0.01250
29	0.02792	0.02070	0.02224	0.01717	0.02311	0.02272	0.01406	0.58353	0.05573	0.04611	0.01907	0.02006	0.01403	0.03611	0.00887	0.00248	0.00830	0.00711	0.00752	0.04317
30	0.02896	0.01511	0.01827	0.01482	0.02028	0.01519	0.01198	0.09022	0.24680	0.40499	0.02993	0.02663	0.02025	0.00989	0.00783	0.00247	0.00660	0.00807	0.00885	0.01287

[dist]
# distance from previous block
# <min> <max>
0	2

[block]
# block no. 2 follows, 25 sequences, length 63
# corresponding to MSA columns:
# 136-198
name=unknown_C
#
# <colnr> <probs for GDERKNQSTAVLIFYWHMCP>
#	G	D	E	R	K	N	Q	S	T	A	V	L	I	F	Y	W	H	M	C	P
0	0.02086	0.05781	0.04345	0.05511	0.06966	0.02113	0.51832	0.02657	0.04276	0.02682	0.01843	0.02414	0.01457	0.00855	0.00980	0.00302	0.01289	0.00940	0.00493	0.01177
1	0.02073	0.73217	0.04063	0.01327	0.01990	0.03068	0.01327	0.02322	0.01575	0.01824	0.01078	0.01244	0.00995	0.00663	0.00498	0.00166	0.00829	0.00415	0.00332	0.00995
2	0.01128	0.00752	0.00846	0.00846	0.00846	0.00752	0.00470	0.01128	0.01128	0.01503	0.02443	0.05074	0.02819	0.72751	0.03946	0.00752	0.00752	0.01128	0.00470	0.00470
3	0.02199	0.57281	0.06779	0.01491	0.02129	0.15136	0.01431	0.02469	0.01692	0.01867	0.01115	0.01291	0.00995	0.00692	0.00546	0.00176	0.00948	0.00438	0.00344	0.00985
4	0.01347	0.00673	0.01010	0.01010	0.01010	0.00673	0.00673	0.01010	0.01010	0.01347	0.01347	0.02357	0.01347	0.02694	0.03030	0.77441	0.00673	0.00673	0.00337	0.00337
5	0.01862	0.02132	0.04415	0.03180	0.03923	0.04288	0.60640	0.02482	0.01819	0.02441	0.01536	0.02054	0.01165	0.00684	0.00966	0.00262	0.03834	0.00892	0.00391	0.01034
6	0.00954	0.00712	0.00891	0.01029	0.01132	0.00649	0.00717	0.01115	0.01566	0.02024	0.05100	0.53846	0.19659	0.02306	0.00977	0.00305	0.00450	0.05210	0.00720	0.00640
7	0.01919	0.01842	0.03147	0.04759	0.67914	0.01842	0.02380	0.02380	0.01765	0.02533	0.01458	0.01919	0.01228	0.00691	0.00768	0.00230	0.00921	0.00691	0.00384	0.01228
8	0.00945	0.00675	0.00900	0.01080	0.01125	0.00630	0.00720	0.01080	0.01484	0.01979	0.04274	0.72245	0.05128	0.02429	0.00990	0.00315	0.00450	0.02204	0.00720	0.00630
9	0.03457	0.01354	0.01821	0.01396	0.01997	0.01191	0.01153	0.06293	0.02277	0.65855	0.03010	0.02607	0.01895	0.00958	0.00780	0.00240	0.00668	0.00776	0.00952	0.01319
10	0.00941	0.00688	0.00886	0.01045	0.01115	0.00633	0.00704	0.01084	0.01518	0.01993	0.04698	0.64573	0.12526	0.02374	0.00981	0.00309	0.00443	0.02137	0.00720	0.00633
11	0.02947	0.02172	0.02327	0.01784	0.02404	0.02404	0.01474	0.65329	0.03646	0.04887	0.01862	0.01862	0.01319	0.00931	0.00776	0.00233	0.00853	0.00698	0.00776	0.01319
12	0.02947	0.02172	0.02327	0.01784	0.02404	0.02404	0.01474	0.65329	0.03646	0.04887	0.01862	0.01862	0.01319	0.00931	0.00776	0.00233	0.00853	0.00698	0.00776	0.01319
13	0.02073	0.73217	0.04063	0.01327	0.01990	0.03068	0.01327	0.02322	0.01575	0.01824	0.01078	0.01244	0.00995	0.00663	0.00498	0.00166	0.00829	0.00415	0.00332	0.00995
14	0.01972	0.01943	0.03095	0.04608	0.64339	0.05542	0.02331	0.02419	0.01789	0.02498	0.01444	0.01891	0.01216	0.00697	0.00764	0.00229	0.00947	0.00680	0.00385	0.01210
15	0.00945	0.00767	0.00843	0.00897	0.01103	0.00665	0.00664	0.01138	0.01702	0.02083	0.06767	0.22711	0.48776	0.02084	0.00944	0.00281	0.00427	0.05832	0.00720	0.00653
16	0.02983	0.02115	0.02292	0.01757	0.02376	0.02320	0.01451	0.61233	0.03551	0.09116	0.01941	0.01913	0.01359	0.00933	0.00776	0.00233	0.00840	0.00704	0.00788	0.01319
17	0.02722	0.01876	0.02063	0.01616	0.02180	0.02011	0.01318	0.46624	0.05973	0.11332	0.02179	0.05675	0.01649	0.00998	0.00767	0.00231	0.00765	0.00782	0.04138	0.05102
18	0.00945	0.00675	0.00900	0.01080	0.01125	0.00630	0.00720	0.01080	0.01484	0.01979	0.04274	0.72245	0.05128	0.02429	0.00990	0.00315	0.00450	0.02204	0.00720	0.00630
19	0.02123	0.02472	0.03001	0.02399	0.02809	0.25254	0.23077	0.02473	0.01755	0.02083	0.01321	0.01798	0.01113	0.01158	0.04842	0.00312	0.19999	0.00705	0.00382	0.00924
20	0.01839	0.01563	0.01654	0.01495	0.01912	0.01771	0.01170	0.06584	0.53912	0.03159	0.03649	0.03573	0.09580	0.01189	0.00813	0.00265	0.00605	0.03342	0.00778	0.01149
21	0.01608	0.01378	0.01608	0.01148	0.01837	0.01034	0.00919	0.01952	0.01608	0.02527	0.01378	0.01608	0.01148	0.00574	0.00574	0.00115	0.00574	0.00459	0.00459	0.77491
22	0.00945	0.00675	0.00900	0.01080	0.01125	0.00630	0.00720	0.01080	0.01484	0.01979	0.04274	0.72245	0.05128	0.02429	0.00990	0.00315	0.00450	0.02204	0.00720	0.00630
23	0.00952	0.00686	0.00902	0.01061	0.01123	0.00636	0.00715	0.01102	0.01536	0.02046	0.07882	0.65765	0.08000	0.02363	0.00982	0.00309	0.00443	0.02135	0.00727	0.00636
24	0.02925	0.02843	0.02270	0.01878	0.02401	0.32033	0.01484	0.37904	0.03007	0.03569	0.01569	0.01657	0.01178	0.00873	0.00742	0.00218	0.01093	0.00611	0.00610	0.01134
25	0.00945	0.00675	0.00900	0.01080	0.01125	0.00630	0.00720	0.01080	0.01484	0.01979	0.04274	0.72245	0.05128	0.02429	0.00990	0.00315	0.00450	0.02204	0.00720	0.00630
26	0.10239	0.05130	0.02108	0.01597	0.02145	0.05865	0.01312	0.44200	0.06330	0.04191	0.01838	0.01892	0.01352	0.00895	0.00710	0.00226	0.00801	0.00659	0.07334	0.01177
27	0.00945	0.00675	0.00900	0.01080	0.01125	0.00630	0.00720	0.01080	0.01484	0.01979	0.04274	0.72245	0.05128	0.02429	0.00990	0.00315	0.00450	0.02204	0.00720	0.00630
28	0.02176	0.64696	0.03846	0.01394	0.02040	0.06656	0.01346	0.06557	0.01747	0.02032	0.01137	0.01293	0.01017	0.00689	0.00527	0.00172	0.00862	0.00438	0.00365	0.01011
29	0.01108	0.00816	0.01044	0.01024	0.01201	0.00771	0.00763	0.01511	0.04858	0.02876	0.50534	0.15684	0.09351	0.01723	0.00926	0.00260	0.00402	0.03596	0.00820	0.00734
30	0.01700	0.01609	0.02680	0.36506	0.34391	0.01789	0.02212	0.02275	0.04934	0.02303	0.01505	0.02040	0.01192	0.00750	0.00772	0.00246	0.00960	0.00699	0.00385	0.01051
31	0.01634	0.07054	0.59986	0.05890	0.03357	0.01836	0.02700	0.02464	0.01647	0.04438	0.01427	0.01673	0.01015	0.00742	0.00729	0.00242	0.01110	0.00578	0.00348	0.01129
32	0.09055	0.08337	0.02283	0.01958	0.04651	0.53686	0.01462	0.05843	0.02132	0.02185	0.01220	0.01416	0.01008	0.00785	0.00673	0.00203	0.01249	0.00503	0.00418	0.00932
33	0.67750	0.01627	0.04611	0.01120	0.01637	0.01727	0.00972	0.02435	0.04405	0.06070	0.01273	0.01411	0.00962	0.00746	0.00519	0.00241	0.00630	0.00464	0.00506	0.00893
34	0.05722	0.01175	0.01506	0.01384	0.05031	0.01122	0.01031	0.02537	0.04654	0.29405	0.13455	0.06372	0.16816	0.01319	0.00918	0.00254	0.04417	0.01082	0.00791	0.01009
35	0.01161	0.00986	0.01625	0.01468	0.01700	0.00907	0.12460	0.01433	0.01652	0.02255	0.12327	0.46660	0.04503	0.01893	0.00944	0.00285	0.00601	0.01769	0.00665	0.04707
36	0.01623	0.01582	0.02497	0.52859	0.12712	0.04593	0.05078	0.02217	0.05162	0.02138	0.01487	0.02067	0.01136	0.00775	0.00778	0.00253	0.01025	0.00702	0.00378	0.00937
37	0.02135	0.01507	0.01760	0.01303	0.01958	0.01303	0.01054	0.12604	0.04191	0.13467	0.01784	0.01856	0.01340	0.00710	0.00647	0.00159	0.00634	0.00563	0.00602	0.50422
38	0.01074	0.00785	0.00997	0.00955	0.01133	0.00720	0.00706	0.01397	0.02076	0.02891	0.56041	0.08824	0.13093	0.04629	0.01044	0.00270	0.00388	0.01449	0.00818	0.00708
39	0.02688	0.02088	0.01986	0.01663	0.02174	0.14214	0.01319	0.19062	0.25514	0.17270	0.02457	0.02310	0.01762	0.00956	0.00767	0.00239	0.00826	0.00743	0.00751	0.01210
40	0.01096	0.00826	0.01031	0.01123	0.01313	0.00774	0.00912	0.01366	0.01757	0.02237	0.09790	0.12562	0.26444	0.05173	0.01127	0.00330	0.00561	0.30183	0.00716	0.00678
41	0.01555	0.04011	0.68733	0.02210	0.03356	0.01801	0.02865	0.02455	0.01637	0.02455	0.01391	0.01637	0.00982	0.00737	0.00737	0.00246	0.01146	0.00573	0.00327	0.01146
42	0.01214	0.00867	0.01209	0.01387	0.01550	0.00862	0.01188	0.01545	0.01750	0.02281	0.04125	0.16168	0.04540	0.02175	0.01061	0.00352	0.00683	0.55625	0.00715	0.00704
43	0.02815	0.08009	0.02326	0.01904	0.02357	0.52180	0.01473	0.12885	0.04698	0.02412	0.01365	0.01515	0.01098	0.00820	0.00701	0.00205	0.01246	0.00539	0.00468	0.00983
44	0.01582	0.01498	0.02538	0.53822	0.21488	0.01754	0.02212	0.02084	0.01606	0.02124	0.01399	0.02029	0.01084	0.00753	0.00773	0.00251	0.01005	0.00690	0.00355	0.00956
45	0.01613	0.11712	0.61537	0.02112	0.03204	0.01942	0.02694	0.02441	0.01630	0.02385	0.01357	0.01593	0.00984	0.00728	0.00710	0.00237	0.01111	0.00555	0.00328	0.01129
46	0.01555	0.04011	0.68733	0.02210	0.03356	0.01801	0.02865	0.02455	0.01637	0.02455	0.01391	0.01637	0.00982	0.00737	0.00737	0.00246	0.01146	0.00573	0.00327	0.01146
47	0.00950	0.00679	0.00905	0.01076	0.01126	0.00633	0.00720	0.01094	0.01510	0.02020	0.06571	0.69830	0.05208	0.02398	0.00987	0.00312	0.00447	0.02175	0.00725	0.00633
48	0.05060	0.02649	0.02962	0.02329	0.02873	0.26929	0.21858	0.15754	0.02281	0.02760	0.01439	0.01733	0.01118	0.00816	0.00906	0.00237	0.06109	0.00684	0.00474	0.01028
49	0.02072	0.01702	0.01834	0.01735	0.05132	0.04757	0.01309	0.08322	0.45505	0.07134	0.02983	0.03279	0.02359	0.01119	0.00811	0.00264	0.00693	0.07062	0.00755	0.01174
50	0.00945	0.00675	0.00900	0.01080	0.01125	0.00630	0.00720	0.01080	0.01484	0.01979	0.04274	0.72245	0.05128	0.02429	0.00990	0.00315	0.00450	0.02204	0.00720	0.00630
51	0.00926	0.00778	0.00804	0.00813	0.01057	0.00656	0.00604	0.01126	0.01767	0.02132	0.10260	0.11699	0.60771	0.01978	0.00921	0.00265	0.00395	0.01664	0.00726	0.00656
52	0.07863	0.02268	0.02183	0.01741	0.02310	0.10476	0.01413	0.48287	0.08754	0.04288	0.01841	0.01855	0.01339	0.00911	0.00748	0.00232	0.00882	0.00671	0.00711	0.01228
53	0.03031	0.01956	0.02183	0.01683	0.02291	0.02094	0.01387	0.48758	0.05747	0.19492	0.02188	0.02081	0.01498	0.00942	0.00777	0.00236	0.00799	0.00724	0.00819	0.01315
54	0.00971	0.00694	0.00930	0.01110	0.01167	0.00653	0.00766	0.01126	0.01511	0.02009	0.04259	0.66662	0.05070	0.02404	0.00997	0.00319	0.00473	0.07523	0.00719	0.00637
55	0.01611	0.11503	0.61732	0.02114	0.03208	0.01938	0.02698	0.02441	0.01630	0.02387	0.01358	0.01594	0.00984	0.00729	0.00711	0.00237	0.01112	0.00556	0.00328	0.01130
56	0.06750	0.01394	0.01811	0.01395	0.01991	0.01265	0.01152	0.08500	0.02290	0.60627	0.02878	0.02517	0.01825	0.00947	0.00766	0.00239	0.00672	0.00757	0.00924	0.01298
57	0.03479	0.01320	0.01799	0.01380	0.01979	0.01140	0.01140	0.03779	0.02219	0.68451	0.03059	0.02639	0.01919	0.00960	0.00780	0.00240	0.00660	0.00780	0.00960	0.01320
58	0.02896	0.03695	0.02197	0.01998	0.02397	0.69638	0.01498	0.03096	0.02197	0.01898	0.01199	0.01398	0.00999	0.00799	0.00699	0.00200	0.01398	0.00499	0.00400	0.00899
59	0.01919	0.01842	0.03147	0.04759	0.67914	0.01842	0.02380	0.02380	0.01765	0.02533	0.01458	0.01919	0.01228	0.00691	0.00768	0.00230	0.00921	0.00691	0.00384	0.01228
60	0.01208	0.00817	0.01072	0.00994	0.01197	0.00751	0.00751	0.01571	0.02196	0.06149	0.64507	0.05645	0.07065	0.01556	0.00908	0.00244	0.00379	0.01373	0.00858	0.00759
61	0.01136	0.03984	0.01168	0.01017	0.01218	0.00838	0.00785	0.01480	0.02094	0.02913	0.55403	0.08623	0.09224	0.01631	0.00909	0.00251	0.00413	0.05367	0.00810	0.00735
62	0.01076	0.00866	0.01097	0.01211	0.01302	0.03727	0.02924	0.01242	0.01543	0.02010	0.04039	0.63579	0.04781	0.02284	0.00978	0.00310	0.00534	0.05143	0.00694	0.00660

[dist]
# distance from previous block
# <min> <max>
0	21

# created by:
# /st0/software/busco_prod/Augustus/scripts/msa2prfl.pl ./align_prep/125009.fa
