[name]
unknown

[dist]
# distance from previous block
# <min> <max>
0	41

[block]
# block no. 0 follows, 25 sequences, length 20
# corresponding to MSA columns:
# 45-64
name=unknown_A
#
# <colnr> <probs for GDERKNQSTAVLIFYWHMCP>
#	G	D	E	R	K	N	Q	S	T	A	V	L	I	F	Y	W	H	M	C	P
0	0.02712	0.01929	0.02132	0.01708	0.02258	0.02103	0.01421	0.52209	0.03282	0.07822	0.02273	0.02971	0.01838	0.01120	0.00822	0.00252	0.00821	0.10327	0.00776	0.01225
1	0.01327	0.00897	0.01117	0.01181	0.01350	0.00885	0.00846	0.01805	0.11666	0.07983	0.04154	0.50360	0.07283	0.02057	0.00939	0.00299	0.00500	0.03814	0.00751	0.00786
2	0.01160	0.00859	0.01056	0.01134	0.01270	0.00865	0.00807	0.01662	0.11685	0.02372	0.12592	0.44438	0.04755	0.04127	0.01020	0.00306	0.00480	0.04407	0.04265	0.00740
3	0.01157	0.00804	0.01113	0.01113	0.01236	0.00902	0.00834	0.01403	0.01280	0.01903	0.02195	0.03338	0.02081	0.15484	0.50084	0.01024	0.01638	0.00862	0.10889	0.00662
4	0.01640	0.01678	0.07007	0.05707	0.32784	0.01508	0.10751	0.01999	0.01641	0.02256	0.02323	0.02755	0.10279	0.01176	0.01158	0.12227	0.00884	0.00841	0.00418	0.00967
5	0.01805	0.40237	0.14697	0.01979	0.12342	0.02325	0.01674	0.02184	0.01603	0.02065	0.01628	0.11112	0.01593	0.00921	0.00648	0.00210	0.00847	0.00729	0.00392	0.01007
6	0.02059	0.01594	0.01972	0.02068	0.14797	0.01680	0.01371	0.19856	0.16265	0.07119	0.11817	0.03353	0.10396	0.01126	0.00813	0.00244	0.00682	0.00949	0.00716	0.01121
7	0.01445	0.00723	0.00723	0.00723	0.00903	0.00723	0.00542	0.01807	0.01626	0.02891	0.02529	0.02891	0.01987	0.00903	0.00542	0.00181	0.00361	0.00723	0.77055	0.00723
8	0.01624	0.01393	0.01615	0.01171	0.01847	0.01080	0.00935	0.02064	0.04948	0.02563	0.01470	0.01674	0.01211	0.00599	0.00585	0.00122	0.00576	0.00481	0.00476	0.73565
9	0.01597	0.03123	0.46903	0.02422	0.13024	0.01624	0.02435	0.02303	0.01657	0.04755	0.01855	0.11358	0.01620	0.00969	0.00778	0.00252	0.00999	0.00821	0.00412	0.01094
10	0.01278	0.01147	0.04195	0.01547	0.01821	0.01016	0.15861	0.01579	0.01544	0.02192	0.03012	0.33257	0.03246	0.11316	0.01297	0.00339	0.00704	0.01465	0.12444	0.00739
11	0.02602	0.01842	0.02420	0.01843	0.02426	0.01916	0.11199	0.37555	0.02950	0.13873	0.10961	0.02551	0.02206	0.00981	0.00817	0.00240	0.00828	0.00840	0.00755	0.01196
12	0.01534	0.01333	0.02018	0.50547	0.04218	0.01618	0.01790	0.02289	0.11645	0.02301	0.01811	0.02308	0.01371	0.00836	0.00745	0.00248	0.00877	0.00723	0.10889	0.00899
13	0.01176	0.00876	0.01013	0.00940	0.01084	0.00838	0.00620	0.01277	0.01302	0.01766	0.03071	0.04734	0.12534	0.45270	0.07415	0.00610	0.02851	0.01082	0.00500	0.11042
14	0.00962	0.00691	0.00901	0.01052	0.01108	0.00651	0.00702	0.01095	0.01465	0.01944	0.04253	0.61558	0.08128	0.07854	0.03381	0.00375	0.00521	0.02049	0.00691	0.00621
15	0.01143	0.00868	0.01256	0.12051	0.01965	0.00901	0.01147	0.01423	0.01611	0.02111	0.03759	0.36809	0.04235	0.02061	0.00988	0.00322	0.00643	0.25349	0.00659	0.00698
16	0.03453	0.04306	0.05444	0.04539	0.04575	0.01649	0.30657	0.04929	0.01741	0.02357	0.02608	0.03232	0.11686	0.10755	0.01353	0.00325	0.04040	0.00980	0.00465	0.00906
17	0.10411	0.01909	0.12512	0.10215	0.09106	0.01740	0.06963	0.08097	0.03089	0.02575	0.01642	0.06591	0.01439	0.02613	0.01221	0.05621	0.10503	0.00772	0.02039	0.00942
18	0.01742	0.01572	0.02161	0.01702	0.02106	0.01680	0.07492	0.07724	0.01666	0.02494	0.01507	0.05455	0.01358	0.00992	0.01325	0.00230	0.25007	0.00701	0.02983	0.30102
19	0.01676	0.01569	0.05885	0.01704	0.02125	0.03885	0.15358	0.11697	0.02012	0.02791	0.10115	0.09751	0.04602	0.07117	0.04056	0.00330	0.00857	0.02556	0.11027	0.00887

[dist]
# distance from previous block
# <min> <max>
2	24

[block]
# block no. 1 follows, 25 sequences, length 40
# corresponding to MSA columns:
# 92-131
name=unknown_B
#
# <colnr> <probs for GDERKNQSTAVLIFYWHMCP>
#	G	D	E	R	K	N	Q	S	T	A	V	L	I	F	Y	W	H	M	C	P
0	0.08953	0.07612	0.02050	0.01567	0.04517	0.01796	0.01231	0.24353	0.05431	0.13804	0.02103	0.07517	0.01694	0.01137	0.03130	0.00258	0.00766	0.00766	0.00672	0.10646
1	0.14471	0.01717	0.01923	0.03306	0.05190	0.01847	0.01282	0.27830	0.05627	0.06904	0.05011	0.02058	0.01597	0.01063	0.03196	0.00261	0.03852	0.00672	0.00638	0.11555
2	0.08411	0.01231	0.01537	0.03482	0.04493	0.01196	0.01079	0.09543	0.01990	0.19331	0.06787	0.22030	0.02975	0.01387	0.00816	0.00255	0.00618	0.04194	0.00726	0.07920
3	0.01106	0.00811	0.01056	0.01204	0.03898	0.00779	0.00783	0.03666	0.01647	0.02221	0.13074	0.46322	0.07074	0.10986	0.01330	0.00351	0.00509	0.01813	0.00696	0.00676
4	0.04336	0.05065	0.02418	0.07517	0.02544	0.01500	0.17208	0.04678	0.03268	0.02514	0.01788	0.06512	0.01564	0.04219	0.00920	0.00234	0.02750	0.00781	0.07189	0.22992
5	0.02304	0.09496	0.11286	0.03747	0.05721	0.18075	0.04750	0.14974	0.02257	0.07575	0.07144	0.05537	0.01874	0.00947	0.00754	0.00227	0.00977	0.00755	0.00549	0.01051
6	0.02024	0.02016	0.13301	0.07422	0.02448	0.05007	0.01555	0.08856	0.22837	0.10306	0.02499	0.03078	0.02014	0.06716	0.01046	0.00298	0.00826	0.06031	0.00640	0.01082
7	0.01800	0.01615	0.07710	0.01555	0.04406	0.01442	0.01268	0.23202	0.02375	0.03246	0.11601	0.18843	0.06374	0.01409	0.00844	0.00252	0.00675	0.03888	0.00688	0.06808
8	0.01124	0.00786	0.00989	0.01004	0.01183	0.00713	0.00742	0.01387	0.01890	0.05241	0.31550	0.24262	0.19185	0.01899	0.00938	0.00273	0.00425	0.04913	0.00786	0.00711
9	0.01445	0.00723	0.00723	0.00723	0.00903	0.00723	0.00542	0.01807	0.01626	0.02891	0.02529	0.02891	0.01987	0.00903	0.00542	0.00181	0.00361	0.00723	0.77055	0.00723
10	0.01762	0.01546	0.02066	0.01611	0.05423	0.01291	0.07950	0.07447	0.01814	0.02724	0.01444	0.01697	0.01170	0.00619	0.00638	0.00146	0.00694	0.00540	0.00475	0.58942
11	0.01240	0.00980	0.01196	0.01154	0.01218	0.03402	0.00813	0.01366	0.01214	0.01662	0.02120	0.03861	0.02250	0.38568	0.27590	0.00870	0.08505	0.00952	0.00434	0.00605
12	0.01445	0.00723	0.00723	0.00723	0.00903	0.00723	0.00542	0.01807	0.01626	0.02891	0.02529	0.02891	0.01987	0.00903	0.00542	0.00181	0.00361	0.00723	0.77055	0.00723
13	0.03971	0.00869	0.01073	0.01046	0.01160	0.00944	0.00735	0.04085	0.01329	0.01946	0.02227	0.03807	0.02261	0.34326	0.30191	0.00869	0.01260	0.00932	0.06338	0.00629
14	0.01803	0.02277	0.10787	0.03166	0.03985	0.01945	0.59073	0.02481	0.01811	0.02481	0.01551	0.02047	0.01158	0.00662	0.00898	0.00260	0.01292	0.00882	0.00386	0.01055
15	0.01325	0.00673	0.01004	0.01014	0.01016	0.00671	0.00676	0.01014	0.01035	0.01381	0.01503	0.06083	0.01548	0.02680	0.02921	0.73329	0.00661	0.00755	0.00357	0.00352
16	0.01226	0.01066	0.01733	0.33124	0.03197	0.01195	0.04546	0.01561	0.01532	0.02005	0.02816	0.36683	0.03060	0.01585	0.00888	0.00286	0.00759	0.01448	0.00532	0.00756
17	0.01619	0.01715	0.05559	0.15522	0.17325	0.01682	0.22710	0.02105	0.01672	0.02290	0.01947	0.11885	0.01821	0.01031	0.00959	0.00269	0.04954	0.03526	0.00434	0.00973
18	0.01546	0.01312	0.01541	0.01142	0.01771	0.00996	0.00900	0.01870	0.01596	0.02475	0.01650	0.08233	0.01522	0.00748	0.00613	0.00134	0.00563	0.00623	0.00484	0.70281
19	0.23864	0.47297	0.03082	0.01292	0.01882	0.07917	0.01201	0.02370	0.01551	0.02302	0.01088	0.01260	0.00951	0.00690	0.00508	0.00190	0.00808	0.00423	0.00379	0.00943
20	0.02647	0.07047	0.09483	0.01989	0.02461	0.55448	0.01648	0.02923	0.02052	0.01953	0.01204	0.01432	0.00998	0.00815	0.00792	0.00210	0.05072	0.00513	0.00385	0.00928
21	0.01571	0.01521	0.02229	0.01911	0.01986	0.02026	0.04902	0.01795	0.01282	0.01949	0.04507	0.02155	0.01498	0.02111	0.14128	0.00489	0.51980	0.00753	0.00381	0.00826
22	0.01538	0.01479	0.02341	0.49081	0.04294	0.01929	0.02009	0.01945	0.01435	0.01945	0.01264	0.01950	0.01029	0.00959	0.01336	0.00284	0.23298	0.00686	0.00343	0.00857
23	0.01135	0.00842	0.01069	0.01038	0.01240	0.00796	0.00802	0.01563	0.04907	0.02921	0.51226	0.06186	0.12574	0.01666	0.00928	0.00260	0.00422	0.08860	0.00821	0.00744
24	0.01464	0.01378	0.02326	0.70887	0.05340	0.01723	0.02153	0.01981	0.01550	0.01981	0.01378	0.02067	0.01034	0.00775	0.00775	0.00258	0.01034	0.00689	0.00345	0.00861
25	0.00979	0.00696	0.00912	0.01047	0.01105	0.00652	0.00700	0.01131	0.01542	0.02078	0.11851	0.58511	0.05203	0.08199	0.01227	0.00343	0.00465	0.02016	0.00715	0.00629
26	0.01497	0.01367	0.02287	0.60207	0.10244	0.01657	0.02059	0.01971	0.01551	0.02036	0.01425	0.02095	0.01096	0.00846	0.00852	0.03185	0.00987	0.00690	0.03083	0.00867
27	0.01701	0.01375	0.01617	0.01160	0.01845	0.01039	0.00930	0.02044	0.01638	0.05817	0.01462	0.01659	0.01187	0.00593	0.00584	0.00121	0.00578	0.00475	0.00484	0.73688
28	0.01919	0.01842	0.03147	0.04759	0.67914	0.01842	0.02380	0.02380	0.01765	0.02533	0.01458	0.01919	0.01228	0.00691	0.00768	0.00230	0.00921	0.00691	0.00384	0.01228
29	0.01576	0.01557	0.02809	0.47274	0.06829	0.01723	0.16519	0.02107	0.01627	0.02161	0.01425	0.02029	0.01083	0.00728	0.00790	0.00246	0.01054	0.00722	0.00366	0.07375
30	0.01538	0.01417	0.02366	0.49813	0.18724	0.01651	0.02062	0.02017	0.01598	0.02142	0.01589	0.05536	0.01320	0.00844	0.00774	0.00252	0.00951	0.00766	0.03716	0.00925
31	0.01970	0.01437	0.01693	0.01232	0.01904	0.01162	0.00995	0.07490	0.01860	0.11541	0.01643	0.01767	0.01266	0.00656	0.00619	0.00141	0.00609	0.00522	0.00553	0.60941
32	0.02848	0.02252	0.02262	0.01782	0.02367	0.07975	0.01453	0.54390	0.09421	0.04483	0.01928	0.01920	0.01390	0.00931	0.00771	0.00233	0.00876	0.00698	0.00745	0.01275
33	0.02761	0.01168	0.01605	0.04282	0.01909	0.01044	0.01077	0.03048	0.02065	0.48782	0.08770	0.14568	0.02887	0.01252	0.00826	0.00254	0.00615	0.01069	0.00884	0.01133
34	0.03809	0.01443	0.02467	0.49242	0.04491	0.01676	0.11283	0.02126	0.04488	0.02251	0.04782	0.02302	0.01458	0.00813	0.00785	0.00254	0.00981	0.00759	0.03697	0.00892
35	0.01058	0.00790	0.00987	0.00975	0.01165	0.00719	0.00738	0.01369	0.02019	0.02745	0.45040	0.11147	0.20224	0.01771	0.00932	0.00261	0.00404	0.06143	0.00804	0.00706
36	0.05041	0.01909	0.03910	0.17292	0.06444	0.01898	0.47047	0.02367	0.01748	0.02424	0.01504	0.02045	0.01134	0.00683	0.00862	0.00259	0.01206	0.00839	0.00386	0.01005
37	0.05646	0.01752	0.02549	0.31867	0.12036	0.01975	0.06810	0.22332	0.02258	0.03089	0.01544	0.01947	0.01151	0.00802	0.00771	0.00246	0.00963	0.00697	0.00497	0.01067
38	0.01003	0.00752	0.00930	0.00964	0.01120	0.00679	0.00693	0.01250	0.01855	0.02487	0.31980	0.28299	0.21237	0.01958	0.00940	0.00272	0.00400	0.01726	0.00777	0.00679
39	0.00942	0.00684	0.00890	0.01055	0.01118	0.00632	0.00709	0.01082	0.01508	0.01989	0.04573	0.66834	0.10346	0.02390	0.00984	0.00310	0.00445	0.02157	0.00720	0.00632

[dist]
# distance from previous block
# <min> <max>
0	1

[block]
# block no. 2 follows, 25 sequences, length 50
# corresponding to MSA columns:
# 133-182
name=unknown_C
#
# <colnr> <probs for GDERKNQSTAVLIFYWHMCP>
#	G	D	E	R	K	N	Q	S	T	A	V	L	I	F	Y	W	H	M	C	P
0	0.01466	0.01359	0.02275	0.62801	0.07577	0.01663	0.02092	0.01968	0.01577	0.02030	0.01594	0.02582	0.01309	0.00878	0.00798	0.00265	0.01004	0.05524	0.00375	0.00865
1	0.01693	0.02805	0.32980	0.10681	0.24114	0.01824	0.10086	0.02383	0.01691	0.02431	0.01432	0.01828	0.01089	0.00716	0.00772	0.00244	0.01082	0.00664	0.00355	0.01129
2	0.06991	0.01470	0.01981	0.01513	0.02119	0.01361	0.04690	0.10786	0.02319	0.54241	0.02741	0.02451	0.01756	0.00928	0.00772	0.00240	0.00715	0.00760	0.00883	0.01281
3	0.02234	0.01607	0.04724	0.29455	0.12602	0.01650	0.04016	0.06587	0.01905	0.21664	0.01902	0.02171	0.01339	0.00846	0.00852	0.00250	0.03827	0.00720	0.00557	0.01091
4	0.54268	0.01574	0.01691	0.09564	0.02231	0.01830	0.06096	0.04844	0.01473	0.03160	0.01181	0.01478	0.00922	0.00778	0.00718	0.00251	0.06081	0.00521	0.00459	0.00879
5	0.01805	0.01738	0.02997	0.20793	0.50493	0.01817	0.04485	0.02286	0.01715	0.02397	0.01443	0.01961	0.01179	0.00710	0.00775	0.00238	0.00962	0.00698	0.00375	0.01133
6	0.01778	0.01494	0.02327	0.41417	0.07323	0.01770	0.04395	0.05756	0.06743	0.06896	0.01637	0.02130	0.01242	0.00942	0.01041	0.03404	0.07587	0.00718	0.00449	0.00950
7	0.00945	0.00675	0.00900	0.01080	0.01125	0.00630	0.00720	0.01080	0.01484	0.01979	0.04274	0.72245	0.05128	0.02429	0.00990	0.00315	0.00450	0.02204	0.00720	0.00630
8	0.08547	0.02264	0.02202	0.05257	0.02472	0.11119	0.01456	0.47255	0.05137	0.04189	0.01731	0.01798	0.01259	0.00893	0.00744	0.00231	0.00907	0.00656	0.00682	0.01201
9	0.01485	0.00880	0.01152	0.01188	0.01367	0.00831	0.00867	0.05103	0.01768	0.12752	0.06235	0.50246	0.04440	0.02062	0.00948	0.00299	0.00522	0.06302	0.00765	0.00787
10	0.04410	0.01854	0.17607	0.01836	0.07262	0.01304	0.05063	0.02291	0.05056	0.11257	0.18598	0.06389	0.03376	0.01228	0.00845	0.00262	0.00753	0.08985	0.00641	0.00985
11	0.01780	0.02440	0.16237	0.03076	0.03926	0.01932	0.53786	0.02479	0.01795	0.02479	0.01536	0.02009	0.01141	0.00669	0.00883	0.00259	0.01278	0.00853	0.00380	0.01064
12	0.01703	0.01500	0.02240	0.13910	0.27220	0.01599	0.01792	0.05533	0.11278	0.02598	0.02623	0.03824	0.05708	0.01145	0.00844	0.00268	0.00818	0.13818	0.00544	0.01034
13	0.02098	0.15023	0.02842	0.15114	0.27736	0.10395	0.01856	0.02479	0.01805	0.08291	0.04143	0.01978	0.01430	0.00775	0.00718	0.00221	0.00938	0.00653	0.00441	0.01067
14	0.01107	0.00756	0.00960	0.01017	0.01163	0.00685	0.00721	0.01318	0.01749	0.05658	0.20646	0.40762	0.16443	0.02062	0.00947	0.00284	0.00430	0.01832	0.00765	0.00695
15	0.00945	0.00675	0.00900	0.01080	0.01125	0.00630	0.00720	0.01080	0.01484	0.01979	0.04274	0.72245	0.05128	0.02429	0.00990	0.00315	0.00450	0.02204	0.00720	0.00630
16	0.01549	0.01565	0.02945	0.22201	0.03607	0.01668	0.27461	0.02012	0.01617	0.02185	0.02047	0.09519	0.04306	0.03620	0.01144	0.00289	0.07975	0.00989	0.02415	0.00885
17	0.01571	0.01489	0.02509	0.54431	0.19130	0.01766	0.02192	0.02066	0.01589	0.02100	0.01387	0.02025	0.01076	0.00772	0.00820	0.00254	0.02839	0.00689	0.00353	0.00942
18	0.01127	0.00755	0.00862	0.00862	0.00867	0.00760	0.00490	0.01138	0.01132	0.01515	0.02428	0.04993	0.02784	0.70077	0.06572	0.00771	0.00805	0.01116	0.00468	0.00479
19	0.01635	0.01732	0.05323	0.24506	0.11877	0.01766	0.24670	0.02133	0.01626	0.02210	0.01557	0.04482	0.01290	0.01055	0.03390	0.03037	0.05560	0.00823	0.00381	0.00949
20	0.14127	0.01844	0.02597	0.16426	0.40362	0.07089	0.02022	0.02344	0.01687	0.02531	0.01362	0.01801	0.01111	0.00720	0.00718	0.00235	0.00928	0.00632	0.00393	0.01071
21	0.03056	0.04174	0.02246	0.01666	0.02283	0.02102	0.01384	0.47647	0.03217	0.21018	0.02143	0.02041	0.01462	0.00930	0.00768	0.00232	0.00803	0.00710	0.00809	0.01309
22	0.02645	0.01971	0.02164	0.06045	0.02451	0.02183	0.01425	0.50911	0.08235	0.04388	0.01960	0.02011	0.01419	0.00919	0.00757	0.00230	0.00808	0.00706	0.05442	0.03330
23	0.02960	0.02380	0.02285	0.01802	0.02386	0.13022	0.01464	0.53007	0.03359	0.06940	0.01804	0.01819	0.01292	0.00911	0.00764	0.00228	0.00932	0.00670	0.00723	0.01252
24	0.01699	0.01000	0.01260	0.01155	0.01450	0.00957	0.00907	0.02235	0.09301	0.16423	0.30683	0.08324	0.08294	0.01481	0.00874	0.00258	0.00496	0.07594	0.04710	0.00897
25	0.01002	0.00716	0.00964	0.01134	0.01207	0.00678	0.00810	0.01184	0.01564	0.02083	0.06819	0.58835	0.05105	0.02346	0.01000	0.00319	0.00491	0.12369	0.00724	0.00648
26	0.01218	0.00871	0.01212	0.01379	0.01547	0.00864	0.01183	0.01558	0.01781	0.02332	0.07160	0.13555	0.04651	0.02138	0.01057	0.00348	0.00677	0.55038	0.00721	0.00708
27	0.03219	0.01295	0.01738	0.01358	0.01917	0.01146	0.01112	0.03615	0.05302	0.60228	0.08088	0.02897	0.02362	0.01013	0.00791	0.00241	0.00635	0.00833	0.00943	0.01269
28	0.01929	0.01666	0.01753	0.01578	0.02016	0.01929	0.01227	0.04120	0.66513	0.03243	0.03156	0.02893	0.02367	0.01052	0.00789	0.00263	0.00614	0.00877	0.00789	0.01227
29	0.01445	0.00723	0.00723	0.00723	0.00903	0.00723	0.00542	0.01807	0.01626	0.02891	0.02529	0.02891	0.01987	0.00903	0.00542	0.00181	0.00361	0.00723	0.77055	0.00723
30	0.01609	0.01573	0.02206	0.01921	0.01935	0.02169	0.01586	0.01785	0.01208	0.01867	0.01280	0.05692	0.01316	0.01764	0.07693	0.00409	0.62024	0.00775	0.00366	0.00824
31	0.02387	0.01696	0.01772	0.01533	0.02002	0.06948	0.01205	0.03843	0.41677	0.20642	0.05537	0.02823	0.02337	0.01029	0.00784	0.00251	0.00677	0.00842	0.00807	0.01207
32	0.01445	0.00723	0.00723	0.00723	0.00903	0.00723	0.00542	0.01807	0.01626	0.02891	0.02529	0.02891	0.01987	0.00903	0.00542	0.00181	0.00361	0.00723	0.77055	0.00723
33	0.02777	0.03189	0.02178	0.01915	0.02321	0.50875	0.01472	0.14091	0.02372	0.02466	0.01354	0.01554	0.01093	0.00862	0.00824	0.00214	0.05675	0.00554	0.03251	0.00964
34	0.02001	0.02062	0.02870	0.13088	0.40666	0.12155	0.05819	0.02570	0.06653	0.02411	0.01541	0.01943	0.01249	0.00744	0.00769	0.00234	0.01009	0.00689	0.00412	0.01117
35	0.01865	0.01608	0.01790	0.01747	0.06121	0.01830	0.01280	0.03796	0.57085	0.03156	0.05830	0.03190	0.02590	0.01096	0.00804	0.00264	0.00626	0.03372	0.00763	0.01186
36	0.02774	0.02039	0.02196	0.01711	0.02277	0.02249	0.01395	0.59515	0.03435	0.04604	0.02004	0.05446	0.01568	0.03984	0.00918	0.00258	0.00829	0.00790	0.00760	0.01250
37	0.01477	0.01389	0.02312	0.58771	0.11998	0.01663	0.02072	0.01966	0.01589	0.02050	0.01828	0.02418	0.05586	0.00847	0.00784	0.00256	0.00977	0.00754	0.00374	0.00888
38	0.01746	0.01797	0.03005	0.02523	0.06762	0.02161	0.20196	0.02181	0.04730	0.02157	0.01342	0.01922	0.01170	0.01210	0.03613	0.00329	0.41067	0.00762	0.00382	0.00945
39	0.12589	0.01597	0.02234	0.09154	0.24025	0.04770	0.06041	0.02234	0.01742	0.05849	0.06881	0.02486	0.05327	0.00858	0.00727	0.00226	0.00796	0.00752	0.04377	0.07335
40	0.78228	0.01499	0.01140	0.01020	0.01499	0.01739	0.00840	0.02279	0.01320	0.03479	0.01080	0.01260	0.00840	0.00720	0.00480	0.00240	0.00600	0.00420	0.00480	0.00840
41	0.01534	0.00961	0.01264	0.01216	0.01493	0.00899	0.00994	0.01942	0.04155	0.11977	0.28244	0.06148	0.07199	0.01639	0.00930	0.00278	0.00551	0.23064	0.00792	0.04720
42	0.05333	0.06088	0.02164	0.01863	0.02270	0.55049	0.01418	0.07762	0.02210	0.02187	0.01435	0.05893	0.01279	0.00904	0.00708	0.00210	0.01246	0.00616	0.00449	0.00916
43	0.01464	0.01378	0.02326	0.70887	0.05340	0.01723	0.02153	0.01981	0.01550	0.01981	0.01378	0.02067	0.01034	0.00775	0.00775	0.00258	0.01034	0.00689	0.00345	0.00861
44	0.02058	0.40445	0.24383	0.01685	0.02470	0.09978	0.01828	0.02511	0.01691	0.04798	0.01273	0.01444	0.01030	0.00714	0.00608	0.00198	0.00986	0.00490	0.00364	0.01046
45	0.01105	0.00747	0.00848	0.00863	0.00876	0.00738	0.00495	0.01123	0.01180	0.01564	0.02787	0.10722	0.05310	0.64413	0.03594	0.00698	0.00714	0.01235	0.00499	0.00490
46	0.01006	0.00766	0.00938	0.01053	0.01193	0.00710	0.00768	0.01248	0.03447	0.02097	0.05295	0.42093	0.23732	0.02211	0.00973	0.00303	0.00474	0.10308	0.00721	0.00666
47	0.06936	0.01556	0.01855	0.04882	0.02177	0.01609	0.01253	0.18112	0.13321	0.30436	0.05383	0.02737	0.02067	0.01013	0.00779	0.00247	0.00702	0.02907	0.00818	0.01209
48	0.13987	0.01865	0.01843	0.01550	0.02059	0.06517	0.01239	0.19378	0.28217	0.11722	0.02366	0.02249	0.01719	0.00942	0.00732	0.00245	0.00732	0.00724	0.00734	0.01181
49	0.01007	0.00709	0.00892	0.01002	0.01045	0.00682	0.00647	0.01108	0.01375	0.01829	0.03758	0.45994	0.06766	0.24384	0.04701	0.00486	0.00608	0.01791	0.00630	0.00584

[dist]
# distance from previous block
# <min> <max>
1	5

[block]
# block no. 3 follows, 25 sequences, length 7
# corresponding to MSA columns:
# 188-194
name=unknown_D
#
# <colnr> <probs for GDERKNQSTAVLIFYWHMCP>
#	G	D	E	R	K	N	Q	S	T	A	V	L	I	F	Y	W	H	M	C	P
0	0.01797	0.01551	0.01627	0.01475	0.01890	0.01762	0.01144	0.03728	0.58073	0.03094	0.03768	0.03488	0.10870	0.01171	0.00806	0.00263	0.00585	0.00976	0.00780	0.01153
1	0.01608	0.01378	0.01608	0.01148	0.01837	0.01034	0.00919	0.01952	0.01608	0.02527	0.01378	0.01608	0.01148	0.00574	0.00574	0.00115	0.00574	0.00459	0.00459	0.77491
2	0.36793	0.01473	0.05526	0.17290	0.02462	0.01508	0.01269	0.02096	0.01527	0.05905	0.06126	0.02543	0.05647	0.01002	0.00745	0.02928	0.00715	0.03094	0.00505	0.00845
3	0.17334	0.02147	0.02091	0.01652	0.02231	0.06865	0.01354	0.49031	0.03102	0.04414	0.01667	0.01715	0.01205	0.00881	0.00714	0.00232	0.00842	0.00631	0.00693	0.01198
4	0.06238	0.01440	0.01752	0.01430	0.01949	0.01426	0.01168	0.11520	0.13233	0.38177	0.06553	0.03094	0.02340	0.01073	0.00794	0.00251	0.00661	0.04830	0.00863	0.01209
5	0.50695	0.01713	0.01423	0.01238	0.01714	0.06000	0.01000	0.11236	0.09421	0.03521	0.01506	0.01618	0.01148	0.00801	0.00574	0.00237	0.00675	0.00531	0.03999	0.00950
6	0.01865	0.01787	0.03050	0.12582	0.60512	0.01828	0.02353	0.02332	0.01740	0.02468	0.01449	0.01937	0.01205	0.00701	0.00769	0.00234	0.00934	0.00691	0.00379	0.01185

[dist]
# distance from previous block
# <min> <max>
0	1

[block]
# block no. 4 follows, 25 sequences, length 10
# corresponding to MSA columns:
# 196-205
name=unknown_E
#
# <colnr> <probs for GDERKNQSTAVLIFYWHMCP>
#	G	D	E	R	K	N	Q	S	T	A	V	L	I	F	Y	W	H	M	C	P
0	0.01773	0.01828	0.02148	0.09181	0.02416	0.14545	0.06805	0.02065	0.01547	0.02038	0.01531	0.04672	0.01388	0.01751	0.11528	0.00406	0.22475	0.00733	0.04780	0.06390
1	0.01932	0.01757	0.02804	0.22950	0.41341	0.01886	0.02192	0.10891	0.01963	0.02700	0.01491	0.01953	0.01186	0.00747	0.00771	0.00239	0.00943	0.00691	0.00426	0.01137
2	0.02123	0.01850	0.01857	0.01630	0.02091	0.05817	0.01276	0.12447	0.54269	0.03393	0.02868	0.02667	0.02146	0.01021	0.00782	0.00255	0.00691	0.00831	0.00765	0.01221
3	0.01832	0.01336	0.01600	0.01177	0.01823	0.01029	0.00939	0.02160	0.01686	0.11531	0.01748	0.05156	0.01446	0.00716	0.00622	0.00142	0.00580	0.00587	0.00540	0.63349
4	0.08481	0.02025	0.03762	0.02726	0.03451	0.01980	0.45728	0.13454	0.02095	0.02991	0.01570	0.01960	0.01172	0.00704	0.00839	0.00248	0.01136	0.00815	0.00470	0.04394
5	0.02556	0.01894	0.02048	0.01640	0.02151	0.02085	0.01318	0.50442	0.07685	0.04266	0.02249	0.09817	0.01892	0.05079	0.00976	0.00273	0.00787	0.00899	0.00754	0.01190
6	0.05595	0.01512	0.01722	0.05097	0.02091	0.01655	0.01203	0.07249	0.36949	0.16007	0.09783	0.02976	0.02610	0.01055	0.00785	0.00253	0.00632	0.00873	0.00791	0.01161
7	0.05184	0.02253	0.02049	0.01657	0.02190	0.17928	0.01323	0.25515	0.06189	0.05198	0.01632	0.01747	0.01249	0.00844	0.00801	0.00207	0.04794	0.00600	0.00588	0.18051
8	0.05614	0.01498	0.02543	0.41943	0.18588	0.01696	0.07357	0.02059	0.01572	0.02180	0.01394	0.02014	0.01101	0.00878	0.00928	0.05673	0.00984	0.00693	0.00364	0.00920
9	0.08268	0.01596	0.01745	0.01397	0.01915	0.01649	0.01133	0.28615	0.06329	0.14195	0.06753	0.03106	0.12416	0.01104	0.00771	0.00233	0.00667	0.00874	0.00757	0.06476

[dist]
# distance from previous block
# <min> <max>
7	19

[block]
# block no. 5 follows, 25 sequences, length 8
# corresponding to MSA columns:
# 225-232
name=unknown_F
#
# <colnr> <probs for GDERKNQSTAVLIFYWHMCP>
#	G	D	E	R	K	N	Q	S	T	A	V	L	I	F	Y	W	H	M	C	P
0	0.07662	0.01807	0.02465	0.26427	0.08744	0.07156	0.06302	0.08183	0.01730	0.02418	0.01319	0.01833	0.01066	0.00917	0.01196	0.00268	0.18488	0.00669	0.00405	0.00946
1	0.01929	0.01666	0.01753	0.01578	0.02016	0.01929	0.01227	0.04120	0.66513	0.03243	0.03156	0.02893	0.02367	0.01052	0.00789	0.00263	0.00614	0.00877	0.00789	0.01227
2	0.01719	0.01444	0.01667	0.01201	0.01884	0.01147	0.00965	0.07197	0.01776	0.02722	0.01418	0.01629	0.01163	0.00604	0.00591	0.00125	0.00597	0.00479	0.00486	0.71187
3	0.06750	0.01727	0.08010	0.47136	0.04323	0.01858	0.02016	0.08935	0.01741	0.02429	0.01383	0.01924	0.01046	0.00833	0.00897	0.00260	0.06739	0.00661	0.00399	0.00933
4	0.07472	0.01846	0.02106	0.11884	0.02656	0.02053	0.01448	0.39632	0.07556	0.09629	0.01960	0.02119	0.01432	0.03648	0.00879	0.00260	0.00825	0.00715	0.00698	0.01181
5	0.02359	0.01758	0.01989	0.07611	0.02394	0.01956	0.01364	0.29733	0.24178	0.08355	0.07924	0.02612	0.02195	0.01015	0.00792	0.00246	0.00734	0.00822	0.00762	0.01199
6	0.01945	0.01607	0.01700	0.01365	0.01900	0.03990	0.01094	0.19916	0.10948	0.03182	0.02933	0.03089	0.12630	0.01037	0.00740	0.00204	0.00663	0.03068	0.00643	0.27345
7	0.02663	0.01987	0.05543	0.09249	0.02660	0.02051	0.01537	0.38276	0.11161	0.13651	0.02128	0.02120	0.01494	0.00924	0.00776	0.00241	0.00828	0.00726	0.00735	0.01248

[dist]
# distance from previous block
# <min> <max>
6	22

[block]
# block no. 6 follows, 25 sequences, length 25
# corresponding to MSA columns:
# 258-282
name=unknown_G
#
# <colnr> <probs for GDERKNQSTAVLIFYWHMCP>
#	G	D	E	R	K	N	Q	S	T	A	V	L	I	F	Y	W	H	M	C	P
0	0.02468	0.01815	0.02156	0.01858	0.08266	0.01849	0.01383	0.32741	0.02643	0.09980	0.01762	0.01863	0.01305	0.00834	0.00811	0.00206	0.04391	0.00638	0.00647	0.22385
1	0.09408	0.01692	0.02087	0.01624	0.02168	0.01743	0.07107	0.29466	0.02598	0.16020	0.05658	0.05831	0.01944	0.03995	0.00903	0.00258	0.00770	0.00827	0.00720	0.05180
2	0.09345	0.01895	0.02585	0.08873	0.31969	0.02033	0.01879	0.25887	0.02409	0.03455	0.01567	0.01849	0.01210	0.00790	0.00745	0.00234	0.00875	0.00668	0.00536	0.01195
3	0.17028	0.01491	0.01599	0.01295	0.01797	0.01522	0.01045	0.18170	0.06601	0.11752	0.12343	0.02777	0.05781	0.01003	0.00717	0.00222	0.00621	0.00788	0.00703	0.12745
4	0.02040	0.01769	0.02979	0.07945	0.58485	0.01771	0.02253	0.02488	0.01796	0.08620	0.01603	0.01994	0.01282	0.00720	0.00769	0.00233	0.00903	0.00699	0.00435	0.01217
5	0.02421	0.02623	0.02294	0.02495	0.17053	0.32286	0.01633	0.08928	0.13604	0.02585	0.01824	0.02221	0.01510	0.00904	0.00758	0.00229	0.01063	0.03990	0.00518	0.01061
6	0.02046	0.01297	0.01549	0.01318	0.01587	0.01382	0.00993	0.26553	0.02108	0.05376	0.01699	0.02376	0.01468	0.07178	0.02120	0.38161	0.00750	0.00721	0.00545	0.00773
7	0.01899	0.01143	0.01413	0.01184	0.01568	0.01070	0.00932	0.08094	0.05739	0.18128	0.34433	0.04223	0.07202	0.01273	0.00832	0.00231	0.00513	0.01087	0.00824	0.08213
8	0.01233	0.00797	0.00971	0.00925	0.01030	0.00763	0.00610	0.01397	0.01616	0.05507	0.28927	0.05244	0.04602	0.40222	0.02555	0.00520	0.00590	0.01222	0.00650	0.00619
9	0.02417	0.01988	0.03181	0.08469	0.03287	0.02046	0.27085	0.28615	0.02595	0.09682	0.01814	0.02046	0.01293	0.00808	0.00832	0.00247	0.01033	0.00792	0.00601	0.01168
10	0.01572	0.01552	0.02316	0.65725	0.05120	0.06811	0.02104	0.02065	0.01599	0.01975	0.01365	0.02017	0.01031	0.00777	0.00769	0.00254	0.01061	0.00675	0.00349	0.00864
11	0.00945	0.00675	0.00900	0.01080	0.01125	0.00630	0.00720	0.01080	0.01484	0.01979	0.04274	0.72245	0.05128	0.02429	0.00990	0.00315	0.00450	0.02204	0.00720	0.00630
12	0.02367	0.01946	0.02642	0.11581	0.27929	0.02103	0.01907	0.33221	0.02661	0.03619	0.01646	0.01909	0.01248	0.00819	0.00773	0.00235	0.00902	0.00694	0.00571	0.01227
13	0.01845	0.01767	0.03013	0.15551	0.57703	0.01823	0.02343	0.02315	0.01730	0.02443	0.01445	0.01943	0.01196	0.00705	0.00769	0.00235	0.00939	0.00691	0.00377	0.01168
14	0.00938	0.00738	0.00836	0.00910	0.01070	0.00649	0.00638	0.01100	0.01620	0.02020	0.06119	0.34265	0.38673	0.05407	0.01086	0.00306	0.00433	0.01849	0.00708	0.00636
15	0.00945	0.00675	0.00900	0.01080	0.01125	0.00630	0.00720	0.01080	0.01484	0.01979	0.04274	0.72245	0.05128	0.02429	0.00990	0.00315	0.00450	0.02204	0.00720	0.00630
16	0.01416	0.01111	0.01472	0.01429	0.01703	0.01133	0.04475	0.06180	0.11035	0.02674	0.11485	0.11910	0.10031	0.01771	0.00964	0.00305	0.00648	0.28698	0.00729	0.00834
17	0.01316	0.01153	0.01847	0.33120	0.11808	0.01289	0.01587	0.01679	0.01590	0.02114	0.06013	0.27683	0.02883	0.01407	0.00859	0.00274	0.00771	0.01277	0.00513	0.00819
18	0.11211	0.13333	0.51279	0.01938	0.02934	0.01969	0.02397	0.02415	0.01589	0.02495	0.01309	0.01535	0.00966	0.00724	0.00671	0.00234	0.01034	0.00532	0.00347	0.01087
19	0.02117	0.53136	0.13154	0.01552	0.02247	0.12520	0.01574	0.02453	0.01674	0.01926	0.01141	0.01323	0.00994	0.00694	0.00561	0.00182	0.00957	0.00450	0.00341	0.01003
20	0.02509	0.06215	0.02439	0.02433	0.15873	0.30256	0.01625	0.13604	0.12433	0.02743	0.01666	0.01812	0.01315	0.00832	0.00730	0.00220	0.01055	0.00628	0.00518	0.01094
21	0.01824	0.02240	0.11307	0.02989	0.06208	0.01880	0.48519	0.04578	0.01850	0.02568	0.01540	0.01988	0.01160	0.00667	0.00858	0.00246	0.01201	0.00825	0.00403	0.07149
22	0.29519	0.01784	0.04542	0.02573	0.23267	0.01819	0.07560	0.06328	0.07743	0.03097	0.03765	0.01906	0.01393	0.00778	0.00684	0.00241	0.00798	0.00652	0.00495	0.01056
23	0.08344	0.02198	0.02295	0.06583	0.10005	0.09848	0.01581	0.30091	0.13948	0.03764	0.02013	0.02166	0.01539	0.00980	0.00808	0.00264	0.00918	0.00730	0.00683	0.01244
24	0.01919	0.01842	0.03147	0.04759	0.67914	0.01842	0.02380	0.02380	0.01765	0.02533	0.01458	0.01919	0.01228	0.00691	0.00768	0.00230	0.00921	0.00691	0.00384	0.01228

[dist]
# distance from previous block
# <min> <max>
0	1

[block]
# block no. 7 follows, 25 sequences, length 11
# corresponding to MSA columns:
# 284-294
name=unknown_H
#
# <colnr> <probs for GDERKNQSTAVLIFYWHMCP>
#	G	D	E	R	K	N	Q	S	T	A	V	L	I	F	Y	W	H	M	C	P
0	0.01968	0.01967	0.02998	0.09811	0.57184	0.07753	0.02284	0.02410	0.01786	0.02433	0.01429	0.01885	0.01193	0.00707	0.00762	0.00230	0.00972	0.00674	0.00382	0.01170
1	0.78228	0.01499	0.01140	0.01020	0.01499	0.01739	0.00840	0.02279	0.01320	0.03479	0.01080	0.01260	0.00840	0.00720	0.00480	0.00240	0.00600	0.00420	0.00480	0.00840
2	0.65539	0.01568	0.01288	0.01130	0.01617	0.01809	0.00924	0.07486	0.07199	0.03571	0.01324	0.01450	0.01011	0.00766	0.00531	0.00241	0.00621	0.00482	0.00531	0.00912
3	0.00945	0.00675	0.00900	0.01080	0.01125	0.00630	0.00720	0.01080	0.01484	0.01979	0.04274	0.72245	0.05128	0.02429	0.00990	0.00315	0.00450	0.02204	0.00720	0.00630
4	0.01913	0.01860	0.03251	0.04650	0.63257	0.01851	0.06953	0.02387	0.01770	0.02529	0.01466	0.01932	0.01224	0.00688	0.00778	0.00233	0.00949	0.00707	0.00384	0.01215
5	0.02073	0.73217	0.04063	0.01327	0.01990	0.03068	0.01327	0.02322	0.01575	0.01824	0.01078	0.01244	0.00995	0.00663	0.00498	0.00166	0.00829	0.00415	0.00332	0.00995
6	0.01128	0.00752	0.00846	0.00846	0.00846	0.00752	0.00470	0.01128	0.01128	0.01503	0.02443	0.05074	0.02819	0.72751	0.03946	0.00752	0.00752	0.01128	0.00470	0.00470
7	0.00945	0.00675	0.00900	0.01080	0.01125	0.00630	0.00720	0.01080	0.01484	0.01979	0.04274	0.72245	0.05128	0.02429	0.00990	0.00315	0.00450	0.02204	0.00720	0.00630
8	0.02630	0.01916	0.02051	0.01613	0.02140	0.02113	0.01306	0.51981	0.06492	0.04372	0.02028	0.02254	0.01546	0.06683	0.01011	0.00272	0.00793	0.00744	0.06857	0.01198
9	0.03001	0.02086	0.02274	0.01743	0.02362	0.02278	0.01440	0.59160	0.03503	0.11257	0.01982	0.01939	0.01379	0.00934	0.00776	0.00233	0.00834	0.00706	0.00794	0.01319
10	0.00945	0.00675	0.00900	0.01080	0.01125	0.00630	0.00720	0.01080	0.01484	0.01979	0.04274	0.72245	0.05128	0.02429	0.00990	0.00315	0.00450	0.02204	0.00720	0.00630

[dist]
# distance from previous block
# <min> <max>
0	0

# created by:
# /st0/software/busco_prod/Augustus/scripts/msa2prfl.pl ./align_prep/125022.fa
