[name]
unknown

[dist]
# distance from previous block
# <min> <max>
0	78

[block]
# block no. 0 follows, 25 sequences, length 25
# corresponding to MSA columns:
# 78-102
name=unknown_A
#
# <colnr> <probs for GDERKNQSTAVLIFYWHMCP>
#	G	D	E	R	K	N	Q	S	T	A	V	L	I	F	Y	W	H	M	C	P
0	0.01249	0.00892	0.01249	0.01428	0.01606	0.00892	0.01249	0.01606	0.01785	0.02320	0.04105	0.08746	0.04462	0.02142	0.01071	0.00357	0.00714	0.62695	0.00714	0.00714
1	0.05904	0.22034	0.48048	0.01913	0.02895	0.02130	0.02350	0.02411	0.01603	0.02346	0.01292	0.01513	0.00978	0.00716	0.00660	0.00224	0.01033	0.00523	0.00337	0.01089
2	0.00961	0.00686	0.00918	0.01098	0.01150	0.00644	0.00748	0.01107	0.01500	0.01997	0.04265	0.68897	0.05093	0.02414	0.00994	0.00317	0.00464	0.05394	0.00719	0.00634
3	0.01666	0.01413	0.01639	0.01176	0.01862	0.01093	0.00943	0.04704	0.01696	0.02629	0.01399	0.01619	0.01156	0.00590	0.00583	0.00120	0.00586	0.00470	0.00473	0.74184
4	0.01660	0.17966	0.55693	0.02032	0.03080	0.02056	0.02555	0.02429	0.01625	0.02328	0.01328	0.01558	0.00985	0.00722	0.00688	0.00229	0.01082	0.00541	0.00328	0.01115
5	0.01871	0.01592	0.01956	0.01573	0.02134	0.01595	0.06785	0.03221	0.36107	0.05473	0.02404	0.02373	0.01828	0.00850	0.00726	0.00211	0.00664	0.00734	0.00648	0.27254
6	0.00969	0.00766	0.00856	0.00899	0.01085	0.00675	0.00652	0.01158	0.01690	0.02109	0.10748	0.20744	0.41850	0.07588	0.01177	0.00315	0.00448	0.04918	0.00710	0.00644
7	0.01464	0.01378	0.02326	0.70887	0.05340	0.01723	0.02153	0.01981	0.01550	0.01981	0.01378	0.02067	0.01034	0.00775	0.00775	0.00258	0.01034	0.00689	0.00345	0.00861
8	0.01706	0.01655	0.02904	0.34405	0.34071	0.01799	0.07842	0.02209	0.01674	0.02280	0.01432	0.02001	0.01136	0.00726	0.00784	0.00246	0.01006	0.00710	0.00367	0.01047
9	0.01484	0.01390	0.02271	0.62842	0.04942	0.01693	0.02039	0.01974	0.01541	0.02019	0.01365	0.02017	0.01042	0.00781	0.00826	0.00250	0.03634	0.00671	0.00353	0.06864
10	0.00945	0.00675	0.00900	0.01080	0.01125	0.00630	0.00720	0.01080	0.01484	0.01979	0.04274	0.72245	0.05128	0.02429	0.00990	0.00315	0.00450	0.02204	0.00720	0.00630
11	0.32574	0.11730	0.33284	0.01618	0.02434	0.01936	0.01853	0.02367	0.01501	0.02789	0.01226	0.01435	0.00926	0.00721	0.00603	0.00233	0.00885	0.00491	0.00389	0.01003
12	0.11270	0.53449	0.03350	0.01336	0.01902	0.05648	0.01259	0.02262	0.01533	0.02028	0.01160	0.01408	0.01051	0.01102	0.05990	0.00267	0.03220	0.00460	0.00359	0.00943
13	0.01095	0.00748	0.00846	0.00862	0.00886	0.00733	0.00501	0.01122	0.01209	0.01592	0.03029	0.11221	0.08098	0.60966	0.03447	0.00675	0.00697	0.01263	0.00512	0.00498
14	0.02857	0.02127	0.02276	0.01766	0.02370	0.02362	0.01452	0.59898	0.09223	0.04741	0.01976	0.01953	0.01412	0.00942	0.00777	0.00235	0.00832	0.00714	0.00777	0.01310
15	0.01464	0.01378	0.02326	0.70887	0.05340	0.01723	0.02153	0.01981	0.01550	0.01981	0.01378	0.02067	0.01034	0.00775	0.00775	0.00258	0.01034	0.00689	0.00345	0.00861
16	0.02508	0.02806	0.02024	0.01818	0.02244	0.39224	0.01388	0.06360	0.28229	0.02578	0.02019	0.02023	0.01566	0.00907	0.00739	0.00227	0.01057	0.00661	0.00574	0.01051
17	0.01083	0.00792	0.01016	0.00960	0.01149	0.00725	0.00720	0.01435	0.02160	0.03028	0.62710	0.05926	0.12162	0.01616	0.00915	0.00245	0.00368	0.01421	0.00843	0.00725
18	0.01025	0.00709	0.00876	0.00976	0.01001	0.00684	0.00609	0.01101	0.01327	0.01769	0.03466	0.42596	0.04109	0.33469	0.02295	0.00508	0.00583	0.01729	0.00609	0.00559
19	0.01085	0.00769	0.00890	0.00873	0.00966	0.00731	0.00563	0.01220	0.01530	0.02050	0.21619	0.05658	0.14448	0.41399	0.02608	0.00530	0.00586	0.01286	0.00618	0.00573
20	0.02112	0.66486	0.03867	0.01374	0.02013	0.06679	0.01332	0.02437	0.04252	0.01886	0.01169	0.01319	0.01051	0.00687	0.00520	0.00172	0.00852	0.00438	0.00354	0.00999
21	0.01813	0.02037	0.04347	0.03105	0.03882	0.01889	0.60153	0.02443	0.01813	0.02487	0.01554	0.02054	0.01174	0.00647	0.00889	0.00250	0.01251	0.00880	0.00397	0.06936
22	0.02726	0.02216	0.02122	0.01734	0.02273	0.12673	0.01390	0.35485	0.19038	0.08989	0.02176	0.02108	0.01578	0.00943	0.00767	0.00236	0.00863	0.00718	0.00735	0.01230
23	0.01488	0.01413	0.02361	0.59239	0.04814	0.01759	0.04421	0.01958	0.01511	0.01972	0.01390	0.02142	0.01102	0.03434	0.01064	0.00284	0.07734	0.00712	0.00350	0.00853
24	0.02307	0.01786	0.01889	0.01578	0.02088	0.04072	0.01263	0.22327	0.31485	0.08393	0.02720	0.02736	0.03840	0.01025	0.00777	0.00241	0.00709	0.02815	0.00755	0.07192

[dist]
# distance from previous block
# <min> <max>
9	15

[block]
# block no. 1 follows, 25 sequences, length 85
# corresponding to MSA columns:
# 118-202
name=unknown_B
#
# <colnr> <probs for GDERKNQSTAVLIFYWHMCP>
#	G	D	E	R	K	N	Q	S	T	A	V	L	I	F	Y	W	H	M	C	P
0	0.05005	0.39475	0.05622	0.01615	0.02174	0.23820	0.01445	0.05676	0.01849	0.02083	0.01164	0.01359	0.01007	0.00756	0.00677	0.00193	0.04252	0.00474	0.00380	0.00974
1	0.02013	0.08799	0.08731	0.11872	0.34397	0.04935	0.02095	0.10171	0.04803	0.02683	0.01520	0.01862	0.01211	0.00753	0.00739	0.00230	0.00945	0.00655	0.00436	0.01150
2	0.01640	0.14539	0.14929	0.35566	0.06343	0.01971	0.07386	0.02182	0.01604	0.02122	0.01347	0.01824	0.01041	0.00728	0.00723	0.00234	0.01020	0.00630	0.00349	0.03822
3	0.01090	0.00787	0.01030	0.00981	0.01157	0.00727	0.00731	0.01444	0.02160	0.03053	0.64366	0.09091	0.07207	0.01627	0.00918	0.00247	0.00370	0.01442	0.00847	0.00727
4	0.01079	0.00843	0.01192	0.01180	0.01317	0.00823	0.03728	0.01325	0.01752	0.02406	0.26733	0.38210	0.08650	0.01965	0.01040	0.00286	0.04295	0.01747	0.00732	0.00698
5	0.02896	0.02056	0.02227	0.01717	0.02307	0.02253	0.01408	0.58696	0.03444	0.08535	0.01960	0.02056	0.01423	0.04232	0.00922	0.00257	0.00837	0.00723	0.00773	0.01280
6	0.05467	0.02128	0.02201	0.01712	0.02297	0.04608	0.01406	0.57817	0.03414	0.04635	0.01845	0.01877	0.01325	0.00918	0.00751	0.00229	0.00838	0.00683	0.04592	0.01258
7	0.00945	0.00675	0.00900	0.01080	0.01125	0.00630	0.00720	0.01080	0.01484	0.01979	0.04274	0.72245	0.05128	0.02429	0.00990	0.00315	0.00450	0.02204	0.00720	0.00630
8	0.01649	0.01551	0.02336	0.01868	0.05839	0.01413	0.13576	0.02028	0.01599	0.02408	0.01506	0.04976	0.01324	0.00783	0.00926	0.00188	0.09919	0.00669	0.00439	0.45004
9	0.00945	0.00675	0.00900	0.01080	0.01125	0.00630	0.00720	0.01080	0.01484	0.01979	0.04274	0.72245	0.05128	0.02429	0.00990	0.00315	0.00450	0.02204	0.00720	0.00630
10	0.01830	0.02092	0.04575	0.03268	0.04052	0.01961	0.65098	0.02484	0.01830	0.02484	0.01569	0.02092	0.01176	0.00654	0.00915	0.00261	0.01307	0.00915	0.00392	0.01046
11	0.01249	0.00892	0.01249	0.01428	0.01606	0.00892	0.01249	0.01606	0.01785	0.02320	0.04105	0.08746	0.04462	0.02142	0.01071	0.00357	0.00714	0.62695	0.00714	0.00714
12	0.02971	0.02134	0.02304	0.01766	0.02386	0.02349	0.01459	0.62625	0.03583	0.07679	0.01914	0.01896	0.01345	0.00932	0.00776	0.00233	0.00845	0.00702	0.00784	0.01319
13	0.00945	0.00675	0.00900	0.01080	0.01125	0.00630	0.00720	0.01080	0.01484	0.01979	0.04274	0.72245	0.05128	0.02429	0.00990	0.00315	0.00450	0.02204	0.00720	0.00630
14	0.01113	0.00808	0.01129	0.01129	0.01227	0.00906	0.00823	0.01309	0.01211	0.01713	0.02184	0.03638	0.02196	0.25365	0.50480	0.01102	0.01690	0.00917	0.00431	0.00627
15	0.01128	0.00752	0.00846	0.00846	0.00846	0.00752	0.00470	0.01128	0.01128	0.01503	0.02443	0.05074	0.02819	0.72751	0.03946	0.00752	0.00752	0.01128	0.00470	0.00470
16	0.02896	0.03695	0.02197	0.01998	0.02397	0.69638	0.01498	0.03096	0.02197	0.01898	0.01199	0.01398	0.00999	0.00799	0.00699	0.00200	0.01398	0.00499	0.00400	0.00899
17	0.01347	0.00944	0.01226	0.01324	0.01536	0.00941	0.01095	0.01828	0.07997	0.05663	0.04341	0.17835	0.10184	0.02006	0.01002	0.00326	0.00629	0.38265	0.00735	0.00775
18	0.01410	0.00746	0.01036	0.01015	0.01069	0.00762	0.00703	0.03628	0.01203	0.01705	0.01555	0.02441	0.01457	0.02553	0.05979	0.60722	0.00711	0.00689	0.10174	0.00442
19	0.01125	0.00760	0.00888	0.00888	0.00902	0.00774	0.00522	0.01154	0.01140	0.01534	0.02405	0.04862	0.02727	0.65757	0.10815	0.00803	0.00890	0.01097	0.00464	0.00493
20	0.01128	0.00752	0.00846	0.00846	0.00846	0.00752	0.00470	0.01128	0.01128	0.01503	0.02443	0.05074	0.02819	0.72751	0.03946	0.00752	0.00752	0.01128	0.00470	0.00470
21	0.01608	0.01378	0.01608	0.01148	0.01837	0.01034	0.00919	0.01952	0.01608	0.02527	0.01378	0.01608	0.01148	0.00574	0.00574	0.00115	0.00574	0.00459	0.00459	0.77491
22	0.01206	0.00736	0.00949	0.01025	0.01098	0.00705	0.00691	0.01289	0.01409	0.05177	0.03337	0.38192	0.03768	0.17749	0.01845	0.09535	0.00559	0.04255	0.05871	0.00604
23	0.01347	0.00673	0.01010	0.01010	0.01010	0.00673	0.00673	0.01010	0.01010	0.01347	0.01347	0.02357	0.01347	0.02694	0.03030	0.77441	0.00673	0.00673	0.00337	0.00337
24	0.01347	0.00673	0.01010	0.01010	0.01010	0.00673	0.00673	0.01010	0.01010	0.01347	0.01347	0.02357	0.01347	0.02694	0.03030	0.77441	0.00673	0.00673	0.00337	0.00337
25	0.00935	0.00781	0.00815	0.00818	0.01062	0.00661	0.00609	0.01144	0.01793	0.02184	0.13285	0.10521	0.58831	0.01951	0.00920	0.00263	0.00393	0.01643	0.00733	0.00661
26	0.02813	0.02042	0.02183	0.01689	0.02270	0.02254	0.01390	0.59636	0.03465	0.04708	0.01921	0.01954	0.01379	0.00928	0.00755	0.00228	0.00809	0.00700	0.07612	0.01265
27	0.01670	0.03850	0.64728	0.02160	0.03273	0.01761	0.02762	0.02535	0.01672	0.06404	0.01491	0.01697	0.01038	0.00750	0.00739	0.00245	0.01117	0.00585	0.00365	0.01156
28	0.01546	0.01179	0.01337	0.01206	0.01528	0.01226	0.00931	0.05848	0.23652	0.05845	0.30064	0.04751	0.14923	0.01407	0.00860	0.00252	0.00492	0.01201	0.00811	0.00941
29	0.01237	0.00856	0.01085	0.01007	0.01228	0.00798	0.00762	0.01666	0.04971	0.06277	0.56697	0.05643	0.11681	0.01561	0.00902	0.00246	0.00393	0.01367	0.00845	0.00776
30	0.01242	0.00887	0.01239	0.01405	0.01584	0.00884	0.01223	0.01599	0.01806	0.02360	0.07297	0.08597	0.04606	0.02114	0.01063	0.00351	0.00696	0.59610	0.00721	0.00715
31	0.00945	0.00675	0.00900	0.01080	0.01125	0.00630	0.00720	0.01080	0.01484	0.01979	0.04274	0.72245	0.05128	0.02429	0.00990	0.00315	0.00450	0.02204	0.00720	0.00630
32	0.01803	0.04950	0.03084	0.02365	0.02640	0.05144	0.20256	0.02119	0.01435	0.02047	0.01190	0.01780	0.01063	0.01098	0.01901	0.00303	0.44823	0.00729	0.00357	0.00915
33	0.00961	0.00684	0.00905	0.01064	0.01115	0.00640	0.00710	0.01102	0.01508	0.02020	0.07620	0.65791	0.05148	0.05373	0.01111	0.00330	0.00458	0.02115	0.00716	0.00628
34	0.01919	0.01842	0.03147	0.04759	0.67914	0.01842	0.02380	0.02380	0.01765	0.02533	0.01458	0.01919	0.01228	0.00691	0.00768	0.00230	0.00921	0.00691	0.00384	0.01228
35	0.01108	0.00831	0.01246	0.01246	0.01385	0.00969	0.00969	0.01385	0.01246	0.01800	0.02077	0.03046	0.01938	0.05815	0.69678	0.01246	0.02077	0.00831	0.00415	0.00692
36	0.01745	0.01459	0.01682	0.01214	0.01896	0.01174	0.00976	0.08449	0.01817	0.02768	0.01428	0.01634	0.01166	0.00611	0.00595	0.00127	0.00603	0.00484	0.00492	0.69682
37	0.03182	0.01293	0.01725	0.01344	0.01889	0.01147	0.01095	0.06114	0.02232	0.58118	0.07699	0.02940	0.02327	0.04056	0.00924	0.00262	0.00650	0.00837	0.00923	0.01240
38	0.00945	0.00675	0.00900	0.01080	0.01125	0.00630	0.00720	0.01080	0.01484	0.01979	0.04274	0.72245	0.05128	0.02429	0.00990	0.00315	0.00450	0.02204	0.00720	0.00630
39	0.02004	0.01518	0.01754	0.01283	0.01952	0.01292	0.01038	0.13655	0.02029	0.08309	0.01603	0.01738	0.01242	0.00671	0.00628	0.00146	0.00632	0.00529	0.00558	0.57419
40	0.02050	0.62586	0.11174	0.01453	0.02159	0.05739	0.01505	0.02369	0.01609	0.01898	0.01118	0.01294	0.00994	0.00677	0.00533	0.00176	0.00888	0.00436	0.00334	0.01008
41	0.01135	0.00860	0.01266	0.01241	0.01409	0.00973	0.00966	0.01415	0.01266	0.01839	0.02039	0.02968	0.01896	0.05531	0.65936	0.01185	0.01995	0.00811	0.00418	0.04851
42	0.01108	0.00831	0.01246	0.01246	0.01385	0.00969	0.00969	0.01385	0.01246	0.01800	0.02077	0.03046	0.01938	0.05815	0.69678	0.01246	0.02077	0.00831	0.00415	0.00692
43	0.01919	0.01842	0.03147	0.04759	0.67914	0.01842	0.02380	0.02380	0.01765	0.02533	0.01458	0.01919	0.01228	0.00691	0.00768	0.00230	0.00921	0.00691	0.00384	0.01228
44	0.01117	0.00755	0.00851	0.00849	0.00868	0.00747	0.00486	0.01142	0.01202	0.01599	0.05534	0.05208	0.05810	0.66573	0.03683	0.00708	0.00719	0.01162	0.00497	0.00489
45	0.00924	0.00786	0.00796	0.00793	0.01052	0.00658	0.00595	0.01128	0.01785	0.02137	0.10375	0.07391	0.65053	0.01948	0.00916	0.00261	0.00392	0.01627	0.00726	0.00658
46	0.00945	0.00675	0.00900	0.01080	0.01125	0.00630	0.00720	0.01080	0.01484	0.01979	0.04274	0.72245	0.05128	0.02429	0.00990	0.00315	0.00450	0.02204	0.00720	0.00630
47	0.01031	0.00796	0.00944	0.00923	0.01139	0.00709	0.00703	0.01325	0.01992	0.02638	0.38783	0.06667	0.32338	0.01777	0.00925	0.00258	0.00398	0.05168	0.00789	0.00698
48	0.01929	0.01666	0.01753	0.01578	0.02016	0.01929	0.01227	0.04120	0.66513	0.03243	0.03156	0.02893	0.02367	0.01052	0.00789	0.00263	0.00614	0.00877	0.00789	0.01227
49	0.01013	0.00793	0.00920	0.00898	0.01120	0.00699	0.00681	0.01294	0.01966	0.02573	0.35343	0.06738	0.37241	0.01795	0.00921	0.00257	0.00393	0.03880	0.00782	0.00693
50	0.00957	0.00685	0.00911	0.01071	0.01127	0.00638	0.00721	0.01111	0.01543	0.02073	0.09505	0.66746	0.05309	0.02359	0.00983	0.00309	0.00443	0.02138	0.00731	0.00638
51	0.00932	0.00757	0.00826	0.00871	0.01072	0.00651	0.00630	0.01119	0.01712	0.02109	0.09518	0.24431	0.48532	0.02070	0.00936	0.00275	0.00407	0.01776	0.00726	0.00651
52	0.00972	0.00696	0.00924	0.01061	0.01131	0.00648	0.00722	0.01149	0.01613	0.02183	0.15692	0.60245	0.05523	0.02277	0.00976	0.00302	0.00435	0.02059	0.00744	0.00648
53	0.01249	0.00892	0.01249	0.01428	0.01606	0.00892	0.01249	0.01606	0.01785	0.02320	0.04105	0.08746	0.04462	0.02142	0.01071	0.00357	0.00714	0.62695	0.00714	0.00714
54	0.01929	0.01666	0.01753	0.01578	0.02016	0.01929	0.01227	0.04120	0.66513	0.03243	0.03156	0.02893	0.02367	0.01052	0.00789	0.00263	0.00614	0.00877	0.00789	0.01227
55	0.00975	0.00684	0.00900	0.01058	0.01117	0.00640	0.00713	0.01133	0.01533	0.02086	0.07983	0.65318	0.05126	0.02314	0.00966	0.00305	0.00441	0.02093	0.03975	0.00640
56	0.00932	0.00784	0.00797	0.00795	0.01043	0.00661	0.00589	0.01125	0.01755	0.02104	0.09676	0.07303	0.62772	0.04960	0.01045	0.00282	0.00407	0.01607	0.00714	0.00649
57	0.01555	0.04011	0.68733	0.02210	0.03356	0.01801	0.02865	0.02455	0.01637	0.02455	0.01391	0.01637	0.00982	0.00737	0.00737	0.00246	0.01146	0.00573	0.00327	0.01146
58	0.11923	0.01309	0.01634	0.01300	0.01841	0.01210	0.01063	0.03383	0.05572	0.51005	0.06031	0.02875	0.05326	0.01015	0.00758	0.00242	0.00623	0.00814	0.00877	0.01198
59	0.00916	0.00785	0.00785	0.00785	0.01047	0.00655	0.00589	0.01113	0.01767	0.02095	0.07855	0.07462	0.67599	0.01964	0.00916	0.00262	0.00393	0.01636	0.00720	0.00655
60	0.01464	0.01378	0.02326	0.70887	0.05340	0.01723	0.02153	0.01981	0.01550	0.01981	0.01378	0.02067	0.01034	0.00775	0.00775	0.00258	0.01034	0.00689	0.00345	0.00861
61	0.00945	0.00675	0.00900	0.01080	0.01125	0.00630	0.00720	0.01080	0.01484	0.01979	0.04274	0.72245	0.05128	0.02429	0.00990	0.00315	0.00450	0.02204	0.00720	0.00630
62	0.01110	0.00821	0.01197	0.01197	0.01318	0.00942	0.00907	0.01353	0.01231	0.01763	0.02122	0.03297	0.02047	0.14092	0.61550	0.01185	0.01913	0.00867	0.00422	0.00665
63	0.00945	0.00675	0.00900	0.01080	0.01125	0.00630	0.00720	0.01080	0.01484	0.01979	0.04274	0.72245	0.05128	0.02429	0.00990	0.00315	0.00450	0.02204	0.00720	0.00630
64	0.78228	0.01499	0.01140	0.01020	0.01499	0.01739	0.00840	0.02279	0.01320	0.03479	0.01080	0.01260	0.00840	0.00720	0.00480	0.00240	0.00600	0.00420	0.00480	0.00840
65	0.01253	0.01063	0.01323	0.01307	0.01467	0.06545	0.01012	0.01524	0.01323	0.01808	0.02006	0.02912	0.01862	0.05408	0.64078	0.01161	0.02022	0.00804	0.00414	0.00709
66	0.02840	0.01342	0.01716	0.01376	0.01882	0.01265	0.01124	0.11852	0.04890	0.43017	0.14047	0.03344	0.02891	0.01117	0.00815	0.00245	0.00636	0.03512	0.00899	0.01189
67	0.78228	0.01499	0.01140	0.01020	0.01499	0.01739	0.00840	0.02279	0.01320	0.03479	0.01080	0.01260	0.00840	0.00720	0.00480	0.00240	0.00600	0.00420	0.00480	0.00840
68	0.02896	0.03695	0.02197	0.01998	0.02397	0.69638	0.01498	0.03096	0.02197	0.01898	0.01199	0.01398	0.00999	0.00799	0.00699	0.00200	0.01398	0.00499	0.00400	0.00899
69	0.00945	0.00675	0.00900	0.01080	0.01125	0.00630	0.00720	0.01080	0.01484	0.01979	0.04274	0.72245	0.05128	0.02429	0.00990	0.00315	0.00450	0.02204	0.00720	0.00630
70	0.01804	0.02035	0.04365	0.07272	0.04060	0.01961	0.59154	0.02432	0.01791	0.02432	0.01538	0.02076	0.01162	0.00685	0.00963	0.00264	0.03695	0.00893	0.00387	0.01028
71	0.01567	0.03928	0.65967	0.02256	0.03386	0.01808	0.05548	0.02457	0.01645	0.02457	0.01399	0.01657	0.00991	0.00733	0.00744	0.00246	0.01153	0.00588	0.00330	0.01142
72	0.01919	0.01842	0.03147	0.04759	0.67914	0.01842	0.02380	0.02380	0.01765	0.02533	0.01458	0.01919	0.01228	0.00691	0.00768	0.00230	0.00921	0.00691	0.00384	0.01228
73	0.01097	0.00793	0.01036	0.00975	0.01158	0.00732	0.00732	0.01463	0.02195	0.03109	0.67505	0.05792	0.07316	0.01585	0.00914	0.00244	0.00366	0.01402	0.00854	0.00732
74	0.01720	0.01375	0.01619	0.01162	0.01846	0.01040	0.00932	0.02062	0.01644	0.06471	0.01479	0.01670	0.01195	0.00597	0.00587	0.00122	0.00579	0.00479	0.00489	0.72933
75	0.01555	0.04011	0.68733	0.02210	0.03356	0.01801	0.02865	0.02455	0.01637	0.02455	0.01391	0.01637	0.00982	0.00737	0.00737	0.00246	0.01146	0.00573	0.00327	0.01146
76	0.00945	0.00675	0.00900	0.01080	0.01125	0.00630	0.00720	0.01080	0.01484	0.01979	0.04274	0.72245	0.05128	0.02429	0.00990	0.00315	0.00450	0.02204	0.00720	0.00630
77	0.03479	0.01320	0.01799	0.01380	0.01979	0.01140	0.01140	0.03779	0.02219	0.68451	0.03059	0.02639	0.01919	0.00960	0.00780	0.00240	0.00660	0.00780	0.00960	0.01320
78	0.78228	0.01499	0.01140	0.01020	0.01499	0.01739	0.00840	0.02279	0.01320	0.03479	0.01080	0.01260	0.00840	0.00720	0.00480	0.00240	0.00600	0.00420	0.00480	0.00840
79	0.01128	0.00752	0.00846	0.00846	0.00846	0.00752	0.00470	0.01128	0.01128	0.01503	0.02443	0.05074	0.02819	0.72751	0.03946	0.00752	0.00752	0.01128	0.00470	0.00470
80	0.01347	0.00673	0.01010	0.01010	0.01010	0.00673	0.00673	0.01010	0.01010	0.01347	0.01347	0.02357	0.01347	0.02694	0.03030	0.77441	0.00673	0.00673	0.00337	0.00337
81	0.00945	0.00675	0.00900	0.01080	0.01125	0.00630	0.00720	0.01080	0.01484	0.01979	0.04274	0.72245	0.05128	0.02429	0.00990	0.00315	0.00450	0.02204	0.00720	0.00630
82	0.00945	0.00675	0.00900	0.01080	0.01125	0.00630	0.00720	0.01080	0.01484	0.01979	0.04274	0.72245	0.05128	0.02429	0.00990	0.00315	0.00450	0.02204	0.00720	0.00630
83	0.02688	0.02043	0.02181	0.01732	0.02306	0.02283	0.01411	0.49761	0.19635	0.04469	0.02191	0.02124	0.01585	0.00962	0.00779	0.00240	0.00792	0.00743	0.00779	0.01295
84	0.00980	0.00782	0.00871	0.00918	0.01104	0.00702	0.00655	0.01230	0.04083	0.02120	0.08892	0.27531	0.40118	0.05081	0.01064	0.00299	0.00433	0.01755	0.00718	0.00664

[dist]
# distance from previous block
# <min> <max>
0	1

[block]
# block no. 2 follows, 25 sequences, length 57
# corresponding to MSA columns:
# 204-260
name=unknown_C
#
# <colnr> <probs for GDERKNQSTAVLIFYWHMCP>
#	G	D	E	R	K	N	Q	S	T	A	V	L	I	F	Y	W	H	M	C	P
0	0.00945	0.00675	0.00900	0.01080	0.01125	0.00630	0.00720	0.01080	0.01484	0.01979	0.04274	0.72245	0.05128	0.02429	0.00990	0.00315	0.00450	0.02204	0.00720	0.00630
1	0.01830	0.02092	0.04575	0.03268	0.04052	0.01961	0.65098	0.02484	0.01830	0.02484	0.01569	0.02092	0.01176	0.00654	0.00915	0.00261	0.01307	0.00915	0.00392	0.01046
2	0.01074	0.00729	0.00861	0.00914	0.00927	0.00716	0.00543	0.01114	0.01232	0.01643	0.02979	0.24724	0.03494	0.52179	0.03081	0.00624	0.00663	0.01443	0.00543	0.00517
3	0.01732	0.01374	0.01621	0.01164	0.01847	0.01041	0.00933	0.02074	0.01648	0.06913	0.01490	0.01676	0.01200	0.00600	0.00588	0.00123	0.00580	0.00481	0.00493	0.72422
4	0.00986	0.00752	0.01072	0.01167	0.01263	0.00697	0.03870	0.01151	0.01520	0.02012	0.04379	0.64492	0.09091	0.02311	0.00981	0.00309	0.00488	0.02103	0.00704	0.00652
5	0.01021	0.00869	0.00890	0.00870	0.01145	0.00779	0.00657	0.01416	0.07933	0.02254	0.10376	0.06945	0.58410	0.01858	0.00904	0.00261	0.00412	0.01553	0.00733	0.00713
6	0.00952	0.00678	0.00898	0.01070	0.01114	0.00635	0.00710	0.01082	0.01470	0.01961	0.04201	0.69597	0.05037	0.05201	0.01106	0.00332	0.00462	0.02162	0.00710	0.00623
7	0.01128	0.00752	0.00846	0.00846	0.00846	0.00752	0.00470	0.01128	0.01128	0.01503	0.02443	0.05074	0.02819	0.72751	0.03946	0.00752	0.00752	0.01128	0.00470	0.00470
8	0.01772	0.01998	0.04333	0.03124	0.03859	0.01873	0.60858	0.02391	0.01807	0.02450	0.01747	0.06712	0.01437	0.00771	0.00920	0.00265	0.01251	0.01000	0.00414	0.01018
9	0.00945	0.00675	0.00900	0.01080	0.01125	0.00630	0.00720	0.01080	0.01484	0.01979	0.04274	0.72245	0.05128	0.02429	0.00990	0.00315	0.00450	0.02204	0.00720	0.00630
10	0.01137	0.00748	0.00842	0.00848	0.00858	0.00746	0.00482	0.01159	0.01165	0.01588	0.02513	0.07366	0.02861	0.66714	0.03674	0.00708	0.00722	0.01146	0.04236	0.00488
11	0.02777	0.03505	0.02134	0.01948	0.02330	0.65069	0.01463	0.02982	0.02134	0.01891	0.01257	0.01508	0.01061	0.01133	0.05289	0.00269	0.01443	0.00521	0.00401	0.00885
12	0.01572	0.03892	0.64763	0.02275	0.03399	0.01811	0.06716	0.02457	0.01649	0.02457	0.01402	0.01665	0.00994	0.00732	0.00748	0.00247	0.01156	0.00594	0.00331	0.01140
13	0.03452	0.01363	0.01826	0.01400	0.02001	0.01204	0.01157	0.06925	0.02292	0.65201	0.02998	0.02599	0.01889	0.00958	0.00780	0.00240	0.00670	0.00776	0.00950	0.01319
14	0.00945	0.00778	0.00814	0.00818	0.01046	0.00665	0.00598	0.01138	0.01742	0.02124	0.11678	0.10403	0.55773	0.06669	0.01122	0.00296	0.00417	0.01614	0.00713	0.00647
15	0.00942	0.00686	0.00888	0.01049	0.01117	0.00632	0.00706	0.01083	0.01514	0.01991	0.04641	0.65590	0.11546	0.02381	0.00982	0.00309	0.00444	0.02146	0.00720	0.00632
16	0.00957	0.00787	0.00842	0.00829	0.01072	0.00672	0.00621	0.01192	0.01864	0.02325	0.21380	0.07083	0.53930	0.01878	0.00916	0.00258	0.00387	0.01583	0.00750	0.00672
17	0.01798	0.02040	0.04442	0.03189	0.03946	0.01913	0.62769	0.02433	0.01818	0.02465	0.01666	0.04630	0.01319	0.00718	0.00918	0.00263	0.01276	0.00962	0.00404	0.01031
18	0.01608	0.01378	0.01608	0.01148	0.01837	0.01034	0.00919	0.01952	0.01608	0.02527	0.01378	0.01608	0.01148	0.00574	0.00574	0.00115	0.00574	0.00459	0.00459	0.77491
19	0.00945	0.00675	0.00900	0.01080	0.01125	0.00630	0.00720	0.01080	0.01484	0.01979	0.04274	0.72245	0.05128	0.02429	0.00990	0.00315	0.00450	0.02204	0.00720	0.00630
20	0.01555	0.04011	0.68733	0.02210	0.03356	0.01801	0.02865	0.02455	0.01637	0.02455	0.01391	0.01637	0.00982	0.00737	0.00737	0.00246	0.01146	0.00573	0.00327	0.01146
21	0.01464	0.01378	0.02326	0.70887	0.05340	0.01723	0.02153	0.01981	0.01550	0.01981	0.01378	0.02067	0.01034	0.00775	0.00775	0.00258	0.01034	0.00689	0.00345	0.00861
22	0.68462	0.01476	0.01226	0.01067	0.01562	0.01661	0.00879	0.02475	0.01437	0.11968	0.01338	0.01440	0.00981	0.00751	0.00519	0.00240	0.00608	0.00467	0.00543	0.00902
23	0.01089	0.00792	0.01024	0.00966	0.01153	0.00728	0.00725	0.01446	0.02174	0.03059	0.64578	0.05874	0.10274	0.01604	0.00915	0.00245	0.00367	0.01414	0.00847	0.00728
24	0.01696	0.01696	0.02375	0.02036	0.02036	0.02375	0.01696	0.01866	0.01187	0.01866	0.01018	0.01696	0.01018	0.01357	0.02545	0.00339	0.71332	0.00679	0.00339	0.00848
25	0.00919	0.00776	0.00795	0.00810	0.01054	0.00653	0.00600	0.01110	0.01744	0.02085	0.07562	0.12759	0.62491	0.02002	0.00922	0.00266	0.00397	0.01683	0.00720	0.00653
26	0.01074	0.00792	0.01004	0.00951	0.01144	0.00722	0.00713	0.01419	0.02140	0.02980	0.59900	0.06005	0.15002	0.01633	0.00915	0.00246	0.00369	0.01432	0.00837	0.00722
27	0.00945	0.00675	0.00900	0.01080	0.01125	0.00630	0.00720	0.01080	0.01484	0.01979	0.04274	0.72245	0.05128	0.02429	0.00990	0.00315	0.00450	0.02204	0.00720	0.00630
28	0.03112	0.01412	0.01785	0.01410	0.01968	0.01340	0.01151	0.09044	0.11423	0.50461	0.02943	0.02620	0.01934	0.00967	0.00769	0.00240	0.00655	0.00784	0.04705	0.01277
29	0.00990	0.00724	0.00888	0.00975	0.01101	0.00658	0.00682	0.01191	0.01682	0.02250	0.16105	0.42014	0.19950	0.02097	0.00937	0.00283	0.00417	0.01857	0.04540	0.00658
30	0.01118	0.00748	0.00848	0.00858	0.00860	0.00745	0.00483	0.01125	0.01146	0.01528	0.02537	0.08508	0.02937	0.69156	0.03795	0.00729	0.00736	0.01183	0.00483	0.00478
31	0.00937	0.00778	0.00819	0.00826	0.01064	0.00661	0.00613	0.01146	0.01790	0.02189	0.13613	0.11970	0.57010	0.01959	0.00921	0.00264	0.00394	0.01654	0.00733	0.00661
32	0.00963	0.00683	0.00894	0.01056	0.01096	0.00642	0.00695	0.01084	0.01448	0.01931	0.04089	0.65469	0.04895	0.09523	0.01288	0.00359	0.00480	0.02096	0.00695	0.00614
33	0.02008	0.01458	0.01592	0.01400	0.01836	0.01574	0.01098	0.05435	0.41944	0.13282	0.04007	0.03703	0.14860	0.01210	0.00812	0.00258	0.00586	0.01002	0.00802	0.01134
34	0.01756	0.02608	0.21836	0.02983	0.03865	0.01918	0.48355	0.02476	0.01778	0.02476	0.01521	0.01969	0.01124	0.00676	0.00867	0.00257	0.01264	0.00823	0.00375	0.01073
35	0.02871	0.01268	0.01739	0.08686	0.02208	0.01180	0.01186	0.05439	0.02175	0.48476	0.10975	0.02959	0.02489	0.01016	0.00788	0.00240	0.00658	0.00844	0.03628	0.01175
36	0.01088	0.00783	0.01030	0.07466	0.01476	0.00772	0.00811	0.01326	0.01650	0.02288	0.17158	0.35536	0.09046	0.06585	0.01098	0.00306	0.00493	0.01628	0.08786	0.00673
37	0.10349	0.01564	0.01688	0.01372	0.01827	0.01651	0.01072	0.24548	0.10174	0.10865	0.02153	0.02675	0.01769	0.16233	0.01405	0.00338	0.00727	0.00769	0.00672	0.08149
38	0.62982	0.01448	0.01177	0.01063	0.01494	0.01668	0.00846	0.02367	0.08211	0.03270	0.01426	0.01787	0.01185	0.07444	0.00834	0.00290	0.00615	0.00534	0.00512	0.00846
39	0.01127	0.00734	0.00870	0.00893	0.00899	0.00728	0.00524	0.01109	0.01161	0.01548	0.02562	0.13422	0.02960	0.56285	0.03469	0.08823	0.00705	0.01218	0.00488	0.00476
40	0.01313	0.00830	0.01087	0.01024	0.01233	0.00757	0.00766	0.01634	0.02086	0.09569	0.50242	0.14571	0.08593	0.01650	0.00911	0.00254	0.00408	0.01456	0.00841	0.00775
41	0.03094	0.08879	0.01956	0.01346	0.01901	0.01297	0.01120	0.03374	0.02083	0.55217	0.02962	0.08955	0.02119	0.01065	0.00769	0.00239	0.00658	0.00873	0.00871	0.01221
42	0.01049	0.00780	0.00990	0.01132	0.01219	0.00767	0.00774	0.01402	0.08376	0.02113	0.04155	0.64895	0.04836	0.02283	0.00968	0.00309	0.00467	0.02064	0.00727	0.00693
43	0.01516	0.01479	0.02643	0.61338	0.05158	0.01756	0.11042	0.02052	0.01590	0.02052	0.01405	0.02071	0.01054	0.00758	0.00795	0.00259	0.01072	0.00721	0.00351	0.00887
44	0.14976	0.28275	0.12844	0.01481	0.02143	0.02214	0.01465	0.08449	0.06353	0.10064	0.01675	0.01906	0.01321	0.00822	0.00630	0.00219	0.00803	0.02781	0.00513	0.01065
45	0.01659	0.00953	0.01320	0.01379	0.01627	0.00912	0.01168	0.01979	0.01838	0.15432	0.03916	0.14630	0.04031	0.01939	0.01004	0.00329	0.00674	0.43623	0.00763	0.00825
46	0.01371	0.01020	0.01240	0.01117	0.01370	0.01020	0.00856	0.08478	0.08321	0.03310	0.54573	0.05106	0.06221	0.01466	0.00888	0.00244	0.00440	0.01279	0.00839	0.00840
47	0.01474	0.01286	0.02049	0.51378	0.04205	0.01576	0.01794	0.03699	0.01500	0.01953	0.01484	0.02388	0.01260	0.08616	0.01411	0.07481	0.04559	0.00734	0.00370	0.00784
48	0.01780	0.01738	0.02342	0.01960	0.02112	0.04456	0.05771	0.07762	0.01554	0.02213	0.01864	0.02339	0.08112	0.01316	0.02037	0.00311	0.50231	0.00792	0.00426	0.00886
49	0.02123	0.08400	0.02070	0.01591	0.02083	0.02119	0.01280	0.14858	0.49283	0.03404	0.02732	0.02556	0.02053	0.00994	0.00760	0.00249	0.00676	0.00802	0.00744	0.01222
50	0.11131	0.03142	0.38341	0.04737	0.02987	0.08982	0.06383	0.02679	0.07709	0.04562	0.01558	0.01760	0.01138	0.00773	0.00721	0.00243	0.01048	0.00608	0.00420	0.01077
51	0.02777	0.02130	0.02521	0.03816	0.02628	0.02332	0.07394	0.56185	0.05029	0.04542	0.01854	0.01915	0.01324	0.00904	0.00789	0.00237	0.00894	0.00723	0.00729	0.01278
52	0.01666	0.01741	0.03318	0.12800	0.09486	0.01851	0.31537	0.02138	0.01628	0.02247	0.01715	0.09434	0.01550	0.00993	0.01191	0.00278	0.14109	0.00954	0.00409	0.00955
53	0.01431	0.00901	0.01030	0.00973	0.01075	0.00912	0.00612	0.01691	0.08159	0.07904	0.02576	0.04617	0.02687	0.58486	0.03318	0.00652	0.00729	0.01069	0.00549	0.00629
54	0.01832	0.09441	0.02534	0.06539	0.02284	0.08651	0.01669	0.02036	0.01346	0.01872	0.01065	0.01645	0.01015	0.01193	0.02038	0.00303	0.52688	0.00635	0.00344	0.00869
55	0.00981	0.00690	0.00889	0.01033	0.01069	0.00654	0.00670	0.01089	0.01414	0.01885	0.03910	0.58889	0.04669	0.16412	0.01578	0.00402	0.00510	0.01990	0.00670	0.00598
56	0.09663	0.01482	0.02402	0.41728	0.04131	0.01689	0.12043	0.03698	0.03996	0.02351	0.02055	0.02511	0.07273	0.00874	0.00780	0.00257	0.00953	0.00792	0.00428	0.00895

[dist]
# distance from previous block
# <min> <max>
3	17

# created by:
# /st0/software/busco_prod/Augustus/scripts/msa2prfl.pl ./align_prep/125416.fa
