[name]
unknown

[dist]
# distance from previous block
# <min> <max>
0	21

[block]
# block no. 0 follows, 24 sequences, length 7
# corresponding to MSA columns:
# 21-27
name=unknown_A
#
# <colnr> <probs for GDERKNQSTAVLIFYWHMCP>
#	G	D	E	R	K	N	Q	S	T	A	V	L	I	F	Y	W	H	M	C	P
0	0.01278	0.00913	0.01278	0.01460	0.01643	0.00913	0.01278	0.01643	0.01825	0.02373	0.04199	0.08945	0.04564	0.02191	0.01095	0.00365	0.00730	0.61847	0.00730	0.00730
1	0.03316	0.01688	0.09972	0.01515	0.02197	0.01249	0.01382	0.03698	0.02196	0.59720	0.02919	0.02573	0.01845	0.00953	0.00792	0.00246	0.00736	0.00771	0.00902	0.01328
2	0.02073	0.01753	0.01850	0.01634	0.02100	0.02019	0.01279	0.10025	0.59777	0.03479	0.03100	0.02857	0.02317	0.01064	0.00806	0.00266	0.00651	0.00879	0.00806	0.01264
3	0.01056	0.00854	0.00948	0.00946	0.01188	0.00771	0.00717	0.01413	0.05386	0.02444	0.20383	0.10572	0.43154	0.01908	0.00943	0.00272	0.00430	0.05121	0.00770	0.00721
4	0.08533	0.01657	0.01790	0.01569	0.02037	0.01847	0.01264	0.14878	0.35573	0.09087	0.02916	0.03337	0.02316	0.01153	0.00813	0.00271	0.00688	0.08304	0.00784	0.01183
5	0.01590	0.04102	0.68023	0.02260	0.03432	0.01842	0.02930	0.02511	0.01674	0.02511	0.01423	0.01674	0.01005	0.00753	0.00753	0.00251	0.01172	0.00586	0.00335	0.01172
6	0.00966	0.00690	0.00920	0.01104	0.01150	0.00644	0.00736	0.01104	0.01518	0.02024	0.04371	0.71614	0.05245	0.02484	0.01012	0.00322	0.00460	0.02254	0.00736	0.00644

[dist]
# distance from previous block
# <min> <max>
0	16

[block]
# block no. 1 follows, 24 sequences, length 67
# corresponding to MSA columns:
# 44-74,76-111
name=unknown_B
#
# <colnr> <probs for GDERKNQSTAVLIFYWHMCP>
#	G	D	E	R	K	N	Q	S	T	A	V	L	I	F	Y	W	H	M	C	P
0	0.01914	0.01822	0.03094	0.04644	0.63380	0.01819	0.02337	0.02380	0.01831	0.02625	0.05254	0.02191	0.01615	0.00759	0.00794	0.00236	0.00909	0.00748	0.00420	0.01227
1	0.02116	0.01552	0.01568	0.01343	0.01697	0.05626	0.01064	0.22818	0.07966	0.03509	0.02307	0.04779	0.01832	0.01020	0.00799	0.00225	0.04678	0.00780	0.33322	0.01001
2	0.03393	0.01370	0.01829	0.01412	0.02003	0.01217	0.01162	0.07233	0.02352	0.60590	0.06536	0.02829	0.02229	0.01015	0.00805	0.00245	0.00670	0.00827	0.00965	0.01317
3	0.01020	0.00749	0.00959	0.01047	0.01169	0.00689	0.00743	0.01245	0.01782	0.02392	0.23112	0.41319	0.14154	0.02156	0.00983	0.00295	0.00438	0.04291	0.00776	0.00681
4	0.01637	0.01509	0.02480	0.48783	0.18715	0.01755	0.02138	0.04824	0.01725	0.02282	0.01620	0.06077	0.01355	0.00878	0.00804	0.00260	0.00989	0.00795	0.00403	0.00971
5	0.01712	0.09736	0.56095	0.02237	0.03312	0.04924	0.06274	0.02530	0.01706	0.02433	0.01398	0.01656	0.01018	0.00745	0.00742	0.00243	0.01166	0.00589	0.00342	0.01142
6	0.02303	0.01657	0.01823	0.01584	0.02070	0.01842	0.01248	0.06380	0.51772	0.15239	0.03160	0.02872	0.02297	0.01054	0.00805	0.00263	0.00645	0.00872	0.00839	0.01276
7	0.00966	0.00690	0.00920	0.01104	0.01150	0.00644	0.00736	0.01104	0.01518	0.02024	0.04371	0.71614	0.05245	0.02484	0.01012	0.00322	0.00460	0.02254	0.00736	0.00644
8	0.01590	0.04102	0.68023	0.02260	0.03432	0.01842	0.02930	0.02511	0.01674	0.02511	0.01423	0.01674	0.01005	0.00753	0.00753	0.00251	0.01172	0.00586	0.00335	0.01172
9	0.03125	0.01916	0.02211	0.04396	0.02442	0.02026	0.01428	0.43071	0.03187	0.24527	0.02268	0.02161	0.01529	0.00955	0.00795	0.00241	0.00818	0.00740	0.00835	0.01330
10	0.01595	0.01473	0.02382	0.62375	0.05094	0.01840	0.02136	0.05436	0.01680	0.02181	0.01414	0.02080	0.01072	0.00837	0.00902	0.00268	0.05249	0.00705	0.00376	0.00906
11	0.74720	0.01502	0.01149	0.01031	0.01509	0.01738	0.00847	0.02312	0.01362	0.03534	0.01163	0.01354	0.00905	0.00744	0.00493	0.00243	0.00604	0.00442	0.03496	0.00854
12	0.01371	0.00865	0.01139	0.01040	0.01270	0.00791	0.00791	0.01738	0.02247	0.09758	0.60282	0.05595	0.06920	0.01556	0.00921	0.00249	0.00405	0.01369	0.00884	0.00809
13	0.01032	0.00719	0.00974	0.01147	0.01208	0.00682	0.00805	0.01171	0.01529	0.02031	0.04167	0.59172	0.04921	0.02462	0.01149	0.04968	0.00509	0.10005	0.00712	0.00637
14	0.64118	0.01505	0.01274	0.01092	0.01612	0.01659	0.00898	0.02472	0.01470	0.10405	0.01345	0.01467	0.01001	0.00752	0.00531	0.00236	0.00618	0.00472	0.00542	0.06532
15	0.01851	0.02284	0.09356	0.03262	0.04092	0.01993	0.59773	0.02538	0.01857	0.02538	0.01591	0.02105	0.01189	0.00675	0.00922	0.00266	0.01325	0.00910	0.00396	0.01077
16	0.00966	0.00690	0.00920	0.01104	0.01150	0.00644	0.00736	0.01104	0.01518	0.02024	0.04371	0.71614	0.05245	0.02484	0.01012	0.00322	0.00460	0.02254	0.00736	0.00644
17	0.01854	0.01774	0.03023	0.20096	0.52803	0.01856	0.02380	0.02339	0.01754	0.02459	0.01472	0.01998	0.01210	0.00727	0.00787	0.00242	0.00969	0.00706	0.00383	0.01169
18	0.03558	0.01350	0.01840	0.01411	0.02024	0.01166	0.01166	0.03865	0.02270	0.67734	0.03128	0.02699	0.01963	0.00981	0.00797	0.00245	0.00675	0.00797	0.00981	0.01350
19	0.06115	0.01417	0.02305	0.66035	0.05224	0.01763	0.02121	0.02045	0.01571	0.02119	0.01391	0.02064	0.01045	0.00789	0.00775	0.00263	0.01030	0.00688	0.00361	0.00880
20	0.00970	0.00812	0.00849	0.00860	0.01118	0.00691	0.00658	0.01189	0.01826	0.02200	0.10073	0.07661	0.59914	0.02006	0.00949	0.00274	0.00425	0.06107	0.00741	0.00677
21	0.01498	0.01409	0.02378	0.70226	0.05462	0.01762	0.02202	0.02026	0.01586	0.02026	0.01409	0.02114	0.01057	0.00793	0.00793	0.00264	0.01057	0.00705	0.00352	0.00881
22	0.03534	0.01388	0.01864	0.01429	0.02043	0.01222	0.01180	0.06516	0.02333	0.64992	0.03075	0.02664	0.01936	0.00980	0.00797	0.00245	0.00683	0.00794	0.00973	0.01349
23	0.01590	0.04102	0.68023	0.02260	0.03432	0.01842	0.02930	0.02511	0.01674	0.02511	0.01423	0.01674	0.01005	0.00753	0.00753	0.00251	0.01172	0.00586	0.00335	0.01172
24	0.01122	0.00811	0.01060	0.00998	0.01185	0.00748	0.00748	0.01496	0.02245	0.03180	0.66766	0.05923	0.07482	0.01621	0.00935	0.00249	0.00374	0.01434	0.00873	0.00748
25	0.01153	0.00769	0.00865	0.00865	0.00865	0.00769	0.00480	0.01153	0.01153	0.01538	0.02499	0.05189	0.02883	0.72131	0.04036	0.00769	0.00769	0.01153	0.00480	0.00480
26	0.10243	0.02319	0.02204	0.07408	0.02574	0.14383	0.01500	0.36010	0.06326	0.03828	0.01695	0.01824	0.01261	0.00919	0.00828	0.00241	0.03984	0.00657	0.00638	0.01157
27	0.03410	0.01317	0.01793	0.01386	0.01973	0.01140	0.01140	0.03721	0.02268	0.63824	0.06983	0.02894	0.02297	0.01020	0.00806	0.00246	0.00657	0.00836	0.00975	0.01313
28	0.00966	0.00690	0.00920	0.01104	0.01150	0.00644	0.00736	0.01104	0.01518	0.02024	0.04371	0.71614	0.05245	0.02484	0.01012	0.00322	0.00460	0.02254	0.00736	0.00644
29	0.02187	0.67116	0.04003	0.01412	0.02068	0.08390	0.01371	0.02438	0.01662	0.01872	0.01112	0.01285	0.01018	0.00689	0.00525	0.00172	0.00894	0.00431	0.00345	0.01010
30	0.02069	0.55298	0.16291	0.01572	0.02328	0.06875	0.01669	0.02449	0.01662	0.01994	0.01171	0.01359	0.01015	0.00701	0.00568	0.00187	0.00945	0.00460	0.00343	0.01041
31	0.01833	0.02160	0.08926	0.07102	0.06841	0.01931	0.43844	0.02654	0.08473	0.02592	0.01734	0.02159	0.01307	0.00723	0.00879	0.00259	0.01185	0.00862	0.00438	0.04097
32	0.06721	0.01872	0.02299	0.34328	0.03802	0.06973	0.01817	0.21918	0.02271	0.03045	0.01507	0.01919	0.01134	0.00885	0.00903	0.00256	0.06140	0.00676	0.00504	0.01029
33	0.08602	0.07803	0.52576	0.02041	0.03061	0.01925	0.02507	0.02628	0.06953	0.02635	0.01524	0.01721	0.01109	0.00774	0.00719	0.00247	0.01056	0.00588	0.00388	0.01141
34	0.02056	0.01618	0.04755	0.01408	0.02108	0.01284	0.03617	0.07028	0.04372	0.12686	0.01785	0.01895	0.01349	0.00703	0.00664	0.00163	0.00678	0.00578	0.00576	0.50676
35	0.01525	0.01463	0.02548	0.65287	0.05364	0.01780	0.06788	0.02064	0.01607	0.02064	0.01424	0.02116	0.01068	0.00784	0.00803	0.00265	0.01078	0.00722	0.00356	0.00895
36	0.01644	0.01409	0.01644	0.01175	0.01879	0.01057	0.00940	0.01997	0.01644	0.02584	0.01409	0.01644	0.01175	0.00587	0.00587	0.00117	0.00587	0.00470	0.00470	0.76979
37	0.01960	0.01588	0.01941	0.01421	0.02108	0.01370	0.04513	0.12269	0.04171	0.05405	0.01625	0.01796	0.01275	0.00682	0.00655	0.00155	0.00679	0.00561	0.00549	0.55277
38	0.00966	0.00690	0.00920	0.01104	0.01150	0.00644	0.00736	0.01104	0.01518	0.02024	0.04371	0.71614	0.05245	0.02484	0.01012	0.00322	0.00460	0.02254	0.00736	0.00644
39	0.02791	0.02086	0.02245	0.01751	0.02352	0.02288	0.01432	0.54366	0.08650	0.04639	0.02077	0.04463	0.01567	0.01000	0.00792	0.00238	0.00824	0.00772	0.00777	0.04889
40	0.01709	0.01700	0.02423	0.09414	0.02446	0.02357	0.01785	0.01921	0.01254	0.01921	0.01081	0.01776	0.01043	0.01324	0.02408	0.00338	0.63189	0.00695	0.00348	0.00869
41	0.01672	0.13218	0.57015	0.02181	0.03272	0.02022	0.05082	0.02494	0.01673	0.02426	0.01387	0.01638	0.01014	0.00740	0.00728	0.00241	0.01135	0.00578	0.00338	0.01147
42	0.02962	0.03779	0.02247	0.02043	0.02451	0.68948	0.01532	0.03166	0.02247	0.01941	0.01226	0.01430	0.01021	0.00817	0.00715	0.00204	0.01430	0.00511	0.00409	0.00919
43	0.00966	0.00690	0.00920	0.01104	0.01150	0.00644	0.00736	0.01104	0.01518	0.02024	0.04371	0.71614	0.05245	0.02484	0.01012	0.00322	0.00460	0.02254	0.00736	0.00644
44	0.00963	0.00702	0.00908	0.01073	0.01142	0.00647	0.00722	0.01108	0.01549	0.02037	0.04755	0.64907	0.11704	0.02434	0.01004	0.00316	0.00454	0.02193	0.00736	0.00647
45	0.00938	0.00798	0.00808	0.00816	0.01075	0.00668	0.00608	0.01137	0.01795	0.02137	0.07874	0.10413	0.64184	0.02029	0.00940	0.00270	0.00404	0.01699	0.00736	0.00668
46	0.02962	0.03779	0.02247	0.02043	0.02451	0.68948	0.01532	0.03166	0.02247	0.01941	0.01226	0.01430	0.01021	0.00817	0.00715	0.00204	0.01430	0.00511	0.00409	0.00919
47	0.01590	0.04102	0.68023	0.02260	0.03432	0.01842	0.02930	0.02511	0.01674	0.02511	0.01423	0.01674	0.01005	0.00753	0.00753	0.00251	0.01172	0.00586	0.00335	0.01172
48	0.00966	0.00690	0.00920	0.01104	0.01150	0.00644	0.00736	0.01104	0.01518	0.02024	0.04371	0.71614	0.05245	0.02484	0.01012	0.00322	0.00460	0.02254	0.00736	0.00644
49	0.00937	0.00803	0.00803	0.00803	0.01071	0.00669	0.00602	0.01138	0.01807	0.02142	0.08033	0.07632	0.66863	0.02008	0.00937	0.00268	0.00402	0.01674	0.00736	0.00669
50	0.01498	0.01409	0.02378	0.70226	0.05462	0.01762	0.02202	0.02026	0.01586	0.02026	0.01409	0.02114	0.01057	0.00793	0.00793	0.00264	0.01057	0.00705	0.00352	0.00881
51	0.01590	0.04102	0.68023	0.02260	0.03432	0.01842	0.02930	0.02511	0.01674	0.02511	0.01423	0.01674	0.01005	0.00753	0.00753	0.00251	0.01172	0.00586	0.00335	0.01172
52	0.01133	0.00850	0.01274	0.01274	0.01416	0.00991	0.00991	0.01416	0.01274	0.01841	0.02124	0.03115	0.01982	0.05947	0.68989	0.01274	0.02124	0.00850	0.00425	0.00708
53	0.00966	0.00690	0.00920	0.01104	0.01150	0.00644	0.00736	0.01104	0.01518	0.02024	0.04371	0.71614	0.05245	0.02484	0.01012	0.00322	0.00460	0.02254	0.00736	0.00644
54	0.01580	0.08660	0.52722	0.02097	0.03095	0.01811	0.05218	0.02366	0.01713	0.02493	0.06360	0.05019	0.01677	0.00884	0.00768	0.00249	0.01065	0.00724	0.00395	0.01102
55	0.01153	0.00769	0.00865	0.00865	0.00865	0.00769	0.00480	0.01153	0.01153	0.01538	0.02499	0.05189	0.02883	0.72131	0.04036	0.00769	0.00769	0.01153	0.00480	0.00480
56	0.02962	0.03779	0.02247	0.02043	0.02451	0.68948	0.01532	0.03166	0.02247	0.01941	0.01226	0.01430	0.01021	0.00817	0.00715	0.00204	0.01430	0.00511	0.00409	0.00919
57	0.02165	0.02014	0.03318	0.09640	0.57183	0.01994	0.05142	0.02554	0.01937	0.02760	0.01747	0.02332	0.01484	0.00889	0.00899	0.00287	0.01042	0.00795	0.00481	0.01336
58	0.01133	0.00850	0.01274	0.01274	0.01416	0.00991	0.00991	0.01416	0.01274	0.01841	0.02124	0.03115	0.01982	0.05947	0.68989	0.01274	0.02124	0.00850	0.00425	0.00708
59	0.01539	0.01467	0.02524	0.63754	0.08778	0.01779	0.04907	0.02071	0.01610	0.02079	0.01422	0.02107	0.01074	0.00783	0.00799	0.00263	0.01063	0.00715	0.00357	0.00910
60	0.01346	0.01178	0.01530	0.01459	0.01592	0.05338	0.01151	0.01606	0.01323	0.01858	0.01885	0.02778	0.01763	0.04858	0.53519	0.01051	0.13802	0.00803	0.00411	0.00748
61	0.02068	0.01682	0.01796	0.01602	0.02060	0.01924	0.01250	0.04193	0.61921	0.07205	0.03222	0.02943	0.02393	0.01070	0.00806	0.00268	0.00630	0.00891	0.00817	0.01261
62	0.03558	0.01350	0.01840	0.01411	0.02024	0.01166	0.01166	0.03865	0.02270	0.67734	0.03128	0.02699	0.01963	0.00981	0.00797	0.00245	0.00675	0.00797	0.00981	0.01350
63	0.03014	0.02221	0.02380	0.01825	0.02459	0.02459	0.01507	0.64541	0.03728	0.04998	0.01904	0.01904	0.01349	0.00952	0.00793	0.00238	0.00873	0.00714	0.00793	0.01349
64	0.01122	0.00811	0.01060	0.00998	0.01185	0.00748	0.00748	0.01496	0.02245	0.03180	0.66766	0.05923	0.07482	0.01621	0.00935	0.00249	0.00374	0.01434	0.00873	0.00748
65	0.00966	0.00690	0.00920	0.01104	0.01150	0.00644	0.00736	0.01104	0.01518	0.02024	0.04371	0.71614	0.05245	0.02484	0.01012	0.00322	0.00460	0.02254	0.00736	0.00644
66	0.01982	0.01676	0.01764	0.01566	0.02016	0.01908	0.01224	0.09472	0.54763	0.03373	0.03506	0.03251	0.07683	0.01142	0.00816	0.00266	0.00631	0.00944	0.00800	0.01215

[dist]
# distance from previous block
# <min> <max>
0	7

[block]
# block no. 2 follows, 24 sequences, length 44
# corresponding to MSA columns:
# 119-162
name=unknown_C
#
# <colnr> <probs for GDERKNQSTAVLIFYWHMCP>
#	G	D	E	R	K	N	Q	S	T	A	V	L	I	F	Y	W	H	M	C	P
0	0.03401	0.01580	0.05258	0.01497	0.02141	0.01335	0.01291	0.10136	0.02392	0.57866	0.02914	0.02564	0.01850	0.00967	0.00795	0.00245	0.00721	0.00778	0.00929	0.01340
1	0.01590	0.04102	0.68023	0.02260	0.03432	0.01842	0.02930	0.02511	0.01674	0.02511	0.01423	0.01674	0.01005	0.00753	0.00753	0.00251	0.01172	0.00586	0.00335	0.01172
2	0.03014	0.02221	0.02380	0.01825	0.02459	0.02459	0.01507	0.64541	0.03728	0.04998	0.01904	0.01904	0.01349	0.00952	0.00793	0.00238	0.00873	0.00714	0.00793	0.01349
3	0.74853	0.01504	0.01149	0.01031	0.01511	0.01740	0.00847	0.02313	0.01361	0.03535	0.01160	0.01351	0.00903	0.00743	0.00493	0.00243	0.00604	0.00441	0.03363	0.00854
4	0.01786	0.02002	0.04324	0.03131	0.03861	0.01877	0.58297	0.02404	0.01838	0.02491	0.01866	0.08705	0.01585	0.00840	0.00943	0.00273	0.01254	0.01060	0.00433	0.01029
5	0.01644	0.01409	0.01644	0.01175	0.01879	0.01057	0.00940	0.01997	0.01644	0.02584	0.01409	0.01644	0.01175	0.00587	0.00587	0.00117	0.00587	0.00470	0.00470	0.76979
6	0.01655	0.10904	0.59146	0.02212	0.03320	0.01978	0.05159	0.02499	0.01676	0.02448	0.01398	0.01652	0.01014	0.00743	0.00736	0.00244	0.01146	0.00583	0.00338	0.01152
7	0.01555	0.00931	0.01186	0.01074	0.01349	0.00851	0.00822	0.01950	0.04388	0.14490	0.42862	0.08790	0.13465	0.01579	0.00910	0.00255	0.00444	0.01373	0.00866	0.00858
8	0.01859	0.01608	0.01786	0.01338	0.01962	0.05044	0.01074	0.05296	0.01770	0.04799	0.01452	0.01688	0.01190	0.00697	0.00776	0.00151	0.06350	0.00514	0.00490	0.60156
9	0.00966	0.00690	0.00920	0.01104	0.01150	0.00644	0.00736	0.01104	0.01518	0.02024	0.04371	0.71614	0.05245	0.02484	0.01012	0.00322	0.00460	0.02254	0.00736	0.00644
10	0.02120	0.72609	0.04155	0.01357	0.02035	0.03138	0.01357	0.02374	0.01611	0.01866	0.01102	0.01272	0.01018	0.00678	0.00509	0.00170	0.00848	0.00424	0.00339	0.01018
11	0.01498	0.01409	0.02378	0.70226	0.05462	0.01762	0.02202	0.02026	0.01586	0.02026	0.01409	0.02114	0.01057	0.00793	0.00793	0.00264	0.01057	0.00705	0.00352	0.00881
12	0.01824	0.05729	0.13243	0.06807	0.04019	0.02023	0.49415	0.02500	0.01816	0.02475	0.01545	0.02032	0.01159	0.00688	0.00882	0.00260	0.01275	0.00850	0.00386	0.01071
13	0.01153	0.00769	0.00865	0.00865	0.00865	0.00769	0.00480	0.01153	0.01153	0.01538	0.02499	0.05189	0.02883	0.72131	0.04036	0.00769	0.00769	0.01153	0.00480	0.00480
14	0.01028	0.00740	0.00984	0.01137	0.01226	0.00696	0.00815	0.01226	0.01647	0.02195	0.10622	0.53368	0.07505	0.02338	0.01015	0.00320	0.00491	0.11230	0.00749	0.00668
15	0.03558	0.01350	0.01840	0.01411	0.02024	0.01166	0.01166	0.03865	0.02270	0.67734	0.03128	0.02699	0.01963	0.00981	0.00797	0.00245	0.00675	0.00797	0.00981	0.01350
16	0.02835	0.09698	0.02474	0.02028	0.05473	0.40305	0.01531	0.16667	0.04547	0.04994	0.01508	0.01639	0.01183	0.00843	0.00722	0.00213	0.01176	0.00579	0.00519	0.01065
17	0.01590	0.04102	0.68023	0.02260	0.03432	0.01842	0.02930	0.02511	0.01674	0.02511	0.01423	0.01674	0.01005	0.00753	0.00753	0.00251	0.01172	0.00586	0.00335	0.01172
18	0.00982	0.00701	0.00938	0.01122	0.01175	0.00658	0.00764	0.01132	0.01534	0.02042	0.04362	0.68430	0.05210	0.02469	0.01016	0.00324	0.00474	0.05282	0.00736	0.00648
19	0.02267	0.02516	0.02749	0.12638	0.35099	0.26491	0.02071	0.02648	0.01938	0.02276	0.01383	0.01788	0.01143	0.00759	0.00760	0.00228	0.01137	0.00634	0.00393	0.01082
20	0.01107	0.00806	0.01042	0.00992	0.01178	0.00740	0.00740	0.01463	0.02194	0.03082	0.61368	0.08552	0.10413	0.01674	0.00938	0.00253	0.00379	0.01478	0.00861	0.00740
21	0.02063	0.01406	0.01658	0.04043	0.01942	0.01487	0.01139	0.12589	0.21498	0.13384	0.25237	0.03761	0.03906	0.01222	0.00848	0.00253	0.00601	0.01034	0.00837	0.01092
22	0.01606	0.03992	0.64476	0.02321	0.03472	0.01851	0.06366	0.02513	0.01685	0.02513	0.01433	0.01700	0.01016	0.00749	0.00764	0.00252	0.01181	0.00606	0.00339	0.01166
23	0.02146	0.64466	0.07587	0.01436	0.02139	0.03024	0.01453	0.06219	0.01745	0.02095	0.01170	0.01333	0.01037	0.00699	0.00540	0.00178	0.00868	0.00451	0.00367	0.01047
24	0.02460	0.01530	0.01815	0.01419	0.02024	0.01425	0.01151	0.11460	0.12579	0.23080	0.02411	0.02503	0.01776	0.00900	0.00736	0.00208	0.00665	0.03061	0.00737	0.28061
25	0.09827	0.02158	0.02269	0.01753	0.02375	0.02397	0.01448	0.58869	0.03511	0.04866	0.01831	0.01848	0.01304	0.00932	0.00766	0.00239	0.00849	0.00688	0.00766	0.01304
26	0.03243	0.01854	0.02153	0.01650	0.02276	0.01914	0.01363	0.38991	0.03114	0.31415	0.02420	0.02239	0.01607	0.00964	0.00795	0.00241	0.00789	0.00749	0.00873	0.01349
27	0.02001	0.01750	0.02854	0.22190	0.42170	0.01852	0.02234	0.06868	0.01910	0.06223	0.01590	0.02040	0.01248	0.00763	0.00788	0.00244	0.00953	0.00712	0.00443	0.01166
28	0.02953	0.02021	0.02220	0.01734	0.02340	0.02201	0.01422	0.47312	0.11968	0.14078	0.02266	0.02166	0.01586	0.00973	0.00796	0.00243	0.00810	0.00751	0.00823	0.01336
29	0.01136	0.00819	0.01079	0.01037	0.01224	0.00762	0.00794	0.01509	0.02209	0.03111	0.61416	0.06182	0.07233	0.01670	0.00949	0.00259	0.00405	0.06600	0.00861	0.00747
30	0.01644	0.01409	0.01644	0.01175	0.01879	0.01057	0.00940	0.01997	0.01644	0.02584	0.01409	0.01644	0.01175	0.00587	0.00587	0.00117	0.00587	0.00470	0.00470	0.76979
31	0.00966	0.00690	0.00920	0.01104	0.01150	0.00644	0.00736	0.01104	0.01518	0.02024	0.04371	0.71614	0.05245	0.02484	0.01012	0.00322	0.00460	0.02254	0.00736	0.00644
32	0.00976	0.00694	0.00917	0.01092	0.01136	0.00650	0.00723	0.01107	0.01500	0.02000	0.04277	0.68281	0.05126	0.05979	0.01164	0.00344	0.00476	0.02199	0.00723	0.00636
33	0.01133	0.00850	0.01274	0.01274	0.01416	0.00991	0.00991	0.01416	0.01274	0.01841	0.02124	0.03115	0.01982	0.05947	0.68989	0.01274	0.02124	0.00850	0.00425	0.00708
34	0.69795	0.01607	0.01295	0.01126	0.01632	0.01851	0.00928	0.08940	0.01602	0.03711	0.01189	0.01354	0.00911	0.00759	0.00523	0.00245	0.00641	0.00460	0.00523	0.00911
35	0.01003	0.00729	0.00959	0.01108	0.01189	0.00666	0.00747	0.01152	0.01525	0.02054	0.04211	0.67841	0.05025	0.02382	0.00989	0.00311	0.00467	0.02158	0.00722	0.04760
36	0.01063	0.00761	0.00999	0.01053	0.01171	0.00711	0.00749	0.01318	0.01867	0.02579	0.34802	0.34055	0.06202	0.05372	0.01122	0.00309	0.00442	0.03943	0.00791	0.00690
37	0.06684	0.02139	0.02323	0.01810	0.02375	0.02422	0.01497	0.55253	0.03362	0.04622	0.01779	0.01856	0.01294	0.00984	0.00955	0.00249	0.07690	0.00698	0.00734	0.01277
38	0.01698	0.01680	0.02358	0.02032	0.02041	0.02340	0.01689	0.01878	0.01218	0.01904	0.01108	0.01820	0.01099	0.01669	0.06699	0.00404	0.66449	0.00704	0.00352	0.00858
39	0.01165	0.00768	0.00860	0.00860	0.00867	0.00768	0.00483	0.01179	0.01172	0.01591	0.02502	0.05106	0.02851	0.69463	0.03906	0.00747	0.00754	0.01138	0.03331	0.00490
40	0.01017	0.00728	0.00970	0.01102	0.01185	0.00681	0.00769	0.01217	0.01689	0.02288	0.17564	0.54205	0.05680	0.02285	0.01001	0.00309	0.00457	0.05417	0.00765	0.00671
41	0.06954	0.03176	0.02341	0.01995	0.02486	0.44890	0.04528	0.18964	0.02564	0.02848	0.01413	0.01579	0.01106	0.00840	0.00734	0.00218	0.01237	0.00579	0.00512	0.01034
42	0.07040	0.02280	0.02306	0.01796	0.02409	0.06526	0.01474	0.57399	0.03509	0.04731	0.01819	0.01841	0.01302	0.00932	0.00772	0.00236	0.00893	0.00686	0.00753	0.01296
43	0.30995	0.01830	0.01932	0.08035	0.08667	0.04370	0.01382	0.19943	0.06139	0.07212	0.01641	0.01788	0.01216	0.00836	0.00676	0.00244	0.00792	0.00613	0.00597	0.01091

[dist]
# distance from previous block
# <min> <max>
0	3

[block]
# block no. 3 follows, 24 sequences, length 20
# corresponding to MSA columns:
# 166-185
name=unknown_D
#
# <colnr> <probs for GDERKNQSTAVLIFYWHMCP>
#	G	D	E	R	K	N	Q	S	T	A	V	L	I	F	Y	W	H	M	C	P
0	0.02331	0.23894	0.03075	0.05366	0.16010	0.16218	0.01711	0.11609	0.02057	0.02503	0.01335	0.01620	0.01121	0.00821	0.00848	0.00220	0.07173	0.00580	0.00433	0.01077
1	0.41945	0.01544	0.01761	0.15513	0.11801	0.01754	0.01384	0.05743	0.01636	0.03129	0.03798	0.04066	0.01372	0.00846	0.00644	0.00250	0.00751	0.00638	0.00488	0.00937
2	0.62246	0.01723	0.05015	0.01203	0.01742	0.01817	0.01046	0.06354	0.05213	0.05568	0.01355	0.01487	0.01021	0.00777	0.00552	0.00247	0.00663	0.00494	0.00534	0.00944
3	0.01905	0.01825	0.03057	0.12015	0.49939	0.01886	0.05699	0.02574	0.08292	0.02596	0.01665	0.02091	0.01349	0.00752	0.00796	0.00244	0.00945	0.00738	0.00431	0.01202
4	0.01088	0.00798	0.01044	0.04017	0.01322	0.00761	0.00773	0.01355	0.01878	0.02582	0.36687	0.24154	0.09383	0.09024	0.01266	0.00324	0.00470	0.01616	0.00765	0.00693
5	0.01107	0.00749	0.00879	0.00924	0.00936	0.00738	0.00544	0.01141	0.01244	0.01658	0.02963	0.21660	0.03469	0.54862	0.03286	0.00658	0.00692	0.01426	0.00544	0.00521
6	0.00963	0.00702	0.00908	0.01074	0.01142	0.00647	0.00723	0.01108	0.01548	0.02036	0.04743	0.65102	0.11516	0.02436	0.01005	0.00317	0.00454	0.02195	0.00736	0.00647
7	0.01596	0.01530	0.02651	0.55574	0.15511	0.01796	0.05888	0.02123	0.01639	0.02149	0.01434	0.02091	0.01098	0.00771	0.00800	0.00260	0.01055	0.00719	0.00362	0.00954
8	0.51065	0.01979	0.01576	0.05252	0.02033	0.12521	0.01133	0.11165	0.01839	0.03416	0.01253	0.01444	0.00965	0.00782	0.00586	0.00239	0.00804	0.00498	0.00512	0.00938
9	0.07016	0.01694	0.01900	0.01468	0.02078	0.01681	0.01197	0.25691	0.06516	0.17452	0.02370	0.02311	0.04595	0.00913	0.00733	0.00213	0.00707	0.00712	0.00734	0.20021
10	0.09224	0.01432	0.01715	0.01373	0.01901	0.01382	0.01111	0.14960	0.02324	0.35770	0.02716	0.09396	0.02044	0.01082	0.00766	0.00241	0.00662	0.00876	0.05535	0.05490
11	0.02252	0.08730	0.01905	0.01403	0.01865	0.05331	0.01124	0.09081	0.11712	0.18262	0.08425	0.14137	0.02785	0.01223	0.00793	0.00239	0.00677	0.01018	0.00739	0.08299
12	0.03931	0.01493	0.01618	0.01291	0.01816	0.04716	0.01019	0.10678	0.04131	0.08376	0.11756	0.06594	0.05570	0.01026	0.00735	0.00195	0.00632	0.00843	0.00651	0.32929
13	0.02248	0.02060	0.05197	0.01929	0.06021	0.14371	0.04983	0.02952	0.14410	0.13572	0.04291	0.06377	0.03754	0.01073	0.00979	0.00250	0.07976	0.00849	0.00618	0.06091
14	0.05255	0.01750	0.02466	0.01961	0.04192	0.01747	0.13639	0.15506	0.13078	0.17887	0.02343	0.02537	0.01728	0.00920	0.00803	0.00243	0.00834	0.03187	0.00703	0.09222
15	0.06994	0.01621	0.02214	0.04274	0.02432	0.01559	0.10277	0.10648	0.09069	0.16997	0.02180	0.02457	0.01641	0.00875	0.00758	0.00223	0.00781	0.03570	0.00657	0.20772
16	0.05473	0.08090	0.11688	0.04469	0.05911	0.07752	0.01535	0.04769	0.09502	0.02676	0.08224	0.02226	0.01897	0.00889	0.00825	0.00218	0.05150	0.00679	0.00512	0.17515
17	0.16078	0.04646	0.04160	0.09412	0.11891	0.08513	0.01478	0.06033	0.04958	0.10309	0.06953	0.02187	0.01760	0.00860	0.00710	0.00229	0.00820	0.00679	0.00559	0.07764
18	0.06676	0.05328	0.02188	0.10940	0.02577	0.11992	0.01482	0.09494	0.08730	0.13383	0.01815	0.01994	0.01368	0.00955	0.01049	0.00249	0.12811	0.00667	0.00574	0.05729
19	0.12134	0.20367	0.10832	0.01530	0.02148	0.12257	0.01423	0.05789	0.05446	0.05740	0.06999	0.01972	0.01697	0.00839	0.00658	0.00210	0.00864	0.00607	0.00506	0.07980

[dist]
# distance from previous block
# <min> <max>
0	68

# created by:
# /st0/software/busco_prod/Augustus/scripts/msa2prfl.pl ./align_prep/125470.fa
