[name]
unknown

[dist]
# distance from previous block
# <min> <max>
13	81

[block]
# block no. 0 follows, 24 sequences, length 8
# corresponding to MSA columns:
# 95-102
name=unknown_A
#
# <colnr> <probs for GDERKNQSTAVLIFYWHMCP>
#	G	D	E	R	K	N	Q	S	T	A	V	L	I	F	Y	W	H	M	C	P
0	0.19038	0.01354	0.01879	0.30475	0.09548	0.01545	0.01572	0.01993	0.01581	0.02535	0.06599	0.06783	0.01864	0.01280	0.05291	0.00321	0.00903	0.00798	0.00463	0.04178
1	0.22875	0.01528	0.04097	0.10329	0.02363	0.01678	0.06116	0.02238	0.07260	0.04316	0.06079	0.05380	0.01907	0.04560	0.05600	0.00361	0.11103	0.00805	0.00512	0.00894
2	0.06961	0.01641	0.02223	0.13505	0.02799	0.01783	0.08513	0.24227	0.02320	0.03249	0.01977	0.08888	0.01709	0.01706	0.10326	0.00393	0.01059	0.00875	0.00578	0.05267
3	0.01533	0.00886	0.00912	0.00851	0.01090	0.00877	0.00643	0.06493	0.01808	0.02949	0.03015	0.03386	0.08317	0.04393	0.00776	0.00222	0.00438	0.00837	0.56729	0.03843
4	0.01513	0.01199	0.01533	0.04809	0.01767	0.01370	0.01125	0.09376	0.08000	0.02485	0.05169	0.33160	0.03333	0.01875	0.01389	0.06179	0.12825	0.01436	0.00638	0.00821
5	0.05742	0.01173	0.01686	0.19501	0.07491	0.01278	0.01339	0.01818	0.01598	0.06586	0.06183	0.23159	0.02876	0.06802	0.01203	0.00313	0.05210	0.01221	0.00564	0.04256
6	0.15750	0.01690	0.02059	0.13378	0.02727	0.01799	0.04445	0.18439	0.07471	0.11675	0.01860	0.01995	0.01347	0.00837	0.00720	0.00232	0.00797	0.00665	0.00626	0.11489
7	0.36146	0.01569	0.01625	0.07168	0.02124	0.01693	0.01139	0.13437	0.01992	0.15843	0.01733	0.01823	0.01238	0.00823	0.00637	0.00235	0.00697	0.00588	0.03563	0.05925

[dist]
# distance from previous block
# <min> <max>
14	36

[block]
# block no. 1 follows, 24 sequences, length 168
# corresponding to MSA columns:
# 139-306
name=unknown_B
#
# <colnr> <probs for GDERKNQSTAVLIFYWHMCP>
#	G	D	E	R	K	N	Q	S	T	A	V	L	I	F	Y	W	H	M	C	P
0	0.07630	0.01888	0.05237	0.12335	0.20947	0.01982	0.16469	0.02461	0.06984	0.02523	0.01546	0.02009	0.01240	0.00854	0.01094	0.00269	0.12298	0.00748	0.00422	0.01065
1	0.01425	0.01075	0.01327	0.01321	0.04607	0.01110	0.00953	0.01820	0.06791	0.07342	0.11168	0.08394	0.28733	0.04973	0.03779	0.00332	0.09091	0.01292	0.03645	0.00823
2	0.01813	0.01881	0.05448	0.08034	0.02766	0.04869	0.13736	0.02956	0.26468	0.02655	0.02521	0.04913	0.04977	0.01059	0.01050	0.00271	0.09441	0.00900	0.00574	0.03667
3	0.11461	0.01584	0.01990	0.01575	0.02158	0.01581	0.05991	0.07801	0.17725	0.29716	0.02573	0.02413	0.01780	0.00918	0.00757	0.00242	0.00714	0.00757	0.00782	0.07485
4	0.01486	0.06459	0.01574	0.03633	0.01665	0.01122	0.04037	0.04051	0.04653	0.07758	0.08565	0.40782	0.04076	0.01817	0.00901	0.00282	0.00583	0.01625	0.04106	0.00826
5	0.02148	0.01318	0.01631	0.06605	0.02024	0.01342	0.01138	0.12920	0.09599	0.19381	0.18625	0.09344	0.07874	0.01321	0.00858	0.00257	0.00623	0.01121	0.00819	0.01053
6	0.01902	0.01605	0.02343	0.31080	0.15876	0.03824	0.01862	0.06983	0.01801	0.07348	0.01649	0.02296	0.01340	0.06726	0.01193	0.00296	0.06545	0.00733	0.00459	0.04140
7	0.01698	0.01337	0.01484	0.01341	0.01616	0.06439	0.01054	0.12119	0.01848	0.02630	0.02038	0.02635	0.01742	0.03315	0.33308	0.00717	0.03792	0.00755	0.15542	0.04590
8	0.02497	0.02180	0.10357	0.01708	0.02322	0.02058	0.01532	0.44552	0.03103	0.04269	0.07108	0.02322	0.01873	0.01150	0.03119	0.00272	0.00873	0.00762	0.06735	0.01208
9	0.02129	0.60627	0.03826	0.01564	0.04979	0.08014	0.01401	0.02391	0.01652	0.01903	0.01180	0.01406	0.01076	0.00949	0.03895	0.00229	0.00959	0.00464	0.00351	0.01006
10	0.01247	0.01060	0.01455	0.06644	0.01831	0.03992	0.06142	0.03574	0.01684	0.02201	0.05629	0.52975	0.04337	0.02051	0.00966	0.00303	0.00633	0.01870	0.00671	0.00737
11	0.03018	0.01942	0.02174	0.01697	0.02303	0.02080	0.01392	0.42111	0.11095	0.20211	0.02370	0.02231	0.01633	0.00975	0.00796	0.00244	0.00793	0.00757	0.00841	0.01337
12	0.02603	0.02027	0.02117	0.01853	0.05210	0.07194	0.01415	0.26595	0.28121	0.10540	0.02489	0.02374	0.01811	0.00983	0.00793	0.00248	0.00800	0.00780	0.00771	0.01274
13	0.01746	0.02305	0.14538	0.17345	0.04307	0.01927	0.41114	0.02426	0.01779	0.02426	0.01533	0.02058	0.01140	0.00709	0.00876	0.00264	0.01251	0.00830	0.00380	0.01046
14	0.01967	0.02027	0.05602	0.04425	0.56389	0.04307	0.05392	0.02449	0.01813	0.02561	0.01481	0.01927	0.01232	0.00705	0.00780	0.00231	0.00972	0.00695	0.00395	0.04651
15	0.01136	0.00837	0.01208	0.01208	0.01327	0.00955	0.00908	0.01373	0.01255	0.01792	0.02185	0.03452	0.02128	0.16681	0.58455	0.01192	0.01904	0.00899	0.00434	0.00671
16	0.02490	0.02090	0.02076	0.01737	0.02260	0.07642	0.01383	0.29393	0.34594	0.03909	0.02510	0.02392	0.01857	0.01003	0.00794	0.00251	0.00796	0.00789	0.00769	0.01267
17	0.01094	0.00795	0.01060	0.01203	0.01329	0.00748	0.00909	0.01322	0.01658	0.02205	0.06899	0.44627	0.07071	0.02272	0.01017	0.00323	0.00544	0.20744	0.00730	0.03450
18	0.00944	0.00804	0.00813	0.00810	0.01075	0.00672	0.00608	0.01151	0.01823	0.02180	0.10167	0.07569	0.64705	0.01994	0.00937	0.00267	0.00401	0.01665	0.00741	0.00672
19	0.01133	0.00850	0.01274	0.01274	0.01416	0.00991	0.00991	0.01416	0.01274	0.01841	0.02124	0.03115	0.01982	0.05947	0.68989	0.01274	0.02124	0.00850	0.00425	0.00708
20	0.02291	0.01754	0.01954	0.09963	0.02512	0.04623	0.01389	0.14106	0.33616	0.11426	0.05806	0.02725	0.02204	0.01024	0.00804	0.00256	0.00748	0.00840	0.00758	0.01199
21	0.01047	0.00728	0.00915	0.01032	0.01067	0.00701	0.00665	0.01144	0.01398	0.01861	0.03682	0.44856	0.04357	0.27827	0.02116	0.00486	0.00584	0.04304	0.00643	0.00588
22	0.01639	0.01409	0.01670	0.03558	0.02003	0.01081	0.00983	0.01998	0.01642	0.02565	0.01409	0.01661	0.01170	0.00594	0.00594	0.00123	0.00603	0.00478	0.00466	0.74352
23	0.02116	0.01470	0.02098	0.01756	0.01996	0.01748	0.04221	0.02356	0.01604	0.20371	0.02428	0.05800	0.06835	0.01610	0.05716	0.00362	0.35061	0.00894	0.00581	0.00976
24	0.00954	0.00809	0.00827	0.00836	0.01099	0.00681	0.00636	0.01163	0.01808	0.02154	0.07845	0.07696	0.63808	0.02017	0.00945	0.00273	0.00418	0.04624	0.00736	0.00672
25	0.07868	0.01680	0.02743	0.28763	0.39063	0.01830	0.02222	0.02274	0.01688	0.02459	0.01430	0.01965	0.01151	0.00741	0.00764	0.00247	0.00958	0.00684	0.00386	0.01085
26	0.13374	0.00864	0.00973	0.01033	0.01197	0.00856	0.00733	0.01384	0.01642	0.02485	0.16312	0.38154	0.10640	0.05411	0.01055	0.00312	0.00478	0.01691	0.00711	0.00693
27	0.00965	0.00695	0.00915	0.01090	0.01147	0.00645	0.00730	0.01106	0.01531	0.02030	0.04538	0.68692	0.08059	0.02463	0.01009	0.00320	0.00457	0.02228	0.00736	0.00645
28	0.01498	0.01409	0.02378	0.70226	0.05462	0.01762	0.02202	0.02026	0.01586	0.02026	0.01409	0.02114	0.01057	0.00793	0.00793	0.00264	0.01057	0.00705	0.00352	0.00881
29	0.03282	0.01323	0.01775	0.01387	0.01958	0.01171	0.01136	0.03689	0.05380	0.59330	0.08304	0.02974	0.02434	0.01038	0.00809	0.00247	0.00648	0.00854	0.00964	0.01296
30	0.01063	0.00775	0.01003	0.01032	0.01180	0.00715	0.00751	0.01349	0.01965	0.02704	0.40187	0.26986	0.11404	0.01945	0.00965	0.00278	0.00416	0.03762	0.00814	0.00708
31	0.03014	0.02221	0.02380	0.01825	0.02459	0.02459	0.01507	0.64541	0.03728	0.04998	0.01904	0.01904	0.01349	0.00952	0.00793	0.00238	0.00873	0.00714	0.00793	0.01349
32	0.01535	0.01448	0.02446	0.64983	0.10412	0.01772	0.02221	0.02059	0.01603	0.02071	0.01416	0.02102	0.01073	0.00786	0.00792	0.00262	0.01048	0.00705	0.00356	0.00911
33	0.00997	0.00703	0.00911	0.01064	0.01102	0.00665	0.00693	0.01112	0.01457	0.01943	0.04058	0.60505	0.04850	0.14133	0.01518	0.00397	0.00512	0.02070	0.00693	0.00617
34	0.01963	0.01884	0.03219	0.04867	0.67185	0.01884	0.02434	0.02434	0.01806	0.02591	0.01492	0.01963	0.01256	0.00707	0.00785	0.00236	0.00942	0.00707	0.00393	0.01256
35	0.00979	0.00700	0.00931	0.01096	0.01153	0.00652	0.00737	0.01136	0.01576	0.02117	0.09375	0.66345	0.05424	0.02415	0.01006	0.00316	0.00453	0.02189	0.00747	0.00652
36	0.00986	0.00723	0.00919	0.01059	0.01148	0.00666	0.00727	0.01147	0.01591	0.02086	0.07438	0.54653	0.14587	0.04727	0.01103	0.00328	0.00468	0.04260	0.00733	0.00650
37	0.01872	0.02139	0.04679	0.03342	0.04144	0.02005	0.64305	0.02540	0.01872	0.02540	0.01604	0.02139	0.01203	0.00668	0.00936	0.00267	0.01337	0.00936	0.00401	0.01070
38	0.01972	0.01703	0.01793	0.01614	0.02062	0.01972	0.01255	0.04214	0.65752	0.03317	0.03228	0.02959	0.02421	0.01076	0.00807	0.00269	0.00628	0.00897	0.00807	0.01255
39	0.46402	0.01456	0.01451	0.01198	0.01741	0.01520	0.00988	0.02979	0.01738	0.30665	0.01959	0.01884	0.01325	0.00840	0.00620	0.00245	0.00639	0.00585	0.00698	0.01066
40	0.00973	0.00803	0.00845	0.00835	0.01082	0.00685	0.00621	0.01194	0.01853	0.02282	0.16877	0.07288	0.55609	0.04280	0.01040	0.00282	0.00410	0.01619	0.00749	0.00675
41	0.01972	0.01703	0.01793	0.01614	0.02062	0.01972	0.01255	0.04214	0.65752	0.03317	0.03228	0.02959	0.02421	0.01076	0.00807	0.00269	0.00628	0.00897	0.00807	0.01255
42	0.07682	0.01031	0.01278	0.01178	0.01482	0.00989	0.00932	0.02169	0.04495	0.17224	0.27359	0.07473	0.07444	0.04990	0.01045	0.00296	0.00549	0.10686	0.00812	0.00887
43	0.01337	0.00882	0.01134	0.01058	0.01271	0.00829	0.00790	0.01758	0.04992	0.07964	0.52055	0.09835	0.06479	0.04789	0.01064	0.00278	0.00432	0.01403	0.00852	0.00798
44	0.01060	0.00831	0.00968	0.01012	0.01197	0.00773	0.00728	0.01423	0.06671	0.02369	0.16563	0.30999	0.28408	0.02048	0.00955	0.00285	0.00436	0.01790	0.00766	0.00719
45	0.00965	0.00694	0.00916	0.01093	0.01147	0.00645	0.00731	0.01105	0.01529	0.02029	0.04504	0.69279	0.07493	0.02467	0.01009	0.00320	0.00458	0.02233	0.00736	0.00645
46	0.01644	0.01409	0.01644	0.01175	0.01879	0.01057	0.00940	0.01997	0.01644	0.02584	0.01409	0.01644	0.01175	0.00587	0.00587	0.00117	0.00587	0.00470	0.00470	0.76979
47	0.01895	0.01427	0.01680	0.01239	0.01911	0.01146	0.00992	0.02400	0.07067	0.10250	0.01762	0.01877	0.01371	0.00674	0.00630	0.00145	0.00601	0.00544	0.00558	0.61832
48	0.01113	0.00814	0.01047	0.00999	0.01192	0.00748	0.00756	0.01473	0.02194	0.03067	0.59772	0.06171	0.12139	0.01673	0.00941	0.00255	0.00389	0.03658	0.00857	0.00741
49	0.01135	0.00838	0.01215	0.01212	0.01339	0.00953	0.00918	0.01388	0.01304	0.01865	0.05121	0.03495	0.02343	0.13778	0.58003	0.01166	0.01880	0.00913	0.00452	0.00682
50	0.04698	0.00879	0.01175	0.01145	0.01319	0.00946	0.00868	0.01504	0.01493	0.04315	0.13124	0.04018	0.07375	0.11948	0.40565	0.00900	0.01452	0.01015	0.00547	0.00715
51	0.01118	0.00793	0.01014	0.01137	0.01216	0.00771	0.00790	0.03800	0.01587	0.02109	0.03944	0.50520	0.04619	0.13712	0.01505	0.00396	0.00559	0.09057	0.00696	0.00657
52	0.01164	0.00878	0.01263	0.01247	0.01360	0.01023	0.00945	0.01398	0.01253	0.01796	0.02133	0.03377	0.02080	0.16112	0.55744	0.01152	0.05074	0.00890	0.00430	0.00680
53	0.01250	0.00883	0.01062	0.01105	0.01201	0.00883	0.00737	0.08043	0.01641	0.02191	0.03495	0.42496	0.04055	0.24871	0.01968	0.00458	0.00605	0.01730	0.00660	0.00668
54	0.01843	0.02056	0.04215	0.03082	0.03719	0.02093	0.51392	0.02410	0.01736	0.02410	0.01488	0.02056	0.01170	0.00817	0.01280	0.00284	0.15647	0.00886	0.00390	0.01028
55	0.74762	0.01634	0.03774	0.01090	0.01608	0.01781	0.00940	0.02338	0.01362	0.03517	0.01117	0.01303	0.00864	0.00737	0.00501	0.00246	0.00635	0.00436	0.00485	0.00871
56	0.01982	0.32741	0.07970	0.01892	0.02547	0.02262	0.17064	0.04461	0.01783	0.06511	0.01932	0.07299	0.03728	0.01086	0.03221	0.00262	0.00983	0.00795	0.00459	0.01022
57	0.02069	0.01005	0.01326	0.01140	0.01483	0.00902	0.00892	0.02406	0.02177	0.27667	0.34828	0.07436	0.04864	0.01363	0.00857	0.00246	0.00492	0.01176	0.06700	0.00972
58	0.02764	0.02027	0.02205	0.01699	0.02326	0.02168	0.01393	0.48102	0.08698	0.07391	0.02006	0.01995	0.01445	0.00914	0.00767	0.00225	0.00804	0.00700	0.00759	0.11613
59	0.07179	0.00958	0.01145	0.01115	0.01290	0.00983	0.00800	0.06410	0.01737	0.04520	0.15678	0.22090	0.04009	0.17565	0.10476	0.00514	0.00778	0.01361	0.00661	0.00732
60	0.01619	0.01203	0.01343	0.01235	0.01449	0.01300	0.00881	0.12399	0.14693	0.02558	0.02739	0.09460	0.02740	0.34886	0.05404	0.00552	0.00793	0.03306	0.00625	0.00814
61	0.01018	0.00749	0.01029	0.01268	0.04108	0.00704	0.00813	0.01182	0.01565	0.02103	0.07120	0.65466	0.05169	0.02365	0.00998	0.00315	0.00478	0.02147	0.00727	0.00676
62	0.01133	0.00789	0.01026	0.01032	0.01192	0.00724	0.00749	0.01425	0.02003	0.04564	0.43162	0.25876	0.09568	0.01885	0.00955	0.00272	0.00410	0.01677	0.00828	0.00729
63	0.19388	0.01916	0.01873	0.01528	0.02059	0.05116	0.01240	0.32485	0.10674	0.06993	0.01972	0.01999	0.01442	0.00912	0.00705	0.00238	0.00760	0.00670	0.06873	0.01159
64	0.01296	0.01110	0.01403	0.04517	0.01686	0.06478	0.01090	0.01585	0.01367	0.01857	0.02019	0.02934	0.01863	0.05298	0.60367	0.01142	0.02019	0.00816	0.00420	0.00733
65	0.02788	0.01970	0.02150	0.01715	0.02295	0.02165	0.01395	0.40237	0.20970	0.12137	0.02424	0.02297	0.01724	0.00990	0.00798	0.00248	0.00780	0.00775	0.00820	0.01322
66	0.01925	0.01662	0.01747	0.01576	0.02016	0.01912	0.01225	0.04072	0.62802	0.03263	0.03449	0.03174	0.05393	0.01119	0.00813	0.00269	0.00617	0.00932	0.00804	0.01228
67	0.71783	0.01519	0.01220	0.01072	0.01573	0.01730	0.00883	0.02454	0.01423	0.08706	0.01267	0.01401	0.00947	0.00756	0.00515	0.00245	0.00618	0.00459	0.00530	0.00898
68	0.00996	0.00833	0.00872	0.00873	0.01126	0.00727	0.00650	0.01290	0.04450	0.02262	0.12071	0.11860	0.55284	0.01974	0.00937	0.00270	0.00413	0.01665	0.00750	0.00698
69	0.03558	0.01350	0.01840	0.01411	0.02024	0.01166	0.01166	0.03865	0.02270	0.67734	0.03128	0.02699	0.01963	0.00981	0.00797	0.00245	0.00675	0.00797	0.00981	0.01350
70	0.05007	0.00904	0.01166	0.01123	0.01354	0.00837	0.00832	0.01854	0.01927	0.15614	0.26872	0.30597	0.05214	0.01789	0.00918	0.00277	0.00478	0.01581	0.00824	0.00833
71	0.01131	0.00760	0.00871	0.00893	0.00898	0.00754	0.00510	0.01147	0.01196	0.01594	0.02717	0.12950	0.03159	0.63995	0.03683	0.00717	0.00733	0.01282	0.00510	0.00500
72	0.03362	0.01306	0.01778	0.01378	0.01957	0.01132	0.01132	0.03675	0.02268	0.62556	0.08233	0.02958	0.02406	0.01033	0.00809	0.00246	0.00651	0.00849	0.00973	0.01301
73	0.44234	0.01478	0.01466	0.01224	0.01757	0.01565	0.01004	0.03048	0.06623	0.27505	0.02023	0.01943	0.01391	0.00854	0.00629	0.00247	0.00637	0.00603	0.00698	0.01072
74	0.03809	0.00853	0.01061	0.00991	0.01197	0.00796	0.00737	0.01568	0.02095	0.05639	0.52426	0.05701	0.11053	0.07249	0.01163	0.00292	0.00428	0.01369	0.00823	0.00749
75	0.01278	0.00913	0.01278	0.01460	0.01643	0.00913	0.01278	0.01643	0.01825	0.02373	0.04199	0.08945	0.04564	0.02191	0.01095	0.00365	0.00730	0.61847	0.00730	0.00730
76	0.00966	0.00690	0.00920	0.01104	0.01150	0.00644	0.00736	0.01104	0.01518	0.02024	0.04371	0.71614	0.05245	0.02484	0.01012	0.00322	0.00460	0.02254	0.00736	0.00644
77	0.01136	0.00836	0.01208	0.01208	0.01326	0.00955	0.00908	0.01373	0.01255	0.01791	0.02185	0.03454	0.02130	0.16758	0.58380	0.01192	0.01903	0.00899	0.00434	0.00671
78	0.02496	0.01789	0.01954	0.01625	0.02151	0.01970	0.01301	0.23422	0.34706	0.12920	0.02952	0.02742	0.04197	0.01054	0.00806	0.00256	0.00705	0.00850	0.00825	0.01279
79	0.02222	0.01053	0.01344	0.01166	0.01556	0.00919	0.00915	0.02472	0.01989	0.33535	0.07327	0.13208	0.21147	0.03972	0.00992	0.00284	0.00563	0.03496	0.00850	0.00991
80	0.03014	0.02221	0.02380	0.01825	0.02459	0.02459	0.01507	0.64541	0.03728	0.04998	0.01904	0.01904	0.01349	0.00952	0.00793	0.00238	0.00873	0.00714	0.00793	0.01349
81	0.01690	0.01679	0.02228	0.01946	0.01987	0.05167	0.01602	0.01883	0.01271	0.01899	0.01230	0.01951	0.01197	0.02122	0.13581	0.00495	0.56155	0.00712	0.00363	0.00843
82	0.01111	0.00793	0.01014	0.01033	0.01108	0.00829	0.00700	0.01242	0.01281	0.01740	0.02953	0.11335	0.07431	0.36093	0.26976	0.00870	0.01201	0.01193	0.00505	0.00593
83	0.01277	0.00805	0.00984	0.00986	0.01097	0.00758	0.00652	0.01412	0.01560	0.07280	0.13756	0.22037	0.09026	0.32202	0.02280	0.00493	0.00592	0.01487	0.00668	0.00649
84	0.01535	0.01448	0.02446	0.64983	0.10412	0.01772	0.02221	0.02059	0.01603	0.02071	0.01416	0.02102	0.01073	0.00786	0.00792	0.00262	0.01048	0.00705	0.00356	0.00911
85	0.01599	0.01489	0.02420	0.59271	0.07842	0.01847	0.02148	0.04606	0.01655	0.02165	0.01405	0.02070	0.01077	0.00841	0.00931	0.00268	0.06374	0.00704	0.00372	0.00916
86	0.01110	0.00808	0.01031	0.00976	0.01160	0.00743	0.00724	0.01452	0.02158	0.03020	0.59112	0.06018	0.11802	0.05116	0.01088	0.00276	0.00396	0.01439	0.00843	0.00729
87	0.01099	0.00810	0.01028	0.00973	0.01170	0.00738	0.00730	0.01451	0.02190	0.03050	0.59390	0.06138	0.14940	0.01670	0.00936	0.00252	0.00378	0.01464	0.00856	0.00738
88	0.77733	0.01534	0.01166	0.01043	0.01534	0.01779	0.00859	0.02331	0.01350	0.03558	0.01104	0.01288	0.00859	0.00736	0.00491	0.00245	0.00613	0.00429	0.00491	0.00859
89	0.01338	0.01021	0.01507	0.09971	0.05320	0.01063	0.01447	0.01728	0.01795	0.02342	0.03727	0.07774	0.03976	0.01948	0.01043	0.00347	0.00780	0.51431	0.00668	0.00774
90	0.01267	0.00905	0.01265	0.01448	0.01626	0.00903	0.01259	0.01624	0.01815	0.02361	0.04205	0.11108	0.04587	0.02201	0.01092	0.00364	0.00721	0.59790	0.00730	0.00727
91	0.01133	0.00850	0.01274	0.01274	0.01416	0.00991	0.00991	0.01416	0.01274	0.01841	0.02124	0.03115	0.01982	0.05947	0.68989	0.01274	0.02124	0.00850	0.00425	0.00708
92	0.00964	0.00699	0.00911	0.01081	0.01144	0.00646	0.00726	0.01107	0.01540	0.02033	0.04651	0.66716	0.09962	0.02448	0.01006	0.00318	0.00456	0.02210	0.00736	0.00646
93	0.02185	0.67339	0.04009	0.01409	0.02067	0.08176	0.01370	0.02435	0.01660	0.01871	0.01112	0.01284	0.01018	0.00689	0.00525	0.00172	0.00893	0.00431	0.00345	0.01010
94	0.02157	0.05553	0.07472	0.01561	0.02230	0.06875	0.01362	0.19892	0.02265	0.03150	0.01506	0.01689	0.01185	0.00760	0.00749	0.00181	0.03693	0.00559	0.00534	0.36626
95	0.02755	0.02092	0.02234	0.01772	0.02360	0.02338	0.01444	0.49500	0.19192	0.04579	0.02234	0.02167	0.01616	0.00983	0.00797	0.00246	0.00812	0.00759	0.00797	0.01325
96	0.07893	0.02001	0.05952	0.08479	0.11752	0.01919	0.39705	0.02393	0.01753	0.02543	0.01599	0.04370	0.01294	0.00783	0.00935	0.00266	0.04041	0.00871	0.00410	0.01042
97	0.02237	0.01694	0.01871	0.04167	0.02218	0.01908	0.01301	0.09263	0.50321	0.11245	0.03034	0.02805	0.02222	0.01043	0.00804	0.00263	0.00670	0.00862	0.00810	0.01261
98	0.01763	0.01474	0.01599	0.01465	0.01852	0.01645	0.01150	0.05663	0.45104	0.03178	0.10871	0.04179	0.09014	0.01311	0.00857	0.00274	0.00596	0.06100	0.00801	0.01104
99	0.00966	0.00690	0.00920	0.01104	0.01150	0.00644	0.00736	0.01104	0.01518	0.02024	0.04371	0.71614	0.05245	0.02484	0.01012	0.00322	0.00460	0.02254	0.00736	0.00644
100	0.01963	0.01884	0.03219	0.04867	0.67185	0.01884	0.02434	0.02434	0.01806	0.02591	0.01492	0.01963	0.01256	0.00707	0.00785	0.00236	0.00942	0.00707	0.00393	0.01256
101	0.01122	0.00811	0.01060	0.00998	0.01185	0.00748	0.00748	0.01496	0.02245	0.03180	0.66766	0.05923	0.07482	0.01621	0.00935	0.00249	0.00374	0.01434	0.00873	0.00748
102	0.03037	0.02185	0.02357	0.01807	0.02441	0.02406	0.01493	0.62030	0.03668	0.07593	0.01955	0.01937	0.01374	0.00953	0.00793	0.00238	0.00864	0.00717	0.00801	0.01349
103	0.01735	0.01735	0.02429	0.02082	0.02082	0.02429	0.01735	0.01908	0.01214	0.01908	0.01041	0.01735	0.01041	0.01388	0.02602	0.00347	0.70680	0.00694	0.00347	0.00867
104	0.00981	0.00701	0.00938	0.01122	0.01174	0.00657	0.00763	0.01131	0.01533	0.02041	0.04362	0.68541	0.05211	0.02470	0.01016	0.00324	0.00473	0.05176	0.00736	0.00648
105	0.02179	0.01806	0.01909	0.01655	0.02141	0.02069	0.01305	0.16148	0.53482	0.03650	0.02966	0.02750	0.02209	0.01051	0.00804	0.00263	0.00676	0.00860	0.00804	0.01274
106	0.01153	0.00769	0.00865	0.00865	0.00865	0.00769	0.00480	0.01153	0.01153	0.01538	0.02499	0.05189	0.02883	0.72131	0.04036	0.00769	0.00769	0.01153	0.00480	0.00480
107	0.01377	0.00689	0.01033	0.01033	0.01033	0.00689	0.00689	0.01033	0.01033	0.01377	0.01377	0.02410	0.01377	0.02755	0.03099	0.76928	0.00689	0.00689	0.00344	0.00344
108	0.77733	0.01534	0.01166	0.01043	0.01534	0.01779	0.00859	0.02331	0.01350	0.03558	0.01104	0.01288	0.00859	0.00736	0.00491	0.00245	0.00613	0.00429	0.00491	0.00859
109	0.01810	0.01737	0.02900	0.19626	0.32495	0.01936	0.06916	0.04243	0.01705	0.02392	0.01446	0.02019	0.01201	0.01046	0.03753	0.00303	0.12282	0.00727	0.00391	0.01071
110	0.01498	0.01409	0.02378	0.70226	0.05462	0.01762	0.02202	0.02026	0.01586	0.02026	0.01409	0.02114	0.01057	0.00793	0.00793	0.00264	0.01057	0.00705	0.00352	0.00881
111	0.01990	0.02190	0.05994	0.26184	0.09042	0.13171	0.11294	0.07237	0.01882	0.02376	0.01407	0.01905	0.01107	0.00857	0.01028	0.00260	0.09974	0.00700	0.00405	0.00995
112	0.02078	0.67114	0.09278	0.01429	0.02147	0.03034	0.01483	0.02385	0.01616	0.01917	0.01128	0.01304	0.01017	0.00684	0.00528	0.00176	0.00874	0.00437	0.00339	0.01030
113	0.01167	0.01102	0.04555	0.01263	0.01560	0.00924	0.05749	0.01547	0.04145	0.02381	0.14353	0.14624	0.28497	0.04408	0.01069	0.00304	0.00584	0.10311	0.00703	0.00756
114	0.01166	0.00888	0.01348	0.01299	0.01464	0.00999	0.03259	0.01450	0.01321	0.01899	0.02333	0.03318	0.04153	0.08448	0.59073	0.01146	0.01920	0.00890	0.02916	0.00711
115	0.01028	0.00741	0.00979	0.01097	0.01195	0.00692	0.00778	0.01243	0.01728	0.02335	0.19545	0.48535	0.07843	0.02236	0.00998	0.00306	0.00459	0.06816	0.00769	0.00677
116	0.01651	0.01445	0.01818	0.03628	0.02112	0.01128	0.04090	0.02024	0.01654	0.02563	0.01419	0.01685	0.01172	0.00598	0.00611	0.00130	0.00640	0.00501	0.00462	0.70670
117	0.01115	0.00810	0.01050	0.00990	0.01180	0.00745	0.00743	0.01482	0.02228	0.03139	0.64475	0.05990	0.09799	0.01636	0.00935	0.00250	0.00375	0.01443	0.00868	0.00745
118	0.02916	0.02212	0.02251	0.01783	0.02373	0.07630	0.01450	0.47085	0.11607	0.09336	0.02116	0.02065	0.01510	0.00960	0.00789	0.00240	0.00870	0.00728	0.00779	0.01302
119	0.02120	0.72609	0.04155	0.01357	0.02035	0.03138	0.01357	0.02374	0.01611	0.01866	0.01102	0.01272	0.01018	0.00678	0.00509	0.00170	0.00848	0.00424	0.00339	0.01018
120	0.01085	0.00809	0.01008	0.00958	0.01161	0.00732	0.00718	0.01423	0.02155	0.02968	0.54763	0.06273	0.19618	0.01700	0.00936	0.00253	0.00380	0.01483	0.00845	0.00732
121	0.01259	0.00900	0.01255	0.01426	0.01604	0.00895	0.01234	0.01617	0.01834	0.02398	0.07091	0.11092	0.04723	0.02175	0.01085	0.00358	0.00704	0.56886	0.00737	0.00728
122	0.01961	0.01693	0.01788	0.01599	0.02056	0.01941	0.01244	0.04139	0.63586	0.03292	0.03166	0.02914	0.02379	0.01059	0.00799	0.00264	0.00626	0.00882	0.00795	0.03814
123	0.00995	0.00790	0.00899	0.00964	0.01145	0.00710	0.00687	0.01253	0.04051	0.02185	0.09047	0.33453	0.36684	0.02150	0.00963	0.00289	0.00432	0.01871	0.00745	0.00684
124	0.50088	0.01533	0.01417	0.01215	0.01695	0.01703	0.00993	0.11656	0.01802	0.10783	0.01583	0.01898	0.01228	0.00991	0.00776	0.05654	0.00669	0.02780	0.00589	0.00946
125	0.02120	0.72609	0.04155	0.01357	0.02035	0.03138	0.01357	0.02374	0.01611	0.01866	0.01102	0.01272	0.01018	0.00678	0.00509	0.00170	0.00848	0.00424	0.00339	0.01018
126	0.02044	0.01663	0.01784	0.01575	0.02023	0.01887	0.01232	0.08959	0.53398	0.05621	0.08212	0.03101	0.02723	0.01106	0.00816	0.00264	0.00629	0.00921	0.00817	0.01225
127	0.71740	0.01589	0.01263	0.01106	0.01608	0.01833	0.00911	0.07321	0.01540	0.03673	0.01168	0.01338	0.00898	0.00753	0.00515	0.00245	0.00634	0.00452	0.00515	0.00898
128	0.02225	0.64007	0.03917	0.01443	0.02087	0.11362	0.01379	0.02473	0.01691	0.01875	0.01118	0.01292	0.01018	0.00696	0.00535	0.00174	0.00921	0.00435	0.00348	0.01005
129	0.02530	0.01876	0.02065	0.01644	0.02225	0.01990	0.01346	0.37722	0.13144	0.06991	0.02262	0.02583	0.01756	0.01007	0.00785	0.00234	0.00769	0.05178	0.00749	0.13145
130	0.05280	0.01423	0.04158	0.10306	0.04647	0.01331	0.01294	0.02343	0.04697	0.14247	0.12036	0.05168	0.04567	0.01053	0.00903	0.00230	0.06024	0.00853	0.00624	0.18817
131	0.20083	0.02568	0.02046	0.02013	0.08833	0.29960	0.01428	0.09746	0.04268	0.02837	0.04574	0.01793	0.01410	0.00878	0.00786	0.00232	0.04450	0.00602	0.00503	0.00989
132	0.01590	0.04102	0.68023	0.02260	0.03432	0.01842	0.02930	0.02511	0.01674	0.02511	0.01423	0.01674	0.01005	0.00753	0.00753	0.00251	0.01172	0.00586	0.00335	0.01172
133	0.01837	0.01487	0.01731	0.04657	0.04725	0.01582	0.01237	0.05943	0.33304	0.05573	0.07911	0.03640	0.06776	0.01165	0.00817	0.00252	0.00642	0.05572	0.00729	0.10421
134	0.00941	0.00789	0.00818	0.00841	0.01081	0.00666	0.00619	0.01134	0.01771	0.02127	0.07573	0.15674	0.59118	0.02068	0.00947	0.00275	0.00409	0.01747	0.00736	0.00666
135	0.00981	0.00696	0.00916	0.01085	0.01127	0.00654	0.00716	0.01108	0.01489	0.01985	0.04220	0.66286	0.05055	0.08071	0.01255	0.00358	0.00485	0.02166	0.00716	0.00631
136	0.01703	0.01591	0.02618	0.31598	0.31868	0.01767	0.02143	0.02300	0.05915	0.02343	0.01623	0.02184	0.01309	0.01187	0.06260	0.00333	0.01064	0.00730	0.00406	0.01056
137	0.00986	0.00699	0.00914	0.01078	0.01119	0.00658	0.00709	0.01109	0.01479	0.01972	0.04169	0.64464	0.04991	0.09981	0.01338	0.00370	0.00493	0.02136	0.00709	0.00626
138	0.01905	0.01825	0.03114	0.12986	0.59518	0.01869	0.02405	0.02383	0.01778	0.02521	0.01481	0.01981	0.01231	0.00717	0.00786	0.00239	0.00956	0.00706	0.00388	0.01209
139	0.01528	0.01436	0.02415	0.60700	0.05069	0.01745	0.05169	0.02134	0.04541	0.02126	0.01628	0.02462	0.01285	0.00863	0.00814	0.00269	0.01036	0.03486	0.00393	0.00900
140	0.01134	0.00846	0.01258	0.01258	0.01393	0.00982	0.00970	0.01405	0.01269	0.01828	0.02139	0.03201	0.02019	0.08669	0.66318	0.01254	0.02068	0.00862	0.00427	0.00699
141	0.03014	0.02221	0.02380	0.01825	0.02459	0.02459	0.01507	0.64541	0.03728	0.04998	0.01904	0.01904	0.01349	0.00952	0.00793	0.00238	0.00873	0.00714	0.00793	0.01349
142	0.02362	0.04117	0.01989	0.01565	0.02023	0.02031	0.01275	0.32630	0.15703	0.03899	0.02220	0.02299	0.01672	0.00996	0.00877	0.00240	0.06064	0.00745	0.16136	0.01158
143	0.02179	0.01697	0.01903	0.01430	0.02088	0.01593	0.01158	0.22712	0.07488	0.05458	0.01771	0.01868	0.01356	0.00758	0.00679	0.00173	0.00687	0.00594	0.00619	0.43790
144	0.01866	0.21763	0.27277	0.05654	0.06060	0.05339	0.13471	0.02456	0.01701	0.02270	0.01346	0.01677	0.01060	0.00749	0.00805	0.00234	0.04222	0.00619	0.00355	0.01076
145	0.01907	0.01650	0.01851	0.01828	0.07218	0.01872	0.01311	0.03863	0.55761	0.03248	0.07953	0.03106	0.02715	0.01088	0.00815	0.00265	0.00633	0.00922	0.00779	0.01216
146	0.01098	0.00774	0.01020	0.01168	0.01248	0.00751	0.00855	0.01280	0.01543	0.02039	0.03958	0.39477	0.04581	0.15763	0.01618	0.00421	0.00603	0.20477	0.00685	0.00639
147	0.01133	0.00850	0.01274	0.01274	0.01416	0.00991	0.00991	0.01416	0.01274	0.01841	0.02124	0.03115	0.01982	0.05947	0.68989	0.01274	0.02124	0.00850	0.00425	0.00708
148	0.01152	0.00772	0.00884	0.00884	0.00890	0.00779	0.00504	0.01165	0.01159	0.01551	0.02481	0.05095	0.02842	0.69109	0.07002	0.00792	0.00831	0.01139	0.00478	0.00491
149	0.02865	0.02127	0.02278	0.01773	0.02369	0.02359	0.01450	0.57557	0.08381	0.04740	0.02027	0.02107	0.01488	0.03617	0.00915	0.00260	0.00850	0.00744	0.00783	0.01309
150	0.01773	0.01532	0.01691	0.01586	0.04859	0.01652	0.01171	0.03385	0.44860	0.03043	0.05710	0.03442	0.10483	0.01136	0.00800	0.00248	0.00600	0.00952	0.00741	0.10334
151	0.01505	0.01409	0.02288	0.33263	0.06767	0.01744	0.04886	0.01905	0.01459	0.02011	0.01510	0.02258	0.01284	0.02101	0.16947	0.00514	0.16162	0.00747	0.00372	0.00866
152	0.01064	0.00764	0.00985	0.01051	0.01126	0.00773	0.00714	0.01202	0.01368	0.01839	0.03517	0.28653	0.08629	0.24492	0.19445	0.00699	0.00978	0.01511	0.00578	0.00613
153	0.77733	0.01534	0.01166	0.01043	0.01534	0.01779	0.00859	0.02331	0.01350	0.03558	0.01104	0.01288	0.00859	0.00736	0.00491	0.00245	0.00613	0.00429	0.00491	0.00859
154	0.01629	0.01521	0.02531	0.51910	0.06914	0.01834	0.06839	0.04887	0.01685	0.02242	0.01461	0.02100	0.01121	0.00840	0.00940	0.00266	0.06627	0.00723	0.03007	0.00923
155	0.01108	0.00810	0.01040	0.00982	0.01176	0.00742	0.00737	0.01468	0.02210	0.03098	0.62118	0.06059	0.12182	0.01652	0.00935	0.00251	0.00376	0.01453	0.00862	0.00742
156	0.01138	0.00836	0.01121	0.04117	0.01390	0.00795	0.00831	0.01509	0.02171	0.03053	0.59145	0.08573	0.07003	0.01639	0.00937	0.00257	0.00420	0.03477	0.00839	0.00749
157	0.02120	0.72609	0.04155	0.01357	0.02035	0.03138	0.01357	0.02374	0.01611	0.01866	0.01102	0.01272	0.01018	0.00678	0.00509	0.00170	0.00848	0.00424	0.00339	0.01018
158	0.01828	0.01810	0.04966	0.19958	0.42512	0.01823	0.05055	0.04428	0.01806	0.02509	0.01619	0.05141	0.01382	0.00816	0.00803	0.00248	0.00970	0.00783	0.00411	0.01132
159	0.01942	0.10554	0.09544	0.09955	0.03352	0.07286	0.25176	0.07342	0.01892	0.02467	0.01624	0.06153	0.01379	0.00897	0.00968	0.00257	0.06935	0.00827	0.00430	0.01020
160	0.57579	0.01484	0.01349	0.01143	0.01667	0.01612	0.00942	0.02748	0.01600	0.20995	0.01654	0.01672	0.01159	0.00803	0.00574	0.00245	0.00630	0.00529	0.00624	0.00992
161	0.01153	0.00769	0.00865	0.00865	0.00865	0.00769	0.00480	0.01153	0.01153	0.01538	0.02499	0.05189	0.02883	0.72131	0.04036	0.00769	0.00769	0.01153	0.00480	0.00480
162	0.05131	0.05827	0.49744	0.02393	0.10860	0.01805	0.02553	0.02411	0.01717	0.02598	0.06408	0.02003	0.01525	0.00811	0.00751	0.00246	0.01046	0.00653	0.00390	0.01130
163	0.01883	0.02019	0.08167	0.11180	0.52986	0.01875	0.05489	0.02404	0.01777	0.02525	0.01484	0.01964	0.01214	0.00717	0.00791	0.00241	0.00991	0.00708	0.00384	0.01203
164	0.01122	0.00811	0.01060	0.00998	0.01185	0.00748	0.00748	0.01496	0.02245	0.03180	0.66766	0.05923	0.07482	0.01621	0.00935	0.00249	0.00374	0.01434	0.00873	0.00748
165	0.01153	0.00769	0.00865	0.00865	0.00865	0.00769	0.00480	0.01153	0.01153	0.01538	0.02499	0.05189	0.02883	0.72131	0.04036	0.00769	0.00769	0.01153	0.00480	0.00480
166	0.77733	0.01534	0.01166	0.01043	0.01534	0.01779	0.00859	0.02331	0.01350	0.03558	0.01104	0.01288	0.00859	0.00736	0.00491	0.00245	0.00613	0.00429	0.00491	0.00859
167	0.02153	0.01854	0.02087	0.09800	0.07801	0.06069	0.01483	0.19592	0.21987	0.03305	0.02403	0.02499	0.04327	0.01187	0.03896	0.00288	0.00875	0.00783	0.00646	0.06964

[dist]
# distance from previous block
# <min> <max>
0	3

# created by:
# /st0/software/busco_prod/Augustus/scripts/msa2prfl.pl ./align_prep/125596.fa
