[name]
unknown

[dist]
# distance from previous block
# <min> <max>
0	6

[block]
# block no. 0 follows, 26 sequences, length 36
# corresponding to MSA columns:
# 6-41
name=unknown_A
#
# <colnr> <probs for GDERKNQSTAVLIFYWHMCP>
#	G	D	E	R	K	N	Q	S	T	A	V	L	I	F	Y	W	H	M	C	P
0	0.06291	0.00912	0.01215	0.01371	0.01565	0.00927	0.01196	0.01615	0.01716	0.02344	0.03822	0.08077	0.04133	0.02004	0.01010	0.00342	0.00691	0.59378	0.00683	0.00706
1	0.02155	0.36887	0.14927	0.01583	0.02274	0.12329	0.01573	0.08996	0.01870	0.04269	0.01282	0.01433	0.01041	0.00711	0.00598	0.00187	0.00928	0.00487	0.00405	0.06066
2	0.06277	0.01504	0.02267	0.41452	0.15380	0.03910	0.03652	0.02173	0.06537	0.02226	0.01662	0.06670	0.01399	0.00866	0.00756	0.00249	0.00916	0.00770	0.00412	0.00922
3	0.01629	0.12262	0.35222	0.02159	0.09348	0.01785	0.06271	0.04531	0.01672	0.02369	0.01669	0.09555	0.01474	0.00882	0.00723	0.00228	0.00945	0.00748	0.00398	0.06132
4	0.00924	0.00660	0.00880	0.01056	0.01100	0.00616	0.00704	0.01056	0.01452	0.01936	0.04181	0.72848	0.05017	0.02376	0.00968	0.00308	0.00440	0.02156	0.00704	0.00616
5	0.02386	0.20162	0.07598	0.01870	0.04073	0.19062	0.05770	0.19612	0.07489	0.02815	0.01513	0.01642	0.01182	0.00787	0.00681	0.00209	0.00993	0.00586	0.00497	0.01072
6	0.01651	0.21842	0.52632	0.01940	0.02940	0.02079	0.02417	0.02369	0.01586	0.02244	0.01283	0.01503	0.00964	0.00702	0.00661	0.00220	0.01042	0.00521	0.00321	0.01083
7	0.04831	0.15152	0.38517	0.02113	0.09993	0.01864	0.02152	0.02220	0.01539	0.02258	0.01395	0.01741	0.01113	0.01387	0.10267	0.00360	0.01146	0.00575	0.00345	0.01031
8	0.01793	0.02953	0.43187	0.01868	0.02728	0.01650	0.02157	0.06516	0.10201	0.09283	0.02225	0.02486	0.04917	0.00919	0.00758	0.00247	0.00932	0.03564	0.00504	0.01114
9	0.01046	0.01133	0.08748	0.01285	0.01527	0.00835	0.05343	0.01304	0.01530	0.02037	0.04170	0.51067	0.13024	0.02011	0.00926	0.00290	0.00565	0.01816	0.00640	0.00703
10	0.01698	0.02198	0.13087	0.13541	0.04064	0.01861	0.47383	0.02350	0.01722	0.02350	0.01482	0.01981	0.01103	0.00669	0.00850	0.00253	0.01216	0.00815	0.00368	0.01009
11	0.02069	0.54542	0.12700	0.01507	0.02185	0.12105	0.01527	0.02394	0.01633	0.01879	0.01113	0.01290	0.00972	0.00677	0.00546	0.00178	0.00930	0.00438	0.00333	0.00981
12	0.01030	0.00773	0.00968	0.01097	0.01194	0.00759	0.00754	0.01389	0.08798	0.02079	0.04219	0.62041	0.07615	0.02205	0.00943	0.00300	0.00455	0.01986	0.00712	0.00682
13	0.01041	0.00758	0.01066	0.01116	0.01206	0.00823	0.00808	0.01233	0.01269	0.01769	0.02698	0.23243	0.02913	0.14489	0.40925	0.00889	0.01390	0.01239	0.00499	0.00628
14	0.03011	0.01382	0.01756	0.01397	0.01932	0.01309	0.01134	0.10655	0.09535	0.50023	0.02948	0.07166	0.02067	0.01041	0.00777	0.00241	0.00648	0.00856	0.00884	0.01236
15	0.01318	0.00659	0.00988	0.00988	0.00988	0.00659	0.00659	0.00988	0.00988	0.01318	0.01318	0.02306	0.01318	0.02635	0.02964	0.77931	0.00659	0.00659	0.00329	0.00329
16	0.00927	0.00746	0.00827	0.00857	0.01056	0.00646	0.00624	0.01129	0.01727	0.02163	0.15375	0.21310	0.46018	0.01968	0.00912	0.00265	0.00393	0.01689	0.00723	0.00646
17	0.01923	0.65664	0.03668	0.01289	0.01881	0.02772	0.01259	0.02169	0.01505	0.01782	0.01163	0.01413	0.01076	0.01211	0.08272	0.00280	0.00947	0.00451	0.00334	0.00940
18	0.01846	0.01785	0.03090	0.08669	0.61943	0.01800	0.05070	0.02308	0.01717	0.02443	0.01427	0.01893	0.01188	0.00679	0.00758	0.00228	0.00924	0.00685	0.00373	0.01172
19	0.01049	0.00800	0.00829	0.00804	0.01080	0.00669	0.00609	0.01248	0.01756	0.06139	0.07398	0.07012	0.64254	0.01861	0.00888	0.00255	0.00400	0.01550	0.00719	0.00680
20	0.01677	0.01495	0.01733	0.04396	0.05756	0.04129	0.01072	0.03838	0.01662	0.02489	0.01359	0.01608	0.01122	0.00596	0.00592	0.00132	0.00643	0.00480	0.00447	0.64777
21	0.00963	0.00677	0.00869	0.01006	0.01040	0.00642	0.00650	0.01066	0.01375	0.01834	0.03787	0.57925	0.04520	0.17978	0.01604	0.00402	0.00505	0.01925	0.00650	0.00582
22	0.02883	0.02125	0.02276	0.01745	0.02352	0.02352	0.01442	0.66082	0.03566	0.04780	0.01821	0.01821	0.01290	0.00911	0.00759	0.00228	0.00835	0.00683	0.00759	0.01290
23	0.01432	0.01348	0.02275	0.71520	0.05224	0.01685	0.02107	0.01938	0.01517	0.01938	0.01348	0.02022	0.01011	0.00758	0.00758	0.00253	0.01011	0.00674	0.00337	0.00843
24	0.01846	0.01458	0.01683	0.01224	0.01884	0.01209	0.00987	0.11251	0.01888	0.05859	0.01492	0.01655	0.01182	0.00629	0.00599	0.00135	0.00605	0.00497	0.00516	0.63401
25	0.01768	0.01687	0.02821	0.04222	0.61078	0.01673	0.02133	0.02190	0.01727	0.02430	0.02124	0.02482	0.08681	0.00815	0.00767	0.00229	0.00843	0.00779	0.00412	0.01139
26	0.01482	0.01399	0.02365	0.64067	0.12289	0.01698	0.02131	0.01981	0.01540	0.01998	0.01357	0.02006	0.01032	0.00749	0.00758	0.00250	0.00999	0.00674	0.00341	0.00883
27	0.02494	0.03033	0.02256	0.02156	0.07016	0.49685	0.01572	0.02701	0.01891	0.01894	0.01150	0.01472	0.00997	0.00900	0.01106	0.00229	0.17637	0.00542	0.00376	0.00891
28	0.00900	0.00753	0.00784	0.00808	0.01035	0.00637	0.00594	0.01084	0.01691	0.02034	0.07201	0.16333	0.59582	0.01984	0.00906	0.00263	0.00392	0.01677	0.00704	0.00637
29	0.02255	0.01617	0.01896	0.11188	0.02479	0.01806	0.01352	0.14281	0.36135	0.14607	0.02615	0.02504	0.01885	0.00956	0.00766	0.00248	0.00705	0.00786	0.00738	0.01182
30	0.01493	0.01445	0.02270	0.68537	0.05101	0.04628	0.02079	0.01985	0.01544	0.01934	0.01341	0.01994	0.01010	0.00759	0.00755	0.00250	0.01026	0.00666	0.00339	0.00844
31	0.02028	0.73799	0.03975	0.01298	0.01947	0.03001	0.01298	0.02271	0.01541	0.01785	0.01055	0.01217	0.00973	0.00649	0.00487	0.00162	0.00811	0.00406	0.00324	0.00973
32	0.01103	0.00735	0.00827	0.00827	0.00827	0.00735	0.00460	0.01103	0.01103	0.01471	0.02390	0.04964	0.02758	0.73343	0.03861	0.00735	0.00735	0.01103	0.00460	0.00460
33	0.02883	0.02125	0.02276	0.01745	0.02352	0.02352	0.01442	0.66082	0.03566	0.04780	0.01821	0.01821	0.01290	0.00911	0.00759	0.00228	0.00835	0.00683	0.00759	0.01290
34	0.02028	0.73799	0.03975	0.01298	0.01947	0.03001	0.01298	0.02271	0.01541	0.01785	0.01055	0.01217	0.00973	0.00649	0.00487	0.00162	0.00811	0.00406	0.00324	0.00973
35	0.75891	0.01460	0.01139	0.01011	0.01484	0.01680	0.00832	0.02284	0.01324	0.05856	0.01128	0.01283	0.00861	0.00713	0.00480	0.00235	0.00589	0.00424	0.00487	0.00839

[dist]
# distance from previous block
# <min> <max>
1	26

[block]
# block no. 1 follows, 26 sequences, length 20
# corresponding to MSA columns:
# 68-87
name=unknown_B
#
# <colnr> <probs for GDERKNQSTAVLIFYWHMCP>
#	G	D	E	R	K	N	Q	S	T	A	V	L	I	F	Y	W	H	M	C	P
0	0.01142	0.00815	0.01130	0.01305	0.01444	0.00804	0.01082	0.01432	0.01667	0.02180	0.04061	0.25937	0.04541	0.02171	0.01026	0.00338	0.00629	0.46920	0.00700	0.00676
1	0.02243	0.01154	0.01470	0.01258	0.01661	0.01099	0.01010	0.02867	0.13094	0.32067	0.21122	0.04124	0.05903	0.01251	0.00829	0.00250	0.00554	0.06144	0.00854	0.01047
2	0.03403	0.01291	0.01760	0.01350	0.01936	0.01115	0.01115	0.03697	0.02171	0.69137	0.02992	0.02582	0.01878	0.00939	0.00763	0.00235	0.00645	0.00763	0.00939	0.01291
3	0.01521	0.03923	0.69413	0.02162	0.03283	0.01762	0.02802	0.02402	0.01601	0.02402	0.01361	0.01601	0.00961	0.00721	0.00721	0.00240	0.01121	0.00560	0.00320	0.01121
4	0.01027	0.00768	0.00952	0.00918	0.01107	0.00694	0.00684	0.01336	0.02019	0.02765	0.51491	0.09432	0.20664	0.01675	0.00899	0.00246	0.00368	0.01462	0.00799	0.00694
5	0.01051	0.00774	0.00982	0.00930	0.01119	0.00706	0.00698	0.01387	0.02093	0.02914	0.60400	0.05877	0.15048	0.01598	0.00895	0.00241	0.00361	0.01401	0.00818	0.00706
6	0.01843	0.02005	0.09428	0.04417	0.62358	0.01798	0.02373	0.02335	0.01715	0.02471	0.01420	0.01851	0.01178	0.00680	0.00748	0.00227	0.00922	0.00665	0.00370	0.01194
7	0.01477	0.01383	0.01940	0.01715	0.01748	0.01867	0.01395	0.01656	0.01171	0.01783	0.01354	0.02233	0.01349	0.07887	0.19099	0.00579	0.49506	0.00734	0.00360	0.00764
8	0.01143	0.00816	0.00993	0.00967	0.00985	0.00884	0.00615	0.01191	0.01123	0.01536	0.02237	0.04452	0.02511	0.59011	0.12436	0.00768	0.06343	0.01032	0.00443	0.00516
9	0.01089	0.00740	0.00879	0.00890	0.00910	0.00754	0.00535	0.01131	0.01140	0.01536	0.02460	0.09040	0.02795	0.60502	0.11856	0.00768	0.00876	0.01134	0.00469	0.00496
10	0.01573	0.01348	0.01573	0.01123	0.01798	0.01011	0.00899	0.01910	0.01573	0.02472	0.01348	0.01573	0.01123	0.00562	0.00562	0.00112	0.00562	0.00449	0.00449	0.77980
11	0.01835	0.01759	0.03002	0.11056	0.62544	0.01791	0.02307	0.02291	0.01707	0.02426	0.01419	0.01891	0.01183	0.00684	0.00752	0.00228	0.00912	0.00676	0.00372	0.01167
12	0.00967	0.00713	0.00898	0.01005	0.01099	0.00675	0.00698	0.01118	0.01462	0.01908	0.04477	0.43330	0.16843	0.10586	0.07002	0.00423	0.00607	0.04924	0.00652	0.00612
13	0.01065	0.00775	0.01002	0.00945	0.01128	0.00712	0.00709	0.01415	0.02127	0.02993	0.65235	0.05746	0.10164	0.01569	0.00895	0.00239	0.00359	0.01383	0.00829	0.00712
14	0.01865	0.51347	0.25001	0.01575	0.02376	0.02603	0.01781	0.02313	0.01561	0.01983	0.01153	0.01340	0.00969	0.00672	0.00562	0.00187	0.00911	0.00455	0.00323	0.01021
15	0.00970	0.00713	0.00923	0.01053	0.01152	0.00654	0.00738	0.01140	0.01531	0.02031	0.06832	0.56865	0.10982	0.02223	0.00952	0.00297	0.00455	0.06704	0.00701	0.03084
16	0.01852	0.01857	0.02305	0.01969	0.02049	0.07926	0.01626	0.06966	0.01432	0.02060	0.01075	0.01648	0.01017	0.01250	0.02205	0.00312	0.60559	0.00651	0.00370	0.00870
17	0.02841	0.03375	0.02170	0.01920	0.02346	0.59369	0.01462	0.13171	0.02377	0.02327	0.01277	0.01441	0.01027	0.00802	0.00696	0.00201	0.01282	0.00520	0.00450	0.00945
18	0.01059	0.00784	0.01146	0.01174	0.01288	0.00884	0.00885	0.01294	0.01251	0.01775	0.02395	0.14314	0.02440	0.08433	0.55959	0.01049	0.01713	0.01043	0.00457	0.00657
19	0.01475	0.01193	0.01293	0.01181	0.01504	0.01266	0.00910	0.05584	0.29323	0.02927	0.19620	0.04549	0.19535	0.01358	0.00819	0.00247	0.00489	0.01146	0.04655	0.00928

[dist]
# distance from previous block
# <min> <max>
0	1

[block]
# block no. 2 follows, 26 sequences, length 17
# corresponding to MSA columns:
# 89-105
name=unknown_C
#
# <colnr> <probs for GDERKNQSTAVLIFYWHMCP>
#	G	D	E	R	K	N	Q	S	T	A	V	L	I	F	Y	W	H	M	C	P
0	0.07149	0.01522	0.01794	0.01351	0.01975	0.01383	0.04001	0.10960	0.09153	0.05720	0.01663	0.01787	0.01291	0.00690	0.00629	0.00164	0.00641	0.00557	0.00546	0.47022
1	0.03087	0.01432	0.01797	0.01394	0.01935	0.01363	0.01133	0.17654	0.02396	0.48675	0.02674	0.02614	0.01820	0.07174	0.01029	0.00276	0.00696	0.00774	0.00857	0.01219
2	0.02386	0.02558	0.01928	0.01700	0.02016	0.37054	0.01312	0.11936	0.02087	0.02409	0.01483	0.01846	0.01244	0.04071	0.01080	0.00241	0.11592	0.00602	0.11564	0.00890
3	0.05884	0.02189	0.02275	0.01930	0.06849	0.07435	0.01479	0.54356	0.03241	0.04346	0.01714	0.01767	0.01241	0.00876	0.00741	0.00225	0.00870	0.00657	0.00693	0.01234
4	0.01936	0.01563	0.01885	0.10856	0.07908	0.01760	0.01388	0.05444	0.43638	0.08034	0.02857	0.02771	0.04597	0.00989	0.00772	0.00251	0.00681	0.00835	0.00692	0.01142
5	0.01845	0.02001	0.09313	0.02581	0.03329	0.01667	0.43534	0.02423	0.01788	0.08002	0.04015	0.02116	0.01407	0.00693	0.00822	0.00232	0.01078	0.00810	0.00450	0.11894
6	0.08162	0.02160	0.09794	0.02925	0.03698	0.01887	0.55014	0.02411	0.01732	0.02508	0.01480	0.01940	0.01107	0.00652	0.00845	0.00253	0.01208	0.00826	0.00385	0.01015
7	0.01877	0.01802	0.03079	0.04656	0.68612	0.01802	0.02328	0.02328	0.01727	0.02478	0.01427	0.01877	0.01201	0.00676	0.00751	0.00225	0.00901	0.00676	0.00375	0.01201
8	0.01061	0.00838	0.01283	0.06568	0.01660	0.00819	0.05536	0.01292	0.01557	0.02082	0.08512	0.52066	0.04540	0.02044	0.00948	0.00298	0.00559	0.06996	0.00663	0.00677
9	0.11140	0.02147	0.02013	0.07656	0.02410	0.14050	0.01378	0.33978	0.09037	0.03641	0.01727	0.01826	0.01281	0.00862	0.00706	0.00226	0.00876	0.00635	0.03311	0.01097
10	0.02833	0.03615	0.02149	0.01954	0.02345	0.70298	0.01466	0.03029	0.02149	0.01856	0.01172	0.01368	0.00977	0.00782	0.00684	0.00195	0.01368	0.00489	0.00391	0.00879
11	0.01318	0.00659	0.00988	0.00988	0.00988	0.00659	0.00659	0.00988	0.00988	0.01318	0.01318	0.02306	0.01318	0.02635	0.02964	0.77931	0.00659	0.00659	0.00329	0.00329
12	0.11615	0.07529	0.02042	0.01601	0.02072	0.27529	0.01273	0.21366	0.05381	0.02978	0.02047	0.02104	0.07490	0.00920	0.00691	0.00216	0.00949	0.00653	0.00551	0.00993
13	0.01284	0.00960	0.01173	0.01203	0.01376	0.01002	0.00880	0.01899	0.16191	0.04963	0.08665	0.41657	0.07187	0.01888	0.00969	0.00289	0.03262	0.03638	0.00724	0.00792
14	0.00924	0.00660	0.00880	0.01056	0.01100	0.00616	0.00704	0.01056	0.01452	0.01936	0.04181	0.72848	0.05017	0.02376	0.00968	0.00308	0.00440	0.02156	0.00704	0.00616
15	0.02833	0.03615	0.02149	0.01954	0.02345	0.70298	0.01466	0.03029	0.02149	0.01856	0.01172	0.01368	0.00977	0.00782	0.00684	0.00195	0.01368	0.00489	0.00391	0.00879
16	0.01497	0.01414	0.02391	0.61880	0.14363	0.01702	0.02138	0.01994	0.01547	0.02016	0.01359	0.02001	0.01039	0.00746	0.00757	0.00249	0.00995	0.00674	0.00343	0.00894

[dist]
# distance from previous block
# <min> <max>
0	5

[block]
# block no. 3 follows, 26 sequences, length 47
# corresponding to MSA columns:
# 111-157
name=unknown_D
#
# <colnr> <probs for GDERKNQSTAVLIFYWHMCP>
#	G	D	E	R	K	N	Q	S	T	A	V	L	I	F	Y	W	H	M	C	P
0	0.01827	0.01750	0.02987	0.12286	0.61378	0.01789	0.02303	0.02283	0.01703	0.02416	0.01418	0.01894	0.01180	0.00685	0.00752	0.00228	0.00914	0.00676	0.00371	0.01161
1	0.01074	0.00775	0.01014	0.00954	0.01133	0.00716	0.00716	0.01431	0.02147	0.03042	0.68211	0.05666	0.07157	0.01551	0.00895	0.00239	0.00358	0.01372	0.00835	0.00716
2	0.01103	0.00735	0.00827	0.00827	0.00827	0.00735	0.00460	0.01103	0.01103	0.01471	0.02390	0.04964	0.02758	0.73343	0.03861	0.00735	0.00735	0.01103	0.00460	0.00460
3	0.02699	0.02087	0.02141	0.01661	0.02254	0.06991	0.01355	0.49150	0.05364	0.06510	0.01801	0.01819	0.01303	0.00863	0.00729	0.00212	0.00824	0.00649	0.00700	0.10887
4	0.01845	0.01770	0.03021	0.09446	0.64071	0.01794	0.02312	0.02300	0.01712	0.02439	0.01421	0.01888	0.01188	0.00682	0.00751	0.00227	0.00909	0.00676	0.00373	0.01176
5	0.00935	0.00665	0.00877	0.01042	0.01084	0.00623	0.00689	0.01059	0.01431	0.01908	0.04073	0.68778	0.04881	0.06631	0.01142	0.00334	0.00458	0.02093	0.00689	0.00607
6	0.02578	0.20788	0.05734	0.01784	0.02291	0.44784	0.01484	0.08155	0.02094	0.02112	0.01207	0.01380	0.01002	0.00757	0.00643	0.00192	0.01174	0.00488	0.00402	0.00949
7	0.01079	0.00731	0.00829	0.00843	0.00859	0.00721	0.00485	0.01099	0.01161	0.01536	0.02782	0.10624	0.05987	0.64222	0.03486	0.00678	0.00695	0.01212	0.00491	0.00481
8	0.01681	0.01615	0.02190	0.01875	0.01989	0.04451	0.04340	0.06400	0.01415	0.02059	0.01350	0.04224	0.01295	0.01959	0.12705	0.00453	0.48024	0.00741	0.00391	0.00842
9	0.01036	0.00774	0.00961	0.00915	0.01110	0.00700	0.00686	0.01358	0.02058	0.02830	0.55281	0.06015	0.20220	0.01630	0.00895	0.00242	0.00363	0.01421	0.00807	0.00700
10	0.01675	0.01413	0.01627	0.01184	0.01843	0.01141	0.00949	0.06346	0.04618	0.02659	0.01457	0.01645	0.01188	0.00606	0.00584	0.00127	0.00582	0.00483	0.00485	0.69388
11	0.01564	0.03626	0.62556	0.02055	0.03097	0.01671	0.02607	0.02389	0.01657	0.04943	0.05647	0.01895	0.01387	0.00781	0.00733	0.00240	0.01055	0.00619	0.00376	0.01102
12	0.04666	0.27003	0.38730	0.02061	0.08865	0.02178	0.02179	0.02345	0.01581	0.02241	0.01253	0.01484	0.00982	0.00692	0.00636	0.00213	0.00976	0.00514	0.00333	0.01068
13	0.01672	0.01347	0.01480	0.01379	0.01711	0.01504	0.01072	0.05968	0.41125	0.02968	0.08253	0.08708	0.03053	0.03994	0.00926	0.00281	0.00581	0.07610	0.05355	0.01014
14	0.03592	0.00781	0.00979	0.00956	0.01131	0.00728	0.00707	0.01377	0.01987	0.02818	0.52135	0.15199	0.11459	0.01669	0.00891	0.00250	0.00379	0.01470	0.00794	0.00699
15	0.01881	0.01991	0.07178	0.24360	0.33897	0.07772	0.02147	0.07319	0.01837	0.02437	0.01407	0.01854	0.01115	0.00732	0.00746	0.00232	0.00985	0.00652	0.00392	0.01066
16	0.01807	0.01857	0.05618	0.17146	0.51937	0.03827	0.02280	0.02278	0.01695	0.02354	0.01402	0.01878	0.01149	0.00696	0.00749	0.00230	0.00945	0.00665	0.00366	0.01121
17	0.00916	0.00769	0.00796	0.00789	0.01037	0.00649	0.00592	0.01127	0.01776	0.02161	0.14502	0.07116	0.61416	0.01879	0.00896	0.00254	0.00381	0.01575	0.00719	0.00649
18	0.01517	0.00924	0.01177	0.01070	0.01341	0.00862	0.00833	0.01964	0.06308	0.14200	0.43629	0.05274	0.11209	0.01478	0.00873	0.00247	0.00445	0.04980	0.00829	0.00838
19	0.01284	0.01006	0.01437	0.01362	0.01575	0.01001	0.07565	0.05941	0.07029	0.02423	0.07314	0.42199	0.04040	0.01830	0.00906	0.00284	0.00575	0.06165	0.05295	0.00768
20	0.02702	0.02267	0.02140	0.04927	0.02378	0.14974	0.01412	0.46667	0.03064	0.03960	0.01724	0.01817	0.01265	0.00877	0.00728	0.00219	0.00909	0.00648	0.06171	0.01150
21	0.02089	0.01730	0.01829	0.01585	0.02050	0.01981	0.01250	0.16658	0.54283	0.03500	0.02830	0.02625	0.02107	0.01005	0.00769	0.00251	0.00648	0.00822	0.00769	0.01219
22	0.02417	0.01383	0.01699	0.01269	0.01895	0.01167	0.01032	0.06814	0.04038	0.29984	0.02108	0.02043	0.01481	0.00754	0.00663	0.00175	0.00615	0.00606	0.00680	0.39177
23	0.73471	0.01415	0.01087	0.00978	0.01427	0.01634	0.00802	0.02198	0.01311	0.03364	0.01152	0.01340	0.00897	0.00716	0.00474	0.00231	0.00571	0.00431	0.05685	0.00814
24	0.01983	0.01116	0.01411	0.01218	0.01554	0.01090	0.00962	0.09823	0.04463	0.21498	0.26218	0.04237	0.03962	0.06973	0.05266	0.00341	0.00657	0.05498	0.00789	0.00939
25	0.00923	0.00769	0.00805	0.00796	0.01041	0.00652	0.00597	0.01140	0.01791	0.02197	0.16699	0.07056	0.59196	0.01866	0.00896	0.00254	0.00380	0.01567	0.00724	0.00652
26	0.01416	0.03243	0.54793	0.01911	0.02821	0.01531	0.02356	0.02169	0.01671	0.02464	0.11308	0.07015	0.02140	0.00954	0.00763	0.00245	0.00964	0.00787	0.00421	0.01028
27	0.01643	0.01368	0.01586	0.01174	0.01797	0.01102	0.00933	0.07552	0.01741	0.02638	0.01593	0.06701	0.01417	0.00723	0.00608	0.00137	0.00577	0.00592	0.00495	0.65622
28	0.01354	0.00837	0.01104	0.01002	0.01230	0.00764	0.00764	0.01704	0.02150	0.11008	0.60351	0.05294	0.06521	0.01477	0.00879	0.00238	0.00393	0.01298	0.00847	0.00785
29	0.00924	0.00660	0.00880	0.01056	0.01100	0.00616	0.00704	0.01056	0.01452	0.01936	0.04181	0.72848	0.05017	0.02376	0.00968	0.00308	0.00440	0.02156	0.00704	0.00616
30	0.02048	0.01467	0.01680	0.01476	0.04231	0.01647	0.01129	0.28912	0.02333	0.03388	0.01960	0.02378	0.01580	0.06024	0.03728	0.00296	0.09179	0.00721	0.24853	0.00969
31	0.05628	0.03945	0.01639	0.01333	0.01742	0.01502	0.01060	0.13335	0.19587	0.15261	0.10932	0.05380	0.05652	0.06040	0.00990	0.00279	0.00623	0.03288	0.00749	0.01036
32	0.00924	0.00660	0.00880	0.01056	0.01100	0.00616	0.00704	0.01056	0.01452	0.01936	0.04181	0.72848	0.05017	0.02376	0.00968	0.00308	0.00440	0.02156	0.00704	0.00616
33	0.01540	0.01458	0.02469	0.55394	0.20512	0.01713	0.02160	0.02032	0.01567	0.02068	0.01367	0.01987	0.01057	0.00738	0.00757	0.00246	0.00985	0.00675	0.00346	0.00929
34	0.05136	0.05768	0.54068	0.02215	0.06018	0.01773	0.07078	0.02342	0.01609	0.02421	0.01576	0.01817	0.03362	0.00752	0.00721	0.00238	0.01061	0.00614	0.00348	0.01082
35	0.01761	0.01695	0.02921	0.21632	0.50287	0.01776	0.04418	0.02232	0.01676	0.02339	0.01410	0.01920	0.01151	0.00696	0.00758	0.00233	0.00942	0.00683	0.00366	0.01104
36	0.00928	0.00762	0.00823	0.00862	0.01082	0.00657	0.00649	0.01125	0.01691	0.02052	0.06877	0.16684	0.53922	0.02000	0.00919	0.00271	0.00419	0.06930	0.00704	0.00642
37	0.01700	0.23832	0.42548	0.02040	0.02982	0.02138	0.10141	0.02368	0.01607	0.02228	0.01294	0.01545	0.00988	0.00690	0.00675	0.00220	0.01051	0.00557	0.00329	0.01066
38	0.01957	0.09228	0.21451	0.08540	0.19497	0.09404	0.05007	0.04820	0.01780	0.06322	0.01487	0.01852	0.01169	0.03308	0.00829	0.00243	0.01009	0.00628	0.00405	0.01066
39	0.06434	0.01731	0.02871	0.11895	0.57515	0.01783	0.02213	0.02278	0.01677	0.02473	0.01396	0.01855	0.01157	0.00687	0.00735	0.00229	0.00895	0.00660	0.00377	0.01139
40	0.01288	0.01154	0.01931	0.16656	0.04614	0.01151	0.11910	0.01625	0.01557	0.02107	0.02747	0.33276	0.02963	0.01487	0.00866	0.00267	0.00741	0.04305	0.00535	0.08821
41	0.01957	0.05661	0.26886	0.04559	0.11304	0.01605	0.03770	0.02569	0.04088	0.16171	0.06921	0.02464	0.01837	0.00904	0.00823	0.00242	0.03561	0.03058	0.00527	0.01093
42	0.14354	0.10479	0.08923	0.02086	0.02637	0.07356	0.21687	0.02267	0.01557	0.02341	0.01273	0.01671	0.01042	0.00947	0.03223	0.00274	0.13327	0.00640	0.00380	0.03538
43	0.09980	0.04762	0.01852	0.10954	0.14062	0.01444	0.01300	0.04292	0.06810	0.08465	0.02858	0.03042	0.13791	0.03430	0.00822	0.00242	0.00682	0.00824	0.02732	0.07657
44	0.05836	0.01770	0.04463	0.01684	0.04900	0.09305	0.05139	0.03053	0.19619	0.18037	0.08681	0.02696	0.02240	0.00951	0.00751	0.00231	0.00747	0.02141	0.00674	0.07081
45	0.02090	0.09158	0.12601	0.06516	0.02568	0.15529	0.05449	0.16163	0.02127	0.02695	0.04093	0.06428	0.01562	0.00923	0.00807	0.00224	0.04240	0.00719	0.00488	0.05622
46	0.02152	0.21032	0.09112	0.02149	0.12246	0.22087	0.01647	0.02770	0.12120	0.02190	0.01493	0.01673	0.01221	0.00791	0.00746	0.00212	0.04344	0.00569	0.00422	0.01024

[dist]
# distance from previous block
# <min> <max>
0	8

[block]
# block no. 4 follows, 26 sequences, length 10
# corresponding to MSA columns:
# 166-175
name=unknown_E
#
# <colnr> <probs for GDERKNQSTAVLIFYWHMCP>
#	G	D	E	R	K	N	Q	S	T	A	V	L	I	F	Y	W	H	M	C	P
0	0.01233	0.01067	0.01495	0.01392	0.01588	0.05196	0.06082	0.01523	0.01395	0.01910	0.06102	0.08287	0.02337	0.04489	0.51140	0.00952	0.01710	0.00936	0.00452	0.00715
1	0.01355	0.01036	0.01394	0.01305	0.01482	0.01197	0.01018	0.09837	0.01587	0.02236	0.06086	0.07200	0.02293	0.07386	0.44393	0.00882	0.07149	0.00912	0.00493	0.00758
2	0.02203	0.34852	0.02968	0.01537	0.02092	0.09189	0.03641	0.18352	0.05555	0.02645	0.01627	0.01791	0.02895	0.01178	0.06141	0.00276	0.00964	0.00587	0.00482	0.01025
3	0.01808	0.01567	0.01577	0.01424	0.01794	0.06744	0.01122	0.07937	0.33415	0.04798	0.03820	0.03975	0.16605	0.01284	0.00885	0.00259	0.03721	0.05543	0.00708	0.01011
4	0.01762	0.01783	0.07154	0.32975	0.09191	0.04703	0.04017	0.10837	0.08829	0.02632	0.07097	0.02309	0.01707	0.00860	0.00769	0.00243	0.00914	0.00743	0.00486	0.00988
5	0.02438	0.06561	0.03826	0.02024	0.07278	0.38461	0.01502	0.09373	0.09369	0.02354	0.01509	0.01715	0.01226	0.01099	0.04593	0.00269	0.04372	0.00587	0.00463	0.00979
6	0.09516	0.05056	0.12674	0.01815	0.02305	0.01582	0.15605	0.06578	0.01645	0.02437	0.02071	0.17964	0.02069	0.06656	0.01159	0.00296	0.06545	0.01028	0.00483	0.02516
7	0.01777	0.11384	0.30775	0.02616	0.14419	0.05112	0.13329	0.02526	0.06469	0.02378	0.01484	0.01760	0.01137	0.00716	0.00730	0.00230	0.01047	0.00639	0.00378	0.01095
8	0.02239	0.01925	0.02721	0.03079	0.30038	0.10450	0.10960	0.05867	0.03986	0.13767	0.01912	0.06270	0.01549	0.00854	0.00779	0.00234	0.00931	0.00793	0.00525	0.01119
9	0.11412	0.01620	0.01934	0.05207	0.03972	0.06833	0.06262	0.02367	0.12532	0.04161	0.02064	0.08662	0.03915	0.01056	0.01036	0.00245	0.13508	0.00813	0.00512	0.11890

[dist]
# distance from previous block
# <min> <max>
15	34

[block]
# block no. 5 follows, 26 sequences, length 13
# corresponding to MSA columns:
# 212-224
name=unknown_F
#
# <colnr> <probs for GDERKNQSTAVLIFYWHMCP>
#	G	D	E	R	K	N	Q	S	T	A	V	L	I	F	Y	W	H	M	C	P
0	0.06788	0.02029	0.13467	0.04852	0.07400	0.05132	0.11717	0.08672	0.01907	0.08257	0.05721	0.07962	0.01836	0.00914	0.00753	0.00228	0.00868	0.00810	0.00522	0.10164
1	0.05789	0.01612	0.02370	0.03624	0.02395	0.03989	0.17011	0.05732	0.05629	0.07882	0.11580	0.02464	0.02130	0.00919	0.00975	0.00231	0.09618	0.00789	0.00546	0.14714
2	0.01703	0.01222	0.01685	0.05500	0.03220	0.01239	0.06194	0.05895	0.10292	0.11219	0.10680	0.17351	0.07190	0.01329	0.00885	0.00251	0.03412	0.01159	0.04620	0.04954
3	0.05057	0.01605	0.09739	0.01752	0.07794	0.01307	0.06436	0.02565	0.09852	0.18130	0.16320	0.03325	0.08104	0.01061	0.00788	0.00237	0.00682	0.00923	0.00677	0.03648
4	0.01840	0.01442	0.02227	0.01897	0.05577	0.01440	0.15679	0.09847	0.10869	0.09704	0.19527	0.05924	0.03341	0.01164	0.00856	0.00254	0.00740	0.05989	0.00688	0.00995
5	0.01422	0.01289	0.04955	0.01225	0.01484	0.06916	0.04960	0.01644	0.01501	0.04286	0.02749	0.19406	0.05338	0.22501	0.01682	0.00381	0.00702	0.01160	0.09549	0.06849
6	0.18379	0.01268	0.01367	0.03894	0.01643	0.05635	0.00998	0.05314	0.01517	0.07660	0.01989	0.08562	0.01850	0.08439	0.25472	0.00628	0.03265	0.00824	0.00506	0.00791
7	0.02113	0.01955	0.05770	0.01903	0.06187	0.07621	0.08859	0.12212	0.12625	0.07957	0.01827	0.01950	0.01382	0.00787	0.00772	0.00207	0.03132	0.00656	0.00558	0.21529
8	0.07969	0.16817	0.10553	0.05501	0.02483	0.17131	0.09288	0.02480	0.01820	0.08089	0.09223	0.02081	0.01787	0.00827	0.00693	0.00216	0.00955	0.00661	0.00471	0.00955
9	0.01175	0.00917	0.01255	0.05456	0.05445	0.00880	0.01034	0.01502	0.01819	0.02453	0.23926	0.11954	0.13270	0.01688	0.00914	0.00274	0.00552	0.20108	0.00689	0.04688
10	0.02082	0.58691	0.09948	0.01433	0.02121	0.02807	0.01457	0.09864	0.01787	0.02199	0.01175	0.01325	0.01010	0.00687	0.00541	0.00177	0.00843	0.00453	0.00376	0.01025
11	0.01782	0.01457	0.01899	0.08395	0.02335	0.01259	0.05211	0.07620	0.01786	0.06109	0.01487	0.01723	0.01168	0.00637	0.00630	0.00152	0.00681	0.00537	0.00486	0.54647
12	0.05294	0.07717	0.01838	0.01392	0.01856	0.03264	0.01135	0.07418	0.19101	0.26325	0.04711	0.08425	0.02360	0.01122	0.00765	0.00245	0.00655	0.04506	0.00762	0.01107

[dist]
# distance from previous block
# <min> <max>
0	1

[block]
# block no. 6 follows, 26 sequences, length 24
# corresponding to MSA columns:
# 226-249
name=unknown_G
#
# <colnr> <probs for GDERKNQSTAVLIFYWHMCP>
#	G	D	E	R	K	N	Q	S	T	A	V	L	I	F	Y	W	H	M	C	P
0	0.01159	0.00866	0.01023	0.01028	0.01180	0.00855	0.00722	0.04101	0.07873	0.02349	0.18705	0.26942	0.12689	0.15272	0.01458	0.00358	0.00501	0.01526	0.00697	0.00695
1	0.01489	0.01418	0.02493	0.54326	0.04628	0.01684	0.10855	0.01968	0.01525	0.02013	0.01395	0.02044	0.01070	0.00827	0.00914	0.02518	0.04318	0.00705	0.02962	0.00848
2	0.01362	0.01317	0.02487	0.02001	0.02366	0.01272	0.28436	0.01739	0.03100	0.02146	0.02903	0.32372	0.05443	0.01558	0.01085	0.03897	0.03744	0.01438	0.00537	0.00799
3	0.00992	0.00741	0.00889	0.00959	0.01090	0.00682	0.00686	0.01169	0.01584	0.02043	0.11172	0.27795	0.24493	0.13408	0.01408	0.00358	0.00491	0.08745	0.00677	0.00618
4	0.00981	0.00709	0.00937	0.01082	0.01170	0.00665	0.00776	0.01170	0.01575	0.02092	0.10080	0.53246	0.08843	0.02233	0.00969	0.00305	0.00469	0.11344	0.00715	0.00639
5	0.01491	0.02499	0.31248	0.02403	0.10428	0.01538	0.16171	0.02085	0.01602	0.02280	0.01967	0.14537	0.01854	0.05275	0.00992	0.00283	0.00987	0.00962	0.00417	0.00980
6	0.01539	0.06405	0.67089	0.02131	0.03235	0.01806	0.02749	0.02397	0.01599	0.02380	0.01350	0.01588	0.00961	0.00718	0.00712	0.00237	0.01110	0.00555	0.00320	0.01116
7	0.01835	0.01759	0.03003	0.10964	0.62632	0.01791	0.02307	0.02291	0.01707	0.02427	0.01419	0.01891	0.01184	0.00684	0.00752	0.00228	0.00911	0.00676	0.00372	0.01168
8	0.01626	0.18406	0.55850	0.01983	0.03006	0.02019	0.02491	0.02375	0.01589	0.02274	0.01298	0.01522	0.00963	0.00706	0.00672	0.00224	0.01057	0.00528	0.00321	0.01090
9	0.01701	0.01910	0.05741	0.06220	0.12716	0.03739	0.40073	0.02226	0.01712	0.02317	0.01788	0.10327	0.01591	0.00885	0.00919	0.00258	0.03506	0.00972	0.00414	0.00984
10	0.02516	0.09180	0.04887	0.01441	0.01971	0.01458	0.03789	0.05535	0.10705	0.34775	0.07770	0.08060	0.02400	0.01056	0.00764	0.00237	0.00672	0.00886	0.00769	0.01130
11	0.01051	0.00752	0.00923	0.00948	0.01118	0.00674	0.00685	0.01283	0.01794	0.04623	0.26974	0.28521	0.24039	0.01914	0.00915	0.00267	0.00403	0.01680	0.00757	0.00680
12	0.01109	0.00894	0.01389	0.01379	0.01543	0.00858	0.08489	0.01412	0.04103	0.02093	0.03801	0.52026	0.04357	0.02076	0.00964	0.00306	0.00584	0.11249	0.00668	0.00699
13	0.06028	0.09025	0.07319	0.01512	0.02128	0.05721	0.01339	0.15442	0.04436	0.35971	0.02263	0.02104	0.01521	0.00872	0.00715	0.00225	0.00774	0.00669	0.00738	0.01199
14	0.01169	0.00724	0.00960	0.01070	0.01163	0.00670	0.00728	0.01308	0.01499	0.08248	0.03963	0.62216	0.04587	0.06426	0.01119	0.00326	0.00477	0.01963	0.00712	0.00671
15	0.01741	0.01948	0.04184	0.08294	0.03967	0.01860	0.58543	0.02359	0.01768	0.02386	0.01616	0.02295	0.01264	0.00705	0.00891	0.00259	0.01236	0.03293	0.00392	0.00997
16	0.04187	0.09194	0.59894	0.02089	0.03140	0.01861	0.04688	0.02387	0.01592	0.02389	0.01333	0.01574	0.00963	0.00712	0.00700	0.00234	0.01084	0.00554	0.00328	0.01096
17	0.01854	0.01682	0.01652	0.01495	0.01896	0.07046	0.01156	0.03626	0.54492	0.02997	0.07052	0.03148	0.06389	0.01093	0.00780	0.00251	0.00633	0.00903	0.00742	0.01114
18	0.01068	0.00782	0.01007	0.00971	0.01157	0.00721	0.00742	0.01410	0.02077	0.02888	0.57526	0.06044	0.12709	0.01628	0.00907	0.00249	0.00387	0.06209	0.00812	0.00707
19	0.07396	0.03062	0.42533	0.02761	0.18626	0.01781	0.08491	0.02374	0.01626	0.02497	0.01370	0.01681	0.01025	0.00701	0.00725	0.00238	0.01044	0.00608	0.00350	0.01108
20	0.00987	0.00823	0.00870	0.00869	0.01111	0.00737	0.00646	0.01333	0.06631	0.02203	0.11945	0.13016	0.52418	0.01867	0.00894	0.00260	0.00403	0.01579	0.00720	0.00686
21	0.00995	0.00745	0.01044	0.01325	0.06144	0.00705	0.00825	0.01151	0.01473	0.01977	0.03975	0.67546	0.04732	0.02249	0.00952	0.00302	0.00475	0.02046	0.00680	0.00660
22	0.01751	0.01948	0.04175	0.03122	0.06436	0.01835	0.58424	0.02361	0.01784	0.02420	0.01715	0.02525	0.01393	0.00750	0.00901	0.00261	0.01220	0.05563	0.00407	0.01006
23	0.07165	0.00985	0.01148	0.01116	0.01391	0.00971	0.00884	0.01930	0.09534	0.08852	0.17753	0.11025	0.18974	0.01626	0.00872	0.00271	0.00510	0.13444	0.00743	0.00806

[dist]
# distance from previous block
# <min> <max>
0	5

[block]
# block no. 7 follows, 26 sequences, length 24
# corresponding to MSA columns:
# 255-278
name=unknown_H
#
# <colnr> <probs for GDERKNQSTAVLIFYWHMCP>
#	G	D	E	R	K	N	Q	S	T	A	V	L	I	F	Y	W	H	M	C	P
0	0.01633	0.16478	0.50418	0.02027	0.02969	0.02034	0.04584	0.02338	0.01565	0.02249	0.01285	0.01550	0.00972	0.00748	0.00811	0.00233	0.06161	0.00551	0.00324	0.01070
1	0.15709	0.01764	0.07512	0.11469	0.02448	0.02076	0.01660	0.01962	0.01270	0.02176	0.01085	0.01627	0.00963	0.01086	0.01737	0.00296	0.43340	0.00611	0.00357	0.00854
2	0.00924	0.00660	0.00880	0.01056	0.01100	0.00616	0.00704	0.01056	0.01452	0.01936	0.04181	0.72848	0.05017	0.02376	0.00968	0.00308	0.00440	0.02156	0.00704	0.00616
3	0.01017	0.00745	0.00954	0.00960	0.01113	0.00682	0.00698	0.01300	0.01927	0.02656	0.45565	0.22824	0.13142	0.01799	0.00913	0.00258	0.00381	0.01595	0.00788	0.00682
4	0.01931	0.02360	0.08110	0.06642	0.02986	0.16853	0.21931	0.02328	0.01629	0.02073	0.01253	0.01736	0.01039	0.00911	0.01354	0.00266	0.24621	0.00691	0.00360	0.00924
5	0.00924	0.00660	0.00880	0.01056	0.01100	0.00616	0.00704	0.01056	0.01452	0.01936	0.04181	0.72848	0.05017	0.02376	0.00968	0.00308	0.00440	0.02156	0.00704	0.00616
6	0.01837	0.01776	0.02941	0.04168	0.56426	0.01898	0.02206	0.02236	0.01624	0.02359	0.01348	0.01837	0.01164	0.00795	0.01069	0.00245	0.13898	0.00674	0.00367	0.01133
7	0.01935	0.61018	0.15944	0.01456	0.02191	0.02775	0.01573	0.02295	0.01552	0.01898	0.01111	0.01287	0.00971	0.00662	0.00529	0.00176	0.00868	0.00434	0.00324	0.01000
8	0.01505	0.01452	0.01428	0.01580	0.06953	0.13638	0.01117	0.01923	0.07669	0.02202	0.05500	0.19387	0.14982	0.01658	0.00885	0.00275	0.00709	0.15719	0.00628	0.00790
9	0.01706	0.01502	0.02277	0.56151	0.04578	0.01831	0.01968	0.13667	0.01878	0.02454	0.01421	0.01972	0.01062	0.00808	0.00823	0.00251	0.03638	0.00675	0.00414	0.00924
10	0.01037	0.00928	0.01056	0.01000	0.01204	0.00947	0.00778	0.01222	0.01617	0.02005	0.06359	0.08175	0.54151	0.01826	0.01190	0.00271	0.13477	0.01446	0.00636	0.00674
11	0.01604	0.21637	0.32801	0.01870	0.02648	0.01957	0.08699	0.02179	0.01535	0.02124	0.01421	0.01799	0.01155	0.01602	0.13411	0.00400	0.01222	0.00601	0.00344	0.00990
12	0.02139	0.36478	0.15393	0.01666	0.02347	0.02293	0.06524	0.02532	0.01656	0.14269	0.01497	0.01636	0.01152	0.00769	0.00773	0.00211	0.06617	0.00558	0.00441	0.01051
13	0.00977	0.00705	0.00969	0.01113	0.01184	0.00697	0.00789	0.01151	0.01433	0.01930	0.03775	0.55032	0.04395	0.02960	0.13663	0.00478	0.00751	0.06717	0.00649	0.00634
14	0.02055	0.01685	0.01859	0.07049	0.02283	0.01921	0.01315	0.19514	0.41904	0.03425	0.02794	0.02819	0.03980	0.01037	0.00780	0.00252	0.00689	0.02746	0.00730	0.01163
15	0.01641	0.01423	0.02283	0.26459	0.19071	0.01592	0.06301	0.04754	0.01663	0.02412	0.01622	0.02130	0.01284	0.00809	0.00852	0.00235	0.06409	0.00697	0.17434	0.00930
16	0.01529	0.01481	0.01842	0.06765	0.05915	0.07014	0.01337	0.01707	0.01355	0.01837	0.02087	0.08460	0.06822	0.14507	0.02124	0.00375	0.32740	0.00924	0.00422	0.00758
17	0.01146	0.00993	0.01067	0.03235	0.01368	0.06043	0.00799	0.01341	0.01626	0.02086	0.09585	0.41868	0.16023	0.01906	0.00888	0.00267	0.00522	0.01678	0.00659	0.06902
18	0.15836	0.06484	0.39745	0.01908	0.02752	0.01808	0.06699	0.02431	0.01572	0.07645	0.01406	0.01625	0.01022	0.00762	0.00786	0.00242	0.05260	0.00571	0.00401	0.01047
19	0.01682	0.01887	0.14192	0.11990	0.05075	0.01669	0.01665	0.09355	0.16697	0.02684	0.05014	0.03208	0.02113	0.05448	0.01107	0.00294	0.05932	0.08445	0.00552	0.00990
20	0.03829	0.01079	0.01186	0.01126	0.01329	0.06264	0.00862	0.01657	0.01407	0.02135	0.01993	0.02742	0.01775	0.07491	0.33571	0.00703	0.03297	0.00735	0.20566	0.06253
21	0.07730	0.01719	0.02766	0.03730	0.47418	0.01756	0.06588	0.02470	0.08919	0.02610	0.01745	0.02348	0.01482	0.00800	0.00760	0.00239	0.00859	0.04486	0.00446	0.01129
22	0.04516	0.01522	0.01896	0.01778	0.08138	0.01695	0.01294	0.13657	0.12500	0.16460	0.02148	0.02417	0.01663	0.06542	0.01289	0.00288	0.13721	0.00749	0.06668	0.01060
23	0.15894	0.01745	0.02149	0.15775	0.22937	0.08790	0.01662	0.04345	0.06378	0.02539	0.01651	0.07353	0.01447	0.00896	0.00772	0.00242	0.03264	0.00737	0.00452	0.00974

[dist]
# distance from previous block
# <min> <max>
0	43

# created by:
# /st0/software/busco_prod/Augustus/scripts/msa2prfl.pl ./align_prep/125846.fa
