[name]
unknown

[dist]
# distance from previous block
# <min> <max>
0	58

[block]
# block no. 0 follows, 23 sequences, length 8
# corresponding to MSA columns:
# 64-71
name=unknown_A
#
# <colnr> <probs for GDERKNQSTAVLIFYWHMCP>
#	G	D	E	R	K	N	Q	S	T	A	V	L	I	F	Y	W	H	M	C	P
0	0.01561	0.01027	0.01481	0.09979	0.02171	0.01048	0.01368	0.01930	0.01860	0.09322	0.03835	0.12650	0.03990	0.01954	0.01042	0.00344	0.00760	0.42121	0.00727	0.00828
1	0.02311	0.39136	0.08608	0.01608	0.02288	0.02723	0.01536	0.18916	0.07035	0.02931	0.01588	0.01727	0.01286	0.01058	0.03800	0.00260	0.00945	0.00584	0.00511	0.01148
2	0.01498	0.01019	0.01166	0.01033	0.01384	0.00913	0.00797	0.01953	0.06767	0.09052	0.19482	0.05254	0.26178	0.01484	0.00847	0.00239	0.00470	0.01249	0.08902	0.10312
3	0.01929	0.02047	0.03295	0.23309	0.13615	0.10166	0.24201	0.02461	0.01852	0.02397	0.01576	0.02114	0.01222	0.00763	0.00838	0.00255	0.01172	0.00784	0.04979	0.01025
4	0.15278	0.07623	0.44698	0.01987	0.02972	0.02021	0.02366	0.09128	0.01877	0.02995	0.01431	0.01643	0.01040	0.00785	0.00712	0.00249	0.01044	0.00575	0.00422	0.01152
5	0.01803	0.01608	0.02486	0.30716	0.07391	0.01771	0.09268	0.11624	0.05844	0.02746	0.02219	0.09477	0.04034	0.01048	0.00849	0.00265	0.00945	0.00952	0.00527	0.04428
6	0.14877	0.18525	0.02629	0.01825	0.04890	0.13304	0.01464	0.10489	0.06740	0.02776	0.01425	0.01665	0.01182	0.00932	0.01027	0.00246	0.13890	0.00589	0.00485	0.01041
7	0.04652	0.05356	0.01626	0.01647	0.09573	0.01132	0.01095	0.01960	0.01887	0.12251	0.16844	0.26363	0.07122	0.01680	0.00904	0.00277	0.00584	0.03401	0.00742	0.00905

[dist]
# distance from previous block
# <min> <max>
9	13

[block]
# block no. 1 follows, 23 sequences, length 9
# corresponding to MSA columns:
# 85-93
name=unknown_B
#
# <colnr> <probs for GDERKNQSTAVLIFYWHMCP>
#	G	D	E	R	K	N	Q	S	T	A	V	L	I	F	Y	W	H	M	C	P
0	0.06928	0.38809	0.19953	0.01664	0.02420	0.09749	0.01759	0.02505	0.01752	0.02269	0.04573	0.01672	0.01369	0.00783	0.00630	0.00208	0.00978	0.00540	0.00392	0.01046
1	0.01830	0.14595	0.53610	0.02118	0.03204	0.02050	0.02641	0.02629	0.01739	0.06254	0.01508	0.01711	0.01088	0.00773	0.00735	0.00244	0.01118	0.00586	0.00382	0.01185
2	0.01760	0.20716	0.51918	0.02087	0.03164	0.02208	0.02606	0.02536	0.01697	0.02409	0.01376	0.01613	0.01031	0.00752	0.00710	0.00237	0.01118	0.00559	0.00344	0.01161
3	0.01883	0.15616	0.12472	0.01611	0.02103	0.15688	0.01467	0.04003	0.04853	0.02355	0.08017	0.15501	0.06715	0.01303	0.00849	0.00249	0.02785	0.01043	0.00547	0.00943
4	0.01142	0.00783	0.00884	0.00900	0.00931	0.00766	0.00527	0.01174	0.01278	0.01677	0.03281	0.11221	0.09393	0.58680	0.03550	0.00697	0.00722	0.01330	0.00540	0.00525
5	0.03028	0.10909	0.02150	0.01440	0.02021	0.01572	0.01207	0.06037	0.09128	0.43241	0.08300	0.02846	0.02391	0.01028	0.00789	0.00243	0.00691	0.00828	0.00879	0.01272
6	0.01266	0.01382	0.10009	0.01232	0.01610	0.01010	0.01086	0.03593	0.05204	0.02687	0.21543	0.17847	0.20947	0.01706	0.00917	0.00268	0.00558	0.01471	0.00727	0.04938
7	0.02802	0.02062	0.02234	0.01768	0.02336	0.02266	0.01436	0.55293	0.03511	0.04704	0.02288	0.11235	0.01916	0.01185	0.00842	0.00255	0.00836	0.00943	0.00804	0.01283
8	0.02751	0.02424	0.02389	0.05813	0.09551	0.16077	0.01627	0.35667	0.05140	0.03854	0.01814	0.01960	0.01359	0.00912	0.00781	0.00236	0.00994	0.00693	0.04744	0.01215

[dist]
# distance from previous block
# <min> <max>
0	2

[block]
# block no. 2 follows, 23 sequences, length 116
# corresponding to MSA columns:
# 96-211
name=unknown_C
#
# <colnr> <probs for GDERKNQSTAVLIFYWHMCP>
#	G	D	E	R	K	N	Q	S	T	A	V	L	I	F	Y	W	H	M	C	P
0	0.02775	0.28619	0.05476	0.01513	0.02172	0.02209	0.01382	0.13941	0.02307	0.25274	0.05184	0.02176	0.01763	0.00903	0.00707	0.00221	0.00800	0.00678	0.00686	0.01213
1	0.03391	0.01465	0.01896	0.01489	0.02093	0.01358	0.01218	0.06194	0.11240	0.55719	0.03170	0.02770	0.02052	0.01017	0.00817	0.00254	0.00691	0.00827	0.00972	0.01367
2	0.02039	0.55643	0.19437	0.01611	0.02427	0.02891	0.01776	0.02463	0.01664	0.02068	0.01207	0.01401	0.01038	0.00713	0.00581	0.00194	0.00948	0.00474	0.00346	0.01079
3	0.03178	0.01605	0.02087	0.01873	0.08377	0.01558	0.01378	0.11867	0.11345	0.43455	0.02885	0.02617	0.01921	0.00987	0.00816	0.00253	0.00737	0.00810	0.00895	0.01358
4	0.02750	0.01785	0.11851	0.01543	0.02161	0.01341	0.01419	0.09382	0.02323	0.37510	0.11174	0.07944	0.02783	0.01164	0.00843	0.00257	0.00733	0.00969	0.00849	0.01219
5	0.01180	0.00787	0.00885	0.00885	0.00885	0.00787	0.00492	0.01180	0.01180	0.01573	0.02557	0.05310	0.02950	0.71483	0.04130	0.00787	0.00787	0.01180	0.00492	0.00492
6	0.02219	0.68187	0.04153	0.01414	0.02106	0.03173	0.01397	0.05757	0.01766	0.02083	0.01173	0.01337	0.01060	0.00709	0.00536	0.00177	0.00869	0.00450	0.00372	0.01060
7	0.05262	0.01508	0.01829	0.04741	0.02146	0.01528	0.01238	0.17732	0.07168	0.27098	0.13326	0.03440	0.04963	0.01172	0.00843	0.00258	0.00694	0.03007	0.00861	0.01186
8	0.01259	0.00858	0.01093	0.01018	0.01244	0.00778	0.00769	0.01615	0.02239	0.06574	0.54979	0.06112	0.15042	0.01675	0.00950	0.00257	0.00403	0.01464	0.00881	0.00788
9	0.01085	0.00912	0.00952	0.00927	0.01209	0.00824	0.00700	0.01515	0.08024	0.02439	0.14840	0.07131	0.52745	0.01914	0.00946	0.00272	0.00430	0.01605	0.00778	0.00753
10	0.77215	0.01569	0.01193	0.01067	0.01569	0.01820	0.00879	0.02385	0.01381	0.03641	0.01130	0.01318	0.00879	0.00753	0.00502	0.00251	0.00628	0.00439	0.00502	0.00879
11	0.02037	0.01708	0.01328	0.01215	0.01515	0.18020	0.00926	0.08747	0.02084	0.02943	0.02489	0.02746	0.04829	0.00974	0.00654	0.00204	0.00709	0.00740	0.45266	0.00866
12	0.00962	0.00811	0.00834	0.00852	0.01104	0.00682	0.00630	0.01161	0.01821	0.02180	0.07857	0.13932	0.60204	0.02102	0.00966	0.00279	0.00417	0.01770	0.00753	0.00682
13	0.01627	0.03651	0.53223	0.02398	0.03460	0.01825	0.11990	0.02474	0.01733	0.02540	0.01694	0.06590	0.01360	0.00881	0.00818	0.00265	0.01174	0.00772	0.00381	0.01146
14	0.02113	0.64905	0.10823	0.01485	0.02232	0.03072	0.01556	0.02444	0.01655	0.01978	0.01162	0.01345	0.01040	0.00702	0.00547	0.00182	0.00902	0.00451	0.00347	0.01058
15	0.00959	0.00822	0.00822	0.00822	0.01096	0.00685	0.00617	0.01165	0.01850	0.02192	0.08220	0.07809	0.66092	0.02055	0.00959	0.00274	0.00411	0.01713	0.00754	0.00685
16	0.00959	0.00822	0.00822	0.00822	0.01096	0.00685	0.00617	0.01165	0.01850	0.02192	0.08220	0.07809	0.66092	0.02055	0.00959	0.00274	0.00411	0.01713	0.00754	0.00685
17	0.01253	0.00909	0.01235	0.01393	0.01583	0.00891	0.01193	0.01600	0.01870	0.02424	0.07245	0.11645	0.10781	0.02213	0.01094	0.00357	0.00687	0.50136	0.00754	0.00738
18	0.05814	0.09415	0.52139	0.02105	0.03152	0.02003	0.02584	0.02717	0.07823	0.02653	0.01590	0.01785	0.01161	0.00796	0.00741	0.00252	0.01087	0.00608	0.00398	0.01177
19	0.01846	0.31576	0.41818	0.01939	0.02935	0.02420	0.02348	0.02513	0.01687	0.02303	0.01324	0.01547	0.01033	0.00740	0.00670	0.00223	0.01065	0.00533	0.00344	0.01135
20	0.01945	0.31100	0.34142	0.02085	0.05993	0.02401	0.04627	0.02559	0.01723	0.04556	0.01396	0.01618	0.01088	0.00743	0.00681	0.00223	0.01044	0.00561	0.00373	0.01142
21	0.01180	0.00787	0.00885	0.00885	0.00885	0.00787	0.00492	0.01180	0.01180	0.01573	0.02557	0.05310	0.02950	0.71483	0.04130	0.00787	0.00787	0.01180	0.00492	0.00492
22	0.01887	0.02384	0.10848	0.03313	0.04170	0.02036	0.57610	0.02596	0.01896	0.02596	0.01624	0.02143	0.01211	0.00692	0.00939	0.00272	0.01352	0.00923	0.00404	0.01105
23	0.04859	0.02024	0.03064	0.02410	0.02813	0.09015	0.24222	0.04413	0.01784	0.02459	0.05613	0.06950	0.01837	0.01139	0.01465	0.00294	0.23283	0.00929	0.00465	0.00962
24	0.01011	0.00723	0.00965	0.01136	0.01198	0.00677	0.00774	0.01178	0.01617	0.02167	0.08735	0.64186	0.05500	0.02470	0.01033	0.00326	0.00475	0.04397	0.00763	0.00670
25	0.01887	0.02384	0.10848	0.03313	0.04170	0.02036	0.57610	0.02596	0.01896	0.02596	0.01624	0.02143	0.01211	0.00692	0.00939	0.00272	0.01352	0.00923	0.00404	0.01105
26	0.01832	0.01952	0.03801	0.17018	0.04128	0.02035	0.39052	0.02597	0.07907	0.02508	0.01709	0.02228	0.01306	0.00817	0.01067	0.00280	0.07393	0.00882	0.00435	0.01054
27	0.02729	0.02221	0.02192	0.01768	0.02323	0.09322	0.01428	0.43824	0.09544	0.04243	0.02464	0.02478	0.06058	0.01295	0.04066	0.00296	0.00957	0.00803	0.00749	0.01242
28	0.01180	0.00787	0.00885	0.00885	0.00885	0.00787	0.00492	0.01180	0.01180	0.01573	0.02557	0.05310	0.02950	0.71483	0.04130	0.00787	0.00787	0.01180	0.00492	0.00492
29	0.01239	0.00885	0.01229	0.01416	0.01573	0.00875	0.01188	0.01562	0.01800	0.02351	0.04334	0.22457	0.04820	0.02306	0.01102	0.00364	0.00688	0.48334	0.00748	0.00728
30	0.01712	0.16818	0.51795	0.02094	0.03143	0.02083	0.02602	0.02495	0.01709	0.02437	0.01548	0.02039	0.01228	0.00836	0.00743	0.00248	0.01112	0.03845	0.00365	0.01145
31	0.01975	0.01894	0.03234	0.09460	0.62200	0.01919	0.02474	0.02461	0.01832	0.02611	0.01520	0.02019	0.01271	0.00729	0.00804	0.00243	0.00972	0.00723	0.00399	0.01259
32	0.01540	0.01430	0.02035	0.01815	0.01871	0.01925	0.01485	0.01761	0.01266	0.01926	0.01488	0.02314	0.01432	0.03198	0.27669	0.00717	0.44146	0.00771	0.00385	0.00825
33	0.01159	0.00869	0.01304	0.01304	0.01449	0.01014	0.01014	0.01449	0.01304	0.01884	0.02173	0.03188	0.02029	0.06086	0.68268	0.01304	0.02173	0.00869	0.00435	0.00724
34	0.01248	0.01066	0.01767	0.03981	0.01974	0.01034	0.12367	0.01611	0.04280	0.02254	0.03785	0.47808	0.04280	0.02056	0.01012	0.00319	0.00687	0.07011	0.00679	0.00781
35	0.01627	0.04197	0.67279	0.02313	0.03512	0.01884	0.02998	0.02570	0.01713	0.02570	0.01456	0.01713	0.01028	0.00771	0.00771	0.00257	0.01199	0.00600	0.00343	0.01199
36	0.01180	0.00787	0.00885	0.00885	0.00885	0.00787	0.00492	0.01180	0.01180	0.01573	0.02557	0.05310	0.02950	0.71483	0.04130	0.00787	0.00787	0.01180	0.00492	0.00492
37	0.02111	0.64683	0.11030	0.01488	0.02236	0.03068	0.01562	0.02445	0.01656	0.01980	0.01163	0.01346	0.01040	0.00702	0.00548	0.00183	0.00903	0.00452	0.00347	0.01058
38	0.02217	0.60714	0.08449	0.01505	0.02223	0.05186	0.01516	0.06285	0.01809	0.02157	0.01206	0.01376	0.01062	0.00722	0.00563	0.00185	0.00912	0.00467	0.00378	0.01070
39	0.02935	0.02198	0.02351	0.01837	0.02459	0.02446	0.01506	0.55365	0.12410	0.04872	0.02139	0.02100	0.01534	0.00992	0.00814	0.00248	0.00858	0.00757	0.00814	0.01366
40	0.01914	0.40055	0.33933	0.01824	0.02756	0.02586	0.02146	0.02496	0.01679	0.02220	0.01283	0.01495	0.01035	0.00730	0.00639	0.00213	0.01024	0.00512	0.00345	0.01116
41	0.01627	0.04197	0.67279	0.02313	0.03512	0.01884	0.02998	0.02570	0.01713	0.02570	0.01456	0.01713	0.01028	0.00771	0.00771	0.00257	0.01199	0.00600	0.00343	0.01199
42	0.03031	0.03867	0.02299	0.02090	0.02508	0.68226	0.01568	0.03240	0.02299	0.01986	0.01254	0.01463	0.01045	0.00836	0.00732	0.00209	0.01463	0.00523	0.00418	0.00941
43	0.01985	0.01905	0.03252	0.08092	0.63490	0.01922	0.02479	0.02470	0.01837	0.02623	0.01522	0.02016	0.01275	0.00727	0.00804	0.00242	0.00970	0.00723	0.00400	0.01267
44	0.00989	0.00706	0.00942	0.01130	0.01177	0.00659	0.00753	0.01130	0.01554	0.02071	0.04472	0.70954	0.05367	0.02542	0.01036	0.00330	0.00471	0.02307	0.00753	0.00659
45	0.02853	0.02089	0.02244	0.01755	0.02359	0.02291	0.01438	0.52239	0.08390	0.06759	0.02585	0.02518	0.06550	0.01070	0.00824	0.00249	0.00829	0.00825	0.00815	0.01318
46	0.01159	0.00869	0.01304	0.01304	0.01449	0.01014	0.01014	0.01449	0.01304	0.01884	0.02173	0.03188	0.02029	0.06086	0.68268	0.01304	0.02173	0.00869	0.00435	0.00724
47	0.02018	0.01743	0.01835	0.01651	0.02110	0.02018	0.01284	0.04312	0.64956	0.03394	0.03303	0.03027	0.02477	0.01101	0.00826	0.00275	0.00642	0.00917	0.00826	0.01284
48	0.01906	0.01515	0.01843	0.01414	0.02032	0.01330	0.03640	0.09360	0.07477	0.06078	0.02076	0.09197	0.01813	0.00915	0.00716	0.00183	0.00661	0.00776	0.00600	0.46469
49	0.00959	0.00822	0.00822	0.00822	0.01096	0.00685	0.00617	0.01165	0.01850	0.02192	0.08220	0.07809	0.66092	0.02055	0.00959	0.00274	0.00411	0.01713	0.00754	0.00685
50	0.01180	0.00787	0.00885	0.00885	0.00885	0.00787	0.00492	0.01180	0.01180	0.01573	0.02557	0.05310	0.02950	0.71483	0.04130	0.00787	0.00787	0.01180	0.00492	0.00492
51	0.02925	0.03685	0.02344	0.05203	0.05093	0.62730	0.01634	0.03159	0.02252	0.02015	0.01273	0.01515	0.01056	0.00831	0.00738	0.00213	0.01427	0.00539	0.00415	0.00952
52	0.01746	0.09628	0.59723	0.02205	0.03342	0.01967	0.02800	0.02609	0.01730	0.04889	0.01494	0.01718	0.01065	0.00773	0.00752	0.00250	0.01153	0.00594	0.00367	0.01193
53	0.01159	0.00869	0.01304	0.01304	0.01449	0.01014	0.01014	0.01449	0.01304	0.01884	0.02173	0.03188	0.02029	0.06086	0.68268	0.01304	0.02173	0.00869	0.00435	0.00724
54	0.01094	0.00827	0.01009	0.00963	0.01179	0.00742	0.00723	0.01425	0.02168	0.02947	0.49290	0.06567	0.24551	0.01773	0.00958	0.00261	0.00391	0.01538	0.00853	0.00742
55	0.02062	0.32824	0.31133	0.01889	0.02761	0.12123	0.02108	0.02608	0.01771	0.02205	0.01288	0.01503	0.01036	0.00748	0.00659	0.00215	0.01097	0.00518	0.00356	0.01095
56	0.01092	0.00855	0.01278	0.01328	0.01467	0.00799	0.05839	0.01304	0.01633	0.02157	0.04482	0.55145	0.09091	0.02331	0.01032	0.00326	0.00566	0.07846	0.00725	0.00704
57	0.00996	0.00712	0.00949	0.01125	0.01179	0.00664	0.00754	0.01149	0.01590	0.02129	0.07481	0.67780	0.05479	0.02499	0.01032	0.00326	0.00466	0.02266	0.00760	0.00664
58	0.01627	0.04197	0.67279	0.02313	0.03512	0.01884	0.02998	0.02570	0.01713	0.02570	0.01456	0.01713	0.01028	0.00771	0.00771	0.00257	0.01199	0.00600	0.00343	0.01199
59	0.01990	0.01909	0.03261	0.07440	0.64104	0.01923	0.02481	0.02474	0.01839	0.02629	0.01523	0.02014	0.01278	0.00726	0.00804	0.00242	0.00968	0.00723	0.00400	0.01271
60	0.01665	0.01607	0.02306	0.01967	0.02073	0.02112	0.03845	0.01894	0.01309	0.02012	0.01308	0.02033	0.01251	0.02160	0.14034	0.00503	0.50700	0.00731	0.00380	0.06110
61	0.00996	0.00724	0.00940	0.01096	0.01172	0.00668	0.00742	0.01158	0.01626	0.02156	0.08633	0.61400	0.10809	0.02445	0.01024	0.00320	0.00460	0.02203	0.00762	0.00668
62	0.01627	0.04197	0.67279	0.02313	0.03512	0.01884	0.02998	0.02570	0.01713	0.02570	0.01456	0.01713	0.01028	0.00771	0.00771	0.00257	0.01199	0.00600	0.00343	0.01199
63	0.01838	0.02312	0.11699	0.08946	0.06499	0.02047	0.42758	0.02484	0.01799	0.02491	0.01543	0.02084	0.01180	0.00777	0.01079	0.00278	0.07853	0.00862	0.00392	0.01078
64	0.01871	0.02153	0.06867	0.03146	0.03908	0.01971	0.54533	0.02526	0.01868	0.02604	0.01683	0.02213	0.01276	0.00732	0.00984	0.00270	0.03755	0.00921	0.05651	0.01068
65	0.00989	0.00706	0.00942	0.01130	0.01177	0.00659	0.00753	0.01130	0.01554	0.02071	0.04472	0.70954	0.05367	0.02542	0.01036	0.00330	0.00471	0.02307	0.00753	0.00659
66	0.01367	0.01039	0.01311	0.01372	0.01603	0.01067	0.01124	0.02068	0.13421	0.02736	0.16823	0.11986	0.07397	0.01930	0.01021	0.00324	0.00620	0.31161	0.00792	0.00840
67	0.02019	0.03404	0.44420	0.02592	0.11599	0.04335	0.05589	0.02775	0.01846	0.11323	0.01704	0.01908	0.01206	0.00795	0.00789	0.00253	0.01117	0.00660	0.00447	0.01220
68	0.01621	0.01567	0.02755	0.56180	0.12000	0.01840	0.08216	0.02169	0.01675	0.02186	0.01471	0.02149	0.01118	0.00789	0.00825	0.00268	0.01097	0.00744	0.00370	0.00961
69	0.00959	0.00822	0.00822	0.00822	0.01096	0.00685	0.00617	0.01165	0.01850	0.02192	0.08220	0.07809	0.66092	0.02055	0.00959	0.00274	0.00411	0.01713	0.00754	0.00685
70	0.01695	0.01454	0.01688	0.01219	0.01930	0.01117	0.00974	0.02130	0.04096	0.02673	0.01513	0.01734	0.01250	0.00620	0.00609	0.00126	0.00602	0.00497	0.00494	0.73577
71	0.61394	0.11350	0.01684	0.01162	0.01694	0.02045	0.00988	0.04663	0.03847	0.03445	0.01239	0.01401	0.00978	0.00766	0.00528	0.00241	0.00671	0.00467	0.00504	0.00934
72	0.01180	0.00787	0.00885	0.00885	0.00885	0.00787	0.00492	0.01180	0.01180	0.01573	0.02557	0.05310	0.02950	0.71483	0.04130	0.00787	0.00787	0.01180	0.00492	0.00492
73	0.02734	0.03375	0.02163	0.01963	0.02327	0.55695	0.01487	0.02947	0.02157	0.02036	0.01726	0.01947	0.05141	0.00967	0.00906	0.00225	0.07283	0.00622	0.03386	0.00913
74	0.01295	0.00920	0.01267	0.01435	0.01604	0.00920	0.01228	0.01633	0.01801	0.02345	0.04128	0.08780	0.04503	0.08956	0.01413	0.00414	0.00751	0.55163	0.00722	0.00722
75	0.02956	0.13423	0.02583	0.01901	0.02417	0.41785	0.01511	0.14416	0.02487	0.07067	0.01500	0.01620	0.01174	0.00853	0.00721	0.00213	0.01216	0.00569	0.00522	0.01068
76	0.02469	0.09474	0.02180	0.01626	0.02146	0.07493	0.01313	0.10175	0.33951	0.13769	0.04911	0.02658	0.02189	0.01025	0.00786	0.00251	0.00760	0.00815	0.00771	0.01238
77	0.01180	0.00787	0.00885	0.00885	0.00885	0.00787	0.00492	0.01180	0.01180	0.01573	0.02557	0.05310	0.02950	0.71483	0.04130	0.00787	0.00787	0.01180	0.00492	0.00492
78	0.01382	0.01197	0.01278	0.01269	0.03738	0.01215	0.00926	0.02360	0.24891	0.02647	0.06192	0.05861	0.40611	0.01660	0.00905	0.00273	0.00515	0.01388	0.00768	0.00925
79	0.01857	0.13384	0.27094	0.05031	0.03182	0.05433	0.13634	0.02439	0.01668	0.02300	0.01350	0.01758	0.01078	0.00882	0.01158	0.00266	0.15389	0.00665	0.00363	0.01067
80	0.01668	0.01251	0.01482	0.01399	0.01636	0.01334	0.01048	0.20044	0.02230	0.02987	0.03683	0.42759	0.06867	0.01976	0.01066	0.00302	0.04928	0.01703	0.00746	0.00892
81	0.01016	0.00721	0.00944	0.01100	0.01151	0.00677	0.00729	0.01156	0.01558	0.02087	0.07627	0.61065	0.05257	0.09180	0.01331	0.00370	0.00497	0.02152	0.00735	0.00649
82	0.01560	0.01316	0.01901	0.02491	0.20291	0.03557	0.01627	0.01960	0.01900	0.02522	0.06744	0.06664	0.03733	0.01724	0.01007	0.00323	0.00815	0.38311	0.00644	0.00910
83	0.01838	0.02023	0.04232	0.08171	0.07972	0.01966	0.49588	0.02451	0.01846	0.02512	0.01753	0.05894	0.01442	0.00823	0.01003	0.00277	0.03735	0.00990	0.00423	0.01061
84	0.01954	0.02077	0.02455	0.05124	0.02341	0.12399	0.01765	0.02153	0.01419	0.01963	0.01111	0.01745	0.01063	0.01305	0.02288	0.00329	0.56564	0.00682	0.00365	0.00896
85	0.02008	0.01928	0.03294	0.04981	0.66422	0.01928	0.02490	0.02490	0.01848	0.02651	0.01526	0.02008	0.01285	0.00723	0.00803	0.00241	0.00964	0.00723	0.00402	0.01285
86	0.01869	0.28555	0.42469	0.01973	0.02965	0.04554	0.02372	0.02542	0.01709	0.02313	0.01332	0.01557	0.01033	0.00745	0.00680	0.00225	0.01089	0.00537	0.00347	0.01134
87	0.01627	0.04197	0.67279	0.02313	0.03512	0.01884	0.02998	0.02570	0.01713	0.02570	0.01456	0.01713	0.01028	0.00771	0.00771	0.00257	0.01199	0.00600	0.00343	0.01199
88	0.08549	0.00936	0.01111	0.01040	0.01276	0.00912	0.00789	0.01703	0.04586	0.03246	0.54518	0.05569	0.09617	0.01569	0.00908	0.00256	0.00418	0.01358	0.00846	0.00793
89	0.02491	0.04616	0.02203	0.01596	0.02265	0.01997	0.01313	0.36223	0.05675	0.04013	0.01792	0.01875	0.01351	0.00833	0.00724	0.00197	0.00774	0.00636	0.00674	0.28750
90	0.54686	0.10169	0.01565	0.01132	0.01599	0.01843	0.00939	0.02303	0.03750	0.03249	0.04223	0.08327	0.01673	0.00969	0.00587	0.00250	0.00633	0.00680	0.00535	0.00887
91	0.02102	0.63589	0.12048	0.01503	0.02259	0.03047	0.01587	0.02447	0.01657	0.01991	0.01169	0.01353	0.01040	0.00704	0.00552	0.00184	0.00909	0.00454	0.00347	0.01061
92	0.00992	0.00830	0.00868	0.00878	0.01142	0.00706	0.00672	0.01218	0.01872	0.02260	0.10732	0.07818	0.59013	0.02049	0.00970	0.00280	0.00433	0.05812	0.00760	0.00693
93	0.01162	0.00796	0.00965	0.00973	0.01011	0.00811	0.00606	0.01239	0.01294	0.01759	0.06582	0.09494	0.03268	0.52557	0.13424	0.00801	0.00950	0.01227	0.00526	0.00555
94	0.02155	0.65161	0.04018	0.01414	0.02085	0.03095	0.01378	0.02612	0.07788	0.02053	0.01339	0.01469	0.01181	0.00734	0.00550	0.00183	0.00846	0.00481	0.00394	0.01065
95	0.01252	0.00916	0.01230	0.01387	0.01588	0.00894	0.01197	0.01599	0.01865	0.02391	0.04921	0.08939	0.14454	0.02212	0.01095	0.00358	0.00694	0.51523	0.00748	0.00737
96	0.00989	0.00706	0.00942	0.01130	0.01177	0.00659	0.00753	0.01130	0.01554	0.02071	0.04472	0.70954	0.05367	0.02542	0.01036	0.00330	0.00471	0.02307	0.00753	0.00659
97	0.00989	0.00706	0.00942	0.01130	0.01177	0.00659	0.00753	0.01130	0.01554	0.02071	0.04472	0.70954	0.05367	0.02542	0.01036	0.00330	0.00471	0.02307	0.00753	0.00659
98	0.02085	0.01776	0.01872	0.01665	0.02135	0.02049	0.01300	0.08014	0.61146	0.03501	0.03218	0.02960	0.02409	0.01093	0.00825	0.00273	0.00658	0.00906	0.00825	0.01290
99	0.01180	0.00787	0.00885	0.00885	0.00885	0.00787	0.00492	0.01180	0.01180	0.01573	0.02557	0.05310	0.02950	0.71483	0.04130	0.00787	0.00787	0.01180	0.00492	0.00492
100	0.01879	0.01622	0.01701	0.01542	0.01976	0.01843	0.01196	0.03897	0.56644	0.03236	0.03950	0.03657	0.10856	0.01227	0.00843	0.00275	0.00612	0.01022	0.00816	0.01205
101	0.02117	0.65399	0.10364	0.01478	0.02221	0.03082	0.01544	0.02443	0.01655	0.01973	0.01160	0.01342	0.01040	0.00702	0.00545	0.00182	0.00900	0.00450	0.00347	0.01057
102	0.01180	0.00787	0.00885	0.00885	0.00885	0.00787	0.00492	0.01180	0.01180	0.01573	0.02557	0.05310	0.02950	0.71483	0.04130	0.00787	0.00787	0.01180	0.00492	0.00492
103	0.01400	0.00986	0.01304	0.01403	0.01614	0.00992	0.01162	0.01927	0.08010	0.04948	0.11378	0.16378	0.04802	0.02058	0.01050	0.00340	0.00655	0.37998	0.00782	0.00813
104	0.03641	0.01381	0.01883	0.01444	0.02071	0.01193	0.01193	0.03954	0.02322	0.66984	0.03201	0.02762	0.02009	0.01004	0.00816	0.00251	0.00690	0.00816	0.01004	0.01381
105	0.01180	0.00787	0.00885	0.00885	0.00885	0.00787	0.00492	0.01180	0.01180	0.01573	0.02557	0.05310	0.02950	0.71483	0.04130	0.00787	0.00787	0.01180	0.00492	0.00492
106	0.02008	0.01928	0.03294	0.04981	0.66422	0.01928	0.02490	0.02490	0.01848	0.02651	0.01526	0.02008	0.01285	0.00723	0.00803	0.00241	0.00964	0.00723	0.00402	0.01285
107	0.01677	0.08820	0.60395	0.02293	0.03442	0.01983	0.05315	0.02561	0.01717	0.02525	0.01441	0.01704	0.01037	0.00762	0.00761	0.00252	0.01183	0.00602	0.00346	0.01184
108	0.01376	0.01030	0.01500	0.01832	0.07959	0.01030	0.01422	0.01760	0.01866	0.02450	0.04028	0.08460	0.04342	0.02094	0.01090	0.00361	0.00768	0.55119	0.00714	0.00799
109	0.01157	0.00793	0.00891	0.00887	0.00926	0.00775	0.00521	0.01200	0.01315	0.01738	0.07059	0.05599	0.09366	0.60399	0.03625	0.00704	0.00725	0.01250	0.00542	0.00527
110	0.01044	0.00781	0.00974	0.01076	0.01200	0.00726	0.00749	0.01307	0.03834	0.02328	0.15061	0.47131	0.16264	0.02266	0.01003	0.00306	0.00452	0.02021	0.00778	0.00702
111	0.01955	0.29067	0.34576	0.02034	0.02981	0.02360	0.08183	0.02588	0.01739	0.05477	0.01438	0.01658	0.01101	0.00745	0.00698	0.00227	0.01067	0.00583	0.00383	0.01139
112	0.01159	0.00869	0.01304	0.01304	0.01449	0.01014	0.01014	0.01449	0.01304	0.01884	0.02173	0.03188	0.02029	0.06086	0.68268	0.01304	0.02173	0.00869	0.00435	0.00724
113	0.01595	0.01506	0.02547	0.61043	0.13590	0.01819	0.02285	0.02128	0.01652	0.02149	0.01453	0.02143	0.01108	0.00800	0.00810	0.00267	0.01066	0.00721	0.00366	0.00952
114	0.03406	0.01364	0.01831	0.01427	0.02020	0.01206	0.01170	0.03821	0.05384	0.59902	0.07119	0.02980	0.02383	0.01050	0.00825	0.00253	0.00669	0.00862	0.00989	0.01338
115	0.01640	0.03659	0.53713	0.02301	0.03361	0.01829	0.08631	0.02578	0.04588	0.02657	0.06035	0.02119	0.01572	0.00839	0.00804	0.00259	0.01134	0.00709	0.00409	0.01163

[dist]
# distance from previous block
# <min> <max>
0	34

[block]
# block no. 3 follows, 23 sequences, length 8
# corresponding to MSA columns:
# 246-253
name=unknown_D
#
# <colnr> <probs for GDERKNQSTAVLIFYWHMCP>
#	G	D	E	R	K	N	Q	S	T	A	V	L	I	F	Y	W	H	M	C	P
0	0.02167	0.01910	0.02911	0.17583	0.38596	0.02042	0.02215	0.17015	0.02271	0.03119	0.01610	0.02026	0.01266	0.00801	0.00807	0.00248	0.00971	0.00724	0.00491	0.01229
1	0.01605	0.03540	0.51805	0.18354	0.04007	0.01865	0.02820	0.02451	0.01692	0.02451	0.01453	0.01821	0.01041	0.00781	0.00781	0.00260	0.01171	0.00629	0.00347	0.01128
2	0.77215	0.01569	0.01193	0.01067	0.01569	0.01820	0.00879	0.02385	0.01381	0.03641	0.01130	0.01318	0.00879	0.00753	0.00502	0.00251	0.00628	0.00439	0.00502	0.00879
3	0.01577	0.01529	0.02708	0.61837	0.05432	0.01832	0.09380	0.02134	0.01657	0.02134	0.01465	0.02166	0.01099	0.00796	0.00828	0.00271	0.01115	0.00749	0.00366	0.00924
4	0.33612	0.05590	0.01646	0.17420	0.02476	0.01665	0.01212	0.04462	0.01652	0.03026	0.05626	0.06337	0.01792	0.00961	0.00657	0.00249	0.00707	0.00733	0.09297	0.00878
5	0.01251	0.00980	0.01219	0.01145	0.01445	0.00820	0.00828	0.01494	0.01674	0.02393	0.09539	0.39881	0.04117	0.01765	0.00873	0.00248	0.00508	0.01575	0.00670	0.27576
6	0.02040	0.55798	0.19292	0.01609	0.02424	0.02894	0.01773	0.02463	0.01664	0.02067	0.01206	0.01400	0.01038	0.00713	0.00580	0.00193	0.00947	0.00473	0.00346	0.01079
7	0.01435	0.04408	0.02146	0.01738	0.02078	0.01247	0.15811	0.05462	0.01792	0.02413	0.03303	0.42868	0.03682	0.01799	0.00953	0.00291	0.00737	0.01690	0.00640	0.05507

[dist]
# distance from previous block
# <min> <max>
0	1

[block]
# block no. 4 follows, 23 sequences, length 7
# corresponding to MSA columns:
# 255-261
name=unknown_E
#
# <colnr> <probs for GDERKNQSTAVLIFYWHMCP>
#	G	D	E	R	K	N	Q	S	T	A	V	L	I	F	Y	W	H	M	C	P
0	0.02171	0.09210	0.05709	0.18610	0.03700	0.04961	0.19793	0.11957	0.06734	0.06587	0.01776	0.02101	0.01319	0.00819	0.00821	0.00253	0.01081	0.00769	0.00516	0.01114
1	0.39175	0.09335	0.01747	0.01277	0.01784	0.01899	0.01057	0.02957	0.16919	0.09489	0.05656	0.02147	0.01789	0.00908	0.00639	0.00249	0.00649	0.00651	0.00635	0.01037
2	0.01153	0.00895	0.01109	0.01117	0.01349	0.00764	0.00790	0.01354	0.01613	0.02221	0.04102	0.48111	0.10229	0.02026	0.00923	0.00274	0.00496	0.01808	0.00687	0.18976
3	0.01318	0.01145	0.01973	0.01660	0.01977	0.01071	0.15964	0.01730	0.02035	0.02814	0.34204	0.17046	0.05441	0.01631	0.00985	0.00283	0.00667	0.06492	0.00739	0.00824
4	0.01345	0.01050	0.01247	0.01159	0.01421	0.01063	0.00880	0.02177	0.17407	0.03211	0.46661	0.05455	0.10635	0.01553	0.00925	0.00261	0.00448	0.01352	0.00867	0.00885
5	0.01706	0.01492	0.02048	0.06389	0.20510	0.01603	0.01559	0.02773	0.25035	0.02742	0.03013	0.19377	0.02852	0.01376	0.00882	0.00283	0.00723	0.03895	0.00656	0.01087
6	0.02336	0.01818	0.01975	0.01559	0.02154	0.01884	0.01256	0.28205	0.17861	0.03875	0.02177	0.02201	0.01638	0.00898	0.00741	0.00213	0.00718	0.00707	0.05377	0.22406

[dist]
# distance from previous block
# <min> <max>
10	23

# created by:
# /st0/software/busco_prod/Augustus/scripts/msa2prfl.pl ./align_prep/125819.fa
