[name]
unknown

[dist]
# distance from previous block
# <min> <max>
0	36

[block]
# block no. 0 follows, 24 sequences, length 45
# corresponding to MSA columns:
# 36-80
name=unknown_A
#
# <colnr> <probs for GDERKNQSTAVLIFYWHMCP>
#	G	D	E	R	K	N	Q	S	T	A	V	L	I	F	Y	W	H	M	C	P
0	0.01324	0.01008	0.01542	0.01606	0.01837	0.00997	0.06164	0.01712	0.01829	0.02386	0.03997	0.08417	0.04303	0.02073	0.01083	0.00358	0.00777	0.57125	0.00705	0.00756
1	0.01050	0.00825	0.01270	0.01313	0.01429	0.00771	0.06657	0.01238	0.01551	0.02072	0.04113	0.65143	0.04868	0.02315	0.01005	0.00317	0.00542	0.02132	0.00705	0.00684
2	0.01815	0.02249	0.10677	0.02969	0.03760	0.01921	0.49128	0.02455	0.01798	0.02510	0.01540	0.02026	0.01172	0.00705	0.00967	0.00256	0.04667	0.00845	0.00398	0.08140
3	0.00981	0.00701	0.00937	0.01121	0.01174	0.00657	0.00762	0.01130	0.01533	0.02041	0.04362	0.68616	0.05212	0.02470	0.01016	0.00324	0.00473	0.05105	0.00736	0.00648
4	0.01681	0.00955	0.00998	0.00919	0.01166	0.00996	0.00711	0.10755	0.01939	0.03194	0.02468	0.02814	0.01933	0.01166	0.03830	0.00244	0.00524	0.00741	0.62143	0.00824
5	0.01993	0.01834	0.03167	0.07849	0.51702	0.01814	0.08050	0.02472	0.01815	0.05765	0.01574	0.02008	0.01272	0.00715	0.00791	0.00235	0.00955	0.00721	0.00424	0.04846
6	0.01102	0.00810	0.01032	0.00976	0.01172	0.00740	0.00732	0.01457	0.02197	0.03066	0.60332	0.06111	0.13987	0.01664	0.00935	0.00251	0.00377	0.01460	0.00858	0.00740
7	0.01972	0.01703	0.01793	0.01614	0.02062	0.01972	0.01255	0.04214	0.65752	0.03317	0.03228	0.02959	0.02421	0.01076	0.00807	0.00269	0.00628	0.00897	0.00807	0.01255
8	0.05868	0.16582	0.17498	0.04451	0.06956	0.14692	0.01833	0.14587	0.02156	0.02802	0.01405	0.01610	0.01097	0.00779	0.00689	0.00217	0.01025	0.00564	0.00457	0.04733
9	0.05997	0.01555	0.01840	0.01442	0.01995	0.01550	0.01183	0.23332	0.02643	0.35183	0.04934	0.02530	0.01929	0.00979	0.00762	0.00236	0.00692	0.00773	0.09203	0.01241
10	0.00966	0.00690	0.00920	0.01104	0.01150	0.00644	0.00736	0.01104	0.01518	0.02024	0.04371	0.71614	0.05245	0.02484	0.01012	0.00322	0.00460	0.02254	0.00736	0.00644
11	0.01332	0.00796	0.00968	0.00987	0.01068	0.00764	0.00631	0.01423	0.01400	0.07928	0.03169	0.26402	0.03523	0.39536	0.02588	0.00547	0.00641	0.01458	0.04213	0.00627
12	0.00937	0.00803	0.00803	0.00803	0.01071	0.00669	0.00602	0.01138	0.01807	0.02142	0.08033	0.07632	0.66863	0.02008	0.00937	0.00268	0.00402	0.01674	0.00736	0.00669
13	0.14780	0.02065	0.02159	0.01679	0.02290	0.02281	0.01387	0.51419	0.03274	0.08236	0.01846	0.01851	0.01306	0.00920	0.00746	0.00240	0.00821	0.00674	0.00756	0.01272
14	0.02962	0.03779	0.02247	0.02043	0.02451	0.68948	0.01532	0.03166	0.02247	0.01941	0.01226	0.01430	0.01021	0.00817	0.00715	0.00204	0.01430	0.00511	0.00409	0.00919
15	0.03508	0.01429	0.01889	0.01448	0.02064	0.01283	0.01197	0.09383	0.02402	0.62028	0.03017	0.02627	0.01907	0.00979	0.00797	0.00245	0.00693	0.00790	0.00964	0.01349
16	0.01498	0.01409	0.02378	0.70226	0.05462	0.01762	0.02202	0.02026	0.01586	0.02026	0.01409	0.02114	0.01057	0.00793	0.00793	0.00264	0.01057	0.00705	0.00352	0.00881
17	0.03065	0.02140	0.02330	0.01786	0.02419	0.02339	0.01475	0.58890	0.03593	0.10841	0.02018	0.01978	0.01406	0.00955	0.00794	0.00239	0.00854	0.00722	0.00811	0.01349
18	0.03558	0.01350	0.01840	0.01411	0.02024	0.01166	0.01166	0.03865	0.02270	0.67734	0.03128	0.02699	0.01963	0.00981	0.00797	0.00245	0.00675	0.00797	0.00981	0.01350
19	0.01478	0.00739	0.00739	0.00739	0.00924	0.00739	0.00554	0.01848	0.01663	0.02956	0.02587	0.02956	0.02033	0.00924	0.00554	0.00185	0.00370	0.00739	0.76534	0.00739
20	0.02801	0.02288	0.02205	0.01771	0.02329	0.11141	0.01430	0.45846	0.10838	0.04282	0.02008	0.02023	0.01470	0.00947	0.00772	0.00234	0.00891	0.00710	0.04765	0.01248
21	0.02122	0.44905	0.08943	0.01485	0.02164	0.05843	0.01441	0.02679	0.09281	0.05284	0.01512	0.01617	0.01242	0.00745	0.00596	0.00189	0.00846	0.00520	0.00440	0.08145
22	0.01854	0.20587	0.37080	0.02217	0.03172	0.02169	0.14620	0.02536	0.01721	0.04893	0.01446	0.01706	0.01084	0.00727	0.00731	0.00234	0.01105	0.00623	0.00374	0.01120
23	0.00966	0.00690	0.00920	0.01104	0.01150	0.00644	0.00736	0.01104	0.01518	0.02024	0.04371	0.71614	0.05245	0.02484	0.01012	0.00322	0.00460	0.02254	0.00736	0.00644
24	0.00976	0.00764	0.00884	0.00941	0.01117	0.00672	0.00673	0.01180	0.01769	0.02256	0.15553	0.30494	0.35657	0.02122	0.00964	0.00285	0.00419	0.01847	0.00757	0.00672
25	0.01807	0.02150	0.07476	0.03164	0.03942	0.01921	0.57800	0.02458	0.01842	0.02510	0.01752	0.06039	0.01422	0.00775	0.00931	0.00270	0.01280	0.00994	0.00417	0.01050
26	0.01829	0.01993	0.04124	0.13568	0.13446	0.01951	0.46080	0.02448	0.01819	0.02471	0.01559	0.02110	0.01189	0.00693	0.00893	0.00262	0.01238	0.00868	0.00393	0.01068
27	0.01590	0.04102	0.68023	0.02260	0.03432	0.01842	0.02930	0.02511	0.01674	0.02511	0.01423	0.01674	0.01005	0.00753	0.00753	0.00251	0.01172	0.00586	0.00335	0.01172
28	0.15039	0.01487	0.04354	0.01387	0.02004	0.01288	0.01188	0.03572	0.02103	0.55152	0.02746	0.02439	0.01753	0.00934	0.00748	0.00246	0.00685	0.00732	0.00879	0.01266
29	0.01112	0.00810	0.01046	0.00987	0.01178	0.00744	0.00740	0.01477	0.02221	0.03123	0.63523	0.06018	0.10762	0.01643	0.00935	0.00250	0.00376	0.01447	0.00865	0.00744
30	0.01972	0.01703	0.01793	0.01614	0.02062	0.01972	0.01255	0.04214	0.65752	0.03317	0.03228	0.02959	0.02421	0.01076	0.00807	0.00269	0.00628	0.00897	0.00807	0.01255
31	0.01009	0.00759	0.01100	0.01211	0.01293	0.00709	0.03775	0.01173	0.01535	0.02049	0.04238	0.68293	0.05052	0.02398	0.01008	0.00319	0.00502	0.02191	0.00720	0.00664
32	0.01478	0.00739	0.00739	0.00739	0.00924	0.00739	0.00554	0.01848	0.01663	0.02956	0.02587	0.02956	0.02033	0.00924	0.00554	0.00185	0.00370	0.00739	0.76534	0.00739
33	0.00937	0.00803	0.00803	0.00803	0.01071	0.00669	0.00602	0.01138	0.01807	0.02142	0.08033	0.07632	0.66863	0.02008	0.00937	0.00268	0.00402	0.01674	0.00736	0.00669
34	0.02962	0.03779	0.02247	0.02043	0.02451	0.68948	0.01532	0.03166	0.02247	0.01941	0.01226	0.01430	0.01021	0.00817	0.00715	0.00204	0.01430	0.00511	0.00409	0.00919
35	0.01115	0.00810	0.01050	0.00990	0.01180	0.00745	0.00742	0.01482	0.02227	0.03138	0.64419	0.05992	0.09856	0.01637	0.00935	0.00250	0.00375	0.01444	0.00867	0.00745
36	0.02835	0.02132	0.02279	0.01788	0.02391	0.02375	0.01464	0.54150	0.14411	0.04708	0.02132	0.02086	0.01533	0.00973	0.00796	0.00243	0.00830	0.00745	0.00796	0.01332
37	0.01747	0.01652	0.02793	0.28290	0.41132	0.01776	0.02255	0.02233	0.01751	0.02420	0.05147	0.02241	0.01536	0.00789	0.00796	0.00247	0.00952	0.00747	0.00405	0.01092
38	0.01837	0.02071	0.04465	0.09572	0.04267	0.01983	0.58521	0.02492	0.01845	0.02492	0.01586	0.02137	0.01190	0.00680	0.00923	0.00267	0.01311	0.00914	0.00397	0.01052
39	0.01872	0.02139	0.04679	0.03342	0.04144	0.02005	0.64305	0.02540	0.01872	0.02540	0.01604	0.02139	0.01203	0.00668	0.00936	0.00267	0.01337	0.00936	0.00401	0.01070
40	0.01644	0.01409	0.01644	0.01175	0.01879	0.01057	0.00940	0.01997	0.01644	0.02584	0.01409	0.01644	0.01175	0.00587	0.00587	0.00117	0.00587	0.00470	0.00470	0.76979
41	0.01167	0.00768	0.00860	0.00860	0.00867	0.00768	0.00484	0.01182	0.01175	0.01597	0.02502	0.05095	0.02847	0.69137	0.03890	0.00744	0.00752	0.01136	0.03679	0.00491
42	0.01644	0.01409	0.01644	0.01175	0.01879	0.01057	0.00940	0.01997	0.01644	0.02584	0.01409	0.01644	0.01175	0.00587	0.00587	0.00117	0.00587	0.00470	0.00470	0.76979
43	0.02973	0.08613	0.04925	0.01687	0.02334	0.02158	0.01454	0.38983	0.05374	0.20210	0.02165	0.02074	0.01497	0.00931	0.00767	0.00235	0.00823	0.00710	0.00781	0.01308
44	0.09762	0.05007	0.01936	0.01483	0.02022	0.04825	0.01222	0.15384	0.07965	0.30463	0.06173	0.02821	0.02140	0.01040	0.00775	0.00247	0.00734	0.04002	0.00807	0.01193

[dist]
# distance from previous block
# <min> <max>
0	1

[block]
# block no. 1 follows, 24 sequences, length 99
# corresponding to MSA columns:
# 82-180
name=unknown_B
#
# <colnr> <probs for GDERKNQSTAVLIFYWHMCP>
#	G	D	E	R	K	N	Q	S	T	A	V	L	I	F	Y	W	H	M	C	P
0	0.11558	0.04219	0.02139	0.25242	0.05358	0.01866	0.01596	0.11530	0.05341	0.06097	0.01639	0.01987	0.01250	0.00871	0.00881	0.00246	0.07070	0.00659	0.03946	0.06506
1	0.01095	0.00810	0.01022	0.00969	0.01168	0.00737	0.00727	0.01444	0.02180	0.03027	0.58114	0.06175	0.16230	0.01678	0.00936	0.00252	0.00378	0.01469	0.00853	0.00737
2	0.09634	0.01807	0.02131	0.01897	0.07092	0.04118	0.04494	0.15728	0.21067	0.19965	0.02462	0.02359	0.01749	0.00939	0.00774	0.00250	0.00774	0.00766	0.00754	0.01240
3	0.01902	0.01633	0.02349	0.08589	0.29265	0.01737	0.01759	0.02957	0.23488	0.05859	0.09822	0.02812	0.02398	0.00959	0.00811	0.00251	0.00766	0.00860	0.00613	0.01169
4	0.01211	0.00772	0.01016	0.01123	0.01221	0.00725	0.00782	0.01373	0.01582	0.06793	0.06535	0.50112	0.04738	0.11150	0.01384	0.00374	0.00535	0.07160	0.00726	0.00686
5	0.01666	0.01737	0.03412	0.40190	0.04870	0.01871	0.30091	0.02257	0.01714	0.02257	0.01497	0.02125	0.01123	0.00737	0.00857	0.00266	0.01183	0.00809	0.00374	0.00966
6	0.01044	0.00808	0.00952	0.00916	0.01137	0.00715	0.00687	0.01346	0.02061	0.02743	0.42059	0.06642	0.32462	0.01784	0.00936	0.00257	0.00386	0.01535	0.00815	0.00715
7	0.02013	0.01456	0.01743	0.01279	0.01940	0.01200	0.01034	0.05642	0.01836	0.12619	0.01684	0.01822	0.01299	0.00697	0.00705	0.00152	0.03221	0.00541	0.00561	0.58556
8	0.01231	0.00836	0.01085	0.01008	0.01220	0.00765	0.00761	0.01593	0.02225	0.06234	0.60897	0.05850	0.10057	0.01609	0.00929	0.00250	0.00390	0.01415	0.00872	0.00773
9	0.01272	0.00938	0.01297	0.01257	0.01414	0.01066	0.00957	0.05946	0.01435	0.02027	0.02161	0.03318	0.02063	0.14856	0.54959	0.01129	0.01844	0.00882	0.00459	0.00722
10	0.02120	0.72609	0.04155	0.01357	0.02035	0.03138	0.01357	0.02374	0.01611	0.01866	0.01102	0.01272	0.01018	0.00678	0.00509	0.00170	0.00848	0.00424	0.00339	0.01018
11	0.02075	0.67458	0.04027	0.06339	0.02283	0.03038	0.01418	0.02349	0.01609	0.01877	0.01125	0.01333	0.01020	0.00687	0.00529	0.00176	0.00863	0.00444	0.00340	0.01008
12	0.01644	0.01409	0.01644	0.01175	0.01879	0.01057	0.00940	0.01997	0.01644	0.02584	0.01409	0.01644	0.01175	0.00587	0.00587	0.00117	0.00587	0.00470	0.00470	0.76979
13	0.07614	0.03132	0.06903	0.01906	0.02395	0.42172	0.01555	0.08637	0.05160	0.07735	0.01531	0.01668	0.01181	0.00871	0.00808	0.00226	0.04404	0.00579	0.00505	0.01020
14	0.01629	0.09058	0.63403	0.02195	0.03331	0.01935	0.02816	0.02501	0.01670	0.02465	0.01400	0.01645	0.01005	0.00748	0.00736	0.00245	0.01149	0.00574	0.00335	0.01161
15	0.02235	0.63196	0.03894	0.01451	0.02092	0.12137	0.01381	0.02483	0.01698	0.01876	0.01119	0.01294	0.01018	0.00697	0.00537	0.00174	0.00928	0.00436	0.00349	0.01004
16	0.00966	0.00690	0.00920	0.01104	0.01150	0.00644	0.00736	0.01104	0.01518	0.02024	0.04371	0.71614	0.05245	0.02484	0.01012	0.00322	0.00460	0.02254	0.00736	0.00644
17	0.01262	0.00980	0.01425	0.04651	0.01683	0.01158	0.01102	0.04368	0.01410	0.02007	0.02122	0.06009	0.02004	0.05069	0.55947	0.01085	0.05627	0.00891	0.00448	0.00752
18	0.02515	0.01772	0.02416	0.21575	0.13905	0.01924	0.01792	0.25216	0.02531	0.15563	0.01927	0.02123	0.01367	0.00872	0.00793	0.00246	0.00899	0.00726	0.00638	0.01201
19	0.01534	0.01440	0.02044	0.01813	0.01860	0.01949	0.01487	0.01744	0.01234	0.01886	0.01402	0.02195	0.01355	0.02909	0.24748	0.00656	0.47811	0.00746	0.00373	0.00814
20	0.01140	0.00763	0.00869	0.00882	0.00886	0.00760	0.00499	0.01150	0.01180	0.01573	0.02634	0.09994	0.03054	0.67093	0.03817	0.00736	0.00746	0.01233	0.00499	0.00492
21	0.02120	0.72609	0.04155	0.01357	0.02035	0.03138	0.01357	0.02374	0.01611	0.01866	0.01102	0.01272	0.01018	0.00678	0.00509	0.00170	0.00848	0.00424	0.00339	0.01018
22	0.05735	0.01602	0.02347	0.39765	0.04061	0.01900	0.04366	0.11361	0.05063	0.07361	0.01655	0.02093	0.01226	0.00888	0.00945	0.00266	0.07150	0.00717	0.00493	0.01006
23	0.01478	0.00739	0.00739	0.00739	0.00924	0.00739	0.00554	0.01848	0.01663	0.02956	0.02587	0.02956	0.02033	0.00924	0.00554	0.00185	0.00370	0.00739	0.76534	0.00739
24	0.03485	0.01366	0.01838	0.01420	0.02026	0.01203	0.01170	0.03881	0.05197	0.64764	0.03133	0.02711	0.01984	0.00986	0.00798	0.00246	0.00673	0.00802	0.00973	0.01345
25	0.02120	0.72609	0.04155	0.01357	0.02035	0.03138	0.01357	0.02374	0.01611	0.01866	0.01102	0.01272	0.01018	0.00678	0.00509	0.00170	0.00848	0.00424	0.00339	0.01018
26	0.03270	0.01306	0.01760	0.01384	0.01946	0.01149	0.01129	0.03638	0.04393	0.59467	0.06248	0.05981	0.02392	0.01083	0.00814	0.00250	0.00649	0.00897	0.00959	0.01285
27	0.00937	0.00803	0.00803	0.00803	0.01071	0.00669	0.00602	0.01138	0.01807	0.02142	0.08033	0.07632	0.66863	0.02008	0.00937	0.00268	0.00402	0.01674	0.00736	0.00669
28	0.01938	0.02155	0.12911	0.05692	0.03317	0.01889	0.30128	0.02475	0.01733	0.09893	0.01770	0.05398	0.01418	0.00948	0.01209	0.00280	0.14461	0.00875	0.00462	0.01049
29	0.02568	0.08428	0.06022	0.02708	0.22639	0.02003	0.03838	0.19090	0.04954	0.16931	0.01980	0.02071	0.01440	0.00842	0.00769	0.00235	0.00871	0.00711	0.00631	0.01268
30	0.01609	0.03987	0.64855	0.02229	0.03367	0.01848	0.02850	0.02593	0.04739	0.02550	0.01509	0.01736	0.01072	0.00769	0.00756	0.00252	0.01146	0.00601	0.00357	0.01176
31	0.06121	0.01355	0.01840	0.01536	0.04969	0.01201	0.01192	0.03625	0.02213	0.59176	0.06102	0.02771	0.02160	0.00991	0.00792	0.00245	0.00670	0.00811	0.00931	0.01297
32	0.14075	0.04875	0.07487	0.12043	0.04649	0.15350	0.01538	0.10721	0.02067	0.08928	0.04384	0.06982	0.01704	0.00973	0.00738	0.00242	0.00930	0.00753	0.00551	0.01010
33	0.01585	0.01503	0.02518	0.56186	0.15395	0.01815	0.02217	0.02087	0.01603	0.02113	0.01405	0.02071	0.01089	0.00808	0.00880	0.00264	0.04456	0.00704	0.00359	0.00942
34	0.77733	0.01534	0.01166	0.01043	0.01534	0.01779	0.00859	0.02331	0.01350	0.03558	0.01104	0.01288	0.00859	0.00736	0.00491	0.00245	0.00613	0.00429	0.00491	0.00859
35	0.77733	0.01534	0.01166	0.01043	0.01534	0.01779	0.00859	0.02331	0.01350	0.03558	0.01104	0.01288	0.00859	0.00736	0.00491	0.00245	0.00613	0.00429	0.00491	0.00859
36	0.01566	0.01494	0.02433	0.54348	0.08168	0.01889	0.02130	0.02027	0.01530	0.02035	0.01347	0.02037	0.01065	0.00896	0.01121	0.00278	0.13682	0.00703	0.00354	0.00899
37	0.02630	0.01973	0.02121	0.01721	0.02280	0.02202	0.01391	0.37664	0.28172	0.07468	0.02488	0.02360	0.01803	0.01002	0.00799	0.00251	0.00766	0.00790	0.00808	0.01312
38	0.01066	0.00778	0.01002	0.01010	0.01166	0.00714	0.00733	0.01363	0.02016	0.02789	0.45461	0.23540	0.11641	0.01882	0.00956	0.00270	0.00399	0.01672	0.00826	0.00714
39	0.01122	0.00811	0.01060	0.00998	0.01185	0.00748	0.00748	0.01496	0.02245	0.03180	0.66766	0.05923	0.07482	0.01621	0.00935	0.00249	0.00374	0.01434	0.00873	0.00748
40	0.01133	0.00850	0.01274	0.01274	0.01416	0.00991	0.00991	0.01416	0.01274	0.01841	0.02124	0.03115	0.01982	0.05947	0.68989	0.01274	0.02124	0.00850	0.00425	0.00708
41	0.01478	0.00739	0.00739	0.00739	0.00924	0.00739	0.00554	0.01848	0.01663	0.02956	0.02587	0.02956	0.02033	0.00924	0.00554	0.00185	0.00370	0.00739	0.76534	0.00739
42	0.01963	0.01884	0.03219	0.04867	0.67185	0.01884	0.02434	0.02434	0.01806	0.02591	0.01492	0.01963	0.01256	0.00707	0.00785	0.00236	0.00942	0.00707	0.00393	0.01256
43	0.02962	0.03779	0.02247	0.02043	0.02451	0.68948	0.01532	0.03166	0.02247	0.01941	0.01226	0.01430	0.01021	0.00817	0.00715	0.00204	0.01430	0.00511	0.00409	0.00919
44	0.77733	0.01534	0.01166	0.01043	0.01534	0.01779	0.00859	0.02331	0.01350	0.03558	0.01104	0.01288	0.00859	0.00736	0.00491	0.00245	0.00613	0.00429	0.00491	0.00859
45	0.01498	0.01409	0.02378	0.70226	0.05462	0.01762	0.02202	0.02026	0.01586	0.02026	0.01409	0.02114	0.01057	0.00793	0.00793	0.00264	0.01057	0.00705	0.00352	0.00881
46	0.03014	0.02221	0.02380	0.01825	0.02459	0.02459	0.01507	0.64541	0.03728	0.04998	0.01904	0.01904	0.01349	0.00952	0.00793	0.00238	0.00873	0.00714	0.00793	0.01349
47	0.01498	0.01409	0.02378	0.70226	0.05462	0.01762	0.02202	0.02026	0.01586	0.02026	0.01409	0.02114	0.01057	0.00793	0.00793	0.00264	0.01057	0.00705	0.00352	0.00881
48	0.03014	0.02221	0.02380	0.01825	0.02459	0.02459	0.01507	0.64541	0.03728	0.04998	0.01904	0.01904	0.01349	0.00952	0.00793	0.00238	0.00873	0.00714	0.00793	0.01349
49	0.03558	0.01350	0.01840	0.01411	0.02024	0.01166	0.01166	0.03865	0.02270	0.67734	0.03128	0.02699	0.01963	0.00981	0.00797	0.00245	0.00675	0.00797	0.00981	0.01350
50	0.02522	0.01686	0.01888	0.01592	0.02108	0.01836	0.01268	0.12631	0.40872	0.19927	0.03016	0.02744	0.02153	0.01034	0.00803	0.00259	0.00674	0.00846	0.00849	0.01292
51	0.01004	0.00806	0.00896	0.00874	0.01112	0.00698	0.00655	0.01268	0.01966	0.02519	0.29343	0.07012	0.45319	0.01868	0.00937	0.00261	0.00392	0.01587	0.00786	0.00698
52	0.01478	0.00739	0.00739	0.00739	0.00924	0.00739	0.00554	0.01848	0.01663	0.02956	0.02587	0.02956	0.02033	0.00924	0.00554	0.00185	0.00370	0.00739	0.76534	0.00739
53	0.01312	0.00873	0.01069	0.01024	0.01282	0.00780	0.00801	0.01615	0.02035	0.09017	0.31325	0.06606	0.28319	0.01770	0.00942	0.00270	0.00458	0.08909	0.00816	0.00776
54	0.03558	0.01350	0.01840	0.01411	0.02024	0.01166	0.01166	0.03865	0.02270	0.67734	0.03128	0.02699	0.01963	0.00981	0.00797	0.00245	0.00675	0.00797	0.00981	0.01350
55	0.01135	0.00839	0.01223	0.01223	0.01347	0.00963	0.00927	0.01383	0.01259	0.01803	0.02171	0.03376	0.02096	0.14281	0.60810	0.01211	0.01953	0.00888	0.00432	0.00679
56	0.00966	0.00690	0.00920	0.01104	0.01150	0.00644	0.00736	0.01104	0.01518	0.02024	0.04371	0.71614	0.05245	0.02484	0.01012	0.00322	0.00460	0.02254	0.00736	0.00644
57	0.01246	0.00890	0.01241	0.01423	0.01592	0.00885	0.01222	0.01587	0.01794	0.02337	0.04216	0.15446	0.04634	0.02221	0.01087	0.00361	0.00702	0.55666	0.00731	0.00721
58	0.01942	0.01863	0.03182	0.07748	0.64465	0.01879	0.02423	0.02416	0.01796	0.02566	0.01488	0.01969	0.01247	0.00710	0.00785	0.00237	0.00947	0.00706	0.00391	0.01240
59	0.01660	0.01644	0.02471	0.02082	0.02177	0.02181	0.07456	0.01896	0.01284	0.01957	0.01251	0.01973	0.01193	0.01982	0.12077	0.00474	0.54275	0.00739	0.00363	0.00863
60	0.01662	0.01661	0.03025	0.30850	0.04086	0.01892	0.22343	0.02160	0.01616	0.02239	0.01489	0.02112	0.01171	0.00871	0.01156	0.00275	0.13914	0.00781	0.05766	0.00930
61	0.17372	0.01767	0.02651	0.12817	0.23955	0.01861	0.09670	0.09462	0.01947	0.08759	0.01608	0.01930	0.01214	0.00772	0.00748	0.00247	0.00911	0.00688	0.00505	0.01117
62	0.01025	0.00733	0.00986	0.01160	0.01235	0.00694	0.00828	0.01212	0.01600	0.02131	0.06895	0.58306	0.05221	0.02399	0.01023	0.00326	0.00502	0.12319	0.00741	0.00663
63	0.02564	0.01919	0.02137	0.01841	0.05436	0.02104	0.01413	0.32385	0.26420	0.08704	0.02444	0.02345	0.01779	0.00974	0.00790	0.00245	0.00760	0.00778	0.00780	0.04181
64	0.00966	0.00690	0.00920	0.01104	0.01150	0.00644	0.00736	0.01104	0.01518	0.02024	0.04371	0.71614	0.05245	0.02484	0.01012	0.00322	0.00460	0.02254	0.00736	0.00644
65	0.02296	0.01809	0.05637	0.04873	0.05598	0.01796	0.04449	0.08406	0.33387	0.15596	0.02684	0.02573	0.01942	0.00959	0.00796	0.00252	0.00752	0.00812	0.00739	0.04647
66	0.05886	0.26330	0.37397	0.02000	0.02938	0.02280	0.08119	0.02459	0.01655	0.02358	0.01318	0.01565	0.01020	0.00720	0.00676	0.00226	0.01051	0.00557	0.00351	0.01095
67	0.03539	0.01380	0.01859	0.01425	0.02040	0.01211	0.01177	0.05993	0.02321	0.65534	0.03085	0.02671	0.01941	0.00980	0.00797	0.00245	0.00682	0.00795	0.00975	0.01349
68	0.01063	0.00741	0.00932	0.01009	0.01058	0.00720	0.00652	0.01182	0.01449	0.01959	0.10544	0.35621	0.04438	0.29118	0.05426	0.00530	0.00648	0.01675	0.00639	0.00596
69	0.01861	0.02266	0.10276	0.03193	0.08448	0.01978	0.48292	0.02682	0.07680	0.02612	0.01727	0.02157	0.01299	0.00716	0.00896	0.00264	0.01228	0.00883	0.00431	0.01110
70	0.01631	0.01602	0.05596	0.14531	0.24601	0.01562	0.05233	0.02262	0.07548	0.02525	0.06650	0.06965	0.02526	0.01173	0.00873	0.00275	0.00866	0.12033	0.00531	0.01018
71	0.01122	0.00811	0.01060	0.00998	0.01185	0.00748	0.00748	0.01496	0.02245	0.03180	0.66766	0.05923	0.07482	0.01621	0.00935	0.00249	0.00374	0.01434	0.00873	0.00748
72	0.01920	0.01841	0.03142	0.10834	0.61550	0.01873	0.02413	0.02396	0.01786	0.02539	0.01484	0.01976	0.01238	0.00714	0.00786	0.00238	0.00953	0.00706	0.00389	0.01222
73	0.05888	0.04743	0.05013	0.01634	0.02210	0.02007	0.01376	0.21786	0.27916	0.15073	0.02558	0.02402	0.01834	0.00977	0.00773	0.00250	0.00741	0.00772	0.00780	0.01269
74	0.03448	0.01443	0.01888	0.01456	0.02065	0.01314	0.01200	0.09417	0.04813	0.59562	0.03020	0.02636	0.01924	0.00982	0.00797	0.00246	0.00691	0.00794	0.00958	0.01346
75	0.01498	0.01409	0.02378	0.70226	0.05462	0.01762	0.02202	0.02026	0.01586	0.02026	0.01409	0.02114	0.01057	0.00793	0.00793	0.00264	0.01057	0.00705	0.00352	0.00881
76	0.02278	0.01920	0.02351	0.01906	0.02229	0.02343	0.01580	0.28815	0.02325	0.03284	0.01438	0.01801	0.01183	0.01143	0.01680	0.00284	0.35627	0.00686	0.00548	0.06580
77	0.01138	0.00922	0.03322	0.01040	0.01261	0.00785	0.00822	0.01531	0.02225	0.03157	0.64559	0.05780	0.07263	0.01592	0.00929	0.00249	0.00401	0.01405	0.00855	0.00763
78	0.01029	0.00807	0.00930	0.00899	0.01127	0.00708	0.00674	0.01315	0.02023	0.02655	0.37030	0.06788	0.37547	0.01817	0.00936	0.00259	0.00388	0.01555	0.00804	0.00708
79	0.02040	0.43673	0.26159	0.01674	0.02519	0.02545	0.01889	0.02530	0.01681	0.06855	0.01360	0.01515	0.01081	0.00726	0.00615	0.00203	0.00948	0.00507	0.00384	0.01095
80	0.01644	0.01409	0.01644	0.01175	0.01879	0.01057	0.00940	0.01997	0.01644	0.02584	0.01409	0.01644	0.01175	0.00587	0.00587	0.00117	0.00587	0.00470	0.00470	0.76979
81	0.02962	0.03779	0.02247	0.02043	0.02451	0.68948	0.01532	0.03166	0.02247	0.01941	0.01226	0.01430	0.01021	0.00817	0.00715	0.00204	0.01430	0.00511	0.00409	0.00919
82	0.01767	0.01612	0.04886	0.01286	0.02006	0.01223	0.01087	0.07731	0.01836	0.02801	0.01455	0.01669	0.01182	0.00629	0.00614	0.00135	0.00641	0.00498	0.00493	0.66449
83	0.77733	0.01534	0.01166	0.01043	0.01534	0.01779	0.00859	0.02331	0.01350	0.03558	0.01104	0.01288	0.00859	0.00736	0.00491	0.00245	0.00613	0.00429	0.00491	0.00859
84	0.01153	0.00769	0.00865	0.00865	0.00865	0.00769	0.00480	0.01153	0.01153	0.01538	0.02499	0.05189	0.02883	0.72131	0.04036	0.00769	0.00769	0.01153	0.00480	0.00480
85	0.01254	0.00811	0.01167	0.04322	0.01500	0.00817	0.01002	0.01336	0.01479	0.01944	0.03153	0.19997	0.03473	0.02383	0.01744	0.26337	0.00672	0.25438	0.00584	0.00587
86	0.03127	0.01683	0.02007	0.01571	0.02155	0.01697	0.01285	0.28301	0.05667	0.35908	0.02704	0.06095	0.01911	0.01055	0.00808	0.00248	0.00741	0.00846	0.00884	0.01307
87	0.01872	0.02139	0.04679	0.03342	0.04144	0.02005	0.64305	0.02540	0.01872	0.02540	0.01604	0.02139	0.01203	0.00668	0.00936	0.00267	0.01337	0.00936	0.00401	0.01070
88	0.00966	0.00690	0.00920	0.01104	0.01150	0.00644	0.00736	0.01104	0.01518	0.02024	0.04371	0.71614	0.05245	0.02484	0.01012	0.00322	0.00460	0.02254	0.00736	0.00644
89	0.01754	0.02846	0.28688	0.05743	0.07076	0.01927	0.35247	0.02503	0.01781	0.02511	0.01522	0.01952	0.01124	0.00708	0.00853	0.00259	0.01243	0.00781	0.00373	0.01110
90	0.01577	0.01473	0.02429	0.52276	0.15856	0.01742	0.02129	0.02162	0.04771	0.02188	0.01650	0.05334	0.01352	0.00870	0.00802	0.00262	0.00988	0.00786	0.00399	0.00954
91	0.01133	0.00850	0.01274	0.01274	0.01416	0.00991	0.00991	0.01416	0.01274	0.01841	0.02124	0.03115	0.01982	0.05947	0.68989	0.01274	0.02124	0.00850	0.00425	0.00708
92	0.01590	0.04102	0.68023	0.02260	0.03432	0.01842	0.02930	0.02511	0.01674	0.02511	0.01423	0.01674	0.01005	0.00753	0.00753	0.00251	0.01172	0.00586	0.00335	0.01172
93	0.01786	0.07862	0.25901	0.05252	0.06812	0.02018	0.33869	0.02495	0.01773	0.02466	0.01495	0.01910	0.01120	0.00704	0.00831	0.00253	0.01217	0.00761	0.00372	0.01103
94	0.01597	0.07261	0.62211	0.02165	0.03273	0.01859	0.02765	0.02463	0.01695	0.02508	0.04082	0.01829	0.01270	0.00785	0.00749	0.00247	0.01124	0.00613	0.00357	0.01147
95	0.00966	0.00690	0.00920	0.01104	0.01150	0.00644	0.00736	0.01104	0.01518	0.02024	0.04371	0.71614	0.05245	0.02484	0.01012	0.00322	0.00460	0.02254	0.00736	0.00644
96	0.01866	0.02324	0.15132	0.14601	0.40005	0.05211	0.04665	0.02424	0.01771	0.02452	0.01457	0.01913	0.01164	0.00733	0.00782	0.00243	0.01042	0.00682	0.00377	0.01157
97	0.01870	0.01820	0.02695	0.26768	0.16275	0.06581	0.10746	0.07867	0.06564	0.02568	0.02127	0.02509	0.06326	0.00889	0.00818	0.00253	0.01003	0.00814	0.00473	0.01036
98	0.01554	0.01418	0.02279	0.58563	0.07243	0.01733	0.02049	0.02216	0.06987	0.02202	0.01624	0.02222	0.01228	0.00820	0.00782	0.00260	0.00982	0.00723	0.04198	0.00919

[dist]
# distance from previous block
# <min> <max>
0	44

# created by:
# /st0/software/busco_prod/Augustus/scripts/msa2prfl.pl ./align_prep/125983.fa
