[name]
unknown

[dist]
# distance from previous block
# <min> <max>
0	42

[block]
# block no. 0 follows, 25 sequences, length 32
# corresponding to MSA columns:
# 42-73
name=unknown_A
#
# <colnr> <probs for GDERKNQSTAVLIFYWHMCP>
#	G	D	E	R	K	N	Q	S	T	A	V	L	I	F	Y	W	H	M	C	P
0	0.12813	0.21620	0.04594	0.01455	0.02021	0.12663	0.01275	0.06371	0.01966	0.21464	0.03582	0.02056	0.01527	0.00862	0.00659	0.00216	0.00836	0.02366	0.00593	0.01060
1	0.20147	0.45777	0.06906	0.01318	0.01933	0.06081	0.01280	0.02341	0.01553	0.02298	0.01158	0.01341	0.00995	0.00697	0.00519	0.00190	0.00805	0.00441	0.03269	0.00952
2	0.06770	0.05817	0.02210	0.01666	0.02224	0.07555	0.01366	0.37561	0.11037	0.08295	0.01928	0.01929	0.01409	0.00911	0.00784	0.00230	0.02848	0.00671	0.00696	0.04095
3	0.01891	0.01046	0.01335	0.01166	0.01490	0.00991	0.00902	0.02435	0.09845	0.22191	0.36367	0.07007	0.04910	0.03712	0.00963	0.00264	0.00498	0.01178	0.00859	0.00951
4	0.01902	0.01825	0.03116	0.07288	0.65521	0.01838	0.02371	0.02364	0.01757	0.02512	0.01455	0.01925	0.01221	0.00694	0.00768	0.00231	0.00925	0.00691	0.00382	0.01214
5	0.00945	0.00675	0.00900	0.01080	0.01125	0.00630	0.00720	0.01080	0.01484	0.01979	0.04274	0.72245	0.05128	0.02429	0.00990	0.00315	0.00450	0.02204	0.00720	0.00630
6	0.02947	0.02172	0.02327	0.01784	0.02404	0.02404	0.01474	0.65329	0.03646	0.04887	0.01862	0.01862	0.01319	0.00931	0.00776	0.00233	0.00853	0.00698	0.00776	0.01319
7	0.01794	0.01714	0.02921	0.22990	0.50663	0.01809	0.02317	0.02270	0.01706	0.02381	0.01436	0.01960	0.01175	0.00714	0.00770	0.00238	0.00952	0.00690	0.00373	0.01127
8	0.02896	0.03695	0.02197	0.01998	0.02397	0.69638	0.01498	0.03096	0.02197	0.01898	0.01199	0.01398	0.00999	0.00799	0.00699	0.00200	0.01398	0.00499	0.00400	0.00899
9	0.00956	0.00683	0.00910	0.01072	0.01127	0.00637	0.00721	0.01107	0.01536	0.02061	0.08833	0.67453	0.05286	0.02368	0.00984	0.00310	0.00444	0.02146	0.00729	0.00637
10	0.00945	0.00675	0.00900	0.01080	0.01125	0.00630	0.00720	0.01080	0.01484	0.01979	0.04274	0.72245	0.05128	0.02429	0.00990	0.00315	0.00450	0.02204	0.00720	0.00630
11	0.01497	0.01412	0.02385	0.66119	0.09852	0.01731	0.02170	0.02010	0.01566	0.02021	0.01384	0.02056	0.01048	0.00769	0.00775	0.00256	0.01025	0.00689	0.00347	0.00888
12	0.01249	0.00892	0.01249	0.01428	0.01606	0.00892	0.01249	0.01606	0.01785	0.02320	0.04105	0.08746	0.04462	0.02142	0.01071	0.00357	0.00714	0.62695	0.00714	0.00714
13	0.01919	0.01842	0.03147	0.04759	0.67914	0.01842	0.02380	0.02380	0.01765	0.02533	0.01458	0.01919	0.01228	0.00691	0.00768	0.00230	0.00921	0.00691	0.00384	0.01228
14	0.01085	0.00734	0.00858	0.00901	0.00911	0.00723	0.00529	0.01116	0.01212	0.01615	0.02874	0.20872	0.03362	0.56211	0.03251	0.00649	0.00681	0.01381	0.00529	0.00507
15	0.01178	0.00841	0.01167	0.01346	0.01493	0.00831	0.01125	0.01483	0.01714	0.02240	0.04145	0.23681	0.04619	0.02209	0.01052	0.00347	0.00652	0.48468	0.00715	0.00694
16	0.01887	0.18820	0.04455	0.02811	0.03567	0.02221	0.50099	0.02446	0.01770	0.02329	0.01453	0.01892	0.01134	0.00656	0.00817	0.00239	0.01195	0.00797	0.00378	0.01034
17	0.01519	0.01453	0.02337	0.54693	0.04563	0.01876	0.02046	0.01954	0.01465	0.01954	0.01293	0.01980	0.01030	0.00912	0.01191	0.00277	0.17568	0.00687	0.00343	0.00858
18	0.52105	0.01378	0.01240	0.03388	0.01612	0.01550	0.00904	0.06624	0.01701	0.03444	0.16769	0.02396	0.02404	0.00940	0.00613	0.00241	0.00577	0.00680	0.00585	0.00850
19	0.01176	0.00908	0.01100	0.01197	0.01334	0.00935	0.00839	0.01795	0.16779	0.02277	0.04011	0.55933	0.04479	0.02105	0.00942	0.00303	0.00488	0.01892	0.00736	0.00770
20	0.01844	0.56183	0.03351	0.01244	0.01794	0.02518	0.01187	0.02120	0.01721	0.02126	0.16702	0.02313	0.02482	0.00880	0.00596	0.00184	0.00720	0.00647	0.00454	0.00933
21	0.02902	0.01517	0.02437	0.01814	0.02458	0.01353	0.16170	0.03354	0.04334	0.45900	0.02591	0.02445	0.01705	0.00863	0.00797	0.00237	0.00804	0.00792	0.00784	0.06744
22	0.19617	0.07284	0.49225	0.01881	0.02843	0.01857	0.02303	0.02407	0.01559	0.02661	0.01301	0.01526	0.00949	0.00729	0.00663	0.00240	0.01000	0.00528	0.00363	0.01065
23	0.02274	0.01565	0.01762	0.01488	0.01945	0.01689	0.01181	0.17967	0.29294	0.14526	0.12416	0.05266	0.02868	0.01131	0.00809	0.00251	0.00636	0.00939	0.00822	0.01172
24	0.01701	0.01557	0.02591	0.12795	0.43973	0.01603	0.02084	0.02145	0.01741	0.02409	0.02070	0.03545	0.01963	0.01043	0.00840	0.00264	0.00887	0.15274	0.00456	0.01058
25	0.02144	0.02291	0.02999	0.04031	0.49156	0.17794	0.05461	0.02554	0.01870	0.02381	0.01403	0.01806	0.01172	0.00714	0.00759	0.00225	0.01054	0.00658	0.00388	0.01141
26	0.01622	0.01758	0.03711	0.02753	0.03364	0.01648	0.49956	0.02153	0.01749	0.02365	0.02205	0.18591	0.02106	0.01071	0.00933	0.00274	0.01106	0.01218	0.00469	0.00948
27	0.00938	0.00701	0.00873	0.01010	0.01106	0.00636	0.00689	0.01087	0.01551	0.02006	0.05116	0.57008	0.19821	0.02320	0.00972	0.00302	0.00436	0.02071	0.00720	0.00636
28	0.01939	0.09899	0.45189	0.02061	0.03028	0.02064	0.04301	0.17232	0.02110	0.02970	0.01479	0.01667	0.01068	0.00773	0.00729	0.00236	0.01053	0.00598	0.00435	0.01170
29	0.01904	0.06380	0.50496	0.02074	0.03077	0.01994	0.02475	0.17238	0.02107	0.03002	0.01489	0.01674	0.01062	0.00779	0.00736	0.00239	0.01064	0.00596	0.00433	0.01180
30	0.19885	0.34936	0.21204	0.01501	0.02252	0.02344	0.01632	0.02395	0.01553	0.04481	0.01227	0.01400	0.00984	0.00706	0.00568	0.00208	0.00858	0.00471	0.00385	0.01010
31	0.01627	0.03438	0.50164	0.02450	0.03450	0.01868	0.17441	0.02431	0.01659	0.02431	0.01414	0.01747	0.01030	0.00750	0.00873	0.00254	0.04864	0.00659	0.00343	0.01107

[dist]
# distance from previous block
# <min> <max>
0	13

[block]
# block no. 1 follows, 25 sequences, length 12
# corresponding to MSA columns:
# 87-98
name=unknown_B
#
# <colnr> <probs for GDERKNQSTAVLIFYWHMCP>
#	G	D	E	R	K	N	Q	S	T	A	V	L	I	F	Y	W	H	M	C	P
0	0.02293	0.01931	0.02732	0.10069	0.35062	0.02059	0.01988	0.27979	0.02510	0.03437	0.01615	0.01910	0.01246	0.00797	0.00772	0.00234	0.00905	0.00694	0.00540	0.01229
1	0.01505	0.01420	0.02400	0.64917	0.10989	0.01733	0.02174	0.02017	0.01570	0.02031	0.01385	0.02054	0.01051	0.00768	0.00775	0.00256	0.01023	0.00689	0.00348	0.00894
2	0.01148	0.00761	0.00783	0.00777	0.00999	0.00689	0.00583	0.01427	0.01748	0.02510	0.11071	0.05449	0.35434	0.01498	0.00764	0.00227	0.00378	0.01243	0.31823	0.00689
3	0.01960	0.01003	0.01198	0.01027	0.01427	0.00852	0.00813	0.02199	0.01951	0.29121	0.05901	0.05498	0.40848	0.01555	0.00861	0.00253	0.00501	0.01287	0.00818	0.00925
4	0.03164	0.01825	0.02112	0.01619	0.02231	0.01889	0.01338	0.40260	0.03065	0.30776	0.02349	0.02178	0.01563	0.00943	0.00777	0.00236	0.00774	0.00731	0.00851	0.01319
5	0.02408	0.44902	0.03303	0.01600	0.02156	0.30181	0.01397	0.02637	0.01829	0.01854	0.01127	0.01307	0.00997	0.00719	0.00580	0.00180	0.01061	0.00449	0.00359	0.00956
6	0.01667	0.03229	0.42602	0.02641	0.03639	0.01866	0.28212	0.02467	0.01716	0.02467	0.01464	0.01822	0.01061	0.00703	0.00809	0.00252	0.01212	0.00712	0.00354	0.01105
7	0.01751	0.01857	0.03271	0.02538	0.02857	0.02206	0.27519	0.02118	0.01449	0.02118	0.01242	0.01857	0.01082	0.01071	0.01881	0.00308	0.42811	0.00775	0.00361	0.00929
8	0.01245	0.00722	0.01021	0.00996	0.01070	0.00697	0.00697	0.01195	0.01493	0.02065	0.28292	0.03756	0.03778	0.02242	0.02169	0.45999	0.00548	0.00970	0.00547	0.00498
9	0.01437	0.01360	0.02568	0.02024	0.02403	0.01384	0.27030	0.01828	0.01479	0.02078	0.01899	0.02884	0.01719	0.12612	0.27857	0.00708	0.03937	0.00897	0.03085	0.00812
10	0.01007	0.00723	0.00955	0.01037	0.01138	0.00671	0.00725	0.01236	0.01774	0.02440	0.30027	0.45179	0.06019	0.02085	0.00959	0.00286	0.00416	0.01878	0.00774	0.00671
11	0.01825	0.43958	0.03355	0.29658	0.03355	0.02520	0.01663	0.02183	0.01565	0.01888	0.01200	0.01579	0.01011	0.00709	0.00611	0.00204	0.00912	0.00526	0.00337	0.00941

[dist]
# distance from previous block
# <min> <max>
0	1

[block]
# block no. 2 follows, 25 sequences, length 49
# corresponding to MSA columns:
# 100-148
name=unknown_C
#
# <colnr> <probs for GDERKNQSTAVLIFYWHMCP>
#	G	D	E	R	K	N	Q	S	T	A	V	L	I	F	Y	W	H	M	C	P
0	0.01571	0.01336	0.01567	0.01136	0.01789	0.01012	0.00905	0.01917	0.01650	0.02568	0.06133	0.01909	0.01592	0.00647	0.00599	0.00124	0.00559	0.00527	0.00488	0.71972
1	0.01731	0.08865	0.59204	0.02086	0.03157	0.01846	0.02629	0.02541	0.01674	0.07155	0.01488	0.01680	0.01051	0.00747	0.00722	0.00239	0.01088	0.00576	0.00373	0.01147
2	0.01040	0.00802	0.01149	0.01203	0.01334	0.00731	0.04214	0.01218	0.01512	0.02046	0.03919	0.63374	0.04628	0.02200	0.00956	0.00298	0.00505	0.02009	0.00683	0.06179
3	0.01875	0.01675	0.02666	0.07446	0.47122	0.01719	0.02043	0.06831	0.04015	0.02696	0.01863	0.02684	0.01625	0.00880	0.00786	0.00243	0.00858	0.06795	0.05045	0.01134
4	0.03051	0.01367	0.01734	0.01381	0.01924	0.01290	0.01124	0.06001	0.13066	0.50365	0.02992	0.02671	0.01977	0.00970	0.00764	0.00239	0.00638	0.00789	0.06395	0.01261
5	0.01836	0.01742	0.02968	0.06301	0.51132	0.01813	0.05573	0.02223	0.01651	0.02362	0.01410	0.01943	0.01207	0.00901	0.01113	0.05795	0.07850	0.00700	0.00375	0.01105
6	0.01511	0.03771	0.63856	0.02129	0.03195	0.01717	0.02711	0.02357	0.01626	0.02421	0.01599	0.06714	0.01280	0.00858	0.00755	0.00251	0.01096	0.00690	0.00356	0.01109
7	0.02780	0.03233	0.02122	0.01886	0.02308	0.53356	0.01436	0.11545	0.06218	0.02429	0.01466	0.01618	0.01169	0.00837	0.00708	0.00207	0.01231	0.00559	0.03928	0.00968
8	0.01082	0.00786	0.01048	0.03690	0.01300	0.00809	0.00798	0.01260	0.01467	0.02014	0.09621	0.35733	0.04140	0.16266	0.09215	0.00493	0.02909	0.03828	0.02905	0.00637
9	0.00918	0.00779	0.00792	0.00803	0.01052	0.00653	0.00597	0.01111	0.01750	0.02088	0.07640	0.11340	0.63860	0.01992	0.00921	0.00265	0.00396	0.01670	0.00720	0.00653
10	0.01007	0.00793	0.00911	0.00892	0.01117	0.00697	0.00676	0.01282	0.01950	0.02536	0.33124	0.06801	0.39398	0.01809	0.00922	0.00258	0.00394	0.03967	0.00777	0.00690
11	0.01525	0.03704	0.62099	0.02133	0.03184	0.01711	0.02706	0.02372	0.01652	0.02442	0.01658	0.02336	0.01324	0.00875	0.00770	0.00257	0.01103	0.06680	0.00365	0.01103
12	0.01555	0.04011	0.68733	0.02210	0.03356	0.01801	0.02865	0.02455	0.01637	0.02455	0.01391	0.01637	0.00982	0.00737	0.00737	0.00246	0.01146	0.00573	0.00327	0.01146
13	0.01832	0.01828	0.06668	0.29816	0.32879	0.01854	0.02224	0.08970	0.01876	0.02567	0.01467	0.01953	0.01148	0.00752	0.00770	0.00242	0.00971	0.00684	0.00407	0.01091
14	0.10348	0.02106	0.02210	0.01709	0.02316	0.02339	0.01411	0.59131	0.03417	0.04748	0.01785	0.01802	0.01272	0.00910	0.00747	0.00233	0.00828	0.00671	0.00747	0.01272
15	0.01116	0.00756	0.00887	0.00899	0.00931	0.00763	0.00547	0.01174	0.01201	0.01631	0.02710	0.09209	0.05066	0.56190	0.10723	0.00743	0.00852	0.01169	0.02915	0.00519
16	0.12922	0.00901	0.01041	0.00974	0.01206	0.00883	0.00742	0.01573	0.02041	0.03120	0.54627	0.05172	0.09039	0.01469	0.00848	0.00244	0.00403	0.01262	0.00790	0.00745
17	0.01740	0.01456	0.01679	0.01211	0.01893	0.01168	0.00973	0.08183	0.01808	0.02759	0.01426	0.01633	0.01165	0.00609	0.00594	0.00126	0.00602	0.00483	0.00490	0.70003
18	0.01416	0.00725	0.00734	0.00734	0.00898	0.00725	0.00535	0.01743	0.01580	0.02762	0.02521	0.03094	0.02065	0.07591	0.00859	0.00234	0.00398	0.00760	0.69926	0.00699
19	0.01555	0.04011	0.68733	0.02210	0.03356	0.01801	0.02865	0.02455	0.01637	0.02455	0.01391	0.01637	0.00982	0.00737	0.00737	0.00246	0.01146	0.00573	0.00327	0.01146
20	0.06175	0.49757	0.15635	0.01539	0.02255	0.09307	0.01601	0.02420	0.01634	0.02037	0.01148	0.01332	0.00985	0.00693	0.00560	0.00188	0.00931	0.00452	0.00346	0.01005
21	0.00945	0.00675	0.00900	0.01080	0.01125	0.00630	0.00720	0.01080	0.01484	0.01979	0.04274	0.72245	0.05128	0.02429	0.00990	0.00315	0.00450	0.02204	0.00720	0.00630
22	0.01345	0.01200	0.01781	0.13901	0.12467	0.03040	0.05083	0.01704	0.01820	0.02440	0.23037	0.12312	0.11302	0.03975	0.00982	0.00273	0.00681	0.01226	0.00606	0.00824
23	0.01116	0.00798	0.01081	0.01081	0.01163	0.00880	0.00763	0.01279	0.01197	0.01678	0.02228	0.03882	0.02301	0.33395	0.42594	0.01042	0.01531	0.00953	0.00438	0.00601
24	0.78228	0.01499	0.01140	0.01020	0.01499	0.01739	0.00840	0.02279	0.01320	0.03479	0.01080	0.01260	0.00840	0.00720	0.00480	0.00240	0.00600	0.00420	0.00480	0.00840
25	0.01464	0.01378	0.02326	0.70887	0.05340	0.01723	0.02153	0.01981	0.01550	0.01981	0.01378	0.02067	0.01034	0.00775	0.00775	0.00258	0.01034	0.00689	0.00345	0.00861
26	0.01109	0.00823	0.01066	0.01179	0.01355	0.00779	0.00960	0.01395	0.01776	0.02298	0.11707	0.18423	0.19072	0.02089	0.01006	0.00317	0.00562	0.32663	0.00731	0.00689
27	0.02947	0.02172	0.02327	0.01784	0.02404	0.02404	0.01474	0.65329	0.03646	0.04887	0.01862	0.01862	0.01319	0.00931	0.00776	0.00233	0.00853	0.00698	0.00776	0.01319
28	0.01128	0.00752	0.00846	0.00846	0.00846	0.00752	0.00470	0.01128	0.01128	0.01503	0.02443	0.05074	0.02819	0.72751	0.03946	0.00752	0.00752	0.01128	0.00470	0.00470
29	0.09397	0.01666	0.02721	0.20937	0.41109	0.01773	0.04178	0.02246	0.01669	0.02479	0.01495	0.02130	0.01249	0.00764	0.00756	0.00244	0.00923	0.02796	0.00395	0.01073
30	0.78228	0.01499	0.01140	0.01020	0.01499	0.01739	0.00840	0.02279	0.01320	0.03479	0.01080	0.01260	0.00840	0.00720	0.00480	0.00240	0.00600	0.00420	0.00480	0.00840
31	0.01128	0.00752	0.00846	0.00846	0.00846	0.00752	0.00470	0.01128	0.01128	0.01503	0.02443	0.05074	0.02819	0.72751	0.03946	0.00752	0.00752	0.01128	0.00470	0.00470
32	0.02896	0.03695	0.02197	0.01998	0.02397	0.69638	0.01498	0.03096	0.02197	0.01898	0.01199	0.01398	0.00999	0.00799	0.00699	0.00200	0.01398	0.00499	0.00400	0.00899
33	0.01666	0.01416	0.01638	0.01186	0.01864	0.01114	0.00949	0.04206	0.04085	0.02634	0.01461	0.01664	0.01199	0.00604	0.00589	0.00124	0.00585	0.00483	0.00482	0.72049
34	0.01729	0.11683	0.57407	0.02060	0.03119	0.01905	0.02587	0.02520	0.01665	0.06334	0.01456	0.01652	0.01040	0.00742	0.00712	0.00236	0.01081	0.00567	0.00366	0.01139
35	0.01080	0.00792	0.01012	0.00957	0.01147	0.00724	0.00718	0.01429	0.02153	0.03010	0.61641	0.05956	0.13242	0.01622	0.00915	0.00246	0.00368	0.01425	0.00840	0.00724
36	0.01555	0.04011	0.68733	0.02210	0.03356	0.01801	0.02865	0.02455	0.01637	0.02455	0.01391	0.01637	0.00982	0.00737	0.00737	0.00246	0.01146	0.00573	0.00327	0.01146
37	0.01919	0.01842	0.03147	0.04759	0.67914	0.01842	0.02380	0.02380	0.01765	0.02533	0.01458	0.01919	0.01228	0.00691	0.00768	0.00230	0.00921	0.00691	0.00384	0.01228
38	0.00945	0.00675	0.00900	0.01080	0.01125	0.00630	0.00720	0.01080	0.01484	0.01979	0.04274	0.72245	0.05128	0.02429	0.00990	0.00315	0.00450	0.02204	0.00720	0.00630
39	0.01249	0.00892	0.01249	0.01428	0.01606	0.00892	0.01249	0.01606	0.01785	0.02320	0.04105	0.08746	0.04462	0.02142	0.01071	0.00357	0.00714	0.62695	0.00714	0.00714
40	0.02155	0.01181	0.04145	0.01281	0.01695	0.00974	0.03245	0.02466	0.02009	0.31789	0.17143	0.15082	0.10669	0.01419	0.00860	0.00256	0.00577	0.01232	0.00827	0.00995
41	0.01193	0.00754	0.01004	0.01085	0.01205	0.00694	0.00758	0.01388	0.01688	0.07927	0.16669	0.53114	0.05284	0.02136	0.00957	0.00294	0.00451	0.01923	0.00767	0.00709
42	0.01258	0.00927	0.01232	0.01376	0.01554	0.00944	0.01146	0.01752	0.08090	0.02346	0.04044	0.20365	0.04384	0.02090	0.01028	0.00340	0.00653	0.45002	0.00722	0.00748
43	0.02850	0.03608	0.02242	0.02128	0.05482	0.66446	0.01540	0.03062	0.02177	0.01928	0.01211	0.01423	0.01010	0.00794	0.00702	0.00201	0.01376	0.00508	0.00399	0.00914
44	0.02026	0.01456	0.01815	0.01610	0.08372	0.01278	0.01150	0.05494	0.08798	0.13782	0.04860	0.02149	0.01702	0.00764	0.00675	0.00174	0.00631	0.00634	0.00604	0.42026
45	0.09366	0.01654	0.02470	0.08177	0.34502	0.01717	0.01821	0.02257	0.01626	0.05076	0.01410	0.01811	0.01163	0.00770	0.00921	0.00226	0.09340	0.00625	0.00421	0.14646
46	0.01999	0.17783	0.15933	0.04631	0.14538	0.09211	0.10645	0.07662	0.01927	0.02503	0.04953	0.01898	0.01430	0.00771	0.00726	0.00222	0.01016	0.00659	0.00421	0.01072
47	0.05737	0.05332	0.41341	0.04725	0.10089	0.01771	0.04626	0.02391	0.04652	0.02455	0.01528	0.01864	0.01170	0.01241	0.07506	0.00341	0.01150	0.00628	0.00375	0.01079
48	0.01685	0.09387	0.26926	0.05364	0.13715	0.04179	0.02008	0.02508	0.11310	0.02473	0.04739	0.02572	0.08019	0.00925	0.00751	0.00238	0.00899	0.00761	0.00467	0.01072

[dist]
# distance from previous block
# <min> <max>
0	6

[block]
# block no. 3 follows, 25 sequences, length 41
# corresponding to MSA columns:
# 155-195
name=unknown_D
#
# <colnr> <probs for GDERKNQSTAVLIFYWHMCP>
#	G	D	E	R	K	N	Q	S	T	A	V	L	I	F	Y	W	H	M	C	P
0	0.01648	0.16456	0.57104	0.02051	0.03110	0.02029	0.02588	0.02431	0.01626	0.02342	0.01335	0.01566	0.00985	0.00723	0.00694	0.00231	0.01089	0.00544	0.00328	0.01119
1	0.01705	0.11435	0.48032	0.02182	0.07861	0.01842	0.02423	0.02428	0.01697	0.05593	0.04488	0.02063	0.01437	0.00816	0.00732	0.00238	0.01021	0.02497	0.00398	0.01111
2	0.01961	0.47930	0.23932	0.01625	0.02435	0.02640	0.01810	0.05841	0.01709	0.02188	0.01218	0.01399	0.01009	0.00701	0.00587	0.00194	0.00928	0.00479	0.00355	0.01059
3	0.01435	0.00979	0.03023	0.01169	0.01405	0.00873	0.00928	0.01805	0.04747	0.10694	0.22341	0.18275	0.08619	0.07333	0.01168	0.00320	0.00548	0.12787	0.00760	0.00791
4	0.15126	0.07368	0.02180	0.11984	0.02609	0.05842	0.01422	0.28776	0.07328	0.07525	0.01731	0.01844	0.01268	0.00855	0.00702	0.00234	0.00837	0.00636	0.00619	0.01116
5	0.01646	0.01573	0.02734	0.35921	0.21401	0.01767	0.09994	0.02132	0.01623	0.02239	0.01469	0.02056	0.01160	0.00784	0.00894	0.00252	0.05667	0.00719	0.04994	0.00973
6	0.01249	0.00892	0.01249	0.01428	0.01606	0.00892	0.01249	0.01606	0.01785	0.02320	0.04105	0.08746	0.04462	0.02142	0.01071	0.00357	0.00714	0.62695	0.00714	0.00714
7	0.01787	0.14939	0.24416	0.02605	0.03481	0.02102	0.34782	0.02447	0.01726	0.02361	0.01429	0.01804	0.01085	0.00681	0.00788	0.00240	0.01175	0.00723	0.00362	0.01068
8	0.02047	0.01639	0.01757	0.01563	0.02013	0.01868	0.01221	0.04094	0.61597	0.08229	0.03148	0.02873	0.02333	0.01045	0.00788	0.00261	0.00617	0.00869	0.00802	0.01234
9	0.02073	0.73217	0.04063	0.01327	0.01990	0.03068	0.01327	0.02322	0.01575	0.01824	0.01078	0.01244	0.00995	0.00663	0.00498	0.00166	0.00829	0.00415	0.00332	0.00995
10	0.01005	0.00789	0.00909	0.00879	0.01102	0.00692	0.00659	0.01285	0.01977	0.02593	0.37162	0.06641	0.37981	0.01778	0.00915	0.00253	0.00379	0.01521	0.00786	0.00692
11	0.02006	0.01704	0.01797	0.01594	0.02046	0.01965	0.01246	0.08800	0.61706	0.03369	0.03057	0.02814	0.02287	0.01043	0.00788	0.00261	0.00632	0.00863	0.00788	0.01234
12	0.02073	0.73217	0.04063	0.01327	0.01990	0.03068	0.01327	0.02322	0.01575	0.01824	0.01078	0.01244	0.00995	0.00663	0.00498	0.00166	0.00829	0.00415	0.00332	0.00995
13	0.01555	0.04011	0.68733	0.02210	0.03356	0.01801	0.02865	0.02455	0.01637	0.02455	0.01391	0.01637	0.00982	0.00737	0.00737	0.00246	0.01146	0.00573	0.00327	0.01146
14	0.01645	0.16004	0.57526	0.02057	0.03119	0.02020	0.02598	0.02432	0.01626	0.02346	0.01337	0.01569	0.00984	0.00724	0.00695	0.00232	0.01091	0.00546	0.00328	0.01120
15	0.01249	0.00892	0.01249	0.01428	0.01606	0.00892	0.01249	0.01606	0.01785	0.02320	0.04105	0.08746	0.04462	0.02142	0.01071	0.00357	0.00714	0.62695	0.00714	0.00714
16	0.03479	0.01320	0.01799	0.01380	0.01979	0.01140	0.01140	0.03779	0.02219	0.68451	0.03059	0.02639	0.01919	0.00960	0.00780	0.00240	0.00660	0.00780	0.00960	0.01320
17	0.01469	0.01270	0.01782	0.16722	0.08523	0.03948	0.04193	0.07752	0.01788	0.02344	0.02906	0.35409	0.03150	0.01612	0.00890	0.00282	0.00745	0.03795	0.00585	0.00834
18	0.01464	0.01378	0.02326	0.70887	0.05340	0.01723	0.02153	0.01981	0.01550	0.01981	0.01378	0.02067	0.01034	0.00775	0.00775	0.00258	0.01034	0.00689	0.00345	0.00861
19	0.01108	0.00831	0.01246	0.01246	0.01385	0.00969	0.00969	0.01385	0.01246	0.01800	0.02077	0.03046	0.01938	0.05815	0.69678	0.01246	0.02077	0.00831	0.00415	0.00692
20	0.10254	0.03334	0.50911	0.02036	0.03017	0.01721	0.05885	0.02478	0.01669	0.06575	0.04082	0.01845	0.01284	0.00777	0.00727	0.00245	0.01033	0.00620	0.00407	0.01100
21	0.02783	0.06400	0.02362	0.04229	0.02439	0.04448	0.01458	0.50144	0.08149	0.06917	0.01923	0.01927	0.01383	0.00915	0.00758	0.00231	0.00849	0.00691	0.00730	0.01262
22	0.00945	0.00675	0.00900	0.01080	0.01125	0.00630	0.00720	0.01080	0.01484	0.01979	0.04274	0.72245	0.05128	0.02429	0.00990	0.00315	0.00450	0.02204	0.00720	0.00630
23	0.01088	0.00792	0.01023	0.00966	0.01153	0.00728	0.00724	0.01445	0.02172	0.03056	0.64391	0.05879	0.10463	0.01605	0.00915	0.00245	0.00367	0.01414	0.00847	0.00728
24	0.45383	0.05609	0.24676	0.01475	0.02198	0.01846	0.01586	0.04799	0.01531	0.03106	0.01218	0.01413	0.00915	0.00731	0.00581	0.00238	0.00809	0.00483	0.00432	0.00971
25	0.02844	0.02121	0.02269	0.01763	0.02365	0.02356	0.01449	0.59135	0.10007	0.04720	0.01993	0.01966	0.01425	0.00943	0.00777	0.00236	0.00829	0.00716	0.00777	0.01309
26	0.01150	0.00851	0.01116	0.01255	0.01441	0.00817	0.01057	0.01452	0.01756	0.02242	0.04963	0.13654	0.18728	0.02125	0.01030	0.00332	0.00620	0.44000	0.00716	0.00694
27	0.01875	0.01797	0.03067	0.11215	0.61805	0.01831	0.02357	0.02341	0.01744	0.02479	0.01451	0.01933	0.01209	0.00699	0.00768	0.00233	0.00932	0.00691	0.00380	0.01192
28	0.01764	0.01684	0.02866	0.27358	0.46530	0.01801	0.02302	0.02243	0.01692	0.02344	0.01431	0.01970	0.01162	0.00720	0.00770	0.00240	0.00960	0.00690	0.00370	0.01103
29	0.01827	0.01748	0.02980	0.18188	0.55207	0.01818	0.02334	0.02299	0.01722	0.02421	0.01442	0.01949	0.01189	0.00708	0.00769	0.00236	0.00944	0.00690	0.00376	0.01154
30	0.01127	0.00755	0.00862	0.00862	0.00867	0.00760	0.00490	0.01138	0.01132	0.01515	0.02428	0.04993	0.02784	0.70077	0.06572	0.00771	0.00805	0.01116	0.00468	0.00479
31	0.03280	0.01328	0.01770	0.01381	0.01955	0.01186	0.01133	0.03727	0.07134	0.61273	0.05229	0.02764	0.02135	0.00988	0.00785	0.00242	0.00646	0.00808	0.00943	0.01293
32	0.01879	0.01795	0.03025	0.10446	0.60056	0.01835	0.02318	0.02407	0.04074	0.02510	0.01512	0.01967	0.01252	0.00711	0.00769	0.00234	0.00920	0.00697	0.00395	0.01196
33	0.01919	0.01842	0.03147	0.04759	0.67914	0.01842	0.02380	0.02380	0.01765	0.02533	0.01458	0.01919	0.01228	0.00691	0.00768	0.00230	0.00921	0.00691	0.00384	0.01228
34	0.01464	0.01378	0.02326	0.70887	0.05340	0.01723	0.02153	0.01981	0.01550	0.01981	0.01378	0.02067	0.01034	0.00775	0.00775	0.00258	0.01034	0.00689	0.00345	0.00861
35	0.01839	0.30612	0.34639	0.01962	0.02854	0.05185	0.08251	0.02434	0.01656	0.02190	0.01279	0.01519	0.01007	0.00703	0.00660	0.00214	0.01050	0.00542	0.00338	0.01067
36	0.01478	0.01397	0.02329	0.66737	0.05141	0.01762	0.02126	0.01974	0.01529	0.01974	0.01356	0.02045	0.01033	0.00810	0.00882	0.00263	0.05270	0.00688	0.00344	0.00861
37	0.06666	0.01760	0.02040	0.04173	0.02289	0.01842	0.01329	0.33378	0.06196	0.28732	0.02327	0.02189	0.01567	0.00932	0.00764	0.00238	0.00762	0.00725	0.00816	0.01274
38	0.05778	0.01459	0.01788	0.01434	0.01972	0.01429	0.01173	0.13645	0.10045	0.41312	0.06725	0.02918	0.02258	0.01041	0.00788	0.00246	0.00668	0.03214	0.00875	0.01231
39	0.01166	0.01021	0.04685	0.01239	0.01466	0.00871	0.03258	0.01531	0.03776	0.02388	0.15638	0.24289	0.11475	0.04192	0.01040	0.00307	0.00569	0.15977	0.04381	0.00731
40	0.01998	0.18841	0.19335	0.02264	0.09642	0.04290	0.12004	0.06014	0.04577	0.05923	0.01535	0.01757	0.01182	0.00727	0.00706	0.00216	0.00976	0.00623	0.00435	0.06955

[dist]
# distance from previous block
# <min> <max>
5	12

[block]
# block no. 4 follows, 25 sequences, length 12
# corresponding to MSA columns:
# 209-220
name=unknown_E
#
# <colnr> <probs for GDERKNQSTAVLIFYWHMCP>
#	G	D	E	R	K	N	Q	S	T	A	V	L	I	F	Y	W	H	M	C	P
0	0.05072	0.06988	0.06631	0.02181	0.12803	0.01942	0.05643	0.18956	0.14017	0.05890	0.02310	0.02517	0.04993	0.00936	0.00761	0.00237	0.00810	0.02648	0.00610	0.04056
1	0.02081	0.05427	0.10657	0.11237	0.14752	0.18840	0.13338	0.04901	0.04127	0.02370	0.01450	0.01797	0.01138	0.00743	0.00757	0.00228	0.01120	0.00656	0.00407	0.03974
2	0.04534	0.01585	0.01754	0.01505	0.04327	0.03824	0.01141	0.09825	0.19572	0.09762	0.05777	0.04622	0.02032	0.00916	0.00717	0.00206	0.00651	0.00749	0.00661	0.25840
3	0.01919	0.01842	0.03147	0.04759	0.67914	0.01842	0.02380	0.02380	0.01765	0.02533	0.01458	0.01919	0.01228	0.00691	0.00768	0.00230	0.00921	0.00691	0.00384	0.01228
4	0.01688	0.01607	0.02731	0.38285	0.36190	0.01782	0.02265	0.02178	0.01656	0.02253	0.01418	0.01994	0.01130	0.00734	0.00771	0.00245	0.00978	0.00690	0.00364	0.01042
5	0.13777	0.01215	0.01434	0.01238	0.01647	0.01208	0.00994	0.02782	0.11243	0.25859	0.21703	0.03782	0.03563	0.01196	0.00794	0.00252	0.00562	0.04914	0.00815	0.01022
6	0.01128	0.00752	0.00846	0.00846	0.00846	0.00752	0.00470	0.01128	0.01128	0.01503	0.02443	0.05074	0.02819	0.72751	0.03946	0.00752	0.00752	0.01128	0.00470	0.00470
7	0.01025	0.00782	0.01159	0.01231	0.01337	0.00734	0.04835	0.01217	0.01561	0.02091	0.07543	0.60854	0.04962	0.02255	0.00985	0.00310	0.00513	0.05233	0.00706	0.00666
8	0.01989	0.01974	0.03080	0.04563	0.63256	0.06663	0.02317	0.02431	0.01796	0.02488	0.01440	0.01882	0.01212	0.00699	0.00763	0.00228	0.00955	0.00677	0.00385	0.01205
9	0.01608	0.01378	0.01608	0.01148	0.01837	0.01034	0.00919	0.01952	0.01608	0.02527	0.01378	0.01608	0.01148	0.00574	0.00574	0.00115	0.00574	0.00459	0.00459	0.77491
10	0.01874	0.02207	0.09839	0.06006	0.11870	0.01951	0.45144	0.06500	0.01911	0.02622	0.01550	0.02014	0.01169	0.00688	0.00866	0.00254	0.01205	0.00834	0.00408	0.01087
11	0.01973	0.66798	0.03783	0.01305	0.01913	0.02852	0.01273	0.02212	0.01567	0.01838	0.01361	0.07527	0.01361	0.00820	0.00541	0.00179	0.00796	0.00573	0.00366	0.00963

[dist]
# distance from previous block
# <min> <max>
0	1

# created by:
# /st0/software/busco_prod/Augustus/scripts/msa2prfl.pl ./align_prep/126273.fa
