[name]
unknown

[dist]
# distance from previous block
# <min> <max>
11	61

[block]
# block no. 0 follows, 25 sequences, length 9
# corresponding to MSA columns:
# 66-74
name=unknown_A
#
# <colnr> <probs for GDERKNQSTAVLIFYWHMCP>
#	G	D	E	R	K	N	Q	S	T	A	V	L	I	F	Y	W	H	M	C	P
0	0.01112	0.00760	0.00971	0.01045	0.01188	0.00693	0.00751	0.01322	0.01719	0.05541	0.16747	0.41810	0.15782	0.02103	0.00957	0.00291	0.00450	0.05308	0.00757	0.00692
1	0.05980	0.01388	0.01531	0.01323	0.01678	0.01481	0.01018	0.23005	0.09353	0.07975	0.07266	0.14863	0.02763	0.09780	0.01169	0.00310	0.00647	0.01072	0.06419	0.00978
2	0.02004	0.01172	0.01416	0.01208	0.01564	0.01140	0.00939	0.12497	0.04704	0.19554	0.22792	0.08576	0.10858	0.06699	0.01084	0.00286	0.00566	0.01166	0.00814	0.00960
3	0.01965	0.01388	0.05129	0.03646	0.01811	0.01305	0.01104	0.13516	0.09142	0.14036	0.09492	0.14170	0.02957	0.09018	0.01148	0.00305	0.00649	0.01086	0.07161	0.00971
4	0.03845	0.00982	0.01228	0.01096	0.01398	0.00903	0.00832	0.01934	0.04087	0.12561	0.26854	0.13918	0.04314	0.04309	0.04681	0.00308	0.00573	0.01182	0.03825	0.11169
5	0.01745	0.01148	0.01362	0.04933	0.01665	0.01143	0.00918	0.09124	0.07163	0.09515	0.05758	0.11711	0.02597	0.15595	0.01391	0.00330	0.00622	0.01002	0.11659	0.10619
6	0.02171	0.01278	0.06087	0.01272	0.01688	0.01043	0.01066	0.02614	0.06004	0.30415	0.21462	0.10638	0.03802	0.05612	0.01028	0.00281	0.00591	0.01114	0.00821	0.01013
7	0.05978	0.06901	0.12225	0.04386	0.04357	0.03404	0.01427	0.09874	0.01871	0.09837	0.03977	0.07149	0.01845	0.06343	0.01093	0.00273	0.06164	0.00793	0.06800	0.05305
8	0.02550	0.04902	0.01775	0.01325	0.01830	0.01382	0.01082	0.12139	0.07442	0.30794	0.12833	0.02916	0.02623	0.01015	0.00755	0.00224	0.00619	0.00828	0.06128	0.06838

[dist]
# distance from previous block
# <min> <max>
0	1

[block]
# block no. 1 follows, 25 sequences, length 92
# corresponding to MSA columns:
# 76-167
name=unknown_B
#
# <colnr> <probs for GDERKNQSTAVLIFYWHMCP>
#	G	D	E	R	K	N	Q	S	T	A	V	L	I	F	Y	W	H	M	C	P
0	0.05138	0.12684	0.04794	0.01703	0.04602	0.01936	0.04045	0.21462	0.05119	0.22697	0.02050	0.02008	0.01443	0.00845	0.00716	0.00220	0.00787	0.00666	0.00686	0.06399
1	0.01643	0.15299	0.55403	0.02022	0.03070	0.01979	0.02534	0.02413	0.01626	0.02354	0.01339	0.01571	0.00991	0.00718	0.00691	0.00227	0.01071	0.00542	0.00333	0.04173
2	0.08481	0.02069	0.02918	0.20600	0.11620	0.11866	0.18956	0.09484	0.01964	0.02627	0.01442	0.01866	0.01107	0.00748	0.00776	0.00243	0.01091	0.00701	0.00430	0.01012
3	0.02061	0.01606	0.01742	0.01553	0.01999	0.01817	0.01219	0.04005	0.58036	0.09699	0.03177	0.03056	0.02390	0.01078	0.00797	0.00264	0.00621	0.02856	0.00804	0.01220
4	0.01898	0.01820	0.03108	0.07880	0.64961	0.01837	0.02369	0.02361	0.01755	0.02507	0.01455	0.01926	0.01219	0.00695	0.00768	0.00232	0.00926	0.00691	0.00382	0.01211
5	0.01893	0.01628	0.01723	0.01552	0.01979	0.01877	0.01206	0.04006	0.63758	0.03238	0.05913	0.03017	0.02579	0.01075	0.00794	0.00262	0.00603	0.00899	0.00792	0.01206
6	0.01168	0.00800	0.01050	0.01000	0.01185	0.00736	0.00745	0.01509	0.02125	0.05359	0.58878	0.12296	0.06903	0.01647	0.00917	0.00251	0.00385	0.01460	0.00844	0.00743
7	0.01642	0.15642	0.57865	0.02062	0.03126	0.02014	0.02606	0.02433	0.01627	0.02349	0.01339	0.01571	0.00984	0.00724	0.00696	0.00232	0.01093	0.00546	0.00328	0.01121
8	0.01119	0.00748	0.00848	0.00857	0.00859	0.00746	0.00482	0.01125	0.01145	0.01526	0.02532	0.08326	0.02931	0.69347	0.03803	0.00731	0.00737	0.01180	0.00482	0.00478
9	0.02701	0.20175	0.02640	0.01838	0.02301	0.53858	0.01457	0.02913	0.02050	0.01880	0.01170	0.01362	0.00998	0.00767	0.00651	0.00192	0.01263	0.00479	0.00383	0.00922
10	0.01089	0.00792	0.01024	0.00966	0.01153	0.00728	0.00725	0.01446	0.02174	0.03060	0.64617	0.05873	0.10234	0.01603	0.00915	0.00245	0.00367	0.01414	0.00847	0.00728
11	0.01838	0.01753	0.02954	0.16528	0.54507	0.01824	0.02301	0.02365	0.03860	0.02457	0.01500	0.01978	0.01231	0.00718	0.00770	0.00236	0.00931	0.00697	0.00390	0.01162
12	0.01608	0.01378	0.01608	0.01148	0.01837	0.01034	0.00919	0.01952	0.01608	0.02527	0.01378	0.01608	0.01148	0.00574	0.00574	0.00115	0.00574	0.00459	0.00459	0.77491
13	0.78228	0.01499	0.01140	0.01020	0.01499	0.01739	0.00840	0.02279	0.01320	0.03479	0.01080	0.01260	0.00840	0.00720	0.00480	0.00240	0.00600	0.00420	0.00480	0.00840
14	0.78228	0.01499	0.01140	0.01020	0.01499	0.01739	0.00840	0.02279	0.01320	0.03479	0.01080	0.01260	0.00840	0.00720	0.00480	0.00240	0.00600	0.00420	0.00480	0.00840
15	0.01223	0.00920	0.01151	0.01092	0.01310	0.00908	0.00838	0.01839	0.11005	0.03069	0.53925	0.05614	0.06423	0.01553	0.00909	0.00255	0.00426	0.05908	0.00834	0.00798
16	0.01111	0.00801	0.01055	0.01016	0.01198	0.00746	0.00778	0.01476	0.02158	0.03039	0.61860	0.06055	0.07062	0.01635	0.00928	0.00254	0.00397	0.06860	0.00841	0.00730
17	0.01610	0.01589	0.02403	0.02024	0.02126	0.02095	0.07887	0.01846	0.01261	0.01916	0.01252	0.01965	0.01190	0.02043	0.13770	0.00485	0.52610	0.00728	0.00357	0.00841
18	0.02149	0.01757	0.01867	0.01605	0.02079	0.01999	0.01269	0.19256	0.48287	0.03647	0.05406	0.02752	0.02304	0.01043	0.00791	0.00255	0.00663	0.00853	0.00788	0.01230
19	0.01128	0.00752	0.00846	0.00846	0.00846	0.00752	0.00470	0.01128	0.01128	0.01503	0.02443	0.05074	0.02819	0.72751	0.03946	0.00752	0.00752	0.01128	0.00470	0.00470
20	0.02596	0.02004	0.02184	0.01838	0.04856	0.02237	0.01434	0.44165	0.22772	0.04292	0.02241	0.02179	0.01635	0.00958	0.00779	0.00242	0.00783	0.00752	0.00764	0.01287
21	0.01747	0.03743	0.62067	0.02127	0.03219	0.01735	0.02693	0.02587	0.01695	0.09028	0.01558	0.01737	0.01076	0.00759	0.00741	0.00245	0.01097	0.00594	0.00390	0.01163
22	0.30099	0.01691	0.02239	0.10771	0.30345	0.01841	0.01705	0.07901	0.01744	0.03027	0.01345	0.01688	0.01070	0.00733	0.00663	0.00237	0.00810	0.00591	0.00450	0.01050
23	0.00958	0.00781	0.00854	0.00891	0.01114	0.00676	0.00673	0.01169	0.01750	0.02143	0.09543	0.16022	0.51042	0.02025	0.00940	0.00277	0.00429	0.07328	0.00725	0.00660
24	0.26524	0.01794	0.04607	0.16676	0.26358	0.04174	0.01784	0.04991	0.01669	0.02802	0.01326	0.01706	0.01050	0.00733	0.00673	0.00239	0.00862	0.00592	0.00422	0.01018
25	0.01822	0.30292	0.31598	0.02344	0.14838	0.02297	0.02181	0.02390	0.01637	0.02227	0.01283	0.01538	0.01033	0.00700	0.00650	0.00212	0.00982	0.00534	0.00340	0.01103
26	0.01203	0.00972	0.01430	0.01375	0.01491	0.01198	0.01088	0.01463	0.01237	0.01811	0.01904	0.02826	0.01789	0.05089	0.58750	0.01098	0.13350	0.00806	0.00403	0.00718
27	0.04834	0.03602	0.56734	0.02516	0.12288	0.01804	0.02712	0.02437	0.01642	0.02509	0.01388	0.01660	0.01011	0.00730	0.00730	0.00243	0.01092	0.00583	0.00342	0.01144
28	0.01445	0.00723	0.00723	0.00723	0.00903	0.00723	0.00542	0.01807	0.01626	0.02891	0.02529	0.02891	0.01987	0.00903	0.00542	0.00181	0.00361	0.00723	0.77055	0.00723
29	0.02292	0.01685	0.01830	0.01523	0.02011	0.01840	0.01218	0.26065	0.27797	0.09522	0.06213	0.03118	0.09154	0.01122	0.00803	0.00249	0.00670	0.00909	0.00795	0.01184
30	0.01128	0.00752	0.00846	0.00846	0.00846	0.00752	0.00470	0.01128	0.01128	0.01503	0.02443	0.05074	0.02819	0.72751	0.03946	0.00752	0.00752	0.01128	0.00470	0.00470
31	0.02019	0.01711	0.01804	0.01596	0.02051	0.01971	0.01249	0.09570	0.60916	0.03390	0.03041	0.02801	0.02274	0.01041	0.00788	0.00260	0.00635	0.00861	0.00788	0.01235
32	0.01109	0.00824	0.01210	0.01210	0.01337	0.00950	0.00925	0.01362	0.01236	0.01774	0.02109	0.03227	0.02017	0.11775	0.63825	0.01202	0.01959	0.00857	0.00420	0.00672
33	0.03431	0.01395	0.01846	0.01416	0.02017	0.01252	0.01169	0.09259	0.02346	0.62791	0.02952	0.02570	0.01866	0.00957	0.00779	0.00239	0.00677	0.00772	0.00943	0.01319
34	0.02866	0.01918	0.02099	0.01626	0.02200	0.02075	0.01338	0.51108	0.03261	0.12841	0.02082	0.02064	0.01462	0.00932	0.00753	0.00228	0.00779	0.00711	0.08396	0.01259
35	0.01830	0.02092	0.04575	0.03268	0.04052	0.01961	0.65098	0.02484	0.01830	0.02484	0.01569	0.02092	0.01176	0.00654	0.00915	0.00261	0.01307	0.00915	0.00392	0.01046
36	0.78228	0.01499	0.01140	0.01020	0.01499	0.01739	0.00840	0.02279	0.01320	0.03479	0.01080	0.01260	0.00840	0.00720	0.00480	0.00240	0.00600	0.00420	0.00480	0.00840
37	0.78228	0.01499	0.01140	0.01020	0.01499	0.01739	0.00840	0.02279	0.01320	0.03479	0.01080	0.01260	0.00840	0.00720	0.00480	0.00240	0.00600	0.00420	0.00480	0.00840
38	0.01929	0.01666	0.01753	0.01578	0.02016	0.01929	0.01227	0.04120	0.66513	0.03243	0.03156	0.02893	0.02367	0.01052	0.00789	0.00263	0.00614	0.00877	0.00789	0.01227
39	0.02896	0.03695	0.02197	0.01998	0.02397	0.69638	0.01498	0.03096	0.02197	0.01898	0.01199	0.01398	0.00999	0.00799	0.00699	0.00200	0.01398	0.00499	0.00400	0.00899
40	0.01555	0.04011	0.68733	0.02210	0.03356	0.01801	0.02865	0.02455	0.01637	0.02455	0.01391	0.01637	0.00982	0.00737	0.00737	0.00246	0.01146	0.00573	0.00327	0.01146
41	0.01848	0.04859	0.04428	0.03325	0.09658	0.01994	0.57012	0.02468	0.01814	0.02462	0.01540	0.02043	0.01174	0.00657	0.00886	0.00255	0.01254	0.00875	0.00389	0.01060
42	0.01347	0.00673	0.01010	0.01010	0.01010	0.00673	0.00673	0.01010	0.01010	0.01347	0.01347	0.02357	0.01347	0.02694	0.03030	0.77441	0.00673	0.00673	0.00337	0.00337
43	0.01249	0.01141	0.02046	0.01772	0.02036	0.01106	0.19405	0.01547	0.01586	0.02137	0.03336	0.45704	0.03768	0.01853	0.01042	0.00303	0.03907	0.04691	0.00608	0.00764
44	0.01249	0.00892	0.01249	0.01428	0.01606	0.00892	0.01249	0.01606	0.01785	0.02320	0.04105	0.08746	0.04462	0.02142	0.01071	0.00357	0.00714	0.62695	0.00714	0.00714
45	0.02947	0.02172	0.02327	0.01784	0.02404	0.02404	0.01474	0.65329	0.03646	0.04887	0.01862	0.01862	0.01319	0.00931	0.00776	0.00233	0.00853	0.00698	0.00776	0.01319
46	0.01087	0.00792	0.01023	0.00965	0.01152	0.00727	0.00724	0.01444	0.02171	0.03053	0.64220	0.05884	0.10636	0.01606	0.00915	0.00245	0.00367	0.01415	0.00846	0.00727
47	0.78228	0.01499	0.01140	0.01020	0.01499	0.01739	0.00840	0.02279	0.01320	0.03479	0.01080	0.01260	0.00840	0.00720	0.00480	0.00240	0.00600	0.00420	0.00480	0.00840
48	0.00942	0.00683	0.00891	0.01057	0.01119	0.00632	0.00710	0.01082	0.01506	0.01988	0.04552	0.67203	0.09990	0.02393	0.00984	0.00311	0.00445	0.02160	0.00720	0.00632
49	0.02834	0.08480	0.02461	0.01736	0.02354	0.02447	0.01452	0.57556	0.05682	0.04556	0.01838	0.01843	0.01327	0.00911	0.00751	0.00228	0.00843	0.00679	0.00737	0.01287
50	0.01953	0.57167	0.19061	0.01532	0.02307	0.02774	0.01683	0.02353	0.01590	0.01971	0.01151	0.01335	0.00992	0.00680	0.00553	0.00184	0.00903	0.00451	0.00331	0.01030
51	0.02073	0.73217	0.04063	0.01327	0.01990	0.03068	0.01327	0.02322	0.01575	0.01824	0.01078	0.01244	0.00995	0.00663	0.00498	0.00166	0.00829	0.00415	0.00332	0.00995
52	0.04790	0.56072	0.09331	0.01476	0.02142	0.11191	0.01464	0.02428	0.01649	0.01946	0.01120	0.01298	0.00989	0.00689	0.00543	0.00180	0.00919	0.00439	0.00345	0.00991
53	0.03973	0.01554	0.02633	0.43310	0.11846	0.01765	0.11004	0.04245	0.04414	0.02324	0.01615	0.02349	0.01286	0.00823	0.00799	0.00259	0.01009	0.03431	0.00409	0.00953
54	0.01042	0.00787	0.01066	0.01199	0.01254	0.00811	0.00859	0.01202	0.01488	0.02003	0.03967	0.59639	0.04696	0.02305	0.01136	0.00321	0.06787	0.08093	0.00685	0.00658
55	0.01126	0.00754	0.00854	0.00852	0.00860	0.00751	0.00482	0.01143	0.01176	0.01576	0.05377	0.05106	0.03022	0.69542	0.03810	0.00729	0.00734	0.01140	0.00487	0.00482
56	0.02947	0.02172	0.02327	0.01784	0.02404	0.02404	0.01474	0.65329	0.03646	0.04887	0.01862	0.01862	0.01319	0.00931	0.00776	0.00233	0.00853	0.00698	0.00776	0.01319
57	0.01445	0.00723	0.00723	0.00723	0.00903	0.00723	0.00542	0.01807	0.01626	0.02891	0.02529	0.02891	0.01987	0.00903	0.00542	0.00181	0.00361	0.00723	0.77055	0.00723
58	0.02947	0.02172	0.02327	0.01784	0.02404	0.02404	0.01474	0.65329	0.03646	0.04887	0.01862	0.01862	0.01319	0.00931	0.00776	0.00233	0.00853	0.00698	0.00776	0.01319
59	0.01072	0.00779	0.01009	0.00978	0.01149	0.00717	0.00724	0.01404	0.02095	0.02935	0.57621	0.13299	0.09917	0.01697	0.00923	0.00253	0.00376	0.01503	0.00832	0.00717
60	0.01347	0.00673	0.01010	0.01010	0.01010	0.00673	0.00673	0.01010	0.01010	0.01347	0.01347	0.02357	0.01347	0.02694	0.03030	0.77441	0.00673	0.00673	0.00337	0.00337
61	0.01464	0.01378	0.02326	0.70887	0.05340	0.01723	0.02153	0.01981	0.01550	0.01981	0.01378	0.02067	0.01034	0.00775	0.00775	0.00258	0.01034	0.00689	0.00345	0.00861
62	0.01608	0.01378	0.01608	0.01148	0.01837	0.01034	0.00919	0.01952	0.01608	0.02527	0.01378	0.01608	0.01148	0.00574	0.00574	0.00115	0.00574	0.00459	0.00459	0.77491
63	0.01801	0.01975	0.04081	0.03086	0.06824	0.01889	0.53337	0.02558	0.07570	0.02530	0.01832	0.05465	0.01471	0.00775	0.00900	0.00263	0.01186	0.00962	0.00443	0.01051
64	0.78228	0.01499	0.01140	0.01020	0.01499	0.01739	0.00840	0.02279	0.01320	0.03479	0.01080	0.01260	0.00840	0.00720	0.00480	0.00240	0.00600	0.00420	0.00480	0.00840
65	0.01919	0.01842	0.03147	0.04759	0.67914	0.01842	0.02380	0.02380	0.01765	0.02533	0.01458	0.01919	0.01228	0.00691	0.00768	0.00230	0.00921	0.00691	0.00384	0.01228
66	0.02947	0.02172	0.02327	0.01784	0.02404	0.02404	0.01474	0.65329	0.03646	0.04887	0.01862	0.01862	0.01319	0.00931	0.00776	0.00233	0.00853	0.00698	0.00776	0.01319
67	0.01108	0.00831	0.01246	0.01246	0.01385	0.00969	0.00969	0.01385	0.01246	0.01800	0.02077	0.03046	0.01938	0.05815	0.69678	0.01246	0.02077	0.00831	0.00415	0.00692
68	0.00945	0.00675	0.00900	0.01080	0.01125	0.00630	0.00720	0.01080	0.01484	0.01979	0.04274	0.72245	0.05128	0.02429	0.00990	0.00315	0.00450	0.02204	0.00720	0.00630
69	0.01128	0.00752	0.00846	0.00846	0.00846	0.00752	0.00470	0.01128	0.01128	0.01503	0.02443	0.05074	0.02819	0.72751	0.03946	0.00752	0.00752	0.01128	0.00470	0.00470
70	0.01128	0.00752	0.00846	0.00846	0.00846	0.00752	0.00470	0.01128	0.01128	0.01503	0.02443	0.05074	0.02819	0.72751	0.03946	0.00752	0.00752	0.01128	0.00470	0.00470
71	0.01929	0.01666	0.01753	0.01578	0.02016	0.01929	0.01227	0.04120	0.66513	0.03243	0.03156	0.02893	0.02367	0.01052	0.00789	0.00263	0.00614	0.00877	0.00789	0.01227
72	0.01917	0.02189	0.07403	0.03086	0.03873	0.01993	0.56496	0.08078	0.01983	0.02696	0.01586	0.02050	0.01180	0.00682	0.00894	0.00258	0.01259	0.00880	0.00423	0.01075
73	0.01128	0.00752	0.00846	0.00846	0.00846	0.00752	0.00470	0.01128	0.01128	0.01503	0.02443	0.05074	0.02819	0.72751	0.03946	0.00752	0.00752	0.01128	0.00470	0.00470
74	0.01919	0.01842	0.03147	0.04759	0.67914	0.01842	0.02380	0.02380	0.01765	0.02533	0.01458	0.01919	0.01228	0.00691	0.00768	0.00230	0.00921	0.00691	0.00384	0.01228
75	0.03081	0.01237	0.01687	0.01350	0.01877	0.01083	0.01115	0.03392	0.02179	0.57095	0.08545	0.03447	0.02597	0.01117	0.00817	0.00251	0.00640	0.06345	0.00929	0.01216
76	0.01578	0.07035	0.65907	0.02171	0.03296	0.01856	0.02798	0.02450	0.01634	0.02428	0.01378	0.01620	0.00983	0.00733	0.00726	0.00242	0.01132	0.00566	0.00328	0.01139
77	0.00988	0.00743	0.00923	0.01032	0.01167	0.00679	0.00751	0.01187	0.01659	0.02144	0.10221	0.40436	0.23019	0.02194	0.00973	0.00300	0.00461	0.09739	0.00730	0.00656
78	0.01920	0.01821	0.02976	0.04368	0.59814	0.01853	0.02238	0.02594	0.09724	0.02620	0.01667	0.02039	0.01368	0.00735	0.00770	0.00234	0.00883	0.00714	0.00434	0.01228
79	0.78228	0.01499	0.01140	0.01020	0.01499	0.01739	0.00840	0.02279	0.01320	0.03479	0.01080	0.01260	0.00840	0.00720	0.00480	0.00240	0.00600	0.00420	0.00480	0.00840
80	0.02961	0.01468	0.01808	0.01461	0.02010	0.01448	0.01183	0.06663	0.22755	0.44822	0.03036	0.02685	0.02035	0.00988	0.00782	0.00247	0.00654	0.00807	0.00897	0.01290
81	0.01900	0.01823	0.03113	0.07536	0.65287	0.01837	0.02370	0.02363	0.01756	0.02510	0.01455	0.01925	0.01220	0.00694	0.00768	0.00231	0.00926	0.00691	0.00382	0.01213
82	0.00964	0.00787	0.00854	0.00860	0.01095	0.00677	0.00649	0.01194	0.01829	0.02273	0.17738	0.10065	0.51705	0.01927	0.00926	0.00265	0.00405	0.04375	0.00743	0.00669
83	0.01575	0.03891	0.65121	0.02350	0.06912	0.01803	0.02838	0.02451	0.01644	0.02460	0.01395	0.01653	0.00996	0.00734	0.00738	0.00245	0.01134	0.00579	0.00331	0.01150
84	0.01109	0.00827	0.01229	0.01229	0.01361	0.00960	0.00947	0.01373	0.01241	0.01787	0.02093	0.03135	0.01977	0.08740	0.66806	0.01225	0.02019	0.00844	0.00418	0.00683
85	0.03479	0.01320	0.01799	0.01380	0.01979	0.01140	0.01140	0.03779	0.02219	0.68451	0.03059	0.02639	0.01919	0.00960	0.00780	0.00240	0.00660	0.00780	0.00960	0.01320
86	0.02821	0.02872	0.02206	0.01869	0.02362	0.35461	0.01461	0.28591	0.09193	0.03251	0.01664	0.01736	0.01266	0.00878	0.00739	0.00219	0.01098	0.00618	0.00592	0.01103
87	0.03479	0.01320	0.01799	0.01380	0.01979	0.01140	0.01140	0.03779	0.02219	0.68451	0.03059	0.02639	0.01919	0.00960	0.00780	0.00240	0.00660	0.00780	0.00960	0.01320
88	0.01274	0.00941	0.01297	0.01248	0.01414	0.01072	0.00957	0.07049	0.01446	0.02041	0.02099	0.03172	0.01983	0.13005	0.56056	0.01100	0.01817	0.00853	0.00454	0.00723
89	0.02947	0.02172	0.02327	0.01784	0.02404	0.02404	0.01474	0.65329	0.03646	0.04887	0.01862	0.01862	0.01319	0.00931	0.00776	0.00233	0.00853	0.00698	0.00776	0.01319
90	0.01818	0.02174	0.07324	0.03223	0.04022	0.01954	0.62432	0.02482	0.01822	0.02482	0.01561	0.02072	0.01168	0.00657	0.00907	0.00261	0.01300	0.00900	0.00389	0.01050
91	0.02233	0.01516	0.01705	0.01464	0.01922	0.01634	0.01157	0.08605	0.38958	0.17569	0.08957	0.03204	0.05364	0.01108	0.00802	0.00254	0.00612	0.00920	0.00828	0.01187

[dist]
# distance from previous block
# <min> <max>
0	4

[block]
# block no. 2 follows, 25 sequences, length 44
# corresponding to MSA columns:
# 172-215
name=unknown_C
#
# <colnr> <probs for GDERKNQSTAVLIFYWHMCP>
#	G	D	E	R	K	N	Q	S	T	A	V	L	I	F	Y	W	H	M	C	P
0	0.78228	0.01499	0.01140	0.01020	0.01499	0.01739	0.00840	0.02279	0.01320	0.03479	0.01080	0.01260	0.00840	0.00720	0.00480	0.00240	0.00600	0.00420	0.00480	0.00840
1	0.01740	0.01935	0.04091	0.02985	0.03649	0.01867	0.54941	0.02313	0.01755	0.02396	0.01780	0.08496	0.01528	0.00864	0.01031	0.00272	0.05928	0.01017	0.00419	0.00994
2	0.06124	0.01868	0.02450	0.24208	0.18402	0.04545	0.01865	0.25260	0.02377	0.03243	0.01551	0.01891	0.01171	0.00811	0.00756	0.00239	0.00933	0.00672	0.00520	0.01113
3	0.02073	0.73217	0.04063	0.01327	0.01990	0.03068	0.01327	0.02322	0.01575	0.01824	0.01078	0.01244	0.00995	0.00663	0.00498	0.00166	0.00829	0.00415	0.00332	0.00995
4	0.01125	0.00987	0.05116	0.01050	0.01291	0.00796	0.00860	0.01523	0.02161	0.03070	0.63521	0.05541	0.06934	0.01534	0.00904	0.00244	0.00413	0.01352	0.00822	0.00757
5	0.02079	0.01623	0.06895	0.01426	0.02114	0.01235	0.04453	0.02616	0.06860	0.18020	0.01922	0.01977	0.01414	0.00718	0.00669	0.00173	0.00678	0.00599	0.00589	0.43939
6	0.00945	0.00675	0.00900	0.01080	0.01125	0.00630	0.00720	0.01080	0.01484	0.01979	0.04274	0.72245	0.05128	0.02429	0.00990	0.00315	0.00450	0.02204	0.00720	0.00630
7	0.02010	0.02044	0.02966	0.09290	0.54959	0.10459	0.02251	0.02441	0.01805	0.02411	0.01419	0.01864	0.01185	0.00711	0.00759	0.00228	0.00990	0.00666	0.00383	0.01159
8	0.01751	0.05427	0.26680	0.01625	0.02468	0.03747	0.01718	0.06986	0.01791	0.02629	0.01401	0.01616	0.01088	0.00672	0.00651	0.00177	0.00845	0.00519	0.00427	0.37781
9	0.01612	0.11552	0.61686	0.02114	0.03207	0.01939	0.02697	0.02441	0.01630	0.02387	0.01357	0.01594	0.00984	0.00729	0.00711	0.00237	0.01111	0.00556	0.00328	0.01129
10	0.01555	0.04011	0.68733	0.02210	0.03356	0.01801	0.02865	0.02455	0.01637	0.02455	0.01391	0.01637	0.00982	0.00737	0.00737	0.00246	0.01146	0.00573	0.00327	0.01146
11	0.01119	0.00784	0.01010	0.01010	0.01067	0.00841	0.00675	0.01233	0.01176	0.01625	0.02293	0.04242	0.02458	0.45293	0.30911	0.00955	0.01295	0.01006	0.00447	0.00561
12	0.01693	0.01425	0.01457	0.01327	0.01703	0.04058	0.01025	0.03054	0.39027	0.05542	0.09571	0.04271	0.19972	0.01323	0.00829	0.00258	0.00567	0.01102	0.00768	0.01026
13	0.01118	0.00865	0.01092	0.05175	0.01425	0.00828	0.00809	0.01537	0.04903	0.02831	0.47981	0.05795	0.19553	0.01593	0.00901	0.00249	0.00423	0.01386	0.00792	0.00745
14	0.61737	0.01750	0.06420	0.04220	0.01895	0.01808	0.01112	0.08440	0.01581	0.03474	0.01193	0.01382	0.00906	0.00744	0.00541	0.00240	0.00685	0.00470	0.00491	0.00911
15	0.01901	0.38024	0.33683	0.01735	0.02617	0.02395	0.02025	0.02452	0.01634	0.05248	0.01315	0.01490	0.01033	0.00711	0.00621	0.00206	0.00967	0.00505	0.00359	0.01080
16	0.02745	0.02071	0.02213	0.01743	0.02328	0.02310	0.01425	0.53192	0.16111	0.04561	0.02118	0.02066	0.01526	0.00955	0.00778	0.00239	0.00806	0.00733	0.00778	0.01300
17	0.02324	0.01672	0.01835	0.01571	0.02060	0.01855	0.01244	0.11942	0.47461	0.14569	0.02973	0.02717	0.02156	0.01021	0.00786	0.00255	0.00652	0.00837	0.00816	0.01255
18	0.01097	0.00793	0.01036	0.00975	0.01158	0.00732	0.00732	0.01463	0.02195	0.03109	0.67505	0.05792	0.07316	0.01585	0.00914	0.00244	0.00366	0.01402	0.00854	0.00732
19	0.01885	0.01627	0.01711	0.01543	0.01974	0.01873	0.01200	0.03989	0.63700	0.03194	0.03360	0.03091	0.05201	0.01092	0.00794	0.00263	0.00604	0.00910	0.00786	0.01202
20	0.01740	0.01826	0.03099	0.02441	0.02699	0.02239	0.22561	0.02069	0.01399	0.02069	0.01199	0.01826	0.01070	0.01126	0.02008	0.00314	0.48288	0.00756	0.00357	0.00913
21	0.02143	0.02321	0.02457	0.17264	0.23620	0.23883	0.01873	0.02789	0.11539	0.02317	0.01611	0.01926	0.01283	0.00798	0.00750	0.00231	0.01054	0.00656	0.00441	0.01044
22	0.01936	0.52568	0.19384	0.01653	0.02437	0.02702	0.05534	0.02363	0.01605	0.02013	0.01182	0.01388	0.01003	0.00680	0.00579	0.00190	0.00933	0.00482	0.00334	0.01034
23	0.78228	0.01499	0.01140	0.01020	0.01499	0.01739	0.00840	0.02279	0.01320	0.03479	0.01080	0.01260	0.00840	0.00720	0.00480	0.00240	0.00600	0.00420	0.00480	0.00840
24	0.01919	0.01842	0.03147	0.04759	0.67914	0.01842	0.02380	0.02380	0.01765	0.02533	0.01458	0.01919	0.01228	0.00691	0.00768	0.00230	0.00921	0.00691	0.00384	0.01228
25	0.01128	0.00752	0.00846	0.00846	0.00846	0.00752	0.00470	0.01128	0.01128	0.01503	0.02443	0.05074	0.02819	0.72751	0.03946	0.00752	0.00752	0.01128	0.00470	0.00470
26	0.02121	0.02036	0.02401	0.27446	0.10567	0.13245	0.01854	0.16705	0.02114	0.02678	0.01421	0.01845	0.01112	0.00881	0.00993	0.00250	0.10206	0.00658	0.00456	0.01011
27	0.03427	0.01403	0.01851	0.01419	0.02021	0.01263	0.01172	0.09792	0.02359	0.62241	0.02942	0.02563	0.01861	0.00957	0.00779	0.00239	0.00679	0.00772	0.00942	0.01319
28	0.01708	0.02945	0.33092	0.02798	0.03743	0.01890	0.37437	0.02471	0.01744	0.02471	0.01490	0.01889	0.01090	0.00691	0.00836	0.00254	0.01235	0.00763	0.00363	0.01090
29	0.00945	0.00675	0.00900	0.01080	0.01125	0.00630	0.00720	0.01080	0.01484	0.01979	0.04274	0.72245	0.05128	0.02429	0.00990	0.00315	0.00450	0.02204	0.00720	0.00630
30	0.02975	0.02128	0.02300	0.01763	0.02383	0.02339	0.01456	0.62154	0.03572	0.08166	0.01923	0.01902	0.01350	0.00932	0.00776	0.00233	0.00843	0.00702	0.00785	0.01319
31	0.01919	0.01842	0.03147	0.04759	0.67914	0.01842	0.02380	0.02380	0.01765	0.02533	0.01458	0.01919	0.01228	0.00691	0.00768	0.00230	0.00921	0.00691	0.00384	0.01228
32	0.00973	0.00696	0.00925	0.01061	0.01131	0.00648	0.00722	0.01150	0.01614	0.02186	0.15820	0.60110	0.05528	0.02275	0.00976	0.00302	0.00434	0.02058	0.00744	0.00648
33	0.01772	0.01515	0.01614	0.01484	0.01884	0.01717	0.01162	0.03616	0.54858	0.03054	0.03718	0.03813	0.09335	0.01230	0.00824	0.00270	0.00598	0.05632	0.00776	0.01129
34	0.01849	0.00965	0.01244	0.01098	0.01427	0.00855	0.00863	0.02151	0.02073	0.24388	0.29258	0.07927	0.16876	0.01512	0.00881	0.00254	0.00488	0.04136	0.00851	0.00906
35	0.00930	0.00786	0.00804	0.00800	0.01056	0.00660	0.00600	0.01139	0.01800	0.02171	0.12367	0.07336	0.63039	0.01935	0.00916	0.00260	0.00391	0.01619	0.00730	0.00660
36	0.66021	0.01470	0.01247	0.01078	0.01578	0.01641	0.00889	0.02524	0.01466	0.14089	0.01403	0.01485	0.01016	0.00759	0.00529	0.00240	0.00610	0.00479	0.00558	0.00918
37	0.01494	0.01421	0.02439	0.66080	0.07386	0.01736	0.04575	0.02014	0.01568	0.02019	0.01388	0.02063	0.01046	0.00768	0.00780	0.00258	0.01040	0.00698	0.00348	0.00881
38	0.01877	0.01621	0.01704	0.01538	0.01967	0.01864	0.01195	0.03968	0.63232	0.03185	0.03394	0.03124	0.05672	0.01098	0.00795	0.00263	0.00602	0.00915	0.00785	0.01198
39	0.06974	0.01553	0.02736	0.49175	0.07730	0.01778	0.14821	0.02122	0.01601	0.02214	0.01399	0.02008	0.01058	0.00743	0.00782	0.00256	0.01053	0.00716	0.00366	0.00914
40	0.01694	0.01688	0.02400	0.05057	0.04461	0.02329	0.01739	0.01889	0.01223	0.01894	0.01048	0.01720	0.01026	0.01309	0.02408	0.00332	0.65901	0.00679	0.00341	0.00862
41	0.02029	0.60096	0.03593	0.01339	0.01930	0.07820	0.01275	0.02286	0.01690	0.01970	0.08326	0.01751	0.01684	0.00774	0.00558	0.00177	0.00821	0.00529	0.00394	0.00959
42	0.01555	0.04011	0.68733	0.02210	0.03356	0.01801	0.02865	0.02455	0.01637	0.02455	0.01391	0.01637	0.00982	0.00737	0.00737	0.00246	0.01146	0.00573	0.00327	0.01146
43	0.00945	0.00675	0.00900	0.01080	0.01125	0.00630	0.00720	0.01080	0.01484	0.01979	0.04274	0.72245	0.05128	0.02429	0.00990	0.00315	0.00450	0.02204	0.00720	0.00630

[dist]
# distance from previous block
# <min> <max>
0	0

# created by:
# /st0/software/busco_prod/Augustus/scripts/msa2prfl.pl ./align_prep/126272.fa
