[name]
unknown

[dist]
# distance from previous block
# <min> <max>
0	22

[block]
# block no. 0 follows, 26 sequences, length 133
# corresponding to MSA columns:
# 22-154
name=unknown_A
#
# <colnr> <probs for GDERKNQSTAVLIFYWHMCP>
#	G	D	E	R	K	N	Q	S	T	A	V	L	I	F	Y	W	H	M	C	P
0	0.01073	0.00815	0.00994	0.01041	0.01208	0.00779	0.00775	0.01446	0.06569	0.02350	0.20586	0.25726	0.18628	0.04942	0.01053	0.00300	0.00466	0.09825	0.00730	0.00693
1	0.02273	0.01077	0.01407	0.01196	0.01584	0.00978	0.00940	0.02680	0.06374	0.36161	0.19833	0.12487	0.07049	0.01331	0.00829	0.00248	0.00531	0.01142	0.00860	0.01021
2	0.01753	0.01215	0.01289	0.13203	0.01937	0.07757	0.00988	0.05166	0.01751	0.07781	0.02222	0.05184	0.01796	0.03549	0.00752	0.00224	0.00630	0.00752	0.41241	0.00809
3	0.01690	0.01137	0.01343	0.01261	0.01524	0.01176	0.00955	0.14072	0.09764	0.08607	0.06429	0.29389	0.03492	0.06424	0.01064	0.00303	0.00583	0.06015	0.03894	0.00877
4	0.78701	0.01467	0.01115	0.00997	0.01467	0.01702	0.00821	0.02230	0.01291	0.03403	0.01056	0.01232	0.00821	0.00704	0.00469	0.00235	0.00587	0.00411	0.00469	0.00821
5	0.01185	0.00866	0.01096	0.03665	0.01388	0.00866	0.00845	0.07716	0.01701	0.02259	0.06415	0.46588	0.06861	0.08322	0.01194	0.00334	0.00542	0.06787	0.00680	0.00690
6	0.28658	0.05620	0.01877	0.05177	0.02177	0.40587	0.01272	0.02669	0.01799	0.02386	0.01137	0.01349	0.00925	0.00749	0.00606	0.00210	0.01060	0.00468	0.00412	0.00861
7	0.02134	0.01026	0.01312	0.01122	0.01472	0.00925	0.00862	0.02441	0.04284	0.32746	0.14497	0.09398	0.11923	0.10882	0.01229	0.00311	0.00558	0.01130	0.00803	0.00944
8	0.00942	0.00670	0.00881	0.01036	0.01081	0.00628	0.00686	0.01073	0.01450	0.01940	0.06247	0.65524	0.04923	0.07593	0.01179	0.00337	0.00459	0.02052	0.00691	0.00608
9	0.01342	0.01348	0.04968	0.01845	0.02161	0.01375	0.17633	0.01712	0.01386	0.01974	0.01866	0.06165	0.01723	0.03506	0.38088	0.00780	0.10051	0.00876	0.00404	0.00799
10	0.02800	0.02089	0.02259	0.01748	0.02325	0.02335	0.01442	0.61380	0.05611	0.04606	0.01830	0.01848	0.01312	0.00931	0.00830	0.00233	0.03721	0.00688	0.00742	0.01268
11	0.02524	0.01857	0.02008	0.01632	0.02165	0.02063	0.01318	0.35954	0.29139	0.09388	0.02428	0.02290	0.01752	0.00961	0.00764	0.00240	0.00725	0.00760	0.00779	0.01254
12	0.01031	0.00735	0.00897	0.00917	0.01013	0.00692	0.00614	0.01202	0.01599	0.02167	0.25587	0.21016	0.11354	0.25602	0.01896	0.00421	0.00505	0.01486	0.00667	0.00600
13	0.01545	0.01092	0.01378	0.01203	0.01473	0.03531	0.06709	0.06821	0.01688	0.02591	0.02190	0.02894	0.01850	0.04362	0.12015	0.03672	0.00830	0.03317	0.37306	0.03534
14	0.02238	0.01219	0.01458	0.04191	0.01735	0.04585	0.00984	0.02628	0.06682	0.31420	0.13322	0.08483	0.06234	0.09937	0.01176	0.00303	0.00633	0.01028	0.00771	0.00974
15	0.01900	0.01518	0.01801	0.01381	0.01961	0.01427	0.03238	0.11735	0.12962	0.05737	0.01814	0.01928	0.01407	0.00750	0.00715	0.00174	0.03225	0.00598	0.03334	0.42395
16	0.05856	0.01898	0.02629	0.09253	0.45755	0.09921	0.01997	0.02381	0.04497	0.02409	0.01585	0.05530	0.01385	0.00800	0.00741	0.00230	0.00913	0.00724	0.00413	0.01084
17	0.01847	0.02050	0.04361	0.03121	0.03880	0.01941	0.62504	0.05743	0.01883	0.02552	0.01549	0.02034	0.01158	0.00654	0.00888	0.00254	0.01256	0.00884	0.00403	0.01037
18	0.02922	0.01237	0.01641	0.01303	0.01814	0.01114	0.01060	0.03371	0.07289	0.53683	0.13126	0.03080	0.02732	0.01041	0.00784	0.00237	0.00597	0.00865	0.00910	0.01194
19	0.01047	0.00678	0.00838	0.00958	0.01026	0.00648	0.00642	0.01213	0.01447	0.02080	0.03635	0.51041	0.04132	0.09223	0.01167	0.00323	0.00451	0.01740	0.17091	0.00620
20	0.04369	0.01470	0.02228	0.63461	0.04861	0.04288	0.02008	0.04628	0.01616	0.02105	0.01350	0.01961	0.01014	0.00763	0.00745	0.00249	0.01002	0.00658	0.00361	0.00862
21	0.02694	0.02059	0.02162	0.04555	0.02367	0.05522	0.01408	0.55392	0.03283	0.04379	0.04495	0.02000	0.01526	0.00923	0.00752	0.00226	0.00831	0.00702	0.03517	0.01207
22	0.01737	0.01127	0.01224	0.01037	0.01361	0.01156	0.00820	0.14369	0.01952	0.03106	0.02106	0.02387	0.01647	0.00865	0.00680	0.00185	0.04159	0.00662	0.47292	0.12125
23	0.05018	0.00739	0.01033	0.03982	0.01224	0.00752	0.00741	0.01144	0.01216	0.01718	0.08296	0.14441	0.02471	0.02312	0.02212	0.50219	0.00604	0.00969	0.00449	0.00461
24	0.56463	0.01429	0.01262	0.01083	0.01553	0.01587	0.00888	0.07093	0.01620	0.12192	0.03703	0.01687	0.01268	0.00788	0.00547	0.00231	0.00593	0.00525	0.04578	0.00909
25	0.02385	0.01237	0.01482	0.01240	0.01651	0.03977	0.00982	0.04984	0.06318	0.34789	0.19254	0.06919	0.05958	0.01196	0.00798	0.00237	0.00576	0.01005	0.03970	0.01042
26	0.01199	0.00808	0.01070	0.01031	0.01224	0.00750	0.00796	0.01544	0.02071	0.06136	0.54619	0.08628	0.06473	0.01621	0.00910	0.00255	0.00417	0.08893	0.00818	0.00738
27	0.01555	0.06895	0.64454	0.02105	0.03184	0.01819	0.02687	0.02447	0.03644	0.02399	0.01402	0.01623	0.01004	0.00727	0.00712	0.00237	0.01091	0.00563	0.00335	0.01117
28	0.01785	0.02031	0.04390	0.03149	0.03886	0.01934	0.63299	0.02406	0.01765	0.02406	0.01513	0.02031	0.01145	0.00667	0.00959	0.00259	0.04095	0.00886	0.00382	0.01015
29	0.01331	0.00830	0.01086	0.00998	0.01221	0.00755	0.00757	0.01666	0.02105	0.10624	0.55782	0.08290	0.08551	0.01528	0.00883	0.00242	0.00396	0.01343	0.00837	0.00775
30	0.01432	0.01348	0.02275	0.71520	0.05224	0.01685	0.02107	0.01938	0.01517	0.01938	0.01348	0.02022	0.01011	0.00758	0.00758	0.00253	0.01011	0.00674	0.00337	0.00843
31	0.51000	0.04251	0.01548	0.01220	0.01726	0.01908	0.01012	0.21067	0.01982	0.03732	0.01329	0.01458	0.01002	0.00769	0.00557	0.00228	0.00660	0.00501	0.03088	0.00961
32	0.01101	0.00839	0.01271	0.04658	0.01544	0.00984	0.01005	0.01383	0.01234	0.01769	0.01998	0.02933	0.01853	0.05448	0.66933	0.01172	0.01982	0.00806	0.00403	0.00685
33	0.01084	0.00813	0.01219	0.01219	0.01354	0.00948	0.00948	0.01354	0.01219	0.01761	0.02032	0.02980	0.01896	0.05689	0.70337	0.01219	0.02032	0.00813	0.00406	0.00677
34	0.01074	0.00775	0.01014	0.00954	0.01133	0.00716	0.00716	0.01431	0.02147	0.03042	0.68211	0.05666	0.07157	0.01551	0.00895	0.00239	0.00358	0.01372	0.00835	0.00716
35	0.02189	0.59765	0.03610	0.01429	0.02026	0.16459	0.01331	0.02423	0.01663	0.01799	0.01078	0.01247	0.00974	0.00675	0.00526	0.00169	0.00922	0.00422	0.00338	0.00955
36	0.01318	0.00659	0.00988	0.00988	0.00988	0.00659	0.00659	0.00988	0.00988	0.01318	0.01318	0.02306	0.01318	0.02635	0.02964	0.77931	0.00659	0.00659	0.00329	0.00329
37	0.01474	0.01390	0.02350	0.65319	0.11103	0.01696	0.02127	0.01974	0.01536	0.01988	0.01355	0.02009	0.01029	0.00751	0.00758	0.00250	0.01001	0.00674	0.00341	0.00876
38	0.01222	0.00873	0.01222	0.01397	0.01572	0.00873	0.01222	0.01572	0.01746	0.02270	0.04016	0.08556	0.04365	0.02095	0.01048	0.00349	0.00698	0.63506	0.00698	0.00698
39	0.00940	0.00672	0.00894	0.01045	0.01104	0.00627	0.00705	0.01096	0.01526	0.02053	0.10962	0.65733	0.05243	0.02289	0.00960	0.00301	0.00431	0.02073	0.00718	0.00627
40	0.01455	0.01372	0.02316	0.68083	0.08483	0.01691	0.02118	0.01958	0.01528	0.01966	0.01352	0.02015	0.01021	0.00754	0.00758	0.00251	0.01005	0.00674	0.00339	0.00861
41	0.02028	0.73799	0.03975	0.01298	0.01947	0.03001	0.01298	0.02271	0.01541	0.01785	0.01055	0.01217	0.00973	0.00649	0.00487	0.00162	0.00811	0.00406	0.00324	0.00973
42	0.01068	0.00771	0.01009	0.00958	0.01132	0.00712	0.00715	0.01417	0.02121	0.02999	0.65766	0.08232	0.07075	0.01582	0.00897	0.00241	0.00361	0.01402	0.00830	0.00712
43	0.01877	0.01802	0.03079	0.04656	0.68612	0.01802	0.02328	0.02328	0.01727	0.02478	0.01427	0.01877	0.01201	0.00676	0.00751	0.00225	0.00901	0.00676	0.00375	0.01201
44	0.01432	0.01348	0.02275	0.71520	0.05224	0.01685	0.02107	0.01938	0.01517	0.01938	0.01348	0.02022	0.01011	0.00758	0.00758	0.00253	0.01011	0.00674	0.00337	0.00843
45	0.01432	0.01348	0.02275	0.71520	0.05224	0.01685	0.02107	0.01938	0.01517	0.01938	0.01348	0.02022	0.01011	0.00758	0.00758	0.00253	0.01011	0.00674	0.00337	0.00843
46	0.01802	0.02013	0.04287	0.03394	0.12696	0.01902	0.57276	0.02416	0.01782	0.02436	0.01520	0.02023	0.01158	0.00644	0.00876	0.00252	0.01228	0.00866	0.00383	0.01047
47	0.01209	0.00869	0.01204	0.01372	0.01550	0.00864	0.01196	0.01552	0.01745	0.02261	0.04163	0.08506	0.06920	0.02088	0.01042	0.00346	0.00686	0.61032	0.00699	0.00696
48	0.03403	0.01291	0.01760	0.01350	0.01936	0.01115	0.01115	0.03697	0.02171	0.69137	0.02992	0.02582	0.01878	0.00939	0.00763	0.00235	0.00645	0.00763	0.00939	0.01291
49	0.01100	0.00749	0.00898	0.00898	0.00923	0.00774	0.00548	0.01149	0.01124	0.01523	0.02325	0.04604	0.02601	0.61077	0.15913	0.00823	0.00970	0.01050	0.00450	0.00499
50	0.01762	0.37091	0.38351	0.01752	0.02649	0.02350	0.02088	0.02340	0.01573	0.02109	0.01216	0.01419	0.00967	0.00687	0.00610	0.00203	0.00974	0.00487	0.00322	0.01051
51	0.01111	0.00840	0.01219	0.01205	0.01318	0.00982	0.00919	0.01344	0.01202	0.01728	0.02031	0.03166	0.01963	0.13800	0.59225	0.01121	0.04918	0.00842	0.00410	0.00657
52	0.03376	0.01334	0.01787	0.01370	0.01958	0.01178	0.01132	0.06904	0.02243	0.65828	0.02932	0.02543	0.01847	0.00937	0.00763	0.00234	0.00655	0.00759	0.00930	0.01291
53	0.02062	0.70829	0.03897	0.01326	0.01964	0.05850	0.01305	0.02303	0.01567	0.01788	0.01060	0.01223	0.00974	0.00655	0.00495	0.00164	0.00835	0.00409	0.00327	0.00969
54	0.01627	0.06036	0.42236	0.01994	0.02851	0.01806	0.06622	0.02747	0.18008	0.02550	0.01914	0.05026	0.01490	0.00861	0.00746	0.00245	0.00959	0.00721	0.00454	0.01106
55	0.01432	0.01348	0.02275	0.71520	0.05224	0.01685	0.02107	0.01938	0.01517	0.01938	0.01348	0.02022	0.01011	0.00758	0.00758	0.00253	0.01011	0.00674	0.00337	0.00843
56	0.00966	0.00702	0.00916	0.01077	0.01138	0.00671	0.00726	0.01186	0.04317	0.01990	0.04133	0.69799	0.04899	0.02318	0.00960	0.00306	0.00447	0.02100	0.00707	0.00642
57	0.01432	0.01348	0.02275	0.71520	0.05224	0.01685	0.02107	0.01938	0.01517	0.01938	0.01348	0.02022	0.01011	0.00758	0.00758	0.00253	0.01011	0.00674	0.00337	0.00843
58	0.00896	0.00768	0.00768	0.00768	0.01025	0.00640	0.00576	0.01089	0.01729	0.02049	0.07684	0.07300	0.68304	0.01921	0.00896	0.00256	0.00384	0.01601	0.00704	0.00640
59	0.02833	0.03615	0.02149	0.01954	0.02345	0.70298	0.01466	0.03029	0.02149	0.01856	0.01172	0.01368	0.00977	0.00782	0.00684	0.00195	0.01368	0.00489	0.00391	0.00879
60	0.03327	0.01413	0.01836	0.01407	0.01997	0.01296	0.01163	0.12837	0.02375	0.59708	0.02821	0.02470	0.01792	0.00935	0.00762	0.00234	0.00673	0.00751	0.00912	0.01291
61	0.00935	0.00705	0.00867	0.00980	0.01097	0.00638	0.00687	0.01104	0.01579	0.02038	0.08481	0.48065	0.23428	0.02192	0.00947	0.00291	0.00429	0.04198	0.00711	0.00631
62	0.04928	0.01354	0.02223	0.68330	0.05054	0.01686	0.02048	0.01951	0.01506	0.02004	0.01335	0.01987	0.01003	0.00756	0.00745	0.00252	0.00992	0.00662	0.00343	0.00842
63	0.01877	0.01802	0.03079	0.04656	0.68612	0.01802	0.02328	0.02328	0.01727	0.02478	0.01427	0.01877	0.01201	0.00676	0.00751	0.00225	0.00901	0.00676	0.00375	0.01201
64	0.02833	0.03615	0.02149	0.01954	0.02345	0.70298	0.01466	0.03029	0.02149	0.01856	0.01172	0.01368	0.00977	0.00782	0.00684	0.00195	0.01368	0.00489	0.00391	0.00879
65	0.01913	0.01666	0.01715	0.01535	0.01957	0.03911	0.01194	0.06243	0.59661	0.03188	0.06167	0.02886	0.02473	0.01043	0.00775	0.00253	0.00621	0.00865	0.00763	0.01171
66	0.00935	0.00757	0.00830	0.00838	0.01055	0.00652	0.00619	0.01153	0.01780	0.02232	0.19239	0.14536	0.48924	0.01900	0.00904	0.00259	0.00385	0.01620	0.00730	0.00652
67	0.00924	0.00660	0.00880	0.01056	0.01100	0.00616	0.00704	0.01056	0.01452	0.01936	0.04181	0.72848	0.05017	0.02376	0.00968	0.00308	0.00440	0.02156	0.00704	0.00616
68	0.01573	0.01348	0.01573	0.01123	0.01798	0.01011	0.00899	0.01910	0.01573	0.02472	0.01348	0.01573	0.01123	0.00562	0.00562	0.00112	0.00562	0.00449	0.00449	0.77980
69	0.01877	0.01802	0.03079	0.04656	0.68612	0.01802	0.02328	0.02328	0.01727	0.02478	0.01427	0.01877	0.01201	0.00676	0.00751	0.00225	0.00901	0.00676	0.00375	0.01201
70	0.01582	0.03829	0.64514	0.02132	0.03201	0.04264	0.02696	0.02484	0.03995	0.02410	0.01417	0.01637	0.01010	0.00734	0.00721	0.00239	0.01111	0.00569	0.00339	0.01115
71	0.00931	0.00665	0.00886	0.01052	0.01102	0.00620	0.00705	0.01072	0.01482	0.01984	0.06969	0.69922	0.05110	0.02340	0.00965	0.00305	0.00436	0.02122	0.00710	0.00620
72	0.01790	0.02046	0.04476	0.03197	0.03964	0.01918	0.65857	0.02430	0.01790	0.02430	0.01535	0.02046	0.01151	0.00639	0.00895	0.00256	0.01279	0.00895	0.00384	0.01023
73	0.01679	0.06270	0.62027	0.02070	0.03135	0.01759	0.02623	0.02493	0.01641	0.07317	0.01471	0.01660	0.01029	0.00734	0.00715	0.00237	0.01075	0.00570	0.00366	0.01128
74	0.01005	0.00761	0.00927	0.00911	0.01098	0.00683	0.00674	0.01289	0.01948	0.02629	0.43406	0.13547	0.24854	0.01750	0.00903	0.00251	0.00375	0.01525	0.00782	0.00683
75	0.03403	0.01291	0.01760	0.01350	0.01936	0.01115	0.01115	0.03697	0.02171	0.69137	0.02992	0.02582	0.01878	0.00939	0.00763	0.00235	0.00645	0.00763	0.00939	0.01291
76	0.02056	0.71362	0.03911	0.01321	0.01961	0.05339	0.01304	0.02298	0.01562	0.01787	0.01059	0.01222	0.00974	0.00654	0.00494	0.00163	0.00830	0.00408	0.00327	0.00970
77	0.01860	0.01892	0.05625	0.04503	0.63529	0.01805	0.04931	0.02335	0.01725	0.02473	0.01429	0.01874	0.01190	0.00676	0.00756	0.00227	0.00925	0.00680	0.00374	0.01191
78	0.01521	0.03923	0.69413	0.02162	0.03283	0.01762	0.02802	0.02402	0.01601	0.02402	0.01361	0.01601	0.00961	0.00721	0.00721	0.00240	0.01121	0.00560	0.00320	0.01121
79	0.00896	0.00768	0.00768	0.00768	0.01025	0.00640	0.00576	0.01089	0.01729	0.02049	0.07684	0.07300	0.68304	0.01921	0.00896	0.00256	0.00384	0.01601	0.00704	0.00640
80	0.03308	0.01365	0.01846	0.01507	0.04628	0.01223	0.01185	0.07697	0.02244	0.62290	0.02854	0.02504	0.01812	0.00926	0.00762	0.00234	0.00668	0.00754	0.00905	0.01287
81	0.05873	0.05143	0.01898	0.01369	0.01957	0.01340	0.01143	0.08965	0.02229	0.57810	0.02724	0.02399	0.01743	0.00913	0.00738	0.00230	0.00668	0.00725	0.00875	0.01258
82	0.00924	0.00660	0.00880	0.01056	0.01100	0.00616	0.00704	0.01056	0.01452	0.01936	0.04181	0.72848	0.05017	0.02376	0.00968	0.00308	0.00440	0.02156	0.00704	0.00616
83	0.01573	0.01348	0.01573	0.01123	0.01798	0.01011	0.00899	0.01910	0.01573	0.02472	0.01348	0.01573	0.01123	0.00562	0.00562	0.00112	0.00562	0.00449	0.00449	0.77980
84	0.01465	0.01382	0.02335	0.66568	0.09918	0.01694	0.02123	0.01967	0.01532	0.01978	0.01354	0.02012	0.01025	0.00752	0.00758	0.00251	0.01003	0.00674	0.00340	0.00869
85	0.02028	0.73799	0.03975	0.01298	0.01947	0.03001	0.01298	0.02271	0.01541	0.01785	0.01055	0.01217	0.00973	0.00649	0.00487	0.00162	0.00811	0.00406	0.00324	0.00973
86	0.02883	0.02125	0.02276	0.01745	0.02352	0.02352	0.01442	0.66082	0.03566	0.04780	0.01821	0.01821	0.01290	0.00911	0.00759	0.00228	0.00835	0.00683	0.00759	0.01290
87	0.01414	0.00707	0.00707	0.00707	0.00884	0.00707	0.00530	0.01767	0.01591	0.02828	0.02474	0.02828	0.01944	0.00884	0.00530	0.00177	0.00353	0.00707	0.77554	0.00707
88	0.01576	0.01359	0.01598	0.01153	0.01804	0.01056	0.00925	0.01907	0.01559	0.02450	0.01336	0.01576	0.01119	0.00588	0.00627	0.00120	0.02996	0.00457	0.00445	0.75349
89	0.01074	0.00775	0.01014	0.00954	0.01133	0.00716	0.00716	0.01431	0.02147	0.03042	0.68211	0.05666	0.07157	0.01551	0.00895	0.00239	0.00358	0.01372	0.00835	0.00716
90	0.01432	0.01348	0.02275	0.71520	0.05224	0.01685	0.02107	0.01938	0.01517	0.01938	0.01348	0.02022	0.01011	0.00758	0.00758	0.00253	0.01011	0.00674	0.00337	0.00843
91	0.00903	0.00769	0.00778	0.00775	0.01029	0.00643	0.00582	0.01102	0.01745	0.02087	0.09996	0.07237	0.65968	0.01907	0.00896	0.00255	0.00383	0.01592	0.00709	0.00643
92	0.01432	0.01348	0.02275	0.71520	0.05224	0.01685	0.02107	0.01938	0.01517	0.01938	0.01348	0.02022	0.01011	0.00758	0.00758	0.00253	0.01011	0.00674	0.00337	0.00843
93	0.02833	0.03615	0.02149	0.01954	0.02345	0.70298	0.01466	0.03029	0.02149	0.01856	0.01172	0.01368	0.00977	0.00782	0.00684	0.00195	0.01368	0.00489	0.00391	0.00879
94	0.01432	0.01348	0.02275	0.71520	0.05224	0.01685	0.02107	0.01938	0.01517	0.01938	0.01348	0.02022	0.01011	0.00758	0.00758	0.00253	0.01011	0.00674	0.00337	0.00843
95	0.01414	0.00707	0.00707	0.00707	0.00884	0.00707	0.00530	0.01767	0.01591	0.02828	0.02474	0.02828	0.01944	0.00884	0.00530	0.00177	0.00353	0.00707	0.77554	0.00707
96	0.01067	0.00779	0.01004	0.00958	0.01143	0.00717	0.00726	0.01412	0.02101	0.02939	0.61245	0.05900	0.11491	0.01599	0.00901	0.00244	0.00373	0.03871	0.00820	0.00710
97	0.01159	0.00824	0.01129	0.01281	0.01421	0.00815	0.01060	0.01447	0.01666	0.02186	0.06479	0.18679	0.04463	0.07442	0.01239	0.00367	0.00645	0.46342	0.00687	0.00668
98	0.01887	0.01629	0.01715	0.01544	0.01972	0.01887	0.01201	0.04031	0.67241	0.03173	0.03087	0.02830	0.02315	0.01029	0.00772	0.00257	0.00600	0.00858	0.00772	0.01201
99	0.02883	0.02125	0.02276	0.01745	0.02352	0.02352	0.01442	0.66082	0.03566	0.04780	0.01821	0.01821	0.01290	0.00911	0.00759	0.00228	0.00835	0.00683	0.00759	0.01290
100	0.01432	0.01348	0.02275	0.71520	0.05224	0.01685	0.02107	0.01938	0.01517	0.01938	0.01348	0.02022	0.01011	0.00758	0.00758	0.00253	0.01011	0.00674	0.00337	0.00843
101	0.01573	0.01348	0.01573	0.01123	0.01798	0.01011	0.00899	0.01910	0.01573	0.02472	0.01348	0.01573	0.01123	0.00562	0.00562	0.00112	0.00562	0.00449	0.00449	0.77980
102	0.01432	0.01348	0.02275	0.71520	0.05224	0.01685	0.02107	0.01938	0.01517	0.01938	0.01348	0.02022	0.01011	0.00758	0.00758	0.00253	0.01011	0.00674	0.00337	0.00843
103	0.75295	0.01459	0.01144	0.01013	0.01488	0.01675	0.00835	0.02296	0.01331	0.06377	0.01144	0.01293	0.00869	0.00715	0.00483	0.00235	0.00589	0.00427	0.00491	0.00843
104	0.01074	0.00775	0.01014	0.00954	0.01133	0.00716	0.00716	0.01431	0.02147	0.03042	0.68211	0.05666	0.07157	0.01551	0.00895	0.00239	0.00358	0.01372	0.00835	0.00716
105	0.01877	0.01802	0.03079	0.04656	0.68612	0.01802	0.02328	0.02328	0.01727	0.02478	0.01427	0.01877	0.01201	0.00676	0.00751	0.00225	0.00901	0.00676	0.00375	0.01201
106	0.01486	0.01403	0.02373	0.63400	0.12922	0.01699	0.02133	0.01985	0.01542	0.02004	0.01358	0.02005	0.01034	0.00748	0.00757	0.00249	0.00998	0.00674	0.00342	0.00886
107	0.01456	0.01372	0.02317	0.68040	0.08524	0.01691	0.02118	0.01958	0.01528	0.01966	0.01352	0.02015	0.01021	0.00754	0.00758	0.00251	0.01005	0.00674	0.00339	0.00861
108	0.01318	0.00659	0.00988	0.00988	0.00988	0.00659	0.00659	0.00988	0.00988	0.01318	0.01318	0.02306	0.01318	0.02635	0.02964	0.77931	0.00659	0.00659	0.00329	0.00329
109	0.01432	0.01348	0.02275	0.71520	0.05224	0.01685	0.02107	0.01938	0.01517	0.01938	0.01348	0.02022	0.01011	0.00758	0.00758	0.00253	0.01011	0.00674	0.00337	0.00843
110	0.00943	0.00675	0.00897	0.01043	0.01104	0.00629	0.00706	0.01104	0.01541	0.02077	0.12330	0.64298	0.05289	0.02271	0.00959	0.00299	0.00430	0.02056	0.00721	0.00629
111	0.02883	0.02125	0.02276	0.01745	0.02352	0.02352	0.01442	0.66082	0.03566	0.04780	0.01821	0.01821	0.01290	0.00911	0.00759	0.00228	0.00835	0.00683	0.00759	0.01290
112	0.01432	0.01348	0.02275	0.71520	0.05224	0.01685	0.02107	0.01938	0.01517	0.01938	0.01348	0.02022	0.01011	0.00758	0.00758	0.00253	0.01011	0.00674	0.00337	0.00843
113	0.00896	0.00768	0.00768	0.00768	0.01025	0.00640	0.00576	0.01089	0.01729	0.02049	0.07684	0.07300	0.68304	0.01921	0.00896	0.00256	0.00384	0.01601	0.00704	0.00640
114	0.01074	0.00775	0.01014	0.00954	0.01133	0.00716	0.00716	0.01431	0.02147	0.03042	0.68211	0.05666	0.07157	0.01551	0.00895	0.00239	0.00358	0.01372	0.00835	0.00716
115	0.01103	0.00735	0.00827	0.00827	0.00827	0.00735	0.00460	0.01103	0.01103	0.01471	0.02390	0.04964	0.02758	0.73343	0.03861	0.00735	0.00735	0.01103	0.00460	0.00460
116	0.01432	0.01348	0.02275	0.71520	0.05224	0.01685	0.02107	0.01938	0.01517	0.01938	0.01348	0.02022	0.01011	0.00758	0.00758	0.00253	0.01011	0.00674	0.00337	0.00843
117	0.01734	0.16187	0.02656	0.01852	0.01982	0.02460	0.01587	0.01915	0.01238	0.01817	0.01008	0.01570	0.00991	0.01191	0.02086	0.00298	0.57628	0.00612	0.00330	0.00859
118	0.00924	0.00660	0.00880	0.01056	0.01100	0.00616	0.00704	0.01056	0.01452	0.01936	0.04181	0.72848	0.05017	0.02376	0.00968	0.00308	0.00440	0.02156	0.00704	0.00616
119	0.03376	0.01334	0.01787	0.01370	0.01958	0.01179	0.01132	0.06944	0.02244	0.65787	0.02931	0.02542	0.01847	0.00937	0.00763	0.00234	0.00655	0.00759	0.00929	0.01291
120	0.02028	0.73799	0.03975	0.01298	0.01947	0.03001	0.01298	0.02271	0.01541	0.01785	0.01055	0.01217	0.00973	0.00649	0.00487	0.00162	0.00811	0.00406	0.00324	0.00973
121	0.01659	0.01659	0.02323	0.01991	0.01991	0.02323	0.01659	0.01825	0.01162	0.01825	0.00996	0.01659	0.00996	0.01328	0.02489	0.00332	0.71955	0.00664	0.00332	0.00830
122	0.02840	0.03429	0.02165	0.01928	0.02346	0.61802	0.01463	0.10913	0.02327	0.02222	0.01254	0.01425	0.01016	0.00798	0.00693	0.00199	0.01301	0.00513	0.00437	0.00931
123	0.01790	0.02046	0.04476	0.03197	0.03964	0.01918	0.65857	0.02430	0.01790	0.02430	0.01535	0.02046	0.01151	0.00639	0.00895	0.00256	0.01279	0.00895	0.00384	0.01023
124	0.01199	0.00861	0.01192	0.01360	0.01533	0.00855	0.01179	0.01534	0.01735	0.02249	0.04162	0.10852	0.06831	0.02099	0.01039	0.00344	0.00677	0.58905	0.00699	0.00693
125	0.02883	0.02125	0.02276	0.01745	0.02352	0.02352	0.01442	0.66082	0.03566	0.04780	0.01821	0.01821	0.01290	0.00911	0.00759	0.00228	0.00835	0.00683	0.00759	0.01290
126	0.78701	0.01467	0.01115	0.00997	0.01467	0.01702	0.00821	0.02230	0.01291	0.03403	0.01056	0.01232	0.00821	0.00704	0.00469	0.00235	0.00587	0.00411	0.00469	0.00821
127	0.00921	0.00769	0.00802	0.00794	0.01039	0.00651	0.00595	0.01135	0.01786	0.02185	0.15952	0.07077	0.59951	0.01870	0.00896	0.00254	0.00381	0.01570	0.00722	0.00651
128	0.01407	0.01424	0.02853	0.02236	0.02679	0.01335	0.36248	0.01824	0.01647	0.02217	0.02732	0.31893	0.02885	0.01419	0.00931	0.00281	0.00907	0.03711	0.00529	0.00841
129	0.01432	0.01348	0.02275	0.71520	0.05224	0.01685	0.02107	0.01938	0.01517	0.01938	0.01348	0.02022	0.01011	0.00758	0.00758	0.00253	0.01011	0.00674	0.00337	0.00843
130	0.03342	0.01389	0.01821	0.01396	0.01985	0.01260	0.01153	0.11027	0.02335	0.61575	0.02855	0.02492	0.01809	0.00935	0.00762	0.00234	0.00668	0.00753	0.00918	0.01291
131	0.01334	0.01126	0.01783	0.38766	0.03518	0.01306	0.01693	0.01767	0.01624	0.02093	0.02594	0.05074	0.02578	0.01383	0.00893	0.00298	0.00865	0.30023	0.00506	0.00775
132	0.01318	0.00659	0.00988	0.00988	0.00988	0.00659	0.00659	0.00988	0.00988	0.01318	0.01318	0.02306	0.01318	0.02635	0.02964	0.77931	0.00659	0.00659	0.00329	0.00329

[dist]
# distance from previous block
# <min> <max>
0	0

# created by:
# /st0/software/busco_prod/Augustus/scripts/msa2prfl.pl ./align_prep/126225.fa
