[name]
unknown

[dist]
# distance from previous block
# <min> <max>
0	7

[block]
# block no. 0 follows, 26 sequences, length 64
# corresponding to MSA columns:
# 7-70
name=unknown_A
#
# <colnr> <probs for GDERKNQSTAVLIFYWHMCP>
#	G	D	E	R	K	N	Q	S	T	A	V	L	I	F	Y	W	H	M	C	P
0	0.02539	0.01895	0.02172	0.05483	0.02433	0.04131	0.04235	0.39904	0.10875	0.09249	0.02194	0.02567	0.01685	0.01001	0.00788	0.00243	0.00825	0.05880	0.00719	0.01182
1	0.05336	0.57307	0.03479	0.01361	0.01970	0.10079	0.01282	0.02469	0.01649	0.07397	0.01227	0.01346	0.01042	0.00689	0.00530	0.00175	0.00849	0.00444	0.00388	0.00983
2	0.62477	0.05166	0.01426	0.01209	0.04025	0.01787	0.00949	0.07608	0.01546	0.03389	0.03816	0.01482	0.01136	0.00752	0.00522	0.00230	0.00622	0.00482	0.00498	0.00879
3	0.14043	0.01750	0.04339	0.05803	0.02087	0.04852	0.01230	0.27915	0.04986	0.05504	0.01844	0.02011	0.01378	0.01023	0.03097	0.00256	0.00777	0.00645	0.15432	0.01027
4	0.05912	0.23171	0.02556	0.06739	0.02251	0.06570	0.01349	0.12786	0.03939	0.17734	0.01797	0.02006	0.01374	0.00880	0.00789	0.00222	0.05700	0.02594	0.00571	0.01061
5	0.01087	0.00799	0.01151	0.01151	0.01262	0.00911	0.00863	0.01311	0.01199	0.01710	0.02094	0.03326	0.02047	0.17507	0.58724	0.01135	0.01805	0.00863	0.00416	0.00639
6	0.01103	0.00735	0.00827	0.00827	0.00827	0.00735	0.00460	0.01103	0.01103	0.01471	0.02390	0.04964	0.02758	0.73343	0.03861	0.00735	0.00735	0.01103	0.00460	0.00460
7	0.01613	0.01563	0.02744	0.43059	0.26120	0.01745	0.08054	0.02113	0.01612	0.02162	0.01391	0.01976	0.01087	0.00720	0.00768	0.00244	0.00999	0.00695	0.00354	0.00978
8	0.01420	0.01321	0.02214	0.67475	0.05013	0.01638	0.02056	0.01917	0.01530	0.01957	0.01502	0.02399	0.01205	0.00835	0.00775	0.00258	0.00993	0.04298	0.00358	0.00834
9	0.02285	0.01749	0.01888	0.01571	0.02081	0.01934	0.01254	0.23618	0.38955	0.07953	0.02578	0.02420	0.01892	0.00959	0.00755	0.00238	0.00676	0.00772	0.00760	0.05664
10	0.02700	0.02091	0.02248	0.06138	0.02502	0.04790	0.01481	0.54531	0.06188	0.04312	0.01794	0.01857	0.01297	0.00917	0.00821	0.00233	0.03489	0.00682	0.00704	0.01226
11	0.00993	0.00743	0.01047	0.01114	0.01205	0.00696	0.03637	0.01156	0.01503	0.02013	0.09525	0.55455	0.06690	0.08935	0.01230	0.00339	0.00497	0.01915	0.00678	0.00629
12	0.01227	0.00765	0.00877	0.00855	0.00887	0.00756	0.00495	0.01243	0.01160	0.05110	0.02422	0.04836	0.02710	0.69449	0.03694	0.00708	0.00731	0.01085	0.00485	0.00504
13	0.01318	0.00659	0.00988	0.00988	0.00988	0.00659	0.00659	0.00988	0.00988	0.01318	0.01318	0.02306	0.01318	0.02635	0.02964	0.77931	0.00659	0.00659	0.00329	0.00329
14	0.01086	0.00855	0.01010	0.01067	0.01292	0.00803	0.00866	0.01457	0.05529	0.02247	0.09201	0.09226	0.35464	0.01928	0.00948	0.00292	0.00515	0.24804	0.00713	0.00698
15	0.01252	0.00903	0.01094	0.01040	0.01263	0.00871	0.00779	0.04211	0.07715	0.05241	0.37887	0.16314	0.15215	0.01647	0.00886	0.00254	0.00426	0.01439	0.00789	0.00775
16	0.02057	0.01517	0.01677	0.01445	0.01859	0.01666	0.01131	0.17036	0.33537	0.09166	0.10369	0.07040	0.02786	0.04064	0.00919	0.00269	0.00624	0.00955	0.00774	0.01108
17	0.01176	0.00797	0.01017	0.00960	0.01164	0.00723	0.00720	0.01495	0.02052	0.06659	0.52741	0.09918	0.14481	0.01614	0.00892	0.00245	0.00383	0.01415	0.00816	0.00733
18	0.02097	0.01664	0.01783	0.01529	0.01986	0.01871	0.01209	0.18900	0.44012	0.05479	0.06675	0.02879	0.04375	0.01055	0.00779	0.00248	0.00638	0.00865	0.00775	0.01180
19	0.00982	0.00698	0.00907	0.01004	0.01076	0.00655	0.00678	0.01155	0.01585	0.02157	0.19945	0.48131	0.05286	0.10488	0.01289	0.00341	0.00454	0.01837	0.00708	0.00623
20	0.18749	0.01683	0.01811	0.01430	0.01967	0.01790	0.01168	0.32199	0.02573	0.21637	0.02010	0.02084	0.01435	0.05053	0.00878	0.00260	0.00726	0.00672	0.00730	0.01144
21	0.01079	0.00776	0.01020	0.01096	0.01233	0.00740	0.00844	0.01343	0.01750	0.02357	0.24314	0.21814	0.08943	0.07998	0.01211	0.00332	0.00518	0.21247	0.00723	0.00662
22	0.58510	0.01492	0.01288	0.01104	0.01586	0.01671	0.00906	0.10277	0.01671	0.08550	0.01718	0.01791	0.05203	0.00825	0.00555	0.00235	0.00610	0.00547	0.00557	0.00905
23	0.01141	0.00868	0.01211	0.01182	0.01268	0.01014	0.00879	0.01328	0.01182	0.01687	0.02036	0.03402	0.02050	0.23753	0.46098	0.01007	0.07968	0.00878	0.00414	0.00632
24	0.01089	0.00754	0.00943	0.00951	0.00993	0.00791	0.00612	0.01173	0.01154	0.01577	0.02375	0.07748	0.02621	0.50356	0.22858	0.00853	0.01094	0.01072	0.00456	0.00530
25	0.02250	0.01654	0.01804	0.01545	0.02023	0.01844	0.01224	0.13094	0.48571	0.12857	0.02888	0.02646	0.02102	0.00999	0.00769	0.00250	0.00641	0.00818	0.00794	0.01227
26	0.01314	0.00684	0.00863	0.00871	0.00939	0.00682	0.00593	0.01291	0.01244	0.01920	0.01983	0.05969	0.01861	0.09047	0.02063	0.37917	0.00544	0.00789	0.28932	0.00495
27	0.01877	0.01293	0.01473	0.01330	0.01711	0.01365	0.01048	0.03075	0.34237	0.14760	0.08377	0.06516	0.12114	0.01307	0.00825	0.00261	0.00563	0.06036	0.00789	0.01044
28	0.01074	0.00775	0.01014	0.00954	0.01133	0.00716	0.00716	0.01431	0.02147	0.03042	0.68211	0.05666	0.07157	0.01551	0.00895	0.00239	0.00358	0.01372	0.00835	0.00716
29	0.01102	0.00738	0.00843	0.00843	0.00848	0.00744	0.00479	0.01113	0.01108	0.01482	0.02376	0.04884	0.02723	0.70641	0.06515	0.00755	0.00787	0.01091	0.00457	0.00468
30	0.02247	0.04156	0.01457	0.01163	0.01458	0.00963	0.00892	0.02258	0.01589	0.31380	0.04238	0.05241	0.01876	0.01754	0.01740	0.34736	0.00642	0.00774	0.00629	0.00806
31	0.01573	0.01348	0.01573	0.01123	0.01798	0.01011	0.00899	0.01910	0.01573	0.02472	0.01348	0.01573	0.01123	0.00562	0.00562	0.00112	0.00562	0.00449	0.00449	0.77980
32	0.01733	0.17497	0.34678	0.07891	0.03182	0.05736	0.11964	0.02355	0.01625	0.02193	0.01301	0.01616	0.00999	0.00721	0.00763	0.00229	0.03561	0.00589	0.00336	0.01030
33	0.01784	0.07562	0.02838	0.02610	0.18964	0.01661	0.18582	0.02264	0.04421	0.07898	0.09065	0.05390	0.07405	0.00990	0.00904	0.00243	0.04970	0.00926	0.00519	0.01004
34	0.00994	0.00766	0.00897	0.00875	0.01074	0.00681	0.00646	0.01258	0.01901	0.02515	0.37435	0.08964	0.32754	0.04649	0.01018	0.00269	0.00388	0.01489	0.00759	0.00670
35	0.01573	0.01348	0.01573	0.01123	0.01798	0.01011	0.00899	0.01910	0.01573	0.02472	0.01348	0.01573	0.01123	0.00562	0.00562	0.00112	0.00562	0.00449	0.00449	0.77980
36	0.01084	0.00775	0.01049	0.01057	0.01135	0.00849	0.00744	0.01242	0.01183	0.01654	0.02268	0.06835	0.02374	0.32313	0.40984	0.00988	0.01449	0.00987	0.00441	0.00588
37	0.08297	0.34643	0.18587	0.03945	0.02630	0.02304	0.11773	0.02384	0.01604	0.05573	0.01307	0.01530	0.01033	0.00686	0.00625	0.00207	0.00935	0.00545	0.00376	0.01014
38	0.01866	0.01626	0.02144	0.08252	0.07115	0.05505	0.07907	0.18796	0.02074	0.02789	0.02182	0.11459	0.04396	0.01564	0.07440	0.00343	0.08631	0.00932	0.04034	0.00946
39	0.00939	0.00671	0.00897	0.01073	0.01124	0.00629	0.00730	0.01082	0.01467	0.01953	0.04172	0.69596	0.04984	0.02362	0.00972	0.00310	0.00453	0.05259	0.00704	0.00620
40	0.78701	0.01467	0.01115	0.00997	0.01467	0.01702	0.00821	0.02230	0.01291	0.03403	0.01056	0.01232	0.00821	0.00704	0.00469	0.00235	0.00587	0.00411	0.00469	0.00821
41	0.04437	0.01312	0.01518	0.01131	0.01741	0.01047	0.00899	0.02012	0.04179	0.04629	0.05522	0.03530	0.01633	0.00698	0.00602	0.00138	0.00552	0.00568	0.00507	0.63347
42	0.01027	0.00713	0.00890	0.00961	0.00997	0.00705	0.00612	0.01117	0.01291	0.01739	0.05189	0.32793	0.03751	0.35718	0.08554	0.00587	0.00718	0.01520	0.00568	0.00552
43	0.78701	0.01467	0.01115	0.00997	0.01467	0.01702	0.00821	0.02230	0.01291	0.03403	0.01056	0.01232	0.00821	0.00704	0.00469	0.00235	0.00587	0.00411	0.00469	0.00821
44	0.02598	0.01751	0.01978	0.01604	0.02115	0.01924	0.01301	0.28204	0.24429	0.18183	0.02457	0.02316	0.01746	0.00979	0.00857	0.00245	0.04540	0.00758	0.00780	0.01235
45	0.01049	0.00715	0.00853	0.00902	0.00924	0.00699	0.00546	0.01107	0.01262	0.01693	0.06459	0.25070	0.03662	0.48502	0.02846	0.00582	0.00628	0.01429	0.00552	0.00520
46	0.02076	0.01352	0.01457	0.01238	0.01614	0.01457	0.00975	0.20290	0.16465	0.08888	0.02465	0.02636	0.01879	0.04592	0.00834	0.00242	0.00585	0.00758	0.29186	0.01013
47	0.01760	0.01738	0.02765	0.26100	0.36117	0.04981	0.05362	0.02258	0.03450	0.02254	0.01417	0.01924	0.01146	0.00751	0.00852	0.00241	0.04791	0.00682	0.00373	0.01040
48	0.01413	0.01312	0.01699	0.01560	0.01660	0.05832	0.01252	0.01640	0.01256	0.01791	0.01582	0.02374	0.01495	0.03715	0.40053	0.00816	0.28689	0.00735	0.00377	0.00748
49	0.00965	0.00684	0.00902	0.01060	0.01110	0.00648	0.00720	0.01101	0.01440	0.01916	0.03990	0.61063	0.04741	0.09416	0.01262	0.00354	0.00490	0.06851	0.00679	0.00607
50	0.01304	0.00822	0.01083	0.01000	0.01213	0.00751	0.00756	0.01644	0.02115	0.09724	0.58398	0.08672	0.06513	0.01529	0.00885	0.00242	0.00391	0.01348	0.00839	0.00769
51	0.01910	0.40642	0.12004	0.01848	0.08170	0.08695	0.04402	0.02271	0.01598	0.01960	0.01266	0.01568	0.01100	0.01218	0.08140	0.00300	0.01064	0.00523	0.00346	0.00975
52	0.02315	0.03106	0.11182	0.02045	0.02514	0.43119	0.07863	0.02648	0.01881	0.01973	0.01288	0.01622	0.01069	0.01209	0.06581	0.00303	0.07422	0.00579	0.00377	0.00904
53	0.01464	0.01372	0.01948	0.01729	0.01775	0.01856	0.01418	0.01666	0.01181	0.01803	0.01347	0.02108	0.01301	0.02808	0.25524	0.00633	0.48215	0.00714	0.00357	0.00778
54	0.04063	0.01202	0.01582	0.01319	0.01696	0.01211	0.01058	0.04919	0.01684	0.25198	0.02149	0.02521	0.01683	0.05993	0.21803	0.00545	0.07842	0.00728	0.00607	0.12197
55	0.22388	0.16391	0.04246	0.01361	0.01947	0.02046	0.01190	0.18489	0.08381	0.04974	0.01543	0.01623	0.01186	0.00765	0.00602	0.00205	0.00711	0.00540	0.00547	0.10865
56	0.01078	0.00747	0.00944	0.00976	0.01122	0.00680	0.00695	0.01303	0.01764	0.04966	0.28032	0.32609	0.15493	0.04731	0.01035	0.00288	0.00421	0.01687	0.00752	0.00677
57	0.01102	0.00787	0.01082	0.01249	0.01373	0.00768	0.01003	0.01367	0.01647	0.02170	0.06457	0.33293	0.04720	0.02184	0.01011	0.00329	0.00586	0.37498	0.00706	0.00667
58	0.01144	0.00905	0.01333	0.01302	0.01418	0.01094	0.01021	0.01396	0.01223	0.01776	0.02005	0.05896	0.01928	0.05033	0.59351	0.01075	0.10142	0.00854	0.00411	0.00692
59	0.01674	0.01542	0.02549	0.03653	0.48760	0.01587	0.01930	0.02145	0.04167	0.02321	0.01647	0.02197	0.01423	0.01974	0.18586	0.00481	0.01179	0.00718	0.00399	0.01067
60	0.74871	0.01438	0.01120	0.01017	0.01472	0.01661	0.00841	0.02197	0.01313	0.03347	0.01202	0.01594	0.00997	0.00773	0.00498	0.00240	0.00592	0.03530	0.00481	0.00815
61	0.01312	0.00672	0.01003	0.01014	0.01025	0.00672	0.00694	0.01025	0.01036	0.01377	0.01487	0.02698	0.01509	0.02601	0.02844	0.73056	0.00661	0.04609	0.00353	0.00353
62	0.01398	0.00757	0.01056	0.01022	0.01061	0.00772	0.00691	0.05089	0.01160	0.01548	0.01438	0.02496	0.01435	0.08402	0.02900	0.66633	0.00676	0.00697	0.00367	0.00401
63	0.02454	0.01048	0.01406	0.01211	0.01587	0.00927	0.00936	0.02685	0.01877	0.42716	0.03317	0.24619	0.02900	0.04747	0.00963	0.00279	0.00575	0.01211	0.03520	0.01021

[dist]
# distance from previous block
# <min> <max>
0	19

[block]
# block no. 1 follows, 26 sequences, length 11
# corresponding to MSA columns:
# 90-100
name=unknown_B
#
# <colnr> <probs for GDERKNQSTAVLIFYWHMCP>
#	G	D	E	R	K	N	Q	S	T	A	V	L	I	F	Y	W	H	M	C	P
0	0.02389	0.01166	0.01494	0.01284	0.01689	0.01106	0.01005	0.02977	0.13407	0.37029	0.09042	0.18273	0.03108	0.01323	0.00821	0.00255	0.00567	0.01138	0.00849	0.01076
1	0.01250	0.00678	0.00946	0.00956	0.00974	0.00672	0.00629	0.01061	0.01114	0.01520	0.04725	0.07782	0.02082	0.13362	0.02776	0.54161	0.00630	0.00865	0.03418	0.00401
2	0.02348	0.01098	0.01460	0.01236	0.01634	0.00997	0.00997	0.05238	0.02142	0.36856	0.22531	0.07883	0.03831	0.01307	0.00840	0.00250	0.00561	0.06898	0.00865	0.01027
3	0.00958	0.00747	0.00869	0.00889	0.01075	0.00659	0.00648	0.01188	0.01799	0.02334	0.25808	0.21133	0.35372	0.01905	0.00912	0.00262	0.00388	0.01651	0.00745	0.00659
4	0.01927	0.01761	0.02313	0.01938	0.02070	0.02330	0.01612	0.15886	0.01688	0.02472	0.01176	0.01695	0.01060	0.01236	0.02111	0.00309	0.56393	0.00668	0.00425	0.00930
5	0.01416	0.01004	0.01196	0.01135	0.01374	0.01019	0.00843	0.02145	0.18378	0.07645	0.26903	0.18105	0.08187	0.05875	0.01047	0.00288	0.00481	0.01348	0.00771	0.00842
6	0.06451	0.01079	0.01215	0.01036	0.01342	0.01022	0.00758	0.07798	0.01698	0.06151	0.10550	0.06522	0.02689	0.23979	0.01692	0.00366	0.00602	0.00908	0.06512	0.17629
7	0.01599	0.03459	0.54898	0.02708	0.17578	0.01770	0.02699	0.02386	0.01629	0.02419	0.01376	0.01662	0.01013	0.00711	0.00727	0.00237	0.01073	0.00586	0.00332	0.01139
8	0.02861	0.01153	0.01568	0.01285	0.01753	0.01006	0.01025	0.03119	0.02014	0.54433	0.03252	0.17957	0.02564	0.01253	0.00808	0.00251	0.00600	0.01068	0.00887	0.01143
9	0.03131	0.00729	0.00897	0.00988	0.01078	0.00702	0.00680	0.01187	0.01453	0.02003	0.07102	0.38891	0.10270	0.14213	0.03441	0.02641	0.00546	0.05051	0.04392	0.00605
10	0.01115	0.00799	0.01001	0.00975	0.01161	0.00769	0.00731	0.01361	0.01681	0.04612	0.23169	0.05445	0.23351	0.10592	0.17180	0.00528	0.00814	0.03387	0.00655	0.00676

[dist]
# distance from previous block
# <min> <max>
0	16

[block]
# block no. 2 follows, 26 sequences, length 13
# corresponding to MSA columns:
# 117-129
name=unknown_C
#
# <colnr> <probs for GDERKNQSTAVLIFYWHMCP>
#	G	D	E	R	K	N	Q	S	T	A	V	L	I	F	Y	W	H	M	C	P
0	0.07365	0.01563	0.01952	0.01548	0.02013	0.01672	0.01281	0.17237	0.02228	0.37193	0.02211	0.02145	0.01505	0.00997	0.01094	0.00253	0.15122	0.00704	0.00748	0.01170
1	0.01065	0.00864	0.01274	0.04208	0.01568	0.00829	0.05978	0.01313	0.01593	0.02078	0.06953	0.35246	0.17166	0.02199	0.04993	0.00347	0.00645	0.10347	0.00650	0.00682
2	0.01601	0.01485	0.02482	0.16519	0.43006	0.01540	0.01957	0.01997	0.01632	0.02267	0.01969	0.16273	0.01938	0.01036	0.00796	0.00247	0.00828	0.00975	0.00435	0.01015
3	0.01068	0.00779	0.01019	0.01065	0.01227	0.00731	0.00827	0.01368	0.01886	0.02560	0.35082	0.18091	0.12120	0.01866	0.00946	0.00280	0.00460	0.17173	0.00765	0.00687
4	0.01414	0.00707	0.00707	0.00707	0.00884	0.00707	0.00530	0.01767	0.01591	0.02828	0.02474	0.02828	0.01944	0.00884	0.00530	0.00177	0.00353	0.00707	0.77554	0.00707
5	0.06814	0.01803	0.02126	0.11210	0.02533	0.02121	0.01487	0.36813	0.02551	0.03599	0.01583	0.01840	0.01203	0.00960	0.01079	0.00250	0.15215	0.00663	0.05077	0.01074
6	0.02130	0.34648	0.06521	0.02337	0.18990	0.14244	0.01672	0.02447	0.01699	0.04011	0.01240	0.01489	0.01059	0.00720	0.00694	0.00197	0.03992	0.00518	0.00367	0.01025
7	0.01860	0.01852	0.03362	0.04360	0.55523	0.01826	0.15190	0.02348	0.01740	0.02468	0.01449	0.01911	0.01191	0.00668	0.00780	0.00231	0.00978	0.00720	0.00377	0.01165
8	0.63178	0.16111	0.01694	0.01058	0.01564	0.01965	0.00918	0.02238	0.01342	0.03075	0.01056	0.01229	0.00852	0.00693	0.00473	0.00220	0.00632	0.00410	0.00440	0.00852
9	0.00936	0.00748	0.00839	0.00863	0.01061	0.00650	0.00629	0.01149	0.01754	0.02219	0.18725	0.20254	0.43620	0.01941	0.00911	0.00263	0.00390	0.01669	0.00730	0.00650
10	0.01953	0.22546	0.02355	0.01519	0.04493	0.11910	0.01210	0.10076	0.10795	0.02420	0.02835	0.02918	0.14889	0.03218	0.00858	0.00233	0.03494	0.00796	0.00531	0.00950
11	0.07705	0.07271	0.02258	0.01712	0.02218	0.16791	0.01401	0.38169	0.02775	0.03605	0.01603	0.01854	0.01253	0.00914	0.00815	0.00227	0.05074	0.02648	0.00604	0.01103
12	0.04969	0.01353	0.01632	0.01334	0.01813	0.01265	0.03645	0.10911	0.08084	0.02758	0.02188	0.12967	0.02071	0.01128	0.00810	0.03288	0.00629	0.05266	0.00573	0.33316

[dist]
# distance from previous block
# <min> <max>
0	1

[block]
# block no. 3 follows, 26 sequences, length 10
# corresponding to MSA columns:
# 131-140
name=unknown_D
#
# <colnr> <probs for GDERKNQSTAVLIFYWHMCP>
#	G	D	E	R	K	N	Q	S	T	A	V	L	I	F	Y	W	H	M	C	P
0	0.01951	0.01197	0.01359	0.01175	0.01585	0.01169	0.00927	0.05350	0.18816	0.21580	0.04913	0.04570	0.29516	0.01368	0.00820	0.00249	0.00533	0.01131	0.00791	0.00998
1	0.01527	0.01351	0.02022	0.47161	0.04020	0.01493	0.01694	0.04524	0.01618	0.02232	0.01417	0.01932	0.01093	0.00719	0.00697	0.00212	0.00857	0.00617	0.03804	0.21008
2	0.01198	0.00841	0.00991	0.07134	0.01406	0.00838	0.00747	0.04208	0.01619	0.02256	0.05903	0.16607	0.19996	0.13472	0.01297	0.00324	0.00520	0.01276	0.18697	0.00671
3	0.01024	0.00799	0.01225	0.01272	0.01390	0.00751	0.06518	0.01217	0.01505	0.02005	0.03934	0.61677	0.04624	0.02201	0.00968	0.00307	0.00534	0.06716	0.00675	0.00658
4	0.01215	0.00659	0.00960	0.01006	0.01017	0.00648	0.00671	0.01006	0.01109	0.01479	0.02066	0.20736	0.02284	0.02567	0.02443	0.57651	0.00602	0.01050	0.00427	0.00404
5	0.01204	0.00897	0.01215	0.19302	0.02006	0.00980	0.00917	0.01387	0.01331	0.01808	0.07957	0.04138	0.02646	0.43979	0.02602	0.00534	0.00753	0.00993	0.04755	0.00596
6	0.03608	0.00827	0.00923	0.00874	0.01039	0.00812	0.00615	0.03731	0.01660	0.04463	0.18688	0.04486	0.09184	0.24018	0.01715	0.00380	0.00510	0.01062	0.20739	0.00666
7	0.01557	0.01712	0.03507	0.02562	0.03196	0.01584	0.48801	0.02079	0.01774	0.02330	0.03141	0.03419	0.18696	0.00974	0.00895	0.00256	0.01045	0.01080	0.00467	0.00923
8	0.01827	0.01637	0.01874	0.01661	0.01977	0.02001	0.01320	0.03454	0.49977	0.02821	0.02541	0.02524	0.01971	0.01107	0.01221	0.00277	0.19243	0.00807	0.00657	0.01104
9	0.01039	0.00745	0.00833	0.00834	0.00922	0.00704	0.00527	0.01131	0.01389	0.01804	0.10678	0.08440	0.20432	0.44312	0.02659	0.00541	0.00592	0.01304	0.00573	0.00540

[dist]
# distance from previous block
# <min> <max>
4	6

[block]
# block no. 4 follows, 26 sequences, length 8
# corresponding to MSA columns:
# 148-155
name=unknown_E
#
# <colnr> <probs for GDERKNQSTAVLIFYWHMCP>
#	G	D	E	R	K	N	Q	S	T	A	V	L	I	F	Y	W	H	M	C	P
0	0.02774	0.01414	0.02060	0.02225	0.19949	0.01318	0.01409	0.03187	0.05333	0.43619	0.02537	0.02546	0.01770	0.05208	0.00946	0.00263	0.00718	0.00764	0.00749	0.01212
1	0.02514	0.02612	0.20479	0.01858	0.02605	0.02192	0.01811	0.48817	0.03034	0.04136	0.01696	0.01762	0.01201	0.00859	0.00748	0.00231	0.00912	0.00650	0.00640	0.01244
2	0.00965	0.00691	0.00916	0.01029	0.01109	0.00643	0.00707	0.01158	0.01641	0.02236	0.21541	0.54633	0.05597	0.02152	0.00948	0.00289	0.00418	0.01944	0.00740	0.00643
3	0.49042	0.02128	0.01535	0.01346	0.01811	0.20378	0.01070	0.10101	0.01796	0.03149	0.01179	0.01340	0.00920	0.00750	0.00562	0.00223	0.00828	0.00464	0.00483	0.00893
4	0.00989	0.00733	0.00931	0.01073	0.01156	0.00705	0.00731	0.01263	0.06005	0.02028	0.04308	0.64222	0.08497	0.02257	0.00950	0.00302	0.00448	0.02035	0.00709	0.00658
5	0.00924	0.00660	0.00880	0.01056	0.01100	0.00616	0.00704	0.01056	0.01452	0.01936	0.04181	0.72848	0.05017	0.02376	0.00968	0.00308	0.00440	0.02156	0.00704	0.00616
6	0.01618	0.00870	0.01126	0.01089	0.01336	0.00776	0.00815	0.01836	0.01776	0.20298	0.10748	0.32909	0.15581	0.01813	0.00896	0.00274	0.00489	0.04151	0.00780	0.00817
7	0.01672	0.01522	0.02526	0.07882	0.46539	0.01543	0.02014	0.02099	0.01719	0.02388	0.02124	0.03697	0.02048	0.01066	0.00832	0.00261	0.00853	0.17711	0.00461	0.01043

[dist]
# distance from previous block
# <min> <max>
0	6

[block]
# block no. 5 follows, 26 sequences, length 9
# corresponding to MSA columns:
# 162-170
name=unknown_F
#
# <colnr> <probs for GDERKNQSTAVLIFYWHMCP>
#	G	D	E	R	K	N	Q	S	T	A	V	L	I	F	Y	W	H	M	C	P
0	0.11645	0.00894	0.01168	0.01152	0.01320	0.01031	0.00885	0.01450	0.01218	0.01957	0.01933	0.02929	0.01831	0.11388	0.54566	0.01040	0.01713	0.00785	0.00420	0.00676
1	0.01970	0.23654	0.12214	0.06332	0.28566	0.10629	0.01969	0.02388	0.01697	0.02158	0.01272	0.01588	0.01064	0.00691	0.00660	0.00206	0.00968	0.00557	0.00353	0.01065
2	0.01691	0.01370	0.01784	0.04755	0.11012	0.01134	0.01151	0.02037	0.01623	0.06688	0.01615	0.05489	0.01384	0.00707	0.00631	0.00152	0.00627	0.00601	0.00479	0.55071
3	0.06858	0.27417	0.16020	0.02535	0.22475	0.02176	0.04195	0.02392	0.01636	0.05822	0.01347	0.01595	0.01085	0.00689	0.00640	0.00208	0.00892	0.00554	0.00383	0.01080
4	0.11026	0.01437	0.02101	0.43842	0.03892	0.01767	0.01776	0.04575	0.01565	0.07576	0.01408	0.01907	0.01066	0.00861	0.00994	0.00261	0.11991	0.00648	0.00417	0.00891
5	0.01727	0.01683	0.01976	0.28588	0.03206	0.10835	0.01514	0.05062	0.01689	0.02220	0.01456	0.05117	0.01244	0.00824	0.00819	0.00208	0.05876	0.00649	0.00416	0.24892
6	0.01925	0.01915	0.11519	0.02953	0.32026	0.01611	0.01877	0.06747	0.03960	0.08791	0.01842	0.07563	0.01564	0.00879	0.00804	0.00227	0.03171	0.00768	0.00492	0.09367
7	0.01773	0.01763	0.03160	0.15423	0.41892	0.01836	0.14148	0.02251	0.01670	0.02339	0.01408	0.01920	0.01148	0.00722	0.00883	0.00242	0.05252	0.00716	0.00368	0.01086
8	0.01642	0.01678	0.02845	0.24956	0.08426	0.03806	0.18727	0.02077	0.01534	0.02098	0.01348	0.01937	0.01099	0.01042	0.04035	0.00301	0.16801	0.00720	0.00361	0.04566

[dist]
# distance from previous block
# <min> <max>
0	11

# created by:
# /st0/software/busco_prod/Augustus/scripts/msa2prfl.pl ./align_prep/126340.fa
