[name]
unknown

[dist]
# distance from previous block
# <min> <max>
0	0

[block]
# block no. 0 follows, 21 sequences, length 119
# corresponding to MSA columns:
# 0-118
name=unknown_A
#
# <colnr> <probs for GDERKNQSTAVLIFYWHMCP>
#	G	D	E	R	K	N	Q	S	T	A	V	L	I	F	Y	W	H	M	C	P
0	0.01371	0.00980	0.01371	0.01567	0.01763	0.00980	0.01371	0.01763	0.01959	0.02547	0.04506	0.09599	0.04898	0.02351	0.01175	0.00392	0.00784	0.59056	0.00784	0.00784
1	0.76103	0.01646	0.01251	0.01119	0.01646	0.01909	0.00922	0.02502	0.01448	0.03818	0.01185	0.01382	0.00922	0.00790	0.00527	0.00263	0.00658	0.00461	0.00527	0.00922
2	0.01346	0.00857	0.00974	0.00952	0.01000	0.00839	0.00558	0.01374	0.01334	0.04691	0.03055	0.05594	0.06580	0.62925	0.03976	0.00768	0.00798	0.01252	0.00557	0.00571
3	0.01190	0.00868	0.01070	0.01167	0.01292	0.00827	0.00817	0.04178	0.01804	0.02371	0.07814	0.43730	0.13528	0.09833	0.01421	0.00385	0.00556	0.05657	0.00770	0.00724
4	0.01162	0.00831	0.01129	0.01310	0.01419	0.00797	0.00992	0.01409	0.01788	0.02373	0.08062	0.45197	0.05514	0.02504	0.01112	0.00357	0.00589	0.21930	0.00796	0.00730
5	0.03235	0.02384	0.02554	0.01958	0.02639	0.02639	0.01618	0.61946	0.04001	0.05363	0.02043	0.02043	0.01447	0.01022	0.00851	0.00255	0.00936	0.00766	0.00851	0.01447
6	0.02107	0.02011	0.03366	0.05022	0.61180	0.02027	0.02539	0.02722	0.05469	0.02825	0.01708	0.02168	0.01420	0.00781	0.00844	0.00255	0.00992	0.00770	0.00447	0.01348
7	0.06663	0.02180	0.02343	0.01830	0.02463	0.02394	0.01502	0.49283	0.06989	0.08275	0.05738	0.02368	0.01900	0.01061	0.00845	0.00259	0.00866	0.00811	0.00852	0.01379
8	0.01345	0.00961	0.01339	0.01522	0.01710	0.00955	0.01312	0.01723	0.01962	0.02568	0.07396	0.12770	0.05089	0.02339	0.01162	0.00383	0.00749	0.53143	0.00791	0.00779
9	0.02172	0.56530	0.13959	0.01726	0.02543	0.03084	0.05100	0.02581	0.01755	0.02150	0.01267	0.01484	0.01101	0.00740	0.00612	0.00201	0.00993	0.00513	0.00367	0.01121
10	0.02865	0.05120	0.03575	0.02520	0.03280	0.01789	0.30677	0.03380	0.02195	0.31897	0.02459	0.02532	0.01662	0.00874	0.00913	0.00271	0.01079	0.00909	0.00718	0.01285
11	0.03188	0.03795	0.02434	0.02156	0.02632	0.56688	0.01640	0.12530	0.02660	0.02594	0.01429	0.01614	0.01151	0.00900	0.00780	0.00225	0.01441	0.00582	0.00503	0.01058
12	0.01181	0.00817	0.01024	0.01134	0.01186	0.00798	0.00764	0.01303	0.01510	0.02002	0.03770	0.31329	0.04385	0.32498	0.02539	0.00566	0.00688	0.11210	0.00667	0.00629
13	0.02047	0.02043	0.03666	0.07938	0.41773	0.02074	0.16422	0.02684	0.04867	0.02742	0.01694	0.02201	0.01374	0.00803	0.00963	0.00269	0.03913	0.00825	0.00440	0.01262
14	0.02048	0.01980	0.03429	0.11892	0.55715	0.02014	0.05273	0.02570	0.01916	0.02713	0.01597	0.02132	0.01322	0.00766	0.00851	0.00258	0.01044	0.00769	0.00417	0.01296
15	0.02009	0.02296	0.05022	0.03587	0.04448	0.02152	0.61693	0.02726	0.02009	0.02726	0.01722	0.02296	0.01291	0.00717	0.01004	0.00287	0.01435	0.01004	0.00430	0.01148
16	0.02009	0.02296	0.05022	0.03587	0.04448	0.02152	0.61693	0.02726	0.02009	0.02726	0.01722	0.02296	0.01291	0.00717	0.01004	0.00287	0.01435	0.01004	0.00430	0.01148
17	0.01707	0.04402	0.65683	0.02426	0.03683	0.01976	0.03144	0.02695	0.01797	0.02695	0.01527	0.01797	0.01078	0.00809	0.00809	0.00270	0.01258	0.00629	0.00359	0.01258
18	0.01238	0.00825	0.00928	0.00928	0.00928	0.00825	0.00516	0.01238	0.01238	0.01650	0.02681	0.05569	0.03094	0.70092	0.04331	0.00825	0.00825	0.01238	0.00516	0.00516
19	0.01371	0.00980	0.01371	0.01567	0.01763	0.00980	0.01371	0.01763	0.01959	0.02547	0.04506	0.09599	0.04898	0.02351	0.01175	0.00392	0.00784	0.59056	0.00784	0.00784
20	0.01037	0.00741	0.00987	0.01185	0.01234	0.00691	0.00790	0.01185	0.01629	0.02172	0.04690	0.69537	0.05629	0.02666	0.01086	0.00346	0.00494	0.02419	0.00790	0.00691
21	0.01670	0.01606	0.02110	0.01922	0.01961	0.04497	0.01545	0.01857	0.01464	0.02106	0.02236	0.20237	0.02496	0.01820	0.02184	0.00360	0.44630	0.03932	0.00506	0.00862
22	0.03179	0.04056	0.02412	0.02192	0.02631	0.66676	0.01644	0.03398	0.02412	0.02083	0.01315	0.01535	0.01096	0.00877	0.00767	0.00219	0.01535	0.00548	0.00438	0.00987
23	0.07309	0.01935	0.02215	0.01721	0.02373	0.02009	0.01417	0.32171	0.06559	0.29441	0.02608	0.02416	0.01750	0.01029	0.00837	0.00261	0.00821	0.00797	0.00916	0.01414
24	0.01607	0.01513	0.02552	0.68047	0.05861	0.01891	0.02363	0.02174	0.01702	0.02174	0.01513	0.02269	0.01134	0.00851	0.00851	0.00284	0.01134	0.00756	0.00378	0.00945
25	0.01044	0.00754	0.00988	0.01160	0.01231	0.00699	0.00782	0.01209	0.01689	0.02246	0.08098	0.62634	0.09144	0.02587	0.01077	0.00338	0.00485	0.02336	0.00798	0.00699
26	0.02009	0.02296	0.05022	0.03587	0.04448	0.02152	0.61693	0.02726	0.02009	0.02726	0.01722	0.02296	0.01291	0.00717	0.01004	0.00287	0.01435	0.01004	0.00430	0.01148
27	0.01190	0.00850	0.01163	0.01360	0.01476	0.00823	0.01056	0.01450	0.01780	0.02344	0.04606	0.42111	0.05294	0.02522	0.01127	0.00367	0.00626	0.28335	0.00787	0.00734
28	0.01707	0.04402	0.65683	0.02426	0.03683	0.01976	0.03144	0.02695	0.01797	0.02695	0.01527	0.01797	0.01078	0.00809	0.00809	0.00270	0.01258	0.00629	0.00359	0.01258
29	0.01607	0.01513	0.02552	0.68047	0.05861	0.01891	0.02363	0.02174	0.01702	0.02174	0.01513	0.02269	0.01134	0.00851	0.00851	0.00284	0.01134	0.00756	0.00378	0.00945
30	0.02009	0.02296	0.05022	0.03587	0.04448	0.02152	0.61693	0.02726	0.02009	0.02726	0.01722	0.02296	0.01291	0.00717	0.01004	0.00287	0.01435	0.01004	0.00430	0.01148
31	0.01059	0.00865	0.00945	0.00992	0.01242	0.00751	0.00761	0.01292	0.01910	0.02320	0.07645	0.14839	0.50109	0.02236	0.01037	0.00308	0.00486	0.09691	0.00789	0.00724
32	0.01211	0.00802	0.01077	0.01231	0.01330	0.00750	0.00866	0.01401	0.01732	0.05360	0.07127	0.58165	0.05491	0.02519	0.01080	0.00342	0.00527	0.07440	0.00809	0.00741
33	0.01371	0.00980	0.01371	0.01567	0.01763	0.00980	0.01371	0.01763	0.01959	0.02547	0.04506	0.09599	0.04898	0.02351	0.01175	0.00392	0.00784	0.59056	0.00784	0.00784
34	0.02009	0.02296	0.05022	0.03587	0.04448	0.02152	0.61693	0.02726	0.02009	0.02726	0.01722	0.02296	0.01291	0.00717	0.01004	0.00287	0.01435	0.01004	0.00430	0.01148
35	0.03179	0.04056	0.02412	0.02192	0.02631	0.66676	0.01644	0.03398	0.02412	0.02083	0.01315	0.01535	0.01096	0.00877	0.00767	0.00219	0.01535	0.00548	0.00438	0.00987
36	0.01975	0.02529	0.11750	0.03458	0.04363	0.02133	0.55199	0.02723	0.01985	0.02723	0.01700	0.02240	0.01268	0.00727	0.00983	0.00285	0.01415	0.00963	0.00423	0.01160
37	0.01371	0.00980	0.01371	0.01567	0.01763	0.00980	0.01371	0.01763	0.01959	0.02547	0.04506	0.09599	0.04898	0.02351	0.01175	0.00392	0.00784	0.59056	0.00784	0.00784
38	0.01575	0.01469	0.02465	0.64292	0.05601	0.01823	0.02275	0.02119	0.01698	0.02174	0.01691	0.06047	0.01387	0.00953	0.00864	0.00287	0.01098	0.00850	0.00401	0.00931
39	0.01707	0.04402	0.65683	0.02426	0.03683	0.01976	0.03144	0.02695	0.01797	0.02695	0.01527	0.01797	0.01078	0.00809	0.00809	0.00270	0.01258	0.00629	0.00359	0.01258
40	0.01607	0.01513	0.02552	0.68047	0.05861	0.01891	0.02363	0.02174	0.01702	0.02174	0.01513	0.02269	0.01134	0.00851	0.00851	0.00284	0.01134	0.00756	0.00378	0.00945
41	0.02009	0.02296	0.05022	0.03587	0.04448	0.02152	0.61693	0.02726	0.02009	0.02726	0.01722	0.02296	0.01291	0.00717	0.01004	0.00287	0.01435	0.01004	0.00430	0.01148
42	0.01530	0.01040	0.01418	0.01546	0.01781	0.01039	0.01333	0.02016	0.04959	0.06034	0.07597	0.08755	0.04804	0.02190	0.01134	0.00373	0.00755	0.50037	0.00810	0.00848
43	0.03818	0.01448	0.01975	0.01514	0.02172	0.01251	0.01251	0.04147	0.02436	0.65373	0.03357	0.02897	0.02107	0.01053	0.00856	0.00263	0.00724	0.00856	0.01053	0.01448
44	0.01371	0.00980	0.01371	0.01567	0.01763	0.00980	0.01371	0.01763	0.01959	0.02547	0.04506	0.09599	0.04898	0.02351	0.01175	0.00392	0.00784	0.59056	0.00784	0.00784
45	0.02009	0.02296	0.05022	0.03587	0.04448	0.02152	0.61693	0.02726	0.02009	0.02726	0.01722	0.02296	0.01291	0.00717	0.01004	0.00287	0.01435	0.01004	0.00430	0.01148
46	0.01047	0.00851	0.00927	0.00935	0.01181	0.00732	0.00691	0.01291	0.01997	0.02498	0.18803	0.14165	0.47658	0.02129	0.01014	0.00290	0.00432	0.01811	0.00818	0.00732
47	0.03818	0.01448	0.01975	0.01514	0.02172	0.01251	0.01251	0.04147	0.02436	0.65373	0.03357	0.02897	0.02107	0.01053	0.00856	0.00263	0.00724	0.00856	0.01053	0.01448
48	0.01478	0.00739	0.01109	0.01109	0.01109	0.00739	0.00739	0.01109	0.01109	0.01478	0.01478	0.02587	0.01478	0.02956	0.03326	0.75240	0.00739	0.00739	0.00370	0.00370
49	0.03235	0.02384	0.02554	0.01958	0.02639	0.02639	0.01618	0.61946	0.04001	0.05363	0.02043	0.02043	0.01447	0.01022	0.00851	0.00255	0.00936	0.00766	0.00851	0.01447
50	0.01607	0.01513	0.02552	0.68047	0.05861	0.01891	0.02363	0.02174	0.01702	0.02174	0.01513	0.02269	0.01134	0.00851	0.00851	0.00284	0.01134	0.00756	0.00378	0.00945
51	0.01707	0.04402	0.65683	0.02426	0.03683	0.01976	0.03144	0.02695	0.01797	0.02695	0.01527	0.01797	0.01078	0.00809	0.00809	0.00270	0.01258	0.00629	0.00359	0.01258
52	0.01411	0.00960	0.01069	0.01018	0.01077	0.00983	0.00611	0.06507	0.01477	0.01972	0.02626	0.05263	0.02951	0.64097	0.04029	0.00776	0.00835	0.01197	0.00545	0.00597
53	0.01052	0.00759	0.01000	0.01186	0.01256	0.00707	0.00811	0.01215	0.01662	0.02198	0.04891	0.63327	0.08729	0.02623	0.01086	0.00345	0.00505	0.05162	0.00790	0.00697
54	0.02157	0.02118	0.03405	0.05081	0.61854	0.05070	0.02566	0.02649	0.01960	0.02747	0.01587	0.02079	0.01336	0.00764	0.00839	0.00251	0.01036	0.00748	0.00422	0.01331
55	0.01216	0.00912	0.01368	0.01368	0.01520	0.01064	0.01064	0.01520	0.01368	0.01976	0.02279	0.03343	0.02127	0.06382	0.66720	0.01368	0.02279	0.00912	0.00456	0.00760
56	0.01229	0.00860	0.01106	0.01106	0.01167	0.00921	0.00737	0.01351	0.01290	0.01782	0.02519	0.04670	0.02704	0.44360	0.29530	0.01044	0.01412	0.01106	0.00492	0.00614
57	0.72312	0.01684	0.01319	0.01163	0.01697	0.01947	0.00958	0.05595	0.01581	0.03899	0.01230	0.01417	0.00949	0.00802	0.00544	0.00263	0.00673	0.00477	0.00544	0.00949
58	0.02547	0.02014	0.02152	0.01792	0.02344	0.02269	0.01433	0.29068	0.34378	0.04328	0.06231	0.02865	0.02404	0.01130	0.00867	0.00273	0.00772	0.00910	0.00864	0.01360
59	0.01238	0.00825	0.00928	0.00928	0.00928	0.00825	0.00516	0.01238	0.01238	0.01650	0.02681	0.05569	0.03094	0.70092	0.04331	0.00825	0.00825	0.01238	0.00516	0.00516
60	0.01238	0.00825	0.00928	0.00928	0.00928	0.00825	0.00516	0.01238	0.01238	0.01650	0.02681	0.05569	0.03094	0.70092	0.04331	0.00825	0.00825	0.01238	0.00516	0.00516
61	0.30533	0.01705	0.01733	0.01451	0.02005	0.01850	0.01177	0.11759	0.14523	0.18078	0.05360	0.02429	0.01954	0.01003	0.00740	0.00267	0.00704	0.00749	0.00782	0.01197
62	0.01111	0.00797	0.01058	0.01164	0.01273	0.00744	0.00822	0.01358	0.01914	0.02617	0.25216	0.44899	0.06420	0.02332	0.01062	0.00321	0.00476	0.04843	0.00840	0.00734
63	0.03739	0.01466	0.01973	0.01524	0.02174	0.01291	0.01255	0.04165	0.05250	0.62513	0.03362	0.02909	0.02129	0.01058	0.00856	0.00264	0.00722	0.00861	0.01045	0.01444
64	0.02964	0.01757	0.02037	0.01677	0.02259	0.01845	0.01348	0.12765	0.30143	0.28670	0.03213	0.02898	0.02232	0.01094	0.00860	0.00274	0.00732	0.00891	0.00939	0.01402
65	0.01196	0.00861	0.01078	0.01114	0.01231	0.00832	0.00764	0.01520	0.04863	0.02602	0.26933	0.28588	0.05855	0.16594	0.01735	0.00415	0.00538	0.01761	0.00791	0.00729
66	0.68236	0.01624	0.01330	0.01162	0.01703	0.01837	0.00957	0.02681	0.01556	0.10518	0.01421	0.01547	0.01051	0.00819	0.00562	0.00263	0.00665	0.00504	0.00584	0.00979
67	0.01037	0.00741	0.00987	0.01185	0.01234	0.00691	0.00790	0.01185	0.01629	0.02172	0.04690	0.69537	0.05629	0.02666	0.01086	0.00346	0.00494	0.02419	0.00790	0.00691
68	0.02177	0.01858	0.01958	0.01744	0.02236	0.02145	0.01361	0.07596	0.60074	0.03656	0.03388	0.03114	0.02536	0.01147	0.00865	0.00287	0.00688	0.00952	0.00865	0.01352
69	0.02677	0.01204	0.01593	0.01321	0.01793	0.01056	0.01066	0.03015	0.02347	0.38537	0.20181	0.04754	0.11242	0.01427	0.00928	0.00273	0.00607	0.03842	0.00979	0.01160
70	0.76103	0.01646	0.01251	0.01119	0.01646	0.01909	0.00922	0.02502	0.01448	0.03818	0.01185	0.01382	0.00922	0.00790	0.00527	0.00263	0.00658	0.00461	0.00527	0.00922
71	0.03818	0.01448	0.01975	0.01514	0.02172	0.01251	0.01251	0.04147	0.02436	0.65373	0.03357	0.02897	0.02107	0.01053	0.00856	0.00263	0.00724	0.00856	0.01053	0.01448
72	0.01088	0.00859	0.00988	0.01025	0.01251	0.00759	0.00775	0.01349	0.01989	0.02524	0.18459	0.16739	0.38667	0.02168	0.01035	0.00303	0.00472	0.07992	0.00818	0.00738
73	0.02078	0.01993	0.03404	0.08752	0.61475	0.02015	0.02598	0.02587	0.01924	0.02746	0.01596	0.02115	0.01336	0.00763	0.00843	0.00254	0.01018	0.00758	0.00419	0.01325
74	0.01798	0.01758	0.02739	0.51048	0.18338	0.05374	0.02378	0.02333	0.01790	0.02300	0.01521	0.02195	0.01178	0.00832	0.00845	0.00274	0.01129	0.00746	0.00391	0.01034
75	0.01906	0.01818	0.03093	0.30385	0.41184	0.01969	0.02512	0.02437	0.01843	0.02538	0.01565	0.02171	0.01262	0.00795	0.00846	0.00265	0.01060	0.00757	0.00404	0.01187
76	0.02249	0.02245	0.03174	0.11542	0.47083	0.10280	0.02408	0.05841	0.02083	0.02763	0.01578	0.02048	0.01298	0.00798	0.00834	0.00252	0.01087	0.00732	0.00442	0.01263
77	0.02052	0.01562	0.01834	0.01329	0.02071	0.01240	0.01070	0.06110	0.01969	0.08850	0.01720	0.01889	0.01352	0.00695	0.00666	0.00147	0.00658	0.00554	0.00578	0.63654
78	0.31137	0.01399	0.01449	0.01232	0.01698	0.01440	0.00981	0.05406	0.01998	0.20761	0.11983	0.03294	0.05963	0.06585	0.01034	0.00309	0.00651	0.00883	0.00765	0.01032
79	0.01088	0.00778	0.01045	0.01232	0.01307	0.00734	0.00869	0.01279	0.01704	0.02270	0.06950	0.59036	0.05622	0.02588	0.01095	0.00349	0.00529	0.10021	0.00795	0.00708
80	0.01119	0.00779	0.00974	0.01085	0.01124	0.00746	0.00690	0.01227	0.01528	0.02048	0.07175	0.42685	0.04829	0.27323	0.02271	0.00517	0.00610	0.01939	0.00697	0.00633
81	0.03063	0.01311	0.01739	0.01395	0.01932	0.01161	0.01129	0.03477	0.04654	0.46871	0.16164	0.03911	0.06800	0.01259	0.00895	0.00266	0.00640	0.01052	0.01008	0.01272
82	0.01765	0.01513	0.01765	0.01260	0.02017	0.01134	0.01008	0.02143	0.01765	0.02773	0.01513	0.01765	0.01260	0.00630	0.00630	0.00126	0.00630	0.00504	0.00504	0.75295
83	0.01064	0.00851	0.00952	0.00956	0.01193	0.00739	0.00706	0.01324	0.02035	0.02594	0.23629	0.14528	0.42237	0.02097	0.01014	0.00288	0.00430	0.01794	0.00831	0.00739
84	0.01098	0.00853	0.00998	0.00989	0.01213	0.00753	0.00731	0.01389	0.02117	0.02784	0.33115	0.13690	0.33170	0.02022	0.01013	0.00285	0.00424	0.01745	0.00856	0.00753
85	0.01765	0.01513	0.01765	0.01260	0.02017	0.01134	0.01008	0.02143	0.01765	0.02773	0.01513	0.01765	0.01260	0.00630	0.00630	0.00126	0.00630	0.00504	0.00504	0.75295
86	0.01037	0.00741	0.00987	0.01185	0.01234	0.00691	0.00790	0.01185	0.01629	0.02172	0.04690	0.69537	0.05629	0.02666	0.01086	0.00346	0.00494	0.02419	0.00790	0.00691
87	0.38040	0.02031	0.01931	0.01557	0.02165	0.02290	0.01285	0.33553	0.02782	0.04625	0.01633	0.01728	0.01196	0.00911	0.00696	0.00259	0.00804	0.00620	0.00696	0.01196
88	0.01238	0.00825	0.00928	0.00928	0.00928	0.00825	0.00516	0.01238	0.01238	0.01650	0.02681	0.05569	0.03094	0.70092	0.04331	0.00825	0.00825	0.01238	0.00516	0.00516
89	0.01078	0.00865	0.00962	0.00938	0.01194	0.00749	0.00703	0.01361	0.02110	0.02704	0.28874	0.07524	0.43933	0.02004	0.01005	0.00280	0.00420	0.01703	0.00844	0.00749
90	0.01123	0.00793	0.01034	0.01173	0.01236	0.00766	0.00802	0.01281	0.01600	0.02141	0.06422	0.45732	0.04991	0.16386	0.04481	0.00487	0.00659	0.07496	0.00726	0.00672
91	0.03203	0.01346	0.01787	0.01421	0.01984	0.01191	0.01155	0.03624	0.04937	0.50094	0.12797	0.03713	0.06382	0.01220	0.00887	0.00266	0.00658	0.01014	0.01014	0.01308
92	0.01217	0.00908	0.01348	0.01348	0.01493	0.01053	0.01039	0.01507	0.01362	0.01961	0.02298	0.03444	0.02171	0.09281	0.63882	0.01343	0.02213	0.00927	0.00459	0.00749
93	0.02009	0.02296	0.05022	0.03587	0.04448	0.02152	0.61693	0.02726	0.02009	0.02726	0.01722	0.02296	0.01291	0.00717	0.01004	0.00287	0.01435	0.01004	0.00430	0.01148
94	0.01330	0.00968	0.01302	0.01438	0.01626	0.00965	0.01189	0.01789	0.05163	0.02671	0.13598	0.18503	0.05374	0.02247	0.01119	0.00360	0.00673	0.38072	0.00812	0.00801
95	0.02275	0.70604	0.04459	0.01456	0.02184	0.03367	0.01456	0.02548	0.01729	0.02002	0.01183	0.01365	0.01092	0.00728	0.00546	0.00182	0.00910	0.00455	0.00364	0.01092
96	0.02654	0.01827	0.02033	0.01759	0.02254	0.04985	0.01465	0.27064	0.06176	0.13738	0.03100	0.04692	0.02728	0.01463	0.00955	0.00301	0.00868	0.19894	0.00842	0.01202
97	0.07831	0.01459	0.01935	0.01492	0.02143	0.01287	0.01233	0.04056	0.02381	0.61956	0.03237	0.02812	0.02041	0.01039	0.00838	0.00263	0.00720	0.00834	0.01024	0.01419
98	0.01216	0.00912	0.01368	0.01368	0.01520	0.01064	0.01064	0.01520	0.01368	0.01976	0.02279	0.03343	0.02127	0.06382	0.66720	0.01368	0.02279	0.00912	0.00456	0.00760
99	0.76103	0.01646	0.01251	0.01119	0.01646	0.01909	0.00922	0.02502	0.01448	0.03818	0.01185	0.01382	0.00922	0.00790	0.00527	0.00263	0.00658	0.00461	0.00527	0.00922
100	0.02303	0.05046	0.02140	0.01756	0.02280	0.02257	0.01395	0.13622	0.50967	0.03778	0.03133	0.02912	0.02345	0.01114	0.00849	0.00278	0.00726	0.00908	0.00841	0.01351
101	0.01064	0.00762	0.01028	0.01214	0.01277	0.00727	0.00834	0.01233	0.01630	0.02179	0.04543	0.62783	0.05391	0.02865	0.04871	0.00407	0.00611	0.05112	0.00770	0.00700
102	0.01140	0.00900	0.01028	0.01073	0.01290	0.00828	0.00800	0.01483	0.05081	0.02442	0.12171	0.20038	0.34550	0.05458	0.01193	0.00335	0.00511	0.08133	0.00794	0.00751
103	0.01557	0.01459	0.02470	0.02068	0.02328	0.01709	0.14021	0.01916	0.01485	0.02153	0.01848	0.02723	0.01679	0.03870	0.35643	0.00872	0.19997	0.00886	0.00428	0.00888
104	0.01607	0.01513	0.02552	0.68047	0.05861	0.01891	0.02363	0.02174	0.01702	0.02174	0.01513	0.02269	0.01134	0.00851	0.00851	0.00284	0.01134	0.00756	0.00378	0.00945
105	0.01328	0.00957	0.01310	0.01456	0.01657	0.00940	0.01248	0.01712	0.02027	0.02668	0.13910	0.09032	0.08298	0.02247	0.01141	0.00368	0.00708	0.47402	0.00808	0.00783
106	0.01712	0.01619	0.02741	0.54903	0.18189	0.01918	0.02415	0.02266	0.01751	0.02301	0.01531	0.02235	0.01179	0.00831	0.00849	0.00277	0.01109	0.00757	0.00387	0.01030
107	0.45337	0.02110	0.11894	0.01479	0.02136	0.01876	0.01409	0.08600	0.01889	0.10162	0.01726	0.02101	0.01330	0.00925	0.00673	0.00270	0.00797	0.03609	0.00600	0.01076
108	0.01711	0.04219	0.61645	0.02352	0.03578	0.01923	0.03009	0.02660	0.01795	0.02700	0.01526	0.01795	0.01090	0.00797	0.00797	0.00260	0.01218	0.00621	0.00368	0.05934
109	0.03704	0.01502	0.02167	0.01645	0.02316	0.01308	0.05069	0.04058	0.02409	0.61416	0.03254	0.02859	0.02055	0.01032	0.00865	0.00265	0.00769	0.00865	0.01014	0.01429
110	0.06406	0.04228	0.61613	0.02343	0.03555	0.01972	0.03004	0.02683	0.01775	0.02766	0.01506	0.01771	0.01068	0.00807	0.00791	0.00269	0.01220	0.00618	0.00370	0.01236
111	0.10636	0.09805	0.02589	0.06041	0.02689	0.16045	0.01580	0.33387	0.03015	0.03956	0.01676	0.01810	0.01261	0.00925	0.00767	0.00243	0.01043	0.00655	0.00649	0.01226
112	0.01054	0.00904	0.00983	0.05117	0.01453	0.00797	0.00763	0.01302	0.01949	0.02349	0.11071	0.07721	0.57504	0.02051	0.00996	0.00286	0.00474	0.01717	0.00772	0.00737
113	0.01343	0.00994	0.01389	0.05693	0.01951	0.01004	0.01352	0.01722	0.01929	0.02488	0.04667	0.11286	0.09647	0.02252	0.01137	0.00375	0.00765	0.48461	0.00759	0.00785
114	0.02177	0.01642	0.10787	0.01480	0.01999	0.01225	0.01350	0.02799	0.07130	0.22734	0.28583	0.04508	0.04594	0.01371	0.00926	0.00274	0.00665	0.03764	0.00877	0.01113
115	0.03088	0.02247	0.02424	0.01899	0.02547	0.02484	0.01556	0.49850	0.13296	0.08200	0.02336	0.02267	0.01664	0.01044	0.00854	0.00261	0.00884	0.00802	0.00864	0.01431
116	0.01716	0.06966	0.59019	0.02301	0.03457	0.01957	0.02921	0.02589	0.01750	0.02589	0.01510	0.01828	0.01104	0.00941	0.00956	0.05002	0.01210	0.00628	0.00360	0.01195
117	0.02238	0.02042	0.02610	0.11094	0.06182	0.08455	0.04702	0.09523	0.01942	0.06238	0.01565	0.02064	0.01287	0.01164	0.01698	0.00307	0.30949	0.00752	0.04135	0.01056
118	0.02213	0.42513	0.17077	0.01878	0.02686	0.08739	0.05628	0.02775	0.05146	0.02285	0.01425	0.01628	0.01183	0.00781	0.00668	0.00216	0.01061	0.00562	0.00401	0.01135

[dist]
# distance from previous block
# <min> <max>
0	3

[block]
# block no. 1 follows, 21 sequences, length 24
# corresponding to MSA columns:
# 122-145
name=unknown_B
#
# <colnr> <probs for GDERKNQSTAVLIFYWHMCP>
#	G	D	E	R	K	N	Q	S	T	A	V	L	I	F	Y	W	H	M	C	P
0	0.01801	0.21674	0.03020	0.45158	0.04539	0.02267	0.02008	0.02274	0.01714	0.02175	0.01481	0.02051	0.01175	0.00822	0.00749	0.00250	0.01031	0.00670	0.04161	0.00981
1	0.01166	0.00740	0.01023	0.01163	0.01198	0.00705	0.00775	0.01163	0.01477	0.01969	0.03751	0.49965	0.04415	0.02751	0.01741	0.22240	0.00565	0.01928	0.00667	0.00597
2	0.04894	0.33779	0.10575	0.01724	0.02426	0.04743	0.03327	0.03229	0.19766	0.04846	0.01986	0.02031	0.01566	0.00880	0.00701	0.00233	0.00901	0.00656	0.00545	0.01190
3	0.01142	0.00800	0.01020	0.01132	0.01196	0.00767	0.00763	0.01295	0.01624	0.02180	0.10210	0.39033	0.05069	0.22254	0.02034	0.00482	0.00607	0.07008	0.00724	0.00660
4	0.01793	0.01615	0.02011	0.01545	0.02080	0.01565	0.01258	0.02115	0.01630	0.02561	0.01397	0.01793	0.01219	0.00881	0.01262	0.00198	0.20481	0.00575	0.00466	0.53555
5	0.01842	0.01850	0.04824	0.02094	0.02371	0.02158	0.07360	0.02753	0.19539	0.02595	0.02321	0.10701	0.02126	0.01438	0.01771	0.00332	0.31259	0.01037	0.00574	0.01056
6	0.54207	0.01419	0.01218	0.01105	0.01536	0.01586	0.00887	0.02240	0.01729	0.03700	0.19646	0.02837	0.03000	0.01068	0.00666	0.00265	0.00583	0.00776	0.00647	0.00887
7	0.01946	0.01229	0.01402	0.01306	0.01665	0.01260	0.01037	0.02880	0.19332	0.11346	0.03766	0.06574	0.07410	0.01381	0.00842	0.00271	0.00591	0.09828	0.22477	0.03457
8	0.01711	0.01466	0.01701	0.01232	0.01955	0.01105	0.00983	0.02077	0.01777	0.02739	0.02018	0.02221	0.05751	0.00739	0.00657	0.00138	0.00616	0.00596	0.00525	0.69994
9	0.02232	0.01886	0.01989	0.01755	0.02257	0.02171	0.01375	0.10462	0.57118	0.03746	0.03317	0.03058	0.02479	0.01141	0.00864	0.00285	0.00701	0.00942	0.00864	0.01357
10	0.01821	0.01284	0.01421	0.01247	0.01452	0.01365	0.00859	0.18996	0.02051	0.02748	0.02479	0.04451	0.02575	0.47396	0.05767	0.00680	0.00915	0.01087	0.00611	0.00798
11	0.01830	0.21325	0.30796	0.21349	0.03918	0.02325	0.02463	0.02503	0.01751	0.02357	0.01431	0.01819	0.01098	0.00799	0.00750	0.00250	0.01128	0.00619	0.00366	0.01122
12	0.03344	0.02029	0.02313	0.01793	0.02451	0.02136	0.01474	0.38269	0.08010	0.25248	0.02590	0.02414	0.01755	0.01042	0.00854	0.00261	0.00845	0.00811	0.00920	0.01440
13	0.01015	0.00827	0.00899	0.00956	0.01174	0.00710	0.00688	0.01211	0.01849	0.02262	0.07472	0.26124	0.47246	0.02305	0.01029	0.00304	0.00449	0.01978	0.00790	0.00710
14	0.01678	0.03557	0.47227	0.21609	0.04320	0.01951	0.02916	0.02543	0.01769	0.02543	0.01523	0.01935	0.01095	0.00821	0.00821	0.00274	0.01222	0.00666	0.00365	0.01166
15	0.01960	0.01873	0.03191	0.23589	0.47558	0.01984	0.02539	0.02484	0.01869	0.02603	0.01575	0.02154	0.01286	0.00785	0.00845	0.00262	0.01047	0.00758	0.00409	0.01230
16	0.02958	0.04509	0.07519	0.02223	0.02978	0.01778	0.19091	0.07360	0.05436	0.33233	0.02589	0.02545	0.01740	0.00929	0.00885	0.00268	0.00988	0.00868	0.00774	0.01329
17	0.01636	0.02357	0.21008	0.48863	0.05225	0.01916	0.02592	0.02327	0.01729	0.02327	0.01517	0.02131	0.01118	0.00838	0.00838	0.00279	0.01170	0.00719	0.00373	0.01037
18	0.01636	0.02357	0.21008	0.48863	0.05225	0.01916	0.02592	0.02327	0.01729	0.02327	0.01517	0.02131	0.01118	0.00838	0.00838	0.00279	0.01170	0.00719	0.00373	0.01037
19	0.03218	0.01467	0.01913	0.01440	0.02127	0.01217	0.01180	0.03561	0.02240	0.47073	0.02818	0.02566	0.01859	0.00930	0.00790	0.00223	0.00697	0.00753	0.00893	0.23037
20	0.01872	0.01827	0.03236	0.33096	0.31353	0.01979	0.09461	0.02430	0.01841	0.02503	0.01576	0.02201	0.01246	0.00795	0.00865	0.00271	0.01116	0.00786	0.00403	0.01145
21	0.04919	0.02008	0.02169	0.01669	0.02343	0.03866	0.01358	0.30187	0.07277	0.11304	0.02096	0.02107	0.01526	0.00909	0.00776	0.00220	0.00813	0.00699	0.00753	0.23000
22	0.11165	0.01943	0.02100	0.01669	0.02227	0.04314	0.01359	0.19630	0.07053	0.06154	0.01785	0.01960	0.01384	0.00956	0.01035	0.00237	0.10861	0.00661	0.00635	0.22873
23	0.01119	0.00830	0.01096	0.01229	0.01269	0.00843	0.00834	0.01252	0.01560	0.02102	0.04200	0.57191	0.05009	0.10526	0.01590	0.00404	0.05369	0.02161	0.00728	0.00688

[dist]
# distance from previous block
# <min> <max>
4	20

# created by:
# /st0/software/busco_prod/Augustus/scripts/msa2prfl.pl ./align_prep/126721.fa
