[name]
unknown

[dist]
# distance from previous block
# <min> <max>
20	84

[block]
# block no. 0 follows, 23 sequences, length 107
# corresponding to MSA columns:
# 93-199
name=unknown_A
#
# <colnr> <probs for GDERKNQSTAVLIFYWHMCP>
#	G	D	E	R	K	N	Q	S	T	A	V	L	I	F	Y	W	H	M	C	P
0	0.02353	0.02190	0.02270	0.05721	0.06401	0.17582	0.04314	0.18109	0.02331	0.05733	0.02054	0.04690	0.03979	0.01757	0.10433	0.00401	0.07272	0.00805	0.00562	0.01044
1	0.02824	0.01879	0.01995	0.01602	0.02146	0.05922	0.01294	0.32647	0.05321	0.19090	0.02983	0.05861	0.07835	0.01149	0.00824	0.00249	0.00788	0.00910	0.03453	0.01230
2	0.02756	0.01990	0.02397	0.06112	0.02643	0.02197	0.04876	0.38703	0.08811	0.11166	0.02130	0.02187	0.01526	0.00990	0.00928	0.00256	0.05136	0.00768	0.03153	0.01275
3	0.02141	0.01923	0.03000	0.03991	0.45497	0.04402	0.04875	0.06287	0.01963	0.06735	0.01782	0.05773	0.01533	0.00903	0.00943	0.00254	0.05482	0.00817	0.00482	0.01215
4	0.06198	0.01234	0.04957	0.01535	0.01825	0.01139	0.01387	0.05604	0.01949	0.02678	0.03798	0.07812	0.04031	0.01990	0.01044	0.00352	0.00773	0.50161	0.00714	0.00819
5	0.03084	0.02120	0.06401	0.01967	0.06399	0.02066	0.01593	0.39184	0.03139	0.22313	0.02246	0.02167	0.01530	0.00954	0.00810	0.00246	0.00859	0.00746	0.00811	0.01363
6	0.05478	0.02060	0.06106	0.01754	0.02323	0.02107	0.01506	0.39472	0.11097	0.04210	0.02461	0.06361	0.02065	0.01196	0.00846	0.00268	0.00831	0.07869	0.00762	0.01226
7	0.07237	0.55959	0.03699	0.01410	0.02076	0.02905	0.01348	0.06378	0.04205	0.06361	0.01391	0.01500	0.01167	0.00750	0.00567	0.00192	0.00834	0.00495	0.00445	0.01082
8	0.03108	0.02114	0.02327	0.01781	0.02430	0.02273	0.01470	0.52835	0.03520	0.13754	0.02105	0.02053	0.01462	0.00964	0.00804	0.00240	0.00853	0.00733	0.00826	0.04351
9	0.01914	0.06304	0.02691	0.02129	0.02255	0.05115	0.04522	0.04798	0.01454	0.02121	0.01142	0.01760	0.01084	0.01298	0.02293	0.00329	0.56784	0.00697	0.00380	0.00931
10	0.06383	0.00761	0.01066	0.01058	0.01091	0.00778	0.00716	0.01144	0.01078	0.01556	0.01391	0.02391	0.01375	0.02683	0.02996	0.71396	0.00700	0.00687	0.00362	0.00387
11	0.00989	0.00706	0.00942	0.01130	0.01177	0.00659	0.00753	0.01130	0.01554	0.02071	0.04472	0.70954	0.05367	0.02542	0.01036	0.00330	0.00471	0.02307	0.00753	0.00659
12	0.02796	0.02055	0.02239	0.01726	0.02367	0.02189	0.01413	0.46000	0.09100	0.07409	0.02054	0.02045	0.01483	0.00930	0.00781	0.00228	0.00816	0.00714	0.00771	0.12884
13	0.02107	0.01585	0.01835	0.01342	0.02042	0.01348	0.01086	0.13231	0.02120	0.08802	0.01689	0.01826	0.01305	0.00703	0.00658	0.00154	0.00661	0.00555	0.00586	0.56363
14	0.06775	0.01598	0.04197	0.01511	0.02149	0.01420	0.01283	0.10317	0.04817	0.52736	0.02915	0.02582	0.01873	0.00985	0.00800	0.00251	0.00725	0.00786	0.00931	0.01348
15	0.01954	0.36052	0.35266	0.01846	0.02787	0.02485	0.02176	0.02552	0.01704	0.04521	0.01363	0.01556	0.01069	0.00743	0.00655	0.00217	0.01025	0.00529	0.00368	0.01131
16	0.01532	0.01442	0.02434	0.69533	0.05589	0.01803	0.02253	0.02073	0.01622	0.02073	0.01442	0.02163	0.01082	0.00811	0.00811	0.00270	0.01082	0.00721	0.00361	0.00901
17	0.01867	0.30876	0.38133	0.02122	0.07074	0.02412	0.02328	0.02509	0.01696	0.02314	0.01331	0.01570	0.01050	0.00737	0.00674	0.00223	0.01053	0.00542	0.00348	0.01142
18	0.01889	0.02321	0.09648	0.03329	0.06371	0.02054	0.53520	0.02563	0.01865	0.02569	0.01596	0.02125	0.01209	0.00726	0.01016	0.00275	0.04513	0.00909	0.00402	0.01100
19	0.01173	0.00931	0.01388	0.01500	0.04383	0.00921	0.04780	0.01385	0.01611	0.02177	0.06718	0.48373	0.04628	0.06555	0.01292	0.00352	0.03771	0.06647	0.00687	0.00726
20	0.01085	0.00779	0.01034	0.01108	0.01231	0.00728	0.00801	0.01353	0.01912	0.02631	0.32177	0.37024	0.06345	0.02121	0.01007	0.00299	0.00452	0.06382	0.00816	0.00714
21	0.01410	0.01043	0.01437	0.01658	0.05635	0.01049	0.01287	0.05707	0.01958	0.02589	0.06157	0.18164	0.04463	0.02093	0.01061	0.00346	0.00713	0.41686	0.00736	0.00808
22	0.01627	0.04197	0.67279	0.02313	0.03512	0.01884	0.02998	0.02570	0.01713	0.02570	0.01456	0.01713	0.01028	0.00771	0.00771	0.00257	0.01199	0.00600	0.00343	0.01199
23	0.00989	0.00706	0.00942	0.01130	0.01177	0.00659	0.00753	0.01130	0.01554	0.02071	0.04472	0.70954	0.05367	0.02542	0.01036	0.00330	0.00471	0.02307	0.00753	0.00659
24	0.01734	0.01648	0.02798	0.42213	0.31335	0.01856	0.02354	0.02250	0.01718	0.02318	0.01478	0.02098	0.01168	0.00774	0.00808	0.00258	0.01032	0.00722	0.00378	0.01064
25	0.03383	0.01628	0.06196	0.01533	0.02188	0.01349	0.01333	0.06588	0.06217	0.56033	0.03036	0.02673	0.01945	0.00994	0.00813	0.00253	0.00730	0.00804	0.00941	0.01363
26	0.02336	0.01672	0.01844	0.01611	0.02102	0.01857	0.01266	0.04242	0.52698	0.15839	0.03283	0.02975	0.02385	0.01082	0.00824	0.00270	0.00652	0.00898	0.00861	0.01303
27	0.77215	0.01569	0.01193	0.01067	0.01569	0.01820	0.00879	0.02385	0.01381	0.03641	0.01130	0.01318	0.00879	0.00753	0.00502	0.00251	0.00628	0.00439	0.00502	0.00879
28	0.01409	0.00705	0.01057	0.01057	0.01057	0.00705	0.00705	0.01057	0.01057	0.01409	0.01409	0.02467	0.01409	0.02819	0.03171	0.76392	0.00705	0.00705	0.00352	0.00352
29	0.01206	0.00878	0.01165	0.01226	0.01423	0.00838	0.01007	0.01568	0.02053	0.02766	0.31531	0.07682	0.11677	0.01970	0.01034	0.00313	0.00557	0.29545	0.00811	0.00749
30	0.01665	0.06442	0.60969	0.02353	0.03510	0.01942	0.06910	0.02567	0.01724	0.02548	0.01457	0.01730	0.01042	0.00763	0.00774	0.00255	0.01199	0.00617	0.00347	0.01187
31	0.01143	0.00824	0.01084	0.01056	0.01235	0.00765	0.00794	0.01503	0.02206	0.03102	0.57070	0.12103	0.07287	0.01770	0.00973	0.00268	0.00411	0.04778	0.00873	0.00755
32	0.01674	0.06946	0.60642	0.02438	0.07336	0.01944	0.02898	0.02559	0.01719	0.02547	0.01447	0.01714	0.01044	0.00765	0.00762	0.00252	0.01171	0.00600	0.00346	0.01198
33	0.10494	0.42169	0.20005	0.01636	0.02421	0.06979	0.01757	0.02514	0.01678	0.02278	0.01221	0.01420	0.01020	0.00730	0.00597	0.00206	0.00965	0.00483	0.00368	0.01057
34	0.01532	0.01442	0.02434	0.69533	0.05589	0.01803	0.02253	0.02073	0.01622	0.02073	0.01442	0.02163	0.01082	0.00811	0.00811	0.00270	0.01082	0.00721	0.00361	0.00901
35	0.02169	0.71972	0.04252	0.01388	0.02083	0.03211	0.01388	0.02430	0.01649	0.01909	0.01128	0.01302	0.01041	0.00694	0.00521	0.00174	0.00868	0.00434	0.00347	0.01041
36	0.03641	0.01381	0.01883	0.01444	0.02071	0.01193	0.01193	0.03954	0.02322	0.66984	0.03201	0.02762	0.02009	0.01004	0.00816	0.00251	0.00690	0.00816	0.01004	0.01381
37	0.00968	0.00788	0.00857	0.00912	0.01120	0.00677	0.00656	0.01154	0.01763	0.02157	0.07128	0.26210	0.48397	0.02197	0.00981	0.00290	0.00428	0.01886	0.00753	0.00677
38	0.01209	0.00882	0.01156	0.01133	0.01192	0.00986	0.00785	0.01338	0.01234	0.01723	0.02307	0.04226	0.02457	0.40517	0.30096	0.00970	0.05694	0.01024	0.00460	0.00611
39	0.02008	0.01928	0.03294	0.04981	0.66422	0.01928	0.02490	0.02490	0.01848	0.02651	0.01526	0.02008	0.01285	0.00723	0.00803	0.00241	0.00964	0.00723	0.00402	0.01285
40	0.01627	0.04197	0.67279	0.02313	0.03512	0.01884	0.02998	0.02570	0.01713	0.02570	0.01456	0.01713	0.01028	0.00771	0.00771	0.00257	0.01199	0.00600	0.00343	0.01199
41	0.01011	0.00720	0.00956	0.01137	0.01188	0.00676	0.00768	0.01157	0.01553	0.02068	0.04389	0.65589	0.05241	0.05228	0.01161	0.00349	0.00496	0.04915	0.00743	0.00657
42	0.05707	0.04935	0.02444	0.02016	0.02131	0.08099	0.01669	0.02234	0.04822	0.02117	0.01209	0.01773	0.01130	0.01288	0.02197	0.00325	0.53910	0.00680	0.00393	0.00920
43	0.01180	0.00787	0.00885	0.00885	0.00885	0.00787	0.00492	0.01180	0.01180	0.01573	0.02557	0.05310	0.02950	0.71483	0.04130	0.00787	0.00787	0.01180	0.00492	0.00492
44	0.01978	0.01897	0.03240	0.09032	0.62604	0.01920	0.02475	0.02464	0.01833	0.02615	0.01521	0.02018	0.01273	0.00729	0.00804	0.00243	0.00971	0.00723	0.00399	0.01261
45	0.02182	0.01824	0.01927	0.01684	0.02172	0.02095	0.01324	0.13412	0.55590	0.03658	0.03095	0.02862	0.02309	0.01081	0.00824	0.00270	0.00681	0.00889	0.00824	0.01299
46	0.01180	0.00787	0.00885	0.00885	0.00885	0.00787	0.00492	0.01180	0.01180	0.01573	0.02557	0.05310	0.02950	0.71483	0.04130	0.00787	0.00787	0.01180	0.00492	0.00492
47	0.03031	0.03867	0.02299	0.02090	0.02508	0.68226	0.01568	0.03240	0.02299	0.01986	0.01254	0.01463	0.01045	0.00836	0.00732	0.00209	0.01463	0.00523	0.00418	0.00941
48	0.01915	0.02189	0.04788	0.03420	0.04241	0.02052	0.63475	0.02599	0.01915	0.02599	0.01642	0.02189	0.01231	0.00684	0.00958	0.00274	0.01368	0.00958	0.00410	0.01094
49	0.03641	0.01381	0.01883	0.01444	0.02071	0.01193	0.01193	0.03954	0.02322	0.66984	0.03201	0.02762	0.02009	0.01004	0.00816	0.00251	0.00690	0.00816	0.01004	0.01381
50	0.01180	0.00787	0.00885	0.00885	0.00885	0.00787	0.00492	0.01180	0.01180	0.01573	0.02557	0.05310	0.02950	0.71483	0.04130	0.00787	0.00787	0.01180	0.00492	0.00492
51	0.77215	0.01569	0.01193	0.01067	0.01569	0.01820	0.00879	0.02385	0.01381	0.03641	0.01130	0.01318	0.00879	0.00753	0.00502	0.00251	0.00628	0.00439	0.00502	0.00879
52	0.01180	0.00787	0.00885	0.00885	0.00885	0.00787	0.00492	0.01180	0.01180	0.01573	0.02557	0.05310	0.02950	0.71483	0.04130	0.00787	0.00787	0.01180	0.00492	0.00492
53	0.01308	0.00934	0.01308	0.01494	0.01681	0.00934	0.01308	0.01681	0.01868	0.02428	0.04296	0.09153	0.04670	0.02242	0.01121	0.00374	0.00747	0.60960	0.00747	0.00747
54	0.02938	0.02154	0.02303	0.01788	0.02399	0.02383	0.01469	0.57150	0.06447	0.04905	0.02053	0.02065	0.01473	0.00978	0.00797	0.00242	0.00849	0.00741	0.05530	0.01336
55	0.01532	0.01442	0.02434	0.69533	0.05589	0.01803	0.02253	0.02073	0.01622	0.02073	0.01442	0.02163	0.01082	0.00811	0.00811	0.00270	0.01082	0.00721	0.00361	0.00901
56	0.01148	0.00829	0.01085	0.01021	0.01212	0.00766	0.00766	0.01531	0.02297	0.03254	0.65994	0.06061	0.07656	0.01659	0.00957	0.00255	0.00383	0.01467	0.00893	0.00766
57	0.03641	0.01381	0.01883	0.01444	0.02071	0.01193	0.01193	0.03954	0.02322	0.66984	0.03201	0.02762	0.02009	0.01004	0.00816	0.00251	0.00690	0.00816	0.01004	0.01381
58	0.00989	0.00706	0.00942	0.01130	0.01177	0.00659	0.00753	0.01130	0.01554	0.02071	0.04472	0.70954	0.05367	0.02542	0.01036	0.00330	0.00471	0.02307	0.00753	0.00659
59	0.01901	0.02290	0.07931	0.03364	0.04204	0.02044	0.60433	0.02598	0.01905	0.02598	0.01632	0.02165	0.01221	0.00688	0.00948	0.00273	0.01360	0.00940	0.00407	0.01100
60	0.03641	0.01381	0.01883	0.01444	0.02071	0.01193	0.01193	0.03954	0.02322	0.66984	0.03201	0.02762	0.02009	0.01004	0.00816	0.00251	0.00690	0.00816	0.01004	0.01381
61	0.01627	0.04197	0.67279	0.02313	0.03512	0.01884	0.02998	0.02570	0.01713	0.02570	0.01456	0.01713	0.01028	0.00771	0.00771	0.00257	0.01199	0.00600	0.00343	0.01199
62	0.01982	0.01902	0.03247	0.08491	0.63114	0.01921	0.02477	0.02468	0.01835	0.02620	0.01522	0.02017	0.01274	0.00728	0.00804	0.00243	0.00970	0.00723	0.00399	0.01264
63	0.01276	0.00918	0.01268	0.01446	0.01630	0.00909	0.01249	0.01631	0.01851	0.02400	0.04479	0.12201	0.07425	0.02248	0.01109	0.00367	0.00718	0.55387	0.00748	0.00740
64	0.03031	0.03867	0.02299	0.02090	0.02508	0.68226	0.01568	0.03240	0.02299	0.01986	0.01254	0.01463	0.01045	0.00836	0.00732	0.00209	0.01463	0.00523	0.00418	0.00941
65	0.01775	0.01775	0.02485	0.02130	0.02130	0.02485	0.01775	0.01953	0.01243	0.01953	0.01065	0.01775	0.01065	0.01420	0.02663	0.00355	0.69998	0.00710	0.00355	0.00888
66	0.01775	0.01775	0.02485	0.02130	0.02130	0.02485	0.01775	0.01953	0.01243	0.01953	0.01065	0.01775	0.01065	0.01420	0.02663	0.00355	0.69998	0.00710	0.00355	0.00888
67	0.01683	0.01442	0.01683	0.01202	0.01923	0.01082	0.00961	0.02043	0.01683	0.02644	0.01442	0.01683	0.01202	0.00601	0.00601	0.00120	0.00601	0.00481	0.00481	0.76444
68	0.01627	0.04197	0.67279	0.02313	0.03512	0.01884	0.02998	0.02570	0.01713	0.02570	0.01456	0.01713	0.01028	0.00771	0.00771	0.00257	0.01199	0.00600	0.00343	0.01199
69	0.01409	0.00705	0.01057	0.01057	0.01057	0.00705	0.00705	0.01057	0.01057	0.01409	0.01409	0.02467	0.01409	0.02819	0.03171	0.76392	0.00705	0.00705	0.00352	0.00352
70	0.01305	0.00884	0.00987	0.00949	0.00992	0.00900	0.00561	0.05283	0.01353	0.01806	0.02517	0.05089	0.02847	0.66857	0.03912	0.00751	0.00794	0.01151	0.00513	0.00550
71	0.03031	0.03867	0.02299	0.02090	0.02508	0.68226	0.01568	0.03240	0.02299	0.01986	0.01254	0.01463	0.01045	0.00836	0.00732	0.00209	0.01463	0.00523	0.00418	0.00941
72	0.01188	0.00871	0.01119	0.01050	0.01253	0.00823	0.00789	0.01659	0.05167	0.03260	0.63122	0.05922	0.07419	0.01633	0.00951	0.00256	0.00395	0.01442	0.00890	0.00789
73	0.01159	0.00869	0.01304	0.01304	0.01449	0.01014	0.01014	0.01449	0.01304	0.01884	0.02173	0.03188	0.02029	0.06086	0.68268	0.01304	0.02173	0.00869	0.00435	0.00724
74	0.03031	0.03867	0.02299	0.02090	0.02508	0.68226	0.01568	0.03240	0.02299	0.01986	0.01254	0.01463	0.01045	0.00836	0.00732	0.00209	0.01463	0.00523	0.00418	0.00941
75	0.02008	0.01928	0.03294	0.04981	0.66422	0.01928	0.02490	0.02490	0.01848	0.02651	0.01526	0.02008	0.01285	0.00723	0.00803	0.00241	0.00964	0.00723	0.00402	0.01285
76	0.01148	0.00829	0.01085	0.01021	0.01212	0.00766	0.00766	0.01531	0.02297	0.03254	0.65994	0.06061	0.07656	0.01659	0.00957	0.00255	0.00383	0.01467	0.00893	0.00766
77	0.01909	0.02170	0.04682	0.03361	0.04144	0.02072	0.60648	0.02570	0.01884	0.02570	0.01615	0.02170	0.01224	0.00718	0.01036	0.00277	0.04512	0.00946	0.00408	0.01085
78	0.00976	0.00823	0.00846	0.00840	0.01107	0.00692	0.00630	0.01198	0.01891	0.02290	0.13538	0.07648	0.60714	0.02019	0.00959	0.00272	0.00408	0.01690	0.00766	0.00692
79	0.02018	0.01743	0.01835	0.01651	0.02110	0.02018	0.01284	0.04312	0.64956	0.03394	0.03303	0.03027	0.02477	0.01101	0.00826	0.00275	0.00642	0.00917	0.00826	0.01284
80	0.00989	0.00706	0.00942	0.01130	0.01177	0.00659	0.00753	0.01130	0.01554	0.02071	0.04472	0.70954	0.05367	0.02542	0.01036	0.00330	0.00471	0.02307	0.00753	0.00659
81	0.02122	0.01795	0.01893	0.01672	0.02150	0.02067	0.01310	0.10116	0.58982	0.03562	0.03170	0.02922	0.02370	0.01088	0.00824	0.00272	0.00667	0.00899	0.00824	0.01294
82	0.02088	0.01778	0.01874	0.01665	0.02137	0.02051	0.01301	0.08210	0.60944	0.03507	0.03214	0.02957	0.02405	0.01093	0.00825	0.00273	0.00659	0.00905	0.00825	0.01291
83	0.01775	0.01775	0.02485	0.02130	0.02130	0.02485	0.01775	0.01953	0.01243	0.01953	0.01065	0.01775	0.01065	0.01420	0.02663	0.00355	0.69998	0.00710	0.00355	0.00888
84	0.02147	0.69220	0.06811	0.01426	0.02141	0.03157	0.01454	0.02435	0.01651	0.01936	0.01141	0.01318	0.01041	0.00697	0.00531	0.00177	0.00881	0.00441	0.00347	0.01048
85	0.01513	0.00756	0.00756	0.00756	0.00945	0.00756	0.00567	0.01891	0.01702	0.03025	0.02647	0.03025	0.02080	0.00945	0.00567	0.00189	0.00378	0.00756	0.75988	0.00756
86	0.77215	0.01569	0.01193	0.01067	0.01569	0.01820	0.00879	0.02385	0.01381	0.03641	0.01130	0.01318	0.00879	0.00753	0.00502	0.00251	0.00628	0.00439	0.00502	0.00879
87	0.73214	0.01559	0.01230	0.01088	0.01597	0.01786	0.00896	0.02471	0.01432	0.07085	0.01242	0.01397	0.00940	0.00767	0.00519	0.00251	0.00631	0.00460	0.00529	0.00906
88	0.00987	0.00711	0.00937	0.01118	0.01174	0.00660	0.00748	0.01131	0.01565	0.02076	0.04616	0.68537	0.07691	0.02523	0.01033	0.00327	0.00468	0.02284	0.00753	0.00660
89	0.03085	0.02273	0.02435	0.01867	0.02516	0.02516	0.01542	0.63716	0.03815	0.05114	0.01948	0.01948	0.01380	0.00974	0.00812	0.00244	0.00893	0.00731	0.00812	0.01380
90	0.02009	0.01917	0.03203	0.04775	0.62451	0.01934	0.02416	0.02603	0.05744	0.02697	0.01636	0.02071	0.01359	0.00746	0.00805	0.00243	0.00944	0.00735	0.00428	0.01285
91	0.01650	0.01562	0.02645	0.53641	0.20565	0.01834	0.02312	0.02176	0.01678	0.02215	0.01463	0.02125	0.01132	0.00790	0.00809	0.00263	0.01053	0.00722	0.00371	0.00996
92	0.02169	0.71972	0.04252	0.01388	0.02083	0.03211	0.01388	0.02430	0.01649	0.01909	0.01128	0.01302	0.01041	0.00694	0.00521	0.00174	0.00868	0.00434	0.00347	0.01041
93	0.01021	0.00828	0.00909	0.00900	0.01149	0.00716	0.00683	0.01279	0.01964	0.02473	0.22801	0.07418	0.48689	0.01962	0.00965	0.00273	0.00417	0.04055	0.00789	0.00708
94	0.01935	0.01853	0.03162	0.14875	0.57097	0.01909	0.02454	0.02426	0.01813	0.02562	0.01513	0.02032	0.01254	0.00737	0.00805	0.00246	0.00982	0.00723	0.00395	0.01226
95	0.01173	0.00838	0.01153	0.01340	0.01468	0.00818	0.01073	0.01448	0.01735	0.02277	0.04371	0.35282	0.04964	0.02369	0.01085	0.00355	0.00630	0.36161	0.00750	0.00710
96	0.03641	0.01381	0.01883	0.01444	0.02071	0.01193	0.01193	0.03954	0.02322	0.66984	0.03201	0.02762	0.02009	0.01004	0.00816	0.00251	0.00690	0.00816	0.01004	0.01381
97	0.02008	0.01928	0.03294	0.04981	0.66422	0.01928	0.02490	0.02490	0.01848	0.02651	0.01526	0.02008	0.01285	0.00723	0.00803	0.00241	0.00964	0.00723	0.00402	0.01285
98	0.01180	0.00787	0.00885	0.00885	0.00885	0.00787	0.00492	0.01180	0.01180	0.01573	0.02557	0.05310	0.02950	0.71483	0.04130	0.00787	0.00787	0.01180	0.00492	0.00492
99	0.00959	0.00822	0.00822	0.00822	0.01096	0.00685	0.00617	0.01165	0.01850	0.02192	0.08220	0.07809	0.66092	0.02055	0.00959	0.00274	0.00411	0.01713	0.00754	0.00685
100	0.02169	0.71972	0.04252	0.01388	0.02083	0.03211	0.01388	0.02430	0.01649	0.01909	0.01128	0.01302	0.01041	0.00694	0.00521	0.00174	0.00868	0.00434	0.00347	0.01041
101	0.02055	0.02016	0.03249	0.04850	0.63532	0.04926	0.02449	0.02524	0.01868	0.02621	0.01514	0.01984	0.01274	0.00728	0.00800	0.00240	0.00987	0.00714	0.00402	0.01270
102	0.01074	0.00827	0.00981	0.00943	0.01167	0.00734	0.00707	0.01387	0.02121	0.02836	0.43276	0.06748	0.30634	0.01815	0.00958	0.00263	0.00394	0.01564	0.00838	0.00734
103	0.03282	0.01496	0.01893	0.01486	0.02082	0.01409	0.01216	0.10755	0.09061	0.50164	0.03299	0.02929	0.04948	0.01060	0.00823	0.00254	0.00696	0.00858	0.00952	0.01338
104	0.01188	0.00869	0.01100	0.01183	0.01321	0.00823	0.00823	0.05698	0.01753	0.02372	0.06512	0.59178	0.04913	0.02275	0.00990	0.00308	0.00506	0.02048	0.00746	0.05395
105	0.02824	0.02085	0.02245	0.01787	0.02384	0.02315	0.01455	0.44636	0.20285	0.07760	0.02378	0.02281	0.01708	0.01010	0.00816	0.00252	0.00815	0.00785	0.00825	0.01354
106	0.01415	0.05479	0.01481	0.01432	0.01656	0.05441	0.01211	0.01739	0.01869	0.02355	0.06922	0.14249	0.07754	0.02048	0.01033	0.00335	0.00739	0.41368	0.00708	0.00767

[dist]
# distance from previous block
# <min> <max>
0	2

# created by:
# /st0/software/busco_prod/Augustus/scripts/msa2prfl.pl ./align_prep/126841.fa
