[name]
unknown

[dist]
# distance from previous block
# <min> <max>
0	32

[block]
# block no. 0 follows, 24 sequences, length 59
# corresponding to MSA columns:
# 32-90
name=unknown_A
#
# <colnr> <probs for GDERKNQSTAVLIFYWHMCP>
#	G	D	E	R	K	N	Q	S	T	A	V	L	I	F	Y	W	H	M	C	P
0	0.01278	0.00913	0.01278	0.01460	0.01643	0.00913	0.01278	0.01643	0.01825	0.02373	0.04199	0.08945	0.04564	0.02191	0.01095	0.00365	0.00730	0.61847	0.00730	0.00730
1	0.02462	0.01875	0.02088	0.05595	0.02388	0.02039	0.01382	0.41426	0.10262	0.04132	0.04721	0.07435	0.01974	0.01068	0.00799	0.00239	0.00780	0.00858	0.00740	0.07738
2	0.70850	0.08003	0.01438	0.01071	0.01579	0.01903	0.00904	0.02335	0.01373	0.03404	0.01104	0.01287	0.00873	0.00731	0.00492	0.00238	0.00635	0.00429	0.00477	0.00873
3	0.01133	0.00850	0.01274	0.01274	0.01416	0.00991	0.00991	0.01416	0.01274	0.01841	0.02124	0.03115	0.01982	0.05947	0.68989	0.01274	0.02124	0.00850	0.00425	0.00708
4	0.01998	0.01711	0.01809	0.01605	0.02070	0.01956	0.01252	0.06353	0.61027	0.03351	0.03110	0.02870	0.02334	0.01053	0.00798	0.00262	0.00635	0.00874	0.00794	0.04139
5	0.02148	0.01417	0.01705	0.01267	0.01929	0.01153	0.01020	0.02632	0.06641	0.18951	0.01977	0.02008	0.01466	0.00723	0.00656	0.00161	0.00612	0.00584	0.00623	0.52327
6	0.02078	0.67104	0.09287	0.01429	0.02148	0.03034	0.01483	0.02385	0.01616	0.01918	0.01128	0.01304	0.01017	0.00684	0.00528	0.00176	0.00874	0.00437	0.00339	0.01030
7	0.01633	0.03807	0.58519	0.02423	0.03539	0.01866	0.12139	0.02516	0.01704	0.02516	0.01450	0.01744	0.01034	0.00741	0.00781	0.00254	0.01197	0.00638	0.00345	0.01157
8	0.01928	0.01848	0.03155	0.09802	0.62525	0.01875	0.02416	0.02403	0.01789	0.02548	0.01485	0.01974	0.01241	0.00713	0.00786	0.00238	0.00951	0.00706	0.00389	0.01228
9	0.00966	0.00690	0.00920	0.01104	0.01150	0.00644	0.00736	0.01104	0.01518	0.02024	0.04371	0.71614	0.05245	0.02484	0.01012	0.00322	0.00460	0.02254	0.00736	0.00644
10	0.01498	0.01409	0.02378	0.70226	0.05462	0.01762	0.02202	0.02026	0.01586	0.02026	0.01409	0.02114	0.01057	0.00793	0.00793	0.00264	0.01057	0.00705	0.00352	0.00881
11	0.01111	0.00787	0.00985	0.01012	0.01108	0.00767	0.00699	0.01292	0.01592	0.02163	0.19881	0.16154	0.08187	0.28184	0.07569	0.00545	0.00702	0.05988	0.00652	0.00624
12	0.01811	0.23878	0.34769	0.02240	0.03182	0.02261	0.16419	0.02477	0.01701	0.02327	0.01370	0.01661	0.01054	0.00712	0.00723	0.00231	0.01114	0.00618	0.00351	0.01103
13	0.01872	0.02139	0.04679	0.03342	0.04144	0.02005	0.64305	0.02540	0.01872	0.02540	0.01604	0.02139	0.01203	0.00668	0.00936	0.00267	0.01337	0.00936	0.00401	0.01070
14	0.00958	0.00722	0.00888	0.01020	0.01128	0.00651	0.00699	0.01114	0.01599	0.02057	0.05390	0.53815	0.22386	0.02352	0.00991	0.00307	0.00444	0.02093	0.00736	0.00651
15	0.01663	0.01325	0.01518	0.04087	0.01819	0.01443	0.01073	0.08147	0.28831	0.03183	0.24436	0.04081	0.07917	0.01390	0.00988	0.04672	0.00571	0.01089	0.00779	0.00990
16	0.02083	0.02020	0.03243	0.04355	0.53240	0.04938	0.08063	0.07466	0.01986	0.02750	0.01523	0.01950	0.01248	0.00728	0.00797	0.00237	0.00995	0.00720	0.00426	0.01231
17	0.00966	0.00690	0.00920	0.01104	0.01150	0.00644	0.00736	0.01104	0.01518	0.02024	0.04371	0.71614	0.05245	0.02484	0.01012	0.00322	0.00460	0.02254	0.00736	0.00644
18	0.01498	0.01409	0.02378	0.70226	0.05462	0.01762	0.02202	0.02026	0.01586	0.02026	0.01409	0.02114	0.01057	0.00793	0.00793	0.00264	0.01057	0.00705	0.00352	0.00881
19	0.01536	0.01449	0.02448	0.64787	0.10597	0.01772	0.02222	0.02060	0.01604	0.02073	0.01416	0.02102	0.01074	0.00786	0.00792	0.00262	0.01048	0.00705	0.00356	0.00912
20	0.01749	0.01890	0.03917	0.14822	0.06961	0.01856	0.45504	0.02350	0.01803	0.02425	0.01789	0.05201	0.01488	0.00830	0.00914	0.00272	0.01209	0.03585	0.00420	0.01013
21	0.01377	0.00689	0.01033	0.01033	0.01033	0.00689	0.00689	0.01033	0.01033	0.01377	0.01377	0.02410	0.01377	0.02755	0.03099	0.76928	0.00689	0.00689	0.00344	0.00344
22	0.00966	0.00690	0.00920	0.01104	0.01150	0.00644	0.00736	0.01104	0.01518	0.02024	0.04371	0.71614	0.05245	0.02484	0.01012	0.00322	0.00460	0.02254	0.00736	0.00644
23	0.01963	0.01884	0.03219	0.04867	0.67185	0.01884	0.02434	0.02434	0.01806	0.02591	0.01492	0.01963	0.01256	0.00707	0.00785	0.00236	0.00942	0.00707	0.00393	0.01256
24	0.02120	0.72609	0.04155	0.01357	0.02035	0.03138	0.01357	0.02374	0.01611	0.01866	0.01102	0.01272	0.01018	0.00678	0.00509	0.00170	0.00848	0.00424	0.00339	0.01018
25	0.01861	0.02109	0.04509	0.03247	0.03989	0.02037	0.59581	0.02492	0.01822	0.02492	0.01562	0.02109	0.01191	0.00723	0.01062	0.00273	0.06572	0.00918	0.00397	0.01054
26	0.01590	0.04102	0.68023	0.02260	0.03432	0.01842	0.02930	0.02511	0.01674	0.02511	0.01423	0.01674	0.01005	0.00753	0.00753	0.00251	0.01172	0.00586	0.00335	0.01172
27	0.00966	0.00690	0.00920	0.01104	0.01150	0.00644	0.00736	0.01104	0.01518	0.02024	0.04371	0.71614	0.05245	0.02484	0.01012	0.00322	0.00460	0.02254	0.00736	0.00644
28	0.03014	0.02221	0.02380	0.01825	0.02459	0.02459	0.01507	0.64541	0.03728	0.04998	0.01904	0.01904	0.01349	0.00952	0.00793	0.00238	0.00873	0.00714	0.00793	0.01349
29	0.01901	0.01426	0.01730	0.01274	0.01914	0.01176	0.01030	0.02234	0.01693	0.11037	0.01606	0.01789	0.01267	0.00700	0.00768	0.00152	0.05927	0.00530	0.00527	0.61320
30	0.01498	0.01409	0.02378	0.70226	0.05462	0.01762	0.02202	0.02026	0.01586	0.02026	0.01409	0.02114	0.01057	0.00793	0.00793	0.00264	0.01057	0.00705	0.00352	0.00881
31	0.01590	0.04102	0.68023	0.02260	0.03432	0.01842	0.02930	0.02511	0.01674	0.02511	0.01423	0.01674	0.01005	0.00753	0.00753	0.00251	0.01172	0.00586	0.00335	0.01172
32	0.01644	0.01409	0.01644	0.01175	0.01879	0.01057	0.00940	0.01997	0.01644	0.02584	0.01409	0.01644	0.01175	0.00587	0.00587	0.00117	0.00587	0.00470	0.00470	0.76979
33	0.01318	0.00854	0.01123	0.01031	0.01252	0.00782	0.00782	0.01687	0.02247	0.08367	0.61653	0.05664	0.07039	0.01570	0.00924	0.00249	0.00398	0.01383	0.00882	0.00797
34	0.01140	0.00886	0.01051	0.01067	0.01262	0.00856	0.00777	0.01641	0.10198	0.02582	0.24607	0.27201	0.19912	0.01920	0.00944	0.00280	0.00441	0.01685	0.00788	0.00762
35	0.02030	0.01863	0.05614	0.02482	0.08174	0.01606	0.28111	0.02613	0.04275	0.11196	0.01796	0.02071	0.01338	0.00708	0.00794	0.00218	0.00970	0.00751	0.00510	0.22882
36	0.02576	0.01394	0.01850	0.01591	0.07186	0.01173	0.01172	0.02912	0.01945	0.34147	0.02281	0.02245	0.01599	0.01021	0.03677	0.00239	0.00725	0.00664	0.00710	0.30893
37	0.02317	0.01867	0.05550	0.03663	0.43259	0.01764	0.02062	0.05312	0.07118	0.16162	0.01982	0.02180	0.01488	0.00805	0.00788	0.00241	0.00869	0.00736	0.00560	0.01275
38	0.01942	0.01475	0.01838	0.04482	0.07003	0.01278	0.01174	0.02542	0.09761	0.10798	0.01858	0.01985	0.01430	0.00716	0.00665	0.00168	0.00650	0.00592	0.00565	0.49078
39	0.01573	0.01282	0.01512	0.01192	0.01724	0.01056	0.00926	0.06397	0.01836	0.02723	0.08518	0.14457	0.02539	0.01053	0.00712	0.00176	0.00564	0.00900	0.00581	0.50279
40	0.73432	0.01573	0.01235	0.01088	0.01587	0.01818	0.00896	0.05912	0.01486	0.03641	0.01150	0.01324	0.00887	0.00749	0.00508	0.00245	0.00628	0.00446	0.00508	0.00887
41	0.01966	0.01352	0.01791	0.15956	0.02624	0.01228	0.01250	0.02391	0.03785	0.15868	0.02045	0.07286	0.01659	0.00871	0.00713	0.00195	0.00697	0.00736	0.00581	0.37006
42	0.01104	0.00857	0.01068	0.01016	0.01206	0.00821	0.00768	0.01413	0.02044	0.02796	0.45527	0.08965	0.21922	0.01742	0.01035	0.00263	0.04431	0.01487	0.00802	0.00731
43	0.02759	0.02124	0.16618	0.01946	0.02705	0.01535	0.12288	0.05526	0.04868	0.37567	0.02462	0.02366	0.01625	0.00882	0.00812	0.00251	0.00900	0.00777	0.00729	0.01260
44	0.01986	0.01734	0.02918	0.19351	0.48009	0.01799	0.02280	0.02457	0.01793	0.07697	0.01605	0.02056	0.01268	0.00748	0.00788	0.00243	0.00947	0.00713	0.00431	0.01179
45	0.01153	0.00769	0.00865	0.00865	0.00865	0.00769	0.00480	0.01153	0.01153	0.01538	0.02499	0.05189	0.02883	0.72131	0.04036	0.00769	0.00769	0.01153	0.00480	0.00480
46	0.01377	0.00689	0.01033	0.01033	0.01033	0.00689	0.00689	0.01033	0.01033	0.01377	0.01377	0.02410	0.01377	0.02755	0.03099	0.76928	0.00689	0.00689	0.00344	0.00344
47	0.02908	0.01621	0.01865	0.01525	0.02055	0.04437	0.01223	0.13468	0.16111	0.35967	0.02964	0.07775	0.02170	0.01103	0.00811	0.00253	0.00713	0.00903	0.00870	0.01257
48	0.32108	0.01695	0.01867	0.24207	0.03067	0.04421	0.01465	0.13790	0.01946	0.06474	0.01459	0.01752	0.01076	0.00810	0.00671	0.00249	0.00843	0.00595	0.00522	0.00983
49	0.01153	0.00769	0.00865	0.00865	0.00865	0.00769	0.00480	0.01153	0.01153	0.01538	0.02499	0.05189	0.02883	0.72131	0.04036	0.00769	0.00769	0.01153	0.00480	0.00480
50	0.00966	0.00690	0.00920	0.01104	0.01150	0.00644	0.00736	0.01104	0.01518	0.02024	0.04371	0.71614	0.05245	0.02484	0.01012	0.00322	0.00460	0.02254	0.00736	0.00644
51	0.01613	0.03944	0.62933	0.02347	0.03489	0.01855	0.07861	0.02514	0.01690	0.02514	0.01438	0.01712	0.01020	0.00747	0.00768	0.00252	0.01185	0.00614	0.00340	0.01164
52	0.01644	0.01409	0.01644	0.01175	0.01879	0.01057	0.00940	0.01997	0.01644	0.02584	0.01409	0.01644	0.01175	0.00587	0.00587	0.00117	0.00587	0.00470	0.00470	0.76979
53	0.01913	0.01889	0.03391	0.09555	0.52342	0.01894	0.12411	0.02420	0.01800	0.02540	0.01504	0.02003	0.01233	0.00707	0.00810	0.00243	0.01015	0.00743	0.00391	0.01198
54	0.02755	0.02155	0.02230	0.01781	0.02361	0.04955	0.01446	0.47254	0.18960	0.04463	0.02203	0.02145	0.01600	0.00977	0.00794	0.00244	0.00834	0.00751	0.00781	0.01309
55	0.00966	0.00690	0.00920	0.01104	0.01150	0.00644	0.00736	0.01104	0.01518	0.02024	0.04371	0.71614	0.05245	0.02484	0.01012	0.00322	0.00460	0.02254	0.00736	0.00644
56	0.01377	0.00689	0.01033	0.01033	0.01033	0.00689	0.00689	0.01033	0.01033	0.01377	0.01377	0.02410	0.01377	0.02755	0.03099	0.76928	0.00689	0.00689	0.00344	0.00344
57	0.01498	0.01409	0.02378	0.70226	0.05462	0.01762	0.02202	0.02026	0.01586	0.02026	0.01409	0.02114	0.01057	0.00793	0.00793	0.00264	0.01057	0.00705	0.00352	0.00881
58	0.01006	0.00765	0.00982	0.01101	0.01186	0.00741	0.00765	0.01164	0.01575	0.02078	0.06992	0.55560	0.14962	0.02323	0.01077	0.00312	0.03972	0.02054	0.00721	0.00663

[dist]
# distance from previous block
# <min> <max>
0	1

[block]
# block no. 1 follows, 24 sequences, length 32
# corresponding to MSA columns:
# 92-123
name=unknown_B
#
# <colnr> <probs for GDERKNQSTAVLIFYWHMCP>
#	G	D	E	R	K	N	Q	S	T	A	V	L	I	F	Y	W	H	M	C	P
0	0.02149	0.01664	0.01798	0.01591	0.02058	0.01883	0.01245	0.04175	0.58681	0.10493	0.03217	0.02930	0.02370	0.01065	0.00806	0.00266	0.00633	0.00886	0.00826	0.01266
1	0.01228	0.00971	0.01380	0.01327	0.01422	0.01172	0.01016	0.01446	0.01244	0.01799	0.02024	0.03265	0.01995	0.16740	0.47580	0.01045	0.12354	0.00879	0.00423	0.00693
2	0.01958	0.01896	0.03285	0.04798	0.64314	0.01890	0.05251	0.02439	0.01809	0.02588	0.01497	0.01971	0.01254	0.00705	0.00792	0.00237	0.00960	0.00717	0.00393	0.01248
3	0.02678	0.01209	0.01594	0.01298	0.01766	0.01097	0.01042	0.03153	0.07110	0.42699	0.22965	0.03724	0.03718	0.01188	0.00841	0.00248	0.00577	0.01003	0.00934	0.01155
4	0.01141	0.00831	0.01215	0.01229	0.01366	0.00950	0.00946	0.01418	0.01316	0.01922	0.02323	0.08337	0.02235	0.05381	0.59692	0.01136	0.01892	0.00950	0.05014	0.00705
5	0.01968	0.01989	0.02510	0.23306	0.23110	0.13435	0.03540	0.04409	0.07515	0.02368	0.01665	0.02244	0.01380	0.06037	0.01020	0.00282	0.01029	0.00728	0.00439	0.01026
6	0.51295	0.01401	0.01305	0.01120	0.01601	0.01510	0.00914	0.02573	0.01671	0.18032	0.09836	0.02192	0.01943	0.00903	0.00616	0.00246	0.00597	0.00639	0.00650	0.00956
7	0.67386	0.01536	0.01277	0.01107	0.01616	0.01735	0.00912	0.04492	0.01524	0.10481	0.01347	0.01459	0.00993	0.00769	0.00533	0.00245	0.00628	0.00478	0.00553	0.00927
8	0.01296	0.00918	0.01241	0.01292	0.06143	0.00848	0.00884	0.01660	0.02179	0.06373	0.54024	0.05596	0.11386	0.01550	0.00917	0.00250	0.00434	0.01366	0.00832	0.00811
9	0.01488	0.00894	0.01050	0.00991	0.01090	0.00894	0.00626	0.01660	0.06008	0.08750	0.02536	0.04551	0.02638	0.54113	0.03382	0.06358	0.00742	0.01062	0.00548	0.00620
10	0.02207	0.01505	0.01692	0.01460	0.01914	0.01612	0.01151	0.08116	0.36348	0.16618	0.10284	0.03501	0.07710	0.01177	0.00828	0.00260	0.00611	0.00979	0.00844	0.01183
11	0.01025	0.00742	0.00952	0.01031	0.01137	0.00687	0.00713	0.01235	0.01749	0.02371	0.24409	0.41402	0.10697	0.06594	0.01174	0.00323	0.00448	0.01877	0.00763	0.00669
12	0.02142	0.01854	0.01935	0.01873	0.06872	0.07033	0.01357	0.03982	0.52397	0.07023	0.02941	0.02753	0.02201	0.01023	0.00798	0.00260	0.00715	0.00847	0.00757	0.01235
13	0.01438	0.01355	0.02284	0.52712	0.04579	0.01588	0.06557	0.01930	0.01679	0.02162	0.06934	0.02987	0.08591	0.00975	0.00829	0.00264	0.00958	0.00879	0.00435	0.00863
14	0.09232	0.00819	0.00976	0.01051	0.01196	0.00795	0.00744	0.01341	0.01709	0.02500	0.20675	0.42938	0.09061	0.02041	0.00932	0.00291	0.00450	0.01808	0.00746	0.00696
15	0.00964	0.00699	0.00911	0.01082	0.01144	0.00646	0.00726	0.01107	0.01540	0.02033	0.04644	0.66840	0.09842	0.02449	0.01007	0.00318	0.00456	0.02211	0.00736	0.00646
16	0.00940	0.00791	0.00816	0.00837	0.01080	0.00667	0.00617	0.01134	0.01775	0.02129	0.07626	0.14751	0.60007	0.02061	0.00946	0.00274	0.00408	0.01738	0.00736	0.00667
17	0.01644	0.01409	0.01644	0.01175	0.01879	0.01057	0.00940	0.01997	0.01644	0.02584	0.01409	0.01644	0.01175	0.00587	0.00587	0.00117	0.00587	0.00470	0.00470	0.76979
18	0.08967	0.01440	0.01834	0.01479	0.02040	0.01275	0.01181	0.03600	0.02233	0.56064	0.03205	0.08085	0.02285	0.01197	0.00868	0.00285	0.00715	0.00935	0.00973	0.01339
19	0.01377	0.00689	0.01033	0.01033	0.01033	0.00689	0.00689	0.01033	0.01033	0.01377	0.01377	0.02410	0.01377	0.02755	0.03099	0.76928	0.00689	0.00689	0.00344	0.00344
20	0.01099	0.00806	0.00929	0.00918	0.01120	0.00715	0.00663	0.01324	0.01844	0.04432	0.23587	0.13802	0.34252	0.09432	0.01273	0.00322	0.00448	0.01586	0.00756	0.00690
21	0.05003	0.00908	0.01127	0.01034	0.01292	0.00847	0.00788	0.01895	0.02071	0.12906	0.39904	0.09762	0.07685	0.01480	0.00855	0.00247	0.00438	0.01279	0.09644	0.00834
22	0.01735	0.01735	0.02429	0.02082	0.02082	0.02429	0.01735	0.01908	0.01214	0.01908	0.01041	0.01735	0.01041	0.01388	0.02602	0.00347	0.70680	0.00694	0.00347	0.00867
23	0.01133	0.00850	0.01274	0.01274	0.01416	0.00991	0.00991	0.01416	0.01274	0.01841	0.02124	0.03115	0.01982	0.05947	0.68989	0.01274	0.02124	0.00850	0.00425	0.00708
24	0.01176	0.00818	0.01125	0.01125	0.01265	0.00903	0.00851	0.01416	0.01348	0.01970	0.02635	0.03570	0.06989	0.09945	0.46894	0.04155	0.01594	0.00914	0.10629	0.00677
25	0.01314	0.00953	0.01191	0.01094	0.01319	0.00924	0.00829	0.08223	0.02350	0.03290	0.55234	0.10317	0.06661	0.01613	0.00926	0.00254	0.00434	0.01417	0.00854	0.00805
26	0.01963	0.01884	0.03219	0.04867	0.67185	0.01884	0.02434	0.02434	0.01806	0.02591	0.01492	0.01963	0.01256	0.00707	0.00785	0.00236	0.00942	0.00707	0.00393	0.01256
27	0.01133	0.00850	0.01274	0.01274	0.01416	0.00991	0.00991	0.01416	0.01274	0.01841	0.02124	0.03115	0.01982	0.05947	0.68989	0.01274	0.02124	0.00850	0.00425	0.00708
28	0.01670	0.01640	0.02305	0.01995	0.02011	0.02275	0.01655	0.01856	0.01221	0.01901	0.01157	0.01883	0.01142	0.01876	0.09716	0.00446	0.63334	0.00711	0.00355	0.00850
29	0.01299	0.00844	0.01078	0.01020	0.01241	0.00763	0.00764	0.01614	0.02099	0.08771	0.45174	0.13575	0.15298	0.01720	0.00932	0.00260	0.00416	0.01507	0.00847	0.00779
30	0.02987	0.09518	0.02156	0.01506	0.02080	0.01664	0.01276	0.16602	0.04347	0.37831	0.02753	0.03043	0.02016	0.01073	0.00796	0.00249	0.00742	0.07282	0.00836	0.01243
31	0.01854	0.02250	0.17115	0.06656	0.26077	0.01753	0.11201	0.02553	0.06086	0.05533	0.01878	0.02541	0.01537	0.00859	0.00817	0.00252	0.00991	0.05282	0.00462	0.04301

[dist]
# distance from previous block
# <min> <max>
0	2

[block]
# block no. 2 follows, 24 sequences, length 35
# corresponding to MSA columns:
# 126-160
name=unknown_C
#
# <colnr> <probs for GDERKNQSTAVLIFYWHMCP>
#	G	D	E	R	K	N	Q	S	T	A	V	L	I	F	Y	W	H	M	C	P
0	0.01643	0.01514	0.02436	0.36845	0.22938	0.01714	0.02057	0.02291	0.07777	0.02340	0.01919	0.05458	0.01657	0.00959	0.00822	0.00265	0.00935	0.04972	0.00449	0.01007
1	0.01544	0.01289	0.01507	0.01133	0.01714	0.00997	0.00873	0.01842	0.01578	0.02425	0.01721	0.06386	0.01628	0.09184	0.01022	0.00207	0.00601	0.00661	0.00488	0.63198
2	0.01135	0.00842	0.01235	0.01235	0.01364	0.00970	0.00943	0.01391	0.01263	0.01812	0.02160	0.03313	0.02068	0.12252	0.62802	0.01226	0.01995	0.00879	0.00430	0.00686
3	0.56841	0.01643	0.01454	0.01223	0.01752	0.01846	0.01008	0.13988	0.01877	0.09938	0.01445	0.01537	0.01055	0.00799	0.00576	0.00244	0.00667	0.00517	0.00593	0.00996
4	0.00962	0.00804	0.00837	0.00829	0.01086	0.00680	0.00622	0.01186	0.01866	0.02280	0.15851	0.07404	0.58959	0.01957	0.00937	0.00265	0.00398	0.01642	0.00755	0.00680
5	0.01303	0.00945	0.01186	0.01076	0.01306	0.00911	0.00821	0.07502	0.02386	0.03353	0.60588	0.05541	0.06898	0.01557	0.00922	0.00248	0.00422	0.01365	0.00865	0.00805
6	0.11066	0.07622	0.37960	0.01812	0.02725	0.01731	0.02090	0.02734	0.01755	0.16274	0.01721	0.01815	0.01199	0.00784	0.00705	0.00236	0.00945	0.00594	0.00497	0.05735
7	0.01370	0.09437	0.01755	0.01391	0.01642	0.01158	0.06932	0.01669	0.03831	0.05382	0.03739	0.44823	0.06259	0.01940	0.00930	0.00294	0.00620	0.05367	0.00671	0.00791
8	0.01908	0.01828	0.03119	0.12613	0.59870	0.01870	0.02406	0.02385	0.01780	0.02524	0.01482	0.01981	0.01232	0.00717	0.00786	0.00239	0.00956	0.00706	0.00388	0.01212
9	0.01667	0.06024	0.09663	0.01314	0.02073	0.01276	0.01201	0.02080	0.01646	0.02532	0.01393	0.01625	0.01145	0.00612	0.00602	0.00136	0.00672	0.00481	0.00446	0.63412
10	0.01748	0.01648	0.02713	0.29220	0.36034	0.01740	0.02169	0.02227	0.01703	0.02376	0.01451	0.01982	0.01171	0.00725	0.00765	0.00232	0.00944	0.00678	0.00386	0.10088
11	0.00985	0.00704	0.00937	0.01092	0.01154	0.00656	0.00738	0.01151	0.01604	0.02161	0.11766	0.63828	0.05510	0.02382	0.01003	0.00313	0.00450	0.02157	0.00752	0.00656
12	0.01133	0.00771	0.00919	0.00936	0.00957	0.00783	0.00565	0.01180	0.01202	0.01620	0.02631	0.11228	0.03000	0.57699	0.11448	0.00786	0.00900	0.01221	0.00498	0.00523
13	0.01644	0.01409	0.01644	0.01175	0.01879	0.01057	0.00940	0.01997	0.01644	0.02584	0.01409	0.01644	0.01175	0.00587	0.00587	0.00117	0.00587	0.00470	0.00470	0.76979
14	0.77733	0.01534	0.01166	0.01043	0.01534	0.01779	0.00859	0.02331	0.01350	0.03558	0.01104	0.01288	0.00859	0.00736	0.00491	0.00245	0.00613	0.00429	0.00491	0.00859
15	0.02120	0.72609	0.04155	0.01357	0.02035	0.03138	0.01357	0.02374	0.01611	0.01866	0.01102	0.01272	0.01018	0.00678	0.00509	0.00170	0.00848	0.00424	0.00339	0.01018
16	0.01631	0.01364	0.01491	0.01376	0.01733	0.01500	0.01069	0.03132	0.41233	0.03102	0.17655	0.04451	0.11264	0.01360	0.00864	0.00269	0.00551	0.04097	0.00809	0.01050
17	0.00951	0.00804	0.00822	0.00818	0.01079	0.00675	0.00613	0.01164	0.01840	0.02218	0.12344	0.07506	0.62505	0.01980	0.00937	0.00266	0.00400	0.01656	0.00746	0.00675
18	0.01350	0.00856	0.01227	0.01267	0.01432	0.00795	0.03455	0.01563	0.01681	0.09913	0.06320	0.51410	0.04696	0.02169	0.00990	0.00313	0.00548	0.08502	0.00756	0.00758
19	0.01590	0.04102	0.68023	0.02260	0.03432	0.01842	0.02930	0.02511	0.01674	0.02511	0.01423	0.01674	0.01005	0.00753	0.00753	0.00251	0.01172	0.00586	0.00335	0.01172
20	0.01972	0.01703	0.01793	0.01614	0.02062	0.01972	0.01255	0.04214	0.65752	0.03317	0.03228	0.02959	0.02421	0.01076	0.00807	0.00269	0.00628	0.00897	0.00807	0.01255
21	0.73114	0.01672	0.01232	0.01105	0.01590	0.05928	0.00900	0.02383	0.01405	0.03458	0.01112	0.01297	0.00869	0.00741	0.00505	0.00243	0.00664	0.00434	0.00486	0.00863
22	0.01604	0.04005	0.64914	0.02313	0.03467	0.01850	0.05942	0.02513	0.01684	0.02513	0.01432	0.01697	0.01014	0.00749	0.00762	0.00252	0.01180	0.00603	0.00338	0.01167
23	0.01122	0.00811	0.01060	0.00998	0.01185	0.00748	0.00748	0.01496	0.02245	0.03180	0.66766	0.05923	0.07482	0.01621	0.00935	0.00249	0.00374	0.01434	0.00873	0.00748
24	0.01079	0.00788	0.01014	0.01001	0.01169	0.00723	0.00734	0.01397	0.02079	0.02888	0.50807	0.17835	0.11911	0.01807	0.00949	0.00264	0.00392	0.01601	0.00837	0.00723
25	0.01644	0.01409	0.01644	0.01175	0.01879	0.01057	0.00940	0.01997	0.01644	0.02584	0.01409	0.01644	0.01175	0.00587	0.00587	0.00117	0.00587	0.00470	0.00470	0.76979
26	0.08437	0.38166	0.15125	0.01517	0.02262	0.05161	0.01558	0.04916	0.01718	0.02361	0.01243	0.01433	0.01038	0.00701	0.00583	0.00188	0.00875	0.00476	0.00391	0.11852
27	0.00993	0.00701	0.00912	0.01070	0.01109	0.00662	0.00699	0.01111	0.01465	0.01954	0.04099	0.61993	0.04903	0.12572	0.01450	0.00387	0.00505	0.02095	0.00699	0.00620
28	0.01644	0.01409	0.01644	0.01175	0.01879	0.01057	0.00940	0.01997	0.01644	0.02584	0.01409	0.01644	0.01175	0.00587	0.00587	0.00117	0.00587	0.00470	0.00470	0.76979
29	0.01613	0.03965	0.64020	0.02421	0.07370	0.01844	0.02899	0.02507	0.01682	0.02516	0.01427	0.01692	0.01020	0.00750	0.00755	0.00250	0.01158	0.00593	0.00338	0.01177
30	0.02029	0.08360	0.04545	0.01453	0.01899	0.01760	0.01200	0.12191	0.25134	0.08282	0.02973	0.03506	0.06172	0.12448	0.01311	0.00337	0.00725	0.03914	0.00695	0.01065
31	0.01876	0.05106	0.13337	0.02387	0.10053	0.02300	0.01976	0.08055	0.01616	0.02381	0.01242	0.01749	0.01089	0.01132	0.01825	0.00300	0.41500	0.00669	0.00393	0.01015
32	0.45547	0.08083	0.01851	0.01375	0.01832	0.02126	0.01158	0.13559	0.01784	0.03410	0.01239	0.01468	0.00990	0.00871	0.00876	0.00253	0.11583	0.00522	0.00510	0.00963
33	0.08935	0.01640	0.02231	0.02057	0.05869	0.02193	0.01601	0.01923	0.01262	0.02086	0.01191	0.01934	0.01167	0.04980	0.05097	0.00390	0.53508	0.00699	0.00373	0.00864
34	0.17391	0.01678	0.02146	0.01842	0.01967	0.02245	0.01532	0.02074	0.01285	0.04907	0.01138	0.01682	0.01041	0.01238	0.02096	0.00322	0.53484	0.00644	0.00402	0.00885

[dist]
# distance from previous block
# <min> <max>
0	2

# created by:
# /st0/software/busco_prod/Augustus/scripts/msa2prfl.pl ./align_prep/127020.fa
