[name]
unknown

[dist]
# distance from previous block
# <min> <max>
0	1

[block]
# block no. 0 follows, 26 sequences, length 131
# corresponding to MSA columns:
# 1-131
name=unknown_A
#
# <colnr> <probs for GDERKNQSTAVLIFYWHMCP>
#	G	D	E	R	K	N	Q	S	T	A	V	L	I	F	Y	W	H	M	C	P
0	0.02237	0.01035	0.01392	0.01166	0.01547	0.00919	0.00931	0.02562	0.02145	0.35871	0.33619	0.04231	0.04438	0.01265	0.00834	0.00240	0.00512	0.03171	0.00882	0.01001
1	0.01751	0.24823	0.46955	0.01869	0.02826	0.02108	0.02281	0.02416	0.01607	0.04963	0.01336	0.01526	0.01002	0.00708	0.00652	0.00217	0.01008	0.00522	0.00347	0.01084
2	0.02966	0.01227	0.01643	0.01292	0.01806	0.01085	0.01054	0.05423	0.02214	0.55028	0.14702	0.03111	0.02809	0.01048	0.00786	0.00235	0.00600	0.00870	0.00914	0.01187
3	0.01103	0.00735	0.00827	0.00827	0.00827	0.00735	0.00460	0.01103	0.01103	0.01471	0.02390	0.04964	0.02758	0.73343	0.03861	0.00735	0.00735	0.01103	0.00460	0.00460
4	0.01165	0.00791	0.01016	0.00949	0.01146	0.00726	0.00715	0.01512	0.02103	0.05398	0.59964	0.05507	0.09713	0.01517	0.00874	0.00237	0.00369	0.01331	0.04235	0.00733
5	0.78701	0.01467	0.01115	0.00997	0.01467	0.01702	0.00821	0.02230	0.01291	0.03403	0.01056	0.01232	0.00821	0.00704	0.00469	0.00235	0.00587	0.00411	0.00469	0.00821
6	0.01887	0.01629	0.01715	0.01544	0.01972	0.01887	0.01201	0.04031	0.67241	0.03173	0.03087	0.02830	0.02315	0.01029	0.00772	0.00257	0.00600	0.00858	0.00772	0.01201
7	0.01318	0.00659	0.00988	0.00988	0.00988	0.00659	0.00659	0.00988	0.00988	0.01318	0.01318	0.02306	0.01318	0.02635	0.02964	0.77931	0.00659	0.00659	0.00329	0.00329
8	0.02762	0.03505	0.02102	0.01921	0.02299	0.67703	0.01437	0.02955	0.02124	0.01859	0.01284	0.04029	0.01127	0.00841	0.00695	0.00200	0.01333	0.00551	0.00402	0.00870
9	0.00950	0.00678	0.00910	0.01085	0.01141	0.00638	0.00749	0.01100	0.01477	0.01965	0.04166	0.67328	0.04961	0.02352	0.00975	0.00312	0.00462	0.07424	0.00704	0.00623
10	0.01812	0.01748	0.02994	0.04350	0.61618	0.01735	0.04945	0.02255	0.01730	0.02449	0.01822	0.02223	0.05389	0.00752	0.00766	0.00229	0.00885	0.00743	0.00396	0.01159
11	0.01819	0.11781	0.49947	0.01995	0.02963	0.04334	0.02388	0.11473	0.01893	0.02650	0.01385	0.01580	0.01010	0.00741	0.00698	0.00228	0.01053	0.00557	0.00386	0.01120
12	0.02833	0.02099	0.02248	0.01735	0.02333	0.02329	0.01429	0.62936	0.06795	0.04699	0.01885	0.01872	0.01342	0.00917	0.00759	0.00229	0.00823	0.00692	0.00759	0.01285
13	0.01730	0.14155	0.29838	0.02984	0.29275	0.01940	0.02297	0.02317	0.01662	0.02356	0.03689	0.01794	0.01277	0.00720	0.00701	0.00222	0.00956	0.00611	0.00361	0.01115
14	0.02416	0.02824	0.02555	0.03133	0.31262	0.40408	0.01842	0.02723	0.01965	0.02128	0.01283	0.01590	0.01075	0.00735	0.00713	0.00208	0.01164	0.00570	0.00384	0.01020
15	0.01103	0.00735	0.00827	0.00827	0.00827	0.00735	0.00460	0.01103	0.01103	0.01471	0.02390	0.04964	0.02758	0.73343	0.03861	0.00735	0.00735	0.01103	0.00460	0.00460
16	0.02028	0.73799	0.03975	0.01298	0.01947	0.03001	0.01298	0.02271	0.01541	0.01785	0.01055	0.01217	0.00973	0.00649	0.00487	0.00162	0.00811	0.00406	0.00324	0.00973
17	0.01733	0.33103	0.42087	0.01801	0.02725	0.02279	0.02174	0.02347	0.01576	0.02144	0.01233	0.01441	0.00966	0.00691	0.00623	0.00208	0.00992	0.00496	0.00322	0.01059
18	0.01084	0.00813	0.01219	0.01219	0.01354	0.00948	0.00948	0.01354	0.01219	0.01761	0.02032	0.02980	0.01896	0.05689	0.70337	0.01219	0.02032	0.00813	0.00406	0.00677
19	0.01222	0.00873	0.01222	0.01397	0.01572	0.00873	0.01222	0.01572	0.01746	0.02270	0.04016	0.08556	0.04365	0.02095	0.01048	0.00349	0.00698	0.63506	0.00698	0.00698
20	0.01877	0.01802	0.03079	0.04656	0.68612	0.01802	0.02328	0.02328	0.01727	0.02478	0.01427	0.01877	0.01201	0.00676	0.00751	0.00225	0.00901	0.00676	0.00375	0.01201
21	0.06186	0.02403	0.28836	0.01883	0.05509	0.01466	0.04617	0.02994	0.01865	0.33520	0.02116	0.02071	0.01400	0.00816	0.00737	0.00237	0.00871	0.00667	0.00621	0.01185
22	0.00922	0.00670	0.00870	0.01030	0.01093	0.00618	0.00692	0.01059	0.01478	0.01947	0.04502	0.66840	0.10817	0.02335	0.00962	0.00303	0.00435	0.02105	0.00704	0.00618
23	0.78701	0.01467	0.01115	0.00997	0.01467	0.01702	0.00821	0.02230	0.01291	0.03403	0.01056	0.01232	0.00821	0.00704	0.00469	0.00235	0.00587	0.00411	0.00469	0.00821
24	0.01074	0.00775	0.01014	0.00954	0.01133	0.00716	0.00716	0.01431	0.02147	0.03042	0.68211	0.05666	0.07157	0.01551	0.00895	0.00239	0.00358	0.01372	0.00835	0.00716
25	0.78701	0.01467	0.01115	0.00997	0.01467	0.01702	0.00821	0.02230	0.01291	0.03403	0.01056	0.01232	0.00821	0.00704	0.00469	0.00235	0.00587	0.00411	0.00469	0.00821
26	0.01092	0.00734	0.00842	0.00847	0.00860	0.00728	0.00488	0.01121	0.01186	0.01592	0.06589	0.08422	0.03146	0.65292	0.03530	0.00683	0.00697	0.01173	0.00495	0.00483
27	0.07098	0.01303	0.01718	0.01320	0.01906	0.01139	0.01089	0.03532	0.02096	0.62450	0.02812	0.02463	0.01786	0.00908	0.00738	0.00228	0.00638	0.00729	0.00890	0.05156
28	0.01784	0.01532	0.01622	0.01480	0.01877	0.01754	0.01143	0.03718	0.60310	0.03047	0.03354	0.07394	0.05328	0.01152	0.00789	0.00260	0.00581	0.00971	0.00765	0.01140
29	0.01432	0.01348	0.02275	0.71520	0.05224	0.01685	0.02107	0.01938	0.01517	0.01938	0.01348	0.02022	0.01011	0.00758	0.00758	0.00253	0.01011	0.00674	0.00337	0.00843
30	0.01839	0.01898	0.03601	0.03770	0.34716	0.01860	0.30633	0.02501	0.06678	0.02509	0.01600	0.02024	0.01263	0.00686	0.00817	0.00241	0.01047	0.00787	0.00409	0.01122
31	0.01034	0.00766	0.00966	0.00949	0.01127	0.00698	0.00709	0.01340	0.01991	0.02734	0.49151	0.12833	0.17231	0.01717	0.00908	0.00253	0.00383	0.03724	0.00795	0.00692
32	0.72228	0.01452	0.01170	0.01028	0.01507	0.01651	0.00847	0.02356	0.01367	0.09054	0.01223	0.01348	0.00912	0.00724	0.00495	0.00235	0.00592	0.00441	0.00510	0.00862
33	0.16198	0.02678	0.01929	0.01664	0.02118	0.35917	0.01298	0.20219	0.02360	0.02986	0.01396	0.01542	0.01084	0.00809	0.00659	0.00210	0.01032	0.00539	0.04387	0.00974
34	0.01154	0.00824	0.01142	0.01306	0.01454	0.00813	0.01092	0.01458	0.01703	0.02235	0.06912	0.21801	0.04625	0.02130	0.01024	0.00336	0.00630	0.47975	0.00706	0.00682
35	0.01981	0.01608	0.01718	0.01531	0.01970	0.01838	0.01195	0.04010	0.63179	0.07291	0.03081	0.02814	0.02288	0.01023	0.00771	0.00256	0.00603	0.00852	0.00782	0.01206
36	0.01877	0.01802	0.03079	0.04656	0.68612	0.01802	0.02328	0.02328	0.01727	0.02478	0.01427	0.01877	0.01201	0.00676	0.00751	0.00225	0.00901	0.00676	0.00375	0.01201
37	0.01573	0.01348	0.01573	0.01123	0.01798	0.01011	0.00899	0.01910	0.01573	0.02472	0.01348	0.01573	0.01123	0.00562	0.00562	0.00112	0.00562	0.00449	0.00449	0.77980
38	0.01949	0.01660	0.01750	0.01556	0.01996	0.01916	0.01216	0.07904	0.63266	0.03273	0.03008	0.02767	0.02251	0.01022	0.00771	0.00255	0.00615	0.00847	0.00771	0.01206
39	0.01887	0.01629	0.01715	0.01544	0.01972	0.01887	0.01201	0.04031	0.67241	0.03173	0.03087	0.02830	0.02315	0.01029	0.00772	0.00257	0.00600	0.00858	0.00772	0.01201
40	0.00896	0.00768	0.00768	0.00768	0.01025	0.00640	0.00576	0.01089	0.01729	0.02049	0.07684	0.07300	0.68304	0.01921	0.00896	0.00256	0.00384	0.01601	0.00704	0.00640
41	0.00896	0.00768	0.00768	0.00768	0.01025	0.00640	0.00576	0.01089	0.01729	0.02049	0.07684	0.07300	0.68304	0.01921	0.00896	0.00256	0.00384	0.01601	0.00704	0.00640
42	0.02766	0.02168	0.07029	0.01723	0.02353	0.02197	0.01495	0.56391	0.03294	0.07786	0.01867	0.01874	0.01316	0.00897	0.00749	0.00227	0.00831	0.00679	0.03095	0.01260
43	0.01089	0.00817	0.01094	0.01186	0.04458	0.00764	0.00839	0.01398	0.01926	0.02649	0.41200	0.16916	0.11998	0.01742	0.00918	0.00264	0.00440	0.08825	0.00763	0.00714
44	0.01953	0.44651	0.26231	0.01598	0.02404	0.02441	0.01800	0.02419	0.01607	0.06838	0.01299	0.01447	0.01034	0.00694	0.00587	0.00194	0.00905	0.00484	0.00367	0.01047
45	0.78701	0.01467	0.01115	0.00997	0.01467	0.01702	0.00821	0.02230	0.01291	0.03403	0.01056	0.01232	0.00821	0.00704	0.00469	0.00235	0.00587	0.00411	0.00469	0.00821
46	0.05872	0.64045	0.09529	0.01358	0.02039	0.02827	0.01405	0.02281	0.01534	0.01920	0.01081	0.01251	0.00965	0.00658	0.00506	0.00173	0.00827	0.00419	0.00331	0.00979
47	0.01662	0.01466	0.02029	0.02360	0.21381	0.01549	0.03781	0.02774	0.28131	0.02906	0.20022	0.03283	0.03245	0.01051	0.00803	0.00243	0.00648	0.00944	0.00658	0.01064
48	0.01050	0.00775	0.00970	0.00930	0.01113	0.00709	0.00695	0.01362	0.02013	0.02774	0.52801	0.05997	0.17188	0.05129	0.01044	0.00269	0.00391	0.03310	0.00790	0.00690
49	0.01793	0.01539	0.01631	0.01474	0.01879	0.01760	0.01144	0.03742	0.60366	0.03117	0.07350	0.03199	0.05450	0.01100	0.00785	0.00256	0.00576	0.00922	0.00773	0.01146
50	0.00991	0.00711	0.00940	0.01011	0.01115	0.00660	0.00709	0.01223	0.01762	0.02429	0.32717	0.42907	0.05971	0.02008	0.00935	0.00277	0.00403	0.01807	0.00762	0.00660
51	0.01827	0.01751	0.02988	0.12192	0.61467	0.01789	0.02303	0.02284	0.01703	0.02417	0.01418	0.01894	0.01180	0.00685	0.00752	0.00228	0.00914	0.00676	0.00371	0.01161
52	0.01887	0.01629	0.01715	0.01544	0.01972	0.01887	0.01201	0.04031	0.67241	0.03173	0.03087	0.02830	0.02315	0.01029	0.00772	0.00257	0.00600	0.00858	0.00772	0.01201
53	0.01774	0.01948	0.06432	0.02687	0.03372	0.01777	0.47759	0.08320	0.01988	0.02705	0.09037	0.02585	0.04160	0.00813	0.00875	0.00251	0.01098	0.00938	0.00477	0.01006
54	0.02883	0.02125	0.02276	0.01745	0.02352	0.02352	0.01442	0.66082	0.03566	0.04780	0.01821	0.01821	0.01290	0.00911	0.00759	0.00228	0.00835	0.00683	0.00759	0.01290
55	0.02294	0.01710	0.01802	0.01550	0.02023	0.04753	0.01223	0.10601	0.46459	0.14573	0.02852	0.02616	0.02073	0.00990	0.00765	0.00248	0.00666	0.00807	0.00783	0.01212
56	0.01017	0.00752	0.00818	0.00813	0.00932	0.00695	0.00527	0.01123	0.01440	0.01830	0.09770	0.05967	0.29684	0.38675	0.02423	0.00502	0.00563	0.01326	0.00589	0.00553
57	0.01877	0.01802	0.03079	0.04656	0.68612	0.01802	0.02328	0.02328	0.01727	0.02478	0.01427	0.01877	0.01201	0.00676	0.00751	0.00225	0.00901	0.00676	0.00375	0.01201
58	0.02715	0.03172	0.02108	0.01875	0.02297	0.53002	0.01428	0.10882	0.10862	0.02387	0.01503	0.01615	0.01191	0.00830	0.00705	0.00207	0.01202	0.00561	0.00486	0.00972
59	0.01887	0.01629	0.01715	0.01544	0.01972	0.01887	0.01201	0.04031	0.67241	0.03173	0.03087	0.02830	0.02315	0.01029	0.00772	0.00257	0.00600	0.00858	0.00772	0.01201
60	0.01521	0.03923	0.69413	0.02162	0.03283	0.01762	0.02802	0.02402	0.01601	0.02402	0.01361	0.01601	0.00961	0.00721	0.00721	0.00240	0.01121	0.00560	0.00320	0.01121
61	0.00916	0.00722	0.00827	0.00901	0.01062	0.00633	0.00638	0.01089	0.01626	0.02041	0.08653	0.35698	0.38304	0.02103	0.00928	0.00278	0.00407	0.01833	0.00710	0.00633
62	0.02878	0.02514	0.02422	0.02221	0.09682	0.17488	0.01602	0.40203	0.05927	0.03899	0.01882	0.02055	0.01450	0.00996	0.00828	0.00260	0.01013	0.00710	0.00695	0.01276
63	0.01102	0.00739	0.00847	0.00847	0.00854	0.00746	0.00484	0.01116	0.01109	0.01485	0.02372	0.04863	0.02714	0.69913	0.07231	0.00760	0.00801	0.01088	0.00457	0.00471
64	0.01859	0.01909	0.06415	0.04530	0.65326	0.01800	0.02352	0.02332	0.01721	0.02474	0.01423	0.01863	0.01189	0.00678	0.00749	0.00226	0.00912	0.00670	0.00373	0.01197
65	0.00922	0.00669	0.00870	0.01031	0.01094	0.00618	0.00693	0.01059	0.01476	0.01946	0.04483	0.67195	0.10475	0.02337	0.00962	0.00304	0.00435	0.02108	0.00704	0.00618
66	0.65706	0.04968	0.06785	0.01147	0.01673	0.04822	0.01031	0.02281	0.01365	0.03182	0.01086	0.01267	0.00846	0.00706	0.00500	0.00230	0.00675	0.00426	0.00447	0.00855
67	0.01561	0.03675	0.61424	0.02413	0.08914	0.01771	0.04991	0.02397	0.01619	0.02410	0.01373	0.01641	0.00988	0.00714	0.00729	0.00239	0.01108	0.00582	0.00327	0.01124
68	0.01539	0.06406	0.67088	0.02131	0.03235	0.01806	0.02749	0.02397	0.01599	0.02380	0.01350	0.01588	0.00961	0.00718	0.00712	0.00237	0.01110	0.00555	0.00320	0.01116
69	0.01103	0.00735	0.00827	0.00827	0.00827	0.00735	0.00460	0.01103	0.01103	0.01471	0.02390	0.04964	0.02758	0.73343	0.03861	0.00735	0.00735	0.01103	0.00460	0.00460
70	0.02028	0.73799	0.03975	0.01298	0.01947	0.03001	0.01298	0.02271	0.01541	0.01785	0.01055	0.01217	0.00973	0.00649	0.00487	0.00162	0.00811	0.00406	0.00324	0.00973
71	0.01521	0.03923	0.69413	0.02162	0.03283	0.01762	0.02802	0.02402	0.01601	0.02402	0.01361	0.01601	0.00961	0.00721	0.00721	0.00240	0.01121	0.00560	0.00320	0.01121
72	0.01913	0.01622	0.01719	0.01530	0.01959	0.01864	0.01194	0.07789	0.60379	0.03267	0.05896	0.02893	0.02466	0.01045	0.00776	0.00255	0.00604	0.00869	0.00774	0.01185
73	0.01887	0.01629	0.01715	0.01544	0.01972	0.01887	0.01201	0.04031	0.67241	0.03173	0.03087	0.02830	0.02315	0.01029	0.00772	0.00257	0.00600	0.00858	0.00772	0.01201
74	0.03403	0.01291	0.01760	0.01350	0.01936	0.01115	0.01115	0.03697	0.02171	0.69137	0.02992	0.02582	0.01878	0.00939	0.00763	0.00235	0.00645	0.00763	0.00939	0.01291
75	0.02028	0.73799	0.03975	0.01298	0.01947	0.03001	0.01298	0.02271	0.01541	0.01785	0.01055	0.01217	0.00973	0.00649	0.00487	0.00162	0.00811	0.00406	0.00324	0.00973
76	0.14007	0.62498	0.03528	0.01251	0.01872	0.02798	0.01223	0.02265	0.01502	0.02037	0.01055	0.01219	0.00950	0.00658	0.00484	0.00174	0.00776	0.00406	0.00347	0.00950
77	0.01432	0.01348	0.02275	0.71520	0.05224	0.01685	0.02107	0.01938	0.01517	0.01938	0.01348	0.02022	0.01011	0.00758	0.00758	0.00253	0.01011	0.00674	0.00337	0.00843
78	0.01937	0.01915	0.03021	0.04487	0.64475	0.06078	0.02274	0.02372	0.01753	0.02439	0.01411	0.01845	0.01187	0.00682	0.00747	0.00223	0.00930	0.00664	0.00376	0.01181
79	0.01074	0.00775	0.01014	0.00954	0.01133	0.00716	0.00716	0.01431	0.02147	0.03042	0.68211	0.05666	0.07157	0.01551	0.00895	0.00239	0.00358	0.01372	0.00835	0.00716
80	0.01877	0.01802	0.03079	0.04656	0.68612	0.01802	0.02328	0.02328	0.01727	0.02478	0.01427	0.01877	0.01201	0.00676	0.00751	0.00225	0.00901	0.00676	0.00375	0.01201
81	0.02883	0.02125	0.02276	0.01745	0.02352	0.02352	0.01442	0.66082	0.03566	0.04780	0.01821	0.01821	0.01290	0.00911	0.00759	0.00228	0.00835	0.00683	0.00759	0.01290
82	0.01097	0.00845	0.01006	0.01030	0.01200	0.00824	0.00739	0.01567	0.10480	0.02410	0.22459	0.29686	0.16768	0.05046	0.01037	0.00291	0.00441	0.01615	0.00739	0.00720
83	0.01052	0.00770	0.00987	0.00943	0.01123	0.00705	0.00703	0.01387	0.02083	0.02912	0.60415	0.08570	0.12283	0.01616	0.00898	0.00243	0.00363	0.01424	0.00818	0.00705
84	0.02096	0.01897	0.01927	0.01844	0.07103	0.08723	0.01340	0.11040	0.48390	0.03177	0.02624	0.02495	0.01979	0.00964	0.00760	0.00245	0.00727	0.00787	0.00702	0.01179
85	0.00946	0.00749	0.00852	0.00871	0.01066	0.00655	0.00636	0.01169	0.01781	0.02278	0.22292	0.19489	0.40698	0.01915	0.00910	0.00262	0.00388	0.01650	0.00737	0.00655
86	0.01777	0.42812	0.28540	0.01603	0.02401	0.02390	0.01831	0.02268	0.01602	0.02097	0.05363	0.01640	0.01355	0.00732	0.00601	0.00196	0.00900	0.00524	0.00355	0.01013
87	0.39086	0.30343	0.02378	0.01226	0.01764	0.08238	0.01088	0.04500	0.01543	0.02674	0.01092	0.01258	0.00911	0.00696	0.00505	0.00202	0.00752	0.00425	0.00415	0.00903
88	0.68226	0.04089	0.01323	0.01100	0.01575	0.06658	0.00904	0.04368	0.01435	0.03283	0.01089	0.01261	0.00853	0.00714	0.00495	0.00229	0.00658	0.00425	0.00468	0.00846
89	0.01877	0.01802	0.03079	0.04656	0.68612	0.01802	0.02328	0.02328	0.01727	0.02478	0.01427	0.01877	0.01201	0.00676	0.00751	0.00225	0.00901	0.00676	0.00375	0.01201
90	0.01066	0.00761	0.01043	0.01218	0.01324	0.00738	0.00950	0.01301	0.01592	0.02095	0.04102	0.42300	0.04707	0.02243	0.01006	0.00328	0.00563	0.31306	0.00701	0.00655
91	0.01048	0.00769	0.00982	0.00940	0.01120	0.00703	0.00701	0.01377	0.02070	0.02885	0.58803	0.09110	0.13405	0.01629	0.00898	0.00244	0.00365	0.01434	0.00815	0.00703
92	0.01659	0.01659	0.02323	0.01991	0.01991	0.02323	0.01659	0.01825	0.01162	0.01825	0.00996	0.01659	0.00996	0.01328	0.02489	0.00332	0.71955	0.00664	0.00332	0.00830
93	0.01213	0.00847	0.01034	0.00972	0.01208	0.00778	0.00743	0.01603	0.04925	0.06882	0.42837	0.05885	0.22768	0.01607	0.00887	0.00248	0.00406	0.03606	0.00799	0.00753
94	0.01790	0.02046	0.04476	0.03197	0.03964	0.01918	0.65857	0.02430	0.01790	0.02430	0.01535	0.02046	0.01151	0.00639	0.00895	0.00256	0.01279	0.00895	0.00384	0.01023
95	0.01804	0.01727	0.02946	0.15678	0.58163	0.01783	0.02291	0.02264	0.01692	0.02389	0.01414	0.01901	0.01170	0.00689	0.00752	0.00230	0.00919	0.00676	0.00369	0.01142
96	0.01318	0.00659	0.00988	0.00988	0.00988	0.00659	0.00659	0.00988	0.00988	0.01318	0.01318	0.02306	0.01318	0.02635	0.02964	0.77931	0.00659	0.00659	0.00329	0.00329
97	0.02006	0.70801	0.06783	0.01335	0.02004	0.02948	0.01362	0.02277	0.01544	0.01811	0.01068	0.01233	0.00973	0.00652	0.00497	0.00166	0.00824	0.00412	0.00324	0.00980
98	0.62767	0.11800	0.04062	0.01112	0.01628	0.03970	0.00981	0.02266	0.01364	0.03092	0.01071	0.01248	0.00853	0.00699	0.00488	0.00224	0.00662	0.00418	0.00441	0.00856
99	0.01877	0.01802	0.03079	0.04656	0.68612	0.01802	0.02328	0.02328	0.01727	0.02478	0.01427	0.01877	0.01201	0.00676	0.00751	0.00225	0.00901	0.00676	0.00375	0.01201
100	0.01521	0.03923	0.69413	0.02162	0.03283	0.01762	0.02802	0.02402	0.01601	0.02402	0.01361	0.01601	0.00961	0.00721	0.00721	0.00240	0.01121	0.00560	0.00320	0.01121
101	0.01887	0.01629	0.01715	0.01544	0.01972	0.01887	0.01201	0.04031	0.67241	0.03173	0.03087	0.02830	0.02315	0.01029	0.00772	0.00257	0.00600	0.00858	0.00772	0.01201
102	0.02388	0.01879	0.01997	0.01645	0.02163	0.02121	0.01322	0.35251	0.35204	0.03982	0.02450	0.02322	0.01799	0.00969	0.00765	0.00242	0.00718	0.00770	0.00765	0.01246
103	0.00924	0.00660	0.00880	0.01056	0.01100	0.00616	0.00704	0.01056	0.01452	0.01936	0.04181	0.72848	0.05017	0.02376	0.00968	0.00308	0.00440	0.02156	0.00704	0.00616
104	0.01086	0.00909	0.04041	0.01013	0.01227	0.00757	0.00808	0.01456	0.02089	0.02959	0.62126	0.08760	0.06778	0.01554	0.00890	0.00242	0.00396	0.01374	0.00806	0.00729
105	0.01432	0.01348	0.02275	0.71520	0.05224	0.01685	0.02107	0.01938	0.01517	0.01938	0.01348	0.02022	0.01011	0.00758	0.00758	0.00253	0.01011	0.00674	0.00337	0.00843
106	0.01623	0.06251	0.64124	0.02096	0.03176	0.01776	0.02675	0.02455	0.01625	0.05340	0.01423	0.01631	0.01002	0.00728	0.00714	0.00237	0.01089	0.00564	0.00348	0.01123
107	0.01074	0.00775	0.01014	0.00954	0.01133	0.00716	0.00716	0.01431	0.02147	0.03042	0.68211	0.05666	0.07157	0.01551	0.00895	0.00239	0.00358	0.01372	0.00835	0.00716
108	0.02596	0.21109	0.05015	0.01737	0.02278	0.32008	0.01463	0.20188	0.02366	0.02663	0.01328	0.01462	0.01062	0.00781	0.00656	0.00197	0.01070	0.00523	0.00473	0.01025
109	0.61014	0.18153	0.01775	0.01067	0.01578	0.02001	0.00931	0.02239	0.01349	0.03030	0.01056	0.01229	0.00857	0.00691	0.00473	0.00218	0.00639	0.00410	0.00436	0.00857
110	0.02750	0.05654	0.02269	0.02095	0.06470	0.61464	0.01513	0.05228	0.02155	0.01998	0.01208	0.01411	0.01002	0.00775	0.00685	0.00197	0.01302	0.00505	0.00401	0.00917
111	0.02672	0.01978	0.02282	0.02208	0.13985	0.11489	0.04240	0.20891	0.05740	0.20899	0.04495	0.02173	0.01651	0.00876	0.00759	0.00228	0.00861	0.00719	0.00674	0.01179
112	0.00924	0.00660	0.00880	0.01056	0.01100	0.00616	0.00704	0.01056	0.01452	0.01936	0.04181	0.72848	0.05017	0.02376	0.00968	0.00308	0.00440	0.02156	0.00704	0.00616
113	0.01755	0.01691	0.06488	0.01517	0.01965	0.01736	0.01255	0.03588	0.54988	0.03027	0.05960	0.05627	0.04834	0.01111	0.00785	0.00257	0.00614	0.00933	0.00737	0.01133
114	0.00943	0.00685	0.00931	0.03630	0.01251	0.00655	0.00755	0.01088	0.01455	0.01936	0.04077	0.70261	0.04870	0.02317	0.00960	0.00306	0.00461	0.02102	0.00691	0.00624
115	0.01853	0.01594	0.01686	0.01519	0.01938	0.01838	0.01181	0.03924	0.64562	0.03168	0.05767	0.02947	0.02515	0.01051	0.00777	0.00256	0.00590	0.00879	0.00774	0.01181
116	0.00924	0.00660	0.00880	0.01056	0.01100	0.00616	0.00704	0.01056	0.01452	0.01936	0.04181	0.72848	0.05017	0.02376	0.00968	0.00308	0.00440	0.02156	0.00704	0.00616
117	0.01885	0.01665	0.01994	0.02181	0.15624	0.01869	0.01432	0.03682	0.53820	0.03031	0.02747	0.02635	0.02087	0.00957	0.00768	0.00251	0.00662	0.00820	0.00691	0.01201
118	0.00983	0.00726	0.00929	0.01050	0.01168	0.00673	0.00768	0.01183	0.01617	0.02116	0.10807	0.43758	0.16803	0.02168	0.00961	0.00299	0.00465	0.12168	0.00715	0.00644
119	0.75283	0.04691	0.01242	0.01011	0.01488	0.01760	0.00843	0.02232	0.01302	0.03331	0.01056	0.01231	0.00828	0.00702	0.00470	0.00231	0.00597	0.00410	0.00463	0.00828
120	0.04307	0.45355	0.15745	0.01759	0.06423	0.05961	0.03591	0.02416	0.04426	0.02075	0.01243	0.01432	0.01044	0.00688	0.00580	0.00191	0.00900	0.00490	0.00356	0.01017
121	0.01065	0.00775	0.01002	0.00945	0.01128	0.00712	0.00709	0.01415	0.02127	0.02993	0.65262	0.05746	0.10137	0.01569	0.00895	0.00239	0.00359	0.01383	0.00829	0.00712
122	0.01085	0.00915	0.04051	0.00999	0.01224	0.00759	0.00802	0.01457	0.02102	0.02963	0.62187	0.05567	0.09956	0.01532	0.00887	0.00240	0.00393	0.01347	0.00805	0.00730
123	0.02141	0.01408	0.01483	0.01220	0.01610	0.01521	0.00981	0.33572	0.02568	0.03793	0.02151	0.02330	0.01621	0.00897	0.00643	0.00202	0.00591	0.00695	0.39578	0.00995
124	0.01756	0.01531	0.01748	0.01802	0.09343	0.01712	0.01250	0.03449	0.51211	0.02942	0.03379	0.05726	0.08577	0.01124	0.00789	0.00255	0.00608	0.00956	0.00718	0.01126
125	0.01432	0.01348	0.02275	0.71520	0.05224	0.01685	0.02107	0.01938	0.01517	0.01938	0.01348	0.02022	0.01011	0.00758	0.00758	0.00253	0.01011	0.00674	0.00337	0.00843
126	0.01929	0.01729	0.02209	0.20892	0.02947	0.04998	0.01664	0.17761	0.04731	0.02638	0.01444	0.01902	0.01173	0.01252	0.04852	0.00320	0.25458	0.00680	0.00463	0.00957
127	0.01084	0.00813	0.01219	0.01219	0.01354	0.00948	0.00948	0.01354	0.01219	0.01761	0.02032	0.02980	0.01896	0.05689	0.70337	0.01219	0.02032	0.00813	0.00406	0.00677
128	0.01352	0.02414	0.35453	0.01600	0.02269	0.01318	0.01797	0.02090	0.06131	0.02729	0.30337	0.03437	0.03725	0.01099	0.00799	0.00241	0.00757	0.00930	0.00572	0.00951
129	0.01858	0.01783	0.03044	0.07538	0.65879	0.01797	0.02318	0.02311	0.01718	0.02455	0.01423	0.01884	0.01193	0.00679	0.00751	0.00226	0.00906	0.00676	0.00374	0.01186
130	0.13003	0.01287	0.01639	0.01284	0.01835	0.01170	0.01057	0.03392	0.02056	0.57302	0.06050	0.02564	0.02009	0.00940	0.00732	0.00235	0.00623	0.00748	0.00873	0.01201

[dist]
# distance from previous block
# <min> <max>
0	1

# created by:
# /st0/software/busco_prod/Augustus/scripts/msa2prfl.pl ./align_prep/127030.fa
