[name]
unknown

[dist]
# distance from previous block
# <min> <max>
0	6

[block]
# block no. 0 follows, 22 sequences, length 26
# corresponding to MSA columns:
# 6-31
name=unknown_A
#
# <colnr> <probs for GDERKNQSTAVLIFYWHMCP>
#	G	D	E	R	K	N	Q	S	T	A	V	L	I	F	Y	W	H	M	C	P
0	0.01833	0.01038	0.01438	0.01490	0.01768	0.00992	0.01269	0.02183	0.01989	0.16306	0.04169	0.12660	0.04244	0.02043	0.01073	0.00352	0.00730	0.42702	0.00823	0.00899
1	0.09068	0.01496	0.01864	0.01487	0.02088	0.01425	0.01213	0.03991	0.13569	0.49920	0.03132	0.02763	0.02054	0.01026	0.00812	0.00262	0.00693	0.00825	0.00955	0.01356
2	0.07136	0.01895	0.02277	0.01786	0.02348	0.02018	0.06063	0.33734	0.07631	0.09539	0.02041	0.02197	0.01510	0.01223	0.01155	0.10848	0.00858	0.00756	0.00719	0.04266
3	0.65281	0.01664	0.01399	0.04218	0.01885	0.01926	0.01029	0.07390	0.03344	0.03771	0.01300	0.01489	0.00996	0.00802	0.00563	0.00258	0.00686	0.00500	0.00542	0.00954
4	0.01810	0.01912	0.03149	0.09816	0.03208	0.05043	0.22162	0.02214	0.01645	0.02253	0.01945	0.02516	0.06149	0.01318	0.03906	0.00346	0.28337	0.00890	0.00420	0.00962
5	0.05610	0.00867	0.01017	0.01117	0.01270	0.00838	0.00784	0.01452	0.05280	0.02390	0.08613	0.46584	0.16623	0.02259	0.00995	0.00314	0.00485	0.01998	0.00769	0.00737
6	0.02114	0.01648	0.01814	0.05101	0.10842	0.06632	0.01299	0.16520	0.05911	0.03386	0.02592	0.02820	0.05523	0.01005	0.00738	0.00230	0.00733	0.00811	0.29233	0.01048
7	0.01691	0.01512	0.02524	0.35192	0.25002	0.01685	0.02099	0.02083	0.01667	0.02231	0.01779	0.02437	0.03798	0.01139	0.01173	0.10861	0.00985	0.00777	0.00398	0.00967
8	0.01009	0.00734	0.00953	0.01128	0.01197	0.00677	0.00758	0.01160	0.01618	0.02132	0.04930	0.64569	0.10961	0.02557	0.01053	0.00332	0.00476	0.02306	0.00771	0.00677
9	0.02416	0.01924	0.02319	0.04918	0.07264	0.07504	0.01612	0.10782	0.05623	0.13544	0.01867	0.02153	0.01453	0.01317	0.04404	0.00324	0.22045	0.00734	0.00590	0.07207
10	0.19418	0.01846	0.01739	0.08084	0.02231	0.09002	0.01226	0.20139	0.02321	0.03538	0.01856	0.02297	0.01490	0.06580	0.00979	0.00285	0.00829	0.00697	0.14439	0.01005
11	0.01124	0.00818	0.01054	0.01144	0.01249	0.00793	0.00817	0.01338	0.01751	0.02379	0.16208	0.39170	0.09983	0.07465	0.01326	0.00354	0.02711	0.06649	0.02961	0.00703
12	0.01340	0.00817	0.01023	0.01072	0.01179	0.00773	0.00718	0.01499	0.01626	0.07272	0.09258	0.35706	0.04478	0.21409	0.01887	0.00444	0.00575	0.01716	0.06505	0.00703
13	0.05112	0.01777	0.01808	0.01586	0.02065	0.05000	0.01234	0.07502	0.40598	0.03352	0.05710	0.06712	0.02573	0.01139	0.00816	0.00258	0.00687	0.00939	0.00766	0.10365
14	0.01700	0.01557	0.02534	0.55229	0.11968	0.01863	0.02234	0.05877	0.01822	0.02380	0.01630	0.04631	0.01307	0.00895	0.00838	0.00274	0.01060	0.00797	0.00417	0.00987
15	0.07374	0.00875	0.01022	0.01056	0.01180	0.00855	0.00707	0.01464	0.01579	0.05312	0.10202	0.29701	0.07064	0.25468	0.02071	0.00476	0.00604	0.01621	0.00687	0.00683
16	0.02453	0.01876	0.01913	0.01603	0.02058	0.05941	0.01264	0.34321	0.08524	0.04006	0.02576	0.12354	0.02245	0.03471	0.00935	0.00273	0.00786	0.01008	0.11247	0.01149
17	0.04711	0.02145	0.01785	0.01609	0.01979	0.22313	0.01236	0.07563	0.10687	0.02640	0.01997	0.02371	0.01653	0.02231	0.16266	0.03895	0.01281	0.00715	0.07354	0.05568
18	0.20657	0.01609	0.01556	0.03597	0.01851	0.06856	0.01065	0.12550	0.02190	0.09979	0.13164	0.03093	0.02683	0.08577	0.01119	0.00308	0.00733	0.00851	0.06587	0.00973
19	0.02493	0.01890	0.02103	0.09051	0.06463	0.08311	0.01469	0.09071	0.20032	0.15965	0.02464	0.02543	0.01826	0.03258	0.00916	0.00264	0.00845	0.00785	0.00711	0.09540
20	0.02479	0.02316	0.02463	0.11666	0.06740	0.19339	0.06352	0.03351	0.17853	0.11429	0.02158	0.02303	0.01616	0.00963	0.00941	0.00262	0.05258	0.00767	0.00604	0.01140
21	0.01355	0.01096	0.01718	0.05749	0.07086	0.01042	0.07370	0.01651	0.01780	0.04482	0.09425	0.38224	0.09210	0.01905	0.00982	0.00299	0.00654	0.01747	0.00693	0.03529
22	0.01794	0.01632	0.02544	0.30052	0.12528	0.01814	0.06832	0.07879	0.05661	0.02648	0.02205	0.07713	0.04507	0.01049	0.00932	0.00271	0.03699	0.00930	0.00506	0.04804
23	0.01975	0.01943	0.02161	0.05498	0.09020	0.13377	0.01562	0.06596	0.01829	0.02411	0.01865	0.09678	0.01789	0.01839	0.09299	0.00405	0.19277	0.00886	0.03021	0.05569
24	0.06671	0.01057	0.01238	0.01167	0.01423	0.01061	0.00876	0.05456	0.04746	0.09358	0.15975	0.14950	0.06536	0.10129	0.04095	0.00382	0.00642	0.03940	0.09440	0.00858
25	0.02073	0.02043	0.03677	0.12651	0.12407	0.04210	0.31790	0.02911	0.10465	0.06336	0.01947	0.02338	0.01460	0.00807	0.00903	0.00272	0.01164	0.00884	0.00505	0.01157

[dist]
# distance from previous block
# <min> <max>
0	3

[block]
# block no. 1 follows, 22 sequences, length 11
# corresponding to MSA columns:
# 35-45
name=unknown_B
#
# <colnr> <probs for GDERKNQSTAVLIFYWHMCP>
#	G	D	E	R	K	N	Q	S	T	A	V	L	I	F	Y	W	H	M	C	P
0	0.13909	0.01310	0.01411	0.08702	0.01963	0.01448	0.01052	0.12782	0.05435	0.03422	0.02353	0.06824	0.01929	0.01039	0.00687	0.00237	0.00622	0.00824	0.33105	0.00946
1	0.01424	0.00890	0.01119	0.01116	0.01306	0.00800	0.00778	0.01579	0.01669	0.09280	0.06628	0.34809	0.10642	0.13486	0.01597	0.03281	0.00570	0.01691	0.00724	0.06611
2	0.01315	0.00862	0.01130	0.01094	0.01269	0.00812	0.00795	0.01612	0.02035	0.06838	0.40270	0.16233	0.06178	0.09819	0.05621	0.00403	0.00591	0.01529	0.00822	0.00772
3	0.02557	0.01868	0.02073	0.01579	0.02236	0.01860	0.01286	0.31822	0.05969	0.08069	0.01998	0.02060	0.01480	0.00870	0.00744	0.00204	0.00758	0.00674	0.04254	0.27641
4	0.01644	0.01089	0.01292	0.01171	0.01428	0.01066	0.00869	0.10340	0.02197	0.08186	0.23763	0.10416	0.12497	0.16637	0.01661	0.00389	0.00604	0.03117	0.00789	0.00845
5	0.01605	0.01543	0.02143	0.38229	0.03922	0.06810	0.01828	0.02015	0.01671	0.02156	0.05834	0.08103	0.02004	0.01712	0.08530	0.00404	0.09245	0.00921	0.00450	0.00875
6	0.02258	0.05259	0.03080	0.05021	0.02981	0.05438	0.20679	0.06491	0.01991	0.11690	0.01787	0.02121	0.01363	0.01069	0.03614	0.00289	0.09348	0.00765	0.00535	0.14219
7	0.02166	0.01868	0.06110	0.03703	0.38633	0.01697	0.06670	0.02643	0.01969	0.12789	0.02558	0.03107	0.06643	0.00991	0.00868	0.00263	0.00927	0.04607	0.00558	0.01229
8	0.03064	0.02361	0.02411	0.01879	0.02498	0.06661	0.01531	0.56168	0.03681	0.04862	0.01978	0.02122	0.01465	0.04228	0.00983	0.00273	0.00947	0.00756	0.00790	0.01342
9	0.06065	0.02025	0.02141	0.09257	0.02689	0.05332	0.01507	0.23360	0.31182	0.03850	0.02500	0.02473	0.01854	0.01021	0.00818	0.00266	0.00832	0.00810	0.00751	0.01266
10	0.01579	0.09353	0.01728	0.06542	0.01882	0.08701	0.01073	0.02052	0.07665	0.02554	0.21535	0.10515	0.13982	0.05957	0.01095	0.00294	0.00692	0.01261	0.00685	0.00855

[dist]
# distance from previous block
# <min> <max>
3	8

[block]
# block no. 2 follows, 22 sequences, length 30
# corresponding to MSA columns:
# 54-83
name=unknown_C
#
# <colnr> <probs for GDERKNQSTAVLIFYWHMCP>
#	G	D	E	R	K	N	Q	S	T	A	V	L	I	F	Y	W	H	M	C	P
0	0.02648	0.11965	0.04459	0.02197	0.07667	0.39462	0.01642	0.06249	0.02176	0.02306	0.01432	0.01728	0.01204	0.01167	0.04586	0.00284	0.04159	0.00591	0.03062	0.01017
1	0.02070	0.01438	0.01508	0.08415	0.01997	0.04848	0.01090	0.18637	0.02355	0.03521	0.02309	0.02619	0.01770	0.00955	0.00684	0.00219	0.00665	0.00751	0.43172	0.00974
2	0.02589	0.17828	0.04969	0.02675	0.17343	0.34133	0.01823	0.02975	0.04147	0.02243	0.01398	0.01655	0.01176	0.00805	0.00725	0.00218	0.01211	0.00580	0.00420	0.01088
3	0.01215	0.00886	0.01160	0.01104	0.01322	0.00815	0.00851	0.01605	0.02279	0.03216	0.56106	0.06361	0.07243	0.01718	0.00983	0.00269	0.00441	0.07707	0.00881	0.03837
4	0.01936	0.14656	0.43863	0.02304	0.03327	0.09154	0.08420	0.02684	0.01828	0.02463	0.01434	0.01707	0.01077	0.00775	0.00763	0.00246	0.01220	0.00614	0.00366	0.01164
5	0.00989	0.00814	0.00870	0.00915	0.01141	0.00695	0.00664	0.01184	0.01823	0.02216	0.07527	0.22410	0.51443	0.02219	0.01000	0.00294	0.00435	0.01894	0.00771	0.00695
6	0.70287	0.01590	0.01283	0.01126	0.01652	0.01807	0.00928	0.02583	0.01498	0.09195	0.01342	0.01479	0.01001	0.00794	0.00542	0.00257	0.00648	0.00484	0.00559	0.00945
7	0.01160	0.00836	0.01100	0.01080	0.01256	0.00776	0.00805	0.01517	0.02229	0.03130	0.54367	0.15149	0.07391	0.01847	0.00998	0.00277	0.00420	0.04006	0.00889	0.00768
8	0.02066	0.01785	0.01878	0.01691	0.02160	0.02066	0.01315	0.04414	0.64121	0.03475	0.03381	0.03099	0.02536	0.01127	0.00845	0.00282	0.00657	0.00939	0.00845	0.01315
9	0.02739	0.02120	0.02427	0.09030	0.02825	0.02398	0.01635	0.44766	0.06734	0.04395	0.01912	0.02052	0.01406	0.01010	0.00992	0.00258	0.07046	0.00744	0.00725	0.04785
10	0.02271	0.67495	0.04240	0.01462	0.02157	0.06917	0.01432	0.02534	0.01726	0.01959	0.01162	0.01342	0.01066	0.00719	0.00545	0.00180	0.00923	0.00449	0.00359	0.01060
11	0.62235	0.01816	0.04777	0.01260	0.01832	0.01919	0.01097	0.08958	0.01733	0.06137	0.01342	0.01494	0.01005	0.00806	0.00574	0.00257	0.00704	0.00504	0.00558	0.00990
12	0.02070	0.05162	0.09984	0.10290	0.45292	0.05048	0.02452	0.05060	0.01952	0.02692	0.01535	0.01980	0.01251	0.00769	0.00805	0.00247	0.01040	0.00705	0.00417	0.01247
13	0.02066	0.01785	0.01878	0.01691	0.02160	0.02066	0.01315	0.04414	0.64121	0.03475	0.03381	0.03099	0.02536	0.01127	0.00845	0.00282	0.00657	0.00939	0.00845	0.01315
14	0.01032	0.00844	0.00911	0.00894	0.01153	0.00723	0.00671	0.01289	0.02012	0.02525	0.23098	0.07532	0.50428	0.01999	0.00981	0.00276	0.00413	0.01688	0.00808	0.00723
15	0.01176	0.00849	0.01110	0.01045	0.01241	0.00784	0.00784	0.01568	0.02352	0.03331	0.65184	0.06206	0.07839	0.01698	0.00980	0.00261	0.00392	0.01502	0.00914	0.00784
16	0.01549	0.00774	0.00774	0.00774	0.00968	0.00774	0.00581	0.01936	0.01742	0.03097	0.02710	0.03097	0.02129	0.00968	0.00581	0.00194	0.00387	0.00774	0.75416	0.00774
17	0.01542	0.01136	0.01476	0.01447	0.01572	0.01211	0.01041	0.01647	0.01491	0.02127	0.02554	0.04165	0.02550	0.24245	0.43638	0.01145	0.04547	0.01057	0.00563	0.00844
18	0.01818	0.01818	0.02545	0.02181	0.02181	0.02545	0.01818	0.01999	0.01272	0.01999	0.01091	0.01818	0.01091	0.01454	0.02726	0.00364	0.69284	0.00727	0.00364	0.00909
19	0.01709	0.01477	0.01792	0.07299	0.02306	0.01174	0.01103	0.02095	0.01717	0.02655	0.01477	0.01767	0.01219	0.00635	0.00635	0.00137	0.00659	0.00514	0.00481	0.69152
20	0.02935	0.01565	0.01900	0.01531	0.02093	0.01546	0.01236	0.11914	0.16366	0.34830	0.09667	0.03095	0.02663	0.01103	0.00845	0.00257	0.00688	0.00906	0.00929	0.03931
21	0.02133	0.04622	0.06445	0.01339	0.01840	0.01205	0.01159	0.02619	0.04788	0.22303	0.29301	0.04016	0.04338	0.01242	0.00857	0.00242	0.00607	0.01054	0.00834	0.09057
22	0.02172	0.65396	0.09833	0.01505	0.02261	0.03167	0.01567	0.02500	0.01694	0.02014	0.01185	0.01370	0.01065	0.00718	0.00556	0.00185	0.00918	0.00459	0.00355	0.01080
23	0.01122	0.00879	0.00992	0.00967	0.01185	0.00812	0.00704	0.01444	0.04427	0.02484	0.22558	0.06692	0.34779	0.12067	0.04903	0.00406	0.00572	0.01528	0.00758	0.00722
24	0.02117	0.01464	0.01763	0.01279	0.01999	0.01130	0.01031	0.02476	0.01851	0.15183	0.01830	0.01940	0.01393	0.00696	0.00659	0.00149	0.00633	0.00560	0.00598	0.61249
25	0.01189	0.00882	0.01297	0.01297	0.01432	0.01017	0.00990	0.01459	0.01324	0.01900	0.02260	0.03459	0.02162	0.12029	0.61829	0.01288	0.02098	0.00919	0.00450	0.00720
26	0.01697	0.08044	0.63025	0.02315	0.03514	0.02005	0.02977	0.02623	0.01750	0.02593	0.01472	0.01730	0.01053	0.00785	0.00775	0.00258	0.01209	0.00604	0.00351	0.01219
27	0.01082	0.00783	0.01017	0.01151	0.01188	0.00776	0.00763	0.01201	0.01505	0.02019	0.04065	0.55169	0.04846	0.15510	0.01730	0.00427	0.03338	0.02076	0.00704	0.00652
28	0.02269	0.01885	0.01993	0.01732	0.02237	0.02161	0.01364	0.15263	0.52943	0.03802	0.03124	0.02894	0.02327	0.01103	0.00843	0.00276	0.00705	0.00904	0.00843	0.01333
29	0.01928	0.02135	0.04507	0.10614	0.09992	0.02062	0.50778	0.02594	0.01923	0.02608	0.01648	0.02222	0.01249	0.00718	0.00950	0.00277	0.01332	0.00933	0.00414	0.01117

[dist]
# distance from previous block
# <min> <max>
0	3

[block]
# block no. 3 follows, 22 sequences, length 29
# corresponding to MSA columns:
# 87-115
name=unknown_D
#
# <colnr> <probs for GDERKNQSTAVLIFYWHMCP>
#	G	D	E	R	K	N	Q	S	T	A	V	L	I	F	Y	W	H	M	C	P
0	0.01748	0.01506	0.01778	0.04846	0.02186	0.01239	0.01086	0.02317	0.07731	0.02750	0.01660	0.01881	0.01350	0.00676	0.00649	0.00146	0.00645	0.00548	0.00520	0.64738
1	0.00992	0.00842	0.00855	0.00852	0.01128	0.00705	0.00639	0.01211	0.01917	0.02299	0.11267	0.07905	0.62400	0.02084	0.00982	0.00280	0.00419	0.01741	0.00779	0.00705
2	0.01771	0.02710	0.29061	0.01966	0.02824	0.01635	0.07848	0.08131	0.02039	0.02968	0.09226	0.04706	0.02108	0.00930	0.00803	0.00233	0.00945	0.00799	0.00519	0.18778
3	0.01718	0.01557	0.02492	0.62508	0.05425	0.01914	0.02239	0.07841	0.01873	0.02416	0.01525	0.02194	0.01136	0.00846	0.00831	0.00274	0.01089	0.00739	0.00413	0.00969
4	0.01723	0.01477	0.01723	0.01230	0.01969	0.01107	0.00984	0.02092	0.01723	0.02707	0.01477	0.01723	0.01230	0.00615	0.00615	0.00123	0.00615	0.00492	0.00492	0.75883
5	0.02270	0.67604	0.04243	0.01461	0.02156	0.06814	0.01432	0.02533	0.01725	0.01959	0.01162	0.01342	0.01066	0.00719	0.00545	0.00180	0.00922	0.00449	0.00359	0.01060
6	0.01872	0.01472	0.01723	0.01284	0.01963	0.01192	0.01024	0.02430	0.07811	0.07331	0.04820	0.02147	0.01729	0.00745	0.00670	0.00154	0.00615	0.00608	0.00584	0.59824
7	0.01161	0.00888	0.01079	0.01128	0.01306	0.00850	0.00818	0.01601	0.07755	0.02613	0.21640	0.32447	0.17405	0.02111	0.01006	0.00302	0.00472	0.03828	0.00817	0.00773
8	0.09947	0.01828	0.01941	0.01642	0.02155	0.02033	0.01307	0.24004	0.26990	0.08262	0.02786	0.08849	0.02231	0.01179	0.00827	0.00272	0.00731	0.00951	0.00813	0.01253
9	0.08005	0.22978	0.02765	0.01787	0.02290	0.40829	0.01448	0.02944	0.02063	0.02187	0.01313	0.01524	0.01113	0.00814	0.00661	0.00206	0.01203	0.00516	0.04376	0.00978
10	0.02051	0.01666	0.02289	0.01755	0.02343	0.01609	0.09301	0.05688	0.10437	0.08996	0.05058	0.02332	0.01811	0.00908	0.00996	0.00220	0.08894	0.00741	0.00605	0.32300
11	0.02540	0.01292	0.01617	0.01284	0.01824	0.01112	0.01034	0.05450	0.02236	0.33129	0.10991	0.03964	0.14507	0.01235	0.00841	0.00238	0.00610	0.01022	0.00864	0.14211
12	0.01694	0.07600	0.63436	0.02321	0.03523	0.01996	0.02988	0.02624	0.01751	0.02598	0.01474	0.01733	0.01053	0.00785	0.00777	0.00259	0.01211	0.00606	0.00351	0.01220
13	0.02157	0.01829	0.01929	0.01709	0.02195	0.02108	0.01337	0.09243	0.59146	0.03621	0.03267	0.03008	0.02443	0.01116	0.00844	0.00279	0.00679	0.00923	0.00844	0.01323
14	0.01818	0.01818	0.02545	0.02181	0.02181	0.02545	0.01818	0.01999	0.01272	0.01999	0.01091	0.01818	0.01091	0.01454	0.02726	0.00364	0.69284	0.00727	0.00364	0.00909
15	0.02164	0.56863	0.14932	0.01615	0.02402	0.05858	0.01712	0.02548	0.01728	0.02074	0.01218	0.01412	0.01064	0.00731	0.00586	0.00194	0.00973	0.00477	0.00358	0.01089
16	0.01764	0.02065	0.07537	0.02992	0.03703	0.01820	0.47554	0.02373	0.01879	0.02556	0.02222	0.15173	0.02056	0.01068	0.00985	0.00290	0.01216	0.01223	0.00483	0.01041
17	0.01176	0.00849	0.01110	0.01045	0.01241	0.00784	0.00784	0.01568	0.02352	0.03331	0.65184	0.06206	0.07839	0.01698	0.00980	0.00261	0.00392	0.01502	0.00914	0.00784
18	0.01012	0.00723	0.00964	0.01157	0.01205	0.00675	0.00771	0.01157	0.01591	0.02121	0.04579	0.70262	0.05495	0.02603	0.01060	0.00337	0.00482	0.02362	0.00771	0.00675
19	0.01999	0.01902	0.03233	0.07960	0.59736	0.01919	0.02480	0.02490	0.01882	0.02675	0.01693	0.02411	0.01471	0.00818	0.00838	0.00255	0.00982	0.03558	0.00426	0.01271
20	0.03424	0.09228	0.02330	0.01578	0.02234	0.01778	0.01331	0.18313	0.02678	0.44257	0.02732	0.02461	0.01791	0.00986	0.00802	0.00247	0.00777	0.00771	0.00907	0.01376
21	0.01886	0.01864	0.02948	0.13043	0.09171	0.02319	0.10569	0.05058	0.01615	0.02335	0.01323	0.01971	0.01154	0.01159	0.01909	0.00321	0.39185	0.00767	0.00399	0.01004
22	0.01012	0.00723	0.00964	0.01157	0.01205	0.00675	0.00771	0.01157	0.01591	0.02121	0.04579	0.70262	0.05495	0.02603	0.01060	0.00337	0.00482	0.02362	0.00771	0.00675
23	0.19285	0.02269	0.02140	0.01731	0.02321	0.08480	0.01406	0.38273	0.09011	0.04431	0.01876	0.01912	0.01375	0.00947	0.00755	0.00251	0.00884	0.00680	0.00724	0.01248
24	0.09245	0.01991	0.02753	0.08938	0.40230	0.08039	0.02118	0.02602	0.04998	0.02720	0.01822	0.02621	0.01592	0.00912	0.00815	0.00260	0.00976	0.05732	0.00471	0.01165
25	0.01865	0.10402	0.56051	0.02215	0.03353	0.02007	0.02783	0.02718	0.01792	0.07093	0.01586	0.01791	0.01125	0.00799	0.00768	0.00255	0.01159	0.00614	0.00399	0.01226
26	0.01415	0.01208	0.01254	0.01175	0.01422	0.07271	0.00895	0.03983	0.02326	0.03088	0.46032	0.05983	0.14956	0.01674	0.00959	0.00264	0.00538	0.03908	0.00838	0.00812
27	0.01061	0.00769	0.01013	0.01144	0.01238	0.00706	0.00781	0.01249	0.01701	0.02311	0.12882	0.58808	0.05661	0.02403	0.01033	0.00319	0.00474	0.02173	0.00781	0.03494
28	0.02214	0.03903	0.03321	0.07460	0.39429	0.05068	0.10961	0.04780	0.02004	0.07230	0.01684	0.02084	0.01331	0.00768	0.00827	0.00245	0.01037	0.00754	0.00472	0.04428

[dist]
# distance from previous block
# <min> <max>
0	2

[block]
# block no. 4 follows, 22 sequences, length 32
# corresponding to MSA columns:
# 118-149
name=unknown_E
#
# <colnr> <probs for GDERKNQSTAVLIFYWHMCP>
#	G	D	E	R	K	N	Q	S	T	A	V	L	I	F	Y	W	H	M	C	P
0	0.02218	0.02513	0.08714	0.03418	0.22617	0.12394	0.21398	0.02839	0.04688	0.05329	0.01698	0.02064	0.01318	0.00774	0.00851	0.00250	0.01177	0.00775	0.00461	0.04504
1	0.50659	0.01693	0.01499	0.01270	0.01817	0.05662	0.01037	0.02970	0.01756	0.22072	0.01791	0.01795	0.01252	0.00852	0.00623	0.00254	0.00714	0.00569	0.00661	0.01055
2	0.01810	0.01528	0.01769	0.01272	0.02006	0.01197	0.01021	0.05786	0.01855	0.02861	0.01508	0.01739	0.01242	0.00638	0.00628	0.00131	0.00633	0.00508	0.00513	0.71356
3	0.02311	0.01835	0.01963	0.01707	0.02213	0.02084	0.01345	0.12196	0.52398	0.07451	0.03190	0.02936	0.02357	0.01104	0.00843	0.00276	0.00695	0.00907	0.00854	0.01334
4	0.01054	0.01076	0.04733	0.04664	0.01518	0.00835	0.00864	0.01327	0.01873	0.02260	0.07634	0.07316	0.58041	0.01958	0.00962	0.00279	0.00505	0.01632	0.00725	0.00744
5	0.01666	0.04297	0.66500	0.02368	0.03596	0.01929	0.03069	0.02631	0.01754	0.02631	0.01491	0.01754	0.01052	0.00789	0.00789	0.00263	0.01228	0.00614	0.00351	0.01228
6	0.01666	0.04297	0.66500	0.02368	0.03596	0.01929	0.03069	0.02631	0.01754	0.02631	0.01491	0.01754	0.01052	0.00789	0.00789	0.00263	0.01228	0.00614	0.00351	0.01228
7	0.01012	0.00723	0.00964	0.01157	0.01205	0.00675	0.00771	0.01157	0.01591	0.02121	0.04579	0.70262	0.05495	0.02603	0.01060	0.00337	0.00482	0.02362	0.00771	0.00675
8	0.07447	0.02231	0.02386	0.01838	0.02493	0.02454	0.01518	0.55848	0.03671	0.08784	0.02023	0.02007	0.01421	0.00986	0.00813	0.00250	0.00886	0.00736	0.00824	0.01383
9	0.02056	0.01974	0.03372	0.05099	0.65622	0.01974	0.02550	0.02550	0.01892	0.02714	0.01563	0.02056	0.01316	0.00740	0.00822	0.00247	0.00987	0.00740	0.00411	0.01316
10	0.01339	0.00956	0.01339	0.01530	0.01721	0.00956	0.01339	0.01721	0.01912	0.02486	0.04399	0.09371	0.04781	0.02295	0.01147	0.00382	0.00765	0.60031	0.00765	0.00765
11	0.01208	0.00805	0.00906	0.00906	0.00906	0.00805	0.00503	0.01208	0.01208	0.01611	0.02618	0.05436	0.03020	0.70804	0.04228	0.00805	0.00805	0.01208	0.00503	0.00503
12	0.01254	0.00921	0.01188	0.01156	0.01204	0.01032	0.00791	0.01366	0.01255	0.01748	0.02358	0.04418	0.02547	0.43847	0.24609	0.00939	0.07218	0.01063	0.00472	0.00616
13	0.02066	0.01785	0.01878	0.01691	0.02160	0.02066	0.01315	0.04414	0.64121	0.03475	0.03381	0.03099	0.02536	0.01127	0.00845	0.00282	0.00657	0.00939	0.00845	0.01315
14	0.02066	0.01785	0.01878	0.01691	0.02160	0.02066	0.01315	0.04414	0.64121	0.03475	0.03381	0.03099	0.02536	0.01127	0.00845	0.00282	0.00657	0.00939	0.00845	0.01315
15	0.02056	0.01974	0.03372	0.05099	0.65622	0.01974	0.02550	0.02550	0.01892	0.02714	0.01563	0.02056	0.01316	0.00740	0.00822	0.00247	0.00987	0.00740	0.00411	0.01316
16	0.01818	0.01818	0.02545	0.02181	0.02181	0.02545	0.01818	0.01999	0.01272	0.01999	0.01091	0.01818	0.01091	0.01454	0.02726	0.00364	0.69284	0.00727	0.00364	0.00909
17	0.01569	0.01477	0.02492	0.68808	0.05722	0.01846	0.02307	0.02123	0.01661	0.02123	0.01477	0.02215	0.01107	0.00831	0.00831	0.00277	0.01107	0.00738	0.00369	0.00923
18	0.01381	0.00744	0.01036	0.01036	0.01036	0.00744	0.00664	0.01116	0.01116	0.01487	0.01754	0.03295	0.01860	0.20841	0.03506	0.55996	0.00744	0.00850	0.00398	0.00398
19	0.01187	0.00890	0.01335	0.01335	0.01483	0.01038	0.01038	0.01483	0.01335	0.01928	0.02225	0.03264	0.02077	0.06231	0.67512	0.01335	0.02225	0.00890	0.00445	0.00742
20	0.01723	0.01477	0.01723	0.01230	0.01969	0.01107	0.00984	0.02092	0.01723	0.02707	0.01477	0.01723	0.01230	0.00615	0.00615	0.00123	0.00615	0.00492	0.00492	0.75883
21	0.01388	0.01043	0.01453	0.04241	0.09649	0.01006	0.01072	0.01738	0.02048	0.05689	0.33490	0.05398	0.16012	0.04970	0.06803	0.00379	0.00691	0.01324	0.00750	0.00855
22	0.76672	0.01607	0.01221	0.01092	0.01607	0.01864	0.00900	0.02442	0.01414	0.03727	0.01157	0.01350	0.00900	0.00771	0.00514	0.00257	0.00643	0.00450	0.00514	0.00900
23	0.01961	0.02241	0.04902	0.03501	0.04342	0.02101	0.62605	0.02661	0.01961	0.02661	0.01681	0.02241	0.01261	0.00700	0.00980	0.00280	0.01401	0.00980	0.00420	0.01120
24	0.01188	0.00885	0.01311	0.01311	0.01451	0.01025	0.01008	0.01468	0.01328	0.01910	0.02248	0.03387	0.02131	0.09906	0.63910	0.01305	0.02144	0.00908	0.00448	0.00728
25	0.01764	0.01740	0.02470	0.08152	0.02456	0.02396	0.01812	0.01990	0.01360	0.02075	0.04224	0.02066	0.01418	0.01409	0.02470	0.00351	0.59786	0.00766	0.00391	0.00904
26	0.01849	0.01640	0.02175	0.22371	0.06080	0.05430	0.04216	0.08046	0.11921	0.02776	0.02712	0.04454	0.02487	0.01328	0.00930	0.00302	0.00943	0.18714	0.00614	0.01010
27	0.01569	0.01477	0.02492	0.68808	0.05722	0.01846	0.02307	0.02123	0.01661	0.02123	0.01477	0.02215	0.01107	0.00831	0.00831	0.00277	0.01107	0.00738	0.00369	0.00923
28	0.01569	0.01477	0.02492	0.68808	0.05722	0.01846	0.02307	0.02123	0.01661	0.02123	0.01477	0.02215	0.01107	0.00831	0.00831	0.00277	0.01107	0.00738	0.00369	0.00923
29	0.01413	0.01287	0.01935	0.26465	0.14664	0.01366	0.01634	0.01810	0.01809	0.02299	0.04406	0.04872	0.26805	0.01400	0.00906	0.00279	0.00794	0.04399	0.00558	0.00898
30	0.02505	0.02760	0.03005	0.03747	0.35903	0.27021	0.04677	0.05767	0.02169	0.02574	0.01482	0.01848	0.01224	0.00795	0.00801	0.00236	0.01196	0.00672	0.00438	0.01178
31	0.01801	0.01657	0.02645	0.18064	0.34815	0.01743	0.02088	0.02429	0.07410	0.02583	0.02127	0.09285	0.01942	0.01042	0.00855	0.00266	0.00908	0.03466	0.00496	0.04378

[dist]
# distance from previous block
# <min> <max>
5	10

# created by:
# /st0/software/busco_prod/Augustus/scripts/msa2prfl.pl ./align_prep/127129.fa
