[name]
unknown

[dist]
# distance from previous block
# <min> <max>
0	50

[block]
# block no. 0 follows, 25 sequences, length 36
# corresponding to MSA columns:
# 51-86
name=unknown_A
#
# <colnr> <probs for GDERKNQSTAVLIFYWHMCP>
#	G	D	E	R	K	N	Q	S	T	A	V	L	I	F	Y	W	H	M	C	P
0	0.01035	0.00754	0.00989	0.01150	0.01233	0.00731	0.00814	0.01306	0.04932	0.02089	0.04194	0.60536	0.04899	0.02320	0.00989	0.00318	0.00492	0.09825	0.00723	0.00672
1	0.01697	0.23017	0.50973	0.01967	0.02981	0.02149	0.02442	0.02419	0.01620	0.02282	0.01305	0.01529	0.00986	0.00717	0.00671	0.00224	0.01059	0.00529	0.00329	0.01104
2	0.02708	0.01949	0.02169	0.01703	0.02232	0.02160	0.01397	0.50960	0.03218	0.08336	0.05645	0.04941	0.01823	0.01059	0.00917	0.00245	0.05753	0.00802	0.00758	0.01225
3	0.02947	0.02172	0.02327	0.01784	0.02404	0.02404	0.01474	0.65329	0.03646	0.04887	0.01862	0.01862	0.01319	0.00931	0.00776	0.00233	0.00853	0.00698	0.00776	0.01319
4	0.00956	0.00683	0.00912	0.01092	0.01142	0.00639	0.00739	0.01099	0.01495	0.01992	0.04267	0.69938	0.05104	0.02419	0.00993	0.00316	0.00459	0.04401	0.00720	0.00633
5	0.01695	0.09864	0.02797	0.41701	0.05826	0.01872	0.11191	0.02158	0.01616	0.05530	0.01562	0.04800	0.01265	0.00844	0.00850	0.00252	0.04096	0.00755	0.00398	0.00927
6	0.01498	0.01385	0.02346	0.57082	0.04722	0.01680	0.06419	0.01996	0.01561	0.02091	0.01476	0.02125	0.01126	0.00803	0.00840	0.00255	0.04003	0.00707	0.07022	0.00862
7	0.02947	0.02172	0.02327	0.01784	0.02404	0.02404	0.01474	0.65329	0.03646	0.04887	0.01862	0.01862	0.01319	0.00931	0.00776	0.00233	0.00853	0.00698	0.00776	0.01319
8	0.08825	0.01593	0.01869	0.04005	0.02135	0.01660	0.01242	0.24983	0.06115	0.27596	0.02440	0.06165	0.01795	0.01270	0.04435	0.00297	0.00798	0.00807	0.00782	0.01187
9	0.01844	0.01812	0.05932	0.33084	0.17579	0.04712	0.01990	0.11465	0.04922	0.02665	0.05240	0.02200	0.01524	0.00837	0.00777	0.00245	0.00948	0.00725	0.00466	0.01032
10	0.00981	0.00724	0.01000	0.05988	0.01421	0.00707	0.00821	0.01143	0.01489	0.01979	0.04070	0.67311	0.04840	0.02313	0.00975	0.00311	0.00491	0.02098	0.00693	0.00646
11	0.71724	0.01484	0.01197	0.01051	0.01541	0.01687	0.00866	0.02410	0.01398	0.09132	0.01252	0.01380	0.00934	0.00741	0.00506	0.00240	0.00605	0.00451	0.00522	0.00881
12	0.01166	0.01006	0.01692	0.13276	0.02279	0.01015	0.10597	0.01443	0.01547	0.02055	0.03376	0.49815	0.03841	0.01882	0.00942	0.00297	0.00677	0.01754	0.00607	0.00731
13	0.01593	0.03743	0.59787	0.02357	0.03453	0.01823	0.11542	0.02459	0.01664	0.02459	0.01416	0.01700	0.01009	0.00725	0.00762	0.00248	0.01168	0.00621	0.00336	0.01132
14	0.01097	0.00793	0.01036	0.00975	0.01158	0.00732	0.00732	0.01463	0.02195	0.03109	0.67505	0.05792	0.07316	0.01585	0.00914	0.00244	0.00366	0.01402	0.00854	0.00732
15	0.00945	0.00675	0.00900	0.01080	0.01125	0.00630	0.00720	0.01080	0.01484	0.01979	0.04274	0.72245	0.05128	0.02429	0.00990	0.00315	0.00450	0.02204	0.00720	0.00630
16	0.01724	0.07503	0.53685	0.02241	0.03286	0.01854	0.10151	0.02525	0.01689	0.06102	0.01488	0.01725	0.01058	0.00735	0.00747	0.00243	0.01120	0.00617	0.00371	0.01135
17	0.01512	0.01427	0.02411	0.63977	0.11879	0.01735	0.02177	0.02023	0.01573	0.02039	0.01387	0.02052	0.01054	0.00766	0.00774	0.00255	0.01022	0.00689	0.00349	0.00900
18	0.03479	0.01320	0.01799	0.01380	0.01979	0.01140	0.01140	0.03779	0.02219	0.68451	0.03059	0.02639	0.01919	0.00960	0.00780	0.00240	0.00660	0.00780	0.00960	0.01320
19	0.02358	0.01963	0.02726	0.11646	0.17464	0.02121	0.08634	0.33523	0.05596	0.03650	0.01736	0.01973	0.01293	0.00833	0.00789	0.00240	0.00930	0.00727	0.00591	0.01205
20	0.01709	0.01444	0.02405	0.54764	0.14582	0.01690	0.02100	0.02198	0.01641	0.07848	0.01537	0.02094	0.01140	0.00778	0.00774	0.00253	0.00984	0.00697	0.00404	0.00957
21	0.01464	0.01378	0.02326	0.70887	0.05340	0.01723	0.02153	0.01981	0.01550	0.01981	0.01378	0.02067	0.01034	0.00775	0.00775	0.00258	0.01034	0.00689	0.00345	0.00861
22	0.05010	0.01975	0.02372	0.08144	0.10863	0.02195	0.01625	0.43570	0.02951	0.06994	0.01751	0.01894	0.01278	0.00905	0.00864	0.00241	0.04789	0.00690	0.00663	0.01226
23	0.01107	0.00988	0.05142	0.01032	0.01281	0.00789	0.00848	0.01489	0.02119	0.02969	0.57594	0.05703	0.12869	0.01571	0.00904	0.00246	0.00416	0.01375	0.00808	0.00749
24	0.02129	0.48219	0.07157	0.04573	0.02286	0.02768	0.01505	0.12703	0.01887	0.02377	0.01233	0.01444	0.01052	0.00777	0.00747	0.00201	0.06994	0.00505	0.00406	0.01038
25	0.01413	0.00756	0.01059	0.01041	0.01086	0.00765	0.00712	0.04480	0.01211	0.01653	0.01613	0.06622	0.01609	0.02492	0.02658	0.64665	0.00653	0.00771	0.04315	0.00427
26	0.07577	0.01812	0.01971	0.05359	0.06261	0.04899	0.01339	0.19300	0.21896	0.05683	0.02079	0.02110	0.01560	0.00864	0.00721	0.00222	0.00746	0.00685	0.00648	0.14268
27	0.04819	0.02395	0.07059	0.17083	0.03178	0.15138	0.05266	0.29497	0.02590	0.03322	0.01553	0.01795	0.01148	0.00835	0.00757	0.00235	0.01036	0.00652	0.00546	0.01095
28	0.01523	0.01127	0.01302	0.01191	0.01506	0.01136	0.00908	0.03868	0.20579	0.07281	0.23036	0.13051	0.13504	0.01483	0.00858	0.00254	0.00494	0.01278	0.00784	0.04838
29	0.19637	0.03402	0.03588	0.16548	0.06230	0.04561	0.01473	0.15015	0.07650	0.07037	0.01651	0.01851	0.01229	0.00807	0.00684	0.00232	0.00814	0.00618	0.00548	0.06425
30	0.08840	0.01433	0.01693	0.03319	0.01928	0.01414	0.01104	0.11845	0.03706	0.17590	0.08316	0.02371	0.01981	0.00914	0.00823	0.00211	0.05595	0.00701	0.04670	0.21547
31	0.02495	0.01668	0.02014	0.05250	0.02279	0.01733	0.03500	0.28961	0.07109	0.15875	0.02151	0.02303	0.01585	0.04176	0.03917	0.00291	0.00825	0.00733	0.03772	0.09364
32	0.09246	0.01780	0.02372	0.10113	0.02722	0.07866	0.14356	0.11151	0.01937	0.02738	0.04988	0.05255	0.01665	0.01252	0.05714	0.00307	0.05303	0.00781	0.00495	0.09959
33	0.02000	0.01899	0.07898	0.11577	0.02734	0.04660	0.06778	0.12426	0.21801	0.05959	0.02293	0.05876	0.01797	0.00964	0.00776	0.00245	0.00825	0.00824	0.04894	0.03774
34	0.05679	0.05781	0.01810	0.04552	0.05607	0.01518	0.01155	0.13357	0.09841	0.03013	0.11309	0.13109	0.02764	0.01146	0.00757	0.00224	0.00637	0.00967	0.00634	0.16139
35	0.05944	0.05938	0.01925	0.10903	0.02341	0.04683	0.01331	0.09036	0.21472	0.04896	0.06944	0.08765	0.02396	0.01167	0.00924	0.00261	0.06368	0.03067	0.00632	0.01006

[dist]
# distance from previous block
# <min> <max>
5	22

[block]
# block no. 1 follows, 25 sequences, length 33
# corresponding to MSA columns:
# 111-143
name=unknown_B
#
# <colnr> <probs for GDERKNQSTAVLIFYWHMCP>
#	G	D	E	R	K	N	Q	S	T	A	V	L	I	F	Y	W	H	M	C	P
0	0.14172	0.05286	0.18263	0.01618	0.02217	0.01620	0.04620	0.04539	0.01689	0.08607	0.06708	0.05176	0.01803	0.01182	0.04204	0.00287	0.07761	0.00727	0.00506	0.09014
1	0.08210	0.05913	0.07633	0.04585	0.01966	0.01440	0.01221	0.05473	0.08010	0.14594	0.17140	0.03165	0.05712	0.01082	0.00821	0.00236	0.03434	0.00868	0.04038	0.04460
2	0.01864	0.11201	0.12405	0.03932	0.18642	0.01826	0.06887	0.07326	0.01850	0.04620	0.07358	0.02161	0.01718	0.00929	0.00940	0.04372	0.03976	0.00704	0.00462	0.06830
3	0.01806	0.04000	0.02260	0.23591	0.09936	0.04854	0.03912	0.10071	0.06633	0.02574	0.02120	0.02835	0.04637	0.01025	0.00944	0.00258	0.07200	0.05772	0.04605	0.00966
4	0.05252	0.01485	0.04596	0.04083	0.07256	0.03118	0.01248	0.04342	0.18413	0.12082	0.11510	0.09319	0.02837	0.01399	0.04496	0.00301	0.00729	0.00968	0.03258	0.03309
5	0.15293	0.01438	0.01812	0.03635	0.01903	0.01770	0.03810	0.02177	0.08690	0.02511	0.01722	0.02352	0.01495	0.01360	0.05081	0.00330	0.27287	0.03661	0.10862	0.02812
6	0.01902	0.01689	0.05081	0.03153	0.05037	0.01772	0.01379	0.17206	0.20415	0.03210	0.10131	0.06139	0.04754	0.01205	0.01013	0.00262	0.08623	0.03368	0.00676	0.02983
7	0.06209	0.06046	0.29638	0.02292	0.10355	0.09116	0.04980	0.09201	0.04525	0.08073	0.01610	0.01782	0.01180	0.00781	0.00730	0.00235	0.01020	0.00621	0.00469	0.01137
8	0.01004	0.00747	0.01041	0.06749	0.01483	0.00742	0.00850	0.01190	0.01515	0.02030	0.07316	0.59256	0.04742	0.02432	0.04665	0.00357	0.00580	0.01964	0.00680	0.00657
9	0.02049	0.33739	0.03037	0.08094	0.02419	0.09157	0.04470	0.08564	0.07070	0.02307	0.01643	0.07357	0.01487	0.00924	0.00761	0.00218	0.04563	0.00697	0.00455	0.00988
10	0.08232	0.35975	0.07970	0.07354	0.07702	0.11299	0.01603	0.02370	0.01623	0.02088	0.01167	0.01451	0.01006	0.00758	0.00749	0.00209	0.06607	0.00503	0.00358	0.00977
11	0.02944	0.01293	0.01696	0.01332	0.01870	0.01157	0.01085	0.05577	0.05171	0.50202	0.12235	0.03022	0.02656	0.01032	0.00788	0.00235	0.00618	0.00854	0.00903	0.05330
12	0.01128	0.00752	0.00846	0.00846	0.00846	0.00752	0.00470	0.01128	0.01128	0.01503	0.02443	0.05074	0.02819	0.72751	0.03946	0.00752	0.00752	0.01128	0.00470	0.00470
13	0.07041	0.08344	0.10122	0.01525	0.02194	0.01646	0.01406	0.14054	0.02289	0.39954	0.02364	0.02183	0.01560	0.00888	0.00732	0.00233	0.00764	0.00688	0.00769	0.01243
14	0.02226	0.01879	0.02113	0.08271	0.12119	0.08226	0.01517	0.12682	0.28471	0.08405	0.02500	0.02495	0.03704	0.00952	0.00777	0.00245	0.00804	0.00785	0.00663	0.01168
15	0.00978	0.00778	0.00881	0.00901	0.01112	0.00681	0.00673	0.01212	0.01824	0.02313	0.20237	0.15879	0.42594	0.01953	0.00934	0.00270	0.00412	0.04948	0.00749	0.00671
16	0.02449	0.01234	0.01593	0.01368	0.01799	0.01178	0.01127	0.07928	0.06948	0.33538	0.14134	0.04414	0.03355	0.01319	0.00864	0.00266	0.00633	0.13903	0.00863	0.01086
17	0.10561	0.08391	0.41890	0.02085	0.03023	0.01913	0.10197	0.05866	0.01752	0.05307	0.01447	0.01674	0.01047	0.00738	0.00716	0.00240	0.01045	0.00602	0.00403	0.01103
18	0.01299	0.00934	0.01125	0.01086	0.01163	0.01010	0.00737	0.06436	0.01429	0.01970	0.02581	0.16210	0.02859	0.40501	0.08209	0.00616	0.06444	0.01208	0.03557	0.00625
19	0.01249	0.00892	0.01249	0.01428	0.01606	0.00892	0.01249	0.01606	0.01785	0.02320	0.04105	0.08746	0.04462	0.02142	0.01071	0.00357	0.00714	0.62695	0.00714	0.00714
20	0.02989	0.07960	0.02095	0.01466	0.02043	0.01663	0.01224	0.20787	0.04566	0.38038	0.07052	0.02524	0.02059	0.00972	0.00763	0.00232	0.00707	0.00771	0.00839	0.01246
21	0.01796	0.02577	0.20037	0.02847	0.06347	0.05063	0.35464	0.02417	0.01710	0.02369	0.01429	0.01886	0.01101	0.00777	0.01073	0.00264	0.10658	0.00769	0.00369	0.01045
22	0.01861	0.01595	0.01695	0.01529	0.01947	0.01831	0.01187	0.03904	0.61293	0.03233	0.08379	0.03128	0.02769	0.01095	0.00799	0.00261	0.00594	0.00919	0.00794	0.01187
23	0.02260	0.01797	0.01946	0.01651	0.02125	0.02055	0.01316	0.21205	0.43346	0.06021	0.02685	0.02536	0.01991	0.01029	0.00869	0.00257	0.04089	0.00813	0.00770	0.01238
24	0.01564	0.05160	0.01781	0.09797	0.02082	0.04216	0.01259	0.08456	0.01652	0.02264	0.02193	0.08215	0.04949	0.02718	0.23443	0.00582	0.12691	0.00882	0.05272	0.00824
25	0.01693	0.02069	0.10153	0.05480	0.03442	0.01901	0.40003	0.02238	0.01658	0.02311	0.01665	0.07645	0.01443	0.00935	0.01186	0.00278	0.13587	0.00934	0.00401	0.00980
26	0.01445	0.00723	0.00723	0.00723	0.00903	0.00723	0.00542	0.01807	0.01626	0.02891	0.02529	0.02891	0.01987	0.00903	0.00542	0.00181	0.00361	0.00723	0.77055	0.00723
27	0.01862	0.02018	0.08550	0.07346	0.54756	0.01843	0.07477	0.02377	0.01751	0.02498	0.01458	0.01917	0.01195	0.00695	0.00777	0.00235	0.00976	0.00699	0.00378	0.01191
28	0.01853	0.01917	0.02540	0.34341	0.25606	0.13553	0.02073	0.02287	0.01724	0.02145	0.01398	0.01936	0.01124	0.00929	0.03189	0.00274	0.01096	0.00662	0.00370	0.00985
29	0.01124	0.00767	0.00922	0.00922	0.00949	0.00793	0.00565	0.01177	0.01150	0.01560	0.02373	0.04687	0.02651	0.59961	0.16506	0.00846	0.01005	0.01071	0.00459	0.00512
30	0.01155	0.00901	0.01337	0.01310	0.01437	0.01083	0.01028	0.01423	0.01241	0.01805	0.01991	0.02937	0.01864	0.05455	0.64253	0.01173	0.07673	0.00818	0.00409	0.00705
31	0.04268	0.12344	0.26692	0.07296	0.10921	0.01882	0.02013	0.05282	0.07438	0.02603	0.06995	0.02439	0.01831	0.00896	0.00739	0.00240	0.00903	0.03691	0.00464	0.01064
32	0.02900	0.02148	0.02300	0.01774	0.02386	0.02382	0.01462	0.62460	0.06592	0.04810	0.01922	0.01910	0.01368	0.00936	0.00776	0.00234	0.00842	0.00706	0.00776	0.01314

[dist]
# distance from previous block
# <min> <max>
8	10

[block]
# block no. 2 follows, 25 sequences, length 17
# corresponding to MSA columns:
# 154-170
name=unknown_C
#
# <colnr> <probs for GDERKNQSTAVLIFYWHMCP>
#	G	D	E	R	K	N	Q	S	T	A	V	L	I	F	Y	W	H	M	C	P
0	0.01708	0.01525	0.02633	0.32914	0.23781	0.01647	0.08170	0.02193	0.01747	0.05858	0.08498	0.02448	0.01818	0.00833	0.00801	0.00248	0.00935	0.00792	0.00448	0.01003
1	0.02109	0.05350	0.10779	0.07664	0.20398	0.15061	0.01886	0.07230	0.16641	0.02654	0.01791	0.01983	0.01394	0.00821	0.00745	0.00233	0.00972	0.00670	0.00494	0.01124
2	0.01696	0.01696	0.02375	0.02036	0.02036	0.02375	0.01696	0.01866	0.01187	0.01866	0.01018	0.01696	0.01018	0.01357	0.02545	0.00339	0.71332	0.00679	0.00339	0.00848
3	0.01082	0.00800	0.01023	0.01048	0.01230	0.00741	0.00814	0.01392	0.01959	0.02646	0.37027	0.13505	0.17248	0.01856	0.00956	0.00278	0.00453	0.14453	0.00787	0.00704
4	0.02045	0.01303	0.01434	0.01194	0.01554	0.01385	0.00957	0.21447	0.02251	0.07022	0.02186	0.02405	0.01664	0.00922	0.00754	0.00206	0.04958	0.00699	0.39778	0.05837
5	0.01464	0.01378	0.02326	0.70887	0.05340	0.01723	0.02153	0.01981	0.01550	0.01981	0.01378	0.02067	0.01034	0.00775	0.00775	0.00258	0.01034	0.00689	0.00345	0.00861
6	0.01120	0.00782	0.01000	0.01000	0.01053	0.00835	0.00662	0.01226	0.01173	0.01617	0.02302	0.04294	0.02480	0.47018	0.29217	0.00942	0.01261	0.01013	0.00449	0.00555
7	0.01696	0.01696	0.02375	0.02036	0.02036	0.02375	0.01696	0.01866	0.01187	0.01866	0.01018	0.01696	0.01018	0.01357	0.02545	0.00339	0.71332	0.00679	0.00339	0.00848
8	0.06336	0.01822	0.02060	0.01786	0.06340	0.01940	0.01364	0.33401	0.13328	0.10060	0.02171	0.02348	0.01636	0.00945	0.00756	0.00232	0.00754	0.03350	0.00722	0.08651
9	0.04755	0.01838	0.03115	0.20322	0.09366	0.05227	0.25414	0.05493	0.01808	0.05545	0.01615	0.04385	0.01290	0.00832	0.00932	0.00258	0.05560	0.00810	0.00437	0.00999
10	0.01829	0.01875	0.06078	0.08824	0.02848	0.04606	0.16300	0.09968	0.01907	0.02638	0.01856	0.02172	0.05371	0.00834	0.00910	0.00218	0.07184	0.00721	0.00468	0.23393
11	0.11316	0.01492	0.01639	0.03728	0.01905	0.05667	0.01147	0.08181	0.07754	0.15287	0.05518	0.13677	0.02419	0.01236	0.00927	0.00255	0.06772	0.03425	0.00668	0.06988
12	0.02319	0.01429	0.01884	0.01481	0.02018	0.01328	0.05811	0.11285	0.07059	0.23718	0.05777	0.10785	0.02296	0.01060	0.00775	0.00223	0.00671	0.00915	0.00732	0.18431
13	0.16345	0.01606	0.02134	0.13548	0.05796	0.01783	0.06855	0.11009	0.09304	0.11768	0.05443	0.02231	0.01671	0.00916	0.00875	0.00254	0.06093	0.00731	0.00593	0.01046
14	0.08729	0.01546	0.01976	0.06150	0.18036	0.01622	0.01449	0.08363	0.17256	0.02908	0.02528	0.06289	0.05912	0.01036	0.00762	0.00241	0.00712	0.04120	0.00587	0.09780
15	0.07841	0.01603	0.01976	0.04757	0.08104	0.01672	0.03903	0.20761	0.09257	0.10908	0.02953	0.03192	0.10876	0.01087	0.00788	0.00245	0.00734	0.04244	0.00682	0.04418
16	0.04949	0.05109	0.06320	0.18357	0.04879	0.01765	0.01556	0.05886	0.18877	0.06778	0.01939	0.02119	0.01466	0.00847	0.00791	0.00231	0.03656	0.00677	0.00545	0.13254

[dist]
# distance from previous block
# <min> <max>
4	22

[block]
# block no. 3 follows, 25 sequences, length 17
# corresponding to MSA columns:
# 193-209
name=unknown_D
#
# <colnr> <probs for GDERKNQSTAVLIFYWHMCP>
#	G	D	E	R	K	N	Q	S	T	A	V	L	I	F	Y	W	H	M	C	P
0	0.12051	0.01744	0.05366	0.06694	0.05072	0.01709	0.04303	0.22260	0.02359	0.19713	0.02039	0.02176	0.01458	0.03265	0.00833	0.00253	0.00787	0.00702	0.06085	0.01130
1	0.11475	0.01928	0.11299	0.04607	0.02295	0.01657	0.01421	0.16328	0.09471	0.13923	0.05848	0.02206	0.01748	0.00878	0.00716	0.00225	0.00746	0.00688	0.00648	0.11894
2	0.18429	0.15101	0.07077	0.01327	0.01964	0.01789	0.01206	0.07169	0.01705	0.04919	0.01337	0.01524	0.01074	0.00707	0.00654	0.00184	0.03555	0.00489	0.00466	0.29326
3	0.06176	0.13067	0.56118	0.02022	0.03064	0.01966	0.02540	0.02427	0.01610	0.02432	0.01331	0.01562	0.00975	0.00726	0.00690	0.00235	0.01071	0.00543	0.00337	0.01108
4	0.02073	0.73217	0.04063	0.01327	0.01990	0.03068	0.01327	0.02322	0.01575	0.01824	0.01078	0.01244	0.00995	0.00663	0.00498	0.00166	0.00829	0.00415	0.00332	0.00995
5	0.01128	0.00752	0.00846	0.00846	0.00846	0.00752	0.00470	0.01128	0.01128	0.01503	0.02443	0.05074	0.02819	0.72751	0.03946	0.00752	0.00752	0.01128	0.00470	0.00470
6	0.01368	0.05288	0.01669	0.01427	0.01559	0.01448	0.01131	0.04147	0.01376	0.01954	0.02074	0.12510	0.02129	0.07670	0.32024	0.00748	0.19297	0.00975	0.00453	0.00753
7	0.00959	0.00795	0.00845	0.00855	0.01103	0.00681	0.00656	0.01183	0.01805	0.02199	0.12593	0.07427	0.57279	0.01946	0.00929	0.00268	0.00417	0.06663	0.00731	0.00666
8	0.01491	0.03485	0.57144	0.06066	0.03219	0.01670	0.02580	0.02298	0.01665	0.02454	0.06195	0.05014	0.01613	0.00872	0.00762	0.00249	0.01054	0.00709	0.00383	0.01078
9	0.01080	0.00779	0.01021	0.00987	0.01155	0.00720	0.00730	0.01420	0.02114	0.02981	0.60352	0.13309	0.07068	0.01681	0.00923	0.00252	0.00375	0.01493	0.00838	0.00720
10	0.02816	0.01959	0.02196	0.04863	0.02436	0.02093	0.01413	0.49117	0.03187	0.12090	0.01936	0.01940	0.01361	0.00893	0.00757	0.00224	0.00812	0.00685	0.00748	0.08473
11	0.01608	0.01378	0.01608	0.01148	0.01837	0.01034	0.00919	0.01952	0.01608	0.02527	0.01378	0.01608	0.01148	0.00574	0.00574	0.00115	0.00574	0.00459	0.00459	0.77491
12	0.78228	0.01499	0.01140	0.01020	0.01499	0.01739	0.00840	0.02279	0.01320	0.03479	0.01080	0.01260	0.00840	0.00720	0.00480	0.00240	0.00600	0.00420	0.00480	0.00840
13	0.01853	0.01554	0.01667	0.01517	0.01918	0.01764	0.01181	0.07983	0.51522	0.03174	0.03364	0.08974	0.04912	0.01238	0.00822	0.00269	0.00614	0.03757	0.00777	0.01141
14	0.01108	0.00831	0.01246	0.01246	0.01385	0.00969	0.00969	0.01385	0.01246	0.01800	0.02077	0.03046	0.01938	0.05815	0.69678	0.01246	0.02077	0.00831	0.00415	0.00692
15	0.02957	0.01530	0.01955	0.01710	0.06734	0.01497	0.01296	0.16488	0.07783	0.40104	0.04923	0.02799	0.02066	0.01011	0.00795	0.00244	0.00708	0.03288	0.00852	0.01261
16	0.01122	0.00891	0.00972	0.00946	0.01190	0.00765	0.00699	0.01330	0.01980	0.02543	0.27121	0.06977	0.46743	0.01904	0.00968	0.00280	0.00434	0.01580	0.00803	0.00752

[dist]
# distance from previous block
# <min> <max>
4	20

[block]
# block no. 4 follows, 25 sequences, length 11
# corresponding to MSA columns:
# 230-240
name=unknown_E
#
# <colnr> <probs for GDERKNQSTAVLIFYWHMCP>
#	G	D	E	R	K	N	Q	S	T	A	V	L	I	F	Y	W	H	M	C	P
0	0.02866	0.01780	0.02025	0.01603	0.02163	0.01882	0.01305	0.36463	0.10819	0.22935	0.02500	0.06088	0.01831	0.01036	0.00790	0.00243	0.00746	0.00827	0.00827	0.01270
1	0.09182	0.02157	0.11472	0.10072	0.06933	0.01931	0.32366	0.06819	0.04315	0.02701	0.01538	0.01947	0.01158	0.00742	0.00865	0.00256	0.03304	0.00765	0.00427	0.01048
2	0.01737	0.01789	0.03307	0.06820	0.07387	0.01668	0.34012	0.02249	0.01708	0.02439	0.01463	0.01908	0.01154	0.00673	0.00869	0.00217	0.04430	0.00732	0.00407	0.25029
3	0.01830	0.02092	0.04575	0.03268	0.04052	0.01961	0.65098	0.02484	0.01830	0.02484	0.01569	0.02092	0.01176	0.00654	0.00915	0.00261	0.01307	0.00915	0.00392	0.01046
4	0.01929	0.01666	0.01753	0.01578	0.02016	0.01929	0.01227	0.04120	0.66513	0.03243	0.03156	0.02893	0.02367	0.01052	0.00789	0.00263	0.00614	0.00877	0.00789	0.01227
5	0.01695	0.01787	0.03506	0.18177	0.11094	0.01852	0.34759	0.02223	0.01684	0.02293	0.01626	0.06199	0.01371	0.00852	0.01016	0.00267	0.07326	0.00896	0.00395	0.00983
6	0.01124	0.00836	0.01069	0.01169	0.01300	0.00830	0.00856	0.01558	0.08883	0.02355	0.14484	0.44302	0.05081	0.02095	0.00967	0.00304	0.00493	0.10819	0.00749	0.00725
7	0.01103	0.00838	0.01105	0.06459	0.01473	0.00800	0.00825	0.01458	0.02088	0.02888	0.54490	0.05717	0.14708	0.01571	0.00904	0.00247	0.00422	0.01377	0.00796	0.00732
8	0.02136	0.05794	0.02648	0.24380	0.03453	0.06163	0.08195	0.22823	0.02256	0.02954	0.01481	0.01869	0.01135	0.00886	0.01005	0.00253	0.10351	0.00687	0.00492	0.01037
9	0.01033	0.01021	0.06246	0.01018	0.01281	0.00766	0.00841	0.01329	0.01845	0.02440	0.26607	0.18949	0.30127	0.01830	0.00916	0.00265	0.00454	0.01584	0.00734	0.00714
10	0.09099	0.14178	0.06566	0.05518	0.18889	0.11659	0.05444	0.09052	0.01974	0.02673	0.06569	0.01970	0.01584	0.00804	0.00706	0.00221	0.00934	0.00655	0.00460	0.01045

[dist]
# distance from previous block
# <min> <max>
0	1

[block]
# block no. 5 follows, 25 sequences, length 10
# corresponding to MSA columns:
# 242-251
name=unknown_F
#
# <colnr> <probs for GDERKNQSTAVLIFYWHMCP>
#	G	D	E	R	K	N	Q	S	T	A	V	L	I	F	Y	W	H	M	C	P
0	0.02542	0.06886	0.13589	0.01455	0.02158	0.01353	0.01390	0.02955	0.01937	0.35244	0.04726	0.02260	0.01728	0.00839	0.00712	0.00208	0.00727	0.00671	0.00691	0.17928
1	0.64890	0.01529	0.01247	0.01117	0.01590	0.01772	0.00907	0.02601	0.12716	0.03438	0.01443	0.01545	0.01107	0.00778	0.00534	0.00244	0.00602	0.00500	0.00534	0.00907
2	0.01656	0.17477	0.56150	0.02038	0.03090	0.02047	0.02565	0.02429	0.01625	0.02333	0.01330	0.01560	0.00985	0.00722	0.00690	0.00230	0.01084	0.00542	0.00328	0.01117
3	0.02822	0.02109	0.02256	0.01759	0.02357	0.02346	0.01443	0.57764	0.11416	0.04683	0.02022	0.01989	0.01448	0.00946	0.00777	0.00236	0.00824	0.00720	0.00777	0.01307
4	0.01284	0.00867	0.01170	0.01247	0.05208	0.00814	0.00870	0.01487	0.01801	0.05263	0.29057	0.05434	0.14870	0.04626	0.01409	0.13775	0.00529	0.08911	0.00685	0.00693
5	0.02349	0.17977	0.02619	0.04051	0.04872	0.20563	0.03369	0.18361	0.02289	0.02742	0.04442	0.06775	0.01661	0.00964	0.00787	0.00221	0.03703	0.00724	0.00517	0.01014
6	0.00962	0.00695	0.00911	0.01052	0.01125	0.00644	0.00715	0.01129	0.01586	0.02125	0.12267	0.60800	0.08515	0.02302	0.00977	0.00303	0.00437	0.02077	0.00736	0.00644
7	0.02353	0.01607	0.01793	0.01540	0.02027	0.01762	0.01218	0.07082	0.47891	0.19040	0.03068	0.02780	0.02207	0.01024	0.00786	0.00256	0.00637	0.00844	0.00829	0.01254
8	0.01186	0.00861	0.01104	0.13089	0.01631	0.00921	0.00764	0.01277	0.01201	0.01587	0.02257	0.04548	0.02507	0.60169	0.03392	0.00665	0.00801	0.01051	0.00448	0.00538
9	0.02323	0.08113	0.02379	0.13981	0.02799	0.37647	0.01627	0.02647	0.04123	0.01948	0.01256	0.01613	0.01057	0.00899	0.01048	0.00236	0.14442	0.00573	0.00387	0.00902

[dist]
# distance from previous block
# <min> <max>
0	1

# created by:
# /st0/software/busco_prod/Augustus/scripts/msa2prfl.pl ./align_prep/127314.fa
