[name]
unknown

[dist]
# distance from previous block
# <min> <max>
0	36

[block]
# block no. 0 follows, 26 sequences, length 6
# corresponding to MSA columns:
# 36-41
name=unknown_A
#
# <colnr> <probs for GDERKNQSTAVLIFYWHMCP>
#	G	D	E	R	K	N	Q	S	T	A	V	L	I	F	Y	W	H	M	C	P
0	0.02005	0.01208	0.01512	0.01427	0.01788	0.01236	0.01187	0.02866	0.21085	0.20568	0.03467	0.05264	0.03093	0.01470	0.00890	0.00291	0.00655	0.28197	0.00785	0.01006
1	0.02481	0.16217	0.25787	0.01623	0.02408	0.01705	0.01739	0.02970	0.01851	0.32847	0.02049	0.01976	0.01383	0.00807	0.00695	0.00223	0.00843	0.00623	0.00604	0.01170
2	0.01939	0.49134	0.06507	0.01428	0.02015	0.05818	0.01367	0.02214	0.01533	0.01913	0.01107	0.01341	0.00995	0.00726	0.00749	0.00181	0.09066	0.00453	0.00345	0.11169
3	0.01255	0.00681	0.00941	0.00941	0.00941	0.00681	0.00600	0.01022	0.01022	0.01362	0.01632	0.03086	0.01740	0.23389	0.03227	0.55273	0.00681	0.00789	0.00368	0.00368
4	0.02231	0.06608	0.01887	0.01642	0.01958	0.42245	0.01231	0.05951	0.01990	0.02040	0.02085	0.22366	0.02180	0.01249	0.00760	0.00228	0.01034	0.00984	0.00500	0.00830
5	0.01537	0.01553	0.02921	0.51466	0.04854	0.01754	0.20818	0.02082	0.01597	0.02082	0.01403	0.02029	0.01052	0.00723	0.00798	0.00254	0.01090	0.00739	0.00351	0.00896

[dist]
# distance from previous block
# <min> <max>
1	4

[block]
# block no. 1 follows, 26 sequences, length 101
# corresponding to MSA columns:
# 46-146
name=unknown_B
#
# <colnr> <probs for GDERKNQSTAVLIFYWHMCP>
#	G	D	E	R	K	N	Q	S	T	A	V	L	I	F	Y	W	H	M	C	P
0	0.63048	0.10303	0.01553	0.01105	0.01599	0.04582	0.00932	0.05153	0.01458	0.03210	0.01095	0.01262	0.00867	0.00710	0.00493	0.00224	0.00656	0.00425	0.00462	0.00863
1	0.05579	0.01780	0.02028	0.01568	0.02156	0.01862	0.01293	0.38824	0.05483	0.28065	0.02271	0.02117	0.01528	0.00919	0.00751	0.00232	0.00748	0.00710	0.00815	0.01271
2	0.01074	0.00775	0.01014	0.00954	0.01133	0.00716	0.00716	0.01431	0.02147	0.03042	0.68211	0.05666	0.07157	0.01551	0.00895	0.00239	0.00358	0.01372	0.00835	0.00716
3	0.01945	0.54689	0.19027	0.01525	0.02272	0.05548	0.01653	0.02333	0.01581	0.01930	0.01130	0.01312	0.00971	0.00671	0.00549	0.00182	0.00906	0.00445	0.00326	0.01004
4	0.02058	0.62485	0.08865	0.01412	0.02083	0.06060	0.01427	0.04649	0.01649	0.01945	0.01112	0.01276	0.00984	0.00670	0.00524	0.00172	0.00862	0.00432	0.00343	0.00992
5	0.01194	0.00854	0.01185	0.01331	0.01501	0.00845	0.01142	0.01537	0.01786	0.02355	0.12012	0.10322	0.04734	0.02037	0.01026	0.00334	0.00648	0.53744	0.00716	0.00698
6	0.00936	0.00668	0.00893	0.01069	0.01118	0.00626	0.00724	0.01076	0.01464	0.01949	0.04174	0.70376	0.04992	0.02366	0.00971	0.00310	0.00450	0.04515	0.00704	0.00619
7	0.02028	0.73799	0.03975	0.01298	0.01947	0.03001	0.01298	0.02271	0.01541	0.01785	0.01055	0.01217	0.00973	0.00649	0.00487	0.00162	0.00811	0.00406	0.00324	0.00973
8	0.02930	0.01354	0.04052	0.01343	0.01886	0.01155	0.01133	0.05751	0.04464	0.52526	0.12247	0.02969	0.02595	0.01021	0.00780	0.00236	0.00627	0.00843	0.00889	0.01199
9	0.01542	0.06733	0.66782	0.02127	0.03229	0.01811	0.02742	0.02397	0.01599	0.02377	0.01349	0.01586	0.00961	0.00718	0.00711	0.00237	0.01109	0.00554	0.00320	0.01115
10	0.02833	0.03615	0.02149	0.01954	0.02345	0.70298	0.01466	0.03029	0.02149	0.01856	0.01172	0.01368	0.00977	0.00782	0.00684	0.00195	0.01368	0.00489	0.00391	0.00879
11	0.01821	0.01745	0.02977	0.13127	0.60580	0.01787	0.02300	0.02278	0.01700	0.02410	0.01417	0.01896	0.01177	0.00686	0.00752	0.00229	0.00915	0.00676	0.00371	0.01156
12	0.01308	0.01180	0.01914	0.50708	0.04036	0.01429	0.01726	0.01704	0.01487	0.01934	0.02073	0.20451	0.02054	0.01200	0.00874	0.00270	0.03377	0.01060	0.00432	0.00783
13	0.01011	0.00732	0.00973	0.01135	0.01234	0.00694	0.00848	0.01212	0.01561	0.02044	0.04403	0.48664	0.09731	0.02258	0.00986	0.00316	0.00512	0.20341	0.00702	0.00642
14	0.06314	0.01333	0.01729	0.01355	0.01921	0.01219	0.01112	0.03672	0.08929	0.59571	0.02923	0.02553	0.01880	0.00939	0.00752	0.00237	0.00638	0.00758	0.00902	0.01262
15	0.01756	0.36281	0.39111	0.01762	0.02664	0.02336	0.02106	0.02342	0.01574	0.02116	0.01219	0.01423	0.00967	0.00687	0.00612	0.00204	0.00978	0.00489	0.00322	0.01053
16	0.02833	0.03615	0.02149	0.01954	0.02345	0.70298	0.01466	0.03029	0.02149	0.01856	0.01172	0.01368	0.00977	0.00782	0.00684	0.00195	0.01368	0.00489	0.00391	0.00879
17	0.00924	0.00660	0.00880	0.01056	0.01100	0.00616	0.00704	0.01056	0.01452	0.01936	0.04181	0.72848	0.05017	0.02376	0.00968	0.00308	0.00440	0.02156	0.00704	0.00616
18	0.03360	0.01361	0.01803	0.01383	0.01971	0.01218	0.01142	0.08916	0.02288	0.63752	0.02894	0.02518	0.01828	0.00936	0.00762	0.00234	0.00661	0.00756	0.00924	0.01291
19	0.02384	0.01900	0.01958	0.01634	0.02137	0.05120	0.01304	0.28421	0.36569	0.06436	0.02498	0.02356	0.01833	0.00968	0.00762	0.00242	0.00729	0.00768	0.00756	0.01225
20	0.01877	0.01802	0.03079	0.04656	0.68612	0.01802	0.02328	0.02328	0.01727	0.02478	0.01427	0.01877	0.01201	0.00676	0.00751	0.00225	0.00901	0.00676	0.00375	0.01201
21	0.01074	0.00775	0.01014	0.00954	0.01133	0.00716	0.00716	0.01431	0.02147	0.03042	0.68211	0.05666	0.07157	0.01551	0.00895	0.00239	0.00358	0.01372	0.00835	0.00716
22	0.02883	0.02125	0.02276	0.01745	0.02352	0.02352	0.01442	0.66082	0.03566	0.04780	0.01821	0.01821	0.01290	0.00911	0.00759	0.00228	0.00835	0.00683	0.00759	0.01290
23	0.01432	0.01348	0.02275	0.71520	0.05224	0.01685	0.02107	0.01938	0.01517	0.01938	0.01348	0.02022	0.01011	0.00758	0.00758	0.00253	0.01011	0.00674	0.00337	0.00843
24	0.00924	0.00660	0.00880	0.01056	0.01100	0.00616	0.00704	0.01056	0.01452	0.01936	0.04181	0.72848	0.05017	0.02376	0.00968	0.00308	0.00440	0.02156	0.00704	0.00616
25	0.01877	0.01802	0.03079	0.04656	0.68612	0.01802	0.02328	0.02328	0.01727	0.02478	0.01427	0.01877	0.01201	0.00676	0.00751	0.00225	0.00901	0.00676	0.00375	0.01201
26	0.02883	0.02125	0.02276	0.01745	0.02352	0.02352	0.01442	0.66082	0.03566	0.04780	0.01821	0.01821	0.01290	0.00911	0.00759	0.00228	0.00835	0.00683	0.00759	0.01290
27	0.00924	0.00660	0.00880	0.01056	0.01100	0.00616	0.00704	0.01056	0.01452	0.01936	0.04181	0.72848	0.05017	0.02376	0.00968	0.00308	0.00440	0.02156	0.00704	0.00616
28	0.03403	0.01291	0.01760	0.01350	0.01936	0.01115	0.01115	0.03697	0.02171	0.69137	0.02992	0.02582	0.01878	0.00939	0.00763	0.00235	0.00645	0.00763	0.00939	0.01291
29	0.01087	0.00798	0.01143	0.01143	0.01252	0.00907	0.00853	0.01305	0.01196	0.01704	0.02102	0.03367	0.02064	0.18885	0.57371	0.01125	0.01779	0.00869	0.00417	0.00635
30	0.01954	0.63648	0.13481	0.01423	0.02141	0.02821	0.01516	0.02290	0.01550	0.01874	0.01099	0.01273	0.00972	0.00659	0.00521	0.00174	0.00856	0.00428	0.00324	0.00995
31	0.00896	0.00768	0.00768	0.00768	0.01025	0.00640	0.00576	0.01089	0.01729	0.02049	0.07684	0.07300	0.68304	0.01921	0.00896	0.00256	0.00384	0.01601	0.00704	0.00640
32	0.02028	0.73799	0.03975	0.01298	0.01947	0.03001	0.01298	0.02271	0.01541	0.01785	0.01055	0.01217	0.00973	0.00649	0.00487	0.00162	0.00811	0.00406	0.00324	0.00973
33	0.01609	0.01528	0.02594	0.44969	0.30394	0.01732	0.02194	0.02093	0.01600	0.02152	0.01379	0.01965	0.01087	0.00726	0.00755	0.00242	0.00967	0.00675	0.00352	0.00985
34	0.01595	0.14034	0.59945	0.02037	0.03090	0.01941	0.02585	0.02383	0.01593	0.02313	0.01317	0.01546	0.00963	0.00710	0.00687	0.00229	0.01076	0.00538	0.00321	0.01100
35	0.02868	0.01203	0.01609	0.01279	0.01777	0.01070	0.01039	0.03258	0.05109	0.52904	0.16072	0.03211	0.02956	0.01066	0.00790	0.00236	0.00586	0.00889	0.00910	0.01171
36	0.01762	0.37078	0.38364	0.01752	0.02649	0.02350	0.02089	0.02340	0.01573	0.02109	0.01216	0.01419	0.00967	0.00687	0.00610	0.00203	0.00974	0.00487	0.00322	0.01051
37	0.01863	0.51063	0.25267	0.01579	0.02382	0.02598	0.01787	0.02314	0.01561	0.01985	0.01154	0.01342	0.00969	0.00672	0.00563	0.00188	0.00912	0.00456	0.00323	0.01021
38	0.01790	0.02046	0.04476	0.03197	0.03964	0.01918	0.65857	0.02430	0.01790	0.02430	0.01535	0.02046	0.01151	0.00639	0.00895	0.00256	0.01279	0.00895	0.00384	0.01023
39	0.02833	0.03615	0.02149	0.01954	0.02345	0.70298	0.01466	0.03029	0.02149	0.01856	0.01172	0.01368	0.00977	0.00782	0.00684	0.00195	0.01368	0.00489	0.00391	0.00879
40	0.02192	0.28813	0.18658	0.01651	0.02381	0.02377	0.01681	0.21022	0.07012	0.05105	0.01563	0.01647	0.01191	0.00779	0.00651	0.00209	0.00870	0.00568	0.00503	0.01127
41	0.01084	0.00813	0.01219	0.01219	0.01354	0.00948	0.00948	0.01354	0.01219	0.01761	0.02032	0.02980	0.01896	0.05689	0.70337	0.01219	0.02032	0.00813	0.00406	0.00677
42	0.00924	0.00660	0.00880	0.01056	0.01100	0.00616	0.00704	0.01056	0.01452	0.01936	0.04181	0.72848	0.05017	0.02376	0.00968	0.00308	0.00440	0.02156	0.00704	0.00616
43	0.02028	0.73799	0.03975	0.01298	0.01947	0.03001	0.01298	0.02271	0.01541	0.01785	0.01055	0.01217	0.00973	0.00649	0.00487	0.00162	0.00811	0.00406	0.00324	0.00973
44	0.57680	0.01752	0.01384	0.01210	0.01666	0.10149	0.00980	0.05024	0.01550	0.08111	0.01244	0.01390	0.00945	0.00764	0.00608	0.00233	0.03458	0.00467	0.00501	0.00883
45	0.01222	0.00873	0.01222	0.01397	0.01572	0.00873	0.01222	0.01572	0.01746	0.02270	0.04016	0.08556	0.04365	0.02095	0.01048	0.00349	0.00698	0.63506	0.00698	0.00698
46	0.02028	0.73799	0.03975	0.01298	0.01947	0.03001	0.01298	0.02271	0.01541	0.01785	0.01055	0.01217	0.00973	0.00649	0.00487	0.00162	0.00811	0.00406	0.00324	0.00973
47	0.02883	0.02125	0.02276	0.01745	0.02352	0.02352	0.01442	0.66082	0.03566	0.04780	0.01821	0.01821	0.01290	0.00911	0.00759	0.00228	0.00835	0.00683	0.00759	0.01290
48	0.02833	0.03615	0.02149	0.01954	0.02345	0.70298	0.01466	0.03029	0.02149	0.01856	0.01172	0.01368	0.00977	0.00782	0.00684	0.00195	0.01368	0.00489	0.00391	0.00879
49	0.01108	0.00741	0.00845	0.00852	0.00860	0.00741	0.00493	0.01124	0.01131	0.01506	0.02461	0.05121	0.02828	0.70229	0.03738	0.00718	0.00734	0.03830	0.00470	0.00470
50	0.00997	0.00712	0.00964	0.01140	0.01216	0.00679	0.00831	0.01183	0.01524	0.02018	0.04140	0.57052	0.04857	0.02307	0.00988	0.00318	0.00504	0.17230	0.00703	0.00636
51	0.02883	0.02125	0.02276	0.01745	0.02352	0.02352	0.01442	0.66082	0.03566	0.04780	0.01821	0.01821	0.01290	0.00911	0.00759	0.00228	0.00835	0.00683	0.00759	0.01290
52	0.03303	0.01477	0.01788	0.01402	0.01968	0.06304	0.01144	0.03659	0.04624	0.61630	0.02860	0.02501	0.01827	0.00930	0.00757	0.00233	0.00698	0.00746	0.00892	0.01257
53	0.01887	0.01629	0.01715	0.01544	0.01972	0.01887	0.01201	0.04031	0.67241	0.03173	0.03087	0.02830	0.02315	0.01029	0.00772	0.00257	0.00600	0.00858	0.00772	0.01201
54	0.73046	0.01516	0.01201	0.01053	0.01533	0.01750	0.00868	0.06992	0.01461	0.03506	0.01113	0.01276	0.00856	0.00719	0.00491	0.00234	0.00605	0.00431	0.00491	0.00856
55	0.00924	0.00660	0.00880	0.01056	0.01100	0.00616	0.00704	0.01056	0.01452	0.01936	0.04181	0.72848	0.05017	0.02376	0.00968	0.00308	0.00440	0.02156	0.00704	0.00616
56	0.00924	0.00660	0.00880	0.01056	0.01100	0.00616	0.00704	0.01056	0.01452	0.01936	0.04181	0.72848	0.05017	0.02376	0.00968	0.00308	0.00440	0.02156	0.00704	0.00616
57	0.07892	0.01754	0.01826	0.01559	0.02040	0.02002	0.01239	0.21070	0.44699	0.03635	0.02585	0.02432	0.01920	0.00972	0.00746	0.00247	0.00664	0.00776	0.00746	0.01197
58	0.78701	0.01467	0.01115	0.00997	0.01467	0.01702	0.00821	0.02230	0.01291	0.03403	0.01056	0.01232	0.00821	0.00704	0.00469	0.00235	0.00587	0.00411	0.00469	0.00821
59	0.02883	0.02125	0.02276	0.01745	0.02352	0.02352	0.01442	0.66082	0.03566	0.04780	0.01821	0.01821	0.01290	0.00911	0.00759	0.00228	0.00835	0.00683	0.00759	0.01290
60	0.01247	0.00814	0.01070	0.00984	0.01193	0.00745	0.00745	0.01600	0.02149	0.07972	0.63347	0.05436	0.06763	0.01505	0.00885	0.00238	0.00379	0.01326	0.00843	0.00759
61	0.01877	0.01802	0.03079	0.04656	0.68612	0.01802	0.02328	0.02328	0.01727	0.02478	0.01427	0.01877	0.01201	0.00676	0.00751	0.00225	0.00901	0.00676	0.00375	0.01201
62	0.01432	0.01348	0.02275	0.71520	0.05224	0.01685	0.02107	0.01938	0.01517	0.01938	0.01348	0.02022	0.01011	0.00758	0.00758	0.00253	0.01011	0.00674	0.00337	0.00843
63	0.01103	0.00735	0.00827	0.00827	0.00827	0.00735	0.00460	0.01103	0.01103	0.01471	0.02390	0.04964	0.02758	0.73343	0.03861	0.00735	0.00735	0.01103	0.00460	0.00460
64	0.02883	0.02125	0.02276	0.01745	0.02352	0.02352	0.01442	0.66082	0.03566	0.04780	0.01821	0.01821	0.01290	0.00911	0.00759	0.00228	0.00835	0.00683	0.00759	0.01290
65	0.07308	0.01766	0.01706	0.01536	0.01965	0.06976	0.01194	0.03830	0.57792	0.03091	0.02803	0.02610	0.02112	0.00988	0.00744	0.00251	0.00657	0.00799	0.00722	0.01150
66	0.01211	0.00865	0.01209	0.01384	0.01553	0.00863	0.01202	0.01552	0.01735	0.02257	0.04022	0.11043	0.04390	0.02106	0.01045	0.00348	0.00688	0.61133	0.00699	0.00695
67	0.01085	0.00783	0.01029	0.00987	0.01166	0.00727	0.00753	0.01442	0.02117	0.02984	0.63423	0.05881	0.06949	0.01591	0.00906	0.00247	0.00383	0.06006	0.00825	0.00714
68	0.01432	0.01348	0.02275	0.71520	0.05224	0.01685	0.02107	0.01938	0.01517	0.01938	0.01348	0.02022	0.01011	0.00758	0.00758	0.00253	0.01011	0.00674	0.00337	0.00843
69	0.02883	0.02125	0.02276	0.01745	0.02352	0.02352	0.01442	0.66082	0.03566	0.04780	0.01821	0.01821	0.01290	0.00911	0.00759	0.00228	0.00835	0.00683	0.00759	0.01290
70	0.64000	0.01594	0.01340	0.01142	0.01639	0.01828	0.00942	0.14611	0.01732	0.03670	0.01204	0.01346	0.00912	0.00744	0.00526	0.00233	0.00635	0.00464	0.00526	0.00912
71	0.01486	0.01402	0.02371	0.63534	0.12795	0.01699	0.02133	0.01985	0.01542	0.02002	0.01358	0.02005	0.01034	0.00748	0.00757	0.00249	0.00998	0.00674	0.00342	0.00885
72	0.02007	0.70857	0.06730	0.01334	0.02003	0.02949	0.01361	0.02277	0.01544	0.01811	0.01067	0.01233	0.00973	0.00652	0.00497	0.00166	0.00824	0.00412	0.00324	0.00980
73	0.02778	0.03523	0.02158	0.01956	0.02328	0.67088	0.01475	0.02972	0.02103	0.01855	0.01164	0.01382	0.00978	0.00807	0.00769	0.00202	0.04701	0.00497	0.00388	0.00877
74	0.01432	0.01348	0.02275	0.71520	0.05224	0.01685	0.02107	0.01938	0.01517	0.01938	0.01348	0.02022	0.01011	0.00758	0.00758	0.00253	0.01011	0.00674	0.00337	0.00843
75	0.01609	0.01528	0.02594	0.44969	0.30394	0.01732	0.02194	0.02093	0.01600	0.02152	0.01379	0.01965	0.01087	0.00726	0.00755	0.00242	0.00967	0.00675	0.00352	0.00985
76	0.00902	0.00748	0.00790	0.00823	0.01039	0.00636	0.00601	0.01082	0.01676	0.02028	0.07016	0.19798	0.56237	0.02008	0.00910	0.00266	0.00395	0.01707	0.00704	0.00636
77	0.00946	0.00676	0.00906	0.01082	0.01135	0.00635	0.00743	0.01095	0.01474	0.01961	0.04168	0.68053	0.04968	0.02355	0.00974	0.00311	0.00459	0.06732	0.00704	0.00622
78	0.01414	0.00707	0.00707	0.00707	0.00884	0.00707	0.00530	0.01767	0.01591	0.02828	0.02474	0.02828	0.01944	0.00884	0.00530	0.00177	0.00353	0.00707	0.77554	0.00707
79	0.01084	0.00813	0.01219	0.01219	0.01354	0.00948	0.00948	0.01354	0.01219	0.01761	0.02032	0.02980	0.01896	0.05689	0.70337	0.01219	0.02032	0.00813	0.00406	0.00677
80	0.01072	0.00779	0.01011	0.00964	0.01146	0.00719	0.00730	0.01422	0.02112	0.02966	0.62893	0.05856	0.09810	0.01589	0.00901	0.00244	0.00373	0.03880	0.00824	0.00712
81	0.02809	0.02088	0.02234	0.01730	0.02324	0.02317	0.01424	0.61454	0.08316	0.04660	0.01916	0.01896	0.01366	0.00919	0.00760	0.00230	0.00817	0.00696	0.00760	0.01283
82	0.10218	0.00850	0.00954	0.00948	0.01170	0.00811	0.00723	0.01393	0.01815	0.02610	0.30398	0.13096	0.24270	0.01691	0.00864	0.00259	0.00427	0.06080	0.00728	0.00694
83	0.78701	0.01467	0.01115	0.00997	0.01467	0.01702	0.00821	0.02230	0.01291	0.03403	0.01056	0.01232	0.00821	0.00704	0.00469	0.00235	0.00587	0.00411	0.00469	0.00821
84	0.00924	0.00660	0.00880	0.01056	0.01100	0.00616	0.00704	0.01056	0.01452	0.01936	0.04181	0.72848	0.05017	0.02376	0.00968	0.00308	0.00440	0.02156	0.00704	0.00616
85	0.01065	0.00775	0.01002	0.00945	0.01128	0.00712	0.00709	0.01415	0.02127	0.02995	0.65353	0.05743	0.10044	0.01568	0.00895	0.00239	0.00359	0.01383	0.00829	0.00712
86	0.00987	0.00704	0.00922	0.01006	0.01092	0.00658	0.00691	0.01187	0.01664	0.02279	0.25803	0.45302	0.05586	0.07039	0.01145	0.00314	0.00433	0.01816	0.00732	0.00639
87	0.05104	0.00909	0.01132	0.01039	0.01284	0.00862	0.00790	0.01845	0.04267	0.12499	0.41404	0.07749	0.07442	0.06823	0.01081	0.00283	0.00464	0.03441	0.00788	0.00796
88	0.01103	0.00735	0.00827	0.00827	0.00827	0.00735	0.00460	0.01103	0.01103	0.01471	0.02390	0.04964	0.02758	0.73343	0.03861	0.00735	0.00735	0.01103	0.00460	0.00460
89	0.01126	0.00733	0.00818	0.00818	0.00831	0.00733	0.00465	0.01153	0.01139	0.01572	0.02396	0.04804	0.02697	0.67939	0.03612	0.00694	0.00707	0.01074	0.06210	0.00478
90	0.00962	0.00704	0.00907	0.01018	0.01118	0.00649	0.00714	0.01153	0.01629	0.02172	0.16651	0.49663	0.12841	0.02155	0.00949	0.00291	0.00429	0.04624	0.00729	0.00641
91	0.00924	0.00660	0.00880	0.01056	0.01100	0.00616	0.00704	0.01056	0.01452	0.01936	0.04181	0.72848	0.05017	0.02376	0.00968	0.00308	0.00440	0.02156	0.00704	0.00616
92	0.01084	0.00813	0.01219	0.01219	0.01354	0.00948	0.00948	0.01354	0.01219	0.01761	0.02032	0.02980	0.01896	0.05689	0.70337	0.01219	0.02032	0.00813	0.00406	0.00677
93	0.01084	0.00809	0.01202	0.01202	0.01331	0.00939	0.00927	0.01343	0.01214	0.01748	0.02047	0.03067	0.01934	0.08645	0.67432	0.01198	0.01975	0.00825	0.00409	0.00668
94	0.00972	0.00701	0.00927	0.01070	0.01152	0.00656	0.00757	0.01155	0.01572	0.02097	0.11234	0.55563	0.08038	0.02236	0.00966	0.00303	0.00457	0.08791	0.00718	0.00637
95	0.01043	0.00774	0.00971	0.00922	0.01114	0.00703	0.00691	0.01371	0.02074	0.02868	0.57630	0.05952	0.17847	0.01615	0.00895	0.00242	0.00362	0.01412	0.00812	0.00703
96	0.02394	0.01811	0.02073	0.08921	0.02488	0.02027	0.01440	0.44876	0.07787	0.03944	0.02065	0.02561	0.01637	0.01336	0.05631	0.00312	0.00908	0.05961	0.00686	0.01145
97	0.01452	0.01369	0.02311	0.68509	0.08079	0.01690	0.02116	0.01956	0.01526	0.01962	0.01352	0.02016	0.01020	0.00755	0.00758	0.00252	0.01006	0.00674	0.00339	0.00859
98	0.01161	0.00878	0.00976	0.00961	0.01220	0.00801	0.00743	0.03878	0.04298	0.05013	0.10524	0.11727	0.44737	0.01837	0.00903	0.00267	0.00456	0.08172	0.00727	0.00722
99	0.01784	0.02029	0.04379	0.03143	0.03875	0.01936	0.62966	0.02402	0.01762	0.02402	0.01510	0.02029	0.01144	0.00670	0.00967	0.00259	0.04462	0.00885	0.00381	0.01014
100	0.02054	0.02155	0.02340	0.29298	0.03556	0.21017	0.07103	0.08336	0.11988	0.02400	0.01624	0.01947	0.01238	0.00810	0.00751	0.00235	0.01055	0.00670	0.00460	0.00963

[dist]
# distance from previous block
# <min> <max>
0	0

# created by:
# /st0/software/busco_prod/Augustus/scripts/msa2prfl.pl ./align_prep/127687.fa
