[name]
unknown

[dist]
# distance from previous block
# <min> <max>
4	43

[block]
# block no. 0 follows, 25 sequences, length 8
# corresponding to MSA columns:
# 47-54
name=unknown_A
#
# <colnr> <probs for GDERKNQSTAVLIFYWHMCP>
#	G	D	E	R	K	N	Q	S	T	A	V	L	I	F	Y	W	H	M	C	P
0	0.05825	0.00811	0.01031	0.01130	0.01201	0.00848	0.00786	0.01231	0.01406	0.02010	0.03544	0.52358	0.04162	0.08797	0.06083	0.00416	0.05276	0.01801	0.00636	0.00647
1	0.01434	0.01009	0.01261	0.01184	0.01291	0.01163	0.00896	0.04697	0.01542	0.02364	0.06377	0.14593	0.02614	0.07747	0.01617	0.06945	0.16507	0.01035	0.25016	0.00710
2	0.04500	0.01123	0.01343	0.01213	0.01543	0.01103	0.00914	0.02551	0.14650	0.19839	0.05546	0.21097	0.03047	0.07336	0.01068	0.00296	0.00566	0.01189	0.05795	0.05282
3	0.01402	0.00811	0.01029	0.01001	0.01184	0.00754	0.00728	0.01671	0.01843	0.10528	0.28151	0.22127	0.04916	0.07021	0.01089	0.00290	0.00452	0.01407	0.12840	0.00755
4	0.00993	0.00717	0.00921	0.01042	0.01126	0.00669	0.00719	0.01161	0.01579	0.02100	0.11743	0.49656	0.10616	0.08136	0.01226	0.00341	0.00475	0.05430	0.00714	0.00635
5	0.10263	0.01129	0.01357	0.01152	0.01559	0.01062	0.00908	0.02708	0.04567	0.33587	0.06487	0.09215	0.08164	0.04416	0.00901	0.00266	0.00565	0.00984	0.09700	0.01011
6	0.01381	0.00884	0.01093	0.01040	0.01263	0.00820	0.00782	0.03623	0.01928	0.09714	0.27269	0.12421	0.17494	0.10150	0.01276	0.00323	0.00502	0.06515	0.00766	0.00756
7	0.01287	0.00966	0.01179	0.03114	0.01371	0.01035	0.00839	0.06910	0.01590	0.02159	0.03517	0.09077	0.16654	0.19694	0.17410	0.00605	0.04980	0.01142	0.05774	0.00697

[dist]
# distance from previous block
# <min> <max>
0	1

[block]
# block no. 1 follows, 25 sequences, length 41
# corresponding to MSA columns:
# 56-96
name=unknown_B
#
# <colnr> <probs for GDERKNQSTAVLIFYWHMCP>
#	G	D	E	R	K	N	Q	S	T	A	V	L	I	F	Y	W	H	M	C	P
0	0.29339	0.01251	0.01371	0.03710	0.01712	0.01314	0.00980	0.02437	0.04632	0.18199	0.04801	0.02508	0.01788	0.01476	0.06681	0.06356	0.00747	0.03280	0.03255	0.04162
1	0.01921	0.01389	0.01536	0.01363	0.01773	0.01491	0.01064	0.03332	0.40327	0.12890	0.09591	0.03873	0.13627	0.01237	0.00820	0.00258	0.00562	0.01035	0.00809	0.01102
2	0.01667	0.01663	0.03081	0.12041	0.03330	0.01625	0.32377	0.05224	0.04848	0.02487	0.02050	0.13487	0.01860	0.00983	0.00856	0.00252	0.00991	0.01029	0.00484	0.09666
3	0.01865	0.01577	0.01736	0.04839	0.02108	0.01760	0.01216	0.07703	0.47595	0.03170	0.05910	0.05793	0.02477	0.01073	0.00783	0.00249	0.00628	0.00901	0.00738	0.07881
4	0.11528	0.00948	0.00839	0.00815	0.01044	0.03739	0.00621	0.01922	0.01610	0.02926	0.02284	0.02615	0.01796	0.00875	0.00540	0.00189	0.00436	0.00674	0.63853	0.00745
5	0.06452	0.05020	0.01726	0.07160	0.02031	0.10303	0.01153	0.15331	0.09127	0.05030	0.02037	0.02324	0.01597	0.03571	0.03713	0.00279	0.00810	0.00692	0.20681	0.00962
6	0.78228	0.01499	0.01140	0.01020	0.01499	0.01739	0.00840	0.02279	0.01320	0.03479	0.01080	0.01260	0.00840	0.00720	0.00480	0.00240	0.00600	0.00420	0.00480	0.00840
7	0.01126	0.00756	0.00869	0.00869	0.00876	0.00764	0.00498	0.01142	0.01134	0.01520	0.02422	0.04958	0.02769	0.68921	0.07707	0.00780	0.00828	0.01111	0.00467	0.00483
8	0.02896	0.03695	0.02197	0.01998	0.02397	0.69638	0.01498	0.03096	0.02197	0.01898	0.01199	0.01398	0.00999	0.00799	0.00699	0.00200	0.01398	0.00499	0.00400	0.00899
9	0.00945	0.00763	0.00841	0.00871	0.01077	0.00659	0.00635	0.01149	0.01760	0.02196	0.14505	0.20996	0.46859	0.02015	0.00932	0.00271	0.00402	0.01728	0.00737	0.00659
10	0.02073	0.73217	0.04063	0.01327	0.01990	0.03068	0.01327	0.02322	0.01575	0.01824	0.01078	0.01244	0.00995	0.00663	0.00498	0.00166	0.00829	0.00415	0.00332	0.00995
11	0.01493	0.05246	0.33057	0.01649	0.02326	0.01458	0.01819	0.07371	0.01960	0.02789	0.21828	0.10068	0.03359	0.01180	0.00810	0.00248	0.00801	0.00995	0.00566	0.00976
12	0.01517	0.01460	0.02554	0.62067	0.08161	0.01748	0.07492	0.02042	0.01584	0.02049	0.01398	0.02062	0.01055	0.00761	0.00787	0.00257	0.01051	0.00708	0.00350	0.00894
13	0.01128	0.00752	0.00846	0.00846	0.00846	0.00752	0.00470	0.01128	0.01128	0.01503	0.02443	0.05074	0.02819	0.72751	0.03946	0.00752	0.00752	0.01128	0.00470	0.00470
14	0.01688	0.01376	0.01616	0.01158	0.01844	0.01038	0.00928	0.02031	0.01634	0.05349	0.01450	0.01652	0.01181	0.00591	0.00583	0.00120	0.00578	0.00473	0.00481	0.74229
15	0.01097	0.00793	0.01036	0.00975	0.01158	0.00732	0.00732	0.01463	0.02195	0.03109	0.67505	0.05792	0.07316	0.01585	0.00914	0.00244	0.00366	0.01402	0.00854	0.00732
16	0.00956	0.00787	0.00840	0.00827	0.01071	0.00671	0.00620	0.01189	0.01860	0.02315	0.20837	0.07098	0.54480	0.01881	0.00916	0.00258	0.00387	0.01585	0.00749	0.00671
17	0.01919	0.01842	0.03147	0.04759	0.67914	0.01842	0.02380	0.02380	0.01765	0.02533	0.01458	0.01919	0.01228	0.00691	0.00768	0.00230	0.00921	0.00691	0.00384	0.01228
18	0.01612	0.06481	0.52386	0.02374	0.06088	0.01838	0.10765	0.02414	0.01685	0.02460	0.03818	0.01843	0.01250	0.00752	0.00757	0.00244	0.01115	0.00646	0.00358	0.01115
19	0.78228	0.01499	0.01140	0.01020	0.01499	0.01739	0.00840	0.02279	0.01320	0.03479	0.01080	0.01260	0.00840	0.00720	0.00480	0.00240	0.00600	0.00420	0.00480	0.00840
20	0.01882	0.01797	0.03037	0.04380	0.59368	0.01804	0.04686	0.02413	0.04855	0.02521	0.01587	0.02108	0.01349	0.03809	0.00911	0.00256	0.00914	0.00727	0.00407	0.01188
21	0.01929	0.01666	0.01753	0.01578	0.02016	0.01929	0.01227	0.04120	0.66513	0.03243	0.03156	0.02893	0.02367	0.01052	0.00789	0.00263	0.00614	0.00877	0.00789	0.01227
22	0.02072	0.05300	0.02990	0.03814	0.46804	0.05807	0.04831	0.10678	0.02032	0.02753	0.01755	0.02092	0.04023	0.00780	0.00765	0.00229	0.00930	0.00718	0.00449	0.01178
23	0.78228	0.01499	0.01140	0.01020	0.01499	0.01739	0.00840	0.02279	0.01320	0.03479	0.01080	0.01260	0.00840	0.00720	0.00480	0.00240	0.00600	0.00420	0.00480	0.00840
24	0.02947	0.02172	0.02327	0.01784	0.02404	0.02404	0.01474	0.65329	0.03646	0.04887	0.01862	0.01862	0.01319	0.00931	0.00776	0.00233	0.00853	0.00698	0.00776	0.01319
25	0.01072	0.00728	0.00862	0.00917	0.00931	0.00714	0.00546	0.01113	0.01237	0.01649	0.03003	0.25635	0.03526	0.51225	0.03041	0.00618	0.00659	0.01457	0.00546	0.00519
26	0.01128	0.00752	0.00846	0.00846	0.00846	0.00752	0.00470	0.01128	0.01128	0.01503	0.02443	0.05074	0.02819	0.72751	0.03946	0.00752	0.00752	0.01128	0.00470	0.00470
27	0.78228	0.01499	0.01140	0.01020	0.01499	0.01739	0.00840	0.02279	0.01320	0.03479	0.01080	0.01260	0.00840	0.00720	0.00480	0.00240	0.00600	0.00420	0.00480	0.00840
28	0.01088	0.00735	0.00857	0.00896	0.00906	0.00725	0.00524	0.01117	0.01205	0.01607	0.02840	0.19651	0.03320	0.57490	0.03305	0.00657	0.00686	0.01361	0.00524	0.00505
29	0.02970	0.02135	0.02304	0.01767	0.02386	0.02350	0.01459	0.62684	0.03584	0.07617	0.01913	0.01895	0.01344	0.00932	0.00776	0.00233	0.00845	0.00702	0.00784	0.01319
30	0.01097	0.00793	0.01036	0.00975	0.01158	0.00732	0.00732	0.01463	0.02195	0.03109	0.67505	0.05792	0.07316	0.01585	0.00914	0.00244	0.00366	0.01402	0.00854	0.00732
31	0.03479	0.01320	0.01799	0.01380	0.01979	0.01140	0.01140	0.03779	0.02219	0.68451	0.03059	0.02639	0.01919	0.00960	0.00780	0.00240	0.00660	0.00780	0.00960	0.01320
32	0.01143	0.00979	0.01680	0.01551	0.01756	0.00919	0.14122	0.01396	0.01570	0.02100	0.03704	0.54672	0.04276	0.02047	0.00978	0.00306	0.00640	0.04790	0.00651	0.00720
33	0.01696	0.01696	0.02375	0.02036	0.02036	0.02375	0.01696	0.01866	0.01187	0.01866	0.01018	0.01696	0.01018	0.01357	0.02545	0.00339	0.71332	0.00679	0.00339	0.00848
34	0.01891	0.05048	0.18629	0.10142	0.22005	0.07550	0.10255	0.05325	0.01792	0.02431	0.01398	0.01802	0.01104	0.00777	0.00904	0.00245	0.06569	0.00665	0.00382	0.01086
35	0.01799	0.02022	0.04358	0.03215	0.06250	0.01899	0.59802	0.02432	0.01845	0.02515	0.04643	0.02258	0.01465	0.00698	0.00910	0.00259	0.01249	0.00930	0.00413	0.01038
36	0.01924	0.01686	0.01888	0.01659	0.02114	0.01930	0.04283	0.04042	0.63418	0.03207	0.03080	0.02854	0.02310	0.01033	0.00795	0.00263	0.00647	0.00878	0.00770	0.01219
37	0.07685	0.08812	0.25731	0.02218	0.11918	0.01679	0.07384	0.02275	0.01727	0.06305	0.09210	0.07747	0.02126	0.00958	0.00757	0.00242	0.00885	0.00828	0.00480	0.01034
38	0.57863	0.01619	0.01534	0.01719	0.13247	0.04594	0.01134	0.02293	0.01477	0.03227	0.04330	0.01599	0.01225	0.00759	0.00561	0.00237	0.00679	0.00518	0.00477	0.00906
39	0.06056	0.02021	0.05891	0.01646	0.02279	0.02009	0.01410	0.40024	0.08208	0.12492	0.02014	0.01983	0.01425	0.00890	0.00743	0.00226	0.00788	0.00681	0.00732	0.08481
40	0.04653	0.05435	0.08442	0.20713	0.15616	0.10824	0.07698	0.02526	0.06533	0.04935	0.04149	0.02076	0.01444	0.00800	0.00756	0.00239	0.00999	0.00697	0.00443	0.01023

[dist]
# distance from previous block
# <min> <max>
0	1

[block]
# block no. 2 follows, 25 sequences, length 14
# corresponding to MSA columns:
# 98-111
name=unknown_C
#
# <colnr> <probs for GDERKNQSTAVLIFYWHMCP>
#	G	D	E	R	K	N	Q	S	T	A	V	L	I	F	Y	W	H	M	C	P
0	0.01773	0.01728	0.03049	0.24540	0.42358	0.01819	0.08882	0.02270	0.01707	0.02361	0.01446	0.01982	0.01164	0.00712	0.00785	0.00242	0.00995	0.00714	0.00373	0.01098
1	0.01335	0.01190	0.01418	0.01375	0.01533	0.08363	0.01071	0.01597	0.01344	0.01814	0.01917	0.02786	0.01781	0.05003	0.58146	0.01078	0.06331	0.00786	0.00409	0.00724
2	0.00945	0.00675	0.00900	0.01080	0.01125	0.00630	0.00720	0.01080	0.01484	0.01979	0.04274	0.72245	0.05128	0.02429	0.00990	0.00315	0.00450	0.02204	0.00720	0.00630
3	0.00945	0.00675	0.00900	0.01080	0.01125	0.00630	0.00720	0.01080	0.01484	0.01979	0.04274	0.72245	0.05128	0.02429	0.00990	0.00315	0.00450	0.02204	0.00720	0.00630
4	0.00945	0.00675	0.00900	0.01080	0.01125	0.00630	0.00720	0.01080	0.01484	0.01979	0.04274	0.72245	0.05128	0.02429	0.00990	0.00315	0.00450	0.02204	0.00720	0.00630
5	0.02211	0.01246	0.01511	0.01280	0.01699	0.01225	0.01014	0.05381	0.17758	0.26670	0.20537	0.03961	0.09649	0.01241	0.00830	0.00248	0.00553	0.01046	0.00861	0.01079
6	0.78228	0.01499	0.01140	0.01020	0.01499	0.01739	0.00840	0.02279	0.01320	0.03479	0.01080	0.01260	0.00840	0.00720	0.00480	0.00240	0.00600	0.00420	0.00480	0.00840
7	0.03381	0.01341	0.01796	0.01392	0.01982	0.01189	0.01145	0.03800	0.06264	0.64349	0.03065	0.02655	0.01947	0.00965	0.00780	0.00241	0.00657	0.00786	0.00949	0.01314
8	0.01608	0.01378	0.01608	0.01148	0.01837	0.01034	0.00919	0.01952	0.01608	0.02527	0.01378	0.01608	0.01148	0.00574	0.00574	0.00115	0.00574	0.00459	0.00459	0.77491
9	0.01865	0.01808	0.03147	0.11692	0.57395	0.01837	0.06159	0.02344	0.01747	0.02471	0.01457	0.01945	0.01204	0.00698	0.00777	0.00235	0.00956	0.00704	0.00380	0.01178
10	0.01588	0.08365	0.64665	0.02154	0.03270	0.01880	0.02768	0.02447	0.01633	0.02416	0.01372	0.01612	0.00983	0.00732	0.00722	0.00241	0.01126	0.00563	0.00328	0.01136
11	0.01834	0.01746	0.02966	0.08933	0.59998	0.01766	0.02271	0.02280	0.01735	0.02465	0.01612	0.05899	0.01435	0.00795	0.00781	0.00237	0.00902	0.00776	0.00400	0.01170
12	0.03353	0.05118	0.01969	0.01417	0.02022	0.01366	0.01183	0.09861	0.02329	0.58651	0.02837	0.02489	0.01811	0.00941	0.00765	0.00235	0.00688	0.00753	0.00909	0.01303
13	0.01872	0.01947	0.02381	0.02153	0.08312	0.16316	0.14678	0.06323	0.01951	0.02451	0.08228	0.14601	0.04568	0.01172	0.00909	0.00244	0.04148	0.01041	0.00531	0.06173

[dist]
# distance from previous block
# <min> <max>
0	4

[block]
# block no. 3 follows, 25 sequences, length 34
# corresponding to MSA columns:
# 116-149
name=unknown_D
#
# <colnr> <probs for GDERKNQSTAVLIFYWHMCP>
#	G	D	E	R	K	N	Q	S	T	A	V	L	I	F	Y	W	H	M	C	P
0	0.01339	0.01221	0.01842	0.02015	0.12186	0.04414	0.09927	0.01611	0.01625	0.02140	0.03329	0.40555	0.05261	0.04001	0.01025	0.00303	0.00712	0.05101	0.00597	0.00796
1	0.01511	0.01280	0.01975	0.08388	0.13149	0.01200	0.07427	0.01853	0.01654	0.04304	0.07118	0.15693	0.02621	0.07302	0.01072	0.00274	0.00729	0.02948	0.00531	0.18970
2	0.02370	0.06992	0.02783	0.05917	0.27201	0.34159	0.04838	0.02705	0.01954	0.02163	0.01314	0.01645	0.01095	0.00742	0.00726	0.00215	0.01165	0.00594	0.00387	0.01034
3	0.01260	0.00831	0.01072	0.00989	0.01210	0.00755	0.00750	0.01606	0.02160	0.07909	0.57559	0.05700	0.12093	0.01571	0.00905	0.00245	0.00390	0.01376	0.00850	0.00769
4	0.02866	0.06244	0.02266	0.01973	0.02382	0.67198	0.01492	0.03068	0.02174	0.01895	0.01194	0.01393	0.00999	0.00794	0.00692	0.00199	0.01377	0.00496	0.00397	0.00902
5	0.01555	0.04011	0.68733	0.02210	0.03356	0.01801	0.02865	0.02455	0.01637	0.02455	0.01391	0.01637	0.00982	0.00737	0.00737	0.00246	0.01146	0.00573	0.00327	0.01146
6	0.01929	0.01666	0.01753	0.01578	0.02016	0.01929	0.01227	0.04120	0.66513	0.03243	0.03156	0.02893	0.02367	0.01052	0.00789	0.00263	0.00614	0.00877	0.00789	0.01227
7	0.78228	0.01499	0.01140	0.01020	0.01499	0.01739	0.00840	0.02279	0.01320	0.03479	0.01080	0.01260	0.00840	0.00720	0.00480	0.00240	0.00600	0.00420	0.00480	0.00840
8	0.10774	0.01337	0.01735	0.01344	0.01932	0.01198	0.01110	0.03632	0.02131	0.62110	0.02866	0.02504	0.01814	0.00936	0.00750	0.00240	0.00654	0.00745	0.00913	0.01273
9	0.01059	0.00791	0.00983	0.00935	0.01135	0.00715	0.00701	0.01389	0.02104	0.02895	0.54901	0.06145	0.20054	0.01665	0.00915	0.00248	0.00371	0.01452	0.00825	0.00715
10	0.01108	0.00831	0.01246	0.01246	0.01385	0.00969	0.00969	0.01385	0.01246	0.01800	0.02077	0.03046	0.01938	0.05815	0.69678	0.01246	0.02077	0.00831	0.00415	0.00692
11	0.02676	0.01941	0.02123	0.01674	0.02217	0.02143	0.01364	0.51618	0.06870	0.06580	0.02019	0.02179	0.01513	0.04276	0.06827	0.00343	0.00934	0.00740	0.00739	0.01225
12	0.01445	0.00723	0.00723	0.00723	0.00903	0.00723	0.00542	0.01807	0.01626	0.02891	0.02529	0.02891	0.01987	0.00903	0.00542	0.00181	0.00361	0.00723	0.77055	0.00723
13	0.01608	0.01378	0.01608	0.01148	0.01837	0.01034	0.00919	0.01952	0.01608	0.02527	0.01378	0.01608	0.01148	0.00574	0.00574	0.00115	0.00574	0.00459	0.00459	0.77491
14	0.00963	0.00790	0.00853	0.00866	0.01105	0.00680	0.00660	0.01188	0.01805	0.02219	0.14016	0.09758	0.53837	0.01953	0.00931	0.00269	0.00416	0.06289	0.00734	0.00667
15	0.02133	0.01829	0.01864	0.01628	0.02095	0.04706	0.01278	0.14034	0.53724	0.03457	0.02867	0.02666	0.02142	0.01022	0.00783	0.00256	0.00684	0.00833	0.00771	0.01229
16	0.01983	0.01676	0.04029	0.01547	0.02006	0.01800	0.01248	0.06821	0.52001	0.07001	0.08556	0.03034	0.02667	0.01076	0.00797	0.00258	0.00625	0.00897	0.00788	0.01192
17	0.02064	0.56107	0.08234	0.01446	0.02092	0.08556	0.01423	0.02456	0.04919	0.01994	0.03657	0.01535	0.01296	0.00734	0.00562	0.00182	0.00873	0.00493	0.00379	0.00999
18	0.01668	0.01280	0.01468	0.01250	0.01657	0.01229	0.00957	0.11569	0.11261	0.04680	0.08707	0.17137	0.06053	0.04872	0.00943	0.00249	0.00580	0.01097	0.00670	0.22672
19	0.02370	0.17058	0.02351	0.01577	0.02089	0.12392	0.01294	0.07524	0.30752	0.11157	0.02323	0.02218	0.01744	0.00912	0.00712	0.00228	0.00800	0.00698	0.00654	0.01146
20	0.02073	0.73217	0.04063	0.01327	0.01990	0.03068	0.01327	0.02322	0.01575	0.01824	0.01078	0.01244	0.00995	0.00663	0.00498	0.00166	0.00829	0.00415	0.00332	0.00995
21	0.01445	0.00723	0.00723	0.00723	0.00903	0.00723	0.00542	0.01807	0.01626	0.02891	0.02529	0.02891	0.01987	0.00903	0.00542	0.00181	0.00361	0.00723	0.77055	0.00723
22	0.08703	0.01796	0.04164	0.01555	0.02059	0.01929	0.01274	0.17654	0.39174	0.05587	0.02846	0.02687	0.05101	0.01026	0.00763	0.00253	0.00676	0.00820	0.00745	0.01187
23	0.01599	0.01446	0.02291	0.61563	0.04918	0.01748	0.02035	0.07423	0.01733	0.02257	0.01420	0.02027	0.01064	0.00779	0.00765	0.00249	0.00996	0.00679	0.00387	0.04621
24	0.01197	0.00862	0.01181	0.01322	0.01497	0.00846	0.01124	0.01534	0.01815	0.02384	0.11903	0.12204	0.07816	0.02084	0.01040	0.00336	0.00641	0.48775	0.00731	0.00708
25	0.07786	0.61708	0.06443	0.01372	0.02029	0.06048	0.01362	0.02361	0.01588	0.01978	0.01097	0.01269	0.00983	0.00677	0.00516	0.00176	0.00852	0.00426	0.00346	0.00985
26	0.00943	0.00680	0.00894	0.01065	0.01121	0.00631	0.00713	0.01081	0.01498	0.01985	0.04449	0.69063	0.08196	0.02406	0.00986	0.00312	0.00447	0.02176	0.00720	0.00631
27	0.01040	0.00785	0.00961	0.00928	0.01126	0.00705	0.00692	0.01348	0.02042	0.02774	0.47970	0.09479	0.23849	0.01731	0.00919	0.00252	0.00377	0.01506	0.00810	0.00705
28	0.06768	0.07247	0.02162	0.01625	0.02168	0.02228	0.01329	0.32776	0.28263	0.03926	0.02271	0.02190	0.01682	0.00947	0.00743	0.00240	0.00742	0.00732	0.00731	0.01231
29	0.02630	0.01891	0.02195	0.01712	0.02306	0.02012	0.04531	0.36535	0.16241	0.11967	0.02220	0.02160	0.01587	0.00915	0.00769	0.00231	0.00779	0.00735	0.00754	0.07832
30	0.01981	0.01544	0.01691	0.01478	0.01933	0.01690	0.01156	0.03704	0.50213	0.09168	0.07807	0.02976	0.02591	0.01042	0.00779	0.00247	0.00596	0.00871	0.00781	0.07752
31	0.02257	0.27941	0.07845	0.01909	0.07868	0.19191	0.01556	0.08674	0.08311	0.02432	0.04090	0.01771	0.01432	0.00805	0.00660	0.00205	0.00965	0.00583	0.00460	0.01045
32	0.05343	0.01958	0.02199	0.01675	0.02304	0.06876	0.06923	0.28247	0.05135	0.03513	0.01641	0.01778	0.01247	0.00770	0.00702	0.00194	0.00819	0.00617	0.00593	0.27467
33	0.02526	0.01953	0.02044	0.01657	0.02167	0.04278	0.01327	0.44094	0.15394	0.04112	0.02278	0.06870	0.01837	0.04657	0.00949	0.00269	0.00793	0.00847	0.00747	0.01199

[dist]
# distance from previous block
# <min> <max>
0	1

[block]
# block no. 4 follows, 25 sequences, length 17
# corresponding to MSA columns:
# 151-167
name=unknown_E
#
# <colnr> <probs for GDERKNQSTAVLIFYWHMCP>
#	G	D	E	R	K	N	Q	S	T	A	V	L	I	F	Y	W	H	M	C	P
0	0.01603	0.08218	0.61118	0.02214	0.03310	0.01889	0.06245	0.02449	0.01644	0.02418	0.01382	0.01638	0.00994	0.00727	0.00732	0.00241	0.01135	0.00582	0.00331	0.01131
1	0.01218	0.00902	0.01242	0.04656	0.01714	0.00902	0.01209	0.01562	0.01772	0.02276	0.04447	0.08267	0.12236	0.02054	0.01037	0.00340	0.00689	0.52066	0.00697	0.00714
2	0.01060	0.00780	0.00993	0.00963	0.01142	0.00712	0.00713	0.01383	0.02072	0.02875	0.54026	0.12646	0.14321	0.01715	0.00922	0.00253	0.00377	0.01511	0.00824	0.00712
3	0.01555	0.04011	0.68733	0.02210	0.03356	0.01801	0.02865	0.02455	0.01637	0.02455	0.01391	0.01637	0.00982	0.00737	0.00737	0.00246	0.01146	0.00573	0.00327	0.01146
4	0.78228	0.01499	0.01140	0.01020	0.01499	0.01739	0.00840	0.02279	0.01320	0.03479	0.01080	0.01260	0.00840	0.00720	0.00480	0.00240	0.00600	0.00420	0.00480	0.00840
5	0.01249	0.00892	0.01249	0.01428	0.01606	0.00892	0.01249	0.01606	0.01785	0.02320	0.04105	0.08746	0.04462	0.02142	0.01071	0.00357	0.00714	0.62695	0.00714	0.00714
6	0.01347	0.00673	0.01010	0.01010	0.01010	0.00673	0.00673	0.01010	0.01010	0.01347	0.01347	0.02357	0.01347	0.02694	0.03030	0.77441	0.00673	0.00673	0.00337	0.00337
7	0.00945	0.00675	0.00900	0.01080	0.01125	0.00630	0.00720	0.01080	0.01484	0.01979	0.04274	0.72245	0.05128	0.02429	0.00990	0.00315	0.00450	0.02204	0.00720	0.00630
8	0.78228	0.01499	0.01140	0.01020	0.01499	0.01739	0.00840	0.02279	0.01320	0.03479	0.01080	0.01260	0.00840	0.00720	0.00480	0.00240	0.00600	0.00420	0.00480	0.00840
9	0.01097	0.00793	0.01036	0.00975	0.01158	0.00732	0.00732	0.01463	0.02195	0.03109	0.67505	0.05792	0.07316	0.01585	0.00914	0.00244	0.00366	0.01402	0.00854	0.00732
10	0.02087	0.01630	0.01758	0.01558	0.02012	0.01848	0.01218	0.04085	0.59933	0.09917	0.03146	0.02867	0.02321	0.01042	0.00788	0.00261	0.00618	0.00867	0.00806	0.01237
11	0.01079	0.00792	0.01011	0.00956	0.01147	0.00724	0.00717	0.01427	0.02151	0.03005	0.61400	0.05963	0.13486	0.01624	0.00915	0.00246	0.00369	0.01426	0.00840	0.00724
12	0.03479	0.01320	0.01799	0.01380	0.01979	0.01140	0.01140	0.03779	0.02219	0.68451	0.03059	0.02639	0.01919	0.00960	0.00780	0.00240	0.00660	0.00780	0.00960	0.01320
13	0.02855	0.02126	0.02275	0.01765	0.02369	0.02361	0.01451	0.59784	0.09340	0.04738	0.01979	0.01955	0.01414	0.00942	0.00777	0.00235	0.00832	0.00714	0.00777	0.01310
14	0.01830	0.02092	0.04575	0.03268	0.04052	0.01961	0.65098	0.02484	0.01830	0.02484	0.01569	0.02092	0.01176	0.00654	0.00915	0.00261	0.01307	0.00915	0.00392	0.01046
15	0.04768	0.01497	0.02283	0.54958	0.07260	0.01808	0.01995	0.08596	0.04899	0.02422	0.01505	0.02047	0.01127	0.00799	0.00764	0.00254	0.00973	0.00688	0.00417	0.00940
16	0.18164	0.23896	0.08242	0.03915	0.02228	0.06329	0.04425	0.07968	0.01863	0.09434	0.05603	0.01843	0.01493	0.00805	0.00636	0.00216	0.00829	0.00593	0.00506	0.01012

[dist]
# distance from previous block
# <min> <max>
0	2

[block]
# block no. 5 follows, 25 sequences, length 14
# corresponding to MSA columns:
# 170-183
name=unknown_F
#
# <colnr> <probs for GDERKNQSTAVLIFYWHMCP>
#	G	D	E	R	K	N	Q	S	T	A	V	L	I	F	Y	W	H	M	C	P
0	0.33899	0.10898	0.08312	0.01417	0.04214	0.01759	0.01242	0.04792	0.01693	0.16849	0.01592	0.01657	0.01156	0.00760	0.00598	0.00220	0.00712	0.00532	0.00553	0.07143
1	0.72215	0.01553	0.01234	0.01081	0.01572	0.01793	0.00890	0.07315	0.01505	0.03591	0.01142	0.01308	0.00878	0.00737	0.00503	0.00239	0.00620	0.00442	0.00503	0.00878
2	0.01494	0.01418	0.02332	0.62193	0.04923	0.01805	0.02096	0.01967	0.01505	0.01967	0.01333	0.02020	0.01032	0.00849	0.00999	0.00269	0.09910	0.00688	0.00344	0.00860
3	0.01077	0.00796	0.01009	0.00969	0.01163	0.00728	0.00735	0.01417	0.02110	0.02918	0.55410	0.06187	0.16309	0.01669	0.00922	0.00252	0.00387	0.04397	0.00827	0.00719
4	0.00945	0.00675	0.00900	0.01080	0.01125	0.00630	0.00720	0.01080	0.01484	0.01979	0.04274	0.72245	0.05128	0.02429	0.00990	0.00315	0.00450	0.02204	0.00720	0.00630
5	0.03288	0.01283	0.01752	0.01384	0.01947	0.01118	0.01149	0.03593	0.02182	0.62793	0.03148	0.03162	0.02137	0.01061	0.00805	0.00250	0.00664	0.06077	0.00939	0.01268
6	0.01445	0.00723	0.00723	0.00723	0.00903	0.00723	0.00542	0.01807	0.01626	0.02891	0.02529	0.02891	0.01987	0.00903	0.00542	0.00181	0.00361	0.00723	0.77055	0.00723
7	0.78228	0.01499	0.01140	0.01020	0.01499	0.01739	0.00840	0.02279	0.01320	0.03479	0.01080	0.01260	0.00840	0.00720	0.00480	0.00240	0.00600	0.00420	0.00480	0.00840
8	0.01696	0.01696	0.02375	0.02036	0.02036	0.02375	0.01696	0.01866	0.01187	0.01866	0.01018	0.01696	0.01018	0.01357	0.02545	0.00339	0.71332	0.00679	0.00339	0.00848
9	0.01464	0.01378	0.02326	0.70887	0.05340	0.01723	0.02153	0.01981	0.01550	0.01981	0.01378	0.02067	0.01034	0.00775	0.00775	0.00258	0.01034	0.00689	0.00345	0.00861
10	0.01109	0.00826	0.01222	0.01222	0.01352	0.00956	0.00939	0.01369	0.01239	0.01782	0.02099	0.03167	0.01991	0.09816	0.65749	0.01217	0.01998	0.00848	0.00419	0.00679
11	0.01281	0.00837	0.01074	0.00989	0.01216	0.00758	0.00751	0.01622	0.02149	0.08586	0.55318	0.05709	0.13598	0.01574	0.00903	0.00246	0.00394	0.01375	0.00848	0.00773
12	0.01970	0.01836	0.03022	0.09251	0.58104	0.01879	0.02290	0.07473	0.01903	0.02685	0.01486	0.01925	0.01222	0.00716	0.00769	0.00232	0.00924	0.00691	0.00413	0.01209
13	0.01012	0.00823	0.00965	0.01031	0.03912	0.00724	0.00715	0.01262	0.01864	0.02388	0.24012	0.12031	0.42813	0.01842	0.00916	0.00260	0.00412	0.01577	0.00743	0.00698

[dist]
# distance from previous block
# <min> <max>
2	6

[block]
# block no. 6 follows, 25 sequences, length 34
# corresponding to MSA columns:
# 190-223
name=unknown_G
#
# <colnr> <probs for GDERKNQSTAVLIFYWHMCP>
#	G	D	E	R	K	N	Q	S	T	A	V	L	I	F	Y	W	H	M	C	P
0	0.09384	0.18802	0.35354	0.01996	0.05052	0.06086	0.05468	0.02500	0.01664	0.05094	0.01360	0.01574	0.01029	0.00726	0.00669	0.00225	0.01018	0.00549	0.00379	0.01072
1	0.01797	0.09939	0.06468	0.02845	0.03551	0.02035	0.49383	0.02364	0.01744	0.02352	0.01609	0.05348	0.01332	0.00781	0.00953	0.00257	0.04934	0.00897	0.00396	0.01013
2	0.01408	0.01185	0.01991	0.44845	0.03868	0.01391	0.04686	0.01697	0.01424	0.01847	0.01617	0.07083	0.01455	0.03812	0.01409	0.17448	0.00916	0.00816	0.00375	0.00724
3	0.01571	0.01450	0.02382	0.62820	0.09512	0.01765	0.02135	0.05218	0.01671	0.02166	0.01408	0.02047	0.01061	0.00777	0.00775	0.00255	0.01017	0.00690	0.00369	0.00910
4	0.01249	0.00892	0.01249	0.01428	0.01606	0.00892	0.01249	0.01606	0.01785	0.02320	0.04105	0.08746	0.04462	0.02142	0.01071	0.00357	0.00714	0.62695	0.00714	0.00714
5	0.00965	0.00781	0.00857	0.00852	0.01081	0.00673	0.00634	0.01202	0.01861	0.02351	0.23114	0.10875	0.48254	0.01893	0.00920	0.00260	0.00389	0.01609	0.00755	0.00673
6	0.78228	0.01499	0.01140	0.01020	0.01499	0.01739	0.00840	0.02279	0.01320	0.03479	0.01080	0.01260	0.00840	0.00720	0.00480	0.00240	0.00600	0.00420	0.00480	0.00840
7	0.01863	0.01772	0.03013	0.08033	0.61462	0.01790	0.02313	0.02322	0.01755	0.02494	0.01582	0.02256	0.01374	0.00765	0.00783	0.00238	0.00917	0.03685	0.00398	0.01184
8	0.01445	0.00723	0.00723	0.00723	0.00903	0.00723	0.00542	0.01807	0.01626	0.02891	0.02529	0.02891	0.01987	0.00903	0.00542	0.00181	0.00361	0.00723	0.77055	0.00723
9	0.01114	0.00806	0.01119	0.01119	0.01213	0.00900	0.00810	0.01303	0.01208	0.01705	0.02193	0.03692	0.02219	0.27138	0.48739	0.01089	0.01655	0.00925	0.00433	0.00621
10	0.01097	0.00793	0.01036	0.00975	0.01158	0.00732	0.00732	0.01463	0.02195	0.03109	0.67505	0.05792	0.07316	0.01585	0.00914	0.00244	0.00366	0.01402	0.00854	0.00732
11	0.01464	0.01378	0.02326	0.70887	0.05340	0.01723	0.02153	0.01981	0.01550	0.01981	0.01378	0.02067	0.01034	0.00775	0.00775	0.00258	0.01034	0.00689	0.00345	0.00861
12	0.47066	0.01778	0.01631	0.01336	0.01874	0.02015	0.01102	0.28378	0.02282	0.04062	0.01403	0.01509	0.01038	0.00807	0.00602	0.00237	0.00705	0.00535	0.00602	0.01038
13	0.02896	0.03695	0.02197	0.01998	0.02397	0.69638	0.01498	0.03096	0.02197	0.01898	0.01199	0.01398	0.00999	0.00799	0.00699	0.00200	0.01398	0.00499	0.00400	0.00899
14	0.02073	0.73217	0.04063	0.01327	0.01990	0.03068	0.01327	0.02322	0.01575	0.01824	0.01078	0.01244	0.00995	0.00663	0.00498	0.00166	0.00829	0.00415	0.00332	0.00995
15	0.00945	0.00675	0.00900	0.01080	0.01125	0.00630	0.00720	0.01080	0.01484	0.01979	0.04274	0.72245	0.05128	0.02429	0.00990	0.00315	0.00450	0.02204	0.00720	0.00630
16	0.02087	0.01769	0.01992	0.01699	0.02184	0.02007	0.04585	0.13886	0.53036	0.03468	0.02865	0.02685	0.02136	0.01012	0.00793	0.00258	0.00688	0.00850	0.00766	0.01233
17	0.01110	0.00783	0.01025	0.01034	0.01097	0.00842	0.00703	0.01239	0.01197	0.01657	0.02368	0.07369	0.02539	0.39779	0.32902	0.00950	0.01324	0.01047	0.00458	0.00576
18	0.02130	0.68417	0.03934	0.01373	0.02018	0.07664	0.01339	0.02375	0.01618	0.01829	0.01086	0.01254	0.00995	0.00673	0.00511	0.00168	0.00868	0.00420	0.00336	0.00988
19	0.01964	0.08641	0.02227	0.03838	0.06737	0.10583	0.05025	0.05788	0.01852	0.05848	0.02067	0.02244	0.07559	0.00835	0.00753	0.00188	0.03460	0.00662	0.00491	0.29239
20	0.02465	0.02623	0.05981	0.04601	0.02354	0.29224	0.01457	0.23325	0.02482	0.02914	0.01844	0.09629	0.01659	0.04847	0.00935	0.00258	0.01048	0.00800	0.00557	0.00999
21	0.02073	0.73217	0.04063	0.01327	0.01990	0.03068	0.01327	0.02322	0.01575	0.01824	0.01078	0.01244	0.00995	0.00663	0.00498	0.00166	0.00829	0.00415	0.00332	0.00995
22	0.01681	0.30782	0.32220	0.01680	0.02461	0.02142	0.01917	0.02205	0.01553	0.02093	0.01479	0.04416	0.01305	0.04587	0.06138	0.00318	0.01048	0.00618	0.00357	0.01000
23	0.01347	0.00673	0.01010	0.01010	0.01010	0.00673	0.00673	0.01010	0.01010	0.01347	0.01347	0.02357	0.01347	0.02694	0.03030	0.77441	0.00673	0.00673	0.00337	0.00337
24	0.01830	0.02092	0.04575	0.03268	0.04052	0.01961	0.65098	0.02484	0.01830	0.02484	0.01569	0.02092	0.01176	0.00654	0.00915	0.00261	0.01307	0.00915	0.00392	0.01046
25	0.02207	0.09658	0.04931	0.01808	0.06041	0.08401	0.01416	0.11553	0.32661	0.06649	0.02358	0.02323	0.01788	0.01116	0.03416	0.00277	0.00841	0.00737	0.00653	0.01164
26	0.01758	0.19012	0.11551	0.04347	0.02214	0.06729	0.01578	0.05320	0.01568	0.02084	0.01419	0.01921	0.01254	0.02143	0.18373	0.00494	0.16311	0.00628	0.00382	0.00913
27	0.07747	0.01910	0.02076	0.08672	0.05179	0.05968	0.01422	0.28536	0.12635	0.08133	0.01942	0.02006	0.01423	0.00870	0.00734	0.00228	0.00812	0.00677	0.00658	0.08373
28	0.01149	0.00891	0.01325	0.01301	0.01430	0.01067	0.01020	0.01418	0.01242	0.01805	0.02003	0.02952	0.01874	0.05505	0.65003	0.01183	0.06900	0.00820	0.00410	0.00703
29	0.01801	0.07822	0.52269	0.02172	0.03183	0.06576	0.06883	0.02565	0.01717	0.05893	0.01460	0.01682	0.01047	0.00743	0.00734	0.00238	0.01130	0.00593	0.00371	0.01122
30	0.04026	0.01050	0.01229	0.04796	0.01551	0.04183	0.00894	0.01709	0.02000	0.06108	0.40483	0.10041	0.08336	0.01476	0.00863	0.00244	0.00510	0.03639	0.00747	0.06113
31	0.01445	0.00723	0.00723	0.00723	0.00903	0.00723	0.00542	0.01807	0.01626	0.02891	0.02529	0.02891	0.01987	0.00903	0.00542	0.00181	0.00361	0.00723	0.77055	0.00723
32	0.02701	0.20321	0.02652	0.01826	0.02300	0.50238	0.01456	0.06063	0.02121	0.02031	0.01203	0.01385	0.01014	0.00773	0.00655	0.00193	0.01234	0.00489	0.00402	0.00943
33	0.01554	0.01323	0.01578	0.01177	0.01766	0.01071	0.00933	0.01870	0.01542	0.02400	0.01463	0.01878	0.01278	0.04434	0.05629	0.00233	0.03588	0.00526	0.00452	0.65305

[dist]
# distance from previous block
# <min> <max>
0	1

[block]
# block no. 7 follows, 25 sequences, length 38
# corresponding to MSA columns:
# 225-262
name=unknown_H
#
# <colnr> <probs for GDERKNQSTAVLIFYWHMCP>
#	G	D	E	R	K	N	Q	S	T	A	V	L	I	F	Y	W	H	M	C	P
0	0.01731	0.01683	0.01637	0.04702	0.05890	0.16517	0.01136	0.05162	0.01596	0.01949	0.01954	0.07306	0.02027	0.27500	0.08082	0.00519	0.08498	0.00910	0.00456	0.00745
1	0.02054	0.61539	0.06907	0.01410	0.02052	0.07342	0.01394	0.02332	0.01603	0.01858	0.01152	0.01365	0.01043	0.00940	0.04066	0.00227	0.00946	0.00449	0.00340	0.00980
2	0.01324	0.01073	0.01608	0.01638	0.03935	0.01153	0.05107	0.01647	0.01672	0.02265	0.08792	0.09719	0.03780	0.05214	0.04978	0.00397	0.09986	0.34338	0.00620	0.00754
3	0.01730	0.10170	0.38479	0.10194	0.05504	0.05526	0.08206	0.02533	0.06036	0.02366	0.01486	0.01771	0.01110	0.00749	0.00736	0.00239	0.01086	0.00623	0.00373	0.01084
4	0.04663	0.05087	0.07128	0.01421	0.03633	0.01250	0.01137	0.08004	0.01732	0.04626	0.05197	0.30664	0.03285	0.07295	0.05497	0.00377	0.03475	0.04099	0.00611	0.00820
5	0.01590	0.08665	0.64384	0.02151	0.03264	0.01886	0.02761	0.02446	0.01633	0.02413	0.01370	0.01611	0.00983	0.00732	0.00721	0.00240	0.01125	0.00562	0.00328	0.01136
6	0.78228	0.01499	0.01140	0.01020	0.01499	0.01739	0.00840	0.02279	0.01320	0.03479	0.01080	0.01260	0.00840	0.00720	0.00480	0.00240	0.00600	0.00420	0.00480	0.00840
7	0.01198	0.00893	0.01317	0.01425	0.01598	0.00875	0.04170	0.01511	0.01709	0.02239	0.04028	0.25004	0.04479	0.02146	0.01042	0.00341	0.00673	0.43944	0.00700	0.00708
8	0.01445	0.00723	0.00723	0.00723	0.00903	0.00723	0.00542	0.01807	0.01626	0.02891	0.02529	0.02891	0.01987	0.00903	0.00542	0.00181	0.00361	0.00723	0.77055	0.00723
9	0.02853	0.03604	0.02177	0.01979	0.02380	0.66582	0.01486	0.03142	0.05100	0.01958	0.01287	0.01466	0.01060	0.00810	0.00703	0.00203	0.01363	0.00516	0.00417	0.00914
10	0.01285	0.00866	0.01191	0.01335	0.01510	0.00844	0.01117	0.01590	0.01746	0.05428	0.04215	0.20944	0.06610	0.02136	0.01036	0.00340	0.00648	0.45705	0.00727	0.00724
11	0.78228	0.01499	0.01140	0.01020	0.01499	0.01739	0.00840	0.02279	0.01320	0.03479	0.01080	0.01260	0.00840	0.00720	0.00480	0.00240	0.00600	0.00420	0.00480	0.00840
12	0.00916	0.00785	0.00785	0.00785	0.01047	0.00655	0.00589	0.01113	0.01767	0.02095	0.07855	0.07462	0.67599	0.01964	0.00916	0.00262	0.00393	0.01636	0.00720	0.00655
13	0.02947	0.02172	0.02327	0.01784	0.02404	0.02404	0.01474	0.65329	0.03646	0.04887	0.01862	0.01862	0.01319	0.00931	0.00776	0.00233	0.00853	0.00698	0.00776	0.01319
14	0.58544	0.01452	0.01313	0.01114	0.01626	0.01581	0.00919	0.02674	0.01556	0.20588	0.01601	0.01623	0.01124	0.00783	0.00559	0.00240	0.00616	0.00515	0.00606	0.00966
15	0.64208	0.01472	0.01195	0.01076	0.01520	0.01700	0.00863	0.02428	0.09136	0.03326	0.01415	0.01696	0.01148	0.05298	0.00735	0.00275	0.00611	0.00519	0.00516	0.00863
16	0.01100	0.00836	0.01036	0.01138	0.01337	0.00782	0.00937	0.01371	0.01742	0.02187	0.05543	0.10750	0.29512	0.04593	0.01108	0.00331	0.00577	0.33733	0.00708	0.00678
17	0.05769	0.01749	0.01828	0.01589	0.02062	0.02006	0.01253	0.15140	0.51980	0.03553	0.02821	0.02627	0.02103	0.01014	0.00772	0.00256	0.00656	0.00822	0.00772	0.01225
18	0.05469	0.24386	0.31040	0.02073	0.06875	0.02229	0.06051	0.02460	0.04925	0.02332	0.01369	0.01613	0.01080	0.00751	0.00754	0.00227	0.04355	0.00567	0.00368	0.01074
19	0.02177	0.02011	0.01965	0.01852	0.06120	0.11209	0.01363	0.10918	0.46573	0.03206	0.02637	0.02511	0.01990	0.00982	0.00774	0.00249	0.00767	0.00793	0.00710	0.01193
20	0.02023	0.66482	0.10356	0.01413	0.02123	0.02945	0.01476	0.02335	0.01581	0.01886	0.01108	0.01282	0.00994	0.00670	0.00521	0.00174	0.00860	0.00430	0.00331	0.01010
21	0.01088	0.00792	0.01023	0.00965	0.01153	0.00728	0.00724	0.01445	0.02172	0.03056	0.64364	0.05880	0.10490	0.01605	0.00915	0.00245	0.00367	0.01415	0.00846	0.00728
22	0.01151	0.00868	0.01239	0.01226	0.01376	0.00994	0.00942	0.01521	0.04747	0.01943	0.06275	0.03315	0.02345	0.08726	0.58340	0.01106	0.01824	0.00884	0.00465	0.00712
23	0.01024	0.00795	0.00924	0.00977	0.01145	0.00735	0.00701	0.01315	0.04997	0.02201	0.12643	0.29178	0.29630	0.06346	0.01125	0.00312	0.00455	0.04098	0.00723	0.00675
24	0.78228	0.01499	0.01140	0.01020	0.01499	0.01739	0.00840	0.02279	0.01320	0.03479	0.01080	0.01260	0.00840	0.00720	0.00480	0.00240	0.00600	0.00420	0.00480	0.00840
25	0.03067	0.01612	0.01921	0.01497	0.02069	0.01619	0.01229	0.25914	0.06608	0.37482	0.02600	0.02389	0.01734	0.00951	0.00764	0.00235	0.00708	0.00753	0.05572	0.01277
26	0.01687	0.01430	0.01594	0.01329	0.01824	0.01419	0.01039	0.02921	0.32839	0.02956	0.11944	0.02839	0.02639	0.00952	0.00727	0.00205	0.00563	0.00798	0.00675	0.29621
27	0.78228	0.01499	0.01140	0.01020	0.01499	0.01739	0.00840	0.02279	0.01320	0.03479	0.01080	0.01260	0.00840	0.00720	0.00480	0.00240	0.00600	0.00420	0.00480	0.00840
28	0.02947	0.02172	0.02327	0.01784	0.02404	0.02404	0.01474	0.65329	0.03646	0.04887	0.01862	0.01862	0.01319	0.00931	0.00776	0.00233	0.00853	0.00698	0.00776	0.01319
29	0.01113	0.00809	0.01137	0.01137	0.01238	0.00910	0.00834	0.01315	0.01214	0.01719	0.02176	0.03597	0.02177	0.23989	0.51831	0.01112	0.01717	0.00911	0.00430	0.00632
30	0.01614	0.01592	0.06098	0.04429	0.01990	0.06011	0.03045	0.05597	0.16350	0.02489	0.06069	0.17851	0.02912	0.05145	0.01249	0.02853	0.07159	0.06047	0.00612	0.00889
31	0.01347	0.00673	0.01010	0.01010	0.01010	0.00673	0.00673	0.01010	0.01010	0.01347	0.01347	0.02357	0.01347	0.02694	0.03030	0.77441	0.00673	0.00673	0.00337	0.00337
32	0.01828	0.02015	0.04188	0.06098	0.09135	0.01939	0.53388	0.02557	0.05889	0.02515	0.01652	0.02127	0.01250	0.00687	0.00889	0.00259	0.01221	0.00885	0.00414	0.01064
33	0.78228	0.01499	0.01140	0.01020	0.01499	0.01739	0.00840	0.02279	0.01320	0.03479	0.01080	0.01260	0.00840	0.00720	0.00480	0.00240	0.00600	0.00420	0.00480	0.00840
34	0.02745	0.11353	0.02379	0.01897	0.02328	0.58070	0.01462	0.03072	0.06039	0.01971	0.01304	0.01472	0.01082	0.00799	0.00682	0.00200	0.01287	0.00513	0.00416	0.00930
35	0.01258	0.00828	0.01088	0.01003	0.01214	0.00759	0.00759	0.01619	0.02196	0.07504	0.63171	0.05580	0.06953	0.01543	0.00905	0.00244	0.00386	0.01360	0.00861	0.00771
36	0.01696	0.01696	0.02375	0.02036	0.02036	0.02375	0.01696	0.01866	0.01187	0.01866	0.01018	0.01696	0.01018	0.01357	0.02545	0.00339	0.71332	0.00679	0.00339	0.00848
37	0.01148	0.00915	0.01056	0.01038	0.01224	0.03830	0.00779	0.01459	0.02036	0.02754	0.46149	0.13671	0.13864	0.01727	0.00923	0.00259	0.00447	0.05210	0.00793	0.00717

[dist]
# distance from previous block
# <min> <max>
6	10

[block]
# block no. 8 follows, 25 sequences, length 6
# corresponding to MSA columns:
# 273-278
name=unknown_I
#
# <colnr> <probs for GDERKNQSTAVLIFYWHMCP>
#	G	D	E	R	K	N	Q	S	T	A	V	L	I	F	Y	W	H	M	C	P
0	0.02335	0.02532	0.04494	0.01911	0.02359	0.29548	0.07771	0.16329	0.02282	0.02653	0.01832	0.05783	0.01625	0.01594	0.09259	0.00359	0.01254	0.04600	0.00517	0.00964
1	0.02212	0.01608	0.04420	0.01493	0.01948	0.01614	0.01232	0.20619	0.08852	0.13654	0.02159	0.02550	0.01718	0.09080	0.10948	0.00430	0.05349	0.00763	0.00647	0.08703
2	0.17209	0.00849	0.01019	0.01008	0.01111	0.00895	0.00700	0.01284	0.01117	0.01845	0.01575	0.07595	0.01611	0.06124	0.02398	0.51380	0.00645	0.00762	0.00403	0.00470
3	0.02038	0.47170	0.08492	0.01511	0.02104	0.12568	0.01463	0.02346	0.01703	0.01955	0.01549	0.02360	0.01485	0.00899	0.00628	0.00204	0.00923	0.09255	0.00396	0.00953
4	0.02320	0.01825	0.01869	0.01564	0.02010	0.08545	0.01246	0.27943	0.13550	0.07838	0.11409	0.02740	0.02427	0.01625	0.09144	0.00359	0.00934	0.00830	0.00720	0.01102
5	0.02254	0.05427	0.05073	0.01427	0.01853	0.17114	0.01158	0.06267	0.06909	0.16721	0.05341	0.03338	0.11062	0.11226	0.01218	0.00304	0.00836	0.00880	0.00637	0.00956

[dist]
# distance from previous block
# <min> <max>
0	1

[block]
# block no. 9 follows, 25 sequences, length 7
# corresponding to MSA columns:
# 280-286
name=unknown_J
#
# <colnr> <probs for GDERKNQSTAVLIFYWHMCP>
#	G	D	E	R	K	N	Q	S	T	A	V	L	I	F	Y	W	H	M	C	P
0	0.01865	0.01832	0.02673	0.11802	0.44126	0.08006	0.02076	0.02349	0.04069	0.02396	0.01808	0.04994	0.01635	0.00908	0.00796	0.00246	0.00934	0.05960	0.00435	0.01090
1	0.02574	0.22454	0.02717	0.01841	0.06093	0.23359	0.01438	0.12747	0.08559	0.08698	0.01649	0.01721	0.01282	0.00815	0.00675	0.00207	0.00979	0.00581	0.00529	0.01083
2	0.01078	0.00758	0.00880	0.00922	0.00985	0.00731	0.00594	0.01160	0.01338	0.01738	0.03705	0.15646	0.13429	0.45113	0.02784	0.00576	0.00648	0.06803	0.00567	0.00544
3	0.42731	0.13411	0.11812	0.01460	0.02108	0.01936	0.07188	0.02309	0.01473	0.02910	0.01190	0.01412	0.00937	0.00698	0.00567	0.00223	0.00780	0.00490	0.00424	0.05943
4	0.02152	0.13943	0.05991	0.02677	0.14575	0.10386	0.20053	0.11514	0.02061	0.02660	0.01447	0.01756	0.01145	0.00718	0.00746	0.00219	0.01054	0.00669	0.00438	0.05796
5	0.01208	0.05151	0.07188	0.01551	0.05686	0.01051	0.05007	0.01506	0.01638	0.02195	0.08302	0.38904	0.08479	0.01855	0.00920	0.00287	0.00624	0.07041	0.00634	0.00772
6	0.11597	0.12398	0.02681	0.07151	0.23471	0.13242	0.05158	0.02467	0.01755	0.06395	0.01578	0.05885	0.01365	0.00832	0.00704	0.00226	0.00932	0.00692	0.00444	0.01027

[dist]
# distance from previous block
# <min> <max>
0	2

[block]
# block no. 10 follows, 25 sequences, length 43
# corresponding to MSA columns:
# 289-331
name=unknown_K
#
# <colnr> <probs for GDERKNQSTAVLIFYWHMCP>
#	G	D	E	R	K	N	Q	S	T	A	V	L	I	F	Y	W	H	M	C	P
0	0.01909	0.01891	0.02740	0.12963	0.35461	0.08972	0.06354	0.04845	0.04601	0.02432	0.01581	0.02054	0.01300	0.01271	0.07966	0.00341	0.01119	0.00709	0.00417	0.01077
1	0.01747	0.01562	0.02234	0.42334	0.07780	0.04373	0.01864	0.06011	0.07313	0.04507	0.01634	0.02223	0.01291	0.04335	0.01086	0.00284	0.07322	0.00722	0.00439	0.00938
2	0.01803	0.07526	0.01980	0.01628	0.01901	0.22402	0.04161	0.02055	0.01601	0.01879	0.01752	0.06279	0.01655	0.03090	0.30708	0.00670	0.06922	0.00768	0.00415	0.00804
3	0.02381	0.01864	0.01916	0.01560	0.02044	0.05926	0.01255	0.43411	0.02976	0.03891	0.02939	0.07641	0.11975	0.01473	0.04820	0.00300	0.00857	0.00945	0.00720	0.01106
4	0.01108	0.00831	0.01246	0.01246	0.01385	0.00969	0.00969	0.01385	0.01246	0.01800	0.02077	0.03046	0.01938	0.05815	0.69678	0.01246	0.02077	0.00831	0.00415	0.00692
5	0.01078	0.00832	0.01014	0.01107	0.01320	0.00768	0.00912	0.01349	0.01764	0.02198	0.05896	0.10877	0.34522	0.02070	0.00994	0.00310	0.00550	0.31041	0.00717	0.00682
6	0.78228	0.01499	0.01140	0.01020	0.01499	0.01739	0.00840	0.02279	0.01320	0.03479	0.01080	0.01260	0.00840	0.00720	0.00480	0.00240	0.00600	0.00420	0.00480	0.00840
7	0.01108	0.00831	0.01246	0.01246	0.01385	0.00969	0.00969	0.01385	0.01246	0.01800	0.02077	0.03046	0.01938	0.05815	0.69678	0.01246	0.02077	0.00831	0.00415	0.00692
8	0.02947	0.02172	0.02327	0.01784	0.02404	0.02404	0.01474	0.65329	0.03646	0.04887	0.01862	0.01862	0.01319	0.00931	0.00776	0.00233	0.00853	0.00698	0.00776	0.01319
9	0.01136	0.00833	0.01070	0.01003	0.01198	0.00787	0.00755	0.01586	0.05175	0.03115	0.64524	0.05657	0.07087	0.01560	0.00909	0.00245	0.00377	0.01378	0.00851	0.00755
10	0.01142	0.00900	0.01050	0.01149	0.01261	0.03027	0.00795	0.01530	0.09050	0.02201	0.09406	0.53617	0.04774	0.04900	0.01066	0.00316	0.00504	0.01885	0.00719	0.00710
11	0.01590	0.03766	0.60566	0.02345	0.03444	0.01821	0.10787	0.02459	0.01662	0.02459	0.01414	0.01695	0.01007	0.00726	0.00759	0.00248	0.01166	0.00616	0.00336	0.01133
12	0.05469	0.14265	0.52700	0.02009	0.02999	0.02014	0.02480	0.02401	0.01592	0.02386	0.01312	0.01561	0.00979	0.00751	0.00766	0.00237	0.04101	0.00546	0.00336	0.01095
13	0.01819	0.01773	0.03092	0.10882	0.29420	0.01805	0.18823	0.05017	0.08308	0.02598	0.02057	0.02560	0.04614	0.00843	0.00827	0.00251	0.00971	0.02777	0.00465	0.01099
14	0.01960	0.01943	0.03034	0.08419	0.59745	0.06518	0.02306	0.02406	0.01783	0.02457	0.01436	0.01892	0.01201	0.00703	0.00763	0.00230	0.00961	0.00678	0.00383	0.01184
