[name]
unknown

[dist]
# distance from previous block
# <min> <max>
0	113

[block]
# block no. 0 follows, 25 sequences, length 6
# corresponding to MSA columns:
# 116-121
name=unknown_A
#
# <colnr> <probs for GDERKNQSTAVLIFYWHMCP>
#	G	D	E	R	K	N	Q	S	T	A	V	L	I	F	Y	W	H	M	C	P
0	0.16697	0.01103	0.01223	0.01138	0.01442	0.01144	0.00895	0.04236	0.08210	0.08539	0.25615	0.09615	0.04133	0.01363	0.00797	0.00256	0.00515	0.06691	0.05527	0.00860
1	0.01501	0.00792	0.00915	0.04690	0.01233	0.00811	0.00690	0.01810	0.01571	0.05679	0.02393	0.02904	0.01928	0.04283	0.05173	0.04525	0.00553	0.00744	0.57080	0.00725
2	0.02670	0.01417	0.01788	0.05928	0.02129	0.01409	0.01201	0.15009	0.07863	0.34273	0.14774	0.03064	0.02793	0.01067	0.00805	0.00242	0.00662	0.00883	0.00850	0.01172
3	0.01784	0.01423	0.02349	0.54088	0.12037	0.01659	0.02044	0.02266	0.01664	0.10890	0.01611	0.02126	0.01174	0.00790	0.00775	0.00253	0.00971	0.00701	0.00431	0.00964
4	0.01126	0.00799	0.00969	0.01029	0.01115	0.00778	0.00691	0.04419	0.01543	0.02048	0.06846	0.36327	0.08331	0.25451	0.01948	0.00450	0.00573	0.04288	0.00646	0.00622
5	0.01136	0.00832	0.00995	0.01068	0.01150	0.00843	0.00704	0.01500	0.10020	0.01989	0.03516	0.40676	0.03993	0.25633	0.01946	0.00453	0.00572	0.01669	0.00646	0.00656

[dist]
# distance from previous block
# <min> <max>
5	10

[block]
# block no. 1 follows, 25 sequences, length 12
# corresponding to MSA columns:
# 132-143
name=unknown_B
#
# <colnr> <probs for GDERKNQSTAVLIFYWHMCP>
#	G	D	E	R	K	N	Q	S	T	A	V	L	I	F	Y	W	H	M	C	P
0	0.50613	0.01394	0.01430	0.18759	0.02439	0.01629	0.01162	0.02118	0.01470	0.03060	0.08148	0.01942	0.01571	0.00825	0.00601	0.00245	0.00685	0.00592	0.00485	0.00834
1	0.01247	0.00828	0.01095	0.08362	0.01541	0.00823	0.00817	0.01396	0.01451	0.06875	0.03502	0.34939	0.07196	0.24153	0.01874	0.00437	0.00619	0.01568	0.00620	0.00658
2	0.01253	0.01121	0.01742	0.24174	0.02776	0.01263	0.05242	0.01569	0.01570	0.02074	0.06649	0.25679	0.11174	0.01560	0.01065	0.00285	0.08144	0.01352	0.00544	0.00763
3	0.01168	0.00836	0.01046	0.04767	0.01326	0.00847	0.00750	0.05219	0.01490	0.01984	0.03276	0.38714	0.03797	0.28751	0.02079	0.00471	0.00620	0.01622	0.00609	0.00626
4	0.18911	0.01577	0.01577	0.01297	0.01743	0.01729	0.01042	0.31530	0.02483	0.03805	0.02297	0.02537	0.06449	0.05512	0.00882	0.00260	0.00671	0.00740	0.13951	0.01006
5	0.02455	0.01885	0.02360	0.05978	0.02584	0.01952	0.08063	0.38237	0.02803	0.06696	0.01780	0.01980	0.01325	0.02975	0.00847	0.00231	0.00848	0.00692	0.00648	0.15661
6	0.06304	0.01595	0.02248	0.39581	0.07540	0.06005	0.05688	0.02369	0.10983	0.02311	0.01822	0.06959	0.01516	0.00916	0.00777	0.00257	0.00940	0.00807	0.00452	0.00931
7	0.02383	0.01416	0.01729	0.07569	0.02196	0.01475	0.01213	0.05358	0.26824	0.27590	0.03326	0.06079	0.07113	0.01118	0.00802	0.00255	0.00652	0.00934	0.00805	0.01163
8	0.05800	0.01143	0.01442	0.06980	0.03934	0.01168	0.01061	0.06659	0.07235	0.11498	0.09101	0.22366	0.08697	0.01764	0.05083	0.00324	0.00683	0.01268	0.00694	0.03100
9	0.01631	0.01376	0.01610	0.05956	0.02023	0.01184	0.01018	0.07502	0.04443	0.02665	0.02409	0.02542	0.10609	0.00835	0.00663	0.00162	0.00606	0.00680	0.00530	0.51556
10	0.11139	0.01301	0.01680	0.13381	0.02381	0.01324	0.01223	0.02949	0.08744	0.32431	0.08289	0.05356	0.04364	0.01049	0.00769	0.00249	0.00672	0.00865	0.00754	0.01078
11	0.01234	0.00877	0.01022	0.01040	0.01126	0.00892	0.00676	0.05697	0.05409	0.02015	0.03116	0.29279	0.03533	0.37751	0.02456	0.00527	0.00640	0.01476	0.00602	0.00633

[dist]
# distance from previous block
# <min> <max>
0	12

[block]
# block no. 2 follows, 25 sequences, length 32
# corresponding to MSA columns:
# 156-187
name=unknown_C
#
# <colnr> <probs for GDERKNQSTAVLIFYWHMCP>
#	G	D	E	R	K	N	Q	S	T	A	V	L	I	F	Y	W	H	M	C	P
0	0.02474	0.01843	0.01991	0.01618	0.02117	0.02036	0.01306	0.44534	0.13067	0.04146	0.02342	0.06715	0.01917	0.04042	0.00924	0.00266	0.00764	0.03151	0.03566	0.01183
1	0.02677	0.02001	0.02263	0.11581	0.02763	0.02241	0.01534	0.53790	0.03267	0.04394	0.01819	0.01932	0.01305	0.00908	0.00766	0.00234	0.00859	0.00698	0.03739	0.01230
2	0.01535	0.01295	0.01526	0.01124	0.01741	0.00991	0.00892	0.01883	0.01691	0.02610	0.10793	0.02204	0.02027	0.00718	0.00623	0.00133	0.00545	0.00594	0.00515	0.66561
3	0.01485	0.00982	0.01102	0.01001	0.01166	0.00983	0.00673	0.09720	0.01634	0.04703	0.05004	0.06691	0.05010	0.43994	0.02662	0.00539	0.00683	0.01062	0.07095	0.03811
4	0.00965	0.00688	0.00909	0.01061	0.01116	0.00643	0.00710	0.01114	0.01530	0.02056	0.09594	0.63808	0.05220	0.05253	0.01105	0.00327	0.00455	0.02091	0.00721	0.00632
5	0.02151	0.01542	0.01692	0.01408	0.01836	0.01672	0.01124	0.27968	0.16208	0.06106	0.16198	0.03082	0.02925	0.01092	0.00776	0.00234	0.00625	0.00891	0.11378	0.01092
6	0.01464	0.01378	0.02326	0.70887	0.05340	0.01723	0.02153	0.01981	0.01550	0.01981	0.01378	0.02067	0.01034	0.00775	0.00775	0.00258	0.01034	0.00689	0.00345	0.00861
7	0.34076	0.01513	0.01630	0.05252	0.02031	0.01593	0.01120	0.11466	0.02005	0.29218	0.01984	0.01932	0.01342	0.00846	0.00655	0.00240	0.00683	0.00615	0.00702	0.01096
8	0.01660	0.01643	0.02305	0.01987	0.01995	0.02287	0.01651	0.01836	0.01191	0.01862	0.01084	0.01780	0.01075	0.01634	0.06720	0.00396	0.67024	0.00688	0.00344	0.00838
9	0.01542	0.01420	0.02326	0.67281	0.05187	0.01758	0.02118	0.05287	0.01660	0.02133	0.01403	0.02056	0.01048	0.00783	0.00775	0.00257	0.01024	0.00690	0.00367	0.00885
10	0.00945	0.00675	0.00900	0.01080	0.01125	0.00630	0.00720	0.01080	0.01484	0.01979	0.04274	0.72245	0.05128	0.02429	0.00990	0.00315	0.00450	0.02204	0.00720	0.00630
11	0.44462	0.04760	0.21020	0.01404	0.02077	0.01754	0.01465	0.02447	0.04136	0.05517	0.01381	0.01546	0.01031	0.00752	0.00582	0.00238	0.00762	0.00507	0.03196	0.00964
12	0.01608	0.01378	0.01608	0.01148	0.01837	0.01034	0.00919	0.01952	0.01608	0.02527	0.01378	0.01608	0.01148	0.00574	0.00574	0.00115	0.00574	0.00459	0.00459	0.77491
13	0.22126	0.01682	0.01728	0.01420	0.01917	0.01850	0.01140	0.25238	0.13490	0.11980	0.02084	0.02256	0.01580	0.07030	0.00973	0.00285	0.00713	0.00704	0.00699	0.01107
14	0.02073	0.73217	0.04063	0.01327	0.01990	0.03068	0.01327	0.02322	0.01575	0.01824	0.01078	0.01244	0.00995	0.00663	0.00498	0.00166	0.00829	0.00415	0.00332	0.00995
15	0.02073	0.73217	0.04063	0.01327	0.01990	0.03068	0.01327	0.02322	0.01575	0.01824	0.01078	0.01244	0.00995	0.00663	0.00498	0.00166	0.00829	0.00415	0.00332	0.00995
16	0.01587	0.08315	0.64711	0.02155	0.03271	0.01880	0.02769	0.02447	0.01633	0.02416	0.01372	0.01613	0.00983	0.00732	0.00722	0.00241	0.01126	0.00563	0.00328	0.01137
17	0.01204	0.00954	0.01432	0.04556	0.01750	0.00953	0.06460	0.01571	0.04985	0.02168	0.03685	0.34863	0.04103	0.06412	0.01173	0.00346	0.00662	0.21337	0.00661	0.00724
18	0.01154	0.00898	0.01334	0.01308	0.01435	0.01079	0.01026	0.01422	0.01242	0.01805	0.01994	0.02941	0.01867	0.05468	0.64448	0.01175	0.07472	0.00819	0.00409	0.00704
19	0.01799	0.02031	0.04383	0.09039	0.04162	0.01940	0.59726	0.02441	0.01806	0.02441	0.01552	0.02089	0.01164	0.00664	0.00903	0.00261	0.01284	0.00896	0.00388	0.01030
20	0.01557	0.01472	0.02492	0.57470	0.18036	0.01747	0.02199	0.02062	0.01594	0.02093	0.01394	0.02037	0.01073	0.00758	0.00774	0.00253	0.01011	0.00689	0.00352	0.00936
21	0.02008	0.01705	0.01798	0.01594	0.02046	0.01966	0.01246	0.08888	0.61616	0.03371	0.03055	0.02812	0.02285	0.01043	0.00788	0.00261	0.00632	0.00863	0.00788	0.01234
22	0.02225	0.01813	0.01920	0.01638	0.02129	0.02067	0.01299	0.21921	0.48230	0.03721	0.02779	0.02593	0.02062	0.01017	0.00785	0.00254	0.00683	0.00825	0.00785	0.01254
23	0.01204	0.00825	0.01070	0.01018	0.01226	0.00758	0.00784	0.01553	0.02127	0.05926	0.54459	0.06034	0.11521	0.01634	0.00922	0.00255	0.00411	0.06686	0.00836	0.00751
24	0.02624	0.02011	0.02145	0.01719	0.02281	0.02253	0.01395	0.45882	0.23619	0.04365	0.02273	0.02189	0.01652	0.00969	0.00780	0.00242	0.00777	0.00755	0.00780	0.01290
25	0.00999	0.00778	0.00906	0.00896	0.01103	0.00686	0.00664	0.01264	0.01929	0.02530	0.33771	0.12730	0.35284	0.01840	0.00922	0.00259	0.00386	0.01586	0.00779	0.00686
26	0.01170	0.00842	0.01154	0.01324	0.01479	0.00826	0.01107	0.01473	0.01722	0.02239	0.04330	0.21729	0.07803	0.02192	0.01046	0.00344	0.00643	0.47166	0.00715	0.00694
27	0.01861	0.02006	0.04084	0.03781	0.26028	0.01920	0.43516	0.02448	0.01808	0.02501	0.01531	0.02032	0.01194	0.00666	0.00864	0.00251	0.01174	0.00838	0.00389	0.01109
28	0.01905	0.01872	0.02985	0.13798	0.55903	0.05266	0.02303	0.02361	0.01758	0.02424	0.01434	0.01913	0.01190	0.00708	0.00765	0.00233	0.00961	0.00681	0.00379	0.01161
29	0.01596	0.09489	0.63614	0.02140	0.03248	0.01901	0.02743	0.02445	0.01632	0.02406	0.01367	0.01606	0.00983	0.00731	0.00718	0.00239	0.01121	0.00560	0.00328	0.01134
30	0.05631	0.07035	0.02187	0.01500	0.02132	0.01396	0.08071	0.04580	0.01957	0.30931	0.04334	0.02210	0.01671	0.00806	0.00707	0.00201	0.00713	0.00680	0.00680	0.22577
31	0.21930	0.27382	0.10193	0.01451	0.02077	0.05777	0.01392	0.07878	0.01779	0.09414	0.01388	0.01511	0.01077	0.00769	0.00650	0.00215	0.03110	0.00509	0.00475	0.01023

[dist]
# distance from previous block
# <min> <max>
0	1

[block]
# block no. 3 follows, 25 sequences, length 118
# corresponding to MSA columns:
# 189-306
name=unknown_D
#
# <colnr> <probs for GDERKNQSTAVLIFYWHMCP>
#	G	D	E	R	K	N	Q	S	T	A	V	L	I	F	Y	W	H	M	C	P
0	0.64589	0.05219	0.04540	0.03785	0.01780	0.01782	0.01023	0.02343	0.01395	0.06118	0.01192	0.01368	0.00909	0.00730	0.00517	0.00237	0.00656	0.00453	0.00481	0.00884
1	0.01754	0.01079	0.01283	0.01107	0.01490	0.00966	0.00851	0.02202	0.08469	0.17820	0.10572	0.10307	0.20692	0.05284	0.00991	0.00264	0.00527	0.01180	0.00743	0.12418
2	0.01151	0.00888	0.01253	0.01279	0.01467	0.00853	0.04319	0.01508	0.04098	0.02381	0.16022	0.27150	0.10900	0.01993	0.00984	0.00306	0.00566	0.21434	0.00728	0.00722
3	0.00916	0.00785	0.00785	0.00785	0.01047	0.00655	0.00589	0.01113	0.01767	0.02095	0.07855	0.07462	0.67599	0.01964	0.00916	0.00262	0.00393	0.01636	0.00720	0.00655
4	0.01538	0.01439	0.02233	0.01878	0.02065	0.01759	0.10406	0.04337	0.01485	0.02162	0.06724	0.05663	0.01962	0.02416	0.18738	0.00541	0.32498	0.00877	0.00441	0.00837
5	0.07046	0.02135	0.02262	0.01742	0.02355	0.02368	0.01439	0.61896	0.03519	0.04810	0.01819	0.01829	0.01293	0.00919	0.00760	0.00233	0.00839	0.00683	0.00760	0.01293
6	0.01108	0.00831	0.01246	0.01246	0.01385	0.00969	0.00969	0.01385	0.01246	0.01800	0.02077	0.03046	0.01938	0.05815	0.69678	0.01246	0.02077	0.00831	0.00415	0.00692
7	0.05777	0.02283	0.02271	0.01774	0.02370	0.08404	0.01452	0.57379	0.03428	0.04566	0.01773	0.01797	0.01272	0.00911	0.00758	0.00230	0.00893	0.00670	0.00731	0.01263
8	0.02168	0.01727	0.05476	0.01402	0.02087	0.01454	0.01197	0.19130	0.02221	0.10376	0.01692	0.01790	0.01269	0.00721	0.00659	0.00167	0.00689	0.00564	0.00592	0.44617
9	0.04578	0.01481	0.02461	0.34991	0.03880	0.01639	0.12578	0.02403	0.05143	0.11940	0.02083	0.02629	0.03919	0.00915	0.00871	0.00263	0.03500	0.03260	0.00500	0.00964
10	0.78228	0.01499	0.01140	0.01020	0.01499	0.01739	0.00840	0.02279	0.01320	0.03479	0.01080	0.01260	0.00840	0.00720	0.00480	0.00240	0.00600	0.00420	0.00480	0.00840
11	0.01128	0.00752	0.00846	0.00846	0.00846	0.00752	0.00470	0.01128	0.01128	0.01503	0.02443	0.05074	0.02819	0.72751	0.03946	0.00752	0.00752	0.01128	0.00470	0.00470
12	0.02623	0.03168	0.02032	0.01847	0.02237	0.54260	0.01391	0.05515	0.07888	0.02152	0.01886	0.04955	0.04850	0.00960	0.00734	0.00215	0.01212	0.00675	0.00480	0.00920
13	0.00957	0.00787	0.00842	0.00828	0.01072	0.00672	0.00621	0.01192	0.01864	0.02324	0.21335	0.07085	0.53976	0.01878	0.00916	0.00258	0.00387	0.01583	0.00750	0.00672
14	0.10111	0.52822	0.03420	0.01410	0.02015	0.12200	0.01307	0.05316	0.01731	0.02146	0.01131	0.01295	0.00994	0.00700	0.00537	0.00181	0.00886	0.00440	0.00377	0.00980
15	0.67499	0.01555	0.01308	0.04610	0.01776	0.01799	0.00964	0.08010	0.01543	0.03532	0.01166	0.01355	0.00893	0.00742	0.00522	0.00240	0.00645	0.00459	0.00500	0.00884
16	0.02896	0.03695	0.02197	0.01998	0.02397	0.69638	0.01498	0.03096	0.02197	0.01898	0.01199	0.01398	0.00999	0.00799	0.00699	0.00200	0.01398	0.00499	0.00400	0.00899
17	0.01663	0.01613	0.02782	0.39699	0.18784	0.01804	0.11279	0.02347	0.07828	0.02298	0.01593	0.02116	0.01225	0.00765	0.00795	0.00253	0.01008	0.00740	0.00403	0.01005
18	0.04635	0.00825	0.01041	0.00977	0.01174	0.00778	0.00737	0.01501	0.02155	0.03126	0.64458	0.05584	0.07019	0.01545	0.00895	0.00244	0.00377	0.01357	0.00836	0.00737
19	0.01035	0.00741	0.00852	0.00895	0.00969	0.00700	0.00566	0.01124	0.01392	0.01805	0.06276	0.22203	0.17745	0.37470	0.02450	0.00519	0.00585	0.01514	0.00599	0.00559
20	0.78228	0.01499	0.01140	0.01020	0.01499	0.01739	0.00840	0.02279	0.01320	0.03479	0.01080	0.01260	0.00840	0.00720	0.00480	0.00240	0.00600	0.00420	0.00480	0.00840
21	0.01608	0.01378	0.01608	0.01148	0.01837	0.01034	0.00919	0.01952	0.01608	0.02527	0.01378	0.01608	0.01148	0.00574	0.00574	0.00115	0.00574	0.00459	0.00459	0.77491
22	0.01445	0.00723	0.00723	0.00723	0.00903	0.00723	0.00542	0.01807	0.01626	0.02891	0.02529	0.02891	0.01987	0.00903	0.00542	0.00181	0.00361	0.00723	0.77055	0.00723
23	0.03479	0.01320	0.01799	0.01380	0.01979	0.01140	0.01140	0.03779	0.02219	0.68451	0.03059	0.02639	0.01919	0.00960	0.00780	0.00240	0.00660	0.00780	0.00960	0.01320
24	0.01044	0.00752	0.00989	0.01012	0.01147	0.00696	0.00727	0.01330	0.01948	0.02717	0.45559	0.28856	0.06557	0.01878	0.00941	0.00269	0.00395	0.01681	0.00807	0.00696
25	0.00960	0.00698	0.00906	0.01042	0.01122	0.00644	0.00710	0.01128	0.01593	0.02122	0.12034	0.58776	0.10825	0.02289	0.00974	0.00302	0.00435	0.02060	0.00736	0.00644
26	0.01627	0.01373	0.01599	0.01171	0.01823	0.01068	0.00931	0.04473	0.01684	0.02593	0.01551	0.05370	0.01367	0.00687	0.00604	0.00130	0.00579	0.00562	0.00486	0.70323
27	0.01608	0.01378	0.01608	0.01148	0.01837	0.01034	0.00919	0.01952	0.01608	0.02527	0.01378	0.01608	0.01148	0.00574	0.00574	0.00115	0.00574	0.00459	0.00459	0.77491
28	0.03454	0.01359	0.01824	0.01398	0.01999	0.01198	0.01155	0.06613	0.02285	0.65524	0.03004	0.02603	0.01892	0.00958	0.00780	0.00240	0.00669	0.00776	0.00951	0.01319
29	0.00925	0.00786	0.00797	0.00794	0.01052	0.00658	0.00596	0.01129	0.01787	0.02141	0.10591	0.07385	0.64834	0.01946	0.00916	0.00261	0.00391	0.01626	0.00726	0.00658
30	0.00945	0.00675	0.00900	0.01080	0.01125	0.00630	0.00720	0.01080	0.01484	0.01979	0.04274	0.72245	0.05128	0.02429	0.00990	0.00315	0.00450	0.02204	0.00720	0.00630
31	0.01830	0.02092	0.04575	0.03268	0.04052	0.01961	0.65098	0.02484	0.01830	0.02484	0.01569	0.02092	0.01176	0.00654	0.00915	0.00261	0.01307	0.00915	0.00392	0.01046
32	0.01347	0.00673	0.01010	0.01010	0.01010	0.00673	0.00673	0.01010	0.01010	0.01347	0.01347	0.02357	0.01347	0.02694	0.03030	0.77441	0.00673	0.00673	0.00337	0.00337
33	0.02664	0.03190	0.02430	0.02651	0.18106	0.50691	0.01708	0.05416	0.02152	0.02170	0.01287	0.01542	0.01067	0.00778	0.00719	0.00208	0.01262	0.00553	0.00411	0.00995
34	0.01085	0.00792	0.01019	0.00963	0.01151	0.00726	0.00722	0.01439	0.02166	0.03040	0.63452	0.05905	0.11412	0.01611	0.00915	0.00245	0.00368	0.01418	0.00844	0.00726
35	0.74229	0.01535	0.01203	0.01060	0.01548	0.01775	0.00873	0.05628	0.01443	0.03554	0.01121	0.01292	0.00865	0.00731	0.00496	0.00240	0.00613	0.00435	0.00496	0.00865
36	0.02716	0.02213	0.02221	0.01782	0.02322	0.08808	0.01445	0.46251	0.13833	0.04187	0.01974	0.01981	0.01448	0.00958	0.00852	0.00239	0.04099	0.00708	0.00722	0.01241
37	0.01708	0.01476	0.01918	0.01685	0.01817	0.04249	0.01365	0.06589	0.01472	0.05123	0.01576	0.02317	0.01450	0.06020	0.23058	0.00621	0.35538	0.00746	0.00432	0.00841
38	0.01913	0.02119	0.13596	0.03407	0.37133	0.01786	0.04634	0.05706	0.09965	0.05175	0.01898	0.05855	0.01571	0.00859	0.00784	0.00243	0.00896	0.00790	0.00485	0.01183
39	0.02118	0.69432	0.03961	0.01363	0.02012	0.06692	0.01336	0.02364	0.01609	0.01828	0.01085	0.01252	0.00995	0.00671	0.00508	0.00168	0.00860	0.00419	0.00335	0.00990
40	0.00916	0.00785	0.00785	0.00785	0.01047	0.00655	0.00589	0.01113	0.01767	0.02095	0.07855	0.07462	0.67599	0.01964	0.00916	0.00262	0.00393	0.01636	0.00720	0.00655
41	0.02009	0.01675	0.01766	0.01561	0.02007	0.01924	0.01222	0.10128	0.57415	0.03392	0.02999	0.02790	0.02246	0.01033	0.00777	0.00256	0.00627	0.00852	0.04107	0.01214
42	0.01369	0.02804	0.43350	0.01732	0.02524	0.01394	0.02054	0.02055	0.01811	0.02618	0.21344	0.03328	0.08223	0.01085	0.00803	0.00246	0.00856	0.00903	0.00514	0.00984
43	0.01574	0.06492	0.66414	0.02178	0.03307	0.01846	0.02810	0.02451	0.01635	0.02433	0.01380	0.01623	0.00983	0.00734	0.00728	0.00243	0.01135	0.00567	0.00328	0.01140
44	0.02947	0.02172	0.02327	0.01784	0.02404	0.02404	0.01474	0.65329	0.03646	0.04887	0.01862	0.01862	0.01319	0.00931	0.00776	0.00233	0.00853	0.00698	0.00776	0.01319
45	0.01017	0.00752	0.00955	0.01014	0.01156	0.00689	0.00737	0.01264	0.01819	0.02448	0.28767	0.32330	0.16241	0.02015	0.00954	0.00282	0.00426	0.05688	0.00770	0.00678
46	0.03108	0.01915	0.02168	0.01662	0.02276	0.02023	0.01373	0.46773	0.03216	0.24050	0.02223	0.02096	0.01500	0.00939	0.00777	0.00235	0.00795	0.00723	0.00831	0.01319
47	0.00945	0.00675	0.00900	0.01080	0.01125	0.00630	0.00720	0.01080	0.01484	0.01979	0.04274	0.72245	0.05128	0.02429	0.00990	0.00315	0.00450	0.02204	0.00720	0.00630
48	0.01128	0.00752	0.00846	0.00846	0.00846	0.00752	0.00470	0.01128	0.01128	0.01503	0.02443	0.05074	0.02819	0.72751	0.03946	0.00752	0.00752	0.01128	0.00470	0.00470
49	0.01514	0.01428	0.02024	0.01790	0.01833	0.01938	0.01471	0.01717	0.01206	0.01845	0.01347	0.02115	0.01304	0.02741	0.23389	0.00621	0.49828	0.00726	0.00363	0.00800
50	0.01156	0.00826	0.01142	0.01321	0.01459	0.00812	0.01087	0.01445	0.01693	0.02216	0.04157	0.28240	0.04667	0.02230	0.01046	0.00344	0.00633	0.44125	0.00716	0.00688
51	0.00939	0.00698	0.00876	0.01019	0.01109	0.00635	0.00693	0.01086	0.01543	0.02003	0.05011	0.58898	0.17998	0.02333	0.00975	0.00304	0.00438	0.02087	0.00720	0.00635
52	0.01599	0.03760	0.63060	0.02113	0.03197	0.01723	0.02694	0.02444	0.01665	0.04948	0.01752	0.01943	0.04086	0.00802	0.00747	0.00246	0.01093	0.00630	0.00370	0.01130
53	0.01608	0.01378	0.01608	0.01148	0.01837	0.01034	0.00919	0.01952	0.01608	0.02527	0.01378	0.01608	0.01148	0.00574	0.00574	0.00115	0.00574	0.00459	0.00459	0.77491
54	0.05815	0.01539	0.02428	0.41741	0.08935	0.01743	0.07904	0.04370	0.07574	0.02405	0.01564	0.02047	0.01191	0.00769	0.00758	0.00244	0.00948	0.00696	0.00423	0.06906
55	0.00929	0.00778	0.00795	0.00805	0.01041	0.00658	0.00590	0.01112	0.01718	0.02057	0.07372	0.10862	0.60757	0.05749	0.01081	0.00291	0.00415	0.01640	0.00707	0.00643
56	0.01555	0.04011	0.68733	0.02210	0.03356	0.01801	0.02865	0.02455	0.01637	0.02455	0.01391	0.01637	0.00982	0.00737	0.00737	0.00246	0.01146	0.00573	0.00327	0.01146
57	0.00983	0.00792	0.00878	0.00869	0.01105	0.00687	0.00660	0.01235	0.01889	0.02391	0.24485	0.07052	0.47645	0.01865	0.00923	0.00261	0.00400	0.04442	0.00757	0.00679
58	0.00945	0.00675	0.00900	0.01080	0.01125	0.00630	0.00720	0.01080	0.01484	0.01979	0.04274	0.72245	0.05128	0.02429	0.00990	0.00315	0.00450	0.02204	0.00720	0.00630
59	0.01091	0.00792	0.01027	0.00969	0.01154	0.00729	0.00726	0.01450	0.02179	0.03072	0.65342	0.05852	0.09502	0.01599	0.00915	0.00245	0.00367	0.01411	0.00849	0.00729
60	0.00944	0.00679	0.00895	0.01068	0.01121	0.00631	0.00714	0.01081	0.01496	0.01984	0.04419	0.69620	0.07659	0.02410	0.00987	0.00313	0.00448	0.02181	0.00720	0.00631
61	0.78228	0.01499	0.01140	0.01020	0.01499	0.01739	0.00840	0.02279	0.01320	0.03479	0.01080	0.01260	0.00840	0.00720	0.00480	0.00240	0.00600	0.00420	0.00480	0.00840
62	0.01929	0.01666	0.01753	0.01578	0.02016	0.01929	0.01227	0.04120	0.66513	0.03243	0.03156	0.02893	0.02367	0.01052	0.00789	0.00263	0.00614	0.00877	0.00789	0.01227
63	0.78228	0.01499	0.01140	0.01020	0.01499	0.01739	0.00840	0.02279	0.01320	0.03479	0.01080	0.01260	0.00840	0.00720	0.00480	0.00240	0.00600	0.00420	0.00480	0.00840
64	0.15362	0.01584	0.01932	0.01495	0.02088	0.01573	0.03762	0.18258	0.02400	0.40023	0.02391	0.02207	0.01571	0.00902	0.00736	0.00239	0.00723	0.00707	0.00815	0.01231
65	0.01621	0.01524	0.02573	0.53694	0.15346	0.01784	0.05333	0.04829	0.01691	0.02223	0.01422	0.02035	0.01085	0.00762	0.00781	0.00253	0.01021	0.00701	0.00372	0.00950
66	0.01360	0.01069	0.01228	0.01169	0.01425	0.01099	0.00877	0.06078	0.17882	0.02857	0.24714	0.19372	0.14504	0.01652	0.00891	0.00266	0.00480	0.01436	0.00783	0.00857
67	0.01565	0.03938	0.66318	0.02250	0.03382	0.01807	0.05207	0.02457	0.01644	0.02457	0.01398	0.01654	0.00990	0.00734	0.00743	0.00246	0.01152	0.00586	0.00330	0.01142
68	0.01535	0.01516	0.02762	0.57782	0.05091	0.01769	0.14353	0.02078	0.01605	0.02078	0.01415	0.02072	0.01061	0.00752	0.00802	0.00259	0.01087	0.00733	0.00354	0.00897
69	0.00926	0.00747	0.00825	0.00888	0.01074	0.00646	0.00634	0.01101	0.01669	0.02055	0.06612	0.29944	0.45919	0.02125	0.00942	0.00280	0.00413	0.01833	0.00720	0.00646
70	0.02267	0.38718	0.03227	0.01800	0.05622	0.20709	0.01483	0.04756	0.01775	0.01998	0.01151	0.01404	0.01023	0.00803	0.00848	0.00204	0.10371	0.00497	0.00370	0.00974
71	0.01781	0.01372	0.01662	0.04685	0.02028	0.01079	0.01002	0.02130	0.01664	0.08856	0.01540	0.01730	0.01217	0.00622	0.00604	0.00134	0.00606	0.00502	0.00502	0.66284
72	0.02481	0.02465	0.08682	0.02040	0.06622	0.16460	0.04351	0.28878	0.05106	0.05495	0.01947	0.08327	0.01618	0.01001	0.00781	0.00237	0.00969	0.00801	0.00611	0.01127
73	0.01202	0.00817	0.01062	0.00986	0.01192	0.00748	0.00745	0.01557	0.02178	0.06139	0.61973	0.05714	0.09590	0.01572	0.00908	0.00244	0.00381	0.01383	0.00853	0.00756
74	0.00943	0.00680	0.00894	0.01066	0.01121	0.00631	0.00714	0.01081	0.01498	0.01985	0.04442	0.69198	0.08066	0.02407	0.00986	0.00312	0.00447	0.02178	0.00720	0.00631
75	0.03149	0.08456	0.05366	0.01456	0.02084	0.01490	0.01273	0.08621	0.04551	0.51238	0.02691	0.02401	0.01751	0.00921	0.00750	0.00233	0.00714	0.00731	0.00847	0.01276
76	0.01048	0.00874	0.04246	0.01070	0.01159	0.00739	0.00761	0.01184	0.01383	0.01855	0.03505	0.43595	0.04116	0.26128	0.01981	0.00461	0.00596	0.04078	0.00616	0.00604
77	0.00957	0.00689	0.00910	0.01083	0.01142	0.00642	0.00738	0.01104	0.01509	0.01999	0.04409	0.66897	0.07591	0.02398	0.00990	0.00315	0.00459	0.04815	0.00720	0.00634
78	0.01696	0.01631	0.02818	0.36478	0.34895	0.01790	0.05159	0.02193	0.01665	0.02265	0.01425	0.01998	0.01132	0.00730	0.00778	0.00245	0.00993	0.00700	0.00365	0.01043
79	0.01909	0.01714	0.02679	0.31074	0.25915	0.01899	0.04718	0.13231	0.04338	0.02740	0.01561	0.02012	0.01203	0.00778	0.00779	0.00245	0.00960	0.00707	0.00451	0.01086
80	0.01897	0.01819	0.03107	0.08026	0.64823	0.01836	0.02368	0.02360	0.01755	0.02506	0.01454	0.01926	0.01219	0.00695	0.00768	0.00232	0.00927	0.00691	0.00382	0.01210
81	0.64558	0.01478	0.01351	0.13462	0.02183	0.01736	0.01074	0.02226	0.01361	0.03212	0.01133	0.01403	0.00874	0.00730	0.00532	0.00243	0.00677	0.00468	0.00456	0.00844
82	0.00916	0.00785	0.00785	0.00785	0.01047	0.00655	0.00589	0.01113	0.01767	0.02095	0.07855	0.07462	0.67599	0.01964	0.00916	0.00262	0.00393	0.01636	0.00720	0.00655
83	0.03443	0.01377	0.01835	0.01407	0.02008	0.01225	0.01162	0.07948	0.02316	0.64145	0.02978	0.02586	0.01879	0.00958	0.00779	0.00239	0.00673	0.00774	0.00947	0.01319
84	0.01091	0.00788	0.01031	0.00980	0.01157	0.00728	0.00731	0.01448	0.02166	0.03064	0.64973	0.08453	0.07228	0.01619	0.00918	0.00247	0.00369	0.01434	0.00848	0.00728
85	0.01555	0.04011	0.68733	0.02210	0.03356	0.01801	0.02865	0.02455	0.01637	0.02455	0.01391	0.01637	0.00982	0.00737	0.00737	0.00246	0.01146	0.00573	0.00327	0.01146
86	0.01074	0.00792	0.01004	0.00951	0.01144	0.00722	0.00713	0.01417	0.02139	0.02977	0.59712	0.06010	0.15192	0.01635	0.00915	0.00246	0.00369	0.01433	0.00836	0.00722
87	0.01783	0.02016	0.04380	0.03152	0.03897	0.01890	0.61679	0.02409	0.01812	0.02457	0.01712	0.05818	0.01386	0.00748	0.00919	0.00264	0.01262	0.00984	0.00410	0.01024
88	0.02073	0.73217	0.04063	0.01327	0.01990	0.03068	0.01327	0.02322	0.01575	0.01824	0.01078	0.01244	0.00995	0.00663	0.00498	0.00166	0.00829	0.00415	0.00332	0.00995
89	0.01929	0.01666	0.01753	0.01578	0.02016	0.01929	0.01227	0.04120	0.66513	0.03243	0.03156	0.02893	0.02367	0.01052	0.00789	0.00263	0.00614	0.00877	0.00789	0.01227
90	0.01836	0.01371	0.01631	0.01177	0.01855	0.01046	0.00946	0.02175	0.01682	0.10552	0.01583	0.01733	0.01242	0.00621	0.00599	0.00130	0.00585	0.00498	0.00520	0.68218
91	0.02896	0.03695	0.02197	0.01998	0.02397	0.69638	0.01498	0.03096	0.02197	0.01898	0.01199	0.01398	0.00999	0.00799	0.00699	0.00200	0.01398	0.00499	0.00400	0.00899
92	0.03479	0.01320	0.01799	0.01380	0.01979	0.01140	0.01140	0.03779	0.02219	0.68451	0.03059	0.02639	0.01919	0.00960	0.00780	0.00240	0.00660	0.00780	0.00960	0.01320
93	0.01445	0.00723	0.00723	0.00723	0.00903	0.00723	0.00542	0.01807	0.01626	0.02891	0.02529	0.02891	0.01987	0.00903	0.00542	0.00181	0.00361	0.00723	0.77055	0.00723
94	0.03479	0.01320	0.01799	0.01380	0.01979	0.01140	0.01140	0.03779	0.02219	0.68451	0.03059	0.02639	0.01919	0.00960	0.00780	0.00240	0.00660	0.00780	0.00960	0.01320
95	0.01929	0.01666	0.01753	0.01578	0.02016	0.01929	0.01227	0.04120	0.66513	0.03243	0.03156	0.02893	0.02367	0.01052	0.00789	0.00263	0.00614	0.00877	0.00789	0.01227
96	0.01128	0.00752	0.00846	0.00846	0.00846	0.00752	0.00470	0.01128	0.01128	0.01503	0.02443	0.05074	0.02819	0.72751	0.03946	0.00752	0.00752	0.01128	0.00470	0.00470
97	0.02896	0.03695	0.02197	0.01998	0.02397	0.69638	0.01498	0.03096	0.02197	0.01898	0.01199	0.01398	0.00999	0.00799	0.00699	0.00200	0.01398	0.00499	0.00400	0.00899
98	0.01128	0.00752	0.00846	0.00846	0.00846	0.00752	0.00470	0.01128	0.01128	0.01503	0.02443	0.05074	0.02819	0.72751	0.03946	0.00752	0.00752	0.01128	0.00470	0.00470
99	0.00945	0.00675	0.00900	0.01080	0.01125	0.00630	0.00720	0.01080	0.01484	0.01979	0.04274	0.72245	0.05128	0.02429	0.00990	0.00315	0.00450	0.02204	0.00720	0.00630
100	0.02049	0.01780	0.01688	0.01476	0.01877	0.10237	0.01152	0.17995	0.23682	0.03195	0.06617	0.03461	0.09911	0.04771	0.00954	0.00271	0.00731	0.03083	0.04033	0.01036
101	0.02861	0.06170	0.02390	0.01773	0.02368	0.08909	0.01460	0.53864	0.05480	0.04377	0.01798	0.01817	0.01305	0.00908	0.00754	0.00227	0.00897	0.00669	0.00716	0.01257
102	0.01555	0.04011	0.68733	0.02210	0.03356	0.01801	0.02865	0.02455	0.01637	0.02455	0.01391	0.01637	0.00982	0.00737	0.00737	0.00246	0.01146	0.00573	0.00327	0.01146
103	0.01678	0.01710	0.02349	0.58439	0.08039	0.10780	0.02077	0.02149	0.01647	0.01997	0.01358	0.01971	0.01039	0.00774	0.00765	0.00249	0.01077	0.00664	0.00354	0.00884
104	0.01464	0.01378	0.02326	0.70887	0.05340	0.01723	0.02153	0.01981	0.01550	0.01981	0.01378	0.02067	0.01034	0.00775	0.00775	0.00258	0.01034	0.00689	0.00345	0.00861
105	0.01100	0.00767	0.00944	0.00985	0.01153	0.00687	0.00706	0.01316	0.01771	0.05629	0.20183	0.34283	0.23573	0.02021	0.00940	0.00279	0.00424	0.01779	0.00764	0.00696
106	0.01852	0.01041	0.01331	0.01158	0.01486	0.00985	0.00903	0.02415	0.09778	0.21154	0.42143	0.04580	0.05244	0.01350	0.00863	0.00245	0.00476	0.01169	0.00875	0.00952
107	0.03479	0.01320	0.01799	0.01380	0.01979	0.01140	0.01140	0.03779	0.02219	0.68451	0.03059	0.02639	0.01919	0.00960	0.00780	0.00240	0.00660	0.00780	0.00960	0.01320
108	0.03479	0.01320	0.01799	0.01380	0.01979	0.01140	0.01140	0.03779	0.02219	0.68451	0.03059	0.02639	0.01919	0.00960	0.00780	0.00240	0.00660	0.00780	0.00960	0.01320
109	0.68689	0.01477	0.01224	0.01066	0.01561	0.01663	0.00878	0.02471	0.01434	0.11770	0.01332	0.01436	0.00977	0.00750	0.00518	0.00240	0.00607	0.00466	0.00541	0.00901
110	0.00945	0.00675	0.00900	0.01080	0.01125	0.00630	0.00720	0.01080	0.01484	0.01979	0.04274	0.72245	0.05128	0.02429	0.00990	0.00315	0.00450	0.02204	0.00720	0.00630
111	0.00916	0.00785	0.00785	0.00785	0.01047	0.00655	0.00589	0.01113	0.01767	0.02095	0.07855	0.07462	0.67599	0.01964	0.00916	0.00262	0.00393	0.01636	0.00720	0.00655
112	0.01608	0.01378	0.01608	0.01148	0.01837	0.01034	0.00919	0.01952	0.01608	0.02527	0.01378	0.01608	0.01148	0.00574	0.00574	0.00115	0.00574	0.00459	0.00459	0.77491
113	0.01608	0.01378	0.01608	0.01148	0.01837	0.01034	0.00919	0.01952	0.01608	0.02527	0.01378	0.01608	0.01148	0.00574	0.00574	0.00115	0.00574	0.00459	0.00459	0.77491
114	0.02063	0.01674	0.01960	0.01453	0.02113	0.01550	0.03571	0.22581	0.04997	0.03319	0.01616	0.01762	0.01256	0.00713	0.00661	0.00165	0.00694	0.00572	0.00573	0.46703
115	0.04801	0.01189	0.01417	0.01226	0.01570	0.03901	0.02985	0.04318	0.04924	0.12525	0.22637	0.06653	0.11880	0.01706	0.05956	0.03390	0.00682	0.01087	0.00711	0.06442
116	0.06410	0.01929	0.02159	0.08520	0.02555	0.02119	0.01440	0.47801	0.03113	0.07273	0.04668	0.02049	0.01548	0.00921	0.00759	0.00232	0.00817	0.00708	0.00717	0.04262
117	0.02033	0.01795	0.04987	0.07534	0.04899	0.01923	0.01446	0.10062	0.46888	0.05590	0.02726	0.02614	0.02025	0.00985	0.00783	0.00257	0.00711	0.00818	0.00720	0.01206

[dist]
# distance from previous block
# <min> <max>
0	13

# created by:
# /st0/software/busco_prod/Augustus/scripts/msa2prfl.pl ./align_prep/127626.fa
