[name]
unknown

[dist]
# distance from previous block
# <min> <max>
0	36

[block]
# block no. 0 follows, 22 sequences, length 7
# corresponding to MSA columns:
# 36-42
name=unknown_A
#
# <colnr> <probs for GDERKNQSTAVLIFYWHMCP>
#	G	D	E	R	K	N	Q	S	T	A	V	L	I	F	Y	W	H	M	C	P
0	0.02551	0.01564	0.01897	0.01658	0.02126	0.01611	0.01400	0.24683	0.02750	0.18027	0.03261	0.05172	0.02924	0.01530	0.00960	0.00305	0.00806	0.24775	0.00849	0.01151
1	0.02890	0.06054	0.22569	0.01839	0.02675	0.01809	0.01884	0.14760	0.02438	0.31187	0.02360	0.02253	0.01566	0.00931	0.00805	0.00253	0.00920	0.00729	0.00742	0.01337
2	0.01736	0.11522	0.12826	0.01526	0.02290	0.01554	0.04101	0.02206	0.01798	0.02653	0.07987	0.02158	0.01859	0.00772	0.00686	0.00175	0.00766	0.00631	0.00490	0.42265
3	0.02860	0.01956	0.01898	0.01528	0.02102	0.16263	0.01210	0.03175	0.02212	0.30312	0.08288	0.02581	0.02184	0.00954	0.00777	0.00215	0.00835	0.00748	0.00752	0.19151
4	0.02779	0.01748	0.01995	0.01643	0.02197	0.01859	0.01320	0.17488	0.28363	0.23077	0.06150	0.02921	0.02400	0.01096	0.00846	0.00266	0.00718	0.00892	0.00902	0.01341
5	0.03116	0.03587	0.02386	0.02088	0.02570	0.52667	0.01599	0.16897	0.02708	0.02764	0.01446	0.01611	0.01148	0.00888	0.00768	0.00222	0.01365	0.00584	0.00520	0.01066
6	0.02148	0.01701	0.02158	0.01644	0.02314	0.01582	0.07012	0.09089	0.16260	0.08751	0.02143	0.02212	0.01623	0.00816	0.00744	0.00199	0.00738	0.00697	0.00648	0.37519

[dist]
# distance from previous block
# <min> <max>
0	8

[block]
# block no. 1 follows, 22 sequences, length 115
# corresponding to MSA columns:
# 55-169
name=unknown_B
#
# <colnr> <probs for GDERKNQSTAVLIFYWHMCP>
#	G	D	E	R	K	N	Q	S	T	A	V	L	I	F	Y	W	H	M	C	P
0	0.03550	0.04836	0.02036	0.01463	0.02113	0.01316	0.01219	0.03871	0.02310	0.59782	0.03081	0.02697	0.01965	0.00991	0.00809	0.00246	0.00711	0.00799	0.00968	0.05235
1	0.03628	0.01392	0.01896	0.01461	0.02086	0.01204	0.01204	0.03952	0.02377	0.63752	0.05686	0.02959	0.02281	0.01054	0.00841	0.00257	0.00695	0.00861	0.01024	0.01389
2	0.02066	0.01785	0.01878	0.01691	0.02160	0.02066	0.01315	0.04414	0.64121	0.03475	0.03381	0.03099	0.02536	0.01127	0.00845	0.00282	0.00657	0.00939	0.00845	0.01315
3	0.03140	0.02259	0.02440	0.01881	0.02536	0.02488	0.01550	0.57514	0.06355	0.08156	0.02116	0.02082	0.01491	0.01004	0.00832	0.00251	0.00893	0.00760	0.00841	0.01409
4	0.01195	0.00817	0.00952	0.00952	0.00983	0.00827	0.00571	0.01239	0.01256	0.01678	0.02856	0.05314	0.05958	0.60075	0.11291	0.00840	0.00949	0.01198	0.00510	0.00540
5	0.01723	0.01477	0.01723	0.01230	0.01969	0.01107	0.00984	0.02092	0.01723	0.02707	0.01477	0.01723	0.01230	0.00615	0.00615	0.00123	0.00615	0.00492	0.00492	0.75883
6	0.10182	0.01602	0.04999	0.01498	0.02120	0.01410	0.01279	0.03790	0.10226	0.46958	0.05119	0.02786	0.02158	0.01028	0.00809	0.00261	0.00709	0.00824	0.00919	0.01322
7	0.02196	0.01502	0.01799	0.01312	0.02027	0.01197	0.01059	0.05225	0.01955	0.15772	0.01867	0.01960	0.01407	0.00717	0.00670	0.00156	0.00647	0.00574	0.00617	0.57341
8	0.02010	0.04825	0.01894	0.01586	0.02036	0.04345	0.01246	0.06979	0.45506	0.03352	0.09472	0.03540	0.07191	0.01214	0.00850	0.00271	0.00671	0.01003	0.00809	0.01202
9	0.00996	0.00837	0.00865	0.00869	0.01134	0.00706	0.00648	0.01217	0.01912	0.02314	0.12160	0.10545	0.58762	0.02097	0.00985	0.00282	0.00421	0.01762	0.00781	0.00706
10	0.03111	0.02304	0.02467	0.01902	0.02558	0.02554	0.01568	0.60352	0.06482	0.05160	0.02054	0.02042	0.01461	0.01003	0.00832	0.00251	0.00903	0.00756	0.00832	0.01409
11	0.01012	0.00723	0.00964	0.01157	0.01205	0.00675	0.00771	0.01157	0.01591	0.02121	0.04579	0.70262	0.05495	0.02603	0.01060	0.00337	0.00482	0.02362	0.00771	0.00675
12	0.01723	0.01477	0.01723	0.01230	0.01969	0.01107	0.00984	0.02092	0.01723	0.02707	0.01477	0.01723	0.01230	0.00615	0.00615	0.00123	0.00615	0.00492	0.00492	0.75883
13	0.01117	0.00837	0.01049	0.01179	0.01290	0.00812	0.00813	0.01485	0.07496	0.02318	0.07868	0.56381	0.09457	0.02384	0.01031	0.00324	0.00490	0.02142	0.00786	0.00742
14	0.76672	0.01607	0.01221	0.01092	0.01607	0.01864	0.00900	0.02442	0.01414	0.03727	0.01157	0.01350	0.00900	0.00771	0.00514	0.00257	0.00643	0.00450	0.00514	0.00900
15	0.01128	0.00840	0.01075	0.01157	0.01306	0.00746	0.00791	0.01300	0.01593	0.02186	0.04026	0.57085	0.04744	0.05331	0.01134	0.00326	0.00516	0.02030	0.00717	0.11969
16	0.12517	0.23754	0.35693	0.01960	0.02914	0.02332	0.05194	0.02563	0.01696	0.02587	0.01353	0.01595	0.01045	0.00759	0.00683	0.00238	0.01052	0.00558	0.00379	0.01128
17	0.01135	0.00848	0.01054	0.01003	0.01216	0.00767	0.00752	0.01489	0.02256	0.03104	0.53329	0.06579	0.19835	0.01783	0.00980	0.00265	0.00398	0.01555	0.00885	0.00767
18	0.01010	0.00729	0.00957	0.01140	0.01200	0.00676	0.00764	0.01159	0.01607	0.02127	0.04789	0.66858	0.08764	0.02575	0.01056	0.00334	0.00479	0.02328	0.00771	0.00676
19	0.01569	0.01477	0.02492	0.68808	0.05722	0.01846	0.02307	0.02123	0.01661	0.02123	0.01477	0.02215	0.01107	0.00831	0.00831	0.00277	0.01107	0.00738	0.00369	0.00923
20	0.02066	0.01785	0.01878	0.01691	0.02160	0.02066	0.01315	0.04414	0.64121	0.03475	0.03381	0.03099	0.02536	0.01127	0.00845	0.00282	0.00657	0.00939	0.00845	0.01315
21	0.01187	0.00890	0.01335	0.01335	0.01483	0.01038	0.01038	0.01483	0.01335	0.01928	0.02225	0.03264	0.02077	0.06231	0.67512	0.01335	0.02225	0.00890	0.00445	0.00742
22	0.03109	0.02303	0.02465	0.01901	0.02558	0.02553	0.01567	0.60223	0.06615	0.05156	0.02057	0.02044	0.01463	0.01003	0.00832	0.00251	0.00903	0.00757	0.00832	0.01408
23	0.76672	0.01607	0.01221	0.01092	0.01607	0.01864	0.00900	0.02442	0.01414	0.03727	0.01157	0.01350	0.00900	0.00771	0.00514	0.00257	0.00643	0.00450	0.00514	0.00900
24	0.03239	0.01306	0.01771	0.01395	0.01952	0.01137	0.01137	0.03574	0.02373	0.54165	0.15126	0.03474	0.03163	0.01156	0.00863	0.00258	0.00647	0.00963	0.01006	0.01293
25	0.01012	0.00723	0.00964	0.01157	0.01205	0.00675	0.00771	0.01157	0.01591	0.02121	0.04579	0.70262	0.05495	0.02603	0.01060	0.00337	0.00482	0.02362	0.00771	0.00675
26	0.01203	0.00869	0.01011	0.00970	0.01225	0.00760	0.00729	0.01490	0.02090	0.05987	0.30822	0.09671	0.36346	0.01906	0.00977	0.00274	0.00427	0.01631	0.00842	0.00770
27	0.01668	0.00957	0.00997	0.00945	0.01186	0.00987	0.00719	0.06954	0.05374	0.03258	0.05391	0.06120	0.02482	0.01082	0.00654	0.00212	0.00449	0.00882	0.58831	0.00852
28	0.01046	0.00747	0.01003	0.01195	0.01258	0.00704	0.00830	0.01215	0.01624	0.02159	0.04560	0.63954	0.05421	0.02571	0.01069	0.00342	0.00511	0.08336	0.00771	0.00684
29	0.01666	0.04297	0.66500	0.02368	0.03596	0.01929	0.03069	0.02631	0.01754	0.02631	0.01491	0.01754	0.01052	0.00789	0.00789	0.00263	0.01228	0.00614	0.00351	0.01228
30	0.00983	0.00835	0.00848	0.00859	0.01127	0.00700	0.00639	0.01190	0.01877	0.02237	0.08206	0.11392	0.62023	0.02131	0.00986	0.00284	0.00424	0.01786	0.00771	0.00700
31	0.01072	0.00787	0.00991	0.01058	0.01189	0.00722	0.00740	0.01301	0.01870	0.02514	0.25139	0.36051	0.15405	0.05756	0.01185	0.00328	0.00459	0.01923	0.00805	0.00706
32	0.01197	0.00801	0.00909	0.00920	0.00923	0.00798	0.00518	0.01205	0.01229	0.01639	0.02726	0.09009	0.03157	0.67046	0.04054	0.00780	0.00788	0.01272	0.00518	0.00513
33	0.76672	0.01607	0.01221	0.01092	0.01607	0.01864	0.00900	0.02442	0.01414	0.03727	0.01157	0.01350	0.00900	0.00771	0.00514	0.00257	0.00643	0.00450	0.00514	0.00900
34	0.70684	0.01568	0.01237	0.01098	0.01607	0.01795	0.00903	0.02496	0.01469	0.06515	0.01308	0.01479	0.00996	0.00790	0.00531	0.00255	0.00636	0.00479	0.03236	0.00918
35	0.01012	0.00723	0.00964	0.01157	0.01205	0.00675	0.00771	0.01157	0.01591	0.02121	0.04579	0.70262	0.05495	0.02603	0.01060	0.00337	0.00482	0.02362	0.00771	0.00675
36	0.01176	0.00849	0.01110	0.01045	0.01241	0.00784	0.00784	0.01568	0.02352	0.03331	0.65184	0.06206	0.07839	0.01698	0.00980	0.00261	0.00392	0.01502	0.00914	0.00784
37	0.01443	0.00722	0.01082	0.01082	0.01082	0.00722	0.00722	0.01082	0.01082	0.01443	0.01443	0.02525	0.01443	0.02886	0.03247	0.75830	0.00722	0.00722	0.00361	0.00361
38	0.00991	0.00842	0.00855	0.00852	0.01128	0.00705	0.00639	0.01211	0.01916	0.02298	0.11243	0.07906	0.62424	0.02084	0.00982	0.00280	0.00419	0.01741	0.00779	0.00705
39	0.01012	0.00723	0.00964	0.01157	0.01205	0.00675	0.00771	0.01157	0.01591	0.02121	0.04579	0.70262	0.05495	0.02603	0.01060	0.00337	0.00482	0.02362	0.00771	0.00675
40	0.01176	0.00849	0.01110	0.01045	0.01241	0.00784	0.00784	0.01568	0.02352	0.03331	0.65184	0.06206	0.07839	0.01698	0.00980	0.00261	0.00392	0.01502	0.00914	0.00784
41	0.03727	0.01414	0.01928	0.01478	0.02121	0.01221	0.01221	0.04049	0.02378	0.66198	0.03277	0.02828	0.02056	0.01028	0.00835	0.00257	0.00707	0.00835	0.01028	0.01414
42	0.03158	0.02327	0.02493	0.01911	0.02576	0.02576	0.01579	0.62852	0.03906	0.05236	0.01995	0.01995	0.01413	0.00997	0.00831	0.00249	0.00914	0.00748	0.00831	0.01413
43	0.03187	0.02280	0.02464	0.01889	0.02553	0.02506	0.01560	0.59808	0.03827	0.08391	0.02061	0.02038	0.01446	0.00999	0.00831	0.00250	0.00903	0.00752	0.00841	0.01413
44	0.03034	0.03847	0.02360	0.05157	0.02711	0.64500	0.01637	0.03263	0.02323	0.02037	0.01293	0.01531	0.01072	0.00855	0.00753	0.00217	0.01480	0.00544	0.00425	0.00961
45	0.01154	0.00840	0.01086	0.01042	0.01232	0.00772	0.00775	0.01519	0.02274	0.03189	0.57906	0.10715	0.10818	0.01783	0.00985	0.00268	0.00400	0.01575	0.00897	0.00772
46	0.01723	0.01477	0.01723	0.01230	0.01969	0.01107	0.00984	0.02092	0.01723	0.02707	0.01477	0.01723	0.01230	0.00615	0.00615	0.00123	0.00615	0.00492	0.00492	0.75883
47	0.01176	0.00849	0.01110	0.01045	0.01241	0.00784	0.00784	0.01568	0.02352	0.03331	0.65184	0.06206	0.07839	0.01698	0.00980	0.00261	0.00392	0.01502	0.00914	0.00784
48	0.01723	0.01477	0.01723	0.01230	0.01969	0.01107	0.00984	0.02092	0.01723	0.02707	0.01477	0.01723	0.01230	0.00615	0.00615	0.00123	0.00615	0.00492	0.00492	0.75883
49	0.01012	0.00723	0.00964	0.01157	0.01205	0.00675	0.00771	0.01157	0.01591	0.02121	0.04579	0.70262	0.05495	0.02603	0.01060	0.00337	0.00482	0.02362	0.00771	0.00675
50	0.01012	0.00723	0.00964	0.01157	0.01205	0.00675	0.00771	0.01157	0.01591	0.02121	0.04579	0.70262	0.05495	0.02603	0.01060	0.00337	0.00482	0.02362	0.00771	0.00675
51	0.01961	0.02241	0.04902	0.03501	0.04342	0.02101	0.62605	0.02661	0.01961	0.02661	0.01681	0.02241	0.01261	0.00700	0.00980	0.00280	0.01401	0.00980	0.00420	0.01120
52	0.76672	0.01607	0.01221	0.01092	0.01607	0.01864	0.00900	0.02442	0.01414	0.03727	0.01157	0.01350	0.00900	0.00771	0.00514	0.00257	0.00643	0.00450	0.00514	0.00900
53	0.01443	0.00722	0.01082	0.01082	0.01082	0.00722	0.00722	0.01082	0.01082	0.01443	0.01443	0.02525	0.01443	0.02886	0.03247	0.75830	0.00722	0.00722	0.00361	0.00361
54	0.01176	0.00849	0.01110	0.01045	0.01241	0.00784	0.00784	0.01568	0.02352	0.03331	0.65184	0.06206	0.07839	0.01698	0.00980	0.00261	0.00392	0.01502	0.00914	0.00784
55	0.01316	0.00940	0.01313	0.01504	0.01686	0.00937	0.01300	0.01682	0.01890	0.02461	0.04411	0.13564	0.04830	0.02316	0.01141	0.00379	0.00745	0.56059	0.00765	0.00759
56	0.01208	0.00805	0.00906	0.00906	0.00906	0.00805	0.00503	0.01208	0.01208	0.01611	0.02618	0.05436	0.03020	0.70804	0.04228	0.00805	0.00805	0.01208	0.00503	0.00503
57	0.01176	0.00849	0.01110	0.01045	0.01241	0.00784	0.00784	0.01568	0.02352	0.03331	0.65184	0.06206	0.07839	0.01698	0.00980	0.00261	0.00392	0.01502	0.00914	0.00784
58	0.03189	0.02277	0.02462	0.01888	0.02551	0.02502	0.01559	0.59644	0.03823	0.08562	0.02065	0.02040	0.01448	0.00999	0.00831	0.00250	0.00903	0.00753	0.00842	0.01413
59	0.01141	0.00837	0.01069	0.01034	0.01225	0.00766	0.00767	0.01492	0.02236	0.03111	0.53886	0.12065	0.13633	0.01821	0.00987	0.00270	0.00403	0.01605	0.00887	0.00766
60	0.02102	0.01774	0.01869	0.01654	0.02131	0.02024	0.01294	0.10087	0.53762	0.03568	0.03588	0.03325	0.06744	0.01181	0.00853	0.00278	0.00667	0.00976	0.00839	0.01283
61	0.02195	0.01471	0.01727	0.01585	0.02003	0.01570	0.01277	0.06120	0.30605	0.15394	0.03619	0.09087	0.03120	0.01476	0.00928	0.00303	0.00692	0.14807	0.00856	0.01166
62	0.01208	0.00805	0.00906	0.00906	0.00906	0.00805	0.00503	0.01208	0.01208	0.01611	0.02618	0.05436	0.03020	0.70804	0.04228	0.00805	0.00805	0.01208	0.00503	0.00503
63	0.01275	0.00858	0.00982	0.00967	0.01050	0.00858	0.00615	0.01514	0.04732	0.02198	0.14298	0.07549	0.03882	0.44690	0.02958	0.00597	0.00666	0.01245	0.08434	0.00632
64	0.01206	0.00762	0.00891	0.00976	0.01068	0.00733	0.00652	0.01392	0.01568	0.02297	0.03833	0.33738	0.07263	0.16768	0.01600	0.00394	0.00521	0.01627	0.22044	0.00668
65	0.03158	0.02327	0.02493	0.01911	0.02576	0.02576	0.01579	0.62852	0.03906	0.05236	0.01995	0.01995	0.01413	0.00997	0.00831	0.00249	0.00914	0.00748	0.00831	0.01413
66	0.02748	0.02042	0.02197	0.01772	0.02340	0.02268	0.01426	0.39386	0.21807	0.07125	0.02501	0.02550	0.01866	0.04846	0.01021	0.00290	0.00822	0.00834	0.00826	0.01334
67	0.03017	0.01370	0.01764	0.01416	0.01934	0.01273	0.01132	0.06729	0.07483	0.44117	0.11356	0.03463	0.02904	0.06777	0.01130	0.00304	0.00680	0.00958	0.00945	0.01248
68	0.01188	0.00884	0.01306	0.01306	0.01444	0.01022	0.01002	0.01464	0.01326	0.01907	0.02252	0.03413	0.02142	0.10677	0.63154	0.01299	0.02127	0.00912	0.00449	0.00725
69	0.01012	0.00723	0.00964	0.01157	0.01205	0.00675	0.00771	0.01157	0.01591	0.02121	0.04579	0.70262	0.05495	0.02603	0.01060	0.00337	0.00482	0.02362	0.00771	0.00675
70	0.02354	0.01285	0.01586	0.01410	0.01805	0.01272	0.01081	0.03170	0.18877	0.27082	0.06421	0.20773	0.03384	0.04211	0.01035	0.00306	0.00624	0.01307	0.00886	0.01130
71	0.01047	0.00749	0.01000	0.01166	0.01237	0.00702	0.00804	0.01230	0.01687	0.02266	0.10830	0.60289	0.05697	0.02492	0.01057	0.00332	0.00488	0.05451	0.00786	0.00691
72	0.01119	0.00768	0.00932	0.01019	0.01041	0.00746	0.00625	0.01185	0.01381	0.01841	0.03505	0.34765	0.04140	0.39948	0.02795	0.00594	0.00659	0.01730	0.00625	0.00581
73	0.01019	0.00793	0.00926	0.00998	0.01171	0.00701	0.00708	0.01224	0.01825	0.02329	0.13907	0.33675	0.33240	0.02261	0.01014	0.00302	0.00443	0.01975	0.00789	0.00701
74	0.01624	0.01318	0.01482	0.01454	0.01738	0.01448	0.01076	0.05081	0.33263	0.02920	0.03878	0.33815	0.03849	0.01798	0.00943	0.00306	0.00587	0.01584	0.00811	0.01025
75	0.76672	0.01607	0.01221	0.01092	0.01607	0.01864	0.00900	0.02442	0.01414	0.03727	0.01157	0.01350	0.00900	0.00771	0.00514	0.00257	0.00643	0.00450	0.00514	0.00900
76	0.01052	0.00746	0.00981	0.01133	0.01182	0.00718	0.00752	0.01187	0.01519	0.02035	0.04139	0.56457	0.04908	0.12522	0.06086	0.00472	0.00648	0.02097	0.00711	0.00655
77	0.03173	0.01291	0.01750	0.01384	0.01929	0.01126	0.01126	0.03509	0.02372	0.52529	0.16737	0.03562	0.03314	0.01174	0.00867	0.00258	0.00638	0.00980	0.01003	0.01277
78	0.02312	0.64485	0.04161	0.01481	0.02176	0.06153	0.01438	0.05826	0.01839	0.02137	0.01207	0.01376	0.01085	0.00733	0.00559	0.00183	0.00917	0.00465	0.00385	0.01080
79	0.01646	0.01556	0.02632	0.58671	0.15252	0.01866	0.02346	0.02190	0.01698	0.02217	0.01490	0.02190	0.01141	0.00816	0.00829	0.00272	0.01088	0.00739	0.00376	0.00985
80	0.00993	0.00842	0.00856	0.00853	0.01129	0.00706	0.00640	0.01213	0.01919	0.02304	0.11544	0.07896	0.62119	0.02082	0.00982	0.00279	0.00419	0.01739	0.00779	0.00706
81	0.03001	0.07350	0.02466	0.02105	0.02528	0.61265	0.01605	0.03216	0.02272	0.02028	0.01269	0.01504	0.01071	0.00875	0.00826	0.00219	0.04475	0.00539	0.00421	0.00966
82	0.02000	0.01643	0.01759	0.01595	0.02041	0.01853	0.01248	0.03974	0.52905	0.05906	0.03896	0.03832	0.08517	0.01268	0.00871	0.00285	0.00642	0.03685	0.00842	0.01236
83	0.02304	0.64961	0.04165	0.01489	0.02173	0.09333	0.01439	0.02566	0.01751	0.01962	0.01167	0.01348	0.01066	0.00724	0.00553	0.00181	0.00946	0.00453	0.00362	0.01056
84	0.01443	0.00722	0.01082	0.01082	0.01082	0.00722	0.00722	0.01082	0.01082	0.01443	0.01443	0.02525	0.01443	0.02886	0.03247	0.75830	0.00722	0.00722	0.00361	0.00361
85	0.03103	0.03959	0.02354	0.02140	0.02568	0.67469	0.01605	0.03317	0.02354	0.02033	0.01284	0.01498	0.01070	0.00856	0.00749	0.00214	0.01498	0.00535	0.00428	0.00963
86	0.01241	0.00994	0.04525	0.00998	0.01087	0.00858	0.00675	0.01340	0.01337	0.01850	0.05434	0.08324	0.03199	0.56719	0.03540	0.00695	0.00772	0.01221	0.04613	0.00579
87	0.01134	0.00827	0.01087	0.01259	0.01358	0.00806	0.00911	0.01446	0.05099	0.02266	0.04478	0.54746	0.05193	0.02462	0.01065	0.00343	0.00547	0.13473	0.00774	0.00728
88	0.02221	0.71304	0.04353	0.01421	0.02132	0.03287	0.01421	0.02488	0.01688	0.01955	0.01155	0.01333	0.01066	0.00711	0.00533	0.00178	0.00888	0.00444	0.00355	0.01066
89	0.01316	0.00892	0.01196	0.01206	0.01407	0.00841	0.00954	0.01682	0.02168	0.05696	0.40773	0.12315	0.06555	0.01909	0.01026	0.00301	0.00515	0.17584	0.00866	0.00797
90	0.01452	0.00950	0.01150	0.01147	0.01283	0.00950	0.00804	0.01784	0.06940	0.06553	0.08480	0.12487	0.03849	0.36454	0.02622	0.00562	0.00711	0.10430	0.00672	0.00718
91	0.01188	0.00886	0.01313	0.01313	0.01454	0.01026	0.01011	0.01469	0.01329	0.01912	0.02245	0.03376	0.02125	0.09559	0.64250	0.01308	0.02152	0.00906	0.00448	0.00729
92	0.01818	0.01818	0.02545	0.02181	0.02181	0.02545	0.01818	0.01999	0.01272	0.01999	0.01091	0.01818	0.01091	0.01454	0.02726	0.00364	0.69284	0.00727	0.00364	0.00909
93	0.01208	0.00805	0.00906	0.00906	0.00906	0.00805	0.00503	0.01208	0.01208	0.01611	0.02618	0.05436	0.03020	0.70804	0.04228	0.00805	0.00805	0.01208	0.00503	0.00503
94	0.06578	0.01042	0.01143	0.01121	0.01397	0.01030	0.00846	0.01986	0.10766	0.06105	0.09511	0.16759	0.24738	0.04871	0.01068	0.00311	0.00528	0.04719	0.04640	0.00842
95	0.03727	0.01414	0.01928	0.01478	0.02121	0.01221	0.01221	0.04049	0.02378	0.66198	0.03277	0.02828	0.02056	0.01028	0.00835	0.00257	0.00707	0.00835	0.01028	0.01414
96	0.01041	0.00745	0.00990	0.01137	0.01211	0.00694	0.00773	0.01230	0.01725	0.02335	0.15314	0.58916	0.05910	0.02442	0.01046	0.00324	0.00466	0.02209	0.00797	0.00694
97	0.01012	0.00723	0.00964	0.01157	0.01205	0.00675	0.00771	0.01157	0.01591	0.02121	0.04579	0.70262	0.05495	0.02603	0.01060	0.00337	0.00482	0.02362	0.00771	0.00675
98	0.01212	0.00798	0.00903	0.00917	0.00930	0.00795	0.00526	0.01241	0.01261	0.01720	0.02757	0.09784	0.03146	0.62629	0.03828	0.00743	0.00762	0.01266	0.04253	0.00529
99	0.01187	0.00890	0.01335	0.01335	0.01483	0.01038	0.01038	0.01483	0.01335	0.01928	0.02225	0.03264	0.02077	0.06231	0.67512	0.01335	0.02225	0.00890	0.00445	0.00742
100	0.01208	0.00805	0.00906	0.00906	0.00906	0.00805	0.00503	0.01208	0.01208	0.01611	0.02618	0.05436	0.03020	0.70804	0.04228	0.00805	0.00805	0.01208	0.00503	0.00503
101	0.17739	0.01592	0.01852	0.01473	0.02078	0.01581	0.01209	0.10705	0.07855	0.41249	0.02722	0.02465	0.01797	0.00983	0.00773	0.00258	0.00714	0.00759	0.00888	0.01305
102	0.03727	0.01414	0.01928	0.01478	0.02121	0.01221	0.01221	0.04049	0.02378	0.66198	0.03277	0.02828	0.02056	0.01028	0.00835	0.00257	0.00707	0.00835	0.01028	0.01414
103	0.01299	0.00880	0.00991	0.00970	0.01007	0.00890	0.00572	0.04383	0.01366	0.01823	0.02682	0.08443	0.03059	0.63856	0.03898	0.00754	0.00795	0.01241	0.00533	0.00559
104	0.01216	0.00894	0.01145	0.01086	0.01289	0.00848	0.00812	0.01703	0.05684	0.03279	0.58794	0.09226	0.07432	0.01712	0.00976	0.00266	0.00411	0.01514	0.00904	0.00807
105	0.01012	0.00723	0.00964	0.01157	0.01205	0.00675	0.00771	0.01157	0.01591	0.02121	0.04579	0.70262	0.05495	0.02603	0.01060	0.00337	0.00482	0.02362	0.00771	0.00675
106	0.01666	0.04297	0.66500	0.02368	0.03596	0.01929	0.03069	0.02631	0.01754	0.02631	0.01491	0.01754	0.01052	0.00789	0.00789	0.00263	0.01228	0.00614	0.00351	0.01228
107	0.03548	0.01405	0.01891	0.01468	0.02085	0.01238	0.01206	0.03957	0.04965	0.60869	0.05939	0.02984	0.02325	0.01061	0.00842	0.00258	0.00691	0.00868	0.01016	0.01383
108	0.03727	0.01414	0.01928	0.01478	0.02121	0.01221	0.01221	0.04049	0.02378	0.66198	0.03277	0.02828	0.02056	0.01028	0.00835	0.00257	0.00707	0.00835	0.01028	0.01414
109	0.01928	0.01639	0.01759	0.01590	0.02018	0.01867	0.01232	0.03973	0.54533	0.03453	0.12974	0.03582	0.03359	0.01216	0.00866	0.00279	0.00616	0.01027	0.00856	0.01232
110	0.02066	0.01785	0.01878	0.01691	0.02160	0.02066	0.01315	0.04414	0.64121	0.03475	0.03381	0.03099	0.02536	0.01127	0.00845	0.00282	0.00657	0.00939	0.00845	0.01315
111	0.03616	0.01592	0.02038	0.01562	0.02209	0.01485	0.01291	0.15499	0.02675	0.54327	0.03028	0.02665	0.01931	0.01022	0.00835	0.00256	0.00747	0.00818	0.00990	0.01414
112	0.07716	0.01424	0.01889	0.01457	0.02093	0.01256	0.01203	0.03961	0.02325	0.62782	0.03161	0.02747	0.01993	0.01014	0.00818	0.00257	0.00703	0.00814	0.01000	0.01386
113	0.07605	0.02546	0.02048	0.07895	0.02494	0.30874	0.01463	0.05898	0.05500	0.05926	0.04370	0.02168	0.01614	0.01533	0.07016	0.04108	0.04772	0.00690	0.00521	0.00962
114	0.46997	0.01612	0.01599	0.07575	0.04836	0.01804	0.01179	0.06692	0.04863	0.06620	0.05017	0.01946	0.01506	0.00866	0.00640	0.00254	0.00708	0.00612	0.00581	0.04093

[dist]
# distance from previous block
# <min> <max>
0	13

[block]
# block no. 2 follows, 22 sequences, length 51
# corresponding to MSA columns:
# 183-233
name=unknown_C
#
# <colnr> <probs for GDERKNQSTAVLIFYWHMCP>
#	G	D	E	R	K	N	Q	S	T	A	V	L	I	F	Y	W	H	M	C	P
0	0.13207	0.05993	0.02197	0.01878	0.05776	0.09943	0.05574	0.09391	0.17184	0.05466	0.02671	0.09780	0.05174	0.01155	0.00803	0.00263	0.00841	0.00950	0.00656	0.01097
1	0.01827	0.01664	0.01603	0.01459	0.01806	0.10684	0.01109	0.05657	0.21145	0.03132	0.24986	0.10599	0.04389	0.01408	0.00889	0.00261	0.00675	0.01193	0.00785	0.04728
2	0.05504	0.01224	0.01363	0.01350	0.01630	0.04055	0.01035	0.02390	0.12047	0.11481	0.03879	0.27614	0.05976	0.01804	0.00933	0.00303	0.00630	0.10331	0.05524	0.00928
3	0.04845	0.00874	0.00939	0.00933	0.01125	0.00916	0.00720	0.01898	0.01739	0.03005	0.05764	0.06268	0.02607	0.01169	0.00756	0.00226	0.03737	0.04616	0.57083	0.00782
4	0.01185	0.00921	0.01008	0.00995	0.01246	0.00860	0.00741	0.01659	0.08246	0.02657	0.18699	0.12868	0.35532	0.01869	0.00940	0.00275	0.00442	0.01592	0.07482	0.00784
5	0.05800	0.01663	0.01983	0.01697	0.02133	0.01842	0.04255	0.12243	0.27444	0.09773	0.05515	0.11857	0.02693	0.01304	0.00998	0.00285	0.05476	0.01078	0.00784	0.01174
6	0.01821	0.01582	0.01954	0.07746	0.08051	0.08331	0.03818	0.05128	0.07450	0.05668	0.05447	0.05946	0.05431	0.02733	0.20755	0.00590	0.01303	0.04698	0.00584	0.00963
7	0.01898	0.01774	0.01803	0.01359	0.02047	0.08644	0.01073	0.02362	0.05341	0.02675	0.01563	0.01776	0.01287	0.00671	0.00643	0.00142	0.00717	0.00522	0.00505	0.63196
8	0.02330	0.02025	0.06193	0.27019	0.03778	0.06081	0.05313	0.18573	0.02371	0.09347	0.01792	0.02145	0.01306	0.00978	0.00941	0.03888	0.01030	0.00735	0.00567	0.03588
9	0.48659	0.01783	0.01998	0.05034	0.06302	0.01985	0.07988	0.09445	0.04281	0.03629	0.01440	0.01678	0.01099	0.00804	0.00650	0.00260	0.00803	0.00594	0.00539	0.01027
10	0.02931	0.03635	0.02386	0.02261	0.05603	0.57421	0.01645	0.03279	0.05791	0.02147	0.01408	0.01632	0.01166	0.00895	0.00854	0.00227	0.04698	0.00577	0.00448	0.00998
11	0.01002	0.00842	0.00869	0.00863	0.01134	0.00710	0.00647	0.01231	0.01941	0.02357	0.14281	0.07810	0.59350	0.02062	0.00982	0.00279	0.00418	0.01727	0.00786	0.00710
12	0.01117	0.00804	0.00924	0.00952	0.01047	0.00756	0.00612	0.01235	0.01561	0.02039	0.11273	0.17756	0.18277	0.35098	0.02553	0.00540	0.00613	0.01573	0.00659	0.00611
13	0.02197	0.01696	0.01844	0.01634	0.02108	0.01909	0.01277	0.04226	0.54283	0.10175	0.06608	0.03233	0.02762	0.01146	0.00851	0.00278	0.00649	0.00958	0.00868	0.01298
14	0.01317	0.01038	0.01147	0.01118	0.01279	0.04075	0.00801	0.01644	0.04743	0.02487	0.26157	0.05800	0.10037	0.24190	0.05888	0.00508	0.00727	0.05623	0.00705	0.00716
15	0.01063	0.00759	0.01023	0.01215	0.01286	0.00719	0.00860	0.01245	0.01641	0.02178	0.04551	0.60736	0.05383	0.02555	0.01074	0.00344	0.00526	0.11384	0.00770	0.00689
16	0.02550	0.28447	0.03043	0.01698	0.02313	0.08992	0.01462	0.20976	0.16623	0.03285	0.01924	0.01948	0.01504	0.00905	0.00714	0.00226	0.00902	0.00656	0.00615	0.01216
17	0.13523	0.11315	0.05644	0.01448	0.01906	0.08198	0.01229	0.09873	0.01902	0.02757	0.04547	0.02582	0.01833	0.10500	0.14154	0.00511	0.01144	0.00733	0.00517	0.05683
18	0.01956	0.02097	0.02783	0.36453	0.06572	0.15214	0.11507	0.02514	0.04167	0.02249	0.01586	0.02160	0.01239	0.01130	0.04629	0.00324	0.01275	0.00751	0.00413	0.00980
19	0.01953	0.02313	0.07372	0.03531	0.07255	0.02088	0.57261	0.02654	0.01949	0.02662	0.01667	0.02212	0.01255	0.00706	0.00965	0.00278	0.01374	0.00954	0.00417	0.01134
20	0.01216	0.00925	0.01359	0.01343	0.01474	0.01089	0.01036	0.01487	0.01323	0.01910	0.02202	0.03351	0.02099	0.10510	0.60232	0.01255	0.05105	0.00905	0.00445	0.00733
21	0.03056	0.02852	0.02445	0.05496	0.02738	0.25183	0.01626	0.38896	0.03247	0.03955	0.01719	0.01833	0.01277	0.00939	0.00802	0.00238	0.01128	0.00673	0.00666	0.01230
22	0.01003	0.00842	0.00871	0.00864	0.01135	0.00710	0.00648	0.01233	0.01944	0.02363	0.14617	0.07799	0.59010	0.02060	0.00982	0.00278	0.00418	0.01726	0.00787	0.00710
23	0.03103	0.03959	0.02354	0.02140	0.02568	0.67469	0.01605	0.03317	0.02354	0.02033	0.01284	0.01498	0.01070	0.00856	0.00749	0.00214	0.01498	0.00535	0.00428	0.00963
24	0.01284	0.00872	0.01129	0.01057	0.01276	0.00797	0.00795	0.01652	0.02298	0.06323	0.56484	0.08314	0.11117	0.01722	0.00976	0.00265	0.00412	0.01514	0.00906	0.00806
25	0.03070	0.01268	0.01717	0.01366	0.01894	0.01108	0.01108	0.03409	0.02371	0.49996	0.19231	0.03698	0.03547	0.01201	0.00873	0.00258	0.00626	0.01007	0.00999	0.01251
26	0.03727	0.01414	0.01928	0.01478	0.02121	0.01221	0.01221	0.04049	0.02378	0.66198	0.03277	0.02828	0.02056	0.01028	0.00835	0.00257	0.00707	0.00835	0.01028	0.01414
27	0.02066	0.01785	0.01878	0.01691	0.02160	0.02066	0.01315	0.04414	0.64121	0.03475	0.03381	0.03099	0.02536	0.01127	0.00845	0.00282	0.00657	0.00939	0.00845	0.01315
28	0.01017	0.00843	0.00890	0.00878	0.01144	0.00716	0.00659	0.01260	0.01977	0.02441	0.18706	0.07671	0.54872	0.02030	0.00981	0.00277	0.00416	0.01708	0.00797	0.00716
29	0.01208	0.00805	0.00906	0.00906	0.00906	0.00805	0.00503	0.01208	0.01208	0.01611	0.02618	0.05436	0.03020	0.70804	0.04228	0.00805	0.00805	0.01208	0.00503	0.00503
30	0.03633	0.01474	0.01954	0.01508	0.02145	0.01321	0.01242	0.06964	0.04895	0.60710	0.03218	0.02797	0.02044	0.01031	0.00836	0.00258	0.00715	0.00835	0.01011	0.01410
31	0.01208	0.00805	0.00906	0.00906	0.00906	0.00805	0.00503	0.01208	0.01208	0.01611	0.02618	0.05436	0.03020	0.70804	0.04228	0.00805	0.00805	0.01208	0.00503	0.00503
32	0.01261	0.00862	0.01076	0.01037	0.01251	0.00778	0.00766	0.01567	0.02124	0.06470	0.40126	0.14542	0.18978	0.04086	0.01087	0.00292	0.00441	0.01617	0.00860	0.00780
33	0.01306	0.00913	0.01175	0.01090	0.01315	0.00859	0.00824	0.01787	0.05242	0.05524	0.60141	0.05943	0.07389	0.01648	0.00969	0.00262	0.00415	0.01453	0.00915	0.00831
34	0.02130	0.01816	0.01914	0.01703	0.02184	0.02096	0.01330	0.07812	0.60620	0.03578	0.03301	0.03035	0.02471	0.01120	0.00844	0.00280	0.00672	0.00928	0.00844	0.01321
35	0.01106	0.00819	0.01040	0.01153	0.01267	0.00784	0.00800	0.01437	0.05707	0.02426	0.15345	0.51159	0.09194	0.02322	0.01028	0.00317	0.00474	0.02086	0.00801	0.00736
36	0.01477	0.00775	0.00801	0.00812	0.00974	0.00772	0.00583	0.01805	0.01671	0.02866	0.02808	0.07278	0.02430	0.09277	0.01038	0.00274	0.00442	0.00918	0.62265	0.00737
37	0.01205	0.00884	0.01307	0.01307	0.01458	0.01025	0.01016	0.01506	0.01355	0.01987	0.02249	0.03255	0.02079	0.05969	0.64182	0.01278	0.02134	0.00884	0.04176	0.00743
38	0.56222	0.01616	0.01458	0.01231	0.01782	0.01778	0.01014	0.06982	0.01790	0.16966	0.01661	0.01705	0.01179	0.00841	0.00604	0.00257	0.00675	0.00552	0.00644	0.01043
39	0.04651	0.00809	0.00793	0.00787	0.00994	0.00819	0.00594	0.01957	0.01729	0.03123	0.02646	0.03025	0.02079	0.00960	0.00578	0.00196	0.00398	0.00761	0.72323	0.00779
40	0.03158	0.02327	0.02493	0.01911	0.02576	0.02576	0.01579	0.62852	0.03906	0.05236	0.01995	0.01995	0.01413	0.00997	0.00831	0.00249	0.00914	0.00748	0.00831	0.01413
41	0.01231	0.00879	0.01215	0.01407	0.01551	0.00863	0.01151	0.01535	0.01806	0.02365	0.04458	0.29487	0.05017	0.02397	0.01119	0.00368	0.00671	0.40979	0.00767	0.00735
42	0.01539	0.00907	0.01138	0.01071	0.01236	0.00857	0.00747	0.01739	0.01803	0.11029	0.24072	0.07914	0.04700	0.32024	0.02398	0.00508	0.00638	0.04202	0.00737	0.00741
43	0.01339	0.00956	0.01339	0.01530	0.01721	0.00956	0.01339	0.01721	0.01912	0.02486	0.04399	0.09371	0.04781	0.02295	0.01147	0.00382	0.00765	0.60031	0.00765	0.00765
44	0.71598	0.01593	0.01270	0.01119	0.01642	0.01819	0.00922	0.02554	0.01481	0.08073	0.01304	0.01452	0.00980	0.00789	0.00536	0.00257	0.00647	0.00477	0.00550	0.00935
45	0.01190	0.00803	0.00906	0.00915	0.00928	0.00795	0.00521	0.01205	0.01252	0.01658	0.02925	0.08564	0.05457	0.65053	0.03959	0.00764	0.00776	0.01282	0.00526	0.00519
46	0.01930	0.01845	0.03145	0.21555	0.50150	0.01941	0.02487	0.02439	0.01832	0.02561	0.01540	0.02097	0.01262	0.00764	0.00825	0.00255	0.01018	0.00740	0.00400	0.01214
47	0.01569	0.01477	0.02492	0.68808	0.05722	0.01846	0.02307	0.02123	0.01661	0.02123	0.01477	0.02215	0.01107	0.00831	0.00831	0.00277	0.01107	0.00738	0.00369	0.00923
48	0.01443	0.00722	0.01082	0.01082	0.01082	0.00722	0.00722	0.01082	0.01082	0.01443	0.01443	0.02525	0.01443	0.02886	0.03247	0.75830	0.00722	0.00722	0.00361	0.00361
49	0.01628	0.01564	0.02703	0.59645	0.05440	0.01880	0.08178	0.02270	0.04259	0.02231	0.01575	0.02254	0.01181	0.00830	0.00846	0.00277	0.01118	0.00770	0.00394	0.00958
50	0.01704	0.01508	0.02423	0.03441	0.37159	0.01495	0.01935	0.02137	0.01921	0.02638	0.06101	0.05055	0.07216	0.01388	0.00947	0.00294	0.00846	0.20148	0.00576	0.01068

[dist]
# distance from previous block
# <min> <max>
0	2

# created by:
# /st0/software/busco_prod/Augustus/scripts/msa2prfl.pl ./align_prep/127713.fa
