[name]
unknown

[dist]
# distance from previous block
# <min> <max>
0	52

[block]
# block no. 0 follows, 25 sequences, length 33
# corresponding to MSA columns:
# 59-91
name=unknown_A
#
# <colnr> <probs for GDERKNQSTAVLIFYWHMCP>
#	G	D	E	R	K	N	Q	S	T	A	V	L	I	F	Y	W	H	M	C	P
0	0.01262	0.00934	0.01375	0.01491	0.01690	0.00927	0.03889	0.01623	0.01775	0.02314	0.04006	0.10894	0.04351	0.02091	0.01061	0.00351	0.00729	0.57812	0.00701	0.00725
1	0.02022	0.02162	0.02725	0.08483	0.33574	0.16908	0.04833	0.02385	0.01767	0.02235	0.01625	0.02040	0.04111	0.00870	0.01015	0.00244	0.10868	0.00699	0.00394	0.01040
2	0.00952	0.00787	0.00835	0.00823	0.01069	0.00670	0.00617	0.01183	0.01852	0.02297	0.19730	0.07129	0.55598	0.01888	0.00916	0.00258	0.00387	0.01590	0.00747	0.00670
3	0.01108	0.00831	0.01246	0.01246	0.01385	0.00969	0.00969	0.01385	0.01246	0.01800	0.02077	0.03046	0.01938	0.05815	0.69678	0.01246	0.02077	0.00831	0.00415	0.00692
4	0.01128	0.00752	0.00846	0.00846	0.00846	0.00752	0.00470	0.01128	0.01128	0.01503	0.02443	0.05074	0.02819	0.72751	0.03946	0.00752	0.00752	0.01128	0.00470	0.00470
5	0.01445	0.00723	0.00723	0.00723	0.00903	0.00723	0.00542	0.01807	0.01626	0.02891	0.02529	0.02891	0.01987	0.00903	0.00542	0.00181	0.00361	0.00723	0.77055	0.00723
6	0.78228	0.01499	0.01140	0.01020	0.01499	0.01739	0.00840	0.02279	0.01320	0.03479	0.01080	0.01260	0.00840	0.00720	0.00480	0.00240	0.00600	0.00420	0.00480	0.00840
7	0.02947	0.02172	0.02327	0.01784	0.02404	0.02404	0.01474	0.65329	0.03646	0.04887	0.01862	0.01862	0.01319	0.00931	0.00776	0.00233	0.00853	0.00698	0.00776	0.01319
8	0.00961	0.00825	0.00829	0.00821	0.01090	0.00711	0.00618	0.01247	0.04651	0.02146	0.07645	0.07258	0.64694	0.01923	0.00911	0.00262	0.00403	0.01603	0.00723	0.00680
9	0.01463	0.01341	0.02236	0.66955	0.05092	0.01667	0.02063	0.01971	0.01555	0.02032	0.01443	0.02113	0.01087	0.00782	0.00762	0.00254	0.00996	0.00691	0.04644	0.00854
10	0.78228	0.01499	0.01140	0.01020	0.01499	0.01739	0.00840	0.02279	0.01320	0.03479	0.01080	0.01260	0.00840	0.00720	0.00480	0.00240	0.00600	0.00420	0.00480	0.00840
11	0.78228	0.01499	0.01140	0.01020	0.01499	0.01739	0.00840	0.02279	0.01320	0.03479	0.01080	0.01260	0.00840	0.00720	0.00480	0.00240	0.00600	0.00420	0.00480	0.00840
12	0.01464	0.01378	0.02326	0.70887	0.05340	0.01723	0.02153	0.01981	0.01550	0.01981	0.01378	0.02067	0.01034	0.00775	0.00775	0.00258	0.01034	0.00689	0.00345	0.00861
13	0.02119	0.33858	0.09174	0.02068	0.02802	0.02426	0.22055	0.07920	0.01883	0.06648	0.01457	0.01693	0.01140	0.00708	0.00694	0.00214	0.01000	0.00637	0.00430	0.01073
14	0.02073	0.73217	0.04063	0.01327	0.01990	0.03068	0.01327	0.02322	0.01575	0.01824	0.01078	0.01244	0.00995	0.00663	0.00498	0.00166	0.00829	0.00415	0.00332	0.00995
15	0.01301	0.00933	0.01376	0.01198	0.01456	0.00857	0.06311	0.01671	0.02118	0.07181	0.52715	0.08338	0.08436	0.01516	0.00909	0.00249	0.00471	0.01364	0.00810	0.00789
16	0.01867	0.04919	0.07658	0.06488	0.07450	0.03583	0.09887	0.02245	0.01729	0.12176	0.08979	0.08609	0.04701	0.01159	0.01162	0.00266	0.14668	0.00944	0.00544	0.00968
17	0.00986	0.00731	0.00921	0.00994	0.01121	0.00666	0.00699	0.01203	0.01754	0.02347	0.24314	0.39968	0.17281	0.02085	0.00953	0.00283	0.00414	0.01854	0.00761	0.00666
18	0.01108	0.00831	0.01246	0.01246	0.01385	0.00969	0.00969	0.01385	0.01246	0.01800	0.02077	0.03046	0.01938	0.05815	0.69678	0.01246	0.02077	0.00831	0.00415	0.00692
19	0.05921	0.01873	0.07616	0.20102	0.03930	0.01758	0.35670	0.02216	0.01687	0.02364	0.01724	0.08308	0.01463	0.00853	0.00850	0.00263	0.01110	0.00923	0.00410	0.00956
20	0.01605	0.01520	0.02501	0.48078	0.19814	0.01801	0.02141	0.02152	0.04120	0.02154	0.01443	0.02040	0.01131	0.00804	0.00888	0.00257	0.05523	0.00696	0.00371	0.00962
21	0.00918	0.00781	0.00790	0.00798	0.01051	0.00654	0.00595	0.01111	0.01755	0.02090	0.07705	0.10174	0.64985	0.01983	0.00919	0.00264	0.00395	0.01660	0.00720	0.00654
22	0.01138	0.00835	0.01072	0.01005	0.01201	0.00790	0.00756	0.01594	0.05354	0.03116	0.64344	0.05649	0.07073	0.01559	0.00908	0.00245	0.00378	0.01376	0.00850	0.00756
23	0.01781	0.04434	0.12637	0.08227	0.18872	0.05119	0.08706	0.02409	0.07827	0.02335	0.01791	0.02159	0.04199	0.00929	0.01130	0.00261	0.14986	0.00737	0.00417	0.01043
24	0.01825	0.01943	0.08477	0.03871	0.47830	0.01772	0.05124	0.02501	0.08397	0.02639	0.06470	0.02286	0.01767	0.00795	0.00785	0.00237	0.00886	0.00762	0.00455	0.01176
25	0.00966	0.00677	0.00892	0.01065	0.01115	0.00634	0.00712	0.01110	0.01490	0.02018	0.04200	0.69312	0.04995	0.02365	0.00971	0.00309	0.00446	0.02142	0.03948	0.00634
26	0.06741	0.01934	0.03803	0.08206	0.16683	0.01925	0.40906	0.02385	0.01734	0.02493	0.01476	0.01983	0.01147	0.00707	0.00924	0.00257	0.04449	0.00811	0.00390	0.01047
27	0.02151	0.05574	0.05483	0.11597	0.14201	0.05856	0.11595	0.18355	0.11767	0.03071	0.01780	0.02021	0.01351	0.00816	0.00778	0.00240	0.00965	0.00725	0.00533	0.01141
28	0.01131	0.00850	0.01214	0.01206	0.01311	0.00981	0.00906	0.01350	0.01233	0.01759	0.02180	0.06118	0.02176	0.16914	0.52669	0.01083	0.04894	0.00930	0.00434	0.00659
29	0.74466	0.01490	0.01173	0.01038	0.01524	0.01709	0.00855	0.02355	0.01365	0.06749	0.01179	0.01329	0.00894	0.00732	0.00495	0.00240	0.00603	0.00438	0.00504	0.00864
30	0.02096	0.01996	0.05015	0.05448	0.10885	0.04642	0.11125	0.14311	0.29615	0.03192	0.02251	0.02324	0.01693	0.00891	0.00797	0.00250	0.00869	0.00793	0.00623	0.01184
31	0.01097	0.00793	0.01036	0.00975	0.01158	0.00732	0.00732	0.01463	0.02195	0.03109	0.67505	0.05792	0.07316	0.01585	0.00914	0.00244	0.00366	0.01402	0.00854	0.00732
32	0.00945	0.00675	0.00900	0.01080	0.01125	0.00630	0.00720	0.01080	0.01484	0.01979	0.04274	0.72245	0.05128	0.02429	0.00990	0.00315	0.00450	0.02204	0.00720	0.00630

[dist]
# distance from previous block
# <min> <max>
0	4

[block]
# block no. 1 follows, 25 sequences, length 11
# corresponding to MSA columns:
# 96-106
name=unknown_B
#
# <colnr> <probs for GDERKNQSTAVLIFYWHMCP>
#	G	D	E	R	K	N	Q	S	T	A	V	L	I	F	Y	W	H	M	C	P
0	0.12767	0.01974	0.02086	0.01634	0.02222	0.02173	0.01344	0.47443	0.07550	0.10188	0.01954	0.01922	0.01381	0.00914	0.00738	0.00236	0.00787	0.00681	0.00754	0.01250
1	0.02184	0.15906	0.02626	0.08666	0.02465	0.05546	0.01555	0.22661	0.02150	0.02851	0.01397	0.01745	0.01153	0.01199	0.04332	0.00297	0.21119	0.00633	0.00487	0.01027
2	0.16358	0.07598	0.01973	0.06683	0.02201	0.01768	0.01228	0.15612	0.08203	0.22834	0.02100	0.02068	0.01475	0.00865	0.00687	0.00230	0.00714	0.00657	0.03066	0.03679
3	0.01971	0.21300	0.31324	0.02077	0.02959	0.02157	0.13092	0.07163	0.01843	0.06965	0.01489	0.01699	0.01108	0.00733	0.00712	0.00226	0.01037	0.00615	0.00416	0.01114
4	0.00953	0.00694	0.00898	0.01043	0.01119	0.00640	0.00708	0.01111	0.01565	0.02073	0.09244	0.60916	0.11539	0.02321	0.00977	0.00304	0.00438	0.02089	0.00730	0.00640
5	0.08519	0.02036	0.02141	0.01691	0.02271	0.02275	0.01384	0.50340	0.13924	0.04506	0.02017	0.01987	0.01456	0.00935	0.00755	0.00238	0.00794	0.00707	0.00755	0.01267
6	0.01960	0.37625	0.27620	0.01720	0.02511	0.05042	0.01912	0.02445	0.01631	0.05238	0.01289	0.01486	0.01036	0.00748	0.00721	0.00210	0.04880	0.00508	0.00363	0.01054
7	0.02044	0.01642	0.02429	0.12562	0.25123	0.01743	0.04316	0.06012	0.18227	0.10292	0.02239	0.02673	0.01759	0.00920	0.00800	0.00252	0.00829	0.04398	0.00586	0.01153
8	0.78228	0.01499	0.01140	0.01020	0.01499	0.01739	0.00840	0.02279	0.01320	0.03479	0.01080	0.01260	0.00840	0.00720	0.00480	0.00240	0.00600	0.00420	0.00480	0.00840
9	0.01555	0.04011	0.68733	0.02210	0.03356	0.01801	0.02865	0.02455	0.01637	0.02455	0.01391	0.01637	0.00982	0.00737	0.00737	0.00246	0.01146	0.00573	0.00327	0.01146
10	0.05087	0.39997	0.13261	0.01558	0.02180	0.08277	0.01551	0.05267	0.01738	0.02229	0.05748	0.01695	0.01440	0.00817	0.00749	0.00206	0.06263	0.00548	0.00400	0.00989

[dist]
# distance from previous block
# <min> <max>
2	13

[block]
# block no. 2 follows, 25 sequences, length 14
# corresponding to MSA columns:
# 120-133
name=unknown_C
#
# <colnr> <probs for GDERKNQSTAVLIFYWHMCP>
#	G	D	E	R	K	N	Q	S	T	A	V	L	I	F	Y	W	H	M	C	P
0	0.01766	0.01907	0.08171	0.21311	0.37958	0.01823	0.07808	0.02375	0.04788	0.02414	0.01523	0.01996	0.01208	0.00730	0.00781	0.00243	0.00987	0.00710	0.00389	0.01111
1	0.06688	0.01205	0.01622	0.01295	0.01738	0.01096	0.03531	0.02929	0.01904	0.43908	0.05787	0.03253	0.02293	0.17469	0.01504	0.00359	0.00690	0.00876	0.00794	0.01060
2	0.00916	0.00785	0.00785	0.00785	0.01047	0.00655	0.00589	0.01113	0.01767	0.02095	0.07855	0.07462	0.67599	0.01964	0.00916	0.00262	0.00393	0.01636	0.00720	0.00655
3	0.01650	0.01628	0.02286	0.01973	0.01984	0.02264	0.01639	0.01828	0.01192	0.01861	0.01101	0.01803	0.01090	0.01709	0.07843	0.00411	0.65866	0.00691	0.00345	0.00836
4	0.02133	0.68191	0.03928	0.01375	0.02019	0.07881	0.01339	0.02378	0.01620	0.01830	0.01087	0.01255	0.00995	0.00673	0.00512	0.00168	0.00870	0.00421	0.00337	0.00988
5	0.01464	0.01378	0.02326	0.70887	0.05340	0.01723	0.02153	0.01981	0.01550	0.01981	0.01378	0.02067	0.01034	0.00775	0.00775	0.00258	0.01034	0.00689	0.00345	0.00861
6	0.02073	0.73217	0.04063	0.01327	0.01990	0.03068	0.01327	0.02322	0.01575	0.01824	0.01078	0.01244	0.00995	0.00663	0.00498	0.00166	0.00829	0.00415	0.00332	0.00995
7	0.01104	0.00793	0.01064	0.01129	0.01278	0.00753	0.00876	0.01412	0.01908	0.02614	0.34323	0.22520	0.05980	0.01946	0.00977	0.00293	0.00485	0.19059	0.00782	0.00702
8	0.02034	0.23398	0.28235	0.02099	0.05933	0.02142	0.10117	0.05211	0.01800	0.09829	0.01534	0.01717	0.01142	0.00736	0.00698	0.00223	0.00997	0.00605	0.00430	0.01120
9	0.01347	0.00673	0.01010	0.01010	0.01010	0.00673	0.00673	0.01010	0.01010	0.01347	0.01347	0.02357	0.01347	0.02694	0.03030	0.77441	0.00673	0.00673	0.00337	0.00337
10	0.00945	0.00675	0.00900	0.01080	0.01125	0.00630	0.00720	0.01080	0.01484	0.01979	0.04274	0.72245	0.05128	0.02429	0.00990	0.00315	0.00450	0.02204	0.00720	0.00630
11	0.01829	0.01637	0.05614	0.20758	0.05620	0.01672	0.12518	0.02576	0.11865	0.09810	0.04647	0.02977	0.01930	0.01016	0.00965	0.00271	0.06171	0.06572	0.00545	0.01008
12	0.01874	0.01943	0.08612	0.02444	0.03087	0.01724	0.33637	0.09048	0.05431	0.05681	0.05165	0.03365	0.02094	0.01013	0.00899	0.00271	0.01040	0.11090	0.00547	0.01035
13	0.02990	0.01919	0.02137	0.01646	0.02241	0.02052	0.01357	0.49053	0.03242	0.18450	0.02151	0.02078	0.01480	0.00936	0.00765	0.00232	0.00788	0.00717	0.04476	0.01290

[dist]
# distance from previous block
# <min> <max>
0	2

[block]
# block no. 3 follows, 25 sequences, length 25
# corresponding to MSA columns:
# 136-160
name=unknown_D
#
# <colnr> <probs for GDERKNQSTAVLIFYWHMCP>
#	G	D	E	R	K	N	Q	S	T	A	V	L	I	F	Y	W	H	M	C	P
0	0.02029	0.66058	0.06796	0.01406	0.02052	0.02973	0.01415	0.02301	0.01556	0.01854	0.01088	0.01287	0.00996	0.00707	0.00626	0.00179	0.04914	0.00437	0.00332	0.00993
1	0.01275	0.00832	0.01093	0.01006	0.01220	0.00762	0.00762	0.01636	0.02197	0.07981	0.62700	0.05557	0.06914	0.01538	0.00904	0.00244	0.00388	0.01356	0.00861	0.00775
2	0.01021	0.00790	0.00930	0.00895	0.01111	0.00699	0.00671	0.01315	0.02014	0.02679	0.42237	0.06499	0.32852	0.01745	0.00915	0.00251	0.00377	0.01501	0.00797	0.00699
3	0.01076	0.00792	0.01007	0.00953	0.01145	0.00723	0.00715	0.01422	0.02145	0.02991	0.60529	0.05987	0.14366	0.01629	0.00915	0.00246	0.00369	0.01430	0.00838	0.00723
4	0.03479	0.01320	0.01799	0.01380	0.01979	0.01140	0.01140	0.03779	0.02219	0.68451	0.03059	0.02639	0.01919	0.00960	0.00780	0.00240	0.00660	0.00780	0.00960	0.01320
5	0.01555	0.04011	0.68733	0.02210	0.03356	0.01801	0.02865	0.02455	0.01637	0.02455	0.01391	0.01637	0.00982	0.00737	0.00737	0.00246	0.01146	0.00573	0.00327	0.01146
6	0.01097	0.00793	0.01036	0.00975	0.01158	0.00732	0.00732	0.01463	0.02195	0.03109	0.67505	0.05792	0.07316	0.01585	0.00914	0.00244	0.00366	0.01402	0.00854	0.00732
7	0.01929	0.01666	0.01753	0.01578	0.02016	0.01929	0.01227	0.04120	0.66513	0.03243	0.03156	0.02893	0.02367	0.01052	0.00789	0.00263	0.00614	0.00877	0.00789	0.01227
8	0.01830	0.02092	0.04575	0.03268	0.04052	0.01961	0.65098	0.02484	0.01830	0.02484	0.01569	0.02092	0.01176	0.00654	0.00915	0.00261	0.01307	0.00915	0.00392	0.01046
9	0.01608	0.01378	0.01608	0.01148	0.01837	0.01034	0.00919	0.01952	0.01608	0.02527	0.01378	0.01608	0.01148	0.00574	0.00574	0.00115	0.00574	0.00459	0.00459	0.77491
10	0.02947	0.02172	0.02327	0.01784	0.02404	0.02404	0.01474	0.65329	0.03646	0.04887	0.01862	0.01862	0.01319	0.00931	0.00776	0.00233	0.00853	0.00698	0.00776	0.01319
11	0.00960	0.00681	0.00895	0.01060	0.01101	0.00640	0.00699	0.01084	0.01455	0.01940	0.04120	0.66630	0.04935	0.08308	0.01237	0.00351	0.00475	0.02114	0.00699	0.00616
12	0.78228	0.01499	0.01140	0.01020	0.01499	0.01739	0.00840	0.02279	0.01320	0.03479	0.01080	0.01260	0.00840	0.00720	0.00480	0.00240	0.00600	0.00420	0.00480	0.00840
13	0.01097	0.00793	0.01036	0.00975	0.01158	0.00732	0.00732	0.01463	0.02195	0.03109	0.67505	0.05792	0.07316	0.01585	0.00914	0.00244	0.00366	0.01402	0.00854	0.00732
14	0.78228	0.01499	0.01140	0.01020	0.01499	0.01739	0.00840	0.02279	0.01320	0.03479	0.01080	0.01260	0.00840	0.00720	0.00480	0.00240	0.00600	0.00420	0.00480	0.00840
15	0.01108	0.00831	0.01246	0.01246	0.01385	0.00969	0.00969	0.01385	0.01246	0.01800	0.02077	0.03046	0.01938	0.05815	0.69678	0.01246	0.02077	0.00831	0.00415	0.00692
16	0.01555	0.04011	0.68733	0.02210	0.03356	0.01801	0.02865	0.02455	0.01637	0.02455	0.01391	0.01637	0.00982	0.00737	0.00737	0.00246	0.01146	0.00573	0.00327	0.01146
17	0.00942	0.00684	0.00890	0.01055	0.01118	0.00632	0.00709	0.01082	0.01508	0.01989	0.04573	0.66829	0.10351	0.02390	0.00984	0.00310	0.00445	0.02157	0.00720	0.00632
18	0.78228	0.01499	0.01140	0.01020	0.01499	0.01739	0.00840	0.02279	0.01320	0.03479	0.01080	0.01260	0.00840	0.00720	0.00480	0.00240	0.00600	0.00420	0.00480	0.00840
19	0.01608	0.01513	0.02517	0.55615	0.04796	0.01835	0.07337	0.06127	0.01683	0.02203	0.01399	0.02028	0.01063	0.00819	0.00919	0.00263	0.06286	0.00708	0.00376	0.00905
20	0.06439	0.01274	0.01694	0.01323	0.01876	0.01124	0.01086	0.03482	0.02178	0.59097	0.09457	0.02897	0.02416	0.01012	0.00780	0.00240	0.00628	0.00827	0.00928	0.01240
21	0.01175	0.00895	0.01262	0.05791	0.05326	0.00887	0.00970	0.01524	0.01949	0.02724	0.43644	0.08801	0.05645	0.04387	0.06148	0.00350	0.00616	0.06428	0.00729	0.00750
22	0.07398	0.39341	0.02888	0.01306	0.01890	0.02161	0.01188	0.02709	0.01765	0.24009	0.01972	0.07001	0.01599	0.00897	0.00627	0.00206	0.00730	0.00669	0.00578	0.01065
23	0.01219	0.00871	0.01215	0.01394	0.01559	0.00867	0.01197	0.01555	0.01755	0.02287	0.04122	0.14987	0.04528	0.02170	0.01063	0.00353	0.00688	0.56750	0.00715	0.00706
24	0.02051	0.04894	0.02752	0.17238	0.33878	0.17845	0.02051	0.02438	0.01786	0.02210	0.01344	0.01789	0.01115	0.00767	0.00835	0.00232	0.04717	0.00634	0.00375	0.01048

[dist]
# distance from previous block
# <min> <max>
0	1

[block]
# block no. 4 follows, 25 sequences, length 10
# corresponding to MSA columns:
# 162-171
name=unknown_E
#
# <colnr> <probs for GDERKNQSTAVLIFYWHMCP>
#	G	D	E	R	K	N	Q	S	T	A	V	L	I	F	Y	W	H	M	C	P
0	0.01919	0.01842	0.03147	0.04759	0.67914	0.01842	0.02380	0.02380	0.01765	0.02533	0.01458	0.01919	0.01228	0.00691	0.00768	0.00230	0.00921	0.00691	0.00384	0.01228
1	0.01771	0.01670	0.02734	0.22698	0.42257	0.01755	0.02150	0.02331	0.05137	0.02417	0.01521	0.01989	0.01229	0.00725	0.00757	0.00231	0.00911	0.00684	0.00400	0.06634
2	0.01260	0.00944	0.01080	0.01023	0.01295	0.00898	0.00787	0.01813	0.11201	0.05759	0.27265	0.06067	0.31463	0.01664	0.00898	0.00259	0.00443	0.04297	0.00787	0.00797
3	0.00987	0.00693	0.00887	0.01026	0.01060	0.00658	0.00662	0.01091	0.01402	0.01869	0.03851	0.56739	0.04595	0.18662	0.01672	0.00416	0.00520	0.01956	0.00662	0.00593
4	0.01445	0.00723	0.00723	0.00723	0.00903	0.00723	0.00542	0.01807	0.01626	0.02891	0.02529	0.02891	0.01987	0.00903	0.00542	0.00181	0.00361	0.00723	0.77055	0.00723
5	0.00976	0.00697	0.00936	0.01116	0.01175	0.00657	0.00775	0.01135	0.01516	0.02015	0.04256	0.65622	0.05059	0.02399	0.00998	0.00319	0.00477	0.08513	0.00719	0.00639
6	0.01128	0.00752	0.00846	0.00846	0.00846	0.00752	0.00470	0.01128	0.01128	0.01503	0.02443	0.05074	0.02819	0.72751	0.03946	0.00752	0.00752	0.01128	0.00470	0.00470
7	0.01464	0.01378	0.02326	0.70887	0.05340	0.01723	0.02153	0.01981	0.01550	0.01981	0.01378	0.02067	0.01034	0.00775	0.00775	0.00258	0.01034	0.00689	0.00345	0.00861
8	0.01608	0.01378	0.01608	0.01148	0.01837	0.01034	0.00919	0.01952	0.01608	0.02527	0.01378	0.01608	0.01148	0.00574	0.00574	0.00115	0.00574	0.00459	0.00459	0.77491
9	0.02493	0.02051	0.06869	0.01684	0.02242	0.02068	0.01433	0.47576	0.06582	0.04151	0.02179	0.09401	0.01823	0.04626	0.00952	0.00269	0.00814	0.00877	0.00723	0.01187

[dist]
# distance from previous block
# <min> <max>
0	1

[block]
# block no. 5 follows, 25 sequences, length 13
# corresponding to MSA columns:
# 173-185
name=unknown_F
#
# <colnr> <probs for GDERKNQSTAVLIFYWHMCP>
#	G	D	E	R	K	N	Q	S	T	A	V	L	I	F	Y	W	H	M	C	P
0	0.72902	0.01491	0.01222	0.05867	0.01766	0.01738	0.00931	0.02259	0.01336	0.03375	0.01100	0.01316	0.00853	0.00724	0.00500	0.00241	0.00630	0.00439	0.00470	0.00841
1	0.01588	0.01504	0.02549	0.52896	0.22365	0.01755	0.02215	0.02089	0.01609	0.02131	0.01400	0.02027	0.01087	0.00752	0.00773	0.00251	0.01003	0.00690	0.00355	0.00961
2	0.01757	0.01323	0.01640	0.08408	0.04646	0.01404	0.01175	0.15394	0.11257	0.05928	0.30656	0.03981	0.06690	0.01248	0.00843	0.00246	0.00604	0.01067	0.00757	0.00976
3	0.00945	0.00675	0.00900	0.01080	0.01125	0.00630	0.00720	0.01080	0.01484	0.01979	0.04274	0.72245	0.05128	0.02429	0.00990	0.00315	0.00450	0.02204	0.00720	0.00630
4	0.02947	0.02172	0.02327	0.01784	0.02404	0.02404	0.01474	0.65329	0.03646	0.04887	0.01862	0.01862	0.01319	0.00931	0.00776	0.00233	0.00853	0.00698	0.00776	0.01319
5	0.03479	0.01320	0.01799	0.01380	0.01979	0.01140	0.01140	0.03779	0.02219	0.68451	0.03059	0.02639	0.01919	0.00960	0.00780	0.00240	0.00660	0.00780	0.00960	0.01320
6	0.01249	0.00892	0.01249	0.01428	0.01606	0.00892	0.01249	0.01606	0.01785	0.02320	0.04105	0.08746	0.04462	0.02142	0.01071	0.00357	0.00714	0.62695	0.00714	0.00714
7	0.00930	0.00786	0.00805	0.00800	0.01056	0.00660	0.00600	0.01140	0.01800	0.02172	0.12420	0.07334	0.62986	0.01935	0.00916	0.00260	0.00391	0.01618	0.00730	0.00660
8	0.01464	0.01378	0.02326	0.70887	0.05340	0.01723	0.02153	0.01981	0.01550	0.01981	0.01378	0.02067	0.01034	0.00775	0.00775	0.00258	0.01034	0.00689	0.00345	0.00861
9	0.78228	0.01499	0.01140	0.01020	0.01499	0.01739	0.00840	0.02279	0.01320	0.03479	0.01080	0.01260	0.00840	0.00720	0.00480	0.00240	0.00600	0.00420	0.00480	0.00840
10	0.03479	0.01320	0.01799	0.01380	0.01979	0.01140	0.01140	0.03779	0.02219	0.68451	0.03059	0.02639	0.01919	0.00960	0.00780	0.00240	0.00660	0.00780	0.00960	0.01320
11	0.02439	0.18730	0.09989	0.01523	0.02146	0.01784	0.03993	0.09677	0.02138	0.25506	0.11975	0.02564	0.02315	0.00943	0.00733	0.00224	0.00759	0.00761	0.00679	0.01122
12	0.08404	0.56118	0.03419	0.01291	0.01902	0.02684	0.01235	0.02475	0.05179	0.05767	0.01367	0.01487	0.01154	0.00717	0.00530	0.00182	0.00768	0.00475	0.03847	0.01001

[dist]
# distance from previous block
# <min> <max>
0	3

[block]
# block no. 6 follows, 25 sequences, length 11
# corresponding to MSA columns:
# 189-199
name=unknown_G
#
# <colnr> <probs for GDERKNQSTAVLIFYWHMCP>
#	G	D	E	R	K	N	Q	S	T	A	V	L	I	F	Y	W	H	M	C	P
0	0.49558	0.01911	0.01552	0.01462	0.05233	0.12409	0.01097	0.10127	0.01807	0.03337	0.04315	0.01602	0.01246	0.00797	0.00586	0.00232	0.00762	0.00527	0.00516	0.00923
1	0.02218	0.06948	0.21108	0.06005	0.06556	0.05492	0.06135	0.26249	0.02436	0.03294	0.01555	0.01755	0.01150	0.00794	0.00742	0.00228	0.00990	0.00637	0.00517	0.05193
2	0.01437	0.01246	0.01778	0.26763	0.02952	0.04430	0.05965	0.03990	0.01713	0.02308	0.06194	0.19991	0.05087	0.01292	0.00816	0.00258	0.00765	0.01154	0.11061	0.00801
3	0.01143	0.00792	0.00964	0.04417	0.01163	0.00804	0.00644	0.01222	0.01271	0.01694	0.05588	0.09034	0.03198	0.56202	0.03249	0.00647	0.00728	0.06196	0.00515	0.00530
4	0.01426	0.01352	0.02496	0.02117	0.05987	0.01304	0.24406	0.01864	0.01869	0.02580	0.23079	0.13185	0.03952	0.01351	0.00991	0.00273	0.03385	0.06911	0.00610	0.00863
5	0.01085	0.00783	0.01025	0.00984	0.01156	0.00723	0.00731	0.01432	0.02137	0.03017	0.62340	0.11220	0.07137	0.01654	0.00921	0.00250	0.00373	0.01468	0.00843	0.00723
6	0.01491	0.01390	0.02326	0.37383	0.09834	0.01563	0.08821	0.02096	0.06940	0.02283	0.07321	0.10978	0.02189	0.01044	0.00829	0.00262	0.00894	0.00973	0.00477	0.00907
7	0.02073	0.73217	0.04063	0.01327	0.01990	0.03068	0.01327	0.02322	0.01575	0.01824	0.01078	0.01244	0.00995	0.00663	0.00498	0.00166	0.00829	0.00415	0.00332	0.00995
8	0.01108	0.00831	0.01246	0.01246	0.01385	0.00969	0.00969	0.01385	0.01246	0.01800	0.02077	0.03046	0.01938	0.05815	0.69678	0.01246	0.02077	0.00831	0.00415	0.00692
9	0.02428	0.01802	0.02204	0.01977	0.08460	0.05563	0.06551	0.21164	0.14135	0.14061	0.07712	0.02552	0.02102	0.00958	0.00785	0.00238	0.00787	0.00810	0.04542	0.01169
10	0.07822	0.03679	0.58969	0.02183	0.03251	0.01806	0.06828	0.02443	0.01624	0.02541	0.01378	0.01636	0.00983	0.00730	0.00728	0.00246	0.01112	0.00583	0.00344	0.01114

[dist]
# distance from previous block
# <min> <max>
0	1

[block]
# block no. 7 follows, 25 sequences, length 15
# corresponding to MSA columns:
# 201-215
name=unknown_H
#
# <colnr> <probs for GDERKNQSTAVLIFYWHMCP>
#	G	D	E	R	K	N	Q	S	T	A	V	L	I	F	Y	W	H	M	C	P
0	0.01917	0.43611	0.28493	0.01694	0.02528	0.05811	0.01918	0.02410	0.01629	0.02067	0.01203	0.01400	0.00990	0.00698	0.00598	0.00198	0.00977	0.00479	0.00333	0.01048
1	0.01689	0.13553	0.46456	0.02364	0.06215	0.02010	0.12317	0.02437	0.01664	0.02373	0.01377	0.01664	0.01026	0.00711	0.00732	0.00236	0.01115	0.00609	0.00341	0.01112
2	0.01311	0.00826	0.01081	0.01029	0.01234	0.00752	0.00766	0.01620	0.02048	0.09704	0.46561	0.17869	0.08821	0.01692	0.00914	0.00257	0.00413	0.01496	0.00834	0.00771
3	0.01616	0.12109	0.61166	0.02107	0.03196	0.01949	0.02685	0.02440	0.01630	0.02382	0.01355	0.01591	0.00984	0.00728	0.00709	0.00236	0.01109	0.00554	0.00328	0.01128
4	0.13015	0.01893	0.02094	0.07121	0.11587	0.11198	0.04241	0.10654	0.11801	0.07662	0.06913	0.02502	0.01936	0.00939	0.00751	0.00242	0.00844	0.02956	0.00596	0.01054
5	0.01078	0.00875	0.00967	0.00938	0.01185	0.00810	0.00704	0.01530	0.08665	0.02511	0.24921	0.09454	0.39993	0.01777	0.00906	0.00259	0.00410	0.01513	0.00767	0.00736
6	0.00961	0.00687	0.00914	0.01069	0.01128	0.00640	0.00721	0.01120	0.01559	0.02098	0.10898	0.65282	0.05357	0.02341	0.00982	0.00307	0.00441	0.02120	0.00734	0.00640
7	0.01792	0.23991	0.45741	0.01941	0.02899	0.06553	0.02332	0.02458	0.01655	0.02237	0.01288	0.01508	0.00987	0.00719	0.00665	0.00220	0.01071	0.00522	0.00333	0.01086
8	0.01768	0.13816	0.32628	0.05775	0.12900	0.04397	0.08374	0.02384	0.01649	0.02290	0.01337	0.01679	0.01045	0.00759	0.00851	0.00238	0.06071	0.00610	0.00347	0.01082
9	0.01119	0.00786	0.01022	0.01022	0.01083	0.00847	0.00689	0.01241	0.01180	0.01634	0.02282	0.04182	0.02432	0.43310	0.32858	0.00969	0.01335	0.00997	0.00446	0.00568
10	0.01128	0.00752	0.00846	0.00846	0.00846	0.00752	0.00470	0.01128	0.01128	0.01503	0.02443	0.05074	0.02819	0.72751	0.03946	0.00752	0.00752	0.01128	0.00470	0.00470
11	0.10720	0.04907	0.06688	0.03517	0.04259	0.07039	0.01426	0.26488	0.09255	0.06555	0.04972	0.02044	0.01611	0.00883	0.00718	0.00226	0.00815	0.00672	0.00634	0.06571
12	0.07240	0.05812	0.06558	0.04976	0.05516	0.18327	0.05622	0.12120	0.09136	0.14380	0.01875	0.01942	0.01367	0.00843	0.00734	0.00230	0.00968	0.00658	0.00588	0.01109
13	0.01434	0.01242	0.01423	0.01355	0.01613	0.05500	0.03845	0.05004	0.13108	0.02409	0.03548	0.40628	0.06165	0.01761	0.00886	0.00274	0.00606	0.01566	0.00678	0.06956
14	0.13401	0.01658	0.02270	0.02629	0.25557	0.01707	0.04538	0.08761	0.10538	0.07268	0.03886	0.02146	0.01594	0.00812	0.00716	0.00228	0.00758	0.00700	0.04275	0.06557

[dist]
# distance from previous block
# <min> <max>
0	7

# created by:
# /st0/software/busco_prod/Augustus/scripts/msa2prfl.pl ./align_prep/127786.fa
