[name]
unknown

[dist]
# distance from previous block
# <min> <max>
0	33

[block]
# block no. 0 follows, 22 sequences, length 28
# corresponding to MSA columns:
# 33-60
name=unknown_A
#
# <colnr> <probs for GDERKNQSTAVLIFYWHMCP>
#	G	D	E	R	K	N	Q	S	T	A	V	L	I	F	Y	W	H	M	C	P
0	0.02055	0.01741	0.06931	0.01741	0.02194	0.01648	0.01567	0.24997	0.02657	0.03541	0.03256	0.05968	0.03208	0.01683	0.00999	0.00322	0.00858	0.32828	0.00757	0.01047
1	0.01799	0.29032	0.09795	0.01611	0.02182	0.02112	0.06226	0.04556	0.05126	0.02576	0.14258	0.12020	0.03092	0.01203	0.00783	0.00241	0.00802	0.01011	0.00569	0.01005
2	0.02158	0.31687	0.24608	0.02036	0.06402	0.02599	0.02055	0.11519	0.04816	0.02775	0.01513	0.01691	0.01192	0.00799	0.00693	0.00225	0.01001	0.00585	0.00449	0.01197
3	0.02105	0.19499	0.17196	0.10247	0.14071	0.02293	0.02078	0.06965	0.09746	0.05523	0.01770	0.01990	0.01364	0.00833	0.00749	0.00242	0.00971	0.00669	0.00490	0.01200
4	0.01821	0.24536	0.27343	0.01681	0.02416	0.02038	0.01840	0.02305	0.01658	0.05470	0.01895	0.07262	0.01771	0.13069	0.01327	0.00335	0.00966	0.00801	0.00444	0.01020
5	0.02195	0.06450	0.32852	0.07068	0.03110	0.01853	0.02241	0.08541	0.04573	0.14434	0.02152	0.02642	0.01629	0.00984	0.00822	0.00268	0.01017	0.05380	0.00574	0.01215
6	0.02062	0.02199	0.08646	0.02522	0.07379	0.04907	0.18573	0.05459	0.22250	0.04798	0.02371	0.06163	0.01905	0.01035	0.01013	0.00281	0.05714	0.00943	0.00601	0.01181
7	0.01980	0.01851	0.02572	0.12745	0.07905	0.04735	0.09035	0.09198	0.14569	0.02818	0.02192	0.09340	0.01917	0.01189	0.01229	0.00293	0.13812	0.00968	0.00568	0.01083
8	0.01860	0.02080	0.04483	0.03252	0.04008	0.01949	0.56031	0.02501	0.01921	0.02604	0.01989	0.09473	0.01711	0.00903	0.00989	0.00286	0.01303	0.01127	0.00457	0.01073
9	0.05991	0.01536	0.02582	0.60387	0.05387	0.01864	0.06340	0.02178	0.01667	0.02253	0.01472	0.02166	0.01106	0.00818	0.00822	0.00276	0.01100	0.00738	0.00381	0.00935
10	0.01012	0.00723	0.00964	0.01157	0.01205	0.00675	0.00771	0.01157	0.01591	0.02121	0.04579	0.70262	0.05495	0.02603	0.01060	0.00337	0.00482	0.02362	0.00771	0.00675
11	0.02018	0.01935	0.03302	0.10138	0.60884	0.01964	0.02530	0.02516	0.01873	0.02667	0.01556	0.02069	0.01299	0.00747	0.00823	0.00249	0.00996	0.00740	0.00408	0.01285
12	0.03727	0.01414	0.01928	0.01478	0.02121	0.01221	0.01221	0.04049	0.02378	0.66198	0.03277	0.02828	0.02056	0.01028	0.00835	0.00257	0.00707	0.00835	0.01028	0.01414
13	0.03727	0.01414	0.01928	0.01478	0.02121	0.01221	0.01221	0.04049	0.02378	0.66198	0.03277	0.02828	0.02056	0.01028	0.00835	0.00257	0.00707	0.00835	0.01028	0.01414
14	0.01134	0.00833	0.01063	0.01036	0.01224	0.00761	0.00765	0.01476	0.02207	0.03062	0.51441	0.14309	0.13887	0.01855	0.00990	0.00273	0.00406	0.01636	0.00881	0.00761
15	0.01818	0.01818	0.02545	0.02181	0.02181	0.02545	0.01818	0.01999	0.01272	0.01999	0.01091	0.01818	0.01091	0.01454	0.02726	0.00364	0.69284	0.00727	0.00364	0.00909
16	0.01222	0.00904	0.01249	0.01233	0.01327	0.01029	0.00899	0.01417	0.01291	0.01828	0.02302	0.03907	0.02340	0.27034	0.44038	0.01120	0.04743	0.00986	0.00460	0.00672
17	0.02066	0.01785	0.01878	0.01691	0.02160	0.02066	0.01315	0.04414	0.64121	0.03475	0.03381	0.03099	0.02536	0.01127	0.00845	0.00282	0.00657	0.00939	0.00845	0.01315
18	0.01240	0.00917	0.01166	0.01092	0.01307	0.00876	0.00822	0.01773	0.06812	0.03342	0.60721	0.05981	0.07456	0.01657	0.00970	0.00263	0.00411	0.01462	0.00909	0.00822
19	0.73372	0.01639	0.01278	0.01129	0.01650	0.01896	0.00930	0.05154	0.01526	0.03795	0.01194	0.01378	0.00923	0.00781	0.00528	0.00257	0.00655	0.00463	0.00528	0.00923
20	0.01678	0.01553	0.02670	0.43137	0.08897	0.01765	0.10541	0.04652	0.01811	0.02425	0.01850	0.07632	0.01563	0.00961	0.00855	0.00274	0.01041	0.00903	0.04822	0.00970
21	0.01057	0.00784	0.00980	0.01119	0.01236	0.00723	0.00797	0.01239	0.01681	0.02169	0.05339	0.44859	0.19056	0.05955	0.01216	0.00354	0.00520	0.09473	0.00757	0.00684
22	0.01549	0.00774	0.00774	0.00774	0.00968	0.00774	0.00581	0.01936	0.01742	0.03097	0.02710	0.03097	0.02129	0.00968	0.00581	0.00194	0.00387	0.00774	0.75416	0.00774
23	0.01854	0.02149	0.07564	0.12364	0.08463	0.02028	0.40557	0.02480	0.01843	0.02525	0.01695	0.04557	0.01369	0.00844	0.01060	0.00284	0.05923	0.00941	0.00417	0.01083
24	0.02104	0.06360	0.14209	0.03354	0.29810	0.08666	0.02246	0.05375	0.06436	0.02689	0.01720	0.02239	0.01437	0.00916	0.00963	0.00260	0.06602	0.02955	0.00459	0.01201
25	0.01152	0.00911	0.01049	0.01064	0.01282	0.00858	0.00778	0.01614	0.08425	0.02614	0.21187	0.23298	0.28648	0.02030	0.00988	0.00291	0.00454	0.01764	0.00815	0.00779
26	0.60314	0.01589	0.01375	0.01193	0.01724	0.01779	0.00978	0.02825	0.05891	0.13308	0.01636	0.01697	0.01190	0.00835	0.00586	0.00259	0.00654	0.00543	0.00616	0.01007
27	0.06160	0.03536	0.46638	0.02251	0.03305	0.01904	0.07078	0.06939	0.01969	0.10011	0.01722	0.01905	0.01197	0.00823	0.00796	0.00262	0.01128	0.00666	0.00474	0.01235

[dist]
# distance from previous block
# <min> <max>
0	1

[block]
# block no. 1 follows, 22 sequences, length 67
# corresponding to MSA columns:
# 62-128
name=unknown_B
#
# <colnr> <probs for GDERKNQSTAVLIFYWHMCP>
#	G	D	E	R	K	N	Q	S	T	A	V	L	I	F	Y	W	H	M	C	P
0	0.02057	0.40549	0.25919	0.01909	0.02794	0.05942	0.05615	0.02589	0.01760	0.02236	0.01309	0.01541	0.01073	0.00745	0.00659	0.00215	0.01067	0.00539	0.00361	0.01120
1	0.06304	0.01636	0.02086	0.01792	0.01974	0.04663	0.04296	0.05632	0.01612	0.02531	0.01627	0.02219	0.01419	0.01774	0.09263	0.00418	0.34134	0.00743	0.14972	0.00905
2	0.09567	0.10135	0.12648	0.28751	0.03953	0.02149	0.07259	0.05192	0.01749	0.02530	0.01414	0.01907	0.01099	0.00859	0.00948	0.00268	0.07468	0.00675	0.00405	0.01023
3	0.01700	0.01582	0.02652	0.39825	0.25597	0.01782	0.02251	0.02215	0.01793	0.02413	0.05411	0.02753	0.01758	0.00924	0.00852	0.00271	0.01007	0.03738	0.00435	0.01040
4	0.04953	0.06391	0.39554	0.06358	0.03568	0.01943	0.13827	0.02635	0.01799	0.05674	0.01582	0.01887	0.01145	0.00774	0.00799	0.00256	0.01160	0.00681	0.00411	0.04604
5	0.01187	0.00809	0.00900	0.00900	0.00926	0.00796	0.00515	0.01207	0.01272	0.01670	0.03160	0.05676	0.08846	0.64376	0.03925	0.00756	0.00769	0.01259	0.00528	0.00522
6	0.03053	0.02374	0.02427	0.01904	0.02537	0.06404	0.01556	0.53829	0.09447	0.04880	0.02082	0.02068	0.01497	0.01001	0.00827	0.00250	0.00925	0.00753	0.00808	0.01377
7	0.01671	0.01581	0.02676	0.55436	0.18294	0.01873	0.02358	0.02212	0.01710	0.02247	0.01495	0.02182	0.01151	0.00812	0.00829	0.00271	0.01082	0.00739	0.00378	0.01005
8	0.01943	0.02364	0.08581	0.03434	0.04297	0.02091	0.59049	0.02659	0.01948	0.02659	0.01669	0.02212	0.01248	0.00706	0.00969	0.00279	0.01390	0.00959	0.00416	0.01127
9	0.02087	0.01305	0.01562	0.01351	0.01750	0.01316	0.01059	0.06460	0.18406	0.17545	0.28965	0.04477	0.07426	0.01377	0.00904	0.00266	0.00563	0.01174	0.00911	0.01096
10	0.01130	0.00897	0.01025	0.01014	0.01258	0.00819	0.00768	0.01528	0.05554	0.02689	0.26971	0.10902	0.35435	0.01951	0.00987	0.00283	0.00446	0.04755	0.00824	0.00766
11	0.03727	0.01414	0.01928	0.01478	0.02121	0.01221	0.01221	0.04049	0.02378	0.66198	0.03277	0.02828	0.02056	0.01028	0.00835	0.00257	0.00707	0.00835	0.01028	0.01414
12	0.03702	0.01455	0.01953	0.01498	0.02141	0.01282	0.01237	0.06705	0.02447	0.63444	0.03219	0.02790	0.02027	0.01027	0.00835	0.00257	0.00716	0.00831	0.01019	0.01414
13	0.01023	0.00841	0.00907	0.00947	0.01194	0.00725	0.00721	0.01244	0.01864	0.02257	0.07589	0.14673	0.52619	0.02176	0.01008	0.00297	0.00464	0.07975	0.00771	0.00705
14	0.03454	0.01514	0.01949	0.01531	0.02149	0.01413	0.01253	0.07032	0.11562	0.53908	0.03229	0.02826	0.02095	0.01041	0.00837	0.00260	0.00710	0.00846	0.00991	0.01399
15	0.01666	0.04297	0.66500	0.02368	0.03596	0.01929	0.03069	0.02631	0.01754	0.02631	0.01491	0.01754	0.01052	0.00789	0.00789	0.00263	0.01228	0.00614	0.00351	0.01228
16	0.02001	0.01727	0.01816	0.01639	0.02097	0.01984	0.01274	0.04219	0.60357	0.03401	0.03686	0.03396	0.06332	0.01186	0.00854	0.00282	0.00643	0.00988	0.00841	0.01278
17	0.02644	0.01656	0.01896	0.01617	0.02146	0.01772	0.01282	0.04287	0.42637	0.25300	0.03345	0.03005	0.02369	0.01093	0.00842	0.00273	0.00675	0.00903	0.00909	0.01349
18	0.01301	0.00888	0.01021	0.00989	0.01041	0.00906	0.00603	0.04288	0.01410	0.01900	0.05888	0.05178	0.03141	0.59829	0.07668	0.00781	0.00874	0.01182	0.00538	0.00577
19	0.01569	0.01477	0.02492	0.68808	0.05722	0.01846	0.02307	0.02123	0.01661	0.02123	0.01477	0.02215	0.01107	0.00831	0.00831	0.00277	0.01107	0.00738	0.00369	0.00923
20	0.01940	0.02387	0.09290	0.03421	0.04289	0.02089	0.58364	0.02659	0.01946	0.02659	0.01667	0.02206	0.01246	0.00707	0.00967	0.00279	0.01388	0.00954	0.00415	0.01128
21	0.05982	0.00823	0.00801	0.00793	0.01006	0.00839	0.00600	0.01966	0.01723	0.03134	0.02618	0.02994	0.02057	0.00956	0.00577	0.00197	0.00402	0.00755	0.70996	0.00782
22	0.02195	0.68125	0.07302	0.01466	0.02202	0.03223	0.01500	0.02494	0.01691	0.01987	0.01171	0.01353	0.01065	0.00714	0.00545	0.00182	0.00905	0.00452	0.00355	0.01074
23	0.01403	0.01321	0.01201	0.01140	0.01457	0.07881	0.00863	0.01985	0.12160	0.02556	0.13797	0.06301	0.41328	0.01765	0.00935	0.00271	0.00568	0.01463	0.00765	0.00839
24	0.01208	0.00805	0.00906	0.00906	0.00906	0.00805	0.00503	0.01208	0.01208	0.01611	0.02618	0.05436	0.03020	0.70804	0.04228	0.00805	0.00805	0.01208	0.00503	0.00503
25	0.03697	0.01462	0.01958	0.01501	0.02145	0.01293	0.01240	0.07173	0.02459	0.62959	0.03209	0.02783	0.02022	0.01027	0.00835	0.00257	0.00718	0.00831	0.01018	0.01414
26	0.02011	0.01927	0.03290	0.11046	0.60031	0.01962	0.02527	0.02510	0.01870	0.02659	0.01555	0.02071	0.01296	0.00749	0.00823	0.00250	0.00998	0.00740	0.00407	0.01279
27	0.02221	0.71304	0.04353	0.01421	0.02132	0.03287	0.01421	0.02488	0.01688	0.01955	0.01155	0.01333	0.01066	0.00711	0.00533	0.00178	0.00888	0.00444	0.00355	0.01066
28	0.01012	0.00723	0.00964	0.01157	0.01205	0.00675	0.00771	0.01157	0.01591	0.02121	0.04579	0.70262	0.05495	0.02603	0.01060	0.00337	0.00482	0.02362	0.00771	0.00675
29	0.01666	0.04297	0.66500	0.02368	0.03596	0.01929	0.03069	0.02631	0.01754	0.02631	0.01491	0.01754	0.01052	0.00789	0.00789	0.00263	0.01228	0.00614	0.00351	0.01228
30	0.03727	0.01414	0.01928	0.01478	0.02121	0.01221	0.01221	0.04049	0.02378	0.66198	0.03277	0.02828	0.02056	0.01028	0.00835	0.00257	0.00707	0.00835	0.01028	0.01414
31	0.01208	0.00805	0.00906	0.00906	0.00906	0.00805	0.00503	0.01208	0.01208	0.01611	0.02618	0.05436	0.03020	0.70804	0.04228	0.00805	0.00805	0.01208	0.00503	0.00503
32	0.03627	0.01436	0.01925	0.01491	0.02123	0.01272	0.01227	0.04071	0.06113	0.62403	0.03284	0.02844	0.02085	0.01034	0.00836	0.00259	0.00704	0.00842	0.01017	0.01408
33	0.01592	0.01500	0.02534	0.65752	0.08595	0.01852	0.02319	0.02143	0.01672	0.02151	0.01481	0.02207	0.01117	0.00826	0.00830	0.00275	0.01102	0.00738	0.00371	0.00942
34	0.01818	0.01818	0.02545	0.02181	0.02181	0.02545	0.01818	0.01999	0.01272	0.01999	0.01091	0.01818	0.01091	0.01454	0.02726	0.00364	0.69284	0.00727	0.00364	0.00909
35	0.06936	0.01422	0.01897	0.01461	0.02098	0.01249	0.01207	0.03978	0.02335	0.63449	0.03184	0.02763	0.02006	0.01017	0.00821	0.00257	0.00704	0.00818	0.01006	0.01391
36	0.02056	0.01974	0.03372	0.05099	0.65622	0.01974	0.02550	0.02550	0.01892	0.02714	0.01563	0.02056	0.01316	0.00740	0.00822	0.00247	0.00987	0.00740	0.00411	0.01316
37	0.01569	0.01477	0.02492	0.68808	0.05722	0.01846	0.02307	0.02123	0.01661	0.02123	0.01477	0.02215	0.01107	0.00831	0.00831	0.00277	0.01107	0.00738	0.00369	0.00923
38	0.02593	0.02254	0.02349	0.01926	0.02455	0.10333	0.05155	0.27612	0.22221	0.03870	0.02312	0.02338	0.01731	0.01024	0.00916	0.00260	0.04286	0.00796	0.04315	0.01253
39	0.02087	0.01881	0.01937	0.01838	0.04934	0.05960	0.01362	0.04134	0.54780	0.03348	0.06043	0.03101	0.02640	0.01120	0.00845	0.00275	0.00710	0.00932	0.00804	0.01269
40	0.01145	0.00848	0.01067	0.01012	0.01222	0.00771	0.00759	0.01507	0.02278	0.03156	0.56050	0.06493	0.17082	0.01764	0.00980	0.00264	0.00397	0.01543	0.00891	0.00771
41	0.02951	0.02808	0.02338	0.01954	0.02502	0.25341	0.01543	0.31827	0.13724	0.03805	0.01983	0.02010	0.01485	0.00970	0.00805	0.00242	0.01076	0.00706	0.00692	0.01238
42	0.05935	0.01394	0.01700	0.01422	0.01897	0.01358	0.01157	0.12284	0.05270	0.24608	0.18603	0.04154	0.03636	0.01302	0.00879	0.00265	0.00657	0.07489	0.00879	0.05112
43	0.01927	0.35819	0.37264	0.01923	0.02907	0.02568	0.02294	0.02563	0.01723	0.02313	0.01333	0.01556	0.01059	0.00752	0.00669	0.00223	0.01068	0.00534	0.00353	0.01152
44	0.02221	0.71304	0.04353	0.01421	0.02132	0.03287	0.01421	0.02488	0.01688	0.01955	0.01155	0.01333	0.01066	0.00711	0.00533	0.00178	0.00888	0.00444	0.00355	0.01066
45	0.01176	0.00849	0.01110	0.01045	0.01241	0.00784	0.00784	0.01568	0.02352	0.03331	0.65184	0.06206	0.07839	0.01698	0.00980	0.00261	0.00392	0.01502	0.00914	0.00784
46	0.02056	0.01974	0.03372	0.05099	0.65622	0.01974	0.02550	0.02550	0.01892	0.02714	0.01563	0.02056	0.01316	0.00740	0.00822	0.00247	0.00987	0.00740	0.00411	0.01316
47	0.01012	0.00723	0.00964	0.01157	0.01205	0.00675	0.00771	0.01157	0.01591	0.02121	0.04579	0.70262	0.05495	0.02603	0.01060	0.00337	0.00482	0.02362	0.00771	0.00675
48	0.01339	0.00993	0.01190	0.01174	0.01402	0.00978	0.00865	0.01972	0.12779	0.04909	0.27070	0.23999	0.14336	0.01893	0.00975	0.00289	0.00478	0.01663	0.00845	0.00854
49	0.03702	0.01454	0.01953	0.01497	0.02141	0.01280	0.01237	0.06624	0.02445	0.63527	0.03221	0.02791	0.02028	0.01027	0.00835	0.00257	0.00716	0.00832	0.01020	0.01414
50	0.01569	0.01477	0.02492	0.68808	0.05722	0.01846	0.02307	0.02123	0.01661	0.02123	0.01477	0.02215	0.01107	0.00831	0.00831	0.00277	0.01107	0.00738	0.00369	0.00923
51	0.01569	0.01477	0.02492	0.68808	0.05722	0.01846	0.02307	0.02123	0.01661	0.02123	0.01477	0.02215	0.01107	0.00831	0.00831	0.00277	0.01107	0.00738	0.00369	0.00923
52	0.03056	0.02276	0.02436	0.01891	0.02537	0.02529	0.01554	0.57384	0.09540	0.05071	0.02124	0.02098	0.01518	0.01009	0.00832	0.00252	0.00890	0.00766	0.00832	0.01404
53	0.02289	0.01882	0.02030	0.04256	0.05272	0.04970	0.01428	0.07475	0.47895	0.08419	0.03047	0.02863	0.02260	0.01071	0.00838	0.00273	0.00745	0.00885	0.00803	0.01299
54	0.03727	0.01414	0.01928	0.01478	0.02121	0.01221	0.01221	0.04049	0.02378	0.66198	0.03277	0.02828	0.02056	0.01028	0.00835	0.00257	0.00707	0.00835	0.01028	0.01414
55	0.01012	0.00723	0.00964	0.01157	0.01205	0.00675	0.00771	0.01157	0.01591	0.02121	0.04579	0.70262	0.05495	0.02603	0.01060	0.00337	0.00482	0.02362	0.00771	0.00675
56	0.02337	0.01773	0.02079	0.01721	0.02131	0.02031	0.01393	0.35245	0.02735	0.03738	0.01997	0.02514	0.01651	0.05815	0.21139	0.00612	0.08509	0.00809	0.00651	0.01117
57	0.02101	0.05757	0.02077	0.02115	0.11568	0.26629	0.01417	0.02474	0.04814	0.02380	0.08936	0.06953	0.14070	0.01304	0.00852	0.00251	0.00969	0.03804	0.00581	0.00949
58	0.01357	0.01130	0.01621	0.01524	0.01620	0.01420	0.01200	0.01598	0.01307	0.01920	0.01956	0.03064	0.01894	0.10485	0.44808	0.01031	0.19996	0.00874	0.00428	0.00766
59	0.00982	0.00842	0.00842	0.00842	0.01122	0.00701	0.00631	0.01192	0.01894	0.02244	0.08416	0.07995	0.65285	0.02104	0.00982	0.00281	0.00421	0.01753	0.00771	0.00701
60	0.01979	0.02161	0.04372	0.03184	0.03959	0.02095	0.51859	0.02968	0.12860	0.02804	0.01979	0.02391	0.01484	0.00775	0.00957	0.00280	0.01270	0.00973	0.00495	0.01155
61	0.02390	0.02711	0.03000	0.19509	0.09899	0.28105	0.13943	0.05974	0.02139	0.02417	0.01476	0.01907	0.01160	0.00815	0.00827	0.00248	0.01299	0.00706	0.00431	0.01043
62	0.01977	0.01893	0.03229	0.15466	0.55874	0.01953	0.02510	0.02480	0.01854	0.02618	0.01549	0.02082	0.01282	0.00755	0.00824	0.00252	0.01007	0.00740	0.00404	0.01252
63	0.02906	0.02138	0.02283	0.01781	0.02391	0.02353	0.01461	0.53705	0.06174	0.04883	0.02434	0.02422	0.04894	0.01060	0.00825	0.00249	0.00847	0.00811	0.05050	0.01335
64	0.01752	0.06609	0.61364	0.02324	0.03497	0.05019	0.02944	0.02658	0.01779	0.02580	0.01470	0.01727	0.01054	0.00790	0.00779	0.00258	0.01229	0.00604	0.00355	0.01210
65	0.01698	0.08090	0.62983	0.02314	0.03513	0.02006	0.02976	0.02623	0.01750	0.02593	0.01472	0.01730	0.01053	0.00785	0.00775	0.00258	0.01209	0.00604	0.00351	0.01219
66	0.01027	0.00747	0.00969	0.01118	0.01202	0.00689	0.00761	0.01204	0.01699	0.02263	0.11481	0.57983	0.10868	0.02462	0.01045	0.00324	0.00467	0.02216	0.00787	0.00689

[dist]
# distance from previous block
# <min> <max>
9	18

[block]
# block no. 2 follows, 22 sequences, length 7
# corresponding to MSA columns:
# 147-153
name=unknown_C
#
# <colnr> <probs for GDERKNQSTAVLIFYWHMCP>
#	G	D	E	R	K	N	Q	S	T	A	V	L	I	F	Y	W	H	M	C	P
0	0.12076	0.01593	0.02405	0.49262	0.11008	0.01902	0.02096	0.05643	0.01777	0.02580	0.01470	0.02067	0.01117	0.00823	0.00786	0.00270	0.01020	0.00699	0.00420	0.00987
1	0.01934	0.01850	0.03152	0.21002	0.50670	0.01942	0.02489	0.02443	0.01834	0.02566	0.01541	0.02096	0.01264	0.00763	0.00824	0.00254	0.01017	0.00740	0.00401	0.01218
2	0.02782	0.02517	0.02457	0.02350	0.11158	0.17917	0.01665	0.28315	0.07673	0.05872	0.02099	0.02203	0.03675	0.01002	0.00914	0.00250	0.04512	0.00748	0.00658	0.01233
3	0.12294	0.01929	0.06091	0.17455	0.22315	0.01954	0.05076	0.08646	0.07803	0.03024	0.01973	0.02311	0.03833	0.00881	0.00797	0.00262	0.00940	0.00764	0.00510	0.01143
4	0.02239	0.34136	0.24622	0.01842	0.02715	0.02682	0.02004	0.15558	0.02188	0.02887	0.01448	0.01616	0.01136	0.00799	0.00683	0.00222	0.01007	0.00566	0.00456	0.01195
5	0.13821	0.01727	0.07706	0.01543	0.02069	0.01589	0.01356	0.03275	0.21957	0.16838	0.07775	0.03734	0.02755	0.01222	0.00838	0.00283	0.00713	0.08868	0.00781	0.01148
6	0.02031	0.13505	0.39321	0.02127	0.03106	0.01984	0.07585	0.02748	0.01882	0.11348	0.05296	0.02133	0.01594	0.00854	0.00785	0.00251	0.01073	0.00701	0.00483	0.01195

[dist]
# distance from previous block
# <min> <max>
0	15

# created by:
# /st0/software/busco_prod/Augustus/scripts/msa2prfl.pl ./align_prep/127897.fa
