[name]
unknown

[dist]
# distance from previous block
# <min> <max>
0	5

[block]
# block no. 0 follows, 24 sequences, length 8
# corresponding to MSA columns:
# 5-12
name=unknown_A
#
# <colnr> <probs for GDERKNQSTAVLIFYWHMCP>
#	G	D	E	R	K	N	Q	S	T	A	V	L	I	F	Y	W	H	M	C	P
0	0.01278	0.00913	0.01278	0.01460	0.01643	0.00913	0.01278	0.01643	0.01825	0.02373	0.04199	0.08945	0.04564	0.02191	0.01095	0.00365	0.00730	0.61847	0.00730	0.00730
1	0.54246	0.01419	0.01294	0.01114	0.01598	0.01543	0.00911	0.02560	0.01635	0.16798	0.08497	0.02072	0.01791	0.00881	0.00601	0.00246	0.00601	0.00612	0.00633	0.00949
2	0.01924	0.01845	0.03150	0.10232	0.62118	0.01874	0.02415	0.02400	0.01788	0.02544	0.01485	0.01975	0.01240	0.00714	0.00786	0.00238	0.00952	0.00706	0.00389	0.01225
3	0.02666	0.03147	0.02504	0.05069	0.02719	0.46082	0.08220	0.08092	0.06040	0.02340	0.01440	0.01681	0.01154	0.00856	0.00850	0.00228	0.04855	0.00613	0.00458	0.00986
4	0.02122	0.01955	0.02832	0.13041	0.40946	0.05199	0.02135	0.12835	0.05908	0.02924	0.01639	0.02007	0.01302	0.00786	0.00785	0.00240	0.00951	0.00709	0.00479	0.01203
5	0.02140	0.01874	0.03046	0.07443	0.46106	0.01908	0.06525	0.09177	0.04711	0.06746	0.01710	0.02062	0.01343	0.00766	0.00799	0.00241	0.00939	0.00737	0.00486	0.01239
6	0.02494	0.10210	0.02286	0.03795	0.02312	0.40223	0.01419	0.06790	0.06282	0.02298	0.04106	0.05957	0.01642	0.00966	0.00783	0.00218	0.03165	0.00689	0.00488	0.03877
7	0.01982	0.02112	0.07030	0.04175	0.49739	0.05135	0.07086	0.02636	0.07377	0.02614	0.01634	0.02020	0.01327	0.00744	0.00793	0.00240	0.00982	0.00724	0.00426	0.01220

[dist]
# distance from previous block
# <min> <max>
0	1

[block]
# block no. 1 follows, 24 sequences, length 7
# corresponding to MSA columns:
# 14-20
name=unknown_B
#
# <colnr> <probs for GDERKNQSTAVLIFYWHMCP>
#	G	D	E	R	K	N	Q	S	T	A	V	L	I	F	Y	W	H	M	C	P
0	0.06681	0.09449	0.09546	0.01744	0.04417	0.10255	0.03850	0.08449	0.08442	0.10925	0.07086	0.02916	0.05303	0.01033	0.00768	0.00240	0.00854	0.04308	0.00615	0.03119
1	0.05815	0.12414	0.20723	0.02749	0.17816	0.06018	0.10350	0.02551	0.01747	0.06214	0.01467	0.01776	0.01143	0.00775	0.00848	0.00241	0.05185	0.00644	0.00408	0.01118
2	0.02649	0.01825	0.02146	0.01848	0.07378	0.01861	0.01383	0.35638	0.02857	0.13776	0.02133	0.06489	0.01657	0.00974	0.00773	0.00224	0.00773	0.00784	0.00732	0.14100
3	0.19746	0.05888	0.09131	0.01992	0.08375	0.01851	0.09338	0.11732	0.05702	0.03094	0.01749	0.05907	0.01486	0.03689	0.00845	0.00259	0.00841	0.00742	0.00522	0.07111
4	0.07349	0.08462	0.17714	0.08586	0.22775	0.05549	0.02016	0.02342	0.03800	0.02457	0.02009	0.06627	0.05178	0.00932	0.00753	0.00243	0.00928	0.00784	0.00435	0.01062
5	0.01840	0.02214	0.13146	0.06251	0.17575	0.01853	0.27900	0.06924	0.01928	0.02667	0.01830	0.06405	0.01559	0.00883	0.00869	0.00263	0.01103	0.03241	0.00449	0.01099
6	0.09304	0.01580	0.02410	0.15700	0.09017	0.01698	0.11057	0.05704	0.05598	0.10134	0.10007	0.02568	0.02093	0.00953	0.00943	0.00258	0.06427	0.00821	0.00567	0.03162

[dist]
# distance from previous block
# <min> <max>
12	30

[block]
# block no. 2 follows, 24 sequences, length 23
# corresponding to MSA columns:
# 55-77
name=unknown_C
#
# <colnr> <probs for GDERKNQSTAVLIFYWHMCP>
#	G	D	E	R	K	N	Q	S	T	A	V	L	I	F	Y	W	H	M	C	P
0	0.01816	0.02452	0.17790	0.02871	0.16032	0.06397	0.20839	0.02392	0.01787	0.02477	0.01652	0.06034	0.01394	0.00803	0.00804	0.00235	0.01067	0.00794	0.00415	0.11949
1	0.01657	0.06974	0.36708	0.07291	0.10407	0.01809	0.04183	0.02495	0.07062	0.02577	0.07349	0.02212	0.01740	0.00842	0.00766	0.00243	0.00989	0.00707	0.00436	0.03552
2	0.02059	0.51456	0.17542	0.01650	0.02436	0.02720	0.04870	0.02477	0.01667	0.04940	0.01285	0.01464	0.01066	0.00707	0.00595	0.00195	0.00933	0.00501	0.00370	0.01067
3	0.01762	0.06679	0.02549	0.02031	0.02079	0.02478	0.01709	0.01941	0.01242	0.01905	0.01045	0.01703	0.01039	0.01338	0.02456	0.00335	0.65809	0.00675	0.00346	0.00878
4	0.00993	0.00722	0.00927	0.01079	0.01158	0.00671	0.00742	0.01146	0.01554	0.02036	0.04706	0.56309	0.12543	0.06021	0.01165	0.00341	0.00487	0.06032	0.00722	0.00644
5	0.01800	0.11029	0.43218	0.02627	0.13173	0.01981	0.07843	0.02535	0.01726	0.04761	0.01474	0.01750	0.01096	0.00739	0.00748	0.00241	0.01097	0.00624	0.00373	0.01166
6	0.01793	0.05524	0.03140	0.02393	0.02649	0.02349	0.19004	0.02107	0.01417	0.02081	0.01200	0.01823	0.01085	0.01152	0.02033	0.00316	0.47896	0.00747	0.00362	0.00931
7	0.00937	0.00803	0.00803	0.00803	0.01071	0.00669	0.00602	0.01138	0.01807	0.02142	0.08033	0.07632	0.66863	0.02008	0.00937	0.00268	0.00402	0.01674	0.00736	0.00669
8	0.01644	0.01409	0.01644	0.01175	0.01879	0.01057	0.00940	0.01997	0.01644	0.02584	0.01409	0.01644	0.01175	0.00587	0.00587	0.00117	0.00587	0.00470	0.00470	0.76979
9	0.01151	0.00778	0.00909	0.00909	0.00925	0.00793	0.00536	0.01182	0.01166	0.01571	0.02458	0.04964	0.02785	0.64930	0.11104	0.00824	0.00916	0.01120	0.00474	0.00505
10	0.01629	0.01543	0.02615	0.51814	0.22850	0.01796	0.02267	0.02141	0.01648	0.02185	0.01433	0.02071	0.01113	0.00769	0.00791	0.00256	0.01025	0.00705	0.00364	0.00987
11	0.00966	0.00690	0.00920	0.01104	0.01150	0.00644	0.00736	0.01104	0.01518	0.02024	0.04371	0.71614	0.05245	0.02484	0.01012	0.00322	0.00460	0.02254	0.00736	0.00644
12	0.01521	0.01455	0.02522	0.66042	0.05379	0.01777	0.06087	0.02058	0.01604	0.02058	0.01422	0.02116	0.01066	0.00785	0.00802	0.00264	0.01075	0.00719	0.00355	0.00893
13	0.01590	0.04102	0.68023	0.02260	0.03432	0.01842	0.02930	0.02511	0.01674	0.02511	0.01423	0.01674	0.01005	0.00753	0.00753	0.00251	0.01172	0.00586	0.00335	0.01172
14	0.00937	0.00803	0.00803	0.00803	0.01071	0.00669	0.00602	0.01138	0.01807	0.02142	0.08033	0.07632	0.66863	0.02008	0.00937	0.00268	0.00402	0.01674	0.00736	0.00669
15	0.01229	0.00897	0.01210	0.01366	0.01561	0.00878	0.01181	0.01571	0.01823	0.02340	0.04747	0.08757	0.13477	0.02165	0.01073	0.00351	0.00683	0.53239	0.00731	0.00722
16	0.01932	0.01853	0.03164	0.09150	0.63140	0.01876	0.02418	0.02407	0.01791	0.02554	0.01486	0.01973	0.01243	0.00712	0.00786	0.00237	0.00950	0.00706	0.00390	0.01231
17	0.03037	0.02293	0.02344	0.01820	0.02438	0.07243	0.01493	0.57139	0.03550	0.07802	0.01914	0.01908	0.01354	0.00944	0.00788	0.00236	0.00904	0.00703	0.00774	0.01317
18	0.01935	0.01856	0.03168	0.08776	0.63493	0.01877	0.02420	0.02409	0.01792	0.02557	0.01487	0.01972	0.01244	0.00712	0.00786	0.00237	0.00949	0.00706	0.00390	0.01234
19	0.01765	0.23843	0.44868	0.02077	0.03079	0.02230	0.06947	0.02474	0.01670	0.02326	0.01343	0.01591	0.01023	0.00725	0.00696	0.00229	0.01090	0.00564	0.00341	0.01120
20	0.01628	0.01551	0.02648	0.35793	0.25624	0.01702	0.06192	0.02115	0.01705	0.02273	0.02056	0.02768	0.06085	0.00906	0.00823	0.00260	0.00975	0.03487	0.00414	0.00997
21	0.01239	0.00898	0.01224	0.01379	0.01569	0.00883	0.01191	0.01590	0.01844	0.02390	0.07516	0.08682	0.10366	0.02147	0.01073	0.00351	0.00683	0.53511	0.00738	0.00726
22	0.02150	0.02241	0.07076	0.04163	0.51508	0.10534	0.02284	0.02606	0.01878	0.05803	0.01536	0.01913	0.01246	0.00738	0.00775	0.00233	0.01006	0.00678	0.00421	0.01212

[dist]
# distance from previous block
# <min> <max>
13	22

[block]
# block no. 3 follows, 24 sequences, length 53
# corresponding to MSA columns:
# 101-153
name=unknown_D
#
# <colnr> <probs for GDERKNQSTAVLIFYWHMCP>
#	G	D	E	R	K	N	Q	S	T	A	V	L	I	F	Y	W	H	M	C	P
0	0.02031	0.05875	0.06773	0.01553	0.02167	0.05045	0.04555	0.04997	0.14257	0.10165	0.02184	0.07280	0.01791	0.00916	0.00726	0.00206	0.00746	0.00765	0.00602	0.27367
1	0.20336	0.06198	0.25384	0.04190	0.05229	0.01840	0.04411	0.05982	0.05041	0.02859	0.01512	0.01792	0.01165	0.01151	0.05808	0.00316	0.01009	0.00600	0.00443	0.04733
2	0.10169	0.16344	0.08863	0.02052	0.13079	0.03573	0.04767	0.02393	0.06340	0.05520	0.06399	0.06473	0.06145	0.01001	0.00725	0.00234	0.00788	0.00831	0.03287	0.01017
3	0.02354	0.01697	0.08053	0.01525	0.02123	0.01391	0.04854	0.13088	0.02153	0.21658	0.02309	0.06029	0.01806	0.05938	0.00981	0.00257	0.00750	0.00802	0.05587	0.16645
4	0.05788	0.06048	0.09806	0.04325	0.06387	0.05366	0.15562	0.07015	0.06557	0.02710	0.04106	0.11331	0.02094	0.01067	0.00812	0.00253	0.00916	0.02936	0.03118	0.03804
5	0.04118	0.31096	0.08387	0.01579	0.02198	0.05686	0.05443	0.07018	0.01946	0.11989	0.05499	0.06115	0.03868	0.00954	0.00696	0.00219	0.00845	0.00751	0.00542	0.01050
6	0.40001	0.04754	0.07920	0.01361	0.01929	0.01851	0.01219	0.08170	0.12470	0.08280	0.03949	0.01921	0.01492	0.00860	0.00634	0.00246	0.00698	0.00609	0.00599	0.01037
7	0.02095	0.68027	0.04044	0.01404	0.02038	0.03092	0.01381	0.02344	0.01586	0.01868	0.01098	0.01302	0.01019	0.00724	0.00644	0.00181	0.05362	0.00441	0.00340	0.01008
8	0.00939	0.00795	0.00812	0.00826	0.01077	0.00668	0.00613	0.01135	0.01786	0.02133	0.07758	0.12436	0.62236	0.02044	0.00943	0.00272	0.00406	0.01717	0.00736	0.00668
9	0.01878	0.01402	0.01717	0.05668	0.02129	0.01116	0.01050	0.02236	0.01720	0.10830	0.01628	0.01809	0.01267	0.00651	0.00627	0.00143	0.00629	0.00527	0.00527	0.62446
10	0.01305	0.00851	0.01119	0.01029	0.01248	0.00780	0.00780	0.01674	0.02247	0.08028	0.61987	0.05681	0.07068	0.01573	0.00925	0.00249	0.00397	0.01386	0.00881	0.00793
11	0.01593	0.01355	0.01590	0.01169	0.01825	0.01026	0.00924	0.01930	0.01635	0.02542	0.01632	0.06899	0.01480	0.00730	0.00619	0.00133	0.00578	0.00604	0.00490	0.71247
12	0.01792	0.01836	0.02745	0.07332	0.06387	0.06408	0.13481	0.02119	0.01489	0.02121	0.01339	0.01960	0.01178	0.01351	0.05322	0.00352	0.37304	0.00739	0.03826	0.00918
13	0.01153	0.00769	0.00865	0.00865	0.00865	0.00769	0.00480	0.01153	0.01153	0.01538	0.02499	0.05189	0.02883	0.72131	0.04036	0.00769	0.00769	0.01153	0.00480	0.00480
14	0.01824	0.01710	0.02867	0.34309	0.30145	0.01879	0.06249	0.06919	0.01854	0.02511	0.01492	0.02039	0.01169	0.00762	0.00799	0.00251	0.01015	0.00721	0.00405	0.01080
15	0.01516	0.01429	0.02413	0.67570	0.07970	0.01767	0.02212	0.02043	0.01595	0.02049	0.01413	0.02108	0.01065	0.00789	0.00792	0.00263	0.01052	0.00705	0.00354	0.00896
16	0.45545	0.01623	0.01984	0.12593	0.16596	0.01811	0.04737	0.02318	0.01513	0.03059	0.01262	0.01606	0.00994	0.00735	0.00625	0.00247	0.00791	0.00559	0.00443	0.00960
17	0.01983	0.01996	0.06278	0.07721	0.49594	0.01954	0.05147	0.07056	0.01903	0.02699	0.01496	0.01948	0.01226	0.00767	0.00890	0.00245	0.04762	0.00711	0.00416	0.01210
18	0.09827	0.03602	0.02569	0.14066	0.14801	0.04059	0.10208	0.07303	0.06434	0.02635	0.01667	0.04379	0.01397	0.01133	0.02807	0.04684	0.06203	0.00763	0.00465	0.00999
19	0.01590	0.04102	0.68023	0.02260	0.03432	0.01842	0.02930	0.02511	0.01674	0.02511	0.01423	0.01674	0.01005	0.00753	0.00753	0.00251	0.01172	0.00586	0.00335	0.01172
20	0.03014	0.02221	0.02380	0.01825	0.02459	0.02459	0.01507	0.64541	0.03728	0.04998	0.01904	0.01904	0.01349	0.00952	0.00793	0.00238	0.00873	0.00714	0.00793	0.01349
21	0.01536	0.03410	0.52670	0.02218	0.07169	0.01662	0.02534	0.02337	0.01778	0.02628	0.12330	0.02402	0.02102	0.00895	0.00786	0.00250	0.01024	0.00735	0.00428	0.01107
22	0.13238	0.01711	0.02363	0.08322	0.29819	0.01802	0.01767	0.13683	0.02060	0.03135	0.01732	0.02351	0.01449	0.00864	0.00742	0.00240	0.00829	0.04601	0.04498	0.04796
23	0.03428	0.01420	0.01903	0.01471	0.02052	0.01308	0.01216	0.07239	0.02296	0.60558	0.02945	0.02601	0.01878	0.01002	0.00895	0.00250	0.04490	0.00787	0.00936	0.01323
24	0.01134	0.00846	0.01255	0.01255	0.01389	0.00980	0.00966	0.01403	0.01269	0.01826	0.02142	0.03216	0.02026	0.09157	0.65839	0.01250	0.02058	0.00864	0.00428	0.00697
25	0.01082	0.00812	0.01100	0.01294	0.04787	0.00762	0.00872	0.01317	0.01747	0.02351	0.18137	0.41933	0.10778	0.02130	0.00985	0.00301	0.00488	0.07667	0.00747	0.00711
26	0.06206	0.01632	0.02784	0.39038	0.13426	0.01891	0.11633	0.02168	0.01606	0.02264	0.01392	0.02005	0.01094	0.00824	0.00995	0.00269	0.08718	0.00723	0.00373	0.00960
27	0.01498	0.01409	0.02378	0.70226	0.05462	0.01762	0.02202	0.02026	0.01586	0.02026	0.01409	0.02114	0.01057	0.00793	0.00793	0.00264	0.01057	0.00705	0.00352	0.00881
28	0.01256	0.00906	0.01247	0.01418	0.01606	0.00897	0.01234	0.01610	0.01824	0.02358	0.04446	0.08860	0.08582	0.02179	0.01085	0.00359	0.00709	0.57966	0.00731	0.00726
29	0.07200	0.07273	0.39505	0.06395	0.03094	0.05908	0.02289	0.11030	0.01986	0.05984	0.01519	0.01720	0.01093	0.00792	0.00729	0.00242	0.01058	0.00597	0.00445	0.01141
30	0.02233	0.07769	0.06986	0.16384	0.03318	0.21580	0.12214	0.05929	0.04024	0.05760	0.01691	0.02244	0.01361	0.00871	0.00787	0.00243	0.01144	0.03992	0.00466	0.01005
31	0.01693	0.03958	0.64560	0.02216	0.03358	0.01806	0.02838	0.02582	0.01705	0.05924	0.01512	0.01728	0.01055	0.00765	0.00756	0.00251	0.01146	0.00597	0.00369	0.01181
32	0.02172	0.01660	0.01803	0.01580	0.02047	0.01865	0.01240	0.07354	0.53054	0.10497	0.05483	0.02982	0.02498	0.01079	0.00810	0.00264	0.00637	0.00895	0.00828	0.01252
33	0.01995	0.04824	0.06142	0.06991	0.25979	0.09228	0.21872	0.02557	0.03996	0.02431	0.01511	0.01953	0.01212	0.00763	0.00919	0.00250	0.05122	0.00749	0.00402	0.01106
34	0.01658	0.01633	0.02390	0.02038	0.02101	0.02205	0.05031	0.01874	0.01259	0.01933	0.01223	0.01950	0.01181	0.01986	0.11788	0.00472	0.57332	0.00729	0.00361	0.00856
35	0.01122	0.00811	0.01060	0.00998	0.01185	0.00748	0.00748	0.01496	0.02245	0.03180	0.66766	0.05923	0.07482	0.01621	0.00935	0.00249	0.00374	0.01434	0.00873	0.00748
36	0.01098	0.00844	0.01258	0.03548	0.01536	0.00815	0.04945	0.01307	0.01563	0.02076	0.03950	0.51648	0.04597	0.06772	0.01207	0.00352	0.00595	0.10524	0.00685	0.00681
37	0.01153	0.00769	0.00865	0.00865	0.00865	0.00769	0.00480	0.01153	0.01153	0.01538	0.02499	0.05189	0.02883	0.72131	0.04036	0.00769	0.00769	0.01153	0.00480	0.00480
38	0.00966	0.00690	0.00920	0.01104	0.01150	0.00644	0.00736	0.01104	0.01518	0.02024	0.04371	0.71614	0.05245	0.02484	0.01012	0.00322	0.00460	0.02254	0.00736	0.00644
39	0.02143	0.01788	0.01889	0.01648	0.02127	0.02052	0.01296	0.14095	0.55593	0.03592	0.03011	0.02786	0.02245	0.01056	0.00805	0.00264	0.00668	0.00867	0.00805	0.01270
40	0.02087	0.02187	0.02959	0.03999	0.47111	0.14778	0.05387	0.02495	0.01876	0.02426	0.01632	0.06361	0.01465	0.00841	0.00794	0.00237	0.01026	0.00781	0.00418	0.01142
41	0.02962	0.03779	0.02247	0.02043	0.02451	0.68948	0.01532	0.03166	0.02247	0.01941	0.01226	0.01430	0.01021	0.00817	0.00715	0.00204	0.01430	0.00511	0.00409	0.00919
42	0.01872	0.02139	0.04679	0.03342	0.04144	0.02005	0.64305	0.02540	0.01872	0.02540	0.01604	0.02139	0.01203	0.00668	0.00936	0.00267	0.01337	0.00936	0.00401	0.01070
43	0.01294	0.00925	0.01147	0.01034	0.01297	0.00843	0.00788	0.04161	0.02215	0.05290	0.50548	0.05580	0.13867	0.01552	0.00902	0.00243	0.00422	0.01350	0.00831	0.05711
44	0.01815	0.31403	0.39612	0.01948	0.02906	0.02367	0.05087	0.02458	0.01658	0.02254	0.01303	0.01535	0.01019	0.00720	0.00664	0.00219	0.01050	0.00537	0.00340	0.01106
45	0.01498	0.01409	0.02378	0.70226	0.05462	0.01762	0.02202	0.02026	0.01586	0.02026	0.01409	0.02114	0.01057	0.00793	0.00793	0.00264	0.01057	0.00705	0.00352	0.00881
46	0.01946	0.01941	0.03337	0.05970	0.32761	0.05363	0.20670	0.02420	0.01803	0.04541	0.01721	0.06505	0.01489	0.00867	0.00946	0.00257	0.05051	0.00867	0.00433	0.01111
47	0.01644	0.01409	0.01644	0.01175	0.01879	0.01057	0.00940	0.01997	0.01644	0.02584	0.01409	0.01644	0.01175	0.00587	0.00587	0.00117	0.00587	0.00470	0.00470	0.76979
48	0.01590	0.04102	0.68023	0.02260	0.03432	0.01842	0.02930	0.02511	0.01674	0.02511	0.01423	0.01674	0.01005	0.00753	0.00753	0.00251	0.01172	0.00586	0.00335	0.01172
49	0.01154	0.00922	0.01363	0.03615	0.03982	0.00904	0.05004	0.01491	0.05283	0.02218	0.06752	0.53158	0.04619	0.02117	0.00980	0.00309	0.00569	0.04116	0.00700	0.00745
50	0.07997	0.44928	0.17533	0.01619	0.02363	0.02625	0.03597	0.02433	0.01617	0.04241	0.01248	0.01451	0.01039	0.00738	0.00668	0.00206	0.03783	0.00498	0.00373	0.01044
51	0.02231	0.01570	0.09122	0.01507	0.02061	0.01188	0.04314	0.05087	0.01966	0.26374	0.03025	0.15738	0.04660	0.01273	0.00832	0.00250	0.00712	0.04975	0.00727	0.12388
52	0.06054	0.39399	0.14367	0.01773	0.04777	0.07878	0.04488	0.04708	0.01757	0.02281	0.01250	0.01462	0.01046	0.00710	0.00610	0.00196	0.00948	0.00505	0.00381	0.05408

[dist]
# distance from previous block
# <min> <max>
3	12

[block]
# block no. 4 follows, 24 sequences, length 7
# corresponding to MSA columns:
# 166-172
name=unknown_E
#
# <colnr> <probs for GDERKNQSTAVLIFYWHMCP>
#	G	D	E	R	K	N	Q	S	T	A	V	L	I	F	Y	W	H	M	C	P
0	0.02848	0.02313	0.09216	0.01822	0.02500	0.02253	0.01613	0.49144	0.07120	0.10040	0.02038	0.02012	0.01430	0.00941	0.00790	0.00242	0.00872	0.00719	0.00762	0.01324
1	0.01655	0.21057	0.44808	0.01878	0.02830	0.02045	0.02287	0.02332	0.01672	0.02309	0.02039	0.02200	0.07948	0.00867	0.00711	0.00232	0.01009	0.00660	0.00378	0.01080
2	0.01963	0.01884	0.03219	0.04867	0.67185	0.01884	0.02434	0.02434	0.01806	0.02591	0.01492	0.01963	0.01256	0.00707	0.00785	0.00236	0.00942	0.00707	0.00393	0.01256
3	0.01963	0.01884	0.03219	0.04867	0.67185	0.01884	0.02434	0.02434	0.01806	0.02591	0.01492	0.01963	0.01256	0.00707	0.00785	0.00236	0.00942	0.00707	0.00393	0.01256
4	0.01929	0.01828	0.02990	0.09317	0.55013	0.01885	0.02279	0.02612	0.09262	0.02634	0.01688	0.02090	0.01377	0.00756	0.00788	0.00242	0.00914	0.00729	0.00438	0.01228
5	0.01492	0.03324	0.51028	0.02117	0.03052	0.01627	0.06742	0.02248	0.01658	0.02422	0.01990	0.14874	0.01817	0.01073	0.00815	0.00266	0.01049	0.00924	0.00415	0.01066
6	0.01443	0.01122	0.01464	0.01356	0.01490	0.01316	0.01027	0.08785	0.01539	0.02158	0.02176	0.08157	0.02212	0.20815	0.29280	0.00809	0.12628	0.00984	0.00491	0.00748

[dist]
# distance from previous block
# <min> <max>
3	36

[block]
# block no. 5 follows, 24 sequences, length 47
# corresponding to MSA columns:
# 209-255
name=unknown_F
#
# <colnr> <probs for GDERKNQSTAVLIFYWHMCP>
#	G	D	E	R	K	N	Q	S	T	A	V	L	I	F	Y	W	H	M	C	P
0	0.01682	0.01598	0.02712	0.44293	0.29952	0.01810	0.02294	0.02188	0.01673	0.02250	0.01442	0.02054	0.01136	0.00759	0.00790	0.00253	0.01011	0.00705	0.00368	0.01030
1	0.01140	0.00870	0.01209	0.01258	0.01397	0.00831	0.04170	0.04815	0.01692	0.02241	0.04309	0.57602	0.08693	0.02260	0.00994	0.00312	0.00536	0.04237	0.00721	0.00712
2	0.01769	0.02076	0.07867	0.02801	0.03359	0.02048	0.39327	0.02286	0.01653	0.02332	0.01570	0.05464	0.01346	0.00970	0.01405	0.00292	0.21129	0.00910	0.00398	0.00997
3	0.01935	0.02222	0.06793	0.03565	0.20964	0.05627	0.37904	0.02508	0.01828	0.02484	0.01513	0.02009	0.01190	0.00732	0.00970	0.00259	0.05177	0.00822	0.00393	0.01105
4	0.01937	0.01858	0.03173	0.08418	0.63831	0.01877	0.02421	0.02412	0.01794	0.02560	0.01487	0.01971	0.01245	0.00711	0.00785	0.00237	0.00948	0.00706	0.00390	0.01236
5	0.01963	0.01884	0.03219	0.04867	0.67185	0.01884	0.02434	0.02434	0.01806	0.02591	0.01492	0.01963	0.01256	0.00707	0.00785	0.00236	0.00942	0.00707	0.00393	0.01256
6	0.01110	0.00969	0.04463	0.01416	0.05095	0.00820	0.01018	0.01356	0.01644	0.02224	0.09161	0.50163	0.04896	0.02185	0.00991	0.00314	0.00553	0.10189	0.00707	0.00726
7	0.02411	0.35946	0.14995	0.01648	0.02366	0.11781	0.01644	0.05843	0.01920	0.12423	0.01534	0.01621	0.01180	0.00772	0.00641	0.00204	0.00962	0.00538	0.00471	0.01100
8	0.01753	0.01719	0.03065	0.32311	0.32340	0.01849	0.10902	0.02276	0.01722	0.02345	0.01472	0.02051	0.01165	0.00738	0.00809	0.00252	0.01045	0.00738	0.00377	0.01072
9	0.01729	0.01930	0.07199	0.24080	0.11937	0.01849	0.31410	0.02301	0.01727	0.02334	0.01510	0.02096	0.01161	0.00808	0.00958	0.03613	0.01165	0.00806	0.00379	0.01008
10	0.01551	0.03418	0.51719	0.02186	0.03176	0.01698	0.08903	0.02366	0.01778	0.02612	0.11014	0.02344	0.01974	0.00872	0.00799	0.00253	0.01072	0.00746	0.00420	0.01099
11	0.02287	0.17597	0.17702	0.02150	0.08812	0.01997	0.08446	0.02999	0.09255	0.18117	0.01997	0.02058	0.01446	0.00816	0.00740	0.00234	0.00915	0.00686	0.00558	0.01188
12	0.01658	0.01669	0.05151	0.20371	0.33717	0.01659	0.05385	0.02131	0.01719	0.02350	0.02238	0.02830	0.07845	0.01199	0.04702	0.00311	0.01008	0.02587	0.00426	0.01044
13	0.01699	0.01649	0.14784	0.04957	0.02169	0.01178	0.01519	0.02219	0.04358	0.13231	0.07087	0.11248	0.06986	0.01572	0.00925	0.00298	0.00759	0.21737	0.00685	0.00939
14	0.01590	0.04102	0.68023	0.02260	0.03432	0.01842	0.02930	0.02511	0.01674	0.02511	0.01423	0.01674	0.01005	0.00753	0.00753	0.00251	0.01172	0.00586	0.00335	0.01172
15	0.01952	0.02132	0.08754	0.07092	0.56692	0.04526	0.02432	0.02453	0.01803	0.02536	0.01472	0.01923	0.01217	0.00718	0.00780	0.00237	0.00986	0.00688	0.00387	0.01221
16	0.01697	0.12222	0.51932	0.02376	0.06943	0.02015	0.07146	0.02492	0.01688	0.02439	0.01401	0.01675	0.01035	0.00735	0.00738	0.00241	0.01131	0.00598	0.00343	0.01150
17	0.01408	0.01114	0.01629	0.05811	0.11599	0.01144	0.01449	0.01892	0.05448	0.02450	0.05979	0.10685	0.03902	0.01823	0.01005	0.00328	0.00745	0.40078	0.00669	0.00843
18	0.01153	0.00769	0.00865	0.00865	0.00865	0.00769	0.00480	0.01153	0.01153	0.01538	0.02499	0.05189	0.02883	0.72131	0.04036	0.00769	0.00769	0.01153	0.00480	0.00480
19	0.01328	0.01247	0.05203	0.01460	0.04875	0.01101	0.04390	0.02000	0.11546	0.02923	0.37035	0.08074	0.12687	0.01481	0.00902	0.00258	0.00544	0.01310	0.00761	0.00876
20	0.02058	0.64547	0.11671	0.01463	0.02200	0.02985	0.01542	0.02391	0.01619	0.01942	0.01140	0.01319	0.01016	0.00687	0.00538	0.00179	0.00886	0.00443	0.00339	0.01036
21	0.02074	0.18752	0.11655	0.06793	0.15475	0.14896	0.01921	0.02523	0.03874	0.02175	0.01327	0.01673	0.01117	0.00849	0.00982	0.00236	0.11659	0.00593	0.00380	0.01043
22	0.01112	0.00810	0.01046	0.00987	0.01179	0.00744	0.00740	0.01477	0.02221	0.03125	0.63645	0.06014	0.10638	0.01642	0.00935	0.00250	0.00376	0.01447	0.00866	0.00744
23	0.01835	0.01872	0.09310	0.04353	0.02619	0.01426	0.12312	0.06190	0.01842	0.05275	0.01544	0.01810	0.01199	0.00666	0.00695	0.00176	0.00820	0.00601	0.00480	0.44975
24	0.01153	0.00769	0.00865	0.00865	0.00865	0.00769	0.00480	0.01153	0.01153	0.01538	0.02499	0.05189	0.02883	0.72131	0.04036	0.00769	0.00769	0.01153	0.00480	0.00480
25	0.77733	0.01534	0.01166	0.01043	0.01534	0.01779	0.00859	0.02331	0.01350	0.03558	0.01104	0.01288	0.00859	0.00736	0.00491	0.00245	0.00613	0.00429	0.00491	0.00859
26	0.01590	0.04102	0.68023	0.02260	0.03432	0.01842	0.02930	0.02511	0.01674	0.02511	0.01423	0.01674	0.01005	0.00753	0.00753	0.00251	0.01172	0.00586	0.00335	0.01172
27	0.01122	0.00811	0.01060	0.00998	0.01185	0.00748	0.00748	0.01496	0.02245	0.03180	0.66766	0.05923	0.07482	0.01621	0.00935	0.00249	0.00374	0.01434	0.00873	0.00748
28	0.02849	0.01606	0.01905	0.01515	0.02057	0.01634	0.01232	0.23668	0.10417	0.30248	0.11542	0.02913	0.02579	0.01072	0.00816	0.00246	0.00693	0.00870	0.00883	0.01255
29	0.01251	0.00900	0.01243	0.01418	0.01599	0.00892	0.01228	0.01601	0.01814	0.02350	0.04380	0.11125	0.07427	0.02193	0.01085	0.00359	0.00706	0.56975	0.00731	0.00724
30	0.03094	0.01728	0.10881	0.01586	0.02261	0.01276	0.04520	0.03506	0.02136	0.52134	0.02792	0.02546	0.01799	0.00932	0.00785	0.00244	0.00759	0.00773	0.04970	0.01278
31	0.01644	0.01409	0.01644	0.01175	0.01879	0.01057	0.00940	0.01997	0.01644	0.02584	0.01409	0.01644	0.01175	0.00587	0.00587	0.00117	0.00587	0.00470	0.00470	0.76979
32	0.01644	0.01409	0.01644	0.01175	0.01879	0.01057	0.00940	0.01997	0.01644	0.02584	0.01409	0.01644	0.01175	0.00587	0.00587	0.00117	0.00587	0.00470	0.00470	0.76979
33	0.02838	0.02076	0.02238	0.01763	0.02360	0.02299	0.01441	0.49720	0.15783	0.07798	0.02224	0.02150	0.01589	0.00978	0.00796	0.00244	0.00815	0.00754	0.00805	0.01330
34	0.00983	0.00697	0.00915	0.01083	0.01125	0.00655	0.00714	0.01108	0.01486	0.01981	0.04206	0.65770	0.05037	0.08611	0.01278	0.00361	0.00487	0.02157	0.00714	0.00630
35	0.02596	0.02134	0.02136	0.01757	0.02301	0.07348	0.01409	0.35868	0.28271	0.04096	0.02378	0.02287	0.01750	0.00991	0.00793	0.00248	0.00818	0.00771	0.00769	0.01279
36	0.02418	0.01274	0.01558	0.01286	0.01746	0.01212	0.01033	0.10594	0.05977	0.30903	0.10021	0.04094	0.17640	0.01563	0.04683	0.00309	0.00687	0.01060	0.00848	0.01092
37	0.01963	0.01884	0.03219	0.04867	0.67185	0.01884	0.02434	0.02434	0.01806	0.02591	0.01492	0.01963	0.01256	0.00707	0.00785	0.00236	0.00942	0.00707	0.00393	0.01256
38	0.01644	0.01409	0.01644	0.01175	0.01879	0.01057	0.00940	0.01997	0.01644	0.02584	0.01409	0.01644	0.01175	0.00587	0.00587	0.00117	0.00587	0.00470	0.00470	0.76979
39	0.01624	0.01537	0.02581	0.45651	0.25446	0.01751	0.02204	0.02118	0.01668	0.02216	0.01742	0.02319	0.04154	0.00821	0.00797	0.00255	0.00989	0.00750	0.00383	0.00994
40	0.01933	0.01854	0.03165	0.09015	0.63268	0.01876	0.02419	0.02408	0.01792	0.02555	0.01486	0.01972	0.01243	0.00712	0.00786	0.00237	0.00949	0.00706	0.00390	0.01232
41	0.03477	0.05362	0.01971	0.01408	0.02025	0.01277	0.01176	0.03781	0.02233	0.64025	0.03014	0.02619	0.01910	0.00964	0.00781	0.00241	0.00685	0.00776	0.00945	0.01331
42	0.01625	0.01614	0.04771	0.01759	0.02432	0.01284	0.17297	0.02064	0.01720	0.02553	0.04547	0.07394	0.01768	0.00807	0.00731	0.00183	0.00782	0.00775	0.00485	0.45409
43	0.05376	0.04028	0.01386	0.01207	0.01517	0.11362	0.00924	0.02080	0.08964	0.04907	0.21397	0.09208	0.21625	0.01503	0.00851	0.00251	0.00616	0.01246	0.00713	0.00838
44	0.01992	0.01954	0.03144	0.07080	0.61990	0.04970	0.02384	0.02453	0.01818	0.02540	0.01476	0.01944	0.01238	0.00715	0.00782	0.00235	0.00969	0.00697	0.00392	0.01227
45	0.02462	0.01902	0.02064	0.01608	0.02191	0.04521	0.01308	0.32870	0.06388	0.06974	0.01852	0.01963	0.01397	0.01105	0.03956	0.00258	0.03902	0.00659	0.00663	0.21955
46	0.06668	0.02120	0.07496	0.06984	0.16085	0.01946	0.41793	0.02478	0.01800	0.02585	0.01531	0.02025	0.01173	0.00691	0.00861	0.00259	0.01192	0.00828	0.00399	0.01087

[dist]
# distance from previous block
# <min> <max>
0	1

[block]
# block no. 6 follows, 24 sequences, length 15
# corresponding to MSA columns:
# 257-271
name=unknown_G
#
# <colnr> <probs for GDERKNQSTAVLIFYWHMCP>
#	G	D	E	R	K	N	Q	S	T	A	V	L	I	F	Y	W	H	M	C	P
0	0.12342	0.06761	0.01883	0.01353	0.01909	0.01489	0.01125	0.08953	0.04319	0.39661	0.07372	0.02769	0.04573	0.01013	0.00753	0.00241	0.00665	0.00798	0.00831	0.01191
1	0.02560	0.01928	0.02057	0.01764	0.04594	0.05696	0.01381	0.35442	0.10517	0.07730	0.02311	0.02735	0.01815	0.01043	0.00791	0.00243	0.00805	0.06081	0.06194	0.04313
2	0.07727	0.01862	0.02941	0.07947	0.52879	0.01922	0.02218	0.08093	0.01935	0.02852	0.01496	0.01915	0.01224	0.00736	0.00764	0.00238	0.00917	0.00686	0.00434	0.01214
3	0.25807	0.09671	0.21262	0.01776	0.02513	0.05286	0.06783	0.08285	0.06613	0.03038	0.01475	0.01656	0.01115	0.00779	0.00667	0.00240	0.00921	0.00580	0.00471	0.01060
4	0.00966	0.00690	0.00920	0.01104	0.01150	0.00644	0.00736	0.01104	0.01518	0.02024	0.04371	0.71614	0.05245	0.02484	0.01012	0.00322	0.00460	0.02254	0.00736	0.00644
5	0.00966	0.00690	0.00920	0.01104	0.01150	0.00644	0.00736	0.01104	0.01518	0.02024	0.04371	0.71614	0.05245	0.02484	0.01012	0.00322	0.00460	0.02254	0.00736	0.00644
6	0.00966	0.00690	0.00920	0.01104	0.01150	0.00644	0.00736	0.01104	0.01518	0.02024	0.04371	0.71614	0.05245	0.02484	0.01012	0.00322	0.00460	0.02254	0.00736	0.00644
7	0.02731	0.02994	0.02258	0.01961	0.02372	0.39955	0.01527	0.16622	0.08146	0.02734	0.01532	0.01710	0.01222	0.00942	0.00977	0.00235	0.09911	0.00613	0.00521	0.01038
8	0.02902	0.02179	0.02384	0.01847	0.02426	0.02456	0.01527	0.59050	0.03508	0.04727	0.01828	0.01889	0.01322	0.00990	0.00952	0.00248	0.06993	0.00712	0.00754	0.01306
9	0.00995	0.00710	0.00953	0.01137	0.01195	0.00669	0.00786	0.01154	0.01546	0.02056	0.04355	0.65873	0.05182	0.02457	0.01020	0.00326	0.00485	0.07714	0.00736	0.00652
10	0.00966	0.00690	0.00920	0.01104	0.01150	0.00644	0.00736	0.01104	0.01518	0.02024	0.04371	0.71614	0.05245	0.02484	0.01012	0.00322	0.00460	0.02254	0.00736	0.00644
11	0.77733	0.01534	0.01166	0.01043	0.01534	0.01779	0.00859	0.02331	0.01350	0.03558	0.01104	0.01288	0.00859	0.00736	0.00491	0.00245	0.00613	0.00429	0.00491	0.00859
12	0.01902	0.01914	0.02857	0.02296	0.02555	0.05238	0.15533	0.07571	0.01630	0.02317	0.01304	0.01895	0.01150	0.01393	0.05319	0.00360	0.42662	0.00749	0.00405	0.00949
13	0.07951	0.01857	0.01941	0.01776	0.05266	0.04465	0.01336	0.15012	0.41742	0.05949	0.02664	0.02525	0.01982	0.00997	0.00776	0.00257	0.00718	0.00801	0.00752	0.01234
14	0.02046	0.07902	0.02048	0.01455	0.01977	0.01447	0.05621	0.07399	0.07471	0.14518	0.16446	0.03327	0.03005	0.01062	0.00783	0.00221	0.00668	0.04354	0.00702	0.17549

[dist]
# distance from previous block
# <min> <max>
1	3

[block]
# block no. 7 follows, 24 sequences, length 34
# corresponding to MSA columns:
# 275-308
name=unknown_H
#
# <colnr> <probs for GDERKNQSTAVLIFYWHMCP>
#	G	D	E	R	K	N	Q	S	T	A	V	L	I	F	Y	W	H	M	C	P
0	0.06301	0.01683	0.03854	0.01721	0.05619	0.01782	0.01312	0.03637	0.45451	0.06644	0.05385	0.03020	0.02414	0.01059	0.00790	0.00260	0.00656	0.02988	0.00745	0.04680
1	0.10193	0.01687	0.01789	0.01474	0.01998	0.07823	0.01183	0.07693	0.14361	0.34481	0.06924	0.02653	0.02180	0.01001	0.00771	0.00246	0.00724	0.00790	0.00827	0.01203
2	0.01963	0.01884	0.03219	0.04867	0.67185	0.01884	0.02434	0.02434	0.01806	0.02591	0.01492	0.01963	0.01256	0.00707	0.00785	0.00236	0.00942	0.00707	0.00393	0.01256
3	0.01644	0.01409	0.01644	0.01175	0.01879	0.01057	0.00940	0.01997	0.01644	0.02584	0.01409	0.01644	0.01175	0.00587	0.00587	0.00117	0.00587	0.00470	0.00470	0.76979
4	0.03014	0.02221	0.02380	0.01825	0.02459	0.02459	0.01507	0.64541	0.03728	0.04998	0.01904	0.01904	0.01349	0.00952	0.00793	0.00238	0.00873	0.00714	0.00793	0.01349
5	0.01278	0.00913	0.01278	0.01460	0.01643	0.00913	0.01278	0.01643	0.01825	0.02373	0.04199	0.08945	0.04564	0.02191	0.01095	0.00365	0.00730	0.61847	0.00730	0.00730
6	0.03558	0.01350	0.01840	0.01411	0.02024	0.01166	0.01166	0.03865	0.02270	0.67734	0.03128	0.02699	0.01963	0.00981	0.00797	0.00245	0.00675	0.00797	0.00981	0.01350
7	0.01518	0.01431	0.02416	0.67298	0.08226	0.01767	0.02213	0.02044	0.01595	0.02051	0.01413	0.02107	0.01066	0.00789	0.00792	0.00263	0.01052	0.00705	0.00354	0.00898
8	0.01879	0.02119	0.04565	0.03461	0.09069	0.01996	0.59471	0.02532	0.01866	0.02544	0.01595	0.02125	0.01207	0.00671	0.00924	0.00265	0.01306	0.00918	0.00400	0.01084
9	0.01587	0.01501	0.02540	0.57627	0.17359	0.01785	0.02247	0.02105	0.01628	0.02135	0.01425	0.02085	0.01095	0.00776	0.00791	0.00259	0.01035	0.00705	0.00360	0.00953
10	0.01056	0.00821	0.00982	0.01075	0.01276	0.00747	0.00852	0.01302	0.01764	0.02200	0.06125	0.18936	0.35495	0.02150	0.01003	0.00310	0.00522	0.21965	0.00734	0.00686
11	0.01223	0.00892	0.01202	0.01347	0.01541	0.00871	0.01158	0.01567	0.01846	0.02385	0.08070	0.08605	0.13150	0.02135	0.01065	0.00346	0.00667	0.50468	0.00739	0.00723
12	0.01555	0.03907	0.64198	0.02194	0.03302	0.01773	0.02805	0.02431	0.01665	0.02484	0.01591	0.05661	0.01246	0.00852	0.00768	0.00255	0.01131	0.00681	0.00358	0.01142
13	0.01590	0.04102	0.68023	0.02260	0.03432	0.01842	0.02930	0.02511	0.01674	0.02511	0.01423	0.01674	0.01005	0.00753	0.00753	0.00251	0.01172	0.00586	0.00335	0.01172
14	0.01590	0.04102	0.68023	0.02260	0.03432	0.01842	0.02930	0.02511	0.01674	0.02511	0.01423	0.01674	0.01005	0.00753	0.00753	0.00251	0.01172	0.00586	0.00335	0.01172
15	0.01517	0.01435	0.02382	0.64775	0.05191	0.01815	0.02165	0.02017	0.01556	0.02017	0.01380	0.02084	0.01056	0.00840	0.00938	0.00271	0.06626	0.00704	0.00352	0.00880
16	0.01564	0.02522	0.26784	0.06038	0.03324	0.01653	0.25336	0.02219	0.01759	0.02447	0.04799	0.09608	0.06256	0.01021	0.00870	0.00266	0.01071	0.01001	0.00450	0.01013
17	0.01498	0.01409	0.02378	0.70226	0.05462	0.01762	0.02202	0.02026	0.01586	0.02026	0.01409	0.02114	0.01057	0.00793	0.00793	0.00264	0.01057	0.00705	0.00352	0.00881
18	0.02100	0.01027	0.01373	0.01164	0.01522	0.00916	0.00916	0.02447	0.02255	0.29101	0.41213	0.04629	0.05266	0.01364	0.00880	0.00248	0.00495	0.01178	0.00917	0.00990
19	0.01122	0.00811	0.01060	0.00998	0.01185	0.00748	0.00748	0.01496	0.02245	0.03180	0.66766	0.05923	0.07482	0.01621	0.00935	0.00249	0.00374	0.01434	0.00873	0.00748
20	0.01725	0.03313	0.41750	0.02449	0.03358	0.05720	0.17177	0.02459	0.01711	0.02421	0.01525	0.04178	0.01201	0.00847	0.00951	0.00262	0.06761	0.00730	0.00369	0.01091
21	0.03470	0.01369	0.01838	0.01422	0.02026	0.01210	0.01170	0.03884	0.05782	0.64170	0.03134	0.02713	0.01988	0.00987	0.00798	0.00247	0.00672	0.00803	0.00972	0.01344
22	0.01133	0.00850	0.01274	0.01274	0.01416	0.00991	0.00991	0.01416	0.01274	0.01841	0.02124	0.03115	0.01982	0.05947	0.68989	0.01274	0.02124	0.00850	0.00425	0.00708
23	0.01498	0.01409	0.02378	0.70226	0.05462	0.01762	0.02202	0.02026	0.01586	0.02026	0.01409	0.02114	0.01057	0.00793	0.00793	0.00264	0.01057	0.00705	0.00352	0.00881
24	0.01711	0.01771	0.02772	0.02239	0.02530	0.06441	0.20785	0.02040	0.01560	0.02165	0.01894	0.14666	0.01895	0.01311	0.01593	0.00302	0.29134	0.01043	0.03262	0.00888
25	0.00980	0.00700	0.00937	0.01121	0.01173	0.00656	0.00761	0.01129	0.01532	0.02040	0.04363	0.68731	0.05213	0.02471	0.01016	0.00324	0.00472	0.04996	0.00736	0.00648
26	0.01963	0.01884	0.03219	0.04867	0.67185	0.01884	0.02434	0.02434	0.01806	0.02591	0.01492	0.01963	0.01256	0.00707	0.00785	0.00236	0.00942	0.00707	0.00393	0.01256
27	0.02017	0.01805	0.02991	0.09712	0.54813	0.01838	0.02276	0.02584	0.05459	0.06309	0.01677	0.02074	0.01347	0.00750	0.00788	0.00240	0.00918	0.00722	0.00447	0.01231
28	0.01762	0.01885	0.03771	0.06472	0.03595	0.01884	0.44453	0.02443	0.06133	0.02476	0.01965	0.06510	0.01688	0.00951	0.01066	0.00282	0.06735	0.04457	0.00460	0.01012
29	0.07070	0.01801	0.02921	0.11680	0.48311	0.01874	0.04380	0.02527	0.06867	0.02649	0.01599	0.02020	0.01298	0.00747	0.00773	0.00243	0.00921	0.00711	0.00428	0.01180
30	0.01781	0.01987	0.04279	0.03101	0.03825	0.01875	0.57153	0.02399	0.01815	0.02469	0.01763	0.05307	0.01437	0.01109	0.05576	0.00338	0.01351	0.00989	0.00418	0.01026
31	0.01972	0.02321	0.16932	0.06791	0.11448	0.01814	0.29045	0.02586	0.01823	0.10241	0.01790	0.04187	0.01369	0.00813	0.00909	0.00261	0.03281	0.00838	0.00461	0.01117
32	0.01754	0.05981	0.05841	0.06818	0.08685	0.01905	0.40264	0.02300	0.01759	0.02388	0.01840	0.09971	0.01636	0.00921	0.00969	0.00268	0.04252	0.01004	0.00428	0.01016
33	0.01758	0.01796	0.03344	0.11779	0.03472	0.01912	0.32891	0.04734	0.05159	0.02421	0.01741	0.04539	0.01466	0.04099	0.04340	0.00346	0.11882	0.00905	0.00439	0.00979

[dist]
# distance from previous block
# <min> <max>
2	24

# created by:
# /st0/software/busco_prod/Augustus/scripts/msa2prfl.pl ./align_prep/127943.fa
