[name]
unknown

[dist]
# distance from previous block
# <min> <max>
0	14

[block]
# block no. 0 follows, 26 sequences, length 50
# corresponding to MSA columns:
# 15-64
name=unknown_A
#
# <colnr> <probs for GDERKNQSTAVLIFYWHMCP>
#	G	D	E	R	K	N	Q	S	T	A	V	L	I	F	Y	W	H	M	C	P
0	0.01770	0.01630	0.01898	0.01653	0.01875	0.08930	0.03345	0.09029	0.01766	0.02422	0.07139	0.03207	0.02164	0.04233	0.01543	0.00293	0.26716	0.10061	0.05077	0.05249
1	0.01849	0.01684	0.02599	0.14066	0.08308	0.01730	0.15440	0.13238	0.04943	0.02749	0.01611	0.03805	0.01297	0.00800	0.00858	0.00222	0.05336	0.00721	0.00478	0.18268
2	0.10217	0.01492	0.01640	0.03509	0.01894	0.01514	0.01065	0.23364	0.04295	0.06341	0.07198	0.04757	0.05873	0.05101	0.00886	0.00238	0.00655	0.00786	0.00637	0.18539
3	0.23541	0.01465	0.01667	0.15622	0.02440	0.01584	0.01220	0.15130	0.01984	0.05568	0.09929	0.02177	0.01844	0.00853	0.00666	0.00220	0.00694	0.00661	0.00562	0.12172
4	0.07759	0.01468	0.03670	0.01331	0.01806	0.01418	0.01090	0.13906	0.12865	0.09774	0.10697	0.06700	0.02455	0.01326	0.05299	0.00283	0.00708	0.00834	0.00667	0.15944
5	0.10052	0.01532	0.02021	0.04732	0.02252	0.01494	0.07798	0.15956	0.02213	0.23880	0.07138	0.02293	0.01830	0.00860	0.00726	0.00218	0.00726	0.00720	0.00687	0.12871
6	0.36338	0.01532	0.01823	0.18700	0.11546	0.01726	0.01419	0.08390	0.01692	0.08313	0.01405	0.01675	0.01048	0.00752	0.00629	0.00237	0.00760	0.00564	0.00490	0.00960
7	0.00924	0.00660	0.00880	0.01056	0.01100	0.00616	0.00704	0.01056	0.01452	0.01936	0.04181	0.72848	0.05017	0.02376	0.00968	0.00308	0.00440	0.02156	0.00704	0.00616
8	0.07941	0.01830	0.02023	0.01565	0.02145	0.01951	0.01291	0.44396	0.03009	0.20585	0.02082	0.02003	0.01426	0.00903	0.00734	0.00228	0.00756	0.00686	0.03207	0.01241
9	0.78701	0.01467	0.01115	0.00997	0.01467	0.01702	0.00821	0.02230	0.01291	0.03403	0.01056	0.01232	0.00821	0.00704	0.00469	0.00235	0.00587	0.00411	0.00469	0.00821
10	0.01090	0.00706	0.00927	0.01049	0.01121	0.00658	0.00702	0.01218	0.01458	0.05875	0.03919	0.61424	0.04589	0.09875	0.01265	0.00349	0.00484	0.01961	0.00692	0.00639
11	0.14027	0.00939	0.00988	0.00890	0.01188	0.00940	0.00698	0.02163	0.01694	0.14975	0.07739	0.02763	0.02182	0.00920	0.00593	0.00202	0.00444	0.00725	0.45100	0.00832
12	0.01721	0.01824	0.05827	0.28003	0.04311	0.01792	0.37544	0.02305	0.01701	0.05185	0.01525	0.02045	0.01125	0.00699	0.00833	0.00253	0.01148	0.00797	0.00389	0.00972
13	0.01000	0.00772	0.00913	0.00877	0.01088	0.00685	0.00658	0.01290	0.01974	0.02632	0.43213	0.06341	0.32411	0.01704	0.00895	0.00246	0.00369	0.01466	0.00781	0.00685
14	0.01887	0.01629	0.01715	0.01544	0.01972	0.01887	0.01201	0.04031	0.67241	0.03173	0.03087	0.02830	0.02315	0.01029	0.00772	0.00257	0.00600	0.00858	0.00772	0.01201
15	0.01815	0.44403	0.31505	0.01661	0.02509	0.02480	0.01931	0.02326	0.01567	0.02044	0.01184	0.01379	0.00968	0.00679	0.00585	0.00195	0.00942	0.00471	0.00323	0.01035
16	0.01647	0.01587	0.01961	0.01726	0.01798	0.07478	0.01409	0.01853	0.01303	0.01942	0.01332	0.01958	0.01233	0.01818	0.11274	0.00422	0.47944	0.00675	0.09843	0.00798
17	0.00933	0.00667	0.00888	0.01050	0.01102	0.00622	0.00705	0.01078	0.01492	0.01999	0.07839	0.69010	0.05139	0.02329	0.00964	0.00304	0.00435	0.02111	0.00712	0.00622
18	0.01089	0.00791	0.01108	0.01108	0.01205	0.00888	0.00810	0.01283	0.01186	0.01679	0.02133	0.03542	0.02140	0.24860	0.51500	0.01082	0.01664	0.00895	0.00421	0.00616
19	0.00922	0.00695	0.00855	0.00972	0.01081	0.00627	0.00669	0.01080	0.01557	0.02012	0.07728	0.52007	0.22614	0.02217	0.00945	0.00291	0.00421	0.01971	0.00709	0.00627
20	0.17326	0.01999	0.02055	0.01603	0.02184	0.02228	0.01324	0.53919	0.03133	0.04518	0.01675	0.01709	0.01201	0.00871	0.00704	0.00229	0.00787	0.00631	0.00704	0.01201
21	0.02780	0.03226	0.02143	0.01891	0.02322	0.54032	0.01444	0.14023	0.06666	0.02450	0.01411	0.01542	0.01119	0.00820	0.00703	0.00205	0.01225	0.00546	0.00480	0.00972
22	0.32590	0.01630	0.01602	0.01318	0.01817	0.03823	0.01073	0.21443	0.02208	0.16307	0.04749	0.04932	0.01627	0.00922	0.00659	0.00235	0.00680	0.00679	0.00669	0.01039
23	0.01799	0.01588	0.02573	0.36868	0.29892	0.01764	0.02103	0.07337	0.01790	0.04892	0.01479	0.01970	0.01141	0.00745	0.00756	0.00239	0.00940	0.00679	0.00409	0.01037
24	0.03130	0.01381	0.01774	0.01398	0.01959	0.01293	0.01142	0.06260	0.13042	0.55585	0.02961	0.02592	0.01927	0.00953	0.00764	0.00238	0.00646	0.00775	0.00904	0.01276
25	0.03403	0.01291	0.01760	0.01350	0.01936	0.01115	0.01115	0.03697	0.02171	0.69137	0.02992	0.02582	0.01878	0.00939	0.00763	0.00235	0.00645	0.00763	0.00939	0.01291
26	0.07951	0.02610	0.02275	0.04479	0.13303	0.30896	0.01585	0.19630	0.02336	0.02851	0.01378	0.01597	0.01089	0.00816	0.00780	0.00219	0.04104	0.00579	0.00488	0.01035
27	0.02050	0.66872	0.03802	0.04163	0.02101	0.06793	0.01340	0.02301	0.01575	0.01795	0.01073	0.01258	0.00975	0.00661	0.00509	0.00168	0.00851	0.00421	0.00329	0.00963
28	0.06836	0.01681	0.01895	0.01640	0.06068	0.01772	0.01245	0.36769	0.02726	0.11770	0.02493	0.05241	0.07013	0.01015	0.00741	0.00227	0.00710	0.00804	0.05450	0.03901
29	0.02738	0.01652	0.01978	0.08627	0.02390	0.01743	0.01331	0.32457	0.04905	0.24769	0.04630	0.02301	0.01725	0.00930	0.00755	0.00232	0.00746	0.00739	0.04156	0.01195
30	0.01350	0.01307	0.02288	0.01844	0.02219	0.03276	0.24856	0.01739	0.01800	0.02411	0.19251	0.21104	0.08123	0.01439	0.00912	0.00266	0.00764	0.03636	0.00608	0.00804
31	0.00990	0.00738	0.00922	0.00948	0.01101	0.00669	0.00683	0.01243	0.01843	0.02491	0.35714	0.27069	0.19031	0.01886	0.00918	0.00264	0.00389	0.01665	0.00767	0.00669
32	0.02131	0.01668	0.02016	0.07336	0.02395	0.01843	0.05528	0.17533	0.34219	0.08582	0.02820	0.02728	0.05735	0.01000	0.00782	0.00248	0.00722	0.00842	0.00717	0.01154
33	0.11637	0.04583	0.04489	0.29153	0.03201	0.01618	0.01537	0.09203	0.01878	0.16663	0.04431	0.02150	0.01482	0.00837	0.00706	0.00236	0.00805	0.00675	0.03728	0.00987
34	0.01567	0.01368	0.01282	0.01248	0.01417	0.12970	0.00920	0.05820	0.01681	0.02254	0.02640	0.26397	0.02754	0.06179	0.05430	0.00339	0.06290	0.01189	0.17522	0.00736
35	0.14100	0.05031	0.07489	0.02613	0.19985	0.24313	0.06585	0.02521	0.01749	0.02342	0.01248	0.01565	0.01026	0.00757	0.00799	0.00225	0.05709	0.00571	0.00387	0.00985
36	0.00896	0.00768	0.00768	0.00768	0.01025	0.00640	0.00576	0.01089	0.01729	0.02049	0.07684	0.07300	0.68304	0.01921	0.00896	0.00256	0.00384	0.01601	0.00704	0.00640
37	0.02028	0.01789	0.01789	0.01585	0.02027	0.05987	0.01237	0.09259	0.57952	0.03232	0.02866	0.02657	0.02149	0.01004	0.00765	0.00251	0.00666	0.00821	0.00748	0.01189
38	0.01414	0.00707	0.00707	0.00707	0.00884	0.00707	0.00530	0.01767	0.01591	0.02828	0.02474	0.02828	0.01944	0.00884	0.00530	0.00177	0.00353	0.00707	0.77554	0.00707
39	0.00931	0.00770	0.00817	0.00805	0.01046	0.00655	0.00604	0.01156	0.01811	0.02245	0.19626	0.06977	0.56240	0.01848	0.00896	0.00253	0.00379	0.01556	0.00730	0.00655
40	0.00930	0.00770	0.00814	0.00803	0.01045	0.00654	0.00602	0.01153	0.01807	0.02235	0.19000	0.06994	0.56872	0.01852	0.00896	0.00253	0.00379	0.01558	0.00729	0.00654
41	0.02810	0.03388	0.02150	0.01918	0.02334	0.60622	0.01455	0.10085	0.04311	0.02223	0.01304	0.01463	0.01053	0.00804	0.00695	0.00201	0.01285	0.00522	0.00444	0.00935
42	0.02445	0.01141	0.01498	0.01219	0.01645	0.01038	0.00978	0.06892	0.02253	0.38708	0.28775	0.03755	0.03932	0.01180	0.00815	0.00236	0.00544	0.00999	0.00886	0.01063
43	0.02008	0.01690	0.01783	0.01568	0.02019	0.01943	0.01230	0.11576	0.59499	0.03368	0.02933	0.02707	0.02191	0.01015	0.00770	0.00254	0.00629	0.00836	0.00770	0.01211
44	0.01575	0.03033	0.42548	0.05629	0.07073	0.01777	0.15323	0.02291	0.01610	0.02337	0.01497	0.04751	0.01189	0.00810	0.00875	0.00251	0.05310	0.00714	0.00354	0.01054
45	0.04764	0.18620	0.06408	0.04239	0.06009	0.11490	0.01431	0.05546	0.22644	0.05488	0.01896	0.01941	0.01468	0.00819	0.00669	0.00215	0.00827	0.00624	0.00534	0.04368
46	0.05271	0.01646	0.02088	0.14107	0.20388	0.08816	0.01602	0.02541	0.08789	0.11693	0.04963	0.05197	0.03984	0.00994	0.00772	0.00244	0.00822	0.04513	0.00555	0.01015
47	0.07334	0.06131	0.02073	0.03466	0.02123	0.06242	0.01316	0.28179	0.12585	0.06496	0.04602	0.02098	0.01638	0.00957	0.00896	0.00237	0.08095	0.00695	0.03742	0.01095
48	0.04872	0.04408	0.06075	0.11694	0.07537	0.15140	0.01607	0.26797	0.02476	0.07134	0.01620	0.01797	0.01199	0.00823	0.00717	0.00222	0.00947	0.00625	0.03223	0.01088
49	0.01989	0.04018	0.01582	0.01295	0.01696	0.04275	0.01043	0.14040	0.15990	0.08009	0.04863	0.03034	0.02171	0.01020	0.00707	0.00220	0.00620	0.06381	0.20208	0.06838

[dist]
# distance from previous block
# <min> <max>
1	5

[block]
# block no. 1 follows, 26 sequences, length 128
# corresponding to MSA columns:
# 70-197
name=unknown_B
#
# <colnr> <probs for GDERKNQSTAVLIFYWHMCP>
#	G	D	E	R	K	N	Q	S	T	A	V	L	I	F	Y	W	H	M	C	P
0	0.01523	0.01153	0.01357	0.01181	0.01541	0.01098	0.00906	0.06067	0.09744	0.05703	0.09441	0.19077	0.08563	0.01331	0.00839	0.00224	0.03366	0.01128	0.03771	0.21989
1	0.04914	0.01324	0.01599	0.03984	0.01911	0.01108	0.00988	0.02093	0.01610	0.10400	0.01657	0.05158	0.01381	0.00737	0.00680	0.00155	0.03213	0.00585	0.00512	0.55992
2	0.29319	0.05490	0.12491	0.01443	0.02058	0.01841	0.01357	0.18432	0.04771	0.10541	0.04336	0.01830	0.01402	0.00829	0.00644	0.00231	0.00742	0.00598	0.00589	0.01055
3	0.01211	0.00926	0.03836	0.01025	0.01261	0.00772	0.00817	0.01563	0.02059	0.06785	0.54439	0.09982	0.09300	0.01554	0.00885	0.00244	0.00413	0.01367	0.00805	0.00756
4	0.01643	0.17324	0.50019	0.02085	0.05595	0.02038	0.02423	0.02340	0.01569	0.02251	0.01283	0.01541	0.00975	0.00741	0.00780	0.00230	0.05221	0.00541	0.00324	0.01078
5	0.01163	0.00925	0.01356	0.01311	0.01423	0.01128	0.01028	0.01410	0.01207	0.01760	0.01903	0.02868	0.01803	0.07426	0.58811	0.01082	0.11505	0.00802	0.00398	0.00690
6	0.00994	0.00768	0.00913	0.00932	0.01126	0.00687	0.00705	0.01252	0.01841	0.02401	0.27863	0.15070	0.32775	0.01867	0.00920	0.00266	0.00414	0.07788	0.00749	0.00669
7	0.01628	0.01573	0.02262	0.14145	0.02559	0.04573	0.05380	0.01818	0.01276	0.01816	0.01138	0.01819	0.01049	0.01336	0.02084	0.10360	0.43395	0.00672	0.00338	0.00780
8	0.00951	0.00763	0.00849	0.00843	0.01062	0.00661	0.00626	0.01187	0.01833	0.02334	0.25300	0.11333	0.45905	0.01843	0.00901	0.00255	0.00380	0.01572	0.00743	0.00661
9	0.01583	0.01381	0.01708	0.01220	0.01899	0.01053	0.03930	0.01934	0.01583	0.02470	0.01357	0.01595	0.01125	0.00565	0.00577	0.00119	0.00595	0.00470	0.00446	0.74388
10	0.01116	0.00776	0.01008	0.00970	0.01148	0.00712	0.00719	0.01436	0.02042	0.04841	0.55416	0.13943	0.09701	0.01652	0.00900	0.00248	0.00378	0.01461	0.00816	0.00717
11	0.02437	0.01623	0.01853	0.01443	0.02015	0.01620	0.01170	0.25167	0.12114	0.17278	0.05383	0.02256	0.01810	0.00880	0.00720	0.00206	0.00671	0.00702	0.00727	0.19925
12	0.02028	0.73799	0.03975	0.01298	0.01947	0.03001	0.01298	0.02271	0.01541	0.01785	0.01055	0.01217	0.00973	0.00649	0.00487	0.00162	0.00811	0.00406	0.00324	0.00973
13	0.02615	0.09169	0.02300	0.01620	0.02189	0.02276	0.01351	0.49904	0.09438	0.04210	0.01906	0.01917	0.01396	0.00894	0.00719	0.00221	0.00781	0.00674	0.05204	0.01215
14	0.01573	0.01348	0.01573	0.01123	0.01798	0.01011	0.00899	0.01910	0.01573	0.02472	0.01348	0.01573	0.01123	0.00562	0.00562	0.00112	0.00562	0.00449	0.00449	0.77980
15	0.03886	0.08687	0.09535	0.01536	0.02002	0.01524	0.05989	0.13577	0.04420	0.08344	0.06764	0.22016	0.02836	0.01348	0.00811	0.00255	0.00720	0.04161	0.00634	0.00953
16	0.02619	0.01744	0.01927	0.01543	0.02064	0.01886	0.01248	0.35753	0.17018	0.15648	0.02361	0.02329	0.01700	0.03088	0.00841	0.00247	0.00719	0.00749	0.05305	0.01212
17	0.01659	0.01440	0.02151	0.13224	0.02702	0.01296	0.11777	0.04226	0.01684	0.05080	0.01653	0.06615	0.01409	0.00758	0.00692	0.00181	0.00759	0.00696	0.00467	0.41530
18	0.00939	0.00671	0.00897	0.01073	0.01123	0.00629	0.00729	0.01081	0.01467	0.01953	0.04173	0.69704	0.04985	0.02363	0.00972	0.00310	0.00453	0.05156	0.00704	0.00620
19	0.19491	0.01811	0.04308	0.12478	0.02608	0.05014	0.06584	0.23288	0.02220	0.03317	0.01894	0.02250	0.04513	0.00895	0.00707	0.00238	0.00830	0.02834	0.03728	0.00991
20	0.01958	0.48809	0.23281	0.01558	0.02343	0.02523	0.01734	0.02393	0.01596	0.05904	0.01259	0.01411	0.01023	0.00687	0.00572	0.00190	0.00893	0.00472	0.00359	0.01036
21	0.01466	0.01343	0.01864	0.01657	0.01692	0.01795	0.01340	0.01647	0.01202	0.01841	0.01510	0.05527	0.01526	0.07554	0.14810	0.00515	0.47038	0.00796	0.04119	0.00758
22	0.01103	0.00735	0.00827	0.00827	0.00827	0.00735	0.00460	0.01103	0.01103	0.01471	0.02390	0.04964	0.02758	0.73343	0.03861	0.00735	0.00735	0.01103	0.00460	0.00460
23	0.04512	0.57353	0.07407	0.01382	0.01985	0.02714	0.01368	0.04232	0.01575	0.01980	0.01239	0.04628	0.01168	0.00784	0.00649	0.00188	0.04993	0.00521	0.00361	0.00962
24	0.01771	0.07258	0.21967	0.01767	0.02451	0.01675	0.08733	0.06308	0.14404	0.05897	0.05980	0.02436	0.04670	0.00955	0.00834	0.03408	0.00834	0.00749	0.00529	0.07372
25	0.01065	0.00775	0.01002	0.00945	0.01128	0.00712	0.00709	0.01415	0.02127	0.02993	0.65252	0.05746	0.10147	0.01569	0.00895	0.00239	0.00359	0.01383	0.00829	0.00712
26	0.03352	0.01373	0.01811	0.01389	0.01977	0.01237	0.01147	0.09859	0.02309	0.62779	0.02877	0.02507	0.01820	0.00936	0.00762	0.00234	0.00664	0.00755	0.00921	0.01291
27	0.01991	0.66356	0.07757	0.01505	0.05136	0.02873	0.01434	0.02282	0.01553	0.01853	0.01090	0.01270	0.00983	0.00654	0.00513	0.00170	0.00833	0.00427	0.00327	0.00993
28	0.01830	0.01770	0.03047	0.10623	0.55514	0.01803	0.06706	0.02368	0.04368	0.02453	0.01494	0.01941	0.01225	0.00695	0.00763	0.00231	0.00926	0.00698	0.00389	0.01156
29	0.00904	0.00769	0.00778	0.00776	0.01029	0.00643	0.00582	0.01103	0.01746	0.02090	0.10161	0.07233	0.65801	0.01906	0.00896	0.00255	0.00383	0.01591	0.00710	0.00643
30	0.01742	0.06990	0.03836	0.09257	0.08011	0.01965	0.43215	0.02269	0.01675	0.02271	0.01505	0.04063	0.01230	0.00770	0.00994	0.00255	0.07746	0.00842	0.00379	0.00985
31	0.01717	0.01395	0.04297	0.06899	0.04667	0.01375	0.10639	0.08110	0.03698	0.09367	0.08985	0.17254	0.02762	0.04763	0.01109	0.00284	0.06292	0.01116	0.04366	0.00905
32	0.01492	0.01306	0.05344	0.01297	0.01620	0.01267	0.01070	0.02455	0.23563	0.05634	0.33741	0.04047	0.04434	0.01495	0.04282	0.00297	0.03917	0.01069	0.00744	0.00927
33	0.11490	0.01594	0.05102	0.06413	0.02246	0.01502	0.01290	0.12372	0.08078	0.38404	0.02416	0.02254	0.01606	0.00893	0.00727	0.00237	0.00711	0.00704	0.00772	0.01189
34	0.02009	0.06171	0.46909	0.01984	0.02926	0.05008	0.04643	0.02699	0.01752	0.16311	0.01687	0.01796	0.01161	0.00763	0.00724	0.00234	0.01027	0.00605	0.00456	0.01135
35	0.06737	0.02042	0.09612	0.12671	0.06474	0.04629	0.23957	0.11329	0.01921	0.02702	0.01599	0.04718	0.01282	0.00818	0.00842	0.00247	0.03545	0.00776	0.03099	0.01000
36	0.28413	0.07437	0.01744	0.11914	0.02160	0.05080	0.01189	0.07542	0.01609	0.02782	0.01408	0.01750	0.01132	0.01010	0.03439	0.00268	0.08071	0.00562	0.11630	0.00859
37	0.78701	0.01467	0.01115	0.00997	0.01467	0.01702	0.00821	0.02230	0.01291	0.03403	0.01056	0.01232	0.00821	0.00704	0.00469	0.00235	0.00587	0.00411	0.00469	0.00821
38	0.01441	0.01339	0.02226	0.66566	0.04960	0.01678	0.02038	0.01928	0.01505	0.01962	0.01371	0.02034	0.01041	0.00784	0.00817	0.00253	0.03704	0.00675	0.02838	0.00838
39	0.01658	0.01390	0.01518	0.01378	0.01737	0.01558	0.01064	0.03301	0.48971	0.03136	0.21366	0.03626	0.03674	0.01175	0.00806	0.00252	0.00532	0.01002	0.00790	0.01064
40	0.00924	0.00660	0.00880	0.01056	0.01100	0.00616	0.00704	0.01056	0.01452	0.01936	0.04181	0.72848	0.05017	0.02376	0.00968	0.00308	0.00440	0.02156	0.00704	0.00616
41	0.01059	0.00764	0.01001	0.00964	0.01130	0.00706	0.00715	0.01394	0.02078	0.02931	0.61801	0.12392	0.06943	0.01633	0.00902	0.00246	0.00366	0.01450	0.00822	0.00706
42	0.01626	0.01610	0.02259	0.01946	0.01954	0.02243	0.01618	0.01798	0.01165	0.01822	0.01056	0.01737	0.01048	0.01582	0.06454	0.00384	0.67869	0.00672	0.00336	0.00821
43	0.01414	0.00707	0.00707	0.00707	0.00884	0.00707	0.00530	0.01767	0.01591	0.02828	0.02474	0.02828	0.01944	0.00884	0.00530	0.00177	0.00353	0.00707	0.77554	0.00707
44	0.02557	0.03071	0.02008	0.03874	0.04865	0.55106	0.01400	0.02862	0.04446	0.02044	0.01408	0.01629	0.01148	0.00798	0.00674	0.00198	0.01194	0.00540	0.09296	0.00883
45	0.03403	0.01291	0.01760	0.01350	0.01936	0.01115	0.01115	0.03697	0.02171	0.69137	0.02992	0.02582	0.01878	0.00939	0.00763	0.00235	0.00645	0.00763	0.00939	0.01291
46	0.78701	0.01467	0.01115	0.00997	0.01467	0.01702	0.00821	0.02230	0.01291	0.03403	0.01056	0.01232	0.00821	0.00704	0.00469	0.00235	0.00587	0.00411	0.00469	0.00821
47	0.01074	0.00775	0.01014	0.00954	0.01133	0.00716	0.00716	0.01431	0.02147	0.03042	0.68211	0.05666	0.07157	0.01551	0.00895	0.00239	0.00358	0.01372	0.00835	0.00716
48	0.02883	0.02125	0.02276	0.01745	0.02352	0.02352	0.01442	0.66082	0.03566	0.04780	0.01821	0.01821	0.01290	0.00911	0.00759	0.00228	0.00835	0.00683	0.00759	0.01290
49	0.01432	0.01348	0.02275	0.71520	0.05224	0.01685	0.02107	0.01938	0.01517	0.01938	0.01348	0.02022	0.01011	0.00758	0.00758	0.00253	0.01011	0.00674	0.00337	0.00843
50	0.02883	0.02125	0.02276	0.01745	0.02352	0.02352	0.01442	0.66082	0.03566	0.04780	0.01821	0.01821	0.01290	0.00911	0.00759	0.00228	0.00835	0.00683	0.00759	0.01290
51	0.05146	0.01351	0.01734	0.01356	0.01917	0.01241	0.01110	0.06602	0.07746	0.54177	0.04917	0.02593	0.02000	0.00945	0.00753	0.00232	0.00637	0.00766	0.00883	0.03895
52	0.02930	0.01467	0.01799	0.01443	0.01987	0.01452	0.01171	0.09952	0.20407	0.44432	0.02903	0.02576	0.01941	0.00961	0.00765	0.00240	0.00652	0.00781	0.00875	0.01266
53	0.00924	0.00660	0.00880	0.01056	0.01100	0.00616	0.00704	0.01056	0.01452	0.01936	0.04181	0.72848	0.05017	0.02376	0.00968	0.00308	0.00440	0.02156	0.00704	0.00616
54	0.01414	0.00707	0.00707	0.00707	0.00884	0.00707	0.00530	0.01767	0.01591	0.02828	0.02474	0.02828	0.01944	0.00884	0.00530	0.00177	0.00353	0.00707	0.77554	0.00707
55	0.01038	0.00751	0.01005	0.01168	0.01278	0.00718	0.00897	0.01259	0.01587	0.02074	0.04372	0.43026	0.09374	0.02234	0.00994	0.00320	0.00537	0.26016	0.00702	0.00650
56	0.03121	0.01228	0.01670	0.01302	0.01839	0.01066	0.01066	0.03422	0.02168	0.61122	0.10901	0.02956	0.02518	0.01013	0.00779	0.00235	0.00611	0.00837	0.00926	0.01221
57	0.01088	0.00797	0.01138	0.01138	0.01245	0.00904	0.00847	0.01302	0.01195	0.01701	0.02106	0.03392	0.02075	0.19741	0.56530	0.01119	0.01762	0.00873	0.00417	0.00632
58	0.00924	0.00660	0.00880	0.01056	0.01100	0.00616	0.00704	0.01056	0.01452	0.01936	0.04181	0.72848	0.05017	0.02376	0.00968	0.00308	0.00440	0.02156	0.00704	0.00616
59	0.01162	0.00839	0.01141	0.01262	0.01436	0.00818	0.01066	0.01494	0.01807	0.02387	0.16297	0.10777	0.08682	0.01995	0.01007	0.00321	0.00605	0.45483	0.00725	0.00695
60	0.01816	0.01739	0.02967	0.13944	0.59807	0.01786	0.02297	0.02274	0.01698	0.02403	0.01416	0.01897	0.01175	0.00687	0.00752	0.00229	0.00916	0.00676	0.00370	0.01152
61	0.01524	0.01461	0.02064	0.01810	0.01842	0.02001	0.01493	0.01715	0.01175	0.01810	0.01239	0.01969	0.01207	0.02350	0.18398	0.00540	0.55560	0.00699	0.00349	0.00794
62	0.06125	0.01476	0.02210	0.36916	0.03629	0.01834	0.04736	0.06616	0.01583	0.02289	0.01367	0.01930	0.01089	0.00910	0.01159	0.00264	0.18459	0.00669	0.05867	0.00870
63	0.49017	0.08175	0.01634	0.10133	0.02046	0.01799	0.01088	0.04823	0.01486	0.06230	0.01275	0.01502	0.00983	0.00755	0.00608	0.00231	0.03199	0.00493	0.03648	0.00876
64	0.01361	0.00976	0.03870	0.01198	0.01444	0.00840	0.01007	0.01702	0.01907	0.09413	0.28443	0.12953	0.07308	0.01736	0.00934	0.00284	0.00543	0.22547	0.00761	0.00773
65	0.02302	0.01836	0.01949	0.01628	0.02131	0.02081	0.01301	0.29891	0.40704	0.03843	0.02560	0.02409	0.01888	0.00980	0.00766	0.00245	0.00698	0.00785	0.00766	0.01238
66	0.00924	0.00660	0.00880	0.01056	0.01100	0.00616	0.00704	0.01056	0.01452	0.01936	0.04181	0.72848	0.05017	0.02376	0.00968	0.00308	0.00440	0.02156	0.00704	0.00616
67	0.01286	0.00861	0.01203	0.10911	0.01809	0.00854	0.00991	0.01533	0.01643	0.08767	0.08834	0.37972	0.09495	0.01874	0.00916	0.00288	0.00559	0.08785	0.00686	0.00734
68	0.04641	0.09173	0.61679	0.02049	0.03108	0.01854	0.02608	0.02385	0.01584	0.02395	0.01326	0.01557	0.00956	0.00714	0.00693	0.00234	0.01076	0.00543	0.00327	0.01098
69	0.03403	0.01291	0.01760	0.01350	0.01936	0.01115	0.01115	0.03697	0.02171	0.69137	0.02992	0.02582	0.01878	0.00939	0.00763	0.00235	0.00645	0.00763	0.00939	0.01291
70	0.01659	0.01659	0.02323	0.01991	0.01991	0.02323	0.01659	0.01825	0.01162	0.01825	0.00996	0.01659	0.00996	0.01328	0.02489	0.00332	0.71955	0.00664	0.00332	0.00830
71	0.18376	0.01529	0.02057	0.21952	0.07790	0.01691	0.05272	0.07007	0.10668	0.13640	0.01839	0.02032	0.01330	0.00810	0.00707	0.00243	0.00801	0.00671	0.00557	0.01027
72	0.03493	0.00787	0.01152	0.06540	0.03716	0.00810	0.00875	0.01192	0.01209	0.01657	0.02101	0.18022	0.02264	0.02280	0.02098	0.45543	0.00646	0.04680	0.00439	0.00497
73	0.01029	0.00748	0.00970	0.00970	0.01120	0.00688	0.00706	0.01325	0.01961	0.02730	0.49999	0.21773	0.09613	0.01766	0.00912	0.00256	0.00379	0.01570	0.00797	0.00688
74	0.01783	0.01706	0.02908	0.18864	0.55142	0.01777	0.02281	0.02245	0.01682	0.02363	0.01410	0.01908	0.01161	0.00693	0.00752	0.00231	0.00924	0.00675	0.00367	0.01125
75	0.05438	0.01812	0.02054	0.01737	0.05373	0.01950	0.01346	0.35327	0.15697	0.17839	0.02272	0.02162	0.01595	0.00921	0.00752	0.00235	0.00743	0.00724	0.00770	0.01252
76	0.01475	0.00997	0.01333	0.19037	0.06061	0.01090	0.01094	0.04788	0.01661	0.02600	0.02233	0.08177	0.01881	0.00961	0.00647	0.00212	0.00583	0.00813	0.43567	0.00790
77	0.01432	0.01348	0.02275	0.71520	0.05224	0.01685	0.02107	0.01938	0.01517	0.01938	0.01348	0.02022	0.01011	0.00758	0.00758	0.00253	0.01011	0.00674	0.00337	0.00843
78	0.01573	0.01348	0.01573	0.01123	0.01798	0.01011	0.00899	0.01910	0.01573	0.02472	0.01348	0.01573	0.01123	0.00562	0.00562	0.00112	0.00562	0.00449	0.00449	0.77980
79	0.00971	0.00781	0.00875	0.00899	0.01125	0.00685	0.00697	0.01208	0.01781	0.02219	0.15602	0.09583	0.47799	0.01911	0.00921	0.00269	0.00430	0.10861	0.00722	0.00659
80	0.01235	0.00879	0.01039	0.00967	0.01220	0.00816	0.00735	0.01684	0.07559	0.07031	0.37694	0.05781	0.27312	0.01593	0.00876	0.00246	0.00406	0.01366	0.00792	0.00769
81	0.01432	0.01348	0.02275	0.71520	0.05224	0.01685	0.02107	0.01938	0.01517	0.01938	0.01348	0.02022	0.01011	0.00758	0.00758	0.00253	0.01011	0.00674	0.00337	0.00843
82	0.01573	0.01348	0.01573	0.01123	0.01798	0.01011	0.00899	0.01910	0.01573	0.02472	0.01348	0.01573	0.01123	0.00562	0.00562	0.00112	0.00562	0.00449	0.00449	0.77980
83	0.02833	0.03615	0.02149	0.01954	0.02345	0.70298	0.01466	0.03029	0.02149	0.01856	0.01172	0.01368	0.00977	0.00782	0.00684	0.00195	0.01368	0.00489	0.00391	0.00879
84	0.02405	0.02098	0.02030	0.04540	0.04587	0.16922	0.01346	0.22321	0.02344	0.08101	0.01611	0.01772	0.01226	0.00827	0.00812	0.00204	0.05798	0.00598	0.03959	0.16498
85	0.78701	0.01467	0.01115	0.00997	0.01467	0.01702	0.00821	0.02230	0.01291	0.03403	0.01056	0.01232	0.00821	0.00704	0.00469	0.00235	0.00587	0.00411	0.00469	0.00821
86	0.01103	0.00735	0.00827	0.00827	0.00827	0.00735	0.00460	0.01103	0.01103	0.01471	0.02390	0.04964	0.02758	0.73343	0.03861	0.00735	0.00735	0.01103	0.00460	0.00460
87	0.01318	0.00659	0.00988	0.00988	0.00988	0.00659	0.00659	0.00988	0.00988	0.01318	0.01318	0.02306	0.01318	0.02635	0.02964	0.77931	0.00659	0.00659	0.00329	0.00329
88	0.01838	0.01809	0.05232	0.17282	0.50176	0.01811	0.02250	0.06008	0.01790	0.02507	0.01432	0.01892	0.01161	0.00707	0.00752	0.00231	0.00926	0.00672	0.00389	0.01135
89	0.01790	0.02046	0.04476	0.03197	0.03964	0.01918	0.65857	0.02430	0.01790	0.02430	0.01535	0.02046	0.01151	0.00639	0.00895	0.00256	0.01279	0.00895	0.00384	0.01023
90	0.00924	0.00660	0.00880	0.01056	0.01100	0.00616	0.00704	0.01056	0.01452	0.01936	0.04181	0.72848	0.05017	0.02376	0.00968	0.00308	0.00440	0.02156	0.00704	0.00616
91	0.00938	0.00770	0.00826	0.00812	0.01050	0.00658	0.00609	0.01169	0.01828	0.02283	0.21973	0.06914	0.53868	0.01834	0.00896	0.00252	0.00378	0.01547	0.00735	0.00658
92	0.01715	0.10615	0.15627	0.15124	0.07316	0.01892	0.23264	0.04830	0.01733	0.02370	0.01546	0.02103	0.01225	0.00752	0.00764	0.00238	0.01042	0.02862	0.03984	0.00998
93	0.01086	0.00805	0.01178	0.01178	0.01299	0.00926	0.00897	0.01328	0.01207	0.01730	0.02070	0.03189	0.01987	0.12829	0.63321	0.01168	0.01895	0.00843	0.00412	0.00654
94	0.01521	0.03923	0.69413	0.02162	0.03283	0.01762	0.02802	0.02402	0.01601	0.02402	0.01361	0.01601	0.00961	0.00721	0.00721	0.00240	0.01121	0.00560	0.00320	0.01121
95	0.03766	0.01392	0.04103	0.04001	0.04939	0.03981	0.01269	0.05166	0.06521	0.08787	0.09142	0.13801	0.03025	0.04290	0.01219	0.00299	0.11219	0.11584	0.00621	0.00874
96	0.01784	0.03065	0.39371	0.02997	0.25957	0.04836	0.02498	0.06153	0.01785	0.02544	0.01403	0.01700	0.01065	0.00719	0.00732	0.00232	0.01038	0.00605	0.00368	0.01148
97	0.00929	0.00683	0.00872	0.01008	0.01091	0.00625	0.00686	0.01083	0.01533	0.02017	0.08437	0.59291	0.14441	0.02261	0.00953	0.00296	0.00427	0.02029	0.00712	0.00625
98	0.01462	0.01392	0.02277	0.49852	0.04235	0.01762	0.04123	0.01887	0.01432	0.01919	0.01339	0.02027	0.01083	0.01256	0.06589	0.00345	0.15154	0.00691	0.00343	0.00833
99	0.78701	0.01467	0.01115	0.00997	0.01467	0.01702	0.00821	0.02230	0.01291	0.03403	0.01056	0.01232	0.00821	0.00704	0.00469	0.00235	0.00587	0.00411	0.00469	0.00821
100	0.01811	0.01297	0.01552	0.09664	0.07325	0.01410	0.01143	0.16429	0.09607	0.03133	0.02437	0.02651	0.04916	0.00926	0.00672	0.00214	0.00612	0.00756	0.32497	0.00947
101	0.02779	0.02534	0.04741	0.04323	0.02383	0.27753	0.01448	0.20600	0.07535	0.15655	0.01862	0.01872	0.01340	0.00863	0.00731	0.00221	0.01000	0.00633	0.00622	0.01105
102	0.02524	0.01946	0.02074	0.01673	0.02215	0.02184	0.01355	0.43726	0.26507	0.04201	0.02277	0.02185	0.01659	0.00953	0.00763	0.00238	0.00750	0.00746	0.00763	0.01258
103	0.01074	0.00775	0.01014	0.00954	0.01133	0.00716	0.00716	0.01431	0.02147	0.03042	0.68211	0.05666	0.07157	0.01551	0.00895	0.00239	0.00358	0.01372	0.00835	0.00716
104	0.01658	0.01613	0.06105	0.34898	0.08917	0.01752	0.01884	0.08920	0.06530	0.02428	0.01806	0.02742	0.01533	0.00994	0.00955	0.00266	0.07677	0.07922	0.00457	0.00943
105	0.01180	0.00859	0.01163	0.01315	0.01501	0.00843	0.01138	0.01509	0.01744	0.02241	0.04492	0.08393	0.12658	0.02073	0.01028	0.00337	0.00658	0.55477	0.00699	0.00691
106	0.01049	0.00898	0.03234	0.00956	0.01193	0.00756	0.00754	0.01414	0.03851	0.02663	0.42188	0.08628	0.26299	0.01659	0.00889	0.00248	0.00402	0.01434	0.00769	0.00715
107	0.02369	0.06033	0.02171	0.01622	0.02164	0.04681	0.05034	0.29533	0.09196	0.09095	0.02132	0.02557	0.01685	0.00956	0.00745	0.00225	0.00782	0.06229	0.03741	0.09050
108	0.02814	0.02090	0.02237	0.01731	0.02326	0.02320	0.01425	0.61743	0.08020	0.04668	0.01910	0.01892	0.01362	0.00919	0.00760	0.00230	0.00818	0.00695	0.00760	0.01284
109	0.02404	0.01721	0.01924	0.01449	0.02066	0.01697	0.01185	0.34857	0.02646	0.09716	0.01773	0.01829	0.01301	0.00784	0.00680	0.00184	0.00703	0.00605	0.02938	0.29539
110	0.01049	0.00790	0.00989	0.01043	0.01228	0.00729	0.00824	0.01330	0.01827	0.02396	0.24087	0.14452	0.24140	0.01914	0.00949	0.00284	0.00476	0.20073	0.00741	0.00677
111	0.78701	0.01467	0.01115	0.00997	0.01467	0.01702	0.00821	0.02230	0.01291	0.03403	0.01056	0.01232	0.00821	0.00704	0.00469	0.00235	0.00587	0.00411	0.00469	0.00821
112	0.01502	0.09200	0.49368	0.01967	0.02859	0.01748	0.05132	0.02196	0.01583	0.02274	0.01901	0.06993	0.05224	0.00924	0.00810	0.00244	0.03932	0.00741	0.00374	0.01028
113	0.00912	0.00764	0.00793	0.00797	0.01037	0.00645	0.00594	0.01114	0.01749	0.02122	0.12323	0.10375	0.60350	0.01914	0.00900	0.00257	0.00385	0.01610	0.00715	0.00645
114	0.01573	0.01348	0.01573	0.01123	0.01798	0.01011	0.00899	0.01910	0.01573	0.02472	0.01348	0.01573	0.01123	0.00562	0.00562	0.00112	0.00562	0.00449	0.00449	0.77980
115	0.02028	0.73799	0.03975	0.01298	0.01947	0.03001	0.01298	0.02271	0.01541	0.01785	0.01055	0.01217	0.00973	0.00649	0.00487	0.00162	0.00811	0.00406	0.00324	0.00973
116	0.00934	0.00741	0.00839	0.00875	0.01063	0.00647	0.00633	0.01139	0.01729	0.02190	0.17144	0.24040	0.41395	0.01976	0.00915	0.00267	0.00394	0.01706	0.00727	0.00647
117	0.01084	0.00813	0.01219	0.01219	0.01354	0.00948	0.00948	0.01354	0.01219	0.01761	0.02032	0.02980	0.01896	0.05689	0.70337	0.01219	0.02032	0.00813	0.00406	0.00677
118	0.07009	0.03498	0.57443	0.02131	0.05702	0.01742	0.02530	0.04469	0.01645	0.02540	0.01449	0.03901	0.01103	0.00778	0.00713	0.00241	0.01043	0.00610	0.00360	0.01092
119	0.07182	0.06347	0.38034	0.09427	0.14008	0.01807	0.06077	0.02363	0.01616	0.04303	0.01390	0.01698	0.01033	0.00714	0.00711	0.00236	0.01016	0.00598	0.00363	0.01077
120	0.01675	0.06336	0.59662	0.02121	0.03162	0.04813	0.04450	0.02473	0.01650	0.04812	0.01407	0.01626	0.01001	0.00726	0.00717	0.00236	0.01108	0.00569	0.00348	0.01108
121	0.02491	0.03742	0.01770	0.01413	0.01900	0.01522	0.01137	0.06615	0.29447	0.30348	0.08747	0.02881	0.02476	0.01021	0.00769	0.00242	0.00615	0.00842	0.00831	0.01191
122	0.01524	0.01442	0.02440	0.57769	0.18260	0.01709	0.02152	0.02018	0.01560	0.02049	0.01364	0.01992	0.01050	0.00741	0.00757	0.00247	0.00988	0.00674	0.00345	0.00916
123	0.18627	0.15973	0.04838	0.01641	0.02123	0.40945	0.01350	0.02698	0.01837	0.02190	0.01134	0.01321	0.00943	0.00739	0.00604	0.00199	0.01092	0.00460	0.00393	0.00894
124	0.01123	0.00805	0.01094	0.01254	0.01389	0.00788	0.01023	0.01392	0.01638	0.02136	0.04139	0.25653	0.07086	0.05309	0.01144	0.00351	0.00618	0.41703	0.00690	0.00663
125	0.01125	0.00874	0.01042	0.01076	0.01292	0.00839	0.00855	0.01560	0.07634	0.02366	0.16489	0.09169	0.27262	0.04578	0.01047	0.00302	0.00511	0.20541	0.00722	0.00714
126	0.01671	0.01258	0.01501	0.01129	0.01713	0.00975	0.00886	0.01973	0.01603	0.08759	0.01806	0.08480	0.01616	0.03198	0.00729	0.00163	0.00564	0.00662	0.00520	0.60793
127	0.00989	0.00687	0.00894	0.01014	0.01081	0.00655	0.00686	0.01154	0.01500	0.02066	0.10809	0.53441	0.04770	0.07758	0.03968	0.00362	0.00513	0.01851	0.05178	0.00623

[dist]
# distance from previous block
# <min> <max>
0	33

# created by:
# /st0/software/busco_prod/Augustus/scripts/msa2prfl.pl ./align_prep/127998.fa
