[name]
unknown

[dist]
# distance from previous block
# <min> <max>
0	60

[block]
# block no. 0 follows, 25 sequences, length 12
# corresponding to MSA columns:
# 63-74
name=unknown_A
#
# <colnr> <probs for GDERKNQSTAVLIFYWHMCP>
#	G	D	E	R	K	N	Q	S	T	A	V	L	I	F	Y	W	H	M	C	P
0	0.01274	0.00973	0.01226	0.01325	0.01553	0.00982	0.01120	0.01839	0.10207	0.02397	0.04698	0.07739	0.16246	0.01966	0.01005	0.00327	0.00640	0.42989	0.00725	0.00769
1	0.31979	0.01100	0.01128	0.01061	0.01346	0.01184	0.02387	0.01797	0.01413	0.05150	0.02480	0.14247	0.05825	0.11287	0.07755	0.00415	0.00726	0.00970	0.07006	0.00744
2	0.01989	0.01329	0.01531	0.01319	0.01681	0.01368	0.01035	0.21726	0.06205	0.08428	0.02939	0.09328	0.08223	0.04118	0.01226	0.10661	0.00661	0.05716	0.05284	0.05233
3	0.06391	0.01046	0.01237	0.05414	0.01622	0.01087	0.00933	0.02027	0.14148	0.04898	0.21154	0.14531	0.12299	0.04945	0.01013	0.00291	0.00534	0.04881	0.00726	0.00823
4	0.01858	0.01780	0.03037	0.13664	0.59487	0.01826	0.02349	0.02326	0.01737	0.02459	0.01448	0.01939	0.01202	0.00702	0.00769	0.00234	0.00936	0.00691	0.00379	0.01179
5	0.01963	0.01380	0.01621	0.01404	0.01753	0.01480	0.01092	0.25062	0.05665	0.07254	0.02516	0.15005	0.02348	0.08183	0.16720	0.00518	0.01018	0.01038	0.00661	0.03320
6	0.07365	0.01344	0.01654	0.03387	0.01937	0.01311	0.01104	0.05241	0.13392	0.38316	0.08068	0.02802	0.02312	0.00992	0.00755	0.00238	0.00622	0.00809	0.05136	0.03214
7	0.52783	0.01665	0.08138	0.01184	0.01705	0.01584	0.01071	0.02381	0.03588	0.08612	0.09158	0.01996	0.01753	0.00853	0.00592	0.00242	0.00634	0.00595	0.00557	0.00910
8	0.02126	0.01045	0.01385	0.01179	0.01557	0.00913	0.00918	0.02424	0.02038	0.30663	0.24114	0.15216	0.04150	0.01377	0.00842	0.00243	0.00522	0.01194	0.00844	0.07248
9	0.02481	0.01768	0.01925	0.01551	0.02051	0.01920	0.01253	0.43264	0.08101	0.07221	0.04746	0.08178	0.04786	0.01128	0.00790	0.00240	0.00724	0.00904	0.05799	0.01168
10	0.00960	0.00721	0.00891	0.00987	0.01110	0.00652	0.00688	0.01146	0.01665	0.02180	0.14731	0.45363	0.21728	0.02181	0.00959	0.00290	0.00422	0.01936	0.00740	0.00652
11	0.00978	0.00709	0.00886	0.00999	0.01076	0.00658	0.00667	0.01117	0.01518	0.02002	0.08826	0.49252	0.13133	0.12695	0.01412	0.00368	0.00481	0.01916	0.00692	0.00616

[dist]
# distance from previous block
# <min> <max>
0	1

[block]
# block no. 1 follows, 25 sequences, length 13
# corresponding to MSA columns:
# 76-88
name=unknown_B
#
# <colnr> <probs for GDERKNQSTAVLIFYWHMCP>
#	G	D	E	R	K	N	Q	S	T	A	V	L	I	F	Y	W	H	M	C	P
0	0.01316	0.00945	0.01172	0.01288	0.01393	0.00855	0.00886	0.01409	0.01803	0.02465	0.15109	0.54502	0.05548	0.02389	0.01094	0.00356	0.00560	0.05262	0.00831	0.00816
1	0.02008	0.01512	0.01688	0.01464	0.01841	0.01662	0.01151	0.27363	0.15785	0.03440	0.05483	0.11189	0.02588	0.06836	0.06728	0.00375	0.00808	0.04293	0.02754	0.01032
2	0.01446	0.00961	0.01133	0.01069	0.01256	0.00947	0.00780	0.07846	0.01777	0.06549	0.12231	0.05553	0.12102	0.31442	0.02186	0.00474	0.00650	0.10237	0.00653	0.00706
3	0.01073	0.00766	0.00964	0.01063	0.01160	0.00732	0.00729	0.04075	0.01649	0.02222	0.10342	0.53363	0.08239	0.06485	0.01137	0.00325	0.00473	0.01925	0.02614	0.00665
4	0.00968	0.00711	0.00882	0.00994	0.01085	0.00654	0.00671	0.01117	0.01550	0.02031	0.09112	0.48841	0.16712	0.09332	0.01267	0.00344	0.00464	0.01935	0.00704	0.00625
5	0.01528	0.01512	0.04930	0.05222	0.02151	0.06155	0.09907	0.01884	0.01471	0.02117	0.01754	0.02416	0.01519	0.02706	0.25958	0.00614	0.14420	0.00756	0.12161	0.00817
6	0.01236	0.00905	0.01072	0.01060	0.01301	0.00857	0.00817	0.01702	0.08544	0.05654	0.22218	0.13705	0.26657	0.01795	0.00924	0.00274	0.00468	0.09266	0.00773	0.00771
7	0.25804	0.01250	0.01389	0.01170	0.01613	0.01253	0.00942	0.02711	0.05053	0.27698	0.19777	0.03074	0.03059	0.01058	0.00724	0.00242	0.00560	0.00841	0.00775	0.01009
8	0.02079	0.46808	0.06255	0.01889	0.02572	0.09431	0.16664	0.02443	0.01701	0.02011	0.01218	0.01476	0.01038	0.00677	0.00626	0.00195	0.01012	0.00548	0.00353	0.01003
9	0.02226	0.01658	0.01818	0.01527	0.01946	0.01812	0.01196	0.38546	0.10126	0.03770	0.02627	0.19050	0.02453	0.06248	0.01047	0.00292	0.00722	0.01109	0.00743	0.01085
10	0.01341	0.01113	0.01378	0.01323	0.01482	0.05486	0.01018	0.04595	0.01410	0.01933	0.01992	0.02997	0.01882	0.10936	0.52942	0.01043	0.05149	0.00822	0.00433	0.00724
11	0.01772	0.01450	0.01679	0.01272	0.01842	0.01285	0.01008	0.12419	0.01891	0.02797	0.01654	0.05384	0.01475	0.05386	0.00935	0.00195	0.03858	0.00639	0.00520	0.52537
12	0.02513	0.09972	0.02364	0.08990	0.02585	0.40396	0.01522	0.10657	0.02152	0.02272	0.01335	0.01623	0.01100	0.01128	0.04961	0.00276	0.04214	0.00563	0.00433	0.00943

[dist]
# distance from previous block
# <min> <max>
0	5

[block]
# block no. 2 follows, 25 sequences, length 15
# corresponding to MSA columns:
# 94-108
name=unknown_C
#
# <colnr> <probs for GDERKNQSTAVLIFYWHMCP>
#	G	D	E	R	K	N	Q	S	T	A	V	L	I	F	Y	W	H	M	C	P
0	0.03509	0.00897	0.01197	0.05124	0.01611	0.00905	0.01047	0.01561	0.01668	0.04615	0.07831	0.13999	0.08464	0.09977	0.04388	0.00409	0.00718	0.30708	0.00665	0.00707
1	0.66337	0.01558	0.01298	0.01118	0.01619	0.01773	0.00921	0.08774	0.01607	0.07306	0.01271	0.01399	0.00950	0.00755	0.00527	0.00239	0.00629	0.00469	0.00537	0.00916
2	0.01445	0.00723	0.00723	0.00723	0.00903	0.00723	0.00542	0.01807	0.01626	0.02891	0.02529	0.02891	0.01987	0.00903	0.00542	0.00181	0.00361	0.00723	0.77055	0.00723
3	0.09458	0.03176	0.44892	0.02076	0.06494	0.04491	0.02293	0.02358	0.01643	0.02538	0.01540	0.02088	0.01235	0.00817	0.00719	0.00238	0.01008	0.04802	0.00387	0.07747
4	0.04344	0.06370	0.56851	0.06447	0.03322	0.01868	0.02630	0.05050	0.01702	0.02539	0.01387	0.01645	0.00995	0.00744	0.00722	0.00243	0.01095	0.00574	0.00353	0.01118
5	0.01445	0.00723	0.00723	0.00723	0.00903	0.00723	0.00542	0.01807	0.01626	0.02891	0.02529	0.02891	0.01987	0.00903	0.00542	0.00181	0.00361	0.00723	0.77055	0.00723
6	0.02220	0.01741	0.02454	0.07578	0.27683	0.01874	0.01787	0.11596	0.16001	0.11434	0.02054	0.02210	0.01549	0.00884	0.00887	0.00248	0.05260	0.00742	0.00594	0.01203
7	0.00945	0.00675	0.00900	0.01080	0.01125	0.00630	0.00720	0.01080	0.01484	0.01979	0.04274	0.72245	0.05128	0.02429	0.00990	0.00315	0.00450	0.02204	0.00720	0.00630
8	0.17563	0.01750	0.06821	0.25322	0.23086	0.01787	0.01914	0.02391	0.07500	0.02607	0.01504	0.01901	0.01171	0.00761	0.00710	0.00246	0.00879	0.00643	0.00424	0.01021
9	0.01559	0.01918	0.16678	0.12643	0.18425	0.01488	0.01893	0.06287	0.01810	0.02512	0.06345	0.15819	0.02501	0.01217	0.00835	0.00264	0.00844	0.05472	0.00509	0.00981
10	0.02896	0.03695	0.02197	0.01998	0.02397	0.69638	0.01498	0.03096	0.02197	0.01898	0.01199	0.01398	0.00999	0.00799	0.00699	0.00200	0.01398	0.00499	0.00400	0.00899
11	0.02059	0.12599	0.05436	0.09247	0.13852	0.15968	0.01639	0.08582	0.06399	0.02563	0.08553	0.02561	0.02019	0.00942	0.00748	0.00229	0.00931	0.04154	0.00506	0.01012
12	0.03914	0.00931	0.01160	0.04204	0.01378	0.00997	0.00828	0.03238	0.01555	0.02170	0.14334	0.17571	0.09819	0.22245	0.05768	0.00469	0.06841	0.01317	0.00598	0.00665
13	0.01112	0.00745	0.00850	0.00866	0.00870	0.00741	0.00492	0.01123	0.01159	0.01545	0.02603	0.10941	0.03021	0.66609	0.03688	0.00714	0.00725	0.01222	0.00492	0.00484
14	0.02727	0.02047	0.02207	0.01695	0.02314	0.02211	0.01392	0.54197	0.06907	0.04508	0.01875	0.01888	0.01356	0.00894	0.00752	0.00220	0.00806	0.00679	0.00738	0.10586

[dist]
# distance from previous block
# <min> <max>
0	4

[block]
# block no. 3 follows, 25 sequences, length 47
# corresponding to MSA columns:
# 113-159
name=unknown_D
#
# <colnr> <probs for GDERKNQSTAVLIFYWHMCP>
#	G	D	E	R	K	N	Q	S	T	A	V	L	I	F	Y	W	H	M	C	P
0	0.01666	0.01497	0.01769	0.01280	0.01962	0.03613	0.03962	0.02020	0.01640	0.02501	0.01380	0.01623	0.01144	0.00586	0.00595	0.00125	0.00639	0.00482	0.00454	0.71060
1	0.01018	0.00781	0.00933	0.00914	0.01115	0.00695	0.00678	0.01303	0.01980	0.02644	0.40417	0.11703	0.29427	0.01792	0.00921	0.00256	0.00382	0.01553	0.00794	0.00695
2	0.01109	0.00824	0.01210	0.01210	0.01336	0.00950	0.00924	0.01361	0.01235	0.01773	0.02110	0.03228	0.02018	0.11830	0.63771	0.01202	0.01958	0.00857	0.00420	0.00672
3	0.01830	0.02092	0.04575	0.03268	0.04052	0.01961	0.65098	0.02484	0.01830	0.02484	0.01569	0.02092	0.01176	0.00654	0.00915	0.00261	0.01307	0.00915	0.00392	0.01046
4	0.01445	0.00723	0.00723	0.00723	0.00903	0.00723	0.00542	0.01807	0.01626	0.02891	0.02529	0.02891	0.01987	0.00903	0.00542	0.00181	0.00361	0.00723	0.77055	0.00723
5	0.01501	0.01150	0.01725	0.01907	0.09658	0.01150	0.05278	0.02033	0.06996	0.05328	0.09270	0.06527	0.03858	0.01689	0.00976	0.00313	0.00733	0.38360	0.00684	0.00864
6	0.78228	0.01499	0.01140	0.01020	0.01499	0.01739	0.00840	0.02279	0.01320	0.03479	0.01080	0.01260	0.00840	0.00720	0.00480	0.00240	0.00600	0.00420	0.00480	0.00840
7	0.01445	0.00723	0.00723	0.00723	0.00903	0.00723	0.00542	0.01807	0.01626	0.02891	0.02529	0.02891	0.01987	0.00903	0.00542	0.00181	0.00361	0.00723	0.77055	0.00723
8	0.01445	0.00723	0.00723	0.00723	0.00903	0.00723	0.00542	0.01807	0.01626	0.02891	0.02529	0.02891	0.01987	0.00903	0.00542	0.00181	0.00361	0.00723	0.77055	0.00723
9	0.01127	0.00755	0.00863	0.00863	0.00870	0.00761	0.00492	0.01139	0.01133	0.01517	0.02427	0.04984	0.02780	0.69777	0.06867	0.00774	0.00811	0.01114	0.00467	0.00480
10	0.02947	0.02172	0.02327	0.01784	0.02404	0.02404	0.01474	0.65329	0.03646	0.04887	0.01862	0.01862	0.01319	0.00931	0.00776	0.00233	0.00853	0.00698	0.00776	0.01319
11	0.01446	0.01336	0.02233	0.64932	0.05020	0.01651	0.02076	0.01949	0.01570	0.02010	0.01612	0.02640	0.01328	0.00892	0.00801	0.00267	0.01006	0.06005	0.00376	0.00849
12	0.03455	0.01358	0.01823	0.01398	0.01999	0.01197	0.01155	0.06586	0.02284	0.65552	0.03004	0.02604	0.01892	0.00958	0.00780	0.00240	0.00669	0.00776	0.00951	0.01319
13	0.01110	0.00822	0.01202	0.01202	0.01326	0.00946	0.00915	0.01357	0.01233	0.01768	0.02117	0.03267	0.02034	0.13106	0.62518	0.01192	0.01933	0.00863	0.00421	0.00668
14	0.01608	0.01378	0.01608	0.01148	0.01837	0.01034	0.00919	0.01952	0.01608	0.02527	0.01378	0.01608	0.01148	0.00574	0.00574	0.00115	0.00574	0.00459	0.00459	0.77491
15	0.01929	0.01666	0.01753	0.01578	0.02016	0.01929	0.01227	0.04120	0.66513	0.03243	0.03156	0.02893	0.02367	0.01052	0.00789	0.00263	0.00614	0.00877	0.00789	0.01227
16	0.01608	0.01378	0.01608	0.01148	0.01837	0.01034	0.00919	0.01952	0.01608	0.02527	0.01378	0.01608	0.01148	0.00574	0.00574	0.00115	0.00574	0.00459	0.00459	0.77491
17	0.01077	0.00870	0.01307	0.01329	0.01426	0.00881	0.05715	0.01254	0.01485	0.02008	0.03788	0.60844	0.04474	0.02202	0.01117	0.00313	0.06592	0.01975	0.00662	0.00680
18	0.07816	0.01436	0.02111	0.31517	0.15115	0.01646	0.01726	0.04321	0.10534	0.02380	0.01626	0.02124	0.01291	0.01074	0.01075	0.11300	0.00863	0.00692	0.00437	0.00916
19	0.02810	0.01714	0.01951	0.01542	0.02101	0.01787	0.01259	0.32101	0.11249	0.24795	0.02928	0.02726	0.07331	0.01044	0.00791	0.00241	0.00720	0.00828	0.00832	0.01250
20	0.01475	0.01346	0.04061	0.05932	0.27183	0.01282	0.01684	0.01863	0.01725	0.02340	0.03061	0.13107	0.05789	0.01504	0.00914	0.00291	0.00776	0.24190	0.00559	0.00919
21	0.01866	0.02017	0.07171	0.09122	0.41679	0.05002	0.11321	0.02429	0.03990	0.02464	0.01623	0.02239	0.01357	0.00774	0.00798	0.00243	0.01003	0.03364	0.00407	0.01131
22	0.01844	0.01581	0.01680	0.01535	0.01940	0.01817	0.01184	0.03859	0.60938	0.03135	0.03252	0.08839	0.02604	0.01170	0.00806	0.00267	0.00600	0.00990	0.00783	0.01176
23	0.01249	0.00892	0.01249	0.01428	0.01606	0.00892	0.01249	0.01606	0.01785	0.02320	0.04105	0.08746	0.04462	0.02142	0.01071	0.00357	0.00714	0.62695	0.00714	0.00714
24	0.01568	0.01393	0.05549	0.05364	0.01890	0.06017	0.01191	0.02136	0.10396	0.07451	0.10728	0.23150	0.03749	0.01614	0.00892	0.00280	0.00673	0.12186	0.00685	0.03089
25	0.01419	0.01314	0.01202	0.01112	0.01383	0.11210	0.00842	0.05533	0.02133	0.02675	0.32191	0.05480	0.27463	0.01561	0.00874	0.00243	0.00561	0.01306	0.00733	0.00766
26	0.01599	0.01378	0.01652	0.05460	0.02054	0.01076	0.00995	0.01954	0.01604	0.02493	0.01378	0.01636	0.01141	0.00587	0.00587	0.00124	0.00603	0.00474	0.00452	0.72753
27	0.01919	0.01842	0.03147	0.04759	0.67914	0.01842	0.02380	0.02380	0.01765	0.02533	0.01458	0.01919	0.01228	0.00691	0.00768	0.00230	0.00921	0.00691	0.00384	0.01228
28	0.02896	0.03695	0.02197	0.01998	0.02397	0.69638	0.01498	0.03096	0.02197	0.01898	0.01199	0.01398	0.00999	0.00799	0.00699	0.00200	0.01398	0.00499	0.00400	0.00899
29	0.00916	0.00785	0.00785	0.00785	0.01047	0.00655	0.00589	0.01113	0.01767	0.02095	0.07855	0.07462	0.67599	0.01964	0.00916	0.00262	0.00393	0.01636	0.00720	0.00655
30	0.01929	0.01666	0.01753	0.01578	0.02016	0.01929	0.01227	0.04120	0.66513	0.03243	0.03156	0.02893	0.02367	0.01052	0.00789	0.00263	0.00614	0.00877	0.00789	0.01227
31	0.02947	0.02172	0.02327	0.01784	0.02404	0.02404	0.01474	0.65329	0.03646	0.04887	0.01862	0.01862	0.01319	0.00931	0.00776	0.00233	0.00853	0.00698	0.00776	0.01319
32	0.01555	0.04011	0.68733	0.02210	0.03356	0.01801	0.02865	0.02455	0.01637	0.02455	0.01391	0.01637	0.00982	0.00737	0.00737	0.00246	0.01146	0.00573	0.00327	0.01146
33	0.03448	0.01368	0.01830	0.01403	0.02004	0.01212	0.01159	0.07312	0.02301	0.64802	0.02990	0.02594	0.01885	0.00958	0.00779	0.00240	0.00671	0.00775	0.00949	0.01319
34	0.02094	0.01660	0.01837	0.01707	0.04904	0.01873	0.01278	0.06006	0.56128	0.08857	0.03031	0.02795	0.02245	0.01024	0.00787	0.00259	0.00639	0.00854	0.00785	0.01238
35	0.01445	0.00723	0.00723	0.00723	0.00903	0.00723	0.00542	0.01807	0.01626	0.02891	0.02529	0.02891	0.01987	0.00903	0.00542	0.00181	0.00361	0.00723	0.77055	0.00723
36	0.01445	0.00723	0.00723	0.00723	0.00903	0.00723	0.00542	0.01807	0.01626	0.02891	0.02529	0.02891	0.01987	0.00903	0.00542	0.00181	0.00361	0.00723	0.77055	0.00723
37	0.01169	0.00867	0.01098	0.01027	0.01232	0.00834	0.00774	0.01691	0.07709	0.03121	0.61988	0.05543	0.06892	0.01539	0.00904	0.00246	0.00387	0.01357	0.00848	0.00774
38	0.03479	0.01320	0.01799	0.01380	0.01979	0.01140	0.01140	0.03779	0.02219	0.68451	0.03059	0.02639	0.01919	0.00960	0.00780	0.00240	0.00660	0.00780	0.00960	0.01320
39	0.01874	0.01755	0.02911	0.19779	0.49779	0.01847	0.02276	0.05902	0.01824	0.02541	0.01463	0.01950	0.01189	0.00724	0.00770	0.00237	0.00943	0.00691	0.00397	0.01149
40	0.01869	0.08272	0.21474	0.06043	0.02814	0.02202	0.07149	0.11491	0.01782	0.02532	0.01319	0.01720	0.01064	0.00971	0.01370	0.00272	0.25570	0.00650	0.00404	0.01031
41	0.04945	0.01718	0.01883	0.01512	0.01980	0.01872	0.01219	0.43436	0.02973	0.04064	0.11919	0.02804	0.04590	0.03563	0.04236	0.03820	0.00802	0.00845	0.00729	0.01091
42	0.01450	0.01623	0.10922	0.02504	0.21318	0.01418	0.03894	0.01874	0.01469	0.02129	0.01751	0.02449	0.01545	0.03306	0.35633	0.00750	0.03892	0.00753	0.00391	0.00928
43	0.01566	0.05111	0.30957	0.16365	0.08795	0.01720	0.04370	0.02351	0.07455	0.02368	0.01885	0.08154	0.01617	0.00956	0.00782	0.00256	0.00976	0.02855	0.00426	0.01034
44	0.01352	0.01078	0.01248	0.01174	0.01438	0.01123	0.00888	0.02303	0.23943	0.02973	0.35225	0.10911	0.10231	0.01510	0.00879	0.00258	0.00460	0.01314	0.00809	0.00885
45	0.01721	0.02116	0.21257	0.02311	0.17908	0.01463	0.01802	0.05214	0.04798	0.07885	0.08827	0.05180	0.09179	0.05740	0.01005	0.00278	0.00813	0.00915	0.00547	0.01040
46	0.01267	0.00939	0.01144	0.01054	0.01271	0.00923	0.00789	0.05305	0.07357	0.03061	0.51360	0.05335	0.08334	0.07101	0.01134	0.00285	0.00445	0.01306	0.00809	0.00782

[dist]
# distance from previous block
# <min> <max>
2	5

[block]
# block no. 4 follows, 25 sequences, length 18
# corresponding to MSA columns:
# 165-182
name=unknown_E
#
# <colnr> <probs for GDERKNQSTAVLIFYWHMCP>
#	G	D	E	R	K	N	Q	S	T	A	V	L	I	F	Y	W	H	M	C	P
0	0.01823	0.01777	0.02319	0.09842	0.28516	0.09071	0.01757	0.02427	0.09553	0.02462	0.05128	0.02856	0.04440	0.00967	0.00848	0.00240	0.03405	0.05240	0.00493	0.06837
1	0.01046	0.00753	0.00991	0.01010	0.01147	0.00697	0.00728	0.01334	0.01956	0.02730	0.46278	0.28100	0.06582	0.01868	0.00940	0.00268	0.00394	0.01671	0.00809	0.00697
2	0.01522	0.01510	0.06579	0.34653	0.06187	0.01543	0.04217	0.06464	0.04653	0.02409	0.06950	0.10309	0.02220	0.01274	0.03387	0.00301	0.00927	0.03498	0.00494	0.00903
3	0.02896	0.03695	0.02197	0.01998	0.02397	0.69638	0.01498	0.03096	0.02197	0.01898	0.01199	0.01398	0.00999	0.00799	0.00699	0.00200	0.01398	0.00499	0.00400	0.00899
4	0.01696	0.01696	0.02375	0.02036	0.02036	0.02375	0.01696	0.01866	0.01187	0.01866	0.01018	0.01696	0.01018	0.01357	0.02545	0.00339	0.71332	0.00679	0.00339	0.00848
5	0.01929	0.01666	0.01753	0.01578	0.02016	0.01929	0.01227	0.04120	0.66513	0.03243	0.03156	0.02893	0.02367	0.01052	0.00789	0.00263	0.00614	0.00877	0.00789	0.01227
6	0.01770	0.31793	0.39651	0.01846	0.02745	0.02338	0.02192	0.02375	0.01592	0.02174	0.01248	0.01481	0.00989	0.00735	0.00723	0.00218	0.04215	0.00514	0.00330	0.01072
7	0.01445	0.00723	0.00723	0.00723	0.00903	0.00723	0.00542	0.01807	0.01626	0.02891	0.02529	0.02891	0.01987	0.00903	0.00542	0.00181	0.00361	0.00723	0.77055	0.00723
8	0.01605	0.01526	0.02151	0.01874	0.01889	0.02095	0.01542	0.01751	0.01181	0.01822	0.01161	0.01896	0.01145	0.01955	0.10156	0.05913	0.58501	0.00695	0.00348	0.00794
9	0.01445	0.00723	0.00723	0.00723	0.00903	0.00723	0.00542	0.01807	0.01626	0.02891	0.02529	0.02891	0.01987	0.00903	0.00542	0.00181	0.00361	0.00723	0.77055	0.00723
10	0.02880	0.07431	0.02444	0.01766	0.02374	0.07224	0.01465	0.56344	0.03393	0.04452	0.01758	0.01784	0.01272	0.00902	0.00750	0.00226	0.00890	0.00663	0.00717	0.01265
11	0.01929	0.01666	0.01753	0.01578	0.02016	0.01929	0.01227	0.04120	0.66513	0.03243	0.03156	0.02893	0.02367	0.01052	0.00789	0.00263	0.00614	0.00877	0.00789	0.01227
12	0.01445	0.00723	0.00723	0.00723	0.00903	0.00723	0.00542	0.01807	0.01626	0.02891	0.02529	0.02891	0.01987	0.00903	0.00542	0.00181	0.00361	0.00723	0.77055	0.00723
13	0.01175	0.00938	0.01384	0.01434	0.04510	0.01090	0.01060	0.01446	0.01304	0.01860	0.02390	0.03215	0.06599	0.04971	0.56578	0.01061	0.06956	0.00872	0.00430	0.00726
14	0.01226	0.00975	0.01352	0.01287	0.01361	0.01179	0.00971	0.01406	0.01202	0.01731	0.01975	0.03344	0.02004	0.23328	0.38795	0.00937	0.14967	0.00883	0.00416	0.00661
15	0.01784	0.01842	0.02362	0.02033	0.02062	0.07285	0.01682	0.01956	0.01261	0.01868	0.01031	0.01675	0.01016	0.01316	0.02410	0.00329	0.66227	0.00665	0.00344	0.00852
16	0.01919	0.01842	0.03147	0.04759	0.67914	0.01842	0.02380	0.02380	0.01765	0.02533	0.01458	0.01919	0.01228	0.00691	0.00768	0.00230	0.00921	0.00691	0.00384	0.01228
17	0.01587	0.01223	0.01320	0.01175	0.01512	0.01237	0.00915	0.20081	0.05159	0.02974	0.07397	0.11615	0.32036	0.04596	0.01008	0.00282	0.00569	0.03708	0.00734	0.00870

[dist]
# distance from previous block
# <min> <max>
0	1

# created by:
# /st0/software/busco_prod/Augustus/scripts/msa2prfl.pl ./align_prep/127959.fa
