[name]
unknown

[dist]
# distance from previous block
# <min> <max>
0	19

[block]
# block no. 0 follows, 25 sequences, length 15
# corresponding to MSA columns:
# 19-33
name=unknown_A
#
# <colnr> <probs for GDERKNQSTAVLIFYWHMCP>
#	G	D	E	R	K	N	Q	S	T	A	V	L	I	F	Y	W	H	M	C	P
0	0.01249	0.00892	0.01249	0.01428	0.01606	0.00892	0.01249	0.01606	0.01785	0.02320	0.04105	0.08746	0.04462	0.02142	0.01071	0.00357	0.00714	0.62695	0.00714	0.00714
1	0.03479	0.01320	0.01799	0.01380	0.01979	0.01140	0.01140	0.03779	0.02219	0.68451	0.03059	0.02639	0.01919	0.00960	0.00780	0.00240	0.00660	0.00780	0.00960	0.01320
2	0.03247	0.01385	0.01807	0.01406	0.01980	0.01268	0.01154	0.08742	0.05814	0.56862	0.05777	0.02727	0.02130	0.00990	0.00786	0.00241	0.00660	0.00805	0.00931	0.01289
3	0.02781	0.02031	0.02189	0.01701	0.02275	0.02246	0.01399	0.58916	0.03425	0.04636	0.01908	0.01972	0.01384	0.01152	0.03907	0.00276	0.00882	0.00705	0.04955	0.01257
4	0.01279	0.00884	0.01127	0.01158	0.01367	0.00839	0.00921	0.04050	0.01929	0.05752	0.20493	0.17958	0.15864	0.01915	0.00966	0.00295	0.00530	0.21161	0.00765	0.00748
5	0.00996	0.00688	0.00925	0.01062	0.01119	0.00645	0.00717	0.01119	0.01529	0.02060	0.11451	0.58721	0.05075	0.02352	0.01148	0.06629	0.00458	0.01985	0.00704	0.00618
6	0.04975	0.01208	0.01362	0.06537	0.01727	0.01286	0.00955	0.17485	0.02140	0.07730	0.06436	0.02857	0.02110	0.06830	0.00934	0.00257	0.00597	0.00783	0.32884	0.00905
7	0.14931	0.01525	0.02454	0.44582	0.10644	0.01764	0.09077	0.02129	0.01563	0.02353	0.01356	0.01915	0.01035	0.00744	0.00739	0.00253	0.00978	0.00668	0.00377	0.00914
8	0.01464	0.01378	0.02326	0.70887	0.05340	0.01723	0.02153	0.01981	0.01550	0.01981	0.01378	0.02067	0.01034	0.00775	0.00775	0.00258	0.01034	0.00689	0.00345	0.00861
9	0.05426	0.01510	0.01706	0.01465	0.01941	0.01621	0.01160	0.03808	0.41135	0.23017	0.06307	0.02897	0.02421	0.01038	0.00780	0.00254	0.00614	0.00856	0.00832	0.01215
10	0.06567	0.01295	0.01648	0.01329	0.01832	0.01207	0.01075	0.06299	0.06616	0.46102	0.11221	0.06350	0.02716	0.01105	0.00793	0.00245	0.00615	0.00914	0.00890	0.01181
11	0.07261	0.01195	0.01445	0.01288	0.01655	0.01184	0.01043	0.10629	0.04423	0.19340	0.16461	0.09511	0.07139	0.01449	0.00863	0.00269	0.00600	0.12480	0.00799	0.00965
12	0.04874	0.00826	0.00981	0.01035	0.01149	0.00814	0.00719	0.03506	0.01569	0.02172	0.10031	0.31476	0.08593	0.21602	0.01769	0.00422	0.00564	0.06606	0.00654	0.00639
13	0.01356	0.00851	0.00967	0.00963	0.01113	0.00871	0.00683	0.05031	0.04900	0.02497	0.05875	0.17716	0.03000	0.14392	0.04413	0.02583	0.00574	0.01144	0.30368	0.00704
14	0.25441	0.04786	0.01845	0.26257	0.02933	0.01737	0.01401	0.07673	0.01579	0.02611	0.01341	0.01903	0.01107	0.04167	0.01122	0.07970	0.04254	0.00611	0.00429	0.00832

[dist]
# distance from previous block
# <min> <max>
10	19

[block]
# block no. 1 follows, 25 sequences, length 138
# corresponding to MSA columns:
# 53-190
name=unknown_B
#
# <colnr> <probs for GDERKNQSTAVLIFYWHMCP>
#	G	D	E	R	K	N	Q	S	T	A	V	L	I	F	Y	W	H	M	C	P
0	0.01609	0.01052	0.01275	0.01162	0.01381	0.01073	0.00857	0.09969	0.04107	0.09101	0.21010	0.16705	0.04114	0.15991	0.01554	0.00360	0.03127	0.01274	0.03463	0.00813
1	0.00991	0.00713	0.00925	0.01028	0.01114	0.00662	0.00703	0.01177	0.01649	0.02232	0.19652	0.49423	0.08368	0.06158	0.01134	0.00320	0.00444	0.01924	0.00738	0.00647
2	0.01220	0.01107	0.01926	0.01658	0.01920	0.01060	0.17866	0.01502	0.01600	0.02140	0.06007	0.39965	0.09199	0.05010	0.01152	0.00314	0.03317	0.01678	0.00612	0.00747
3	0.01797	0.02038	0.04436	0.03185	0.03942	0.01911	0.62669	0.02431	0.01817	0.02465	0.01671	0.04738	0.01326	0.00721	0.00918	0.00263	0.01275	0.00964	0.00405	0.01030
4	0.01669	0.01287	0.01433	0.04415	0.01793	0.01363	0.01024	0.05311	0.29555	0.07857	0.10435	0.04513	0.23427	0.01366	0.00839	0.00258	0.00553	0.01143	0.00765	0.00994
5	0.03245	0.01268	0.01724	0.01340	0.01899	0.01100	0.01100	0.03551	0.02217	0.62032	0.09390	0.02949	0.02449	0.01021	0.00793	0.00240	0.00631	0.00841	0.00949	0.01262
6	0.18480	0.02205	0.02005	0.01638	0.02162	0.13591	0.01324	0.33426	0.05587	0.07490	0.01685	0.01743	0.01236	0.00886	0.00759	0.00234	0.03154	0.00619	0.00647	0.01129
7	0.01108	0.00831	0.01246	0.01246	0.01385	0.00969	0.00969	0.01385	0.01246	0.01800	0.02077	0.03046	0.01938	0.05815	0.69678	0.01246	0.02077	0.00831	0.00415	0.00692
8	0.02823	0.03573	0.02208	0.02000	0.02375	0.65529	0.01510	0.03021	0.02136	0.01896	0.01187	0.01416	0.01000	0.00833	0.00812	0.00208	0.05670	0.00510	0.00396	0.00896
9	0.01722	0.01375	0.01620	0.01163	0.01846	0.01040	0.00932	0.02064	0.01645	0.06554	0.01481	0.01671	0.01196	0.00598	0.00587	0.00122	0.00579	0.00479	0.00490	0.72837
10	0.01784	0.01704	0.02903	0.24424	0.49306	0.01807	0.02312	0.02261	0.01702	0.02369	0.01435	0.01963	0.01170	0.00716	0.00770	0.00239	0.00955	0.00690	0.00372	0.01119
11	0.01574	0.01359	0.01621	0.01210	0.01809	0.01108	0.00964	0.01893	0.01569	0.02444	0.01528	0.05929	0.01382	0.00745	0.00745	0.00144	0.05796	0.00582	0.00466	0.67131
12	0.01067	0.00766	0.00987	0.01123	0.01203	0.00738	0.00766	0.05005	0.01616	0.02157	0.04126	0.67945	0.04895	0.02338	0.00977	0.00310	0.00474	0.02112	0.00723	0.00672
13	0.01695	0.01535	0.02562	0.24269	0.37547	0.01624	0.02032	0.02069	0.01599	0.02217	0.01416	0.02004	0.01180	0.00960	0.01042	0.09819	0.00909	0.00678	0.00369	0.04473
14	0.00954	0.00682	0.00908	0.01073	0.01127	0.00636	0.00720	0.01103	0.01528	0.02048	0.08136	0.68185	0.05262	0.02378	0.00985	0.00311	0.00445	0.02155	0.00728	0.00636
15	0.02822	0.05992	0.02306	0.02105	0.05483	0.64148	0.01534	0.03036	0.02156	0.01925	0.01207	0.01418	0.01009	0.00789	0.00695	0.00200	0.01356	0.00506	0.00396	0.00918
16	0.00953	0.00715	0.00875	0.00985	0.01096	0.00647	0.00676	0.01114	0.01592	0.02063	0.09047	0.48280	0.22157	0.04663	0.01067	0.00311	0.00440	0.01964	0.00719	0.00637
17	0.01792	0.01686	0.02794	0.28239	0.38142	0.01827	0.03907	0.04664	0.04810	0.02454	0.01527	0.02021	0.01214	0.00746	0.00776	0.00243	0.00955	0.00705	0.00404	0.01095
18	0.02138	0.31162	0.21642	0.01923	0.05629	0.11036	0.04018	0.07064	0.01865	0.04963	0.01352	0.01535	0.01070	0.00733	0.00649	0.00207	0.01006	0.00535	0.00401	0.01074
19	0.01686	0.01392	0.01668	0.01281	0.04118	0.01065	0.00977	0.02033	0.01635	0.04912	0.01442	0.01656	0.01179	0.00592	0.00588	0.00123	0.00589	0.00479	0.00475	0.72108
20	0.01108	0.00831	0.01246	0.01246	0.01385	0.00969	0.00969	0.01385	0.01246	0.01800	0.02077	0.03046	0.01938	0.05815	0.69678	0.01246	0.02077	0.00831	0.00415	0.00692
21	0.00923	0.00786	0.00795	0.00792	0.01051	0.00657	0.00594	0.01125	0.01783	0.02131	0.10015	0.07401	0.65416	0.01950	0.00916	0.00261	0.00392	0.01628	0.00725	0.00657
22	0.01608	0.01378	0.01608	0.01148	0.01837	0.01034	0.00919	0.01952	0.01608	0.02527	0.01378	0.01608	0.01148	0.00574	0.00574	0.00115	0.00574	0.00459	0.00459	0.77491
23	0.02144	0.67251	0.03903	0.01384	0.02025	0.08781	0.01341	0.02388	0.01629	0.01831	0.01088	0.01257	0.00995	0.00675	0.00515	0.00169	0.00878	0.00422	0.00337	0.00987
24	0.01816	0.01738	0.02962	0.19673	0.53802	0.01815	0.02329	0.02290	0.01717	0.02409	0.01440	0.01952	0.01184	0.00710	0.00769	0.00237	0.00946	0.00690	0.00375	0.01145
25	0.02121	0.31838	0.22113	0.01824	0.02607	0.07209	0.05699	0.13416	0.02013	0.02584	0.01343	0.01526	0.01059	0.00740	0.00654	0.00208	0.00993	0.00546	0.00416	0.01091
26	0.02697	0.10298	0.02507	0.04110	0.05347	0.02373	0.01486	0.50815	0.03179	0.04258	0.01761	0.01837	0.01292	0.00883	0.00735	0.00224	0.00842	0.00666	0.03452	0.01240
27	0.01663	0.06271	0.59620	0.04530	0.03311	0.06540	0.02693	0.02479	0.01671	0.02379	0.01367	0.01622	0.00986	0.00740	0.00727	0.00240	0.01149	0.00566	0.00333	0.01114
28	0.01901	0.07528	0.05260	0.16512	0.44438	0.06541	0.02212	0.02352	0.01736	0.02329	0.01394	0.01849	0.01150	0.00713	0.00742	0.00229	0.00975	0.00652	0.00372	0.01116
29	0.01929	0.01666	0.01753	0.01578	0.02016	0.01929	0.01227	0.04120	0.66513	0.03243	0.03156	0.02893	0.02367	0.01052	0.00789	0.00263	0.00614	0.00877	0.00789	0.01227
30	0.01608	0.01378	0.01608	0.01148	0.01837	0.01034	0.00919	0.01952	0.01608	0.02527	0.01378	0.01608	0.01148	0.00574	0.00574	0.00115	0.00574	0.00459	0.00459	0.77491
31	0.01558	0.09150	0.53861	0.02009	0.02970	0.01823	0.02478	0.02320	0.01667	0.02443	0.07883	0.02019	0.01611	0.00843	0.00816	0.00243	0.04202	0.00647	0.00380	0.01079
32	0.01347	0.00673	0.01010	0.01010	0.01010	0.00673	0.00673	0.01010	0.01010	0.01347	0.01347	0.02357	0.01347	0.02694	0.03030	0.77441	0.00673	0.00673	0.00337	0.00337
33	0.01830	0.02092	0.04575	0.03268	0.04052	0.01961	0.65098	0.02484	0.01830	0.02484	0.01569	0.02092	0.01176	0.00654	0.00915	0.00261	0.01307	0.00915	0.00392	0.01046
34	0.01919	0.01842	0.03147	0.04759	0.67914	0.01842	0.02380	0.02380	0.01765	0.02533	0.01458	0.01919	0.01228	0.00691	0.00768	0.00230	0.00921	0.00691	0.00384	0.01228
35	0.01986	0.01694	0.01785	0.01589	0.02038	0.01955	0.01241	0.07562	0.62978	0.03336	0.03083	0.02835	0.02308	0.01045	0.00788	0.00261	0.00627	0.00867	0.00788	0.01232
36	0.10816	0.07856	0.18254	0.01550	0.02274	0.01592	0.01548	0.05331	0.04343	0.32083	0.02158	0.02065	0.01458	0.00839	0.00704	0.00230	0.00787	0.00646	0.00666	0.04799
37	0.01683	0.01615	0.02749	0.36960	0.32388	0.01812	0.03996	0.02163	0.01635	0.02230	0.01401	0.01986	0.01122	0.00762	0.00859	0.00250	0.04304	0.00696	0.00363	0.01026
38	0.01111	0.00817	0.01174	0.01174	0.01288	0.00930	0.00880	0.01338	0.01225	0.01747	0.02142	0.03410	0.02096	0.17816	0.57893	0.01157	0.01839	0.00884	0.00425	0.00652
39	0.02003	0.63906	0.12764	0.01446	0.02174	0.02897	0.01534	0.02340	0.01584	0.01909	0.01120	0.01297	0.00993	0.00673	0.00530	0.00177	0.00872	0.00436	0.00331	0.01015
40	0.04205	0.01467	0.02371	0.54252	0.13281	0.01734	0.02070	0.04198	0.01671	0.05330	0.01474	0.02041	0.01104	0.00776	0.00765	0.00252	0.00981	0.00685	0.00397	0.00946
41	0.01873	0.01795	0.03064	0.11468	0.61566	0.01830	0.02357	0.02339	0.01744	0.02477	0.01450	0.01934	0.01208	0.00699	0.00768	0.00233	0.00933	0.00691	0.00380	0.01191
42	0.00952	0.00680	0.00906	0.01075	0.01126	0.00635	0.00720	0.01098	0.01519	0.02034	0.07348	0.69014	0.05235	0.02388	0.00986	0.00311	0.00446	0.02165	0.00726	0.00635
43	0.01124	0.00765	0.00914	0.00914	0.00937	0.00789	0.00555	0.01171	0.01148	0.01554	0.02381	0.04730	0.02669	0.61393	0.15100	0.00836	0.00977	0.01077	0.00461	0.00508
44	0.64171	0.01466	0.01264	0.01087	0.01590	0.01627	0.00896	0.02561	0.01489	0.15697	0.01452	0.01519	0.01043	0.00765	0.00536	0.00240	0.00611	0.00488	0.00570	0.00930
45	0.01464	0.01378	0.02326	0.70887	0.05340	0.01723	0.02153	0.01981	0.01550	0.01981	0.01378	0.02067	0.01034	0.00775	0.00775	0.00258	0.01034	0.00689	0.00345	0.00861
46	0.01136	0.00873	0.01301	0.01284	0.01416	0.01038	0.01005	0.01408	0.01243	0.01803	0.02025	0.02980	0.01894	0.05598	0.66414	0.01202	0.05444	0.00823	0.00412	0.00700
47	0.78228	0.01499	0.01140	0.01020	0.01499	0.01739	0.00840	0.02279	0.01320	0.03479	0.01080	0.01260	0.00840	0.00720	0.00480	0.00240	0.00600	0.00420	0.00480	0.00840
48	0.02756	0.01924	0.02150	0.05539	0.02403	0.02106	0.01399	0.48940	0.05372	0.10867	0.02041	0.02213	0.01505	0.05965	0.00999	0.00272	0.00828	0.00742	0.00749	0.01230
49	0.05716	0.01379	0.01779	0.03668	0.02049	0.01283	0.01160	0.10258	0.02302	0.51682	0.05330	0.02817	0.04936	0.01010	0.00780	0.00241	0.00669	0.00816	0.00888	0.01237
50	0.02947	0.02172	0.02327	0.01784	0.02404	0.02404	0.01474	0.65329	0.03646	0.04887	0.01862	0.01862	0.01319	0.00931	0.00776	0.00233	0.00853	0.00698	0.00776	0.01319
51	0.78228	0.01499	0.01140	0.01020	0.01499	0.01739	0.00840	0.02279	0.01320	0.03479	0.01080	0.01260	0.00840	0.00720	0.00480	0.00240	0.00600	0.00420	0.00480	0.00840
52	0.01014	0.00789	0.00921	0.00888	0.01107	0.00696	0.00666	0.01302	0.01998	0.02643	0.40089	0.06559	0.35023	0.01759	0.00915	0.00252	0.00378	0.01510	0.00792	0.00696
53	0.02316	0.50146	0.06170	0.01506	0.02149	0.11133	0.01423	0.10462	0.01941	0.04660	0.01277	0.01408	0.01069	0.00728	0.00578	0.00184	0.00910	0.00481	0.00419	0.01042
54	0.01713	0.01375	0.01619	0.01161	0.01845	0.01040	0.00931	0.02055	0.01642	0.06234	0.01473	0.01666	0.01192	0.00596	0.00586	0.00122	0.00579	0.00477	0.00488	0.73207
55	0.03013	0.01351	0.03878	0.01360	0.01912	0.01142	0.01143	0.03430	0.05225	0.54160	0.11949	0.03056	0.02658	0.01043	0.00797	0.00242	0.00633	0.00864	0.00916	0.01228
56	0.02400	0.01982	0.04727	0.02986	0.29670	0.02007	0.01845	0.31122	0.02627	0.06575	0.01850	0.05336	0.01483	0.00899	0.00782	0.00236	0.00863	0.00768	0.00603	0.01242
57	0.00945	0.00675	0.00900	0.01080	0.01125	0.00630	0.00720	0.01080	0.01484	0.01979	0.04274	0.72245	0.05128	0.02429	0.00990	0.00315	0.00450	0.02204	0.00720	0.00630
58	0.01347	0.00673	0.01010	0.01010	0.01010	0.00673	0.00673	0.01010	0.01010	0.01347	0.01347	0.02357	0.01347	0.02694	0.03030	0.77441	0.00673	0.00673	0.00337	0.00337
59	0.01608	0.01378	0.01608	0.01148	0.01837	0.01034	0.00919	0.01952	0.01608	0.02527	0.01378	0.01608	0.01148	0.00574	0.00574	0.00115	0.00574	0.00459	0.00459	0.77491
60	0.02850	0.02197	0.02267	0.01775	0.02368	0.05541	0.01452	0.56655	0.09461	0.04591	0.01951	0.01936	0.01402	0.00936	0.00773	0.00234	0.00857	0.00705	0.00759	0.01290
61	0.01899	0.01562	0.02121	0.04307	0.02105	0.01880	0.01461	0.02139	0.01432	0.10675	0.01380	0.01812	0.01166	0.01103	0.01794	0.00271	0.43176	0.00641	0.00448	0.18628
62	0.05826	0.02753	0.34470	0.04780	0.04962	0.01688	0.02083	0.09038	0.04117	0.19941	0.01917	0.01971	0.01309	0.00824	0.00744	0.00243	0.00935	0.00651	0.00561	0.01187
63	0.01763	0.02408	0.20858	0.15869	0.10494	0.01828	0.27803	0.02423	0.01735	0.05036	0.01534	0.01971	0.01133	0.00715	0.00821	0.00253	0.01148	0.00754	0.00388	0.01067
64	0.00945	0.00675	0.00900	0.01080	0.01125	0.00630	0.00720	0.01080	0.01484	0.01979	0.04274	0.72245	0.05128	0.02429	0.00990	0.00315	0.00450	0.02204	0.00720	0.00630
65	0.01762	0.26976	0.40472	0.02106	0.06561	0.02235	0.05152	0.02408	0.01632	0.02250	0.01298	0.01542	0.01009	0.00706	0.00666	0.00219	0.01035	0.00542	0.00335	0.01095
66	0.01822	0.05625	0.27193	0.08397	0.29189	0.04345	0.05485	0.04462	0.01775	0.02485	0.01421	0.01787	0.01106	0.00723	0.00751	0.00236	0.01042	0.00640	0.00372	0.01143
67	0.00963	0.00760	0.00875	0.00955	0.01135	0.00673	0.00706	0.01156	0.01674	0.02081	0.06239	0.29327	0.39666	0.02139	0.00958	0.00290	0.00447	0.08582	0.00719	0.00653
68	0.00963	0.00796	0.00850	0.00862	0.01110	0.00684	0.00664	0.01188	0.01802	0.02195	0.12103	0.07457	0.56827	0.01952	0.00931	0.00270	0.00422	0.07530	0.00730	0.00666
69	0.03079	0.01649	0.07581	0.01559	0.02197	0.01361	0.03722	0.06449	0.08474	0.51151	0.02817	0.02523	0.01828	0.00937	0.00782	0.00243	0.00730	0.00773	0.00860	0.01286
70	0.01576	0.06791	0.66135	0.02174	0.03301	0.01852	0.02803	0.02450	0.01635	0.02430	0.01379	0.01621	0.00983	0.00734	0.00727	0.00242	0.01133	0.00567	0.00328	0.01140
71	0.01555	0.04011	0.68733	0.02210	0.03356	0.01801	0.02865	0.02455	0.01637	0.02455	0.01391	0.01637	0.00982	0.00737	0.00737	0.00246	0.01146	0.00573	0.00327	0.01146
72	0.02114	0.02242	0.02834	0.14244	0.29960	0.18100	0.08390	0.05166	0.04968	0.02418	0.01491	0.01879	0.01194	0.00753	0.00769	0.00232	0.01075	0.00676	0.00417	0.01076
73	0.01633	0.03465	0.50482	0.02511	0.03554	0.01846	0.20569	0.02464	0.01692	0.02464	0.01442	0.01766	0.01037	0.00713	0.00787	0.00250	0.01192	0.00670	0.00346	0.01117
74	0.01347	0.00673	0.01010	0.01010	0.01010	0.00673	0.00673	0.01010	0.01010	0.01347	0.01347	0.02357	0.01347	0.02694	0.03030	0.77441	0.00673	0.00673	0.00337	0.00337
75	0.01931	0.02124	0.02822	0.02297	0.02535	0.13803	0.15427	0.02211	0.01500	0.02006	0.01168	0.01731	0.01049	0.01109	0.01875	0.00298	0.44154	0.00699	0.00361	0.00900
76	0.01608	0.01378	0.01608	0.01148	0.01837	0.01034	0.00919	0.01952	0.01608	0.02527	0.01378	0.01608	0.01148	0.00574	0.00574	0.00115	0.00574	0.00459	0.00459	0.77491
77	0.01983	0.01556	0.01766	0.01330	0.01970	0.01403	0.01070	0.13807	0.10400	0.06252	0.01777	0.01870	0.01374	0.00719	0.00648	0.00161	0.00634	0.00572	0.00584	0.50120
78	0.00952	0.00686	0.00903	0.01062	0.01123	0.00636	0.00715	0.01102	0.01536	0.02047	0.07960	0.65879	0.07801	0.02363	0.00982	0.00309	0.00443	0.02136	0.00727	0.00636
79	0.01581	0.03831	0.62742	0.02309	0.03421	0.01816	0.08676	0.02458	0.01655	0.02458	0.01408	0.01679	0.01000	0.00729	0.00753	0.00247	0.01161	0.00605	0.00333	0.01137
80	0.01452	0.04977	0.15942	0.01564	0.02070	0.01279	0.08784	0.02042	0.05037	0.05277	0.37379	0.04021	0.04539	0.01207	0.00847	0.00243	0.00684	0.01077	0.00666	0.00913
81	0.01260	0.00927	0.01281	0.04190	0.01727	0.00949	0.01230	0.01689	0.04892	0.02317	0.03967	0.14727	0.04291	0.02064	0.01037	0.00344	0.00695	0.50974	0.00703	0.00736
82	0.00975	0.00707	0.00955	0.03080	0.01249	0.00672	0.00762	0.01144	0.01558	0.02094	0.10593	0.63494	0.05232	0.02296	0.00976	0.00306	0.00458	0.02079	0.00722	0.00647
83	0.01885	0.02283	0.12354	0.06560	0.37807	0.05672	0.17211	0.02439	0.01779	0.02453	0.01457	0.01898	0.01162	0.00698	0.00795	0.00239	0.01074	0.00717	0.00377	0.01141
84	0.02849	0.03605	0.02243	0.02132	0.05582	0.66342	0.01541	0.03061	0.02176	0.01929	0.01211	0.01424	0.01010	0.00794	0.00702	0.00201	0.01375	0.00509	0.00399	0.00915
85	0.00953	0.00782	0.00840	0.00836	0.01073	0.00668	0.00623	0.01179	0.01837	0.02286	0.19269	0.10203	0.52937	0.01912	0.00919	0.00261	0.00390	0.01618	0.00746	0.00668
86	0.02386	0.02364	0.25220	0.02083	0.07285	0.01531	0.07854	0.03055	0.05877	0.28937	0.04093	0.02297	0.01660	0.00859	0.00781	0.00245	0.00896	0.00739	0.00634	0.01205
87	0.02817	0.01661	0.11004	0.01447	0.02065	0.01232	0.01326	0.06674	0.02141	0.46223	0.03275	0.06195	0.08180	0.01092	0.00796	0.00246	0.00703	0.00895	0.00827	0.01199
88	0.01746	0.01901	0.08981	0.24748	0.42786	0.01802	0.02355	0.02265	0.01688	0.02357	0.01428	0.01938	0.01146	0.00721	0.00767	0.00240	0.00976	0.00679	0.00367	0.01108
89	0.01725	0.07727	0.49054	0.02271	0.03280	0.01882	0.12815	0.02568	0.04099	0.05162	0.01535	0.01775	0.01105	0.00739	0.00755	0.00244	0.01113	0.00639	0.00381	0.01130
90	0.01891	0.01645	0.02648	0.06949	0.45962	0.01673	0.02048	0.04920	0.04199	0.05301	0.02046	0.03144	0.01840	0.00974	0.00821	0.00255	0.00867	0.11195	0.00492	0.01131
91	0.01656	0.03740	0.60622	0.02266	0.03359	0.01788	0.08056	0.02511	0.01677	0.05109	0.01473	0.01716	0.01036	0.00739	0.00753	0.00247	0.01140	0.00610	0.00358	0.01144
92	0.03820	0.05652	0.24947	0.11851	0.14512	0.01601	0.02020	0.02296	0.01690	0.09573	0.02187	0.09751	0.04820	0.00997	0.00770	0.00248	0.00895	0.00849	0.00475	0.01045
93	0.02564	0.02152	0.14004	0.01655	0.02282	0.08136	0.01517	0.03584	0.23213	0.28610	0.02608	0.02420	0.01807	0.00934	0.00767	0.00245	0.00804	0.00747	0.00734	0.01217
94	0.02157	0.09409	0.23047	0.08695	0.14991	0.01777	0.06811	0.02711	0.01804	0.18528	0.01793	0.01969	0.01277	0.00773	0.00746	0.00236	0.00956	0.00666	0.00499	0.01155
95	0.01837	0.01757	0.02968	0.08238	0.60650	0.01769	0.02266	0.02286	0.01754	0.02478	0.01814	0.02239	0.04950	0.00767	0.00776	0.00234	0.00898	0.00744	0.00401	0.01175
96	0.01432	0.01338	0.02268	0.61391	0.04869	0.01625	0.04266	0.01925	0.01586	0.02050	0.04523	0.06182	0.01552	0.00900	0.00799	0.00261	0.00981	0.00814	0.00390	0.00849
97	0.01201	0.01024	0.01657	0.13394	0.05201	0.01039	0.07757	0.01498	0.01593	0.02101	0.03555	0.39172	0.07269	0.01827	0.00940	0.00298	0.00685	0.08433	0.00606	0.00750
98	0.03148	0.01782	0.13310	0.01522	0.02216	0.01253	0.01436	0.03551	0.02119	0.57101	0.02772	0.02467	0.01758	0.00921	0.00772	0.00241	0.00743	0.00744	0.00851	0.01290
99	0.01648	0.01566	0.02657	0.44188	0.30605	0.01771	0.02245	0.02142	0.01637	0.02204	0.01411	0.02007	0.01112	0.00741	0.00772	0.00247	0.00988	0.00690	0.00360	0.01009
100	0.01555	0.04011	0.68733	0.02210	0.03356	0.01801	0.02865	0.02455	0.01637	0.02455	0.01391	0.01637	0.00982	0.00737	0.00737	0.00246	0.01146	0.00573	0.00327	0.01146
101	0.01894	0.01832	0.03173	0.07806	0.62063	0.01842	0.05220	0.02366	0.01758	0.02505	0.01460	0.01934	0.01217	0.00693	0.00775	0.00233	0.00944	0.00701	0.00382	0.01203
102	0.00996	0.00743	0.00934	0.01073	0.01166	0.00705	0.00733	0.01254	0.05158	0.02063	0.04626	0.60848	0.12219	0.02298	0.00970	0.00306	0.00452	0.02064	0.00724	0.00666
103	0.00923	0.00786	0.00795	0.00793	0.01051	0.00657	0.00594	0.01126	0.01783	0.02132	0.10071	0.07400	0.65360	0.01950	0.00916	0.00261	0.00392	0.01628	0.00725	0.00657
104	0.03479	0.01320	0.01799	0.01380	0.01979	0.01140	0.01140	0.03779	0.02219	0.68451	0.03059	0.02639	0.01919	0.00960	0.00780	0.00240	0.00660	0.00780	0.00960	0.01320
105	0.05613	0.03929	0.07810	0.01449	0.02088	0.01316	0.01294	0.03580	0.05010	0.55360	0.02786	0.02471	0.01791	0.00927	0.00757	0.00239	0.00705	0.00742	0.00860	0.01274
106	0.02902	0.03536	0.02211	0.01975	0.02398	0.62604	0.01496	0.09606	0.02349	0.02210	0.01268	0.01447	0.01032	0.00813	0.00707	0.00203	0.01341	0.00520	0.00439	0.00943
107	0.01249	0.00892	0.01249	0.01428	0.01606	0.00892	0.01249	0.01606	0.01785	0.02320	0.04105	0.08746	0.04462	0.02142	0.01071	0.00357	0.00714	0.62695	0.00714	0.00714
108	0.03423	0.01332	0.01798	0.01387	0.01981	0.01168	0.01143	0.03791	0.04546	0.66092	0.03062	0.02648	0.01936	0.00963	0.00780	0.00241	0.00658	0.00783	0.00953	0.01316
109	0.01965	0.01930	0.03102	0.04629	0.64828	0.05036	0.02338	0.02413	0.01786	0.02503	0.01446	0.01894	0.01217	0.00696	0.00764	0.00229	0.00944	0.00682	0.00385	0.01213
110	0.01249	0.00892	0.01249	0.01428	0.01606	0.00892	0.01249	0.01606	0.01785	0.02320	0.04105	0.08746	0.04462	0.02142	0.01071	0.00357	0.00714	0.62695	0.00714	0.00714
111	0.01608	0.01378	0.01608	0.01148	0.01837	0.01034	0.00919	0.01952	0.01608	0.02527	0.01378	0.01608	0.01148	0.00574	0.00574	0.00115	0.00574	0.00459	0.00459	0.77491
112	0.01905	0.01881	0.03366	0.04530	0.58111	0.01860	0.12007	0.02396	0.01775	0.02526	0.01475	0.01945	0.01220	0.00685	0.00790	0.00235	0.00980	0.00725	0.00385	0.01200
113	0.01221	0.00872	0.01217	0.01395	0.01562	0.00868	0.01200	0.01557	0.01757	0.02289	0.04121	0.14664	0.04524	0.02169	0.01063	0.00353	0.00689	0.57057	0.00715	0.00706
114	0.00982	0.00788	0.00877	0.00855	0.01088	0.00683	0.00641	0.01240	0.01923	0.02464	0.29583	0.06854	0.45640	0.01826	0.00916	0.00255	0.00383	0.01551	0.00769	0.00683
115	0.03109	0.01837	0.14681	0.01539	0.02244	0.01267	0.01472	0.03524	0.02107	0.55750	0.02738	0.02446	0.01739	0.00917	0.00771	0.00241	0.00753	0.00740	0.00838	0.01286
116	0.02064	0.68846	0.03922	0.01342	0.01992	0.02998	0.01321	0.02432	0.05542	0.01911	0.01205	0.01345	0.01079	0.00687	0.00515	0.00172	0.00816	0.00443	0.00360	0.01009
117	0.01347	0.00673	0.01010	0.01010	0.01010	0.00673	0.00673	0.01010	0.01010	0.01347	0.01347	0.02357	0.01347	0.02694	0.03030	0.77441	0.00673	0.00673	0.00337	0.00337
118	0.01529	0.01444	0.02442	0.61478	0.14243	0.01740	0.02186	0.02038	0.01581	0.02060	0.01390	0.02046	0.01061	0.00763	0.00774	0.00254	0.01018	0.00689	0.00350	0.00914
119	0.01653	0.01585	0.02732	0.42852	0.29187	0.01778	0.04826	0.02154	0.01644	0.02213	0.01417	0.02012	0.01114	0.00738	0.00778	0.00248	0.01002	0.00699	0.00361	0.01009
120	0.01700	0.07537	0.53813	0.02267	0.03315	0.01866	0.10985	0.02506	0.01683	0.05135	0.01466	0.01717	0.01047	0.00731	0.00749	0.00243	0.01130	0.00618	0.00362	0.01131
121	0.01874	0.01769	0.02916	0.04289	0.58832	0.01787	0.02194	0.02469	0.07025	0.02623	0.05310	0.02216	0.01663	0.00770	0.00778	0.00234	0.00865	0.00746	0.00443	0.01200
122	0.01526	0.01491	0.02663	0.51515	0.07392	0.01736	0.12416	0.02034	0.01590	0.02082	0.01538	0.05373	0.01258	0.00849	0.00866	0.00263	0.03342	0.00798	0.00372	0.00895
123	0.01770	0.06935	0.53375	0.02114	0.03136	0.01824	0.05503	0.02651	0.05339	0.07806	0.01619	0.01791	0.01146	0.00765	0.00740	0.00243	0.01069	0.00615	0.00408	0.01152
124	0.05278	0.01358	0.01772	0.01648	0.07138	0.01308	0.01210	0.07828	0.08397	0.37686	0.02996	0.12320	0.02381	0.01192	0.00811	0.00256	0.00662	0.03774	0.00823	0.01165
125	0.01850	0.01772	0.03023	0.14731	0.58478	0.01824	0.02345	0.02319	0.01733	0.02450	0.01446	0.01941	0.01199	0.00704	0.00769	0.00235	0.00938	0.00691	0.00378	0.01173
126	0.01600	0.01714	0.05515	0.17083	0.06261	0.01651	0.30968	0.02224	0.04829	0.02429	0.07815	0.07421	0.02162	0.00972	0.00879	0.00265	0.01026	0.03754	0.00476	0.00955
127	0.01919	0.01842	0.03147	0.04759	0.67914	0.01842	0.02380	0.02380	0.01765	0.02533	0.01458	0.01919	0.01228	0.00691	0.00768	0.00230	0.00921	0.00691	0.00384	0.01228
128	0.01444	0.01214	0.02138	0.02106	0.10541	0.01149	0.16309	0.01774	0.01687	0.05955	0.05729	0.36868	0.03559	0.01652	0.00932	0.00286	0.00736	0.04451	0.00617	0.00853
129	0.01930	0.01955	0.02950	0.17023	0.46649	0.08828	0.04765	0.02382	0.01772	0.02360	0.01421	0.01900	0.01165	0.00717	0.00768	0.00234	0.01007	0.00680	0.00378	0.01117
130	0.01606	0.10810	0.62380	0.02123	0.03222	0.01925	0.02714	0.02442	0.01631	0.02393	0.01361	0.01598	0.00983	0.00729	0.00713	0.00238	0.01115	0.00557	0.00328	0.01131
131	0.01626	0.13530	0.59838	0.02088	0.03168	0.01975	0.02653	0.02437	0.01629	0.02369	0.01348	0.01583	0.00984	0.00727	0.00704	0.00235	0.01102	0.00551	0.00328	0.01125
132	0.01919	0.01842	0.03147	0.04759	0.67914	0.01842	0.02380	0.02380	0.01765	0.02533	0.01458	0.01919	0.01228	0.00691	0.00768	0.00230	0.00921	0.00691	0.00384	0.01228
133	0.03152	0.01459	0.04354	0.01527	0.02132	0.01237	0.04792	0.03586	0.05201	0.56582	0.02962	0.02833	0.01969	0.00987	0.00798	0.00247	0.00714	0.03312	0.00887	0.01269
134	0.01610	0.01539	0.02647	0.49212	0.23421	0.01766	0.04561	0.02115	0.01623	0.02160	0.01408	0.02025	0.01095	0.00746	0.00778	0.00250	0.01011	0.00698	0.00358	0.00974
135	0.01848	0.01713	0.02831	0.43281	0.25575	0.01874	0.05796	0.02274	0.01763	0.02385	0.01629	0.02304	0.01313	0.00884	0.00869	0.00288	0.01070	0.00768	0.00437	0.01100
136	0.02401	0.24185	0.21200	0.01740	0.02480	0.02119	0.01757	0.05841	0.06099	0.16783	0.05703	0.02353	0.01856	0.00983	0.00778	0.00259	0.00907	0.00710	0.00621	0.01226
137	0.01909	0.01713	0.02703	0.38591	0.28057	0.01869	0.02218	0.05234	0.01864	0.02529	0.01739	0.02516	0.01445	0.00942	0.00871	0.00289	0.01030	0.02891	0.00469	0.01121

[dist]
# distance from previous block
# <min> <max>
0	2

[block]
# block no. 2 follows, 25 sequences, length 52
# corresponding to MSA columns:
# 193-244
name=unknown_C
#
# <colnr> <probs for GDERKNQSTAVLIFYWHMCP>
#	G	D	E	R	K	N	Q	S	T	A	V	L	I	F	Y	W	H	M	C	P
0	0.03595	0.01508	0.01957	0.01537	0.02139	0.01322	0.01238	0.06890	0.02393	0.63098	0.03154	0.02864	0.02067	0.01095	0.00868	0.00279	0.00741	0.00838	0.01005	0.01412
1	0.01776	0.03708	0.56712	0.02372	0.03412	0.01861	0.08581	0.02530	0.01788	0.02631	0.01773	0.02375	0.01405	0.00952	0.00862	0.00292	0.01190	0.04136	0.00432	0.01211
2	0.03622	0.01466	0.01931	0.01517	0.02118	0.01260	0.01222	0.03850	0.02323	0.66238	0.03213	0.02902	0.02096	0.01097	0.00868	0.00279	0.00731	0.00842	0.01014	0.01412
3	0.01730	0.01574	0.02529	0.61203	0.12266	0.01835	0.02224	0.02161	0.01702	0.02239	0.01602	0.02335	0.01264	0.00910	0.00863	0.00294	0.01079	0.00755	0.00426	0.01011
4	0.01562	0.03906	0.65739	0.02202	0.03296	0.01827	0.02812	0.02429	0.01617	0.02429	0.01375	0.01640	0.00984	0.00765	0.00818	0.00250	0.04313	0.00578	0.00328	0.01132
5	0.01595	0.01448	0.02326	0.64779	0.05081	0.01783	0.02093	0.07581	0.01736	0.02238	0.01421	0.02049	0.01059	0.00789	0.00775	0.00256	0.01018	0.00690	0.00383	0.00902
6	0.01111	0.00745	0.00850	0.00866	0.00870	0.00741	0.00492	0.01123	0.01159	0.01545	0.02605	0.11011	0.03023	0.66535	0.03685	0.00713	0.00725	0.01223	0.00492	0.00484
7	0.78228	0.01499	0.01140	0.01020	0.01499	0.01739	0.00840	0.02279	0.01320	0.03479	0.01080	0.01260	0.00840	0.00720	0.00480	0.00240	0.00600	0.00420	0.00480	0.00840
8	0.01327	0.01074	0.01641	0.01470	0.01672	0.01216	0.06666	0.05472	0.01431	0.02027	0.01986	0.03004	0.01861	0.11513	0.48289	0.00987	0.06326	0.00850	0.00436	0.00750
9	0.03258	0.01612	0.01863	0.01476	0.02045	0.07322	0.01199	0.07522	0.07988	0.52927	0.02830	0.02505	0.01841	0.00952	0.00773	0.00238	0.00733	0.00759	0.00884	0.01274
10	0.01030	0.00748	0.00977	0.01048	0.01174	0.00695	0.00761	0.01281	0.01815	0.02473	0.30078	0.35909	0.09925	0.02034	0.00961	0.00286	0.00434	0.06917	0.00773	0.00680
11	0.02073	0.73217	0.04063	0.01327	0.01990	0.03068	0.01327	0.02322	0.01575	0.01824	0.01078	0.01244	0.00995	0.00663	0.00498	0.00166	0.00829	0.00415	0.00332	0.00995
12	0.01608	0.01378	0.01608	0.01148	0.01837	0.01034	0.00919	0.01952	0.01608	0.02527	0.01378	0.01608	0.01148	0.00574	0.00574	0.00115	0.00574	0.00459	0.00459	0.77491
13	0.01464	0.01378	0.02326	0.70887	0.05340	0.01723	0.02153	0.01981	0.01550	0.01981	0.01378	0.02067	0.01034	0.00775	0.00775	0.00258	0.01034	0.00689	0.00345	0.00861
14	0.02910	0.02290	0.02297	0.01796	0.02391	0.08332	0.01468	0.57841	0.05558	0.04569	0.01845	0.01854	0.01324	0.00923	0.00769	0.00231	0.00894	0.00686	0.00743	0.01279
15	0.01731	0.01424	0.01704	0.01309	0.01842	0.01309	0.01055	0.06331	0.04106	0.05011	0.05455	0.02209	0.04455	0.00851	0.00900	0.00176	0.10025	0.00635	0.00528	0.48945
16	0.01919	0.01842	0.03147	0.04759	0.67914	0.01842	0.02380	0.02380	0.01765	0.02533	0.01458	0.01919	0.01228	0.00691	0.00768	0.00230	0.00921	0.00691	0.00384	0.01228
17	0.01128	0.00752	0.00846	0.00846	0.00846	0.00752	0.00470	0.01128	0.01128	0.01503	0.02443	0.05074	0.02819	0.72751	0.03946	0.00752	0.00752	0.01128	0.00470	0.00470
18	0.01273	0.01157	0.02068	0.02002	0.08508	0.01094	0.17365	0.01580	0.01623	0.02198	0.05243	0.45261	0.03796	0.01776	0.00946	0.00291	0.00714	0.01699	0.00607	0.00799
19	0.01582	0.07549	0.65427	0.02165	0.03286	0.01865	0.02786	0.02449	0.01634	0.02423	0.01375	0.01617	0.00983	0.00733	0.00724	0.00241	0.01130	0.00565	0.00328	0.01138
20	0.01249	0.00892	0.01249	0.01428	0.01606	0.00892	0.01249	0.01606	0.01785	0.02320	0.04105	0.08746	0.04462	0.02142	0.01071	0.00357	0.00714	0.62695	0.00714	0.00714
21	0.01083	0.00788	0.01019	0.00969	0.01152	0.00724	0.00724	0.01432	0.02148	0.03019	0.62279	0.08165	0.10323	0.01634	0.00917	0.00247	0.00370	0.01442	0.00842	0.00724
22	0.03016	0.01542	0.02283	0.02051	0.11065	0.01439	0.07404	0.08291	0.04547	0.46024	0.02612	0.02439	0.01725	0.00896	0.00791	0.00241	0.00770	0.00778	0.00808	0.01278
23	0.01579	0.07154	0.65796	0.02170	0.03294	0.01858	0.02795	0.02449	0.01634	0.02427	0.01377	0.01619	0.00983	0.00733	0.00726	0.00242	0.01132	0.00566	0.00328	0.01139
24	0.00936	0.00781	0.00819	0.00844	0.01083	0.00665	0.00635	0.01135	0.01743	0.02096	0.07345	0.13254	0.58832	0.02014	0.00931	0.00271	0.00414	0.04825	0.00720	0.00655
25	0.01555	0.04011	0.68733	0.02210	0.03356	0.01801	0.02865	0.02455	0.01637	0.02455	0.01391	0.01637	0.00982	0.00737	0.00737	0.00246	0.01146	0.00573	0.00327	0.01146
26	0.01919	0.01842	0.03147	0.04759	0.67914	0.01842	0.02380	0.02380	0.01765	0.02533	0.01458	0.01919	0.01228	0.00691	0.00768	0.00230	0.00921	0.00691	0.00384	0.01228
27	0.01555	0.04011	0.68733	0.02210	0.03356	0.01801	0.02865	0.02455	0.01637	0.02455	0.01391	0.01637	0.00982	0.00737	0.00737	0.00246	0.01146	0.00573	0.00327	0.01146
28	0.01606	0.03999	0.66196	0.02202	0.03319	0.04388	0.02813	0.02480	0.01658	0.02434	0.01384	0.01628	0.00983	0.00739	0.00735	0.00244	0.01156	0.00570	0.00330	0.01136
29	0.01903	0.01826	0.03119	0.07061	0.65736	0.01838	0.02372	0.02366	0.01758	0.02514	0.01456	0.01924	0.01221	0.00694	0.00768	0.00231	0.00925	0.00691	0.00382	0.01215
30	0.01919	0.01842	0.03147	0.04759	0.67914	0.01842	0.02380	0.02380	0.01765	0.02533	0.01458	0.01919	0.01228	0.00691	0.00768	0.00230	0.00921	0.00691	0.00384	0.01228
31	0.01892	0.01833	0.03186	0.07942	0.61265	0.01843	0.05863	0.02366	0.01758	0.02503	0.01461	0.01936	0.01216	0.00693	0.00776	0.00233	0.00948	0.00703	0.00382	0.01200
32	0.01742	0.01705	0.03028	0.28673	0.37027	0.01814	0.10233	0.02247	0.01695	0.02326	0.01443	0.01995	0.01151	0.00717	0.00789	0.00244	0.01011	0.00719	0.00371	0.01071
33	0.01919	0.01842	0.03147	0.04759	0.67914	0.01842	0.02380	0.02380	0.01765	0.02533	0.01458	0.01919	0.01228	0.00691	0.00768	0.00230	0.00921	0.00691	0.00384	0.01228
34	0.01004	0.00746	0.01060	0.01165	0.01255	0.00698	0.03078	0.01187	0.01573	0.02112	0.09757	0.61059	0.05149	0.02278	0.00984	0.00309	0.00485	0.04723	0.00719	0.00658
35	0.01036	0.00741	0.01003	0.01171	0.01259	0.00707	0.00867	0.01244	0.01603	0.02129	0.07350	0.51424	0.05052	0.02308	0.01008	0.00323	0.00519	0.18872	0.00725	0.00658
36	0.01919	0.01842	0.03147	0.04759	0.67914	0.01842	0.02380	0.02380	0.01765	0.02533	0.01458	0.01919	0.01228	0.00691	0.00768	0.00230	0.00921	0.00691	0.00384	0.01228
37	0.01645	0.01494	0.02398	0.58485	0.10593	0.01798	0.02109	0.08027	0.01768	0.02306	0.01431	0.02035	0.01078	0.00782	0.00775	0.00253	0.01007	0.00690	0.00389	0.00937
38	0.01525	0.01459	0.02524	0.61274	0.10800	0.01746	0.05681	0.02044	0.01585	0.02058	0.01396	0.02055	0.01059	0.00761	0.00782	0.00256	0.01039	0.00702	0.00351	0.00904
39	0.01327	0.01178	0.01992	0.04961	0.15921	0.01148	0.10448	0.01644	0.01634	0.02206	0.03270	0.36363	0.05493	0.01697	0.00929	0.00289	0.00720	0.07359	0.00586	0.00835
40	0.01720	0.01639	0.02788	0.33670	0.40557	0.01790	0.02281	0.02205	0.01671	0.02292	0.01423	0.01984	0.01143	0.00728	0.00771	0.00243	0.00970	0.00690	0.00367	0.01068
41	0.01607	0.06642	0.51596	0.02229	0.03185	0.01893	0.08543	0.02372	0.01618	0.02373	0.01452	0.01906	0.01121	0.00827	0.00914	0.00255	0.07336	0.02694	0.00348	0.01089
42	0.04918	0.03711	0.60025	0.02164	0.03232	0.01810	0.04949	0.02534	0.04965	0.02542	0.01475	0.01702	0.01054	0.00749	0.00735	0.00247	0.01101	0.00594	0.00360	0.01133
43	0.01919	0.08431	0.19934	0.02684	0.03530	0.01992	0.38447	0.05384	0.01864	0.05922	0.01575	0.01928	0.01159	0.00703	0.00824	0.00247	0.01174	0.00773	0.00418	0.01092
44	0.06216	0.01446	0.02149	0.01687	0.02190	0.01404	0.13394	0.08064	0.07393	0.25081	0.13187	0.03313	0.02746	0.04309	0.00970	0.00274	0.00752	0.03605	0.00746	0.01073
45	0.21976	0.01465	0.01690	0.04106	0.02017	0.01519	0.01149	0.06108	0.10678	0.35547	0.02385	0.02236	0.01615	0.00916	0.00763	0.00247	0.02976	0.00691	0.00762	0.01152
46	0.11534	0.01267	0.01591	0.01303	0.01743	0.01207	0.04221	0.08133	0.02011	0.22416	0.12565	0.10124	0.05678	0.04855	0.00941	0.00265	0.00623	0.01000	0.00734	0.07787
47	0.01991	0.01305	0.01552	0.01202	0.01761	0.01103	0.00951	0.04159	0.06596	0.17562	0.02632	0.04644	0.07720	0.04144	0.00838	0.00206	0.00592	0.00758	0.00638	0.39646
48	0.04269	0.05915	0.07735	0.01297	0.01851	0.01287	0.01137	0.02474	0.08315	0.16270	0.09098	0.06189	0.04822	0.03593	0.00837	0.00226	0.00636	0.00827	0.00641	0.22582
49	0.06190	0.01464	0.01683	0.01342	0.01895	0.01408	0.01078	0.09296	0.16497	0.20887	0.05165	0.02604	0.04772	0.00930	0.00722	0.00212	0.00620	0.00750	0.00729	0.21757
50	0.02258	0.01549	0.04182	0.04374	0.02147	0.01314	0.01177	0.08050	0.07551	0.20981	0.02038	0.02046	0.01470	0.00767	0.00681	0.00183	0.00666	0.00618	0.00643	0.37303
51	0.04855	0.03739	0.01805	0.01314	0.01919	0.01360	0.02768	0.06609	0.07911	0.06401	0.01978	0.02096	0.04713	0.00773	0.00704	0.00169	0.02918	0.00610	0.00545	0.46813

[dist]
# distance from previous block
# <min> <max>
0	9

# created by:
# /st0/software/busco_prod/Augustus/scripts/msa2prfl.pl ./align_prep/128018.fa
