[name]
unknown

[dist]
# distance from previous block
# <min> <max>
1	15

[block]
# block no. 0 follows, 23 sequences, length 9
# corresponding to MSA columns:
# 15-23
name=unknown_A
#
# <colnr> <probs for GDERKNQSTAVLIFYWHMCP>
#	G	D	E	R	K	N	Q	S	T	A	V	L	I	F	Y	W	H	M	C	P
0	0.02390	0.01519	0.08402	0.09022	0.02359	0.01195	0.01355	0.02750	0.01982	0.31498	0.07721	0.08886	0.05978	0.01256	0.00945	0.03861	0.00723	0.00981	0.00753	0.06425
1	0.01564	0.01439	0.02358	0.41480	0.18007	0.01620	0.02010	0.02022	0.01665	0.02231	0.01912	0.12342	0.01771	0.01038	0.00831	0.00264	0.00938	0.00944	0.00435	0.05130
2	0.01387	0.01009	0.01303	0.07779	0.01753	0.00998	0.00944	0.01826	0.07122	0.05429	0.22261	0.19180	0.04511	0.12768	0.01420	0.00348	0.00589	0.01375	0.00710	0.07289
3	0.01378	0.00947	0.01217	0.04591	0.01506	0.00971	0.00886	0.08943	0.01700	0.02265	0.03203	0.38240	0.03625	0.10503	0.01767	0.14711	0.00635	0.01596	0.00634	0.00683
4	0.01197	0.00812	0.00996	0.01076	0.01173	0.00788	0.00729	0.04495	0.01620	0.02207	0.03964	0.43355	0.08416	0.11998	0.01556	0.05468	0.00541	0.01784	0.07160	0.00663
5	0.08746	0.01400	0.01621	0.01377	0.01797	0.01430	0.01078	0.13299	0.09456	0.22402	0.07159	0.08741	0.02745	0.11245	0.01301	0.00340	0.00692	0.03295	0.00798	0.01077
6	0.05612	0.01207	0.01392	0.01316	0.01623	0.01243	0.01003	0.09281	0.12818	0.09489	0.07971	0.27689	0.09535	0.01749	0.00916	0.00291	0.00582	0.04540	0.00794	0.00948
7	0.03910	0.00989	0.01247	0.04571	0.01570	0.01003	0.00908	0.04330	0.04758	0.09721	0.07397	0.27365	0.03566	0.09173	0.04935	0.04396	0.00678	0.01403	0.07278	0.00805
8	0.01257	0.00894	0.01129	0.01128	0.01319	0.00867	0.00828	0.01705	0.07346	0.05255	0.29634	0.25814	0.10913	0.02196	0.05560	0.00353	0.00569	0.01636	0.00805	0.00792

[dist]
# distance from previous block
# <min> <max>
14	33

[block]
# block no. 1 follows, 23 sequences, length 87
# corresponding to MSA columns:
# 60-78,80-147
name=unknown_B
#
# <colnr> <probs for GDERKNQSTAVLIFYWHMCP>
#	G	D	E	R	K	N	Q	S	T	A	V	L	I	F	Y	W	H	M	C	P
0	0.01664	0.01007	0.01310	0.01148	0.01469	0.00901	0.00890	0.02008	0.02102	0.14269	0.37764	0.04919	0.05219	0.05142	0.04304	0.00321	0.00588	0.04090	0.00813	0.10072
1	0.09910	0.05476	0.06930	0.06106	0.02476	0.05348	0.01498	0.14242	0.32640	0.03437	0.02376	0.02347	0.01781	0.00967	0.00766	0.00257	0.00806	0.00756	0.00681	0.01200
2	0.01146	0.00811	0.01015	0.01107	0.01185	0.00787	0.00738	0.04295	0.01643	0.02206	0.08525	0.48774	0.04827	0.16996	0.01674	0.00416	0.00552	0.01927	0.00711	0.00668
3	0.14323	0.01591	0.02315	0.41716	0.04215	0.01882	0.04862	0.08286	0.01835	0.06329	0.01534	0.02022	0.01137	0.00848	0.00845	0.00267	0.03855	0.00692	0.00467	0.00981
4	0.07021	0.01872	0.01982	0.01662	0.02170	0.02098	0.01325	0.31437	0.26183	0.04072	0.02661	0.09383	0.02166	0.01168	0.00821	0.00265	0.00740	0.00944	0.00792	0.01240
5	0.01549	0.00944	0.01222	0.01166	0.01394	0.00887	0.00865	0.05251	0.02123	0.11836	0.31765	0.28398	0.05700	0.01842	0.00957	0.00280	0.00486	0.01633	0.00854	0.00849
6	0.01173	0.00828	0.00945	0.00956	0.01170	0.00726	0.00688	0.01367	0.01789	0.06411	0.10972	0.22191	0.37761	0.07788	0.01229	0.00327	0.00472	0.01733	0.00759	0.00714
7	0.01860	0.08762	0.02054	0.05848	0.05295	0.01889	0.01322	0.05538	0.37056	0.03046	0.08884	0.09665	0.02920	0.01213	0.00825	0.00265	0.00676	0.01028	0.00726	0.01129
8	0.43525	0.02741	0.30648	0.01622	0.02435	0.01849	0.01823	0.02467	0.01529	0.03163	0.01275	0.01494	0.00945	0.00761	0.00622	0.00254	0.00882	0.00511	0.00431	0.01022
9	0.02010	0.01513	0.01716	0.01513	0.01953	0.01637	0.01180	0.05688	0.37564	0.09619	0.03009	0.07909	0.02423	0.01751	0.09029	0.00386	0.00826	0.00955	0.00757	0.08563
10	0.09762	0.00856	0.00875	0.00886	0.01096	0.00875	0.00675	0.01835	0.01700	0.02980	0.06875	0.10052	0.02780	0.01201	0.00663	0.00224	0.00436	0.04332	0.51137	0.00760
11	0.09535	0.13674	0.14107	0.04401	0.05346	0.02067	0.25078	0.02389	0.01759	0.02571	0.05199	0.04646	0.01641	0.00861	0.00858	0.00255	0.03322	0.00816	0.00435	0.01040
12	0.05626	0.08240	0.33370	0.02196	0.09297	0.01841	0.02172	0.07111	0.01911	0.09097	0.01827	0.06318	0.01463	0.00903	0.00757	0.00244	0.00968	0.00727	0.00492	0.05441
13	0.06511	0.00995	0.01185	0.01106	0.01399	0.00934	0.00839	0.01997	0.05062	0.14114	0.23549	0.17335	0.18432	0.01707	0.00911	0.00273	0.00488	0.01467	0.00828	0.00870
14	0.01695	0.01747	0.03127	0.12383	0.03290	0.02005	0.24161	0.02105	0.01581	0.02220	0.01745	0.10405	0.01652	0.01200	0.01572	0.00310	0.26445	0.00996	0.00424	0.00937
15	0.10872	0.01642	0.02748	0.40912	0.12392	0.01881	0.11359	0.02239	0.01653	0.02412	0.01432	0.02032	0.01105	0.00794	0.00855	0.00268	0.03316	0.00722	0.00390	0.00975
16	0.01190	0.00924	0.01360	0.01351	0.01475	0.01094	0.01048	0.01456	0.01325	0.01908	0.02322	0.10021	0.02295	0.05354	0.56202	0.01129	0.07350	0.01004	0.00461	0.00731
17	0.01994	0.01008	0.01346	0.01178	0.01506	0.00902	0.00912	0.02328	0.02230	0.25179	0.37967	0.11570	0.05468	0.01523	0.00916	0.00261	0.00498	0.01328	0.00917	0.00968
18	0.01543	0.03601	0.55563	0.02084	0.03105	0.01686	0.02603	0.02386	0.01816	0.02691	0.12879	0.02483	0.02201	0.00928	0.00804	0.00257	0.01055	0.00753	0.00440	0.01122
19	0.03004	0.02213	0.02379	0.01832	0.02462	0.02443	0.01510	0.61122	0.03752	0.05036	0.04620	0.02120	0.01642	0.01003	0.00818	0.00244	0.00872	0.00761	0.00815	0.01354
20	0.01089	0.00804	0.01018	0.01013	0.01188	0.00733	0.00741	0.01399	0.02085	0.02866	0.45422	0.19061	0.15794	0.01891	0.00973	0.00273	0.00404	0.01668	0.00845	0.00733
21	0.01112	0.00801	0.01052	0.01046	0.01204	0.00741	0.00763	0.01439	0.02127	0.02983	0.51907	0.20920	0.07132	0.01861	0.00975	0.00272	0.00403	0.01660	0.00861	0.00741
22	0.77215	0.01569	0.01193	0.01067	0.01569	0.01820	0.00879	0.02385	0.01381	0.03641	0.01130	0.01318	0.00879	0.00753	0.00502	0.00251	0.00628	0.00439	0.00502	0.00879
23	0.02262	0.01773	0.02016	0.01912	0.06942	0.01975	0.01413	0.14049	0.41871	0.07794	0.02995	0.03127	0.02306	0.01115	0.00839	0.00272	0.00718	0.04548	0.00799	0.01274
24	0.21456	0.06486	0.02643	0.08929	0.02843	0.14209	0.13607	0.06181	0.04624	0.02776	0.01422	0.01758	0.01127	0.00851	0.00911	0.00256	0.07815	0.00649	0.00463	0.00993
25	0.01491	0.00959	0.01229	0.01115	0.01375	0.00906	0.00852	0.02008	0.06969	0.10356	0.54335	0.05468	0.06642	0.01544	0.00932	0.00256	0.00436	0.01354	0.00901	0.00873
26	0.01031	0.00821	0.00929	0.00950	0.01177	0.00720	0.00718	0.01281	0.01917	0.02425	0.19804	0.13857	0.42595	0.02035	0.00979	0.00284	0.00438	0.06552	0.00783	0.00705
27	0.01715	0.09484	0.19052	0.31782	0.11993	0.02006	0.08132	0.02333	0.01703	0.02299	0.01442	0.01947	0.01103	0.00767	0.00784	0.00254	0.01102	0.00684	0.00364	0.01055
28	0.02561	0.01903	0.02115	0.06736	0.02493	0.02101	0.01429	0.36743	0.16600	0.07735	0.02890	0.02819	0.07985	0.01097	0.00829	0.00256	0.00794	0.00872	0.00786	0.01255
29	0.09781	0.01335	0.01539	0.01304	0.01763	0.01350	0.01040	0.03323	0.18020	0.28044	0.08521	0.03028	0.02533	0.01053	0.00758	0.00247	0.00591	0.00853	0.13773	0.01146
30	0.07303	0.01317	0.01585	0.01338	0.01784	0.01296	0.01062	0.06474	0.12548	0.28013	0.18642	0.06965	0.05627	0.01272	0.00847	0.00260	0.00595	0.01065	0.00884	0.01123
31	0.01650	0.07041	0.64635	0.02274	0.03452	0.01940	0.02930	0.02564	0.01710	0.02542	0.01442	0.01696	0.01028	0.00768	0.00760	0.00253	0.01185	0.00593	0.00343	0.01193
32	0.02745	0.02645	0.02496	0.10652	0.10673	0.23644	0.01754	0.29078	0.02815	0.03426	0.01610	0.01825	0.01223	0.00879	0.00785	0.00235	0.01110	0.00661	0.00579	0.01167
33	0.03426	0.01376	0.01845	0.01429	0.02024	0.01215	0.01174	0.06262	0.02383	0.59506	0.07973	0.02981	0.02416	0.01053	0.00827	0.00251	0.00675	0.00862	0.00988	0.01334
34	0.01272	0.01026	0.01567	0.01620	0.08116	0.00966	0.05613	0.01654	0.02120	0.02980	0.46091	0.14324	0.06208	0.01612	0.00952	0.00265	0.00528	0.01469	0.00788	0.00829
35	0.10308	0.00866	0.01106	0.01193	0.01328	0.00852	0.02841	0.01351	0.01581	0.02338	0.06972	0.57040	0.04795	0.02220	0.00964	0.00315	0.00515	0.01994	0.00718	0.00705
36	0.01229	0.00820	0.01060	0.01060	0.01161	0.00889	0.00751	0.01432	0.01331	0.01976	0.02392	0.03906	0.02362	0.28191	0.33713	0.00925	0.01368	0.00959	0.13827	0.00648
37	0.00989	0.00706	0.00942	0.01130	0.01177	0.00659	0.00753	0.01130	0.01554	0.02071	0.04472	0.70954	0.05367	0.02542	0.01036	0.00330	0.00471	0.02307	0.00753	0.00659
38	0.01736	0.15654	0.49754	0.02134	0.03123	0.02175	0.02595	0.02482	0.01654	0.02392	0.01359	0.01648	0.01034	0.00824	0.00922	0.00253	0.08192	0.00582	0.00345	0.01140
39	0.03085	0.02273	0.02435	0.01867	0.02516	0.02516	0.01542	0.63716	0.03815	0.05114	0.01948	0.01948	0.01380	0.00974	0.00812	0.00244	0.00893	0.00731	0.00812	0.01380
40	0.01065	0.00763	0.01006	0.01093	0.01198	0.00712	0.00768	0.01301	0.01835	0.02518	0.27812	0.42386	0.06144	0.04227	0.01100	0.00316	0.00455	0.03806	0.00799	0.00697
41	0.01127	0.00802	0.00992	0.01052	0.01141	0.00750	0.00690	0.01247	0.01459	0.01979	0.05548	0.37346	0.04212	0.27949	0.02152	0.00483	0.00604	0.03576	0.00640	0.06250
42	0.69524	0.08784	0.01506	0.01100	0.01622	0.01963	0.00931	0.02390	0.01408	0.03463	0.01130	0.01316	0.00895	0.00747	0.00504	0.00243	0.00652	0.00439	0.00486	0.00895
43	0.01846	0.02106	0.07810	0.02686	0.03426	0.01874	0.38212	0.02547	0.05907	0.02610	0.01654	0.02079	0.01281	0.00755	0.00991	0.00247	0.06268	0.00816	0.00443	0.16441
44	0.01762	0.21000	0.51653	0.02084	0.03158	0.02213	0.02599	0.02535	0.01697	0.02406	0.01375	0.01611	0.01031	0.00752	0.00709	0.00236	0.01117	0.00559	0.00344	0.01160
45	0.02803	0.03446	0.02482	0.02603	0.13807	0.54033	0.01739	0.03059	0.02180	0.02102	0.01295	0.01571	0.01088	0.00838	0.00817	0.00220	0.03938	0.00565	0.00413	0.01000
46	0.01111	0.00855	0.01021	0.00998	0.01212	0.00785	0.00741	0.01498	0.04841	0.02807	0.38894	0.13123	0.25434	0.01848	0.00960	0.00270	0.00412	0.01606	0.00832	0.00752
47	0.01646	0.01783	0.08790	0.01862	0.02244	0.05880	0.09511	0.06999	0.01699	0.02333	0.01911	0.04781	0.01713	0.03464	0.33475	0.00771	0.08928	0.00850	0.00454	0.00904
48	0.02667	0.01760	0.02013	0.01739	0.04091	0.01897	0.01348	0.16257	0.33963	0.20649	0.02947	0.02707	0.02094	0.01038	0.00820	0.00261	0.00716	0.00847	0.00858	0.01330
49	0.03970	0.00850	0.01061	0.01106	0.01280	0.00808	0.00842	0.01449	0.01919	0.02655	0.28885	0.19753	0.13236	0.05451	0.01147	0.00322	0.00505	0.13255	0.00785	0.00721
50	0.03024	0.01328	0.01737	0.01422	0.01936	0.01219	0.01137	0.06114	0.06983	0.47966	0.03379	0.14816	0.02611	0.01282	0.00855	0.00266	0.00657	0.01084	0.00938	0.01246
51	0.01423	0.01556	0.13021	0.01652	0.02033	0.01154	0.01615	0.03887	0.01905	0.02542	0.03716	0.07598	0.03917	0.01939	0.01049	0.00349	0.00832	0.48287	0.00678	0.00848
52	0.01201	0.00795	0.00927	0.00924	0.00962	0.00807	0.00563	0.01276	0.01281	0.01787	0.05318	0.04955	0.02998	0.56450	0.10298	0.00772	0.00881	0.01129	0.06129	0.00547
53	0.01163	0.00829	0.01018	0.01063	0.01172	0.00798	0.00733	0.03330	0.01712	0.02297	0.16347	0.28301	0.09480	0.21938	0.01896	0.00441	0.00571	0.05539	0.00708	0.00664
54	0.06405	0.03359	0.42697	0.02707	0.09947	0.01937	0.14309	0.04486	0.01811	0.02730	0.01494	0.01817	0.01095	0.00755	0.00795	0.00258	0.01163	0.00675	0.00386	0.01174
55	0.01469	0.01138	0.01460	0.01568	0.03954	0.01191	0.01247	0.02294	0.16600	0.02807	0.14889	0.06934	0.04571	0.01820	0.01012	0.00325	0.00666	0.34381	0.00779	0.00894
56	0.01949	0.00993	0.01320	0.01169	0.01477	0.00893	0.00893	0.02261	0.02160	0.24006	0.34547	0.13503	0.05298	0.04490	0.01054	0.00286	0.00513	0.01352	0.00894	0.00943
57	0.01000	0.00789	0.00885	0.00929	0.01117	0.00693	0.00661	0.01194	0.01775	0.02230	0.12786	0.24444	0.39913	0.06405	0.01174	0.00318	0.00447	0.01814	0.00752	0.00674
58	0.09413	0.01602	0.02653	0.49820	0.04843	0.01873	0.11078	0.04898	0.01737	0.02445	0.01462	0.02071	0.01096	0.00794	0.00801	0.00268	0.01069	0.00727	0.00402	0.00949
59	0.01234	0.00839	0.00962	0.00945	0.00989	0.00839	0.00569	0.03393	0.01404	0.01893	0.09129	0.08438	0.03494	0.58543	0.03540	0.00691	0.00734	0.01248	0.00557	0.00559
60	0.01035	0.00741	0.00986	0.01119	0.01202	0.00692	0.00775	0.01237	0.01728	0.02344	0.17997	0.54526	0.05846	0.02337	0.01021	0.00315	0.00461	0.04167	0.00784	0.00686
61	0.03542	0.01539	0.01981	0.01519	0.02150	0.01427	0.01254	0.14532	0.02587	0.56033	0.02979	0.02618	0.01897	0.00999	0.00815	0.00250	0.00726	0.00801	0.00970	0.01381
62	0.01680	0.03861	0.57950	0.02291	0.03399	0.01905	0.05360	0.02749	0.08203	0.02655	0.01653	0.01868	0.01185	0.00801	0.00784	0.00260	0.01149	0.00647	0.00395	0.01204
63	0.77215	0.01569	0.01193	0.01067	0.01569	0.01820	0.00879	0.02385	0.01381	0.03641	0.01130	0.01318	0.00879	0.00753	0.00502	0.00251	0.00628	0.00439	0.00502	0.00879
64	0.03382	0.01371	0.01831	0.01431	0.02021	0.01220	0.01172	0.03829	0.06397	0.58935	0.07060	0.02982	0.02386	0.01051	0.00825	0.00253	0.00668	0.00863	0.00986	0.01337
65	0.03641	0.01381	0.01883	0.01444	0.02071	0.01193	0.01193	0.03954	0.02322	0.66984	0.03201	0.02762	0.02009	0.01004	0.00816	0.00251	0.00690	0.00816	0.01004	0.01381
66	0.03081	0.02371	0.02427	0.01881	0.02516	0.06548	0.01544	0.60006	0.03722	0.04922	0.01906	0.01918	0.01359	0.00966	0.00807	0.00241	0.00928	0.00718	0.00788	0.01353
67	0.77215	0.01569	0.01193	0.01067	0.01569	0.01820	0.00879	0.02385	0.01381	0.03641	0.01130	0.01318	0.00879	0.00753	0.00502	0.00251	0.00628	0.00439	0.00502	0.00879
68	0.00989	0.00706	0.00942	0.01130	0.01177	0.00659	0.00753	0.01130	0.01554	0.02071	0.04472	0.70954	0.05367	0.02542	0.01036	0.00330	0.00471	0.02307	0.00753	0.00659
69	0.03031	0.03867	0.02299	0.02090	0.02508	0.68226	0.01568	0.03240	0.02299	0.01986	0.01254	0.01463	0.01045	0.00836	0.00732	0.00209	0.01463	0.00523	0.00418	0.00941
70	0.01148	0.00829	0.01085	0.01021	0.01212	0.00766	0.00766	0.01531	0.02297	0.03254	0.65994	0.06061	0.07656	0.01659	0.00957	0.00255	0.00383	0.01467	0.00893	0.00766
71	0.00959	0.00822	0.00822	0.00822	0.01096	0.00685	0.00617	0.01165	0.01850	0.02192	0.08220	0.07809	0.66092	0.02055	0.00959	0.00274	0.00411	0.01713	0.00754	0.00685
72	0.03641	0.01381	0.01883	0.01444	0.02071	0.01193	0.01193	0.03954	0.02322	0.66984	0.03201	0.02762	0.02009	0.01004	0.00816	0.00251	0.00690	0.00816	0.01004	0.01381
73	0.01301	0.00863	0.01134	0.01047	0.01265	0.00792	0.00792	0.01680	0.02298	0.07164	0.62141	0.05859	0.07310	0.01619	0.00948	0.00255	0.00402	0.01427	0.00900	0.00803
74	0.01159	0.00869	0.01304	0.01304	0.01449	0.01014	0.01014	0.01449	0.01304	0.01884	0.02173	0.03188	0.02029	0.06086	0.68268	0.01304	0.02173	0.00869	0.00435	0.00724
75	0.01141	0.00829	0.01074	0.01013	0.01207	0.00762	0.00759	0.01516	0.02278	0.03210	0.63583	0.06134	0.10094	0.01675	0.00957	0.00256	0.00384	0.01478	0.00887	0.00762
76	0.02479	0.01926	0.02100	0.04719	0.02422	0.02175	0.01426	0.27692	0.35645	0.06394	0.02681	0.02553	0.01964	0.01034	0.00819	0.00262	0.00762	0.00831	0.00806	0.01309
77	0.01627	0.04197	0.67279	0.02313	0.03512	0.01884	0.02998	0.02570	0.01713	0.02570	0.01456	0.01713	0.01028	0.00771	0.00771	0.00257	0.01199	0.00600	0.00343	0.01199
78	0.00959	0.00822	0.00822	0.00822	0.01096	0.00685	0.00617	0.01165	0.01850	0.02192	0.08220	0.07809	0.66092	0.02055	0.00959	0.00274	0.00411	0.01713	0.00754	0.00685
79	0.00989	0.00706	0.00942	0.01130	0.01177	0.00659	0.00753	0.01130	0.01554	0.02071	0.04472	0.70954	0.05367	0.02542	0.01036	0.00330	0.00471	0.02307	0.00753	0.00659
80	0.01721	0.01563	0.02463	0.56296	0.06854	0.01924	0.02156	0.08395	0.01829	0.02394	0.01472	0.02111	0.01117	0.00865	0.00932	0.00272	0.05544	0.00721	0.00408	0.00961
81	0.02259	0.01075	0.01440	0.01209	0.01595	0.00956	0.00956	0.02611	0.02308	0.31658	0.38007	0.04591	0.05139	0.01367	0.00894	0.00253	0.00520	0.01177	0.00943	0.01040
82	0.01953	0.01687	0.01773	0.01600	0.02048	0.01936	0.01243	0.04119	0.61084	0.03321	0.03604	0.03321	0.06380	0.01159	0.00834	0.00275	0.00628	0.00966	0.00821	0.01248
83	0.77215	0.01569	0.01193	0.01067	0.01569	0.01820	0.00879	0.02385	0.01381	0.03641	0.01130	0.01318	0.00879	0.00753	0.00502	0.00251	0.00628	0.00439	0.00502	0.00879
84	0.01267	0.00826	0.00989	0.00960	0.01067	0.00786	0.00626	0.01412	0.01617	0.05378	0.20649	0.09297	0.09046	0.39589	0.02676	0.00549	0.00624	0.01345	0.00663	0.00636
85	0.11549	0.44495	0.03356	0.01520	0.02138	0.14199	0.01373	0.08845	0.01951	0.02462	0.01234	0.01398	0.01057	0.00755	0.00585	0.00196	0.00944	0.00480	0.00426	0.01039
86	0.02096	0.13452	0.08357	0.01334	0.01837	0.01417	0.01215	0.02493	0.02136	0.21533	0.30294	0.03861	0.04231	0.01216	0.00823	0.00240	0.00635	0.01016	0.00778	0.01035

[dist]
# distance from previous block
# <min> <max>
1	3

[block]
# block no. 2 follows, 23 sequences, length 86
# corresponding to MSA columns:
# 151-236
name=unknown_C
#
# <colnr> <probs for GDERKNQSTAVLIFYWHMCP>
#	G	D	E	R	K	N	Q	S	T	A	V	L	I	F	Y	W	H	M	C	P
0	0.01037	0.00754	0.00913	0.01008	0.01094	0.00700	0.00666	0.01170	0.01562	0.02041	0.08118	0.39902	0.16389	0.18732	0.01750	0.00423	0.00529	0.01881	0.00699	0.00630
1	0.01683	0.01442	0.01683	0.01202	0.01923	0.01082	0.00961	0.02043	0.01683	0.02644	0.01442	0.01683	0.01202	0.00601	0.00601	0.00120	0.00601	0.00481	0.00481	0.76444
2	0.01657	0.01602	0.02421	0.33711	0.03743	0.02095	0.01959	0.02014	0.01443	0.02044	0.01261	0.01953	0.01080	0.01094	0.01691	0.00304	0.34196	0.00704	0.00364	0.04666
3	0.01178	0.00789	0.00895	0.00892	0.00901	0.00786	0.00505	0.01198	0.01236	0.01657	0.05724	0.05347	0.03185	0.67997	0.03972	0.00760	0.00767	0.01194	0.00512	0.00505
4	0.02018	0.01743	0.01835	0.01651	0.02110	0.02018	0.01284	0.04312	0.64956	0.03394	0.03303	0.03027	0.02477	0.01101	0.00826	0.00275	0.00642	0.00917	0.00826	0.01284
5	0.02166	0.01427	0.01732	0.01262	0.01960	0.01109	0.01019	0.02515	0.01840	0.18521	0.01876	0.01949	0.01401	0.00700	0.00654	0.00152	0.00623	0.00563	0.00610	0.57920
6	0.01627	0.04197	0.67279	0.02313	0.03512	0.01884	0.02998	0.02570	0.01713	0.02570	0.01456	0.01713	0.01028	0.00771	0.00771	0.00257	0.01199	0.00600	0.00343	0.01199
7	0.73542	0.01560	0.01227	0.01086	0.01594	0.01789	0.00894	0.02464	0.01428	0.06803	0.01233	0.01390	0.00935	0.00766	0.00518	0.00251	0.00631	0.00458	0.00527	0.00904
8	0.01136	0.00829	0.01067	0.01008	0.01205	0.00760	0.00756	0.01507	0.02267	0.03183	0.62161	0.06177	0.11533	0.01685	0.00957	0.00256	0.00385	0.01484	0.00884	0.00760
9	0.02769	0.01763	0.01996	0.01641	0.02197	0.01890	0.01320	0.18697	0.31085	0.23056	0.02941	0.02684	0.02068	0.01041	0.00819	0.00260	0.00718	0.00841	0.00876	0.01337
10	0.03166	0.01637	0.01975	0.01550	0.02127	0.01631	0.01257	0.21397	0.08402	0.38627	0.02799	0.02716	0.01929	0.05679	0.01035	0.00287	0.00752	0.00824	0.00897	0.01313
11	0.01132	0.00823	0.01055	0.01006	0.01191	0.00758	0.00745	0.01481	0.02202	0.03084	0.57864	0.08211	0.11248	0.04328	0.01078	0.00279	0.00403	0.01499	0.00865	0.00747
12	0.08738	0.01370	0.01726	0.01388	0.01931	0.01287	0.01127	0.03578	0.09771	0.46629	0.10833	0.03092	0.02678	0.01078	0.00811	0.00254	0.00642	0.00880	0.00931	0.01255
13	0.01942	0.02114	0.04358	0.03869	0.22147	0.02016	0.45913	0.02568	0.01896	0.02614	0.01608	0.02137	0.01247	0.00695	0.00913	0.00264	0.01252	0.00890	0.00408	0.01149
14	0.01400	0.00718	0.01055	0.01055	0.01075	0.00728	0.00716	0.01132	0.01112	0.01537	0.01533	0.02546	0.01489	0.02913	0.07150	0.67024	0.00778	0.00718	0.04920	0.00400
15	0.41837	0.01479	0.01525	0.01248	0.01811	0.01518	0.01030	0.03140	0.01834	0.34099	0.02126	0.02012	0.01422	0.00874	0.00653	0.00251	0.00658	0.00620	0.00744	0.01120
16	0.00998	0.00713	0.00950	0.01124	0.01179	0.00665	0.00754	0.01153	0.01596	0.02139	0.07978	0.67256	0.05497	0.02492	0.01031	0.00325	0.00466	0.02259	0.00761	0.00665
17	0.01038	0.00744	0.00986	0.01096	0.01188	0.00692	0.00757	0.01254	0.01784	0.02438	0.23563	0.50817	0.06077	0.02268	0.01011	0.00306	0.00443	0.02046	0.00797	0.00692
18	0.23031	0.01424	0.01653	0.01327	0.01896	0.01384	0.01089	0.03474	0.05175	0.44460	0.02634	0.02402	0.01734	0.00940	0.00723	0.00250	0.00659	0.00719	0.03809	0.01218
19	0.01028	0.00737	0.00977	0.01103	0.01186	0.00685	0.00756	0.01229	0.01737	0.02364	0.19679	0.54914	0.05933	0.02324	0.01016	0.00311	0.00449	0.02099	0.00788	0.00685
20	0.01016	0.00856	0.00886	0.00897	0.01156	0.00749	0.00665	0.01320	0.05000	0.02240	0.07574	0.14273	0.56436	0.02059	0.00960	0.00280	0.00429	0.01736	0.00757	0.00712
21	0.58926	0.01522	0.01364	0.01161	0.01694	0.01664	0.00957	0.02775	0.01615	0.19386	0.01645	0.01677	0.01160	0.00816	0.00580	0.00251	0.00643	0.00533	0.00627	0.01004
22	0.01159	0.00869	0.01304	0.01304	0.01449	0.01014	0.01014	0.01449	0.01304	0.01884	0.02173	0.03188	0.02029	0.06086	0.68268	0.01304	0.02173	0.00869	0.00435	0.00724
23	0.01393	0.00715	0.01073	0.01073	0.01083	0.00725	0.00725	0.01083	0.01073	0.01440	0.01459	0.02513	0.01450	0.03031	0.07402	0.71511	0.00800	0.00715	0.00358	0.00377
24	0.01144	0.00829	0.01064	0.01087	0.01239	0.00780	0.00782	0.03528	0.02030	0.02797	0.36531	0.32416	0.08693	0.02010	0.00984	0.00286	0.00438	0.01793	0.00828	0.00741
25	0.01030	0.00732	0.00968	0.01127	0.01189	0.00690	0.00768	0.01190	0.01594	0.02134	0.08244	0.58955	0.05312	0.07042	0.01241	0.00358	0.00502	0.05521	0.00744	0.00660
26	0.02394	0.01806	0.01898	0.01599	0.02079	0.04146	0.01275	0.24915	0.26001	0.06990	0.02592	0.02588	0.01937	0.01347	0.05168	0.00317	0.00828	0.00810	0.10100	0.01210
27	0.01325	0.00870	0.00999	0.00972	0.01226	0.00756	0.00715	0.01534	0.01849	0.10239	0.11091	0.17739	0.39057	0.06490	0.01160	0.00313	0.00478	0.01650	0.00778	0.00760
28	0.01073	0.00793	0.01003	0.01021	0.01184	0.00723	0.00739	0.01359	0.02014	0.02750	0.39366	0.24972	0.16057	0.01974	0.00980	0.00279	0.00412	0.01747	0.00831	0.00723
29	0.01001	0.00712	0.00938	0.01113	0.01157	0.00668	0.00736	0.01133	0.01529	0.02038	0.04344	0.66566	0.05205	0.07150	0.01242	0.00360	0.00492	0.02231	0.00736	0.00648
30	0.01564	0.01495	0.02534	0.62338	0.05304	0.01858	0.04744	0.02087	0.01609	0.02087	0.01425	0.02139	0.01087	0.00846	0.00940	0.00276	0.05665	0.00730	0.00362	0.00908
31	0.01185	0.00775	0.01007	0.01103	0.01216	0.00714	0.00759	0.01361	0.01686	0.06312	0.11628	0.51285	0.09227	0.06239	0.01184	0.00338	0.00489	0.02012	0.00770	0.00709
32	0.06262	0.01095	0.01309	0.01268	0.01526	0.01102	0.00933	0.06020	0.09456	0.12407	0.07794	0.37387	0.04058	0.04175	0.01029	0.00311	0.00566	0.01608	0.00789	0.00904
33	0.01045	0.00808	0.00931	0.00948	0.01140	0.00721	0.00689	0.01274	0.01861	0.02399	0.21838	0.16259	0.34284	0.08391	0.01266	0.00328	0.00459	0.03905	0.00765	0.00687
34	0.36167	0.05406	0.01491	0.01194	0.01634	0.01602	0.00979	0.08446	0.01827	0.10286	0.02127	0.08769	0.01852	0.01075	0.00661	0.00252	0.00633	0.04063	0.10585	0.00948
35	0.01218	0.00812	0.01061	0.01078	0.01242	0.00744	0.00778	0.01493	0.01984	0.06367	0.35351	0.31466	0.09352	0.01988	0.00980	0.00285	0.00436	0.01772	0.00838	0.00755
36	0.01169	0.00798	0.01009	0.01051	0.01176	0.00744	0.00733	0.01377	0.01773	0.04535	0.23130	0.29947	0.10357	0.14539	0.01556	0.00383	0.00513	0.03762	0.00757	0.00691
37	0.01681	0.01594	0.02703	0.49307	0.24649	0.01842	0.02328	0.02204	0.01693	0.02254	0.01469	0.02115	0.01145	0.00784	0.00809	0.00261	0.01045	0.00722	0.00373	0.01022
38	0.01659	0.01673	0.03083	0.41538	0.04731	0.01911	0.19929	0.02201	0.01679	0.02226	0.01562	0.02373	0.01246	0.00882	0.01043	0.00283	0.07789	0.02854	0.00388	0.00951
39	0.01136	0.00820	0.01074	0.01029	0.01210	0.00758	0.00765	0.01501	0.02240	0.03164	0.61308	0.11003	0.07482	0.01726	0.00963	0.00261	0.00390	0.01531	0.00883	0.00758
40	0.01158	0.00777	0.00892	0.00914	0.00919	0.00772	0.00522	0.01174	0.01224	0.01631	0.02780	0.12974	0.03232	0.63434	0.03769	0.00733	0.00750	0.01312	0.00522	0.00511
41	0.01409	0.00705	0.01057	0.01057	0.01057	0.00705	0.00705	0.01057	0.01057	0.01409	0.01409	0.02467	0.01409	0.02819	0.03171	0.76392	0.00705	0.00705	0.00352	0.00352
42	0.01100	0.00816	0.01035	0.01110	0.01254	0.00769	0.00805	0.01425	0.04333	0.02531	0.23933	0.36335	0.12738	0.02134	0.01001	0.00301	0.00465	0.06390	0.00799	0.00726
43	0.01075	0.00791	0.01006	0.01027	0.01186	0.00723	0.00742	0.01361	0.02013	0.02756	0.39730	0.25791	0.14839	0.01978	0.00981	0.00280	0.00413	0.01753	0.00832	0.00723
44	0.01958	0.01877	0.03203	0.11750	0.60042	0.01915	0.02465	0.02447	0.01824	0.02590	0.01517	0.02025	0.01264	0.00732	0.00804	0.00244	0.00976	0.00723	0.00397	0.01245
45	0.02261	0.01493	0.01740	0.01525	0.01978	0.01554	0.01217	0.10753	0.25001	0.16609	0.03251	0.11433	0.02767	0.01341	0.00868	0.00275	0.00674	0.08377	0.00821	0.06062
46	0.07207	0.01001	0.01186	0.01086	0.01352	0.00974	0.00830	0.05830	0.02225	0.06887	0.42641	0.09315	0.09500	0.01551	0.00890	0.00256	0.00460	0.01335	0.04633	0.00838
47	0.01287	0.00855	0.01074	0.01094	0.01283	0.00789	0.00791	0.01604	0.04263	0.07838	0.22646	0.33747	0.15590	0.02027	0.00974	0.00291	0.00460	0.01793	0.00817	0.00777
48	0.07794	0.01192	0.01518	0.01253	0.01691	0.01100	0.01003	0.04687	0.02291	0.33952	0.29248	0.04013	0.04268	0.01259	0.00853	0.00253	0.00564	0.01059	0.00916	0.01088
49	0.01007	0.00729	0.00952	0.01097	0.01176	0.00674	0.00746	0.01182	0.01665	0.02227	0.12420	0.58809	0.09512	0.02400	0.01021	0.00317	0.00456	0.02164	0.00771	0.00674
50	0.01409	0.00705	0.01057	0.01057	0.01057	0.00705	0.00705	0.01057	0.01057	0.01409	0.01409	0.02467	0.01409	0.02819	0.03171	0.76392	0.00705	0.00705	0.00352	0.00352
51	0.01121	0.00746	0.00977	0.01110	0.01179	0.00699	0.00740	0.01260	0.01566	0.04605	0.06307	0.58367	0.05030	0.10519	0.01386	0.00377	0.00513	0.02088	0.00737	0.00672
52	0.01180	0.00787	0.00885	0.00885	0.00885	0.00787	0.00492	0.01180	0.01180	0.01573	0.02557	0.05310	0.02950	0.71483	0.04130	0.00787	0.00787	0.01180	0.00492	0.00492
53	0.42705	0.01310	0.01216	0.01098	0.01496	0.01419	0.00872	0.04482	0.01785	0.07028	0.17284	0.07364	0.06787	0.01183	0.00701	0.00258	0.00560	0.00911	0.00666	0.00874
54	0.01150	0.00907	0.01336	0.17832	0.02284	0.00961	0.01152	0.01418	0.01638	0.02171	0.07804	0.46344	0.04433	0.02044	0.00981	0.00313	0.00630	0.05206	0.00666	0.00730
55	0.00970	0.00826	0.00838	0.00844	0.01115	0.00693	0.00639	0.01181	0.01850	0.02200	0.08091	0.07853	0.64074	0.02061	0.00964	0.00277	0.00422	0.03659	0.00753	0.00687
56	0.01115	0.00828	0.01038	0.00985	0.01191	0.00751	0.00739	0.01466	0.02217	0.03064	0.55653	0.06374	0.18115	0.01730	0.00957	0.00259	0.00388	0.01511	0.00868	0.00751
57	0.02540	0.01955	0.02100	0.01729	0.02261	0.02184	0.01385	0.38202	0.24125	0.04266	0.02628	0.08467	0.02104	0.01157	0.00836	0.00262	0.00771	0.00934	0.00811	0.01284
58	0.02152	0.69782	0.06288	0.01418	0.02129	0.03168	0.01440	0.02434	0.01651	0.01930	0.01139	0.01315	0.01041	0.00697	0.00529	0.00176	0.00878	0.00439	0.00347	0.01046
59	0.02122	0.01779	0.02562	0.03137	0.31821	0.01805	0.01824	0.06268	0.12071	0.07762	0.01918	0.02153	0.01508	0.00843	0.00893	0.00233	0.05309	0.00718	0.00550	0.14724
60	0.02327	0.02121	0.02259	0.01984	0.04694	0.10608	0.03329	0.19125	0.21497	0.03358	0.06255	0.02460	0.02015	0.01099	0.01139	0.00270	0.12827	0.00811	0.00665	0.01158
61	0.03641	0.01381	0.01883	0.01444	0.02071	0.01193	0.01193	0.03954	0.02322	0.66984	0.03201	0.02762	0.02009	0.01004	0.00816	0.00251	0.00690	0.00816	0.01004	0.01381
62	0.08602	0.02120	0.02156	0.01730	0.02316	0.06569	0.01404	0.36996	0.14293	0.12150	0.02238	0.02162	0.01594	0.00975	0.00786	0.00248	0.00841	0.00739	0.00788	0.01296
63	0.02799	0.01627	0.01927	0.01518	0.02127	0.01587	0.01229	0.13759	0.17041	0.29585	0.02681	0.02483	0.01859	0.00946	0.00777	0.00231	0.00696	0.00762	0.00831	0.15534
64	0.02103	0.51997	0.18497	0.01646	0.02437	0.07221	0.01767	0.02515	0.01707	0.02065	0.01211	0.01406	0.01039	0.00721	0.00592	0.00195	0.00983	0.00478	0.00351	0.01071
65	0.01841	0.01487	0.01611	0.01455	0.01860	0.01645	0.01128	0.03527	0.45740	0.06037	0.13320	0.04004	0.10284	0.01287	0.00860	0.00271	0.00579	0.01084	0.00836	0.01144
66	0.02018	0.01743	0.01835	0.01651	0.02110	0.02018	0.01284	0.04312	0.64956	0.03394	0.03303	0.03027	0.02477	0.01101	0.00826	0.00275	0.00642	0.00917	0.00826	0.01284
67	0.03336	0.01400	0.01842	0.01450	0.02038	0.01273	0.01185	0.03891	0.09845	0.56542	0.05975	0.02939	0.02313	0.01045	0.00823	0.00254	0.00671	0.00857	0.00978	0.01342
68	0.01167	0.00823	0.01051	0.01061	0.01225	0.00769	0.00800	0.01393	0.01891	0.02543	0.30930	0.08839	0.16550	0.07132	0.01479	0.09209	0.00518	0.11196	0.00746	0.00676
69	0.01532	0.01442	0.02434	0.69533	0.05589	0.01803	0.02253	0.02073	0.01622	0.02073	0.01442	0.02163	0.01082	0.00811	0.00811	0.00270	0.01082	0.00721	0.00361	0.00901
70	0.01042	0.00747	0.00989	0.01094	0.01189	0.00694	0.00757	0.01263	0.01800	0.02463	0.24868	0.49441	0.06126	0.02249	0.01010	0.00305	0.00442	0.02029	0.00800	0.00694
71	0.25532	0.01643	0.01725	0.01407	0.01961	0.01738	0.01149	0.16938	0.08925	0.22755	0.02623	0.02494	0.05736	0.01000	0.00730	0.00253	0.00694	0.00751	0.00773	0.01173
72	0.33024	0.01219	0.01207	0.01124	0.01478	0.01288	0.00870	0.04454	0.01748	0.10173	0.09108	0.19323	0.05547	0.01380	0.00747	0.00268	0.00560	0.01120	0.04487	0.00874
73	0.00989	0.00706	0.00942	0.01130	0.01177	0.00659	0.00753	0.01130	0.01554	0.02071	0.04472	0.70954	0.05367	0.02542	0.01036	0.00330	0.00471	0.02307	0.00753	0.00659
74	0.01157	0.00835	0.01097	0.01047	0.01238	0.00775	0.00795	0.01540	0.02273	0.03208	0.62593	0.06232	0.07492	0.01691	0.00966	0.00262	0.00403	0.04747	0.00885	0.00765
75	0.01013	0.00735	0.00928	0.01061	0.01138	0.00681	0.00709	0.01160	0.01588	0.02094	0.07838	0.52977	0.12750	0.09667	0.01347	0.00367	0.00492	0.02073	0.00733	0.00650
76	0.22440	0.01157	0.01237	0.01111	0.01466	0.01166	0.00860	0.02226	0.04345	0.14693	0.19623	0.08421	0.11067	0.05586	0.00998	0.00293	0.00550	0.01112	0.00754	0.00896
77	0.01431	0.00774	0.00830	0.00828	0.01010	0.00781	0.00619	0.01781	0.01672	0.02837	0.05041	0.03417	0.04934	0.03777	0.07546	0.00326	0.00574	0.00845	0.60235	0.00742
78	0.02397	0.01108	0.01473	0.01223	0.01640	0.00977	0.00973	0.02735	0.02284	0.35409	0.30959	0.04493	0.08131	0.01351	0.00886	0.00254	0.00540	0.01152	0.00941	0.01072
79	0.01040	0.00745	0.00990	0.01113	0.01202	0.00695	0.00774	0.01250	0.01755	0.02387	0.20331	0.52302	0.05935	0.02305	0.01018	0.00312	0.00457	0.03912	0.00789	0.00689
80	0.01030	0.00736	0.00947	0.01073	0.01143	0.00689	0.00717	0.01187	0.01614	0.02163	0.12027	0.52253	0.08031	0.10693	0.01394	0.00373	0.00495	0.02041	0.00739	0.00653
81	0.24396	0.01825	0.01828	0.01531	0.02070	0.02054	0.01236	0.21269	0.24265	0.08107	0.02262	0.02192	0.01656	0.00956	0.00726	0.00257	0.00715	0.00716	0.00739	0.01200
82	0.01028	0.00736	0.00976	0.01103	0.01186	0.00685	0.00756	0.01228	0.01735	0.02360	0.19482	0.55121	0.05925	0.02327	0.01016	0.00311	0.00449	0.02102	0.00787	0.00685
83	0.06007	0.01060	0.01372	0.01238	0.01561	0.00979	0.00930	0.02441	0.01850	0.30069	0.05545	0.25973	0.03375	0.09513	0.03896	0.00378	0.00672	0.01361	0.00812	0.00969
84	0.02250	0.01777	0.02012	0.09601	0.02584	0.02027	0.01437	0.14358	0.42949	0.07580	0.02843	0.02722	0.02094	0.01039	0.00821	0.00268	0.00740	0.00856	0.00780	0.01262
85	0.15229	0.01933	0.02026	0.01613	0.02165	0.02139	0.01320	0.43820	0.03135	0.04528	0.09297	0.02369	0.02053	0.01209	0.03313	0.00286	0.00837	0.00773	0.00755	0.01199

[dist]
# distance from previous block
# <min> <max>
0	3

[block]
# block no. 3 follows, 23 sequences, length 24
# corresponding to MSA columns:
# 240-263
name=unknown_D
#
# <colnr> <probs for GDERKNQSTAVLIFYWHMCP>
#	G	D	E	R	K	N	Q	S	T	A	V	L	I	F	Y	W	H	M	C	P
0	0.28567	0.01863	0.02043	0.01612	0.02174	0.02032	0.06482	0.29431	0.02499	0.03991	0.01667	0.02019	0.01317	0.06740	0.00985	0.00289	0.00820	0.00676	0.00630	0.04164
1	0.11563	0.19390	0.29285	0.02017	0.06510	0.06789	0.02052	0.02725	0.07889	0.02596	0.01508	0.01695	0.01170	0.00785	0.00682	0.00234	0.00998	0.00573	0.00420	0.01117
2	0.02085	0.02267	0.06874	0.08266	0.46671	0.10279	0.02313	0.02680	0.05921	0.02574	0.01596	0.01997	0.01303	0.00770	0.00794	0.00242	0.01028	0.00703	0.00425	0.01213
3	0.07382	0.02100	0.02203	0.01785	0.02340	0.06401	0.03881	0.34146	0.19439	0.04156	0.06051	0.02418	0.01986	0.01014	0.00805	0.00252	0.00835	0.00801	0.00759	0.01246
4	0.17894	0.01584	0.01696	0.04339	0.01993	0.01709	0.01140	0.24561	0.02482	0.10498	0.08642	0.02877	0.04133	0.07471	0.01057	0.00296	0.00719	0.00826	0.05027	0.01055
5	0.12278	0.01755	0.01796	0.01514	0.01923	0.09130	0.01217	0.10600	0.05764	0.18343	0.08696	0.02573	0.02163	0.01072	0.01003	0.00255	0.10000	0.00776	0.08073	0.01070
6	0.01082	0.00778	0.01029	0.01090	0.01215	0.00724	0.00782	0.01354	0.01940	0.02681	0.35411	0.35763	0.06490	0.02085	0.01000	0.00294	0.00438	0.04304	0.00823	0.00716
7	0.01627	0.04197	0.67279	0.02313	0.03512	0.01884	0.02998	0.02570	0.01713	0.02570	0.01456	0.01713	0.01028	0.00771	0.00771	0.00257	0.01199	0.00600	0.00343	0.01199
8	0.06868	0.13555	0.06470	0.10253	0.08200	0.06682	0.05660	0.13628	0.05856	0.02862	0.01529	0.01844	0.01219	0.00907	0.01014	0.00254	0.10955	0.00664	0.00486	0.01094
9	0.01532	0.01442	0.02434	0.69533	0.05589	0.01803	0.02253	0.02073	0.01622	0.02073	0.01442	0.02163	0.01082	0.00811	0.00811	0.00270	0.01082	0.00721	0.00361	0.00901
10	0.01026	0.00748	0.00971	0.01109	0.01206	0.00693	0.00777	0.01219	0.01697	0.02256	0.12613	0.52602	0.11560	0.02363	0.01024	0.00318	0.00471	0.05896	0.00771	0.00681
11	0.06024	0.02356	0.02510	0.08567	0.14030	0.12645	0.01749	0.35090	0.02923	0.03846	0.01682	0.01874	0.01261	0.00884	0.00784	0.00240	0.01001	0.00683	0.00623	0.01229
12	0.08521	0.01810	0.02159	0.12799	0.13007	0.04582	0.01596	0.16484	0.15836	0.03326	0.05237	0.02749	0.06393	0.01018	0.00801	0.00256	0.00824	0.00837	0.00635	0.01132
13	0.01001	0.00711	0.00938	0.01115	0.01159	0.00667	0.00737	0.01133	0.01530	0.02040	0.04353	0.66862	0.05216	0.06839	0.01229	0.00358	0.00490	0.02237	0.00737	0.00649
14	0.01627	0.04197	0.67279	0.02313	0.03512	0.01884	0.02998	0.02570	0.01713	0.02570	0.01456	0.01713	0.01028	0.00771	0.00771	0.00257	0.01199	0.00600	0.00343	0.01199
15	0.64824	0.01683	0.01392	0.07123	0.01994	0.04740	0.01052	0.04496	0.01525	0.03482	0.01191	0.01420	0.00921	0.00769	0.00550	0.00251	0.00713	0.00478	0.00497	0.00901
16	0.01762	0.01658	0.02822	0.48739	0.11358	0.01908	0.10033	0.07440	0.01870	0.02459	0.01519	0.02132	0.01147	0.00800	0.00829	0.00266	0.01090	0.00752	0.00410	0.01006
17	0.01092	0.00785	0.01041	0.01109	0.01237	0.00734	0.00806	0.01369	0.01937	0.02669	0.33975	0.34548	0.06406	0.02093	0.01005	0.00298	0.00452	0.06907	0.00820	0.00718
18	0.01960	0.06393	0.03199	0.18706	0.42264	0.05315	0.05739	0.02438	0.01812	0.02440	0.01475	0.01980	0.01210	0.00744	0.00792	0.00243	0.01031	0.00707	0.00390	0.01157
19	0.14218	0.01774	0.11490	0.07270	0.02381	0.01428	0.01445	0.02995	0.05530	0.28693	0.11953	0.02841	0.02485	0.01018	0.00782	0.00256	0.00741	0.00821	0.00745	0.01136
20	0.01202	0.00903	0.01130	0.01109	0.01328	0.00861	0.00865	0.01679	0.06152	0.02975	0.43613	0.06623	0.15346	0.01775	0.00975	0.00278	0.00462	0.11094	0.00845	0.00784
21	0.01627	0.04197	0.67279	0.02313	0.03512	0.01884	0.02998	0.02570	0.01713	0.02570	0.01456	0.01713	0.01028	0.00771	0.00771	0.00257	0.01199	0.00600	0.00343	0.01199
22	0.01922	0.01885	0.02995	0.23529	0.45599	0.05218	0.02375	0.02407	0.01805	0.02450	0.01488	0.02026	0.01214	0.00754	0.00802	0.00248	0.01023	0.00712	0.00391	0.01157
23	0.01889	0.01799	0.02552	0.29201	0.25810	0.07448	0.02075	0.04500	0.04582	0.02497	0.01747	0.02437	0.01435	0.00872	0.00802	0.00254	0.00994	0.03380	0.04671	0.01056

[dist]
# distance from previous block
# <min> <max>
0	4

# created by:
# /st0/software/busco_prod/Augustus/scripts/msa2prfl.pl ./align_prep/128021.fa
