[name]
unknown

[dist]
# distance from previous block
# <min> <max>
0	32

[block]
# block no. 0 follows, 24 sequences, length 7
# corresponding to MSA columns:
# 32-38
name=unknown_A
#
# <colnr> <probs for GDERKNQSTAVLIFYWHMCP>
#	G	D	E	R	K	N	Q	S	T	A	V	L	I	F	Y	W	H	M	C	P
0	0.01331	0.01455	0.12627	0.01596	0.01947	0.01071	0.01559	0.01791	0.01800	0.02397	0.03727	0.07709	0.03959	0.01946	0.01037	0.00346	0.00805	0.51431	0.00663	0.00805
1	0.01883	0.35359	0.27800	0.02028	0.02909	0.02467	0.12640	0.02453	0.01679	0.02218	0.01306	0.01568	0.01044	0.00704	0.00672	0.00216	0.01051	0.00571	0.00348	0.01083
2	0.11916	0.42681	0.14399	0.01530	0.02263	0.02654	0.01579	0.10425	0.01862	0.02599	0.01261	0.01424	0.01038	0.00734	0.00585	0.00202	0.00876	0.00490	0.00417	0.01066
3	0.01659	0.12954	0.59770	0.02143	0.03252	0.02009	0.02727	0.02494	0.01666	0.02428	0.01382	0.01622	0.01006	0.00744	0.00722	0.00241	0.01130	0.00565	0.00335	0.01152
4	0.01346	0.00709	0.01064	0.01064	0.01083	0.00728	0.00728	0.01083	0.01064	0.01437	0.01474	0.02502	0.01456	0.03167	0.11613	0.67153	0.00874	0.00709	0.00355	0.00391
5	0.01590	0.04102	0.68023	0.02260	0.03432	0.01842	0.02930	0.02511	0.01674	0.02511	0.01423	0.01674	0.01005	0.00753	0.00753	0.00251	0.01172	0.00586	0.00335	0.01172
6	0.01641	0.10624	0.61943	0.02174	0.03299	0.01965	0.02780	0.02498	0.01668	0.02450	0.01393	0.01636	0.01006	0.00746	0.00730	0.00243	0.01141	0.00571	0.00335	0.01157

[dist]
# distance from previous block
# <min> <max>
0	10

[block]
# block no. 1 follows, 24 sequences, length 22
# corresponding to MSA columns:
# 49-70
name=unknown_B
#
# <colnr> <probs for GDERKNQSTAVLIFYWHMCP>
#	G	D	E	R	K	N	Q	S	T	A	V	L	I	F	Y	W	H	M	C	P
0	0.01682	0.03974	0.64955	0.02221	0.03367	0.01810	0.02848	0.02574	0.01702	0.05534	0.01502	0.01722	0.01049	0.00764	0.00755	0.00251	0.01149	0.00596	0.00365	0.01180
1	0.01616	0.07460	0.64892	0.02216	0.03364	0.01905	0.02853	0.02505	0.01671	0.02480	0.01407	0.01654	0.01005	0.00750	0.00741	0.00247	0.01156	0.00578	0.00335	0.01164
2	0.01872	0.02139	0.04679	0.03342	0.04144	0.02005	0.64305	0.02540	0.01872	0.02540	0.01604	0.02139	0.01203	0.00668	0.00936	0.00267	0.01337	0.00936	0.00401	0.01070
3	0.00984	0.00711	0.00936	0.01108	0.01176	0.00663	0.00762	0.01140	0.01555	0.02053	0.04581	0.63791	0.08930	0.02437	0.01013	0.00321	0.00474	0.05977	0.00736	0.00651
4	0.01124	0.00808	0.01047	0.00989	0.01164	0.00750	0.00731	0.01474	0.02174	0.03073	0.62581	0.05876	0.07183	0.06213	0.01137	0.00283	0.00400	0.01416	0.00847	0.00731
5	0.01110	0.00801	0.01049	0.01006	0.01182	0.00740	0.00747	0.01465	0.02186	0.03087	0.61730	0.11226	0.07302	0.01691	0.00941	0.00255	0.00381	0.01500	0.00862	0.00740
6	0.01927	0.00992	0.01326	0.01155	0.01482	0.00893	0.00910	0.02278	0.02232	0.24260	0.42907	0.05015	0.05535	0.01440	0.00898	0.00254	0.00490	0.04160	0.00902	0.00944
7	0.01590	0.04102	0.68023	0.02260	0.03432	0.01842	0.02930	0.02511	0.01674	0.02511	0.01423	0.01674	0.01005	0.00753	0.00753	0.00251	0.01172	0.00586	0.00335	0.01172
8	0.00966	0.00690	0.00920	0.01104	0.01150	0.00644	0.00736	0.01104	0.01518	0.02024	0.04371	0.71614	0.05245	0.02484	0.01012	0.00322	0.00460	0.02254	0.00736	0.00644
9	0.03058	0.02152	0.02337	0.01792	0.02425	0.02356	0.01480	0.59719	0.03612	0.09983	0.02001	0.01967	0.01397	0.00954	0.00794	0.00239	0.00857	0.00721	0.00808	0.01349
10	0.77733	0.01534	0.01166	0.01043	0.01534	0.01779	0.00859	0.02331	0.01350	0.03558	0.01104	0.01288	0.00859	0.00736	0.00491	0.00245	0.00613	0.00429	0.00491	0.00859
11	0.01119	0.00896	0.01020	0.01024	0.01274	0.00832	0.00803	0.01547	0.06986	0.02498	0.19549	0.07124	0.38157	0.01883	0.00954	0.00281	0.00471	0.12068	0.00770	0.00743
12	0.00951	0.00790	0.00832	0.00851	0.01087	0.00671	0.00627	0.01155	0.01798	0.02188	0.10999	0.15202	0.56035	0.02043	0.00946	0.00273	0.00407	0.01729	0.00744	0.00671
13	0.02698	0.20794	0.02754	0.01843	0.02330	0.40308	0.01495	0.11073	0.02234	0.02327	0.01276	0.01468	0.01065	0.00828	0.00765	0.00207	0.04573	0.00525	0.00439	0.00999
14	0.02992	0.02883	0.02323	0.01917	0.02456	0.30712	0.01518	0.38461	0.03099	0.03699	0.01616	0.01703	0.01210	0.00895	0.00760	0.00224	0.01109	0.00628	0.00630	0.01166
15	0.02032	0.61176	0.14813	0.01508	0.02268	0.02921	0.01619	0.02397	0.01622	0.01973	0.01156	0.01339	0.01015	0.00691	0.00550	0.00183	0.00902	0.00451	0.00338	0.01043
16	0.01375	0.00823	0.01002	0.00978	0.01073	0.00788	0.00627	0.01476	0.01465	0.08861	0.10777	0.15664	0.03730	0.44716	0.02825	0.00578	0.00661	0.01326	0.00623	0.00632
17	0.00988	0.00721	0.00936	0.01098	0.01181	0.00669	0.00765	0.01152	0.01577	0.02066	0.04784	0.59057	0.12377	0.02405	0.01010	0.00319	0.00475	0.07030	0.00736	0.00654
18	0.02212	0.01751	0.02014	0.09566	0.05300	0.01976	0.01419	0.24878	0.26318	0.03619	0.02399	0.02558	0.01834	0.04544	0.00945	0.00276	0.00767	0.00805	0.05647	0.01173
19	0.02026	0.01976	0.03066	0.11934	0.50461	0.06134	0.04390	0.05766	0.01914	0.02613	0.01491	0.01949	0.01222	0.00735	0.00787	0.00238	0.00996	0.00702	0.00411	0.01191
20	0.01814	0.01398	0.01422	0.13674	0.02119	0.09516	0.01091	0.07751	0.03928	0.02770	0.02096	0.02489	0.01644	0.00997	0.00790	0.04519	0.00697	0.00705	0.39744	0.00837
21	0.12547	0.08264	0.09352	0.16396	0.11595	0.01868	0.16942	0.02235	0.01630	0.02442	0.01525	0.04914	0.01280	0.00902	0.00879	0.04103	0.00995	0.00752	0.00402	0.00975

[dist]
# distance from previous block
# <min> <max>
0	1

[block]
# block no. 2 follows, 24 sequences, length 39
# corresponding to MSA columns:
# 72-110
name=unknown_C
#
# <colnr> <probs for GDERKNQSTAVLIFYWHMCP>
#	G	D	E	R	K	N	Q	S	T	A	V	L	I	F	Y	W	H	M	C	P
0	0.02002	0.01678	0.02026	0.01942	0.08542	0.04948	0.05088	0.05406	0.33317	0.06146	0.06025	0.02721	0.02205	0.01173	0.01043	0.08301	0.00742	0.00835	0.00667	0.05193
1	0.01507	0.00795	0.00801	0.00790	0.00990	0.00811	0.00595	0.01986	0.05407	0.02977	0.02624	0.02957	0.02055	0.00933	0.00569	0.00190	0.00385	0.00748	0.72109	0.00769
2	0.01963	0.01884	0.03219	0.04867	0.67185	0.01884	0.02434	0.02434	0.01806	0.02591	0.01492	0.01963	0.01256	0.00707	0.00785	0.00236	0.00942	0.00707	0.00393	0.01256
3	0.00988	0.00811	0.00873	0.00873	0.01122	0.00696	0.00665	0.01227	0.01883	0.02332	0.17852	0.07412	0.53280	0.01952	0.00946	0.00270	0.00415	0.04957	0.00759	0.00686
4	0.01032	0.00741	0.00980	0.01059	0.01165	0.00688	0.00741	0.01271	0.01827	0.02515	0.30863	0.43723	0.06195	0.02118	0.00980	0.00291	0.00424	0.01906	0.00794	0.00688
5	0.25352	0.47670	0.03151	0.01292	0.01900	0.05720	0.01212	0.02397	0.01560	0.02388	0.01109	0.01284	0.00969	0.00702	0.00513	0.00194	0.00803	0.00430	0.00389	0.00964
6	0.00993	0.00802	0.00889	0.00918	0.01146	0.00698	0.00696	0.01223	0.01829	0.02272	0.14106	0.14275	0.47723	0.02030	0.00960	0.00280	0.00435	0.07290	0.00752	0.00682
7	0.02221	0.66189	0.03975	0.01385	0.02058	0.03030	0.01358	0.05862	0.01752	0.04378	0.01219	0.01358	0.01069	0.00704	0.00535	0.00176	0.00843	0.00453	0.00387	0.01048
8	0.02952	0.02190	0.02344	0.01812	0.02435	0.02430	0.01492	0.60903	0.07469	0.04896	0.01984	0.01967	0.01413	0.00959	0.00794	0.00240	0.00858	0.00725	0.00794	0.01343
9	0.01694	0.17471	0.55559	0.02084	0.03160	0.02095	0.02623	0.02485	0.01662	0.02385	0.01360	0.01596	0.01007	0.00739	0.00706	0.00235	0.01109	0.00554	0.00336	0.01142
10	0.01836	0.01945	0.03880	0.14865	0.22374	0.01930	0.36333	0.02424	0.01805	0.02469	0.01540	0.02085	0.01194	0.00700	0.00869	0.00258	0.01178	0.00832	0.00391	0.01092
11	0.01644	0.01409	0.01644	0.01175	0.01879	0.01057	0.00940	0.01997	0.01644	0.02584	0.01409	0.01644	0.01175	0.00587	0.00587	0.00117	0.00587	0.00470	0.00470	0.76979
12	0.01230	0.00883	0.01195	0.01320	0.01495	0.00867	0.01113	0.01564	0.01844	0.02428	0.13696	0.08179	0.07923	0.06695	0.01257	0.00369	0.00663	0.45832	0.00736	0.00714
13	0.01165	0.00853	0.01132	0.01263	0.01438	0.00820	0.01043	0.01474	0.01821	0.02372	0.11355	0.17743	0.14078	0.02148	0.01043	0.00332	0.00605	0.37857	0.00747	0.00710
14	0.01872	0.02139	0.04679	0.03342	0.04144	0.02005	0.64305	0.02540	0.01872	0.02540	0.01604	0.02139	0.01203	0.00668	0.00936	0.00267	0.01337	0.00936	0.00401	0.01070
15	0.01295	0.00841	0.01097	0.01034	0.01244	0.00768	0.00774	0.01631	0.02150	0.08252	0.52370	0.12638	0.09505	0.01678	0.00932	0.00258	0.00409	0.01479	0.00861	0.00783
16	0.77733	0.01534	0.01166	0.01043	0.01534	0.01779	0.00859	0.02331	0.01350	0.03558	0.01104	0.01288	0.00859	0.00736	0.00491	0.00245	0.00613	0.00429	0.00491	0.00859
17	0.01781	0.01693	0.03193	0.34167	0.04447	0.01765	0.26492	0.02337	0.01744	0.06236	0.01590	0.02121	0.01179	0.00739	0.00833	0.00253	0.01106	0.00782	0.00419	0.07124
18	0.01194	0.00932	0.01362	0.01328	0.01446	0.01120	0.01032	0.01448	0.01260	0.01828	0.02041	0.03114	0.01948	0.09846	0.58114	0.01149	0.08854	0.00854	0.00421	0.00709
19	0.01101	0.00794	0.01041	0.01012	0.01180	0.00734	0.00747	0.01443	0.02146	0.03022	0.58256	0.14884	0.07177	0.01739	0.00946	0.00259	0.00386	0.01546	0.00854	0.00734
20	0.01153	0.00769	0.00865	0.00865	0.00865	0.00769	0.00480	0.01153	0.01153	0.01538	0.02499	0.05189	0.02883	0.72131	0.04036	0.00769	0.00769	0.01153	0.00480	0.00480
21	0.03383	0.01513	0.05405	0.01465	0.02102	0.01237	0.01264	0.03807	0.04999	0.61417	0.03041	0.02655	0.01931	0.00973	0.00795	0.00247	0.00700	0.00790	0.00939	0.01336
22	0.77733	0.01534	0.01166	0.01043	0.01534	0.01779	0.00859	0.02331	0.01350	0.03558	0.01104	0.01288	0.00859	0.00736	0.00491	0.00245	0.00613	0.00429	0.00491	0.00859
23	0.01945	0.07627	0.54380	0.02550	0.06619	0.02054	0.06657	0.02662	0.01859	0.02726	0.01713	0.02104	0.01318	0.00940	0.00876	0.00300	0.01226	0.00700	0.00448	0.01296
24	0.01133	0.00850	0.01274	0.01274	0.01416	0.00991	0.00991	0.01416	0.01274	0.01841	0.02124	0.03115	0.01982	0.05947	0.68989	0.01274	0.02124	0.00850	0.00425	0.00708
25	0.01690	0.07902	0.62055	0.02179	0.03303	0.01891	0.02778	0.02551	0.01692	0.04776	0.01465	0.01687	0.01039	0.00757	0.00741	0.00246	0.01136	0.00584	0.00358	0.01169
26	0.02068	0.65847	0.10459	0.01446	0.02173	0.03010	0.01512	0.02388	0.01617	0.01929	0.01134	0.01312	0.01016	0.00686	0.00533	0.00178	0.00880	0.00440	0.00339	0.01033
27	0.06089	0.01348	0.01765	0.01386	0.01958	0.01217	0.01135	0.03688	0.06490	0.57112	0.06897	0.02858	0.02285	0.01017	0.00795	0.00247	0.00651	0.00829	0.00945	0.01289
28	0.00988	0.00717	0.00922	0.01055	0.01134	0.00663	0.00714	0.01151	0.01606	0.02136	0.11184	0.55883	0.11125	0.05353	0.01127	0.00329	0.00459	0.02067	0.00739	0.00650
29	0.73092	0.01576	0.01241	0.01091	0.01591	0.01821	0.00899	0.06195	0.01497	0.03647	0.01154	0.01326	0.00889	0.00750	0.00510	0.00245	0.00630	0.00447	0.00510	0.00889
30	0.02114	0.01774	0.01873	0.01642	0.02116	0.02038	0.01289	0.12397	0.57338	0.03545	0.03048	0.02816	0.02275	0.01059	0.00805	0.00265	0.00661	0.00872	0.00805	0.01268
31	0.01579	0.00837	0.00847	0.00810	0.01025	0.00852	0.00617	0.05970	0.01799	0.03091	0.02542	0.02887	0.01988	0.00926	0.00570	0.00188	0.00403	0.00737	0.71553	0.00779
32	0.01254	0.00844	0.01113	0.01049	0.01257	0.00780	0.00804	0.01624	0.02218	0.06340	0.59485	0.05962	0.07016	0.01627	0.00939	0.00257	0.00412	0.05375	0.00869	0.00777
33	0.01072	0.00783	0.00908	0.00959	0.01150	0.00685	0.00687	0.01262	0.01737	0.04980	0.09539	0.32618	0.36508	0.02131	0.00961	0.00287	0.00435	0.01852	0.00754	0.00693
34	0.01142	0.00764	0.00868	0.00880	0.00883	0.00761	0.00496	0.01150	0.01176	0.01568	0.02615	0.09315	0.03030	0.67806	0.03848	0.00741	0.00750	0.01222	0.00496	0.00491
35	0.01682	0.10527	0.52742	0.02326	0.03397	0.01992	0.11525	0.02502	0.01696	0.02452	0.01418	0.01701	0.01034	0.00734	0.00755	0.00245	0.01164	0.00620	0.00345	0.01142
36	0.01590	0.04102	0.68023	0.02260	0.03432	0.01842	0.02930	0.02511	0.01674	0.02511	0.01423	0.01674	0.01005	0.00753	0.00753	0.00251	0.01172	0.00586	0.00335	0.01172
37	0.17488	0.12450	0.07859	0.01838	0.07703	0.01745	0.08697	0.02335	0.05576	0.06364	0.08460	0.09042	0.05192	0.01062	0.00742	0.00246	0.00766	0.00901	0.00554	0.00980
38	0.05731	0.05942	0.02092	0.04452	0.02256	0.04781	0.05149	0.06071	0.07623	0.05774	0.01653	0.01829	0.01298	0.00709	0.00657	0.00174	0.00738	0.00575	0.00524	0.41972

[dist]
# distance from previous block
# <min> <max>
2	7

[block]
# block no. 3 follows, 24 sequences, length 35
# corresponding to MSA columns:
# 118-152
name=unknown_D
#
# <colnr> <probs for GDERKNQSTAVLIFYWHMCP>
#	G	D	E	R	K	N	Q	S	T	A	V	L	I	F	Y	W	H	M	C	P
0	0.05021	0.02192	0.08603	0.01863	0.04532	0.02149	0.01587	0.42720	0.03035	0.10529	0.01932	0.01986	0.01376	0.00940	0.00853	0.00243	0.04090	0.00701	0.04387	0.01262
1	0.14820	0.07140	0.02008	0.01636	0.04923	0.08515	0.01257	0.20855	0.12027	0.03544	0.10634	0.02453	0.02224	0.00980	0.00727	0.00235	0.00763	0.00751	0.03429	0.01079
2	0.01871	0.01427	0.01750	0.01307	0.01943	0.01181	0.03006	0.05637	0.04477	0.08945	0.05456	0.04237	0.01792	0.00784	0.00671	0.00161	0.00621	0.00656	0.00579	0.53498
3	0.09139	0.11284	0.28140	0.02091	0.05559	0.01891	0.09984	0.02724	0.04870	0.12030	0.03788	0.02006	0.01441	0.00806	0.00738	0.00242	0.00968	0.00674	0.00494	0.01130
4	0.00966	0.00690	0.00920	0.01104	0.01150	0.00644	0.00736	0.01104	0.01518	0.02024	0.04371	0.71614	0.05245	0.02484	0.01012	0.00322	0.00460	0.02254	0.00736	0.00644
5	0.01992	0.01923	0.03057	0.14105	0.49701	0.04770	0.04378	0.05829	0.01900	0.02611	0.01495	0.01965	0.01220	0.00736	0.00789	0.00240	0.00989	0.00706	0.00410	0.01186
6	0.01133	0.00850	0.01274	0.01274	0.01416	0.00991	0.00991	0.01416	0.01274	0.01841	0.02124	0.03115	0.01982	0.05947	0.68989	0.01274	0.02124	0.00850	0.00425	0.00708
7	0.01563	0.01335	0.02081	0.02858	0.29467	0.01340	0.01688	0.02038	0.04772	0.02514	0.06109	0.11800	0.03270	0.01509	0.00934	0.00296	0.00771	0.24087	0.00598	0.00971
8	0.01478	0.00739	0.00739	0.00739	0.00924	0.00739	0.00554	0.01848	0.01663	0.02956	0.02587	0.02956	0.02033	0.00924	0.00554	0.00185	0.00370	0.00739	0.76534	0.00739
9	0.01735	0.01735	0.02429	0.02082	0.02082	0.02429	0.01735	0.01908	0.01214	0.01908	0.01041	0.01735	0.01041	0.01388	0.02602	0.00347	0.70680	0.00694	0.00347	0.00867
10	0.01972	0.01703	0.01793	0.01614	0.02062	0.01972	0.01255	0.04214	0.65752	0.03317	0.03228	0.02959	0.02421	0.01076	0.00807	0.00269	0.00628	0.00897	0.00807	0.01255
11	0.01873	0.00997	0.01350	0.01253	0.01562	0.00917	0.01024	0.02225	0.02129	0.21638	0.30050	0.05873	0.05031	0.01602	0.00942	0.00282	0.00565	0.18908	0.00863	0.00917
12	0.01963	0.01884	0.03219	0.04867	0.67185	0.01884	0.02434	0.02434	0.01806	0.02591	0.01492	0.01963	0.01256	0.00707	0.00785	0.00236	0.00942	0.00707	0.00393	0.01256
13	0.01938	0.01848	0.03095	0.08289	0.60234	0.01882	0.02357	0.02508	0.05281	0.02599	0.01582	0.02025	0.01309	0.00731	0.00787	0.00239	0.00931	0.00717	0.00413	0.01235
14	0.00966	0.00690	0.00920	0.01104	0.01150	0.00644	0.00736	0.01104	0.01518	0.02024	0.04371	0.71614	0.05245	0.02484	0.01012	0.00322	0.00460	0.02254	0.00736	0.00644
15	0.01503	0.01141	0.01437	0.01509	0.01769	0.01209	0.01283	0.04929	0.15733	0.02691	0.03889	0.07345	0.03961	0.01896	0.01020	0.00339	0.00714	0.46013	0.00750	0.00871
16	0.01208	0.00863	0.01197	0.01380	0.01532	0.00852	0.01156	0.01522	0.01756	0.02295	0.04237	0.23027	0.04717	0.02257	0.01077	0.00355	0.00669	0.48456	0.00732	0.00711
17	0.01877	0.02125	0.04597	0.03428	0.07698	0.01999	0.60817	0.02534	0.01868	0.02543	0.01598	0.02129	0.01206	0.00671	0.00927	0.00266	0.01315	0.00923	0.00401	0.01080
18	0.01498	0.01409	0.02378	0.70226	0.05462	0.01762	0.02202	0.02026	0.01586	0.02026	0.01409	0.02114	0.01057	0.00793	0.00793	0.00264	0.01057	0.00705	0.00352	0.00881
19	0.01437	0.01221	0.01290	0.01200	0.01542	0.01281	0.00921	0.02602	0.31437	0.02804	0.12486	0.05276	0.30303	0.01533	0.00877	0.00266	0.00503	0.01287	0.00785	0.00949
20	0.01153	0.00769	0.00865	0.00865	0.00865	0.00769	0.00480	0.01153	0.01153	0.01538	0.02499	0.05189	0.02883	0.72131	0.04036	0.00769	0.00769	0.01153	0.00480	0.00480
21	0.00966	0.00690	0.00920	0.01104	0.01150	0.00644	0.00736	0.01104	0.01518	0.02024	0.04371	0.71614	0.05245	0.02484	0.01012	0.00322	0.00460	0.02254	0.00736	0.00644
22	0.02678	0.02006	0.02154	0.01793	0.02330	0.02185	0.01416	0.31287	0.30026	0.07751	0.05079	0.02808	0.02243	0.01156	0.00885	0.00288	0.00797	0.00881	0.00868	0.01371
23	0.01590	0.04102	0.68023	0.02260	0.03432	0.01842	0.02930	0.02511	0.01674	0.02511	0.01423	0.01674	0.01005	0.00753	0.00753	0.00251	0.01172	0.00586	0.00335	0.01172
24	0.01866	0.01776	0.02977	0.18378	0.51244	0.01863	0.02330	0.02432	0.04743	0.02507	0.01555	0.02041	0.01269	0.00742	0.00788	0.00243	0.00951	0.00715	0.00403	0.01178
25	0.01894	0.01803	0.03066	0.10247	0.59196	0.01833	0.02365	0.02366	0.01788	0.02534	0.01599	0.02271	0.01379	0.00777	0.00799	0.00243	0.00943	0.03292	0.00403	0.01202
26	0.01620	0.10774	0.58345	0.02108	0.03182	0.01917	0.02665	0.02448	0.01696	0.02480	0.04617	0.01844	0.01326	0.00789	0.00738	0.00243	0.01100	0.00612	0.00362	0.01136
27	0.58090	0.11530	0.01604	0.01111	0.01600	0.04550	0.00938	0.02320	0.01466	0.03216	0.03352	0.01522	0.01161	0.00769	0.00520	0.00230	0.00659	0.00480	0.04006	0.00874
28	0.01681	0.14097	0.55746	0.02176	0.03259	0.02040	0.05484	0.02492	0.01674	0.02418	0.01384	0.01636	0.01015	0.00738	0.00726	0.00240	0.01132	0.00578	0.00338	0.01145
29	0.02255	0.01928	0.04851	0.01599	0.02141	0.08257	0.01319	0.08806	0.29454	0.11261	0.02576	0.02720	0.01975	0.00991	0.00772	0.00236	0.00757	0.03887	0.00709	0.13506
30	0.09147	0.04530	0.01983	0.04723	0.02188	0.01914	0.01292	0.35316	0.02802	0.07521	0.05440	0.06709	0.07571	0.01183	0.00801	0.00252	0.00754	0.04028	0.00731	0.01115
31	0.02731	0.02030	0.05282	0.01785	0.02401	0.02074	0.04022	0.33906	0.18853	0.14812	0.02405	0.02300	0.01698	0.00967	0.00801	0.00249	0.00811	0.00777	0.00791	0.01306
32	0.40969	0.01778	0.05112	0.04735	0.02154	0.04593	0.04131	0.06143	0.01798	0.19218	0.01707	0.01775	0.01198	0.00812	0.00642	0.00245	0.00762	0.00584	0.00606	0.01036
33	0.40780	0.08452	0.01704	0.07928	0.02039	0.01817	0.01096	0.09434	0.01777	0.06331	0.02213	0.02320	0.09465	0.00936	0.00629	0.00242	0.00686	0.00666	0.00553	0.00933
34	0.19459	0.05185	0.09454	0.01353	0.01854	0.01539	0.04382	0.09531	0.04462	0.02860	0.03469	0.03715	0.20096	0.08120	0.01070	0.00301	0.00715	0.00954	0.00579	0.00899

[dist]
# distance from previous block
# <min> <max>
3	18

[block]
# block no. 4 follows, 24 sequences, length 6
# corresponding to MSA columns:
# 171-176
name=unknown_E
#
# <colnr> <probs for GDERKNQSTAVLIFYWHMCP>
#	G	D	E	R	K	N	Q	S	T	A	V	L	I	F	Y	W	H	M	C	P
0	0.01912	0.01615	0.01703	0.01517	0.01787	0.08086	0.01222	0.12146	0.09054	0.02900	0.05143	0.03381	0.05489	0.01256	0.01174	0.00266	0.15916	0.07358	0.17144	0.00934
1	0.01580	0.01178	0.01330	0.01249	0.01463	0.03540	0.00940	0.09915	0.07160	0.02589	0.02571	0.12634	0.02447	0.11237	0.18623	0.00574	0.03508	0.01031	0.15611	0.00819
2	0.01509	0.01337	0.01787	0.01543	0.01850	0.06770	0.11686	0.01865	0.04239	0.04822	0.10890	0.21140	0.09200	0.10704	0.01318	0.00335	0.00746	0.03550	0.00635	0.04075
3	0.02187	0.07782	0.08334	0.02073	0.06796	0.02111	0.07161	0.24569	0.11767	0.03375	0.02146	0.09522	0.01830	0.01082	0.00923	0.00257	0.05419	0.00890	0.00621	0.01154
4	0.02343	0.13792	0.07058	0.01935	0.02510	0.19095	0.08459	0.15407	0.02219	0.02724	0.01640	0.01860	0.03443	0.00876	0.00889	0.00224	0.07197	0.00645	0.00483	0.07201
5	0.01815	0.10395	0.10607	0.07672	0.02869	0.01810	0.14965	0.07807	0.05869	0.02656	0.02109	0.02339	0.06542	0.00830	0.00750	0.00216	0.00901	0.00744	0.00485	0.18619

[dist]
# distance from previous block
# <min> <max>
1	69

# created by:
# /st0/software/busco_prod/Augustus/scripts/msa2prfl.pl ./align_prep/128240.fa
