[name]
unknown

[dist]
# distance from previous block
# <min> <max>
0	39

[block]
# block no. 0 follows, 24 sequences, length 17
# corresponding to MSA columns:
# 39-55
name=unknown_A
#
# <colnr> <probs for GDERKNQSTAVLIFYWHMCP>
#	G	D	E	R	K	N	Q	S	T	A	V	L	I	F	Y	W	H	M	C	P
0	0.07018	0.35723	0.25296	0.01695	0.02454	0.02429	0.01875	0.02344	0.01602	0.02232	0.01390	0.01893	0.01214	0.00843	0.00761	0.00225	0.05474	0.04128	0.00372	0.01032
1	0.01870	0.10810	0.26051	0.02673	0.03579	0.02046	0.33803	0.02563	0.01790	0.04987	0.01545	0.01904	0.01144	0.00711	0.00820	0.00250	0.01199	0.00753	0.00394	0.01109
2	0.01839	0.01043	0.01328	0.01174	0.01515	0.00952	0.00913	0.02286	0.06497	0.20191	0.28421	0.11547	0.09437	0.01489	0.00883	0.00255	0.00508	0.03445	0.00844	0.05433
3	0.01281	0.00840	0.01105	0.01034	0.01241	0.00770	0.00776	0.01634	0.02197	0.07577	0.58103	0.10176	0.06947	0.01636	0.00931	0.00254	0.00401	0.01446	0.00871	0.00783
4	0.29211	0.01107	0.01083	0.01037	0.01310	0.01204	0.00783	0.04646	0.01600	0.02922	0.08601	0.14041	0.02713	0.08324	0.06058	0.00374	0.00665	0.00989	0.12563	0.00769
5	0.01002	0.00738	0.00939	0.01033	0.01148	0.00675	0.00720	0.01210	0.01748	0.02340	0.21003	0.45339	0.14804	0.02192	0.00981	0.00295	0.00429	0.01958	0.00771	0.00675
6	0.27950	0.01410	0.01618	0.01290	0.01863	0.01367	0.01065	0.03360	0.01967	0.46630	0.02463	0.02235	0.01600	0.00901	0.00697	0.00245	0.00655	0.00676	0.00820	0.01188
7	0.14371	0.01376	0.01742	0.01357	0.01953	0.01255	0.01121	0.03641	0.02136	0.58379	0.02833	0.02493	0.01802	0.00946	0.00753	0.00245	0.00666	0.00744	0.00910	0.01278
8	0.01122	0.00811	0.01060	0.00998	0.01185	0.00748	0.00748	0.01496	0.02245	0.03180	0.66766	0.05923	0.07482	0.01621	0.00935	0.00249	0.00374	0.01434	0.00873	0.00748
9	0.02089	0.01761	0.01859	0.01637	0.02106	0.02027	0.01283	0.10945	0.58831	0.03505	0.03080	0.02841	0.02301	0.01062	0.00805	0.00266	0.00655	0.00876	0.00805	0.01266
10	0.01096	0.00806	0.01029	0.01011	0.01197	0.00740	0.00763	0.01427	0.02101	0.02899	0.50016	0.11787	0.14736	0.01779	0.00952	0.00265	0.00408	0.05425	0.00835	0.00728
11	0.01152	0.00746	0.01000	0.01144	0.01235	0.00693	0.00795	0.01314	0.01585	0.06316	0.04280	0.63551	0.04992	0.02370	0.01003	0.00320	0.00489	0.05566	0.00752	0.00695
12	0.65294	0.01503	0.01279	0.01105	0.01616	0.01676	0.00910	0.02588	0.01504	0.14320	0.01444	0.01525	0.01044	0.00777	0.00542	0.00245	0.00624	0.00491	0.00573	0.00941
13	0.01082	0.00795	0.01013	0.00988	0.01167	0.00726	0.00730	0.01406	0.02104	0.02917	0.52232	0.14243	0.14102	0.01773	0.00945	0.00261	0.00388	0.01563	0.00840	0.00726
14	0.00980	0.00696	0.00916	0.01086	0.01129	0.00653	0.00717	0.01108	0.01491	0.01988	0.04232	0.66691	0.05070	0.07646	0.01236	0.00355	0.00483	0.02173	0.00717	0.00632
15	0.01590	0.04102	0.68023	0.02260	0.03432	0.01842	0.02930	0.02511	0.01674	0.02511	0.01423	0.01674	0.01005	0.00753	0.00753	0.00251	0.01172	0.00586	0.00335	0.01172
16	0.01872	0.02139	0.04679	0.03342	0.04144	0.02005	0.64305	0.02540	0.01872	0.02540	0.01604	0.02139	0.01203	0.00668	0.00936	0.00267	0.01337	0.00936	0.00401	0.01070

[dist]
# distance from previous block
# <min> <max>
0	19

[block]
# block no. 1 follows, 24 sequences, length 125
# corresponding to MSA columns:
# 75-199
name=unknown_B
#
# <colnr> <probs for GDERKNQSTAVLIFYWHMCP>
#	G	D	E	R	K	N	Q	S	T	A	V	L	I	F	Y	W	H	M	C	P
0	0.03470	0.01330	0.01812	0.01396	0.01994	0.01150	0.01150	0.03779	0.02269	0.65412	0.05418	0.02815	0.02162	0.01004	0.00802	0.00246	0.00664	0.00820	0.00978	0.01328
1	0.01169	0.00903	0.01343	0.01323	0.01456	0.01077	0.01036	0.01445	0.01271	0.01845	0.02059	0.03033	0.01926	0.05675	0.65022	0.01219	0.06221	0.00840	0.00420	0.00718
2	0.01153	0.00769	0.00865	0.00865	0.00865	0.00769	0.00480	0.01153	0.01153	0.01538	0.02499	0.05189	0.02883	0.72131	0.04036	0.00769	0.00769	0.01153	0.00480	0.00480
3	0.02923	0.02133	0.02282	0.01760	0.02367	0.02356	0.01450	0.60794	0.03605	0.04876	0.01945	0.01967	0.01389	0.00950	0.00779	0.00235	0.00843	0.00715	0.05319	0.01312
4	0.01001	0.00715	0.00960	0.01144	0.01205	0.00674	0.00796	0.01164	0.01552	0.02063	0.04352	0.64650	0.05169	0.02452	0.01021	0.00327	0.00490	0.08877	0.00735	0.00654
5	0.01876	0.02128	0.04614	0.03410	0.06964	0.02000	0.61537	0.02535	0.01869	0.02542	0.01599	0.02131	0.01206	0.00670	0.00929	0.00266	0.01319	0.00926	0.00401	0.01078
6	0.01122	0.00811	0.01060	0.00998	0.01185	0.00748	0.00748	0.01496	0.02245	0.03180	0.66766	0.05923	0.07482	0.01621	0.00935	0.00249	0.00374	0.01434	0.00873	0.00748
7	0.00937	0.00803	0.00803	0.00803	0.01071	0.00669	0.00602	0.01138	0.01807	0.02142	0.08033	0.07632	0.66863	0.02008	0.00937	0.00268	0.00402	0.01674	0.00736	0.00669
8	0.01520	0.01182	0.01669	0.01496	0.01751	0.01345	0.04111	0.12652	0.01735	0.02435	0.02026	0.02810	0.01803	0.04667	0.51567	0.01014	0.04064	0.00825	0.00486	0.00844
9	0.03558	0.01350	0.01840	0.01411	0.02024	0.01166	0.01166	0.03865	0.02270	0.67734	0.03128	0.02699	0.01963	0.00981	0.00797	0.00245	0.00675	0.00797	0.00981	0.01350
10	0.01498	0.01409	0.02378	0.70226	0.05462	0.01762	0.02202	0.02026	0.01586	0.02026	0.01409	0.02114	0.01057	0.00793	0.00793	0.00264	0.01057	0.00705	0.00352	0.00881
11	0.01498	0.01409	0.02378	0.70226	0.05462	0.01762	0.02202	0.02026	0.01586	0.02026	0.01409	0.02114	0.01057	0.00793	0.00793	0.00264	0.01057	0.00705	0.00352	0.00881
12	0.01963	0.01884	0.03219	0.04867	0.67185	0.01884	0.02434	0.02434	0.01806	0.02591	0.01492	0.01963	0.01256	0.00707	0.00785	0.00236	0.00942	0.00707	0.00393	0.01256
13	0.01165	0.00869	0.01224	0.01208	0.01308	0.01000	0.00897	0.01372	0.01241	0.01768	0.02169	0.03572	0.02166	0.22294	0.49777	0.01106	0.04852	0.00919	0.00435	0.00658
14	0.02894	0.02114	0.02383	0.06858	0.04734	0.02334	0.01573	0.55407	0.03449	0.07409	0.01908	0.01955	0.01351	0.00934	0.00793	0.00240	0.00880	0.00717	0.00757	0.01312
15	0.01122	0.00811	0.01060	0.00998	0.01185	0.00748	0.00748	0.01496	0.02245	0.03180	0.66766	0.05923	0.07482	0.01621	0.00935	0.00249	0.00374	0.01434	0.00873	0.00748
16	0.02757	0.02074	0.02290	0.05833	0.02568	0.02246	0.01480	0.53174	0.03346	0.04526	0.01814	0.01885	0.01310	0.00898	0.00768	0.00225	0.00849	0.00684	0.00727	0.10548
17	0.01644	0.01409	0.01644	0.01175	0.01879	0.01057	0.00940	0.01997	0.01644	0.02584	0.01409	0.01644	0.01175	0.00587	0.00587	0.00117	0.00587	0.00470	0.00470	0.76979
18	0.01644	0.01409	0.01644	0.01175	0.01879	0.01057	0.00940	0.01997	0.01644	0.02584	0.01409	0.01644	0.01175	0.00587	0.00587	0.00117	0.00587	0.00470	0.00470	0.76979
19	0.02790	0.04248	0.01898	0.01437	0.01963	0.01628	0.01178	0.22993	0.06869	0.27835	0.06038	0.02618	0.02069	0.00993	0.00758	0.00233	0.00682	0.00789	0.11771	0.01210
20	0.01864	0.01609	0.01690	0.01529	0.01959	0.01836	0.01187	0.03892	0.59071	0.03194	0.03730	0.03447	0.09153	0.01173	0.00821	0.00269	0.00604	0.00978	0.00800	0.01194
21	0.05606	0.01924	0.02041	0.01651	0.02205	0.04427	0.01335	0.32034	0.19572	0.14616	0.04610	0.02408	0.01910	0.00999	0.00788	0.00247	0.00769	0.00782	0.00805	0.01270
22	0.77733	0.01534	0.01166	0.01043	0.01534	0.01779	0.00859	0.02331	0.01350	0.03558	0.01104	0.01288	0.00859	0.00736	0.00491	0.00245	0.00613	0.00429	0.00491	0.00859
23	0.01648	0.01424	0.01679	0.01215	0.01888	0.01118	0.00975	0.01993	0.01625	0.02554	0.01393	0.01648	0.01169	0.00623	0.00677	0.00128	0.03725	0.00480	0.00464	0.73572
24	0.01759	0.01406	0.01656	0.01189	0.01888	0.01064	0.00953	0.02108	0.01682	0.06477	0.01512	0.01707	0.01222	0.00611	0.00600	0.00125	0.00592	0.00489	0.00500	0.72460
25	0.04428	0.09485	0.53547	0.02256	0.03323	0.01964	0.09263	0.02496	0.01678	0.02499	0.01404	0.01676	0.01021	0.00737	0.00743	0.00246	0.01142	0.00604	0.00348	0.01137
26	0.01153	0.00769	0.00865	0.00865	0.00865	0.00769	0.00480	0.01153	0.01153	0.01538	0.02499	0.05189	0.02883	0.72131	0.04036	0.00769	0.00769	0.01153	0.00480	0.00480
27	0.01708	0.07726	0.58407	0.02240	0.03328	0.05734	0.05100	0.02542	0.01711	0.02445	0.01401	0.01656	0.01014	0.00750	0.00745	0.00245	0.01175	0.00586	0.00342	0.01145
28	0.01498	0.01409	0.02378	0.70226	0.05462	0.01762	0.02202	0.02026	0.01586	0.02026	0.01409	0.02114	0.01057	0.00793	0.00793	0.00264	0.01057	0.00705	0.00352	0.00881
29	0.01063	0.00808	0.00978	0.00936	0.01148	0.00723	0.00702	0.01382	0.02105	0.02849	0.48010	0.06469	0.26445	0.01745	0.00936	0.00255	0.00383	0.01511	0.00829	0.00723
30	0.01152	0.00773	0.00888	0.00888	0.00896	0.00781	0.00510	0.01168	0.01160	0.01555	0.02477	0.05071	0.02832	0.68368	0.07730	0.00798	0.00846	0.01136	0.00477	0.00493
31	0.01498	0.01409	0.02378	0.70226	0.05462	0.01762	0.02202	0.02026	0.01586	0.02026	0.01409	0.02114	0.01057	0.00793	0.00793	0.00264	0.01057	0.00705	0.00352	0.00881
32	0.03558	0.01350	0.01840	0.01411	0.02024	0.01166	0.01166	0.03865	0.02270	0.67734	0.03128	0.02699	0.01963	0.00981	0.00797	0.00245	0.00675	0.00797	0.00981	0.01350
33	0.01872	0.02139	0.04679	0.03342	0.04144	0.02005	0.64305	0.02540	0.01872	0.02540	0.01604	0.02139	0.01203	0.00668	0.00936	0.00267	0.01337	0.00936	0.00401	0.01070
34	0.03162	0.01262	0.01713	0.01344	0.01888	0.01098	0.01098	0.03479	0.02266	0.57234	0.13480	0.03224	0.02861	0.01086	0.00820	0.00246	0.00626	0.00901	0.00964	0.01252
35	0.02962	0.03779	0.02247	0.02043	0.02451	0.68948	0.01532	0.03166	0.02247	0.01941	0.01226	0.01430	0.01021	0.00817	0.00715	0.00204	0.01430	0.00511	0.00409	0.00919
36	0.01478	0.00739	0.00739	0.00739	0.00924	0.00739	0.00554	0.01848	0.01663	0.02956	0.02587	0.02956	0.02033	0.00924	0.00554	0.00185	0.00370	0.00739	0.76534	0.00739
37	0.03014	0.02221	0.02380	0.01825	0.02459	0.02459	0.01507	0.64541	0.03728	0.04998	0.01904	0.01904	0.01349	0.00952	0.00793	0.00238	0.00873	0.00714	0.00793	0.01349
38	0.01590	0.04102	0.68023	0.02260	0.03432	0.01842	0.02930	0.02511	0.01674	0.02511	0.01423	0.01674	0.01005	0.00753	0.00753	0.00251	0.01172	0.00586	0.00335	0.01172
39	0.01133	0.00850	0.01274	0.01274	0.01416	0.00991	0.00991	0.01416	0.01274	0.01841	0.02124	0.03115	0.01982	0.05947	0.68989	0.01274	0.02124	0.00850	0.00425	0.00708
40	0.01153	0.00769	0.00865	0.00865	0.00865	0.00769	0.00480	0.01153	0.01153	0.01538	0.02499	0.05189	0.02883	0.72131	0.04036	0.00769	0.00769	0.01153	0.00480	0.00480
41	0.01644	0.01409	0.01644	0.01175	0.01879	0.01057	0.00940	0.01997	0.01644	0.02584	0.01409	0.01644	0.01175	0.00587	0.00587	0.00117	0.00587	0.00470	0.00470	0.76979
42	0.00954	0.00771	0.00848	0.00898	0.01099	0.00666	0.00647	0.01144	0.01743	0.02153	0.09538	0.25957	0.46556	0.02128	0.00959	0.00283	0.00417	0.01830	0.00742	0.00666
43	0.01153	0.00769	0.00865	0.00865	0.00865	0.00769	0.00480	0.01153	0.01153	0.01538	0.02499	0.05189	0.02883	0.72131	0.04036	0.00769	0.00769	0.01153	0.00480	0.00480
44	0.01003	0.00800	0.00899	0.00886	0.01115	0.00696	0.00660	0.01262	0.01947	0.02500	0.28400	0.10070	0.43172	0.01895	0.00940	0.00264	0.00395	0.01617	0.00784	0.00696
45	0.02014	0.01332	0.01508	0.01328	0.01723	0.01389	0.01025	0.03169	0.31168	0.16956	0.09081	0.04066	0.12787	0.07485	0.01119	0.00306	0.00594	0.01062	0.00811	0.01075
46	0.01553	0.01123	0.01291	0.01166	0.01476	0.01117	0.00896	0.10121	0.10015	0.06743	0.26586	0.11243	0.20322	0.01605	0.00901	0.00261	0.00502	0.01372	0.00814	0.00894
47	0.00966	0.00690	0.00920	0.01104	0.01150	0.00644	0.00736	0.01104	0.01518	0.02024	0.04371	0.71614	0.05245	0.02484	0.01012	0.00322	0.00460	0.02254	0.00736	0.00644
48	0.01377	0.00689	0.01033	0.01033	0.01033	0.00689	0.00689	0.01033	0.01033	0.01377	0.01377	0.02410	0.01377	0.02755	0.03099	0.76928	0.00689	0.00689	0.00344	0.00344
49	0.01347	0.01052	0.01224	0.01189	0.01438	0.01069	0.00901	0.05498	0.14991	0.02832	0.22592	0.19677	0.15686	0.01761	0.00928	0.00279	0.00500	0.05394	0.00793	0.00848
50	0.03219	0.01892	0.02176	0.01669	0.02295	0.01971	0.01378	0.41656	0.03178	0.28659	0.02366	0.02204	0.01580	0.00963	0.00795	0.00241	0.00798	0.00745	0.00864	0.01349
51	0.77733	0.01534	0.01166	0.01043	0.01534	0.01779	0.00859	0.02331	0.01350	0.03558	0.01104	0.01288	0.00859	0.00736	0.00491	0.00245	0.00613	0.00429	0.00491	0.00859
52	0.01134	0.00782	0.00997	0.01032	0.01190	0.00711	0.00740	0.01381	0.01877	0.05301	0.29336	0.33597	0.14934	0.02012	0.00962	0.00282	0.00427	0.01786	0.00800	0.00719
53	0.01152	0.00772	0.00882	0.00882	0.00888	0.00778	0.00502	0.01164	0.01158	0.01550	0.02483	0.05103	0.02846	0.69390	0.06727	0.00790	0.00825	0.01141	0.00478	0.00490
54	0.01217	0.00821	0.00925	0.00911	0.00937	0.00829	0.00529	0.03574	0.01266	0.01688	0.02547	0.07591	0.02914	0.66761	0.03797	0.00731	0.00761	0.01178	0.00502	0.00520
55	0.03007	0.02431	0.02362	0.01854	0.02458	0.11427	0.01511	0.56263	0.03529	0.04585	0.01812	0.01840	0.01304	0.00934	0.00783	0.00233	0.00948	0.00687	0.00741	0.01291
56	0.01824	0.02235	0.09885	0.03025	0.03849	0.01894	0.52441	0.02482	0.01831	0.02542	0.01568	0.02048	0.01183	0.00667	0.00884	0.00251	0.01245	0.00857	0.00402	0.08886
57	0.45610	0.01431	0.01423	0.01184	0.01709	0.01496	0.00973	0.02891	0.01746	0.28478	0.04720	0.02036	0.01573	0.00870	0.00629	0.00246	0.00627	0.00616	0.00698	0.01045
58	0.01285	0.00790	0.01042	0.01108	0.01251	0.00721	0.00781	0.01483	0.01735	0.09697	0.14465	0.50139	0.08156	0.02151	0.00972	0.00299	0.00468	0.01929	0.00786	0.00742
59	0.03092	0.02001	0.02232	0.01721	0.02343	0.02144	0.01419	0.48136	0.06099	0.19169	0.02240	0.02130	0.01535	0.00964	0.00795	0.00241	0.00817	0.00741	0.00837	0.01345
60	0.02590	0.01788	0.01974	0.01567	0.02085	0.01926	0.01274	0.42042	0.05917	0.09568	0.12817	0.02754	0.02507	0.01068	0.00800	0.00238	0.00727	0.00849	0.06307	0.01201
61	0.04497	0.00829	0.01007	0.01009	0.01170	0.00783	0.00712	0.01488	0.01763	0.06359	0.24541	0.24653	0.09989	0.13215	0.01419	0.00353	0.00493	0.01542	0.03471	0.00709
62	0.01319	0.00729	0.00796	0.00843	0.00977	0.00717	0.00594	0.01597	0.01581	0.02593	0.03035	0.20710	0.02929	0.07577	0.00977	0.00271	0.00428	0.01163	0.50471	0.00692
63	0.77733	0.01534	0.01166	0.01043	0.01534	0.01779	0.00859	0.02331	0.01350	0.03558	0.01104	0.01288	0.00859	0.00736	0.00491	0.00245	0.00613	0.00429	0.00491	0.00859
64	0.01176	0.00752	0.00997	0.01106	0.01204	0.00697	0.00757	0.01341	0.01621	0.06865	0.09787	0.57764	0.05102	0.05416	0.01125	0.00330	0.00482	0.02026	0.00755	0.00697
65	0.01153	0.00742	0.00983	0.01116	0.01211	0.00683	0.00763	0.01305	0.01583	0.06787	0.04406	0.64440	0.07110	0.02359	0.00994	0.00315	0.00474	0.02129	0.00754	0.00696
66	0.01133	0.00850	0.01274	0.01274	0.01416	0.00991	0.00991	0.01416	0.01274	0.01841	0.02124	0.03115	0.01982	0.05947	0.68989	0.01274	0.02124	0.00850	0.00425	0.00708
67	0.00976	0.00704	0.00925	0.01083	0.01149	0.00653	0.00731	0.01134	0.01584	0.02113	0.09053	0.63992	0.08165	0.02401	0.01003	0.00314	0.00451	0.02169	0.00746	0.00653
68	0.01203	0.00918	0.01343	0.01330	0.01465	0.01087	0.01053	0.01487	0.01325	0.01927	0.02209	0.03425	0.02099	0.05132	0.56340	0.01095	0.07239	0.05251	0.03350	0.00723
69	0.63904	0.01499	0.01291	0.01111	0.01625	0.01665	0.00916	0.02617	0.01521	0.15523	0.01482	0.01551	0.01065	0.00782	0.00548	0.00245	0.00625	0.00498	0.00582	0.00950
70	0.01498	0.01409	0.02378	0.70226	0.05462	0.01762	0.02202	0.02026	0.01586	0.02026	0.01409	0.02114	0.01057	0.00793	0.00793	0.00264	0.01057	0.00705	0.00352	0.00881
71	0.01061	0.00764	0.01045	0.01127	0.01201	0.00797	0.00788	0.01231	0.01363	0.01871	0.03197	0.34231	0.03603	0.15823	0.27248	0.00759	0.01143	0.01533	0.00574	0.00640
72	0.01723	0.01608	0.02706	0.26226	0.09056	0.03594	0.18042	0.05867	0.01831	0.02512	0.01884	0.07576	0.01588	0.00913	0.00811	0.00253	0.00979	0.00885	0.10993	0.00953
73	0.01133	0.00850	0.01274	0.01274	0.01416	0.00991	0.00991	0.01416	0.01274	0.01841	0.02124	0.03115	0.01982	0.05947	0.68989	0.01274	0.02124	0.00850	0.00425	0.00708
74	0.01153	0.00769	0.00865	0.00865	0.00865	0.00769	0.00480	0.01153	0.01153	0.01538	0.02499	0.05189	0.02883	0.72131	0.04036	0.00769	0.00769	0.01153	0.00480	0.00480
75	0.01562	0.01378	0.02305	0.21434	0.05789	0.01589	0.10859	0.01816	0.01454	0.02003	0.01772	0.02439	0.04770	0.01405	0.01694	0.17649	0.14813	0.00787	0.03698	0.00783
76	0.77733	0.01534	0.01166	0.01043	0.01534	0.01779	0.00859	0.02331	0.01350	0.03558	0.01104	0.01288	0.00859	0.00736	0.00491	0.00245	0.00613	0.00429	0.00491	0.00859
77	0.01133	0.00850	0.01274	0.01274	0.01416	0.00991	0.00991	0.01416	0.01274	0.01841	0.02124	0.03115	0.01982	0.05947	0.68989	0.01274	0.02124	0.00850	0.00425	0.00708
78	0.06797	0.01809	0.02087	0.01607	0.02226	0.01863	0.01327	0.35137	0.02980	0.32280	0.02400	0.02221	0.01593	0.00955	0.00781	0.00242	0.00774	0.00737	0.00861	0.01326
79	0.02021	0.05682	0.23887	0.06876	0.18510	0.01845	0.10271	0.06105	0.01928	0.10043	0.04059	0.02096	0.01459	0.00799	0.00790	0.00245	0.01014	0.00722	0.00478	0.01169
80	0.02951	0.02174	0.02340	0.01811	0.02429	0.02403	0.01499	0.62252	0.03659	0.04902	0.01987	0.02160	0.01466	0.00997	0.00804	0.00243	0.00867	0.02939	0.00791	0.01326
81	0.03120	0.01484	0.01879	0.01424	0.02058	0.01327	0.01171	0.12062	0.02357	0.46577	0.02631	0.02388	0.01727	0.00903	0.00757	0.00220	0.00686	0.00724	0.00858	0.15646
82	0.01770	0.01908	0.03780	0.03013	0.08491	0.01955	0.41348	0.02277	0.01706	0.02374	0.01737	0.08369	0.01543	0.00978	0.01257	0.00285	0.14793	0.00990	0.00420	0.01006
83	0.67706	0.01614	0.01630	0.01347	0.01879	0.01809	0.09245	0.02359	0.01419	0.03423	0.01170	0.01401	0.00904	0.00727	0.00550	0.00248	0.00709	0.00496	0.00479	0.00887
84	0.01498	0.01409	0.02378	0.70226	0.05462	0.01762	0.02202	0.02026	0.01586	0.02026	0.01409	0.02114	0.01057	0.00793	0.00793	0.00264	0.01057	0.00705	0.00352	0.00881
85	0.00966	0.00690	0.00920	0.01104	0.01150	0.00644	0.00736	0.01104	0.01518	0.02024	0.04371	0.71614	0.05245	0.02484	0.01012	0.00322	0.00460	0.02254	0.00736	0.00644
86	0.06867	0.05622	0.07764	0.06563	0.05127	0.01399	0.01404	0.03132	0.02014	0.40933	0.04922	0.06611	0.02063	0.01018	0.00777	0.00247	0.00741	0.00837	0.00772	0.01187
87	0.01783	0.01405	0.01659	0.01192	0.01890	0.01065	0.00956	0.02132	0.01690	0.07302	0.01534	0.01721	0.01232	0.00616	0.00602	0.00127	0.00594	0.00494	0.00507	0.71502
88	0.00982	0.00709	0.00934	0.01108	0.01174	0.00661	0.00760	0.01137	0.01551	0.02051	0.04560	0.64579	0.08550	0.02442	0.01013	0.00322	0.00472	0.05611	0.00736	0.00650
89	0.01133	0.00850	0.01274	0.01274	0.01416	0.00991	0.00991	0.01416	0.01274	0.01841	0.02124	0.03115	0.01982	0.05947	0.68989	0.01274	0.02124	0.00850	0.00425	0.00708
90	0.01134	0.00765	0.00884	0.00896	0.00913	0.00756	0.00522	0.01174	0.01264	0.01700	0.07318	0.11113	0.03425	0.60870	0.03544	0.00692	0.00713	0.01271	0.00532	0.00514
91	0.02825	0.02060	0.02201	0.01714	0.02298	0.02277	0.01407	0.55994	0.06312	0.04732	0.02027	0.02049	0.01460	0.00955	0.00772	0.00234	0.00815	0.00724	0.07857	0.01288
92	0.07563	0.01391	0.01823	0.01406	0.02014	0.01246	0.01161	0.06001	0.02273	0.61957	0.02974	0.02593	0.01881	0.00967	0.00781	0.00245	0.00679	0.00774	0.00948	0.01323
93	0.07376	0.01819	0.03095	0.03939	0.44612	0.01827	0.12301	0.02461	0.05236	0.02658	0.01748	0.06159	0.01520	0.00829	0.00803	0.00248	0.00937	0.00827	0.00444	0.01160
94	0.01110	0.00810	0.01018	0.01019	0.01185	0.00755	0.00761	0.01397	0.01946	0.02650	0.38397	0.10391	0.14894	0.10734	0.01354	0.00337	0.00479	0.09291	0.00777	0.00694
95	0.01196	0.01057	0.01873	0.01671	0.01909	0.00989	0.16844	0.01468	0.01608	0.02155	0.03670	0.54009	0.04221	0.02024	0.00993	0.00308	0.00682	0.01920	0.00651	0.00752
96	0.01377	0.00689	0.01033	0.01033	0.01033	0.00689	0.00689	0.01033	0.01033	0.01377	0.01377	0.02410	0.01377	0.02755	0.03099	0.76928	0.00689	0.00689	0.00344	0.00344
97	0.04685	0.00914	0.01106	0.01054	0.01291	0.00872	0.00803	0.01727	0.05684	0.06001	0.41607	0.10525	0.14839	0.01662	0.00914	0.00263	0.00439	0.04002	0.00822	0.00791
98	0.00966	0.00690	0.00920	0.01104	0.01150	0.00644	0.00736	0.01104	0.01518	0.02024	0.04371	0.71614	0.05245	0.02484	0.01012	0.00322	0.00460	0.02254	0.00736	0.00644
99	0.00948	0.00791	0.00827	0.00844	0.01084	0.00670	0.00623	0.01150	0.01795	0.02174	0.10149	0.14418	0.57722	0.02043	0.00945	0.00273	0.00407	0.01726	0.00742	0.00670
100	0.61484	0.01493	0.01313	0.01123	0.01641	0.01645	0.00926	0.02667	0.01551	0.17616	0.01548	0.01597	0.01101	0.00790	0.00558	0.00245	0.00627	0.00510	0.00598	0.00966
101	0.01162	0.00803	0.00945	0.00984	0.01050	0.00800	0.00628	0.01387	0.05236	0.01997	0.08070	0.24802	0.03867	0.37612	0.02504	0.00532	0.00615	0.01465	0.04931	0.00611
102	0.12089	0.02062	0.02186	0.01694	0.02309	0.02263	0.01399	0.51696	0.03313	0.10334	0.01915	0.01899	0.01343	0.00928	0.00757	0.00240	0.00824	0.00687	0.00773	0.01289
103	0.21083	0.01481	0.01582	0.01293	0.01793	0.01547	0.01053	0.15939	0.05252	0.23695	0.02280	0.02247	0.01598	0.00909	0.00677	0.00234	0.00642	0.00684	0.14899	0.01111
104	0.01122	0.00760	0.00999	0.01072	0.01195	0.00700	0.00753	0.01345	0.01793	0.05121	0.24442	0.45374	0.08080	0.02128	0.00976	0.00294	0.00439	0.01910	0.00790	0.00708
105	0.77733	0.01534	0.01166	0.01043	0.01534	0.01779	0.00859	0.02331	0.01350	0.03558	0.01104	0.01288	0.00859	0.00736	0.00491	0.00245	0.00613	0.00429	0.00491	0.00859
106	0.01065	0.00808	0.00981	0.00938	0.01150	0.00724	0.00703	0.01386	0.02109	0.02859	0.48591	0.06452	0.25858	0.01741	0.00936	0.00255	0.00383	0.01508	0.00831	0.00724
107	0.01019	0.00732	0.00923	0.01022	0.01101	0.00683	0.00684	0.01176	0.01595	0.02133	0.14090	0.44798	0.10405	0.14021	0.01502	0.00381	0.00494	0.01892	0.00714	0.00635
108	0.07598	0.01318	0.01337	0.01283	0.01518	0.09887	0.04448	0.04015	0.01747	0.02475	0.03273	0.32398	0.06637	0.01613	0.00819	0.00263	0.00643	0.01399	0.16562	0.00769
109	0.02141	0.01560	0.01728	0.01489	0.01910	0.01724	0.01181	0.19614	0.26635	0.07360	0.05439	0.03099	0.02345	0.04057	0.06397	0.00353	0.00790	0.03085	0.07972	0.01124
110	0.01241	0.00862	0.01062	0.01105	0.01201	0.00862	0.00794	0.03729	0.01564	0.02084	0.08212	0.12219	0.03886	0.37396	0.02547	0.00551	0.00702	0.18746	0.00618	0.00621
111	0.01886	0.01290	0.01332	0.01194	0.01488	0.04435	0.00907	0.14668	0.07682	0.05788	0.02841	0.09716	0.05710	0.05333	0.01091	0.05815	0.00614	0.00958	0.26365	0.00886
112	0.01597	0.01585	0.02905	0.53169	0.07816	0.01819	0.15458	0.02153	0.01656	0.02160	0.01455	0.02113	0.01097	0.00763	0.00823	0.00264	0.01112	0.00754	0.00364	0.00937
113	0.01156	0.00780	0.01006	0.01041	0.01178	0.00719	0.00734	0.01389	0.01830	0.05393	0.29121	0.34026	0.09317	0.07110	0.01188	0.00319	0.00455	0.01751	0.00783	0.00706
114	0.01308	0.00886	0.01315	0.01284	0.01460	0.01004	0.01004	0.01593	0.01346	0.06613	0.02197	0.03085	0.01981	0.05588	0.64051	0.01200	0.02019	0.00846	0.00465	0.00754
115	0.06549	0.00766	0.00948	0.01078	0.01168	0.00742	0.00734	0.01232	0.01556	0.02220	0.09865	0.57242	0.05024	0.05582	0.01111	0.00331	0.00478	0.01993	0.00719	0.00662
116	0.31430	0.14479	0.06977	0.06752	0.08300	0.15724	0.01474	0.02509	0.01660	0.02660	0.01209	0.01464	0.00981	0.00745	0.00608	0.00225	0.00923	0.00502	0.00418	0.00959
117	0.01052	0.00752	0.00992	0.01074	0.01180	0.00704	0.00762	0.01288	0.01802	0.02472	0.28406	0.40067	0.05979	0.04851	0.01105	0.00314	0.00454	0.05283	0.00779	0.00683
118	0.02102	0.67505	0.04193	0.01501	0.02188	0.03056	0.05915	0.02386	0.01630	0.01915	0.01139	0.01335	0.01031	0.00678	0.00540	0.00177	0.00883	0.00461	0.00344	0.01021
119	0.01030	0.00746	0.00948	0.01049	0.01140	0.00688	0.00704	0.01184	0.01558	0.02095	0.09977	0.50539	0.08324	0.11529	0.01385	0.00364	0.00495	0.01931	0.00705	0.03612
120	0.01094	0.00825	0.01094	0.01280	0.03650	0.00779	0.00851	0.01356	0.04345	0.02144	0.04049	0.60018	0.04731	0.02245	0.00975	0.00307	0.00502	0.04205	0.00712	0.04838
121	0.05259	0.02106	0.07106	0.05306	0.03142	0.06797	0.29100	0.04751	0.04267	0.02486	0.01750	0.08015	0.01532	0.01006	0.01177	0.00279	0.13567	0.00913	0.00450	0.00992
122	0.04306	0.01963	0.16716	0.01665	0.02172	0.01549	0.03552	0.12437	0.04712	0.04766	0.04541	0.11613	0.05916	0.02028	0.11673	0.00431	0.05199	0.03203	0.00578	0.00981
123	0.01266	0.00840	0.01047	0.01095	0.01240	0.00801	0.00770	0.01555	0.05287	0.06947	0.10696	0.37219	0.10725	0.12426	0.01419	0.00368	0.00528	0.04312	0.00734	0.00723
124	0.21729	0.01605	0.01608	0.01467	0.04457	0.04817	0.01104	0.18749	0.04907	0.08153	0.02112	0.08628	0.01765	0.01088	0.00773	0.02750	0.00691	0.00794	0.11797	0.01005

[dist]
# distance from previous block
# <min> <max>
0	20

# created by:
# /st0/software/busco_prod/Augustus/scripts/msa2prfl.pl ./align_prep/128226.fa
