[name]
unknown

[dist]
# distance from previous block
# <min> <max>
0	25

[block]
# block no. 0 follows, 25 sequences, length 8
# corresponding to MSA columns:
# 27-34
name=unknown_A
#
# <colnr> <probs for GDERKNQSTAVLIFYWHMCP>
#	G	D	E	R	K	N	Q	S	T	A	V	L	I	F	Y	W	H	M	C	P
0	0.01433	0.00911	0.01243	0.01343	0.01535	0.00895	0.01132	0.01736	0.01733	0.08154	0.03781	0.07689	0.04006	0.11796	0.01442	0.00401	0.00714	0.48618	0.00702	0.00735
1	0.09638	0.01288	0.01662	0.01341	0.01857	0.01215	0.01095	0.03336	0.05768	0.49704	0.02755	0.02589	0.01853	0.01615	0.10278	0.00380	0.00848	0.00761	0.00832	0.01185
2	0.02927	0.01844	0.11115	0.01556	0.02206	0.01484	0.01424	0.17121	0.02454	0.40583	0.07108	0.02550	0.02037	0.00967	0.00782	0.00239	0.00749	0.00777	0.00824	0.01254
3	0.02426	0.01505	0.01787	0.01428	0.01967	0.01444	0.01163	0.22310	0.02415	0.20430	0.02481	0.09091	0.02067	0.01099	0.00774	0.00225	0.00686	0.06375	0.00737	0.19591
4	0.21674	0.01079	0.01212	0.01214	0.01510	0.01119	0.01001	0.01971	0.03700	0.08523	0.10446	0.11041	0.06203	0.01585	0.00850	0.00293	0.00602	0.24477	0.00693	0.00808
5	0.05866	0.01142	0.01532	0.19298	0.02452	0.01183	0.01186	0.04320	0.01916	0.15420	0.17687	0.03462	0.07482	0.01095	0.00768	0.00236	0.00634	0.00922	0.10076	0.03321
6	0.01412	0.01333	0.01254	0.04304	0.01564	0.12705	0.00918	0.01749	0.05937	0.02248	0.16682	0.26545	0.10539	0.07863	0.01151	0.00307	0.00653	0.01443	0.00658	0.00734
7	0.07104	0.01332	0.01804	0.27868	0.04982	0.01516	0.01461	0.02534	0.16348	0.08316	0.08972	0.05261	0.02296	0.03466	0.00881	0.00271	0.00751	0.00865	0.03019	0.00954

[dist]
# distance from previous block
# <min> <max>
0	1

[block]
# block no. 1 follows, 25 sequences, length 15
# corresponding to MSA columns:
# 36-50
name=unknown_B
#
# <colnr> <probs for GDERKNQSTAVLIFYWHMCP>
#	G	D	E	R	K	N	Q	S	T	A	V	L	I	F	Y	W	H	M	C	P
0	0.09274	0.04431	0.15491	0.01990	0.02644	0.13544	0.12600	0.12561	0.10187	0.02948	0.01712	0.01894	0.01290	0.00809	0.00732	0.00234	0.01000	0.00667	0.04924	0.01066
1	0.01243	0.00782	0.00994	0.01022	0.01157	0.00722	0.00707	0.01423	0.01662	0.08357	0.17381	0.34921	0.09827	0.14384	0.01466	0.00365	0.00500	0.01670	0.00727	0.00690
2	0.10992	0.01127	0.01498	0.23118	0.02545	0.01269	0.01199	0.01873	0.01490	0.08362	0.02303	0.10103	0.04077	0.15526	0.01461	0.00356	0.03804	0.00942	0.07174	0.00780
3	0.02141	0.01424	0.01648	0.01417	0.01810	0.01479	0.01104	0.25195	0.08110	0.12477	0.07230	0.24505	0.03087	0.01451	0.00848	0.00260	0.00638	0.01240	0.00781	0.03154
4	0.01057	0.00697	0.00897	0.01004	0.01057	0.00666	0.00665	0.01159	0.01442	0.01988	0.07641	0.46037	0.04328	0.12987	0.01592	0.07578	0.00505	0.01735	0.06372	0.00592
5	0.09578	0.01466	0.01732	0.01394	0.01871	0.01492	0.02889	0.20111	0.04232	0.25787	0.02468	0.06100	0.01887	0.06371	0.00978	0.00275	0.00690	0.00825	0.08752	0.01103
6	0.01600	0.01517	0.02571	0.51169	0.23998	0.01758	0.02221	0.02100	0.01615	0.02146	0.01402	0.02023	0.01092	0.00750	0.00773	0.00250	0.01000	0.00690	0.00356	0.00971
7	0.01504	0.01029	0.01247	0.08340	0.01771	0.01000	0.00935	0.02002	0.09722	0.12430	0.10071	0.10331	0.33450	0.01581	0.00871	0.00261	0.00530	0.01339	0.00736	0.00852
8	0.01246	0.00940	0.01161	0.05141	0.01477	0.00975	0.00844	0.03810	0.10353	0.02370	0.16180	0.28295	0.04321	0.17453	0.01581	0.00384	0.00569	0.01488	0.00681	0.00732
9	0.05458	0.01668	0.02366	0.17510	0.03012	0.03822	0.11534	0.11653	0.09958	0.02814	0.08357	0.05460	0.02055	0.01036	0.01025	0.00264	0.09617	0.00867	0.00545	0.00979
10	0.30974	0.13677	0.07360	0.11908	0.02309	0.01845	0.01304	0.05343	0.01540	0.02684	0.01497	0.05823	0.01336	0.04499	0.04764	0.00317	0.00846	0.00647	0.00447	0.00881
11	0.01424	0.01039	0.01230	0.01122	0.01382	0.01024	0.00842	0.01858	0.09159	0.07336	0.11180	0.10644	0.18184	0.13748	0.01494	0.00340	0.05224	0.03306	0.00666	0.08797
12	0.02653	0.02080	0.06217	0.01848	0.02466	0.02083	0.07721	0.43486	0.05120	0.10175	0.01999	0.02190	0.01475	0.05649	0.00998	0.00272	0.00882	0.00754	0.00709	0.01223
13	0.04316	0.01808	0.02995	0.06733	0.02971	0.01998	0.25300	0.11819	0.06168	0.02710	0.01735	0.06172	0.01472	0.01114	0.02768	0.00299	0.17267	0.00869	0.00484	0.01003
14	0.01894	0.01906	0.16137	0.02031	0.12132	0.01430	0.01612	0.12468	0.02063	0.11381	0.07409	0.20812	0.02767	0.01301	0.00834	0.00259	0.00758	0.01131	0.00635	0.01042

[dist]
# distance from previous block
# <min> <max>
10	32

[block]
# block no. 2 follows, 25 sequences, length 12
# corresponding to MSA columns:
# 84-95
name=unknown_C
#
# <colnr> <probs for GDERKNQSTAVLIFYWHMCP>
#	G	D	E	R	K	N	Q	S	T	A	V	L	I	F	Y	W	H	M	C	P
0	0.02260	0.01595	0.01945	0.08848	0.02369	0.03617	0.03876	0.20750	0.06092	0.13872	0.12547	0.02703	0.02397	0.00973	0.00770	0.00225	0.00733	0.00810	0.03667	0.09949
1	0.02558	0.01488	0.01830	0.06878	0.02243	0.01501	0.01237	0.10503	0.18794	0.29507	0.06193	0.02648	0.02121	0.00964	0.00770	0.00235	0.00675	0.00793	0.00794	0.08269
2	0.02016	0.01414	0.01627	0.03971	0.01799	0.01556	0.01076	0.24721	0.04646	0.06793	0.02303	0.08400	0.02117	0.20151	0.01741	0.00382	0.05803	0.00942	0.07609	0.00930
3	0.01066	0.00735	0.00895	0.00940	0.00985	0.00711	0.00592	0.01170	0.01419	0.01923	0.14053	0.25978	0.04297	0.38914	0.02517	0.00530	0.00593	0.01507	0.00612	0.00564
4	0.01811	0.01740	0.02371	0.02013	0.02069	0.02378	0.01676	0.07667	0.01412	0.02142	0.01095	0.01711	0.01045	0.01318	0.02383	0.00330	0.64889	0.00680	0.00379	0.00891
5	0.01898	0.01557	0.01741	0.01695	0.06453	0.01732	0.01229	0.03635	0.51011	0.06698	0.03574	0.03337	0.09766	0.01127	0.00802	0.00259	0.00612	0.00946	0.00763	0.01167
6	0.28114	0.01590	0.03988	0.01322	0.01896	0.01541	0.01118	0.08570	0.08007	0.26432	0.02083	0.02000	0.01441	0.00842	0.00659	0.00230	0.00662	0.00624	0.00698	0.08185
7	0.02385	0.01810	0.02036	0.12845	0.05318	0.07961	0.01453	0.16233	0.18133	0.14758	0.05096	0.02409	0.01861	0.00936	0.00772	0.00239	0.00812	0.00760	0.00686	0.03498
8	0.01294	0.00856	0.01117	0.01053	0.01263	0.00787	0.00783	0.01571	0.01877	0.07155	0.36772	0.14444	0.05295	0.07348	0.04639	0.02208	0.00551	0.03710	0.00743	0.06535
9	0.01471	0.01062	0.01275	0.04962	0.01536	0.01136	0.00883	0.12218	0.04609	0.02471	0.06764	0.15251	0.02980	0.25732	0.09448	0.00532	0.00826	0.01163	0.04930	0.00750
10	0.07642	0.01818	0.02098	0.04252	0.02293	0.02005	0.04800	0.37036	0.08635	0.03930	0.01971	0.03849	0.01510	0.00946	0.00806	0.00235	0.03430	0.00739	0.08140	0.03866
11	0.02639	0.01804	0.02049	0.05081	0.02345	0.01930	0.01350	0.32581	0.17003	0.15650	0.02301	0.02220	0.01631	0.00927	0.00764	0.00233	0.00753	0.00733	0.00765	0.07242

[dist]
# distance from previous block
# <min> <max>
2	9

[block]
# block no. 3 follows, 25 sequences, length 137
# corresponding to MSA columns:
# 105-241
name=unknown_D
#
# <colnr> <probs for GDERKNQSTAVLIFYWHMCP>
#	G	D	E	R	K	N	Q	S	T	A	V	L	I	F	Y	W	H	M	C	P
0	0.02566	0.01800	0.05266	0.01879	0.05179	0.01699	0.08568	0.19955	0.10064	0.22543	0.02356	0.05085	0.01727	0.00937	0.00786	0.00237	0.00798	0.00805	0.00725	0.07028
1	0.00938	0.00786	0.00816	0.00808	0.01061	0.00664	0.00606	0.01155	0.01819	0.02217	0.15030	0.07261	0.60348	0.01918	0.00916	0.00260	0.00389	0.01608	0.00736	0.00664
2	0.01861	0.01634	0.01859	0.05057	0.02227	0.01869	0.03875	0.03827	0.58061	0.03104	0.03189	0.03000	0.04837	0.01058	0.00799	0.00263	0.00654	0.00899	0.00748	0.01179
3	0.01116	0.00962	0.04692	0.01046	0.01276	0.00785	0.00846	0.01502	0.02136	0.03029	0.61423	0.08201	0.06887	0.01573	0.00908	0.00247	0.00411	0.01389	0.00820	0.00750
4	0.01898	0.01618	0.01702	0.01522	0.01955	0.01846	0.01187	0.07175	0.57627	0.03235	0.03484	0.03224	0.07838	0.01123	0.00799	0.00261	0.00608	0.00931	0.00782	0.01184
5	0.01779	0.25832	0.45338	0.01922	0.02882	0.05250	0.02318	0.02442	0.01643	0.02231	0.01284	0.01502	0.00987	0.00716	0.00660	0.00218	0.01057	0.00520	0.00332	0.01087
6	0.01555	0.04011	0.68733	0.02210	0.03356	0.01801	0.02865	0.02455	0.01637	0.02455	0.01391	0.01637	0.00982	0.00737	0.00737	0.00246	0.01146	0.00573	0.00327	0.01146
7	0.01695	0.01375	0.01617	0.01159	0.01844	0.01039	0.00929	0.02037	0.01636	0.05588	0.01456	0.01656	0.01184	0.00592	0.00584	0.00121	0.00578	0.00474	0.00483	0.73953
8	0.02073	0.73217	0.04063	0.01327	0.01990	0.03068	0.01327	0.02322	0.01575	0.01824	0.01078	0.01244	0.00995	0.00663	0.00498	0.00166	0.00829	0.00415	0.00332	0.00995
9	0.01844	0.01377	0.01525	0.01371	0.01759	0.01493	0.01063	0.03286	0.41269	0.10336	0.12152	0.06511	0.10145	0.01265	0.00826	0.00260	0.00556	0.01070	0.00806	0.01087
10	0.00945	0.00675	0.00900	0.01080	0.01125	0.00630	0.00720	0.01080	0.01484	0.01979	0.04274	0.72245	0.05128	0.02429	0.00990	0.00315	0.00450	0.02204	0.00720	0.00630
11	0.01104	0.00775	0.00972	0.00979	0.01037	0.00811	0.00643	0.01206	0.01208	0.01643	0.02645	0.07282	0.05546	0.45519	0.24487	0.00868	0.01143	0.01100	0.00474	0.00555
12	0.05378	0.02064	0.04416	0.03164	0.03934	0.01951	0.62114	0.02474	0.01806	0.02530	0.01546	0.02053	0.01161	0.00657	0.00895	0.00260	0.01274	0.00892	0.00396	0.01036
13	0.01876	0.01762	0.02936	0.18336	0.51674	0.01845	0.02288	0.05422	0.01814	0.02535	0.01462	0.01947	0.01192	0.00720	0.00770	0.00236	0.00941	0.00691	0.00395	0.01157
14	0.01077	0.00776	0.01022	0.01012	0.01171	0.00721	0.00751	0.01403	0.02056	0.02883	0.54079	0.17323	0.06825	0.01753	0.00934	0.00261	0.00394	0.04022	0.00825	0.00713
15	0.02202	0.01966	0.10695	0.01600	0.02153	0.01787	0.01428	0.30648	0.10686	0.07036	0.15721	0.05560	0.02825	0.01116	0.00809	0.00244	0.00736	0.00912	0.00741	0.01136
16	0.01062	0.00782	0.00994	0.00961	0.01142	0.00714	0.00713	0.01388	0.02082	0.02889	0.54829	0.11623	0.14531	0.01703	0.00921	0.00252	0.00376	0.01499	0.00826	0.00714
17	0.01003	0.00764	0.01107	0.01199	0.01298	0.00713	0.04216	0.01177	0.01526	0.02024	0.04268	0.63358	0.07459	0.02303	0.00986	0.00311	0.00504	0.04424	0.00702	0.00657
18	0.01097	0.00793	0.01036	0.00975	0.01158	0.00732	0.00732	0.01463	0.02195	0.03109	0.67505	0.05792	0.07316	0.01585	0.00914	0.00244	0.00366	0.01402	0.00854	0.00732
19	0.01919	0.01842	0.03147	0.04759	0.67914	0.01842	0.02380	0.02380	0.01765	0.02533	0.01458	0.01919	0.01228	0.00691	0.00768	0.00230	0.00921	0.00691	0.00384	0.01228
20	0.67608	0.01541	0.01275	0.01103	0.01601	0.01754	0.00909	0.07353	0.01560	0.07652	0.01265	0.01393	0.00945	0.00751	0.00522	0.00239	0.00624	0.00464	0.00533	0.00908
21	0.01696	0.01696	0.02375	0.02036	0.02036	0.02375	0.01696	0.01866	0.01187	0.01866	0.01018	0.01696	0.01018	0.01357	0.02545	0.00339	0.71332	0.00679	0.00339	0.00848
22	0.02073	0.73217	0.04063	0.01327	0.01990	0.03068	0.01327	0.02322	0.01575	0.01824	0.01078	0.01244	0.00995	0.00663	0.00498	0.00166	0.00829	0.00415	0.00332	0.00995
23	0.01665	0.01597	0.02753	0.41153	0.30811	0.01781	0.04816	0.02164	0.01650	0.02227	0.01419	0.02008	0.01119	0.00736	0.00778	0.00247	0.00999	0.00699	0.00362	0.01018
24	0.03394	0.01370	0.01820	0.01405	0.01999	0.01225	0.01157	0.06434	0.04853	0.63114	0.03011	0.02616	0.01911	0.00962	0.00780	0.00241	0.00666	0.00780	0.00945	0.01316
25	0.01097	0.00793	0.01036	0.00975	0.01158	0.00732	0.00732	0.01463	0.02195	0.03109	0.67505	0.05792	0.07316	0.01585	0.00914	0.00244	0.00366	0.01402	0.00854	0.00732
26	0.00945	0.00675	0.00900	0.01080	0.01125	0.00630	0.00720	0.01080	0.01484	0.01979	0.04274	0.72245	0.05128	0.02429	0.00990	0.00315	0.00450	0.02204	0.00720	0.00630
27	0.02108	0.70234	0.03983	0.01355	0.02008	0.05925	0.01334	0.02355	0.01602	0.01827	0.01083	0.01250	0.00995	0.00669	0.00506	0.00167	0.00854	0.00418	0.00335	0.00991
28	0.02947	0.02172	0.02327	0.01784	0.02404	0.02404	0.01474	0.65329	0.03646	0.04887	0.01862	0.01862	0.01319	0.00931	0.00776	0.00233	0.00853	0.00698	0.00776	0.01319
29	0.01109	0.00827	0.01229	0.01229	0.01361	0.00960	0.00948	0.01374	0.01241	0.01787	0.02093	0.03133	0.01976	0.08688	0.66857	0.01225	0.02020	0.00843	0.00418	0.00683
30	0.01555	0.04011	0.68733	0.02210	0.03356	0.01801	0.02865	0.02455	0.01637	0.02455	0.01391	0.01637	0.00982	0.00737	0.00737	0.00246	0.01146	0.00573	0.00327	0.01146
31	0.01111	0.00756	0.00876	0.00883	0.00904	0.00759	0.00522	0.01144	0.01174	0.01566	0.02683	0.07771	0.05150	0.62352	0.08619	0.00753	0.00825	0.01168	0.00485	0.00500
32	0.01128	0.00752	0.00846	0.00846	0.00846	0.00752	0.00470	0.01128	0.01128	0.01503	0.02443	0.05074	0.02819	0.72751	0.03946	0.00752	0.00752	0.01128	0.00470	0.00470
33	0.03096	0.01327	0.01737	0.01376	0.01923	0.01214	0.01121	0.03653	0.10779	0.54931	0.07842	0.02906	0.02378	0.01018	0.00791	0.00243	0.00632	0.00839	0.00929	0.01264
34	0.01971	0.01672	0.01762	0.01563	0.02009	0.01917	0.01222	0.08983	0.58829	0.03332	0.03237	0.02990	0.04867	0.01078	0.00793	0.00260	0.00624	0.00892	0.00785	0.01212
35	0.01216	0.00902	0.01178	0.01305	0.01468	0.00914	0.01042	0.01707	0.09091	0.02346	0.06999	0.29607	0.04583	0.02090	0.01004	0.00327	0.00596	0.32151	0.00731	0.00745
36	0.03346	0.01349	0.01795	0.01396	0.01982	0.01207	0.01147	0.03808	0.07712	0.62880	0.03067	0.02661	0.01958	0.00968	0.00781	0.00242	0.00656	0.00788	0.00945	0.01312
37	0.03479	0.01320	0.01799	0.01380	0.01979	0.01140	0.01140	0.03779	0.02219	0.68451	0.03059	0.02639	0.01919	0.00960	0.00780	0.00240	0.00660	0.00780	0.00960	0.01320
38	0.02028	0.02139	0.03230	0.06712	0.44507	0.11748	0.13408	0.02487	0.01831	0.02410	0.01437	0.01880	0.01178	0.00703	0.00784	0.00232	0.01064	0.00703	0.00386	0.01133
39	0.04922	0.03797	0.62788	0.02150	0.03215	0.01824	0.02723	0.02421	0.01603	0.02474	0.01361	0.01623	0.00978	0.00764	0.00807	0.00250	0.04277	0.00571	0.00335	0.01119
40	0.00945	0.00675	0.00900	0.01080	0.01125	0.00630	0.00720	0.01080	0.01484	0.01979	0.04274	0.72245	0.05128	0.02429	0.00990	0.00315	0.00450	0.02204	0.00720	0.00630
41	0.75131	0.01527	0.01188	0.01051	0.01537	0.01767	0.00866	0.04873	0.01415	0.03537	0.01112	0.01284	0.00859	0.00728	0.00492	0.00240	0.00610	0.00431	0.00492	0.00859
42	0.00940	0.00752	0.00841	0.00892	0.01080	0.00653	0.00641	0.01131	0.01714	0.02140	0.11533	0.27472	0.43331	0.02078	0.00939	0.00277	0.00408	0.01794	0.00731	0.00653
43	0.05375	0.02130	0.01941	0.04707	0.02282	0.15620	0.01346	0.14031	0.35554	0.05192	0.02380	0.02309	0.01782	0.00952	0.00755	0.00243	0.00831	0.00741	0.00682	0.01148
44	0.00994	0.00798	0.01011	0.01039	0.01226	0.00712	0.02982	0.01206	0.01697	0.02156	0.10568	0.31550	0.33271	0.02074	0.00953	0.00286	0.00465	0.05624	0.00718	0.00669
45	0.37634	0.05153	0.05363	0.01415	0.01967	0.09543	0.01214	0.15316	0.04633	0.08949	0.01519	0.01599	0.01122	0.00804	0.00617	0.00232	0.00786	0.00542	0.00569	0.01023
46	0.01954	0.01946	0.03236	0.04502	0.59206	0.04825	0.08073	0.02421	0.01790	0.02501	0.01457	0.01912	0.01213	0.00692	0.00778	0.00232	0.00977	0.00703	0.00385	0.01197
47	0.01090	0.00792	0.01026	0.00967	0.01154	0.00728	0.00725	0.01448	0.02176	0.03066	0.64945	0.05863	0.09903	0.01601	0.00915	0.00245	0.00367	0.01412	0.00848	0.00728
48	0.01370	0.01110	0.04295	0.01174	0.01356	0.01088	0.00890	0.09395	0.01513	0.02083	0.02187	0.03766	0.02222	0.35804	0.27524	0.00844	0.01269	0.00939	0.00482	0.00690
49	0.01555	0.04011	0.68733	0.02210	0.03356	0.01801	0.02865	0.02455	0.01637	0.02455	0.01391	0.01637	0.00982	0.00737	0.00737	0.00246	0.01146	0.00573	0.00327	0.01146
50	0.01608	0.01378	0.01608	0.01148	0.01837	0.01034	0.00919	0.01952	0.01608	0.02527	0.01378	0.01608	0.01148	0.00574	0.00574	0.00115	0.00574	0.00459	0.00459	0.77491
51	0.01745	0.01546	0.02120	0.04606	0.16448	0.01339	0.03814	0.05214	0.01750	0.02623	0.01427	0.01724	0.01171	0.00628	0.00647	0.00157	0.00709	0.00548	0.00452	0.51332
52	0.01880	0.01803	0.03077	0.10378	0.62597	0.01832	0.02360	0.02346	0.01747	0.02486	0.01452	0.01932	0.01212	0.00698	0.00768	0.00233	0.00931	0.00691	0.00380	0.01197
53	0.02199	0.37182	0.05480	0.02065	0.11498	0.16444	0.01603	0.04740	0.01771	0.02076	0.01190	0.01450	0.01042	0.00773	0.00788	0.00203	0.07604	0.00512	0.00370	0.01011
54	0.00969	0.00798	0.00858	0.00874	0.01120	0.00688	0.00676	0.01196	0.01802	0.02199	0.12046	0.07480	0.55694	0.01955	0.00934	0.00271	0.00427	0.08615	0.00730	0.00667
55	0.01642	0.15681	0.57828	0.02061	0.03126	0.02014	0.02605	0.02433	0.01627	0.02349	0.01339	0.01571	0.00984	0.00724	0.00696	0.00232	0.01092	0.00546	0.00328	0.01120
56	0.01507	0.01422	0.02403	0.64665	0.11228	0.01734	0.02175	0.02019	0.01571	0.02033	0.01386	0.02053	0.01052	0.00767	0.00774	0.00256	0.01023	0.00689	0.00348	0.00896
57	0.00976	0.00693	0.00914	0.01070	0.01121	0.00653	0.00720	0.01118	0.01495	0.01998	0.06589	0.61959	0.05005	0.08000	0.01226	0.00349	0.00480	0.04306	0.00705	0.00624
58	0.01929	0.01666	0.01753	0.01578	0.02016	0.01929	0.01227	0.04120	0.66513	0.03243	0.03156	0.02893	0.02367	0.01052	0.00789	0.00263	0.00614	0.00877	0.00789	0.01227
59	0.00971	0.00695	0.00923	0.01062	0.01130	0.00647	0.00722	0.01146	0.01607	0.02174	0.15164	0.60799	0.05505	0.02284	0.00977	0.00303	0.00435	0.02066	0.00743	0.00647
60	0.00945	0.00675	0.00900	0.01080	0.01125	0.00630	0.00720	0.01080	0.01484	0.01979	0.04274	0.72245	0.05128	0.02429	0.00990	0.00315	0.00450	0.02204	0.00720	0.00630
61	0.01919	0.01842	0.03147	0.04759	0.67914	0.01842	0.02380	0.02380	0.01765	0.02533	0.01458	0.01919	0.01228	0.00691	0.00768	0.00230	0.00921	0.00691	0.00384	0.01228
62	0.02947	0.02172	0.02327	0.01784	0.02404	0.02404	0.01474	0.65329	0.03646	0.04887	0.01862	0.01862	0.01319	0.00931	0.00776	0.00233	0.00853	0.00698	0.00776	0.01319
63	0.01105	0.00824	0.01089	0.04743	0.01377	0.00780	0.00799	0.01467	0.02131	0.02979	0.59843	0.05705	0.11105	0.01567	0.00907	0.00246	0.00404	0.01380	0.00817	0.00733
64	0.01696	0.01696	0.02375	0.02036	0.02036	0.02375	0.01696	0.01866	0.01187	0.01866	0.01018	0.01696	0.01018	0.01357	0.02545	0.00339	0.71332	0.00679	0.00339	0.00848
65	0.00916	0.00785	0.00785	0.00785	0.01047	0.00655	0.00589	0.01113	0.01767	0.02095	0.07855	0.07462	0.67599	0.01964	0.00916	0.00262	0.00393	0.01636	0.00720	0.00655
66	0.01178	0.00849	0.01039	0.01007	0.01025	0.00930	0.00647	0.01229	0.01148	0.01575	0.02264	0.04500	0.02539	0.57522	0.12299	0.00777	0.07439	0.01048	0.00451	0.00533
67	0.01959	0.01918	0.03109	0.04647	0.65247	0.04602	0.02344	0.02409	0.01783	0.02507	0.01448	0.01898	0.01219	0.00695	0.00765	0.00229	0.00941	0.00683	0.00384	0.01215
68	0.01995	0.02025	0.02923	0.04238	0.56771	0.10210	0.02190	0.02412	0.01819	0.02434	0.01714	0.02103	0.04183	0.00761	0.00766	0.00228	0.00957	0.00710	0.00401	0.01161
69	0.01696	0.01696	0.02375	0.02036	0.02036	0.02375	0.01696	0.01866	0.01187	0.01866	0.01018	0.01696	0.01018	0.01357	0.02545	0.00339	0.71332	0.00679	0.00339	0.00848
70	0.01464	0.01378	0.02326	0.70887	0.05340	0.01723	0.02153	0.01981	0.01550	0.01981	0.01378	0.02067	0.01034	0.00775	0.00775	0.00258	0.01034	0.00689	0.00345	0.00861
71	0.01097	0.00793	0.01036	0.00975	0.01158	0.00732	0.00732	0.01463	0.02195	0.03109	0.67505	0.05792	0.07316	0.01585	0.00914	0.00244	0.00366	0.01402	0.00854	0.00732
72	0.01830	0.02092	0.04575	0.03268	0.04052	0.01961	0.65098	0.02484	0.01830	0.02484	0.01569	0.02092	0.01176	0.00654	0.00915	0.00261	0.01307	0.00915	0.00392	0.01046
73	0.01108	0.00831	0.01246	0.01246	0.01385	0.00969	0.00969	0.01385	0.01246	0.01800	0.02077	0.03046	0.01938	0.05815	0.69678	0.01246	0.02077	0.00831	0.00415	0.00692
74	0.01555	0.04011	0.68733	0.02210	0.03356	0.01801	0.02865	0.02455	0.01637	0.02455	0.01391	0.01637	0.00982	0.00737	0.00737	0.00246	0.01146	0.00573	0.00327	0.01146
75	0.01233	0.00887	0.01226	0.01396	0.01579	0.00881	0.01217	0.01582	0.01784	0.02309	0.04291	0.08682	0.07597	0.02133	0.01063	0.00352	0.00698	0.59664	0.00714	0.00711
76	0.01464	0.01378	0.02326	0.70887	0.05340	0.01723	0.02153	0.01981	0.01550	0.01981	0.01378	0.02067	0.01034	0.00775	0.00775	0.00258	0.01034	0.00689	0.00345	0.00861
77	0.01929	0.01666	0.01753	0.01578	0.02016	0.01929	0.01227	0.04120	0.66513	0.03243	0.03156	0.02893	0.02367	0.01052	0.00789	0.00263	0.00614	0.00877	0.00789	0.01227
78	0.01740	0.01769	0.02368	0.02034	0.02049	0.04818	0.01689	0.01911	0.01224	0.01867	0.01024	0.01686	0.01017	0.01337	0.02477	0.00334	0.68791	0.00672	0.00341	0.00850
79	0.01109	0.00824	0.01213	0.01213	0.01339	0.00951	0.00927	0.01363	0.01236	0.01775	0.02108	0.03216	0.02012	0.11422	0.64173	0.01205	0.01966	0.00856	0.00420	0.00674
80	0.01464	0.01378	0.02326	0.70887	0.05340	0.01723	0.02153	0.01981	0.01550	0.01981	0.01378	0.02067	0.01034	0.00775	0.00775	0.00258	0.01034	0.00689	0.00345	0.00861
81	0.01557	0.00947	0.00940	0.03424	0.01219	0.04002	0.00704	0.04424	0.01712	0.02838	0.02377	0.02758	0.01877	0.01139	0.04000	0.00239	0.00539	0.00716	0.63830	0.00758
82	0.00926	0.00784	0.00788	0.00788	0.01038	0.00659	0.00584	0.01113	0.01738	0.02067	0.07606	0.07352	0.64627	0.05212	0.01055	0.00284	0.00409	0.01613	0.00709	0.00646
83	0.01570	0.03907	0.65264	0.02267	0.03394	0.01809	0.06230	0.02457	0.01647	0.02457	0.01401	0.01662	0.00993	0.00732	0.00746	0.00246	0.01155	0.00591	0.00331	0.01140
84	0.00956	0.00702	0.00874	0.01005	0.01085	0.00645	0.00673	0.01090	0.01502	0.01956	0.04746	0.54430	0.16113	0.08838	0.01250	0.00346	0.00467	0.02003	0.00697	0.00619
85	0.02376	0.01799	0.02013	0.04865	0.05461	0.04782	0.01367	0.37627	0.02775	0.06366	0.02286	0.14945	0.02034	0.01198	0.00861	0.00249	0.03109	0.00971	0.03808	0.01108
86	0.01635	0.01605	0.02394	0.23261	0.05995	0.02151	0.01867	0.01924	0.01325	0.01931	0.01148	0.01820	0.01032	0.01149	0.01923	0.00310	0.46636	0.00682	0.00343	0.00869
87	0.00970	0.00747	0.00887	0.00938	0.01102	0.00664	0.00671	0.01185	0.01768	0.02296	0.20874	0.30511	0.30519	0.02041	0.00942	0.00277	0.00407	0.01786	0.00752	0.00664
88	0.01929	0.01666	0.01753	0.01578	0.02016	0.01929	0.01227	0.04120	0.66513	0.03243	0.03156	0.02893	0.02367	0.01052	0.00789	0.00263	0.00614	0.00877	0.00789	0.01227
89	0.78228	0.01499	0.01140	0.01020	0.01499	0.01739	0.00840	0.02279	0.01320	0.03479	0.01080	0.01260	0.00840	0.00720	0.00480	0.00240	0.00600	0.00420	0.00480	0.00840
90	0.02398	0.01641	0.01740	0.01396	0.01855	0.01789	0.01133	0.42082	0.02906	0.04156	0.02106	0.02238	0.01563	0.00921	0.00690	0.00214	0.00673	0.00707	0.28691	0.01101
91	0.01984	0.01693	0.01784	0.01589	0.02037	0.01954	0.01241	0.07430	0.63114	0.03332	0.03086	0.02837	0.02310	0.01045	0.00788	0.00261	0.00627	0.00867	0.00788	0.01232
92	0.03362	0.01333	0.01790	0.01380	0.01963	0.01174	0.01137	0.06145	0.02275	0.63297	0.05589	0.02734	0.02111	0.00984	0.00785	0.00240	0.00656	0.00801	0.00948	0.01296
93	0.01757	0.05542	0.06889	0.15125	0.06472	0.01996	0.40091	0.02329	0.01703	0.02310	0.01452	0.01984	0.01122	0.00740	0.00991	0.00261	0.07053	0.00806	0.00373	0.01006
94	0.01273	0.00831	0.01093	0.01005	0.01219	0.00762	0.00762	0.01634	0.02197	0.07930	0.62750	0.05559	0.06918	0.01539	0.00905	0.00244	0.00387	0.01356	0.00861	0.00775
95	0.01110	0.00820	0.01193	0.01193	0.01313	0.00940	0.00903	0.01350	0.01230	0.01760	0.02126	0.03316	0.02056	0.14728	0.60925	0.01180	0.01900	0.00870	0.00423	0.00663
96	0.00945	0.00675	0.00900	0.01080	0.01125	0.00630	0.00720	0.01080	0.01484	0.01979	0.04274	0.72245	0.05128	0.02429	0.00990	0.00315	0.00450	0.02204	0.00720	0.00630
97	0.01555	0.04011	0.68733	0.02210	0.03356	0.01801	0.02865	0.02455	0.01637	0.02455	0.01391	0.01637	0.00982	0.00737	0.00737	0.00246	0.01146	0.00573	0.00327	0.01146
98	0.01108	0.00831	0.01246	0.01246	0.01385	0.00969	0.00969	0.01385	0.01246	0.01800	0.02077	0.03046	0.01938	0.05815	0.69678	0.01246	0.02077	0.00831	0.00415	0.00692
99	0.00932	0.00781	0.00811	0.00814	0.01060	0.00660	0.00606	0.01139	0.01788	0.02170	0.12454	0.10301	0.59918	0.01955	0.00920	0.00263	0.00393	0.01644	0.00731	0.00660
100	0.01818	0.02176	0.07387	0.03222	0.04022	0.01954	0.62370	0.02482	0.01822	0.02482	0.01561	0.02072	0.01168	0.00657	0.00907	0.00261	0.01300	0.00900	0.00389	0.01050
101	0.01464	0.01378	0.02326	0.70887	0.05340	0.01723	0.02153	0.01981	0.01550	0.01981	0.01378	0.02067	0.01034	0.00775	0.00775	0.00258	0.01034	0.00689	0.00345	0.00861
102	0.02896	0.03695	0.02197	0.01998	0.02397	0.69638	0.01498	0.03096	0.02197	0.01898	0.01199	0.01398	0.00999	0.00799	0.00699	0.00200	0.01398	0.00499	0.00400	0.00899
103	0.00945	0.00675	0.00900	0.01080	0.01125	0.00630	0.00720	0.01080	0.01484	0.01979	0.04274	0.72245	0.05128	0.02429	0.00990	0.00315	0.00450	0.02204	0.00720	0.00630
104	0.01608	0.01378	0.01608	0.01148	0.01837	0.01034	0.00919	0.01952	0.01608	0.02527	0.01378	0.01608	0.01148	0.00574	0.00574	0.00115	0.00574	0.00459	0.00459	0.77491
105	0.01555	0.04011	0.68733	0.02210	0.03356	0.01801	0.02865	0.02455	0.01637	0.02455	0.01391	0.01637	0.00982	0.00737	0.00737	0.00246	0.01146	0.00573	0.00327	0.01146
106	0.75349	0.01525	0.01185	0.01049	0.01534	0.01765	0.00864	0.04690	0.01408	0.03533	0.01110	0.01283	0.00858	0.00728	0.00491	0.00240	0.00609	0.00430	0.00491	0.00858
107	0.01098	0.00792	0.01040	0.01000	0.01177	0.00735	0.00754	0.01454	0.02147	0.03028	0.62087	0.08637	0.07099	0.01644	0.00925	0.00252	0.00385	0.04176	0.00842	0.00727
108	0.03479	0.01320	0.01799	0.01380	0.01979	0.01140	0.01140	0.03779	0.02219	0.68451	0.03059	0.02639	0.01919	0.00960	0.00780	0.00240	0.00660	0.00780	0.00960	0.01320
109	0.01249	0.00892	0.01249	0.01428	0.01606	0.00892	0.01249	0.01606	0.01785	0.02320	0.04105	0.08746	0.04462	0.02142	0.01071	0.00357	0.00714	0.62695	0.00714	0.00714
110	0.01678	0.07252	0.60061	0.02169	0.03253	0.01840	0.05091	0.02509	0.01667	0.05392	0.01458	0.01680	0.01032	0.00740	0.00734	0.00242	0.01114	0.00587	0.00359	0.01142
111	0.01097	0.00793	0.01036	0.00975	0.01158	0.00732	0.00732	0.01463	0.02195	0.03109	0.67505	0.05792	0.07316	0.01585	0.00914	0.00244	0.00366	0.01402	0.00854	0.00732
112	0.01906	0.01640	0.01737	0.01573	0.02003	0.01894	0.01228	0.04037	0.64379	0.03213	0.03187	0.03086	0.02436	0.01088	0.00798	0.00266	0.00617	0.02915	0.00786	0.01210
113	0.01919	0.01842	0.03147	0.04759	0.67914	0.01842	0.02380	0.02380	0.01765	0.02533	0.01458	0.01919	0.01228	0.00691	0.00768	0.00230	0.00921	0.00691	0.00384	0.01228
114	0.01929	0.01666	0.01753	0.01578	0.02016	0.01929	0.01227	0.04120	0.66513	0.03243	0.03156	0.02893	0.02367	0.01052	0.00789	0.00263	0.00614	0.00877	0.00789	0.01227
115	0.03140	0.01577	0.04921	0.01486	0.02093	0.01404	0.01265	0.10336	0.10388	0.50474	0.02867	0.02542	0.01868	0.00958	0.00778	0.00242	0.00697	0.00774	0.00890	0.01300
116	0.01116	0.00848	0.01063	0.01165	0.01376	0.00795	0.00978	0.01411	0.01791	0.02258	0.07584	0.08155	0.28959	0.02055	0.01006	0.00317	0.00579	0.37132	0.00721	0.00692
117	0.01555	0.04011	0.68733	0.02210	0.03356	0.01801	0.02865	0.02455	0.01637	0.02455	0.01391	0.01637	0.00982	0.00737	0.00737	0.00246	0.01146	0.00573	0.00327	0.01146
118	0.01901	0.01823	0.03114	0.07451	0.65367	0.01837	0.02370	0.02363	0.01757	0.02511	0.01455	0.01925	0.01220	0.00694	0.00768	0.00231	0.00926	0.00691	0.00382	0.01213
119	0.01025	0.00784	0.00940	0.00912	0.01117	0.00699	0.00680	0.01318	0.02006	0.02689	0.42956	0.09691	0.28844	0.01763	0.00919	0.00254	0.00380	0.01526	0.00799	0.00699
120	0.01608	0.01378	0.01608	0.01148	0.01837	0.01034	0.00919	0.01952	0.01608	0.02527	0.01378	0.01608	0.01148	0.00574	0.00574	0.00115	0.00574	0.00459	0.00459	0.77491
121	0.01849	0.43345	0.31977	0.01708	0.02580	0.02521	0.01991	0.02379	0.01602	0.02097	0.01213	0.01414	0.00989	0.00695	0.00601	0.00200	0.00966	0.00483	0.00330	0.01060
122	0.01696	0.01696	0.02375	0.02036	0.02036	0.02375	0.01696	0.01866	0.01187	0.01866	0.01018	0.01696	0.01018	0.01357	0.02545	0.00339	0.71332	0.00679	0.00339	0.00848
123	0.00916	0.00785	0.00785	0.00785	0.01047	0.00655	0.00589	0.01113	0.01767	0.02095	0.07855	0.07462	0.67599	0.01964	0.00916	0.00262	0.00393	0.01636	0.00720	0.00655
124	0.01274	0.01156	0.02018	0.05032	0.07679	0.01141	0.15093	0.01569	0.01576	0.02133	0.03186	0.45021	0.03588	0.01776	0.01004	0.00294	0.03415	0.01666	0.00588	0.00791
125	0.01651	0.03232	0.46598	0.02659	0.16687	0.01784	0.02559	0.02548	0.07199	0.02533	0.01664	0.02087	0.01291	0.00810	0.00761	0.00248	0.01036	0.03106	0.00394	0.01153
126	0.01608	0.01378	0.01608	0.01148	0.01837	0.01034	0.00919	0.01952	0.01608	0.02527	0.01378	0.01608	0.01148	0.00574	0.00574	0.00115	0.00574	0.00459	0.00459	0.77491
127	0.01192	0.00863	0.01172	0.01336	0.01488	0.00861	0.01100	0.01562	0.04363	0.02263	0.04113	0.26331	0.04563	0.02178	0.01037	0.00341	0.00636	0.43171	0.00719	0.00711
128	0.01347	0.00673	0.01010	0.01010	0.01010	0.00673	0.00673	0.01010	0.01010	0.01347	0.01347	0.02357	0.01347	0.02694	0.03030	0.77441	0.00673	0.00673	0.00337	0.00337
129	0.05589	0.11950	0.07830	0.03188	0.33870	0.13968	0.01969	0.08139	0.01955	0.02573	0.01376	0.01681	0.01129	0.00732	0.00705	0.00218	0.00989	0.00600	0.00415	0.01123
130	0.05081	0.42214	0.12475	0.01621	0.04851	0.02527	0.01547	0.11239	0.01901	0.02518	0.03913	0.01609	0.01301	0.00748	0.00600	0.00193	0.00844	0.00529	0.00428	0.03860
131	0.01762	0.04286	0.07630	0.02019	0.04713	0.08165	0.11894	0.02188	0.04634	0.04827	0.02328	0.11394	0.06932	0.01218	0.01267	0.00270	0.19071	0.00961	0.00484	0.03958
132	0.01870	0.01552	0.01822	0.01469	0.05516	0.01347	0.01105	0.13127	0.04133	0.02963	0.01526	0.01712	0.01223	0.00659	0.00627	0.00147	0.00643	0.00528	0.00522	0.57511
133	0.01893	0.01561	0.05157	0.01810	0.04833	0.01438	0.12157	0.02794	0.19323	0.13255	0.07937	0.03673	0.11308	0.01131	0.00835	0.00252	0.00732	0.04035	0.00684	0.05192
134	0.01901	0.30394	0.28785	0.02161	0.08787	0.02282	0.07756	0.02458	0.01668	0.05172	0.01366	0.01596	0.01069	0.00706	0.00665	0.00214	0.00995	0.00562	0.00368	0.01094
135	0.01944	0.31627	0.30708	0.01857	0.05205	0.05221	0.01991	0.02478	0.01672	0.05751	0.01349	0.01532	0.01055	0.00713	0.00635	0.00205	0.00970	0.00517	0.00374	0.04194
136	0.05121	0.01874	0.02968	0.03503	0.37374	0.04802	0.12807	0.05813	0.01902	0.05205	0.04202	0.02056	0.01465	0.00741	0.00770	0.00227	0.00933	0.00724	0.00458	0.07056

[dist]
# distance from previous block
# <min> <max>
1	7

# created by:
# /st0/software/busco_prod/Augustus/scripts/msa2prfl.pl ./align_prep/128391.fa
