[name]
unknown

[dist]
# distance from previous block
# <min> <max>
0	18

[block]
# block no. 0 follows, 25 sequences, length 52
# corresponding to MSA columns:
# 18-69
name=unknown_A
#
# <colnr> <probs for GDERKNQSTAVLIFYWHMCP>
#	G	D	E	R	K	N	Q	S	T	A	V	L	I	F	Y	W	H	M	C	P
0	0.01249	0.00892	0.01249	0.01428	0.01606	0.00892	0.01249	0.01606	0.01785	0.02320	0.04105	0.08746	0.04462	0.02142	0.01071	0.00357	0.00714	0.62695	0.00714	0.00714
1	0.01719	0.25975	0.48209	0.01930	0.02922	0.02203	0.02377	0.02413	0.01617	0.02255	0.01292	0.01512	0.00986	0.00713	0.00661	0.00220	0.01045	0.00523	0.00329	0.01098
2	0.03046	0.01534	0.01932	0.01747	0.08348	0.04194	0.01278	0.08509	0.07020	0.46144	0.02712	0.02486	0.01802	0.00929	0.00764	0.00236	0.00713	0.00757	0.04591	0.01257
3	0.00979	0.00777	0.00879	0.00877	0.01091	0.00677	0.00649	0.01225	0.01880	0.02416	0.27084	0.13292	0.41658	0.01885	0.00923	0.00261	0.00390	0.01615	0.00764	0.00677
4	0.00943	0.00682	0.00892	0.01061	0.01120	0.00631	0.00711	0.01082	0.01502	0.01987	0.04500	0.68150	0.09077	0.02400	0.00985	0.00312	0.00446	0.02168	0.00720	0.00631
5	0.05654	0.03080	0.02200	0.05285	0.02510	0.45258	0.01499	0.20142	0.02531	0.02784	0.01385	0.01553	0.01083	0.00831	0.00716	0.00213	0.01200	0.00560	0.00503	0.01010
6	0.01588	0.00835	0.00908	0.00856	0.01087	0.00823	0.00652	0.03990	0.01705	0.06912	0.02561	0.06160	0.02080	0.01192	0.03728	0.00239	0.00486	0.00792	0.59765	0.03641
7	0.01899	0.01855	0.02926	0.14164	0.53020	0.05035	0.02258	0.02425	0.04359	0.02451	0.01503	0.01955	0.01235	0.00723	0.00766	0.00234	0.00948	0.00689	0.00395	0.01159
8	0.01685	0.01479	0.01742	0.06665	0.04399	0.03478	0.01135	0.04084	0.04653	0.02558	0.01643	0.02164	0.01408	0.00733	0.00648	0.00158	0.00668	0.04446	0.00487	0.55768
9	0.04662	0.07054	0.63077	0.02122	0.03219	0.01856	0.02713	0.02442	0.01621	0.02468	0.01365	0.01604	0.00977	0.00733	0.00715	0.00242	0.01110	0.00560	0.00334	0.01127
10	0.02095	0.67343	0.06270	0.01391	0.02059	0.06293	0.01390	0.02365	0.01608	0.01850	0.01095	0.01265	0.00995	0.00673	0.00516	0.00170	0.00868	0.00424	0.00335	0.00996
11	0.00954	0.00678	0.00897	0.01068	0.01111	0.00636	0.00708	0.01082	0.01467	0.01956	0.04185	0.68991	0.05016	0.05835	0.01133	0.00336	0.00464	0.02152	0.00708	0.00622
12	0.01561	0.06774	0.63671	0.02130	0.03222	0.01816	0.02726	0.02415	0.01654	0.02452	0.03698	0.01766	0.01205	0.00763	0.00733	0.00242	0.01105	0.00595	0.00346	0.01125
13	0.02073	0.73217	0.04063	0.01327	0.01990	0.03068	0.01327	0.02322	0.01575	0.01824	0.01078	0.01244	0.00995	0.00663	0.00498	0.00166	0.00829	0.00415	0.00332	0.00995
14	0.01109	0.00824	0.01214	0.01214	0.01341	0.00952	0.00929	0.01364	0.01237	0.01776	0.02106	0.03209	0.02009	0.11201	0.64389	0.01206	0.01970	0.00855	0.00420	0.00674
15	0.01108	0.00831	0.01246	0.01246	0.01385	0.00969	0.00969	0.01385	0.01246	0.01800	0.02077	0.03046	0.01938	0.05815	0.69678	0.01246	0.02077	0.00831	0.00415	0.00692
16	0.68384	0.01476	0.01226	0.01067	0.01563	0.01660	0.00879	0.02477	0.01438	0.12035	0.01340	0.01441	0.00982	0.00751	0.00519	0.00240	0.00608	0.00467	0.00543	0.00903
17	0.00950	0.00689	0.00898	0.01052	0.01120	0.00637	0.00710	0.01101	0.01541	0.02043	0.07648	0.64103	0.09940	0.02353	0.00980	0.00307	0.00441	0.02122	0.00726	0.00637
18	0.00945	0.00675	0.00900	0.01080	0.01125	0.00630	0.00720	0.01080	0.01484	0.01979	0.04274	0.72245	0.05128	0.02429	0.00990	0.00315	0.00450	0.02204	0.00720	0.00630
19	0.78228	0.01499	0.01140	0.01020	0.01499	0.01739	0.00840	0.02279	0.01320	0.03479	0.01080	0.01260	0.00840	0.00720	0.00480	0.00240	0.00600	0.00420	0.00480	0.00840
20	0.01445	0.00723	0.00723	0.00723	0.00903	0.00723	0.00542	0.01807	0.01626	0.02891	0.02529	0.02891	0.01987	0.00903	0.00542	0.00181	0.00361	0.00723	0.77055	0.00723
21	0.02073	0.73217	0.04063	0.01327	0.01990	0.03068	0.01327	0.02322	0.01575	0.01824	0.01078	0.01244	0.00995	0.00663	0.00498	0.00166	0.00829	0.00415	0.00332	0.00995
22	0.01555	0.04011	0.68733	0.02210	0.03356	0.01801	0.02865	0.02455	0.01637	0.02455	0.01391	0.01637	0.00982	0.00737	0.00737	0.00246	0.01146	0.00573	0.00327	0.01146
23	0.01170	0.00843	0.01060	0.01159	0.01268	0.00829	0.00804	0.08297	0.01727	0.02306	0.04003	0.64339	0.04700	0.02261	0.00966	0.00306	0.00495	0.02035	0.00726	0.00707
24	0.02947	0.02172	0.02327	0.01784	0.02404	0.02404	0.01474	0.65329	0.03646	0.04887	0.01862	0.01862	0.01319	0.00931	0.00776	0.00233	0.00853	0.00698	0.00776	0.01319
25	0.02638	0.02018	0.02153	0.01721	0.02287	0.02260	0.01399	0.46731	0.22747	0.04387	0.02255	0.02175	0.01637	0.00968	0.00780	0.00242	0.00780	0.00752	0.00780	0.01291
26	0.01936	0.01628	0.01734	0.01517	0.01971	0.01822	0.01188	0.09734	0.51248	0.03312	0.05839	0.03003	0.04781	0.01067	0.00784	0.00250	0.00616	0.00884	0.00767	0.05920
27	0.01577	0.06966	0.65972	0.02172	0.03298	0.01855	0.02799	0.02450	0.01634	0.02429	0.01378	0.01620	0.00983	0.00734	0.00726	0.00242	0.01132	0.00566	0.00328	0.01139
28	0.01830	0.02092	0.04575	0.03268	0.04052	0.01961	0.65098	0.02484	0.01830	0.02484	0.01569	0.02092	0.01176	0.00654	0.00915	0.00261	0.01307	0.00915	0.00392	0.01046
29	0.00916	0.00785	0.00785	0.00785	0.01047	0.00655	0.00589	0.01113	0.01767	0.02095	0.07855	0.07462	0.67599	0.01964	0.00916	0.00262	0.00393	0.01636	0.00720	0.00655
30	0.01273	0.00864	0.01235	0.05581	0.01599	0.00822	0.03269	0.01512	0.01699	0.08203	0.12754	0.42297	0.09199	0.01963	0.00942	0.00291	0.00534	0.04495	0.00724	0.00742
31	0.02888	0.02846	0.02136	0.05098	0.02449	0.40943	0.01452	0.13114	0.05516	0.13616	0.01720	0.01784	0.01272	0.00858	0.00733	0.00218	0.01132	0.00605	0.00570	0.01050
32	0.01555	0.04011	0.68733	0.02210	0.03356	0.01801	0.02865	0.02455	0.01637	0.02455	0.01391	0.01637	0.00982	0.00737	0.00737	0.00246	0.01146	0.00573	0.00327	0.01146
33	0.01111	0.00815	0.01169	0.01169	0.01281	0.00927	0.00873	0.01335	0.01223	0.01743	0.02148	0.03437	0.02108	0.18736	0.56990	0.01151	0.01821	0.00888	0.00426	0.00649
34	0.01878	0.01800	0.03073	0.10755	0.62240	0.01831	0.02359	0.02343	0.01746	0.02483	0.01451	0.01932	0.01211	0.00698	0.00768	0.00233	0.00931	0.00691	0.00380	0.01195
35	0.01042	0.00842	0.00933	0.00900	0.01146	0.00760	0.00678	0.01421	0.05928	0.02518	0.28257	0.06599	0.42644	0.01776	0.00908	0.00256	0.00397	0.01508	0.00771	0.00717
36	0.01555	0.01471	0.02490	0.57669	0.17848	0.01747	0.02199	0.02061	0.01593	0.02091	0.01394	0.02038	0.01072	0.00758	0.00774	0.00253	0.01011	0.00689	0.00352	0.00935
37	0.03479	0.01320	0.01799	0.01380	0.01979	0.01140	0.01140	0.03779	0.02219	0.68451	0.03059	0.02639	0.01919	0.00960	0.00780	0.00240	0.00660	0.00780	0.00960	0.01320
38	0.00958	0.00685	0.00915	0.01095	0.01146	0.00642	0.00744	0.01103	0.01498	0.01995	0.04266	0.69395	0.05098	0.02416	0.00993	0.00317	0.00462	0.04919	0.00719	0.00634
39	0.03105	0.01764	0.09217	0.01528	0.02161	0.04521	0.01373	0.07393	0.02225	0.51031	0.02758	0.02695	0.01848	0.00979	0.00784	0.00243	0.00763	0.03517	0.00841	0.01253
40	0.01520	0.00834	0.00901	0.05123	0.01252	0.00867	0.00688	0.04937	0.01721	0.02932	0.02425	0.02789	0.01895	0.00897	0.00568	0.00188	0.00427	0.00719	0.68556	0.00761
41	0.01696	0.01696	0.02375	0.02036	0.02036	0.02375	0.01696	0.01866	0.01187	0.01866	0.01018	0.01696	0.01018	0.01357	0.02545	0.00339	0.71332	0.00679	0.00339	0.00848
42	0.01608	0.01378	0.01608	0.01148	0.01837	0.01034	0.00919	0.01952	0.01608	0.02527	0.01378	0.01608	0.01148	0.00574	0.00574	0.00115	0.00574	0.00459	0.00459	0.77491
43	0.02073	0.73217	0.04063	0.01327	0.01990	0.03068	0.01327	0.02322	0.01575	0.01824	0.01078	0.01244	0.00995	0.00663	0.00498	0.00166	0.00829	0.00415	0.00332	0.00995
44	0.01919	0.01842	0.03147	0.04759	0.67914	0.01842	0.02380	0.02380	0.01765	0.02533	0.01458	0.01919	0.01228	0.00691	0.00768	0.00230	0.00921	0.00691	0.00384	0.01228
45	0.01876	0.06389	0.02456	0.01987	0.02080	0.11179	0.01648	0.02054	0.01343	0.01868	0.01045	0.01629	0.01014	0.01241	0.02177	0.00310	0.57854	0.00639	0.00347	0.00864
46	0.01394	0.01202	0.01667	0.01347	0.01816	0.00987	0.07593	0.01697	0.01587	0.02327	0.02432	0.26869	0.02572	0.01245	0.00758	0.00202	0.00607	0.01130	0.00545	0.42025
47	0.09996	0.42973	0.18805	0.01621	0.02371	0.05730	0.04540	0.02392	0.01604	0.02179	0.01179	0.01383	0.00984	0.00692	0.00580	0.00198	0.00928	0.00479	0.00352	0.01012
48	0.02900	0.03598	0.02206	0.01984	0.02397	0.65345	0.01497	0.07069	0.02290	0.02088	0.01241	0.01428	0.01019	0.00807	0.00704	0.00202	0.01363	0.00512	0.00424	0.00926
49	0.01613	0.01398	0.01656	0.01205	0.01850	0.01118	0.00968	0.01947	0.01581	0.02485	0.01355	0.01613	0.01140	0.00624	0.00699	0.00129	0.05047	0.00473	0.00452	0.72646
50	0.08841	0.01905	0.06464	0.17195	0.17328	0.06053	0.01810	0.04773	0.13540	0.05724	0.01747	0.02032	0.01347	0.00865	0.00896	0.00252	0.06989	0.00684	0.00492	0.01063
51	0.03479	0.01320	0.01799	0.01380	0.01979	0.01140	0.01140	0.03779	0.02219	0.68451	0.03059	0.02639	0.01919	0.00960	0.00780	0.00240	0.00660	0.00780	0.00960	0.01320

[dist]
# distance from previous block
# <min> <max>
0	8

[block]
# block no. 1 follows, 25 sequences, length 65
# corresponding to MSA columns:
# 78-142
name=unknown_B
#
# <colnr> <probs for GDERKNQSTAVLIFYWHMCP>
#	G	D	E	R	K	N	Q	S	T	A	V	L	I	F	Y	W	H	M	C	P
0	0.01604	0.00905	0.01199	0.01061	0.01333	0.00818	0.00818	0.01956	0.02200	0.17018	0.53787	0.05121	0.06167	0.01452	0.00886	0.00243	0.00428	0.01270	0.00876	0.00857
1	0.02336	0.02503	0.30183	0.07015	0.02821	0.01553	0.01957	0.03121	0.09206	0.28081	0.02236	0.02200	0.01506	0.00862	0.00762	0.00246	0.00889	0.00696	0.00626	0.01201
2	0.01890	0.38371	0.30629	0.01803	0.02658	0.05765	0.04598	0.02421	0.01642	0.02115	0.01233	0.01448	0.00997	0.00700	0.00623	0.00204	0.01007	0.00505	0.00336	0.01055
3	0.01128	0.00752	0.00846	0.00846	0.00846	0.00752	0.00470	0.01128	0.01128	0.01503	0.02443	0.05074	0.02819	0.72751	0.03946	0.00752	0.00752	0.01128	0.00470	0.00470
4	0.01835	0.02078	0.04498	0.03349	0.07508	0.01954	0.61704	0.02478	0.01827	0.02486	0.01563	0.02082	0.01179	0.00656	0.00907	0.00260	0.01286	0.00903	0.00392	0.01056
5	0.01919	0.01842	0.03147	0.04759	0.67914	0.01842	0.02380	0.02380	0.01765	0.02533	0.01458	0.01919	0.01228	0.00691	0.00768	0.00230	0.00921	0.00691	0.00384	0.01228
6	0.00945	0.00675	0.00900	0.01080	0.01125	0.00630	0.00720	0.01080	0.01484	0.01979	0.04274	0.72245	0.05128	0.02429	0.00990	0.00315	0.00450	0.02204	0.00720	0.00630
7	0.01830	0.02092	0.04575	0.03268	0.04052	0.01961	0.65098	0.02484	0.01830	0.02484	0.01569	0.02092	0.01176	0.00654	0.00915	0.00261	0.01307	0.00915	0.00392	0.01046
8	0.01576	0.03865	0.63877	0.02290	0.03409	0.01813	0.07575	0.02458	0.01652	0.02458	0.01405	0.01671	0.00997	0.00730	0.00750	0.00247	0.01158	0.00599	0.00332	0.01138
9	0.03479	0.01320	0.01799	0.01380	0.01979	0.01140	0.01140	0.03779	0.02219	0.68451	0.03059	0.02639	0.01919	0.00960	0.00780	0.00240	0.00660	0.00780	0.00960	0.01320
10	0.01919	0.01842	0.03147	0.04759	0.67914	0.01842	0.02380	0.02380	0.01765	0.02533	0.01458	0.01919	0.01228	0.00691	0.00768	0.00230	0.00921	0.00691	0.00384	0.01228
11	0.01727	0.26985	0.47265	0.01917	0.02902	0.02221	0.02354	0.02411	0.01617	0.02246	0.01287	0.01506	0.00986	0.00712	0.00657	0.00219	0.01041	0.00520	0.00329	0.01096
12	0.01071	0.00792	0.01000	0.00948	0.01142	0.00720	0.00711	0.01412	0.02132	0.02961	0.58777	0.06036	0.16137	0.01641	0.00915	0.00246	0.00370	0.01436	0.00834	0.00720
13	0.00945	0.00675	0.00900	0.01080	0.01125	0.00630	0.00720	0.01080	0.01484	0.01979	0.04274	0.72245	0.05128	0.02429	0.00990	0.00315	0.00450	0.02204	0.00720	0.00630
14	0.01705	0.01175	0.01218	0.01124	0.01430	0.01295	0.00866	0.05148	0.29125	0.03114	0.02769	0.02853	0.02123	0.00967	0.00655	0.00217	0.00486	0.00787	0.41983	0.00958
15	0.02548	0.33147	0.02988	0.01713	0.02225	0.41437	0.01426	0.02768	0.01934	0.01867	0.01147	0.01333	0.00997	0.00742	0.00614	0.00185	0.01157	0.00463	0.00371	0.00940
16	0.01589	0.06485	0.62956	0.02233	0.03342	0.01856	0.06077	0.02452	0.01645	0.02433	0.01389	0.01646	0.00993	0.00730	0.00737	0.00243	0.01143	0.00585	0.00331	0.01135
17	0.02344	0.11493	0.10186	0.02027	0.09431	0.14296	0.01609	0.06584	0.19679	0.11580	0.02058	0.02065	0.01538	0.00861	0.00725	0.00229	0.00899	0.00670	0.00583	0.01146
18	0.02122	0.01887	0.02880	0.06511	0.48649	0.01962	0.02127	0.15881	0.04996	0.03046	0.01616	0.01955	0.01290	0.00761	0.00771	0.00233	0.00897	0.00700	0.00484	0.01233
19	0.01464	0.01378	0.02326	0.70887	0.05340	0.01723	0.02153	0.01981	0.01550	0.01981	0.01378	0.02067	0.01034	0.00775	0.00775	0.00258	0.01034	0.00689	0.00345	0.00861
20	0.01912	0.01732	0.02931	0.16711	0.53215	0.01786	0.02277	0.02375	0.01748	0.05664	0.01522	0.01981	0.01226	0.00719	0.00770	0.00236	0.00929	0.00695	0.00405	0.01165
21	0.02689	0.03055	0.02256	0.05522	0.07467	0.46509	0.01582	0.13709	0.02366	0.02486	0.01469	0.01873	0.01225	0.00871	0.00738	0.00218	0.01220	0.03283	0.00475	0.00987
22	0.01108	0.00831	0.01246	0.01246	0.01385	0.00969	0.00969	0.01385	0.01246	0.01800	0.02077	0.03046	0.01938	0.05815	0.69678	0.01246	0.02077	0.00831	0.00415	0.00692
23	0.02073	0.73217	0.04063	0.01327	0.01990	0.03068	0.01327	0.02322	0.01575	0.01824	0.01078	0.01244	0.00995	0.00663	0.00498	0.00166	0.00829	0.00415	0.00332	0.00995
24	0.01034	0.00771	0.01078	0.01129	0.01226	0.00746	0.03168	0.01206	0.01486	0.02002	0.08650	0.44294	0.07051	0.12646	0.09292	0.00474	0.00704	0.01759	0.00647	0.00639
25	0.01347	0.00673	0.01010	0.01010	0.01010	0.00673	0.00673	0.01010	0.01010	0.01347	0.01347	0.02357	0.01347	0.02694	0.03030	0.77441	0.00673	0.00673	0.00337	0.00337
26	0.04245	0.01390	0.02190	0.21278	0.26847	0.01490	0.01776	0.04324	0.01698	0.02365	0.02248	0.18930	0.02263	0.01213	0.00829	0.00265	0.00815	0.04394	0.00489	0.00950
27	0.01435	0.01347	0.02245	0.67204	0.05115	0.01667	0.02071	0.01935	0.01562	0.01987	0.01718	0.02351	0.04531	0.00838	0.00783	0.00259	0.01000	0.00739	0.00364	0.00850
28	0.02947	0.02172	0.02327	0.01784	0.02404	0.02404	0.01474	0.65329	0.03646	0.04887	0.01862	0.01862	0.01319	0.00931	0.00776	0.00233	0.00853	0.00698	0.00776	0.01319
29	0.45930	0.01572	0.01843	0.19241	0.02785	0.01805	0.07001	0.06993	0.01601	0.03111	0.01259	0.01588	0.00956	0.00744	0.00617	0.00246	0.00794	0.00555	0.00460	0.00900
30	0.00993	0.00783	0.00896	0.00879	0.01097	0.00685	0.00655	0.01257	0.01932	0.02512	0.32571	0.09917	0.39406	0.01828	0.00919	0.00257	0.00384	0.01566	0.00776	0.00685
31	0.02259	0.01593	0.01825	0.01662	0.04715	0.01739	0.01261	0.08402	0.42724	0.15951	0.05063	0.02990	0.02375	0.01059	0.00798	0.00257	0.00648	0.02654	0.00804	0.01221
32	0.01018	0.00789	0.00930	0.00916	0.01128	0.00701	0.00691	0.01300	0.01960	0.02583	0.35927	0.09381	0.33575	0.01810	0.00925	0.00260	0.00396	0.04233	0.00783	0.00693
33	0.01787	0.01488	0.01703	0.01245	0.01915	0.01241	0.01000	0.09834	0.04712	0.02848	0.01516	0.01695	0.01223	0.00639	0.00608	0.00136	0.00610	0.00507	0.00513	0.64779
34	0.01128	0.00752	0.00846	0.00846	0.00846	0.00752	0.00470	0.01128	0.01128	0.01503	0.02443	0.05074	0.02819	0.72751	0.03946	0.00752	0.00752	0.01128	0.00470	0.00470
35	0.05016	0.01724	0.02352	0.11173	0.06068	0.02238	0.01726	0.11227	0.01632	0.02426	0.01215	0.01763	0.01068	0.01156	0.01871	0.00303	0.45017	0.00673	0.00412	0.00939
36	0.04701	0.39822	0.26422	0.01663	0.02472	0.05995	0.01849	0.02468	0.01647	0.04841	0.01275	0.01447	0.01023	0.00710	0.00603	0.00201	0.00955	0.00490	0.00365	0.01051
37	0.01347	0.00673	0.01010	0.01010	0.01010	0.00673	0.00673	0.01010	0.01010	0.01347	0.01347	0.02357	0.01347	0.02694	0.03030	0.77441	0.00673	0.00673	0.00337	0.00337
38	0.01669	0.01884	0.06820	0.12883	0.03742	0.01767	0.41979	0.02241	0.01717	0.02367	0.01768	0.07465	0.01485	0.00852	0.00934	0.00263	0.03818	0.00944	0.04433	0.00967
39	0.03415	0.01421	0.01862	0.01428	0.02030	0.01291	0.01180	0.11135	0.02390	0.60854	0.02916	0.02546	0.01848	0.00956	0.00779	0.00239	0.00683	0.00770	0.00938	0.01319
40	0.00954	0.00679	0.00897	0.01068	0.01111	0.00636	0.00708	0.01082	0.01467	0.01956	0.04184	0.68977	0.05016	0.05850	0.01134	0.00336	0.00465	0.02152	0.00708	0.00622
41	0.08431	0.02586	0.02285	0.08584	0.10505	0.27783	0.01607	0.23365	0.02495	0.03089	0.01456	0.01665	0.01123	0.00821	0.00723	0.00223	0.01066	0.00600	0.00523	0.01069
42	0.02052	0.66966	0.04108	0.01497	0.02171	0.02971	0.06931	0.02336	0.01598	0.01882	0.01121	0.01318	0.01011	0.00662	0.00534	0.00174	0.00871	0.00459	0.00337	0.00999
43	0.02813	0.02078	0.02222	0.01728	0.02317	0.02304	0.01419	0.58254	0.08326	0.04685	0.01985	0.01979	0.01424	0.00939	0.00768	0.00233	0.00816	0.00713	0.03708	0.01289
44	0.01097	0.00793	0.01036	0.00975	0.01158	0.00732	0.00732	0.01463	0.02195	0.03109	0.67505	0.05792	0.07316	0.01585	0.00914	0.00244	0.00366	0.01402	0.00854	0.00732
45	0.01919	0.01842	0.03147	0.04759	0.67914	0.01842	0.02380	0.02380	0.01765	0.02533	0.01458	0.01919	0.01228	0.00691	0.00768	0.00230	0.00921	0.00691	0.00384	0.01228
46	0.01925	0.01583	0.01689	0.01514	0.01944	0.01791	0.01186	0.06177	0.54956	0.05479	0.03487	0.03367	0.07311	0.01146	0.00806	0.00264	0.00611	0.02800	0.00787	0.01175
47	0.02947	0.02172	0.02327	0.01784	0.02404	0.02404	0.01474	0.65329	0.03646	0.04887	0.01862	0.01862	0.01319	0.00931	0.00776	0.00233	0.00853	0.00698	0.00776	0.01319
48	0.01227	0.00878	0.01219	0.01362	0.01541	0.00869	0.01174	0.01586	0.01844	0.02435	0.13304	0.08317	0.04876	0.02061	0.01048	0.00341	0.00663	0.53802	0.00734	0.00717
49	0.01696	0.01696	0.02375	0.02036	0.02036	0.02375	0.01696	0.01866	0.01187	0.01866	0.01018	0.01696	0.01018	0.01357	0.02545	0.00339	0.71332	0.00679	0.00339	0.00848
50	0.01347	0.00673	0.01010	0.01010	0.01010	0.00673	0.00673	0.01010	0.01010	0.01347	0.01347	0.02357	0.01347	0.02694	0.03030	0.77441	0.00673	0.00673	0.00337	0.00337
51	0.03414	0.01334	0.01797	0.01388	0.01981	0.01172	0.01143	0.03793	0.04896	0.65736	0.03063	0.02650	0.01938	0.00964	0.00780	0.00241	0.00658	0.00784	0.00953	0.01316
52	0.01091	0.00787	0.01034	0.00999	0.01172	0.00730	0.00749	0.01439	0.02126	0.02996	0.60470	0.10926	0.07049	0.01669	0.00926	0.00253	0.00385	0.03638	0.00838	0.00723
53	0.01681	0.01634	0.02533	0.46206	0.22909	0.05094	0.02153	0.02225	0.03948	0.02179	0.01455	0.02021	0.01135	0.00762	0.00770	0.00248	0.01005	0.00687	0.00374	0.00981
54	0.02450	0.07778	0.02096	0.01609	0.02109	0.11157	0.01293	0.15578	0.29703	0.11978	0.04478	0.02413	0.01962	0.00967	0.00753	0.00237	0.00782	0.00757	0.00721	0.01178
55	0.01875	0.01797	0.03068	0.11141	0.61876	0.01831	0.02358	0.02341	0.01745	0.02480	0.01451	0.01933	0.01209	0.00699	0.00768	0.00233	0.00932	0.00691	0.00380	0.01193
56	0.01919	0.01842	0.03147	0.04759	0.67914	0.01842	0.02380	0.02380	0.01765	0.02533	0.01458	0.01919	0.01228	0.00691	0.00768	0.00230	0.00921	0.00691	0.00384	0.01228
57	0.01555	0.04011	0.68733	0.02210	0.03356	0.01801	0.02865	0.02455	0.01637	0.02455	0.01391	0.01637	0.00982	0.00737	0.00737	0.00246	0.01146	0.00573	0.00327	0.01146
58	0.01608	0.01378	0.01608	0.01148	0.01837	0.01034	0.00919	0.01952	0.01608	0.02527	0.01378	0.01608	0.01148	0.00574	0.00574	0.00115	0.00574	0.00459	0.00459	0.77491
59	0.01249	0.00892	0.01249	0.01428	0.01606	0.00892	0.01249	0.01606	0.01785	0.02320	0.04105	0.08746	0.04462	0.02142	0.01071	0.00357	0.00714	0.62695	0.00714	0.00714
60	0.00945	0.00675	0.00900	0.01080	0.01125	0.00630	0.00720	0.01080	0.01484	0.01979	0.04274	0.72245	0.05128	0.02429	0.00990	0.00315	0.00450	0.02204	0.00720	0.00630
61	0.01708	0.06370	0.57535	0.02083	0.03127	0.01824	0.02588	0.02648	0.06577	0.06062	0.01603	0.01771	0.01138	0.00770	0.00734	0.00243	0.01067	0.00601	0.00397	0.01156
62	0.06852	0.04952	0.01875	0.01373	0.01950	0.03958	0.01136	0.07542	0.02187	0.49649	0.02619	0.02369	0.01715	0.00906	0.00729	0.00226	0.00690	0.00712	0.03972	0.04588
63	0.02512	0.01684	0.01879	0.01461	0.02028	0.01716	0.01189	0.31668	0.07556	0.13556	0.02118	0.02122	0.01530	0.00870	0.00711	0.00207	0.00695	0.00679	0.09389	0.16433
64	0.01888	0.02263	0.13433	0.03986	0.46542	0.04228	0.08519	0.02499	0.04462	0.02523	0.01520	0.01914	0.01224	0.00713	0.00776	0.00236	0.00998	0.00695	0.00393	0.01186

[dist]
# distance from previous block
# <min> <max>
13	32

[block]
# block no. 2 follows, 25 sequences, length 32
# corresponding to MSA columns:
# 175-206
name=unknown_C
#
# <colnr> <probs for GDERKNQSTAVLIFYWHMCP>
#	G	D	E	R	K	N	Q	S	T	A	V	L	I	F	Y	W	H	M	C	P
0	0.02538	0.06265	0.17364	0.01595	0.02325	0.04796	0.01556	0.07436	0.04143	0.29000	0.02120	0.02056	0.01454	0.00823	0.00717	0.00215	0.00815	0.00644	0.00652	0.13485
1	0.04268	0.01851	0.15807	0.06488	0.02278	0.01449	0.01498	0.06754	0.14188	0.07227	0.07958	0.09710	0.02674	0.05572	0.01006	0.00292	0.00756	0.06470	0.00623	0.03130
2	0.01795	0.01356	0.01627	0.01354	0.01791	0.01303	0.03157	0.15930	0.06940	0.06069	0.02890	0.20677	0.06463	0.03695	0.00898	0.00245	0.00630	0.01123	0.00660	0.21395
3	0.02367	0.01723	0.01907	0.01481	0.02046	0.01762	0.01204	0.37567	0.02777	0.06971	0.02268	0.04060	0.05499	0.01132	0.03290	0.00246	0.00769	0.00749	0.03496	0.18687
4	0.12130	0.01972	0.02068	0.05854	0.02380	0.04953	0.01378	0.43572	0.02963	0.08755	0.01908	0.05221	0.01454	0.00964	0.00746	0.00238	0.00823	0.00733	0.00707	0.01180
5	0.10042	0.02347	0.13171	0.04054	0.02486	0.04514	0.01617	0.40335	0.02798	0.03922	0.01634	0.01785	0.01196	0.00975	0.00875	0.04948	0.00891	0.00641	0.00617	0.01152
6	0.09361	0.57479	0.03554	0.01375	0.01996	0.08627	0.01302	0.05054	0.01692	0.02116	0.01122	0.01285	0.00994	0.00692	0.00525	0.00179	0.00857	0.00434	0.00370	0.00986
7	0.01168	0.00914	0.01323	0.01293	0.01400	0.01093	0.00997	0.01403	0.01240	0.01790	0.02085	0.06075	0.02049	0.10872	0.53594	0.01062	0.09630	0.00899	0.00425	0.00688
8	0.01403	0.05135	0.01089	0.00920	0.01045	0.00858	0.00670	0.01442	0.01342	0.02070	0.03987	0.02740	0.01850	0.04482	0.05063	0.33301	0.00620	0.00724	0.30695	0.00564
9	0.01665	0.01629	0.02307	0.08477	0.02304	0.02250	0.01695	0.01875	0.01238	0.01916	0.01109	0.01777	0.01056	0.01285	0.02301	0.00326	0.61995	0.00681	0.03268	0.00845
10	0.01488	0.01435	0.02625	0.20662	0.03301	0.01568	0.20958	0.01894	0.01551	0.02098	0.01973	0.10887	0.01870	0.01639	0.07646	0.03728	0.08668	0.04735	0.00432	0.00841
11	0.01472	0.01375	0.02274	0.54193	0.10658	0.01671	0.02015	0.01928	0.01544	0.02026	0.01633	0.08531	0.01430	0.00954	0.00897	0.00266	0.05047	0.00829	0.00383	0.00874
12	0.01148	0.00744	0.00861	0.00861	0.00861	0.00744	0.00489	0.01117	0.01117	0.01489	0.02342	0.04822	0.02683	0.66263	0.03862	0.07854	0.00744	0.01085	0.00457	0.00457
13	0.01464	0.01378	0.02326	0.70887	0.05340	0.01723	0.02153	0.01981	0.01550	0.01981	0.01378	0.02067	0.01034	0.00775	0.00775	0.00258	0.01034	0.00689	0.00345	0.00861
14	0.01319	0.00678	0.00973	0.00989	0.01011	0.00674	0.00665	0.01092	0.01112	0.01551	0.01729	0.08879	0.01757	0.02500	0.02607	0.63014	0.00623	0.00820	0.07606	0.00400
15	0.02707	0.05815	0.01891	0.01422	0.01944	0.01526	0.01161	0.07900	0.20032	0.35855	0.08849	0.02861	0.02444	0.01023	0.00777	0.00242	0.00644	0.00836	0.00851	0.01220
16	0.21148	0.01642	0.01783	0.01402	0.01982	0.01691	0.01152	0.22176	0.04623	0.24841	0.02060	0.01980	0.01418	0.00860	0.00687	0.00227	0.00695	0.00641	0.00735	0.08254
17	0.02002	0.63672	0.12983	0.01449	0.02178	0.02893	0.01539	0.02340	0.01584	0.01911	0.01121	0.01298	0.00993	0.00673	0.00530	0.00177	0.00873	0.00436	0.00331	0.01016
18	0.02945	0.01883	0.02113	0.01652	0.02242	0.02014	0.01354	0.41127	0.11869	0.21018	0.02347	0.02203	0.01616	0.00955	0.00779	0.00239	0.00771	0.00743	0.00825	0.01306
19	0.01732	0.01452	0.01674	0.01207	0.01890	0.01161	0.00970	0.07822	0.01797	0.02745	0.01423	0.01631	0.01164	0.00607	0.00593	0.00126	0.00600	0.00481	0.00489	0.70436
20	0.02816	0.02107	0.02253	0.01757	0.02355	0.02343	0.01442	0.57458	0.11730	0.04675	0.02028	0.01994	0.01453	0.00946	0.00777	0.00237	0.00822	0.00721	0.00777	0.01307
21	0.07660	0.12519	0.05150	0.06396	0.02389	0.08826	0.01433	0.31465	0.04696	0.03529	0.01672	0.01807	0.01262	0.00847	0.00687	0.00219	0.00863	0.00620	0.06852	0.01107
22	0.00959	0.00686	0.00913	0.01070	0.01128	0.00639	0.00721	0.01116	0.01551	0.02086	0.10235	0.65979	0.05334	0.02350	0.00983	0.00308	0.00442	0.02129	0.00732	0.00639
23	0.00945	0.00675	0.00900	0.01080	0.01125	0.00630	0.00720	0.01080	0.01484	0.01979	0.04274	0.72245	0.05128	0.02429	0.00990	0.00315	0.00450	0.02204	0.00720	0.00630
24	0.01766	0.01926	0.03992	0.16890	0.10330	0.01902	0.46635	0.02374	0.01768	0.02388	0.01520	0.02070	0.01153	0.00681	0.00873	0.00258	0.01216	0.00849	0.00382	0.01026
25	0.01811	0.01723	0.02929	0.16962	0.53998	0.01788	0.02299	0.02279	0.01726	0.02423	0.01534	0.02179	0.01302	0.00756	0.00779	0.00240	0.00935	0.02805	0.00388	0.01142
26	0.01128	0.00752	0.00846	0.00846	0.00846	0.00752	0.00470	0.01128	0.01128	0.01503	0.02443	0.05074	0.02819	0.72751	0.03946	0.00752	0.00752	0.01128	0.00470	0.00470
27	0.01464	0.01378	0.02326	0.70887	0.05340	0.01723	0.02153	0.01981	0.01550	0.01981	0.01378	0.02067	0.01034	0.00775	0.00775	0.00258	0.01034	0.00689	0.00345	0.00861
28	0.02896	0.03695	0.02197	0.01998	0.02397	0.69638	0.01498	0.03096	0.02197	0.01898	0.01199	0.01398	0.00999	0.00799	0.00699	0.00200	0.01398	0.00499	0.00400	0.00899
29	0.01108	0.00831	0.01246	0.01246	0.01385	0.00969	0.00969	0.01385	0.01246	0.01800	0.02077	0.03046	0.01938	0.05815	0.69678	0.01246	0.02077	0.00831	0.00415	0.00692
30	0.01634	0.08455	0.54107	0.02317	0.03373	0.01913	0.12642	0.02451	0.01663	0.02417	0.01398	0.01682	0.01014	0.00718	0.00749	0.00243	0.01150	0.00616	0.00338	0.01120
31	0.00916	0.00785	0.00785	0.00785	0.01047	0.00655	0.00589	0.01113	0.01767	0.02095	0.07855	0.07462	0.67599	0.01964	0.00916	0.00262	0.00393	0.01636	0.00720	0.00655

[dist]
# distance from previous block
# <min> <max>
0	0

# created by:
# /st0/software/busco_prod/Augustus/scripts/msa2prfl.pl ./align_prep/128459.fa
