[name]
unknown

[dist]
# distance from previous block
# <min> <max>
0	9

[block]
# block no. 0 follows, 26 sequences, length 33
# corresponding to MSA columns:
# 9-41
name=unknown_A
#
# <colnr> <probs for GDERKNQSTAVLIFYWHMCP>
#	G	D	E	R	K	N	Q	S	T	A	V	L	I	F	Y	W	H	M	C	P
0	0.01222	0.00873	0.01222	0.01397	0.01572	0.00873	0.01222	0.01572	0.01746	0.02270	0.04016	0.08556	0.04365	0.02095	0.01048	0.00349	0.00698	0.63506	0.00698	0.00698
1	0.01762	0.02076	0.07109	0.07161	0.07142	0.01892	0.56356	0.02395	0.01763	0.02402	0.01511	0.02017	0.01137	0.00652	0.00873	0.00253	0.01238	0.00857	0.00378	0.01026
2	0.01176	0.00898	0.01022	0.01070	0.01247	0.00784	0.00751	0.01302	0.01813	0.02361	0.15924	0.32171	0.32174	0.02140	0.01009	0.00312	0.00484	0.01810	0.00790	0.00762
3	0.01414	0.00707	0.00707	0.00707	0.00884	0.00707	0.00530	0.01767	0.01591	0.02828	0.02474	0.02828	0.01944	0.00884	0.00530	0.00177	0.00353	0.00707	0.77554	0.00707
4	0.24340	0.05648	0.01953	0.06681	0.02247	0.17626	0.01286	0.23303	0.02292	0.03302	0.03717	0.01670	0.01255	0.00821	0.00650	0.00221	0.00881	0.00571	0.00542	0.00994
5	0.01065	0.00775	0.01002	0.00945	0.01128	0.00712	0.00709	0.01415	0.02127	0.02993	0.65256	0.05746	0.10143	0.01569	0.00895	0.00239	0.00359	0.01383	0.00829	0.00712
6	0.01414	0.00707	0.00707	0.00707	0.00884	0.00707	0.00530	0.01767	0.01591	0.02828	0.02474	0.02828	0.01944	0.00884	0.00530	0.00177	0.00353	0.00707	0.77554	0.00707
7	0.02725	0.01994	0.02229	0.01850	0.05731	0.02204	0.01445	0.53748	0.05343	0.06982	0.01879	0.01914	0.01353	0.00918	0.00815	0.00231	0.03430	0.00691	0.03270	0.01246
8	0.06887	0.11153	0.57784	0.01990	0.03016	0.01889	0.02507	0.02376	0.01574	0.02406	0.01308	0.01535	0.00953	0.00712	0.00679	0.00232	0.01051	0.00534	0.00331	0.01085
9	0.01737	0.04715	0.12464	0.04526	0.07248	0.05211	0.29360	0.02358	0.05462	0.02344	0.04482	0.04496	0.01552	0.00869	0.01022	0.00256	0.09663	0.00826	0.00418	0.00993
10	0.01698	0.01296	0.01453	0.01304	0.01670	0.01383	0.01007	0.02993	0.37219	0.08155	0.17988	0.07100	0.07698	0.01242	0.00807	0.00247	0.00526	0.01059	0.00777	0.04377
11	0.01610	0.01499	0.05128	0.01195	0.01872	0.01105	0.01013	0.05254	0.01685	0.02571	0.01641	0.01829	0.03958	0.00646	0.00594	0.00131	0.00598	0.00516	0.00470	0.66685
12	0.01877	0.01802	0.03079	0.04656	0.68612	0.01802	0.02328	0.02328	0.01727	0.02478	0.01427	0.01877	0.01201	0.00676	0.00751	0.00225	0.00901	0.00676	0.00375	0.01201
13	0.01084	0.00813	0.01219	0.01219	0.01354	0.00948	0.00948	0.01354	0.01219	0.01761	0.02032	0.02980	0.01896	0.05689	0.70337	0.01219	0.02032	0.00813	0.00406	0.00677
14	0.01491	0.01398	0.02308	0.62661	0.09986	0.01705	0.02076	0.02078	0.04968	0.02045	0.01445	0.02053	0.01094	0.00766	0.00758	0.00251	0.00981	0.00684	0.00363	0.00889
15	0.01414	0.00707	0.00707	0.00707	0.00884	0.00707	0.00530	0.01767	0.01591	0.02828	0.02474	0.02828	0.01944	0.00884	0.00530	0.00177	0.00353	0.00707	0.77554	0.00707
16	0.01573	0.01348	0.01573	0.01123	0.01798	0.01011	0.00899	0.01910	0.01573	0.02472	0.01348	0.01573	0.01123	0.00562	0.00562	0.00112	0.00562	0.00449	0.00449	0.77980
17	0.05617	0.01333	0.01620	0.04990	0.01959	0.01361	0.01111	0.05822	0.20217	0.29660	0.12436	0.02998	0.02669	0.01032	0.00764	0.00240	0.00604	0.00854	0.03596	0.01116
18	0.01414	0.00707	0.00707	0.00707	0.00884	0.00707	0.00530	0.01767	0.01591	0.02828	0.02474	0.02828	0.01944	0.00884	0.00530	0.00177	0.00353	0.00707	0.77554	0.00707
19	0.01685	0.01818	0.06746	0.32958	0.28433	0.06916	0.02109	0.02150	0.01646	0.02164	0.01517	0.05689	0.01292	0.00814	0.00759	0.00240	0.00973	0.00733	0.00374	0.00985
20	0.00971	0.00814	0.00850	0.00833	0.01088	0.00715	0.00627	0.01287	0.05214	0.02237	0.15329	0.06853	0.56882	0.01826	0.00890	0.00254	0.00392	0.01532	0.00725	0.00679
21	0.01458	0.01374	0.02321	0.67665	0.08878	0.01692	0.02119	0.01960	0.01529	0.01969	0.01353	0.02014	0.01022	0.00754	0.00758	0.00251	0.01005	0.00674	0.00339	0.00863
22	0.01084	0.00813	0.01219	0.01219	0.01354	0.00948	0.00948	0.01354	0.01219	0.01761	0.02032	0.02980	0.01896	0.05689	0.70337	0.01219	0.02032	0.00813	0.00406	0.00677
23	0.01414	0.00707	0.00707	0.00707	0.00884	0.00707	0.00530	0.01767	0.01591	0.02828	0.02474	0.02828	0.01944	0.00884	0.00530	0.00177	0.00353	0.00707	0.77554	0.00707
24	0.02883	0.02125	0.02276	0.01745	0.02352	0.02352	0.01442	0.66082	0.03566	0.04780	0.01821	0.01821	0.01290	0.00911	0.00759	0.00228	0.00835	0.00683	0.00759	0.01290
25	0.00960	0.00687	0.00916	0.01061	0.01130	0.00643	0.00733	0.01133	0.01559	0.02100	0.12592	0.60566	0.05263	0.02253	0.00963	0.00301	0.00443	0.05343	0.00721	0.00634
26	0.43636	0.05355	0.01484	0.01179	0.01625	0.05376	0.00961	0.13142	0.01845	0.03308	0.07153	0.04886	0.05490	0.00946	0.00611	0.00232	0.00647	0.00677	0.00560	0.00886
27	0.01414	0.00707	0.00707	0.00707	0.00884	0.00707	0.00530	0.01767	0.01591	0.02828	0.02474	0.02828	0.01944	0.00884	0.00530	0.00177	0.00353	0.00707	0.77554	0.00707
28	0.01089	0.00790	0.01106	0.01106	0.01202	0.00887	0.00807	0.01282	0.01185	0.01677	0.02135	0.03554	0.02145	0.25253	0.51114	0.01079	0.01657	0.00897	0.00422	0.00614
29	0.01877	0.01802	0.03079	0.04656	0.68612	0.01802	0.02328	0.02328	0.01727	0.02478	0.01427	0.01877	0.01201	0.00676	0.00751	0.00225	0.00901	0.00676	0.00375	0.01201
30	0.01783	0.01711	0.02651	0.23315	0.40126	0.04044	0.02098	0.02448	0.09703	0.02388	0.01599	0.02019	0.01276	0.00746	0.00753	0.00236	0.00911	0.00691	0.00414	0.01088
31	0.01659	0.01659	0.02323	0.01991	0.01991	0.02323	0.01659	0.01825	0.01162	0.01825	0.00996	0.01659	0.00996	0.01328	0.02489	0.00332	0.71955	0.00664	0.00332	0.00830
32	0.01824	0.01739	0.02905	0.07027	0.60844	0.01758	0.02208	0.02337	0.04441	0.02470	0.01723	0.02123	0.03715	0.00740	0.00757	0.00229	0.00874	0.00717	0.00403	0.01167

[dist]
# distance from previous block
# <min> <max>
0	2

[block]
# block no. 1 follows, 26 sequences, length 12
# corresponding to MSA columns:
# 44-55
name=unknown_B
#
# <colnr> <probs for GDERKNQSTAVLIFYWHMCP>
#	G	D	E	R	K	N	Q	S	T	A	V	L	I	F	Y	W	H	M	C	P
0	0.01972	0.66157	0.11132	0.01392	0.02093	0.02866	0.01462	0.02286	0.01548	0.01852	0.01088	0.01259	0.00972	0.00657	0.00512	0.00171	0.00845	0.00423	0.00324	0.00990
1	0.13793	0.01651	0.01751	0.01439	0.01935	0.01802	0.01163	0.26633	0.18142	0.11871	0.07137	0.02576	0.04812	0.01000	0.00735	0.00239	0.00665	0.00782	0.00744	0.01130
2	0.01414	0.00707	0.00707	0.00707	0.00884	0.00707	0.00530	0.01767	0.01591	0.02828	0.02474	0.02828	0.01944	0.00884	0.00530	0.00177	0.00353	0.00707	0.77554	0.00707
3	0.01315	0.03665	0.07933	0.01466	0.01778	0.01114	0.08707	0.04184	0.01743	0.04077	0.16114	0.35004	0.04115	0.01664	0.00942	0.00272	0.02972	0.01499	0.00640	0.00794
4	0.01555	0.01367	0.01791	0.01305	0.01947	0.01083	0.06364	0.01912	0.01565	0.02415	0.01415	0.01717	0.01183	0.00949	0.05765	0.00206	0.00731	0.00514	0.00441	0.65776
5	0.01542	0.04695	0.05624	0.01155	0.01487	0.01051	0.00973	0.06387	0.02151	0.10726	0.45083	0.08018	0.05320	0.01380	0.00842	0.00237	0.00500	0.01194	0.00778	0.00857
6	0.01623	0.04347	0.22688	0.02763	0.26951	0.04663	0.02004	0.02149	0.01744	0.02459	0.11788	0.06777	0.02261	0.00930	0.00760	0.00230	0.00862	0.00816	0.00452	0.03730
7	0.01848	0.06975	0.13516	0.06051	0.12620	0.01880	0.24607	0.10117	0.01943	0.02685	0.04525	0.02005	0.01400	0.00734	0.00776	0.00229	0.01014	0.00736	0.00437	0.05902
8	0.01880	0.01593	0.04763	0.01625	0.05058	0.01452	0.05784	0.10016	0.15990	0.07080	0.04133	0.05825	0.01868	0.00883	0.00711	0.00202	0.00675	0.00759	0.04268	0.25437
9	0.14366	0.05989	0.01527	0.01135	0.01603	0.01264	0.00917	0.02361	0.07479	0.15247	0.11358	0.05579	0.05769	0.00993	0.00676	0.00206	0.00552	0.00799	0.03459	0.18722
10	0.01967	0.01703	0.06787	0.01403	0.02036	0.01440	0.01213	0.12805	0.07726	0.08379	0.01698	0.01814	0.01300	0.00742	0.00740	0.00175	0.04321	0.00569	0.00553	0.42630
11	0.01922	0.04873	0.04594	0.01338	0.01863	0.04867	0.01110	0.10482	0.06264	0.09768	0.04900	0.10769	0.02047	0.01153	0.03246	0.00232	0.00715	0.00807	0.00595	0.28456

[dist]
# distance from previous block
# <min> <max>
2	18

[block]
# block no. 2 follows, 26 sequences, length 15
# corresponding to MSA columns:
# 74-88
name=unknown_C
#
# <colnr> <probs for GDERKNQSTAVLIFYWHMCP>
#	G	D	E	R	K	N	Q	S	T	A	V	L	I	F	Y	W	H	M	C	P
0	0.06242	0.07804	0.01972	0.01459	0.01939	0.08913	0.03320	0.09922	0.13750	0.16214	0.06798	0.02325	0.01914	0.01026	0.00876	0.05949	0.00741	0.00707	0.00642	0.07486
1	0.07140	0.04415	0.01795	0.01367	0.01837	0.03954	0.03828	0.18778	0.03961	0.11989	0.15374	0.02866	0.04596	0.01001	0.00729	0.00216	0.00654	0.00817	0.06365	0.08318
2	0.05468	0.06099	0.01853	0.06552	0.02068	0.09750	0.01173	0.16514	0.05019	0.17214	0.05052	0.02510	0.01835	0.08489	0.01037	0.00275	0.00780	0.00733	0.06572	0.01008
3	0.06986	0.09023	0.13787	0.05052	0.02315	0.01723	0.01497	0.10526	0.11244	0.20590	0.02106	0.02142	0.01513	0.01261	0.06617	0.00315	0.00894	0.00674	0.00621	0.01114
4	0.13763	0.08385	0.39247	0.01895	0.02752	0.01876	0.06562	0.02605	0.11162	0.02627	0.01555	0.01725	0.01151	0.00752	0.00683	0.00237	0.00948	0.00592	0.00415	0.01067
5	0.01851	0.10046	0.07711	0.03148	0.02083	0.01419	0.02769	0.03975	0.04541	0.09231	0.01620	0.01771	0.01256	0.00673	0.00613	0.00161	0.00677	0.00537	0.03606	0.42315
6	0.01345	0.00744	0.01028	0.01025	0.01074	0.00763	0.00701	0.01291	0.06674	0.01593	0.01714	0.06985	0.01676	0.02392	0.02523	0.62293	0.00624	0.00776	0.04338	0.00441
7	0.06170	0.01748	0.01852	0.01555	0.02055	0.01957	0.01241	0.22736	0.39537	0.06489	0.02537	0.02389	0.01869	0.00957	0.00745	0.00241	0.00672	0.00764	0.00749	0.03736
8	0.01377	0.01119	0.06920	0.01114	0.01433	0.00856	0.00944	0.01757	0.02029	0.09990	0.47987	0.09173	0.05621	0.01419	0.00854	0.00236	0.00469	0.01242	0.00775	0.04685
9	0.06761	0.28759	0.38453	0.01888	0.05639	0.02205	0.02111	0.02340	0.01565	0.02249	0.01234	0.01452	0.00967	0.00692	0.00622	0.00211	0.00965	0.00500	0.00334	0.01052
10	0.05953	0.57269	0.09185	0.01381	0.02040	0.02720	0.01398	0.06165	0.01647	0.02103	0.01161	0.01347	0.01015	0.00845	0.02892	0.00212	0.00869	0.00450	0.00361	0.00987
11	0.00924	0.00660	0.00880	0.01056	0.01100	0.00616	0.00704	0.01056	0.01452	0.01936	0.04181	0.72848	0.05017	0.02376	0.00968	0.00308	0.00440	0.02156	0.00704	0.00616
12	0.00935	0.00669	0.00890	0.01049	0.01103	0.00623	0.00705	0.01084	0.01503	0.02018	0.08903	0.67893	0.05175	0.02315	0.00963	0.00303	0.00434	0.02098	0.00714	0.00623
13	0.01959	0.31850	0.02842	0.01550	0.01916	0.06727	0.01366	0.02185	0.01480	0.05365	0.01240	0.01571	0.01094	0.00929	0.01244	0.00228	0.26544	0.00543	0.05108	0.04259
14	0.07809	0.06896	0.60899	0.02028	0.03075	0.01813	0.02573	0.02382	0.01573	0.02455	0.01323	0.01554	0.00950	0.00716	0.00690	0.00236	0.01064	0.00541	0.00333	0.01090

[dist]
# distance from previous block
# <min> <max>
0	1

[block]
# block no. 3 follows, 26 sequences, length 70
# corresponding to MSA columns:
# 90-159
name=unknown_D
#
# <colnr> <probs for GDERKNQSTAVLIFYWHMCP>
#	G	D	E	R	K	N	Q	S	T	A	V	L	I	F	Y	W	H	M	C	P
0	0.02317	0.50970	0.03406	0.01439	0.02061	0.06913	0.01333	0.16490	0.02050	0.04930	0.01303	0.01410	0.01077	0.00726	0.00569	0.00181	0.00844	0.00485	0.00447	0.01049
1	0.01278	0.01654	0.13926	0.01713	0.05906	0.01246	0.10206	0.01686	0.01709	0.02279	0.11352	0.04546	0.30253	0.01361	0.00999	0.00256	0.07087	0.01153	0.00553	0.00838
2	0.01850	0.01462	0.01544	0.01313	0.01733	0.01558	0.01042	0.24703	0.18826	0.03324	0.06437	0.04198	0.26183	0.01330	0.00817	0.00246	0.00596	0.01084	0.00745	0.01012
3	0.02028	0.73799	0.03975	0.01298	0.01947	0.03001	0.01298	0.02271	0.01541	0.01785	0.01055	0.01217	0.00973	0.00649	0.00487	0.00162	0.00811	0.00406	0.00324	0.00973
4	0.01686	0.01600	0.02745	0.21370	0.43139	0.01679	0.04934	0.02141	0.01667	0.02306	0.01665	0.04925	0.01477	0.00841	0.00785	0.00244	0.00917	0.04431	0.00397	0.01051
5	0.01074	0.00775	0.01014	0.00954	0.01133	0.00716	0.00716	0.01431	0.02147	0.03042	0.68211	0.05666	0.07157	0.01551	0.00895	0.00239	0.00358	0.01372	0.00835	0.00716
6	0.01775	0.01468	0.01681	0.01219	0.01883	0.01218	0.00983	0.11809	0.01880	0.02828	0.01421	0.01611	0.01149	0.00616	0.00592	0.00130	0.00604	0.00485	0.00497	0.66150
7	0.00989	0.00712	0.00934	0.01049	0.01135	0.00661	0.00724	0.01162	0.01545	0.02093	0.12600	0.54687	0.05027	0.06062	0.01107	0.00318	0.00462	0.04969	0.00700	0.03065
8	0.01757	0.10081	0.15233	0.02688	0.03471	0.01985	0.43230	0.02365	0.01700	0.02336	0.01427	0.01848	0.01093	0.00675	0.00863	0.00240	0.03652	0.00759	0.00367	0.04231
9	0.01552	0.01485	0.02536	0.43921	0.23940	0.01670	0.05231	0.02029	0.01606	0.02131	0.01753	0.02290	0.05029	0.00796	0.00771	0.00245	0.00954	0.00740	0.00372	0.00947
10	0.00924	0.00660	0.00880	0.01056	0.01100	0.00616	0.00704	0.01056	0.01452	0.01936	0.04181	0.72848	0.05017	0.02376	0.00968	0.00308	0.00440	0.02156	0.00704	0.00616
11	0.01773	0.01934	0.04002	0.09884	0.16454	0.01874	0.47719	0.02364	0.01753	0.02393	0.01496	0.02012	0.01147	0.00658	0.00855	0.00250	0.01181	0.00832	0.00378	0.01040
12	0.01313	0.01171	0.02020	0.05210	0.08793	0.01142	0.15360	0.03826	0.01641	0.02210	0.03099	0.42351	0.03442	0.01686	0.00915	0.00284	0.00720	0.03432	0.00585	0.00802
13	0.00924	0.00660	0.00880	0.01056	0.01100	0.00616	0.00704	0.01056	0.01452	0.01936	0.04181	0.72848	0.05017	0.02376	0.00968	0.00308	0.00440	0.02156	0.00704	0.00616
14	0.74915	0.05038	0.01256	0.01012	0.01491	0.01766	0.00845	0.02232	0.01303	0.03323	0.01056	0.01231	0.00829	0.00701	0.00470	0.00231	0.00598	0.00410	0.00462	0.00829
15	0.04054	0.04799	0.24592	0.05874	0.09464	0.01875	0.33504	0.02379	0.01690	0.02413	0.01433	0.01839	0.01074	0.00676	0.00796	0.00244	0.01148	0.00730	0.00362	0.01054
16	0.02883	0.02125	0.02276	0.01745	0.02352	0.02352	0.01442	0.66082	0.03566	0.04780	0.01821	0.01821	0.01290	0.00911	0.00759	0.00228	0.00835	0.00683	0.00759	0.01290
17	0.01816	0.02725	0.27421	0.03243	0.31492	0.07068	0.05824	0.02528	0.06082	0.02446	0.01500	0.01809	0.01167	0.00722	0.00744	0.00232	0.01019	0.00643	0.00383	0.01137
18	0.04189	0.16917	0.42802	0.01817	0.02733	0.01886	0.02155	0.02601	0.01681	0.14110	0.01581	0.01690	0.01121	0.00745	0.00676	0.00224	0.00961	0.00562	0.00435	0.01114
19	0.00938	0.00670	0.00896	0.01072	0.01122	0.00628	0.00729	0.01081	0.01466	0.01952	0.04173	0.69805	0.04986	0.02363	0.00972	0.00310	0.00452	0.05060	0.00704	0.00620
20	0.01596	0.01519	0.02616	0.41418	0.27191	0.01699	0.05290	0.02082	0.01615	0.02167	0.01511	0.02281	0.01243	0.00787	0.00776	0.00248	0.00971	0.03651	0.00370	0.00970
21	0.06920	0.41934	0.06276	0.01491	0.02118	0.04987	0.04116	0.08156	0.07751	0.07592	0.01497	0.01583	0.01191	0.00740	0.00593	0.00196	0.00822	0.00530	0.00465	0.01043
22	0.00954	0.00694	0.00941	0.03584	0.01251	0.00663	0.00756	0.01118	0.01510	0.02025	0.09205	0.64920	0.05044	0.02252	0.00955	0.00300	0.00454	0.02040	0.00701	0.00632
23	0.00924	0.00660	0.00880	0.01056	0.01100	0.00616	0.00704	0.01056	0.01452	0.01936	0.04181	0.72848	0.05017	0.02376	0.00968	0.00308	0.00440	0.02156	0.00704	0.00616
24	0.04858	0.01156	0.01726	0.22288	0.02651	0.01261	0.09130	0.04598	0.01663	0.02618	0.01932	0.02379	0.01491	0.00809	0.00651	0.00214	0.00695	0.00707	0.38359	0.00816
25	0.02833	0.03615	0.02149	0.01954	0.02345	0.70298	0.01466	0.03029	0.02149	0.01856	0.01172	0.01368	0.00977	0.00782	0.00684	0.00195	0.01368	0.00489	0.00391	0.00879
26	0.01645	0.01346	0.01603	0.03379	0.01913	0.01037	0.00946	0.01986	0.01596	0.05262	0.01417	0.01630	0.01152	0.00584	0.00576	0.00122	0.00580	0.00470	0.00466	0.72289
27	0.01659	0.01659	0.02323	0.01991	0.01991	0.02323	0.01659	0.01825	0.01162	0.01825	0.00996	0.01659	0.00996	0.01328	0.02489	0.00332	0.71955	0.00664	0.00332	0.00830
28	0.00924	0.00660	0.00880	0.01056	0.01100	0.00616	0.00704	0.01056	0.01452	0.01936	0.04181	0.72848	0.05017	0.02376	0.00968	0.00308	0.00440	0.02156	0.00704	0.00616
29	0.01452	0.01386	0.02395	0.67796	0.05155	0.01698	0.05581	0.01965	0.01532	0.01965	0.01358	0.02024	0.01019	0.00752	0.00766	0.00253	0.01026	0.00686	0.00340	0.00852
30	0.01723	0.02096	0.09273	0.20283	0.04154	0.04826	0.41681	0.02329	0.01721	0.02278	0.01457	0.01973	0.01092	0.00682	0.00837	0.00251	0.01202	0.00794	0.00367	0.00979
31	0.00933	0.00667	0.00888	0.01050	0.01102	0.00622	0.00705	0.01078	0.01493	0.02001	0.07943	0.68901	0.05142	0.02328	0.00964	0.00304	0.00435	0.02110	0.00712	0.00622
32	0.00978	0.00704	0.00939	0.01107	0.01184	0.00665	0.00794	0.01153	0.01518	0.02003	0.04301	0.58150	0.07623	0.02305	0.00980	0.00313	0.00485	0.13462	0.00703	0.00632
33	0.01568	0.01229	0.01853	0.39990	0.03572	0.01417	0.01611	0.07599	0.01751	0.06199	0.02272	0.15157	0.02138	0.01198	0.00816	0.00266	0.00824	0.06881	0.02806	0.00851
34	0.02736	0.01905	0.02085	0.01648	0.02214	0.02085	0.01345	0.44208	0.17265	0.13037	0.02254	0.02143	0.01592	0.00940	0.00762	0.00235	0.00758	0.00732	0.00786	0.01271
35	0.01015	0.00768	0.00935	0.00904	0.01100	0.00689	0.00674	0.01313	0.01992	0.02698	0.47436	0.09277	0.25031	0.01698	0.00899	0.00247	0.00369	0.01476	0.00790	0.00689
36	0.02028	0.73799	0.03975	0.01298	0.01947	0.03001	0.01298	0.02271	0.01541	0.01785	0.01055	0.01217	0.00973	0.00649	0.00487	0.00162	0.00811	0.00406	0.00324	0.00973
37	0.21056	0.04070	0.01992	0.04049	0.02180	0.05271	0.04730	0.23778	0.08868	0.11618	0.01838	0.01883	0.01329	0.00840	0.00678	0.00230	0.00769	0.00638	0.03094	0.01088
38	0.03385	0.01319	0.01778	0.01363	0.01950	0.01157	0.01126	0.05816	0.02218	0.66950	0.02953	0.02556	0.01858	0.00938	0.00763	0.00234	0.00652	0.00760	0.00933	0.01291
39	0.06239	0.22025	0.44185	0.01891	0.02816	0.04274	0.04115	0.02378	0.01590	0.02283	0.01262	0.01485	0.00962	0.00700	0.00649	0.00218	0.01021	0.00519	0.00334	0.01054
40	0.02470	0.16406	0.02527	0.08861	0.02510	0.15360	0.01452	0.31725	0.02616	0.03253	0.04639	0.01818	0.01416	0.00849	0.00697	0.00212	0.00928	0.00623	0.00563	0.01075
41	0.01877	0.01802	0.03079	0.04656	0.68612	0.01802	0.02328	0.02328	0.01727	0.02478	0.01427	0.01877	0.01201	0.00676	0.00751	0.00225	0.00901	0.00676	0.00375	0.01201
42	0.02381	0.21376	0.16596	0.01512	0.02187	0.01821	0.01526	0.07578	0.01937	0.25187	0.02075	0.02311	0.01545	0.00878	0.00686	0.00220	0.00795	0.04302	0.03977	0.01109
43	0.06161	0.29391	0.18320	0.02237	0.14704	0.05088	0.04997	0.04411	0.01699	0.04634	0.01314	0.01541	0.01055	0.00697	0.00634	0.00206	0.00927	0.00540	0.00382	0.01061
44	0.02977	0.01238	0.01622	0.01281	0.01813	0.01092	0.01046	0.03358	0.05657	0.56359	0.03640	0.03241	0.10993	0.01078	0.00782	0.00239	0.00607	0.00883	0.00898	0.01197
45	0.01196	0.00865	0.01185	0.01346	0.01527	0.00854	0.01170	0.01532	0.01745	0.02252	0.04316	0.08453	0.09588	0.02081	0.01035	0.00342	0.00673	0.58449	0.00699	0.00694
46	0.01862	0.01786	0.03050	0.07019	0.66371	0.01798	0.02320	0.02314	0.01720	0.02459	0.01424	0.01882	0.01195	0.00679	0.00751	0.00226	0.00905	0.00676	0.00374	0.01189
47	0.05918	0.09137	0.02091	0.05475	0.07437	0.04568	0.01296	0.05069	0.13941	0.30499	0.05139	0.02392	0.01881	0.00902	0.00723	0.00230	0.00717	0.00727	0.00712	0.01147
48	0.03179	0.01241	0.01688	0.01312	0.01859	0.01076	0.01076	0.03479	0.02169	0.62783	0.09263	0.02878	0.02385	0.00998	0.00775	0.00235	0.00618	0.00821	0.00929	0.01236
49	0.01222	0.00873	0.01222	0.01397	0.01572	0.00873	0.01222	0.01572	0.01746	0.02270	0.04016	0.08556	0.04365	0.02095	0.01048	0.00349	0.00698	0.63506	0.00698	0.00698
50	0.01789	0.02018	0.04315	0.03213	0.06929	0.01930	0.60041	0.02398	0.01760	0.02405	0.01506	0.02021	0.01146	0.00671	0.00958	0.00258	0.04362	0.00875	0.00381	0.01023
51	0.01521	0.03923	0.69413	0.02162	0.03283	0.01762	0.02802	0.02402	0.01601	0.02402	0.01361	0.01601	0.00961	0.00721	0.00721	0.00240	0.01121	0.00560	0.00320	0.01121
52	0.01573	0.01348	0.01573	0.01123	0.01798	0.01011	0.00899	0.01910	0.01573	0.02472	0.01348	0.01573	0.01123	0.00562	0.00562	0.00112	0.00562	0.00449	0.00449	0.77980
53	0.00924	0.00660	0.00880	0.01056	0.01100	0.00616	0.00704	0.01056	0.01452	0.01936	0.04181	0.72848	0.05017	0.02376	0.00968	0.00308	0.00440	0.02156	0.00704	0.00616
54	0.01103	0.00735	0.00827	0.00827	0.00827	0.00735	0.00460	0.01103	0.01103	0.01471	0.02390	0.04964	0.02758	0.73343	0.03861	0.00735	0.00735	0.01103	0.00460	0.00460
55	0.01147	0.00849	0.01082	0.01027	0.01225	0.00818	0.00784	0.01646	0.07281	0.03007	0.59279	0.05611	0.06609	0.01541	0.00894	0.00247	0.00397	0.04982	0.00822	0.00753
56	0.01521	0.03923	0.69413	0.02162	0.03283	0.01762	0.02802	0.02402	0.01601	0.02402	0.01361	0.01601	0.00961	0.00721	0.00721	0.00240	0.01121	0.00560	0.00320	0.01121
57	0.01079	0.00725	0.00834	0.00858	0.00864	0.00719	0.00492	0.01097	0.01150	0.01533	0.02629	0.14010	0.03059	0.63886	0.03475	0.00678	0.00696	0.01243	0.00492	0.00480
58	0.03135	0.01720	0.02026	0.01553	0.02151	0.01752	0.01283	0.35830	0.02890	0.35988	0.02389	0.02190	0.01575	0.00924	0.00761	0.00231	0.00743	0.00722	0.00846	0.01290
59	0.02063	0.70741	0.03895	0.01326	0.01964	0.05933	0.01305	0.02304	0.01568	0.01788	0.01060	0.01223	0.00974	0.00655	0.00495	0.00164	0.00835	0.00409	0.00327	0.00969
60	0.01709	0.01837	0.03855	0.12502	0.03883	0.01785	0.51536	0.02306	0.01736	0.02394	0.01587	0.02108	0.01198	0.00676	0.00846	0.00249	0.01164	0.00849	0.06810	0.00972
61	0.01414	0.00707	0.00707	0.00707	0.00884	0.00707	0.00530	0.01767	0.01591	0.02828	0.02474	0.02828	0.01944	0.00884	0.00530	0.00177	0.00353	0.00707	0.77554	0.00707
62	0.00952	0.00680	0.00912	0.01088	0.01145	0.00640	0.00753	0.01105	0.01480	0.01968	0.04165	0.66770	0.04955	0.02350	0.00976	0.00312	0.00464	0.07956	0.00704	0.00624
63	0.01872	0.01876	0.03166	0.09340	0.52507	0.04660	0.10741	0.02342	0.01737	0.02405	0.01425	0.01889	0.01171	0.00682	0.00768	0.00230	0.00979	0.00697	0.00374	0.01137
64	0.00925	0.00761	0.00813	0.00818	0.01046	0.00650	0.00607	0.01136	0.01769	0.02186	0.16282	0.12103	0.54477	0.01902	0.00902	0.00258	0.00385	0.01610	0.00723	0.00650
65	0.01177	0.00836	0.01033	0.00964	0.01187	0.00774	0.00730	0.01586	0.05152	0.05648	0.51167	0.05704	0.18035	0.01569	0.00884	0.00243	0.00386	0.01364	0.00812	0.00749
66	0.01715	0.05896	0.55208	0.02174	0.03188	0.05169	0.08000	0.02492	0.01670	0.05516	0.01434	0.01662	0.01022	0.00725	0.00728	0.00237	0.01114	0.00590	0.00359	0.01104
67	0.07628	0.08578	0.02334	0.01850	0.07759	0.15981	0.07446	0.05099	0.01781	0.02430	0.01299	0.01557	0.01070	0.00678	0.00680	0.00177	0.02716	0.00528	0.00425	0.29982
68	0.11224	0.10974	0.17618	0.01792	0.06304	0.07990	0.01616	0.04734	0.16159	0.05775	0.01959	0.04687	0.01603	0.00914	0.00698	0.00235	0.00839	0.03312	0.00521	0.01045
69	0.10345	0.10009	0.23547	0.08189	0.07388	0.01678	0.01802	0.02541	0.01669	0.17093	0.01689	0.01857	0.01220	0.00985	0.03921	0.00271	0.00922	0.00599	0.00487	0.03787

[dist]
# distance from previous block
# <min> <max>
0	11

# created by:
# /st0/software/busco_prod/Augustus/scripts/msa2prfl.pl ./align_prep/128446.fa
