[name]
unknown

[dist]
# distance from previous block
# <min> <max>
0	15

[block]
# block no. 0 follows, 26 sequences, length 21
# corresponding to MSA columns:
# 15-35
name=unknown_A
#
# <colnr> <probs for GDERKNQSTAVLIFYWHMCP>
#	G	D	E	R	K	N	Q	S	T	A	V	L	I	F	Y	W	H	M	C	P
0	0.01222	0.00873	0.01222	0.01397	0.01572	0.00873	0.01222	0.01572	0.01746	0.02270	0.04016	0.08556	0.04365	0.02095	0.01048	0.00349	0.00698	0.63506	0.00698	0.00698
1	0.03378	0.01332	0.01786	0.01369	0.01957	0.01176	0.01131	0.06757	0.02239	0.65980	0.02935	0.02544	0.01849	0.00937	0.00763	0.00234	0.00655	0.00759	0.00930	0.01291
2	0.02799	0.02192	0.02222	0.01744	0.02321	0.07226	0.01424	0.56482	0.08638	0.04438	0.01877	0.01870	0.01351	0.00911	0.00754	0.00228	0.00854	0.00683	0.00733	0.01253
3	0.02994	0.01947	0.02166	0.01661	0.02264	0.02089	0.01372	0.52795	0.03269	0.18487	0.02071	0.01983	0.01415	0.00917	0.00760	0.00229	0.00794	0.00700	0.00797	0.01290
4	0.01094	0.00731	0.00830	0.00839	0.00842	0.00729	0.00473	0.01101	0.01121	0.01495	0.02484	0.08545	0.02877	0.69599	0.03708	0.00713	0.00720	0.01159	0.00473	0.00468
5	0.01286	0.01182	0.05098	0.01671	0.12518	0.01040	0.01127	0.01818	0.07094	0.02875	0.45462	0.04676	0.08459	0.01338	0.00852	0.00239	0.00510	0.01184	0.00719	0.00852
6	0.01003	0.00754	0.00915	0.00911	0.01081	0.00681	0.00661	0.01261	0.01867	0.02510	0.38005	0.16169	0.23661	0.05807	0.01073	0.00282	0.00399	0.01538	0.00758	0.00665
7	0.78701	0.01467	0.01115	0.00997	0.01467	0.01702	0.00821	0.02230	0.01291	0.03403	0.01056	0.01232	0.00821	0.00704	0.00469	0.00235	0.00587	0.00411	0.00469	0.00821
8	0.01887	0.27584	0.27416	0.01673	0.02428	0.06907	0.01820	0.02371	0.01645	0.05757	0.03591	0.01644	0.01242	0.00758	0.00720	0.00204	0.04414	0.00537	0.00388	0.07017
9	0.07405	0.01745	0.02769	0.09748	0.33172	0.01847	0.10747	0.04602	0.13224	0.02664	0.01699	0.02027	0.01342	0.00769	0.00805	0.00241	0.02909	0.00719	0.00460	0.01108
10	0.01208	0.00820	0.00922	0.00897	0.00937	0.00832	0.00534	0.05231	0.01277	0.01704	0.02441	0.08062	0.02774	0.65292	0.03523	0.00682	0.00727	0.01128	0.00490	0.00520
11	0.01462	0.01389	0.02251	0.54863	0.07416	0.01739	0.01980	0.01900	0.01482	0.01951	0.01585	0.02199	0.04055	0.00893	0.01024	0.00264	0.11629	0.00714	0.00355	0.00848
12	0.01908	0.06561	0.29898	0.06988	0.02771	0.20312	0.01956	0.05707	0.03717	0.02287	0.01856	0.06405	0.04587	0.00919	0.00730	0.00230	0.01056	0.00709	0.00420	0.00983
13	0.06109	0.01664	0.02683	0.24441	0.42161	0.01791	0.02129	0.05652	0.01739	0.02492	0.01404	0.01882	0.01128	0.00715	0.00738	0.00234	0.00913	0.00661	0.00390	0.01077
14	0.01224	0.00806	0.01029	0.00970	0.01180	0.00729	0.00728	0.01534	0.02031	0.08132	0.49073	0.11581	0.14850	0.01625	0.00891	0.00247	0.00392	0.01423	0.00814	0.00743
15	0.01860	0.01586	0.02203	0.20211	0.18693	0.01771	0.01719	0.07971	0.23896	0.04860	0.02193	0.02628	0.01734	0.00923	0.00778	0.00251	0.00803	0.04266	0.00566	0.01091
16	0.05285	0.22879	0.29120	0.02167	0.08043	0.05993	0.09274	0.02369	0.01617	0.02232	0.01263	0.01539	0.01001	0.00713	0.00729	0.00220	0.03618	0.00557	0.00344	0.01037
17	0.00924	0.00660	0.00880	0.01056	0.01100	0.00616	0.00704	0.01056	0.01452	0.01936	0.04181	0.72848	0.05017	0.02376	0.00968	0.00308	0.00440	0.02156	0.00704	0.00616
18	0.00986	0.00910	0.05856	0.01158	0.01288	0.00715	0.00889	0.01186	0.01482	0.01991	0.03966	0.63611	0.04682	0.02239	0.00955	0.00306	0.00506	0.05940	0.00676	0.00658
19	0.10462	0.05491	0.43177	0.02487	0.16529	0.01782	0.02366	0.02410	0.01611	0.04955	0.01389	0.01639	0.01029	0.00715	0.00692	0.00234	0.00987	0.00569	0.00371	0.01105
20	0.05358	0.06961	0.08309	0.10477	0.27593	0.11845	0.05402	0.08455	0.03938	0.02553	0.01430	0.01758	0.01137	0.00734	0.00719	0.00224	0.00984	0.00628	0.00419	0.01076

[dist]
# distance from previous block
# <min> <max>
2	5

[block]
# block no. 1 follows, 26 sequences, length 14
# corresponding to MSA columns:
# 41-54
name=unknown_B
#
# <colnr> <probs for GDERKNQSTAVLIFYWHMCP>
#	G	D	E	R	K	N	Q	S	T	A	V	L	I	F	Y	W	H	M	C	P
0	0.01255	0.00937	0.01110	0.01112	0.01317	0.03601	0.00828	0.01502	0.01750	0.05522	0.20365	0.32387	0.07502	0.01800	0.00893	0.00265	0.00505	0.08332	0.00711	0.08305
1	0.01917	0.01552	0.01758	0.01287	0.01943	0.01363	0.01041	0.18771	0.02097	0.03078	0.01472	0.01638	0.01167	0.00653	0.00614	0.00143	0.00633	0.00511	0.00531	0.57830
2	0.06518	0.02036	0.16163	0.05725	0.05230	0.01559	0.15048	0.02454	0.10360	0.04959	0.05053	0.04111	0.01667	0.00810	0.00739	0.00224	0.00860	0.00743	0.00488	0.15253
3	0.08465	0.17153	0.28060	0.10685	0.02964	0.01985	0.05804	0.04514	0.04174	0.07294	0.01481	0.01697	0.01099	0.00738	0.00673	0.00226	0.00944	0.00581	0.00417	0.01045
4	0.00924	0.00660	0.00880	0.01056	0.01100	0.00616	0.00704	0.01056	0.01452	0.01936	0.04181	0.72848	0.05017	0.02376	0.00968	0.00308	0.00440	0.02156	0.00704	0.00616
5	0.01541	0.01467	0.02597	0.24920	0.22526	0.01548	0.12977	0.01968	0.01589	0.02149	0.01844	0.08781	0.01725	0.07643	0.01097	0.00298	0.00939	0.03058	0.00413	0.00918
6	0.01787	0.10243	0.46922	0.02223	0.09491	0.01839	0.02377	0.02580	0.05210	0.08070	0.01570	0.01741	0.01137	0.00744	0.00707	0.00231	0.01000	0.00590	0.00403	0.01133
7	0.01608	0.09519	0.53362	0.02257	0.03281	0.01892	0.12896	0.02396	0.01627	0.02354	0.01363	0.01641	0.00993	0.00701	0.00729	0.00236	0.01120	0.00602	0.00331	0.01093
8	0.00932	0.00674	0.00881	0.01032	0.01097	0.00624	0.00697	0.01081	0.01513	0.02012	0.08375	0.64563	0.09123	0.02297	0.00959	0.00300	0.00431	0.02073	0.00712	0.00624
9	0.05762	0.07441	0.46072	0.02348	0.11553	0.01780	0.04829	0.02317	0.01627	0.02445	0.03500	0.01985	0.01306	0.00781	0.00721	0.00238	0.01012	0.02841	0.00368	0.01075
10	0.06422	0.06831	0.23730	0.01770	0.04203	0.01785	0.01755	0.12203	0.07926	0.17930	0.01907	0.01932	0.01346	0.00837	0.00775	0.00232	0.03530	0.00637	0.00581	0.03668
11	0.01100	0.00845	0.00956	0.00989	0.01162	0.00822	0.00702	0.01541	0.10656	0.02210	0.08845	0.28614	0.24014	0.08810	0.01173	0.00316	0.00464	0.01582	0.04501	0.00700
12	0.01156	0.00935	0.01339	0.01737	0.14083	0.00905	0.01027	0.01453	0.04217	0.02191	0.09252	0.46174	0.08791	0.01895	0.00907	0.00281	0.00524	0.01715	0.00655	0.00762
13	0.08190	0.15280	0.30055	0.05722	0.15863	0.01993	0.08062	0.02331	0.01603	0.02374	0.01310	0.01618	0.01018	0.00692	0.00682	0.00225	0.00988	0.00579	0.00351	0.01064

[dist]
# distance from previous block
# <min> <max>
1	4

[block]
# block no. 2 follows, 26 sequences, length 156
# corresponding to MSA columns:
# 59-214
name=unknown_C
#
# <colnr> <probs for GDERKNQSTAVLIFYWHMCP>
#	G	D	E	R	K	N	Q	S	T	A	V	L	I	F	Y	W	H	M	C	P
0	0.02221	0.01604	0.01761	0.01453	0.01943	0.01708	0.01155	0.21115	0.27801	0.11417	0.02857	0.02812	0.06592	0.04141	0.00891	0.00254	0.00659	0.00823	0.00741	0.08049
1	0.01573	0.01329	0.01500	0.01495	0.06080	0.01430	0.01068	0.05830	0.34577	0.02872	0.10936	0.07301	0.18209	0.01325	0.00821	0.00254	0.00548	0.01125	0.00733	0.00996
2	0.00939	0.00695	0.00880	0.01008	0.01105	0.00636	0.00700	0.01103	0.01556	0.02036	0.08650	0.54170	0.17020	0.02231	0.00953	0.00296	0.00434	0.04246	0.00712	0.00630
3	0.02321	0.01753	0.01979	0.04882	0.02259	0.01764	0.01254	0.34879	0.04878	0.06335	0.01716	0.01806	0.01275	0.00781	0.00687	0.00188	0.00728	0.00606	0.00633	0.29276
4	0.01103	0.00735	0.00827	0.00827	0.00827	0.00735	0.00460	0.01103	0.01103	0.01471	0.02390	0.04964	0.02758	0.73343	0.03861	0.00735	0.00735	0.01103	0.00460	0.00460
5	0.02200	0.01864	0.02585	0.10622	0.23427	0.02035	0.05071	0.26841	0.08933	0.03339	0.01723	0.01967	0.01314	0.00835	0.00834	0.00238	0.03738	0.00707	0.00556	0.01171
6	0.01838	0.01578	0.01673	0.01508	0.01922	0.01817	0.01172	0.03876	0.63361	0.03165	0.06969	0.02999	0.02604	0.01060	0.00779	0.00256	0.00586	0.00888	0.00776	0.01172
7	0.03128	0.01230	0.01672	0.01303	0.01841	0.01068	0.01068	0.03429	0.02168	0.61329	0.10697	0.02946	0.02501	0.01011	0.00778	0.00235	0.00611	0.00835	0.00927	0.01223
8	0.01432	0.01348	0.02275	0.71520	0.05224	0.01685	0.02107	0.01938	0.01517	0.01938	0.01348	0.02022	0.01011	0.00758	0.00758	0.00253	0.01011	0.00674	0.00337	0.00843
9	0.01861	0.01748	0.02833	0.13564	0.41579	0.01835	0.06940	0.05878	0.11131	0.02617	0.01681	0.02044	0.01334	0.00748	0.00766	0.00236	0.00899	0.00719	0.00447	0.01141
10	0.00930	0.00667	0.00874	0.01037	0.01087	0.00622	0.00690	0.01059	0.01449	0.01923	0.04241	0.67806	0.07272	0.05095	0.01077	0.00323	0.00449	0.02095	0.00695	0.00611
11	0.01853	0.01936	0.03083	0.03357	0.30493	0.07744	0.17201	0.02260	0.01637	0.02244	0.01374	0.01886	0.01164	0.01065	0.04691	0.00303	0.15594	0.00717	0.00371	0.01029
12	0.01809	0.01753	0.03027	0.13523	0.50955	0.01801	0.07893	0.02366	0.04884	0.02434	0.01506	0.01958	0.01225	0.00701	0.00766	0.00233	0.00935	0.00704	0.00390	0.01136
13	0.01196	0.00935	0.01318	0.01286	0.01384	0.01126	0.00999	0.01431	0.01285	0.01907	0.02257	0.15014	0.02280	0.03820	0.38605	0.00791	0.14767	0.01011	0.07889	0.00698
14	0.00923	0.00665	0.00875	0.01043	0.01097	0.00617	0.00698	0.01058	0.01465	0.01941	0.04343	0.69814	0.07946	0.02355	0.00965	0.00306	0.00437	0.02131	0.00704	0.00617
15	0.02022	0.02340	0.11440	0.09586	0.06828	0.02023	0.44302	0.02527	0.01889	0.02622	0.01776	0.02385	0.01410	0.00904	0.01041	0.00312	0.04044	0.00903	0.00479	0.01167
16	0.05153	0.49085	0.15419	0.01744	0.02461	0.06036	0.04041	0.02518	0.01767	0.02279	0.01461	0.01780	0.01279	0.00885	0.00696	0.00245	0.00997	0.00565	0.00447	0.01144
17	0.02479	0.03107	0.15252	0.06830	0.14584	0.29630	0.04612	0.04744	0.02070	0.02479	0.01612	0.02045	0.01340	0.00983	0.00939	0.00282	0.04690	0.00683	0.00489	0.01153
18	0.69073	0.04113	0.01291	0.01065	0.01543	0.04482	0.00879	0.02338	0.01379	0.06643	0.01160	0.01306	0.00887	0.00717	0.00494	0.00231	0.00629	0.00432	0.00485	0.00853
19	0.01702	0.01649	0.02259	0.01909	0.02052	0.04397	0.06329	0.05345	0.05312	0.02086	0.01381	0.02041	0.01273	0.04804	0.09393	0.00423	0.45663	0.00723	0.00400	0.00860
20	0.01534	0.01307	0.01532	0.01119	0.01756	0.00988	0.00887	0.01859	0.01566	0.02440	0.01517	0.05822	0.01356	0.00670	0.00586	0.00124	0.00554	0.00551	0.00465	0.73368
21	0.01083	0.00747	0.00901	0.00887	0.00958	0.00722	0.00569	0.01225	0.01518	0.02092	0.27504	0.08700	0.04546	0.42423	0.02585	0.00525	0.00577	0.01259	0.00615	0.00565
22	0.01105	0.00839	0.01238	0.01226	0.01349	0.00986	0.00948	0.01358	0.01211	0.01748	0.02014	0.03037	0.01909	0.09095	0.64412	0.01162	0.04463	0.00823	0.00406	0.00671
23	0.00924	0.00660	0.00880	0.01056	0.01100	0.00616	0.00704	0.01056	0.01452	0.01936	0.04181	0.72848	0.05017	0.02376	0.00968	0.00308	0.00440	0.02156	0.00704	0.00616
24	0.01675	0.01692	0.02260	0.01950	0.01972	0.04873	0.01616	0.01848	0.01203	0.01823	0.01055	0.01716	0.01041	0.01529	0.05887	0.00372	0.65660	0.00665	0.00338	0.00824
25	0.01619	0.13867	0.53959	0.02132	0.03152	0.01955	0.08392	0.02386	0.01610	0.02315	0.01333	0.01587	0.00980	0.00703	0.00703	0.00230	0.01091	0.00569	0.00327	0.01091
26	0.00952	0.00674	0.00879	0.01024	0.01068	0.00634	0.00675	0.01076	0.01437	0.01923	0.06458	0.62010	0.04827	0.10938	0.01316	0.00357	0.00473	0.01998	0.00680	0.00601
27	0.00947	0.00670	0.00873	0.01027	0.01065	0.00631	0.00673	0.01062	0.01407	0.01876	0.03949	0.64077	0.04725	0.11546	0.01342	0.00363	0.00478	0.02020	0.00673	0.00596
28	0.01521	0.03923	0.69413	0.02162	0.03283	0.01762	0.02802	0.02402	0.01601	0.02402	0.01361	0.01601	0.00961	0.00721	0.00721	0.00240	0.01121	0.00560	0.00320	0.01121
29	0.01984	0.67686	0.09700	0.01373	0.02064	0.02893	0.01429	0.02283	0.01546	0.01839	0.01081	0.01250	0.00972	0.00655	0.00507	0.00169	0.00838	0.00419	0.00324	0.00986
30	0.05620	0.02101	0.02234	0.01718	0.02320	0.02329	0.01419	0.63778	0.03484	0.04731	0.01793	0.01800	0.01273	0.00903	0.00748	0.00228	0.00826	0.00673	0.00748	0.01273
31	0.02343	0.01914	0.05978	0.01628	0.02156	0.01951	0.01389	0.42932	0.09866	0.04020	0.07582	0.05986	0.02243	0.01114	0.00799	0.00245	0.00760	0.05209	0.00733	0.01151
32	0.00940	0.00672	0.00894	0.01046	0.01104	0.00626	0.00705	0.01095	0.01524	0.02050	0.10774	0.65931	0.05237	0.02291	0.00961	0.00301	0.00432	0.02076	0.00718	0.00626
33	0.01507	0.04019	0.02065	0.01744	0.01806	0.01952	0.01442	0.01706	0.01192	0.01805	0.01296	0.02024	0.01254	0.02559	0.21960	0.00581	0.49246	0.00697	0.00353	0.00791
34	0.00924	0.00660	0.00880	0.01056	0.01100	0.00616	0.00704	0.01056	0.01452	0.01936	0.04181	0.72848	0.05017	0.02376	0.00968	0.00308	0.00440	0.02156	0.00704	0.00616
35	0.01642	0.01389	0.01610	0.01156	0.01827	0.01082	0.00927	0.05288	0.01678	0.02593	0.01373	0.01586	0.01132	0.00580	0.00572	0.00118	0.00576	0.00462	0.00466	0.73943
36	0.01606	0.03341	0.51023	0.02663	0.15143	0.01802	0.05986	0.02365	0.01615	0.02392	0.01366	0.01678	0.01016	0.00735	0.00812	0.00242	0.04160	0.00604	0.00334	0.01118
37	0.01175	0.00797	0.01005	0.00951	0.01126	0.00751	0.00694	0.01436	0.01824	0.05893	0.39091	0.05360	0.13925	0.14493	0.07788	0.00418	0.00596	0.01273	0.00718	0.00687
38	0.01281	0.01659	0.16811	0.01725	0.08605	0.01124	0.05222	0.01762	0.01906	0.02694	0.35842	0.06752	0.08977	0.01277	0.00844	0.00242	0.00644	0.01135	0.00632	0.00866
39	0.01810	0.01635	0.02664	0.03582	0.45472	0.01611	0.05279	0.02356	0.06582	0.04737	0.01890	0.07143	0.01680	0.00871	0.00771	0.00231	0.00823	0.03106	0.00465	0.07291
40	0.01573	0.01348	0.01573	0.01123	0.01798	0.01011	0.00899	0.01910	0.01573	0.02472	0.01348	0.01573	0.01123	0.00562	0.00562	0.00112	0.00562	0.00449	0.00449	0.77980
41	0.01573	0.01348	0.01573	0.01123	0.01798	0.01011	0.00899	0.01910	0.01573	0.02472	0.01348	0.01573	0.01123	0.00562	0.00562	0.00112	0.00562	0.00449	0.00449	0.77980
42	0.01432	0.01348	0.02275	0.71520	0.05224	0.01685	0.02107	0.01938	0.01517	0.01938	0.01348	0.02022	0.01011	0.00758	0.00758	0.00253	0.01011	0.00674	0.00337	0.00843
43	0.02833	0.03615	0.02149	0.01954	0.02345	0.70298	0.01466	0.03029	0.02149	0.01856	0.01172	0.01368	0.00977	0.00782	0.00684	0.00195	0.01368	0.00489	0.00391	0.00879
44	0.01573	0.01348	0.01573	0.01123	0.01798	0.01011	0.00899	0.01910	0.01573	0.02472	0.01348	0.01573	0.01123	0.00562	0.00562	0.00112	0.00562	0.00449	0.00449	0.77980
45	0.01500	0.03172	0.49403	0.02152	0.03078	0.01633	0.11950	0.02265	0.01697	0.02474	0.09079	0.02386	0.01819	0.00853	0.00779	0.00246	0.01042	0.03025	0.00402	0.01045
46	0.00924	0.00660	0.00880	0.01056	0.01100	0.00616	0.00704	0.01056	0.01452	0.01936	0.04181	0.72848	0.05017	0.02376	0.00968	0.00308	0.00440	0.02156	0.00704	0.00616
47	0.01096	0.00936	0.04510	0.01016	0.01243	0.00769	0.00822	0.01481	0.02119	0.03009	0.64795	0.05458	0.06840	0.01508	0.00886	0.00239	0.00397	0.01330	0.00809	0.00736
48	0.03354	0.01302	0.01759	0.01356	0.01937	0.01140	0.01118	0.03707	0.04297	0.66981	0.02996	0.02590	0.01892	0.00942	0.00763	0.00235	0.00644	0.00766	0.00933	0.01288
49	0.01432	0.01348	0.02275	0.71520	0.05224	0.01685	0.02107	0.01938	0.01517	0.01938	0.01348	0.02022	0.01011	0.00758	0.00758	0.00253	0.01011	0.00674	0.00337	0.00843
50	0.00924	0.00660	0.00880	0.01056	0.01100	0.00616	0.00704	0.01056	0.01452	0.01936	0.04181	0.72848	0.05017	0.02376	0.00968	0.00308	0.00440	0.02156	0.00704	0.00616
51	0.05094	0.03810	0.66252	0.02108	0.03199	0.01759	0.02711	0.02394	0.01587	0.02448	0.01347	0.01584	0.00954	0.00720	0.00709	0.00240	0.01096	0.00554	0.00327	0.01107
52	0.01722	0.01656	0.02843	0.21327	0.47074	0.01731	0.04956	0.02184	0.01677	0.02322	0.01664	0.02140	0.03853	0.00745	0.00765	0.00235	0.00924	0.00722	0.00379	0.01080
53	0.00916	0.00775	0.00795	0.00806	0.01057	0.00654	0.00615	0.01117	0.01730	0.02062	0.07465	0.07375	0.64492	0.01931	0.00905	0.00262	0.00403	0.05291	0.00704	0.00644
54	0.01877	0.01802	0.03079	0.04656	0.68612	0.01802	0.02328	0.02328	0.01727	0.02478	0.01427	0.01877	0.01201	0.00676	0.00751	0.00225	0.00901	0.00676	0.00375	0.01201
55	0.03403	0.01291	0.01760	0.01350	0.01936	0.01115	0.01115	0.03697	0.02171	0.69137	0.02992	0.02582	0.01878	0.00939	0.00763	0.00235	0.00645	0.00763	0.00939	0.01291
56	0.01837	0.01761	0.03005	0.10766	0.62819	0.01792	0.02308	0.02292	0.01708	0.02429	0.01420	0.01891	0.01184	0.00683	0.00752	0.00228	0.00911	0.00676	0.00372	0.01169
57	0.00924	0.00660	0.00880	0.01056	0.01100	0.00616	0.00704	0.01056	0.01452	0.01936	0.04181	0.72848	0.05017	0.02376	0.00968	0.00308	0.00440	0.02156	0.00704	0.00616
58	0.03403	0.01291	0.01760	0.01350	0.01936	0.01115	0.01115	0.03697	0.02171	0.69137	0.02992	0.02582	0.01878	0.00939	0.00763	0.00235	0.00645	0.00763	0.00939	0.01291
59	0.02833	0.03615	0.02149	0.01954	0.02345	0.70298	0.01466	0.03029	0.02149	0.01856	0.01172	0.01368	0.00977	0.00782	0.00684	0.00195	0.01368	0.00489	0.00391	0.00879
60	0.01546	0.07315	0.66237	0.02120	0.03218	0.01822	0.02729	0.02396	0.01598	0.02372	0.01346	0.01583	0.00961	0.00717	0.00709	0.00236	0.01106	0.00553	0.00320	0.01114
61	0.01521	0.03923	0.69413	0.02162	0.03283	0.01762	0.02802	0.02402	0.01601	0.02402	0.01361	0.01601	0.00961	0.00721	0.00721	0.00240	0.01121	0.00560	0.00320	0.01121
62	0.01084	0.00813	0.01219	0.01219	0.01354	0.00948	0.00948	0.01354	0.01219	0.01761	0.02032	0.02980	0.01896	0.05689	0.70337	0.01219	0.02032	0.00813	0.00406	0.00677
63	0.02237	0.04999	0.02127	0.04728	0.11806	0.37170	0.01521	0.05043	0.01993	0.02138	0.01888	0.06930	0.01825	0.01079	0.00770	0.00234	0.01080	0.11064	0.00469	0.00899
64	0.01473	0.01390	0.02348	0.65410	0.11016	0.01696	0.02127	0.01974	0.01536	0.01987	0.01355	0.02009	0.01029	0.00751	0.00758	0.00250	0.01001	0.00674	0.00341	0.00875
65	0.00998	0.00801	0.00910	0.00965	0.01196	0.00713	0.00778	0.01240	0.01734	0.02118	0.06537	0.07693	0.48306	0.01976	0.00944	0.00285	0.00482	0.20963	0.00703	0.00659
66	0.01887	0.01629	0.01715	0.01544	0.01972	0.01887	0.01201	0.04031	0.67241	0.03173	0.03087	0.02830	0.02315	0.01029	0.00772	0.00257	0.00600	0.00858	0.00772	0.01201
67	0.01432	0.01348	0.02275	0.71520	0.05224	0.01685	0.02107	0.01938	0.01517	0.01938	0.01348	0.02022	0.01011	0.00758	0.00758	0.00253	0.01011	0.00674	0.00337	0.00843
68	0.02833	0.03615	0.02149	0.01954	0.02345	0.70298	0.01466	0.03029	0.02149	0.01856	0.01172	0.01368	0.00977	0.00782	0.00684	0.00195	0.01368	0.00489	0.00391	0.00879
69	0.01074	0.00775	0.01014	0.00954	0.01133	0.00716	0.00716	0.01431	0.02147	0.03042	0.68211	0.05666	0.07157	0.01551	0.00895	0.00239	0.00358	0.01372	0.00835	0.00716
70	0.02798	0.06658	0.02229	0.01926	0.02328	0.67380	0.01458	0.02996	0.02123	0.01853	0.01167	0.01361	0.00977	0.00776	0.00675	0.00194	0.01344	0.00485	0.00388	0.00883
71	0.02093	0.01675	0.01701	0.01410	0.01917	0.07605	0.01111	0.07790	0.28032	0.09996	0.02304	0.02257	0.01728	0.00853	0.00691	0.00203	0.00665	0.00682	0.05244	0.22044
72	0.01783	0.02026	0.04362	0.03133	0.03860	0.01939	0.62477	0.02398	0.01757	0.02398	0.01506	0.02026	0.01143	0.00676	0.00979	0.00260	0.05000	0.00883	0.00381	0.01013
73	0.01535	0.07290	0.60957	0.02065	0.03084	0.01805	0.02603	0.02337	0.01603	0.02374	0.03909	0.01741	0.01202	0.00771	0.00781	0.00240	0.03689	0.00588	0.00341	0.01087
74	0.01016	0.00785	0.00948	0.01041	0.01230	0.00718	0.00826	0.01252	0.01685	0.02106	0.05758	0.19675	0.34330	0.02065	0.00963	0.00298	0.00505	0.23439	0.00702	0.00656
75	0.06691	0.05891	0.02197	0.01831	0.02286	0.48271	0.01421	0.17713	0.02413	0.02617	0.01314	0.01461	0.01042	0.00803	0.00683	0.00204	0.01181	0.00527	0.00478	0.00976
76	0.01604	0.01576	0.02346	0.59314	0.04764	0.06769	0.04301	0.04154	0.01629	0.02040	0.01346	0.01956	0.01022	0.00780	0.00816	0.00251	0.03442	0.00668	0.00356	0.00866
77	0.02107	0.02059	0.02251	0.07121	0.02423	0.15396	0.05321	0.15189	0.04604	0.02595	0.01445	0.01814	0.01185	0.01113	0.03261	0.00280	0.23319	0.00652	0.03570	0.04296
78	0.72879	0.01652	0.06267	0.01085	0.01604	0.01706	0.00971	0.02243	0.01314	0.03328	0.01079	0.01260	0.00832	0.00705	0.00488	0.00235	0.00627	0.00422	0.00458	0.00844
79	0.04797	0.01642	0.01746	0.01520	0.01973	0.01860	0.01197	0.12253	0.50544	0.06765	0.05249	0.02729	0.02280	0.01016	0.00763	0.00251	0.00625	0.00832	0.00770	0.01186
80	0.00930	0.00663	0.00878	0.01048	0.01091	0.00620	0.00696	0.01058	0.01440	0.01920	0.04119	0.70508	0.04939	0.04823	0.01068	0.00323	0.00450	0.02120	0.00696	0.00611
81	0.03284	0.01371	0.01797	0.01389	0.01969	0.01248	0.01144	0.08383	0.05701	0.60848	0.02910	0.02538	0.01857	0.00941	0.00763	0.00235	0.00657	0.00762	0.00917	0.01286
82	0.01991	0.68675	0.08774	0.01361	0.02045	0.02910	0.01408	0.02281	0.01546	0.01830	0.01077	0.01245	0.00972	0.00654	0.00504	0.00168	0.00834	0.00417	0.00324	0.00984
83	0.01070	0.00743	0.00828	0.00825	0.00874	0.00720	0.00491	0.01118	0.01254	0.01642	0.06664	0.05358	0.13004	0.58651	0.03252	0.00636	0.00662	0.01193	0.00517	0.00501
84	0.75841	0.01462	0.01158	0.03608	0.01606	0.01701	0.00869	0.02219	0.01299	0.03349	0.01067	0.01261	0.00828	0.00706	0.00480	0.00235	0.00602	0.00420	0.00465	0.00822
85	0.01510	0.01495	0.02725	0.44189	0.07835	0.01692	0.16739	0.02002	0.01572	0.02075	0.01591	0.07241	0.01349	0.00869	0.00875	0.00259	0.03883	0.00834	0.00377	0.00886
86	0.05271	0.02572	0.23429	0.02791	0.03648	0.01862	0.44292	0.02412	0.01712	0.02467	0.01461	0.01878	0.01080	0.00666	0.00824	0.00250	0.01200	0.00774	0.00369	0.01043
87	0.01079	0.00779	0.01022	0.00971	0.01150	0.00722	0.00735	0.01437	0.02131	0.03012	0.65711	0.05778	0.07048	0.01572	0.00901	0.00243	0.00371	0.03792	0.00830	0.00715
88	0.01444	0.01365	0.02278	0.67860	0.05054	0.01719	0.02083	0.01932	0.01498	0.01932	0.01330	0.02003	0.01010	0.00788	0.00849	0.00257	0.04746	0.00674	0.00337	0.00842
89	0.02883	0.02125	0.02276	0.01745	0.02352	0.02352	0.01442	0.66082	0.03566	0.04780	0.01821	0.01821	0.01290	0.00911	0.00759	0.00228	0.00835	0.00683	0.00759	0.01290
90	0.01549	0.00884	0.01176	0.01060	0.01320	0.00805	0.00826	0.01894	0.02128	0.16236	0.51320	0.05220	0.05933	0.01461	0.00877	0.00244	0.00436	0.04954	0.00848	0.00830
91	0.01877	0.01802	0.03079	0.04656	0.68612	0.01802	0.02328	0.02328	0.01727	0.02478	0.01427	0.01877	0.01201	0.00676	0.00751	0.00225	0.00901	0.00676	0.00375	0.01201
92	0.03235	0.01328	0.01755	0.01371	0.01940	0.01200	0.01124	0.03734	0.09376	0.61833	0.03003	0.02609	0.01926	0.00949	0.00764	0.00237	0.00640	0.00773	0.00920	0.01281
93	0.01661	0.00907	0.01193	0.01047	0.01333	0.00814	0.00811	0.01994	0.02134	0.19882	0.48747	0.04954	0.08638	0.01411	0.00861	0.00238	0.00433	0.01227	0.00855	0.00859
94	0.01263	0.00817	0.01082	0.01029	0.01231	0.00754	0.00788	0.01599	0.02069	0.08228	0.53359	0.10282	0.06359	0.01602	0.00901	0.00252	0.00414	0.06395	0.00823	0.00754
95	0.01031	0.00764	0.00961	0.00931	0.01112	0.00694	0.00691	0.01341	0.02017	0.02778	0.52438	0.11631	0.17436	0.01684	0.00901	0.00247	0.00369	0.01477	0.00802	0.00694
96	0.01887	0.01629	0.01715	0.01544	0.01972	0.01887	0.01201	0.04031	0.67241	0.03173	0.03087	0.02830	0.02315	0.01029	0.00772	0.00257	0.00600	0.00858	0.00772	0.01201
97	0.01044	0.00774	0.00973	0.00923	0.01115	0.00703	0.00692	0.01374	0.02077	0.02875	0.58027	0.05941	0.17445	0.01613	0.00895	0.00242	0.00362	0.01410	0.00813	0.00703
98	0.01087	0.00729	0.00832	0.00848	0.00852	0.00725	0.00481	0.01099	0.01134	0.01512	0.02550	0.11042	0.02960	0.66989	0.03602	0.00697	0.00709	0.01197	0.00481	0.00474
99	0.02833	0.03615	0.02149	0.01954	0.02345	0.70298	0.01466	0.03029	0.02149	0.01856	0.01172	0.01368	0.00977	0.00782	0.00684	0.00195	0.01368	0.00489	0.00391	0.00879
100	0.01102	0.00739	0.00845	0.00845	0.00852	0.00745	0.00482	0.01115	0.01108	0.01484	0.02373	0.04872	0.02718	0.70212	0.06938	0.00758	0.00795	0.01090	0.00457	0.00470
101	0.00924	0.00660	0.00880	0.01056	0.01100	0.00616	0.00704	0.01056	0.01452	0.01936	0.04181	0.72848	0.05017	0.02376	0.00968	0.00308	0.00440	0.02156	0.00704	0.00616
102	0.01074	0.00775	0.01014	0.00954	0.01133	0.00716	0.00716	0.01431	0.02147	0.03042	0.68211	0.05666	0.07157	0.01551	0.00895	0.00239	0.00358	0.01372	0.00835	0.00716
103	0.01887	0.01629	0.01715	0.01544	0.01972	0.01887	0.01201	0.04031	0.67241	0.03173	0.03087	0.02830	0.02315	0.01029	0.00772	0.00257	0.00600	0.00858	0.00772	0.01201
104	0.01037	0.00768	0.00967	0.00930	0.01114	0.00698	0.00693	0.01356	0.02041	0.02821	0.54960	0.09727	0.16763	0.01656	0.00899	0.00245	0.00367	0.01453	0.00807	0.00698
105	0.01659	0.00903	0.01191	0.01053	0.01334	0.00812	0.00813	0.01986	0.02113	0.19904	0.46977	0.07407	0.07911	0.01437	0.00864	0.00241	0.00436	0.01253	0.00852	0.00857
106	0.03403	0.01291	0.01760	0.01350	0.01936	0.01115	0.01115	0.03697	0.02171	0.69137	0.02992	0.02582	0.01878	0.00939	0.00763	0.00235	0.00645	0.00763	0.00939	0.01291
107	0.03000	0.01381	0.01748	0.01401	0.01946	0.01320	0.01138	0.03785	0.19448	0.51623	0.03018	0.02648	0.01994	0.00963	0.00765	0.00241	0.00633	0.00788	0.00894	0.01267
108	0.01103	0.00735	0.00827	0.00827	0.00827	0.00735	0.00460	0.01103	0.01103	0.01471	0.02390	0.04964	0.02758	0.73343	0.03861	0.00735	0.00735	0.01103	0.00460	0.00460
109	0.03403	0.01291	0.01760	0.01350	0.01936	0.01115	0.01115	0.03697	0.02171	0.69137	0.02992	0.02582	0.01878	0.00939	0.00763	0.00235	0.00645	0.00763	0.00939	0.01291
110	0.01414	0.00707	0.00707	0.00707	0.00884	0.00707	0.00530	0.01767	0.01591	0.02828	0.02474	0.02828	0.01944	0.00884	0.00530	0.00177	0.00353	0.00707	0.77554	0.00707
111	0.02947	0.01898	0.02121	0.01639	0.02231	0.02031	0.01350	0.47607	0.07031	0.19928	0.02174	0.02061	0.01490	0.00924	0.00761	0.00231	0.00776	0.00712	0.00802	0.01285
112	0.01084	0.00813	0.01219	0.01219	0.01354	0.00948	0.00948	0.01354	0.01219	0.01761	0.02032	0.02980	0.01896	0.05689	0.70337	0.01219	0.02032	0.00813	0.00406	0.00677
113	0.01117	0.00804	0.01097	0.01264	0.01403	0.00785	0.01035	0.01393	0.01657	0.02159	0.04244	0.27824	0.07664	0.02171	0.01016	0.00332	0.00606	0.42057	0.00700	0.00671
114	0.74935	0.01431	0.01101	0.00989	0.01436	0.01655	0.00804	0.02175	0.01282	0.03309	0.01121	0.01413	0.00915	0.04230	0.00634	0.00259	0.00594	0.00444	0.00469	0.00804
115	0.02883	0.02125	0.02276	0.01745	0.02352	0.02352	0.01442	0.66082	0.03566	0.04780	0.01821	0.01821	0.01290	0.00911	0.00759	0.00228	0.00835	0.00683	0.00759	0.01290
116	0.01790	0.02046	0.04476	0.03197	0.03964	0.01918	0.65857	0.02430	0.01790	0.02430	0.01535	0.02046	0.01151	0.00639	0.00895	0.00256	0.01279	0.00895	0.00384	0.01023
117	0.01084	0.00813	0.01219	0.01219	0.01354	0.00948	0.00948	0.01354	0.01219	0.01761	0.02032	0.02980	0.01896	0.05689	0.70337	0.01219	0.02032	0.00813	0.00406	0.00677
118	0.00921	0.00696	0.00852	0.00967	0.01079	0.00627	0.00667	0.01079	0.01560	0.02010	0.07558	0.50963	0.23856	0.02211	0.00944	0.00290	0.00420	0.01963	0.00709	0.00627
119	0.01103	0.00735	0.00827	0.00827	0.00827	0.00735	0.00460	0.01103	0.01103	0.01471	0.02390	0.04964	0.02758	0.73343	0.03861	0.00735	0.00735	0.01103	0.00460	0.00460
120	0.01972	0.01638	0.01738	0.01545	0.01986	0.01880	0.01207	0.06368	0.62809	0.05285	0.03036	0.02784	0.02263	0.01022	0.00771	0.00255	0.00611	0.00848	0.00777	0.01207
121	0.01609	0.09156	0.61957	0.02089	0.03147	0.04447	0.02639	0.02416	0.01618	0.02335	0.01331	0.01564	0.00962	0.00718	0.00702	0.00233	0.01107	0.00546	0.00323	0.01101
122	0.01810	0.01563	0.01642	0.01484	0.01899	0.01791	0.01152	0.03804	0.62190	0.03086	0.03442	0.03175	0.07403	0.01098	0.00781	0.00257	0.00584	0.00915	0.00767	0.01157
123	0.02689	0.01450	0.01739	0.01441	0.01953	0.01478	0.01155	0.03854	0.32809	0.38078	0.03037	0.02699	0.02084	0.00981	0.00767	0.00245	0.00624	0.00807	0.00860	0.01248
124	0.03207	0.01417	0.01816	0.01412	0.01987	0.01326	0.01160	0.10894	0.08165	0.55829	0.02866	0.02517	0.01849	0.00944	0.00763	0.00236	0.00663	0.00762	0.00903	0.01283
125	0.01432	0.01348	0.02275	0.71520	0.05224	0.01685	0.02107	0.01938	0.01517	0.01938	0.01348	0.02022	0.01011	0.00758	0.00758	0.00253	0.01011	0.00674	0.00337	0.00843
126	0.01061	0.00775	0.00996	0.00941	0.01125	0.00710	0.00705	0.01406	0.02116	0.02969	0.63773	0.05786	0.11641	0.01578	0.00895	0.00240	0.00360	0.01389	0.00825	0.00710
127	0.00902	0.00745	0.00793	0.00831	0.01041	0.00635	0.00604	0.01082	0.01669	0.02025	0.06925	0.21495	0.54598	0.02020	0.00912	0.00267	0.00396	0.01721	0.00704	0.00635
128	0.02957	0.01923	0.02141	0.01651	0.02246	0.02064	0.01361	0.49983	0.05828	0.18744	0.02127	0.02028	0.01459	0.00921	0.00760	0.00230	0.00784	0.00707	0.00799	0.01287
129	0.03403	0.01291	0.01760	0.01350	0.01936	0.01115	0.01115	0.03697	0.02171	0.69137	0.02992	0.02582	0.01878	0.00939	0.00763	0.00235	0.00645	0.00763	0.00939	0.01291
130	0.01074	0.00775	0.01014	0.00954	0.01133	0.00716	0.00716	0.01431	0.02147	0.03042	0.68211	0.05666	0.07157	0.01551	0.00895	0.00239	0.00358	0.01372	0.00835	0.00716
131	0.00896	0.00768	0.00768	0.00768	0.01025	0.00640	0.00576	0.01089	0.01729	0.02049	0.07684	0.07300	0.68304	0.01921	0.00896	0.00256	0.00384	0.01601	0.00704	0.00640
132	0.03196	0.01322	0.01747	0.01358	0.01919	0.01191	0.01115	0.06879	0.04865	0.59713	0.06268	0.02709	0.02134	0.00972	0.00770	0.00235	0.00639	0.00794	0.00917	0.01258
133	0.03342	0.01304	0.01758	0.01357	0.01938	0.01146	0.01118	0.03710	0.04791	0.66481	0.02996	0.02592	0.01895	0.00942	0.00763	0.00236	0.00644	0.00767	0.00932	0.01287
134	0.02883	0.02125	0.02276	0.01745	0.02352	0.02352	0.01442	0.66082	0.03566	0.04780	0.01821	0.01821	0.01290	0.00911	0.00759	0.00228	0.00835	0.00683	0.00759	0.01290
135	0.01074	0.00775	0.01014	0.00954	0.01133	0.00716	0.00716	0.01431	0.02147	0.03042	0.68211	0.05666	0.07157	0.01551	0.00895	0.00239	0.00358	0.01372	0.00835	0.00716
136	0.01074	0.00775	0.01014	0.00954	0.01133	0.00716	0.00716	0.01431	0.02147	0.03042	0.68211	0.05666	0.07157	0.01551	0.00895	0.00239	0.00358	0.01372	0.00835	0.00716
137	0.78701	0.01467	0.01115	0.00997	0.01467	0.01702	0.00821	0.02230	0.01291	0.03403	0.01056	0.01232	0.00821	0.00704	0.00469	0.00235	0.00587	0.00411	0.00469	0.00821
138	0.00924	0.00660	0.00880	0.01056	0.01100	0.00616	0.00704	0.01056	0.01452	0.01936	0.04181	0.72848	0.05017	0.02376	0.00968	0.00308	0.00440	0.02156	0.00704	0.00616
139	0.03403	0.01291	0.01760	0.01350	0.01936	0.01115	0.01115	0.03697	0.02171	0.69137	0.02992	0.02582	0.01878	0.00939	0.00763	0.00235	0.00645	0.00763	0.00939	0.01291
140	0.01521	0.03923	0.69413	0.02162	0.03283	0.01762	0.02802	0.02402	0.01601	0.02402	0.01361	0.01601	0.00961	0.00721	0.00721	0.00240	0.01121	0.00560	0.00320	0.01121
141	0.00924	0.00660	0.00880	0.01056	0.01100	0.00616	0.00704	0.01056	0.01452	0.01936	0.04181	0.72848	0.05017	0.02376	0.00968	0.00308	0.00440	0.02156	0.00704	0.00616
142	0.01084	0.00813	0.01219	0.01219	0.01354	0.00948	0.00948	0.01354	0.01219	0.01761	0.02032	0.02980	0.01896	0.05689	0.70337	0.01219	0.02032	0.00813	0.00406	0.00677
143	0.01066	0.00775	0.01004	0.00947	0.01129	0.00713	0.00710	0.01418	0.02130	0.03002	0.65773	0.05732	0.09621	0.01566	0.00895	0.00239	0.00359	0.01381	0.00830	0.00713
144	0.00924	0.00660	0.00880	0.01056	0.01100	0.00616	0.00704	0.01056	0.01452	0.01936	0.04181	0.72848	0.05017	0.02376	0.00968	0.00308	0.00440	0.02156	0.00704	0.00616
145	0.01074	0.00775	0.01014	0.00954	0.01133	0.00716	0.00716	0.01431	0.02147	0.03042	0.68211	0.05666	0.07157	0.01551	0.00895	0.00239	0.00358	0.01372	0.00835	0.00716
146	0.01432	0.01348	0.02275	0.71520	0.05224	0.01685	0.02107	0.01938	0.01517	0.01938	0.01348	0.02022	0.01011	0.00758	0.00758	0.00253	0.01011	0.00674	0.00337	0.00843
147	0.01887	0.01629	0.01715	0.01544	0.01972	0.01887	0.01201	0.04031	0.67241	0.03173	0.03087	0.02830	0.02315	0.01029	0.00772	0.00257	0.00600	0.00858	0.00772	0.01201
148	0.01222	0.00873	0.01222	0.01397	0.01572	0.00873	0.01222	0.01572	0.01746	0.02270	0.04016	0.08556	0.04365	0.02095	0.01048	0.00349	0.00698	0.63506	0.00698	0.00698
149	0.01521	0.03923	0.69413	0.02162	0.03283	0.01762	0.02802	0.02402	0.01601	0.02402	0.01361	0.01601	0.00961	0.00721	0.00721	0.00240	0.01121	0.00560	0.00320	0.01121
150	0.78701	0.01467	0.01115	0.00997	0.01467	0.01702	0.00821	0.02230	0.01291	0.03403	0.01056	0.01232	0.00821	0.00704	0.00469	0.00235	0.00587	0.00411	0.00469	0.00821
151	0.01653	0.19737	0.51441	0.02081	0.06002	0.02046	0.02438	0.02369	0.01594	0.02265	0.01294	0.01527	0.00975	0.00702	0.00669	0.00222	0.01040	0.00531	0.00324	0.01091
152	0.00941	0.00676	0.00897	0.01067	0.01126	0.00632	0.00731	0.01088	0.01479	0.01960	0.04285	0.66874	0.07046	0.02345	0.00971	0.00309	0.00454	0.05795	0.00704	0.00622
153	0.78701	0.01467	0.01115	0.00997	0.01467	0.01702	0.00821	0.02230	0.01291	0.03403	0.01056	0.01232	0.00821	0.00704	0.00469	0.00235	0.00587	0.00411	0.00469	0.00821
154	0.01557	0.08788	0.64858	0.02102	0.03190	0.01848	0.02698	0.02393	0.01597	0.02359	0.01340	0.01575	0.00962	0.00716	0.00704	0.00235	0.01099	0.00550	0.00321	0.01111
155	0.01506	0.01277	0.01502	0.01117	0.01726	0.00970	0.00879	0.01822	0.01560	0.02417	0.01640	0.08912	0.01524	0.00749	0.00604	0.00132	0.00549	0.00625	0.00476	0.70014

[dist]
# distance from previous block
# <min> <max>
0	0

# created by:
# /st0/software/busco_prod/Augustus/scripts/msa2prfl.pl ./align_prep/128548.fa
