[name]
unknown

[dist]
# distance from previous block
# <min> <max>
0	42

[block]
# block no. 0 follows, 24 sequences, length 101
# corresponding to MSA columns:
# 42-142
name=unknown_A
#
# <colnr> <probs for GDERKNQSTAVLIFYWHMCP>
#	G	D	E	R	K	N	Q	S	T	A	V	L	I	F	Y	W	H	M	C	P
0	0.25768	0.01356	0.01573	0.01305	0.01833	0.01323	0.01085	0.03150	0.01941	0.40932	0.02636	0.02975	0.01922	0.01043	0.00738	0.00259	0.00662	0.07564	0.00805	0.01131
1	0.27366	0.01570	0.06663	0.01312	0.01868	0.01399	0.01153	0.02972	0.04430	0.30929	0.10356	0.02573	0.02240	0.00968	0.00711	0.00247	0.00654	0.00744	0.00750	0.01095
2	0.05703	0.14596	0.51565	0.02046	0.03071	0.05154	0.02513	0.02511	0.01674	0.02439	0.01347	0.01580	0.01000	0.00744	0.00700	0.00236	0.01104	0.00549	0.00347	0.01120
3	0.43249	0.01702	0.07623	0.01277	0.01805	0.01618	0.01135	0.04905	0.06731	0.06643	0.04446	0.05942	0.01737	0.00962	0.00643	0.00249	0.00665	0.02803	0.00575	0.05290
4	0.09797	0.03464	0.51388	0.02026	0.03031	0.01808	0.02464	0.02718	0.07264	0.06416	0.01644	0.01804	0.01167	0.00793	0.00733	0.00252	0.01037	0.00609	0.00429	0.01156
5	0.02027	0.01939	0.03194	0.10691	0.48077	0.05228	0.09282	0.02505	0.01834	0.05309	0.01554	0.02002	0.01250	0.00728	0.00800	0.00241	0.01011	0.00726	0.00416	0.01186
6	0.01942	0.01863	0.03182	0.07754	0.64459	0.01879	0.02423	0.02416	0.01796	0.02566	0.01488	0.01969	0.01247	0.00710	0.00785	0.00237	0.00947	0.00706	0.00391	0.01240
7	0.01911	0.01469	0.01852	0.07946	0.02283	0.01342	0.01197	0.04469	0.01738	0.10053	0.01584	0.01831	0.01245	0.00756	0.00866	0.00176	0.08550	0.00564	0.00515	0.49653
8	0.01515	0.01057	0.01502	0.01461	0.06387	0.00988	0.04238	0.01963	0.04761	0.10275	0.42713	0.05120	0.11929	0.01448	0.00903	0.00252	0.00514	0.01284	0.00808	0.00883
9	0.00966	0.00690	0.00920	0.01104	0.01150	0.00644	0.00736	0.01104	0.01518	0.02024	0.04371	0.71614	0.05245	0.02484	0.01012	0.00322	0.00460	0.02254	0.00736	0.00644
10	0.01590	0.04102	0.68023	0.02260	0.03432	0.01842	0.02930	0.02511	0.01674	0.02511	0.01423	0.01674	0.01005	0.00753	0.00753	0.00251	0.01172	0.00586	0.00335	0.01172
11	0.01332	0.00985	0.01310	0.01451	0.01662	0.01006	0.01251	0.01872	0.07978	0.02456	0.04245	0.08321	0.06631	0.02077	0.01062	0.00352	0.00708	0.53784	0.00738	0.00779
12	0.01114	0.00810	0.01049	0.00989	0.01180	0.00745	0.00742	0.01481	0.02225	0.03134	0.64173	0.05999	0.10105	0.01638	0.00935	0.00250	0.00375	0.01445	0.00867	0.00745
13	0.01830	0.02057	0.04420	0.10878	0.04293	0.01978	0.57308	0.02482	0.01839	0.02482	0.01582	0.02136	0.01187	0.00682	0.00920	0.00267	0.01305	0.00910	0.00396	0.01048
14	0.03282	0.01368	0.01804	0.01417	0.01995	0.01240	0.01159	0.03810	0.09421	0.57910	0.05669	0.02856	0.02234	0.01018	0.00804	0.00248	0.00657	0.00834	0.00957	0.01315
15	0.02104	0.60262	0.12912	0.01484	0.02228	0.02879	0.01567	0.02453	0.01646	0.04594	0.01228	0.01385	0.01054	0.00701	0.00554	0.00184	0.00886	0.00461	0.00364	0.01052
16	0.77733	0.01534	0.01166	0.01043	0.01534	0.01779	0.00859	0.02331	0.01350	0.03558	0.01104	0.01288	0.00859	0.00736	0.00491	0.00245	0.00613	0.00429	0.00491	0.00859
17	0.06175	0.01421	0.01844	0.01429	0.02032	0.01296	0.01177	0.07209	0.05117	0.59042	0.02990	0.02614	0.01908	0.00975	0.00786	0.00246	0.00681	0.00784	0.00945	0.01327
18	0.02109	0.69339	0.04180	0.01449	0.02133	0.03085	0.04278	0.02382	0.01623	0.01897	0.01126	0.01312	0.01026	0.00678	0.00529	0.00174	0.00871	0.00448	0.00342	0.01020
19	0.01671	0.14541	0.58291	0.02123	0.03219	0.02039	0.02690	0.02490	0.01665	0.02413	0.01374	0.01613	0.01007	0.00742	0.00716	0.00239	0.01123	0.00561	0.00336	0.01148
20	0.74224	0.04832	0.01304	0.01057	0.01557	0.01842	0.00882	0.02333	0.01362	0.03479	0.01104	0.01287	0.00866	0.00733	0.00492	0.00242	0.00624	0.00429	0.00484	0.00866
21	0.01564	0.00822	0.00831	0.00800	0.01010	0.00835	0.00607	0.05346	0.01778	0.03070	0.02549	0.02898	0.01994	0.00925	0.00568	0.00188	0.00398	0.00738	0.72308	0.00773
22	0.01113	0.00810	0.01047	0.00988	0.01179	0.00744	0.00741	0.01478	0.02223	0.03128	0.63812	0.06009	0.10469	0.01641	0.00935	0.00250	0.00375	0.01446	0.00866	0.00744
23	0.01972	0.01703	0.01793	0.01614	0.02062	0.01972	0.01255	0.04214	0.65752	0.03317	0.03228	0.02959	0.02421	0.01076	0.00807	0.00269	0.00628	0.00897	0.00807	0.01255
24	0.01153	0.00769	0.00865	0.00865	0.00865	0.00769	0.00480	0.01153	0.01153	0.01538	0.02499	0.05189	0.02883	0.72131	0.04036	0.00769	0.00769	0.01153	0.00480	0.00480
25	0.01122	0.00811	0.01060	0.00998	0.01185	0.00748	0.00748	0.01496	0.02245	0.03180	0.66766	0.05923	0.07482	0.01621	0.00935	0.00249	0.00374	0.01434	0.00873	0.00748
26	0.01084	0.00774	0.01055	0.01238	0.01336	0.00745	0.00940	0.01307	0.01634	0.02156	0.04306	0.47999	0.04988	0.02374	0.01043	0.00338	0.00562	0.24711	0.00734	0.00677
27	0.01803	0.01849	0.02419	0.02080	0.02102	0.06126	0.01724	0.01978	0.01272	0.01910	0.01051	0.01718	0.01040	0.01356	0.02497	0.00339	0.66831	0.00684	0.00350	0.00870
28	0.05904	0.36216	0.29771	0.01756	0.02605	0.07227	0.01981	0.02484	0.01668	0.02221	0.01241	0.01447	0.01004	0.00722	0.00622	0.00209	0.01009	0.00496	0.00350	0.01065
29	0.01590	0.04102	0.68023	0.02260	0.03432	0.01842	0.02930	0.02511	0.01674	0.02511	0.01423	0.01674	0.01005	0.00753	0.00753	0.00251	0.01172	0.00586	0.00335	0.01172
30	0.02120	0.72609	0.04155	0.01357	0.02035	0.03138	0.01357	0.02374	0.01611	0.01866	0.01102	0.01272	0.01018	0.00678	0.00509	0.00170	0.00848	0.00424	0.00339	0.01018
31	0.01735	0.01735	0.02429	0.02082	0.02082	0.02429	0.01735	0.01908	0.01214	0.01908	0.01041	0.01735	0.01041	0.01388	0.02602	0.00347	0.70680	0.00694	0.00347	0.00867
32	0.01972	0.01703	0.01793	0.01614	0.02062	0.01972	0.01255	0.04214	0.65752	0.03317	0.03228	0.02959	0.02421	0.01076	0.00807	0.00269	0.00628	0.00897	0.00807	0.01255
33	0.00966	0.00690	0.00920	0.01104	0.01150	0.00644	0.00736	0.01104	0.01518	0.02024	0.04371	0.71614	0.05245	0.02484	0.01012	0.00322	0.00460	0.02254	0.00736	0.00644
34	0.77733	0.01534	0.01166	0.01043	0.01534	0.01779	0.00859	0.02331	0.01350	0.03558	0.01104	0.01288	0.00859	0.00736	0.00491	0.00245	0.00613	0.00429	0.00491	0.00859
35	0.02962	0.03779	0.02247	0.02043	0.02451	0.68948	0.01532	0.03166	0.02247	0.01941	0.01226	0.01430	0.01021	0.00817	0.00715	0.00204	0.01430	0.00511	0.00409	0.00919
36	0.03014	0.02221	0.02380	0.01825	0.02459	0.02459	0.01507	0.64541	0.03728	0.04998	0.01904	0.01904	0.01349	0.00952	0.00793	0.00238	0.00873	0.00714	0.00793	0.01349
37	0.00966	0.00690	0.00920	0.01104	0.01150	0.00644	0.00736	0.01104	0.01518	0.02024	0.04371	0.71614	0.05245	0.02484	0.01012	0.00322	0.00460	0.02254	0.00736	0.00644
38	0.01498	0.01409	0.02378	0.70226	0.05462	0.01762	0.02202	0.02026	0.01586	0.02026	0.01409	0.02114	0.01057	0.00793	0.00793	0.00264	0.01057	0.00705	0.00352	0.00881
39	0.01133	0.00850	0.01274	0.01274	0.01416	0.00991	0.00991	0.01416	0.01274	0.01841	0.02124	0.03115	0.01982	0.05947	0.68989	0.01274	0.02124	0.00850	0.00425	0.00708
40	0.01262	0.00902	0.01260	0.01442	0.01618	0.00899	0.01251	0.01616	0.01810	0.02356	0.04207	0.12097	0.04598	0.02205	0.01091	0.00363	0.00717	0.58850	0.00730	0.00726
41	0.00994	0.00806	0.00882	0.00863	0.01106	0.00693	0.00647	0.01248	0.01941	0.02459	0.25972	0.07110	0.48727	0.01890	0.00937	0.00262	0.00393	0.01600	0.00778	0.00693
42	0.01305	0.00944	0.01298	0.01466	0.01660	0.00955	0.01277	0.01745	0.04355	0.02410	0.04160	0.08708	0.04479	0.02146	0.01084	0.00361	0.00726	0.59436	0.00733	0.00751
43	0.01963	0.01884	0.03219	0.04867	0.67185	0.01884	0.02434	0.02434	0.01806	0.02591	0.01492	0.01963	0.01256	0.00707	0.00785	0.00236	0.00942	0.00707	0.00393	0.01256
44	0.02809	0.07229	0.02344	0.01952	0.02389	0.50811	0.01508	0.10062	0.06651	0.02373	0.01424	0.01589	0.01154	0.00863	0.00787	0.00216	0.03808	0.00562	0.00473	0.00994
45	0.01582	0.01594	0.08401	0.01497	0.02113	0.01158	0.08233	0.02012	0.01791	0.04746	0.13434	0.07803	0.02626	0.00955	0.00744	0.00191	0.00685	0.00853	0.00558	0.39025
46	0.02086	0.57808	0.14194	0.01526	0.02281	0.02894	0.01615	0.05865	0.01739	0.02143	0.01198	0.01371	0.01034	0.00706	0.00564	0.00186	0.00901	0.00466	0.00364	0.01061
47	0.01113	0.00810	0.01047	0.00988	0.01179	0.00744	0.00741	0.01478	0.02223	0.03128	0.63812	0.06009	0.10469	0.01641	0.00935	0.00250	0.00375	0.01446	0.00866	0.00744
48	0.01710	0.19605	0.53569	0.02056	0.03116	0.02135	0.02574	0.02480	0.01660	0.02365	0.01351	0.01583	0.01007	0.00736	0.00698	0.00233	0.01099	0.00549	0.00336	0.01137
49	0.01153	0.00769	0.00865	0.00865	0.00865	0.00769	0.00480	0.01153	0.01153	0.01538	0.02499	0.05189	0.02883	0.72131	0.04036	0.00769	0.00769	0.01153	0.00480	0.00480
50	0.01478	0.00739	0.00739	0.00739	0.00924	0.00739	0.00554	0.01848	0.01663	0.02956	0.02587	0.02956	0.02033	0.00924	0.00554	0.00185	0.00370	0.00739	0.76534	0.00739
51	0.77733	0.01534	0.01166	0.01043	0.01534	0.01779	0.00859	0.02331	0.01350	0.03558	0.01104	0.01288	0.00859	0.00736	0.00491	0.00245	0.00613	0.00429	0.00491	0.00859
52	0.01133	0.00850	0.01274	0.01274	0.01416	0.00991	0.00991	0.01416	0.01274	0.01841	0.02124	0.03115	0.01982	0.05947	0.68989	0.01274	0.02124	0.00850	0.00425	0.00708
53	0.02447	0.01939	0.02060	0.01710	0.02243	0.02194	0.01370	0.31700	0.37493	0.04083	0.02624	0.02478	0.01932	0.01019	0.00801	0.00255	0.00739	0.00813	0.00801	0.01298
54	0.00937	0.00803	0.00803	0.00803	0.01071	0.00669	0.00602	0.01138	0.01807	0.02142	0.08033	0.07632	0.66863	0.02008	0.00937	0.00268	0.00402	0.01674	0.00736	0.00669
55	0.01972	0.01703	0.01793	0.01614	0.02062	0.01972	0.01255	0.04214	0.65752	0.03317	0.03228	0.02959	0.02421	0.01076	0.00807	0.00269	0.00628	0.00897	0.00807	0.01255
56	0.01735	0.01735	0.02429	0.02082	0.02082	0.02429	0.01735	0.01908	0.01214	0.01908	0.01041	0.01735	0.01041	0.01388	0.02602	0.00347	0.70680	0.00694	0.00347	0.00867
57	0.01644	0.01409	0.01644	0.01175	0.01879	0.01057	0.00940	0.01997	0.01644	0.02584	0.01409	0.01644	0.01175	0.00587	0.00587	0.00117	0.00587	0.00470	0.00470	0.76979
58	0.03014	0.02221	0.02380	0.01825	0.02459	0.02459	0.01507	0.64541	0.03728	0.04998	0.01904	0.01904	0.01349	0.00952	0.00793	0.00238	0.00873	0.00714	0.00793	0.01349
59	0.01590	0.04102	0.68023	0.02260	0.03432	0.01842	0.02930	0.02511	0.01674	0.02511	0.01423	0.01674	0.01005	0.00753	0.00753	0.00251	0.01172	0.00586	0.00335	0.01172
60	0.02964	0.02264	0.02347	0.01824	0.02440	0.05306	0.01497	0.59105	0.06531	0.04788	0.01936	0.01932	0.01384	0.00952	0.00791	0.00238	0.00885	0.00714	0.00777	0.01326
61	0.01963	0.01884	0.03219	0.04867	0.67185	0.01884	0.02434	0.02434	0.01806	0.02591	0.01492	0.01963	0.01256	0.00707	0.00785	0.00236	0.00942	0.00707	0.00393	0.01256
62	0.00937	0.00803	0.00803	0.00803	0.01071	0.00669	0.00602	0.01138	0.01807	0.02142	0.08033	0.07632	0.66863	0.02008	0.00937	0.00268	0.00402	0.01674	0.00736	0.00669
63	0.02962	0.03779	0.02247	0.02043	0.02451	0.68948	0.01532	0.03166	0.02247	0.01941	0.01226	0.01430	0.01021	0.00817	0.00715	0.00204	0.01430	0.00511	0.00409	0.00919
64	0.01153	0.00769	0.00865	0.00865	0.00865	0.00769	0.00480	0.01153	0.01153	0.01538	0.02499	0.05189	0.02883	0.72131	0.04036	0.00769	0.00769	0.01153	0.00480	0.00480
65	0.01498	0.01409	0.02378	0.70226	0.05462	0.01762	0.02202	0.02026	0.01586	0.02026	0.01409	0.02114	0.01057	0.00793	0.00793	0.00264	0.01057	0.00705	0.00352	0.00881
66	0.00937	0.00803	0.00803	0.00803	0.01071	0.00669	0.00602	0.01138	0.01807	0.02142	0.08033	0.07632	0.66863	0.02008	0.00937	0.00268	0.00402	0.01674	0.00736	0.00669
67	0.01872	0.02139	0.04679	0.03342	0.04144	0.02005	0.64305	0.02540	0.01872	0.02540	0.01604	0.02139	0.01203	0.00668	0.00936	0.00267	0.01337	0.00936	0.00401	0.01070
68	0.01972	0.01703	0.01793	0.01614	0.02062	0.01972	0.01255	0.04214	0.65752	0.03317	0.03228	0.02959	0.02421	0.01076	0.00807	0.00269	0.00628	0.00897	0.00807	0.01255
69	0.01498	0.01409	0.02378	0.70226	0.05462	0.01762	0.02202	0.02026	0.01586	0.02026	0.01409	0.02114	0.01057	0.00793	0.00793	0.00264	0.01057	0.00705	0.00352	0.00881
70	0.64995	0.13507	0.01669	0.01096	0.01618	0.02008	0.00943	0.02338	0.01394	0.03273	0.01104	0.01285	0.00886	0.00726	0.00494	0.00233	0.00653	0.00428	0.00465	0.00886
71	0.65034	0.01736	0.04222	0.01172	0.01699	0.04837	0.01006	0.02499	0.01478	0.08525	0.01284	0.01424	0.00960	0.00760	0.00537	0.00244	0.00681	0.00469	0.00519	0.00914
72	0.01159	0.00891	0.01049	0.01028	0.01244	0.00841	0.00761	0.03970	0.05574	0.02724	0.30886	0.18987	0.24234	0.01849	0.00938	0.00270	0.00433	0.01608	0.00799	0.00756
73	0.01839	0.01417	0.01670	0.01217	0.01901	0.01110	0.00975	0.02274	0.04665	0.08715	0.01654	0.01804	0.01306	0.00647	0.00617	0.00136	0.00597	0.00520	0.00533	0.66402
74	0.03558	0.01350	0.01840	0.01411	0.02024	0.01166	0.01166	0.03865	0.02270	0.67734	0.03128	0.02699	0.01963	0.00981	0.00797	0.00245	0.00675	0.00797	0.00981	0.01350
75	0.01858	0.01366	0.01560	0.01367	0.01741	0.01460	0.01067	0.09861	0.27714	0.08315	0.29339	0.04046	0.04358	0.01280	0.00858	0.00256	0.00554	0.01091	0.00846	0.01063
76	0.01612	0.06917	0.65398	0.02223	0.03375	0.01895	0.02865	0.02506	0.01672	0.02485	0.01410	0.01658	0.01005	0.00750	0.00743	0.00248	0.01159	0.00579	0.00335	0.01166
77	0.04837	0.01435	0.01621	0.01212	0.01847	0.01204	0.00969	0.07108	0.04404	0.02852	0.04675	0.02200	0.04920	0.00761	0.00642	0.00152	0.00594	0.00609	0.00542	0.57415
78	0.00992	0.00701	0.00912	0.01071	0.01110	0.00662	0.00700	0.01111	0.01467	0.01956	0.04107	0.62275	0.04913	0.12277	0.01437	0.00385	0.00503	0.02100	0.00700	0.00621
79	0.01527	0.01434	0.02479	0.61189	0.05119	0.01728	0.07145	0.02058	0.01613	0.02116	0.01487	0.02160	0.01120	0.00790	0.00792	0.00260	0.01044	0.00725	0.04325	0.00889
80	0.01982	0.01934	0.02836	0.26706	0.31493	0.07945	0.05050	0.07888	0.01944	0.02550	0.01481	0.01970	0.01172	0.00766	0.00789	0.00244	0.01038	0.00700	0.00416	0.01097
81	0.77733	0.01534	0.01166	0.01043	0.01534	0.01779	0.00859	0.02331	0.01350	0.03558	0.01104	0.01288	0.00859	0.00736	0.00491	0.00245	0.00613	0.00429	0.00491	0.00859
82	0.00966	0.00690	0.00920	0.01104	0.01150	0.00644	0.00736	0.01104	0.01518	0.02024	0.04371	0.71614	0.05245	0.02484	0.01012	0.00322	0.00460	0.02254	0.00736	0.00644
83	0.02725	0.03372	0.04878	0.04634	0.05571	0.52096	0.01629	0.05803	0.07689	0.02247	0.01454	0.01641	0.01167	0.00837	0.00734	0.00217	0.01291	0.00572	0.00454	0.00991
84	0.01973	0.33141	0.33430	0.01839	0.02727	0.06158	0.02101	0.06031	0.01797	0.02347	0.01303	0.01503	0.01031	0.00736	0.00649	0.00213	0.01031	0.00520	0.00367	0.01102
85	0.00966	0.00690	0.00920	0.01104	0.01150	0.00644	0.00736	0.01104	0.01518	0.02024	0.04371	0.71614	0.05245	0.02484	0.01012	0.00322	0.00460	0.02254	0.00736	0.00644
86	0.02170	0.02001	0.02119	0.05631	0.02364	0.09261	0.01490	0.13534	0.30172	0.03055	0.02188	0.02291	0.01698	0.01084	0.01208	0.00275	0.16936	0.00768	0.00631	0.01125
87	0.01958	0.42373	0.28901	0.01744	0.02600	0.06062	0.01978	0.02469	0.01669	0.02121	0.01234	0.01437	0.01013	0.00715	0.00615	0.00203	0.01004	0.00492	0.00341	0.01073
88	0.01453	0.00880	0.01162	0.01059	0.01299	0.00802	0.00805	0.01809	0.02219	0.12066	0.55494	0.08075	0.06630	0.01567	0.00919	0.00252	0.00419	0.01378	0.00883	0.00827
89	0.04340	0.00958	0.00965	0.00889	0.01143	0.00997	0.00688	0.09939	0.01918	0.03240	0.02447	0.02763	0.01903	0.00921	0.00583	0.00194	0.00443	0.00725	0.64123	0.00822
90	0.01867	0.02050	0.04274	0.07446	0.16027	0.01969	0.49171	0.02491	0.01843	0.02520	0.01572	0.02105	0.01205	0.00683	0.00899	0.00261	0.01247	0.00880	0.00397	0.01094
91	0.01708	0.01696	0.02378	0.02046	0.02053	0.02365	0.01702	0.01887	0.01217	0.01905	0.01089	0.01796	0.01082	0.01589	0.05530	0.00388	0.67657	0.00701	0.00350	0.00860
92	0.01112	0.00810	0.01046	0.00987	0.01178	0.00744	0.00740	0.01476	0.02220	0.03122	0.63489	0.06019	0.10795	0.01643	0.00935	0.00250	0.00376	0.01447	0.00865	0.00744
93	0.00966	0.00690	0.00920	0.01104	0.01150	0.00644	0.00736	0.01104	0.01518	0.02024	0.04371	0.71614	0.05245	0.02484	0.01012	0.00322	0.00460	0.02254	0.00736	0.00644
94	0.05713	0.06266	0.02574	0.02117	0.02527	0.46983	0.08283	0.02858	0.02001	0.02064	0.01231	0.01535	0.01037	0.00870	0.00979	0.00231	0.10829	0.00574	0.00400	0.00930
95	0.01972	0.01703	0.01793	0.01614	0.02062	0.01972	0.01255	0.04214	0.65752	0.03317	0.03228	0.02959	0.02421	0.01076	0.00807	0.00269	0.00628	0.00897	0.00807	0.01255
96	0.01153	0.00769	0.00865	0.00865	0.00865	0.00769	0.00480	0.01153	0.01153	0.01538	0.02499	0.05189	0.02883	0.72131	0.04036	0.00769	0.00769	0.01153	0.00480	0.00480
97	0.01752	0.02977	0.31725	0.02880	0.03840	0.01935	0.38099	0.02528	0.01787	0.02528	0.01527	0.01941	0.01118	0.00705	0.00858	0.00260	0.01266	0.00786	0.00373	0.01113
98	0.03188	0.01425	0.01907	0.04068	0.04731	0.01334	0.01266	0.03793	0.11536	0.53334	0.03016	0.02687	0.01969	0.00978	0.00798	0.00249	0.00692	0.00805	0.00910	0.01315
99	0.01706	0.01737	0.02907	0.45926	0.12474	0.05571	0.13919	0.02236	0.01703	0.02186	0.01446	0.02062	0.01107	0.00760	0.00815	0.00258	0.01117	0.00738	0.00370	0.00964
100	0.01239	0.00897	0.01147	0.01071	0.01283	0.00855	0.00821	0.05104	0.02306	0.03239	0.59586	0.05862	0.06970	0.01615	0.00936	0.00255	0.00422	0.04751	0.00860	0.00781

[dist]
# distance from previous block
# <min> <max>
0	13

[block]
# block no. 1 follows, 24 sequences, length 11
# corresponding to MSA columns:
# 156-166
name=unknown_B
#
# <colnr> <probs for GDERKNQSTAVLIFYWHMCP>
#	G	D	E	R	K	N	Q	S	T	A	V	L	I	F	Y	W	H	M	C	P
0	0.05401	0.05396	0.02797	0.02868	0.21734	0.20418	0.08359	0.10896	0.07550	0.04606	0.01644	0.01876	0.01290	0.00803	0.00762	0.00231	0.01058	0.00674	0.00503	0.01133
1	0.06663	0.10551	0.49548	0.02129	0.05600	0.01917	0.02481	0.02589	0.01699	0.07627	0.01507	0.01701	0.01082	0.00761	0.00717	0.00241	0.01056	0.00581	0.00398	0.01154
2	0.01152	0.00774	0.00894	0.00894	0.00904	0.00784	0.00517	0.01172	0.01162	0.01559	0.02472	0.05043	0.02819	0.67456	0.08624	0.00805	0.00865	0.01132	0.00477	0.00497
3	0.01921	0.01777	0.02905	0.23351	0.43837	0.01899	0.02287	0.07729	0.01910	0.02638	0.01504	0.02001	0.01207	0.00753	0.00788	0.00244	0.00969	0.00707	0.00416	0.01157
4	0.11405	0.16980	0.29842	0.01863	0.02682	0.02100	0.06071	0.10045	0.01877	0.02789	0.01593	0.06424	0.01337	0.00874	0.00706	0.00238	0.00961	0.00688	0.00444	0.01080
5	0.09676	0.01694	0.02985	0.22594	0.17755	0.01777	0.20084	0.02345	0.01720	0.04667	0.01584	0.02075	0.01214	0.00746	0.00786	0.00251	0.01011	0.00749	0.05263	0.01022
6	0.01767	0.02571	0.23966	0.06921	0.03586	0.01832	0.30867	0.05994	0.01872	0.02650	0.01716	0.04525	0.01340	0.00802	0.00838	0.00257	0.01145	0.00832	0.05451	0.01069
7	0.08258	0.09657	0.50986	0.02004	0.03026	0.01891	0.02463	0.02602	0.01693	0.08227	0.01517	0.01696	0.01077	0.00765	0.00714	0.00243	0.01053	0.00577	0.00405	0.01147
8	0.02061	0.06327	0.16550	0.02478	0.07694	0.01815	0.22502	0.05169	0.06427	0.12071	0.02094	0.07555	0.01674	0.00917	0.00834	0.00256	0.01013	0.00890	0.00538	0.01133
9	0.01828	0.01201	0.01517	0.01278	0.01770	0.01002	0.01049	0.02168	0.01832	0.14142	0.06347	0.07127	0.02752	0.01224	0.00797	0.00222	0.00622	0.16809	0.00665	0.35647
10	0.01615	0.11696	0.06243	0.01540	0.01918	0.01508	0.01415	0.06952	0.07322	0.02594	0.03304	0.06294	0.03381	0.01685	0.00940	0.00311	0.00779	0.38952	0.00659	0.00894

[dist]
# distance from previous block
# <min> <max>
0	1

# created by:
# /st0/software/busco_prod/Augustus/scripts/msa2prfl.pl ./align_prep/128577.fa
