[name]
unknown

[dist]
# distance from previous block
# <min> <max>
0	0

[block]
# block no. 0 follows, 22 sequences, length 24
# corresponding to MSA columns:
# 0-23
name=unknown_A
#
# <colnr> <probs for GDERKNQSTAVLIFYWHMCP>
#	G	D	E	R	K	N	Q	S	T	A	V	L	I	F	Y	W	H	M	C	P
0	0.01339	0.00956	0.01339	0.01530	0.01721	0.00956	0.01339	0.01721	0.01912	0.02486	0.04399	0.09371	0.04781	0.02295	0.01147	0.00382	0.00765	0.60031	0.00765	0.00765
1	0.03158	0.02327	0.02493	0.01911	0.02576	0.02576	0.01579	0.62852	0.03906	0.05236	0.01995	0.01995	0.01413	0.00997	0.00831	0.00249	0.00914	0.00748	0.00831	0.01413
2	0.02883	0.01265	0.01665	0.01374	0.01868	0.01136	0.01096	0.03313	0.06205	0.44538	0.09935	0.11727	0.06535	0.01353	0.00886	0.00270	0.00629	0.01146	0.00960	0.01215
3	0.03158	0.02327	0.02493	0.01911	0.02576	0.02576	0.01579	0.62852	0.03906	0.05236	0.01995	0.01995	0.01413	0.00997	0.00831	0.00249	0.00914	0.00748	0.00831	0.01413
4	0.01116	0.00799	0.01079	0.01242	0.01344	0.00761	0.00921	0.01352	0.01762	0.02355	0.11445	0.46992	0.05575	0.02419	0.01074	0.00341	0.00546	0.17382	0.00786	0.00711
5	0.01025	0.00833	0.00908	0.00911	0.01154	0.00716	0.00675	0.01267	0.01962	0.02458	0.19805	0.13081	0.48180	0.02064	0.00988	0.00282	0.00420	0.01755	0.00801	0.00716
6	0.01569	0.01477	0.02492	0.68808	0.05722	0.01846	0.02307	0.02123	0.01661	0.02123	0.01477	0.02215	0.01107	0.00831	0.00831	0.00277	0.01107	0.00738	0.00369	0.00923
7	0.01638	0.01547	0.02617	0.59753	0.14235	0.01864	0.02342	0.02183	0.01694	0.02207	0.01489	0.02192	0.01137	0.00818	0.00829	0.00273	0.01090	0.00739	0.00375	0.00979
8	0.76672	0.01607	0.01221	0.01092	0.01607	0.01864	0.00900	0.02442	0.01414	0.03727	0.01157	0.01350	0.00900	0.00771	0.00514	0.00257	0.00643	0.00450	0.00514	0.00900
9	0.01012	0.00723	0.00964	0.01157	0.01205	0.00675	0.00771	0.01157	0.01591	0.02121	0.04579	0.70262	0.05495	0.02603	0.01060	0.00337	0.00482	0.02362	0.00771	0.00675
10	0.01757	0.15311	0.56285	0.02212	0.03355	0.02152	0.02799	0.02607	0.01743	0.02520	0.01436	0.01685	0.01055	0.00776	0.00747	0.00249	0.01172	0.00586	0.00352	0.01201
11	0.01012	0.00723	0.00964	0.01157	0.01205	0.00675	0.00771	0.01157	0.01591	0.02121	0.04579	0.70262	0.05495	0.02603	0.01060	0.00337	0.00482	0.02362	0.00771	0.00675
12	0.01047	0.00738	0.00954	0.01112	0.01152	0.00698	0.00723	0.01166	0.01522	0.02030	0.04229	0.58717	0.05054	0.14749	0.01625	0.00421	0.00540	0.02156	0.00723	0.00644
13	0.03061	0.02776	0.02451	0.05357	0.02733	0.22105	0.01624	0.41836	0.03325	0.04113	0.01754	0.01856	0.01294	0.00946	0.00806	0.00240	0.01100	0.00683	0.00686	0.01252
14	0.02204	0.40804	0.22179	0.01802	0.02630	0.09994	0.01931	0.05640	0.01892	0.02325	0.01309	0.01507	0.01080	0.00764	0.00647	0.00210	0.01057	0.00519	0.00386	0.01119
15	0.02202	0.63396	0.04241	0.01841	0.09375	0.03137	0.01550	0.02495	0.01711	0.02041	0.01201	0.01415	0.01095	0.00714	0.00566	0.00186	0.00900	0.00478	0.00362	0.01095
16	0.01223	0.08964	0.01331	0.01034	0.01296	0.03455	0.00782	0.01411	0.01772	0.02134	0.06049	0.21510	0.37515	0.06415	0.01148	0.00313	0.00553	0.01668	0.00694	0.00734
17	0.10546	0.02062	0.06659	0.04489	0.54849	0.01959	0.02390	0.02542	0.01829	0.02825	0.01512	0.01959	0.01254	0.00746	0.00785	0.00249	0.00961	0.00700	0.00420	0.01263
18	0.12836	0.46681	0.03267	0.01328	0.01917	0.02626	0.01240	0.02431	0.04823	0.02503	0.11358	0.02190	0.02182	0.00896	0.00616	0.00207	0.00763	0.00636	0.00491	0.01010
19	0.10935	0.01821	0.08604	0.02051	0.12285	0.03904	0.01505	0.07313	0.02191	0.16595	0.16949	0.06868	0.03156	0.01163	0.00834	0.00259	0.00758	0.00976	0.00719	0.01113
20	0.12514	0.01964	0.02176	0.12621	0.09285	0.08021	0.01583	0.18967	0.07567	0.06962	0.08336	0.02469	0.02038	0.00984	0.00796	0.00256	0.00884	0.00783	0.00654	0.01141
21	0.05003	0.02136	0.06181	0.08447	0.37733	0.05199	0.05088	0.10585	0.02172	0.03043	0.05147	0.02230	0.01635	0.00842	0.00823	0.00251	0.00996	0.00768	0.00495	0.01224
22	0.20295	0.07929	0.02427	0.02071	0.10768	0.01826	0.08304	0.08638	0.02118	0.12463	0.12713	0.02663	0.02429	0.00973	0.00770	0.00251	0.00791	0.00817	0.00651	0.01103
23	0.08492	0.01874	0.03094	0.09613	0.36278	0.01921	0.10144	0.02437	0.01782	0.02697	0.01496	0.01985	0.01231	0.00779	0.00919	0.00250	0.05358	0.00721	0.00423	0.08506

[dist]
# distance from previous block
# <min> <max>
0	9

[block]
# block no. 1 follows, 22 sequences, length 56
# corresponding to MSA columns:
# 33-67,69-89
name=unknown_B
#
# <colnr> <probs for GDERKNQSTAVLIFYWHMCP>
#	G	D	E	R	K	N	Q	S	T	A	V	L	I	F	Y	W	H	M	C	P
0	0.05030	0.01953	0.05093	0.03953	0.41145	0.01835	0.09791	0.02860	0.01976	0.15365	0.01902	0.02198	0.01433	0.00795	0.00833	0.00254	0.00978	0.00775	0.00537	0.01293
1	0.02089	0.07067	0.08280	0.06804	0.15053	0.05775	0.23369	0.07152	0.04014	0.02755	0.01619	0.02026	0.01267	0.00787	0.00904	0.00252	0.03441	0.00774	0.00454	0.06119
2	0.07774	0.01645	0.01865	0.10009	0.02479	0.01856	0.01353	0.10821	0.31458	0.08137	0.06999	0.02913	0.02398	0.01069	0.00809	0.00267	0.00713	0.00874	0.05375	0.01184
3	0.02289	0.01940	0.06350	0.01768	0.06061	0.01681	0.01415	0.18989	0.06223	0.07799	0.01865	0.01979	0.01411	0.00798	0.00727	0.00193	0.00768	0.00636	0.00629	0.36481
4	0.02351	0.02130	0.02833	0.12079	0.14296	0.07826	0.10194	0.22195	0.02584	0.03424	0.05472	0.02259	0.01672	0.00890	0.00837	0.00246	0.01021	0.00786	0.00581	0.06323
5	0.12831	0.01823	0.02332	0.02748	0.24256	0.01936	0.01667	0.18571	0.07877	0.03587	0.06110	0.04507	0.06133	0.01045	0.00809	0.00258	0.00803	0.00875	0.00640	0.01193
6	0.03040	0.01550	0.02145	0.06445	0.10814	0.01495	0.01476	0.08005	0.06619	0.40548	0.06819	0.02857	0.02251	0.01024	0.00843	0.00258	0.00763	0.00860	0.00867	0.01321
7	0.02772	0.06712	0.08121	0.01930	0.05710	0.02092	0.01604	0.22265	0.17782	0.18530	0.02510	0.02397	0.01777	0.00985	0.00812	0.00255	0.00833	0.00783	0.00784	0.01345
8	0.01692	0.01010	0.01397	0.01446	0.05695	0.00932	0.01012	0.02025	0.02143	0.14884	0.33233	0.18806	0.05653	0.01730	0.00968	0.00282	0.00531	0.04781	0.00864	0.00915
9	0.01469	0.01142	0.01709	0.02181	0.13371	0.01142	0.01559	0.01872	0.01909	0.02528	0.03882	0.08037	0.04149	0.02011	0.01088	0.00358	0.00805	0.49221	0.00700	0.00865
10	0.04717	0.32591	0.26673	0.01830	0.02701	0.06176	0.02016	0.06250	0.01911	0.06082	0.01455	0.01620	0.01132	0.00785	0.00673	0.00222	0.01030	0.00552	0.00429	0.01154
11	0.01451	0.01403	0.02615	0.06730	0.02728	0.01401	0.23585	0.01830	0.01710	0.02311	0.03073	0.36146	0.03351	0.01708	0.01126	0.00314	0.05423	0.01636	0.00588	0.00870
12	0.01067	0.00845	0.00960	0.00931	0.01174	0.00738	0.00698	0.01357	0.02095	0.02722	0.33351	0.07209	0.40052	0.01926	0.00981	0.00272	0.00408	0.01643	0.00834	0.00738
13	0.03049	0.02269	0.02493	0.06506	0.02792	0.02526	0.01629	0.58681	0.03752	0.05022	0.01959	0.02010	0.01392	0.00986	0.00831	0.00251	0.00927	0.00747	0.00799	0.01379
14	0.02430	0.01965	0.02083	0.01764	0.02299	0.02236	0.01403	0.23857	0.44087	0.04061	0.02920	0.02732	0.02162	0.01084	0.00841	0.00271	0.00743	0.00876	0.00841	0.01347
15	0.02697	0.13116	0.02913	0.02825	0.19309	0.40784	0.01830	0.02993	0.02135	0.02203	0.01340	0.01623	0.01135	0.00804	0.00738	0.00218	0.01274	0.00577	0.00413	0.01072
16	0.01798	0.01710	0.02905	0.38895	0.33846	0.01906	0.02421	0.02323	0.01769	0.02400	0.01517	0.02140	0.01205	0.00788	0.00827	0.00263	0.01051	0.00739	0.00389	0.01107
17	0.01944	0.02178	0.04661	0.07474	0.08362	0.02078	0.55172	0.02622	0.01939	0.02633	0.01661	0.02227	0.01255	0.00711	0.00961	0.00278	0.01357	0.00951	0.00417	0.01121
18	0.76672	0.01607	0.01221	0.01092	0.01607	0.01864	0.00900	0.02442	0.01414	0.03727	0.01157	0.01350	0.00900	0.00771	0.00514	0.00257	0.00643	0.00450	0.00514	0.00900
19	0.01176	0.00849	0.01110	0.01045	0.01241	0.00784	0.00784	0.01568	0.02352	0.03331	0.65184	0.06206	0.07839	0.01698	0.00980	0.00261	0.00392	0.01502	0.00914	0.00784
20	0.02073	0.01844	0.02487	0.16221	0.03259	0.02083	0.09794	0.10493	0.35487	0.03283	0.02587	0.02668	0.01930	0.00992	0.00859	0.00277	0.00883	0.00880	0.00685	0.01217
21	0.01862	0.01776	0.03021	0.30505	0.41735	0.01923	0.02453	0.02379	0.01800	0.02478	0.01528	0.02119	0.01233	0.00776	0.00826	0.00259	0.01035	0.00739	0.00394	0.01159
22	0.06114	0.02148	0.04515	0.08274	0.04292	0.02068	0.54620	0.02608	0.01908	0.02680	0.01636	0.02189	0.01229	0.00714	0.00943	0.00279	0.01336	0.00932	0.00422	0.01093
23	0.01092	0.00823	0.01010	0.01011	0.01202	0.00741	0.00740	0.01388	0.02084	0.02808	0.38346	0.18711	0.23052	0.01979	0.00995	0.00281	0.00417	0.01732	0.00849	0.00741
24	0.01784	0.01696	0.02880	0.40701	0.32148	0.01902	0.02414	0.02311	0.01763	0.02384	0.01515	0.02145	0.01199	0.00791	0.00827	0.00264	0.01054	0.00739	0.00388	0.01096
25	0.01630	0.01597	0.02871	0.58539	0.05505	0.01886	0.11788	0.02207	0.01708	0.02207	0.01509	0.02219	0.01131	0.00810	0.00854	0.00277	0.01154	0.00776	0.00377	0.00954
26	0.01012	0.00723	0.00964	0.01157	0.01205	0.00675	0.00771	0.01157	0.01591	0.02121	0.04579	0.70262	0.05495	0.02603	0.01060	0.00337	0.00482	0.02362	0.00771	0.00675
27	0.01879	0.02081	0.04399	0.17137	0.04630	0.02048	0.50015	0.02549	0.01898	0.02549	0.01638	0.02235	0.01229	0.00727	0.00949	0.00279	0.01339	0.00930	0.00410	0.01079
28	0.57298	0.01587	0.01432	0.06250	0.02004	0.01786	0.01056	0.02617	0.05229	0.07544	0.01469	0.01636	0.01107	0.00804	0.00584	0.00252	0.00681	0.00528	0.00555	0.05583
29	0.01670	0.01616	0.02625	0.42597	0.04471	0.01980	0.06538	0.02130	0.01593	0.02176	0.01397	0.02082	0.01124	0.00957	0.01290	0.00287	0.17784	0.00735	0.00381	0.06567
30	0.11642	0.01379	0.01536	0.10326	0.02166	0.05346	0.01157	0.05708	0.01780	0.02607	0.02812	0.31987	0.03049	0.01606	0.00912	0.00277	0.02758	0.01370	0.00616	0.10962
31	0.62823	0.01631	0.01471	0.05719	0.05699	0.01882	0.01114	0.02549	0.05325	0.03549	0.01339	0.01555	0.01039	0.00795	0.00573	0.00259	0.00694	0.00516	0.00519	0.00951
32	0.02272	0.01710	0.01937	0.01487	0.02129	0.01614	0.01195	0.21849	0.06303	0.07288	0.02096	0.07019	0.01733	0.00941	0.00745	0.00197	0.00710	0.00760	0.00675	0.37339
33	0.44770	0.01529	0.01582	0.07680	0.02173	0.01644	0.01143	0.02956	0.01764	0.24762	0.01907	0.01933	0.01312	0.00864	0.00653	0.00259	0.00709	0.00608	0.00675	0.01076
34	0.01984	0.01900	0.03241	0.14589	0.56700	0.01955	0.02513	0.02486	0.01857	0.02626	0.01550	0.02080	0.01285	0.00754	0.00824	0.00251	0.01005	0.00740	0.00405	0.01257
35	0.03045	0.02473	0.02418	0.01890	0.02530	0.10772	0.01538	0.50749	0.03546	0.04639	0.01865	0.01911	0.01355	0.00951	0.00805	0.00235	0.00967	0.00702	0.00754	0.06852
36	0.02010	0.01963	0.03414	0.08995	0.48153	0.01990	0.10855	0.02676	0.06562	0.02723	0.01710	0.02171	0.01385	0.00770	0.00847	0.00256	0.01028	0.00789	0.00442	0.01261
37	0.07657	0.01640	0.01917	0.01520	0.02128	0.06289	0.01238	0.03927	0.06290	0.53848	0.03016	0.02662	0.01948	0.01007	0.00812	0.00255	0.00760	0.00798	0.00943	0.01345
38	0.02147	0.01825	0.01924	0.01707	0.02191	0.02104	0.01334	0.08728	0.59677	0.03605	0.03279	0.03018	0.02453	0.01117	0.00844	0.00279	0.00676	0.00925	0.00844	0.01322
39	0.01176	0.00849	0.01110	0.01045	0.01241	0.00784	0.00784	0.01568	0.02352	0.03331	0.65184	0.06206	0.07839	0.01698	0.00980	0.00261	0.00392	0.01502	0.00914	0.00784
40	0.02056	0.01974	0.03372	0.05099	0.65622	0.01974	0.02550	0.02550	0.01892	0.02714	0.01563	0.02056	0.01316	0.00740	0.00822	0.00247	0.00987	0.00740	0.00411	0.01316
41	0.06389	0.67402	0.04178	0.01403	0.02103	0.03207	0.01392	0.02485	0.01673	0.02054	0.01155	0.01334	0.01057	0.00714	0.00532	0.00182	0.00875	0.00445	0.00364	0.01057
42	0.02056	0.01974	0.03372	0.05099	0.65622	0.01974	0.02550	0.02550	0.01892	0.02714	0.01563	0.02056	0.01316	0.00740	0.00822	0.00247	0.00987	0.00740	0.00411	0.01316
43	0.01623	0.01529	0.02528	0.45270	0.04533	0.01901	0.05811	0.02066	0.01594	0.02124	0.01578	0.02555	0.01334	0.01111	0.01325	0.03412	0.14319	0.04092	0.00393	0.00900
44	0.01061	0.00882	0.00933	0.00913	0.01186	0.00772	0.00687	0.01392	0.04539	0.02490	0.18421	0.07471	0.52366	0.01991	0.00976	0.00277	0.00425	0.01675	0.00800	0.00741
45	0.01915	0.01828	0.03095	0.18433	0.50638	0.01901	0.02430	0.02411	0.01843	0.02572	0.01789	0.02302	0.03557	0.00808	0.00830	0.00254	0.00992	0.00776	0.00415	0.01211
46	0.03057	0.02542	0.02371	0.01890	0.02484	0.14493	0.01528	0.48393	0.03497	0.04522	0.01903	0.01965	0.01390	0.00969	0.00802	0.00240	0.00993	0.00710	0.04960	0.01294
47	0.03693	0.01468	0.01962	0.01504	0.02148	0.01302	0.01242	0.07556	0.02469	0.62562	0.03201	0.02778	0.02018	0.01026	0.00835	0.00257	0.00719	0.00830	0.01016	0.01414
48	0.01106	0.00809	0.01039	0.01062	0.01219	0.00742	0.00766	0.01403	0.02069	0.02848	0.40789	0.26657	0.12359	0.02022	0.01006	0.00287	0.00423	0.01798	0.00856	0.00742
49	0.01759	0.15503	0.56107	0.02210	0.03351	0.02156	0.02794	0.02607	0.01743	0.02518	0.01435	0.01683	0.01055	0.00776	0.00746	0.00249	0.01171	0.00585	0.00352	0.01201
50	0.01708	0.09315	0.61846	0.02297	0.03486	0.02031	0.02946	0.02620	0.01749	0.02580	0.01466	0.01722	0.01053	0.00783	0.00770	0.00257	0.01202	0.00601	0.00351	0.01216
51	0.01200	0.00838	0.01073	0.01073	0.01130	0.00896	0.00711	0.01315	0.01257	0.01734	0.02465	0.04592	0.02654	0.45707	0.28824	0.01011	0.01357	0.01084	0.00481	0.00596
52	0.01494	0.01375	0.02285	0.59676	0.05112	0.01688	0.02100	0.01992	0.01652	0.02122	0.01895	0.11400	0.01700	0.01070	0.00862	0.00285	0.01023	0.00957	0.00423	0.00889
53	0.02056	0.01974	0.03372	0.05099	0.65622	0.01974	0.02550	0.02550	0.01892	0.02714	0.01563	0.02056	0.01316	0.00740	0.00822	0.00247	0.00987	0.00740	0.00411	0.01316
54	0.02101	0.02047	0.02927	0.08885	0.43549	0.06888	0.02209	0.02955	0.14588	0.02774	0.01906	0.02239	0.01531	0.00834	0.00822	0.00254	0.00967	0.00765	0.00498	0.01260
55	0.01966	0.02226	0.04816	0.03591	0.07796	0.02094	0.59220	0.02655	0.01957	0.02664	0.01674	0.02230	0.01264	0.00703	0.00971	0.00278	0.01377	0.00967	0.00420	0.01131

[dist]
# distance from previous block
# <min> <max>
0	1

[block]
# block no. 2 follows, 22 sequences, length 41
# corresponding to MSA columns:
# 91-131
name=unknown_C
#
# <colnr> <probs for GDERKNQSTAVLIFYWHMCP>
#	G	D	E	R	K	N	Q	S	T	A	V	L	I	F	Y	W	H	M	C	P
0	0.02127	0.02002	0.03319	0.04661	0.55747	0.02025	0.05228	0.06736	0.04712	0.02916	0.01676	0.02105	0.01372	0.00772	0.00831	0.00250	0.00987	0.00760	0.00459	0.01313
1	0.03103	0.02300	0.02462	0.01900	0.02555	0.02550	0.01566	0.59901	0.06947	0.05147	0.02065	0.02050	0.01469	0.01004	0.00832	0.00251	0.00901	0.00758	0.00832	0.01408
2	0.02013	0.02222	0.03830	0.02886	0.03435	0.08503	0.37737	0.02516	0.01810	0.02452	0.01543	0.02104	0.01243	0.00924	0.01388	0.00291	0.18892	0.00861	0.04317	0.01032
3	0.01104	0.00789	0.01070	0.01262	0.01350	0.00754	0.00931	0.01316	0.01681	0.02224	0.04528	0.53104	0.05293	0.02516	0.01085	0.00350	0.00562	0.18612	0.00769	0.00700
4	0.02722	0.02251	0.02669	0.05183	0.19245	0.05917	0.01842	0.36965	0.07885	0.04146	0.01931	0.02077	0.01445	0.00926	0.00825	0.00250	0.00952	0.00749	0.00683	0.01337
5	0.03052	0.01897	0.04362	0.06754	0.10210	0.01842	0.04819	0.21941	0.02707	0.30134	0.02416	0.02373	0.01633	0.00947	0.00838	0.00256	0.00883	0.00791	0.00797	0.01348
6	0.03103	0.03959	0.02354	0.02140	0.02568	0.67469	0.01605	0.03317	0.02354	0.02033	0.01284	0.01498	0.01070	0.00856	0.00749	0.00214	0.01498	0.00535	0.00428	0.00963
7	0.01027	0.00734	0.00977	0.01147	0.01208	0.00685	0.00772	0.01194	0.01659	0.02230	0.10037	0.64493	0.05706	0.02521	0.01053	0.00331	0.00474	0.02284	0.00784	0.00685
8	0.02087	0.02232	0.09196	0.05897	0.35782	0.04298	0.16595	0.02643	0.01925	0.06349	0.01766	0.04245	0.01439	0.00817	0.00863	0.00259	0.01096	0.00834	0.00455	0.01223
9	0.01188	0.00885	0.01309	0.01309	0.01449	0.01024	0.01006	0.01467	0.01327	0.01909	0.02249	0.03395	0.02134	0.10121	0.63699	0.01303	0.02140	0.00909	0.00449	0.00727
10	0.01208	0.00805	0.00906	0.00906	0.00906	0.00805	0.00503	0.01208	0.01208	0.01611	0.02618	0.05436	0.03020	0.70804	0.04228	0.00805	0.00805	0.01208	0.00503	0.00503
11	0.01256	0.00961	0.01254	0.05264	0.01703	0.00993	0.01047	0.01779	0.10421	0.02381	0.04194	0.45083	0.04685	0.02233	0.01034	0.00335	0.00598	0.13227	0.00757	0.00796
12	0.28296	0.06261	0.12657	0.07200	0.10804	0.01873	0.01687	0.02832	0.04654	0.13853	0.01756	0.01909	0.01280	0.00832	0.00696	0.00255	0.00846	0.00626	0.00556	0.01127
13	0.02272	0.01884	0.02011	0.01928	0.06495	0.05577	0.01406	0.04194	0.50934	0.08993	0.03133	0.02916	0.02329	0.01077	0.00838	0.00273	0.00731	0.00894	0.00809	0.01305
14	0.22696	0.08343	0.08326	0.01961	0.09322	0.02162	0.01547	0.17526	0.10752	0.03655	0.01817	0.01946	0.01384	0.00877	0.00703	0.00248	0.00816	0.00653	0.04098	0.01169
15	0.07745	0.01231	0.01422	0.01288	0.01522	0.01401	0.00989	0.10643	0.04063	0.02818	0.02222	0.03137	0.01992	0.14684	0.18131	0.00618	0.07231	0.00852	0.17158	0.00853
16	0.02103	0.01958	0.03221	0.10568	0.55054	0.02012	0.02448	0.07466	0.02036	0.02868	0.01590	0.02065	0.01305	0.00769	0.00824	0.00250	0.00992	0.00741	0.00442	0.01289
17	0.02912	0.01499	0.01859	0.01513	0.02093	0.01431	0.01228	0.03810	0.19565	0.38216	0.03172	0.03143	0.02250	0.01080	0.00831	0.00256	0.00686	0.04079	0.00904	0.09470
18	0.02293	0.05944	0.10149	0.01960	0.02621	0.08546	0.08594	0.06278	0.25866	0.08904	0.02387	0.02386	0.01773	0.00927	0.00806	0.00249	0.00921	0.00780	0.00654	0.07964
19	0.06065	0.20179	0.19965	0.02049	0.02879	0.02272	0.11492	0.08296	0.05454	0.11047	0.01800	0.01938	0.01325	0.00823	0.00753	0.00243	0.01012	0.00679	0.00529	0.01199
20	0.02749	0.02176	0.02387	0.08034	0.06002	0.06217	0.01613	0.44229	0.03230	0.04269	0.01927	0.02232	0.01478	0.04835	0.04526	0.00336	0.01034	0.00765	0.00706	0.01254
21	0.01987	0.47141	0.07503	0.01468	0.02066	0.02659	0.01430	0.02409	0.04667	0.02227	0.05783	0.02014	0.01716	0.01189	0.04749	0.00274	0.04535	0.00610	0.04546	0.01025
22	0.02190	0.01784	0.01903	0.01687	0.02173	0.02041	0.01319	0.06448	0.58824	0.06770	0.03327	0.03047	0.02472	0.01117	0.00844	0.00279	0.00669	0.00927	0.00854	0.01323
23	0.13708	0.01444	0.02050	0.02150	0.12428	0.01460	0.07571	0.07017	0.01921	0.08754	0.02799	0.20302	0.02805	0.04950	0.01056	0.00317	0.00784	0.06846	0.00650	0.00990
24	0.02057	0.01964	0.03293	0.04919	0.62267	0.01979	0.02484	0.02648	0.05182	0.02754	0.01659	0.02111	0.01380	0.00761	0.00824	0.00249	0.00970	0.00751	0.00434	0.01316
25	0.00982	0.00842	0.00842	0.00842	0.01122	0.00701	0.00631	0.01192	0.01894	0.02244	0.08416	0.07995	0.65285	0.02104	0.00982	0.00281	0.00421	0.01753	0.00771	0.00701
26	0.01233	0.01051	0.01751	0.01566	0.01813	0.00977	0.12668	0.01547	0.01859	0.02522	0.18769	0.38813	0.08088	0.01995	0.01022	0.00305	0.00634	0.01860	0.00738	0.00788
27	0.02437	0.02506	0.02546	0.08807	0.06162	0.22950	0.07131	0.15421	0.02328	0.02797	0.01745	0.06038	0.01540	0.04682	0.01227	0.00291	0.09013	0.00816	0.00523	0.01041
28	0.01845	0.01983	0.03819	0.02880	0.03386	0.02149	0.37421	0.02341	0.01682	0.02381	0.01539	0.02196	0.01279	0.01441	0.07521	0.00402	0.23423	0.00890	0.00404	0.01018
29	0.02856	0.03459	0.02398	0.02136	0.02493	0.51495	0.01645	0.06130	0.02224	0.02192	0.01283	0.01586	0.01092	0.00980	0.01138	0.00245	0.14653	0.00583	0.00436	0.00976
30	0.02246	0.01830	0.02513	0.06053	0.18031	0.01937	0.05810	0.24629	0.05903	0.03641	0.05697	0.09625	0.02246	0.01119	0.00859	0.00261	0.00860	0.00985	0.04564	0.01193
31	0.72369	0.01649	0.01295	0.01140	0.01663	0.01905	0.00939	0.05978	0.01560	0.03816	0.01206	0.01387	0.00930	0.00784	0.00533	0.00257	0.00659	0.00467	0.00533	0.00930
32	0.01569	0.01477	0.02492	0.68808	0.05722	0.01846	0.02307	0.02123	0.01661	0.02123	0.01477	0.02215	0.01107	0.00831	0.00831	0.00277	0.01107	0.00738	0.00369	0.00923
33	0.01777	0.01935	0.04070	0.09017	0.03976	0.01855	0.47516	0.02378	0.01876	0.02528	0.02115	0.12863	0.01908	0.01009	0.00979	0.00289	0.01231	0.01174	0.00470	0.01033
34	0.03248	0.02183	0.02404	0.01843	0.02504	0.02362	0.01522	0.53557	0.03664	0.14872	0.02197	0.02126	0.01515	0.01002	0.00832	0.00251	0.00881	0.00762	0.00862	0.01413
35	0.01582	0.01434	0.02340	0.58665	0.05080	0.01791	0.02122	0.02098	0.01645	0.02203	0.01564	0.02270	0.01198	0.00880	0.00922	0.00275	0.05151	0.00741	0.07128	0.00909
36	0.02461	0.07570	0.02494	0.02048	0.02311	0.35087	0.01622	0.02656	0.01840	0.01995	0.01265	0.01796	0.01170	0.04403	0.01657	0.00297	0.27364	0.00634	0.00402	0.00927
37	0.01671	0.01591	0.02749	0.48746	0.11076	0.01875	0.08404	0.02204	0.01696	0.02274	0.01541	0.02220	0.01190	0.00851	0.00944	0.00275	0.05079	0.00764	0.03874	0.00974
38	0.01731	0.01491	0.01766	0.04411	0.02153	0.01187	0.01062	0.02201	0.04627	0.02715	0.01565	0.01810	0.01286	0.00649	0.00636	0.00138	0.00640	0.00525	0.00503	0.68904
39	0.02181	0.52180	0.12466	0.01593	0.02354	0.07973	0.01630	0.02545	0.01751	0.02104	0.01233	0.01429	0.01076	0.00726	0.00590	0.00188	0.00964	0.00478	0.00370	0.06168
40	0.02067	0.01999	0.06079	0.18815	0.21417	0.05170	0.06713	0.06579	0.01968	0.06363	0.01715	0.03976	0.01384	0.00880	0.00920	0.00254	0.04578	0.00770	0.00479	0.07874

[dist]
# distance from previous block
# <min> <max>
0	1

[block]
# block no. 3 follows, 22 sequences, length 6
# corresponding to MSA columns:
# 134-139
name=unknown_D
#
# <colnr> <probs for GDERKNQSTAVLIFYWHMCP>
#	G	D	E	R	K	N	Q	S	T	A	V	L	I	F	Y	W	H	M	C	P
0	0.01886	0.01567	0.02106	0.01579	0.02228	0.01363	0.07644	0.02417	0.06501	0.06967	0.01869	0.04784	0.01556	0.00824	0.00833	0.00184	0.04876	0.00693	0.00551	0.49572
1	0.02235	0.01183	0.01661	0.01642	0.08453	0.01076	0.01138	0.02611	0.02312	0.27046	0.34968	0.04484	0.04954	0.01342	0.00908	0.00258	0.00575	0.01169	0.00904	0.01079
2	0.02046	0.06125	0.03156	0.08109	0.46092	0.02046	0.02253	0.05245	0.01904	0.02700	0.01514	0.01978	0.01271	0.00794	0.00918	0.00243	0.05554	0.00703	0.00428	0.06921
3	0.02194	0.02152	0.09873	0.04233	0.48726	0.01894	0.02395	0.02821	0.05352	0.09531	0.01838	0.02164	0.01434	0.00797	0.00822	0.00252	0.00965	0.00748	0.00495	0.01317
4	0.02408	0.01678	0.02121	0.01693	0.05098	0.01502	0.04035	0.12915	0.04772	0.15922	0.02017	0.02085	0.01485	0.00793	0.00731	0.00191	0.00739	0.00656	0.00665	0.38494
5	0.02011	0.02377	0.11608	0.06111	0.29950	0.08816	0.05851	0.02648	0.05683	0.02634	0.01801	0.02447	0.01518	0.00866	0.00820	0.00247	0.01033	0.04305	0.00460	0.08815

[dist]
# distance from previous block
# <min> <max>
0	1

[block]
# block no. 4 follows, 22 sequences, length 21
# corresponding to MSA columns:
# 141-161
name=unknown_E
#
# <colnr> <probs for GDERKNQSTAVLIFYWHMCP>
#	G	D	E	R	K	N	Q	S	T	A	V	L	I	F	Y	W	H	M	C	P
0	0.02066	0.02592	0.23807	0.02665	0.17103	0.01762	0.04394	0.02946	0.10589	0.10066	0.01981	0.02147	0.01469	0.00824	0.00791	0.00241	0.00949	0.00709	0.00535	0.12365
1	0.01848	0.02512	0.19203	0.06844	0.24856	0.01905	0.19237	0.02509	0.01867	0.02630	0.01814	0.02662	0.01519	0.00878	0.00886	0.00273	0.01149	0.05809	0.00427	0.01174
2	0.03158	0.02327	0.02493	0.01911	0.02576	0.02576	0.01579	0.62852	0.03906	0.05236	0.01995	0.01995	0.01413	0.00997	0.00831	0.00249	0.00914	0.00748	0.00831	0.01413
3	0.01080	0.00793	0.00988	0.01043	0.01177	0.00728	0.00728	0.01307	0.01868	0.02509	0.25666	0.32222	0.16264	0.08155	0.01296	0.00343	0.00469	0.01865	0.00797	0.00701
4	0.01208	0.00805	0.00906	0.00906	0.00906	0.00805	0.00503	0.01208	0.01208	0.01611	0.02618	0.05436	0.03020	0.70804	0.04228	0.00805	0.00805	0.01208	0.00503	0.00503
5	0.02066	0.01785	0.01878	0.01691	0.02160	0.02066	0.01315	0.04414	0.64121	0.03475	0.03381	0.03099	0.02536	0.01127	0.00845	0.00282	0.00657	0.00939	0.00845	0.01315
6	0.01666	0.04297	0.66500	0.02368	0.03596	0.01929	0.03069	0.02631	0.01754	0.02631	0.01491	0.01754	0.01052	0.00789	0.00789	0.00263	0.01228	0.00614	0.00351	0.01228
7	0.02022	0.11814	0.42254	0.02562	0.12547	0.02023	0.02584	0.02759	0.01836	0.09643	0.01660	0.01867	0.01205	0.00799	0.00768	0.00250	0.01092	0.00637	0.00436	0.01242
8	0.01728	0.08470	0.57094	0.02405	0.03566	0.02032	0.08152	0.02624	0.01768	0.02590	0.01486	0.01769	0.01071	0.00776	0.00789	0.00259	0.01221	0.00635	0.00357	0.01208
9	0.01208	0.00805	0.00906	0.00906	0.00906	0.00805	0.00503	0.01208	0.01208	0.01611	0.02618	0.05436	0.03020	0.70804	0.04228	0.00805	0.00805	0.01208	0.00503	0.00503
10	0.01807	0.02308	0.12074	0.03070	0.03860	0.01903	0.47536	0.02471	0.01889	0.02590	0.02016	0.10612	0.01759	0.00947	0.00967	0.00285	0.01265	0.01106	0.00455	0.01079
11	0.01875	0.02351	0.12178	0.13641	0.12221	0.02024	0.38112	0.02560	0.01879	0.02581	0.01610	0.02151	0.01217	0.00737	0.00913	0.00273	0.01281	0.00866	0.00402	0.01128
12	0.01208	0.00805	0.00906	0.00906	0.00906	0.00805	0.00503	0.01208	0.01208	0.01611	0.02618	0.05436	0.03020	0.70804	0.04228	0.00805	0.00805	0.01208	0.00503	0.00503
13	0.01961	0.02241	0.04902	0.03501	0.04342	0.02101	0.62605	0.02661	0.01961	0.02661	0.01681	0.02241	0.01261	0.00700	0.00980	0.00280	0.01401	0.00980	0.00420	0.01120
14	0.01879	0.02241	0.13885	0.07208	0.46849	0.01850	0.02476	0.02426	0.01832	0.02622	0.01803	0.07802	0.01616	0.00911	0.00837	0.00259	0.00991	0.00856	0.00430	0.01228
15	0.01691	0.04123	0.61270	0.02464	0.03659	0.01944	0.08124	0.02633	0.01771	0.02633	0.01507	0.01795	0.01070	0.00782	0.00805	0.00265	0.01242	0.00645	0.00357	0.01219
16	0.01188	0.00886	0.01312	0.01312	0.01453	0.01026	0.01010	0.01469	0.01328	0.01911	0.02246	0.03380	0.02127	0.09688	0.64124	0.01307	0.02149	0.00907	0.00448	0.00729
17	0.01208	0.00805	0.00906	0.00906	0.00906	0.00805	0.00503	0.01208	0.01208	0.01611	0.02618	0.05436	0.03020	0.70804	0.04228	0.00805	0.00805	0.01208	0.00503	0.00503
18	0.59405	0.01720	0.01486	0.01259	0.01807	0.01949	0.01038	0.13073	0.01907	0.07801	0.01432	0.01552	0.01060	0.00826	0.00589	0.00256	0.00694	0.00525	0.00601	0.01021
19	0.01918	0.02024	0.02763	0.45341	0.10833	0.13323	0.07464	0.02419	0.01830	0.02211	0.01469	0.02077	0.01134	0.00815	0.00829	0.00263	0.01189	0.00724	0.00388	0.00985
20	0.01640	0.01399	0.01693	0.05893	0.07412	0.01527	0.01278	0.02895	0.31123	0.02838	0.04024	0.18790	0.10674	0.01568	0.00919	0.00295	0.00649	0.03580	0.00751	0.01053

[dist]
# distance from previous block
# <min> <max>
0	6

# created by:
# /st0/software/busco_prod/Augustus/scripts/msa2prfl.pl ./align_prep/128519.fa
