[name]
unknown

[dist]
# distance from previous block
# <min> <max>
0	43

[block]
# block no. 0 follows, 25 sequences, length 40
# corresponding to MSA columns:
# 44-83
name=unknown_A
#
# <colnr> <probs for GDERKNQSTAVLIFYWHMCP>
#	G	D	E	R	K	N	Q	S	T	A	V	L	I	F	Y	W	H	M	C	P
0	0.06322	0.01985	0.11855	0.01791	0.02329	0.04461	0.09138	0.18030	0.02187	0.05720	0.04227	0.14126	0.02301	0.01225	0.00875	0.00261	0.02815	0.06361	0.00604	0.03386
1	0.15681	0.09598	0.02160	0.01670	0.02146	0.35207	0.01324	0.15146	0.02255	0.02764	0.01588	0.01715	0.03931	0.00849	0.00667	0.00213	0.01054	0.00566	0.00495	0.00971
2	0.48797	0.01710	0.04537	0.01455	0.01976	0.01806	0.07148	0.07206	0.01634	0.09591	0.01384	0.01568	0.01032	0.00804	0.00747	0.00250	0.06328	0.00549	0.00523	0.00955
3	0.05147	0.04223	0.05918	0.01376	0.01920	0.01367	0.01184	0.09181	0.06861	0.29517	0.12476	0.05649	0.02647	0.01050	0.00766	0.00231	0.00649	0.00863	0.00776	0.08200
4	0.02146	0.12570	0.10411	0.01568	0.02123	0.04668	0.03638	0.13161	0.08563	0.12320	0.09712	0.06653	0.02421	0.01062	0.00761	0.00235	0.00772	0.02608	0.03541	0.01066
5	0.07699	0.01516	0.09776	0.05230	0.01835	0.01292	0.01131	0.08964	0.05516	0.07752	0.07449	0.03682	0.06032	0.26686	0.01901	0.00427	0.00752	0.00937	0.00580	0.00842
6	0.17584	0.25684	0.28697	0.05051	0.04550	0.02195	0.01900	0.02351	0.01551	0.02442	0.01227	0.01461	0.00967	0.00710	0.00609	0.00219	0.00918	0.00499	0.00363	0.01023
7	0.25243	0.01485	0.01609	0.01287	0.01851	0.01480	0.01050	0.07955	0.08397	0.26833	0.02111	0.02025	0.01470	0.00833	0.00658	0.00221	0.00639	0.00624	0.00704	0.13527
8	0.01078	0.00817	0.00865	0.00835	0.01110	0.00689	0.00633	0.01295	0.01829	0.05973	0.12599	0.07046	0.58774	0.01874	0.00908	0.00259	0.00406	0.01568	0.00745	0.00699
9	0.05410	0.01840	0.02063	0.05589	0.04371	0.02036	0.01391	0.38274	0.14520	0.06508	0.05901	0.04582	0.01960	0.01016	0.00781	0.00243	0.00764	0.00811	0.00740	0.01199
10	0.01114	0.00831	0.01041	0.00998	0.01193	0.00783	0.00744	0.01546	0.05692	0.02926	0.52932	0.11071	0.12886	0.01660	0.00914	0.00252	0.00389	0.01460	0.00826	0.00744
11	0.01696	0.01696	0.02375	0.02036	0.02036	0.02375	0.01696	0.01866	0.01187	0.01866	0.01018	0.01696	0.01018	0.01357	0.02545	0.00339	0.71332	0.00679	0.00339	0.00848
12	0.02571	0.31154	0.02934	0.01733	0.02236	0.43345	0.01430	0.02790	0.01952	0.01869	0.01151	0.01337	0.00997	0.00745	0.00619	0.00186	0.01173	0.00466	0.00373	0.00937
13	0.01128	0.00752	0.00846	0.00846	0.00846	0.00752	0.00470	0.01128	0.01128	0.01503	0.02443	0.05074	0.02819	0.72751	0.03946	0.00752	0.00752	0.01128	0.00470	0.00470
14	0.02853	0.02125	0.02274	0.01765	0.02368	0.02360	0.01451	0.59642	0.09486	0.04734	0.01982	0.01957	0.01416	0.00942	0.00777	0.00236	0.00831	0.00715	0.00777	0.01310
15	0.01555	0.04011	0.68733	0.02210	0.03356	0.01801	0.02865	0.02455	0.01637	0.02455	0.01391	0.01637	0.00982	0.00737	0.00737	0.00246	0.01146	0.00573	0.00327	0.01146
16	0.01919	0.01842	0.03147	0.04759	0.67914	0.01842	0.02380	0.02380	0.01765	0.02533	0.01458	0.01919	0.01228	0.00691	0.00768	0.00230	0.00921	0.00691	0.00384	0.01228
17	0.00947	0.00770	0.00817	0.00835	0.01046	0.00664	0.00603	0.01130	0.01708	0.02091	0.10348	0.14630	0.51902	0.07614	0.01165	0.00306	0.00426	0.01648	0.00708	0.00641
18	0.01075	0.00781	0.01015	0.01138	0.01246	0.00735	0.00801	0.03487	0.01594	0.02139	0.04033	0.60954	0.04743	0.02262	0.00969	0.00306	0.00493	0.07170	0.00709	0.04351
19	0.01555	0.04011	0.68733	0.02210	0.03356	0.01801	0.02865	0.02455	0.01637	0.02455	0.01391	0.01637	0.00982	0.00737	0.00737	0.00246	0.01146	0.00573	0.00327	0.01146
20	0.01830	0.02092	0.04575	0.03268	0.04052	0.01961	0.65098	0.02484	0.01830	0.02484	0.01569	0.02092	0.01176	0.00654	0.00915	0.00261	0.01307	0.00915	0.00392	0.01046
21	0.01420	0.00989	0.01294	0.06664	0.01682	0.00993	0.00967	0.04147	0.07178	0.07536	0.40740	0.11382	0.05465	0.01523	0.00895	0.00259	0.00504	0.04738	0.00792	0.00833
22	0.01080	0.00792	0.01013	0.00958	0.01148	0.00724	0.00718	0.01430	0.02155	0.03014	0.61890	0.05949	0.12991	0.01621	0.00915	0.00246	0.00368	0.01424	0.00841	0.00724
23	0.01650	0.01628	0.02285	0.01973	0.01984	0.02263	0.01639	0.01828	0.01192	0.01861	0.01102	0.01803	0.01091	0.01711	0.07873	0.00411	0.65835	0.00691	0.00345	0.00836
24	0.01128	0.00752	0.00846	0.00846	0.00846	0.00752	0.00470	0.01128	0.01128	0.01503	0.02443	0.05074	0.02819	0.72751	0.03946	0.00752	0.00752	0.01128	0.00470	0.00470
25	0.01696	0.01696	0.02375	0.02036	0.02036	0.02375	0.01696	0.01866	0.01187	0.01866	0.01018	0.01696	0.01018	0.01357	0.02545	0.00339	0.71332	0.00679	0.00339	0.00848
26	0.01085	0.00783	0.01026	0.00984	0.01156	0.00724	0.00731	0.01433	0.02138	0.03020	0.62486	0.11066	0.07142	0.01652	0.00920	0.00250	0.00372	0.01466	0.00843	0.00724
27	0.01207	0.00879	0.01191	0.01346	0.01536	0.00862	0.01166	0.01544	0.01783	0.02292	0.04581	0.08583	0.12470	0.02119	0.01051	0.00345	0.00673	0.54951	0.00715	0.00706
28	0.01919	0.01842	0.03147	0.04759	0.67914	0.01842	0.02380	0.02380	0.01765	0.02533	0.01458	0.01919	0.01228	0.00691	0.00768	0.00230	0.00921	0.00691	0.00384	0.01228
29	0.00998	0.00708	0.00939	0.01103	0.01161	0.00672	0.00765	0.01149	0.01492	0.01982	0.04101	0.58815	0.04855	0.08214	0.01244	0.00356	0.00508	0.09613	0.00698	0.00627
30	0.02436	0.12611	0.02517	0.07274	0.07865	0.12915	0.01527	0.27639	0.08682	0.03315	0.04549	0.01987	0.01551	0.00879	0.00729	0.00223	0.00912	0.00671	0.00590	0.01128
31	0.61202	0.08947	0.05937	0.01172	0.01723	0.01916	0.01058	0.05899	0.01499	0.03325	0.01145	0.01317	0.00892	0.00727	0.00515	0.00232	0.00673	0.00445	0.00472	0.00903
32	0.73851	0.01539	0.01209	0.01064	0.01552	0.01778	0.00877	0.05945	0.01455	0.03561	0.01125	0.01295	0.00868	0.00732	0.00497	0.00239	0.00615	0.00436	0.00497	0.00868
33	0.01128	0.00752	0.00846	0.00846	0.00846	0.00752	0.00470	0.01128	0.01128	0.01503	0.02443	0.05074	0.02819	0.72751	0.03946	0.00752	0.00752	0.01128	0.00470	0.00470
34	0.01128	0.00752	0.00846	0.00846	0.00846	0.00752	0.00470	0.01128	0.01128	0.01503	0.02443	0.05074	0.02819	0.72751	0.03946	0.00752	0.00752	0.01128	0.00470	0.00470
35	0.00945	0.00675	0.00900	0.01080	0.01125	0.00630	0.00720	0.01080	0.01484	0.01979	0.04274	0.72245	0.05128	0.02429	0.00990	0.00315	0.00450	0.02204	0.00720	0.00630
36	0.01347	0.00673	0.01010	0.01010	0.01010	0.00673	0.00673	0.01010	0.01010	0.01347	0.01347	0.02357	0.01347	0.02694	0.03030	0.77441	0.00673	0.00673	0.00337	0.00337
37	0.01052	0.00791	0.00974	0.00928	0.01131	0.00712	0.00696	0.01376	0.02088	0.02856	0.52598	0.06209	0.22381	0.01680	0.00915	0.00248	0.00373	0.01461	0.00820	0.00712
38	0.78228	0.01499	0.01140	0.01020	0.01499	0.01739	0.00840	0.02279	0.01320	0.03479	0.01080	0.01260	0.00840	0.00720	0.00480	0.00240	0.00600	0.00420	0.00480	0.00840
39	0.02832	0.01980	0.02162	0.01699	0.02285	0.02168	0.01390	0.47104	0.14548	0.12283	0.02234	0.02137	0.01576	0.00956	0.00778	0.00239	0.00788	0.00739	0.00800	0.01303

[dist]
# distance from previous block
# <min> <max>
0	2

[block]
# block no. 1 follows, 25 sequences, length 80
# corresponding to MSA columns:
# 86-165
name=unknown_B
#
# <colnr> <probs for GDERKNQSTAVLIFYWHMCP>
#	G	D	E	R	K	N	Q	S	T	A	V	L	I	F	Y	W	H	M	C	P
0	0.02935	0.01956	0.02112	0.01790	0.05373	0.08051	0.01381	0.28994	0.10960	0.24773	0.02332	0.02204	0.01612	0.00932	0.00771	0.00236	0.00813	0.00729	0.00783	0.01265
1	0.01760	0.01423	0.01658	0.01195	0.01876	0.01118	0.00960	0.05757	0.01752	0.05252	0.01473	0.01663	0.01189	0.00610	0.00594	0.00127	0.00594	0.00486	0.00498	0.70016
2	0.01250	0.01078	0.04346	0.01101	0.01338	0.03827	0.00878	0.01609	0.02099	0.04724	0.53403	0.11840	0.06368	0.01575	0.00900	0.00249	0.00465	0.01384	0.00798	0.00765
3	0.00943	0.00681	0.00893	0.01063	0.01120	0.00631	0.00712	0.01082	0.01501	0.01986	0.04478	0.68537	0.08703	0.02403	0.00985	0.00312	0.00447	0.02172	0.00720	0.00631
4	0.02969	0.02137	0.02305	0.01767	0.02387	0.02353	0.01460	0.62803	0.03587	0.07495	0.01911	0.01893	0.01343	0.00932	0.00776	0.00233	0.00845	0.00701	0.00783	0.01319
5	0.02900	0.03594	0.02206	0.01983	0.02398	0.65157	0.01497	0.07244	0.02294	0.02097	0.01243	0.01429	0.01020	0.00808	0.00704	0.00202	0.01362	0.00513	0.00425	0.00927
6	0.00952	0.00681	0.00907	0.01074	0.01126	0.00635	0.00720	0.01099	0.01521	0.02037	0.07482	0.68872	0.05239	0.02386	0.00986	0.00311	0.00446	0.02164	0.00727	0.00635
7	0.03479	0.01320	0.01799	0.01380	0.01979	0.01140	0.01140	0.03779	0.02219	0.68451	0.03059	0.02639	0.01919	0.00960	0.00780	0.00240	0.00660	0.00780	0.00960	0.01320
8	0.01090	0.00787	0.01030	0.00980	0.01157	0.00727	0.00731	0.01445	0.02161	0.03055	0.64479	0.08972	0.07211	0.01626	0.00918	0.00247	0.00370	0.01441	0.00847	0.00727
9	0.03004	0.02081	0.02271	0.01741	0.02359	0.02269	0.01438	0.58758	0.03493	0.11672	0.01989	0.01945	0.01383	0.00934	0.00776	0.00233	0.00833	0.00707	0.00795	0.01319
10	0.01211	0.00873	0.01199	0.01355	0.01533	0.00860	0.01165	0.01550	0.01791	0.02331	0.07361	0.11106	0.08239	0.02117	0.01051	0.00344	0.00668	0.53815	0.00721	0.00708
11	0.02405	0.02243	0.04306	0.01690	0.02172	0.17953	0.04372	0.28815	0.02585	0.03316	0.01896	0.06061	0.01590	0.04948	0.00919	0.00250	0.00923	0.00760	0.08775	0.04021
12	0.02947	0.02172	0.02327	0.01784	0.02404	0.02404	0.01474	0.65329	0.03646	0.04887	0.01862	0.01862	0.01319	0.00931	0.00776	0.00233	0.00853	0.00698	0.00776	0.01319
13	0.01818	0.01731	0.02897	0.19301	0.50835	0.01820	0.02274	0.02375	0.04837	0.02445	0.01522	0.01999	0.01240	0.00727	0.00770	0.00238	0.00931	0.00699	0.00395	0.01147
14	0.01161	0.00853	0.01148	0.01138	0.01250	0.00955	0.00826	0.01460	0.04943	0.01788	0.02255	0.03680	0.02242	0.26771	0.44889	0.01033	0.01573	0.00927	0.00454	0.00652
15	0.05742	0.69762	0.03922	0.01312	0.01966	0.03004	0.01303	0.02320	0.01563	0.01904	0.01078	0.01245	0.00988	0.00666	0.00497	0.00169	0.00818	0.00415	0.00339	0.00988
16	0.02781	0.02074	0.02224	0.01742	0.02326	0.02302	0.01426	0.56950	0.10274	0.04627	0.02069	0.04013	0.01541	0.00987	0.00783	0.00238	0.00816	0.00761	0.00775	0.01289
17	0.01422	0.00978	0.01301	0.01379	0.01607	0.00985	0.01171	0.01953	0.08094	0.06300	0.12496	0.07435	0.04500	0.01894	0.01006	0.00326	0.00654	0.44945	0.00754	0.00800
18	0.01608	0.01378	0.01608	0.01148	0.01837	0.01034	0.00919	0.01952	0.01608	0.02527	0.01378	0.01608	0.01148	0.00574	0.00574	0.00115	0.00574	0.00459	0.00459	0.77491
19	0.00945	0.00675	0.00900	0.01080	0.01125	0.00630	0.00720	0.01080	0.01484	0.01979	0.04274	0.72245	0.05128	0.02429	0.00990	0.00315	0.00450	0.02204	0.00720	0.00630
20	0.02979	0.02122	0.02296	0.01760	0.02379	0.02330	0.01454	0.61703	0.03562	0.08630	0.01932	0.01907	0.01354	0.00932	0.00776	0.00233	0.00842	0.00703	0.00786	0.01319
21	0.02145	0.01720	0.01836	0.01597	0.02069	0.01957	0.01258	0.12664	0.54644	0.06594	0.02970	0.02736	0.02199	0.01031	0.00787	0.00258	0.00649	0.00847	0.00795	0.01244
22	0.00945	0.00675	0.00900	0.01080	0.01125	0.00630	0.00720	0.01080	0.01484	0.01979	0.04274	0.72245	0.05128	0.02429	0.00990	0.00315	0.00450	0.02204	0.00720	0.00630
23	0.01072	0.00782	0.01008	0.00972	0.01148	0.00718	0.00721	0.01407	0.02106	0.02945	0.58142	0.11564	0.11147	0.01682	0.00921	0.00251	0.00375	0.01486	0.00833	0.00718
24	0.01062	0.00766	0.01012	0.01166	0.01274	0.00733	0.00883	0.01273	0.01594	0.02083	0.04405	0.40219	0.09971	0.06430	0.01187	0.00351	0.00557	0.23680	0.00703	0.00652
25	0.78228	0.01499	0.01140	0.01020	0.01499	0.01739	0.00840	0.02279	0.01320	0.03479	0.01080	0.01260	0.00840	0.00720	0.00480	0.00240	0.00600	0.00420	0.00480	0.00840
26	0.02073	0.73217	0.04063	0.01327	0.01990	0.03068	0.01327	0.02322	0.01575	0.01824	0.01078	0.01244	0.00995	0.00663	0.00498	0.00166	0.00829	0.00415	0.00332	0.00995
27	0.01965	0.01600	0.01797	0.01347	0.01993	0.01458	0.01085	0.17465	0.08920	0.03171	0.01682	0.01804	0.01318	0.00710	0.00645	0.00159	0.00646	0.00561	0.00570	0.51106
28	0.02947	0.02172	0.02327	0.01784	0.02404	0.02404	0.01474	0.65329	0.03646	0.04887	0.01862	0.01862	0.01319	0.00931	0.00776	0.00233	0.00853	0.00698	0.00776	0.01319
29	0.02421	0.43846	0.03275	0.01610	0.02162	0.31192	0.01399	0.02649	0.01838	0.01855	0.01129	0.01309	0.00997	0.00721	0.00583	0.00180	0.01070	0.00450	0.00360	0.00954
30	0.01972	0.01636	0.01747	0.01546	0.02005	0.01848	0.01207	0.03986	0.60376	0.05762	0.03053	0.02811	0.02281	0.01022	0.00777	0.00254	0.00613	0.00850	0.00777	0.05478
31	0.02590	0.01528	0.01773	0.01470	0.01982	0.01587	0.01178	0.10798	0.29601	0.29109	0.03282	0.02979	0.06418	0.01062	0.00792	0.00250	0.00645	0.00869	0.00850	0.01236
32	0.02238	0.01344	0.01654	0.01246	0.01860	0.01098	0.01001	0.05100	0.01886	0.24428	0.02148	0.06668	0.01676	0.00840	0.00678	0.00174	0.00606	0.00692	0.00655	0.44006
33	0.02605	0.02732	0.02058	0.01796	0.02243	0.35618	0.01398	0.20084	0.10933	0.02921	0.02112	0.02380	0.04811	0.00992	0.00761	0.00228	0.01063	0.03647	0.00585	0.01035
34	0.02837	0.02004	0.02181	0.01710	0.02299	0.02199	0.01400	0.49212	0.13645	0.11066	0.02192	0.02107	0.01549	0.00953	0.00778	0.00238	0.00795	0.00735	0.00796	0.01304
35	0.00957	0.00680	0.00896	0.01064	0.01106	0.00638	0.00703	0.01083	0.01461	0.01948	0.04152	0.67768	0.04974	0.07116	0.01187	0.00344	0.00470	0.02132	0.00703	0.00619
36	0.03391	0.01461	0.01887	0.01447	0.02050	0.01350	0.01195	0.13993	0.02456	0.57902	0.02860	0.02510	0.01820	0.00955	0.00779	0.00239	0.00692	0.00766	0.00929	0.01319
37	0.01830	0.02092	0.04575	0.03268	0.04052	0.01961	0.65098	0.02484	0.01830	0.02484	0.01569	0.02092	0.01176	0.00654	0.00915	0.00261	0.01307	0.00915	0.00392	0.01046
38	0.04577	0.01383	0.02277	0.68054	0.05184	0.01723	0.02100	0.01993	0.01541	0.02042	0.01366	0.02034	0.01026	0.00773	0.00763	0.00258	0.01016	0.00678	0.00350	0.00860
39	0.00945	0.00675	0.00900	0.01080	0.01125	0.00630	0.00720	0.01080	0.01484	0.01979	0.04274	0.72245	0.05128	0.02429	0.00990	0.00315	0.00450	0.02204	0.00720	0.00630
40	0.02831	0.01464	0.01780	0.01462	0.01995	0.01469	0.01176	0.03921	0.29067	0.41221	0.03099	0.02745	0.02106	0.00998	0.00784	0.00250	0.00641	0.00820	0.00888	0.01281
41	0.01885	0.01794	0.03051	0.04590	0.64549	0.01794	0.02322	0.02340	0.01766	0.02522	0.01593	0.02265	0.01392	0.00764	0.00783	0.00237	0.00911	0.03837	0.00401	0.01202
42	0.01761	0.01681	0.02861	0.27774	0.46136	0.01801	0.02301	0.02241	0.01691	0.02341	0.01430	0.01971	0.01160	0.00720	0.00770	0.00240	0.00960	0.00690	0.00370	0.01100
43	0.01929	0.01666	0.01753	0.01578	0.02016	0.01929	0.01227	0.04120	0.66513	0.03243	0.03156	0.02893	0.02367	0.01052	0.00789	0.00263	0.00614	0.00877	0.00789	0.01227
44	0.01915	0.02111	0.09057	0.06988	0.56419	0.05089	0.02373	0.02405	0.01766	0.02474	0.01437	0.01874	0.01187	0.00704	0.00762	0.00231	0.00969	0.00671	0.00378	0.01190
45	0.01919	0.01842	0.03147	0.04759	0.67914	0.01842	0.02380	0.02380	0.01765	0.02533	0.01458	0.01919	0.01228	0.00691	0.00768	0.00230	0.00921	0.00691	0.00384	0.01228
46	0.01830	0.02092	0.04575	0.03268	0.04052	0.01961	0.65098	0.02484	0.01830	0.02484	0.01569	0.02092	0.01176	0.00654	0.00915	0.00261	0.01307	0.00915	0.00392	0.01046
47	0.01097	0.00793	0.01036	0.00975	0.01158	0.00732	0.00732	0.01463	0.02195	0.03109	0.67505	0.05792	0.07316	0.01585	0.00914	0.00244	0.00366	0.01402	0.00854	0.00732
48	0.01125	0.00761	0.00893	0.00893	0.00909	0.00777	0.00528	0.01158	0.01141	0.01538	0.02400	0.04836	0.02716	0.64910	0.11646	0.00810	0.00907	0.01093	0.00463	0.00496
49	0.01087	0.00785	0.01027	0.00982	0.01156	0.00725	0.00731	0.01438	0.02147	0.03034	0.63291	0.10221	0.07170	0.01641	0.00920	0.00249	0.00371	0.01456	0.00845	0.00725
50	0.02947	0.02172	0.02327	0.01784	0.02404	0.02404	0.01474	0.65329	0.03646	0.04887	0.01862	0.01862	0.01319	0.00931	0.00776	0.00233	0.00853	0.00698	0.00776	0.01319
51	0.01109	0.00824	0.01210	0.01210	0.01336	0.00950	0.00924	0.01361	0.01235	0.01773	0.02110	0.03228	0.02018	0.11831	0.63770	0.01202	0.01958	0.00857	0.00420	0.00672
52	0.02818	0.07442	0.02338	0.01799	0.02323	0.28173	0.01441	0.35098	0.02883	0.03468	0.01578	0.01678	0.01197	0.00861	0.00720	0.00214	0.01044	0.00604	0.03204	0.01116
53	0.00943	0.00681	0.00893	0.01062	0.01120	0.00631	0.00712	0.01082	0.01501	0.01986	0.04487	0.68378	0.08857	0.02401	0.00985	0.00312	0.00446	0.02170	0.00720	0.00631
54	0.01681	0.01376	0.01615	0.01157	0.01843	0.01038	0.00927	0.02024	0.01632	0.05099	0.01444	0.01648	0.01179	0.00589	0.00582	0.00120	0.00578	0.00472	0.00479	0.74519
55	0.09444	0.01118	0.01347	0.01338	0.01612	0.01163	0.01126	0.10827	0.02095	0.02983	0.17370	0.06330	0.04259	0.01698	0.00933	0.00302	0.00646	0.33864	0.00729	0.00818
56	0.01962	0.01636	0.01731	0.01524	0.01974	0.01852	0.01192	0.08456	0.54907	0.03310	0.02934	0.02750	0.02206	0.01010	0.00763	0.00249	0.00615	0.00834	0.05018	0.05076
57	0.02021	0.65158	0.07778	0.01418	0.02073	0.02955	0.01438	0.02304	0.01557	0.01864	0.01093	0.01292	0.00996	0.00706	0.00626	0.00180	0.04774	0.00439	0.00332	0.00996
58	0.05850	0.02111	0.02210	0.01707	0.02317	0.04592	0.01404	0.54022	0.03322	0.08358	0.01855	0.01855	0.01316	0.00903	0.00752	0.00227	0.00838	0.00674	0.00747	0.04943
59	0.02853	0.03119	0.02371	0.02000	0.02492	0.44394	0.05032	0.22940	0.02639	0.02885	0.01431	0.01585	0.01111	0.00833	0.00736	0.00214	0.01219	0.00586	0.00519	0.01041
60	0.01003	0.00729	0.00976	0.01134	0.01189	0.00712	0.00792	0.01156	0.01492	0.01992	0.04094	0.61645	0.04859	0.04831	0.01148	0.00335	0.02636	0.07939	0.00699	0.00639
61	0.06825	0.01805	0.01941	0.01588	0.02100	0.01983	0.01289	0.38971	0.14133	0.07167	0.02583	0.06606	0.04579	0.01123	0.00792	0.00250	0.00740	0.03580	0.00762	0.01182
62	0.00955	0.00682	0.00912	0.01091	0.01141	0.00639	0.00738	0.01098	0.01495	0.01991	0.04268	0.70081	0.05106	0.02419	0.00992	0.00316	0.00459	0.04266	0.00720	0.00633
63	0.00959	0.00685	0.00917	0.01096	0.01148	0.00642	0.00745	0.01105	0.01499	0.01996	0.04265	0.69186	0.05096	0.02415	0.00994	0.00317	0.00463	0.05118	0.00719	0.00634
64	0.01097	0.00793	0.01036	0.00975	0.01158	0.00732	0.00732	0.01463	0.02195	0.03109	0.67505	0.05792	0.07316	0.01585	0.00914	0.00244	0.00366	0.01402	0.00854	0.00732
65	0.01555	0.04011	0.68733	0.02210	0.03356	0.01801	0.02865	0.02455	0.01637	0.02455	0.01391	0.01637	0.00982	0.00737	0.00737	0.00246	0.01146	0.00573	0.00327	0.01146
66	0.05632	0.05539	0.06059	0.06878	0.10903	0.44480	0.01696	0.05824	0.02081	0.02220	0.01277	0.01533	0.01038	0.00779	0.00703	0.00212	0.01221	0.00544	0.00409	0.00973
67	0.01486	0.01400	0.02365	0.67712	0.08345	0.01728	0.02164	0.02000	0.01561	0.02008	0.01382	0.02060	0.01043	0.00771	0.00775	0.00257	0.01028	0.00689	0.00346	0.00879
68	0.00927	0.00786	0.00800	0.00797	0.01054	0.00659	0.00597	0.01133	0.01792	0.02154	0.11368	0.07364	0.64049	0.01941	0.00916	0.00261	0.00391	0.01623	0.00728	0.00659
69	0.01840	0.01750	0.02972	0.06551	0.61535	0.01758	0.02262	0.02281	0.01740	0.02479	0.01644	0.06611	0.01482	0.00809	0.00783	0.00237	0.00893	0.00792	0.00405	0.01177
70	0.01914	0.01857	0.03229	0.04674	0.64260	0.01849	0.05969	0.02386	0.01769	0.02530	0.01465	0.01929	0.01225	0.00689	0.00776	0.00232	0.00943	0.00704	0.00384	0.01218
71	0.01555	0.04011	0.68733	0.02210	0.03356	0.01801	0.02865	0.02455	0.01637	0.02455	0.01391	0.01637	0.00982	0.00737	0.00737	0.00246	0.01146	0.00573	0.00327	0.01146
72	0.01081	0.00772	0.01056	0.01235	0.01340	0.00747	0.00957	0.01315	0.01619	0.02132	0.04198	0.43855	0.04830	0.02301	0.01026	0.00334	0.00568	0.29249	0.00717	0.00667
73	0.01578	0.07067	0.65878	0.02171	0.03296	0.01857	0.02797	0.02450	0.01634	0.02428	0.01378	0.01620	0.00983	0.00733	0.00726	0.00242	0.01132	0.00566	0.00328	0.01139
74	0.00995	0.00752	0.01068	0.01154	0.01253	0.00698	0.03557	0.01175	0.01572	0.02100	0.09529	0.60578	0.08123	0.02259	0.00977	0.00304	0.00478	0.02054	0.00716	0.00658
75	0.01558	0.01481	0.02046	0.01791	0.01799	0.02009	0.01449	0.01708	0.01192	0.01814	0.01391	0.04721	0.01468	0.11908	0.06099	0.00444	0.55166	0.00804	0.00375	0.00778
76	0.01608	0.01378	0.01608	0.01148	0.01837	0.01034	0.00919	0.01952	0.01608	0.02527	0.01378	0.01608	0.01148	0.00574	0.00574	0.00115	0.00574	0.00459	0.00459	0.77491
77	0.01765	0.32112	0.42474	0.01851	0.02801	0.02315	0.02240	0.02401	0.01612	0.02199	0.01264	0.01477	0.00987	0.00707	0.00640	0.00213	0.01017	0.00509	0.00329	0.01085
78	0.01833	0.01823	0.02515	0.03146	0.32159	0.08679	0.01856	0.02121	0.01570	0.02160	0.01510	0.06549	0.01435	0.01294	0.04093	0.03317	0.21787	0.00774	0.00394	0.00987
79	0.01128	0.00752	0.00846	0.00846	0.00846	0.00752	0.00470	0.01128	0.01128	0.01503	0.02443	0.05074	0.02819	0.72751	0.03946	0.00752	0.00752	0.01128	0.00470	0.00470

[dist]
# distance from previous block
# <min> <max>
0	0

# created by:
# /st0/software/busco_prod/Augustus/scripts/msa2prfl.pl ./align_prep/128877.fa
