[name]
unknown

[dist]
# distance from previous block
# <min> <max>
0	0

[block]
# block no. 0 follows, 26 sequences, length 58
# corresponding to MSA columns:
# 0-57
name=unknown_A
#
# <colnr> <probs for GDERKNQSTAVLIFYWHMCP>
#	G	D	E	R	K	N	Q	S	T	A	V	L	I	F	Y	W	H	M	C	P
0	0.01222	0.00873	0.01222	0.01397	0.01572	0.00873	0.01222	0.01572	0.01746	0.02270	0.04016	0.08556	0.04365	0.02095	0.01048	0.00349	0.00698	0.63506	0.00698	0.00698
1	0.72600	0.01413	0.01107	0.00994	0.01441	0.01624	0.00813	0.02167	0.01358	0.03375	0.06334	0.01581	0.01319	0.00771	0.00503	0.00235	0.00569	0.00486	0.00498	0.00813
2	0.01856	0.01780	0.03040	0.07856	0.65578	0.01797	0.02317	0.02309	0.01717	0.02452	0.01423	0.01884	0.01192	0.00680	0.00751	0.00227	0.00906	0.00676	0.00374	0.01184
3	0.01432	0.01348	0.02275	0.71520	0.05224	0.01685	0.02107	0.01938	0.01517	0.01938	0.01348	0.02022	0.01011	0.00758	0.00758	0.00253	0.01011	0.00674	0.00337	0.00843
4	0.01084	0.00813	0.01219	0.01219	0.01354	0.00948	0.00948	0.01354	0.01219	0.01761	0.02032	0.02980	0.01896	0.05689	0.70337	0.01219	0.02032	0.00813	0.00406	0.00677
5	0.01113	0.00852	0.01258	0.01241	0.01365	0.01008	0.00963	0.01368	0.01211	0.01752	0.01995	0.02996	0.01887	0.08253	0.64225	0.01155	0.05461	0.00817	0.00405	0.00676
6	0.01414	0.00707	0.00707	0.00707	0.00884	0.00707	0.00530	0.01767	0.01591	0.02828	0.02474	0.02828	0.01944	0.00884	0.00530	0.00177	0.00353	0.00707	0.77554	0.00707
7	0.02028	0.73799	0.03975	0.01298	0.01947	0.03001	0.01298	0.02271	0.01541	0.01785	0.01055	0.01217	0.00973	0.00649	0.00487	0.00162	0.00811	0.00406	0.00324	0.00973
8	0.01084	0.00813	0.01219	0.01219	0.01354	0.00948	0.00948	0.01354	0.01219	0.01761	0.02032	0.02980	0.01896	0.05689	0.70337	0.01219	0.02032	0.00813	0.00406	0.00677
9	0.01414	0.00707	0.00707	0.00707	0.00884	0.00707	0.00530	0.01767	0.01591	0.02828	0.02474	0.02828	0.01944	0.00884	0.00530	0.00177	0.00353	0.00707	0.77554	0.00707
10	0.02044	0.63021	0.10577	0.01389	0.02083	0.02780	0.01443	0.02356	0.01579	0.05203	0.01182	0.01324	0.01017	0.00671	0.00524	0.00174	0.00835	0.00439	0.00355	0.01004
11	0.01432	0.01348	0.02275	0.71520	0.05224	0.01685	0.02107	0.01938	0.01517	0.01938	0.01348	0.02022	0.01011	0.00758	0.00758	0.00253	0.01011	0.00674	0.00337	0.00843
12	0.02697	0.01998	0.02153	0.01653	0.02237	0.02171	0.01353	0.57978	0.03294	0.04443	0.01811	0.01950	0.01346	0.04295	0.00889	0.00242	0.00809	0.00684	0.00720	0.07278
13	0.01103	0.00735	0.00827	0.00827	0.00827	0.00735	0.00460	0.01103	0.01103	0.01471	0.02390	0.04964	0.02758	0.73343	0.03861	0.00735	0.00735	0.01103	0.00460	0.00460
14	0.01790	0.02046	0.04476	0.03197	0.03964	0.01918	0.65857	0.02430	0.01790	0.02430	0.01535	0.02046	0.01151	0.00639	0.00895	0.00256	0.01279	0.00895	0.00384	0.01023
15	0.02091	0.68283	0.03831	0.01349	0.01978	0.08290	0.01311	0.02331	0.01589	0.01790	0.01064	0.01229	0.00974	0.00659	0.00502	0.00165	0.00855	0.00412	0.00330	0.00966
16	0.02705	0.03346	0.02091	0.01898	0.02294	0.61017	0.01430	0.03165	0.10980	0.02035	0.01432	0.01566	0.01159	0.00815	0.00696	0.00204	0.01264	0.00539	0.00443	0.00923
17	0.01156	0.00826	0.01146	0.01321	0.01467	0.00816	0.01107	0.01457	0.01681	0.02196	0.04053	0.22817	0.04510	0.02158	0.01030	0.00340	0.00641	0.49898	0.00700	0.00680
18	0.01659	0.01659	0.02323	0.01991	0.01991	0.02323	0.01659	0.01825	0.01162	0.01825	0.00996	0.01659	0.00996	0.01328	0.02489	0.00332	0.71955	0.00664	0.00332	0.00830
19	0.02833	0.03615	0.02149	0.01954	0.02345	0.70298	0.01466	0.03029	0.02149	0.01856	0.01172	0.01368	0.00977	0.00782	0.00684	0.00195	0.01368	0.00489	0.00391	0.00879
20	0.01432	0.01348	0.02275	0.71520	0.05224	0.01685	0.02107	0.01938	0.01517	0.01938	0.01348	0.02022	0.01011	0.00758	0.00758	0.00253	0.01011	0.00674	0.00337	0.00843
21	0.01842	0.01767	0.03016	0.09911	0.63630	0.01793	0.02310	0.02297	0.01711	0.02436	0.01421	0.01889	0.01187	0.00682	0.00752	0.00227	0.00910	0.00676	0.00372	0.01173
22	0.01877	0.01802	0.03079	0.04656	0.68612	0.01802	0.02328	0.02328	0.01727	0.02478	0.01427	0.01877	0.01201	0.00676	0.00751	0.00225	0.00901	0.00676	0.00375	0.01201
23	0.01659	0.01659	0.02323	0.01991	0.01991	0.02323	0.01659	0.01825	0.01162	0.01825	0.00996	0.01659	0.00996	0.01328	0.02489	0.00332	0.71955	0.00664	0.00332	0.00830
24	0.00948	0.00677	0.00907	0.01083	0.01137	0.00636	0.00745	0.01097	0.01475	0.01963	0.04168	0.67795	0.04966	0.02354	0.00974	0.00311	0.00460	0.06978	0.00704	0.00623
25	0.02409	0.02924	0.01883	0.01735	0.02050	0.53376	0.01290	0.02595	0.01911	0.01804	0.01418	0.01961	0.01288	0.08795	0.10960	0.00396	0.01399	0.00597	0.00400	0.00808
26	0.78701	0.01467	0.01115	0.00997	0.01467	0.01702	0.00821	0.02230	0.01291	0.03403	0.01056	0.01232	0.00821	0.00704	0.00469	0.00235	0.00587	0.00411	0.00469	0.00821
27	0.01074	0.00775	0.01014	0.00954	0.01133	0.00716	0.00716	0.01431	0.02147	0.03042	0.68211	0.05666	0.07157	0.01551	0.00895	0.00239	0.00358	0.01372	0.00835	0.00716
28	0.01790	0.02046	0.04476	0.03197	0.03964	0.01918	0.65857	0.02430	0.01790	0.02430	0.01535	0.02046	0.01151	0.00639	0.00895	0.00256	0.01279	0.00895	0.00384	0.01023
29	0.01670	0.01690	0.02492	0.02086	0.02146	0.02291	0.06705	0.01873	0.01211	0.01873	0.01038	0.01690	0.01008	0.01273	0.02364	0.00326	0.66400	0.00682	0.00336	0.00845
30	0.01682	0.01725	0.02689	0.02196	0.02327	0.02254	0.12569	0.01928	0.01268	0.01928	0.01087	0.01725	0.01022	0.01211	0.02218	0.00319	0.59944	0.00703	0.00341	0.00863
31	0.01432	0.01348	0.02275	0.71520	0.05224	0.01685	0.02107	0.01938	0.01517	0.01938	0.01348	0.02022	0.01011	0.00758	0.00758	0.00253	0.01011	0.00674	0.00337	0.00843
32	0.03274	0.01498	0.01889	0.01448	0.02040	0.01423	0.01196	0.19215	0.02518	0.53128	0.02701	0.02392	0.01731	0.00932	0.00762	0.00233	0.00692	0.00743	0.00894	0.01291
33	0.01877	0.01802	0.03079	0.04656	0.68612	0.01802	0.02328	0.02328	0.01727	0.02478	0.01427	0.01877	0.01201	0.00676	0.00751	0.00225	0.00901	0.00676	0.00375	0.01201
34	0.01877	0.01802	0.03079	0.04656	0.68612	0.01802	0.02328	0.02328	0.01727	0.02478	0.01427	0.01877	0.01201	0.00676	0.00751	0.00225	0.00901	0.00676	0.00375	0.01201
35	0.03305	0.01344	0.01781	0.01376	0.01956	0.01207	0.01133	0.06444	0.05464	0.63044	0.02946	0.02561	0.01874	0.00942	0.00763	0.00236	0.00651	0.00764	0.00923	0.01286
36	0.01318	0.00659	0.00988	0.00988	0.00988	0.00659	0.00659	0.00988	0.00988	0.01318	0.01318	0.02306	0.01318	0.02635	0.02964	0.77931	0.00659	0.00659	0.00329	0.00329
37	0.01087	0.00733	0.00851	0.00866	0.00876	0.00735	0.00504	0.01111	0.01139	0.01525	0.02527	0.10697	0.02910	0.64012	0.06794	0.00722	0.00772	0.01180	0.00478	0.00483
38	0.02010	0.71299	0.06316	0.01329	0.01995	0.02957	0.01352	0.02276	0.01543	0.01807	0.01065	0.01231	0.00973	0.00651	0.00495	0.00165	0.00822	0.00411	0.00324	0.00979
39	0.01977	0.02209	0.02338	0.01972	0.02256	0.24472	0.11081	0.02326	0.04741	0.02021	0.04352	0.02126	0.01508	0.04975	0.07153	0.00361	0.22144	0.00715	0.00415	0.00857
40	0.01103	0.00735	0.00827	0.00827	0.00827	0.00735	0.00460	0.01103	0.01103	0.01471	0.02390	0.04964	0.02758	0.73343	0.03861	0.00735	0.00735	0.01103	0.00460	0.00460
41	0.01473	0.01389	0.02348	0.65450	0.10978	0.01696	0.02127	0.01973	0.01536	0.01987	0.01355	0.02009	0.01028	0.00751	0.00758	0.00250	0.01001	0.00674	0.00341	0.00875
42	0.06084	0.69973	0.03823	0.01282	0.01921	0.02933	0.01273	0.02269	0.01528	0.01870	0.01055	0.01218	0.00965	0.00652	0.00486	0.00166	0.00799	0.00406	0.00332	0.00965
43	0.02759	0.01582	0.01870	0.01486	0.02031	0.01614	0.01210	0.22417	0.14236	0.30908	0.02523	0.02367	0.01742	0.01179	0.04434	0.00283	0.00764	0.00743	0.00802	0.05051
44	0.03102	0.01544	0.05174	0.01444	0.02042	0.01350	0.01239	0.13212	0.04461	0.51517	0.04928	0.02527	0.01933	0.00947	0.00765	0.00235	0.00687	0.00764	0.00871	0.01260
45	0.03085	0.05182	0.01870	0.01378	0.01943	0.01340	0.01138	0.03675	0.12674	0.54893	0.02905	0.02550	0.01901	0.00938	0.00750	0.00235	0.00647	0.00759	0.00879	0.01259
46	0.00930	0.00763	0.00807	0.00807	0.01033	0.00653	0.00595	0.01132	0.01744	0.02147	0.15106	0.09765	0.54870	0.05018	0.01029	0.00277	0.00399	0.01573	0.00710	0.00641
47	0.00933	0.00664	0.00878	0.01045	0.01087	0.00622	0.00693	0.01058	0.01436	0.01914	0.04096	0.69651	0.04910	0.05719	0.01104	0.00328	0.00454	0.02107	0.00693	0.00609
48	0.01728	0.04456	0.02043	0.01766	0.05442	0.09343	0.09907	0.02022	0.01586	0.08347	0.02262	0.08190	0.04939	0.04649	0.19510	0.00520	0.07379	0.00893	0.04172	0.00847
49	0.01898	0.55948	0.20692	0.01519	0.02288	0.02685	0.01682	0.02305	0.01557	0.01942	0.01133	0.01315	0.00970	0.00667	0.00546	0.00182	0.00890	0.00445	0.00323	0.01011
50	0.01521	0.03923	0.69413	0.02162	0.03283	0.01762	0.02802	0.02402	0.01601	0.02402	0.01361	0.01601	0.00961	0.00721	0.00721	0.00240	0.01121	0.00560	0.00320	0.01121
51	0.01683	0.01836	0.03815	0.23722	0.04343	0.01848	0.46705	0.02282	0.01708	0.02282	0.01479	0.02039	0.01109	0.00675	0.00854	0.00255	0.01198	0.00829	0.00370	0.00969
52	0.02177	0.01470	0.03636	0.01402	0.01855	0.01468	0.01137	0.08678	0.29283	0.20707	0.05346	0.08826	0.08261	0.01190	0.00797	0.00252	0.00609	0.00995	0.00792	0.01118
53	0.01877	0.01802	0.03079	0.04656	0.68612	0.01802	0.02328	0.02328	0.01727	0.02478	0.01427	0.01877	0.01201	0.00676	0.00751	0.00225	0.00901	0.00676	0.00375	0.01201
54	0.01826	0.01989	0.08862	0.04156	0.54122	0.01777	0.08274	0.02326	0.01716	0.02467	0.01428	0.01857	0.01173	0.00672	0.00754	0.00225	0.00941	0.00677	0.00375	0.04385
55	0.05456	0.01328	0.01533	0.01118	0.01758	0.01037	0.00895	0.01967	0.01604	0.04839	0.04224	0.01764	0.01390	0.00624	0.00578	0.00128	0.00557	0.00497	0.00484	0.68220
56	0.01414	0.00707	0.00707	0.00707	0.00884	0.00707	0.00530	0.01767	0.01591	0.02828	0.02474	0.02828	0.01944	0.00884	0.00530	0.00177	0.00353	0.00707	0.77554	0.00707
57	0.01432	0.01348	0.02275	0.71520	0.05224	0.01685	0.02107	0.01938	0.01517	0.01938	0.01348	0.02022	0.01011	0.00758	0.00758	0.00253	0.01011	0.00674	0.00337	0.00843

[dist]
# distance from previous block
# <min> <max>
0	1

[block]
# block no. 1 follows, 26 sequences, length 9
# corresponding to MSA columns:
# 59-67
name=unknown_B
#
# <colnr> <probs for GDERKNQSTAVLIFYWHMCP>
#	G	D	E	R	K	N	Q	S	T	A	V	L	I	F	Y	W	H	M	C	P
0	0.01103	0.00735	0.00827	0.00827	0.00827	0.00735	0.00460	0.01103	0.01103	0.01471	0.02390	0.04964	0.02758	0.73343	0.03861	0.00735	0.00735	0.01103	0.00460	0.00460
1	0.01000	0.00761	0.01084	0.01166	0.01280	0.00710	0.03857	0.01193	0.01551	0.02054	0.07351	0.55074	0.09505	0.02193	0.00964	0.00303	0.00498	0.08113	0.00695	0.00650
2	0.01793	0.02043	0.04072	0.02965	0.03657	0.06068	0.57163	0.02368	0.01788	0.02359	0.01703	0.07109	0.01419	0.00773	0.00887	0.00256	0.01224	0.00961	0.00407	0.00985
3	0.01831	0.01674	0.02387	0.10914	0.32048	0.01826	0.01806	0.03033	0.30540	0.02722	0.02149	0.02313	0.01670	0.00841	0.00761	0.00242	0.00781	0.00756	0.00546	0.01160
4	0.78701	0.01467	0.01115	0.00997	0.01467	0.01702	0.00821	0.02230	0.01291	0.03403	0.01056	0.01232	0.00821	0.00704	0.00469	0.00235	0.00587	0.00411	0.00469	0.00821
5	0.01394	0.01293	0.02289	0.01764	0.02227	0.01170	0.25988	0.01785	0.01825	0.05774	0.12192	0.04822	0.31570	0.01329	0.00889	0.00253	0.00742	0.01256	0.00607	0.00831
6	0.01414	0.00707	0.00707	0.00707	0.00884	0.00707	0.00530	0.01767	0.01591	0.02828	0.02474	0.02828	0.01944	0.00884	0.00530	0.00177	0.00353	0.00707	0.77554	0.00707
7	0.05482	0.37993	0.02514	0.01122	0.01559	0.01926	0.01010	0.01882	0.01774	0.02369	0.27493	0.03260	0.06841	0.01068	0.00665	0.00200	0.00602	0.00843	0.00550	0.00848
8	0.01101	0.00743	0.00866	0.00866	0.00880	0.00756	0.00508	0.01128	0.01115	0.01500	0.02354	0.04767	0.02672	0.66622	0.10465	0.00783	0.00864	0.01074	0.00454	0.00481

[dist]
# distance from previous block
# <min> <max>
0	1

[block]
# block no. 2 follows, 26 sequences, length 26
# corresponding to MSA columns:
# 69-94
name=unknown_C
#
# <colnr> <probs for GDERKNQSTAVLIFYWHMCP>
#	G	D	E	R	K	N	Q	S	T	A	V	L	I	F	Y	W	H	M	C	P
0	0.02134	0.01661	0.01810	0.01427	0.01941	0.06122	0.01144	0.15066	0.07581	0.10659	0.04279	0.02086	0.01595	0.02825	0.00923	0.00208	0.06981	0.00641	0.00596	0.30322
1	0.05830	0.03161	0.02140	0.01865	0.02312	0.50749	0.01434	0.18635	0.02467	0.02642	0.01329	0.01475	0.01049	0.00811	0.00694	0.00205	0.01205	0.00534	0.00485	0.00979
2	0.01414	0.00707	0.00707	0.00707	0.00884	0.00707	0.00530	0.01767	0.01591	0.02828	0.02474	0.02828	0.01944	0.00884	0.00530	0.00177	0.00353	0.00707	0.77554	0.00707
3	0.01447	0.01352	0.02271	0.59528	0.11890	0.01627	0.02038	0.01922	0.01535	0.01997	0.01545	0.06703	0.01298	0.00857	0.00771	0.00253	0.00961	0.00773	0.00366	0.00867
4	0.01100	0.00748	0.00889	0.00889	0.00911	0.00769	0.00537	0.01143	0.01121	0.01517	0.02333	0.04650	0.02621	0.62645	0.14372	0.00812	0.00940	0.01057	0.00451	0.00494
5	0.02883	0.02125	0.02276	0.01745	0.02352	0.02352	0.01442	0.66082	0.03566	0.04780	0.01821	0.01821	0.01290	0.00911	0.00759	0.00228	0.00835	0.00683	0.00759	0.01290
6	0.01659	0.01659	0.02323	0.01991	0.01991	0.02323	0.01659	0.01825	0.01162	0.01825	0.00996	0.01659	0.00996	0.01328	0.02489	0.00332	0.71955	0.00664	0.00332	0.00830
7	0.01197	0.00852	0.01180	0.01346	0.01503	0.00849	0.01150	0.01514	0.01694	0.02208	0.03946	0.12639	0.04328	0.05679	0.01183	0.00366	0.00683	0.56316	0.00687	0.00681
8	0.02622	0.01995	0.02129	0.01692	0.02253	0.02230	0.01378	0.49812	0.20262	0.04359	0.02153	0.02086	0.01559	0.00942	0.00762	0.00235	0.00773	0.00729	0.00762	0.01267
9	0.01577	0.07499	0.60609	0.02315	0.08428	0.01831	0.02684	0.02389	0.01608	0.02375	0.01350	0.01603	0.00981	0.00713	0.00711	0.00235	0.01087	0.00561	0.00325	0.01120
10	0.04412	0.02400	0.26179	0.14633	0.16908	0.01694	0.08676	0.02343	0.03726	0.04634	0.01665	0.02296	0.01333	0.00817	0.00767	0.00248	0.00993	0.04822	0.00406	0.01049
11	0.01782	0.36045	0.31219	0.01829	0.02653	0.02374	0.06644	0.02316	0.01567	0.02091	0.01215	0.01458	0.00982	0.00710	0.00708	0.00210	0.04321	0.00518	0.00327	0.01032
12	0.01186	0.00987	0.01534	0.01449	0.01704	0.00933	0.10478	0.01498	0.01683	0.02166	0.04451	0.15974	0.18573	0.04672	0.01090	0.00324	0.00678	0.29264	0.00645	0.00712
13	0.05637	0.07349	0.11284	0.04571	0.14650	0.01450	0.01436	0.01840	0.01437	0.03690	0.01981	0.03192	0.03384	0.22163	0.06236	0.00448	0.04061	0.03924	0.00430	0.00837
14	0.02267	0.07947	0.02097	0.04786	0.02164	0.26270	0.01392	0.05882	0.01893	0.09885	0.01886	0.05484	0.01710	0.01249	0.03050	0.00276	0.12029	0.08315	0.00508	0.00909
15	0.00922	0.00667	0.00873	0.01037	0.01095	0.00618	0.00696	0.01058	0.01470	0.01944	0.04409	0.68581	0.09137	0.02347	0.00963	0.00305	0.00436	0.02120	0.00704	0.00618
16	0.01626	0.02197	0.19089	0.26710	0.21457	0.01770	0.11836	0.02228	0.01634	0.02268	0.01400	0.01885	0.01070	0.00709	0.00768	0.00243	0.01048	0.00680	0.00350	0.01033
17	0.01532	0.01531	0.02831	0.43682	0.04447	0.01731	0.20119	0.02047	0.01591	0.02094	0.01562	0.02449	0.01276	0.00845	0.00909	0.00264	0.04868	0.04963	0.00374	0.00883
18	0.01676	0.01784	0.03528	0.06001	0.11054	0.01818	0.39395	0.02171	0.01637	0.02268	0.01650	0.07124	0.01438	0.01068	0.03830	0.00304	0.10976	0.00915	0.00397	0.00966
19	0.01136	0.00798	0.00932	0.00927	0.01155	0.00700	0.00700	0.01369	0.01805	0.07092	0.18750	0.16344	0.38192	0.01853	0.00906	0.00264	0.00424	0.05203	0.00747	0.00702
20	0.01723	0.09405	0.52070	0.02089	0.03063	0.01853	0.06526	0.02462	0.01631	0.07149	0.01449	0.01671	0.01042	0.00751	0.00789	0.00238	0.04030	0.00588	0.00370	0.01102
21	0.12800	0.30754	0.28690	0.01593	0.02394	0.02187	0.01797	0.02430	0.01579	0.07631	0.01328	0.01477	0.01019	0.00708	0.00597	0.00208	0.00886	0.00495	0.00392	0.01034
22	0.01653	0.08342	0.60302	0.02076	0.03129	0.01885	0.02606	0.06995	0.01739	0.02534	0.01374	0.01592	0.00985	0.00730	0.00708	0.00234	0.01080	0.00559	0.00352	0.01124
23	0.01733	0.01748	0.02521	0.42112	0.25432	0.09370	0.02107	0.02186	0.01655	0.02104	0.01354	0.01902	0.01069	0.00734	0.00748	0.00237	0.01015	0.00654	0.00355	0.00963
24	0.01715	0.01615	0.02948	0.29995	0.03940	0.01727	0.25697	0.09160	0.01786	0.02366	0.01467	0.02042	0.01130	0.00949	0.01066	0.09289	0.01051	0.00756	0.00401	0.00900
25	0.01710	0.01666	0.02636	0.17307	0.06209	0.04381	0.16660	0.08212	0.01725	0.02327	0.01758	0.11953	0.01644	0.01100	0.01207	0.00273	0.16947	0.00928	0.00444	0.00912

[dist]
# distance from previous block
# <min> <max>
7	10

[block]
# block no. 3 follows, 26 sequences, length 16
# corresponding to MSA columns:
# 105-120
name=unknown_D
#
# <colnr> <probs for GDERKNQSTAVLIFYWHMCP>
#	G	D	E	R	K	N	Q	S	T	A	V	L	I	F	Y	W	H	M	C	P
0	0.01848	0.01574	0.06127	0.01541	0.03760	0.01503	0.01267	0.26092	0.02381	0.03226	0.08750	0.12698	0.06188	0.03803	0.00988	0.00274	0.02646	0.10169	0.00671	0.04496
1	0.02202	0.01460	0.01741	0.03448	0.01969	0.01379	0.01089	0.15553	0.04190	0.17130	0.01938	0.02208	0.01500	0.07416	0.01025	0.00236	0.03075	0.00652	0.00622	0.31167
2	0.24859	0.08551	0.30157	0.07825	0.05714	0.01774	0.01867	0.02214	0.01492	0.02587	0.01416	0.05824	0.01181	0.00811	0.00645	0.00236	0.00872	0.00614	0.00393	0.00967
3	0.06147	0.01300	0.01892	0.40605	0.03635	0.01403	0.01553	0.01871	0.01477	0.02136	0.01328	0.01863	0.01058	0.00847	0.00859	0.06431	0.00823	0.00590	0.00378	0.23803
4	0.02553	0.01941	0.02094	0.04330	0.02269	0.04293	0.01377	0.49644	0.03074	0.04163	0.04829	0.02060	0.01571	0.00954	0.00851	0.00231	0.05185	0.00709	0.06713	0.01159
5	0.00970	0.00749	0.00885	0.00897	0.01081	0.00664	0.00655	0.01214	0.01834	0.02408	0.30261	0.19774	0.32138	0.01870	0.00910	0.00260	0.00385	0.01624	0.00755	0.00664
6	0.01757	0.23774	0.44188	0.01941	0.02869	0.06348	0.04625	0.02404	0.01625	0.02193	0.01268	0.01494	0.00972	0.00701	0.00658	0.00216	0.01054	0.00524	0.00328	0.01060
7	0.01692	0.31369	0.38998	0.01740	0.02612	0.02183	0.02069	0.02286	0.01614	0.02200	0.05656	0.01718	0.01375	0.00747	0.00640	0.00209	0.00948	0.00553	0.00356	0.01036
8	0.01300	0.00665	0.00975	0.00975	0.00975	0.00665	0.00643	0.00997	0.00997	0.01330	0.01403	0.02519	0.01433	0.08298	0.03036	0.71748	0.00665	0.00694	0.00340	0.00340
9	0.00924	0.00660	0.00880	0.01056	0.01100	0.00616	0.00704	0.01056	0.01452	0.01936	0.04181	0.72848	0.05017	0.02376	0.00968	0.00308	0.00440	0.02156	0.00704	0.00616
10	0.02509	0.01708	0.02042	0.01628	0.02146	0.01817	0.05215	0.32809	0.13567	0.15044	0.02439	0.08003	0.01889	0.01037	0.00777	0.00240	0.00736	0.00861	0.04357	0.01176
11	0.01571	0.01477	0.02475	0.41522	0.19447	0.01675	0.05890	0.02168	0.05942	0.02202	0.01706	0.02566	0.01419	0.00857	0.00789	0.00255	0.00949	0.05733	0.00407	0.00949
12	0.01421	0.01322	0.02218	0.67727	0.05027	0.01641	0.02059	0.01918	0.01529	0.01956	0.01492	0.02376	0.01193	0.00831	0.00774	0.00258	0.00994	0.04073	0.00357	0.00835
13	0.01521	0.03923	0.69413	0.02162	0.03283	0.01762	0.02802	0.02402	0.01601	0.02402	0.01361	0.01601	0.00961	0.00721	0.00721	0.00240	0.01121	0.00560	0.00320	0.01121
14	0.01961	0.01960	0.02998	0.04421	0.62843	0.07765	0.02253	0.02389	0.01764	0.02424	0.01405	0.01833	0.01182	0.00685	0.00745	0.00223	0.00942	0.00660	0.00377	0.01173
15	0.01737	0.01732	0.02593	0.38068	0.30945	0.07706	0.02141	0.02193	0.01658	0.02152	0.01365	0.01906	0.01086	0.00727	0.00749	0.00237	0.00997	0.00659	0.00357	0.00993

[dist]
# distance from previous block
# <min> <max>
0	2

[block]
# block no. 4 follows, 26 sequences, length 9
# corresponding to MSA columns:
# 123-131
name=unknown_E
#
# <colnr> <probs for GDERKNQSTAVLIFYWHMCP>
#	G	D	E	R	K	N	Q	S	T	A	V	L	I	F	Y	W	H	M	C	P
0	0.02740	0.01714	0.01905	0.06116	0.02240	0.06915	0.01274	0.23247	0.06738	0.28487	0.05691	0.02586	0.04879	0.00986	0.00768	0.00233	0.00757	0.00784	0.00773	0.01166
1	0.12287	0.01312	0.01684	0.01308	0.01881	0.01184	0.01080	0.03523	0.02067	0.61382	0.02764	0.02422	0.01753	0.00911	0.00728	0.00235	0.00639	0.00721	0.00883	0.01235
2	0.01150	0.00943	0.01413	0.09552	0.01912	0.00903	0.05562	0.01402	0.01518	0.02063	0.03278	0.46021	0.03719	0.01807	0.00890	0.00275	0.00600	0.05610	0.00604	0.10778
3	0.15957	0.09171	0.06358	0.01477	0.03590	0.04296	0.01259	0.17190	0.06452	0.12550	0.01966	0.02226	0.01506	0.00889	0.00665	0.00225	0.00728	0.03604	0.08844	0.01049
4	0.02581	0.01988	0.02086	0.01717	0.04130	0.05669	0.01353	0.49544	0.05970	0.04246	0.07756	0.02229	0.01866	0.00958	0.00757	0.00226	0.00790	0.00742	0.04209	0.01184
5	0.26193	0.01797	0.05543	0.03098	0.36492	0.01780	0.05139	0.02418	0.05906	0.02811	0.01421	0.01732	0.01141	0.00708	0.00669	0.00233	0.00812	0.00610	0.00429	0.01068
6	0.43467	0.01736	0.06738	0.07764	0.02108	0.01776	0.01209	0.16164	0.01855	0.03451	0.01375	0.01576	0.01032	0.00768	0.00583	0.00231	0.00705	0.00527	0.05992	0.00941
7	0.01775	0.25636	0.05387	0.01294	0.01728	0.07816	0.01134	0.02206	0.06868	0.07036	0.17566	0.11148	0.05180	0.01168	0.00721	0.00219	0.00684	0.00949	0.00584	0.00900
8	0.01180	0.00980	0.01552	0.04408	0.04769	0.00955	0.08567	0.03077	0.01579	0.02146	0.06210	0.45924	0.03864	0.02154	0.06293	0.00355	0.00717	0.01650	0.00613	0.03006

[dist]
# distance from previous block
# <min> <max>
4	8

[block]
# block no. 5 follows, 26 sequences, length 25
# corresponding to MSA columns:
# 140-164
name=unknown_F
#
# <colnr> <probs for GDERKNQSTAVLIFYWHMCP>
#	G	D	E	R	K	N	Q	S	T	A	V	L	I	F	Y	W	H	M	C	P
0	0.01728	0.16703	0.47755	0.02217	0.09535	0.01972	0.02405	0.02422	0.01626	0.04990	0.01376	0.01597	0.01024	0.00712	0.00682	0.00224	0.01022	0.00551	0.00352	0.01108
1	0.10802	0.14027	0.04577	0.01480	0.04726	0.07103	0.01202	0.09827	0.09304	0.12070	0.05972	0.02198	0.01785	0.00868	0.00652	0.00213	0.00713	0.00661	0.10802	0.01019
2	0.02053	0.01901	0.13373	0.01981	0.02632	0.01458	0.20052	0.05488	0.04280	0.18736	0.02291	0.12101	0.01891	0.00992	0.00807	0.00243	0.00877	0.00940	0.00591	0.07314
3	0.01848	0.02173	0.21489	0.01817	0.06538	0.01569	0.01660	0.07031	0.19171	0.08994	0.04101	0.08536	0.01993	0.00988	0.00753	0.00235	0.00767	0.00828	0.00592	0.08918
4	0.19619	0.12599	0.29509	0.01723	0.02485	0.08893	0.04986	0.02411	0.01613	0.04993	0.01528	0.01704	0.03410	0.00761	0.00643	0.00225	0.00944	0.00559	0.00403	0.00991
5	0.02097	0.04552	0.01882	0.08141	0.02203	0.11974	0.01262	0.26644	0.02428	0.03069	0.02896	0.07880	0.13830	0.01172	0.00829	0.00235	0.03306	0.00917	0.03715	0.00966
6	0.09898	0.53891	0.12949	0.01456	0.02157	0.02653	0.03736	0.02291	0.01533	0.02062	0.01115	0.01302	0.00962	0.00664	0.00532	0.00184	0.00848	0.00445	0.00341	0.00980
7	0.00980	0.00762	0.00891	0.00880	0.01081	0.00673	0.00652	0.01243	0.01897	0.02496	0.35228	0.12414	0.34498	0.01791	0.00902	0.00253	0.00377	0.01545	0.00764	0.00673
8	0.01504	0.01275	0.01499	0.01116	0.01723	0.00969	0.00878	0.01819	0.01560	0.02415	0.01650	0.09174	0.01539	0.00755	0.00605	0.00133	0.00549	0.00631	0.00477	0.69729
9	0.01700	0.01474	0.02258	0.01693	0.02283	0.01298	0.16823	0.02198	0.05857	0.06676	0.01885	0.09027	0.01643	0.00842	0.00773	0.00191	0.03029	0.00784	0.00507	0.39059
10	0.01606	0.01657	0.03045	0.02342	0.02707	0.01828	0.31241	0.01977	0.01449	0.02054	0.01504	0.02373	0.01366	0.10964	0.06608	0.00412	0.24790	0.00840	0.00378	0.00859
11	0.00971	0.00686	0.00860	0.00980	0.01023	0.00649	0.00632	0.01070	0.01372	0.01817	0.03874	0.51382	0.07551	0.21394	0.01741	0.00420	0.00517	0.01846	0.00639	0.00575
12	0.00982	0.00721	0.00982	0.06467	0.01390	0.00711	0.00787	0.01129	0.01421	0.01888	0.03777	0.60348	0.04474	0.09609	0.01252	0.00348	0.00515	0.01933	0.00650	0.00617
13	0.02679	0.02000	0.02137	0.01667	0.02238	0.02207	0.01368	0.57103	0.08418	0.04481	0.02293	0.02249	0.05636	0.00984	0.00769	0.00232	0.00788	0.00755	0.00756	0.01242
14	0.00934	0.00770	0.00820	0.00808	0.01047	0.00656	0.00606	0.01161	0.01817	0.02258	0.20422	0.06956	0.55435	0.01843	0.00896	0.00252	0.00379	0.01553	0.00732	0.00656
15	0.01644	0.01443	0.01813	0.01332	0.01943	0.01235	0.04112	0.04515	0.01624	0.02501	0.01342	0.01614	0.01119	0.00653	0.00771	0.00145	0.07476	0.00501	0.00447	0.63770
16	0.01996	0.69351	0.08141	0.01353	0.02032	0.02922	0.01394	0.02280	0.01545	0.01824	0.01074	0.01241	0.00973	0.00653	0.00502	0.00167	0.00831	0.00415	0.00324	0.00983
17	0.00924	0.00660	0.00880	0.01056	0.01100	0.00616	0.00704	0.01056	0.01452	0.01936	0.04181	0.72848	0.05017	0.02376	0.00968	0.00308	0.00440	0.02156	0.00704	0.00616
18	0.01573	0.01348	0.01573	0.01123	0.01798	0.01011	0.00899	0.01910	0.01573	0.02472	0.01348	0.01573	0.01123	0.00562	0.00562	0.00112	0.00562	0.00449	0.00449	0.77980
19	0.01623	0.01302	0.01540	0.01122	0.01754	0.00994	0.00895	0.01960	0.01645	0.05714	0.06468	0.01930	0.01615	0.00654	0.00596	0.00128	0.00550	0.00534	0.00502	0.68474
20	0.02883	0.02125	0.02276	0.01745	0.02352	0.02352	0.01442	0.66082	0.03566	0.04780	0.01821	0.01821	0.01290	0.00911	0.00759	0.00228	0.00835	0.00683	0.00759	0.01290
21	0.00924	0.00660	0.00880	0.01056	0.01100	0.00616	0.00704	0.01056	0.01452	0.01936	0.04181	0.72848	0.05017	0.02376	0.00968	0.00308	0.00440	0.02156	0.00704	0.00616
22	0.01123	0.00932	0.01459	0.05074	0.01715	0.00951	0.07606	0.01359	0.01530	0.02062	0.06703	0.48191	0.04182	0.01975	0.01057	0.00301	0.05502	0.06949	0.00632	0.00697
23	0.01587	0.01395	0.01768	0.01263	0.01943	0.01072	0.05264	0.01945	0.01587	0.02469	0.01361	0.01605	0.01125	0.00567	0.00584	0.00122	0.00610	0.00479	0.00445	0.72809
24	0.01531	0.01304	0.01528	0.01119	0.01753	0.00986	0.00886	0.01855	0.01565	0.02437	0.01530	0.06151	0.01374	0.00678	0.00588	0.00125	0.00554	0.00559	0.00466	0.73011

[dist]
# distance from previous block
# <min> <max>
0	1

[block]
# block no. 6 follows, 26 sequences, length 7
# corresponding to MSA columns:
# 166-172
name=unknown_G
#
# <colnr> <probs for GDERKNQSTAVLIFYWHMCP>
#	G	D	E	R	K	N	Q	S	T	A	V	L	I	F	Y	W	H	M	C	P
0	0.01611	0.01475	0.02029	0.01492	0.02091	0.01292	0.09043	0.01963	0.01547	0.02384	0.01326	0.01643	0.01110	0.00670	0.00850	0.00158	0.09800	0.00532	0.00426	0.58559
1	0.01885	0.01507	0.01794	0.01416	0.01894	0.01509	0.01141	0.15070	0.04592	0.05524	0.01773	0.08010	0.01558	0.00955	0.00977	0.00201	0.12559	0.00713	0.00548	0.36375
2	0.57953	0.01549	0.01430	0.09844	0.02063	0.01795	0.01072	0.11606	0.01654	0.03425	0.01205	0.01417	0.00914	0.00741	0.00548	0.00236	0.00676	0.00483	0.00496	0.00893
3	0.65604	0.01447	0.01311	0.12951	0.02104	0.01699	0.01039	0.02180	0.01329	0.03155	0.01106	0.01366	0.00854	0.00713	0.00518	0.00238	0.00659	0.00455	0.00447	0.00825
4	0.01318	0.00659	0.00988	0.00988	0.00988	0.00659	0.00659	0.00988	0.00988	0.01318	0.01318	0.02306	0.01318	0.02635	0.02964	0.77931	0.00659	0.00659	0.00329	0.00329
5	0.01627	0.01514	0.02470	0.34991	0.29402	0.01690	0.02059	0.02230	0.06833	0.02270	0.01704	0.02489	0.01424	0.00842	0.00777	0.00249	0.00914	0.05103	0.00412	0.01001
6	0.20178	0.01267	0.01339	0.01370	0.06151	0.04943	0.00972	0.02100	0.06989	0.07613	0.23412	0.09734	0.06486	0.01264	0.00763	0.00246	0.00566	0.03085	0.00671	0.00851

[dist]
# distance from previous block
# <min> <max>
3	7

# created by:
# /st0/software/busco_prod/Augustus/scripts/msa2prfl.pl ./align_prep/129107.fa
