[name]
unknown

[dist]
# distance from previous block
# <min> <max>
0	33

[block]
# block no. 0 follows, 24 sequences, length 106
# corresponding to MSA columns:
# 33-138
name=unknown_A
#
# <colnr> <probs for GDERKNQSTAVLIFYWHMCP>
#	G	D	E	R	K	N	Q	S	T	A	V	L	I	F	Y	W	H	M	C	P
0	0.01685	0.20396	0.16317	0.01534	0.02070	0.01692	0.01566	0.02113	0.01710	0.05651	0.02561	0.04565	0.02525	0.05909	0.01022	0.00302	0.00841	0.23034	0.03592	0.00917
1	0.11346	0.01582	0.02508	0.15320	0.05651	0.01655	0.14544	0.02761	0.04571	0.20843	0.05190	0.02378	0.01701	0.00901	0.00912	0.00261	0.05414	0.00789	0.00602	0.01072
2	0.20734	0.10812	0.04071	0.03759	0.02000	0.04501	0.01190	0.11017	0.07459	0.05783	0.02052	0.12684	0.01865	0.01065	0.00694	0.00236	0.00724	0.00832	0.00585	0.07936
3	0.06935	0.01920	0.07575	0.05324	0.04927	0.01880	0.01517	0.22491	0.10860	0.14441	0.05384	0.02513	0.04060	0.01022	0.00903	0.00255	0.05317	0.00790	0.00705	0.01181
4	0.14226	0.01996	0.07640	0.06933	0.07256	0.10132	0.08818	0.02576	0.04327	0.11396	0.08806	0.02630	0.05302	0.00971	0.00839	0.00250	0.03531	0.00799	0.00565	0.01008
5	0.02249	0.01572	0.04471	0.04464	0.06671	0.01533	0.01335	0.13168	0.15416	0.18262	0.09595	0.10632	0.04670	0.01223	0.00838	0.00259	0.00689	0.01039	0.00776	0.01137
6	0.02224	0.01656	0.01917	0.06010	0.02281	0.06906	0.03808	0.11490	0.09918	0.14388	0.05224	0.07595	0.02297	0.01109	0.00804	0.00238	0.00771	0.05885	0.00688	0.14793
7	0.01359	0.00826	0.03723	0.01087	0.01137	0.00732	0.00782	0.01097	0.01090	0.01465	0.01573	0.06869	0.01613	0.02657	0.02869	0.68872	0.00693	0.00786	0.00369	0.00397
8	0.01526	0.01463	0.02568	0.59937	0.05142	0.01747	0.08687	0.02062	0.01627	0.02097	0.01562	0.02440	0.01239	0.00846	0.00822	0.00269	0.01071	0.03625	0.00375	0.00894
9	0.01684	0.01445	0.01663	0.01228	0.01902	0.01169	0.00978	0.02268	0.09489	0.02674	0.01632	0.01805	0.01327	0.00647	0.00614	0.00136	0.00592	0.00522	0.00511	0.67713
10	0.01644	0.01409	0.01644	0.01175	0.01879	0.01057	0.00940	0.01997	0.01644	0.02584	0.01409	0.01644	0.01175	0.00587	0.00587	0.00117	0.00587	0.00470	0.00470	0.76979
11	0.01498	0.01409	0.02378	0.70226	0.05462	0.01762	0.02202	0.02026	0.01586	0.02026	0.01409	0.02114	0.01057	0.00793	0.00793	0.00264	0.01057	0.00705	0.00352	0.00881
12	0.08180	0.04593	0.01874	0.01498	0.01982	0.01676	0.01238	0.20015	0.10254	0.19130	0.05574	0.06210	0.02503	0.01229	0.00823	0.00265	0.00714	0.10318	0.00790	0.01136
13	0.01478	0.00739	0.00739	0.00739	0.00924	0.00739	0.00554	0.01848	0.01663	0.02956	0.02587	0.02956	0.02033	0.00924	0.00554	0.00185	0.00370	0.00739	0.76534	0.00739
14	0.05359	0.35956	0.25227	0.01690	0.02519	0.02458	0.01865	0.07740	0.01842	0.06691	0.01409	0.01554	0.01096	0.00749	0.00633	0.00211	0.00938	0.00527	0.00424	0.01112
15	0.02075	0.55045	0.03491	0.01347	0.01944	0.05609	0.01271	0.02416	0.04290	0.04595	0.07068	0.02051	0.04328	0.00845	0.00594	0.00189	0.00800	0.00597	0.00447	0.00999
16	0.01133	0.00850	0.01274	0.01274	0.01416	0.00991	0.00991	0.01416	0.01274	0.01841	0.02124	0.03115	0.01982	0.05947	0.68989	0.01274	0.02124	0.00850	0.00425	0.00708
17	0.01275	0.00691	0.00992	0.01040	0.01059	0.00679	0.00696	0.01085	0.01184	0.01609	0.02202	0.20369	0.02406	0.02610	0.02455	0.53956	0.00616	0.01097	0.03540	0.00438
18	0.06543	0.02311	0.05108	0.01771	0.02379	0.07462	0.01492	0.48819	0.06188	0.04425	0.01877	0.01915	0.01359	0.00927	0.00762	0.00236	0.00886	0.00688	0.03598	0.01256
19	0.01590	0.04102	0.68023	0.02260	0.03432	0.01842	0.02930	0.02511	0.01674	0.02511	0.01423	0.01674	0.01005	0.00753	0.00753	0.00251	0.01172	0.00586	0.00335	0.01172
20	0.01154	0.00773	0.00937	0.00944	0.00967	0.00793	0.00578	0.01184	0.01180	0.01594	0.02460	0.07433	0.02766	0.55826	0.13536	0.04801	0.00954	0.01128	0.00475	0.00514
21	0.01718	0.01672	0.02658	0.45156	0.26253	0.04677	0.02252	0.02213	0.01688	0.02214	0.01429	0.02034	0.01123	0.00765	0.00787	0.00252	0.01034	0.00697	0.00368	0.01010
22	0.01705	0.01694	0.02370	0.02043	0.02045	0.02359	0.01696	0.01877	0.01226	0.01913	0.01172	0.04482	0.01206	0.01431	0.02540	0.00346	0.67920	0.00755	0.00362	0.00859
23	0.01478	0.00739	0.00739	0.00739	0.00924	0.00739	0.00554	0.01848	0.01663	0.02956	0.02587	0.02956	0.02033	0.00924	0.00554	0.00185	0.00370	0.00739	0.76534	0.00739
24	0.01872	0.01800	0.03108	0.11481	0.54681	0.01827	0.05400	0.02355	0.01805	0.02555	0.04360	0.02161	0.01506	0.00754	0.00800	0.00241	0.00949	0.00750	0.00410	0.01185
25	0.03014	0.02221	0.02380	0.01825	0.02459	0.02459	0.01507	0.64541	0.03728	0.04998	0.01904	0.01904	0.01349	0.00952	0.00793	0.00238	0.00873	0.00714	0.00793	0.01349
26	0.01020	0.00710	0.00910	0.01042	0.01085	0.00672	0.00678	0.01112	0.01436	0.01904	0.04011	0.52857	0.07027	0.16316	0.01702	0.03778	0.00529	0.01944	0.00668	0.00599
27	0.04933	0.01156	0.01582	0.14416	0.04849	0.01260	0.01245	0.10571	0.01747	0.02394	0.02307	0.15389	0.02338	0.01842	0.01524	0.22584	0.00755	0.07830	0.00533	0.00747
28	0.02866	0.03619	0.02261	0.02046	0.02422	0.63717	0.01548	0.03068	0.02166	0.01938	0.01211	0.01454	0.01023	0.00862	0.00863	0.00216	0.06875	0.00525	0.00404	0.00915
29	0.04860	0.01391	0.02259	0.58287	0.08146	0.01697	0.02041	0.02029	0.01578	0.02153	0.01476	0.02143	0.01134	0.00994	0.03450	0.00298	0.01046	0.00700	0.03431	0.00887
30	0.01141	0.00764	0.00868	0.00880	0.00883	0.00761	0.00497	0.01150	0.01177	0.01569	0.02620	0.09498	0.03036	0.67614	0.03840	0.00740	0.00749	0.01225	0.00497	0.00491
31	0.01697	0.01680	0.02377	0.05579	0.02229	0.02333	0.01727	0.01893	0.01236	0.01912	0.01106	0.01814	0.01082	0.01552	0.05348	0.00382	0.64139	0.00701	0.00351	0.00861
32	0.01826	0.02082	0.07691	0.02147	0.02353	0.07766	0.07400	0.02114	0.01415	0.02061	0.01205	0.01795	0.01095	0.01206	0.02061	0.00313	0.50162	0.00694	0.03705	0.00908
33	0.01133	0.00850	0.01274	0.01274	0.01416	0.00991	0.00991	0.01416	0.01274	0.01841	0.02124	0.03115	0.01982	0.05947	0.68989	0.01274	0.02124	0.00850	0.00425	0.00708
34	0.01133	0.00850	0.01274	0.01274	0.01416	0.00991	0.00991	0.01416	0.01274	0.01841	0.02124	0.03115	0.01982	0.05947	0.68989	0.01274	0.02124	0.00850	0.00425	0.00708
35	0.02436	0.01600	0.01807	0.01554	0.02051	0.01736	0.01229	0.04112	0.47189	0.22153	0.03199	0.02883	0.02287	0.01048	0.00804	0.00262	0.00641	0.00868	0.00858	0.01283
36	0.01205	0.00934	0.01324	0.01285	0.01382	0.01110	0.00974	0.01420	0.01244	0.01789	0.02076	0.03369	0.02054	0.18500	0.48671	0.01070	0.09596	0.00892	0.00427	0.00681
37	0.77733	0.01534	0.01166	0.01043	0.01534	0.01779	0.00859	0.02331	0.01350	0.03558	0.01104	0.01288	0.00859	0.00736	0.00491	0.00245	0.00613	0.00429	0.00491	0.00859
38	0.01996	0.05317	0.01999	0.11414	0.02526	0.01955	0.01379	0.06549	0.45734	0.05569	0.02766	0.02763	0.02099	0.03319	0.00894	0.00277	0.00719	0.00840	0.00713	0.01172
39	0.02329	0.01519	0.01756	0.01432	0.01875	0.01575	0.01141	0.25439	0.05135	0.15383	0.11341	0.06381	0.08185	0.05998	0.01113	0.00283	0.03309	0.01001	0.00781	0.04024
40	0.01609	0.01372	0.01607	0.01171	0.01841	0.01036	0.00929	0.01950	0.01638	0.02555	0.01564	0.05297	0.01387	0.00686	0.00609	0.00128	0.00581	0.00563	0.00484	0.72994
41	0.02577	0.07379	0.02178	0.01600	0.02135	0.02068	0.01323	0.38419	0.08682	0.09052	0.05269	0.05227	0.02064	0.01082	0.00787	0.00242	0.00763	0.03252	0.04698	0.01203
42	0.01478	0.00739	0.00739	0.00739	0.00924	0.00739	0.00554	0.01848	0.01663	0.02956	0.02587	0.02956	0.02033	0.00924	0.00554	0.00185	0.00370	0.00739	0.76534	0.00739
43	0.07987	0.01976	0.08299	0.08300	0.03381	0.01861	0.33041	0.02263	0.01657	0.02450	0.01602	0.05202	0.01343	0.01073	0.03798	0.00310	0.09869	0.00854	0.00412	0.04321
44	0.01825	0.02064	0.04484	0.03226	0.03989	0.01935	0.61010	0.02466	0.01853	0.02513	0.01748	0.05740	0.01413	0.00763	0.00940	0.00270	0.01291	0.01004	0.00418	0.01047
45	0.01377	0.00689	0.01033	0.01033	0.01033	0.00689	0.00689	0.01033	0.01033	0.01377	0.01377	0.02410	0.01377	0.02755	0.03099	0.76928	0.00689	0.00689	0.00344	0.00344
46	0.01895	0.01807	0.03074	0.08090	0.61083	0.01823	0.02347	0.02354	0.01782	0.02537	0.01614	0.05032	0.01421	0.00789	0.00795	0.00241	0.00927	0.00774	0.00406	0.01210
47	0.01916	0.09688	0.46474	0.02094	0.03075	0.04861	0.04950	0.02764	0.05913	0.08503	0.01668	0.01824	0.01195	0.00788	0.00745	0.00243	0.01080	0.00622	0.00431	0.01165
48	0.02120	0.72609	0.04155	0.01357	0.02035	0.03138	0.01357	0.02374	0.01611	0.01866	0.01102	0.01272	0.01018	0.00678	0.00509	0.00170	0.00848	0.00424	0.00339	0.01018
49	0.01172	0.00907	0.01349	0.01327	0.01459	0.01084	0.01039	0.01448	0.01271	0.01845	0.02054	0.03026	0.01921	0.05652	0.64683	0.01214	0.06571	0.00840	0.00420	0.00718
50	0.04647	0.04916	0.11309	0.04170	0.08460	0.13693	0.04217	0.02182	0.01594	0.02132	0.01530	0.02097	0.01332	0.02390	0.21294	0.00557	0.11483	0.00684	0.00391	0.00922
51	0.02892	0.05819	0.02197	0.01809	0.02271	0.36125	0.01426	0.09211	0.04713	0.16766	0.01921	0.02190	0.01489	0.00961	0.00828	0.00231	0.03841	0.03650	0.00598	0.01062
52	0.01478	0.00739	0.00739	0.00739	0.00924	0.00739	0.00554	0.01848	0.01663	0.02956	0.02587	0.02956	0.02033	0.00924	0.00554	0.00185	0.00370	0.00739	0.76534	0.00739
53	0.01762	0.01607	0.02421	0.38668	0.20204	0.04259	0.02014	0.06680	0.01856	0.02492	0.04408	0.02257	0.01473	0.00828	0.00779	0.00247	0.00954	0.00733	0.05361	0.00996
54	0.01899	0.06347	0.51107	0.02204	0.03249	0.01818	0.07941	0.02689	0.01768	0.11200	0.01654	0.01835	0.01150	0.00773	0.00765	0.00248	0.01107	0.00638	0.00427	0.01181
55	0.01381	0.00691	0.01021	0.01021	0.01029	0.00691	0.00683	0.01066	0.01058	0.01441	0.01426	0.02432	0.01404	0.02681	0.02997	0.73852	0.00676	0.00691	0.03399	0.00360
56	0.01608	0.03997	0.64953	0.02384	0.06452	0.01844	0.02906	0.02508	0.01680	0.02515	0.01426	0.01688	0.01016	0.00751	0.00755	0.00250	0.01161	0.00592	0.00338	0.01176
57	0.01873	0.01844	0.05594	0.16660	0.38473	0.01853	0.02146	0.05751	0.09836	0.02677	0.01958	0.02315	0.03842	0.00833	0.00794	0.00247	0.00911	0.00762	0.00468	0.01162
58	0.02139	0.02323	0.05681	0.09945	0.02641	0.18161	0.01693	0.10234	0.06932	0.02464	0.01575	0.04892	0.01368	0.01117	0.01404	0.00277	0.24973	0.00733	0.00471	0.00978
59	0.04832	0.01734	0.02714	0.21146	0.15625	0.01934	0.10019	0.07681	0.04360	0.02598	0.01496	0.01973	0.01193	0.00861	0.01069	0.00257	0.12043	0.00712	0.00437	0.07316
60	0.21901	0.08743	0.02073	0.01518	0.02031	0.07330	0.01252	0.27902	0.05203	0.03709	0.01727	0.04530	0.01388	0.00940	0.00740	0.00237	0.03071	0.00667	0.03958	0.01083
61	0.05312	0.01539	0.01741	0.01441	0.01963	0.01568	0.01145	0.09592	0.26261	0.16930	0.05499	0.05571	0.02270	0.01026	0.00766	0.00234	0.00636	0.00843	0.00769	0.14894
62	0.01719	0.06665	0.40330	0.02681	0.12123	0.02004	0.09759	0.02422	0.01655	0.02418	0.01390	0.01756	0.01068	0.00812	0.00998	0.00259	0.09815	0.00649	0.00352	0.01126
63	0.03336	0.01421	0.01850	0.01449	0.02042	0.01308	0.01187	0.05687	0.10564	0.57523	0.03105	0.02709	0.02004	0.00993	0.00799	0.00248	0.00674	0.00808	0.00953	0.01337
64	0.01958	0.01896	0.03288	0.04795	0.64199	0.01890	0.05364	0.02439	0.01809	0.02588	0.01497	0.01971	0.01254	0.00705	0.00792	0.00237	0.00961	0.00717	0.00393	0.01247
65	0.01634	0.09793	0.62717	0.02185	0.03316	0.01949	0.02799	0.02500	0.01669	0.02458	0.01396	0.01641	0.01006	0.00747	0.00733	0.00244	0.01145	0.00573	0.00335	0.01159
66	0.02961	0.05113	0.01898	0.01412	0.01945	0.01453	0.01157	0.15941	0.02419	0.39984	0.02845	0.09026	0.02104	0.01098	0.00783	0.00242	0.00680	0.00895	0.06827	0.01217
67	0.00966	0.00690	0.00920	0.01104	0.01150	0.00644	0.00736	0.01104	0.01518	0.02024	0.04371	0.71614	0.05245	0.02484	0.01012	0.00322	0.00460	0.02254	0.00736	0.00644
68	0.01731	0.01896	0.03991	0.12674	0.04045	0.01840	0.49350	0.02329	0.01797	0.02417	0.01842	0.08793	0.01570	0.00860	0.00923	0.00272	0.01213	0.01029	0.00426	0.01002
69	0.01777	0.06613	0.10710	0.18864	0.23898	0.01917	0.13245	0.02422	0.05054	0.02423	0.01666	0.02302	0.01358	0.00806	0.00806	0.00253	0.01034	0.03351	0.00411	0.01088
70	0.03014	0.02221	0.02380	0.01825	0.02459	0.02459	0.01507	0.64541	0.03728	0.04998	0.01904	0.01904	0.01349	0.00952	0.00793	0.00238	0.00873	0.00714	0.00793	0.01349
71	0.01590	0.04102	0.68023	0.02260	0.03432	0.01842	0.02930	0.02511	0.01674	0.02511	0.01423	0.01674	0.01005	0.00753	0.00753	0.00251	0.01172	0.00586	0.00335	0.01172
72	0.04383	0.01433	0.02367	0.64993	0.07799	0.01767	0.02161	0.02054	0.01586	0.02106	0.01401	0.02077	0.01058	0.00787	0.00781	0.00262	0.01036	0.00694	0.00359	0.00895
73	0.02583	0.05463	0.02429	0.05166	0.16300	0.22806	0.01645	0.09699	0.04405	0.12988	0.01999	0.02136	0.03960	0.00909	0.00841	0.00233	0.04077	0.00693	0.00558	0.01110
74	0.01498	0.01409	0.02378	0.70226	0.05462	0.01762	0.02202	0.02026	0.01586	0.02026	0.01409	0.02114	0.01057	0.00793	0.00793	0.00264	0.01057	0.00705	0.00352	0.00881
75	0.01151	0.01074	0.06587	0.01135	0.01388	0.00835	0.00952	0.01544	0.02098	0.02960	0.51618	0.12939	0.06566	0.01671	0.00936	0.00263	0.00466	0.04241	0.00807	0.00771
76	0.03199	0.01865	0.11698	0.01588	0.02287	0.01427	0.01469	0.11234	0.02364	0.50259	0.02723	0.02448	0.01745	0.00944	0.00790	0.00245	0.00773	0.00756	0.00862	0.01323
77	0.01815	0.09929	0.52819	0.02180	0.03239	0.01915	0.06627	0.02610	0.01729	0.07715	0.01543	0.01751	0.01096	0.00760	0.00747	0.00244	0.01113	0.00611	0.00392	0.01166
78	0.01876	0.02126	0.04607	0.03418	0.07267	0.01999	0.61240	0.02535	0.01868	0.02543	0.01599	0.02130	0.01206	0.00670	0.00928	0.00266	0.01317	0.00924	0.00401	0.01079
79	0.08028	0.01728	0.02477	0.35358	0.20734	0.05373	0.02035	0.04952	0.03673	0.02455	0.01453	0.01968	0.01144	0.00813	0.00856	0.00255	0.04598	0.00678	0.00409	0.01010
80	0.07218	0.02528	0.02690	0.06828	0.36281	0.26309	0.01992	0.02674	0.01926	0.02389	0.01366	0.01732	0.01135	0.00753	0.00741	0.00226	0.01104	0.00617	0.00403	0.01089
81	0.01153	0.00769	0.00865	0.00865	0.00865	0.00769	0.00480	0.01153	0.01153	0.01538	0.02499	0.05189	0.02883	0.72131	0.04036	0.00769	0.00769	0.01153	0.00480	0.00480
82	0.02059	0.04948	0.01888	0.01611	0.04227	0.01793	0.01229	0.06048	0.42329	0.09319	0.07235	0.03097	0.05093	0.01081	0.00794	0.00251	0.00636	0.00897	0.00772	0.04693
83	0.01644	0.01409	0.01644	0.01175	0.01879	0.01057	0.00940	0.01997	0.01644	0.02584	0.01409	0.01644	0.01175	0.00587	0.00587	0.00117	0.00587	0.00470	0.00470	0.76979
84	0.01124	0.00809	0.01051	0.00992	0.01170	0.00749	0.00736	0.01481	0.02194	0.03104	0.63802	0.05890	0.07270	0.04873	0.01078	0.00273	0.00392	0.01421	0.00855	0.00736
85	0.01377	0.00689	0.01033	0.01033	0.01033	0.00689	0.00689	0.01033	0.01033	0.01377	0.01377	0.02410	0.01377	0.02755	0.03099	0.76928	0.00689	0.00689	0.00344	0.00344
86	0.01788	0.08799	0.33968	0.03001	0.20366	0.01988	0.10968	0.02556	0.04484	0.02518	0.01517	0.01837	0.01161	0.00737	0.00769	0.00243	0.01083	0.00666	0.00380	0.01171
87	0.01013	0.00722	0.00964	0.01141	0.01203	0.00683	0.00796	0.01176	0.01544	0.02051	0.04278	0.61010	0.05067	0.05084	0.01137	0.00345	0.00507	0.09904	0.00726	0.00649
88	0.01498	0.01409	0.02378	0.70226	0.05462	0.01762	0.02202	0.02026	0.01586	0.02026	0.01409	0.02114	0.01057	0.00793	0.00793	0.00264	0.01057	0.00705	0.00352	0.00881
89	0.01789	0.04689	0.03749	0.18678	0.12620	0.01919	0.36275	0.02369	0.01777	0.02422	0.01571	0.02114	0.01209	0.00715	0.00848	0.00255	0.01155	0.00822	0.03992	0.01033
90	0.05184	0.13385	0.27059	0.02501	0.16976	0.02030	0.02135	0.05059	0.08354	0.05250	0.01669	0.01886	0.01283	0.00938	0.02786	0.00267	0.00989	0.00635	0.00450	0.01162
91	0.01644	0.01409	0.01644	0.01175	0.01879	0.01057	0.00940	0.01997	0.01644	0.02584	0.01409	0.01644	0.01175	0.00587	0.00587	0.00117	0.00587	0.00470	0.00470	0.76979
92	0.01644	0.01409	0.01644	0.01175	0.01879	0.01057	0.00940	0.01997	0.01644	0.02584	0.01409	0.01644	0.01175	0.00587	0.00587	0.00117	0.00587	0.00470	0.00470	0.76979
93	0.05295	0.05484	0.05242	0.24112	0.12587	0.01918	0.01827	0.15165	0.05327	0.12627	0.01839	0.02083	0.01335	0.00845	0.00765	0.00246	0.00901	0.00699	0.00568	0.01136
94	0.02120	0.72609	0.04155	0.01357	0.02035	0.03138	0.01357	0.02374	0.01611	0.01866	0.01102	0.01272	0.01018	0.00678	0.00509	0.00170	0.00848	0.00424	0.00339	0.01018
95	0.01377	0.00689	0.01033	0.01033	0.01033	0.00689	0.00689	0.01033	0.01033	0.01377	0.01377	0.02410	0.01377	0.02755	0.03099	0.76928	0.00689	0.00689	0.00344	0.00344
96	0.01795	0.01840	0.02355	0.02037	0.02075	0.07291	0.01681	0.01976	0.01294	0.01907	0.01111	0.01784	0.01089	0.01584	0.05928	0.00385	0.61961	0.00688	0.00356	0.00863
97	0.01328	0.00897	0.01221	0.04044	0.01607	0.00887	0.01051	0.01683	0.04315	0.06567	0.09253	0.32237	0.04677	0.02079	0.01007	0.00323	0.00601	0.24709	0.00749	0.00765
98	0.01609	0.01372	0.01607	0.01171	0.01841	0.01036	0.00929	0.01950	0.01638	0.02555	0.01564	0.05297	0.01387	0.00686	0.00609	0.00128	0.00581	0.00563	0.00484	0.72994
99	0.00966	0.00690	0.00920	0.01104	0.01150	0.00644	0.00736	0.01104	0.01518	0.02024	0.04371	0.71614	0.05245	0.02484	0.01012	0.00322	0.00460	0.02254	0.00736	0.00644
100	0.02782	0.12526	0.02755	0.02123	0.02568	0.45471	0.05646	0.03046	0.04874	0.02205	0.01503	0.01822	0.01283	0.00975	0.00943	0.00255	0.07073	0.00623	0.00478	0.01048
101	0.01866	0.05339	0.04374	0.03093	0.03790	0.02110	0.53589	0.02454	0.01778	0.02430	0.01511	0.02049	0.01174	0.00759	0.01124	0.00273	0.09972	0.00882	0.00391	0.01042
102	0.21841	0.17192	0.34049	0.01734	0.02598	0.02120	0.01991	0.05674	0.01683	0.02786	0.01299	0.01503	0.00987	0.00744	0.00637	0.00232	0.00944	0.00519	0.00401	0.01067
103	0.05080	0.02087	0.02902	0.06669	0.49599	0.10082	0.02175	0.04597	0.04461	0.02635	0.01524	0.01915	0.01254	0.00747	0.00766	0.00235	0.00978	0.00680	0.00426	0.01188
104	0.01728	0.04119	0.01850	0.01337	0.01953	0.01290	0.03537	0.07349	0.04852	0.02733	0.01862	0.09500	0.01695	0.00859	0.00673	0.00166	0.00639	0.00726	0.00535	0.52598
105	0.01874	0.02172	0.09215	0.05430	0.10786	0.01907	0.39837	0.04868	0.04697	0.02656	0.01637	0.02066	0.01244	0.00706	0.00859	0.00249	0.01159	0.00825	0.00431	0.07382

[dist]
# distance from previous block
# <min> <max>
0	4

# created by:
# /st0/software/busco_prod/Augustus/scripts/msa2prfl.pl ./align_prep/129459.fa
