[name]
unknown

[dist]
# distance from previous block
# <min> <max>
0	47

[block]
# block no. 0 follows, 26 sequences, length 109
# corresponding to MSA columns:
# 51-159
name=unknown_A
#
# <colnr> <probs for GDERKNQSTAVLIFYWHMCP>
#	G	D	E	R	K	N	Q	S	T	A	V	L	I	F	Y	W	H	M	C	P
0	0.01747	0.16306	0.43863	0.01847	0.02729	0.01837	0.02202	0.02400	0.01656	0.08109	0.01739	0.02381	0.01418	0.00878	0.00717	0.00237	0.00975	0.07479	0.00417	0.01062
1	0.04936	0.01079	0.03929	0.01110	0.01434	0.00935	0.00907	0.04154	0.02142	0.16261	0.47429	0.04569	0.05388	0.01338	0.00839	0.00237	0.00471	0.01154	0.00817	0.00870
2	0.01813	0.01283	0.01432	0.01231	0.01549	0.01356	0.00936	0.18911	0.12781	0.06481	0.17214	0.03837	0.06254	0.16345	0.01439	0.00341	0.00617	0.01000	0.04263	0.00917
3	0.09132	0.02277	0.02260	0.01908	0.02213	0.22163	0.06161	0.11744	0.01876	0.02463	0.01332	0.04211	0.01178	0.01037	0.01347	0.00261	0.26412	0.00664	0.00442	0.00918
4	0.02883	0.02125	0.02276	0.01745	0.02352	0.02352	0.01442	0.66082	0.03566	0.04780	0.01821	0.01821	0.01290	0.00911	0.00759	0.00228	0.00835	0.00683	0.00759	0.01290
5	0.00901	0.00751	0.00786	0.00815	0.01037	0.00636	0.00597	0.01083	0.01684	0.02031	0.07122	0.17817	0.58149	0.01994	0.00908	0.00264	0.00393	0.01690	0.00704	0.00636
6	0.01513	0.01346	0.02254	0.68636	0.05089	0.01662	0.02066	0.02010	0.01544	0.04699	0.01416	0.02045	0.01047	0.00766	0.00759	0.00252	0.00996	0.00678	0.00362	0.00861
7	0.01521	0.03923	0.69413	0.02162	0.03283	0.01762	0.02802	0.02402	0.01601	0.02402	0.01361	0.01601	0.00961	0.00721	0.00721	0.00240	0.01121	0.00560	0.00320	0.01121
8	0.01432	0.01348	0.02275	0.71520	0.05224	0.01685	0.02107	0.01938	0.01517	0.01938	0.01348	0.02022	0.01011	0.00758	0.00758	0.00253	0.01011	0.00674	0.00337	0.00843
9	0.01995	0.01626	0.01729	0.01523	0.01967	0.01849	0.01194	0.09438	0.56452	0.05809	0.03153	0.02908	0.04830	0.01050	0.00775	0.00254	0.00614	0.00868	0.00774	0.01190
10	0.00905	0.00769	0.00780	0.00777	0.01030	0.00644	0.00583	0.01105	0.01748	0.02095	0.10511	0.07223	0.65448	0.01904	0.00896	0.00255	0.00383	0.01590	0.00710	0.00644
11	0.03226	0.01418	0.01820	0.01412	0.01990	0.01324	0.01161	0.11342	0.07216	0.56334	0.02856	0.02507	0.01839	0.00942	0.00763	0.00236	0.00665	0.00760	0.00904	0.01284
12	0.01521	0.03923	0.69413	0.02162	0.03283	0.01762	0.02802	0.02402	0.01601	0.02402	0.01361	0.01601	0.00961	0.00721	0.00721	0.00240	0.01121	0.00560	0.00320	0.01121
13	0.02833	0.03615	0.02149	0.01954	0.02345	0.70298	0.01466	0.03029	0.02149	0.01856	0.01172	0.01368	0.00977	0.00782	0.00684	0.00195	0.01368	0.00489	0.00391	0.00879
14	0.02844	0.02105	0.02254	0.01737	0.02337	0.02334	0.01432	0.63616	0.06097	0.04716	0.01871	0.01861	0.01331	0.00915	0.00759	0.00229	0.00825	0.00690	0.00759	0.01286
15	0.01029	0.00735	0.01001	0.01176	0.01266	0.00707	0.00886	0.01238	0.01556	0.02054	0.04123	0.50219	0.04787	0.02277	0.00996	0.00323	0.00531	0.23750	0.00702	0.00645
16	0.01066	0.00769	0.01007	0.00959	0.01131	0.00711	0.00715	0.01412	0.02112	0.02985	0.64944	0.09094	0.07048	0.01593	0.00898	0.00242	0.00362	0.01412	0.00828	0.00711
17	0.01025	0.00773	0.00947	0.00904	0.01104	0.00695	0.00678	0.01338	0.02033	0.02772	0.51760	0.06110	0.23776	0.01651	0.00895	0.00243	0.00365	0.01434	0.00799	0.00695
18	0.00924	0.00660	0.00880	0.01056	0.01100	0.00616	0.00704	0.01056	0.01452	0.01936	0.04181	0.72848	0.05017	0.02376	0.00968	0.00308	0.00440	0.02156	0.00704	0.00616
19	0.00924	0.00660	0.00880	0.01056	0.01100	0.00616	0.00704	0.01056	0.01452	0.01936	0.04181	0.72848	0.05017	0.02376	0.00968	0.00308	0.00440	0.02156	0.00704	0.00616
20	0.01790	0.02046	0.04476	0.03197	0.03964	0.01918	0.65857	0.02430	0.01790	0.02430	0.01535	0.02046	0.01151	0.00639	0.00895	0.00256	0.01279	0.00895	0.00384	0.01023
21	0.78701	0.01467	0.01115	0.00997	0.01467	0.01702	0.00821	0.02230	0.01291	0.03403	0.01056	0.01232	0.00821	0.00704	0.00469	0.00235	0.00587	0.00411	0.00469	0.00821
22	0.00931	0.00665	0.00886	0.01051	0.01102	0.00621	0.00705	0.01073	0.01484	0.01987	0.07133	0.69750	0.05115	0.02338	0.00965	0.00305	0.00436	0.02120	0.00710	0.00621
23	0.01734	0.01906	0.03822	0.07961	0.03606	0.01994	0.46486	0.02255	0.01626	0.02255	0.01398	0.01956	0.01105	0.00805	0.01249	0.00273	0.17408	0.00826	0.00368	0.00966
24	0.78701	0.01467	0.01115	0.00997	0.01467	0.01702	0.00821	0.02230	0.01291	0.03403	0.01056	0.01232	0.00821	0.00704	0.00469	0.00235	0.00587	0.00411	0.00469	0.00821
25	0.01617	0.02745	0.33243	0.05251	0.03277	0.01836	0.22426	0.02279	0.01595	0.02331	0.01418	0.01827	0.01076	0.00791	0.01019	0.00256	0.11183	0.00693	0.04120	0.01017
26	0.01091	0.00897	0.03650	0.01001	0.01216	0.00756	0.00796	0.01469	0.02126	0.03017	0.65635	0.05509	0.06918	0.01519	0.00888	0.00239	0.00387	0.01340	0.00815	0.00731
27	0.01887	0.01629	0.01715	0.01544	0.01972	0.01887	0.01201	0.04031	0.67241	0.03173	0.03087	0.02830	0.02315	0.01029	0.00772	0.00257	0.00600	0.00858	0.00772	0.01201
28	0.01887	0.01629	0.01715	0.01544	0.01972	0.01887	0.01201	0.04031	0.67241	0.03173	0.03087	0.02830	0.02315	0.01029	0.00772	0.00257	0.00600	0.00858	0.00772	0.01201
29	0.01074	0.00775	0.01014	0.00954	0.01133	0.00716	0.00716	0.01431	0.02147	0.03042	0.68211	0.05666	0.07157	0.01551	0.00895	0.00239	0.00358	0.01372	0.00835	0.00716
30	0.01890	0.54775	0.21791	0.01533	0.02311	0.02664	0.01708	0.02307	0.01558	0.01953	0.01138	0.01321	0.00970	0.00668	0.00550	0.00183	0.00896	0.00448	0.00323	0.01014
31	0.00936	0.00668	0.00893	0.01069	0.01118	0.00626	0.00724	0.01076	0.01464	0.01949	0.04174	0.70375	0.04992	0.02366	0.00971	0.00310	0.00450	0.04516	0.00704	0.00619
32	0.01432	0.01348	0.02275	0.71520	0.05224	0.01685	0.02107	0.01938	0.01517	0.01938	0.01348	0.02022	0.01011	0.00758	0.00758	0.00253	0.01011	0.00674	0.00337	0.00843
33	0.02326	0.42029	0.06580	0.01606	0.02175	0.29983	0.01442	0.02582	0.01789	0.01845	0.01118	0.01297	0.00974	0.00706	0.00578	0.00180	0.01051	0.00447	0.00351	0.00943
34	0.01521	0.03923	0.69413	0.02162	0.03283	0.01762	0.02802	0.02402	0.01601	0.02402	0.01361	0.01601	0.00961	0.00721	0.00721	0.00240	0.01121	0.00560	0.00320	0.01121
35	0.02758	0.02004	0.02143	0.01657	0.02227	0.02212	0.01364	0.60605	0.03398	0.04614	0.01877	0.01907	0.01346	0.00908	0.00739	0.00223	0.00794	0.00685	0.07299	0.01240
36	0.02041	0.01691	0.01845	0.01678	0.04662	0.01917	0.01269	0.15974	0.48990	0.03453	0.05959	0.02733	0.02307	0.01017	0.00774	0.00249	0.00646	0.00841	0.00757	0.01194
37	0.03289	0.01266	0.01724	0.01330	0.01897	0.01095	0.01095	0.03586	0.02170	0.65904	0.06182	0.02733	0.02136	0.00969	0.00769	0.00235	0.00631	0.00793	0.00934	0.01263
38	0.01429	0.01348	0.02302	0.65132	0.04965	0.01646	0.04662	0.01933	0.01560	0.02014	0.04741	0.02208	0.01328	0.00794	0.00771	0.00252	0.00989	0.00719	0.00364	0.00844
39	0.78701	0.01467	0.01115	0.00997	0.01467	0.01702	0.00821	0.02230	0.01291	0.03403	0.01056	0.01232	0.00821	0.00704	0.00469	0.00235	0.00587	0.00411	0.00469	0.00821
40	0.01414	0.01304	0.02177	0.66852	0.04945	0.01617	0.02008	0.01902	0.01517	0.01965	0.01483	0.04551	0.01181	0.00819	0.00759	0.00252	0.00971	0.00727	0.02725	0.00830
41	0.01046	0.00760	0.00985	0.00959	0.01124	0.00699	0.00708	0.01367	0.02037	0.02852	0.57071	0.14465	0.09735	0.01675	0.00904	0.00248	0.00370	0.01484	0.00812	0.00699
42	0.00983	0.00739	0.00910	0.00936	0.01095	0.00666	0.00676	0.01230	0.01831	0.02454	0.33352	0.26092	0.22480	0.01893	0.00917	0.00264	0.00389	0.01665	0.00762	0.00666
43	0.02839	0.03435	0.02165	0.01929	0.02346	0.62103	0.01463	0.10634	0.02320	0.02209	0.01251	0.01423	0.01015	0.00797	0.00693	0.00199	0.01304	0.00512	0.00435	0.00929
44	0.01074	0.00775	0.01014	0.00954	0.01133	0.00716	0.00716	0.01431	0.02147	0.03042	0.68211	0.05666	0.07157	0.01551	0.00895	0.00239	0.00358	0.01372	0.00835	0.00716
45	0.02028	0.73799	0.03975	0.01298	0.01947	0.03001	0.01298	0.02271	0.01541	0.01785	0.01055	0.01217	0.00973	0.00649	0.00487	0.00162	0.00811	0.00406	0.00324	0.00973
46	0.03403	0.01291	0.01760	0.01350	0.01936	0.01115	0.01115	0.03697	0.02171	0.69137	0.02992	0.02582	0.01878	0.00939	0.00763	0.00235	0.00645	0.00763	0.00939	0.01291
47	0.01103	0.00735	0.00827	0.00827	0.00827	0.00735	0.00460	0.01103	0.01103	0.01471	0.02390	0.04964	0.02758	0.73343	0.03861	0.00735	0.00735	0.01103	0.00460	0.00460
48	0.01222	0.00873	0.01222	0.01397	0.01572	0.00873	0.01222	0.01572	0.01746	0.02270	0.04016	0.08556	0.04365	0.02095	0.01048	0.00349	0.00698	0.63506	0.00698	0.00698
49	0.02833	0.03615	0.02149	0.01954	0.02345	0.70298	0.01466	0.03029	0.02149	0.01856	0.01172	0.01368	0.00977	0.00782	0.00684	0.00195	0.01368	0.00489	0.00391	0.00879
50	0.01005	0.00773	0.00920	0.00883	0.01091	0.00687	0.00662	0.01300	0.01986	0.02660	0.44946	0.06294	0.30661	0.01693	0.00895	0.00245	0.00368	0.01460	0.00785	0.00687
51	0.01432	0.01348	0.02275	0.71520	0.05224	0.01685	0.02107	0.01938	0.01517	0.01938	0.01348	0.02022	0.01011	0.00758	0.00758	0.00253	0.01011	0.00674	0.00337	0.00843
52	0.00937	0.00669	0.00895	0.01071	0.01120	0.00627	0.00726	0.01078	0.01465	0.01951	0.04174	0.70099	0.04989	0.02364	0.00972	0.00310	0.00451	0.04779	0.00704	0.00620
53	0.01723	0.06251	0.48320	0.04933	0.10092	0.01716	0.02420	0.02445	0.01654	0.07711	0.01536	0.01765	0.01108	0.00739	0.00710	0.00232	0.01006	0.00593	0.03938	0.01107
54	0.01941	0.39049	0.25914	0.01850	0.07010	0.05021	0.01877	0.02415	0.01627	0.05190	0.01279	0.01462	0.01027	0.00694	0.00605	0.00198	0.00936	0.00497	0.00358	0.01050
55	0.01074	0.00775	0.01014	0.00954	0.01133	0.00716	0.00716	0.01431	0.02147	0.03042	0.68211	0.05666	0.07157	0.01551	0.00895	0.00239	0.00358	0.01372	0.00835	0.00716
56	0.01145	0.07473	0.01401	0.01188	0.01368	0.00976	0.03802	0.01449	0.04460	0.02229	0.16504	0.44730	0.04761	0.01907	0.00900	0.00277	0.00511	0.03521	0.00684	0.00715
57	0.01087	0.00799	0.01147	0.01147	0.01258	0.00909	0.00859	0.01308	0.01198	0.01708	0.02097	0.03343	0.02054	0.18078	0.58164	0.01130	0.01794	0.00866	0.00416	0.00637
58	0.01535	0.01460	0.02525	0.51357	0.10593	0.01693	0.09644	0.02115	0.04382	0.02135	0.01497	0.02079	0.01139	0.00753	0.00765	0.00248	0.00989	0.00710	0.03475	0.00907
59	0.02056	0.71319	0.03910	0.01321	0.01961	0.05380	0.01304	0.02298	0.01563	0.01787	0.01059	0.01222	0.00974	0.00654	0.00494	0.00163	0.00831	0.00409	0.00327	0.00970
60	0.04421	0.01361	0.02261	0.61320	0.04779	0.01641	0.04697	0.01940	0.01505	0.02014	0.01344	0.01986	0.01023	0.00802	0.00814	0.02640	0.00980	0.00665	0.00348	0.03457
61	0.01482	0.01398	0.02364	0.64117	0.12242	0.01698	0.02131	0.01981	0.01540	0.01998	0.01357	0.02006	0.01032	0.00749	0.00758	0.00250	0.00999	0.00674	0.00341	0.00882
62	0.78701	0.01467	0.01115	0.00997	0.01467	0.01702	0.00821	0.02230	0.01291	0.03403	0.01056	0.01232	0.00821	0.00704	0.00469	0.00235	0.00587	0.00411	0.00469	0.00821
63	0.07670	0.01688	0.02678	0.43600	0.07189	0.06674	0.15519	0.02161	0.01612	0.02174	0.01356	0.01912	0.01032	0.00727	0.00759	0.00247	0.01056	0.00687	0.00363	0.00897
64	0.01546	0.03476	0.04642	0.06962	0.04443	0.01205	0.01134	0.11703	0.01983	0.06041	0.14314	0.26720	0.06664	0.01512	0.00841	0.00254	0.00607	0.01321	0.00666	0.03966
65	0.02239	0.01687	0.01965	0.09947	0.02443	0.01912	0.01381	0.24502	0.25583	0.09062	0.02391	0.05856	0.01845	0.01032	0.00863	0.00251	0.04365	0.00824	0.00704	0.01147
66	0.01835	0.02182	0.10552	0.21973	0.08788	0.07777	0.26335	0.06846	0.01846	0.02411	0.01445	0.01903	0.01090	0.00716	0.00799	0.00244	0.01135	0.00730	0.00390	0.01003
67	0.01005	0.00718	0.00972	0.01138	0.01220	0.00685	0.00835	0.01201	0.01554	0.02065	0.06718	0.53965	0.04939	0.02272	0.00985	0.00316	0.00502	0.17562	0.00708	0.00641
68	0.02237	0.10418	0.03525	0.02479	0.05893	0.01837	0.35639	0.02810	0.05194	0.19338	0.01922	0.02115	0.01376	0.00738	0.00800	0.00238	0.01011	0.00792	0.00537	0.01102
69	0.01995	0.67352	0.06636	0.01429	0.02103	0.02897	0.04627	0.02285	0.01556	0.01842	0.01091	0.01274	0.00982	0.00651	0.00517	0.00170	0.00847	0.00437	0.00327	0.00982
70	0.00946	0.00673	0.00892	0.01060	0.01107	0.00633	0.00714	0.01081	0.01448	0.01928	0.04086	0.66756	0.04878	0.05835	0.01113	0.00331	0.00466	0.04750	0.00692	0.00612
71	0.01103	0.00735	0.00827	0.00827	0.00827	0.00735	0.00460	0.01103	0.01103	0.01471	0.02390	0.04964	0.02758	0.73343	0.03861	0.00735	0.00735	0.01103	0.00460	0.00460
72	0.00944	0.00770	0.00834	0.00818	0.01054	0.00660	0.00614	0.01180	0.01841	0.02314	0.23853	0.06863	0.51969	0.01822	0.00896	0.00251	0.00377	0.01540	0.00739	0.00660
73	0.01887	0.01629	0.01715	0.01544	0.01972	0.01887	0.01201	0.04031	0.67241	0.03173	0.03087	0.02830	0.02315	0.01029	0.00772	0.00257	0.00600	0.00858	0.00772	0.01201
74	0.76101	0.01461	0.01137	0.01010	0.01483	0.01681	0.00832	0.02280	0.01321	0.05673	0.01123	0.01279	0.00858	0.00712	0.00480	0.00235	0.00589	0.00423	0.00486	0.00838
75	0.01432	0.01348	0.02275	0.71520	0.05224	0.01685	0.02107	0.01938	0.01517	0.01938	0.01348	0.02022	0.01011	0.00758	0.00758	0.00253	0.01011	0.00674	0.00337	0.00843
76	0.02833	0.03615	0.02149	0.01954	0.02345	0.70298	0.01466	0.03029	0.02149	0.01856	0.01172	0.01368	0.00977	0.00782	0.00684	0.00195	0.01368	0.00489	0.00391	0.00879
77	0.01029	0.00774	0.00952	0.00908	0.01106	0.00697	0.00681	0.01345	0.02042	0.02793	0.53028	0.06076	0.22495	0.01644	0.00895	0.00243	0.00364	0.01429	0.00802	0.00697
78	0.01432	0.01348	0.02275	0.71520	0.05224	0.01685	0.02107	0.01938	0.01517	0.01938	0.01348	0.02022	0.01011	0.00758	0.00758	0.00253	0.01011	0.00674	0.00337	0.00843
79	0.01084	0.00813	0.01219	0.01219	0.01354	0.00948	0.00948	0.01354	0.01219	0.01761	0.02032	0.02980	0.01896	0.05689	0.70337	0.01219	0.02032	0.00813	0.00406	0.00677
80	0.01074	0.00775	0.01014	0.00954	0.01133	0.00716	0.00716	0.01431	0.02147	0.03042	0.68211	0.05666	0.07157	0.01551	0.00895	0.00239	0.00358	0.01372	0.00835	0.00716
81	0.01666	0.01679	0.02433	0.02053	0.02092	0.02303	0.04935	0.01856	0.01194	0.01856	0.01023	0.01679	0.01004	0.01292	0.02408	0.00328	0.68349	0.00676	0.00335	0.00840
82	0.00907	0.00763	0.00786	0.00792	0.01034	0.00643	0.00590	0.01104	0.01737	0.02094	0.10577	0.10423	0.62112	0.01925	0.00900	0.00258	0.00386	0.01616	0.00711	0.00643
83	0.01573	0.01348	0.01573	0.01123	0.01798	0.01011	0.00899	0.01910	0.01573	0.02472	0.01348	0.01573	0.01123	0.00562	0.00562	0.00112	0.00562	0.00449	0.00449	0.77980
84	0.01982	0.67449	0.09922	0.01376	0.02068	0.02889	0.01435	0.02283	0.01547	0.01841	0.01082	0.01252	0.00972	0.00655	0.00508	0.00169	0.00839	0.00420	0.00324	0.00987
85	0.01668	0.04761	0.05864	0.05600	0.02394	0.02255	0.07489	0.01932	0.01273	0.01912	0.01082	0.01691	0.01008	0.01179	0.02089	0.00310	0.55620	0.00669	0.00336	0.00868
86	0.01125	0.00813	0.01086	0.01120	0.01300	0.00774	0.00908	0.01473	0.01974	0.02702	0.40823	0.06857	0.08440	0.01777	0.00954	0.00282	0.00492	0.25617	0.00777	0.00706
87	0.02150	0.63136	0.03697	0.01398	0.02007	0.13226	0.01323	0.02386	0.01634	0.01795	0.01072	0.01240	0.00974	0.00669	0.00517	0.00167	0.00896	0.00418	0.00335	0.00959
88	0.00910	0.00773	0.00787	0.00794	0.01047	0.00650	0.00603	0.01108	0.01730	0.02058	0.07533	0.07351	0.65670	0.01928	0.00903	0.00260	0.00397	0.04151	0.00704	0.00643
89	0.04076	0.00882	0.01132	0.01227	0.01426	0.00867	0.01014	0.01600	0.03751	0.04479	0.09511	0.16229	0.12199	0.01947	0.00967	0.00313	0.00589	0.36359	0.00713	0.00721
90	0.01790	0.11552	0.17732	0.06661	0.36578	0.01954	0.08434	0.02328	0.01672	0.02342	0.01371	0.01755	0.01106	0.00682	0.00725	0.00225	0.00979	0.00637	0.00356	0.01121
91	0.01887	0.01629	0.01715	0.01544	0.01972	0.01887	0.01201	0.04031	0.67241	0.03173	0.03087	0.02830	0.02315	0.01029	0.00772	0.00257	0.00600	0.00858	0.00772	0.01201
92	0.00905	0.00769	0.00781	0.00778	0.01030	0.00644	0.00583	0.01106	0.01750	0.02099	0.10749	0.07217	0.65208	0.01902	0.00896	0.00255	0.00383	0.01589	0.00711	0.00644
93	0.01691	0.02750	0.29113	0.02861	0.06282	0.01854	0.39348	0.02415	0.01716	0.02421	0.01464	0.01870	0.01081	0.00672	0.00823	0.00249	0.01204	0.00759	0.00359	0.01067
94	0.08344	0.05410	0.02142	0.05243	0.02343	0.15533	0.04477	0.15994	0.19668	0.10211	0.02024	0.02030	0.01493	0.00871	0.00720	0.00230	0.00868	0.00676	0.00626	0.01098
95	0.01785	0.02029	0.04383	0.03145	0.03879	0.01936	0.63089	0.02404	0.01763	0.02404	0.01511	0.02029	0.01144	0.00669	0.00964	0.00259	0.04326	0.00885	0.00381	0.01015
96	0.00923	0.00665	0.00875	0.01043	0.01097	0.00617	0.00698	0.01058	0.01465	0.01941	0.04342	0.69825	0.07935	0.02355	0.00965	0.00306	0.00437	0.02131	0.00704	0.00617
97	0.02741	0.07342	0.10318	0.08416	0.05124	0.01499	0.01496	0.05633	0.04271	0.41742	0.02377	0.02252	0.01576	0.00863	0.00735	0.00232	0.00768	0.00698	0.00721	0.01195
98	0.01747	0.01682	0.02903	0.23687	0.48025	0.01773	0.04713	0.02220	0.01669	0.02322	0.01408	0.01925	0.01145	0.00698	0.00759	0.00234	0.00947	0.00684	0.00365	0.01092
99	0.00896	0.00768	0.00768	0.00768	0.01025	0.00640	0.00576	0.01089	0.01729	0.02049	0.07684	0.07300	0.68304	0.01921	0.00896	0.00256	0.00384	0.01601	0.00704	0.00640
100	0.01641	0.01634	0.02319	0.07639	0.02254	0.02271	0.01696	0.01835	0.01190	0.01835	0.01024	0.01689	0.00997	0.01281	0.02349	0.00325	0.66192	0.00665	0.00332	0.00831
101	0.01432	0.01348	0.02275	0.71520	0.05224	0.01685	0.02107	0.01938	0.01517	0.01938	0.01348	0.02022	0.01011	0.00758	0.00758	0.00253	0.01011	0.00674	0.00337	0.00843
102	0.01173	0.00797	0.01046	0.00971	0.01168	0.00733	0.00733	0.01528	0.02148	0.05867	0.65423	0.05534	0.06931	0.01525	0.00889	0.00238	0.00370	0.01346	0.00839	0.00740
103	0.01432	0.01348	0.02275	0.71520	0.05224	0.01685	0.02107	0.01938	0.01517	0.01938	0.01348	0.02022	0.01011	0.00758	0.00758	0.00253	0.01011	0.00674	0.00337	0.00843
104	0.02627	0.05878	0.02177	0.01837	0.02230	0.48259	0.01422	0.11138	0.04612	0.02322	0.01363	0.01557	0.01108	0.00847	0.00818	0.00210	0.06493	0.00546	0.03617	0.00938
105	0.01103	0.00735	0.00827	0.00827	0.00827	0.00735	0.00460	0.01103	0.01103	0.01471	0.02390	0.04964	0.02758	0.73343	0.03861	0.00735	0.00735	0.01103	0.00460	0.00460
106	0.30181	0.01381	0.01526	0.01239	0.01772	0.01387	0.01017	0.03199	0.07117	0.40321	0.02308	0.02120	0.01536	0.00862	0.00659	0.00237	0.00621	0.00645	0.00758	0.01116
107	0.14534	0.04585	0.07049	0.08056	0.07753	0.01973	0.01516	0.31099	0.02501	0.08331	0.04286	0.01919	0.01423	0.00849	0.00705	0.00230	0.00804	0.00652	0.00612	0.01122
108	0.04682	0.09544	0.32378	0.05379	0.15745	0.01876	0.09977	0.04345	0.01685	0.02440	0.01477	0.04422	0.01195	0.00766	0.00728	0.00234	0.01008	0.00673	0.00374	0.01074

[dist]
# distance from previous block
# <min> <max>
0	3

[block]
# block no. 1 follows, 26 sequences, length 9
# corresponding to MSA columns:
# 163-171
name=unknown_B
#
# <colnr> <probs for GDERKNQSTAVLIFYWHMCP>
#	G	D	E	R	K	N	Q	S	T	A	V	L	I	F	Y	W	H	M	C	P
0	0.78701	0.01467	0.01115	0.00997	0.01467	0.01702	0.00821	0.02230	0.01291	0.03403	0.01056	0.01232	0.00821	0.00704	0.00469	0.00235	0.00587	0.00411	0.00469	0.00821
1	0.01432	0.01348	0.02275	0.71520	0.05224	0.01685	0.02107	0.01938	0.01517	0.01938	0.01348	0.02022	0.01011	0.00758	0.00758	0.00253	0.01011	0.00674	0.00337	0.00843
2	0.01822	0.01746	0.02980	0.12908	0.60788	0.01788	0.02301	0.02280	0.01701	0.02411	0.01417	0.01895	0.01178	0.00686	0.00752	0.00229	0.00915	0.00676	0.00371	0.01157
3	0.01521	0.03923	0.69413	0.02162	0.03283	0.01762	0.02802	0.02402	0.01601	0.02402	0.01361	0.01601	0.00961	0.00721	0.00721	0.00240	0.01121	0.00560	0.00320	0.01121
4	0.01096	0.00764	0.00972	0.00972	0.01022	0.00814	0.00640	0.01196	0.01146	0.01578	0.02258	0.04231	0.02439	0.48356	0.28413	0.00914	0.01214	0.00996	0.00440	0.00540
5	0.05328	0.01432	0.01711	0.01545	0.06046	0.01460	0.01149	0.18594	0.08940	0.23710	0.02818	0.08578	0.05263	0.01081	0.00751	0.00236	0.00641	0.00888	0.08723	0.01108
6	0.07175	0.01720	0.02771	0.11255	0.53013	0.01788	0.02128	0.02388	0.05846	0.02530	0.01498	0.01908	0.01226	0.00709	0.00733	0.00231	0.00872	0.00669	0.00403	0.01137
7	0.02028	0.01887	0.02786	0.08661	0.49753	0.06816	0.02094	0.05398	0.05505	0.05401	0.01580	0.01931	0.01267	0.00731	0.00749	0.00227	0.00912	0.00676	0.00438	0.01161
8	0.02040	0.01802	0.02366	0.02940	0.31496	0.04915	0.01719	0.06058	0.29430	0.05893	0.02204	0.02285	0.01695	0.00852	0.00758	0.00238	0.00781	0.00748	0.00586	0.01195

[dist]
# distance from previous block
# <min> <max>
0	20

# created by:
# /st0/software/busco_prod/Augustus/scripts/msa2prfl.pl ./align_prep/129565.fa
