[name]
unknown

[dist]
# distance from previous block
# <min> <max>
0	36

[block]
# block no. 0 follows, 22 sequences, length 30
# corresponding to MSA columns:
# 36-65
name=unknown_A
#
# <colnr> <probs for GDERKNQSTAVLIFYWHMCP>
#	G	D	E	R	K	N	Q	S	T	A	V	L	I	F	Y	W	H	M	C	P
0	0.01339	0.00956	0.01339	0.01530	0.01721	0.00956	0.01339	0.01721	0.01912	0.02486	0.04399	0.09371	0.04781	0.02295	0.01147	0.00382	0.00765	0.60031	0.00765	0.00765
1	0.02056	0.01974	0.03372	0.05099	0.65622	0.01974	0.02550	0.02550	0.01892	0.02714	0.01563	0.02056	0.01316	0.00740	0.00822	0.00247	0.00987	0.00740	0.00411	0.01316
2	0.03727	0.01414	0.01928	0.01478	0.02121	0.01221	0.01221	0.04049	0.02378	0.66198	0.03277	0.02828	0.02056	0.01028	0.00835	0.00257	0.00707	0.00835	0.01028	0.01414
3	0.01019	0.00850	0.00894	0.00903	0.01172	0.00725	0.00691	0.01253	0.01923	0.02328	0.11624	0.07983	0.57433	0.02093	0.00994	0.00287	0.00444	0.05894	0.00780	0.00711
4	0.03158	0.02327	0.02493	0.01911	0.02576	0.02576	0.01579	0.62852	0.03906	0.05236	0.01995	0.01995	0.01413	0.00997	0.00831	0.00249	0.00914	0.00748	0.00831	0.01413
5	0.01723	0.01477	0.01723	0.01230	0.01969	0.01107	0.00984	0.02092	0.01723	0.02707	0.01477	0.01723	0.01230	0.00615	0.00615	0.00123	0.00615	0.00492	0.00492	0.75883
6	0.01190	0.00865	0.01130	0.01106	0.01306	0.00805	0.00858	0.01571	0.02263	0.03150	0.53275	0.06765	0.10378	0.01807	0.01005	0.00280	0.00448	0.10137	0.00885	0.00777
7	0.01569	0.01477	0.02492	0.68808	0.05722	0.01846	0.02307	0.02123	0.01661	0.02123	0.01477	0.02215	0.01107	0.00831	0.00831	0.00277	0.01107	0.00738	0.00369	0.00923
8	0.03196	0.02266	0.02456	0.01883	0.02546	0.02486	0.01555	0.58958	0.03805	0.09273	0.02079	0.02050	0.01455	0.00999	0.00831	0.00250	0.00900	0.00754	0.00844	0.01413
9	0.06789	0.00952	0.01188	0.01086	0.01342	0.00898	0.00830	0.01842	0.02287	0.08737	0.55313	0.05570	0.06848	0.01575	0.00934	0.00261	0.00437	0.01370	0.00896	0.00846
10	0.01569	0.01477	0.02492	0.68808	0.05722	0.01846	0.02307	0.02123	0.01661	0.02123	0.01477	0.02215	0.01107	0.00831	0.00831	0.00277	0.01107	0.00738	0.00369	0.00923
11	0.08023	0.02385	0.02400	0.01872	0.02512	0.06753	0.01536	0.54976	0.03640	0.04927	0.01893	0.01919	0.01356	0.00973	0.00805	0.00248	0.00934	0.00714	0.00784	0.01350
12	0.01549	0.00774	0.00774	0.00774	0.00968	0.00774	0.00581	0.01936	0.01742	0.03097	0.02710	0.03097	0.02129	0.00968	0.00581	0.00194	0.00387	0.00774	0.75416	0.00774
13	0.01187	0.00890	0.01335	0.01335	0.01483	0.01038	0.01038	0.01483	0.01335	0.01928	0.02225	0.03264	0.02077	0.06231	0.67512	0.01335	0.02225	0.00890	0.00445	0.00742
14	0.01866	0.03109	0.34225	0.03764	0.35308	0.01952	0.02804	0.02589	0.01824	0.02673	0.01528	0.01908	0.01187	0.00764	0.00806	0.00255	0.01105	0.00678	0.00382	0.01273
15	0.03727	0.01414	0.01928	0.01478	0.02121	0.01221	0.01221	0.04049	0.02378	0.66198	0.03277	0.02828	0.02056	0.01028	0.00835	0.00257	0.00707	0.00835	0.01028	0.01414
16	0.01176	0.00849	0.01110	0.01045	0.01241	0.00784	0.00784	0.01568	0.02352	0.03331	0.65184	0.06206	0.07839	0.01698	0.00980	0.00261	0.00392	0.01502	0.00914	0.00784
17	0.01549	0.00774	0.00774	0.00774	0.00968	0.00774	0.00581	0.01936	0.01742	0.03097	0.02710	0.03097	0.02129	0.00968	0.00581	0.00194	0.00387	0.00774	0.75416	0.00774
18	0.01549	0.00774	0.00774	0.00774	0.00968	0.00774	0.00581	0.01936	0.01742	0.03097	0.02710	0.03097	0.02129	0.00968	0.00581	0.00194	0.00387	0.00774	0.75416	0.00774
19	0.01024	0.00843	0.00900	0.00886	0.01148	0.00719	0.00664	0.01273	0.01992	0.02479	0.20674	0.07609	0.52881	0.02016	0.00981	0.00276	0.00415	0.01699	0.00802	0.00719
20	0.03158	0.02327	0.02493	0.01911	0.02576	0.02576	0.01579	0.62852	0.03906	0.05236	0.01995	0.01995	0.01413	0.00997	0.00831	0.00249	0.00914	0.00748	0.00831	0.01413
21	0.01747	0.11315	0.55462	0.02347	0.03492	0.02087	0.07140	0.02618	0.01762	0.02561	0.01468	0.01744	0.01069	0.00775	0.00776	0.00255	0.01204	0.00622	0.00356	0.01203
22	0.01951	0.02211	0.04734	0.03407	0.04187	0.02133	0.58261	0.02614	0.01912	0.02614	0.01639	0.02211	0.01248	0.00754	0.01105	0.00286	0.06251	0.00962	0.00416	0.01105
23	0.03158	0.02327	0.02493	0.01911	0.02576	0.02576	0.01579	0.62852	0.03906	0.05236	0.01995	0.01995	0.01413	0.00997	0.00831	0.00249	0.00914	0.00748	0.00831	0.01413
24	0.01036	0.00741	0.00985	0.01141	0.01210	0.00690	0.00773	0.01215	0.01699	0.02294	0.13232	0.61116	0.05829	0.02474	0.01049	0.00327	0.00469	0.02239	0.00792	0.00690
25	0.07904	0.01594	0.01952	0.01528	0.02138	0.01544	0.01254	0.15130	0.05824	0.44477	0.05781	0.02748	0.02155	0.01043	0.00822	0.00257	0.00725	0.00831	0.00944	0.01348
26	0.00982	0.00842	0.00842	0.00842	0.01122	0.00701	0.00631	0.01192	0.01894	0.02244	0.08416	0.07995	0.65285	0.02104	0.00982	0.00281	0.00421	0.01753	0.00771	0.00701
27	0.17095	0.02368	0.02367	0.01962	0.02536	0.05113	0.01548	0.35807	0.10663	0.04621	0.02286	0.02494	0.01776	0.01227	0.01001	0.00328	0.03718	0.00819	0.00844	0.01426
28	0.01611	0.06022	0.02613	0.64421	0.05488	0.01940	0.02249	0.02146	0.01663	0.02112	0.01456	0.02157	0.01105	0.00823	0.00811	0.00270	0.01093	0.00719	0.00368	0.00932
29	0.08041	0.02818	0.02188	0.02053	0.06434	0.32166	0.01497	0.14957	0.10733	0.03098	0.01817	0.01952	0.01414	0.00914	0.00754	0.00234	0.01096	0.00656	0.06076	0.01103

[dist]
# distance from previous block
# <min> <max>
5	12

[block]
# block no. 1 follows, 22 sequences, length 15
# corresponding to MSA columns:
# 81-95
name=unknown_B
#
# <colnr> <probs for GDERKNQSTAVLIFYWHMCP>
#	G	D	E	R	K	N	Q	S	T	A	V	L	I	F	Y	W	H	M	C	P
0	0.01431	0.07674	0.01401	0.01218	0.01397	0.00990	0.00884	0.01607	0.01687	0.09201	0.04101	0.56080	0.04682	0.02244	0.00984	0.00313	0.00546	0.02006	0.00759	0.00795
1	0.10032	0.01128	0.01204	0.01120	0.01390	0.01234	0.00897	0.08953	0.01926	0.03237	0.02505	0.03321	0.02107	0.01341	0.03763	0.00286	0.04583	0.06509	0.43596	0.00867
2	0.02307	0.64745	0.04159	0.01491	0.02175	0.09539	0.01439	0.02568	0.01753	0.01962	0.01168	0.01349	0.01066	0.00725	0.00554	0.00181	0.00948	0.00453	0.00362	0.01056
3	0.01339	0.00956	0.01339	0.01530	0.01721	0.00956	0.01339	0.01721	0.01912	0.02486	0.04399	0.09371	0.04781	0.02295	0.01147	0.00382	0.00765	0.60031	0.00765	0.00765
4	0.03103	0.03959	0.02354	0.02140	0.02568	0.67469	0.01605	0.03317	0.02354	0.02033	0.01284	0.01498	0.01070	0.00856	0.00749	0.00214	0.01498	0.00535	0.00428	0.00963
5	0.02137	0.66406	0.04118	0.01403	0.02068	0.03106	0.01376	0.02395	0.01681	0.01966	0.01393	0.06116	0.01373	0.00842	0.00570	0.00189	0.00860	0.00577	0.00384	0.01039
6	0.01549	0.00774	0.00774	0.00774	0.00968	0.00774	0.00581	0.01936	0.01742	0.03097	0.02710	0.03097	0.02129	0.00968	0.00581	0.00194	0.00387	0.00774	0.75416	0.00774
7	0.01187	0.00890	0.01335	0.01335	0.01483	0.01038	0.01038	0.01483	0.01335	0.01928	0.02225	0.03264	0.02077	0.06231	0.67512	0.01335	0.02225	0.00890	0.00445	0.00742
8	0.03158	0.02327	0.02493	0.01911	0.02576	0.02576	0.01579	0.62852	0.03906	0.05236	0.01995	0.01995	0.01413	0.00997	0.00831	0.00249	0.00914	0.00748	0.00831	0.01413
9	0.01879	0.01793	0.03052	0.28277	0.43830	0.01927	0.02461	0.02394	0.01808	0.02499	0.01531	0.02114	0.01240	0.00773	0.00825	0.00258	0.01031	0.00739	0.00396	0.01173
10	0.01012	0.00723	0.00964	0.01157	0.01205	0.00675	0.00771	0.01157	0.01591	0.02121	0.04579	0.70262	0.05495	0.02603	0.01060	0.00337	0.00482	0.02362	0.00771	0.00675
11	0.02241	0.01912	0.03212	0.04698	0.58589	0.01890	0.02402	0.02716	0.01945	0.09745	0.01753	0.02142	0.01398	0.00772	0.00824	0.00248	0.00956	0.00751	0.00480	0.01327
12	0.02016	0.03634	0.50011	0.02350	0.03446	0.01838	0.09059	0.02854	0.01872	0.12474	0.01787	0.01971	0.01230	0.00817	0.00817	0.00264	0.01165	0.00687	0.00463	0.01245
13	0.01012	0.00723	0.00964	0.01157	0.01205	0.00675	0.00771	0.01157	0.01591	0.02121	0.04579	0.70262	0.05495	0.02603	0.01060	0.00337	0.00482	0.02362	0.00771	0.00675
14	0.01176	0.00849	0.01110	0.01045	0.01241	0.00784	0.00784	0.01568	0.02352	0.03331	0.65184	0.06206	0.07839	0.01698	0.00980	0.00261	0.00392	0.01502	0.00914	0.00784

[dist]
# distance from previous block
# <min> <max>
0	1

[block]
# block no. 2 follows, 22 sequences, length 32
# corresponding to MSA columns:
# 97-128
name=unknown_C
#
# <colnr> <probs for GDERKNQSTAVLIFYWHMCP>
#	G	D	E	R	K	N	Q	S	T	A	V	L	I	F	Y	W	H	M	C	P
0	0.03018	0.02192	0.02343	0.01812	0.02436	0.02419	0.01492	0.57543	0.03717	0.05049	0.02057	0.02091	0.01475	0.00995	0.00809	0.00244	0.00868	0.00750	0.07331	0.01357
1	0.00982	0.00842	0.00842	0.00842	0.01122	0.00701	0.00631	0.01192	0.01894	0.02244	0.08416	0.07995	0.65285	0.02104	0.00982	0.00281	0.00421	0.01753	0.00771	0.00701
2	0.01723	0.01477	0.01723	0.01230	0.01969	0.01107	0.00984	0.02092	0.01723	0.02707	0.01477	0.01723	0.01230	0.00615	0.00615	0.00123	0.00615	0.00492	0.00492	0.75883
3	0.01934	0.02189	0.04739	0.07922	0.04435	0.02084	0.58523	0.02625	0.01940	0.02625	0.01667	0.02239	0.01250	0.00709	0.00970	0.00280	0.01381	0.00964	0.00417	0.01107
4	0.03019	0.10361	0.02544	0.02072	0.02527	0.61368	0.01588	0.03238	0.02291	0.02026	0.01272	0.01482	0.01070	0.00842	0.00729	0.00211	0.01440	0.00526	0.00421	0.00973
5	0.01953	0.02011	0.06515	0.15758	0.52231	0.01950	0.02536	0.02481	0.01845	0.02609	0.01544	0.02067	0.01267	0.00758	0.00822	0.00253	0.01020	0.00733	0.00401	0.01245
6	0.03084	0.02290	0.02452	0.01896	0.02548	0.02542	0.01561	0.58896	0.07982	0.05116	0.02088	0.02069	0.01489	0.01006	0.00832	0.00252	0.00897	0.00761	0.00832	0.01406
7	0.01176	0.00849	0.01110	0.01045	0.01241	0.00784	0.00784	0.01568	0.02352	0.03331	0.65184	0.06206	0.07839	0.01698	0.00980	0.00261	0.00392	0.01502	0.00914	0.00784
8	0.03158	0.02327	0.02493	0.01911	0.02576	0.02576	0.01579	0.62852	0.03906	0.05236	0.01995	0.01995	0.01413	0.00997	0.00831	0.00249	0.00914	0.00748	0.00831	0.01413
9	0.01961	0.02241	0.04902	0.03501	0.04342	0.02101	0.62605	0.02661	0.01961	0.02661	0.01681	0.02241	0.01261	0.00700	0.00980	0.00280	0.01401	0.00980	0.00420	0.01120
10	0.01191	0.00859	0.01131	0.01089	0.01285	0.00799	0.00834	0.01582	0.02312	0.03255	0.59671	0.06493	0.07561	0.01752	0.00995	0.00272	0.00426	0.06811	0.00901	0.00782
11	0.01666	0.04297	0.66500	0.02368	0.03596	0.01929	0.03069	0.02631	0.01754	0.02631	0.01491	0.01754	0.01052	0.00789	0.00789	0.00263	0.01228	0.00614	0.00351	0.01228
12	0.00982	0.00842	0.00842	0.00842	0.01122	0.00701	0.00631	0.01192	0.01894	0.02244	0.08416	0.07995	0.65285	0.02104	0.00982	0.00281	0.00421	0.01753	0.00771	0.00701
13	0.01012	0.00723	0.00964	0.01157	0.01205	0.00675	0.00771	0.01157	0.01591	0.02121	0.04579	0.70262	0.05495	0.02603	0.01060	0.00337	0.00482	0.02362	0.00771	0.00675
14	0.01961	0.02241	0.04902	0.03501	0.04342	0.02101	0.62605	0.02661	0.01961	0.02661	0.01681	0.02241	0.01261	0.00700	0.00980	0.00280	0.01401	0.00980	0.00420	0.01120
15	0.01818	0.01818	0.02545	0.02181	0.02181	0.02545	0.01818	0.01999	0.01272	0.01999	0.01091	0.01818	0.01091	0.01454	0.02726	0.00364	0.69284	0.00727	0.00364	0.00909
16	0.01176	0.00849	0.01110	0.01045	0.01241	0.00784	0.00784	0.01568	0.02352	0.03331	0.65184	0.06206	0.07839	0.01698	0.00980	0.00261	0.00392	0.01502	0.00914	0.00784
17	0.00982	0.00842	0.00842	0.00842	0.01122	0.00701	0.00631	0.01192	0.01894	0.02244	0.08416	0.07995	0.65285	0.02104	0.00982	0.00281	0.00421	0.01753	0.00771	0.00701
18	0.02221	0.71304	0.04353	0.01421	0.02132	0.03287	0.01421	0.02488	0.01688	0.01955	0.01155	0.01333	0.01066	0.00711	0.00533	0.00178	0.00888	0.00444	0.00355	0.01066
19	0.01187	0.00890	0.01335	0.01335	0.01483	0.01038	0.01038	0.01483	0.01335	0.01928	0.02225	0.03264	0.02077	0.06231	0.67512	0.01335	0.02225	0.00890	0.00445	0.00742
20	0.00982	0.00842	0.00842	0.00842	0.01122	0.00701	0.00631	0.01192	0.01894	0.02244	0.08416	0.07995	0.65285	0.02104	0.00982	0.00281	0.00421	0.01753	0.00771	0.00701
21	0.01193	0.00799	0.00910	0.00925	0.00929	0.00796	0.00524	0.01204	0.01237	0.01649	0.02766	0.10341	0.03207	0.65644	0.03989	0.00770	0.00781	0.01295	0.00524	0.00516
22	0.02221	0.71304	0.04353	0.01421	0.02132	0.03287	0.01421	0.02488	0.01688	0.01955	0.01155	0.01333	0.01066	0.00711	0.00533	0.00178	0.00888	0.00444	0.00355	0.01066
23	0.01012	0.00723	0.00964	0.01157	0.01205	0.00675	0.00771	0.01157	0.01591	0.02121	0.04579	0.70262	0.05495	0.02603	0.01060	0.00337	0.00482	0.02362	0.00771	0.00675
24	0.01961	0.02241	0.04902	0.03501	0.04342	0.02101	0.62605	0.02661	0.01961	0.02661	0.01681	0.02241	0.01261	0.00700	0.00980	0.00280	0.01401	0.00980	0.00420	0.01120
25	0.01064	0.00913	0.00920	0.00906	0.01201	0.00805	0.00683	0.01436	0.06602	0.02337	0.08035	0.07625	0.60538	0.02030	0.00972	0.00281	0.00439	0.01692	0.00777	0.00748
26	0.03727	0.01414	0.01928	0.01478	0.02121	0.01221	0.01221	0.04049	0.02378	0.66198	0.03277	0.02828	0.02056	0.01028	0.00835	0.00257	0.00707	0.00835	0.01028	0.01414
27	0.01012	0.00723	0.00964	0.01157	0.01205	0.00675	0.00771	0.01157	0.01591	0.02121	0.04579	0.70262	0.05495	0.02603	0.01060	0.00337	0.00482	0.02362	0.00771	0.00675
28	0.01707	0.04009	0.57873	0.02527	0.03700	0.01953	0.11408	0.02635	0.01783	0.02635	0.01517	0.01822	0.01082	0.00777	0.00816	0.00265	0.01252	0.00665	0.00361	0.01213
29	0.06547	0.10710	0.05221	0.01609	0.02246	0.10462	0.01386	0.06056	0.04788	0.38825	0.02520	0.02324	0.01696	0.00946	0.00770	0.00242	0.00863	0.00720	0.00794	0.01274
30	0.05009	0.06663	0.53430	0.02150	0.03237	0.01882	0.02670	0.02679	0.01809	0.07488	0.04301	0.01989	0.01410	0.00842	0.00778	0.00259	0.01114	0.00654	0.00433	0.01202
31	0.02552	0.28116	0.13432	0.01723	0.02476	0.02501	0.01689	0.17316	0.07770	0.11973	0.01901	0.01922	0.01413	0.00873	0.00715	0.00229	0.00904	0.00642	0.00605	0.01245

[dist]
# distance from previous block
# <min> <max>
1	7

[block]
# block no. 3 follows, 22 sequences, length 11
# corresponding to MSA columns:
# 136-146
name=unknown_D
#
# <colnr> <probs for GDERKNQSTAVLIFYWHMCP>
#	G	D	E	R	K	N	Q	S	T	A	V	L	I	F	Y	W	H	M	C	P
0	0.05824	0.36253	0.25029	0.01961	0.06860	0.02538	0.02003	0.02515	0.01712	0.02370	0.01315	0.01548	0.01079	0.00737	0.00643	0.00212	0.00981	0.00525	0.00374	0.05520
1	0.01243	0.00924	0.01259	0.05224	0.01702	0.00908	0.01102	0.01609	0.02030	0.02718	0.26003	0.11657	0.10895	0.02002	0.01050	0.00322	0.00606	0.27182	0.00795	0.00770
2	0.01118	0.00800	0.01010	0.01043	0.01161	0.00748	0.00719	0.01347	0.01870	0.02561	0.30819	0.26667	0.09697	0.14737	0.01604	0.00387	0.00499	0.01738	0.00784	0.00692
3	0.01141	0.00877	0.01267	0.12970	0.02042	0.00906	0.01094	0.01380	0.01634	0.02157	0.04021	0.52444	0.04661	0.02264	0.01029	0.00331	0.00619	0.07736	0.00701	0.00727
4	0.03257	0.02168	0.02395	0.01836	0.02497	0.02340	0.01517	0.52616	0.03640	0.15848	0.02218	0.02140	0.01525	0.01003	0.00832	0.00251	0.00878	0.00763	0.00865	0.01413
5	0.01061	0.00810	0.00987	0.01108	0.01269	0.00737	0.00823	0.01274	0.01763	0.02234	0.05979	0.35784	0.27704	0.02360	0.01047	0.00324	0.00511	0.12753	0.00770	0.00701
6	0.02032	0.02040	0.03753	0.04701	0.50355	0.02005	0.17512	0.02577	0.01909	0.02701	0.01592	0.02102	0.01302	0.00730	0.00862	0.00255	0.01090	0.00800	0.00413	0.01267
7	0.02775	0.02254	0.02118	0.01792	0.02327	0.14096	0.01416	0.17884	0.28902	0.13476	0.02653	0.02502	0.01927	0.01031	0.00823	0.00258	0.00880	0.00804	0.00794	0.01289
8	0.03318	0.01928	0.02320	0.01948	0.06628	0.01979	0.01497	0.34661	0.03143	0.30089	0.02492	0.02341	0.01670	0.00993	0.00832	0.00252	0.00834	0.00783	0.00884	0.01407
9	0.01989	0.43223	0.30397	0.01818	0.02745	0.02718	0.02112	0.02548	0.01716	0.02238	0.01296	0.01509	0.01060	0.00744	0.00640	0.00213	0.01031	0.00515	0.00353	0.01134
10	0.01084	0.00825	0.00997	0.01105	0.01273	0.00755	0.00830	0.01299	0.01760	0.02224	0.05919	0.29247	0.28302	0.05871	0.01213	0.00350	0.00538	0.14955	0.00756	0.00696

[dist]
# distance from previous block
# <min> <max>
0	2

[block]
# block no. 4 follows, 22 sequences, length 11
# corresponding to MSA columns:
# 149-154,156-160
name=unknown_E
#
# <colnr> <probs for GDERKNQSTAVLIFYWHMCP>
#	G	D	E	R	K	N	Q	S	T	A	V	L	I	F	Y	W	H	M	C	P
0	0.02672	0.17606	0.02826	0.02111	0.06484	0.31720	0.01609	0.09886	0.08340	0.02564	0.01549	0.01732	0.01269	0.00898	0.00851	0.00228	0.05466	0.00605	0.00494	0.01090
1	0.01166	0.00788	0.00918	0.00959	0.00970	0.00778	0.00560	0.01197	0.01289	0.01719	0.03034	0.19210	0.03546	0.56314	0.03555	0.00706	0.00737	0.01453	0.00560	0.00540
2	0.02873	0.02087	0.02291	0.01736	0.02416	0.02174	0.01427	0.46070	0.03336	0.08140	0.01953	0.01982	0.01409	0.00915	0.00784	0.00222	0.00836	0.00696	0.00767	0.17887
3	0.01937	0.02451	0.16817	0.08449	0.45147	0.01964	0.06090	0.02546	0.01852	0.02656	0.01549	0.02013	0.01244	0.00754	0.00825	0.00254	0.01069	0.00727	0.00396	0.01261
4	0.01838	0.25096	0.47210	0.02074	0.03141	0.02351	0.02558	0.02586	0.01733	0.02421	0.01387	0.01623	0.01057	0.00765	0.00710	0.00237	0.01122	0.00561	0.00352	0.01178
5	0.07614	0.32977	0.21045	0.01766	0.02596	0.02656	0.01876	0.15350	0.02158	0.02967	0.01427	0.01592	0.01124	0.00798	0.00666	0.00222	0.00971	0.00556	0.00467	0.01173
6	0.44738	0.01992	0.11823	0.15703	0.02824	0.01834	0.01559	0.02495	0.01575	0.06769	0.01398	0.01681	0.01034	0.00801	0.00643	0.00262	0.00837	0.00559	0.00487	0.00986
7	0.31721	0.01569	0.01972	0.26134	0.03331	0.01792	0.03996	0.02669	0.05449	0.11499	0.01716	0.02008	0.01245	0.00846	0.00713	0.00267	0.00854	0.00659	0.00546	0.01012
8	0.01048	0.00749	0.01003	0.01179	0.01247	0.00704	0.00816	0.01227	0.01665	0.02227	0.08478	0.61384	0.05590	0.02520	0.01062	0.00336	0.00498	0.06796	0.00780	0.00689
9	0.01865	0.01112	0.01180	0.01056	0.01347	0.01176	0.00826	0.14846	0.02173	0.03468	0.02523	0.02875	0.01973	0.01352	0.05442	0.00287	0.00631	0.00777	0.54184	0.00908
10	0.01910	0.16601	0.03039	0.02082	0.02272	0.02681	0.04585	0.02134	0.01393	0.02021	0.01132	0.01734	0.01093	0.01261	0.02178	0.00320	0.51568	0.00679	0.00364	0.00952

[dist]
# distance from previous block
# <min> <max>
0	0

# created by:
# /st0/software/busco_prod/Augustus/scripts/msa2prfl.pl ./align_prep/129688.fa
