[name]
unknown

[dist]
# distance from previous block
# <min> <max>
0	2

[block]
# block no. 0 follows, 24 sequences, length 109
# corresponding to MSA columns:
# 2-110
name=unknown_A
#
# <colnr> <probs for GDERKNQSTAVLIFYWHMCP>
#	G	D	E	R	K	N	Q	S	T	A	V	L	I	F	Y	W	H	M	C	P
0	0.49596	0.01314	0.01233	0.01247	0.04145	0.01460	0.00952	0.02022	0.01461	0.03052	0.04370	0.03005	0.04658	0.01237	0.00886	0.07846	0.00633	0.09559	0.00533	0.00793
1	0.03732	0.06123	0.01408	0.01283	0.04183	0.01115	0.00874	0.06688	0.01663	0.02276	0.05087	0.32270	0.05621	0.16322	0.01602	0.02994	0.00621	0.01467	0.00616	0.04055
2	0.01091	0.00772	0.00939	0.00998	0.01153	0.00693	0.00703	0.01283	0.01726	0.04807	0.14377	0.36906	0.24204	0.05192	0.01101	0.00311	0.00452	0.01852	0.00755	0.00688
3	0.01720	0.01407	0.01652	0.01184	0.01885	0.01061	0.00949	0.02071	0.01669	0.05162	0.01477	0.01686	0.01206	0.00603	0.00596	0.00123	0.00591	0.00483	0.00490	0.73986
4	0.01910	0.45465	0.29461	0.01715	0.02589	0.02624	0.01980	0.02429	0.01636	0.02121	0.01229	0.01431	0.01012	0.00708	0.00606	0.00202	0.00976	0.00488	0.00337	0.01079
5	0.01629	0.09089	0.63374	0.02194	0.03330	0.01936	0.02815	0.02501	0.01670	0.02464	0.01400	0.01645	0.01005	0.00748	0.00736	0.00245	0.01148	0.00574	0.00335	0.01161
6	0.21087	0.01417	0.01753	0.03849	0.04606	0.01361	0.01179	0.03379	0.02008	0.47592	0.02522	0.02314	0.01641	0.00906	0.00724	0.00246	0.00684	0.00703	0.00819	0.01213
7	0.02027	0.02007	0.03156	0.04685	0.62999	0.06221	0.02375	0.02481	0.01834	0.02549	0.01474	0.01928	0.01241	0.00714	0.00781	0.00233	0.00974	0.00694	0.00394	0.01234
8	0.18568	0.06141	0.01773	0.01335	0.01811	0.04583	0.01092	0.17467	0.02347	0.14837	0.15684	0.02756	0.02653	0.01028	0.00726	0.00235	0.00675	0.00794	0.04449	0.01046
9	0.00966	0.00690	0.00920	0.01104	0.01150	0.00644	0.00736	0.01104	0.01518	0.02024	0.04371	0.71614	0.05245	0.02484	0.01012	0.00322	0.00460	0.02254	0.00736	0.00644
10	0.01644	0.01409	0.01644	0.01175	0.01879	0.01057	0.00940	0.01997	0.01644	0.02584	0.01409	0.01644	0.01175	0.00587	0.00587	0.00117	0.00587	0.00470	0.00470	0.76979
11	0.01644	0.01409	0.01644	0.01175	0.01879	0.01057	0.00940	0.01997	0.01644	0.02584	0.01409	0.01644	0.01175	0.00587	0.00587	0.00117	0.00587	0.00470	0.00470	0.76979
12	0.01644	0.01409	0.01644	0.01175	0.01879	0.01057	0.00940	0.01997	0.01644	0.02584	0.01409	0.01644	0.01175	0.00587	0.00587	0.00117	0.00587	0.00470	0.00470	0.76979
13	0.64451	0.01732	0.04059	0.01199	0.01737	0.01874	0.01032	0.10810	0.01687	0.03711	0.01226	0.01388	0.00931	0.00766	0.00543	0.00245	0.00672	0.00475	0.00526	0.00938
14	0.00949	0.00781	0.00835	0.00870	0.01091	0.00667	0.00634	0.01144	0.01765	0.02154	0.09311	0.20297	0.52582	0.02090	0.00952	0.00278	0.00412	0.01781	0.00741	0.00667
15	0.01262	0.00840	0.01056	0.01013	0.01207	0.00773	0.00751	0.01546	0.01980	0.06888	0.39210	0.08963	0.14320	0.11308	0.01362	0.00333	0.00477	0.05186	0.00793	0.00734
16	0.02962	0.03779	0.02247	0.02043	0.02451	0.68948	0.01532	0.03166	0.02247	0.01941	0.01226	0.01430	0.01021	0.00817	0.00715	0.00204	0.01430	0.00511	0.00409	0.00919
17	0.01445	0.01307	0.02160	0.56568	0.04690	0.01598	0.02001	0.01936	0.01599	0.02062	0.01834	0.03107	0.01592	0.01304	0.05081	0.00341	0.01079	0.09040	0.00408	0.00850
18	0.02771	0.03378	0.02213	0.01992	0.02372	0.56242	0.01515	0.05727	0.04581	0.02120	0.01350	0.01592	0.01125	0.01064	0.03383	0.00258	0.06380	0.00560	0.00436	0.00939
19	0.02940	0.02184	0.02338	0.01809	0.02431	0.02424	0.01489	0.60203	0.08188	0.04877	0.01999	0.01980	0.01426	0.00961	0.00794	0.00240	0.00855	0.00727	0.00794	0.01342
20	0.01741	0.00938	0.01234	0.01106	0.01387	0.00845	0.00842	0.02052	0.02120	0.19946	0.38935	0.12158	0.07858	0.03968	0.01013	0.00275	0.00477	0.01354	0.00868	0.00883
21	0.04475	0.00735	0.01056	0.01051	0.01081	0.00755	0.00717	0.01114	0.01063	0.01500	0.01420	0.02415	0.01400	0.02902	0.07730	0.68360	0.00789	0.00690	0.00356	0.00391
22	0.01023	0.00720	0.00931	0.01079	0.01124	0.00686	0.00719	0.01148	0.01464	0.01949	0.03986	0.54441	0.04730	0.16381	0.01621	0.00414	0.00539	0.05745	0.00685	0.00617
23	0.50677	0.01584	0.01484	0.01233	0.01771	0.01730	0.01016	0.11077	0.01881	0.18436	0.01675	0.01694	0.01178	0.00821	0.00602	0.00244	0.00662	0.00552	0.00644	0.01037
24	0.31305	0.01069	0.01023	0.01016	0.01248	0.01149	0.00739	0.01651	0.01403	0.02552	0.04645	0.15418	0.05880	0.21903	0.01682	0.00419	0.00622	0.05016	0.00569	0.00691
25	0.01548	0.01092	0.01313	0.01260	0.01536	0.01093	0.01010	0.11579	0.04288	0.05351	0.17342	0.13602	0.13727	0.01756	0.00941	0.00287	0.00580	0.17293	0.03550	0.00853
26	0.72965	0.01522	0.01209	0.01066	0.01565	0.01739	0.00879	0.02430	0.01409	0.07683	0.01234	0.01379	0.00930	0.00752	0.00510	0.00245	0.00617	0.00453	0.00522	0.00890
27	0.06259	0.00743	0.01034	0.01038	0.01073	0.00756	0.00703	0.01121	0.01085	0.01559	0.01553	0.06814	0.01594	0.02608	0.02797	0.67045	0.00669	0.00773	0.00379	0.00397
28	0.01601	0.00829	0.00981	0.00952	0.01139	0.00788	0.00681	0.01850	0.01670	0.12102	0.06981	0.17683	0.03170	0.13660	0.01313	0.00327	0.00503	0.01176	0.31829	0.00765
29	0.02270	0.01727	0.01829	0.01556	0.02018	0.04720	0.01231	0.17792	0.31320	0.09968	0.13717	0.03128	0.02932	0.01120	0.00821	0.00253	0.00681	0.00919	0.00815	0.01185
30	0.03336	0.01428	0.01861	0.01438	0.02028	0.01306	0.01184	0.11541	0.02456	0.55625	0.06933	0.02797	0.02227	0.01017	0.00805	0.00245	0.00682	0.00826	0.00950	0.01312
31	0.01198	0.00867	0.01175	0.01309	0.01484	0.00843	0.01096	0.01529	0.01852	0.02436	0.13483	0.15031	0.09534	0.02127	0.01052	0.00337	0.00627	0.42550	0.00752	0.00719
32	0.01011	0.00735	0.00920	0.01049	0.01132	0.00685	0.00718	0.01155	0.01532	0.01998	0.04652	0.47742	0.14325	0.12387	0.01441	0.00381	0.00515	0.06292	0.00699	0.00631
33	0.01864	0.11421	0.03264	0.02325	0.02646	0.04619	0.18618	0.02184	0.01480	0.02075	0.01208	0.01772	0.01081	0.01079	0.01808	0.00297	0.40237	0.00717	0.00363	0.00944
34	0.02962	0.03779	0.02247	0.02043	0.02451	0.68948	0.01532	0.03166	0.02247	0.01941	0.01226	0.01430	0.01021	0.00817	0.00715	0.00204	0.01430	0.00511	0.00409	0.00919
35	0.06728	0.01669	0.01932	0.01508	0.02107	0.05805	0.01236	0.14470	0.02485	0.49537	0.02699	0.02414	0.01744	0.00955	0.00778	0.00241	0.00756	0.00748	0.00889	0.01300
36	0.01040	0.00779	0.00936	0.01000	0.01146	0.00714	0.00721	0.01239	0.01703	0.02207	0.14593	0.25726	0.24741	0.11507	0.01391	0.00359	0.00500	0.08323	0.00722	0.00655
37	0.02776	0.03324	0.02342	0.07213	0.09324	0.54698	0.01660	0.03035	0.02155	0.04447	0.01337	0.01581	0.01083	0.00810	0.00731	0.00213	0.01325	0.00555	0.00424	0.00967
38	0.01573	0.01537	0.02493	0.30029	0.03590	0.01927	0.08494	0.01941	0.01468	0.02036	0.01595	0.09136	0.01498	0.01180	0.01520	0.00302	0.27530	0.00885	0.00395	0.00871
39	0.01527	0.01440	0.02432	0.66025	0.09429	0.01770	0.02217	0.02052	0.01600	0.02062	0.01415	0.02104	0.01070	0.00787	0.00792	0.00262	0.01050	0.00705	0.00355	0.00905
40	0.01644	0.01409	0.01644	0.01175	0.01879	0.01057	0.00940	0.01997	0.01644	0.02584	0.01409	0.01644	0.01175	0.00587	0.00587	0.00117	0.00587	0.00470	0.00470	0.76979
41	0.02201	0.01392	0.01701	0.01243	0.01921	0.01089	0.01005	0.02540	0.01826	0.21545	0.01910	0.01951	0.01404	0.00702	0.00648	0.00155	0.00613	0.00565	0.00619	0.54968
42	0.00980	0.00724	0.00905	0.01029	0.01125	0.00662	0.00700	0.01141	0.01609	0.02108	0.09426	0.51834	0.17061	0.05370	0.01124	0.00326	0.00456	0.02037	0.00735	0.00649
43	0.01856	0.01758	0.02980	0.13416	0.54665	0.01805	0.02328	0.02328	0.01777	0.02501	0.01656	0.02435	0.01443	0.00814	0.00806	0.00248	0.00944	0.04660	0.00409	0.01172
44	0.03131	0.02035	0.02264	0.01736	0.02366	0.02183	0.01434	0.51565	0.03416	0.18413	0.02166	0.02074	0.01480	0.00958	0.00794	0.00240	0.00830	0.00732	0.00834	0.01349
45	0.77733	0.01534	0.01166	0.01043	0.01534	0.01779	0.00859	0.02331	0.01350	0.03558	0.01104	0.01288	0.00859	0.00736	0.00491	0.00245	0.00613	0.00429	0.00491	0.00859
46	0.01087	0.00783	0.01028	0.01022	0.01177	0.00724	0.00745	0.01407	0.02079	0.02916	0.52526	0.20916	0.06972	0.01818	0.00953	0.00266	0.00394	0.01621	0.00842	0.00724
47	0.01735	0.01735	0.02429	0.02082	0.02082	0.02429	0.01735	0.01908	0.01214	0.01908	0.01041	0.01735	0.01041	0.01388	0.02602	0.00347	0.70680	0.00694	0.00347	0.00867
48	0.01498	0.01409	0.02378	0.70226	0.05462	0.01762	0.02202	0.02026	0.01586	0.02026	0.01409	0.02114	0.01057	0.00793	0.00793	0.00264	0.01057	0.00705	0.00352	0.00881
49	0.01805	0.02020	0.04292	0.03117	0.03819	0.01945	0.56172	0.02407	0.01806	0.02466	0.01746	0.06579	0.01452	0.00832	0.01049	0.00276	0.05765	0.01005	0.00419	0.01029
50	0.02011	0.01044	0.01340	0.01156	0.01473	0.00973	0.00878	0.02419	0.06176	0.24860	0.30152	0.04511	0.04501	0.13292	0.01404	0.00337	0.00559	0.01135	0.00839	0.00940
51	0.00966	0.00690	0.00920	0.01104	0.01150	0.00644	0.00736	0.01104	0.01518	0.02024	0.04371	0.71614	0.05245	0.02484	0.01012	0.00322	0.00460	0.02254	0.00736	0.00644
52	0.05957	0.00818	0.01004	0.01088	0.01200	0.00807	0.00762	0.01407	0.01489	0.04949	0.03533	0.38516	0.03993	0.17040	0.04369	0.00445	0.00634	0.07349	0.03972	0.00669
53	0.02371	0.01311	0.01574	0.01341	0.01798	0.01290	0.01069	0.03262	0.21681	0.29876	0.09454	0.04036	0.13173	0.01267	0.00843	0.00260	0.00592	0.02790	0.00872	0.01141
54	0.02145	0.01789	0.01890	0.01649	0.02128	0.02053	0.01297	0.14229	0.55455	0.03596	0.03008	0.02783	0.02243	0.01055	0.00805	0.00264	0.00668	0.00866	0.00805	0.01271
55	0.01151	0.00840	0.00932	0.00889	0.01160	0.00720	0.00674	0.01400	0.01942	0.06631	0.21708	0.06906	0.48520	0.01850	0.00928	0.00262	0.00413	0.01560	0.00785	0.00732
56	0.69675	0.01470	0.01158	0.01034	0.01507	0.01683	0.00848	0.02349	0.01404	0.05743	0.01281	0.01457	0.00982	0.00758	0.00506	0.00241	0.00598	0.00464	0.05975	0.00867
57	0.01377	0.00689	0.01033	0.01033	0.01033	0.00689	0.00689	0.01033	0.01033	0.01377	0.01377	0.02410	0.01377	0.02755	0.03099	0.76928	0.00689	0.00689	0.00344	0.00344
58	0.01158	0.00771	0.00915	0.00930	0.00966	0.00786	0.00575	0.01234	0.01236	0.01720	0.02611	0.10276	0.02899	0.52472	0.12122	0.00757	0.00894	0.01175	0.05962	0.00543
59	0.01002	0.00771	0.00911	0.00958	0.01117	0.00704	0.00679	0.01195	0.01683	0.02168	0.13615	0.26097	0.30634	0.08304	0.06114	0.00396	0.00570	0.01714	0.00710	0.00659
60	0.77733	0.01534	0.01166	0.01043	0.01534	0.01779	0.00859	0.02331	0.01350	0.03558	0.01104	0.01288	0.00859	0.00736	0.00491	0.00245	0.00613	0.00429	0.00491	0.00859
61	0.01133	0.00850	0.01274	0.01274	0.01416	0.00991	0.00991	0.01416	0.01274	0.01841	0.02124	0.03115	0.01982	0.05947	0.68989	0.01274	0.02124	0.00850	0.00425	0.00708
62	0.01675	0.01654	0.02388	0.02042	0.02087	0.02257	0.03999	0.01879	0.01246	0.01925	0.01179	0.01900	0.01149	0.01855	0.09728	0.00444	0.60658	0.00720	0.00357	0.00858
63	0.01055	0.00804	0.01050	0.01121	0.01218	0.00799	0.00798	0.01256	0.01693	0.02296	0.18979	0.45194	0.11370	0.02159	0.01101	0.00302	0.05483	0.01896	0.00740	0.00687
64	0.01912	0.01622	0.01732	0.01553	0.01979	0.01854	0.01208	0.05796	0.56906	0.03355	0.10105	0.03249	0.02938	0.01131	0.00820	0.00266	0.00608	0.00949	0.00814	0.01203
65	0.01963	0.01884	0.03219	0.04867	0.67185	0.01884	0.02434	0.02434	0.01806	0.02591	0.01492	0.01963	0.01256	0.00707	0.00785	0.00236	0.00942	0.00707	0.00393	0.01256
66	0.01273	0.01078	0.01557	0.10799	0.04242	0.01267	0.01213	0.01551	0.01433	0.01977	0.05350	0.03644	0.11203	0.08519	0.30321	0.00742	0.11644	0.00965	0.00469	0.00753
67	0.01966	0.03321	0.50035	0.02003	0.02996	0.01631	0.02425	0.02725	0.01834	0.16014	0.06001	0.02160	0.01621	0.00857	0.00774	0.00250	0.01018	0.00684	0.00503	0.01181
68	0.02842	0.03489	0.02308	0.02158	0.05253	0.58483	0.01583	0.06065	0.02234	0.02117	0.01259	0.01496	0.01049	0.00856	0.00843	0.00216	0.05833	0.00541	0.00423	0.00952
69	0.01134	0.00846	0.01257	0.01257	0.01392	0.00982	0.00969	0.01405	0.01269	0.01828	0.02140	0.03206	0.02022	0.08836	0.66154	0.01252	0.02065	0.00863	0.00427	0.00698
70	0.01808	0.01523	0.01950	0.02238	0.17482	0.01638	0.01415	0.03085	0.32840	0.05301	0.07778	0.03409	0.09035	0.01431	0.05206	0.00323	0.00760	0.00962	0.00687	0.01128
71	0.06794	0.01104	0.01509	0.01394	0.01586	0.03669	0.05054	0.01588	0.01326	0.01958	0.01936	0.02964	0.01831	0.10999	0.44537	0.05726	0.04061	0.00826	0.00425	0.00711
72	0.03558	0.01350	0.01840	0.01411	0.02024	0.01166	0.01166	0.03865	0.02270	0.67734	0.03128	0.02699	0.01963	0.00981	0.00797	0.00245	0.00675	0.00797	0.00981	0.01350
73	0.01852	0.01764	0.02966	0.20372	0.50054	0.01858	0.02335	0.02401	0.04087	0.02482	0.01535	0.02035	0.01251	0.00741	0.00788	0.00244	0.00958	0.00713	0.00398	0.01166
74	0.01109	0.00878	0.01294	0.18407	0.02232	0.00931	0.01104	0.01360	0.01582	0.02099	0.07640	0.49987	0.04340	0.02005	0.00952	0.00303	0.00604	0.01814	0.00649	0.00710
75	0.02120	0.72609	0.04155	0.01357	0.02035	0.03138	0.01357	0.02374	0.01611	0.01866	0.01102	0.01272	0.01018	0.00678	0.00509	0.00170	0.00848	0.00424	0.00339	0.01018
76	0.01513	0.01444	0.02473	0.60634	0.05080	0.01768	0.05998	0.02021	0.01585	0.02053	0.01508	0.04503	0.01210	0.00870	0.00890	0.00270	0.04155	0.00772	0.00368	0.00884
77	0.02028	0.60698	0.15259	0.01514	0.02278	0.02912	0.01630	0.02398	0.01622	0.01978	0.01158	0.01342	0.01015	0.00691	0.00551	0.00184	0.00904	0.00452	0.00338	0.01044
78	0.01253	0.00905	0.01244	0.01413	0.01602	0.00895	0.01229	0.01607	0.01824	0.02357	0.04474	0.08850	0.09043	0.02177	0.01084	0.00358	0.00707	0.57521	0.00731	0.00726
79	0.02378	0.05572	0.02318	0.04951	0.06596	0.29000	0.04586	0.14098	0.02289	0.02628	0.01930	0.06823	0.01775	0.01293	0.03838	0.00288	0.01148	0.06975	0.00528	0.00985
80	0.10685	0.03413	0.48763	0.02090	0.03095	0.01840	0.05498	0.06587	0.01816	0.06857	0.01532	0.01731	0.01079	0.00774	0.00737	0.00250	0.01065	0.00606	0.00426	0.01153
81	0.01133	0.00850	0.01274	0.01274	0.01416	0.00991	0.00991	0.01416	0.01274	0.01841	0.02124	0.03115	0.01982	0.05947	0.68989	0.01274	0.02124	0.00850	0.00425	0.00708
82	0.01205	0.00855	0.01007	0.00986	0.01242	0.00757	0.00771	0.01485	0.01965	0.06713	0.24060	0.06998	0.37313	0.01855	0.00949	0.00274	0.00455	0.09576	0.00791	0.00744
83	0.01792	0.01696	0.02881	0.35000	0.31267	0.01863	0.06258	0.05298	0.01802	0.02443	0.01481	0.02042	0.01165	0.00756	0.00799	0.00251	0.01017	0.00721	0.00394	0.01074
84	0.01266	0.01031	0.01526	0.06591	0.01854	0.01057	0.06728	0.05447	0.01674	0.02233	0.03618	0.45790	0.06415	0.06362	0.01229	0.00334	0.03693	0.01758	0.00647	0.00747
85	0.01735	0.01735	0.02429	0.02082	0.02082	0.02429	0.01735	0.01908	0.01214	0.01908	0.01041	0.01735	0.01041	0.01388	0.02602	0.00347	0.70680	0.00694	0.00347	0.00867
86	0.01644	0.01409	0.01644	0.01175	0.01879	0.01057	0.00940	0.01997	0.01644	0.02584	0.01409	0.01644	0.01175	0.00587	0.00587	0.00117	0.00587	0.00470	0.00470	0.76979
87	0.01893	0.20233	0.37451	0.01925	0.02818	0.05020	0.04113	0.05527	0.01852	0.04764	0.06023	0.01926	0.01521	0.00814	0.00714	0.00229	0.01022	0.00628	0.00424	0.01105
88	0.01856	0.18676	0.28685	0.13922	0.07852	0.08542	0.02232	0.02428	0.01689	0.02208	0.01318	0.01660	0.01038	0.00774	0.00785	0.00234	0.04119	0.00576	0.00350	0.01056
89	0.01153	0.00769	0.00865	0.00865	0.00865	0.00769	0.00480	0.01153	0.01153	0.01538	0.02499	0.05189	0.02883	0.72131	0.04036	0.00769	0.00769	0.01153	0.00480	0.00480
90	0.02094	0.01747	0.09275	0.01752	0.02396	0.01368	0.12849	0.04538	0.04806	0.18145	0.13788	0.02828	0.02550	0.00933	0.00798	0.00224	0.00780	0.00846	0.00661	0.17622
91	0.04524	0.07624	0.21546	0.02074	0.06719	0.01683	0.10893	0.02525	0.03895	0.08799	0.04055	0.02007	0.01462	0.00759	0.00729	0.00216	0.00910	0.00662	0.00482	0.18437
92	0.01998	0.01937	0.03085	0.04541	0.60363	0.04211	0.02320	0.02584	0.06320	0.02619	0.01605	0.02014	0.01330	0.00736	0.00784	0.00237	0.00937	0.00713	0.00422	0.01244
93	0.01719	0.11304	0.58799	0.02133	0.03232	0.01955	0.02698	0.02546	0.01689	0.04823	0.01451	0.01669	0.01041	0.00754	0.00729	0.00242	0.01119	0.00576	0.00359	0.01162
94	0.01873	0.01797	0.03090	0.11761	0.56100	0.01829	0.04299	0.02344	0.01773	0.02507	0.01591	0.04527	0.01378	0.00780	0.00799	0.00243	0.00949	0.00770	0.00401	0.01187
95	0.01913	0.01820	0.03037	0.07441	0.58467	0.01803	0.02287	0.02376	0.01781	0.02565	0.01480	0.01940	0.01240	0.00699	0.00767	0.00226	0.00915	0.00685	0.00398	0.08159
96	0.02016	0.01725	0.01818	0.01623	0.02079	0.01993	0.01266	0.06767	0.63127	0.03388	0.03172	0.02914	0.02375	0.01071	0.00806	0.00268	0.00638	0.00889	0.00806	0.01259
97	0.01157	0.00780	0.00909	0.00917	0.00934	0.00789	0.00548	0.01191	0.01191	0.01594	0.02551	0.05227	0.02902	0.64894	0.07950	0.00782	0.00851	0.03838	0.00488	0.00506
98	0.03508	0.01429	0.01890	0.01449	0.02064	0.01284	0.01197	0.09410	0.02403	0.62001	0.03017	0.02626	0.01907	0.00979	0.00797	0.00245	0.00693	0.00790	0.00964	0.01349
99	0.01590	0.04102	0.68023	0.02260	0.03432	0.01842	0.02930	0.02511	0.01674	0.02511	0.01423	0.01674	0.01005	0.00753	0.00753	0.00251	0.01172	0.00586	0.00335	0.01172
100	0.00946	0.00804	0.00816	0.00813	0.01077	0.00673	0.00610	0.01156	0.01829	0.02193	0.10915	0.07548	0.63950	0.01989	0.00937	0.00267	0.00400	0.01662	0.00743	0.00673
101	0.01101	0.00794	0.01041	0.01012	0.01180	0.00734	0.00747	0.01443	0.02146	0.03023	0.58285	0.14853	0.07178	0.01738	0.00946	0.00259	0.00386	0.01546	0.00854	0.00734
102	0.01590	0.04102	0.68023	0.02260	0.03432	0.01842	0.02930	0.02511	0.01674	0.02511	0.01423	0.01674	0.01005	0.00753	0.00753	0.00251	0.01172	0.00586	0.00335	0.01172
103	0.01688	0.07916	0.01874	0.01191	0.01894	0.01247	0.00978	0.02031	0.01641	0.02518	0.01381	0.01610	0.01160	0.00596	0.00580	0.00122	0.00611	0.00466	0.00458	0.70037
104	0.01153	0.00769	0.00865	0.00865	0.00865	0.00769	0.00480	0.01153	0.01153	0.01538	0.02499	0.05189	0.02883	0.72131	0.04036	0.00769	0.00769	0.01153	0.00480	0.00480
105	0.01587	0.01514	0.02074	0.01944	0.05885	0.01963	0.01486	0.01864	0.04144	0.02015	0.02260	0.02903	0.10228	0.06671	0.04743	0.00391	0.46169	0.00875	0.00435	0.00848
106	0.01791	0.01405	0.01659	0.01193	0.01890	0.01065	0.00957	0.02140	0.01692	0.07569	0.01541	0.01725	0.01235	0.00617	0.00603	0.00127	0.00594	0.00495	0.00509	0.71192
107	0.01027	0.00807	0.00928	0.00898	0.01126	0.00708	0.00674	0.01313	0.02021	0.02648	0.36674	0.06799	0.37906	0.01820	0.00936	0.00259	0.00388	0.01557	0.00803	0.00708
108	0.01476	0.01370	0.02284	0.65906	0.05175	0.01700	0.02095	0.01972	0.01559	0.01996	0.01477	0.02306	0.01171	0.05235	0.00995	0.00296	0.01039	0.00733	0.00360	0.00856

[dist]
# distance from previous block
# <min> <max>
0	0

# created by:
# /st0/software/busco_prod/Augustus/scripts/msa2prfl.pl ./align_prep/129607.fa
