[name]
unknown

[dist]
# distance from previous block
# <min> <max>
0	30

[block]
# block no. 0 follows, 24 sequences, length 10
# corresponding to MSA columns:
# 30-39
name=unknown_A
#
# <colnr> <probs for GDERKNQSTAVLIFYWHMCP>
#	G	D	E	R	K	N	Q	S	T	A	V	L	I	F	Y	W	H	M	C	P
0	0.01278	0.00913	0.01278	0.01460	0.01643	0.00913	0.01278	0.01643	0.01825	0.02373	0.04199	0.08945	0.04564	0.02191	0.01095	0.00365	0.00730	0.61847	0.00730	0.00730
1	0.02715	0.01809	0.01985	0.01561	0.02076	0.01946	0.01257	0.44041	0.03058	0.11802	0.02182	0.02490	0.01668	0.09558	0.01164	0.00298	0.00791	0.00779	0.07631	0.01189
2	0.05826	0.00994	0.01206	0.01112	0.01375	0.00953	0.00836	0.05978	0.02064	0.11966	0.29593	0.18035	0.09928	0.05236	0.01055	0.00290	0.00502	0.01407	0.00804	0.00838
3	0.01197	0.00853	0.01056	0.01120	0.01224	0.00839	0.00764	0.06888	0.01723	0.02317	0.09504	0.48251	0.04701	0.13892	0.01490	0.00382	0.00541	0.01857	0.00711	0.00690
4	0.56346	0.01444	0.01340	0.06819	0.01891	0.01622	0.00999	0.02427	0.01552	0.11217	0.06548	0.01894	0.01531	0.00840	0.00588	0.00247	0.00639	0.00576	0.00569	0.00912
5	0.48291	0.01747	0.01541	0.01457	0.05429	0.07194	0.01091	0.06697	0.06033	0.08604	0.04202	0.01795	0.01393	0.00834	0.00610	0.00243	0.00711	0.00573	0.00575	0.00980
6	0.01020	0.00712	0.00944	0.01073	0.01135	0.00668	0.00723	0.01160	0.01582	0.02137	0.13287	0.55149	0.05257	0.05723	0.01256	0.04343	0.00474	0.01999	0.00723	0.00636
7	0.01025	0.00717	0.00965	0.01120	0.01186	0.00676	0.00777	0.01175	0.01576	0.02111	0.09227	0.57807	0.05171	0.02406	0.01120	0.04283	0.00486	0.06801	0.00726	0.00644
8	0.01747	0.01721	0.02647	0.44216	0.25606	0.06206	0.02235	0.02235	0.01701	0.02207	0.01424	0.02019	0.01120	0.00766	0.00785	0.00251	0.01044	0.00693	0.00369	0.01007
9	0.08914	0.01519	0.01866	0.07675	0.02320	0.01550	0.01275	0.12524	0.11081	0.34918	0.06096	0.02625	0.02063	0.00988	0.00780	0.00249	0.00711	0.00795	0.00827	0.01222

[dist]
# distance from previous block
# <min> <max>
7	14

[block]
# block no. 1 follows, 24 sequences, length 107
# corresponding to MSA columns:
# 54-160
name=unknown_B
#
# <colnr> <probs for GDERKNQSTAVLIFYWHMCP>
#	G	D	E	R	K	N	Q	S	T	A	V	L	I	F	Y	W	H	M	C	P
0	0.02558	0.01326	0.01660	0.01349	0.01834	0.01260	0.01083	0.07876	0.11032	0.33690	0.19728	0.03468	0.03392	0.01140	0.00824	0.00242	0.00600	0.00955	0.00888	0.05094
1	0.01545	0.01446	0.02375	0.63372	0.07670	0.01780	0.02152	0.02179	0.05606	0.02129	0.01526	0.02161	0.01150	0.00807	0.00793	0.00263	0.01026	0.00717	0.00382	0.00919
2	0.04960	0.05274	0.02366	0.01836	0.02338	0.01950	0.11443	0.15751	0.27253	0.03268	0.02536	0.08523	0.02094	0.01380	0.05079	0.00324	0.00882	0.00940	0.00673	0.01129
3	0.01072	0.00778	0.00863	0.00870	0.00970	0.00728	0.00554	0.01170	0.01460	0.01876	0.08998	0.10161	0.23398	0.40718	0.02652	0.00546	0.00606	0.01405	0.00605	0.00569
4	0.02871	0.02166	0.02385	0.01853	0.02417	0.02456	0.01533	0.57495	0.03446	0.04650	0.01807	0.01885	0.01314	0.01001	0.00997	0.00250	0.08725	0.00712	0.00743	0.01294
5	0.02125	0.01727	0.01841	0.01621	0.02091	0.01974	0.01271	0.08861	0.58089	0.06358	0.03121	0.02865	0.02317	0.01062	0.00805	0.00266	0.00649	0.00878	0.00814	0.01267
6	0.68149	0.01622	0.01321	0.01143	0.01652	0.01866	0.00942	0.10311	0.01655	0.03743	0.01207	0.01367	0.00922	0.00764	0.00530	0.00244	0.00647	0.00466	0.00530	0.00922
7	0.05785	0.01474	0.01634	0.01447	0.01860	0.01611	0.01144	0.08183	0.34687	0.09808	0.16104	0.03706	0.03370	0.01213	0.00831	0.00264	0.00605	0.04338	0.00817	0.01119
8	0.01466	0.00743	0.00758	0.00758	0.00941	0.00748	0.00570	0.01833	0.01649	0.02917	0.02571	0.02962	0.02031	0.01101	0.02964	0.00223	0.00431	0.00743	0.73854	0.00738
9	0.01937	0.01063	0.01249	0.06809	0.01666	0.01093	0.00909	0.09871	0.01990	0.12375	0.02593	0.07012	0.02057	0.01022	0.00667	0.00215	0.00539	0.00836	0.45186	0.00908
10	0.01588	0.01596	0.02988	0.25265	0.03849	0.01655	0.26052	0.02077	0.01662	0.02246	0.01860	0.10250	0.01683	0.03887	0.01059	0.00284	0.03648	0.00974	0.00430	0.06947
11	0.00971	0.00795	0.00856	0.00860	0.01097	0.00681	0.00638	0.01196	0.01858	0.02308	0.17666	0.12475	0.51884	0.01981	0.00943	0.00269	0.00402	0.01680	0.00759	0.00681
12	0.01535	0.01448	0.02446	0.64983	0.10413	0.01772	0.02221	0.02059	0.01603	0.02071	0.01416	0.02102	0.01073	0.00786	0.00792	0.00262	0.01048	0.00705	0.00356	0.00911
13	0.01278	0.00913	0.01278	0.01460	0.01643	0.00913	0.01278	0.01643	0.01825	0.02373	0.04199	0.08945	0.04564	0.02191	0.01095	0.00365	0.00730	0.61847	0.00730	0.00730
14	0.01811	0.01867	0.02411	0.07545	0.02382	0.07527	0.01757	0.02015	0.01324	0.01920	0.01085	0.01742	0.01041	0.01296	0.02311	0.00329	0.59731	0.00681	0.00352	0.00873
15	0.09287	0.01387	0.01769	0.01375	0.01961	0.01261	0.01131	0.06919	0.02254	0.53542	0.06134	0.02673	0.02099	0.00980	0.00773	0.00241	0.00662	0.00785	0.00909	0.03860
16	0.00973	0.00812	0.00853	0.00865	0.01122	0.00693	0.00663	0.01195	0.01829	0.02208	0.10380	0.07660	0.59182	0.02005	0.00950	0.00275	0.00427	0.06490	0.00742	0.00678
17	0.01644	0.01409	0.01644	0.01175	0.01879	0.01057	0.00940	0.01997	0.01644	0.02584	0.01409	0.01644	0.01175	0.00587	0.00587	0.00117	0.00587	0.00470	0.00470	0.76979
18	0.01897	0.02089	0.10622	0.02842	0.15438	0.01711	0.24839	0.02556	0.05348	0.05856	0.01685	0.02017	0.01290	0.00706	0.00795	0.00225	0.01005	0.00740	0.00459	0.17882
19	0.01346	0.01093	0.01333	0.01150	0.01562	0.00885	0.00858	0.01608	0.01578	0.02325	0.02651	0.30387	0.02875	0.01575	0.03444	0.00247	0.00595	0.01216	0.00577	0.42693
20	0.01882	0.01802	0.03073	0.16188	0.56493	0.01863	0.02394	0.02363	0.01768	0.02493	0.01477	0.01989	0.01222	0.00721	0.00786	0.00240	0.00962	0.00706	0.00386	0.01191
21	0.01791	0.02068	0.08471	0.05254	0.14339	0.09684	0.16891	0.02428	0.07045	0.02623	0.14878	0.03079	0.05907	0.00996	0.00850	0.00249	0.00956	0.00937	0.00536	0.01017
22	0.01148	0.00855	0.01073	0.01011	0.01218	0.00802	0.00760	0.01599	0.05377	0.03092	0.58204	0.05932	0.12676	0.01629	0.00929	0.00252	0.00389	0.01429	0.00857	0.00766
23	0.02120	0.72609	0.04155	0.01357	0.02035	0.03138	0.01357	0.02374	0.01611	0.01866	0.01102	0.01272	0.01018	0.00678	0.00509	0.00170	0.00848	0.00424	0.00339	0.01018
24	0.01615	0.01600	0.02368	0.64756	0.05220	0.07151	0.02149	0.02118	0.01639	0.02019	0.01395	0.02059	0.01054	0.00795	0.00787	0.00259	0.01087	0.00689	0.00357	0.00884
25	0.01377	0.00689	0.01033	0.01033	0.01033	0.00689	0.00689	0.01033	0.01033	0.01377	0.01377	0.02410	0.01377	0.02755	0.03099	0.76928	0.00689	0.00689	0.00344	0.00344
26	0.02047	0.04495	0.01913	0.01634	0.02088	0.06660	0.01278	0.04072	0.58953	0.03168	0.03009	0.02790	0.02271	0.01043	0.00789	0.00261	0.00691	0.00852	0.00762	0.01223
27	0.01555	0.03834	0.62635	0.02148	0.03226	0.01756	0.02733	0.02402	0.01632	0.02433	0.01509	0.01956	0.01155	0.06479	0.01017	0.00293	0.01140	0.00631	0.00347	0.01116
28	0.01963	0.01884	0.03219	0.04867	0.67185	0.01884	0.02434	0.02434	0.01806	0.02591	0.01492	0.01963	0.01256	0.00707	0.00785	0.00236	0.00942	0.00707	0.00393	0.01256
29	0.01535	0.01448	0.02446	0.64983	0.10413	0.01772	0.02221	0.02059	0.01603	0.02071	0.01416	0.02102	0.01073	0.00786	0.00792	0.00262	0.01048	0.00705	0.00356	0.00911
30	0.02715	0.02048	0.02198	0.01741	0.02316	0.02277	0.01419	0.49625	0.15631	0.04579	0.05518	0.02316	0.01873	0.01011	0.00803	0.00245	0.00799	0.00786	0.00800	0.01299
31	0.01314	0.00954	0.01305	0.01468	0.01665	0.00968	0.01277	0.01776	0.05135	0.02422	0.04148	0.08635	0.04453	0.02133	0.01080	0.00360	0.00725	0.58692	0.00734	0.00757
32	0.01150	0.00783	0.00935	0.00935	0.00959	0.00807	0.00568	0.01198	0.01174	0.01589	0.02434	0.04834	0.02729	0.60800	0.15156	0.00855	0.01001	0.01101	0.00471	0.00519
33	0.77733	0.01534	0.01166	0.01043	0.01534	0.01779	0.00859	0.02331	0.01350	0.03558	0.01104	0.01288	0.00859	0.00736	0.00491	0.00245	0.00613	0.00429	0.00491	0.00859
34	0.01112	0.00810	0.01046	0.00987	0.01178	0.00744	0.00740	0.01477	0.02220	0.03122	0.63510	0.06018	0.10774	0.01643	0.00935	0.00250	0.00376	0.01447	0.00865	0.00744
35	0.01133	0.00850	0.01274	0.01274	0.01416	0.00991	0.00991	0.01416	0.01274	0.01841	0.02124	0.03115	0.01982	0.05947	0.68989	0.01274	0.02124	0.00850	0.00425	0.00708
36	0.02089	0.66923	0.04017	0.01415	0.02039	0.03081	0.01387	0.02337	0.01579	0.01869	0.01098	0.01309	0.01020	0.00735	0.00677	0.00184	0.06450	0.00446	0.00340	0.01006
37	0.02962	0.03779	0.02247	0.02043	0.02451	0.68948	0.01532	0.03166	0.02247	0.01941	0.01226	0.01430	0.01021	0.00817	0.00715	0.00204	0.01430	0.00511	0.00409	0.00919
38	0.00964	0.00804	0.00841	0.00832	0.01088	0.00681	0.00624	0.01191	0.01872	0.02294	0.16639	0.07381	0.58163	0.01952	0.00937	0.00265	0.00398	0.01638	0.00756	0.00681
39	0.77733	0.01534	0.01166	0.01043	0.01534	0.01779	0.00859	0.02331	0.01350	0.03558	0.01104	0.01288	0.00859	0.00736	0.00491	0.00245	0.00613	0.00429	0.00491	0.00859
40	0.00937	0.00803	0.00803	0.00803	0.01071	0.00669	0.00602	0.01138	0.01807	0.02142	0.08033	0.07632	0.66863	0.02008	0.00937	0.00268	0.00402	0.01674	0.00736	0.00669
41	0.00966	0.00690	0.00920	0.01104	0.01150	0.00644	0.00736	0.01104	0.01518	0.02024	0.04371	0.71614	0.05245	0.02484	0.01012	0.00322	0.00460	0.02254	0.00736	0.00644
42	0.77733	0.01534	0.01166	0.01043	0.01534	0.01779	0.00859	0.02331	0.01350	0.03558	0.01104	0.01288	0.00859	0.00736	0.00491	0.00245	0.00613	0.00429	0.00491	0.00859
43	0.02134	0.67364	0.06404	0.01417	0.02103	0.05720	0.01421	0.02411	0.01639	0.01892	0.01119	0.01293	0.01017	0.00687	0.00526	0.00174	0.00883	0.00433	0.00342	0.01019
44	0.01153	0.00769	0.00865	0.00865	0.00865	0.00769	0.00480	0.01153	0.01153	0.01538	0.02499	0.05189	0.02883	0.72131	0.04036	0.00769	0.00769	0.01153	0.00480	0.00480
45	0.01999	0.01953	0.03183	0.04764	0.64828	0.04326	0.02401	0.02460	0.01822	0.02567	0.01482	0.01943	0.01248	0.00711	0.00783	0.00234	0.00960	0.00699	0.00393	0.01244
46	0.03423	0.01320	0.01797	0.01388	0.01978	0.01142	0.01142	0.03733	0.02268	0.64155	0.06657	0.02878	0.02269	0.01017	0.00805	0.00246	0.00658	0.00833	0.00975	0.01316
47	0.01735	0.01735	0.02429	0.02082	0.02082	0.02429	0.01735	0.01908	0.01214	0.01908	0.01041	0.01735	0.01041	0.01388	0.02602	0.00347	0.70680	0.00694	0.00347	0.00867
48	0.01644	0.01409	0.01644	0.01175	0.01879	0.01057	0.00940	0.01997	0.01644	0.02584	0.01409	0.01644	0.01175	0.00587	0.00587	0.00117	0.00587	0.00470	0.00470	0.76979
49	0.01920	0.01841	0.03142	0.10814	0.61568	0.01873	0.02413	0.02397	0.01786	0.02539	0.01484	0.01976	0.01238	0.00714	0.00786	0.00238	0.00953	0.00706	0.00389	0.01222
50	0.02087	0.68325	0.08149	0.01413	0.02123	0.03057	0.01455	0.02383	0.01615	0.01906	0.01122	0.01297	0.01017	0.00683	0.00524	0.00175	0.00868	0.00434	0.00339	0.01027
51	0.01052	0.00768	0.01002	0.01156	0.01240	0.00743	0.00807	0.01334	0.05133	0.02171	0.06866	0.60262	0.05128	0.02348	0.01004	0.00319	0.00487	0.06746	0.00745	0.00689
52	0.00954	0.00804	0.00826	0.00821	0.01081	0.00676	0.00616	0.01170	0.01847	0.02235	0.13300	0.07478	0.61538	0.01974	0.00937	0.00266	0.00399	0.01652	0.00749	0.00676
53	0.01359	0.01174	0.01439	0.15381	0.02236	0.03663	0.01143	0.01991	0.11290	0.02654	0.26202	0.07214	0.16044	0.01463	0.00888	0.00264	0.00612	0.03443	0.00703	0.00837
54	0.40962	0.01442	0.01500	0.01225	0.01777	0.01475	0.01011	0.03091	0.01806	0.35372	0.02108	0.01988	0.01406	0.00858	0.00643	0.00245	0.00644	0.00612	0.00734	0.01102
55	0.01644	0.01409	0.01644	0.01175	0.01879	0.01057	0.00940	0.01997	0.01644	0.02584	0.01409	0.01644	0.01175	0.00587	0.00587	0.00117	0.00587	0.00470	0.00470	0.76979
56	0.01530	0.00937	0.01099	0.04409	0.01402	0.00943	0.00800	0.06808	0.02046	0.05203	0.24368	0.03984	0.05988	0.01194	0.00735	0.00220	0.00457	0.01004	0.36058	0.00815
57	0.01377	0.00689	0.01033	0.01033	0.01033	0.00689	0.00689	0.01033	0.01033	0.01377	0.01377	0.02410	0.01377	0.02755	0.03099	0.76928	0.00689	0.00689	0.00344	0.00344
58	0.01001	0.00717	0.00952	0.01080	0.01158	0.00668	0.00739	0.01193	0.01682	0.02285	0.18461	0.56779	0.05750	0.02289	0.00995	0.00306	0.00441	0.02069	0.00767	0.00668
59	0.01800	0.01718	0.02925	0.27724	0.45599	0.01841	0.02353	0.02291	0.01729	0.02393	0.01463	0.02016	0.01186	0.00737	0.00788	0.00246	0.00982	0.00706	0.00378	0.01125
60	0.67169	0.01507	0.01262	0.01095	0.01603	0.01692	0.00902	0.02549	0.01481	0.12697	0.01392	0.01489	0.01016	0.00771	0.00534	0.00245	0.00622	0.00482	0.00561	0.00929
61	0.01153	0.00769	0.00865	0.00865	0.00865	0.00769	0.00480	0.01153	0.01153	0.01538	0.02499	0.05189	0.02883	0.72131	0.04036	0.00769	0.00769	0.01153	0.00480	0.00480
62	0.01804	0.01689	0.02808	0.33699	0.36902	0.01856	0.02289	0.05060	0.01795	0.02449	0.01474	0.02027	0.01172	0.00756	0.00789	0.00248	0.00990	0.00706	0.00393	0.01094
63	0.77733	0.01534	0.01166	0.01043	0.01534	0.01779	0.00859	0.02331	0.01350	0.03558	0.01104	0.01288	0.00859	0.00736	0.00491	0.00245	0.00613	0.00429	0.00491	0.00859
64	0.02723	0.03419	0.02116	0.01926	0.02306	0.59958	0.01451	0.02926	0.02167	0.01959	0.01868	0.02033	0.07303	0.00952	0.00806	0.00216	0.03910	0.00628	0.00438	0.00894
65	0.01590	0.04102	0.68023	0.02260	0.03432	0.01842	0.02930	0.02511	0.01674	0.02511	0.01423	0.01674	0.01005	0.00753	0.00753	0.00251	0.01172	0.00586	0.00335	0.01172
66	0.00986	0.00704	0.00939	0.01102	0.01152	0.00672	0.00739	0.01126	0.01484	0.01988	0.04133	0.63892	0.04918	0.06307	0.05419	0.00405	0.00580	0.02109	0.00703	0.00640
67	0.01847	0.02314	0.10328	0.03246	0.04081	0.01991	0.58831	0.02538	0.01854	0.02538	0.01588	0.02098	0.01185	0.00676	0.00920	0.00266	0.01322	0.00905	0.00395	0.01079
68	0.01497	0.01385	0.02318	0.67685	0.05296	0.01724	0.02142	0.02020	0.01588	0.02060	0.01452	0.02145	0.01093	0.00798	0.00784	0.00261	0.01032	0.00706	0.03138	0.00876
69	0.01116	0.00718	0.00926	0.01067	0.01149	0.00673	0.00726	0.01290	0.01561	0.04264	0.04098	0.60454	0.04721	0.02233	0.00946	0.00302	0.00455	0.02010	0.10611	0.00679
70	0.01483	0.01132	0.01215	0.01127	0.01463	0.01123	0.00863	0.06063	0.17185	0.06694	0.05851	0.11791	0.37548	0.01699	0.00895	0.00270	0.00508	0.01426	0.00772	0.00892
71	0.01513	0.01440	0.02473	0.67469	0.05407	0.01772	0.04762	0.02047	0.01597	0.02047	0.01417	0.02115	0.01063	0.00788	0.00799	0.00264	0.01069	0.00714	0.00354	0.00889
72	0.01963	0.01884	0.03219	0.04867	0.67185	0.01884	0.02434	0.02434	0.01806	0.02591	0.01492	0.01963	0.01256	0.00707	0.00785	0.00236	0.00942	0.00707	0.00393	0.01256
73	0.01902	0.01822	0.03109	0.13374	0.59151	0.01868	0.02404	0.02381	0.01777	0.02517	0.01481	0.01982	0.01230	0.00718	0.00786	0.00239	0.00957	0.00706	0.00387	0.01207
74	0.01830	0.01776	0.02834	0.25674	0.42080	0.04690	0.02277	0.02304	0.01754	0.02373	0.01554	0.02248	0.01305	0.00794	0.00796	0.00248	0.00992	0.02974	0.00393	0.01101
75	0.01278	0.00913	0.01278	0.01460	0.01643	0.00913	0.01278	0.01643	0.01825	0.02373	0.04199	0.08945	0.04564	0.02191	0.01095	0.00365	0.00730	0.61847	0.00730	0.00730
76	0.01122	0.00811	0.01060	0.00998	0.01185	0.00748	0.00748	0.01496	0.02245	0.03180	0.66766	0.05923	0.07482	0.01621	0.00935	0.00249	0.00374	0.01434	0.00873	0.00748
77	0.77733	0.01534	0.01166	0.01043	0.01534	0.01779	0.00859	0.02331	0.01350	0.03558	0.01104	0.01288	0.00859	0.00736	0.00491	0.00245	0.00613	0.00429	0.00491	0.00859
78	0.02054	0.63168	0.10161	0.01473	0.02170	0.02985	0.01522	0.02368	0.01601	0.01929	0.01130	0.01329	0.01017	0.00715	0.00618	0.00185	0.03757	0.00451	0.00339	0.01026
79	0.01498	0.01409	0.02378	0.70226	0.05462	0.01762	0.02202	0.02026	0.01586	0.02026	0.01409	0.02114	0.01057	0.00793	0.00793	0.00264	0.01057	0.00705	0.00352	0.00881
80	0.01278	0.00913	0.01278	0.01460	0.01643	0.00913	0.01278	0.01643	0.01825	0.02373	0.04199	0.08945	0.04564	0.02191	0.01095	0.00365	0.00730	0.61847	0.00730	0.00730
81	0.01281	0.00922	0.01259	0.01420	0.01596	0.00930	0.01213	0.01682	0.03960	0.02348	0.04088	0.11385	0.04437	0.05660	0.01229	0.00380	0.00716	0.54041	0.00721	0.00732
82	0.02129	0.01582	0.01741	0.01536	0.01986	0.01760	0.01202	0.03946	0.51663	0.12434	0.08311	0.03160	0.02762	0.01106	0.00816	0.00264	0.00614	0.00926	0.00837	0.01228
83	0.01847	0.09509	0.19235	0.01774	0.02387	0.01571	0.08575	0.02478	0.07617	0.12563	0.02658	0.21334	0.02482	0.01281	0.00831	0.00265	0.00832	0.01132	0.00598	0.01033
84	0.02062	0.65133	0.11125	0.01455	0.02188	0.02996	0.01528	0.02389	0.01618	0.01936	0.01137	0.01316	0.01016	0.00687	0.00536	0.00179	0.00883	0.00442	0.00339	0.01034
85	0.01617	0.01531	0.02593	0.53502	0.21255	0.01793	0.02261	0.02130	0.01642	0.02171	0.01430	0.02075	0.01108	0.00771	0.00791	0.00257	0.01028	0.00705	0.00363	0.00977
86	0.01687	0.01670	0.02335	0.02021	0.02024	0.02317	0.01672	0.01858	0.01233	0.01916	0.01249	0.06104	0.01304	0.01456	0.02503	0.00345	0.66289	0.00792	0.00371	0.00853
87	0.02788	0.08819	0.02344	0.01890	0.02340	0.49450	0.01465	0.12242	0.02420	0.02473	0.05416	0.01770	0.01474	0.00877	0.00724	0.00209	0.01234	0.00592	0.00490	0.00981
88	0.00989	0.00707	0.00947	0.01131	0.01187	0.00664	0.00776	0.01144	0.01541	0.02050	0.04358	0.66955	0.05194	0.02463	0.01018	0.00325	0.00480	0.06684	0.00736	0.00650
89	0.01653	0.10536	0.59224	0.02221	0.03330	0.01972	0.05417	0.02500	0.01677	0.02451	0.01400	0.01656	0.01014	0.00743	0.00738	0.00244	0.01148	0.00586	0.00338	0.01153
90	0.01963	0.01884	0.03219	0.04867	0.67185	0.01884	0.02434	0.02434	0.01806	0.02591	0.01492	0.01963	0.01256	0.00707	0.00785	0.00236	0.00942	0.00707	0.00393	0.01256
91	0.04557	0.01604	0.02321	0.62086	0.05069	0.07152	0.02097	0.02129	0.01630	0.02078	0.01383	0.02027	0.01047	0.00793	0.00775	0.00259	0.01070	0.00679	0.00362	0.00883
92	0.00939	0.00796	0.00811	0.00822	0.01076	0.00668	0.00611	0.01136	0.01789	0.02135	0.07804	0.11632	0.63010	0.02038	0.00942	0.00271	0.00405	0.01710	0.00736	0.00668
93	0.01754	0.01583	0.02512	0.51592	0.14927	0.01865	0.02155	0.09611	0.01878	0.02473	0.01482	0.02065	0.01124	0.00798	0.00792	0.00257	0.01017	0.00706	0.00412	0.00997
94	0.01207	0.00876	0.01082	0.01048	0.01069	0.00966	0.00683	0.01268	0.01178	0.01621	0.02297	0.04530	0.02563	0.54983	0.13892	0.00805	0.07857	0.01061	0.00459	0.00554
95	0.00966	0.00690	0.00920	0.01104	0.01150	0.00644	0.00736	0.01104	0.01518	0.02024	0.04371	0.71614	0.05245	0.02484	0.01012	0.00322	0.00460	0.02254	0.00736	0.00644
96	0.01133	0.00850	0.01274	0.01274	0.01416	0.00991	0.00991	0.01416	0.01274	0.01841	0.02124	0.03115	0.01982	0.05947	0.68989	0.01274	0.02124	0.00850	0.00425	0.00708
97	0.01570	0.01484	0.02510	0.60027	0.15093	0.01781	0.02238	0.02090	0.01620	0.02114	0.01422	0.02091	0.01088	0.00779	0.00792	0.00260	0.01039	0.00705	0.00359	0.00939
98	0.01520	0.01441	0.02383	0.63714	0.05139	0.01826	0.02158	0.02015	0.01550	0.02015	0.01374	0.02078	0.01056	0.00850	0.00966	0.00272	0.07710	0.00704	0.00352	0.00880
99	0.01137	0.00762	0.00870	0.00886	0.00890	0.00758	0.00503	0.01149	0.01185	0.01581	0.02664	0.11057	0.03092	0.65979	0.03769	0.00729	0.00742	0.01250	0.00503	0.00495
100	0.02962	0.03779	0.02247	0.02043	0.02451	0.68948	0.01532	0.03166	0.02247	0.01941	0.01226	0.01430	0.01021	0.00817	0.00715	0.00204	0.01430	0.00511	0.00409	0.00919
101	0.01498	0.01409	0.02378	0.70226	0.05462	0.01762	0.02202	0.02026	0.01586	0.02026	0.01409	0.02114	0.01057	0.00793	0.00793	0.00264	0.01057	0.00705	0.00352	0.00881
102	0.01477	0.01213	0.01565	0.01460	0.01671	0.01453	0.01145	0.04032	0.17778	0.02306	0.02281	0.02953	0.01996	0.06652	0.38816	0.00853	0.10097	0.00851	0.00526	0.00877
103	0.77733	0.01534	0.01166	0.01043	0.01534	0.01779	0.00859	0.02331	0.01350	0.03558	0.01104	0.01288	0.00859	0.00736	0.00491	0.00245	0.00613	0.00429	0.00491	0.00859
104	0.01955	0.01905	0.03336	0.04745	0.62128	0.01894	0.07397	0.02442	0.01811	0.02587	0.01501	0.01977	0.01252	0.00703	0.00797	0.00238	0.00974	0.00725	0.00393	0.01241
105	0.01735	0.01735	0.02429	0.02082	0.02082	0.02429	0.01735	0.01908	0.01214	0.01908	0.01041	0.01735	0.01041	0.01388	0.02602	0.00347	0.70680	0.00694	0.00347	0.00867
106	0.01498	0.01409	0.02378	0.70226	0.05462	0.01762	0.02202	0.02026	0.01586	0.02026	0.01409	0.02114	0.01057	0.00793	0.00793	0.00264	0.01057	0.00705	0.00352	0.00881

[dist]
# distance from previous block
# <min> <max>
0	0

# created by:
# /st0/software/busco_prod/Augustus/scripts/msa2prfl.pl ./align_prep/129827.fa
