[name]
unknown

[dist]
# distance from previous block
# <min> <max>
0	39

[block]
# block no. 0 follows, 26 sequences, length 11
# corresponding to MSA columns:
# 39-49
name=unknown_A
#
# <colnr> <probs for GDERKNQSTAVLIFYWHMCP>
#	G	D	E	R	K	N	Q	S	T	A	V	L	I	F	Y	W	H	M	C	P
0	0.01222	0.00873	0.01222	0.01397	0.01572	0.00873	0.01222	0.01572	0.01746	0.02270	0.04016	0.08556	0.04365	0.02095	0.01048	0.00349	0.00698	0.63506	0.00698	0.00698
1	0.66929	0.01389	0.01139	0.01012	0.01459	0.01572	0.00827	0.02229	0.01423	0.06900	0.07843	0.01746	0.01509	0.00801	0.00527	0.00235	0.00567	0.00525	0.00531	0.00836
2	0.01877	0.01802	0.03079	0.04656	0.68612	0.01802	0.02328	0.02328	0.01727	0.02478	0.01427	0.01877	0.01201	0.00676	0.00751	0.00225	0.00901	0.00676	0.00375	0.01201
3	0.02883	0.02125	0.02276	0.01745	0.02352	0.02352	0.01442	0.66082	0.03566	0.04780	0.01821	0.01821	0.01290	0.00911	0.00759	0.00228	0.00835	0.00683	0.00759	0.01290
4	0.01833	0.01757	0.02999	0.11309	0.62304	0.01791	0.02306	0.02289	0.01706	0.02424	0.01419	0.01892	0.01183	0.00684	0.00752	0.00228	0.00912	0.00676	0.00372	0.01166
5	0.01865	0.02051	0.04325	0.03098	0.03854	0.01948	0.61454	0.06780	0.01912	0.02590	0.01554	0.02031	0.01160	0.00658	0.00886	0.00254	0.01248	0.00881	0.00409	0.01041
6	0.01542	0.01299	0.01514	0.01551	0.07843	0.01380	0.01079	0.05373	0.30284	0.02910	0.17981	0.04263	0.17262	0.01294	0.00822	0.00249	0.00540	0.01103	0.00733	0.00980
7	0.70110	0.01479	0.01289	0.05133	0.05420	0.01706	0.00977	0.02219	0.01328	0.03270	0.01093	0.01312	0.00853	0.00706	0.00501	0.00235	0.00628	0.00440	0.00457	0.00844
8	0.02756	0.03372	0.02235	0.02168	0.07897	0.60392	0.01536	0.06837	0.02201	0.02088	0.01234	0.01438	0.01015	0.00781	0.00694	0.00200	0.01296	0.00516	0.00412	0.00932
9	0.01659	0.01659	0.02323	0.01991	0.01991	0.02323	0.01659	0.01825	0.01162	0.01825	0.00996	0.01659	0.00996	0.01328	0.02489	0.00332	0.71955	0.00664	0.00332	0.00830
10	0.02245	0.02366	0.02736	0.03611	0.43423	0.22146	0.01998	0.07877	0.02006	0.02487	0.01384	0.01722	0.01142	0.00727	0.00732	0.00217	0.01034	0.00621	0.00412	0.01113

[dist]
# distance from previous block
# <min> <max>
4	8

[block]
# block no. 1 follows, 26 sequences, length 47
# corresponding to MSA columns:
# 58-104
name=unknown_B
#
# <colnr> <probs for GDERKNQSTAVLIFYWHMCP>
#	G	D	E	R	K	N	Q	S	T	A	V	L	I	F	Y	W	H	M	C	P
0	0.01877	0.01802	0.03079	0.04656	0.68612	0.01802	0.02328	0.02328	0.01727	0.02478	0.01427	0.01877	0.01201	0.00676	0.00751	0.00225	0.00901	0.00676	0.00375	0.01201
1	0.01792	0.01546	0.01816	0.01925	0.11608	0.01718	0.01300	0.06046	0.45708	0.02973	0.03118	0.09172	0.05658	0.01138	0.00792	0.00256	0.00629	0.00978	0.00704	0.01124
2	0.01289	0.00667	0.00971	0.00971	0.00982	0.00662	0.00645	0.00998	0.01026	0.01357	0.01646	0.02654	0.04282	0.06147	0.02920	0.70709	0.00651	0.00722	0.00352	0.00349
3	0.01877	0.01802	0.03079	0.04656	0.68612	0.01802	0.02328	0.02328	0.01727	0.02478	0.01427	0.01877	0.01201	0.00676	0.00751	0.00225	0.00901	0.00676	0.00375	0.01201
4	0.01840	0.01583	0.01675	0.01520	0.01930	0.01825	0.01177	0.03887	0.64075	0.03113	0.03140	0.06199	0.02445	0.01094	0.00781	0.00260	0.00593	0.00920	0.00769	0.01172
5	0.01877	0.01802	0.03079	0.04656	0.68612	0.01802	0.02328	0.02328	0.01727	0.02478	0.01427	0.01877	0.01201	0.00676	0.00751	0.00225	0.00901	0.00676	0.00375	0.01201
6	0.01509	0.01471	0.02268	0.67735	0.05067	0.05418	0.02072	0.01997	0.01551	0.01934	0.01339	0.01987	0.01009	0.00760	0.00754	0.00250	0.01031	0.00664	0.00340	0.00845
7	0.01398	0.01295	0.02170	0.64501	0.04838	0.01612	0.01991	0.01880	0.01487	0.01920	0.01416	0.02118	0.01100	0.01251	0.07706	0.00349	0.01113	0.00688	0.00344	0.00826
8	0.01971	0.01611	0.01718	0.01533	0.01970	0.01844	0.01196	0.04012	0.63619	0.06845	0.03082	0.02816	0.02291	0.01024	0.00771	0.00256	0.00603	0.00852	0.00781	0.01206
9	0.01877	0.01802	0.03079	0.04656	0.68612	0.01802	0.02328	0.02328	0.01727	0.02478	0.01427	0.01877	0.01201	0.00676	0.00751	0.00225	0.00901	0.00676	0.00375	0.01201
10	0.01991	0.66596	0.03810	0.01367	0.01951	0.02934	0.01334	0.02227	0.01503	0.01789	0.01049	0.01261	0.00976	0.00717	0.00687	0.00179	0.07915	0.00431	0.00325	0.00959
11	0.00940	0.00672	0.00898	0.01074	0.01125	0.00630	0.00732	0.01084	0.01468	0.01954	0.04172	0.69400	0.04982	0.02361	0.00972	0.00310	0.00454	0.05446	0.00704	0.00621
12	0.02028	0.73799	0.03975	0.01298	0.01947	0.03001	0.01298	0.02271	0.01541	0.01785	0.01055	0.01217	0.00973	0.00649	0.00487	0.00162	0.00811	0.00406	0.00324	0.00973
13	0.01755	0.02292	0.12996	0.03061	0.03875	0.01898	0.57583	0.02426	0.01765	0.02426	0.01512	0.01988	0.01126	0.00650	0.00872	0.00254	0.01258	0.00851	0.00375	0.01036
14	0.00896	0.00768	0.00768	0.00768	0.01025	0.00640	0.00576	0.01089	0.01729	0.02049	0.07684	0.07300	0.68304	0.01921	0.00896	0.00256	0.00384	0.01601	0.00704	0.00640
15	0.01659	0.01659	0.02323	0.01991	0.01991	0.02323	0.01659	0.01825	0.01162	0.01825	0.00996	0.01659	0.00996	0.01328	0.02489	0.00332	0.71955	0.00664	0.00332	0.00830
16	0.02729	0.09545	0.05692	0.01568	0.02173	0.01962	0.01364	0.32411	0.07133	0.21701	0.04570	0.02163	0.01685	0.00912	0.00735	0.00226	0.00762	0.00706	0.00743	0.01221
17	0.02028	0.73799	0.03975	0.01298	0.01947	0.03001	0.01298	0.02271	0.01541	0.01785	0.01055	0.01217	0.00973	0.00649	0.00487	0.00162	0.00811	0.00406	0.00324	0.00973
18	0.01176	0.00847	0.01165	0.01330	0.01497	0.00836	0.01138	0.01497	0.01718	0.02227	0.04236	0.14484	0.07985	0.02112	0.01032	0.00340	0.00657	0.54337	0.00699	0.00688
19	0.01638	0.01552	0.02551	0.13704	0.47363	0.01579	0.01984	0.02051	0.01697	0.02323	0.02528	0.02862	0.13103	0.00909	0.00778	0.00235	0.00825	0.00840	0.00428	0.01049
20	0.01684	0.01360	0.01590	0.01158	0.01814	0.01063	0.00926	0.02116	0.05125	0.05945	0.01526	0.01692	0.01226	0.00606	0.00583	0.00126	0.00568	0.00487	0.00492	0.69911
21	0.05935	0.13530	0.37460	0.01802	0.02662	0.01942	0.02048	0.08987	0.06584	0.09689	0.01643	0.01740	0.01183	0.00773	0.00685	0.00228	0.00931	0.00585	0.00470	0.01124
22	0.02347	0.02181	0.01894	0.01649	0.02084	0.24634	0.03709	0.03319	0.26807	0.12753	0.04717	0.02634	0.05939	0.00988	0.00757	0.00232	0.00870	0.00782	0.00652	0.01050
23	0.03403	0.01291	0.01760	0.01350	0.01936	0.01115	0.01115	0.03697	0.02171	0.69137	0.02992	0.02582	0.01878	0.00939	0.00763	0.00235	0.00645	0.00763	0.00939	0.01291
24	0.03136	0.05060	0.01866	0.01352	0.01917	0.01285	0.01124	0.08465	0.02249	0.56128	0.07128	0.02655	0.02134	0.00962	0.00757	0.00231	0.00650	0.00778	0.00886	0.01236
25	0.01839	0.01763	0.03010	0.10375	0.63190	0.01792	0.02309	0.02295	0.01709	0.02432	0.01420	0.01890	0.01185	0.00683	0.00752	0.00228	0.00911	0.00676	0.00372	0.01171
26	0.00924	0.00660	0.00880	0.01056	0.01100	0.00616	0.00704	0.01056	0.01452	0.01936	0.04181	0.72848	0.05017	0.02376	0.00968	0.00308	0.00440	0.02156	0.00704	0.00616
27	0.00924	0.00660	0.00880	0.01056	0.01100	0.00616	0.00704	0.01056	0.01452	0.01936	0.04181	0.72848	0.05017	0.02376	0.00968	0.00308	0.00440	0.02156	0.00704	0.00616
28	0.01955	0.02057	0.02632	0.07740	0.32538	0.14313	0.01957	0.02278	0.01620	0.02135	0.01246	0.01730	0.01087	0.00896	0.01260	0.00254	0.22293	0.00638	0.00363	0.01008
29	0.01790	0.02046	0.04476	0.03197	0.03964	0.01918	0.65857	0.02430	0.01790	0.02430	0.01535	0.02046	0.01151	0.00639	0.00895	0.00256	0.01279	0.00895	0.00384	0.01023
30	0.01642	0.20504	0.53886	0.01957	0.02966	0.02056	0.02445	0.02371	0.01587	0.02256	0.01288	0.01510	0.00964	0.00704	0.00665	0.00222	0.01047	0.00524	0.00321	0.01086
31	0.01091	0.00798	0.01035	0.00969	0.01165	0.00725	0.00724	0.01435	0.02079	0.02951	0.61244	0.09197	0.06731	0.01546	0.00882	0.00236	0.00373	0.01368	0.00808	0.04643
32	0.02028	0.73799	0.03975	0.01298	0.01947	0.03001	0.01298	0.02271	0.01541	0.01785	0.01055	0.01217	0.00973	0.00649	0.00487	0.00162	0.00811	0.00406	0.00324	0.00973
33	0.01080	0.00797	0.01152	0.01154	0.01273	0.00900	0.00871	0.01320	0.01263	0.01802	0.05692	0.05642	0.02380	0.13178	0.56657	0.01081	0.01740	0.00920	0.00445	0.00652
34	0.02028	0.73799	0.03975	0.01298	0.01947	0.03001	0.01298	0.02271	0.01541	0.01785	0.01055	0.01217	0.00973	0.00649	0.00487	0.00162	0.00811	0.00406	0.00324	0.00973
35	0.01081	0.00780	0.01024	0.00976	0.01154	0.00723	0.00740	0.01438	0.02128	0.03005	0.65122	0.05805	0.07023	0.01577	0.00902	0.00244	0.00374	0.04362	0.00828	0.00715
36	0.02061	0.01626	0.01747	0.01538	0.01988	0.01846	0.01206	0.07112	0.58693	0.08685	0.03016	0.02759	0.02228	0.01016	0.00770	0.00254	0.00616	0.00841	0.00785	0.01212
37	0.78701	0.01467	0.01115	0.00997	0.01467	0.01702	0.00821	0.02230	0.01291	0.03403	0.01056	0.01232	0.00821	0.00704	0.00469	0.00235	0.00587	0.00411	0.00469	0.00821
38	0.01679	0.01189	0.00997	0.00941	0.01164	0.10466	0.00707	0.05416	0.01757	0.02746	0.02255	0.02654	0.01806	0.03698	0.00694	0.00204	0.00535	0.00691	0.59648	0.00753
39	0.09013	0.01304	0.01712	0.01323	0.01901	0.01159	0.01093	0.03587	0.02105	0.64240	0.02848	0.02481	0.01799	0.00921	0.00741	0.00235	0.00641	0.00737	0.00904	0.01256
40	0.01790	0.02046	0.04476	0.03197	0.03964	0.01918	0.65857	0.02430	0.01790	0.02430	0.01535	0.02046	0.01151	0.00639	0.00895	0.00256	0.01279	0.00895	0.00384	0.01023
41	0.01631	0.01612	0.02247	0.01932	0.01932	0.02242	0.01598	0.01789	0.01159	0.01807	0.01067	0.01828	0.01085	0.04993	0.02559	0.00352	0.68330	0.00686	0.00338	0.00811
42	0.01084	0.00813	0.01219	0.01219	0.01354	0.00948	0.00948	0.01354	0.01219	0.01761	0.02032	0.02980	0.01896	0.05689	0.70337	0.01219	0.02032	0.00813	0.00406	0.00677
43	0.01414	0.00707	0.00707	0.00707	0.00884	0.00707	0.00530	0.01767	0.01591	0.02828	0.02474	0.02828	0.01944	0.00884	0.00530	0.00177	0.00353	0.00707	0.77554	0.00707
44	0.00924	0.00660	0.00880	0.01056	0.01100	0.00616	0.00704	0.01056	0.01452	0.01936	0.04181	0.72848	0.05017	0.02376	0.00968	0.00308	0.00440	0.02156	0.00704	0.00616
45	0.01659	0.01659	0.02323	0.01991	0.01991	0.02323	0.01659	0.01825	0.01162	0.01825	0.00996	0.01659	0.00996	0.01328	0.02489	0.00332	0.71955	0.00664	0.00332	0.00830
46	0.01414	0.00707	0.00707	0.00707	0.00884	0.00707	0.00530	0.01767	0.01591	0.02828	0.02474	0.02828	0.01944	0.00884	0.00530	0.00177	0.00353	0.00707	0.77554	0.00707

[dist]
# distance from previous block
# <min> <max>
0	4

[block]
# block no. 2 follows, 26 sequences, length 63
# corresponding to MSA columns:
# 109-171
name=unknown_C
#
# <colnr> <probs for GDERKNQSTAVLIFYWHMCP>
#	G	D	E	R	K	N	Q	S	T	A	V	L	I	F	Y	W	H	M	C	P
0	0.03316	0.01293	0.01783	0.04449	0.02081	0.01140	0.01159	0.03619	0.02142	0.66169	0.02920	0.02557	0.01839	0.00931	0.00763	0.00235	0.00662	0.00759	0.00912	0.01271
1	0.01432	0.01348	0.02275	0.71520	0.05224	0.01685	0.02107	0.01938	0.01517	0.01938	0.01348	0.02022	0.01011	0.00758	0.00758	0.00253	0.01011	0.00674	0.00337	0.00843
2	0.01084	0.00813	0.01219	0.01219	0.01354	0.00948	0.00948	0.01354	0.01219	0.01761	0.02032	0.02980	0.01896	0.05689	0.70337	0.01219	0.02032	0.00813	0.00406	0.00677
3	0.01103	0.00735	0.00827	0.00827	0.00827	0.00735	0.00460	0.01103	0.01103	0.01471	0.02390	0.04964	0.02758	0.73343	0.03861	0.00735	0.00735	0.01103	0.00460	0.00460
4	0.01064	0.00775	0.01000	0.00944	0.01127	0.00712	0.00708	0.01412	0.02124	0.02987	0.64846	0.05757	0.10556	0.01571	0.00895	0.00240	0.00359	0.01384	0.00828	0.00712
5	0.02059	0.71081	0.03904	0.01323	0.01962	0.05608	0.01304	0.02301	0.01565	0.01787	0.01059	0.01223	0.00974	0.00654	0.00494	0.00164	0.00833	0.00409	0.00327	0.00970
6	0.01200	0.00800	0.01095	0.01230	0.01370	0.00769	0.00974	0.01455	0.01662	0.05572	0.07017	0.35326	0.04644	0.02130	0.00992	0.00321	0.00571	0.31458	0.00719	0.00695
7	0.01692	0.01613	0.02744	0.32492	0.42222	0.01753	0.02236	0.02166	0.01640	0.02253	0.01394	0.01938	0.01122	0.00710	0.00754	0.00237	0.00947	0.00675	0.00359	0.01052
8	0.02799	0.01756	0.01987	0.01578	0.02136	0.01870	0.01286	0.32477	0.18493	0.23635	0.02476	0.02292	0.01713	0.00948	0.00763	0.00237	0.00722	0.00749	0.00816	0.01269
9	0.01002	0.00715	0.00969	0.01145	0.01223	0.00683	0.00839	0.01190	0.01529	0.02023	0.04138	0.56137	0.04847	0.02303	0.00989	0.00319	0.00507	0.18103	0.00703	0.00637
10	0.01877	0.01802	0.03079	0.04656	0.68612	0.01802	0.02328	0.02328	0.01727	0.02478	0.01427	0.01877	0.01201	0.00676	0.00751	0.00225	0.00901	0.00676	0.00375	0.01201
11	0.01588	0.13134	0.60788	0.02048	0.03107	0.01925	0.02604	0.02385	0.01593	0.02321	0.01321	0.01551	0.00962	0.00711	0.00690	0.00230	0.01080	0.00540	0.00321	0.01102
12	0.01659	0.01659	0.02323	0.01991	0.01991	0.02323	0.01659	0.01825	0.01162	0.01825	0.00996	0.01659	0.00996	0.01328	0.02489	0.00332	0.71955	0.00664	0.00332	0.00830
13	0.01102	0.00740	0.00849	0.00849	0.00857	0.00747	0.00487	0.01117	0.01109	0.01487	0.02370	0.04853	0.02710	0.69582	0.07556	0.00762	0.00807	0.01087	0.00457	0.00472
14	0.01840	0.01764	0.03012	0.10238	0.63319	0.01792	0.02309	0.02295	0.01710	0.02433	0.01420	0.01889	0.01186	0.00683	0.00752	0.00228	0.00910	0.00676	0.00372	0.01172
15	0.02159	0.01765	0.01868	0.01599	0.02076	0.02014	0.01266	0.20972	0.49857	0.03612	0.02742	0.02555	0.02035	0.00997	0.00768	0.00249	0.00664	0.00810	0.00768	0.01225
16	0.01877	0.01802	0.03079	0.04656	0.68612	0.01802	0.02328	0.02328	0.01727	0.02478	0.01427	0.01877	0.01201	0.00676	0.00751	0.00225	0.00901	0.00676	0.00375	0.01201
17	0.07410	0.00903	0.01166	0.01059	0.01302	0.00847	0.02966	0.01521	0.01941	0.02877	0.47987	0.12828	0.05740	0.01476	0.00844	0.00238	0.00433	0.01302	0.00746	0.06413
18	0.01659	0.01659	0.02323	0.01991	0.01991	0.02323	0.01659	0.01825	0.01162	0.01825	0.00996	0.01659	0.00996	0.01328	0.02489	0.00332	0.71955	0.00664	0.00332	0.00830
19	0.01877	0.01802	0.03079	0.04656	0.68612	0.01802	0.02328	0.02328	0.01727	0.02478	0.01427	0.01877	0.01201	0.00676	0.00751	0.00225	0.00901	0.00676	0.00375	0.01201
20	0.01800	0.01723	0.02939	0.16266	0.57605	0.01782	0.02289	0.02260	0.01691	0.02384	0.01413	0.01902	0.01168	0.00690	0.00752	0.00230	0.00920	0.00676	0.00369	0.01139
21	0.01432	0.01348	0.02275	0.71520	0.05224	0.01685	0.02107	0.01938	0.01517	0.01938	0.01348	0.02022	0.01011	0.00758	0.00758	0.00253	0.01011	0.00674	0.00337	0.00843
22	0.00921	0.00671	0.00869	0.01028	0.01093	0.00618	0.00692	0.01059	0.01479	0.01947	0.04522	0.66462	0.11183	0.02332	0.00961	0.00303	0.00435	0.02102	0.00704	0.00618
23	0.01877	0.01802	0.03079	0.04656	0.68612	0.01802	0.02328	0.02328	0.01727	0.02478	0.01427	0.01877	0.01201	0.00676	0.00751	0.00225	0.00901	0.00676	0.00375	0.01201
24	0.01702	0.02175	0.12979	0.06281	0.10894	0.01807	0.43903	0.02322	0.01727	0.02383	0.01625	0.05573	0.01321	0.00749	0.00853	0.00253	0.01160	0.00879	0.00388	0.01027
25	0.00924	0.00660	0.00880	0.01056	0.01100	0.00616	0.00704	0.01056	0.01452	0.01936	0.04181	0.72848	0.05017	0.02376	0.00968	0.00308	0.00440	0.02156	0.00704	0.00616
26	0.01579	0.01471	0.02439	0.55164	0.18062	0.01735	0.02126	0.04497	0.01639	0.02158	0.01382	0.01985	0.01061	0.00747	0.00757	0.00246	0.00982	0.00675	0.00361	0.00933
27	0.01540	0.09744	0.60057	0.02022	0.03051	0.01811	0.02559	0.02338	0.01626	0.02384	0.04994	0.01791	0.01301	0.00760	0.00710	0.00233	0.01053	0.00592	0.00349	0.01086
28	0.01521	0.03923	0.69413	0.02162	0.03283	0.01762	0.02802	0.02402	0.01601	0.02402	0.01361	0.01601	0.00961	0.00721	0.00721	0.00240	0.01121	0.00560	0.00320	0.01121
29	0.01573	0.01348	0.01573	0.01123	0.01798	0.01011	0.00899	0.01910	0.01573	0.02472	0.01348	0.01573	0.01123	0.00562	0.00562	0.00112	0.00562	0.00449	0.00449	0.77980
30	0.01084	0.00813	0.01219	0.01219	0.01354	0.00948	0.00948	0.01354	0.01219	0.01761	0.02032	0.02980	0.01896	0.05689	0.70337	0.01219	0.02032	0.00813	0.00406	0.00677
31	0.01973	0.01672	0.01763	0.01561	0.02005	0.01927	0.01221	0.09378	0.61753	0.03311	0.02978	0.02743	0.02227	0.01019	0.00771	0.00255	0.00620	0.00843	0.00771	0.01208
32	0.01790	0.02046	0.04476	0.03197	0.03964	0.01918	0.65857	0.02430	0.01790	0.02430	0.01535	0.02046	0.01151	0.00639	0.00895	0.00256	0.01279	0.00895	0.00384	0.01023
33	0.03265	0.01484	0.06726	0.01409	0.02035	0.01162	0.01239	0.03602	0.02129	0.64238	0.02873	0.02510	0.01810	0.00923	0.00760	0.00235	0.00680	0.00748	0.00893	0.01278
34	0.01521	0.03923	0.69413	0.02162	0.03283	0.01762	0.02802	0.02402	0.01601	0.02402	0.01361	0.01601	0.00961	0.00721	0.00721	0.00240	0.01121	0.00560	0.00320	0.01121
35	0.03403	0.01291	0.01760	0.01350	0.01936	0.01115	0.01115	0.03697	0.02171	0.69137	0.02992	0.02582	0.01878	0.00939	0.00763	0.00235	0.00645	0.00763	0.00939	0.01291
36	0.01613	0.16537	0.57601	0.02006	0.03042	0.01985	0.02531	0.02378	0.01591	0.02291	0.01306	0.01532	0.00963	0.00708	0.00678	0.00226	0.01065	0.00533	0.00321	0.01094
37	0.01449	0.01365	0.02305	0.69035	0.07580	0.01690	0.02115	0.01952	0.01525	0.01958	0.01351	0.02017	0.01018	0.00755	0.00758	0.00252	0.01007	0.00674	0.00338	0.00856
38	0.03403	0.01291	0.01760	0.01350	0.01936	0.01115	0.01115	0.03697	0.02171	0.69137	0.02992	0.02582	0.01878	0.00939	0.00763	0.00235	0.00645	0.00763	0.00939	0.01291
39	0.03403	0.01291	0.01760	0.01350	0.01936	0.01115	0.01115	0.03697	0.02171	0.69137	0.02992	0.02582	0.01878	0.00939	0.00763	0.00235	0.00645	0.00763	0.00939	0.01291
40	0.78701	0.01467	0.01115	0.00997	0.01467	0.01702	0.00821	0.02230	0.01291	0.03403	0.01056	0.01232	0.00821	0.00704	0.00469	0.00235	0.00587	0.00411	0.00469	0.00821
41	0.01222	0.00873	0.01222	0.01397	0.01572	0.00873	0.01222	0.01572	0.01746	0.02270	0.04016	0.08556	0.04365	0.02095	0.01048	0.00349	0.00698	0.63506	0.00698	0.00698
42	0.78701	0.01467	0.01115	0.00997	0.01467	0.01702	0.00821	0.02230	0.01291	0.03403	0.01056	0.01232	0.00821	0.00704	0.00469	0.00235	0.00587	0.00411	0.00469	0.00821
43	0.02883	0.02125	0.02276	0.01745	0.02352	0.02352	0.01442	0.66082	0.03566	0.04780	0.01821	0.01821	0.01290	0.00911	0.00759	0.00228	0.00835	0.00683	0.00759	0.01290
44	0.01084	0.00813	0.01219	0.01219	0.01354	0.00948	0.00948	0.01354	0.01219	0.01761	0.02032	0.02980	0.01896	0.05689	0.70337	0.01219	0.02032	0.00813	0.00406	0.00677
45	0.00914	0.00769	0.00793	0.00787	0.01035	0.00648	0.00590	0.01122	0.01770	0.02147	0.13670	0.07138	0.62256	0.01884	0.00896	0.00254	0.00382	0.01578	0.00717	0.00648
46	0.01768	0.01342	0.01593	0.01148	0.01812	0.01022	0.00922	0.02100	0.01637	0.09582	0.01524	0.01680	0.01204	0.00602	0.00583	0.00125	0.00571	0.00483	0.00502	0.69801
47	0.01654	0.01387	0.01679	0.01247	0.01828	0.01189	0.01008	0.01967	0.01541	0.04921	0.01364	0.01623	0.01135	0.00677	0.00824	0.00146	0.10005	0.00490	0.00452	0.64862
48	0.01873	0.01816	0.03155	0.04576	0.65073	0.01809	0.05805	0.02333	0.01731	0.02475	0.01433	0.01887	0.01199	0.00674	0.00759	0.00227	0.00922	0.00688	0.00376	0.01192
49	0.02010	0.01467	0.01802	0.01853	0.11740	0.01528	0.01268	0.08361	0.26907	0.13087	0.05814	0.03402	0.10712	0.01109	0.00790	0.00244	0.00637	0.03005	0.00718	0.03546
50	0.01055	0.00774	0.00991	0.00955	0.01137	0.00710	0.00720	0.01387	0.02062	0.02866	0.56937	0.08299	0.13589	0.01641	0.00903	0.00247	0.00377	0.03835	0.00811	0.00703
51	0.01595	0.06199	0.60981	0.02115	0.03131	0.04384	0.02638	0.02389	0.01596	0.02329	0.01324	0.01583	0.00964	0.00754	0.00808	0.00241	0.04996	0.00558	0.00324	0.01091
52	0.01074	0.00775	0.01014	0.00954	0.01133	0.00716	0.00716	0.01431	0.02147	0.03042	0.68211	0.05666	0.07157	0.01551	0.00895	0.00239	0.00358	0.01372	0.00835	0.00716
53	0.01808	0.01803	0.03167	0.07194	0.40817	0.01894	0.15026	0.02324	0.04089	0.02378	0.01447	0.01924	0.01195	0.00775	0.01019	0.00249	0.10684	0.00725	0.00384	0.01097
54	0.01887	0.01629	0.01715	0.01544	0.01972	0.01887	0.01201	0.04031	0.67241	0.03173	0.03087	0.02830	0.02315	0.01029	0.00772	0.00257	0.00600	0.00858	0.00772	0.01201
55	0.01796	0.02023	0.04322	0.03105	0.03853	0.01916	0.62262	0.02519	0.05429	0.02471	0.01621	0.02090	0.01216	0.00661	0.00888	0.00256	0.01241	0.00893	0.00405	0.01033
56	0.01736	0.01810	0.10443	0.01600	0.02321	0.01341	0.10233	0.04649	0.05959	0.05124	0.01569	0.01771	0.01219	0.00650	0.00657	0.00167	0.00747	0.00572	0.00475	0.46956
57	0.01039	0.00767	0.00970	0.00935	0.01116	0.00698	0.00695	0.01358	0.02041	0.02827	0.55374	0.10442	0.15603	0.01659	0.00900	0.00246	0.00367	0.01457	0.00808	0.00698
58	0.01521	0.03923	0.69413	0.02162	0.03283	0.01762	0.02802	0.02402	0.01601	0.02402	0.01361	0.01601	0.00961	0.00721	0.00721	0.00240	0.01121	0.00560	0.00320	0.01121
59	0.01546	0.07385	0.66171	0.02119	0.03217	0.01823	0.02728	0.02396	0.01598	0.02372	0.01346	0.01582	0.00961	0.00717	0.00709	0.00236	0.01106	0.00553	0.00320	0.01114
60	0.02028	0.57982	0.10622	0.01592	0.05213	0.07788	0.01515	0.02343	0.01601	0.01886	0.01113	0.01299	0.00983	0.00667	0.00538	0.00176	0.00889	0.00440	0.00331	0.00992
61	0.01222	0.00873	0.01222	0.01397	0.01572	0.00873	0.01222	0.01572	0.01746	0.02270	0.04016	0.08556	0.04365	0.02095	0.01048	0.00349	0.00698	0.63506	0.00698	0.00698
62	0.02086	0.50658	0.08306	0.01457	0.02102	0.04760	0.03391	0.05933	0.04968	0.05100	0.01379	0.01511	0.01140	0.00713	0.00566	0.00184	0.00832	0.00500	0.03399	0.01015

[dist]
# distance from previous block
# <min> <max>
0	1

# created by:
# /st0/software/busco_prod/Augustus/scripts/msa2prfl.pl ./align_prep/129826.fa
