[name]
unknown

[dist]
# distance from previous block
# <min> <max>
0	95

[block]
# block no. 0 follows, 24 sequences, length 8
# corresponding to MSA columns:
# 136-143
name=unknown_A
#
# <colnr> <probs for GDERKNQSTAVLIFYWHMCP>
#	G	D	E	R	K	N	Q	S	T	A	V	L	I	F	Y	W	H	M	C	P
0	0.01278	0.00913	0.01278	0.01460	0.01643	0.00913	0.01278	0.01643	0.01825	0.02373	0.04199	0.08945	0.04564	0.02191	0.01095	0.00365	0.00730	0.61847	0.00730	0.00730
1	0.01909	0.01886	0.01765	0.01349	0.01994	0.14697	0.01059	0.02232	0.01765	0.02455	0.01373	0.01601	0.01144	0.00633	0.00613	0.00135	0.00757	0.00478	0.00458	0.61698
2	0.01889	0.16004	0.03303	0.18228	0.37355	0.02116	0.05484	0.02339	0.01722	0.02320	0.01402	0.01866	0.01162	0.00718	0.00739	0.00230	0.00969	0.00662	0.00374	0.01117
3	0.01800	0.01660	0.02746	0.04063	0.53861	0.01660	0.02041	0.02176	0.01675	0.02379	0.01694	0.02611	0.01583	0.15056	0.01438	0.00343	0.00907	0.00796	0.00410	0.01100
4	0.01977	0.19146	0.14341	0.02285	0.02996	0.08693	0.23423	0.05021	0.01890	0.02439	0.06090	0.02034	0.01559	0.00810	0.00847	0.00236	0.04017	0.00732	0.00424	0.01040
5	0.01691	0.01538	0.02529	0.06989	0.43966	0.01540	0.01934	0.02134	0.01908	0.02702	0.18272	0.03331	0.03000	0.01019	0.00839	0.00247	0.00792	0.03960	0.00530	0.01081
6	0.04672	0.01857	0.10375	0.20943	0.06660	0.01743	0.01766	0.05996	0.19635	0.09812	0.04618	0.02672	0.01897	0.00964	0.00796	0.00261	0.00844	0.02778	0.00605	0.01105
7	0.06098	0.01663	0.02031	0.01946	0.10251	0.06063	0.04047	0.16137	0.02442	0.16348	0.18383	0.03319	0.03081	0.01114	0.00827	0.00247	0.00755	0.03414	0.00740	0.01095

[dist]
# distance from previous block
# <min> <max>
9	15

[block]
# block no. 1 follows, 24 sequences, length 96
# corresponding to MSA columns:
# 159-254
name=unknown_B
#
# <colnr> <probs for GDERKNQSTAVLIFYWHMCP>
#	G	D	E	R	K	N	Q	S	T	A	V	L	I	F	Y	W	H	M	C	P
0	0.08380	0.03724	0.01780	0.01309	0.01914	0.01366	0.01068	0.08663	0.04890	0.22322	0.06725	0.02309	0.01905	0.00850	0.00694	0.00195	0.00638	0.00674	0.00695	0.29897
1	0.02276	0.01615	0.01838	0.04267	0.02118	0.01676	0.01213	0.25967	0.10973	0.09275	0.06953	0.06453	0.02221	0.01041	0.00768	0.00226	0.00688	0.00848	0.06362	0.13221
2	0.66041	0.01415	0.01103	0.00999	0.01446	0.01617	0.00814	0.02227	0.01404	0.03432	0.01558	0.01738	0.03738	0.00810	0.00516	0.00240	0.00577	0.00516	0.08972	0.00838
3	0.01644	0.01409	0.01644	0.01175	0.01879	0.01057	0.00940	0.01997	0.01644	0.02584	0.01409	0.01644	0.01175	0.00587	0.00587	0.00117	0.00587	0.00470	0.00470	0.76979
4	0.01114	0.00810	0.01049	0.00989	0.01180	0.00745	0.00742	0.01481	0.02225	0.03134	0.64164	0.05999	0.10113	0.01638	0.00935	0.00250	0.00375	0.01445	0.00867	0.00745
5	0.07699	0.01647	0.01790	0.01520	0.01985	0.01808	0.01219	0.23910	0.21613	0.08063	0.06527	0.05495	0.05323	0.01369	0.03550	0.00300	0.00747	0.03520	0.00771	0.01143
6	0.01610	0.01598	0.05105	0.40215	0.11702	0.01723	0.06482	0.02314	0.09538	0.02282	0.01806	0.05698	0.01481	0.00972	0.00907	0.03381	0.00970	0.00818	0.00435	0.00963
7	0.01988	0.52197	0.03400	0.01397	0.01926	0.08012	0.01285	0.02225	0.01660	0.01947	0.04196	0.10239	0.01808	0.00982	0.00694	0.00202	0.03769	0.00711	0.00416	0.00946
8	0.01906	0.01826	0.03116	0.12870	0.59627	0.01869	0.02405	0.02384	0.01779	0.02522	0.01482	0.01981	0.01232	0.00717	0.00786	0.00239	0.00956	0.00706	0.00388	0.01210
9	0.02688	0.16916	0.02638	0.01701	0.02293	0.10617	0.01429	0.38775	0.05774	0.03779	0.01976	0.02007	0.04095	0.00930	0.00732	0.00222	0.00905	0.00678	0.00650	0.01194
10	0.77733	0.01534	0.01166	0.01043	0.01534	0.01779	0.00859	0.02331	0.01350	0.03558	0.01104	0.01288	0.00859	0.00736	0.00491	0.00245	0.00613	0.00429	0.00491	0.00859
11	0.11957	0.01466	0.04329	0.01431	0.01909	0.01379	0.03721	0.07928	0.09398	0.24471	0.07668	0.12742	0.02658	0.01203	0.00795	0.00258	0.00658	0.01011	0.03936	0.01083
12	0.01071	0.00794	0.00999	0.00978	0.01161	0.00722	0.00722	0.01387	0.02080	0.02860	0.49022	0.14332	0.17351	0.01794	0.00945	0.00262	0.00389	0.01576	0.00833	0.00722
13	0.02356	0.01634	0.01791	0.01526	0.02006	0.01796	0.01211	0.14137	0.38284	0.14059	0.02921	0.02737	0.02124	0.01024	0.00777	0.00251	0.00650	0.00833	0.08648	0.01233
14	0.00951	0.00804	0.00823	0.00818	0.01080	0.00675	0.00613	0.01165	0.01840	0.02220	0.12457	0.07503	0.62390	0.01979	0.00937	0.00266	0.00400	0.01656	0.00747	0.00675
15	0.02623	0.01527	0.01827	0.03806	0.02126	0.01586	0.01234	0.10869	0.25237	0.28938	0.06219	0.05711	0.02439	0.01100	0.00816	0.00257	0.00670	0.00913	0.00860	0.01240
16	0.01058	0.00808	0.00971	0.00931	0.01145	0.00721	0.00698	0.01373	0.02094	0.02822	0.46492	0.06513	0.27980	0.01755	0.00936	0.00256	0.00384	0.01517	0.00826	0.00721
17	0.01723	0.01719	0.02426	0.05515	0.02252	0.02395	0.01758	0.01914	0.01233	0.01914	0.01060	0.01754	0.01042	0.01358	0.02511	0.00343	0.67173	0.00695	0.00347	0.00868
18	0.03459	0.01328	0.01809	0.01394	0.01990	0.01149	0.01149	0.03768	0.02269	0.65115	0.05710	0.02830	0.02187	0.01007	0.00803	0.00246	0.00663	0.00823	0.00977	0.01325
19	0.01963	0.01884	0.03219	0.04867	0.67185	0.01884	0.02434	0.02434	0.01806	0.02591	0.01492	0.01963	0.01256	0.00707	0.00785	0.00236	0.00942	0.00707	0.00393	0.01256
20	0.01644	0.01409	0.01644	0.01175	0.01879	0.01057	0.00940	0.01997	0.01644	0.02584	0.01409	0.01644	0.01175	0.00587	0.00587	0.00117	0.00587	0.00470	0.00470	0.76979
21	0.77733	0.01534	0.01166	0.01043	0.01534	0.01779	0.00859	0.02331	0.01350	0.03558	0.01104	0.01288	0.00859	0.00736	0.00491	0.00245	0.00613	0.00429	0.00491	0.00859
22	0.03169	0.01973	0.02226	0.01707	0.02335	0.02091	0.01410	0.47256	0.03313	0.22869	0.02253	0.02130	0.01524	0.00960	0.00794	0.00240	0.00816	0.00738	0.00847	0.01349
23	0.01963	0.01884	0.03219	0.04867	0.67185	0.01884	0.02434	0.02434	0.01806	0.02591	0.01492	0.01963	0.01256	0.00707	0.00785	0.00236	0.00942	0.00707	0.00393	0.01256
24	0.01753	0.01880	0.03551	0.02701	0.03144	0.02066	0.35952	0.02195	0.01597	0.02263	0.01594	0.07094	0.01439	0.01074	0.01572	0.00302	0.27515	0.00941	0.00405	0.00962
25	0.02990	0.02960	0.02317	0.01928	0.02456	0.33971	0.01519	0.35452	0.03026	0.03549	0.01582	0.01679	0.01194	0.00888	0.00756	0.00222	0.01137	0.00618	0.00611	0.01145
26	0.17762	0.01609	0.01849	0.01446	0.02041	0.01617	0.01194	0.19178	0.02467	0.39184	0.02422	0.02222	0.01591	0.00926	0.00737	0.00243	0.00714	0.00705	0.00838	0.01254
27	0.00991	0.00805	0.00878	0.00860	0.01104	0.00692	0.00645	0.01243	0.01935	0.02445	0.25168	0.07133	0.49539	0.01895	0.00937	0.00262	0.00394	0.01604	0.00776	0.00692
28	0.01932	0.01668	0.01754	0.01582	0.02023	0.01921	0.01229	0.04093	0.63238	0.03271	0.03416	0.03142	0.04955	0.01113	0.00812	0.00269	0.00619	0.00927	0.00804	0.01232
29	0.07400	0.46194	0.19947	0.01566	0.02352	0.02601	0.01708	0.02492	0.01647	0.05934	0.01300	0.01457	0.01057	0.00719	0.00586	0.00200	0.00903	0.00487	0.00386	0.01064
30	0.01101	0.00810	0.01030	0.00975	0.01171	0.00739	0.00731	0.01454	0.02193	0.03058	0.59848	0.06125	0.14477	0.01667	0.00936	0.00252	0.00377	0.01462	0.00857	0.00739
31	0.03330	0.02509	0.02595	0.02074	0.02699	0.05219	0.01645	0.57887	0.03767	0.05052	0.02266	0.02461	0.01729	0.01219	0.00965	0.00315	0.01021	0.00834	0.00898	0.01514
32	0.02460	0.01879	0.11127	0.01578	0.02153	0.01603	0.01411	0.13531	0.17511	0.22727	0.02733	0.02741	0.04192	0.03973	0.01093	0.05799	0.00762	0.00816	0.00742	0.01170
33	0.01631	0.06256	0.52070	0.06137	0.03438	0.01843	0.07451	0.02443	0.01680	0.02466	0.01423	0.01718	0.01036	0.00734	0.00748	0.00240	0.01123	0.00605	0.00351	0.06605
34	0.03078	0.01400	0.01778	0.01422	0.01961	0.01325	0.01143	0.05659	0.13828	0.49208	0.03062	0.02901	0.02093	0.06126	0.01032	0.00287	0.00679	0.00839	0.00908	0.01270
35	0.01148	0.00805	0.01037	0.00979	0.01166	0.00748	0.00734	0.01522	0.02203	0.03164	0.62141	0.05710	0.07089	0.01571	0.00908	0.00245	0.00374	0.01384	0.06326	0.00748
36	0.59404	0.08328	0.01504	0.01119	0.01605	0.01826	0.00932	0.04394	0.01504	0.05942	0.01449	0.06433	0.01251	0.00874	0.00553	0.00243	0.00636	0.00585	0.00524	0.00895
37	0.01104	0.00802	0.01040	0.00998	0.01178	0.00738	0.00742	0.01454	0.02175	0.03056	0.59960	0.10725	0.09656	0.01699	0.00941	0.00255	0.00381	0.01503	0.00858	0.00738
38	0.03165	0.01723	0.06677	0.01533	0.02168	0.01502	0.01340	0.18314	0.02544	0.44149	0.02678	0.02448	0.01749	0.00955	0.00779	0.00241	0.00741	0.00759	0.05231	0.01301
39	0.00939	0.00795	0.00812	0.00825	0.01077	0.00668	0.00612	0.01136	0.01787	0.02134	0.07769	0.12243	0.62422	0.02043	0.00943	0.00272	0.00406	0.01715	0.00736	0.00668
40	0.06589	0.01449	0.01869	0.01439	0.02050	0.01328	0.01189	0.10207	0.02385	0.58437	0.02915	0.02556	0.01852	0.00968	0.00784	0.00245	0.00693	0.00773	0.00941	0.01329
41	0.03558	0.01350	0.01840	0.01411	0.02024	0.01166	0.01166	0.03865	0.02270	0.67734	0.03128	0.02699	0.01963	0.00981	0.00797	0.00245	0.00675	0.00797	0.00981	0.01350
42	0.01754	0.01406	0.01656	0.01188	0.01888	0.01063	0.00953	0.02104	0.01680	0.06328	0.01508	0.01705	0.01220	0.00610	0.00599	0.00125	0.00592	0.00489	0.00499	0.72633
43	0.01644	0.01409	0.01644	0.01175	0.01879	0.01057	0.00940	0.01997	0.01644	0.02584	0.01409	0.01644	0.01175	0.00587	0.00587	0.00117	0.00587	0.00470	0.00470	0.76979
44	0.02168	0.01722	0.01852	0.01601	0.02072	0.01944	0.01262	0.15305	0.47096	0.06119	0.07555	0.02965	0.02567	0.01088	0.00813	0.00261	0.00657	0.00897	0.00816	0.01240
45	0.02098	0.69781	0.06791	0.01394	0.02093	0.03084	0.01422	0.02380	0.01614	0.01892	0.01116	0.01289	0.01017	0.00682	0.00519	0.00173	0.00861	0.00431	0.00339	0.01024
46	0.77733	0.01534	0.01166	0.01043	0.01534	0.01779	0.00859	0.02331	0.01350	0.03558	0.01104	0.01288	0.00859	0.00736	0.00491	0.00245	0.00613	0.00429	0.00491	0.00859
47	0.01590	0.04102	0.68023	0.02260	0.03432	0.01842	0.02930	0.02511	0.01674	0.02511	0.01423	0.01674	0.01005	0.00753	0.00753	0.00251	0.01172	0.00586	0.00335	0.01172
48	0.03558	0.01350	0.01840	0.01411	0.02024	0.01166	0.01166	0.03865	0.02270	0.67734	0.03128	0.02699	0.01963	0.00981	0.00797	0.00245	0.00675	0.00797	0.00981	0.01350
49	0.02962	0.03779	0.02247	0.02043	0.02451	0.68948	0.01532	0.03166	0.02247	0.01941	0.01226	0.01430	0.01021	0.00817	0.00715	0.00204	0.01430	0.00511	0.00409	0.00919
50	0.02892	0.01420	0.01769	0.01444	0.01975	0.01385	0.01163	0.03802	0.21892	0.43168	0.07746	0.03012	0.02502	0.01057	0.00810	0.00253	0.00639	0.00874	0.00920	0.01277
51	0.01590	0.04102	0.68023	0.02260	0.03432	0.01842	0.02930	0.02511	0.01674	0.02511	0.01423	0.01674	0.01005	0.00753	0.00753	0.00251	0.01172	0.00586	0.00335	0.01172
52	0.00966	0.00690	0.00920	0.01104	0.01150	0.00644	0.00736	0.01104	0.01518	0.02024	0.04371	0.71614	0.05245	0.02484	0.01012	0.00322	0.00460	0.02254	0.00736	0.00644
53	0.01018	0.00792	0.00925	0.00923	0.01129	0.00699	0.00680	0.01283	0.01952	0.02558	0.31983	0.15202	0.34196	0.01909	0.00946	0.00267	0.00398	0.01649	0.00793	0.00699
54	0.01498	0.01409	0.02378	0.70226	0.05462	0.01762	0.02202	0.02026	0.01586	0.02026	0.01409	0.02114	0.01057	0.00793	0.00793	0.00264	0.01057	0.00705	0.00352	0.00881
55	0.01138	0.00831	0.01180	0.01180	0.01288	0.00940	0.00873	0.01355	0.01246	0.01771	0.02211	0.03595	0.02191	0.21264	0.53957	0.01157	0.01810	0.00920	0.00438	0.00655
56	0.00974	0.00693	0.00918	0.01095	0.01139	0.00649	0.00726	0.01106	0.01504	0.02005	0.04296	0.68961	0.05150	0.05265	0.01133	0.00340	0.00472	0.02210	0.00726	0.00638
57	0.03239	0.01695	0.02024	0.01559	0.02163	0.01699	0.01285	0.29652	0.02866	0.38254	0.02583	0.02371	0.01704	0.00966	0.00785	0.00240	0.00746	0.00759	0.04084	0.01323
58	0.01859	0.02812	0.29345	0.03553	0.33651	0.01905	0.07135	0.05601	0.01854	0.02676	0.01493	0.01857	0.01156	0.00735	0.00784	0.00244	0.01060	0.00675	0.00390	0.01213
59	0.01122	0.00811	0.01060	0.00998	0.01185	0.00748	0.00748	0.01496	0.02245	0.03180	0.66766	0.05923	0.07482	0.01621	0.00935	0.00249	0.00374	0.01434	0.00873	0.00748
60	0.00966	0.00690	0.00920	0.01104	0.01150	0.00644	0.00736	0.01104	0.01518	0.02024	0.04371	0.71614	0.05245	0.02484	0.01012	0.00322	0.00460	0.02254	0.00736	0.00644
61	0.04986	0.21569	0.37481	0.01968	0.02862	0.05153	0.04881	0.02530	0.01684	0.05084	0.01381	0.01608	0.01053	0.00768	0.00764	0.00232	0.03957	0.00562	0.00376	0.01098
62	0.00981	0.00702	0.00933	0.01094	0.01153	0.00654	0.00737	0.01141	0.01587	0.02134	0.10278	0.65395	0.05457	0.02403	0.01005	0.00315	0.00452	0.02177	0.00749	0.00654
63	0.01915	0.01835	0.03132	0.11612	0.60815	0.01872	0.02410	0.02392	0.01783	0.02532	0.01483	0.01978	0.01236	0.00715	0.00786	0.00238	0.00954	0.00706	0.00388	0.01217
64	0.01880	0.01800	0.03070	0.16414	0.56280	0.01863	0.02393	0.02362	0.01767	0.02491	0.01477	0.01989	0.01221	0.00722	0.00786	0.00241	0.00962	0.00706	0.00385	0.01190
65	0.03014	0.02221	0.02380	0.01825	0.02459	0.02459	0.01507	0.64541	0.03728	0.04998	0.01904	0.01904	0.01349	0.00952	0.00793	0.00238	0.00873	0.00714	0.00793	0.01349
66	0.01748	0.10006	0.27370	0.02321	0.02984	0.02201	0.14465	0.02304	0.01555	0.02252	0.01300	0.01744	0.01057	0.00938	0.01373	0.00277	0.24043	0.00674	0.00352	0.01036
67	0.01033	0.00798	0.00942	0.00925	0.01135	0.00707	0.00687	0.01316	0.02005	0.02657	0.37394	0.11851	0.31991	0.01851	0.00942	0.00263	0.00392	0.01599	0.00805	0.00707
68	0.02304	0.01707	0.01888	0.01543	0.02011	0.01842	0.01247	0.40025	0.05757	0.04167	0.16829	0.06541	0.05681	0.01268	0.00853	0.00252	0.00708	0.03446	0.00804	0.01127
69	0.00966	0.00690	0.00920	0.01104	0.01150	0.00644	0.00736	0.01104	0.01518	0.02024	0.04371	0.71614	0.05245	0.02484	0.01012	0.00322	0.00460	0.02254	0.00736	0.00644
70	0.02135	0.66968	0.06680	0.01413	0.02109	0.03057	0.01427	0.04902	0.01700	0.02019	0.01148	0.01314	0.01031	0.00693	0.00530	0.00176	0.00862	0.00442	0.00357	0.01037
71	0.01943	0.01864	0.03183	0.07669	0.64539	0.01879	0.02424	0.02416	0.01796	0.02566	0.01488	0.01969	0.01248	0.00710	0.00785	0.00237	0.00947	0.00706	0.00391	0.01240
72	0.77733	0.01534	0.01166	0.01043	0.01534	0.01779	0.00859	0.02331	0.01350	0.03558	0.01104	0.01288	0.00859	0.00736	0.00491	0.00245	0.00613	0.00429	0.00491	0.00859
73	0.02790	0.02005	0.02140	0.01666	0.02235	0.02208	0.01368	0.55384	0.03427	0.04699	0.02004	0.02058	0.01448	0.00948	0.00758	0.00230	0.00799	0.00718	0.11855	0.01260
74	0.01614	0.01528	0.02589	0.53879	0.20899	0.01792	0.02260	0.02128	0.01641	0.02167	0.01430	0.02076	0.01107	0.00771	0.00791	0.00257	0.01028	0.00705	0.00362	0.00975
75	0.03014	0.02221	0.02380	0.01825	0.02459	0.02459	0.01507	0.64541	0.03728	0.04998	0.01904	0.01904	0.01349	0.00952	0.00793	0.00238	0.00873	0.00714	0.00793	0.01349
76	0.01498	0.01409	0.02378	0.70226	0.05462	0.01762	0.02202	0.02026	0.01586	0.02026	0.01409	0.02114	0.01057	0.00793	0.00793	0.00264	0.01057	0.00705	0.00352	0.00881
77	0.01891	0.42967	0.31790	0.01748	0.02640	0.02577	0.02037	0.02434	0.01638	0.02145	0.01241	0.01446	0.01012	0.00711	0.00615	0.00205	0.00988	0.00494	0.00337	0.01084
78	0.01963	0.01884	0.03219	0.04867	0.67185	0.01884	0.02434	0.02434	0.01806	0.02591	0.01492	0.01963	0.01256	0.00707	0.00785	0.00236	0.00942	0.00707	0.00393	0.01256
79	0.01056	0.00867	0.01177	0.01121	0.01342	0.00776	0.05267	0.01312	0.01827	0.02375	0.20021	0.25959	0.30025	0.01965	0.00959	0.00280	0.00480	0.01739	0.00744	0.00709
80	0.00986	0.00799	0.00875	0.00869	0.01104	0.00688	0.00647	0.01229	0.01906	0.02404	0.23005	0.10414	0.48435	0.01932	0.00940	0.00266	0.00397	0.01641	0.00772	0.00688
81	0.01827	0.01775	0.02778	0.29943	0.37082	0.04812	0.02245	0.02398	0.04961	0.02379	0.01535	0.02048	0.01227	0.00764	0.00786	0.00247	0.00992	0.00707	0.00399	0.01096
82	0.01095	0.00810	0.01022	0.00969	0.01168	0.00737	0.00727	0.01444	0.02181	0.03028	0.58188	0.06173	0.16155	0.01678	0.00936	0.00252	0.00378	0.01469	0.00853	0.00737
83	0.05343	0.33521	0.05545	0.01524	0.02149	0.02556	0.01391	0.19502	0.12466	0.03055	0.01965	0.01998	0.04099	0.00878	0.00661	0.00215	0.00804	0.00638	0.00560	0.01131
84	0.23054	0.01857	0.01944	0.01530	0.02122	0.02010	0.01263	0.35374	0.02792	0.17616	0.01944	0.01904	0.01345	0.00900	0.00713	0.00241	0.00762	0.00655	0.00752	0.01218
85	0.02952	0.05115	0.02348	0.01729	0.02345	0.02323	0.01436	0.54862	0.03446	0.09330	0.01987	0.01978	0.01407	0.00941	0.00771	0.00233	0.00836	0.00709	0.03941	0.01309
86	0.00992	0.00732	0.00933	0.01066	0.01168	0.00672	0.00746	0.01174	0.01645	0.02161	0.10192	0.51867	0.15647	0.02316	0.00998	0.00309	0.00459	0.05514	0.00747	0.00662
87	0.05213	0.07179	0.02424	0.01751	0.02370	0.02449	0.01457	0.53553	0.08238	0.04601	0.01923	0.01920	0.01391	0.00935	0.00765	0.00236	0.00844	0.00698	0.00752	0.01302
88	0.01706	0.01675	0.04887	0.01879	0.07635	0.01313	0.11683	0.02143	0.01696	0.02574	0.01449	0.01754	0.01179	0.00617	0.00668	0.00157	0.00764	0.00571	0.00447	0.55202
89	0.01583	0.03892	0.62841	0.02252	0.03370	0.01804	0.05257	0.02472	0.01705	0.02539	0.04055	0.01863	0.01273	0.00785	0.00768	0.00252	0.01146	0.00634	0.00359	0.01151
90	0.01687	0.13610	0.54183	0.02215	0.03290	0.02037	0.07394	0.02494	0.01680	0.02422	0.01392	0.01653	0.01022	0.00736	0.00733	0.00241	0.01139	0.00590	0.00341	0.01142
91	0.01107	0.00810	0.01039	0.00981	0.01175	0.00742	0.00736	0.01466	0.02208	0.03093	0.61851	0.06066	0.12452	0.01654	0.00935	0.00251	0.00376	0.01454	0.00861	0.00742
92	0.00966	0.00690	0.00920	0.01104	0.01150	0.00644	0.00736	0.01104	0.01518	0.02024	0.04371	0.71614	0.05245	0.02484	0.01012	0.00322	0.00460	0.02254	0.00736	0.00644
93	0.01671	0.04949	0.22210	0.28917	0.13569	0.01885	0.08109	0.02381	0.04344	0.02348	0.01508	0.01968	0.01140	0.00765	0.00783	0.00253	0.01074	0.00689	0.00376	0.01060
94	0.01619	0.01534	0.02598	0.53123	0.21613	0.01794	0.02263	0.02133	0.01643	0.02174	0.01431	0.02075	0.01109	0.00770	0.00791	0.00257	0.01027	0.00705	0.00363	0.00979
95	0.00966	0.00690	0.00920	0.01104	0.01150	0.00644	0.00736	0.01104	0.01518	0.02024	0.04371	0.71614	0.05245	0.02484	0.01012	0.00322	0.00460	0.02254	0.00736	0.00644

[dist]
# distance from previous block
# <min> <max>
0	8

# created by:
# /st0/software/busco_prod/Augustus/scripts/msa2prfl.pl ./align_prep/130413.fa
