[name]
unknown

[dist]
# distance from previous block
# <min> <max>
0	0

[block]
# block no. 0 follows, 26 sequences, length 62
# corresponding to MSA columns:
# 0-61
name=unknown_A
#
# <colnr> <probs for GDERKNQSTAVLIFYWHMCP>
#	G	D	E	R	K	N	Q	S	T	A	V	L	I	F	Y	W	H	M	C	P
0	0.01222	0.00873	0.01222	0.01397	0.01572	0.00873	0.01222	0.01572	0.01746	0.02270	0.04016	0.08556	0.04365	0.02095	0.01048	0.00349	0.00698	0.63506	0.00698	0.00698
1	0.03403	0.01291	0.01760	0.01350	0.01936	0.01115	0.01115	0.03697	0.02171	0.69137	0.02992	0.02582	0.01878	0.00939	0.00763	0.00235	0.00645	0.00763	0.00939	0.01291
2	0.03091	0.01342	0.01776	0.01392	0.01920	0.01257	0.01144	0.06772	0.05106	0.55694	0.06305	0.02668	0.02101	0.00995	0.00862	0.00241	0.04430	0.00790	0.00884	0.01232
3	0.01676	0.01597	0.02715	0.34904	0.39936	0.01749	0.02228	0.02151	0.01632	0.02234	0.01391	0.01943	0.01115	0.00713	0.00754	0.00238	0.00951	0.00675	0.00358	0.01039
4	0.00938	0.00766	0.00835	0.00867	0.01088	0.00663	0.00656	0.01147	0.01722	0.02109	0.10152	0.14456	0.52397	0.01967	0.00918	0.00269	0.00417	0.07274	0.00711	0.00647
5	0.01023	0.00681	0.00879	0.00985	0.01011	0.00654	0.00631	0.01060	0.01298	0.01730	0.03328	0.45327	0.03930	0.21840	0.02013	0.10256	0.00549	0.01678	0.00590	0.00537
6	0.01573	0.01348	0.01573	0.01123	0.01798	0.01011	0.00899	0.01910	0.01573	0.02472	0.01348	0.01573	0.01123	0.00562	0.00562	0.00112	0.00562	0.00449	0.00449	0.77980
7	0.01046	0.00749	0.00971	0.00963	0.01099	0.00698	0.00691	0.01327	0.01916	0.02682	0.49592	0.18985	0.06339	0.08112	0.01174	0.00297	0.00408	0.01504	0.00775	0.00673
8	0.01010	0.00755	0.00941	0.00952	0.01121	0.00686	0.00704	0.01285	0.01896	0.02561	0.38803	0.19481	0.20593	0.01823	0.00916	0.00261	0.00395	0.04364	0.00773	0.00678
9	0.01877	0.01802	0.03079	0.04656	0.68612	0.01802	0.02328	0.02328	0.01727	0.02478	0.01427	0.01877	0.01201	0.00676	0.00751	0.00225	0.00901	0.00676	0.00375	0.01201
10	0.00941	0.00667	0.00875	0.01035	0.01075	0.00627	0.00681	0.01061	0.01420	0.01893	0.04014	0.66516	0.04806	0.08996	0.01238	0.00348	0.00468	0.02058	0.00681	0.00601
11	0.02950	0.01191	0.01615	0.01273	0.01780	0.01037	0.01037	0.03256	0.02166	0.56283	0.15676	0.03181	0.02904	0.01058	0.00788	0.00235	0.00589	0.00881	0.00919	0.01179
12	0.01931	0.01651	0.01740	0.01553	0.01989	0.01907	0.01211	0.06793	0.64407	0.03245	0.03031	0.02785	0.02270	0.01024	0.00771	0.00256	0.00611	0.00850	0.00771	0.01205
13	0.01877	0.01802	0.03079	0.04656	0.68612	0.01802	0.02328	0.02328	0.01727	0.02478	0.01427	0.01877	0.01201	0.00676	0.00751	0.00225	0.00901	0.00676	0.00375	0.01201
14	0.01083	0.00778	0.01018	0.00992	0.01156	0.00727	0.00748	0.01414	0.02032	0.02851	0.56675	0.08346	0.06600	0.05300	0.01063	0.00277	0.00411	0.07032	0.00799	0.00697
15	0.16215	0.01638	0.01648	0.01458	0.01909	0.01889	0.01149	0.08606	0.49970	0.03343	0.02610	0.02454	0.01957	0.00959	0.00715	0.00251	0.00616	0.00761	0.00715	0.01137
16	0.00924	0.00764	0.00811	0.00810	0.01044	0.00650	0.00603	0.01138	0.01778	0.02193	0.16593	0.10186	0.56111	0.01887	0.00900	0.00256	0.00383	0.01593	0.00724	0.00650
17	0.03403	0.01291	0.01760	0.01350	0.01936	0.01115	0.01115	0.03697	0.02171	0.69137	0.02992	0.02582	0.01878	0.00939	0.00763	0.00235	0.00645	0.00763	0.00939	0.01291
18	0.78701	0.01467	0.01115	0.00997	0.01467	0.01702	0.00821	0.02230	0.01291	0.03403	0.01056	0.01232	0.00821	0.00704	0.00469	0.00235	0.00587	0.00411	0.00469	0.00821
19	0.78701	0.01467	0.01115	0.00997	0.01467	0.01702	0.00821	0.02230	0.01291	0.03403	0.01056	0.01232	0.00821	0.00704	0.00469	0.00235	0.00587	0.00411	0.00469	0.00821
20	0.03403	0.01291	0.01760	0.01350	0.01936	0.01115	0.01115	0.03697	0.02171	0.69137	0.02992	0.02582	0.01878	0.00939	0.00763	0.00235	0.00645	0.00763	0.00939	0.01291
21	0.01010	0.00713	0.00921	0.00986	0.01099	0.00662	0.00695	0.01248	0.01753	0.02438	0.30301	0.39407	0.08039	0.01945	0.00913	0.00271	0.00400	0.01740	0.04798	0.00662
22	0.01084	0.00813	0.01219	0.01219	0.01354	0.00948	0.00948	0.01354	0.01219	0.01761	0.02032	0.02980	0.01896	0.05689	0.70337	0.01219	0.02032	0.00813	0.00406	0.00677
23	0.01074	0.00775	0.01014	0.00954	0.01133	0.00716	0.00716	0.01431	0.02147	0.03042	0.68211	0.05666	0.07157	0.01551	0.00895	0.00239	0.00358	0.01372	0.00835	0.00716
24	0.03134	0.01283	0.01708	0.01338	0.01886	0.01147	0.01095	0.03573	0.07138	0.59743	0.07298	0.02804	0.02259	0.00986	0.00772	0.00237	0.00623	0.00810	0.00919	0.01246
25	0.01184	0.00829	0.01153	0.01135	0.01274	0.00954	0.00883	0.01470	0.01326	0.02038	0.04061	0.02964	0.02021	0.04297	0.49623	0.00917	0.04952	0.00799	0.17429	0.00692
26	0.04616	0.71358	0.03878	0.01288	0.01931	0.02957	0.01282	0.02270	0.01533	0.01839	0.01055	0.01217	0.00968	0.00651	0.00486	0.00165	0.00804	0.00406	0.00329	0.00968
27	0.02705	0.01997	0.02293	0.01771	0.02352	0.02187	0.04818	0.54162	0.06109	0.06840	0.01917	0.01968	0.01382	0.01157	0.04475	0.00284	0.00905	0.00712	0.00727	0.01239
28	0.74592	0.01461	0.01177	0.04747	0.01667	0.01701	0.00890	0.02214	0.01303	0.03325	0.01072	0.01274	0.00832	0.00707	0.00485	0.00236	0.00609	0.00425	0.00462	0.00823
29	0.00924	0.00660	0.00880	0.01056	0.01100	0.00616	0.00704	0.01056	0.01452	0.01936	0.04181	0.72848	0.05017	0.02376	0.00968	0.00308	0.00440	0.02156	0.00704	0.00616
30	0.00924	0.00660	0.00880	0.01056	0.01100	0.00616	0.00704	0.01056	0.01452	0.01936	0.04181	0.72848	0.05017	0.02376	0.00968	0.00308	0.00440	0.02156	0.00704	0.00616
31	0.78701	0.01467	0.01115	0.00997	0.01467	0.01702	0.00821	0.02230	0.01291	0.03403	0.01056	0.01232	0.00821	0.00704	0.00469	0.00235	0.00587	0.00411	0.00469	0.00821
32	0.23901	0.09590	0.05604	0.01512	0.02080	0.07587	0.01307	0.28315	0.07459	0.03598	0.01549	0.01624	0.01163	0.00814	0.00642	0.00223	0.00802	0.00569	0.00581	0.01077
33	0.15681	0.02014	0.02080	0.01619	0.02203	0.02242	0.01337	0.55305	0.03182	0.04548	0.01692	0.01722	0.01211	0.00876	0.00710	0.00229	0.00793	0.00637	0.00710	0.01211
34	0.01670	0.07926	0.47398	0.02209	0.09381	0.04623	0.02359	0.02371	0.01700	0.04666	0.07284	0.01985	0.01563	0.00795	0.00723	0.00231	0.01006	0.00637	0.00395	0.01079
35	0.01737	0.02453	0.19239	0.03101	0.10064	0.01871	0.45242	0.02413	0.01741	0.02428	0.01484	0.01928	0.01112	0.00662	0.00841	0.00249	0.01206	0.00797	0.00368	0.01063
36	0.78701	0.01467	0.01115	0.00997	0.01467	0.01702	0.00821	0.02230	0.01291	0.03403	0.01056	0.01232	0.00821	0.00704	0.00469	0.00235	0.00587	0.00411	0.00469	0.00821
37	0.02855	0.01967	0.02151	0.01658	0.02234	0.02140	0.01359	0.56161	0.03296	0.11655	0.01976	0.02054	0.01424	0.04374	0.00907	0.00253	0.00809	0.00712	0.00764	0.01250
38	0.01548	0.02611	0.36401	0.02170	0.10193	0.01476	0.06598	0.02201	0.01797	0.05550	0.18853	0.02766	0.02655	0.00935	0.00784	0.00239	0.00887	0.00818	0.00493	0.01025
39	0.02679	0.01132	0.01518	0.01218	0.01684	0.00988	0.00985	0.02983	0.02142	0.48794	0.19832	0.03614	0.06714	0.01146	0.00803	0.00237	0.00559	0.00962	0.00900	0.01110
40	0.00924	0.00660	0.00880	0.01056	0.01100	0.00616	0.00704	0.01056	0.01452	0.01936	0.04181	0.72848	0.05017	0.02376	0.00968	0.00308	0.00440	0.02156	0.00704	0.00616
41	0.22024	0.02571	0.27848	0.01839	0.02614	0.01832	0.08764	0.12194	0.05354	0.05883	0.01531	0.01693	0.01106	0.00762	0.00684	0.00239	0.00907	0.00601	0.00483	0.01069
42	0.01802	0.01725	0.02942	0.16023	0.57835	0.01782	0.02290	0.02262	0.01691	0.02386	0.01413	0.01902	0.01169	0.00690	0.00752	0.00230	0.00920	0.00676	0.00369	0.01140
43	0.03317	0.01272	0.01733	0.01335	0.01907	0.01100	0.01100	0.03613	0.02170	0.66706	0.05391	0.02695	0.02072	0.00961	0.00768	0.00235	0.00635	0.00785	0.00935	0.01270
44	0.01828	0.01752	0.02990	0.12049	0.61603	0.01789	0.02303	0.02285	0.01704	0.02418	0.01418	0.01893	0.01180	0.00685	0.00752	0.00228	0.00913	0.00676	0.00371	0.01162
45	0.03308	0.01310	0.01759	0.01354	0.01929	0.01155	0.01116	0.06256	0.02229	0.64356	0.04983	0.02646	0.02018	0.00957	0.00767	0.00235	0.00644	0.00778	0.00928	0.01273
46	0.03299	0.01268	0.01727	0.01332	0.01900	0.01097	0.01097	0.03595	0.02170	0.66175	0.05915	0.02720	0.02114	0.00966	0.00769	0.00235	0.00633	0.00790	0.00934	0.01265
47	0.00953	0.00759	0.00842	0.00843	0.01048	0.00661	0.00616	0.01170	0.01774	0.02252	0.21912	0.12685	0.44287	0.05522	0.01054	0.00281	0.00401	0.01569	0.00724	0.00647
48	0.01573	0.01348	0.01573	0.01123	0.01798	0.01011	0.00899	0.01910	0.01573	0.02472	0.01348	0.01573	0.01123	0.00562	0.00562	0.00112	0.00562	0.00449	0.00449	0.77980
49	0.01573	0.01348	0.01573	0.01123	0.01798	0.01011	0.00899	0.01910	0.01573	0.02472	0.01348	0.01573	0.01123	0.00562	0.00562	0.00112	0.00562	0.00449	0.00449	0.77980
50	0.03403	0.01291	0.01760	0.01350	0.01936	0.01115	0.01115	0.03697	0.02171	0.69137	0.02992	0.02582	0.01878	0.00939	0.00763	0.00235	0.00645	0.00763	0.00939	0.01291
51	0.01019	0.00764	0.00951	0.00965	0.01141	0.00696	0.00726	0.01299	0.01895	0.02546	0.36944	0.17098	0.21781	0.01826	0.00921	0.00264	0.00409	0.07307	0.00769	0.00679
52	0.01751	0.22216	0.42203	0.02024	0.02960	0.02088	0.09613	0.02415	0.01627	0.04516	0.01355	0.01584	0.01017	0.00700	0.00680	0.00221	0.01040	0.00565	0.00350	0.01076
53	0.01540	0.06531	0.66971	0.02130	0.03233	0.01808	0.02746	0.02397	0.01599	0.02379	0.01350	0.01587	0.00961	0.00718	0.00712	0.00237	0.01109	0.00555	0.00320	0.01115
54	0.01318	0.00659	0.00988	0.00988	0.00988	0.00659	0.00659	0.00988	0.00988	0.01318	0.01318	0.02306	0.01318	0.02635	0.02964	0.77931	0.00659	0.00659	0.00329	0.00329
55	0.01312	0.00958	0.01276	0.01388	0.01594	0.00979	0.01193	0.03911	0.06139	0.02468	0.08335	0.07751	0.04320	0.01947	0.01009	0.00331	0.00673	0.52947	0.00715	0.00753
56	0.01878	0.01793	0.03006	0.04490	0.65059	0.01807	0.02268	0.02419	0.05219	0.02515	0.01515	0.01928	0.01261	0.00695	0.00752	0.00227	0.00885	0.00686	0.00397	0.01201
57	0.01084	0.00813	0.01219	0.01219	0.01354	0.00948	0.00948	0.01354	0.01219	0.01761	0.02032	0.02980	0.01896	0.05689	0.70337	0.01219	0.02032	0.00813	0.00406	0.00677
58	0.01094	0.00731	0.00830	0.00839	0.00842	0.00729	0.00473	0.01101	0.01122	0.01496	0.02485	0.08582	0.02878	0.69560	0.03706	0.00713	0.00720	0.01159	0.00473	0.00468
59	0.74825	0.01500	0.01174	0.01036	0.01512	0.01735	0.00853	0.05494	0.01407	0.03474	0.01095	0.01262	0.00845	0.00715	0.00484	0.00234	0.00599	0.00425	0.00484	0.00845
60	0.01018	0.00702	0.00907	0.00987	0.01043	0.00675	0.00653	0.01134	0.01443	0.01957	0.13551	0.39416	0.04488	0.19660	0.04372	0.04563	0.00570	0.01647	0.00634	0.00581
61	0.01558	0.06285	0.62691	0.02201	0.03281	0.01816	0.07013	0.02399	0.01612	0.02382	0.01362	0.01618	0.00974	0.00713	0.00724	0.00238	0.01121	0.00578	0.00325	0.01109

[dist]
# distance from previous block
# <min> <max>
0	2

[block]
# block no. 1 follows, 26 sequences, length 49
# corresponding to MSA columns:
# 64-112
name=unknown_B
#
# <colnr> <probs for GDERKNQSTAVLIFYWHMCP>
#	G	D	E	R	K	N	Q	S	T	A	V	L	I	F	Y	W	H	M	C	P
0	0.00943	0.00673	0.00890	0.01039	0.01094	0.00629	0.00697	0.01091	0.01501	0.02017	0.09735	0.64642	0.05127	0.04723	0.01060	0.00317	0.00443	0.02052	0.00707	0.00619
1	0.01573	0.01348	0.01573	0.01123	0.01798	0.01011	0.00899	0.01910	0.01573	0.02472	0.01348	0.01573	0.01123	0.00562	0.00562	0.00112	0.00562	0.00449	0.00449	0.77980
2	0.02619	0.01514	0.01773	0.01472	0.01982	0.01580	0.01179	0.08083	0.34408	0.32198	0.02960	0.02653	0.02054	0.00981	0.00767	0.00245	0.00636	0.00804	0.00844	0.01246
3	0.01476	0.01022	0.01255	0.01150	0.01500	0.00918	0.00935	0.01900	0.05963	0.09569	0.14201	0.05472	0.16730	0.01482	0.00849	0.00248	0.00542	0.18095	0.00702	0.15988
4	0.01573	0.01348	0.01573	0.01123	0.01798	0.01011	0.00899	0.01910	0.01573	0.02472	0.01348	0.01573	0.01123	0.00562	0.00562	0.00112	0.00562	0.00449	0.00449	0.77980
5	0.01935	0.01888	0.02859	0.04119	0.56624	0.05860	0.02140	0.02576	0.09687	0.02525	0.01613	0.01963	0.01323	0.00725	0.00749	0.00227	0.00892	0.00687	0.00424	0.01182
6	0.00962	0.00779	0.00859	0.00862	0.01095	0.00676	0.00662	0.01201	0.01816	0.02272	0.19732	0.07077	0.50133	0.01861	0.00909	0.00261	0.00407	0.07045	0.00731	0.00661
7	0.08259	0.10256	0.57363	0.01980	0.03000	0.01872	0.02490	0.02375	0.01569	0.02431	0.01306	0.01533	0.00950	0.00712	0.00677	0.00232	0.01046	0.00533	0.00334	0.01081
8	0.01078	0.00733	0.00838	0.00850	0.00873	0.00721	0.00497	0.01115	0.01210	0.01611	0.06050	0.10572	0.05942	0.60999	0.03353	0.00656	0.00678	0.01223	0.00508	0.00493
9	0.02906	0.02089	0.02254	0.01728	0.02334	0.02299	0.01428	0.63394	0.03506	0.07553	0.01872	0.01854	0.01315	0.00912	0.00759	0.00228	0.00827	0.00686	0.00767	0.01290
10	0.01697	0.01344	0.01586	0.01139	0.01807	0.01018	0.00913	0.02031	0.01613	0.06983	0.01459	0.01641	0.01174	0.00587	0.00575	0.00121	0.00567	0.00471	0.00483	0.72791
11	0.01195	0.00884	0.01146	0.01190	0.04254	0.00858	0.00828	0.03815	0.05163	0.02844	0.43784	0.19185	0.05800	0.01611	0.00879	0.00251	0.00428	0.01430	0.03694	0.00760
12	0.01799	0.16785	0.29630	0.02446	0.07550	0.06128	0.20486	0.02417	0.01685	0.02263	0.01345	0.01659	0.01035	0.00684	0.00725	0.00226	0.01106	0.00630	0.00347	0.01055
13	0.05302	0.01485	0.01788	0.01437	0.01980	0.01486	0.01167	0.11023	0.19883	0.41738	0.02820	0.02518	0.01894	0.00953	0.00756	0.00240	0.00653	0.00768	0.00858	0.01252
14	0.01318	0.00659	0.00988	0.00988	0.00988	0.00659	0.00659	0.00988	0.00988	0.01318	0.01318	0.02306	0.01318	0.02635	0.02964	0.77931	0.00659	0.00659	0.00329	0.00329
15	0.02833	0.03615	0.02149	0.01954	0.02345	0.70298	0.01466	0.03029	0.02149	0.01856	0.01172	0.01368	0.00977	0.00782	0.00684	0.00195	0.01368	0.00489	0.00391	0.00879
16	0.02716	0.01952	0.02112	0.01654	0.02211	0.02148	0.01347	0.52217	0.10554	0.08268	0.02061	0.02132	0.01512	0.04433	0.00911	0.00256	0.00792	0.00728	0.00756	0.01240
17	0.78701	0.01467	0.01115	0.00997	0.01467	0.01702	0.00821	0.02230	0.01291	0.03403	0.01056	0.01232	0.00821	0.00704	0.00469	0.00235	0.00587	0.00411	0.00469	0.00821
18	0.01074	0.00775	0.01014	0.00954	0.01133	0.00716	0.00716	0.01431	0.02147	0.03042	0.68211	0.05666	0.07157	0.01551	0.00895	0.00239	0.00358	0.01372	0.00835	0.00716
19	0.01569	0.01614	0.03113	0.45503	0.04744	0.01774	0.26382	0.02125	0.01621	0.02125	0.01419	0.02031	0.01064	0.00713	0.00810	0.00254	0.01113	0.00758	0.00355	0.00911
20	0.01705	0.01290	0.01974	0.02555	0.28363	0.01322	0.01423	0.07309	0.04537	0.02169	0.01486	0.02115	0.01314	0.01624	0.01782	0.36377	0.00769	0.00677	0.00405	0.00803
21	0.02310	0.01807	0.01934	0.01609	0.02100	0.02029	0.01285	0.34259	0.31563	0.03878	0.02540	0.07073	0.01995	0.01062	0.00779	0.00246	0.00704	0.00860	0.00761	0.01205
22	0.00987	0.00828	0.00866	0.00846	0.01103	0.00735	0.00637	0.01334	0.06218	0.02259	0.15523	0.06777	0.55606	0.01811	0.00888	0.00254	0.00395	0.01520	0.00727	0.00688
23	0.02579	0.01991	0.02414	0.01878	0.02371	0.02268	0.05832	0.46129	0.02898	0.06550	0.01678	0.01833	0.01243	0.00979	0.01123	0.00251	0.15454	0.00696	0.00653	0.01177
24	0.05446	0.01606	0.01831	0.05601	0.02176	0.05375	0.01234	0.13264	0.15006	0.33394	0.05239	0.02489	0.01949	0.00949	0.00754	0.00237	0.00715	0.00761	0.00791	0.01183
25	0.00924	0.00660	0.00880	0.01056	0.01100	0.00616	0.00704	0.01056	0.01452	0.01936	0.04181	0.72848	0.05017	0.02376	0.00968	0.00308	0.00440	0.02156	0.00704	0.00616
26	0.02883	0.02125	0.02276	0.01745	0.02352	0.02352	0.01442	0.66082	0.03566	0.04780	0.01821	0.01821	0.01290	0.00911	0.00759	0.00228	0.00835	0.00683	0.00759	0.01290
27	0.01487	0.05366	0.35929	0.01640	0.02356	0.01475	0.01854	0.07545	0.01949	0.02770	0.22965	0.03174	0.06222	0.01056	0.00779	0.00236	0.00805	0.00873	0.00541	0.00978
28	0.09930	0.01306	0.01704	0.01319	0.01896	0.01166	0.01089	0.03569	0.02095	0.63439	0.02825	0.02465	0.01786	0.00918	0.00737	0.00235	0.00640	0.00732	0.00898	0.01250
29	0.01573	0.01348	0.01573	0.01123	0.01798	0.01011	0.00899	0.01910	0.01573	0.02472	0.01348	0.01573	0.01123	0.00562	0.00562	0.00112	0.00562	0.00449	0.00449	0.77980
30	0.01967	0.01667	0.01798	0.04762	0.02159	0.01925	0.01266	0.10219	0.57789	0.03279	0.02880	0.02691	0.02152	0.01005	0.00770	0.00254	0.00643	0.00831	0.00751	0.01193
31	0.01947	0.01640	0.02476	0.20184	0.33495	0.04116	0.01925	0.02557	0.08595	0.10028	0.04286	0.02218	0.01566	0.00800	0.00759	0.00236	0.00864	0.00724	0.00490	0.01093
32	0.02697	0.01133	0.01536	0.01251	0.01708	0.00995	0.01013	0.02999	0.02117	0.49051	0.17375	0.06689	0.03272	0.01182	0.00812	0.00243	0.00575	0.03342	0.00896	0.01112
33	0.18487	0.01589	0.01466	0.01259	0.01665	0.07152	0.01001	0.18080	0.10256	0.05512	0.04353	0.02216	0.01696	0.00887	0.00636	0.00217	0.00644	0.00664	0.21250	0.00969
34	0.10640	0.18734	0.47302	0.01839	0.02782	0.02022	0.02246	0.02354	0.01552	0.02386	0.01259	0.01475	0.00947	0.00703	0.00641	0.00223	0.00992	0.00510	0.00339	0.01054
35	0.01092	0.00816	0.01219	0.01230	0.01367	0.00944	0.00964	0.01367	0.01250	0.01791	0.02149	0.03309	0.02042	0.05476	0.66243	0.01168	0.01953	0.04518	0.00424	0.00678
36	0.02054	0.01666	0.01775	0.01556	0.02010	0.01902	0.01222	0.10403	0.57925	0.06139	0.02953	0.02716	0.02191	0.01013	0.00770	0.00253	0.00626	0.00836	0.00778	0.01214
37	0.05201	0.02541	0.02143	0.01971	0.06404	0.29627	0.01463	0.19559	0.09163	0.02855	0.01570	0.01752	0.01243	0.01056	0.03337	0.00263	0.07683	0.00615	0.00525	0.01028
38	0.01778	0.02002	0.04307	0.06390	0.07152	0.01902	0.59867	0.02402	0.01775	0.02410	0.01521	0.02037	0.01147	0.00647	0.00882	0.00254	0.01248	0.00874	0.00381	0.01023
39	0.74813	0.01427	0.01103	0.01000	0.01449	0.01647	0.00816	0.02171	0.01299	0.03330	0.01212	0.04813	0.01031	0.00788	0.00494	0.00238	0.00579	0.00498	0.00481	0.00811
40	0.01025	0.00707	0.00906	0.00987	0.01064	0.00666	0.00673	0.01133	0.01482	0.01974	0.12682	0.36710	0.10465	0.13193	0.01615	0.08672	0.00504	0.04318	0.00644	0.00581
41	0.01760	0.02064	0.06522	0.05793	0.03892	0.01924	0.57960	0.02379	0.01742	0.02379	0.01494	0.02010	0.01131	0.00681	0.00963	0.00259	0.04796	0.00863	0.00377	0.01010
42	0.01084	0.00813	0.01219	0.01219	0.01354	0.00948	0.00948	0.01354	0.01219	0.01761	0.02032	0.02980	0.01896	0.05689	0.70337	0.01219	0.02032	0.00813	0.00406	0.00677
43	0.01103	0.00751	0.00984	0.01052	0.01189	0.00695	0.00769	0.01336	0.01740	0.05161	0.23418	0.38344	0.10171	0.02007	0.00940	0.00285	0.00447	0.08171	0.00752	0.00685
44	0.01851	0.01775	0.03031	0.08607	0.64866	0.01795	0.02315	0.02305	0.01715	0.02446	0.01422	0.01886	0.01190	0.00681	0.00751	0.00227	0.00908	0.00676	0.00373	0.01180
45	0.09881	0.54425	0.09458	0.01398	0.02051	0.08183	0.01399	0.02340	0.01570	0.02012	0.01092	0.01265	0.00957	0.00672	0.00522	0.00179	0.00861	0.00427	0.00344	0.00964
46	0.00924	0.00660	0.00880	0.01056	0.01100	0.00616	0.00704	0.01056	0.01452	0.01936	0.04181	0.72848	0.05017	0.02376	0.00968	0.00308	0.00440	0.02156	0.00704	0.00616
47	0.01949	0.01374	0.01527	0.01334	0.01739	0.01456	0.01045	0.10916	0.29740	0.12844	0.07907	0.07793	0.14558	0.01275	0.00811	0.00252	0.00573	0.01066	0.00783	0.01058
48	0.01877	0.01802	0.03079	0.04656	0.68612	0.01802	0.02328	0.02328	0.01727	0.02478	0.01427	0.01877	0.01201	0.00676	0.00751	0.00225	0.00901	0.00676	0.00375	0.01201

[dist]
# distance from previous block
# <min> <max>
0	0

# created by:
# /st0/software/busco_prod/Augustus/scripts/msa2prfl.pl ./align_prep/130517.fa
