[name]
unknown

[dist]
# distance from previous block
# <min> <max>
8	69

[block]
# block no. 0 follows, 24 sequences, length 14
# corresponding to MSA columns:
# 548-561
name=unknown_A
#
# <colnr> <probs for GDERKNQSTAVLIFYWHMCP>
#	G	D	E	R	K	N	Q	S	T	A	V	L	I	F	Y	W	H	M	C	P
0	0.06213	0.01001	0.01069	0.01078	0.01233	0.00978	0.00741	0.01742	0.01626	0.02635	0.02931	0.14331	0.02870	0.18595	0.06222	0.00473	0.00713	0.01139	0.33602	0.00808
1	0.01323	0.00723	0.01023	0.01015	0.01060	0.00725	0.00695	0.01177	0.01246	0.01744	0.09529	0.03092	0.02297	0.06941	0.07203	0.52673	0.00732	0.00822	0.05528	0.00453
2	0.01723	0.00961	0.01216	0.01144	0.01407	0.00890	0.00847	0.02077	0.05884	0.18945	0.15491	0.26208	0.11583	0.06472	0.01125	0.00310	0.00524	0.01512	0.00810	0.00872
3	0.01261	0.00909	0.01070	0.01078	0.01215	0.00897	0.00740	0.08386	0.01762	0.02339	0.09154	0.32825	0.11230	0.21312	0.01803	0.00423	0.00578	0.01643	0.00684	0.00691
4	0.01672	0.01114	0.01334	0.01205	0.01495	0.01112	0.00921	0.11648	0.06618	0.08974	0.29715	0.16807	0.07675	0.01567	0.00889	0.00260	0.00513	0.01359	0.04216	0.00907
5	0.06035	0.01346	0.01559	0.01344	0.01669	0.01448	0.01044	0.15268	0.09387	0.09152	0.21991	0.07167	0.03711	0.09154	0.01314	0.00316	0.05307	0.01071	0.00752	0.00965
6	0.02643	0.05434	0.01888	0.01426	0.01928	0.05726	0.01160	0.15271	0.05853	0.28287	0.13863	0.03306	0.07434	0.01138	0.00810	0.00241	0.00697	0.00920	0.00827	0.01147
7	0.13855	0.10554	0.06364	0.01404	0.01920	0.01548	0.03462	0.02724	0.07563	0.21391	0.11415	0.09592	0.02722	0.01127	0.00757	0.00247	0.00677	0.00928	0.00704	0.01047
8	0.07368	0.19115	0.13935	0.01712	0.04719	0.04853	0.03941	0.04278	0.01946	0.18474	0.10116	0.02369	0.02088	0.00904	0.00718	0.00227	0.00834	0.00715	0.00593	0.01095
9	0.08811	0.19297	0.24325	0.01871	0.02634	0.05182	0.07942	0.02699	0.11308	0.02586	0.04907	0.01986	0.01555	0.00821	0.00705	0.00233	0.00950	0.00654	0.00458	0.01076
10	0.04834	0.06653	0.09053	0.01631	0.02192	0.12885	0.01423	0.12977	0.11839	0.13043	0.07880	0.05075	0.02165	0.01012	0.00764	0.00235	0.00849	0.00794	0.00666	0.04031
11	0.06625	0.10247	0.04620	0.01522	0.03742	0.01643	0.03995	0.09119	0.05503	0.06028	0.04309	0.07274	0.08219	0.03760	0.00940	0.00243	0.03896	0.00862	0.00576	0.16878
12	0.05071	0.08331	0.07290	0.02209	0.14562	0.09859	0.01597	0.06808	0.08194	0.10391	0.06491	0.02904	0.02116	0.01008	0.00775	0.00241	0.00858	0.06657	0.00593	0.04044
13	0.06107	0.05612	0.02005	0.05835	0.02238	0.07181	0.01282	0.14497	0.10951	0.11084	0.02174	0.08360	0.01798	0.01026	0.00826	0.00232	0.03892	0.00802	0.00642	0.13455

[dist]
# distance from previous block
# <min> <max>
13	44

[block]
# block no. 1 follows, 24 sequences, length 43
# corresponding to MSA columns:
# 606-648
name=unknown_B
#
# <colnr> <probs for GDERKNQSTAVLIFYWHMCP>
#	G	D	E	R	K	N	Q	S	T	A	V	L	I	F	Y	W	H	M	C	P
0	0.11902	0.05030	0.02149	0.05706	0.08977	0.04358	0.01439	0.08819	0.14552	0.05222	0.01775	0.01970	0.01396	0.00908	0.00975	0.00240	0.11021	0.00655	0.00549	0.12359
1	0.18907	0.04634	0.05827	0.12243	0.10324	0.12320	0.01581	0.06652	0.03788	0.05373	0.05312	0.01983	0.01505	0.00856	0.00763	0.00238	0.03215	0.00642	0.00497	0.03337
2	0.11613	0.01893	0.02164	0.06475	0.15953	0.13111	0.05284	0.07033	0.01937	0.02677	0.07873	0.03014	0.04369	0.06370	0.01083	0.00289	0.02999	0.04394	0.00518	0.00952
3	0.16530	0.01448	0.04634	0.05475	0.01902	0.01480	0.01141	0.07001	0.11658	0.05166	0.05595	0.05772	0.09988	0.08733	0.05039	0.00375	0.03781	0.02761	0.00615	0.00906
4	0.12075	0.01427	0.01521	0.04387	0.04337	0.05198	0.01059	0.12861	0.03619	0.02748	0.04357	0.09475	0.02374	0.19478	0.06167	0.00451	0.00860	0.03113	0.00574	0.03919
5	0.05287	0.06529	0.02119	0.01844	0.04214	0.28337	0.04232	0.08255	0.06532	0.02478	0.02257	0.15002	0.02216	0.01241	0.00805	0.00250	0.01002	0.05905	0.00556	0.00938
6	0.40559	0.08622	0.01648	0.01218	0.01689	0.05553	0.00999	0.06182	0.03806	0.09086	0.01947	0.02166	0.05208	0.04499	0.03635	0.00306	0.00763	0.00628	0.00557	0.00930
7	0.01606	0.01332	0.01314	0.01223	0.01437	0.08135	0.00861	0.11345	0.01866	0.02404	0.05666	0.21486	0.05430	0.25529	0.01941	0.00431	0.00733	0.01293	0.00614	0.05355
8	0.16160	0.11424	0.08055	0.01804	0.05170	0.21943	0.01490	0.06770	0.01939	0.06279	0.04220	0.01802	0.01388	0.01031	0.03049	0.00263	0.05145	0.00592	0.00483	0.00994
9	0.01290	0.00888	0.01128	0.01097	0.01298	0.00840	0.00821	0.05051	0.02110	0.05617	0.39054	0.21523	0.09829	0.01813	0.00947	0.00272	0.00454	0.04364	0.00825	0.00777
10	0.02264	0.60980	0.03840	0.01463	0.02106	0.11402	0.01385	0.05084	0.01780	0.02007	0.01152	0.01318	0.01032	0.00707	0.00547	0.00177	0.00922	0.00447	0.00367	0.01019
11	0.18837	0.01981	0.02036	0.10011	0.02555	0.05861	0.01411	0.36446	0.02785	0.04048	0.05299	0.01997	0.01536	0.00916	0.00732	0.00242	0.00842	0.00681	0.00657	0.01128
12	0.02980	0.02074	0.02277	0.01759	0.02369	0.02267	0.01451	0.55786	0.03475	0.10893	0.02032	0.02036	0.01437	0.01185	0.03940	0.00287	0.00911	0.00728	0.00794	0.01319
13	0.01307	0.00953	0.01293	0.01451	0.01644	0.00969	0.01246	0.01786	0.06102	0.02417	0.04143	0.12030	0.04458	0.02132	0.01071	0.00356	0.00708	0.54437	0.00736	0.00761
14	0.00937	0.00803	0.00803	0.00803	0.01071	0.00669	0.00602	0.01138	0.01807	0.02142	0.08033	0.07632	0.66863	0.02008	0.00937	0.00268	0.00402	0.01674	0.00736	0.00669
15	0.01977	0.02297	0.04445	0.03217	0.03981	0.08452	0.58260	0.02600	0.01908	0.02482	0.01568	0.02071	0.01186	0.00683	0.00915	0.00261	0.01346	0.00895	0.00402	0.01055
16	0.01498	0.01409	0.02378	0.70226	0.05462	0.01762	0.02202	0.02026	0.01586	0.02026	0.01409	0.02114	0.01057	0.00793	0.00793	0.00264	0.01057	0.00705	0.00352	0.00881
17	0.03469	0.01369	0.01838	0.01422	0.02026	0.01211	0.01171	0.03884	0.05831	0.64120	0.03134	0.02714	0.01989	0.00987	0.00798	0.00247	0.00672	0.00803	0.00972	0.01344
18	0.00966	0.00690	0.00920	0.01104	0.01150	0.00644	0.00736	0.01104	0.01518	0.02024	0.04371	0.71614	0.05245	0.02484	0.01012	0.00322	0.00460	0.02254	0.00736	0.00644
19	0.01134	0.00845	0.01250	0.01250	0.01384	0.00978	0.00961	0.01401	0.01267	0.01823	0.02146	0.03238	0.02036	0.09852	0.65157	0.01245	0.02044	0.00868	0.00428	0.00695
20	0.01122	0.00811	0.01060	0.00998	0.01185	0.00748	0.00748	0.01496	0.02245	0.03180	0.66766	0.05923	0.07482	0.01621	0.00935	0.00249	0.00374	0.01434	0.00873	0.00748
21	0.00975	0.00697	0.00928	0.01098	0.01152	0.00650	0.00737	0.01126	0.01559	0.02089	0.07871	0.67928	0.05370	0.02436	0.01008	0.00318	0.00455	0.02208	0.00744	0.00650
22	0.01030	0.00865	0.00904	0.00904	0.01174	0.00768	0.00693	0.01371	0.05697	0.02267	0.09647	0.07374	0.56601	0.01950	0.00940	0.00274	0.00436	0.05650	0.00745	0.00712
23	0.73605	0.01523	0.01203	0.01063	0.01561	0.01745	0.00876	0.02416	0.01401	0.07129	0.01217	0.01367	0.00920	0.00750	0.00508	0.00245	0.00617	0.00450	0.00518	0.00886
24	0.00961	0.00800	0.00810	0.00810	0.01049	0.00680	0.00589	0.01140	0.01736	0.02077	0.07432	0.07366	0.59914	0.09624	0.01274	0.00322	0.00442	0.01617	0.00709	0.00649
25	0.01972	0.01703	0.01793	0.01614	0.02062	0.01972	0.01255	0.04214	0.65752	0.03317	0.03228	0.02959	0.02421	0.01076	0.00807	0.00269	0.00628	0.00897	0.00807	0.01255
26	0.01336	0.00960	0.01165	0.01169	0.01422	0.00925	0.00932	0.01849	0.09060	0.06259	0.18464	0.10702	0.22472	0.01842	0.00962	0.00293	0.00530	0.18067	0.00786	0.00805
27	0.01125	0.00870	0.00901	0.00870	0.01164	0.00750	0.00660	0.01414	0.04418	0.05840	0.07566	0.07168	0.60647	0.01913	0.00924	0.00267	0.00426	0.01593	0.00753	0.00731
28	0.77733	0.01534	0.01166	0.01043	0.01534	0.01779	0.00859	0.02331	0.01350	0.03558	0.01104	0.01288	0.00859	0.00736	0.00491	0.00245	0.00613	0.00429	0.00491	0.00859
29	0.01094	0.00789	0.01034	0.01017	0.01178	0.00729	0.00746	0.01425	0.02112	0.02968	0.55334	0.17960	0.07072	0.01779	0.00949	0.00263	0.00390	0.01584	0.00848	0.00729
30	0.00982	0.00706	0.00922	0.01074	0.01138	0.00657	0.00721	0.01134	0.01568	0.02090	0.08659	0.61739	0.08261	0.04928	0.01113	0.00331	0.00463	0.02132	0.00736	0.00646
31	0.01133	0.00850	0.01274	0.01274	0.01416	0.00991	0.00991	0.01416	0.01274	0.01841	0.02124	0.03115	0.01982	0.05947	0.68989	0.01274	0.02124	0.00850	0.00425	0.00708
32	0.01153	0.00769	0.00865	0.00865	0.00865	0.00769	0.00480	0.01153	0.01153	0.01538	0.02499	0.05189	0.02883	0.72131	0.04036	0.00769	0.00769	0.01153	0.00480	0.00480
33	0.00972	0.00703	0.00919	0.01079	0.01147	0.00651	0.00728	0.01125	0.01572	0.02088	0.07605	0.64179	0.09481	0.02411	0.01003	0.00315	0.00452	0.02176	0.00743	0.00651
34	0.01027	0.00807	0.00928	0.00898	0.01126	0.00708	0.00673	0.01312	0.02020	0.02646	0.36552	0.06802	0.38029	0.01820	0.00936	0.00259	0.00388	0.01557	0.00803	0.00708
35	0.01498	0.01409	0.02378	0.70226	0.05462	0.01762	0.02202	0.02026	0.01586	0.02026	0.01409	0.02114	0.01057	0.00793	0.00793	0.00264	0.01057	0.00705	0.00352	0.00881
36	0.03464	0.01370	0.01837	0.01423	0.02027	0.01213	0.01171	0.03885	0.06015	0.63933	0.03134	0.02714	0.01990	0.00987	0.00798	0.00247	0.00672	0.00803	0.00971	0.01344
37	0.01122	0.00811	0.01060	0.00998	0.01185	0.00748	0.00748	0.01496	0.02245	0.03180	0.66766	0.05923	0.07482	0.01621	0.00935	0.00249	0.00374	0.01434	0.00873	0.00748
38	0.01498	0.01409	0.02378	0.70226	0.05462	0.01762	0.02202	0.02026	0.01586	0.02026	0.01409	0.02114	0.01057	0.00793	0.00793	0.00264	0.01057	0.00705	0.00352	0.00881
39	0.00976	0.00697	0.00929	0.01098	0.01152	0.00650	0.00737	0.01128	0.01562	0.02094	0.08149	0.67636	0.05380	0.02432	0.01007	0.00318	0.00455	0.02205	0.00744	0.00650
40	0.01931	0.01852	0.03162	0.09247	0.63049	0.01876	0.02418	0.02406	0.01791	0.02553	0.01486	0.01973	0.01243	0.00712	0.00786	0.00237	0.00950	0.00706	0.00390	0.01231
41	0.01907	0.01828	0.03119	0.12647	0.59838	0.01870	0.02406	0.02385	0.01779	0.02523	0.01482	0.01981	0.01232	0.00717	0.00786	0.00239	0.00956	0.00706	0.00388	0.01211
42	0.01886	0.01595	0.01763	0.01409	0.02000	0.01550	0.01116	0.07647	0.28923	0.03076	0.02216	0.02220	0.01715	0.00821	0.00696	0.00191	0.00626	0.00669	0.00637	0.39246

[dist]
# distance from previous block
# <min> <max>
1	3

[block]
# block no. 2 follows, 24 sequences, length 10
# corresponding to MSA columns:
# 652-661
name=unknown_C
#
# <colnr> <probs for GDERKNQSTAVLIFYWHMCP>
#	G	D	E	R	K	N	Q	S	T	A	V	L	I	F	Y	W	H	M	C	P
0	0.01796	0.01790	0.03229	0.05286	0.05726	0.01781	0.30840	0.06494	0.01886	0.02646	0.06325	0.05279	0.01813	0.00914	0.01061	0.00252	0.09208	0.00897	0.00478	0.12298
1	0.01650	0.01591	0.02772	0.47706	0.22090	0.01812	0.06733	0.02173	0.01666	0.02216	0.01446	0.02075	0.01122	0.00760	0.00801	0.00257	0.01046	0.00722	0.00367	0.00996
2	0.01924	0.01845	0.03150	0.10244	0.62107	0.01874	0.02415	0.02400	0.01788	0.02544	0.01485	0.01975	0.01240	0.00714	0.00786	0.00238	0.00952	0.00706	0.00389	0.01225
3	0.01963	0.01884	0.03219	0.04867	0.67185	0.01884	0.02434	0.02434	0.01806	0.02591	0.01492	0.01963	0.01256	0.00707	0.00785	0.00236	0.00942	0.00707	0.00393	0.01256
4	0.01133	0.00850	0.01274	0.01274	0.01416	0.00991	0.00991	0.01416	0.01274	0.01841	0.02124	0.03115	0.01982	0.05947	0.68989	0.01274	0.02124	0.00850	0.00425	0.00708
5	0.77733	0.01534	0.01166	0.01043	0.01534	0.01779	0.00859	0.02331	0.01350	0.03558	0.01104	0.01288	0.00859	0.00736	0.00491	0.00245	0.00613	0.00429	0.00491	0.00859
6	0.00966	0.00690	0.00920	0.01104	0.01150	0.00644	0.00736	0.01104	0.01518	0.02024	0.04371	0.71614	0.05245	0.02484	0.01012	0.00322	0.00460	0.02254	0.00736	0.00644
7	0.00966	0.00690	0.00920	0.01104	0.01150	0.00644	0.00736	0.01104	0.01518	0.02024	0.04371	0.71614	0.05245	0.02484	0.01012	0.00322	0.00460	0.02254	0.00736	0.00644
8	0.02861	0.02021	0.02209	0.01730	0.02309	0.02205	0.01413	0.54638	0.03427	0.08879	0.02214	0.08420	0.01751	0.01096	0.00814	0.00246	0.00821	0.00862	0.00800	0.01283
9	0.02885	0.10313	0.02445	0.01956	0.02412	0.56398	0.01513	0.08780	0.02323	0.02217	0.01277	0.01459	0.01051	0.00816	0.00702	0.00204	0.01322	0.00521	0.00438	0.00969

[dist]
# distance from previous block
# <min> <max>
0	3

[block]
# block no. 3 follows, 24 sequences, length 12
# corresponding to MSA columns:
# 665-671,675-679
name=unknown_D
#
# <colnr> <probs for GDERKNQSTAVLIFYWHMCP>
#	G	D	E	R	K	N	Q	S	T	A	V	L	I	F	Y	W	H	M	C	P
0	0.02084	0.67910	0.08536	0.01419	0.02131	0.03049	0.01465	0.02384	0.01616	0.01910	0.01124	0.01300	0.01017	0.00684	0.00526	0.00175	0.00870	0.00435	0.00339	0.01028
1	0.02782	0.02275	0.02195	0.01785	0.02342	0.11643	0.01434	0.38558	0.18371	0.07090	0.02184	0.02128	0.01589	0.00964	0.00786	0.00241	0.00883	0.00733	0.00751	0.01266
2	0.01168	0.00841	0.01124	0.01133	0.01319	0.00796	0.00904	0.01539	0.02122	0.02943	0.48418	0.06810	0.06626	0.01788	0.00982	0.00283	0.00479	0.19151	0.00831	0.00743
3	0.01590	0.04102	0.68023	0.02260	0.03432	0.01842	0.02930	0.02511	0.01674	0.02511	0.01423	0.01674	0.01005	0.00753	0.00753	0.00251	0.01172	0.00586	0.00335	0.01172
4	0.01253	0.00895	0.01249	0.01431	0.01603	0.00891	0.01234	0.01599	0.01801	0.02345	0.04213	0.14039	0.04619	0.02214	0.01089	0.00362	0.00708	0.57004	0.00731	0.00723
5	0.06916	0.15307	0.22790	0.01613	0.02374	0.01745	0.01702	0.02904	0.01906	0.26730	0.06764	0.02269	0.01829	0.00887	0.00722	0.00234	0.00836	0.00687	0.00625	0.01160
6	0.07249	0.01675	0.06940	0.01686	0.02250	0.01491	0.06887	0.03020	0.01924	0.35650	0.04594	0.02373	0.01754	0.00973	0.01044	0.00252	0.11196	0.00752	0.00711	0.07579
7	0.06676	0.00818	0.01021	0.01075	0.01223	0.00789	0.00783	0.01397	0.01841	0.02661	0.31267	0.34077	0.05856	0.01963	0.00946	0.00287	0.00450	0.05384	0.00777	0.00710
8	0.01705	0.18970	0.54161	0.02064	0.03129	0.02123	0.02588	0.02482	0.01661	0.02371	0.01353	0.01587	0.01007	0.00737	0.00700	0.00233	0.01102	0.00551	0.00336	0.01138
9	0.03014	0.02221	0.02380	0.01825	0.02459	0.02459	0.01507	0.64541	0.03728	0.04998	0.01904	0.01904	0.01349	0.00952	0.00793	0.00238	0.00873	0.00714	0.00793	0.01349
10	0.01941	0.49433	0.25761	0.01662	0.02508	0.02699	0.01889	0.02421	0.01633	0.02084	0.01211	0.01408	0.01013	0.00704	0.00592	0.00197	0.00958	0.00479	0.00338	0.01070
11	0.06042	0.10250	0.58286	0.02107	0.03194	0.01957	0.02666	0.02488	0.01650	0.02512	0.01375	0.01615	0.00997	0.00746	0.00716	0.00243	0.01110	0.00562	0.00344	0.01140

[dist]
# distance from previous block
# <min> <max>
0	1

[block]
# block no. 4 follows, 24 sequences, length 12
# corresponding to MSA columns:
# 681-692
name=unknown_E
#
# <colnr> <probs for GDERKNQSTAVLIFYWHMCP>
#	G	D	E	R	K	N	Q	S	T	A	V	L	I	F	Y	W	H	M	C	P
0	0.02120	0.72609	0.04155	0.01357	0.02035	0.03138	0.01357	0.02374	0.01611	0.01866	0.01102	0.01272	0.01018	0.00678	0.00509	0.00170	0.00848	0.00424	0.00339	0.01018
1	0.02043	0.47181	0.03274	0.01455	0.02019	0.06306	0.01338	0.02684	0.13853	0.02203	0.01865	0.02473	0.01687	0.00933	0.00644	0.00213	0.00825	0.07501	0.00476	0.01025
2	0.01972	0.01703	0.01793	0.01614	0.02062	0.01972	0.01255	0.04214	0.65752	0.03317	0.03228	0.02959	0.02421	0.01076	0.00807	0.00269	0.00628	0.00897	0.00807	0.01255
3	0.01039	0.00746	0.00986	0.01054	0.01166	0.00693	0.00742	0.01288	0.01858	0.02565	0.33562	0.40881	0.06292	0.02081	0.00976	0.00288	0.00420	0.01871	0.00800	0.00693
4	0.01135	0.00841	0.01229	0.01229	0.01355	0.00966	0.00934	0.01387	0.01261	0.01807	0.02166	0.03346	0.02083	0.13323	0.61750	0.01218	0.01973	0.00883	0.00431	0.00683
5	0.01590	0.04102	0.68023	0.02260	0.03432	0.01842	0.02930	0.02511	0.01674	0.02511	0.01423	0.01674	0.01005	0.00753	0.00753	0.00251	0.01172	0.00586	0.00335	0.01172
6	0.03519	0.01412	0.01879	0.01440	0.02055	0.01258	0.01190	0.08209	0.02374	0.63243	0.03041	0.02642	0.01919	0.00979	0.00797	0.00245	0.00689	0.00791	0.00968	0.01349
7	0.01648	0.01563	0.02651	0.49064	0.25447	0.01801	0.02277	0.02158	0.01657	0.02209	0.01436	0.02065	0.01122	0.00765	0.00790	0.00255	0.01020	0.00705	0.00365	0.01002
8	0.03100	0.02084	0.02295	0.01759	0.02390	0.02255	0.01453	0.54959	0.03498	0.14904	0.02097	0.02029	0.01446	0.00957	0.00794	0.00239	0.00841	0.00727	0.00823	0.01349
9	0.00966	0.00690	0.00920	0.01104	0.01150	0.00644	0.00736	0.01104	0.01518	0.02024	0.04371	0.71614	0.05245	0.02484	0.01012	0.00322	0.00460	0.02254	0.00736	0.00644
10	0.01661	0.01674	0.02364	0.62627	0.05126	0.09250	0.02128	0.02153	0.01659	0.02017	0.01389	0.02038	0.01053	0.00796	0.00784	0.00258	0.01099	0.00683	0.00359	0.00885
11	0.01498	0.01409	0.02378	0.70226	0.05462	0.01762	0.02202	0.02026	0.01586	0.02026	0.01409	0.02114	0.01057	0.00793	0.00793	0.00264	0.01057	0.00705	0.00352	0.00881

[dist]
# distance from previous block
# <min> <max>
0	17

# created by:
# /st0/software/busco_prod/Augustus/scripts/msa2prfl.pl ./align_prep/130668.fa
