[name]
unknown

[dist]
# distance from previous block
# <min> <max>
0	129

[block]
# block no. 0 follows, 26 sequences, length 12
# corresponding to MSA columns:
# 136-147
name=unknown_A
#
# <colnr> <probs for GDERKNQSTAVLIFYWHMCP>
#	G	D	E	R	K	N	Q	S	T	A	V	L	I	F	Y	W	H	M	C	P
0	0.06912	0.18525	0.02306	0.01415	0.01951	0.04849	0.01205	0.31318	0.02528	0.05111	0.02674	0.02648	0.13437	0.01018	0.00700	0.00217	0.00748	0.00764	0.00621	0.01053
1	0.15845	0.01544	0.02320	0.22728	0.29539	0.01660	0.01833	0.02378	0.01646	0.11245	0.01543	0.01895	0.01167	0.00739	0.00704	0.00236	0.00842	0.00639	0.00455	0.01042
2	0.01799	0.06672	0.28352	0.01619	0.02263	0.01571	0.01713	0.13593	0.01942	0.06114	0.10281	0.02331	0.01947	0.01221	0.01148	0.14430	0.00841	0.00708	0.00501	0.00953
3	0.01669	0.01194	0.01369	0.01243	0.01479	0.01258	0.00939	0.21612	0.02081	0.02783	0.06608	0.09526	0.03015	0.28295	0.01992	0.00445	0.00716	0.12349	0.00637	0.00790
4	0.01711	0.01087	0.01342	0.01128	0.01535	0.00930	0.00870	0.04749	0.01852	0.15295	0.13559	0.18582	0.07643	0.01302	0.00775	0.00214	0.00518	0.01124	0.00693	0.25090
5	0.14253	0.01395	0.01466	0.01295	0.01680	0.01551	0.01027	0.14890	0.20106	0.03064	0.03147	0.03208	0.13730	0.01966	0.13455	0.00423	0.00867	0.00877	0.00641	0.00959
6	0.02226	0.11231	0.02369	0.02034	0.14040	0.02025	0.01425	0.34294	0.02632	0.03471	0.02720	0.02753	0.13478	0.01018	0.00747	0.00224	0.00761	0.00813	0.00622	0.01114
7	0.01532	0.01504	0.02695	0.53903	0.07676	0.01739	0.13737	0.02111	0.03638	0.02090	0.01440	0.02046	0.01086	0.00741	0.00783	0.00252	0.01042	0.00720	0.00361	0.00903
8	0.11726	0.01522	0.02224	0.06425	0.32135	0.01668	0.01680	0.01979	0.01556	0.02375	0.02427	0.02741	0.13241	0.01028	0.01058	0.00253	0.13756	0.00806	0.00437	0.00964
9	0.40884	0.11116	0.01811	0.01272	0.01783	0.02025	0.01066	0.14229	0.13668	0.03401	0.01563	0.01627	0.01197	0.00793	0.00579	0.00228	0.00664	0.00541	0.00558	0.00996
10	0.01451	0.10698	0.02075	0.01490	0.01876	0.01321	0.11251	0.01791	0.03124	0.02116	0.02444	0.10123	0.02534	0.14279	0.01356	0.00331	0.00762	0.15597	0.00513	0.14870
11	0.01627	0.01462	0.01365	0.01344	0.01554	0.13536	0.00977	0.13296	0.01965	0.02442	0.03205	0.46940	0.03605	0.01820	0.00878	0.00273	0.00680	0.01585	0.00657	0.00787

[dist]
# distance from previous block
# <min> <max>
0	1

[block]
# block no. 1 follows, 26 sequences, length 117
# corresponding to MSA columns:
# 149-265
name=unknown_B
#
# <colnr> <probs for GDERKNQSTAVLIFYWHMCP>
#	G	D	E	R	K	N	Q	S	T	A	V	L	I	F	Y	W	H	M	C	P
0	0.01112	0.00901	0.00991	0.00986	0.01228	0.00842	0.00725	0.04016	0.08244	0.02255	0.05672	0.25920	0.37268	0.01868	0.00885	0.00264	0.00448	0.01606	0.00702	0.04064
1	0.18969	0.01396	0.01660	0.04331	0.01982	0.01378	0.01108	0.09900	0.02084	0.42909	0.02369	0.02203	0.01559	0.00877	0.00691	0.00232	0.00657	0.00674	0.03870	0.01149
2	0.01595	0.06479	0.59407	0.06730	0.03318	0.01832	0.02637	0.05123	0.01678	0.02449	0.01368	0.01624	0.00979	0.00728	0.00715	0.00237	0.01089	0.00567	0.00341	0.01104
3	0.04394	0.00902	0.01270	0.01124	0.01363	0.00847	0.05074	0.01597	0.02061	0.05348	0.56090	0.07828	0.06220	0.01466	0.00875	0.00242	0.00442	0.01310	0.00788	0.00757
4	0.08089	0.01132	0.01451	0.01182	0.01629	0.01020	0.00953	0.02817	0.02075	0.42316	0.21072	0.03604	0.07069	0.01147	0.00785	0.00237	0.00547	0.00953	0.00863	0.01061
5	0.01265	0.00929	0.01138	0.01186	0.01340	0.00941	0.00853	0.10181	0.05526	0.02461	0.06783	0.53633	0.04428	0.02050	0.00928	0.00292	0.00509	0.04086	0.00721	0.00749
6	0.02769	0.02046	0.02188	0.01698	0.02279	0.02268	0.01396	0.59861	0.07744	0.04610	0.01927	0.01921	0.01379	0.00918	0.00752	0.00228	0.00803	0.00695	0.03252	0.01265
7	0.01079	0.00725	0.00834	0.00858	0.00864	0.00720	0.00492	0.01097	0.01149	0.01533	0.02628	0.13983	0.03058	0.63915	0.03476	0.00679	0.00696	0.01243	0.00492	0.00480
8	0.00929	0.00770	0.00814	0.00803	0.01045	0.00654	0.00602	0.01152	0.01807	0.02234	0.18949	0.06996	0.56923	0.01852	0.00896	0.00253	0.00379	0.01558	0.00729	0.00654
9	0.02485	0.11522	0.02229	0.01518	0.02066	0.02103	0.01270	0.38622	0.09973	0.08554	0.02417	0.02365	0.06566	0.00967	0.00725	0.00223	0.00738	0.00742	0.03752	0.01165
10	0.01103	0.00735	0.00827	0.00827	0.00827	0.00735	0.00460	0.01103	0.01103	0.01471	0.02390	0.04964	0.02758	0.73343	0.03861	0.00735	0.00735	0.01103	0.00460	0.00460
11	0.01036	0.00770	0.00964	0.00923	0.01112	0.00698	0.00689	0.01355	0.02046	0.02820	0.54814	0.08188	0.18485	0.01647	0.00897	0.00244	0.00365	0.01440	0.00806	0.00698
12	0.01414	0.00707	0.00707	0.00707	0.00884	0.00707	0.00530	0.01767	0.01591	0.02828	0.02474	0.02828	0.01944	0.00884	0.00530	0.00177	0.00353	0.00707	0.77554	0.00707
13	0.01103	0.00735	0.00827	0.00827	0.00827	0.00735	0.00460	0.01103	0.01103	0.01471	0.02390	0.04964	0.02758	0.73343	0.03861	0.00735	0.00735	0.01103	0.00460	0.00460
14	0.02512	0.01074	0.01418	0.01157	0.01579	0.00953	0.00929	0.02831	0.02085	0.42509	0.20221	0.03434	0.03287	0.01094	0.00766	0.00228	0.00529	0.00917	0.11420	0.01058
15	0.09307	0.01281	0.01674	0.01303	0.01861	0.01143	0.01073	0.03473	0.02100	0.60797	0.05888	0.02618	0.02040	0.00949	0.00746	0.00235	0.00627	0.00763	0.00896	0.01226
16	0.02883	0.02125	0.02276	0.01745	0.02352	0.02352	0.01442	0.66082	0.03566	0.04780	0.01821	0.01821	0.01290	0.00911	0.00759	0.00228	0.00835	0.00683	0.00759	0.01290
17	0.02399	0.01631	0.01855	0.01611	0.03929	0.01768	0.01247	0.16432	0.35741	0.18145	0.04965	0.02638	0.02141	0.00992	0.00771	0.00245	0.00658	0.00813	0.00797	0.01222
18	0.03403	0.01291	0.01760	0.01350	0.01936	0.01115	0.01115	0.03697	0.02171	0.69137	0.02992	0.02582	0.01878	0.00939	0.00763	0.00235	0.00645	0.00763	0.00939	0.01291
19	0.03311	0.01270	0.01731	0.01334	0.01904	0.01099	0.01099	0.03607	0.02170	0.66519	0.05575	0.02704	0.02087	0.00963	0.00768	0.00235	0.00634	0.00787	0.00935	0.01268
20	0.10199	0.01273	0.01651	0.01291	0.01839	0.01142	0.01061	0.03410	0.02088	0.58665	0.07159	0.02663	0.02132	0.00958	0.00744	0.00235	0.00621	0.00771	0.00889	0.01209
21	0.01095	0.00732	0.00830	0.00838	0.00840	0.00730	0.00471	0.01101	0.01119	0.01492	0.02474	0.08138	0.02863	0.70024	0.03725	0.00715	0.00722	0.01152	0.00471	0.00467
22	0.01110	0.00832	0.01037	0.00975	0.01178	0.00786	0.00734	0.01571	0.06443	0.02954	0.57967	0.05636	0.12800	0.01552	0.00887	0.00242	0.00377	0.01360	0.00818	0.00741
23	0.01887	0.01629	0.01715	0.01544	0.01972	0.01887	0.01201	0.04031	0.67241	0.03173	0.03087	0.02830	0.02315	0.01029	0.00772	0.00257	0.00600	0.00858	0.00772	0.01201
24	0.02167	0.01016	0.01358	0.01135	0.01499	0.00903	0.00894	0.02482	0.02123	0.33978	0.35410	0.04196	0.04533	0.03688	0.00933	0.00254	0.00505	0.01077	0.00871	0.00977
25	0.01573	0.01348	0.01573	0.01123	0.01798	0.01011	0.00899	0.01910	0.01573	0.02472	0.01348	0.01573	0.01123	0.00562	0.00562	0.00112	0.00562	0.00449	0.00449	0.77980
26	0.00929	0.00664	0.00884	0.01053	0.01101	0.00619	0.00704	0.01068	0.01473	0.01970	0.06119	0.70814	0.05082	0.02351	0.00966	0.00306	0.00438	0.02133	0.00708	0.00619
27	0.00937	0.00712	0.00864	0.00949	0.01081	0.00638	0.00665	0.01122	0.01643	0.02134	0.14680	0.41913	0.25704	0.02109	0.00934	0.00281	0.00410	0.01863	0.00723	0.00638
28	0.04919	0.03112	0.49414	0.01867	0.02780	0.01565	0.02242	0.02517	0.01648	0.13993	0.01715	0.02025	0.01258	0.06549	0.00968	0.00279	0.00986	0.00633	0.00445	0.01086
29	0.01097	0.00733	0.00829	0.00836	0.00837	0.00731	0.00469	0.01101	0.01116	0.01488	0.02455	0.07445	0.02840	0.70750	0.03755	0.00720	0.00725	0.01142	0.00469	0.00465
30	0.00923	0.00666	0.00874	0.01040	0.01096	0.00617	0.00697	0.01058	0.01468	0.01943	0.04382	0.69084	0.08651	0.02350	0.00964	0.00305	0.00437	0.02124	0.00704	0.00617
31	0.12353	0.01379	0.01665	0.01354	0.01861	0.01345	0.01110	0.13834	0.02217	0.40347	0.02710	0.08068	0.02052	0.01092	0.00760	0.00247	0.00658	0.04992	0.00816	0.01141
32	0.03307	0.01370	0.01800	0.01388	0.01971	0.01243	0.01144	0.08750	0.04623	0.61565	0.02901	0.02529	0.01846	0.00940	0.00763	0.00235	0.00659	0.00760	0.00918	0.01288
33	0.00949	0.00692	0.00894	0.01009	0.01099	0.00637	0.00694	0.01129	0.01608	0.02152	0.16390	0.53873	0.11719	0.02178	0.00947	0.00290	0.00419	0.01956	0.00728	0.00637
34	0.01093	0.00731	0.00830	0.00840	0.00843	0.00729	0.00474	0.01100	0.01123	0.01497	0.02493	0.08862	0.02887	0.69268	0.03695	0.00711	0.00718	0.01164	0.00474	0.00469
35	0.00953	0.00688	0.00865	0.00986	0.01054	0.00640	0.00655	0.01082	0.01462	0.01927	0.06898	0.52898	0.12011	0.12492	0.01373	0.00361	0.00473	0.01910	0.00674	0.00600
36	0.00940	0.00674	0.00907	0.01063	0.01118	0.00642	0.00721	0.01089	0.01461	0.01964	0.06308	0.65811	0.04885	0.02568	0.05587	0.00366	0.00543	0.02039	0.00689	0.00624
37	0.01103	0.00735	0.00827	0.00827	0.00827	0.00735	0.00460	0.01103	0.01103	0.01471	0.02390	0.04964	0.02758	0.73343	0.03861	0.00735	0.00735	0.01103	0.00460	0.00460
38	0.06389	0.01298	0.01735	0.01336	0.01918	0.01138	0.01103	0.03638	0.02136	0.66531	0.02916	0.02528	0.01836	0.00929	0.00751	0.00235	0.00643	0.00749	0.00920	0.01272
39	0.01117	0.00861	0.01282	0.01263	0.01391	0.01027	0.00989	0.01382	0.01216	0.01765	0.01972	0.02904	0.01845	0.05438	0.66441	0.01168	0.06047	0.00804	0.00402	0.00686
40	0.02850	0.02015	0.02179	0.01678	0.02265	0.02210	0.01383	0.59715	0.03401	0.08392	0.01917	0.01908	0.01352	0.00911	0.00749	0.00226	0.00803	0.00689	0.04094	0.01265
41	0.01773	0.01525	0.01612	0.01468	0.01872	0.01738	0.01144	0.03677	0.58999	0.03039	0.03539	0.03436	0.08404	0.01147	0.00793	0.00260	0.00584	0.03094	0.00763	0.01132
42	0.01877	0.01802	0.03079	0.04656	0.68612	0.01802	0.02328	0.02328	0.01727	0.02478	0.01427	0.01877	0.01201	0.00676	0.00751	0.00225	0.00901	0.00676	0.00375	0.01201
43	0.01093	0.00737	0.00825	0.00825	0.00837	0.00731	0.00465	0.01102	0.01132	0.01498	0.02637	0.05073	0.05823	0.70003	0.03722	0.00713	0.00719	0.01126	0.00471	0.00468
44	0.02833	0.03615	0.02149	0.01954	0.02345	0.70298	0.01466	0.03029	0.02149	0.01856	0.01172	0.01368	0.00977	0.00782	0.00684	0.00195	0.01368	0.00489	0.00391	0.00879
45	0.01558	0.03666	0.60506	0.02304	0.03376	0.01783	0.11451	0.02406	0.01627	0.02406	0.01385	0.01662	0.00987	0.00709	0.00745	0.00242	0.01143	0.00606	0.00329	0.01108
46	0.01432	0.01348	0.02275	0.71520	0.05224	0.01685	0.02107	0.01938	0.01517	0.01938	0.01348	0.02022	0.01011	0.00758	0.00758	0.00253	0.01011	0.00674	0.00337	0.00843
47	0.01103	0.00735	0.00827	0.00827	0.00827	0.00735	0.00460	0.01103	0.01103	0.01471	0.02390	0.04964	0.02758	0.73343	0.03861	0.00735	0.00735	0.01103	0.00460	0.00460
48	0.01877	0.01802	0.03079	0.04656	0.68612	0.01802	0.02328	0.02328	0.01727	0.02478	0.01427	0.01877	0.01201	0.00676	0.00751	0.00225	0.00901	0.00676	0.00375	0.01201
49	0.70346	0.06314	0.01355	0.01050	0.01537	0.01816	0.00880	0.04967	0.01405	0.03354	0.01089	0.01256	0.00852	0.00709	0.00483	0.00230	0.00612	0.00422	0.00472	0.00852
50	0.01103	0.00735	0.00827	0.00827	0.00827	0.00735	0.00460	0.01103	0.01103	0.01471	0.02390	0.04964	0.02758	0.73343	0.03861	0.00735	0.00735	0.01103	0.00460	0.00460
51	0.04447	0.01113	0.01461	0.01377	0.01451	0.01385	0.01078	0.01562	0.01339	0.02101	0.02320	0.23920	0.02463	0.01836	0.06102	0.00351	0.29302	0.01132	0.14529	0.00731
52	0.01285	0.00670	0.00964	0.00964	0.00964	0.00670	0.00628	0.01006	0.01006	0.01341	0.01481	0.02711	0.01537	0.13405	0.03101	0.66173	0.00670	0.00726	0.00349	0.00349
53	0.01573	0.01348	0.01573	0.01123	0.01798	0.01011	0.00899	0.01910	0.01573	0.02472	0.01348	0.01573	0.01123	0.00562	0.00562	0.00112	0.00562	0.00449	0.00449	0.77980
54	0.00924	0.00660	0.00880	0.01056	0.01100	0.00616	0.00704	0.01056	0.01452	0.01936	0.04181	0.72848	0.05017	0.02376	0.00968	0.00308	0.00440	0.02156	0.00704	0.00616
55	0.01287	0.00951	0.01264	0.01384	0.01587	0.00976	0.01186	0.01838	0.09129	0.02423	0.08189	0.07720	0.04321	0.01939	0.01006	0.00332	0.00665	0.52331	0.00716	0.00756
56	0.02028	0.73799	0.03975	0.01298	0.01947	0.03001	0.01298	0.02271	0.01541	0.01785	0.01055	0.01217	0.00973	0.00649	0.00487	0.00162	0.00811	0.00406	0.00324	0.00973
57	0.01103	0.00735	0.00827	0.00827	0.00827	0.00735	0.00460	0.01103	0.01103	0.01471	0.02390	0.04964	0.02758	0.73343	0.03861	0.00735	0.00735	0.01103	0.00460	0.00460
58	0.00985	0.00724	0.00935	0.01067	0.01177	0.00674	0.00780	0.01182	0.01597	0.02091	0.09104	0.46360	0.14757	0.02198	0.00967	0.00303	0.00473	0.13272	0.00712	0.00642
59	0.01432	0.01348	0.02275	0.71520	0.05224	0.01685	0.02107	0.01938	0.01517	0.01938	0.01348	0.02022	0.01011	0.00758	0.00758	0.00253	0.01011	0.00674	0.00337	0.00843
60	0.01414	0.00707	0.00707	0.00707	0.00884	0.00707	0.00530	0.01767	0.01591	0.02828	0.02474	0.02828	0.01944	0.00884	0.00530	0.00177	0.00353	0.00707	0.77554	0.00707
61	0.01063	0.00775	0.01000	0.00944	0.01127	0.00711	0.00708	0.01412	0.02123	0.02985	0.64735	0.05760	0.10668	0.01572	0.00895	0.00240	0.00359	0.01385	0.00827	0.00711
62	0.02260	0.01815	0.01926	0.01619	0.02115	0.02061	0.01291	0.27305	0.43358	0.03776	0.02612	0.02452	0.01931	0.00985	0.00767	0.00246	0.00688	0.00792	0.00767	0.01234
63	0.03382	0.01325	0.01781	0.01366	0.01953	0.01166	0.01128	0.06264	0.02228	0.66488	0.02944	0.02550	0.01853	0.00938	0.00763	0.00234	0.00653	0.00759	0.00931	0.01291
64	0.02922	0.02062	0.02238	0.01716	0.02321	0.02260	0.01417	0.61427	0.03462	0.09583	0.01908	0.01878	0.01334	0.00913	0.00759	0.00228	0.00821	0.00689	0.00772	0.01290
65	0.00908	0.00769	0.00785	0.00781	0.01032	0.00645	0.00586	0.01111	0.01757	0.02115	0.11726	0.07191	0.64220	0.01896	0.00896	0.00255	0.00382	0.01586	0.00713	0.00645
66	0.00928	0.00770	0.00812	0.00801	0.01044	0.00654	0.00601	0.01149	0.01803	0.02225	0.18386	0.07011	0.57492	0.01856	0.00896	0.00253	0.00380	0.01560	0.00727	0.00654
67	0.01096	0.00765	0.00977	0.00977	0.01029	0.00817	0.00647	0.01199	0.01147	0.01582	0.02253	0.04204	0.02428	0.47434	0.29319	0.00921	0.01232	0.00992	0.00439	0.00543
68	0.01103	0.00735	0.00827	0.00827	0.00827	0.00735	0.00460	0.01103	0.01103	0.01471	0.02390	0.04964	0.02758	0.73343	0.03861	0.00735	0.00735	0.01103	0.00460	0.00460
69	0.00934	0.00795	0.00808	0.00800	0.01058	0.00681	0.00601	0.01192	0.03727	0.02126	0.10137	0.07095	0.63690	0.01878	0.00893	0.00255	0.00390	0.01569	0.00712	0.00660
70	0.00918	0.00769	0.00798	0.00791	0.01038	0.00649	0.00593	0.01130	0.01780	0.02170	0.15030	0.07101	0.60882	0.01876	0.00896	0.00254	0.00381	0.01573	0.00720	0.00649
71	0.02883	0.02125	0.02276	0.01745	0.02352	0.02352	0.01442	0.66082	0.03566	0.04780	0.01821	0.01821	0.01290	0.00911	0.00759	0.00228	0.00835	0.00683	0.00759	0.01290
72	0.00896	0.00768	0.00768	0.00768	0.01025	0.00640	0.00576	0.01089	0.01729	0.02049	0.07684	0.07300	0.68304	0.01921	0.00896	0.00256	0.00384	0.01601	0.00704	0.00640
73	0.01067	0.00823	0.01006	0.01097	0.01311	0.00762	0.00915	0.01341	0.01738	0.02165	0.05763	0.07958	0.34825	0.02012	0.00976	0.00305	0.00549	0.34015	0.00701	0.00671
74	0.03213	0.01596	0.01949	0.01494	0.02088	0.01567	0.01234	0.26496	0.02681	0.45617	0.02564	0.02304	0.01663	0.00928	0.00761	0.00232	0.00715	0.00734	0.00873	0.01291
75	0.01063	0.00775	0.01000	0.00944	0.01127	0.00711	0.00708	0.01412	0.02123	0.02985	0.64770	0.05759	0.10634	0.01572	0.00895	0.00240	0.00359	0.01385	0.00828	0.00711
76	0.02883	0.02125	0.02276	0.01745	0.02352	0.02352	0.01442	0.66082	0.03566	0.04780	0.01821	0.01821	0.01290	0.00911	0.00759	0.00228	0.00835	0.00683	0.00759	0.01290
77	0.01847	0.01819	0.02873	0.17252	0.52757	0.05674	0.02237	0.02293	0.01711	0.02340	0.01397	0.01876	0.01152	0.00698	0.00749	0.00229	0.00949	0.00665	0.00369	0.01115
78	0.01085	0.00807	0.01191	0.01191	0.01317	0.00933	0.00913	0.01336	0.01211	0.01740	0.02057	0.03122	0.01958	0.10527	0.65583	0.01184	0.01939	0.00833	0.00410	0.00662
79	0.08033	0.03816	0.01759	0.05411	0.04829	0.01475	0.01141	0.13149	0.09092	0.07653	0.12492	0.04525	0.02379	0.00938	0.00706	0.00206	0.00632	0.00770	0.00628	0.20367
80	0.07136	0.68980	0.03784	0.01278	0.01915	0.02915	0.01266	0.02268	0.01525	0.01892	0.01055	0.01218	0.00963	0.00653	0.00486	0.00167	0.00796	0.00406	0.00334	0.00963
81	0.72637	0.01453	0.01167	0.01026	0.01505	0.01654	0.00845	0.02348	0.01362	0.08697	0.01212	0.01341	0.00907	0.00723	0.00493	0.00235	0.00591	0.00439	0.00507	0.00859
82	0.03119	0.01747	0.02043	0.01566	0.02164	0.01792	0.01294	0.37850	0.02935	0.33905	0.02351	0.02165	0.01556	0.00923	0.00761	0.00231	0.00749	0.00719	0.00840	0.01290
83	0.02883	0.02125	0.02276	0.01745	0.02352	0.02352	0.01442	0.66082	0.03566	0.04780	0.01821	0.01821	0.01290	0.00911	0.00759	0.00228	0.00835	0.00683	0.00759	0.01290
84	0.01999	0.01927	0.02972	0.04308	0.60429	0.05733	0.02220	0.06615	0.01874	0.02596	0.01439	0.01845	0.01195	0.00697	0.00748	0.00224	0.00923	0.00666	0.00402	0.01189
85	0.03403	0.01291	0.01760	0.01350	0.01936	0.01115	0.01115	0.03697	0.02171	0.69137	0.02992	0.02582	0.01878	0.00939	0.00763	0.00235	0.00645	0.00763	0.00939	0.01291
86	0.09176	0.01304	0.01711	0.01323	0.01900	0.01160	0.01092	0.03584	0.02104	0.64098	0.02844	0.02478	0.01797	0.00921	0.00740	0.00235	0.00641	0.00736	0.00903	0.01255
87	0.78701	0.01467	0.01115	0.00997	0.01467	0.01702	0.00821	0.02230	0.01291	0.03403	0.01056	0.01232	0.00821	0.00704	0.00469	0.00235	0.00587	0.00411	0.00469	0.00821
88	0.01028	0.00768	0.00955	0.00919	0.01108	0.00695	0.00685	0.01340	0.02024	0.02776	0.52178	0.09160	0.20229	0.01669	0.00898	0.00246	0.00367	0.01458	0.00801	0.00695
89	0.01103	0.00735	0.00827	0.00827	0.00827	0.00735	0.00460	0.01103	0.01103	0.01471	0.02390	0.04964	0.02758	0.73343	0.03861	0.00735	0.00735	0.01103	0.00460	0.00460
90	0.78701	0.01467	0.01115	0.00997	0.01467	0.01702	0.00821	0.02230	0.01291	0.03403	0.01056	0.01232	0.00821	0.00704	0.00469	0.00235	0.00587	0.00411	0.00469	0.00821
91	0.01103	0.00735	0.00827	0.00827	0.00827	0.00735	0.00460	0.01103	0.01103	0.01471	0.02390	0.04964	0.02758	0.73343	0.03861	0.00735	0.00735	0.01103	0.00460	0.00460
92	0.00912	0.00769	0.00790	0.00785	0.01034	0.00647	0.00589	0.01119	0.01766	0.02138	0.13124	0.07153	0.62808	0.01888	0.00896	0.00255	0.00382	0.01580	0.00716	0.00647
93	0.03294	0.01315	0.01757	0.01364	0.01939	0.01170	0.01121	0.03721	0.06856	0.64387	0.02999	0.02600	0.01909	0.00945	0.00763	0.00236	0.00642	0.00770	0.00927	0.01284
94	0.01887	0.01629	0.01715	0.01544	0.01972	0.01887	0.01201	0.04031	0.67241	0.03173	0.03087	0.02830	0.02315	0.01029	0.00772	0.00257	0.00600	0.00858	0.00772	0.01201
95	0.00910	0.00769	0.00787	0.00783	0.01033	0.00646	0.00587	0.01115	0.01761	0.02126	0.12351	0.07174	0.63589	0.01892	0.00896	0.00255	0.00382	0.01583	0.00714	0.00646
96	0.01220	0.00806	0.01034	0.00959	0.01154	0.00739	0.00713	0.01534	0.02038	0.07213	0.54986	0.05497	0.09919	0.07512	0.01133	0.00281	0.00410	0.01322	0.00803	0.00728
97	0.01103	0.00735	0.00827	0.00827	0.00827	0.00735	0.00460	0.01103	0.01103	0.01471	0.02390	0.04964	0.02758	0.73343	0.03861	0.00735	0.00735	0.01103	0.00460	0.00460
98	0.03403	0.01291	0.01760	0.01350	0.01936	0.01115	0.01115	0.03697	0.02171	0.69137	0.02992	0.02582	0.01878	0.00939	0.00763	0.00235	0.00645	0.00763	0.00939	0.01291
99	0.00928	0.00672	0.00878	0.01033	0.01096	0.00622	0.00696	0.01073	0.01498	0.01988	0.06953	0.65817	0.09318	0.02313	0.00960	0.00302	0.00433	0.02088	0.00709	0.00622
100	0.02012	0.70710	0.03904	0.01328	0.01949	0.02972	0.01313	0.02252	0.01525	0.01786	0.01052	0.01236	0.00974	0.00678	0.00572	0.00169	0.03858	0.00417	0.00325	0.00967
101	0.01103	0.00735	0.00827	0.00827	0.00827	0.00735	0.00460	0.01103	0.01103	0.01471	0.02390	0.04964	0.02758	0.73343	0.03861	0.00735	0.00735	0.01103	0.00460	0.00460
102	0.01084	0.00813	0.01219	0.01219	0.01354	0.00948	0.00948	0.01354	0.01219	0.01761	0.02032	0.02980	0.01896	0.05689	0.70337	0.01219	0.02032	0.00813	0.00406	0.00677
103	0.01071	0.00771	0.01000	0.01154	0.04831	0.00745	0.00697	0.01195	0.01413	0.01916	0.11438	0.32356	0.04144	0.31347	0.02135	0.00470	0.00577	0.01539	0.00602	0.00598
104	0.00907	0.00769	0.00782	0.00779	0.01031	0.00645	0.00584	0.01108	0.01753	0.02105	0.11125	0.07207	0.64827	0.01900	0.00896	0.00255	0.00383	0.01588	0.00712	0.00645
105	0.01103	0.00735	0.00827	0.00827	0.00827	0.00735	0.00460	0.01103	0.01103	0.01471	0.02390	0.04964	0.02758	0.73343	0.03861	0.00735	0.00735	0.01103	0.00460	0.00460
106	0.02723	0.03453	0.02071	0.01887	0.02270	0.66337	0.01415	0.02919	0.02126	0.01867	0.01543	0.01705	0.04805	0.00846	0.00696	0.00199	0.01312	0.00552	0.00409	0.00866
107	0.01634	0.19466	0.54858	0.01970	0.02986	0.02037	0.02468	0.02373	0.01588	0.02265	0.01293	0.01516	0.00964	0.00705	0.00669	0.00223	0.01052	0.00526	0.00321	0.01088
108	0.00924	0.00660	0.00880	0.01056	0.01100	0.00616	0.00704	0.01056	0.01452	0.01936	0.04181	0.72848	0.05017	0.02376	0.00968	0.00308	0.00440	0.02156	0.00704	0.00616
109	0.03302	0.01270	0.01720	0.01326	0.01900	0.01096	0.01093	0.03592	0.02153	0.66440	0.03181	0.02771	0.04548	0.00978	0.00768	0.00236	0.00635	0.00796	0.00929	0.01265
110	0.11215	0.08610	0.05926	0.01655	0.02171	0.26021	0.01379	0.12280	0.13274	0.07829	0.01720	0.01761	0.01301	0.00831	0.00677	0.00218	0.00954	0.00589	0.00551	0.01041
111	0.01103	0.00735	0.00827	0.00827	0.00827	0.00735	0.00460	0.01103	0.01103	0.01471	0.02390	0.04964	0.02758	0.73343	0.03861	0.00735	0.00735	0.01103	0.00460	0.00460
112	0.00924	0.00660	0.00880	0.01056	0.01100	0.00616	0.00704	0.01056	0.01452	0.01936	0.04181	0.72848	0.05017	0.02376	0.00968	0.00308	0.00440	0.02156	0.00704	0.00616
113	0.01877	0.01802	0.03079	0.04656	0.68612	0.01802	0.02328	0.02328	0.01727	0.02478	0.01427	0.01877	0.01201	0.00676	0.00751	0.00225	0.00901	0.00676	0.00375	0.01201
114	0.17581	0.04414	0.05748	0.02496	0.03196	0.01840	0.42924	0.02487	0.01705	0.08089	0.01535	0.01881	0.01131	0.00680	0.00778	0.00246	0.01064	0.00757	0.00443	0.01006
115	0.72260	0.01454	0.01191	0.03915	0.01642	0.01675	0.00887	0.02281	0.01338	0.06189	0.01152	0.01323	0.00875	0.00716	0.00494	0.00235	0.00607	0.00437	0.00484	0.00843
116	0.65161	0.07273	0.03461	0.05755	0.01810	0.01805	0.01004	0.02219	0.01335	0.03147	0.01085	0.01295	0.00850	0.00704	0.00498	0.00230	0.00649	0.00432	0.00445	0.00844

[dist]
# distance from previous block
# <min> <max>
8	12

[block]
# block no. 2 follows, 26 sequences, length 6
# corresponding to MSA columns:
# 278-283
name=unknown_C
#
# <colnr> <probs for GDERKNQSTAVLIFYWHMCP>
#	G	D	E	R	K	N	Q	S	T	A	V	L	I	F	Y	W	H	M	C	P
0	0.02400	0.19513	0.21036	0.01707	0.02432	0.11080	0.01723	0.13294	0.02095	0.15341	0.01653	0.01704	0.01196	0.00785	0.00675	0.00213	0.00942	0.00574	0.00522	0.01115
1	0.06737	0.29287	0.10698	0.01240	0.01696	0.01893	0.01156	0.05663	0.01493	0.02032	0.01627	0.02673	0.01634	0.27286	0.01766	0.00390	0.00809	0.00697	0.00409	0.00813
2	0.02883	0.02125	0.02276	0.01745	0.02352	0.02352	0.01442	0.66082	0.03566	0.04780	0.01821	0.01821	0.01290	0.00911	0.00759	0.00228	0.00835	0.00683	0.00759	0.01290
3	0.02028	0.73799	0.03975	0.01298	0.01947	0.03001	0.01298	0.02271	0.01541	0.01785	0.01055	0.01217	0.00973	0.00649	0.00487	0.00162	0.00811	0.00406	0.00324	0.00973
4	0.02539	0.02218	0.10530	0.01736	0.02357	0.02124	0.01546	0.52334	0.03132	0.04230	0.01974	0.08131	0.01581	0.01018	0.00773	0.00236	0.00835	0.00799	0.00699	0.01209
5	0.02028	0.73799	0.03975	0.01298	0.01947	0.03001	0.01298	0.02271	0.01541	0.01785	0.01055	0.01217	0.00973	0.00649	0.00487	0.00162	0.00811	0.00406	0.00324	0.00973

[dist]
# distance from previous block
# <min> <max>
0	2

# created by:
# /st0/software/busco_prod/Augustus/scripts/msa2prfl.pl ./align_prep/130768.fa
