[name]
unknown

[dist]
# distance from previous block
# <min> <max>
0	22

[block]
# block no. 0 follows, 24 sequences, length 14
# corresponding to MSA columns:
# 22-35
name=unknown_A
#
# <colnr> <probs for GDERKNQSTAVLIFYWHMCP>
#	G	D	E	R	K	N	Q	S	T	A	V	L	I	F	Y	W	H	M	C	P
0	0.01398	0.01150	0.01321	0.01418	0.01622	0.07006	0.01192	0.01750	0.01949	0.02499	0.16723	0.07650	0.04841	0.01950	0.01028	0.00327	0.00720	0.43972	0.00730	0.00751
1	0.05059	0.25349	0.36451	0.01786	0.02651	0.02119	0.02080	0.02381	0.01647	0.04626	0.01634	0.07865	0.01418	0.00893	0.00689	0.00231	0.00963	0.00686	0.00402	0.01068
2	0.02864	0.01853	0.02118	0.07814	0.02530	0.04355	0.01414	0.29455	0.08724	0.23004	0.02295	0.02226	0.01584	0.00933	0.00781	0.00237	0.00812	0.00734	0.00779	0.05487
3	0.17801	0.01615	0.01834	0.01689	0.07817	0.01647	0.01228	0.09383	0.16149	0.15386	0.02130	0.02116	0.01559	0.00848	0.00695	0.00224	0.00679	0.00664	0.00671	0.15866
4	0.02119	0.11718	0.02866	0.16593	0.18253	0.21100	0.05892	0.02488	0.01841	0.02146	0.01584	0.01967	0.03587	0.00826	0.00819	0.00232	0.03911	0.00664	0.00394	0.01002
5	0.02554	0.01787	0.05418	0.01770	0.02359	0.01736	0.07746	0.08466	0.30073	0.24898	0.02839	0.02644	0.01991	0.00977	0.00813	0.00258	0.00761	0.00838	0.00800	0.01271
6	0.13314	0.07831	0.36127	0.01729	0.02503	0.01648	0.01962	0.02253	0.01617	0.05746	0.02038	0.15935	0.01897	0.01110	0.00750	0.00259	0.00892	0.00902	0.00473	0.01013
7	0.01625	0.07958	0.46277	0.16166	0.03801	0.01922	0.06648	0.02405	0.01665	0.02371	0.01411	0.01768	0.01029	0.00751	0.00757	0.00249	0.01138	0.00622	0.00343	0.01096
8	0.01298	0.01054	0.01243	0.01062	0.01457	0.00881	0.00819	0.01666	0.03716	0.02645	0.22273	0.08935	0.17192	0.01373	0.00812	0.00213	0.00483	0.02958	0.00679	0.29242
9	0.17403	0.01569	0.02188	0.04053	0.05047	0.01764	0.09303	0.04114	0.01676	0.08555	0.08933	0.02381	0.01923	0.03089	0.01337	0.00284	0.19684	0.00766	0.00527	0.05405
10	0.01172	0.00897	0.01099	0.01208	0.01337	0.00916	0.00842	0.01740	0.14650	0.02289	0.04137	0.57578	0.04667	0.02196	0.00970	0.00311	0.00494	0.01977	0.00751	0.00769
11	0.01595	0.01470	0.02259	0.56198	0.04767	0.01805	0.02009	0.02473	0.14704	0.02290	0.01781	0.02287	0.01336	0.00851	0.00796	0.00265	0.00969	0.00744	0.00445	0.00957
12	0.01735	0.01735	0.02429	0.02082	0.02082	0.02429	0.01735	0.01908	0.01214	0.01908	0.01041	0.01735	0.01041	0.01388	0.02602	0.00347	0.70680	0.00694	0.00347	0.00867
13	0.01509	0.01099	0.01330	0.01167	0.01445	0.01098	0.00903	0.14385	0.02548	0.03552	0.53506	0.05102	0.06228	0.01484	0.00906	0.00247	0.00476	0.01287	0.00857	0.00871

[dist]
# distance from previous block
# <min> <max>
0	3

[block]
# block no. 1 follows, 24 sequences, length 20
# corresponding to MSA columns:
# 39-58
name=unknown_B
#
# <colnr> <probs for GDERKNQSTAVLIFYWHMCP>
#	G	D	E	R	K	N	Q	S	T	A	V	L	I	F	Y	W	H	M	C	P
0	0.01348	0.01242	0.02212	0.01741	0.02136	0.01149	0.21407	0.01801	0.02080	0.02869	0.39771	0.04861	0.11304	0.01349	0.00936	0.00257	0.00690	0.01296	0.00706	0.00845
1	0.01017	0.00729	0.00966	0.01070	0.01161	0.00678	0.00740	0.01232	0.01755	0.02400	0.24667	0.50246	0.05973	0.02204	0.00987	0.00298	0.00432	0.01988	0.00781	0.00678
2	0.00937	0.00803	0.00803	0.00803	0.01071	0.00669	0.00602	0.01138	0.01807	0.02142	0.08033	0.07632	0.66863	0.02008	0.00937	0.00268	0.00402	0.01674	0.00736	0.00669
3	0.01475	0.01215	0.01454	0.01117	0.01653	0.00957	0.00877	0.01834	0.01840	0.02778	0.22669	0.03036	0.03226	0.00924	0.00700	0.00160	0.00518	0.00783	0.00601	0.52183
4	0.01788	0.01722	0.02421	0.03330	0.39324	0.08137	0.01796	0.02201	0.01992	0.02718	0.22698	0.03198	0.03258	0.01015	0.00827	0.00237	0.00806	0.00924	0.00550	0.01058
5	0.26145	0.01182	0.01365	0.04180	0.07416	0.01257	0.01147	0.01837	0.01621	0.02700	0.03245	0.12968	0.09165	0.01550	0.00834	0.00296	0.00659	0.21016	0.00609	0.00808
6	0.01231	0.00892	0.01277	0.01400	0.01569	0.00938	0.01185	0.01569	0.01646	0.02200	0.03524	0.07049	0.03724	0.03413	0.23180	0.00661	0.01184	0.42006	0.00631	0.00723
7	0.01665	0.01694	0.03210	0.42016	0.11128	0.01853	0.22426	0.02234	0.01700	0.02249	0.01481	0.02107	0.01124	0.00744	0.00839	0.00262	0.01137	0.00780	0.00372	0.00979
8	0.01800	0.26167	0.40849	0.02224	0.09273	0.02267	0.02369	0.02459	0.01667	0.02309	0.01326	0.01572	0.01034	0.00724	0.00677	0.00223	0.01044	0.00545	0.00342	0.01130
9	0.01966	0.01825	0.02755	0.03809	0.46002	0.01913	0.02050	0.03013	0.22606	0.02827	0.02056	0.02287	0.01635	0.00827	0.00792	0.00246	0.00840	0.00768	0.00527	0.01256
10	0.03381	0.01633	0.02016	0.01545	0.02166	0.01586	0.01277	0.23601	0.02744	0.47327	0.02730	0.02440	0.01763	0.00972	0.00796	0.00243	0.00739	0.00770	0.00920	0.01349
11	0.01798	0.01667	0.02596	0.12259	0.37828	0.01599	0.01917	0.02238	0.01724	0.02514	0.01454	0.01879	0.01203	0.00679	0.00722	0.00201	0.00842	0.00629	0.00412	0.25838
12	0.01640	0.02796	0.35775	0.01848	0.02627	0.01709	0.02036	0.02903	0.22609	0.02880	0.12456	0.02771	0.02501	0.00997	0.00800	0.00257	0.00867	0.00823	0.00574	0.01131
13	0.01500	0.01297	0.01767	0.27375	0.03084	0.01510	0.01468	0.02475	0.22429	0.02439	0.02801	0.20610	0.02629	0.01510	0.03274	0.00317	0.00799	0.01178	0.00603	0.00935
14	0.01639	0.01053	0.01082	0.01024	0.01294	0.01140	0.00782	0.02617	0.22510	0.03074	0.02795	0.02957	0.02159	0.00973	0.00636	0.00212	0.00453	0.00790	0.51901	0.00907
15	0.02474	0.01221	0.01649	0.01396	0.01810	0.01133	0.03141	0.08960	0.02159	0.34397	0.06728	0.25187	0.03235	0.01491	0.00879	0.00271	0.00631	0.01301	0.00857	0.01079
16	0.01539	0.18276	0.24671	0.01801	0.02453	0.01764	0.08712	0.02026	0.01631	0.02210	0.02330	0.24385	0.02409	0.01290	0.00803	0.00258	0.00885	0.01131	0.00474	0.00954
17	0.01845	0.01932	0.03449	0.13194	0.22043	0.04534	0.25724	0.02351	0.01763	0.02406	0.03681	0.02139	0.01385	0.00819	0.01055	0.00264	0.09149	0.00809	0.00402	0.01056
18	0.01721	0.01776	0.01446	0.01338	0.01597	0.22932	0.01003	0.02040	0.02245	0.02777	0.45447	0.04462	0.05381	0.01360	0.00864	0.00235	0.00718	0.01134	0.00722	0.00804
19	0.01789	0.09159	0.28292	0.02511	0.03390	0.01946	0.28064	0.02530	0.03507	0.04263	0.05560	0.02152	0.01548	0.00779	0.00821	0.00251	0.01135	0.00782	0.00425	0.01096

[dist]
# distance from previous block
# <min> <max>
0	9

[block]
# block no. 2 follows, 24 sequences, length 8
# corresponding to MSA columns:
# 68-75
name=unknown_C
#
# <colnr> <probs for GDERKNQSTAVLIFYWHMCP>
#	G	D	E	R	K	N	Q	S	T	A	V	L	I	F	Y	W	H	M	C	P
0	0.02628	0.01189	0.01572	0.01284	0.01741	0.01076	0.01030	0.03083	0.06372	0.41631	0.24756	0.03811	0.03868	0.01205	0.00845	0.00248	0.00570	0.01020	0.00933	0.01139
1	0.01318	0.01043	0.01309	0.01210	0.01210	0.01240	0.00836	0.01367	0.01171	0.01643	0.02085	0.04209	0.02360	0.52063	0.03629	0.00649	0.20601	0.01023	0.00443	0.00590
2	0.02459	0.02268	0.02246	0.21237	0.03238	0.18477	0.01663	0.21176	0.10816	0.05924	0.01824	0.02020	0.01353	0.00891	0.00776	0.00242	0.01021	0.00689	0.00584	0.01098
3	0.01674	0.01509	0.02237	0.05726	0.04503	0.01690	0.10881	0.06968	0.03992	0.04680	0.05830	0.03743	0.20091	0.01347	0.01383	0.00285	0.20931	0.01049	0.00560	0.00920
4	0.01478	0.00739	0.00739	0.00739	0.00924	0.00739	0.00554	0.01848	0.01663	0.02956	0.02587	0.02956	0.02033	0.00924	0.00554	0.00185	0.00370	0.00739	0.76534	0.00739
5	0.01914	0.01160	0.01205	0.01047	0.01359	0.01227	0.00825	0.19633	0.02249	0.03535	0.02393	0.02658	0.01838	0.00932	0.00622	0.00200	0.00512	0.00732	0.55048	0.00912
6	0.02261	0.01980	0.02981	0.04004	0.48823	0.02047	0.02171	0.20052	0.02351	0.03273	0.01609	0.01946	0.01282	0.00776	0.00787	0.00236	0.00922	0.00709	0.00506	0.01282
7	0.01649	0.19658	0.30255	0.01951	0.05911	0.01894	0.02055	0.02228	0.01709	0.02320	0.02136	0.03654	0.02030	0.01141	0.00793	0.00263	0.00956	0.17932	0.00451	0.01014

[dist]
# distance from previous block
# <min> <max>
0	9

[block]
# block no. 3 follows, 24 sequences, length 9
# corresponding to MSA columns:
# 85-93
name=unknown_D
#
# <colnr> <probs for GDERKNQSTAVLIFYWHMCP>
#	G	D	E	R	K	N	Q	S	T	A	V	L	I	F	Y	W	H	M	C	P
0	0.02512	0.01892	0.02385	0.02510	0.18788	0.02020	0.01666	0.31293	0.10470	0.08790	0.02252	0.02718	0.01781	0.01014	0.00819	0.00253	0.00833	0.06040	0.00702	0.01260
1	0.77733	0.01534	0.01166	0.01043	0.01534	0.01779	0.00859	0.02331	0.01350	0.03558	0.01104	0.01288	0.00859	0.00736	0.00491	0.00245	0.00613	0.00429	0.00491	0.00859
2	0.01115	0.00764	0.00865	0.00884	0.00912	0.00748	0.00517	0.01147	0.01247	0.01639	0.03169	0.12122	0.08682	0.58990	0.03461	0.00680	0.00706	0.01310	0.00529	0.00513
3	0.01291	0.01032	0.01523	0.02037	0.17940	0.01012	0.01155	0.01501	0.01532	0.02084	0.03183	0.32843	0.03615	0.18367	0.01672	0.00409	0.00679	0.06767	0.00588	0.00769
4	0.01198	0.00856	0.01187	0.01370	0.01517	0.00844	0.01140	0.01506	0.01747	0.02284	0.04242	0.24902	0.04737	0.02265	0.01074	0.00354	0.00661	0.46673	0.00732	0.00708
5	0.01420	0.00930	0.01238	0.01148	0.01382	0.00928	0.00883	0.01881	0.05958	0.09274	0.40011	0.04703	0.05217	0.02625	0.18242	0.00511	0.00865	0.01188	0.00766	0.00829
6	0.01728	0.00920	0.01143	0.01037	0.01250	0.00849	0.00727	0.01892	0.01693	0.18740	0.13373	0.09895	0.09095	0.31607	0.02228	0.00477	0.00628	0.01235	0.00711	0.00773
7	0.02195	0.01933	0.02940	0.09131	0.45945	0.02021	0.02180	0.18217	0.02278	0.03160	0.01590	0.01959	0.01264	0.00776	0.00788	0.00238	0.00933	0.00708	0.00491	0.01251
8	0.01869	0.01116	0.01157	0.01015	0.01315	0.01177	0.00797	0.17811	0.02189	0.03476	0.02413	0.02688	0.01858	0.00931	0.00615	0.00198	0.00498	0.00733	0.57248	0.00894

[dist]
# distance from previous block
# <min> <max>
0	3

[block]
# block no. 4 follows, 24 sequences, length 53
# corresponding to MSA columns:
# 97-149
name=unknown_E
#
# <colnr> <probs for GDERKNQSTAVLIFYWHMCP>
#	G	D	E	R	K	N	Q	S	T	A	V	L	I	F	Y	W	H	M	C	P
0	0.01614	0.08367	0.02898	0.53456	0.04932	0.01931	0.11542	0.02138	0.01631	0.02089	0.01409	0.02037	0.01075	0.00763	0.00787	0.00256	0.01079	0.00713	0.00358	0.00923
1	0.01650	0.06346	0.44841	0.02686	0.16884	0.01826	0.02567	0.02383	0.01661	0.02435	0.01491	0.01857	0.01153	0.01240	0.07312	0.00343	0.01200	0.00630	0.00356	0.01139
2	0.01682	0.03500	0.49252	0.02725	0.09704	0.01878	0.15031	0.02510	0.01726	0.02525	0.01466	0.01794	0.01068	0.00732	0.00793	0.00253	0.01182	0.00667	0.00353	0.01160
3	0.10153	0.03563	0.02143	0.01947	0.02363	0.62488	0.01467	0.03086	0.02161	0.02096	0.01214	0.01416	0.01006	0.00809	0.00693	0.00208	0.01351	0.00503	0.00416	0.00913
4	0.05879	0.01689	0.02079	0.08198	0.02487	0.01780	0.01403	0.23910	0.04803	0.31923	0.02360	0.02276	0.01591	0.00970	0.00886	0.00251	0.04718	0.00744	0.00797	0.01255
5	0.03446	0.01358	0.01828	0.01409	0.02007	0.01193	0.01161	0.05822	0.02318	0.63127	0.05540	0.02797	0.02155	0.01005	0.00803	0.00245	0.00670	0.00819	0.00971	0.01326
6	0.01102	0.00815	0.01049	0.01198	0.01299	0.00805	0.00854	0.01470	0.07734	0.02192	0.04239	0.57204	0.04888	0.02312	0.01003	0.00322	0.00510	0.09548	0.00742	0.00714
7	0.01862	0.01783	0.03077	0.04423	0.57409	0.01771	0.05633	0.02312	0.01782	0.02533	0.01775	0.08671	0.01637	0.00875	0.00815	0.00246	0.00917	0.00868	0.00426	0.01187
8	0.01718	0.23510	0.39499	0.01925	0.02821	0.02123	0.05697	0.02343	0.01617	0.02232	0.01444	0.01922	0.01200	0.07591	0.01009	0.00278	0.01049	0.00613	0.00354	0.01055
9	0.01429	0.00734	0.00757	0.00774	0.00946	0.00730	0.00572	0.01776	0.01649	0.02867	0.02758	0.09559	0.02341	0.01074	0.00598	0.00198	0.00378	0.00885	0.69244	0.00730
10	0.01176	0.00846	0.01075	0.01188	0.01296	0.00830	0.00833	0.07227	0.01743	0.02325	0.04126	0.62334	0.04842	0.02325	0.00995	0.00316	0.00511	0.04556	0.00741	0.00715
11	0.01997	0.01653	0.01771	0.01571	0.02011	0.01871	0.01239	0.12164	0.48121	0.03451	0.06726	0.03449	0.05074	0.01179	0.00831	0.00268	0.00644	0.03983	0.00802	0.01192
12	0.01840	0.01613	0.02704	0.05124	0.18985	0.01640	0.16134	0.02518	0.10628	0.07631	0.02636	0.11308	0.05113	0.01151	0.00964	0.00273	0.04373	0.03735	0.00567	0.01062
13	0.01809	0.01710	0.02331	0.01992	0.02064	0.02315	0.01653	0.07892	0.01461	0.02200	0.01212	0.01863	0.01147	0.01715	0.07801	0.00412	0.58419	0.00708	0.00396	0.00901
14	0.01133	0.00850	0.01274	0.01274	0.01416	0.00991	0.00991	0.01416	0.01274	0.01841	0.02124	0.03115	0.01982	0.05947	0.68989	0.01274	0.02124	0.00850	0.00425	0.00708
15	0.01941	0.02010	0.03521	0.09318	0.34146	0.05023	0.23297	0.02571	0.05434	0.02539	0.01609	0.02066	0.01277	0.00727	0.00835	0.00249	0.01090	0.00786	0.00416	0.01147
16	0.02162	0.69161	0.04060	0.01391	0.02056	0.06434	0.01366	0.02414	0.01643	0.01869	0.01109	0.01280	0.01018	0.00685	0.00519	0.00171	0.00877	0.00428	0.00343	0.01013
17	0.01644	0.01409	0.01644	0.01175	0.01879	0.01057	0.00940	0.01997	0.01644	0.02584	0.01409	0.01644	0.01175	0.00587	0.00587	0.00117	0.00587	0.00470	0.00470	0.76979
18	0.09411	0.07825	0.04716	0.01403	0.01905	0.01561	0.01202	0.05377	0.10352	0.27072	0.14633	0.02968	0.02776	0.01073	0.00852	0.00247	0.03889	0.00847	0.00771	0.01118
19	0.01153	0.00769	0.00865	0.00865	0.00865	0.00769	0.00480	0.01153	0.01153	0.01538	0.02499	0.05189	0.02883	0.72131	0.04036	0.00769	0.00769	0.01153	0.00480	0.00480
20	0.01179	0.00840	0.01092	0.01033	0.01096	0.00850	0.03253	0.01266	0.01259	0.01711	0.05902	0.04816	0.02939	0.56206	0.12653	0.00789	0.00957	0.01118	0.00491	0.00551
21	0.01607	0.03987	0.64318	0.02323	0.03474	0.01851	0.06519	0.02513	0.01686	0.02513	0.01434	0.01701	0.01016	0.00748	0.00764	0.00252	0.01182	0.00606	0.00339	0.01166
22	0.01572	0.03915	0.64119	0.02213	0.03327	0.01787	0.02833	0.02461	0.01683	0.02503	0.01585	0.02099	0.01213	0.00837	0.00773	0.00258	0.01146	0.04169	0.00358	0.01146
23	0.01478	0.00739	0.00739	0.00739	0.00924	0.00739	0.00554	0.01848	0.01663	0.02956	0.02587	0.02956	0.02033	0.00924	0.00554	0.00185	0.00370	0.00739	0.76534	0.00739
24	0.01963	0.01884	0.03219	0.04867	0.67185	0.01884	0.02434	0.02434	0.01806	0.02591	0.01492	0.01963	0.01256	0.00707	0.00785	0.00236	0.00942	0.00707	0.00393	0.01256
25	0.01852	0.02084	0.04482	0.07550	0.06593	0.01986	0.58128	0.02504	0.01851	0.02510	0.01588	0.02131	0.01196	0.00678	0.00921	0.00266	0.01305	0.00913	0.00398	0.01065
26	0.01569	0.03347	0.48664	0.02323	0.03296	0.01732	0.13864	0.02353	0.01692	0.02460	0.01799	0.09900	0.01534	0.00939	0.00817	0.00262	0.01119	0.00844	0.00394	0.01092
27	0.01133	0.00850	0.01274	0.01274	0.01416	0.00991	0.00991	0.01416	0.01274	0.01841	0.02124	0.03115	0.01982	0.05947	0.68989	0.01274	0.02124	0.00850	0.00425	0.00708
28	0.00963	0.00796	0.00848	0.00874	0.01109	0.00680	0.00653	0.01171	0.01794	0.02183	0.09930	0.14814	0.54759	0.02053	0.00952	0.00277	0.00421	0.04309	0.00742	0.00673
29	0.01822	0.01846	0.03458	0.20246	0.33083	0.01891	0.21164	0.02367	0.01772	0.02438	0.01506	0.02053	0.01192	0.00716	0.00833	0.00252	0.01090	0.00776	0.00385	0.01109
30	0.01590	0.04102	0.68023	0.02260	0.03432	0.01842	0.02930	0.02511	0.01674	0.02511	0.01423	0.01674	0.01005	0.00753	0.00753	0.00251	0.01172	0.00586	0.00335	0.01172
31	0.01963	0.01884	0.03219	0.04867	0.67185	0.01884	0.02434	0.02434	0.01806	0.02591	0.01492	0.01963	0.01256	0.00707	0.00785	0.00236	0.00942	0.00707	0.00393	0.01256
32	0.01135	0.01318	0.11058	0.01418	0.01684	0.00963	0.04669	0.01423	0.01567	0.02128	0.03875	0.51135	0.07844	0.02060	0.01023	0.00306	0.03149	0.01844	0.00644	0.00755
33	0.01633	0.06677	0.60562	0.02308	0.03432	0.01906	0.07632	0.02508	0.01687	0.02488	0.01424	0.01694	0.01020	0.00744	0.00758	0.00249	0.01172	0.00607	0.00340	0.01158
34	0.01147	0.00793	0.00987	0.00987	0.01029	0.00835	0.00633	0.01231	0.01189	0.01628	0.02387	0.04572	0.02615	0.52420	0.23381	0.00919	0.01172	0.01063	0.00464	0.00548
35	0.01639	0.03282	0.44835	0.02548	0.05758	0.01803	0.17911	0.02431	0.01730	0.02499	0.01692	0.04352	0.01362	0.00852	0.00824	0.00262	0.01161	0.03563	0.00384	0.01113
36	0.01582	0.01521	0.02650	0.57281	0.13000	0.01795	0.06744	0.02114	0.01634	0.02133	0.01434	0.02097	0.01092	0.00773	0.00802	0.00261	0.01063	0.00722	0.00361	0.00941
37	0.01972	0.01703	0.01793	0.01614	0.02062	0.01972	0.01255	0.04214	0.65752	0.03317	0.03228	0.02959	0.02421	0.01076	0.00807	0.00269	0.00628	0.00897	0.00807	0.01255
38	0.77733	0.01534	0.01166	0.01043	0.01534	0.01779	0.00859	0.02331	0.01350	0.03558	0.01104	0.01288	0.00859	0.00736	0.00491	0.00245	0.00613	0.00429	0.00491	0.00859
39	0.00968	0.00805	0.00846	0.00835	0.01090	0.00682	0.00627	0.01197	0.01880	0.02313	0.17713	0.07350	0.57077	0.01944	0.00937	0.00265	0.00397	0.01634	0.00759	0.00682
40	0.01861	0.01485	0.01724	0.01248	0.01941	0.01197	0.01004	0.08094	0.01872	0.05701	0.01533	0.01716	0.01226	0.00640	0.00616	0.00135	0.00619	0.00508	0.00524	0.66357
41	0.03086	0.01537	0.01887	0.01509	0.02082	0.01517	0.01226	0.10582	0.18957	0.44111	0.03021	0.02680	0.02015	0.01003	0.00799	0.00251	0.00684	0.00814	0.00915	0.01325
42	0.01963	0.01884	0.03219	0.04867	0.67185	0.01884	0.02434	0.02434	0.01806	0.02591	0.01492	0.01963	0.01256	0.00707	0.00785	0.00236	0.00942	0.00707	0.00393	0.01256
43	0.02665	0.03106	0.02540	0.02388	0.08822	0.43959	0.05914	0.09223	0.02221	0.02355	0.01327	0.01611	0.01092	0.00871	0.00946	0.00230	0.08690	0.00599	0.00439	0.01001
44	0.01514	0.01420	0.02358	0.67842	0.05343	0.01769	0.02169	0.02102	0.03815	0.02071	0.01473	0.02144	0.01104	0.00803	0.00793	0.00264	0.01042	0.00711	0.00368	0.00894
45	0.05836	0.01772	0.02739	0.07728	0.45413	0.01827	0.02058	0.05365	0.08009	0.06438	0.01952	0.02252	0.03459	0.00816	0.00779	0.00243	0.00867	0.00747	0.00497	0.01205
46	0.01860	0.02223	0.07395	0.03296	0.04114	0.01998	0.61673	0.02539	0.01863	0.02539	0.01597	0.02119	0.01195	0.00672	0.00928	0.00267	0.01330	0.00921	0.00398	0.01074
47	0.01994	0.01876	0.03126	0.08384	0.60190	0.01908	0.02370	0.05786	0.01898	0.02690	0.01509	0.01968	0.01250	0.00725	0.00786	0.00237	0.00945	0.00707	0.00412	0.01240
48	0.00973	0.00696	0.00927	0.01099	0.01152	0.00649	0.00737	0.01122	0.01552	0.02078	0.07257	0.68575	0.05348	0.02444	0.01009	0.00319	0.00456	0.02216	0.00742	0.00649
49	0.01644	0.01409	0.01644	0.01175	0.01879	0.01057	0.00940	0.01997	0.01644	0.02584	0.01409	0.01644	0.01175	0.00587	0.00587	0.00117	0.00587	0.00470	0.00470	0.76979
50	0.02202	0.01840	0.01822	0.01610	0.02062	0.08290	0.01255	0.06028	0.48250	0.09111	0.06433	0.02912	0.02482	0.01068	0.00804	0.00258	0.00704	0.00873	0.00788	0.01207
51	0.02953	0.02191	0.02346	0.01812	0.02436	0.02431	0.01492	0.61013	0.07356	0.04899	0.01981	0.01966	0.01411	0.00959	0.00794	0.00240	0.00858	0.00725	0.00794	0.01343
52	0.01278	0.00913	0.01278	0.01460	0.01643	0.00913	0.01278	0.01643	0.01825	0.02373	0.04199	0.08945	0.04564	0.02191	0.01095	0.00365	0.00730	0.61847	0.00730	0.00730

[dist]
# distance from previous block
# <min> <max>
0	0

# created by:
# /st0/software/busco_prod/Augustus/scripts/msa2prfl.pl ./align_prep/130709.fa
