[name]
unknown

[dist]
# distance from previous block
# <min> <max>
0	18

[block]
# block no. 0 follows, 26 sequences, length 79
# corresponding to MSA columns:
# 18-96
name=unknown_A
#
# <colnr> <probs for GDERKNQSTAVLIFYWHMCP>
#	G	D	E	R	K	N	Q	S	T	A	V	L	I	F	Y	W	H	M	C	P
0	0.01222	0.00873	0.01222	0.01397	0.01572	0.00873	0.01222	0.01572	0.01746	0.02270	0.04016	0.08556	0.04365	0.02095	0.01048	0.00349	0.00698	0.63506	0.00698	0.00698
1	0.03403	0.01291	0.01760	0.01350	0.01936	0.01115	0.01115	0.03697	0.02171	0.69137	0.02992	0.02582	0.01878	0.00939	0.00763	0.00235	0.00645	0.00763	0.00939	0.01291
2	0.02122	0.01746	0.01847	0.01591	0.02062	0.01996	0.01257	0.18657	0.52232	0.03552	0.02789	0.02592	0.02074	0.01001	0.00769	0.00250	0.00656	0.00816	0.00769	0.01222
3	0.03403	0.01291	0.01760	0.01350	0.01936	0.01115	0.01115	0.03697	0.02171	0.69137	0.02992	0.02582	0.01878	0.00939	0.00763	0.00235	0.00645	0.00763	0.00939	0.01291
4	0.01887	0.01629	0.01715	0.01544	0.01972	0.01887	0.01201	0.04031	0.67241	0.03173	0.03087	0.02830	0.02315	0.01029	0.00772	0.00257	0.00600	0.00858	0.00772	0.01201
5	0.01864	0.01781	0.03001	0.06606	0.64076	0.01802	0.02277	0.02382	0.04250	0.02488	0.01488	0.01919	0.01239	0.00692	0.00752	0.00227	0.00893	0.00683	0.00390	0.01190
6	0.00952	0.00755	0.00809	0.00834	0.01016	0.00665	0.00593	0.01107	0.01581	0.01936	0.06165	0.13598	0.46718	0.15653	0.01478	0.00357	0.00470	0.04049	0.00657	0.00606
7	0.00903	0.00769	0.00777	0.00775	0.01028	0.00643	0.00581	0.01101	0.01744	0.02085	0.09860	0.07241	0.66106	0.01908	0.00896	0.00255	0.00383	0.01593	0.00709	0.00643
8	0.01770	0.02006	0.04350	0.07112	0.04036	0.01905	0.62203	0.02401	0.01775	0.02401	0.01524	0.02045	0.01143	0.00646	0.00887	0.00256	0.01263	0.00882	0.00381	0.01013
9	0.01444	0.01344	0.02253	0.63168	0.08621	0.01640	0.02062	0.01937	0.01544	0.01990	0.01525	0.02435	0.01238	0.00840	0.00777	0.00257	0.00985	0.04725	0.00363	0.00854
10	0.00941	0.00675	0.00870	0.01011	0.01083	0.00622	0.00683	0.01057	0.01467	0.01919	0.04528	0.59716	0.13855	0.02325	0.01065	0.04452	0.00444	0.01997	0.00684	0.00604
11	0.01432	0.01348	0.02275	0.71520	0.05224	0.01685	0.02107	0.01938	0.01517	0.01938	0.01348	0.02022	0.01011	0.00758	0.00758	0.00253	0.01011	0.00674	0.00337	0.00843
12	0.02764	0.06254	0.02257	0.02037	0.04991	0.64946	0.01494	0.02971	0.02109	0.01879	0.01178	0.01382	0.00986	0.00772	0.00679	0.00195	0.01328	0.00493	0.00388	0.00896
13	0.01162	0.00753	0.00953	0.00987	0.01071	0.00735	0.00657	0.01284	0.01387	0.05665	0.07544	0.28485	0.05668	0.29963	0.09726	0.00563	0.00734	0.01453	0.00599	0.00609
14	0.00942	0.00668	0.00875	0.01033	0.01073	0.00628	0.00680	0.01061	0.01417	0.01890	0.04002	0.66083	0.04792	0.09448	0.01256	0.00351	0.00469	0.02051	0.00680	0.00600
15	0.03053	0.01790	0.02061	0.01587	0.02181	0.01863	0.01309	0.40259	0.04944	0.29448	0.02309	0.02144	0.01546	0.00925	0.00761	0.00231	0.00755	0.00719	0.00828	0.01288
16	0.74568	0.01461	0.01177	0.04770	0.01668	0.01701	0.00890	0.02214	0.01303	0.03325	0.01072	0.01274	0.00832	0.00707	0.00485	0.00236	0.00609	0.00425	0.00462	0.00823
17	0.01619	0.01670	0.02987	0.27442	0.03781	0.01965	0.22136	0.02057	0.01489	0.02057	0.01293	0.01913	0.01050	0.00905	0.01361	0.00279	0.24010	0.00741	0.00350	0.00896
18	0.02239	0.55415	0.03497	0.01470	0.02051	0.20629	0.01342	0.02470	0.01701	0.01803	0.01085	0.01256	0.00974	0.00684	0.00538	0.00171	0.00957	0.00427	0.00342	0.00949
19	0.00934	0.00668	0.00889	0.01050	0.01102	0.00623	0.00705	0.01080	0.01497	0.02008	0.08308	0.68517	0.05155	0.02323	0.00963	0.00304	0.00435	0.02106	0.00713	0.00623
20	0.01790	0.02046	0.04476	0.03197	0.03964	0.01918	0.65857	0.02430	0.01790	0.02430	0.01535	0.02046	0.01151	0.00639	0.00895	0.00256	0.01279	0.00895	0.00384	0.01023
21	0.16788	0.01544	0.01772	0.01392	0.01957	0.01558	0.01147	0.19116	0.04597	0.38861	0.02353	0.02156	0.01555	0.00893	0.00709	0.00234	0.00681	0.00683	0.00803	0.01203
22	0.01877	0.01802	0.03079	0.04656	0.68612	0.01802	0.02328	0.02328	0.01727	0.02478	0.01427	0.01877	0.01201	0.00676	0.00751	0.00225	0.00901	0.00676	0.00375	0.01201
23	0.00924	0.00660	0.00880	0.01056	0.01100	0.00616	0.00704	0.01056	0.01452	0.01936	0.04181	0.72848	0.05017	0.02376	0.00968	0.00308	0.00440	0.02156	0.00704	0.00616
24	0.01790	0.02046	0.04476	0.03197	0.03964	0.01918	0.65857	0.02430	0.01790	0.02430	0.01535	0.02046	0.01151	0.00639	0.00895	0.00256	0.01279	0.00895	0.00384	0.01023
25	0.00924	0.00660	0.00880	0.01056	0.01100	0.00616	0.00704	0.01056	0.01452	0.01936	0.04181	0.72848	0.05017	0.02376	0.00968	0.00308	0.00440	0.02156	0.00704	0.00616
26	0.01432	0.01348	0.02275	0.71520	0.05224	0.01685	0.02107	0.01938	0.01517	0.01938	0.01348	0.02022	0.01011	0.00758	0.00758	0.00253	0.01011	0.00674	0.00337	0.00843
27	0.01084	0.00813	0.01219	0.01219	0.01354	0.00948	0.00948	0.01354	0.01219	0.01761	0.02032	0.02980	0.01896	0.05689	0.70337	0.01219	0.02032	0.00813	0.00406	0.00677
28	0.34004	0.05024	0.27538	0.01536	0.02261	0.01773	0.01657	0.02575	0.09651	0.05341	0.01497	0.01621	0.01105	0.00757	0.00615	0.00237	0.00804	0.00536	0.00462	0.01006
29	0.01521	0.03923	0.69413	0.02162	0.03283	0.01762	0.02802	0.02402	0.01601	0.02402	0.01361	0.01601	0.00961	0.00721	0.00721	0.00240	0.01121	0.00560	0.00320	0.01121
30	0.00929	0.00774	0.00813	0.00815	0.01060	0.00658	0.00620	0.01144	0.01770	0.02155	0.13349	0.07200	0.59459	0.01893	0.00903	0.00259	0.00396	0.04436	0.00717	0.00650
31	0.06090	0.01628	0.01940	0.01493	0.02083	0.01628	0.01233	0.28388	0.02691	0.41082	0.02453	0.02228	0.01604	0.00919	0.00750	0.00232	0.00718	0.00718	0.00849	0.01272
32	0.01877	0.01802	0.03079	0.04656	0.68612	0.01802	0.02328	0.02328	0.01727	0.02478	0.01427	0.01877	0.01201	0.00676	0.00751	0.00225	0.00901	0.00676	0.00375	0.01201
33	0.01432	0.01348	0.02275	0.71520	0.05224	0.01685	0.02107	0.01938	0.01517	0.01938	0.01348	0.02022	0.01011	0.00758	0.00758	0.00253	0.01011	0.00674	0.00337	0.00843
34	0.01951	0.01661	0.01751	0.01557	0.01997	0.01917	0.01216	0.08031	0.63137	0.03277	0.03006	0.02765	0.02249	0.01021	0.00771	0.00255	0.00615	0.00846	0.00771	0.01206
35	0.01745	0.01973	0.04286	0.03084	0.03813	0.01850	0.62426	0.02357	0.01772	0.02404	0.01674	0.05775	0.01354	0.00731	0.00899	0.00259	0.01235	0.00962	0.00401	0.01002
36	0.01590	0.04017	0.01661	0.01130	0.01803	0.01084	0.00913	0.01923	0.01572	0.02446	0.01337	0.01560	0.01118	0.00565	0.00559	0.00114	0.00571	0.00448	0.00445	0.75143
37	0.01719	0.01344	0.01588	0.01142	0.01809	0.01019	0.00916	0.02052	0.01621	0.07790	0.01479	0.01653	0.01184	0.00592	0.00578	0.00122	0.00568	0.00474	0.00488	0.71862
38	0.01573	0.01348	0.01573	0.01123	0.01798	0.01011	0.00899	0.01910	0.01573	0.02472	0.01348	0.01573	0.01123	0.00562	0.00562	0.00112	0.00562	0.00449	0.00449	0.77980
39	0.01892	0.01839	0.02666	0.06266	0.49002	0.07665	0.01998	0.05658	0.01877	0.02530	0.05398	0.02387	0.05824	0.00828	0.00763	0.00227	0.00880	0.00757	0.00442	0.01103
40	0.00940	0.00671	0.00898	0.01074	0.01125	0.00630	0.00732	0.01084	0.01468	0.01954	0.04172	0.69409	0.04982	0.02361	0.00972	0.00310	0.00454	0.05438	0.00704	0.00620
41	0.01690	0.01344	0.01585	0.01138	0.01806	0.01018	0.00913	0.02025	0.01611	0.06751	0.01454	0.01638	0.01172	0.00586	0.00575	0.00120	0.00567	0.00470	0.00481	0.73057
42	0.01066	0.00769	0.01007	0.00960	0.01131	0.00710	0.00715	0.01411	0.02110	0.02983	0.64787	0.09259	0.07042	0.01595	0.00899	0.00242	0.00362	0.01414	0.00828	0.00710
43	0.78701	0.01467	0.01115	0.00997	0.01467	0.01702	0.00821	0.02230	0.01291	0.03403	0.01056	0.01232	0.00821	0.00704	0.00469	0.00235	0.00587	0.00411	0.00469	0.00821
44	0.01573	0.01348	0.01573	0.01123	0.01798	0.01011	0.00899	0.01910	0.01573	0.02472	0.01348	0.01573	0.01123	0.00562	0.00562	0.00112	0.00562	0.00449	0.00449	0.77980
45	0.02799	0.02043	0.02186	0.01686	0.02268	0.02258	0.01389	0.62397	0.03453	0.04668	0.01859	0.01879	0.01327	0.00909	0.00746	0.00225	0.00807	0.00684	0.05160	0.01257
46	0.01659	0.01659	0.02323	0.01991	0.01991	0.02323	0.01659	0.01825	0.01162	0.01825	0.00996	0.01659	0.00996	0.01328	0.02489	0.00332	0.71955	0.00664	0.00332	0.00830
47	0.01856	0.01796	0.03112	0.07172	0.63179	0.01803	0.05251	0.02317	0.01722	0.02455	0.01429	0.01891	0.01192	0.00677	0.00758	0.00228	0.00923	0.00686	0.00374	0.01179
48	0.01089	0.00747	0.00914	0.00924	0.00955	0.00774	0.00577	0.01154	0.01148	0.01559	0.02416	0.08432	0.02704	0.54898	0.17822	0.00814	0.00994	0.01102	0.00462	0.00515
49	0.03403	0.01291	0.01760	0.01350	0.01936	0.01115	0.01115	0.03697	0.02171	0.69137	0.02992	0.02582	0.01878	0.00939	0.00763	0.00235	0.00645	0.00763	0.00939	0.01291
50	0.05236	0.11816	0.02083	0.01558	0.01912	0.31626	0.01204	0.10807	0.01953	0.02210	0.01498	0.02203	0.01403	0.16697	0.01434	0.00321	0.04100	0.00643	0.00447	0.00850
51	0.02833	0.03615	0.02149	0.01954	0.02345	0.70298	0.01466	0.03029	0.02149	0.01856	0.01172	0.01368	0.00977	0.00782	0.00684	0.00195	0.01368	0.00489	0.00391	0.00879
52	0.01180	0.00883	0.01276	0.01247	0.01408	0.01023	0.00975	0.04817	0.01345	0.01922	0.02020	0.02918	0.01864	0.05433	0.66615	0.01166	0.01968	0.00806	0.00425	0.00710
53	0.01084	0.00813	0.01219	0.01219	0.01354	0.00948	0.00948	0.01354	0.01219	0.01761	0.02032	0.02980	0.01896	0.05689	0.70337	0.01219	0.02032	0.00813	0.00406	0.00677
54	0.01376	0.01007	0.01029	0.01009	0.01144	0.06576	0.00731	0.01604	0.01425	0.02136	0.02265	0.05879	0.02121	0.18045	0.17430	0.00552	0.03187	0.00855	0.30969	0.00660
55	0.06065	0.01861	0.04884	0.01693	0.02188	0.04514	0.06241	0.14220	0.38935	0.03255	0.02554	0.06149	0.02006	0.01011	0.00768	0.00250	0.00735	0.00849	0.00686	0.01135
56	0.01432	0.01348	0.02275	0.71520	0.05224	0.01685	0.02107	0.01938	0.01517	0.01938	0.01348	0.02022	0.01011	0.00758	0.00758	0.00253	0.01011	0.00674	0.00337	0.00843
57	0.02028	0.73799	0.03975	0.01298	0.01947	0.03001	0.01298	0.02271	0.01541	0.01785	0.01055	0.01217	0.00973	0.00649	0.00487	0.00162	0.00811	0.00406	0.00324	0.00973
58	0.78701	0.01467	0.01115	0.00997	0.01467	0.01702	0.00821	0.02230	0.01291	0.03403	0.01056	0.01232	0.00821	0.00704	0.00469	0.00235	0.00587	0.00411	0.00469	0.00821
59	0.01432	0.01348	0.02275	0.71520	0.05224	0.01685	0.02107	0.01938	0.01517	0.01938	0.01348	0.02022	0.01011	0.00758	0.00758	0.00253	0.01011	0.00674	0.00337	0.00843
60	0.01432	0.01348	0.02275	0.71520	0.05224	0.01685	0.02107	0.01938	0.01517	0.01938	0.01348	0.02022	0.01011	0.00758	0.00758	0.00253	0.01011	0.00674	0.00337	0.00843
61	0.04903	0.06287	0.56033	0.02204	0.03236	0.01826	0.10337	0.02393	0.01609	0.02425	0.01357	0.01625	0.00978	0.00707	0.00722	0.00239	0.01105	0.00589	0.00335	0.01090
62	0.02798	0.01787	0.02020	0.01594	0.02143	0.01900	0.01306	0.43195	0.05811	0.19436	0.02351	0.06318	0.01779	0.01043	0.00781	0.00239	0.00754	0.02720	0.00796	0.01230
63	0.06468	0.00910	0.01147	0.01036	0.01305	0.00850	0.00807	0.01857	0.02065	0.14065	0.48272	0.05040	0.07688	0.01429	0.00852	0.00243	0.00436	0.03895	0.00819	0.00816
64	0.01573	0.01348	0.01573	0.01123	0.01798	0.01011	0.00899	0.01910	0.01573	0.02472	0.01348	0.01573	0.01123	0.00562	0.00562	0.00112	0.00562	0.00449	0.00449	0.77980
65	0.02353	0.01385	0.01696	0.01255	0.01891	0.01151	0.01020	0.07416	0.01946	0.27457	0.01996	0.01967	0.01417	0.00728	0.00651	0.00167	0.00613	0.00584	0.00655	0.43653
66	0.01852	0.01590	0.01689	0.01536	0.01951	0.01833	0.01202	0.03901	0.63792	0.03125	0.03136	0.03131	0.02423	0.01085	0.00786	0.00262	0.00605	0.04157	0.00768	0.01174
67	0.01001	0.00769	0.00916	0.00887	0.01091	0.00684	0.00662	0.01289	0.01966	0.02629	0.43175	0.08380	0.30369	0.01717	0.00898	0.00247	0.00370	0.01483	0.00781	0.00684
68	0.01029	0.00769	0.00954	0.00917	0.01108	0.00695	0.00684	0.01341	0.02027	0.02778	0.52297	0.08725	0.20549	0.01665	0.00898	0.00245	0.00367	0.01454	0.00801	0.00695
69	0.01212	0.00848	0.01189	0.01352	0.01509	0.00845	0.01158	0.01506	0.01682	0.02191	0.03851	0.11593	0.04204	0.02145	0.01167	0.05348	0.00682	0.56173	0.00675	0.00670
70	0.02752	0.02069	0.02250	0.01750	0.02309	0.02326	0.01443	0.58672	0.06764	0.04505	0.01835	0.01864	0.01325	0.00944	0.00871	0.00236	0.05407	0.00691	0.00732	0.01256
71	0.02418	0.01759	0.02042	0.01669	0.04532	0.01854	0.03564	0.39938	0.04721	0.07340	0.01941	0.02246	0.01509	0.08136	0.01044	0.00267	0.00773	0.00720	0.04724	0.08803
72	0.01784	0.02028	0.04376	0.03141	0.03873	0.01937	0.62894	0.02402	0.01761	0.02402	0.01510	0.02028	0.01144	0.00671	0.00969	0.00259	0.04541	0.00884	0.00381	0.01014
73	0.01852	0.01767	0.03007	0.04531	0.66036	0.01767	0.02285	0.02299	0.01728	0.02470	0.01526	0.02134	0.01323	0.00730	0.00762	0.00230	0.00893	0.03089	0.00388	0.01182
74	0.03322	0.01318	0.01831	0.01526	0.05503	0.01152	0.01180	0.03623	0.02147	0.65571	0.02909	0.02544	0.01841	0.00925	0.00762	0.00234	0.00659	0.00758	0.00909	0.01286
75	0.00922	0.00667	0.00873	0.01038	0.01095	0.00618	0.00696	0.01058	0.01470	0.01944	0.04406	0.68623	0.09096	0.02347	0.00964	0.00305	0.00436	0.02121	0.00704	0.00618
76	0.01994	0.01832	0.10690	0.01544	0.02086	0.01666	0.01359	0.03544	0.43611	0.12488	0.03031	0.02826	0.05509	0.01007	0.00764	0.00247	0.00664	0.00831	0.00722	0.03584
77	0.03243	0.01296	0.01744	0.01330	0.01924	0.01106	0.01096	0.03541	0.02119	0.63316	0.02849	0.02494	0.01812	0.00906	0.00745	0.00224	0.00638	0.00735	0.00896	0.07987
78	0.69321	0.01473	0.01175	0.01035	0.01498	0.01695	0.00850	0.06677	0.01466	0.03469	0.01184	0.01357	0.00913	0.00728	0.00493	0.00231	0.00592	0.00445	0.04549	0.00848

[dist]
# distance from previous block
# <min> <max>
6	14

[block]
# block no. 1 follows, 26 sequences, length 9
# corresponding to MSA columns:
# 111-119
name=unknown_B
#
# <colnr> <probs for GDERKNQSTAVLIFYWHMCP>
#	G	D	E	R	K	N	Q	S	T	A	V	L	I	F	Y	W	H	M	C	P
0	0.02368	0.01735	0.05493	0.01416	0.02014	0.06560	0.01195	0.09443	0.09279	0.22842	0.04684	0.02187	0.01715	0.00827	0.00697	0.00195	0.00704	0.00658	0.00668	0.25320
1	0.01996	0.01931	0.02974	0.04317	0.60623	0.05982	0.02222	0.06197	0.01863	0.02579	0.01435	0.01843	0.01193	0.00696	0.00747	0.00224	0.00925	0.00665	0.00399	0.01187
2	0.04409	0.01280	0.01727	0.18095	0.02501	0.01435	0.01311	0.02205	0.08177	0.09903	0.07639	0.08602	0.02171	0.01090	0.01028	0.00246	0.12350	0.00856	0.04812	0.10166
3	0.01716	0.01352	0.01713	0.01241	0.01888	0.01057	0.04712	0.02069	0.01632	0.07540	0.01542	0.01742	0.01224	0.00611	0.00595	0.00133	0.00600	0.00513	0.04439	0.63682
4	0.01256	0.00816	0.01072	0.00985	0.01196	0.00747	0.00747	0.01609	0.02149	0.08231	0.63091	0.05424	0.06742	0.01503	0.00884	0.00238	0.00380	0.01324	0.00843	0.00761
5	0.01540	0.01289	0.01456	0.04629	0.01813	0.01435	0.01061	0.02918	0.40585	0.02836	0.12909	0.15429	0.06188	0.01362	0.00828	0.00263	0.00548	0.01178	0.00746	0.00989
6	0.01573	0.01348	0.01573	0.01123	0.01798	0.01011	0.00899	0.01910	0.01573	0.02472	0.01348	0.01573	0.01123	0.00562	0.00562	0.00112	0.00562	0.00449	0.00449	0.77980
7	0.78701	0.01467	0.01115	0.00997	0.01467	0.01702	0.00821	0.02230	0.01291	0.03403	0.01056	0.01232	0.00821	0.00704	0.00469	0.00235	0.00587	0.00411	0.00469	0.00821
8	0.04777	0.07141	0.02193	0.01564	0.02118	0.06525	0.06649	0.06581	0.05545	0.19583	0.01836	0.01912	0.01353	0.00806	0.00834	0.00204	0.06987	0.00622	0.00583	0.22187

[dist]
# distance from previous block
# <min> <max>
0	1

[block]
# block no. 2 follows, 26 sequences, length 9
# corresponding to MSA columns:
# 121-129
name=unknown_C
#
# <colnr> <probs for GDERKNQSTAVLIFYWHMCP>
#	G	D	E	R	K	N	Q	S	T	A	V	L	I	F	Y	W	H	M	C	P
0	0.04727	0.00966	0.01261	0.01192	0.01437	0.00988	0.00911	0.04826	0.01501	0.06201	0.02484	0.19934	0.02494	0.03486	0.33728	0.00704	0.01248	0.01073	0.00538	0.10302
1	0.01756	0.01833	0.06939	0.08537	0.52866	0.01712	0.04730	0.02231	0.01725	0.02443	0.04288	0.02220	0.03800	0.00762	0.00766	0.00231	0.00897	0.00738	0.00400	0.01127
2	0.01618	0.13822	0.45495	0.01916	0.02877	0.01832	0.05373	0.02304	0.01597	0.02323	0.01322	0.01561	0.00998	0.00680	0.00669	0.00209	0.00992	0.00536	0.00345	0.13529
3	0.01199	0.00952	0.01174	0.01085	0.01396	0.00784	0.00787	0.01418	0.01503	0.02163	0.02978	0.42598	0.03364	0.01606	0.00796	0.00225	0.00492	0.01432	0.00596	0.33451
4	0.01650	0.01825	0.11907	0.01612	0.05130	0.01344	0.04603	0.04379	0.09756	0.02604	0.01687	0.04129	0.01385	0.00723	0.00657	0.00172	0.00706	0.00613	0.00482	0.44636
5	0.00943	0.00682	0.00892	0.01025	0.01100	0.00631	0.00698	0.01110	0.01564	0.02095	0.13188	0.59815	0.08975	0.02236	0.00954	0.00295	0.00426	0.02016	0.00722	0.00631
6	0.02746	0.02056	0.02199	0.01717	0.02300	0.02288	0.01409	0.57550	0.12322	0.04559	0.01995	0.01960	0.01431	0.00927	0.00761	0.00232	0.00802	0.00707	0.00761	0.01278
7	0.01714	0.01472	0.01702	0.01758	0.08455	0.01647	0.01221	0.03325	0.48495	0.02927	0.06242	0.12501	0.02811	0.01205	0.00803	0.00260	0.00596	0.01043	0.00726	0.01097
8	0.02028	0.73799	0.03975	0.01298	0.01947	0.03001	0.01298	0.02271	0.01541	0.01785	0.01055	0.01217	0.00973	0.00649	0.00487	0.00162	0.00811	0.00406	0.00324	0.00973

[dist]
# distance from previous block
# <min> <max>
0	4

# created by:
# /st0/software/busco_prod/Augustus/scripts/msa2prfl.pl ./align_prep/130844.fa
