[name]
unknown

[dist]
# distance from previous block
# <min> <max>
0	0

[block]
# block no. 0 follows, 26 sequences, length 72
# corresponding to MSA columns:
# 0-71
name=unknown_A
#
# <colnr> <probs for GDERKNQSTAVLIFYWHMCP>
#	G	D	E	R	K	N	Q	S	T	A	V	L	I	F	Y	W	H	M	C	P
0	0.01222	0.00873	0.01222	0.01397	0.01572	0.00873	0.01222	0.01572	0.01746	0.02270	0.04016	0.08556	0.04365	0.02095	0.01048	0.00349	0.00698	0.63506	0.00698	0.00698
1	0.01573	0.01348	0.01573	0.01123	0.01798	0.01011	0.00899	0.01910	0.01573	0.02472	0.01348	0.01573	0.01123	0.00562	0.00562	0.00112	0.00562	0.00449	0.00449	0.77980
2	0.01190	0.00863	0.01177	0.01335	0.01517	0.00850	0.01158	0.01524	0.01744	0.02248	0.04379	0.08432	0.10690	0.02078	0.01033	0.00340	0.00667	0.57383	0.00699	0.00693
3	0.01103	0.00735	0.00827	0.00827	0.00827	0.00735	0.00460	0.01103	0.01103	0.01471	0.02390	0.04964	0.02758	0.73343	0.03861	0.00735	0.00735	0.01103	0.00460	0.00460
4	0.01136	0.01016	0.05029	0.01063	0.01317	0.00852	0.00870	0.01624	0.06630	0.02844	0.49063	0.08298	0.12613	0.01553	0.00883	0.00248	0.00435	0.02986	0.00778	0.00761
5	0.01074	0.00775	0.01014	0.00954	0.01133	0.00716	0.00716	0.01431	0.02147	0.03042	0.68211	0.05666	0.07157	0.01551	0.00895	0.00239	0.00358	0.01372	0.00835	0.00716
6	0.02725	0.03467	0.06285	0.01939	0.02391	0.59161	0.01538	0.07389	0.04320	0.02135	0.01291	0.01461	0.01041	0.00795	0.00694	0.00202	0.01291	0.00518	0.00424	0.00933
7	0.01887	0.01629	0.01715	0.01544	0.01972	0.01887	0.01201	0.04031	0.67241	0.03173	0.03087	0.02830	0.02315	0.01029	0.00772	0.00257	0.00600	0.00858	0.00772	0.01201
8	0.02833	0.03615	0.02149	0.01954	0.02345	0.70298	0.01466	0.03029	0.02149	0.01856	0.01172	0.01368	0.00977	0.00782	0.00684	0.00195	0.01368	0.00489	0.00391	0.00879
9	0.01074	0.00775	0.01014	0.00954	0.01133	0.00716	0.00716	0.01431	0.02147	0.03042	0.68211	0.05666	0.07157	0.01551	0.00895	0.00239	0.00358	0.01372	0.00835	0.00716
10	0.06871	0.01390	0.01786	0.01376	0.01960	0.01277	0.01137	0.10433	0.02282	0.59040	0.02774	0.02436	0.01764	0.00925	0.00749	0.00234	0.00663	0.00738	0.00897	0.01269
11	0.07289	0.01730	0.02853	0.11560	0.57049	0.01783	0.02197	0.02279	0.01674	0.02486	0.01392	0.01847	0.01154	0.00687	0.00732	0.00229	0.00891	0.00657	0.00378	0.01136
12	0.13153	0.24831	0.02635	0.01483	0.02083	0.02419	0.01297	0.34365	0.02549	0.06245	0.01518	0.01578	0.01148	0.00800	0.00632	0.00208	0.00785	0.00560	0.00588	0.01124
13	0.02418	0.31114	0.12045	0.01472	0.02135	0.04005	0.01441	0.07908	0.01949	0.22384	0.04887	0.01941	0.01558	0.00813	0.00649	0.00205	0.00801	0.00604	0.00569	0.01100
14	0.01047	0.00774	0.00977	0.00926	0.01117	0.00704	0.00695	0.01380	0.02084	0.02892	0.59108	0.05912	0.16354	0.01606	0.00895	0.00241	0.00362	0.01406	0.00815	0.00704
15	0.01595	0.01368	0.01583	0.01153	0.01810	0.01073	0.00920	0.02061	0.06239	0.02521	0.01472	0.01662	0.01208	0.00595	0.00577	0.00123	0.00564	0.00478	0.00472	0.72524
16	0.02766	0.10992	0.04483	0.01321	0.01933	0.01356	0.01151	0.03084	0.01970	0.44472	0.05059	0.02329	0.01818	0.00857	0.00698	0.00206	0.00660	0.00683	0.00753	0.13408
17	0.07999	0.07801	0.08787	0.01432	0.02060	0.01480	0.01300	0.05631	0.06675	0.45215	0.02497	0.02266	0.01647	0.00882	0.00716	0.00230	0.00708	0.00692	0.00774	0.01209
18	0.00943	0.00668	0.00875	0.01032	0.01072	0.00628	0.00679	0.01061	0.01416	0.01888	0.03995	0.65811	0.04783	0.09733	0.01268	0.00352	0.00471	0.02047	0.00679	0.00600
19	0.00938	0.00670	0.00896	0.01072	0.01122	0.00628	0.00728	0.01080	0.01466	0.01952	0.04173	0.69839	0.04986	0.02363	0.00972	0.00310	0.00452	0.05028	0.00704	0.00620
20	0.02753	0.02036	0.02177	0.01693	0.02271	0.02258	0.01391	0.58945	0.08490	0.04585	0.01943	0.01936	0.01393	0.00919	0.00752	0.00228	0.00799	0.00697	0.03472	0.01262
21	0.01544	0.03764	0.63881	0.02250	0.03341	0.01775	0.08174	0.02404	0.01617	0.02404	0.01376	0.01639	0.00977	0.00714	0.00736	0.00242	0.01134	0.00589	0.00326	0.01113
22	0.03044	0.01233	0.01649	0.01312	0.01835	0.01087	0.01065	0.03395	0.04746	0.58413	0.03259	0.08740	0.04451	0.01099	0.00785	0.00243	0.00617	0.00914	0.00904	0.01207
23	0.01962	0.01667	0.01758	0.01559	0.02001	0.01922	0.01219	0.08751	0.62397	0.03295	0.02991	0.02753	0.02237	0.01020	0.00771	0.00255	0.00618	0.00844	0.00771	0.01207
24	0.01879	0.05545	0.34539	0.02479	0.06486	0.04573	0.21697	0.02556	0.01742	0.08983	0.01560	0.01824	0.01123	0.00715	0.00769	0.00239	0.01110	0.00679	0.00407	0.01097
25	0.01572	0.08092	0.60798	0.02182	0.03249	0.01849	0.07164	0.02396	0.01611	0.02366	0.01355	0.01609	0.00975	0.00710	0.00719	0.00237	0.01113	0.00575	0.00325	0.01105
26	0.00924	0.00660	0.00880	0.01056	0.01100	0.00616	0.00704	0.01056	0.01452	0.01936	0.04181	0.72848	0.05017	0.02376	0.00968	0.00308	0.00440	0.02156	0.00704	0.00616
27	0.03315	0.01311	0.01758	0.01361	0.01938	0.01160	0.01120	0.03716	0.05968	0.65288	0.02998	0.02596	0.01903	0.00944	0.00763	0.00236	0.00643	0.00768	0.00929	0.01286
28	0.01877	0.01802	0.03079	0.04656	0.68612	0.01802	0.02328	0.02328	0.01727	0.02478	0.01427	0.01877	0.01201	0.00676	0.00751	0.00225	0.00901	0.00676	0.00375	0.01201
29	0.03093	0.01440	0.06518	0.01387	0.01979	0.01139	0.01213	0.03430	0.02096	0.59321	0.05500	0.02652	0.02028	0.01116	0.03223	0.00270	0.00716	0.00775	0.00872	0.01234
30	0.01220	0.00886	0.01206	0.01362	0.01541	0.00889	0.01170	0.01620	0.04243	0.02278	0.04111	0.12046	0.06434	0.02065	0.01027	0.00340	0.00669	0.55479	0.00702	0.00711
31	0.73313	0.01514	0.01197	0.01051	0.01530	0.01748	0.00866	0.06767	0.01453	0.03501	0.01111	0.01274	0.00855	0.00719	0.00490	0.00234	0.00604	0.00430	0.00490	0.00855
32	0.01877	0.01802	0.03079	0.04656	0.68612	0.01802	0.02328	0.02328	0.01727	0.02478	0.01427	0.01877	0.01201	0.00676	0.00751	0.00225	0.00901	0.00676	0.00375	0.01201
33	0.01573	0.01348	0.01573	0.01123	0.01798	0.01011	0.00899	0.01910	0.01573	0.02472	0.01348	0.01573	0.01123	0.00562	0.00562	0.00112	0.00562	0.00449	0.00449	0.77980
34	0.02722	0.01372	0.04482	0.01380	0.01919	0.01157	0.03214	0.06735	0.02191	0.45168	0.15558	0.03050	0.02792	0.01025	0.00784	0.00232	0.00637	0.00863	0.00847	0.03871
35	0.01915	0.02234	0.04197	0.03048	0.03770	0.10099	0.58153	0.02501	0.01833	0.02361	0.01491	0.01965	0.01130	0.00656	0.00870	0.00249	0.01289	0.00846	0.00384	0.01006
36	0.01084	0.00813	0.01219	0.01219	0.01354	0.00948	0.00948	0.01354	0.01219	0.01761	0.02032	0.02980	0.01896	0.05689	0.70337	0.01219	0.02032	0.00813	0.00406	0.00677
37	0.00906	0.00764	0.00785	0.00790	0.01033	0.00643	0.00588	0.01104	0.01738	0.02093	0.10489	0.09976	0.62660	0.01922	0.00899	0.00257	0.00385	0.01613	0.00711	0.00643
38	0.03378	0.01332	0.01785	0.01369	0.01957	0.01175	0.01131	0.06740	0.02239	0.65997	0.02935	0.02545	0.01849	0.00937	0.00763	0.00234	0.00655	0.00759	0.00930	0.01291
39	0.01067	0.00775	0.01005	0.00948	0.01129	0.00713	0.00711	0.01419	0.02132	0.03006	0.66027	0.05725	0.09364	0.01564	0.00895	0.00239	0.00359	0.01380	0.00830	0.00713
40	0.01637	0.01660	0.02430	0.06325	0.02338	0.04034	0.08252	0.01871	0.01298	0.01904	0.01317	0.07062	0.01314	0.01285	0.02052	0.00313	0.52908	0.00796	0.00367	0.00836
41	0.00931	0.00770	0.00816	0.00805	0.01046	0.00655	0.00603	0.01155	0.01810	0.02242	0.19452	0.06982	0.56416	0.01849	0.00896	0.00253	0.00379	0.01556	0.00730	0.00655
42	0.02402	0.02869	0.01856	0.01681	0.02049	0.50087	0.01269	0.06487	0.02168	0.02147	0.06757	0.02652	0.12406	0.01027	0.00737	0.00210	0.01107	0.00741	0.00494	0.00855
43	0.04823	0.01432	0.01659	0.01231	0.01868	0.01220	0.00994	0.08630	0.04512	0.12565	0.01697	0.01784	0.01288	0.00676	0.00616	0.00152	0.00604	0.00534	0.00566	0.53150
44	0.01988	0.68320	0.09106	0.01366	0.02052	0.02904	0.01416	0.02282	0.01546	0.01833	0.01079	0.01247	0.00972	0.00655	0.00505	0.00168	0.00835	0.00418	0.00324	0.00985
45	0.01790	0.02046	0.04476	0.03197	0.03964	0.01918	0.65857	0.02430	0.01790	0.02430	0.01535	0.02046	0.01151	0.00639	0.00895	0.00256	0.01279	0.00895	0.00384	0.01023
46	0.01433	0.01204	0.01531	0.01838	0.10493	0.05115	0.01324	0.01932	0.07925	0.02322	0.03437	0.13804	0.03626	0.01761	0.00952	0.00311	0.00727	0.38805	0.00645	0.00814
47	0.01213	0.00867	0.01209	0.01370	0.01545	0.00863	0.01191	0.01563	0.01771	0.02317	0.07968	0.08378	0.04537	0.02062	0.01038	0.00342	0.00677	0.59681	0.00707	0.00700
48	0.01281	0.00940	0.01247	0.01376	0.01565	0.00965	0.01173	0.01786	0.08197	0.02310	0.03824	0.07767	0.04063	0.06376	0.01193	0.00364	0.00691	0.53456	0.00691	0.00734
49	0.01103	0.00735	0.00827	0.00827	0.00827	0.00735	0.00460	0.01103	0.01103	0.01471	0.02390	0.04964	0.02758	0.73343	0.03861	0.00735	0.00735	0.01103	0.00460	0.00460
50	0.78701	0.01467	0.01115	0.00997	0.01467	0.01702	0.00821	0.02230	0.01291	0.03403	0.01056	0.01232	0.00821	0.00704	0.00469	0.00235	0.00587	0.00411	0.00469	0.00821
51	0.73310	0.01620	0.01188	0.01065	0.01529	0.06576	0.00867	0.02286	0.01352	0.03293	0.01064	0.01242	0.00833	0.00710	0.00485	0.00232	0.00642	0.00416	0.00464	0.00826
52	0.01878	0.01792	0.02995	0.04464	0.64509	0.01807	0.02258	0.02433	0.05760	0.02521	0.01529	0.01936	0.01270	0.00698	0.00752	0.00227	0.00883	0.00687	0.00400	0.01201
53	0.52514	0.01611	0.03569	0.01178	0.01710	0.01690	0.00999	0.10111	0.04082	0.07278	0.01374	0.01485	0.01028	0.00742	0.00550	0.00223	0.00636	0.00489	0.00536	0.08195
54	0.02028	0.73799	0.03975	0.01298	0.01947	0.03001	0.01298	0.02271	0.01541	0.01785	0.01055	0.01217	0.00973	0.00649	0.00487	0.00162	0.00811	0.00406	0.00324	0.00973
55	0.01663	0.01345	0.01582	0.01135	0.01804	0.01016	0.00909	0.01998	0.01602	0.05753	0.01429	0.01623	0.01161	0.00580	0.00572	0.00118	0.00566	0.00465	0.00473	0.74205
56	0.01414	0.00707	0.00707	0.00707	0.00884	0.00707	0.00530	0.01767	0.01591	0.02828	0.02474	0.02828	0.01944	0.00884	0.00530	0.00177	0.00353	0.00707	0.77554	0.00707
57	0.03403	0.01291	0.01760	0.01350	0.01936	0.01115	0.01115	0.03697	0.02171	0.69137	0.02992	0.02582	0.01878	0.00939	0.00763	0.00235	0.00645	0.00763	0.00939	0.01291
58	0.00924	0.00660	0.00880	0.01056	0.01100	0.00616	0.00704	0.01056	0.01452	0.01936	0.04181	0.72848	0.05017	0.02376	0.00968	0.00308	0.00440	0.02156	0.00704	0.00616
59	0.01414	0.00707	0.00707	0.00707	0.00884	0.00707	0.00530	0.01767	0.01591	0.02828	0.02474	0.02828	0.01944	0.00884	0.00530	0.00177	0.00353	0.00707	0.77554	0.00707
60	0.02797	0.02057	0.02206	0.01700	0.02278	0.02273	0.01394	0.62912	0.03446	0.04619	0.01849	0.01974	0.01362	0.04444	0.00910	0.00252	0.00830	0.00703	0.00744	0.01249
61	0.00924	0.00660	0.00880	0.01056	0.01100	0.00616	0.00704	0.01056	0.01452	0.01936	0.04181	0.72848	0.05017	0.02376	0.00968	0.00308	0.00440	0.02156	0.00704	0.00616
62	0.01694	0.01677	0.02298	0.02075	0.05943	0.04294	0.05505	0.02189	0.10511	0.02095	0.01648	0.02122	0.03721	0.01422	0.05242	0.00347	0.45154	0.00742	0.00418	0.00902
63	0.02883	0.02125	0.02276	0.01745	0.02352	0.02352	0.01442	0.66082	0.03566	0.04780	0.01821	0.01821	0.01290	0.00911	0.00759	0.00228	0.00835	0.00683	0.00759	0.01290
64	0.00896	0.00768	0.00768	0.00768	0.01025	0.00640	0.00576	0.01089	0.01729	0.02049	0.07684	0.07300	0.68304	0.01921	0.00896	0.00256	0.00384	0.01601	0.00704	0.00640
65	0.78701	0.01467	0.01115	0.00997	0.01467	0.01702	0.00821	0.02230	0.01291	0.03403	0.01056	0.01232	0.00821	0.00704	0.00469	0.00235	0.00587	0.00411	0.00469	0.00821
66	0.01871	0.01820	0.03178	0.04552	0.64018	0.01810	0.06842	0.02335	0.01732	0.02475	0.01434	0.01889	0.01198	0.00673	0.00761	0.00227	0.00928	0.00691	0.00376	0.01189
67	0.00910	0.00773	0.00787	0.00795	0.01048	0.00650	0.00603	0.01109	0.01730	0.02058	0.07530	0.07353	0.65615	0.01928	0.00903	0.00260	0.00397	0.04204	0.00704	0.00643
68	0.22593	0.02152	0.07161	0.01590	0.02193	0.04892	0.01386	0.41909	0.02762	0.04118	0.01559	0.01632	0.01129	0.00837	0.00677	0.00229	0.00814	0.00594	0.00634	0.01138
69	0.74904	0.01461	0.01137	0.01004	0.01483	0.01668	0.00825	0.02214	0.01305	0.03357	0.01071	0.01249	0.00836	0.00697	0.00474	0.00229	0.00586	0.00413	0.00468	0.04620
70	0.03185	0.01498	0.01961	0.01503	0.02095	0.01421	0.03531	0.16232	0.04787	0.51372	0.02707	0.02418	0.01749	0.00926	0.00767	0.00235	0.00705	0.00755	0.00876	0.01278
71	0.01871	0.02120	0.07777	0.02849	0.03516	0.04178	0.48572	0.02431	0.01728	0.05585	0.01514	0.01974	0.01149	0.00753	0.01078	0.00262	0.10404	0.00826	0.00401	0.01012

[dist]
# distance from previous block
# <min> <max>
0	1

[block]
# block no. 1 follows, 26 sequences, length 41
# corresponding to MSA columns:
# 73-113
name=unknown_B
#
# <colnr> <probs for GDERKNQSTAVLIFYWHMCP>
#	G	D	E	R	K	N	Q	S	T	A	V	L	I	F	Y	W	H	M	C	P
0	0.01854	0.01778	0.03036	0.08178	0.65273	0.01796	0.02316	0.02307	0.01716	0.02450	0.01423	0.01885	0.01191	0.00680	0.00751	0.00227	0.00907	0.00676	0.00373	0.01183
1	0.01690	0.01922	0.06448	0.05013	0.09097	0.01776	0.46090	0.02269	0.01784	0.02463	0.08995	0.02405	0.01813	0.00779	0.00935	0.00254	0.03944	0.00901	0.00428	0.00995
2	0.01084	0.00813	0.01219	0.01219	0.01354	0.00948	0.00948	0.01354	0.01219	0.01761	0.02032	0.02980	0.01896	0.05689	0.70337	0.01219	0.02032	0.00813	0.00406	0.00677
3	0.02771	0.02069	0.02213	0.01723	0.02309	0.02300	0.01415	0.59099	0.10732	0.04599	0.01964	0.01935	0.01405	0.00924	0.00760	0.00231	0.00808	0.00703	0.00760	0.01280
4	0.01868	0.01823	0.03181	0.04365	0.58634	0.01819	0.09432	0.02408	0.04390	0.02501	0.01506	0.01935	0.01241	0.00686	0.00768	0.00230	0.00931	0.00708	0.00392	0.01181
5	0.00924	0.00660	0.00880	0.01056	0.01100	0.00616	0.00704	0.01056	0.01452	0.01936	0.04181	0.72848	0.05017	0.02376	0.00968	0.00308	0.00440	0.02156	0.00704	0.00616
6	0.00936	0.00676	0.00889	0.01055	0.01117	0.00629	0.00720	0.01082	0.01482	0.01958	0.04383	0.65961	0.08781	0.02336	0.00968	0.00307	0.00449	0.04946	0.00704	0.00621
7	0.01384	0.00733	0.00787	0.00814	0.00990	0.00733	0.00638	0.01737	0.01615	0.02741	0.02714	0.03717	0.02320	0.01072	0.00611	0.00204	0.00407	0.10450	0.65630	0.00706
8	0.73342	0.06523	0.01315	0.01018	0.01500	0.01792	0.00855	0.02233	0.01308	0.03290	0.01056	0.01231	0.00832	0.00700	0.00471	0.00230	0.00602	0.00410	0.00459	0.00832
9	0.00989	0.00768	0.01130	0.01185	0.01297	0.00712	0.05251	0.01168	0.01518	0.02019	0.06598	0.61471	0.08610	0.02197	0.00956	0.00299	0.00492	0.02006	0.00687	0.00650
10	0.00924	0.00660	0.00880	0.01056	0.01100	0.00616	0.00704	0.01056	0.01452	0.01936	0.04181	0.72848	0.05017	0.02376	0.00968	0.00308	0.00440	0.02156	0.00704	0.00616
11	0.02574	0.03059	0.02467	0.02234	0.06705	0.47980	0.08761	0.07323	0.04985	0.02221	0.01352	0.01583	0.01092	0.00799	0.00788	0.00214	0.03895	0.00582	0.00429	0.00957
12	0.01877	0.01802	0.03079	0.04656	0.68612	0.01802	0.02328	0.02328	0.01727	0.02478	0.01427	0.01877	0.01201	0.00676	0.00751	0.00225	0.00901	0.00676	0.00375	0.01201
13	0.01633	0.01620	0.02272	0.01955	0.01962	0.02259	0.01626	0.01804	0.01164	0.01822	0.01044	0.01721	0.01038	0.01530	0.05642	0.00373	0.68706	0.00671	0.00335	0.00823
14	0.00924	0.00660	0.00880	0.01056	0.01100	0.00616	0.00704	0.01056	0.01452	0.01936	0.04181	0.72848	0.05017	0.02376	0.00968	0.00308	0.00440	0.02156	0.00704	0.00616
15	0.67999	0.04933	0.03538	0.01103	0.01590	0.01802	0.00953	0.04027	0.01373	0.03283	0.01086	0.01274	0.00852	0.00728	0.00552	0.00234	0.02930	0.00431	0.00462	0.00852
16	0.00943	0.00770	0.00833	0.00818	0.01053	0.00660	0.00613	0.01179	0.01839	0.02311	0.23677	0.06868	0.52147	0.01823	0.00896	0.00251	0.00377	0.01540	0.00739	0.00660
17	0.02719	0.02005	0.02157	0.01653	0.02249	0.02178	0.01361	0.58323	0.03326	0.04516	0.01809	0.01841	0.01303	0.00881	0.00734	0.00216	0.00793	0.00665	0.03793	0.07479
18	0.05264	0.01348	0.01585	0.01172	0.01797	0.01098	0.00944	0.04747	0.01764	0.13440	0.04728	0.01922	0.01520	0.00689	0.00614	0.00148	0.00578	0.00551	0.00560	0.55533
19	0.02038	0.62462	0.09871	0.01423	0.02098	0.07591	0.01448	0.02336	0.01589	0.01846	0.01091	0.01263	0.00972	0.00665	0.00522	0.00172	0.00879	0.00426	0.00329	0.00980
20	0.01432	0.01348	0.02275	0.71520	0.05224	0.01685	0.02107	0.01938	0.01517	0.01938	0.01348	0.02022	0.01011	0.00758	0.00758	0.00253	0.01011	0.00674	0.00337	0.00843
21	0.00934	0.00775	0.00820	0.00822	0.01066	0.00661	0.00626	0.01153	0.01777	0.02172	0.14303	0.07182	0.58054	0.01888	0.00904	0.00259	0.00398	0.04836	0.00719	0.00652
22	0.01084	0.00813	0.01219	0.01219	0.01354	0.00948	0.00948	0.01354	0.01219	0.01761	0.02032	0.02980	0.01896	0.05689	0.70337	0.01219	0.02032	0.00813	0.00406	0.00677
23	0.00948	0.00767	0.00804	0.00795	0.01035	0.00655	0.00596	0.01174	0.01789	0.02242	0.17041	0.06835	0.55556	0.01815	0.00879	0.00250	0.00379	0.01523	0.04261	0.00655
24	0.02635	0.03295	0.02022	0.01842	0.02209	0.62467	0.01381	0.02849	0.02149	0.01990	0.08717	0.01852	0.01673	0.00868	0.00708	0.00200	0.01254	0.00588	0.00441	0.00861
25	0.01103	0.00735	0.00827	0.00827	0.00827	0.00735	0.00460	0.01103	0.01103	0.01471	0.02390	0.04964	0.02758	0.73343	0.03861	0.00735	0.00735	0.01103	0.00460	0.00460
26	0.01166	0.00859	0.01024	0.00985	0.01166	0.00842	0.00723	0.01628	0.08704	0.02609	0.36480	0.05458	0.12367	0.14584	0.01414	0.00336	0.00473	0.04540	0.03932	0.00710
27	0.02028	0.73799	0.03975	0.01298	0.01947	0.03001	0.01298	0.02271	0.01541	0.01785	0.01055	0.01217	0.00973	0.00649	0.00487	0.00162	0.00811	0.00406	0.00324	0.00973
28	0.01189	0.00849	0.01184	0.01359	0.01518	0.00844	0.01164	0.01514	0.01713	0.02232	0.04035	0.15792	0.04439	0.02127	0.01039	0.00345	0.00669	0.56602	0.00699	0.00689
29	0.01987	0.46448	0.18920	0.01542	0.02297	0.02557	0.01648	0.09468	0.01784	0.02294	0.01224	0.01389	0.01012	0.00691	0.00575	0.00186	0.00876	0.00475	0.00378	0.04249
30	0.03182	0.01298	0.01738	0.01322	0.01920	0.01102	0.01089	0.03481	0.02099	0.61085	0.02794	0.02460	0.01787	0.00893	0.00738	0.00220	0.00635	0.00725	0.00880	0.10554
31	0.02792	0.01514	0.06690	0.01449	0.02061	0.01204	0.04020	0.05703	0.02101	0.46239	0.07584	0.02580	0.02076	0.00913	0.00753	0.00222	0.00683	0.00762	0.00800	0.09854
32	0.02652	0.03306	0.02045	0.01891	0.02258	0.62485	0.01438	0.02865	0.02104	0.01903	0.01492	0.02177	0.01358	0.00929	0.00725	0.00213	0.01293	0.07581	0.00425	0.00859
33	0.01074	0.00775	0.01014	0.00954	0.01133	0.00716	0.00716	0.01431	0.02147	0.03042	0.68211	0.05666	0.07157	0.01551	0.00895	0.00239	0.00358	0.01372	0.00835	0.00716
34	0.35924	0.01367	0.01481	0.01197	0.01734	0.01368	0.00988	0.03063	0.01791	0.40747	0.02156	0.01999	0.01421	0.00837	0.00636	0.00235	0.00620	0.00611	0.00736	0.01088
35	0.01318	0.00659	0.00988	0.00988	0.00988	0.00659	0.00659	0.00988	0.00988	0.01318	0.01318	0.02306	0.01318	0.02635	0.02964	0.77931	0.00659	0.00659	0.00329	0.00329
36	0.02837	0.03511	0.02158	0.01939	0.02345	0.65549	0.01464	0.07436	0.02249	0.02061	0.01218	0.01400	0.00999	0.00791	0.00689	0.00198	0.01331	0.00502	0.00417	0.00908
37	0.02847	0.03217	0.02183	0.01898	0.02347	0.52154	0.01459	0.19867	0.02528	0.02637	0.01346	0.01489	0.01061	0.00816	0.00704	0.00204	0.01225	0.00540	0.00489	0.00989
38	0.04605	0.06873	0.02122	0.01694	0.04719	0.04251	0.01323	0.25063	0.26873	0.10989	0.02314	0.02212	0.01690	0.00920	0.00734	0.00234	0.00737	0.00723	0.00718	0.01205
39	0.01887	0.01629	0.01715	0.01544	0.01972	0.01887	0.01201	0.04031	0.67241	0.03173	0.03087	0.02830	0.02315	0.01029	0.00772	0.00257	0.00600	0.00858	0.00772	0.01201
40	0.01103	0.00735	0.00827	0.00827	0.00827	0.00735	0.00460	0.01103	0.01103	0.01471	0.02390	0.04964	0.02758	0.73343	0.03861	0.00735	0.00735	0.01103	0.00460	0.00460

[dist]
# distance from previous block
# <min> <max>
0	1

# created by:
# /st0/software/busco_prod/Augustus/scripts/msa2prfl.pl ./align_prep/131018.fa
