[name]
unknown

[dist]
# distance from previous block
# <min> <max>
7	80

[block]
# block no. 0 follows, 25 sequences, length 118
# corresponding to MSA columns:
# 81-198
name=unknown_A
#
# <colnr> <probs for GDERKNQSTAVLIFYWHMCP>
#	G	D	E	R	K	N	Q	S	T	A	V	L	I	F	Y	W	H	M	C	P
0	0.01278	0.00772	0.01015	0.01072	0.01196	0.00721	0.00755	0.01448	0.01624	0.08602	0.12678	0.42152	0.04618	0.08019	0.01280	0.03614	0.00501	0.04280	0.03684	0.00693
1	0.05125	0.00819	0.00895	0.00992	0.04616	0.00827	0.00668	0.01773	0.01586	0.02767	0.02538	0.08451	0.02180	0.04078	0.00733	0.00222	0.00427	0.00843	0.59722	0.00738
2	0.03912	0.01062	0.01282	0.09769	0.01781	0.01140	0.00939	0.06251	0.06907	0.08426	0.02311	0.03019	0.01933	0.13773	0.05101	0.03361	0.00706	0.00800	0.26712	0.00816
3	0.02792	0.01786	0.02025	0.01607	0.02154	0.01894	0.01316	0.40557	0.06334	0.18887	0.04934	0.05520	0.02026	0.01080	0.00803	0.00245	0.00756	0.03230	0.00816	0.01238
4	0.08921	0.01042	0.01316	0.01130	0.01485	0.00966	0.00889	0.02359	0.02094	0.26769	0.35451	0.07082	0.04682	0.01316	0.00830	0.00245	0.00497	0.01122	0.00853	0.00950
5	0.01322	0.00864	0.01065	0.01094	0.01205	0.00851	0.00741	0.07035	0.01603	0.05506	0.03383	0.41519	0.03846	0.20876	0.01830	0.03702	0.00587	0.01644	0.00655	0.00673
6	0.01555	0.01470	0.02489	0.57755	0.17766	0.01746	0.02198	0.02060	0.01593	0.02091	0.01394	0.02038	0.01072	0.00758	0.00774	0.00253	0.01011	0.00689	0.00352	0.00934
7	0.01632	0.01708	0.02399	0.02012	0.02276	0.10430	0.17031	0.01917	0.01573	0.02057	0.02237	0.24125	0.02380	0.01569	0.03203	0.00318	0.20620	0.01201	0.00483	0.00830
8	0.05988	0.02016	0.02417	0.01864	0.02460	0.02199	0.09105	0.45184	0.10672	0.04260	0.01970	0.02025	0.01430	0.00901	0.00772	0.00238	0.00850	0.00734	0.03686	0.01230
9	0.04843	0.01538	0.01732	0.07039	0.02108	0.03660	0.01190	0.25457	0.02470	0.09019	0.10438	0.02817	0.04967	0.01409	0.06339	0.00308	0.00817	0.00816	0.07818	0.05214
10	0.01510	0.01425	0.02408	0.64219	0.11650	0.01735	0.02176	0.02021	0.01572	0.02037	0.01386	0.02052	0.01053	0.00767	0.00774	0.00256	0.01022	0.00689	0.00348	0.00898
11	0.04740	0.01620	0.02570	0.04967	0.05312	0.01677	0.19441	0.07292	0.04872	0.02619	0.01678	0.02201	0.01385	0.04912	0.03286	0.00294	0.10257	0.00746	0.06907	0.13223
12	0.01106	0.00743	0.00852	0.00873	0.00878	0.00737	0.00499	0.01122	0.01169	0.01559	0.02658	0.12951	0.03090	0.64504	0.03600	0.00700	0.00716	0.01254	0.00499	0.00489
13	0.02872	0.02203	0.02280	0.01779	0.02376	0.05367	0.01457	0.58167	0.08088	0.04636	0.01925	0.01915	0.01380	0.00934	0.00773	0.00233	0.00860	0.00702	0.00760	0.01293
14	0.02296	0.01798	0.02057	0.01702	0.02208	0.01995	0.04567	0.25545	0.34649	0.06456	0.02673	0.06272	0.02067	0.01060	0.00801	0.00254	0.00727	0.00884	0.00767	0.01221
15	0.02024	0.01713	0.01807	0.01597	0.02053	0.01973	0.01250	0.09843	0.60635	0.03397	0.03035	0.02796	0.02269	0.01041	0.00788	0.00260	0.00636	0.00860	0.00788	0.01236
16	0.01652	0.00904	0.00982	0.03793	0.01278	0.00920	0.00720	0.07036	0.01826	0.06563	0.02730	0.02994	0.05263	0.00958	0.00603	0.00196	0.00447	0.00769	0.59561	0.00806
17	0.42338	0.01299	0.01227	0.01084	0.01477	0.01412	0.00860	0.04666	0.04534	0.05749	0.16007	0.02516	0.02456	0.01098	0.00824	0.06495	0.00566	0.00705	0.00594	0.04093
18	0.02026	0.01236	0.01486	0.01272	0.01656	0.01240	0.01001	0.08000	0.16749	0.19524	0.29069	0.04092	0.06787	0.01270	0.00841	0.00247	0.00537	0.01079	0.00854	0.01036
19	0.01682	0.01865	0.05940	0.07607	0.03317	0.01826	0.35246	0.02182	0.01628	0.02291	0.01564	0.04944	0.01323	0.01059	0.03825	0.00301	0.13744	0.00849	0.00398	0.08409
20	0.12561	0.01319	0.01675	0.01310	0.01881	0.01193	0.01079	0.03481	0.02089	0.57637	0.03020	0.02675	0.04582	0.00973	0.00749	0.00241	0.00641	0.00772	0.00890	0.01232
21	0.78228	0.01499	0.01140	0.01020	0.01499	0.01739	0.00840	0.02279	0.01320	0.03479	0.01080	0.01260	0.00840	0.00720	0.00480	0.00240	0.00600	0.00420	0.00480	0.00840
22	0.01779	0.05539	0.23480	0.02641	0.13447	0.01830	0.18572	0.08958	0.01934	0.02663	0.02260	0.02507	0.09102	0.00872	0.00804	0.00244	0.01017	0.00815	0.00448	0.01086
23	0.01838	0.01757	0.02956	0.04437	0.62493	0.01746	0.02234	0.02277	0.01766	0.02498	0.01977	0.02368	0.06609	0.00794	0.00780	0.00233	0.00878	0.00767	0.00411	0.01182
24	0.01347	0.00673	0.01010	0.01010	0.01010	0.00673	0.00673	0.01010	0.01010	0.01347	0.01347	0.02357	0.01347	0.02694	0.03030	0.77441	0.00673	0.00673	0.00337	0.00337
25	0.01464	0.01378	0.02326	0.70887	0.05340	0.01723	0.02153	0.01981	0.01550	0.01981	0.01378	0.02067	0.01034	0.00775	0.00775	0.00258	0.01034	0.00689	0.00345	0.00861
26	0.01384	0.01221	0.01887	0.02307	0.20223	0.01206	0.06083	0.01865	0.08274	0.02312	0.03458	0.34728	0.08594	0.01627	0.00895	0.00277	0.00659	0.01498	0.00608	0.00893
27	0.01680	0.03781	0.60655	0.02220	0.03308	0.01856	0.05366	0.07554	0.01808	0.02654	0.01437	0.01674	0.01018	0.00749	0.00747	0.00245	0.01129	0.00597	0.00366	0.01156
28	0.02184	0.02509	0.02303	0.02020	0.02183	0.29721	0.01616	0.02366	0.01598	0.01879	0.01091	0.01575	0.01010	0.01130	0.01794	0.00283	0.42900	0.00606	0.00364	0.00869
29	0.78228	0.01499	0.01140	0.01020	0.01499	0.01739	0.00840	0.02279	0.01320	0.03479	0.01080	0.01260	0.00840	0.00720	0.00480	0.00240	0.00600	0.00420	0.00480	0.00840
30	0.00944	0.00679	0.00895	0.01068	0.01122	0.00631	0.00715	0.01081	0.01496	0.01984	0.04413	0.69719	0.07564	0.02411	0.00987	0.00313	0.00448	0.02182	0.00720	0.00631
31	0.03122	0.01512	0.01889	0.01437	0.02053	0.01400	0.01183	0.16873	0.02449	0.46156	0.02582	0.02337	0.01690	0.00904	0.00752	0.00222	0.00691	0.00721	0.00855	0.11172
32	0.01636	0.01337	0.02213	0.57259	0.07172	0.01599	0.01965	0.02067	0.01571	0.07342	0.01515	0.02130	0.01137	0.00936	0.00950	0.06237	0.00971	0.00695	0.00395	0.00872
33	0.06227	0.02112	0.02074	0.04375	0.02338	0.09469	0.01385	0.37915	0.16009	0.03930	0.02248	0.02235	0.04247	0.00968	0.00762	0.00238	0.00839	0.00738	0.00704	0.01186
34	0.75188	0.01588	0.01182	0.01059	0.01536	0.04479	0.00866	0.02312	0.01355	0.03415	0.01084	0.01265	0.00846	0.00723	0.00489	0.00238	0.00632	0.00423	0.00477	0.00842
35	0.02572	0.01985	0.02116	0.01708	0.02262	0.02229	0.01383	0.42793	0.26792	0.04282	0.02338	0.02241	0.01705	0.00975	0.00781	0.00244	0.00765	0.00764	0.00781	0.01285
36	0.01597	0.09621	0.63491	0.02138	0.03245	0.01903	0.02740	0.02445	0.01632	0.02404	0.01366	0.01605	0.00983	0.00731	0.00717	0.00239	0.01120	0.00560	0.00328	0.01134
37	0.01109	0.00827	0.01228	0.01228	0.01361	0.00960	0.00947	0.01373	0.01241	0.01787	0.02093	0.03136	0.01978	0.08798	0.66749	0.01224	0.02018	0.00844	0.00418	0.00682
38	0.78228	0.01499	0.01140	0.01020	0.01499	0.01739	0.00840	0.02279	0.01320	0.03479	0.01080	0.01260	0.00840	0.00720	0.00480	0.00240	0.00600	0.00420	0.00480	0.00840
39	0.01608	0.01378	0.01608	0.01148	0.01837	0.01034	0.00919	0.01952	0.01608	0.02527	0.01378	0.01608	0.01148	0.00574	0.00574	0.00115	0.00574	0.00459	0.00459	0.77491
40	0.00990	0.00707	0.00952	0.01132	0.01196	0.00669	0.00799	0.01158	0.01529	0.02030	0.04248	0.62777	0.05029	0.02386	0.01002	0.00321	0.00489	0.11223	0.00719	0.00642
41	0.01929	0.01666	0.01753	0.01578	0.02016	0.01929	0.01227	0.04120	0.66513	0.03243	0.03156	0.02893	0.02367	0.01052	0.00789	0.00263	0.00614	0.00877	0.00789	0.01227
42	0.02073	0.73217	0.04063	0.01327	0.01990	0.03068	0.01327	0.02322	0.01575	0.01824	0.01078	0.01244	0.00995	0.00663	0.00498	0.00166	0.00829	0.00415	0.00332	0.00995
43	0.00945	0.00675	0.00900	0.01080	0.01125	0.00630	0.00720	0.01080	0.01484	0.01979	0.04274	0.72245	0.05128	0.02429	0.00990	0.00315	0.00450	0.02204	0.00720	0.00630
44	0.01608	0.01378	0.01608	0.01148	0.01837	0.01034	0.00919	0.01952	0.01608	0.02527	0.01378	0.01608	0.01148	0.00574	0.00574	0.00115	0.00574	0.00459	0.00459	0.77491
45	0.02073	0.73217	0.04063	0.01327	0.01990	0.03068	0.01327	0.02322	0.01575	0.01824	0.01078	0.01244	0.00995	0.00663	0.00498	0.00166	0.00829	0.00415	0.00332	0.00995
46	0.01347	0.00673	0.01010	0.01010	0.01010	0.00673	0.00673	0.01010	0.01010	0.01347	0.01347	0.02357	0.01347	0.02694	0.03030	0.77441	0.00673	0.00673	0.00337	0.00337
47	0.02947	0.02172	0.02327	0.01784	0.02404	0.02404	0.01474	0.65329	0.03646	0.04887	0.01862	0.01862	0.01319	0.00931	0.00776	0.00233	0.00853	0.00698	0.00776	0.01319
48	0.01121	0.00776	0.00969	0.00969	0.01012	0.00819	0.00624	0.01207	0.01164	0.01595	0.02330	0.04448	0.02547	0.52091	0.24234	0.00904	0.01161	0.01036	0.00453	0.00538
49	0.03354	0.01494	0.06133	0.01433	0.02068	0.01182	0.01251	0.03693	0.02182	0.64178	0.02951	0.02574	0.01859	0.00945	0.00777	0.00240	0.00691	0.00766	0.00919	0.01308
50	0.02073	0.73217	0.04063	0.01327	0.01990	0.03068	0.01327	0.02322	0.01575	0.01824	0.01078	0.01244	0.00995	0.00663	0.00498	0.00166	0.00829	0.00415	0.00332	0.00995
51	0.78228	0.01499	0.01140	0.01020	0.01499	0.01739	0.00840	0.02279	0.01320	0.03479	0.01080	0.01260	0.00840	0.00720	0.00480	0.00240	0.00600	0.00420	0.00480	0.00840
52	0.01464	0.01378	0.02326	0.70887	0.05340	0.01723	0.02153	0.01981	0.01550	0.01981	0.01378	0.02067	0.01034	0.00775	0.00775	0.00258	0.01034	0.00689	0.00345	0.00861
53	0.01734	0.01346	0.01596	0.01164	0.01821	0.01026	0.00929	0.02066	0.01653	0.07850	0.01627	0.04440	0.01366	0.00678	0.00607	0.00133	0.00576	0.00553	0.00510	0.68325
54	0.03315	0.01324	0.01842	0.07014	0.02252	0.01187	0.01222	0.03633	0.02165	0.63062	0.02923	0.02593	0.01848	0.00945	0.00779	0.00241	0.00690	0.00772	0.00910	0.01282
55	0.01608	0.01378	0.01608	0.01148	0.01837	0.01034	0.00919	0.01952	0.01608	0.02527	0.01378	0.01608	0.01148	0.00574	0.00574	0.00115	0.00574	0.00459	0.00459	0.77491
56	0.01644	0.01301	0.01532	0.01186	0.01761	0.01056	0.00928	0.02107	0.06886	0.06118	0.02016	0.11565	0.01841	0.00891	0.00660	0.00161	0.00565	0.00753	0.00550	0.56478
57	0.01067	0.00762	0.01040	0.01219	0.01318	0.00735	0.00932	0.01291	0.01605	0.02116	0.04206	0.46766	0.04861	0.02314	0.01022	0.00332	0.00556	0.26476	0.00717	0.00664
58	0.01919	0.01842	0.03147	0.04759	0.67914	0.01842	0.02380	0.02380	0.01765	0.02533	0.01458	0.01919	0.01228	0.00691	0.00768	0.00230	0.00921	0.00691	0.00384	0.01228
59	0.75063	0.01592	0.01184	0.01061	0.01537	0.04591	0.00867	0.02314	0.01356	0.03412	0.01085	0.01265	0.00846	0.00723	0.00489	0.00238	0.00633	0.00423	0.00476	0.00842
60	0.01758	0.01947	0.04085	0.02973	0.03628	0.01904	0.54119	0.02326	0.01720	0.02359	0.01579	0.02223	0.01264	0.03961	0.04112	0.00331	0.07432	0.00900	0.00392	0.00989
61	0.00961	0.00709	0.00899	0.01017	0.01116	0.00648	0.00700	0.01137	0.01626	0.02150	0.13345	0.52681	0.15691	0.02239	0.00968	0.00297	0.00429	0.02003	0.00738	0.00648
62	0.01484	0.01398	0.02361	0.68059	0.08016	0.01728	0.02163	0.01998	0.01560	0.02005	0.01382	0.02061	0.01042	0.00772	0.00775	0.00257	0.01029	0.00689	0.00346	0.00877
63	0.01464	0.01378	0.02326	0.70887	0.05340	0.01723	0.02153	0.01981	0.01550	0.01981	0.01378	0.02067	0.01034	0.00775	0.00775	0.00258	0.01034	0.00689	0.00345	0.00861
64	0.01741	0.01782	0.03390	0.25478	0.25131	0.01846	0.24578	0.02288	0.01719	0.02338	0.01472	0.02028	0.01147	0.00705	0.00822	0.00250	0.01094	0.00770	0.00374	0.01046
65	0.01846	0.02138	0.08384	0.09872	0.17998	0.04650	0.32867	0.02568	0.07033	0.02482	0.01627	0.02055	0.01249	0.00718	0.00837	0.00251	0.01131	0.00799	0.00413	0.01084
66	0.01613	0.03606	0.55220	0.02433	0.03503	0.01834	0.15973	0.02461	0.01678	0.02461	0.01429	0.01733	0.01023	0.00719	0.00774	0.00249	0.01180	0.00645	0.00341	0.01125
67	0.01582	0.01535	0.02423	0.59663	0.13061	0.04629	0.02154	0.02078	0.01605	0.02047	0.01381	0.02020	0.01057	0.00766	0.00771	0.00252	0.01035	0.00681	0.00352	0.00909
68	0.01691	0.03673	0.59639	0.02113	0.03172	0.01775	0.02638	0.02663	0.06928	0.06132	0.01626	0.01794	0.01146	0.00774	0.00743	0.00247	0.01076	0.00609	0.00399	0.01162
69	0.01899	0.14276	0.28729	0.01635	0.02370	0.01697	0.01784	0.02571	0.06249	0.13613	0.14875	0.02651	0.02494	0.00952	0.00743	0.00232	0.00820	0.00767	0.00570	0.01073
70	0.01016	0.00710	0.00873	0.00974	0.01011	0.00679	0.00615	0.01100	0.01355	0.01796	0.03702	0.42890	0.06886	0.30240	0.02157	0.00485	0.00567	0.01754	0.00621	0.00568
71	0.03442	0.01378	0.01836	0.01407	0.02009	0.01227	0.01163	0.08008	0.02317	0.64083	0.02977	0.02586	0.01878	0.00958	0.00779	0.00239	0.00673	0.00774	0.00947	0.01319
72	0.01516	0.01431	0.02420	0.63320	0.12501	0.01736	0.02179	0.02027	0.01575	0.02044	0.01387	0.02050	0.01056	0.00766	0.00774	0.00255	0.01021	0.00689	0.00349	0.00903
73	0.01464	0.01378	0.02326	0.70887	0.05340	0.01723	0.02153	0.01981	0.01550	0.01981	0.01378	0.02067	0.01034	0.00775	0.00775	0.00258	0.01034	0.00689	0.00345	0.00861
74	0.01505	0.00899	0.01072	0.00966	0.01275	0.00779	0.00747	0.01774	0.01989	0.16236	0.24706	0.05956	0.35861	0.01641	0.00887	0.00252	0.00440	0.01388	0.00810	0.00816
75	0.01097	0.00793	0.01036	0.00975	0.01158	0.00732	0.00732	0.01463	0.02195	0.03109	0.67505	0.05792	0.07316	0.01585	0.00914	0.00244	0.00366	0.01402	0.00854	0.00732
76	0.01626	0.05181	0.01584	0.01441	0.01715	0.06096	0.01210	0.07035	0.03890	0.05025	0.06395	0.05714	0.03325	0.02382	0.12612	0.00463	0.00989	0.31846	0.00644	0.00828
77	0.00945	0.00675	0.00900	0.01080	0.01125	0.00630	0.00720	0.01080	0.01484	0.01979	0.04274	0.72245	0.05128	0.02429	0.00990	0.00315	0.00450	0.02204	0.00720	0.00630
78	0.02894	0.05660	0.02357	0.01836	0.02385	0.24781	0.01476	0.41998	0.03077	0.03765	0.01608	0.01682	0.01199	0.00876	0.00739	0.00219	0.01033	0.00620	0.00632	0.01166
79	0.02812	0.02085	0.08592	0.01703	0.02347	0.01985	0.01499	0.36927	0.10922	0.19603	0.02262	0.02153	0.01559	0.00934	0.00774	0.00239	0.00806	0.00728	0.00778	0.01291
80	0.01711	0.03792	0.63307	0.02143	0.03244	0.01747	0.02725	0.02563	0.01684	0.07806	0.01527	0.01718	0.01058	0.00755	0.00740	0.00245	0.01106	0.00590	0.00379	0.01160
81	0.01139	0.00825	0.01095	0.01115	0.01300	0.00781	0.00895	0.01495	0.02043	0.02809	0.44301	0.06826	0.08914	0.01783	0.00966	0.00282	0.00481	0.21424	0.00802	0.00723
82	0.02046	0.69659	0.07388	0.01372	0.02060	0.03003	0.01406	0.02329	0.01579	0.01857	0.01094	0.01264	0.00994	0.00667	0.00510	0.00170	0.00845	0.00423	0.00331	0.01003
83	0.01717	0.01756	0.08572	0.25198	0.18085	0.01681	0.08863	0.02296	0.04329	0.05708	0.01902	0.02875	0.01612	0.00950	0.00885	0.00266	0.03450	0.08394	0.00452	0.01009
84	0.78228	0.01499	0.01140	0.01020	0.01499	0.01739	0.00840	0.02279	0.01320	0.03479	0.01080	0.01260	0.00840	0.00720	0.00480	0.00240	0.00600	0.00420	0.00480	0.00840
85	0.01074	0.00834	0.01006	0.01085	0.01306	0.00766	0.00895	0.01350	0.01790	0.02233	0.08250	0.07988	0.36718	0.02032	0.00987	0.00305	0.00538	0.29438	0.00722	0.00684
86	0.01675	0.06071	0.42888	0.05426	0.14547	0.01880	0.11809	0.02423	0.01681	0.02429	0.01416	0.01753	0.01055	0.00715	0.00760	0.00243	0.01114	0.00641	0.00347	0.01128
87	0.02048	0.01490	0.02076	0.05627	0.05655	0.01596	0.07105	0.07877	0.17279	0.14109	0.09262	0.03569	0.02641	0.01180	0.00988	0.00271	0.06463	0.09002	0.00696	0.01065
88	0.01347	0.00673	0.01010	0.01010	0.01010	0.00673	0.00673	0.01010	0.01010	0.01347	0.01347	0.02357	0.01347	0.02694	0.03030	0.77441	0.00673	0.00673	0.00337	0.00337
89	0.01873	0.01885	0.04809	0.26626	0.25763	0.06842	0.09887	0.02349	0.01720	0.05194	0.01473	0.01965	0.01152	0.00769	0.00869	0.00248	0.04437	0.00704	0.00394	0.01039
90	0.07101	0.10457	0.29383	0.02363	0.12764	0.01825	0.08189	0.02525	0.01745	0.10302	0.04959	0.01987	0.01467	0.00782	0.00729	0.00235	0.00958	0.00663	0.00455	0.01111
91	0.01787	0.01908	0.08927	0.13669	0.44198	0.01752	0.02203	0.05266	0.01813	0.02524	0.01979	0.02361	0.06562	0.00822	0.00778	0.00238	0.00912	0.00757	0.00419	0.01125
92	0.01731	0.01903	0.06663	0.03418	0.25796	0.01729	0.31156	0.02270	0.01792	0.02495	0.05680	0.08007	0.01877	0.00872	0.00861	0.00253	0.01038	0.00956	0.00441	0.01061
93	0.01664	0.10297	0.52651	0.02196	0.06227	0.01863	0.04385	0.02426	0.01666	0.04413	0.01682	0.01892	0.03717	0.00781	0.00729	0.00238	0.01064	0.00623	0.00368	0.01118
94	0.01843	0.07377	0.54033	0.02095	0.03130	0.01791	0.04984	0.02620	0.01716	0.10959	0.01597	0.01763	0.01112	0.00758	0.00736	0.00241	0.01072	0.00604	0.00412	0.01156
95	0.02729	0.05133	0.19068	0.01833	0.05595	0.01487	0.04126	0.03277	0.04601	0.40483	0.02420	0.02279	0.01598	0.00869	0.00762	0.00239	0.00826	0.00717	0.00716	0.01243
96	0.01873	0.02312	0.13143	0.11647	0.33631	0.07340	0.14010	0.02422	0.01768	0.02396	0.01438	0.01884	0.01140	0.00710	0.00786	0.00239	0.01079	0.00699	0.00373	0.01112
97	0.01677	0.01618	0.05449	0.40466	0.04303	0.01681	0.15469	0.04600	0.01753	0.05881	0.01979	0.02639	0.04690	0.00883	0.00824	0.00261	0.01023	0.03426	0.00439	0.00939
98	0.01751	0.01264	0.01915	0.04966	0.16036	0.01268	0.03991	0.02173	0.04105	0.12327	0.07887	0.08613	0.07732	0.01428	0.00972	0.00283	0.03867	0.17823	0.00649	0.00951
99	0.01585	0.03538	0.55434	0.08638	0.08686	0.01802	0.04802	0.02408	0.01646	0.02420	0.01401	0.01713	0.01013	0.00734	0.00748	0.00246	0.01123	0.00604	0.00336	0.01123
100	0.01604	0.05844	0.58898	0.02314	0.03401	0.01858	0.10483	0.02455	0.01659	0.02440	0.01404	0.01681	0.01007	0.00724	0.00751	0.00245	0.01156	0.00610	0.00336	0.01129
101	0.01722	0.05270	0.05491	0.10282	0.09695	0.02205	0.09322	0.02052	0.01403	0.02045	0.01189	0.01785	0.01058	0.01078	0.01790	0.00297	0.41343	0.00692	0.00350	0.00932
102	0.01629	0.01549	0.02487	0.22524	0.31471	0.03792	0.04574	0.02058	0.01727	0.02341	0.07733	0.10611	0.02175	0.01003	0.00813	0.00250	0.00879	0.00937	0.00456	0.00990
103	0.01919	0.01842	0.03147	0.04759	0.67914	0.01842	0.02380	0.02380	0.01765	0.02533	0.01458	0.01919	0.01228	0.00691	0.00768	0.00230	0.00921	0.00691	0.00384	0.01228
104	0.02906	0.02151	0.02304	0.01776	0.02389	0.02385	0.01464	0.62839	0.06203	0.04820	0.01914	0.01903	0.01361	0.00936	0.00776	0.00234	0.00843	0.00705	0.00776	0.01315
105	0.01278	0.00980	0.01355	0.01430	0.04391	0.00967	0.04182	0.08804	0.01755	0.02353	0.03647	0.54366	0.04204	0.05037	0.01075	0.00317	0.00575	0.01847	0.00684	0.00753
106	0.01017	0.00742	0.01017	0.04932	0.01400	0.00726	0.00850	0.01193	0.01508	0.01998	0.04014	0.57906	0.04722	0.05439	0.01119	0.00336	0.00526	0.09221	0.00687	0.00645
107	0.00965	0.00683	0.00894	0.01054	0.01094	0.00643	0.00692	0.01085	0.01446	0.01927	0.04074	0.64912	0.04876	0.10106	0.01312	0.00363	0.00483	0.02087	0.00692	0.00612
108	0.01919	0.01842	0.03147	0.04759	0.67914	0.01842	0.02380	0.02380	0.01765	0.02533	0.01458	0.01919	0.01228	0.00691	0.00768	0.00230	0.00921	0.00691	0.00384	0.01228
109	0.01759	0.01373	0.01623	0.01167	0.01849	0.01042	0.00937	0.02100	0.01657	0.07871	0.01514	0.01691	0.01211	0.00605	0.00591	0.00125	0.00581	0.00485	0.00500	0.71316
110	0.01919	0.01842	0.03147	0.04759	0.67914	0.01842	0.02380	0.02380	0.01765	0.02533	0.01458	0.01919	0.01228	0.00691	0.00768	0.00230	0.00921	0.00691	0.00384	0.01228
111	0.78228	0.01499	0.01140	0.01020	0.01499	0.01739	0.00840	0.02279	0.01320	0.03479	0.01080	0.01260	0.00840	0.00720	0.00480	0.00240	0.00600	0.00420	0.00480	0.00840
112	0.02144	0.02321	0.02703	0.10359	0.39240	0.22359	0.02046	0.02527	0.01876	0.02277	0.01475	0.02042	0.01265	0.00789	0.00759	0.00229	0.01069	0.03050	0.00398	0.01072
113	0.01242	0.00852	0.01109	0.03184	0.01406	0.00837	0.00861	0.06450	0.01705	0.05058	0.03936	0.59068	0.04538	0.02186	0.00960	0.00305	0.00519	0.04336	0.00723	0.00725
114	0.01061	0.00789	0.01090	0.01362	0.06523	0.00755	0.00844	0.01214	0.01473	0.01976	0.03796	0.54939	0.04478	0.11583	0.01366	0.00368	0.00539	0.04526	0.00659	0.00661
115	0.01254	0.01041	0.01319	0.04436	0.07399	0.03856	0.01074	0.01580	0.04529	0.02175	0.05806	0.34476	0.08422	0.04917	0.01074	0.00319	0.00625	0.14298	0.00656	0.00746
116	0.01861	0.01927	0.06710	0.04383	0.58473	0.01800	0.05354	0.02336	0.01735	0.02483	0.01502	0.02045	0.01279	0.03725	0.00907	0.00255	0.00945	0.00714	0.00385	0.01183
117	0.01992	0.01938	0.02838	0.03896	0.48725	0.07097	0.03803	0.05006	0.08735	0.02626	0.01756	0.04944	0.01497	0.00819	0.00778	0.00236	0.00914	0.00766	0.00458	0.01176

[dist]
# distance from previous block
# <min> <max>
0	7

# created by:
# /st0/software/busco_prod/Augustus/scripts/msa2prfl.pl ./align_prep/131091.fa
